bet_date,uid,dealer_id,is_sentinel_dealer,stake_amount,profit_amount,net_pnl,win_rate,n_related_orders,n_rounds_eff,p_base_mix_w,p_base_mix_unw,z_score_w,z_score_unw,z_score,delta_p,eligibility_status,comparison_id,filter_stage,filter_rule_version,cmp_time_window,cmp_population,cmp_label,z_score_alias_status,stake,valid_bet,profit,n_bets,n_rounds,roi,roi_recent,roi_non_recent,roi_ex_rebate,roi_numerator,roi_denominator,roi_denominator_status,rebate_cost,cost_complement_b,pct_complement,pct_top_bet23,agent_formula_version,agent_level_scope,agent_cost_lv1,agent_cost_lv2,agent_cost_lv3,agent_cost_lv4,agent_cost_lv5,agent_pct_lv1,agent_pct_lv2,agent_pct_lv3,agent_pct_lv4,agent_pct_lv5,retain_pct_lv1,retain_pct_lv2,retain_pct_lv3,retain_pct_lv4,retain_pct_lv5,chain_depth_avg,agent_cost_chain_additive,agent_cost_chain_nested,residual_chain_additive,residual_chain_nested,decision_status,admit_to_risk_decision,deliverable_class,agent_cost_a_legacy,agent_cost_valid_base_legacy,ngr,residual_b,residual_a,ngr_rate,residual_b_rate,agent_cost_bet23_formal_canonical,net_margin_bet23_formal_canonical,net_margin_bet23_formal_rate_canonical,agent_cost_lv1_bet23_canonical,agent_cost_lv2_bet24_canonical,agent_cost_lv3_bet25_canonical,agent_cost_lv4_bet26_canonical,agent_cost_lv5_bet27_canonical,net_margin_lv1_bet23_canonical,net_margin_lv1_bet23_rate_canonical,agent_cost_chain_additive_canonical,agent_cost_chain_nested_canonical,net_margin_chain_additive_canonical,net_margin_chain_nested_canonical,net_margin_chain_additive_rate_canonical,net_margin_chain_nested_rate_canonical,residual_a_rate,avg_stake_per_bet,avg_valid_bet_per_round,avg_profit_per_round,avg_profit_per_day,avg_profit_per_shoe,avg_stake_per_active_day,avg_rounds_per_active_day,avg_stake_recent,avg_stake_non_recent,p25_stake,p50_stake,p75_stake,p90_stake,p95_stake,p99_stake,p50_valid_bet,p50_profit,p95_over_p50,p99_over_p50,avg_over_p50,common_table_count,common_dealer_count,common_ip_count,common_product_count,share_recent,hold_rate,hold_rate_recent,rebate_rate_actual,rebate_pct_config,turnover_multiple,free_comm_rate,roi_delta_recent,first_seen,last_seen,active_days,active_shoes,active_sessions,span_days,persistence,ramp_recent_vs_prior,ramp_recent_vs_all,stake_ramp,vip_tier,economic_value,roi_pr_global,risk_value,pr_stake,pr_global,pr_qualified,pr_qualified_population,pr_global_population_n,pr_qualified_population_n,pr_calculation_method,pr_calculation_version,evidence_flag,evidence_rate,hold_ci_halfwidth_approx,action_priority,audit_rn,batch_id,run_id,snapshot_sync_time
2026-04-04,147126913,2142,0,808.8370023299,129.3092165535,129.3092165535,0.6190476,24,23,0.50062807391304348,0.500530934783,1.0853339149613888,1.0862239659109052,1.0853339149613888,0.00009713913004348,ELIGIBLE,R03b_20260811_FULL_v1,L1_ELIGIBILITY,v2026-08-11,2026-03-21..2026-08-06,baccarat_bet02_101_all_pairs_incl_sentinel,round_win = game_pnl > 0 (decisive only),COMPATIBILITY_ONLY_NOT_PRODUCTION,6783.5227,5754.5429,-62.5146,305,262,0.00921565,,0.00921565,0.00921565,62.5146,6783.5227,OK,0.0000,-2.5006,4.0000,96.0000,AG03-UNRESOLVED,ALL5_LEVELS_bet23_to_bet27,-2.5006,-2.5006,-3.1257,-3.1257,-3.1257,4.000000,4.000000,5.000000,5.000000,5.000000,96.000000,96.000000,95.000000,95.000000,95.000000,5.0,-14.3784,-13.1183,-48.1362,-49.3963,PENDING_AG03,FALSE,NOT_FOR_ENFORCEMENT,-60.0140,5524.3612,-62.5146,-60.0140,-2.5006,-0.00921565,-0.00884703,-2.5006,-60.0140,-0.00884703,-2.5006,-2.5006,-3.1257,-3.1257,-3.1257,-60.0140,-0.00884703,-14.3784,-13.1183,-48.1362,-49.3963,-0.00709605,-0.00728181,-0.00036863,22.2411,21.9639,-0.2386,-12.5029,-2.1557,1356.7045,52.4000,,22.2411,10.4704,15.7056,31.4111,41.8815,62.8223,84.941,15.7056,0.0,4.0,5.408336,1.416125,17,35,5,4,0E-8,-0.00921565,,0E-8,0.000000,0.848312,0.000000,,2026-03-31,2026-04-18,5,29,28,19,0.263158,,,0.000000,,,,,,,,GLOBAL_BASELINE_NO_ENTITY_RANKING,,,NOT_APPLICABLE_GLOBAL_BASELINE,HF9g-P5,,,,X 全窗基线 · 不参与实体赏罚,3920001,393,A168_HF9F_20260827_0900,2026-08-27 09:00:00
2026-04-04,147126913,2153,0,107.3214145486,-96.8510326414,-96.8510326414,0E-7,4,4,0.49994810000000000,0.499948100000,-1.7318710300250217,-1.7318710300250217,-1.7318710300250217,0E-17,ELIGIBLE,R03b_20260811_FULL_v1,L1_ELIGIBILITY,v2026-08-11,2026-03-21..2026-08-06,baccarat_bet02_101_all_pairs_incl_sentinel,round_win = game_pnl > 0 (decisive only),COMPATIBILITY_ONLY_NOT_PRODUCTION,6783.5227,5754.5429,-62.5146,305,262,0.00921565,,0.00921565,0.00921565,62.5146,6783.5227,OK,0.0000,-2.5006,4.0000,96.0000,AG03-UNRESOLVED,ALL5_LEVELS_bet23_to_bet27,-2.5006,-2.5006,-3.1257,-3.1257,-3.1257,4.000000,4.000000,5.000000,5.000000,5.000000,96.000000,96.000000,95.000000,95.000000,95.000000,5.0,-14.3784,-13.1183,-48.1362,-49.3963,PENDING_AG03,FALSE,NOT_FOR_ENFORCEMENT,-60.0140,5524.3612,-62.5146,-60.0140,-2.5006,-0.00921565,-0.00884703,-2.5006,-60.0140,-0.00884703,-2.5006,-2.5006,-3.1257,-3.1257,-3.1257,-60.0140,-0.00884703,-14.3784,-13.1183,-48.1362,-49.3963,-0.00709605,-0.00728181,-0.00036863,22.2411,21.9639,-0.2386,-12.5029,-2.1557,1356.7045,52.4000,,22.2411,10.4704,15.7056,31.4111,41.8815,62.8223,84.941,15.7056,0.0,4.0,5.408336,1.416125,17,35,5,4,0E-8,-0.00921565,,0E-8,0.000000,0.848312,0.000000,,2026-03-31,2026-04-18,5,29,28,19,0.263158,,,0.000000,,,,,,,,GLOBAL_BASELINE_NO_ENTITY_RANKING,,,NOT_APPLICABLE_GLOBAL_BASELINE,HF9g-P5,,,,X 全窗基线 · 不参与实体赏罚,3920002,393,A168_HF9F_20260827_0900,2026-08-27 09:00:00
2026-04-04,147126913,2174,0,5.2351909536,-5.2351909536,-5.2351909536,0E-7,1,1,0.49324550000000000,0.493245500000,-0.9865810262130424,-0.9865810262130424,-0.9865810262130424,0E-17,ELIGIBLE,R03b_20260811_FULL_v1,L1_ELIGIBILITY,v2026-08-11,2026-03-21..2026-08-06,baccarat_bet02_101_all_pairs_incl_sentinel,round_win = game_pnl > 0 (decisive only),COMPATIBILITY_ONLY_NOT_PRODUCTION,6783.5227,5754.5429,-62.5146,305,262,0.00921565,,0.00921565,0.00921565,62.5146,6783.5227,OK,0.0000,-2.5006,4.0000,96.0000,AG03-UNRESOLVED,ALL5_LEVELS_bet23_to_bet27,-2.5006,-2.5006,-3.1257,-3.1257,-3.1257,4.000000,4.000000,5.000000,5.000000,5.000000,96.000000,96.000000,95.000000,95.000000,95.000000,5.0,-14.3784,-13.1183,-48.1362,-49.3963,PENDING_AG03,FALSE,NOT_FOR_ENFORCEMENT,-60.0140,5524.3612,-62.5146,-60.0140,-2.5006,-0.00921565,-0.00884703,-2.5006,-60.0140,-0.00884703,-2.5006,-2.5006,-3.1257,-3.1257,-3.1257,-60.0140,-0.00884703,-14.3784,-13.1183,-48.1362,-49.3963,-0.00709605,-0.00728181,-0.00036863,22.2411,21.9639,-0.2386,-12.5029,-2.1557,1356.7045,52.4000,,22.2411,10.4704,15.7056,31.4111,41.8815,62.8223,84.941,15.7056,0.0,4.0,5.408336,1.416125,17,35,5,4,0E-8,-0.00921565,,0E-8,0.000000,0.848312,0.000000,,2026-03-31,2026-04-18,5,29,28,19,0.263158,,,0.000000,,,,,,,,GLOBAL_BASELINE_NO_ENTITY_RANKING,,,NOT_APPLICABLE_GLOBAL_BASELINE,HF9g-P5,,,,X 全窗基线 · 不参与实体赏罚,3920003,393,A168_HF9F_20260827_0900,2026-08-27 09:00:00
2026-04-04,147126913,2222,0,115.1742009791,-20.9407638144,-20.9407638144,0.3333333,5,5,0.50128862000000000,0.501288620000,-0.5818161120757372,-0.5818161120757372,-0.5818161120757372,0E-17,ELIGIBLE,R03b_20260811_FULL_v1,L1_ELIGIBILITY,v2026-08-11,2026-03-21..2026-08-06,baccarat_bet02_101_all_pairs_incl_sentinel,round_win = game_pnl > 0 (decisive only),COMPATIBILITY_ONLY_NOT_PRODUCTION,6783.5227,5754.5429,-62.5146,305,262,0.00921565,,0.00921565,0.00921565,62.5146,6783.5227,OK,0.0000,-2.5006,4.0000,96.0000,AG03-UNRESOLVED,ALL5_LEVELS_bet23_to_bet27,-2.5006,-2.5006,-3.1257,-3.1257,-3.1257,4.000000,4.000000,5.000000,5.000000,5.000000,96.000000,96.000000,95.000000,95.000000,95.000000,5.0,-14.3784,-13.1183,-48.1362,-49.3963,PENDING_AG03,FALSE,NOT_FOR_ENFORCEMENT,-60.0140,5524.3612,-62.5146,-60.0140,-2.5006,-0.00921565,-0.00884703,-2.5006,-60.0140,-0.00884703,-2.5006,-2.5006,-3.1257,-3.1257,-3.1257,-60.0140,-0.00884703,-14.3784,-13.1183,-48.1362,-49.3963,-0.00709605,-0.00728181,-0.00036863,22.2411,21.9639,-0.2386,-12.5029,-2.1557,1356.7045,52.4000,,22.2411,10.4704,15.7056,31.4111,41.8815,62.8223,84.941,15.7056,0.0,4.0,5.408336,1.416125,17,35,5,4,0E-8,-0.00921565,,0E-8,0.000000,0.848312,0.000000,,2026-03-31,2026-04-18,5,29,28,19,0.263158,,,0.000000,,,,,,,,GLOBAL_BASELINE_NO_ENTITY_RANKING,,,NOT_APPLICABLE_GLOBAL_BASELINE,HF9g-P5,,,,X 全窗基线 · 不参与实体赏罚,3920004,393,A168_HF9F_20260827_0900,2026-08-27 09:00:00
2026-04-04,147126913,2252,0,198.9372562364,-38.2168939612,-38.2168939612,0.5000000,3,3,0.50218230000000000,0.502182300000,-0.00617253530718887,-0.00617253530718887,-0.00617253530718887,0E-17,ELIGIBLE,R03b_20260811_FULL_v1,L1_ELIGIBILITY,v2026-08-11,2026-03-21..2026-08-06,baccarat_bet02_101_all_pairs_incl_sentinel,round_win = game_pnl > 0 (decisive only),COMPATIBILITY_ONLY_NOT_PRODUCTION,6783.5227,5754.5429,-62.5146,305,262,0.00921565,,0.00921565,0.00921565,62.5146,6783.5227,OK,0.0000,-2.5006,4.0000,96.0000,AG03-UNRESOLVED,ALL5_LEVELS_bet23_to_bet27,-2.5006,-2.5006,-3.1257,-3.1257,-3.1257,4.000000,4.000000,5.000000,5.000000,5.000000,96.000000,96.000000,95.000000,95.000000,95.000000,5.0,-14.3784,-13.1183,-48.1362,-49.3963,PENDING_AG03,FALSE,NOT_FOR_ENFORCEMENT,-60.0140,5524.3612,-62.5146,-60.0140,-2.5006,-0.00921565,-0.00884703,-2.5006,-60.0140,-0.00884703,-2.5006,-2.5006,-3.1257,-3.1257,-3.1257,-60.0140,-0.00884703,-14.3784,-13.1183,-48.1362,-49.3963,-0.00709605,-0.00728181,-0.00036863,22.2411,21.9639,-0.2386,-12.5029,-2.1557,1356.7045,52.4000,,22.2411,10.4704,15.7056,31.4111,41.8815,62.8223,84.941,15.7056,0.0,4.0,5.408336,1.416125,17,35,5,4,0E-8,-0.00921565,,0E-8,0.000000,0.848312,0.000000,,2026-03-31,2026-04-18,5,29,28,19,0.263158,,,0.000000,,,,,,,,GLOBAL_BASELINE_NO_ENTITY_RANKING,,,NOT_APPLICABLE_GLOBAL_BASELINE,HF9g-P5,,,,X 全窗基线 · 不参与实体赏罚,3920005,393,A168_HF9F_20260827_0900,2026-08-27 09:00:00
2026-04-06,147126913,1505,0,39.2639321520,-8.2454257519,-8.2454257519,0.5000000,6,6,0.49994810000000000,0.499948100000,0.00025425703667063243,0.00025425703667063243,0.00025425703667063243,0E-17,ELIGIBLE,R03b_20260811_FULL_v1,L1_ELIGIBILITY,v2026-08-11,2026-03-21..2026-08-06,baccarat_bet02_101_all_pairs_incl_sentinel,round_win = game_pnl > 0 (decisive only),COMPATIBILITY_ONLY_NOT_PRODUCTION,6783.5227,5754.5429,-62.5146,305,262,0.00921565,,0.00921565,0.00921565,62.5146,6783.5227,OK,0.0000,-2.5006,4.0000,96.0000,AG03-UNRESOLVED,ALL5_LEVELS_bet23_to_bet27,-2.5006,-2.5006,-3.1257,-3.1257,-3.1257,4.000000,4.000000,5.000000,5.000000,5.000000,96.000000,96.000000,95.000000,95.000000,95.000000,5.0,-14.3784,-13.1183,-48.1362,-49.3963,PENDING_AG03,FALSE,NOT_FOR_ENFORCEMENT,-60.0140,5524.3612,-62.5146,-60.0140,-2.5006,-0.00921565,-0.00884703,-2.5006,-60.0140,-0.00884703,-2.5006,-2.5006,-3.1257,-3.1257,-3.1257,-60.0140,-0.00884703,-14.3784,-13.1183,-48.1362,-49.3963,-0.00709605,-0.00728181,-0.00036863,22.2411,21.9639,-0.2386,-12.5029,-2.1557,1356.7045,52.4000,,22.2411,10.4704,15.7056,31.4111,41.8815,62.8223,84.941,15.7056,0.0,4.0,5.408336,1.416125,17,35,5,4,0E-8,-0.00921565,,0E-8,0.000000,0.848312,0.000000,,2026-03-31,2026-04-18,5,29,28,19,0.263158,,,0.000000,,,,,,,,GLOBAL_BASELINE_NO_ENTITY_RANKING,,,NOT_APPLICABLE_GLOBAL_BASELINE,HF9g-P5,,,,X 全窗基线 · 不参与实体赏罚,3920006,393,A168_HF9F_20260827_0900,2026-08-27 09:00:00
2026-04-06,147126913,986,0,36.1228175798,25.1289165772,25.1289165772,0.7500000,4,4,0.49659680000000000,0.496596800000,1.0136362796769356,1.0136362796769358,1.0136362796769356,0E-17,ELIGIBLE,R03b_20260811_FULL_v1,L1_ELIGIBILITY,v2026-08-11,2026-03-21..2026-08-06,baccarat_bet02_101_all_pairs_incl_sentinel,round_win = game_pnl > 0 (decisive only),COMPATIBILITY_ONLY_NOT_PRODUCTION,6783.5227,5754.5429,-62.5146,305,262,0.00921565,,0.00921565,0.00921565,62.5146,6783.5227,OK,0.0000,-2.5006,4.0000,96.0000,AG03-UNRESOLVED,ALL5_LEVELS_bet23_to_bet27,-2.5006,-2.5006,-3.1257,-3.1257,-3.1257,4.000000,4.000000,5.000000,5.000000,5.000000,96.000000,96.000000,95.000000,95.000000,95.000000,5.0,-14.3784,-13.1183,-48.1362,-49.3963,PENDING_AG03,FALSE,NOT_FOR_ENFORCEMENT,-60.0140,5524.3612,-62.5146,-60.0140,-2.5006,-0.00921565,-0.00884703,-2.5006,-60.0140,-0.00884703,-2.5006,-2.5006,-3.1257,-3.1257,-3.1257,-60.0140,-0.00884703,-14.3784,-13.1183,-48.1362,-49.3963,-0.00709605,-0.00728181,-0.00036863,22.2411,21.9639,-0.2386,-12.5029,-2.1557,1356.7045,52.4000,,22.2411,10.4704,15.7056,31.4111,41.8815,62.8223,84.941,15.7056,0.0,4.0,5.408336,1.416125,17,35,5,4,0E-8,-0.00921565,,0E-8,0.000000,0.848312,0.000000,,2026-03-31,2026-04-18,5,29,28,19,0.263158,,,0.000000,,,,,,,,GLOBAL_BASELINE_NO_ENTITY_RANKING,,,NOT_APPLICABLE_GLOBAL_BASELINE,HF9g-P5,,,,X 全窗基线 · 不参与实体赏罚,3920007,393,A168_HF9F_20260827_0900,2026-08-27 09:00:00
2026-04-17,147126913,-1,1,549.6950501274,15.0511739915,15.0511739915,0.5625000,31,18,0.42188841183660424,0.390919197222,1.1388760737031165,1.4065258940389738,1.1388760737031165,0.03096921461460424,SENTINEL_DEALER,R03b_20260811_FULL_v1,L1_ELIGIBILITY,v2026-08-11,2026-03-21..2026-08-06,baccarat_bet02_101_all_pairs_incl_sentinel,round_win = game_pnl > 0 (decisive only),COMPATIBILITY_ONLY_NOT_PRODUCTION,6783.5227,5754.5429,-62.5146,305,262,0.00921565,,0.00921565,0.00921565,62.5146,6783.5227,OK,0.0000,-2.5006,4.0000,96.0000,AG03-UNRESOLVED,ALL5_LEVELS_bet23_to_bet27,-2.5006,-2.5006,-3.1257,-3.1257,-3.1257,4.000000,4.000000,5.000000,5.000000,5.000000,96.000000,96.000000,95.000000,95.000000,95.000000,5.0,-14.3784,-13.1183,-48.1362,-49.3963,PENDING_AG03,FALSE,NOT_FOR_ENFORCEMENT,-60.0140,5524.3612,-62.5146,-60.0140,-2.5006,-0.00921565,-0.00884703,-2.5006,-60.0140,-0.00884703,-2.5006,-2.5006,-3.1257,-3.1257,-3.1257,-60.0140,-0.00884703,-14.3784,-13.1183,-48.1362,-49.3963,-0.00709605,-0.00728181,-0.00036863,22.2411,21.9639,-0.2386,-12.5029,-2.1557,1356.7045,52.4000,,22.2411,10.4704,15.7056,31.4111,41.8815,62.8223,84.941,15.7056,0.0,4.0,5.408336,1.416125,17,35,5,4,0E-8,-0.00921565,,0E-8,0.000000,0.848312,0.000000,,2026-03-31,2026-04-18,5,29,28,19,0.263158,,,0.000000,,,,,,,,GLOBAL_BASELINE_NO_ENTITY_RANKING,,,NOT_APPLICABLE_GLOBAL_BASELINE,HF9g-P5,,,,X 全窗基线 · 不参与实体赏罚,3920008,393,A168_HF9F_20260827_0900,2026-08-27 09:00:00
2026-04-17,147126913,1151,0,41.8815276288,4.4499123105,4.4499123105,1.0000000,4,2,0.31787784500000000,0.297275450000,1.4648762830504505,1.5374926221634755,1.4648762830504505,0.02060239500000000,ELIGIBLE,R03b_20260811_FULL_v1,L1_ELIGIBILITY,v2026-08-11,2026-03-21..2026-08-06,baccarat_bet02_101_all_pairs_incl_sentinel,round_win = game_pnl > 0 (decisive only),COMPATIBILITY_ONLY_NOT_PRODUCTION,6783.5227,5754.5429,-62.5146,305,262,0.00921565,,0.00921565,0.00921565,62.5146,6783.5227,OK,0.0000,-2.5006,4.0000,96.0000,AG03-UNRESOLVED,ALL5_LEVELS_bet23_to_bet27,-2.5006,-2.5006,-3.1257,-3.1257,-3.1257,4.000000,4.000000,5.000000,5.000000,5.000000,96.000000,96.000000,95.000000,95.000000,95.000000,5.0,-14.3784,-13.1183,-48.1362,-49.3963,PENDING_AG03,FALSE,NOT_FOR_ENFORCEMENT,-60.0140,5524.3612,-62.5146,-60.0140,-2.5006,-0.00921565,-0.00884703,-2.5006,-60.0140,-0.00884703,-2.5006,-2.5006,-3.1257,-3.1257,-3.1257,-60.0140,-0.00884703,-14.3784,-13.1183,-48.1362,-49.3963,-0.00709605,-0.00728181,-0.00036863,22.2411,21.9639,-0.2386,-12.5029,-2.1557,1356.7045,52.4000,,22.2411,10.4704,15.7056,31.4111,41.8815,62.8223,84.941,15.7056,0.0,4.0,5.408336,1.416125,17,35,5,4,0E-8,-0.00921565,,0E-8,0.000000,0.848312,0.000000,,2026-03-31,2026-04-18,5,29,28,19,0.263158,,,0.000000,,,,,,,,GLOBAL_BASELINE_NO_ENTITY_RANKING,,,NOT_APPLICABLE_GLOBAL_BASELINE,HF9g-P5,,,,X 全窗基线 · 不参与实体赏罚,3920009,393,A168_HF9F_20260827_0900,2026-08-27 09:00:00
2026-04-17,147126913,1205,0,392.6393215194,47.9019972254,47.9019972254,0.6153846,19,17,0.49001629294117647,0.475709988235,0.9042241037499515,1.0083986828938176,0.9042241037499515,0.01430630470617647,ELIGIBLE,R03b_20260811_FULL_v1,L1_ELIGIBILITY,v2026-08-11,2026-03-21..2026-08-06,baccarat_bet02_101_all_pairs_incl_sentinel,round_win = game_pnl > 0 (decisive only),COMPATIBILITY_ONLY_NOT_PRODUCTION,6783.5227,5754.5429,-62.5146,305,262,0.00921565,,0.00921565,0.00921565,62.5146,6783.5227,OK,0.0000,-2.5006,4.0000,96.0000,AG03-UNRESOLVED,ALL5_LEVELS_bet23_to_bet27,-2.5006,-2.5006,-3.1257,-3.1257,-3.1257,4.000000,4.000000,5.000000,5.000000,5.000000,96.000000,96.000000,95.000000,95.000000,95.000000,5.0,-14.3784,-13.1183,-48.1362,-49.3963,PENDING_AG03,FALSE,NOT_FOR_ENFORCEMENT,-60.0140,5524.3612,-62.5146,-60.0140,-2.5006,-0.00921565,-0.00884703,-2.5006,-60.0140,-0.00884703,-2.5006,-2.5006,-3.1257,-3.1257,-3.1257,-60.0140,-0.00884703,-14.3784,-13.1183,-48.1362,-49.3963,-0.00709605,-0.00728181,-0.00036863,22.2411,21.9639,-0.2386,-12.5029,-2.1557,1356.7045,52.4000,,22.2411,10.4704,15.7056,31.4111,41.8815,62.8223,84.941,15.7056,0.0,4.0,5.408336,1.416125,17,35,5,4,0E-8,-0.00921565,,0E-8,0.000000,0.848312,0.000000,,2026-03-31,2026-04-18,5,29,28,19,0.263158,,,0.000000,,,,,,,,GLOBAL_BASELINE_NO_ENTITY_RANKING,,,NOT_APPLICABLE_GLOBAL_BASELINE,HF9g-P5,,,,X 全窗基线 · 不参与实体赏罚,3920010,393,A168_HF9F_20260827_0900,2026-08-27 09:00:00
2026-04-17,147126913,1382,0,130.8797738400,40.3109703425,40.3109703425,0.5555556,14,10,0.45036113675000000,0.420889820000,0.6343001053388087,0.8183018854036735,0.6343001053388087,0.02947131675000000,ELIGIBLE,R03b_20260811_FULL_v1,L1_ELIGIBILITY,v2026-08-11,2026-03-21..2026-08-06,baccarat_bet02_101_all_pairs_incl_sentinel,round_win = game_pnl > 0 (decisive only),COMPATIBILITY_ONLY_NOT_PRODUCTION,6783.5227,5754.5429,-62.5146,305,262,0.00921565,,0.00921565,0.00921565,62.5146,6783.5227,OK,0.0000,-2.5006,4.0000,96.0000,AG03-UNRESOLVED,ALL5_LEVELS_bet23_to_bet27,-2.5006,-2.5006,-3.1257,-3.1257,-3.1257,4.000000,4.000000,5.000000,5.000000,5.000000,96.000000,96.000000,95.000000,95.000000,95.000000,5.0,-14.3784,-13.1183,-48.1362,-49.3963,PENDING_AG03,FALSE,NOT_FOR_ENFORCEMENT,-60.0140,5524.3612,-62.5146,-60.0140,-2.5006,-0.00921565,-0.00884703,-2.5006,-60.0140,-0.00884703,-2.5006,-2.5006,-3.1257,-3.1257,-3.1257,-60.0140,-0.00884703,-14.3784,-13.1183,-48.1362,-49.3963,-0.00709605,-0.00728181,-0.00036863,22.2411,21.9639,-0.2386,-12.5029,-2.1557,1356.7045,52.4000,,22.2411,10.4704,15.7056,31.4111,41.8815,62.8223,84.941,15.7056,0.0,4.0,5.408336,1.416125,17,35,5,4,0E-8,-0.00921565,,0E-8,0.000000,0.848312,0.000000,,2026-03-31,2026-04-18,5,29,28,19,0.263158,,,0.000000,,,,,,,,GLOBAL_BASELINE_NO_ENTITY_RANKING,,,NOT_APPLICABLE_GLOBAL_BASELINE,HF9g-P5,,,,X 全窗基线 · 不参与实体赏罚,3920011,393,A168_HF9F_20260827_0900,2026-08-27 09:00:00
2026-04-17,147126913,1402,0,565.4006229879,52.3519095358,52.3519095358,0.5000000,9,8,0.50294663157894701,0.502461575000,-0.0166689548325582,-0.01392493975242536,-0.0166689548325582,0.00048505657894701,ELIGIBLE,R03b_20260811_FULL_v1,L1_ELIGIBILITY,v2026-08-11,2026-03-21..2026-08-06,baccarat_bet02_101_all_pairs_incl_sentinel,round_win = game_pnl > 0 (decisive only),COMPATIBILITY_ONLY_NOT_PRODUCTION,6783.5227,5754.5429,-62.5146,305,262,0.00921565,,0.00921565,0.00921565,62.5146,6783.5227,OK,0.0000,-2.5006,4.0000,96.0000,AG03-UNRESOLVED,ALL5_LEVELS_bet23_to_bet27,-2.5006,-2.5006,-3.1257,-3.1257,-3.1257,4.000000,4.000000,5.000000,5.000000,5.000000,96.000000,96.000000,95.000000,95.000000,95.000000,5.0,-14.3784,-13.1183,-48.1362,-49.3963,PENDING_AG03,FALSE,NOT_FOR_ENFORCEMENT,-60.0140,5524.3612,-62.5146,-60.0140,-2.5006,-0.00921565,-0.00884703,-2.5006,-60.0140,-0.00884703,-2.5006,-2.5006,-3.1257,-3.1257,-3.1257,-60.0140,-0.00884703,-14.3784,-13.1183,-48.1362,-49.3963,-0.00709605,-0.00728181,-0.00036863,22.2411,21.9639,-0.2386,-12.5029,-2.1557,1356.7045,52.4000,,22.2411,10.4704,15.7056,31.4111,41.8815,62.8223,84.941,15.7056,0.0,4.0,5.408336,1.416125,17,35,5,4,0E-8,-0.00921565,,0E-8,0.000000,0.848312,0.000000,,2026-03-31,2026-04-18,5,29,28,19,0.263158,,,0.000000,,,,,,,,GLOBAL_BASELINE_NO_ENTITY_RANKING,,,NOT_APPLICABLE_GLOBAL_BASELINE,HF9g-P5,,,,X 全窗基线 · 不参与实体赏罚,3920012,393,A168_HF9F_20260827_0900,2026-08-27 09:00:00
2026-04-17,147126913,1942,0,162.2909195614,207.8370808576,207.8370808576,1.0000000,9,5,0.40746248057136599,0.335128940000,2.6964918829457654,3.14954451235431,2.6964918829457654,0.07233354057136599,ELIGIBLE,R03b_20260811_FULL_v1,L1_ELIGIBILITY,v2026-08-11,2026-03-21..2026-08-06,baccarat_bet02_101_all_pairs_incl_sentinel,round_win = game_pnl > 0 (decisive only),COMPATIBILITY_ONLY_NOT_PRODUCTION,6783.5227,5754.5429,-62.5146,305,262,0.00921565,,0.00921565,0.00921565,62.5146,6783.5227,OK,0.0000,-2.5006,4.0000,96.0000,AG03-UNRESOLVED,ALL5_LEVELS_bet23_to_bet27,-2.5006,-2.5006,-3.1257,-3.1257,-3.1257,4.000000,4.000000,5.000000,5.000000,5.000000,96.000000,96.000000,95.000000,95.000000,95.000000,5.0,-14.3784,-13.1183,-48.1362,-49.3963,PENDING_AG03,FALSE,NOT_FOR_ENFORCEMENT,-60.0140,5524.3612,-62.5146,-60.0140,-2.5006,-0.00921565,-0.00884703,-2.5006,-60.0140,-0.00884703,-2.5006,-2.5006,-3.1257,-3.1257,-3.1257,-60.0140,-0.00884703,-14.3784,-13.1183,-48.1362,-49.3963,-0.00709605,-0.00728181,-0.00036863,22.2411,21.9639,-0.2386,-12.5029,-2.1557,1356.7045,52.4000,,22.2411,10.4704,15.7056,31.4111,41.8815,62.8223,84.941,15.7056,0.0,4.0,5.408336,1.416125,17,35,5,4,0E-8,-0.00921565,,0E-8,0.000000,0.848312,0.000000,,2026-03-31,2026-04-18,5,29,28,19,0.263158,,,0.000000,,,,,,,,GLOBAL_BASELINE_NO_ENTITY_RANKING,,,NOT_APPLICABLE_GLOBAL_BASELINE,HF9g-P5,,,,X 全窗基线 · 不参与实体赏罚,3920013,393,A168_HF9F_20260827_0900,2026-08-27 09:00:00
2026-04-17,147126913,2084,0,117.7917964558,13.0879773840,13.0879773840,1.0000000,7,5,0.49860758000000160,0.498607580000,1.0027887284882089,1.002788728488212,1.0027887284882089,1.60E-15,ELIGIBLE,R03b_20260811_FULL_v1,L1_ELIGIBILITY,v2026-08-11,2026-03-21..2026-08-06,baccarat_bet02_101_all_pairs_incl_sentinel,round_win = game_pnl > 0 (decisive only),COMPATIBILITY_ONLY_NOT_PRODUCTION,6783.5227,5754.5429,-62.5146,305,262,0.00921565,,0.00921565,0.00921565,62.5146,6783.5227,OK,0.0000,-2.5006,4.0000,96.0000,AG03-UNRESOLVED,ALL5_LEVELS_bet23_to_bet27,-2.5006,-2.5006,-3.1257,-3.1257,-3.1257,4.000000,4.000000,5.000000,5.000000,5.000000,96.000000,96.000000,95.000000,95.000000,95.000000,5.0,-14.3784,-13.1183,-48.1362,-49.3963,PENDING_AG03,FALSE,NOT_FOR_ENFORCEMENT,-60.0140,5524.3612,-62.5146,-60.0140,-2.5006,-0.00921565,-0.00884703,-2.5006,-60.0140,-0.00884703,-2.5006,-2.5006,-3.1257,-3.1257,-3.1257,-60.0140,-0.00884703,-14.3784,-13.1183,-48.1362,-49.3963,-0.00709605,-0.00728181,-0.00036863,22.2411,21.9639,-0.2386,-12.5029,-2.1557,1356.7045,52.4000,,22.2411,10.4704,15.7056,31.4111,41.8815,62.8223,84.941,15.7056,0.0,4.0,5.408336,1.416125,17,35,5,4,0E-8,-0.00921565,,0E-8,0.000000,0.848312,0.000000,,2026-03-31,2026-04-18,5,29,28,19,0.263158,,,0.000000,,,,,,,,GLOBAL_BASELINE_NO_ENTITY_RANKING,,,NOT_APPLICABLE_GLOBAL_BASELINE,HF9g-P5,,,,X 全窗基线 · 不参与实体赏罚,3920014,393,A168_HF9F_20260827_0900,2026-08-27 09:00:00
2026-04-17,147126913,2103,0,390.0217260427,102.7406224640,102.7406224640,0.6923077,16,14,0.50075932738095283,0.500905614286,1.3812764957776889,1.380222277020362,1.3812764957776889,-0.00014628690504717,ELIGIBLE,R03b_20260811_FULL_v1,L1_ELIGIBILITY,v2026-08-11,2026-03-21..2026-08-06,baccarat_bet02_101_all_pairs_incl_sentinel,round_win = game_pnl > 0 (decisive only),COMPATIBILITY_ONLY_NOT_PRODUCTION,6783.5227,5754.5429,-62.5146,305,262,0.00921565,,0.00921565,0.00921565,62.5146,6783.5227,OK,0.0000,-2.5006,4.0000,96.0000,AG03-UNRESOLVED,ALL5_LEVELS_bet23_to_bet27,-2.5006,-2.5006,-3.1257,-3.1257,-3.1257,4.000000,4.000000,5.000000,5.000000,5.000000,96.000000,96.000000,95.000000,95.000000,95.000000,5.0,-14.3784,-13.1183,-48.1362,-49.3963,PENDING_AG03,FALSE,NOT_FOR_ENFORCEMENT,-60.0140,5524.3612,-62.5146,-60.0140,-2.5006,-0.00921565,-0.00884703,-2.5006,-60.0140,-0.00884703,-2.5006,-2.5006,-3.1257,-3.1257,-3.1257,-60.0140,-0.00884703,-14.3784,-13.1183,-48.1362,-49.3963,-0.00709605,-0.00728181,-0.00036863,22.2411,21.9639,-0.2386,-12.5029,-2.1557,1356.7045,52.4000,,22.2411,10.4704,15.7056,31.4111,41.8815,62.8223,84.941,15.7056,0.0,4.0,5.408336,1.416125,17,35,5,4,0E-8,-0.00921565,,0E-8,0.000000,0.848312,0.000000,,2026-03-31,2026-04-18,5,29,28,19,0.263158,,,0.000000,,,,,,,,GLOBAL_BASELINE_NO_ENTITY_RANKING,,,NOT_APPLICABLE_GLOBAL_BASELINE,HF9g-P5,,,,X 全窗基线 · 不参与实体赏罚,3920015,393,A168_HF9F_20260827_0900,2026-08-27 09:00:00
2026-04-17,147126913,2266,0,225.1132110044,-40.8344894380,-40.8344894380,0.4285714,9,7,0.48294536476905347,0.440126600000,-0.2878873448658942,-0.06158737407605063,-0.2878873448658942,0.04281876476905347,ELIGIBLE,R03b_20260811_FULL_v1,L1_ELIGIBILITY,v2026-08-11,2026-03-21..2026-08-06,baccarat_bet02_101_all_pairs_incl_sentinel,round_win = game_pnl > 0 (decisive only),COMPATIBILITY_ONLY_NOT_PRODUCTION,6783.5227,5754.5429,-62.5146,305,262,0.00921565,,0.00921565,0.00921565,62.5146,6783.5227,OK,0.0000,-2.5006,4.0000,96.0000,AG03-UNRESOLVED,ALL5_LEVELS_bet23_to_bet27,-2.5006,-2.5006,-3.1257,-3.1257,-3.1257,4.000000,4.000000,5.000000,5.000000,5.000000,96.000000,96.000000,95.000000,95.000000,95.000000,5.0,-14.3784,-13.1183,-48.1362,-49.3963,PENDING_AG03,FALSE,NOT_FOR_ENFORCEMENT,-60.0140,5524.3612,-62.5146,-60.0140,-2.5006,-0.00921565,-0.00884703,-2.5006,-60.0140,-0.00884703,-2.5006,-2.5006,-3.1257,-3.1257,-3.1257,-60.0140,-0.00884703,-14.3784,-13.1183,-48.1362,-49.3963,-0.00709605,-0.00728181,-0.00036863,22.2411,21.9639,-0.2386,-12.5029,-2.1557,1356.7045,52.4000,,22.2411,10.4704,15.7056,31.4111,41.8815,62.8223,84.941,15.7056,0.0,4.0,5.408336,1.416125,17,35,5,4,0E-8,-0.00921565,,0E-8,0.000000,0.848312,0.000000,,2026-03-31,2026-04-18,5,29,28,19,0.263158,,,0.000000,,,,,,,,GLOBAL_BASELINE_NO_ENTITY_RANKING,,,NOT_APPLICABLE_GLOBAL_BASELINE,HF9g-P5,,,,X 全窗基线 · 不参与实体赏罚,3920016,393,A168_HF9F_20260827_0900,2026-08-27 09:00:00
2026-04-17,147126913,986,0,264.3771431566,107.4522943222,107.4522943222,0.5000000,16,9,0.38739722698410174,0.328418127778,0.6537720448272639,1.0333640600868257,0.6537720448272639,0.05897909920610174,ELIGIBLE,R03b_20260811_FULL_v1,L1_ELIGIBILITY,v2026-08-11,2026-03-21..2026-08-06,baccarat_bet02_101_all_pairs_incl_sentinel,round_win = game_pnl > 0 (decisive only),COMPATIBILITY_ONLY_NOT_PRODUCTION,6783.5227,5754.5429,-62.5146,305,262,0.00921565,,0.00921565,0.00921565,62.5146,6783.5227,OK,0.0000,-2.5006,4.0000,96.0000,AG03-UNRESOLVED,ALL5_LEVELS_bet23_to_bet27,-2.5006,-2.5006,-3.1257,-3.1257,-3.1257,4.000000,4.000000,5.000000,5.000000,5.000000,96.000000,96.000000,95.000000,95.000000,95.000000,5.0,-14.3784,-13.1183,-48.1362,-49.3963,PENDING_AG03,FALSE,NOT_FOR_ENFORCEMENT,-60.0140,5524.3612,-62.5146,-60.0140,-2.5006,-0.00921565,-0.00884703,-2.5006,-60.0140,-0.00884703,-2.5006,-2.5006,-3.1257,-3.1257,-3.1257,-60.0140,-0.00884703,-14.3784,-13.1183,-48.1362,-49.3963,-0.00709605,-0.00728181,-0.00036863,22.2411,21.9639,-0.2386,-12.5029,-2.1557,1356.7045,52.4000,,22.2411,10.4704,15.7056,31.4111,41.8815,62.8223,84.941,15.7056,0.0,4.0,5.408336,1.416125,17,35,5,4,0E-8,-0.00921565,,0E-8,0.000000,0.848312,0.000000,,2026-03-31,2026-04-18,5,29,28,19,0.263158,,,0.000000,,,,,,,,GLOBAL_BASELINE_NO_ENTITY_RANKING,,,NOT_APPLICABLE_GLOBAL_BASELINE,HF9g-P5,,,,X 全窗基线 · 不参与实体赏罚,3920017,393,A168_HF9F_20260827_0900,2026-08-27 09:00:00
2026-04-18,147126913,-1,1,57.5871004895,-57.5871004895,-57.5871004895,0E-7,3,3,0.49771390000000000,0.497713900000,-1.724149546644903,-1.724149546644903,-1.724149546644903,0E-17,SENTINEL_DEALER,R03b_20260811_FULL_v1,L1_ELIGIBILITY,v2026-08-11,2026-03-21..2026-08-06,baccarat_bet02_101_all_pairs_incl_sentinel,round_win = game_pnl > 0 (decisive only),COMPATIBILITY_ONLY_NOT_PRODUCTION,6783.5227,5754.5429,-62.5146,305,262,0.00921565,,0.00921565,0.00921565,62.5146,6783.5227,OK,0.0000,-2.5006,4.0000,96.0000,AG03-UNRESOLVED,ALL5_LEVELS_bet23_to_bet27,-2.5006,-2.5006,-3.1257,-3.1257,-3.1257,4.000000,4.000000,5.000000,5.000000,5.000000,96.000000,96.000000,95.000000,95.000000,95.000000,5.0,-14.3784,-13.1183,-48.1362,-49.3963,PENDING_AG03,FALSE,NOT_FOR_ENFORCEMENT,-60.0140,5524.3612,-62.5146,-60.0140,-2.5006,-0.00921565,-0.00884703,-2.5006,-60.0140,-0.00884703,-2.5006,-2.5006,-3.1257,-3.1257,-3.1257,-60.0140,-0.00884703,-14.3784,-13.1183,-48.1362,-49.3963,-0.00709605,-0.00728181,-0.00036863,22.2411,21.9639,-0.2386,-12.5029,-2.1557,1356.7045,52.4000,,22.2411,10.4704,15.7056,31.4111,41.8815,62.8223,84.941,15.7056,0.0,4.0,5.408336,1.416125,17,35,5,4,0E-8,-0.00921565,,0E-8,0.000000,0.848312,0.000000,,2026-03-31,2026-04-18,5,29,28,19,0.263158,,,0.000000,,,,,,,,GLOBAL_BASELINE_NO_ENTITY_RANKING,,,NOT_APPLICABLE_GLOBAL_BASELINE,HF9g-P5,,,,X 全窗基线 · 不参与实体赏罚,3920018,393,A168_HF9F_20260827_0900,2026-08-27 09:00:00
2026-04-18,147126913,1115,0,198.9372562365,78.5278643037,78.5278643037,0.4285714,7,7,0.50090561428571429,0.500905614286,-0.38275716120403624,-0.38275716120554854,-0.38275716120403624,-2.8571E-13,ELIGIBLE,R03b_20260811_FULL_v1,L1_ELIGIBILITY,v2026-08-11,2026-03-21..2026-08-06,baccarat_bet02_101_all_pairs_incl_sentinel,round_win = game_pnl > 0 (decisive only),COMPATIBILITY_ONLY_NOT_PRODUCTION,6783.5227,5754.5429,-62.5146,305,262,0.00921565,,0.00921565,0.00921565,62.5146,6783.5227,OK,0.0000,-2.5006,4.0000,96.0000,AG03-UNRESOLVED,ALL5_LEVELS_bet23_to_bet27,-2.5006,-2.5006,-3.1257,-3.1257,-3.1257,4.000000,4.000000,5.000000,5.000000,5.000000,96.000000,96.000000,95.000000,95.000000,95.000000,5.0,-14.3784,-13.1183,-48.1362,-49.3963,PENDING_AG03,FALSE,NOT_FOR_ENFORCEMENT,-60.0140,5524.3612,-62.5146,-60.0140,-2.5006,-0.00921565,-0.00884703,-2.5006,-60.0140,-0.00884703,-2.5006,-2.5006,-3.1257,-3.1257,-3.1257,-60.0140,-0.00884703,-14.3784,-13.1183,-48.1362,-49.3963,-0.00709605,-0.00728181,-0.00036863,22.2411,21.9639,-0.2386,-12.5029,-2.1557,1356.7045,52.4000,,22.2411,10.4704,15.7056,31.4111,41.8815,62.8223,84.941,15.7056,0.0,4.0,5.408336,1.416125,17,35,5,4,0E-8,-0.00921565,,0E-8,0.000000,0.848312,0.000000,,2026-03-31,2026-04-18,5,29,28,19,0.263158,,,0.000000,,,,,,,,GLOBAL_BASELINE_NO_ENTITY_RANKING,,,NOT_APPLICABLE_GLOBAL_BASELINE,HF9g-P5,,,,X 全窗基线 · 不参与实体赏罚,3920019,393,A168_HF9F_20260827_0900,2026-08-27 09:00:00
2026-04-18,147126913,1306,0,282.7003114940,-13.8732560271,-13.8732560271,0.5000000,11,10,0.49396868285713470,0.479020140000,0.03814817444150745,0.1328052463469969,0.03814817444150745,0.01494854285713470,ELIGIBLE,R03b_20260811_FULL_v1,L1_ELIGIBILITY,v2026-08-11,2026-03-21..2026-08-06,baccarat_bet02_101_all_pairs_incl_sentinel,round_win = game_pnl > 0 (decisive only),COMPATIBILITY_ONLY_NOT_PRODUCTION,6783.5227,5754.5429,-62.5146,305,262,0.00921565,,0.00921565,0.00921565,62.5146,6783.5227,OK,0.0000,-2.5006,4.0000,96.0000,AG03-UNRESOLVED,ALL5_LEVELS_bet23_to_bet27,-2.5006,-2.5006,-3.1257,-3.1257,-3.1257,4.000000,4.000000,5.000000,5.000000,5.000000,96.000000,96.000000,95.000000,95.000000,95.000000,5.0,-14.3784,-13.1183,-48.1362,-49.3963,PENDING_AG03,FALSE,NOT_FOR_ENFORCEMENT,-60.0140,5524.3612,-62.5146,-60.0140,-2.5006,-0.00921565,-0.00884703,-2.5006,-60.0140,-0.00884703,-2.5006,-2.5006,-3.1257,-3.1257,-3.1257,-60.0140,-0.00884703,-14.3784,-13.1183,-48.1362,-49.3963,-0.00709605,-0.00728181,-0.00036863,22.2411,21.9639,-0.2386,-12.5029,-2.1557,1356.7045,52.4000,,22.2411,10.4704,15.7056,31.4111,41.8815,62.8223,84.941,15.7056,0.0,4.0,5.408336,1.416125,17,35,5,4,0E-8,-0.00921565,,0E-8,0.000000,0.848312,0.000000,,2026-03-31,2026-04-18,5,29,28,19,0.263158,,,0.000000,,,,,,,,GLOBAL_BASELINE_NO_ENTITY_RANKING,,,NOT_APPLICABLE_GLOBAL_BASELINE,HF9g-P5,,,,X 全窗基线 · 不参与实体赏罚,3920020,393,A168_HF9F_20260827_0900,2026-08-27 09:00:00
2026-04-18,147126913,1399,0,104.7038190718,9.9468628119,9.9468628119,0.6666667,5,4,0.49911027499999800,0.498272450000,0.5804332859541438,0.5833381598078932,0.5804332859541438,0.00083782499999800,ELIGIBLE,R03b_20260811_FULL_v1,L1_ELIGIBILITY,v2026-08-11,2026-03-21..2026-08-06,baccarat_bet02_101_all_pairs_incl_sentinel,round_win = game_pnl > 0 (decisive only),COMPATIBILITY_ONLY_NOT_PRODUCTION,6783.5227,5754.5429,-62.5146,305,262,0.00921565,,0.00921565,0.00921565,62.5146,6783.5227,OK,0.0000,-2.5006,4.0000,96.0000,AG03-UNRESOLVED,ALL5_LEVELS_bet23_to_bet27,-2.5006,-2.5006,-3.1257,-3.1257,-3.1257,4.000000,4.000000,5.000000,5.000000,5.000000,96.000000,96.000000,95.000000,95.000000,95.000000,5.0,-14.3784,-13.1183,-48.1362,-49.3963,PENDING_AG03,FALSE,NOT_FOR_ENFORCEMENT,-60.0140,5524.3612,-62.5146,-60.0140,-2.5006,-0.00921565,-0.00884703,-2.5006,-60.0140,-0.00884703,-2.5006,-2.5006,-3.1257,-3.1257,-3.1257,-60.0140,-0.00884703,-14.3784,-13.1183,-48.1362,-49.3963,-0.00709605,-0.00728181,-0.00036863,22.2411,21.9639,-0.2386,-12.5029,-2.1557,1356.7045,52.4000,,22.2411,10.4704,15.7056,31.4111,41.8815,62.8223,84.941,15.7056,0.0,4.0,5.408336,1.416125,17,35,5,4,0E-8,-0.00921565,,0E-8,0.000000,0.848312,0.000000,,2026-03-31,2026-04-18,5,29,28,19,0.263158,,,0.000000,,,,,,,,GLOBAL_BASELINE_NO_ENTITY_RANKING,,,NOT_APPLICABLE_GLOBAL_BASELINE,HF9g-P5,,,,X 全窗基线 · 不参与实体赏罚,3920021,393,A168_HF9F_20260827_0900,2026-08-27 09:00:00
2026-04-18,147126913,1702,0,18.3231683376,-10.4703819072,-10.4703819072,0E-7,2,2,0.49994810000000000,0.499948100000,-0.9998962053866608,-0.9998962053866608,-0.9998962053866608,0E-17,ELIGIBLE,R03b_20260811_FULL_v1,L1_ELIGIBILITY,v2026-08-11,2026-03-21..2026-08-06,baccarat_bet02_101_all_pairs_incl_sentinel,round_win = game_pnl > 0 (decisive only),COMPATIBILITY_ONLY_NOT_PRODUCTION,6783.5227,5754.5429,-62.5146,305,262,0.00921565,,0.00921565,0.00921565,62.5146,6783.5227,OK,0.0000,-2.5006,4.0000,96.0000,AG03-UNRESOLVED,ALL5_LEVELS_bet23_to_bet27,-2.5006,-2.5006,-3.1257,-3.1257,-3.1257,4.000000,4.000000,5.000000,5.000000,5.000000,96.000000,96.000000,95.000000,95.000000,95.000000,5.0,-14.3784,-13.1183,-48.1362,-49.3963,PENDING_AG03,FALSE,NOT_FOR_ENFORCEMENT,-60.0140,5524.3612,-62.5146,-60.0140,-2.5006,-0.00921565,-0.00884703,-2.5006,-60.0140,-0.00884703,-2.5006,-2.5006,-3.1257,-3.1257,-3.1257,-60.0140,-0.00884703,-14.3784,-13.1183,-48.1362,-49.3963,-0.00709605,-0.00728181,-0.00036863,22.2411,21.9639,-0.2386,-12.5029,-2.1557,1356.7045,52.4000,,22.2411,10.4704,15.7056,31.4111,41.8815,62.8223,84.941,15.7056,0.0,4.0,5.408336,1.416125,17,35,5,4,0E-8,-0.00921565,,0E-8,0.000000,0.848312,0.000000,,2026-03-31,2026-04-18,5,29,28,19,0.263158,,,0.000000,,,,,,,,GLOBAL_BASELINE_NO_ENTITY_RANKING,,,NOT_APPLICABLE_GLOBAL_BASELINE,HF9g-P5,,,,X 全窗基线 · 不参与实体赏罚,3920022,393,A168_HF9F_20260827_0900,2026-08-27 09:00:00
2026-04-18,147126913,1710,0,54.9695050128,-5.2351909536,-5.2351909536,0.5000000,3,3,0.50218230000000000,0.502182300000,-0.00617253530718887,-0.00617253530718887,-0.00617253530718887,0E-17,ELIGIBLE,R03b_20260811_FULL_v1,L1_ELIGIBILITY,v2026-08-11,2026-03-21..2026-08-06,baccarat_bet02_101_all_pairs_incl_sentinel,round_win = game_pnl > 0 (decisive only),COMPATIBILITY_ONLY_NOT_PRODUCTION,6783.5227,5754.5429,-62.5146,305,262,0.00921565,,0.00921565,0.00921565,62.5146,6783.5227,OK,0.0000,-2.5006,4.0000,96.0000,AG03-UNRESOLVED,ALL5_LEVELS_bet23_to_bet27,-2.5006,-2.5006,-3.1257,-3.1257,-3.1257,4.000000,4.000000,5.000000,5.000000,5.000000,96.000000,96.000000,95.000000,95.000000,95.000000,5.0,-14.3784,-13.1183,-48.1362,-49.3963,PENDING_AG03,FALSE,NOT_FOR_ENFORCEMENT,-60.0140,5524.3612,-62.5146,-60.0140,-2.5006,-0.00921565,-0.00884703,-2.5006,-60.0140,-0.00884703,-2.5006,-2.5006,-3.1257,-3.1257,-3.1257,-60.0140,-0.00884703,-14.3784,-13.1183,-48.1362,-49.3963,-0.00709605,-0.00728181,-0.00036863,22.2411,21.9639,-0.2386,-12.5029,-2.1557,1356.7045,52.4000,,22.2411,10.4704,15.7056,31.4111,41.8815,62.8223,84.941,15.7056,0.0,4.0,5.408336,1.416125,17,35,5,4,0E-8,-0.00921565,,0E-8,0.000000,0.848312,0.000000,,2026-03-31,2026-04-18,5,29,28,19,0.263158,,,0.000000,,,,,,,,GLOBAL_BASELINE_NO_ENTITY_RANKING,,,NOT_APPLICABLE_GLOBAL_BASELINE,HF9g-P5,,,,X 全窗基线 · 不参与实体赏罚,3920023,393,A168_HF9F_20260827_0900,2026-08-27 09:00:00
2026-04-18,147126913,1714,0,5.2351909536,-5.2351909536,-5.2351909536,0E-7,1,1,0.50665070000000000,0.506650700000,-1.013391052207602,-1.013391052207602,-1.013391052207602,0E-17,ELIGIBLE,R03b_20260811_FULL_v1,L1_ELIGIBILITY,v2026-08-11,2026-03-21..2026-08-06,baccarat_bet02_101_all_pairs_incl_sentinel,round_win = game_pnl > 0 (decisive only),COMPATIBILITY_ONLY_NOT_PRODUCTION,6783.5227,5754.5429,-62.5146,305,262,0.00921565,,0.00921565,0.00921565,62.5146,6783.5227,OK,0.0000,-2.5006,4.0000,96.0000,AG03-UNRESOLVED,ALL5_LEVELS_bet23_to_bet27,-2.5006,-2.5006,-3.1257,-3.1257,-3.1257,4.000000,4.000000,5.000000,5.000000,5.000000,96.000000,96.000000,95.000000,95.000000,95.000000,5.0,-14.3784,-13.1183,-48.1362,-49.3963,PENDING_AG03,FALSE,NOT_FOR_ENFORCEMENT,-60.0140,5524.3612,-62.5146,-60.0140,-2.5006,-0.00921565,-0.00884703,-2.5006,-60.0140,-0.00884703,-2.5006,-2.5006,-3.1257,-3.1257,-3.1257,-60.0140,-0.00884703,-14.3784,-13.1183,-48.1362,-49.3963,-0.00709605,-0.00728181,-0.00036863,22.2411,21.9639,-0.2386,-12.5029,-2.1557,1356.7045,52.4000,,22.2411,10.4704,15.7056,31.4111,41.8815,62.8223,84.941,15.7056,0.0,4.0,5.408336,1.416125,17,35,5,4,0E-8,-0.00921565,,0E-8,0.000000,0.848312,0.000000,,2026-03-31,2026-04-18,5,29,28,19,0.263158,,,0.000000,,,,,,,,GLOBAL_BASELINE_NO_ENTITY_RANKING,,,NOT_APPLICABLE_GLOBAL_BASELINE,HF9g-P5,,,,X 全窗基线 · 不参与实体赏罚,3920024,393,A168_HF9F_20260827_0900,2026-08-27 09:00:00
2026-04-18,147126913,2121,0,115.1742009791,-62.8222914431,-62.8222914431,0.3333333,6,6,0.49994810000000000,0.499948100000,-0.8162423282897021,-0.8162423282897021,-0.8162423282897021,0E-17,ELIGIBLE,R03b_20260811_FULL_v1,L1_ELIGIBILITY,v2026-08-11,2026-03-21..2026-08-06,baccarat_bet02_101_all_pairs_incl_sentinel,round_win = game_pnl > 0 (decisive only),COMPATIBILITY_ONLY_NOT_PRODUCTION,6783.5227,5754.5429,-62.5146,305,262,0.00921565,,0.00921565,0.00921565,62.5146,6783.5227,OK,0.0000,-2.5006,4.0000,96.0000,AG03-UNRESOLVED,ALL5_LEVELS_bet23_to_bet27,-2.5006,-2.5006,-3.1257,-3.1257,-3.1257,4.000000,4.000000,5.000000,5.000000,5.000000,96.000000,96.000000,95.000000,95.000000,95.000000,5.0,-14.3784,-13.1183,-48.1362,-49.3963,PENDING_AG03,FALSE,NOT_FOR_ENFORCEMENT,-60.0140,5524.3612,-62.5146,-60.0140,-2.5006,-0.00921565,-0.00884703,-2.5006,-60.0140,-0.00884703,-2.5006,-2.5006,-3.1257,-3.1257,-3.1257,-60.0140,-0.00884703,-14.3784,-13.1183,-48.1362,-49.3963,-0.00709605,-0.00728181,-0.00036863,22.2411,21.9639,-0.2386,-12.5029,-2.1557,1356.7045,52.4000,,22.2411,10.4704,15.7056,31.4111,41.8815,62.8223,84.941,15.7056,0.0,4.0,5.408336,1.416125,17,35,5,4,0E-8,-0.00921565,,0E-8,0.000000,0.848312,0.000000,,2026-03-31,2026-04-18,5,29,28,19,0.263158,,,0.000000,,,,,,,,GLOBAL_BASELINE_NO_ENTITY_RANKING,,,NOT_APPLICABLE_GLOBAL_BASELINE,HF9g-P5,,,,X 全窗基线 · 不参与实体赏罚,3920025,393,A168_HF9F_20260827_0900,2026-08-27 09:00:00
2026-06-02,150905863,1509,0,25.2012240595,23.9411628565,23.9411628565,1.0000000,1,1,0.50665070000000000,0.506650700000,0.9867858985152569,0.9867858985152569,0.9867858985152569,0E-17,ELIGIBLE,R03b_20260811_FULL_v1,L1_ELIGIBILITY,v2026-08-11,2026-03-21..2026-08-06,baccarat_bet02_101_all_pairs_incl_sentinel,round_win = game_pnl > 0 (decisive only),COMPATIBILITY_ONLY_NOT_PRODUCTION,63.7745,63.7745,-62.5145,2,2,0.98024194,,0.98024194,0.98024194,62.5145,63.7745,THIN_EXPOSURE,0.0000,-2.5006,4.0000,96.0000,AG03-UNRESOLVED,ALL5_LEVELS_bet23_to_bet27,-2.5006,-2.5006,-3.1257,-3.1257,-3.1257,4.000000,4.000000,5.000000,5.000000,5.000000,96.000000,96.000000,95.000000,95.000000,95.000000,5.0,-14.3783,-13.1182,-48.1361,-49.3962,PENDING_AG03,FALSE,NOT_FOR_ENFORCEMENT,-60.0139,61.2235,-62.5145,-60.0139,-2.5006,-0.98024194,-0.94103226,-2.5006,-60.0139,-0.94103226,-2.5006,-2.5006,-3.1257,-3.1257,-3.1257,-60.0139,-0.94103226,-14.3783,-13.1182,-48.1361,-49.3962,-0.75478629,-0.77454483,-0.03920968,31.8873,31.8873,-31.2572,-62.5145,-62.5145,63.7745,2.0000,,31.8873,25.2012,31.8873,38.5733,38.5733,38.5733,38.5733,31.8873,31.2572,1.209677,1.209677,1.0,1,2,1,2,0E-8,-0.98024194,,0E-8,0.000000,1.000000,0.000000,,2026-06-02,2026-06-02,1,1,1,1,1.000000,,,0.000000,,,,,,,,GLOBAL_BASELINE_NO_ENTITY_RANKING,,,NOT_APPLICABLE_GLOBAL_BASELINE,HF9g-P5,,,,X 全窗基线 · 不参与实体赏罚,3920026,393,A168_HF9F_20260827_0900,2026-08-27 09:00:00
2026-06-02,150905863,1957,0,38.5733021318,38.5733021318,38.5733021318,1.0000000,1,1,0.49324550000000000,0.493245500000,1.01360149184955,1.01360149184955,1.01360149184955,0E-17,ELIGIBLE,R03b_20260811_FULL_v1,L1_ELIGIBILITY,v2026-08-11,2026-03-21..2026-08-06,baccarat_bet02_101_all_pairs_incl_sentinel,round_win = game_pnl > 0 (decisive only),COMPATIBILITY_ONLY_NOT_PRODUCTION,63.7745,63.7745,-62.5145,2,2,0.98024194,,0.98024194,0.98024194,62.5145,63.7745,THIN_EXPOSURE,0.0000,-2.5006,4.0000,96.0000,AG03-UNRESOLVED,ALL5_LEVELS_bet23_to_bet27,-2.5006,-2.5006,-3.1257,-3.1257,-3.1257,4.000000,4.000000,5.000000,5.000000,5.000000,96.000000,96.000000,95.000000,95.000000,95.000000,5.0,-14.3783,-13.1182,-48.1361,-49.3962,PENDING_AG03,FALSE,NOT_FOR_ENFORCEMENT,-60.0139,61.2235,-62.5145,-60.0139,-2.5006,-0.98024194,-0.94103226,-2.5006,-60.0139,-0.94103226,-2.5006,-2.5006,-3.1257,-3.1257,-3.1257,-60.0139,-0.94103226,-14.3783,-13.1182,-48.1361,-49.3962,-0.75478629,-0.77454483,-0.03920968,31.8873,31.8873,-31.2572,-62.5145,-62.5145,63.7745,2.0000,,31.8873,25.2012,31.8873,38.5733,38.5733,38.5733,38.5733,31.8873,31.2572,1.209677,1.209677,1.0,1,2,1,2,0E-8,-0.98024194,,0E-8,0.000000,1.000000,0.000000,,2026-06-02,2026-06-02,1,1,1,1,1.000000,,,0.000000,,,,,,,,GLOBAL_BASELINE_NO_ENTITY_RANKING,,,NOT_APPLICABLE_GLOBAL_BASELINE,HF9g-P5,,,,X 全窗基线 · 不参与实体赏罚,3920027,393,A168_HF9F_20260827_0900,2026-08-27 09:00:00
2026-04-30,127788168,1318,0,183.2316833757,-183.2316833757,-183.2316833757,0E-7,1,1,0.49324550000000000,0.493245500000,-0.9865810262130424,-0.9865810262130424,-0.9865810262130424,0E-17,ELIGIBLE,R03b_20260811_FULL_v1,L1_ELIGIBILITY,v2026-08-11,2026-03-21..2026-08-06,baccarat_bet02_101_all_pairs_incl_sentinel,round_win = game_pnl > 0 (decisive only),COMPATIBILITY_ONLY_NOT_PRODUCTION,2092.5773,1936.9030,-62.5132,26,23,0.02987379,,0.02987379,0.02987379,62.5132,2092.5773,THIN_EXPOSURE,0.0000,-2.5005,4.0000,96.0000,AG03-UNRESOLVED,ALL5_LEVELS_bet23_to_bet27,-2.5005,-2.5005,-2.5005,-3.1257,-3.1257,4.000000,4.000000,4.000000,5.000000,5.000000,96.000000,96.000000,96.000000,95.000000,95.000000,5.0,-13.7529,-12.598,-48.7603,-49.9152,PENDING_AG03,FALSE,NOT_FOR_ENFORCEMENT,-60.0127,1859.4269,-62.5132,-60.0127,-2.5005,-0.02987379,-0.02867884,-2.5005,-60.0127,-0.02867884,-2.5005,-2.5005,-2.5005,-3.1257,-3.1257,-60.0127,-0.02867884,-13.7529,-12.598,-48.7603,-49.9152,-0.02330156,-0.02385345,-0.00119495,80.4837,84.2132,-2.7180,-10.4189,-4.4652,348.7629,3.8333,,80.4837,36.8429,54.6157,103.7829,180.4759,238.7006,259.4572,52.4104,0.0,4.370546,4.750594,1.473636,8,15,7,4,0E-8,-0.02987379,,0E-8,0.000000,0.925606,0.000000,,2026-04-30,2026-05-15,6,14,14,16,0.375000,,,0.000000,,,,,,,,GLOBAL_BASELINE_NO_ENTITY_RANKING,,,NOT_APPLICABLE_GLOBAL_BASELINE,HF9g-P5,,,,X 全窗基线 · 不参与实体赏罚,3920028,393,A168_HF9F_20260827_0900,2026-08-27 09:00:00
2026-05-07,127788168,-1,1,155.6743293031,155.6743293031,155.6743293031,1.0000000,1,1,0.49324550000000000,0.493245500000,1.01360149184955,1.01360149184955,1.01360149184955,0E-17,SENTINEL_DEALER,R03b_20260811_FULL_v1,L1_ELIGIBILITY,v2026-08-11,2026-03-21..2026-08-06,baccarat_bet02_101_all_pairs_incl_sentinel,round_win = game_pnl > 0 (decisive only),COMPATIBILITY_ONLY_NOT_PRODUCTION,2092.5773,1936.9030,-62.5132,26,23,0.02987379,,0.02987379,0.02987379,62.5132,2092.5773,THIN_EXPOSURE,0.0000,-2.5005,4.0000,96.0000,AG03-UNRESOLVED,ALL5_LEVELS_bet23_to_bet27,-2.5005,-2.5005,-2.5005,-3.1257,-3.1257,4.000000,4.000000,4.000000,5.000000,5.000000,96.000000,96.000000,96.000000,95.000000,95.000000,5.0,-13.7529,-12.598,-48.7603,-49.9152,PENDING_AG03,FALSE,NOT_FOR_ENFORCEMENT,-60.0127,1859.4269,-62.5132,-60.0127,-2.5005,-0.02987379,-0.02867884,-2.5005,-60.0127,-0.02867884,-2.5005,-2.5005,-2.5005,-3.1257,-3.1257,-60.0127,-0.02867884,-13.7529,-12.598,-48.7603,-49.9152,-0.02330156,-0.02385345,-0.00119495,80.4837,84.2132,-2.7180,-10.4189,-4.4652,348.7629,3.8333,,80.4837,36.8429,54.6157,103.7829,180.4759,238.7006,259.4572,52.4104,0.0,4.370546,4.750594,1.473636,8,15,7,4,0E-8,-0.02987379,,0E-8,0.000000,0.925606,0.000000,,2026-04-30,2026-05-15,6,14,14,16,0.375000,,,0.000000,,,,,,,,GLOBAL_BASELINE_NO_ENTITY_RANKING,,,NOT_APPLICABLE_GLOBAL_BASELINE,HF9g-P5,,,,X 全窗基线 · 不参与实体赏罚,3920029,393,A168_HF9F_20260827_0900,2026-08-27 09:00:00
2026-05-07,127788168,2152,0,233.5114939546,-233.5114939546,-233.5114939546,0E-7,1,1,0.49324550000000000,0.493245500000,-0.9865810262130424,-0.9865810262130424,-0.9865810262130424,0E-17,ELIGIBLE,R03b_20260811_FULL_v1,L1_ELIGIBILITY,v2026-08-11,2026-03-21..2026-08-06,baccarat_bet02_101_all_pairs_incl_sentinel,round_win = game_pnl > 0 (decisive only),COMPATIBILITY_ONLY_NOT_PRODUCTION,2092.5773,1936.9030,-62.5132,26,23,0.02987379,,0.02987379,0.02987379,62.5132,2092.5773,THIN_EXPOSURE,0.0000,-2.5005,4.0000,96.0000,AG03-UNRESOLVED,ALL5_LEVELS_bet23_to_bet27,-2.5005,-2.5005,-2.5005,-3.1257,-3.1257,4.000000,4.000000,4.000000,5.000000,5.000000,96.000000,96.000000,96.000000,95.000000,95.000000,5.0,-13.7529,-12.598,-48.7603,-49.9152,PENDING_AG03,FALSE,NOT_FOR_ENFORCEMENT,-60.0127,1859.4269,-62.5132,-60.0127,-2.5005,-0.02987379,-0.02867884,-2.5005,-60.0127,-0.02867884,-2.5005,-2.5005,-2.5005,-3.1257,-3.1257,-60.0127,-0.02867884,-13.7529,-12.598,-48.7603,-49.9152,-0.02330156,-0.02385345,-0.00119495,80.4837,84.2132,-2.7180,-10.4189,-4.4652,348.7629,3.8333,,80.4837,36.8429,54.6157,103.7829,180.4759,238.7006,259.4572,52.4104,0.0,4.370546,4.750594,1.473636,8,15,7,4,0E-8,-0.02987379,,0E-8,0.000000,0.925606,0.000000,,2026-04-30,2026-05-15,6,14,14,16,0.375000,,,0.000000,,,,,,,,GLOBAL_BASELINE_NO_ENTITY_RANKING,,,NOT_APPLICABLE_GLOBAL_BASELINE,HF9g-P5,,,,X 全窗基线 · 不参与实体赏罚,3920030,393,A168_HF9F_20260827_0900,2026-08-27 09:00:00
2026-05-09,127788168,1331,0,116.7557469773,-116.7557469773,-116.7557469773,0E-7,2,1,0.41508450000003921,0.300626750000,-0.842406468786012,-0.655630731788307,-0.842406468786012,0.11445775000003921,ELIGIBLE,R03b_20260811_FULL_v1,L1_ELIGIBILITY,v2026-08-11,2026-03-21..2026-08-06,baccarat_bet02_101_all_pairs_incl_sentinel,round_win = game_pnl > 0 (decisive only),COMPATIBILITY_ONLY_NOT_PRODUCTION,2092.5773,1936.9030,-62.5132,26,23,0.02987379,,0.02987379,0.02987379,62.5132,2092.5773,THIN_EXPOSURE,0.0000,-2.5005,4.0000,96.0000,AG03-UNRESOLVED,ALL5_LEVELS_bet23_to_bet27,-2.5005,-2.5005,-2.5005,-3.1257,-3.1257,4.000000,4.000000,4.000000,5.000000,5.000000,96.000000,96.000000,96.000000,95.000000,95.000000,5.0,-13.7529,-12.598,-48.7603,-49.9152,PENDING_AG03,FALSE,NOT_FOR_ENFORCEMENT,-60.0127,1859.4269,-62.5132,-60.0127,-2.5005,-0.02987379,-0.02867884,-2.5005,-60.0127,-0.02867884,-2.5005,-2.5005,-2.5005,-3.1257,-3.1257,-60.0127,-0.02867884,-13.7529,-12.598,-48.7603,-49.9152,-0.02330156,-0.02385345,-0.00119495,80.4837,84.2132,-2.7180,-10.4189,-4.4652,348.7629,3.8333,,80.4837,36.8429,54.6157,103.7829,180.4759,238.7006,259.4572,52.4104,0.0,4.370546,4.750594,1.473636,8,15,7,4,0E-8,-0.02987379,,0E-8,0.000000,0.925606,0.000000,,2026-04-30,2026-05-15,6,14,14,16,0.375000,,,0.000000,,,,,,,,GLOBAL_BASELINE_NO_ENTITY_RANKING,,,NOT_APPLICABLE_GLOBAL_BASELINE,HF9g-P5,,,,X 全窗基线 · 不参与实体赏罚,3920031,393,A168_HF9F_20260827_0900,2026-08-27 09:00:00
2026-05-09,127788168,1374,0,389.1858232578,246.4843547299,246.4843547299,1.0000000,2,2,0.50665070000000000,0.506650700000,0.9867858985152569,0.9867858985152569,0.9867858985152569,0E-17,ELIGIBLE,R03b_20260811_FULL_v1,L1_ELIGIBILITY,v2026-08-11,2026-03-21..2026-08-06,baccarat_bet02_101_all_pairs_incl_sentinel,round_win = game_pnl > 0 (decisive only),COMPATIBILITY_ONLY_NOT_PRODUCTION,2092.5773,1936.9030,-62.5132,26,23,0.02987379,,0.02987379,0.02987379,62.5132,2092.5773,THIN_EXPOSURE,0.0000,-2.5005,4.0000,96.0000,AG03-UNRESOLVED,ALL5_LEVELS_bet23_to_bet27,-2.5005,-2.5005,-2.5005,-3.1257,-3.1257,4.000000,4.000000,4.000000,5.000000,5.000000,96.000000,96.000000,96.000000,95.000000,95.000000,5.0,-13.7529,-12.598,-48.7603,-49.9152,PENDING_AG03,FALSE,NOT_FOR_ENFORCEMENT,-60.0127,1859.4269,-62.5132,-60.0127,-2.5005,-0.02987379,-0.02867884,-2.5005,-60.0127,-0.02867884,-2.5005,-2.5005,-2.5005,-3.1257,-3.1257,-60.0127,-0.02867884,-13.7529,-12.598,-48.7603,-49.9152,-0.02330156,-0.02385345,-0.00119495,80.4837,84.2132,-2.7180,-10.4189,-4.4652,348.7629,3.8333,,80.4837,36.8429,54.6157,103.7829,180.4759,238.7006,259.4572,52.4104,0.0,4.370546,4.750594,1.473636,8,15,7,4,0E-8,-0.02987379,,0E-8,0.000000,0.925606,0.000000,,2026-04-30,2026-05-15,6,14,14,16,0.375000,,,0.000000,,,,,,,,GLOBAL_BASELINE_NO_ENTITY_RANKING,,,NOT_APPLICABLE_GLOBAL_BASELINE,HF9g-P5,,,,X 全窗基线 · 不参与实体赏罚,3920032,393,A168_HF9F_20260827_0900,2026-08-27 09:00:00
2026-05-09,127788168,2101,0,90.8100254269,71.0912770484,71.0912770484,1.0000000,3,1,0.46916751142836475,0.206696133333,1.063689279519671,1.959086488502453,1.063689279519671,0.26247137809536475,ELIGIBLE,R03b_20260811_FULL_v1,L1_ELIGIBILITY,v2026-08-11,2026-03-21..2026-08-06,baccarat_bet02_101_all_pairs_incl_sentinel,round_win = game_pnl > 0 (decisive only),COMPATIBILITY_ONLY_NOT_PRODUCTION,2092.5773,1936.9030,-62.5132,26,23,0.02987379,,0.02987379,0.02987379,62.5132,2092.5773,THIN_EXPOSURE,0.0000,-2.5005,4.0000,96.0000,AG03-UNRESOLVED,ALL5_LEVELS_bet23_to_bet27,-2.5005,-2.5005,-2.5005,-3.1257,-3.1257,4.000000,4.000000,4.000000,5.000000,5.000000,96.000000,96.000000,96.000000,95.000000,95.000000,5.0,-13.7529,-12.598,-48.7603,-49.9152,PENDING_AG03,FALSE,NOT_FOR_ENFORCEMENT,-60.0127,1859.4269,-62.5132,-60.0127,-2.5005,-0.02987379,-0.02867884,-2.5005,-60.0127,-0.02867884,-2.5005,-2.5005,-2.5005,-3.1257,-3.1257,-60.0127,-0.02867884,-13.7529,-12.598,-48.7603,-49.9152,-0.02330156,-0.02385345,-0.00119495,80.4837,84.2132,-2.7180,-10.4189,-4.4652,348.7629,3.8333,,80.4837,36.8429,54.6157,103.7829,180.4759,238.7006,259.4572,52.4104,0.0,4.370546,4.750594,1.473636,8,15,7,4,0E-8,-0.02987379,,0E-8,0.000000,0.925606,0.000000,,2026-04-30,2026-05-15,6,14,14,16,0.375000,,,0.000000,,,,,,,,GLOBAL_BASELINE_NO_ENTITY_RANKING,,,NOT_APPLICABLE_GLOBAL_BASELINE,HF9g-P5,,,,X 全窗基线 · 不参与实体赏罚,3920033,393,A168_HF9F_20260827_0900,2026-08-27 09:00:00
2026-05-09,127788168,2235,0,168.6471900783,-16.8647190078,-16.8647190078,0.5000000,2,2,0.49994810000000000,0.499948100000,0.00014679536856514622,0.00014679536856514622,0.00014679536856514622,0E-17,ELIGIBLE,R03b_20260811_FULL_v1,L1_ELIGIBILITY,v2026-08-11,2026-03-21..2026-08-06,baccarat_bet02_101_all_pairs_incl_sentinel,round_win = game_pnl > 0 (decisive only),COMPATIBILITY_ONLY_NOT_PRODUCTION,2092.5773,1936.9030,-62.5132,26,23,0.02987379,,0.02987379,0.02987379,62.5132,2092.5773,THIN_EXPOSURE,0.0000,-2.5005,4.0000,96.0000,AG03-UNRESOLVED,ALL5_LEVELS_bet23_to_bet27,-2.5005,-2.5005,-2.5005,-3.1257,-3.1257,4.000000,4.000000,4.000000,5.000000,5.000000,96.000000,96.000000,96.000000,95.000000,95.000000,5.0,-13.7529,-12.598,-48.7603,-49.9152,PENDING_AG03,FALSE,NOT_FOR_ENFORCEMENT,-60.0127,1859.4269,-62.5132,-60.0127,-2.5005,-0.02987379,-0.02867884,-2.5005,-60.0127,-0.02867884,-2.5005,-2.5005,-2.5005,-3.1257,-3.1257,-60.0127,-0.02867884,-13.7529,-12.598,-48.7603,-49.9152,-0.02330156,-0.02385345,-0.00119495,80.4837,84.2132,-2.7180,-10.4189,-4.4652,348.7629,3.8333,,80.4837,36.8429,54.6157,103.7829,180.4759,238.7006,259.4572,52.4104,0.0,4.370546,4.750594,1.473636,8,15,7,4,0E-8,-0.02987379,,0E-8,0.000000,0.925606,0.000000,,2026-04-30,2026-05-15,6,14,14,16,0.375000,,,0.000000,,,,,,,,GLOBAL_BASELINE_NO_ENTITY_RANKING,,,NOT_APPLICABLE_GLOBAL_BASELINE,HF9g-P5,,,,X 全窗基线 · 不参与实体赏罚,3920034,393,A168_HF9F_20260827_0900,2026-08-27 09:00:00
2026-05-09,127788168,2246,0,233.5114939547,-25.9457215505,-25.9457215505,0.5000000,2,2,0.49994810000000000,0.499948100000,0.00014679536856514622,0.00014679536856514622,0.00014679536856514622,0E-17,ELIGIBLE,R03b_20260811_FULL_v1,L1_ELIGIBILITY,v2026-08-11,2026-03-21..2026-08-06,baccarat_bet02_101_all_pairs_incl_sentinel,round_win = game_pnl > 0 (decisive only),COMPATIBILITY_ONLY_NOT_PRODUCTION,2092.5773,1936.9030,-62.5132,26,23,0.02987379,,0.02987379,0.02987379,62.5132,2092.5773,THIN_EXPOSURE,0.0000,-2.5005,4.0000,96.0000,AG03-UNRESOLVED,ALL5_LEVELS_bet23_to_bet27,-2.5005,-2.5005,-2.5005,-3.1257,-3.1257,4.000000,4.000000,4.000000,5.000000,5.000000,96.000000,96.000000,96.000000,95.000000,95.000000,5.0,-13.7529,-12.598,-48.7603,-49.9152,PENDING_AG03,FALSE,NOT_FOR_ENFORCEMENT,-60.0127,1859.4269,-62.5132,-60.0127,-2.5005,-0.02987379,-0.02867884,-2.5005,-60.0127,-0.02867884,-2.5005,-2.5005,-2.5005,-3.1257,-3.1257,-60.0127,-0.02867884,-13.7529,-12.598,-48.7603,-49.9152,-0.02330156,-0.02385345,-0.00119495,80.4837,84.2132,-2.7180,-10.4189,-4.4652,348.7629,3.8333,,80.4837,36.8429,54.6157,103.7829,180.4759,238.7006,259.4572,52.4104,0.0,4.370546,4.750594,1.473636,8,15,7,4,0E-8,-0.02987379,,0E-8,0.000000,0.925606,0.000000,,2026-04-30,2026-05-15,6,14,14,16,0.375000,,,0.000000,,,,,,,,GLOBAL_BASELINE_NO_ENTITY_RANKING,,,NOT_APPLICABLE_GLOBAL_BASELINE,HF9g-P5,,,,X 全窗基线 · 不参与实体赏罚,3920035,393,A168_HF9F_20260827_0900,2026-08-27 09:00:00
2026-05-09,127788168,2266,0,77.8371646515,77.8371646515,77.8371646515,1.0000000,1,1,0.49324550000000000,0.493245500000,1.01360149184955,1.01360149184955,1.01360149184955,0E-17,ELIGIBLE,R03b_20260811_FULL_v1,L1_ELIGIBILITY,v2026-08-11,2026-03-21..2026-08-06,baccarat_bet02_101_all_pairs_incl_sentinel,round_win = game_pnl > 0 (decisive only),COMPATIBILITY_ONLY_NOT_PRODUCTION,2092.5773,1936.9030,-62.5132,26,23,0.02987379,,0.02987379,0.02987379,62.5132,2092.5773,THIN_EXPOSURE,0.0000,-2.5005,4.0000,96.0000,AG03-UNRESOLVED,ALL5_LEVELS_bet23_to_bet27,-2.5005,-2.5005,-2.5005,-3.1257,-3.1257,4.000000,4.000000,4.000000,5.000000,5.000000,96.000000,96.000000,96.000000,95.000000,95.000000,5.0,-13.7529,-12.598,-48.7603,-49.9152,PENDING_AG03,FALSE,NOT_FOR_ENFORCEMENT,-60.0127,1859.4269,-62.5132,-60.0127,-2.5005,-0.02987379,-0.02867884,-2.5005,-60.0127,-0.02867884,-2.5005,-2.5005,-2.5005,-3.1257,-3.1257,-60.0127,-0.02867884,-13.7529,-12.598,-48.7603,-49.9152,-0.02330156,-0.02385345,-0.00119495,80.4837,84.2132,-2.7180,-10.4189,-4.4652,348.7629,3.8333,,80.4837,36.8429,54.6157,103.7829,180.4759,238.7006,259.4572,52.4104,0.0,4.370546,4.750594,1.473636,8,15,7,4,0E-8,-0.02987379,,0E-8,0.000000,0.925606,0.000000,,2026-04-30,2026-05-15,6,14,14,16,0.375000,,,0.000000,,,,,,,,GLOBAL_BASELINE_NO_ENTITY_RANKING,,,NOT_APPLICABLE_GLOBAL_BASELINE,HF9g-P5,,,,X 全窗基线 · 不参与实体赏罚,3920036,393,A168_HF9F_20260827_0900,2026-08-27 09:00:00
2026-05-13,127788168,1994,0,5.1891443101,5.1891443101,5.1891443101,1.0000000,1,1,0.49324550000000000,0.493245500000,1.01360149184955,1.01360149184955,1.01360149184955,0E-17,ELIGIBLE,R03b_20260811_FULL_v1,L1_ELIGIBILITY,v2026-08-11,2026-03-21..2026-08-06,baccarat_bet02_101_all_pairs_incl_sentinel,round_win = game_pnl > 0 (decisive only),COMPATIBILITY_ONLY_NOT_PRODUCTION,2092.5773,1936.9030,-62.5132,26,23,0.02987379,,0.02987379,0.02987379,62.5132,2092.5773,THIN_EXPOSURE,0.0000,-2.5005,4.0000,96.0000,AG03-UNRESOLVED,ALL5_LEVELS_bet23_to_bet27,-2.5005,-2.5005,-2.5005,-3.1257,-3.1257,4.000000,4.000000,4.000000,5.000000,5.000000,96.000000,96.000000,96.000000,95.000000,95.000000,5.0,-13.7529,-12.598,-48.7603,-49.9152,PENDING_AG03,FALSE,NOT_FOR_ENFORCEMENT,-60.0127,1859.4269,-62.5132,-60.0127,-2.5005,-0.02987379,-0.02867884,-2.5005,-60.0127,-0.02867884,-2.5005,-2.5005,-2.5005,-3.1257,-3.1257,-60.0127,-0.02867884,-13.7529,-12.598,-48.7603,-49.9152,-0.02330156,-0.02385345,-0.00119495,80.4837,84.2132,-2.7180,-10.4189,-4.4652,348.7629,3.8333,,80.4837,36.8429,54.6157,103.7829,180.4759,238.7006,259.4572,52.4104,0.0,4.370546,4.750594,1.473636,8,15,7,4,0E-8,-0.02987379,,0E-8,0.000000,0.925606,0.000000,,2026-04-30,2026-05-15,6,14,14,16,0.375000,,,0.000000,,,,,,,,GLOBAL_BASELINE_NO_ENTITY_RANKING,,,NOT_APPLICABLE_GLOBAL_BASELINE,HF9g-P5,,,,X 全窗基线 · 不参与实体赏罚,3920037,393,A168_HF9F_20260827_0900,2026-08-27 09:00:00
2026-05-13,127788168,2171,0,16.6052617923,-16.6052617923,-16.6052617923,0E-7,1,1,0.50665070000000000,0.506650700000,-1.013391052207602,-1.013391052207602,-1.013391052207602,0E-17,ELIGIBLE,R03b_20260811_FULL_v1,L1_ELIGIBILITY,v2026-08-11,2026-03-21..2026-08-06,baccarat_bet02_101_all_pairs_incl_sentinel,round_win = game_pnl > 0 (decisive only),COMPATIBILITY_ONLY_NOT_PRODUCTION,2092.5773,1936.9030,-62.5132,26,23,0.02987379,,0.02987379,0.02987379,62.5132,2092.5773,THIN_EXPOSURE,0.0000,-2.5005,4.0000,96.0000,AG03-UNRESOLVED,ALL5_LEVELS_bet23_to_bet27,-2.5005,-2.5005,-2.5005,-3.1257,-3.1257,4.000000,4.000000,4.000000,5.000000,5.000000,96.000000,96.000000,96.000000,95.000000,95.000000,5.0,-13.7529,-12.598,-48.7603,-49.9152,PENDING_AG03,FALSE,NOT_FOR_ENFORCEMENT,-60.0127,1859.4269,-62.5132,-60.0127,-2.5005,-0.02987379,-0.02867884,-2.5005,-60.0127,-0.02867884,-2.5005,-2.5005,-2.5005,-3.1257,-3.1257,-60.0127,-0.02867884,-13.7529,-12.598,-48.7603,-49.9152,-0.02330156,-0.02385345,-0.00119495,80.4837,84.2132,-2.7180,-10.4189,-4.4652,348.7629,3.8333,,80.4837,36.8429,54.6157,103.7829,180.4759,238.7006,259.4572,52.4104,0.0,4.370546,4.750594,1.473636,8,15,7,4,0E-8,-0.02987379,,0E-8,0.000000,0.925606,0.000000,,2026-04-30,2026-05-15,6,14,14,16,0.375000,,,0.000000,,,,,,,,GLOBAL_BASELINE_NO_ENTITY_RANKING,,,NOT_APPLICABLE_GLOBAL_BASELINE,HF9g-P5,,,,X 全窗基线 · 不参与实体赏罚,3920038,393,A168_HF9F_20260827_0900,2026-08-27 09:00:00
2026-05-13,127788168,986,0,130.7664366146,-104.8207150641,-104.8207150641,0E-7,3,3,0.49324550000000000,0.493245500000,-1.3952362676504506,-1.3952362676504506,-1.3952362676504506,0E-17,ELIGIBLE,R03b_20260811_FULL_v1,L1_ELIGIBILITY,v2026-08-11,2026-03-21..2026-08-06,baccarat_bet02_101_all_pairs_incl_sentinel,round_win = game_pnl > 0 (decisive only),COMPATIBILITY_ONLY_NOT_PRODUCTION,2092.5773,1936.9030,-62.5132,26,23,0.02987379,,0.02987379,0.02987379,62.5132,2092.5773,THIN_EXPOSURE,0.0000,-2.5005,4.0000,96.0000,AG03-UNRESOLVED,ALL5_LEVELS_bet23_to_bet27,-2.5005,-2.5005,-2.5005,-3.1257,-3.1257,4.000000,4.000000,4.000000,5.000000,5.000000,96.000000,96.000000,96.000000,95.000000,95.000000,5.0,-13.7529,-12.598,-48.7603,-49.9152,PENDING_AG03,FALSE,NOT_FOR_ENFORCEMENT,-60.0127,1859.4269,-62.5132,-60.0127,-2.5005,-0.02987379,-0.02867884,-2.5005,-60.0127,-0.02867884,-2.5005,-2.5005,-2.5005,-3.1257,-3.1257,-60.0127,-0.02867884,-13.7529,-12.598,-48.7603,-49.9152,-0.02330156,-0.02385345,-0.00119495,80.4837,84.2132,-2.7180,-10.4189,-4.4652,348.7629,3.8333,,80.4837,36.8429,54.6157,103.7829,180.4759,238.7006,259.4572,52.4104,0.0,4.370546,4.750594,1.473636,8,15,7,4,0E-8,-0.02987379,,0E-8,0.000000,0.925606,0.000000,,2026-04-30,2026-05-15,6,14,14,16,0.375000,,,0.000000,,,,,,,,GLOBAL_BASELINE_NO_ENTITY_RANKING,,,NOT_APPLICABLE_GLOBAL_BASELINE,HF9g-P5,,,,X 全窗基线 · 不参与实体赏罚,3920039,393,A168_HF9F_20260827_0900,2026-08-27 09:00:00
2026-05-14,127788168,1299,0,51.8914431010,51.8914431010,51.8914431010,1.0000000,1,1,0.49324550000000000,0.493245500000,1.01360149184955,1.01360149184955,1.01360149184955,0E-17,ELIGIBLE,R03b_20260811_FULL_v1,L1_ELIGIBILITY,v2026-08-11,2026-03-21..2026-08-06,baccarat_bet02_101_all_pairs_incl_sentinel,round_win = game_pnl > 0 (decisive only),COMPATIBILITY_ONLY_NOT_PRODUCTION,2092.5773,1936.9030,-62.5132,26,23,0.02987379,,0.02987379,0.02987379,62.5132,2092.5773,THIN_EXPOSURE,0.0000,-2.5005,4.0000,96.0000,AG03-UNRESOLVED,ALL5_LEVELS_bet23_to_bet27,-2.5005,-2.5005,-2.5005,-3.1257,-3.1257,4.000000,4.000000,4.000000,5.000000,5.000000,96.000000,96.000000,96.000000,95.000000,95.000000,5.0,-13.7529,-12.598,-48.7603,-49.9152,PENDING_AG03,FALSE,NOT_FOR_ENFORCEMENT,-60.0127,1859.4269,-62.5132,-60.0127,-2.5005,-0.02987379,-0.02867884,-2.5005,-60.0127,-0.02867884,-2.5005,-2.5005,-2.5005,-3.1257,-3.1257,-60.0127,-0.02867884,-13.7529,-12.598,-48.7603,-49.9152,-0.02330156,-0.02385345,-0.00119495,80.4837,84.2132,-2.7180,-10.4189,-4.4652,348.7629,3.8333,,80.4837,36.8429,54.6157,103.7829,180.4759,238.7006,259.4572,52.4104,0.0,4.370546,4.750594,1.473636,8,15,7,4,0E-8,-0.02987379,,0E-8,0.000000,0.925606,0.000000,,2026-04-30,2026-05-15,6,14,14,16,0.375000,,,0.000000,,,,,,,,GLOBAL_BASELINE_NO_ENTITY_RANKING,,,NOT_APPLICABLE_GLOBAL_BASELINE,HF9g-P5,,,,X 全窗基线 · 不参与实体赏罚,3920040,393,A168_HF9F_20260827_0900,2026-08-27 09:00:00
2026-05-14,127788168,1331,0,78.8749935135,-5.1891443101,-5.1891443101,0.5000000,2,2,0.49994810000000000,0.499948100000,0.00014679536856514622,0.00014679536856514622,0.00014679536856514622,0E-17,ELIGIBLE,R03b_20260811_FULL_v1,L1_ELIGIBILITY,v2026-08-11,2026-03-21..2026-08-06,baccarat_bet02_101_all_pairs_incl_sentinel,round_win = game_pnl > 0 (decisive only),COMPATIBILITY_ONLY_NOT_PRODUCTION,2092.5773,1936.9030,-62.5132,26,23,0.02987379,,0.02987379,0.02987379,62.5132,2092.5773,THIN_EXPOSURE,0.0000,-2.5005,4.0000,96.0000,AG03-UNRESOLVED,ALL5_LEVELS_bet23_to_bet27,-2.5005,-2.5005,-2.5005,-3.1257,-3.1257,4.000000,4.000000,4.000000,5.000000,5.000000,96.000000,96.000000,96.000000,95.000000,95.000000,5.0,-13.7529,-12.598,-48.7603,-49.9152,PENDING_AG03,FALSE,NOT_FOR_ENFORCEMENT,-60.0127,1859.4269,-62.5132,-60.0127,-2.5005,-0.02987379,-0.02867884,-2.5005,-60.0127,-0.02867884,-2.5005,-2.5005,-2.5005,-3.1257,-3.1257,-60.0127,-0.02867884,-13.7529,-12.598,-48.7603,-49.9152,-0.02330156,-0.02385345,-0.00119495,80.4837,84.2132,-2.7180,-10.4189,-4.4652,348.7629,3.8333,,80.4837,36.8429,54.6157,103.7829,180.4759,238.7006,259.4572,52.4104,0.0,4.370546,4.750594,1.473636,8,15,7,4,0E-8,-0.02987379,,0E-8,0.000000,0.925606,0.000000,,2026-04-30,2026-05-15,6,14,14,16,0.375000,,,0.000000,,,,,,,,GLOBAL_BASELINE_NO_ENTITY_RANKING,,,NOT_APPLICABLE_GLOBAL_BASELINE,HF9g-P5,,,,X 全窗基线 · 不参与实体赏罚,3920041,393,A168_HF9F_20260827_0900,2026-08-27 09:00:00
2026-05-14,127788168,2141,0,51.8914431010,51.8914431010,51.8914431010,1.0000000,1,1,0.49324550000000000,0.493245500000,1.01360149184955,1.01360149184955,1.01360149184955,0E-17,ELIGIBLE,R03b_20260811_FULL_v1,L1_ELIGIBILITY,v2026-08-11,2026-03-21..2026-08-06,baccarat_bet02_101_all_pairs_incl_sentinel,round_win = game_pnl > 0 (decisive only),COMPATIBILITY_ONLY_NOT_PRODUCTION,2092.5773,1936.9030,-62.5132,26,23,0.02987379,,0.02987379,0.02987379,62.5132,2092.5773,THIN_EXPOSURE,0.0000,-2.5005,4.0000,96.0000,AG03-UNRESOLVED,ALL5_LEVELS_bet23_to_bet27,-2.5005,-2.5005,-2.5005,-3.1257,-3.1257,4.000000,4.000000,4.000000,5.000000,5.000000,96.000000,96.000000,96.000000,95.000000,95.000000,5.0,-13.7529,-12.598,-48.7603,-49.9152,PENDING_AG03,FALSE,NOT_FOR_ENFORCEMENT,-60.0127,1859.4269,-62.5132,-60.0127,-2.5005,-0.02987379,-0.02867884,-2.5005,-60.0127,-0.02867884,-2.5005,-2.5005,-2.5005,-3.1257,-3.1257,-60.0127,-0.02867884,-13.7529,-12.598,-48.7603,-49.9152,-0.02330156,-0.02385345,-0.00119495,80.4837,84.2132,-2.7180,-10.4189,-4.4652,348.7629,3.8333,,80.4837,36.8429,54.6157,103.7829,180.4759,238.7006,259.4572,52.4104,0.0,4.370546,4.750594,1.473636,8,15,7,4,0E-8,-0.02987379,,0E-8,0.000000,0.925606,0.000000,,2026-04-30,2026-05-15,6,14,14,16,0.375000,,,0.000000,,,,,,,,GLOBAL_BASELINE_NO_ENTITY_RANKING,,,NOT_APPLICABLE_GLOBAL_BASELINE,HF9g-P5,,,,X 全窗基线 · 不参与实体赏罚,3920042,393,A168_HF9F_20260827_0900,2026-08-27 09:00:00
2026-05-15,127788168,2170,0,108.1936588656,105.3785480774,105.3785480774,1.0000000,2,2,0.49994810000000000,0.499948100000,1.4143603653603398,1.4143603653603398,1.4143603653603398,0E-17,ELIGIBLE,R03b_20260811_FULL_v1,L1_ELIGIBILITY,v2026-08-11,2026-03-21..2026-08-06,baccarat_bet02_101_all_pairs_incl_sentinel,round_win = game_pnl > 0 (decisive only),COMPATIBILITY_ONLY_NOT_PRODUCTION,2092.5773,1936.9030,-62.5132,26,23,0.02987379,,0.02987379,0.02987379,62.5132,2092.5773,THIN_EXPOSURE,0.0000,-2.5005,4.0000,96.0000,AG03-UNRESOLVED,ALL5_LEVELS_bet23_to_bet27,-2.5005,-2.5005,-2.5005,-3.1257,-3.1257,4.000000,4.000000,4.000000,5.000000,5.000000,96.000000,96.000000,96.000000,95.000000,95.000000,5.0,-13.7529,-12.598,-48.7603,-49.9152,PENDING_AG03,FALSE,NOT_FOR_ENFORCEMENT,-60.0127,1859.4269,-62.5132,-60.0127,-2.5005,-0.02987379,-0.02867884,-2.5005,-60.0127,-0.02867884,-2.5005,-2.5005,-2.5005,-3.1257,-3.1257,-60.0127,-0.02867884,-13.7529,-12.598,-48.7603,-49.9152,-0.02330156,-0.02385345,-0.00119495,80.4837,84.2132,-2.7180,-10.4189,-4.4652,348.7629,3.8333,,80.4837,36.8429,54.6157,103.7829,180.4759,238.7006,259.4572,52.4104,0.0,4.370546,4.750594,1.473636,8,15,7,4,0E-8,-0.02987379,,0E-8,0.000000,0.925606,0.000000,,2026-04-30,2026-05-15,6,14,14,16,0.375000,,,0.000000,,,,,,,,GLOBAL_BASELINE_NO_ENTITY_RANKING,,,NOT_APPLICABLE_GLOBAL_BASELINE,HF9g-P5,,,,X 全窗基线 · 不参与实体赏罚,3920043,393,A168_HF9F_20260827_0900,2026-08-27 09:00:00
2026-06-24,151979494,2223,0,63.1452132190,62.5012982158,62.5012982158,1.0000000,3,3,0.49771390000000000,0.497713900000,1.739988277604938,1.739988277604938,1.739988277604938,0E-17,ELIGIBLE,R03b_20260811_FULL_v1,L1_ELIGIBILITY,v2026-08-11,2026-03-21..2026-08-06,baccarat_bet02_101_all_pairs_incl_sentinel,round_win = game_pnl > 0 (decisive only),COMPATIBILITY_ONLY_NOT_PRODUCTION,63.1452,63.1452,-62.5013,3,3,0.98980263,,0.98980263,0.98980263,62.5013,63.1452,THIN_EXPOSURE,0.0000,-2.5001,4.0000,96.0000,AG03-UNRESOLVED,ALL5_LEVELS_bet23_to_bet27,-2.5001,-2.5001,-2.5001,-3.7501,0.0000,4.000000,4.000000,4.000000,6.000000,0.000000,96.000000,96.000000,96.000000,94.000000,100.000000,5.0,-11.2502,-10.522,-51.2511,-51.9793,PENDING_AG03,FALSE,NOT_FOR_ENFORCEMENT,-60.0012,60.6194,-62.5013,-60.0012,-2.5001,-0.98980263,-0.95021053,-2.5001,-60.0012,-0.95021053,-2.5001,-2.5001,-2.5001,-3.7501,0.0000,-60.0012,-0.95021053,-11.2502,-10.522,-51.2511,-51.9793,-0.81163816,-0.82317118,-0.03959211,21.0484,21.0484,-20.8338,-62.5013,-62.5013,63.1452,3.0000,,21.0484,15.9421,25.1335,25.1335,25.1335,25.1335,25.1335,25.1335,25.1335,1.0,1.0,0.837466,1,1,1,2,0E-8,-0.98980263,,0E-8,0.000000,1.000000,0.000000,,2026-06-24,2026-06-24,1,1,1,1,1.000000,,,0.000000,,,,,,,,GLOBAL_BASELINE_NO_ENTITY_RANKING,,,NOT_APPLICABLE_GLOBAL_BASELINE,HF9g-P5,,,,X 全窗基线 · 不参与实体赏罚,3920044,393,A168_HF9F_20260827_0900,2026-08-27 09:00:00
2026-07-05,139891296,-1,1,100.0000000000,95.0000000000,95.0000000000,1.0000000,1,1,0.50665070000000000,0.506650700000,0.9867858985152569,0.9867858985152569,0.9867858985152569,0E-17,SENTINEL_DEALER,R03b_20260811_FULL_v1,L1_ELIGIBILITY,v2026-08-11,2026-03-21..2026-08-06,baccarat_bet02_101_all_pairs_incl_sentinel,round_win = game_pnl > 0 (decisive only),COMPATIBILITY_ONLY_NOT_PRODUCTION,230.0000,230.0000,-62.5000,4,4,0.27173913,,0.27173913,0.27173913,62.5000,230.0000,THIN_EXPOSURE,0.0000,-2.5000,4.0000,96.0000,AG03-UNRESOLVED,ALL5_LEVELS_bet23_to_bet27,-2.5000,-2.5000,-3.1250,-3.1250,-3.1250,4.000000,4.000000,5.000000,5.000000,5.000000,96.000000,96.000000,95.000000,95.000000,95.000000,5.0,-14.3750,-13.1152,-48.1250,-49.3848,PENDING_AG03,FALSE,NOT_FOR_ENFORCEMENT,-60.0000,220.8000,-62.5000,-60.0000,-2.5000,-0.27173913,-0.26086957,-2.5000,-60.0000,-0.26086957,-2.5000,-2.5000,-3.1250,-3.1250,-3.1250,-60.0000,-0.26086957,-14.3750,-13.1152,-48.1250,-49.3848,-0.20923913,-0.21471652,-0.01086957,57.5000,57.5000,-15.6250,-62.5000,-31.2500,230.0000,4.0000,,57.5000,35.0,55.0,80.0,100.0,100.0,100.0,55.0,13.75,1.818182,1.818182,1.045455,2,2,1,2,0E-8,-0.27173913,,0E-8,0.000000,1.000000,0.000000,,2026-07-05,2026-07-05,1,2,2,1,1.000000,,,0.000000,,,,,,,,GLOBAL_BASELINE_NO_ENTITY_RANKING,,,NOT_APPLICABLE_GLOBAL_BASELINE,HF9g-P5,,,,X 全窗基线 · 不参与实体赏罚,3920045,393,A168_HF9F_20260827_0900,2026-08-27 09:00:00
2026-07-05,139891296,1384,0,130.0000000000,-32.5000000000,-32.5000000000,0.3333333,3,3,0.36930140000000000,0.369301400000,-0.12908515820983488,-0.12908515820983488,-0.12908515820983488,0E-17,ELIGIBLE,R03b_20260811_FULL_v1,L1_ELIGIBILITY,v2026-08-11,2026-03-21..2026-08-06,baccarat_bet02_101_all_pairs_incl_sentinel,round_win = game_pnl > 0 (decisive only),COMPATIBILITY_ONLY_NOT_PRODUCTION,230.0000,230.0000,-62.5000,4,4,0.27173913,,0.27173913,0.27173913,62.5000,230.0000,THIN_EXPOSURE,0.0000,-2.5000,4.0000,96.0000,AG03-UNRESOLVED,ALL5_LEVELS_bet23_to_bet27,-2.5000,-2.5000,-3.1250,-3.1250,-3.1250,4.000000,4.000000,5.000000,5.000000,5.000000,96.000000,96.000000,95.000000,95.000000,95.000000,5.0,-14.3750,-13.1152,-48.1250,-49.3848,PENDING_AG03,FALSE,NOT_FOR_ENFORCEMENT,-60.0000,220.8000,-62.5000,-60.0000,-2.5000,-0.27173913,-0.26086957,-2.5000,-60.0000,-0.26086957,-2.5000,-2.5000,-3.1250,-3.1250,-3.1250,-60.0000,-0.26086957,-14.3750,-13.1152,-48.1250,-49.3848,-0.20923913,-0.21471652,-0.01086957,57.5000,57.5000,-15.6250,-62.5000,-31.2500,230.0000,4.0000,,57.5000,35.0,55.0,80.0,100.0,100.0,100.0,55.0,13.75,1.818182,1.818182,1.045455,2,2,1,2,0E-8,-0.27173913,,0E-8,0.000000,1.000000,0.000000,,2026-07-05,2026-07-05,1,2,2,1,1.000000,,,0.000000,,,,,,,,GLOBAL_BASELINE_NO_ENTITY_RANKING,,,NOT_APPLICABLE_GLOBAL_BASELINE,HF9g-P5,,,,X 全窗基线 · 不参与实体赏罚,3920046,393,A168_HF9F_20260827_0900,2026-08-27 09:00:00
2026-05-22,136470569,-1,1,30.0000000000,9.0000000000,9.0000000000,0.6666667,3,3,0.50665070000000000,0.506650700000,0.5543606114942035,0.5543606114942035,0.5543606114942035,0E-17,SENTINEL_DEALER,R03b_20260811_FULL_v1,L1_ELIGIBILITY,v2026-08-11,2026-03-21..2026-08-06,baccarat_bet02_101_all_pairs_incl_sentinel,round_win = game_pnl > 0 (decisive only),COMPATIBILITY_ONLY_NOT_PRODUCTION,420.0000,410.0000,-62.5000,25,25,0.14880952,,0.14880952,0.14880952,62.5000,420.0000,THIN_EXPOSURE,0.0000,-2.5000,4.0000,96.0000,AG03-UNRESOLVED,ALL5_LEVELS_bet23_to_bet27,-2.5000,-2.5000,-2.5000,-2.5000,-2.5000,4.000000,4.000000,4.000000,4.000000,4.000000,96.000000,96.000000,96.000000,96.000000,96.000000,5.0,-12.5000,-11.5392,-50.0000,-50.9608,PENDING_AG03,FALSE,NOT_FOR_ENFORCEMENT,-60.0000,393.6000,-62.5000,-60.0000,-2.5000,-0.14880952,-0.14285714,-2.5000,-60.0000,-0.14285714,-2.5000,-2.5000,-2.5000,-2.5000,-2.5000,-60.0000,-0.14285714,-12.5000,-11.5392,-50.0000,-50.9608,-0.11904762,-0.12133522,-0.00595238,16.8000,16.4000,-2.5000,-62.5000,-31.2500,420.0000,25.0000,,16.8000,10.0,10.0,20.0,30.0,32.5,40.0,10.0,9.5,3.25,4.0,1.68,2,3,1,2,0E-8,-0.14880952,,0E-8,0.000000,0.976190,0.000000,,2026-05-22,2026-05-22,1,2,2,1,1.000000,,,0.000000,,,,,,,,GLOBAL_BASELINE_NO_ENTITY_RANKING,,,NOT_APPLICABLE_GLOBAL_BASELINE,HF9g-P5,,,,X 全窗基线 · 不参与实体赏罚,3920047,393,A168_HF9F_20260827_0900,2026-08-27 09:00:00
2026-05-22,136470569,2212,0,260.0000000000,86.0000000000,86.0000000000,0.7142857,15,15,0.49950126000000000,0.499501260000,1.6073004794898504,1.6073004794898504,1.6073004794898504,0E-17,ELIGIBLE,R03b_20260811_FULL_v1,L1_ELIGIBILITY,v2026-08-11,2026-03-21..2026-08-06,baccarat_bet02_101_all_pairs_incl_sentinel,round_win = game_pnl > 0 (decisive only),COMPATIBILITY_ONLY_NOT_PRODUCTION,420.0000,410.0000,-62.5000,25,25,0.14880952,,0.14880952,0.14880952,62.5000,420.0000,THIN_EXPOSURE,0.0000,-2.5000,4.0000,96.0000,AG03-UNRESOLVED,ALL5_LEVELS_bet23_to_bet27,-2.5000,-2.5000,-2.5000,-2.5000,-2.5000,4.000000,4.000000,4.000000,4.000000,4.000000,96.000000,96.000000,96.000000,96.000000,96.000000,5.0,-12.5000,-11.5392,-50.0000,-50.9608,PENDING_AG03,FALSE,NOT_FOR_ENFORCEMENT,-60.0000,393.6000,-62.5000,-60.0000,-2.5000,-0.14880952,-0.14285714,-2.5000,-60.0000,-0.14285714,-2.5000,-2.5000,-2.5000,-2.5000,-2.5000,-60.0000,-0.14285714,-12.5000,-11.5392,-50.0000,-50.9608,-0.11904762,-0.12133522,-0.00595238,16.8000,16.4000,-2.5000,-62.5000,-31.2500,420.0000,25.0000,,16.8000,10.0,10.0,20.0,30.0,32.5,40.0,10.0,9.5,3.25,4.0,1.68,2,3,1,2,0E-8,-0.14880952,,0E-8,0.000000,0.976190,0.000000,,2026-05-22,2026-05-22,1,2,2,1,1.000000,,,0.000000,,,,,,,,GLOBAL_BASELINE_NO_ENTITY_RANKING,,,NOT_APPLICABLE_GLOBAL_BASELINE,HF9g-P5,,,,X 全窗基线 · 不参与实体赏罚,3920048,393,A168_HF9F_20260827_0900,2026-08-27 09:00:00
2026-05-22,136470569,2242,0,130.0000000000,-32.5000000000,-32.5000000000,0.4285714,7,7,0.50282064285714286,0.502820642857,-0.39289616391791987,-0.3928961639171632,-0.39289616391791987,1.4286E-13,ELIGIBLE,R03b_20260811_FULL_v1,L1_ELIGIBILITY,v2026-08-11,2026-03-21..2026-08-06,baccarat_bet02_101_all_pairs_incl_sentinel,round_win = game_pnl > 0 (decisive only),COMPATIBILITY_ONLY_NOT_PRODUCTION,420.0000,410.0000,-62.5000,25,25,0.14880952,,0.14880952,0.14880952,62.5000,420.0000,THIN_EXPOSURE,0.0000,-2.5000,4.0000,96.0000,AG03-UNRESOLVED,ALL5_LEVELS_bet23_to_bet27,-2.5000,-2.5000,-2.5000,-2.5000,-2.5000,4.000000,4.000000,4.000000,4.000000,4.000000,96.000000,96.000000,96.000000,96.000000,96.000000,5.0,-12.5000,-11.5392,-50.0000,-50.9608,PENDING_AG03,FALSE,NOT_FOR_ENFORCEMENT,-60.0000,393.6000,-62.5000,-60.0000,-2.5000,-0.14880952,-0.14285714,-2.5000,-60.0000,-0.14285714,-2.5000,-2.5000,-2.5000,-2.5000,-2.5000,-60.0000,-0.14285714,-12.5000,-11.5392,-50.0000,-50.9608,-0.11904762,-0.12133522,-0.00595238,16.8000,16.4000,-2.5000,-62.5000,-31.2500,420.0000,25.0000,,16.8000,10.0,10.0,20.0,30.0,32.5,40.0,10.0,9.5,3.25,4.0,1.68,2,3,1,2,0E-8,-0.14880952,,0E-8,0.000000,0.976190,0.000000,,2026-05-22,2026-05-22,1,2,2,1,1.000000,,,0.000000,,,,,,,,GLOBAL_BASELINE_NO_ENTITY_RANKING,,,NOT_APPLICABLE_GLOBAL_BASELINE,HF9g-P5,,,,X 全窗基线 · 不参与实体赏罚,3920049,393,A168_HF9F_20260827_0900,2026-08-27 09:00:00
2026-07-13,150752487,1985,0,332.8804347825,5.4347826087,5.4347826087,0.4545455,12,12,0.50441650000000000,0.504416500000,-0.33081999720326294,-0.33081999720326294,-0.33081999720326294,0E-17,ELIGIBLE,R03b_20260811_FULL_v1,L1_ELIGIBILITY,v2026-08-11,2026-03-21..2026-08-06,baccarat_bet02_101_all_pairs_incl_sentinel,round_win = game_pnl > 0 (decisive only),COMPATIBILITY_ONLY_NOT_PRODUCTION,434.7826,414.4022,-62.5000,16,16,0.14375000,0.14375000,,0.14375000,62.5000,434.7826,THIN_EXPOSURE,0.0000,-2.5000,4.0000,96.0000,AG03-UNRESOLVED,ALL5_LEVELS_bet23_to_bet27,-2.5000,-2.5000,-2.5000,-2.5000,0.0000,4.000000,4.000000,4.000000,4.000000,0.000000,96.000000,96.000000,96.000000,96.000000,100.000000,5.0,-10.0000,-9.4158,-52.5000,-53.0842,PENDING_AG03,FALSE,NOT_FOR_ENFORCEMENT,-60.0000,397.8261,-62.5000,-60.0000,-2.5000,-0.14375000,-0.13800000,-2.5000,-60.0000,-0.13800000,-2.5000,-2.5000,-2.5000,-2.5000,0.0000,-60.0000,-0.13800000,-10.0000,-9.4158,-52.5000,-53.0842,-0.12075000,-0.12209357,-0.00575000,27.1739,25.9001,-3.9063,-62.5000,-31.2500,434.7826,16.0000,27.1739,,20.3804,23.7772,33.9674,40.0815,45.5163,47.5543,23.7772,9.6807,1.914286,2.0,1.142857,1,2,1,2,1.00000000,-0.14375000,-0.14375000,0E-8,0.000000,0.953125,0.000000,,2026-07-13,2026-07-13,1,2,1,1,1.000000,,1.000000,3.333333,,,,,,,,GLOBAL_BASELINE_NO_ENTITY_RANKING,,,NOT_APPLICABLE_GLOBAL_BASELINE,HF9g-P5,,,,X 全窗基线 · 不参与实体赏罚,3920050,393,A168_HF9F_20260827_0900,2026-08-27 09:00:00
2026-07-13,150752487,2108,0,101.9021739130,57.0652173914,57.0652173914,0.7500000,4,4,0.50665070000000000,0.506650700000,0.9734833216690844,0.9734833216690844,0.9734833216690844,0E-17,ELIGIBLE,R03b_20260811_FULL_v1,L1_ELIGIBILITY,v2026-08-11,2026-03-21..2026-08-06,baccarat_bet02_101_all_pairs_incl_sentinel,round_win = game_pnl > 0 (decisive only),COMPATIBILITY_ONLY_NOT_PRODUCTION,434.7826,414.4022,-62.5000,16,16,0.14375000,0.14375000,,0.14375000,62.5000,434.7826,THIN_EXPOSURE,0.0000,-2.5000,4.0000,96.0000,AG03-UNRESOLVED,ALL5_LEVELS_bet23_to_bet27,-2.5000,-2.5000,-2.5000,-2.5000,0.0000,4.000000,4.000000,4.000000,4.000000,0.000000,96.000000,96.000000,96.000000,96.000000,100.000000,5.0,-10.0000,-9.4158,-52.5000,-53.0842,PENDING_AG03,FALSE,NOT_FOR_ENFORCEMENT,-60.0000,397.8261,-62.5000,-60.0000,-2.5000,-0.14375000,-0.13800000,-2.5000,-60.0000,-0.13800000,-2.5000,-2.5000,-2.5000,-2.5000,0.0000,-60.0000,-0.13800000,-10.0000,-9.4158,-52.5000,-53.0842,-0.12075000,-0.12209357,-0.00575000,27.1739,25.9001,-3.9063,-62.5000,-31.2500,434.7826,16.0000,27.1739,,20.3804,23.7772,33.9674,40.0815,45.5163,47.5543,23.7772,9.6807,1.914286,2.0,1.142857,1,2,1,2,1.00000000,-0.14375000,-0.14375000,0E-8,0.000000,0.953125,0.000000,,2026-07-13,2026-07-13,1,2,1,1,1.000000,,1.000000,3.333333,,,,,,,,GLOBAL_BASELINE_NO_ENTITY_RANKING,,,NOT_APPLICABLE_GLOBAL_BASELINE,HF9g-P5,,,,X 全窗基线 · 不参与实体赏罚,3920051,393,A168_HF9F_20260827_0900,2026-08-27 09:00:00
2026-05-18,150226868,1307,0,240.0000000000,-102.0000000000,-102.0000000000,0.2500000,5,5,0.49592654000000000,0.495926540000,-0.983738807048034,-0.983738807048034,-0.983738807048034,0E-17,ELIGIBLE,R03b_20260811_FULL_v1,L1_ELIGIBILITY,v2026-08-11,2026-03-21..2026-08-06,baccarat_bet02_101_all_pairs_incl_sentinel,round_win = game_pnl > 0 (decisive only),COMPATIBILITY_ONLY_NOT_PRODUCTION,1390.0000,1210.0000,-62.5000,40,37,0.04496403,,0.04496403,0.04496403,62.5000,1390.0000,OK,0.0000,-2.5000,4.0000,96.0000,AG03-UNRESOLVED,ALL5_LEVELS_bet23_to_bet27,-2.5000,-2.5000,-2.5000,-3.7500,-3.7500,4.000000,4.000000,4.000000,6.000000,6.000000,96.000000,96.000000,96.000000,94.000000,94.000000,5.0,-15.0000,-13.6405,-47.5000,-48.8595,PENDING_AG03,FALSE,NOT_FOR_ENFORCEMENT,-60.0000,1161.6000,-62.5000,-60.0000,-2.5000,-0.04496403,-0.04316547,-2.5000,-60.0000,-0.04316547,-2.5000,-2.5000,-2.5000,-3.7500,-3.7500,-60.0000,-0.04316547,-15.0000,-13.6405,-47.5000,-48.8595,-0.03417266,-0.03515075,-0.00179856,34.7500,32.7027,-1.6892,-62.5000,-31.2500,1390.0000,37.0000,,34.7500,20.0,35.0,40.0,60.0,60.0,60.0,30.0,0.0,1.714286,1.714286,0.992857,1,3,1,2,0E-8,-0.04496403,,0E-8,0.000000,0.870504,0.000000,,2026-05-18,2026-05-18,1,2,1,1,1.000000,,,0.000000,,,,,,,,GLOBAL_BASELINE_NO_ENTITY_RANKING,,,NOT_APPLICABLE_GLOBAL_BASELINE,HF9g-P5,,,,X 全窗基线 · 不参与实体赏罚,3920052,393,A168_HF9F_20260827_0900,2026-08-27 09:00:00
2026-05-18,150226868,1396,0,860.0000000000,140.5000000000,140.5000000000,0.5238095,23,21,0.50313981428571429,0.502820642857,0.18944475226511656,0.19236933244993798,0.18944475226511656,0.00031917142871429,ELIGIBLE,R03b_20260811_FULL_v1,L1_ELIGIBILITY,v2026-08-11,2026-03-21..2026-08-06,baccarat_bet02_101_all_pairs_incl_sentinel,round_win = game_pnl > 0 (decisive only),COMPATIBILITY_ONLY_NOT_PRODUCTION,1390.0000,1210.0000,-62.5000,40,37,0.04496403,,0.04496403,0.04496403,62.5000,1390.0000,OK,0.0000,-2.5000,4.0000,96.0000,AG03-UNRESOLVED,ALL5_LEVELS_bet23_to_bet27,-2.5000,-2.5000,-2.5000,-3.7500,-3.7500,4.000000,4.000000,4.000000,6.000000,6.000000,96.000000,96.000000,96.000000,94.000000,94.000000,5.0,-15.0000,-13.6405,-47.5000,-48.8595,PENDING_AG03,FALSE,NOT_FOR_ENFORCEMENT,-60.0000,1161.6000,-62.5000,-60.0000,-2.5000,-0.04496403,-0.04316547,-2.5000,-60.0000,-0.04316547,-2.5000,-2.5000,-2.5000,-3.7500,-3.7500,-60.0000,-0.04316547,-15.0000,-13.6405,-47.5000,-48.8595,-0.03417266,-0.03515075,-0.00179856,34.7500,32.7027,-1.6892,-62.5000,-31.2500,1390.0000,37.0000,,34.7500,20.0,35.0,40.0,60.0,60.0,60.0,30.0,0.0,1.714286,1.714286,0.992857,1,3,1,2,0E-8,-0.04496403,,0E-8,0.000000,0.870504,0.000000,,2026-05-18,2026-05-18,1,2,1,1,1.000000,,,0.000000,,,,,,,,GLOBAL_BASELINE_NO_ENTITY_RANKING,,,NOT_APPLICABLE_GLOBAL_BASELINE,HF9g-P5,,,,X 全窗基线 · 不参与实体赏罚,3920053,393,A168_HF9F_20260827_0900,2026-08-27 09:00:00
2026-05-18,150226868,2177,0,290.0000000000,24.0000000000,24.0000000000,0.5000000,12,11,0.50218230000000000,0.502385409091,-0.01380220854039186,-0.015086823452018179,-0.01380220854039186,-0.00020310909100000,ELIGIBLE,R03b_20260811_FULL_v1,L1_ELIGIBILITY,v2026-08-11,2026-03-21..2026-08-06,baccarat_bet02_101_all_pairs_incl_sentinel,round_win = game_pnl > 0 (decisive only),COMPATIBILITY_ONLY_NOT_PRODUCTION,1390.0000,1210.0000,-62.5000,40,37,0.04496403,,0.04496403,0.04496403,62.5000,1390.0000,OK,0.0000,-2.5000,4.0000,96.0000,AG03-UNRESOLVED,ALL5_LEVELS_bet23_to_bet27,-2.5000,-2.5000,-2.5000,-3.7500,-3.7500,4.000000,4.000000,4.000000,6.000000,6.000000,96.000000,96.000000,96.000000,94.000000,94.000000,5.0,-15.0000,-13.6405,-47.5000,-48.8595,PENDING_AG03,FALSE,NOT_FOR_ENFORCEMENT,-60.0000,1161.6000,-62.5000,-60.0000,-2.5000,-0.04496403,-0.04316547,-2.5000,-60.0000,-0.04316547,-2.5000,-2.5000,-2.5000,-3.7500,-3.7500,-60.0000,-0.04316547,-15.0000,-13.6405,-47.5000,-48.8595,-0.03417266,-0.03515075,-0.00179856,34.7500,32.7027,-1.6892,-62.5000,-31.2500,1390.0000,37.0000,,34.7500,20.0,35.0,40.0,60.0,60.0,60.0,30.0,0.0,1.714286,1.714286,0.992857,1,3,1,2,0E-8,-0.04496403,,0E-8,0.000000,0.870504,0.000000,,2026-05-18,2026-05-18,1,2,1,1,1.000000,,,0.000000,,,,,,,,GLOBAL_BASELINE_NO_ENTITY_RANKING,,,NOT_APPLICABLE_GLOBAL_BASELINE,HF9g-P5,,,,X 全窗基线 · 不参与实体赏罚,3920054,393,A168_HF9F_20260827_0900,2026-08-27 09:00:00
2026-05-09,149785936,-1,1,1080.0000000000,-354.0000000000,-354.0000000000,0.3750000,17,17,0.50191945294117647,0.501919452941,-1.0153631053607297,-1.0153631053593164,-1.0153631053607297,1.7647E-13,SENTINEL_DEALER,R03b_20260811_FULL_v1,L1_ELIGIBILITY,v2026-08-11,2026-03-21..2026-08-06,baccarat_bet02_101_all_pairs_incl_sentinel,round_win = game_pnl > 0 (decisive only),COMPATIBILITY_ONLY_NOT_PRODUCTION,4930.0000,4280.0000,-62.5000,88,88,0.01267748,,0.01267748,0.01267748,62.5000,4930.0000,OK,0.0000,-2.5000,4.0000,96.0000,AG03-UNRESOLVED,ALL5_LEVELS_bet23_to_bet27,-2.5000,-2.5000,-2.5000,-3.1250,-3.1250,4.000000,4.000000,4.000000,5.000000,5.000000,96.000000,96.000000,96.000000,95.000000,95.000000,5.0,-13.7500,-12.5954,-48.7500,-49.9046,PENDING_AG03,FALSE,NOT_FOR_ENFORCEMENT,-60.0000,4108.8000,-62.5000,-60.0000,-2.5000,-0.01267748,-0.01217039,-2.5000,-60.0000,-0.01217039,-2.5000,-2.5000,-2.5000,-3.1250,-3.1250,-60.0000,-0.01217039,-13.7500,-12.5954,-48.7500,-49.9046,-0.00988844,-0.01012265,-0.00050710,56.0227,48.6364,-0.7102,-62.5000,-1.9531,4930.0000,88.0000,,56.0227,50.0,60.0,60.0,80.0,80.0,92.4001,50.0,0.0,1.333333,1.540001,0.933712,25,21,1,2,0E-8,-0.01267748,,0E-8,0.000000,0.868154,0.000000,,2026-05-09,2026-05-09,1,32,25,1,1.000000,,,0.000000,,,,,,,,GLOBAL_BASELINE_NO_ENTITY_RANKING,,,NOT_APPLICABLE_GLOBAL_BASELINE,HF9g-P5,,,,X 全窗基线 · 不参与实体赏罚,3920055,393,A168_HF9F_20260827_0900,2026-08-27 09:00:00
2026-05-09,149785936,1004,0,200.0000000000,-80.0000000000,-80.0000000000,0.3333333,3,3,0.49771390000000000,0.497713900000,-0.5694369385616226,-0.5694369385616226,-0.5694369385616226,0E-17,ELIGIBLE,R03b_20260811_FULL_v1,L1_ELIGIBILITY,v2026-08-11,2026-03-21..2026-08-06,baccarat_bet02_101_all_pairs_incl_sentinel,round_win = game_pnl > 0 (decisive only),COMPATIBILITY_ONLY_NOT_PRODUCTION,4930.0000,4280.0000,-62.5000,88,88,0.01267748,,0.01267748,0.01267748,62.5000,4930.0000,OK,0.0000,-2.5000,4.0000,96.0000,AG03-UNRESOLVED,ALL5_LEVELS_bet23_to_bet27,-2.5000,-2.5000,-2.5000,-3.1250,-3.1250,4.000000,4.000000,4.000000,5.000000,5.000000,96.000000,96.000000,96.000000,95.000000,95.000000,5.0,-13.7500,-12.5954,-48.7500,-49.9046,PENDING_AG03,FALSE,NOT_FOR_ENFORCEMENT,-60.0000,4108.8000,-62.5000,-60.0000,-2.5000,-0.01267748,-0.01217039,-2.5000,-60.0000,-0.01217039,-2.5000,-2.5000,-2.5000,-3.1250,-3.1250,-60.0000,-0.01217039,-13.7500,-12.5954,-48.7500,-49.9046,-0.00988844,-0.01012265,-0.00050710,56.0227,48.6364,-0.7102,-62.5000,-1.9531,4930.0000,88.0000,,56.0227,50.0,60.0,60.0,80.0,80.0,92.4001,50.0,0.0,1.333333,1.540001,0.933712,25,21,1,2,0E-8,-0.01267748,,0E-8,0.000000,0.868154,0.000000,,2026-05-09,2026-05-09,1,32,25,1,1.000000,,,0.000000,,,,,,,,GLOBAL_BASELINE_NO_ENTITY_RANKING,,,NOT_APPLICABLE_GLOBAL_BASELINE,HF9g-P5,,,,X 全窗基线 · 不参与实体赏罚,3920056,393,A168_HF9F_20260827_0900,2026-08-27 09:00:00
2026-05-09,149785936,1094,0,50.0000000000,50.0000000000,50.0000000000,1.0000000,1,1,0.49324550000000000,0.493245500000,1.01360149184955,1.01360149184955,1.01360149184955,0E-17,ELIGIBLE,R03b_20260811_FULL_v1,L1_ELIGIBILITY,v2026-08-11,2026-03-21..2026-08-06,baccarat_bet02_101_all_pairs_incl_sentinel,round_win = game_pnl > 0 (decisive only),COMPATIBILITY_ONLY_NOT_PRODUCTION,4930.0000,4280.0000,-62.5000,88,88,0.01267748,,0.01267748,0.01267748,62.5000,4930.0000,OK,0.0000,-2.5000,4.0000,96.0000,AG03-UNRESOLVED,ALL5_LEVELS_bet23_to_bet27,-2.5000,-2.5000,-2.5000,-3.1250,-3.1250,4.000000,4.000000,4.000000,5.000000,5.000000,96.000000,96.000000,96.000000,95.000000,95.000000,5.0,-13.7500,-12.5954,-48.7500,-49.9046,PENDING_AG03,FALSE,NOT_FOR_ENFORCEMENT,-60.0000,4108.8000,-62.5000,-60.0000,-2.5000,-0.01267748,-0.01217039,-2.5000,-60.0000,-0.01217039,-2.5000,-2.5000,-2.5000,-3.1250,-3.1250,-60.0000,-0.01217039,-13.7500,-12.5954,-48.7500,-49.9046,-0.00988844,-0.01012265,-0.00050710,56.0227,48.6364,-0.7102,-62.5000,-1.9531,4930.0000,88.0000,,56.0227,50.0,60.0,60.0,80.0,80.0,92.4001,50.0,0.0,1.333333,1.540001,0.933712,25,21,1,2,0E-8,-0.01267748,,0E-8,0.000000,0.868154,0.000000,,2026-05-09,2026-05-09,1,32,25,1,1.000000,,,0.000000,,,,,,,,GLOBAL_BASELINE_NO_ENTITY_RANKING,,,NOT_APPLICABLE_GLOBAL_BASELINE,HF9g-P5,,,,X 全窗基线 · 不参与实体赏罚,3920057,393,A168_HF9F_20260827_0900,2026-08-27 09:00:00
2026-05-09,149785936,1318,0,410.0000000000,-15.5000000000,-15.5000000000,0.5714286,8,8,0.49994810000000000,0.499948100000,0.37823910403297295,0.37823910403297295,0.37823910403297295,0E-17,ELIGIBLE,R03b_20260811_FULL_v1,L1_ELIGIBILITY,v2026-08-11,2026-03-21..2026-08-06,baccarat_bet02_101_all_pairs_incl_sentinel,round_win = game_pnl > 0 (decisive only),COMPATIBILITY_ONLY_NOT_PRODUCTION,4930.0000,4280.0000,-62.5000,88,88,0.01267748,,0.01267748,0.01267748,62.5000,4930.0000,OK,0.0000,-2.5000,4.0000,96.0000,AG03-UNRESOLVED,ALL5_LEVELS_bet23_to_bet27,-2.5000,-2.5000,-2.5000,-3.1250,-3.1250,4.000000,4.000000,4.000000,5.000000,5.000000,96.000000,96.000000,96.000000,95.000000,95.000000,5.0,-13.7500,-12.5954,-48.7500,-49.9046,PENDING_AG03,FALSE,NOT_FOR_ENFORCEMENT,-60.0000,4108.8000,-62.5000,-60.0000,-2.5000,-0.01267748,-0.01217039,-2.5000,-60.0000,-0.01217039,-2.5000,-2.5000,-2.5000,-3.1250,-3.1250,-60.0000,-0.01217039,-13.7500,-12.5954,-48.7500,-49.9046,-0.00988844,-0.01012265,-0.00050710,56.0227,48.6364,-0.7102,-62.5000,-1.9531,4930.0000,88.0000,,56.0227,50.0,60.0,60.0,80.0,80.0,92.4001,50.0,0.0,1.333333,1.540001,0.933712,25,21,1,2,0E-8,-0.01267748,,0E-8,0.000000,0.868154,0.000000,,2026-05-09,2026-05-09,1,32,25,1,1.000000,,,0.000000,,,,,,,,GLOBAL_BASELINE_NO_ENTITY_RANKING,,,NOT_APPLICABLE_GLOBAL_BASELINE,HF9g-P5,,,,X 全窗基线 · 不参与实体赏罚,3920058,393,A168_HF9F_20260827_0900,2026-08-27 09:00:00
2026-05-09,149785936,1325,0,130.0000000000,-130.0000000000,-130.0000000000,0E-7,3,3,0.50218230000000000,0.502182300000,-1.7396270863184011,-1.7396270863184016,-1.7396270863184011,0E-17,ELIGIBLE,R03b_20260811_FULL_v1,L1_ELIGIBILITY,v2026-08-11,2026-03-21..2026-08-06,baccarat_bet02_101_all_pairs_incl_sentinel,round_win = game_pnl > 0 (decisive only),COMPATIBILITY_ONLY_NOT_PRODUCTION,4930.0000,4280.0000,-62.5000,88,88,0.01267748,,0.01267748,0.01267748,62.5000,4930.0000,OK,0.0000,-2.5000,4.0000,96.0000,AG03-UNRESOLVED,ALL5_LEVELS_bet23_to_bet27,-2.5000,-2.5000,-2.5000,-3.1250,-3.1250,4.000000,4.000000,4.000000,5.000000,5.000000,96.000000,96.000000,96.000000,95.000000,95.000000,5.0,-13.7500,-12.5954,-48.7500,-49.9046,PENDING_AG03,FALSE,NOT_FOR_ENFORCEMENT,-60.0000,4108.8000,-62.5000,-60.0000,-2.5000,-0.01267748,-0.01217039,-2.5000,-60.0000,-0.01217039,-2.5000,-2.5000,-2.5000,-3.1250,-3.1250,-60.0000,-0.01217039,-13.7500,-12.5954,-48.7500,-49.9046,-0.00988844,-0.01012265,-0.00050710,56.0227,48.6364,-0.7102,-62.5000,-1.9531,4930.0000,88.0000,,56.0227,50.0,60.0,60.0,80.0,80.0,92.4001,50.0,0.0,1.333333,1.540001,0.933712,25,21,1,2,0E-8,-0.01267748,,0E-8,0.000000,0.868154,0.000000,,2026-05-09,2026-05-09,1,32,25,1,1.000000,,,0.000000,,,,,,,,GLOBAL_BASELINE_NO_ENTITY_RANKING,,,NOT_APPLICABLE_GLOBAL_BASELINE,HF9g-P5,,,,X 全窗基线 · 不参与实体赏罚,3920059,393,A168_HF9F_20260827_0900,2026-08-27 09:00:00
2026-05-09,149785936,1399,0,40.0000000000,40.0000000000,40.0000000000,1.0000000,1,1,0.49324550000000000,0.493245500000,1.01360149184955,1.01360149184955,1.01360149184955,0E-17,ELIGIBLE,R03b_20260811_FULL_v1,L1_ELIGIBILITY,v2026-08-11,2026-03-21..2026-08-06,baccarat_bet02_101_all_pairs_incl_sentinel,round_win = game_pnl > 0 (decisive only),COMPATIBILITY_ONLY_NOT_PRODUCTION,4930.0000,4280.0000,-62.5000,88,88,0.01267748,,0.01267748,0.01267748,62.5000,4930.0000,OK,0.0000,-2.5000,4.0000,96.0000,AG03-UNRESOLVED,ALL5_LEVELS_bet23_to_bet27,-2.5000,-2.5000,-2.5000,-3.1250,-3.1250,4.000000,4.000000,4.000000,5.000000,5.000000,96.000000,96.000000,96.000000,95.000000,95.000000,5.0,-13.7500,-12.5954,-48.7500,-49.9046,PENDING_AG03,FALSE,NOT_FOR_ENFORCEMENT,-60.0000,4108.8000,-62.5000,-60.0000,-2.5000,-0.01267748,-0.01217039,-2.5000,-60.0000,-0.01217039,-2.5000,-2.5000,-2.5000,-3.1250,-3.1250,-60.0000,-0.01217039,-13.7500,-12.5954,-48.7500,-49.9046,-0.00988844,-0.01012265,-0.00050710,56.0227,48.6364,-0.7102,-62.5000,-1.9531,4930.0000,88.0000,,56.0227,50.0,60.0,60.0,80.0,80.0,92.4001,50.0,0.0,1.333333,1.540001,0.933712,25,21,1,2,0E-8,-0.01267748,,0E-8,0.000000,0.868154,0.000000,,2026-05-09,2026-05-09,1,32,25,1,1.000000,,,0.000000,,,,,,,,GLOBAL_BASELINE_NO_ENTITY_RANKING,,,NOT_APPLICABLE_GLOBAL_BASELINE,HF9g-P5,,,,X 全窗基线 · 不参与实体赏罚,3920060,393,A168_HF9F_20260827_0900,2026-08-27 09:00:00
2026-05-09,149785936,1714,0,240.0000000000,-20.0000000000,-20.0000000000,0.5000000,4,4,0.49324550000000000,0.493245500000,0.01910635448239258,0.01910635448239258,0.01910635448239258,0E-17,ELIGIBLE,R03b_20260811_FULL_v1,L1_ELIGIBILITY,v2026-08-11,2026-03-21..2026-08-06,baccarat_bet02_101_all_pairs_incl_sentinel,round_win = game_pnl > 0 (decisive only),COMPATIBILITY_ONLY_NOT_PRODUCTION,4930.0000,4280.0000,-62.5000,88,88,0.01267748,,0.01267748,0.01267748,62.5000,4930.0000,OK,0.0000,-2.5000,4.0000,96.0000,AG03-UNRESOLVED,ALL5_LEVELS_bet23_to_bet27,-2.5000,-2.5000,-2.5000,-3.1250,-3.1250,4.000000,4.000000,4.000000,5.000000,5.000000,96.000000,96.000000,96.000000,95.000000,95.000000,5.0,-13.7500,-12.5954,-48.7500,-49.9046,PENDING_AG03,FALSE,NOT_FOR_ENFORCEMENT,-60.0000,4108.8000,-62.5000,-60.0000,-2.5000,-0.01267748,-0.01217039,-2.5000,-60.0000,-0.01217039,-2.5000,-2.5000,-2.5000,-3.1250,-3.1250,-60.0000,-0.01217039,-13.7500,-12.5954,-48.7500,-49.9046,-0.00988844,-0.01012265,-0.00050710,56.0227,48.6364,-0.7102,-62.5000,-1.9531,4930.0000,88.0000,,56.0227,50.0,60.0,60.0,80.0,80.0,92.4001,50.0,0.0,1.333333,1.540001,0.933712,25,21,1,2,0E-8,-0.01267748,,0E-8,0.000000,0.868154,0.000000,,2026-05-09,2026-05-09,1,32,25,1,1.000000,,,0.000000,,,,,,,,GLOBAL_BASELINE_NO_ENTITY_RANKING,,,NOT_APPLICABLE_GLOBAL_BASELINE,HF9g-P5,,,,X 全窗基线 · 不参与实体赏罚,3920061,393,A168_HF9F_20260827_0900,2026-08-27 09:00:00
2026-05-09,149785936,1941,0,60.0000000000,-60.0000000000,-60.0000000000,0E-7,1,1,0.50665070000000000,0.506650700000,-1.013391052207602,-1.013391052207602,-1.013391052207602,0E-17,ELIGIBLE,R03b_20260811_FULL_v1,L1_ELIGIBILITY,v2026-08-11,2026-03-21..2026-08-06,baccarat_bet02_101_all_pairs_incl_sentinel,round_win = game_pnl > 0 (decisive only),COMPATIBILITY_ONLY_NOT_PRODUCTION,4930.0000,4280.0000,-62.5000,88,88,0.01267748,,0.01267748,0.01267748,62.5000,4930.0000,OK,0.0000,-2.5000,4.0000,96.0000,AG03-UNRESOLVED,ALL5_LEVELS_bet23_to_bet27,-2.5000,-2.5000,-2.5000,-3.1250,-3.1250,4.000000,4.000000,4.000000,5.000000,5.000000,96.000000,96.000000,96.000000,95.000000,95.000000,5.0,-13.7500,-12.5954,-48.7500,-49.9046,PENDING_AG03,FALSE,NOT_FOR_ENFORCEMENT,-60.0000,4108.8000,-62.5000,-60.0000,-2.5000,-0.01267748,-0.01217039,-2.5000,-60.0000,-0.01217039,-2.5000,-2.5000,-2.5000,-3.1250,-3.1250,-60.0000,-0.01217039,-13.7500,-12.5954,-48.7500,-49.9046,-0.00988844,-0.01012265,-0.00050710,56.0227,48.6364,-0.7102,-62.5000,-1.9531,4930.0000,88.0000,,56.0227,50.0,60.0,60.0,80.0,80.0,92.4001,50.0,0.0,1.333333,1.540001,0.933712,25,21,1,2,0E-8,-0.01267748,,0E-8,0.000000,0.868154,0.000000,,2026-05-09,2026-05-09,1,32,25,1,1.000000,,,0.000000,,,,,,,,GLOBAL_BASELINE_NO_ENTITY_RANKING,,,NOT_APPLICABLE_GLOBAL_BASELINE,HF9g-P5,,,,X 全窗基线 · 不参与实体赏罚,3920062,393,A168_HF9F_20260827_0900,2026-08-27 09:00:00
2026-05-09,149785936,1951,0,150.0000000000,0E-10,0E-10,0.5000000,3,3,0.49324550000000000,0.493245500000,0.01910635448239258,0.01910635448239258,0.01910635448239258,0E-17,ELIGIBLE,R03b_20260811_FULL_v1,L1_ELIGIBILITY,v2026-08-11,2026-03-21..2026-08-06,baccarat_bet02_101_all_pairs_incl_sentinel,round_win = game_pnl > 0 (decisive only),COMPATIBILITY_ONLY_NOT_PRODUCTION,4930.0000,4280.0000,-62.5000,88,88,0.01267748,,0.01267748,0.01267748,62.5000,4930.0000,OK,0.0000,-2.5000,4.0000,96.0000,AG03-UNRESOLVED,ALL5_LEVELS_bet23_to_bet27,-2.5000,-2.5000,-2.5000,-3.1250,-3.1250,4.000000,4.000000,4.000000,5.000000,5.000000,96.000000,96.000000,96.000000,95.000000,95.000000,5.0,-13.7500,-12.5954,-48.7500,-49.9046,PENDING_AG03,FALSE,NOT_FOR_ENFORCEMENT,-60.0000,4108.8000,-62.5000,-60.0000,-2.5000,-0.01267748,-0.01217039,-2.5000,-60.0000,-0.01217039,-2.5000,-2.5000,-2.5000,-3.1250,-3.1250,-60.0000,-0.01217039,-13.7500,-12.5954,-48.7500,-49.9046,-0.00988844,-0.01012265,-0.00050710,56.0227,48.6364,-0.7102,-62.5000,-1.9531,4930.0000,88.0000,,56.0227,50.0,60.0,60.0,80.0,80.0,92.4001,50.0,0.0,1.333333,1.540001,0.933712,25,21,1,2,0E-8,-0.01267748,,0E-8,0.000000,0.868154,0.000000,,2026-05-09,2026-05-09,1,32,25,1,1.000000,,,0.000000,,,,,,,,GLOBAL_BASELINE_NO_ENTITY_RANKING,,,NOT_APPLICABLE_GLOBAL_BASELINE,HF9g-P5,,,,X 全窗基线 · 不参与实体赏罚,3920063,393,A168_HF9F_20260827_0900,2026-08-27 09:00:00
2026-05-09,149785936,2103,0,420.0000000000,52.0000000000,52.0000000000,0.6250000,8,8,0.50162375000000000,0.501623750000,0.6979251443573454,0.6979251443573454,0.6979251443573454,0E-17,ELIGIBLE,R03b_20260811_FULL_v1,L1_ELIGIBILITY,v2026-08-11,2026-03-21..2026-08-06,baccarat_bet02_101_all_pairs_incl_sentinel,round_win = game_pnl > 0 (decisive only),COMPATIBILITY_ONLY_NOT_PRODUCTION,4930.0000,4280.0000,-62.5000,88,88,0.01267748,,0.01267748,0.01267748,62.5000,4930.0000,OK,0.0000,-2.5000,4.0000,96.0000,AG03-UNRESOLVED,ALL5_LEVELS_bet23_to_bet27,-2.5000,-2.5000,-2.5000,-3.1250,-3.1250,4.000000,4.000000,4.000000,5.000000,5.000000,96.000000,96.000000,96.000000,95.000000,95.000000,5.0,-13.7500,-12.5954,-48.7500,-49.9046,PENDING_AG03,FALSE,NOT_FOR_ENFORCEMENT,-60.0000,4108.8000,-62.5000,-60.0000,-2.5000,-0.01267748,-0.01217039,-2.5000,-60.0000,-0.01217039,-2.5000,-2.5000,-2.5000,-3.1250,-3.1250,-60.0000,-0.01217039,-13.7500,-12.5954,-48.7500,-49.9046,-0.00988844,-0.01012265,-0.00050710,56.0227,48.6364,-0.7102,-62.5000,-1.9531,4930.0000,88.0000,,56.0227,50.0,60.0,60.0,80.0,80.0,92.4001,50.0,0.0,1.333333,1.540001,0.933712,25,21,1,2,0E-8,-0.01267748,,0E-8,0.000000,0.868154,0.000000,,2026-05-09,2026-05-09,1,32,25,1,1.000000,,,0.000000,,,,,,,,GLOBAL_BASELINE_NO_ENTITY_RANKING,,,NOT_APPLICABLE_GLOBAL_BASELINE,HF9g-P5,,,,X 全窗基线 · 不参与实体赏罚,3920064,393,A168_HF9F_20260827_0900,2026-08-27 09:00:00
2026-05-09,149785936,2123,0,470.0000000000,-19.0000000000,-19.0000000000,0.4285714,9,9,0.50367176666666667,0.503671766667,-0.3974043516061822,-0.39740435160794807,-0.3974043516061822,-3.3333E-13,ELIGIBLE,R03b_20260811_FULL_v1,L1_ELIGIBILITY,v2026-08-11,2026-03-21..2026-08-06,baccarat_bet02_101_all_pairs_incl_sentinel,round_win = game_pnl > 0 (decisive only),COMPATIBILITY_ONLY_NOT_PRODUCTION,4930.0000,4280.0000,-62.5000,88,88,0.01267748,,0.01267748,0.01267748,62.5000,4930.0000,OK,0.0000,-2.5000,4.0000,96.0000,AG03-UNRESOLVED,ALL5_LEVELS_bet23_to_bet27,-2.5000,-2.5000,-2.5000,-3.1250,-3.1250,4.000000,4.000000,4.000000,5.000000,5.000000,96.000000,96.000000,96.000000,95.000000,95.000000,5.0,-13.7500,-12.5954,-48.7500,-49.9046,PENDING_AG03,FALSE,NOT_FOR_ENFORCEMENT,-60.0000,4108.8000,-62.5000,-60.0000,-2.5000,-0.01267748,-0.01217039,-2.5000,-60.0000,-0.01217039,-2.5000,-2.5000,-2.5000,-3.1250,-3.1250,-60.0000,-0.01217039,-13.7500,-12.5954,-48.7500,-49.9046,-0.00988844,-0.01012265,-0.00050710,56.0227,48.6364,-0.7102,-62.5000,-1.9531,4930.0000,88.0000,,56.0227,50.0,60.0,60.0,80.0,80.0,92.4001,50.0,0.0,1.333333,1.540001,0.933712,25,21,1,2,0E-8,-0.01267748,,0E-8,0.000000,0.868154,0.000000,,2026-05-09,2026-05-09,1,32,25,1,1.000000,,,0.000000,,,,,,,,GLOBAL_BASELINE_NO_ENTITY_RANKING,,,NOT_APPLICABLE_GLOBAL_BASELINE,HF9g-P5,,,,X 全窗基线 · 不参与实体赏罚,3920065,393,A168_HF9F_20260827_0900,2026-08-27 09:00:00
2026-05-09,149785936,2142,0,160.0000000000,80.0000000000,80.0000000000,1.0000000,3,3,0.49324550000000000,0.493245500000,1.4334489766152358,1.4334489766152358,1.4334489766152358,0E-17,ELIGIBLE,R03b_20260811_FULL_v1,L1_ELIGIBILITY,v2026-08-11,2026-03-21..2026-08-06,baccarat_bet02_101_all_pairs_incl_sentinel,round_win = game_pnl > 0 (decisive only),COMPATIBILITY_ONLY_NOT_PRODUCTION,4930.0000,4280.0000,-62.5000,88,88,0.01267748,,0.01267748,0.01267748,62.5000,4930.0000,OK,0.0000,-2.5000,4.0000,96.0000,AG03-UNRESOLVED,ALL5_LEVELS_bet23_to_bet27,-2.5000,-2.5000,-2.5000,-3.1250,-3.1250,4.000000,4.000000,4.000000,5.000000,5.000000,96.000000,96.000000,96.000000,95.000000,95.000000,5.0,-13.7500,-12.5954,-48.7500,-49.9046,PENDING_AG03,FALSE,NOT_FOR_ENFORCEMENT,-60.0000,4108.8000,-62.5000,-60.0000,-2.5000,-0.01267748,-0.01217039,-2.5000,-60.0000,-0.01217039,-2.5000,-2.5000,-2.5000,-3.1250,-3.1250,-60.0000,-0.01217039,-13.7500,-12.5954,-48.7500,-49.9046,-0.00988844,-0.01012265,-0.00050710,56.0227,48.6364,-0.7102,-62.5000,-1.9531,4930.0000,88.0000,,56.0227,50.0,60.0,60.0,80.0,80.0,92.4001,50.0,0.0,1.333333,1.540001,0.933712,25,21,1,2,0E-8,-0.01267748,,0E-8,0.000000,0.868154,0.000000,,2026-05-09,2026-05-09,1,32,25,1,1.000000,,,0.000000,,,,,,,,GLOBAL_BASELINE_NO_ENTITY_RANKING,,,NOT_APPLICABLE_GLOBAL_BASELINE,HF9g-P5,,,,X 全窗基线 · 不参与实体赏罚,3920066,393,A168_HF9F_20260827_0900,2026-08-27 09:00:00
2026-05-09,149785936,2156,0,180.0000000000,-60.0000000000,-60.0000000000,0.3333333,3,3,0.49324550000000000,0.493245500000,-0.5540025479526107,-0.5540025479526106,-0.5540025479526107,0E-17,ELIGIBLE,R03b_20260811_FULL_v1,L1_ELIGIBILITY,v2026-08-11,2026-03-21..2026-08-06,baccarat_bet02_101_all_pairs_incl_sentinel,round_win = game_pnl > 0 (decisive only),COMPATIBILITY_ONLY_NOT_PRODUCTION,4930.0000,4280.0000,-62.5000,88,88,0.01267748,,0.01267748,0.01267748,62.5000,4930.0000,OK,0.0000,-2.5000,4.0000,96.0000,AG03-UNRESOLVED,ALL5_LEVELS_bet23_to_bet27,-2.5000,-2.5000,-2.5000,-3.1250,-3.1250,4.000000,4.000000,4.000000,5.000000,5.000000,96.000000,96.000000,96.000000,95.000000,95.000000,5.0,-13.7500,-12.5954,-48.7500,-49.9046,PENDING_AG03,FALSE,NOT_FOR_ENFORCEMENT,-60.0000,4108.8000,-62.5000,-60.0000,-2.5000,-0.01267748,-0.01217039,-2.5000,-60.0000,-0.01217039,-2.5000,-2.5000,-2.5000,-3.1250,-3.1250,-60.0000,-0.01217039,-13.7500,-12.5954,-48.7500,-49.9046,-0.00988844,-0.01012265,-0.00050710,56.0227,48.6364,-0.7102,-62.5000,-1.9531,4930.0000,88.0000,,56.0227,50.0,60.0,60.0,80.0,80.0,92.4001,50.0,0.0,1.333333,1.540001,0.933712,25,21,1,2,0E-8,-0.01267748,,0E-8,0.000000,0.868154,0.000000,,2026-05-09,2026-05-09,1,32,25,1,1.000000,,,0.000000,,,,,,,,GLOBAL_BASELINE_NO_ENTITY_RANKING,,,NOT_APPLICABLE_GLOBAL_BASELINE,HF9g-P5,,,,X 全窗基线 · 不参与实体赏罚,3920067,393,A168_HF9F_20260827_0900,2026-08-27 09:00:00
2026-05-09,149785936,2164,0,40.0000000000,38.0000000000,38.0000000000,1.0000000,1,1,0.50665070000000000,0.506650700000,0.9867858985152569,0.9867858985152569,0.9867858985152569,0E-17,ELIGIBLE,R03b_20260811_FULL_v1,L1_ELIGIBILITY,v2026-08-11,2026-03-21..2026-08-06,baccarat_bet02_101_all_pairs_incl_sentinel,round_win = game_pnl > 0 (decisive only),COMPATIBILITY_ONLY_NOT_PRODUCTION,4930.0000,4280.0000,-62.5000,88,88,0.01267748,,0.01267748,0.01267748,62.5000,4930.0000,OK,0.0000,-2.5000,4.0000,96.0000,AG03-UNRESOLVED,ALL5_LEVELS_bet23_to_bet27,-2.5000,-2.5000,-2.5000,-3.1250,-3.1250,4.000000,4.000000,4.000000,5.000000,5.000000,96.000000,96.000000,96.000000,95.000000,95.000000,5.0,-13.7500,-12.5954,-48.7500,-49.9046,PENDING_AG03,FALSE,NOT_FOR_ENFORCEMENT,-60.0000,4108.8000,-62.5000,-60.0000,-2.5000,-0.01267748,-0.01217039,-2.5000,-60.0000,-0.01217039,-2.5000,-2.5000,-2.5000,-3.1250,-3.1250,-60.0000,-0.01217039,-13.7500,-12.5954,-48.7500,-49.9046,-0.00988844,-0.01012265,-0.00050710,56.0227,48.6364,-0.7102,-62.5000,-1.9531,4930.0000,88.0000,,56.0227,50.0,60.0,60.0,80.0,80.0,92.4001,50.0,0.0,1.333333,1.540001,0.933712,25,21,1,2,0E-8,-0.01267748,,0E-8,0.000000,0.868154,0.000000,,2026-05-09,2026-05-09,1,32,25,1,1.000000,,,0.000000,,,,,,,,GLOBAL_BASELINE_NO_ENTITY_RANKING,,,NOT_APPLICABLE_GLOBAL_BASELINE,HF9g-P5,,,,X 全窗基线 · 不参与实体赏罚,3920068,393,A168_HF9F_20260827_0900,2026-08-27 09:00:00
2026-05-09,149785936,2167,0,160.0000000000,154.0000000000,154.0000000000,1.0000000,3,3,0.50218230000000000,0.502182300000,1.724507524396475,1.7245075243964754,1.724507524396475,0E-17,ELIGIBLE,R03b_20260811_FULL_v1,L1_ELIGIBILITY,v2026-08-11,2026-03-21..2026-08-06,baccarat_bet02_101_all_pairs_incl_sentinel,round_win = game_pnl > 0 (decisive only),COMPATIBILITY_ONLY_NOT_PRODUCTION,4930.0000,4280.0000,-62.5000,88,88,0.01267748,,0.01267748,0.01267748,62.5000,4930.0000,OK,0.0000,-2.5000,4.0000,96.0000,AG03-UNRESOLVED,ALL5_LEVELS_bet23_to_bet27,-2.5000,-2.5000,-2.5000,-3.1250,-3.1250,4.000000,4.000000,4.000000,5.000000,5.000000,96.000000,96.000000,96.000000,95.000000,95.000000,5.0,-13.7500,-12.5954,-48.7500,-49.9046,PENDING_AG03,FALSE,NOT_FOR_ENFORCEMENT,-60.0000,4108.8000,-62.5000,-60.0000,-2.5000,-0.01267748,-0.01217039,-2.5000,-60.0000,-0.01217039,-2.5000,-2.5000,-2.5000,-3.1250,-3.1250,-60.0000,-0.01217039,-13.7500,-12.5954,-48.7500,-49.9046,-0.00988844,-0.01012265,-0.00050710,56.0227,48.6364,-0.7102,-62.5000,-1.9531,4930.0000,88.0000,,56.0227,50.0,60.0,60.0,80.0,80.0,92.4001,50.0,0.0,1.333333,1.540001,0.933712,25,21,1,2,0E-8,-0.01267748,,0E-8,0.000000,0.868154,0.000000,,2026-05-09,2026-05-09,1,32,25,1,1.000000,,,0.000000,,,,,,,,GLOBAL_BASELINE_NO_ENTITY_RANKING,,,NOT_APPLICABLE_GLOBAL_BASELINE,HF9g-P5,,,,X 全窗基线 · 不参与实体赏罚,3920069,393,A168_HF9F_20260827_0900,2026-08-27 09:00:00
2026-05-09,149785936,2175,0,180.0000000000,100.0000000000,100.0000000000,1.0000000,3,3,0.49324550000000000,0.493245500000,1.4334489766152358,1.4334489766152358,1.4334489766152358,0E-17,ELIGIBLE,R03b_20260811_FULL_v1,L1_ELIGIBILITY,v2026-08-11,2026-03-21..2026-08-06,baccarat_bet02_101_all_pairs_incl_sentinel,round_win = game_pnl > 0 (decisive only),COMPATIBILITY_ONLY_NOT_PRODUCTION,4930.0000,4280.0000,-62.5000,88,88,0.01267748,,0.01267748,0.01267748,62.5000,4930.0000,OK,0.0000,-2.5000,4.0000,96.0000,AG03-UNRESOLVED,ALL5_LEVELS_bet23_to_bet27,-2.5000,-2.5000,-2.5000,-3.1250,-3.1250,4.000000,4.000000,4.000000,5.000000,5.000000,96.000000,96.000000,96.000000,95.000000,95.000000,5.0,-13.7500,-12.5954,-48.7500,-49.9046,PENDING_AG03,FALSE,NOT_FOR_ENFORCEMENT,-60.0000,4108.8000,-62.5000,-60.0000,-2.5000,-0.01267748,-0.01217039,-2.5000,-60.0000,-0.01217039,-2.5000,-2.5000,-2.5000,-3.1250,-3.1250,-60.0000,-0.01217039,-13.7500,-12.5954,-48.7500,-49.9046,-0.00988844,-0.01012265,-0.00050710,56.0227,48.6364,-0.7102,-62.5000,-1.9531,4930.0000,88.0000,,56.0227,50.0,60.0,60.0,80.0,80.0,92.4001,50.0,0.0,1.333333,1.540001,0.933712,25,21,1,2,0E-8,-0.01267748,,0E-8,0.000000,0.868154,0.000000,,2026-05-09,2026-05-09,1,32,25,1,1.000000,,,0.000000,,,,,,,,GLOBAL_BASELINE_NO_ENTITY_RANKING,,,NOT_APPLICABLE_GLOBAL_BASELINE,HF9g-P5,,,,X 全窗基线 · 不参与实体赏罚,3920070,393,A168_HF9F_20260827_0900,2026-08-27 09:00:00
2026-05-09,149785936,2241,0,300.0000000000,-63.0000000000,-63.0000000000,0.4000000,5,5,0.50396966000000000,0.503969660000,-0.4649811094771361,-0.4649811094771361,-0.4649811094771361,0E-17,ELIGIBLE,R03b_20260811_FULL_v1,L1_ELIGIBILITY,v2026-08-11,2026-03-21..2026-08-06,baccarat_bet02_101_all_pairs_incl_sentinel,round_win = game_pnl > 0 (decisive only),COMPATIBILITY_ONLY_NOT_PRODUCTION,4930.0000,4280.0000,-62.5000,88,88,0.01267748,,0.01267748,0.01267748,62.5000,4930.0000,OK,0.0000,-2.5000,4.0000,96.0000,AG03-UNRESOLVED,ALL5_LEVELS_bet23_to_bet27,-2.5000,-2.5000,-2.5000,-3.1250,-3.1250,4.000000,4.000000,4.000000,5.000000,5.000000,96.000000,96.000000,96.000000,95.000000,95.000000,5.0,-13.7500,-12.5954,-48.7500,-49.9046,PENDING_AG03,FALSE,NOT_FOR_ENFORCEMENT,-60.0000,4108.8000,-62.5000,-60.0000,-2.5000,-0.01267748,-0.01217039,-2.5000,-60.0000,-0.01217039,-2.5000,-2.5000,-2.5000,-3.1250,-3.1250,-60.0000,-0.01217039,-13.7500,-12.5954,-48.7500,-49.9046,-0.00988844,-0.01012265,-0.00050710,56.0227,48.6364,-0.7102,-62.5000,-1.9531,4930.0000,88.0000,,56.0227,50.0,60.0,60.0,80.0,80.0,92.4001,50.0,0.0,1.333333,1.540001,0.933712,25,21,1,2,0E-8,-0.01267748,,0E-8,0.000000,0.868154,0.000000,,2026-05-09,2026-05-09,1,32,25,1,1.000000,,,0.000000,,,,,,,,GLOBAL_BASELINE_NO_ENTITY_RANKING,,,NOT_APPLICABLE_GLOBAL_BASELINE,HF9g-P5,,,,X 全窗基线 · 不参与实体赏罚,3920071,393,A168_HF9F_20260827_0900,2026-08-27 09:00:00
2026-05-09,149785936,2267,0,140.0000000000,20.0000000000,20.0000000000,0.5000000,2,2,0.49994810000000000,0.499948100000,0.00014679536856514622,0.00014679536856514622,0.00014679536856514622,0E-17,ELIGIBLE,R03b_20260811_FULL_v1,L1_ELIGIBILITY,v2026-08-11,2026-03-21..2026-08-06,baccarat_bet02_101_all_pairs_incl_sentinel,round_win = game_pnl > 0 (decisive only),COMPATIBILITY_ONLY_NOT_PRODUCTION,4930.0000,4280.0000,-62.5000,88,88,0.01267748,,0.01267748,0.01267748,62.5000,4930.0000,OK,0.0000,-2.5000,4.0000,96.0000,AG03-UNRESOLVED,ALL5_LEVELS_bet23_to_bet27,-2.5000,-2.5000,-2.5000,-3.1250,-3.1250,4.000000,4.000000,4.000000,5.000000,5.000000,96.000000,96.000000,96.000000,95.000000,95.000000,5.0,-13.7500,-12.5954,-48.7500,-49.9046,PENDING_AG03,FALSE,NOT_FOR_ENFORCEMENT,-60.0000,4108.8000,-62.5000,-60.0000,-2.5000,-0.01267748,-0.01217039,-2.5000,-60.0000,-0.01217039,-2.5000,-2.5000,-2.5000,-3.1250,-3.1250,-60.0000,-0.01217039,-13.7500,-12.5954,-48.7500,-49.9046,-0.00988844,-0.01012265,-0.00050710,56.0227,48.6364,-0.7102,-62.5000,-1.9531,4930.0000,88.0000,,56.0227,50.0,60.0,60.0,80.0,80.0,92.4001,50.0,0.0,1.333333,1.540001,0.933712,25,21,1,2,0E-8,-0.01267748,,0E-8,0.000000,0.868154,0.000000,,2026-05-09,2026-05-09,1,32,25,1,1.000000,,,0.000000,,,,,,,,GLOBAL_BASELINE_NO_ENTITY_RANKING,,,NOT_APPLICABLE_GLOBAL_BASELINE,HF9g-P5,,,,X 全窗基线 · 不参与实体赏罚,3920072,393,A168_HF9F_20260827_0900,2026-08-27 09:00:00
2026-05-09,149785936,583,0,20.0000000000,20.0000000000,20.0000000000,1.0000000,1,1,0.49324550000000000,0.493245500000,1.01360149184955,1.01360149184955,1.01360149184955,0E-17,ELIGIBLE,R03b_20260811_FULL_v1,L1_ELIGIBILITY,v2026-08-11,2026-03-21..2026-08-06,baccarat_bet02_101_all_pairs_incl_sentinel,round_win = game_pnl > 0 (decisive only),COMPATIBILITY_ONLY_NOT_PRODUCTION,4930.0000,4280.0000,-62.5000,88,88,0.01267748,,0.01267748,0.01267748,62.5000,4930.0000,OK,0.0000,-2.5000,4.0000,96.0000,AG03-UNRESOLVED,ALL5_LEVELS_bet23_to_bet27,-2.5000,-2.5000,-2.5000,-3.1250,-3.1250,4.000000,4.000000,4.000000,5.000000,5.000000,96.000000,96.000000,96.000000,95.000000,95.000000,5.0,-13.7500,-12.5954,-48.7500,-49.9046,PENDING_AG03,FALSE,NOT_FOR_ENFORCEMENT,-60.0000,4108.8000,-62.5000,-60.0000,-2.5000,-0.01267748,-0.01217039,-2.5000,-60.0000,-0.01217039,-2.5000,-2.5000,-2.5000,-3.1250,-3.1250,-60.0000,-0.01217039,-13.7500,-12.5954,-48.7500,-49.9046,-0.00988844,-0.01012265,-0.00050710,56.0227,48.6364,-0.7102,-62.5000,-1.9531,4930.0000,88.0000,,56.0227,50.0,60.0,60.0,80.0,80.0,92.4001,50.0,0.0,1.333333,1.540001,0.933712,25,21,1,2,0E-8,-0.01267748,,0E-8,0.000000,0.868154,0.000000,,2026-05-09,2026-05-09,1,32,25,1,1.000000,,,0.000000,,,,,,,,GLOBAL_BASELINE_NO_ENTITY_RANKING,,,NOT_APPLICABLE_GLOBAL_BASELINE,HF9g-P5,,,,X 全窗基线 · 不参与实体赏罚,3920073,393,A168_HF9F_20260827_0900,2026-08-27 09:00:00
2026-05-09,149785936,948,0,100.0000000000,98.0000000000,98.0000000000,1.0000000,2,2,0.49994810000000000,0.499948100000,1.4143603653603398,1.4143603653603398,1.4143603653603398,0E-17,ELIGIBLE,R03b_20260811_FULL_v1,L1_ELIGIBILITY,v2026-08-11,2026-03-21..2026-08-06,baccarat_bet02_101_all_pairs_incl_sentinel,round_win = game_pnl > 0 (decisive only),COMPATIBILITY_ONLY_NOT_PRODUCTION,4930.0000,4280.0000,-62.5000,88,88,0.01267748,,0.01267748,0.01267748,62.5000,4930.0000,OK,0.0000,-2.5000,4.0000,96.0000,AG03-UNRESOLVED,ALL5_LEVELS_bet23_to_bet27,-2.5000,-2.5000,-2.5000,-3.1250,-3.1250,4.000000,4.000000,4.000000,5.000000,5.000000,96.000000,96.000000,96.000000,95.000000,95.000000,5.0,-13.7500,-12.5954,-48.7500,-49.9046,PENDING_AG03,FALSE,NOT_FOR_ENFORCEMENT,-60.0000,4108.8000,-62.5000,-60.0000,-2.5000,-0.01267748,-0.01217039,-2.5000,-60.0000,-0.01217039,-2.5000,-2.5000,-2.5000,-3.1250,-3.1250,-60.0000,-0.01217039,-13.7500,-12.5954,-48.7500,-49.9046,-0.00988844,-0.01012265,-0.00050710,56.0227,48.6364,-0.7102,-62.5000,-1.9531,4930.0000,88.0000,,56.0227,50.0,60.0,60.0,80.0,80.0,92.4001,50.0,0.0,1.333333,1.540001,0.933712,25,21,1,2,0E-8,-0.01267748,,0E-8,0.000000,0.868154,0.000000,,2026-05-09,2026-05-09,1,32,25,1,1.000000,,,0.000000,,,,,,,,GLOBAL_BASELINE_NO_ENTITY_RANKING,,,NOT_APPLICABLE_GLOBAL_BASELINE,HF9g-P5,,,,X 全窗基线 · 不参与实体赏罚,3920074,393,A168_HF9F_20260827_0900,2026-08-27 09:00:00
2026-05-09,149785936,994,0,400.0000000000,212.0000000000,212.0000000000,0.8333333,7,7,0.50282064285714286,0.502820642857,1.6192006553726281,1.6192006553733256,1.6192006553726281,1.4286E-13,ELIGIBLE,R03b_20260811_FULL_v1,L1_ELIGIBILITY,v2026-08-11,2026-03-21..2026-08-06,baccarat_bet02_101_all_pairs_incl_sentinel,round_win = game_pnl > 0 (decisive only),COMPATIBILITY_ONLY_NOT_PRODUCTION,4930.0000,4280.0000,-62.5000,88,88,0.01267748,,0.01267748,0.01267748,62.5000,4930.0000,OK,0.0000,-2.5000,4.0000,96.0000,AG03-UNRESOLVED,ALL5_LEVELS_bet23_to_bet27,-2.5000,-2.5000,-2.5000,-3.1250,-3.1250,4.000000,4.000000,4.000000,5.000000,5.000000,96.000000,96.000000,96.000000,95.000000,95.000000,5.0,-13.7500,-12.5954,-48.7500,-49.9046,PENDING_AG03,FALSE,NOT_FOR_ENFORCEMENT,-60.0000,4108.8000,-62.5000,-60.0000,-2.5000,-0.01267748,-0.01217039,-2.5000,-60.0000,-0.01217039,-2.5000,-2.5000,-2.5000,-3.1250,-3.1250,-60.0000,-0.01217039,-13.7500,-12.5954,-48.7500,-49.9046,-0.00988844,-0.01012265,-0.00050710,56.0227,48.6364,-0.7102,-62.5000,-1.9531,4930.0000,88.0000,,56.0227,50.0,60.0,60.0,80.0,80.0,92.4001,50.0,0.0,1.333333,1.540001,0.933712,25,21,1,2,0E-8,-0.01267748,,0E-8,0.000000,0.868154,0.000000,,2026-05-09,2026-05-09,1,32,25,1,1.000000,,,0.000000,,,,,,,,GLOBAL_BASELINE_NO_ENTITY_RANKING,,,NOT_APPLICABLE_GLOBAL_BASELINE,HF9g-P5,,,,X 全窗基线 · 不参与实体赏罚,3920075,393,A168_HF9F_20260827_0900,2026-08-27 09:00:00
2026-03-23,124529568,-1,1,4.4017959327,-4.4017959327,-4.4017959327,0E-7,1,1,0.50665070000000000,0.506650700000,-1.013391052207602,-1.013391052207602,-1.013391052207602,0E-17,SENTINEL_DEALER,R03b_20260811_FULL_v1,L1_ELIGIBILITY,v2026-08-11,2026-03-21..2026-08-06,baccarat_bet02_101_all_pairs_incl_sentinel,round_win = game_pnl > 0 (decisive only),COMPATIBILITY_ONLY_NOT_PRODUCTION,7577.8122,7014.9497,-62.4939,2026,978,0.00824695,0.04452942,-0.17025085,0.00824695,62.4939,7577.8122,OK,0.0000,-2.4998,4.0000,96.0000,AG03-UNRESOLVED,ALL5_LEVELS_bet23_to_bet27,-2.4998,-2.4998,-2.8122,-2.8122,-2.8122,4.000000,4.000000,4.500000,4.500000,4.500000,96.000000,96.000000,95.500000,95.500000,95.500000,5.0,-13.4362,-12.3301,-49.0577,-50.1638,PENDING_AG03,FALSE,NOT_FOR_ENFORCEMENT,-59.9941,6734.3517,-62.4939,-59.9941,-2.4998,-0.00824695,-0.00791708,-2.4998,-59.9941,-0.00791708,-2.4998,-2.4998,-2.8122,-2.8122,-2.8122,-59.9941,-0.00791708,-13.4362,-12.3301,-49.0577,-50.1638,-0.00647386,-0.00661982,-0.00032988,3.7403,7.1728,-0.0639,-4.8072,-0.3019,582.9086,75.2308,3.7331,3.7761,2.0439,2.0439,6.0611,6.3247,8.1756,8.1756,2.0439,-2.0439,4.0,4.0,1.829971,29,100,9,5,0.83107169,-0.00824695,-0.04452942,0E-8,0.000000,0.925722,0.000000,0.21478027,2026-03-23,2026-08-04,13,207,137,135,0.096296,0.988600,0.998074,2.770239,,,,,,,,GLOBAL_BASELINE_NO_ENTITY_RANKING,,,NOT_APPLICABLE_GLOBAL_BASELINE,HF9g-P5,,,,X 全窗基线 · 不参与实体赏罚,3920076,393,A168_HF9F_20260827_0900,2026-08-27 09:00:00
2026-03-23,124529568,2130,0,13.2053877981,4.1817061361,4.1817061361,0.6666667,3,3,0.49771390000000000,0.497713900000,0.5852756695216578,0.5852756695216578,0.5852756695216578,0E-17,ELIGIBLE,R03b_20260811_FULL_v1,L1_ELIGIBILITY,v2026-08-11,2026-03-21..2026-08-06,baccarat_bet02_101_all_pairs_incl_sentinel,round_win = game_pnl > 0 (decisive only),COMPATIBILITY_ONLY_NOT_PRODUCTION,7577.8122,7014.9497,-62.4939,2026,978,0.00824695,0.04452942,-0.17025085,0.00824695,62.4939,7577.8122,OK,0.0000,-2.4998,4.0000,96.0000,AG03-UNRESOLVED,ALL5_LEVELS_bet23_to_bet27,-2.4998,-2.4998,-2.8122,-2.8122,-2.8122,4.000000,4.000000,4.500000,4.500000,4.500000,96.000000,96.000000,95.500000,95.500000,95.500000,5.0,-13.4362,-12.3301,-49.0577,-50.1638,PENDING_AG03,FALSE,NOT_FOR_ENFORCEMENT,-59.9941,6734.3517,-62.4939,-59.9941,-2.4998,-0.00824695,-0.00791708,-2.4998,-59.9941,-0.00791708,-2.4998,-2.4998,-2.8122,-2.8122,-2.8122,-59.9941,-0.00791708,-13.4362,-12.3301,-49.0577,-50.1638,-0.00647386,-0.00661982,-0.00032988,3.7403,7.1728,-0.0639,-4.8072,-0.3019,582.9086,75.2308,3.7331,3.7761,2.0439,2.0439,6.0611,6.3247,8.1756,8.1756,2.0439,-2.0439,4.0,4.0,1.829971,29,100,9,5,0.83107169,-0.00824695,-0.04452942,0E-8,0.000000,0.925722,0.000000,0.21478027,2026-03-23,2026-08-04,13,207,137,135,0.096296,0.988600,0.998074,2.770239,,,,,,,,GLOBAL_BASELINE_NO_ENTITY_RANKING,,,NOT_APPLICABLE_GLOBAL_BASELINE,HF9g-P5,,,,X 全窗基线 · 不参与实体赏罚,3920077,393,A168_HF9F_20260827_0900,2026-08-27 09:00:00
2026-03-23,124529568,2145,0,2.2008979664,-2.2008979664,-2.2008979664,0E-7,1,1,0.50665070000000000,0.506650700000,-1.013391052207602,-1.013391052207602,-1.013391052207602,0E-17,ELIGIBLE,R03b_20260811_FULL_v1,L1_ELIGIBILITY,v2026-08-11,2026-03-21..2026-08-06,baccarat_bet02_101_all_pairs_incl_sentinel,round_win = game_pnl > 0 (decisive only),COMPATIBILITY_ONLY_NOT_PRODUCTION,7577.8122,7014.9497,-62.4939,2026,978,0.00824695,0.04452942,-0.17025085,0.00824695,62.4939,7577.8122,OK,0.0000,-2.4998,4.0000,96.0000,AG03-UNRESOLVED,ALL5_LEVELS_bet23_to_bet27,-2.4998,-2.4998,-2.8122,-2.8122,-2.8122,4.000000,4.000000,4.500000,4.500000,4.500000,96.000000,96.000000,95.500000,95.500000,95.500000,5.0,-13.4362,-12.3301,-49.0577,-50.1638,PENDING_AG03,FALSE,NOT_FOR_ENFORCEMENT,-59.9941,6734.3517,-62.4939,-59.9941,-2.4998,-0.00824695,-0.00791708,-2.4998,-59.9941,-0.00791708,-2.4998,-2.4998,-2.8122,-2.8122,-2.8122,-59.9941,-0.00791708,-13.4362,-12.3301,-49.0577,-50.1638,-0.00647386,-0.00661982,-0.00032988,3.7403,7.1728,-0.0639,-4.8072,-0.3019,582.9086,75.2308,3.7331,3.7761,2.0439,2.0439,6.0611,6.3247,8.1756,8.1756,2.0439,-2.0439,4.0,4.0,1.829971,29,100,9,5,0.83107169,-0.00824695,-0.04452942,0E-8,0.000000,0.925722,0.000000,0.21478027,2026-03-23,2026-08-04,13,207,137,135,0.096296,0.988600,0.998074,2.770239,,,,,,,,GLOBAL_BASELINE_NO_ENTITY_RANKING,,,NOT_APPLICABLE_GLOBAL_BASELINE,HF9g-P5,,,,X 全窗基线 · 不参与实体赏罚,3920078,393,A168_HF9F_20260827_0900,2026-08-27 09:00:00
2026-03-23,124529568,526,0,26.4107755963,-0.4401795933,-0.4401795933,0.6000000,7,5,0.44724257999918145,0.420219560000,0.6869868978337808,0.814437063871622,0.6869868978337808,0.02702301999918145,ELIGIBLE,R03b_20260811_FULL_v1,L1_ELIGIBILITY,v2026-08-11,2026-03-21..2026-08-06,baccarat_bet02_101_all_pairs_incl_sentinel,round_win = game_pnl > 0 (decisive only),COMPATIBILITY_ONLY_NOT_PRODUCTION,7577.8122,7014.9497,-62.4939,2026,978,0.00824695,0.04452942,-0.17025085,0.00824695,62.4939,7577.8122,OK,0.0000,-2.4998,4.0000,96.0000,AG03-UNRESOLVED,ALL5_LEVELS_bet23_to_bet27,-2.4998,-2.4998,-2.8122,-2.8122,-2.8122,4.000000,4.000000,4.500000,4.500000,4.500000,96.000000,96.000000,95.500000,95.500000,95.500000,5.0,-13.4362,-12.3301,-49.0577,-50.1638,PENDING_AG03,FALSE,NOT_FOR_ENFORCEMENT,-59.9941,6734.3517,-62.4939,-59.9941,-2.4998,-0.00824695,-0.00791708,-2.4998,-59.9941,-0.00791708,-2.4998,-2.4998,-2.8122,-2.8122,-2.8122,-59.9941,-0.00791708,-13.4362,-12.3301,-49.0577,-50.1638,-0.00647386,-0.00661982,-0.00032988,3.7403,7.1728,-0.0639,-4.8072,-0.3019,582.9086,75.2308,3.7331,3.7761,2.0439,2.0439,6.0611,6.3247,8.1756,8.1756,2.0439,-2.0439,4.0,4.0,1.829971,29,100,9,5,0.83107169,-0.00824695,-0.04452942,0E-8,0.000000,0.925722,0.000000,0.21478027,2026-03-23,2026-08-04,13,207,137,135,0.096296,0.988600,0.998074,2.770239,,,,,,,,GLOBAL_BASELINE_NO_ENTITY_RANKING,,,NOT_APPLICABLE_GLOBAL_BASELINE,HF9g-P5,,,,X 全窗基线 · 不参与实体赏罚,3920079,393,A168_HF9F_20260827_0900,2026-08-27 09:00:00
2026-03-23,124529568,919,0,13.2053877982,-13.2053877982,-13.2053877982,0E-7,4,3,0.32351829999930660,0.300626750000,-1.1977937066802864,-1.1355857384609112,-1.1977937066802864,0.02289154999930660,ELIGIBLE,R03b_20260811_FULL_v1,L1_ELIGIBILITY,v2026-08-11,2026-03-21..2026-08-06,baccarat_bet02_101_all_pairs_incl_sentinel,round_win = game_pnl > 0 (decisive only),COMPATIBILITY_ONLY_NOT_PRODUCTION,7577.8122,7014.9497,-62.4939,2026,978,0.00824695,0.04452942,-0.17025085,0.00824695,62.4939,7577.8122,OK,0.0000,-2.4998,4.0000,96.0000,AG03-UNRESOLVED,ALL5_LEVELS_bet23_to_bet27,-2.4998,-2.4998,-2.8122,-2.8122,-2.8122,4.000000,4.000000,4.500000,4.500000,4.500000,96.000000,96.000000,95.500000,95.500000,95.500000,5.0,-13.4362,-12.3301,-49.0577,-50.1638,PENDING_AG03,FALSE,NOT_FOR_ENFORCEMENT,-59.9941,6734.3517,-62.4939,-59.9941,-2.4998,-0.00824695,-0.00791708,-2.4998,-59.9941,-0.00791708,-2.4998,-2.4998,-2.8122,-2.8122,-2.8122,-59.9941,-0.00791708,-13.4362,-12.3301,-49.0577,-50.1638,-0.00647386,-0.00661982,-0.00032988,3.7403,7.1728,-0.0639,-4.8072,-0.3019,582.9086,75.2308,3.7331,3.7761,2.0439,2.0439,6.0611,6.3247,8.1756,8.1756,2.0439,-2.0439,4.0,4.0,1.829971,29,100,9,5,0.83107169,-0.00824695,-0.04452942,0E-8,0.000000,0.925722,0.000000,0.21478027,2026-03-23,2026-08-04,13,207,137,135,0.096296,0.988600,0.998074,2.770239,,,,,,,,GLOBAL_BASELINE_NO_ENTITY_RANKING,,,NOT_APPLICABLE_GLOBAL_BASELINE,HF9g-P5,,,,X 全窗基线 · 不参与实体赏罚,3920080,393,A168_HF9F_20260827_0900,2026-08-27 09:00:00
2026-03-27,124529568,-1,1,28.6116735629,-15.7364204596,-15.7364204596,0.2500000,9,4,0.39614066458231742,0.351560304167,-0.5975970822534605,-0.4254213447734919,-0.5975970822534605,0.04458036041531742,SENTINEL_DEALER,R03b_20260811_FULL_v1,L1_ELIGIBILITY,v2026-08-11,2026-03-21..2026-08-06,baccarat_bet02_101_all_pairs_incl_sentinel,round_win = game_pnl > 0 (decisive only),COMPATIBILITY_ONLY_NOT_PRODUCTION,7577.8122,7014.9497,-62.4939,2026,978,0.00824695,0.04452942,-0.17025085,0.00824695,62.4939,7577.8122,OK,0.0000,-2.4998,4.0000,96.0000,AG03-UNRESOLVED,ALL5_LEVELS_bet23_to_bet27,-2.4998,-2.4998,-2.8122,-2.8122,-2.8122,4.000000,4.000000,4.500000,4.500000,4.500000,96.000000,96.000000,95.500000,95.500000,95.500000,5.0,-13.4362,-12.3301,-49.0577,-50.1638,PENDING_AG03,FALSE,NOT_FOR_ENFORCEMENT,-59.9941,6734.3517,-62.4939,-59.9941,-2.4998,-0.00824695,-0.00791708,-2.4998,-59.9941,-0.00791708,-2.4998,-2.4998,-2.8122,-2.8122,-2.8122,-59.9941,-0.00791708,-13.4362,-12.3301,-49.0577,-50.1638,-0.00647386,-0.00661982,-0.00032988,3.7403,7.1728,-0.0639,-4.8072,-0.3019,582.9086,75.2308,3.7331,3.7761,2.0439,2.0439,6.0611,6.3247,8.1756,8.1756,2.0439,-2.0439,4.0,4.0,1.829971,29,100,9,5,0.83107169,-0.00824695,-0.04452942,0E-8,0.000000,0.925722,0.000000,0.21478027,2026-03-23,2026-08-04,13,207,137,135,0.096296,0.988600,0.998074,2.770239,,,,,,,,GLOBAL_BASELINE_NO_ENTITY_RANKING,,,NOT_APPLICABLE_GLOBAL_BASELINE,HF9g-P5,,,,X 全窗基线 · 不参与实体赏罚,3920081,393,A168_HF9F_20260827_0900,2026-08-27 09:00:00
2026-03-27,124529568,1935,0,4.4017959328,-0.1100448983,-0.1100448983,0.5000000,2,2,0.50665070000000000,0.506650700000,-0.018812684590367487,-0.018812684590367487,-0.018812684590367487,0E-17,ELIGIBLE,R03b_20260811_FULL_v1,L1_ELIGIBILITY,v2026-08-11,2026-03-21..2026-08-06,baccarat_bet02_101_all_pairs_incl_sentinel,round_win = game_pnl > 0 (decisive only),COMPATIBILITY_ONLY_NOT_PRODUCTION,7577.8122,7014.9497,-62.4939,2026,978,0.00824695,0.04452942,-0.17025085,0.00824695,62.4939,7577.8122,OK,0.0000,-2.4998,4.0000,96.0000,AG03-UNRESOLVED,ALL5_LEVELS_bet23_to_bet27,-2.4998,-2.4998,-2.8122,-2.8122,-2.8122,4.000000,4.000000,4.500000,4.500000,4.500000,96.000000,96.000000,95.500000,95.500000,95.500000,5.0,-13.4362,-12.3301,-49.0577,-50.1638,PENDING_AG03,FALSE,NOT_FOR_ENFORCEMENT,-59.9941,6734.3517,-62.4939,-59.9941,-2.4998,-0.00824695,-0.00791708,-2.4998,-59.9941,-0.00791708,-2.4998,-2.4998,-2.8122,-2.8122,-2.8122,-59.9941,-0.00791708,-13.4362,-12.3301,-49.0577,-50.1638,-0.00647386,-0.00661982,-0.00032988,3.7403,7.1728,-0.0639,-4.8072,-0.3019,582.9086,75.2308,3.7331,3.7761,2.0439,2.0439,6.0611,6.3247,8.1756,8.1756,2.0439,-2.0439,4.0,4.0,1.829971,29,100,9,5,0.83107169,-0.00824695,-0.04452942,0E-8,0.000000,0.925722,0.000000,0.21478027,2026-03-23,2026-08-04,13,207,137,135,0.096296,0.988600,0.998074,2.770239,,,,,,,,GLOBAL_BASELINE_NO_ENTITY_RANKING,,,NOT_APPLICABLE_GLOBAL_BASELINE,HF9g-P5,,,,X 全窗基线 · 不参与实体赏罚,3920082,393,A168_HF9F_20260827_0900,2026-08-27 09:00:00
2026-03-27,124529568,2188,0,17.6071837310,-13.2053877982,-13.2053877982,0E-7,6,4,0.44427840624940572,0.426838941667,-1.2644858219692234,-1.2204182041037415,-1.2644858219692234,0.01743946458240572,ELIGIBLE,R03b_20260811_FULL_v1,L1_ELIGIBILITY,v2026-08-11,2026-03-21..2026-08-06,baccarat_bet02_101_all_pairs_incl_sentinel,round_win = game_pnl > 0 (decisive only),COMPATIBILITY_ONLY_NOT_PRODUCTION,7577.8122,7014.9497,-62.4939,2026,978,0.00824695,0.04452942,-0.17025085,0.00824695,62.4939,7577.8122,OK,0.0000,-2.4998,4.0000,96.0000,AG03-UNRESOLVED,ALL5_LEVELS_bet23_to_bet27,-2.4998,-2.4998,-2.8122,-2.8122,-2.8122,4.000000,4.000000,4.500000,4.500000,4.500000,96.000000,96.000000,95.500000,95.500000,95.500000,5.0,-13.4362,-12.3301,-49.0577,-50.1638,PENDING_AG03,FALSE,NOT_FOR_ENFORCEMENT,-59.9941,6734.3517,-62.4939,-59.9941,-2.4998,-0.00824695,-0.00791708,-2.4998,-59.9941,-0.00791708,-2.4998,-2.4998,-2.8122,-2.8122,-2.8122,-59.9941,-0.00791708,-13.4362,-12.3301,-49.0577,-50.1638,-0.00647386,-0.00661982,-0.00032988,3.7403,7.1728,-0.0639,-4.8072,-0.3019,582.9086,75.2308,3.7331,3.7761,2.0439,2.0439,6.0611,6.3247,8.1756,8.1756,2.0439,-2.0439,4.0,4.0,1.829971,29,100,9,5,0.83107169,-0.00824695,-0.04452942,0E-8,0.000000,0.925722,0.000000,0.21478027,2026-03-23,2026-08-04,13,207,137,135,0.096296,0.988600,0.998074,2.770239,,,,,,,,GLOBAL_BASELINE_NO_ENTITY_RANKING,,,NOT_APPLICABLE_GLOBAL_BASELINE,HF9g-P5,,,,X 全窗基线 · 不参与实体赏罚,3920083,393,A168_HF9F_20260827_0900,2026-08-27 09:00:00
2026-04-23,124529568,-1,1,35.8400269855,-27.4070794595,-27.4070794595,0.2000000,9,5,0.40239712400000000,0.337809980000,-0.9229019544616863,-0.6515355516042604,-0.9229019544616863,0.06458714400000000,SENTINEL_DEALER,R03b_20260811_FULL_v1,L1_ELIGIBILITY,v2026-08-11,2026-03-21..2026-08-06,baccarat_bet02_101_all_pairs_incl_sentinel,round_win = game_pnl > 0 (decisive only),COMPATIBILITY_ONLY_NOT_PRODUCTION,7577.8122,7014.9497,-62.4939,2026,978,0.00824695,0.04452942,-0.17025085,0.00824695,62.4939,7577.8122,OK,0.0000,-2.4998,4.0000,96.0000,AG03-UNRESOLVED,ALL5_LEVELS_bet23_to_bet27,-2.4998,-2.4998,-2.8122,-2.8122,-2.8122,4.000000,4.000000,4.500000,4.500000,4.500000,96.000000,96.000000,95.500000,95.500000,95.500000,5.0,-13.4362,-12.3301,-49.0577,-50.1638,PENDING_AG03,FALSE,NOT_FOR_ENFORCEMENT,-59.9941,6734.3517,-62.4939,-59.9941,-2.4998,-0.00824695,-0.00791708,-2.4998,-59.9941,-0.00791708,-2.4998,-2.4998,-2.8122,-2.8122,-2.8122,-59.9941,-0.00791708,-13.4362,-12.3301,-49.0577,-50.1638,-0.00647386,-0.00661982,-0.00032988,3.7403,7.1728,-0.0639,-4.8072,-0.3019,582.9086,75.2308,3.7331,3.7761,2.0439,2.0439,6.0611,6.3247,8.1756,8.1756,2.0439,-2.0439,4.0,4.0,1.829971,29,100,9,5,0.83107169,-0.00824695,-0.04452942,0E-8,0.000000,0.925722,0.000000,0.21478027,2026-03-23,2026-08-04,13,207,137,135,0.096296,0.988600,0.998074,2.770239,,,,,,,,GLOBAL_BASELINE_NO_ENTITY_RANKING,,,NOT_APPLICABLE_GLOBAL_BASELINE,HF9g-P5,,,,X 全窗基线 · 不参与实体赏罚,3920084,393,A168_HF9F_20260827_0900,2026-08-27 09:00:00
2026-04-23,124529568,1078,0,8.4329475260,-8.4329475260,-8.4329475260,0E-7,1,1,0.50665070000000000,0.506650700000,-1.013391052207602,-1.013391052207602,-1.013391052207602,0E-17,ELIGIBLE,R03b_20260811_FULL_v1,L1_ELIGIBILITY,v2026-08-11,2026-03-21..2026-08-06,baccarat_bet02_101_all_pairs_incl_sentinel,round_win = game_pnl > 0 (decisive only),COMPATIBILITY_ONLY_NOT_PRODUCTION,7577.8122,7014.9497,-62.4939,2026,978,0.00824695,0.04452942,-0.17025085,0.00824695,62.4939,7577.8122,OK,0.0000,-2.4998,4.0000,96.0000,AG03-UNRESOLVED,ALL5_LEVELS_bet23_to_bet27,-2.4998,-2.4998,-2.8122,-2.8122,-2.8122,4.000000,4.000000,4.500000,4.500000,4.500000,96.000000,96.000000,95.500000,95.500000,95.500000,5.0,-13.4362,-12.3301,-49.0577,-50.1638,PENDING_AG03,FALSE,NOT_FOR_ENFORCEMENT,-59.9941,6734.3517,-62.4939,-59.9941,-2.4998,-0.00824695,-0.00791708,-2.4998,-59.9941,-0.00791708,-2.4998,-2.4998,-2.8122,-2.8122,-2.8122,-59.9941,-0.00791708,-13.4362,-12.3301,-49.0577,-50.1638,-0.00647386,-0.00661982,-0.00032988,3.7403,7.1728,-0.0639,-4.8072,-0.3019,582.9086,75.2308,3.7331,3.7761,2.0439,2.0439,6.0611,6.3247,8.1756,8.1756,2.0439,-2.0439,4.0,4.0,1.829971,29,100,9,5,0.83107169,-0.00824695,-0.04452942,0E-8,0.000000,0.925722,0.000000,0.21478027,2026-03-23,2026-08-04,13,207,137,135,0.096296,0.988600,0.998074,2.770239,,,,,,,,GLOBAL_BASELINE_NO_ENTITY_RANKING,,,NOT_APPLICABLE_GLOBAL_BASELINE,HF9g-P5,,,,X 全窗基线 · 不参与实体赏罚,3920085,393,A168_HF9F_20260827_0900,2026-08-27 09:00:00
2026-04-23,124529568,1306,0,42.1647376300,18.1308371809,18.1308371809,0.7500000,10,4,0.38553884928571429,0.272385700000,1.4976142003465776,2.145678019040748,1.4976142003465776,0.11315314928571429,ELIGIBLE,R03b_20260811_FULL_v1,L1_ELIGIBILITY,v2026-08-11,2026-03-21..2026-08-06,baccarat_bet02_101_all_pairs_incl_sentinel,round_win = game_pnl > 0 (decisive only),COMPATIBILITY_ONLY_NOT_PRODUCTION,7577.8122,7014.9497,-62.4939,2026,978,0.00824695,0.04452942,-0.17025085,0.00824695,62.4939,7577.8122,OK,0.0000,-2.4998,4.0000,96.0000,AG03-UNRESOLVED,ALL5_LEVELS_bet23_to_bet27,-2.4998,-2.4998,-2.8122,-2.8122,-2.8122,4.000000,4.000000,4.500000,4.500000,4.500000,96.000000,96.000000,95.500000,95.500000,95.500000,5.0,-13.4362,-12.3301,-49.0577,-50.1638,PENDING_AG03,FALSE,NOT_FOR_ENFORCEMENT,-59.9941,6734.3517,-62.4939,-59.9941,-2.4998,-0.00824695,-0.00791708,-2.4998,-59.9941,-0.00791708,-2.4998,-2.4998,-2.8122,-2.8122,-2.8122,-59.9941,-0.00791708,-13.4362,-12.3301,-49.0577,-50.1638,-0.00647386,-0.00661982,-0.00032988,3.7403,7.1728,-0.0639,-4.8072,-0.3019,582.9086,75.2308,3.7331,3.7761,2.0439,2.0439,6.0611,6.3247,8.1756,8.1756,2.0439,-2.0439,4.0,4.0,1.829971,29,100,9,5,0.83107169,-0.00824695,-0.04452942,0E-8,0.000000,0.925722,0.000000,0.21478027,2026-03-23,2026-08-04,13,207,137,135,0.096296,0.988600,0.998074,2.770239,,,,,,,,GLOBAL_BASELINE_NO_ENTITY_RANKING,,,NOT_APPLICABLE_GLOBAL_BASELINE,HF9g-P5,,,,X 全窗基线 · 不参与实体赏罚,3920086,393,A168_HF9F_20260827_0900,2026-08-27 09:00:00
2026-04-23,124529568,1942,0,35.8400269855,-10.5411844075,-10.5411844075,0.5000000,7,4,0.43613013500000000,0.345430137500,0.25758970596688796,0.6501247512753514,0.25758970596688796,0.09069999750000000,ELIGIBLE,R03b_20260811_FULL_v1,L1_ELIGIBILITY,v2026-08-11,2026-03-21..2026-08-06,baccarat_bet02_101_all_pairs_incl_sentinel,round_win = game_pnl > 0 (decisive only),COMPATIBILITY_ONLY_NOT_PRODUCTION,7577.8122,7014.9497,-62.4939,2026,978,0.00824695,0.04452942,-0.17025085,0.00824695,62.4939,7577.8122,OK,0.0000,-2.4998,4.0000,96.0000,AG03-UNRESOLVED,ALL5_LEVELS_bet23_to_bet27,-2.4998,-2.4998,-2.8122,-2.8122,-2.8122,4.000000,4.000000,4.500000,4.500000,4.500000,96.000000,96.000000,95.500000,95.500000,95.500000,5.0,-13.4362,-12.3301,-49.0577,-50.1638,PENDING_AG03,FALSE,NOT_FOR_ENFORCEMENT,-59.9941,6734.3517,-62.4939,-59.9941,-2.4998,-0.00824695,-0.00791708,-2.4998,-59.9941,-0.00791708,-2.4998,-2.4998,-2.8122,-2.8122,-2.8122,-59.9941,-0.00791708,-13.4362,-12.3301,-49.0577,-50.1638,-0.00647386,-0.00661982,-0.00032988,3.7403,7.1728,-0.0639,-4.8072,-0.3019,582.9086,75.2308,3.7331,3.7761,2.0439,2.0439,6.0611,6.3247,8.1756,8.1756,2.0439,-2.0439,4.0,4.0,1.829971,29,100,9,5,0.83107169,-0.00824695,-0.04452942,0E-8,0.000000,0.925722,0.000000,0.21478027,2026-03-23,2026-08-04,13,207,137,135,0.096296,0.988600,0.998074,2.770239,,,,,,,,GLOBAL_BASELINE_NO_ENTITY_RANKING,,,NOT_APPLICABLE_GLOBAL_BASELINE,HF9g-P5,,,,X 全窗基线 · 不参与实体赏罚,3920087,393,A168_HF9F_20260827_0900,2026-08-27 09:00:00
2026-04-23,124529568,2252,0,4.2164737630,-4.2164737630,-4.2164737630,0E-7,1,1,0.50665070000000000,0.506650700000,-1.013391052207602,-1.013391052207602,-1.013391052207602,0E-17,ELIGIBLE,R03b_20260811_FULL_v1,L1_ELIGIBILITY,v2026-08-11,2026-03-21..2026-08-06,baccarat_bet02_101_all_pairs_incl_sentinel,round_win = game_pnl > 0 (decisive only),COMPATIBILITY_ONLY_NOT_PRODUCTION,7577.8122,7014.9497,-62.4939,2026,978,0.00824695,0.04452942,-0.17025085,0.00824695,62.4939,7577.8122,OK,0.0000,-2.4998,4.0000,96.0000,AG03-UNRESOLVED,ALL5_LEVELS_bet23_to_bet27,-2.4998,-2.4998,-2.8122,-2.8122,-2.8122,4.000000,4.000000,4.500000,4.500000,4.500000,96.000000,96.000000,95.500000,95.500000,95.500000,5.0,-13.4362,-12.3301,-49.0577,-50.1638,PENDING_AG03,FALSE,NOT_FOR_ENFORCEMENT,-59.9941,6734.3517,-62.4939,-59.9941,-2.4998,-0.00824695,-0.00791708,-2.4998,-59.9941,-0.00791708,-2.4998,-2.4998,-2.8122,-2.8122,-2.8122,-59.9941,-0.00791708,-13.4362,-12.3301,-49.0577,-50.1638,-0.00647386,-0.00661982,-0.00032988,3.7403,7.1728,-0.0639,-4.8072,-0.3019,582.9086,75.2308,3.7331,3.7761,2.0439,2.0439,6.0611,6.3247,8.1756,8.1756,2.0439,-2.0439,4.0,4.0,1.829971,29,100,9,5,0.83107169,-0.00824695,-0.04452942,0E-8,0.000000,0.925722,0.000000,0.21478027,2026-03-23,2026-08-04,13,207,137,135,0.096296,0.988600,0.998074,2.770239,,,,,,,,GLOBAL_BASELINE_NO_ENTITY_RANKING,,,NOT_APPLICABLE_GLOBAL_BASELINE,HF9g-P5,,,,X 全窗基线 · 不参与实体赏罚,3920088,393,A168_HF9F_20260827_0900,2026-08-27 09:00:00
2026-04-29,124529568,-1,1,147.5765817050,-12.9656568212,-12.9656568212,0.5500000,31,21,0.45673782561224490,0.420392352381,0.8373023512594109,1.1742245849931123,0.8373023512594109,0.03634547323124490,SENTINEL_DEALER,R03b_20260811_FULL_v1,L1_ELIGIBILITY,v2026-08-11,2026-03-21..2026-08-06,baccarat_bet02_101_all_pairs_incl_sentinel,round_win = game_pnl > 0 (decisive only),COMPATIBILITY_ONLY_NOT_PRODUCTION,7577.8122,7014.9497,-62.4939,2026,978,0.00824695,0.04452942,-0.17025085,0.00824695,62.4939,7577.8122,OK,0.0000,-2.4998,4.0000,96.0000,AG03-UNRESOLVED,ALL5_LEVELS_bet23_to_bet27,-2.4998,-2.4998,-2.8122,-2.8122,-2.8122,4.000000,4.000000,4.500000,4.500000,4.500000,96.000000,96.000000,95.500000,95.500000,95.500000,5.0,-13.4362,-12.3301,-49.0577,-50.1638,PENDING_AG03,FALSE,NOT_FOR_ENFORCEMENT,-59.9941,6734.3517,-62.4939,-59.9941,-2.4998,-0.00824695,-0.00791708,-2.4998,-59.9941,-0.00791708,-2.4998,-2.4998,-2.8122,-2.8122,-2.8122,-59.9941,-0.00791708,-13.4362,-12.3301,-49.0577,-50.1638,-0.00647386,-0.00661982,-0.00032988,3.7403,7.1728,-0.0639,-4.8072,-0.3019,582.9086,75.2308,3.7331,3.7761,2.0439,2.0439,6.0611,6.3247,8.1756,8.1756,2.0439,-2.0439,4.0,4.0,1.829971,29,100,9,5,0.83107169,-0.00824695,-0.04452942,0E-8,0.000000,0.925722,0.000000,0.21478027,2026-03-23,2026-08-04,13,207,137,135,0.096296,0.988600,0.998074,2.770239,,,,,,,,GLOBAL_BASELINE_NO_ENTITY_RANKING,,,NOT_APPLICABLE_GLOBAL_BASELINE,HF9g-P5,,,,X 全窗基线 · 不参与实体赏罚,3920089,393,A168_HF9F_20260827_0900,2026-08-27 09:00:00
2026-04-29,124529568,1300,0,61.1388695635,0.5270592203,0.5270592203,0.7142857,15,7,0.42513900918367347,0.356647242857,1.547463343565397,1.9753735361746123,1.547463343565397,0.06849176632667347,ELIGIBLE,R03b_20260811_FULL_v1,L1_ELIGIBILITY,v2026-08-11,2026-03-21..2026-08-06,baccarat_bet02_101_all_pairs_incl_sentinel,round_win = game_pnl > 0 (decisive only),COMPATIBILITY_ONLY_NOT_PRODUCTION,7577.8122,7014.9497,-62.4939,2026,978,0.00824695,0.04452942,-0.17025085,0.00824695,62.4939,7577.8122,OK,0.0000,-2.4998,4.0000,96.0000,AG03-UNRESOLVED,ALL5_LEVELS_bet23_to_bet27,-2.4998,-2.4998,-2.8122,-2.8122,-2.8122,4.000000,4.000000,4.500000,4.500000,4.500000,96.000000,96.000000,95.500000,95.500000,95.500000,5.0,-13.4362,-12.3301,-49.0577,-50.1638,PENDING_AG03,FALSE,NOT_FOR_ENFORCEMENT,-59.9941,6734.3517,-62.4939,-59.9941,-2.4998,-0.00824695,-0.00791708,-2.4998,-59.9941,-0.00791708,-2.4998,-2.4998,-2.8122,-2.8122,-2.8122,-59.9941,-0.00791708,-13.4362,-12.3301,-49.0577,-50.1638,-0.00647386,-0.00661982,-0.00032988,3.7403,7.1728,-0.0639,-4.8072,-0.3019,582.9086,75.2308,3.7331,3.7761,2.0439,2.0439,6.0611,6.3247,8.1756,8.1756,2.0439,-2.0439,4.0,4.0,1.829971,29,100,9,5,0.83107169,-0.00824695,-0.04452942,0E-8,0.000000,0.925722,0.000000,0.21478027,2026-03-23,2026-08-04,13,207,137,135,0.096296,0.988600,0.998074,2.770239,,,,,,,,GLOBAL_BASELINE_NO_ENTITY_RANKING,,,NOT_APPLICABLE_GLOBAL_BASELINE,HF9g-P5,,,,X 全窗基线 · 不参与实体赏罚,3920090,393,A168_HF9F_20260827_0900,2026-08-27 09:00:00
2026-04-29,124529568,1935,0,16.8658950520,-12.6494212890,-12.6494212890,0E-7,5,3,0.30902671333333333,0.271822522222,-0.9457631325411072,-0.8640504399666469,-0.9457631325411072,0.03720419111133333,ELIGIBLE,R03b_20260811_FULL_v1,L1_ELIGIBILITY,v2026-08-11,2026-03-21..2026-08-06,baccarat_bet02_101_all_pairs_incl_sentinel,round_win = game_pnl > 0 (decisive only),COMPATIBILITY_ONLY_NOT_PRODUCTION,7577.8122,7014.9497,-62.4939,2026,978,0.00824695,0.04452942,-0.17025085,0.00824695,62.4939,7577.8122,OK,0.0000,-2.4998,4.0000,96.0000,AG03-UNRESOLVED,ALL5_LEVELS_bet23_to_bet27,-2.4998,-2.4998,-2.8122,-2.8122,-2.8122,4.000000,4.000000,4.500000,4.500000,4.500000,96.000000,96.000000,95.500000,95.500000,95.500000,5.0,-13.4362,-12.3301,-49.0577,-50.1638,PENDING_AG03,FALSE,NOT_FOR_ENFORCEMENT,-59.9941,6734.3517,-62.4939,-59.9941,-2.4998,-0.00824695,-0.00791708,-2.4998,-59.9941,-0.00791708,-2.4998,-2.4998,-2.8122,-2.8122,-2.8122,-59.9941,-0.00791708,-13.4362,-12.3301,-49.0577,-50.1638,-0.00647386,-0.00661982,-0.00032988,3.7403,7.1728,-0.0639,-4.8072,-0.3019,582.9086,75.2308,3.7331,3.7761,2.0439,2.0439,6.0611,6.3247,8.1756,8.1756,2.0439,-2.0439,4.0,4.0,1.829971,29,100,9,5,0.83107169,-0.00824695,-0.04452942,0E-8,0.000000,0.925722,0.000000,0.21478027,2026-03-23,2026-08-04,13,207,137,135,0.096296,0.988600,0.998074,2.770239,,,,,,,,GLOBAL_BASELINE_NO_ENTITY_RANKING,,,NOT_APPLICABLE_GLOBAL_BASELINE,HF9g-P5,,,,X 全窗基线 · 不参与实体赏罚,3920091,393,A168_HF9F_20260827_0900,2026-08-27 09:00:00
2026-04-29,124529568,2147,0,25.2988425780,2.1082368815,2.1082368815,0.4000000,6,5,0.39894690500000000,0.379014770000,0.004808820694729326,0.09672306118443925,0.004808820694729326,0.01993213500000000,ELIGIBLE,R03b_20260811_FULL_v1,L1_ELIGIBILITY,v2026-08-11,2026-03-21..2026-08-06,baccarat_bet02_101_all_pairs_incl_sentinel,round_win = game_pnl > 0 (decisive only),COMPATIBILITY_ONLY_NOT_PRODUCTION,7577.8122,7014.9497,-62.4939,2026,978,0.00824695,0.04452942,-0.17025085,0.00824695,62.4939,7577.8122,OK,0.0000,-2.4998,4.0000,96.0000,AG03-UNRESOLVED,ALL5_LEVELS_bet23_to_bet27,-2.4998,-2.4998,-2.8122,-2.8122,-2.8122,4.000000,4.000000,4.500000,4.500000,4.500000,96.000000,96.000000,95.500000,95.500000,95.500000,5.0,-13.4362,-12.3301,-49.0577,-50.1638,PENDING_AG03,FALSE,NOT_FOR_ENFORCEMENT,-59.9941,6734.3517,-62.4939,-59.9941,-2.4998,-0.00824695,-0.00791708,-2.4998,-59.9941,-0.00791708,-2.4998,-2.4998,-2.8122,-2.8122,-2.8122,-59.9941,-0.00791708,-13.4362,-12.3301,-49.0577,-50.1638,-0.00647386,-0.00661982,-0.00032988,3.7403,7.1728,-0.0639,-4.8072,-0.3019,582.9086,75.2308,3.7331,3.7761,2.0439,2.0439,6.0611,6.3247,8.1756,8.1756,2.0439,-2.0439,4.0,4.0,1.829971,29,100,9,5,0.83107169,-0.00824695,-0.04452942,0E-8,0.000000,0.925722,0.000000,0.21478027,2026-03-23,2026-08-04,13,207,137,135,0.096296,0.988600,0.998074,2.770239,,,,,,,,GLOBAL_BASELINE_NO_ENTITY_RANKING,,,NOT_APPLICABLE_GLOBAL_BASELINE,HF9g-P5,,,,X 全窗基线 · 不参与实体赏罚,3920092,393,A168_HF9F_20260827_0900,2026-08-27 09:00:00
2026-04-29,124529568,2155,0,21.0823688150,-12.8602449772,-12.8602449772,0.2000000,6,5,0.24294004400000000,0.218217170000,-0.22388902073476166,-0.09862304100168717,-0.22388902073476166,0.02472287400000000,ELIGIBLE,R03b_20260811_FULL_v1,L1_ELIGIBILITY,v2026-08-11,2026-03-21..2026-08-06,baccarat_bet02_101_all_pairs_incl_sentinel,round_win = game_pnl > 0 (decisive only),COMPATIBILITY_ONLY_NOT_PRODUCTION,7577.8122,7014.9497,-62.4939,2026,978,0.00824695,0.04452942,-0.17025085,0.00824695,62.4939,7577.8122,OK,0.0000,-2.4998,4.0000,96.0000,AG03-UNRESOLVED,ALL5_LEVELS_bet23_to_bet27,-2.4998,-2.4998,-2.8122,-2.8122,-2.8122,4.000000,4.000000,4.500000,4.500000,4.500000,96.000000,96.000000,95.500000,95.500000,95.500000,5.0,-13.4362,-12.3301,-49.0577,-50.1638,PENDING_AG03,FALSE,NOT_FOR_ENFORCEMENT,-59.9941,6734.3517,-62.4939,-59.9941,-2.4998,-0.00824695,-0.00791708,-2.4998,-59.9941,-0.00791708,-2.4998,-2.4998,-2.8122,-2.8122,-2.8122,-59.9941,-0.00791708,-13.4362,-12.3301,-49.0577,-50.1638,-0.00647386,-0.00661982,-0.00032988,3.7403,7.1728,-0.0639,-4.8072,-0.3019,582.9086,75.2308,3.7331,3.7761,2.0439,2.0439,6.0611,6.3247,8.1756,8.1756,2.0439,-2.0439,4.0,4.0,1.829971,29,100,9,5,0.83107169,-0.00824695,-0.04452942,0E-8,0.000000,0.925722,0.000000,0.21478027,2026-03-23,2026-08-04,13,207,137,135,0.096296,0.988600,0.998074,2.770239,,,,,,,,GLOBAL_BASELINE_NO_ENTITY_RANKING,,,NOT_APPLICABLE_GLOBAL_BASELINE,HF9g-P5,,,,X 全窗基线 · 不参与实体赏罚,3920093,393,A168_HF9F_20260827_0900,2026-08-27 09:00:00
2026-04-29,124529568,2175,0,16.8658950520,-4.4272974512,-4.4272974512,0.3333333,5,4,0.36930140000000000,0.352132737500,-0.12908515820983488,-0.06817238581420385,-0.12908515820983488,0.01716866250000000,ELIGIBLE,R03b_20260811_FULL_v1,L1_ELIGIBILITY,v2026-08-11,2026-03-21..2026-08-06,baccarat_bet02_101_all_pairs_incl_sentinel,round_win = game_pnl > 0 (decisive only),COMPATIBILITY_ONLY_NOT_PRODUCTION,7577.8122,7014.9497,-62.4939,2026,978,0.00824695,0.04452942,-0.17025085,0.00824695,62.4939,7577.8122,OK,0.0000,-2.4998,4.0000,96.0000,AG03-UNRESOLVED,ALL5_LEVELS_bet23_to_bet27,-2.4998,-2.4998,-2.8122,-2.8122,-2.8122,4.000000,4.000000,4.500000,4.500000,4.500000,96.000000,96.000000,95.500000,95.500000,95.500000,5.0,-13.4362,-12.3301,-49.0577,-50.1638,PENDING_AG03,FALSE,NOT_FOR_ENFORCEMENT,-59.9941,6734.3517,-62.4939,-59.9941,-2.4998,-0.00824695,-0.00791708,-2.4998,-59.9941,-0.00791708,-2.4998,-2.4998,-2.8122,-2.8122,-2.8122,-59.9941,-0.00791708,-13.4362,-12.3301,-49.0577,-50.1638,-0.00647386,-0.00661982,-0.00032988,3.7403,7.1728,-0.0639,-4.8072,-0.3019,582.9086,75.2308,3.7331,3.7761,2.0439,2.0439,6.0611,6.3247,8.1756,8.1756,2.0439,-2.0439,4.0,4.0,1.829971,29,100,9,5,0.83107169,-0.00824695,-0.04452942,0E-8,0.000000,0.925722,0.000000,0.21478027,2026-03-23,2026-08-04,13,207,137,135,0.096296,0.988600,0.998074,2.770239,,,,,,,,GLOBAL_BASELINE_NO_ENTITY_RANKING,,,NOT_APPLICABLE_GLOBAL_BASELINE,HF9g-P5,,,,X 全窗基线 · 不参与实体赏罚,3920094,393,A168_HF9F_20260827_0900,2026-08-27 09:00:00
2026-04-29,124529568,2218,0,6.3247106445,-6.3247106445,-6.3247106445,0E-7,1,1,0.50665070000000000,0.506650700000,-1.013391052207602,-1.013391052207602,-1.013391052207602,0E-17,ELIGIBLE,R03b_20260811_FULL_v1,L1_ELIGIBILITY,v2026-08-11,2026-03-21..2026-08-06,baccarat_bet02_101_all_pairs_incl_sentinel,round_win = game_pnl > 0 (decisive only),COMPATIBILITY_ONLY_NOT_PRODUCTION,7577.8122,7014.9497,-62.4939,2026,978,0.00824695,0.04452942,-0.17025085,0.00824695,62.4939,7577.8122,OK,0.0000,-2.4998,4.0000,96.0000,AG03-UNRESOLVED,ALL5_LEVELS_bet23_to_bet27,-2.4998,-2.4998,-2.8122,-2.8122,-2.8122,4.000000,4.000000,4.500000,4.500000,4.500000,96.000000,96.000000,95.500000,95.500000,95.500000,5.0,-13.4362,-12.3301,-49.0577,-50.1638,PENDING_AG03,FALSE,NOT_FOR_ENFORCEMENT,-59.9941,6734.3517,-62.4939,-59.9941,-2.4998,-0.00824695,-0.00791708,-2.4998,-59.9941,-0.00791708,-2.4998,-2.4998,-2.8122,-2.8122,-2.8122,-59.9941,-0.00791708,-13.4362,-12.3301,-49.0577,-50.1638,-0.00647386,-0.00661982,-0.00032988,3.7403,7.1728,-0.0639,-4.8072,-0.3019,582.9086,75.2308,3.7331,3.7761,2.0439,2.0439,6.0611,6.3247,8.1756,8.1756,2.0439,-2.0439,4.0,4.0,1.829971,29,100,9,5,0.83107169,-0.00824695,-0.04452942,0E-8,0.000000,0.925722,0.000000,0.21478027,2026-03-23,2026-08-04,13,207,137,135,0.096296,0.988600,0.998074,2.770239,,,,,,,,GLOBAL_BASELINE_NO_ENTITY_RANKING,,,NOT_APPLICABLE_GLOBAL_BASELINE,HF9g-P5,,,,X 全窗基线 · 不参与实体赏罚,3920095,393,A168_HF9F_20260827_0900,2026-08-27 09:00:00
2026-04-29,124529568,2246,0,14.7576581705,-2.4244724137,-2.4244724137,0.5000000,3,2,0.45514471250000000,0.403638725000,0.12738353790040838,0.27775789067037676,0.12738353790040838,0.05150598750000000,ELIGIBLE,R03b_20260811_FULL_v1,L1_ELIGIBILITY,v2026-08-11,2026-03-21..2026-08-06,baccarat_bet02_101_all_pairs_incl_sentinel,round_win = game_pnl > 0 (decisive only),COMPATIBILITY_ONLY_NOT_PRODUCTION,7577.8122,7014.9497,-62.4939,2026,978,0.00824695,0.04452942,-0.17025085,0.00824695,62.4939,7577.8122,OK,0.0000,-2.4998,4.0000,96.0000,AG03-UNRESOLVED,ALL5_LEVELS_bet23_to_bet27,-2.4998,-2.4998,-2.8122,-2.8122,-2.8122,4.000000,4.000000,4.500000,4.500000,4.500000,96.000000,96.000000,95.500000,95.500000,95.500000,5.0,-13.4362,-12.3301,-49.0577,-50.1638,PENDING_AG03,FALSE,NOT_FOR_ENFORCEMENT,-59.9941,6734.3517,-62.4939,-59.9941,-2.4998,-0.00824695,-0.00791708,-2.4998,-59.9941,-0.00791708,-2.4998,-2.4998,-2.8122,-2.8122,-2.8122,-59.9941,-0.00791708,-13.4362,-12.3301,-49.0577,-50.1638,-0.00647386,-0.00661982,-0.00032988,3.7403,7.1728,-0.0639,-4.8072,-0.3019,582.9086,75.2308,3.7331,3.7761,2.0439,2.0439,6.0611,6.3247,8.1756,8.1756,2.0439,-2.0439,4.0,4.0,1.829971,29,100,9,5,0.83107169,-0.00824695,-0.04452942,0E-8,0.000000,0.925722,0.000000,0.21478027,2026-03-23,2026-08-04,13,207,137,135,0.096296,0.988600,0.998074,2.770239,,,,,,,,GLOBAL_BASELINE_NO_ENTITY_RANKING,,,NOT_APPLICABLE_GLOBAL_BASELINE,HF9g-P5,,,,X 全窗基线 · 不参与实体赏罚,3920096,393,A168_HF9F_20260827_0900,2026-08-27 09:00:00
2026-04-29,124529568,529,0,48.4894482745,10.3303607193,10.3303607193,0.4285714,13,8,0.38323130520833333,0.357207258333,0.24674028793404543,0.39403393067227993,0.24674028793404543,0.02602404687533333,ELIGIBLE,R03b_20260811_FULL_v1,L1_ELIGIBILITY,v2026-08-11,2026-03-21..2026-08-06,baccarat_bet02_101_all_pairs_incl_sentinel,round_win = game_pnl > 0 (decisive only),COMPATIBILITY_ONLY_NOT_PRODUCTION,7577.8122,7014.9497,-62.4939,2026,978,0.00824695,0.04452942,-0.17025085,0.00824695,62.4939,7577.8122,OK,0.0000,-2.4998,4.0000,96.0000,AG03-UNRESOLVED,ALL5_LEVELS_bet23_to_bet27,-2.4998,-2.4998,-2.8122,-2.8122,-2.8122,4.000000,4.000000,4.500000,4.500000,4.500000,96.000000,96.000000,95.500000,95.500000,95.500000,5.0,-13.4362,-12.3301,-49.0577,-50.1638,PENDING_AG03,FALSE,NOT_FOR_ENFORCEMENT,-59.9941,6734.3517,-62.4939,-59.9941,-2.4998,-0.00824695,-0.00791708,-2.4998,-59.9941,-0.00791708,-2.4998,-2.4998,-2.8122,-2.8122,-2.8122,-59.9941,-0.00791708,-13.4362,-12.3301,-49.0577,-50.1638,-0.00647386,-0.00661982,-0.00032988,3.7403,7.1728,-0.0639,-4.8072,-0.3019,582.9086,75.2308,3.7331,3.7761,2.0439,2.0439,6.0611,6.3247,8.1756,8.1756,2.0439,-2.0439,4.0,4.0,1.829971,29,100,9,5,0.83107169,-0.00824695,-0.04452942,0E-8,0.000000,0.925722,0.000000,0.21478027,2026-03-23,2026-08-04,13,207,137,135,0.096296,0.988600,0.998074,2.770239,,,,,,,,GLOBAL_BASELINE_NO_ENTITY_RANKING,,,NOT_APPLICABLE_GLOBAL_BASELINE,HF9g-P5,,,,X 全窗基线 · 不参与实体赏罚,3920097,393,A168_HF9F_20260827_0900,2026-08-27 09:00:00
2026-04-29,124529568,772,0,33.7317901040,-8.7491830583,-8.7491830583,0.3750000,8,8,0.45179341250000000,0.451793412500,-0.43644235280712046,-0.43644235280712046,-0.43644235280712046,0E-17,ELIGIBLE,R03b_20260811_FULL_v1,L1_ELIGIBILITY,v2026-08-11,2026-03-21..2026-08-06,baccarat_bet02_101_all_pairs_incl_sentinel,round_win = game_pnl > 0 (decisive only),COMPATIBILITY_ONLY_NOT_PRODUCTION,7577.8122,7014.9497,-62.4939,2026,978,0.00824695,0.04452942,-0.17025085,0.00824695,62.4939,7577.8122,OK,0.0000,-2.4998,4.0000,96.0000,AG03-UNRESOLVED,ALL5_LEVELS_bet23_to_bet27,-2.4998,-2.4998,-2.8122,-2.8122,-2.8122,4.000000,4.000000,4.500000,4.500000,4.500000,96.000000,96.000000,95.500000,95.500000,95.500000,5.0,-13.4362,-12.3301,-49.0577,-50.1638,PENDING_AG03,FALSE,NOT_FOR_ENFORCEMENT,-59.9941,6734.3517,-62.4939,-59.9941,-2.4998,-0.00824695,-0.00791708,-2.4998,-59.9941,-0.00791708,-2.4998,-2.4998,-2.8122,-2.8122,-2.8122,-59.9941,-0.00791708,-13.4362,-12.3301,-49.0577,-50.1638,-0.00647386,-0.00661982,-0.00032988,3.7403,7.1728,-0.0639,-4.8072,-0.3019,582.9086,75.2308,3.7331,3.7761,2.0439,2.0439,6.0611,6.3247,8.1756,8.1756,2.0439,-2.0439,4.0,4.0,1.829971,29,100,9,5,0.83107169,-0.00824695,-0.04452942,0E-8,0.000000,0.925722,0.000000,0.21478027,2026-03-23,2026-08-04,13,207,137,135,0.096296,0.988600,0.998074,2.770239,,,,,,,,GLOBAL_BASELINE_NO_ENTITY_RANKING,,,NOT_APPLICABLE_GLOBAL_BASELINE,HF9g-P5,,,,X 全窗基线 · 不参与实体赏罚,3920098,393,A168_HF9F_20260827_0900,2026-08-27 09:00:00
2026-05-08,124529568,-1,1,33.6099149248,7.3521688898,7.3521688898,0.6666667,9,6,0.36930140000000000,0.334964075000,1.5092613644063282,1.7214833282386381,1.5092613644063282,0.03433732500000000,SENTINEL_DEALER,R03b_20260811_FULL_v1,L1_ELIGIBILITY,v2026-08-11,2026-03-21..2026-08-06,baccarat_bet02_101_all_pairs_incl_sentinel,round_win = game_pnl > 0 (decisive only),COMPATIBILITY_ONLY_NOT_PRODUCTION,7577.8122,7014.9497,-62.4939,2026,978,0.00824695,0.04452942,-0.17025085,0.00824695,62.4939,7577.8122,OK,0.0000,-2.4998,4.0000,96.0000,AG03-UNRESOLVED,ALL5_LEVELS_bet23_to_bet27,-2.4998,-2.4998,-2.8122,-2.8122,-2.8122,4.000000,4.000000,4.500000,4.500000,4.500000,96.000000,96.000000,95.500000,95.500000,95.500000,5.0,-13.4362,-12.3301,-49.0577,-50.1638,PENDING_AG03,FALSE,NOT_FOR_ENFORCEMENT,-59.9941,6734.3517,-62.4939,-59.9941,-2.4998,-0.00824695,-0.00791708,-2.4998,-59.9941,-0.00791708,-2.4998,-2.4998,-2.8122,-2.8122,-2.8122,-59.9941,-0.00791708,-13.4362,-12.3301,-49.0577,-50.1638,-0.00647386,-0.00661982,-0.00032988,3.7403,7.1728,-0.0639,-4.8072,-0.3019,582.9086,75.2308,3.7331,3.7761,2.0439,2.0439,6.0611,6.3247,8.1756,8.1756,2.0439,-2.0439,4.0,4.0,1.829971,29,100,9,5,0.83107169,-0.00824695,-0.04452942,0E-8,0.000000,0.925722,0.000000,0.21478027,2026-03-23,2026-08-04,13,207,137,135,0.096296,0.988600,0.998074,2.770239,,,,,,,,GLOBAL_BASELINE_NO_ENTITY_RANKING,,,NOT_APPLICABLE_GLOBAL_BASELINE,HF9g-P5,,,,X 全窗基线 · 不参与实体赏罚,3920099,393,A168_HF9F_20260827_0900,2026-08-27 09:00:00
2026-05-08,124529568,1702,0,10.5030984140,-6.3018590484,-6.3018590484,0E-7,4,3,0.29839255000000000,0.298392550000,-0.9222780864045825,-0.9222780864045824,-0.9222780864045825,0E-17,ELIGIBLE,R03b_20260811_FULL_v1,L1_ELIGIBILITY,v2026-08-11,2026-03-21..2026-08-06,baccarat_bet02_101_all_pairs_incl_sentinel,round_win = game_pnl > 0 (decisive only),COMPATIBILITY_ONLY_NOT_PRODUCTION,7577.8122,7014.9497,-62.4939,2026,978,0.00824695,0.04452942,-0.17025085,0.00824695,62.4939,7577.8122,OK,0.0000,-2.4998,4.0000,96.0000,AG03-UNRESOLVED,ALL5_LEVELS_bet23_to_bet27,-2.4998,-2.4998,-2.8122,-2.8122,-2.8122,4.000000,4.000000,4.500000,4.500000,4.500000,96.000000,96.000000,95.500000,95.500000,95.500000,5.0,-13.4362,-12.3301,-49.0577,-50.1638,PENDING_AG03,FALSE,NOT_FOR_ENFORCEMENT,-59.9941,6734.3517,-62.4939,-59.9941,-2.4998,-0.00824695,-0.00791708,-2.4998,-59.9941,-0.00791708,-2.4998,-2.4998,-2.8122,-2.8122,-2.8122,-59.9941,-0.00791708,-13.4362,-12.3301,-49.0577,-50.1638,-0.00647386,-0.00661982,-0.00032988,3.7403,7.1728,-0.0639,-4.8072,-0.3019,582.9086,75.2308,3.7331,3.7761,2.0439,2.0439,6.0611,6.3247,8.1756,8.1756,2.0439,-2.0439,4.0,4.0,1.829971,29,100,9,5,0.83107169,-0.00824695,-0.04452942,0E-8,0.000000,0.925722,0.000000,0.21478027,2026-03-23,2026-08-04,13,207,137,135,0.096296,0.988600,0.998074,2.770239,,,,,,,,GLOBAL_BASELINE_NO_ENTITY_RANKING,,,NOT_APPLICABLE_GLOBAL_BASELINE,HF9g-P5,,,,X 全窗基线 · 不参与实体赏罚,3920100,393,A168_HF9F_20260827_0900,2026-08-27 09:00:00
2026-05-08,124529568,2267,0,10.5030984140,20.7961348598,20.7961348598,1.0000000,3,2,0.43797605000000000,0.403638725000,1.6020173973302758,1.7189898101856425,1.6020173973302758,0.03433732500000000,ELIGIBLE,R03b_20260811_FULL_v1,L1_ELIGIBILITY,v2026-08-11,2026-03-21..2026-08-06,baccarat_bet02_101_all_pairs_incl_sentinel,round_win = game_pnl > 0 (decisive only),COMPATIBILITY_ONLY_NOT_PRODUCTION,7577.8122,7014.9497,-62.4939,2026,978,0.00824695,0.04452942,-0.17025085,0.00824695,62.4939,7577.8122,OK,0.0000,-2.4998,4.0000,96.0000,AG03-UNRESOLVED,ALL5_LEVELS_bet23_to_bet27,-2.4998,-2.4998,-2.8122,-2.8122,-2.8122,4.000000,4.000000,4.500000,4.500000,4.500000,96.000000,96.000000,95.500000,95.500000,95.500000,5.0,-13.4362,-12.3301,-49.0577,-50.1638,PENDING_AG03,FALSE,NOT_FOR_ENFORCEMENT,-59.9941,6734.3517,-62.4939,-59.9941,-2.4998,-0.00824695,-0.00791708,-2.4998,-59.9941,-0.00791708,-2.4998,-2.4998,-2.8122,-2.8122,-2.8122,-59.9941,-0.00791708,-13.4362,-12.3301,-49.0577,-50.1638,-0.00647386,-0.00661982,-0.00032988,3.7403,7.1728,-0.0639,-4.8072,-0.3019,582.9086,75.2308,3.7331,3.7761,2.0439,2.0439,6.0611,6.3247,8.1756,8.1756,2.0439,-2.0439,4.0,4.0,1.829971,29,100,9,5,0.83107169,-0.00824695,-0.04452942,0E-8,0.000000,0.925722,0.000000,0.21478027,2026-03-23,2026-08-04,13,207,137,135,0.096296,0.988600,0.998074,2.770239,,,,,,,,GLOBAL_BASELINE_NO_ENTITY_RANKING,,,NOT_APPLICABLE_GLOBAL_BASELINE,HF9g-P5,,,,X 全窗基线 · 不参与实体赏罚,3920101,393,A168_HF9F_20260827_0900,2026-08-27 09:00:00
2026-07-01,124529568,-1,1,79.7122184521,-27.0817152430,-27.0817152430,0.4000000,19,10,0.37020737700132917,0.289073841667,0.19511354609803508,0.7737796936305282,0.19511354609803508,0.08113353533432917,SENTINEL_DEALER,R03b_20260811_FULL_v1,L1_ELIGIBILITY,v2026-08-11,2026-03-21..2026-08-06,baccarat_bet02_101_all_pairs_incl_sentinel,round_win = game_pnl > 0 (decisive only),COMPATIBILITY_ONLY_NOT_PRODUCTION,7577.8122,7014.9497,-62.4939,2026,978,0.00824695,0.04452942,-0.17025085,0.00824695,62.4939,7577.8122,OK,0.0000,-2.4998,4.0000,96.0000,AG03-UNRESOLVED,ALL5_LEVELS_bet23_to_bet27,-2.4998,-2.4998,-2.8122,-2.8122,-2.8122,4.000000,4.000000,4.500000,4.500000,4.500000,96.000000,96.000000,95.500000,95.500000,95.500000,5.0,-13.4362,-12.3301,-49.0577,-50.1638,PENDING_AG03,FALSE,NOT_FOR_ENFORCEMENT,-59.9941,6734.3517,-62.4939,-59.9941,-2.4998,-0.00824695,-0.00791708,-2.4998,-59.9941,-0.00791708,-2.4998,-2.4998,-2.8122,-2.8122,-2.8122,-59.9941,-0.00791708,-13.4362,-12.3301,-49.0577,-50.1638,-0.00647386,-0.00661982,-0.00032988,3.7403,7.1728,-0.0639,-4.8072,-0.3019,582.9086,75.2308,3.7331,3.7761,2.0439,2.0439,6.0611,6.3247,8.1756,8.1756,2.0439,-2.0439,4.0,4.0,1.829971,29,100,9,5,0.83107169,-0.00824695,-0.04452942,0E-8,0.000000,0.925722,0.000000,0.21478027,2026-03-23,2026-08-04,13,207,137,135,0.096296,0.988600,0.998074,2.770239,,,,,,,,GLOBAL_BASELINE_NO_ENTITY_RANKING,,,NOT_APPLICABLE_GLOBAL_BASELINE,HF9g-P5,,,,X 全窗基线 · 不参与实体赏罚,3920102,393,A168_HF9F_20260827_0900,2026-08-27 09:00:00
2026-07-01,124529568,1307,0,55.1853820052,5.9273188083,5.9273188083,0.6666667,15,6,0.36119319416861128,0.258505625000,1.5577385960927423,2.2835905945090063,1.5577385960927423,0.10268756916861128,ELIGIBLE,R03b_20260811_FULL_v1,L1_ELIGIBILITY,v2026-08-11,2026-03-21..2026-08-06,baccarat_bet02_101_all_pairs_incl_sentinel,round_win = game_pnl > 0 (decisive only),COMPATIBILITY_ONLY_NOT_PRODUCTION,7577.8122,7014.9497,-62.4939,2026,978,0.00824695,0.04452942,-0.17025085,0.00824695,62.4939,7577.8122,OK,0.0000,-2.4998,4.0000,96.0000,AG03-UNRESOLVED,ALL5_LEVELS_bet23_to_bet27,-2.4998,-2.4998,-2.8122,-2.8122,-2.8122,4.000000,4.000000,4.500000,4.500000,4.500000,96.000000,96.000000,95.500000,95.500000,95.500000,5.0,-13.4362,-12.3301,-49.0577,-50.1638,PENDING_AG03,FALSE,NOT_FOR_ENFORCEMENT,-59.9941,6734.3517,-62.4939,-59.9941,-2.4998,-0.00824695,-0.00791708,-2.4998,-59.9941,-0.00791708,-2.4998,-2.4998,-2.8122,-2.8122,-2.8122,-59.9941,-0.00791708,-13.4362,-12.3301,-49.0577,-50.1638,-0.00647386,-0.00661982,-0.00032988,3.7403,7.1728,-0.0639,-4.8072,-0.3019,582.9086,75.2308,3.7331,3.7761,2.0439,2.0439,6.0611,6.3247,8.1756,8.1756,2.0439,-2.0439,4.0,4.0,1.829971,29,100,9,5,0.83107169,-0.00824695,-0.04452942,0E-8,0.000000,0.925722,0.000000,0.21478027,2026-03-23,2026-08-04,13,207,137,135,0.096296,0.988600,0.998074,2.770239,,,,,,,,GLOBAL_BASELINE_NO_ENTITY_RANKING,,,NOT_APPLICABLE_GLOBAL_BASELINE,HF9g-P5,,,,X 全窗基线 · 不参与实体赏罚,3920103,393,A168_HF9F_20260827_0900,2026-08-27 09:00:00
2026-07-01,124529568,1399,0,12.2634182233,-12.2634182233,-12.2634182233,0E-7,4,1,0.28728933333501277,0.184311250000,-0.6348967755681632,-0.47535020548684115,-0.6348967755681632,0.10297808333501277,ELIGIBLE,R03b_20260811_FULL_v1,L1_ELIGIBILITY,v2026-08-11,2026-03-21..2026-08-06,baccarat_bet02_101_all_pairs_incl_sentinel,round_win = game_pnl > 0 (decisive only),COMPATIBILITY_ONLY_NOT_PRODUCTION,7577.8122,7014.9497,-62.4939,2026,978,0.00824695,0.04452942,-0.17025085,0.00824695,62.4939,7577.8122,OK,0.0000,-2.4998,4.0000,96.0000,AG03-UNRESOLVED,ALL5_LEVELS_bet23_to_bet27,-2.4998,-2.4998,-2.8122,-2.8122,-2.8122,4.000000,4.000000,4.500000,4.500000,4.500000,96.000000,96.000000,95.500000,95.500000,95.500000,5.0,-13.4362,-12.3301,-49.0577,-50.1638,PENDING_AG03,FALSE,NOT_FOR_ENFORCEMENT,-59.9941,6734.3517,-62.4939,-59.9941,-2.4998,-0.00824695,-0.00791708,-2.4998,-59.9941,-0.00791708,-2.4998,-2.4998,-2.8122,-2.8122,-2.8122,-59.9941,-0.00791708,-13.4362,-12.3301,-49.0577,-50.1638,-0.00647386,-0.00661982,-0.00032988,3.7403,7.1728,-0.0639,-4.8072,-0.3019,582.9086,75.2308,3.7331,3.7761,2.0439,2.0439,6.0611,6.3247,8.1756,8.1756,2.0439,-2.0439,4.0,4.0,1.829971,29,100,9,5,0.83107169,-0.00824695,-0.04452942,0E-8,0.000000,0.925722,0.000000,0.21478027,2026-03-23,2026-08-04,13,207,137,135,0.096296,0.988600,0.998074,2.770239,,,,,,,,GLOBAL_BASELINE_NO_ENTITY_RANKING,,,NOT_APPLICABLE_GLOBAL_BASELINE,HF9g-P5,,,,X 全窗基线 · 不参与实体赏罚,3920104,393,A168_HF9F_20260827_0900,2026-08-27 09:00:00
2026-07-01,124529568,1490,0,59.2731880798,-20.4390303723,-20.4390303723,0.2857143,14,8,0.36917967062628583,0.294761975000,-0.4575975505883946,-0.052502877781524016,-0.4575975505883946,0.07441769562628583,ELIGIBLE,R03b_20260811_FULL_v1,L1_ELIGIBILITY,v2026-08-11,2026-03-21..2026-08-06,baccarat_bet02_101_all_pairs_incl_sentinel,round_win = game_pnl > 0 (decisive only),COMPATIBILITY_ONLY_NOT_PRODUCTION,7577.8122,7014.9497,-62.4939,2026,978,0.00824695,0.04452942,-0.17025085,0.00824695,62.4939,7577.8122,OK,0.0000,-2.4998,4.0000,96.0000,AG03-UNRESOLVED,ALL5_LEVELS_bet23_to_bet27,-2.4998,-2.4998,-2.8122,-2.8122,-2.8122,4.000000,4.000000,4.500000,4.500000,4.500000,96.000000,96.000000,95.500000,95.500000,95.500000,5.0,-13.4362,-12.3301,-49.0577,-50.1638,PENDING_AG03,FALSE,NOT_FOR_ENFORCEMENT,-59.9941,6734.3517,-62.4939,-59.9941,-2.4998,-0.00824695,-0.00791708,-2.4998,-59.9941,-0.00791708,-2.4998,-2.4998,-2.8122,-2.8122,-2.8122,-59.9941,-0.00791708,-13.4362,-12.3301,-49.0577,-50.1638,-0.00647386,-0.00661982,-0.00032988,3.7403,7.1728,-0.0639,-4.8072,-0.3019,582.9086,75.2308,3.7331,3.7761,2.0439,2.0439,6.0611,6.3247,8.1756,8.1756,2.0439,-2.0439,4.0,4.0,1.829971,29,100,9,5,0.83107169,-0.00824695,-0.04452942,0E-8,0.000000,0.925722,0.000000,0.21478027,2026-03-23,2026-08-04,13,207,137,135,0.096296,0.988600,0.998074,2.770239,,,,,,,,GLOBAL_BASELINE_NO_ENTITY_RANKING,,,NOT_APPLICABLE_GLOBAL_BASELINE,HF9g-P5,,,,X 全窗基线 · 不参与实体赏罚,3920105,393,A168_HF9F_20260827_0900,2026-08-27 09:00:00
2026-07-01,124529568,1710,0,44.9658668191,-9.0953685155,-9.0953685155,0.5000000,11,6,0.35160166500132409,0.265172325000,0.7613042363579204,1.3030709202414612,0.7613042363579204,0.08642934000132409,ELIGIBLE,R03b_20260811_FULL_v1,L1_ELIGIBILITY,v2026-08-11,2026-03-21..2026-08-06,baccarat_bet02_101_all_pairs_incl_sentinel,round_win = game_pnl > 0 (decisive only),COMPATIBILITY_ONLY_NOT_PRODUCTION,7577.8122,7014.9497,-62.4939,2026,978,0.00824695,0.04452942,-0.17025085,0.00824695,62.4939,7577.8122,OK,0.0000,-2.4998,4.0000,96.0000,AG03-UNRESOLVED,ALL5_LEVELS_bet23_to_bet27,-2.4998,-2.4998,-2.8122,-2.8122,-2.8122,4.000000,4.000000,4.500000,4.500000,4.500000,96.000000,96.000000,95.500000,95.500000,95.500000,5.0,-13.4362,-12.3301,-49.0577,-50.1638,PENDING_AG03,FALSE,NOT_FOR_ENFORCEMENT,-59.9941,6734.3517,-62.4939,-59.9941,-2.4998,-0.00824695,-0.00791708,-2.4998,-59.9941,-0.00791708,-2.4998,-2.4998,-2.8122,-2.8122,-2.8122,-59.9941,-0.00791708,-13.4362,-12.3301,-49.0577,-50.1638,-0.00647386,-0.00661982,-0.00032988,3.7403,7.1728,-0.0639,-4.8072,-0.3019,582.9086,75.2308,3.7331,3.7761,2.0439,2.0439,6.0611,6.3247,8.1756,8.1756,2.0439,-2.0439,4.0,4.0,1.829971,29,100,9,5,0.83107169,-0.00824695,-0.04452942,0E-8,0.000000,0.925722,0.000000,0.21478027,2026-03-23,2026-08-04,13,207,137,135,0.096296,0.988600,0.998074,2.770239,,,,,,,,GLOBAL_BASELINE_NO_ENTITY_RANKING,,,NOT_APPLICABLE_GLOBAL_BASELINE,HF9g-P5,,,,X 全窗基线 · 不参与实体赏罚,3920106,393,A168_HF9F_20260827_0900,2026-08-27 09:00:00
2026-07-01,124529568,2115,0,12.2634182234,-12.2634182234,-12.2634182234,0E-7,3,2,0.45514471250063000,0.403638725000,-1.2925553923824005,-1.1634740288448888,-1.2925553923824005,0.05150598750063000,ELIGIBLE,R03b_20260811_FULL_v1,L1_ELIGIBILITY,v2026-08-11,2026-03-21..2026-08-06,baccarat_bet02_101_all_pairs_incl_sentinel,round_win = game_pnl > 0 (decisive only),COMPATIBILITY_ONLY_NOT_PRODUCTION,7577.8122,7014.9497,-62.4939,2026,978,0.00824695,0.04452942,-0.17025085,0.00824695,62.4939,7577.8122,OK,0.0000,-2.4998,4.0000,96.0000,AG03-UNRESOLVED,ALL5_LEVELS_bet23_to_bet27,-2.4998,-2.4998,-2.8122,-2.8122,-2.8122,4.000000,4.000000,4.500000,4.500000,4.500000,96.000000,96.000000,95.500000,95.500000,95.500000,5.0,-13.4362,-12.3301,-49.0577,-50.1638,PENDING_AG03,FALSE,NOT_FOR_ENFORCEMENT,-59.9941,6734.3517,-62.4939,-59.9941,-2.4998,-0.00824695,-0.00791708,-2.4998,-59.9941,-0.00791708,-2.4998,-2.4998,-2.8122,-2.8122,-2.8122,-59.9941,-0.00791708,-13.4362,-12.3301,-49.0577,-50.1638,-0.00647386,-0.00661982,-0.00032988,3.7403,7.1728,-0.0639,-4.8072,-0.3019,582.9086,75.2308,3.7331,3.7761,2.0439,2.0439,6.0611,6.3247,8.1756,8.1756,2.0439,-2.0439,4.0,4.0,1.829971,29,100,9,5,0.83107169,-0.00824695,-0.04452942,0E-8,0.000000,0.925722,0.000000,0.21478027,2026-03-23,2026-08-04,13,207,137,135,0.096296,0.988600,0.998074,2.770239,,,,,,,,GLOBAL_BASELINE_NO_ENTITY_RANKING,,,NOT_APPLICABLE_GLOBAL_BASELINE,HF9g-P5,,,,X 全窗基线 · 不参与实体赏罚,3920107,393,A168_HF9F_20260827_0900,2026-08-27 09:00:00
2026-07-01,124529568,2196,0,42.9219637817,-6.1317091115,-6.1317091115,0.2500000,12,4,0.34439411553745567,0.230823125000,-0.39730646735058595,0.09102382163905708,-0.39730646735058595,0.11357099053745567,ELIGIBLE,R03b_20260811_FULL_v1,L1_ELIGIBILITY,v2026-08-11,2026-03-21..2026-08-06,baccarat_bet02_101_all_pairs_incl_sentinel,round_win = game_pnl > 0 (decisive only),COMPATIBILITY_ONLY_NOT_PRODUCTION,7577.8122,7014.9497,-62.4939,2026,978,0.00824695,0.04452942,-0.17025085,0.00824695,62.4939,7577.8122,OK,0.0000,-2.4998,4.0000,96.0000,AG03-UNRESOLVED,ALL5_LEVELS_bet23_to_bet27,-2.4998,-2.4998,-2.8122,-2.8122,-2.8122,4.000000,4.000000,4.500000,4.500000,4.500000,96.000000,96.000000,95.500000,95.500000,95.500000,5.0,-13.4362,-12.3301,-49.0577,-50.1638,PENDING_AG03,FALSE,NOT_FOR_ENFORCEMENT,-59.9941,6734.3517,-62.4939,-59.9941,-2.4998,-0.00824695,-0.00791708,-2.4998,-59.9941,-0.00791708,-2.4998,-2.4998,-2.8122,-2.8122,-2.8122,-59.9941,-0.00791708,-13.4362,-12.3301,-49.0577,-50.1638,-0.00647386,-0.00661982,-0.00032988,3.7403,7.1728,-0.0639,-4.8072,-0.3019,582.9086,75.2308,3.7331,3.7761,2.0439,2.0439,6.0611,6.3247,8.1756,8.1756,2.0439,-2.0439,4.0,4.0,1.829971,29,100,9,5,0.83107169,-0.00824695,-0.04452942,0E-8,0.000000,0.925722,0.000000,0.21478027,2026-03-23,2026-08-04,13,207,137,135,0.096296,0.988600,0.998074,2.770239,,,,,,,,GLOBAL_BASELINE_NO_ENTITY_RANKING,,,NOT_APPLICABLE_GLOBAL_BASELINE,HF9g-P5,,,,X 全窗基线 · 不参与实体赏罚,3920108,393,A168_HF9F_20260827_0900,2026-08-27 09:00:00
2026-07-01,124529568,2241,0,20.4390303722,16.3512242980,16.3512242980,1.0000000,6,2,0.32980994000159925,0.220852900000,2.015960965360472,2.656275850774621,2.015960965360472,0.10895704000159925,ELIGIBLE,R03b_20260811_FULL_v1,L1_ELIGIBILITY,v2026-08-11,2026-03-21..2026-08-06,baccarat_bet02_101_all_pairs_incl_sentinel,round_win = game_pnl > 0 (decisive only),COMPATIBILITY_ONLY_NOT_PRODUCTION,7577.8122,7014.9497,-62.4939,2026,978,0.00824695,0.04452942,-0.17025085,0.00824695,62.4939,7577.8122,OK,0.0000,-2.4998,4.0000,96.0000,AG03-UNRESOLVED,ALL5_LEVELS_bet23_to_bet27,-2.4998,-2.4998,-2.8122,-2.8122,-2.8122,4.000000,4.000000,4.500000,4.500000,4.500000,96.000000,96.000000,95.500000,95.500000,95.500000,5.0,-13.4362,-12.3301,-49.0577,-50.1638,PENDING_AG03,FALSE,NOT_FOR_ENFORCEMENT,-59.9941,6734.3517,-62.4939,-59.9941,-2.4998,-0.00824695,-0.00791708,-2.4998,-59.9941,-0.00791708,-2.4998,-2.4998,-2.8122,-2.8122,-2.8122,-59.9941,-0.00791708,-13.4362,-12.3301,-49.0577,-50.1638,-0.00647386,-0.00661982,-0.00032988,3.7403,7.1728,-0.0639,-4.8072,-0.3019,582.9086,75.2308,3.7331,3.7761,2.0439,2.0439,6.0611,6.3247,8.1756,8.1756,2.0439,-2.0439,4.0,4.0,1.829971,29,100,9,5,0.83107169,-0.00824695,-0.04452942,0E-8,0.000000,0.925722,0.000000,0.21478027,2026-03-23,2026-08-04,13,207,137,135,0.096296,0.988600,0.998074,2.770239,,,,,,,,GLOBAL_BASELINE_NO_ENTITY_RANKING,,,NOT_APPLICABLE_GLOBAL_BASELINE,HF9g-P5,,,,X 全窗基线 · 不参与实体赏罚,3920109,393,A168_HF9F_20260827_0900,2026-08-27 09:00:00
2026-07-01,124529568,2287,0,14.3073212606,-14.3073212606,-14.3073212606,0E-7,4,2,0.38647006250174999,0.300626750000,-1.1224190962187464,-0.9272018728036208,-1.1224190962187464,0.08584331250174999,ELIGIBLE,R03b_20260811_FULL_v1,L1_ELIGIBILITY,v2026-08-11,2026-03-21..2026-08-06,baccarat_bet02_101_all_pairs_incl_sentinel,round_win = game_pnl > 0 (decisive only),COMPATIBILITY_ONLY_NOT_PRODUCTION,7577.8122,7014.9497,-62.4939,2026,978,0.00824695,0.04452942,-0.17025085,0.00824695,62.4939,7577.8122,OK,0.0000,-2.4998,4.0000,96.0000,AG03-UNRESOLVED,ALL5_LEVELS_bet23_to_bet27,-2.4998,-2.4998,-2.8122,-2.8122,-2.8122,4.000000,4.000000,4.500000,4.500000,4.500000,96.000000,96.000000,95.500000,95.500000,95.500000,5.0,-13.4362,-12.3301,-49.0577,-50.1638,PENDING_AG03,FALSE,NOT_FOR_ENFORCEMENT,-59.9941,6734.3517,-62.4939,-59.9941,-2.4998,-0.00824695,-0.00791708,-2.4998,-59.9941,-0.00791708,-2.4998,-2.4998,-2.8122,-2.8122,-2.8122,-59.9941,-0.00791708,-13.4362,-12.3301,-49.0577,-50.1638,-0.00647386,-0.00661982,-0.00032988,3.7403,7.1728,-0.0639,-4.8072,-0.3019,582.9086,75.2308,3.7331,3.7761,2.0439,2.0439,6.0611,6.3247,8.1756,8.1756,2.0439,-2.0439,4.0,4.0,1.829971,29,100,9,5,0.83107169,-0.00824695,-0.04452942,0E-8,0.000000,0.925722,0.000000,0.21478027,2026-03-23,2026-08-04,13,207,137,135,0.096296,0.988600,0.998074,2.770239,,,,,,,,GLOBAL_BASELINE_NO_ENTITY_RANKING,,,NOT_APPLICABLE_GLOBAL_BASELINE,HF9g-P5,,,,X 全窗基线 · 不参与实体赏罚,3920110,393,A168_HF9F_20260827_0900,2026-08-27 09:00:00
2026-07-01,124529568,948,0,36.7902546701,-16.3512242977,-16.3512242977,0.4000000,10,5,0.39810436500130914,0.319174170000,0.008659257490312109,0.3877066894171754,0.008659257490312109,0.07893019500130914,ELIGIBLE,R03b_20260811_FULL_v1,L1_ELIGIBILITY,v2026-08-11,2026-03-21..2026-08-06,baccarat_bet02_101_all_pairs_incl_sentinel,round_win = game_pnl > 0 (decisive only),COMPATIBILITY_ONLY_NOT_PRODUCTION,7577.8122,7014.9497,-62.4939,2026,978,0.00824695,0.04452942,-0.17025085,0.00824695,62.4939,7577.8122,OK,0.0000,-2.4998,4.0000,96.0000,AG03-UNRESOLVED,ALL5_LEVELS_bet23_to_bet27,-2.4998,-2.4998,-2.8122,-2.8122,-2.8122,4.000000,4.000000,4.500000,4.500000,4.500000,96.000000,96.000000,95.500000,95.500000,95.500000,5.0,-13.4362,-12.3301,-49.0577,-50.1638,PENDING_AG03,FALSE,NOT_FOR_ENFORCEMENT,-59.9941,6734.3517,-62.4939,-59.9941,-2.4998,-0.00824695,-0.00791708,-2.4998,-59.9941,-0.00791708,-2.4998,-2.4998,-2.8122,-2.8122,-2.8122,-59.9941,-0.00791708,-13.4362,-12.3301,-49.0577,-50.1638,-0.00647386,-0.00661982,-0.00032988,3.7403,7.1728,-0.0639,-4.8072,-0.3019,582.9086,75.2308,3.7331,3.7761,2.0439,2.0439,6.0611,6.3247,8.1756,8.1756,2.0439,-2.0439,4.0,4.0,1.829971,29,100,9,5,0.83107169,-0.00824695,-0.04452942,0E-8,0.000000,0.925722,0.000000,0.21478027,2026-03-23,2026-08-04,13,207,137,135,0.096296,0.988600,0.998074,2.770239,,,,,,,,GLOBAL_BASELINE_NO_ENTITY_RANKING,,,NOT_APPLICABLE_GLOBAL_BASELINE,HF9g-P5,,,,X 全窗基线 · 不参与实体赏罚,3920111,393,A168_HF9F_20260827_0900,2026-08-27 09:00:00
2026-07-06,124529568,-1,1,128.7658913454,12.3656133761,12.3656133761,0.5454545,40,22,0.35820304977403509,0.306970217424,1.8317794041153235,2.42519751700756,1.8317794041153235,0.05123283235003509,SENTINEL_DEALER,R03b_20260811_FULL_v1,L1_ELIGIBILITY,v2026-08-11,2026-03-21..2026-08-06,baccarat_bet02_101_all_pairs_incl_sentinel,round_win = game_pnl > 0 (decisive only),COMPATIBILITY_ONLY_NOT_PRODUCTION,7577.8122,7014.9497,-62.4939,2026,978,0.00824695,0.04452942,-0.17025085,0.00824695,62.4939,7577.8122,OK,0.0000,-2.4998,4.0000,96.0000,AG03-UNRESOLVED,ALL5_LEVELS_bet23_to_bet27,-2.4998,-2.4998,-2.8122,-2.8122,-2.8122,4.000000,4.000000,4.500000,4.500000,4.500000,96.000000,96.000000,95.500000,95.500000,95.500000,5.0,-13.4362,-12.3301,-49.0577,-50.1638,PENDING_AG03,FALSE,NOT_FOR_ENFORCEMENT,-59.9941,6734.3517,-62.4939,-59.9941,-2.4998,-0.00824695,-0.00791708,-2.4998,-59.9941,-0.00791708,-2.4998,-2.4998,-2.8122,-2.8122,-2.8122,-59.9941,-0.00791708,-13.4362,-12.3301,-49.0577,-50.1638,-0.00647386,-0.00661982,-0.00032988,3.7403,7.1728,-0.0639,-4.8072,-0.3019,582.9086,75.2308,3.7331,3.7761,2.0439,2.0439,6.0611,6.3247,8.1756,8.1756,2.0439,-2.0439,4.0,4.0,1.829971,29,100,9,5,0.83107169,-0.00824695,-0.04452942,0E-8,0.000000,0.925722,0.000000,0.21478027,2026-03-23,2026-08-04,13,207,137,135,0.096296,0.988600,0.998074,2.770239,,,,,,,,GLOBAL_BASELINE_NO_ENTITY_RANKING,,,NOT_APPLICABLE_GLOBAL_BASELINE,HF9g-P5,,,,X 全窗基线 · 不参与实体赏罚,3920112,393,A168_HF9F_20260827_0900,2026-08-27 09:00:00
2026-07-06,124529568,1094,0,4.0878060744,14.3073212607,14.3073212607,0.5000000,2,2,0.09460280000000000,0.094602800000,1.958953710097763,1.958953710097763,1.958953710097763,0E-17,ELIGIBLE,R03b_20260811_FULL_v1,L1_ELIGIBILITY,v2026-08-11,2026-03-21..2026-08-06,baccarat_bet02_101_all_pairs_incl_sentinel,round_win = game_pnl > 0 (decisive only),COMPATIBILITY_ONLY_NOT_PRODUCTION,7577.8122,7014.9497,-62.4939,2026,978,0.00824695,0.04452942,-0.17025085,0.00824695,62.4939,7577.8122,OK,0.0000,-2.4998,4.0000,96.0000,AG03-UNRESOLVED,ALL5_LEVELS_bet23_to_bet27,-2.4998,-2.4998,-2.8122,-2.8122,-2.8122,4.000000,4.000000,4.500000,4.500000,4.500000,96.000000,96.000000,95.500000,95.500000,95.500000,5.0,-13.4362,-12.3301,-49.0577,-50.1638,PENDING_AG03,FALSE,NOT_FOR_ENFORCEMENT,-59.9941,6734.3517,-62.4939,-59.9941,-2.4998,-0.00824695,-0.00791708,-2.4998,-59.9941,-0.00791708,-2.4998,-2.4998,-2.8122,-2.8122,-2.8122,-59.9941,-0.00791708,-13.4362,-12.3301,-49.0577,-50.1638,-0.00647386,-0.00661982,-0.00032988,3.7403,7.1728,-0.0639,-4.8072,-0.3019,582.9086,75.2308,3.7331,3.7761,2.0439,2.0439,6.0611,6.3247,8.1756,8.1756,2.0439,-2.0439,4.0,4.0,1.829971,29,100,9,5,0.83107169,-0.00824695,-0.04452942,0E-8,0.000000,0.925722,0.000000,0.21478027,2026-03-23,2026-08-04,13,207,137,135,0.096296,0.988600,0.998074,2.770239,,,,,,,,GLOBAL_BASELINE_NO_ENTITY_RANKING,,,NOT_APPLICABLE_GLOBAL_BASELINE,HF9g-P5,,,,X 全窗基线 · 不参与实体赏罚,3920113,393,A168_HF9F_20260827_0900,2026-08-27 09:00:00
2026-07-06,124529568,1221,0,6.1317091117,-6.1317091117,-6.1317091117,0E-7,2,1,0.36930140000223998,0.300626750000,-0.7652080735673876,-0.655630731788307,-0.7652080735673876,0.06867465000223998,ELIGIBLE,R03b_20260811_FULL_v1,L1_ELIGIBILITY,v2026-08-11,2026-03-21..2026-08-06,baccarat_bet02_101_all_pairs_incl_sentinel,round_win = game_pnl > 0 (decisive only),COMPATIBILITY_ONLY_NOT_PRODUCTION,7577.8122,7014.9497,-62.4939,2026,978,0.00824695,0.04452942,-0.17025085,0.00824695,62.4939,7577.8122,OK,0.0000,-2.4998,4.0000,96.0000,AG03-UNRESOLVED,ALL5_LEVELS_bet23_to_bet27,-2.4998,-2.4998,-2.8122,-2.8122,-2.8122,4.000000,4.000000,4.500000,4.500000,4.500000,96.000000,96.000000,95.500000,95.500000,95.500000,5.0,-13.4362,-12.3301,-49.0577,-50.1638,PENDING_AG03,FALSE,NOT_FOR_ENFORCEMENT,-59.9941,6734.3517,-62.4939,-59.9941,-2.4998,-0.00824695,-0.00791708,-2.4998,-59.9941,-0.00791708,-2.4998,-2.4998,-2.8122,-2.8122,-2.8122,-59.9941,-0.00791708,-13.4362,-12.3301,-49.0577,-50.1638,-0.00647386,-0.00661982,-0.00032988,3.7403,7.1728,-0.0639,-4.8072,-0.3019,582.9086,75.2308,3.7331,3.7761,2.0439,2.0439,6.0611,6.3247,8.1756,8.1756,2.0439,-2.0439,4.0,4.0,1.829971,29,100,9,5,0.83107169,-0.00824695,-0.04452942,0E-8,0.000000,0.925722,0.000000,0.21478027,2026-03-23,2026-08-04,13,207,137,135,0.096296,0.988600,0.998074,2.770239,,,,,,,,GLOBAL_BASELINE_NO_ENTITY_RANKING,,,NOT_APPLICABLE_GLOBAL_BASELINE,HF9g-P5,,,,X 全窗基线 · 不参与实体赏罚,3920114,393,A168_HF9F_20260827_0900,2026-08-27 09:00:00
2026-07-06,124529568,1306,0,8.1756121489,-8.1756121489,-8.1756121489,0E-7,3,2,0.23195210000111999,0.197614775000,-0.7771771068859089,-0.7018321235398395,-0.7771771068859089,0.03433732500111999,ELIGIBLE,R03b_20260811_FULL_v1,L1_ELIGIBILITY,v2026-08-11,2026-03-21..2026-08-06,baccarat_bet02_101_all_pairs_incl_sentinel,round_win = game_pnl > 0 (decisive only),COMPATIBILITY_ONLY_NOT_PRODUCTION,7577.8122,7014.9497,-62.4939,2026,978,0.00824695,0.04452942,-0.17025085,0.00824695,62.4939,7577.8122,OK,0.0000,-2.4998,4.0000,96.0000,AG03-UNRESOLVED,ALL5_LEVELS_bet23_to_bet27,-2.4998,-2.4998,-2.8122,-2.8122,-2.8122,4.000000,4.000000,4.500000,4.500000,4.500000,96.000000,96.000000,95.500000,95.500000,95.500000,5.0,-13.4362,-12.3301,-49.0577,-50.1638,PENDING_AG03,FALSE,NOT_FOR_ENFORCEMENT,-59.9941,6734.3517,-62.4939,-59.9941,-2.4998,-0.00824695,-0.00791708,-2.4998,-59.9941,-0.00791708,-2.4998,-2.4998,-2.8122,-2.8122,-2.8122,-59.9941,-0.00791708,-13.4362,-12.3301,-49.0577,-50.1638,-0.00647386,-0.00661982,-0.00032988,3.7403,7.1728,-0.0639,-4.8072,-0.3019,582.9086,75.2308,3.7331,3.7761,2.0439,2.0439,6.0611,6.3247,8.1756,8.1756,2.0439,-2.0439,4.0,4.0,1.829971,29,100,9,5,0.83107169,-0.00824695,-0.04452942,0E-8,0.000000,0.925722,0.000000,0.21478027,2026-03-23,2026-08-04,13,207,137,135,0.096296,0.988600,0.998074,2.770239,,,,,,,,GLOBAL_BASELINE_NO_ENTITY_RANKING,,,NOT_APPLICABLE_GLOBAL_BASELINE,HF9g-P5,,,,X 全窗基线 · 不参与实体赏罚,3920115,393,A168_HF9F_20260827_0900,2026-08-27 09:00:00
2026-07-06,124529568,1363,0,14.3073212607,-2.2482933409,-2.2482933409,0.5000000,4,3,0.46086760000074666,0.437976050000,0.11102369502051172,0.17679575212256196,0.11102369502051172,0.02289155000074666,ELIGIBLE,R03b_20260811_FULL_v1,L1_ELIGIBILITY,v2026-08-11,2026-03-21..2026-08-06,baccarat_bet02_101_all_pairs_incl_sentinel,round_win = game_pnl > 0 (decisive only),COMPATIBILITY_ONLY_NOT_PRODUCTION,7577.8122,7014.9497,-62.4939,2026,978,0.00824695,0.04452942,-0.17025085,0.00824695,62.4939,7577.8122,OK,0.0000,-2.4998,4.0000,96.0000,AG03-UNRESOLVED,ALL5_LEVELS_bet23_to_bet27,-2.4998,-2.4998,-2.8122,-2.8122,-2.8122,4.000000,4.000000,4.500000,4.500000,4.500000,96.000000,96.000000,95.500000,95.500000,95.500000,5.0,-13.4362,-12.3301,-49.0577,-50.1638,PENDING_AG03,FALSE,NOT_FOR_ENFORCEMENT,-59.9941,6734.3517,-62.4939,-59.9941,-2.4998,-0.00824695,-0.00791708,-2.4998,-59.9941,-0.00791708,-2.4998,-2.4998,-2.8122,-2.8122,-2.8122,-59.9941,-0.00791708,-13.4362,-12.3301,-49.0577,-50.1638,-0.00647386,-0.00661982,-0.00032988,3.7403,7.1728,-0.0639,-4.8072,-0.3019,582.9086,75.2308,3.7331,3.7761,2.0439,2.0439,6.0611,6.3247,8.1756,8.1756,2.0439,-2.0439,4.0,4.0,1.829971,29,100,9,5,0.83107169,-0.00824695,-0.04452942,0E-8,0.000000,0.925722,0.000000,0.21478027,2026-03-23,2026-08-04,13,207,137,135,0.096296,0.988600,0.998074,2.770239,,,,,,,,GLOBAL_BASELINE_NO_ENTITY_RANKING,,,NOT_APPLICABLE_GLOBAL_BASELINE,HF9g-P5,,,,X 全窗基线 · 不参与实体赏罚,3920116,393,A168_HF9F_20260827_0900,2026-08-27 09:00:00
2026-07-06,124529568,2103,0,6.1317091117,-6.1317091117,-6.1317091117,0E-7,2,1,0.36036460000216711,0.293924150000,-0.7505935278916691,-0.6451964315166089,-0.7505935278916691,0.06644045000216711,ELIGIBLE,R03b_20260811_FULL_v1,L1_ELIGIBILITY,v2026-08-11,2026-03-21..2026-08-06,baccarat_bet02_101_all_pairs_incl_sentinel,round_win = game_pnl > 0 (decisive only),COMPATIBILITY_ONLY_NOT_PRODUCTION,7577.8122,7014.9497,-62.4939,2026,978,0.00824695,0.04452942,-0.17025085,0.00824695,62.4939,7577.8122,OK,0.0000,-2.4998,4.0000,96.0000,AG03-UNRESOLVED,ALL5_LEVELS_bet23_to_bet27,-2.4998,-2.4998,-2.8122,-2.8122,-2.8122,4.000000,4.000000,4.500000,4.500000,4.500000,96.000000,96.000000,95.500000,95.500000,95.500000,5.0,-13.4362,-12.3301,-49.0577,-50.1638,PENDING_AG03,FALSE,NOT_FOR_ENFORCEMENT,-59.9941,6734.3517,-62.4939,-59.9941,-2.4998,-0.00824695,-0.00791708,-2.4998,-59.9941,-0.00791708,-2.4998,-2.4998,-2.8122,-2.8122,-2.8122,-59.9941,-0.00791708,-13.4362,-12.3301,-49.0577,-50.1638,-0.00647386,-0.00661982,-0.00032988,3.7403,7.1728,-0.0639,-4.8072,-0.3019,582.9086,75.2308,3.7331,3.7761,2.0439,2.0439,6.0611,6.3247,8.1756,8.1756,2.0439,-2.0439,4.0,4.0,1.829971,29,100,9,5,0.83107169,-0.00824695,-0.04452942,0E-8,0.000000,0.925722,0.000000,0.21478027,2026-03-23,2026-08-04,13,207,137,135,0.096296,0.988600,0.998074,2.770239,,,,,,,,GLOBAL_BASELINE_NO_ENTITY_RANKING,,,NOT_APPLICABLE_GLOBAL_BASELINE,HF9g-P5,,,,X 全窗基线 · 不参与实体赏罚,3920117,393,A168_HF9F_20260827_0900,2026-08-27 09:00:00
2026-07-06,124529568,2201,0,32.7024485956,-12.7743939824,-12.7743939824,0.4285714,11,7,0.37229170357256856,0.328143714286,0.3080210331350243,0.5658904453154057,0.3080210331350243,0.04414798928656856,ELIGIBLE,R03b_20260811_FULL_v1,L1_ELIGIBILITY,v2026-08-11,2026-03-21..2026-08-06,baccarat_bet02_101_all_pairs_incl_sentinel,round_win = game_pnl > 0 (decisive only),COMPATIBILITY_ONLY_NOT_PRODUCTION,7577.8122,7014.9497,-62.4939,2026,978,0.00824695,0.04452942,-0.17025085,0.00824695,62.4939,7577.8122,OK,0.0000,-2.4998,4.0000,96.0000,AG03-UNRESOLVED,ALL5_LEVELS_bet23_to_bet27,-2.4998,-2.4998,-2.8122,-2.8122,-2.8122,4.000000,4.000000,4.500000,4.500000,4.500000,96.000000,96.000000,95.500000,95.500000,95.500000,5.0,-13.4362,-12.3301,-49.0577,-50.1638,PENDING_AG03,FALSE,NOT_FOR_ENFORCEMENT,-59.9941,6734.3517,-62.4939,-59.9941,-2.4998,-0.00824695,-0.00791708,-2.4998,-59.9941,-0.00791708,-2.4998,-2.4998,-2.8122,-2.8122,-2.8122,-59.9941,-0.00791708,-13.4362,-12.3301,-49.0577,-50.1638,-0.00647386,-0.00661982,-0.00032988,3.7403,7.1728,-0.0639,-4.8072,-0.3019,582.9086,75.2308,3.7331,3.7761,2.0439,2.0439,6.0611,6.3247,8.1756,8.1756,2.0439,-2.0439,4.0,4.0,1.829971,29,100,9,5,0.83107169,-0.00824695,-0.04452942,0E-8,0.000000,0.925722,0.000000,0.21478027,2026-03-23,2026-08-04,13,207,137,135,0.096296,0.988600,0.998074,2.770239,,,,,,,,GLOBAL_BASELINE_NO_ENTITY_RANKING,,,NOT_APPLICABLE_GLOBAL_BASELINE,HF9g-P5,,,,X 全窗基线 · 不参与实体赏罚,3920118,393,A168_HF9F_20260827_0900,2026-08-27 09:00:00
2026-07-06,124529568,752,0,6.1317091117,-6.1317091117,-6.1317091117,0E-7,2,2,0.30062675000000000,0.300626750000,-0.9272018728036208,-0.9272018728036208,-0.9272018728036208,0E-17,ELIGIBLE,R03b_20260811_FULL_v1,L1_ELIGIBILITY,v2026-08-11,2026-03-21..2026-08-06,baccarat_bet02_101_all_pairs_incl_sentinel,round_win = game_pnl > 0 (decisive only),COMPATIBILITY_ONLY_NOT_PRODUCTION,7577.8122,7014.9497,-62.4939,2026,978,0.00824695,0.04452942,-0.17025085,0.00824695,62.4939,7577.8122,OK,0.0000,-2.4998,4.0000,96.0000,AG03-UNRESOLVED,ALL5_LEVELS_bet23_to_bet27,-2.4998,-2.4998,-2.8122,-2.8122,-2.8122,4.000000,4.000000,4.500000,4.500000,4.500000,96.000000,96.000000,95.500000,95.500000,95.500000,5.0,-13.4362,-12.3301,-49.0577,-50.1638,PENDING_AG03,FALSE,NOT_FOR_ENFORCEMENT,-59.9941,6734.3517,-62.4939,-59.9941,-2.4998,-0.00824695,-0.00791708,-2.4998,-59.9941,-0.00791708,-2.4998,-2.4998,-2.8122,-2.8122,-2.8122,-59.9941,-0.00791708,-13.4362,-12.3301,-49.0577,-50.1638,-0.00647386,-0.00661982,-0.00032988,3.7403,7.1728,-0.0639,-4.8072,-0.3019,582.9086,75.2308,3.7331,3.7761,2.0439,2.0439,6.0611,6.3247,8.1756,8.1756,2.0439,-2.0439,4.0,4.0,1.829971,29,100,9,5,0.83107169,-0.00824695,-0.04452942,0E-8,0.000000,0.925722,0.000000,0.21478027,2026-03-23,2026-08-04,13,207,137,135,0.096296,0.988600,0.998074,2.770239,,,,,,,,GLOBAL_BASELINE_NO_ENTITY_RANKING,,,NOT_APPLICABLE_GLOBAL_BASELINE,HF9g-P5,,,,X 全窗基线 · 不参与实体赏罚,3920119,393,A168_HF9F_20260827_0900,2026-08-27 09:00:00
2026-07-06,124529568,994,0,12.2634182233,-4.1900012263,-4.1900012263,0.3333333,5,5,0.42424112000000000,0.424241120000,-0.31859210450893694,-0.318592104508937,-0.31859210450893694,0E-17,ELIGIBLE,R03b_20260811_FULL_v1,L1_ELIGIBILITY,v2026-08-11,2026-03-21..2026-08-06,baccarat_bet02_101_all_pairs_incl_sentinel,round_win = game_pnl > 0 (decisive only),COMPATIBILITY_ONLY_NOT_PRODUCTION,7577.8122,7014.9497,-62.4939,2026,978,0.00824695,0.04452942,-0.17025085,0.00824695,62.4939,7577.8122,OK,0.0000,-2.4998,4.0000,96.0000,AG03-UNRESOLVED,ALL5_LEVELS_bet23_to_bet27,-2.4998,-2.4998,-2.8122,-2.8122,-2.8122,4.000000,4.000000,4.500000,4.500000,4.500000,96.000000,96.000000,95.500000,95.500000,95.500000,5.0,-13.4362,-12.3301,-49.0577,-50.1638,PENDING_AG03,FALSE,NOT_FOR_ENFORCEMENT,-59.9941,6734.3517,-62.4939,-59.9941,-2.4998,-0.00824695,-0.00791708,-2.4998,-59.9941,-0.00791708,-2.4998,-2.4998,-2.8122,-2.8122,-2.8122,-59.9941,-0.00791708,-13.4362,-12.3301,-49.0577,-50.1638,-0.00647386,-0.00661982,-0.00032988,3.7403,7.1728,-0.0639,-4.8072,-0.3019,582.9086,75.2308,3.7331,3.7761,2.0439,2.0439,6.0611,6.3247,8.1756,8.1756,2.0439,-2.0439,4.0,4.0,1.829971,29,100,9,5,0.83107169,-0.00824695,-0.04452942,0E-8,0.000000,0.925722,0.000000,0.21478027,2026-03-23,2026-08-04,13,207,137,135,0.096296,0.988600,0.998074,2.770239,,,,,,,,GLOBAL_BASELINE_NO_ENTITY_RANKING,,,NOT_APPLICABLE_GLOBAL_BASELINE,HF9g-P5,,,,X 全窗基线 · 不参与实体赏罚,3920120,393,A168_HF9F_20260827_0900,2026-08-27 09:00:00
2026-07-21,124529568,1330,0,22.4829334095,-6.1317091115,-6.1317091115,0.4000000,8,5,0.41218919333465525,0.371661040000,-0.05537234089407785,0.13112889364876143,-0.05537234089407785,0.04052815333465525,ELIGIBLE,R03b_20260811_FULL_v1,L1_ELIGIBILITY,v2026-08-11,2026-03-21..2026-08-06,baccarat_bet02_101_all_pairs_incl_sentinel,round_win = game_pnl > 0 (decisive only),COMPATIBILITY_ONLY_NOT_PRODUCTION,7577.8122,7014.9497,-62.4939,2026,978,0.00824695,0.04452942,-0.17025085,0.00824695,62.4939,7577.8122,OK,0.0000,-2.4998,4.0000,96.0000,AG03-UNRESOLVED,ALL5_LEVELS_bet23_to_bet27,-2.4998,-2.4998,-2.8122,-2.8122,-2.8122,4.000000,4.000000,4.500000,4.500000,4.500000,96.000000,96.000000,95.500000,95.500000,95.500000,5.0,-13.4362,-12.3301,-49.0577,-50.1638,PENDING_AG03,FALSE,NOT_FOR_ENFORCEMENT,-59.9941,6734.3517,-62.4939,-59.9941,-2.4998,-0.00824695,-0.00791708,-2.4998,-59.9941,-0.00791708,-2.4998,-2.4998,-2.8122,-2.8122,-2.8122,-59.9941,-0.00791708,-13.4362,-12.3301,-49.0577,-50.1638,-0.00647386,-0.00661982,-0.00032988,3.7403,7.1728,-0.0639,-4.8072,-0.3019,582.9086,75.2308,3.7331,3.7761,2.0439,2.0439,6.0611,6.3247,8.1756,8.1756,2.0439,-2.0439,4.0,4.0,1.829971,29,100,9,5,0.83107169,-0.00824695,-0.04452942,0E-8,0.000000,0.925722,0.000000,0.21478027,2026-03-23,2026-08-04,13,207,137,135,0.096296,0.988600,0.998074,2.770239,,,,,,,,GLOBAL_BASELINE_NO_ENTITY_RANKING,,,NOT_APPLICABLE_GLOBAL_BASELINE,HF9g-P5,,,,X 全窗基线 · 不参与实体赏罚,3920121,393,A168_HF9F_20260827_0900,2026-08-27 09:00:00
2026-07-21,124529568,1331,0,4.0878060744,4.0878060744,4.0878060744,1.0000000,2,2,0.49324550000000000,0.493245500000,1.4334489766152358,1.4334489766152358,1.4334489766152358,0E-17,ELIGIBLE,R03b_20260811_FULL_v1,L1_ELIGIBILITY,v2026-08-11,2026-03-21..2026-08-06,baccarat_bet02_101_all_pairs_incl_sentinel,round_win = game_pnl > 0 (decisive only),COMPATIBILITY_ONLY_NOT_PRODUCTION,7577.8122,7014.9497,-62.4939,2026,978,0.00824695,0.04452942,-0.17025085,0.00824695,62.4939,7577.8122,OK,0.0000,-2.4998,4.0000,96.0000,AG03-UNRESOLVED,ALL5_LEVELS_bet23_to_bet27,-2.4998,-2.4998,-2.8122,-2.8122,-2.8122,4.000000,4.000000,4.500000,4.500000,4.500000,96.000000,96.000000,95.500000,95.500000,95.500000,5.0,-13.4362,-12.3301,-49.0577,-50.1638,PENDING_AG03,FALSE,NOT_FOR_ENFORCEMENT,-59.9941,6734.3517,-62.4939,-59.9941,-2.4998,-0.00824695,-0.00791708,-2.4998,-59.9941,-0.00791708,-2.4998,-2.4998,-2.8122,-2.8122,-2.8122,-59.9941,-0.00791708,-13.4362,-12.3301,-49.0577,-50.1638,-0.00647386,-0.00661982,-0.00032988,3.7403,7.1728,-0.0639,-4.8072,-0.3019,582.9086,75.2308,3.7331,3.7761,2.0439,2.0439,6.0611,6.3247,8.1756,8.1756,2.0439,-2.0439,4.0,4.0,1.829971,29,100,9,5,0.83107169,-0.00824695,-0.04452942,0E-8,0.000000,0.925722,0.000000,0.21478027,2026-03-23,2026-08-04,13,207,137,135,0.096296,0.988600,0.998074,2.770239,,,,,,,,GLOBAL_BASELINE_NO_ENTITY_RANKING,,,NOT_APPLICABLE_GLOBAL_BASELINE,HF9g-P5,,,,X 全窗基线 · 不参与实体赏罚,3920122,393,A168_HF9F_20260827_0900,2026-08-27 09:00:00
2026-07-21,124529568,1401,0,18.3951273350,-10.4239054897,-10.4239054897,0.3333333,6,3,0.26592465333464356,0.204637338889,0.2642572005295927,0.5525233269515322,0.2642572005295927,0.06128731444564356,ELIGIBLE,R03b_20260811_FULL_v1,L1_ELIGIBILITY,v2026-08-11,2026-03-21..2026-08-06,baccarat_bet02_101_all_pairs_incl_sentinel,round_win = game_pnl > 0 (decisive only),COMPATIBILITY_ONLY_NOT_PRODUCTION,7577.8122,7014.9497,-62.4939,2026,978,0.00824695,0.04452942,-0.17025085,0.00824695,62.4939,7577.8122,OK,0.0000,-2.4998,4.0000,96.0000,AG03-UNRESOLVED,ALL5_LEVELS_bet23_to_bet27,-2.4998,-2.4998,-2.8122,-2.8122,-2.8122,4.000000,4.000000,4.500000,4.500000,4.500000,96.000000,96.000000,95.500000,95.500000,95.500000,5.0,-13.4362,-12.3301,-49.0577,-50.1638,PENDING_AG03,FALSE,NOT_FOR_ENFORCEMENT,-59.9941,6734.3517,-62.4939,-59.9941,-2.4998,-0.00824695,-0.00791708,-2.4998,-59.9941,-0.00791708,-2.4998,-2.4998,-2.8122,-2.8122,-2.8122,-59.9941,-0.00791708,-13.4362,-12.3301,-49.0577,-50.1638,-0.00647386,-0.00661982,-0.00032988,3.7403,7.1728,-0.0639,-4.8072,-0.3019,582.9086,75.2308,3.7331,3.7761,2.0439,2.0439,6.0611,6.3247,8.1756,8.1756,2.0439,-2.0439,4.0,4.0,1.829971,29,100,9,5,0.83107169,-0.00824695,-0.04452942,0E-8,0.000000,0.925722,0.000000,0.21478027,2026-03-23,2026-08-04,13,207,137,135,0.096296,0.988600,0.998074,2.770239,,,,,,,,GLOBAL_BASELINE_NO_ENTITY_RANKING,,,NOT_APPLICABLE_GLOBAL_BASELINE,HF9g-P5,,,,X 全窗基线 · 不参与实体赏罚,3920123,393,A168_HF9F_20260827_0900,2026-08-27 09:00:00
2026-07-21,124529568,1990,0,10.2195151862,-2.2482933409,-2.2482933409,0.5000000,3,2,0.43127345000111999,0.396936125000,0.1962507965555366,0.29790616794075786,0.1962507965555366,0.03433732500111999,ELIGIBLE,R03b_20260811_FULL_v1,L1_ELIGIBILITY,v2026-08-11,2026-03-21..2026-08-06,baccarat_bet02_101_all_pairs_incl_sentinel,round_win = game_pnl > 0 (decisive only),COMPATIBILITY_ONLY_NOT_PRODUCTION,7577.8122,7014.9497,-62.4939,2026,978,0.00824695,0.04452942,-0.17025085,0.00824695,62.4939,7577.8122,OK,0.0000,-2.4998,4.0000,96.0000,AG03-UNRESOLVED,ALL5_LEVELS_bet23_to_bet27,-2.4998,-2.4998,-2.8122,-2.8122,-2.8122,4.000000,4.000000,4.500000,4.500000,4.500000,96.000000,96.000000,95.500000,95.500000,95.500000,5.0,-13.4362,-12.3301,-49.0577,-50.1638,PENDING_AG03,FALSE,NOT_FOR_ENFORCEMENT,-59.9941,6734.3517,-62.4939,-59.9941,-2.4998,-0.00824695,-0.00791708,-2.4998,-59.9941,-0.00791708,-2.4998,-2.4998,-2.8122,-2.8122,-2.8122,-59.9941,-0.00791708,-13.4362,-12.3301,-49.0577,-50.1638,-0.00647386,-0.00661982,-0.00032988,3.7403,7.1728,-0.0639,-4.8072,-0.3019,582.9086,75.2308,3.7331,3.7761,2.0439,2.0439,6.0611,6.3247,8.1756,8.1756,2.0439,-2.0439,4.0,4.0,1.829971,29,100,9,5,0.83107169,-0.00824695,-0.04452942,0E-8,0.000000,0.925722,0.000000,0.21478027,2026-03-23,2026-08-04,13,207,137,135,0.096296,0.988600,0.998074,2.770239,,,,,,,,GLOBAL_BASELINE_NO_ENTITY_RANKING,,,NOT_APPLICABLE_GLOBAL_BASELINE,HF9g-P5,,,,X 全窗基线 · 不参与实体赏罚,3920124,393,A168_HF9F_20260827_0900,2026-08-27 09:00:00
2026-07-21,124529568,2108,0,47.0097698564,-3.1680497074,-3.1680497074,0.5555556,14,9,0.38738471389001634,0.345665116667,1.035635187891194,1.3239942422059576,1.035635187891194,0.04171959722301634,ELIGIBLE,R03b_20260811_FULL_v1,L1_ELIGIBILITY,v2026-08-11,2026-03-21..2026-08-06,baccarat_bet02_101_all_pairs_incl_sentinel,round_win = game_pnl > 0 (decisive only),COMPATIBILITY_ONLY_NOT_PRODUCTION,7577.8122,7014.9497,-62.4939,2026,978,0.00824695,0.04452942,-0.17025085,0.00824695,62.4939,7577.8122,OK,0.0000,-2.4998,4.0000,96.0000,AG03-UNRESOLVED,ALL5_LEVELS_bet23_to_bet27,-2.4998,-2.4998,-2.8122,-2.8122,-2.8122,4.000000,4.000000,4.500000,4.500000,4.500000,96.000000,96.000000,95.500000,95.500000,95.500000,5.0,-13.4362,-12.3301,-49.0577,-50.1638,PENDING_AG03,FALSE,NOT_FOR_ENFORCEMENT,-59.9941,6734.3517,-62.4939,-59.9941,-2.4998,-0.00824695,-0.00791708,-2.4998,-59.9941,-0.00791708,-2.4998,-2.4998,-2.8122,-2.8122,-2.8122,-59.9941,-0.00791708,-13.4362,-12.3301,-49.0577,-50.1638,-0.00647386,-0.00661982,-0.00032988,3.7403,7.1728,-0.0639,-4.8072,-0.3019,582.9086,75.2308,3.7331,3.7761,2.0439,2.0439,6.0611,6.3247,8.1756,8.1756,2.0439,-2.0439,4.0,4.0,1.829971,29,100,9,5,0.83107169,-0.00824695,-0.04452942,0E-8,0.000000,0.925722,0.000000,0.21478027,2026-03-23,2026-08-04,13,207,137,135,0.096296,0.988600,0.998074,2.770239,,,,,,,,GLOBAL_BASELINE_NO_ENTITY_RANKING,,,NOT_APPLICABLE_GLOBAL_BASELINE,HF9g-P5,,,,X 全窗基线 · 不参与实体赏罚,3920125,393,A168_HF9F_20260827_0900,2026-08-27 09:00:00
2026-07-21,124529568,2130,0,14.3073212606,-6.3360994153,-6.3360994153,0.3333333,5,3,0.31390455000072237,0.291757733333,0.07251288051566922,0.15841527082004367,0.07251288051566922,0.02214681666772237,ELIGIBLE,R03b_20260811_FULL_v1,L1_ELIGIBILITY,v2026-08-11,2026-03-21..2026-08-06,baccarat_bet02_101_all_pairs_incl_sentinel,round_win = game_pnl > 0 (decisive only),COMPATIBILITY_ONLY_NOT_PRODUCTION,7577.8122,7014.9497,-62.4939,2026,978,0.00824695,0.04452942,-0.17025085,0.00824695,62.4939,7577.8122,OK,0.0000,-2.4998,4.0000,96.0000,AG03-UNRESOLVED,ALL5_LEVELS_bet23_to_bet27,-2.4998,-2.4998,-2.8122,-2.8122,-2.8122,4.000000,4.000000,4.500000,4.500000,4.500000,96.000000,96.000000,95.500000,95.500000,95.500000,5.0,-13.4362,-12.3301,-49.0577,-50.1638,PENDING_AG03,FALSE,NOT_FOR_ENFORCEMENT,-59.9941,6734.3517,-62.4939,-59.9941,-2.4998,-0.00824695,-0.00791708,-2.4998,-59.9941,-0.00791708,-2.4998,-2.4998,-2.8122,-2.8122,-2.8122,-59.9941,-0.00791708,-13.4362,-12.3301,-49.0577,-50.1638,-0.00647386,-0.00661982,-0.00032988,3.7403,7.1728,-0.0639,-4.8072,-0.3019,582.9086,75.2308,3.7331,3.7761,2.0439,2.0439,6.0611,6.3247,8.1756,8.1756,2.0439,-2.0439,4.0,4.0,1.829971,29,100,9,5,0.83107169,-0.00824695,-0.04452942,0E-8,0.000000,0.925722,0.000000,0.21478027,2026-03-23,2026-08-04,13,207,137,135,0.096296,0.988600,0.998074,2.770239,,,,,,,,GLOBAL_BASELINE_NO_ENTITY_RANKING,,,NOT_APPLICABLE_GLOBAL_BASELINE,HF9g-P5,,,,X 全窗基线 · 不参与实体赏罚,3920126,393,A168_HF9F_20260827_0900,2026-08-27 09:00:00
2026-07-21,124529568,471,0,6.1317091117,-6.1317091117,-6.1317091117,0E-7,2,1,0.36930140000223998,0.300626750000,-0.7652080735673876,-0.655630731788307,-0.7652080735673876,0.06867465000223998,ELIGIBLE,R03b_20260811_FULL_v1,L1_ELIGIBILITY,v2026-08-11,2026-03-21..2026-08-06,baccarat_bet02_101_all_pairs_incl_sentinel,round_win = game_pnl > 0 (decisive only),COMPATIBILITY_ONLY_NOT_PRODUCTION,7577.8122,7014.9497,-62.4939,2026,978,0.00824695,0.04452942,-0.17025085,0.00824695,62.4939,7577.8122,OK,0.0000,-2.4998,4.0000,96.0000,AG03-UNRESOLVED,ALL5_LEVELS_bet23_to_bet27,-2.4998,-2.4998,-2.8122,-2.8122,-2.8122,4.000000,4.000000,4.500000,4.500000,4.500000,96.000000,96.000000,95.500000,95.500000,95.500000,5.0,-13.4362,-12.3301,-49.0577,-50.1638,PENDING_AG03,FALSE,NOT_FOR_ENFORCEMENT,-59.9941,6734.3517,-62.4939,-59.9941,-2.4998,-0.00824695,-0.00791708,-2.4998,-59.9941,-0.00791708,-2.4998,-2.4998,-2.8122,-2.8122,-2.8122,-59.9941,-0.00791708,-13.4362,-12.3301,-49.0577,-50.1638,-0.00647386,-0.00661982,-0.00032988,3.7403,7.1728,-0.0639,-4.8072,-0.3019,582.9086,75.2308,3.7331,3.7761,2.0439,2.0439,6.0611,6.3247,8.1756,8.1756,2.0439,-2.0439,4.0,4.0,1.829971,29,100,9,5,0.83107169,-0.00824695,-0.04452942,0E-8,0.000000,0.925722,0.000000,0.21478027,2026-03-23,2026-08-04,13,207,137,135,0.096296,0.988600,0.998074,2.770239,,,,,,,,GLOBAL_BASELINE_NO_ENTITY_RANKING,,,NOT_APPLICABLE_GLOBAL_BASELINE,HF9g-P5,,,,X 全窗基线 · 不参与实体赏罚,3920127,393,A168_HF9F_20260827_0900,2026-08-27 09:00:00
2026-07-22,124529568,1507,0,12.2634182234,-4.2921963781,-4.2921963781,0.5000000,4,2,0.36483300000220355,0.297275450000,0.39709521360152095,0.6272624026875385,0.39709521360152095,0.06755755000220355,ELIGIBLE,R03b_20260811_FULL_v1,L1_ELIGIBILITY,v2026-08-11,2026-03-21..2026-08-06,baccarat_bet02_101_all_pairs_incl_sentinel,round_win = game_pnl > 0 (decisive only),COMPATIBILITY_ONLY_NOT_PRODUCTION,7577.8122,7014.9497,-62.4939,2026,978,0.00824695,0.04452942,-0.17025085,0.00824695,62.4939,7577.8122,OK,0.0000,-2.4998,4.0000,96.0000,AG03-UNRESOLVED,ALL5_LEVELS_bet23_to_bet27,-2.4998,-2.4998,-2.8122,-2.8122,-2.8122,4.000000,4.000000,4.500000,4.500000,4.500000,96.000000,96.000000,95.500000,95.500000,95.500000,5.0,-13.4362,-12.3301,-49.0577,-50.1638,PENDING_AG03,FALSE,NOT_FOR_ENFORCEMENT,-59.9941,6734.3517,-62.4939,-59.9941,-2.4998,-0.00824695,-0.00791708,-2.4998,-59.9941,-0.00791708,-2.4998,-2.4998,-2.8122,-2.8122,-2.8122,-59.9941,-0.00791708,-13.4362,-12.3301,-49.0577,-50.1638,-0.00647386,-0.00661982,-0.00032988,3.7403,7.1728,-0.0639,-4.8072,-0.3019,582.9086,75.2308,3.7331,3.7761,2.0439,2.0439,6.0611,6.3247,8.1756,8.1756,2.0439,-2.0439,4.0,4.0,1.829971,29,100,9,5,0.83107169,-0.00824695,-0.04452942,0E-8,0.000000,0.925722,0.000000,0.21478027,2026-03-23,2026-08-04,13,207,137,135,0.096296,0.988600,0.998074,2.770239,,,,,,,,GLOBAL_BASELINE_NO_ENTITY_RANKING,,,NOT_APPLICABLE_GLOBAL_BASELINE,HF9g-P5,,,,X 全窗基线 · 不参与实体赏罚,3920128,393,A168_HF9F_20260827_0900,2026-08-27 09:00:00
2026-07-22,124529568,1646,0,10.2195151862,-10.2195151862,-10.2195151862,0E-7,3,2,0.43797605000111999,0.403638725000,-1.2484258930879921,-1.1634740288448888,-1.2484258930879921,0.03433732500111999,ELIGIBLE,R03b_20260811_FULL_v1,L1_ELIGIBILITY,v2026-08-11,2026-03-21..2026-08-06,baccarat_bet02_101_all_pairs_incl_sentinel,round_win = game_pnl > 0 (decisive only),COMPATIBILITY_ONLY_NOT_PRODUCTION,7577.8122,7014.9497,-62.4939,2026,978,0.00824695,0.04452942,-0.17025085,0.00824695,62.4939,7577.8122,OK,0.0000,-2.4998,4.0000,96.0000,AG03-UNRESOLVED,ALL5_LEVELS_bet23_to_bet27,-2.4998,-2.4998,-2.8122,-2.8122,-2.8122,4.000000,4.000000,4.500000,4.500000,4.500000,96.000000,96.000000,95.500000,95.500000,95.500000,5.0,-13.4362,-12.3301,-49.0577,-50.1638,PENDING_AG03,FALSE,NOT_FOR_ENFORCEMENT,-59.9941,6734.3517,-62.4939,-59.9941,-2.4998,-0.00824695,-0.00791708,-2.4998,-59.9941,-0.00791708,-2.4998,-2.4998,-2.8122,-2.8122,-2.8122,-59.9941,-0.00791708,-13.4362,-12.3301,-49.0577,-50.1638,-0.00647386,-0.00661982,-0.00032988,3.7403,7.1728,-0.0639,-4.8072,-0.3019,582.9086,75.2308,3.7331,3.7761,2.0439,2.0439,6.0611,6.3247,8.1756,8.1756,2.0439,-2.0439,4.0,4.0,1.829971,29,100,9,5,0.83107169,-0.00824695,-0.04452942,0E-8,0.000000,0.925722,0.000000,0.21478027,2026-03-23,2026-08-04,13,207,137,135,0.096296,0.988600,0.998074,2.770239,,,,,,,,GLOBAL_BASELINE_NO_ENTITY_RANKING,,,NOT_APPLICABLE_GLOBAL_BASELINE,HF9g-P5,,,,X 全窗基线 · 不参与实体赏罚,3920129,393,A168_HF9F_20260827_0900,2026-08-27 09:00:00
2026-07-22,124529568,2254,0,22.4829334096,10.2195151862,10.2195151862,0.5000000,6,4,0.44320908125087499,0.400287425000,0.22864330726450827,0.40702621015020357,0.22864330726450827,0.04292165625087499,ELIGIBLE,R03b_20260811_FULL_v1,L1_ELIGIBILITY,v2026-08-11,2026-03-21..2026-08-06,baccarat_bet02_101_all_pairs_incl_sentinel,round_win = game_pnl > 0 (decisive only),COMPATIBILITY_ONLY_NOT_PRODUCTION,7577.8122,7014.9497,-62.4939,2026,978,0.00824695,0.04452942,-0.17025085,0.00824695,62.4939,7577.8122,OK,0.0000,-2.4998,4.0000,96.0000,AG03-UNRESOLVED,ALL5_LEVELS_bet23_to_bet27,-2.4998,-2.4998,-2.8122,-2.8122,-2.8122,4.000000,4.000000,4.500000,4.500000,4.500000,96.000000,96.000000,95.500000,95.500000,95.500000,5.0,-13.4362,-12.3301,-49.0577,-50.1638,PENDING_AG03,FALSE,NOT_FOR_ENFORCEMENT,-59.9941,6734.3517,-62.4939,-59.9941,-2.4998,-0.00824695,-0.00791708,-2.4998,-59.9941,-0.00791708,-2.4998,-2.4998,-2.8122,-2.8122,-2.8122,-59.9941,-0.00791708,-13.4362,-12.3301,-49.0577,-50.1638,-0.00647386,-0.00661982,-0.00032988,3.7403,7.1728,-0.0639,-4.8072,-0.3019,582.9086,75.2308,3.7331,3.7761,2.0439,2.0439,6.0611,6.3247,8.1756,8.1756,2.0439,-2.0439,4.0,4.0,1.829971,29,100,9,5,0.83107169,-0.00824695,-0.04452942,0E-8,0.000000,0.925722,0.000000,0.21478027,2026-03-23,2026-08-04,13,207,137,135,0.096296,0.988600,0.998074,2.770239,,,,,,,,GLOBAL_BASELINE_NO_ENTITY_RANKING,,,NOT_APPLICABLE_GLOBAL_BASELINE,HF9g-P5,,,,X 全窗基线 · 不参与实体赏罚,3920130,393,A168_HF9F_20260827_0900,2026-08-27 09:00:00
2026-07-22,124529568,2289,0,24.5268364467,-16.3512242977,-16.3512242977,0.3333333,7,3,0.36125151500166180,0.269564388889,-0.10066487908886365,0.2489130274976087,-0.10066487908886365,0.09168712611266180,ELIGIBLE,R03b_20260811_FULL_v1,L1_ELIGIBILITY,v2026-08-11,2026-03-21..2026-08-06,baccarat_bet02_101_all_pairs_incl_sentinel,round_win = game_pnl > 0 (decisive only),COMPATIBILITY_ONLY_NOT_PRODUCTION,7577.8122,7014.9497,-62.4939,2026,978,0.00824695,0.04452942,-0.17025085,0.00824695,62.4939,7577.8122,OK,0.0000,-2.4998,4.0000,96.0000,AG03-UNRESOLVED,ALL5_LEVELS_bet23_to_bet27,-2.4998,-2.4998,-2.8122,-2.8122,-2.8122,4.000000,4.000000,4.500000,4.500000,4.500000,96.000000,96.000000,95.500000,95.500000,95.500000,5.0,-13.4362,-12.3301,-49.0577,-50.1638,PENDING_AG03,FALSE,NOT_FOR_ENFORCEMENT,-59.9941,6734.3517,-62.4939,-59.9941,-2.4998,-0.00824695,-0.00791708,-2.4998,-59.9941,-0.00791708,-2.4998,-2.4998,-2.8122,-2.8122,-2.8122,-59.9941,-0.00791708,-13.4362,-12.3301,-49.0577,-50.1638,-0.00647386,-0.00661982,-0.00032988,3.7403,7.1728,-0.0639,-4.8072,-0.3019,582.9086,75.2308,3.7331,3.7761,2.0439,2.0439,6.0611,6.3247,8.1756,8.1756,2.0439,-2.0439,4.0,4.0,1.829971,29,100,9,5,0.83107169,-0.00824695,-0.04452942,0E-8,0.000000,0.925722,0.000000,0.21478027,2026-03-23,2026-08-04,13,207,137,135,0.096296,0.988600,0.998074,2.770239,,,,,,,,GLOBAL_BASELINE_NO_ENTITY_RANKING,,,NOT_APPLICABLE_GLOBAL_BASELINE,HF9g-P5,,,,X 全窗基线 · 不参与实体赏罚,3920131,393,A168_HF9F_20260827_0900,2026-08-27 09:00:00
2026-07-22,124529568,948,0,18.3951273350,-18.3951273350,-18.3951273350,0E-7,5,3,0.30062675000083999,0.231952100000,-1.1355857384631793,-0.9518436758184777,-1.1355857384631793,0.06867465000083999,ELIGIBLE,R03b_20260811_FULL_v1,L1_ELIGIBILITY,v2026-08-11,2026-03-21..2026-08-06,baccarat_bet02_101_all_pairs_incl_sentinel,round_win = game_pnl > 0 (decisive only),COMPATIBILITY_ONLY_NOT_PRODUCTION,7577.8122,7014.9497,-62.4939,2026,978,0.00824695,0.04452942,-0.17025085,0.00824695,62.4939,7577.8122,OK,0.0000,-2.4998,4.0000,96.0000,AG03-UNRESOLVED,ALL5_LEVELS_bet23_to_bet27,-2.4998,-2.4998,-2.8122,-2.8122,-2.8122,4.000000,4.000000,4.500000,4.500000,4.500000,96.000000,96.000000,95.500000,95.500000,95.500000,5.0,-13.4362,-12.3301,-49.0577,-50.1638,PENDING_AG03,FALSE,NOT_FOR_ENFORCEMENT,-59.9941,6734.3517,-62.4939,-59.9941,-2.4998,-0.00824695,-0.00791708,-2.4998,-59.9941,-0.00791708,-2.4998,-2.4998,-2.8122,-2.8122,-2.8122,-59.9941,-0.00791708,-13.4362,-12.3301,-49.0577,-50.1638,-0.00647386,-0.00661982,-0.00032988,3.7403,7.1728,-0.0639,-4.8072,-0.3019,582.9086,75.2308,3.7331,3.7761,2.0439,2.0439,6.0611,6.3247,8.1756,8.1756,2.0439,-2.0439,4.0,4.0,1.829971,29,100,9,5,0.83107169,-0.00824695,-0.04452942,0E-8,0.000000,0.925722,0.000000,0.21478027,2026-03-23,2026-08-04,13,207,137,135,0.096296,0.988600,0.998074,2.770239,,,,,,,,GLOBAL_BASELINE_NO_ENTITY_RANKING,,,NOT_APPLICABLE_GLOBAL_BASELINE,HF9g-P5,,,,X 全窗基线 · 不参与实体赏罚,3920132,393,A168_HF9F_20260827_0900,2026-08-27 09:00:00
2026-07-23,124529568,-1,1,245.2683644676,-25.1400073566,-25.1400073566,0.5312500,69,33,0.37083262959749401,0.294343009596,1.8786865065530438,2.940554125327073,1.8786865065530438,0.07648962000149401,SENTINEL_DEALER,R03b_20260811_FULL_v1,L1_ELIGIBILITY,v2026-08-11,2026-03-21..2026-08-06,baccarat_bet02_101_all_pairs_incl_sentinel,round_win = game_pnl > 0 (decisive only),COMPATIBILITY_ONLY_NOT_PRODUCTION,7577.8122,7014.9497,-62.4939,2026,978,0.00824695,0.04452942,-0.17025085,0.00824695,62.4939,7577.8122,OK,0.0000,-2.4998,4.0000,96.0000,AG03-UNRESOLVED,ALL5_LEVELS_bet23_to_bet27,-2.4998,-2.4998,-2.8122,-2.8122,-2.8122,4.000000,4.000000,4.500000,4.500000,4.500000,96.000000,96.000000,95.500000,95.500000,95.500000,5.0,-13.4362,-12.3301,-49.0577,-50.1638,PENDING_AG03,FALSE,NOT_FOR_ENFORCEMENT,-59.9941,6734.3517,-62.4939,-59.9941,-2.4998,-0.00824695,-0.00791708,-2.4998,-59.9941,-0.00791708,-2.4998,-2.4998,-2.8122,-2.8122,-2.8122,-59.9941,-0.00791708,-13.4362,-12.3301,-49.0577,-50.1638,-0.00647386,-0.00661982,-0.00032988,3.7403,7.1728,-0.0639,-4.8072,-0.3019,582.9086,75.2308,3.7331,3.7761,2.0439,2.0439,6.0611,6.3247,8.1756,8.1756,2.0439,-2.0439,4.0,4.0,1.829971,29,100,9,5,0.83107169,-0.00824695,-0.04452942,0E-8,0.000000,0.925722,0.000000,0.21478027,2026-03-23,2026-08-04,13,207,137,135,0.096296,0.988600,0.998074,2.770239,,,,,,,,GLOBAL_BASELINE_NO_ENTITY_RANKING,,,NOT_APPLICABLE_GLOBAL_BASELINE,HF9g-P5,,,,X 全窗基线 · 不参与实体赏罚,3920133,393,A168_HF9F_20260827_0900,2026-08-27 09:00:00
2026-07-23,124529568,1306,0,14.3073212606,-6.3360994153,-6.3360994153,0.5000000,4,2,0.42224947000082589,0.365981983334,0.22261971536633285,0.39345723129123444,0.22261971536633285,0.05626748666682589,ELIGIBLE,R03b_20260811_FULL_v1,L1_ELIGIBILITY,v2026-08-11,2026-03-21..2026-08-06,baccarat_bet02_101_all_pairs_incl_sentinel,round_win = game_pnl > 0 (decisive only),COMPATIBILITY_ONLY_NOT_PRODUCTION,7577.8122,7014.9497,-62.4939,2026,978,0.00824695,0.04452942,-0.17025085,0.00824695,62.4939,7577.8122,OK,0.0000,-2.4998,4.0000,96.0000,AG03-UNRESOLVED,ALL5_LEVELS_bet23_to_bet27,-2.4998,-2.4998,-2.8122,-2.8122,-2.8122,4.000000,4.000000,4.500000,4.500000,4.500000,96.000000,96.000000,95.500000,95.500000,95.500000,5.0,-13.4362,-12.3301,-49.0577,-50.1638,PENDING_AG03,FALSE,NOT_FOR_ENFORCEMENT,-59.9941,6734.3517,-62.4939,-59.9941,-2.4998,-0.00824695,-0.00791708,-2.4998,-59.9941,-0.00791708,-2.4998,-2.4998,-2.8122,-2.8122,-2.8122,-59.9941,-0.00791708,-13.4362,-12.3301,-49.0577,-50.1638,-0.00647386,-0.00661982,-0.00032988,3.7403,7.1728,-0.0639,-4.8072,-0.3019,582.9086,75.2308,3.7331,3.7761,2.0439,2.0439,6.0611,6.3247,8.1756,8.1756,2.0439,-2.0439,4.0,4.0,1.829971,29,100,9,5,0.83107169,-0.00824695,-0.04452942,0E-8,0.000000,0.925722,0.000000,0.21478027,2026-03-23,2026-08-04,13,207,137,135,0.096296,0.988600,0.998074,2.770239,,,,,,,,GLOBAL_BASELINE_NO_ENTITY_RANKING,,,NOT_APPLICABLE_GLOBAL_BASELINE,HF9g-P5,,,,X 全窗基线 · 不参与实体赏罚,3920134,393,A168_HF9F_20260827_0900,2026-08-27 09:00:00
2026-07-23,124529568,1363,0,8.1756121489,-8.1756121489,-8.1756121489,0E-7,2,1,0.40363872500125999,0.300626750000,-0.8227003755328068,-0.655630731788307,-0.8227003755328068,0.10301197500125999,ELIGIBLE,R03b_20260811_FULL_v1,L1_ELIGIBILITY,v2026-08-11,2026-03-21..2026-08-06,baccarat_bet02_101_all_pairs_incl_sentinel,round_win = game_pnl > 0 (decisive only),COMPATIBILITY_ONLY_NOT_PRODUCTION,7577.8122,7014.9497,-62.4939,2026,978,0.00824695,0.04452942,-0.17025085,0.00824695,62.4939,7577.8122,OK,0.0000,-2.4998,4.0000,96.0000,AG03-UNRESOLVED,ALL5_LEVELS_bet23_to_bet27,-2.4998,-2.4998,-2.8122,-2.8122,-2.8122,4.000000,4.000000,4.500000,4.500000,4.500000,96.000000,96.000000,95.500000,95.500000,95.500000,5.0,-13.4362,-12.3301,-49.0577,-50.1638,PENDING_AG03,FALSE,NOT_FOR_ENFORCEMENT,-59.9941,6734.3517,-62.4939,-59.9941,-2.4998,-0.00824695,-0.00791708,-2.4998,-59.9941,-0.00791708,-2.4998,-2.4998,-2.8122,-2.8122,-2.8122,-59.9941,-0.00791708,-13.4362,-12.3301,-49.0577,-50.1638,-0.00647386,-0.00661982,-0.00032988,3.7403,7.1728,-0.0639,-4.8072,-0.3019,582.9086,75.2308,3.7331,3.7761,2.0439,2.0439,6.0611,6.3247,8.1756,8.1756,2.0439,-2.0439,4.0,4.0,1.829971,29,100,9,5,0.83107169,-0.00824695,-0.04452942,0E-8,0.000000,0.925722,0.000000,0.21478027,2026-03-23,2026-08-04,13,207,137,135,0.096296,0.988600,0.998074,2.770239,,,,,,,,GLOBAL_BASELINE_NO_ENTITY_RANKING,,,NOT_APPLICABLE_GLOBAL_BASELINE,HF9g-P5,,,,X 全窗基线 · 不参与实体赏罚,3920135,393,A168_HF9F_20260827_0900,2026-08-27 09:00:00
2026-07-23,124529568,1714,0,16.3512242978,2.0439030373,2.0439030373,0.3333333,5,3,0.28285074166779537,0.227483700000,0.19414170177247145,0.43734182986708897,0.19414170177247145,0.05536704166779537,ELIGIBLE,R03b_20260811_FULL_v1,L1_ELIGIBILITY,v2026-08-11,2026-03-21..2026-08-06,baccarat_bet02_101_all_pairs_incl_sentinel,round_win = game_pnl > 0 (decisive only),COMPATIBILITY_ONLY_NOT_PRODUCTION,7577.8122,7014.9497,-62.4939,2026,978,0.00824695,0.04452942,-0.17025085,0.00824695,62.4939,7577.8122,OK,0.0000,-2.4998,4.0000,96.0000,AG03-UNRESOLVED,ALL5_LEVELS_bet23_to_bet27,-2.4998,-2.4998,-2.8122,-2.8122,-2.8122,4.000000,4.000000,4.500000,4.500000,4.500000,96.000000,96.000000,95.500000,95.500000,95.500000,5.0,-13.4362,-12.3301,-49.0577,-50.1638,PENDING_AG03,FALSE,NOT_FOR_ENFORCEMENT,-59.9941,6734.3517,-62.4939,-59.9941,-2.4998,-0.00824695,-0.00791708,-2.4998,-59.9941,-0.00791708,-2.4998,-2.4998,-2.8122,-2.8122,-2.8122,-59.9941,-0.00791708,-13.4362,-12.3301,-49.0577,-50.1638,-0.00647386,-0.00661982,-0.00032988,3.7403,7.1728,-0.0639,-4.8072,-0.3019,582.9086,75.2308,3.7331,3.7761,2.0439,2.0439,6.0611,6.3247,8.1756,8.1756,2.0439,-2.0439,4.0,4.0,1.829971,29,100,9,5,0.83107169,-0.00824695,-0.04452942,0E-8,0.000000,0.925722,0.000000,0.21478027,2026-03-23,2026-08-04,13,207,137,135,0.096296,0.988600,0.998074,2.770239,,,,,,,,GLOBAL_BASELINE_NO_ENTITY_RANKING,,,NOT_APPLICABLE_GLOBAL_BASELINE,HF9g-P5,,,,X 全窗基线 · 不参与实体赏罚,3920136,393,A168_HF9F_20260827_0900,2026-08-27 09:00:00
2026-07-23,124529568,1957,0,6.1317091117,-6.1317091117,-6.1317091117,0E-7,2,1,0.36036460000216711,0.293924150000,-0.7505935278916691,-0.6451964315166089,-0.7505935278916691,0.06644045000216711,ELIGIBLE,R03b_20260811_FULL_v1,L1_ELIGIBILITY,v2026-08-11,2026-03-21..2026-08-06,baccarat_bet02_101_all_pairs_incl_sentinel,round_win = game_pnl > 0 (decisive only),COMPATIBILITY_ONLY_NOT_PRODUCTION,7577.8122,7014.9497,-62.4939,2026,978,0.00824695,0.04452942,-0.17025085,0.00824695,62.4939,7577.8122,OK,0.0000,-2.4998,4.0000,96.0000,AG03-UNRESOLVED,ALL5_LEVELS_bet23_to_bet27,-2.4998,-2.4998,-2.8122,-2.8122,-2.8122,4.000000,4.000000,4.500000,4.500000,4.500000,96.000000,96.000000,95.500000,95.500000,95.500000,5.0,-13.4362,-12.3301,-49.0577,-50.1638,PENDING_AG03,FALSE,NOT_FOR_ENFORCEMENT,-59.9941,6734.3517,-62.4939,-59.9941,-2.4998,-0.00824695,-0.00791708,-2.4998,-59.9941,-0.00791708,-2.4998,-2.4998,-2.8122,-2.8122,-2.8122,-59.9941,-0.00791708,-13.4362,-12.3301,-49.0577,-50.1638,-0.00647386,-0.00661982,-0.00032988,3.7403,7.1728,-0.0639,-4.8072,-0.3019,582.9086,75.2308,3.7331,3.7761,2.0439,2.0439,6.0611,6.3247,8.1756,8.1756,2.0439,-2.0439,4.0,4.0,1.829971,29,100,9,5,0.83107169,-0.00824695,-0.04452942,0E-8,0.000000,0.925722,0.000000,0.21478027,2026-03-23,2026-08-04,13,207,137,135,0.096296,0.988600,0.998074,2.770239,,,,,,,,GLOBAL_BASELINE_NO_ENTITY_RANKING,,,NOT_APPLICABLE_GLOBAL_BASELINE,HF9g-P5,,,,X 全窗基线 · 不参与实体赏罚,3920137,393,A168_HF9F_20260827_0900,2026-08-27 09:00:00
2026-07-23,124529568,1966,0,10.2195151861,26.2641540285,26.2641540285,1.0000000,3,1,0.33784824000165177,0.225313266667,1.3999674507672193,1.85425593282769,1.3999674507672193,0.11253497333465177,ELIGIBLE,R03b_20260811_FULL_v1,L1_ELIGIBILITY,v2026-08-11,2026-03-21..2026-08-06,baccarat_bet02_101_all_pairs_incl_sentinel,round_win = game_pnl > 0 (decisive only),COMPATIBILITY_ONLY_NOT_PRODUCTION,7577.8122,7014.9497,-62.4939,2026,978,0.00824695,0.04452942,-0.17025085,0.00824695,62.4939,7577.8122,OK,0.0000,-2.4998,4.0000,96.0000,AG03-UNRESOLVED,ALL5_LEVELS_bet23_to_bet27,-2.4998,-2.4998,-2.8122,-2.8122,-2.8122,4.000000,4.000000,4.500000,4.500000,4.500000,96.000000,96.000000,95.500000,95.500000,95.500000,5.0,-13.4362,-12.3301,-49.0577,-50.1638,PENDING_AG03,FALSE,NOT_FOR_ENFORCEMENT,-59.9941,6734.3517,-62.4939,-59.9941,-2.4998,-0.00824695,-0.00791708,-2.4998,-59.9941,-0.00791708,-2.4998,-2.4998,-2.8122,-2.8122,-2.8122,-59.9941,-0.00791708,-13.4362,-12.3301,-49.0577,-50.1638,-0.00647386,-0.00661982,-0.00032988,3.7403,7.1728,-0.0639,-4.8072,-0.3019,582.9086,75.2308,3.7331,3.7761,2.0439,2.0439,6.0611,6.3247,8.1756,8.1756,2.0439,-2.0439,4.0,4.0,1.829971,29,100,9,5,0.83107169,-0.00824695,-0.04452942,0E-8,0.000000,0.925722,0.000000,0.21478027,2026-03-23,2026-08-04,13,207,137,135,0.096296,0.988600,0.998074,2.770239,,,,,,,,GLOBAL_BASELINE_NO_ENTITY_RANKING,,,NOT_APPLICABLE_GLOBAL_BASELINE,HF9g-P5,,,,X 全窗基线 · 不参与实体赏罚,3920138,393,A168_HF9F_20260827_0900,2026-08-27 09:00:00
2026-07-23,124529568,1990,0,34.7463516329,-4.0878060743,-4.0878060743,0.4000000,11,5,0.35485799000208698,0.280216333333,0.21096525707272087,0.5963962286507258,0.21096525707272087,0.07464165666908698,ELIGIBLE,R03b_20260811_FULL_v1,L1_ELIGIBILITY,v2026-08-11,2026-03-21..2026-08-06,baccarat_bet02_101_all_pairs_incl_sentinel,round_win = game_pnl > 0 (decisive only),COMPATIBILITY_ONLY_NOT_PRODUCTION,7577.8122,7014.9497,-62.4939,2026,978,0.00824695,0.04452942,-0.17025085,0.00824695,62.4939,7577.8122,OK,0.0000,-2.4998,4.0000,96.0000,AG03-UNRESOLVED,ALL5_LEVELS_bet23_to_bet27,-2.4998,-2.4998,-2.8122,-2.8122,-2.8122,4.000000,4.000000,4.500000,4.500000,4.500000,96.000000,96.000000,95.500000,95.500000,95.500000,5.0,-13.4362,-12.3301,-49.0577,-50.1638,PENDING_AG03,FALSE,NOT_FOR_ENFORCEMENT,-59.9941,6734.3517,-62.4939,-59.9941,-2.4998,-0.00824695,-0.00791708,-2.4998,-59.9941,-0.00791708,-2.4998,-2.4998,-2.8122,-2.8122,-2.8122,-59.9941,-0.00791708,-13.4362,-12.3301,-49.0577,-50.1638,-0.00647386,-0.00661982,-0.00032988,3.7403,7.1728,-0.0639,-4.8072,-0.3019,582.9086,75.2308,3.7331,3.7761,2.0439,2.0439,6.0611,6.3247,8.1756,8.1756,2.0439,-2.0439,4.0,4.0,1.829971,29,100,9,5,0.83107169,-0.00824695,-0.04452942,0E-8,0.000000,0.925722,0.000000,0.21478027,2026-03-23,2026-08-04,13,207,137,135,0.096296,0.988600,0.998074,2.770239,,,,,,,,GLOBAL_BASELINE_NO_ENTITY_RANKING,,,NOT_APPLICABLE_GLOBAL_BASELINE,HF9g-P5,,,,X 全窗基线 · 不参与实体赏罚,3920139,393,A168_HF9F_20260827_0900,2026-08-27 09:00:00
2026-07-23,124529568,2093,0,59.2731880796,-22.4829334092,-22.4829334092,0.3750000,15,8,0.37110129937594493,0.302246152083,0.02282592021264319,0.4480943325495456,0.02282592021264319,0.06885514729294493,ELIGIBLE,R03b_20260811_FULL_v1,L1_ELIGIBILITY,v2026-08-11,2026-03-21..2026-08-06,baccarat_bet02_101_all_pairs_incl_sentinel,round_win = game_pnl > 0 (decisive only),COMPATIBILITY_ONLY_NOT_PRODUCTION,7577.8122,7014.9497,-62.4939,2026,978,0.00824695,0.04452942,-0.17025085,0.00824695,62.4939,7577.8122,OK,0.0000,-2.4998,4.0000,96.0000,AG03-UNRESOLVED,ALL5_LEVELS_bet23_to_bet27,-2.4998,-2.4998,-2.8122,-2.8122,-2.8122,4.000000,4.000000,4.500000,4.500000,4.500000,96.000000,96.000000,95.500000,95.500000,95.500000,5.0,-13.4362,-12.3301,-49.0577,-50.1638,PENDING_AG03,FALSE,NOT_FOR_ENFORCEMENT,-59.9941,6734.3517,-62.4939,-59.9941,-2.4998,-0.00824695,-0.00791708,-2.4998,-59.9941,-0.00791708,-2.4998,-2.4998,-2.8122,-2.8122,-2.8122,-59.9941,-0.00791708,-13.4362,-12.3301,-49.0577,-50.1638,-0.00647386,-0.00661982,-0.00032988,3.7403,7.1728,-0.0639,-4.8072,-0.3019,582.9086,75.2308,3.7331,3.7761,2.0439,2.0439,6.0611,6.3247,8.1756,8.1756,2.0439,-2.0439,4.0,4.0,1.829971,29,100,9,5,0.83107169,-0.00824695,-0.04452942,0E-8,0.000000,0.925722,0.000000,0.21478027,2026-03-23,2026-08-04,13,207,137,135,0.096296,0.988600,0.998074,2.770239,,,,,,,,GLOBAL_BASELINE_NO_ENTITY_RANKING,,,NOT_APPLICABLE_GLOBAL_BASELINE,HF9g-P5,,,,X 全窗基线 · 不参与实体赏罚,3920140,393,A168_HF9F_20260827_0900,2026-08-27 09:00:00
2026-07-23,124529568,2107,0,28.6146425212,-12.6721988307,-12.6721988307,0.3333333,7,3,0.38589659500149068,0.274035466667,-0.18701942082857362,0.2302706608742596,-0.18701942082857362,0.11186112833449068,ELIGIBLE,R03b_20260811_FULL_v1,L1_ELIGIBILITY,v2026-08-11,2026-03-21..2026-08-06,baccarat_bet02_101_all_pairs_incl_sentinel,round_win = game_pnl > 0 (decisive only),COMPATIBILITY_ONLY_NOT_PRODUCTION,7577.8122,7014.9497,-62.4939,2026,978,0.00824695,0.04452942,-0.17025085,0.00824695,62.4939,7577.8122,OK,0.0000,-2.4998,4.0000,96.0000,AG03-UNRESOLVED,ALL5_LEVELS_bet23_to_bet27,-2.4998,-2.4998,-2.8122,-2.8122,-2.8122,4.000000,4.000000,4.500000,4.500000,4.500000,96.000000,96.000000,95.500000,95.500000,95.500000,5.0,-13.4362,-12.3301,-49.0577,-50.1638,PENDING_AG03,FALSE,NOT_FOR_ENFORCEMENT,-59.9941,6734.3517,-62.4939,-59.9941,-2.4998,-0.00824695,-0.00791708,-2.4998,-59.9941,-0.00791708,-2.4998,-2.4998,-2.8122,-2.8122,-2.8122,-59.9941,-0.00791708,-13.4362,-12.3301,-49.0577,-50.1638,-0.00647386,-0.00661982,-0.00032988,3.7403,7.1728,-0.0639,-4.8072,-0.3019,582.9086,75.2308,3.7331,3.7761,2.0439,2.0439,6.0611,6.3247,8.1756,8.1756,2.0439,-2.0439,4.0,4.0,1.829971,29,100,9,5,0.83107169,-0.00824695,-0.04452942,0E-8,0.000000,0.925722,0.000000,0.21478027,2026-03-23,2026-08-04,13,207,137,135,0.096296,0.988600,0.998074,2.770239,,,,,,,,GLOBAL_BASELINE_NO_ENTITY_RANKING,,,NOT_APPLICABLE_GLOBAL_BASELINE,HF9g-P5,,,,X 全窗基线 · 不参与实体赏罚,3920141,393,A168_HF9F_20260827_0900,2026-08-27 09:00:00
2026-07-23,124529568,2108,0,16.3512242978,-4.3943915300,-4.3943915300,0.5000000,5,2,0.34964317500192044,0.262970008334,0.4459126218140067,0.7614170694750746,0.4459126218140067,0.08667316666792044,ELIGIBLE,R03b_20260811_FULL_v1,L1_ELIGIBILITY,v2026-08-11,2026-03-21..2026-08-06,baccarat_bet02_101_all_pairs_incl_sentinel,round_win = game_pnl > 0 (decisive only),COMPATIBILITY_ONLY_NOT_PRODUCTION,7577.8122,7014.9497,-62.4939,2026,978,0.00824695,0.04452942,-0.17025085,0.00824695,62.4939,7577.8122,OK,0.0000,-2.4998,4.0000,96.0000,AG03-UNRESOLVED,ALL5_LEVELS_bet23_to_bet27,-2.4998,-2.4998,-2.8122,-2.8122,-2.8122,4.000000,4.000000,4.500000,4.500000,4.500000,96.000000,96.000000,95.500000,95.500000,95.500000,5.0,-13.4362,-12.3301,-49.0577,-50.1638,PENDING_AG03,FALSE,NOT_FOR_ENFORCEMENT,-59.9941,6734.3517,-62.4939,-59.9941,-2.4998,-0.00824695,-0.00791708,-2.4998,-59.9941,-0.00791708,-2.4998,-2.4998,-2.8122,-2.8122,-2.8122,-59.9941,-0.00791708,-13.4362,-12.3301,-49.0577,-50.1638,-0.00647386,-0.00661982,-0.00032988,3.7403,7.1728,-0.0639,-4.8072,-0.3019,582.9086,75.2308,3.7331,3.7761,2.0439,2.0439,6.0611,6.3247,8.1756,8.1756,2.0439,-2.0439,4.0,4.0,1.829971,29,100,9,5,0.83107169,-0.00824695,-0.04452942,0E-8,0.000000,0.925722,0.000000,0.21478027,2026-03-23,2026-08-04,13,207,137,135,0.096296,0.988600,0.998074,2.770239,,,,,,,,GLOBAL_BASELINE_NO_ENTITY_RANKING,,,NOT_APPLICABLE_GLOBAL_BASELINE,HF9g-P5,,,,X 全窗基线 · 不参与实体赏罚,3920142,393,A168_HF9F_20260827_0900,2026-08-27 09:00:00
2026-07-23,124529568,2167,0,20.4390303723,-4.4965866817,-4.4965866817,0.5000000,6,4,0.34354840625087499,0.300626750000,0.6588926525374647,0.8696180881875154,0.6588926525374647,0.04292165625087499,ELIGIBLE,R03b_20260811_FULL_v1,L1_ELIGIBILITY,v2026-08-11,2026-03-21..2026-08-06,baccarat_bet02_101_all_pairs_incl_sentinel,round_win = game_pnl > 0 (decisive only),COMPATIBILITY_ONLY_NOT_PRODUCTION,7577.8122,7014.9497,-62.4939,2026,978,0.00824695,0.04452942,-0.17025085,0.00824695,62.4939,7577.8122,OK,0.0000,-2.4998,4.0000,96.0000,AG03-UNRESOLVED,ALL5_LEVELS_bet23_to_bet27,-2.4998,-2.4998,-2.8122,-2.8122,-2.8122,4.000000,4.000000,4.500000,4.500000,4.500000,96.000000,96.000000,95.500000,95.500000,95.500000,5.0,-13.4362,-12.3301,-49.0577,-50.1638,PENDING_AG03,FALSE,NOT_FOR_ENFORCEMENT,-59.9941,6734.3517,-62.4939,-59.9941,-2.4998,-0.00824695,-0.00791708,-2.4998,-59.9941,-0.00791708,-2.4998,-2.4998,-2.8122,-2.8122,-2.8122,-59.9941,-0.00791708,-13.4362,-12.3301,-49.0577,-50.1638,-0.00647386,-0.00661982,-0.00032988,3.7403,7.1728,-0.0639,-4.8072,-0.3019,582.9086,75.2308,3.7331,3.7761,2.0439,2.0439,6.0611,6.3247,8.1756,8.1756,2.0439,-2.0439,4.0,4.0,1.829971,29,100,9,5,0.83107169,-0.00824695,-0.04452942,0E-8,0.000000,0.925722,0.000000,0.21478027,2026-03-23,2026-08-04,13,207,137,135,0.096296,0.988600,0.998074,2.770239,,,,,,,,GLOBAL_BASELINE_NO_ENTITY_RANKING,,,NOT_APPLICABLE_GLOBAL_BASELINE,HF9g-P5,,,,X 全窗基线 · 不参与实体赏罚,3920143,393,A168_HF9F_20260827_0900,2026-08-27 09:00:00
2026-07-23,124529568,2209,0,98.1073457868,-9.5041491227,-9.5041491227,0.5000000,28,12,0.28659802027911603,0.202605933334,1.6348778840332725,2.5630692658810497,1.6348778840332725,0.08399208694511603,ELIGIBLE,R03b_20260811_FULL_v1,L1_ELIGIBILITY,v2026-08-11,2026-03-21..2026-08-06,baccarat_bet02_101_all_pairs_incl_sentinel,round_win = game_pnl > 0 (decisive only),COMPATIBILITY_ONLY_NOT_PRODUCTION,7577.8122,7014.9497,-62.4939,2026,978,0.00824695,0.04452942,-0.17025085,0.00824695,62.4939,7577.8122,OK,0.0000,-2.4998,4.0000,96.0000,AG03-UNRESOLVED,ALL5_LEVELS_bet23_to_bet27,-2.4998,-2.4998,-2.8122,-2.8122,-2.8122,4.000000,4.000000,4.500000,4.500000,4.500000,96.000000,96.000000,95.500000,95.500000,95.500000,5.0,-13.4362,-12.3301,-49.0577,-50.1638,PENDING_AG03,FALSE,NOT_FOR_ENFORCEMENT,-59.9941,6734.3517,-62.4939,-59.9941,-2.4998,-0.00824695,-0.00791708,-2.4998,-59.9941,-0.00791708,-2.4998,-2.4998,-2.8122,-2.8122,-2.8122,-59.9941,-0.00791708,-13.4362,-12.3301,-49.0577,-50.1638,-0.00647386,-0.00661982,-0.00032988,3.7403,7.1728,-0.0639,-4.8072,-0.3019,582.9086,75.2308,3.7331,3.7761,2.0439,2.0439,6.0611,6.3247,8.1756,8.1756,2.0439,-2.0439,4.0,4.0,1.829971,29,100,9,5,0.83107169,-0.00824695,-0.04452942,0E-8,0.000000,0.925722,0.000000,0.21478027,2026-03-23,2026-08-04,13,207,137,135,0.096296,0.988600,0.998074,2.770239,,,,,,,,GLOBAL_BASELINE_NO_ENTITY_RANKING,,,NOT_APPLICABLE_GLOBAL_BASELINE,HF9g-P5,,,,X 全窗基线 · 不参与实体赏罚,3920144,393,A168_HF9F_20260827_0900,2026-08-27 09:00:00
2026-07-23,124529568,2216,0,71.5366063028,56.4117238281,56.4117238281,0.7777778,21,9,0.34548063111237411,0.264943377778,2.727284976428015,3.4862736400275898,2.727284976428015,0.08053725333437411,ELIGIBLE,R03b_20260811_FULL_v1,L1_ELIGIBILITY,v2026-08-11,2026-03-21..2026-08-06,baccarat_bet02_101_all_pairs_incl_sentinel,round_win = game_pnl > 0 (decisive only),COMPATIBILITY_ONLY_NOT_PRODUCTION,7577.8122,7014.9497,-62.4939,2026,978,0.00824695,0.04452942,-0.17025085,0.00824695,62.4939,7577.8122,OK,0.0000,-2.4998,4.0000,96.0000,AG03-UNRESOLVED,ALL5_LEVELS_bet23_to_bet27,-2.4998,-2.4998,-2.8122,-2.8122,-2.8122,4.000000,4.000000,4.500000,4.500000,4.500000,96.000000,96.000000,95.500000,95.500000,95.500000,5.0,-13.4362,-12.3301,-49.0577,-50.1638,PENDING_AG03,FALSE,NOT_FOR_ENFORCEMENT,-59.9941,6734.3517,-62.4939,-59.9941,-2.4998,-0.00824695,-0.00791708,-2.4998,-59.9941,-0.00791708,-2.4998,-2.4998,-2.8122,-2.8122,-2.8122,-59.9941,-0.00791708,-13.4362,-12.3301,-49.0577,-50.1638,-0.00647386,-0.00661982,-0.00032988,3.7403,7.1728,-0.0639,-4.8072,-0.3019,582.9086,75.2308,3.7331,3.7761,2.0439,2.0439,6.0611,6.3247,8.1756,8.1756,2.0439,-2.0439,4.0,4.0,1.829971,29,100,9,5,0.83107169,-0.00824695,-0.04452942,0E-8,0.000000,0.925722,0.000000,0.21478027,2026-03-23,2026-08-04,13,207,137,135,0.096296,0.988600,0.998074,2.770239,,,,,,,,GLOBAL_BASELINE_NO_ENTITY_RANKING,,,NOT_APPLICABLE_GLOBAL_BASELINE,HF9g-P5,,,,X 全窗基线 · 不参与实体赏罚,3920145,393,A168_HF9F_20260827_0900,2026-08-27 09:00:00
2026-07-23,124529568,2246,0,10.2195151861,-10.2195151861,-10.2195151861,0E-7,3,1,0.33784824000165177,0.225313266667,-0.7143023214232398,-0.5392998788872835,-0.7143023214232398,0.11253497333465177,ELIGIBLE,R03b_20260811_FULL_v1,L1_ELIGIBILITY,v2026-08-11,2026-03-21..2026-08-06,baccarat_bet02_101_all_pairs_incl_sentinel,round_win = game_pnl > 0 (decisive only),COMPATIBILITY_ONLY_NOT_PRODUCTION,7577.8122,7014.9497,-62.4939,2026,978,0.00824695,0.04452942,-0.17025085,0.00824695,62.4939,7577.8122,OK,0.0000,-2.4998,4.0000,96.0000,AG03-UNRESOLVED,ALL5_LEVELS_bet23_to_bet27,-2.4998,-2.4998,-2.8122,-2.8122,-2.8122,4.000000,4.000000,4.500000,4.500000,4.500000,96.000000,96.000000,95.500000,95.500000,95.500000,5.0,-13.4362,-12.3301,-49.0577,-50.1638,PENDING_AG03,FALSE,NOT_FOR_ENFORCEMENT,-59.9941,6734.3517,-62.4939,-59.9941,-2.4998,-0.00824695,-0.00791708,-2.4998,-59.9941,-0.00791708,-2.4998,-2.4998,-2.8122,-2.8122,-2.8122,-59.9941,-0.00791708,-13.4362,-12.3301,-49.0577,-50.1638,-0.00647386,-0.00661982,-0.00032988,3.7403,7.1728,-0.0639,-4.8072,-0.3019,582.9086,75.2308,3.7331,3.7761,2.0439,2.0439,6.0611,6.3247,8.1756,8.1756,2.0439,-2.0439,4.0,4.0,1.829971,29,100,9,5,0.83107169,-0.00824695,-0.04452942,0E-8,0.000000,0.925722,0.000000,0.21478027,2026-03-23,2026-08-04,13,207,137,135,0.096296,0.988600,0.998074,2.770239,,,,,,,,GLOBAL_BASELINE_NO_ENTITY_RANKING,,,NOT_APPLICABLE_GLOBAL_BASELINE,HF9g-P5,,,,X 全窗基线 · 不参与实体赏罚,3920146,393,A168_HF9F_20260827_0900,2026-08-27 09:00:00
2026-07-23,124529568,2251,0,10.2195151861,-10.2195151861,-10.2195151861,0E-7,3,1,0.32980512000159930,0.220844866667,-0.7015007568096064,-0.5323922027720716,-0.7015007568096064,0.10896025333459930,ELIGIBLE,R03b_20260811_FULL_v1,L1_ELIGIBILITY,v2026-08-11,2026-03-21..2026-08-06,baccarat_bet02_101_all_pairs_incl_sentinel,round_win = game_pnl > 0 (decisive only),COMPATIBILITY_ONLY_NOT_PRODUCTION,7577.8122,7014.9497,-62.4939,2026,978,0.00824695,0.04452942,-0.17025085,0.00824695,62.4939,7577.8122,OK,0.0000,-2.4998,4.0000,96.0000,AG03-UNRESOLVED,ALL5_LEVELS_bet23_to_bet27,-2.4998,-2.4998,-2.8122,-2.8122,-2.8122,4.000000,4.000000,4.500000,4.500000,4.500000,96.000000,96.000000,95.500000,95.500000,95.500000,5.0,-13.4362,-12.3301,-49.0577,-50.1638,PENDING_AG03,FALSE,NOT_FOR_ENFORCEMENT,-59.9941,6734.3517,-62.4939,-59.9941,-2.4998,-0.00824695,-0.00791708,-2.4998,-59.9941,-0.00791708,-2.4998,-2.4998,-2.8122,-2.8122,-2.8122,-59.9941,-0.00791708,-13.4362,-12.3301,-49.0577,-50.1638,-0.00647386,-0.00661982,-0.00032988,3.7403,7.1728,-0.0639,-4.8072,-0.3019,582.9086,75.2308,3.7331,3.7761,2.0439,2.0439,6.0611,6.3247,8.1756,8.1756,2.0439,-2.0439,4.0,4.0,1.829971,29,100,9,5,0.83107169,-0.00824695,-0.04452942,0E-8,0.000000,0.925722,0.000000,0.21478027,2026-03-23,2026-08-04,13,207,137,135,0.096296,0.988600,0.998074,2.770239,,,,,,,,GLOBAL_BASELINE_NO_ENTITY_RANKING,,,NOT_APPLICABLE_GLOBAL_BASELINE,HF9g-P5,,,,X 全窗基线 · 不参与实体赏罚,3920147,393,A168_HF9F_20260827_0900,2026-08-27 09:00:00
2026-07-23,124529568,2258,0,49.0536728934,-4.0878060742,-4.0878060742,0.6666667,13,6,0.38339833166796729,0.302784613889,1.4270730279725734,1.9399291935700327,1.4270730279725734,0.08061371777896729,ELIGIBLE,R03b_20260811_FULL_v1,L1_ELIGIBILITY,v2026-08-11,2026-03-21..2026-08-06,baccarat_bet02_101_all_pairs_incl_sentinel,round_win = game_pnl > 0 (decisive only),COMPATIBILITY_ONLY_NOT_PRODUCTION,7577.8122,7014.9497,-62.4939,2026,978,0.00824695,0.04452942,-0.17025085,0.00824695,62.4939,7577.8122,OK,0.0000,-2.4998,4.0000,96.0000,AG03-UNRESOLVED,ALL5_LEVELS_bet23_to_bet27,-2.4998,-2.4998,-2.8122,-2.8122,-2.8122,4.000000,4.000000,4.500000,4.500000,4.500000,96.000000,96.000000,95.500000,95.500000,95.500000,5.0,-13.4362,-12.3301,-49.0577,-50.1638,PENDING_AG03,FALSE,NOT_FOR_ENFORCEMENT,-59.9941,6734.3517,-62.4939,-59.9941,-2.4998,-0.00824695,-0.00791708,-2.4998,-59.9941,-0.00791708,-2.4998,-2.4998,-2.8122,-2.8122,-2.8122,-59.9941,-0.00791708,-13.4362,-12.3301,-49.0577,-50.1638,-0.00647386,-0.00661982,-0.00032988,3.7403,7.1728,-0.0639,-4.8072,-0.3019,582.9086,75.2308,3.7331,3.7761,2.0439,2.0439,6.0611,6.3247,8.1756,8.1756,2.0439,-2.0439,4.0,4.0,1.829971,29,100,9,5,0.83107169,-0.00824695,-0.04452942,0E-8,0.000000,0.925722,0.000000,0.21478027,2026-03-23,2026-08-04,13,207,137,135,0.096296,0.988600,0.998074,2.770239,,,,,,,,GLOBAL_BASELINE_NO_ENTITY_RANKING,,,NOT_APPLICABLE_GLOBAL_BASELINE,HF9g-P5,,,,X 全窗基线 · 不参与实体赏罚,3920148,393,A168_HF9F_20260827_0900,2026-08-27 09:00:00
2026-07-23,124529568,2280,0,20.4390303723,7.4602460860,7.4602460860,1.0000000,5,2,0.38481035416844372,0.262970008334,1.7881178225170298,2.367578939800731,1.7881178225170298,0.12184034583444372,ELIGIBLE,R03b_20260811_FULL_v1,L1_ELIGIBILITY,v2026-08-11,2026-03-21..2026-08-06,baccarat_bet02_101_all_pairs_incl_sentinel,round_win = game_pnl > 0 (decisive only),COMPATIBILITY_ONLY_NOT_PRODUCTION,7577.8122,7014.9497,-62.4939,2026,978,0.00824695,0.04452942,-0.17025085,0.00824695,62.4939,7577.8122,OK,0.0000,-2.4998,4.0000,96.0000,AG03-UNRESOLVED,ALL5_LEVELS_bet23_to_bet27,-2.4998,-2.4998,-2.8122,-2.8122,-2.8122,4.000000,4.000000,4.500000,4.500000,4.500000,96.000000,96.000000,95.500000,95.500000,95.500000,5.0,-13.4362,-12.3301,-49.0577,-50.1638,PENDING_AG03,FALSE,NOT_FOR_ENFORCEMENT,-59.9941,6734.3517,-62.4939,-59.9941,-2.4998,-0.00824695,-0.00791708,-2.4998,-59.9941,-0.00791708,-2.4998,-2.4998,-2.8122,-2.8122,-2.8122,-59.9941,-0.00791708,-13.4362,-12.3301,-49.0577,-50.1638,-0.00647386,-0.00661982,-0.00032988,3.7403,7.1728,-0.0639,-4.8072,-0.3019,582.9086,75.2308,3.7331,3.7761,2.0439,2.0439,6.0611,6.3247,8.1756,8.1756,2.0439,-2.0439,4.0,4.0,1.829971,29,100,9,5,0.83107169,-0.00824695,-0.04452942,0E-8,0.000000,0.925722,0.000000,0.21478027,2026-03-23,2026-08-04,13,207,137,135,0.096296,0.988600,0.998074,2.770239,,,,,,,,GLOBAL_BASELINE_NO_ENTITY_RANKING,,,NOT_APPLICABLE_GLOBAL_BASELINE,HF9g-P5,,,,X 全窗基线 · 不参与实体赏罚,3920149,393,A168_HF9F_20260827_0900,2026-08-27 09:00:00
2026-07-23,124529568,2287,0,153.2927277920,-4.5987818331,-4.5987818331,0.5555556,42,18,0.35338774854649367,0.261059171296,1.794322668003127,2.8447356175512684,1.794322668003127,0.09232857725049367,ELIGIBLE,R03b_20260811_FULL_v1,L1_ELIGIBILITY,v2026-08-11,2026-03-21..2026-08-06,baccarat_bet02_101_all_pairs_incl_sentinel,round_win = game_pnl > 0 (decisive only),COMPATIBILITY_ONLY_NOT_PRODUCTION,7577.8122,7014.9497,-62.4939,2026,978,0.00824695,0.04452942,-0.17025085,0.00824695,62.4939,7577.8122,OK,0.0000,-2.4998,4.0000,96.0000,AG03-UNRESOLVED,ALL5_LEVELS_bet23_to_bet27,-2.4998,-2.4998,-2.8122,-2.8122,-2.8122,4.000000,4.000000,4.500000,4.500000,4.500000,96.000000,96.000000,95.500000,95.500000,95.500000,5.0,-13.4362,-12.3301,-49.0577,-50.1638,PENDING_AG03,FALSE,NOT_FOR_ENFORCEMENT,-59.9941,6734.3517,-62.4939,-59.9941,-2.4998,-0.00824695,-0.00791708,-2.4998,-59.9941,-0.00791708,-2.4998,-2.4998,-2.8122,-2.8122,-2.8122,-59.9941,-0.00791708,-13.4362,-12.3301,-49.0577,-50.1638,-0.00647386,-0.00661982,-0.00032988,3.7403,7.1728,-0.0639,-4.8072,-0.3019,582.9086,75.2308,3.7331,3.7761,2.0439,2.0439,6.0611,6.3247,8.1756,8.1756,2.0439,-2.0439,4.0,4.0,1.829971,29,100,9,5,0.83107169,-0.00824695,-0.04452942,0E-8,0.000000,0.925722,0.000000,0.21478027,2026-03-23,2026-08-04,13,207,137,135,0.096296,0.988600,0.998074,2.770239,,,,,,,,GLOBAL_BASELINE_NO_ENTITY_RANKING,,,NOT_APPLICABLE_GLOBAL_BASELINE,HF9g-P5,,,,X 全窗基线 · 不参与实体赏罚,3920150,393,A168_HF9F_20260827_0900,2026-08-27 09:00:00
2026-07-23,124529568,2289,0,28.6146425211,16.1468339944,16.1468339944,0.5000000,9,4,0.28289059500137275,0.210348929167,0.9640657831556522,1.4214034558860156,0.9640657831556522,0.07254166583437275,ELIGIBLE,R03b_20260811_FULL_v1,L1_ELIGIBILITY,v2026-08-11,2026-03-21..2026-08-06,baccarat_bet02_101_all_pairs_incl_sentinel,round_win = game_pnl > 0 (decisive only),COMPATIBILITY_ONLY_NOT_PRODUCTION,7577.8122,7014.9497,-62.4939,2026,978,0.00824695,0.04452942,-0.17025085,0.00824695,62.4939,7577.8122,OK,0.0000,-2.4998,4.0000,96.0000,AG03-UNRESOLVED,ALL5_LEVELS_bet23_to_bet27,-2.4998,-2.4998,-2.8122,-2.8122,-2.8122,4.000000,4.000000,4.500000,4.500000,4.500000,96.000000,96.000000,95.500000,95.500000,95.500000,5.0,-13.4362,-12.3301,-49.0577,-50.1638,PENDING_AG03,FALSE,NOT_FOR_ENFORCEMENT,-59.9941,6734.3517,-62.4939,-59.9941,-2.4998,-0.00824695,-0.00791708,-2.4998,-59.9941,-0.00791708,-2.4998,-2.4998,-2.8122,-2.8122,-2.8122,-59.9941,-0.00791708,-13.4362,-12.3301,-49.0577,-50.1638,-0.00647386,-0.00661982,-0.00032988,3.7403,7.1728,-0.0639,-4.8072,-0.3019,582.9086,75.2308,3.7331,3.7761,2.0439,2.0439,6.0611,6.3247,8.1756,8.1756,2.0439,-2.0439,4.0,4.0,1.829971,29,100,9,5,0.83107169,-0.00824695,-0.04452942,0E-8,0.000000,0.925722,0.000000,0.21478027,2026-03-23,2026-08-04,13,207,137,135,0.096296,0.988600,0.998074,2.770239,,,,,,,,GLOBAL_BASELINE_NO_ENTITY_RANKING,,,NOT_APPLICABLE_GLOBAL_BASELINE,HF9g-P5,,,,X 全窗基线 · 不参与实体赏罚,3920151,393,A168_HF9F_20260827_0900,2026-08-27 09:00:00
2026-07-23,124529568,462,0,12.2634182234,-12.2634182234,-12.2634182234,0E-7,4,2,0.36483300000220355,0.297275450000,-1.071810708731573,-0.9198181129370825,-1.071810708731573,0.06755755000220355,ELIGIBLE,R03b_20260811_FULL_v1,L1_ELIGIBILITY,v2026-08-11,2026-03-21..2026-08-06,baccarat_bet02_101_all_pairs_incl_sentinel,round_win = game_pnl > 0 (decisive only),COMPATIBILITY_ONLY_NOT_PRODUCTION,7577.8122,7014.9497,-62.4939,2026,978,0.00824695,0.04452942,-0.17025085,0.00824695,62.4939,7577.8122,OK,0.0000,-2.4998,4.0000,96.0000,AG03-UNRESOLVED,ALL5_LEVELS_bet23_to_bet27,-2.4998,-2.4998,-2.8122,-2.8122,-2.8122,4.000000,4.000000,4.500000,4.500000,4.500000,96.000000,96.000000,95.500000,95.500000,95.500000,5.0,-13.4362,-12.3301,-49.0577,-50.1638,PENDING_AG03,FALSE,NOT_FOR_ENFORCEMENT,-59.9941,6734.3517,-62.4939,-59.9941,-2.4998,-0.00824695,-0.00791708,-2.4998,-59.9941,-0.00791708,-2.4998,-2.4998,-2.8122,-2.8122,-2.8122,-59.9941,-0.00791708,-13.4362,-12.3301,-49.0577,-50.1638,-0.00647386,-0.00661982,-0.00032988,3.7403,7.1728,-0.0639,-4.8072,-0.3019,582.9086,75.2308,3.7331,3.7761,2.0439,2.0439,6.0611,6.3247,8.1756,8.1756,2.0439,-2.0439,4.0,4.0,1.829971,29,100,9,5,0.83107169,-0.00824695,-0.04452942,0E-8,0.000000,0.925722,0.000000,0.21478027,2026-03-23,2026-08-04,13,207,137,135,0.096296,0.988600,0.998074,2.770239,,,,,,,,GLOBAL_BASELINE_NO_ENTITY_RANKING,,,NOT_APPLICABLE_GLOBAL_BASELINE,HF9g-P5,,,,X 全窗基线 · 不参与实体赏罚,3920152,393,A168_HF9F_20260827_0900,2026-08-27 09:00:00
2026-07-23,124529568,598,0,38.8341577073,26.2641540286,26.2641540286,0.7500000,12,5,0.37384607666822965,0.304176003333,1.5549220594778193,1.9381226672931307,1.5549220594778193,0.06967007333522965,ELIGIBLE,R03b_20260811_FULL_v1,L1_ELIGIBILITY,v2026-08-11,2026-03-21..2026-08-06,baccarat_bet02_101_all_pairs_incl_sentinel,round_win = game_pnl > 0 (decisive only),COMPATIBILITY_ONLY_NOT_PRODUCTION,7577.8122,7014.9497,-62.4939,2026,978,0.00824695,0.04452942,-0.17025085,0.00824695,62.4939,7577.8122,OK,0.0000,-2.4998,4.0000,96.0000,AG03-UNRESOLVED,ALL5_LEVELS_bet23_to_bet27,-2.4998,-2.4998,-2.8122,-2.8122,-2.8122,4.000000,4.000000,4.500000,4.500000,4.500000,96.000000,96.000000,95.500000,95.500000,95.500000,5.0,-13.4362,-12.3301,-49.0577,-50.1638,PENDING_AG03,FALSE,NOT_FOR_ENFORCEMENT,-59.9941,6734.3517,-62.4939,-59.9941,-2.4998,-0.00824695,-0.00791708,-2.4998,-59.9941,-0.00791708,-2.4998,-2.4998,-2.8122,-2.8122,-2.8122,-59.9941,-0.00791708,-13.4362,-12.3301,-49.0577,-50.1638,-0.00647386,-0.00661982,-0.00032988,3.7403,7.1728,-0.0639,-4.8072,-0.3019,582.9086,75.2308,3.7331,3.7761,2.0439,2.0439,6.0611,6.3247,8.1756,8.1756,2.0439,-2.0439,4.0,4.0,1.829971,29,100,9,5,0.83107169,-0.00824695,-0.04452942,0E-8,0.000000,0.925722,0.000000,0.21478027,2026-03-23,2026-08-04,13,207,137,135,0.096296,0.988600,0.998074,2.770239,,,,,,,,GLOBAL_BASELINE_NO_ENTITY_RANKING,,,NOT_APPLICABLE_GLOBAL_BASELINE,HF9g-P5,,,,X 全窗基线 · 不参与实体赏罚,3920153,393,A168_HF9F_20260827_0900,2026-08-27 09:00:00
2026-07-23,124529568,925,0,47.0097698562,2.0439030374,2.0439030374,0.5000000,14,6,0.35444330666847838,0.269567066667,0.7453619561002288,1.2720277446725698,0.7453619561002288,0.08487624000147838,ELIGIBLE,R03b_20260811_FULL_v1,L1_ELIGIBILITY,v2026-08-11,2026-03-21..2026-08-06,baccarat_bet02_101_all_pairs_incl_sentinel,round_win = game_pnl > 0 (decisive only),COMPATIBILITY_ONLY_NOT_PRODUCTION,7577.8122,7014.9497,-62.4939,2026,978,0.00824695,0.04452942,-0.17025085,0.00824695,62.4939,7577.8122,OK,0.0000,-2.4998,4.0000,96.0000,AG03-UNRESOLVED,ALL5_LEVELS_bet23_to_bet27,-2.4998,-2.4998,-2.8122,-2.8122,-2.8122,4.000000,4.000000,4.500000,4.500000,4.500000,96.000000,96.000000,95.500000,95.500000,95.500000,5.0,-13.4362,-12.3301,-49.0577,-50.1638,PENDING_AG03,FALSE,NOT_FOR_ENFORCEMENT,-59.9941,6734.3517,-62.4939,-59.9941,-2.4998,-0.00824695,-0.00791708,-2.4998,-59.9941,-0.00791708,-2.4998,-2.4998,-2.8122,-2.8122,-2.8122,-59.9941,-0.00791708,-13.4362,-12.3301,-49.0577,-50.1638,-0.00647386,-0.00661982,-0.00032988,3.7403,7.1728,-0.0639,-4.8072,-0.3019,582.9086,75.2308,3.7331,3.7761,2.0439,2.0439,6.0611,6.3247,8.1756,8.1756,2.0439,-2.0439,4.0,4.0,1.829971,29,100,9,5,0.83107169,-0.00824695,-0.04452942,0E-8,0.000000,0.925722,0.000000,0.21478027,2026-03-23,2026-08-04,13,207,137,135,0.096296,0.988600,0.998074,2.770239,,,,,,,,GLOBAL_BASELINE_NO_ENTITY_RANKING,,,NOT_APPLICABLE_GLOBAL_BASELINE,HF9g-P5,,,,X 全窗基线 · 不参与实体赏罚,3920154,393,A168_HF9F_20260827_0900,2026-08-27 09:00:00
2026-07-25,124529568,-1,1,376.0781588503,-68.0619711382,-68.0619711382,0.5000000,98,37,0.36477786505963151,0.258789998198,1.685473732927181,3.3044728120743168,1.685473732927181,0.10598786686163151,SENTINEL_DEALER,R03b_20260811_FULL_v1,L1_ELIGIBILITY,v2026-08-11,2026-03-21..2026-08-06,baccarat_bet02_101_all_pairs_incl_sentinel,round_win = game_pnl > 0 (decisive only),COMPATIBILITY_ONLY_NOT_PRODUCTION,7577.8122,7014.9497,-62.4939,2026,978,0.00824695,0.04452942,-0.17025085,0.00824695,62.4939,7577.8122,OK,0.0000,-2.4998,4.0000,96.0000,AG03-UNRESOLVED,ALL5_LEVELS_bet23_to_bet27,-2.4998,-2.4998,-2.8122,-2.8122,-2.8122,4.000000,4.000000,4.500000,4.500000,4.500000,96.000000,96.000000,95.500000,95.500000,95.500000,5.0,-13.4362,-12.3301,-49.0577,-50.1638,PENDING_AG03,FALSE,NOT_FOR_ENFORCEMENT,-59.9941,6734.3517,-62.4939,-59.9941,-2.4998,-0.00824695,-0.00791708,-2.4998,-59.9941,-0.00791708,-2.4998,-2.4998,-2.8122,-2.8122,-2.8122,-59.9941,-0.00791708,-13.4362,-12.3301,-49.0577,-50.1638,-0.00647386,-0.00661982,-0.00032988,3.7403,7.1728,-0.0639,-4.8072,-0.3019,582.9086,75.2308,3.7331,3.7761,2.0439,2.0439,6.0611,6.3247,8.1756,8.1756,2.0439,-2.0439,4.0,4.0,1.829971,29,100,9,5,0.83107169,-0.00824695,-0.04452942,0E-8,0.000000,0.925722,0.000000,0.21478027,2026-03-23,2026-08-04,13,207,137,135,0.096296,0.988600,0.998074,2.770239,,,,,,,,GLOBAL_BASELINE_NO_ENTITY_RANKING,,,NOT_APPLICABLE_GLOBAL_BASELINE,HF9g-P5,,,,X 全窗基线 · 不参与实体赏罚,3920155,393,A168_HF9F_20260827_0900,2026-08-27 09:00:00
2026-07-25,124529568,1115,0,18.3951273351,20.1324449168,20.1324449168,1.0000000,4,2,0.43631634166781373,0.365981983334,1.6074296705310365,1.8613838619016898,1.6074296705310365,0.07033435833381373,ELIGIBLE,R03b_20260811_FULL_v1,L1_ELIGIBILITY,v2026-08-11,2026-03-21..2026-08-06,baccarat_bet02_101_all_pairs_incl_sentinel,round_win = game_pnl > 0 (decisive only),COMPATIBILITY_ONLY_NOT_PRODUCTION,7577.8122,7014.9497,-62.4939,2026,978,0.00824695,0.04452942,-0.17025085,0.00824695,62.4939,7577.8122,OK,0.0000,-2.4998,4.0000,96.0000,AG03-UNRESOLVED,ALL5_LEVELS_bet23_to_bet27,-2.4998,-2.4998,-2.8122,-2.8122,-2.8122,4.000000,4.000000,4.500000,4.500000,4.500000,96.000000,96.000000,95.500000,95.500000,95.500000,5.0,-13.4362,-12.3301,-49.0577,-50.1638,PENDING_AG03,FALSE,NOT_FOR_ENFORCEMENT,-59.9941,6734.3517,-62.4939,-59.9941,-2.4998,-0.00824695,-0.00791708,-2.4998,-59.9941,-0.00791708,-2.4998,-2.4998,-2.8122,-2.8122,-2.8122,-59.9941,-0.00791708,-13.4362,-12.3301,-49.0577,-50.1638,-0.00647386,-0.00661982,-0.00032988,3.7403,7.1728,-0.0639,-4.8072,-0.3019,582.9086,75.2308,3.7331,3.7761,2.0439,2.0439,6.0611,6.3247,8.1756,8.1756,2.0439,-2.0439,4.0,4.0,1.829971,29,100,9,5,0.83107169,-0.00824695,-0.04452942,0E-8,0.000000,0.925722,0.000000,0.21478027,2026-03-23,2026-08-04,13,207,137,135,0.096296,0.988600,0.998074,2.770239,,,,,,,,GLOBAL_BASELINE_NO_ENTITY_RANKING,,,NOT_APPLICABLE_GLOBAL_BASELINE,HF9g-P5,,,,X 全窗基线 · 不参与实体赏罚,3920156,393,A168_HF9F_20260827_0900,2026-08-27 09:00:00
2026-07-25,124529568,1157,0,192.1268854997,36.7902546712,36.7902546712,0.6500000,46,20,0.34864096883468364,0.247918964167,2.8281326745644226,4.164294109683347,2.8281326745644226,0.10072200466768364,ELIGIBLE,R03b_20260811_FULL_v1,L1_ELIGIBILITY,v2026-08-11,2026-03-21..2026-08-06,baccarat_bet02_101_all_pairs_incl_sentinel,round_win = game_pnl > 0 (decisive only),COMPATIBILITY_ONLY_NOT_PRODUCTION,7577.8122,7014.9497,-62.4939,2026,978,0.00824695,0.04452942,-0.17025085,0.00824695,62.4939,7577.8122,OK,0.0000,-2.4998,4.0000,96.0000,AG03-UNRESOLVED,ALL5_LEVELS_bet23_to_bet27,-2.4998,-2.4998,-2.8122,-2.8122,-2.8122,4.000000,4.000000,4.500000,4.500000,4.500000,96.000000,96.000000,95.500000,95.500000,95.500000,5.0,-13.4362,-12.3301,-49.0577,-50.1638,PENDING_AG03,FALSE,NOT_FOR_ENFORCEMENT,-59.9941,6734.3517,-62.4939,-59.9941,-2.4998,-0.00824695,-0.00791708,-2.4998,-59.9941,-0.00791708,-2.4998,-2.4998,-2.8122,-2.8122,-2.8122,-59.9941,-0.00791708,-13.4362,-12.3301,-49.0577,-50.1638,-0.00647386,-0.00661982,-0.00032988,3.7403,7.1728,-0.0639,-4.8072,-0.3019,582.9086,75.2308,3.7331,3.7761,2.0439,2.0439,6.0611,6.3247,8.1756,8.1756,2.0439,-2.0439,4.0,4.0,1.829971,29,100,9,5,0.83107169,-0.00824695,-0.04452942,0E-8,0.000000,0.925722,0.000000,0.21478027,2026-03-23,2026-08-04,13,207,137,135,0.096296,0.988600,0.998074,2.770239,,,,,,,,GLOBAL_BASELINE_NO_ENTITY_RANKING,,,NOT_APPLICABLE_GLOBAL_BASELINE,HF9g-P5,,,,X 全窗基线 · 不参与实体赏罚,3920157,393,A168_HF9F_20260827_0900,2026-08-27 09:00:00
2026-07-25,124529568,1306,0,22.4829334095,-10.2195151861,-10.2195151861,0.3333333,6,3,0.39447334666792212,0.336007516667,-0.21667594137738455,-0.009806086666390455,-0.21667594137738455,0.05846583000092212,ELIGIBLE,R03b_20260811_FULL_v1,L1_ELIGIBILITY,v2026-08-11,2026-03-21..2026-08-06,baccarat_bet02_101_all_pairs_incl_sentinel,round_win = game_pnl > 0 (decisive only),COMPATIBILITY_ONLY_NOT_PRODUCTION,7577.8122,7014.9497,-62.4939,2026,978,0.00824695,0.04452942,-0.17025085,0.00824695,62.4939,7577.8122,OK,0.0000,-2.4998,4.0000,96.0000,AG03-UNRESOLVED,ALL5_LEVELS_bet23_to_bet27,-2.4998,-2.4998,-2.8122,-2.8122,-2.8122,4.000000,4.000000,4.500000,4.500000,4.500000,96.000000,96.000000,95.500000,95.500000,95.500000,5.0,-13.4362,-12.3301,-49.0577,-50.1638,PENDING_AG03,FALSE,NOT_FOR_ENFORCEMENT,-59.9941,6734.3517,-62.4939,-59.9941,-2.4998,-0.00824695,-0.00791708,-2.4998,-59.9941,-0.00791708,-2.4998,-2.4998,-2.8122,-2.8122,-2.8122,-59.9941,-0.00791708,-13.4362,-12.3301,-49.0577,-50.1638,-0.00647386,-0.00661982,-0.00032988,3.7403,7.1728,-0.0639,-4.8072,-0.3019,582.9086,75.2308,3.7331,3.7761,2.0439,2.0439,6.0611,6.3247,8.1756,8.1756,2.0439,-2.0439,4.0,4.0,1.829971,29,100,9,5,0.83107169,-0.00824695,-0.04452942,0E-8,0.000000,0.925722,0.000000,0.21478027,2026-03-23,2026-08-04,13,207,137,135,0.096296,0.988600,0.998074,2.770239,,,,,,,,GLOBAL_BASELINE_NO_ENTITY_RANKING,,,NOT_APPLICABLE_GLOBAL_BASELINE,HF9g-P5,,,,X 全窗基线 · 不参与实体赏罚,3920158,393,A168_HF9F_20260827_0900,2026-08-27 09:00:00
2026-07-25,124529568,1318,0,108.3268609732,-47.2141601597,-47.2141601597,0.3846154,29,13,0.35114816743721778,0.276310558974,0.2527978099441775,0.8732621260120703,0.2527978099441775,0.07483760846321778,ELIGIBLE,R03b_20260811_FULL_v1,L1_ELIGIBILITY,v2026-08-11,2026-03-21..2026-08-06,baccarat_bet02_101_all_pairs_incl_sentinel,round_win = game_pnl > 0 (decisive only),COMPATIBILITY_ONLY_NOT_PRODUCTION,7577.8122,7014.9497,-62.4939,2026,978,0.00824695,0.04452942,-0.17025085,0.00824695,62.4939,7577.8122,OK,0.0000,-2.4998,4.0000,96.0000,AG03-UNRESOLVED,ALL5_LEVELS_bet23_to_bet27,-2.4998,-2.4998,-2.8122,-2.8122,-2.8122,4.000000,4.000000,4.500000,4.500000,4.500000,96.000000,96.000000,95.500000,95.500000,95.500000,5.0,-13.4362,-12.3301,-49.0577,-50.1638,PENDING_AG03,FALSE,NOT_FOR_ENFORCEMENT,-59.9941,6734.3517,-62.4939,-59.9941,-2.4998,-0.00824695,-0.00791708,-2.4998,-59.9941,-0.00791708,-2.4998,-2.4998,-2.8122,-2.8122,-2.8122,-59.9941,-0.00791708,-13.4362,-12.3301,-49.0577,-50.1638,-0.00647386,-0.00661982,-0.00032988,3.7403,7.1728,-0.0639,-4.8072,-0.3019,582.9086,75.2308,3.7331,3.7761,2.0439,2.0439,6.0611,6.3247,8.1756,8.1756,2.0439,-2.0439,4.0,4.0,1.829971,29,100,9,5,0.83107169,-0.00824695,-0.04452942,0E-8,0.000000,0.925722,0.000000,0.21478027,2026-03-23,2026-08-04,13,207,137,135,0.096296,0.988600,0.998074,2.770239,,,,,,,,GLOBAL_BASELINE_NO_ENTITY_RANKING,,,NOT_APPLICABLE_GLOBAL_BASELINE,HF9g-P5,,,,X 全窗基线 · 不参与实体赏罚,3920159,393,A168_HF9F_20260827_0900,2026-08-27 09:00:00
2026-07-25,124529568,1323,0,20.4390303723,-12.4678085270,-12.4678085270,0.3333333,6,3,0.38074717500191332,0.300626750000,-0.16912718848583785,0.12354565782025938,-0.16912718848583785,0.08012042500191332,ELIGIBLE,R03b_20260811_FULL_v1,L1_ELIGIBILITY,v2026-08-11,2026-03-21..2026-08-06,baccarat_bet02_101_all_pairs_incl_sentinel,round_win = game_pnl > 0 (decisive only),COMPATIBILITY_ONLY_NOT_PRODUCTION,7577.8122,7014.9497,-62.4939,2026,978,0.00824695,0.04452942,-0.17025085,0.00824695,62.4939,7577.8122,OK,0.0000,-2.4998,4.0000,96.0000,AG03-UNRESOLVED,ALL5_LEVELS_bet23_to_bet27,-2.4998,-2.4998,-2.8122,-2.8122,-2.8122,4.000000,4.000000,4.500000,4.500000,4.500000,96.000000,96.000000,95.500000,95.500000,95.500000,5.0,-13.4362,-12.3301,-49.0577,-50.1638,PENDING_AG03,FALSE,NOT_FOR_ENFORCEMENT,-59.9941,6734.3517,-62.4939,-59.9941,-2.4998,-0.00824695,-0.00791708,-2.4998,-59.9941,-0.00791708,-2.4998,-2.4998,-2.8122,-2.8122,-2.8122,-59.9941,-0.00791708,-13.4362,-12.3301,-49.0577,-50.1638,-0.00647386,-0.00661982,-0.00032988,3.7403,7.1728,-0.0639,-4.8072,-0.3019,582.9086,75.2308,3.7331,3.7761,2.0439,2.0439,6.0611,6.3247,8.1756,8.1756,2.0439,-2.0439,4.0,4.0,1.829971,29,100,9,5,0.83107169,-0.00824695,-0.04452942,0E-8,0.000000,0.925722,0.000000,0.21478027,2026-03-23,2026-08-04,13,207,137,135,0.096296,0.988600,0.998074,2.770239,,,,,,,,GLOBAL_BASELINE_NO_ENTITY_RANKING,,,NOT_APPLICABLE_GLOBAL_BASELINE,HF9g-P5,,,,X 全窗基线 · 不参与实体赏罚,3920160,393,A168_HF9F_20260827_0900,2026-08-27 09:00:00
2026-07-25,124529568,1330,0,32.7024485956,-16.3512242976,-16.3512242976,0.3333333,9,3,0.34156912666849073,0.222339688889,-0.030079573190377653,0.46233340612732476,-0.030079573190377653,0.11922943777949073,ELIGIBLE,R03b_20260811_FULL_v1,L1_ELIGIBILITY,v2026-08-11,2026-03-21..2026-08-06,baccarat_bet02_101_all_pairs_incl_sentinel,round_win = game_pnl > 0 (decisive only),COMPATIBILITY_ONLY_NOT_PRODUCTION,7577.8122,7014.9497,-62.4939,2026,978,0.00824695,0.04452942,-0.17025085,0.00824695,62.4939,7577.8122,OK,0.0000,-2.4998,4.0000,96.0000,AG03-UNRESOLVED,ALL5_LEVELS_bet23_to_bet27,-2.4998,-2.4998,-2.8122,-2.8122,-2.8122,4.000000,4.000000,4.500000,4.500000,4.500000,96.000000,96.000000,95.500000,95.500000,95.500000,5.0,-13.4362,-12.3301,-49.0577,-50.1638,PENDING_AG03,FALSE,NOT_FOR_ENFORCEMENT,-59.9941,6734.3517,-62.4939,-59.9941,-2.4998,-0.00824695,-0.00791708,-2.4998,-59.9941,-0.00791708,-2.4998,-2.4998,-2.8122,-2.8122,-2.8122,-59.9941,-0.00791708,-13.4362,-12.3301,-49.0577,-50.1638,-0.00647386,-0.00661982,-0.00032988,3.7403,7.1728,-0.0639,-4.8072,-0.3019,582.9086,75.2308,3.7331,3.7761,2.0439,2.0439,6.0611,6.3247,8.1756,8.1756,2.0439,-2.0439,4.0,4.0,1.829971,29,100,9,5,0.83107169,-0.00824695,-0.04452942,0E-8,0.000000,0.925722,0.000000,0.21478027,2026-03-23,2026-08-04,13,207,137,135,0.096296,0.988600,0.998074,2.770239,,,,,,,,GLOBAL_BASELINE_NO_ENTITY_RANKING,,,NOT_APPLICABLE_GLOBAL_BASELINE,HF9g-P5,,,,X 全窗基线 · 不参与实体赏罚,3920161,393,A168_HF9F_20260827_0900,2026-08-27 09:00:00
2026-07-25,124529568,1646,0,116.5024731218,30.1475697999,30.1475697999,0.5555556,34,18,0.33390148555634853,0.282693805556,1.9940385705031922,2.570801093324887,1.9940385705031922,0.05120768000034853,ELIGIBLE,R03b_20260811_FULL_v1,L1_ELIGIBILITY,v2026-08-11,2026-03-21..2026-08-06,baccarat_bet02_101_all_pairs_incl_sentinel,round_win = game_pnl > 0 (decisive only),COMPATIBILITY_ONLY_NOT_PRODUCTION,7577.8122,7014.9497,-62.4939,2026,978,0.00824695,0.04452942,-0.17025085,0.00824695,62.4939,7577.8122,OK,0.0000,-2.4998,4.0000,96.0000,AG03-UNRESOLVED,ALL5_LEVELS_bet23_to_bet27,-2.4998,-2.4998,-2.8122,-2.8122,-2.8122,4.000000,4.000000,4.500000,4.500000,4.500000,96.000000,96.000000,95.500000,95.500000,95.500000,5.0,-13.4362,-12.3301,-49.0577,-50.1638,PENDING_AG03,FALSE,NOT_FOR_ENFORCEMENT,-59.9941,6734.3517,-62.4939,-59.9941,-2.4998,-0.00824695,-0.00791708,-2.4998,-59.9941,-0.00791708,-2.4998,-2.4998,-2.8122,-2.8122,-2.8122,-59.9941,-0.00791708,-13.4362,-12.3301,-49.0577,-50.1638,-0.00647386,-0.00661982,-0.00032988,3.7403,7.1728,-0.0639,-4.8072,-0.3019,582.9086,75.2308,3.7331,3.7761,2.0439,2.0439,6.0611,6.3247,8.1756,8.1756,2.0439,-2.0439,4.0,4.0,1.829971,29,100,9,5,0.83107169,-0.00824695,-0.04452942,0E-8,0.000000,0.925722,0.000000,0.21478027,2026-03-23,2026-08-04,13,207,137,135,0.096296,0.988600,0.998074,2.770239,,,,,,,,GLOBAL_BASELINE_NO_ENTITY_RANKING,,,NOT_APPLICABLE_GLOBAL_BASELINE,HF9g-P5,,,,X 全窗基线 · 不参与实体赏罚,3920162,393,A168_HF9F_20260827_0900,2026-08-27 09:00:00
2026-07-25,124529568,1947,0,118.5463761594,3.0658545562,3.0658545562,0.4285714,30,15,0.39243270433436200,0.321421123333,0.27692173510975,0.8584599819826694,0.27692173510975,0.07101158100136200,ELIGIBLE,R03b_20260811_FULL_v1,L1_ELIGIBILITY,v2026-08-11,2026-03-21..2026-08-06,baccarat_bet02_101_all_pairs_incl_sentinel,round_win = game_pnl > 0 (decisive only),COMPATIBILITY_ONLY_NOT_PRODUCTION,7577.8122,7014.9497,-62.4939,2026,978,0.00824695,0.04452942,-0.17025085,0.00824695,62.4939,7577.8122,OK,0.0000,-2.4998,4.0000,96.0000,AG03-UNRESOLVED,ALL5_LEVELS_bet23_to_bet27,-2.4998,-2.4998,-2.8122,-2.8122,-2.8122,4.000000,4.000000,4.500000,4.500000,4.500000,96.000000,96.000000,95.500000,95.500000,95.500000,5.0,-13.4362,-12.3301,-49.0577,-50.1638,PENDING_AG03,FALSE,NOT_FOR_ENFORCEMENT,-59.9941,6734.3517,-62.4939,-59.9941,-2.4998,-0.00824695,-0.00791708,-2.4998,-59.9941,-0.00791708,-2.4998,-2.4998,-2.8122,-2.8122,-2.8122,-59.9941,-0.00791708,-13.4362,-12.3301,-49.0577,-50.1638,-0.00647386,-0.00661982,-0.00032988,3.7403,7.1728,-0.0639,-4.8072,-0.3019,582.9086,75.2308,3.7331,3.7761,2.0439,2.0439,6.0611,6.3247,8.1756,8.1756,2.0439,-2.0439,4.0,4.0,1.829971,29,100,9,5,0.83107169,-0.00824695,-0.04452942,0E-8,0.000000,0.925722,0.000000,0.21478027,2026-03-23,2026-08-04,13,207,137,135,0.096296,0.988600,0.998074,2.770239,,,,,,,,GLOBAL_BASELINE_NO_ENTITY_RANKING,,,NOT_APPLICABLE_GLOBAL_BASELINE,HF9g-P5,,,,X 全窗基线 · 不参与实体赏罚,3920163,393,A168_HF9F_20260827_0900,2026-08-27 09:00:00
2026-07-25,124529568,1966,0,63.3609941542,6.1317091120,6.1317091120,0.6666667,15,6,0.36804151964424813,0.261819091667,1.5167336466623016,2.2557195686477036,1.5167336466623016,0.10622242797724813,ELIGIBLE,R03b_20260811_FULL_v1,L1_ELIGIBILITY,v2026-08-11,2026-03-21..2026-08-06,baccarat_bet02_101_all_pairs_incl_sentinel,round_win = game_pnl > 0 (decisive only),COMPATIBILITY_ONLY_NOT_PRODUCTION,7577.8122,7014.9497,-62.4939,2026,978,0.00824695,0.04452942,-0.17025085,0.00824695,62.4939,7577.8122,OK,0.0000,-2.4998,4.0000,96.0000,AG03-UNRESOLVED,ALL5_LEVELS_bet23_to_bet27,-2.4998,-2.4998,-2.8122,-2.8122,-2.8122,4.000000,4.000000,4.500000,4.500000,4.500000,96.000000,96.000000,95.500000,95.500000,95.500000,5.0,-13.4362,-12.3301,-49.0577,-50.1638,PENDING_AG03,FALSE,NOT_FOR_ENFORCEMENT,-59.9941,6734.3517,-62.4939,-59.9941,-2.4998,-0.00824695,-0.00791708,-2.4998,-59.9941,-0.00791708,-2.4998,-2.4998,-2.8122,-2.8122,-2.8122,-59.9941,-0.00791708,-13.4362,-12.3301,-49.0577,-50.1638,-0.00647386,-0.00661982,-0.00032988,3.7403,7.1728,-0.0639,-4.8072,-0.3019,582.9086,75.2308,3.7331,3.7761,2.0439,2.0439,6.0611,6.3247,8.1756,8.1756,2.0439,-2.0439,4.0,4.0,1.829971,29,100,9,5,0.83107169,-0.00824695,-0.04452942,0E-8,0.000000,0.925722,0.000000,0.21478027,2026-03-23,2026-08-04,13,207,137,135,0.096296,0.988600,0.998074,2.770239,,,,,,,,GLOBAL_BASELINE_NO_ENTITY_RANKING,,,NOT_APPLICABLE_GLOBAL_BASELINE,HF9g-P5,,,,X 全窗基线 · 不参与实体赏罚,3920164,393,A168_HF9F_20260827_0900,2026-08-27 09:00:00
2026-07-25,124529568,2093,0,34.7463516329,-14.3073212605,-14.3073212605,0.4000000,9,5,0.35571774200079966,0.291934910000,0.2068349428251876,0.531484758236888,0.2068349428251876,0.06378283200079966,ELIGIBLE,R03b_20260811_FULL_v1,L1_ELIGIBILITY,v2026-08-11,2026-03-21..2026-08-06,baccarat_bet02_101_all_pairs_incl_sentinel,round_win = game_pnl > 0 (decisive only),COMPATIBILITY_ONLY_NOT_PRODUCTION,7577.8122,7014.9497,-62.4939,2026,978,0.00824695,0.04452942,-0.17025085,0.00824695,62.4939,7577.8122,OK,0.0000,-2.4998,4.0000,96.0000,AG03-UNRESOLVED,ALL5_LEVELS_bet23_to_bet27,-2.4998,-2.4998,-2.8122,-2.8122,-2.8122,4.000000,4.000000,4.500000,4.500000,4.500000,96.000000,96.000000,95.500000,95.500000,95.500000,5.0,-13.4362,-12.3301,-49.0577,-50.1638,PENDING_AG03,FALSE,NOT_FOR_ENFORCEMENT,-59.9941,6734.3517,-62.4939,-59.9941,-2.4998,-0.00824695,-0.00791708,-2.4998,-59.9941,-0.00791708,-2.4998,-2.4998,-2.8122,-2.8122,-2.8122,-59.9941,-0.00791708,-13.4362,-12.3301,-49.0577,-50.1638,-0.00647386,-0.00661982,-0.00032988,3.7403,7.1728,-0.0639,-4.8072,-0.3019,582.9086,75.2308,3.7331,3.7761,2.0439,2.0439,6.0611,6.3247,8.1756,8.1756,2.0439,-2.0439,4.0,4.0,1.829971,29,100,9,5,0.83107169,-0.00824695,-0.04452942,0E-8,0.000000,0.925722,0.000000,0.21478027,2026-03-23,2026-08-04,13,207,137,135,0.096296,0.988600,0.998074,2.770239,,,,,,,,GLOBAL_BASELINE_NO_ENTITY_RANKING,,,NOT_APPLICABLE_GLOBAL_BASELINE,HF9g-P5,,,,X 全窗基线 · 不参与实体赏罚,3920165,393,A168_HF9F_20260827_0900,2026-08-27 09:00:00
2026-07-25,124529568,2108,0,8.1756121489,-8.1756121489,-8.1756121489,0E-7,2,1,0.39358482500121900,0.293924150000,-0.8056272404044375,-0.6451964315166089,-0.8056272404044375,0.09966067500121900,ELIGIBLE,R03b_20260811_FULL_v1,L1_ELIGIBILITY,v2026-08-11,2026-03-21..2026-08-06,baccarat_bet02_101_all_pairs_incl_sentinel,round_win = game_pnl > 0 (decisive only),COMPATIBILITY_ONLY_NOT_PRODUCTION,7577.8122,7014.9497,-62.4939,2026,978,0.00824695,0.04452942,-0.17025085,0.00824695,62.4939,7577.8122,OK,0.0000,-2.4998,4.0000,96.0000,AG03-UNRESOLVED,ALL5_LEVELS_bet23_to_bet27,-2.4998,-2.4998,-2.8122,-2.8122,-2.8122,4.000000,4.000000,4.500000,4.500000,4.500000,96.000000,96.000000,95.500000,95.500000,95.500000,5.0,-13.4362,-12.3301,-49.0577,-50.1638,PENDING_AG03,FALSE,NOT_FOR_ENFORCEMENT,-59.9941,6734.3517,-62.4939,-59.9941,-2.4998,-0.00824695,-0.00791708,-2.4998,-59.9941,-0.00791708,-2.4998,-2.4998,-2.8122,-2.8122,-2.8122,-59.9941,-0.00791708,-13.4362,-12.3301,-49.0577,-50.1638,-0.00647386,-0.00661982,-0.00032988,3.7403,7.1728,-0.0639,-4.8072,-0.3019,582.9086,75.2308,3.7331,3.7761,2.0439,2.0439,6.0611,6.3247,8.1756,8.1756,2.0439,-2.0439,4.0,4.0,1.829971,29,100,9,5,0.83107169,-0.00824695,-0.04452942,0E-8,0.000000,0.925722,0.000000,0.21478027,2026-03-23,2026-08-04,13,207,137,135,0.096296,0.988600,0.998074,2.770239,,,,,,,,GLOBAL_BASELINE_NO_ENTITY_RANKING,,,NOT_APPLICABLE_GLOBAL_BASELINE,HF9g-P5,,,,X 全窗基线 · 不参与实体赏罚,3920166,393,A168_HF9F_20260827_0900,2026-08-27 09:00:00
2026-07-25,124529568,2129,0,30.6585455584,-10.5261006416,-10.5261006416,0.4000000,9,5,0.34979822000093742,0.295305340000,0.23538091333487546,0.5131843368190377,0.23538091333487546,0.05449288000093742,ELIGIBLE,R03b_20260811_FULL_v1,L1_ELIGIBILITY,v2026-08-11,2026-03-21..2026-08-06,baccarat_bet02_101_all_pairs_incl_sentinel,round_win = game_pnl > 0 (decisive only),COMPATIBILITY_ONLY_NOT_PRODUCTION,7577.8122,7014.9497,-62.4939,2026,978,0.00824695,0.04452942,-0.17025085,0.00824695,62.4939,7577.8122,OK,0.0000,-2.4998,4.0000,96.0000,AG03-UNRESOLVED,ALL5_LEVELS_bet23_to_bet27,-2.4998,-2.4998,-2.8122,-2.8122,-2.8122,4.000000,4.000000,4.500000,4.500000,4.500000,96.000000,96.000000,95.500000,95.500000,95.500000,5.0,-13.4362,-12.3301,-49.0577,-50.1638,PENDING_AG03,FALSE,NOT_FOR_ENFORCEMENT,-59.9941,6734.3517,-62.4939,-59.9941,-2.4998,-0.00824695,-0.00791708,-2.4998,-59.9941,-0.00791708,-2.4998,-2.4998,-2.8122,-2.8122,-2.8122,-59.9941,-0.00791708,-13.4362,-12.3301,-49.0577,-50.1638,-0.00647386,-0.00661982,-0.00032988,3.7403,7.1728,-0.0639,-4.8072,-0.3019,582.9086,75.2308,3.7331,3.7761,2.0439,2.0439,6.0611,6.3247,8.1756,8.1756,2.0439,-2.0439,4.0,4.0,1.829971,29,100,9,5,0.83107169,-0.00824695,-0.04452942,0E-8,0.000000,0.925722,0.000000,0.21478027,2026-03-23,2026-08-04,13,207,137,135,0.096296,0.988600,0.998074,2.770239,,,,,,,,GLOBAL_BASELINE_NO_ENTITY_RANKING,,,NOT_APPLICABLE_GLOBAL_BASELINE,HF9g-P5,,,,X 全窗基线 · 不参与实体赏罚,3920167,393,A168_HF9F_20260827_0900,2026-08-27 09:00:00
2026-07-25,124529568,2130,0,8.1756121489,-8.1756121489,-8.1756121489,0E-7,2,1,0.40363872500125999,0.300626750000,-0.8227003755328068,-0.655630731788307,-0.8227003755328068,0.10301197500125999,ELIGIBLE,R03b_20260811_FULL_v1,L1_ELIGIBILITY,v2026-08-11,2026-03-21..2026-08-06,baccarat_bet02_101_all_pairs_incl_sentinel,round_win = game_pnl > 0 (decisive only),COMPATIBILITY_ONLY_NOT_PRODUCTION,7577.8122,7014.9497,-62.4939,2026,978,0.00824695,0.04452942,-0.17025085,0.00824695,62.4939,7577.8122,OK,0.0000,-2.4998,4.0000,96.0000,AG03-UNRESOLVED,ALL5_LEVELS_bet23_to_bet27,-2.4998,-2.4998,-2.8122,-2.8122,-2.8122,4.000000,4.000000,4.500000,4.500000,4.500000,96.000000,96.000000,95.500000,95.500000,95.500000,5.0,-13.4362,-12.3301,-49.0577,-50.1638,PENDING_AG03,FALSE,NOT_FOR_ENFORCEMENT,-59.9941,6734.3517,-62.4939,-59.9941,-2.4998,-0.00824695,-0.00791708,-2.4998,-59.9941,-0.00791708,-2.4998,-2.4998,-2.8122,-2.8122,-2.8122,-59.9941,-0.00791708,-13.4362,-12.3301,-49.0577,-50.1638,-0.00647386,-0.00661982,-0.00032988,3.7403,7.1728,-0.0639,-4.8072,-0.3019,582.9086,75.2308,3.7331,3.7761,2.0439,2.0439,6.0611,6.3247,8.1756,8.1756,2.0439,-2.0439,4.0,4.0,1.829971,29,100,9,5,0.83107169,-0.00824695,-0.04452942,0E-8,0.000000,0.925722,0.000000,0.21478027,2026-03-23,2026-08-04,13,207,137,135,0.096296,0.988600,0.998074,2.770239,,,,,,,,GLOBAL_BASELINE_NO_ENTITY_RANKING,,,NOT_APPLICABLE_GLOBAL_BASELINE,HF9g-P5,,,,X 全窗基线 · 不参与实体赏罚,3920168,393,A168_HF9F_20260827_0900,2026-08-27 09:00:00
2026-07-25,124529568,2141,0,6.1317091117,16.3512242979,16.3512242979,1.0000000,2,1,0.36930140000223998,0.300626750000,1.3068340945986314,1.5252488199758223,1.3068340945986314,0.06867465000223998,ELIGIBLE,R03b_20260811_FULL_v1,L1_ELIGIBILITY,v2026-08-11,2026-03-21..2026-08-06,baccarat_bet02_101_all_pairs_incl_sentinel,round_win = game_pnl > 0 (decisive only),COMPATIBILITY_ONLY_NOT_PRODUCTION,7577.8122,7014.9497,-62.4939,2026,978,0.00824695,0.04452942,-0.17025085,0.00824695,62.4939,7577.8122,OK,0.0000,-2.4998,4.0000,96.0000,AG03-UNRESOLVED,ALL5_LEVELS_bet23_to_bet27,-2.4998,-2.4998,-2.8122,-2.8122,-2.8122,4.000000,4.000000,4.500000,4.500000,4.500000,96.000000,96.000000,95.500000,95.500000,95.500000,5.0,-13.4362,-12.3301,-49.0577,-50.1638,PENDING_AG03,FALSE,NOT_FOR_ENFORCEMENT,-59.9941,6734.3517,-62.4939,-59.9941,-2.4998,-0.00824695,-0.00791708,-2.4998,-59.9941,-0.00791708,-2.4998,-2.4998,-2.8122,-2.8122,-2.8122,-59.9941,-0.00791708,-13.4362,-12.3301,-49.0577,-50.1638,-0.00647386,-0.00661982,-0.00032988,3.7403,7.1728,-0.0639,-4.8072,-0.3019,582.9086,75.2308,3.7331,3.7761,2.0439,2.0439,6.0611,6.3247,8.1756,8.1756,2.0439,-2.0439,4.0,4.0,1.829971,29,100,9,5,0.83107169,-0.00824695,-0.04452942,0E-8,0.000000,0.925722,0.000000,0.21478027,2026-03-23,2026-08-04,13,207,137,135,0.096296,0.988600,0.998074,2.770239,,,,,,,,GLOBAL_BASELINE_NO_ENTITY_RANKING,,,NOT_APPLICABLE_GLOBAL_BASELINE,HF9g-P5,,,,X 全窗基线 · 不参与实体赏罚,3920169,393,A168_HF9F_20260827_0900,2026-08-27 09:00:00
2026-07-25,124529568,2147,0,24.5268364467,-0.6131709111,-0.6131709111,0.5000000,7,4,0.31779541250118999,0.249120762500,0.7826330310878008,1.1601247885899992,0.7826330310878008,0.06867465000118999,ELIGIBLE,R03b_20260811_FULL_v1,L1_ELIGIBILITY,v2026-08-11,2026-03-21..2026-08-06,baccarat_bet02_101_all_pairs_incl_sentinel,round_win = game_pnl > 0 (decisive only),COMPATIBILITY_ONLY_NOT_PRODUCTION,7577.8122,7014.9497,-62.4939,2026,978,0.00824695,0.04452942,-0.17025085,0.00824695,62.4939,7577.8122,OK,0.0000,-2.4998,4.0000,96.0000,AG03-UNRESOLVED,ALL5_LEVELS_bet23_to_bet27,-2.4998,-2.4998,-2.8122,-2.8122,-2.8122,4.000000,4.000000,4.500000,4.500000,4.500000,96.000000,96.000000,95.500000,95.500000,95.500000,5.0,-13.4362,-12.3301,-49.0577,-50.1638,PENDING_AG03,FALSE,NOT_FOR_ENFORCEMENT,-59.9941,6734.3517,-62.4939,-59.9941,-2.4998,-0.00824695,-0.00791708,-2.4998,-59.9941,-0.00791708,-2.4998,-2.4998,-2.8122,-2.8122,-2.8122,-59.9941,-0.00791708,-13.4362,-12.3301,-49.0577,-50.1638,-0.00647386,-0.00661982,-0.00032988,3.7403,7.1728,-0.0639,-4.8072,-0.3019,582.9086,75.2308,3.7331,3.7761,2.0439,2.0439,6.0611,6.3247,8.1756,8.1756,2.0439,-2.0439,4.0,4.0,1.829971,29,100,9,5,0.83107169,-0.00824695,-0.04452942,0E-8,0.000000,0.925722,0.000000,0.21478027,2026-03-23,2026-08-04,13,207,137,135,0.096296,0.988600,0.998074,2.770239,,,,,,,,GLOBAL_BASELINE_NO_ENTITY_RANKING,,,NOT_APPLICABLE_GLOBAL_BASELINE,HF9g-P5,,,,X 全窗基线 · 不参与实体赏罚,3920170,393,A168_HF9F_20260827_0900,2026-08-27 09:00:00
2026-07-25,124529568,2212,0,40.8780607445,3E-10,3E-10,0.7500000,11,4,0.35256347625165967,0.239120712500,1.6637210580922557,2.395420776926091,1.6637210580922557,0.11344276375165967,ELIGIBLE,R03b_20260811_FULL_v1,L1_ELIGIBILITY,v2026-08-11,2026-03-21..2026-08-06,baccarat_bet02_101_all_pairs_incl_sentinel,round_win = game_pnl > 0 (decisive only),COMPATIBILITY_ONLY_NOT_PRODUCTION,7577.8122,7014.9497,-62.4939,2026,978,0.00824695,0.04452942,-0.17025085,0.00824695,62.4939,7577.8122,OK,0.0000,-2.4998,4.0000,96.0000,AG03-UNRESOLVED,ALL5_LEVELS_bet23_to_bet27,-2.4998,-2.4998,-2.8122,-2.8122,-2.8122,4.000000,4.000000,4.500000,4.500000,4.500000,96.000000,96.000000,95.500000,95.500000,95.500000,5.0,-13.4362,-12.3301,-49.0577,-50.1638,PENDING_AG03,FALSE,NOT_FOR_ENFORCEMENT,-59.9941,6734.3517,-62.4939,-59.9941,-2.4998,-0.00824695,-0.00791708,-2.4998,-59.9941,-0.00791708,-2.4998,-2.4998,-2.8122,-2.8122,-2.8122,-59.9941,-0.00791708,-13.4362,-12.3301,-49.0577,-50.1638,-0.00647386,-0.00661982,-0.00032988,3.7403,7.1728,-0.0639,-4.8072,-0.3019,582.9086,75.2308,3.7331,3.7761,2.0439,2.0439,6.0611,6.3247,8.1756,8.1756,2.0439,-2.0439,4.0,4.0,1.829971,29,100,9,5,0.83107169,-0.00824695,-0.04452942,0E-8,0.000000,0.925722,0.000000,0.21478027,2026-03-23,2026-08-04,13,207,137,135,0.096296,0.988600,0.998074,2.770239,,,,,,,,GLOBAL_BASELINE_NO_ENTITY_RANKING,,,NOT_APPLICABLE_GLOBAL_BASELINE,HF9g-P5,,,,X 全窗基线 · 不参与实体赏罚,3920171,393,A168_HF9F_20260827_0900,2026-08-27 09:00:00
2026-07-25,124529568,2241,0,14.3073212606,-14.3073212606,-14.3073212606,0E-7,3,1,0.37650581428734617,0.220852900000,-0.7770869929362375,-0.5324046303250783,-0.7770869929362375,0.15565291428734617,ELIGIBLE,R03b_20260811_FULL_v1,L1_ELIGIBILITY,v2026-08-11,2026-03-21..2026-08-06,baccarat_bet02_101_all_pairs_incl_sentinel,round_win = game_pnl > 0 (decisive only),COMPATIBILITY_ONLY_NOT_PRODUCTION,7577.8122,7014.9497,-62.4939,2026,978,0.00824695,0.04452942,-0.17025085,0.00824695,62.4939,7577.8122,OK,0.0000,-2.4998,4.0000,96.0000,AG03-UNRESOLVED,ALL5_LEVELS_bet23_to_bet27,-2.4998,-2.4998,-2.8122,-2.8122,-2.8122,4.000000,4.000000,4.500000,4.500000,4.500000,96.000000,96.000000,95.500000,95.500000,95.500000,5.0,-13.4362,-12.3301,-49.0577,-50.1638,PENDING_AG03,FALSE,NOT_FOR_ENFORCEMENT,-59.9941,6734.3517,-62.4939,-59.9941,-2.4998,-0.00824695,-0.00791708,-2.4998,-59.9941,-0.00791708,-2.4998,-2.4998,-2.8122,-2.8122,-2.8122,-59.9941,-0.00791708,-13.4362,-12.3301,-49.0577,-50.1638,-0.00647386,-0.00661982,-0.00032988,3.7403,7.1728,-0.0639,-4.8072,-0.3019,582.9086,75.2308,3.7331,3.7761,2.0439,2.0439,6.0611,6.3247,8.1756,8.1756,2.0439,-2.0439,4.0,4.0,1.829971,29,100,9,5,0.83107169,-0.00824695,-0.04452942,0E-8,0.000000,0.925722,0.000000,0.21478027,2026-03-23,2026-08-04,13,207,137,135,0.096296,0.988600,0.998074,2.770239,,,,,,,,GLOBAL_BASELINE_NO_ENTITY_RANKING,,,NOT_APPLICABLE_GLOBAL_BASELINE,HF9g-P5,,,,X 全窗基线 · 不参与实体赏罚,3920172,393,A168_HF9F_20260827_0900,2026-08-27 09:00:00
2026-07-25,124529568,2246,0,57.2292850424,58.8644074726,58.8644074726,0.8000000,15,5,0.35472848600203718,0.225313266667,2.0810889111818858,3.075811612898125,2.0810889111818858,0.12941521933503718,ELIGIBLE,R03b_20260811_FULL_v1,L1_ELIGIBILITY,v2026-08-11,2026-03-21..2026-08-06,baccarat_bet02_101_all_pairs_incl_sentinel,round_win = game_pnl > 0 (decisive only),COMPATIBILITY_ONLY_NOT_PRODUCTION,7577.8122,7014.9497,-62.4939,2026,978,0.00824695,0.04452942,-0.17025085,0.00824695,62.4939,7577.8122,OK,0.0000,-2.4998,4.0000,96.0000,AG03-UNRESOLVED,ALL5_LEVELS_bet23_to_bet27,-2.4998,-2.4998,-2.8122,-2.8122,-2.8122,4.000000,4.000000,4.500000,4.500000,4.500000,96.000000,96.000000,95.500000,95.500000,95.500000,5.0,-13.4362,-12.3301,-49.0577,-50.1638,PENDING_AG03,FALSE,NOT_FOR_ENFORCEMENT,-59.9941,6734.3517,-62.4939,-59.9941,-2.4998,-0.00824695,-0.00791708,-2.4998,-59.9941,-0.00791708,-2.4998,-2.4998,-2.8122,-2.8122,-2.8122,-59.9941,-0.00791708,-13.4362,-12.3301,-49.0577,-50.1638,-0.00647386,-0.00661982,-0.00032988,3.7403,7.1728,-0.0639,-4.8072,-0.3019,582.9086,75.2308,3.7331,3.7761,2.0439,2.0439,6.0611,6.3247,8.1756,8.1756,2.0439,-2.0439,4.0,4.0,1.829971,29,100,9,5,0.83107169,-0.00824695,-0.04452942,0E-8,0.000000,0.925722,0.000000,0.21478027,2026-03-23,2026-08-04,13,207,137,135,0.096296,0.988600,0.998074,2.770239,,,,,,,,GLOBAL_BASELINE_NO_ENTITY_RANKING,,,NOT_APPLICABLE_GLOBAL_BASELINE,HF9g-P5,,,,X 全窗基线 · 不参与实体赏罚,3920173,393,A168_HF9F_20260827_0900,2026-08-27 09:00:00
2026-07-25,124529568,2251,0,10.2195151861,-10.2195151861,-10.2195151861,0E-7,3,1,0.32980994000159925,0.220852900000,-0.701508405506364,-0.5324046303250783,-0.701508405506364,0.10895704000159925,ELIGIBLE,R03b_20260811_FULL_v1,L1_ELIGIBILITY,v2026-08-11,2026-03-21..2026-08-06,baccarat_bet02_101_all_pairs_incl_sentinel,round_win = game_pnl > 0 (decisive only),COMPATIBILITY_ONLY_NOT_PRODUCTION,7577.8122,7014.9497,-62.4939,2026,978,0.00824695,0.04452942,-0.17025085,0.00824695,62.4939,7577.8122,OK,0.0000,-2.4998,4.0000,96.0000,AG03-UNRESOLVED,ALL5_LEVELS_bet23_to_bet27,-2.4998,-2.4998,-2.8122,-2.8122,-2.8122,4.000000,4.000000,4.500000,4.500000,4.500000,96.000000,96.000000,95.500000,95.500000,95.500000,5.0,-13.4362,-12.3301,-49.0577,-50.1638,PENDING_AG03,FALSE,NOT_FOR_ENFORCEMENT,-59.9941,6734.3517,-62.4939,-59.9941,-2.4998,-0.00824695,-0.00791708,-2.4998,-59.9941,-0.00791708,-2.4998,-2.4998,-2.8122,-2.8122,-2.8122,-59.9941,-0.00791708,-13.4362,-12.3301,-49.0577,-50.1638,-0.00647386,-0.00661982,-0.00032988,3.7403,7.1728,-0.0639,-4.8072,-0.3019,582.9086,75.2308,3.7331,3.7761,2.0439,2.0439,6.0611,6.3247,8.1756,8.1756,2.0439,-2.0439,4.0,4.0,1.829971,29,100,9,5,0.83107169,-0.00824695,-0.04452942,0E-8,0.000000,0.925722,0.000000,0.21478027,2026-03-23,2026-08-04,13,207,137,135,0.096296,0.988600,0.998074,2.770239,,,,,,,,GLOBAL_BASELINE_NO_ENTITY_RANKING,,,NOT_APPLICABLE_GLOBAL_BASELINE,HF9g-P5,,,,X 全窗基线 · 不参与实体赏罚,3920174,393,A168_HF9F_20260827_0900,2026-08-27 09:00:00
2026-07-25,124529568,2287,0,20.4390303722,-20.4390303722,-20.4390303722,0E-7,6,2,0.33785065000165175,0.225317283334,-1.0101814719245064,-0.7626939783308321,-1.0101814719245064,0.11253336666765175,ELIGIBLE,R03b_20260811_FULL_v1,L1_ELIGIBILITY,v2026-08-11,2026-03-21..2026-08-06,baccarat_bet02_101_all_pairs_incl_sentinel,round_win = game_pnl > 0 (decisive only),COMPATIBILITY_ONLY_NOT_PRODUCTION,7577.8122,7014.9497,-62.4939,2026,978,0.00824695,0.04452942,-0.17025085,0.00824695,62.4939,7577.8122,OK,0.0000,-2.4998,4.0000,96.0000,AG03-UNRESOLVED,ALL5_LEVELS_bet23_to_bet27,-2.4998,-2.4998,-2.8122,-2.8122,-2.8122,4.000000,4.000000,4.500000,4.500000,4.500000,96.000000,96.000000,95.500000,95.500000,95.500000,5.0,-13.4362,-12.3301,-49.0577,-50.1638,PENDING_AG03,FALSE,NOT_FOR_ENFORCEMENT,-59.9941,6734.3517,-62.4939,-59.9941,-2.4998,-0.00824695,-0.00791708,-2.4998,-59.9941,-0.00791708,-2.4998,-2.4998,-2.8122,-2.8122,-2.8122,-59.9941,-0.00791708,-13.4362,-12.3301,-49.0577,-50.1638,-0.00647386,-0.00661982,-0.00032988,3.7403,7.1728,-0.0639,-4.8072,-0.3019,582.9086,75.2308,3.7331,3.7761,2.0439,2.0439,6.0611,6.3247,8.1756,8.1756,2.0439,-2.0439,4.0,4.0,1.829971,29,100,9,5,0.83107169,-0.00824695,-0.04452942,0E-8,0.000000,0.925722,0.000000,0.21478027,2026-03-23,2026-08-04,13,207,137,135,0.096296,0.988600,0.998074,2.770239,,,,,,,,GLOBAL_BASELINE_NO_ENTITY_RANKING,,,NOT_APPLICABLE_GLOBAL_BASELINE,HF9g-P5,,,,X 全窗基线 · 不参与实体赏罚,3920175,393,A168_HF9F_20260827_0900,2026-08-27 09:00:00
2026-07-25,124529568,526,0,63.3609941540,1.4307321263,1.4307321263,0.5714286,16,8,0.41001171000103781,0.330790891667,0.8683165776356228,1.3531780935136435,0.8683165776356228,0.07922081833403781,ELIGIBLE,R03b_20260811_FULL_v1,L1_ELIGIBILITY,v2026-08-11,2026-03-21..2026-08-06,baccarat_bet02_101_all_pairs_incl_sentinel,round_win = game_pnl > 0 (decisive only),COMPATIBILITY_ONLY_NOT_PRODUCTION,7577.8122,7014.9497,-62.4939,2026,978,0.00824695,0.04452942,-0.17025085,0.00824695,62.4939,7577.8122,OK,0.0000,-2.4998,4.0000,96.0000,AG03-UNRESOLVED,ALL5_LEVELS_bet23_to_bet27,-2.4998,-2.4998,-2.8122,-2.8122,-2.8122,4.000000,4.000000,4.500000,4.500000,4.500000,96.000000,96.000000,95.500000,95.500000,95.500000,5.0,-13.4362,-12.3301,-49.0577,-50.1638,PENDING_AG03,FALSE,NOT_FOR_ENFORCEMENT,-59.9941,6734.3517,-62.4939,-59.9941,-2.4998,-0.00824695,-0.00791708,-2.4998,-59.9941,-0.00791708,-2.4998,-2.4998,-2.8122,-2.8122,-2.8122,-59.9941,-0.00791708,-13.4362,-12.3301,-49.0577,-50.1638,-0.00647386,-0.00661982,-0.00032988,3.7403,7.1728,-0.0639,-4.8072,-0.3019,582.9086,75.2308,3.7331,3.7761,2.0439,2.0439,6.0611,6.3247,8.1756,8.1756,2.0439,-2.0439,4.0,4.0,1.829971,29,100,9,5,0.83107169,-0.00824695,-0.04452942,0E-8,0.000000,0.925722,0.000000,0.21478027,2026-03-23,2026-08-04,13,207,137,135,0.096296,0.988600,0.998074,2.770239,,,,,,,,GLOBAL_BASELINE_NO_ENTITY_RANKING,,,NOT_APPLICABLE_GLOBAL_BASELINE,HF9g-P5,,,,X 全窗基线 · 不参与实体赏罚,3920176,393,A168_HF9F_20260827_0900,2026-08-27 09:00:00
2026-07-25,124529568,772,0,18.3951273350,6.1317091118,6.1317091118,0.6666667,5,3,0.29392415000081267,0.227483700000,1.4171840187995715,1.8145842950971336,1.4171840187995715,0.06644045000081267,ELIGIBLE,R03b_20260811_FULL_v1,L1_ELIGIBILITY,v2026-08-11,2026-03-21..2026-08-06,baccarat_bet02_101_all_pairs_incl_sentinel,round_win = game_pnl > 0 (decisive only),COMPATIBILITY_ONLY_NOT_PRODUCTION,7577.8122,7014.9497,-62.4939,2026,978,0.00824695,0.04452942,-0.17025085,0.00824695,62.4939,7577.8122,OK,0.0000,-2.4998,4.0000,96.0000,AG03-UNRESOLVED,ALL5_LEVELS_bet23_to_bet27,-2.4998,-2.4998,-2.8122,-2.8122,-2.8122,4.000000,4.000000,4.500000,4.500000,4.500000,96.000000,96.000000,95.500000,95.500000,95.500000,5.0,-13.4362,-12.3301,-49.0577,-50.1638,PENDING_AG03,FALSE,NOT_FOR_ENFORCEMENT,-59.9941,6734.3517,-62.4939,-59.9941,-2.4998,-0.00824695,-0.00791708,-2.4998,-59.9941,-0.00791708,-2.4998,-2.4998,-2.8122,-2.8122,-2.8122,-59.9941,-0.00791708,-13.4362,-12.3301,-49.0577,-50.1638,-0.00647386,-0.00661982,-0.00032988,3.7403,7.1728,-0.0639,-4.8072,-0.3019,582.9086,75.2308,3.7331,3.7761,2.0439,2.0439,6.0611,6.3247,8.1756,8.1756,2.0439,-2.0439,4.0,4.0,1.829971,29,100,9,5,0.83107169,-0.00824695,-0.04452942,0E-8,0.000000,0.925722,0.000000,0.21478027,2026-03-23,2026-08-04,13,207,137,135,0.096296,0.988600,0.998074,2.770239,,,,,,,,GLOBAL_BASELINE_NO_ENTITY_RANKING,,,NOT_APPLICABLE_GLOBAL_BASELINE,HF9g-P5,,,,X 全窗基线 · 不参与实体赏罚,3920177,393,A168_HF9F_20260827_0900,2026-08-27 09:00:00
2026-07-25,124529568,919,0,16.3512242978,16.3512242980,16.3512242980,1.0000000,5,2,0.34508727000188318,0.257388525000,1.948239052444615,2.402156151389249,1.948239052444615,0.08769874500188318,ELIGIBLE,R03b_20260811_FULL_v1,L1_ELIGIBILITY,v2026-08-11,2026-03-21..2026-08-06,baccarat_bet02_101_all_pairs_incl_sentinel,round_win = game_pnl > 0 (decisive only),COMPATIBILITY_ONLY_NOT_PRODUCTION,7577.8122,7014.9497,-62.4939,2026,978,0.00824695,0.04452942,-0.17025085,0.00824695,62.4939,7577.8122,OK,0.0000,-2.4998,4.0000,96.0000,AG03-UNRESOLVED,ALL5_LEVELS_bet23_to_bet27,-2.4998,-2.4998,-2.8122,-2.8122,-2.8122,4.000000,4.000000,4.500000,4.500000,4.500000,96.000000,96.000000,95.500000,95.500000,95.500000,5.0,-13.4362,-12.3301,-49.0577,-50.1638,PENDING_AG03,FALSE,NOT_FOR_ENFORCEMENT,-59.9941,6734.3517,-62.4939,-59.9941,-2.4998,-0.00824695,-0.00791708,-2.4998,-59.9941,-0.00791708,-2.4998,-2.4998,-2.8122,-2.8122,-2.8122,-59.9941,-0.00791708,-13.4362,-12.3301,-49.0577,-50.1638,-0.00647386,-0.00661982,-0.00032988,3.7403,7.1728,-0.0639,-4.8072,-0.3019,582.9086,75.2308,3.7331,3.7761,2.0439,2.0439,6.0611,6.3247,8.1756,8.1756,2.0439,-2.0439,4.0,4.0,1.829971,29,100,9,5,0.83107169,-0.00824695,-0.04452942,0E-8,0.000000,0.925722,0.000000,0.21478027,2026-03-23,2026-08-04,13,207,137,135,0.096296,0.988600,0.998074,2.770239,,,,,,,,GLOBAL_BASELINE_NO_ENTITY_RANKING,,,NOT_APPLICABLE_GLOBAL_BASELINE,HF9g-P5,,,,X 全窗基线 · 不参与实体赏罚,3920178,393,A168_HF9F_20260827_0900,2026-08-27 09:00:00
2026-07-25,124529568,925,0,4.0878060745,-4.0878060745,-4.0878060745,0E-7,1,1,0.50665070000000000,0.506650700000,-1.013391052207602,-1.013391052207602,-1.013391052207602,0E-17,ELIGIBLE,R03b_20260811_FULL_v1,L1_ELIGIBILITY,v2026-08-11,2026-03-21..2026-08-06,baccarat_bet02_101_all_pairs_incl_sentinel,round_win = game_pnl > 0 (decisive only),COMPATIBILITY_ONLY_NOT_PRODUCTION,7577.8122,7014.9497,-62.4939,2026,978,0.00824695,0.04452942,-0.17025085,0.00824695,62.4939,7577.8122,OK,0.0000,-2.4998,4.0000,96.0000,AG03-UNRESOLVED,ALL5_LEVELS_bet23_to_bet27,-2.4998,-2.4998,-2.8122,-2.8122,-2.8122,4.000000,4.000000,4.500000,4.500000,4.500000,96.000000,96.000000,95.500000,95.500000,95.500000,5.0,-13.4362,-12.3301,-49.0577,-50.1638,PENDING_AG03,FALSE,NOT_FOR_ENFORCEMENT,-59.9941,6734.3517,-62.4939,-59.9941,-2.4998,-0.00824695,-0.00791708,-2.4998,-59.9941,-0.00791708,-2.4998,-2.4998,-2.8122,-2.8122,-2.8122,-59.9941,-0.00791708,-13.4362,-12.3301,-49.0577,-50.1638,-0.00647386,-0.00661982,-0.00032988,3.7403,7.1728,-0.0639,-4.8072,-0.3019,582.9086,75.2308,3.7331,3.7761,2.0439,2.0439,6.0611,6.3247,8.1756,8.1756,2.0439,-2.0439,4.0,4.0,1.829971,29,100,9,5,0.83107169,-0.00824695,-0.04452942,0E-8,0.000000,0.925722,0.000000,0.21478027,2026-03-23,2026-08-04,13,207,137,135,0.096296,0.988600,0.998074,2.770239,,,,,,,,GLOBAL_BASELINE_NO_ENTITY_RANKING,,,NOT_APPLICABLE_GLOBAL_BASELINE,HF9g-P5,,,,X 全窗基线 · 不参与实体赏罚,3920179,393,A168_HF9F_20260827_0900,2026-08-27 09:00:00
2026-07-25,124529568,970,0,38.8341577074,-14.3073212606,-14.3073212606,0.2500000,10,4,0.35228628625130986,0.261854916667,-0.42826047232408454,-0.05392960869334002,-0.42826047232408454,0.09043136958430986,ELIGIBLE,R03b_20260811_FULL_v1,L1_ELIGIBILITY,v2026-08-11,2026-03-21..2026-08-06,baccarat_bet02_101_all_pairs_incl_sentinel,round_win = game_pnl > 0 (decisive only),COMPATIBILITY_ONLY_NOT_PRODUCTION,7577.8122,7014.9497,-62.4939,2026,978,0.00824695,0.04452942,-0.17025085,0.00824695,62.4939,7577.8122,OK,0.0000,-2.4998,4.0000,96.0000,AG03-UNRESOLVED,ALL5_LEVELS_bet23_to_bet27,-2.4998,-2.4998,-2.8122,-2.8122,-2.8122,4.000000,4.000000,4.500000,4.500000,4.500000,96.000000,96.000000,95.500000,95.500000,95.500000,5.0,-13.4362,-12.3301,-49.0577,-50.1638,PENDING_AG03,FALSE,NOT_FOR_ENFORCEMENT,-59.9941,6734.3517,-62.4939,-59.9941,-2.4998,-0.00824695,-0.00791708,-2.4998,-59.9941,-0.00791708,-2.4998,-2.4998,-2.8122,-2.8122,-2.8122,-59.9941,-0.00791708,-13.4362,-12.3301,-49.0577,-50.1638,-0.00647386,-0.00661982,-0.00032988,3.7403,7.1728,-0.0639,-4.8072,-0.3019,582.9086,75.2308,3.7331,3.7761,2.0439,2.0439,6.0611,6.3247,8.1756,8.1756,2.0439,-2.0439,4.0,4.0,1.829971,29,100,9,5,0.83107169,-0.00824695,-0.04452942,0E-8,0.000000,0.925722,0.000000,0.21478027,2026-03-23,2026-08-04,13,207,137,135,0.096296,0.988600,0.998074,2.770239,,,,,,,,GLOBAL_BASELINE_NO_ENTITY_RANKING,,,NOT_APPLICABLE_GLOBAL_BASELINE,HF9g-P5,,,,X 全窗基线 · 不参与实体赏罚,3920180,393,A168_HF9F_20260827_0900,2026-08-27 09:00:00
2026-07-26,124529568,-1,1,596.8196868709,211.7483546605,211.7483546605,0.7321429,153,57,0.37530331140523677,0.262609756725,5.514945071522543,7.984654067793476,5.514945071522543,0.11269355468023677,SENTINEL_DEALER,R03b_20260811_FULL_v1,L1_ELIGIBILITY,v2026-08-11,2026-03-21..2026-08-06,baccarat_bet02_101_all_pairs_incl_sentinel,round_win = game_pnl > 0 (decisive only),COMPATIBILITY_ONLY_NOT_PRODUCTION,7577.8122,7014.9497,-62.4939,2026,978,0.00824695,0.04452942,-0.17025085,0.00824695,62.4939,7577.8122,OK,0.0000,-2.4998,4.0000,96.0000,AG03-UNRESOLVED,ALL5_LEVELS_bet23_to_bet27,-2.4998,-2.4998,-2.8122,-2.8122,-2.8122,4.000000,4.000000,4.500000,4.500000,4.500000,96.000000,96.000000,95.500000,95.500000,95.500000,5.0,-13.4362,-12.3301,-49.0577,-50.1638,PENDING_AG03,FALSE,NOT_FOR_ENFORCEMENT,-59.9941,6734.3517,-62.4939,-59.9941,-2.4998,-0.00824695,-0.00791708,-2.4998,-59.9941,-0.00791708,-2.4998,-2.4998,-2.8122,-2.8122,-2.8122,-59.9941,-0.00791708,-13.4362,-12.3301,-49.0577,-50.1638,-0.00647386,-0.00661982,-0.00032988,3.7403,7.1728,-0.0639,-4.8072,-0.3019,582.9086,75.2308,3.7331,3.7761,2.0439,2.0439,6.0611,6.3247,8.1756,8.1756,2.0439,-2.0439,4.0,4.0,1.829971,29,100,9,5,0.83107169,-0.00824695,-0.04452942,0E-8,0.000000,0.925722,0.000000,0.21478027,2026-03-23,2026-08-04,13,207,137,135,0.096296,0.988600,0.998074,2.770239,,,,,,,,GLOBAL_BASELINE_NO_ENTITY_RANKING,,,NOT_APPLICABLE_GLOBAL_BASELINE,HF9g-P5,,,,X 全窗基线 · 不参与实体赏罚,3920181,393,A168_HF9F_20260827_0900,2026-08-27 09:00:00
2026-07-26,124529568,1258,0,22.4829334095,-10.2195151861,-10.2195151861,0.5000000,6,2,0.34342957000191022,0.220852900000,0.46629981091185996,0.9516710009493305,0.46629981091185996,0.12257667000191022,ELIGIBLE,R03b_20260811_FULL_v1,L1_ELIGIBILITY,v2026-08-11,2026-03-21..2026-08-06,baccarat_bet02_101_all_pairs_incl_sentinel,round_win = game_pnl > 0 (decisive only),COMPATIBILITY_ONLY_NOT_PRODUCTION,7577.8122,7014.9497,-62.4939,2026,978,0.00824695,0.04452942,-0.17025085,0.00824695,62.4939,7577.8122,OK,0.0000,-2.4998,4.0000,96.0000,AG03-UNRESOLVED,ALL5_LEVELS_bet23_to_bet27,-2.4998,-2.4998,-2.8122,-2.8122,-2.8122,4.000000,4.000000,4.500000,4.500000,4.500000,96.000000,96.000000,95.500000,95.500000,95.500000,5.0,-13.4362,-12.3301,-49.0577,-50.1638,PENDING_AG03,FALSE,NOT_FOR_ENFORCEMENT,-59.9941,6734.3517,-62.4939,-59.9941,-2.4998,-0.00824695,-0.00791708,-2.4998,-59.9941,-0.00791708,-2.4998,-2.4998,-2.8122,-2.8122,-2.8122,-59.9941,-0.00791708,-13.4362,-12.3301,-49.0577,-50.1638,-0.00647386,-0.00661982,-0.00032988,3.7403,7.1728,-0.0639,-4.8072,-0.3019,582.9086,75.2308,3.7331,3.7761,2.0439,2.0439,6.0611,6.3247,8.1756,8.1756,2.0439,-2.0439,4.0,4.0,1.829971,29,100,9,5,0.83107169,-0.00824695,-0.04452942,0E-8,0.000000,0.925722,0.000000,0.21478027,2026-03-23,2026-08-04,13,207,137,135,0.096296,0.988600,0.998074,2.770239,,,,,,,,GLOBAL_BASELINE_NO_ENTITY_RANKING,,,NOT_APPLICABLE_GLOBAL_BASELINE,HF9g-P5,,,,X 全窗基线 · 不参与实体赏罚,3920182,393,A168_HF9F_20260827_0900,2026-08-27 09:00:00
2026-07-26,124529568,1354,0,12.2634182234,14.3073212607,14.3073212607,1.0000000,3,1,0.36598600000229405,0.225321300000,1.3161857593320596,1.8542132638653546,1.3161857593320596,0.14066470000229405,ELIGIBLE,R03b_20260811_FULL_v1,L1_ELIGIBILITY,v2026-08-11,2026-03-21..2026-08-06,baccarat_bet02_101_all_pairs_incl_sentinel,round_win = game_pnl > 0 (decisive only),COMPATIBILITY_ONLY_NOT_PRODUCTION,7577.8122,7014.9497,-62.4939,2026,978,0.00824695,0.04452942,-0.17025085,0.00824695,62.4939,7577.8122,OK,0.0000,-2.4998,4.0000,96.0000,AG03-UNRESOLVED,ALL5_LEVELS_bet23_to_bet27,-2.4998,-2.4998,-2.8122,-2.8122,-2.8122,4.000000,4.000000,4.500000,4.500000,4.500000,96.000000,96.000000,95.500000,95.500000,95.500000,5.0,-13.4362,-12.3301,-49.0577,-50.1638,PENDING_AG03,FALSE,NOT_FOR_ENFORCEMENT,-59.9941,6734.3517,-62.4939,-59.9941,-2.4998,-0.00824695,-0.00791708,-2.4998,-59.9941,-0.00791708,-2.4998,-2.4998,-2.8122,-2.8122,-2.8122,-59.9941,-0.00791708,-13.4362,-12.3301,-49.0577,-50.1638,-0.00647386,-0.00661982,-0.00032988,3.7403,7.1728,-0.0639,-4.8072,-0.3019,582.9086,75.2308,3.7331,3.7761,2.0439,2.0439,6.0611,6.3247,8.1756,8.1756,2.0439,-2.0439,4.0,4.0,1.829971,29,100,9,5,0.83107169,-0.00824695,-0.04452942,0E-8,0.000000,0.925722,0.000000,0.21478027,2026-03-23,2026-08-04,13,207,137,135,0.096296,0.988600,0.998074,2.770239,,,,,,,,GLOBAL_BASELINE_NO_ENTITY_RANKING,,,NOT_APPLICABLE_GLOBAL_BASELINE,HF9g-P5,,,,X 全窗基线 · 不参与实体赏罚,3920183,393,A168_HF9F_20260827_0900,2026-08-27 09:00:00
2026-07-26,124529568,1400,0,77.6683154145,8.1756121493,8.1756121493,0.5714286,22,7,0.33292300245080325,0.216109126191,1.33902183829183,2.284039643292269,1.33902183829183,0.11681387625980325,ELIGIBLE,R03b_20260811_FULL_v1,L1_ELIGIBILITY,v2026-08-11,2026-03-21..2026-08-06,baccarat_bet02_101_all_pairs_incl_sentinel,round_win = game_pnl > 0 (decisive only),COMPATIBILITY_ONLY_NOT_PRODUCTION,7577.8122,7014.9497,-62.4939,2026,978,0.00824695,0.04452942,-0.17025085,0.00824695,62.4939,7577.8122,OK,0.0000,-2.4998,4.0000,96.0000,AG03-UNRESOLVED,ALL5_LEVELS_bet23_to_bet27,-2.4998,-2.4998,-2.8122,-2.8122,-2.8122,4.000000,4.000000,4.500000,4.500000,4.500000,96.000000,96.000000,95.500000,95.500000,95.500000,5.0,-13.4362,-12.3301,-49.0577,-50.1638,PENDING_AG03,FALSE,NOT_FOR_ENFORCEMENT,-59.9941,6734.3517,-62.4939,-59.9941,-2.4998,-0.00824695,-0.00791708,-2.4998,-59.9941,-0.00791708,-2.4998,-2.4998,-2.8122,-2.8122,-2.8122,-59.9941,-0.00791708,-13.4362,-12.3301,-49.0577,-50.1638,-0.00647386,-0.00661982,-0.00032988,3.7403,7.1728,-0.0639,-4.8072,-0.3019,582.9086,75.2308,3.7331,3.7761,2.0439,2.0439,6.0611,6.3247,8.1756,8.1756,2.0439,-2.0439,4.0,4.0,1.829971,29,100,9,5,0.83107169,-0.00824695,-0.04452942,0E-8,0.000000,0.925722,0.000000,0.21478027,2026-03-23,2026-08-04,13,207,137,135,0.096296,0.988600,0.998074,2.770239,,,,,,,,GLOBAL_BASELINE_NO_ENTITY_RANKING,,,NOT_APPLICABLE_GLOBAL_BASELINE,HF9g-P5,,,,X 全窗基线 · 不参与实体赏罚,3920184,393,A168_HF9F_20260827_0900,2026-08-27 09:00:00
2026-07-26,124529568,1491,0,10.2195151862,-10.2195151862,-10.2195151862,0E-7,2,1,0.42424112000161279,0.300626750000,-0.8583927835626901,-0.655630731788307,-0.8583927835626901,0.12361437000161279,ELIGIBLE,R03b_20260811_FULL_v1,L1_ELIGIBILITY,v2026-08-11,2026-03-21..2026-08-06,baccarat_bet02_101_all_pairs_incl_sentinel,round_win = game_pnl > 0 (decisive only),COMPATIBILITY_ONLY_NOT_PRODUCTION,7577.8122,7014.9497,-62.4939,2026,978,0.00824695,0.04452942,-0.17025085,0.00824695,62.4939,7577.8122,OK,0.0000,-2.4998,4.0000,96.0000,AG03-UNRESOLVED,ALL5_LEVELS_bet23_to_bet27,-2.4998,-2.4998,-2.8122,-2.8122,-2.8122,4.000000,4.000000,4.500000,4.500000,4.500000,96.000000,96.000000,95.500000,95.500000,95.500000,5.0,-13.4362,-12.3301,-49.0577,-50.1638,PENDING_AG03,FALSE,NOT_FOR_ENFORCEMENT,-59.9941,6734.3517,-62.4939,-59.9941,-2.4998,-0.00824695,-0.00791708,-2.4998,-59.9941,-0.00791708,-2.4998,-2.4998,-2.8122,-2.8122,-2.8122,-59.9941,-0.00791708,-13.4362,-12.3301,-49.0577,-50.1638,-0.00647386,-0.00661982,-0.00032988,3.7403,7.1728,-0.0639,-4.8072,-0.3019,582.9086,75.2308,3.7331,3.7761,2.0439,2.0439,6.0611,6.3247,8.1756,8.1756,2.0439,-2.0439,4.0,4.0,1.829971,29,100,9,5,0.83107169,-0.00824695,-0.04452942,0E-8,0.000000,0.925722,0.000000,0.21478027,2026-03-23,2026-08-04,13,207,137,135,0.096296,0.988600,0.998074,2.770239,,,,,,,,GLOBAL_BASELINE_NO_ENTITY_RANKING,,,NOT_APPLICABLE_GLOBAL_BASELINE,HF9g-P5,,,,X 全窗基线 · 不参与实体赏罚,3920185,393,A168_HF9F_20260827_0900,2026-08-27 09:00:00
2026-07-26,124529568,1623,0,63.3609941543,43.5351346933,43.5351346933,0.7500000,15,8,0.43358793437591526,0.381739333333,1.8058978759542823,2.1440310188739815,1.8058978759542823,0.05184860104291526,ELIGIBLE,R03b_20260811_FULL_v1,L1_ELIGIBILITY,v2026-08-11,2026-03-21..2026-08-06,baccarat_bet02_101_all_pairs_incl_sentinel,round_win = game_pnl > 0 (decisive only),COMPATIBILITY_ONLY_NOT_PRODUCTION,7577.8122,7014.9497,-62.4939,2026,978,0.00824695,0.04452942,-0.17025085,0.00824695,62.4939,7577.8122,OK,0.0000,-2.4998,4.0000,96.0000,AG03-UNRESOLVED,ALL5_LEVELS_bet23_to_bet27,-2.4998,-2.4998,-2.8122,-2.8122,-2.8122,4.000000,4.000000,4.500000,4.500000,4.500000,96.000000,96.000000,95.500000,95.500000,95.500000,5.0,-13.4362,-12.3301,-49.0577,-50.1638,PENDING_AG03,FALSE,NOT_FOR_ENFORCEMENT,-59.9941,6734.3517,-62.4939,-59.9941,-2.4998,-0.00824695,-0.00791708,-2.4998,-59.9941,-0.00791708,-2.4998,-2.4998,-2.8122,-2.8122,-2.8122,-59.9941,-0.00791708,-13.4362,-12.3301,-49.0577,-50.1638,-0.00647386,-0.00661982,-0.00032988,3.7403,7.1728,-0.0639,-4.8072,-0.3019,582.9086,75.2308,3.7331,3.7761,2.0439,2.0439,6.0611,6.3247,8.1756,8.1756,2.0439,-2.0439,4.0,4.0,1.829971,29,100,9,5,0.83107169,-0.00824695,-0.04452942,0E-8,0.000000,0.925722,0.000000,0.21478027,2026-03-23,2026-08-04,13,207,137,135,0.096296,0.988600,0.998074,2.770239,,,,,,,,GLOBAL_BASELINE_NO_ENTITY_RANKING,,,NOT_APPLICABLE_GLOBAL_BASELINE,HF9g-P5,,,,X 全窗基线 · 不参与实体赏罚,3920186,393,A168_HF9F_20260827_0900,2026-08-27 09:00:00
2026-07-26,124529568,1957,0,10.2195151861,-10.2195151861,-10.2195151861,0E-7,3,1,0.33784824000165177,0.225313266667,-0.7143023214232398,-0.5392998788872835,-0.7143023214232398,0.11253497333465177,ELIGIBLE,R03b_20260811_FULL_v1,L1_ELIGIBILITY,v2026-08-11,2026-03-21..2026-08-06,baccarat_bet02_101_all_pairs_incl_sentinel,round_win = game_pnl > 0 (decisive only),COMPATIBILITY_ONLY_NOT_PRODUCTION,7577.8122,7014.9497,-62.4939,2026,978,0.00824695,0.04452942,-0.17025085,0.00824695,62.4939,7577.8122,OK,0.0000,-2.4998,4.0000,96.0000,AG03-UNRESOLVED,ALL5_LEVELS_bet23_to_bet27,-2.4998,-2.4998,-2.8122,-2.8122,-2.8122,4.000000,4.000000,4.500000,4.500000,4.500000,96.000000,96.000000,95.500000,95.500000,95.500000,5.0,-13.4362,-12.3301,-49.0577,-50.1638,PENDING_AG03,FALSE,NOT_FOR_ENFORCEMENT,-59.9941,6734.3517,-62.4939,-59.9941,-2.4998,-0.00824695,-0.00791708,-2.4998,-59.9941,-0.00791708,-2.4998,-2.4998,-2.8122,-2.8122,-2.8122,-59.9941,-0.00791708,-13.4362,-12.3301,-49.0577,-50.1638,-0.00647386,-0.00661982,-0.00032988,3.7403,7.1728,-0.0639,-4.8072,-0.3019,582.9086,75.2308,3.7331,3.7761,2.0439,2.0439,6.0611,6.3247,8.1756,8.1756,2.0439,-2.0439,4.0,4.0,1.829971,29,100,9,5,0.83107169,-0.00824695,-0.04452942,0E-8,0.000000,0.925722,0.000000,0.21478027,2026-03-23,2026-08-04,13,207,137,135,0.096296,0.988600,0.998074,2.770239,,,,,,,,GLOBAL_BASELINE_NO_ENTITY_RANKING,,,NOT_APPLICABLE_GLOBAL_BASELINE,HF9g-P5,,,,X 全窗基线 · 不参与实体赏罚,3920187,393,A168_HF9F_20260827_0900,2026-08-27 09:00:00
2026-07-26,124529568,1985,0,18.3951273350,-6.1317091116,-6.1317091116,0.5000000,5,2,0.36169497250140915,0.257384508334,0.4070685934318861,0.7848023989550992,0.4070685934318861,0.10431046416740915,ELIGIBLE,R03b_20260811_FULL_v1,L1_ELIGIBILITY,v2026-08-11,2026-03-21..2026-08-06,baccarat_bet02_101_all_pairs_incl_sentinel,round_win = game_pnl > 0 (decisive only),COMPATIBILITY_ONLY_NOT_PRODUCTION,7577.8122,7014.9497,-62.4939,2026,978,0.00824695,0.04452942,-0.17025085,0.00824695,62.4939,7577.8122,OK,0.0000,-2.4998,4.0000,96.0000,AG03-UNRESOLVED,ALL5_LEVELS_bet23_to_bet27,-2.4998,-2.4998,-2.8122,-2.8122,-2.8122,4.000000,4.000000,4.500000,4.500000,4.500000,96.000000,96.000000,95.500000,95.500000,95.500000,5.0,-13.4362,-12.3301,-49.0577,-50.1638,PENDING_AG03,FALSE,NOT_FOR_ENFORCEMENT,-59.9941,6734.3517,-62.4939,-59.9941,-2.4998,-0.00824695,-0.00791708,-2.4998,-59.9941,-0.00791708,-2.4998,-2.4998,-2.8122,-2.8122,-2.8122,-59.9941,-0.00791708,-13.4362,-12.3301,-49.0577,-50.1638,-0.00647386,-0.00661982,-0.00032988,3.7403,7.1728,-0.0639,-4.8072,-0.3019,582.9086,75.2308,3.7331,3.7761,2.0439,2.0439,6.0611,6.3247,8.1756,8.1756,2.0439,-2.0439,4.0,4.0,1.829971,29,100,9,5,0.83107169,-0.00824695,-0.04452942,0E-8,0.000000,0.925722,0.000000,0.21478027,2026-03-23,2026-08-04,13,207,137,135,0.096296,0.988600,0.998074,2.770239,,,,,,,,GLOBAL_BASELINE_NO_ENTITY_RANKING,,,NOT_APPLICABLE_GLOBAL_BASELINE,HF9g-P5,,,,X 全窗基线 · 不参与实体赏罚,3920188,393,A168_HF9F_20260827_0900,2026-08-27 09:00:00
2026-07-26,124529568,2106,0,47.0097698562,2.0439030376,2.0439030376,0.8000000,13,5,0.35312908100177332,0.248092160000,2.0906991345247072,2.8573453811553784,2.0906991345247072,0.10503692100177332,ELIGIBLE,R03b_20260811_FULL_v1,L1_ELIGIBILITY,v2026-08-11,2026-03-21..2026-08-06,baccarat_bet02_101_all_pairs_incl_sentinel,round_win = game_pnl > 0 (decisive only),COMPATIBILITY_ONLY_NOT_PRODUCTION,7577.8122,7014.9497,-62.4939,2026,978,0.00824695,0.04452942,-0.17025085,0.00824695,62.4939,7577.8122,OK,0.0000,-2.4998,4.0000,96.0000,AG03-UNRESOLVED,ALL5_LEVELS_bet23_to_bet27,-2.4998,-2.4998,-2.8122,-2.8122,-2.8122,4.000000,4.000000,4.500000,4.500000,4.500000,96.000000,96.000000,95.500000,95.500000,95.500000,5.0,-13.4362,-12.3301,-49.0577,-50.1638,PENDING_AG03,FALSE,NOT_FOR_ENFORCEMENT,-59.9941,6734.3517,-62.4939,-59.9941,-2.4998,-0.00824695,-0.00791708,-2.4998,-59.9941,-0.00791708,-2.4998,-2.4998,-2.8122,-2.8122,-2.8122,-59.9941,-0.00791708,-13.4362,-12.3301,-49.0577,-50.1638,-0.00647386,-0.00661982,-0.00032988,3.7403,7.1728,-0.0639,-4.8072,-0.3019,582.9086,75.2308,3.7331,3.7761,2.0439,2.0439,6.0611,6.3247,8.1756,8.1756,2.0439,-2.0439,4.0,4.0,1.829971,29,100,9,5,0.83107169,-0.00824695,-0.04452942,0E-8,0.000000,0.925722,0.000000,0.21478027,2026-03-23,2026-08-04,13,207,137,135,0.096296,0.988600,0.998074,2.770239,,,,,,,,GLOBAL_BASELINE_NO_ENTITY_RANKING,,,NOT_APPLICABLE_GLOBAL_BASELINE,HF9g-P5,,,,X 全窗基线 · 不参与实体赏罚,3920189,393,A168_HF9F_20260827_0900,2026-08-27 09:00:00
2026-07-26,124529568,2134,0,47.0097698564,-14.3073212604,-14.3073212604,0.5000000,11,4,0.37563152750209245,0.241348887500,0.5136162967710521,1.2089285841188786,0.5136162967710521,0.13428264000209245,ELIGIBLE,R03b_20260811_FULL_v1,L1_ELIGIBILITY,v2026-08-11,2026-03-21..2026-08-06,baccarat_bet02_101_all_pairs_incl_sentinel,round_win = game_pnl > 0 (decisive only),COMPATIBILITY_ONLY_NOT_PRODUCTION,7577.8122,7014.9497,-62.4939,2026,978,0.00824695,0.04452942,-0.17025085,0.00824695,62.4939,7577.8122,OK,0.0000,-2.4998,4.0000,96.0000,AG03-UNRESOLVED,ALL5_LEVELS_bet23_to_bet27,-2.4998,-2.4998,-2.8122,-2.8122,-2.8122,4.000000,4.000000,4.500000,4.500000,4.500000,96.000000,96.000000,95.500000,95.500000,95.500000,5.0,-13.4362,-12.3301,-49.0577,-50.1638,PENDING_AG03,FALSE,NOT_FOR_ENFORCEMENT,-59.9941,6734.3517,-62.4939,-59.9941,-2.4998,-0.00824695,-0.00791708,-2.4998,-59.9941,-0.00791708,-2.4998,-2.4998,-2.8122,-2.8122,-2.8122,-59.9941,-0.00791708,-13.4362,-12.3301,-49.0577,-50.1638,-0.00647386,-0.00661982,-0.00032988,3.7403,7.1728,-0.0639,-4.8072,-0.3019,582.9086,75.2308,3.7331,3.7761,2.0439,2.0439,6.0611,6.3247,8.1756,8.1756,2.0439,-2.0439,4.0,4.0,1.829971,29,100,9,5,0.83107169,-0.00824695,-0.04452942,0E-8,0.000000,0.925722,0.000000,0.21478027,2026-03-23,2026-08-04,13,207,137,135,0.096296,0.988600,0.998074,2.770239,,,,,,,,GLOBAL_BASELINE_NO_ENTITY_RANKING,,,NOT_APPLICABLE_GLOBAL_BASELINE,HF9g-P5,,,,X 全窗基线 · 不参与实体赏罚,3920190,393,A168_HF9F_20260827_0900,2026-08-27 09:00:00
2026-07-26,124529568,2145,0,118.5463761595,15.1248824762,15.1248824762,0.6923077,31,13,0.38388788234578945,0.298561700000,2.2865561167797126,3.1022446002727446,2.2865561167797126,0.08532618234578945,ELIGIBLE,R03b_20260811_FULL_v1,L1_ELIGIBILITY,v2026-08-11,2026-03-21..2026-08-06,baccarat_bet02_101_all_pairs_incl_sentinel,round_win = game_pnl > 0 (decisive only),COMPATIBILITY_ONLY_NOT_PRODUCTION,7577.8122,7014.9497,-62.4939,2026,978,0.00824695,0.04452942,-0.17025085,0.00824695,62.4939,7577.8122,OK,0.0000,-2.4998,4.0000,96.0000,AG03-UNRESOLVED,ALL5_LEVELS_bet23_to_bet27,-2.4998,-2.4998,-2.8122,-2.8122,-2.8122,4.000000,4.000000,4.500000,4.500000,4.500000,96.000000,96.000000,95.500000,95.500000,95.500000,5.0,-13.4362,-12.3301,-49.0577,-50.1638,PENDING_AG03,FALSE,NOT_FOR_ENFORCEMENT,-59.9941,6734.3517,-62.4939,-59.9941,-2.4998,-0.00824695,-0.00791708,-2.4998,-59.9941,-0.00791708,-2.4998,-2.4998,-2.8122,-2.8122,-2.8122,-59.9941,-0.00791708,-13.4362,-12.3301,-49.0577,-50.1638,-0.00647386,-0.00661982,-0.00032988,3.7403,7.1728,-0.0639,-4.8072,-0.3019,582.9086,75.2308,3.7331,3.7761,2.0439,2.0439,6.0611,6.3247,8.1756,8.1756,2.0439,-2.0439,4.0,4.0,1.829971,29,100,9,5,0.83107169,-0.00824695,-0.04452942,0E-8,0.000000,0.925722,0.000000,0.21478027,2026-03-23,2026-08-04,13,207,137,135,0.096296,0.988600,0.998074,2.770239,,,,,,,,GLOBAL_BASELINE_NO_ENTITY_RANKING,,,NOT_APPLICABLE_GLOBAL_BASELINE,HF9g-P5,,,,X 全窗基线 · 不参与实体赏罚,3920191,393,A168_HF9F_20260827_0900,2026-08-27 09:00:00
2026-07-26,124529568,2155,0,26.5707394840,-10.2195151860,-10.2195151860,0.5000000,7,2,0.34134681309761903,0.204812258334,0.4731920865957705,1.034428565329522,0.4731920865957705,0.13653455476361903,ELIGIBLE,R03b_20260811_FULL_v1,L1_ELIGIBILITY,v2026-08-11,2026-03-21..2026-08-06,baccarat_bet02_101_all_pairs_incl_sentinel,round_win = game_pnl > 0 (decisive only),COMPATIBILITY_ONLY_NOT_PRODUCTION,7577.8122,7014.9497,-62.4939,2026,978,0.00824695,0.04452942,-0.17025085,0.00824695,62.4939,7577.8122,OK,0.0000,-2.4998,4.0000,96.0000,AG03-UNRESOLVED,ALL5_LEVELS_bet23_to_bet27,-2.4998,-2.4998,-2.8122,-2.8122,-2.8122,4.000000,4.000000,4.500000,4.500000,4.500000,96.000000,96.000000,95.500000,95.500000,95.500000,5.0,-13.4362,-12.3301,-49.0577,-50.1638,PENDING_AG03,FALSE,NOT_FOR_ENFORCEMENT,-59.9941,6734.3517,-62.4939,-59.9941,-2.4998,-0.00824695,-0.00791708,-2.4998,-59.9941,-0.00791708,-2.4998,-2.4998,-2.8122,-2.8122,-2.8122,-59.9941,-0.00791708,-13.4362,-12.3301,-49.0577,-50.1638,-0.00647386,-0.00661982,-0.00032988,3.7403,7.1728,-0.0639,-4.8072,-0.3019,582.9086,75.2308,3.7331,3.7761,2.0439,2.0439,6.0611,6.3247,8.1756,8.1756,2.0439,-2.0439,4.0,4.0,1.829971,29,100,9,5,0.83107169,-0.00824695,-0.04452942,0E-8,0.000000,0.925722,0.000000,0.21478027,2026-03-23,2026-08-04,13,207,137,135,0.096296,0.988600,0.998074,2.770239,,,,,,,,GLOBAL_BASELINE_NO_ENTITY_RANKING,,,NOT_APPLICABLE_GLOBAL_BASELINE,HF9g-P5,,,,X 全窗基线 · 不参与实体赏罚,3920192,393,A168_HF9F_20260827_0900,2026-08-27 09:00:00
2026-07-26,124529568,2171,0,10.2195151861,-10.2195151861,-10.2195151861,0E-7,3,1,0.33784824000165177,0.225313266667,-0.7143023214232398,-0.5392998788872835,-0.7143023214232398,0.11253497333465177,ELIGIBLE,R03b_20260811_FULL_v1,L1_ELIGIBILITY,v2026-08-11,2026-03-21..2026-08-06,baccarat_bet02_101_all_pairs_incl_sentinel,round_win = game_pnl > 0 (decisive only),COMPATIBILITY_ONLY_NOT_PRODUCTION,7577.8122,7014.9497,-62.4939,2026,978,0.00824695,0.04452942,-0.17025085,0.00824695,62.4939,7577.8122,OK,0.0000,-2.4998,4.0000,96.0000,AG03-UNRESOLVED,ALL5_LEVELS_bet23_to_bet27,-2.4998,-2.4998,-2.8122,-2.8122,-2.8122,4.000000,4.000000,4.500000,4.500000,4.500000,96.000000,96.000000,95.500000,95.500000,95.500000,5.0,-13.4362,-12.3301,-49.0577,-50.1638,PENDING_AG03,FALSE,NOT_FOR_ENFORCEMENT,-59.9941,6734.3517,-62.4939,-59.9941,-2.4998,-0.00824695,-0.00791708,-2.4998,-59.9941,-0.00791708,-2.4998,-2.4998,-2.8122,-2.8122,-2.8122,-59.9941,-0.00791708,-13.4362,-12.3301,-49.0577,-50.1638,-0.00647386,-0.00661982,-0.00032988,3.7403,7.1728,-0.0639,-4.8072,-0.3019,582.9086,75.2308,3.7331,3.7761,2.0439,2.0439,6.0611,6.3247,8.1756,8.1756,2.0439,-2.0439,4.0,4.0,1.829971,29,100,9,5,0.83107169,-0.00824695,-0.04452942,0E-8,0.000000,0.925722,0.000000,0.21478027,2026-03-23,2026-08-04,13,207,137,135,0.096296,0.988600,0.998074,2.770239,,,,,,,,GLOBAL_BASELINE_NO_ENTITY_RANKING,,,NOT_APPLICABLE_GLOBAL_BASELINE,HF9g-P5,,,,X 全窗基线 · 不参与实体赏罚,3920193,393,A168_HF9F_20260827_0900,2026-08-27 09:00:00
2026-07-26,124529568,2188,0,30.6585455584,-2.7592691001,-2.7592691001,0.6666667,8,3,0.36915631611284640,0.250417761111,1.0678166190052925,1.6640697427556501,1.0678166190052925,0.11873855500184640,ELIGIBLE,R03b_20260811_FULL_v1,L1_ELIGIBILITY,v2026-08-11,2026-03-21..2026-08-06,baccarat_bet02_101_all_pairs_incl_sentinel,round_win = game_pnl > 0 (decisive only),COMPATIBILITY_ONLY_NOT_PRODUCTION,7577.8122,7014.9497,-62.4939,2026,978,0.00824695,0.04452942,-0.17025085,0.00824695,62.4939,7577.8122,OK,0.0000,-2.4998,4.0000,96.0000,AG03-UNRESOLVED,ALL5_LEVELS_bet23_to_bet27,-2.4998,-2.4998,-2.8122,-2.8122,-2.8122,4.000000,4.000000,4.500000,4.500000,4.500000,96.000000,96.000000,95.500000,95.500000,95.500000,5.0,-13.4362,-12.3301,-49.0577,-50.1638,PENDING_AG03,FALSE,NOT_FOR_ENFORCEMENT,-59.9941,6734.3517,-62.4939,-59.9941,-2.4998,-0.00824695,-0.00791708,-2.4998,-59.9941,-0.00791708,-2.4998,-2.4998,-2.8122,-2.8122,-2.8122,-59.9941,-0.00791708,-13.4362,-12.3301,-49.0577,-50.1638,-0.00647386,-0.00661982,-0.00032988,3.7403,7.1728,-0.0639,-4.8072,-0.3019,582.9086,75.2308,3.7331,3.7761,2.0439,2.0439,6.0611,6.3247,8.1756,8.1756,2.0439,-2.0439,4.0,4.0,1.829971,29,100,9,5,0.83107169,-0.00824695,-0.04452942,0E-8,0.000000,0.925722,0.000000,0.21478027,2026-03-23,2026-08-04,13,207,137,135,0.096296,0.988600,0.998074,2.770239,,,,,,,,GLOBAL_BASELINE_NO_ENTITY_RANKING,,,NOT_APPLICABLE_GLOBAL_BASELINE,HF9g-P5,,,,X 全窗基线 · 不参与实体赏罚,3920194,393,A168_HF9F_20260827_0900,2026-08-27 09:00:00
2026-07-26,124529568,2209,0,16.3512242979,1E-10,1E-10,0.5000000,4,2,0.38694078000186372,0.293924150000,0.32828233756602054,0.6397330434626627,0.32828233756602054,0.09301663000186372,ELIGIBLE,R03b_20260811_FULL_v1,L1_ELIGIBILITY,v2026-08-11,2026-03-21..2026-08-06,baccarat_bet02_101_all_pairs_incl_sentinel,round_win = game_pnl > 0 (decisive only),COMPATIBILITY_ONLY_NOT_PRODUCTION,7577.8122,7014.9497,-62.4939,2026,978,0.00824695,0.04452942,-0.17025085,0.00824695,62.4939,7577.8122,OK,0.0000,-2.4998,4.0000,96.0000,AG03-UNRESOLVED,ALL5_LEVELS_bet23_to_bet27,-2.4998,-2.4998,-2.8122,-2.8122,-2.8122,4.000000,4.000000,4.500000,4.500000,4.500000,96.000000,96.000000,95.500000,95.500000,95.500000,5.0,-13.4362,-12.3301,-49.0577,-50.1638,PENDING_AG03,FALSE,NOT_FOR_ENFORCEMENT,-59.9941,6734.3517,-62.4939,-59.9941,-2.4998,-0.00824695,-0.00791708,-2.4998,-59.9941,-0.00791708,-2.4998,-2.4998,-2.8122,-2.8122,-2.8122,-59.9941,-0.00791708,-13.4362,-12.3301,-49.0577,-50.1638,-0.00647386,-0.00661982,-0.00032988,3.7403,7.1728,-0.0639,-4.8072,-0.3019,582.9086,75.2308,3.7331,3.7761,2.0439,2.0439,6.0611,6.3247,8.1756,8.1756,2.0439,-2.0439,4.0,4.0,1.829971,29,100,9,5,0.83107169,-0.00824695,-0.04452942,0E-8,0.000000,0.925722,0.000000,0.21478027,2026-03-23,2026-08-04,13,207,137,135,0.096296,0.988600,0.998074,2.770239,,,,,,,,GLOBAL_BASELINE_NO_ENTITY_RANKING,,,NOT_APPLICABLE_GLOBAL_BASELINE,HF9g-P5,,,,X 全窗基线 · 不参与实体赏罚,3920195,393,A168_HF9F_20260827_0900,2026-08-27 09:00:00
2026-07-26,124529568,2216,0,8.1756121489,-8.1756121489,-8.1756121489,0E-7,2,1,0.39358482500121900,0.293924150000,-0.8056272404044375,-0.6451964315166089,-0.8056272404044375,0.09966067500121900,ELIGIBLE,R03b_20260811_FULL_v1,L1_ELIGIBILITY,v2026-08-11,2026-03-21..2026-08-06,baccarat_bet02_101_all_pairs_incl_sentinel,round_win = game_pnl > 0 (decisive only),COMPATIBILITY_ONLY_NOT_PRODUCTION,7577.8122,7014.9497,-62.4939,2026,978,0.00824695,0.04452942,-0.17025085,0.00824695,62.4939,7577.8122,OK,0.0000,-2.4998,4.0000,96.0000,AG03-UNRESOLVED,ALL5_LEVELS_bet23_to_bet27,-2.4998,-2.4998,-2.8122,-2.8122,-2.8122,4.000000,4.000000,4.500000,4.500000,4.500000,96.000000,96.000000,95.500000,95.500000,95.500000,5.0,-13.4362,-12.3301,-49.0577,-50.1638,PENDING_AG03,FALSE,NOT_FOR_ENFORCEMENT,-59.9941,6734.3517,-62.4939,-59.9941,-2.4998,-0.00824695,-0.00791708,-2.4998,-59.9941,-0.00791708,-2.4998,-2.4998,-2.8122,-2.8122,-2.8122,-59.9941,-0.00791708,-13.4362,-12.3301,-49.0577,-50.1638,-0.00647386,-0.00661982,-0.00032988,3.7403,7.1728,-0.0639,-4.8072,-0.3019,582.9086,75.2308,3.7331,3.7761,2.0439,2.0439,6.0611,6.3247,8.1756,8.1756,2.0439,-2.0439,4.0,4.0,1.829971,29,100,9,5,0.83107169,-0.00824695,-0.04452942,0E-8,0.000000,0.925722,0.000000,0.21478027,2026-03-23,2026-08-04,13,207,137,135,0.096296,0.988600,0.998074,2.770239,,,,,,,,GLOBAL_BASELINE_NO_ENTITY_RANKING,,,NOT_APPLICABLE_GLOBAL_BASELINE,HF9g-P5,,,,X 全窗基线 · 不参与实体赏罚,3920196,393,A168_HF9F_20260827_0900,2026-08-27 09:00:00
2026-07-26,124529568,2229,0,40.8780607446,-24.9356170541,-24.9356170541,0.2500000,11,4,0.36390843779968451,0.252719504167,-0.4735109333834157,-0.01251579728109438,-0.4735109333834157,0.11118893363268451,ELIGIBLE,R03b_20260811_FULL_v1,L1_ELIGIBILITY,v2026-08-11,2026-03-21..2026-08-06,baccarat_bet02_101_all_pairs_incl_sentinel,round_win = game_pnl > 0 (decisive only),COMPATIBILITY_ONLY_NOT_PRODUCTION,7577.8122,7014.9497,-62.4939,2026,978,0.00824695,0.04452942,-0.17025085,0.00824695,62.4939,7577.8122,OK,0.0000,-2.4998,4.0000,96.0000,AG03-UNRESOLVED,ALL5_LEVELS_bet23_to_bet27,-2.4998,-2.4998,-2.8122,-2.8122,-2.8122,4.000000,4.000000,4.500000,4.500000,4.500000,96.000000,96.000000,95.500000,95.500000,95.500000,5.0,-13.4362,-12.3301,-49.0577,-50.1638,PENDING_AG03,FALSE,NOT_FOR_ENFORCEMENT,-59.9941,6734.3517,-62.4939,-59.9941,-2.4998,-0.00824695,-0.00791708,-2.4998,-59.9941,-0.00791708,-2.4998,-2.4998,-2.8122,-2.8122,-2.8122,-59.9941,-0.00791708,-13.4362,-12.3301,-49.0577,-50.1638,-0.00647386,-0.00661982,-0.00032988,3.7403,7.1728,-0.0639,-4.8072,-0.3019,582.9086,75.2308,3.7331,3.7761,2.0439,2.0439,6.0611,6.3247,8.1756,8.1756,2.0439,-2.0439,4.0,4.0,1.829971,29,100,9,5,0.83107169,-0.00824695,-0.04452942,0E-8,0.000000,0.925722,0.000000,0.21478027,2026-03-23,2026-08-04,13,207,137,135,0.096296,0.988600,0.998074,2.770239,,,,,,,,GLOBAL_BASELINE_NO_ENTITY_RANKING,,,NOT_APPLICABLE_GLOBAL_BASELINE,HF9g-P5,,,,X 全窗基线 · 不参与实体赏罚,3920197,393,A168_HF9F_20260827_0900,2026-08-27 09:00:00
2026-07-26,124529568,752,0,8.1756121489,-8.1756121489,-8.1756121489,0E-7,2,1,0.40363872500125999,0.300626750000,-0.8227003755328068,-0.655630731788307,-0.8227003755328068,0.10301197500125999,ELIGIBLE,R03b_20260811_FULL_v1,L1_ELIGIBILITY,v2026-08-11,2026-03-21..2026-08-06,baccarat_bet02_101_all_pairs_incl_sentinel,round_win = game_pnl > 0 (decisive only),COMPATIBILITY_ONLY_NOT_PRODUCTION,7577.8122,7014.9497,-62.4939,2026,978,0.00824695,0.04452942,-0.17025085,0.00824695,62.4939,7577.8122,OK,0.0000,-2.4998,4.0000,96.0000,AG03-UNRESOLVED,ALL5_LEVELS_bet23_to_bet27,-2.4998,-2.4998,-2.8122,-2.8122,-2.8122,4.000000,4.000000,4.500000,4.500000,4.500000,96.000000,96.000000,95.500000,95.500000,95.500000,5.0,-13.4362,-12.3301,-49.0577,-50.1638,PENDING_AG03,FALSE,NOT_FOR_ENFORCEMENT,-59.9941,6734.3517,-62.4939,-59.9941,-2.4998,-0.00824695,-0.00791708,-2.4998,-59.9941,-0.00791708,-2.4998,-2.4998,-2.8122,-2.8122,-2.8122,-59.9941,-0.00791708,-13.4362,-12.3301,-49.0577,-50.1638,-0.00647386,-0.00661982,-0.00032988,3.7403,7.1728,-0.0639,-4.8072,-0.3019,582.9086,75.2308,3.7331,3.7761,2.0439,2.0439,6.0611,6.3247,8.1756,8.1756,2.0439,-2.0439,4.0,4.0,1.829971,29,100,9,5,0.83107169,-0.00824695,-0.04452942,0E-8,0.000000,0.925722,0.000000,0.21478027,2026-03-23,2026-08-04,13,207,137,135,0.096296,0.988600,0.998074,2.770239,,,,,,,,GLOBAL_BASELINE_NO_ENTITY_RANKING,,,NOT_APPLICABLE_GLOBAL_BASELINE,HF9g-P5,,,,X 全窗基线 · 不参与实体赏罚,3920198,393,A168_HF9F_20260827_0900,2026-08-27 09:00:00
2026-07-26,124529568,763,0,4.0878060745,-4.0878060745,-4.0878060745,0E-7,1,1,0.49324550000000000,0.493245500000,-0.9865810262130424,-0.9865810262130424,-0.9865810262130424,0E-17,ELIGIBLE,R03b_20260811_FULL_v1,L1_ELIGIBILITY,v2026-08-11,2026-03-21..2026-08-06,baccarat_bet02_101_all_pairs_incl_sentinel,round_win = game_pnl > 0 (decisive only),COMPATIBILITY_ONLY_NOT_PRODUCTION,7577.8122,7014.9497,-62.4939,2026,978,0.00824695,0.04452942,-0.17025085,0.00824695,62.4939,7577.8122,OK,0.0000,-2.4998,4.0000,96.0000,AG03-UNRESOLVED,ALL5_LEVELS_bet23_to_bet27,-2.4998,-2.4998,-2.8122,-2.8122,-2.8122,4.000000,4.000000,4.500000,4.500000,4.500000,96.000000,96.000000,95.500000,95.500000,95.500000,5.0,-13.4362,-12.3301,-49.0577,-50.1638,PENDING_AG03,FALSE,NOT_FOR_ENFORCEMENT,-59.9941,6734.3517,-62.4939,-59.9941,-2.4998,-0.00824695,-0.00791708,-2.4998,-59.9941,-0.00791708,-2.4998,-2.4998,-2.8122,-2.8122,-2.8122,-59.9941,-0.00791708,-13.4362,-12.3301,-49.0577,-50.1638,-0.00647386,-0.00661982,-0.00032988,3.7403,7.1728,-0.0639,-4.8072,-0.3019,582.9086,75.2308,3.7331,3.7761,2.0439,2.0439,6.0611,6.3247,8.1756,8.1756,2.0439,-2.0439,4.0,4.0,1.829971,29,100,9,5,0.83107169,-0.00824695,-0.04452942,0E-8,0.000000,0.925722,0.000000,0.21478027,2026-03-23,2026-08-04,13,207,137,135,0.096296,0.988600,0.998074,2.770239,,,,,,,,GLOBAL_BASELINE_NO_ENTITY_RANKING,,,NOT_APPLICABLE_GLOBAL_BASELINE,HF9g-P5,,,,X 全窗基线 · 不参与实体赏罚,3920199,393,A168_HF9F_20260827_0900,2026-08-27 09:00:00
2026-07-26,124529568,987,0,34.7463516329,-6.7448800228,-6.7448800228,0.5000000,9,5,0.42481795300103035,0.367973633333,0.3041865798233685,0.5475385716932594,0.3041865798233685,0.05684431966803035,ELIGIBLE,R03b_20260811_FULL_v1,L1_ELIGIBILITY,v2026-08-11,2026-03-21..2026-08-06,baccarat_bet02_101_all_pairs_incl_sentinel,round_win = game_pnl > 0 (decisive only),COMPATIBILITY_ONLY_NOT_PRODUCTION,7577.8122,7014.9497,-62.4939,2026,978,0.00824695,0.04452942,-0.17025085,0.00824695,62.4939,7577.8122,OK,0.0000,-2.4998,4.0000,96.0000,AG03-UNRESOLVED,ALL5_LEVELS_bet23_to_bet27,-2.4998,-2.4998,-2.8122,-2.8122,-2.8122,4.000000,4.000000,4.500000,4.500000,4.500000,96.000000,96.000000,95.500000,95.500000,95.500000,5.0,-13.4362,-12.3301,-49.0577,-50.1638,PENDING_AG03,FALSE,NOT_FOR_ENFORCEMENT,-59.9941,6734.3517,-62.4939,-59.9941,-2.4998,-0.00824695,-0.00791708,-2.4998,-59.9941,-0.00791708,-2.4998,-2.4998,-2.8122,-2.8122,-2.8122,-59.9941,-0.00791708,-13.4362,-12.3301,-49.0577,-50.1638,-0.00647386,-0.00661982,-0.00032988,3.7403,7.1728,-0.0639,-4.8072,-0.3019,582.9086,75.2308,3.7331,3.7761,2.0439,2.0439,6.0611,6.3247,8.1756,8.1756,2.0439,-2.0439,4.0,4.0,1.829971,29,100,9,5,0.83107169,-0.00824695,-0.04452942,0E-8,0.000000,0.925722,0.000000,0.21478027,2026-03-23,2026-08-04,13,207,137,135,0.096296,0.988600,0.998074,2.770239,,,,,,,,GLOBAL_BASELINE_NO_ENTITY_RANKING,,,NOT_APPLICABLE_GLOBAL_BASELINE,HF9g-P5,,,,X 全窗基线 · 不参与实体赏罚,3920200,393,A168_HF9F_20260827_0900,2026-08-27 09:00:00
2026-08-04,124529568,-1,1,549.5393567115,125.0606109617,125.0606109617,0.6119403,149,67,0.38032753179250823,0.293428418906,3.9051697160122547,5.725769577021596,3.9051697160122547,0.08689911288650823,SENTINEL_DEALER,R03b_20260811_FULL_v1,L1_ELIGIBILITY,v2026-08-11,2026-03-21..2026-08-06,baccarat_bet02_101_all_pairs_incl_sentinel,round_win = game_pnl > 0 (decisive only),COMPATIBILITY_ONLY_NOT_PRODUCTION,7577.8122,7014.9497,-62.4939,2026,978,0.00824695,0.04452942,-0.17025085,0.00824695,62.4939,7577.8122,OK,0.0000,-2.4998,4.0000,96.0000,AG03-UNRESOLVED,ALL5_LEVELS_bet23_to_bet27,-2.4998,-2.4998,-2.8122,-2.8122,-2.8122,4.000000,4.000000,4.500000,4.500000,4.500000,96.000000,96.000000,95.500000,95.500000,95.500000,5.0,-13.4362,-12.3301,-49.0577,-50.1638,PENDING_AG03,FALSE,NOT_FOR_ENFORCEMENT,-59.9941,6734.3517,-62.4939,-59.9941,-2.4998,-0.00824695,-0.00791708,-2.4998,-59.9941,-0.00791708,-2.4998,-2.4998,-2.8122,-2.8122,-2.8122,-59.9941,-0.00791708,-13.4362,-12.3301,-49.0577,-50.1638,-0.00647386,-0.00661982,-0.00032988,3.7403,7.1728,-0.0639,-4.8072,-0.3019,582.9086,75.2308,3.7331,3.7761,2.0439,2.0439,6.0611,6.3247,8.1756,8.1756,2.0439,-2.0439,4.0,4.0,1.829971,29,100,9,5,0.83107169,-0.00824695,-0.04452942,0E-8,0.000000,0.925722,0.000000,0.21478027,2026-03-23,2026-08-04,13,207,137,135,0.096296,0.988600,0.998074,2.770239,,,,,,,,GLOBAL_BASELINE_NO_ENTITY_RANKING,,,NOT_APPLICABLE_GLOBAL_BASELINE,HF9g-P5,,,,X 全窗基线 · 不参与实体赏罚,3920201,393,A168_HF9F_20260827_0900,2026-08-27 09:00:00
2026-08-04,124529568,1004,0,66.6720543068,13.8395021825,13.8395021825,0.7500000,20,8,0.32882963500137714,0.248127439583,2.53571790506389,3.286464384748454,2.53571790506389,0.08070219541837714,ELIGIBLE,R03b_20260811_FULL_v1,L1_ELIGIBILITY,v2026-08-11,2026-03-21..2026-08-06,baccarat_bet02_101_all_pairs_incl_sentinel,round_win = game_pnl > 0 (decisive only),COMPATIBILITY_ONLY_NOT_PRODUCTION,7577.8122,7014.9497,-62.4939,2026,978,0.00824695,0.04452942,-0.17025085,0.00824695,62.4939,7577.8122,OK,0.0000,-2.4998,4.0000,96.0000,AG03-UNRESOLVED,ALL5_LEVELS_bet23_to_bet27,-2.4998,-2.4998,-2.8122,-2.8122,-2.8122,4.000000,4.000000,4.500000,4.500000,4.500000,96.000000,96.000000,95.500000,95.500000,95.500000,5.0,-13.4362,-12.3301,-49.0577,-50.1638,PENDING_AG03,FALSE,NOT_FOR_ENFORCEMENT,-59.9941,6734.3517,-62.4939,-59.9941,-2.4998,-0.00824695,-0.00791708,-2.4998,-59.9941,-0.00791708,-2.4998,-2.4998,-2.8122,-2.8122,-2.8122,-59.9941,-0.00791708,-13.4362,-12.3301,-49.0577,-50.1638,-0.00647386,-0.00661982,-0.00032988,3.7403,7.1728,-0.0639,-4.8072,-0.3019,582.9086,75.2308,3.7331,3.7761,2.0439,2.0439,6.0611,6.3247,8.1756,8.1756,2.0439,-2.0439,4.0,4.0,1.829971,29,100,9,5,0.83107169,-0.00824695,-0.04452942,0E-8,0.000000,0.925722,0.000000,0.21478027,2026-03-23,2026-08-04,13,207,137,135,0.096296,0.988600,0.998074,2.770239,,,,,,,,GLOBAL_BASELINE_NO_ENTITY_RANKING,,,NOT_APPLICABLE_GLOBAL_BASELINE,HF9g-P5,,,,X 全窗基线 · 不参与实体赏罚,3920202,393,A168_HF9F_20260827_0900,2026-08-27 09:00:00
2026-08-04,124529568,1007,0,16.1629222562,-4.3437853563,-4.3437853563,0.5000000,4,2,0.39861177500125394,0.297275450000,0.29285321469814535,0.6272624026875385,0.29285321469814535,0.10133632500125394,ELIGIBLE,R03b_20260811_FULL_v1,L1_ELIGIBILITY,v2026-08-11,2026-03-21..2026-08-06,baccarat_bet02_101_all_pairs_incl_sentinel,round_win = game_pnl > 0 (decisive only),COMPATIBILITY_ONLY_NOT_PRODUCTION,7577.8122,7014.9497,-62.4939,2026,978,0.00824695,0.04452942,-0.17025085,0.00824695,62.4939,7577.8122,OK,0.0000,-2.4998,4.0000,96.0000,AG03-UNRESOLVED,ALL5_LEVELS_bet23_to_bet27,-2.4998,-2.4998,-2.8122,-2.8122,-2.8122,4.000000,4.000000,4.500000,4.500000,4.500000,96.000000,96.000000,95.500000,95.500000,95.500000,5.0,-13.4362,-12.3301,-49.0577,-50.1638,PENDING_AG03,FALSE,NOT_FOR_ENFORCEMENT,-59.9941,6734.3517,-62.4939,-59.9941,-2.4998,-0.00824695,-0.00791708,-2.4998,-59.9941,-0.00791708,-2.4998,-2.4998,-2.8122,-2.8122,-2.8122,-59.9941,-0.00791708,-13.4362,-12.3301,-49.0577,-50.1638,-0.00647386,-0.00661982,-0.00032988,3.7403,7.1728,-0.0639,-4.8072,-0.3019,582.9086,75.2308,3.7331,3.7761,2.0439,2.0439,6.0611,6.3247,8.1756,8.1756,2.0439,-2.0439,4.0,4.0,1.829971,29,100,9,5,0.83107169,-0.00824695,-0.04452942,0E-8,0.000000,0.925722,0.000000,0.21478027,2026-03-23,2026-08-04,13,207,137,135,0.096296,0.988600,0.998074,2.770239,,,,,,,,GLOBAL_BASELINE_NO_ENTITY_RANKING,,,NOT_APPLICABLE_GLOBAL_BASELINE,HF9g-P5,,,,X 全窗基线 · 不参与实体赏罚,3920203,393,A168_HF9F_20260827_0900,2026-08-27 09:00:00
2026-08-04,124529568,1157,0,14.1425569742,-14.1425569742,-14.1425569742,0E-7,3,2,0.45514471250063734,0.403638725000,-1.2925553923824196,-1.1634740288448888,-1.2925553923824196,0.05150598750063734,ELIGIBLE,R03b_20260811_FULL_v1,L1_ELIGIBILITY,v2026-08-11,2026-03-21..2026-08-06,baccarat_bet02_101_all_pairs_incl_sentinel,round_win = game_pnl > 0 (decisive only),COMPATIBILITY_ONLY_NOT_PRODUCTION,7577.8122,7014.9497,-62.4939,2026,978,0.00824695,0.04452942,-0.17025085,0.00824695,62.4939,7577.8122,OK,0.0000,-2.4998,4.0000,96.0000,AG03-UNRESOLVED,ALL5_LEVELS_bet23_to_bet27,-2.4998,-2.4998,-2.8122,-2.8122,-2.8122,4.000000,4.000000,4.500000,4.500000,4.500000,96.000000,96.000000,95.500000,95.500000,95.500000,5.0,-13.4362,-12.3301,-49.0577,-50.1638,PENDING_AG03,FALSE,NOT_FOR_ENFORCEMENT,-59.9941,6734.3517,-62.4939,-59.9941,-2.4998,-0.00824695,-0.00791708,-2.4998,-59.9941,-0.00791708,-2.4998,-2.4998,-2.8122,-2.8122,-2.8122,-59.9941,-0.00791708,-13.4362,-12.3301,-49.0577,-50.1638,-0.00647386,-0.00661982,-0.00032988,3.7403,7.1728,-0.0639,-4.8072,-0.3019,582.9086,75.2308,3.7331,3.7761,2.0439,2.0439,6.0611,6.3247,8.1756,8.1756,2.0439,-2.0439,4.0,4.0,1.829971,29,100,9,5,0.83107169,-0.00824695,-0.04452942,0E-8,0.000000,0.925722,0.000000,0.21478027,2026-03-23,2026-08-04,13,207,137,135,0.096296,0.988600,0.998074,2.770239,,,,,,,,GLOBAL_BASELINE_NO_ENTITY_RANKING,,,NOT_APPLICABLE_GLOBAL_BASELINE,HF9g-P5,,,,X 全窗基线 · 不参与实体赏罚,3920204,393,A168_HF9F_20260827_0900,2026-08-27 09:00:00
2026-08-04,124529568,1330,0,10.1018264101,-10.1018264101,-10.1018264101,0E-7,3,1,0.33784824000167101,0.225313266667,-0.7143023214232705,-0.5392998788872835,-0.7143023214232705,0.11253497333467101,ELIGIBLE,R03b_20260811_FULL_v1,L1_ELIGIBILITY,v2026-08-11,2026-03-21..2026-08-06,baccarat_bet02_101_all_pairs_incl_sentinel,round_win = game_pnl > 0 (decisive only),COMPATIBILITY_ONLY_NOT_PRODUCTION,7577.8122,7014.9497,-62.4939,2026,978,0.00824695,0.04452942,-0.17025085,0.00824695,62.4939,7577.8122,OK,0.0000,-2.4998,4.0000,96.0000,AG03-UNRESOLVED,ALL5_LEVELS_bet23_to_bet27,-2.4998,-2.4998,-2.8122,-2.8122,-2.8122,4.000000,4.000000,4.500000,4.500000,4.500000,96.000000,96.000000,95.500000,95.500000,95.500000,5.0,-13.4362,-12.3301,-49.0577,-50.1638,PENDING_AG03,FALSE,NOT_FOR_ENFORCEMENT,-59.9941,6734.3517,-62.4939,-59.9941,-2.4998,-0.00824695,-0.00791708,-2.4998,-59.9941,-0.00791708,-2.4998,-2.4998,-2.8122,-2.8122,-2.8122,-59.9941,-0.00791708,-13.4362,-12.3301,-49.0577,-50.1638,-0.00647386,-0.00661982,-0.00032988,3.7403,7.1728,-0.0639,-4.8072,-0.3019,582.9086,75.2308,3.7331,3.7761,2.0439,2.0439,6.0611,6.3247,8.1756,8.1756,2.0439,-2.0439,4.0,4.0,1.829971,29,100,9,5,0.83107169,-0.00824695,-0.04452942,0E-8,0.000000,0.925722,0.000000,0.21478027,2026-03-23,2026-08-04,13,207,137,135,0.096296,0.988600,0.998074,2.770239,,,,,,,,GLOBAL_BASELINE_NO_ENTITY_RANKING,,,NOT_APPLICABLE_GLOBAL_BASELINE,HF9g-P5,,,,X 全窗基线 · 不参与实体赏罚,3920205,393,A168_HF9F_20260827_0900,2026-08-27 09:00:00
2026-08-04,124529568,1353,0,6.0610958461,-6.0610958461,-6.0610958461,0E-7,2,1,0.36930140000226608,0.300626750000,-0.7652080735674305,-0.655630731788307,-0.7652080735674305,0.06867465000226608,ELIGIBLE,R03b_20260811_FULL_v1,L1_ELIGIBILITY,v2026-08-11,2026-03-21..2026-08-06,baccarat_bet02_101_all_pairs_incl_sentinel,round_win = game_pnl > 0 (decisive only),COMPATIBILITY_ONLY_NOT_PRODUCTION,7577.8122,7014.9497,-62.4939,2026,978,0.00824695,0.04452942,-0.17025085,0.00824695,62.4939,7577.8122,OK,0.0000,-2.4998,4.0000,96.0000,AG03-UNRESOLVED,ALL5_LEVELS_bet23_to_bet27,-2.4998,-2.4998,-2.8122,-2.8122,-2.8122,4.000000,4.000000,4.500000,4.500000,4.500000,96.000000,96.000000,95.500000,95.500000,95.500000,5.0,-13.4362,-12.3301,-49.0577,-50.1638,PENDING_AG03,FALSE,NOT_FOR_ENFORCEMENT,-59.9941,6734.3517,-62.4939,-59.9941,-2.4998,-0.00824695,-0.00791708,-2.4998,-59.9941,-0.00791708,-2.4998,-2.4998,-2.8122,-2.8122,-2.8122,-59.9941,-0.00791708,-13.4362,-12.3301,-49.0577,-50.1638,-0.00647386,-0.00661982,-0.00032988,3.7403,7.1728,-0.0639,-4.8072,-0.3019,582.9086,75.2308,3.7331,3.7761,2.0439,2.0439,6.0611,6.3247,8.1756,8.1756,2.0439,-2.0439,4.0,4.0,1.829971,29,100,9,5,0.83107169,-0.00824695,-0.04452942,0E-8,0.000000,0.925722,0.000000,0.21478027,2026-03-23,2026-08-04,13,207,137,135,0.096296,0.988600,0.998074,2.770239,,,,,,,,GLOBAL_BASELINE_NO_ENTITY_RANKING,,,NOT_APPLICABLE_GLOBAL_BASELINE,HF9g-P5,,,,X 全窗基线 · 不参与实体赏罚,3920206,393,A168_HF9F_20260827_0900,2026-08-27 09:00:00
2026-08-04,124529568,1363,0,10.1018264101,1.7173104898,1.7173104898,0.5000000,3,2,0.24912076250063734,0.197614775000,0.8203321050318128,1.0739260998517046,0.8203321050318128,0.05150598750063734,ELIGIBLE,R03b_20260811_FULL_v1,L1_ELIGIBILITY,v2026-08-11,2026-03-21..2026-08-06,baccarat_bet02_101_all_pairs_incl_sentinel,round_win = game_pnl > 0 (decisive only),COMPATIBILITY_ONLY_NOT_PRODUCTION,7577.8122,7014.9497,-62.4939,2026,978,0.00824695,0.04452942,-0.17025085,0.00824695,62.4939,7577.8122,OK,0.0000,-2.4998,4.0000,96.0000,AG03-UNRESOLVED,ALL5_LEVELS_bet23_to_bet27,-2.4998,-2.4998,-2.8122,-2.8122,-2.8122,4.000000,4.000000,4.500000,4.500000,4.500000,96.000000,96.000000,95.500000,95.500000,95.500000,5.0,-13.4362,-12.3301,-49.0577,-50.1638,PENDING_AG03,FALSE,NOT_FOR_ENFORCEMENT,-59.9941,6734.3517,-62.4939,-59.9941,-2.4998,-0.00824695,-0.00791708,-2.4998,-59.9941,-0.00791708,-2.4998,-2.4998,-2.8122,-2.8122,-2.8122,-59.9941,-0.00791708,-13.4362,-12.3301,-49.0577,-50.1638,-0.00647386,-0.00661982,-0.00032988,3.7403,7.1728,-0.0639,-4.8072,-0.3019,582.9086,75.2308,3.7331,3.7761,2.0439,2.0439,6.0611,6.3247,8.1756,8.1756,2.0439,-2.0439,4.0,4.0,1.829971,29,100,9,5,0.83107169,-0.00824695,-0.04452942,0E-8,0.000000,0.925722,0.000000,0.21478027,2026-03-23,2026-08-04,13,207,137,135,0.096296,0.988600,0.998074,2.770239,,,,,,,,GLOBAL_BASELINE_NO_ENTITY_RANKING,,,NOT_APPLICABLE_GLOBAL_BASELINE,HF9g-P5,,,,X 全窗基线 · 不参与实体赏罚,3920207,393,A168_HF9F_20260827_0900,2026-08-27 09:00:00
2026-08-04,124529568,1385,0,34.3462097946,-8.5865524486,-8.5865524486,0.4000000,7,6,0.48152495000037768,0.470079175000,-0.3648398048921656,-0.31396626261007454,-0.3648398048921656,0.01144577500037768,ELIGIBLE,R03b_20260811_FULL_v1,L1_ELIGIBILITY,v2026-08-11,2026-03-21..2026-08-06,baccarat_bet02_101_all_pairs_incl_sentinel,round_win = game_pnl > 0 (decisive only),COMPATIBILITY_ONLY_NOT_PRODUCTION,7577.8122,7014.9497,-62.4939,2026,978,0.00824695,0.04452942,-0.17025085,0.00824695,62.4939,7577.8122,OK,0.0000,-2.4998,4.0000,96.0000,AG03-UNRESOLVED,ALL5_LEVELS_bet23_to_bet27,-2.4998,-2.4998,-2.8122,-2.8122,-2.8122,4.000000,4.000000,4.500000,4.500000,4.500000,96.000000,96.000000,95.500000,95.500000,95.500000,5.0,-13.4362,-12.3301,-49.0577,-50.1638,PENDING_AG03,FALSE,NOT_FOR_ENFORCEMENT,-59.9941,6734.3517,-62.4939,-59.9941,-2.4998,-0.00824695,-0.00791708,-2.4998,-59.9941,-0.00791708,-2.4998,-2.4998,-2.8122,-2.8122,-2.8122,-59.9941,-0.00791708,-13.4362,-12.3301,-49.0577,-50.1638,-0.00647386,-0.00661982,-0.00032988,3.7403,7.1728,-0.0639,-4.8072,-0.3019,582.9086,75.2308,3.7331,3.7761,2.0439,2.0439,6.0611,6.3247,8.1756,8.1756,2.0439,-2.0439,4.0,4.0,1.829971,29,100,9,5,0.83107169,-0.00824695,-0.04452942,0E-8,0.000000,0.925722,0.000000,0.21478027,2026-03-23,2026-08-04,13,207,137,135,0.096296,0.988600,0.998074,2.770239,,,,,,,,GLOBAL_BASELINE_NO_ENTITY_RANKING,,,NOT_APPLICABLE_GLOBAL_BASELINE,HF9g-P5,,,,X 全窗基线 · 不参与实体赏罚,3920208,393,A168_HF9F_20260827_0900,2026-08-27 09:00:00
2026-08-04,124529568,1400,0,30.3054792305,1.8183287539,1.8183287539,0.5000000,8,4,0.40498782708479729,0.327466516667,0.38710192940956595,0.73529731552155,0.38710192940956595,0.07752131041779729,ELIGIBLE,R03b_20260811_FULL_v1,L1_ELIGIBILITY,v2026-08-11,2026-03-21..2026-08-06,baccarat_bet02_101_all_pairs_incl_sentinel,round_win = game_pnl > 0 (decisive only),COMPATIBILITY_ONLY_NOT_PRODUCTION,7577.8122,7014.9497,-62.4939,2026,978,0.00824695,0.04452942,-0.17025085,0.00824695,62.4939,7577.8122,OK,0.0000,-2.4998,4.0000,96.0000,AG03-UNRESOLVED,ALL5_LEVELS_bet23_to_bet27,-2.4998,-2.4998,-2.8122,-2.8122,-2.8122,4.000000,4.000000,4.500000,4.500000,4.500000,96.000000,96.000000,95.500000,95.500000,95.500000,5.0,-13.4362,-12.3301,-49.0577,-50.1638,PENDING_AG03,FALSE,NOT_FOR_ENFORCEMENT,-59.9941,6734.3517,-62.4939,-59.9941,-2.4998,-0.00824695,-0.00791708,-2.4998,-59.9941,-0.00791708,-2.4998,-2.4998,-2.8122,-2.8122,-2.8122,-59.9941,-0.00791708,-13.4362,-12.3301,-49.0577,-50.1638,-0.00647386,-0.00661982,-0.00032988,3.7403,7.1728,-0.0639,-4.8072,-0.3019,582.9086,75.2308,3.7331,3.7761,2.0439,2.0439,6.0611,6.3247,8.1756,8.1756,2.0439,-2.0439,4.0,4.0,1.829971,29,100,9,5,0.83107169,-0.00824695,-0.04452942,0E-8,0.000000,0.925722,0.000000,0.21478027,2026-03-23,2026-08-04,13,207,137,135,0.096296,0.988600,0.998074,2.770239,,,,,,,,GLOBAL_BASELINE_NO_ENTITY_RANKING,,,NOT_APPLICABLE_GLOBAL_BASELINE,HF9g-P5,,,,X 全窗基线 · 不参与实体赏罚,3920209,393,A168_HF9F_20260827_0900,2026-08-27 09:00:00
2026-08-04,124529568,1505,0,171.7310489724,30.7095522879,30.7095522879,0.6666667,42,21,0.41377207587396153,0.342708203968,2.3530727133603655,3.1279342856752006,2.3530727133603655,0.07106387190596153,ELIGIBLE,R03b_20260811_FULL_v1,L1_ELIGIBILITY,v2026-08-11,2026-03-21..2026-08-06,baccarat_bet02_101_all_pairs_incl_sentinel,round_win = game_pnl > 0 (decisive only),COMPATIBILITY_ONLY_NOT_PRODUCTION,7577.8122,7014.9497,-62.4939,2026,978,0.00824695,0.04452942,-0.17025085,0.00824695,62.4939,7577.8122,OK,0.0000,-2.4998,4.0000,96.0000,AG03-UNRESOLVED,ALL5_LEVELS_bet23_to_bet27,-2.4998,-2.4998,-2.8122,-2.8122,-2.8122,4.000000,4.000000,4.500000,4.500000,4.500000,96.000000,96.000000,95.500000,95.500000,95.500000,5.0,-13.4362,-12.3301,-49.0577,-50.1638,PENDING_AG03,FALSE,NOT_FOR_ENFORCEMENT,-59.9941,6734.3517,-62.4939,-59.9941,-2.4998,-0.00824695,-0.00791708,-2.4998,-59.9941,-0.00791708,-2.4998,-2.4998,-2.8122,-2.8122,-2.8122,-59.9941,-0.00791708,-13.4362,-12.3301,-49.0577,-50.1638,-0.00647386,-0.00661982,-0.00032988,3.7403,7.1728,-0.0639,-4.8072,-0.3019,582.9086,75.2308,3.7331,3.7761,2.0439,2.0439,6.0611,6.3247,8.1756,8.1756,2.0439,-2.0439,4.0,4.0,1.829971,29,100,9,5,0.83107169,-0.00824695,-0.04452942,0E-8,0.000000,0.925722,0.000000,0.21478027,2026-03-23,2026-08-04,13,207,137,135,0.096296,0.988600,0.998074,2.770239,,,,,,,,GLOBAL_BASELINE_NO_ENTITY_RANKING,,,NOT_APPLICABLE_GLOBAL_BASELINE,HF9g-P5,,,,X 全窗基线 · 不参与实体赏罚,3920210,393,A168_HF9F_20260827_0900,2026-08-27 09:00:00
2026-08-04,124529568,1645,0,84.8553418449,68.0863100052,68.0863100052,0.6666667,25,12,0.30797788857246694,0.235349051389,2.691464515357368,3.5220861655078273,2.691464515357368,0.07262883718346694,ELIGIBLE,R03b_20260811_FULL_v1,L1_ELIGIBILITY,v2026-08-11,2026-03-21..2026-08-06,baccarat_bet02_101_all_pairs_incl_sentinel,round_win = game_pnl > 0 (decisive only),COMPATIBILITY_ONLY_NOT_PRODUCTION,7577.8122,7014.9497,-62.4939,2026,978,0.00824695,0.04452942,-0.17025085,0.00824695,62.4939,7577.8122,OK,0.0000,-2.4998,4.0000,96.0000,AG03-UNRESOLVED,ALL5_LEVELS_bet23_to_bet27,-2.4998,-2.4998,-2.8122,-2.8122,-2.8122,4.000000,4.000000,4.500000,4.500000,4.500000,96.000000,96.000000,95.500000,95.500000,95.500000,5.0,-13.4362,-12.3301,-49.0577,-50.1638,PENDING_AG03,FALSE,NOT_FOR_ENFORCEMENT,-59.9941,6734.3517,-62.4939,-59.9941,-2.4998,-0.00824695,-0.00791708,-2.4998,-59.9941,-0.00791708,-2.4998,-2.4998,-2.8122,-2.8122,-2.8122,-59.9941,-0.00791708,-13.4362,-12.3301,-49.0577,-50.1638,-0.00647386,-0.00661982,-0.00032988,3.7403,7.1728,-0.0639,-4.8072,-0.3019,582.9086,75.2308,3.7331,3.7761,2.0439,2.0439,6.0611,6.3247,8.1756,8.1756,2.0439,-2.0439,4.0,4.0,1.829971,29,100,9,5,0.83107169,-0.00824695,-0.04452942,0E-8,0.000000,0.925722,0.000000,0.21478027,2026-03-23,2026-08-04,13,207,137,135,0.096296,0.988600,0.998074,2.770239,,,,,,,,GLOBAL_BASELINE_NO_ENTITY_RANKING,,,NOT_APPLICABLE_GLOBAL_BASELINE,HF9g-P5,,,,X 全窗基线 · 不参与实体赏罚,3920211,393,A168_HF9F_20260827_0900,2026-08-27 09:00:00
2026-08-04,124529568,1956,0,88.8960724090,19.4965249723,19.4965249723,0.4117647,28,17,0.27203227353024317,0.223850483333,1.2946590191339031,1.8587988636608574,1.2946590191339031,0.04818179019724317,ELIGIBLE,R03b_20260811_FULL_v1,L1_ELIGIBILITY,v2026-08-11,2026-03-21..2026-08-06,baccarat_bet02_101_all_pairs_incl_sentinel,round_win = game_pnl > 0 (decisive only),COMPATIBILITY_ONLY_NOT_PRODUCTION,7577.8122,7014.9497,-62.4939,2026,978,0.00824695,0.04452942,-0.17025085,0.00824695,62.4939,7577.8122,OK,0.0000,-2.4998,4.0000,96.0000,AG03-UNRESOLVED,ALL5_LEVELS_bet23_to_bet27,-2.4998,-2.4998,-2.8122,-2.8122,-2.8122,4.000000,4.000000,4.500000,4.500000,4.500000,96.000000,96.000000,95.500000,95.500000,95.500000,5.0,-13.4362,-12.3301,-49.0577,-50.1638,PENDING_AG03,FALSE,NOT_FOR_ENFORCEMENT,-59.9941,6734.3517,-62.4939,-59.9941,-2.4998,-0.00824695,-0.00791708,-2.4998,-59.9941,-0.00791708,-2.4998,-2.4998,-2.8122,-2.8122,-2.8122,-59.9941,-0.00791708,-13.4362,-12.3301,-49.0577,-50.1638,-0.00647386,-0.00661982,-0.00032988,3.7403,7.1728,-0.0639,-4.8072,-0.3019,582.9086,75.2308,3.7331,3.7761,2.0439,2.0439,6.0611,6.3247,8.1756,8.1756,2.0439,-2.0439,4.0,4.0,1.829971,29,100,9,5,0.83107169,-0.00824695,-0.04452942,0E-8,0.000000,0.925722,0.000000,0.21478027,2026-03-23,2026-08-04,13,207,137,135,0.096296,0.988600,0.998074,2.770239,,,,,,,,GLOBAL_BASELINE_NO_ENTITY_RANKING,,,NOT_APPLICABLE_GLOBAL_BASELINE,HF9g-P5,,,,X 全窗基线 · 不参与实体赏罚,3920212,393,A168_HF9F_20260827_0900,2026-08-27 09:00:00
2026-08-04,124529568,1985,0,64.6516890248,-12.8293195404,-12.8293195404,0.4000000,20,10,0.28280929883469954,0.215555260000,0.8228657481460344,1.418423063921883,0.8228657481460344,0.06725403883469954,ELIGIBLE,R03b_20260811_FULL_v1,L1_ELIGIBILITY,v2026-08-11,2026-03-21..2026-08-06,baccarat_bet02_101_all_pairs_incl_sentinel,round_win = game_pnl > 0 (decisive only),COMPATIBILITY_ONLY_NOT_PRODUCTION,7577.8122,7014.9497,-62.4939,2026,978,0.00824695,0.04452942,-0.17025085,0.00824695,62.4939,7577.8122,OK,0.0000,-2.4998,4.0000,96.0000,AG03-UNRESOLVED,ALL5_LEVELS_bet23_to_bet27,-2.4998,-2.4998,-2.8122,-2.8122,-2.8122,4.000000,4.000000,4.500000,4.500000,4.500000,96.000000,96.000000,95.500000,95.500000,95.500000,5.0,-13.4362,-12.3301,-49.0577,-50.1638,PENDING_AG03,FALSE,NOT_FOR_ENFORCEMENT,-59.9941,6734.3517,-62.4939,-59.9941,-2.4998,-0.00824695,-0.00791708,-2.4998,-59.9941,-0.00791708,-2.4998,-2.4998,-2.8122,-2.8122,-2.8122,-59.9941,-0.00791708,-13.4362,-12.3301,-49.0577,-50.1638,-0.00647386,-0.00661982,-0.00032988,3.7403,7.1728,-0.0639,-4.8072,-0.3019,582.9086,75.2308,3.7331,3.7761,2.0439,2.0439,6.0611,6.3247,8.1756,8.1756,2.0439,-2.0439,4.0,4.0,1.829971,29,100,9,5,0.83107169,-0.00824695,-0.04452942,0E-8,0.000000,0.925722,0.000000,0.21478027,2026-03-23,2026-08-04,13,207,137,135,0.096296,0.988600,0.998074,2.770239,,,,,,,,GLOBAL_BASELINE_NO_ENTITY_RANKING,,,NOT_APPLICABLE_GLOBAL_BASELINE,HF9g-P5,,,,X 全窗基线 · 不参与实体赏罚,3920213,393,A168_HF9F_20260827_0900,2026-08-27 09:00:00
2026-08-04,124529568,2145,0,16.1629222562,-16.1629222562,-16.1629222562,0E-7,5,2,0.34508486000190515,0.257384508334,-1.0265625945035277,-0.8325765935527419,-1.0265625945035277,0.08770035166790515,ELIGIBLE,R03b_20260811_FULL_v1,L1_ELIGIBILITY,v2026-08-11,2026-03-21..2026-08-06,baccarat_bet02_101_all_pairs_incl_sentinel,round_win = game_pnl > 0 (decisive only),COMPATIBILITY_ONLY_NOT_PRODUCTION,7577.8122,7014.9497,-62.4939,2026,978,0.00824695,0.04452942,-0.17025085,0.00824695,62.4939,7577.8122,OK,0.0000,-2.4998,4.0000,96.0000,AG03-UNRESOLVED,ALL5_LEVELS_bet23_to_bet27,-2.4998,-2.4998,-2.8122,-2.8122,-2.8122,4.000000,4.000000,4.500000,4.500000,4.500000,96.000000,96.000000,95.500000,95.500000,95.500000,5.0,-13.4362,-12.3301,-49.0577,-50.1638,PENDING_AG03,FALSE,NOT_FOR_ENFORCEMENT,-59.9941,6734.3517,-62.4939,-59.9941,-2.4998,-0.00824695,-0.00791708,-2.4998,-59.9941,-0.00791708,-2.4998,-2.4998,-2.8122,-2.8122,-2.8122,-59.9941,-0.00791708,-13.4362,-12.3301,-49.0577,-50.1638,-0.00647386,-0.00661982,-0.00032988,3.7403,7.1728,-0.0639,-4.8072,-0.3019,582.9086,75.2308,3.7331,3.7761,2.0439,2.0439,6.0611,6.3247,8.1756,8.1756,2.0439,-2.0439,4.0,4.0,1.829971,29,100,9,5,0.83107169,-0.00824695,-0.04452942,0E-8,0.000000,0.925722,0.000000,0.21478027,2026-03-23,2026-08-04,13,207,137,135,0.096296,0.988600,0.998074,2.770239,,,,,,,,GLOBAL_BASELINE_NO_ENTITY_RANKING,,,NOT_APPLICABLE_GLOBAL_BASELINE,HF9g-P5,,,,X 全窗基线 · 不参与实体赏罚,3920214,393,A168_HF9F_20260827_0900,2026-08-27 09:00:00
2026-08-04,124529568,2171,0,40.4073056406,-20.7087441407,-20.7087441407,0.4000000,10,5,0.39956557900156621,0.298637510000,0.001983211293438991,0.4952435489595801,0.001983211293438991,0.10092806900156621,ELIGIBLE,R03b_20260811_FULL_v1,L1_ELIGIBILITY,v2026-08-11,2026-03-21..2026-08-06,baccarat_bet02_101_all_pairs_incl_sentinel,round_win = game_pnl > 0 (decisive only),COMPATIBILITY_ONLY_NOT_PRODUCTION,7577.8122,7014.9497,-62.4939,2026,978,0.00824695,0.04452942,-0.17025085,0.00824695,62.4939,7577.8122,OK,0.0000,-2.4998,4.0000,96.0000,AG03-UNRESOLVED,ALL5_LEVELS_bet23_to_bet27,-2.4998,-2.4998,-2.8122,-2.8122,-2.8122,4.000000,4.000000,4.500000,4.500000,4.500000,96.000000,96.000000,95.500000,95.500000,95.500000,5.0,-13.4362,-12.3301,-49.0577,-50.1638,PENDING_AG03,FALSE,NOT_FOR_ENFORCEMENT,-59.9941,6734.3517,-62.4939,-59.9941,-2.4998,-0.00824695,-0.00791708,-2.4998,-59.9941,-0.00791708,-2.4998,-2.4998,-2.8122,-2.8122,-2.8122,-59.9941,-0.00791708,-13.4362,-12.3301,-49.0577,-50.1638,-0.00647386,-0.00661982,-0.00032988,3.7403,7.1728,-0.0639,-4.8072,-0.3019,582.9086,75.2308,3.7331,3.7761,2.0439,2.0439,6.0611,6.3247,8.1756,8.1756,2.0439,-2.0439,4.0,4.0,1.829971,29,100,9,5,0.83107169,-0.00824695,-0.04452942,0E-8,0.000000,0.925722,0.000000,0.21478027,2026-03-23,2026-08-04,13,207,137,135,0.096296,0.988600,0.998074,2.770239,,,,,,,,GLOBAL_BASELINE_NO_ENTITY_RANKING,,,NOT_APPLICABLE_GLOBAL_BASELINE,HF9g-P5,,,,X 全窗基线 · 不参与实体赏罚,3920215,393,A168_HF9F_20260827_0900,2026-08-27 09:00:00
2026-08-04,124529568,2201,0,58.5905931787,-17.0720866329,-17.0720866329,0.5000000,16,7,0.34063196404884883,0.257591621429,0.8237021531907759,1.3578004653079039,0.8237021531907759,0.08304034261984883,ELIGIBLE,R03b_20260811_FULL_v1,L1_ELIGIBILITY,v2026-08-11,2026-03-21..2026-08-06,baccarat_bet02_101_all_pairs_incl_sentinel,round_win = game_pnl > 0 (decisive only),COMPATIBILITY_ONLY_NOT_PRODUCTION,7577.8122,7014.9497,-62.4939,2026,978,0.00824695,0.04452942,-0.17025085,0.00824695,62.4939,7577.8122,OK,0.0000,-2.4998,4.0000,96.0000,AG03-UNRESOLVED,ALL5_LEVELS_bet23_to_bet27,-2.4998,-2.4998,-2.8122,-2.8122,-2.8122,4.000000,4.000000,4.500000,4.500000,4.500000,96.000000,96.000000,95.500000,95.500000,95.500000,5.0,-13.4362,-12.3301,-49.0577,-50.1638,PENDING_AG03,FALSE,NOT_FOR_ENFORCEMENT,-59.9941,6734.3517,-62.4939,-59.9941,-2.4998,-0.00824695,-0.00791708,-2.4998,-59.9941,-0.00791708,-2.4998,-2.4998,-2.8122,-2.8122,-2.8122,-59.9941,-0.00791708,-13.4362,-12.3301,-49.0577,-50.1638,-0.00647386,-0.00661982,-0.00032988,3.7403,7.1728,-0.0639,-4.8072,-0.3019,582.9086,75.2308,3.7331,3.7761,2.0439,2.0439,6.0611,6.3247,8.1756,8.1756,2.0439,-2.0439,4.0,4.0,1.829971,29,100,9,5,0.83107169,-0.00824695,-0.04452942,0E-8,0.000000,0.925722,0.000000,0.21478027,2026-03-23,2026-08-04,13,207,137,135,0.096296,0.988600,0.998074,2.770239,,,,,,,,GLOBAL_BASELINE_NO_ENTITY_RANKING,,,NOT_APPLICABLE_GLOBAL_BASELINE,HF9g-P5,,,,X 全窗基线 · 不参与实体赏罚,3920216,393,A168_HF9F_20260827_0900,2026-08-27 09:00:00
2026-08-04,124529568,2205,0,155.5681267163,26.9718765158,26.9718765158,0.5882353,40,18,0.39284970120528519,0.296868484259,1.6495127533928415,2.6294457194322813,1.6495127533928415,0.09598121694628519,ELIGIBLE,R03b_20260811_FULL_v1,L1_ELIGIBILITY,v2026-08-11,2026-03-21..2026-08-06,baccarat_bet02_101_all_pairs_incl_sentinel,round_win = game_pnl > 0 (decisive only),COMPATIBILITY_ONLY_NOT_PRODUCTION,7577.8122,7014.9497,-62.4939,2026,978,0.00824695,0.04452942,-0.17025085,0.00824695,62.4939,7577.8122,OK,0.0000,-2.4998,4.0000,96.0000,AG03-UNRESOLVED,ALL5_LEVELS_bet23_to_bet27,-2.4998,-2.4998,-2.8122,-2.8122,-2.8122,4.000000,4.000000,4.500000,4.500000,4.500000,96.000000,96.000000,95.500000,95.500000,95.500000,5.0,-13.4362,-12.3301,-49.0577,-50.1638,PENDING_AG03,FALSE,NOT_FOR_ENFORCEMENT,-59.9941,6734.3517,-62.4939,-59.9941,-2.4998,-0.00824695,-0.00791708,-2.4998,-59.9941,-0.00791708,-2.4998,-2.4998,-2.8122,-2.8122,-2.8122,-59.9941,-0.00791708,-13.4362,-12.3301,-49.0577,-50.1638,-0.00647386,-0.00661982,-0.00032988,3.7403,7.1728,-0.0639,-4.8072,-0.3019,582.9086,75.2308,3.7331,3.7761,2.0439,2.0439,6.0611,6.3247,8.1756,8.1756,2.0439,-2.0439,4.0,4.0,1.829971,29,100,9,5,0.83107169,-0.00824695,-0.04452942,0E-8,0.000000,0.925722,0.000000,0.21478027,2026-03-23,2026-08-04,13,207,137,135,0.096296,0.988600,0.998074,2.770239,,,,,,,,GLOBAL_BASELINE_NO_ENTITY_RANKING,,,NOT_APPLICABLE_GLOBAL_BASELINE,HF9g-P5,,,,X 全窗基线 · 不参与实体赏罚,3920217,393,A168_HF9F_20260827_0900,2026-08-27 09:00:00
2026-08-04,124529568,2212,0,123.2422822040,21.3148537261,21.3148537261,0.6250000,29,17,0.39339054568727595,0.326163407843,1.8964863802479288,2.5497573527318473,1.8964863802479288,0.06722713784427595,ELIGIBLE,R03b_20260811_FULL_v1,L1_ELIGIBILITY,v2026-08-11,2026-03-21..2026-08-06,baccarat_bet02_101_all_pairs_incl_sentinel,round_win = game_pnl > 0 (decisive only),COMPATIBILITY_ONLY_NOT_PRODUCTION,7577.8122,7014.9497,-62.4939,2026,978,0.00824695,0.04452942,-0.17025085,0.00824695,62.4939,7577.8122,OK,0.0000,-2.4998,4.0000,96.0000,AG03-UNRESOLVED,ALL5_LEVELS_bet23_to_bet27,-2.4998,-2.4998,-2.8122,-2.8122,-2.8122,4.000000,4.000000,4.500000,4.500000,4.500000,96.000000,96.000000,95.500000,95.500000,95.500000,5.0,-13.4362,-12.3301,-49.0577,-50.1638,PENDING_AG03,FALSE,NOT_FOR_ENFORCEMENT,-59.9941,6734.3517,-62.4939,-59.9941,-2.4998,-0.00824695,-0.00791708,-2.4998,-59.9941,-0.00791708,-2.4998,-2.4998,-2.8122,-2.8122,-2.8122,-59.9941,-0.00791708,-13.4362,-12.3301,-49.0577,-50.1638,-0.00647386,-0.00661982,-0.00032988,3.7403,7.1728,-0.0639,-4.8072,-0.3019,582.9086,75.2308,3.7331,3.7761,2.0439,2.0439,6.0611,6.3247,8.1756,8.1756,2.0439,-2.0439,4.0,4.0,1.829971,29,100,9,5,0.83107169,-0.00824695,-0.04452942,0E-8,0.000000,0.925722,0.000000,0.21478027,2026-03-23,2026-08-04,13,207,137,135,0.096296,0.988600,0.998074,2.770239,,,,,,,,GLOBAL_BASELINE_NO_ENTITY_RANKING,,,NOT_APPLICABLE_GLOBAL_BASELINE,HF9g-P5,,,,X 全窗基线 · 不参与实体赏罚,3920218,393,A168_HF9F_20260827_0900,2026-08-27 09:00:00
2026-08-04,124529568,2218,0,34.3462097945,5.3539679976,5.3539679976,0.7500000,8,4,0.40841984250103145,0.330511616667,1.3898323430745612,1.7835490076656695,1.3898323430745612,0.07790822583403145,ELIGIBLE,R03b_20260811_FULL_v1,L1_ELIGIBILITY,v2026-08-11,2026-03-21..2026-08-06,baccarat_bet02_101_all_pairs_incl_sentinel,round_win = game_pnl > 0 (decisive only),COMPATIBILITY_ONLY_NOT_PRODUCTION,7577.8122,7014.9497,-62.4939,2026,978,0.00824695,0.04452942,-0.17025085,0.00824695,62.4939,7577.8122,OK,0.0000,-2.4998,4.0000,96.0000,AG03-UNRESOLVED,ALL5_LEVELS_bet23_to_bet27,-2.4998,-2.4998,-2.8122,-2.8122,-2.8122,4.000000,4.000000,4.500000,4.500000,4.500000,96.000000,96.000000,95.500000,95.500000,95.500000,5.0,-13.4362,-12.3301,-49.0577,-50.1638,PENDING_AG03,FALSE,NOT_FOR_ENFORCEMENT,-59.9941,6734.3517,-62.4939,-59.9941,-2.4998,-0.00824695,-0.00791708,-2.4998,-59.9941,-0.00791708,-2.4998,-2.4998,-2.8122,-2.8122,-2.8122,-59.9941,-0.00791708,-13.4362,-12.3301,-49.0577,-50.1638,-0.00647386,-0.00661982,-0.00032988,3.7403,7.1728,-0.0639,-4.8072,-0.3019,582.9086,75.2308,3.7331,3.7761,2.0439,2.0439,6.0611,6.3247,8.1756,8.1756,2.0439,-2.0439,4.0,4.0,1.829971,29,100,9,5,0.83107169,-0.00824695,-0.04452942,0E-8,0.000000,0.925722,0.000000,0.21478027,2026-03-23,2026-08-04,13,207,137,135,0.096296,0.988600,0.998074,2.770239,,,,,,,,GLOBAL_BASELINE_NO_ENTITY_RANKING,,,NOT_APPLICABLE_GLOBAL_BASELINE,HF9g-P5,,,,X 全窗基线 · 不参与实体赏罚,3920219,393,A168_HF9F_20260827_0900,2026-08-27 09:00:00
2026-08-04,124529568,2222,0,90.9164376914,-20.9107806686,-20.9107806686,0.5000000,24,10,0.37931714483521393,0.282234293333,0.7865194471364841,1.530006392639271,0.7865194471364841,0.09708285150221393,ELIGIBLE,R03b_20260811_FULL_v1,L1_ELIGIBILITY,v2026-08-11,2026-03-21..2026-08-06,baccarat_bet02_101_all_pairs_incl_sentinel,round_win = game_pnl > 0 (decisive only),COMPATIBILITY_ONLY_NOT_PRODUCTION,7577.8122,7014.9497,-62.4939,2026,978,0.00824695,0.04452942,-0.17025085,0.00824695,62.4939,7577.8122,OK,0.0000,-2.4998,4.0000,96.0000,AG03-UNRESOLVED,ALL5_LEVELS_bet23_to_bet27,-2.4998,-2.4998,-2.8122,-2.8122,-2.8122,4.000000,4.000000,4.500000,4.500000,4.500000,96.000000,96.000000,95.500000,95.500000,95.500000,5.0,-13.4362,-12.3301,-49.0577,-50.1638,PENDING_AG03,FALSE,NOT_FOR_ENFORCEMENT,-59.9941,6734.3517,-62.4939,-59.9941,-2.4998,-0.00824695,-0.00791708,-2.4998,-59.9941,-0.00791708,-2.4998,-2.4998,-2.8122,-2.8122,-2.8122,-59.9941,-0.00791708,-13.4362,-12.3301,-49.0577,-50.1638,-0.00647386,-0.00661982,-0.00032988,3.7403,7.1728,-0.0639,-4.8072,-0.3019,582.9086,75.2308,3.7331,3.7761,2.0439,2.0439,6.0611,6.3247,8.1756,8.1756,2.0439,-2.0439,4.0,4.0,1.829971,29,100,9,5,0.83107169,-0.00824695,-0.04452942,0E-8,0.000000,0.925722,0.000000,0.21478027,2026-03-23,2026-08-04,13,207,137,135,0.096296,0.988600,0.998074,2.770239,,,,,,,,GLOBAL_BASELINE_NO_ENTITY_RANKING,,,NOT_APPLICABLE_GLOBAL_BASELINE,HF9g-P5,,,,X 全窗基线 · 不参与实体赏罚,3920220,393,A168_HF9F_20260827_0900,2026-08-27 09:00:00
2026-08-04,124529568,2223,0,78.7942459991,11.2130273156,11.2130273156,0.6363636,23,11,0.38053917772891881,0.302210715152,1.7475587957889487,2.413373431479157,1.7475587957889487,0.07832846257691881,ELIGIBLE,R03b_20260811_FULL_v1,L1_ELIGIBILITY,v2026-08-11,2026-03-21..2026-08-06,baccarat_bet02_101_all_pairs_incl_sentinel,round_win = game_pnl > 0 (decisive only),COMPATIBILITY_ONLY_NOT_PRODUCTION,7577.8122,7014.9497,-62.4939,2026,978,0.00824695,0.04452942,-0.17025085,0.00824695,62.4939,7577.8122,OK,0.0000,-2.4998,4.0000,96.0000,AG03-UNRESOLVED,ALL5_LEVELS_bet23_to_bet27,-2.4998,-2.4998,-2.8122,-2.8122,-2.8122,4.000000,4.000000,4.500000,4.500000,4.500000,96.000000,96.000000,95.500000,95.500000,95.500000,5.0,-13.4362,-12.3301,-49.0577,-50.1638,PENDING_AG03,FALSE,NOT_FOR_ENFORCEMENT,-59.9941,6734.3517,-62.4939,-59.9941,-2.4998,-0.00824695,-0.00791708,-2.4998,-59.9941,-0.00791708,-2.4998,-2.4998,-2.8122,-2.8122,-2.8122,-59.9941,-0.00791708,-13.4362,-12.3301,-49.0577,-50.1638,-0.00647386,-0.00661982,-0.00032988,3.7403,7.1728,-0.0639,-4.8072,-0.3019,582.9086,75.2308,3.7331,3.7761,2.0439,2.0439,6.0611,6.3247,8.1756,8.1756,2.0439,-2.0439,4.0,4.0,1.829971,29,100,9,5,0.83107169,-0.00824695,-0.04452942,0E-8,0.000000,0.925722,0.000000,0.21478027,2026-03-23,2026-08-04,13,207,137,135,0.096296,0.988600,0.998074,2.770239,,,,,,,,GLOBAL_BASELINE_NO_ENTITY_RANKING,,,NOT_APPLICABLE_GLOBAL_BASELINE,HF9g-P5,,,,X 全窗基线 · 不参与实体赏罚,3920221,393,A168_HF9F_20260827_0900,2026-08-27 09:00:00
2026-08-04,124529568,2235,0,68.6924195890,4E-10,4E-10,0.5714286,17,7,0.37818739512030666,0.285859847619,1.0543029139283795,1.6722120777067295,1.0543029139283795,0.09232754750130666,ELIGIBLE,R03b_20260811_FULL_v1,L1_ELIGIBILITY,v2026-08-11,2026-03-21..2026-08-06,baccarat_bet02_101_all_pairs_incl_sentinel,round_win = game_pnl > 0 (decisive only),COMPATIBILITY_ONLY_NOT_PRODUCTION,7577.8122,7014.9497,-62.4939,2026,978,0.00824695,0.04452942,-0.17025085,0.00824695,62.4939,7577.8122,OK,0.0000,-2.4998,4.0000,96.0000,AG03-UNRESOLVED,ALL5_LEVELS_bet23_to_bet27,-2.4998,-2.4998,-2.8122,-2.8122,-2.8122,4.000000,4.000000,4.500000,4.500000,4.500000,96.000000,96.000000,95.500000,95.500000,95.500000,5.0,-13.4362,-12.3301,-49.0577,-50.1638,PENDING_AG03,FALSE,NOT_FOR_ENFORCEMENT,-59.9941,6734.3517,-62.4939,-59.9941,-2.4998,-0.00824695,-0.00791708,-2.4998,-59.9941,-0.00791708,-2.4998,-2.4998,-2.8122,-2.8122,-2.8122,-59.9941,-0.00791708,-13.4362,-12.3301,-49.0577,-50.1638,-0.00647386,-0.00661982,-0.00032988,3.7403,7.1728,-0.0639,-4.8072,-0.3019,582.9086,75.2308,3.7331,3.7761,2.0439,2.0439,6.0611,6.3247,8.1756,8.1756,2.0439,-2.0439,4.0,4.0,1.829971,29,100,9,5,0.83107169,-0.00824695,-0.04452942,0E-8,0.000000,0.925722,0.000000,0.21478027,2026-03-23,2026-08-04,13,207,137,135,0.096296,0.988600,0.998074,2.770239,,,,,,,,GLOBAL_BASELINE_NO_ENTITY_RANKING,,,NOT_APPLICABLE_GLOBAL_BASELINE,HF9g-P5,,,,X 全窗基线 · 不参与实体赏罚,3920222,393,A168_HF9F_20260827_0900,2026-08-27 09:00:00
2026-08-04,124529568,2242,0,28.2851139484,-16.4659770485,-16.4659770485,0.2500000,7,4,0.43417404125071277,0.382019612500,-0.7431646653761954,-0.5434233223755373,-0.7431646653761954,0.05215442875071277,ELIGIBLE,R03b_20260811_FULL_v1,L1_ELIGIBILITY,v2026-08-11,2026-03-21..2026-08-06,baccarat_bet02_101_all_pairs_incl_sentinel,round_win = game_pnl > 0 (decisive only),COMPATIBILITY_ONLY_NOT_PRODUCTION,7577.8122,7014.9497,-62.4939,2026,978,0.00824695,0.04452942,-0.17025085,0.00824695,62.4939,7577.8122,OK,0.0000,-2.4998,4.0000,96.0000,AG03-UNRESOLVED,ALL5_LEVELS_bet23_to_bet27,-2.4998,-2.4998,-2.8122,-2.8122,-2.8122,4.000000,4.000000,4.500000,4.500000,4.500000,96.000000,96.000000,95.500000,95.500000,95.500000,5.0,-13.4362,-12.3301,-49.0577,-50.1638,PENDING_AG03,FALSE,NOT_FOR_ENFORCEMENT,-59.9941,6734.3517,-62.4939,-59.9941,-2.4998,-0.00824695,-0.00791708,-2.4998,-59.9941,-0.00791708,-2.4998,-2.4998,-2.8122,-2.8122,-2.8122,-59.9941,-0.00791708,-13.4362,-12.3301,-49.0577,-50.1638,-0.00647386,-0.00661982,-0.00032988,3.7403,7.1728,-0.0639,-4.8072,-0.3019,582.9086,75.2308,3.7331,3.7761,2.0439,2.0439,6.0611,6.3247,8.1756,8.1756,2.0439,-2.0439,4.0,4.0,1.829971,29,100,9,5,0.83107169,-0.00824695,-0.04452942,0E-8,0.000000,0.925722,0.000000,0.21478027,2026-03-23,2026-08-04,13,207,137,135,0.096296,0.988600,0.998074,2.770239,,,,,,,,GLOBAL_BASELINE_NO_ENTITY_RANKING,,,NOT_APPLICABLE_GLOBAL_BASELINE,HF9g-P5,,,,X 全窗基线 · 不参与实体赏罚,3920223,393,A168_HF9F_20260827_0900,2026-08-27 09:00:00
2026-08-04,124529568,2248,0,32.3258445125,-0.8081461127,-0.8081461127,0.6000000,7,5,0.46544591000050987,0.424241120000,0.6031862986527862,0.7951985433503106,0.6031862986527862,0.04120479000050987,ELIGIBLE,R03b_20260811_FULL_v1,L1_ELIGIBILITY,v2026-08-11,2026-03-21..2026-08-06,baccarat_bet02_101_all_pairs_incl_sentinel,round_win = game_pnl > 0 (decisive only),COMPATIBILITY_ONLY_NOT_PRODUCTION,7577.8122,7014.9497,-62.4939,2026,978,0.00824695,0.04452942,-0.17025085,0.00824695,62.4939,7577.8122,OK,0.0000,-2.4998,4.0000,96.0000,AG03-UNRESOLVED,ALL5_LEVELS_bet23_to_bet27,-2.4998,-2.4998,-2.8122,-2.8122,-2.8122,4.000000,4.000000,4.500000,4.500000,4.500000,96.000000,96.000000,95.500000,95.500000,95.500000,5.0,-13.4362,-12.3301,-49.0577,-50.1638,PENDING_AG03,FALSE,NOT_FOR_ENFORCEMENT,-59.9941,6734.3517,-62.4939,-59.9941,-2.4998,-0.00824695,-0.00791708,-2.4998,-59.9941,-0.00791708,-2.4998,-2.4998,-2.8122,-2.8122,-2.8122,-59.9941,-0.00791708,-13.4362,-12.3301,-49.0577,-50.1638,-0.00647386,-0.00661982,-0.00032988,3.7403,7.1728,-0.0639,-4.8072,-0.3019,582.9086,75.2308,3.7331,3.7761,2.0439,2.0439,6.0611,6.3247,8.1756,8.1756,2.0439,-2.0439,4.0,4.0,1.829971,29,100,9,5,0.83107169,-0.00824695,-0.04452942,0E-8,0.000000,0.925722,0.000000,0.21478027,2026-03-23,2026-08-04,13,207,137,135,0.096296,0.988600,0.998074,2.770239,,,,,,,,GLOBAL_BASELINE_NO_ENTITY_RANKING,,,NOT_APPLICABLE_GLOBAL_BASELINE,HF9g-P5,,,,X 全窗基线 · 不参与实体赏罚,3920224,393,A168_HF9F_20260827_0900,2026-08-27 09:00:00
2026-08-04,124529568,2261,0,78.7942459990,38.3869403591,38.3869403591,0.7000000,21,10,0.38433103650139575,0.298591708333,2.0521330991066242,2.7737161785195656,2.0521330991066242,0.08573932816839575,ELIGIBLE,R03b_20260811_FULL_v1,L1_ELIGIBILITY,v2026-08-11,2026-03-21..2026-08-06,baccarat_bet02_101_all_pairs_incl_sentinel,round_win = game_pnl > 0 (decisive only),COMPATIBILITY_ONLY_NOT_PRODUCTION,7577.8122,7014.9497,-62.4939,2026,978,0.00824695,0.04452942,-0.17025085,0.00824695,62.4939,7577.8122,OK,0.0000,-2.4998,4.0000,96.0000,AG03-UNRESOLVED,ALL5_LEVELS_bet23_to_bet27,-2.4998,-2.4998,-2.8122,-2.8122,-2.8122,4.000000,4.000000,4.500000,4.500000,4.500000,96.000000,96.000000,95.500000,95.500000,95.500000,5.0,-13.4362,-12.3301,-49.0577,-50.1638,PENDING_AG03,FALSE,NOT_FOR_ENFORCEMENT,-59.9941,6734.3517,-62.4939,-59.9941,-2.4998,-0.00824695,-0.00791708,-2.4998,-59.9941,-0.00791708,-2.4998,-2.4998,-2.8122,-2.8122,-2.8122,-59.9941,-0.00791708,-13.4362,-12.3301,-49.0577,-50.1638,-0.00647386,-0.00661982,-0.00032988,3.7403,7.1728,-0.0639,-4.8072,-0.3019,582.9086,75.2308,3.7331,3.7761,2.0439,2.0439,6.0611,6.3247,8.1756,8.1756,2.0439,-2.0439,4.0,4.0,1.829971,29,100,9,5,0.83107169,-0.00824695,-0.04452942,0E-8,0.000000,0.925722,0.000000,0.21478027,2026-03-23,2026-08-04,13,207,137,135,0.096296,0.988600,0.998074,2.770239,,,,,,,,GLOBAL_BASELINE_NO_ENTITY_RANKING,,,NOT_APPLICABLE_GLOBAL_BASELINE,HF9g-P5,,,,X 全窗基线 · 不参与实体赏罚,3920225,393,A168_HF9F_20260827_0900,2026-08-27 09:00:00
2026-08-04,124529568,2271,0,101.0182641013,50.1050589951,50.1050589951,0.5714286,29,14,0.31083345273946949,0.232408398810,2.1067079004396208,3.0032987970351384,2.1067079004396208,0.07842505392946949,ELIGIBLE,R03b_20260811_FULL_v1,L1_ELIGIBILITY,v2026-08-11,2026-03-21..2026-08-06,baccarat_bet02_101_all_pairs_incl_sentinel,round_win = game_pnl > 0 (decisive only),COMPATIBILITY_ONLY_NOT_PRODUCTION,7577.8122,7014.9497,-62.4939,2026,978,0.00824695,0.04452942,-0.17025085,0.00824695,62.4939,7577.8122,OK,0.0000,-2.4998,4.0000,96.0000,AG03-UNRESOLVED,ALL5_LEVELS_bet23_to_bet27,-2.4998,-2.4998,-2.8122,-2.8122,-2.8122,4.000000,4.000000,4.500000,4.500000,4.500000,96.000000,96.000000,95.500000,95.500000,95.500000,5.0,-13.4362,-12.3301,-49.0577,-50.1638,PENDING_AG03,FALSE,NOT_FOR_ENFORCEMENT,-59.9941,6734.3517,-62.4939,-59.9941,-2.4998,-0.00824695,-0.00791708,-2.4998,-59.9941,-0.00791708,-2.4998,-2.4998,-2.8122,-2.8122,-2.8122,-59.9941,-0.00791708,-13.4362,-12.3301,-49.0577,-50.1638,-0.00647386,-0.00661982,-0.00032988,3.7403,7.1728,-0.0639,-4.8072,-0.3019,582.9086,75.2308,3.7331,3.7761,2.0439,2.0439,6.0611,6.3247,8.1756,8.1756,2.0439,-2.0439,4.0,4.0,1.829971,29,100,9,5,0.83107169,-0.00824695,-0.04452942,0E-8,0.000000,0.925722,0.000000,0.21478027,2026-03-23,2026-08-04,13,207,137,135,0.096296,0.988600,0.998074,2.770239,,,,,,,,GLOBAL_BASELINE_NO_ENTITY_RANKING,,,NOT_APPLICABLE_GLOBAL_BASELINE,HF9g-P5,,,,X 全窗基线 · 不参与实体赏罚,3920226,393,A168_HF9F_20260827_0900,2026-08-27 09:00:00
2026-08-04,124529568,2289,0,20.2036528203,-8.0814611281,-8.0814611281,0.5000000,5,2,0.37978340416844369,0.259618708334,0.35029968015724344,0.7753895644259348,0.35029968015724344,0.12016469583444369,ELIGIBLE,R03b_20260811_FULL_v1,L1_ELIGIBILITY,v2026-08-11,2026-03-21..2026-08-06,baccarat_bet02_101_all_pairs_incl_sentinel,round_win = game_pnl > 0 (decisive only),COMPATIBILITY_ONLY_NOT_PRODUCTION,7577.8122,7014.9497,-62.4939,2026,978,0.00824695,0.04452942,-0.17025085,0.00824695,62.4939,7577.8122,OK,0.0000,-2.4998,4.0000,96.0000,AG03-UNRESOLVED,ALL5_LEVELS_bet23_to_bet27,-2.4998,-2.4998,-2.8122,-2.8122,-2.8122,4.000000,4.000000,4.500000,4.500000,4.500000,96.000000,96.000000,95.500000,95.500000,95.500000,5.0,-13.4362,-12.3301,-49.0577,-50.1638,PENDING_AG03,FALSE,NOT_FOR_ENFORCEMENT,-59.9941,6734.3517,-62.4939,-59.9941,-2.4998,-0.00824695,-0.00791708,-2.4998,-59.9941,-0.00791708,-2.4998,-2.4998,-2.8122,-2.8122,-2.8122,-59.9941,-0.00791708,-13.4362,-12.3301,-49.0577,-50.1638,-0.00647386,-0.00661982,-0.00032988,3.7403,7.1728,-0.0639,-4.8072,-0.3019,582.9086,75.2308,3.7331,3.7761,2.0439,2.0439,6.0611,6.3247,8.1756,8.1756,2.0439,-2.0439,4.0,4.0,1.829971,29,100,9,5,0.83107169,-0.00824695,-0.04452942,0E-8,0.000000,0.925722,0.000000,0.21478027,2026-03-23,2026-08-04,13,207,137,135,0.096296,0.988600,0.998074,2.770239,,,,,,,,GLOBAL_BASELINE_NO_ENTITY_RANKING,,,NOT_APPLICABLE_GLOBAL_BASELINE,HF9g-P5,,,,X 全窗基线 · 不参与实体赏罚,3920227,393,A168_HF9F_20260827_0900,2026-08-27 09:00:00
2026-08-04,124529568,471,0,58.5905931787,-4.3437853561,-4.3437853561,0.3333333,17,9,0.34002601833417698,0.286572450000,-0.04238402111999158,0.31025001050646495,-0.04238402111999158,0.05345356833417698,ELIGIBLE,R03b_20260811_FULL_v1,L1_ELIGIBILITY,v2026-08-11,2026-03-21..2026-08-06,baccarat_bet02_101_all_pairs_incl_sentinel,round_win = game_pnl > 0 (decisive only),COMPATIBILITY_ONLY_NOT_PRODUCTION,7577.8122,7014.9497,-62.4939,2026,978,0.00824695,0.04452942,-0.17025085,0.00824695,62.4939,7577.8122,OK,0.0000,-2.4998,4.0000,96.0000,AG03-UNRESOLVED,ALL5_LEVELS_bet23_to_bet27,-2.4998,-2.4998,-2.8122,-2.8122,-2.8122,4.000000,4.000000,4.500000,4.500000,4.500000,96.000000,96.000000,95.500000,95.500000,95.500000,5.0,-13.4362,-12.3301,-49.0577,-50.1638,PENDING_AG03,FALSE,NOT_FOR_ENFORCEMENT,-59.9941,6734.3517,-62.4939,-59.9941,-2.4998,-0.00824695,-0.00791708,-2.4998,-59.9941,-0.00791708,-2.4998,-2.4998,-2.8122,-2.8122,-2.8122,-59.9941,-0.00791708,-13.4362,-12.3301,-49.0577,-50.1638,-0.00647386,-0.00661982,-0.00032988,3.7403,7.1728,-0.0639,-4.8072,-0.3019,582.9086,75.2308,3.7331,3.7761,2.0439,2.0439,6.0611,6.3247,8.1756,8.1756,2.0439,-2.0439,4.0,4.0,1.829971,29,100,9,5,0.83107169,-0.00824695,-0.04452942,0E-8,0.000000,0.925722,0.000000,0.21478027,2026-03-23,2026-08-04,13,207,137,135,0.096296,0.988600,0.998074,2.770239,,,,,,,,GLOBAL_BASELINE_NO_ENTITY_RANKING,,,NOT_APPLICABLE_GLOBAL_BASELINE,HF9g-P5,,,,X 全窗基线 · 不参与实体赏罚,3920228,393,A168_HF9F_20260827_0900,2026-08-27 09:00:00
2026-08-04,124529568,550,0,6.0610958461,-6.0610958461,-6.0610958461,0E-7,1,1,0.50665070000000000,0.506650700000,-1.013391052207602,-1.013391052207602,-1.013391052207602,0E-17,ELIGIBLE,R03b_20260811_FULL_v1,L1_ELIGIBILITY,v2026-08-11,2026-03-21..2026-08-06,baccarat_bet02_101_all_pairs_incl_sentinel,round_win = game_pnl > 0 (decisive only),COMPATIBILITY_ONLY_NOT_PRODUCTION,7577.8122,7014.9497,-62.4939,2026,978,0.00824695,0.04452942,-0.17025085,0.00824695,62.4939,7577.8122,OK,0.0000,-2.4998,4.0000,96.0000,AG03-UNRESOLVED,ALL5_LEVELS_bet23_to_bet27,-2.4998,-2.4998,-2.8122,-2.8122,-2.8122,4.000000,4.000000,4.500000,4.500000,4.500000,96.000000,96.000000,95.500000,95.500000,95.500000,5.0,-13.4362,-12.3301,-49.0577,-50.1638,PENDING_AG03,FALSE,NOT_FOR_ENFORCEMENT,-59.9941,6734.3517,-62.4939,-59.9941,-2.4998,-0.00824695,-0.00791708,-2.4998,-59.9941,-0.00791708,-2.4998,-2.4998,-2.8122,-2.8122,-2.8122,-59.9941,-0.00791708,-13.4362,-12.3301,-49.0577,-50.1638,-0.00647386,-0.00661982,-0.00032988,3.7403,7.1728,-0.0639,-4.8072,-0.3019,582.9086,75.2308,3.7331,3.7761,2.0439,2.0439,6.0611,6.3247,8.1756,8.1756,2.0439,-2.0439,4.0,4.0,1.829971,29,100,9,5,0.83107169,-0.00824695,-0.04452942,0E-8,0.000000,0.925722,0.000000,0.21478027,2026-03-23,2026-08-04,13,207,137,135,0.096296,0.988600,0.998074,2.770239,,,,,,,,GLOBAL_BASELINE_NO_ENTITY_RANKING,,,NOT_APPLICABLE_GLOBAL_BASELINE,HF9g-P5,,,,X 全窗基线 · 不参与实体赏罚,3920229,393,A168_HF9F_20260827_0900,2026-08-27 09:00:00
2026-08-04,124529568,763,0,24.2443833843,-4.5458218844,-4.5458218844,0.5000000,7,4,0.32710078500098427,0.281798379167,0.7370674170764403,0.970053154016419,0.7370674170764403,0.04530240583398427,ELIGIBLE,R03b_20260811_FULL_v1,L1_ELIGIBILITY,v2026-08-11,2026-03-21..2026-08-06,baccarat_bet02_101_all_pairs_incl_sentinel,round_win = game_pnl > 0 (decisive only),COMPATIBILITY_ONLY_NOT_PRODUCTION,7577.8122,7014.9497,-62.4939,2026,978,0.00824695,0.04452942,-0.17025085,0.00824695,62.4939,7577.8122,OK,0.0000,-2.4998,4.0000,96.0000,AG03-UNRESOLVED,ALL5_LEVELS_bet23_to_bet27,-2.4998,-2.4998,-2.8122,-2.8122,-2.8122,4.000000,4.000000,4.500000,4.500000,4.500000,96.000000,96.000000,95.500000,95.500000,95.500000,5.0,-13.4362,-12.3301,-49.0577,-50.1638,PENDING_AG03,FALSE,NOT_FOR_ENFORCEMENT,-59.9941,6734.3517,-62.4939,-59.9941,-2.4998,-0.00824695,-0.00791708,-2.4998,-59.9941,-0.00791708,-2.4998,-2.4998,-2.8122,-2.8122,-2.8122,-59.9941,-0.00791708,-13.4362,-12.3301,-49.0577,-50.1638,-0.00647386,-0.00661982,-0.00032988,3.7403,7.1728,-0.0639,-4.8072,-0.3019,582.9086,75.2308,3.7331,3.7761,2.0439,2.0439,6.0611,6.3247,8.1756,8.1756,2.0439,-2.0439,4.0,4.0,1.829971,29,100,9,5,0.83107169,-0.00824695,-0.04452942,0E-8,0.000000,0.925722,0.000000,0.21478027,2026-03-23,2026-08-04,13,207,137,135,0.096296,0.988600,0.998074,2.770239,,,,,,,,GLOBAL_BASELINE_NO_ENTITY_RANKING,,,NOT_APPLICABLE_GLOBAL_BASELINE,HF9g-P5,,,,X 全窗基线 · 不参与实体赏罚,3920230,393,A168_HF9F_20260827_0900,2026-08-27 09:00:00
2026-08-04,124529568,915,0,28.2851139484,-4.6468401486,-4.6468401486,0.5000000,7,4,0.43869829625073641,0.384812362500,0.24707078012892483,0.47348645427010466,0.24707078012892483,0.05388593375073641,ELIGIBLE,R03b_20260811_FULL_v1,L1_ELIGIBILITY,v2026-08-11,2026-03-21..2026-08-06,baccarat_bet02_101_all_pairs_incl_sentinel,round_win = game_pnl > 0 (decisive only),COMPATIBILITY_ONLY_NOT_PRODUCTION,7577.8122,7014.9497,-62.4939,2026,978,0.00824695,0.04452942,-0.17025085,0.00824695,62.4939,7577.8122,OK,0.0000,-2.4998,4.0000,96.0000,AG03-UNRESOLVED,ALL5_LEVELS_bet23_to_bet27,-2.4998,-2.4998,-2.8122,-2.8122,-2.8122,4.000000,4.000000,4.500000,4.500000,4.500000,96.000000,96.000000,95.500000,95.500000,95.500000,5.0,-13.4362,-12.3301,-49.0577,-50.1638,PENDING_AG03,FALSE,NOT_FOR_ENFORCEMENT,-59.9941,6734.3517,-62.4939,-59.9941,-2.4998,-0.00824695,-0.00791708,-2.4998,-59.9941,-0.00791708,-2.4998,-2.4998,-2.8122,-2.8122,-2.8122,-59.9941,-0.00791708,-13.4362,-12.3301,-49.0577,-50.1638,-0.00647386,-0.00661982,-0.00032988,3.7403,7.1728,-0.0639,-4.8072,-0.3019,582.9086,75.2308,3.7331,3.7761,2.0439,2.0439,6.0611,6.3247,8.1756,8.1756,2.0439,-2.0439,4.0,4.0,1.829971,29,100,9,5,0.83107169,-0.00824695,-0.04452942,0E-8,0.000000,0.925722,0.000000,0.21478027,2026-03-23,2026-08-04,13,207,137,135,0.096296,0.988600,0.998074,2.770239,,,,,,,,GLOBAL_BASELINE_NO_ENTITY_RANKING,,,NOT_APPLICABLE_GLOBAL_BASELINE,HF9g-P5,,,,X 全窗基线 · 不参与实体赏罚,3920231,393,A168_HF9F_20260827_0900,2026-08-27 09:00:00
2026-08-04,124529568,919,0,161.6292225625,11.3140455801,11.3140455801,0.6818182,41,24,0.42279734333433927,0.368728158333,2.4593240667866816,3.043821697988616,2.4593240667866816,0.05406918500133927,ELIGIBLE,R03b_20260811_FULL_v1,L1_ELIGIBILITY,v2026-08-11,2026-03-21..2026-08-06,baccarat_bet02_101_all_pairs_incl_sentinel,round_win = game_pnl > 0 (decisive only),COMPATIBILITY_ONLY_NOT_PRODUCTION,7577.8122,7014.9497,-62.4939,2026,978,0.00824695,0.04452942,-0.17025085,0.00824695,62.4939,7577.8122,OK,0.0000,-2.4998,4.0000,96.0000,AG03-UNRESOLVED,ALL5_LEVELS_bet23_to_bet27,-2.4998,-2.4998,-2.8122,-2.8122,-2.8122,4.000000,4.000000,4.500000,4.500000,4.500000,96.000000,96.000000,95.500000,95.500000,95.500000,5.0,-13.4362,-12.3301,-49.0577,-50.1638,PENDING_AG03,FALSE,NOT_FOR_ENFORCEMENT,-59.9941,6734.3517,-62.4939,-59.9941,-2.4998,-0.00824695,-0.00791708,-2.4998,-59.9941,-0.00791708,-2.4998,-2.4998,-2.8122,-2.8122,-2.8122,-59.9941,-0.00791708,-13.4362,-12.3301,-49.0577,-50.1638,-0.00647386,-0.00661982,-0.00032988,3.7403,7.1728,-0.0639,-4.8072,-0.3019,582.9086,75.2308,3.7331,3.7761,2.0439,2.0439,6.0611,6.3247,8.1756,8.1756,2.0439,-2.0439,4.0,4.0,1.829971,29,100,9,5,0.83107169,-0.00824695,-0.04452942,0E-8,0.000000,0.925722,0.000000,0.21478027,2026-03-23,2026-08-04,13,207,137,135,0.096296,0.988600,0.998074,2.770239,,,,,,,,GLOBAL_BASELINE_NO_ENTITY_RANKING,,,NOT_APPLICABLE_GLOBAL_BASELINE,HF9g-P5,,,,X 全窗基线 · 不参与实体赏罚,3920232,393,A168_HF9F_20260827_0900,2026-08-27 09:00:00
2026-08-04,124529568,948,0,4.0407305641,-4.0407305641,-4.0407305641,0E-7,1,1,0.50665070000000000,0.506650700000,-1.013391052207602,-1.013391052207602,-1.013391052207602,0E-17,ELIGIBLE,R03b_20260811_FULL_v1,L1_ELIGIBILITY,v2026-08-11,2026-03-21..2026-08-06,baccarat_bet02_101_all_pairs_incl_sentinel,round_win = game_pnl > 0 (decisive only),COMPATIBILITY_ONLY_NOT_PRODUCTION,7577.8122,7014.9497,-62.4939,2026,978,0.00824695,0.04452942,-0.17025085,0.00824695,62.4939,7577.8122,OK,0.0000,-2.4998,4.0000,96.0000,AG03-UNRESOLVED,ALL5_LEVELS_bet23_to_bet27,-2.4998,-2.4998,-2.8122,-2.8122,-2.8122,4.000000,4.000000,4.500000,4.500000,4.500000,96.000000,96.000000,95.500000,95.500000,95.500000,5.0,-13.4362,-12.3301,-49.0577,-50.1638,PENDING_AG03,FALSE,NOT_FOR_ENFORCEMENT,-59.9941,6734.3517,-62.4939,-59.9941,-2.4998,-0.00824695,-0.00791708,-2.4998,-59.9941,-0.00791708,-2.4998,-2.4998,-2.8122,-2.8122,-2.8122,-59.9941,-0.00791708,-13.4362,-12.3301,-49.0577,-50.1638,-0.00647386,-0.00661982,-0.00032988,3.7403,7.1728,-0.0639,-4.8072,-0.3019,582.9086,75.2308,3.7331,3.7761,2.0439,2.0439,6.0611,6.3247,8.1756,8.1756,2.0439,-2.0439,4.0,4.0,1.829971,29,100,9,5,0.83107169,-0.00824695,-0.04452942,0E-8,0.000000,0.925722,0.000000,0.21478027,2026-03-23,2026-08-04,13,207,137,135,0.096296,0.988600,0.998074,2.770239,,,,,,,,GLOBAL_BASELINE_NO_ENTITY_RANKING,,,NOT_APPLICABLE_GLOBAL_BASELINE,HF9g-P5,,,,X 全窗基线 · 不参与实体赏罚,3920233,393,A168_HF9F_20260827_0900,2026-08-27 09:00:00
2026-08-04,124529568,969,0,60.6109584608,8.0814611285,8.0814611285,0.8000000,16,5,0.34249772433526161,0.213541356667,2.1557618672903462,3.1999518970687526,2.1557618672903462,0.12895636766826161,ELIGIBLE,R03b_20260811_FULL_v1,L1_ELIGIBILITY,v2026-08-11,2026-03-21..2026-08-06,baccarat_bet02_101_all_pairs_incl_sentinel,round_win = game_pnl > 0 (decisive only),COMPATIBILITY_ONLY_NOT_PRODUCTION,7577.8122,7014.9497,-62.4939,2026,978,0.00824695,0.04452942,-0.17025085,0.00824695,62.4939,7577.8122,OK,0.0000,-2.4998,4.0000,96.0000,AG03-UNRESOLVED,ALL5_LEVELS_bet23_to_bet27,-2.4998,-2.4998,-2.8122,-2.8122,-2.8122,4.000000,4.000000,4.500000,4.500000,4.500000,96.000000,96.000000,95.500000,95.500000,95.500000,5.0,-13.4362,-12.3301,-49.0577,-50.1638,PENDING_AG03,FALSE,NOT_FOR_ENFORCEMENT,-59.9941,6734.3517,-62.4939,-59.9941,-2.4998,-0.00824695,-0.00791708,-2.4998,-59.9941,-0.00791708,-2.4998,-2.4998,-2.8122,-2.8122,-2.8122,-59.9941,-0.00791708,-13.4362,-12.3301,-49.0577,-50.1638,-0.00647386,-0.00661982,-0.00032988,3.7403,7.1728,-0.0639,-4.8072,-0.3019,582.9086,75.2308,3.7331,3.7761,2.0439,2.0439,6.0611,6.3247,8.1756,8.1756,2.0439,-2.0439,4.0,4.0,1.829971,29,100,9,5,0.83107169,-0.00824695,-0.04452942,0E-8,0.000000,0.925722,0.000000,0.21478027,2026-03-23,2026-08-04,13,207,137,135,0.096296,0.988600,0.998074,2.770239,,,,,,,,GLOBAL_BASELINE_NO_ENTITY_RANKING,,,NOT_APPLICABLE_GLOBAL_BASELINE,HF9g-P5,,,,X 全窗基线 · 不参与实体赏罚,3920234,393,A168_HF9F_20260827_0900,2026-08-27 09:00:00
2026-05-14,145720082,1401,0,42.0123936561,42.0123936561,42.0123936561,1.0000000,3,3,0.49324550000000000,0.493245500000,1.755609282511032,1.7556092825110319,1.755609282511032,0E-17,ELIGIBLE,R03b_20260811_FULL_v1,L1_ELIGIBILITY,v2026-08-11,2026-03-21..2026-08-06,baccarat_bet02_101_all_pairs_incl_sentinel,round_win = game_pnl > 0 (decisive only),COMPATIBILITY_ONLY_NOT_PRODUCTION,63.0186,63.0186,-62.4934,5,5,0.99166667,,0.99166667,0.99166667,62.4934,63.0186,THIN_EXPOSURE,0.0000,-2.4997,4.0000,96.0000,AG03-UNRESOLVED,ALL5_LEVELS_bet23_to_bet27,-2.4997,-2.4997,-2.4997,-2.4997,-2.4997,4.000000,4.000000,4.000000,4.000000,4.000000,96.000000,96.000000,96.000000,96.000000,96.000000,5.0,-12.4987,-11.538,-49.9947,-50.9554,PENDING_AG03,FALSE,NOT_FOR_ENFORCEMENT,-59.9937,60.4978,-62.4934,-59.9937,-2.4997,-0.99166667,-0.95200000,-2.4997,-59.9937,-0.95200000,-2.4997,-2.4997,-2.4997,-2.4997,-2.4997,-59.9937,-0.95200000,-12.4987,-11.538,-49.9947,-50.9554,-0.79333333,-0.80857793,-0.03966667,12.6037,12.6037,-12.4987,-62.4934,-31.2467,63.0186,5.0000,,12.6037,10.5031,10.5031,13.1289,21.0062,21.0062,21.0062,10.5031,10.5031,2.0,2.0,1.2,2,2,1,2,0E-8,-0.99166667,,0E-8,0.000000,1.000000,0.000000,,2026-05-14,2026-05-14,1,2,2,1,1.000000,,,0.000000,,,,,,,,GLOBAL_BASELINE_NO_ENTITY_RANKING,,,NOT_APPLICABLE_GLOBAL_BASELINE,HF9g-P5,,,,X 全窗基线 · 不参与实体赏罚,3920235,393,A168_HF9F_20260827_0900,2026-08-27 09:00:00
2026-05-14,145720082,1405,0,21.0061968280,20.4810419073,20.4810419073,1.0000000,2,2,0.49994810000000000,0.499948100000,1.4143603653603398,1.4143603653603398,1.4143603653603398,0E-17,ELIGIBLE,R03b_20260811_FULL_v1,L1_ELIGIBILITY,v2026-08-11,2026-03-21..2026-08-06,baccarat_bet02_101_all_pairs_incl_sentinel,round_win = game_pnl > 0 (decisive only),COMPATIBILITY_ONLY_NOT_PRODUCTION,63.0186,63.0186,-62.4934,5,5,0.99166667,,0.99166667,0.99166667,62.4934,63.0186,THIN_EXPOSURE,0.0000,-2.4997,4.0000,96.0000,AG03-UNRESOLVED,ALL5_LEVELS_bet23_to_bet27,-2.4997,-2.4997,-2.4997,-2.4997,-2.4997,4.000000,4.000000,4.000000,4.000000,4.000000,96.000000,96.000000,96.000000,96.000000,96.000000,5.0,-12.4987,-11.538,-49.9947,-50.9554,PENDING_AG03,FALSE,NOT_FOR_ENFORCEMENT,-59.9937,60.4978,-62.4934,-59.9937,-2.4997,-0.99166667,-0.95200000,-2.4997,-59.9937,-0.95200000,-2.4997,-2.4997,-2.4997,-2.4997,-2.4997,-59.9937,-0.95200000,-12.4987,-11.538,-49.9947,-50.9554,-0.79333333,-0.80857793,-0.03966667,12.6037,12.6037,-12.4987,-62.4934,-31.2467,63.0186,5.0000,,12.6037,10.5031,10.5031,13.1289,21.0062,21.0062,21.0062,10.5031,10.5031,2.0,2.0,1.2,2,2,1,2,0E-8,-0.99166667,,0E-8,0.000000,1.000000,0.000000,,2026-05-14,2026-05-14,1,2,2,1,1.000000,,,0.000000,,,,,,,,GLOBAL_BASELINE_NO_ENTITY_RANKING,,,NOT_APPLICABLE_GLOBAL_BASELINE,HF9g-P5,,,,X 全窗基线 · 不参与实体赏罚,3920236,393,A168_HF9F_20260827_0900,2026-08-27 09:00:00
2026-05-07,149706473,-1,1,63.0185904842,39.9117739734,39.9117739734,1.0000000,4,3,0.50441650000000000,0.504416500000,1.4017764996685744,1.4017764996685746,1.4017764996685744,0E-17,SENTINEL_DEALER,R03b_20260811_FULL_v1,L1_ELIGIBILITY,v2026-08-11,2026-03-21..2026-08-06,baccarat_bet02_101_all_pairs_incl_sentinel,round_win = game_pnl > 0 (decisive only),COMPATIBILITY_ONLY_NOT_PRODUCTION,251.0241,230.0179,-62.4934,13,12,0.24895397,,0.24895397,0.24895397,62.4934,251.0241,THIN_EXPOSURE,0.0000,-2.4997,4.0000,96.0000,AG03-UNRESOLVED,ALL5_LEVELS_bet23_to_bet27,-2.4997,-2.4997,-2.4997,-2.4997,-2.4997,4.000000,4.000000,4.000000,4.000000,4.000000,96.000000,96.000000,96.000000,96.000000,96.000000,5.0,-12.4987,-11.538,-49.9947,-50.9554,PENDING_AG03,FALSE,NOT_FOR_ENFORCEMENT,-59.9937,220.8171,-62.4934,-59.9937,-2.4997,-0.24895397,-0.23899582,-2.4997,-59.9937,-0.23899582,-2.4997,-2.4997,-2.4997,-2.4997,-2.4997,-59.9937,-0.23899582,-12.4987,-11.538,-49.9947,-50.9554,-0.19916318,-0.20299027,-0.00995816,19.3095,19.1682,-5.2078,-62.4934,-6.9437,251.0241,12.0000,,19.3095,11.2908,21.0062,21.0062,31.5093,31.5093,31.5093,21.0062,11.5534,1.5,1.5,0.919231,9,8,1,2,0E-8,-0.24895397,,0E-8,0.000000,0.916318,0.000000,,2026-05-07,2026-05-07,1,9,9,1,1.000000,,,0.000000,,,,,,,,GLOBAL_BASELINE_NO_ENTITY_RANKING,,,NOT_APPLICABLE_GLOBAL_BASELINE,HF9g-P5,,,,X 全窗基线 · 不参与实体赏罚,3920237,393,A168_HF9F_20260827_0900,2026-08-27 09:00:00
2026-05-07,149706473,1115,0,21.0061968281,-21.0061968281,-21.0061968281,0E-7,1,1,0.50665070000000000,0.506650700000,-1.013391052207602,-1.013391052207602,-1.013391052207602,0E-17,ELIGIBLE,R03b_20260811_FULL_v1,L1_ELIGIBILITY,v2026-08-11,2026-03-21..2026-08-06,baccarat_bet02_101_all_pairs_incl_sentinel,round_win = game_pnl > 0 (decisive only),COMPATIBILITY_ONLY_NOT_PRODUCTION,251.0241,230.0179,-62.4934,13,12,0.24895397,,0.24895397,0.24895397,62.4934,251.0241,THIN_EXPOSURE,0.0000,-2.4997,4.0000,96.0000,AG03-UNRESOLVED,ALL5_LEVELS_bet23_to_bet27,-2.4997,-2.4997,-2.4997,-2.4997,-2.4997,4.000000,4.000000,4.000000,4.000000,4.000000,96.000000,96.000000,96.000000,96.000000,96.000000,5.0,-12.4987,-11.538,-49.9947,-50.9554,PENDING_AG03,FALSE,NOT_FOR_ENFORCEMENT,-59.9937,220.8171,-62.4934,-59.9937,-2.4997,-0.24895397,-0.23899582,-2.4997,-59.9937,-0.23899582,-2.4997,-2.4997,-2.4997,-2.4997,-2.4997,-59.9937,-0.23899582,-12.4987,-11.538,-49.9947,-50.9554,-0.19916318,-0.20299027,-0.00995816,19.3095,19.1682,-5.2078,-62.4934,-6.9437,251.0241,12.0000,,19.3095,11.2908,21.0062,21.0062,31.5093,31.5093,31.5093,21.0062,11.5534,1.5,1.5,0.919231,9,8,1,2,0E-8,-0.24895397,,0E-8,0.000000,0.916318,0.000000,,2026-05-07,2026-05-07,1,9,9,1,1.000000,,,0.000000,,,,,,,,GLOBAL_BASELINE_NO_ENTITY_RANKING,,,NOT_APPLICABLE_GLOBAL_BASELINE,HF9g-P5,,,,X 全窗基线 · 不参与实体赏罚,3920238,393,A168_HF9F_20260827_0900,2026-08-27 09:00:00
2026-05-07,149706473,1400,0,31.5092952421,-31.5092952421,-31.5092952421,0E-7,1,1,0.50665070000000000,0.506650700000,-1.013391052207602,-1.013391052207602,-1.013391052207602,0E-17,ELIGIBLE,R03b_20260811_FULL_v1,L1_ELIGIBILITY,v2026-08-11,2026-03-21..2026-08-06,baccarat_bet02_101_all_pairs_incl_sentinel,round_win = game_pnl > 0 (decisive only),COMPATIBILITY_ONLY_NOT_PRODUCTION,251.0241,230.0179,-62.4934,13,12,0.24895397,,0.24895397,0.24895397,62.4934,251.0241,THIN_EXPOSURE,0.0000,-2.4997,4.0000,96.0000,AG03-UNRESOLVED,ALL5_LEVELS_bet23_to_bet27,-2.4997,-2.4997,-2.4997,-2.4997,-2.4997,4.000000,4.000000,4.000000,4.000000,4.000000,96.000000,96.000000,96.000000,96.000000,96.000000,5.0,-12.4987,-11.538,-49.9947,-50.9554,PENDING_AG03,FALSE,NOT_FOR_ENFORCEMENT,-59.9937,220.8171,-62.4934,-59.9937,-2.4997,-0.24895397,-0.23899582,-2.4997,-59.9937,-0.23899582,-2.4997,-2.4997,-2.4997,-2.4997,-2.4997,-59.9937,-0.23899582,-12.4987,-11.538,-49.9947,-50.9554,-0.19916318,-0.20299027,-0.00995816,19.3095,19.1682,-5.2078,-62.4934,-6.9437,251.0241,12.0000,,19.3095,11.2908,21.0062,21.0062,31.5093,31.5093,31.5093,21.0062,11.5534,1.5,1.5,0.919231,9,8,1,2,0E-8,-0.24895397,,0E-8,0.000000,0.916318,0.000000,,2026-05-07,2026-05-07,1,9,9,1,1.000000,,,0.000000,,,,,,,,GLOBAL_BASELINE_NO_ENTITY_RANKING,,,NOT_APPLICABLE_GLOBAL_BASELINE,HF9g-P5,,,,X 全窗基线 · 不参与实体赏罚,3920239,393,A168_HF9F_20260827_0900,2026-08-27 09:00:00
2026-05-07,149706473,1750,0,52.5154920702,50.9400273081,50.9400273081,1.0000000,2,2,0.49994810000000000,0.499948100000,1.4143603653603398,1.4143603653603398,1.4143603653603398,0E-17,ELIGIBLE,R03b_20260811_FULL_v1,L1_ELIGIBILITY,v2026-08-11,2026-03-21..2026-08-06,baccarat_bet02_101_all_pairs_incl_sentinel,round_win = game_pnl > 0 (decisive only),COMPATIBILITY_ONLY_NOT_PRODUCTION,251.0241,230.0179,-62.4934,13,12,0.24895397,,0.24895397,0.24895397,62.4934,251.0241,THIN_EXPOSURE,0.0000,-2.4997,4.0000,96.0000,AG03-UNRESOLVED,ALL5_LEVELS_bet23_to_bet27,-2.4997,-2.4997,-2.4997,-2.4997,-2.4997,4.000000,4.000000,4.000000,4.000000,4.000000,96.000000,96.000000,96.000000,96.000000,96.000000,5.0,-12.4987,-11.538,-49.9947,-50.9554,PENDING_AG03,FALSE,NOT_FOR_ENFORCEMENT,-59.9937,220.8171,-62.4934,-59.9937,-2.4997,-0.24895397,-0.23899582,-2.4997,-59.9937,-0.23899582,-2.4997,-2.4997,-2.4997,-2.4997,-2.4997,-59.9937,-0.23899582,-12.4987,-11.538,-49.9947,-50.9554,-0.19916318,-0.20299027,-0.00995816,19.3095,19.1682,-5.2078,-62.4934,-6.9437,251.0241,12.0000,,19.3095,11.2908,21.0062,21.0062,31.5093,31.5093,31.5093,21.0062,11.5534,1.5,1.5,0.919231,9,8,1,2,0E-8,-0.24895397,,0E-8,0.000000,0.916318,0.000000,,2026-05-07,2026-05-07,1,9,9,1,1.000000,,,0.000000,,,,,,,,GLOBAL_BASELINE_NO_ENTITY_RANKING,,,NOT_APPLICABLE_GLOBAL_BASELINE,HF9g-P5,,,,X 全窗基线 · 不参与实体赏罚,3920240,393,A168_HF9F_20260827_0900,2026-08-27 09:00:00
2026-05-07,149706473,2117,0,21.0061968281,21.0061968281,21.0061968281,1.0000000,1,1,0.49324550000000000,0.493245500000,1.01360149184955,1.01360149184955,1.01360149184955,0E-17,ELIGIBLE,R03b_20260811_FULL_v1,L1_ELIGIBILITY,v2026-08-11,2026-03-21..2026-08-06,baccarat_bet02_101_all_pairs_incl_sentinel,round_win = game_pnl > 0 (decisive only),COMPATIBILITY_ONLY_NOT_PRODUCTION,251.0241,230.0179,-62.4934,13,12,0.24895397,,0.24895397,0.24895397,62.4934,251.0241,THIN_EXPOSURE,0.0000,-2.4997,4.0000,96.0000,AG03-UNRESOLVED,ALL5_LEVELS_bet23_to_bet27,-2.4997,-2.4997,-2.4997,-2.4997,-2.4997,4.000000,4.000000,4.000000,4.000000,4.000000,96.000000,96.000000,96.000000,96.000000,96.000000,5.0,-12.4987,-11.538,-49.9947,-50.9554,PENDING_AG03,FALSE,NOT_FOR_ENFORCEMENT,-59.9937,220.8171,-62.4934,-59.9937,-2.4997,-0.24895397,-0.23899582,-2.4997,-59.9937,-0.23899582,-2.4997,-2.4997,-2.4997,-2.4997,-2.4997,-59.9937,-0.23899582,-12.4987,-11.538,-49.9947,-50.9554,-0.19916318,-0.20299027,-0.00995816,19.3095,19.1682,-5.2078,-62.4934,-6.9437,251.0241,12.0000,,19.3095,11.2908,21.0062,21.0062,31.5093,31.5093,31.5093,21.0062,11.5534,1.5,1.5,0.919231,9,8,1,2,0E-8,-0.24895397,,0E-8,0.000000,0.916318,0.000000,,2026-05-07,2026-05-07,1,9,9,1,1.000000,,,0.000000,,,,,,,,GLOBAL_BASELINE_NO_ENTITY_RANKING,,,NOT_APPLICABLE_GLOBAL_BASELINE,HF9g-P5,,,,X 全窗基线 · 不参与实体赏罚,3920241,393,A168_HF9F_20260827_0900,2026-08-27 09:00:00
2026-05-07,149706473,2220,0,21.0061968281,21.0061968281,21.0061968281,1.0000000,1,1,0.49324550000000000,0.493245500000,1.01360149184955,1.01360149184955,1.01360149184955,0E-17,ELIGIBLE,R03b_20260811_FULL_v1,L1_ELIGIBILITY,v2026-08-11,2026-03-21..2026-08-06,baccarat_bet02_101_all_pairs_incl_sentinel,round_win = game_pnl > 0 (decisive only),COMPATIBILITY_ONLY_NOT_PRODUCTION,251.0241,230.0179,-62.4934,13,12,0.24895397,,0.24895397,0.24895397,62.4934,251.0241,THIN_EXPOSURE,0.0000,-2.4997,4.0000,96.0000,AG03-UNRESOLVED,ALL5_LEVELS_bet23_to_bet27,-2.4997,-2.4997,-2.4997,-2.4997,-2.4997,4.000000,4.000000,4.000000,4.000000,4.000000,96.000000,96.000000,96.000000,96.000000,96.000000,5.0,-12.4987,-11.538,-49.9947,-50.9554,PENDING_AG03,FALSE,NOT_FOR_ENFORCEMENT,-59.9937,220.8171,-62.4934,-59.9937,-2.4997,-0.24895397,-0.23899582,-2.4997,-59.9937,-0.23899582,-2.4997,-2.4997,-2.4997,-2.4997,-2.4997,-59.9937,-0.23899582,-12.4987,-11.538,-49.9947,-50.9554,-0.19916318,-0.20299027,-0.00995816,19.3095,19.1682,-5.2078,-62.4934,-6.9437,251.0241,12.0000,,19.3095,11.2908,21.0062,21.0062,31.5093,31.5093,31.5093,21.0062,11.5534,1.5,1.5,0.919231,9,8,1,2,0E-8,-0.24895397,,0E-8,0.000000,0.916318,0.000000,,2026-05-07,2026-05-07,1,9,9,1,1.000000,,,0.000000,,,,,,,,GLOBAL_BASELINE_NO_ENTITY_RANKING,,,NOT_APPLICABLE_GLOBAL_BASELINE,HF9g-P5,,,,X 全窗基线 · 不参与实体赏罚,3920242,393,A168_HF9F_20260827_0900,2026-08-27 09:00:00
2026-05-07,149706473,2223,0,19.9558869866,3.1509295242,3.1509295242,0.5000000,2,2,0.49994810000000000,0.499948100000,0.00014679536856514622,0.00014679536856514622,0.00014679536856514622,0E-17,ELIGIBLE,R03b_20260811_FULL_v1,L1_ELIGIBILITY,v2026-08-11,2026-03-21..2026-08-06,baccarat_bet02_101_all_pairs_incl_sentinel,round_win = game_pnl > 0 (decisive only),COMPATIBILITY_ONLY_NOT_PRODUCTION,251.0241,230.0179,-62.4934,13,12,0.24895397,,0.24895397,0.24895397,62.4934,251.0241,THIN_EXPOSURE,0.0000,-2.4997,4.0000,96.0000,AG03-UNRESOLVED,ALL5_LEVELS_bet23_to_bet27,-2.4997,-2.4997,-2.4997,-2.4997,-2.4997,4.000000,4.000000,4.000000,4.000000,4.000000,96.000000,96.000000,96.000000,96.000000,96.000000,5.0,-12.4987,-11.538,-49.9947,-50.9554,PENDING_AG03,FALSE,NOT_FOR_ENFORCEMENT,-59.9937,220.8171,-62.4934,-59.9937,-2.4997,-0.24895397,-0.23899582,-2.4997,-59.9937,-0.23899582,-2.4997,-2.4997,-2.4997,-2.4997,-2.4997,-59.9937,-0.23899582,-12.4987,-11.538,-49.9947,-50.9554,-0.19916318,-0.20299027,-0.00995816,19.3095,19.1682,-5.2078,-62.4934,-6.9437,251.0241,12.0000,,19.3095,11.2908,21.0062,21.0062,31.5093,31.5093,31.5093,21.0062,11.5534,1.5,1.5,0.919231,9,8,1,2,0E-8,-0.24895397,,0E-8,0.000000,0.916318,0.000000,,2026-05-07,2026-05-07,1,9,9,1,1.000000,,,0.000000,,,,,,,,GLOBAL_BASELINE_NO_ENTITY_RANKING,,,NOT_APPLICABLE_GLOBAL_BASELINE,HF9g-P5,,,,X 全窗基线 · 不参与实体赏罚,3920243,393,A168_HF9F_20260827_0900,2026-08-27 09:00:00
2026-05-07,149706473,2246,0,21.0061968281,-21.0061968281,-21.0061968281,0E-7,1,1,0.49324550000000000,0.493245500000,-0.9865810262130424,-0.9865810262130424,-0.9865810262130424,0E-17,ELIGIBLE,R03b_20260811_FULL_v1,L1_ELIGIBILITY,v2026-08-11,2026-03-21..2026-08-06,baccarat_bet02_101_all_pairs_incl_sentinel,round_win = game_pnl > 0 (decisive only),COMPATIBILITY_ONLY_NOT_PRODUCTION,251.0241,230.0179,-62.4934,13,12,0.24895397,,0.24895397,0.24895397,62.4934,251.0241,THIN_EXPOSURE,0.0000,-2.4997,4.0000,96.0000,AG03-UNRESOLVED,ALL5_LEVELS_bet23_to_bet27,-2.4997,-2.4997,-2.4997,-2.4997,-2.4997,4.000000,4.000000,4.000000,4.000000,4.000000,96.000000,96.000000,96.000000,96.000000,96.000000,5.0,-12.4987,-11.538,-49.9947,-50.9554,PENDING_AG03,FALSE,NOT_FOR_ENFORCEMENT,-59.9937,220.8171,-62.4934,-59.9937,-2.4997,-0.24895397,-0.23899582,-2.4997,-59.9937,-0.23899582,-2.4997,-2.4997,-2.4997,-2.4997,-2.4997,-59.9937,-0.23899582,-12.4987,-11.538,-49.9947,-50.9554,-0.19916318,-0.20299027,-0.00995816,19.3095,19.1682,-5.2078,-62.4934,-6.9437,251.0241,12.0000,,19.3095,11.2908,21.0062,21.0062,31.5093,31.5093,31.5093,21.0062,11.5534,1.5,1.5,0.919231,9,8,1,2,0E-8,-0.24895397,,0E-8,0.000000,0.916318,0.000000,,2026-05-07,2026-05-07,1,9,9,1,1.000000,,,0.000000,,,,,,,,GLOBAL_BASELINE_NO_ENTITY_RANKING,,,NOT_APPLICABLE_GLOBAL_BASELINE,HF9g-P5,,,,X 全窗基线 · 不参与实体赏罚,3920244,393,A168_HF9F_20260827_0900,2026-08-27 09:00:00
2026-06-02,150925608,-1,1,38.5733021318,-38.5733021318,-38.5733021318,0E-7,1,1,0.50665070000000000,0.506650700000,-1.013391052207602,-1.013391052207602,-1.013391052207602,0E-17,SENTINEL_DEALER,R03b_20260811_FULL_v1,L1_ELIGIBILITY,v2026-08-11,2026-03-21..2026-08-06,baccarat_bet02_101_all_pairs_incl_sentinel,round_win = game_pnl > 0 (decisive only),COMPATIBILITY_ONLY_NOT_PRODUCTION,694.3194,694.3194,-61.8459,12,12,0.08907407,,0.08907407,0.08907407,61.8459,694.3194,THIN_EXPOSURE,0.0000,-1.8554,3.0000,97.0000,AG03-UNRESOLVED,ALL5_LEVELS_bet23_to_bet27,-1.8554,-1.8554,-1.8554,-2.4738,-2.4738,3.000000,3.000000,3.000000,4.000000,4.000000,97.000000,97.000000,97.000000,96.000000,96.000000,5.0,-10.5138,-9.8261,-51.3321,-52.0198,PENDING_AG03,FALSE,NOT_FOR_ENFORCEMENT,-59.9905,673.4899,-61.8459,-59.9905,-1.8554,-0.08907407,-0.08640185,-1.8554,-59.9905,-0.08640185,-1.8554,-1.8554,-1.8554,-2.4738,-2.4738,-59.9905,-0.08640185,-10.5138,-9.8261,-51.3321,-52.0198,-0.07393148,-0.07492194,-0.00267222,57.8600,57.8600,-5.1538,-30.9229,-7.7307,347.1597,6.0000,,57.8600,33.4302,55.2884,77.1466,92.5759,123.4345,128.5777,55.2884,0.0,2.232558,2.325581,1.046512,8,8,2,2,0E-8,-0.08907407,,0E-8,0.000000,1.000000,0.000000,,2026-06-02,2026-06-18,2,8,8,17,0.117647,,,0.000000,,,,,,,,GLOBAL_BASELINE_NO_ENTITY_RANKING,,,NOT_APPLICABLE_GLOBAL_BASELINE,HF9g-P5,,,,X 全窗基线 · 不参与实体赏罚,3920245,393,A168_HF9F_20260827_0900,2026-08-27 09:00:00
2026-06-18,150925608,1402,0,77.1466042636,77.1466042636,77.1466042636,1.0000000,1,1,0.49324550000000000,0.493245500000,1.01360149184955,1.01360149184955,1.01360149184955,0E-17,ELIGIBLE,R03b_20260811_FULL_v1,L1_ELIGIBILITY,v2026-08-11,2026-03-21..2026-08-06,baccarat_bet02_101_all_pairs_incl_sentinel,round_win = game_pnl > 0 (decisive only),COMPATIBILITY_ONLY_NOT_PRODUCTION,694.3194,694.3194,-61.8459,12,12,0.08907407,,0.08907407,0.08907407,61.8459,694.3194,THIN_EXPOSURE,0.0000,-1.8554,3.0000,97.0000,AG03-UNRESOLVED,ALL5_LEVELS_bet23_to_bet27,-1.8554,-1.8554,-1.8554,-2.4738,-2.4738,3.000000,3.000000,3.000000,4.000000,4.000000,97.000000,97.000000,97.000000,96.000000,96.000000,5.0,-10.5138,-9.8261,-51.3321,-52.0198,PENDING_AG03,FALSE,NOT_FOR_ENFORCEMENT,-59.9905,673.4899,-61.8459,-59.9905,-1.8554,-0.08907407,-0.08640185,-1.8554,-59.9905,-0.08640185,-1.8554,-1.8554,-1.8554,-2.4738,-2.4738,-59.9905,-0.08640185,-10.5138,-9.8261,-51.3321,-52.0198,-0.07393148,-0.07492194,-0.00267222,57.8600,57.8600,-5.1538,-30.9229,-7.7307,347.1597,6.0000,,57.8600,33.4302,55.2884,77.1466,92.5759,123.4345,128.5777,55.2884,0.0,2.232558,2.325581,1.046512,8,8,2,2,0E-8,-0.08907407,,0E-8,0.000000,1.000000,0.000000,,2026-06-02,2026-06-18,2,8,8,17,0.117647,,,0.000000,,,,,,,,GLOBAL_BASELINE_NO_ENTITY_RANKING,,,NOT_APPLICABLE_GLOBAL_BASELINE,HF9g-P5,,,,X 全窗基线 · 不参与实体赏罚,3920246,393,A168_HF9F_20260827_0900,2026-08-27 09:00:00
2026-06-18,150925608,2088,0,92.5759251163,37.8018360892,37.8018360892,0.5000000,2,2,0.50665070000000000,0.506650700000,-0.018812684590367487,-0.018812684590367487,-0.018812684590367487,0E-17,ELIGIBLE,R03b_20260811_FULL_v1,L1_ELIGIBILITY,v2026-08-11,2026-03-21..2026-08-06,baccarat_bet02_101_all_pairs_incl_sentinel,round_win = game_pnl > 0 (decisive only),COMPATIBILITY_ONLY_NOT_PRODUCTION,694.3194,694.3194,-61.8459,12,12,0.08907407,,0.08907407,0.08907407,61.8459,694.3194,THIN_EXPOSURE,0.0000,-1.8554,3.0000,97.0000,AG03-UNRESOLVED,ALL5_LEVELS_bet23_to_bet27,-1.8554,-1.8554,-1.8554,-2.4738,-2.4738,3.000000,3.000000,3.000000,4.000000,4.000000,97.000000,97.000000,97.000000,96.000000,96.000000,5.0,-10.5138,-9.8261,-51.3321,-52.0198,PENDING_AG03,FALSE,NOT_FOR_ENFORCEMENT,-59.9905,673.4899,-61.8459,-59.9905,-1.8554,-0.08907407,-0.08640185,-1.8554,-59.9905,-0.08640185,-1.8554,-1.8554,-1.8554,-2.4738,-2.4738,-59.9905,-0.08640185,-10.5138,-9.8261,-51.3321,-52.0198,-0.07393148,-0.07492194,-0.00267222,57.8600,57.8600,-5.1538,-30.9229,-7.7307,347.1597,6.0000,,57.8600,33.4302,55.2884,77.1466,92.5759,123.4345,128.5777,55.2884,0.0,2.232558,2.325581,1.046512,8,8,2,2,0E-8,-0.08907407,,0E-8,0.000000,1.000000,0.000000,,2026-06-02,2026-06-18,2,8,8,17,0.117647,,,0.000000,,,,,,,,GLOBAL_BASELINE_NO_ENTITY_RANKING,,,NOT_APPLICABLE_GLOBAL_BASELINE,HF9g-P5,,,,X 全窗基线 · 不参与实体赏罚,3920247,393,A168_HF9F_20260827_0900,2026-08-27 09:00:00
2026-06-18,150925608,2129,0,77.1466042636,73.2892740505,73.2892740505,1.0000000,1,1,0.50665070000000000,0.506650700000,0.9867858985152569,0.9867858985152569,0.9867858985152569,0E-17,ELIGIBLE,R03b_20260811_FULL_v1,L1_ELIGIBILITY,v2026-08-11,2026-03-21..2026-08-06,baccarat_bet02_101_all_pairs_incl_sentinel,round_win = game_pnl > 0 (decisive only),COMPATIBILITY_ONLY_NOT_PRODUCTION,694.3194,694.3194,-61.8459,12,12,0.08907407,,0.08907407,0.08907407,61.8459,694.3194,THIN_EXPOSURE,0.0000,-1.8554,3.0000,97.0000,AG03-UNRESOLVED,ALL5_LEVELS_bet23_to_bet27,-1.8554,-1.8554,-1.8554,-2.4738,-2.4738,3.000000,3.000000,3.000000,4.000000,4.000000,97.000000,97.000000,97.000000,96.000000,96.000000,5.0,-10.5138,-9.8261,-51.3321,-52.0198,PENDING_AG03,FALSE,NOT_FOR_ENFORCEMENT,-59.9905,673.4899,-61.8459,-59.9905,-1.8554,-0.08907407,-0.08640185,-1.8554,-59.9905,-0.08640185,-1.8554,-1.8554,-1.8554,-2.4738,-2.4738,-59.9905,-0.08640185,-10.5138,-9.8261,-51.3321,-52.0198,-0.07393148,-0.07492194,-0.00267222,57.8600,57.8600,-5.1538,-30.9229,-7.7307,347.1597,6.0000,,57.8600,33.4302,55.2884,77.1466,92.5759,123.4345,128.5777,55.2884,0.0,2.232558,2.325581,1.046512,8,8,2,2,0E-8,-0.08907407,,0E-8,0.000000,1.000000,0.000000,,2026-06-02,2026-06-18,2,8,8,17,0.117647,,,0.000000,,,,,,,,GLOBAL_BASELINE_NO_ENTITY_RANKING,,,NOT_APPLICABLE_GLOBAL_BASELINE,HF9g-P5,,,,X 全窗基线 · 不参与实体赏罚,3920248,393,A168_HF9F_20260827_0900,2026-08-27 09:00:00
2026-06-18,150925608,2218,0,51.4310695091,-51.4310695091,-51.4310695091,0E-7,1,1,0.49324550000000000,0.493245500000,-0.9865810262130424,-0.9865810262130424,-0.9865810262130424,0E-17,ELIGIBLE,R03b_20260811_FULL_v1,L1_ELIGIBILITY,v2026-08-11,2026-03-21..2026-08-06,baccarat_bet02_101_all_pairs_incl_sentinel,round_win = game_pnl > 0 (decisive only),COMPATIBILITY_ONLY_NOT_PRODUCTION,694.3194,694.3194,-61.8459,12,12,0.08907407,,0.08907407,0.08907407,61.8459,694.3194,THIN_EXPOSURE,0.0000,-1.8554,3.0000,97.0000,AG03-UNRESOLVED,ALL5_LEVELS_bet23_to_bet27,-1.8554,-1.8554,-1.8554,-2.4738,-2.4738,3.000000,3.000000,3.000000,4.000000,4.000000,97.000000,97.000000,97.000000,96.000000,96.000000,5.0,-10.5138,-9.8261,-51.3321,-52.0198,PENDING_AG03,FALSE,NOT_FOR_ENFORCEMENT,-59.9905,673.4899,-61.8459,-59.9905,-1.8554,-0.08907407,-0.08640185,-1.8554,-59.9905,-0.08640185,-1.8554,-1.8554,-1.8554,-2.4738,-2.4738,-59.9905,-0.08640185,-10.5138,-9.8261,-51.3321,-52.0198,-0.07393148,-0.07492194,-0.00267222,57.8600,57.8600,-5.1538,-30.9229,-7.7307,347.1597,6.0000,,57.8600,33.4302,55.2884,77.1466,92.5759,123.4345,128.5777,55.2884,0.0,2.232558,2.325581,1.046512,8,8,2,2,0E-8,-0.08907407,,0E-8,0.000000,1.000000,0.000000,,2026-06-02,2026-06-18,2,8,8,17,0.117647,,,0.000000,,,,,,,,GLOBAL_BASELINE_NO_ENTITY_RANKING,,,NOT_APPLICABLE_GLOBAL_BASELINE,HF9g-P5,,,,X 全窗基线 · 不参与实体赏罚,3920249,393,A168_HF9F_20260827_0900,2026-08-27 09:00:00
2026-06-18,150925608,2246,0,205.7242780363,-51.4310695091,-51.4310695091,0.5000000,2,2,0.49324550000000000,0.493245500000,0.01910635448239258,0.01910635448239258,0.01910635448239258,0E-17,ELIGIBLE,R03b_20260811_FULL_v1,L1_ELIGIBILITY,v2026-08-11,2026-03-21..2026-08-06,baccarat_bet02_101_all_pairs_incl_sentinel,round_win = game_pnl > 0 (decisive only),COMPATIBILITY_ONLY_NOT_PRODUCTION,694.3194,694.3194,-61.8459,12,12,0.08907407,,0.08907407,0.08907407,61.8459,694.3194,THIN_EXPOSURE,0.0000,-1.8554,3.0000,97.0000,AG03-UNRESOLVED,ALL5_LEVELS_bet23_to_bet27,-1.8554,-1.8554,-1.8554,-2.4738,-2.4738,3.000000,3.000000,3.000000,4.000000,4.000000,97.000000,97.000000,97.000000,96.000000,96.000000,5.0,-10.5138,-9.8261,-51.3321,-52.0198,PENDING_AG03,FALSE,NOT_FOR_ENFORCEMENT,-59.9905,673.4899,-61.8459,-59.9905,-1.8554,-0.08907407,-0.08640185,-1.8554,-59.9905,-0.08640185,-1.8554,-1.8554,-1.8554,-2.4738,-2.4738,-59.9905,-0.08640185,-10.5138,-9.8261,-51.3321,-52.0198,-0.07393148,-0.07492194,-0.00267222,57.8600,57.8600,-5.1538,-30.9229,-7.7307,347.1597,6.0000,,57.8600,33.4302,55.2884,77.1466,92.5759,123.4345,128.5777,55.2884,0.0,2.232558,2.325581,1.046512,8,8,2,2,0E-8,-0.08907407,,0E-8,0.000000,1.000000,0.000000,,2026-06-02,2026-06-18,2,8,8,17,0.117647,,,0.000000,,,,,,,,GLOBAL_BASELINE_NO_ENTITY_RANKING,,,NOT_APPLICABLE_GLOBAL_BASELINE,HF9g-P5,,,,X 全窗基线 · 不参与实体赏罚,3920250,393,A168_HF9F_20260827_0900,2026-08-27 09:00:00
2026-06-18,150925608,2251,0,84.8612646900,81.9039781932,81.9039781932,1.0000000,2,2,0.49994810000000000,0.499948100000,1.4143603653603398,1.4143603653603398,1.4143603653603398,0E-17,ELIGIBLE,R03b_20260811_FULL_v1,L1_ELIGIBILITY,v2026-08-11,2026-03-21..2026-08-06,baccarat_bet02_101_all_pairs_incl_sentinel,round_win = game_pnl > 0 (decisive only),COMPATIBILITY_ONLY_NOT_PRODUCTION,694.3194,694.3194,-61.8459,12,12,0.08907407,,0.08907407,0.08907407,61.8459,694.3194,THIN_EXPOSURE,0.0000,-1.8554,3.0000,97.0000,AG03-UNRESOLVED,ALL5_LEVELS_bet23_to_bet27,-1.8554,-1.8554,-1.8554,-2.4738,-2.4738,3.000000,3.000000,3.000000,4.000000,4.000000,97.000000,97.000000,97.000000,96.000000,96.000000,5.0,-10.5138,-9.8261,-51.3321,-52.0198,PENDING_AG03,FALSE,NOT_FOR_ENFORCEMENT,-59.9905,673.4899,-61.8459,-59.9905,-1.8554,-0.08907407,-0.08640185,-1.8554,-59.9905,-0.08640185,-1.8554,-1.8554,-1.8554,-2.4738,-2.4738,-59.9905,-0.08640185,-10.5138,-9.8261,-51.3321,-52.0198,-0.07393148,-0.07492194,-0.00267222,57.8600,57.8600,-5.1538,-30.9229,-7.7307,347.1597,6.0000,,57.8600,33.4302,55.2884,77.1466,92.5759,123.4345,128.5777,55.2884,0.0,2.232558,2.325581,1.046512,8,8,2,2,0E-8,-0.08907407,,0E-8,0.000000,1.000000,0.000000,,2026-06-02,2026-06-18,2,8,8,17,0.117647,,,0.000000,,,,,,,,GLOBAL_BASELINE_NO_ENTITY_RANKING,,,NOT_APPLICABLE_GLOBAL_BASELINE,HF9g-P5,,,,X 全窗基线 · 不参与实体赏罚,3920251,393,A168_HF9F_20260827_0900,2026-08-27 09:00:00
2026-06-18,150925608,2261,0,66.8603903618,-66.8603903618,-66.8603903618,0E-7,2,2,0.49994810000000000,0.499948100000,-1.4140667746232096,-1.4140667746232096,-1.4140667746232096,0E-17,ELIGIBLE,R03b_20260811_FULL_v1,L1_ELIGIBILITY,v2026-08-11,2026-03-21..2026-08-06,baccarat_bet02_101_all_pairs_incl_sentinel,round_win = game_pnl > 0 (decisive only),COMPATIBILITY_ONLY_NOT_PRODUCTION,694.3194,694.3194,-61.8459,12,12,0.08907407,,0.08907407,0.08907407,61.8459,694.3194,THIN_EXPOSURE,0.0000,-1.8554,3.0000,97.0000,AG03-UNRESOLVED,ALL5_LEVELS_bet23_to_bet27,-1.8554,-1.8554,-1.8554,-2.4738,-2.4738,3.000000,3.000000,3.000000,4.000000,4.000000,97.000000,97.000000,97.000000,96.000000,96.000000,5.0,-10.5138,-9.8261,-51.3321,-52.0198,PENDING_AG03,FALSE,NOT_FOR_ENFORCEMENT,-59.9905,673.4899,-61.8459,-59.9905,-1.8554,-0.08907407,-0.08640185,-1.8554,-59.9905,-0.08640185,-1.8554,-1.8554,-1.8554,-2.4738,-2.4738,-59.9905,-0.08640185,-10.5138,-9.8261,-51.3321,-52.0198,-0.07393148,-0.07492194,-0.00267222,57.8600,57.8600,-5.1538,-30.9229,-7.7307,347.1597,6.0000,,57.8600,33.4302,55.2884,77.1466,92.5759,123.4345,128.5777,55.2884,0.0,2.232558,2.325581,1.046512,8,8,2,2,0E-8,-0.08907407,,0E-8,0.000000,1.000000,0.000000,,2026-06-02,2026-06-18,2,8,8,17,0.117647,,,0.000000,,,,,,,,GLOBAL_BASELINE_NO_ENTITY_RANKING,,,NOT_APPLICABLE_GLOBAL_BASELINE,HF9g-P5,,,,X 全窗基线 · 不参与实体赏罚,3920252,393,A168_HF9F_20260827_0900,2026-08-27 09:00:00
2026-06-29,152221009,1485,0,82.2897112150,57.9885308713,57.9885308713,0.5625000,20,17,0.33461829411733288,0.322499238235,1.9317867577546965,2.0537774022559696,1.9317867577546965,0.01211905588233288,ELIGIBLE,R03b_20260811_FULL_v1,L1_ELIGIBILITY,v2026-08-11,2026-03-21..2026-08-06,baccarat_bet02_101_all_pairs_incl_sentinel,round_win = game_pnl > 0 (decisive only),COMPATIBILITY_ONLY_NOT_PRODUCTION,105.4337,90.0044,-62.4887,25,22,0.59268293,,0.59268293,0.59268293,62.4887,105.4337,THIN_EXPOSURE,0.0000,-2.4995,4.0000,96.0000,AG03-UNRESOLVED,ALL5_LEVELS_bet23_to_bet27,-2.4995,-2.4995,-3.1244,-3.1244,-3.1244,4.000000,4.000000,5.000000,5.000000,5.000000,96.000000,96.000000,95.000000,95.000000,95.000000,5.0,-14.3724,-13.1128,-48.1163,-49.3759,PENDING_AG03,FALSE,NOT_FOR_ENFORCEMENT,-59.9892,86.4042,-62.4887,-59.9892,-2.4995,-0.59268293,-0.56897561,-2.4995,-59.9892,-0.56897561,-2.4995,-2.4995,-3.1244,-3.1244,-3.1244,-59.9892,-0.56897561,-14.3724,-13.1128,-48.1163,-49.3759,-0.45636585,-0.46831244,-0.02370732,4.2173,4.0911,-2.8404,-62.4887,-20.8296,105.4337,22.0000,,4.2173,2.5716,2.5716,5.1431,5.1431,12.8578,12.8578,2.5716,0.0,5.0,5.0,1.64,3,3,2,3,0E-8,-0.59268293,,0E-8,0.000000,0.853659,0.000000,,2026-06-29,2026-06-29,1,3,3,1,1.000000,,,0.000000,,,,,,,,GLOBAL_BASELINE_NO_ENTITY_RANKING,,,NOT_APPLICABLE_GLOBAL_BASELINE,HF9g-P5,,,,X 全窗基线 · 不参与实体赏罚,3920253,393,A168_HF9F_20260827_0900,2026-08-27 09:00:00
2026-06-29,152221009,2101,0,10.2862139020,-7.7146604265,-7.7146604265,0E-7,4,4,0.50329940000000000,0.503299400000,-1.743518224870635,-1.743518224870635,-1.743518224870635,0E-17,ELIGIBLE,R03b_20260811_FULL_v1,L1_ELIGIBILITY,v2026-08-11,2026-03-21..2026-08-06,baccarat_bet02_101_all_pairs_incl_sentinel,round_win = game_pnl > 0 (decisive only),COMPATIBILITY_ONLY_NOT_PRODUCTION,105.4337,90.0044,-62.4887,25,22,0.59268293,,0.59268293,0.59268293,62.4887,105.4337,THIN_EXPOSURE,0.0000,-2.4995,4.0000,96.0000,AG03-UNRESOLVED,ALL5_LEVELS_bet23_to_bet27,-2.4995,-2.4995,-3.1244,-3.1244,-3.1244,4.000000,4.000000,5.000000,5.000000,5.000000,96.000000,96.000000,95.000000,95.000000,95.000000,5.0,-14.3724,-13.1128,-48.1163,-49.3759,PENDING_AG03,FALSE,NOT_FOR_ENFORCEMENT,-59.9892,86.4042,-62.4887,-59.9892,-2.4995,-0.59268293,-0.56897561,-2.4995,-59.9892,-0.56897561,-2.4995,-2.4995,-3.1244,-3.1244,-3.1244,-59.9892,-0.56897561,-14.3724,-13.1128,-48.1163,-49.3759,-0.45636585,-0.46831244,-0.02370732,4.2173,4.0911,-2.8404,-62.4887,-20.8296,105.4337,22.0000,,4.2173,2.5716,2.5716,5.1431,5.1431,12.8578,12.8578,2.5716,0.0,5.0,5.0,1.64,3,3,2,3,0E-8,-0.59268293,,0E-8,0.000000,0.853659,0.000000,,2026-06-29,2026-06-29,1,3,3,1,1.000000,,,0.000000,,,,,,,,GLOBAL_BASELINE_NO_ENTITY_RANKING,,,NOT_APPLICABLE_GLOBAL_BASELINE,HF9g-P5,,,,X 全窗基线 · 不参与实体赏罚,3920254,393,A168_HF9F_20260827_0900,2026-08-27 09:00:00
2026-06-29,152221009,2222,0,12.8577673773,12.2148790084,12.2148790084,1.0000000,1,1,0.50665070000000000,0.506650700000,0.9867858985152569,0.9867858985152569,0.9867858985152569,0E-17,ELIGIBLE,R03b_20260811_FULL_v1,L1_ELIGIBILITY,v2026-08-11,2026-03-21..2026-08-06,baccarat_bet02_101_all_pairs_incl_sentinel,round_win = game_pnl > 0 (decisive only),COMPATIBILITY_ONLY_NOT_PRODUCTION,105.4337,90.0044,-62.4887,25,22,0.59268293,,0.59268293,0.59268293,62.4887,105.4337,THIN_EXPOSURE,0.0000,-2.4995,4.0000,96.0000,AG03-UNRESOLVED,ALL5_LEVELS_bet23_to_bet27,-2.4995,-2.4995,-3.1244,-3.1244,-3.1244,4.000000,4.000000,5.000000,5.000000,5.000000,96.000000,96.000000,95.000000,95.000000,95.000000,5.0,-14.3724,-13.1128,-48.1163,-49.3759,PENDING_AG03,FALSE,NOT_FOR_ENFORCEMENT,-59.9892,86.4042,-62.4887,-59.9892,-2.4995,-0.59268293,-0.56897561,-2.4995,-59.9892,-0.56897561,-2.4995,-2.4995,-3.1244,-3.1244,-3.1244,-59.9892,-0.56897561,-14.3724,-13.1128,-48.1163,-49.3759,-0.45636585,-0.46831244,-0.02370732,4.2173,4.0911,-2.8404,-62.4887,-20.8296,105.4337,22.0000,,4.2173,2.5716,2.5716,5.1431,5.1431,12.8578,12.8578,2.5716,0.0,5.0,5.0,1.64,3,3,2,3,0E-8,-0.59268293,,0E-8,0.000000,0.853659,0.000000,,2026-06-29,2026-06-29,1,3,3,1,1.000000,,,0.000000,,,,,,,,GLOBAL_BASELINE_NO_ENTITY_RANKING,,,NOT_APPLICABLE_GLOBAL_BASELINE,HF9g-P5,,,,X 全窗基线 · 不参与实体赏罚,3920255,393,A168_HF9F_20260827_0900,2026-08-27 09:00:00
2026-06-15,151531393,-1,1,205.7242780361,-2.3143981277,-2.3143981277,0.5333333,34,34,0.49915955882352941,0.499159558824,0.3743554723281819,0.3743554723230263,0.3743554723281819,-4.7059E-13,SENTINEL_DEALER,R03b_20260811_FULL_v1,L1_ELIGIBILITY,v2026-08-11,2026-03-21..2026-08-06,baccarat_bet02_101_all_pairs_incl_sentinel,round_win = game_pnl > 0 (decisive only),COMPATIBILITY_ONLY_NOT_PRODUCTION,531.2829,466.9941,-62.4887,84,84,0.11761859,,0.11761859,0.11761859,62.4887,531.2829,OK,0.0000,-2.4995,4.0000,96.0000,AG03-UNRESOLVED,ALL5_LEVELS_bet23_to_bet27,-2.4995,-2.4995,-2.4995,-2.4995,-2.4995,4.000000,4.000000,4.000000,4.000000,4.000000,96.000000,96.000000,96.000000,96.000000,96.000000,5.0,-12.4977,-11.5371,-49.9910,-50.9516,PENDING_AG03,FALSE,NOT_FOR_ENFORCEMENT,-59.9892,448.3143,-62.4887,-59.9892,-2.4995,-0.11761859,-0.11291384,-2.4995,-59.9892,-0.11291384,-2.4995,-2.4995,-2.4995,-2.4995,-2.4995,-59.9892,-0.11291384,-12.4977,-11.5371,-49.9910,-50.9516,-0.09409487,-0.09590298,-0.00470474,6.3248,5.5595,-0.7439,-31.2444,-1.8379,265.6415,42.0000,,6.3248,5.1431,5.1431,5.1431,10.2862,11.0577,21.3439,5.1431,0.0,2.149998,4.150009,1.229762,28,26,2,2,0E-8,-0.11761859,,0E-8,0.000000,0.878993,0.000000,,2026-06-15,2026-06-16,2,34,32,2,1.000000,,,0.000000,,,,,,,,GLOBAL_BASELINE_NO_ENTITY_RANKING,,,NOT_APPLICABLE_GLOBAL_BASELINE,HF9g-P5,,,,X 全窗基线 · 不参与实体赏罚,3920256,393,A168_HF9F_20260827_0900,2026-08-27 09:00:00
2026-06-15,151531393,1151,0,28.2870882300,17.7437189807,17.7437189807,0.7500000,4,4,0.49994810000000000,0.499948100000,1.0002076053883384,1.0002076053883384,1.0002076053883384,0E-17,ELIGIBLE,R03b_20260811_FULL_v1,L1_ELIGIBILITY,v2026-08-11,2026-03-21..2026-08-06,baccarat_bet02_101_all_pairs_incl_sentinel,round_win = game_pnl > 0 (decisive only),COMPATIBILITY_ONLY_NOT_PRODUCTION,531.2829,466.9941,-62.4887,84,84,0.11761859,,0.11761859,0.11761859,62.4887,531.2829,OK,0.0000,-2.4995,4.0000,96.0000,AG03-UNRESOLVED,ALL5_LEVELS_bet23_to_bet27,-2.4995,-2.4995,-2.4995,-2.4995,-2.4995,4.000000,4.000000,4.000000,4.000000,4.000000,96.000000,96.000000,96.000000,96.000000,96.000000,5.0,-12.4977,-11.5371,-49.9910,-50.9516,PENDING_AG03,FALSE,NOT_FOR_ENFORCEMENT,-59.9892,448.3143,-62.4887,-59.9892,-2.4995,-0.11761859,-0.11291384,-2.4995,-59.9892,-0.11291384,-2.4995,-2.4995,-2.4995,-2.4995,-2.4995,-59.9892,-0.11291384,-12.4977,-11.5371,-49.9910,-50.9516,-0.09409487,-0.09590298,-0.00470474,6.3248,5.5595,-0.7439,-31.2444,-1.8379,265.6415,42.0000,,6.3248,5.1431,5.1431,5.1431,10.2862,11.0577,21.3439,5.1431,0.0,2.149998,4.150009,1.229762,28,26,2,2,0E-8,-0.11761859,,0E-8,0.000000,0.878993,0.000000,,2026-06-15,2026-06-16,2,34,32,2,1.000000,,,0.000000,,,,,,,,GLOBAL_BASELINE_NO_ENTITY_RANKING,,,NOT_APPLICABLE_GLOBAL_BASELINE,HF9g-P5,,,,X 全窗基线 · 不参与实体赏罚,3920257,393,A168_HF9F_20260827_0900,2026-08-27 09:00:00
2026-06-15,151531393,1299,0,5.1431069509,0E-10,0E-10,,1,1,0.49324550000000000,0.493245500000,,,,0E-17,NO_DECISIVE_ROUND,R03b_20260811_FULL_v1,L1_ELIGIBILITY,v2026-08-11,2026-03-21..2026-08-06,baccarat_bet02_101_all_pairs_incl_sentinel,round_win = game_pnl > 0 (decisive only),COMPATIBILITY_ONLY_NOT_PRODUCTION,531.2829,466.9941,-62.4887,84,84,0.11761859,,0.11761859,0.11761859,62.4887,531.2829,OK,0.0000,-2.4995,4.0000,96.0000,AG03-UNRESOLVED,ALL5_LEVELS_bet23_to_bet27,-2.4995,-2.4995,-2.4995,-2.4995,-2.4995,4.000000,4.000000,4.000000,4.000000,4.000000,96.000000,96.000000,96.000000,96.000000,96.000000,5.0,-12.4977,-11.5371,-49.9910,-50.9516,PENDING_AG03,FALSE,NOT_FOR_ENFORCEMENT,-59.9892,448.3143,-62.4887,-59.9892,-2.4995,-0.11761859,-0.11291384,-2.4995,-59.9892,-0.11291384,-2.4995,-2.4995,-2.4995,-2.4995,-2.4995,-59.9892,-0.11291384,-12.4977,-11.5371,-49.9910,-50.9516,-0.09409487,-0.09590298,-0.00470474,6.3248,5.5595,-0.7439,-31.2444,-1.8379,265.6415,42.0000,,6.3248,5.1431,5.1431,5.1431,10.2862,11.0577,21.3439,5.1431,0.0,2.149998,4.150009,1.229762,28,26,2,2,0E-8,-0.11761859,,0E-8,0.000000,0.878993,0.000000,,2026-06-15,2026-06-16,2,34,32,2,1.000000,,,0.000000,,,,,,,,GLOBAL_BASELINE_NO_ENTITY_RANKING,,,NOT_APPLICABLE_GLOBAL_BASELINE,HF9g-P5,,,,X 全窗基线 · 不参与实体赏罚,3920258,393,A168_HF9F_20260827_0900,2026-08-27 09:00:00
2026-06-15,151531393,1306,0,15.4293208527,4.8859516034,4.8859516034,0.6666667,3,3,0.50218230000000000,0.502182300000,0.5697959874915163,0.5697959874915164,0.5697959874915163,0E-17,ELIGIBLE,R03b_20260811_FULL_v1,L1_ELIGIBILITY,v2026-08-11,2026-03-21..2026-08-06,baccarat_bet02_101_all_pairs_incl_sentinel,round_win = game_pnl > 0 (decisive only),COMPATIBILITY_ONLY_NOT_PRODUCTION,531.2829,466.9941,-62.4887,84,84,0.11761859,,0.11761859,0.11761859,62.4887,531.2829,OK,0.0000,-2.4995,4.0000,96.0000,AG03-UNRESOLVED,ALL5_LEVELS_bet23_to_bet27,-2.4995,-2.4995,-2.4995,-2.4995,-2.4995,4.000000,4.000000,4.000000,4.000000,4.000000,96.000000,96.000000,96.000000,96.000000,96.000000,5.0,-12.4977,-11.5371,-49.9910,-50.9516,PENDING_AG03,FALSE,NOT_FOR_ENFORCEMENT,-59.9892,448.3143,-62.4887,-59.9892,-2.4995,-0.11761859,-0.11291384,-2.4995,-59.9892,-0.11291384,-2.4995,-2.4995,-2.4995,-2.4995,-2.4995,-59.9892,-0.11291384,-12.4977,-11.5371,-49.9910,-50.9516,-0.09409487,-0.09590298,-0.00470474,6.3248,5.5595,-0.7439,-31.2444,-1.8379,265.6415,42.0000,,6.3248,5.1431,5.1431,5.1431,10.2862,11.0577,21.3439,5.1431,0.0,2.149998,4.150009,1.229762,28,26,2,2,0E-8,-0.11761859,,0E-8,0.000000,0.878993,0.000000,,2026-06-15,2026-06-16,2,34,32,2,1.000000,,,0.000000,,,,,,,,GLOBAL_BASELINE_NO_ENTITY_RANKING,,,NOT_APPLICABLE_GLOBAL_BASELINE,HF9g-P5,,,,X 全窗基线 · 不参与实体赏罚,3920259,393,A168_HF9F_20260827_0900,2026-08-27 09:00:00
2026-06-15,151531393,1318,0,23.1439812791,-10.2862139018,-10.2862139018,0E-7,4,4,0.49659680000000000,0.496596800000,-1.4046203955403829,-1.4046203955403829,-1.4046203955403829,0E-17,ELIGIBLE,R03b_20260811_FULL_v1,L1_ELIGIBILITY,v2026-08-11,2026-03-21..2026-08-06,baccarat_bet02_101_all_pairs_incl_sentinel,round_win = game_pnl > 0 (decisive only),COMPATIBILITY_ONLY_NOT_PRODUCTION,531.2829,466.9941,-62.4887,84,84,0.11761859,,0.11761859,0.11761859,62.4887,531.2829,OK,0.0000,-2.4995,4.0000,96.0000,AG03-UNRESOLVED,ALL5_LEVELS_bet23_to_bet27,-2.4995,-2.4995,-2.4995,-2.4995,-2.4995,4.000000,4.000000,4.000000,4.000000,4.000000,96.000000,96.000000,96.000000,96.000000,96.000000,5.0,-12.4977,-11.5371,-49.9910,-50.9516,PENDING_AG03,FALSE,NOT_FOR_ENFORCEMENT,-59.9892,448.3143,-62.4887,-59.9892,-2.4995,-0.11761859,-0.11291384,-2.4995,-59.9892,-0.11291384,-2.4995,-2.4995,-2.4995,-2.4995,-2.4995,-59.9892,-0.11291384,-12.4977,-11.5371,-49.9910,-50.9516,-0.09409487,-0.09590298,-0.00470474,6.3248,5.5595,-0.7439,-31.2444,-1.8379,265.6415,42.0000,,6.3248,5.1431,5.1431,5.1431,10.2862,11.0577,21.3439,5.1431,0.0,2.149998,4.150009,1.229762,28,26,2,2,0E-8,-0.11761859,,0E-8,0.000000,0.878993,0.000000,,2026-06-15,2026-06-16,2,34,32,2,1.000000,,,0.000000,,,,,,,,GLOBAL_BASELINE_NO_ENTITY_RANKING,,,NOT_APPLICABLE_GLOBAL_BASELINE,HF9g-P5,,,,X 全窗基线 · 不参与实体赏罚,3920260,393,A168_HF9F_20260827_0900,2026-08-27 09:00:00
2026-06-15,151531393,1383,0,10.2862139018,9.7719032068,9.7719032068,1.0000000,2,2,0.50665070000000000,0.506650700000,1.3955260008387969,1.3955260008387969,1.3955260008387969,0E-17,ELIGIBLE,R03b_20260811_FULL_v1,L1_ELIGIBILITY,v2026-08-11,2026-03-21..2026-08-06,baccarat_bet02_101_all_pairs_incl_sentinel,round_win = game_pnl > 0 (decisive only),COMPATIBILITY_ONLY_NOT_PRODUCTION,531.2829,466.9941,-62.4887,84,84,0.11761859,,0.11761859,0.11761859,62.4887,531.2829,OK,0.0000,-2.4995,4.0000,96.0000,AG03-UNRESOLVED,ALL5_LEVELS_bet23_to_bet27,-2.4995,-2.4995,-2.4995,-2.4995,-2.4995,4.000000,4.000000,4.000000,4.000000,4.000000,96.000000,96.000000,96.000000,96.000000,96.000000,5.0,-12.4977,-11.5371,-49.9910,-50.9516,PENDING_AG03,FALSE,NOT_FOR_ENFORCEMENT,-59.9892,448.3143,-62.4887,-59.9892,-2.4995,-0.11761859,-0.11291384,-2.4995,-59.9892,-0.11291384,-2.4995,-2.4995,-2.4995,-2.4995,-2.4995,-59.9892,-0.11291384,-12.4977,-11.5371,-49.9910,-50.9516,-0.09409487,-0.09590298,-0.00470474,6.3248,5.5595,-0.7439,-31.2444,-1.8379,265.6415,42.0000,,6.3248,5.1431,5.1431,5.1431,10.2862,11.0577,21.3439,5.1431,0.0,2.149998,4.150009,1.229762,28,26,2,2,0E-8,-0.11761859,,0E-8,0.000000,0.878993,0.000000,,2026-06-15,2026-06-16,2,34,32,2,1.000000,,,0.000000,,,,,,,,GLOBAL_BASELINE_NO_ENTITY_RANKING,,,NOT_APPLICABLE_GLOBAL_BASELINE,HF9g-P5,,,,X 全窗基线 · 不参与实体赏罚,3920261,393,A168_HF9F_20260827_0900,2026-08-27 09:00:00
2026-06-15,151531393,1385,0,5.1431069509,5.1431069509,5.1431069509,1.0000000,1,1,0.49324550000000000,0.493245500000,1.01360149184955,1.01360149184955,1.01360149184955,0E-17,ELIGIBLE,R03b_20260811_FULL_v1,L1_ELIGIBILITY,v2026-08-11,2026-03-21..2026-08-06,baccarat_bet02_101_all_pairs_incl_sentinel,round_win = game_pnl > 0 (decisive only),COMPATIBILITY_ONLY_NOT_PRODUCTION,531.2829,466.9941,-62.4887,84,84,0.11761859,,0.11761859,0.11761859,62.4887,531.2829,OK,0.0000,-2.4995,4.0000,96.0000,AG03-UNRESOLVED,ALL5_LEVELS_bet23_to_bet27,-2.4995,-2.4995,-2.4995,-2.4995,-2.4995,4.000000,4.000000,4.000000,4.000000,4.000000,96.000000,96.000000,96.000000,96.000000,96.000000,5.0,-12.4977,-11.5371,-49.9910,-50.9516,PENDING_AG03,FALSE,NOT_FOR_ENFORCEMENT,-59.9892,448.3143,-62.4887,-59.9892,-2.4995,-0.11761859,-0.11291384,-2.4995,-59.9892,-0.11291384,-2.4995,-2.4995,-2.4995,-2.4995,-2.4995,-59.9892,-0.11291384,-12.4977,-11.5371,-49.9910,-50.9516,-0.09409487,-0.09590298,-0.00470474,6.3248,5.5595,-0.7439,-31.2444,-1.8379,265.6415,42.0000,,6.3248,5.1431,5.1431,5.1431,10.2862,11.0577,21.3439,5.1431,0.0,2.149998,4.150009,1.229762,28,26,2,2,0E-8,-0.11761859,,0E-8,0.000000,0.878993,0.000000,,2026-06-15,2026-06-16,2,34,32,2,1.000000,,,0.000000,,,,,,,,GLOBAL_BASELINE_NO_ENTITY_RANKING,,,NOT_APPLICABLE_GLOBAL_BASELINE,HF9g-P5,,,,X 全窗基线 · 不参与实体赏罚,3920262,393,A168_HF9F_20260827_0900,2026-08-27 09:00:00
2026-06-15,151531393,1942,0,15.4293208527,4.8859516034,4.8859516034,0.6666667,3,3,0.49771390000000000,0.497713900000,0.5852756695216578,0.5852756695216578,0.5852756695216578,0E-17,ELIGIBLE,R03b_20260811_FULL_v1,L1_ELIGIBILITY,v2026-08-11,2026-03-21..2026-08-06,baccarat_bet02_101_all_pairs_incl_sentinel,round_win = game_pnl > 0 (decisive only),COMPATIBILITY_ONLY_NOT_PRODUCTION,531.2829,466.9941,-62.4887,84,84,0.11761859,,0.11761859,0.11761859,62.4887,531.2829,OK,0.0000,-2.4995,4.0000,96.0000,AG03-UNRESOLVED,ALL5_LEVELS_bet23_to_bet27,-2.4995,-2.4995,-2.4995,-2.4995,-2.4995,4.000000,4.000000,4.000000,4.000000,4.000000,96.000000,96.000000,96.000000,96.000000,96.000000,5.0,-12.4977,-11.5371,-49.9910,-50.9516,PENDING_AG03,FALSE,NOT_FOR_ENFORCEMENT,-59.9892,448.3143,-62.4887,-59.9892,-2.4995,-0.11761859,-0.11291384,-2.4995,-59.9892,-0.11291384,-2.4995,-2.4995,-2.4995,-2.4995,-2.4995,-59.9892,-0.11291384,-12.4977,-11.5371,-49.9910,-50.9516,-0.09409487,-0.09590298,-0.00470474,6.3248,5.5595,-0.7439,-31.2444,-1.8379,265.6415,42.0000,,6.3248,5.1431,5.1431,5.1431,10.2862,11.0577,21.3439,5.1431,0.0,2.149998,4.150009,1.229762,28,26,2,2,0E-8,-0.11761859,,0E-8,0.000000,0.878993,0.000000,,2026-06-15,2026-06-16,2,34,32,2,1.000000,,,0.000000,,,,,,,,GLOBAL_BASELINE_NO_ENTITY_RANKING,,,NOT_APPLICABLE_GLOBAL_BASELINE,HF9g-P5,,,,X 全窗基线 · 不参与实体赏罚,3920263,393,A168_HF9F_20260827_0900,2026-08-27 09:00:00
2026-06-15,151531393,1947,0,15.4293208527,-15.4293208527,-15.4293208527,0E-7,2,2,0.49994810000000000,0.499948100000,-1.4140667746232096,-1.4140667746232096,-1.4140667746232096,0E-17,ELIGIBLE,R03b_20260811_FULL_v1,L1_ELIGIBILITY,v2026-08-11,2026-03-21..2026-08-06,baccarat_bet02_101_all_pairs_incl_sentinel,round_win = game_pnl > 0 (decisive only),COMPATIBILITY_ONLY_NOT_PRODUCTION,531.2829,466.9941,-62.4887,84,84,0.11761859,,0.11761859,0.11761859,62.4887,531.2829,OK,0.0000,-2.4995,4.0000,96.0000,AG03-UNRESOLVED,ALL5_LEVELS_bet23_to_bet27,-2.4995,-2.4995,-2.4995,-2.4995,-2.4995,4.000000,4.000000,4.000000,4.000000,4.000000,96.000000,96.000000,96.000000,96.000000,96.000000,5.0,-12.4977,-11.5371,-49.9910,-50.9516,PENDING_AG03,FALSE,NOT_FOR_ENFORCEMENT,-59.9892,448.3143,-62.4887,-59.9892,-2.4995,-0.11761859,-0.11291384,-2.4995,-59.9892,-0.11291384,-2.4995,-2.4995,-2.4995,-2.4995,-2.4995,-59.9892,-0.11291384,-12.4977,-11.5371,-49.9910,-50.9516,-0.09409487,-0.09590298,-0.00470474,6.3248,5.5595,-0.7439,-31.2444,-1.8379,265.6415,42.0000,,6.3248,5.1431,5.1431,5.1431,10.2862,11.0577,21.3439,5.1431,0.0,2.149998,4.150009,1.229762,28,26,2,2,0E-8,-0.11761859,,0E-8,0.000000,0.878993,0.000000,,2026-06-15,2026-06-16,2,34,32,2,1.000000,,,0.000000,,,,,,,,GLOBAL_BASELINE_NO_ENTITY_RANKING,,,NOT_APPLICABLE_GLOBAL_BASELINE,HF9g-P5,,,,X 全窗基线 · 不参与实体赏罚,3920264,393,A168_HF9F_20260827_0900,2026-08-27 09:00:00
2026-06-15,151531393,1985,0,10.2862139018,-5.1431069509,-5.1431069509,0E-7,2,2,0.49994810000000000,0.499948100000,-0.9998962053866608,-0.9998962053866608,-0.9998962053866608,0E-17,ELIGIBLE,R03b_20260811_FULL_v1,L1_ELIGIBILITY,v2026-08-11,2026-03-21..2026-08-06,baccarat_bet02_101_all_pairs_incl_sentinel,round_win = game_pnl > 0 (decisive only),COMPATIBILITY_ONLY_NOT_PRODUCTION,531.2829,466.9941,-62.4887,84,84,0.11761859,,0.11761859,0.11761859,62.4887,531.2829,OK,0.0000,-2.4995,4.0000,96.0000,AG03-UNRESOLVED,ALL5_LEVELS_bet23_to_bet27,-2.4995,-2.4995,-2.4995,-2.4995,-2.4995,4.000000,4.000000,4.000000,4.000000,4.000000,96.000000,96.000000,96.000000,96.000000,96.000000,5.0,-12.4977,-11.5371,-49.9910,-50.9516,PENDING_AG03,FALSE,NOT_FOR_ENFORCEMENT,-59.9892,448.3143,-62.4887,-59.9892,-2.4995,-0.11761859,-0.11291384,-2.4995,-59.9892,-0.11291384,-2.4995,-2.4995,-2.4995,-2.4995,-2.4995,-59.9892,-0.11291384,-12.4977,-11.5371,-49.9910,-50.9516,-0.09409487,-0.09590298,-0.00470474,6.3248,5.5595,-0.7439,-31.2444,-1.8379,265.6415,42.0000,,6.3248,5.1431,5.1431,5.1431,10.2862,11.0577,21.3439,5.1431,0.0,2.149998,4.150009,1.229762,28,26,2,2,0E-8,-0.11761859,,0E-8,0.000000,0.878993,0.000000,,2026-06-15,2026-06-16,2,34,32,2,1.000000,,,0.000000,,,,,,,,GLOBAL_BASELINE_NO_ENTITY_RANKING,,,NOT_APPLICABLE_GLOBAL_BASELINE,HF9g-P5,,,,X 全窗基线 · 不参与实体赏罚,3920265,393,A168_HF9F_20260827_0900,2026-08-27 09:00:00
2026-06-15,151531393,2084,0,5.1431069509,5.1431069509,5.1431069509,1.0000000,1,1,0.49324550000000000,0.493245500000,1.01360149184955,1.01360149184955,1.01360149184955,0E-17,ELIGIBLE,R03b_20260811_FULL_v1,L1_ELIGIBILITY,v2026-08-11,2026-03-21..2026-08-06,baccarat_bet02_101_all_pairs_incl_sentinel,round_win = game_pnl > 0 (decisive only),COMPATIBILITY_ONLY_NOT_PRODUCTION,531.2829,466.9941,-62.4887,84,84,0.11761859,,0.11761859,0.11761859,62.4887,531.2829,OK,0.0000,-2.4995,4.0000,96.0000,AG03-UNRESOLVED,ALL5_LEVELS_bet23_to_bet27,-2.4995,-2.4995,-2.4995,-2.4995,-2.4995,4.000000,4.000000,4.000000,4.000000,4.000000,96.000000,96.000000,96.000000,96.000000,96.000000,5.0,-12.4977,-11.5371,-49.9910,-50.9516,PENDING_AG03,FALSE,NOT_FOR_ENFORCEMENT,-59.9892,448.3143,-62.4887,-59.9892,-2.4995,-0.11761859,-0.11291384,-2.4995,-59.9892,-0.11291384,-2.4995,-2.4995,-2.4995,-2.4995,-2.4995,-59.9892,-0.11291384,-12.4977,-11.5371,-49.9910,-50.9516,-0.09409487,-0.09590298,-0.00470474,6.3248,5.5595,-0.7439,-31.2444,-1.8379,265.6415,42.0000,,6.3248,5.1431,5.1431,5.1431,10.2862,11.0577,21.3439,5.1431,0.0,2.149998,4.150009,1.229762,28,26,2,2,0E-8,-0.11761859,,0E-8,0.000000,0.878993,0.000000,,2026-06-15,2026-06-16,2,34,32,2,1.000000,,,0.000000,,,,,,,,GLOBAL_BASELINE_NO_ENTITY_RANKING,,,NOT_APPLICABLE_GLOBAL_BASELINE,HF9g-P5,,,,X 全窗基线 · 不参与实体赏罚,3920266,393,A168_HF9F_20260827_0900,2026-08-27 09:00:00
2026-06-15,151531393,2088,0,10.2862139018,-10.2862139018,-10.2862139018,0E-7,2,2,0.50665070000000000,0.506650700000,-1.4331513700195317,-1.4331513700195317,-1.4331513700195317,0E-17,ELIGIBLE,R03b_20260811_FULL_v1,L1_ELIGIBILITY,v2026-08-11,2026-03-21..2026-08-06,baccarat_bet02_101_all_pairs_incl_sentinel,round_win = game_pnl > 0 (decisive only),COMPATIBILITY_ONLY_NOT_PRODUCTION,531.2829,466.9941,-62.4887,84,84,0.11761859,,0.11761859,0.11761859,62.4887,531.2829,OK,0.0000,-2.4995,4.0000,96.0000,AG03-UNRESOLVED,ALL5_LEVELS_bet23_to_bet27,-2.4995,-2.4995,-2.4995,-2.4995,-2.4995,4.000000,4.000000,4.000000,4.000000,4.000000,96.000000,96.000000,96.000000,96.000000,96.000000,5.0,-12.4977,-11.5371,-49.9910,-50.9516,PENDING_AG03,FALSE,NOT_FOR_ENFORCEMENT,-59.9892,448.3143,-62.4887,-59.9892,-2.4995,-0.11761859,-0.11291384,-2.4995,-59.9892,-0.11291384,-2.4995,-2.4995,-2.4995,-2.4995,-2.4995,-59.9892,-0.11291384,-12.4977,-11.5371,-49.9910,-50.9516,-0.09409487,-0.09590298,-0.00470474,6.3248,5.5595,-0.7439,-31.2444,-1.8379,265.6415,42.0000,,6.3248,5.1431,5.1431,5.1431,10.2862,11.0577,21.3439,5.1431,0.0,2.149998,4.150009,1.229762,28,26,2,2,0E-8,-0.11761859,,0E-8,0.000000,0.878993,0.000000,,2026-06-15,2026-06-16,2,34,32,2,1.000000,,,0.000000,,,,,,,,GLOBAL_BASELINE_NO_ENTITY_RANKING,,,NOT_APPLICABLE_GLOBAL_BASELINE,HF9g-P5,,,,X 全窗基线 · 不参与实体赏罚,3920267,393,A168_HF9F_20260827_0900,2026-08-27 09:00:00
2026-06-15,151531393,2129,0,15.4293208527,4.6287962559,4.6287962559,0.6666667,3,3,0.50218230000000000,0.502182300000,0.5697959874915163,0.5697959874915164,0.5697959874915163,0E-17,ELIGIBLE,R03b_20260811_FULL_v1,L1_ELIGIBILITY,v2026-08-11,2026-03-21..2026-08-06,baccarat_bet02_101_all_pairs_incl_sentinel,round_win = game_pnl > 0 (decisive only),COMPATIBILITY_ONLY_NOT_PRODUCTION,531.2829,466.9941,-62.4887,84,84,0.11761859,,0.11761859,0.11761859,62.4887,531.2829,OK,0.0000,-2.4995,4.0000,96.0000,AG03-UNRESOLVED,ALL5_LEVELS_bet23_to_bet27,-2.4995,-2.4995,-2.4995,-2.4995,-2.4995,4.000000,4.000000,4.000000,4.000000,4.000000,96.000000,96.000000,96.000000,96.000000,96.000000,5.0,-12.4977,-11.5371,-49.9910,-50.9516,PENDING_AG03,FALSE,NOT_FOR_ENFORCEMENT,-59.9892,448.3143,-62.4887,-59.9892,-2.4995,-0.11761859,-0.11291384,-2.4995,-59.9892,-0.11291384,-2.4995,-2.4995,-2.4995,-2.4995,-2.4995,-59.9892,-0.11291384,-12.4977,-11.5371,-49.9910,-50.9516,-0.09409487,-0.09590298,-0.00470474,6.3248,5.5595,-0.7439,-31.2444,-1.8379,265.6415,42.0000,,6.3248,5.1431,5.1431,5.1431,10.2862,11.0577,21.3439,5.1431,0.0,2.149998,4.150009,1.229762,28,26,2,2,0E-8,-0.11761859,,0E-8,0.000000,0.878993,0.000000,,2026-06-15,2026-06-16,2,34,32,2,1.000000,,,0.000000,,,,,,,,GLOBAL_BASELINE_NO_ENTITY_RANKING,,,NOT_APPLICABLE_GLOBAL_BASELINE,HF9g-P5,,,,X 全窗基线 · 不参与实体赏罚,3920268,393,A168_HF9F_20260827_0900,2026-08-27 09:00:00
2026-06-15,151531393,2145,0,10.2862139018,5.1431069509,5.1431069509,1.0000000,2,2,0.49324550000000000,0.493245500000,1.01360149184955,1.01360149184955,1.01360149184955,0E-17,ELIGIBLE,R03b_20260811_FULL_v1,L1_ELIGIBILITY,v2026-08-11,2026-03-21..2026-08-06,baccarat_bet02_101_all_pairs_incl_sentinel,round_win = game_pnl > 0 (decisive only),COMPATIBILITY_ONLY_NOT_PRODUCTION,531.2829,466.9941,-62.4887,84,84,0.11761859,,0.11761859,0.11761859,62.4887,531.2829,OK,0.0000,-2.4995,4.0000,96.0000,AG03-UNRESOLVED,ALL5_LEVELS_bet23_to_bet27,-2.4995,-2.4995,-2.4995,-2.4995,-2.4995,4.000000,4.000000,4.000000,4.000000,4.000000,96.000000,96.000000,96.000000,96.000000,96.000000,5.0,-12.4977,-11.5371,-49.9910,-50.9516,PENDING_AG03,FALSE,NOT_FOR_ENFORCEMENT,-59.9892,448.3143,-62.4887,-59.9892,-2.4995,-0.11761859,-0.11291384,-2.4995,-59.9892,-0.11291384,-2.4995,-2.4995,-2.4995,-2.4995,-2.4995,-59.9892,-0.11291384,-12.4977,-11.5371,-49.9910,-50.9516,-0.09409487,-0.09590298,-0.00470474,6.3248,5.5595,-0.7439,-31.2444,-1.8379,265.6415,42.0000,,6.3248,5.1431,5.1431,5.1431,10.2862,11.0577,21.3439,5.1431,0.0,2.149998,4.150009,1.229762,28,26,2,2,0E-8,-0.11761859,,0E-8,0.000000,0.878993,0.000000,,2026-06-15,2026-06-16,2,34,32,2,1.000000,,,0.000000,,,,,,,,GLOBAL_BASELINE_NO_ENTITY_RANKING,,,NOT_APPLICABLE_GLOBAL_BASELINE,HF9g-P5,,,,X 全窗基线 · 不参与实体赏罚,3920269,393,A168_HF9F_20260827_0900,2026-08-27 09:00:00
2026-06-15,151531393,2234,0,5.1431069509,-5.1431069509,-5.1431069509,0E-7,1,1,0.49324550000000000,0.493245500000,-0.9865810262130424,-0.9865810262130424,-0.9865810262130424,0E-17,ELIGIBLE,R03b_20260811_FULL_v1,L1_ELIGIBILITY,v2026-08-11,2026-03-21..2026-08-06,baccarat_bet02_101_all_pairs_incl_sentinel,round_win = game_pnl > 0 (decisive only),COMPATIBILITY_ONLY_NOT_PRODUCTION,531.2829,466.9941,-62.4887,84,84,0.11761859,,0.11761859,0.11761859,62.4887,531.2829,OK,0.0000,-2.4995,4.0000,96.0000,AG03-UNRESOLVED,ALL5_LEVELS_bet23_to_bet27,-2.4995,-2.4995,-2.4995,-2.4995,-2.4995,4.000000,4.000000,4.000000,4.000000,4.000000,96.000000,96.000000,96.000000,96.000000,96.000000,5.0,-12.4977,-11.5371,-49.9910,-50.9516,PENDING_AG03,FALSE,NOT_FOR_ENFORCEMENT,-59.9892,448.3143,-62.4887,-59.9892,-2.4995,-0.11761859,-0.11291384,-2.4995,-59.9892,-0.11291384,-2.4995,-2.4995,-2.4995,-2.4995,-2.4995,-59.9892,-0.11291384,-12.4977,-11.5371,-49.9910,-50.9516,-0.09409487,-0.09590298,-0.00470474,6.3248,5.5595,-0.7439,-31.2444,-1.8379,265.6415,42.0000,,6.3248,5.1431,5.1431,5.1431,10.2862,11.0577,21.3439,5.1431,0.0,2.149998,4.150009,1.229762,28,26,2,2,0E-8,-0.11761859,,0E-8,0.000000,0.878993,0.000000,,2026-06-15,2026-06-16,2,34,32,2,1.000000,,,0.000000,,,,,,,,GLOBAL_BASELINE_NO_ENTITY_RANKING,,,NOT_APPLICABLE_GLOBAL_BASELINE,HF9g-P5,,,,X 全窗基线 · 不参与实体赏罚,3920270,393,A168_HF9F_20260827_0900,2026-08-27 09:00:00
2026-06-15,151531393,2256,0,5.1431069509,-5.1431069509,-5.1431069509,0E-7,1,1,0.49324550000000000,0.493245500000,-0.9865810262130424,-0.9865810262130424,-0.9865810262130424,0E-17,ELIGIBLE,R03b_20260811_FULL_v1,L1_ELIGIBILITY,v2026-08-11,2026-03-21..2026-08-06,baccarat_bet02_101_all_pairs_incl_sentinel,round_win = game_pnl > 0 (decisive only),COMPATIBILITY_ONLY_NOT_PRODUCTION,531.2829,466.9941,-62.4887,84,84,0.11761859,,0.11761859,0.11761859,62.4887,531.2829,OK,0.0000,-2.4995,4.0000,96.0000,AG03-UNRESOLVED,ALL5_LEVELS_bet23_to_bet27,-2.4995,-2.4995,-2.4995,-2.4995,-2.4995,4.000000,4.000000,4.000000,4.000000,4.000000,96.000000,96.000000,96.000000,96.000000,96.000000,5.0,-12.4977,-11.5371,-49.9910,-50.9516,PENDING_AG03,FALSE,NOT_FOR_ENFORCEMENT,-59.9892,448.3143,-62.4887,-59.9892,-2.4995,-0.11761859,-0.11291384,-2.4995,-59.9892,-0.11291384,-2.4995,-2.4995,-2.4995,-2.4995,-2.4995,-59.9892,-0.11291384,-12.4977,-11.5371,-49.9910,-50.9516,-0.09409487,-0.09590298,-0.00470474,6.3248,5.5595,-0.7439,-31.2444,-1.8379,265.6415,42.0000,,6.3248,5.1431,5.1431,5.1431,10.2862,11.0577,21.3439,5.1431,0.0,2.149998,4.150009,1.229762,28,26,2,2,0E-8,-0.11761859,,0E-8,0.000000,0.878993,0.000000,,2026-06-15,2026-06-16,2,34,32,2,1.000000,,,0.000000,,,,,,,,GLOBAL_BASELINE_NO_ENTITY_RANKING,,,NOT_APPLICABLE_GLOBAL_BASELINE,HF9g-P5,,,,X 全窗基线 · 不参与实体赏罚,3920271,393,A168_HF9F_20260827_0900,2026-08-27 09:00:00
2026-06-15,151531393,2258,0,5.1431069509,-5.1431069509,-5.1431069509,0E-7,1,1,0.49324550000000000,0.493245500000,-0.9865810262130424,-0.9865810262130424,-0.9865810262130424,0E-17,ELIGIBLE,R03b_20260811_FULL_v1,L1_ELIGIBILITY,v2026-08-11,2026-03-21..2026-08-06,baccarat_bet02_101_all_pairs_incl_sentinel,round_win = game_pnl > 0 (decisive only),COMPATIBILITY_ONLY_NOT_PRODUCTION,531.2829,466.9941,-62.4887,84,84,0.11761859,,0.11761859,0.11761859,62.4887,531.2829,OK,0.0000,-2.4995,4.0000,96.0000,AG03-UNRESOLVED,ALL5_LEVELS_bet23_to_bet27,-2.4995,-2.4995,-2.4995,-2.4995,-2.4995,4.000000,4.000000,4.000000,4.000000,4.000000,96.000000,96.000000,96.000000,96.000000,96.000000,5.0,-12.4977,-11.5371,-49.9910,-50.9516,PENDING_AG03,FALSE,NOT_FOR_ENFORCEMENT,-59.9892,448.3143,-62.4887,-59.9892,-2.4995,-0.11761859,-0.11291384,-2.4995,-59.9892,-0.11291384,-2.4995,-2.4995,-2.4995,-2.4995,-2.4995,-59.9892,-0.11291384,-12.4977,-11.5371,-49.9910,-50.9516,-0.09409487,-0.09590298,-0.00470474,6.3248,5.5595,-0.7439,-31.2444,-1.8379,265.6415,42.0000,,6.3248,5.1431,5.1431,5.1431,10.2862,11.0577,21.3439,5.1431,0.0,2.149998,4.150009,1.229762,28,26,2,2,0E-8,-0.11761859,,0E-8,0.000000,0.878993,0.000000,,2026-06-15,2026-06-16,2,34,32,2,1.000000,,,0.000000,,,,,,,,GLOBAL_BASELINE_NO_ENTITY_RANKING,,,NOT_APPLICABLE_GLOBAL_BASELINE,HF9g-P5,,,,X 全窗基线 · 不参与实体赏罚,3920272,393,A168_HF9F_20260827_0900,2026-08-27 09:00:00
2026-06-15,151531393,2266,0,30.8586417054,25.7155347545,25.7155347545,1.0000000,2,2,0.49994810000000000,0.499948100000,1.0001038053877793,1.0001038053877793,1.0001038053877793,0E-17,ELIGIBLE,R03b_20260811_FULL_v1,L1_ELIGIBILITY,v2026-08-11,2026-03-21..2026-08-06,baccarat_bet02_101_all_pairs_incl_sentinel,round_win = game_pnl > 0 (decisive only),COMPATIBILITY_ONLY_NOT_PRODUCTION,531.2829,466.9941,-62.4887,84,84,0.11761859,,0.11761859,0.11761859,62.4887,531.2829,OK,0.0000,-2.4995,4.0000,96.0000,AG03-UNRESOLVED,ALL5_LEVELS_bet23_to_bet27,-2.4995,-2.4995,-2.4995,-2.4995,-2.4995,4.000000,4.000000,4.000000,4.000000,4.000000,96.000000,96.000000,96.000000,96.000000,96.000000,5.0,-12.4977,-11.5371,-49.9910,-50.9516,PENDING_AG03,FALSE,NOT_FOR_ENFORCEMENT,-59.9892,448.3143,-62.4887,-59.9892,-2.4995,-0.11761859,-0.11291384,-2.4995,-59.9892,-0.11291384,-2.4995,-2.4995,-2.4995,-2.4995,-2.4995,-59.9892,-0.11291384,-12.4977,-11.5371,-49.9910,-50.9516,-0.09409487,-0.09590298,-0.00470474,6.3248,5.5595,-0.7439,-31.2444,-1.8379,265.6415,42.0000,,6.3248,5.1431,5.1431,5.1431,10.2862,11.0577,21.3439,5.1431,0.0,2.149998,4.150009,1.229762,28,26,2,2,0E-8,-0.11761859,,0E-8,0.000000,0.878993,0.000000,,2026-06-15,2026-06-16,2,34,32,2,1.000000,,,0.000000,,,,,,,,GLOBAL_BASELINE_NO_ENTITY_RANKING,,,NOT_APPLICABLE_GLOBAL_BASELINE,HF9g-P5,,,,X 全窗基线 · 不参与实体赏罚,3920273,393,A168_HF9F_20260827_0900,2026-08-27 09:00:00
2026-06-15,151531393,2276,0,5.1431069509,5.1431069509,5.1431069509,1.0000000,1,1,0.49324550000000000,0.493245500000,1.01360149184955,1.01360149184955,1.01360149184955,0E-17,ELIGIBLE,R03b_20260811_FULL_v1,L1_ELIGIBILITY,v2026-08-11,2026-03-21..2026-08-06,baccarat_bet02_101_all_pairs_incl_sentinel,round_win = game_pnl > 0 (decisive only),COMPATIBILITY_ONLY_NOT_PRODUCTION,531.2829,466.9941,-62.4887,84,84,0.11761859,,0.11761859,0.11761859,62.4887,531.2829,OK,0.0000,-2.4995,4.0000,96.0000,AG03-UNRESOLVED,ALL5_LEVELS_bet23_to_bet27,-2.4995,-2.4995,-2.4995,-2.4995,-2.4995,4.000000,4.000000,4.000000,4.000000,4.000000,96.000000,96.000000,96.000000,96.000000,96.000000,5.0,-12.4977,-11.5371,-49.9910,-50.9516,PENDING_AG03,FALSE,NOT_FOR_ENFORCEMENT,-59.9892,448.3143,-62.4887,-59.9892,-2.4995,-0.11761859,-0.11291384,-2.4995,-59.9892,-0.11291384,-2.4995,-2.4995,-2.4995,-2.4995,-2.4995,-59.9892,-0.11291384,-12.4977,-11.5371,-49.9910,-50.9516,-0.09409487,-0.09590298,-0.00470474,6.3248,5.5595,-0.7439,-31.2444,-1.8379,265.6415,42.0000,,6.3248,5.1431,5.1431,5.1431,10.2862,11.0577,21.3439,5.1431,0.0,2.149998,4.150009,1.229762,28,26,2,2,0E-8,-0.11761859,,0E-8,0.000000,0.878993,0.000000,,2026-06-15,2026-06-16,2,34,32,2,1.000000,,,0.000000,,,,,,,,GLOBAL_BASELINE_NO_ENTITY_RANKING,,,NOT_APPLICABLE_GLOBAL_BASELINE,HF9g-P5,,,,X 全窗基线 · 不参与实体赏罚,3920274,393,A168_HF9F_20260827_0900,2026-08-27 09:00:00
2026-06-15,151531393,2278,0,28.2870882300,28.0299328825,28.0299328825,1.0000000,3,3,0.49771390000000000,0.497713900000,1.739988277604938,1.739988277604938,1.739988277604938,0E-17,ELIGIBLE,R03b_20260811_FULL_v1,L1_ELIGIBILITY,v2026-08-11,2026-03-21..2026-08-06,baccarat_bet02_101_all_pairs_incl_sentinel,round_win = game_pnl > 0 (decisive only),COMPATIBILITY_ONLY_NOT_PRODUCTION,531.2829,466.9941,-62.4887,84,84,0.11761859,,0.11761859,0.11761859,62.4887,531.2829,OK,0.0000,-2.4995,4.0000,96.0000,AG03-UNRESOLVED,ALL5_LEVELS_bet23_to_bet27,-2.4995,-2.4995,-2.4995,-2.4995,-2.4995,4.000000,4.000000,4.000000,4.000000,4.000000,96.000000,96.000000,96.000000,96.000000,96.000000,5.0,-12.4977,-11.5371,-49.9910,-50.9516,PENDING_AG03,FALSE,NOT_FOR_ENFORCEMENT,-59.9892,448.3143,-62.4887,-59.9892,-2.4995,-0.11761859,-0.11291384,-2.4995,-59.9892,-0.11291384,-2.4995,-2.4995,-2.4995,-2.4995,-2.4995,-59.9892,-0.11291384,-12.4977,-11.5371,-49.9910,-50.9516,-0.09409487,-0.09590298,-0.00470474,6.3248,5.5595,-0.7439,-31.2444,-1.8379,265.6415,42.0000,,6.3248,5.1431,5.1431,5.1431,10.2862,11.0577,21.3439,5.1431,0.0,2.149998,4.150009,1.229762,28,26,2,2,0E-8,-0.11761859,,0E-8,0.000000,0.878993,0.000000,,2026-06-15,2026-06-16,2,34,32,2,1.000000,,,0.000000,,,,,,,,GLOBAL_BASELINE_NO_ENTITY_RANKING,,,NOT_APPLICABLE_GLOBAL_BASELINE,HF9g-P5,,,,X 全窗基线 · 不参与实体赏罚,3920275,393,A168_HF9F_20260827_0900,2026-08-27 09:00:00
2026-06-15,151531393,2281,0,20.5724278036,10.0290585543,10.0290585543,1.0000000,3,3,0.50218230000000000,0.502182300000,1.4080544974538591,1.4080544974538591,1.4080544974538591,0E-17,ELIGIBLE,R03b_20260811_FULL_v1,L1_ELIGIBILITY,v2026-08-11,2026-03-21..2026-08-06,baccarat_bet02_101_all_pairs_incl_sentinel,round_win = game_pnl > 0 (decisive only),COMPATIBILITY_ONLY_NOT_PRODUCTION,531.2829,466.9941,-62.4887,84,84,0.11761859,,0.11761859,0.11761859,62.4887,531.2829,OK,0.0000,-2.4995,4.0000,96.0000,AG03-UNRESOLVED,ALL5_LEVELS_bet23_to_bet27,-2.4995,-2.4995,-2.4995,-2.4995,-2.4995,4.000000,4.000000,4.000000,4.000000,4.000000,96.000000,96.000000,96.000000,96.000000,96.000000,5.0,-12.4977,-11.5371,-49.9910,-50.9516,PENDING_AG03,FALSE,NOT_FOR_ENFORCEMENT,-59.9892,448.3143,-62.4887,-59.9892,-2.4995,-0.11761859,-0.11291384,-2.4995,-59.9892,-0.11291384,-2.4995,-2.4995,-2.4995,-2.4995,-2.4995,-59.9892,-0.11291384,-12.4977,-11.5371,-49.9910,-50.9516,-0.09409487,-0.09590298,-0.00470474,6.3248,5.5595,-0.7439,-31.2444,-1.8379,265.6415,42.0000,,6.3248,5.1431,5.1431,5.1431,10.2862,11.0577,21.3439,5.1431,0.0,2.149998,4.150009,1.229762,28,26,2,2,0E-8,-0.11761859,,0E-8,0.000000,0.878993,0.000000,,2026-06-15,2026-06-16,2,34,32,2,1.000000,,,0.000000,,,,,,,,GLOBAL_BASELINE_NO_ENTITY_RANKING,,,NOT_APPLICABLE_GLOBAL_BASELINE,HF9g-P5,,,,X 全窗基线 · 不参与实体赏罚,3920276,393,A168_HF9F_20260827_0900,2026-08-27 09:00:00
2026-06-15,151531393,789,0,15.4293208527,4.6287962558,4.6287962558,0.5000000,2,2,0.50665070000000000,0.506650700000,-0.018812684590367487,-0.018812684590367487,-0.018812684590367487,0E-17,ELIGIBLE,R03b_20260811_FULL_v1,L1_ELIGIBILITY,v2026-08-11,2026-03-21..2026-08-06,baccarat_bet02_101_all_pairs_incl_sentinel,round_win = game_pnl > 0 (decisive only),COMPATIBILITY_ONLY_NOT_PRODUCTION,531.2829,466.9941,-62.4887,84,84,0.11761859,,0.11761859,0.11761859,62.4887,531.2829,OK,0.0000,-2.4995,4.0000,96.0000,AG03-UNRESOLVED,ALL5_LEVELS_bet23_to_bet27,-2.4995,-2.4995,-2.4995,-2.4995,-2.4995,4.000000,4.000000,4.000000,4.000000,4.000000,96.000000,96.000000,96.000000,96.000000,96.000000,5.0,-12.4977,-11.5371,-49.9910,-50.9516,PENDING_AG03,FALSE,NOT_FOR_ENFORCEMENT,-59.9892,448.3143,-62.4887,-59.9892,-2.4995,-0.11761859,-0.11291384,-2.4995,-59.9892,-0.11291384,-2.4995,-2.4995,-2.4995,-2.4995,-2.4995,-59.9892,-0.11291384,-12.4977,-11.5371,-49.9910,-50.9516,-0.09409487,-0.09590298,-0.00470474,6.3248,5.5595,-0.7439,-31.2444,-1.8379,265.6415,42.0000,,6.3248,5.1431,5.1431,5.1431,10.2862,11.0577,21.3439,5.1431,0.0,2.149998,4.150009,1.229762,28,26,2,2,0E-8,-0.11761859,,0E-8,0.000000,0.878993,0.000000,,2026-06-15,2026-06-16,2,34,32,2,1.000000,,,0.000000,,,,,,,,GLOBAL_BASELINE_NO_ENTITY_RANKING,,,NOT_APPLICABLE_GLOBAL_BASELINE,HF9g-P5,,,,X 全窗基线 · 不参与实体赏罚,3920277,393,A168_HF9F_20260827_0900,2026-08-27 09:00:00
2026-06-15,151531393,948,0,10.2862139018,10.2862139018,10.2862139018,1.0000000,1,1,0.49324550000000000,0.493245500000,1.01360149184955,1.01360149184955,1.01360149184955,0E-17,ELIGIBLE,R03b_20260811_FULL_v1,L1_ELIGIBILITY,v2026-08-11,2026-03-21..2026-08-06,baccarat_bet02_101_all_pairs_incl_sentinel,round_win = game_pnl > 0 (decisive only),COMPATIBILITY_ONLY_NOT_PRODUCTION,531.2829,466.9941,-62.4887,84,84,0.11761859,,0.11761859,0.11761859,62.4887,531.2829,OK,0.0000,-2.4995,4.0000,96.0000,AG03-UNRESOLVED,ALL5_LEVELS_bet23_to_bet27,-2.4995,-2.4995,-2.4995,-2.4995,-2.4995,4.000000,4.000000,4.000000,4.000000,4.000000,96.000000,96.000000,96.000000,96.000000,96.000000,5.0,-12.4977,-11.5371,-49.9910,-50.9516,PENDING_AG03,FALSE,NOT_FOR_ENFORCEMENT,-59.9892,448.3143,-62.4887,-59.9892,-2.4995,-0.11761859,-0.11291384,-2.4995,-59.9892,-0.11291384,-2.4995,-2.4995,-2.4995,-2.4995,-2.4995,-59.9892,-0.11291384,-12.4977,-11.5371,-49.9910,-50.9516,-0.09409487,-0.09590298,-0.00470474,6.3248,5.5595,-0.7439,-31.2444,-1.8379,265.6415,42.0000,,6.3248,5.1431,5.1431,5.1431,10.2862,11.0577,21.3439,5.1431,0.0,2.149998,4.150009,1.229762,28,26,2,2,0E-8,-0.11761859,,0E-8,0.000000,0.878993,0.000000,,2026-06-15,2026-06-16,2,34,32,2,1.000000,,,0.000000,,,,,,,,GLOBAL_BASELINE_NO_ENTITY_RANKING,,,NOT_APPLICABLE_GLOBAL_BASELINE,HF9g-P5,,,,X 全窗基线 · 不参与实体赏罚,3920278,393,A168_HF9F_20260827_0900,2026-08-27 09:00:00
2026-06-15,151531393,986,0,5.1431069509,4.8859516034,4.8859516034,1.0000000,1,1,0.50665070000000000,0.506650700000,0.9867858985152569,0.9867858985152569,0.9867858985152569,0E-17,ELIGIBLE,R03b_20260811_FULL_v1,L1_ELIGIBILITY,v2026-08-11,2026-03-21..2026-08-06,baccarat_bet02_101_all_pairs_incl_sentinel,round_win = game_pnl > 0 (decisive only),COMPATIBILITY_ONLY_NOT_PRODUCTION,531.2829,466.9941,-62.4887,84,84,0.11761859,,0.11761859,0.11761859,62.4887,531.2829,OK,0.0000,-2.4995,4.0000,96.0000,AG03-UNRESOLVED,ALL5_LEVELS_bet23_to_bet27,-2.4995,-2.4995,-2.4995,-2.4995,-2.4995,4.000000,4.000000,4.000000,4.000000,4.000000,96.000000,96.000000,96.000000,96.000000,96.000000,5.0,-12.4977,-11.5371,-49.9910,-50.9516,PENDING_AG03,FALSE,NOT_FOR_ENFORCEMENT,-59.9892,448.3143,-62.4887,-59.9892,-2.4995,-0.11761859,-0.11291384,-2.4995,-59.9892,-0.11291384,-2.4995,-2.4995,-2.4995,-2.4995,-2.4995,-59.9892,-0.11291384,-12.4977,-11.5371,-49.9910,-50.9516,-0.09409487,-0.09590298,-0.00470474,6.3248,5.5595,-0.7439,-31.2444,-1.8379,265.6415,42.0000,,6.3248,5.1431,5.1431,5.1431,10.2862,11.0577,21.3439,5.1431,0.0,2.149998,4.150009,1.229762,28,26,2,2,0E-8,-0.11761859,,0E-8,0.000000,0.878993,0.000000,,2026-06-15,2026-06-16,2,34,32,2,1.000000,,,0.000000,,,,,,,,GLOBAL_BASELINE_NO_ENTITY_RANKING,,,NOT_APPLICABLE_GLOBAL_BASELINE,HF9g-P5,,,,X 全窗基线 · 不参与实体赏罚,3920279,393,A168_HF9F_20260827_0900,2026-08-27 09:00:00
2026-06-16,151531393,-1,1,10.2862139018,-10.2862139018,-10.2862139018,0E-7,2,2,0.49994810000000000,0.499948100000,-1.4140667746232096,-1.4140667746232096,-1.4140667746232096,0E-17,SENTINEL_DEALER,R03b_20260811_FULL_v1,L1_ELIGIBILITY,v2026-08-11,2026-03-21..2026-08-06,baccarat_bet02_101_all_pairs_incl_sentinel,round_win = game_pnl > 0 (decisive only),COMPATIBILITY_ONLY_NOT_PRODUCTION,531.2829,466.9941,-62.4887,84,84,0.11761859,,0.11761859,0.11761859,62.4887,531.2829,OK,0.0000,-2.4995,4.0000,96.0000,AG03-UNRESOLVED,ALL5_LEVELS_bet23_to_bet27,-2.4995,-2.4995,-2.4995,-2.4995,-2.4995,4.000000,4.000000,4.000000,4.000000,4.000000,96.000000,96.000000,96.000000,96.000000,96.000000,5.0,-12.4977,-11.5371,-49.9910,-50.9516,PENDING_AG03,FALSE,NOT_FOR_ENFORCEMENT,-59.9892,448.3143,-62.4887,-59.9892,-2.4995,-0.11761859,-0.11291384,-2.4995,-59.9892,-0.11291384,-2.4995,-2.4995,-2.4995,-2.4995,-2.4995,-59.9892,-0.11291384,-12.4977,-11.5371,-49.9910,-50.9516,-0.09409487,-0.09590298,-0.00470474,6.3248,5.5595,-0.7439,-31.2444,-1.8379,265.6415,42.0000,,6.3248,5.1431,5.1431,5.1431,10.2862,11.0577,21.3439,5.1431,0.0,2.149998,4.150009,1.229762,28,26,2,2,0E-8,-0.11761859,,0E-8,0.000000,0.878993,0.000000,,2026-06-15,2026-06-16,2,34,32,2,1.000000,,,0.000000,,,,,,,,GLOBAL_BASELINE_NO_ENTITY_RANKING,,,NOT_APPLICABLE_GLOBAL_BASELINE,HF9g-P5,,,,X 全窗基线 · 不参与实体赏罚,3920280,393,A168_HF9F_20260827_0900,2026-08-27 09:00:00
2026-06-16,151531393,2123,0,7.7146604264,-7.7146604264,-7.7146604264,0E-7,1,1,0.49324550000000000,0.493245500000,-0.9865810262130424,-0.9865810262130424,-0.9865810262130424,0E-17,ELIGIBLE,R03b_20260811_FULL_v1,L1_ELIGIBILITY,v2026-08-11,2026-03-21..2026-08-06,baccarat_bet02_101_all_pairs_incl_sentinel,round_win = game_pnl > 0 (decisive only),COMPATIBILITY_ONLY_NOT_PRODUCTION,531.2829,466.9941,-62.4887,84,84,0.11761859,,0.11761859,0.11761859,62.4887,531.2829,OK,0.0000,-2.4995,4.0000,96.0000,AG03-UNRESOLVED,ALL5_LEVELS_bet23_to_bet27,-2.4995,-2.4995,-2.4995,-2.4995,-2.4995,4.000000,4.000000,4.000000,4.000000,4.000000,96.000000,96.000000,96.000000,96.000000,96.000000,5.0,-12.4977,-11.5371,-49.9910,-50.9516,PENDING_AG03,FALSE,NOT_FOR_ENFORCEMENT,-59.9892,448.3143,-62.4887,-59.9892,-2.4995,-0.11761859,-0.11291384,-2.4995,-59.9892,-0.11291384,-2.4995,-2.4995,-2.4995,-2.4995,-2.4995,-59.9892,-0.11291384,-12.4977,-11.5371,-49.9910,-50.9516,-0.09409487,-0.09590298,-0.00470474,6.3248,5.5595,-0.7439,-31.2444,-1.8379,265.6415,42.0000,,6.3248,5.1431,5.1431,5.1431,10.2862,11.0577,21.3439,5.1431,0.0,2.149998,4.150009,1.229762,28,26,2,2,0E-8,-0.11761859,,0E-8,0.000000,0.878993,0.000000,,2026-06-15,2026-06-16,2,34,32,2,1.000000,,,0.000000,,,,,,,,GLOBAL_BASELINE_NO_ENTITY_RANKING,,,NOT_APPLICABLE_GLOBAL_BASELINE,HF9g-P5,,,,X 全窗基线 · 不参与实体赏罚,3920281,393,A168_HF9F_20260827_0900,2026-08-27 09:00:00
2026-06-16,151531393,2267,0,6.6860390362,-6.6860390362,-6.6860390362,0E-7,1,1,0.49324550000000000,0.493245500000,-0.9865810262130424,-0.9865810262130424,-0.9865810262130424,0E-17,ELIGIBLE,R03b_20260811_FULL_v1,L1_ELIGIBILITY,v2026-08-11,2026-03-21..2026-08-06,baccarat_bet02_101_all_pairs_incl_sentinel,round_win = game_pnl > 0 (decisive only),COMPATIBILITY_ONLY_NOT_PRODUCTION,531.2829,466.9941,-62.4887,84,84,0.11761859,,0.11761859,0.11761859,62.4887,531.2829,OK,0.0000,-2.4995,4.0000,96.0000,AG03-UNRESOLVED,ALL5_LEVELS_bet23_to_bet27,-2.4995,-2.4995,-2.4995,-2.4995,-2.4995,4.000000,4.000000,4.000000,4.000000,4.000000,96.000000,96.000000,96.000000,96.000000,96.000000,5.0,-12.4977,-11.5371,-49.9910,-50.9516,PENDING_AG03,FALSE,NOT_FOR_ENFORCEMENT,-59.9892,448.3143,-62.4887,-59.9892,-2.4995,-0.11761859,-0.11291384,-2.4995,-59.9892,-0.11291384,-2.4995,-2.4995,-2.4995,-2.4995,-2.4995,-59.9892,-0.11291384,-12.4977,-11.5371,-49.9910,-50.9516,-0.09409487,-0.09590298,-0.00470474,6.3248,5.5595,-0.7439,-31.2444,-1.8379,265.6415,42.0000,,6.3248,5.1431,5.1431,5.1431,10.2862,11.0577,21.3439,5.1431,0.0,2.149998,4.150009,1.229762,28,26,2,2,0E-8,-0.11761859,,0E-8,0.000000,0.878993,0.000000,,2026-06-15,2026-06-16,2,34,32,2,1.000000,,,0.000000,,,,,,,,GLOBAL_BASELINE_NO_ENTITY_RANKING,,,NOT_APPLICABLE_GLOBAL_BASELINE,HF9g-P5,,,,X 全窗基线 · 不参与实体赏罚,3920282,393,A168_HF9F_20260827_0900,2026-08-27 09:00:00
2026-06-11,150000903,-1,1,210.8673849874,43.0735207138,43.0735207138,0.6153846,13,13,0.49943251538461538,0.499432515385,0.8361430226366018,0.8361430226338276,0.8361430226366018,-3.8462E-13,SENTINEL_DEALER,R03b_20260811_FULL_v1,L1_ELIGIBILITY,v2026-08-11,2026-03-21..2026-08-06,baccarat_bet02_101_all_pairs_incl_sentinel,round_win = game_pnl > 0 (decisive only),COMPATIBILITY_ONLY_NOT_PRODUCTION,12571.0392,11367.5521,-62.4887,904,894,0.00497085,,0.00497085,0.00497085,62.4887,12571.0392,OK,0.0000,-2.4995,4.0000,96.0000,AG03-UNRESOLVED,ALL5_LEVELS_bet23_to_bet27,-2.4995,-3.1244,-3.1244,-3.1244,-3.1244,4.000000,5.000000,5.000000,5.000000,5.000000,96.000000,95.000000,95.000000,95.000000,95.000000,5.0,-14.9973,-13.6272,-47.4914,-48.8616,PENDING_AG03,FALSE,NOT_FOR_ENFORCEMENT,-59.9892,10912.8501,-62.4887,-59.9892,-2.4995,-0.00497085,-0.00477202,-2.4995,-59.9892,-0.00477202,-2.4995,-3.1244,-3.1244,-3.1244,-3.1244,-59.9892,-0.00477202,-14.9973,-13.6272,-47.4914,-48.8616,-0.00377785,-0.00388684,-0.00019883,13.9060,12.7154,-0.0699,-6.2489,-0.5251,1257.1039,89.4000,,13.9060,12.8578,12.8578,12.8578,25.7155,25.7155,38.5733,12.8578,0.0,2.0,3.0,1.081527,20,92,12,6,0E-8,-0.00497085,,0E-8,0.000000,0.904265,0.000000,,2026-06-11,2026-06-30,10,119,81,20,0.500000,,,0.000000,,,,,,,,GLOBAL_BASELINE_NO_ENTITY_RANKING,,,NOT_APPLICABLE_GLOBAL_BASELINE,HF9g-P5,,,,X 全窗基线 · 不参与实体赏罚,3920283,393,A168_HF9F_20260827_0900,2026-08-27 09:00:00
2026-06-11,150000903,1078,0,82.2897112145,30.8586417054,30.8586417054,0.6666667,4,4,0.50665070000000000,0.506650700000,0.5543606114942035,0.5543606114942035,0.5543606114942035,0E-17,ELIGIBLE,R03b_20260811_FULL_v1,L1_ELIGIBILITY,v2026-08-11,2026-03-21..2026-08-06,baccarat_bet02_101_all_pairs_incl_sentinel,round_win = game_pnl > 0 (decisive only),COMPATIBILITY_ONLY_NOT_PRODUCTION,12571.0392,11367.5521,-62.4887,904,894,0.00497085,,0.00497085,0.00497085,62.4887,12571.0392,OK,0.0000,-2.4995,4.0000,96.0000,AG03-UNRESOLVED,ALL5_LEVELS_bet23_to_bet27,-2.4995,-3.1244,-3.1244,-3.1244,-3.1244,4.000000,5.000000,5.000000,5.000000,5.000000,96.000000,95.000000,95.000000,95.000000,95.000000,5.0,-14.9973,-13.6272,-47.4914,-48.8616,PENDING_AG03,FALSE,NOT_FOR_ENFORCEMENT,-59.9892,10912.8501,-62.4887,-59.9892,-2.4995,-0.00497085,-0.00477202,-2.4995,-59.9892,-0.00477202,-2.4995,-3.1244,-3.1244,-3.1244,-3.1244,-59.9892,-0.00477202,-14.9973,-13.6272,-47.4914,-48.8616,-0.00377785,-0.00388684,-0.00019883,13.9060,12.7154,-0.0699,-6.2489,-0.5251,1257.1039,89.4000,,13.9060,12.8578,12.8578,12.8578,25.7155,25.7155,38.5733,12.8578,0.0,2.0,3.0,1.081527,20,92,12,6,0E-8,-0.00497085,,0E-8,0.000000,0.904265,0.000000,,2026-06-11,2026-06-30,10,119,81,20,0.500000,,,0.000000,,,,,,,,GLOBAL_BASELINE_NO_ENTITY_RANKING,,,NOT_APPLICABLE_GLOBAL_BASELINE,HF9g-P5,,,,X 全窗基线 · 不参与实体赏罚,3920284,393,A168_HF9F_20260827_0900,2026-08-27 09:00:00
2026-06-11,150000903,1221,0,72.0034973129,7.3289274050,7.3289274050,0.6000000,6,6,0.49771390000000000,0.497713900000,0.4574421269484404,0.45744212694844033,0.4574421269484404,0E-17,ELIGIBLE,R03b_20260811_FULL_v1,L1_ELIGIBILITY,v2026-08-11,2026-03-21..2026-08-06,baccarat_bet02_101_all_pairs_incl_sentinel,round_win = game_pnl > 0 (decisive only),COMPATIBILITY_ONLY_NOT_PRODUCTION,12571.0392,11367.5521,-62.4887,904,894,0.00497085,,0.00497085,0.00497085,62.4887,12571.0392,OK,0.0000,-2.4995,4.0000,96.0000,AG03-UNRESOLVED,ALL5_LEVELS_bet23_to_bet27,-2.4995,-3.1244,-3.1244,-3.1244,-3.1244,4.000000,5.000000,5.000000,5.000000,5.000000,96.000000,95.000000,95.000000,95.000000,95.000000,5.0,-14.9973,-13.6272,-47.4914,-48.8616,PENDING_AG03,FALSE,NOT_FOR_ENFORCEMENT,-59.9892,10912.8501,-62.4887,-59.9892,-2.4995,-0.00497085,-0.00477202,-2.4995,-59.9892,-0.00477202,-2.4995,-3.1244,-3.1244,-3.1244,-3.1244,-59.9892,-0.00477202,-14.9973,-13.6272,-47.4914,-48.8616,-0.00377785,-0.00388684,-0.00019883,13.9060,12.7154,-0.0699,-6.2489,-0.5251,1257.1039,89.4000,,13.9060,12.8578,12.8578,12.8578,25.7155,25.7155,38.5733,12.8578,0.0,2.0,3.0,1.081527,20,92,12,6,0E-8,-0.00497085,,0E-8,0.000000,0.904265,0.000000,,2026-06-11,2026-06-30,10,119,81,20,0.500000,,,0.000000,,,,,,,,GLOBAL_BASELINE_NO_ENTITY_RANKING,,,NOT_APPLICABLE_GLOBAL_BASELINE,HF9g-P5,,,,X 全窗基线 · 不参与实体赏罚,3920285,393,A168_HF9F_20260827_0900,2026-08-27 09:00:00
2026-06-11,150000903,1325,0,38.5733021319,0E-10,0E-10,0.5000000,3,3,0.49771390000000000,0.497713900000,0.006466134837551399,0.0064661348375514,0.006466134837551399,0E-17,ELIGIBLE,R03b_20260811_FULL_v1,L1_ELIGIBILITY,v2026-08-11,2026-03-21..2026-08-06,baccarat_bet02_101_all_pairs_incl_sentinel,round_win = game_pnl > 0 (decisive only),COMPATIBILITY_ONLY_NOT_PRODUCTION,12571.0392,11367.5521,-62.4887,904,894,0.00497085,,0.00497085,0.00497085,62.4887,12571.0392,OK,0.0000,-2.4995,4.0000,96.0000,AG03-UNRESOLVED,ALL5_LEVELS_bet23_to_bet27,-2.4995,-3.1244,-3.1244,-3.1244,-3.1244,4.000000,5.000000,5.000000,5.000000,5.000000,96.000000,95.000000,95.000000,95.000000,95.000000,5.0,-14.9973,-13.6272,-47.4914,-48.8616,PENDING_AG03,FALSE,NOT_FOR_ENFORCEMENT,-59.9892,10912.8501,-62.4887,-59.9892,-2.4995,-0.00497085,-0.00477202,-2.4995,-59.9892,-0.00477202,-2.4995,-3.1244,-3.1244,-3.1244,-3.1244,-59.9892,-0.00477202,-14.9973,-13.6272,-47.4914,-48.8616,-0.00377785,-0.00388684,-0.00019883,13.9060,12.7154,-0.0699,-6.2489,-0.5251,1257.1039,89.4000,,13.9060,12.8578,12.8578,12.8578,25.7155,25.7155,38.5733,12.8578,0.0,2.0,3.0,1.081527,20,92,12,6,0E-8,-0.00497085,,0E-8,0.000000,0.904265,0.000000,,2026-06-11,2026-06-30,10,119,81,20,0.500000,,,0.000000,,,,,,,,GLOBAL_BASELINE_NO_ENTITY_RANKING,,,NOT_APPLICABLE_GLOBAL_BASELINE,HF9g-P5,,,,X 全窗基线 · 不参与实体赏罚,3920286,393,A168_HF9F_20260827_0900,2026-08-27 09:00:00
2026-06-11,150000903,1382,0,38.5733021319,-13.5006557462,-13.5006557462,0.3333333,3,3,0.49771390000000000,0.497713900000,-0.5694369385616226,-0.5694369385616226,-0.5694369385616226,0E-17,ELIGIBLE,R03b_20260811_FULL_v1,L1_ELIGIBILITY,v2026-08-11,2026-03-21..2026-08-06,baccarat_bet02_101_all_pairs_incl_sentinel,round_win = game_pnl > 0 (decisive only),COMPATIBILITY_ONLY_NOT_PRODUCTION,12571.0392,11367.5521,-62.4887,904,894,0.00497085,,0.00497085,0.00497085,62.4887,12571.0392,OK,0.0000,-2.4995,4.0000,96.0000,AG03-UNRESOLVED,ALL5_LEVELS_bet23_to_bet27,-2.4995,-3.1244,-3.1244,-3.1244,-3.1244,4.000000,5.000000,5.000000,5.000000,5.000000,96.000000,95.000000,95.000000,95.000000,95.000000,5.0,-14.9973,-13.6272,-47.4914,-48.8616,PENDING_AG03,FALSE,NOT_FOR_ENFORCEMENT,-59.9892,10912.8501,-62.4887,-59.9892,-2.4995,-0.00497085,-0.00477202,-2.4995,-59.9892,-0.00477202,-2.4995,-3.1244,-3.1244,-3.1244,-3.1244,-59.9892,-0.00477202,-14.9973,-13.6272,-47.4914,-48.8616,-0.00377785,-0.00388684,-0.00019883,13.9060,12.7154,-0.0699,-6.2489,-0.5251,1257.1039,89.4000,,13.9060,12.8578,12.8578,12.8578,25.7155,25.7155,38.5733,12.8578,0.0,2.0,3.0,1.081527,20,92,12,6,0E-8,-0.00497085,,0E-8,0.000000,0.904265,0.000000,,2026-06-11,2026-06-30,10,119,81,20,0.500000,,,0.000000,,,,,,,,GLOBAL_BASELINE_NO_ENTITY_RANKING,,,NOT_APPLICABLE_GLOBAL_BASELINE,HF9g-P5,,,,X 全窗基线 · 不参与实体赏罚,3920287,393,A168_HF9F_20260827_0900,2026-08-27 09:00:00
2026-06-11,150000903,1384,0,59.1457299355,-33.4301951809,-33.4301951809,0.2500000,4,4,0.49659680000000000,0.496596800000,-0.9864100490137353,-0.9864100490137354,-0.9864100490137353,0E-17,ELIGIBLE,R03b_20260811_FULL_v1,L1_ELIGIBILITY,v2026-08-11,2026-03-21..2026-08-06,baccarat_bet02_101_all_pairs_incl_sentinel,round_win = game_pnl > 0 (decisive only),COMPATIBILITY_ONLY_NOT_PRODUCTION,12571.0392,11367.5521,-62.4887,904,894,0.00497085,,0.00497085,0.00497085,62.4887,12571.0392,OK,0.0000,-2.4995,4.0000,96.0000,AG03-UNRESOLVED,ALL5_LEVELS_bet23_to_bet27,-2.4995,-3.1244,-3.1244,-3.1244,-3.1244,4.000000,5.000000,5.000000,5.000000,5.000000,96.000000,95.000000,95.000000,95.000000,95.000000,5.0,-14.9973,-13.6272,-47.4914,-48.8616,PENDING_AG03,FALSE,NOT_FOR_ENFORCEMENT,-59.9892,10912.8501,-62.4887,-59.9892,-2.4995,-0.00497085,-0.00477202,-2.4995,-59.9892,-0.00477202,-2.4995,-3.1244,-3.1244,-3.1244,-3.1244,-59.9892,-0.00477202,-14.9973,-13.6272,-47.4914,-48.8616,-0.00377785,-0.00388684,-0.00019883,13.9060,12.7154,-0.0699,-6.2489,-0.5251,1257.1039,89.4000,,13.9060,12.8578,12.8578,12.8578,25.7155,25.7155,38.5733,12.8578,0.0,2.0,3.0,1.081527,20,92,12,6,0E-8,-0.00497085,,0E-8,0.000000,0.904265,0.000000,,2026-06-11,2026-06-30,10,119,81,20,0.500000,,,0.000000,,,,,,,,GLOBAL_BASELINE_NO_ENTITY_RANKING,,,NOT_APPLICABLE_GLOBAL_BASELINE,HF9g-P5,,,,X 全窗基线 · 不参与实体赏罚,3920288,393,A168_HF9F_20260827_0900,2026-08-27 09:00:00
2026-06-11,150000903,1396,0,25.7155347546,-0.6428883689,-0.6428883689,0.5000000,2,2,0.49994810000000000,0.499948100000,0.00014679536856514622,0.00014679536856514622,0.00014679536856514622,0E-17,ELIGIBLE,R03b_20260811_FULL_v1,L1_ELIGIBILITY,v2026-08-11,2026-03-21..2026-08-06,baccarat_bet02_101_all_pairs_incl_sentinel,round_win = game_pnl > 0 (decisive only),COMPATIBILITY_ONLY_NOT_PRODUCTION,12571.0392,11367.5521,-62.4887,904,894,0.00497085,,0.00497085,0.00497085,62.4887,12571.0392,OK,0.0000,-2.4995,4.0000,96.0000,AG03-UNRESOLVED,ALL5_LEVELS_bet23_to_bet27,-2.4995,-3.1244,-3.1244,-3.1244,-3.1244,4.000000,5.000000,5.000000,5.000000,5.000000,96.000000,95.000000,95.000000,95.000000,95.000000,5.0,-14.9973,-13.6272,-47.4914,-48.8616,PENDING_AG03,FALSE,NOT_FOR_ENFORCEMENT,-59.9892,10912.8501,-62.4887,-59.9892,-2.4995,-0.00497085,-0.00477202,-2.4995,-59.9892,-0.00477202,-2.4995,-3.1244,-3.1244,-3.1244,-3.1244,-59.9892,-0.00477202,-14.9973,-13.6272,-47.4914,-48.8616,-0.00377785,-0.00388684,-0.00019883,13.9060,12.7154,-0.0699,-6.2489,-0.5251,1257.1039,89.4000,,13.9060,12.8578,12.8578,12.8578,25.7155,25.7155,38.5733,12.8578,0.0,2.0,3.0,1.081527,20,92,12,6,0E-8,-0.00497085,,0E-8,0.000000,0.904265,0.000000,,2026-06-11,2026-06-30,10,119,81,20,0.500000,,,0.000000,,,,,,,,GLOBAL_BASELINE_NO_ENTITY_RANKING,,,NOT_APPLICABLE_GLOBAL_BASELINE,HF9g-P5,,,,X 全窗基线 · 不参与实体赏罚,3920289,393,A168_HF9F_20260827_0900,2026-08-27 09:00:00
2026-06-11,150000903,1400,0,12.8577673773,-12.8577673773,-12.8577673773,0E-7,1,1,0.50665070000000000,0.506650700000,-1.013391052207602,-1.013391052207602,-1.013391052207602,0E-17,ELIGIBLE,R03b_20260811_FULL_v1,L1_ELIGIBILITY,v2026-08-11,2026-03-21..2026-08-06,baccarat_bet02_101_all_pairs_incl_sentinel,round_win = game_pnl > 0 (decisive only),COMPATIBILITY_ONLY_NOT_PRODUCTION,12571.0392,11367.5521,-62.4887,904,894,0.00497085,,0.00497085,0.00497085,62.4887,12571.0392,OK,0.0000,-2.4995,4.0000,96.0000,AG03-UNRESOLVED,ALL5_LEVELS_bet23_to_bet27,-2.4995,-3.1244,-3.1244,-3.1244,-3.1244,4.000000,5.000000,5.000000,5.000000,5.000000,96.000000,95.000000,95.000000,95.000000,95.000000,5.0,-14.9973,-13.6272,-47.4914,-48.8616,PENDING_AG03,FALSE,NOT_FOR_ENFORCEMENT,-59.9892,10912.8501,-62.4887,-59.9892,-2.4995,-0.00497085,-0.00477202,-2.4995,-59.9892,-0.00477202,-2.4995,-3.1244,-3.1244,-3.1244,-3.1244,-59.9892,-0.00477202,-14.9973,-13.6272,-47.4914,-48.8616,-0.00377785,-0.00388684,-0.00019883,13.9060,12.7154,-0.0699,-6.2489,-0.5251,1257.1039,89.4000,,13.9060,12.8578,12.8578,12.8578,25.7155,25.7155,38.5733,12.8578,0.0,2.0,3.0,1.081527,20,92,12,6,0E-8,-0.00497085,,0E-8,0.000000,0.904265,0.000000,,2026-06-11,2026-06-30,10,119,81,20,0.500000,,,0.000000,,,,,,,,GLOBAL_BASELINE_NO_ENTITY_RANKING,,,NOT_APPLICABLE_GLOBAL_BASELINE,HF9g-P5,,,,X 全窗基线 · 不参与实体赏罚,3920290,393,A168_HF9F_20260827_0900,2026-08-27 09:00:00
2026-06-11,150000903,1405,0,12.8577673773,0E-10,0E-10,,1,1,0.49324550000000000,0.493245500000,,,,0E-17,NO_DECISIVE_ROUND,R03b_20260811_FULL_v1,L1_ELIGIBILITY,v2026-08-11,2026-03-21..2026-08-06,baccarat_bet02_101_all_pairs_incl_sentinel,round_win = game_pnl > 0 (decisive only),COMPATIBILITY_ONLY_NOT_PRODUCTION,12571.0392,11367.5521,-62.4887,904,894,0.00497085,,0.00497085,0.00497085,62.4887,12571.0392,OK,0.0000,-2.4995,4.0000,96.0000,AG03-UNRESOLVED,ALL5_LEVELS_bet23_to_bet27,-2.4995,-3.1244,-3.1244,-3.1244,-3.1244,4.000000,5.000000,5.000000,5.000000,5.000000,96.000000,95.000000,95.000000,95.000000,95.000000,5.0,-14.9973,-13.6272,-47.4914,-48.8616,PENDING_AG03,FALSE,NOT_FOR_ENFORCEMENT,-59.9892,10912.8501,-62.4887,-59.9892,-2.4995,-0.00497085,-0.00477202,-2.4995,-59.9892,-0.00477202,-2.4995,-3.1244,-3.1244,-3.1244,-3.1244,-59.9892,-0.00477202,-14.9973,-13.6272,-47.4914,-48.8616,-0.00377785,-0.00388684,-0.00019883,13.9060,12.7154,-0.0699,-6.2489,-0.5251,1257.1039,89.4000,,13.9060,12.8578,12.8578,12.8578,25.7155,25.7155,38.5733,12.8578,0.0,2.0,3.0,1.081527,20,92,12,6,0E-8,-0.00497085,,0E-8,0.000000,0.904265,0.000000,,2026-06-11,2026-06-30,10,119,81,20,0.500000,,,0.000000,,,,,,,,GLOBAL_BASELINE_NO_ENTITY_RANKING,,,NOT_APPLICABLE_GLOBAL_BASELINE,HF9g-P5,,,,X 全窗基线 · 不参与实体赏罚,3920291,393,A168_HF9F_20260827_0900,2026-08-27 09:00:00
2026-06-11,150000903,1490,0,46.2879625582,3.8573302132,3.8573302132,0.6666667,3,3,0.50665070000000000,0.506650700000,0.5543606114942035,0.5543606114942035,0.5543606114942035,0E-17,ELIGIBLE,R03b_20260811_FULL_v1,L1_ELIGIBILITY,v2026-08-11,2026-03-21..2026-08-06,baccarat_bet02_101_all_pairs_incl_sentinel,round_win = game_pnl > 0 (decisive only),COMPATIBILITY_ONLY_NOT_PRODUCTION,12571.0392,11367.5521,-62.4887,904,894,0.00497085,,0.00497085,0.00497085,62.4887,12571.0392,OK,0.0000,-2.4995,4.0000,96.0000,AG03-UNRESOLVED,ALL5_LEVELS_bet23_to_bet27,-2.4995,-3.1244,-3.1244,-3.1244,-3.1244,4.000000,5.000000,5.000000,5.000000,5.000000,96.000000,95.000000,95.000000,95.000000,95.000000,5.0,-14.9973,-13.6272,-47.4914,-48.8616,PENDING_AG03,FALSE,NOT_FOR_ENFORCEMENT,-59.9892,10912.8501,-62.4887,-59.9892,-2.4995,-0.00497085,-0.00477202,-2.4995,-59.9892,-0.00477202,-2.4995,-3.1244,-3.1244,-3.1244,-3.1244,-59.9892,-0.00477202,-14.9973,-13.6272,-47.4914,-48.8616,-0.00377785,-0.00388684,-0.00019883,13.9060,12.7154,-0.0699,-6.2489,-0.5251,1257.1039,89.4000,,13.9060,12.8578,12.8578,12.8578,25.7155,25.7155,38.5733,12.8578,0.0,2.0,3.0,1.081527,20,92,12,6,0E-8,-0.00497085,,0E-8,0.000000,0.904265,0.000000,,2026-06-11,2026-06-30,10,119,81,20,0.500000,,,0.000000,,,,,,,,GLOBAL_BASELINE_NO_ENTITY_RANKING,,,NOT_APPLICABLE_GLOBAL_BASELINE,HF9g-P5,,,,X 全窗基线 · 不参与实体赏罚,3920292,393,A168_HF9F_20260827_0900,2026-08-27 09:00:00
2026-06-11,150000903,1702,0,77.1466042637,37.9304137629,37.9304137629,0.7500000,5,5,0.49592654000000000,0.495926540000,1.0163275685615971,1.0163275685615971,1.0163275685615971,0E-17,ELIGIBLE,R03b_20260811_FULL_v1,L1_ELIGIBILITY,v2026-08-11,2026-03-21..2026-08-06,baccarat_bet02_101_all_pairs_incl_sentinel,round_win = game_pnl > 0 (decisive only),COMPATIBILITY_ONLY_NOT_PRODUCTION,12571.0392,11367.5521,-62.4887,904,894,0.00497085,,0.00497085,0.00497085,62.4887,12571.0392,OK,0.0000,-2.4995,4.0000,96.0000,AG03-UNRESOLVED,ALL5_LEVELS_bet23_to_bet27,-2.4995,-3.1244,-3.1244,-3.1244,-3.1244,4.000000,5.000000,5.000000,5.000000,5.000000,96.000000,95.000000,95.000000,95.000000,95.000000,5.0,-14.9973,-13.6272,-47.4914,-48.8616,PENDING_AG03,FALSE,NOT_FOR_ENFORCEMENT,-59.9892,10912.8501,-62.4887,-59.9892,-2.4995,-0.00497085,-0.00477202,-2.4995,-59.9892,-0.00477202,-2.4995,-3.1244,-3.1244,-3.1244,-3.1244,-59.9892,-0.00477202,-14.9973,-13.6272,-47.4914,-48.8616,-0.00377785,-0.00388684,-0.00019883,13.9060,12.7154,-0.0699,-6.2489,-0.5251,1257.1039,89.4000,,13.9060,12.8578,12.8578,12.8578,25.7155,25.7155,38.5733,12.8578,0.0,2.0,3.0,1.081527,20,92,12,6,0E-8,-0.00497085,,0E-8,0.000000,0.904265,0.000000,,2026-06-11,2026-06-30,10,119,81,20,0.500000,,,0.000000,,,,,,,,GLOBAL_BASELINE_NO_ENTITY_RANKING,,,NOT_APPLICABLE_GLOBAL_BASELINE,HF9g-P5,,,,X 全窗基线 · 不参与实体赏罚,3920293,393,A168_HF9F_20260827_0900,2026-08-27 09:00:00
2026-06-11,150000903,1941,0,77.1466042637,-0.6428883688,-0.6428883688,0.6000000,5,5,0.49860758000000000,0.498607580000,0.4534424453485946,0.4534424453485946,0.4534424453485946,0E-17,ELIGIBLE,R03b_20260811_FULL_v1,L1_ELIGIBILITY,v2026-08-11,2026-03-21..2026-08-06,baccarat_bet02_101_all_pairs_incl_sentinel,round_win = game_pnl > 0 (decisive only),COMPATIBILITY_ONLY_NOT_PRODUCTION,12571.0392,11367.5521,-62.4887,904,894,0.00497085,,0.00497085,0.00497085,62.4887,12571.0392,OK,0.0000,-2.4995,4.0000,96.0000,AG03-UNRESOLVED,ALL5_LEVELS_bet23_to_bet27,-2.4995,-3.1244,-3.1244,-3.1244,-3.1244,4.000000,5.000000,5.000000,5.000000,5.000000,96.000000,95.000000,95.000000,95.000000,95.000000,5.0,-14.9973,-13.6272,-47.4914,-48.8616,PENDING_AG03,FALSE,NOT_FOR_ENFORCEMENT,-59.9892,10912.8501,-62.4887,-59.9892,-2.4995,-0.00497085,-0.00477202,-2.4995,-59.9892,-0.00477202,-2.4995,-3.1244,-3.1244,-3.1244,-3.1244,-59.9892,-0.00477202,-14.9973,-13.6272,-47.4914,-48.8616,-0.00377785,-0.00388684,-0.00019883,13.9060,12.7154,-0.0699,-6.2489,-0.5251,1257.1039,89.4000,,13.9060,12.8578,12.8578,12.8578,25.7155,25.7155,38.5733,12.8578,0.0,2.0,3.0,1.081527,20,92,12,6,0E-8,-0.00497085,,0E-8,0.000000,0.904265,0.000000,,2026-06-11,2026-06-30,10,119,81,20,0.500000,,,0.000000,,,,,,,,GLOBAL_BASELINE_NO_ENTITY_RANKING,,,NOT_APPLICABLE_GLOBAL_BASELINE,HF9g-P5,,,,X 全窗基线 · 不参与实体赏罚,3920294,393,A168_HF9F_20260827_0900,2026-08-27 09:00:00
2026-06-11,150000903,1994,0,102.8621390182,-52.0739578779,-52.0739578779,0.3333333,5,5,0.50396966000000000,0.503969660000,-0.5911202050821986,-0.5911202050821988,-0.5911202050821986,0E-17,ELIGIBLE,R03b_20260811_FULL_v1,L1_ELIGIBILITY,v2026-08-11,2026-03-21..2026-08-06,baccarat_bet02_101_all_pairs_incl_sentinel,round_win = game_pnl > 0 (decisive only),COMPATIBILITY_ONLY_NOT_PRODUCTION,12571.0392,11367.5521,-62.4887,904,894,0.00497085,,0.00497085,0.00497085,62.4887,12571.0392,OK,0.0000,-2.4995,4.0000,96.0000,AG03-UNRESOLVED,ALL5_LEVELS_bet23_to_bet27,-2.4995,-3.1244,-3.1244,-3.1244,-3.1244,4.000000,5.000000,5.000000,5.000000,5.000000,96.000000,95.000000,95.000000,95.000000,95.000000,5.0,-14.9973,-13.6272,-47.4914,-48.8616,PENDING_AG03,FALSE,NOT_FOR_ENFORCEMENT,-59.9892,10912.8501,-62.4887,-59.9892,-2.4995,-0.00497085,-0.00477202,-2.4995,-59.9892,-0.00477202,-2.4995,-3.1244,-3.1244,-3.1244,-3.1244,-59.9892,-0.00477202,-14.9973,-13.6272,-47.4914,-48.8616,-0.00377785,-0.00388684,-0.00019883,13.9060,12.7154,-0.0699,-6.2489,-0.5251,1257.1039,89.4000,,13.9060,12.8578,12.8578,12.8578,25.7155,25.7155,38.5733,12.8578,0.0,2.0,3.0,1.081527,20,92,12,6,0E-8,-0.00497085,,0E-8,0.000000,0.904265,0.000000,,2026-06-11,2026-06-30,10,119,81,20,0.500000,,,0.000000,,,,,,,,GLOBAL_BASELINE_NO_ENTITY_RANKING,,,NOT_APPLICABLE_GLOBAL_BASELINE,HF9g-P5,,,,X 全窗基线 · 不参与实体赏罚,3920295,393,A168_HF9F_20260827_0900,2026-08-27 09:00:00
2026-06-11,150000903,2106,0,12.8577673773,-12.8577673773,-12.8577673773,0E-7,1,1,0.49324550000000000,0.493245500000,-0.9865810262130424,-0.9865810262130424,-0.9865810262130424,0E-17,ELIGIBLE,R03b_20260811_FULL_v1,L1_ELIGIBILITY,v2026-08-11,2026-03-21..2026-08-06,baccarat_bet02_101_all_pairs_incl_sentinel,round_win = game_pnl > 0 (decisive only),COMPATIBILITY_ONLY_NOT_PRODUCTION,12571.0392,11367.5521,-62.4887,904,894,0.00497085,,0.00497085,0.00497085,62.4887,12571.0392,OK,0.0000,-2.4995,4.0000,96.0000,AG03-UNRESOLVED,ALL5_LEVELS_bet23_to_bet27,-2.4995,-3.1244,-3.1244,-3.1244,-3.1244,4.000000,5.000000,5.000000,5.000000,5.000000,96.000000,95.000000,95.000000,95.000000,95.000000,5.0,-14.9973,-13.6272,-47.4914,-48.8616,PENDING_AG03,FALSE,NOT_FOR_ENFORCEMENT,-59.9892,10912.8501,-62.4887,-59.9892,-2.4995,-0.00497085,-0.00477202,-2.4995,-59.9892,-0.00477202,-2.4995,-3.1244,-3.1244,-3.1244,-3.1244,-59.9892,-0.00477202,-14.9973,-13.6272,-47.4914,-48.8616,-0.00377785,-0.00388684,-0.00019883,13.9060,12.7154,-0.0699,-6.2489,-0.5251,1257.1039,89.4000,,13.9060,12.8578,12.8578,12.8578,25.7155,25.7155,38.5733,12.8578,0.0,2.0,3.0,1.081527,20,92,12,6,0E-8,-0.00497085,,0E-8,0.000000,0.904265,0.000000,,2026-06-11,2026-06-30,10,119,81,20,0.500000,,,0.000000,,,,,,,,GLOBAL_BASELINE_NO_ENTITY_RANKING,,,NOT_APPLICABLE_GLOBAL_BASELINE,HF9g-P5,,,,X 全窗基线 · 不参与实体赏罚,3920296,393,A168_HF9F_20260827_0900,2026-08-27 09:00:00
2026-06-11,150000903,2108,0,64.2888368865,37.9304137630,37.9304137630,0.8000000,5,5,0.49592654000000000,0.495926540000,1.359902984124143,1.359902984124143,1.359902984124143,0E-17,ELIGIBLE,R03b_20260811_FULL_v1,L1_ELIGIBILITY,v2026-08-11,2026-03-21..2026-08-06,baccarat_bet02_101_all_pairs_incl_sentinel,round_win = game_pnl > 0 (decisive only),COMPATIBILITY_ONLY_NOT_PRODUCTION,12571.0392,11367.5521,-62.4887,904,894,0.00497085,,0.00497085,0.00497085,62.4887,12571.0392,OK,0.0000,-2.4995,4.0000,96.0000,AG03-UNRESOLVED,ALL5_LEVELS_bet23_to_bet27,-2.4995,-3.1244,-3.1244,-3.1244,-3.1244,4.000000,5.000000,5.000000,5.000000,5.000000,96.000000,95.000000,95.000000,95.000000,95.000000,5.0,-14.9973,-13.6272,-47.4914,-48.8616,PENDING_AG03,FALSE,NOT_FOR_ENFORCEMENT,-59.9892,10912.8501,-62.4887,-59.9892,-2.4995,-0.00497085,-0.00477202,-2.4995,-59.9892,-0.00477202,-2.4995,-3.1244,-3.1244,-3.1244,-3.1244,-59.9892,-0.00477202,-14.9973,-13.6272,-47.4914,-48.8616,-0.00377785,-0.00388684,-0.00019883,13.9060,12.7154,-0.0699,-6.2489,-0.5251,1257.1039,89.4000,,13.9060,12.8578,12.8578,12.8578,25.7155,25.7155,38.5733,12.8578,0.0,2.0,3.0,1.081527,20,92,12,6,0E-8,-0.00497085,,0E-8,0.000000,0.904265,0.000000,,2026-06-11,2026-06-30,10,119,81,20,0.500000,,,0.000000,,,,,,,,GLOBAL_BASELINE_NO_ENTITY_RANKING,,,NOT_APPLICABLE_GLOBAL_BASELINE,HF9g-P5,,,,X 全窗基线 · 不参与实体赏罚,3920297,393,A168_HF9F_20260827_0900,2026-08-27 09:00:00
2026-06-11,150000903,2160,0,77.1466042638,-0.6428883689,-0.6428883689,0.5000000,6,6,0.49771390000000000,0.497713900000,0.011199674067230152,0.011199674067230152,0.011199674067230152,0E-17,ELIGIBLE,R03b_20260811_FULL_v1,L1_ELIGIBILITY,v2026-08-11,2026-03-21..2026-08-06,baccarat_bet02_101_all_pairs_incl_sentinel,round_win = game_pnl > 0 (decisive only),COMPATIBILITY_ONLY_NOT_PRODUCTION,12571.0392,11367.5521,-62.4887,904,894,0.00497085,,0.00497085,0.00497085,62.4887,12571.0392,OK,0.0000,-2.4995,4.0000,96.0000,AG03-UNRESOLVED,ALL5_LEVELS_bet23_to_bet27,-2.4995,-3.1244,-3.1244,-3.1244,-3.1244,4.000000,5.000000,5.000000,5.000000,5.000000,96.000000,95.000000,95.000000,95.000000,95.000000,5.0,-14.9973,-13.6272,-47.4914,-48.8616,PENDING_AG03,FALSE,NOT_FOR_ENFORCEMENT,-59.9892,10912.8501,-62.4887,-59.9892,-2.4995,-0.00497085,-0.00477202,-2.4995,-59.9892,-0.00477202,-2.4995,-3.1244,-3.1244,-3.1244,-3.1244,-59.9892,-0.00477202,-14.9973,-13.6272,-47.4914,-48.8616,-0.00377785,-0.00388684,-0.00019883,13.9060,12.7154,-0.0699,-6.2489,-0.5251,1257.1039,89.4000,,13.9060,12.8578,12.8578,12.8578,25.7155,25.7155,38.5733,12.8578,0.0,2.0,3.0,1.081527,20,92,12,6,0E-8,-0.00497085,,0E-8,0.000000,0.904265,0.000000,,2026-06-11,2026-06-30,10,119,81,20,0.500000,,,0.000000,,,,,,,,GLOBAL_BASELINE_NO_ENTITY_RANKING,,,NOT_APPLICABLE_GLOBAL_BASELINE,HF9g-P5,,,,X 全窗基线 · 不参与实体赏罚,3920298,393,A168_HF9F_20260827_0900,2026-08-27 09:00:00
2026-06-11,150000903,2212,0,38.5733021319,37.2875253941,37.2875253941,1.0000000,3,3,0.50218230000000000,0.502182300000,1.724507524396475,1.7245075243964754,1.724507524396475,0E-17,ELIGIBLE,R03b_20260811_FULL_v1,L1_ELIGIBILITY,v2026-08-11,2026-03-21..2026-08-06,baccarat_bet02_101_all_pairs_incl_sentinel,round_win = game_pnl > 0 (decisive only),COMPATIBILITY_ONLY_NOT_PRODUCTION,12571.0392,11367.5521,-62.4887,904,894,0.00497085,,0.00497085,0.00497085,62.4887,12571.0392,OK,0.0000,-2.4995,4.0000,96.0000,AG03-UNRESOLVED,ALL5_LEVELS_bet23_to_bet27,-2.4995,-3.1244,-3.1244,-3.1244,-3.1244,4.000000,5.000000,5.000000,5.000000,5.000000,96.000000,95.000000,95.000000,95.000000,95.000000,5.0,-14.9973,-13.6272,-47.4914,-48.8616,PENDING_AG03,FALSE,NOT_FOR_ENFORCEMENT,-59.9892,10912.8501,-62.4887,-59.9892,-2.4995,-0.00497085,-0.00477202,-2.4995,-59.9892,-0.00477202,-2.4995,-3.1244,-3.1244,-3.1244,-3.1244,-59.9892,-0.00477202,-14.9973,-13.6272,-47.4914,-48.8616,-0.00377785,-0.00388684,-0.00019883,13.9060,12.7154,-0.0699,-6.2489,-0.5251,1257.1039,89.4000,,13.9060,12.8578,12.8578,12.8578,25.7155,25.7155,38.5733,12.8578,0.0,2.0,3.0,1.081527,20,92,12,6,0E-8,-0.00497085,,0E-8,0.000000,0.904265,0.000000,,2026-06-11,2026-06-30,10,119,81,20,0.500000,,,0.000000,,,,,,,,GLOBAL_BASELINE_NO_ENTITY_RANKING,,,NOT_APPLICABLE_GLOBAL_BASELINE,HF9g-P5,,,,X 全窗基线 · 不参与实体赏罚,3920299,393,A168_HF9F_20260827_0900,2026-08-27 09:00:00
2026-06-11,150000903,2222,0,12.8577673773,-12.8577673773,-12.8577673773,0E-7,1,1,0.50665070000000000,0.506650700000,-1.013391052207602,-1.013391052207602,-1.013391052207602,0E-17,ELIGIBLE,R03b_20260811_FULL_v1,L1_ELIGIBILITY,v2026-08-11,2026-03-21..2026-08-06,baccarat_bet02_101_all_pairs_incl_sentinel,round_win = game_pnl > 0 (decisive only),COMPATIBILITY_ONLY_NOT_PRODUCTION,12571.0392,11367.5521,-62.4887,904,894,0.00497085,,0.00497085,0.00497085,62.4887,12571.0392,OK,0.0000,-2.4995,4.0000,96.0000,AG03-UNRESOLVED,ALL5_LEVELS_bet23_to_bet27,-2.4995,-3.1244,-3.1244,-3.1244,-3.1244,4.000000,5.000000,5.000000,5.000000,5.000000,96.000000,95.000000,95.000000,95.000000,95.000000,5.0,-14.9973,-13.6272,-47.4914,-48.8616,PENDING_AG03,FALSE,NOT_FOR_ENFORCEMENT,-59.9892,10912.8501,-62.4887,-59.9892,-2.4995,-0.00497085,-0.00477202,-2.4995,-59.9892,-0.00477202,-2.4995,-3.1244,-3.1244,-3.1244,-3.1244,-59.9892,-0.00477202,-14.9973,-13.6272,-47.4914,-48.8616,-0.00377785,-0.00388684,-0.00019883,13.9060,12.7154,-0.0699,-6.2489,-0.5251,1257.1039,89.4000,,13.9060,12.8578,12.8578,12.8578,25.7155,25.7155,38.5733,12.8578,0.0,2.0,3.0,1.081527,20,92,12,6,0E-8,-0.00497085,,0E-8,0.000000,0.904265,0.000000,,2026-06-11,2026-06-30,10,119,81,20,0.500000,,,0.000000,,,,,,,,GLOBAL_BASELINE_NO_ENTITY_RANKING,,,NOT_APPLICABLE_GLOBAL_BASELINE,HF9g-P5,,,,X 全窗基线 · 不参与实体赏罚,3920300,393,A168_HF9F_20260827_0900,2026-08-27 09:00:00
2026-06-11,150000903,2234,0,12.8577673773,-12.8577673773,-12.8577673773,0E-7,1,1,0.50665070000000000,0.506650700000,-1.013391052207602,-1.013391052207602,-1.013391052207602,0E-17,ELIGIBLE,R03b_20260811_FULL_v1,L1_ELIGIBILITY,v2026-08-11,2026-03-21..2026-08-06,baccarat_bet02_101_all_pairs_incl_sentinel,round_win = game_pnl > 0 (decisive only),COMPATIBILITY_ONLY_NOT_PRODUCTION,12571.0392,11367.5521,-62.4887,904,894,0.00497085,,0.00497085,0.00497085,62.4887,12571.0392,OK,0.0000,-2.4995,4.0000,96.0000,AG03-UNRESOLVED,ALL5_LEVELS_bet23_to_bet27,-2.4995,-3.1244,-3.1244,-3.1244,-3.1244,4.000000,5.000000,5.000000,5.000000,5.000000,96.000000,95.000000,95.000000,95.000000,95.000000,5.0,-14.9973,-13.6272,-47.4914,-48.8616,PENDING_AG03,FALSE,NOT_FOR_ENFORCEMENT,-59.9892,10912.8501,-62.4887,-59.9892,-2.4995,-0.00497085,-0.00477202,-2.4995,-59.9892,-0.00477202,-2.4995,-3.1244,-3.1244,-3.1244,-3.1244,-59.9892,-0.00477202,-14.9973,-13.6272,-47.4914,-48.8616,-0.00377785,-0.00388684,-0.00019883,13.9060,12.7154,-0.0699,-6.2489,-0.5251,1257.1039,89.4000,,13.9060,12.8578,12.8578,12.8578,25.7155,25.7155,38.5733,12.8578,0.0,2.0,3.0,1.081527,20,92,12,6,0E-8,-0.00497085,,0E-8,0.000000,0.904265,0.000000,,2026-06-11,2026-06-30,10,119,81,20,0.500000,,,0.000000,,,,,,,,GLOBAL_BASELINE_NO_ENTITY_RANKING,,,NOT_APPLICABLE_GLOBAL_BASELINE,HF9g-P5,,,,X 全窗基线 · 不参与实体赏罚,3920301,393,A168_HF9F_20260827_0900,2026-08-27 09:00:00
2026-06-11,150000903,2239,0,154.2932085274,22.5010929102,22.5010929102,0.6000000,10,10,0.50128862000000000,0.501288620000,0.6243076569377782,0.6243076569377782,0.6243076569377782,0E-17,ELIGIBLE,R03b_20260811_FULL_v1,L1_ELIGIBILITY,v2026-08-11,2026-03-21..2026-08-06,baccarat_bet02_101_all_pairs_incl_sentinel,round_win = game_pnl > 0 (decisive only),COMPATIBILITY_ONLY_NOT_PRODUCTION,12571.0392,11367.5521,-62.4887,904,894,0.00497085,,0.00497085,0.00497085,62.4887,12571.0392,OK,0.0000,-2.4995,4.0000,96.0000,AG03-UNRESOLVED,ALL5_LEVELS_bet23_to_bet27,-2.4995,-3.1244,-3.1244,-3.1244,-3.1244,4.000000,5.000000,5.000000,5.000000,5.000000,96.000000,95.000000,95.000000,95.000000,95.000000,5.0,-14.9973,-13.6272,-47.4914,-48.8616,PENDING_AG03,FALSE,NOT_FOR_ENFORCEMENT,-59.9892,10912.8501,-62.4887,-59.9892,-2.4995,-0.00497085,-0.00477202,-2.4995,-59.9892,-0.00477202,-2.4995,-3.1244,-3.1244,-3.1244,-3.1244,-59.9892,-0.00477202,-14.9973,-13.6272,-47.4914,-48.8616,-0.00377785,-0.00388684,-0.00019883,13.9060,12.7154,-0.0699,-6.2489,-0.5251,1257.1039,89.4000,,13.9060,12.8578,12.8578,12.8578,25.7155,25.7155,38.5733,12.8578,0.0,2.0,3.0,1.081527,20,92,12,6,0E-8,-0.00497085,,0E-8,0.000000,0.904265,0.000000,,2026-06-11,2026-06-30,10,119,81,20,0.500000,,,0.000000,,,,,,,,GLOBAL_BASELINE_NO_ENTITY_RANKING,,,NOT_APPLICABLE_GLOBAL_BASELINE,HF9g-P5,,,,X 全窗基线 · 不参与实体赏罚,3920302,393,A168_HF9F_20260827_0900,2026-08-27 09:00:00
2026-06-11,150000903,2246,0,18.0008743282,-18.0008743282,-18.0008743282,0E-7,1,1,0.50665070000000000,0.506650700000,-1.013391052207602,-1.013391052207602,-1.013391052207602,0E-17,ELIGIBLE,R03b_20260811_FULL_v1,L1_ELIGIBILITY,v2026-08-11,2026-03-21..2026-08-06,baccarat_bet02_101_all_pairs_incl_sentinel,round_win = game_pnl > 0 (decisive only),COMPATIBILITY_ONLY_NOT_PRODUCTION,12571.0392,11367.5521,-62.4887,904,894,0.00497085,,0.00497085,0.00497085,62.4887,12571.0392,OK,0.0000,-2.4995,4.0000,96.0000,AG03-UNRESOLVED,ALL5_LEVELS_bet23_to_bet27,-2.4995,-3.1244,-3.1244,-3.1244,-3.1244,4.000000,5.000000,5.000000,5.000000,5.000000,96.000000,95.000000,95.000000,95.000000,95.000000,5.0,-14.9973,-13.6272,-47.4914,-48.8616,PENDING_AG03,FALSE,NOT_FOR_ENFORCEMENT,-59.9892,10912.8501,-62.4887,-59.9892,-2.4995,-0.00497085,-0.00477202,-2.4995,-59.9892,-0.00477202,-2.4995,-3.1244,-3.1244,-3.1244,-3.1244,-59.9892,-0.00477202,-14.9973,-13.6272,-47.4914,-48.8616,-0.00377785,-0.00388684,-0.00019883,13.9060,12.7154,-0.0699,-6.2489,-0.5251,1257.1039,89.4000,,13.9060,12.8578,12.8578,12.8578,25.7155,25.7155,38.5733,12.8578,0.0,2.0,3.0,1.081527,20,92,12,6,0E-8,-0.00497085,,0E-8,0.000000,0.904265,0.000000,,2026-06-11,2026-06-30,10,119,81,20,0.500000,,,0.000000,,,,,,,,GLOBAL_BASELINE_NO_ENTITY_RANKING,,,NOT_APPLICABLE_GLOBAL_BASELINE,HF9g-P5,,,,X 全窗基线 · 不参与实体赏罚,3920303,393,A168_HF9F_20260827_0900,2026-08-27 09:00:00
2026-06-11,150000903,2250,0,59.1457299354,56.1884434387,56.1884434387,1.0000000,4,4,0.50665070000000000,0.506650700000,1.9735717970305138,1.9735717970305138,1.9735717970305138,0E-17,ELIGIBLE,R03b_20260811_FULL_v1,L1_ELIGIBILITY,v2026-08-11,2026-03-21..2026-08-06,baccarat_bet02_101_all_pairs_incl_sentinel,round_win = game_pnl > 0 (decisive only),COMPATIBILITY_ONLY_NOT_PRODUCTION,12571.0392,11367.5521,-62.4887,904,894,0.00497085,,0.00497085,0.00497085,62.4887,12571.0392,OK,0.0000,-2.4995,4.0000,96.0000,AG03-UNRESOLVED,ALL5_LEVELS_bet23_to_bet27,-2.4995,-3.1244,-3.1244,-3.1244,-3.1244,4.000000,5.000000,5.000000,5.000000,5.000000,96.000000,95.000000,95.000000,95.000000,95.000000,5.0,-14.9973,-13.6272,-47.4914,-48.8616,PENDING_AG03,FALSE,NOT_FOR_ENFORCEMENT,-59.9892,10912.8501,-62.4887,-59.9892,-2.4995,-0.00497085,-0.00477202,-2.4995,-59.9892,-0.00477202,-2.4995,-3.1244,-3.1244,-3.1244,-3.1244,-59.9892,-0.00477202,-14.9973,-13.6272,-47.4914,-48.8616,-0.00377785,-0.00388684,-0.00019883,13.9060,12.7154,-0.0699,-6.2489,-0.5251,1257.1039,89.4000,,13.9060,12.8578,12.8578,12.8578,25.7155,25.7155,38.5733,12.8578,0.0,2.0,3.0,1.081527,20,92,12,6,0E-8,-0.00497085,,0E-8,0.000000,0.904265,0.000000,,2026-06-11,2026-06-30,10,119,81,20,0.500000,,,0.000000,,,,,,,,GLOBAL_BASELINE_NO_ENTITY_RANKING,,,NOT_APPLICABLE_GLOBAL_BASELINE,HF9g-P5,,,,X 全窗基线 · 不参与实体赏罚,3920304,393,A168_HF9F_20260827_0900,2026-08-27 09:00:00
2026-06-11,150000903,2256,0,77.1466042636,-1.2857767377,-1.2857767377,0.6666667,4,4,0.50665070000000000,0.506650700000,0.5543606114942035,0.5543606114942035,0.5543606114942035,0E-17,ELIGIBLE,R03b_20260811_FULL_v1,L1_ELIGIBILITY,v2026-08-11,2026-03-21..2026-08-06,baccarat_bet02_101_all_pairs_incl_sentinel,round_win = game_pnl > 0 (decisive only),COMPATIBILITY_ONLY_NOT_PRODUCTION,12571.0392,11367.5521,-62.4887,904,894,0.00497085,,0.00497085,0.00497085,62.4887,12571.0392,OK,0.0000,-2.4995,4.0000,96.0000,AG03-UNRESOLVED,ALL5_LEVELS_bet23_to_bet27,-2.4995,-3.1244,-3.1244,-3.1244,-3.1244,4.000000,5.000000,5.000000,5.000000,5.000000,96.000000,95.000000,95.000000,95.000000,95.000000,5.0,-14.9973,-13.6272,-47.4914,-48.8616,PENDING_AG03,FALSE,NOT_FOR_ENFORCEMENT,-59.9892,10912.8501,-62.4887,-59.9892,-2.4995,-0.00497085,-0.00477202,-2.4995,-59.9892,-0.00477202,-2.4995,-3.1244,-3.1244,-3.1244,-3.1244,-59.9892,-0.00477202,-14.9973,-13.6272,-47.4914,-48.8616,-0.00377785,-0.00388684,-0.00019883,13.9060,12.7154,-0.0699,-6.2489,-0.5251,1257.1039,89.4000,,13.9060,12.8578,12.8578,12.8578,25.7155,25.7155,38.5733,12.8578,0.0,2.0,3.0,1.081527,20,92,12,6,0E-8,-0.00497085,,0E-8,0.000000,0.904265,0.000000,,2026-06-11,2026-06-30,10,119,81,20,0.500000,,,0.000000,,,,,,,,GLOBAL_BASELINE_NO_ENTITY_RANKING,,,NOT_APPLICABLE_GLOBAL_BASELINE,HF9g-P5,,,,X 全窗基线 · 不参与实体赏罚,3920305,393,A168_HF9F_20260827_0900,2026-08-27 09:00:00
2026-06-11,150000903,2280,0,25.7155347546,-25.7155347546,-25.7155347546,0E-7,2,2,0.49994810000000000,0.499948100000,-1.4140667746232096,-1.4140667746232096,-1.4140667746232096,0E-17,ELIGIBLE,R03b_20260811_FULL_v1,L1_ELIGIBILITY,v2026-08-11,2026-03-21..2026-08-06,baccarat_bet02_101_all_pairs_incl_sentinel,round_win = game_pnl > 0 (decisive only),COMPATIBILITY_ONLY_NOT_PRODUCTION,12571.0392,11367.5521,-62.4887,904,894,0.00497085,,0.00497085,0.00497085,62.4887,12571.0392,OK,0.0000,-2.4995,4.0000,96.0000,AG03-UNRESOLVED,ALL5_LEVELS_bet23_to_bet27,-2.4995,-3.1244,-3.1244,-3.1244,-3.1244,4.000000,5.000000,5.000000,5.000000,5.000000,96.000000,95.000000,95.000000,95.000000,95.000000,5.0,-14.9973,-13.6272,-47.4914,-48.8616,PENDING_AG03,FALSE,NOT_FOR_ENFORCEMENT,-59.9892,10912.8501,-62.4887,-59.9892,-2.4995,-0.00497085,-0.00477202,-2.4995,-59.9892,-0.00477202,-2.4995,-3.1244,-3.1244,-3.1244,-3.1244,-59.9892,-0.00477202,-14.9973,-13.6272,-47.4914,-48.8616,-0.00377785,-0.00388684,-0.00019883,13.9060,12.7154,-0.0699,-6.2489,-0.5251,1257.1039,89.4000,,13.9060,12.8578,12.8578,12.8578,25.7155,25.7155,38.5733,12.8578,0.0,2.0,3.0,1.081527,20,92,12,6,0E-8,-0.00497085,,0E-8,0.000000,0.904265,0.000000,,2026-06-11,2026-06-30,10,119,81,20,0.500000,,,0.000000,,,,,,,,GLOBAL_BASELINE_NO_ENTITY_RANKING,,,NOT_APPLICABLE_GLOBAL_BASELINE,HF9g-P5,,,,X 全窗基线 · 不参与实体赏罚,3920306,393,A168_HF9F_20260827_0900,2026-08-27 09:00:00
2026-06-11,150000903,752,0,115.7199063957,25.0726463857,25.0726463857,0.6250000,9,9,0.49771390000000000,0.497713900000,0.7200464420157047,0.7200464420157048,0.7200464420157047,0E-17,ELIGIBLE,R03b_20260811_FULL_v1,L1_ELIGIBILITY,v2026-08-11,2026-03-21..2026-08-06,baccarat_bet02_101_all_pairs_incl_sentinel,round_win = game_pnl > 0 (decisive only),COMPATIBILITY_ONLY_NOT_PRODUCTION,12571.0392,11367.5521,-62.4887,904,894,0.00497085,,0.00497085,0.00497085,62.4887,12571.0392,OK,0.0000,-2.4995,4.0000,96.0000,AG03-UNRESOLVED,ALL5_LEVELS_bet23_to_bet27,-2.4995,-3.1244,-3.1244,-3.1244,-3.1244,4.000000,5.000000,5.000000,5.000000,5.000000,96.000000,95.000000,95.000000,95.000000,95.000000,5.0,-14.9973,-13.6272,-47.4914,-48.8616,PENDING_AG03,FALSE,NOT_FOR_ENFORCEMENT,-59.9892,10912.8501,-62.4887,-59.9892,-2.4995,-0.00497085,-0.00477202,-2.4995,-59.9892,-0.00477202,-2.4995,-3.1244,-3.1244,-3.1244,-3.1244,-59.9892,-0.00477202,-14.9973,-13.6272,-47.4914,-48.8616,-0.00377785,-0.00388684,-0.00019883,13.9060,12.7154,-0.0699,-6.2489,-0.5251,1257.1039,89.4000,,13.9060,12.8578,12.8578,12.8578,25.7155,25.7155,38.5733,12.8578,0.0,2.0,3.0,1.081527,20,92,12,6,0E-8,-0.00497085,,0E-8,0.000000,0.904265,0.000000,,2026-06-11,2026-06-30,10,119,81,20,0.500000,,,0.000000,,,,,,,,GLOBAL_BASELINE_NO_ENTITY_RANKING,,,NOT_APPLICABLE_GLOBAL_BASELINE,HF9g-P5,,,,X 全窗基线 · 不参与实体赏罚,3920307,393,A168_HF9F_20260827_0900,2026-08-27 09:00:00
2026-06-12,150000903,-1,1,12.8577673773,-12.8577673773,-12.8577673773,0E-7,1,1,0.49324550000000000,0.493245500000,-0.9865810262130424,-0.9865810262130424,-0.9865810262130424,0E-17,SENTINEL_DEALER,R03b_20260811_FULL_v1,L1_ELIGIBILITY,v2026-08-11,2026-03-21..2026-08-06,baccarat_bet02_101_all_pairs_incl_sentinel,round_win = game_pnl > 0 (decisive only),COMPATIBILITY_ONLY_NOT_PRODUCTION,12571.0392,11367.5521,-62.4887,904,894,0.00497085,,0.00497085,0.00497085,62.4887,12571.0392,OK,0.0000,-2.4995,4.0000,96.0000,AG03-UNRESOLVED,ALL5_LEVELS_bet23_to_bet27,-2.4995,-3.1244,-3.1244,-3.1244,-3.1244,4.000000,5.000000,5.000000,5.000000,5.000000,96.000000,95.000000,95.000000,95.000000,95.000000,5.0,-14.9973,-13.6272,-47.4914,-48.8616,PENDING_AG03,FALSE,NOT_FOR_ENFORCEMENT,-59.9892,10912.8501,-62.4887,-59.9892,-2.4995,-0.00497085,-0.00477202,-2.4995,-59.9892,-0.00477202,-2.4995,-3.1244,-3.1244,-3.1244,-3.1244,-59.9892,-0.00477202,-14.9973,-13.6272,-47.4914,-48.8616,-0.00377785,-0.00388684,-0.00019883,13.9060,12.7154,-0.0699,-6.2489,-0.5251,1257.1039,89.4000,,13.9060,12.8578,12.8578,12.8578,25.7155,25.7155,38.5733,12.8578,0.0,2.0,3.0,1.081527,20,92,12,6,0E-8,-0.00497085,,0E-8,0.000000,0.904265,0.000000,,2026-06-11,2026-06-30,10,119,81,20,0.500000,,,0.000000,,,,,,,,GLOBAL_BASELINE_NO_ENTITY_RANKING,,,NOT_APPLICABLE_GLOBAL_BASELINE,HF9g-P5,,,,X 全窗基线 · 不参与实体赏罚,3920308,393,A168_HF9F_20260827_0900,2026-08-27 09:00:00
2026-06-12,150000903,1304,0,133.7207807237,-21.4724715200,-21.4724715200,0.5000000,7,7,0.49899058571428571,0.498990585714,0.004945109955477372,0.0049451099568770685,0.004945109955477372,2.8571E-13,ELIGIBLE,R03b_20260811_FULL_v1,L1_ELIGIBILITY,v2026-08-11,2026-03-21..2026-08-06,baccarat_bet02_101_all_pairs_incl_sentinel,round_win = game_pnl > 0 (decisive only),COMPATIBILITY_ONLY_NOT_PRODUCTION,12571.0392,11367.5521,-62.4887,904,894,0.00497085,,0.00497085,0.00497085,62.4887,12571.0392,OK,0.0000,-2.4995,4.0000,96.0000,AG03-UNRESOLVED,ALL5_LEVELS_bet23_to_bet27,-2.4995,-3.1244,-3.1244,-3.1244,-3.1244,4.000000,5.000000,5.000000,5.000000,5.000000,96.000000,95.000000,95.000000,95.000000,95.000000,5.0,-14.9973,-13.6272,-47.4914,-48.8616,PENDING_AG03,FALSE,NOT_FOR_ENFORCEMENT,-59.9892,10912.8501,-62.4887,-59.9892,-2.4995,-0.00497085,-0.00477202,-2.4995,-59.9892,-0.00477202,-2.4995,-3.1244,-3.1244,-3.1244,-3.1244,-59.9892,-0.00477202,-14.9973,-13.6272,-47.4914,-48.8616,-0.00377785,-0.00388684,-0.00019883,13.9060,12.7154,-0.0699,-6.2489,-0.5251,1257.1039,89.4000,,13.9060,12.8578,12.8578,12.8578,25.7155,25.7155,38.5733,12.8578,0.0,2.0,3.0,1.081527,20,92,12,6,0E-8,-0.00497085,,0E-8,0.000000,0.904265,0.000000,,2026-06-11,2026-06-30,10,119,81,20,0.500000,,,0.000000,,,,,,,,GLOBAL_BASELINE_NO_ENTITY_RANKING,,,NOT_APPLICABLE_GLOBAL_BASELINE,HF9g-P5,,,,X 全窗基线 · 不参与实体赏罚,3920309,393,A168_HF9F_20260827_0900,2026-08-27 09:00:00
2026-06-12,150000903,1383,0,64.2888368865,25.0726463857,25.0726463857,0.7500000,5,5,0.49860758000000000,0.498607580000,1.005573579286957,1.005573579286957,1.005573579286957,0E-17,ELIGIBLE,R03b_20260811_FULL_v1,L1_ELIGIBILITY,v2026-08-11,2026-03-21..2026-08-06,baccarat_bet02_101_all_pairs_incl_sentinel,round_win = game_pnl > 0 (decisive only),COMPATIBILITY_ONLY_NOT_PRODUCTION,12571.0392,11367.5521,-62.4887,904,894,0.00497085,,0.00497085,0.00497085,62.4887,12571.0392,OK,0.0000,-2.4995,4.0000,96.0000,AG03-UNRESOLVED,ALL5_LEVELS_bet23_to_bet27,-2.4995,-3.1244,-3.1244,-3.1244,-3.1244,4.000000,5.000000,5.000000,5.000000,5.000000,96.000000,95.000000,95.000000,95.000000,95.000000,5.0,-14.9973,-13.6272,-47.4914,-48.8616,PENDING_AG03,FALSE,NOT_FOR_ENFORCEMENT,-59.9892,10912.8501,-62.4887,-59.9892,-2.4995,-0.00497085,-0.00477202,-2.4995,-59.9892,-0.00477202,-2.4995,-3.1244,-3.1244,-3.1244,-3.1244,-59.9892,-0.00477202,-14.9973,-13.6272,-47.4914,-48.8616,-0.00377785,-0.00388684,-0.00019883,13.9060,12.7154,-0.0699,-6.2489,-0.5251,1257.1039,89.4000,,13.9060,12.8578,12.8578,12.8578,25.7155,25.7155,38.5733,12.8578,0.0,2.0,3.0,1.081527,20,92,12,6,0E-8,-0.00497085,,0E-8,0.000000,0.904265,0.000000,,2026-06-11,2026-06-30,10,119,81,20,0.500000,,,0.000000,,,,,,,,GLOBAL_BASELINE_NO_ENTITY_RANKING,,,NOT_APPLICABLE_GLOBAL_BASELINE,HF9g-P5,,,,X 全窗基线 · 不参与实体赏罚,3920310,393,A168_HF9F_20260827_0900,2026-08-27 09:00:00
2026-06-12,150000903,1396,0,97.7190320674,-16.8436752643,-16.8436752643,0.4285714,7,7,0.50090561428571429,0.500905614286,-0.38275716120403624,-0.38275716120554854,-0.38275716120403624,-2.8571E-13,ELIGIBLE,R03b_20260811_FULL_v1,L1_ELIGIBILITY,v2026-08-11,2026-03-21..2026-08-06,baccarat_bet02_101_all_pairs_incl_sentinel,round_win = game_pnl > 0 (decisive only),COMPATIBILITY_ONLY_NOT_PRODUCTION,12571.0392,11367.5521,-62.4887,904,894,0.00497085,,0.00497085,0.00497085,62.4887,12571.0392,OK,0.0000,-2.4995,4.0000,96.0000,AG03-UNRESOLVED,ALL5_LEVELS_bet23_to_bet27,-2.4995,-3.1244,-3.1244,-3.1244,-3.1244,4.000000,5.000000,5.000000,5.000000,5.000000,96.000000,95.000000,95.000000,95.000000,95.000000,5.0,-14.9973,-13.6272,-47.4914,-48.8616,PENDING_AG03,FALSE,NOT_FOR_ENFORCEMENT,-59.9892,10912.8501,-62.4887,-59.9892,-2.4995,-0.00497085,-0.00477202,-2.4995,-59.9892,-0.00477202,-2.4995,-3.1244,-3.1244,-3.1244,-3.1244,-59.9892,-0.00477202,-14.9973,-13.6272,-47.4914,-48.8616,-0.00377785,-0.00388684,-0.00019883,13.9060,12.7154,-0.0699,-6.2489,-0.5251,1257.1039,89.4000,,13.9060,12.8578,12.8578,12.8578,25.7155,25.7155,38.5733,12.8578,0.0,2.0,3.0,1.081527,20,92,12,6,0E-8,-0.00497085,,0E-8,0.000000,0.904265,0.000000,,2026-06-11,2026-06-30,10,119,81,20,0.500000,,,0.000000,,,,,,,,GLOBAL_BASELINE_NO_ENTITY_RANKING,,,NOT_APPLICABLE_GLOBAL_BASELINE,HF9g-P5,,,,X 全窗基线 · 不参与实体赏罚,3920311,393,A168_HF9F_20260827_0900,2026-08-27 09:00:00
2026-06-12,150000903,1490,0,172.2940828557,34.7159719186,34.7159719186,0.5833333,13,13,0.49943251538461538,0.499432515385,0.5812822923260763,0.5812822923234111,0.5812822923260763,-3.8462E-13,ELIGIBLE,R03b_20260811_FULL_v1,L1_ELIGIBILITY,v2026-08-11,2026-03-21..2026-08-06,baccarat_bet02_101_all_pairs_incl_sentinel,round_win = game_pnl > 0 (decisive only),COMPATIBILITY_ONLY_NOT_PRODUCTION,12571.0392,11367.5521,-62.4887,904,894,0.00497085,,0.00497085,0.00497085,62.4887,12571.0392,OK,0.0000,-2.4995,4.0000,96.0000,AG03-UNRESOLVED,ALL5_LEVELS_bet23_to_bet27,-2.4995,-3.1244,-3.1244,-3.1244,-3.1244,4.000000,5.000000,5.000000,5.000000,5.000000,96.000000,95.000000,95.000000,95.000000,95.000000,5.0,-14.9973,-13.6272,-47.4914,-48.8616,PENDING_AG03,FALSE,NOT_FOR_ENFORCEMENT,-59.9892,10912.8501,-62.4887,-59.9892,-2.4995,-0.00497085,-0.00477202,-2.4995,-59.9892,-0.00477202,-2.4995,-3.1244,-3.1244,-3.1244,-3.1244,-59.9892,-0.00477202,-14.9973,-13.6272,-47.4914,-48.8616,-0.00377785,-0.00388684,-0.00019883,13.9060,12.7154,-0.0699,-6.2489,-0.5251,1257.1039,89.4000,,13.9060,12.8578,12.8578,12.8578,25.7155,25.7155,38.5733,12.8578,0.0,2.0,3.0,1.081527,20,92,12,6,0E-8,-0.00497085,,0E-8,0.000000,0.904265,0.000000,,2026-06-11,2026-06-30,10,119,81,20,0.500000,,,0.000000,,,,,,,,GLOBAL_BASELINE_NO_ENTITY_RANKING,,,NOT_APPLICABLE_GLOBAL_BASELINE,HF9g-P5,,,,X 全窗基线 · 不参与实体赏罚,3920312,393,A168_HF9F_20260827_0900,2026-08-27 09:00:00
2026-06-12,150000903,1646,0,25.7155347546,25.0726463857,25.0726463857,1.0000000,2,2,0.49994810000000000,0.499948100000,1.4143603653603398,1.4143603653603398,1.4143603653603398,0E-17,ELIGIBLE,R03b_20260811_FULL_v1,L1_ELIGIBILITY,v2026-08-11,2026-03-21..2026-08-06,baccarat_bet02_101_all_pairs_incl_sentinel,round_win = game_pnl > 0 (decisive only),COMPATIBILITY_ONLY_NOT_PRODUCTION,12571.0392,11367.5521,-62.4887,904,894,0.00497085,,0.00497085,0.00497085,62.4887,12571.0392,OK,0.0000,-2.4995,4.0000,96.0000,AG03-UNRESOLVED,ALL5_LEVELS_bet23_to_bet27,-2.4995,-3.1244,-3.1244,-3.1244,-3.1244,4.000000,5.000000,5.000000,5.000000,5.000000,96.000000,95.000000,95.000000,95.000000,95.000000,5.0,-14.9973,-13.6272,-47.4914,-48.8616,PENDING_AG03,FALSE,NOT_FOR_ENFORCEMENT,-59.9892,10912.8501,-62.4887,-59.9892,-2.4995,-0.00497085,-0.00477202,-2.4995,-59.9892,-0.00477202,-2.4995,-3.1244,-3.1244,-3.1244,-3.1244,-59.9892,-0.00477202,-14.9973,-13.6272,-47.4914,-48.8616,-0.00377785,-0.00388684,-0.00019883,13.9060,12.7154,-0.0699,-6.2489,-0.5251,1257.1039,89.4000,,13.9060,12.8578,12.8578,12.8578,25.7155,25.7155,38.5733,12.8578,0.0,2.0,3.0,1.081527,20,92,12,6,0E-8,-0.00497085,,0E-8,0.000000,0.904265,0.000000,,2026-06-11,2026-06-30,10,119,81,20,0.500000,,,0.000000,,,,,,,,GLOBAL_BASELINE_NO_ENTITY_RANKING,,,NOT_APPLICABLE_GLOBAL_BASELINE,HF9g-P5,,,,X 全窗基线 · 不参与实体赏罚,3920313,393,A168_HF9F_20260827_0900,2026-08-27 09:00:00
2026-06-12,150000903,2142,0,203.1527245610,37.9304137629,37.9304137629,0.5833333,13,13,0.46876769230769231,0.468767692308,0.7952870974518631,0.7952870974496966,0.7952870974518631,-3.0769E-13,ELIGIBLE,R03b_20260811_FULL_v1,L1_ELIGIBILITY,v2026-08-11,2026-03-21..2026-08-06,baccarat_bet02_101_all_pairs_incl_sentinel,round_win = game_pnl > 0 (decisive only),COMPATIBILITY_ONLY_NOT_PRODUCTION,12571.0392,11367.5521,-62.4887,904,894,0.00497085,,0.00497085,0.00497085,62.4887,12571.0392,OK,0.0000,-2.4995,4.0000,96.0000,AG03-UNRESOLVED,ALL5_LEVELS_bet23_to_bet27,-2.4995,-3.1244,-3.1244,-3.1244,-3.1244,4.000000,5.000000,5.000000,5.000000,5.000000,96.000000,95.000000,95.000000,95.000000,95.000000,5.0,-14.9973,-13.6272,-47.4914,-48.8616,PENDING_AG03,FALSE,NOT_FOR_ENFORCEMENT,-59.9892,10912.8501,-62.4887,-59.9892,-2.4995,-0.00497085,-0.00477202,-2.4995,-59.9892,-0.00477202,-2.4995,-3.1244,-3.1244,-3.1244,-3.1244,-59.9892,-0.00477202,-14.9973,-13.6272,-47.4914,-48.8616,-0.00377785,-0.00388684,-0.00019883,13.9060,12.7154,-0.0699,-6.2489,-0.5251,1257.1039,89.4000,,13.9060,12.8578,12.8578,12.8578,25.7155,25.7155,38.5733,12.8578,0.0,2.0,3.0,1.081527,20,92,12,6,0E-8,-0.00497085,,0E-8,0.000000,0.904265,0.000000,,2026-06-11,2026-06-30,10,119,81,20,0.500000,,,0.000000,,,,,,,,GLOBAL_BASELINE_NO_ENTITY_RANKING,,,NOT_APPLICABLE_GLOBAL_BASELINE,HF9g-P5,,,,X 全窗基线 · 不参与实体赏罚,3920314,393,A168_HF9F_20260827_0900,2026-08-27 09:00:00
2026-06-12,150000903,2223,0,164.5794224292,55.9312880910,55.9312880910,0.6666667,11,11,0.50177608181818182,0.501776081818,0.9893497508521373,0.9893497508532269,0.9893497508521373,1.8182E-13,ELIGIBLE,R03b_20260811_FULL_v1,L1_ELIGIBILITY,v2026-08-11,2026-03-21..2026-08-06,baccarat_bet02_101_all_pairs_incl_sentinel,round_win = game_pnl > 0 (decisive only),COMPATIBILITY_ONLY_NOT_PRODUCTION,12571.0392,11367.5521,-62.4887,904,894,0.00497085,,0.00497085,0.00497085,62.4887,12571.0392,OK,0.0000,-2.4995,4.0000,96.0000,AG03-UNRESOLVED,ALL5_LEVELS_bet23_to_bet27,-2.4995,-3.1244,-3.1244,-3.1244,-3.1244,4.000000,5.000000,5.000000,5.000000,5.000000,96.000000,95.000000,95.000000,95.000000,95.000000,5.0,-14.9973,-13.6272,-47.4914,-48.8616,PENDING_AG03,FALSE,NOT_FOR_ENFORCEMENT,-59.9892,10912.8501,-62.4887,-59.9892,-2.4995,-0.00497085,-0.00477202,-2.4995,-59.9892,-0.00477202,-2.4995,-3.1244,-3.1244,-3.1244,-3.1244,-59.9892,-0.00477202,-14.9973,-13.6272,-47.4914,-48.8616,-0.00377785,-0.00388684,-0.00019883,13.9060,12.7154,-0.0699,-6.2489,-0.5251,1257.1039,89.4000,,13.9060,12.8578,12.8578,12.8578,25.7155,25.7155,38.5733,12.8578,0.0,2.0,3.0,1.081527,20,92,12,6,0E-8,-0.00497085,,0E-8,0.000000,0.904265,0.000000,,2026-06-11,2026-06-30,10,119,81,20,0.500000,,,0.000000,,,,,,,,GLOBAL_BASELINE_NO_ENTITY_RANKING,,,NOT_APPLICABLE_GLOBAL_BASELINE,HF9g-P5,,,,X 全窗基线 · 不参与实体赏罚,3920315,393,A168_HF9F_20260827_0900,2026-08-27 09:00:00
2026-06-12,150000903,2278,0,64.2888368864,37.2875253941,37.2875253941,0.7500000,4,4,0.49994810000000000,0.499948100000,1.0002076053883384,1.0002076053883384,1.0002076053883384,0E-17,ELIGIBLE,R03b_20260811_FULL_v1,L1_ELIGIBILITY,v2026-08-11,2026-03-21..2026-08-06,baccarat_bet02_101_all_pairs_incl_sentinel,round_win = game_pnl > 0 (decisive only),COMPATIBILITY_ONLY_NOT_PRODUCTION,12571.0392,11367.5521,-62.4887,904,894,0.00497085,,0.00497085,0.00497085,62.4887,12571.0392,OK,0.0000,-2.4995,4.0000,96.0000,AG03-UNRESOLVED,ALL5_LEVELS_bet23_to_bet27,-2.4995,-3.1244,-3.1244,-3.1244,-3.1244,4.000000,5.000000,5.000000,5.000000,5.000000,96.000000,95.000000,95.000000,95.000000,95.000000,5.0,-14.9973,-13.6272,-47.4914,-48.8616,PENDING_AG03,FALSE,NOT_FOR_ENFORCEMENT,-59.9892,10912.8501,-62.4887,-59.9892,-2.4995,-0.00497085,-0.00477202,-2.4995,-59.9892,-0.00477202,-2.4995,-3.1244,-3.1244,-3.1244,-3.1244,-59.9892,-0.00477202,-14.9973,-13.6272,-47.4914,-48.8616,-0.00377785,-0.00388684,-0.00019883,13.9060,12.7154,-0.0699,-6.2489,-0.5251,1257.1039,89.4000,,13.9060,12.8578,12.8578,12.8578,25.7155,25.7155,38.5733,12.8578,0.0,2.0,3.0,1.081527,20,92,12,6,0E-8,-0.00497085,,0E-8,0.000000,0.904265,0.000000,,2026-06-11,2026-06-30,10,119,81,20,0.500000,,,0.000000,,,,,,,,GLOBAL_BASELINE_NO_ENTITY_RANKING,,,NOT_APPLICABLE_GLOBAL_BASELINE,HF9g-P5,,,,X 全窗基线 · 不参与实体赏罚,3920316,393,A168_HF9F_20260827_0900,2026-08-27 09:00:00
2026-06-12,150000903,970,0,43.7164090828,9.1290148378,9.1290148378,0.6666667,4,4,0.49994810000000000,0.499948100000,0.5775300591747329,0.5775300591747329,0.5775300591747329,0E-17,ELIGIBLE,R03b_20260811_FULL_v1,L1_ELIGIBILITY,v2026-08-11,2026-03-21..2026-08-06,baccarat_bet02_101_all_pairs_incl_sentinel,round_win = game_pnl > 0 (decisive only),COMPATIBILITY_ONLY_NOT_PRODUCTION,12571.0392,11367.5521,-62.4887,904,894,0.00497085,,0.00497085,0.00497085,62.4887,12571.0392,OK,0.0000,-2.4995,4.0000,96.0000,AG03-UNRESOLVED,ALL5_LEVELS_bet23_to_bet27,-2.4995,-3.1244,-3.1244,-3.1244,-3.1244,4.000000,5.000000,5.000000,5.000000,5.000000,96.000000,95.000000,95.000000,95.000000,95.000000,5.0,-14.9973,-13.6272,-47.4914,-48.8616,PENDING_AG03,FALSE,NOT_FOR_ENFORCEMENT,-59.9892,10912.8501,-62.4887,-59.9892,-2.4995,-0.00497085,-0.00477202,-2.4995,-59.9892,-0.00477202,-2.4995,-3.1244,-3.1244,-3.1244,-3.1244,-59.9892,-0.00477202,-14.9973,-13.6272,-47.4914,-48.8616,-0.00377785,-0.00388684,-0.00019883,13.9060,12.7154,-0.0699,-6.2489,-0.5251,1257.1039,89.4000,,13.9060,12.8578,12.8578,12.8578,25.7155,25.7155,38.5733,12.8578,0.0,2.0,3.0,1.081527,20,92,12,6,0E-8,-0.00497085,,0E-8,0.000000,0.904265,0.000000,,2026-06-11,2026-06-30,10,119,81,20,0.500000,,,0.000000,,,,,,,,GLOBAL_BASELINE_NO_ENTITY_RANKING,,,NOT_APPLICABLE_GLOBAL_BASELINE,HF9g-P5,,,,X 全窗基线 · 不参与实体赏罚,3920317,393,A168_HF9F_20260827_0900,2026-08-27 09:00:00
2026-06-13,150000903,1304,0,77.1466042636,25.7155347544,25.7155347544,0.5000000,4,4,0.49659680000000000,0.496596800000,0.013613115331600182,0.013613115331600183,0.013613115331600182,0E-17,ELIGIBLE,R03b_20260811_FULL_v1,L1_ELIGIBILITY,v2026-08-11,2026-03-21..2026-08-06,baccarat_bet02_101_all_pairs_incl_sentinel,round_win = game_pnl > 0 (decisive only),COMPATIBILITY_ONLY_NOT_PRODUCTION,12571.0392,11367.5521,-62.4887,904,894,0.00497085,,0.00497085,0.00497085,62.4887,12571.0392,OK,0.0000,-2.4995,4.0000,96.0000,AG03-UNRESOLVED,ALL5_LEVELS_bet23_to_bet27,-2.4995,-3.1244,-3.1244,-3.1244,-3.1244,4.000000,5.000000,5.000000,5.000000,5.000000,96.000000,95.000000,95.000000,95.000000,95.000000,5.0,-14.9973,-13.6272,-47.4914,-48.8616,PENDING_AG03,FALSE,NOT_FOR_ENFORCEMENT,-59.9892,10912.8501,-62.4887,-59.9892,-2.4995,-0.00497085,-0.00477202,-2.4995,-59.9892,-0.00477202,-2.4995,-3.1244,-3.1244,-3.1244,-3.1244,-59.9892,-0.00477202,-14.9973,-13.6272,-47.4914,-48.8616,-0.00377785,-0.00388684,-0.00019883,13.9060,12.7154,-0.0699,-6.2489,-0.5251,1257.1039,89.4000,,13.9060,12.8578,12.8578,12.8578,25.7155,25.7155,38.5733,12.8578,0.0,2.0,3.0,1.081527,20,92,12,6,0E-8,-0.00497085,,0E-8,0.000000,0.904265,0.000000,,2026-06-11,2026-06-30,10,119,81,20,0.500000,,,0.000000,,,,,,,,GLOBAL_BASELINE_NO_ENTITY_RANKING,,,NOT_APPLICABLE_GLOBAL_BASELINE,HF9g-P5,,,,X 全窗基线 · 不参与实体赏罚,3920318,393,A168_HF9F_20260827_0900,2026-08-27 09:00:00
2026-06-13,150000903,1383,0,38.5733021318,37.2875253941,37.2875253941,1.0000000,2,2,0.49994810000000000,0.499948100000,1.4143603653603398,1.4143603653603398,1.4143603653603398,0E-17,ELIGIBLE,R03b_20260811_FULL_v1,L1_ELIGIBILITY,v2026-08-11,2026-03-21..2026-08-06,baccarat_bet02_101_all_pairs_incl_sentinel,round_win = game_pnl > 0 (decisive only),COMPATIBILITY_ONLY_NOT_PRODUCTION,12571.0392,11367.5521,-62.4887,904,894,0.00497085,,0.00497085,0.00497085,62.4887,12571.0392,OK,0.0000,-2.4995,4.0000,96.0000,AG03-UNRESOLVED,ALL5_LEVELS_bet23_to_bet27,-2.4995,-3.1244,-3.1244,-3.1244,-3.1244,4.000000,5.000000,5.000000,5.000000,5.000000,96.000000,95.000000,95.000000,95.000000,95.000000,5.0,-14.9973,-13.6272,-47.4914,-48.8616,PENDING_AG03,FALSE,NOT_FOR_ENFORCEMENT,-59.9892,10912.8501,-62.4887,-59.9892,-2.4995,-0.00497085,-0.00477202,-2.4995,-59.9892,-0.00477202,-2.4995,-3.1244,-3.1244,-3.1244,-3.1244,-59.9892,-0.00477202,-14.9973,-13.6272,-47.4914,-48.8616,-0.00377785,-0.00388684,-0.00019883,13.9060,12.7154,-0.0699,-6.2489,-0.5251,1257.1039,89.4000,,13.9060,12.8578,12.8578,12.8578,25.7155,25.7155,38.5733,12.8578,0.0,2.0,3.0,1.081527,20,92,12,6,0E-8,-0.00497085,,0E-8,0.000000,0.904265,0.000000,,2026-06-11,2026-06-30,10,119,81,20,0.500000,,,0.000000,,,,,,,,GLOBAL_BASELINE_NO_ENTITY_RANKING,,,NOT_APPLICABLE_GLOBAL_BASELINE,HF9g-P5,,,,X 全窗基线 · 不参与实体赏罚,3920319,393,A168_HF9F_20260827_0900,2026-08-27 09:00:00
2026-06-13,150000903,2267,0,128.5776737727,-1.2857767378,-1.2857767378,0.5000000,7,7,0.50090561428571429,0.500905614286,-0.00443659308478647,-0.004436593086186165,-0.00443659308478647,-2.8571E-13,ELIGIBLE,R03b_20260811_FULL_v1,L1_ELIGIBILITY,v2026-08-11,2026-03-21..2026-08-06,baccarat_bet02_101_all_pairs_incl_sentinel,round_win = game_pnl > 0 (decisive only),COMPATIBILITY_ONLY_NOT_PRODUCTION,12571.0392,11367.5521,-62.4887,904,894,0.00497085,,0.00497085,0.00497085,62.4887,12571.0392,OK,0.0000,-2.4995,4.0000,96.0000,AG03-UNRESOLVED,ALL5_LEVELS_bet23_to_bet27,-2.4995,-3.1244,-3.1244,-3.1244,-3.1244,4.000000,5.000000,5.000000,5.000000,5.000000,96.000000,95.000000,95.000000,95.000000,95.000000,5.0,-14.9973,-13.6272,-47.4914,-48.8616,PENDING_AG03,FALSE,NOT_FOR_ENFORCEMENT,-59.9892,10912.8501,-62.4887,-59.9892,-2.4995,-0.00497085,-0.00477202,-2.4995,-59.9892,-0.00477202,-2.4995,-3.1244,-3.1244,-3.1244,-3.1244,-59.9892,-0.00477202,-14.9973,-13.6272,-47.4914,-48.8616,-0.00377785,-0.00388684,-0.00019883,13.9060,12.7154,-0.0699,-6.2489,-0.5251,1257.1039,89.4000,,13.9060,12.8578,12.8578,12.8578,25.7155,25.7155,38.5733,12.8578,0.0,2.0,3.0,1.081527,20,92,12,6,0E-8,-0.00497085,,0E-8,0.000000,0.904265,0.000000,,2026-06-11,2026-06-30,10,119,81,20,0.500000,,,0.000000,,,,,,,,GLOBAL_BASELINE_NO_ENTITY_RANKING,,,NOT_APPLICABLE_GLOBAL_BASELINE,HF9g-P5,,,,X 全窗基线 · 不参与实体赏罚,3920320,393,A168_HF9F_20260827_0900,2026-08-27 09:00:00
2026-06-13,150000903,919,0,277.7277753493,27.0013114922,27.0013114922,0.6000000,18,18,0.50069283333333333,0.500692833333,0.7692307438076922,0.7692307438102736,0.7692307438076922,3.3333E-13,ELIGIBLE,R03b_20260811_FULL_v1,L1_ELIGIBILITY,v2026-08-11,2026-03-21..2026-08-06,baccarat_bet02_101_all_pairs_incl_sentinel,round_win = game_pnl > 0 (decisive only),COMPATIBILITY_ONLY_NOT_PRODUCTION,12571.0392,11367.5521,-62.4887,904,894,0.00497085,,0.00497085,0.00497085,62.4887,12571.0392,OK,0.0000,-2.4995,4.0000,96.0000,AG03-UNRESOLVED,ALL5_LEVELS_bet23_to_bet27,-2.4995,-3.1244,-3.1244,-3.1244,-3.1244,4.000000,5.000000,5.000000,5.000000,5.000000,96.000000,95.000000,95.000000,95.000000,95.000000,5.0,-14.9973,-13.6272,-47.4914,-48.8616,PENDING_AG03,FALSE,NOT_FOR_ENFORCEMENT,-59.9892,10912.8501,-62.4887,-59.9892,-2.4995,-0.00497085,-0.00477202,-2.4995,-59.9892,-0.00477202,-2.4995,-3.1244,-3.1244,-3.1244,-3.1244,-59.9892,-0.00477202,-14.9973,-13.6272,-47.4914,-48.8616,-0.00377785,-0.00388684,-0.00019883,13.9060,12.7154,-0.0699,-6.2489,-0.5251,1257.1039,89.4000,,13.9060,12.8578,12.8578,12.8578,25.7155,25.7155,38.5733,12.8578,0.0,2.0,3.0,1.081527,20,92,12,6,0E-8,-0.00497085,,0E-8,0.000000,0.904265,0.000000,,2026-06-11,2026-06-30,10,119,81,20,0.500000,,,0.000000,,,,,,,,GLOBAL_BASELINE_NO_ENTITY_RANKING,,,NOT_APPLICABLE_GLOBAL_BASELINE,HF9g-P5,,,,X 全窗基线 · 不参与实体赏罚,3920321,393,A168_HF9F_20260827_0900,2026-08-27 09:00:00
2026-06-14,150000903,1210,0,115.7199063954,113.1483529199,113.1483529199,1.0000000,6,6,0.49994810000000000,0.499948100000,2.4497440130157893,2.4497440130157893,2.4497440130157893,0E-17,ELIGIBLE,R03b_20260811_FULL_v1,L1_ELIGIBILITY,v2026-08-11,2026-03-21..2026-08-06,baccarat_bet02_101_all_pairs_incl_sentinel,round_win = game_pnl > 0 (decisive only),COMPATIBILITY_ONLY_NOT_PRODUCTION,12571.0392,11367.5521,-62.4887,904,894,0.00497085,,0.00497085,0.00497085,62.4887,12571.0392,OK,0.0000,-2.4995,4.0000,96.0000,AG03-UNRESOLVED,ALL5_LEVELS_bet23_to_bet27,-2.4995,-3.1244,-3.1244,-3.1244,-3.1244,4.000000,5.000000,5.000000,5.000000,5.000000,96.000000,95.000000,95.000000,95.000000,95.000000,5.0,-14.9973,-13.6272,-47.4914,-48.8616,PENDING_AG03,FALSE,NOT_FOR_ENFORCEMENT,-59.9892,10912.8501,-62.4887,-59.9892,-2.4995,-0.00497085,-0.00477202,-2.4995,-59.9892,-0.00477202,-2.4995,-3.1244,-3.1244,-3.1244,-3.1244,-59.9892,-0.00477202,-14.9973,-13.6272,-47.4914,-48.8616,-0.00377785,-0.00388684,-0.00019883,13.9060,12.7154,-0.0699,-6.2489,-0.5251,1257.1039,89.4000,,13.9060,12.8578,12.8578,12.8578,25.7155,25.7155,38.5733,12.8578,0.0,2.0,3.0,1.081527,20,92,12,6,0E-8,-0.00497085,,0E-8,0.000000,0.904265,0.000000,,2026-06-11,2026-06-30,10,119,81,20,0.500000,,,0.000000,,,,,,,,GLOBAL_BASELINE_NO_ENTITY_RANKING,,,NOT_APPLICABLE_GLOBAL_BASELINE,HF9g-P5,,,,X 全窗基线 · 不参与实体赏罚,3920322,393,A168_HF9F_20260827_0900,2026-08-27 09:00:00
2026-06-14,150000903,1396,0,159.4363154784,26.3584231234,26.3584231234,0.6000000,11,11,0.50299473636363636,0.502994736364,0.6135261610830837,0.6135261610807864,0.6135261610830837,-3.6364E-13,ELIGIBLE,R03b_20260811_FULL_v1,L1_ELIGIBILITY,v2026-08-11,2026-03-21..2026-08-06,baccarat_bet02_101_all_pairs_incl_sentinel,round_win = game_pnl > 0 (decisive only),COMPATIBILITY_ONLY_NOT_PRODUCTION,12571.0392,11367.5521,-62.4887,904,894,0.00497085,,0.00497085,0.00497085,62.4887,12571.0392,OK,0.0000,-2.4995,4.0000,96.0000,AG03-UNRESOLVED,ALL5_LEVELS_bet23_to_bet27,-2.4995,-3.1244,-3.1244,-3.1244,-3.1244,4.000000,5.000000,5.000000,5.000000,5.000000,96.000000,95.000000,95.000000,95.000000,95.000000,5.0,-14.9973,-13.6272,-47.4914,-48.8616,PENDING_AG03,FALSE,NOT_FOR_ENFORCEMENT,-59.9892,10912.8501,-62.4887,-59.9892,-2.4995,-0.00497085,-0.00477202,-2.4995,-59.9892,-0.00477202,-2.4995,-3.1244,-3.1244,-3.1244,-3.1244,-59.9892,-0.00477202,-14.9973,-13.6272,-47.4914,-48.8616,-0.00377785,-0.00388684,-0.00019883,13.9060,12.7154,-0.0699,-6.2489,-0.5251,1257.1039,89.4000,,13.9060,12.8578,12.8578,12.8578,25.7155,25.7155,38.5733,12.8578,0.0,2.0,3.0,1.081527,20,92,12,6,0E-8,-0.00497085,,0E-8,0.000000,0.904265,0.000000,,2026-06-11,2026-06-30,10,119,81,20,0.500000,,,0.000000,,,,,,,,GLOBAL_BASELINE_NO_ENTITY_RANKING,,,NOT_APPLICABLE_GLOBAL_BASELINE,HF9g-P5,,,,X 全窗基线 · 不参与实体赏罚,3920323,393,A168_HF9F_20260827_0900,2026-08-27 09:00:00
2026-06-14,150000903,2224,0,77.1466042637,-25.7155347545,-25.7155347545,0.4000000,5,5,0.49860758000000000,0.498607580000,-0.440988213962219,-0.440988213962219,-0.440988213962219,0E-17,ELIGIBLE,R03b_20260811_FULL_v1,L1_ELIGIBILITY,v2026-08-11,2026-03-21..2026-08-06,baccarat_bet02_101_all_pairs_incl_sentinel,round_win = game_pnl > 0 (decisive only),COMPATIBILITY_ONLY_NOT_PRODUCTION,12571.0392,11367.5521,-62.4887,904,894,0.00497085,,0.00497085,0.00497085,62.4887,12571.0392,OK,0.0000,-2.4995,4.0000,96.0000,AG03-UNRESOLVED,ALL5_LEVELS_bet23_to_bet27,-2.4995,-3.1244,-3.1244,-3.1244,-3.1244,4.000000,5.000000,5.000000,5.000000,5.000000,96.000000,95.000000,95.000000,95.000000,95.000000,5.0,-14.9973,-13.6272,-47.4914,-48.8616,PENDING_AG03,FALSE,NOT_FOR_ENFORCEMENT,-59.9892,10912.8501,-62.4887,-59.9892,-2.4995,-0.00497085,-0.00477202,-2.4995,-59.9892,-0.00477202,-2.4995,-3.1244,-3.1244,-3.1244,-3.1244,-59.9892,-0.00477202,-14.9973,-13.6272,-47.4914,-48.8616,-0.00377785,-0.00388684,-0.00019883,13.9060,12.7154,-0.0699,-6.2489,-0.5251,1257.1039,89.4000,,13.9060,12.8578,12.8578,12.8578,25.7155,25.7155,38.5733,12.8578,0.0,2.0,3.0,1.081527,20,92,12,6,0E-8,-0.00497085,,0E-8,0.000000,0.904265,0.000000,,2026-06-11,2026-06-30,10,119,81,20,0.500000,,,0.000000,,,,,,,,GLOBAL_BASELINE_NO_ENTITY_RANKING,,,NOT_APPLICABLE_GLOBAL_BASELINE,HF9g-P5,,,,X 全窗基线 · 不参与实体赏罚,3920324,393,A168_HF9F_20260827_0900,2026-08-27 09:00:00
2026-06-14,150000903,2267,0,200.5811710853,-23.1439812790,-23.1439812790,0.5000000,10,10,0.50128862000000000,0.501288620000,-0.008149975543682601,-0.008149975543682601,-0.008149975543682601,0E-17,ELIGIBLE,R03b_20260811_FULL_v1,L1_ELIGIBILITY,v2026-08-11,2026-03-21..2026-08-06,baccarat_bet02_101_all_pairs_incl_sentinel,round_win = game_pnl > 0 (decisive only),COMPATIBILITY_ONLY_NOT_PRODUCTION,12571.0392,11367.5521,-62.4887,904,894,0.00497085,,0.00497085,0.00497085,62.4887,12571.0392,OK,0.0000,-2.4995,4.0000,96.0000,AG03-UNRESOLVED,ALL5_LEVELS_bet23_to_bet27,-2.4995,-3.1244,-3.1244,-3.1244,-3.1244,4.000000,5.000000,5.000000,5.000000,5.000000,96.000000,95.000000,95.000000,95.000000,95.000000,5.0,-14.9973,-13.6272,-47.4914,-48.8616,PENDING_AG03,FALSE,NOT_FOR_ENFORCEMENT,-59.9892,10912.8501,-62.4887,-59.9892,-2.4995,-0.00497085,-0.00477202,-2.4995,-59.9892,-0.00477202,-2.4995,-3.1244,-3.1244,-3.1244,-3.1244,-59.9892,-0.00477202,-14.9973,-13.6272,-47.4914,-48.8616,-0.00377785,-0.00388684,-0.00019883,13.9060,12.7154,-0.0699,-6.2489,-0.5251,1257.1039,89.4000,,13.9060,12.8578,12.8578,12.8578,25.7155,25.7155,38.5733,12.8578,0.0,2.0,3.0,1.081527,20,92,12,6,0E-8,-0.00497085,,0E-8,0.000000,0.904265,0.000000,,2026-06-11,2026-06-30,10,119,81,20,0.500000,,,0.000000,,,,,,,,GLOBAL_BASELINE_NO_ENTITY_RANKING,,,NOT_APPLICABLE_GLOBAL_BASELINE,HF9g-P5,,,,X 全窗基线 · 不参与实体赏罚,3920325,393,A168_HF9F_20260827_0900,2026-08-27 09:00:00
2026-06-15,150000903,1078,0,90.0043716409,11.5719906396,11.5719906396,0.6000000,5,5,0.49860758000000000,0.498607580000,0.4534424453485946,0.4534424453485946,0.4534424453485946,0E-17,ELIGIBLE,R03b_20260811_FULL_v1,L1_ELIGIBILITY,v2026-08-11,2026-03-21..2026-08-06,baccarat_bet02_101_all_pairs_incl_sentinel,round_win = game_pnl > 0 (decisive only),COMPATIBILITY_ONLY_NOT_PRODUCTION,12571.0392,11367.5521,-62.4887,904,894,0.00497085,,0.00497085,0.00497085,62.4887,12571.0392,OK,0.0000,-2.4995,4.0000,96.0000,AG03-UNRESOLVED,ALL5_LEVELS_bet23_to_bet27,-2.4995,-3.1244,-3.1244,-3.1244,-3.1244,4.000000,5.000000,5.000000,5.000000,5.000000,96.000000,95.000000,95.000000,95.000000,95.000000,5.0,-14.9973,-13.6272,-47.4914,-48.8616,PENDING_AG03,FALSE,NOT_FOR_ENFORCEMENT,-59.9892,10912.8501,-62.4887,-59.9892,-2.4995,-0.00497085,-0.00477202,-2.4995,-59.9892,-0.00477202,-2.4995,-3.1244,-3.1244,-3.1244,-3.1244,-59.9892,-0.00477202,-14.9973,-13.6272,-47.4914,-48.8616,-0.00377785,-0.00388684,-0.00019883,13.9060,12.7154,-0.0699,-6.2489,-0.5251,1257.1039,89.4000,,13.9060,12.8578,12.8578,12.8578,25.7155,25.7155,38.5733,12.8578,0.0,2.0,3.0,1.081527,20,92,12,6,0E-8,-0.00497085,,0E-8,0.000000,0.904265,0.000000,,2026-06-11,2026-06-30,10,119,81,20,0.500000,,,0.000000,,,,,,,,GLOBAL_BASELINE_NO_ENTITY_RANKING,,,NOT_APPLICABLE_GLOBAL_BASELINE,HF9g-P5,,,,X 全窗基线 · 不参与实体赏罚,3920326,393,A168_HF9F_20260827_0900,2026-08-27 09:00:00
2026-06-15,150000903,1115,0,25.7155347545,-25.7155347545,-25.7155347545,0E-7,1,1,0.50665070000000000,0.506650700000,-1.013391052207602,-1.013391052207602,-1.013391052207602,0E-17,ELIGIBLE,R03b_20260811_FULL_v1,L1_ELIGIBILITY,v2026-08-11,2026-03-21..2026-08-06,baccarat_bet02_101_all_pairs_incl_sentinel,round_win = game_pnl > 0 (decisive only),COMPATIBILITY_ONLY_NOT_PRODUCTION,12571.0392,11367.5521,-62.4887,904,894,0.00497085,,0.00497085,0.00497085,62.4887,12571.0392,OK,0.0000,-2.4995,4.0000,96.0000,AG03-UNRESOLVED,ALL5_LEVELS_bet23_to_bet27,-2.4995,-3.1244,-3.1244,-3.1244,-3.1244,4.000000,5.000000,5.000000,5.000000,5.000000,96.000000,95.000000,95.000000,95.000000,95.000000,5.0,-14.9973,-13.6272,-47.4914,-48.8616,PENDING_AG03,FALSE,NOT_FOR_ENFORCEMENT,-59.9892,10912.8501,-62.4887,-59.9892,-2.4995,-0.00497085,-0.00477202,-2.4995,-59.9892,-0.00477202,-2.4995,-3.1244,-3.1244,-3.1244,-3.1244,-59.9892,-0.00477202,-14.9973,-13.6272,-47.4914,-48.8616,-0.00377785,-0.00388684,-0.00019883,13.9060,12.7154,-0.0699,-6.2489,-0.5251,1257.1039,89.4000,,13.9060,12.8578,12.8578,12.8578,25.7155,25.7155,38.5733,12.8578,0.0,2.0,3.0,1.081527,20,92,12,6,0E-8,-0.00497085,,0E-8,0.000000,0.904265,0.000000,,2026-06-11,2026-06-30,10,119,81,20,0.500000,,,0.000000,,,,,,,,GLOBAL_BASELINE_NO_ENTITY_RANKING,,,NOT_APPLICABLE_GLOBAL_BASELINE,HF9g-P5,,,,X 全窗基线 · 不参与实体赏罚,3920327,393,A168_HF9F_20260827_0900,2026-08-27 09:00:00
2026-06-15,150000903,1210,0,95.1474785919,25.0726463856,25.0726463856,0.6000000,6,6,0.49547970000000000,0.495479700000,0.4674480948863271,0.4674480948863271,0.4674480948863271,0E-17,ELIGIBLE,R03b_20260811_FULL_v1,L1_ELIGIBILITY,v2026-08-11,2026-03-21..2026-08-06,baccarat_bet02_101_all_pairs_incl_sentinel,round_win = game_pnl > 0 (decisive only),COMPATIBILITY_ONLY_NOT_PRODUCTION,12571.0392,11367.5521,-62.4887,904,894,0.00497085,,0.00497085,0.00497085,62.4887,12571.0392,OK,0.0000,-2.4995,4.0000,96.0000,AG03-UNRESOLVED,ALL5_LEVELS_bet23_to_bet27,-2.4995,-3.1244,-3.1244,-3.1244,-3.1244,4.000000,5.000000,5.000000,5.000000,5.000000,96.000000,95.000000,95.000000,95.000000,95.000000,5.0,-14.9973,-13.6272,-47.4914,-48.8616,PENDING_AG03,FALSE,NOT_FOR_ENFORCEMENT,-59.9892,10912.8501,-62.4887,-59.9892,-2.4995,-0.00497085,-0.00477202,-2.4995,-59.9892,-0.00477202,-2.4995,-3.1244,-3.1244,-3.1244,-3.1244,-59.9892,-0.00477202,-14.9973,-13.6272,-47.4914,-48.8616,-0.00377785,-0.00388684,-0.00019883,13.9060,12.7154,-0.0699,-6.2489,-0.5251,1257.1039,89.4000,,13.9060,12.8578,12.8578,12.8578,25.7155,25.7155,38.5733,12.8578,0.0,2.0,3.0,1.081527,20,92,12,6,0E-8,-0.00497085,,0E-8,0.000000,0.904265,0.000000,,2026-06-11,2026-06-30,10,119,81,20,0.500000,,,0.000000,,,,,,,,GLOBAL_BASELINE_NO_ENTITY_RANKING,,,NOT_APPLICABLE_GLOBAL_BASELINE,HF9g-P5,,,,X 全窗基线 · 不参与实体赏罚,3920328,393,A168_HF9F_20260827_0900,2026-08-27 09:00:00
2026-06-15,150000903,1299,0,12.8577673773,-12.8577673773,-12.8577673773,0E-7,1,1,0.50665070000000000,0.506650700000,-1.013391052207602,-1.013391052207602,-1.013391052207602,0E-17,ELIGIBLE,R03b_20260811_FULL_v1,L1_ELIGIBILITY,v2026-08-11,2026-03-21..2026-08-06,baccarat_bet02_101_all_pairs_incl_sentinel,round_win = game_pnl > 0 (decisive only),COMPATIBILITY_ONLY_NOT_PRODUCTION,12571.0392,11367.5521,-62.4887,904,894,0.00497085,,0.00497085,0.00497085,62.4887,12571.0392,OK,0.0000,-2.4995,4.0000,96.0000,AG03-UNRESOLVED,ALL5_LEVELS_bet23_to_bet27,-2.4995,-3.1244,-3.1244,-3.1244,-3.1244,4.000000,5.000000,5.000000,5.000000,5.000000,96.000000,95.000000,95.000000,95.000000,95.000000,5.0,-14.9973,-13.6272,-47.4914,-48.8616,PENDING_AG03,FALSE,NOT_FOR_ENFORCEMENT,-59.9892,10912.8501,-62.4887,-59.9892,-2.4995,-0.00497085,-0.00477202,-2.4995,-59.9892,-0.00477202,-2.4995,-3.1244,-3.1244,-3.1244,-3.1244,-59.9892,-0.00477202,-14.9973,-13.6272,-47.4914,-48.8616,-0.00377785,-0.00388684,-0.00019883,13.9060,12.7154,-0.0699,-6.2489,-0.5251,1257.1039,89.4000,,13.9060,12.8578,12.8578,12.8578,25.7155,25.7155,38.5733,12.8578,0.0,2.0,3.0,1.081527,20,92,12,6,0E-8,-0.00497085,,0E-8,0.000000,0.904265,0.000000,,2026-06-11,2026-06-30,10,119,81,20,0.500000,,,0.000000,,,,,,,,GLOBAL_BASELINE_NO_ENTITY_RANKING,,,NOT_APPLICABLE_GLOBAL_BASELINE,HF9g-P5,,,,X 全窗基线 · 不参与实体赏罚,3920329,393,A168_HF9F_20260827_0900,2026-08-27 09:00:00
2026-06-15,150000903,1306,0,123.4345668218,70.7177205748,70.7177205748,0.7142857,7,7,0.49899058571428571,0.498990585714,1.1392370589461878,1.139237058947701,1.1392370589461878,2.8571E-13,ELIGIBLE,R03b_20260811_FULL_v1,L1_ELIGIBILITY,v2026-08-11,2026-03-21..2026-08-06,baccarat_bet02_101_all_pairs_incl_sentinel,round_win = game_pnl > 0 (decisive only),COMPATIBILITY_ONLY_NOT_PRODUCTION,12571.0392,11367.5521,-62.4887,904,894,0.00497085,,0.00497085,0.00497085,62.4887,12571.0392,OK,0.0000,-2.4995,4.0000,96.0000,AG03-UNRESOLVED,ALL5_LEVELS_bet23_to_bet27,-2.4995,-3.1244,-3.1244,-3.1244,-3.1244,4.000000,5.000000,5.000000,5.000000,5.000000,96.000000,95.000000,95.000000,95.000000,95.000000,5.0,-14.9973,-13.6272,-47.4914,-48.8616,PENDING_AG03,FALSE,NOT_FOR_ENFORCEMENT,-59.9892,10912.8501,-62.4887,-59.9892,-2.4995,-0.00497085,-0.00477202,-2.4995,-59.9892,-0.00477202,-2.4995,-3.1244,-3.1244,-3.1244,-3.1244,-59.9892,-0.00477202,-14.9973,-13.6272,-47.4914,-48.8616,-0.00377785,-0.00388684,-0.00019883,13.9060,12.7154,-0.0699,-6.2489,-0.5251,1257.1039,89.4000,,13.9060,12.8578,12.8578,12.8578,25.7155,25.7155,38.5733,12.8578,0.0,2.0,3.0,1.081527,20,92,12,6,0E-8,-0.00497085,,0E-8,0.000000,0.904265,0.000000,,2026-06-11,2026-06-30,10,119,81,20,0.500000,,,0.000000,,,,,,,,GLOBAL_BASELINE_NO_ENTITY_RANKING,,,NOT_APPLICABLE_GLOBAL_BASELINE,HF9g-P5,,,,X 全窗基线 · 不参与实体赏罚,3920330,393,A168_HF9F_20260827_0900,2026-08-27 09:00:00
2026-06-15,150000903,1646,0,244.2975801681,35.3588602874,35.3588602874,0.5384615,13,13,0.50046368461538462,0.500463684615,0.274006538624501,0.27400653862727437,0.274006538624501,3.8462E-13,ELIGIBLE,R03b_20260811_FULL_v1,L1_ELIGIBILITY,v2026-08-11,2026-03-21..2026-08-06,baccarat_bet02_101_all_pairs_incl_sentinel,round_win = game_pnl > 0 (decisive only),COMPATIBILITY_ONLY_NOT_PRODUCTION,12571.0392,11367.5521,-62.4887,904,894,0.00497085,,0.00497085,0.00497085,62.4887,12571.0392,OK,0.0000,-2.4995,4.0000,96.0000,AG03-UNRESOLVED,ALL5_LEVELS_bet23_to_bet27,-2.4995,-3.1244,-3.1244,-3.1244,-3.1244,4.000000,5.000000,5.000000,5.000000,5.000000,96.000000,95.000000,95.000000,95.000000,95.000000,5.0,-14.9973,-13.6272,-47.4914,-48.8616,PENDING_AG03,FALSE,NOT_FOR_ENFORCEMENT,-59.9892,10912.8501,-62.4887,-59.9892,-2.4995,-0.00497085,-0.00477202,-2.4995,-59.9892,-0.00477202,-2.4995,-3.1244,-3.1244,-3.1244,-3.1244,-59.9892,-0.00477202,-14.9973,-13.6272,-47.4914,-48.8616,-0.00377785,-0.00388684,-0.00019883,13.9060,12.7154,-0.0699,-6.2489,-0.5251,1257.1039,89.4000,,13.9060,12.8578,12.8578,12.8578,25.7155,25.7155,38.5733,12.8578,0.0,2.0,3.0,1.081527,20,92,12,6,0E-8,-0.00497085,,0E-8,0.000000,0.904265,0.000000,,2026-06-11,2026-06-30,10,119,81,20,0.500000,,,0.000000,,,,,,,,GLOBAL_BASELINE_NO_ENTITY_RANKING,,,NOT_APPLICABLE_GLOBAL_BASELINE,HF9g-P5,,,,X 全窗基线 · 不参与实体赏罚,3920331,393,A168_HF9F_20260827_0900,2026-08-27 09:00:00
2026-06-15,150000903,1704,0,154.2932085271,23.1439812791,23.1439812791,0.6000000,7,7,0.49899058571428571,0.498990585714,0.4517287539699235,0.45172875397120177,0.4517287539699235,2.8571E-13,ELIGIBLE,R03b_20260811_FULL_v1,L1_ELIGIBILITY,v2026-08-11,2026-03-21..2026-08-06,baccarat_bet02_101_all_pairs_incl_sentinel,round_win = game_pnl > 0 (decisive only),COMPATIBILITY_ONLY_NOT_PRODUCTION,12571.0392,11367.5521,-62.4887,904,894,0.00497085,,0.00497085,0.00497085,62.4887,12571.0392,OK,0.0000,-2.4995,4.0000,96.0000,AG03-UNRESOLVED,ALL5_LEVELS_bet23_to_bet27,-2.4995,-3.1244,-3.1244,-3.1244,-3.1244,4.000000,5.000000,5.000000,5.000000,5.000000,96.000000,95.000000,95.000000,95.000000,95.000000,5.0,-14.9973,-13.6272,-47.4914,-48.8616,PENDING_AG03,FALSE,NOT_FOR_ENFORCEMENT,-59.9892,10912.8501,-62.4887,-59.9892,-2.4995,-0.00497085,-0.00477202,-2.4995,-59.9892,-0.00477202,-2.4995,-3.1244,-3.1244,-3.1244,-3.1244,-59.9892,-0.00477202,-14.9973,-13.6272,-47.4914,-48.8616,-0.00377785,-0.00388684,-0.00019883,13.9060,12.7154,-0.0699,-6.2489,-0.5251,1257.1039,89.4000,,13.9060,12.8578,12.8578,12.8578,25.7155,25.7155,38.5733,12.8578,0.0,2.0,3.0,1.081527,20,92,12,6,0E-8,-0.00497085,,0E-8,0.000000,0.904265,0.000000,,2026-06-11,2026-06-30,10,119,81,20,0.500000,,,0.000000,,,,,,,,GLOBAL_BASELINE_NO_ENTITY_RANKING,,,NOT_APPLICABLE_GLOBAL_BASELINE,HF9g-P5,,,,X 全窗基线 · 不参与实体赏罚,3920332,393,A168_HF9F_20260827_0900,2026-08-27 09:00:00
2026-06-15,150000903,1941,0,172.2940828556,-46.2879625582,-46.2879625582,0.4545455,11,11,0.50177608181818182,0.501776081818,-0.3132945151139446,-0.31329451511273815,-0.3132945151139446,1.8182E-13,ELIGIBLE,R03b_20260811_FULL_v1,L1_ELIGIBILITY,v2026-08-11,2026-03-21..2026-08-06,baccarat_bet02_101_all_pairs_incl_sentinel,round_win = game_pnl > 0 (decisive only),COMPATIBILITY_ONLY_NOT_PRODUCTION,12571.0392,11367.5521,-62.4887,904,894,0.00497085,,0.00497085,0.00497085,62.4887,12571.0392,OK,0.0000,-2.4995,4.0000,96.0000,AG03-UNRESOLVED,ALL5_LEVELS_bet23_to_bet27,-2.4995,-3.1244,-3.1244,-3.1244,-3.1244,4.000000,5.000000,5.000000,5.000000,5.000000,96.000000,95.000000,95.000000,95.000000,95.000000,5.0,-14.9973,-13.6272,-47.4914,-48.8616,PENDING_AG03,FALSE,NOT_FOR_ENFORCEMENT,-59.9892,10912.8501,-62.4887,-59.9892,-2.4995,-0.00497085,-0.00477202,-2.4995,-59.9892,-0.00477202,-2.4995,-3.1244,-3.1244,-3.1244,-3.1244,-59.9892,-0.00477202,-14.9973,-13.6272,-47.4914,-48.8616,-0.00377785,-0.00388684,-0.00019883,13.9060,12.7154,-0.0699,-6.2489,-0.5251,1257.1039,89.4000,,13.9060,12.8578,12.8578,12.8578,25.7155,25.7155,38.5733,12.8578,0.0,2.0,3.0,1.081527,20,92,12,6,0E-8,-0.00497085,,0E-8,0.000000,0.904265,0.000000,,2026-06-11,2026-06-30,10,119,81,20,0.500000,,,0.000000,,,,,,,,GLOBAL_BASELINE_NO_ENTITY_RANKING,,,NOT_APPLICABLE_GLOBAL_BASELINE,HF9g-P5,,,,X 全窗基线 · 不参与实体赏罚,3920333,393,A168_HF9F_20260827_0900,2026-08-27 09:00:00
2026-06-15,150000903,1966,0,18.0008743282,-18.0008743282,-18.0008743282,0E-7,1,1,0.49324550000000000,0.493245500000,-0.9865810262130424,-0.9865810262130424,-0.9865810262130424,0E-17,ELIGIBLE,R03b_20260811_FULL_v1,L1_ELIGIBILITY,v2026-08-11,2026-03-21..2026-08-06,baccarat_bet02_101_all_pairs_incl_sentinel,round_win = game_pnl > 0 (decisive only),COMPATIBILITY_ONLY_NOT_PRODUCTION,12571.0392,11367.5521,-62.4887,904,894,0.00497085,,0.00497085,0.00497085,62.4887,12571.0392,OK,0.0000,-2.4995,4.0000,96.0000,AG03-UNRESOLVED,ALL5_LEVELS_bet23_to_bet27,-2.4995,-3.1244,-3.1244,-3.1244,-3.1244,4.000000,5.000000,5.000000,5.000000,5.000000,96.000000,95.000000,95.000000,95.000000,95.000000,5.0,-14.9973,-13.6272,-47.4914,-48.8616,PENDING_AG03,FALSE,NOT_FOR_ENFORCEMENT,-59.9892,10912.8501,-62.4887,-59.9892,-2.4995,-0.00497085,-0.00477202,-2.4995,-59.9892,-0.00477202,-2.4995,-3.1244,-3.1244,-3.1244,-3.1244,-59.9892,-0.00477202,-14.9973,-13.6272,-47.4914,-48.8616,-0.00377785,-0.00388684,-0.00019883,13.9060,12.7154,-0.0699,-6.2489,-0.5251,1257.1039,89.4000,,13.9060,12.8578,12.8578,12.8578,25.7155,25.7155,38.5733,12.8578,0.0,2.0,3.0,1.081527,20,92,12,6,0E-8,-0.00497085,,0E-8,0.000000,0.904265,0.000000,,2026-06-11,2026-06-30,10,119,81,20,0.500000,,,0.000000,,,,,,,,GLOBAL_BASELINE_NO_ENTITY_RANKING,,,NOT_APPLICABLE_GLOBAL_BASELINE,HF9g-P5,,,,X 全窗基线 · 不参与实体赏罚,3920334,393,A168_HF9F_20260827_0900,2026-08-27 09:00:00
2026-06-15,150000903,2088,0,25.7155347546,24.4297580168,24.4297580168,1.0000000,2,2,0.50665070000000000,0.506650700000,1.3955260008387969,1.3955260008387969,1.3955260008387969,0E-17,ELIGIBLE,R03b_20260811_FULL_v1,L1_ELIGIBILITY,v2026-08-11,2026-03-21..2026-08-06,baccarat_bet02_101_all_pairs_incl_sentinel,round_win = game_pnl > 0 (decisive only),COMPATIBILITY_ONLY_NOT_PRODUCTION,12571.0392,11367.5521,-62.4887,904,894,0.00497085,,0.00497085,0.00497085,62.4887,12571.0392,OK,0.0000,-2.4995,4.0000,96.0000,AG03-UNRESOLVED,ALL5_LEVELS_bet23_to_bet27,-2.4995,-3.1244,-3.1244,-3.1244,-3.1244,4.000000,5.000000,5.000000,5.000000,5.000000,96.000000,95.000000,95.000000,95.000000,95.000000,5.0,-14.9973,-13.6272,-47.4914,-48.8616,PENDING_AG03,FALSE,NOT_FOR_ENFORCEMENT,-59.9892,10912.8501,-62.4887,-59.9892,-2.4995,-0.00497085,-0.00477202,-2.4995,-59.9892,-0.00477202,-2.4995,-3.1244,-3.1244,-3.1244,-3.1244,-59.9892,-0.00477202,-14.9973,-13.6272,-47.4914,-48.8616,-0.00377785,-0.00388684,-0.00019883,13.9060,12.7154,-0.0699,-6.2489,-0.5251,1257.1039,89.4000,,13.9060,12.8578,12.8578,12.8578,25.7155,25.7155,38.5733,12.8578,0.0,2.0,3.0,1.081527,20,92,12,6,0E-8,-0.00497085,,0E-8,0.000000,0.904265,0.000000,,2026-06-11,2026-06-30,10,119,81,20,0.500000,,,0.000000,,,,,,,,GLOBAL_BASELINE_NO_ENTITY_RANKING,,,NOT_APPLICABLE_GLOBAL_BASELINE,HF9g-P5,,,,X 全窗基线 · 不参与实体赏罚,3920335,393,A168_HF9F_20260827_0900,2026-08-27 09:00:00
2026-06-15,150000903,2101,0,51.4310695091,49.5024044025,49.5024044025,1.0000000,3,3,0.50218230000000000,0.502182300000,1.724507524396475,1.7245075243964754,1.724507524396475,0E-17,ELIGIBLE,R03b_20260811_FULL_v1,L1_ELIGIBILITY,v2026-08-11,2026-03-21..2026-08-06,baccarat_bet02_101_all_pairs_incl_sentinel,round_win = game_pnl > 0 (decisive only),COMPATIBILITY_ONLY_NOT_PRODUCTION,12571.0392,11367.5521,-62.4887,904,894,0.00497085,,0.00497085,0.00497085,62.4887,12571.0392,OK,0.0000,-2.4995,4.0000,96.0000,AG03-UNRESOLVED,ALL5_LEVELS_bet23_to_bet27,-2.4995,-3.1244,-3.1244,-3.1244,-3.1244,4.000000,5.000000,5.000000,5.000000,5.000000,96.000000,95.000000,95.000000,95.000000,95.000000,5.0,-14.9973,-13.6272,-47.4914,-48.8616,PENDING_AG03,FALSE,NOT_FOR_ENFORCEMENT,-59.9892,10912.8501,-62.4887,-59.9892,-2.4995,-0.00497085,-0.00477202,-2.4995,-59.9892,-0.00477202,-2.4995,-3.1244,-3.1244,-3.1244,-3.1244,-59.9892,-0.00477202,-14.9973,-13.6272,-47.4914,-48.8616,-0.00377785,-0.00388684,-0.00019883,13.9060,12.7154,-0.0699,-6.2489,-0.5251,1257.1039,89.4000,,13.9060,12.8578,12.8578,12.8578,25.7155,25.7155,38.5733,12.8578,0.0,2.0,3.0,1.081527,20,92,12,6,0E-8,-0.00497085,,0E-8,0.000000,0.904265,0.000000,,2026-06-11,2026-06-30,10,119,81,20,0.500000,,,0.000000,,,,,,,,GLOBAL_BASELINE_NO_ENTITY_RANKING,,,NOT_APPLICABLE_GLOBAL_BASELINE,HF9g-P5,,,,X 全窗基线 · 不参与实体赏罚,3920336,393,A168_HF9F_20260827_0900,2026-08-27 09:00:00
2026-06-15,150000903,2141,0,115.7199063956,-0.6428883689,-0.6428883689,0.5000000,8,8,0.49827245000000000,0.498272450000,0.008463282526572578,0.008463282526572578,0.008463282526572578,0E-17,ELIGIBLE,R03b_20260811_FULL_v1,L1_ELIGIBILITY,v2026-08-11,2026-03-21..2026-08-06,baccarat_bet02_101_all_pairs_incl_sentinel,round_win = game_pnl > 0 (decisive only),COMPATIBILITY_ONLY_NOT_PRODUCTION,12571.0392,11367.5521,-62.4887,904,894,0.00497085,,0.00497085,0.00497085,62.4887,12571.0392,OK,0.0000,-2.4995,4.0000,96.0000,AG03-UNRESOLVED,ALL5_LEVELS_bet23_to_bet27,-2.4995,-3.1244,-3.1244,-3.1244,-3.1244,4.000000,5.000000,5.000000,5.000000,5.000000,96.000000,95.000000,95.000000,95.000000,95.000000,5.0,-14.9973,-13.6272,-47.4914,-48.8616,PENDING_AG03,FALSE,NOT_FOR_ENFORCEMENT,-59.9892,10912.8501,-62.4887,-59.9892,-2.4995,-0.00497085,-0.00477202,-2.4995,-59.9892,-0.00477202,-2.4995,-3.1244,-3.1244,-3.1244,-3.1244,-59.9892,-0.00477202,-14.9973,-13.6272,-47.4914,-48.8616,-0.00377785,-0.00388684,-0.00019883,13.9060,12.7154,-0.0699,-6.2489,-0.5251,1257.1039,89.4000,,13.9060,12.8578,12.8578,12.8578,25.7155,25.7155,38.5733,12.8578,0.0,2.0,3.0,1.081527,20,92,12,6,0E-8,-0.00497085,,0E-8,0.000000,0.904265,0.000000,,2026-06-11,2026-06-30,10,119,81,20,0.500000,,,0.000000,,,,,,,,GLOBAL_BASELINE_NO_ENTITY_RANKING,,,NOT_APPLICABLE_GLOBAL_BASELINE,HF9g-P5,,,,X 全窗基线 · 不参与实体赏罚,3920337,393,A168_HF9F_20260827_0900,2026-08-27 09:00:00
2026-06-15,150000903,2177,0,18.0008743282,18.0008743282,18.0008743282,1.0000000,1,1,0.49324550000000000,0.493245500000,1.01360149184955,1.01360149184955,1.01360149184955,0E-17,ELIGIBLE,R03b_20260811_FULL_v1,L1_ELIGIBILITY,v2026-08-11,2026-03-21..2026-08-06,baccarat_bet02_101_all_pairs_incl_sentinel,round_win = game_pnl > 0 (decisive only),COMPATIBILITY_ONLY_NOT_PRODUCTION,12571.0392,11367.5521,-62.4887,904,894,0.00497085,,0.00497085,0.00497085,62.4887,12571.0392,OK,0.0000,-2.4995,4.0000,96.0000,AG03-UNRESOLVED,ALL5_LEVELS_bet23_to_bet27,-2.4995,-3.1244,-3.1244,-3.1244,-3.1244,4.000000,5.000000,5.000000,5.000000,5.000000,96.000000,95.000000,95.000000,95.000000,95.000000,5.0,-14.9973,-13.6272,-47.4914,-48.8616,PENDING_AG03,FALSE,NOT_FOR_ENFORCEMENT,-59.9892,10912.8501,-62.4887,-59.9892,-2.4995,-0.00497085,-0.00477202,-2.4995,-59.9892,-0.00477202,-2.4995,-3.1244,-3.1244,-3.1244,-3.1244,-59.9892,-0.00477202,-14.9973,-13.6272,-47.4914,-48.8616,-0.00377785,-0.00388684,-0.00019883,13.9060,12.7154,-0.0699,-6.2489,-0.5251,1257.1039,89.4000,,13.9060,12.8578,12.8578,12.8578,25.7155,25.7155,38.5733,12.8578,0.0,2.0,3.0,1.081527,20,92,12,6,0E-8,-0.00497085,,0E-8,0.000000,0.904265,0.000000,,2026-06-11,2026-06-30,10,119,81,20,0.500000,,,0.000000,,,,,,,,GLOBAL_BASELINE_NO_ENTITY_RANKING,,,NOT_APPLICABLE_GLOBAL_BASELINE,HF9g-P5,,,,X 全窗基线 · 不参与实体赏罚,3920338,393,A168_HF9F_20260827_0900,2026-08-27 09:00:00
2026-06-15,150000903,2216,0,72.0034973126,-20.5724278036,-20.5724278036,0.3333333,3,3,0.49771390000000000,0.497713900000,-0.5694369385616226,-0.5694369385616226,-0.5694369385616226,0E-17,ELIGIBLE,R03b_20260811_FULL_v1,L1_ELIGIBILITY,v2026-08-11,2026-03-21..2026-08-06,baccarat_bet02_101_all_pairs_incl_sentinel,round_win = game_pnl > 0 (decisive only),COMPATIBILITY_ONLY_NOT_PRODUCTION,12571.0392,11367.5521,-62.4887,904,894,0.00497085,,0.00497085,0.00497085,62.4887,12571.0392,OK,0.0000,-2.4995,4.0000,96.0000,AG03-UNRESOLVED,ALL5_LEVELS_bet23_to_bet27,-2.4995,-3.1244,-3.1244,-3.1244,-3.1244,4.000000,5.000000,5.000000,5.000000,5.000000,96.000000,95.000000,95.000000,95.000000,95.000000,5.0,-14.9973,-13.6272,-47.4914,-48.8616,PENDING_AG03,FALSE,NOT_FOR_ENFORCEMENT,-59.9892,10912.8501,-62.4887,-59.9892,-2.4995,-0.00497085,-0.00477202,-2.4995,-59.9892,-0.00477202,-2.4995,-3.1244,-3.1244,-3.1244,-3.1244,-59.9892,-0.00477202,-14.9973,-13.6272,-47.4914,-48.8616,-0.00377785,-0.00388684,-0.00019883,13.9060,12.7154,-0.0699,-6.2489,-0.5251,1257.1039,89.4000,,13.9060,12.8578,12.8578,12.8578,25.7155,25.7155,38.5733,12.8578,0.0,2.0,3.0,1.081527,20,92,12,6,0E-8,-0.00497085,,0E-8,0.000000,0.904265,0.000000,,2026-06-11,2026-06-30,10,119,81,20,0.500000,,,0.000000,,,,,,,,GLOBAL_BASELINE_NO_ENTITY_RANKING,,,NOT_APPLICABLE_GLOBAL_BASELINE,HF9g-P5,,,,X 全窗基线 · 不参与实体赏罚,3920339,393,A168_HF9F_20260827_0900,2026-08-27 09:00:00
2026-06-15,150000903,2233,0,92.5759251163,24.4297580168,24.4297580168,0.6666667,5,5,0.49860758000000000,0.498607580000,0.5821760110496081,0.5821760110496081,0.5821760110496081,0E-17,ELIGIBLE,R03b_20260811_FULL_v1,L1_ELIGIBILITY,v2026-08-11,2026-03-21..2026-08-06,baccarat_bet02_101_all_pairs_incl_sentinel,round_win = game_pnl > 0 (decisive only),COMPATIBILITY_ONLY_NOT_PRODUCTION,12571.0392,11367.5521,-62.4887,904,894,0.00497085,,0.00497085,0.00497085,62.4887,12571.0392,OK,0.0000,-2.4995,4.0000,96.0000,AG03-UNRESOLVED,ALL5_LEVELS_bet23_to_bet27,-2.4995,-3.1244,-3.1244,-3.1244,-3.1244,4.000000,5.000000,5.000000,5.000000,5.000000,96.000000,95.000000,95.000000,95.000000,95.000000,5.0,-14.9973,-13.6272,-47.4914,-48.8616,PENDING_AG03,FALSE,NOT_FOR_ENFORCEMENT,-59.9892,10912.8501,-62.4887,-59.9892,-2.4995,-0.00497085,-0.00477202,-2.4995,-59.9892,-0.00477202,-2.4995,-3.1244,-3.1244,-3.1244,-3.1244,-59.9892,-0.00477202,-14.9973,-13.6272,-47.4914,-48.8616,-0.00377785,-0.00388684,-0.00019883,13.9060,12.7154,-0.0699,-6.2489,-0.5251,1257.1039,89.4000,,13.9060,12.8578,12.8578,12.8578,25.7155,25.7155,38.5733,12.8578,0.0,2.0,3.0,1.081527,20,92,12,6,0E-8,-0.00497085,,0E-8,0.000000,0.904265,0.000000,,2026-06-11,2026-06-30,10,119,81,20,0.500000,,,0.000000,,,,,,,,GLOBAL_BASELINE_NO_ENTITY_RANKING,,,NOT_APPLICABLE_GLOBAL_BASELINE,HF9g-P5,,,,X 全窗基线 · 不参与实体赏罚,3920340,393,A168_HF9F_20260827_0900,2026-08-27 09:00:00
2026-06-15,150000903,2235,0,72.0034973127,-41.9163216499,-41.9163216499,0.3333333,3,3,0.50665070000000000,0.506650700000,-0.6004420894325239,-0.6004420894325239,-0.6004420894325239,0E-17,ELIGIBLE,R03b_20260811_FULL_v1,L1_ELIGIBILITY,v2026-08-11,2026-03-21..2026-08-06,baccarat_bet02_101_all_pairs_incl_sentinel,round_win = game_pnl > 0 (decisive only),COMPATIBILITY_ONLY_NOT_PRODUCTION,12571.0392,11367.5521,-62.4887,904,894,0.00497085,,0.00497085,0.00497085,62.4887,12571.0392,OK,0.0000,-2.4995,4.0000,96.0000,AG03-UNRESOLVED,ALL5_LEVELS_bet23_to_bet27,-2.4995,-3.1244,-3.1244,-3.1244,-3.1244,4.000000,5.000000,5.000000,5.000000,5.000000,96.000000,95.000000,95.000000,95.000000,95.000000,5.0,-14.9973,-13.6272,-47.4914,-48.8616,PENDING_AG03,FALSE,NOT_FOR_ENFORCEMENT,-59.9892,10912.8501,-62.4887,-59.9892,-2.4995,-0.00497085,-0.00477202,-2.4995,-59.9892,-0.00477202,-2.4995,-3.1244,-3.1244,-3.1244,-3.1244,-59.9892,-0.00477202,-14.9973,-13.6272,-47.4914,-48.8616,-0.00377785,-0.00388684,-0.00019883,13.9060,12.7154,-0.0699,-6.2489,-0.5251,1257.1039,89.4000,,13.9060,12.8578,12.8578,12.8578,25.7155,25.7155,38.5733,12.8578,0.0,2.0,3.0,1.081527,20,92,12,6,0E-8,-0.00497085,,0E-8,0.000000,0.904265,0.000000,,2026-06-11,2026-06-30,10,119,81,20,0.500000,,,0.000000,,,,,,,,GLOBAL_BASELINE_NO_ENTITY_RANKING,,,NOT_APPLICABLE_GLOBAL_BASELINE,HF9g-P5,,,,X 全窗基线 · 不参与实体赏罚,3920341,393,A168_HF9F_20260827_0900,2026-08-27 09:00:00
2026-06-15,150000903,2252,0,385.7330213182,104.9193817986,104.9193817986,0.6470588,20,20,0.50128862000000000,0.501288620000,1.202055884573101,1.202055884573101,1.202055884573101,0E-17,ELIGIBLE,R03b_20260811_FULL_v1,L1_ELIGIBILITY,v2026-08-11,2026-03-21..2026-08-06,baccarat_bet02_101_all_pairs_incl_sentinel,round_win = game_pnl > 0 (decisive only),COMPATIBILITY_ONLY_NOT_PRODUCTION,12571.0392,11367.5521,-62.4887,904,894,0.00497085,,0.00497085,0.00497085,62.4887,12571.0392,OK,0.0000,-2.4995,4.0000,96.0000,AG03-UNRESOLVED,ALL5_LEVELS_bet23_to_bet27,-2.4995,-3.1244,-3.1244,-3.1244,-3.1244,4.000000,5.000000,5.000000,5.000000,5.000000,96.000000,95.000000,95.000000,95.000000,95.000000,5.0,-14.9973,-13.6272,-47.4914,-48.8616,PENDING_AG03,FALSE,NOT_FOR_ENFORCEMENT,-59.9892,10912.8501,-62.4887,-59.9892,-2.4995,-0.00497085,-0.00477202,-2.4995,-59.9892,-0.00477202,-2.4995,-3.1244,-3.1244,-3.1244,-3.1244,-59.9892,-0.00477202,-14.9973,-13.6272,-47.4914,-48.8616,-0.00377785,-0.00388684,-0.00019883,13.9060,12.7154,-0.0699,-6.2489,-0.5251,1257.1039,89.4000,,13.9060,12.8578,12.8578,12.8578,25.7155,25.7155,38.5733,12.8578,0.0,2.0,3.0,1.081527,20,92,12,6,0E-8,-0.00497085,,0E-8,0.000000,0.904265,0.000000,,2026-06-11,2026-06-30,10,119,81,20,0.500000,,,0.000000,,,,,,,,GLOBAL_BASELINE_NO_ENTITY_RANKING,,,NOT_APPLICABLE_GLOBAL_BASELINE,HF9g-P5,,,,X 全窗基线 · 不参与实体赏罚,3920342,393,A168_HF9F_20260827_0900,2026-08-27 09:00:00
2026-06-15,150000903,2256,0,90.0043716408,-12.8577673773,-12.8577673773,0.3333333,4,4,0.49994810000000000,0.499948100000,-0.5771704854251445,-0.5771704854251445,-0.5771704854251445,0E-17,ELIGIBLE,R03b_20260811_FULL_v1,L1_ELIGIBILITY,v2026-08-11,2026-03-21..2026-08-06,baccarat_bet02_101_all_pairs_incl_sentinel,round_win = game_pnl > 0 (decisive only),COMPATIBILITY_ONLY_NOT_PRODUCTION,12571.0392,11367.5521,-62.4887,904,894,0.00497085,,0.00497085,0.00497085,62.4887,12571.0392,OK,0.0000,-2.4995,4.0000,96.0000,AG03-UNRESOLVED,ALL5_LEVELS_bet23_to_bet27,-2.4995,-3.1244,-3.1244,-3.1244,-3.1244,4.000000,5.000000,5.000000,5.000000,5.000000,96.000000,95.000000,95.000000,95.000000,95.000000,5.0,-14.9973,-13.6272,-47.4914,-48.8616,PENDING_AG03,FALSE,NOT_FOR_ENFORCEMENT,-59.9892,10912.8501,-62.4887,-59.9892,-2.4995,-0.00497085,-0.00477202,-2.4995,-59.9892,-0.00477202,-2.4995,-3.1244,-3.1244,-3.1244,-3.1244,-59.9892,-0.00477202,-14.9973,-13.6272,-47.4914,-48.8616,-0.00377785,-0.00388684,-0.00019883,13.9060,12.7154,-0.0699,-6.2489,-0.5251,1257.1039,89.4000,,13.9060,12.8578,12.8578,12.8578,25.7155,25.7155,38.5733,12.8578,0.0,2.0,3.0,1.081527,20,92,12,6,0E-8,-0.00497085,,0E-8,0.000000,0.904265,0.000000,,2026-06-11,2026-06-30,10,119,81,20,0.500000,,,0.000000,,,,,,,,GLOBAL_BASELINE_NO_ENTITY_RANKING,,,NOT_APPLICABLE_GLOBAL_BASELINE,HF9g-P5,,,,X 全窗基线 · 不参与实体赏罚,3920343,393,A168_HF9F_20260827_0900,2026-08-27 09:00:00
2026-06-15,150000903,2281,0,64.2888368863,-64.2888368863,-64.2888368863,0E-7,3,3,0.50218230000000000,0.502182300000,-1.7396270863184011,-1.7396270863184016,-1.7396270863184011,0E-17,ELIGIBLE,R03b_20260811_FULL_v1,L1_ELIGIBILITY,v2026-08-11,2026-03-21..2026-08-06,baccarat_bet02_101_all_pairs_incl_sentinel,round_win = game_pnl > 0 (decisive only),COMPATIBILITY_ONLY_NOT_PRODUCTION,12571.0392,11367.5521,-62.4887,904,894,0.00497085,,0.00497085,0.00497085,62.4887,12571.0392,OK,0.0000,-2.4995,4.0000,96.0000,AG03-UNRESOLVED,ALL5_LEVELS_bet23_to_bet27,-2.4995,-3.1244,-3.1244,-3.1244,-3.1244,4.000000,5.000000,5.000000,5.000000,5.000000,96.000000,95.000000,95.000000,95.000000,95.000000,5.0,-14.9973,-13.6272,-47.4914,-48.8616,PENDING_AG03,FALSE,NOT_FOR_ENFORCEMENT,-59.9892,10912.8501,-62.4887,-59.9892,-2.4995,-0.00497085,-0.00477202,-2.4995,-59.9892,-0.00477202,-2.4995,-3.1244,-3.1244,-3.1244,-3.1244,-59.9892,-0.00477202,-14.9973,-13.6272,-47.4914,-48.8616,-0.00377785,-0.00388684,-0.00019883,13.9060,12.7154,-0.0699,-6.2489,-0.5251,1257.1039,89.4000,,13.9060,12.8578,12.8578,12.8578,25.7155,25.7155,38.5733,12.8578,0.0,2.0,3.0,1.081527,20,92,12,6,0E-8,-0.00497085,,0E-8,0.000000,0.904265,0.000000,,2026-06-11,2026-06-30,10,119,81,20,0.500000,,,0.000000,,,,,,,,GLOBAL_BASELINE_NO_ENTITY_RANKING,,,NOT_APPLICABLE_GLOBAL_BASELINE,HF9g-P5,,,,X 全窗基线 · 不参与实体赏罚,3920344,393,A168_HF9F_20260827_0900,2026-08-27 09:00:00
2026-06-15,150000903,2287,0,102.8621390180,-27.0013114922,-27.0013114922,0.3333333,4,4,0.49994810000000000,0.499948100000,-0.5771704854251445,-0.5771704854251445,-0.5771704854251445,0E-17,ELIGIBLE,R03b_20260811_FULL_v1,L1_ELIGIBILITY,v2026-08-11,2026-03-21..2026-08-06,baccarat_bet02_101_all_pairs_incl_sentinel,round_win = game_pnl > 0 (decisive only),COMPATIBILITY_ONLY_NOT_PRODUCTION,12571.0392,11367.5521,-62.4887,904,894,0.00497085,,0.00497085,0.00497085,62.4887,12571.0392,OK,0.0000,-2.4995,4.0000,96.0000,AG03-UNRESOLVED,ALL5_LEVELS_bet23_to_bet27,-2.4995,-3.1244,-3.1244,-3.1244,-3.1244,4.000000,5.000000,5.000000,5.000000,5.000000,96.000000,95.000000,95.000000,95.000000,95.000000,5.0,-14.9973,-13.6272,-47.4914,-48.8616,PENDING_AG03,FALSE,NOT_FOR_ENFORCEMENT,-59.9892,10912.8501,-62.4887,-59.9892,-2.4995,-0.00497085,-0.00477202,-2.4995,-59.9892,-0.00477202,-2.4995,-3.1244,-3.1244,-3.1244,-3.1244,-59.9892,-0.00477202,-14.9973,-13.6272,-47.4914,-48.8616,-0.00377785,-0.00388684,-0.00019883,13.9060,12.7154,-0.0699,-6.2489,-0.5251,1257.1039,89.4000,,13.9060,12.8578,12.8578,12.8578,25.7155,25.7155,38.5733,12.8578,0.0,2.0,3.0,1.081527,20,92,12,6,0E-8,-0.00497085,,0E-8,0.000000,0.904265,0.000000,,2026-06-11,2026-06-30,10,119,81,20,0.500000,,,0.000000,,,,,,,,GLOBAL_BASELINE_NO_ENTITY_RANKING,,,NOT_APPLICABLE_GLOBAL_BASELINE,HF9g-P5,,,,X 全窗基线 · 不参与实体赏罚,3920345,393,A168_HF9F_20260827_0900,2026-08-27 09:00:00
2026-06-15,150000903,462,0,90.0043716410,-90.0043716410,-90.0043716410,0E-7,5,5,0.49860758000000000,0.498607580000,-2.2298495325838465,-2.2298495325838465,-2.2298495325838465,0E-17,ELIGIBLE,R03b_20260811_FULL_v1,L1_ELIGIBILITY,v2026-08-11,2026-03-21..2026-08-06,baccarat_bet02_101_all_pairs_incl_sentinel,round_win = game_pnl > 0 (decisive only),COMPATIBILITY_ONLY_NOT_PRODUCTION,12571.0392,11367.5521,-62.4887,904,894,0.00497085,,0.00497085,0.00497085,62.4887,12571.0392,OK,0.0000,-2.4995,4.0000,96.0000,AG03-UNRESOLVED,ALL5_LEVELS_bet23_to_bet27,-2.4995,-3.1244,-3.1244,-3.1244,-3.1244,4.000000,5.000000,5.000000,5.000000,5.000000,96.000000,95.000000,95.000000,95.000000,95.000000,5.0,-14.9973,-13.6272,-47.4914,-48.8616,PENDING_AG03,FALSE,NOT_FOR_ENFORCEMENT,-59.9892,10912.8501,-62.4887,-59.9892,-2.4995,-0.00497085,-0.00477202,-2.4995,-59.9892,-0.00477202,-2.4995,-3.1244,-3.1244,-3.1244,-3.1244,-59.9892,-0.00477202,-14.9973,-13.6272,-47.4914,-48.8616,-0.00377785,-0.00388684,-0.00019883,13.9060,12.7154,-0.0699,-6.2489,-0.5251,1257.1039,89.4000,,13.9060,12.8578,12.8578,12.8578,25.7155,25.7155,38.5733,12.8578,0.0,2.0,3.0,1.081527,20,92,12,6,0E-8,-0.00497085,,0E-8,0.000000,0.904265,0.000000,,2026-06-11,2026-06-30,10,119,81,20,0.500000,,,0.000000,,,,,,,,GLOBAL_BASELINE_NO_ENTITY_RANKING,,,NOT_APPLICABLE_GLOBAL_BASELINE,HF9g-P5,,,,X 全窗基线 · 不参与实体赏罚,3920346,393,A168_HF9F_20260827_0900,2026-08-27 09:00:00
2026-06-15,150000903,595,0,192.8665106589,-78.4323810012,-78.4323810012,0.2000000,6,6,0.49994810000000000,0.499948100000,-1.341408689870273,-1.341408689870273,-1.341408689870273,0E-17,ELIGIBLE,R03b_20260811_FULL_v1,L1_ELIGIBILITY,v2026-08-11,2026-03-21..2026-08-06,baccarat_bet02_101_all_pairs_incl_sentinel,round_win = game_pnl > 0 (decisive only),COMPATIBILITY_ONLY_NOT_PRODUCTION,12571.0392,11367.5521,-62.4887,904,894,0.00497085,,0.00497085,0.00497085,62.4887,12571.0392,OK,0.0000,-2.4995,4.0000,96.0000,AG03-UNRESOLVED,ALL5_LEVELS_bet23_to_bet27,-2.4995,-3.1244,-3.1244,-3.1244,-3.1244,4.000000,5.000000,5.000000,5.000000,5.000000,96.000000,95.000000,95.000000,95.000000,95.000000,5.0,-14.9973,-13.6272,-47.4914,-48.8616,PENDING_AG03,FALSE,NOT_FOR_ENFORCEMENT,-59.9892,10912.8501,-62.4887,-59.9892,-2.4995,-0.00497085,-0.00477202,-2.4995,-59.9892,-0.00477202,-2.4995,-3.1244,-3.1244,-3.1244,-3.1244,-59.9892,-0.00477202,-14.9973,-13.6272,-47.4914,-48.8616,-0.00377785,-0.00388684,-0.00019883,13.9060,12.7154,-0.0699,-6.2489,-0.5251,1257.1039,89.4000,,13.9060,12.8578,12.8578,12.8578,25.7155,25.7155,38.5733,12.8578,0.0,2.0,3.0,1.081527,20,92,12,6,0E-8,-0.00497085,,0E-8,0.000000,0.904265,0.000000,,2026-06-11,2026-06-30,10,119,81,20,0.500000,,,0.000000,,,,,,,,GLOBAL_BASELINE_NO_ENTITY_RANKING,,,NOT_APPLICABLE_GLOBAL_BASELINE,HF9g-P5,,,,X 全窗基线 · 不参与实体赏罚,3920347,393,A168_HF9F_20260827_0900,2026-08-27 09:00:00
2026-06-15,150000903,789,0,64.2888368864,-41.1448556073,-41.1448556073,0E-7,5,5,0.49860758000000000,0.498607580000,-1.727234020849126,-1.727234020849126,-1.727234020849126,0E-17,ELIGIBLE,R03b_20260811_FULL_v1,L1_ELIGIBILITY,v2026-08-11,2026-03-21..2026-08-06,baccarat_bet02_101_all_pairs_incl_sentinel,round_win = game_pnl > 0 (decisive only),COMPATIBILITY_ONLY_NOT_PRODUCTION,12571.0392,11367.5521,-62.4887,904,894,0.00497085,,0.00497085,0.00497085,62.4887,12571.0392,OK,0.0000,-2.4995,4.0000,96.0000,AG03-UNRESOLVED,ALL5_LEVELS_bet23_to_bet27,-2.4995,-3.1244,-3.1244,-3.1244,-3.1244,4.000000,5.000000,5.000000,5.000000,5.000000,96.000000,95.000000,95.000000,95.000000,95.000000,5.0,-14.9973,-13.6272,-47.4914,-48.8616,PENDING_AG03,FALSE,NOT_FOR_ENFORCEMENT,-59.9892,10912.8501,-62.4887,-59.9892,-2.4995,-0.00497085,-0.00477202,-2.4995,-59.9892,-0.00477202,-2.4995,-3.1244,-3.1244,-3.1244,-3.1244,-59.9892,-0.00477202,-14.9973,-13.6272,-47.4914,-48.8616,-0.00377785,-0.00388684,-0.00019883,13.9060,12.7154,-0.0699,-6.2489,-0.5251,1257.1039,89.4000,,13.9060,12.8578,12.8578,12.8578,25.7155,25.7155,38.5733,12.8578,0.0,2.0,3.0,1.081527,20,92,12,6,0E-8,-0.00497085,,0E-8,0.000000,0.904265,0.000000,,2026-06-11,2026-06-30,10,119,81,20,0.500000,,,0.000000,,,,,,,,GLOBAL_BASELINE_NO_ENTITY_RANKING,,,NOT_APPLICABLE_GLOBAL_BASELINE,HF9g-P5,,,,X 全窗基线 · 不参与实体赏罚,3920348,393,A168_HF9F_20260827_0900,2026-08-27 09:00:00
2026-06-15,150000903,986,0,38.5733021319,-13.5006557462,-13.5006557462,0.3333333,3,3,0.50218230000000000,0.502182300000,-0.5849155494134425,-0.5849155494134426,-0.5849155494134425,0E-17,ELIGIBLE,R03b_20260811_FULL_v1,L1_ELIGIBILITY,v2026-08-11,2026-03-21..2026-08-06,baccarat_bet02_101_all_pairs_incl_sentinel,round_win = game_pnl > 0 (decisive only),COMPATIBILITY_ONLY_NOT_PRODUCTION,12571.0392,11367.5521,-62.4887,904,894,0.00497085,,0.00497085,0.00497085,62.4887,12571.0392,OK,0.0000,-2.4995,4.0000,96.0000,AG03-UNRESOLVED,ALL5_LEVELS_bet23_to_bet27,-2.4995,-3.1244,-3.1244,-3.1244,-3.1244,4.000000,5.000000,5.000000,5.000000,5.000000,96.000000,95.000000,95.000000,95.000000,95.000000,5.0,-14.9973,-13.6272,-47.4914,-48.8616,PENDING_AG03,FALSE,NOT_FOR_ENFORCEMENT,-59.9892,10912.8501,-62.4887,-59.9892,-2.4995,-0.00497085,-0.00477202,-2.4995,-59.9892,-0.00477202,-2.4995,-3.1244,-3.1244,-3.1244,-3.1244,-59.9892,-0.00477202,-14.9973,-13.6272,-47.4914,-48.8616,-0.00377785,-0.00388684,-0.00019883,13.9060,12.7154,-0.0699,-6.2489,-0.5251,1257.1039,89.4000,,13.9060,12.8578,12.8578,12.8578,25.7155,25.7155,38.5733,12.8578,0.0,2.0,3.0,1.081527,20,92,12,6,0E-8,-0.00497085,,0E-8,0.000000,0.904265,0.000000,,2026-06-11,2026-06-30,10,119,81,20,0.500000,,,0.000000,,,,,,,,GLOBAL_BASELINE_NO_ENTITY_RANKING,,,NOT_APPLICABLE_GLOBAL_BASELINE,HF9g-P5,,,,X 全窗基线 · 不参与实体赏罚,3920349,393,A168_HF9F_20260827_0900,2026-08-27 09:00:00
2026-06-16,150000903,1109,0,156.8647620030,39.9876565432,39.9876565432,0.6666667,11,11,0.50299473636363636,0.502994736364,0.9820491968863256,0.9820491968841482,0.9820491968863256,-3.6364E-13,ELIGIBLE,R03b_20260811_FULL_v1,L1_ELIGIBILITY,v2026-08-11,2026-03-21..2026-08-06,baccarat_bet02_101_all_pairs_incl_sentinel,round_win = game_pnl > 0 (decisive only),COMPATIBILITY_ONLY_NOT_PRODUCTION,12571.0392,11367.5521,-62.4887,904,894,0.00497085,,0.00497085,0.00497085,62.4887,12571.0392,OK,0.0000,-2.4995,4.0000,96.0000,AG03-UNRESOLVED,ALL5_LEVELS_bet23_to_bet27,-2.4995,-3.1244,-3.1244,-3.1244,-3.1244,4.000000,5.000000,5.000000,5.000000,5.000000,96.000000,95.000000,95.000000,95.000000,95.000000,5.0,-14.9973,-13.6272,-47.4914,-48.8616,PENDING_AG03,FALSE,NOT_FOR_ENFORCEMENT,-59.9892,10912.8501,-62.4887,-59.9892,-2.4995,-0.00497085,-0.00477202,-2.4995,-59.9892,-0.00477202,-2.4995,-3.1244,-3.1244,-3.1244,-3.1244,-59.9892,-0.00477202,-14.9973,-13.6272,-47.4914,-48.8616,-0.00377785,-0.00388684,-0.00019883,13.9060,12.7154,-0.0699,-6.2489,-0.5251,1257.1039,89.4000,,13.9060,12.8578,12.8578,12.8578,25.7155,25.7155,38.5733,12.8578,0.0,2.0,3.0,1.081527,20,92,12,6,0E-8,-0.00497085,,0E-8,0.000000,0.904265,0.000000,,2026-06-11,2026-06-30,10,119,81,20,0.500000,,,0.000000,,,,,,,,GLOBAL_BASELINE_NO_ENTITY_RANKING,,,NOT_APPLICABLE_GLOBAL_BASELINE,HF9g-P5,,,,X 全窗基线 · 不参与实体赏罚,3920350,393,A168_HF9F_20260827_0900,2026-08-27 09:00:00
2026-06-16,150000903,1302,0,90.0043716410,-14.1435441150,-14.1435441150,0.5000000,6,6,0.49994810000000000,0.499948100000,0.00025425703667063243,0.00025425703667063243,0.00025425703667063243,0E-17,ELIGIBLE,R03b_20260811_FULL_v1,L1_ELIGIBILITY,v2026-08-11,2026-03-21..2026-08-06,baccarat_bet02_101_all_pairs_incl_sentinel,round_win = game_pnl > 0 (decisive only),COMPATIBILITY_ONLY_NOT_PRODUCTION,12571.0392,11367.5521,-62.4887,904,894,0.00497085,,0.00497085,0.00497085,62.4887,12571.0392,OK,0.0000,-2.4995,4.0000,96.0000,AG03-UNRESOLVED,ALL5_LEVELS_bet23_to_bet27,-2.4995,-3.1244,-3.1244,-3.1244,-3.1244,4.000000,5.000000,5.000000,5.000000,5.000000,96.000000,95.000000,95.000000,95.000000,95.000000,5.0,-14.9973,-13.6272,-47.4914,-48.8616,PENDING_AG03,FALSE,NOT_FOR_ENFORCEMENT,-59.9892,10912.8501,-62.4887,-59.9892,-2.4995,-0.00497085,-0.00477202,-2.4995,-59.9892,-0.00477202,-2.4995,-3.1244,-3.1244,-3.1244,-3.1244,-59.9892,-0.00477202,-14.9973,-13.6272,-47.4914,-48.8616,-0.00377785,-0.00388684,-0.00019883,13.9060,12.7154,-0.0699,-6.2489,-0.5251,1257.1039,89.4000,,13.9060,12.8578,12.8578,12.8578,25.7155,25.7155,38.5733,12.8578,0.0,2.0,3.0,1.081527,20,92,12,6,0E-8,-0.00497085,,0E-8,0.000000,0.904265,0.000000,,2026-06-11,2026-06-30,10,119,81,20,0.500000,,,0.000000,,,,,,,,GLOBAL_BASELINE_NO_ENTITY_RANKING,,,NOT_APPLICABLE_GLOBAL_BASELINE,HF9g-P5,,,,X 全窗基线 · 不参与实体赏罚,3920351,393,A168_HF9F_20260827_0900,2026-08-27 09:00:00
2026-06-16,150000903,1318,0,149.1501015764,-47.5737392958,-47.5737392958,0.5000000,8,8,0.49994810000000000,0.499948100000,0.00029359073713029245,0.00029359073713029245,0.00029359073713029245,0E-17,ELIGIBLE,R03b_20260811_FULL_v1,L1_ELIGIBILITY,v2026-08-11,2026-03-21..2026-08-06,baccarat_bet02_101_all_pairs_incl_sentinel,round_win = game_pnl > 0 (decisive only),COMPATIBILITY_ONLY_NOT_PRODUCTION,12571.0392,11367.5521,-62.4887,904,894,0.00497085,,0.00497085,0.00497085,62.4887,12571.0392,OK,0.0000,-2.4995,4.0000,96.0000,AG03-UNRESOLVED,ALL5_LEVELS_bet23_to_bet27,-2.4995,-3.1244,-3.1244,-3.1244,-3.1244,4.000000,5.000000,5.000000,5.000000,5.000000,96.000000,95.000000,95.000000,95.000000,95.000000,5.0,-14.9973,-13.6272,-47.4914,-48.8616,PENDING_AG03,FALSE,NOT_FOR_ENFORCEMENT,-59.9892,10912.8501,-62.4887,-59.9892,-2.4995,-0.00497085,-0.00477202,-2.4995,-59.9892,-0.00477202,-2.4995,-3.1244,-3.1244,-3.1244,-3.1244,-59.9892,-0.00477202,-14.9973,-13.6272,-47.4914,-48.8616,-0.00377785,-0.00388684,-0.00019883,13.9060,12.7154,-0.0699,-6.2489,-0.5251,1257.1039,89.4000,,13.9060,12.8578,12.8578,12.8578,25.7155,25.7155,38.5733,12.8578,0.0,2.0,3.0,1.081527,20,92,12,6,0E-8,-0.00497085,,0E-8,0.000000,0.904265,0.000000,,2026-06-11,2026-06-30,10,119,81,20,0.500000,,,0.000000,,,,,,,,GLOBAL_BASELINE_NO_ENTITY_RANKING,,,NOT_APPLICABLE_GLOBAL_BASELINE,HF9g-P5,,,,X 全窗基线 · 不参与实体赏罚,3920352,393,A168_HF9F_20260827_0900,2026-08-27 09:00:00
2026-06-16,150000903,1323,0,64.2888368864,-12.8577673774,-12.8577673774,0.2500000,4,4,0.49994810000000000,0.499948100000,-0.9997924053861017,-0.9997924053861017,-0.9997924053861017,0E-17,ELIGIBLE,R03b_20260811_FULL_v1,L1_ELIGIBILITY,v2026-08-11,2026-03-21..2026-08-06,baccarat_bet02_101_all_pairs_incl_sentinel,round_win = game_pnl > 0 (decisive only),COMPATIBILITY_ONLY_NOT_PRODUCTION,12571.0392,11367.5521,-62.4887,904,894,0.00497085,,0.00497085,0.00497085,62.4887,12571.0392,OK,0.0000,-2.4995,4.0000,96.0000,AG03-UNRESOLVED,ALL5_LEVELS_bet23_to_bet27,-2.4995,-3.1244,-3.1244,-3.1244,-3.1244,4.000000,5.000000,5.000000,5.000000,5.000000,96.000000,95.000000,95.000000,95.000000,95.000000,5.0,-14.9973,-13.6272,-47.4914,-48.8616,PENDING_AG03,FALSE,NOT_FOR_ENFORCEMENT,-59.9892,10912.8501,-62.4887,-59.9892,-2.4995,-0.00497085,-0.00477202,-2.4995,-59.9892,-0.00477202,-2.4995,-3.1244,-3.1244,-3.1244,-3.1244,-59.9892,-0.00477202,-14.9973,-13.6272,-47.4914,-48.8616,-0.00377785,-0.00388684,-0.00019883,13.9060,12.7154,-0.0699,-6.2489,-0.5251,1257.1039,89.4000,,13.9060,12.8578,12.8578,12.8578,25.7155,25.7155,38.5733,12.8578,0.0,2.0,3.0,1.081527,20,92,12,6,0E-8,-0.00497085,,0E-8,0.000000,0.904265,0.000000,,2026-06-11,2026-06-30,10,119,81,20,0.500000,,,0.000000,,,,,,,,GLOBAL_BASELINE_NO_ENTITY_RANKING,,,NOT_APPLICABLE_GLOBAL_BASELINE,HF9g-P5,,,,X 全窗基线 · 不参与实体赏罚,3920353,393,A168_HF9F_20260827_0900,2026-08-27 09:00:00
2026-06-16,150000903,1331,0,113.1483529202,38.5733021318,38.5733021318,0.6666667,9,9,0.50069283333333333,0.500692833333,0.9958439560465624,0.9958439560485615,0.9958439560465624,3.3333E-13,ELIGIBLE,R03b_20260811_FULL_v1,L1_ELIGIBILITY,v2026-08-11,2026-03-21..2026-08-06,baccarat_bet02_101_all_pairs_incl_sentinel,round_win = game_pnl > 0 (decisive only),COMPATIBILITY_ONLY_NOT_PRODUCTION,12571.0392,11367.5521,-62.4887,904,894,0.00497085,,0.00497085,0.00497085,62.4887,12571.0392,OK,0.0000,-2.4995,4.0000,96.0000,AG03-UNRESOLVED,ALL5_LEVELS_bet23_to_bet27,-2.4995,-3.1244,-3.1244,-3.1244,-3.1244,4.000000,5.000000,5.000000,5.000000,5.000000,96.000000,95.000000,95.000000,95.000000,95.000000,5.0,-14.9973,-13.6272,-47.4914,-48.8616,PENDING_AG03,FALSE,NOT_FOR_ENFORCEMENT,-59.9892,10912.8501,-62.4887,-59.9892,-2.4995,-0.00497085,-0.00477202,-2.4995,-59.9892,-0.00477202,-2.4995,-3.1244,-3.1244,-3.1244,-3.1244,-59.9892,-0.00477202,-14.9973,-13.6272,-47.4914,-48.8616,-0.00377785,-0.00388684,-0.00019883,13.9060,12.7154,-0.0699,-6.2489,-0.5251,1257.1039,89.4000,,13.9060,12.8578,12.8578,12.8578,25.7155,25.7155,38.5733,12.8578,0.0,2.0,3.0,1.081527,20,92,12,6,0E-8,-0.00497085,,0E-8,0.000000,0.904265,0.000000,,2026-06-11,2026-06-30,10,119,81,20,0.500000,,,0.000000,,,,,,,,GLOBAL_BASELINE_NO_ENTITY_RANKING,,,NOT_APPLICABLE_GLOBAL_BASELINE,HF9g-P5,,,,X 全窗基线 · 不参与实体赏罚,3920354,393,A168_HF9F_20260827_0900,2026-08-27 09:00:00
2026-06-16,150000903,1363,0,180.0087432819,-39.2161905008,-39.2161905008,0.3333333,11,11,0.49933877272727273,0.499338772727,-0.9960335073385579,-0.9960335073369222,-0.9960335073385579,2.7273E-13,ELIGIBLE,R03b_20260811_FULL_v1,L1_ELIGIBILITY,v2026-08-11,2026-03-21..2026-08-06,baccarat_bet02_101_all_pairs_incl_sentinel,round_win = game_pnl > 0 (decisive only),COMPATIBILITY_ONLY_NOT_PRODUCTION,12571.0392,11367.5521,-62.4887,904,894,0.00497085,,0.00497085,0.00497085,62.4887,12571.0392,OK,0.0000,-2.4995,4.0000,96.0000,AG03-UNRESOLVED,ALL5_LEVELS_bet23_to_bet27,-2.4995,-3.1244,-3.1244,-3.1244,-3.1244,4.000000,5.000000,5.000000,5.000000,5.000000,96.000000,95.000000,95.000000,95.000000,95.000000,5.0,-14.9973,-13.6272,-47.4914,-48.8616,PENDING_AG03,FALSE,NOT_FOR_ENFORCEMENT,-59.9892,10912.8501,-62.4887,-59.9892,-2.4995,-0.00497085,-0.00477202,-2.4995,-59.9892,-0.00477202,-2.4995,-3.1244,-3.1244,-3.1244,-3.1244,-59.9892,-0.00477202,-14.9973,-13.6272,-47.4914,-48.8616,-0.00377785,-0.00388684,-0.00019883,13.9060,12.7154,-0.0699,-6.2489,-0.5251,1257.1039,89.4000,,13.9060,12.8578,12.8578,12.8578,25.7155,25.7155,38.5733,12.8578,0.0,2.0,3.0,1.081527,20,92,12,6,0E-8,-0.00497085,,0E-8,0.000000,0.904265,0.000000,,2026-06-11,2026-06-30,10,119,81,20,0.500000,,,0.000000,,,,,,,,GLOBAL_BASELINE_NO_ENTITY_RANKING,,,NOT_APPLICABLE_GLOBAL_BASELINE,HF9g-P5,,,,X 全窗基线 · 不参与实体赏罚,3920355,393,A168_HF9F_20260827_0900,2026-08-27 09:00:00
2026-06-16,150000903,1405,0,115.7199063957,-39.8590788697,-39.8590788697,0.2857143,9,9,0.50069283333333333,0.500692833333,-1.137560640527468,-1.137560640525703,-1.137560640527468,3.3333E-13,ELIGIBLE,R03b_20260811_FULL_v1,L1_ELIGIBILITY,v2026-08-11,2026-03-21..2026-08-06,baccarat_bet02_101_all_pairs_incl_sentinel,round_win = game_pnl > 0 (decisive only),COMPATIBILITY_ONLY_NOT_PRODUCTION,12571.0392,11367.5521,-62.4887,904,894,0.00497085,,0.00497085,0.00497085,62.4887,12571.0392,OK,0.0000,-2.4995,4.0000,96.0000,AG03-UNRESOLVED,ALL5_LEVELS_bet23_to_bet27,-2.4995,-3.1244,-3.1244,-3.1244,-3.1244,4.000000,5.000000,5.000000,5.000000,5.000000,96.000000,95.000000,95.000000,95.000000,95.000000,5.0,-14.9973,-13.6272,-47.4914,-48.8616,PENDING_AG03,FALSE,NOT_FOR_ENFORCEMENT,-59.9892,10912.8501,-62.4887,-59.9892,-2.4995,-0.00497085,-0.00477202,-2.4995,-59.9892,-0.00477202,-2.4995,-3.1244,-3.1244,-3.1244,-3.1244,-59.9892,-0.00477202,-14.9973,-13.6272,-47.4914,-48.8616,-0.00377785,-0.00388684,-0.00019883,13.9060,12.7154,-0.0699,-6.2489,-0.5251,1257.1039,89.4000,,13.9060,12.8578,12.8578,12.8578,25.7155,25.7155,38.5733,12.8578,0.0,2.0,3.0,1.081527,20,92,12,6,0E-8,-0.00497085,,0E-8,0.000000,0.904265,0.000000,,2026-06-11,2026-06-30,10,119,81,20,0.500000,,,0.000000,,,,,,,,GLOBAL_BASELINE_NO_ENTITY_RANKING,,,NOT_APPLICABLE_GLOBAL_BASELINE,HF9g-P5,,,,X 全窗基线 · 不参与实体赏罚,3920356,393,A168_HF9F_20260827_0900,2026-08-27 09:00:00
2026-06-16,150000903,1941,0,12.8577673773,0E-10,0E-10,,1,1,0.49324550000000000,0.493245500000,,,,0E-17,NO_DECISIVE_ROUND,R03b_20260811_FULL_v1,L1_ELIGIBILITY,v2026-08-11,2026-03-21..2026-08-06,baccarat_bet02_101_all_pairs_incl_sentinel,round_win = game_pnl > 0 (decisive only),COMPATIBILITY_ONLY_NOT_PRODUCTION,12571.0392,11367.5521,-62.4887,904,894,0.00497085,,0.00497085,0.00497085,62.4887,12571.0392,OK,0.0000,-2.4995,4.0000,96.0000,AG03-UNRESOLVED,ALL5_LEVELS_bet23_to_bet27,-2.4995,-3.1244,-3.1244,-3.1244,-3.1244,4.000000,5.000000,5.000000,5.000000,5.000000,96.000000,95.000000,95.000000,95.000000,95.000000,5.0,-14.9973,-13.6272,-47.4914,-48.8616,PENDING_AG03,FALSE,NOT_FOR_ENFORCEMENT,-59.9892,10912.8501,-62.4887,-59.9892,-2.4995,-0.00497085,-0.00477202,-2.4995,-59.9892,-0.00477202,-2.4995,-3.1244,-3.1244,-3.1244,-3.1244,-59.9892,-0.00477202,-14.9973,-13.6272,-47.4914,-48.8616,-0.00377785,-0.00388684,-0.00019883,13.9060,12.7154,-0.0699,-6.2489,-0.5251,1257.1039,89.4000,,13.9060,12.8578,12.8578,12.8578,25.7155,25.7155,38.5733,12.8578,0.0,2.0,3.0,1.081527,20,92,12,6,0E-8,-0.00497085,,0E-8,0.000000,0.904265,0.000000,,2026-06-11,2026-06-30,10,119,81,20,0.500000,,,0.000000,,,,,,,,GLOBAL_BASELINE_NO_ENTITY_RANKING,,,NOT_APPLICABLE_GLOBAL_BASELINE,HF9g-P5,,,,X 全窗基线 · 不参与实体赏罚,3920357,393,A168_HF9F_20260827_0900,2026-08-27 09:00:00
2026-06-16,150000903,1951,0,90.0043716411,12.2148790084,12.2148790084,0.5714286,7,7,0.49707555714285714,0.497075557143,0.39344589990031587,0.3934458998995593,0.39344589990031587,-1.4286E-13,ELIGIBLE,R03b_20260811_FULL_v1,L1_ELIGIBILITY,v2026-08-11,2026-03-21..2026-08-06,baccarat_bet02_101_all_pairs_incl_sentinel,round_win = game_pnl > 0 (decisive only),COMPATIBILITY_ONLY_NOT_PRODUCTION,12571.0392,11367.5521,-62.4887,904,894,0.00497085,,0.00497085,0.00497085,62.4887,12571.0392,OK,0.0000,-2.4995,4.0000,96.0000,AG03-UNRESOLVED,ALL5_LEVELS_bet23_to_bet27,-2.4995,-3.1244,-3.1244,-3.1244,-3.1244,4.000000,5.000000,5.000000,5.000000,5.000000,96.000000,95.000000,95.000000,95.000000,95.000000,5.0,-14.9973,-13.6272,-47.4914,-48.8616,PENDING_AG03,FALSE,NOT_FOR_ENFORCEMENT,-59.9892,10912.8501,-62.4887,-59.9892,-2.4995,-0.00497085,-0.00477202,-2.4995,-59.9892,-0.00477202,-2.4995,-3.1244,-3.1244,-3.1244,-3.1244,-59.9892,-0.00477202,-14.9973,-13.6272,-47.4914,-48.8616,-0.00377785,-0.00388684,-0.00019883,13.9060,12.7154,-0.0699,-6.2489,-0.5251,1257.1039,89.4000,,13.9060,12.8578,12.8578,12.8578,25.7155,25.7155,38.5733,12.8578,0.0,2.0,3.0,1.081527,20,92,12,6,0E-8,-0.00497085,,0E-8,0.000000,0.904265,0.000000,,2026-06-11,2026-06-30,10,119,81,20,0.500000,,,0.000000,,,,,,,,GLOBAL_BASELINE_NO_ENTITY_RANKING,,,NOT_APPLICABLE_GLOBAL_BASELINE,HF9g-P5,,,,X 全窗基线 · 不参与实体赏罚,3920358,393,A168_HF9F_20260827_0900,2026-08-27 09:00:00
2026-06-16,150000903,2145,0,185.1518502329,-37.2875253942,-37.2875253942,0.3636364,12,12,0.50106520000000000,0.501065200000,-0.9116018398889626,-0.9116018398889626,-0.9116018398889626,0E-17,ELIGIBLE,R03b_20260811_FULL_v1,L1_ELIGIBILITY,v2026-08-11,2026-03-21..2026-08-06,baccarat_bet02_101_all_pairs_incl_sentinel,round_win = game_pnl > 0 (decisive only),COMPATIBILITY_ONLY_NOT_PRODUCTION,12571.0392,11367.5521,-62.4887,904,894,0.00497085,,0.00497085,0.00497085,62.4887,12571.0392,OK,0.0000,-2.4995,4.0000,96.0000,AG03-UNRESOLVED,ALL5_LEVELS_bet23_to_bet27,-2.4995,-3.1244,-3.1244,-3.1244,-3.1244,4.000000,5.000000,5.000000,5.000000,5.000000,96.000000,95.000000,95.000000,95.000000,95.000000,5.0,-14.9973,-13.6272,-47.4914,-48.8616,PENDING_AG03,FALSE,NOT_FOR_ENFORCEMENT,-59.9892,10912.8501,-62.4887,-59.9892,-2.4995,-0.00497085,-0.00477202,-2.4995,-59.9892,-0.00477202,-2.4995,-3.1244,-3.1244,-3.1244,-3.1244,-59.9892,-0.00477202,-14.9973,-13.6272,-47.4914,-48.8616,-0.00377785,-0.00388684,-0.00019883,13.9060,12.7154,-0.0699,-6.2489,-0.5251,1257.1039,89.4000,,13.9060,12.8578,12.8578,12.8578,25.7155,25.7155,38.5733,12.8578,0.0,2.0,3.0,1.081527,20,92,12,6,0E-8,-0.00497085,,0E-8,0.000000,0.904265,0.000000,,2026-06-11,2026-06-30,10,119,81,20,0.500000,,,0.000000,,,,,,,,GLOBAL_BASELINE_NO_ENTITY_RANKING,,,NOT_APPLICABLE_GLOBAL_BASELINE,HF9g-P5,,,,X 全窗基线 · 不参与实体赏罚,3920359,393,A168_HF9F_20260827_0900,2026-08-27 09:00:00
2026-06-16,150000903,2167,0,115.7199063956,24.4297580167,24.4297580167,0.5000000,7,7,0.50282064285714286,0.502820642857,-0.013818491375558404,-0.0138184913748585,-0.013818491375558404,1.4286E-13,ELIGIBLE,R03b_20260811_FULL_v1,L1_ELIGIBILITY,v2026-08-11,2026-03-21..2026-08-06,baccarat_bet02_101_all_pairs_incl_sentinel,round_win = game_pnl > 0 (decisive only),COMPATIBILITY_ONLY_NOT_PRODUCTION,12571.0392,11367.5521,-62.4887,904,894,0.00497085,,0.00497085,0.00497085,62.4887,12571.0392,OK,0.0000,-2.4995,4.0000,96.0000,AG03-UNRESOLVED,ALL5_LEVELS_bet23_to_bet27,-2.4995,-3.1244,-3.1244,-3.1244,-3.1244,4.000000,5.000000,5.000000,5.000000,5.000000,96.000000,95.000000,95.000000,95.000000,95.000000,5.0,-14.9973,-13.6272,-47.4914,-48.8616,PENDING_AG03,FALSE,NOT_FOR_ENFORCEMENT,-59.9892,10912.8501,-62.4887,-59.9892,-2.4995,-0.00497085,-0.00477202,-2.4995,-59.9892,-0.00477202,-2.4995,-3.1244,-3.1244,-3.1244,-3.1244,-59.9892,-0.00477202,-14.9973,-13.6272,-47.4914,-48.8616,-0.00377785,-0.00388684,-0.00019883,13.9060,12.7154,-0.0699,-6.2489,-0.5251,1257.1039,89.4000,,13.9060,12.8578,12.8578,12.8578,25.7155,25.7155,38.5733,12.8578,0.0,2.0,3.0,1.081527,20,92,12,6,0E-8,-0.00497085,,0E-8,0.000000,0.904265,0.000000,,2026-06-11,2026-06-30,10,119,81,20,0.500000,,,0.000000,,,,,,,,GLOBAL_BASELINE_NO_ENTITY_RANKING,,,NOT_APPLICABLE_GLOBAL_BASELINE,HF9g-P5,,,,X 全窗基线 · 不参与实体赏罚,3920360,393,A168_HF9F_20260827_0900,2026-08-27 09:00:00
2026-06-16,150000903,2218,0,95.1474785920,2.9572864967,2.9572864967,0.5000000,9,9,0.45567840000000000,0.455678400000,0.2517117087158062,0.2517117087158062,0.2517117087158062,0E-17,ELIGIBLE,R03b_20260811_FULL_v1,L1_ELIGIBILITY,v2026-08-11,2026-03-21..2026-08-06,baccarat_bet02_101_all_pairs_incl_sentinel,round_win = game_pnl > 0 (decisive only),COMPATIBILITY_ONLY_NOT_PRODUCTION,12571.0392,11367.5521,-62.4887,904,894,0.00497085,,0.00497085,0.00497085,62.4887,12571.0392,OK,0.0000,-2.4995,4.0000,96.0000,AG03-UNRESOLVED,ALL5_LEVELS_bet23_to_bet27,-2.4995,-3.1244,-3.1244,-3.1244,-3.1244,4.000000,5.000000,5.000000,5.000000,5.000000,96.000000,95.000000,95.000000,95.000000,95.000000,5.0,-14.9973,-13.6272,-47.4914,-48.8616,PENDING_AG03,FALSE,NOT_FOR_ENFORCEMENT,-59.9892,10912.8501,-62.4887,-59.9892,-2.4995,-0.00497085,-0.00477202,-2.4995,-59.9892,-0.00477202,-2.4995,-3.1244,-3.1244,-3.1244,-3.1244,-59.9892,-0.00477202,-14.9973,-13.6272,-47.4914,-48.8616,-0.00377785,-0.00388684,-0.00019883,13.9060,12.7154,-0.0699,-6.2489,-0.5251,1257.1039,89.4000,,13.9060,12.8578,12.8578,12.8578,25.7155,25.7155,38.5733,12.8578,0.0,2.0,3.0,1.081527,20,92,12,6,0E-8,-0.00497085,,0E-8,0.000000,0.904265,0.000000,,2026-06-11,2026-06-30,10,119,81,20,0.500000,,,0.000000,,,,,,,,GLOBAL_BASELINE_NO_ENTITY_RANKING,,,NOT_APPLICABLE_GLOBAL_BASELINE,HF9g-P5,,,,X 全窗基线 · 不参与实体赏罚,3920361,393,A168_HF9F_20260827_0900,2026-08-27 09:00:00
2026-06-16,150000903,2251,0,38.5733021319,25.0726463857,25.0726463857,1.0000000,3,3,0.50218230000000000,0.502182300000,1.4080544974538591,1.4080544974538591,1.4080544974538591,0E-17,ELIGIBLE,R03b_20260811_FULL_v1,L1_ELIGIBILITY,v2026-08-11,2026-03-21..2026-08-06,baccarat_bet02_101_all_pairs_incl_sentinel,round_win = game_pnl > 0 (decisive only),COMPATIBILITY_ONLY_NOT_PRODUCTION,12571.0392,11367.5521,-62.4887,904,894,0.00497085,,0.00497085,0.00497085,62.4887,12571.0392,OK,0.0000,-2.4995,4.0000,96.0000,AG03-UNRESOLVED,ALL5_LEVELS_bet23_to_bet27,-2.4995,-3.1244,-3.1244,-3.1244,-3.1244,4.000000,5.000000,5.000000,5.000000,5.000000,96.000000,95.000000,95.000000,95.000000,95.000000,5.0,-14.9973,-13.6272,-47.4914,-48.8616,PENDING_AG03,FALSE,NOT_FOR_ENFORCEMENT,-59.9892,10912.8501,-62.4887,-59.9892,-2.4995,-0.00497085,-0.00477202,-2.4995,-59.9892,-0.00477202,-2.4995,-3.1244,-3.1244,-3.1244,-3.1244,-59.9892,-0.00477202,-14.9973,-13.6272,-47.4914,-48.8616,-0.00377785,-0.00388684,-0.00019883,13.9060,12.7154,-0.0699,-6.2489,-0.5251,1257.1039,89.4000,,13.9060,12.8578,12.8578,12.8578,25.7155,25.7155,38.5733,12.8578,0.0,2.0,3.0,1.081527,20,92,12,6,0E-8,-0.00497085,,0E-8,0.000000,0.904265,0.000000,,2026-06-11,2026-06-30,10,119,81,20,0.500000,,,0.000000,,,,,,,,GLOBAL_BASELINE_NO_ENTITY_RANKING,,,NOT_APPLICABLE_GLOBAL_BASELINE,HF9g-P5,,,,X 全窗基线 · 不参与实体赏罚,3920362,393,A168_HF9F_20260827_0900,2026-08-27 09:00:00
2026-06-16,150000903,2276,0,12.8577673773,-12.8577673773,-12.8577673773,0E-7,1,1,0.50665070000000000,0.506650700000,-1.013391052207602,-1.013391052207602,-1.013391052207602,0E-17,ELIGIBLE,R03b_20260811_FULL_v1,L1_ELIGIBILITY,v2026-08-11,2026-03-21..2026-08-06,baccarat_bet02_101_all_pairs_incl_sentinel,round_win = game_pnl > 0 (decisive only),COMPATIBILITY_ONLY_NOT_PRODUCTION,12571.0392,11367.5521,-62.4887,904,894,0.00497085,,0.00497085,0.00497085,62.4887,12571.0392,OK,0.0000,-2.4995,4.0000,96.0000,AG03-UNRESOLVED,ALL5_LEVELS_bet23_to_bet27,-2.4995,-3.1244,-3.1244,-3.1244,-3.1244,4.000000,5.000000,5.000000,5.000000,5.000000,96.000000,95.000000,95.000000,95.000000,95.000000,5.0,-14.9973,-13.6272,-47.4914,-48.8616,PENDING_AG03,FALSE,NOT_FOR_ENFORCEMENT,-59.9892,10912.8501,-62.4887,-59.9892,-2.4995,-0.00497085,-0.00477202,-2.4995,-59.9892,-0.00477202,-2.4995,-3.1244,-3.1244,-3.1244,-3.1244,-59.9892,-0.00477202,-14.9973,-13.6272,-47.4914,-48.8616,-0.00377785,-0.00388684,-0.00019883,13.9060,12.7154,-0.0699,-6.2489,-0.5251,1257.1039,89.4000,,13.9060,12.8578,12.8578,12.8578,25.7155,25.7155,38.5733,12.8578,0.0,2.0,3.0,1.081527,20,92,12,6,0E-8,-0.00497085,,0E-8,0.000000,0.904265,0.000000,,2026-06-11,2026-06-30,10,119,81,20,0.500000,,,0.000000,,,,,,,,GLOBAL_BASELINE_NO_ENTITY_RANKING,,,NOT_APPLICABLE_GLOBAL_BASELINE,HF9g-P5,,,,X 全窗基线 · 不参与实体赏罚,3920363,393,A168_HF9F_20260827_0900,2026-08-27 09:00:00
2026-06-16,150000903,2278,0,51.4310695092,12.8577673773,12.8577673773,0.6666667,4,4,0.49994810000000000,0.499948100000,0.5775300591747329,0.5775300591747329,0.5775300591747329,0E-17,ELIGIBLE,R03b_20260811_FULL_v1,L1_ELIGIBILITY,v2026-08-11,2026-03-21..2026-08-06,baccarat_bet02_101_all_pairs_incl_sentinel,round_win = game_pnl > 0 (decisive only),COMPATIBILITY_ONLY_NOT_PRODUCTION,12571.0392,11367.5521,-62.4887,904,894,0.00497085,,0.00497085,0.00497085,62.4887,12571.0392,OK,0.0000,-2.4995,4.0000,96.0000,AG03-UNRESOLVED,ALL5_LEVELS_bet23_to_bet27,-2.4995,-3.1244,-3.1244,-3.1244,-3.1244,4.000000,5.000000,5.000000,5.000000,5.000000,96.000000,95.000000,95.000000,95.000000,95.000000,5.0,-14.9973,-13.6272,-47.4914,-48.8616,PENDING_AG03,FALSE,NOT_FOR_ENFORCEMENT,-59.9892,10912.8501,-62.4887,-59.9892,-2.4995,-0.00497085,-0.00477202,-2.4995,-59.9892,-0.00477202,-2.4995,-3.1244,-3.1244,-3.1244,-3.1244,-59.9892,-0.00477202,-14.9973,-13.6272,-47.4914,-48.8616,-0.00377785,-0.00388684,-0.00019883,13.9060,12.7154,-0.0699,-6.2489,-0.5251,1257.1039,89.4000,,13.9060,12.8578,12.8578,12.8578,25.7155,25.7155,38.5733,12.8578,0.0,2.0,3.0,1.081527,20,92,12,6,0E-8,-0.00497085,,0E-8,0.000000,0.904265,0.000000,,2026-06-11,2026-06-30,10,119,81,20,0.500000,,,0.000000,,,,,,,,GLOBAL_BASELINE_NO_ENTITY_RANKING,,,NOT_APPLICABLE_GLOBAL_BASELINE,HF9g-P5,,,,X 全窗基线 · 不参与实体赏罚,3920364,393,A168_HF9F_20260827_0900,2026-08-27 09:00:00
2026-06-16,150000903,526,0,102.8621390182,23.1439812790,23.1439812790,0.5000000,6,6,0.49771390000000000,0.497713900000,0.009144495583398339,0.009144495583398339,0.009144495583398339,0E-17,ELIGIBLE,R03b_20260811_FULL_v1,L1_ELIGIBILITY,v2026-08-11,2026-03-21..2026-08-06,baccarat_bet02_101_all_pairs_incl_sentinel,round_win = game_pnl > 0 (decisive only),COMPATIBILITY_ONLY_NOT_PRODUCTION,12571.0392,11367.5521,-62.4887,904,894,0.00497085,,0.00497085,0.00497085,62.4887,12571.0392,OK,0.0000,-2.4995,4.0000,96.0000,AG03-UNRESOLVED,ALL5_LEVELS_bet23_to_bet27,-2.4995,-3.1244,-3.1244,-3.1244,-3.1244,4.000000,5.000000,5.000000,5.000000,5.000000,96.000000,95.000000,95.000000,95.000000,95.000000,5.0,-14.9973,-13.6272,-47.4914,-48.8616,PENDING_AG03,FALSE,NOT_FOR_ENFORCEMENT,-59.9892,10912.8501,-62.4887,-59.9892,-2.4995,-0.00497085,-0.00477202,-2.4995,-59.9892,-0.00477202,-2.4995,-3.1244,-3.1244,-3.1244,-3.1244,-59.9892,-0.00477202,-14.9973,-13.6272,-47.4914,-48.8616,-0.00377785,-0.00388684,-0.00019883,13.9060,12.7154,-0.0699,-6.2489,-0.5251,1257.1039,89.4000,,13.9060,12.8578,12.8578,12.8578,25.7155,25.7155,38.5733,12.8578,0.0,2.0,3.0,1.081527,20,92,12,6,0E-8,-0.00497085,,0E-8,0.000000,0.904265,0.000000,,2026-06-11,2026-06-30,10,119,81,20,0.500000,,,0.000000,,,,,,,,GLOBAL_BASELINE_NO_ENTITY_RANKING,,,NOT_APPLICABLE_GLOBAL_BASELINE,HF9g-P5,,,,X 全窗基线 · 不参与实体赏罚,3920365,393,A168_HF9F_20260827_0900,2026-08-27 09:00:00
2026-06-16,150000903,763,0,141.4354411501,10.9291022707,10.9291022707,0.5555556,9,9,0.49920336666666667,0.499203366667,0.33811356248402014,0.33811356248201985,0.33811356248402014,-3.3333E-13,ELIGIBLE,R03b_20260811_FULL_v1,L1_ELIGIBILITY,v2026-08-11,2026-03-21..2026-08-06,baccarat_bet02_101_all_pairs_incl_sentinel,round_win = game_pnl > 0 (decisive only),COMPATIBILITY_ONLY_NOT_PRODUCTION,12571.0392,11367.5521,-62.4887,904,894,0.00497085,,0.00497085,0.00497085,62.4887,12571.0392,OK,0.0000,-2.4995,4.0000,96.0000,AG03-UNRESOLVED,ALL5_LEVELS_bet23_to_bet27,-2.4995,-3.1244,-3.1244,-3.1244,-3.1244,4.000000,5.000000,5.000000,5.000000,5.000000,96.000000,95.000000,95.000000,95.000000,95.000000,5.0,-14.9973,-13.6272,-47.4914,-48.8616,PENDING_AG03,FALSE,NOT_FOR_ENFORCEMENT,-59.9892,10912.8501,-62.4887,-59.9892,-2.4995,-0.00497085,-0.00477202,-2.4995,-59.9892,-0.00477202,-2.4995,-3.1244,-3.1244,-3.1244,-3.1244,-59.9892,-0.00477202,-14.9973,-13.6272,-47.4914,-48.8616,-0.00377785,-0.00388684,-0.00019883,13.9060,12.7154,-0.0699,-6.2489,-0.5251,1257.1039,89.4000,,13.9060,12.8578,12.8578,12.8578,25.7155,25.7155,38.5733,12.8578,0.0,2.0,3.0,1.081527,20,92,12,6,0E-8,-0.00497085,,0E-8,0.000000,0.904265,0.000000,,2026-06-11,2026-06-30,10,119,81,20,0.500000,,,0.000000,,,,,,,,GLOBAL_BASELINE_NO_ENTITY_RANKING,,,NOT_APPLICABLE_GLOBAL_BASELINE,HF9g-P5,,,,X 全窗基线 · 不参与实体赏罚,3920366,393,A168_HF9F_20260827_0900,2026-08-27 09:00:00
2026-06-16,150000903,986,0,290.5855427267,14.1435441148,14.1435441148,0.5555556,18,18,0.49994810000000000,0.499948100000,0.4718449094362871,0.471844909436287,0.4718449094362871,0E-17,ELIGIBLE,R03b_20260811_FULL_v1,L1_ELIGIBILITY,v2026-08-11,2026-03-21..2026-08-06,baccarat_bet02_101_all_pairs_incl_sentinel,round_win = game_pnl > 0 (decisive only),COMPATIBILITY_ONLY_NOT_PRODUCTION,12571.0392,11367.5521,-62.4887,904,894,0.00497085,,0.00497085,0.00497085,62.4887,12571.0392,OK,0.0000,-2.4995,4.0000,96.0000,AG03-UNRESOLVED,ALL5_LEVELS_bet23_to_bet27,-2.4995,-3.1244,-3.1244,-3.1244,-3.1244,4.000000,5.000000,5.000000,5.000000,5.000000,96.000000,95.000000,95.000000,95.000000,95.000000,5.0,-14.9973,-13.6272,-47.4914,-48.8616,PENDING_AG03,FALSE,NOT_FOR_ENFORCEMENT,-59.9892,10912.8501,-62.4887,-59.9892,-2.4995,-0.00497085,-0.00477202,-2.4995,-59.9892,-0.00477202,-2.4995,-3.1244,-3.1244,-3.1244,-3.1244,-59.9892,-0.00477202,-14.9973,-13.6272,-47.4914,-48.8616,-0.00377785,-0.00388684,-0.00019883,13.9060,12.7154,-0.0699,-6.2489,-0.5251,1257.1039,89.4000,,13.9060,12.8578,12.8578,12.8578,25.7155,25.7155,38.5733,12.8578,0.0,2.0,3.0,1.081527,20,92,12,6,0E-8,-0.00497085,,0E-8,0.000000,0.904265,0.000000,,2026-06-11,2026-06-30,10,119,81,20,0.500000,,,0.000000,,,,,,,,GLOBAL_BASELINE_NO_ENTITY_RANKING,,,NOT_APPLICABLE_GLOBAL_BASELINE,HF9g-P5,,,,X 全窗基线 · 不参与实体赏罚,3920367,393,A168_HF9F_20260827_0900,2026-08-27 09:00:00
2026-06-17,150000903,-1,1,38.5733021319,-13.5006557462,-13.5006557462,0.3333333,3,3,0.50218230000000000,0.502182300000,-0.5849155494134425,-0.5849155494134426,-0.5849155494134425,0E-17,SENTINEL_DEALER,R03b_20260811_FULL_v1,L1_ELIGIBILITY,v2026-08-11,2026-03-21..2026-08-06,baccarat_bet02_101_all_pairs_incl_sentinel,round_win = game_pnl > 0 (decisive only),COMPATIBILITY_ONLY_NOT_PRODUCTION,12571.0392,11367.5521,-62.4887,904,894,0.00497085,,0.00497085,0.00497085,62.4887,12571.0392,OK,0.0000,-2.4995,4.0000,96.0000,AG03-UNRESOLVED,ALL5_LEVELS_bet23_to_bet27,-2.4995,-3.1244,-3.1244,-3.1244,-3.1244,4.000000,5.000000,5.000000,5.000000,5.000000,96.000000,95.000000,95.000000,95.000000,95.000000,5.0,-14.9973,-13.6272,-47.4914,-48.8616,PENDING_AG03,FALSE,NOT_FOR_ENFORCEMENT,-59.9892,10912.8501,-62.4887,-59.9892,-2.4995,-0.00497085,-0.00477202,-2.4995,-59.9892,-0.00477202,-2.4995,-3.1244,-3.1244,-3.1244,-3.1244,-59.9892,-0.00477202,-14.9973,-13.6272,-47.4914,-48.8616,-0.00377785,-0.00388684,-0.00019883,13.9060,12.7154,-0.0699,-6.2489,-0.5251,1257.1039,89.4000,,13.9060,12.8578,12.8578,12.8578,25.7155,25.7155,38.5733,12.8578,0.0,2.0,3.0,1.081527,20,92,12,6,0E-8,-0.00497085,,0E-8,0.000000,0.904265,0.000000,,2026-06-11,2026-06-30,10,119,81,20,0.500000,,,0.000000,,,,,,,,GLOBAL_BASELINE_NO_ENTITY_RANKING,,,NOT_APPLICABLE_GLOBAL_BASELINE,HF9g-P5,,,,X 全窗基线 · 不参与实体赏罚,3920368,393,A168_HF9F_20260827_0900,2026-08-27 09:00:00
2026-06-17,150000903,1151,0,51.4310695092,12.8577673773,12.8577673773,0.6666667,4,4,0.49994810000000000,0.499948100000,0.5775300591747329,0.5775300591747329,0.5775300591747329,0E-17,ELIGIBLE,R03b_20260811_FULL_v1,L1_ELIGIBILITY,v2026-08-11,2026-03-21..2026-08-06,baccarat_bet02_101_all_pairs_incl_sentinel,round_win = game_pnl > 0 (decisive only),COMPATIBILITY_ONLY_NOT_PRODUCTION,12571.0392,11367.5521,-62.4887,904,894,0.00497085,,0.00497085,0.00497085,62.4887,12571.0392,OK,0.0000,-2.4995,4.0000,96.0000,AG03-UNRESOLVED,ALL5_LEVELS_bet23_to_bet27,-2.4995,-3.1244,-3.1244,-3.1244,-3.1244,4.000000,5.000000,5.000000,5.000000,5.000000,96.000000,95.000000,95.000000,95.000000,95.000000,5.0,-14.9973,-13.6272,-47.4914,-48.8616,PENDING_AG03,FALSE,NOT_FOR_ENFORCEMENT,-59.9892,10912.8501,-62.4887,-59.9892,-2.4995,-0.00497085,-0.00477202,-2.4995,-59.9892,-0.00477202,-2.4995,-3.1244,-3.1244,-3.1244,-3.1244,-59.9892,-0.00477202,-14.9973,-13.6272,-47.4914,-48.8616,-0.00377785,-0.00388684,-0.00019883,13.9060,12.7154,-0.0699,-6.2489,-0.5251,1257.1039,89.4000,,13.9060,12.8578,12.8578,12.8578,25.7155,25.7155,38.5733,12.8578,0.0,2.0,3.0,1.081527,20,92,12,6,0E-8,-0.00497085,,0E-8,0.000000,0.904265,0.000000,,2026-06-11,2026-06-30,10,119,81,20,0.500000,,,0.000000,,,,,,,,GLOBAL_BASELINE_NO_ENTITY_RANKING,,,NOT_APPLICABLE_GLOBAL_BASELINE,HF9g-P5,,,,X 全窗基线 · 不参与实体赏罚,3920369,393,A168_HF9F_20260827_0900,2026-08-27 09:00:00
2026-06-17,150000903,1205,0,44.7450304729,-21.6010491938,-21.6010491938,0.3333333,4,4,0.49994810000000000,0.499948100000,-0.5771704854251445,-0.5771704854251445,-0.5771704854251445,0E-17,ELIGIBLE,R03b_20260811_FULL_v1,L1_ELIGIBILITY,v2026-08-11,2026-03-21..2026-08-06,baccarat_bet02_101_all_pairs_incl_sentinel,round_win = game_pnl > 0 (decisive only),COMPATIBILITY_ONLY_NOT_PRODUCTION,12571.0392,11367.5521,-62.4887,904,894,0.00497085,,0.00497085,0.00497085,62.4887,12571.0392,OK,0.0000,-2.4995,4.0000,96.0000,AG03-UNRESOLVED,ALL5_LEVELS_bet23_to_bet27,-2.4995,-3.1244,-3.1244,-3.1244,-3.1244,4.000000,5.000000,5.000000,5.000000,5.000000,96.000000,95.000000,95.000000,95.000000,95.000000,5.0,-14.9973,-13.6272,-47.4914,-48.8616,PENDING_AG03,FALSE,NOT_FOR_ENFORCEMENT,-59.9892,10912.8501,-62.4887,-59.9892,-2.4995,-0.00497085,-0.00477202,-2.4995,-59.9892,-0.00477202,-2.4995,-3.1244,-3.1244,-3.1244,-3.1244,-59.9892,-0.00477202,-14.9973,-13.6272,-47.4914,-48.8616,-0.00377785,-0.00388684,-0.00019883,13.9060,12.7154,-0.0699,-6.2489,-0.5251,1257.1039,89.4000,,13.9060,12.8578,12.8578,12.8578,25.7155,25.7155,38.5733,12.8578,0.0,2.0,3.0,1.081527,20,92,12,6,0E-8,-0.00497085,,0E-8,0.000000,0.904265,0.000000,,2026-06-11,2026-06-30,10,119,81,20,0.500000,,,0.000000,,,,,,,,GLOBAL_BASELINE_NO_ENTITY_RANKING,,,NOT_APPLICABLE_GLOBAL_BASELINE,HF9g-P5,,,,X 全窗基线 · 不参与实体赏罚,3920370,393,A168_HF9F_20260827_0900,2026-08-27 09:00:00
2026-06-17,150000903,1307,0,90.0043716409,-90.0043716409,-90.0043716409,0E-7,5,5,0.49860758000000000,0.498607580000,-2.2298495325838465,-2.2298495325838465,-2.2298495325838465,0E-17,ELIGIBLE,R03b_20260811_FULL_v1,L1_ELIGIBILITY,v2026-08-11,2026-03-21..2026-08-06,baccarat_bet02_101_all_pairs_incl_sentinel,round_win = game_pnl > 0 (decisive only),COMPATIBILITY_ONLY_NOT_PRODUCTION,12571.0392,11367.5521,-62.4887,904,894,0.00497085,,0.00497085,0.00497085,62.4887,12571.0392,OK,0.0000,-2.4995,4.0000,96.0000,AG03-UNRESOLVED,ALL5_LEVELS_bet23_to_bet27,-2.4995,-3.1244,-3.1244,-3.1244,-3.1244,4.000000,5.000000,5.000000,5.000000,5.000000,96.000000,95.000000,95.000000,95.000000,95.000000,5.0,-14.9973,-13.6272,-47.4914,-48.8616,PENDING_AG03,FALSE,NOT_FOR_ENFORCEMENT,-59.9892,10912.8501,-62.4887,-59.9892,-2.4995,-0.00497085,-0.00477202,-2.4995,-59.9892,-0.00477202,-2.4995,-3.1244,-3.1244,-3.1244,-3.1244,-59.9892,-0.00477202,-14.9973,-13.6272,-47.4914,-48.8616,-0.00377785,-0.00388684,-0.00019883,13.9060,12.7154,-0.0699,-6.2489,-0.5251,1257.1039,89.4000,,13.9060,12.8578,12.8578,12.8578,25.7155,25.7155,38.5733,12.8578,0.0,2.0,3.0,1.081527,20,92,12,6,0E-8,-0.00497085,,0E-8,0.000000,0.904265,0.000000,,2026-06-11,2026-06-30,10,119,81,20,0.500000,,,0.000000,,,,,,,,GLOBAL_BASELINE_NO_ENTITY_RANKING,,,NOT_APPLICABLE_GLOBAL_BASELINE,HF9g-P5,,,,X 全窗基线 · 不参与实体赏罚,3920371,393,A168_HF9F_20260827_0900,2026-08-27 09:00:00
2026-06-17,150000903,1323,0,25.7155347545,24.4297580168,24.4297580168,1.0000000,1,1,0.50665070000000000,0.506650700000,0.9867858985152569,0.9867858985152569,0.9867858985152569,0E-17,ELIGIBLE,R03b_20260811_FULL_v1,L1_ELIGIBILITY,v2026-08-11,2026-03-21..2026-08-06,baccarat_bet02_101_all_pairs_incl_sentinel,round_win = game_pnl > 0 (decisive only),COMPATIBILITY_ONLY_NOT_PRODUCTION,12571.0392,11367.5521,-62.4887,904,894,0.00497085,,0.00497085,0.00497085,62.4887,12571.0392,OK,0.0000,-2.4995,4.0000,96.0000,AG03-UNRESOLVED,ALL5_LEVELS_bet23_to_bet27,-2.4995,-3.1244,-3.1244,-3.1244,-3.1244,4.000000,5.000000,5.000000,5.000000,5.000000,96.000000,95.000000,95.000000,95.000000,95.000000,5.0,-14.9973,-13.6272,-47.4914,-48.8616,PENDING_AG03,FALSE,NOT_FOR_ENFORCEMENT,-59.9892,10912.8501,-62.4887,-59.9892,-2.4995,-0.00497085,-0.00477202,-2.4995,-59.9892,-0.00477202,-2.4995,-3.1244,-3.1244,-3.1244,-3.1244,-59.9892,-0.00477202,-14.9973,-13.6272,-47.4914,-48.8616,-0.00377785,-0.00388684,-0.00019883,13.9060,12.7154,-0.0699,-6.2489,-0.5251,1257.1039,89.4000,,13.9060,12.8578,12.8578,12.8578,25.7155,25.7155,38.5733,12.8578,0.0,2.0,3.0,1.081527,20,92,12,6,0E-8,-0.00497085,,0E-8,0.000000,0.904265,0.000000,,2026-06-11,2026-06-30,10,119,81,20,0.500000,,,0.000000,,,,,,,,GLOBAL_BASELINE_NO_ENTITY_RANKING,,,NOT_APPLICABLE_GLOBAL_BASELINE,HF9g-P5,,,,X 全窗基线 · 不参与实体赏罚,3920372,393,A168_HF9F_20260827_0900,2026-08-27 09:00:00
2026-06-17,150000903,1330,0,349.7312726617,14.4006994625,14.4006994625,0.5000000,16,16,0.50078592500000000,0.500785925000,-0.006287407767193036,-0.006287407767193036,-0.006287407767193036,0E-17,ELIGIBLE,R03b_20260811_FULL_v1,L1_ELIGIBILITY,v2026-08-11,2026-03-21..2026-08-06,baccarat_bet02_101_all_pairs_incl_sentinel,round_win = game_pnl > 0 (decisive only),COMPATIBILITY_ONLY_NOT_PRODUCTION,12571.0392,11367.5521,-62.4887,904,894,0.00497085,,0.00497085,0.00497085,62.4887,12571.0392,OK,0.0000,-2.4995,4.0000,96.0000,AG03-UNRESOLVED,ALL5_LEVELS_bet23_to_bet27,-2.4995,-3.1244,-3.1244,-3.1244,-3.1244,4.000000,5.000000,5.000000,5.000000,5.000000,96.000000,95.000000,95.000000,95.000000,95.000000,5.0,-14.9973,-13.6272,-47.4914,-48.8616,PENDING_AG03,FALSE,NOT_FOR_ENFORCEMENT,-59.9892,10912.8501,-62.4887,-59.9892,-2.4995,-0.00497085,-0.00477202,-2.4995,-59.9892,-0.00477202,-2.4995,-3.1244,-3.1244,-3.1244,-3.1244,-59.9892,-0.00477202,-14.9973,-13.6272,-47.4914,-48.8616,-0.00377785,-0.00388684,-0.00019883,13.9060,12.7154,-0.0699,-6.2489,-0.5251,1257.1039,89.4000,,13.9060,12.8578,12.8578,12.8578,25.7155,25.7155,38.5733,12.8578,0.0,2.0,3.0,1.081527,20,92,12,6,0E-8,-0.00497085,,0E-8,0.000000,0.904265,0.000000,,2026-06-11,2026-06-30,10,119,81,20,0.500000,,,0.000000,,,,,,,,GLOBAL_BASELINE_NO_ENTITY_RANKING,,,NOT_APPLICABLE_GLOBAL_BASELINE,HF9g-P5,,,,X 全窗基线 · 不参与实体赏罚,3920373,393,A168_HF9F_20260827_0900,2026-08-27 09:00:00
2026-06-17,150000903,1383,0,192.8665106589,-91.2901483786,-91.2901483786,0.2857143,7,7,0.50090561428571429,0.500905614286,-1.138687347156492,-1.138687347158005,-1.138687347156492,-2.8571E-13,ELIGIBLE,R03b_20260811_FULL_v1,L1_ELIGIBILITY,v2026-08-11,2026-03-21..2026-08-06,baccarat_bet02_101_all_pairs_incl_sentinel,round_win = game_pnl > 0 (decisive only),COMPATIBILITY_ONLY_NOT_PRODUCTION,12571.0392,11367.5521,-62.4887,904,894,0.00497085,,0.00497085,0.00497085,62.4887,12571.0392,OK,0.0000,-2.4995,4.0000,96.0000,AG03-UNRESOLVED,ALL5_LEVELS_bet23_to_bet27,-2.4995,-3.1244,-3.1244,-3.1244,-3.1244,4.000000,5.000000,5.000000,5.000000,5.000000,96.000000,95.000000,95.000000,95.000000,95.000000,5.0,-14.9973,-13.6272,-47.4914,-48.8616,PENDING_AG03,FALSE,NOT_FOR_ENFORCEMENT,-59.9892,10912.8501,-62.4887,-59.9892,-2.4995,-0.00497085,-0.00477202,-2.4995,-59.9892,-0.00477202,-2.4995,-3.1244,-3.1244,-3.1244,-3.1244,-59.9892,-0.00477202,-14.9973,-13.6272,-47.4914,-48.8616,-0.00377785,-0.00388684,-0.00019883,13.9060,12.7154,-0.0699,-6.2489,-0.5251,1257.1039,89.4000,,13.9060,12.8578,12.8578,12.8578,25.7155,25.7155,38.5733,12.8578,0.0,2.0,3.0,1.081527,20,92,12,6,0E-8,-0.00497085,,0E-8,0.000000,0.904265,0.000000,,2026-06-11,2026-06-30,10,119,81,20,0.500000,,,0.000000,,,,,,,,GLOBAL_BASELINE_NO_ENTITY_RANKING,,,NOT_APPLICABLE_GLOBAL_BASELINE,HF9g-P5,,,,X 全窗基线 · 不参与实体赏罚,3920374,393,A168_HF9F_20260827_0900,2026-08-27 09:00:00
2026-06-17,150000903,1401,0,38.5733021318,-25.7155347545,-25.7155347545,0E-7,2,2,0.49994810000000000,0.499948100000,-0.9998962053866608,-0.9998962053866608,-0.9998962053866608,0E-17,ELIGIBLE,R03b_20260811_FULL_v1,L1_ELIGIBILITY,v2026-08-11,2026-03-21..2026-08-06,baccarat_bet02_101_all_pairs_incl_sentinel,round_win = game_pnl > 0 (decisive only),COMPATIBILITY_ONLY_NOT_PRODUCTION,12571.0392,11367.5521,-62.4887,904,894,0.00497085,,0.00497085,0.00497085,62.4887,12571.0392,OK,0.0000,-2.4995,4.0000,96.0000,AG03-UNRESOLVED,ALL5_LEVELS_bet23_to_bet27,-2.4995,-3.1244,-3.1244,-3.1244,-3.1244,4.000000,5.000000,5.000000,5.000000,5.000000,96.000000,95.000000,95.000000,95.000000,95.000000,5.0,-14.9973,-13.6272,-47.4914,-48.8616,PENDING_AG03,FALSE,NOT_FOR_ENFORCEMENT,-59.9892,10912.8501,-62.4887,-59.9892,-2.4995,-0.00497085,-0.00477202,-2.4995,-59.9892,-0.00477202,-2.4995,-3.1244,-3.1244,-3.1244,-3.1244,-59.9892,-0.00477202,-14.9973,-13.6272,-47.4914,-48.8616,-0.00377785,-0.00388684,-0.00019883,13.9060,12.7154,-0.0699,-6.2489,-0.5251,1257.1039,89.4000,,13.9060,12.8578,12.8578,12.8578,25.7155,25.7155,38.5733,12.8578,0.0,2.0,3.0,1.081527,20,92,12,6,0E-8,-0.00497085,,0E-8,0.000000,0.904265,0.000000,,2026-06-11,2026-06-30,10,119,81,20,0.500000,,,0.000000,,,,,,,,GLOBAL_BASELINE_NO_ENTITY_RANKING,,,NOT_APPLICABLE_GLOBAL_BASELINE,HF9g-P5,,,,X 全窗基线 · 不参与实体赏罚,3920375,393,A168_HF9F_20260827_0900,2026-08-27 09:00:00
2026-06-17,150000903,1402,0,244.2975801686,10.2862139016,10.2862139016,0.5000000,18,18,0.50218230000000000,0.502182300000,-0.017458566291306557,-0.017458566291306557,-0.017458566291306557,0E-17,ELIGIBLE,R03b_20260811_FULL_v1,L1_ELIGIBILITY,v2026-08-11,2026-03-21..2026-08-06,baccarat_bet02_101_all_pairs_incl_sentinel,round_win = game_pnl > 0 (decisive only),COMPATIBILITY_ONLY_NOT_PRODUCTION,12571.0392,11367.5521,-62.4887,904,894,0.00497085,,0.00497085,0.00497085,62.4887,12571.0392,OK,0.0000,-2.4995,4.0000,96.0000,AG03-UNRESOLVED,ALL5_LEVELS_bet23_to_bet27,-2.4995,-3.1244,-3.1244,-3.1244,-3.1244,4.000000,5.000000,5.000000,5.000000,5.000000,96.000000,95.000000,95.000000,95.000000,95.000000,5.0,-14.9973,-13.6272,-47.4914,-48.8616,PENDING_AG03,FALSE,NOT_FOR_ENFORCEMENT,-59.9892,10912.8501,-62.4887,-59.9892,-2.4995,-0.00497085,-0.00477202,-2.4995,-59.9892,-0.00477202,-2.4995,-3.1244,-3.1244,-3.1244,-3.1244,-59.9892,-0.00477202,-14.9973,-13.6272,-47.4914,-48.8616,-0.00377785,-0.00388684,-0.00019883,13.9060,12.7154,-0.0699,-6.2489,-0.5251,1257.1039,89.4000,,13.9060,12.8578,12.8578,12.8578,25.7155,25.7155,38.5733,12.8578,0.0,2.0,3.0,1.081527,20,92,12,6,0E-8,-0.00497085,,0E-8,0.000000,0.904265,0.000000,,2026-06-11,2026-06-30,10,119,81,20,0.500000,,,0.000000,,,,,,,,GLOBAL_BASELINE_NO_ENTITY_RANKING,,,NOT_APPLICABLE_GLOBAL_BASELINE,HF9g-P5,,,,X 全窗基线 · 不参与实体赏罚,3920376,393,A168_HF9F_20260827_0900,2026-08-27 09:00:00
2026-06-17,150000903,1405,0,113.1483529200,14.1435441150,14.1435441150,0.5714286,7,7,0.50090561428571429,0.500905614286,0.3731730247484194,0.373173024746908,0.3731730247484194,-2.8571E-13,ELIGIBLE,R03b_20260811_FULL_v1,L1_ELIGIBILITY,v2026-08-11,2026-03-21..2026-08-06,baccarat_bet02_101_all_pairs_incl_sentinel,round_win = game_pnl > 0 (decisive only),COMPATIBILITY_ONLY_NOT_PRODUCTION,12571.0392,11367.5521,-62.4887,904,894,0.00497085,,0.00497085,0.00497085,62.4887,12571.0392,OK,0.0000,-2.4995,4.0000,96.0000,AG03-UNRESOLVED,ALL5_LEVELS_bet23_to_bet27,-2.4995,-3.1244,-3.1244,-3.1244,-3.1244,4.000000,5.000000,5.000000,5.000000,5.000000,96.000000,95.000000,95.000000,95.000000,95.000000,5.0,-14.9973,-13.6272,-47.4914,-48.8616,PENDING_AG03,FALSE,NOT_FOR_ENFORCEMENT,-59.9892,10912.8501,-62.4887,-59.9892,-2.4995,-0.00497085,-0.00477202,-2.4995,-59.9892,-0.00477202,-2.4995,-3.1244,-3.1244,-3.1244,-3.1244,-59.9892,-0.00477202,-14.9973,-13.6272,-47.4914,-48.8616,-0.00377785,-0.00388684,-0.00019883,13.9060,12.7154,-0.0699,-6.2489,-0.5251,1257.1039,89.4000,,13.9060,12.8578,12.8578,12.8578,25.7155,25.7155,38.5733,12.8578,0.0,2.0,3.0,1.081527,20,92,12,6,0E-8,-0.00497085,,0E-8,0.000000,0.904265,0.000000,,2026-06-11,2026-06-30,10,119,81,20,0.500000,,,0.000000,,,,,,,,GLOBAL_BASELINE_NO_ENTITY_RANKING,,,NOT_APPLICABLE_GLOBAL_BASELINE,HF9g-P5,,,,X 全窗基线 · 不参与实体赏罚,3920377,393,A168_HF9F_20260827_0900,2026-08-27 09:00:00
2026-06-17,150000903,1490,0,25.7155347546,12.2148790084,12.2148790084,1.0000000,2,2,0.50665070000000000,0.506650700000,0.9867858985152569,0.9867858985152569,0.9867858985152569,0E-17,ELIGIBLE,R03b_20260811_FULL_v1,L1_ELIGIBILITY,v2026-08-11,2026-03-21..2026-08-06,baccarat_bet02_101_all_pairs_incl_sentinel,round_win = game_pnl > 0 (decisive only),COMPATIBILITY_ONLY_NOT_PRODUCTION,12571.0392,11367.5521,-62.4887,904,894,0.00497085,,0.00497085,0.00497085,62.4887,12571.0392,OK,0.0000,-2.4995,4.0000,96.0000,AG03-UNRESOLVED,ALL5_LEVELS_bet23_to_bet27,-2.4995,-3.1244,-3.1244,-3.1244,-3.1244,4.000000,5.000000,5.000000,5.000000,5.000000,96.000000,95.000000,95.000000,95.000000,95.000000,5.0,-14.9973,-13.6272,-47.4914,-48.8616,PENDING_AG03,FALSE,NOT_FOR_ENFORCEMENT,-59.9892,10912.8501,-62.4887,-59.9892,-2.4995,-0.00497085,-0.00477202,-2.4995,-59.9892,-0.00477202,-2.4995,-3.1244,-3.1244,-3.1244,-3.1244,-59.9892,-0.00477202,-14.9973,-13.6272,-47.4914,-48.8616,-0.00377785,-0.00388684,-0.00019883,13.9060,12.7154,-0.0699,-6.2489,-0.5251,1257.1039,89.4000,,13.9060,12.8578,12.8578,12.8578,25.7155,25.7155,38.5733,12.8578,0.0,2.0,3.0,1.081527,20,92,12,6,0E-8,-0.00497085,,0E-8,0.000000,0.904265,0.000000,,2026-06-11,2026-06-30,10,119,81,20,0.500000,,,0.000000,,,,,,,,GLOBAL_BASELINE_NO_ENTITY_RANKING,,,NOT_APPLICABLE_GLOBAL_BASELINE,HF9g-P5,,,,X 全窗基线 · 不参与实体赏罚,3920378,393,A168_HF9F_20260827_0900,2026-08-27 09:00:00
2026-06-17,150000903,1505,0,25.7155347545,-25.7155347545,-25.7155347545,0E-7,1,1,0.49324550000000000,0.493245500000,-0.9865810262130424,-0.9865810262130424,-0.9865810262130424,0E-17,ELIGIBLE,R03b_20260811_FULL_v1,L1_ELIGIBILITY,v2026-08-11,2026-03-21..2026-08-06,baccarat_bet02_101_all_pairs_incl_sentinel,round_win = game_pnl > 0 (decisive only),COMPATIBILITY_ONLY_NOT_PRODUCTION,12571.0392,11367.5521,-62.4887,904,894,0.00497085,,0.00497085,0.00497085,62.4887,12571.0392,OK,0.0000,-2.4995,4.0000,96.0000,AG03-UNRESOLVED,ALL5_LEVELS_bet23_to_bet27,-2.4995,-3.1244,-3.1244,-3.1244,-3.1244,4.000000,5.000000,5.000000,5.000000,5.000000,96.000000,95.000000,95.000000,95.000000,95.000000,5.0,-14.9973,-13.6272,-47.4914,-48.8616,PENDING_AG03,FALSE,NOT_FOR_ENFORCEMENT,-59.9892,10912.8501,-62.4887,-59.9892,-2.4995,-0.00497085,-0.00477202,-2.4995,-59.9892,-0.00477202,-2.4995,-3.1244,-3.1244,-3.1244,-3.1244,-59.9892,-0.00477202,-14.9973,-13.6272,-47.4914,-48.8616,-0.00377785,-0.00388684,-0.00019883,13.9060,12.7154,-0.0699,-6.2489,-0.5251,1257.1039,89.4000,,13.9060,12.8578,12.8578,12.8578,25.7155,25.7155,38.5733,12.8578,0.0,2.0,3.0,1.081527,20,92,12,6,0E-8,-0.00497085,,0E-8,0.000000,0.904265,0.000000,,2026-06-11,2026-06-30,10,119,81,20,0.500000,,,0.000000,,,,,,,,GLOBAL_BASELINE_NO_ENTITY_RANKING,,,NOT_APPLICABLE_GLOBAL_BASELINE,HF9g-P5,,,,X 全窗基线 · 不参与实体赏罚,3920379,393,A168_HF9F_20260827_0900,2026-08-27 09:00:00
2026-06-17,150000903,1646,0,79.7181577392,16.8436752643,16.8436752643,0.5714286,7,7,0.49899058571428571,0.498990585714,0.38330657246501415,0.3833065724665265,0.38330657246501415,2.8571E-13,ELIGIBLE,R03b_20260811_FULL_v1,L1_ELIGIBILITY,v2026-08-11,2026-03-21..2026-08-06,baccarat_bet02_101_all_pairs_incl_sentinel,round_win = game_pnl > 0 (decisive only),COMPATIBILITY_ONLY_NOT_PRODUCTION,12571.0392,11367.5521,-62.4887,904,894,0.00497085,,0.00497085,0.00497085,62.4887,12571.0392,OK,0.0000,-2.4995,4.0000,96.0000,AG03-UNRESOLVED,ALL5_LEVELS_bet23_to_bet27,-2.4995,-3.1244,-3.1244,-3.1244,-3.1244,4.000000,5.000000,5.000000,5.000000,5.000000,96.000000,95.000000,95.000000,95.000000,95.000000,5.0,-14.9973,-13.6272,-47.4914,-48.8616,PENDING_AG03,FALSE,NOT_FOR_ENFORCEMENT,-59.9892,10912.8501,-62.4887,-59.9892,-2.4995,-0.00497085,-0.00477202,-2.4995,-59.9892,-0.00477202,-2.4995,-3.1244,-3.1244,-3.1244,-3.1244,-59.9892,-0.00477202,-14.9973,-13.6272,-47.4914,-48.8616,-0.00377785,-0.00388684,-0.00019883,13.9060,12.7154,-0.0699,-6.2489,-0.5251,1257.1039,89.4000,,13.9060,12.8578,12.8578,12.8578,25.7155,25.7155,38.5733,12.8578,0.0,2.0,3.0,1.081527,20,92,12,6,0E-8,-0.00497085,,0E-8,0.000000,0.904265,0.000000,,2026-06-11,2026-06-30,10,119,81,20,0.500000,,,0.000000,,,,,,,,GLOBAL_BASELINE_NO_ENTITY_RANKING,,,NOT_APPLICABLE_GLOBAL_BASELINE,HF9g-P5,,,,X 全窗基线 · 不参与实体赏罚,3920380,393,A168_HF9F_20260827_0900,2026-08-27 09:00:00
2026-06-17,150000903,1702,0,102.8621390184,12.2148790084,12.2148790084,0.5714286,8,8,0.49827245000000000,0.498272450000,0.3871081189643771,0.3871081189643771,0.3871081189643771,0E-17,ELIGIBLE,R03b_20260811_FULL_v1,L1_ELIGIBILITY,v2026-08-11,2026-03-21..2026-08-06,baccarat_bet02_101_all_pairs_incl_sentinel,round_win = game_pnl > 0 (decisive only),COMPATIBILITY_ONLY_NOT_PRODUCTION,12571.0392,11367.5521,-62.4887,904,894,0.00497085,,0.00497085,0.00497085,62.4887,12571.0392,OK,0.0000,-2.4995,4.0000,96.0000,AG03-UNRESOLVED,ALL5_LEVELS_bet23_to_bet27,-2.4995,-3.1244,-3.1244,-3.1244,-3.1244,4.000000,5.000000,5.000000,5.000000,5.000000,96.000000,95.000000,95.000000,95.000000,95.000000,5.0,-14.9973,-13.6272,-47.4914,-48.8616,PENDING_AG03,FALSE,NOT_FOR_ENFORCEMENT,-59.9892,10912.8501,-62.4887,-59.9892,-2.4995,-0.00497085,-0.00477202,-2.4995,-59.9892,-0.00477202,-2.4995,-3.1244,-3.1244,-3.1244,-3.1244,-59.9892,-0.00477202,-14.9973,-13.6272,-47.4914,-48.8616,-0.00377785,-0.00388684,-0.00019883,13.9060,12.7154,-0.0699,-6.2489,-0.5251,1257.1039,89.4000,,13.9060,12.8578,12.8578,12.8578,25.7155,25.7155,38.5733,12.8578,0.0,2.0,3.0,1.081527,20,92,12,6,0E-8,-0.00497085,,0E-8,0.000000,0.904265,0.000000,,2026-06-11,2026-06-30,10,119,81,20,0.500000,,,0.000000,,,,,,,,GLOBAL_BASELINE_NO_ENTITY_RANKING,,,NOT_APPLICABLE_GLOBAL_BASELINE,HF9g-P5,,,,X 全窗基线 · 不参与实体赏罚,3920381,393,A168_HF9F_20260827_0900,2026-08-27 09:00:00
2026-06-17,150000903,1966,0,141.4354411501,-1.2857767379,-1.2857767379,0.2857143,8,8,0.50162375000000000,0.501623750000,-1.1424915209304196,-1.1424915209304196,-1.1424915209304196,0E-17,ELIGIBLE,R03b_20260811_FULL_v1,L1_ELIGIBILITY,v2026-08-11,2026-03-21..2026-08-06,baccarat_bet02_101_all_pairs_incl_sentinel,round_win = game_pnl > 0 (decisive only),COMPATIBILITY_ONLY_NOT_PRODUCTION,12571.0392,11367.5521,-62.4887,904,894,0.00497085,,0.00497085,0.00497085,62.4887,12571.0392,OK,0.0000,-2.4995,4.0000,96.0000,AG03-UNRESOLVED,ALL5_LEVELS_bet23_to_bet27,-2.4995,-3.1244,-3.1244,-3.1244,-3.1244,4.000000,5.000000,5.000000,5.000000,5.000000,96.000000,95.000000,95.000000,95.000000,95.000000,5.0,-14.9973,-13.6272,-47.4914,-48.8616,PENDING_AG03,FALSE,NOT_FOR_ENFORCEMENT,-59.9892,10912.8501,-62.4887,-59.9892,-2.4995,-0.00497085,-0.00477202,-2.4995,-59.9892,-0.00477202,-2.4995,-3.1244,-3.1244,-3.1244,-3.1244,-59.9892,-0.00477202,-14.9973,-13.6272,-47.4914,-48.8616,-0.00377785,-0.00388684,-0.00019883,13.9060,12.7154,-0.0699,-6.2489,-0.5251,1257.1039,89.4000,,13.9060,12.8578,12.8578,12.8578,25.7155,25.7155,38.5733,12.8578,0.0,2.0,3.0,1.081527,20,92,12,6,0E-8,-0.00497085,,0E-8,0.000000,0.904265,0.000000,,2026-06-11,2026-06-30,10,119,81,20,0.500000,,,0.000000,,,,,,,,GLOBAL_BASELINE_NO_ENTITY_RANKING,,,NOT_APPLICABLE_GLOBAL_BASELINE,HF9g-P5,,,,X 全窗基线 · 不参与实体赏罚,3920382,393,A168_HF9F_20260827_0900,2026-08-27 09:00:00
2026-06-17,150000903,1985,0,16.9722529380,-16.9722529380,-16.9722529380,0E-7,1,1,0.49324550000000000,0.493245500000,-0.9865810262130424,-0.9865810262130424,-0.9865810262130424,0E-17,ELIGIBLE,R03b_20260811_FULL_v1,L1_ELIGIBILITY,v2026-08-11,2026-03-21..2026-08-06,baccarat_bet02_101_all_pairs_incl_sentinel,round_win = game_pnl > 0 (decisive only),COMPATIBILITY_ONLY_NOT_PRODUCTION,12571.0392,11367.5521,-62.4887,904,894,0.00497085,,0.00497085,0.00497085,62.4887,12571.0392,OK,0.0000,-2.4995,4.0000,96.0000,AG03-UNRESOLVED,ALL5_LEVELS_bet23_to_bet27,-2.4995,-3.1244,-3.1244,-3.1244,-3.1244,4.000000,5.000000,5.000000,5.000000,5.000000,96.000000,95.000000,95.000000,95.000000,95.000000,5.0,-14.9973,-13.6272,-47.4914,-48.8616,PENDING_AG03,FALSE,NOT_FOR_ENFORCEMENT,-59.9892,10912.8501,-62.4887,-59.9892,-2.4995,-0.00497085,-0.00477202,-2.4995,-59.9892,-0.00477202,-2.4995,-3.1244,-3.1244,-3.1244,-3.1244,-59.9892,-0.00477202,-14.9973,-13.6272,-47.4914,-48.8616,-0.00377785,-0.00388684,-0.00019883,13.9060,12.7154,-0.0699,-6.2489,-0.5251,1257.1039,89.4000,,13.9060,12.8578,12.8578,12.8578,25.7155,25.7155,38.5733,12.8578,0.0,2.0,3.0,1.081527,20,92,12,6,0E-8,-0.00497085,,0E-8,0.000000,0.904265,0.000000,,2026-06-11,2026-06-30,10,119,81,20,0.500000,,,0.000000,,,,,,,,GLOBAL_BASELINE_NO_ENTITY_RANKING,,,NOT_APPLICABLE_GLOBAL_BASELINE,HF9g-P5,,,,X 全窗基线 · 不参与实体赏罚,3920383,393,A168_HF9F_20260827_0900,2026-08-27 09:00:00
2026-06-17,150000903,2108,0,154.2932085275,11.5719906396,11.5719906396,0.6000000,11,11,0.50055742727272727,0.500557427273,0.6289304432594,0.6289304432576754,0.6289304432594,-2.7273E-13,ELIGIBLE,R03b_20260811_FULL_v1,L1_ELIGIBILITY,v2026-08-11,2026-03-21..2026-08-06,baccarat_bet02_101_all_pairs_incl_sentinel,round_win = game_pnl > 0 (decisive only),COMPATIBILITY_ONLY_NOT_PRODUCTION,12571.0392,11367.5521,-62.4887,904,894,0.00497085,,0.00497085,0.00497085,62.4887,12571.0392,OK,0.0000,-2.4995,4.0000,96.0000,AG03-UNRESOLVED,ALL5_LEVELS_bet23_to_bet27,-2.4995,-3.1244,-3.1244,-3.1244,-3.1244,4.000000,5.000000,5.000000,5.000000,5.000000,96.000000,95.000000,95.000000,95.000000,95.000000,5.0,-14.9973,-13.6272,-47.4914,-48.8616,PENDING_AG03,FALSE,NOT_FOR_ENFORCEMENT,-59.9892,10912.8501,-62.4887,-59.9892,-2.4995,-0.00497085,-0.00477202,-2.4995,-59.9892,-0.00477202,-2.4995,-3.1244,-3.1244,-3.1244,-3.1244,-59.9892,-0.00477202,-14.9973,-13.6272,-47.4914,-48.8616,-0.00377785,-0.00388684,-0.00019883,13.9060,12.7154,-0.0699,-6.2489,-0.5251,1257.1039,89.4000,,13.9060,12.8578,12.8578,12.8578,25.7155,25.7155,38.5733,12.8578,0.0,2.0,3.0,1.081527,20,92,12,6,0E-8,-0.00497085,,0E-8,0.000000,0.904265,0.000000,,2026-06-11,2026-06-30,10,119,81,20,0.500000,,,0.000000,,,,,,,,GLOBAL_BASELINE_NO_ENTITY_RANKING,,,NOT_APPLICABLE_GLOBAL_BASELINE,HF9g-P5,,,,X 全窗基线 · 不参与实体赏罚,3920384,393,A168_HF9F_20260827_0900,2026-08-27 09:00:00
2026-06-17,150000903,2155,0,102.8621390183,24.4297580169,24.4297580169,0.8000000,7,7,0.49899058571428571,0.498990585714,1.3461577676699097,1.3461577676711887,1.3461577676699097,2.8571E-13,ELIGIBLE,R03b_20260811_FULL_v1,L1_ELIGIBILITY,v2026-08-11,2026-03-21..2026-08-06,baccarat_bet02_101_all_pairs_incl_sentinel,round_win = game_pnl > 0 (decisive only),COMPATIBILITY_ONLY_NOT_PRODUCTION,12571.0392,11367.5521,-62.4887,904,894,0.00497085,,0.00497085,0.00497085,62.4887,12571.0392,OK,0.0000,-2.4995,4.0000,96.0000,AG03-UNRESOLVED,ALL5_LEVELS_bet23_to_bet27,-2.4995,-3.1244,-3.1244,-3.1244,-3.1244,4.000000,5.000000,5.000000,5.000000,5.000000,96.000000,95.000000,95.000000,95.000000,95.000000,5.0,-14.9973,-13.6272,-47.4914,-48.8616,PENDING_AG03,FALSE,NOT_FOR_ENFORCEMENT,-59.9892,10912.8501,-62.4887,-59.9892,-2.4995,-0.00497085,-0.00477202,-2.4995,-59.9892,-0.00477202,-2.4995,-3.1244,-3.1244,-3.1244,-3.1244,-59.9892,-0.00477202,-14.9973,-13.6272,-47.4914,-48.8616,-0.00377785,-0.00388684,-0.00019883,13.9060,12.7154,-0.0699,-6.2489,-0.5251,1257.1039,89.4000,,13.9060,12.8578,12.8578,12.8578,25.7155,25.7155,38.5733,12.8578,0.0,2.0,3.0,1.081527,20,92,12,6,0E-8,-0.00497085,,0E-8,0.000000,0.904265,0.000000,,2026-06-11,2026-06-30,10,119,81,20,0.500000,,,0.000000,,,,,,,,GLOBAL_BASELINE_NO_ENTITY_RANKING,,,NOT_APPLICABLE_GLOBAL_BASELINE,HF9g-P5,,,,X 全窗基线 · 不参与实体赏罚,3920385,393,A168_HF9F_20260827_0900,2026-08-27 09:00:00
2026-06-17,150000903,2170,0,354.8743796128,-64.2888368865,-64.2888368865,0.4117647,20,18,0.47557905000000000,0.475579050000,-0.5268553526163118,-0.5268553526163118,-0.5268553526163118,0E-17,ELIGIBLE,R03b_20260811_FULL_v1,L1_ELIGIBILITY,v2026-08-11,2026-03-21..2026-08-06,baccarat_bet02_101_all_pairs_incl_sentinel,round_win = game_pnl > 0 (decisive only),COMPATIBILITY_ONLY_NOT_PRODUCTION,12571.0392,11367.5521,-62.4887,904,894,0.00497085,,0.00497085,0.00497085,62.4887,12571.0392,OK,0.0000,-2.4995,4.0000,96.0000,AG03-UNRESOLVED,ALL5_LEVELS_bet23_to_bet27,-2.4995,-3.1244,-3.1244,-3.1244,-3.1244,4.000000,5.000000,5.000000,5.000000,5.000000,96.000000,95.000000,95.000000,95.000000,95.000000,5.0,-14.9973,-13.6272,-47.4914,-48.8616,PENDING_AG03,FALSE,NOT_FOR_ENFORCEMENT,-59.9892,10912.8501,-62.4887,-59.9892,-2.4995,-0.00497085,-0.00477202,-2.4995,-59.9892,-0.00477202,-2.4995,-3.1244,-3.1244,-3.1244,-3.1244,-59.9892,-0.00477202,-14.9973,-13.6272,-47.4914,-48.8616,-0.00377785,-0.00388684,-0.00019883,13.9060,12.7154,-0.0699,-6.2489,-0.5251,1257.1039,89.4000,,13.9060,12.8578,12.8578,12.8578,25.7155,25.7155,38.5733,12.8578,0.0,2.0,3.0,1.081527,20,92,12,6,0E-8,-0.00497085,,0E-8,0.000000,0.904265,0.000000,,2026-06-11,2026-06-30,10,119,81,20,0.500000,,,0.000000,,,,,,,,GLOBAL_BASELINE_NO_ENTITY_RANKING,,,NOT_APPLICABLE_GLOBAL_BASELINE,HF9g-P5,,,,X 全窗基线 · 不参与实体赏罚,3920386,393,A168_HF9F_20260827_0900,2026-08-27 09:00:00
2026-06-17,150000903,2223,0,151.7216550520,29.8300203154,29.8300203154,0.6000000,11,11,0.49690146363636364,0.496901463636,0.6520649176539087,0.6520649176562117,0.6520649176539087,3.6364E-13,ELIGIBLE,R03b_20260811_FULL_v1,L1_ELIGIBILITY,v2026-08-11,2026-03-21..2026-08-06,baccarat_bet02_101_all_pairs_incl_sentinel,round_win = game_pnl > 0 (decisive only),COMPATIBILITY_ONLY_NOT_PRODUCTION,12571.0392,11367.5521,-62.4887,904,894,0.00497085,,0.00497085,0.00497085,62.4887,12571.0392,OK,0.0000,-2.4995,4.0000,96.0000,AG03-UNRESOLVED,ALL5_LEVELS_bet23_to_bet27,-2.4995,-3.1244,-3.1244,-3.1244,-3.1244,4.000000,5.000000,5.000000,5.000000,5.000000,96.000000,95.000000,95.000000,95.000000,95.000000,5.0,-14.9973,-13.6272,-47.4914,-48.8616,PENDING_AG03,FALSE,NOT_FOR_ENFORCEMENT,-59.9892,10912.8501,-62.4887,-59.9892,-2.4995,-0.00497085,-0.00477202,-2.4995,-59.9892,-0.00477202,-2.4995,-3.1244,-3.1244,-3.1244,-3.1244,-59.9892,-0.00477202,-14.9973,-13.6272,-47.4914,-48.8616,-0.00377785,-0.00388684,-0.00019883,13.9060,12.7154,-0.0699,-6.2489,-0.5251,1257.1039,89.4000,,13.9060,12.8578,12.8578,12.8578,25.7155,25.7155,38.5733,12.8578,0.0,2.0,3.0,1.081527,20,92,12,6,0E-8,-0.00497085,,0E-8,0.000000,0.904265,0.000000,,2026-06-11,2026-06-30,10,119,81,20,0.500000,,,0.000000,,,,,,,,GLOBAL_BASELINE_NO_ENTITY_RANKING,,,NOT_APPLICABLE_GLOBAL_BASELINE,HF9g-P5,,,,X 全窗基线 · 不参与实体赏罚,3920387,393,A168_HF9F_20260827_0900,2026-08-27 09:00:00
2026-06-17,150000903,2229,0,25.7155347545,25.7155347545,25.7155347545,1.0000000,1,1,0.49324550000000000,0.493245500000,1.01360149184955,1.01360149184955,1.01360149184955,0E-17,ELIGIBLE,R03b_20260811_FULL_v1,L1_ELIGIBILITY,v2026-08-11,2026-03-21..2026-08-06,baccarat_bet02_101_all_pairs_incl_sentinel,round_win = game_pnl > 0 (decisive only),COMPATIBILITY_ONLY_NOT_PRODUCTION,12571.0392,11367.5521,-62.4887,904,894,0.00497085,,0.00497085,0.00497085,62.4887,12571.0392,OK,0.0000,-2.4995,4.0000,96.0000,AG03-UNRESOLVED,ALL5_LEVELS_bet23_to_bet27,-2.4995,-3.1244,-3.1244,-3.1244,-3.1244,4.000000,5.000000,5.000000,5.000000,5.000000,96.000000,95.000000,95.000000,95.000000,95.000000,5.0,-14.9973,-13.6272,-47.4914,-48.8616,PENDING_AG03,FALSE,NOT_FOR_ENFORCEMENT,-59.9892,10912.8501,-62.4887,-59.9892,-2.4995,-0.00497085,-0.00477202,-2.4995,-59.9892,-0.00477202,-2.4995,-3.1244,-3.1244,-3.1244,-3.1244,-59.9892,-0.00477202,-14.9973,-13.6272,-47.4914,-48.8616,-0.00377785,-0.00388684,-0.00019883,13.9060,12.7154,-0.0699,-6.2489,-0.5251,1257.1039,89.4000,,13.9060,12.8578,12.8578,12.8578,25.7155,25.7155,38.5733,12.8578,0.0,2.0,3.0,1.081527,20,92,12,6,0E-8,-0.00497085,,0E-8,0.000000,0.904265,0.000000,,2026-06-11,2026-06-30,10,119,81,20,0.500000,,,0.000000,,,,,,,,GLOBAL_BASELINE_NO_ENTITY_RANKING,,,NOT_APPLICABLE_GLOBAL_BASELINE,HF9g-P5,,,,X 全窗基线 · 不参与实体赏罚,3920388,393,A168_HF9F_20260827_0900,2026-08-27 09:00:00
2026-06-17,150000903,2256,0,12.8577673773,-12.8577673773,-12.8577673773,0E-7,1,1,0.50665070000000000,0.506650700000,-1.013391052207602,-1.013391052207602,-1.013391052207602,0E-17,ELIGIBLE,R03b_20260811_FULL_v1,L1_ELIGIBILITY,v2026-08-11,2026-03-21..2026-08-06,baccarat_bet02_101_all_pairs_incl_sentinel,round_win = game_pnl > 0 (decisive only),COMPATIBILITY_ONLY_NOT_PRODUCTION,12571.0392,11367.5521,-62.4887,904,894,0.00497085,,0.00497085,0.00497085,62.4887,12571.0392,OK,0.0000,-2.4995,4.0000,96.0000,AG03-UNRESOLVED,ALL5_LEVELS_bet23_to_bet27,-2.4995,-3.1244,-3.1244,-3.1244,-3.1244,4.000000,5.000000,5.000000,5.000000,5.000000,96.000000,95.000000,95.000000,95.000000,95.000000,5.0,-14.9973,-13.6272,-47.4914,-48.8616,PENDING_AG03,FALSE,NOT_FOR_ENFORCEMENT,-59.9892,10912.8501,-62.4887,-59.9892,-2.4995,-0.00497085,-0.00477202,-2.4995,-59.9892,-0.00477202,-2.4995,-3.1244,-3.1244,-3.1244,-3.1244,-59.9892,-0.00477202,-14.9973,-13.6272,-47.4914,-48.8616,-0.00377785,-0.00388684,-0.00019883,13.9060,12.7154,-0.0699,-6.2489,-0.5251,1257.1039,89.4000,,13.9060,12.8578,12.8578,12.8578,25.7155,25.7155,38.5733,12.8578,0.0,2.0,3.0,1.081527,20,92,12,6,0E-8,-0.00497085,,0E-8,0.000000,0.904265,0.000000,,2026-06-11,2026-06-30,10,119,81,20,0.500000,,,0.000000,,,,,,,,GLOBAL_BASELINE_NO_ENTITY_RANKING,,,NOT_APPLICABLE_GLOBAL_BASELINE,HF9g-P5,,,,X 全窗基线 · 不参与实体赏罚,3920389,393,A168_HF9F_20260827_0900,2026-08-27 09:00:00
2026-06-17,150000903,2266,0,149.1501015763,-34.7159719186,-34.7159719186,0.3333333,8,8,0.49827245000000000,0.498272450000,-0.8080381719969413,-0.8080381719969413,-0.8080381719969413,0E-17,ELIGIBLE,R03b_20260811_FULL_v1,L1_ELIGIBILITY,v2026-08-11,2026-03-21..2026-08-06,baccarat_bet02_101_all_pairs_incl_sentinel,round_win = game_pnl > 0 (decisive only),COMPATIBILITY_ONLY_NOT_PRODUCTION,12571.0392,11367.5521,-62.4887,904,894,0.00497085,,0.00497085,0.00497085,62.4887,12571.0392,OK,0.0000,-2.4995,4.0000,96.0000,AG03-UNRESOLVED,ALL5_LEVELS_bet23_to_bet27,-2.4995,-3.1244,-3.1244,-3.1244,-3.1244,4.000000,5.000000,5.000000,5.000000,5.000000,96.000000,95.000000,95.000000,95.000000,95.000000,5.0,-14.9973,-13.6272,-47.4914,-48.8616,PENDING_AG03,FALSE,NOT_FOR_ENFORCEMENT,-59.9892,10912.8501,-62.4887,-59.9892,-2.4995,-0.00497085,-0.00477202,-2.4995,-59.9892,-0.00477202,-2.4995,-3.1244,-3.1244,-3.1244,-3.1244,-59.9892,-0.00477202,-14.9973,-13.6272,-47.4914,-48.8616,-0.00377785,-0.00388684,-0.00019883,13.9060,12.7154,-0.0699,-6.2489,-0.5251,1257.1039,89.4000,,13.9060,12.8578,12.8578,12.8578,25.7155,25.7155,38.5733,12.8578,0.0,2.0,3.0,1.081527,20,92,12,6,0E-8,-0.00497085,,0E-8,0.000000,0.904265,0.000000,,2026-06-11,2026-06-30,10,119,81,20,0.500000,,,0.000000,,,,,,,,GLOBAL_BASELINE_NO_ENTITY_RANKING,,,NOT_APPLICABLE_GLOBAL_BASELINE,HF9g-P5,,,,X 全窗基线 · 不参与实体赏罚,3920390,393,A168_HF9F_20260827_0900,2026-08-27 09:00:00
2026-06-17,150000903,763,0,64.2888368865,-13.5006557462,-13.5006557462,0.4000000,5,5,0.49860758000000000,0.498607580000,-0.440988213962219,-0.440988213962219,-0.440988213962219,0E-17,ELIGIBLE,R03b_20260811_FULL_v1,L1_ELIGIBILITY,v2026-08-11,2026-03-21..2026-08-06,baccarat_bet02_101_all_pairs_incl_sentinel,round_win = game_pnl > 0 (decisive only),COMPATIBILITY_ONLY_NOT_PRODUCTION,12571.0392,11367.5521,-62.4887,904,894,0.00497085,,0.00497085,0.00497085,62.4887,12571.0392,OK,0.0000,-2.4995,4.0000,96.0000,AG03-UNRESOLVED,ALL5_LEVELS_bet23_to_bet27,-2.4995,-3.1244,-3.1244,-3.1244,-3.1244,4.000000,5.000000,5.000000,5.000000,5.000000,96.000000,95.000000,95.000000,95.000000,95.000000,5.0,-14.9973,-13.6272,-47.4914,-48.8616,PENDING_AG03,FALSE,NOT_FOR_ENFORCEMENT,-59.9892,10912.8501,-62.4887,-59.9892,-2.4995,-0.00497085,-0.00477202,-2.4995,-59.9892,-0.00477202,-2.4995,-3.1244,-3.1244,-3.1244,-3.1244,-59.9892,-0.00477202,-14.9973,-13.6272,-47.4914,-48.8616,-0.00377785,-0.00388684,-0.00019883,13.9060,12.7154,-0.0699,-6.2489,-0.5251,1257.1039,89.4000,,13.9060,12.8578,12.8578,12.8578,25.7155,25.7155,38.5733,12.8578,0.0,2.0,3.0,1.081527,20,92,12,6,0E-8,-0.00497085,,0E-8,0.000000,0.904265,0.000000,,2026-06-11,2026-06-30,10,119,81,20,0.500000,,,0.000000,,,,,,,,GLOBAL_BASELINE_NO_ENTITY_RANKING,,,NOT_APPLICABLE_GLOBAL_BASELINE,HF9g-P5,,,,X 全窗基线 · 不参与实体赏罚,3920391,393,A168_HF9F_20260827_0900,2026-08-27 09:00:00
2026-06-17,150000903,789,0,262.8127651916,-135.5208681566,-135.5208681566,0.2666667,15,15,0.50218230000000000,0.502182300000,-1.8243136277696437,-1.8243136277696437,-1.8243136277696437,0E-17,ELIGIBLE,R03b_20260811_FULL_v1,L1_ELIGIBILITY,v2026-08-11,2026-03-21..2026-08-06,baccarat_bet02_101_all_pairs_incl_sentinel,round_win = game_pnl > 0 (decisive only),COMPATIBILITY_ONLY_NOT_PRODUCTION,12571.0392,11367.5521,-62.4887,904,894,0.00497085,,0.00497085,0.00497085,62.4887,12571.0392,OK,0.0000,-2.4995,4.0000,96.0000,AG03-UNRESOLVED,ALL5_LEVELS_bet23_to_bet27,-2.4995,-3.1244,-3.1244,-3.1244,-3.1244,4.000000,5.000000,5.000000,5.000000,5.000000,96.000000,95.000000,95.000000,95.000000,95.000000,5.0,-14.9973,-13.6272,-47.4914,-48.8616,PENDING_AG03,FALSE,NOT_FOR_ENFORCEMENT,-59.9892,10912.8501,-62.4887,-59.9892,-2.4995,-0.00497085,-0.00477202,-2.4995,-59.9892,-0.00477202,-2.4995,-3.1244,-3.1244,-3.1244,-3.1244,-59.9892,-0.00477202,-14.9973,-13.6272,-47.4914,-48.8616,-0.00377785,-0.00388684,-0.00019883,13.9060,12.7154,-0.0699,-6.2489,-0.5251,1257.1039,89.4000,,13.9060,12.8578,12.8578,12.8578,25.7155,25.7155,38.5733,12.8578,0.0,2.0,3.0,1.081527,20,92,12,6,0E-8,-0.00497085,,0E-8,0.000000,0.904265,0.000000,,2026-06-11,2026-06-30,10,119,81,20,0.500000,,,0.000000,,,,,,,,GLOBAL_BASELINE_NO_ENTITY_RANKING,,,NOT_APPLICABLE_GLOBAL_BASELINE,HF9g-P5,,,,X 全窗基线 · 不参与实体赏罚,3920392,393,A168_HF9F_20260827_0900,2026-08-27 09:00:00
2026-06-17,150000903,993,0,167.1509759049,-14.1435441151,-14.1435441151,0.4545455,13,13,0.49943251538461538,0.499432515385,-0.2977472692631054,-0.29774726926565637,-0.2977472692631054,-3.8462E-13,ELIGIBLE,R03b_20260811_FULL_v1,L1_ELIGIBILITY,v2026-08-11,2026-03-21..2026-08-06,baccarat_bet02_101_all_pairs_incl_sentinel,round_win = game_pnl > 0 (decisive only),COMPATIBILITY_ONLY_NOT_PRODUCTION,12571.0392,11367.5521,-62.4887,904,894,0.00497085,,0.00497085,0.00497085,62.4887,12571.0392,OK,0.0000,-2.4995,4.0000,96.0000,AG03-UNRESOLVED,ALL5_LEVELS_bet23_to_bet27,-2.4995,-3.1244,-3.1244,-3.1244,-3.1244,4.000000,5.000000,5.000000,5.000000,5.000000,96.000000,95.000000,95.000000,95.000000,95.000000,5.0,-14.9973,-13.6272,-47.4914,-48.8616,PENDING_AG03,FALSE,NOT_FOR_ENFORCEMENT,-59.9892,10912.8501,-62.4887,-59.9892,-2.4995,-0.00497085,-0.00477202,-2.4995,-59.9892,-0.00477202,-2.4995,-3.1244,-3.1244,-3.1244,-3.1244,-59.9892,-0.00477202,-14.9973,-13.6272,-47.4914,-48.8616,-0.00377785,-0.00388684,-0.00019883,13.9060,12.7154,-0.0699,-6.2489,-0.5251,1257.1039,89.4000,,13.9060,12.8578,12.8578,12.8578,25.7155,25.7155,38.5733,12.8578,0.0,2.0,3.0,1.081527,20,92,12,6,0E-8,-0.00497085,,0E-8,0.000000,0.904265,0.000000,,2026-06-11,2026-06-30,10,119,81,20,0.500000,,,0.000000,,,,,,,,GLOBAL_BASELINE_NO_ENTITY_RANKING,,,NOT_APPLICABLE_GLOBAL_BASELINE,HF9g-P5,,,,X 全窗基线 · 不参与实体赏罚,3920393,393,A168_HF9F_20260827_0900,2026-08-27 09:00:00
2026-06-25,150000903,2101,0,277.7277753493,25.8441124281,25.8441124281,0.5000000,20,20,0.49927784000000000,0.499277840000,0.005777286025886544,0.005777286025886544,0.005777286025886544,0E-17,ELIGIBLE,R03b_20260811_FULL_v1,L1_ELIGIBILITY,v2026-08-11,2026-03-21..2026-08-06,baccarat_bet02_101_all_pairs_incl_sentinel,round_win = game_pnl > 0 (decisive only),COMPATIBILITY_ONLY_NOT_PRODUCTION,12571.0392,11367.5521,-62.4887,904,894,0.00497085,,0.00497085,0.00497085,62.4887,12571.0392,OK,0.0000,-2.4995,4.0000,96.0000,AG03-UNRESOLVED,ALL5_LEVELS_bet23_to_bet27,-2.4995,-3.1244,-3.1244,-3.1244,-3.1244,4.000000,5.000000,5.000000,5.000000,5.000000,96.000000,95.000000,95.000000,95.000000,95.000000,5.0,-14.9973,-13.6272,-47.4914,-48.8616,PENDING_AG03,FALSE,NOT_FOR_ENFORCEMENT,-59.9892,10912.8501,-62.4887,-59.9892,-2.4995,-0.00497085,-0.00477202,-2.4995,-59.9892,-0.00477202,-2.4995,-3.1244,-3.1244,-3.1244,-3.1244,-59.9892,-0.00477202,-14.9973,-13.6272,-47.4914,-48.8616,-0.00377785,-0.00388684,-0.00019883,13.9060,12.7154,-0.0699,-6.2489,-0.5251,1257.1039,89.4000,,13.9060,12.8578,12.8578,12.8578,25.7155,25.7155,38.5733,12.8578,0.0,2.0,3.0,1.081527,20,92,12,6,0E-8,-0.00497085,,0E-8,0.000000,0.904265,0.000000,,2026-06-11,2026-06-30,10,119,81,20,0.500000,,,0.000000,,,,,,,,GLOBAL_BASELINE_NO_ENTITY_RANKING,,,NOT_APPLICABLE_GLOBAL_BASELINE,HF9g-P5,,,,X 全窗基线 · 不参与实体赏罚,3920394,393,A168_HF9F_20260827_0900,2026-08-27 09:00:00
2026-06-25,150000903,2123,0,172.2940828556,76.1179828735,76.1179828735,0.7142857,14,14,0.50090561428571429,0.500905614286,1.596793073892184,1.5967930738900473,1.596793073892184,-2.8571E-13,ELIGIBLE,R03b_20260811_FULL_v1,L1_ELIGIBILITY,v2026-08-11,2026-03-21..2026-08-06,baccarat_bet02_101_all_pairs_incl_sentinel,round_win = game_pnl > 0 (decisive only),COMPATIBILITY_ONLY_NOT_PRODUCTION,12571.0392,11367.5521,-62.4887,904,894,0.00497085,,0.00497085,0.00497085,62.4887,12571.0392,OK,0.0000,-2.4995,4.0000,96.0000,AG03-UNRESOLVED,ALL5_LEVELS_bet23_to_bet27,-2.4995,-3.1244,-3.1244,-3.1244,-3.1244,4.000000,5.000000,5.000000,5.000000,5.000000,96.000000,95.000000,95.000000,95.000000,95.000000,5.0,-14.9973,-13.6272,-47.4914,-48.8616,PENDING_AG03,FALSE,NOT_FOR_ENFORCEMENT,-59.9892,10912.8501,-62.4887,-59.9892,-2.4995,-0.00497085,-0.00477202,-2.4995,-59.9892,-0.00477202,-2.4995,-3.1244,-3.1244,-3.1244,-3.1244,-59.9892,-0.00477202,-14.9973,-13.6272,-47.4914,-48.8616,-0.00377785,-0.00388684,-0.00019883,13.9060,12.7154,-0.0699,-6.2489,-0.5251,1257.1039,89.4000,,13.9060,12.8578,12.8578,12.8578,25.7155,25.7155,38.5733,12.8578,0.0,2.0,3.0,1.081527,20,92,12,6,0E-8,-0.00497085,,0E-8,0.000000,0.904265,0.000000,,2026-06-11,2026-06-30,10,119,81,20,0.500000,,,0.000000,,,,,,,,GLOBAL_BASELINE_NO_ENTITY_RANKING,,,NOT_APPLICABLE_GLOBAL_BASELINE,HF9g-P5,,,,X 全窗基线 · 不参与实体赏罚,3920395,393,A168_HF9F_20260827_0900,2026-08-27 09:00:00
2026-06-25,150000903,2235,0,25.7155347546,0E-10,0E-10,,2,2,0.49324550000000000,0.493245500000,,,,0E-17,NO_DECISIVE_ROUND,R03b_20260811_FULL_v1,L1_ELIGIBILITY,v2026-08-11,2026-03-21..2026-08-06,baccarat_bet02_101_all_pairs_incl_sentinel,round_win = game_pnl > 0 (decisive only),COMPATIBILITY_ONLY_NOT_PRODUCTION,12571.0392,11367.5521,-62.4887,904,894,0.00497085,,0.00497085,0.00497085,62.4887,12571.0392,OK,0.0000,-2.4995,4.0000,96.0000,AG03-UNRESOLVED,ALL5_LEVELS_bet23_to_bet27,-2.4995,-3.1244,-3.1244,-3.1244,-3.1244,4.000000,5.000000,5.000000,5.000000,5.000000,96.000000,95.000000,95.000000,95.000000,95.000000,5.0,-14.9973,-13.6272,-47.4914,-48.8616,PENDING_AG03,FALSE,NOT_FOR_ENFORCEMENT,-59.9892,10912.8501,-62.4887,-59.9892,-2.4995,-0.00497085,-0.00477202,-2.4995,-59.9892,-0.00477202,-2.4995,-3.1244,-3.1244,-3.1244,-3.1244,-59.9892,-0.00477202,-14.9973,-13.6272,-47.4914,-48.8616,-0.00377785,-0.00388684,-0.00019883,13.9060,12.7154,-0.0699,-6.2489,-0.5251,1257.1039,89.4000,,13.9060,12.8578,12.8578,12.8578,25.7155,25.7155,38.5733,12.8578,0.0,2.0,3.0,1.081527,20,92,12,6,0E-8,-0.00497085,,0E-8,0.000000,0.904265,0.000000,,2026-06-11,2026-06-30,10,119,81,20,0.500000,,,0.000000,,,,,,,,GLOBAL_BASELINE_NO_ENTITY_RANKING,,,NOT_APPLICABLE_GLOBAL_BASELINE,HF9g-P5,,,,X 全窗基线 · 不参与实体赏罚,3920396,393,A168_HF9F_20260827_0900,2026-08-27 09:00:00
2026-06-25,150000903,970,0,100.2905855429,14.2721217888,14.2721217888,0.6666667,11,11,0.50055742727272727,0.500557427273,0.9966560557360625,0.9966560557344265,0.9966560557360625,-2.7273E-13,ELIGIBLE,R03b_20260811_FULL_v1,L1_ELIGIBILITY,v2026-08-11,2026-03-21..2026-08-06,baccarat_bet02_101_all_pairs_incl_sentinel,round_win = game_pnl > 0 (decisive only),COMPATIBILITY_ONLY_NOT_PRODUCTION,12571.0392,11367.5521,-62.4887,904,894,0.00497085,,0.00497085,0.00497085,62.4887,12571.0392,OK,0.0000,-2.4995,4.0000,96.0000,AG03-UNRESOLVED,ALL5_LEVELS_bet23_to_bet27,-2.4995,-3.1244,-3.1244,-3.1244,-3.1244,4.000000,5.000000,5.000000,5.000000,5.000000,96.000000,95.000000,95.000000,95.000000,95.000000,5.0,-14.9973,-13.6272,-47.4914,-48.8616,PENDING_AG03,FALSE,NOT_FOR_ENFORCEMENT,-59.9892,10912.8501,-62.4887,-59.9892,-2.4995,-0.00497085,-0.00477202,-2.4995,-59.9892,-0.00477202,-2.4995,-3.1244,-3.1244,-3.1244,-3.1244,-59.9892,-0.00477202,-14.9973,-13.6272,-47.4914,-48.8616,-0.00377785,-0.00388684,-0.00019883,13.9060,12.7154,-0.0699,-6.2489,-0.5251,1257.1039,89.4000,,13.9060,12.8578,12.8578,12.8578,25.7155,25.7155,38.5733,12.8578,0.0,2.0,3.0,1.081527,20,92,12,6,0E-8,-0.00497085,,0E-8,0.000000,0.904265,0.000000,,2026-06-11,2026-06-30,10,119,81,20,0.500000,,,0.000000,,,,,,,,GLOBAL_BASELINE_NO_ENTITY_RANKING,,,NOT_APPLICABLE_GLOBAL_BASELINE,HF9g-P5,,,,X 全窗基线 · 不参与实体赏罚,3920397,393,A168_HF9F_20260827_0900,2026-08-27 09:00:00
2026-06-27,150000903,1318,0,15.4293208527,-5.1431069509,-5.1431069509,0.3333333,3,3,0.50218230000000000,0.502182300000,-0.5849155494134425,-0.5849155494134426,-0.5849155494134425,0E-17,ELIGIBLE,R03b_20260811_FULL_v1,L1_ELIGIBILITY,v2026-08-11,2026-03-21..2026-08-06,baccarat_bet02_101_all_pairs_incl_sentinel,round_win = game_pnl > 0 (decisive only),COMPATIBILITY_ONLY_NOT_PRODUCTION,12571.0392,11367.5521,-62.4887,904,894,0.00497085,,0.00497085,0.00497085,62.4887,12571.0392,OK,0.0000,-2.4995,4.0000,96.0000,AG03-UNRESOLVED,ALL5_LEVELS_bet23_to_bet27,-2.4995,-3.1244,-3.1244,-3.1244,-3.1244,4.000000,5.000000,5.000000,5.000000,5.000000,96.000000,95.000000,95.000000,95.000000,95.000000,5.0,-14.9973,-13.6272,-47.4914,-48.8616,PENDING_AG03,FALSE,NOT_FOR_ENFORCEMENT,-59.9892,10912.8501,-62.4887,-59.9892,-2.4995,-0.00497085,-0.00477202,-2.4995,-59.9892,-0.00477202,-2.4995,-3.1244,-3.1244,-3.1244,-3.1244,-59.9892,-0.00477202,-14.9973,-13.6272,-47.4914,-48.8616,-0.00377785,-0.00388684,-0.00019883,13.9060,12.7154,-0.0699,-6.2489,-0.5251,1257.1039,89.4000,,13.9060,12.8578,12.8578,12.8578,25.7155,25.7155,38.5733,12.8578,0.0,2.0,3.0,1.081527,20,92,12,6,0E-8,-0.00497085,,0E-8,0.000000,0.904265,0.000000,,2026-06-11,2026-06-30,10,119,81,20,0.500000,,,0.000000,,,,,,,,GLOBAL_BASELINE_NO_ENTITY_RANKING,,,NOT_APPLICABLE_GLOBAL_BASELINE,HF9g-P5,,,,X 全窗基线 · 不参与实体赏罚,3920398,393,A168_HF9F_20260827_0900,2026-08-27 09:00:00
2026-06-27,150000903,1400,0,25.7155347545,14.4006994627,14.4006994627,0.8000000,5,5,0.50396966000000000,0.503969660000,1.3239296534401845,1.3239296534401845,1.3239296534401845,0E-17,ELIGIBLE,R03b_20260811_FULL_v1,L1_ELIGIBILITY,v2026-08-11,2026-03-21..2026-08-06,baccarat_bet02_101_all_pairs_incl_sentinel,round_win = game_pnl > 0 (decisive only),COMPATIBILITY_ONLY_NOT_PRODUCTION,12571.0392,11367.5521,-62.4887,904,894,0.00497085,,0.00497085,0.00497085,62.4887,12571.0392,OK,0.0000,-2.4995,4.0000,96.0000,AG03-UNRESOLVED,ALL5_LEVELS_bet23_to_bet27,-2.4995,-3.1244,-3.1244,-3.1244,-3.1244,4.000000,5.000000,5.000000,5.000000,5.000000,96.000000,95.000000,95.000000,95.000000,95.000000,5.0,-14.9973,-13.6272,-47.4914,-48.8616,PENDING_AG03,FALSE,NOT_FOR_ENFORCEMENT,-59.9892,10912.8501,-62.4887,-59.9892,-2.4995,-0.00497085,-0.00477202,-2.4995,-59.9892,-0.00477202,-2.4995,-3.1244,-3.1244,-3.1244,-3.1244,-59.9892,-0.00477202,-14.9973,-13.6272,-47.4914,-48.8616,-0.00377785,-0.00388684,-0.00019883,13.9060,12.7154,-0.0699,-6.2489,-0.5251,1257.1039,89.4000,,13.9060,12.8578,12.8578,12.8578,25.7155,25.7155,38.5733,12.8578,0.0,2.0,3.0,1.081527,20,92,12,6,0E-8,-0.00497085,,0E-8,0.000000,0.904265,0.000000,,2026-06-11,2026-06-30,10,119,81,20,0.500000,,,0.000000,,,,,,,,GLOBAL_BASELINE_NO_ENTITY_RANKING,,,NOT_APPLICABLE_GLOBAL_BASELINE,HF9g-P5,,,,X 全窗基线 · 不参与实体赏罚,3920399,393,A168_HF9F_20260827_0900,2026-08-27 09:00:00
2026-06-27,150000903,1490,0,54.0026229845,-13.6292334198,-13.6292334198,0.3636364,11,11,0.46180480000000000,0.461804800000,-0.6530840612244843,-0.6530840612244843,-0.6530840612244843,0E-17,ELIGIBLE,R03b_20260811_FULL_v1,L1_ELIGIBILITY,v2026-08-11,2026-03-21..2026-08-06,baccarat_bet02_101_all_pairs_incl_sentinel,round_win = game_pnl > 0 (decisive only),COMPATIBILITY_ONLY_NOT_PRODUCTION,12571.0392,11367.5521,-62.4887,904,894,0.00497085,,0.00497085,0.00497085,62.4887,12571.0392,OK,0.0000,-2.4995,4.0000,96.0000,AG03-UNRESOLVED,ALL5_LEVELS_bet23_to_bet27,-2.4995,-3.1244,-3.1244,-3.1244,-3.1244,4.000000,5.000000,5.000000,5.000000,5.000000,96.000000,95.000000,95.000000,95.000000,95.000000,5.0,-14.9973,-13.6272,-47.4914,-48.8616,PENDING_AG03,FALSE,NOT_FOR_ENFORCEMENT,-59.9892,10912.8501,-62.4887,-59.9892,-2.4995,-0.00497085,-0.00477202,-2.4995,-59.9892,-0.00477202,-2.4995,-3.1244,-3.1244,-3.1244,-3.1244,-59.9892,-0.00477202,-14.9973,-13.6272,-47.4914,-48.8616,-0.00377785,-0.00388684,-0.00019883,13.9060,12.7154,-0.0699,-6.2489,-0.5251,1257.1039,89.4000,,13.9060,12.8578,12.8578,12.8578,25.7155,25.7155,38.5733,12.8578,0.0,2.0,3.0,1.081527,20,92,12,6,0E-8,-0.00497085,,0E-8,0.000000,0.904265,0.000000,,2026-06-11,2026-06-30,10,119,81,20,0.500000,,,0.000000,,,,,,,,GLOBAL_BASELINE_NO_ENTITY_RANKING,,,NOT_APPLICABLE_GLOBAL_BASELINE,HF9g-P5,,,,X 全窗基线 · 不参与实体赏罚,3920400,393,A168_HF9F_20260827_0900,2026-08-27 09:00:00
2026-06-27,150000903,2101,0,46.2879625581,-15.6864762002,-15.6864762002,0.3750000,8,8,0.49994810000000000,0.499948100000,-0.7068131942587571,-0.7068131942587571,-0.7068131942587571,0E-17,ELIGIBLE,R03b_20260811_FULL_v1,L1_ELIGIBILITY,v2026-08-11,2026-03-21..2026-08-06,baccarat_bet02_101_all_pairs_incl_sentinel,round_win = game_pnl > 0 (decisive only),COMPATIBILITY_ONLY_NOT_PRODUCTION,12571.0392,11367.5521,-62.4887,904,894,0.00497085,,0.00497085,0.00497085,62.4887,12571.0392,OK,0.0000,-2.4995,4.0000,96.0000,AG03-UNRESOLVED,ALL5_LEVELS_bet23_to_bet27,-2.4995,-3.1244,-3.1244,-3.1244,-3.1244,4.000000,5.000000,5.000000,5.000000,5.000000,96.000000,95.000000,95.000000,95.000000,95.000000,5.0,-14.9973,-13.6272,-47.4914,-48.8616,PENDING_AG03,FALSE,NOT_FOR_ENFORCEMENT,-59.9892,10912.8501,-62.4887,-59.9892,-2.4995,-0.00497085,-0.00477202,-2.4995,-59.9892,-0.00477202,-2.4995,-3.1244,-3.1244,-3.1244,-3.1244,-59.9892,-0.00477202,-14.9973,-13.6272,-47.4914,-48.8616,-0.00377785,-0.00388684,-0.00019883,13.9060,12.7154,-0.0699,-6.2489,-0.5251,1257.1039,89.4000,,13.9060,12.8578,12.8578,12.8578,25.7155,25.7155,38.5733,12.8578,0.0,2.0,3.0,1.081527,20,92,12,6,0E-8,-0.00497085,,0E-8,0.000000,0.904265,0.000000,,2026-06-11,2026-06-30,10,119,81,20,0.500000,,,0.000000,,,,,,,,GLOBAL_BASELINE_NO_ENTITY_RANKING,,,NOT_APPLICABLE_GLOBAL_BASELINE,HF9g-P5,,,,X 全窗基线 · 不参与实体赏罚,3920401,393,A168_HF9F_20260827_0900,2026-08-27 09:00:00
2026-06-27,150000903,2103,0,82.2897112145,3.8573302133,3.8573302133,0.5714286,17,15,0.48193753999976075,0.472708840000,0.6701269614830223,0.7398537438228018,0.6701269614830223,0.00922869999976075,ELIGIBLE,R03b_20260811_FULL_v1,L1_ELIGIBILITY,v2026-08-11,2026-03-21..2026-08-06,baccarat_bet02_101_all_pairs_incl_sentinel,round_win = game_pnl > 0 (decisive only),COMPATIBILITY_ONLY_NOT_PRODUCTION,12571.0392,11367.5521,-62.4887,904,894,0.00497085,,0.00497085,0.00497085,62.4887,12571.0392,OK,0.0000,-2.4995,4.0000,96.0000,AG03-UNRESOLVED,ALL5_LEVELS_bet23_to_bet27,-2.4995,-3.1244,-3.1244,-3.1244,-3.1244,4.000000,5.000000,5.000000,5.000000,5.000000,96.000000,95.000000,95.000000,95.000000,95.000000,5.0,-14.9973,-13.6272,-47.4914,-48.8616,PENDING_AG03,FALSE,NOT_FOR_ENFORCEMENT,-59.9892,10912.8501,-62.4887,-59.9892,-2.4995,-0.00497085,-0.00477202,-2.4995,-59.9892,-0.00477202,-2.4995,-3.1244,-3.1244,-3.1244,-3.1244,-59.9892,-0.00477202,-14.9973,-13.6272,-47.4914,-48.8616,-0.00377785,-0.00388684,-0.00019883,13.9060,12.7154,-0.0699,-6.2489,-0.5251,1257.1039,89.4000,,13.9060,12.8578,12.8578,12.8578,25.7155,25.7155,38.5733,12.8578,0.0,2.0,3.0,1.081527,20,92,12,6,0E-8,-0.00497085,,0E-8,0.000000,0.904265,0.000000,,2026-06-11,2026-06-30,10,119,81,20,0.500000,,,0.000000,,,,,,,,GLOBAL_BASELINE_NO_ENTITY_RANKING,,,NOT_APPLICABLE_GLOBAL_BASELINE,HF9g-P5,,,,X 全窗基线 · 不参与实体赏罚,3920402,393,A168_HF9F_20260827_0900,2026-08-27 09:00:00
2026-06-27,150000903,2106,0,20.5724278036,-0.2571553475,-0.2571553475,0.5000000,4,4,0.49994810000000000,0.499948100000,0.00020760000111838688,0.00020760000111838688,0.00020760000111838688,0E-17,ELIGIBLE,R03b_20260811_FULL_v1,L1_ELIGIBILITY,v2026-08-11,2026-03-21..2026-08-06,baccarat_bet02_101_all_pairs_incl_sentinel,round_win = game_pnl > 0 (decisive only),COMPATIBILITY_ONLY_NOT_PRODUCTION,12571.0392,11367.5521,-62.4887,904,894,0.00497085,,0.00497085,0.00497085,62.4887,12571.0392,OK,0.0000,-2.4995,4.0000,96.0000,AG03-UNRESOLVED,ALL5_LEVELS_bet23_to_bet27,-2.4995,-3.1244,-3.1244,-3.1244,-3.1244,4.000000,5.000000,5.000000,5.000000,5.000000,96.000000,95.000000,95.000000,95.000000,95.000000,5.0,-14.9973,-13.6272,-47.4914,-48.8616,PENDING_AG03,FALSE,NOT_FOR_ENFORCEMENT,-59.9892,10912.8501,-62.4887,-59.9892,-2.4995,-0.00497085,-0.00477202,-2.4995,-59.9892,-0.00477202,-2.4995,-3.1244,-3.1244,-3.1244,-3.1244,-59.9892,-0.00477202,-14.9973,-13.6272,-47.4914,-48.8616,-0.00377785,-0.00388684,-0.00019883,13.9060,12.7154,-0.0699,-6.2489,-0.5251,1257.1039,89.4000,,13.9060,12.8578,12.8578,12.8578,25.7155,25.7155,38.5733,12.8578,0.0,2.0,3.0,1.081527,20,92,12,6,0E-8,-0.00497085,,0E-8,0.000000,0.904265,0.000000,,2026-06-11,2026-06-30,10,119,81,20,0.500000,,,0.000000,,,,,,,,GLOBAL_BASELINE_NO_ENTITY_RANKING,,,NOT_APPLICABLE_GLOBAL_BASELINE,HF9g-P5,,,,X 全窗基线 · 不参与实体赏罚,3920403,393,A168_HF9F_20260827_0900,2026-08-27 09:00:00
2026-06-27,150000903,2121,0,20.5724278036,-10.5433692493,-10.5433692493,0.2500000,4,4,0.49994810000000000,0.499948100000,-0.9997924053861017,-0.9997924053861017,-0.9997924053861017,0E-17,ELIGIBLE,R03b_20260811_FULL_v1,L1_ELIGIBILITY,v2026-08-11,2026-03-21..2026-08-06,baccarat_bet02_101_all_pairs_incl_sentinel,round_win = game_pnl > 0 (decisive only),COMPATIBILITY_ONLY_NOT_PRODUCTION,12571.0392,11367.5521,-62.4887,904,894,0.00497085,,0.00497085,0.00497085,62.4887,12571.0392,OK,0.0000,-2.4995,4.0000,96.0000,AG03-UNRESOLVED,ALL5_LEVELS_bet23_to_bet27,-2.4995,-3.1244,-3.1244,-3.1244,-3.1244,4.000000,5.000000,5.000000,5.000000,5.000000,96.000000,95.000000,95.000000,95.000000,95.000000,5.0,-14.9973,-13.6272,-47.4914,-48.8616,PENDING_AG03,FALSE,NOT_FOR_ENFORCEMENT,-59.9892,10912.8501,-62.4887,-59.9892,-2.4995,-0.00497085,-0.00477202,-2.4995,-59.9892,-0.00477202,-2.4995,-3.1244,-3.1244,-3.1244,-3.1244,-59.9892,-0.00477202,-14.9973,-13.6272,-47.4914,-48.8616,-0.00377785,-0.00388684,-0.00019883,13.9060,12.7154,-0.0699,-6.2489,-0.5251,1257.1039,89.4000,,13.9060,12.8578,12.8578,12.8578,25.7155,25.7155,38.5733,12.8578,0.0,2.0,3.0,1.081527,20,92,12,6,0E-8,-0.00497085,,0E-8,0.000000,0.904265,0.000000,,2026-06-11,2026-06-30,10,119,81,20,0.500000,,,0.000000,,,,,,,,GLOBAL_BASELINE_NO_ENTITY_RANKING,,,NOT_APPLICABLE_GLOBAL_BASELINE,HF9g-P5,,,,X 全窗基线 · 不参与实体赏罚,3920404,393,A168_HF9F_20260827_0900,2026-08-27 09:00:00
2026-06-27,150000903,2160,0,15.4293208527,-5.4002622984,-5.4002622984,0.3333333,3,3,0.50665070000000000,0.506650700000,-0.6004420894325239,-0.6004420894325239,-0.6004420894325239,0E-17,ELIGIBLE,R03b_20260811_FULL_v1,L1_ELIGIBILITY,v2026-08-11,2026-03-21..2026-08-06,baccarat_bet02_101_all_pairs_incl_sentinel,round_win = game_pnl > 0 (decisive only),COMPATIBILITY_ONLY_NOT_PRODUCTION,12571.0392,11367.5521,-62.4887,904,894,0.00497085,,0.00497085,0.00497085,62.4887,12571.0392,OK,0.0000,-2.4995,4.0000,96.0000,AG03-UNRESOLVED,ALL5_LEVELS_bet23_to_bet27,-2.4995,-3.1244,-3.1244,-3.1244,-3.1244,4.000000,5.000000,5.000000,5.000000,5.000000,96.000000,95.000000,95.000000,95.000000,95.000000,5.0,-14.9973,-13.6272,-47.4914,-48.8616,PENDING_AG03,FALSE,NOT_FOR_ENFORCEMENT,-59.9892,10912.8501,-62.4887,-59.9892,-2.4995,-0.00497085,-0.00477202,-2.4995,-59.9892,-0.00477202,-2.4995,-3.1244,-3.1244,-3.1244,-3.1244,-59.9892,-0.00477202,-14.9973,-13.6272,-47.4914,-48.8616,-0.00377785,-0.00388684,-0.00019883,13.9060,12.7154,-0.0699,-6.2489,-0.5251,1257.1039,89.4000,,13.9060,12.8578,12.8578,12.8578,25.7155,25.7155,38.5733,12.8578,0.0,2.0,3.0,1.081527,20,92,12,6,0E-8,-0.00497085,,0E-8,0.000000,0.904265,0.000000,,2026-06-11,2026-06-30,10,119,81,20,0.500000,,,0.000000,,,,,,,,GLOBAL_BASELINE_NO_ENTITY_RANKING,,,NOT_APPLICABLE_GLOBAL_BASELINE,HF9g-P5,,,,X 全窗基线 · 不参与实体赏罚,3920405,393,A168_HF9F_20260827_0900,2026-08-27 09:00:00
2026-06-27,150000903,2258,0,20.5724278036,9.5147478593,9.5147478593,0.7500000,4,4,0.50329940000000000,0.503299400000,0.9868238854431842,0.9868238854431842,0.9868238854431842,0E-17,ELIGIBLE,R03b_20260811_FULL_v1,L1_ELIGIBILITY,v2026-08-11,2026-03-21..2026-08-06,baccarat_bet02_101_all_pairs_incl_sentinel,round_win = game_pnl > 0 (decisive only),COMPATIBILITY_ONLY_NOT_PRODUCTION,12571.0392,11367.5521,-62.4887,904,894,0.00497085,,0.00497085,0.00497085,62.4887,12571.0392,OK,0.0000,-2.4995,4.0000,96.0000,AG03-UNRESOLVED,ALL5_LEVELS_bet23_to_bet27,-2.4995,-3.1244,-3.1244,-3.1244,-3.1244,4.000000,5.000000,5.000000,5.000000,5.000000,96.000000,95.000000,95.000000,95.000000,95.000000,5.0,-14.9973,-13.6272,-47.4914,-48.8616,PENDING_AG03,FALSE,NOT_FOR_ENFORCEMENT,-59.9892,10912.8501,-62.4887,-59.9892,-2.4995,-0.00497085,-0.00477202,-2.4995,-59.9892,-0.00477202,-2.4995,-3.1244,-3.1244,-3.1244,-3.1244,-59.9892,-0.00477202,-14.9973,-13.6272,-47.4914,-48.8616,-0.00377785,-0.00388684,-0.00019883,13.9060,12.7154,-0.0699,-6.2489,-0.5251,1257.1039,89.4000,,13.9060,12.8578,12.8578,12.8578,25.7155,25.7155,38.5733,12.8578,0.0,2.0,3.0,1.081527,20,92,12,6,0E-8,-0.00497085,,0E-8,0.000000,0.904265,0.000000,,2026-06-11,2026-06-30,10,119,81,20,0.500000,,,0.000000,,,,,,,,GLOBAL_BASELINE_NO_ENTITY_RANKING,,,NOT_APPLICABLE_GLOBAL_BASELINE,HF9g-P5,,,,X 全窗基线 · 不参与实体赏罚,3920406,393,A168_HF9F_20260827_0900,2026-08-27 09:00:00
2026-06-27,150000903,462,0,108.0052459692,8.7432818165,8.7432818165,0.6111111,24,19,0.43976178596442223,0.420859094737,1.4646152187945722,1.6349521329562238,1.4646152187945722,0.01890269122742223,ELIGIBLE,R03b_20260811_FULL_v1,L1_ELIGIBILITY,v2026-08-11,2026-03-21..2026-08-06,baccarat_bet02_101_all_pairs_incl_sentinel,round_win = game_pnl > 0 (decisive only),COMPATIBILITY_ONLY_NOT_PRODUCTION,12571.0392,11367.5521,-62.4887,904,894,0.00497085,,0.00497085,0.00497085,62.4887,12571.0392,OK,0.0000,-2.4995,4.0000,96.0000,AG03-UNRESOLVED,ALL5_LEVELS_bet23_to_bet27,-2.4995,-3.1244,-3.1244,-3.1244,-3.1244,4.000000,5.000000,5.000000,5.000000,5.000000,96.000000,95.000000,95.000000,95.000000,95.000000,5.0,-14.9973,-13.6272,-47.4914,-48.8616,PENDING_AG03,FALSE,NOT_FOR_ENFORCEMENT,-59.9892,10912.8501,-62.4887,-59.9892,-2.4995,-0.00497085,-0.00477202,-2.4995,-59.9892,-0.00477202,-2.4995,-3.1244,-3.1244,-3.1244,-3.1244,-59.9892,-0.00477202,-14.9973,-13.6272,-47.4914,-48.8616,-0.00377785,-0.00388684,-0.00019883,13.9060,12.7154,-0.0699,-6.2489,-0.5251,1257.1039,89.4000,,13.9060,12.8578,12.8578,12.8578,25.7155,25.7155,38.5733,12.8578,0.0,2.0,3.0,1.081527,20,92,12,6,0E-8,-0.00497085,,0E-8,0.000000,0.904265,0.000000,,2026-06-11,2026-06-30,10,119,81,20,0.500000,,,0.000000,,,,,,,,GLOBAL_BASELINE_NO_ENTITY_RANKING,,,NOT_APPLICABLE_GLOBAL_BASELINE,HF9g-P5,,,,X 全窗基线 · 不参与实体赏罚,3920407,393,A168_HF9F_20260827_0900,2026-08-27 09:00:00
2026-06-27,150000903,471,0,51.4310695090,-5.4002622984,-5.4002622984,0.4444444,10,10,0.49994810000000000,0.499948100000,-0.33302193512739575,-0.33302193512739575,-0.33302193512739575,0E-17,ELIGIBLE,R03b_20260811_FULL_v1,L1_ELIGIBILITY,v2026-08-11,2026-03-21..2026-08-06,baccarat_bet02_101_all_pairs_incl_sentinel,round_win = game_pnl > 0 (decisive only),COMPATIBILITY_ONLY_NOT_PRODUCTION,12571.0392,11367.5521,-62.4887,904,894,0.00497085,,0.00497085,0.00497085,62.4887,12571.0392,OK,0.0000,-2.4995,4.0000,96.0000,AG03-UNRESOLVED,ALL5_LEVELS_bet23_to_bet27,-2.4995,-3.1244,-3.1244,-3.1244,-3.1244,4.000000,5.000000,5.000000,5.000000,5.000000,96.000000,95.000000,95.000000,95.000000,95.000000,5.0,-14.9973,-13.6272,-47.4914,-48.8616,PENDING_AG03,FALSE,NOT_FOR_ENFORCEMENT,-59.9892,10912.8501,-62.4887,-59.9892,-2.4995,-0.00497085,-0.00477202,-2.4995,-59.9892,-0.00477202,-2.4995,-3.1244,-3.1244,-3.1244,-3.1244,-59.9892,-0.00477202,-14.9973,-13.6272,-47.4914,-48.8616,-0.00377785,-0.00388684,-0.00019883,13.9060,12.7154,-0.0699,-6.2489,-0.5251,1257.1039,89.4000,,13.9060,12.8578,12.8578,12.8578,25.7155,25.7155,38.5733,12.8578,0.0,2.0,3.0,1.081527,20,92,12,6,0E-8,-0.00497085,,0E-8,0.000000,0.904265,0.000000,,2026-06-11,2026-06-30,10,119,81,20,0.500000,,,0.000000,,,,,,,,GLOBAL_BASELINE_NO_ENTITY_RANKING,,,NOT_APPLICABLE_GLOBAL_BASELINE,HF9g-P5,,,,X 全窗基线 · 不参与实体赏罚,3920408,393,A168_HF9F_20260827_0900,2026-08-27 09:00:00
2026-06-27,150000903,919,0,110.5767994444,11.3148352922,11.3148352922,0.6000000,20,20,0.49994810000000000,0.499948100000,0.8948914035330217,0.8948914035330217,0.8948914035330217,0E-17,ELIGIBLE,R03b_20260811_FULL_v1,L1_ELIGIBILITY,v2026-08-11,2026-03-21..2026-08-06,baccarat_bet02_101_all_pairs_incl_sentinel,round_win = game_pnl > 0 (decisive only),COMPATIBILITY_ONLY_NOT_PRODUCTION,12571.0392,11367.5521,-62.4887,904,894,0.00497085,,0.00497085,0.00497085,62.4887,12571.0392,OK,0.0000,-2.4995,4.0000,96.0000,AG03-UNRESOLVED,ALL5_LEVELS_bet23_to_bet27,-2.4995,-3.1244,-3.1244,-3.1244,-3.1244,4.000000,5.000000,5.000000,5.000000,5.000000,96.000000,95.000000,95.000000,95.000000,95.000000,5.0,-14.9973,-13.6272,-47.4914,-48.8616,PENDING_AG03,FALSE,NOT_FOR_ENFORCEMENT,-59.9892,10912.8501,-62.4887,-59.9892,-2.4995,-0.00497085,-0.00477202,-2.4995,-59.9892,-0.00477202,-2.4995,-3.1244,-3.1244,-3.1244,-3.1244,-59.9892,-0.00477202,-14.9973,-13.6272,-47.4914,-48.8616,-0.00377785,-0.00388684,-0.00019883,13.9060,12.7154,-0.0699,-6.2489,-0.5251,1257.1039,89.4000,,13.9060,12.8578,12.8578,12.8578,25.7155,25.7155,38.5733,12.8578,0.0,2.0,3.0,1.081527,20,92,12,6,0E-8,-0.00497085,,0E-8,0.000000,0.904265,0.000000,,2026-06-11,2026-06-30,10,119,81,20,0.500000,,,0.000000,,,,,,,,GLOBAL_BASELINE_NO_ENTITY_RANKING,,,NOT_APPLICABLE_GLOBAL_BASELINE,HF9g-P5,,,,X 全窗基线 · 不参与实体赏罚,3920409,393,A168_HF9F_20260827_0900,2026-08-27 09:00:00
2026-06-27,150000903,987,0,190.2949571833,-7.7146604260,-7.7146604260,0.4848485,35,35,0.50013960285714286,0.500139602857,-0.17568157752038535,-0.17568157751874403,-0.17568157752038535,1.4286E-13,ELIGIBLE,R03b_20260811_FULL_v1,L1_ELIGIBILITY,v2026-08-11,2026-03-21..2026-08-06,baccarat_bet02_101_all_pairs_incl_sentinel,round_win = game_pnl > 0 (decisive only),COMPATIBILITY_ONLY_NOT_PRODUCTION,12571.0392,11367.5521,-62.4887,904,894,0.00497085,,0.00497085,0.00497085,62.4887,12571.0392,OK,0.0000,-2.4995,4.0000,96.0000,AG03-UNRESOLVED,ALL5_LEVELS_bet23_to_bet27,-2.4995,-3.1244,-3.1244,-3.1244,-3.1244,4.000000,5.000000,5.000000,5.000000,5.000000,96.000000,95.000000,95.000000,95.000000,95.000000,5.0,-14.9973,-13.6272,-47.4914,-48.8616,PENDING_AG03,FALSE,NOT_FOR_ENFORCEMENT,-59.9892,10912.8501,-62.4887,-59.9892,-2.4995,-0.00497085,-0.00477202,-2.4995,-59.9892,-0.00477202,-2.4995,-3.1244,-3.1244,-3.1244,-3.1244,-59.9892,-0.00477202,-14.9973,-13.6272,-47.4914,-48.8616,-0.00377785,-0.00388684,-0.00019883,13.9060,12.7154,-0.0699,-6.2489,-0.5251,1257.1039,89.4000,,13.9060,12.8578,12.8578,12.8578,25.7155,25.7155,38.5733,12.8578,0.0,2.0,3.0,1.081527,20,92,12,6,0E-8,-0.00497085,,0E-8,0.000000,0.904265,0.000000,,2026-06-11,2026-06-30,10,119,81,20,0.500000,,,0.000000,,,,,,,,GLOBAL_BASELINE_NO_ENTITY_RANKING,,,NOT_APPLICABLE_GLOBAL_BASELINE,HF9g-P5,,,,X 全窗基线 · 不参与实体赏罚,3920410,393,A168_HF9F_20260827_0900,2026-08-27 09:00:00
2026-06-30,150000903,1017,0,41.1448556073,-10.2862139019,-10.2862139019,0.2000000,5,5,0.42156008000000000,0.421560080000,-1.003269587797417,-1.003269587797417,-1.003269587797417,0E-17,ELIGIBLE,R03b_20260811_FULL_v1,L1_ELIGIBILITY,v2026-08-11,2026-03-21..2026-08-06,baccarat_bet02_101_all_pairs_incl_sentinel,round_win = game_pnl > 0 (decisive only),COMPATIBILITY_ONLY_NOT_PRODUCTION,12571.0392,11367.5521,-62.4887,904,894,0.00497085,,0.00497085,0.00497085,62.4887,12571.0392,OK,0.0000,-2.4995,4.0000,96.0000,AG03-UNRESOLVED,ALL5_LEVELS_bet23_to_bet27,-2.4995,-3.1244,-3.1244,-3.1244,-3.1244,4.000000,5.000000,5.000000,5.000000,5.000000,96.000000,95.000000,95.000000,95.000000,95.000000,5.0,-14.9973,-13.6272,-47.4914,-48.8616,PENDING_AG03,FALSE,NOT_FOR_ENFORCEMENT,-59.9892,10912.8501,-62.4887,-59.9892,-2.4995,-0.00497085,-0.00477202,-2.4995,-59.9892,-0.00477202,-2.4995,-3.1244,-3.1244,-3.1244,-3.1244,-59.9892,-0.00477202,-14.9973,-13.6272,-47.4914,-48.8616,-0.00377785,-0.00388684,-0.00019883,13.9060,12.7154,-0.0699,-6.2489,-0.5251,1257.1039,89.4000,,13.9060,12.8578,12.8578,12.8578,25.7155,25.7155,38.5733,12.8578,0.0,2.0,3.0,1.081527,20,92,12,6,0E-8,-0.00497085,,0E-8,0.000000,0.904265,0.000000,,2026-06-11,2026-06-30,10,119,81,20,0.500000,,,0.000000,,,,,,,,GLOBAL_BASELINE_NO_ENTITY_RANKING,,,NOT_APPLICABLE_GLOBAL_BASELINE,HF9g-P5,,,,X 全窗基线 · 不参与实体赏罚,3920411,393,A168_HF9F_20260827_0900,2026-08-27 09:00:00
2026-06-30,150000903,1109,0,66.8603903617,-0.2571553475,-0.2571553475,0.6250000,10,9,0.48072313333333333,0.472972483333,0.8167604444619888,0.8612566972459801,0.8167604444619888,0.00775065000033333,ELIGIBLE,R03b_20260811_FULL_v1,L1_ELIGIBILITY,v2026-08-11,2026-03-21..2026-08-06,baccarat_bet02_101_all_pairs_incl_sentinel,round_win = game_pnl > 0 (decisive only),COMPATIBILITY_ONLY_NOT_PRODUCTION,12571.0392,11367.5521,-62.4887,904,894,0.00497085,,0.00497085,0.00497085,62.4887,12571.0392,OK,0.0000,-2.4995,4.0000,96.0000,AG03-UNRESOLVED,ALL5_LEVELS_bet23_to_bet27,-2.4995,-3.1244,-3.1244,-3.1244,-3.1244,4.000000,5.000000,5.000000,5.000000,5.000000,96.000000,95.000000,95.000000,95.000000,95.000000,5.0,-14.9973,-13.6272,-47.4914,-48.8616,PENDING_AG03,FALSE,NOT_FOR_ENFORCEMENT,-59.9892,10912.8501,-62.4887,-59.9892,-2.4995,-0.00497085,-0.00477202,-2.4995,-59.9892,-0.00477202,-2.4995,-3.1244,-3.1244,-3.1244,-3.1244,-59.9892,-0.00477202,-14.9973,-13.6272,-47.4914,-48.8616,-0.00377785,-0.00388684,-0.00019883,13.9060,12.7154,-0.0699,-6.2489,-0.5251,1257.1039,89.4000,,13.9060,12.8578,12.8578,12.8578,25.7155,25.7155,38.5733,12.8578,0.0,2.0,3.0,1.081527,20,92,12,6,0E-8,-0.00497085,,0E-8,0.000000,0.904265,0.000000,,2026-06-11,2026-06-30,10,119,81,20,0.500000,,,0.000000,,,,,,,,GLOBAL_BASELINE_NO_ENTITY_RANKING,,,NOT_APPLICABLE_GLOBAL_BASELINE,HF9g-P5,,,,X 全窗基线 · 不参与实体赏罚,3920412,393,A168_HF9F_20260827_0900,2026-08-27 09:00:00
2026-06-30,150000903,1507,0,20.5724278036,19.8009617611,19.8009617611,1.0000000,4,4,0.50329940000000000,0.503299400000,1.9868456582349654,1.9868456582349654,1.9868456582349654,0E-17,ELIGIBLE,R03b_20260811_FULL_v1,L1_ELIGIBILITY,v2026-08-11,2026-03-21..2026-08-06,baccarat_bet02_101_all_pairs_incl_sentinel,round_win = game_pnl > 0 (decisive only),COMPATIBILITY_ONLY_NOT_PRODUCTION,12571.0392,11367.5521,-62.4887,904,894,0.00497085,,0.00497085,0.00497085,62.4887,12571.0392,OK,0.0000,-2.4995,4.0000,96.0000,AG03-UNRESOLVED,ALL5_LEVELS_bet23_to_bet27,-2.4995,-3.1244,-3.1244,-3.1244,-3.1244,4.000000,5.000000,5.000000,5.000000,5.000000,96.000000,95.000000,95.000000,95.000000,95.000000,5.0,-14.9973,-13.6272,-47.4914,-48.8616,PENDING_AG03,FALSE,NOT_FOR_ENFORCEMENT,-59.9892,10912.8501,-62.4887,-59.9892,-2.4995,-0.00497085,-0.00477202,-2.4995,-59.9892,-0.00477202,-2.4995,-3.1244,-3.1244,-3.1244,-3.1244,-59.9892,-0.00477202,-14.9973,-13.6272,-47.4914,-48.8616,-0.00377785,-0.00388684,-0.00019883,13.9060,12.7154,-0.0699,-6.2489,-0.5251,1257.1039,89.4000,,13.9060,12.8578,12.8578,12.8578,25.7155,25.7155,38.5733,12.8578,0.0,2.0,3.0,1.081527,20,92,12,6,0E-8,-0.00497085,,0E-8,0.000000,0.904265,0.000000,,2026-06-11,2026-06-30,10,119,81,20,0.500000,,,0.000000,,,,,,,,GLOBAL_BASELINE_NO_ENTITY_RANKING,,,NOT_APPLICABLE_GLOBAL_BASELINE,HF9g-P5,,,,X 全窗基线 · 不参与实体赏罚,3920413,393,A168_HF9F_20260827_0900,2026-08-27 09:00:00
2026-06-30,150000903,2216,0,36.0017486563,-5.4002622984,-5.4002622984,0.4000000,7,7,0.44204162857142857,0.442041628571,-0.18929190810550287,-0.18929190810359234,-0.18929190810550287,4.2857E-13,ELIGIBLE,R03b_20260811_FULL_v1,L1_ELIGIBILITY,v2026-08-11,2026-03-21..2026-08-06,baccarat_bet02_101_all_pairs_incl_sentinel,round_win = game_pnl > 0 (decisive only),COMPATIBILITY_ONLY_NOT_PRODUCTION,12571.0392,11367.5521,-62.4887,904,894,0.00497085,,0.00497085,0.00497085,62.4887,12571.0392,OK,0.0000,-2.4995,4.0000,96.0000,AG03-UNRESOLVED,ALL5_LEVELS_bet23_to_bet27,-2.4995,-3.1244,-3.1244,-3.1244,-3.1244,4.000000,5.000000,5.000000,5.000000,5.000000,96.000000,95.000000,95.000000,95.000000,95.000000,5.0,-14.9973,-13.6272,-47.4914,-48.8616,PENDING_AG03,FALSE,NOT_FOR_ENFORCEMENT,-59.9892,10912.8501,-62.4887,-59.9892,-2.4995,-0.00497085,-0.00477202,-2.4995,-59.9892,-0.00477202,-2.4995,-3.1244,-3.1244,-3.1244,-3.1244,-59.9892,-0.00477202,-14.9973,-13.6272,-47.4914,-48.8616,-0.00377785,-0.00388684,-0.00019883,13.9060,12.7154,-0.0699,-6.2489,-0.5251,1257.1039,89.4000,,13.9060,12.8578,12.8578,12.8578,25.7155,25.7155,38.5733,12.8578,0.0,2.0,3.0,1.081527,20,92,12,6,0E-8,-0.00497085,,0E-8,0.000000,0.904265,0.000000,,2026-06-11,2026-06-30,10,119,81,20,0.500000,,,0.000000,,,,,,,,GLOBAL_BASELINE_NO_ENTITY_RANKING,,,NOT_APPLICABLE_GLOBAL_BASELINE,HF9g-P5,,,,X 全窗基线 · 不参与实体赏罚,3920414,393,A168_HF9F_20260827_0900,2026-08-27 09:00:00
2026-06-30,150000903,2241,0,5.1431069509,-5.1431069509,-5.1431069509,0E-7,1,1,0.49324550000000000,0.493245500000,-0.9865810262130424,-0.9865810262130424,-0.9865810262130424,0E-17,ELIGIBLE,R03b_20260811_FULL_v1,L1_ELIGIBILITY,v2026-08-11,2026-03-21..2026-08-06,baccarat_bet02_101_all_pairs_incl_sentinel,round_win = game_pnl > 0 (decisive only),COMPATIBILITY_ONLY_NOT_PRODUCTION,12571.0392,11367.5521,-62.4887,904,894,0.00497085,,0.00497085,0.00497085,62.4887,12571.0392,OK,0.0000,-2.4995,4.0000,96.0000,AG03-UNRESOLVED,ALL5_LEVELS_bet23_to_bet27,-2.4995,-3.1244,-3.1244,-3.1244,-3.1244,4.000000,5.000000,5.000000,5.000000,5.000000,96.000000,95.000000,95.000000,95.000000,95.000000,5.0,-14.9973,-13.6272,-47.4914,-48.8616,PENDING_AG03,FALSE,NOT_FOR_ENFORCEMENT,-59.9892,10912.8501,-62.4887,-59.9892,-2.4995,-0.00497085,-0.00477202,-2.4995,-59.9892,-0.00477202,-2.4995,-3.1244,-3.1244,-3.1244,-3.1244,-59.9892,-0.00477202,-14.9973,-13.6272,-47.4914,-48.8616,-0.00377785,-0.00388684,-0.00019883,13.9060,12.7154,-0.0699,-6.2489,-0.5251,1257.1039,89.4000,,13.9060,12.8578,12.8578,12.8578,25.7155,25.7155,38.5733,12.8578,0.0,2.0,3.0,1.081527,20,92,12,6,0E-8,-0.00497085,,0E-8,0.000000,0.904265,0.000000,,2026-06-11,2026-06-30,10,119,81,20,0.500000,,,0.000000,,,,,,,,GLOBAL_BASELINE_NO_ENTITY_RANKING,,,NOT_APPLICABLE_GLOBAL_BASELINE,HF9g-P5,,,,X 全窗基线 · 不参与实体赏罚,3920415,393,A168_HF9F_20260827_0900,2026-08-27 09:00:00
2026-06-30,150000903,994,0,36.7732146990,-36.7732146990,-36.7732146990,0E-7,2,2,0.49994810000000000,0.499948100000,-1.4140667746232096,-1.4140667746232096,-1.4140667746232096,0E-17,ELIGIBLE,R03b_20260811_FULL_v1,L1_ELIGIBILITY,v2026-08-11,2026-03-21..2026-08-06,baccarat_bet02_101_all_pairs_incl_sentinel,round_win = game_pnl > 0 (decisive only),COMPATIBILITY_ONLY_NOT_PRODUCTION,12571.0392,11367.5521,-62.4887,904,894,0.00497085,,0.00497085,0.00497085,62.4887,12571.0392,OK,0.0000,-2.4995,4.0000,96.0000,AG03-UNRESOLVED,ALL5_LEVELS_bet23_to_bet27,-2.4995,-3.1244,-3.1244,-3.1244,-3.1244,4.000000,5.000000,5.000000,5.000000,5.000000,96.000000,95.000000,95.000000,95.000000,95.000000,5.0,-14.9973,-13.6272,-47.4914,-48.8616,PENDING_AG03,FALSE,NOT_FOR_ENFORCEMENT,-59.9892,10912.8501,-62.4887,-59.9892,-2.4995,-0.00497085,-0.00477202,-2.4995,-59.9892,-0.00477202,-2.4995,-3.1244,-3.1244,-3.1244,-3.1244,-59.9892,-0.00477202,-14.9973,-13.6272,-47.4914,-48.8616,-0.00377785,-0.00388684,-0.00019883,13.9060,12.7154,-0.0699,-6.2489,-0.5251,1257.1039,89.4000,,13.9060,12.8578,12.8578,12.8578,25.7155,25.7155,38.5733,12.8578,0.0,2.0,3.0,1.081527,20,92,12,6,0E-8,-0.00497085,,0E-8,0.000000,0.904265,0.000000,,2026-06-11,2026-06-30,10,119,81,20,0.500000,,,0.000000,,,,,,,,GLOBAL_BASELINE_NO_ENTITY_RANKING,,,NOT_APPLICABLE_GLOBAL_BASELINE,HF9g-P5,,,,X 全窗基线 · 不参与实体赏罚,3920416,393,A168_HF9F_20260827_0900,2026-08-27 09:00:00
2026-04-30,143984860,1307,0,856.3145794273,62.4878206604,62.4878206604,0.8000000,17,5,0.45407908072276240,0.259083574667,1.5535713836785447,2.76064536175913,1.5535713836785447,0.19499550605576240,ELIGIBLE,R03b_20260811_FULL_v1,L1_ELIGIBILITY,v2026-08-11,2026-03-21..2026-08-06,baccarat_bet02_101_all_pairs_incl_sentinel,round_win = game_pnl > 0 (decisive only),COMPATIBILITY_ONLY_NOT_PRODUCTION,856.3146,393.4418,-62.4878,17,5,0.07297297,,0.07297297,0.07297297,62.4878,856.3146,THIN_EXPOSURE,0.0000,-2.4995,4.0000,96.0000,AG03-UNRESOLVED,ALL5_LEVELS_bet23_to_bet27,-2.4995,-2.4995,-2.4995,-2.4995,-2.4995,4.000000,4.000000,4.000000,4.000000,4.000000,96.000000,96.000000,96.000000,96.000000,96.000000,5.0,-12.4976,-11.537,-49.9903,-50.9509,PENDING_AG03,FALSE,NOT_FOR_ENFORCEMENT,-59.9883,377.7042,-62.4878,-59.9883,-2.4995,-0.07297297,-0.07005405,-2.4995,-59.9883,-0.07005405,-2.4995,-2.4995,-2.4995,-2.4995,-2.4995,-59.9883,-0.07005405,-12.4976,-11.537,-49.9903,-50.9509,-0.05837838,-0.05950017,-0.00291892,50.3714,78.6884,-12.4976,-62.4878,-62.4878,856.3146,5.0000,,50.3714,4.6287,4.6287,52.0732,107.3865,339.7484,462.8727,4.6287,-4.6287,73.399968,100.0,10.882353,1,1,1,7,0E-8,-0.07297297,,0E-8,0.000000,0.459459,0.000000,,2026-04-30,2026-04-30,1,1,1,1,1.000000,,,0.000000,,,,,,,,GLOBAL_BASELINE_NO_ENTITY_RANKING,,,NOT_APPLICABLE_GLOBAL_BASELINE,HF9g-P5,,,,X 全窗基线 · 不参与实体赏罚,3920417,393,A168_HF9F_20260827_0900,2026-08-27 09:00:00
2026-07-28,153570519,1505,0,14.3073212607,-14.3073212607,-14.1785553693,0E-7,2,2,0.49324550000000000,0.493245500000,-1.3952362676504506,-1.3952362676504506,-1.3952362676504506,0E-17,ELIGIBLE,R03b_20260811_FULL_v1,L1_ELIGIBILITY,v2026-08-11,2026-03-21..2026-08-06,baccarat_bet02_101_all_pairs_incl_sentinel,round_win = game_pnl > 0 (decisive only),COMPATIBILITY_ONLY_NOT_PRODUCTION,216.8581,198.4630,-61.2637,22,22,0.28250613,0.28250613,,0.27426956,61.2637,216.8581,THIN_EXPOSURE,1.7862,-3.0632,5.0000,95.0000,AG03-UNRESOLVED,ALL5_LEVELS_bet23_to_bet27,-3.0632,-3.0632,-3.0632,-3.0632,-3.0632,5.000000,5.000000,5.000000,5.000000,5.000000,95.000000,95.000000,95.000000,95.000000,95.000000,5.0,-15.3159,-13.859,-47.7340,-49.1909,PENDING_AG03,FALSE,NOT_FOR_ENFORCEMENT,-58.2006,188.5398,-63.0499,-59.9867,-4.8494,-0.29074270,-0.27661739,-3.0632,-59.9867,-0.27661739,-3.0632,-3.0632,-3.0632,-3.0632,-3.0632,-59.9867,-0.27661739,-15.3159,-13.859,-47.7340,-49.1909,-0.22011616,-0.22683442,-0.02236188,9.8572,9.0210,-2.7847,-61.2637,-20.4212,216.8581,22.0000,9.8572,,6.1317,10.1173,10.2195,15.5337,20.0302,22.4829,9.0954,6.1869,1.979798,2.222222,0.974288,3,3,2,1,1.00000000,-0.28250613,-0.28250613,0.00900000,0.900000,0.915174,0.000000,,2026-07-28,2026-07-28,1,3,3,1,1.000000,,1.000000,3.333333,,,,,,,,GLOBAL_BASELINE_NO_ENTITY_RANKING,,,NOT_APPLICABLE_GLOBAL_BASELINE,HF9g-P5,,,,X 全窗基线 · 不参与实体赏罚,3920418,393,A168_HF9F_20260827_0900,2026-08-27 09:00:00
2026-07-28,153570519,1710,0,122.6341822344,44.9658668192,45.9592036955,0.6666667,10,10,0.49324550000000000,0.493245500000,1.0406219574860578,1.0406219574860578,1.0406219574860578,0E-17,ELIGIBLE,R03b_20260811_FULL_v1,L1_ELIGIBILITY,v2026-08-11,2026-03-21..2026-08-06,baccarat_bet02_101_all_pairs_incl_sentinel,round_win = game_pnl > 0 (decisive only),COMPATIBILITY_ONLY_NOT_PRODUCTION,216.8581,198.4630,-61.2637,22,22,0.28250613,0.28250613,,0.27426956,61.2637,216.8581,THIN_EXPOSURE,1.7862,-3.0632,5.0000,95.0000,AG03-UNRESOLVED,ALL5_LEVELS_bet23_to_bet27,-3.0632,-3.0632,-3.0632,-3.0632,-3.0632,5.000000,5.000000,5.000000,5.000000,5.000000,95.000000,95.000000,95.000000,95.000000,95.000000,5.0,-15.3159,-13.859,-47.7340,-49.1909,PENDING_AG03,FALSE,NOT_FOR_ENFORCEMENT,-58.2006,188.5398,-63.0499,-59.9867,-4.8494,-0.29074270,-0.27661739,-3.0632,-59.9867,-0.27661739,-3.0632,-3.0632,-3.0632,-3.0632,-3.0632,-59.9867,-0.27661739,-15.3159,-13.859,-47.7340,-49.1909,-0.22011616,-0.22683442,-0.02236188,9.8572,9.0210,-2.7847,-61.2637,-20.4212,216.8581,22.0000,9.8572,,6.1317,10.1173,10.2195,15.5337,20.0302,22.4829,9.0954,6.1869,1.979798,2.222222,0.974288,3,3,2,1,1.00000000,-0.28250613,-0.28250613,0.00900000,0.900000,0.915174,0.000000,,2026-07-28,2026-07-28,1,3,3,1,1.000000,,1.000000,3.333333,,,,,,,,GLOBAL_BASELINE_NO_ENTITY_RANKING,,,NOT_APPLICABLE_GLOBAL_BASELINE,HF9g-P5,,,,X 全窗基线 · 不参与实体赏罚,3920419,393,A168_HF9F_20260827_0900,2026-08-27 09:00:00
2026-07-28,153570519,529,0,79.9166087561,28.8190328252,29.4830969219,0.6666667,10,10,0.49324550000000000,0.493245500000,1.0406219574860578,1.0406219574860578,1.0406219574860578,0E-17,ELIGIBLE,R03b_20260811_FULL_v1,L1_ELIGIBILITY,v2026-08-11,2026-03-21..2026-08-06,baccarat_bet02_101_all_pairs_incl_sentinel,round_win = game_pnl > 0 (decisive only),COMPATIBILITY_ONLY_NOT_PRODUCTION,216.8581,198.4630,-61.2637,22,22,0.28250613,0.28250613,,0.27426956,61.2637,216.8581,THIN_EXPOSURE,1.7862,-3.0632,5.0000,95.0000,AG03-UNRESOLVED,ALL5_LEVELS_bet23_to_bet27,-3.0632,-3.0632,-3.0632,-3.0632,-3.0632,5.000000,5.000000,5.000000,5.000000,5.000000,95.000000,95.000000,95.000000,95.000000,95.000000,5.0,-15.3159,-13.859,-47.7340,-49.1909,PENDING_AG03,FALSE,NOT_FOR_ENFORCEMENT,-58.2006,188.5398,-63.0499,-59.9867,-4.8494,-0.29074270,-0.27661739,-3.0632,-59.9867,-0.27661739,-3.0632,-3.0632,-3.0632,-3.0632,-3.0632,-59.9867,-0.27661739,-15.3159,-13.859,-47.7340,-49.1909,-0.22011616,-0.22683442,-0.02236188,9.8572,9.0210,-2.7847,-61.2637,-20.4212,216.8581,22.0000,9.8572,,6.1317,10.1173,10.2195,15.5337,20.0302,22.4829,9.0954,6.1869,1.979798,2.222222,0.974288,3,3,2,1,1.00000000,-0.28250613,-0.28250613,0.00900000,0.900000,0.915174,0.000000,,2026-07-28,2026-07-28,1,3,3,1,1.000000,,1.000000,3.333333,,,,,,,,GLOBAL_BASELINE_NO_ENTITY_RANKING,,,NOT_APPLICABLE_GLOBAL_BASELINE,HF9g-P5,,,,X 全窗基线 · 不参与实体赏罚,3920420,393,A168_HF9F_20260827_0900,2026-08-27 09:00:00
2026-03-28,110102342,1935,0,68.5871056241,-68.5871056241,-68.0384087791,0E-7,1,1,0.49324550000000000,0.493245500000,-0.9865810262130424,-0.9865810262130424,-0.9865810262130424,0E-17,ELIGIBLE,R03b_20260811_FULL_v1,L1_ELIGIBILITY,v2026-08-11,2026-03-21..2026-08-06,baccarat_bet02_101_all_pairs_incl_sentinel,round_win = game_pnl > 0 (decisive only),COMPATIBILITY_ONLY_NOT_PRODUCTION,96567.1958,86231.7213,670.0753,281,280,-0.00693895,-0.48898037,0.00857782,-0.01408272,-670.0753,96567.1958,OK,689.8538,40.2045,6.0000,94.0000,AG03-UNRESOLVED,ALL5_LEVELS_bet23_to_bet27,40.2045,40.2045,40.2045,40.2045,40.2045,6.000000,6.000000,6.000000,6.000000,6.000000,94.000000,94.000000,94.000000,94.000000,94.000000,5.0,201.0226,178.3043,-220.8011,-198.0828,PENDING_AG03,FALSE,NOT_FOR_ENFORCEMENT,629.8708,81057.8180,-19.7785,-59.9830,-649.6493,-0.00020482,-0.00062115,40.2045,-59.9830,-0.00062115,40.2045,40.2045,40.2045,40.2045,40.2045,-59.9830,-0.00062115,201.0226,178.3043,-220.8011,-198.0828,-0.00228650,-0.00205124,-0.00672743,343.6555,307.9704,2.3931,16.3433,2.9389,2355.2975,6.8293,231.6562,349.0883,135.8696,203.8044,689.6552,689.6552,689.6552,689.6552,203.8044,0.0,3.383908,3.383908,1.686203,29,115,53,2,0.03118585,0.00693895,0.48898037,0.00800000,0.800000,0.892971,0.021352,-0.49755819,2026-03-28,2026-08-04,41,228,202,130,0.315385,0.663603,0.674094,0.103953,,,,,,,,GLOBAL_BASELINE_NO_ENTITY_RANKING,,,NOT_APPLICABLE_GLOBAL_BASELINE,HF9g-P5,,,,X 全窗基线 · 不参与实体赏罚,3920421,393,A168_HF9F_20260827_0900,2026-08-27 09:00:00
2026-04-01,110102342,-1,1,689.6551724138,0E-10,0E-10,,1,1,0.49324550000000000,0.493245500000,,,,0E-17,SENTINEL_DEALER,R03b_20260811_FULL_v1,L1_ELIGIBILITY,v2026-08-11,2026-03-21..2026-08-06,baccarat_bet02_101_all_pairs_incl_sentinel,round_win = game_pnl > 0 (decisive only),COMPATIBILITY_ONLY_NOT_PRODUCTION,96567.1958,86231.7213,670.0753,281,280,-0.00693895,-0.48898037,0.00857782,-0.01408272,-670.0753,96567.1958,OK,689.8538,40.2045,6.0000,94.0000,AG03-UNRESOLVED,ALL5_LEVELS_bet23_to_bet27,40.2045,40.2045,40.2045,40.2045,40.2045,6.000000,6.000000,6.000000,6.000000,6.000000,94.000000,94.000000,94.000000,94.000000,94.000000,5.0,201.0226,178.3043,-220.8011,-198.0828,PENDING_AG03,FALSE,NOT_FOR_ENFORCEMENT,629.8708,81057.8180,-19.7785,-59.9830,-649.6493,-0.00020482,-0.00062115,40.2045,-59.9830,-0.00062115,40.2045,40.2045,40.2045,40.2045,40.2045,-59.9830,-0.00062115,201.0226,178.3043,-220.8011,-198.0828,-0.00228650,-0.00205124,-0.00672743,343.6555,307.9704,2.3931,16.3433,2.9389,2355.2975,6.8293,231.6562,349.0883,135.8696,203.8044,689.6552,689.6552,689.6552,689.6552,203.8044,0.0,3.383908,3.383908,1.686203,29,115,53,2,0.03118585,0.00693895,0.48898037,0.00800000,0.800000,0.892971,0.021352,-0.49755819,2026-03-28,2026-08-04,41,228,202,130,0.315385,0.663603,0.674094,0.103953,,,,,,,,GLOBAL_BASELINE_NO_ENTITY_RANKING,,,NOT_APPLICABLE_GLOBAL_BASELINE,HF9g-P5,,,,X 全窗基线 · 不参与实体赏罚,3920422,393,A168_HF9F_20260827_0900,2026-08-27 09:00:00
2026-04-01,110102342,1299,0,13.7931034483,13.7931034483,13.9034482759,1.0000000,1,1,0.49324550000000000,0.493245500000,1.01360149184955,1.01360149184955,1.01360149184955,0E-17,ELIGIBLE,R03b_20260811_FULL_v1,L1_ELIGIBILITY,v2026-08-11,2026-03-21..2026-08-06,baccarat_bet02_101_all_pairs_incl_sentinel,round_win = game_pnl > 0 (decisive only),COMPATIBILITY_ONLY_NOT_PRODUCTION,96567.1958,86231.7213,670.0753,281,280,-0.00693895,-0.48898037,0.00857782,-0.01408272,-670.0753,96567.1958,OK,689.8538,40.2045,6.0000,94.0000,AG03-UNRESOLVED,ALL5_LEVELS_bet23_to_bet27,40.2045,40.2045,40.2045,40.2045,40.2045,6.000000,6.000000,6.000000,6.000000,6.000000,94.000000,94.000000,94.000000,94.000000,94.000000,5.0,201.0226,178.3043,-220.8011,-198.0828,PENDING_AG03,FALSE,NOT_FOR_ENFORCEMENT,629.8708,81057.8180,-19.7785,-59.9830,-649.6493,-0.00020482,-0.00062115,40.2045,-59.9830,-0.00062115,40.2045,40.2045,40.2045,40.2045,40.2045,-59.9830,-0.00062115,201.0226,178.3043,-220.8011,-198.0828,-0.00228650,-0.00205124,-0.00672743,343.6555,307.9704,2.3931,16.3433,2.9389,2355.2975,6.8293,231.6562,349.0883,135.8696,203.8044,689.6552,689.6552,689.6552,689.6552,203.8044,0.0,3.383908,3.383908,1.686203,29,115,53,2,0.03118585,0.00693895,0.48898037,0.00800000,0.800000,0.892971,0.021352,-0.49755819,2026-03-28,2026-08-04,41,228,202,130,0.315385,0.663603,0.674094,0.103953,,,,,,,,GLOBAL_BASELINE_NO_ENTITY_RANKING,,,NOT_APPLICABLE_GLOBAL_BASELINE,HF9g-P5,,,,X 全窗基线 · 不参与实体赏罚,3920423,393,A168_HF9F_20260827_0900,2026-08-27 09:00:00
2026-04-01,110102342,1507,0,344.8275862069,-344.8275862069,-342.0689655172,0E-7,1,1,0.49324550000000000,0.493245500000,-0.9865810262130424,-0.9865810262130424,-0.9865810262130424,0E-17,ELIGIBLE,R03b_20260811_FULL_v1,L1_ELIGIBILITY,v2026-08-11,2026-03-21..2026-08-06,baccarat_bet02_101_all_pairs_incl_sentinel,round_win = game_pnl > 0 (decisive only),COMPATIBILITY_ONLY_NOT_PRODUCTION,96567.1958,86231.7213,670.0753,281,280,-0.00693895,-0.48898037,0.00857782,-0.01408272,-670.0753,96567.1958,OK,689.8538,40.2045,6.0000,94.0000,AG03-UNRESOLVED,ALL5_LEVELS_bet23_to_bet27,40.2045,40.2045,40.2045,40.2045,40.2045,6.000000,6.000000,6.000000,6.000000,6.000000,94.000000,94.000000,94.000000,94.000000,94.000000,5.0,201.0226,178.3043,-220.8011,-198.0828,PENDING_AG03,FALSE,NOT_FOR_ENFORCEMENT,629.8708,81057.8180,-19.7785,-59.9830,-649.6493,-0.00020482,-0.00062115,40.2045,-59.9830,-0.00062115,40.2045,40.2045,40.2045,40.2045,40.2045,-59.9830,-0.00062115,201.0226,178.3043,-220.8011,-198.0828,-0.00228650,-0.00205124,-0.00672743,343.6555,307.9704,2.3931,16.3433,2.9389,2355.2975,6.8293,231.6562,349.0883,135.8696,203.8044,689.6552,689.6552,689.6552,689.6552,203.8044,0.0,3.383908,3.383908,1.686203,29,115,53,2,0.03118585,0.00693895,0.48898037,0.00800000,0.800000,0.892971,0.021352,-0.49755819,2026-03-28,2026-08-04,41,228,202,130,0.315385,0.663603,0.674094,0.103953,,,,,,,,GLOBAL_BASELINE_NO_ENTITY_RANKING,,,NOT_APPLICABLE_GLOBAL_BASELINE,HF9g-P5,,,,X 全窗基线 · 不参与实体赏罚,3920424,393,A168_HF9F_20260827_0900,2026-08-27 09:00:00
2026-04-01,110102342,2153,0,689.6551724138,689.6551724138,695.1724137931,1.0000000,1,1,0.49324550000000000,0.493245500000,1.01360149184955,1.01360149184955,1.01360149184955,0E-17,ELIGIBLE,R03b_20260811_FULL_v1,L1_ELIGIBILITY,v2026-08-11,2026-03-21..2026-08-06,baccarat_bet02_101_all_pairs_incl_sentinel,round_win = game_pnl > 0 (decisive only),COMPATIBILITY_ONLY_NOT_PRODUCTION,96567.1958,86231.7213,670.0753,281,280,-0.00693895,-0.48898037,0.00857782,-0.01408272,-670.0753,96567.1958,OK,689.8538,40.2045,6.0000,94.0000,AG03-UNRESOLVED,ALL5_LEVELS_bet23_to_bet27,40.2045,40.2045,40.2045,40.2045,40.2045,6.000000,6.000000,6.000000,6.000000,6.000000,94.000000,94.000000,94.000000,94.000000,94.000000,5.0,201.0226,178.3043,-220.8011,-198.0828,PENDING_AG03,FALSE,NOT_FOR_ENFORCEMENT,629.8708,81057.8180,-19.7785,-59.9830,-649.6493,-0.00020482,-0.00062115,40.2045,-59.9830,-0.00062115,40.2045,40.2045,40.2045,40.2045,40.2045,-59.9830,-0.00062115,201.0226,178.3043,-220.8011,-198.0828,-0.00228650,-0.00205124,-0.00672743,343.6555,307.9704,2.3931,16.3433,2.9389,2355.2975,6.8293,231.6562,349.0883,135.8696,203.8044,689.6552,689.6552,689.6552,689.6552,203.8044,0.0,3.383908,3.383908,1.686203,29,115,53,2,0.03118585,0.00693895,0.48898037,0.00800000,0.800000,0.892971,0.021352,-0.49755819,2026-03-28,2026-08-04,41,228,202,130,0.315385,0.663603,0.674094,0.103953,,,,,,,,GLOBAL_BASELINE_NO_ENTITY_RANKING,,,NOT_APPLICABLE_GLOBAL_BASELINE,HF9g-P5,,,,X 全窗基线 · 不参与实体赏罚,3920425,393,A168_HF9F_20260827_0900,2026-08-27 09:00:00
2026-04-01,110102342,2174,0,689.6551724138,689.6551724138,695.1724137931,1.0000000,1,1,0.49324550000000000,0.493245500000,1.01360149184955,1.01360149184955,1.01360149184955,0E-17,ELIGIBLE,R03b_20260811_FULL_v1,L1_ELIGIBILITY,v2026-08-11,2026-03-21..2026-08-06,baccarat_bet02_101_all_pairs_incl_sentinel,round_win = game_pnl > 0 (decisive only),COMPATIBILITY_ONLY_NOT_PRODUCTION,96567.1958,86231.7213,670.0753,281,280,-0.00693895,-0.48898037,0.00857782,-0.01408272,-670.0753,96567.1958,OK,689.8538,40.2045,6.0000,94.0000,AG03-UNRESOLVED,ALL5_LEVELS_bet23_to_bet27,40.2045,40.2045,40.2045,40.2045,40.2045,6.000000,6.000000,6.000000,6.000000,6.000000,94.000000,94.000000,94.000000,94.000000,94.000000,5.0,201.0226,178.3043,-220.8011,-198.0828,PENDING_AG03,FALSE,NOT_FOR_ENFORCEMENT,629.8708,81057.8180,-19.7785,-59.9830,-649.6493,-0.00020482,-0.00062115,40.2045,-59.9830,-0.00062115,40.2045,40.2045,40.2045,40.2045,40.2045,-59.9830,-0.00062115,201.0226,178.3043,-220.8011,-198.0828,-0.00228650,-0.00205124,-0.00672743,343.6555,307.9704,2.3931,16.3433,2.9389,2355.2975,6.8293,231.6562,349.0883,135.8696,203.8044,689.6552,689.6552,689.6552,689.6552,203.8044,0.0,3.383908,3.383908,1.686203,29,115,53,2,0.03118585,0.00693895,0.48898037,0.00800000,0.800000,0.892971,0.021352,-0.49755819,2026-03-28,2026-08-04,41,228,202,130,0.315385,0.663603,0.674094,0.103953,,,,,,,,GLOBAL_BASELINE_NO_ENTITY_RANKING,,,NOT_APPLICABLE_GLOBAL_BASELINE,HF9g-P5,,,,X 全窗基线 · 不参与实体赏罚,3920426,393,A168_HF9F_20260827_0900,2026-08-27 09:00:00
2026-04-01,110102342,2223,0,344.8275862069,344.8275862069,347.5862068966,1.0000000,1,1,0.49324550000000000,0.493245500000,1.01360149184955,1.01360149184955,1.01360149184955,0E-17,ELIGIBLE,R03b_20260811_FULL_v1,L1_ELIGIBILITY,v2026-08-11,2026-03-21..2026-08-06,baccarat_bet02_101_all_pairs_incl_sentinel,round_win = game_pnl > 0 (decisive only),COMPATIBILITY_ONLY_NOT_PRODUCTION,96567.1958,86231.7213,670.0753,281,280,-0.00693895,-0.48898037,0.00857782,-0.01408272,-670.0753,96567.1958,OK,689.8538,40.2045,6.0000,94.0000,AG03-UNRESOLVED,ALL5_LEVELS_bet23_to_bet27,40.2045,40.2045,40.2045,40.2045,40.2045,6.000000,6.000000,6.000000,6.000000,6.000000,94.000000,94.000000,94.000000,94.000000,94.000000,5.0,201.0226,178.3043,-220.8011,-198.0828,PENDING_AG03,FALSE,NOT_FOR_ENFORCEMENT,629.8708,81057.8180,-19.7785,-59.9830,-649.6493,-0.00020482,-0.00062115,40.2045,-59.9830,-0.00062115,40.2045,40.2045,40.2045,40.2045,40.2045,-59.9830,-0.00062115,201.0226,178.3043,-220.8011,-198.0828,-0.00228650,-0.00205124,-0.00672743,343.6555,307.9704,2.3931,16.3433,2.9389,2355.2975,6.8293,231.6562,349.0883,135.8696,203.8044,689.6552,689.6552,689.6552,689.6552,203.8044,0.0,3.383908,3.383908,1.686203,29,115,53,2,0.03118585,0.00693895,0.48898037,0.00800000,0.800000,0.892971,0.021352,-0.49755819,2026-03-28,2026-08-04,41,228,202,130,0.315385,0.663603,0.674094,0.103953,,,,,,,,GLOBAL_BASELINE_NO_ENTITY_RANKING,,,NOT_APPLICABLE_GLOBAL_BASELINE,HF9g-P5,,,,X 全窗基线 · 不参与实体赏罚,3920427,393,A168_HF9F_20260827_0900,2026-08-27 09:00:00
2026-04-01,110102342,2250,0,206.8965517242,151.7241379310,153.3793103448,0.5000000,2,2,0.49324550000000000,0.493245500000,0.01910635448239258,0.01910635448239258,0.01910635448239258,0E-17,ELIGIBLE,R03b_20260811_FULL_v1,L1_ELIGIBILITY,v2026-08-11,2026-03-21..2026-08-06,baccarat_bet02_101_all_pairs_incl_sentinel,round_win = game_pnl > 0 (decisive only),COMPATIBILITY_ONLY_NOT_PRODUCTION,96567.1958,86231.7213,670.0753,281,280,-0.00693895,-0.48898037,0.00857782,-0.01408272,-670.0753,96567.1958,OK,689.8538,40.2045,6.0000,94.0000,AG03-UNRESOLVED,ALL5_LEVELS_bet23_to_bet27,40.2045,40.2045,40.2045,40.2045,40.2045,6.000000,6.000000,6.000000,6.000000,6.000000,94.000000,94.000000,94.000000,94.000000,94.000000,5.0,201.0226,178.3043,-220.8011,-198.0828,PENDING_AG03,FALSE,NOT_FOR_ENFORCEMENT,629.8708,81057.8180,-19.7785,-59.9830,-649.6493,-0.00020482,-0.00062115,40.2045,-59.9830,-0.00062115,40.2045,40.2045,40.2045,40.2045,40.2045,-59.9830,-0.00062115,201.0226,178.3043,-220.8011,-198.0828,-0.00228650,-0.00205124,-0.00672743,343.6555,307.9704,2.3931,16.3433,2.9389,2355.2975,6.8293,231.6562,349.0883,135.8696,203.8044,689.6552,689.6552,689.6552,689.6552,203.8044,0.0,3.383908,3.383908,1.686203,29,115,53,2,0.03118585,0.00693895,0.48898037,0.00800000,0.800000,0.892971,0.021352,-0.49755819,2026-03-28,2026-08-04,41,228,202,130,0.315385,0.663603,0.674094,0.103953,,,,,,,,GLOBAL_BASELINE_NO_ENTITY_RANKING,,,NOT_APPLICABLE_GLOBAL_BASELINE,HF9g-P5,,,,X 全窗基线 · 不参与实体赏罚,3920428,393,A168_HF9F_20260827_0900,2026-08-27 09:00:00
2026-04-01,110102342,2252,0,1724.1379310345,344.8275862069,358.6206896552,0.6666667,3,3,0.49324550000000000,0.493245500000,0.6008033672792107,0.6008033672792106,0.6008033672792107,0E-17,ELIGIBLE,R03b_20260811_FULL_v1,L1_ELIGIBILITY,v2026-08-11,2026-03-21..2026-08-06,baccarat_bet02_101_all_pairs_incl_sentinel,round_win = game_pnl > 0 (decisive only),COMPATIBILITY_ONLY_NOT_PRODUCTION,96567.1958,86231.7213,670.0753,281,280,-0.00693895,-0.48898037,0.00857782,-0.01408272,-670.0753,96567.1958,OK,689.8538,40.2045,6.0000,94.0000,AG03-UNRESOLVED,ALL5_LEVELS_bet23_to_bet27,40.2045,40.2045,40.2045,40.2045,40.2045,6.000000,6.000000,6.000000,6.000000,6.000000,94.000000,94.000000,94.000000,94.000000,94.000000,5.0,201.0226,178.3043,-220.8011,-198.0828,PENDING_AG03,FALSE,NOT_FOR_ENFORCEMENT,629.8708,81057.8180,-19.7785,-59.9830,-649.6493,-0.00020482,-0.00062115,40.2045,-59.9830,-0.00062115,40.2045,40.2045,40.2045,40.2045,40.2045,-59.9830,-0.00062115,201.0226,178.3043,-220.8011,-198.0828,-0.00228650,-0.00205124,-0.00672743,343.6555,307.9704,2.3931,16.3433,2.9389,2355.2975,6.8293,231.6562,349.0883,135.8696,203.8044,689.6552,689.6552,689.6552,689.6552,203.8044,0.0,3.383908,3.383908,1.686203,29,115,53,2,0.03118585,0.00693895,0.48898037,0.00800000,0.800000,0.892971,0.021352,-0.49755819,2026-03-28,2026-08-04,41,228,202,130,0.315385,0.663603,0.674094,0.103953,,,,,,,,GLOBAL_BASELINE_NO_ENTITY_RANKING,,,NOT_APPLICABLE_GLOBAL_BASELINE,HF9g-P5,,,,X 全窗基线 · 不参与实体赏罚,3920429,393,A168_HF9F_20260827_0900,2026-08-27 09:00:00
2026-04-01,110102342,2266,0,344.8275862069,344.8275862069,347.5862068966,1.0000000,1,1,0.49324550000000000,0.493245500000,1.01360149184955,1.01360149184955,1.01360149184955,0E-17,ELIGIBLE,R03b_20260811_FULL_v1,L1_ELIGIBILITY,v2026-08-11,2026-03-21..2026-08-06,baccarat_bet02_101_all_pairs_incl_sentinel,round_win = game_pnl > 0 (decisive only),COMPATIBILITY_ONLY_NOT_PRODUCTION,96567.1958,86231.7213,670.0753,281,280,-0.00693895,-0.48898037,0.00857782,-0.01408272,-670.0753,96567.1958,OK,689.8538,40.2045,6.0000,94.0000,AG03-UNRESOLVED,ALL5_LEVELS_bet23_to_bet27,40.2045,40.2045,40.2045,40.2045,40.2045,6.000000,6.000000,6.000000,6.000000,6.000000,94.000000,94.000000,94.000000,94.000000,94.000000,5.0,201.0226,178.3043,-220.8011,-198.0828,PENDING_AG03,FALSE,NOT_FOR_ENFORCEMENT,629.8708,81057.8180,-19.7785,-59.9830,-649.6493,-0.00020482,-0.00062115,40.2045,-59.9830,-0.00062115,40.2045,40.2045,40.2045,40.2045,40.2045,-59.9830,-0.00062115,201.0226,178.3043,-220.8011,-198.0828,-0.00228650,-0.00205124,-0.00672743,343.6555,307.9704,2.3931,16.3433,2.9389,2355.2975,6.8293,231.6562,349.0883,135.8696,203.8044,689.6552,689.6552,689.6552,689.6552,203.8044,0.0,3.383908,3.383908,1.686203,29,115,53,2,0.03118585,0.00693895,0.48898037,0.00800000,0.800000,0.892971,0.021352,-0.49755819,2026-03-28,2026-08-04,41,228,202,130,0.315385,0.663603,0.674094,0.103953,,,,,,,,GLOBAL_BASELINE_NO_ENTITY_RANKING,,,NOT_APPLICABLE_GLOBAL_BASELINE,HF9g-P5,,,,X 全窗基线 · 不参与实体赏罚,3920430,393,A168_HF9F_20260827_0900,2026-08-27 09:00:00
2026-04-01,110102342,948,0,206.8965517241,-206.8965517241,-205.2413793103,0E-7,1,1,0.49324550000000000,0.493245500000,-0.9865810262130424,-0.9865810262130424,-0.9865810262130424,0E-17,ELIGIBLE,R03b_20260811_FULL_v1,L1_ELIGIBILITY,v2026-08-11,2026-03-21..2026-08-06,baccarat_bet02_101_all_pairs_incl_sentinel,round_win = game_pnl > 0 (decisive only),COMPATIBILITY_ONLY_NOT_PRODUCTION,96567.1958,86231.7213,670.0753,281,280,-0.00693895,-0.48898037,0.00857782,-0.01408272,-670.0753,96567.1958,OK,689.8538,40.2045,6.0000,94.0000,AG03-UNRESOLVED,ALL5_LEVELS_bet23_to_bet27,40.2045,40.2045,40.2045,40.2045,40.2045,6.000000,6.000000,6.000000,6.000000,6.000000,94.000000,94.000000,94.000000,94.000000,94.000000,5.0,201.0226,178.3043,-220.8011,-198.0828,PENDING_AG03,FALSE,NOT_FOR_ENFORCEMENT,629.8708,81057.8180,-19.7785,-59.9830,-649.6493,-0.00020482,-0.00062115,40.2045,-59.9830,-0.00062115,40.2045,40.2045,40.2045,40.2045,40.2045,-59.9830,-0.00062115,201.0226,178.3043,-220.8011,-198.0828,-0.00228650,-0.00205124,-0.00672743,343.6555,307.9704,2.3931,16.3433,2.9389,2355.2975,6.8293,231.6562,349.0883,135.8696,203.8044,689.6552,689.6552,689.6552,689.6552,203.8044,0.0,3.383908,3.383908,1.686203,29,115,53,2,0.03118585,0.00693895,0.48898037,0.00800000,0.800000,0.892971,0.021352,-0.49755819,2026-03-28,2026-08-04,41,228,202,130,0.315385,0.663603,0.674094,0.103953,,,,,,,,GLOBAL_BASELINE_NO_ENTITY_RANKING,,,NOT_APPLICABLE_GLOBAL_BASELINE,HF9g-P5,,,,X 全窗基线 · 不参与实体赏罚,3920431,393,A168_HF9F_20260827_0900,2026-08-27 09:00:00
2026-04-02,110102342,-1,1,4137.9310344828,-689.6551724138,-662.0689655173,0.4000000,6,6,0.49324550000000000,0.493245500000,-0.4170446088060018,-0.4170446088060018,-0.4170446088060018,0E-17,SENTINEL_DEALER,R03b_20260811_FULL_v1,L1_ELIGIBILITY,v2026-08-11,2026-03-21..2026-08-06,baccarat_bet02_101_all_pairs_incl_sentinel,round_win = game_pnl > 0 (decisive only),COMPATIBILITY_ONLY_NOT_PRODUCTION,96567.1958,86231.7213,670.0753,281,280,-0.00693895,-0.48898037,0.00857782,-0.01408272,-670.0753,96567.1958,OK,689.8538,40.2045,6.0000,94.0000,AG03-UNRESOLVED,ALL5_LEVELS_bet23_to_bet27,40.2045,40.2045,40.2045,40.2045,40.2045,6.000000,6.000000,6.000000,6.000000,6.000000,94.000000,94.000000,94.000000,94.000000,94.000000,5.0,201.0226,178.3043,-220.8011,-198.0828,PENDING_AG03,FALSE,NOT_FOR_ENFORCEMENT,629.8708,81057.8180,-19.7785,-59.9830,-649.6493,-0.00020482,-0.00062115,40.2045,-59.9830,-0.00062115,40.2045,40.2045,40.2045,40.2045,40.2045,-59.9830,-0.00062115,201.0226,178.3043,-220.8011,-198.0828,-0.00228650,-0.00205124,-0.00672743,343.6555,307.9704,2.3931,16.3433,2.9389,2355.2975,6.8293,231.6562,349.0883,135.8696,203.8044,689.6552,689.6552,689.6552,689.6552,203.8044,0.0,3.383908,3.383908,1.686203,29,115,53,2,0.03118585,0.00693895,0.48898037,0.00800000,0.800000,0.892971,0.021352,-0.49755819,2026-03-28,2026-08-04,41,228,202,130,0.315385,0.663603,0.674094,0.103953,,,,,,,,GLOBAL_BASELINE_NO_ENTITY_RANKING,,,NOT_APPLICABLE_GLOBAL_BASELINE,HF9g-P5,,,,X 全窗基线 · 不参与实体赏罚,3920432,393,A168_HF9F_20260827_0900,2026-08-27 09:00:00
2026-04-02,110102342,1205,0,689.6551724138,689.6551724138,695.1724137931,1.0000000,1,1,0.49324550000000000,0.493245500000,1.01360149184955,1.01360149184955,1.01360149184955,0E-17,ELIGIBLE,R03b_20260811_FULL_v1,L1_ELIGIBILITY,v2026-08-11,2026-03-21..2026-08-06,baccarat_bet02_101_all_pairs_incl_sentinel,round_win = game_pnl > 0 (decisive only),COMPATIBILITY_ONLY_NOT_PRODUCTION,96567.1958,86231.7213,670.0753,281,280,-0.00693895,-0.48898037,0.00857782,-0.01408272,-670.0753,96567.1958,OK,689.8538,40.2045,6.0000,94.0000,AG03-UNRESOLVED,ALL5_LEVELS_bet23_to_bet27,40.2045,40.2045,40.2045,40.2045,40.2045,6.000000,6.000000,6.000000,6.000000,6.000000,94.000000,94.000000,94.000000,94.000000,94.000000,5.0,201.0226,178.3043,-220.8011,-198.0828,PENDING_AG03,FALSE,NOT_FOR_ENFORCEMENT,629.8708,81057.8180,-19.7785,-59.9830,-649.6493,-0.00020482,-0.00062115,40.2045,-59.9830,-0.00062115,40.2045,40.2045,40.2045,40.2045,40.2045,-59.9830,-0.00062115,201.0226,178.3043,-220.8011,-198.0828,-0.00228650,-0.00205124,-0.00672743,343.6555,307.9704,2.3931,16.3433,2.9389,2355.2975,6.8293,231.6562,349.0883,135.8696,203.8044,689.6552,689.6552,689.6552,689.6552,203.8044,0.0,3.383908,3.383908,1.686203,29,115,53,2,0.03118585,0.00693895,0.48898037,0.00800000,0.800000,0.892971,0.021352,-0.49755819,2026-03-28,2026-08-04,41,228,202,130,0.315385,0.663603,0.674094,0.103953,,,,,,,,GLOBAL_BASELINE_NO_ENTITY_RANKING,,,NOT_APPLICABLE_GLOBAL_BASELINE,HF9g-P5,,,,X 全窗基线 · 不参与实体赏罚,3920433,393,A168_HF9F_20260827_0900,2026-08-27 09:00:00
2026-04-02,110102342,1210,0,689.6551724138,689.6551724138,695.1724137931,1.0000000,1,1,0.49324550000000000,0.493245500000,1.01360149184955,1.01360149184955,1.01360149184955,0E-17,ELIGIBLE,R03b_20260811_FULL_v1,L1_ELIGIBILITY,v2026-08-11,2026-03-21..2026-08-06,baccarat_bet02_101_all_pairs_incl_sentinel,round_win = game_pnl > 0 (decisive only),COMPATIBILITY_ONLY_NOT_PRODUCTION,96567.1958,86231.7213,670.0753,281,280,-0.00693895,-0.48898037,0.00857782,-0.01408272,-670.0753,96567.1958,OK,689.8538,40.2045,6.0000,94.0000,AG03-UNRESOLVED,ALL5_LEVELS_bet23_to_bet27,40.2045,40.2045,40.2045,40.2045,40.2045,6.000000,6.000000,6.000000,6.000000,6.000000,94.000000,94.000000,94.000000,94.000000,94.000000,5.0,201.0226,178.3043,-220.8011,-198.0828,PENDING_AG03,FALSE,NOT_FOR_ENFORCEMENT,629.8708,81057.8180,-19.7785,-59.9830,-649.6493,-0.00020482,-0.00062115,40.2045,-59.9830,-0.00062115,40.2045,40.2045,40.2045,40.2045,40.2045,-59.9830,-0.00062115,201.0226,178.3043,-220.8011,-198.0828,-0.00228650,-0.00205124,-0.00672743,343.6555,307.9704,2.3931,16.3433,2.9389,2355.2975,6.8293,231.6562,349.0883,135.8696,203.8044,689.6552,689.6552,689.6552,689.6552,203.8044,0.0,3.383908,3.383908,1.686203,29,115,53,2,0.03118585,0.00693895,0.48898037,0.00800000,0.800000,0.892971,0.021352,-0.49755819,2026-03-28,2026-08-04,41,228,202,130,0.315385,0.663603,0.674094,0.103953,,,,,,,,GLOBAL_BASELINE_NO_ENTITY_RANKING,,,NOT_APPLICABLE_GLOBAL_BASELINE,HF9g-P5,,,,X 全窗基线 · 不参与实体赏罚,3920434,393,A168_HF9F_20260827_0900,2026-08-27 09:00:00
2026-04-02,110102342,1383,0,689.6551724138,689.6551724138,695.1724137931,1.0000000,1,1,0.49324550000000000,0.493245500000,1.01360149184955,1.01360149184955,1.01360149184955,0E-17,ELIGIBLE,R03b_20260811_FULL_v1,L1_ELIGIBILITY,v2026-08-11,2026-03-21..2026-08-06,baccarat_bet02_101_all_pairs_incl_sentinel,round_win = game_pnl > 0 (decisive only),COMPATIBILITY_ONLY_NOT_PRODUCTION,96567.1958,86231.7213,670.0753,281,280,-0.00693895,-0.48898037,0.00857782,-0.01408272,-670.0753,96567.1958,OK,689.8538,40.2045,6.0000,94.0000,AG03-UNRESOLVED,ALL5_LEVELS_bet23_to_bet27,40.2045,40.2045,40.2045,40.2045,40.2045,6.000000,6.000000,6.000000,6.000000,6.000000,94.000000,94.000000,94.000000,94.000000,94.000000,5.0,201.0226,178.3043,-220.8011,-198.0828,PENDING_AG03,FALSE,NOT_FOR_ENFORCEMENT,629.8708,81057.8180,-19.7785,-59.9830,-649.6493,-0.00020482,-0.00062115,40.2045,-59.9830,-0.00062115,40.2045,40.2045,40.2045,40.2045,40.2045,-59.9830,-0.00062115,201.0226,178.3043,-220.8011,-198.0828,-0.00228650,-0.00205124,-0.00672743,343.6555,307.9704,2.3931,16.3433,2.9389,2355.2975,6.8293,231.6562,349.0883,135.8696,203.8044,689.6552,689.6552,689.6552,689.6552,203.8044,0.0,3.383908,3.383908,1.686203,29,115,53,2,0.03118585,0.00693895,0.48898037,0.00800000,0.800000,0.892971,0.021352,-0.49755819,2026-03-28,2026-08-04,41,228,202,130,0.315385,0.663603,0.674094,0.103953,,,,,,,,GLOBAL_BASELINE_NO_ENTITY_RANKING,,,NOT_APPLICABLE_GLOBAL_BASELINE,HF9g-P5,,,,X 全窗基线 · 不参与实体赏罚,3920435,393,A168_HF9F_20260827_0900,2026-08-27 09:00:00
2026-04-02,110102342,1402,0,1379.3103448276,0E-10,11.0344827586,0.5000000,2,2,0.49324550000000000,0.493245500000,0.01910635448239258,0.01910635448239258,0.01910635448239258,0E-17,ELIGIBLE,R03b_20260811_FULL_v1,L1_ELIGIBILITY,v2026-08-11,2026-03-21..2026-08-06,baccarat_bet02_101_all_pairs_incl_sentinel,round_win = game_pnl > 0 (decisive only),COMPATIBILITY_ONLY_NOT_PRODUCTION,96567.1958,86231.7213,670.0753,281,280,-0.00693895,-0.48898037,0.00857782,-0.01408272,-670.0753,96567.1958,OK,689.8538,40.2045,6.0000,94.0000,AG03-UNRESOLVED,ALL5_LEVELS_bet23_to_bet27,40.2045,40.2045,40.2045,40.2045,40.2045,6.000000,6.000000,6.000000,6.000000,6.000000,94.000000,94.000000,94.000000,94.000000,94.000000,5.0,201.0226,178.3043,-220.8011,-198.0828,PENDING_AG03,FALSE,NOT_FOR_ENFORCEMENT,629.8708,81057.8180,-19.7785,-59.9830,-649.6493,-0.00020482,-0.00062115,40.2045,-59.9830,-0.00062115,40.2045,40.2045,40.2045,40.2045,40.2045,-59.9830,-0.00062115,201.0226,178.3043,-220.8011,-198.0828,-0.00228650,-0.00205124,-0.00672743,343.6555,307.9704,2.3931,16.3433,2.9389,2355.2975,6.8293,231.6562,349.0883,135.8696,203.8044,689.6552,689.6552,689.6552,689.6552,203.8044,0.0,3.383908,3.383908,1.686203,29,115,53,2,0.03118585,0.00693895,0.48898037,0.00800000,0.800000,0.892971,0.021352,-0.49755819,2026-03-28,2026-08-04,41,228,202,130,0.315385,0.663603,0.674094,0.103953,,,,,,,,GLOBAL_BASELINE_NO_ENTITY_RANKING,,,NOT_APPLICABLE_GLOBAL_BASELINE,HF9g-P5,,,,X 全窗基线 · 不参与实体赏罚,3920436,393,A168_HF9F_20260827_0900,2026-08-27 09:00:00
2026-04-02,110102342,1490,0,689.6551724138,689.6551724138,695.1724137931,1.0000000,1,1,0.49324550000000000,0.493245500000,1.01360149184955,1.01360149184955,1.01360149184955,0E-17,ELIGIBLE,R03b_20260811_FULL_v1,L1_ELIGIBILITY,v2026-08-11,2026-03-21..2026-08-06,baccarat_bet02_101_all_pairs_incl_sentinel,round_win = game_pnl > 0 (decisive only),COMPATIBILITY_ONLY_NOT_PRODUCTION,96567.1958,86231.7213,670.0753,281,280,-0.00693895,-0.48898037,0.00857782,-0.01408272,-670.0753,96567.1958,OK,689.8538,40.2045,6.0000,94.0000,AG03-UNRESOLVED,ALL5_LEVELS_bet23_to_bet27,40.2045,40.2045,40.2045,40.2045,40.2045,6.000000,6.000000,6.000000,6.000000,6.000000,94.000000,94.000000,94.000000,94.000000,94.000000,5.0,201.0226,178.3043,-220.8011,-198.0828,PENDING_AG03,FALSE,NOT_FOR_ENFORCEMENT,629.8708,81057.8180,-19.7785,-59.9830,-649.6493,-0.00020482,-0.00062115,40.2045,-59.9830,-0.00062115,40.2045,40.2045,40.2045,40.2045,40.2045,-59.9830,-0.00062115,201.0226,178.3043,-220.8011,-198.0828,-0.00228650,-0.00205124,-0.00672743,343.6555,307.9704,2.3931,16.3433,2.9389,2355.2975,6.8293,231.6562,349.0883,135.8696,203.8044,689.6552,689.6552,689.6552,689.6552,203.8044,0.0,3.383908,3.383908,1.686203,29,115,53,2,0.03118585,0.00693895,0.48898037,0.00800000,0.800000,0.892971,0.021352,-0.49755819,2026-03-28,2026-08-04,41,228,202,130,0.315385,0.663603,0.674094,0.103953,,,,,,,,GLOBAL_BASELINE_NO_ENTITY_RANKING,,,NOT_APPLICABLE_GLOBAL_BASELINE,HF9g-P5,,,,X 全窗基线 · 不参与实体赏罚,3920437,393,A168_HF9F_20260827_0900,2026-08-27 09:00:00
2026-04-02,110102342,1645,0,689.6551724138,689.6551724138,695.1724137931,1.0000000,1,1,0.49324550000000000,0.493245500000,1.01360149184955,1.01360149184955,1.01360149184955,0E-17,ELIGIBLE,R03b_20260811_FULL_v1,L1_ELIGIBILITY,v2026-08-11,2026-03-21..2026-08-06,baccarat_bet02_101_all_pairs_incl_sentinel,round_win = game_pnl > 0 (decisive only),COMPATIBILITY_ONLY_NOT_PRODUCTION,96567.1958,86231.7213,670.0753,281,280,-0.00693895,-0.48898037,0.00857782,-0.01408272,-670.0753,96567.1958,OK,689.8538,40.2045,6.0000,94.0000,AG03-UNRESOLVED,ALL5_LEVELS_bet23_to_bet27,40.2045,40.2045,40.2045,40.2045,40.2045,6.000000,6.000000,6.000000,6.000000,6.000000,94.000000,94.000000,94.000000,94.000000,94.000000,5.0,201.0226,178.3043,-220.8011,-198.0828,PENDING_AG03,FALSE,NOT_FOR_ENFORCEMENT,629.8708,81057.8180,-19.7785,-59.9830,-649.6493,-0.00020482,-0.00062115,40.2045,-59.9830,-0.00062115,40.2045,40.2045,40.2045,40.2045,40.2045,-59.9830,-0.00062115,201.0226,178.3043,-220.8011,-198.0828,-0.00228650,-0.00205124,-0.00672743,343.6555,307.9704,2.3931,16.3433,2.9389,2355.2975,6.8293,231.6562,349.0883,135.8696,203.8044,689.6552,689.6552,689.6552,689.6552,203.8044,0.0,3.383908,3.383908,1.686203,29,115,53,2,0.03118585,0.00693895,0.48898037,0.00800000,0.800000,0.892971,0.021352,-0.49755819,2026-03-28,2026-08-04,41,228,202,130,0.315385,0.663603,0.674094,0.103953,,,,,,,,GLOBAL_BASELINE_NO_ENTITY_RANKING,,,NOT_APPLICABLE_GLOBAL_BASELINE,HF9g-P5,,,,X 全窗基线 · 不参与实体赏罚,3920438,393,A168_HF9F_20260827_0900,2026-08-27 09:00:00
2026-04-02,110102342,2134,0,689.6551724138,-689.6551724138,-684.1379310345,0E-7,1,1,0.49324550000000000,0.493245500000,-0.9865810262130424,-0.9865810262130424,-0.9865810262130424,0E-17,ELIGIBLE,R03b_20260811_FULL_v1,L1_ELIGIBILITY,v2026-08-11,2026-03-21..2026-08-06,baccarat_bet02_101_all_pairs_incl_sentinel,round_win = game_pnl > 0 (decisive only),COMPATIBILITY_ONLY_NOT_PRODUCTION,96567.1958,86231.7213,670.0753,281,280,-0.00693895,-0.48898037,0.00857782,-0.01408272,-670.0753,96567.1958,OK,689.8538,40.2045,6.0000,94.0000,AG03-UNRESOLVED,ALL5_LEVELS_bet23_to_bet27,40.2045,40.2045,40.2045,40.2045,40.2045,6.000000,6.000000,6.000000,6.000000,6.000000,94.000000,94.000000,94.000000,94.000000,94.000000,5.0,201.0226,178.3043,-220.8011,-198.0828,PENDING_AG03,FALSE,NOT_FOR_ENFORCEMENT,629.8708,81057.8180,-19.7785,-59.9830,-649.6493,-0.00020482,-0.00062115,40.2045,-59.9830,-0.00062115,40.2045,40.2045,40.2045,40.2045,40.2045,-59.9830,-0.00062115,201.0226,178.3043,-220.8011,-198.0828,-0.00228650,-0.00205124,-0.00672743,343.6555,307.9704,2.3931,16.3433,2.9389,2355.2975,6.8293,231.6562,349.0883,135.8696,203.8044,689.6552,689.6552,689.6552,689.6552,203.8044,0.0,3.383908,3.383908,1.686203,29,115,53,2,0.03118585,0.00693895,0.48898037,0.00800000,0.800000,0.892971,0.021352,-0.49755819,2026-03-28,2026-08-04,41,228,202,130,0.315385,0.663603,0.674094,0.103953,,,,,,,,GLOBAL_BASELINE_NO_ENTITY_RANKING,,,NOT_APPLICABLE_GLOBAL_BASELINE,HF9g-P5,,,,X 全窗基线 · 不参与实体赏罚,3920439,393,A168_HF9F_20260827_0900,2026-08-27 09:00:00
2026-04-02,110102342,2196,0,1379.3103448276,689.6551724138,695.1724137931,1.0000000,2,2,0.49324550000000000,0.493245500000,1.01360149184955,1.01360149184955,1.01360149184955,0E-17,ELIGIBLE,R03b_20260811_FULL_v1,L1_ELIGIBILITY,v2026-08-11,2026-03-21..2026-08-06,baccarat_bet02_101_all_pairs_incl_sentinel,round_win = game_pnl > 0 (decisive only),COMPATIBILITY_ONLY_NOT_PRODUCTION,96567.1958,86231.7213,670.0753,281,280,-0.00693895,-0.48898037,0.00857782,-0.01408272,-670.0753,96567.1958,OK,689.8538,40.2045,6.0000,94.0000,AG03-UNRESOLVED,ALL5_LEVELS_bet23_to_bet27,40.2045,40.2045,40.2045,40.2045,40.2045,6.000000,6.000000,6.000000,6.000000,6.000000,94.000000,94.000000,94.000000,94.000000,94.000000,5.0,201.0226,178.3043,-220.8011,-198.0828,PENDING_AG03,FALSE,NOT_FOR_ENFORCEMENT,629.8708,81057.8180,-19.7785,-59.9830,-649.6493,-0.00020482,-0.00062115,40.2045,-59.9830,-0.00062115,40.2045,40.2045,40.2045,40.2045,40.2045,-59.9830,-0.00062115,201.0226,178.3043,-220.8011,-198.0828,-0.00228650,-0.00205124,-0.00672743,343.6555,307.9704,2.3931,16.3433,2.9389,2355.2975,6.8293,231.6562,349.0883,135.8696,203.8044,689.6552,689.6552,689.6552,689.6552,203.8044,0.0,3.383908,3.383908,1.686203,29,115,53,2,0.03118585,0.00693895,0.48898037,0.00800000,0.800000,0.892971,0.021352,-0.49755819,2026-03-28,2026-08-04,41,228,202,130,0.315385,0.663603,0.674094,0.103953,,,,,,,,GLOBAL_BASELINE_NO_ENTITY_RANKING,,,NOT_APPLICABLE_GLOBAL_BASELINE,HF9g-P5,,,,X 全窗基线 · 不参与实体赏罚,3920440,393,A168_HF9F_20260827_0900,2026-08-27 09:00:00
2026-04-02,110102342,2234,0,689.6551724138,-689.6551724138,-684.1379310345,0E-7,1,1,0.49324550000000000,0.493245500000,-0.9865810262130424,-0.9865810262130424,-0.9865810262130424,0E-17,ELIGIBLE,R03b_20260811_FULL_v1,L1_ELIGIBILITY,v2026-08-11,2026-03-21..2026-08-06,baccarat_bet02_101_all_pairs_incl_sentinel,round_win = game_pnl > 0 (decisive only),COMPATIBILITY_ONLY_NOT_PRODUCTION,96567.1958,86231.7213,670.0753,281,280,-0.00693895,-0.48898037,0.00857782,-0.01408272,-670.0753,96567.1958,OK,689.8538,40.2045,6.0000,94.0000,AG03-UNRESOLVED,ALL5_LEVELS_bet23_to_bet27,40.2045,40.2045,40.2045,40.2045,40.2045,6.000000,6.000000,6.000000,6.000000,6.000000,94.000000,94.000000,94.000000,94.000000,94.000000,5.0,201.0226,178.3043,-220.8011,-198.0828,PENDING_AG03,FALSE,NOT_FOR_ENFORCEMENT,629.8708,81057.8180,-19.7785,-59.9830,-649.6493,-0.00020482,-0.00062115,40.2045,-59.9830,-0.00062115,40.2045,40.2045,40.2045,40.2045,40.2045,-59.9830,-0.00062115,201.0226,178.3043,-220.8011,-198.0828,-0.00228650,-0.00205124,-0.00672743,343.6555,307.9704,2.3931,16.3433,2.9389,2355.2975,6.8293,231.6562,349.0883,135.8696,203.8044,689.6552,689.6552,689.6552,689.6552,203.8044,0.0,3.383908,3.383908,1.686203,29,115,53,2,0.03118585,0.00693895,0.48898037,0.00800000,0.800000,0.892971,0.021352,-0.49755819,2026-03-28,2026-08-04,41,228,202,130,0.315385,0.663603,0.674094,0.103953,,,,,,,,GLOBAL_BASELINE_NO_ENTITY_RANKING,,,NOT_APPLICABLE_GLOBAL_BASELINE,HF9g-P5,,,,X 全窗基线 · 不参与实体赏罚,3920441,393,A168_HF9F_20260827_0900,2026-08-27 09:00:00
2026-04-02,110102342,2235,0,689.6551724138,689.6551724138,695.1724137931,1.0000000,1,1,0.49324550000000000,0.493245500000,1.01360149184955,1.01360149184955,1.01360149184955,0E-17,ELIGIBLE,R03b_20260811_FULL_v1,L1_ELIGIBILITY,v2026-08-11,2026-03-21..2026-08-06,baccarat_bet02_101_all_pairs_incl_sentinel,round_win = game_pnl > 0 (decisive only),COMPATIBILITY_ONLY_NOT_PRODUCTION,96567.1958,86231.7213,670.0753,281,280,-0.00693895,-0.48898037,0.00857782,-0.01408272,-670.0753,96567.1958,OK,689.8538,40.2045,6.0000,94.0000,AG03-UNRESOLVED,ALL5_LEVELS_bet23_to_bet27,40.2045,40.2045,40.2045,40.2045,40.2045,6.000000,6.000000,6.000000,6.000000,6.000000,94.000000,94.000000,94.000000,94.000000,94.000000,5.0,201.0226,178.3043,-220.8011,-198.0828,PENDING_AG03,FALSE,NOT_FOR_ENFORCEMENT,629.8708,81057.8180,-19.7785,-59.9830,-649.6493,-0.00020482,-0.00062115,40.2045,-59.9830,-0.00062115,40.2045,40.2045,40.2045,40.2045,40.2045,-59.9830,-0.00062115,201.0226,178.3043,-220.8011,-198.0828,-0.00228650,-0.00205124,-0.00672743,343.6555,307.9704,2.3931,16.3433,2.9389,2355.2975,6.8293,231.6562,349.0883,135.8696,203.8044,689.6552,689.6552,689.6552,689.6552,203.8044,0.0,3.383908,3.383908,1.686203,29,115,53,2,0.03118585,0.00693895,0.48898037,0.00800000,0.800000,0.892971,0.021352,-0.49755819,2026-03-28,2026-08-04,41,228,202,130,0.315385,0.663603,0.674094,0.103953,,,,,,,,GLOBAL_BASELINE_NO_ENTITY_RANKING,,,NOT_APPLICABLE_GLOBAL_BASELINE,HF9g-P5,,,,X 全窗基线 · 不参与实体赏罚,3920442,393,A168_HF9F_20260827_0900,2026-08-27 09:00:00
2026-04-02,110102342,2264,0,1379.3103448276,1379.3103448276,1390.3448275862,1.0000000,2,2,0.49324550000000000,0.493245500000,1.4334489766152358,1.4334489766152358,1.4334489766152358,0E-17,ELIGIBLE,R03b_20260811_FULL_v1,L1_ELIGIBILITY,v2026-08-11,2026-03-21..2026-08-06,baccarat_bet02_101_all_pairs_incl_sentinel,round_win = game_pnl > 0 (decisive only),COMPATIBILITY_ONLY_NOT_PRODUCTION,96567.1958,86231.7213,670.0753,281,280,-0.00693895,-0.48898037,0.00857782,-0.01408272,-670.0753,96567.1958,OK,689.8538,40.2045,6.0000,94.0000,AG03-UNRESOLVED,ALL5_LEVELS_bet23_to_bet27,40.2045,40.2045,40.2045,40.2045,40.2045,6.000000,6.000000,6.000000,6.000000,6.000000,94.000000,94.000000,94.000000,94.000000,94.000000,5.0,201.0226,178.3043,-220.8011,-198.0828,PENDING_AG03,FALSE,NOT_FOR_ENFORCEMENT,629.8708,81057.8180,-19.7785,-59.9830,-649.6493,-0.00020482,-0.00062115,40.2045,-59.9830,-0.00062115,40.2045,40.2045,40.2045,40.2045,40.2045,-59.9830,-0.00062115,201.0226,178.3043,-220.8011,-198.0828,-0.00228650,-0.00205124,-0.00672743,343.6555,307.9704,2.3931,16.3433,2.9389,2355.2975,6.8293,231.6562,349.0883,135.8696,203.8044,689.6552,689.6552,689.6552,689.6552,203.8044,0.0,3.383908,3.383908,1.686203,29,115,53,2,0.03118585,0.00693895,0.48898037,0.00800000,0.800000,0.892971,0.021352,-0.49755819,2026-03-28,2026-08-04,41,228,202,130,0.315385,0.663603,0.674094,0.103953,,,,,,,,GLOBAL_BASELINE_NO_ENTITY_RANKING,,,NOT_APPLICABLE_GLOBAL_BASELINE,HF9g-P5,,,,X 全窗基线 · 不参与实体赏罚,3920443,393,A168_HF9F_20260827_0900,2026-08-27 09:00:00
2026-04-02,110102342,583,0,2068.9655172414,2068.9655172414,2085.5172413793,1.0000000,3,3,0.49324550000000000,0.493245500000,1.755609282511032,1.7556092825110319,1.755609282511032,0E-17,ELIGIBLE,R03b_20260811_FULL_v1,L1_ELIGIBILITY,v2026-08-11,2026-03-21..2026-08-06,baccarat_bet02_101_all_pairs_incl_sentinel,round_win = game_pnl > 0 (decisive only),COMPATIBILITY_ONLY_NOT_PRODUCTION,96567.1958,86231.7213,670.0753,281,280,-0.00693895,-0.48898037,0.00857782,-0.01408272,-670.0753,96567.1958,OK,689.8538,40.2045,6.0000,94.0000,AG03-UNRESOLVED,ALL5_LEVELS_bet23_to_bet27,40.2045,40.2045,40.2045,40.2045,40.2045,6.000000,6.000000,6.000000,6.000000,6.000000,94.000000,94.000000,94.000000,94.000000,94.000000,5.0,201.0226,178.3043,-220.8011,-198.0828,PENDING_AG03,FALSE,NOT_FOR_ENFORCEMENT,629.8708,81057.8180,-19.7785,-59.9830,-649.6493,-0.00020482,-0.00062115,40.2045,-59.9830,-0.00062115,40.2045,40.2045,40.2045,40.2045,40.2045,-59.9830,-0.00062115,201.0226,178.3043,-220.8011,-198.0828,-0.00228650,-0.00205124,-0.00672743,343.6555,307.9704,2.3931,16.3433,2.9389,2355.2975,6.8293,231.6562,349.0883,135.8696,203.8044,689.6552,689.6552,689.6552,689.6552,203.8044,0.0,3.383908,3.383908,1.686203,29,115,53,2,0.03118585,0.00693895,0.48898037,0.00800000,0.800000,0.892971,0.021352,-0.49755819,2026-03-28,2026-08-04,41,228,202,130,0.315385,0.663603,0.674094,0.103953,,,,,,,,GLOBAL_BASELINE_NO_ENTITY_RANKING,,,NOT_APPLICABLE_GLOBAL_BASELINE,HF9g-P5,,,,X 全窗基线 · 不参与实体赏罚,3920444,393,A168_HF9F_20260827_0900,2026-08-27 09:00:00
2026-04-02,110102342,595,0,689.6551724138,689.6551724138,695.1724137931,1.0000000,1,1,0.49324550000000000,0.493245500000,1.01360149184955,1.01360149184955,1.01360149184955,0E-17,ELIGIBLE,R03b_20260811_FULL_v1,L1_ELIGIBILITY,v2026-08-11,2026-03-21..2026-08-06,baccarat_bet02_101_all_pairs_incl_sentinel,round_win = game_pnl > 0 (decisive only),COMPATIBILITY_ONLY_NOT_PRODUCTION,96567.1958,86231.7213,670.0753,281,280,-0.00693895,-0.48898037,0.00857782,-0.01408272,-670.0753,96567.1958,OK,689.8538,40.2045,6.0000,94.0000,AG03-UNRESOLVED,ALL5_LEVELS_bet23_to_bet27,40.2045,40.2045,40.2045,40.2045,40.2045,6.000000,6.000000,6.000000,6.000000,6.000000,94.000000,94.000000,94.000000,94.000000,94.000000,5.0,201.0226,178.3043,-220.8011,-198.0828,PENDING_AG03,FALSE,NOT_FOR_ENFORCEMENT,629.8708,81057.8180,-19.7785,-59.9830,-649.6493,-0.00020482,-0.00062115,40.2045,-59.9830,-0.00062115,40.2045,40.2045,40.2045,40.2045,40.2045,-59.9830,-0.00062115,201.0226,178.3043,-220.8011,-198.0828,-0.00228650,-0.00205124,-0.00672743,343.6555,307.9704,2.3931,16.3433,2.9389,2355.2975,6.8293,231.6562,349.0883,135.8696,203.8044,689.6552,689.6552,689.6552,689.6552,203.8044,0.0,3.383908,3.383908,1.686203,29,115,53,2,0.03118585,0.00693895,0.48898037,0.00800000,0.800000,0.892971,0.021352,-0.49755819,2026-03-28,2026-08-04,41,228,202,130,0.315385,0.663603,0.674094,0.103953,,,,,,,,GLOBAL_BASELINE_NO_ENTITY_RANKING,,,NOT_APPLICABLE_GLOBAL_BASELINE,HF9g-P5,,,,X 全窗基线 · 不参与实体赏罚,3920445,393,A168_HF9F_20260827_0900,2026-08-27 09:00:00
2026-04-02,110102342,752,0,689.6551724138,-689.6551724138,-684.1379310345,0E-7,1,1,0.49324550000000000,0.493245500000,-0.9865810262130424,-0.9865810262130424,-0.9865810262130424,0E-17,ELIGIBLE,R03b_20260811_FULL_v1,L1_ELIGIBILITY,v2026-08-11,2026-03-21..2026-08-06,baccarat_bet02_101_all_pairs_incl_sentinel,round_win = game_pnl > 0 (decisive only),COMPATIBILITY_ONLY_NOT_PRODUCTION,96567.1958,86231.7213,670.0753,281,280,-0.00693895,-0.48898037,0.00857782,-0.01408272,-670.0753,96567.1958,OK,689.8538,40.2045,6.0000,94.0000,AG03-UNRESOLVED,ALL5_LEVELS_bet23_to_bet27,40.2045,40.2045,40.2045,40.2045,40.2045,6.000000,6.000000,6.000000,6.000000,6.000000,94.000000,94.000000,94.000000,94.000000,94.000000,5.0,201.0226,178.3043,-220.8011,-198.0828,PENDING_AG03,FALSE,NOT_FOR_ENFORCEMENT,629.8708,81057.8180,-19.7785,-59.9830,-649.6493,-0.00020482,-0.00062115,40.2045,-59.9830,-0.00062115,40.2045,40.2045,40.2045,40.2045,40.2045,-59.9830,-0.00062115,201.0226,178.3043,-220.8011,-198.0828,-0.00228650,-0.00205124,-0.00672743,343.6555,307.9704,2.3931,16.3433,2.9389,2355.2975,6.8293,231.6562,349.0883,135.8696,203.8044,689.6552,689.6552,689.6552,689.6552,203.8044,0.0,3.383908,3.383908,1.686203,29,115,53,2,0.03118585,0.00693895,0.48898037,0.00800000,0.800000,0.892971,0.021352,-0.49755819,2026-03-28,2026-08-04,41,228,202,130,0.315385,0.663603,0.674094,0.103953,,,,,,,,GLOBAL_BASELINE_NO_ENTITY_RANKING,,,NOT_APPLICABLE_GLOBAL_BASELINE,HF9g-P5,,,,X 全窗基线 · 不参与实体赏罚,3920446,393,A168_HF9F_20260827_0900,2026-08-27 09:00:00
2026-04-03,110102342,-1,1,2386.2068965517,-1062.0689655173,-1048.4965517242,0.3333333,4,4,0.49324550000000000,0.493245500000,-0.5540025479526107,-0.5540025479526106,-0.5540025479526107,0E-17,SENTINEL_DEALER,R03b_20260811_FULL_v1,L1_ELIGIBILITY,v2026-08-11,2026-03-21..2026-08-06,baccarat_bet02_101_all_pairs_incl_sentinel,round_win = game_pnl > 0 (decisive only),COMPATIBILITY_ONLY_NOT_PRODUCTION,96567.1958,86231.7213,670.0753,281,280,-0.00693895,-0.48898037,0.00857782,-0.01408272,-670.0753,96567.1958,OK,689.8538,40.2045,6.0000,94.0000,AG03-UNRESOLVED,ALL5_LEVELS_bet23_to_bet27,40.2045,40.2045,40.2045,40.2045,40.2045,6.000000,6.000000,6.000000,6.000000,6.000000,94.000000,94.000000,94.000000,94.000000,94.000000,5.0,201.0226,178.3043,-220.8011,-198.0828,PENDING_AG03,FALSE,NOT_FOR_ENFORCEMENT,629.8708,81057.8180,-19.7785,-59.9830,-649.6493,-0.00020482,-0.00062115,40.2045,-59.9830,-0.00062115,40.2045,40.2045,40.2045,40.2045,40.2045,-59.9830,-0.00062115,201.0226,178.3043,-220.8011,-198.0828,-0.00228650,-0.00205124,-0.00672743,343.6555,307.9704,2.3931,16.3433,2.9389,2355.2975,6.8293,231.6562,349.0883,135.8696,203.8044,689.6552,689.6552,689.6552,689.6552,203.8044,0.0,3.383908,3.383908,1.686203,29,115,53,2,0.03118585,0.00693895,0.48898037,0.00800000,0.800000,0.892971,0.021352,-0.49755819,2026-03-28,2026-08-04,41,228,202,130,0.315385,0.663603,0.674094,0.103953,,,,,,,,GLOBAL_BASELINE_NO_ENTITY_RANKING,,,NOT_APPLICABLE_GLOBAL_BASELINE,HF9g-P5,,,,X 全窗基线 · 不参与实体赏罚,3920447,393,A168_HF9F_20260827_0900,2026-08-27 09:00:00
2026-04-03,110102342,1115,0,965.5172413793,965.5172413793,973.2413793104,1.0000000,2,2,0.49324550000000000,0.493245500000,1.4334489766152358,1.4334489766152358,1.4334489766152358,0E-17,ELIGIBLE,R03b_20260811_FULL_v1,L1_ELIGIBILITY,v2026-08-11,2026-03-21..2026-08-06,baccarat_bet02_101_all_pairs_incl_sentinel,round_win = game_pnl > 0 (decisive only),COMPATIBILITY_ONLY_NOT_PRODUCTION,96567.1958,86231.7213,670.0753,281,280,-0.00693895,-0.48898037,0.00857782,-0.01408272,-670.0753,96567.1958,OK,689.8538,40.2045,6.0000,94.0000,AG03-UNRESOLVED,ALL5_LEVELS_bet23_to_bet27,40.2045,40.2045,40.2045,40.2045,40.2045,6.000000,6.000000,6.000000,6.000000,6.000000,94.000000,94.000000,94.000000,94.000000,94.000000,5.0,201.0226,178.3043,-220.8011,-198.0828,PENDING_AG03,FALSE,NOT_FOR_ENFORCEMENT,629.8708,81057.8180,-19.7785,-59.9830,-649.6493,-0.00020482,-0.00062115,40.2045,-59.9830,-0.00062115,40.2045,40.2045,40.2045,40.2045,40.2045,-59.9830,-0.00062115,201.0226,178.3043,-220.8011,-198.0828,-0.00228650,-0.00205124,-0.00672743,343.6555,307.9704,2.3931,16.3433,2.9389,2355.2975,6.8293,231.6562,349.0883,135.8696,203.8044,689.6552,689.6552,689.6552,689.6552,203.8044,0.0,3.383908,3.383908,1.686203,29,115,53,2,0.03118585,0.00693895,0.48898037,0.00800000,0.800000,0.892971,0.021352,-0.49755819,2026-03-28,2026-08-04,41,228,202,130,0.315385,0.663603,0.674094,0.103953,,,,,,,,GLOBAL_BASELINE_NO_ENTITY_RANKING,,,NOT_APPLICABLE_GLOBAL_BASELINE,HF9g-P5,,,,X 全窗基线 · 不参与实体赏罚,3920448,393,A168_HF9F_20260827_0900,2026-08-27 09:00:00
2026-04-03,110102342,1221,0,634.4827586207,-634.4827586207,-629.4068965517,0E-7,1,1,0.49324550000000000,0.493245500000,-0.9865810262130424,-0.9865810262130424,-0.9865810262130424,0E-17,ELIGIBLE,R03b_20260811_FULL_v1,L1_ELIGIBILITY,v2026-08-11,2026-03-21..2026-08-06,baccarat_bet02_101_all_pairs_incl_sentinel,round_win = game_pnl > 0 (decisive only),COMPATIBILITY_ONLY_NOT_PRODUCTION,96567.1958,86231.7213,670.0753,281,280,-0.00693895,-0.48898037,0.00857782,-0.01408272,-670.0753,96567.1958,OK,689.8538,40.2045,6.0000,94.0000,AG03-UNRESOLVED,ALL5_LEVELS_bet23_to_bet27,40.2045,40.2045,40.2045,40.2045,40.2045,6.000000,6.000000,6.000000,6.000000,6.000000,94.000000,94.000000,94.000000,94.000000,94.000000,5.0,201.0226,178.3043,-220.8011,-198.0828,PENDING_AG03,FALSE,NOT_FOR_ENFORCEMENT,629.8708,81057.8180,-19.7785,-59.9830,-649.6493,-0.00020482,-0.00062115,40.2045,-59.9830,-0.00062115,40.2045,40.2045,40.2045,40.2045,40.2045,-59.9830,-0.00062115,201.0226,178.3043,-220.8011,-198.0828,-0.00228650,-0.00205124,-0.00672743,343.6555,307.9704,2.3931,16.3433,2.9389,2355.2975,6.8293,231.6562,349.0883,135.8696,203.8044,689.6552,689.6552,689.6552,689.6552,203.8044,0.0,3.383908,3.383908,1.686203,29,115,53,2,0.03118585,0.00693895,0.48898037,0.00800000,0.800000,0.892971,0.021352,-0.49755819,2026-03-28,2026-08-04,41,228,202,130,0.315385,0.663603,0.674094,0.103953,,,,,,,,GLOBAL_BASELINE_NO_ENTITY_RANKING,,,NOT_APPLICABLE_GLOBAL_BASELINE,HF9g-P5,,,,X 全窗基线 · 不参与实体赏罚,3920449,393,A168_HF9F_20260827_0900,2026-08-27 09:00:00
2026-04-03,110102342,1374,0,2068.9655172414,689.6551724138,706.2068965517,0.6666667,3,3,0.49324550000000000,0.493245500000,0.6008033672792107,0.6008033672792106,0.6008033672792107,0E-17,ELIGIBLE,R03b_20260811_FULL_v1,L1_ELIGIBILITY,v2026-08-11,2026-03-21..2026-08-06,baccarat_bet02_101_all_pairs_incl_sentinel,round_win = game_pnl > 0 (decisive only),COMPATIBILITY_ONLY_NOT_PRODUCTION,96567.1958,86231.7213,670.0753,281,280,-0.00693895,-0.48898037,0.00857782,-0.01408272,-670.0753,96567.1958,OK,689.8538,40.2045,6.0000,94.0000,AG03-UNRESOLVED,ALL5_LEVELS_bet23_to_bet27,40.2045,40.2045,40.2045,40.2045,40.2045,6.000000,6.000000,6.000000,6.000000,6.000000,94.000000,94.000000,94.000000,94.000000,94.000000,5.0,201.0226,178.3043,-220.8011,-198.0828,PENDING_AG03,FALSE,NOT_FOR_ENFORCEMENT,629.8708,81057.8180,-19.7785,-59.9830,-649.6493,-0.00020482,-0.00062115,40.2045,-59.9830,-0.00062115,40.2045,40.2045,40.2045,40.2045,40.2045,-59.9830,-0.00062115,201.0226,178.3043,-220.8011,-198.0828,-0.00228650,-0.00205124,-0.00672743,343.6555,307.9704,2.3931,16.3433,2.9389,2355.2975,6.8293,231.6562,349.0883,135.8696,203.8044,689.6552,689.6552,689.6552,689.6552,203.8044,0.0,3.383908,3.383908,1.686203,29,115,53,2,0.03118585,0.00693895,0.48898037,0.00800000,0.800000,0.892971,0.021352,-0.49755819,2026-03-28,2026-08-04,41,228,202,130,0.315385,0.663603,0.674094,0.103953,,,,,,,,GLOBAL_BASELINE_NO_ENTITY_RANKING,,,NOT_APPLICABLE_GLOBAL_BASELINE,HF9g-P5,,,,X 全窗基线 · 不参与实体赏罚,3920450,393,A168_HF9F_20260827_0900,2026-08-27 09:00:00
2026-04-03,110102342,1382,0,689.6551724138,-689.6551724138,-684.1379310345,0E-7,1,1,0.49324550000000000,0.493245500000,-0.9865810262130424,-0.9865810262130424,-0.9865810262130424,0E-17,ELIGIBLE,R03b_20260811_FULL_v1,L1_ELIGIBILITY,v2026-08-11,2026-03-21..2026-08-06,baccarat_bet02_101_all_pairs_incl_sentinel,round_win = game_pnl > 0 (decisive only),COMPATIBILITY_ONLY_NOT_PRODUCTION,96567.1958,86231.7213,670.0753,281,280,-0.00693895,-0.48898037,0.00857782,-0.01408272,-670.0753,96567.1958,OK,689.8538,40.2045,6.0000,94.0000,AG03-UNRESOLVED,ALL5_LEVELS_bet23_to_bet27,40.2045,40.2045,40.2045,40.2045,40.2045,6.000000,6.000000,6.000000,6.000000,6.000000,94.000000,94.000000,94.000000,94.000000,94.000000,5.0,201.0226,178.3043,-220.8011,-198.0828,PENDING_AG03,FALSE,NOT_FOR_ENFORCEMENT,629.8708,81057.8180,-19.7785,-59.9830,-649.6493,-0.00020482,-0.00062115,40.2045,-59.9830,-0.00062115,40.2045,40.2045,40.2045,40.2045,40.2045,-59.9830,-0.00062115,201.0226,178.3043,-220.8011,-198.0828,-0.00228650,-0.00205124,-0.00672743,343.6555,307.9704,2.3931,16.3433,2.9389,2355.2975,6.8293,231.6562,349.0883,135.8696,203.8044,689.6552,689.6552,689.6552,689.6552,203.8044,0.0,3.383908,3.383908,1.686203,29,115,53,2,0.03118585,0.00693895,0.48898037,0.00800000,0.800000,0.892971,0.021352,-0.49755819,2026-03-28,2026-08-04,41,228,202,130,0.315385,0.663603,0.674094,0.103953,,,,,,,,GLOBAL_BASELINE_NO_ENTITY_RANKING,,,NOT_APPLICABLE_GLOBAL_BASELINE,HF9g-P5,,,,X 全窗基线 · 不参与实体赏罚,3920451,393,A168_HF9F_20260827_0900,2026-08-27 09:00:00
2026-04-03,110102342,1385,0,848.2758620690,848.2758620690,855.0620689655,1.0000000,2,2,0.49324550000000000,0.493245500000,1.4334489766152358,1.4334489766152358,1.4334489766152358,0E-17,ELIGIBLE,R03b_20260811_FULL_v1,L1_ELIGIBILITY,v2026-08-11,2026-03-21..2026-08-06,baccarat_bet02_101_all_pairs_incl_sentinel,round_win = game_pnl > 0 (decisive only),COMPATIBILITY_ONLY_NOT_PRODUCTION,96567.1958,86231.7213,670.0753,281,280,-0.00693895,-0.48898037,0.00857782,-0.01408272,-670.0753,96567.1958,OK,689.8538,40.2045,6.0000,94.0000,AG03-UNRESOLVED,ALL5_LEVELS_bet23_to_bet27,40.2045,40.2045,40.2045,40.2045,40.2045,6.000000,6.000000,6.000000,6.000000,6.000000,94.000000,94.000000,94.000000,94.000000,94.000000,5.0,201.0226,178.3043,-220.8011,-198.0828,PENDING_AG03,FALSE,NOT_FOR_ENFORCEMENT,629.8708,81057.8180,-19.7785,-59.9830,-649.6493,-0.00020482,-0.00062115,40.2045,-59.9830,-0.00062115,40.2045,40.2045,40.2045,40.2045,40.2045,-59.9830,-0.00062115,201.0226,178.3043,-220.8011,-198.0828,-0.00228650,-0.00205124,-0.00672743,343.6555,307.9704,2.3931,16.3433,2.9389,2355.2975,6.8293,231.6562,349.0883,135.8696,203.8044,689.6552,689.6552,689.6552,689.6552,203.8044,0.0,3.383908,3.383908,1.686203,29,115,53,2,0.03118585,0.00693895,0.48898037,0.00800000,0.800000,0.892971,0.021352,-0.49755819,2026-03-28,2026-08-04,41,228,202,130,0.315385,0.663603,0.674094,0.103953,,,,,,,,GLOBAL_BASELINE_NO_ENTITY_RANKING,,,NOT_APPLICABLE_GLOBAL_BASELINE,HF9g-P5,,,,X 全窗基线 · 不参与实体赏罚,3920452,393,A168_HF9F_20260827_0900,2026-08-27 09:00:00
2026-04-03,110102342,1400,0,689.6551724138,689.6551724138,695.1724137931,1.0000000,1,1,0.49324550000000000,0.493245500000,1.01360149184955,1.01360149184955,1.01360149184955,0E-17,ELIGIBLE,R03b_20260811_FULL_v1,L1_ELIGIBILITY,v2026-08-11,2026-03-21..2026-08-06,baccarat_bet02_101_all_pairs_incl_sentinel,round_win = game_pnl > 0 (decisive only),COMPATIBILITY_ONLY_NOT_PRODUCTION,96567.1958,86231.7213,670.0753,281,280,-0.00693895,-0.48898037,0.00857782,-0.01408272,-670.0753,96567.1958,OK,689.8538,40.2045,6.0000,94.0000,AG03-UNRESOLVED,ALL5_LEVELS_bet23_to_bet27,40.2045,40.2045,40.2045,40.2045,40.2045,6.000000,6.000000,6.000000,6.000000,6.000000,94.000000,94.000000,94.000000,94.000000,94.000000,5.0,201.0226,178.3043,-220.8011,-198.0828,PENDING_AG03,FALSE,NOT_FOR_ENFORCEMENT,629.8708,81057.8180,-19.7785,-59.9830,-649.6493,-0.00020482,-0.00062115,40.2045,-59.9830,-0.00062115,40.2045,40.2045,40.2045,40.2045,40.2045,-59.9830,-0.00062115,201.0226,178.3043,-220.8011,-198.0828,-0.00228650,-0.00205124,-0.00672743,343.6555,307.9704,2.3931,16.3433,2.9389,2355.2975,6.8293,231.6562,349.0883,135.8696,203.8044,689.6552,689.6552,689.6552,689.6552,203.8044,0.0,3.383908,3.383908,1.686203,29,115,53,2,0.03118585,0.00693895,0.48898037,0.00800000,0.800000,0.892971,0.021352,-0.49755819,2026-03-28,2026-08-04,41,228,202,130,0.315385,0.663603,0.674094,0.103953,,,,,,,,GLOBAL_BASELINE_NO_ENTITY_RANKING,,,NOT_APPLICABLE_GLOBAL_BASELINE,HF9g-P5,,,,X 全窗基线 · 不参与实体赏罚,3920453,393,A168_HF9F_20260827_0900,2026-08-27 09:00:00
2026-04-03,110102342,2093,0,1379.3103448276,0E-10,11.0344827586,0.5000000,2,2,0.49324550000000000,0.493245500000,0.01910635448239258,0.01910635448239258,0.01910635448239258,0E-17,ELIGIBLE,R03b_20260811_FULL_v1,L1_ELIGIBILITY,v2026-08-11,2026-03-21..2026-08-06,baccarat_bet02_101_all_pairs_incl_sentinel,round_win = game_pnl > 0 (decisive only),COMPATIBILITY_ONLY_NOT_PRODUCTION,96567.1958,86231.7213,670.0753,281,280,-0.00693895,-0.48898037,0.00857782,-0.01408272,-670.0753,96567.1958,OK,689.8538,40.2045,6.0000,94.0000,AG03-UNRESOLVED,ALL5_LEVELS_bet23_to_bet27,40.2045,40.2045,40.2045,40.2045,40.2045,6.000000,6.000000,6.000000,6.000000,6.000000,94.000000,94.000000,94.000000,94.000000,94.000000,5.0,201.0226,178.3043,-220.8011,-198.0828,PENDING_AG03,FALSE,NOT_FOR_ENFORCEMENT,629.8708,81057.8180,-19.7785,-59.9830,-649.6493,-0.00020482,-0.00062115,40.2045,-59.9830,-0.00062115,40.2045,40.2045,40.2045,40.2045,40.2045,-59.9830,-0.00062115,201.0226,178.3043,-220.8011,-198.0828,-0.00228650,-0.00205124,-0.00672743,343.6555,307.9704,2.3931,16.3433,2.9389,2355.2975,6.8293,231.6562,349.0883,135.8696,203.8044,689.6552,689.6552,689.6552,689.6552,203.8044,0.0,3.383908,3.383908,1.686203,29,115,53,2,0.03118585,0.00693895,0.48898037,0.00800000,0.800000,0.892971,0.021352,-0.49755819,2026-03-28,2026-08-04,41,228,202,130,0.315385,0.663603,0.674094,0.103953,,,,,,,,GLOBAL_BASELINE_NO_ENTITY_RANKING,,,NOT_APPLICABLE_GLOBAL_BASELINE,HF9g-P5,,,,X 全窗基线 · 不参与实体赏罚,3920454,393,A168_HF9F_20260827_0900,2026-08-27 09:00:00
2026-04-03,110102342,2108,0,689.6551724138,-689.6551724138,-684.1379310345,0E-7,1,1,0.49324550000000000,0.493245500000,-0.9865810262130424,-0.9865810262130424,-0.9865810262130424,0E-17,ELIGIBLE,R03b_20260811_FULL_v1,L1_ELIGIBILITY,v2026-08-11,2026-03-21..2026-08-06,baccarat_bet02_101_all_pairs_incl_sentinel,round_win = game_pnl > 0 (decisive only),COMPATIBILITY_ONLY_NOT_PRODUCTION,96567.1958,86231.7213,670.0753,281,280,-0.00693895,-0.48898037,0.00857782,-0.01408272,-670.0753,96567.1958,OK,689.8538,40.2045,6.0000,94.0000,AG03-UNRESOLVED,ALL5_LEVELS_bet23_to_bet27,40.2045,40.2045,40.2045,40.2045,40.2045,6.000000,6.000000,6.000000,6.000000,6.000000,94.000000,94.000000,94.000000,94.000000,94.000000,5.0,201.0226,178.3043,-220.8011,-198.0828,PENDING_AG03,FALSE,NOT_FOR_ENFORCEMENT,629.8708,81057.8180,-19.7785,-59.9830,-649.6493,-0.00020482,-0.00062115,40.2045,-59.9830,-0.00062115,40.2045,40.2045,40.2045,40.2045,40.2045,-59.9830,-0.00062115,201.0226,178.3043,-220.8011,-198.0828,-0.00228650,-0.00205124,-0.00672743,343.6555,307.9704,2.3931,16.3433,2.9389,2355.2975,6.8293,231.6562,349.0883,135.8696,203.8044,689.6552,689.6552,689.6552,689.6552,203.8044,0.0,3.383908,3.383908,1.686203,29,115,53,2,0.03118585,0.00693895,0.48898037,0.00800000,0.800000,0.892971,0.021352,-0.49755819,2026-03-28,2026-08-04,41,228,202,130,0.315385,0.663603,0.674094,0.103953,,,,,,,,GLOBAL_BASELINE_NO_ENTITY_RANKING,,,NOT_APPLICABLE_GLOBAL_BASELINE,HF9g-P5,,,,X 全窗基线 · 不参与实体赏罚,3920455,393,A168_HF9F_20260827_0900,2026-08-27 09:00:00
2026-04-03,110102342,2115,0,689.6551724138,689.6551724138,695.1724137931,1.0000000,1,1,0.49324550000000000,0.493245500000,1.01360149184955,1.01360149184955,1.01360149184955,0E-17,ELIGIBLE,R03b_20260811_FULL_v1,L1_ELIGIBILITY,v2026-08-11,2026-03-21..2026-08-06,baccarat_bet02_101_all_pairs_incl_sentinel,round_win = game_pnl > 0 (decisive only),COMPATIBILITY_ONLY_NOT_PRODUCTION,96567.1958,86231.7213,670.0753,281,280,-0.00693895,-0.48898037,0.00857782,-0.01408272,-670.0753,96567.1958,OK,689.8538,40.2045,6.0000,94.0000,AG03-UNRESOLVED,ALL5_LEVELS_bet23_to_bet27,40.2045,40.2045,40.2045,40.2045,40.2045,6.000000,6.000000,6.000000,6.000000,6.000000,94.000000,94.000000,94.000000,94.000000,94.000000,5.0,201.0226,178.3043,-220.8011,-198.0828,PENDING_AG03,FALSE,NOT_FOR_ENFORCEMENT,629.8708,81057.8180,-19.7785,-59.9830,-649.6493,-0.00020482,-0.00062115,40.2045,-59.9830,-0.00062115,40.2045,40.2045,40.2045,40.2045,40.2045,-59.9830,-0.00062115,201.0226,178.3043,-220.8011,-198.0828,-0.00228650,-0.00205124,-0.00672743,343.6555,307.9704,2.3931,16.3433,2.9389,2355.2975,6.8293,231.6562,349.0883,135.8696,203.8044,689.6552,689.6552,689.6552,689.6552,203.8044,0.0,3.383908,3.383908,1.686203,29,115,53,2,0.03118585,0.00693895,0.48898037,0.00800000,0.800000,0.892971,0.021352,-0.49755819,2026-03-28,2026-08-04,41,228,202,130,0.315385,0.663603,0.674094,0.103953,,,,,,,,GLOBAL_BASELINE_NO_ENTITY_RANKING,,,NOT_APPLICABLE_GLOBAL_BASELINE,HF9g-P5,,,,X 全窗基线 · 不参与实体赏罚,3920456,393,A168_HF9F_20260827_0900,2026-08-27 09:00:00
2026-04-03,110102342,2141,0,2413.7931034483,1586.2068965517,1600.0000000000,0.7500000,5,5,0.49324550000000000,0.493245500000,1.0271117246678039,1.0271117246678039,1.0271117246678039,0E-17,ELIGIBLE,R03b_20260811_FULL_v1,L1_ELIGIBILITY,v2026-08-11,2026-03-21..2026-08-06,baccarat_bet02_101_all_pairs_incl_sentinel,round_win = game_pnl > 0 (decisive only),COMPATIBILITY_ONLY_NOT_PRODUCTION,96567.1958,86231.7213,670.0753,281,280,-0.00693895,-0.48898037,0.00857782,-0.01408272,-670.0753,96567.1958,OK,689.8538,40.2045,6.0000,94.0000,AG03-UNRESOLVED,ALL5_LEVELS_bet23_to_bet27,40.2045,40.2045,40.2045,40.2045,40.2045,6.000000,6.000000,6.000000,6.000000,6.000000,94.000000,94.000000,94.000000,94.000000,94.000000,5.0,201.0226,178.3043,-220.8011,-198.0828,PENDING_AG03,FALSE,NOT_FOR_ENFORCEMENT,629.8708,81057.8180,-19.7785,-59.9830,-649.6493,-0.00020482,-0.00062115,40.2045,-59.9830,-0.00062115,40.2045,40.2045,40.2045,40.2045,40.2045,-59.9830,-0.00062115,201.0226,178.3043,-220.8011,-198.0828,-0.00228650,-0.00205124,-0.00672743,343.6555,307.9704,2.3931,16.3433,2.9389,2355.2975,6.8293,231.6562,349.0883,135.8696,203.8044,689.6552,689.6552,689.6552,689.6552,203.8044,0.0,3.383908,3.383908,1.686203,29,115,53,2,0.03118585,0.00693895,0.48898037,0.00800000,0.800000,0.892971,0.021352,-0.49755819,2026-03-28,2026-08-04,41,228,202,130,0.315385,0.663603,0.674094,0.103953,,,,,,,,GLOBAL_BASELINE_NO_ENTITY_RANKING,,,NOT_APPLICABLE_GLOBAL_BASELINE,HF9g-P5,,,,X 全窗基线 · 不参与实体赏罚,3920457,393,A168_HF9F_20260827_0900,2026-08-27 09:00:00
2026-04-03,110102342,2153,0,689.6551724138,-689.6551724138,-684.1379310345,0E-7,1,1,0.49324550000000000,0.493245500000,-0.9865810262130424,-0.9865810262130424,-0.9865810262130424,0E-17,ELIGIBLE,R03b_20260811_FULL_v1,L1_ELIGIBILITY,v2026-08-11,2026-03-21..2026-08-06,baccarat_bet02_101_all_pairs_incl_sentinel,round_win = game_pnl > 0 (decisive only),COMPATIBILITY_ONLY_NOT_PRODUCTION,96567.1958,86231.7213,670.0753,281,280,-0.00693895,-0.48898037,0.00857782,-0.01408272,-670.0753,96567.1958,OK,689.8538,40.2045,6.0000,94.0000,AG03-UNRESOLVED,ALL5_LEVELS_bet23_to_bet27,40.2045,40.2045,40.2045,40.2045,40.2045,6.000000,6.000000,6.000000,6.000000,6.000000,94.000000,94.000000,94.000000,94.000000,94.000000,5.0,201.0226,178.3043,-220.8011,-198.0828,PENDING_AG03,FALSE,NOT_FOR_ENFORCEMENT,629.8708,81057.8180,-19.7785,-59.9830,-649.6493,-0.00020482,-0.00062115,40.2045,-59.9830,-0.00062115,40.2045,40.2045,40.2045,40.2045,40.2045,-59.9830,-0.00062115,201.0226,178.3043,-220.8011,-198.0828,-0.00228650,-0.00205124,-0.00672743,343.6555,307.9704,2.3931,16.3433,2.9389,2355.2975,6.8293,231.6562,349.0883,135.8696,203.8044,689.6552,689.6552,689.6552,689.6552,203.8044,0.0,3.383908,3.383908,1.686203,29,115,53,2,0.03118585,0.00693895,0.48898037,0.00800000,0.800000,0.892971,0.021352,-0.49755819,2026-03-28,2026-08-04,41,228,202,130,0.315385,0.663603,0.674094,0.103953,,,,,,,,GLOBAL_BASELINE_NO_ENTITY_RANKING,,,NOT_APPLICABLE_GLOBAL_BASELINE,HF9g-P5,,,,X 全窗基线 · 不参与实体赏罚,3920458,393,A168_HF9F_20260827_0900,2026-08-27 09:00:00
2026-04-03,110102342,2160,0,689.6551724138,-689.6551724138,-684.1379310345,0E-7,1,1,0.49324550000000000,0.493245500000,-0.9865810262130424,-0.9865810262130424,-0.9865810262130424,0E-17,ELIGIBLE,R03b_20260811_FULL_v1,L1_ELIGIBILITY,v2026-08-11,2026-03-21..2026-08-06,baccarat_bet02_101_all_pairs_incl_sentinel,round_win = game_pnl > 0 (decisive only),COMPATIBILITY_ONLY_NOT_PRODUCTION,96567.1958,86231.7213,670.0753,281,280,-0.00693895,-0.48898037,0.00857782,-0.01408272,-670.0753,96567.1958,OK,689.8538,40.2045,6.0000,94.0000,AG03-UNRESOLVED,ALL5_LEVELS_bet23_to_bet27,40.2045,40.2045,40.2045,40.2045,40.2045,6.000000,6.000000,6.000000,6.000000,6.000000,94.000000,94.000000,94.000000,94.000000,94.000000,5.0,201.0226,178.3043,-220.8011,-198.0828,PENDING_AG03,FALSE,NOT_FOR_ENFORCEMENT,629.8708,81057.8180,-19.7785,-59.9830,-649.6493,-0.00020482,-0.00062115,40.2045,-59.9830,-0.00062115,40.2045,40.2045,40.2045,40.2045,40.2045,-59.9830,-0.00062115,201.0226,178.3043,-220.8011,-198.0828,-0.00228650,-0.00205124,-0.00672743,343.6555,307.9704,2.3931,16.3433,2.9389,2355.2975,6.8293,231.6562,349.0883,135.8696,203.8044,689.6552,689.6552,689.6552,689.6552,203.8044,0.0,3.383908,3.383908,1.686203,29,115,53,2,0.03118585,0.00693895,0.48898037,0.00800000,0.800000,0.892971,0.021352,-0.49755819,2026-03-28,2026-08-04,41,228,202,130,0.315385,0.663603,0.674094,0.103953,,,,,,,,GLOBAL_BASELINE_NO_ENTITY_RANKING,,,NOT_APPLICABLE_GLOBAL_BASELINE,HF9g-P5,,,,X 全窗基线 · 不参与实体赏罚,3920459,393,A168_HF9F_20260827_0900,2026-08-27 09:00:00
2026-04-03,110102342,2216,0,689.6551724138,-689.6551724138,-684.1379310345,0E-7,1,1,0.49324550000000000,0.493245500000,-0.9865810262130424,-0.9865810262130424,-0.9865810262130424,0E-17,ELIGIBLE,R03b_20260811_FULL_v1,L1_ELIGIBILITY,v2026-08-11,2026-03-21..2026-08-06,baccarat_bet02_101_all_pairs_incl_sentinel,round_win = game_pnl > 0 (decisive only),COMPATIBILITY_ONLY_NOT_PRODUCTION,96567.1958,86231.7213,670.0753,281,280,-0.00693895,-0.48898037,0.00857782,-0.01408272,-670.0753,96567.1958,OK,689.8538,40.2045,6.0000,94.0000,AG03-UNRESOLVED,ALL5_LEVELS_bet23_to_bet27,40.2045,40.2045,40.2045,40.2045,40.2045,6.000000,6.000000,6.000000,6.000000,6.000000,94.000000,94.000000,94.000000,94.000000,94.000000,5.0,201.0226,178.3043,-220.8011,-198.0828,PENDING_AG03,FALSE,NOT_FOR_ENFORCEMENT,629.8708,81057.8180,-19.7785,-59.9830,-649.6493,-0.00020482,-0.00062115,40.2045,-59.9830,-0.00062115,40.2045,40.2045,40.2045,40.2045,40.2045,-59.9830,-0.00062115,201.0226,178.3043,-220.8011,-198.0828,-0.00228650,-0.00205124,-0.00672743,343.6555,307.9704,2.3931,16.3433,2.9389,2355.2975,6.8293,231.6562,349.0883,135.8696,203.8044,689.6552,689.6552,689.6552,689.6552,203.8044,0.0,3.383908,3.383908,1.686203,29,115,53,2,0.03118585,0.00693895,0.48898037,0.00800000,0.800000,0.892971,0.021352,-0.49755819,2026-03-28,2026-08-04,41,228,202,130,0.315385,0.663603,0.674094,0.103953,,,,,,,,GLOBAL_BASELINE_NO_ENTITY_RANKING,,,NOT_APPLICABLE_GLOBAL_BASELINE,HF9g-P5,,,,X 全窗基线 · 不参与实体赏罚,3920460,393,A168_HF9F_20260827_0900,2026-08-27 09:00:00
2026-04-03,110102342,2220,0,689.6551724138,689.6551724138,695.1724137931,1.0000000,1,1,0.49324550000000000,0.493245500000,1.01360149184955,1.01360149184955,1.01360149184955,0E-17,ELIGIBLE,R03b_20260811_FULL_v1,L1_ELIGIBILITY,v2026-08-11,2026-03-21..2026-08-06,baccarat_bet02_101_all_pairs_incl_sentinel,round_win = game_pnl > 0 (decisive only),COMPATIBILITY_ONLY_NOT_PRODUCTION,96567.1958,86231.7213,670.0753,281,280,-0.00693895,-0.48898037,0.00857782,-0.01408272,-670.0753,96567.1958,OK,689.8538,40.2045,6.0000,94.0000,AG03-UNRESOLVED,ALL5_LEVELS_bet23_to_bet27,40.2045,40.2045,40.2045,40.2045,40.2045,6.000000,6.000000,6.000000,6.000000,6.000000,94.000000,94.000000,94.000000,94.000000,94.000000,5.0,201.0226,178.3043,-220.8011,-198.0828,PENDING_AG03,FALSE,NOT_FOR_ENFORCEMENT,629.8708,81057.8180,-19.7785,-59.9830,-649.6493,-0.00020482,-0.00062115,40.2045,-59.9830,-0.00062115,40.2045,40.2045,40.2045,40.2045,40.2045,-59.9830,-0.00062115,201.0226,178.3043,-220.8011,-198.0828,-0.00228650,-0.00205124,-0.00672743,343.6555,307.9704,2.3931,16.3433,2.9389,2355.2975,6.8293,231.6562,349.0883,135.8696,203.8044,689.6552,689.6552,689.6552,689.6552,203.8044,0.0,3.383908,3.383908,1.686203,29,115,53,2,0.03118585,0.00693895,0.48898037,0.00800000,0.800000,0.892971,0.021352,-0.49755819,2026-03-28,2026-08-04,41,228,202,130,0.315385,0.663603,0.674094,0.103953,,,,,,,,GLOBAL_BASELINE_NO_ENTITY_RANKING,,,NOT_APPLICABLE_GLOBAL_BASELINE,HF9g-P5,,,,X 全窗基线 · 不参与实体赏罚,3920461,393,A168_HF9F_20260827_0900,2026-08-27 09:00:00
2026-04-03,110102342,2242,0,689.6551724138,689.6551724138,695.1724137931,1.0000000,1,1,0.49324550000000000,0.493245500000,1.01360149184955,1.01360149184955,1.01360149184955,0E-17,ELIGIBLE,R03b_20260811_FULL_v1,L1_ELIGIBILITY,v2026-08-11,2026-03-21..2026-08-06,baccarat_bet02_101_all_pairs_incl_sentinel,round_win = game_pnl > 0 (decisive only),COMPATIBILITY_ONLY_NOT_PRODUCTION,96567.1958,86231.7213,670.0753,281,280,-0.00693895,-0.48898037,0.00857782,-0.01408272,-670.0753,96567.1958,OK,689.8538,40.2045,6.0000,94.0000,AG03-UNRESOLVED,ALL5_LEVELS_bet23_to_bet27,40.2045,40.2045,40.2045,40.2045,40.2045,6.000000,6.000000,6.000000,6.000000,6.000000,94.000000,94.000000,94.000000,94.000000,94.000000,5.0,201.0226,178.3043,-220.8011,-198.0828,PENDING_AG03,FALSE,NOT_FOR_ENFORCEMENT,629.8708,81057.8180,-19.7785,-59.9830,-649.6493,-0.00020482,-0.00062115,40.2045,-59.9830,-0.00062115,40.2045,40.2045,40.2045,40.2045,40.2045,-59.9830,-0.00062115,201.0226,178.3043,-220.8011,-198.0828,-0.00228650,-0.00205124,-0.00672743,343.6555,307.9704,2.3931,16.3433,2.9389,2355.2975,6.8293,231.6562,349.0883,135.8696,203.8044,689.6552,689.6552,689.6552,689.6552,203.8044,0.0,3.383908,3.383908,1.686203,29,115,53,2,0.03118585,0.00693895,0.48898037,0.00800000,0.800000,0.892971,0.021352,-0.49755819,2026-03-28,2026-08-04,41,228,202,130,0.315385,0.663603,0.674094,0.103953,,,,,,,,GLOBAL_BASELINE_NO_ENTITY_RANKING,,,NOT_APPLICABLE_GLOBAL_BASELINE,HF9g-P5,,,,X 全窗基线 · 不参与实体赏罚,3920462,393,A168_HF9F_20260827_0900,2026-08-27 09:00:00
2026-04-03,110102342,2264,0,1379.3103448276,-1379.3103448276,-1368.2758620690,0E-7,2,2,0.49324550000000000,0.493245500000,-1.3952362676504506,-1.3952362676504506,-1.3952362676504506,0E-17,ELIGIBLE,R03b_20260811_FULL_v1,L1_ELIGIBILITY,v2026-08-11,2026-03-21..2026-08-06,baccarat_bet02_101_all_pairs_incl_sentinel,round_win = game_pnl > 0 (decisive only),COMPATIBILITY_ONLY_NOT_PRODUCTION,96567.1958,86231.7213,670.0753,281,280,-0.00693895,-0.48898037,0.00857782,-0.01408272,-670.0753,96567.1958,OK,689.8538,40.2045,6.0000,94.0000,AG03-UNRESOLVED,ALL5_LEVELS_bet23_to_bet27,40.2045,40.2045,40.2045,40.2045,40.2045,6.000000,6.000000,6.000000,6.000000,6.000000,94.000000,94.000000,94.000000,94.000000,94.000000,5.0,201.0226,178.3043,-220.8011,-198.0828,PENDING_AG03,FALSE,NOT_FOR_ENFORCEMENT,629.8708,81057.8180,-19.7785,-59.9830,-649.6493,-0.00020482,-0.00062115,40.2045,-59.9830,-0.00062115,40.2045,40.2045,40.2045,40.2045,40.2045,-59.9830,-0.00062115,201.0226,178.3043,-220.8011,-198.0828,-0.00228650,-0.00205124,-0.00672743,343.6555,307.9704,2.3931,16.3433,2.9389,2355.2975,6.8293,231.6562,349.0883,135.8696,203.8044,689.6552,689.6552,689.6552,689.6552,203.8044,0.0,3.383908,3.383908,1.686203,29,115,53,2,0.03118585,0.00693895,0.48898037,0.00800000,0.800000,0.892971,0.021352,-0.49755819,2026-03-28,2026-08-04,41,228,202,130,0.315385,0.663603,0.674094,0.103953,,,,,,,,GLOBAL_BASELINE_NO_ENTITY_RANKING,,,NOT_APPLICABLE_GLOBAL_BASELINE,HF9g-P5,,,,X 全窗基线 · 不参与实体赏罚,3920463,393,A168_HF9F_20260827_0900,2026-08-27 09:00:00
2026-04-03,110102342,789,0,689.6551724138,-689.6551724138,-684.1379310345,0E-7,1,1,0.49324550000000000,0.493245500000,-0.9865810262130424,-0.9865810262130424,-0.9865810262130424,0E-17,ELIGIBLE,R03b_20260811_FULL_v1,L1_ELIGIBILITY,v2026-08-11,2026-03-21..2026-08-06,baccarat_bet02_101_all_pairs_incl_sentinel,round_win = game_pnl > 0 (decisive only),COMPATIBILITY_ONLY_NOT_PRODUCTION,96567.1958,86231.7213,670.0753,281,280,-0.00693895,-0.48898037,0.00857782,-0.01408272,-670.0753,96567.1958,OK,689.8538,40.2045,6.0000,94.0000,AG03-UNRESOLVED,ALL5_LEVELS_bet23_to_bet27,40.2045,40.2045,40.2045,40.2045,40.2045,6.000000,6.000000,6.000000,6.000000,6.000000,94.000000,94.000000,94.000000,94.000000,94.000000,5.0,201.0226,178.3043,-220.8011,-198.0828,PENDING_AG03,FALSE,NOT_FOR_ENFORCEMENT,629.8708,81057.8180,-19.7785,-59.9830,-649.6493,-0.00020482,-0.00062115,40.2045,-59.9830,-0.00062115,40.2045,40.2045,40.2045,40.2045,40.2045,-59.9830,-0.00062115,201.0226,178.3043,-220.8011,-198.0828,-0.00228650,-0.00205124,-0.00672743,343.6555,307.9704,2.3931,16.3433,2.9389,2355.2975,6.8293,231.6562,349.0883,135.8696,203.8044,689.6552,689.6552,689.6552,689.6552,203.8044,0.0,3.383908,3.383908,1.686203,29,115,53,2,0.03118585,0.00693895,0.48898037,0.00800000,0.800000,0.892971,0.021352,-0.49755819,2026-03-28,2026-08-04,41,228,202,130,0.315385,0.663603,0.674094,0.103953,,,,,,,,GLOBAL_BASELINE_NO_ENTITY_RANKING,,,NOT_APPLICABLE_GLOBAL_BASELINE,HF9g-P5,,,,X 全窗基线 · 不参与实体赏罚,3920464,393,A168_HF9F_20260827_0900,2026-08-27 09:00:00
2026-04-03,110102342,987,0,344.8275862069,344.8275862069,347.5862068966,1.0000000,1,1,0.49324550000000000,0.493245500000,1.01360149184955,1.01360149184955,1.01360149184955,0E-17,ELIGIBLE,R03b_20260811_FULL_v1,L1_ELIGIBILITY,v2026-08-11,2026-03-21..2026-08-06,baccarat_bet02_101_all_pairs_incl_sentinel,round_win = game_pnl > 0 (decisive only),COMPATIBILITY_ONLY_NOT_PRODUCTION,96567.1958,86231.7213,670.0753,281,280,-0.00693895,-0.48898037,0.00857782,-0.01408272,-670.0753,96567.1958,OK,689.8538,40.2045,6.0000,94.0000,AG03-UNRESOLVED,ALL5_LEVELS_bet23_to_bet27,40.2045,40.2045,40.2045,40.2045,40.2045,6.000000,6.000000,6.000000,6.000000,6.000000,94.000000,94.000000,94.000000,94.000000,94.000000,5.0,201.0226,178.3043,-220.8011,-198.0828,PENDING_AG03,FALSE,NOT_FOR_ENFORCEMENT,629.8708,81057.8180,-19.7785,-59.9830,-649.6493,-0.00020482,-0.00062115,40.2045,-59.9830,-0.00062115,40.2045,40.2045,40.2045,40.2045,40.2045,-59.9830,-0.00062115,201.0226,178.3043,-220.8011,-198.0828,-0.00228650,-0.00205124,-0.00672743,343.6555,307.9704,2.3931,16.3433,2.9389,2355.2975,6.8293,231.6562,349.0883,135.8696,203.8044,689.6552,689.6552,689.6552,689.6552,203.8044,0.0,3.383908,3.383908,1.686203,29,115,53,2,0.03118585,0.00693895,0.48898037,0.00800000,0.800000,0.892971,0.021352,-0.49755819,2026-03-28,2026-08-04,41,228,202,130,0.315385,0.663603,0.674094,0.103953,,,,,,,,GLOBAL_BASELINE_NO_ENTITY_RANKING,,,NOT_APPLICABLE_GLOBAL_BASELINE,HF9g-P5,,,,X 全窗基线 · 不参与实体赏罚,3920465,393,A168_HF9F_20260827_0900,2026-08-27 09:00:00
2026-04-04,110102342,1302,0,689.6551724138,-689.6551724138,-684.1379310345,0E-7,1,1,0.49324550000000000,0.493245500000,-0.9865810262130424,-0.9865810262130424,-0.9865810262130424,0E-17,ELIGIBLE,R03b_20260811_FULL_v1,L1_ELIGIBILITY,v2026-08-11,2026-03-21..2026-08-06,baccarat_bet02_101_all_pairs_incl_sentinel,round_win = game_pnl > 0 (decisive only),COMPATIBILITY_ONLY_NOT_PRODUCTION,96567.1958,86231.7213,670.0753,281,280,-0.00693895,-0.48898037,0.00857782,-0.01408272,-670.0753,96567.1958,OK,689.8538,40.2045,6.0000,94.0000,AG03-UNRESOLVED,ALL5_LEVELS_bet23_to_bet27,40.2045,40.2045,40.2045,40.2045,40.2045,6.000000,6.000000,6.000000,6.000000,6.000000,94.000000,94.000000,94.000000,94.000000,94.000000,5.0,201.0226,178.3043,-220.8011,-198.0828,PENDING_AG03,FALSE,NOT_FOR_ENFORCEMENT,629.8708,81057.8180,-19.7785,-59.9830,-649.6493,-0.00020482,-0.00062115,40.2045,-59.9830,-0.00062115,40.2045,40.2045,40.2045,40.2045,40.2045,-59.9830,-0.00062115,201.0226,178.3043,-220.8011,-198.0828,-0.00228650,-0.00205124,-0.00672743,343.6555,307.9704,2.3931,16.3433,2.9389,2355.2975,6.8293,231.6562,349.0883,135.8696,203.8044,689.6552,689.6552,689.6552,689.6552,203.8044,0.0,3.383908,3.383908,1.686203,29,115,53,2,0.03118585,0.00693895,0.48898037,0.00800000,0.800000,0.892971,0.021352,-0.49755819,2026-03-28,2026-08-04,41,228,202,130,0.315385,0.663603,0.674094,0.103953,,,,,,,,GLOBAL_BASELINE_NO_ENTITY_RANKING,,,NOT_APPLICABLE_GLOBAL_BASELINE,HF9g-P5,,,,X 全窗基线 · 不参与实体赏罚,3920466,393,A168_HF9F_20260827_0900,2026-08-27 09:00:00
2026-04-04,110102342,2121,0,1379.3103448276,0E-10,11.0344827586,0.5000000,2,2,0.49324550000000000,0.493245500000,0.01910635448239258,0.01910635448239258,0.01910635448239258,0E-17,ELIGIBLE,R03b_20260811_FULL_v1,L1_ELIGIBILITY,v2026-08-11,2026-03-21..2026-08-06,baccarat_bet02_101_all_pairs_incl_sentinel,round_win = game_pnl > 0 (decisive only),COMPATIBILITY_ONLY_NOT_PRODUCTION,96567.1958,86231.7213,670.0753,281,280,-0.00693895,-0.48898037,0.00857782,-0.01408272,-670.0753,96567.1958,OK,689.8538,40.2045,6.0000,94.0000,AG03-UNRESOLVED,ALL5_LEVELS_bet23_to_bet27,40.2045,40.2045,40.2045,40.2045,40.2045,6.000000,6.000000,6.000000,6.000000,6.000000,94.000000,94.000000,94.000000,94.000000,94.000000,5.0,201.0226,178.3043,-220.8011,-198.0828,PENDING_AG03,FALSE,NOT_FOR_ENFORCEMENT,629.8708,81057.8180,-19.7785,-59.9830,-649.6493,-0.00020482,-0.00062115,40.2045,-59.9830,-0.00062115,40.2045,40.2045,40.2045,40.2045,40.2045,-59.9830,-0.00062115,201.0226,178.3043,-220.8011,-198.0828,-0.00228650,-0.00205124,-0.00672743,343.6555,307.9704,2.3931,16.3433,2.9389,2355.2975,6.8293,231.6562,349.0883,135.8696,203.8044,689.6552,689.6552,689.6552,689.6552,203.8044,0.0,3.383908,3.383908,1.686203,29,115,53,2,0.03118585,0.00693895,0.48898037,0.00800000,0.800000,0.892971,0.021352,-0.49755819,2026-03-28,2026-08-04,41,228,202,130,0.315385,0.663603,0.674094,0.103953,,,,,,,,GLOBAL_BASELINE_NO_ENTITY_RANKING,,,NOT_APPLICABLE_GLOBAL_BASELINE,HF9g-P5,,,,X 全窗基线 · 不参与实体赏罚,3920467,393,A168_HF9F_20260827_0900,2026-08-27 09:00:00
2026-04-04,110102342,2123,0,89.6551724138,-89.6551724138,-88.9379310345,0E-7,1,1,0.49324550000000000,0.493245500000,-0.9865810262130424,-0.9865810262130424,-0.9865810262130424,0E-17,ELIGIBLE,R03b_20260811_FULL_v1,L1_ELIGIBILITY,v2026-08-11,2026-03-21..2026-08-06,baccarat_bet02_101_all_pairs_incl_sentinel,round_win = game_pnl > 0 (decisive only),COMPATIBILITY_ONLY_NOT_PRODUCTION,96567.1958,86231.7213,670.0753,281,280,-0.00693895,-0.48898037,0.00857782,-0.01408272,-670.0753,96567.1958,OK,689.8538,40.2045,6.0000,94.0000,AG03-UNRESOLVED,ALL5_LEVELS_bet23_to_bet27,40.2045,40.2045,40.2045,40.2045,40.2045,6.000000,6.000000,6.000000,6.000000,6.000000,94.000000,94.000000,94.000000,94.000000,94.000000,5.0,201.0226,178.3043,-220.8011,-198.0828,PENDING_AG03,FALSE,NOT_FOR_ENFORCEMENT,629.8708,81057.8180,-19.7785,-59.9830,-649.6493,-0.00020482,-0.00062115,40.2045,-59.9830,-0.00062115,40.2045,40.2045,40.2045,40.2045,40.2045,-59.9830,-0.00062115,201.0226,178.3043,-220.8011,-198.0828,-0.00228650,-0.00205124,-0.00672743,343.6555,307.9704,2.3931,16.3433,2.9389,2355.2975,6.8293,231.6562,349.0883,135.8696,203.8044,689.6552,689.6552,689.6552,689.6552,203.8044,0.0,3.383908,3.383908,1.686203,29,115,53,2,0.03118585,0.00693895,0.48898037,0.00800000,0.800000,0.892971,0.021352,-0.49755819,2026-03-28,2026-08-04,41,228,202,130,0.315385,0.663603,0.674094,0.103953,,,,,,,,GLOBAL_BASELINE_NO_ENTITY_RANKING,,,NOT_APPLICABLE_GLOBAL_BASELINE,HF9g-P5,,,,X 全窗基线 · 不参与实体赏罚,3920468,393,A168_HF9F_20260827_0900,2026-08-27 09:00:00
2026-04-04,110102342,2127,0,1379.3103448276,0E-10,11.0344827586,0.5000000,2,2,0.49324550000000000,0.493245500000,0.01910635448239258,0.01910635448239258,0.01910635448239258,0E-17,ELIGIBLE,R03b_20260811_FULL_v1,L1_ELIGIBILITY,v2026-08-11,2026-03-21..2026-08-06,baccarat_bet02_101_all_pairs_incl_sentinel,round_win = game_pnl > 0 (decisive only),COMPATIBILITY_ONLY_NOT_PRODUCTION,96567.1958,86231.7213,670.0753,281,280,-0.00693895,-0.48898037,0.00857782,-0.01408272,-670.0753,96567.1958,OK,689.8538,40.2045,6.0000,94.0000,AG03-UNRESOLVED,ALL5_LEVELS_bet23_to_bet27,40.2045,40.2045,40.2045,40.2045,40.2045,6.000000,6.000000,6.000000,6.000000,6.000000,94.000000,94.000000,94.000000,94.000000,94.000000,5.0,201.0226,178.3043,-220.8011,-198.0828,PENDING_AG03,FALSE,NOT_FOR_ENFORCEMENT,629.8708,81057.8180,-19.7785,-59.9830,-649.6493,-0.00020482,-0.00062115,40.2045,-59.9830,-0.00062115,40.2045,40.2045,40.2045,40.2045,40.2045,-59.9830,-0.00062115,201.0226,178.3043,-220.8011,-198.0828,-0.00228650,-0.00205124,-0.00672743,343.6555,307.9704,2.3931,16.3433,2.9389,2355.2975,6.8293,231.6562,349.0883,135.8696,203.8044,689.6552,689.6552,689.6552,689.6552,203.8044,0.0,3.383908,3.383908,1.686203,29,115,53,2,0.03118585,0.00693895,0.48898037,0.00800000,0.800000,0.892971,0.021352,-0.49755819,2026-03-28,2026-08-04,41,228,202,130,0.315385,0.663603,0.674094,0.103953,,,,,,,,GLOBAL_BASELINE_NO_ENTITY_RANKING,,,NOT_APPLICABLE_GLOBAL_BASELINE,HF9g-P5,,,,X 全窗基线 · 不参与实体赏罚,3920469,393,A168_HF9F_20260827_0900,2026-08-27 09:00:00
2026-04-04,110102342,2167,0,689.6551724138,0E-10,0E-10,,1,1,0.49324550000000000,0.493245500000,,,,0E-17,NO_DECISIVE_ROUND,R03b_20260811_FULL_v1,L1_ELIGIBILITY,v2026-08-11,2026-03-21..2026-08-06,baccarat_bet02_101_all_pairs_incl_sentinel,round_win = game_pnl > 0 (decisive only),COMPATIBILITY_ONLY_NOT_PRODUCTION,96567.1958,86231.7213,670.0753,281,280,-0.00693895,-0.48898037,0.00857782,-0.01408272,-670.0753,96567.1958,OK,689.8538,40.2045,6.0000,94.0000,AG03-UNRESOLVED,ALL5_LEVELS_bet23_to_bet27,40.2045,40.2045,40.2045,40.2045,40.2045,6.000000,6.000000,6.000000,6.000000,6.000000,94.000000,94.000000,94.000000,94.000000,94.000000,5.0,201.0226,178.3043,-220.8011,-198.0828,PENDING_AG03,FALSE,NOT_FOR_ENFORCEMENT,629.8708,81057.8180,-19.7785,-59.9830,-649.6493,-0.00020482,-0.00062115,40.2045,-59.9830,-0.00062115,40.2045,40.2045,40.2045,40.2045,40.2045,-59.9830,-0.00062115,201.0226,178.3043,-220.8011,-198.0828,-0.00228650,-0.00205124,-0.00672743,343.6555,307.9704,2.3931,16.3433,2.9389,2355.2975,6.8293,231.6562,349.0883,135.8696,203.8044,689.6552,689.6552,689.6552,689.6552,203.8044,0.0,3.383908,3.383908,1.686203,29,115,53,2,0.03118585,0.00693895,0.48898037,0.00800000,0.800000,0.892971,0.021352,-0.49755819,2026-03-28,2026-08-04,41,228,202,130,0.315385,0.663603,0.674094,0.103953,,,,,,,,GLOBAL_BASELINE_NO_ENTITY_RANKING,,,NOT_APPLICABLE_GLOBAL_BASELINE,HF9g-P5,,,,X 全窗基线 · 不参与实体赏罚,3920470,393,A168_HF9F_20260827_0900,2026-08-27 09:00:00
2026-04-06,110102342,1942,0,137.9310344828,-137.9310344828,-136.8275862069,0E-7,1,1,0.49324550000000000,0.493245500000,-0.9865810262130424,-0.9865810262130424,-0.9865810262130424,0E-17,ELIGIBLE,R03b_20260811_FULL_v1,L1_ELIGIBILITY,v2026-08-11,2026-03-21..2026-08-06,baccarat_bet02_101_all_pairs_incl_sentinel,round_win = game_pnl > 0 (decisive only),COMPATIBILITY_ONLY_NOT_PRODUCTION,96567.1958,86231.7213,670.0753,281,280,-0.00693895,-0.48898037,0.00857782,-0.01408272,-670.0753,96567.1958,OK,689.8538,40.2045,6.0000,94.0000,AG03-UNRESOLVED,ALL5_LEVELS_bet23_to_bet27,40.2045,40.2045,40.2045,40.2045,40.2045,6.000000,6.000000,6.000000,6.000000,6.000000,94.000000,94.000000,94.000000,94.000000,94.000000,5.0,201.0226,178.3043,-220.8011,-198.0828,PENDING_AG03,FALSE,NOT_FOR_ENFORCEMENT,629.8708,81057.8180,-19.7785,-59.9830,-649.6493,-0.00020482,-0.00062115,40.2045,-59.9830,-0.00062115,40.2045,40.2045,40.2045,40.2045,40.2045,-59.9830,-0.00062115,201.0226,178.3043,-220.8011,-198.0828,-0.00228650,-0.00205124,-0.00672743,343.6555,307.9704,2.3931,16.3433,2.9389,2355.2975,6.8293,231.6562,349.0883,135.8696,203.8044,689.6552,689.6552,689.6552,689.6552,203.8044,0.0,3.383908,3.383908,1.686203,29,115,53,2,0.03118585,0.00693895,0.48898037,0.00800000,0.800000,0.892971,0.021352,-0.49755819,2026-03-28,2026-08-04,41,228,202,130,0.315385,0.663603,0.674094,0.103953,,,,,,,,GLOBAL_BASELINE_NO_ENTITY_RANKING,,,NOT_APPLICABLE_GLOBAL_BASELINE,HF9g-P5,,,,X 全窗基线 · 不参与实体赏罚,3920471,393,A168_HF9F_20260827_0900,2026-08-27 09:00:00
2026-04-07,110102342,-1,1,2758.6206896552,-2758.6206896552,-2736.5517241380,0E-7,4,4,0.49324550000000000,0.493245500000,-1.973162052426085,-1.973162052426085,-1.973162052426085,0E-17,SENTINEL_DEALER,R03b_20260811_FULL_v1,L1_ELIGIBILITY,v2026-08-11,2026-03-21..2026-08-06,baccarat_bet02_101_all_pairs_incl_sentinel,round_win = game_pnl > 0 (decisive only),COMPATIBILITY_ONLY_NOT_PRODUCTION,96567.1958,86231.7213,670.0753,281,280,-0.00693895,-0.48898037,0.00857782,-0.01408272,-670.0753,96567.1958,OK,689.8538,40.2045,6.0000,94.0000,AG03-UNRESOLVED,ALL5_LEVELS_bet23_to_bet27,40.2045,40.2045,40.2045,40.2045,40.2045,6.000000,6.000000,6.000000,6.000000,6.000000,94.000000,94.000000,94.000000,94.000000,94.000000,5.0,201.0226,178.3043,-220.8011,-198.0828,PENDING_AG03,FALSE,NOT_FOR_ENFORCEMENT,629.8708,81057.8180,-19.7785,-59.9830,-649.6493,-0.00020482,-0.00062115,40.2045,-59.9830,-0.00062115,40.2045,40.2045,40.2045,40.2045,40.2045,-59.9830,-0.00062115,201.0226,178.3043,-220.8011,-198.0828,-0.00228650,-0.00205124,-0.00672743,343.6555,307.9704,2.3931,16.3433,2.9389,2355.2975,6.8293,231.6562,349.0883,135.8696,203.8044,689.6552,689.6552,689.6552,689.6552,203.8044,0.0,3.383908,3.383908,1.686203,29,115,53,2,0.03118585,0.00693895,0.48898037,0.00800000,0.800000,0.892971,0.021352,-0.49755819,2026-03-28,2026-08-04,41,228,202,130,0.315385,0.663603,0.674094,0.103953,,,,,,,,GLOBAL_BASELINE_NO_ENTITY_RANKING,,,NOT_APPLICABLE_GLOBAL_BASELINE,HF9g-P5,,,,X 全窗基线 · 不参与实体赏罚,3920472,393,A168_HF9F_20260827_0900,2026-08-27 09:00:00
2026-04-07,110102342,1353,0,344.8275862069,-344.8275862069,-342.0689655172,0E-7,1,1,0.49324550000000000,0.493245500000,-0.9865810262130424,-0.9865810262130424,-0.9865810262130424,0E-17,ELIGIBLE,R03b_20260811_FULL_v1,L1_ELIGIBILITY,v2026-08-11,2026-03-21..2026-08-06,baccarat_bet02_101_all_pairs_incl_sentinel,round_win = game_pnl > 0 (decisive only),COMPATIBILITY_ONLY_NOT_PRODUCTION,96567.1958,86231.7213,670.0753,281,280,-0.00693895,-0.48898037,0.00857782,-0.01408272,-670.0753,96567.1958,OK,689.8538,40.2045,6.0000,94.0000,AG03-UNRESOLVED,ALL5_LEVELS_bet23_to_bet27,40.2045,40.2045,40.2045,40.2045,40.2045,6.000000,6.000000,6.000000,6.000000,6.000000,94.000000,94.000000,94.000000,94.000000,94.000000,5.0,201.0226,178.3043,-220.8011,-198.0828,PENDING_AG03,FALSE,NOT_FOR_ENFORCEMENT,629.8708,81057.8180,-19.7785,-59.9830,-649.6493,-0.00020482,-0.00062115,40.2045,-59.9830,-0.00062115,40.2045,40.2045,40.2045,40.2045,40.2045,-59.9830,-0.00062115,201.0226,178.3043,-220.8011,-198.0828,-0.00228650,-0.00205124,-0.00672743,343.6555,307.9704,2.3931,16.3433,2.9389,2355.2975,6.8293,231.6562,349.0883,135.8696,203.8044,689.6552,689.6552,689.6552,689.6552,203.8044,0.0,3.383908,3.383908,1.686203,29,115,53,2,0.03118585,0.00693895,0.48898037,0.00800000,0.800000,0.892971,0.021352,-0.49755819,2026-03-28,2026-08-04,41,228,202,130,0.315385,0.663603,0.674094,0.103953,,,,,,,,GLOBAL_BASELINE_NO_ENTITY_RANKING,,,NOT_APPLICABLE_GLOBAL_BASELINE,HF9g-P5,,,,X 全窗基线 · 不参与实体赏罚,3920473,393,A168_HF9F_20260827_0900,2026-08-27 09:00:00
2026-04-07,110102342,1507,0,358.6206896552,-358.6206896552,-355.7517241379,0E-7,1,1,0.49324550000000000,0.493245500000,-0.9865810262130424,-0.9865810262130424,-0.9865810262130424,0E-17,ELIGIBLE,R03b_20260811_FULL_v1,L1_ELIGIBILITY,v2026-08-11,2026-03-21..2026-08-06,baccarat_bet02_101_all_pairs_incl_sentinel,round_win = game_pnl > 0 (decisive only),COMPATIBILITY_ONLY_NOT_PRODUCTION,96567.1958,86231.7213,670.0753,281,280,-0.00693895,-0.48898037,0.00857782,-0.01408272,-670.0753,96567.1958,OK,689.8538,40.2045,6.0000,94.0000,AG03-UNRESOLVED,ALL5_LEVELS_bet23_to_bet27,40.2045,40.2045,40.2045,40.2045,40.2045,6.000000,6.000000,6.000000,6.000000,6.000000,94.000000,94.000000,94.000000,94.000000,94.000000,5.0,201.0226,178.3043,-220.8011,-198.0828,PENDING_AG03,FALSE,NOT_FOR_ENFORCEMENT,629.8708,81057.8180,-19.7785,-59.9830,-649.6493,-0.00020482,-0.00062115,40.2045,-59.9830,-0.00062115,40.2045,40.2045,40.2045,40.2045,40.2045,-59.9830,-0.00062115,201.0226,178.3043,-220.8011,-198.0828,-0.00228650,-0.00205124,-0.00672743,343.6555,307.9704,2.3931,16.3433,2.9389,2355.2975,6.8293,231.6562,349.0883,135.8696,203.8044,689.6552,689.6552,689.6552,689.6552,203.8044,0.0,3.383908,3.383908,1.686203,29,115,53,2,0.03118585,0.00693895,0.48898037,0.00800000,0.800000,0.892971,0.021352,-0.49755819,2026-03-28,2026-08-04,41,228,202,130,0.315385,0.663603,0.674094,0.103953,,,,,,,,GLOBAL_BASELINE_NO_ENTITY_RANKING,,,NOT_APPLICABLE_GLOBAL_BASELINE,HF9g-P5,,,,X 全窗基线 · 不参与实体赏罚,3920474,393,A168_HF9F_20260827_0900,2026-08-27 09:00:00
2026-04-07,110102342,1509,0,689.6551724138,689.6551724138,695.1724137931,1.0000000,1,1,0.49324550000000000,0.493245500000,1.01360149184955,1.01360149184955,1.01360149184955,0E-17,ELIGIBLE,R03b_20260811_FULL_v1,L1_ELIGIBILITY,v2026-08-11,2026-03-21..2026-08-06,baccarat_bet02_101_all_pairs_incl_sentinel,round_win = game_pnl > 0 (decisive only),COMPATIBILITY_ONLY_NOT_PRODUCTION,96567.1958,86231.7213,670.0753,281,280,-0.00693895,-0.48898037,0.00857782,-0.01408272,-670.0753,96567.1958,OK,689.8538,40.2045,6.0000,94.0000,AG03-UNRESOLVED,ALL5_LEVELS_bet23_to_bet27,40.2045,40.2045,40.2045,40.2045,40.2045,6.000000,6.000000,6.000000,6.000000,6.000000,94.000000,94.000000,94.000000,94.000000,94.000000,5.0,201.0226,178.3043,-220.8011,-198.0828,PENDING_AG03,FALSE,NOT_FOR_ENFORCEMENT,629.8708,81057.8180,-19.7785,-59.9830,-649.6493,-0.00020482,-0.00062115,40.2045,-59.9830,-0.00062115,40.2045,40.2045,40.2045,40.2045,40.2045,-59.9830,-0.00062115,201.0226,178.3043,-220.8011,-198.0828,-0.00228650,-0.00205124,-0.00672743,343.6555,307.9704,2.3931,16.3433,2.9389,2355.2975,6.8293,231.6562,349.0883,135.8696,203.8044,689.6552,689.6552,689.6552,689.6552,203.8044,0.0,3.383908,3.383908,1.686203,29,115,53,2,0.03118585,0.00693895,0.48898037,0.00800000,0.800000,0.892971,0.021352,-0.49755819,2026-03-28,2026-08-04,41,228,202,130,0.315385,0.663603,0.674094,0.103953,,,,,,,,GLOBAL_BASELINE_NO_ENTITY_RANKING,,,NOT_APPLICABLE_GLOBAL_BASELINE,HF9g-P5,,,,X 全窗基线 · 不参与实体赏罚,3920475,393,A168_HF9F_20260827_0900,2026-08-27 09:00:00
2026-04-07,110102342,1985,0,689.6551724138,-689.6551724138,-684.1379310345,0E-7,1,1,0.49324550000000000,0.493245500000,-0.9865810262130424,-0.9865810262130424,-0.9865810262130424,0E-17,ELIGIBLE,R03b_20260811_FULL_v1,L1_ELIGIBILITY,v2026-08-11,2026-03-21..2026-08-06,baccarat_bet02_101_all_pairs_incl_sentinel,round_win = game_pnl > 0 (decisive only),COMPATIBILITY_ONLY_NOT_PRODUCTION,96567.1958,86231.7213,670.0753,281,280,-0.00693895,-0.48898037,0.00857782,-0.01408272,-670.0753,96567.1958,OK,689.8538,40.2045,6.0000,94.0000,AG03-UNRESOLVED,ALL5_LEVELS_bet23_to_bet27,40.2045,40.2045,40.2045,40.2045,40.2045,6.000000,6.000000,6.000000,6.000000,6.000000,94.000000,94.000000,94.000000,94.000000,94.000000,5.0,201.0226,178.3043,-220.8011,-198.0828,PENDING_AG03,FALSE,NOT_FOR_ENFORCEMENT,629.8708,81057.8180,-19.7785,-59.9830,-649.6493,-0.00020482,-0.00062115,40.2045,-59.9830,-0.00062115,40.2045,40.2045,40.2045,40.2045,40.2045,-59.9830,-0.00062115,201.0226,178.3043,-220.8011,-198.0828,-0.00228650,-0.00205124,-0.00672743,343.6555,307.9704,2.3931,16.3433,2.9389,2355.2975,6.8293,231.6562,349.0883,135.8696,203.8044,689.6552,689.6552,689.6552,689.6552,203.8044,0.0,3.383908,3.383908,1.686203,29,115,53,2,0.03118585,0.00693895,0.48898037,0.00800000,0.800000,0.892971,0.021352,-0.49755819,2026-03-28,2026-08-04,41,228,202,130,0.315385,0.663603,0.674094,0.103953,,,,,,,,GLOBAL_BASELINE_NO_ENTITY_RANKING,,,NOT_APPLICABLE_GLOBAL_BASELINE,HF9g-P5,,,,X 全窗基线 · 不参与实体赏罚,3920476,393,A168_HF9F_20260827_0900,2026-08-27 09:00:00
2026-04-07,110102342,2152,0,689.6551724138,689.6551724138,695.1724137931,1.0000000,1,1,0.49324550000000000,0.493245500000,1.01360149184955,1.01360149184955,1.01360149184955,0E-17,ELIGIBLE,R03b_20260811_FULL_v1,L1_ELIGIBILITY,v2026-08-11,2026-03-21..2026-08-06,baccarat_bet02_101_all_pairs_incl_sentinel,round_win = game_pnl > 0 (decisive only),COMPATIBILITY_ONLY_NOT_PRODUCTION,96567.1958,86231.7213,670.0753,281,280,-0.00693895,-0.48898037,0.00857782,-0.01408272,-670.0753,96567.1958,OK,689.8538,40.2045,6.0000,94.0000,AG03-UNRESOLVED,ALL5_LEVELS_bet23_to_bet27,40.2045,40.2045,40.2045,40.2045,40.2045,6.000000,6.000000,6.000000,6.000000,6.000000,94.000000,94.000000,94.000000,94.000000,94.000000,5.0,201.0226,178.3043,-220.8011,-198.0828,PENDING_AG03,FALSE,NOT_FOR_ENFORCEMENT,629.8708,81057.8180,-19.7785,-59.9830,-649.6493,-0.00020482,-0.00062115,40.2045,-59.9830,-0.00062115,40.2045,40.2045,40.2045,40.2045,40.2045,-59.9830,-0.00062115,201.0226,178.3043,-220.8011,-198.0828,-0.00228650,-0.00205124,-0.00672743,343.6555,307.9704,2.3931,16.3433,2.9389,2355.2975,6.8293,231.6562,349.0883,135.8696,203.8044,689.6552,689.6552,689.6552,689.6552,203.8044,0.0,3.383908,3.383908,1.686203,29,115,53,2,0.03118585,0.00693895,0.48898037,0.00800000,0.800000,0.892971,0.021352,-0.49755819,2026-03-28,2026-08-04,41,228,202,130,0.315385,0.663603,0.674094,0.103953,,,,,,,,GLOBAL_BASELINE_NO_ENTITY_RANKING,,,NOT_APPLICABLE_GLOBAL_BASELINE,HF9g-P5,,,,X 全窗基线 · 不参与实体赏罚,3920477,393,A168_HF9F_20260827_0900,2026-08-27 09:00:00
2026-04-07,110102342,2169,0,2758.6206896552,-689.6551724138,-673.1034482759,0.3333333,4,4,0.49324550000000000,0.493245500000,-0.5540025479526107,-0.5540025479526106,-0.5540025479526107,0E-17,ELIGIBLE,R03b_20260811_FULL_v1,L1_ELIGIBILITY,v2026-08-11,2026-03-21..2026-08-06,baccarat_bet02_101_all_pairs_incl_sentinel,round_win = game_pnl > 0 (decisive only),COMPATIBILITY_ONLY_NOT_PRODUCTION,96567.1958,86231.7213,670.0753,281,280,-0.00693895,-0.48898037,0.00857782,-0.01408272,-670.0753,96567.1958,OK,689.8538,40.2045,6.0000,94.0000,AG03-UNRESOLVED,ALL5_LEVELS_bet23_to_bet27,40.2045,40.2045,40.2045,40.2045,40.2045,6.000000,6.000000,6.000000,6.000000,6.000000,94.000000,94.000000,94.000000,94.000000,94.000000,5.0,201.0226,178.3043,-220.8011,-198.0828,PENDING_AG03,FALSE,NOT_FOR_ENFORCEMENT,629.8708,81057.8180,-19.7785,-59.9830,-649.6493,-0.00020482,-0.00062115,40.2045,-59.9830,-0.00062115,40.2045,40.2045,40.2045,40.2045,40.2045,-59.9830,-0.00062115,201.0226,178.3043,-220.8011,-198.0828,-0.00228650,-0.00205124,-0.00672743,343.6555,307.9704,2.3931,16.3433,2.9389,2355.2975,6.8293,231.6562,349.0883,135.8696,203.8044,689.6552,689.6552,689.6552,689.6552,203.8044,0.0,3.383908,3.383908,1.686203,29,115,53,2,0.03118585,0.00693895,0.48898037,0.00800000,0.800000,0.892971,0.021352,-0.49755819,2026-03-28,2026-08-04,41,228,202,130,0.315385,0.663603,0.674094,0.103953,,,,,,,,GLOBAL_BASELINE_NO_ENTITY_RANKING,,,NOT_APPLICABLE_GLOBAL_BASELINE,HF9g-P5,,,,X 全窗基线 · 不参与实体赏罚,3920478,393,A168_HF9F_20260827_0900,2026-08-27 09:00:00
2026-04-07,110102342,2170,0,1379.3103448276,-689.6551724138,-684.1379310345,0E-7,2,2,0.49324550000000000,0.493245500000,-0.9865810262130424,-0.9865810262130424,-0.9865810262130424,0E-17,ELIGIBLE,R03b_20260811_FULL_v1,L1_ELIGIBILITY,v2026-08-11,2026-03-21..2026-08-06,baccarat_bet02_101_all_pairs_incl_sentinel,round_win = game_pnl > 0 (decisive only),COMPATIBILITY_ONLY_NOT_PRODUCTION,96567.1958,86231.7213,670.0753,281,280,-0.00693895,-0.48898037,0.00857782,-0.01408272,-670.0753,96567.1958,OK,689.8538,40.2045,6.0000,94.0000,AG03-UNRESOLVED,ALL5_LEVELS_bet23_to_bet27,40.2045,40.2045,40.2045,40.2045,40.2045,6.000000,6.000000,6.000000,6.000000,6.000000,94.000000,94.000000,94.000000,94.000000,94.000000,5.0,201.0226,178.3043,-220.8011,-198.0828,PENDING_AG03,FALSE,NOT_FOR_ENFORCEMENT,629.8708,81057.8180,-19.7785,-59.9830,-649.6493,-0.00020482,-0.00062115,40.2045,-59.9830,-0.00062115,40.2045,40.2045,40.2045,40.2045,40.2045,-59.9830,-0.00062115,201.0226,178.3043,-220.8011,-198.0828,-0.00228650,-0.00205124,-0.00672743,343.6555,307.9704,2.3931,16.3433,2.9389,2355.2975,6.8293,231.6562,349.0883,135.8696,203.8044,689.6552,689.6552,689.6552,689.6552,203.8044,0.0,3.383908,3.383908,1.686203,29,115,53,2,0.03118585,0.00693895,0.48898037,0.00800000,0.800000,0.892971,0.021352,-0.49755819,2026-03-28,2026-08-04,41,228,202,130,0.315385,0.663603,0.674094,0.103953,,,,,,,,GLOBAL_BASELINE_NO_ENTITY_RANKING,,,NOT_APPLICABLE_GLOBAL_BASELINE,HF9g-P5,,,,X 全窗基线 · 不参与实体赏罚,3920479,393,A168_HF9F_20260827_0900,2026-08-27 09:00:00
2026-04-07,110102342,2201,0,1903.4482758621,-165.5172413793,-155.8068965517,0.5000000,3,3,0.49324550000000000,0.493245500000,0.01910635448239258,0.01910635448239258,0.01910635448239258,0E-17,ELIGIBLE,R03b_20260811_FULL_v1,L1_ELIGIBILITY,v2026-08-11,2026-03-21..2026-08-06,baccarat_bet02_101_all_pairs_incl_sentinel,round_win = game_pnl > 0 (decisive only),COMPATIBILITY_ONLY_NOT_PRODUCTION,96567.1958,86231.7213,670.0753,281,280,-0.00693895,-0.48898037,0.00857782,-0.01408272,-670.0753,96567.1958,OK,689.8538,40.2045,6.0000,94.0000,AG03-UNRESOLVED,ALL5_LEVELS_bet23_to_bet27,40.2045,40.2045,40.2045,40.2045,40.2045,6.000000,6.000000,6.000000,6.000000,6.000000,94.000000,94.000000,94.000000,94.000000,94.000000,5.0,201.0226,178.3043,-220.8011,-198.0828,PENDING_AG03,FALSE,NOT_FOR_ENFORCEMENT,629.8708,81057.8180,-19.7785,-59.9830,-649.6493,-0.00020482,-0.00062115,40.2045,-59.9830,-0.00062115,40.2045,40.2045,40.2045,40.2045,40.2045,-59.9830,-0.00062115,201.0226,178.3043,-220.8011,-198.0828,-0.00228650,-0.00205124,-0.00672743,343.6555,307.9704,2.3931,16.3433,2.9389,2355.2975,6.8293,231.6562,349.0883,135.8696,203.8044,689.6552,689.6552,689.6552,689.6552,203.8044,0.0,3.383908,3.383908,1.686203,29,115,53,2,0.03118585,0.00693895,0.48898037,0.00800000,0.800000,0.892971,0.021352,-0.49755819,2026-03-28,2026-08-04,41,228,202,130,0.315385,0.663603,0.674094,0.103953,,,,,,,,GLOBAL_BASELINE_NO_ENTITY_RANKING,,,NOT_APPLICABLE_GLOBAL_BASELINE,HF9g-P5,,,,X 全窗基线 · 不参与实体赏罚,3920480,393,A168_HF9F_20260827_0900,2026-08-27 09:00:00
2026-04-07,110102342,2223,0,1379.3103448276,0E-10,11.0344827586,0.5000000,2,2,0.49324550000000000,0.493245500000,0.01910635448239258,0.01910635448239258,0.01910635448239258,0E-17,ELIGIBLE,R03b_20260811_FULL_v1,L1_ELIGIBILITY,v2026-08-11,2026-03-21..2026-08-06,baccarat_bet02_101_all_pairs_incl_sentinel,round_win = game_pnl > 0 (decisive only),COMPATIBILITY_ONLY_NOT_PRODUCTION,96567.1958,86231.7213,670.0753,281,280,-0.00693895,-0.48898037,0.00857782,-0.01408272,-670.0753,96567.1958,OK,689.8538,40.2045,6.0000,94.0000,AG03-UNRESOLVED,ALL5_LEVELS_bet23_to_bet27,40.2045,40.2045,40.2045,40.2045,40.2045,6.000000,6.000000,6.000000,6.000000,6.000000,94.000000,94.000000,94.000000,94.000000,94.000000,5.0,201.0226,178.3043,-220.8011,-198.0828,PENDING_AG03,FALSE,NOT_FOR_ENFORCEMENT,629.8708,81057.8180,-19.7785,-59.9830,-649.6493,-0.00020482,-0.00062115,40.2045,-59.9830,-0.00062115,40.2045,40.2045,40.2045,40.2045,40.2045,-59.9830,-0.00062115,201.0226,178.3043,-220.8011,-198.0828,-0.00228650,-0.00205124,-0.00672743,343.6555,307.9704,2.3931,16.3433,2.9389,2355.2975,6.8293,231.6562,349.0883,135.8696,203.8044,689.6552,689.6552,689.6552,689.6552,203.8044,0.0,3.383908,3.383908,1.686203,29,115,53,2,0.03118585,0.00693895,0.48898037,0.00800000,0.800000,0.892971,0.021352,-0.49755819,2026-03-28,2026-08-04,41,228,202,130,0.315385,0.663603,0.674094,0.103953,,,,,,,,GLOBAL_BASELINE_NO_ENTITY_RANKING,,,NOT_APPLICABLE_GLOBAL_BASELINE,HF9g-P5,,,,X 全窗基线 · 不参与实体赏罚,3920481,393,A168_HF9F_20260827_0900,2026-08-27 09:00:00
2026-04-07,110102342,2241,0,2068.9655172414,0E-10,11.0344827586,0.5000000,3,3,0.49324550000000000,0.493245500000,0.01910635448239258,0.01910635448239258,0.01910635448239258,0E-17,ELIGIBLE,R03b_20260811_FULL_v1,L1_ELIGIBILITY,v2026-08-11,2026-03-21..2026-08-06,baccarat_bet02_101_all_pairs_incl_sentinel,round_win = game_pnl > 0 (decisive only),COMPATIBILITY_ONLY_NOT_PRODUCTION,96567.1958,86231.7213,670.0753,281,280,-0.00693895,-0.48898037,0.00857782,-0.01408272,-670.0753,96567.1958,OK,689.8538,40.2045,6.0000,94.0000,AG03-UNRESOLVED,ALL5_LEVELS_bet23_to_bet27,40.2045,40.2045,40.2045,40.2045,40.2045,6.000000,6.000000,6.000000,6.000000,6.000000,94.000000,94.000000,94.000000,94.000000,94.000000,5.0,201.0226,178.3043,-220.8011,-198.0828,PENDING_AG03,FALSE,NOT_FOR_ENFORCEMENT,629.8708,81057.8180,-19.7785,-59.9830,-649.6493,-0.00020482,-0.00062115,40.2045,-59.9830,-0.00062115,40.2045,40.2045,40.2045,40.2045,40.2045,-59.9830,-0.00062115,201.0226,178.3043,-220.8011,-198.0828,-0.00228650,-0.00205124,-0.00672743,343.6555,307.9704,2.3931,16.3433,2.9389,2355.2975,6.8293,231.6562,349.0883,135.8696,203.8044,689.6552,689.6552,689.6552,689.6552,203.8044,0.0,3.383908,3.383908,1.686203,29,115,53,2,0.03118585,0.00693895,0.48898037,0.00800000,0.800000,0.892971,0.021352,-0.49755819,2026-03-28,2026-08-04,41,228,202,130,0.315385,0.663603,0.674094,0.103953,,,,,,,,GLOBAL_BASELINE_NO_ENTITY_RANKING,,,NOT_APPLICABLE_GLOBAL_BASELINE,HF9g-P5,,,,X 全窗基线 · 不参与实体赏罚,3920482,393,A168_HF9F_20260827_0900,2026-08-27 09:00:00
2026-04-08,110102342,-1,1,1475.8620689655,-1282.7586206897,-1270.9517241380,0.3333333,3,3,0.49324550000000000,0.493245500000,-0.5540025479526107,-0.5540025479526106,-0.5540025479526107,0E-17,SENTINEL_DEALER,R03b_20260811_FULL_v1,L1_ELIGIBILITY,v2026-08-11,2026-03-21..2026-08-06,baccarat_bet02_101_all_pairs_incl_sentinel,round_win = game_pnl > 0 (decisive only),COMPATIBILITY_ONLY_NOT_PRODUCTION,96567.1958,86231.7213,670.0753,281,280,-0.00693895,-0.48898037,0.00857782,-0.01408272,-670.0753,96567.1958,OK,689.8538,40.2045,6.0000,94.0000,AG03-UNRESOLVED,ALL5_LEVELS_bet23_to_bet27,40.2045,40.2045,40.2045,40.2045,40.2045,6.000000,6.000000,6.000000,6.000000,6.000000,94.000000,94.000000,94.000000,94.000000,94.000000,5.0,201.0226,178.3043,-220.8011,-198.0828,PENDING_AG03,FALSE,NOT_FOR_ENFORCEMENT,629.8708,81057.8180,-19.7785,-59.9830,-649.6493,-0.00020482,-0.00062115,40.2045,-59.9830,-0.00062115,40.2045,40.2045,40.2045,40.2045,40.2045,-59.9830,-0.00062115,201.0226,178.3043,-220.8011,-198.0828,-0.00228650,-0.00205124,-0.00672743,343.6555,307.9704,2.3931,16.3433,2.9389,2355.2975,6.8293,231.6562,349.0883,135.8696,203.8044,689.6552,689.6552,689.6552,689.6552,203.8044,0.0,3.383908,3.383908,1.686203,29,115,53,2,0.03118585,0.00693895,0.48898037,0.00800000,0.800000,0.892971,0.021352,-0.49755819,2026-03-28,2026-08-04,41,228,202,130,0.315385,0.663603,0.674094,0.103953,,,,,,,,GLOBAL_BASELINE_NO_ENTITY_RANKING,,,NOT_APPLICABLE_GLOBAL_BASELINE,HF9g-P5,,,,X 全窗基线 · 不参与实体赏罚,3920483,393,A168_HF9F_20260827_0900,2026-08-27 09:00:00
2026-04-08,110102342,1094,0,344.8275862069,-344.8275862069,-342.0689655172,0E-7,1,1,0.49324550000000000,0.493245500000,-0.9865810262130424,-0.9865810262130424,-0.9865810262130424,0E-17,ELIGIBLE,R03b_20260811_FULL_v1,L1_ELIGIBILITY,v2026-08-11,2026-03-21..2026-08-06,baccarat_bet02_101_all_pairs_incl_sentinel,round_win = game_pnl > 0 (decisive only),COMPATIBILITY_ONLY_NOT_PRODUCTION,96567.1958,86231.7213,670.0753,281,280,-0.00693895,-0.48898037,0.00857782,-0.01408272,-670.0753,96567.1958,OK,689.8538,40.2045,6.0000,94.0000,AG03-UNRESOLVED,ALL5_LEVELS_bet23_to_bet27,40.2045,40.2045,40.2045,40.2045,40.2045,6.000000,6.000000,6.000000,6.000000,6.000000,94.000000,94.000000,94.000000,94.000000,94.000000,5.0,201.0226,178.3043,-220.8011,-198.0828,PENDING_AG03,FALSE,NOT_FOR_ENFORCEMENT,629.8708,81057.8180,-19.7785,-59.9830,-649.6493,-0.00020482,-0.00062115,40.2045,-59.9830,-0.00062115,40.2045,40.2045,40.2045,40.2045,40.2045,-59.9830,-0.00062115,201.0226,178.3043,-220.8011,-198.0828,-0.00228650,-0.00205124,-0.00672743,343.6555,307.9704,2.3931,16.3433,2.9389,2355.2975,6.8293,231.6562,349.0883,135.8696,203.8044,689.6552,689.6552,689.6552,689.6552,203.8044,0.0,3.383908,3.383908,1.686203,29,115,53,2,0.03118585,0.00693895,0.48898037,0.00800000,0.800000,0.892971,0.021352,-0.49755819,2026-03-28,2026-08-04,41,228,202,130,0.315385,0.663603,0.674094,0.103953,,,,,,,,GLOBAL_BASELINE_NO_ENTITY_RANKING,,,NOT_APPLICABLE_GLOBAL_BASELINE,HF9g-P5,,,,X 全窗基线 · 不参与实体赏罚,3920484,393,A168_HF9F_20260827_0900,2026-08-27 09:00:00
2026-04-08,110102342,2188,0,344.8275862069,-344.8275862069,-342.0689655172,0E-7,1,1,0.49324550000000000,0.493245500000,-0.9865810262130424,-0.9865810262130424,-0.9865810262130424,0E-17,ELIGIBLE,R03b_20260811_FULL_v1,L1_ELIGIBILITY,v2026-08-11,2026-03-21..2026-08-06,baccarat_bet02_101_all_pairs_incl_sentinel,round_win = game_pnl > 0 (decisive only),COMPATIBILITY_ONLY_NOT_PRODUCTION,96567.1958,86231.7213,670.0753,281,280,-0.00693895,-0.48898037,0.00857782,-0.01408272,-670.0753,96567.1958,OK,689.8538,40.2045,6.0000,94.0000,AG03-UNRESOLVED,ALL5_LEVELS_bet23_to_bet27,40.2045,40.2045,40.2045,40.2045,40.2045,6.000000,6.000000,6.000000,6.000000,6.000000,94.000000,94.000000,94.000000,94.000000,94.000000,5.0,201.0226,178.3043,-220.8011,-198.0828,PENDING_AG03,FALSE,NOT_FOR_ENFORCEMENT,629.8708,81057.8180,-19.7785,-59.9830,-649.6493,-0.00020482,-0.00062115,40.2045,-59.9830,-0.00062115,40.2045,40.2045,40.2045,40.2045,40.2045,-59.9830,-0.00062115,201.0226,178.3043,-220.8011,-198.0828,-0.00228650,-0.00205124,-0.00672743,343.6555,307.9704,2.3931,16.3433,2.9389,2355.2975,6.8293,231.6562,349.0883,135.8696,203.8044,689.6552,689.6552,689.6552,689.6552,203.8044,0.0,3.383908,3.383908,1.686203,29,115,53,2,0.03118585,0.00693895,0.48898037,0.00800000,0.800000,0.892971,0.021352,-0.49755819,2026-03-28,2026-08-04,41,228,202,130,0.315385,0.663603,0.674094,0.103953,,,,,,,,GLOBAL_BASELINE_NO_ENTITY_RANKING,,,NOT_APPLICABLE_GLOBAL_BASELINE,HF9g-P5,,,,X 全窗基线 · 不参与实体赏罚,3920485,393,A168_HF9F_20260827_0900,2026-08-27 09:00:00
2026-04-08,110102342,2241,0,358.6206896552,-358.6206896552,-355.7517241379,0E-7,1,1,0.49324550000000000,0.493245500000,-0.9865810262130424,-0.9865810262130424,-0.9865810262130424,0E-17,ELIGIBLE,R03b_20260811_FULL_v1,L1_ELIGIBILITY,v2026-08-11,2026-03-21..2026-08-06,baccarat_bet02_101_all_pairs_incl_sentinel,round_win = game_pnl > 0 (decisive only),COMPATIBILITY_ONLY_NOT_PRODUCTION,96567.1958,86231.7213,670.0753,281,280,-0.00693895,-0.48898037,0.00857782,-0.01408272,-670.0753,96567.1958,OK,689.8538,40.2045,6.0000,94.0000,AG03-UNRESOLVED,ALL5_LEVELS_bet23_to_bet27,40.2045,40.2045,40.2045,40.2045,40.2045,6.000000,6.000000,6.000000,6.000000,6.000000,94.000000,94.000000,94.000000,94.000000,94.000000,5.0,201.0226,178.3043,-220.8011,-198.0828,PENDING_AG03,FALSE,NOT_FOR_ENFORCEMENT,629.8708,81057.8180,-19.7785,-59.9830,-649.6493,-0.00020482,-0.00062115,40.2045,-59.9830,-0.00062115,40.2045,40.2045,40.2045,40.2045,40.2045,-59.9830,-0.00062115,201.0226,178.3043,-220.8011,-198.0828,-0.00228650,-0.00205124,-0.00672743,343.6555,307.9704,2.3931,16.3433,2.9389,2355.2975,6.8293,231.6562,349.0883,135.8696,203.8044,689.6552,689.6552,689.6552,689.6552,203.8044,0.0,3.383908,3.383908,1.686203,29,115,53,2,0.03118585,0.00693895,0.48898037,0.00800000,0.800000,0.892971,0.021352,-0.49755819,2026-03-28,2026-08-04,41,228,202,130,0.315385,0.663603,0.674094,0.103953,,,,,,,,GLOBAL_BASELINE_NO_ENTITY_RANKING,,,NOT_APPLICABLE_GLOBAL_BASELINE,HF9g-P5,,,,X 全窗基线 · 不参与实体赏罚,3920486,393,A168_HF9F_20260827_0900,2026-08-27 09:00:00
2026-04-09,110102342,-1,1,344.8275862069,-344.8275862069,-342.0689655172,0E-7,1,1,0.49324550000000000,0.493245500000,-0.9865810262130424,-0.9865810262130424,-0.9865810262130424,0E-17,SENTINEL_DEALER,R03b_20260811_FULL_v1,L1_ELIGIBILITY,v2026-08-11,2026-03-21..2026-08-06,baccarat_bet02_101_all_pairs_incl_sentinel,round_win = game_pnl > 0 (decisive only),COMPATIBILITY_ONLY_NOT_PRODUCTION,96567.1958,86231.7213,670.0753,281,280,-0.00693895,-0.48898037,0.00857782,-0.01408272,-670.0753,96567.1958,OK,689.8538,40.2045,6.0000,94.0000,AG03-UNRESOLVED,ALL5_LEVELS_bet23_to_bet27,40.2045,40.2045,40.2045,40.2045,40.2045,6.000000,6.000000,6.000000,6.000000,6.000000,94.000000,94.000000,94.000000,94.000000,94.000000,5.0,201.0226,178.3043,-220.8011,-198.0828,PENDING_AG03,FALSE,NOT_FOR_ENFORCEMENT,629.8708,81057.8180,-19.7785,-59.9830,-649.6493,-0.00020482,-0.00062115,40.2045,-59.9830,-0.00062115,40.2045,40.2045,40.2045,40.2045,40.2045,-59.9830,-0.00062115,201.0226,178.3043,-220.8011,-198.0828,-0.00228650,-0.00205124,-0.00672743,343.6555,307.9704,2.3931,16.3433,2.9389,2355.2975,6.8293,231.6562,349.0883,135.8696,203.8044,689.6552,689.6552,689.6552,689.6552,203.8044,0.0,3.383908,3.383908,1.686203,29,115,53,2,0.03118585,0.00693895,0.48898037,0.00800000,0.800000,0.892971,0.021352,-0.49755819,2026-03-28,2026-08-04,41,228,202,130,0.315385,0.663603,0.674094,0.103953,,,,,,,,GLOBAL_BASELINE_NO_ENTITY_RANKING,,,NOT_APPLICABLE_GLOBAL_BASELINE,HF9g-P5,,,,X 全窗基线 · 不参与实体赏罚,3920487,393,A168_HF9F_20260827_0900,2026-08-27 09:00:00
2026-04-12,110102342,-1,1,20.6896551724,-20.6896551724,-20.5241379310,0E-7,1,1,0.49324550000000000,0.493245500000,-0.9865810262130424,-0.9865810262130424,-0.9865810262130424,0E-17,SENTINEL_DEALER,R03b_20260811_FULL_v1,L1_ELIGIBILITY,v2026-08-11,2026-03-21..2026-08-06,baccarat_bet02_101_all_pairs_incl_sentinel,round_win = game_pnl > 0 (decisive only),COMPATIBILITY_ONLY_NOT_PRODUCTION,96567.1958,86231.7213,670.0753,281,280,-0.00693895,-0.48898037,0.00857782,-0.01408272,-670.0753,96567.1958,OK,689.8538,40.2045,6.0000,94.0000,AG03-UNRESOLVED,ALL5_LEVELS_bet23_to_bet27,40.2045,40.2045,40.2045,40.2045,40.2045,6.000000,6.000000,6.000000,6.000000,6.000000,94.000000,94.000000,94.000000,94.000000,94.000000,5.0,201.0226,178.3043,-220.8011,-198.0828,PENDING_AG03,FALSE,NOT_FOR_ENFORCEMENT,629.8708,81057.8180,-19.7785,-59.9830,-649.6493,-0.00020482,-0.00062115,40.2045,-59.9830,-0.00062115,40.2045,40.2045,40.2045,40.2045,40.2045,-59.9830,-0.00062115,201.0226,178.3043,-220.8011,-198.0828,-0.00228650,-0.00205124,-0.00672743,343.6555,307.9704,2.3931,16.3433,2.9389,2355.2975,6.8293,231.6562,349.0883,135.8696,203.8044,689.6552,689.6552,689.6552,689.6552,203.8044,0.0,3.383908,3.383908,1.686203,29,115,53,2,0.03118585,0.00693895,0.48898037,0.00800000,0.800000,0.892971,0.021352,-0.49755819,2026-03-28,2026-08-04,41,228,202,130,0.315385,0.663603,0.674094,0.103953,,,,,,,,GLOBAL_BASELINE_NO_ENTITY_RANKING,,,NOT_APPLICABLE_GLOBAL_BASELINE,HF9g-P5,,,,X 全窗基线 · 不参与实体赏罚,3920488,393,A168_HF9F_20260827_0900,2026-08-27 09:00:00
2026-04-26,110102342,1750,0,82.7586206897,82.7586206897,83.4206896552,1.0000000,1,1,0.49324550000000000,0.493245500000,1.01360149184955,1.01360149184955,1.01360149184955,0E-17,ELIGIBLE,R03b_20260811_FULL_v1,L1_ELIGIBILITY,v2026-08-11,2026-03-21..2026-08-06,baccarat_bet02_101_all_pairs_incl_sentinel,round_win = game_pnl > 0 (decisive only),COMPATIBILITY_ONLY_NOT_PRODUCTION,96567.1958,86231.7213,670.0753,281,280,-0.00693895,-0.48898037,0.00857782,-0.01408272,-670.0753,96567.1958,OK,689.8538,40.2045,6.0000,94.0000,AG03-UNRESOLVED,ALL5_LEVELS_bet23_to_bet27,40.2045,40.2045,40.2045,40.2045,40.2045,6.000000,6.000000,6.000000,6.000000,6.000000,94.000000,94.000000,94.000000,94.000000,94.000000,5.0,201.0226,178.3043,-220.8011,-198.0828,PENDING_AG03,FALSE,NOT_FOR_ENFORCEMENT,629.8708,81057.8180,-19.7785,-59.9830,-649.6493,-0.00020482,-0.00062115,40.2045,-59.9830,-0.00062115,40.2045,40.2045,40.2045,40.2045,40.2045,-59.9830,-0.00062115,201.0226,178.3043,-220.8011,-198.0828,-0.00228650,-0.00205124,-0.00672743,343.6555,307.9704,2.3931,16.3433,2.9389,2355.2975,6.8293,231.6562,349.0883,135.8696,203.8044,689.6552,689.6552,689.6552,689.6552,203.8044,0.0,3.383908,3.383908,1.686203,29,115,53,2,0.03118585,0.00693895,0.48898037,0.00800000,0.800000,0.892971,0.021352,-0.49755819,2026-03-28,2026-08-04,41,228,202,130,0.315385,0.663603,0.674094,0.103953,,,,,,,,GLOBAL_BASELINE_NO_ENTITY_RANKING,,,NOT_APPLICABLE_GLOBAL_BASELINE,HF9g-P5,,,,X 全窗基线 · 不参与实体赏罚,3920489,393,A168_HF9F_20260827_0900,2026-08-27 09:00:00
2026-04-26,110102342,2205,0,165.5172413793,165.5172413793,166.8413793103,1.0000000,1,1,0.49324550000000000,0.493245500000,1.01360149184955,1.01360149184955,1.01360149184955,0E-17,ELIGIBLE,R03b_20260811_FULL_v1,L1_ELIGIBILITY,v2026-08-11,2026-03-21..2026-08-06,baccarat_bet02_101_all_pairs_incl_sentinel,round_win = game_pnl > 0 (decisive only),COMPATIBILITY_ONLY_NOT_PRODUCTION,96567.1958,86231.7213,670.0753,281,280,-0.00693895,-0.48898037,0.00857782,-0.01408272,-670.0753,96567.1958,OK,689.8538,40.2045,6.0000,94.0000,AG03-UNRESOLVED,ALL5_LEVELS_bet23_to_bet27,40.2045,40.2045,40.2045,40.2045,40.2045,6.000000,6.000000,6.000000,6.000000,6.000000,94.000000,94.000000,94.000000,94.000000,94.000000,5.0,201.0226,178.3043,-220.8011,-198.0828,PENDING_AG03,FALSE,NOT_FOR_ENFORCEMENT,629.8708,81057.8180,-19.7785,-59.9830,-649.6493,-0.00020482,-0.00062115,40.2045,-59.9830,-0.00062115,40.2045,40.2045,40.2045,40.2045,40.2045,-59.9830,-0.00062115,201.0226,178.3043,-220.8011,-198.0828,-0.00228650,-0.00205124,-0.00672743,343.6555,307.9704,2.3931,16.3433,2.9389,2355.2975,6.8293,231.6562,349.0883,135.8696,203.8044,689.6552,689.6552,689.6552,689.6552,203.8044,0.0,3.383908,3.383908,1.686203,29,115,53,2,0.03118585,0.00693895,0.48898037,0.00800000,0.800000,0.892971,0.021352,-0.49755819,2026-03-28,2026-08-04,41,228,202,130,0.315385,0.663603,0.674094,0.103953,,,,,,,,GLOBAL_BASELINE_NO_ENTITY_RANKING,,,NOT_APPLICABLE_GLOBAL_BASELINE,HF9g-P5,,,,X 全窗基线 · 不参与实体赏罚,3920490,393,A168_HF9F_20260827_0900,2026-08-27 09:00:00
2026-04-27,110102342,-1,1,68.9655172414,0E-10,0E-10,,1,1,0.49324550000000000,0.493245500000,,,,0E-17,SENTINEL_DEALER,R03b_20260811_FULL_v1,L1_ELIGIBILITY,v2026-08-11,2026-03-21..2026-08-06,baccarat_bet02_101_all_pairs_incl_sentinel,round_win = game_pnl > 0 (decisive only),COMPATIBILITY_ONLY_NOT_PRODUCTION,96567.1958,86231.7213,670.0753,281,280,-0.00693895,-0.48898037,0.00857782,-0.01408272,-670.0753,96567.1958,OK,689.8538,40.2045,6.0000,94.0000,AG03-UNRESOLVED,ALL5_LEVELS_bet23_to_bet27,40.2045,40.2045,40.2045,40.2045,40.2045,6.000000,6.000000,6.000000,6.000000,6.000000,94.000000,94.000000,94.000000,94.000000,94.000000,5.0,201.0226,178.3043,-220.8011,-198.0828,PENDING_AG03,FALSE,NOT_FOR_ENFORCEMENT,629.8708,81057.8180,-19.7785,-59.9830,-649.6493,-0.00020482,-0.00062115,40.2045,-59.9830,-0.00062115,40.2045,40.2045,40.2045,40.2045,40.2045,-59.9830,-0.00062115,201.0226,178.3043,-220.8011,-198.0828,-0.00228650,-0.00205124,-0.00672743,343.6555,307.9704,2.3931,16.3433,2.9389,2355.2975,6.8293,231.6562,349.0883,135.8696,203.8044,689.6552,689.6552,689.6552,689.6552,203.8044,0.0,3.383908,3.383908,1.686203,29,115,53,2,0.03118585,0.00693895,0.48898037,0.00800000,0.800000,0.892971,0.021352,-0.49755819,2026-03-28,2026-08-04,41,228,202,130,0.315385,0.663603,0.674094,0.103953,,,,,,,,GLOBAL_BASELINE_NO_ENTITY_RANKING,,,NOT_APPLICABLE_GLOBAL_BASELINE,HF9g-P5,,,,X 全窗基线 · 不参与实体赏罚,3920491,393,A168_HF9F_20260827_0900,2026-08-27 09:00:00
2026-04-27,110102342,1399,0,248.2758620690,248.2758620690,250.2620689655,1.0000000,1,1,0.49324550000000000,0.493245500000,1.01360149184955,1.01360149184955,1.01360149184955,0E-17,ELIGIBLE,R03b_20260811_FULL_v1,L1_ELIGIBILITY,v2026-08-11,2026-03-21..2026-08-06,baccarat_bet02_101_all_pairs_incl_sentinel,round_win = game_pnl > 0 (decisive only),COMPATIBILITY_ONLY_NOT_PRODUCTION,96567.1958,86231.7213,670.0753,281,280,-0.00693895,-0.48898037,0.00857782,-0.01408272,-670.0753,96567.1958,OK,689.8538,40.2045,6.0000,94.0000,AG03-UNRESOLVED,ALL5_LEVELS_bet23_to_bet27,40.2045,40.2045,40.2045,40.2045,40.2045,6.000000,6.000000,6.000000,6.000000,6.000000,94.000000,94.000000,94.000000,94.000000,94.000000,5.0,201.0226,178.3043,-220.8011,-198.0828,PENDING_AG03,FALSE,NOT_FOR_ENFORCEMENT,629.8708,81057.8180,-19.7785,-59.9830,-649.6493,-0.00020482,-0.00062115,40.2045,-59.9830,-0.00062115,40.2045,40.2045,40.2045,40.2045,40.2045,-59.9830,-0.00062115,201.0226,178.3043,-220.8011,-198.0828,-0.00228650,-0.00205124,-0.00672743,343.6555,307.9704,2.3931,16.3433,2.9389,2355.2975,6.8293,231.6562,349.0883,135.8696,203.8044,689.6552,689.6552,689.6552,689.6552,203.8044,0.0,3.383908,3.383908,1.686203,29,115,53,2,0.03118585,0.00693895,0.48898037,0.00800000,0.800000,0.892971,0.021352,-0.49755819,2026-03-28,2026-08-04,41,228,202,130,0.315385,0.663603,0.674094,0.103953,,,,,,,,GLOBAL_BASELINE_NO_ENTITY_RANKING,,,NOT_APPLICABLE_GLOBAL_BASELINE,HF9g-P5,,,,X 全窗基线 · 不参与实体赏罚,3920492,393,A168_HF9F_20260827_0900,2026-08-27 09:00:00
2026-04-27,110102342,2136,0,68.9655172414,-68.9655172414,-68.4137931034,0E-7,1,1,0.49324550000000000,0.493245500000,-0.9865810262130424,-0.9865810262130424,-0.9865810262130424,0E-17,ELIGIBLE,R03b_20260811_FULL_v1,L1_ELIGIBILITY,v2026-08-11,2026-03-21..2026-08-06,baccarat_bet02_101_all_pairs_incl_sentinel,round_win = game_pnl > 0 (decisive only),COMPATIBILITY_ONLY_NOT_PRODUCTION,96567.1958,86231.7213,670.0753,281,280,-0.00693895,-0.48898037,0.00857782,-0.01408272,-670.0753,96567.1958,OK,689.8538,40.2045,6.0000,94.0000,AG03-UNRESOLVED,ALL5_LEVELS_bet23_to_bet27,40.2045,40.2045,40.2045,40.2045,40.2045,6.000000,6.000000,6.000000,6.000000,6.000000,94.000000,94.000000,94.000000,94.000000,94.000000,5.0,201.0226,178.3043,-220.8011,-198.0828,PENDING_AG03,FALSE,NOT_FOR_ENFORCEMENT,629.8708,81057.8180,-19.7785,-59.9830,-649.6493,-0.00020482,-0.00062115,40.2045,-59.9830,-0.00062115,40.2045,40.2045,40.2045,40.2045,40.2045,-59.9830,-0.00062115,201.0226,178.3043,-220.8011,-198.0828,-0.00228650,-0.00205124,-0.00672743,343.6555,307.9704,2.3931,16.3433,2.9389,2355.2975,6.8293,231.6562,349.0883,135.8696,203.8044,689.6552,689.6552,689.6552,689.6552,203.8044,0.0,3.383908,3.383908,1.686203,29,115,53,2,0.03118585,0.00693895,0.48898037,0.00800000,0.800000,0.892971,0.021352,-0.49755819,2026-03-28,2026-08-04,41,228,202,130,0.315385,0.663603,0.674094,0.103953,,,,,,,,GLOBAL_BASELINE_NO_ENTITY_RANKING,,,NOT_APPLICABLE_GLOBAL_BASELINE,HF9g-P5,,,,X 全窗基线 · 不参与实体赏罚,3920493,393,A168_HF9F_20260827_0900,2026-08-27 09:00:00
2026-04-27,110102342,2267,0,124.1379310345,124.1379310345,125.1310344828,1.0000000,1,1,0.49324550000000000,0.493245500000,1.01360149184955,1.01360149184955,1.01360149184955,0E-17,ELIGIBLE,R03b_20260811_FULL_v1,L1_ELIGIBILITY,v2026-08-11,2026-03-21..2026-08-06,baccarat_bet02_101_all_pairs_incl_sentinel,round_win = game_pnl > 0 (decisive only),COMPATIBILITY_ONLY_NOT_PRODUCTION,96567.1958,86231.7213,670.0753,281,280,-0.00693895,-0.48898037,0.00857782,-0.01408272,-670.0753,96567.1958,OK,689.8538,40.2045,6.0000,94.0000,AG03-UNRESOLVED,ALL5_LEVELS_bet23_to_bet27,40.2045,40.2045,40.2045,40.2045,40.2045,6.000000,6.000000,6.000000,6.000000,6.000000,94.000000,94.000000,94.000000,94.000000,94.000000,5.0,201.0226,178.3043,-220.8011,-198.0828,PENDING_AG03,FALSE,NOT_FOR_ENFORCEMENT,629.8708,81057.8180,-19.7785,-59.9830,-649.6493,-0.00020482,-0.00062115,40.2045,-59.9830,-0.00062115,40.2045,40.2045,40.2045,40.2045,40.2045,-59.9830,-0.00062115,201.0226,178.3043,-220.8011,-198.0828,-0.00228650,-0.00205124,-0.00672743,343.6555,307.9704,2.3931,16.3433,2.9389,2355.2975,6.8293,231.6562,349.0883,135.8696,203.8044,689.6552,689.6552,689.6552,689.6552,203.8044,0.0,3.383908,3.383908,1.686203,29,115,53,2,0.03118585,0.00693895,0.48898037,0.00800000,0.800000,0.892971,0.021352,-0.49755819,2026-03-28,2026-08-04,41,228,202,130,0.315385,0.663603,0.674094,0.103953,,,,,,,,GLOBAL_BASELINE_NO_ENTITY_RANKING,,,NOT_APPLICABLE_GLOBAL_BASELINE,HF9g-P5,,,,X 全窗基线 · 不参与实体赏罚,3920494,393,A168_HF9F_20260827_0900,2026-08-27 09:00:00
2026-04-30,110102342,2174,0,344.8275862069,344.8275862069,347.5862068966,1.0000000,1,1,0.49324550000000000,0.493245500000,1.01360149184955,1.01360149184955,1.01360149184955,0E-17,ELIGIBLE,R03b_20260811_FULL_v1,L1_ELIGIBILITY,v2026-08-11,2026-03-21..2026-08-06,baccarat_bet02_101_all_pairs_incl_sentinel,round_win = game_pnl > 0 (decisive only),COMPATIBILITY_ONLY_NOT_PRODUCTION,96567.1958,86231.7213,670.0753,281,280,-0.00693895,-0.48898037,0.00857782,-0.01408272,-670.0753,96567.1958,OK,689.8538,40.2045,6.0000,94.0000,AG03-UNRESOLVED,ALL5_LEVELS_bet23_to_bet27,40.2045,40.2045,40.2045,40.2045,40.2045,6.000000,6.000000,6.000000,6.000000,6.000000,94.000000,94.000000,94.000000,94.000000,94.000000,5.0,201.0226,178.3043,-220.8011,-198.0828,PENDING_AG03,FALSE,NOT_FOR_ENFORCEMENT,629.8708,81057.8180,-19.7785,-59.9830,-649.6493,-0.00020482,-0.00062115,40.2045,-59.9830,-0.00062115,40.2045,40.2045,40.2045,40.2045,40.2045,-59.9830,-0.00062115,201.0226,178.3043,-220.8011,-198.0828,-0.00228650,-0.00205124,-0.00672743,343.6555,307.9704,2.3931,16.3433,2.9389,2355.2975,6.8293,231.6562,349.0883,135.8696,203.8044,689.6552,689.6552,689.6552,689.6552,203.8044,0.0,3.383908,3.383908,1.686203,29,115,53,2,0.03118585,0.00693895,0.48898037,0.00800000,0.800000,0.892971,0.021352,-0.49755819,2026-03-28,2026-08-04,41,228,202,130,0.315385,0.663603,0.674094,0.103953,,,,,,,,GLOBAL_BASELINE_NO_ENTITY_RANKING,,,NOT_APPLICABLE_GLOBAL_BASELINE,HF9g-P5,,,,X 全窗基线 · 不参与实体赏罚,3920495,393,A168_HF9F_20260827_0900,2026-08-27 09:00:00
2026-04-30,110102342,2242,0,179.3103448276,-179.3103448276,-177.8758620690,0E-7,1,1,0.49324550000000000,0.493245500000,-0.9865810262130424,-0.9865810262130424,-0.9865810262130424,0E-17,ELIGIBLE,R03b_20260811_FULL_v1,L1_ELIGIBILITY,v2026-08-11,2026-03-21..2026-08-06,baccarat_bet02_101_all_pairs_incl_sentinel,round_win = game_pnl > 0 (decisive only),COMPATIBILITY_ONLY_NOT_PRODUCTION,96567.1958,86231.7213,670.0753,281,280,-0.00693895,-0.48898037,0.00857782,-0.01408272,-670.0753,96567.1958,OK,689.8538,40.2045,6.0000,94.0000,AG03-UNRESOLVED,ALL5_LEVELS_bet23_to_bet27,40.2045,40.2045,40.2045,40.2045,40.2045,6.000000,6.000000,6.000000,6.000000,6.000000,94.000000,94.000000,94.000000,94.000000,94.000000,5.0,201.0226,178.3043,-220.8011,-198.0828,PENDING_AG03,FALSE,NOT_FOR_ENFORCEMENT,629.8708,81057.8180,-19.7785,-59.9830,-649.6493,-0.00020482,-0.00062115,40.2045,-59.9830,-0.00062115,40.2045,40.2045,40.2045,40.2045,40.2045,-59.9830,-0.00062115,201.0226,178.3043,-220.8011,-198.0828,-0.00228650,-0.00205124,-0.00672743,343.6555,307.9704,2.3931,16.3433,2.9389,2355.2975,6.8293,231.6562,349.0883,135.8696,203.8044,689.6552,689.6552,689.6552,689.6552,203.8044,0.0,3.383908,3.383908,1.686203,29,115,53,2,0.03118585,0.00693895,0.48898037,0.00800000,0.800000,0.892971,0.021352,-0.49755819,2026-03-28,2026-08-04,41,228,202,130,0.315385,0.663603,0.674094,0.103953,,,,,,,,GLOBAL_BASELINE_NO_ENTITY_RANKING,,,NOT_APPLICABLE_GLOBAL_BASELINE,HF9g-P5,,,,X 全窗基线 · 不参与实体赏罚,3920496,393,A168_HF9F_20260827_0900,2026-08-27 09:00:00
2026-04-30,110102342,986,0,689.6551724138,689.6551724138,695.1724137931,1.0000000,1,1,0.49324550000000000,0.493245500000,1.01360149184955,1.01360149184955,1.01360149184955,0E-17,ELIGIBLE,R03b_20260811_FULL_v1,L1_ELIGIBILITY,v2026-08-11,2026-03-21..2026-08-06,baccarat_bet02_101_all_pairs_incl_sentinel,round_win = game_pnl > 0 (decisive only),COMPATIBILITY_ONLY_NOT_PRODUCTION,96567.1958,86231.7213,670.0753,281,280,-0.00693895,-0.48898037,0.00857782,-0.01408272,-670.0753,96567.1958,OK,689.8538,40.2045,6.0000,94.0000,AG03-UNRESOLVED,ALL5_LEVELS_bet23_to_bet27,40.2045,40.2045,40.2045,40.2045,40.2045,6.000000,6.000000,6.000000,6.000000,6.000000,94.000000,94.000000,94.000000,94.000000,94.000000,5.0,201.0226,178.3043,-220.8011,-198.0828,PENDING_AG03,FALSE,NOT_FOR_ENFORCEMENT,629.8708,81057.8180,-19.7785,-59.9830,-649.6493,-0.00020482,-0.00062115,40.2045,-59.9830,-0.00062115,40.2045,40.2045,40.2045,40.2045,40.2045,-59.9830,-0.00062115,201.0226,178.3043,-220.8011,-198.0828,-0.00228650,-0.00205124,-0.00672743,343.6555,307.9704,2.3931,16.3433,2.9389,2355.2975,6.8293,231.6562,349.0883,135.8696,203.8044,689.6552,689.6552,689.6552,689.6552,203.8044,0.0,3.383908,3.383908,1.686203,29,115,53,2,0.03118585,0.00693895,0.48898037,0.00800000,0.800000,0.892971,0.021352,-0.49755819,2026-03-28,2026-08-04,41,228,202,130,0.315385,0.663603,0.674094,0.103953,,,,,,,,GLOBAL_BASELINE_NO_ENTITY_RANKING,,,NOT_APPLICABLE_GLOBAL_BASELINE,HF9g-P5,,,,X 全窗基线 · 不参与实体赏罚,3920497,393,A168_HF9F_20260827_0900,2026-08-27 09:00:00
2026-05-01,110102342,-1,1,1025.9917920657,1025.9917920657,1034.1997264022,1.0000000,2,2,0.49324550000000000,0.493245500000,1.4334489766152358,1.4334489766152358,1.4334489766152358,0E-17,SENTINEL_DEALER,R03b_20260811_FULL_v1,L1_ELIGIBILITY,v2026-08-11,2026-03-21..2026-08-06,baccarat_bet02_101_all_pairs_incl_sentinel,round_win = game_pnl > 0 (decisive only),COMPATIBILITY_ONLY_NOT_PRODUCTION,96567.1958,86231.7213,670.0753,281,280,-0.00693895,-0.48898037,0.00857782,-0.01408272,-670.0753,96567.1958,OK,689.8538,40.2045,6.0000,94.0000,AG03-UNRESOLVED,ALL5_LEVELS_bet23_to_bet27,40.2045,40.2045,40.2045,40.2045,40.2045,6.000000,6.000000,6.000000,6.000000,6.000000,94.000000,94.000000,94.000000,94.000000,94.000000,5.0,201.0226,178.3043,-220.8011,-198.0828,PENDING_AG03,FALSE,NOT_FOR_ENFORCEMENT,629.8708,81057.8180,-19.7785,-59.9830,-649.6493,-0.00020482,-0.00062115,40.2045,-59.9830,-0.00062115,40.2045,40.2045,40.2045,40.2045,40.2045,-59.9830,-0.00062115,201.0226,178.3043,-220.8011,-198.0828,-0.00228650,-0.00205124,-0.00672743,343.6555,307.9704,2.3931,16.3433,2.9389,2355.2975,6.8293,231.6562,349.0883,135.8696,203.8044,689.6552,689.6552,689.6552,689.6552,203.8044,0.0,3.383908,3.383908,1.686203,29,115,53,2,0.03118585,0.00693895,0.48898037,0.00800000,0.800000,0.892971,0.021352,-0.49755819,2026-03-28,2026-08-04,41,228,202,130,0.315385,0.663603,0.674094,0.103953,,,,,,,,GLOBAL_BASELINE_NO_ENTITY_RANKING,,,NOT_APPLICABLE_GLOBAL_BASELINE,HF9g-P5,,,,X 全窗基线 · 不参与实体赏罚,3920498,393,A168_HF9F_20260827_0900,2026-08-27 09:00:00
2026-05-01,110102342,1505,0,205.1983584131,-205.1983584131,-203.5567715458,0E-7,1,1,0.49324550000000000,0.493245500000,-0.9865810262130424,-0.9865810262130424,-0.9865810262130424,0E-17,ELIGIBLE,R03b_20260811_FULL_v1,L1_ELIGIBILITY,v2026-08-11,2026-03-21..2026-08-06,baccarat_bet02_101_all_pairs_incl_sentinel,round_win = game_pnl > 0 (decisive only),COMPATIBILITY_ONLY_NOT_PRODUCTION,96567.1958,86231.7213,670.0753,281,280,-0.00693895,-0.48898037,0.00857782,-0.01408272,-670.0753,96567.1958,OK,689.8538,40.2045,6.0000,94.0000,AG03-UNRESOLVED,ALL5_LEVELS_bet23_to_bet27,40.2045,40.2045,40.2045,40.2045,40.2045,6.000000,6.000000,6.000000,6.000000,6.000000,94.000000,94.000000,94.000000,94.000000,94.000000,5.0,201.0226,178.3043,-220.8011,-198.0828,PENDING_AG03,FALSE,NOT_FOR_ENFORCEMENT,629.8708,81057.8180,-19.7785,-59.9830,-649.6493,-0.00020482,-0.00062115,40.2045,-59.9830,-0.00062115,40.2045,40.2045,40.2045,40.2045,40.2045,-59.9830,-0.00062115,201.0226,178.3043,-220.8011,-198.0828,-0.00228650,-0.00205124,-0.00672743,343.6555,307.9704,2.3931,16.3433,2.9389,2355.2975,6.8293,231.6562,349.0883,135.8696,203.8044,689.6552,689.6552,689.6552,689.6552,203.8044,0.0,3.383908,3.383908,1.686203,29,115,53,2,0.03118585,0.00693895,0.48898037,0.00800000,0.800000,0.892971,0.021352,-0.49755819,2026-03-28,2026-08-04,41,228,202,130,0.315385,0.663603,0.674094,0.103953,,,,,,,,GLOBAL_BASELINE_NO_ENTITY_RANKING,,,NOT_APPLICABLE_GLOBAL_BASELINE,HF9g-P5,,,,X 全窗基线 · 不参与实体赏罚,3920499,393,A168_HF9F_20260827_0900,2026-08-27 09:00:00
2026-05-01,110102342,1966,0,348.8372093023,348.8372093023,351.6279069767,1.0000000,1,1,0.49324550000000000,0.493245500000,1.01360149184955,1.01360149184955,1.01360149184955,0E-17,ELIGIBLE,R03b_20260811_FULL_v1,L1_ELIGIBILITY,v2026-08-11,2026-03-21..2026-08-06,baccarat_bet02_101_all_pairs_incl_sentinel,round_win = game_pnl > 0 (decisive only),COMPATIBILITY_ONLY_NOT_PRODUCTION,96567.1958,86231.7213,670.0753,281,280,-0.00693895,-0.48898037,0.00857782,-0.01408272,-670.0753,96567.1958,OK,689.8538,40.2045,6.0000,94.0000,AG03-UNRESOLVED,ALL5_LEVELS_bet23_to_bet27,40.2045,40.2045,40.2045,40.2045,40.2045,6.000000,6.000000,6.000000,6.000000,6.000000,94.000000,94.000000,94.000000,94.000000,94.000000,5.0,201.0226,178.3043,-220.8011,-198.0828,PENDING_AG03,FALSE,NOT_FOR_ENFORCEMENT,629.8708,81057.8180,-19.7785,-59.9830,-649.6493,-0.00020482,-0.00062115,40.2045,-59.9830,-0.00062115,40.2045,40.2045,40.2045,40.2045,40.2045,-59.9830,-0.00062115,201.0226,178.3043,-220.8011,-198.0828,-0.00228650,-0.00205124,-0.00672743,343.6555,307.9704,2.3931,16.3433,2.9389,2355.2975,6.8293,231.6562,349.0883,135.8696,203.8044,689.6552,689.6552,689.6552,689.6552,203.8044,0.0,3.383908,3.383908,1.686203,29,115,53,2,0.03118585,0.00693895,0.48898037,0.00800000,0.800000,0.892971,0.021352,-0.49755819,2026-03-28,2026-08-04,41,228,202,130,0.315385,0.663603,0.674094,0.103953,,,,,,,,GLOBAL_BASELINE_NO_ENTITY_RANKING,,,NOT_APPLICABLE_GLOBAL_BASELINE,HF9g-P5,,,,X 全窗基线 · 不参与实体赏罚,3920500,393,A168_HF9F_20260827_0900,2026-08-27 09:00:00
2026-05-01,110102342,2174,0,512.9958960328,-341.9972640219,-339.2612859097,0E-7,2,2,0.49324550000000000,0.493245500000,-0.9865810262130424,-0.9865810262130424,-0.9865810262130424,0E-17,ELIGIBLE,R03b_20260811_FULL_v1,L1_ELIGIBILITY,v2026-08-11,2026-03-21..2026-08-06,baccarat_bet02_101_all_pairs_incl_sentinel,round_win = game_pnl > 0 (decisive only),COMPATIBILITY_ONLY_NOT_PRODUCTION,96567.1958,86231.7213,670.0753,281,280,-0.00693895,-0.48898037,0.00857782,-0.01408272,-670.0753,96567.1958,OK,689.8538,40.2045,6.0000,94.0000,AG03-UNRESOLVED,ALL5_LEVELS_bet23_to_bet27,40.2045,40.2045,40.2045,40.2045,40.2045,6.000000,6.000000,6.000000,6.000000,6.000000,94.000000,94.000000,94.000000,94.000000,94.000000,5.0,201.0226,178.3043,-220.8011,-198.0828,PENDING_AG03,FALSE,NOT_FOR_ENFORCEMENT,629.8708,81057.8180,-19.7785,-59.9830,-649.6493,-0.00020482,-0.00062115,40.2045,-59.9830,-0.00062115,40.2045,40.2045,40.2045,40.2045,40.2045,-59.9830,-0.00062115,201.0226,178.3043,-220.8011,-198.0828,-0.00228650,-0.00205124,-0.00672743,343.6555,307.9704,2.3931,16.3433,2.9389,2355.2975,6.8293,231.6562,349.0883,135.8696,203.8044,689.6552,689.6552,689.6552,689.6552,203.8044,0.0,3.383908,3.383908,1.686203,29,115,53,2,0.03118585,0.00693895,0.48898037,0.00800000,0.800000,0.892971,0.021352,-0.49755819,2026-03-28,2026-08-04,41,228,202,130,0.315385,0.663603,0.674094,0.103953,,,,,,,,GLOBAL_BASELINE_NO_ENTITY_RANKING,,,NOT_APPLICABLE_GLOBAL_BASELINE,HF9g-P5,,,,X 全窗基线 · 不参与实体赏罚,3920501,393,A168_HF9F_20260827_0900,2026-08-27 09:00:00
2026-05-01,110102342,526,0,341.9972640219,0E-10,0E-10,,1,1,0.49324550000000000,0.493245500000,,,,0E-17,NO_DECISIVE_ROUND,R03b_20260811_FULL_v1,L1_ELIGIBILITY,v2026-08-11,2026-03-21..2026-08-06,baccarat_bet02_101_all_pairs_incl_sentinel,round_win = game_pnl > 0 (decisive only),COMPATIBILITY_ONLY_NOT_PRODUCTION,96567.1958,86231.7213,670.0753,281,280,-0.00693895,-0.48898037,0.00857782,-0.01408272,-670.0753,96567.1958,OK,689.8538,40.2045,6.0000,94.0000,AG03-UNRESOLVED,ALL5_LEVELS_bet23_to_bet27,40.2045,40.2045,40.2045,40.2045,40.2045,6.000000,6.000000,6.000000,6.000000,6.000000,94.000000,94.000000,94.000000,94.000000,94.000000,5.0,201.0226,178.3043,-220.8011,-198.0828,PENDING_AG03,FALSE,NOT_FOR_ENFORCEMENT,629.8708,81057.8180,-19.7785,-59.9830,-649.6493,-0.00020482,-0.00062115,40.2045,-59.9830,-0.00062115,40.2045,40.2045,40.2045,40.2045,40.2045,-59.9830,-0.00062115,201.0226,178.3043,-220.8011,-198.0828,-0.00228650,-0.00205124,-0.00672743,343.6555,307.9704,2.3931,16.3433,2.9389,2355.2975,6.8293,231.6562,349.0883,135.8696,203.8044,689.6552,689.6552,689.6552,689.6552,203.8044,0.0,3.383908,3.383908,1.686203,29,115,53,2,0.03118585,0.00693895,0.48898037,0.00800000,0.800000,0.892971,0.021352,-0.49755819,2026-03-28,2026-08-04,41,228,202,130,0.315385,0.663603,0.674094,0.103953,,,,,,,,GLOBAL_BASELINE_NO_ENTITY_RANKING,,,NOT_APPLICABLE_GLOBAL_BASELINE,HF9g-P5,,,,X 全窗基线 · 不参与实体赏罚,3920502,393,A168_HF9F_20260827_0900,2026-08-27 09:00:00
2026-05-01,110102342,919,0,170.9986320109,170.9986320109,172.3666210670,1.0000000,1,1,0.49324550000000000,0.493245500000,1.01360149184955,1.01360149184955,1.01360149184955,0E-17,ELIGIBLE,R03b_20260811_FULL_v1,L1_ELIGIBILITY,v2026-08-11,2026-03-21..2026-08-06,baccarat_bet02_101_all_pairs_incl_sentinel,round_win = game_pnl > 0 (decisive only),COMPATIBILITY_ONLY_NOT_PRODUCTION,96567.1958,86231.7213,670.0753,281,280,-0.00693895,-0.48898037,0.00857782,-0.01408272,-670.0753,96567.1958,OK,689.8538,40.2045,6.0000,94.0000,AG03-UNRESOLVED,ALL5_LEVELS_bet23_to_bet27,40.2045,40.2045,40.2045,40.2045,40.2045,6.000000,6.000000,6.000000,6.000000,6.000000,94.000000,94.000000,94.000000,94.000000,94.000000,5.0,201.0226,178.3043,-220.8011,-198.0828,PENDING_AG03,FALSE,NOT_FOR_ENFORCEMENT,629.8708,81057.8180,-19.7785,-59.9830,-649.6493,-0.00020482,-0.00062115,40.2045,-59.9830,-0.00062115,40.2045,40.2045,40.2045,40.2045,40.2045,-59.9830,-0.00062115,201.0226,178.3043,-220.8011,-198.0828,-0.00228650,-0.00205124,-0.00672743,343.6555,307.9704,2.3931,16.3433,2.9389,2355.2975,6.8293,231.6562,349.0883,135.8696,203.8044,689.6552,689.6552,689.6552,689.6552,203.8044,0.0,3.383908,3.383908,1.686203,29,115,53,2,0.03118585,0.00693895,0.48898037,0.00800000,0.800000,0.892971,0.021352,-0.49755819,2026-03-28,2026-08-04,41,228,202,130,0.315385,0.663603,0.674094,0.103953,,,,,,,,GLOBAL_BASELINE_NO_ENTITY_RANKING,,,NOT_APPLICABLE_GLOBAL_BASELINE,HF9g-P5,,,,X 全窗基线 · 不参与实体赏罚,3920503,393,A168_HF9F_20260827_0900,2026-08-27 09:00:00
2026-05-02,110102342,-1,1,273.5978112175,-273.5978112175,-271.4090287278,0E-7,1,1,0.49324550000000000,0.493245500000,-0.9865810262130424,-0.9865810262130424,-0.9865810262130424,0E-17,SENTINEL_DEALER,R03b_20260811_FULL_v1,L1_ELIGIBILITY,v2026-08-11,2026-03-21..2026-08-06,baccarat_bet02_101_all_pairs_incl_sentinel,round_win = game_pnl > 0 (decisive only),COMPATIBILITY_ONLY_NOT_PRODUCTION,96567.1958,86231.7213,670.0753,281,280,-0.00693895,-0.48898037,0.00857782,-0.01408272,-670.0753,96567.1958,OK,689.8538,40.2045,6.0000,94.0000,AG03-UNRESOLVED,ALL5_LEVELS_bet23_to_bet27,40.2045,40.2045,40.2045,40.2045,40.2045,6.000000,6.000000,6.000000,6.000000,6.000000,94.000000,94.000000,94.000000,94.000000,94.000000,5.0,201.0226,178.3043,-220.8011,-198.0828,PENDING_AG03,FALSE,NOT_FOR_ENFORCEMENT,629.8708,81057.8180,-19.7785,-59.9830,-649.6493,-0.00020482,-0.00062115,40.2045,-59.9830,-0.00062115,40.2045,40.2045,40.2045,40.2045,40.2045,-59.9830,-0.00062115,201.0226,178.3043,-220.8011,-198.0828,-0.00228650,-0.00205124,-0.00672743,343.6555,307.9704,2.3931,16.3433,2.9389,2355.2975,6.8293,231.6562,349.0883,135.8696,203.8044,689.6552,689.6552,689.6552,689.6552,203.8044,0.0,3.383908,3.383908,1.686203,29,115,53,2,0.03118585,0.00693895,0.48898037,0.00800000,0.800000,0.892971,0.021352,-0.49755819,2026-03-28,2026-08-04,41,228,202,130,0.315385,0.663603,0.674094,0.103953,,,,,,,,GLOBAL_BASELINE_NO_ENTITY_RANKING,,,NOT_APPLICABLE_GLOBAL_BASELINE,HF9g-P5,,,,X 全窗基线 · 不参与实体赏罚,3920504,393,A168_HF9F_20260827_0900,2026-08-27 09:00:00
2026-05-02,110102342,1257,0,273.5978112175,273.5978112175,275.7865937073,1.0000000,1,1,0.49324550000000000,0.493245500000,1.01360149184955,1.01360149184955,1.01360149184955,0E-17,ELIGIBLE,R03b_20260811_FULL_v1,L1_ELIGIBILITY,v2026-08-11,2026-03-21..2026-08-06,baccarat_bet02_101_all_pairs_incl_sentinel,round_win = game_pnl > 0 (decisive only),COMPATIBILITY_ONLY_NOT_PRODUCTION,96567.1958,86231.7213,670.0753,281,280,-0.00693895,-0.48898037,0.00857782,-0.01408272,-670.0753,96567.1958,OK,689.8538,40.2045,6.0000,94.0000,AG03-UNRESOLVED,ALL5_LEVELS_bet23_to_bet27,40.2045,40.2045,40.2045,40.2045,40.2045,6.000000,6.000000,6.000000,6.000000,6.000000,94.000000,94.000000,94.000000,94.000000,94.000000,5.0,201.0226,178.3043,-220.8011,-198.0828,PENDING_AG03,FALSE,NOT_FOR_ENFORCEMENT,629.8708,81057.8180,-19.7785,-59.9830,-649.6493,-0.00020482,-0.00062115,40.2045,-59.9830,-0.00062115,40.2045,40.2045,40.2045,40.2045,40.2045,-59.9830,-0.00062115,201.0226,178.3043,-220.8011,-198.0828,-0.00228650,-0.00205124,-0.00672743,343.6555,307.9704,2.3931,16.3433,2.9389,2355.2975,6.8293,231.6562,349.0883,135.8696,203.8044,689.6552,689.6552,689.6552,689.6552,203.8044,0.0,3.383908,3.383908,1.686203,29,115,53,2,0.03118585,0.00693895,0.48898037,0.00800000,0.800000,0.892971,0.021352,-0.49755819,2026-03-28,2026-08-04,41,228,202,130,0.315385,0.663603,0.674094,0.103953,,,,,,,,GLOBAL_BASELINE_NO_ENTITY_RANKING,,,NOT_APPLICABLE_GLOBAL_BASELINE,HF9g-P5,,,,X 全窗基线 · 不参与实体赏罚,3920505,393,A168_HF9F_20260827_0900,2026-08-27 09:00:00
2026-05-02,110102342,1963,0,20.5198358413,-20.5198358413,-20.3556771546,0E-7,1,1,0.49324550000000000,0.493245500000,-0.9865810262130424,-0.9865810262130424,-0.9865810262130424,0E-17,ELIGIBLE,R03b_20260811_FULL_v1,L1_ELIGIBILITY,v2026-08-11,2026-03-21..2026-08-06,baccarat_bet02_101_all_pairs_incl_sentinel,round_win = game_pnl > 0 (decisive only),COMPATIBILITY_ONLY_NOT_PRODUCTION,96567.1958,86231.7213,670.0753,281,280,-0.00693895,-0.48898037,0.00857782,-0.01408272,-670.0753,96567.1958,OK,689.8538,40.2045,6.0000,94.0000,AG03-UNRESOLVED,ALL5_LEVELS_bet23_to_bet27,40.2045,40.2045,40.2045,40.2045,40.2045,6.000000,6.000000,6.000000,6.000000,6.000000,94.000000,94.000000,94.000000,94.000000,94.000000,5.0,201.0226,178.3043,-220.8011,-198.0828,PENDING_AG03,FALSE,NOT_FOR_ENFORCEMENT,629.8708,81057.8180,-19.7785,-59.9830,-649.6493,-0.00020482,-0.00062115,40.2045,-59.9830,-0.00062115,40.2045,40.2045,40.2045,40.2045,40.2045,-59.9830,-0.00062115,201.0226,178.3043,-220.8011,-198.0828,-0.00228650,-0.00205124,-0.00672743,343.6555,307.9704,2.3931,16.3433,2.9389,2355.2975,6.8293,231.6562,349.0883,135.8696,203.8044,689.6552,689.6552,689.6552,689.6552,203.8044,0.0,3.383908,3.383908,1.686203,29,115,53,2,0.03118585,0.00693895,0.48898037,0.00800000,0.800000,0.892971,0.021352,-0.49755819,2026-03-28,2026-08-04,41,228,202,130,0.315385,0.663603,0.674094,0.103953,,,,,,,,GLOBAL_BASELINE_NO_ENTITY_RANKING,,,NOT_APPLICABLE_GLOBAL_BASELINE,HF9g-P5,,,,X 全窗基线 · 不参与实体赏罚,3920506,393,A168_HF9F_20260827_0900,2026-08-27 09:00:00
2026-05-02,110102342,2134,0,512.9958960328,512.9958960328,517.0998632011,1.0000000,2,2,0.49324550000000000,0.493245500000,1.4334489766152358,1.4334489766152358,1.4334489766152358,0E-17,ELIGIBLE,R03b_20260811_FULL_v1,L1_ELIGIBILITY,v2026-08-11,2026-03-21..2026-08-06,baccarat_bet02_101_all_pairs_incl_sentinel,round_win = game_pnl > 0 (decisive only),COMPATIBILITY_ONLY_NOT_PRODUCTION,96567.1958,86231.7213,670.0753,281,280,-0.00693895,-0.48898037,0.00857782,-0.01408272,-670.0753,96567.1958,OK,689.8538,40.2045,6.0000,94.0000,AG03-UNRESOLVED,ALL5_LEVELS_bet23_to_bet27,40.2045,40.2045,40.2045,40.2045,40.2045,6.000000,6.000000,6.000000,6.000000,6.000000,94.000000,94.000000,94.000000,94.000000,94.000000,5.0,201.0226,178.3043,-220.8011,-198.0828,PENDING_AG03,FALSE,NOT_FOR_ENFORCEMENT,629.8708,81057.8180,-19.7785,-59.9830,-649.6493,-0.00020482,-0.00062115,40.2045,-59.9830,-0.00062115,40.2045,40.2045,40.2045,40.2045,40.2045,-59.9830,-0.00062115,201.0226,178.3043,-220.8011,-198.0828,-0.00228650,-0.00205124,-0.00672743,343.6555,307.9704,2.3931,16.3433,2.9389,2355.2975,6.8293,231.6562,349.0883,135.8696,203.8044,689.6552,689.6552,689.6552,689.6552,203.8044,0.0,3.383908,3.383908,1.686203,29,115,53,2,0.03118585,0.00693895,0.48898037,0.00800000,0.800000,0.892971,0.021352,-0.49755819,2026-03-28,2026-08-04,41,228,202,130,0.315385,0.663603,0.674094,0.103953,,,,,,,,GLOBAL_BASELINE_NO_ENTITY_RANKING,,,NOT_APPLICABLE_GLOBAL_BASELINE,HF9g-P5,,,,X 全窗基线 · 不参与实体赏罚,3920507,393,A168_HF9F_20260827_0900,2026-08-27 09:00:00
2026-05-02,110102342,2246,0,273.5978112175,-273.5978112175,-271.4090287278,0E-7,1,1,0.49324550000000000,0.493245500000,-0.9865810262130424,-0.9865810262130424,-0.9865810262130424,0E-17,ELIGIBLE,R03b_20260811_FULL_v1,L1_ELIGIBILITY,v2026-08-11,2026-03-21..2026-08-06,baccarat_bet02_101_all_pairs_incl_sentinel,round_win = game_pnl > 0 (decisive only),COMPATIBILITY_ONLY_NOT_PRODUCTION,96567.1958,86231.7213,670.0753,281,280,-0.00693895,-0.48898037,0.00857782,-0.01408272,-670.0753,96567.1958,OK,689.8538,40.2045,6.0000,94.0000,AG03-UNRESOLVED,ALL5_LEVELS_bet23_to_bet27,40.2045,40.2045,40.2045,40.2045,40.2045,6.000000,6.000000,6.000000,6.000000,6.000000,94.000000,94.000000,94.000000,94.000000,94.000000,5.0,201.0226,178.3043,-220.8011,-198.0828,PENDING_AG03,FALSE,NOT_FOR_ENFORCEMENT,629.8708,81057.8180,-19.7785,-59.9830,-649.6493,-0.00020482,-0.00062115,40.2045,-59.9830,-0.00062115,40.2045,40.2045,40.2045,40.2045,40.2045,-59.9830,-0.00062115,201.0226,178.3043,-220.8011,-198.0828,-0.00228650,-0.00205124,-0.00672743,343.6555,307.9704,2.3931,16.3433,2.9389,2355.2975,6.8293,231.6562,349.0883,135.8696,203.8044,689.6552,689.6552,689.6552,689.6552,203.8044,0.0,3.383908,3.383908,1.686203,29,115,53,2,0.03118585,0.00693895,0.48898037,0.00800000,0.800000,0.892971,0.021352,-0.49755819,2026-03-28,2026-08-04,41,228,202,130,0.315385,0.663603,0.674094,0.103953,,,,,,,,GLOBAL_BASELINE_NO_ENTITY_RANKING,,,NOT_APPLICABLE_GLOBAL_BASELINE,HF9g-P5,,,,X 全窗基线 · 不参与实体赏罚,3920508,393,A168_HF9F_20260827_0900,2026-08-27 09:00:00
2026-05-03,110102342,1714,0,170.9986320109,-170.9986320109,-169.6306429549,0E-7,1,1,0.49324550000000000,0.493245500000,-0.9865810262130424,-0.9865810262130424,-0.9865810262130424,0E-17,ELIGIBLE,R03b_20260811_FULL_v1,L1_ELIGIBILITY,v2026-08-11,2026-03-21..2026-08-06,baccarat_bet02_101_all_pairs_incl_sentinel,round_win = game_pnl > 0 (decisive only),COMPATIBILITY_ONLY_NOT_PRODUCTION,96567.1958,86231.7213,670.0753,281,280,-0.00693895,-0.48898037,0.00857782,-0.01408272,-670.0753,96567.1958,OK,689.8538,40.2045,6.0000,94.0000,AG03-UNRESOLVED,ALL5_LEVELS_bet23_to_bet27,40.2045,40.2045,40.2045,40.2045,40.2045,6.000000,6.000000,6.000000,6.000000,6.000000,94.000000,94.000000,94.000000,94.000000,94.000000,5.0,201.0226,178.3043,-220.8011,-198.0828,PENDING_AG03,FALSE,NOT_FOR_ENFORCEMENT,629.8708,81057.8180,-19.7785,-59.9830,-649.6493,-0.00020482,-0.00062115,40.2045,-59.9830,-0.00062115,40.2045,40.2045,40.2045,40.2045,40.2045,-59.9830,-0.00062115,201.0226,178.3043,-220.8011,-198.0828,-0.00228650,-0.00205124,-0.00672743,343.6555,307.9704,2.3931,16.3433,2.9389,2355.2975,6.8293,231.6562,349.0883,135.8696,203.8044,689.6552,689.6552,689.6552,689.6552,203.8044,0.0,3.383908,3.383908,1.686203,29,115,53,2,0.03118585,0.00693895,0.48898037,0.00800000,0.800000,0.892971,0.021352,-0.49755819,2026-03-28,2026-08-04,41,228,202,130,0.315385,0.663603,0.674094,0.103953,,,,,,,,GLOBAL_BASELINE_NO_ENTITY_RANKING,,,NOT_APPLICABLE_GLOBAL_BASELINE,HF9g-P5,,,,X 全窗基线 · 不参与实体赏罚,3920509,393,A168_HF9F_20260827_0900,2026-08-27 09:00:00
2026-05-03,110102342,1947,0,27.3597811218,-27.3597811218,-27.1409028728,0E-7,1,1,0.49324550000000000,0.493245500000,-0.9865810262130424,-0.9865810262130424,-0.9865810262130424,0E-17,ELIGIBLE,R03b_20260811_FULL_v1,L1_ELIGIBILITY,v2026-08-11,2026-03-21..2026-08-06,baccarat_bet02_101_all_pairs_incl_sentinel,round_win = game_pnl > 0 (decisive only),COMPATIBILITY_ONLY_NOT_PRODUCTION,96567.1958,86231.7213,670.0753,281,280,-0.00693895,-0.48898037,0.00857782,-0.01408272,-670.0753,96567.1958,OK,689.8538,40.2045,6.0000,94.0000,AG03-UNRESOLVED,ALL5_LEVELS_bet23_to_bet27,40.2045,40.2045,40.2045,40.2045,40.2045,6.000000,6.000000,6.000000,6.000000,6.000000,94.000000,94.000000,94.000000,94.000000,94.000000,5.0,201.0226,178.3043,-220.8011,-198.0828,PENDING_AG03,FALSE,NOT_FOR_ENFORCEMENT,629.8708,81057.8180,-19.7785,-59.9830,-649.6493,-0.00020482,-0.00062115,40.2045,-59.9830,-0.00062115,40.2045,40.2045,40.2045,40.2045,40.2045,-59.9830,-0.00062115,201.0226,178.3043,-220.8011,-198.0828,-0.00228650,-0.00205124,-0.00672743,343.6555,307.9704,2.3931,16.3433,2.9389,2355.2975,6.8293,231.6562,349.0883,135.8696,203.8044,689.6552,689.6552,689.6552,689.6552,203.8044,0.0,3.383908,3.383908,1.686203,29,115,53,2,0.03118585,0.00693895,0.48898037,0.00800000,0.800000,0.892971,0.021352,-0.49755819,2026-03-28,2026-08-04,41,228,202,130,0.315385,0.663603,0.674094,0.103953,,,,,,,,GLOBAL_BASELINE_NO_ENTITY_RANKING,,,NOT_APPLICABLE_GLOBAL_BASELINE,HF9g-P5,,,,X 全窗基线 · 不参与实体赏罚,3920510,393,A168_HF9F_20260827_0900,2026-08-27 09:00:00
2026-05-03,110102342,2130,0,13.6798905609,13.6798905609,13.7893296854,1.0000000,1,1,0.49324550000000000,0.493245500000,1.01360149184955,1.01360149184955,1.01360149184955,0E-17,ELIGIBLE,R03b_20260811_FULL_v1,L1_ELIGIBILITY,v2026-08-11,2026-03-21..2026-08-06,baccarat_bet02_101_all_pairs_incl_sentinel,round_win = game_pnl > 0 (decisive only),COMPATIBILITY_ONLY_NOT_PRODUCTION,96567.1958,86231.7213,670.0753,281,280,-0.00693895,-0.48898037,0.00857782,-0.01408272,-670.0753,96567.1958,OK,689.8538,40.2045,6.0000,94.0000,AG03-UNRESOLVED,ALL5_LEVELS_bet23_to_bet27,40.2045,40.2045,40.2045,40.2045,40.2045,6.000000,6.000000,6.000000,6.000000,6.000000,94.000000,94.000000,94.000000,94.000000,94.000000,5.0,201.0226,178.3043,-220.8011,-198.0828,PENDING_AG03,FALSE,NOT_FOR_ENFORCEMENT,629.8708,81057.8180,-19.7785,-59.9830,-649.6493,-0.00020482,-0.00062115,40.2045,-59.9830,-0.00062115,40.2045,40.2045,40.2045,40.2045,40.2045,-59.9830,-0.00062115,201.0226,178.3043,-220.8011,-198.0828,-0.00228650,-0.00205124,-0.00672743,343.6555,307.9704,2.3931,16.3433,2.9389,2355.2975,6.8293,231.6562,349.0883,135.8696,203.8044,689.6552,689.6552,689.6552,689.6552,203.8044,0.0,3.383908,3.383908,1.686203,29,115,53,2,0.03118585,0.00693895,0.48898037,0.00800000,0.800000,0.892971,0.021352,-0.49755819,2026-03-28,2026-08-04,41,228,202,130,0.315385,0.663603,0.674094,0.103953,,,,,,,,GLOBAL_BASELINE_NO_ENTITY_RANKING,,,NOT_APPLICABLE_GLOBAL_BASELINE,HF9g-P5,,,,X 全窗基线 · 不参与实体赏罚,3920511,393,A168_HF9F_20260827_0900,2026-08-27 09:00:00
2026-05-03,110102342,2174,0,75.2393980848,-75.2393980848,-74.6374829001,0E-7,1,1,0.49324550000000000,0.493245500000,-0.9865810262130424,-0.9865810262130424,-0.9865810262130424,0E-17,ELIGIBLE,R03b_20260811_FULL_v1,L1_ELIGIBILITY,v2026-08-11,2026-03-21..2026-08-06,baccarat_bet02_101_all_pairs_incl_sentinel,round_win = game_pnl > 0 (decisive only),COMPATIBILITY_ONLY_NOT_PRODUCTION,96567.1958,86231.7213,670.0753,281,280,-0.00693895,-0.48898037,0.00857782,-0.01408272,-670.0753,96567.1958,OK,689.8538,40.2045,6.0000,94.0000,AG03-UNRESOLVED,ALL5_LEVELS_bet23_to_bet27,40.2045,40.2045,40.2045,40.2045,40.2045,6.000000,6.000000,6.000000,6.000000,6.000000,94.000000,94.000000,94.000000,94.000000,94.000000,5.0,201.0226,178.3043,-220.8011,-198.0828,PENDING_AG03,FALSE,NOT_FOR_ENFORCEMENT,629.8708,81057.8180,-19.7785,-59.9830,-649.6493,-0.00020482,-0.00062115,40.2045,-59.9830,-0.00062115,40.2045,40.2045,40.2045,40.2045,40.2045,-59.9830,-0.00062115,201.0226,178.3043,-220.8011,-198.0828,-0.00228650,-0.00205124,-0.00672743,343.6555,307.9704,2.3931,16.3433,2.9389,2355.2975,6.8293,231.6562,349.0883,135.8696,203.8044,689.6552,689.6552,689.6552,689.6552,203.8044,0.0,3.383908,3.383908,1.686203,29,115,53,2,0.03118585,0.00693895,0.48898037,0.00800000,0.800000,0.892971,0.021352,-0.49755819,2026-03-28,2026-08-04,41,228,202,130,0.315385,0.663603,0.674094,0.103953,,,,,,,,GLOBAL_BASELINE_NO_ENTITY_RANKING,,,NOT_APPLICABLE_GLOBAL_BASELINE,HF9g-P5,,,,X 全窗基线 · 不参与实体赏罚,3920512,393,A168_HF9F_20260827_0900,2026-08-27 09:00:00
2026-05-04,110102342,1384,0,683.9945280438,-683.9945280438,-678.5225718194,0E-7,1,1,0.49324550000000000,0.493245500000,-0.9865810262130424,-0.9865810262130424,-0.9865810262130424,0E-17,ELIGIBLE,R03b_20260811_FULL_v1,L1_ELIGIBILITY,v2026-08-11,2026-03-21..2026-08-06,baccarat_bet02_101_all_pairs_incl_sentinel,round_win = game_pnl > 0 (decisive only),COMPATIBILITY_ONLY_NOT_PRODUCTION,96567.1958,86231.7213,670.0753,281,280,-0.00693895,-0.48898037,0.00857782,-0.01408272,-670.0753,96567.1958,OK,689.8538,40.2045,6.0000,94.0000,AG03-UNRESOLVED,ALL5_LEVELS_bet23_to_bet27,40.2045,40.2045,40.2045,40.2045,40.2045,6.000000,6.000000,6.000000,6.000000,6.000000,94.000000,94.000000,94.000000,94.000000,94.000000,5.0,201.0226,178.3043,-220.8011,-198.0828,PENDING_AG03,FALSE,NOT_FOR_ENFORCEMENT,629.8708,81057.8180,-19.7785,-59.9830,-649.6493,-0.00020482,-0.00062115,40.2045,-59.9830,-0.00062115,40.2045,40.2045,40.2045,40.2045,40.2045,-59.9830,-0.00062115,201.0226,178.3043,-220.8011,-198.0828,-0.00228650,-0.00205124,-0.00672743,343.6555,307.9704,2.3931,16.3433,2.9389,2355.2975,6.8293,231.6562,349.0883,135.8696,203.8044,689.6552,689.6552,689.6552,689.6552,203.8044,0.0,3.383908,3.383908,1.686203,29,115,53,2,0.03118585,0.00693895,0.48898037,0.00800000,0.800000,0.892971,0.021352,-0.49755819,2026-03-28,2026-08-04,41,228,202,130,0.315385,0.663603,0.674094,0.103953,,,,,,,,GLOBAL_BASELINE_NO_ENTITY_RANKING,,,NOT_APPLICABLE_GLOBAL_BASELINE,HF9g-P5,,,,X 全窗基线 · 不参与实体赏罚,3920513,393,A168_HF9F_20260827_0900,2026-08-27 09:00:00
2026-05-04,110102342,2196,0,683.9945280438,-683.9945280438,-678.5225718194,0E-7,1,1,0.49324550000000000,0.493245500000,-0.9865810262130424,-0.9865810262130424,-0.9865810262130424,0E-17,ELIGIBLE,R03b_20260811_FULL_v1,L1_ELIGIBILITY,v2026-08-11,2026-03-21..2026-08-06,baccarat_bet02_101_all_pairs_incl_sentinel,round_win = game_pnl > 0 (decisive only),COMPATIBILITY_ONLY_NOT_PRODUCTION,96567.1958,86231.7213,670.0753,281,280,-0.00693895,-0.48898037,0.00857782,-0.01408272,-670.0753,96567.1958,OK,689.8538,40.2045,6.0000,94.0000,AG03-UNRESOLVED,ALL5_LEVELS_bet23_to_bet27,40.2045,40.2045,40.2045,40.2045,40.2045,6.000000,6.000000,6.000000,6.000000,6.000000,94.000000,94.000000,94.000000,94.000000,94.000000,5.0,201.0226,178.3043,-220.8011,-198.0828,PENDING_AG03,FALSE,NOT_FOR_ENFORCEMENT,629.8708,81057.8180,-19.7785,-59.9830,-649.6493,-0.00020482,-0.00062115,40.2045,-59.9830,-0.00062115,40.2045,40.2045,40.2045,40.2045,40.2045,-59.9830,-0.00062115,201.0226,178.3043,-220.8011,-198.0828,-0.00228650,-0.00205124,-0.00672743,343.6555,307.9704,2.3931,16.3433,2.9389,2355.2975,6.8293,231.6562,349.0883,135.8696,203.8044,689.6552,689.6552,689.6552,689.6552,203.8044,0.0,3.383908,3.383908,1.686203,29,115,53,2,0.03118585,0.00693895,0.48898037,0.00800000,0.800000,0.892971,0.021352,-0.49755819,2026-03-28,2026-08-04,41,228,202,130,0.315385,0.663603,0.674094,0.103953,,,,,,,,GLOBAL_BASELINE_NO_ENTITY_RANKING,,,NOT_APPLICABLE_GLOBAL_BASELINE,HF9g-P5,,,,X 全窗基线 · 不参与实体赏罚,3920514,393,A168_HF9F_20260827_0900,2026-08-27 09:00:00
2026-05-04,110102342,2250,0,341.9972640219,341.9972640219,344.7332421341,1.0000000,1,1,0.49324550000000000,0.493245500000,1.01360149184955,1.01360149184955,1.01360149184955,0E-17,ELIGIBLE,R03b_20260811_FULL_v1,L1_ELIGIBILITY,v2026-08-11,2026-03-21..2026-08-06,baccarat_bet02_101_all_pairs_incl_sentinel,round_win = game_pnl > 0 (decisive only),COMPATIBILITY_ONLY_NOT_PRODUCTION,96567.1958,86231.7213,670.0753,281,280,-0.00693895,-0.48898037,0.00857782,-0.01408272,-670.0753,96567.1958,OK,689.8538,40.2045,6.0000,94.0000,AG03-UNRESOLVED,ALL5_LEVELS_bet23_to_bet27,40.2045,40.2045,40.2045,40.2045,40.2045,6.000000,6.000000,6.000000,6.000000,6.000000,94.000000,94.000000,94.000000,94.000000,94.000000,5.0,201.0226,178.3043,-220.8011,-198.0828,PENDING_AG03,FALSE,NOT_FOR_ENFORCEMENT,629.8708,81057.8180,-19.7785,-59.9830,-649.6493,-0.00020482,-0.00062115,40.2045,-59.9830,-0.00062115,40.2045,40.2045,40.2045,40.2045,40.2045,-59.9830,-0.00062115,201.0226,178.3043,-220.8011,-198.0828,-0.00228650,-0.00205124,-0.00672743,343.6555,307.9704,2.3931,16.3433,2.9389,2355.2975,6.8293,231.6562,349.0883,135.8696,203.8044,689.6552,689.6552,689.6552,689.6552,203.8044,0.0,3.383908,3.383908,1.686203,29,115,53,2,0.03118585,0.00693895,0.48898037,0.00800000,0.800000,0.892971,0.021352,-0.49755819,2026-03-28,2026-08-04,41,228,202,130,0.315385,0.663603,0.674094,0.103953,,,,,,,,GLOBAL_BASELINE_NO_ENTITY_RANKING,,,NOT_APPLICABLE_GLOBAL_BASELINE,HF9g-P5,,,,X 全窗基线 · 不参与实体赏罚,3920515,393,A168_HF9F_20260827_0900,2026-08-27 09:00:00
2026-05-05,110102342,1710,0,68.3994528044,68.3994528044,68.9466484268,1.0000000,1,1,0.49324550000000000,0.493245500000,1.01360149184955,1.01360149184955,1.01360149184955,0E-17,ELIGIBLE,R03b_20260811_FULL_v1,L1_ELIGIBILITY,v2026-08-11,2026-03-21..2026-08-06,baccarat_bet02_101_all_pairs_incl_sentinel,round_win = game_pnl > 0 (decisive only),COMPATIBILITY_ONLY_NOT_PRODUCTION,96567.1958,86231.7213,670.0753,281,280,-0.00693895,-0.48898037,0.00857782,-0.01408272,-670.0753,96567.1958,OK,689.8538,40.2045,6.0000,94.0000,AG03-UNRESOLVED,ALL5_LEVELS_bet23_to_bet27,40.2045,40.2045,40.2045,40.2045,40.2045,6.000000,6.000000,6.000000,6.000000,6.000000,94.000000,94.000000,94.000000,94.000000,94.000000,5.0,201.0226,178.3043,-220.8011,-198.0828,PENDING_AG03,FALSE,NOT_FOR_ENFORCEMENT,629.8708,81057.8180,-19.7785,-59.9830,-649.6493,-0.00020482,-0.00062115,40.2045,-59.9830,-0.00062115,40.2045,40.2045,40.2045,40.2045,40.2045,-59.9830,-0.00062115,201.0226,178.3043,-220.8011,-198.0828,-0.00228650,-0.00205124,-0.00672743,343.6555,307.9704,2.3931,16.3433,2.9389,2355.2975,6.8293,231.6562,349.0883,135.8696,203.8044,689.6552,689.6552,689.6552,689.6552,203.8044,0.0,3.383908,3.383908,1.686203,29,115,53,2,0.03118585,0.00693895,0.48898037,0.00800000,0.800000,0.892971,0.021352,-0.49755819,2026-03-28,2026-08-04,41,228,202,130,0.315385,0.663603,0.674094,0.103953,,,,,,,,GLOBAL_BASELINE_NO_ENTITY_RANKING,,,NOT_APPLICABLE_GLOBAL_BASELINE,HF9g-P5,,,,X 全窗基线 · 不参与实体赏罚,3920516,393,A168_HF9F_20260827_0900,2026-08-27 09:00:00
2026-05-05,110102342,2173,0,47.8796169631,-47.8796169631,-47.4965800274,0E-7,1,1,0.49324550000000000,0.493245500000,-0.9865810262130424,-0.9865810262130424,-0.9865810262130424,0E-17,ELIGIBLE,R03b_20260811_FULL_v1,L1_ELIGIBILITY,v2026-08-11,2026-03-21..2026-08-06,baccarat_bet02_101_all_pairs_incl_sentinel,round_win = game_pnl > 0 (decisive only),COMPATIBILITY_ONLY_NOT_PRODUCTION,96567.1958,86231.7213,670.0753,281,280,-0.00693895,-0.48898037,0.00857782,-0.01408272,-670.0753,96567.1958,OK,689.8538,40.2045,6.0000,94.0000,AG03-UNRESOLVED,ALL5_LEVELS_bet23_to_bet27,40.2045,40.2045,40.2045,40.2045,40.2045,6.000000,6.000000,6.000000,6.000000,6.000000,94.000000,94.000000,94.000000,94.000000,94.000000,5.0,201.0226,178.3043,-220.8011,-198.0828,PENDING_AG03,FALSE,NOT_FOR_ENFORCEMENT,629.8708,81057.8180,-19.7785,-59.9830,-649.6493,-0.00020482,-0.00062115,40.2045,-59.9830,-0.00062115,40.2045,40.2045,40.2045,40.2045,40.2045,-59.9830,-0.00062115,201.0226,178.3043,-220.8011,-198.0828,-0.00228650,-0.00205124,-0.00672743,343.6555,307.9704,2.3931,16.3433,2.9389,2355.2975,6.8293,231.6562,349.0883,135.8696,203.8044,689.6552,689.6552,689.6552,689.6552,203.8044,0.0,3.383908,3.383908,1.686203,29,115,53,2,0.03118585,0.00693895,0.48898037,0.00800000,0.800000,0.892971,0.021352,-0.49755819,2026-03-28,2026-08-04,41,228,202,130,0.315385,0.663603,0.674094,0.103953,,,,,,,,GLOBAL_BASELINE_NO_ENTITY_RANKING,,,NOT_APPLICABLE_GLOBAL_BASELINE,HF9g-P5,,,,X 全窗基线 · 不参与实体赏罚,3920517,393,A168_HF9F_20260827_0900,2026-08-27 09:00:00
2026-05-06,110102342,-1,1,34.1997264022,34.1997264022,34.4733242134,1.0000000,1,1,0.49324550000000000,0.493245500000,1.01360149184955,1.01360149184955,1.01360149184955,0E-17,SENTINEL_DEALER,R03b_20260811_FULL_v1,L1_ELIGIBILITY,v2026-08-11,2026-03-21..2026-08-06,baccarat_bet02_101_all_pairs_incl_sentinel,round_win = game_pnl > 0 (decisive only),COMPATIBILITY_ONLY_NOT_PRODUCTION,96567.1958,86231.7213,670.0753,281,280,-0.00693895,-0.48898037,0.00857782,-0.01408272,-670.0753,96567.1958,OK,689.8538,40.2045,6.0000,94.0000,AG03-UNRESOLVED,ALL5_LEVELS_bet23_to_bet27,40.2045,40.2045,40.2045,40.2045,40.2045,6.000000,6.000000,6.000000,6.000000,6.000000,94.000000,94.000000,94.000000,94.000000,94.000000,5.0,201.0226,178.3043,-220.8011,-198.0828,PENDING_AG03,FALSE,NOT_FOR_ENFORCEMENT,629.8708,81057.8180,-19.7785,-59.9830,-649.6493,-0.00020482,-0.00062115,40.2045,-59.9830,-0.00062115,40.2045,40.2045,40.2045,40.2045,40.2045,-59.9830,-0.00062115,201.0226,178.3043,-220.8011,-198.0828,-0.00228650,-0.00205124,-0.00672743,343.6555,307.9704,2.3931,16.3433,2.9389,2355.2975,6.8293,231.6562,349.0883,135.8696,203.8044,689.6552,689.6552,689.6552,689.6552,203.8044,0.0,3.383908,3.383908,1.686203,29,115,53,2,0.03118585,0.00693895,0.48898037,0.00800000,0.800000,0.892971,0.021352,-0.49755819,2026-03-28,2026-08-04,41,228,202,130,0.315385,0.663603,0.674094,0.103953,,,,,,,,GLOBAL_BASELINE_NO_ENTITY_RANKING,,,NOT_APPLICABLE_GLOBAL_BASELINE,HF9g-P5,,,,X 全窗基线 · 不参与实体赏罚,3920518,393,A168_HF9F_20260827_0900,2026-08-27 09:00:00
2026-05-07,110102342,1505,0,82.0793433653,-82.0793433653,-81.4227086183,0E-7,1,1,0.49324550000000000,0.493245500000,-0.9865810262130424,-0.9865810262130424,-0.9865810262130424,0E-17,ELIGIBLE,R03b_20260811_FULL_v1,L1_ELIGIBILITY,v2026-08-11,2026-03-21..2026-08-06,baccarat_bet02_101_all_pairs_incl_sentinel,round_win = game_pnl > 0 (decisive only),COMPATIBILITY_ONLY_NOT_PRODUCTION,96567.1958,86231.7213,670.0753,281,280,-0.00693895,-0.48898037,0.00857782,-0.01408272,-670.0753,96567.1958,OK,689.8538,40.2045,6.0000,94.0000,AG03-UNRESOLVED,ALL5_LEVELS_bet23_to_bet27,40.2045,40.2045,40.2045,40.2045,40.2045,6.000000,6.000000,6.000000,6.000000,6.000000,94.000000,94.000000,94.000000,94.000000,94.000000,5.0,201.0226,178.3043,-220.8011,-198.0828,PENDING_AG03,FALSE,NOT_FOR_ENFORCEMENT,629.8708,81057.8180,-19.7785,-59.9830,-649.6493,-0.00020482,-0.00062115,40.2045,-59.9830,-0.00062115,40.2045,40.2045,40.2045,40.2045,40.2045,-59.9830,-0.00062115,201.0226,178.3043,-220.8011,-198.0828,-0.00228650,-0.00205124,-0.00672743,343.6555,307.9704,2.3931,16.3433,2.9389,2355.2975,6.8293,231.6562,349.0883,135.8696,203.8044,689.6552,689.6552,689.6552,689.6552,203.8044,0.0,3.383908,3.383908,1.686203,29,115,53,2,0.03118585,0.00693895,0.48898037,0.00800000,0.800000,0.892971,0.021352,-0.49755819,2026-03-28,2026-08-04,41,228,202,130,0.315385,0.663603,0.674094,0.103953,,,,,,,,GLOBAL_BASELINE_NO_ENTITY_RANKING,,,NOT_APPLICABLE_GLOBAL_BASELINE,HF9g-P5,,,,X 全窗基线 · 不参与实体赏罚,3920519,393,A168_HF9F_20260827_0900,2026-08-27 09:00:00
2026-05-07,110102342,2256,0,34.1997264022,-34.1997264022,-33.9261285910,0E-7,1,1,0.49324550000000000,0.493245500000,-0.9865810262130424,-0.9865810262130424,-0.9865810262130424,0E-17,ELIGIBLE,R03b_20260811_FULL_v1,L1_ELIGIBILITY,v2026-08-11,2026-03-21..2026-08-06,baccarat_bet02_101_all_pairs_incl_sentinel,round_win = game_pnl > 0 (decisive only),COMPATIBILITY_ONLY_NOT_PRODUCTION,96567.1958,86231.7213,670.0753,281,280,-0.00693895,-0.48898037,0.00857782,-0.01408272,-670.0753,96567.1958,OK,689.8538,40.2045,6.0000,94.0000,AG03-UNRESOLVED,ALL5_LEVELS_bet23_to_bet27,40.2045,40.2045,40.2045,40.2045,40.2045,6.000000,6.000000,6.000000,6.000000,6.000000,94.000000,94.000000,94.000000,94.000000,94.000000,5.0,201.0226,178.3043,-220.8011,-198.0828,PENDING_AG03,FALSE,NOT_FOR_ENFORCEMENT,629.8708,81057.8180,-19.7785,-59.9830,-649.6493,-0.00020482,-0.00062115,40.2045,-59.9830,-0.00062115,40.2045,40.2045,40.2045,40.2045,40.2045,-59.9830,-0.00062115,201.0226,178.3043,-220.8011,-198.0828,-0.00228650,-0.00205124,-0.00672743,343.6555,307.9704,2.3931,16.3433,2.9389,2355.2975,6.8293,231.6562,349.0883,135.8696,203.8044,689.6552,689.6552,689.6552,689.6552,203.8044,0.0,3.383908,3.383908,1.686203,29,115,53,2,0.03118585,0.00693895,0.48898037,0.00800000,0.800000,0.892971,0.021352,-0.49755819,2026-03-28,2026-08-04,41,228,202,130,0.315385,0.663603,0.674094,0.103953,,,,,,,,GLOBAL_BASELINE_NO_ENTITY_RANKING,,,NOT_APPLICABLE_GLOBAL_BASELINE,HF9g-P5,,,,X 全窗基线 · 不参与实体赏罚,3920520,393,A168_HF9F_20260827_0900,2026-08-27 09:00:00
2026-05-11,110102342,-1,1,47.8796169631,47.8796169631,48.2626538988,1.0000000,1,1,0.49324550000000000,0.493245500000,1.01360149184955,1.01360149184955,1.01360149184955,0E-17,SENTINEL_DEALER,R03b_20260811_FULL_v1,L1_ELIGIBILITY,v2026-08-11,2026-03-21..2026-08-06,baccarat_bet02_101_all_pairs_incl_sentinel,round_win = game_pnl > 0 (decisive only),COMPATIBILITY_ONLY_NOT_PRODUCTION,96567.1958,86231.7213,670.0753,281,280,-0.00693895,-0.48898037,0.00857782,-0.01408272,-670.0753,96567.1958,OK,689.8538,40.2045,6.0000,94.0000,AG03-UNRESOLVED,ALL5_LEVELS_bet23_to_bet27,40.2045,40.2045,40.2045,40.2045,40.2045,6.000000,6.000000,6.000000,6.000000,6.000000,94.000000,94.000000,94.000000,94.000000,94.000000,5.0,201.0226,178.3043,-220.8011,-198.0828,PENDING_AG03,FALSE,NOT_FOR_ENFORCEMENT,629.8708,81057.8180,-19.7785,-59.9830,-649.6493,-0.00020482,-0.00062115,40.2045,-59.9830,-0.00062115,40.2045,40.2045,40.2045,40.2045,40.2045,-59.9830,-0.00062115,201.0226,178.3043,-220.8011,-198.0828,-0.00228650,-0.00205124,-0.00672743,343.6555,307.9704,2.3931,16.3433,2.9389,2355.2975,6.8293,231.6562,349.0883,135.8696,203.8044,689.6552,689.6552,689.6552,689.6552,203.8044,0.0,3.383908,3.383908,1.686203,29,115,53,2,0.03118585,0.00693895,0.48898037,0.00800000,0.800000,0.892971,0.021352,-0.49755819,2026-03-28,2026-08-04,41,228,202,130,0.315385,0.663603,0.674094,0.103953,,,,,,,,GLOBAL_BASELINE_NO_ENTITY_RANKING,,,NOT_APPLICABLE_GLOBAL_BASELINE,HF9g-P5,,,,X 全窗基线 · 不参与实体赏罚,3920521,393,A168_HF9F_20260827_0900,2026-08-27 09:00:00
2026-05-11,110102342,1353,0,47.8796169631,47.8796169631,48.2626538988,1.0000000,1,1,0.49324550000000000,0.493245500000,1.01360149184955,1.01360149184955,1.01360149184955,0E-17,ELIGIBLE,R03b_20260811_FULL_v1,L1_ELIGIBILITY,v2026-08-11,2026-03-21..2026-08-06,baccarat_bet02_101_all_pairs_incl_sentinel,round_win = game_pnl > 0 (decisive only),COMPATIBILITY_ONLY_NOT_PRODUCTION,96567.1958,86231.7213,670.0753,281,280,-0.00693895,-0.48898037,0.00857782,-0.01408272,-670.0753,96567.1958,OK,689.8538,40.2045,6.0000,94.0000,AG03-UNRESOLVED,ALL5_LEVELS_bet23_to_bet27,40.2045,40.2045,40.2045,40.2045,40.2045,6.000000,6.000000,6.000000,6.000000,6.000000,94.000000,94.000000,94.000000,94.000000,94.000000,5.0,201.0226,178.3043,-220.8011,-198.0828,PENDING_AG03,FALSE,NOT_FOR_ENFORCEMENT,629.8708,81057.8180,-19.7785,-59.9830,-649.6493,-0.00020482,-0.00062115,40.2045,-59.9830,-0.00062115,40.2045,40.2045,40.2045,40.2045,40.2045,-59.9830,-0.00062115,201.0226,178.3043,-220.8011,-198.0828,-0.00228650,-0.00205124,-0.00672743,343.6555,307.9704,2.3931,16.3433,2.9389,2355.2975,6.8293,231.6562,349.0883,135.8696,203.8044,689.6552,689.6552,689.6552,689.6552,203.8044,0.0,3.383908,3.383908,1.686203,29,115,53,2,0.03118585,0.00693895,0.48898037,0.00800000,0.800000,0.892971,0.021352,-0.49755819,2026-03-28,2026-08-04,41,228,202,130,0.315385,0.663603,0.674094,0.103953,,,,,,,,GLOBAL_BASELINE_NO_ENTITY_RANKING,,,NOT_APPLICABLE_GLOBAL_BASELINE,HF9g-P5,,,,X 全窗基线 · 不参与实体赏罚,3920522,393,A168_HF9F_20260827_0900,2026-08-27 09:00:00
2026-05-12,110102342,-1,1,143.6388508892,-143.6388508892,-142.4897400821,0E-7,2,2,0.49324550000000000,0.493245500000,-1.3952362676504506,-1.3952362676504506,-1.3952362676504506,0E-17,SENTINEL_DEALER,R03b_20260811_FULL_v1,L1_ELIGIBILITY,v2026-08-11,2026-03-21..2026-08-06,baccarat_bet02_101_all_pairs_incl_sentinel,round_win = game_pnl > 0 (decisive only),COMPATIBILITY_ONLY_NOT_PRODUCTION,96567.1958,86231.7213,670.0753,281,280,-0.00693895,-0.48898037,0.00857782,-0.01408272,-670.0753,96567.1958,OK,689.8538,40.2045,6.0000,94.0000,AG03-UNRESOLVED,ALL5_LEVELS_bet23_to_bet27,40.2045,40.2045,40.2045,40.2045,40.2045,6.000000,6.000000,6.000000,6.000000,6.000000,94.000000,94.000000,94.000000,94.000000,94.000000,5.0,201.0226,178.3043,-220.8011,-198.0828,PENDING_AG03,FALSE,NOT_FOR_ENFORCEMENT,629.8708,81057.8180,-19.7785,-59.9830,-649.6493,-0.00020482,-0.00062115,40.2045,-59.9830,-0.00062115,40.2045,40.2045,40.2045,40.2045,40.2045,-59.9830,-0.00062115,201.0226,178.3043,-220.8011,-198.0828,-0.00228650,-0.00205124,-0.00672743,343.6555,307.9704,2.3931,16.3433,2.9389,2355.2975,6.8293,231.6562,349.0883,135.8696,203.8044,689.6552,689.6552,689.6552,689.6552,203.8044,0.0,3.383908,3.383908,1.686203,29,115,53,2,0.03118585,0.00693895,0.48898037,0.00800000,0.800000,0.892971,0.021352,-0.49755819,2026-03-28,2026-08-04,41,228,202,130,0.315385,0.663603,0.674094,0.103953,,,,,,,,GLOBAL_BASELINE_NO_ENTITY_RANKING,,,NOT_APPLICABLE_GLOBAL_BASELINE,HF9g-P5,,,,X 全窗基线 · 不参与实体赏罚,3920523,393,A168_HF9F_20260827_0900,2026-08-27 09:00:00
2026-05-16,110102342,-1,1,68.3994528044,-68.3994528044,-67.8522571819,0E-7,1,1,0.49324550000000000,0.493245500000,-0.9865810262130424,-0.9865810262130424,-0.9865810262130424,0E-17,SENTINEL_DEALER,R03b_20260811_FULL_v1,L1_ELIGIBILITY,v2026-08-11,2026-03-21..2026-08-06,baccarat_bet02_101_all_pairs_incl_sentinel,round_win = game_pnl > 0 (decisive only),COMPATIBILITY_ONLY_NOT_PRODUCTION,96567.1958,86231.7213,670.0753,281,280,-0.00693895,-0.48898037,0.00857782,-0.01408272,-670.0753,96567.1958,OK,689.8538,40.2045,6.0000,94.0000,AG03-UNRESOLVED,ALL5_LEVELS_bet23_to_bet27,40.2045,40.2045,40.2045,40.2045,40.2045,6.000000,6.000000,6.000000,6.000000,6.000000,94.000000,94.000000,94.000000,94.000000,94.000000,5.0,201.0226,178.3043,-220.8011,-198.0828,PENDING_AG03,FALSE,NOT_FOR_ENFORCEMENT,629.8708,81057.8180,-19.7785,-59.9830,-649.6493,-0.00020482,-0.00062115,40.2045,-59.9830,-0.00062115,40.2045,40.2045,40.2045,40.2045,40.2045,-59.9830,-0.00062115,201.0226,178.3043,-220.8011,-198.0828,-0.00228650,-0.00205124,-0.00672743,343.6555,307.9704,2.3931,16.3433,2.9389,2355.2975,6.8293,231.6562,349.0883,135.8696,203.8044,689.6552,689.6552,689.6552,689.6552,203.8044,0.0,3.383908,3.383908,1.686203,29,115,53,2,0.03118585,0.00693895,0.48898037,0.00800000,0.800000,0.892971,0.021352,-0.49755819,2026-03-28,2026-08-04,41,228,202,130,0.315385,0.663603,0.674094,0.103953,,,,,,,,GLOBAL_BASELINE_NO_ENTITY_RANKING,,,NOT_APPLICABLE_GLOBAL_BASELINE,HF9g-P5,,,,X 全窗基线 · 不参与实体赏罚,3920524,393,A168_HF9F_20260827_0900,2026-08-27 09:00:00
2026-05-16,110102342,1507,0,82.0793433653,-82.0793433653,-81.4227086183,0E-7,1,1,0.49324550000000000,0.493245500000,-0.9865810262130424,-0.9865810262130424,-0.9865810262130424,0E-17,ELIGIBLE,R03b_20260811_FULL_v1,L1_ELIGIBILITY,v2026-08-11,2026-03-21..2026-08-06,baccarat_bet02_101_all_pairs_incl_sentinel,round_win = game_pnl > 0 (decisive only),COMPATIBILITY_ONLY_NOT_PRODUCTION,96567.1958,86231.7213,670.0753,281,280,-0.00693895,-0.48898037,0.00857782,-0.01408272,-670.0753,96567.1958,OK,689.8538,40.2045,6.0000,94.0000,AG03-UNRESOLVED,ALL5_LEVELS_bet23_to_bet27,40.2045,40.2045,40.2045,40.2045,40.2045,6.000000,6.000000,6.000000,6.000000,6.000000,94.000000,94.000000,94.000000,94.000000,94.000000,5.0,201.0226,178.3043,-220.8011,-198.0828,PENDING_AG03,FALSE,NOT_FOR_ENFORCEMENT,629.8708,81057.8180,-19.7785,-59.9830,-649.6493,-0.00020482,-0.00062115,40.2045,-59.9830,-0.00062115,40.2045,40.2045,40.2045,40.2045,40.2045,-59.9830,-0.00062115,201.0226,178.3043,-220.8011,-198.0828,-0.00228650,-0.00205124,-0.00672743,343.6555,307.9704,2.3931,16.3433,2.9389,2355.2975,6.8293,231.6562,349.0883,135.8696,203.8044,689.6552,689.6552,689.6552,689.6552,203.8044,0.0,3.383908,3.383908,1.686203,29,115,53,2,0.03118585,0.00693895,0.48898037,0.00800000,0.800000,0.892971,0.021352,-0.49755819,2026-03-28,2026-08-04,41,228,202,130,0.315385,0.663603,0.674094,0.103953,,,,,,,,GLOBAL_BASELINE_NO_ENTITY_RANKING,,,NOT_APPLICABLE_GLOBAL_BASELINE,HF9g-P5,,,,X 全窗基线 · 不参与实体赏罚,3920525,393,A168_HF9F_20260827_0900,2026-08-27 09:00:00
2026-05-16,110102342,2073,0,143.6388508892,143.6388508892,144.7879616963,1.0000000,2,2,0.49324550000000000,0.493245500000,1.4334489766152358,1.4334489766152358,1.4334489766152358,0E-17,ELIGIBLE,R03b_20260811_FULL_v1,L1_ELIGIBILITY,v2026-08-11,2026-03-21..2026-08-06,baccarat_bet02_101_all_pairs_incl_sentinel,round_win = game_pnl > 0 (decisive only),COMPATIBILITY_ONLY_NOT_PRODUCTION,96567.1958,86231.7213,670.0753,281,280,-0.00693895,-0.48898037,0.00857782,-0.01408272,-670.0753,96567.1958,OK,689.8538,40.2045,6.0000,94.0000,AG03-UNRESOLVED,ALL5_LEVELS_bet23_to_bet27,40.2045,40.2045,40.2045,40.2045,40.2045,6.000000,6.000000,6.000000,6.000000,6.000000,94.000000,94.000000,94.000000,94.000000,94.000000,5.0,201.0226,178.3043,-220.8011,-198.0828,PENDING_AG03,FALSE,NOT_FOR_ENFORCEMENT,629.8708,81057.8180,-19.7785,-59.9830,-649.6493,-0.00020482,-0.00062115,40.2045,-59.9830,-0.00062115,40.2045,40.2045,40.2045,40.2045,40.2045,-59.9830,-0.00062115,201.0226,178.3043,-220.8011,-198.0828,-0.00228650,-0.00205124,-0.00672743,343.6555,307.9704,2.3931,16.3433,2.9389,2355.2975,6.8293,231.6562,349.0883,135.8696,203.8044,689.6552,689.6552,689.6552,689.6552,203.8044,0.0,3.383908,3.383908,1.686203,29,115,53,2,0.03118585,0.00693895,0.48898037,0.00800000,0.800000,0.892971,0.021352,-0.49755819,2026-03-28,2026-08-04,41,228,202,130,0.315385,0.663603,0.674094,0.103953,,,,,,,,GLOBAL_BASELINE_NO_ENTITY_RANKING,,,NOT_APPLICABLE_GLOBAL_BASELINE,HF9g-P5,,,,X 全窗基线 · 不参与实体赏罚,3920526,393,A168_HF9F_20260827_0900,2026-08-27 09:00:00
2026-05-16,110102342,2093,0,68.3994528044,-68.3994528044,-67.8522571819,0E-7,1,1,0.49324550000000000,0.493245500000,-0.9865810262130424,-0.9865810262130424,-0.9865810262130424,0E-17,ELIGIBLE,R03b_20260811_FULL_v1,L1_ELIGIBILITY,v2026-08-11,2026-03-21..2026-08-06,baccarat_bet02_101_all_pairs_incl_sentinel,round_win = game_pnl > 0 (decisive only),COMPATIBILITY_ONLY_NOT_PRODUCTION,96567.1958,86231.7213,670.0753,281,280,-0.00693895,-0.48898037,0.00857782,-0.01408272,-670.0753,96567.1958,OK,689.8538,40.2045,6.0000,94.0000,AG03-UNRESOLVED,ALL5_LEVELS_bet23_to_bet27,40.2045,40.2045,40.2045,40.2045,40.2045,6.000000,6.000000,6.000000,6.000000,6.000000,94.000000,94.000000,94.000000,94.000000,94.000000,5.0,201.0226,178.3043,-220.8011,-198.0828,PENDING_AG03,FALSE,NOT_FOR_ENFORCEMENT,629.8708,81057.8180,-19.7785,-59.9830,-649.6493,-0.00020482,-0.00062115,40.2045,-59.9830,-0.00062115,40.2045,40.2045,40.2045,40.2045,40.2045,-59.9830,-0.00062115,201.0226,178.3043,-220.8011,-198.0828,-0.00228650,-0.00205124,-0.00672743,343.6555,307.9704,2.3931,16.3433,2.9389,2355.2975,6.8293,231.6562,349.0883,135.8696,203.8044,689.6552,689.6552,689.6552,689.6552,203.8044,0.0,3.383908,3.383908,1.686203,29,115,53,2,0.03118585,0.00693895,0.48898037,0.00800000,0.800000,0.892971,0.021352,-0.49755819,2026-03-28,2026-08-04,41,228,202,130,0.315385,0.663603,0.674094,0.103953,,,,,,,,GLOBAL_BASELINE_NO_ENTITY_RANKING,,,NOT_APPLICABLE_GLOBAL_BASELINE,HF9g-P5,,,,X 全窗基线 · 不参与实体赏罚,3920527,393,A168_HF9F_20260827_0900,2026-08-27 09:00:00
2026-05-16,110102342,2235,0,136.7989056088,-68.3994528044,-67.8522571819,0E-7,2,2,0.49324550000000000,0.493245500000,-0.9865810262130424,-0.9865810262130424,-0.9865810262130424,0E-17,ELIGIBLE,R03b_20260811_FULL_v1,L1_ELIGIBILITY,v2026-08-11,2026-03-21..2026-08-06,baccarat_bet02_101_all_pairs_incl_sentinel,round_win = game_pnl > 0 (decisive only),COMPATIBILITY_ONLY_NOT_PRODUCTION,96567.1958,86231.7213,670.0753,281,280,-0.00693895,-0.48898037,0.00857782,-0.01408272,-670.0753,96567.1958,OK,689.8538,40.2045,6.0000,94.0000,AG03-UNRESOLVED,ALL5_LEVELS_bet23_to_bet27,40.2045,40.2045,40.2045,40.2045,40.2045,6.000000,6.000000,6.000000,6.000000,6.000000,94.000000,94.000000,94.000000,94.000000,94.000000,5.0,201.0226,178.3043,-220.8011,-198.0828,PENDING_AG03,FALSE,NOT_FOR_ENFORCEMENT,629.8708,81057.8180,-19.7785,-59.9830,-649.6493,-0.00020482,-0.00062115,40.2045,-59.9830,-0.00062115,40.2045,40.2045,40.2045,40.2045,40.2045,-59.9830,-0.00062115,201.0226,178.3043,-220.8011,-198.0828,-0.00228650,-0.00205124,-0.00672743,343.6555,307.9704,2.3931,16.3433,2.9389,2355.2975,6.8293,231.6562,349.0883,135.8696,203.8044,689.6552,689.6552,689.6552,689.6552,203.8044,0.0,3.383908,3.383908,1.686203,29,115,53,2,0.03118585,0.00693895,0.48898037,0.00800000,0.800000,0.892971,0.021352,-0.49755819,2026-03-28,2026-08-04,41,228,202,130,0.315385,0.663603,0.674094,0.103953,,,,,,,,GLOBAL_BASELINE_NO_ENTITY_RANKING,,,NOT_APPLICABLE_GLOBAL_BASELINE,HF9g-P5,,,,X 全窗基线 · 不参与实体赏罚,3920528,393,A168_HF9F_20260827_0900,2026-08-27 09:00:00
2026-05-16,110102342,2246,0,205.1983584131,-205.1983584131,-203.5567715458,0E-7,1,1,0.49324550000000000,0.493245500000,-0.9865810262130424,-0.9865810262130424,-0.9865810262130424,0E-17,ELIGIBLE,R03b_20260811_FULL_v1,L1_ELIGIBILITY,v2026-08-11,2026-03-21..2026-08-06,baccarat_bet02_101_all_pairs_incl_sentinel,round_win = game_pnl > 0 (decisive only),COMPATIBILITY_ONLY_NOT_PRODUCTION,96567.1958,86231.7213,670.0753,281,280,-0.00693895,-0.48898037,0.00857782,-0.01408272,-670.0753,96567.1958,OK,689.8538,40.2045,6.0000,94.0000,AG03-UNRESOLVED,ALL5_LEVELS_bet23_to_bet27,40.2045,40.2045,40.2045,40.2045,40.2045,6.000000,6.000000,6.000000,6.000000,6.000000,94.000000,94.000000,94.000000,94.000000,94.000000,5.0,201.0226,178.3043,-220.8011,-198.0828,PENDING_AG03,FALSE,NOT_FOR_ENFORCEMENT,629.8708,81057.8180,-19.7785,-59.9830,-649.6493,-0.00020482,-0.00062115,40.2045,-59.9830,-0.00062115,40.2045,40.2045,40.2045,40.2045,40.2045,-59.9830,-0.00062115,201.0226,178.3043,-220.8011,-198.0828,-0.00228650,-0.00205124,-0.00672743,343.6555,307.9704,2.3931,16.3433,2.9389,2355.2975,6.8293,231.6562,349.0883,135.8696,203.8044,689.6552,689.6552,689.6552,689.6552,203.8044,0.0,3.383908,3.383908,1.686203,29,115,53,2,0.03118585,0.00693895,0.48898037,0.00800000,0.800000,0.892971,0.021352,-0.49755819,2026-03-28,2026-08-04,41,228,202,130,0.315385,0.663603,0.674094,0.103953,,,,,,,,GLOBAL_BASELINE_NO_ENTITY_RANKING,,,NOT_APPLICABLE_GLOBAL_BASELINE,HF9g-P5,,,,X 全窗基线 · 不参与实体赏罚,3920529,393,A168_HF9F_20260827_0900,2026-08-27 09:00:00
2026-05-31,110102342,-1,1,136.7989056088,-136.7989056088,-135.7045143639,0E-7,1,1,0.49324550000000000,0.493245500000,-0.9865810262130424,-0.9865810262130424,-0.9865810262130424,0E-17,SENTINEL_DEALER,R03b_20260811_FULL_v1,L1_ELIGIBILITY,v2026-08-11,2026-03-21..2026-08-06,baccarat_bet02_101_all_pairs_incl_sentinel,round_win = game_pnl > 0 (decisive only),COMPATIBILITY_ONLY_NOT_PRODUCTION,96567.1958,86231.7213,670.0753,281,280,-0.00693895,-0.48898037,0.00857782,-0.01408272,-670.0753,96567.1958,OK,689.8538,40.2045,6.0000,94.0000,AG03-UNRESOLVED,ALL5_LEVELS_bet23_to_bet27,40.2045,40.2045,40.2045,40.2045,40.2045,6.000000,6.000000,6.000000,6.000000,6.000000,94.000000,94.000000,94.000000,94.000000,94.000000,5.0,201.0226,178.3043,-220.8011,-198.0828,PENDING_AG03,FALSE,NOT_FOR_ENFORCEMENT,629.8708,81057.8180,-19.7785,-59.9830,-649.6493,-0.00020482,-0.00062115,40.2045,-59.9830,-0.00062115,40.2045,40.2045,40.2045,40.2045,40.2045,-59.9830,-0.00062115,201.0226,178.3043,-220.8011,-198.0828,-0.00228650,-0.00205124,-0.00672743,343.6555,307.9704,2.3931,16.3433,2.9389,2355.2975,6.8293,231.6562,349.0883,135.8696,203.8044,689.6552,689.6552,689.6552,689.6552,203.8044,0.0,3.383908,3.383908,1.686203,29,115,53,2,0.03118585,0.00693895,0.48898037,0.00800000,0.800000,0.892971,0.021352,-0.49755819,2026-03-28,2026-08-04,41,228,202,130,0.315385,0.663603,0.674094,0.103953,,,,,,,,GLOBAL_BASELINE_NO_ENTITY_RANKING,,,NOT_APPLICABLE_GLOBAL_BASELINE,HF9g-P5,,,,X 全窗基线 · 不参与实体赏罚,3920530,393,A168_HF9F_20260827_0900,2026-08-27 09:00:00
2026-06-01,110102342,-1,1,778.0784844386,-236.8064952639,-232.2056833558,0.3333333,4,4,0.49324550000000000,0.493245500000,-0.5540025479526107,-0.5540025479526106,-0.5540025479526107,0E-17,SENTINEL_DEALER,R03b_20260811_FULL_v1,L1_ELIGIBILITY,v2026-08-11,2026-03-21..2026-08-06,baccarat_bet02_101_all_pairs_incl_sentinel,round_win = game_pnl > 0 (decisive only),COMPATIBILITY_ONLY_NOT_PRODUCTION,96567.1958,86231.7213,670.0753,281,280,-0.00693895,-0.48898037,0.00857782,-0.01408272,-670.0753,96567.1958,OK,689.8538,40.2045,6.0000,94.0000,AG03-UNRESOLVED,ALL5_LEVELS_bet23_to_bet27,40.2045,40.2045,40.2045,40.2045,40.2045,6.000000,6.000000,6.000000,6.000000,6.000000,94.000000,94.000000,94.000000,94.000000,94.000000,5.0,201.0226,178.3043,-220.8011,-198.0828,PENDING_AG03,FALSE,NOT_FOR_ENFORCEMENT,629.8708,81057.8180,-19.7785,-59.9830,-649.6493,-0.00020482,-0.00062115,40.2045,-59.9830,-0.00062115,40.2045,40.2045,40.2045,40.2045,40.2045,-59.9830,-0.00062115,201.0226,178.3043,-220.8011,-198.0828,-0.00228650,-0.00205124,-0.00672743,343.6555,307.9704,2.3931,16.3433,2.9389,2355.2975,6.8293,231.6562,349.0883,135.8696,203.8044,689.6552,689.6552,689.6552,689.6552,203.8044,0.0,3.383908,3.383908,1.686203,29,115,53,2,0.03118585,0.00693895,0.48898037,0.00800000,0.800000,0.892971,0.021352,-0.49755819,2026-03-28,2026-08-04,41,228,202,130,0.315385,0.663603,0.674094,0.103953,,,,,,,,GLOBAL_BASELINE_NO_ENTITY_RANKING,,,NOT_APPLICABLE_GLOBAL_BASELINE,HF9g-P5,,,,X 全窗基线 · 不参与实体赏罚,3920531,393,A168_HF9F_20260827_0900,2026-08-27 09:00:00
2026-06-01,110102342,1017,0,405.9539918809,405.9539918809,409.2016238160,1.0000000,1,1,0.49324550000000000,0.493245500000,1.01360149184955,1.01360149184955,1.01360149184955,0E-17,ELIGIBLE,R03b_20260811_FULL_v1,L1_ELIGIBILITY,v2026-08-11,2026-03-21..2026-08-06,baccarat_bet02_101_all_pairs_incl_sentinel,round_win = game_pnl > 0 (decisive only),COMPATIBILITY_ONLY_NOT_PRODUCTION,96567.1958,86231.7213,670.0753,281,280,-0.00693895,-0.48898037,0.00857782,-0.01408272,-670.0753,96567.1958,OK,689.8538,40.2045,6.0000,94.0000,AG03-UNRESOLVED,ALL5_LEVELS_bet23_to_bet27,40.2045,40.2045,40.2045,40.2045,40.2045,6.000000,6.000000,6.000000,6.000000,6.000000,94.000000,94.000000,94.000000,94.000000,94.000000,5.0,201.0226,178.3043,-220.8011,-198.0828,PENDING_AG03,FALSE,NOT_FOR_ENFORCEMENT,629.8708,81057.8180,-19.7785,-59.9830,-649.6493,-0.00020482,-0.00062115,40.2045,-59.9830,-0.00062115,40.2045,40.2045,40.2045,40.2045,40.2045,-59.9830,-0.00062115,201.0226,178.3043,-220.8011,-198.0828,-0.00228650,-0.00205124,-0.00672743,343.6555,307.9704,2.3931,16.3433,2.9389,2355.2975,6.8293,231.6562,349.0883,135.8696,203.8044,689.6552,689.6552,689.6552,689.6552,203.8044,0.0,3.383908,3.383908,1.686203,29,115,53,2,0.03118585,0.00693895,0.48898037,0.00800000,0.800000,0.892971,0.021352,-0.49755819,2026-03-28,2026-08-04,41,228,202,130,0.315385,0.663603,0.674094,0.103953,,,,,,,,GLOBAL_BASELINE_NO_ENTITY_RANKING,,,NOT_APPLICABLE_GLOBAL_BASELINE,HF9g-P5,,,,X 全窗基线 · 不参与实体赏罚,3920532,393,A168_HF9F_20260827_0900,2026-08-27 09:00:00
2026-06-01,110102342,1210,0,202.9769959405,0E-10,0E-10,,1,1,0.49324550000000000,0.493245500000,,,,0E-17,NO_DECISIVE_ROUND,R03b_20260811_FULL_v1,L1_ELIGIBILITY,v2026-08-11,2026-03-21..2026-08-06,baccarat_bet02_101_all_pairs_incl_sentinel,round_win = game_pnl > 0 (decisive only),COMPATIBILITY_ONLY_NOT_PRODUCTION,96567.1958,86231.7213,670.0753,281,280,-0.00693895,-0.48898037,0.00857782,-0.01408272,-670.0753,96567.1958,OK,689.8538,40.2045,6.0000,94.0000,AG03-UNRESOLVED,ALL5_LEVELS_bet23_to_bet27,40.2045,40.2045,40.2045,40.2045,40.2045,6.000000,6.000000,6.000000,6.000000,6.000000,94.000000,94.000000,94.000000,94.000000,94.000000,5.0,201.0226,178.3043,-220.8011,-198.0828,PENDING_AG03,FALSE,NOT_FOR_ENFORCEMENT,629.8708,81057.8180,-19.7785,-59.9830,-649.6493,-0.00020482,-0.00062115,40.2045,-59.9830,-0.00062115,40.2045,40.2045,40.2045,40.2045,40.2045,-59.9830,-0.00062115,201.0226,178.3043,-220.8011,-198.0828,-0.00228650,-0.00205124,-0.00672743,343.6555,307.9704,2.3931,16.3433,2.9389,2355.2975,6.8293,231.6562,349.0883,135.8696,203.8044,689.6552,689.6552,689.6552,689.6552,203.8044,0.0,3.383908,3.383908,1.686203,29,115,53,2,0.03118585,0.00693895,0.48898037,0.00800000,0.800000,0.892971,0.021352,-0.49755819,2026-03-28,2026-08-04,41,228,202,130,0.315385,0.663603,0.674094,0.103953,,,,,,,,GLOBAL_BASELINE_NO_ENTITY_RANKING,,,NOT_APPLICABLE_GLOBAL_BASELINE,HF9g-P5,,,,X 全窗基线 · 不参与实体赏罚,3920533,393,A168_HF9F_20260827_0900,2026-08-27 09:00:00
2026-06-01,110102342,1257,0,202.9769959405,202.9769959405,204.6008119080,1.0000000,1,1,0.49324550000000000,0.493245500000,1.01360149184955,1.01360149184955,1.01360149184955,0E-17,ELIGIBLE,R03b_20260811_FULL_v1,L1_ELIGIBILITY,v2026-08-11,2026-03-21..2026-08-06,baccarat_bet02_101_all_pairs_incl_sentinel,round_win = game_pnl > 0 (decisive only),COMPATIBILITY_ONLY_NOT_PRODUCTION,96567.1958,86231.7213,670.0753,281,280,-0.00693895,-0.48898037,0.00857782,-0.01408272,-670.0753,96567.1958,OK,689.8538,40.2045,6.0000,94.0000,AG03-UNRESOLVED,ALL5_LEVELS_bet23_to_bet27,40.2045,40.2045,40.2045,40.2045,40.2045,6.000000,6.000000,6.000000,6.000000,6.000000,94.000000,94.000000,94.000000,94.000000,94.000000,5.0,201.0226,178.3043,-220.8011,-198.0828,PENDING_AG03,FALSE,NOT_FOR_ENFORCEMENT,629.8708,81057.8180,-19.7785,-59.9830,-649.6493,-0.00020482,-0.00062115,40.2045,-59.9830,-0.00062115,40.2045,40.2045,40.2045,40.2045,40.2045,-59.9830,-0.00062115,201.0226,178.3043,-220.8011,-198.0828,-0.00228650,-0.00205124,-0.00672743,343.6555,307.9704,2.3931,16.3433,2.9389,2355.2975,6.8293,231.6562,349.0883,135.8696,203.8044,689.6552,689.6552,689.6552,689.6552,203.8044,0.0,3.383908,3.383908,1.686203,29,115,53,2,0.03118585,0.00693895,0.48898037,0.00800000,0.800000,0.892971,0.021352,-0.49755819,2026-03-28,2026-08-04,41,228,202,130,0.315385,0.663603,0.674094,0.103953,,,,,,,,GLOBAL_BASELINE_NO_ENTITY_RANKING,,,NOT_APPLICABLE_GLOBAL_BASELINE,HF9g-P5,,,,X 全窗基线 · 不参与实体赏罚,3920534,393,A168_HF9F_20260827_0900,2026-08-27 09:00:00
2026-06-01,110102342,1505,0,338.2949932342,338.2949932342,341.0013531800,1.0000000,2,2,0.49324550000000000,0.493245500000,1.4334489766152358,1.4334489766152358,1.4334489766152358,0E-17,ELIGIBLE,R03b_20260811_FULL_v1,L1_ELIGIBILITY,v2026-08-11,2026-03-21..2026-08-06,baccarat_bet02_101_all_pairs_incl_sentinel,round_win = game_pnl > 0 (decisive only),COMPATIBILITY_ONLY_NOT_PRODUCTION,96567.1958,86231.7213,670.0753,281,280,-0.00693895,-0.48898037,0.00857782,-0.01408272,-670.0753,96567.1958,OK,689.8538,40.2045,6.0000,94.0000,AG03-UNRESOLVED,ALL5_LEVELS_bet23_to_bet27,40.2045,40.2045,40.2045,40.2045,40.2045,6.000000,6.000000,6.000000,6.000000,6.000000,94.000000,94.000000,94.000000,94.000000,94.000000,5.0,201.0226,178.3043,-220.8011,-198.0828,PENDING_AG03,FALSE,NOT_FOR_ENFORCEMENT,629.8708,81057.8180,-19.7785,-59.9830,-649.6493,-0.00020482,-0.00062115,40.2045,-59.9830,-0.00062115,40.2045,40.2045,40.2045,40.2045,40.2045,-59.9830,-0.00062115,201.0226,178.3043,-220.8011,-198.0828,-0.00228650,-0.00205124,-0.00672743,343.6555,307.9704,2.3931,16.3433,2.9389,2355.2975,6.8293,231.6562,349.0883,135.8696,203.8044,689.6552,689.6552,689.6552,689.6552,203.8044,0.0,3.383908,3.383908,1.686203,29,115,53,2,0.03118585,0.00693895,0.48898037,0.00800000,0.800000,0.892971,0.021352,-0.49755819,2026-03-28,2026-08-04,41,228,202,130,0.315385,0.663603,0.674094,0.103953,,,,,,,,GLOBAL_BASELINE_NO_ENTITY_RANKING,,,NOT_APPLICABLE_GLOBAL_BASELINE,HF9g-P5,,,,X 全窗基线 · 不参与实体赏罚,3920535,393,A168_HF9F_20260827_0900,2026-08-27 09:00:00
2026-06-01,110102342,1654,0,169.1474966171,169.1474966171,170.5006765900,1.0000000,1,1,0.49324550000000000,0.493245500000,1.01360149184955,1.01360149184955,1.01360149184955,0E-17,ELIGIBLE,R03b_20260811_FULL_v1,L1_ELIGIBILITY,v2026-08-11,2026-03-21..2026-08-06,baccarat_bet02_101_all_pairs_incl_sentinel,round_win = game_pnl > 0 (decisive only),COMPATIBILITY_ONLY_NOT_PRODUCTION,96567.1958,86231.7213,670.0753,281,280,-0.00693895,-0.48898037,0.00857782,-0.01408272,-670.0753,96567.1958,OK,689.8538,40.2045,6.0000,94.0000,AG03-UNRESOLVED,ALL5_LEVELS_bet23_to_bet27,40.2045,40.2045,40.2045,40.2045,40.2045,6.000000,6.000000,6.000000,6.000000,6.000000,94.000000,94.000000,94.000000,94.000000,94.000000,5.0,201.0226,178.3043,-220.8011,-198.0828,PENDING_AG03,FALSE,NOT_FOR_ENFORCEMENT,629.8708,81057.8180,-19.7785,-59.9830,-649.6493,-0.00020482,-0.00062115,40.2045,-59.9830,-0.00062115,40.2045,40.2045,40.2045,40.2045,40.2045,-59.9830,-0.00062115,201.0226,178.3043,-220.8011,-198.0828,-0.00228650,-0.00205124,-0.00672743,343.6555,307.9704,2.3931,16.3433,2.9389,2355.2975,6.8293,231.6562,349.0883,135.8696,203.8044,689.6552,689.6552,689.6552,689.6552,203.8044,0.0,3.383908,3.383908,1.686203,29,115,53,2,0.03118585,0.00693895,0.48898037,0.00800000,0.800000,0.892971,0.021352,-0.49755819,2026-03-28,2026-08-04,41,228,202,130,0.315385,0.663603,0.674094,0.103953,,,,,,,,GLOBAL_BASELINE_NO_ENTITY_RANKING,,,NOT_APPLICABLE_GLOBAL_BASELINE,HF9g-P5,,,,X 全窗基线 · 不参与实体赏罚,3920536,393,A168_HF9F_20260827_0900,2026-08-27 09:00:00
2026-06-01,110102342,1994,0,202.9769959405,-202.9769959405,-201.3531799729,0E-7,1,1,0.49324550000000000,0.493245500000,-0.9865810262130424,-0.9865810262130424,-0.9865810262130424,0E-17,ELIGIBLE,R03b_20260811_FULL_v1,L1_ELIGIBILITY,v2026-08-11,2026-03-21..2026-08-06,baccarat_bet02_101_all_pairs_incl_sentinel,round_win = game_pnl > 0 (decisive only),COMPATIBILITY_ONLY_NOT_PRODUCTION,96567.1958,86231.7213,670.0753,281,280,-0.00693895,-0.48898037,0.00857782,-0.01408272,-670.0753,96567.1958,OK,689.8538,40.2045,6.0000,94.0000,AG03-UNRESOLVED,ALL5_LEVELS_bet23_to_bet27,40.2045,40.2045,40.2045,40.2045,40.2045,6.000000,6.000000,6.000000,6.000000,6.000000,94.000000,94.000000,94.000000,94.000000,94.000000,5.0,201.0226,178.3043,-220.8011,-198.0828,PENDING_AG03,FALSE,NOT_FOR_ENFORCEMENT,629.8708,81057.8180,-19.7785,-59.9830,-649.6493,-0.00020482,-0.00062115,40.2045,-59.9830,-0.00062115,40.2045,40.2045,40.2045,40.2045,40.2045,-59.9830,-0.00062115,201.0226,178.3043,-220.8011,-198.0828,-0.00228650,-0.00205124,-0.00672743,343.6555,307.9704,2.3931,16.3433,2.9389,2355.2975,6.8293,231.6562,349.0883,135.8696,203.8044,689.6552,689.6552,689.6552,689.6552,203.8044,0.0,3.383908,3.383908,1.686203,29,115,53,2,0.03118585,0.00693895,0.48898037,0.00800000,0.800000,0.892971,0.021352,-0.49755819,2026-03-28,2026-08-04,41,228,202,130,0.315385,0.663603,0.674094,0.103953,,,,,,,,GLOBAL_BASELINE_NO_ENTITY_RANKING,,,NOT_APPLICABLE_GLOBAL_BASELINE,HF9g-P5,,,,X 全窗基线 · 不参与实体赏罚,3920537,393,A168_HF9F_20260827_0900,2026-08-27 09:00:00
2026-06-01,110102342,2088,0,169.1474966171,-169.1474966171,-167.7943166441,0E-7,1,1,0.49324550000000000,0.493245500000,-0.9865810262130424,-0.9865810262130424,-0.9865810262130424,0E-17,ELIGIBLE,R03b_20260811_FULL_v1,L1_ELIGIBILITY,v2026-08-11,2026-03-21..2026-08-06,baccarat_bet02_101_all_pairs_incl_sentinel,round_win = game_pnl > 0 (decisive only),COMPATIBILITY_ONLY_NOT_PRODUCTION,96567.1958,86231.7213,670.0753,281,280,-0.00693895,-0.48898037,0.00857782,-0.01408272,-670.0753,96567.1958,OK,689.8538,40.2045,6.0000,94.0000,AG03-UNRESOLVED,ALL5_LEVELS_bet23_to_bet27,40.2045,40.2045,40.2045,40.2045,40.2045,6.000000,6.000000,6.000000,6.000000,6.000000,94.000000,94.000000,94.000000,94.000000,94.000000,5.0,201.0226,178.3043,-220.8011,-198.0828,PENDING_AG03,FALSE,NOT_FOR_ENFORCEMENT,629.8708,81057.8180,-19.7785,-59.9830,-649.6493,-0.00020482,-0.00062115,40.2045,-59.9830,-0.00062115,40.2045,40.2045,40.2045,40.2045,40.2045,-59.9830,-0.00062115,201.0226,178.3043,-220.8011,-198.0828,-0.00228650,-0.00205124,-0.00672743,343.6555,307.9704,2.3931,16.3433,2.9389,2355.2975,6.8293,231.6562,349.0883,135.8696,203.8044,689.6552,689.6552,689.6552,689.6552,203.8044,0.0,3.383908,3.383908,1.686203,29,115,53,2,0.03118585,0.00693895,0.48898037,0.00800000,0.800000,0.892971,0.021352,-0.49755819,2026-03-28,2026-08-04,41,228,202,130,0.315385,0.663603,0.674094,0.103953,,,,,,,,GLOBAL_BASELINE_NO_ENTITY_RANKING,,,NOT_APPLICABLE_GLOBAL_BASELINE,HF9g-P5,,,,X 全窗基线 · 不参与实体赏罚,3920538,393,A168_HF9F_20260827_0900,2026-08-27 09:00:00
2026-06-01,110102342,2175,0,169.1474966171,169.1474966171,170.5006765900,1.0000000,1,1,0.49324550000000000,0.493245500000,1.01360149184955,1.01360149184955,1.01360149184955,0E-17,ELIGIBLE,R03b_20260811_FULL_v1,L1_ELIGIBILITY,v2026-08-11,2026-03-21..2026-08-06,baccarat_bet02_101_all_pairs_incl_sentinel,round_win = game_pnl > 0 (decisive only),COMPATIBILITY_ONLY_NOT_PRODUCTION,96567.1958,86231.7213,670.0753,281,280,-0.00693895,-0.48898037,0.00857782,-0.01408272,-670.0753,96567.1958,OK,689.8538,40.2045,6.0000,94.0000,AG03-UNRESOLVED,ALL5_LEVELS_bet23_to_bet27,40.2045,40.2045,40.2045,40.2045,40.2045,6.000000,6.000000,6.000000,6.000000,6.000000,94.000000,94.000000,94.000000,94.000000,94.000000,5.0,201.0226,178.3043,-220.8011,-198.0828,PENDING_AG03,FALSE,NOT_FOR_ENFORCEMENT,629.8708,81057.8180,-19.7785,-59.9830,-649.6493,-0.00020482,-0.00062115,40.2045,-59.9830,-0.00062115,40.2045,40.2045,40.2045,40.2045,40.2045,-59.9830,-0.00062115,201.0226,178.3043,-220.8011,-198.0828,-0.00228650,-0.00205124,-0.00672743,343.6555,307.9704,2.3931,16.3433,2.9389,2355.2975,6.8293,231.6562,349.0883,135.8696,203.8044,689.6552,689.6552,689.6552,689.6552,203.8044,0.0,3.383908,3.383908,1.686203,29,115,53,2,0.03118585,0.00693895,0.48898037,0.00800000,0.800000,0.892971,0.021352,-0.49755819,2026-03-28,2026-08-04,41,228,202,130,0.315385,0.663603,0.674094,0.103953,,,,,,,,GLOBAL_BASELINE_NO_ENTITY_RANKING,,,NOT_APPLICABLE_GLOBAL_BASELINE,HF9g-P5,,,,X 全窗基线 · 不参与实体赏罚,3920539,393,A168_HF9F_20260827_0900,2026-08-27 09:00:00
2026-06-01,110102342,2229,0,169.1474966171,-169.1474966171,-167.7943166441,0E-7,1,1,0.49324550000000000,0.493245500000,-0.9865810262130424,-0.9865810262130424,-0.9865810262130424,0E-17,ELIGIBLE,R03b_20260811_FULL_v1,L1_ELIGIBILITY,v2026-08-11,2026-03-21..2026-08-06,baccarat_bet02_101_all_pairs_incl_sentinel,round_win = game_pnl > 0 (decisive only),COMPATIBILITY_ONLY_NOT_PRODUCTION,96567.1958,86231.7213,670.0753,281,280,-0.00693895,-0.48898037,0.00857782,-0.01408272,-670.0753,96567.1958,OK,689.8538,40.2045,6.0000,94.0000,AG03-UNRESOLVED,ALL5_LEVELS_bet23_to_bet27,40.2045,40.2045,40.2045,40.2045,40.2045,6.000000,6.000000,6.000000,6.000000,6.000000,94.000000,94.000000,94.000000,94.000000,94.000000,5.0,201.0226,178.3043,-220.8011,-198.0828,PENDING_AG03,FALSE,NOT_FOR_ENFORCEMENT,629.8708,81057.8180,-19.7785,-59.9830,-649.6493,-0.00020482,-0.00062115,40.2045,-59.9830,-0.00062115,40.2045,40.2045,40.2045,40.2045,40.2045,-59.9830,-0.00062115,201.0226,178.3043,-220.8011,-198.0828,-0.00228650,-0.00205124,-0.00672743,343.6555,307.9704,2.3931,16.3433,2.9389,2355.2975,6.8293,231.6562,349.0883,135.8696,203.8044,689.6552,689.6552,689.6552,689.6552,203.8044,0.0,3.383908,3.383908,1.686203,29,115,53,2,0.03118585,0.00693895,0.48898037,0.00800000,0.800000,0.892971,0.021352,-0.49755819,2026-03-28,2026-08-04,41,228,202,130,0.315385,0.663603,0.674094,0.103953,,,,,,,,GLOBAL_BASELINE_NO_ENTITY_RANKING,,,NOT_APPLICABLE_GLOBAL_BASELINE,HF9g-P5,,,,X 全窗基线 · 不参与实体赏罚,3920540,393,A168_HF9F_20260827_0900,2026-08-27 09:00:00
2026-06-01,110102342,583,0,202.9769959405,202.9769959405,204.6008119080,1.0000000,1,1,0.49324550000000000,0.493245500000,1.01360149184955,1.01360149184955,1.01360149184955,0E-17,ELIGIBLE,R03b_20260811_FULL_v1,L1_ELIGIBILITY,v2026-08-11,2026-03-21..2026-08-06,baccarat_bet02_101_all_pairs_incl_sentinel,round_win = game_pnl > 0 (decisive only),COMPATIBILITY_ONLY_NOT_PRODUCTION,96567.1958,86231.7213,670.0753,281,280,-0.00693895,-0.48898037,0.00857782,-0.01408272,-670.0753,96567.1958,OK,689.8538,40.2045,6.0000,94.0000,AG03-UNRESOLVED,ALL5_LEVELS_bet23_to_bet27,40.2045,40.2045,40.2045,40.2045,40.2045,6.000000,6.000000,6.000000,6.000000,6.000000,94.000000,94.000000,94.000000,94.000000,94.000000,5.0,201.0226,178.3043,-220.8011,-198.0828,PENDING_AG03,FALSE,NOT_FOR_ENFORCEMENT,629.8708,81057.8180,-19.7785,-59.9830,-649.6493,-0.00020482,-0.00062115,40.2045,-59.9830,-0.00062115,40.2045,40.2045,40.2045,40.2045,40.2045,-59.9830,-0.00062115,201.0226,178.3043,-220.8011,-198.0828,-0.00228650,-0.00205124,-0.00672743,343.6555,307.9704,2.3931,16.3433,2.9389,2355.2975,6.8293,231.6562,349.0883,135.8696,203.8044,689.6552,689.6552,689.6552,689.6552,203.8044,0.0,3.383908,3.383908,1.686203,29,115,53,2,0.03118585,0.00693895,0.48898037,0.00800000,0.800000,0.892971,0.021352,-0.49755819,2026-03-28,2026-08-04,41,228,202,130,0.315385,0.663603,0.674094,0.103953,,,,,,,,GLOBAL_BASELINE_NO_ENTITY_RANKING,,,NOT_APPLICABLE_GLOBAL_BASELINE,HF9g-P5,,,,X 全窗基线 · 不参与实体赏罚,3920541,393,A168_HF9F_20260827_0900,2026-08-27 09:00:00
2026-06-02,110102342,-1,1,520.9742895805,6.7658998646,9.5263870095,0.5000000,3,3,0.49324550000000000,0.493245500000,0.01910635448239258,0.01910635448239258,0.01910635448239258,0E-17,SENTINEL_DEALER,R03b_20260811_FULL_v1,L1_ELIGIBILITY,v2026-08-11,2026-03-21..2026-08-06,baccarat_bet02_101_all_pairs_incl_sentinel,round_win = game_pnl > 0 (decisive only),COMPATIBILITY_ONLY_NOT_PRODUCTION,96567.1958,86231.7213,670.0753,281,280,-0.00693895,-0.48898037,0.00857782,-0.01408272,-670.0753,96567.1958,OK,689.8538,40.2045,6.0000,94.0000,AG03-UNRESOLVED,ALL5_LEVELS_bet23_to_bet27,40.2045,40.2045,40.2045,40.2045,40.2045,6.000000,6.000000,6.000000,6.000000,6.000000,94.000000,94.000000,94.000000,94.000000,94.000000,5.0,201.0226,178.3043,-220.8011,-198.0828,PENDING_AG03,FALSE,NOT_FOR_ENFORCEMENT,629.8708,81057.8180,-19.7785,-59.9830,-649.6493,-0.00020482,-0.00062115,40.2045,-59.9830,-0.00062115,40.2045,40.2045,40.2045,40.2045,40.2045,-59.9830,-0.00062115,201.0226,178.3043,-220.8011,-198.0828,-0.00228650,-0.00205124,-0.00672743,343.6555,307.9704,2.3931,16.3433,2.9389,2355.2975,6.8293,231.6562,349.0883,135.8696,203.8044,689.6552,689.6552,689.6552,689.6552,203.8044,0.0,3.383908,3.383908,1.686203,29,115,53,2,0.03118585,0.00693895,0.48898037,0.00800000,0.800000,0.892971,0.021352,-0.49755819,2026-03-28,2026-08-04,41,228,202,130,0.315385,0.663603,0.674094,0.103953,,,,,,,,GLOBAL_BASELINE_NO_ENTITY_RANKING,,,NOT_APPLICABLE_GLOBAL_BASELINE,HF9g-P5,,,,X 全窗基线 · 不参与实体赏罚,3920542,393,A168_HF9F_20260827_0900,2026-08-27 09:00:00
2026-06-02,110102342,1094,0,757.7807848444,-757.7807848444,-751.7185385657,0E-7,2,2,0.49324550000000000,0.493245500000,-1.3952362676504506,-1.3952362676504506,-1.3952362676504506,0E-17,ELIGIBLE,R03b_20260811_FULL_v1,L1_ELIGIBILITY,v2026-08-11,2026-03-21..2026-08-06,baccarat_bet02_101_all_pairs_incl_sentinel,round_win = game_pnl > 0 (decisive only),COMPATIBILITY_ONLY_NOT_PRODUCTION,96567.1958,86231.7213,670.0753,281,280,-0.00693895,-0.48898037,0.00857782,-0.01408272,-670.0753,96567.1958,OK,689.8538,40.2045,6.0000,94.0000,AG03-UNRESOLVED,ALL5_LEVELS_bet23_to_bet27,40.2045,40.2045,40.2045,40.2045,40.2045,6.000000,6.000000,6.000000,6.000000,6.000000,94.000000,94.000000,94.000000,94.000000,94.000000,5.0,201.0226,178.3043,-220.8011,-198.0828,PENDING_AG03,FALSE,NOT_FOR_ENFORCEMENT,629.8708,81057.8180,-19.7785,-59.9830,-649.6493,-0.00020482,-0.00062115,40.2045,-59.9830,-0.00062115,40.2045,40.2045,40.2045,40.2045,40.2045,-59.9830,-0.00062115,201.0226,178.3043,-220.8011,-198.0828,-0.00228650,-0.00205124,-0.00672743,343.6555,307.9704,2.3931,16.3433,2.9389,2355.2975,6.8293,231.6562,349.0883,135.8696,203.8044,689.6552,689.6552,689.6552,689.6552,203.8044,0.0,3.383908,3.383908,1.686203,29,115,53,2,0.03118585,0.00693895,0.48898037,0.00800000,0.800000,0.892971,0.021352,-0.49755819,2026-03-28,2026-08-04,41,228,202,130,0.315385,0.663603,0.674094,0.103953,,,,,,,,GLOBAL_BASELINE_NO_ENTITY_RANKING,,,NOT_APPLICABLE_GLOBAL_BASELINE,HF9g-P5,,,,X 全窗基线 · 不参与实体赏罚,3920543,393,A168_HF9F_20260827_0900,2026-08-27 09:00:00
2026-06-02,110102342,1330,0,175.9133964817,175.9133964817,177.3207036536,1.0000000,1,1,0.49324550000000000,0.493245500000,1.01360149184955,1.01360149184955,1.01360149184955,0E-17,ELIGIBLE,R03b_20260811_FULL_v1,L1_ELIGIBILITY,v2026-08-11,2026-03-21..2026-08-06,baccarat_bet02_101_all_pairs_incl_sentinel,round_win = game_pnl > 0 (decisive only),COMPATIBILITY_ONLY_NOT_PRODUCTION,96567.1958,86231.7213,670.0753,281,280,-0.00693895,-0.48898037,0.00857782,-0.01408272,-670.0753,96567.1958,OK,689.8538,40.2045,6.0000,94.0000,AG03-UNRESOLVED,ALL5_LEVELS_bet23_to_bet27,40.2045,40.2045,40.2045,40.2045,40.2045,6.000000,6.000000,6.000000,6.000000,6.000000,94.000000,94.000000,94.000000,94.000000,94.000000,5.0,201.0226,178.3043,-220.8011,-198.0828,PENDING_AG03,FALSE,NOT_FOR_ENFORCEMENT,629.8708,81057.8180,-19.7785,-59.9830,-649.6493,-0.00020482,-0.00062115,40.2045,-59.9830,-0.00062115,40.2045,40.2045,40.2045,40.2045,40.2045,-59.9830,-0.00062115,201.0226,178.3043,-220.8011,-198.0828,-0.00228650,-0.00205124,-0.00672743,343.6555,307.9704,2.3931,16.3433,2.9389,2355.2975,6.8293,231.6562,349.0883,135.8696,203.8044,689.6552,689.6552,689.6552,689.6552,203.8044,0.0,3.383908,3.383908,1.686203,29,115,53,2,0.03118585,0.00693895,0.48898037,0.00800000,0.800000,0.892971,0.021352,-0.49755819,2026-03-28,2026-08-04,41,228,202,130,0.315385,0.663603,0.674094,0.103953,,,,,,,,GLOBAL_BASELINE_NO_ENTITY_RANKING,,,NOT_APPLICABLE_GLOBAL_BASELINE,HF9g-P5,,,,X 全窗基线 · 不参与实体赏罚,3920544,393,A168_HF9F_20260827_0900,2026-08-27 09:00:00
2026-06-02,110102342,1714,0,202.9769959405,202.9769959405,204.6008119080,1.0000000,1,1,0.49324550000000000,0.493245500000,1.01360149184955,1.01360149184955,1.01360149184955,0E-17,ELIGIBLE,R03b_20260811_FULL_v1,L1_ELIGIBILITY,v2026-08-11,2026-03-21..2026-08-06,baccarat_bet02_101_all_pairs_incl_sentinel,round_win = game_pnl > 0 (decisive only),COMPATIBILITY_ONLY_NOT_PRODUCTION,96567.1958,86231.7213,670.0753,281,280,-0.00693895,-0.48898037,0.00857782,-0.01408272,-670.0753,96567.1958,OK,689.8538,40.2045,6.0000,94.0000,AG03-UNRESOLVED,ALL5_LEVELS_bet23_to_bet27,40.2045,40.2045,40.2045,40.2045,40.2045,6.000000,6.000000,6.000000,6.000000,6.000000,94.000000,94.000000,94.000000,94.000000,94.000000,5.0,201.0226,178.3043,-220.8011,-198.0828,PENDING_AG03,FALSE,NOT_FOR_ENFORCEMENT,629.8708,81057.8180,-19.7785,-59.9830,-649.6493,-0.00020482,-0.00062115,40.2045,-59.9830,-0.00062115,40.2045,40.2045,40.2045,40.2045,40.2045,-59.9830,-0.00062115,201.0226,178.3043,-220.8011,-198.0828,-0.00228650,-0.00205124,-0.00672743,343.6555,307.9704,2.3931,16.3433,2.9389,2355.2975,6.8293,231.6562,349.0883,135.8696,203.8044,689.6552,689.6552,689.6552,689.6552,203.8044,0.0,3.383908,3.383908,1.686203,29,115,53,2,0.03118585,0.00693895,0.48898037,0.00800000,0.800000,0.892971,0.021352,-0.49755819,2026-03-28,2026-08-04,41,228,202,130,0.315385,0.663603,0.674094,0.103953,,,,,,,,GLOBAL_BASELINE_NO_ENTITY_RANKING,,,NOT_APPLICABLE_GLOBAL_BASELINE,HF9g-P5,,,,X 全窗基线 · 不参与实体赏罚,3920545,393,A168_HF9F_20260827_0900,2026-08-27 09:00:00
2026-06-02,110102342,2147,0,182.6792963464,-182.6792963464,-181.2178619756,0E-7,1,1,0.49324550000000000,0.493245500000,-0.9865810262130424,-0.9865810262130424,-0.9865810262130424,0E-17,ELIGIBLE,R03b_20260811_FULL_v1,L1_ELIGIBILITY,v2026-08-11,2026-03-21..2026-08-06,baccarat_bet02_101_all_pairs_incl_sentinel,round_win = game_pnl > 0 (decisive only),COMPATIBILITY_ONLY_NOT_PRODUCTION,96567.1958,86231.7213,670.0753,281,280,-0.00693895,-0.48898037,0.00857782,-0.01408272,-670.0753,96567.1958,OK,689.8538,40.2045,6.0000,94.0000,AG03-UNRESOLVED,ALL5_LEVELS_bet23_to_bet27,40.2045,40.2045,40.2045,40.2045,40.2045,6.000000,6.000000,6.000000,6.000000,6.000000,94.000000,94.000000,94.000000,94.000000,94.000000,5.0,201.0226,178.3043,-220.8011,-198.0828,PENDING_AG03,FALSE,NOT_FOR_ENFORCEMENT,629.8708,81057.8180,-19.7785,-59.9830,-649.6493,-0.00020482,-0.00062115,40.2045,-59.9830,-0.00062115,40.2045,40.2045,40.2045,40.2045,40.2045,-59.9830,-0.00062115,201.0226,178.3043,-220.8011,-198.0828,-0.00228650,-0.00205124,-0.00672743,343.6555,307.9704,2.3931,16.3433,2.9389,2355.2975,6.8293,231.6562,349.0883,135.8696,203.8044,689.6552,689.6552,689.6552,689.6552,203.8044,0.0,3.383908,3.383908,1.686203,29,115,53,2,0.03118585,0.00693895,0.48898037,0.00800000,0.800000,0.892971,0.021352,-0.49755819,2026-03-28,2026-08-04,41,228,202,130,0.315385,0.663603,0.674094,0.103953,,,,,,,,GLOBAL_BASELINE_NO_ENTITY_RANKING,,,NOT_APPLICABLE_GLOBAL_BASELINE,HF9g-P5,,,,X 全窗基线 · 不参与实体赏罚,3920546,393,A168_HF9F_20260827_0900,2026-08-27 09:00:00
2026-06-03,110102342,-1,1,27.0635994587,-27.0635994587,-26.8470906631,0E-7,1,1,0.49324550000000000,0.493245500000,-0.9865810262130424,-0.9865810262130424,-0.9865810262130424,0E-17,SENTINEL_DEALER,R03b_20260811_FULL_v1,L1_ELIGIBILITY,v2026-08-11,2026-03-21..2026-08-06,baccarat_bet02_101_all_pairs_incl_sentinel,round_win = game_pnl > 0 (decisive only),COMPATIBILITY_ONLY_NOT_PRODUCTION,96567.1958,86231.7213,670.0753,281,280,-0.00693895,-0.48898037,0.00857782,-0.01408272,-670.0753,96567.1958,OK,689.8538,40.2045,6.0000,94.0000,AG03-UNRESOLVED,ALL5_LEVELS_bet23_to_bet27,40.2045,40.2045,40.2045,40.2045,40.2045,6.000000,6.000000,6.000000,6.000000,6.000000,94.000000,94.000000,94.000000,94.000000,94.000000,5.0,201.0226,178.3043,-220.8011,-198.0828,PENDING_AG03,FALSE,NOT_FOR_ENFORCEMENT,629.8708,81057.8180,-19.7785,-59.9830,-649.6493,-0.00020482,-0.00062115,40.2045,-59.9830,-0.00062115,40.2045,40.2045,40.2045,40.2045,40.2045,-59.9830,-0.00062115,201.0226,178.3043,-220.8011,-198.0828,-0.00228650,-0.00205124,-0.00672743,343.6555,307.9704,2.3931,16.3433,2.9389,2355.2975,6.8293,231.6562,349.0883,135.8696,203.8044,689.6552,689.6552,689.6552,689.6552,203.8044,0.0,3.383908,3.383908,1.686203,29,115,53,2,0.03118585,0.00693895,0.48898037,0.00800000,0.800000,0.892971,0.021352,-0.49755819,2026-03-28,2026-08-04,41,228,202,130,0.315385,0.663603,0.674094,0.103953,,,,,,,,GLOBAL_BASELINE_NO_ENTITY_RANKING,,,NOT_APPLICABLE_GLOBAL_BASELINE,HF9g-P5,,,,X 全窗基线 · 不参与实体赏罚,3920547,393,A168_HF9F_20260827_0900,2026-08-27 09:00:00
2026-06-03,110102342,1331,0,13.5317997294,13.5317997294,13.6400541272,1.0000000,1,1,0.49324550000000000,0.493245500000,1.01360149184955,1.01360149184955,1.01360149184955,0E-17,ELIGIBLE,R03b_20260811_FULL_v1,L1_ELIGIBILITY,v2026-08-11,2026-03-21..2026-08-06,baccarat_bet02_101_all_pairs_incl_sentinel,round_win = game_pnl > 0 (decisive only),COMPATIBILITY_ONLY_NOT_PRODUCTION,96567.1958,86231.7213,670.0753,281,280,-0.00693895,-0.48898037,0.00857782,-0.01408272,-670.0753,96567.1958,OK,689.8538,40.2045,6.0000,94.0000,AG03-UNRESOLVED,ALL5_LEVELS_bet23_to_bet27,40.2045,40.2045,40.2045,40.2045,40.2045,6.000000,6.000000,6.000000,6.000000,6.000000,94.000000,94.000000,94.000000,94.000000,94.000000,5.0,201.0226,178.3043,-220.8011,-198.0828,PENDING_AG03,FALSE,NOT_FOR_ENFORCEMENT,629.8708,81057.8180,-19.7785,-59.9830,-649.6493,-0.00020482,-0.00062115,40.2045,-59.9830,-0.00062115,40.2045,40.2045,40.2045,40.2045,40.2045,-59.9830,-0.00062115,201.0226,178.3043,-220.8011,-198.0828,-0.00228650,-0.00205124,-0.00672743,343.6555,307.9704,2.3931,16.3433,2.9389,2355.2975,6.8293,231.6562,349.0883,135.8696,203.8044,689.6552,689.6552,689.6552,689.6552,203.8044,0.0,3.383908,3.383908,1.686203,29,115,53,2,0.03118585,0.00693895,0.48898037,0.00800000,0.800000,0.892971,0.021352,-0.49755819,2026-03-28,2026-08-04,41,228,202,130,0.315385,0.663603,0.674094,0.103953,,,,,,,,GLOBAL_BASELINE_NO_ENTITY_RANKING,,,NOT_APPLICABLE_GLOBAL_BASELINE,HF9g-P5,,,,X 全窗基线 · 不参与实体赏罚,3920548,393,A168_HF9F_20260827_0900,2026-08-27 09:00:00
2026-06-09,110102342,1109,0,81.1907983762,0E-10,0E-10,,1,1,0.49324550000000000,0.493245500000,,,,0E-17,NO_DECISIVE_ROUND,R03b_20260811_FULL_v1,L1_ELIGIBILITY,v2026-08-11,2026-03-21..2026-08-06,baccarat_bet02_101_all_pairs_incl_sentinel,round_win = game_pnl > 0 (decisive only),COMPATIBILITY_ONLY_NOT_PRODUCTION,96567.1958,86231.7213,670.0753,281,280,-0.00693895,-0.48898037,0.00857782,-0.01408272,-670.0753,96567.1958,OK,689.8538,40.2045,6.0000,94.0000,AG03-UNRESOLVED,ALL5_LEVELS_bet23_to_bet27,40.2045,40.2045,40.2045,40.2045,40.2045,6.000000,6.000000,6.000000,6.000000,6.000000,94.000000,94.000000,94.000000,94.000000,94.000000,5.0,201.0226,178.3043,-220.8011,-198.0828,PENDING_AG03,FALSE,NOT_FOR_ENFORCEMENT,629.8708,81057.8180,-19.7785,-59.9830,-649.6493,-0.00020482,-0.00062115,40.2045,-59.9830,-0.00062115,40.2045,40.2045,40.2045,40.2045,40.2045,-59.9830,-0.00062115,201.0226,178.3043,-220.8011,-198.0828,-0.00228650,-0.00205124,-0.00672743,343.6555,307.9704,2.3931,16.3433,2.9389,2355.2975,6.8293,231.6562,349.0883,135.8696,203.8044,689.6552,689.6552,689.6552,689.6552,203.8044,0.0,3.383908,3.383908,1.686203,29,115,53,2,0.03118585,0.00693895,0.48898037,0.00800000,0.800000,0.892971,0.021352,-0.49755819,2026-03-28,2026-08-04,41,228,202,130,0.315385,0.663603,0.674094,0.103953,,,,,,,,GLOBAL_BASELINE_NO_ENTITY_RANKING,,,NOT_APPLICABLE_GLOBAL_BASELINE,HF9g-P5,,,,X 全窗基线 · 不参与实体赏罚,3920549,393,A168_HF9F_20260827_0900,2026-08-27 09:00:00
2026-06-09,110102342,1330,0,81.1907983762,0E-10,0E-10,,1,1,0.49324550000000000,0.493245500000,,,,0E-17,NO_DECISIVE_ROUND,R03b_20260811_FULL_v1,L1_ELIGIBILITY,v2026-08-11,2026-03-21..2026-08-06,baccarat_bet02_101_all_pairs_incl_sentinel,round_win = game_pnl > 0 (decisive only),COMPATIBILITY_ONLY_NOT_PRODUCTION,96567.1958,86231.7213,670.0753,281,280,-0.00693895,-0.48898037,0.00857782,-0.01408272,-670.0753,96567.1958,OK,689.8538,40.2045,6.0000,94.0000,AG03-UNRESOLVED,ALL5_LEVELS_bet23_to_bet27,40.2045,40.2045,40.2045,40.2045,40.2045,6.000000,6.000000,6.000000,6.000000,6.000000,94.000000,94.000000,94.000000,94.000000,94.000000,5.0,201.0226,178.3043,-220.8011,-198.0828,PENDING_AG03,FALSE,NOT_FOR_ENFORCEMENT,629.8708,81057.8180,-19.7785,-59.9830,-649.6493,-0.00020482,-0.00062115,40.2045,-59.9830,-0.00062115,40.2045,40.2045,40.2045,40.2045,40.2045,-59.9830,-0.00062115,201.0226,178.3043,-220.8011,-198.0828,-0.00228650,-0.00205124,-0.00672743,343.6555,307.9704,2.3931,16.3433,2.9389,2355.2975,6.8293,231.6562,349.0883,135.8696,203.8044,689.6552,689.6552,689.6552,689.6552,203.8044,0.0,3.383908,3.383908,1.686203,29,115,53,2,0.03118585,0.00693895,0.48898037,0.00800000,0.800000,0.892971,0.021352,-0.49755819,2026-03-28,2026-08-04,41,228,202,130,0.315385,0.663603,0.674094,0.103953,,,,,,,,GLOBAL_BASELINE_NO_ENTITY_RANKING,,,NOT_APPLICABLE_GLOBAL_BASELINE,HF9g-P5,,,,X 全窗基线 · 不参与实体赏罚,3920550,393,A168_HF9F_20260827_0900,2026-08-27 09:00:00
2026-06-09,110102342,1331,0,81.1907983762,-81.1907983762,-80.5412719892,0E-7,1,1,0.49324550000000000,0.493245500000,-0.9865810262130424,-0.9865810262130424,-0.9865810262130424,0E-17,ELIGIBLE,R03b_20260811_FULL_v1,L1_ELIGIBILITY,v2026-08-11,2026-03-21..2026-08-06,baccarat_bet02_101_all_pairs_incl_sentinel,round_win = game_pnl > 0 (decisive only),COMPATIBILITY_ONLY_NOT_PRODUCTION,96567.1958,86231.7213,670.0753,281,280,-0.00693895,-0.48898037,0.00857782,-0.01408272,-670.0753,96567.1958,OK,689.8538,40.2045,6.0000,94.0000,AG03-UNRESOLVED,ALL5_LEVELS_bet23_to_bet27,40.2045,40.2045,40.2045,40.2045,40.2045,6.000000,6.000000,6.000000,6.000000,6.000000,94.000000,94.000000,94.000000,94.000000,94.000000,5.0,201.0226,178.3043,-220.8011,-198.0828,PENDING_AG03,FALSE,NOT_FOR_ENFORCEMENT,629.8708,81057.8180,-19.7785,-59.9830,-649.6493,-0.00020482,-0.00062115,40.2045,-59.9830,-0.00062115,40.2045,40.2045,40.2045,40.2045,40.2045,-59.9830,-0.00062115,201.0226,178.3043,-220.8011,-198.0828,-0.00228650,-0.00205124,-0.00672743,343.6555,307.9704,2.3931,16.3433,2.9389,2355.2975,6.8293,231.6562,349.0883,135.8696,203.8044,689.6552,689.6552,689.6552,689.6552,203.8044,0.0,3.383908,3.383908,1.686203,29,115,53,2,0.03118585,0.00693895,0.48898037,0.00800000,0.800000,0.892971,0.021352,-0.49755819,2026-03-28,2026-08-04,41,228,202,130,0.315385,0.663603,0.674094,0.103953,,,,,,,,GLOBAL_BASELINE_NO_ENTITY_RANKING,,,NOT_APPLICABLE_GLOBAL_BASELINE,HF9g-P5,,,,X 全窗基线 · 不参与实体赏罚,3920551,393,A168_HF9F_20260827_0900,2026-08-27 09:00:00
2026-06-10,110102342,1306,0,67.6589986468,-67.6589986468,-67.1177266576,0E-7,1,1,0.49324550000000000,0.493245500000,-0.9865810262130424,-0.9865810262130424,-0.9865810262130424,0E-17,ELIGIBLE,R03b_20260811_FULL_v1,L1_ELIGIBILITY,v2026-08-11,2026-03-21..2026-08-06,baccarat_bet02_101_all_pairs_incl_sentinel,round_win = game_pnl > 0 (decisive only),COMPATIBILITY_ONLY_NOT_PRODUCTION,96567.1958,86231.7213,670.0753,281,280,-0.00693895,-0.48898037,0.00857782,-0.01408272,-670.0753,96567.1958,OK,689.8538,40.2045,6.0000,94.0000,AG03-UNRESOLVED,ALL5_LEVELS_bet23_to_bet27,40.2045,40.2045,40.2045,40.2045,40.2045,6.000000,6.000000,6.000000,6.000000,6.000000,94.000000,94.000000,94.000000,94.000000,94.000000,5.0,201.0226,178.3043,-220.8011,-198.0828,PENDING_AG03,FALSE,NOT_FOR_ENFORCEMENT,629.8708,81057.8180,-19.7785,-59.9830,-649.6493,-0.00020482,-0.00062115,40.2045,-59.9830,-0.00062115,40.2045,40.2045,40.2045,40.2045,40.2045,-59.9830,-0.00062115,201.0226,178.3043,-220.8011,-198.0828,-0.00228650,-0.00205124,-0.00672743,343.6555,307.9704,2.3931,16.3433,2.9389,2355.2975,6.8293,231.6562,349.0883,135.8696,203.8044,689.6552,689.6552,689.6552,689.6552,203.8044,0.0,3.383908,3.383908,1.686203,29,115,53,2,0.03118585,0.00693895,0.48898037,0.00800000,0.800000,0.892971,0.021352,-0.49755819,2026-03-28,2026-08-04,41,228,202,130,0.315385,0.663603,0.674094,0.103953,,,,,,,,GLOBAL_BASELINE_NO_ENTITY_RANKING,,,NOT_APPLICABLE_GLOBAL_BASELINE,HF9g-P5,,,,X 全窗基线 · 不参与实体赏罚,3920552,393,A168_HF9F_20260827_0900,2026-08-27 09:00:00
2026-06-10,110102342,2108,0,128.5520974290,0E-10,0E-10,,1,1,0.49324550000000000,0.493245500000,,,,0E-17,NO_DECISIVE_ROUND,R03b_20260811_FULL_v1,L1_ELIGIBILITY,v2026-08-11,2026-03-21..2026-08-06,baccarat_bet02_101_all_pairs_incl_sentinel,round_win = game_pnl > 0 (decisive only),COMPATIBILITY_ONLY_NOT_PRODUCTION,96567.1958,86231.7213,670.0753,281,280,-0.00693895,-0.48898037,0.00857782,-0.01408272,-670.0753,96567.1958,OK,689.8538,40.2045,6.0000,94.0000,AG03-UNRESOLVED,ALL5_LEVELS_bet23_to_bet27,40.2045,40.2045,40.2045,40.2045,40.2045,6.000000,6.000000,6.000000,6.000000,6.000000,94.000000,94.000000,94.000000,94.000000,94.000000,5.0,201.0226,178.3043,-220.8011,-198.0828,PENDING_AG03,FALSE,NOT_FOR_ENFORCEMENT,629.8708,81057.8180,-19.7785,-59.9830,-649.6493,-0.00020482,-0.00062115,40.2045,-59.9830,-0.00062115,40.2045,40.2045,40.2045,40.2045,40.2045,-59.9830,-0.00062115,201.0226,178.3043,-220.8011,-198.0828,-0.00228650,-0.00205124,-0.00672743,343.6555,307.9704,2.3931,16.3433,2.9389,2355.2975,6.8293,231.6562,349.0883,135.8696,203.8044,689.6552,689.6552,689.6552,689.6552,203.8044,0.0,3.383908,3.383908,1.686203,29,115,53,2,0.03118585,0.00693895,0.48898037,0.00800000,0.800000,0.892971,0.021352,-0.49755819,2026-03-28,2026-08-04,41,228,202,130,0.315385,0.663603,0.674094,0.103953,,,,,,,,GLOBAL_BASELINE_NO_ENTITY_RANKING,,,NOT_APPLICABLE_GLOBAL_BASELINE,HF9g-P5,,,,X 全窗基线 · 不参与实体赏罚,3920553,393,A168_HF9F_20260827_0900,2026-08-27 09:00:00
2026-06-10,110102342,2142,0,135.3179972936,-135.3179972936,-134.2354533153,0E-7,1,1,0.49324550000000000,0.493245500000,-0.9865810262130424,-0.9865810262130424,-0.9865810262130424,0E-17,ELIGIBLE,R03b_20260811_FULL_v1,L1_ELIGIBILITY,v2026-08-11,2026-03-21..2026-08-06,baccarat_bet02_101_all_pairs_incl_sentinel,round_win = game_pnl > 0 (decisive only),COMPATIBILITY_ONLY_NOT_PRODUCTION,96567.1958,86231.7213,670.0753,281,280,-0.00693895,-0.48898037,0.00857782,-0.01408272,-670.0753,96567.1958,OK,689.8538,40.2045,6.0000,94.0000,AG03-UNRESOLVED,ALL5_LEVELS_bet23_to_bet27,40.2045,40.2045,40.2045,40.2045,40.2045,6.000000,6.000000,6.000000,6.000000,6.000000,94.000000,94.000000,94.000000,94.000000,94.000000,5.0,201.0226,178.3043,-220.8011,-198.0828,PENDING_AG03,FALSE,NOT_FOR_ENFORCEMENT,629.8708,81057.8180,-19.7785,-59.9830,-649.6493,-0.00020482,-0.00062115,40.2045,-59.9830,-0.00062115,40.2045,40.2045,40.2045,40.2045,40.2045,-59.9830,-0.00062115,201.0226,178.3043,-220.8011,-198.0828,-0.00228650,-0.00205124,-0.00672743,343.6555,307.9704,2.3931,16.3433,2.9389,2355.2975,6.8293,231.6562,349.0883,135.8696,203.8044,689.6552,689.6552,689.6552,689.6552,203.8044,0.0,3.383908,3.383908,1.686203,29,115,53,2,0.03118585,0.00693895,0.48898037,0.00800000,0.800000,0.892971,0.021352,-0.49755819,2026-03-28,2026-08-04,41,228,202,130,0.315385,0.663603,0.674094,0.103953,,,,,,,,GLOBAL_BASELINE_NO_ENTITY_RANKING,,,NOT_APPLICABLE_GLOBAL_BASELINE,HF9g-P5,,,,X 全窗基线 · 不参与实体赏罚,3920554,393,A168_HF9F_20260827_0900,2026-08-27 09:00:00
2026-06-10,110102342,2223,0,169.1474966171,169.1474966171,170.5006765900,1.0000000,1,1,0.49324550000000000,0.493245500000,1.01360149184955,1.01360149184955,1.01360149184955,0E-17,ELIGIBLE,R03b_20260811_FULL_v1,L1_ELIGIBILITY,v2026-08-11,2026-03-21..2026-08-06,baccarat_bet02_101_all_pairs_incl_sentinel,round_win = game_pnl > 0 (decisive only),COMPATIBILITY_ONLY_NOT_PRODUCTION,96567.1958,86231.7213,670.0753,281,280,-0.00693895,-0.48898037,0.00857782,-0.01408272,-670.0753,96567.1958,OK,689.8538,40.2045,6.0000,94.0000,AG03-UNRESOLVED,ALL5_LEVELS_bet23_to_bet27,40.2045,40.2045,40.2045,40.2045,40.2045,6.000000,6.000000,6.000000,6.000000,6.000000,94.000000,94.000000,94.000000,94.000000,94.000000,5.0,201.0226,178.3043,-220.8011,-198.0828,PENDING_AG03,FALSE,NOT_FOR_ENFORCEMENT,629.8708,81057.8180,-19.7785,-59.9830,-649.6493,-0.00020482,-0.00062115,40.2045,-59.9830,-0.00062115,40.2045,40.2045,40.2045,40.2045,40.2045,-59.9830,-0.00062115,201.0226,178.3043,-220.8011,-198.0828,-0.00228650,-0.00205124,-0.00672743,343.6555,307.9704,2.3931,16.3433,2.9389,2355.2975,6.8293,231.6562,349.0883,135.8696,203.8044,689.6552,689.6552,689.6552,689.6552,203.8044,0.0,3.383908,3.383908,1.686203,29,115,53,2,0.03118585,0.00693895,0.48898037,0.00800000,0.800000,0.892971,0.021352,-0.49755819,2026-03-28,2026-08-04,41,228,202,130,0.315385,0.663603,0.674094,0.103953,,,,,,,,GLOBAL_BASELINE_NO_ENTITY_RANKING,,,NOT_APPLICABLE_GLOBAL_BASELINE,HF9g-P5,,,,X 全窗基线 · 不参与实体赏罚,3920555,393,A168_HF9F_20260827_0900,2026-08-27 09:00:00
2026-06-10,110102342,2258,0,135.3179972936,-135.3179972936,-134.2354533153,0E-7,1,1,0.49324550000000000,0.493245500000,-0.9865810262130424,-0.9865810262130424,-0.9865810262130424,0E-17,ELIGIBLE,R03b_20260811_FULL_v1,L1_ELIGIBILITY,v2026-08-11,2026-03-21..2026-08-06,baccarat_bet02_101_all_pairs_incl_sentinel,round_win = game_pnl > 0 (decisive only),COMPATIBILITY_ONLY_NOT_PRODUCTION,96567.1958,86231.7213,670.0753,281,280,-0.00693895,-0.48898037,0.00857782,-0.01408272,-670.0753,96567.1958,OK,689.8538,40.2045,6.0000,94.0000,AG03-UNRESOLVED,ALL5_LEVELS_bet23_to_bet27,40.2045,40.2045,40.2045,40.2045,40.2045,6.000000,6.000000,6.000000,6.000000,6.000000,94.000000,94.000000,94.000000,94.000000,94.000000,5.0,201.0226,178.3043,-220.8011,-198.0828,PENDING_AG03,FALSE,NOT_FOR_ENFORCEMENT,629.8708,81057.8180,-19.7785,-59.9830,-649.6493,-0.00020482,-0.00062115,40.2045,-59.9830,-0.00062115,40.2045,40.2045,40.2045,40.2045,40.2045,-59.9830,-0.00062115,201.0226,178.3043,-220.8011,-198.0828,-0.00228650,-0.00205124,-0.00672743,343.6555,307.9704,2.3931,16.3433,2.9389,2355.2975,6.8293,231.6562,349.0883,135.8696,203.8044,689.6552,689.6552,689.6552,689.6552,203.8044,0.0,3.383908,3.383908,1.686203,29,115,53,2,0.03118585,0.00693895,0.48898037,0.00800000,0.800000,0.892971,0.021352,-0.49755819,2026-03-28,2026-08-04,41,228,202,130,0.315385,0.663603,0.674094,0.103953,,,,,,,,GLOBAL_BASELINE_NO_ENTITY_RANKING,,,NOT_APPLICABLE_GLOBAL_BASELINE,HF9g-P5,,,,X 全窗基线 · 不参与实体赏罚,3920556,393,A168_HF9F_20260827_0900,2026-08-27 09:00:00
2026-06-10,110102342,2280,0,257.1041948579,257.1041948579,259.1610284168,1.0000000,1,1,0.49324550000000000,0.493245500000,1.01360149184955,1.01360149184955,1.01360149184955,0E-17,ELIGIBLE,R03b_20260811_FULL_v1,L1_ELIGIBILITY,v2026-08-11,2026-03-21..2026-08-06,baccarat_bet02_101_all_pairs_incl_sentinel,round_win = game_pnl > 0 (decisive only),COMPATIBILITY_ONLY_NOT_PRODUCTION,96567.1958,86231.7213,670.0753,281,280,-0.00693895,-0.48898037,0.00857782,-0.01408272,-670.0753,96567.1958,OK,689.8538,40.2045,6.0000,94.0000,AG03-UNRESOLVED,ALL5_LEVELS_bet23_to_bet27,40.2045,40.2045,40.2045,40.2045,40.2045,6.000000,6.000000,6.000000,6.000000,6.000000,94.000000,94.000000,94.000000,94.000000,94.000000,5.0,201.0226,178.3043,-220.8011,-198.0828,PENDING_AG03,FALSE,NOT_FOR_ENFORCEMENT,629.8708,81057.8180,-19.7785,-59.9830,-649.6493,-0.00020482,-0.00062115,40.2045,-59.9830,-0.00062115,40.2045,40.2045,40.2045,40.2045,40.2045,-59.9830,-0.00062115,201.0226,178.3043,-220.8011,-198.0828,-0.00228650,-0.00205124,-0.00672743,343.6555,307.9704,2.3931,16.3433,2.9389,2355.2975,6.8293,231.6562,349.0883,135.8696,203.8044,689.6552,689.6552,689.6552,689.6552,203.8044,0.0,3.383908,3.383908,1.686203,29,115,53,2,0.03118585,0.00693895,0.48898037,0.00800000,0.800000,0.892971,0.021352,-0.49755819,2026-03-28,2026-08-04,41,228,202,130,0.315385,0.663603,0.674094,0.103953,,,,,,,,GLOBAL_BASELINE_NO_ENTITY_RANKING,,,NOT_APPLICABLE_GLOBAL_BASELINE,HF9g-P5,,,,X 全窗基线 · 不参与实体赏罚,3920557,393,A168_HF9F_20260827_0900,2026-08-27 09:00:00
2026-06-10,110102342,471,0,128.5520974290,128.5520974290,129.5805142084,1.0000000,1,1,0.49324550000000000,0.493245500000,1.01360149184955,1.01360149184955,1.01360149184955,0E-17,ELIGIBLE,R03b_20260811_FULL_v1,L1_ELIGIBILITY,v2026-08-11,2026-03-21..2026-08-06,baccarat_bet02_101_all_pairs_incl_sentinel,round_win = game_pnl > 0 (decisive only),COMPATIBILITY_ONLY_NOT_PRODUCTION,96567.1958,86231.7213,670.0753,281,280,-0.00693895,-0.48898037,0.00857782,-0.01408272,-670.0753,96567.1958,OK,689.8538,40.2045,6.0000,94.0000,AG03-UNRESOLVED,ALL5_LEVELS_bet23_to_bet27,40.2045,40.2045,40.2045,40.2045,40.2045,6.000000,6.000000,6.000000,6.000000,6.000000,94.000000,94.000000,94.000000,94.000000,94.000000,5.0,201.0226,178.3043,-220.8011,-198.0828,PENDING_AG03,FALSE,NOT_FOR_ENFORCEMENT,629.8708,81057.8180,-19.7785,-59.9830,-649.6493,-0.00020482,-0.00062115,40.2045,-59.9830,-0.00062115,40.2045,40.2045,40.2045,40.2045,40.2045,-59.9830,-0.00062115,201.0226,178.3043,-220.8011,-198.0828,-0.00228650,-0.00205124,-0.00672743,343.6555,307.9704,2.3931,16.3433,2.9389,2355.2975,6.8293,231.6562,349.0883,135.8696,203.8044,689.6552,689.6552,689.6552,689.6552,203.8044,0.0,3.383908,3.383908,1.686203,29,115,53,2,0.03118585,0.00693895,0.48898037,0.00800000,0.800000,0.892971,0.021352,-0.49755819,2026-03-28,2026-08-04,41,228,202,130,0.315385,0.663603,0.674094,0.103953,,,,,,,,GLOBAL_BASELINE_NO_ENTITY_RANKING,,,NOT_APPLICABLE_GLOBAL_BASELINE,HF9g-P5,,,,X 全窗基线 · 不参与实体赏罚,3920558,393,A168_HF9F_20260827_0900,2026-08-27 09:00:00
2026-06-10,110102342,583,0,101.4884979702,101.4884979702,102.3004059540,1.0000000,1,1,0.49324550000000000,0.493245500000,1.01360149184955,1.01360149184955,1.01360149184955,0E-17,ELIGIBLE,R03b_20260811_FULL_v1,L1_ELIGIBILITY,v2026-08-11,2026-03-21..2026-08-06,baccarat_bet02_101_all_pairs_incl_sentinel,round_win = game_pnl > 0 (decisive only),COMPATIBILITY_ONLY_NOT_PRODUCTION,96567.1958,86231.7213,670.0753,281,280,-0.00693895,-0.48898037,0.00857782,-0.01408272,-670.0753,96567.1958,OK,689.8538,40.2045,6.0000,94.0000,AG03-UNRESOLVED,ALL5_LEVELS_bet23_to_bet27,40.2045,40.2045,40.2045,40.2045,40.2045,6.000000,6.000000,6.000000,6.000000,6.000000,94.000000,94.000000,94.000000,94.000000,94.000000,5.0,201.0226,178.3043,-220.8011,-198.0828,PENDING_AG03,FALSE,NOT_FOR_ENFORCEMENT,629.8708,81057.8180,-19.7785,-59.9830,-649.6493,-0.00020482,-0.00062115,40.2045,-59.9830,-0.00062115,40.2045,40.2045,40.2045,40.2045,40.2045,-59.9830,-0.00062115,201.0226,178.3043,-220.8011,-198.0828,-0.00228650,-0.00205124,-0.00672743,343.6555,307.9704,2.3931,16.3433,2.9389,2355.2975,6.8293,231.6562,349.0883,135.8696,203.8044,689.6552,689.6552,689.6552,689.6552,203.8044,0.0,3.383908,3.383908,1.686203,29,115,53,2,0.03118585,0.00693895,0.48898037,0.00800000,0.800000,0.892971,0.021352,-0.49755819,2026-03-28,2026-08-04,41,228,202,130,0.315385,0.663603,0.674094,0.103953,,,,,,,,GLOBAL_BASELINE_NO_ENTITY_RANKING,,,NOT_APPLICABLE_GLOBAL_BASELINE,HF9g-P5,,,,X 全窗基线 · 不参与实体赏罚,3920559,393,A168_HF9F_20260827_0900,2026-08-27 09:00:00
2026-06-11,110102342,1007,0,135.3179972936,135.3179972936,136.4005412720,1.0000000,1,1,0.49324550000000000,0.493245500000,1.01360149184955,1.01360149184955,1.01360149184955,0E-17,ELIGIBLE,R03b_20260811_FULL_v1,L1_ELIGIBILITY,v2026-08-11,2026-03-21..2026-08-06,baccarat_bet02_101_all_pairs_incl_sentinel,round_win = game_pnl > 0 (decisive only),COMPATIBILITY_ONLY_NOT_PRODUCTION,96567.1958,86231.7213,670.0753,281,280,-0.00693895,-0.48898037,0.00857782,-0.01408272,-670.0753,96567.1958,OK,689.8538,40.2045,6.0000,94.0000,AG03-UNRESOLVED,ALL5_LEVELS_bet23_to_bet27,40.2045,40.2045,40.2045,40.2045,40.2045,6.000000,6.000000,6.000000,6.000000,6.000000,94.000000,94.000000,94.000000,94.000000,94.000000,5.0,201.0226,178.3043,-220.8011,-198.0828,PENDING_AG03,FALSE,NOT_FOR_ENFORCEMENT,629.8708,81057.8180,-19.7785,-59.9830,-649.6493,-0.00020482,-0.00062115,40.2045,-59.9830,-0.00062115,40.2045,40.2045,40.2045,40.2045,40.2045,-59.9830,-0.00062115,201.0226,178.3043,-220.8011,-198.0828,-0.00228650,-0.00205124,-0.00672743,343.6555,307.9704,2.3931,16.3433,2.9389,2355.2975,6.8293,231.6562,349.0883,135.8696,203.8044,689.6552,689.6552,689.6552,689.6552,203.8044,0.0,3.383908,3.383908,1.686203,29,115,53,2,0.03118585,0.00693895,0.48898037,0.00800000,0.800000,0.892971,0.021352,-0.49755819,2026-03-28,2026-08-04,41,228,202,130,0.315385,0.663603,0.674094,0.103953,,,,,,,,GLOBAL_BASELINE_NO_ENTITY_RANKING,,,NOT_APPLICABLE_GLOBAL_BASELINE,HF9g-P5,,,,X 全窗基线 · 不参与实体赏罚,3920560,393,A168_HF9F_20260827_0900,2026-08-27 09:00:00
2026-06-11,110102342,1325,0,101.4884979702,101.4884979702,102.3004059540,1.0000000,1,1,0.49324550000000000,0.493245500000,1.01360149184955,1.01360149184955,1.01360149184955,0E-17,ELIGIBLE,R03b_20260811_FULL_v1,L1_ELIGIBILITY,v2026-08-11,2026-03-21..2026-08-06,baccarat_bet02_101_all_pairs_incl_sentinel,round_win = game_pnl > 0 (decisive only),COMPATIBILITY_ONLY_NOT_PRODUCTION,96567.1958,86231.7213,670.0753,281,280,-0.00693895,-0.48898037,0.00857782,-0.01408272,-670.0753,96567.1958,OK,689.8538,40.2045,6.0000,94.0000,AG03-UNRESOLVED,ALL5_LEVELS_bet23_to_bet27,40.2045,40.2045,40.2045,40.2045,40.2045,6.000000,6.000000,6.000000,6.000000,6.000000,94.000000,94.000000,94.000000,94.000000,94.000000,5.0,201.0226,178.3043,-220.8011,-198.0828,PENDING_AG03,FALSE,NOT_FOR_ENFORCEMENT,629.8708,81057.8180,-19.7785,-59.9830,-649.6493,-0.00020482,-0.00062115,40.2045,-59.9830,-0.00062115,40.2045,40.2045,40.2045,40.2045,40.2045,-59.9830,-0.00062115,201.0226,178.3043,-220.8011,-198.0828,-0.00228650,-0.00205124,-0.00672743,343.6555,307.9704,2.3931,16.3433,2.9389,2355.2975,6.8293,231.6562,349.0883,135.8696,203.8044,689.6552,689.6552,689.6552,689.6552,203.8044,0.0,3.383908,3.383908,1.686203,29,115,53,2,0.03118585,0.00693895,0.48898037,0.00800000,0.800000,0.892971,0.021352,-0.49755819,2026-03-28,2026-08-04,41,228,202,130,0.315385,0.663603,0.674094,0.103953,,,,,,,,GLOBAL_BASELINE_NO_ENTITY_RANKING,,,NOT_APPLICABLE_GLOBAL_BASELINE,HF9g-P5,,,,X 全窗基线 · 不参与实体赏罚,3920561,393,A168_HF9F_20260827_0900,2026-08-27 09:00:00
2026-06-11,110102342,1485,0,135.3179972936,-135.3179972936,-134.2354533153,0E-7,1,1,0.49324550000000000,0.493245500000,-0.9865810262130424,-0.9865810262130424,-0.9865810262130424,0E-17,ELIGIBLE,R03b_20260811_FULL_v1,L1_ELIGIBILITY,v2026-08-11,2026-03-21..2026-08-06,baccarat_bet02_101_all_pairs_incl_sentinel,round_win = game_pnl > 0 (decisive only),COMPATIBILITY_ONLY_NOT_PRODUCTION,96567.1958,86231.7213,670.0753,281,280,-0.00693895,-0.48898037,0.00857782,-0.01408272,-670.0753,96567.1958,OK,689.8538,40.2045,6.0000,94.0000,AG03-UNRESOLVED,ALL5_LEVELS_bet23_to_bet27,40.2045,40.2045,40.2045,40.2045,40.2045,6.000000,6.000000,6.000000,6.000000,6.000000,94.000000,94.000000,94.000000,94.000000,94.000000,5.0,201.0226,178.3043,-220.8011,-198.0828,PENDING_AG03,FALSE,NOT_FOR_ENFORCEMENT,629.8708,81057.8180,-19.7785,-59.9830,-649.6493,-0.00020482,-0.00062115,40.2045,-59.9830,-0.00062115,40.2045,40.2045,40.2045,40.2045,40.2045,-59.9830,-0.00062115,201.0226,178.3043,-220.8011,-198.0828,-0.00228650,-0.00205124,-0.00672743,343.6555,307.9704,2.3931,16.3433,2.9389,2355.2975,6.8293,231.6562,349.0883,135.8696,203.8044,689.6552,689.6552,689.6552,689.6552,203.8044,0.0,3.383908,3.383908,1.686203,29,115,53,2,0.03118585,0.00693895,0.48898037,0.00800000,0.800000,0.892971,0.021352,-0.49755819,2026-03-28,2026-08-04,41,228,202,130,0.315385,0.663603,0.674094,0.103953,,,,,,,,GLOBAL_BASELINE_NO_ENTITY_RANKING,,,NOT_APPLICABLE_GLOBAL_BASELINE,HF9g-P5,,,,X 全窗基线 · 不参与实体赏罚,3920562,393,A168_HF9F_20260827_0900,2026-08-27 09:00:00
2026-06-11,110102342,2152,0,135.3179972936,-135.3179972936,-134.2354533153,0E-7,1,1,0.49324550000000000,0.493245500000,-0.9865810262130424,-0.9865810262130424,-0.9865810262130424,0E-17,ELIGIBLE,R03b_20260811_FULL_v1,L1_ELIGIBILITY,v2026-08-11,2026-03-21..2026-08-06,baccarat_bet02_101_all_pairs_incl_sentinel,round_win = game_pnl > 0 (decisive only),COMPATIBILITY_ONLY_NOT_PRODUCTION,96567.1958,86231.7213,670.0753,281,280,-0.00693895,-0.48898037,0.00857782,-0.01408272,-670.0753,96567.1958,OK,689.8538,40.2045,6.0000,94.0000,AG03-UNRESOLVED,ALL5_LEVELS_bet23_to_bet27,40.2045,40.2045,40.2045,40.2045,40.2045,6.000000,6.000000,6.000000,6.000000,6.000000,94.000000,94.000000,94.000000,94.000000,94.000000,5.0,201.0226,178.3043,-220.8011,-198.0828,PENDING_AG03,FALSE,NOT_FOR_ENFORCEMENT,629.8708,81057.8180,-19.7785,-59.9830,-649.6493,-0.00020482,-0.00062115,40.2045,-59.9830,-0.00062115,40.2045,40.2045,40.2045,40.2045,40.2045,-59.9830,-0.00062115,201.0226,178.3043,-220.8011,-198.0828,-0.00228650,-0.00205124,-0.00672743,343.6555,307.9704,2.3931,16.3433,2.9389,2355.2975,6.8293,231.6562,349.0883,135.8696,203.8044,689.6552,689.6552,689.6552,689.6552,203.8044,0.0,3.383908,3.383908,1.686203,29,115,53,2,0.03118585,0.00693895,0.48898037,0.00800000,0.800000,0.892971,0.021352,-0.49755819,2026-03-28,2026-08-04,41,228,202,130,0.315385,0.663603,0.674094,0.103953,,,,,,,,GLOBAL_BASELINE_NO_ENTITY_RANKING,,,NOT_APPLICABLE_GLOBAL_BASELINE,HF9g-P5,,,,X 全窗基线 · 不参与实体赏罚,3920563,393,A168_HF9F_20260827_0900,2026-08-27 09:00:00
2026-06-11,110102342,2196,0,202.9769959405,-202.9769959405,-201.3531799729,0E-7,1,1,0.49324550000000000,0.493245500000,-0.9865810262130424,-0.9865810262130424,-0.9865810262130424,0E-17,ELIGIBLE,R03b_20260811_FULL_v1,L1_ELIGIBILITY,v2026-08-11,2026-03-21..2026-08-06,baccarat_bet02_101_all_pairs_incl_sentinel,round_win = game_pnl > 0 (decisive only),COMPATIBILITY_ONLY_NOT_PRODUCTION,96567.1958,86231.7213,670.0753,281,280,-0.00693895,-0.48898037,0.00857782,-0.01408272,-670.0753,96567.1958,OK,689.8538,40.2045,6.0000,94.0000,AG03-UNRESOLVED,ALL5_LEVELS_bet23_to_bet27,40.2045,40.2045,40.2045,40.2045,40.2045,6.000000,6.000000,6.000000,6.000000,6.000000,94.000000,94.000000,94.000000,94.000000,94.000000,5.0,201.0226,178.3043,-220.8011,-198.0828,PENDING_AG03,FALSE,NOT_FOR_ENFORCEMENT,629.8708,81057.8180,-19.7785,-59.9830,-649.6493,-0.00020482,-0.00062115,40.2045,-59.9830,-0.00062115,40.2045,40.2045,40.2045,40.2045,40.2045,-59.9830,-0.00062115,201.0226,178.3043,-220.8011,-198.0828,-0.00228650,-0.00205124,-0.00672743,343.6555,307.9704,2.3931,16.3433,2.9389,2355.2975,6.8293,231.6562,349.0883,135.8696,203.8044,689.6552,689.6552,689.6552,689.6552,203.8044,0.0,3.383908,3.383908,1.686203,29,115,53,2,0.03118585,0.00693895,0.48898037,0.00800000,0.800000,0.892971,0.021352,-0.49755819,2026-03-28,2026-08-04,41,228,202,130,0.315385,0.663603,0.674094,0.103953,,,,,,,,GLOBAL_BASELINE_NO_ENTITY_RANKING,,,NOT_APPLICABLE_GLOBAL_BASELINE,HF9g-P5,,,,X 全窗基线 · 不参与实体赏罚,3920564,393,A168_HF9F_20260827_0900,2026-08-27 09:00:00
2026-06-11,110102342,2216,0,135.3179972936,135.3179972936,136.4005412720,1.0000000,1,1,0.49324550000000000,0.493245500000,1.01360149184955,1.01360149184955,1.01360149184955,0E-17,ELIGIBLE,R03b_20260811_FULL_v1,L1_ELIGIBILITY,v2026-08-11,2026-03-21..2026-08-06,baccarat_bet02_101_all_pairs_incl_sentinel,round_win = game_pnl > 0 (decisive only),COMPATIBILITY_ONLY_NOT_PRODUCTION,96567.1958,86231.7213,670.0753,281,280,-0.00693895,-0.48898037,0.00857782,-0.01408272,-670.0753,96567.1958,OK,689.8538,40.2045,6.0000,94.0000,AG03-UNRESOLVED,ALL5_LEVELS_bet23_to_bet27,40.2045,40.2045,40.2045,40.2045,40.2045,6.000000,6.000000,6.000000,6.000000,6.000000,94.000000,94.000000,94.000000,94.000000,94.000000,5.0,201.0226,178.3043,-220.8011,-198.0828,PENDING_AG03,FALSE,NOT_FOR_ENFORCEMENT,629.8708,81057.8180,-19.7785,-59.9830,-649.6493,-0.00020482,-0.00062115,40.2045,-59.9830,-0.00062115,40.2045,40.2045,40.2045,40.2045,40.2045,-59.9830,-0.00062115,201.0226,178.3043,-220.8011,-198.0828,-0.00228650,-0.00205124,-0.00672743,343.6555,307.9704,2.3931,16.3433,2.9389,2355.2975,6.8293,231.6562,349.0883,135.8696,203.8044,689.6552,689.6552,689.6552,689.6552,203.8044,0.0,3.383908,3.383908,1.686203,29,115,53,2,0.03118585,0.00693895,0.48898037,0.00800000,0.800000,0.892971,0.021352,-0.49755819,2026-03-28,2026-08-04,41,228,202,130,0.315385,0.663603,0.674094,0.103953,,,,,,,,GLOBAL_BASELINE_NO_ENTITY_RANKING,,,NOT_APPLICABLE_GLOBAL_BASELINE,HF9g-P5,,,,X 全窗基线 · 不参与实体赏罚,3920565,393,A168_HF9F_20260827_0900,2026-08-27 09:00:00
2026-06-11,110102342,526,0,135.3179972936,-135.3179972936,-134.2354533153,0E-7,1,1,0.49324550000000000,0.493245500000,-0.9865810262130424,-0.9865810262130424,-0.9865810262130424,0E-17,ELIGIBLE,R03b_20260811_FULL_v1,L1_ELIGIBILITY,v2026-08-11,2026-03-21..2026-08-06,baccarat_bet02_101_all_pairs_incl_sentinel,round_win = game_pnl > 0 (decisive only),COMPATIBILITY_ONLY_NOT_PRODUCTION,96567.1958,86231.7213,670.0753,281,280,-0.00693895,-0.48898037,0.00857782,-0.01408272,-670.0753,96567.1958,OK,689.8538,40.2045,6.0000,94.0000,AG03-UNRESOLVED,ALL5_LEVELS_bet23_to_bet27,40.2045,40.2045,40.2045,40.2045,40.2045,6.000000,6.000000,6.000000,6.000000,6.000000,94.000000,94.000000,94.000000,94.000000,94.000000,5.0,201.0226,178.3043,-220.8011,-198.0828,PENDING_AG03,FALSE,NOT_FOR_ENFORCEMENT,629.8708,81057.8180,-19.7785,-59.9830,-649.6493,-0.00020482,-0.00062115,40.2045,-59.9830,-0.00062115,40.2045,40.2045,40.2045,40.2045,40.2045,-59.9830,-0.00062115,201.0226,178.3043,-220.8011,-198.0828,-0.00228650,-0.00205124,-0.00672743,343.6555,307.9704,2.3931,16.3433,2.9389,2355.2975,6.8293,231.6562,349.0883,135.8696,203.8044,689.6552,689.6552,689.6552,689.6552,203.8044,0.0,3.383908,3.383908,1.686203,29,115,53,2,0.03118585,0.00693895,0.48898037,0.00800000,0.800000,0.892971,0.021352,-0.49755819,2026-03-28,2026-08-04,41,228,202,130,0.315385,0.663603,0.674094,0.103953,,,,,,,,GLOBAL_BASELINE_NO_ENTITY_RANKING,,,NOT_APPLICABLE_GLOBAL_BASELINE,HF9g-P5,,,,X 全窗基线 · 不参与实体赏罚,3920566,393,A168_HF9F_20260827_0900,2026-08-27 09:00:00
2026-07-01,110102342,-1,1,101.9021739130,-101.9021739130,-101.0869565217,0E-7,2,2,0.49324550000000000,0.493245500000,-1.3952362676504506,-1.3952362676504506,-1.3952362676504506,0E-17,SENTINEL_DEALER,R03b_20260811_FULL_v1,L1_ELIGIBILITY,v2026-08-11,2026-03-21..2026-08-06,baccarat_bet02_101_all_pairs_incl_sentinel,round_win = game_pnl > 0 (decisive only),COMPATIBILITY_ONLY_NOT_PRODUCTION,96567.1958,86231.7213,670.0753,281,280,-0.00693895,-0.48898037,0.00857782,-0.01408272,-670.0753,96567.1958,OK,689.8538,40.2045,6.0000,94.0000,AG03-UNRESOLVED,ALL5_LEVELS_bet23_to_bet27,40.2045,40.2045,40.2045,40.2045,40.2045,6.000000,6.000000,6.000000,6.000000,6.000000,94.000000,94.000000,94.000000,94.000000,94.000000,5.0,201.0226,178.3043,-220.8011,-198.0828,PENDING_AG03,FALSE,NOT_FOR_ENFORCEMENT,629.8708,81057.8180,-19.7785,-59.9830,-649.6493,-0.00020482,-0.00062115,40.2045,-59.9830,-0.00062115,40.2045,40.2045,40.2045,40.2045,40.2045,-59.9830,-0.00062115,201.0226,178.3043,-220.8011,-198.0828,-0.00228650,-0.00205124,-0.00672743,343.6555,307.9704,2.3931,16.3433,2.9389,2355.2975,6.8293,231.6562,349.0883,135.8696,203.8044,689.6552,689.6552,689.6552,689.6552,203.8044,0.0,3.383908,3.383908,1.686203,29,115,53,2,0.03118585,0.00693895,0.48898037,0.00800000,0.800000,0.892971,0.021352,-0.49755819,2026-03-28,2026-08-04,41,228,202,130,0.315385,0.663603,0.674094,0.103953,,,,,,,,GLOBAL_BASELINE_NO_ENTITY_RANKING,,,NOT_APPLICABLE_GLOBAL_BASELINE,HF9g-P5,,,,X 全窗基线 · 不参与实体赏罚,3920567,393,A168_HF9F_20260827_0900,2026-08-27 09:00:00
2026-07-01,110102342,1994,0,67.9347826087,0E-10,0E-10,,1,1,0.49324550000000000,0.493245500000,,,,0E-17,NO_DECISIVE_ROUND,R03b_20260811_FULL_v1,L1_ELIGIBILITY,v2026-08-11,2026-03-21..2026-08-06,baccarat_bet02_101_all_pairs_incl_sentinel,round_win = game_pnl > 0 (decisive only),COMPATIBILITY_ONLY_NOT_PRODUCTION,96567.1958,86231.7213,670.0753,281,280,-0.00693895,-0.48898037,0.00857782,-0.01408272,-670.0753,96567.1958,OK,689.8538,40.2045,6.0000,94.0000,AG03-UNRESOLVED,ALL5_LEVELS_bet23_to_bet27,40.2045,40.2045,40.2045,40.2045,40.2045,6.000000,6.000000,6.000000,6.000000,6.000000,94.000000,94.000000,94.000000,94.000000,94.000000,5.0,201.0226,178.3043,-220.8011,-198.0828,PENDING_AG03,FALSE,NOT_FOR_ENFORCEMENT,629.8708,81057.8180,-19.7785,-59.9830,-649.6493,-0.00020482,-0.00062115,40.2045,-59.9830,-0.00062115,40.2045,40.2045,40.2045,40.2045,40.2045,-59.9830,-0.00062115,201.0226,178.3043,-220.8011,-198.0828,-0.00228650,-0.00205124,-0.00672743,343.6555,307.9704,2.3931,16.3433,2.9389,2355.2975,6.8293,231.6562,349.0883,135.8696,203.8044,689.6552,689.6552,689.6552,689.6552,203.8044,0.0,3.383908,3.383908,1.686203,29,115,53,2,0.03118585,0.00693895,0.48898037,0.00800000,0.800000,0.892971,0.021352,-0.49755819,2026-03-28,2026-08-04,41,228,202,130,0.315385,0.663603,0.674094,0.103953,,,,,,,,GLOBAL_BASELINE_NO_ENTITY_RANKING,,,NOT_APPLICABLE_GLOBAL_BASELINE,HF9g-P5,,,,X 全窗基线 · 不参与实体赏罚,3920568,393,A168_HF9F_20260827_0900,2026-08-27 09:00:00
2026-07-01,110102342,2209,0,135.8695652174,135.8695652174,136.9565217391,1.0000000,1,1,0.49324550000000000,0.493245500000,1.01360149184955,1.01360149184955,1.01360149184955,0E-17,ELIGIBLE,R03b_20260811_FULL_v1,L1_ELIGIBILITY,v2026-08-11,2026-03-21..2026-08-06,baccarat_bet02_101_all_pairs_incl_sentinel,round_win = game_pnl > 0 (decisive only),COMPATIBILITY_ONLY_NOT_PRODUCTION,96567.1958,86231.7213,670.0753,281,280,-0.00693895,-0.48898037,0.00857782,-0.01408272,-670.0753,96567.1958,OK,689.8538,40.2045,6.0000,94.0000,AG03-UNRESOLVED,ALL5_LEVELS_bet23_to_bet27,40.2045,40.2045,40.2045,40.2045,40.2045,6.000000,6.000000,6.000000,6.000000,6.000000,94.000000,94.000000,94.000000,94.000000,94.000000,5.0,201.0226,178.3043,-220.8011,-198.0828,PENDING_AG03,FALSE,NOT_FOR_ENFORCEMENT,629.8708,81057.8180,-19.7785,-59.9830,-649.6493,-0.00020482,-0.00062115,40.2045,-59.9830,-0.00062115,40.2045,40.2045,40.2045,40.2045,40.2045,-59.9830,-0.00062115,201.0226,178.3043,-220.8011,-198.0828,-0.00228650,-0.00205124,-0.00672743,343.6555,307.9704,2.3931,16.3433,2.9389,2355.2975,6.8293,231.6562,349.0883,135.8696,203.8044,689.6552,689.6552,689.6552,689.6552,203.8044,0.0,3.383908,3.383908,1.686203,29,115,53,2,0.03118585,0.00693895,0.48898037,0.00800000,0.800000,0.892971,0.021352,-0.49755819,2026-03-28,2026-08-04,41,228,202,130,0.315385,0.663603,0.674094,0.103953,,,,,,,,GLOBAL_BASELINE_NO_ENTITY_RANKING,,,NOT_APPLICABLE_GLOBAL_BASELINE,HF9g-P5,,,,X 全窗基线 · 不参与实体赏罚,3920569,393,A168_HF9F_20260827_0900,2026-08-27 09:00:00
2026-07-01,110102342,2261,0,67.9347826087,67.9347826087,68.4782608696,1.0000000,1,1,0.49324550000000000,0.493245500000,1.01360149184955,1.01360149184955,1.01360149184955,0E-17,ELIGIBLE,R03b_20260811_FULL_v1,L1_ELIGIBILITY,v2026-08-11,2026-03-21..2026-08-06,baccarat_bet02_101_all_pairs_incl_sentinel,round_win = game_pnl > 0 (decisive only),COMPATIBILITY_ONLY_NOT_PRODUCTION,96567.1958,86231.7213,670.0753,281,280,-0.00693895,-0.48898037,0.00857782,-0.01408272,-670.0753,96567.1958,OK,689.8538,40.2045,6.0000,94.0000,AG03-UNRESOLVED,ALL5_LEVELS_bet23_to_bet27,40.2045,40.2045,40.2045,40.2045,40.2045,6.000000,6.000000,6.000000,6.000000,6.000000,94.000000,94.000000,94.000000,94.000000,94.000000,5.0,201.0226,178.3043,-220.8011,-198.0828,PENDING_AG03,FALSE,NOT_FOR_ENFORCEMENT,629.8708,81057.8180,-19.7785,-59.9830,-649.6493,-0.00020482,-0.00062115,40.2045,-59.9830,-0.00062115,40.2045,40.2045,40.2045,40.2045,40.2045,-59.9830,-0.00062115,201.0226,178.3043,-220.8011,-198.0828,-0.00228650,-0.00205124,-0.00672743,343.6555,307.9704,2.3931,16.3433,2.9389,2355.2975,6.8293,231.6562,349.0883,135.8696,203.8044,689.6552,689.6552,689.6552,689.6552,203.8044,0.0,3.383908,3.383908,1.686203,29,115,53,2,0.03118585,0.00693895,0.48898037,0.00800000,0.800000,0.892971,0.021352,-0.49755819,2026-03-28,2026-08-04,41,228,202,130,0.315385,0.663603,0.674094,0.103953,,,,,,,,GLOBAL_BASELINE_NO_ENTITY_RANKING,,,NOT_APPLICABLE_GLOBAL_BASELINE,HF9g-P5,,,,X 全窗基线 · 不参与实体赏罚,3920570,393,A168_HF9F_20260827_0900,2026-08-27 09:00:00
2026-07-01,110102342,989,0,33.9673913043,33.9673913043,34.2391304348,1.0000000,1,1,0.49324550000000000,0.493245500000,1.01360149184955,1.01360149184955,1.01360149184955,0E-17,ELIGIBLE,R03b_20260811_FULL_v1,L1_ELIGIBILITY,v2026-08-11,2026-03-21..2026-08-06,baccarat_bet02_101_all_pairs_incl_sentinel,round_win = game_pnl > 0 (decisive only),COMPATIBILITY_ONLY_NOT_PRODUCTION,96567.1958,86231.7213,670.0753,281,280,-0.00693895,-0.48898037,0.00857782,-0.01408272,-670.0753,96567.1958,OK,689.8538,40.2045,6.0000,94.0000,AG03-UNRESOLVED,ALL5_LEVELS_bet23_to_bet27,40.2045,40.2045,40.2045,40.2045,40.2045,6.000000,6.000000,6.000000,6.000000,6.000000,94.000000,94.000000,94.000000,94.000000,94.000000,5.0,201.0226,178.3043,-220.8011,-198.0828,PENDING_AG03,FALSE,NOT_FOR_ENFORCEMENT,629.8708,81057.8180,-19.7785,-59.9830,-649.6493,-0.00020482,-0.00062115,40.2045,-59.9830,-0.00062115,40.2045,40.2045,40.2045,40.2045,40.2045,-59.9830,-0.00062115,201.0226,178.3043,-220.8011,-198.0828,-0.00228650,-0.00205124,-0.00672743,343.6555,307.9704,2.3931,16.3433,2.9389,2355.2975,6.8293,231.6562,349.0883,135.8696,203.8044,689.6552,689.6552,689.6552,689.6552,203.8044,0.0,3.383908,3.383908,1.686203,29,115,53,2,0.03118585,0.00693895,0.48898037,0.00800000,0.800000,0.892971,0.021352,-0.49755819,2026-03-28,2026-08-04,41,228,202,130,0.315385,0.663603,0.674094,0.103953,,,,,,,,GLOBAL_BASELINE_NO_ENTITY_RANKING,,,NOT_APPLICABLE_GLOBAL_BASELINE,HF9g-P5,,,,X 全窗基线 · 不参与实体赏罚,3920571,393,A168_HF9F_20260827_0900,2026-08-27 09:00:00
2026-07-02,110102342,-1,1,543.4782608696,-543.4782608696,-539.1304347827,0E-7,3,3,0.49324550000000000,0.493245500000,-1.708808463184432,-1.7088084631844318,-1.708808463184432,0E-17,SENTINEL_DEALER,R03b_20260811_FULL_v1,L1_ELIGIBILITY,v2026-08-11,2026-03-21..2026-08-06,baccarat_bet02_101_all_pairs_incl_sentinel,round_win = game_pnl > 0 (decisive only),COMPATIBILITY_ONLY_NOT_PRODUCTION,96567.1958,86231.7213,670.0753,281,280,-0.00693895,-0.48898037,0.00857782,-0.01408272,-670.0753,96567.1958,OK,689.8538,40.2045,6.0000,94.0000,AG03-UNRESOLVED,ALL5_LEVELS_bet23_to_bet27,40.2045,40.2045,40.2045,40.2045,40.2045,6.000000,6.000000,6.000000,6.000000,6.000000,94.000000,94.000000,94.000000,94.000000,94.000000,5.0,201.0226,178.3043,-220.8011,-198.0828,PENDING_AG03,FALSE,NOT_FOR_ENFORCEMENT,629.8708,81057.8180,-19.7785,-59.9830,-649.6493,-0.00020482,-0.00062115,40.2045,-59.9830,-0.00062115,40.2045,40.2045,40.2045,40.2045,40.2045,-59.9830,-0.00062115,201.0226,178.3043,-220.8011,-198.0828,-0.00228650,-0.00205124,-0.00672743,343.6555,307.9704,2.3931,16.3433,2.9389,2355.2975,6.8293,231.6562,349.0883,135.8696,203.8044,689.6552,689.6552,689.6552,689.6552,203.8044,0.0,3.383908,3.383908,1.686203,29,115,53,2,0.03118585,0.00693895,0.48898037,0.00800000,0.800000,0.892971,0.021352,-0.49755819,2026-03-28,2026-08-04,41,228,202,130,0.315385,0.663603,0.674094,0.103953,,,,,,,,GLOBAL_BASELINE_NO_ENTITY_RANKING,,,NOT_APPLICABLE_GLOBAL_BASELINE,HF9g-P5,,,,X 全窗基线 · 不参与实体赏罚,3920572,393,A168_HF9F_20260827_0900,2026-08-27 09:00:00
2026-07-02,110102342,1078,0,135.8695652174,-135.8695652174,-134.7826086957,0E-7,1,1,0.49324550000000000,0.493245500000,-0.9865810262130424,-0.9865810262130424,-0.9865810262130424,0E-17,ELIGIBLE,R03b_20260811_FULL_v1,L1_ELIGIBILITY,v2026-08-11,2026-03-21..2026-08-06,baccarat_bet02_101_all_pairs_incl_sentinel,round_win = game_pnl > 0 (decisive only),COMPATIBILITY_ONLY_NOT_PRODUCTION,96567.1958,86231.7213,670.0753,281,280,-0.00693895,-0.48898037,0.00857782,-0.01408272,-670.0753,96567.1958,OK,689.8538,40.2045,6.0000,94.0000,AG03-UNRESOLVED,ALL5_LEVELS_bet23_to_bet27,40.2045,40.2045,40.2045,40.2045,40.2045,6.000000,6.000000,6.000000,6.000000,6.000000,94.000000,94.000000,94.000000,94.000000,94.000000,5.0,201.0226,178.3043,-220.8011,-198.0828,PENDING_AG03,FALSE,NOT_FOR_ENFORCEMENT,629.8708,81057.8180,-19.7785,-59.9830,-649.6493,-0.00020482,-0.00062115,40.2045,-59.9830,-0.00062115,40.2045,40.2045,40.2045,40.2045,40.2045,-59.9830,-0.00062115,201.0226,178.3043,-220.8011,-198.0828,-0.00228650,-0.00205124,-0.00672743,343.6555,307.9704,2.3931,16.3433,2.9389,2355.2975,6.8293,231.6562,349.0883,135.8696,203.8044,689.6552,689.6552,689.6552,689.6552,203.8044,0.0,3.383908,3.383908,1.686203,29,115,53,2,0.03118585,0.00693895,0.48898037,0.00800000,0.800000,0.892971,0.021352,-0.49755819,2026-03-28,2026-08-04,41,228,202,130,0.315385,0.663603,0.674094,0.103953,,,,,,,,GLOBAL_BASELINE_NO_ENTITY_RANKING,,,NOT_APPLICABLE_GLOBAL_BASELINE,HF9g-P5,,,,X 全窗基线 · 不参与实体赏罚,3920573,393,A168_HF9F_20260827_0900,2026-08-27 09:00:00
2026-07-02,110102342,1318,0,407.6086956522,0E-10,3.2608695652,0.5000000,2,2,0.49324550000000000,0.493245500000,0.01910635448239258,0.01910635448239258,0.01910635448239258,0E-17,ELIGIBLE,R03b_20260811_FULL_v1,L1_ELIGIBILITY,v2026-08-11,2026-03-21..2026-08-06,baccarat_bet02_101_all_pairs_incl_sentinel,round_win = game_pnl > 0 (decisive only),COMPATIBILITY_ONLY_NOT_PRODUCTION,96567.1958,86231.7213,670.0753,281,280,-0.00693895,-0.48898037,0.00857782,-0.01408272,-670.0753,96567.1958,OK,689.8538,40.2045,6.0000,94.0000,AG03-UNRESOLVED,ALL5_LEVELS_bet23_to_bet27,40.2045,40.2045,40.2045,40.2045,40.2045,6.000000,6.000000,6.000000,6.000000,6.000000,94.000000,94.000000,94.000000,94.000000,94.000000,5.0,201.0226,178.3043,-220.8011,-198.0828,PENDING_AG03,FALSE,NOT_FOR_ENFORCEMENT,629.8708,81057.8180,-19.7785,-59.9830,-649.6493,-0.00020482,-0.00062115,40.2045,-59.9830,-0.00062115,40.2045,40.2045,40.2045,40.2045,40.2045,-59.9830,-0.00062115,201.0226,178.3043,-220.8011,-198.0828,-0.00228650,-0.00205124,-0.00672743,343.6555,307.9704,2.3931,16.3433,2.9389,2355.2975,6.8293,231.6562,349.0883,135.8696,203.8044,689.6552,689.6552,689.6552,689.6552,203.8044,0.0,3.383908,3.383908,1.686203,29,115,53,2,0.03118585,0.00693895,0.48898037,0.00800000,0.800000,0.892971,0.021352,-0.49755819,2026-03-28,2026-08-04,41,228,202,130,0.315385,0.663603,0.674094,0.103953,,,,,,,,GLOBAL_BASELINE_NO_ENTITY_RANKING,,,NOT_APPLICABLE_GLOBAL_BASELINE,HF9g-P5,,,,X 全窗基线 · 不参与实体赏罚,3920574,393,A168_HF9F_20260827_0900,2026-08-27 09:00:00
2026-07-02,110102342,1325,0,67.9347826087,-67.9347826087,-67.3913043478,0E-7,1,1,0.49324550000000000,0.493245500000,-0.9865810262130424,-0.9865810262130424,-0.9865810262130424,0E-17,ELIGIBLE,R03b_20260811_FULL_v1,L1_ELIGIBILITY,v2026-08-11,2026-03-21..2026-08-06,baccarat_bet02_101_all_pairs_incl_sentinel,round_win = game_pnl > 0 (decisive only),COMPATIBILITY_ONLY_NOT_PRODUCTION,96567.1958,86231.7213,670.0753,281,280,-0.00693895,-0.48898037,0.00857782,-0.01408272,-670.0753,96567.1958,OK,689.8538,40.2045,6.0000,94.0000,AG03-UNRESOLVED,ALL5_LEVELS_bet23_to_bet27,40.2045,40.2045,40.2045,40.2045,40.2045,6.000000,6.000000,6.000000,6.000000,6.000000,94.000000,94.000000,94.000000,94.000000,94.000000,5.0,201.0226,178.3043,-220.8011,-198.0828,PENDING_AG03,FALSE,NOT_FOR_ENFORCEMENT,629.8708,81057.8180,-19.7785,-59.9830,-649.6493,-0.00020482,-0.00062115,40.2045,-59.9830,-0.00062115,40.2045,40.2045,40.2045,40.2045,40.2045,-59.9830,-0.00062115,201.0226,178.3043,-220.8011,-198.0828,-0.00228650,-0.00205124,-0.00672743,343.6555,307.9704,2.3931,16.3433,2.9389,2355.2975,6.8293,231.6562,349.0883,135.8696,203.8044,689.6552,689.6552,689.6552,689.6552,203.8044,0.0,3.383908,3.383908,1.686203,29,115,53,2,0.03118585,0.00693895,0.48898037,0.00800000,0.800000,0.892971,0.021352,-0.49755819,2026-03-28,2026-08-04,41,228,202,130,0.315385,0.663603,0.674094,0.103953,,,,,,,,GLOBAL_BASELINE_NO_ENTITY_RANKING,,,NOT_APPLICABLE_GLOBAL_BASELINE,HF9g-P5,,,,X 全窗基线 · 不参与实体赏罚,3920575,393,A168_HF9F_20260827_0900,2026-08-27 09:00:00
2026-07-02,110102342,1401,0,543.4782608696,0E-10,4.3478260869,0.6666667,3,3,0.49324550000000000,0.493245500000,0.6008033672792107,0.6008033672792106,0.6008033672792107,0E-17,ELIGIBLE,R03b_20260811_FULL_v1,L1_ELIGIBILITY,v2026-08-11,2026-03-21..2026-08-06,baccarat_bet02_101_all_pairs_incl_sentinel,round_win = game_pnl > 0 (decisive only),COMPATIBILITY_ONLY_NOT_PRODUCTION,96567.1958,86231.7213,670.0753,281,280,-0.00693895,-0.48898037,0.00857782,-0.01408272,-670.0753,96567.1958,OK,689.8538,40.2045,6.0000,94.0000,AG03-UNRESOLVED,ALL5_LEVELS_bet23_to_bet27,40.2045,40.2045,40.2045,40.2045,40.2045,6.000000,6.000000,6.000000,6.000000,6.000000,94.000000,94.000000,94.000000,94.000000,94.000000,5.0,201.0226,178.3043,-220.8011,-198.0828,PENDING_AG03,FALSE,NOT_FOR_ENFORCEMENT,629.8708,81057.8180,-19.7785,-59.9830,-649.6493,-0.00020482,-0.00062115,40.2045,-59.9830,-0.00062115,40.2045,40.2045,40.2045,40.2045,40.2045,-59.9830,-0.00062115,201.0226,178.3043,-220.8011,-198.0828,-0.00228650,-0.00205124,-0.00672743,343.6555,307.9704,2.3931,16.3433,2.9389,2355.2975,6.8293,231.6562,349.0883,135.8696,203.8044,689.6552,689.6552,689.6552,689.6552,203.8044,0.0,3.383908,3.383908,1.686203,29,115,53,2,0.03118585,0.00693895,0.48898037,0.00800000,0.800000,0.892971,0.021352,-0.49755819,2026-03-28,2026-08-04,41,228,202,130,0.315385,0.663603,0.674094,0.103953,,,,,,,,GLOBAL_BASELINE_NO_ENTITY_RANKING,,,NOT_APPLICABLE_GLOBAL_BASELINE,HF9g-P5,,,,X 全窗基线 · 不参与实体赏罚,3920576,393,A168_HF9F_20260827_0900,2026-08-27 09:00:00
2026-07-02,110102342,2093,0,203.8043478261,203.8043478261,205.4347826087,1.0000000,1,1,0.49324550000000000,0.493245500000,1.01360149184955,1.01360149184955,1.01360149184955,0E-17,ELIGIBLE,R03b_20260811_FULL_v1,L1_ELIGIBILITY,v2026-08-11,2026-03-21..2026-08-06,baccarat_bet02_101_all_pairs_incl_sentinel,round_win = game_pnl > 0 (decisive only),COMPATIBILITY_ONLY_NOT_PRODUCTION,96567.1958,86231.7213,670.0753,281,280,-0.00693895,-0.48898037,0.00857782,-0.01408272,-670.0753,96567.1958,OK,689.8538,40.2045,6.0000,94.0000,AG03-UNRESOLVED,ALL5_LEVELS_bet23_to_bet27,40.2045,40.2045,40.2045,40.2045,40.2045,6.000000,6.000000,6.000000,6.000000,6.000000,94.000000,94.000000,94.000000,94.000000,94.000000,5.0,201.0226,178.3043,-220.8011,-198.0828,PENDING_AG03,FALSE,NOT_FOR_ENFORCEMENT,629.8708,81057.8180,-19.7785,-59.9830,-649.6493,-0.00020482,-0.00062115,40.2045,-59.9830,-0.00062115,40.2045,40.2045,40.2045,40.2045,40.2045,-59.9830,-0.00062115,201.0226,178.3043,-220.8011,-198.0828,-0.00228650,-0.00205124,-0.00672743,343.6555,307.9704,2.3931,16.3433,2.9389,2355.2975,6.8293,231.6562,349.0883,135.8696,203.8044,689.6552,689.6552,689.6552,689.6552,203.8044,0.0,3.383908,3.383908,1.686203,29,115,53,2,0.03118585,0.00693895,0.48898037,0.00800000,0.800000,0.892971,0.021352,-0.49755819,2026-03-28,2026-08-04,41,228,202,130,0.315385,0.663603,0.674094,0.103953,,,,,,,,GLOBAL_BASELINE_NO_ENTITY_RANKING,,,NOT_APPLICABLE_GLOBAL_BASELINE,HF9g-P5,,,,X 全窗基线 · 不参与实体赏罚,3920577,393,A168_HF9F_20260827_0900,2026-08-27 09:00:00
2026-07-02,110102342,2108,0,135.8695652174,-135.8695652174,-134.7826086957,0E-7,1,1,0.49324550000000000,0.493245500000,-0.9865810262130424,-0.9865810262130424,-0.9865810262130424,0E-17,ELIGIBLE,R03b_20260811_FULL_v1,L1_ELIGIBILITY,v2026-08-11,2026-03-21..2026-08-06,baccarat_bet02_101_all_pairs_incl_sentinel,round_win = game_pnl > 0 (decisive only),COMPATIBILITY_ONLY_NOT_PRODUCTION,96567.1958,86231.7213,670.0753,281,280,-0.00693895,-0.48898037,0.00857782,-0.01408272,-670.0753,96567.1958,OK,689.8538,40.2045,6.0000,94.0000,AG03-UNRESOLVED,ALL5_LEVELS_bet23_to_bet27,40.2045,40.2045,40.2045,40.2045,40.2045,6.000000,6.000000,6.000000,6.000000,6.000000,94.000000,94.000000,94.000000,94.000000,94.000000,5.0,201.0226,178.3043,-220.8011,-198.0828,PENDING_AG03,FALSE,NOT_FOR_ENFORCEMENT,629.8708,81057.8180,-19.7785,-59.9830,-649.6493,-0.00020482,-0.00062115,40.2045,-59.9830,-0.00062115,40.2045,40.2045,40.2045,40.2045,40.2045,-59.9830,-0.00062115,201.0226,178.3043,-220.8011,-198.0828,-0.00228650,-0.00205124,-0.00672743,343.6555,307.9704,2.3931,16.3433,2.9389,2355.2975,6.8293,231.6562,349.0883,135.8696,203.8044,689.6552,689.6552,689.6552,689.6552,203.8044,0.0,3.383908,3.383908,1.686203,29,115,53,2,0.03118585,0.00693895,0.48898037,0.00800000,0.800000,0.892971,0.021352,-0.49755819,2026-03-28,2026-08-04,41,228,202,130,0.315385,0.663603,0.674094,0.103953,,,,,,,,GLOBAL_BASELINE_NO_ENTITY_RANKING,,,NOT_APPLICABLE_GLOBAL_BASELINE,HF9g-P5,,,,X 全窗基线 · 不参与实体赏罚,3920578,393,A168_HF9F_20260827_0900,2026-08-27 09:00:00
2026-07-02,110102342,2123,0,1019.0217391305,407.6086956522,414.1304347826,0.6666667,4,4,0.49324550000000000,0.493245500000,0.6008033672792107,0.6008033672792106,0.6008033672792107,0E-17,ELIGIBLE,R03b_20260811_FULL_v1,L1_ELIGIBILITY,v2026-08-11,2026-03-21..2026-08-06,baccarat_bet02_101_all_pairs_incl_sentinel,round_win = game_pnl > 0 (decisive only),COMPATIBILITY_ONLY_NOT_PRODUCTION,96567.1958,86231.7213,670.0753,281,280,-0.00693895,-0.48898037,0.00857782,-0.01408272,-670.0753,96567.1958,OK,689.8538,40.2045,6.0000,94.0000,AG03-UNRESOLVED,ALL5_LEVELS_bet23_to_bet27,40.2045,40.2045,40.2045,40.2045,40.2045,6.000000,6.000000,6.000000,6.000000,6.000000,94.000000,94.000000,94.000000,94.000000,94.000000,5.0,201.0226,178.3043,-220.8011,-198.0828,PENDING_AG03,FALSE,NOT_FOR_ENFORCEMENT,629.8708,81057.8180,-19.7785,-59.9830,-649.6493,-0.00020482,-0.00062115,40.2045,-59.9830,-0.00062115,40.2045,40.2045,40.2045,40.2045,40.2045,-59.9830,-0.00062115,201.0226,178.3043,-220.8011,-198.0828,-0.00228650,-0.00205124,-0.00672743,343.6555,307.9704,2.3931,16.3433,2.9389,2355.2975,6.8293,231.6562,349.0883,135.8696,203.8044,689.6552,689.6552,689.6552,689.6552,203.8044,0.0,3.383908,3.383908,1.686203,29,115,53,2,0.03118585,0.00693895,0.48898037,0.00800000,0.800000,0.892971,0.021352,-0.49755819,2026-03-28,2026-08-04,41,228,202,130,0.315385,0.663603,0.674094,0.103953,,,,,,,,GLOBAL_BASELINE_NO_ENTITY_RANKING,,,NOT_APPLICABLE_GLOBAL_BASELINE,HF9g-P5,,,,X 全窗基线 · 不参与实体赏罚,3920579,393,A168_HF9F_20260827_0900,2026-08-27 09:00:00
2026-07-02,110102342,2152,0,203.8043478261,203.8043478261,205.4347826087,1.0000000,1,1,0.49324550000000000,0.493245500000,1.01360149184955,1.01360149184955,1.01360149184955,0E-17,ELIGIBLE,R03b_20260811_FULL_v1,L1_ELIGIBILITY,v2026-08-11,2026-03-21..2026-08-06,baccarat_bet02_101_all_pairs_incl_sentinel,round_win = game_pnl > 0 (decisive only),COMPATIBILITY_ONLY_NOT_PRODUCTION,96567.1958,86231.7213,670.0753,281,280,-0.00693895,-0.48898037,0.00857782,-0.01408272,-670.0753,96567.1958,OK,689.8538,40.2045,6.0000,94.0000,AG03-UNRESOLVED,ALL5_LEVELS_bet23_to_bet27,40.2045,40.2045,40.2045,40.2045,40.2045,6.000000,6.000000,6.000000,6.000000,6.000000,94.000000,94.000000,94.000000,94.000000,94.000000,5.0,201.0226,178.3043,-220.8011,-198.0828,PENDING_AG03,FALSE,NOT_FOR_ENFORCEMENT,629.8708,81057.8180,-19.7785,-59.9830,-649.6493,-0.00020482,-0.00062115,40.2045,-59.9830,-0.00062115,40.2045,40.2045,40.2045,40.2045,40.2045,-59.9830,-0.00062115,201.0226,178.3043,-220.8011,-198.0828,-0.00228650,-0.00205124,-0.00672743,343.6555,307.9704,2.3931,16.3433,2.9389,2355.2975,6.8293,231.6562,349.0883,135.8696,203.8044,689.6552,689.6552,689.6552,689.6552,203.8044,0.0,3.383908,3.383908,1.686203,29,115,53,2,0.03118585,0.00693895,0.48898037,0.00800000,0.800000,0.892971,0.021352,-0.49755819,2026-03-28,2026-08-04,41,228,202,130,0.315385,0.663603,0.674094,0.103953,,,,,,,,GLOBAL_BASELINE_NO_ENTITY_RANKING,,,NOT_APPLICABLE_GLOBAL_BASELINE,HF9g-P5,,,,X 全窗基线 · 不参与实体赏罚,3920580,393,A168_HF9F_20260827_0900,2026-08-27 09:00:00
2026-07-02,110102342,2174,0,815.2173913044,407.6086956522,410.8695652174,1.0000000,3,3,0.49324550000000000,0.493245500000,1.4334489766152358,1.4334489766152358,1.4334489766152358,0E-17,ELIGIBLE,R03b_20260811_FULL_v1,L1_ELIGIBILITY,v2026-08-11,2026-03-21..2026-08-06,baccarat_bet02_101_all_pairs_incl_sentinel,round_win = game_pnl > 0 (decisive only),COMPATIBILITY_ONLY_NOT_PRODUCTION,96567.1958,86231.7213,670.0753,281,280,-0.00693895,-0.48898037,0.00857782,-0.01408272,-670.0753,96567.1958,OK,689.8538,40.2045,6.0000,94.0000,AG03-UNRESOLVED,ALL5_LEVELS_bet23_to_bet27,40.2045,40.2045,40.2045,40.2045,40.2045,6.000000,6.000000,6.000000,6.000000,6.000000,94.000000,94.000000,94.000000,94.000000,94.000000,5.0,201.0226,178.3043,-220.8011,-198.0828,PENDING_AG03,FALSE,NOT_FOR_ENFORCEMENT,629.8708,81057.8180,-19.7785,-59.9830,-649.6493,-0.00020482,-0.00062115,40.2045,-59.9830,-0.00062115,40.2045,40.2045,40.2045,40.2045,40.2045,-59.9830,-0.00062115,201.0226,178.3043,-220.8011,-198.0828,-0.00228650,-0.00205124,-0.00672743,343.6555,307.9704,2.3931,16.3433,2.9389,2355.2975,6.8293,231.6562,349.0883,135.8696,203.8044,689.6552,689.6552,689.6552,689.6552,203.8044,0.0,3.383908,3.383908,1.686203,29,115,53,2,0.03118585,0.00693895,0.48898037,0.00800000,0.800000,0.892971,0.021352,-0.49755819,2026-03-28,2026-08-04,41,228,202,130,0.315385,0.663603,0.674094,0.103953,,,,,,,,GLOBAL_BASELINE_NO_ENTITY_RANKING,,,NOT_APPLICABLE_GLOBAL_BASELINE,HF9g-P5,,,,X 全窗基线 · 不参与实体赏罚,3920581,393,A168_HF9F_20260827_0900,2026-08-27 09:00:00
2026-07-02,110102342,2210,0,407.6086956522,203.8043478261,205.4347826087,1.0000000,2,2,0.49324550000000000,0.493245500000,1.01360149184955,1.01360149184955,1.01360149184955,0E-17,ELIGIBLE,R03b_20260811_FULL_v1,L1_ELIGIBILITY,v2026-08-11,2026-03-21..2026-08-06,baccarat_bet02_101_all_pairs_incl_sentinel,round_win = game_pnl > 0 (decisive only),COMPATIBILITY_ONLY_NOT_PRODUCTION,96567.1958,86231.7213,670.0753,281,280,-0.00693895,-0.48898037,0.00857782,-0.01408272,-670.0753,96567.1958,OK,689.8538,40.2045,6.0000,94.0000,AG03-UNRESOLVED,ALL5_LEVELS_bet23_to_bet27,40.2045,40.2045,40.2045,40.2045,40.2045,6.000000,6.000000,6.000000,6.000000,6.000000,94.000000,94.000000,94.000000,94.000000,94.000000,5.0,201.0226,178.3043,-220.8011,-198.0828,PENDING_AG03,FALSE,NOT_FOR_ENFORCEMENT,629.8708,81057.8180,-19.7785,-59.9830,-649.6493,-0.00020482,-0.00062115,40.2045,-59.9830,-0.00062115,40.2045,40.2045,40.2045,40.2045,40.2045,-59.9830,-0.00062115,201.0226,178.3043,-220.8011,-198.0828,-0.00228650,-0.00205124,-0.00672743,343.6555,307.9704,2.3931,16.3433,2.9389,2355.2975,6.8293,231.6562,349.0883,135.8696,203.8044,689.6552,689.6552,689.6552,689.6552,203.8044,0.0,3.383908,3.383908,1.686203,29,115,53,2,0.03118585,0.00693895,0.48898037,0.00800000,0.800000,0.892971,0.021352,-0.49755819,2026-03-28,2026-08-04,41,228,202,130,0.315385,0.663603,0.674094,0.103953,,,,,,,,GLOBAL_BASELINE_NO_ENTITY_RANKING,,,NOT_APPLICABLE_GLOBAL_BASELINE,HF9g-P5,,,,X 全窗基线 · 不参与实体赏罚,3920582,393,A168_HF9F_20260827_0900,2026-08-27 09:00:00
2026-07-02,110102342,2235,0,407.6086956522,0E-10,3.2608695652,0.5000000,2,2,0.49324550000000000,0.493245500000,0.01910635448239258,0.01910635448239258,0.01910635448239258,0E-17,ELIGIBLE,R03b_20260811_FULL_v1,L1_ELIGIBILITY,v2026-08-11,2026-03-21..2026-08-06,baccarat_bet02_101_all_pairs_incl_sentinel,round_win = game_pnl > 0 (decisive only),COMPATIBILITY_ONLY_NOT_PRODUCTION,96567.1958,86231.7213,670.0753,281,280,-0.00693895,-0.48898037,0.00857782,-0.01408272,-670.0753,96567.1958,OK,689.8538,40.2045,6.0000,94.0000,AG03-UNRESOLVED,ALL5_LEVELS_bet23_to_bet27,40.2045,40.2045,40.2045,40.2045,40.2045,6.000000,6.000000,6.000000,6.000000,6.000000,94.000000,94.000000,94.000000,94.000000,94.000000,5.0,201.0226,178.3043,-220.8011,-198.0828,PENDING_AG03,FALSE,NOT_FOR_ENFORCEMENT,629.8708,81057.8180,-19.7785,-59.9830,-649.6493,-0.00020482,-0.00062115,40.2045,-59.9830,-0.00062115,40.2045,40.2045,40.2045,40.2045,40.2045,-59.9830,-0.00062115,201.0226,178.3043,-220.8011,-198.0828,-0.00228650,-0.00205124,-0.00672743,343.6555,307.9704,2.3931,16.3433,2.9389,2355.2975,6.8293,231.6562,349.0883,135.8696,203.8044,689.6552,689.6552,689.6552,689.6552,203.8044,0.0,3.383908,3.383908,1.686203,29,115,53,2,0.03118585,0.00693895,0.48898037,0.00800000,0.800000,0.892971,0.021352,-0.49755819,2026-03-28,2026-08-04,41,228,202,130,0.315385,0.663603,0.674094,0.103953,,,,,,,,GLOBAL_BASELINE_NO_ENTITY_RANKING,,,NOT_APPLICABLE_GLOBAL_BASELINE,HF9g-P5,,,,X 全窗基线 · 不参与实体赏罚,3920583,393,A168_HF9F_20260827_0900,2026-08-27 09:00:00
2026-07-02,110102342,2258,0,203.8043478261,-203.8043478261,-202.1739130435,0E-7,1,1,0.49324550000000000,0.493245500000,-0.9865810262130424,-0.9865810262130424,-0.9865810262130424,0E-17,ELIGIBLE,R03b_20260811_FULL_v1,L1_ELIGIBILITY,v2026-08-11,2026-03-21..2026-08-06,baccarat_bet02_101_all_pairs_incl_sentinel,round_win = game_pnl > 0 (decisive only),COMPATIBILITY_ONLY_NOT_PRODUCTION,96567.1958,86231.7213,670.0753,281,280,-0.00693895,-0.48898037,0.00857782,-0.01408272,-670.0753,96567.1958,OK,689.8538,40.2045,6.0000,94.0000,AG03-UNRESOLVED,ALL5_LEVELS_bet23_to_bet27,40.2045,40.2045,40.2045,40.2045,40.2045,6.000000,6.000000,6.000000,6.000000,6.000000,94.000000,94.000000,94.000000,94.000000,94.000000,5.0,201.0226,178.3043,-220.8011,-198.0828,PENDING_AG03,FALSE,NOT_FOR_ENFORCEMENT,629.8708,81057.8180,-19.7785,-59.9830,-649.6493,-0.00020482,-0.00062115,40.2045,-59.9830,-0.00062115,40.2045,40.2045,40.2045,40.2045,40.2045,-59.9830,-0.00062115,201.0226,178.3043,-220.8011,-198.0828,-0.00228650,-0.00205124,-0.00672743,343.6555,307.9704,2.3931,16.3433,2.9389,2355.2975,6.8293,231.6562,349.0883,135.8696,203.8044,689.6552,689.6552,689.6552,689.6552,203.8044,0.0,3.383908,3.383908,1.686203,29,115,53,2,0.03118585,0.00693895,0.48898037,0.00800000,0.800000,0.892971,0.021352,-0.49755819,2026-03-28,2026-08-04,41,228,202,130,0.315385,0.663603,0.674094,0.103953,,,,,,,,GLOBAL_BASELINE_NO_ENTITY_RANKING,,,NOT_APPLICABLE_GLOBAL_BASELINE,HF9g-P5,,,,X 全窗基线 · 不参与实体赏罚,3920584,393,A168_HF9F_20260827_0900,2026-08-27 09:00:00
2026-07-02,110102342,583,0,203.8043478261,203.8043478261,205.4347826087,1.0000000,1,1,0.49324550000000000,0.493245500000,1.01360149184955,1.01360149184955,1.01360149184955,0E-17,ELIGIBLE,R03b_20260811_FULL_v1,L1_ELIGIBILITY,v2026-08-11,2026-03-21..2026-08-06,baccarat_bet02_101_all_pairs_incl_sentinel,round_win = game_pnl > 0 (decisive only),COMPATIBILITY_ONLY_NOT_PRODUCTION,96567.1958,86231.7213,670.0753,281,280,-0.00693895,-0.48898037,0.00857782,-0.01408272,-670.0753,96567.1958,OK,689.8538,40.2045,6.0000,94.0000,AG03-UNRESOLVED,ALL5_LEVELS_bet23_to_bet27,40.2045,40.2045,40.2045,40.2045,40.2045,6.000000,6.000000,6.000000,6.000000,6.000000,94.000000,94.000000,94.000000,94.000000,94.000000,5.0,201.0226,178.3043,-220.8011,-198.0828,PENDING_AG03,FALSE,NOT_FOR_ENFORCEMENT,629.8708,81057.8180,-19.7785,-59.9830,-649.6493,-0.00020482,-0.00062115,40.2045,-59.9830,-0.00062115,40.2045,40.2045,40.2045,40.2045,40.2045,-59.9830,-0.00062115,201.0226,178.3043,-220.8011,-198.0828,-0.00228650,-0.00205124,-0.00672743,343.6555,307.9704,2.3931,16.3433,2.9389,2355.2975,6.8293,231.6562,349.0883,135.8696,203.8044,689.6552,689.6552,689.6552,689.6552,203.8044,0.0,3.383908,3.383908,1.686203,29,115,53,2,0.03118585,0.00693895,0.48898037,0.00800000,0.800000,0.892971,0.021352,-0.49755819,2026-03-28,2026-08-04,41,228,202,130,0.315385,0.663603,0.674094,0.103953,,,,,,,,GLOBAL_BASELINE_NO_ENTITY_RANKING,,,NOT_APPLICABLE_GLOBAL_BASELINE,HF9g-P5,,,,X 全窗基线 · 不参与实体赏罚,3920585,393,A168_HF9F_20260827_0900,2026-08-27 09:00:00
2026-07-02,110102342,986,0,339.6739130435,-339.6739130435,-336.9565217392,0E-7,2,2,0.49324550000000000,0.493245500000,-1.3952362676504506,-1.3952362676504506,-1.3952362676504506,0E-17,ELIGIBLE,R03b_20260811_FULL_v1,L1_ELIGIBILITY,v2026-08-11,2026-03-21..2026-08-06,baccarat_bet02_101_all_pairs_incl_sentinel,round_win = game_pnl > 0 (decisive only),COMPATIBILITY_ONLY_NOT_PRODUCTION,96567.1958,86231.7213,670.0753,281,280,-0.00693895,-0.48898037,0.00857782,-0.01408272,-670.0753,96567.1958,OK,689.8538,40.2045,6.0000,94.0000,AG03-UNRESOLVED,ALL5_LEVELS_bet23_to_bet27,40.2045,40.2045,40.2045,40.2045,40.2045,6.000000,6.000000,6.000000,6.000000,6.000000,94.000000,94.000000,94.000000,94.000000,94.000000,5.0,201.0226,178.3043,-220.8011,-198.0828,PENDING_AG03,FALSE,NOT_FOR_ENFORCEMENT,629.8708,81057.8180,-19.7785,-59.9830,-649.6493,-0.00020482,-0.00062115,40.2045,-59.9830,-0.00062115,40.2045,40.2045,40.2045,40.2045,40.2045,-59.9830,-0.00062115,201.0226,178.3043,-220.8011,-198.0828,-0.00228650,-0.00205124,-0.00672743,343.6555,307.9704,2.3931,16.3433,2.9389,2355.2975,6.8293,231.6562,349.0883,135.8696,203.8044,689.6552,689.6552,689.6552,689.6552,203.8044,0.0,3.383908,3.383908,1.686203,29,115,53,2,0.03118585,0.00693895,0.48898037,0.00800000,0.800000,0.892971,0.021352,-0.49755819,2026-03-28,2026-08-04,41,228,202,130,0.315385,0.663603,0.674094,0.103953,,,,,,,,GLOBAL_BASELINE_NO_ENTITY_RANKING,,,NOT_APPLICABLE_GLOBAL_BASELINE,HF9g-P5,,,,X 全窗基线 · 不参与实体赏罚,3920586,393,A168_HF9F_20260827_0900,2026-08-27 09:00:00
2026-07-03,110102342,-1,1,2438.8586956523,-197.0108695652,-182.3913043479,0.5000000,10,10,0.49324550000000000,0.493245500000,0.03821270896478516,0.03821270896478516,0.03821270896478516,0E-17,SENTINEL_DEALER,R03b_20260811_FULL_v1,L1_ELIGIBILITY,v2026-08-11,2026-03-21..2026-08-06,baccarat_bet02_101_all_pairs_incl_sentinel,round_win = game_pnl > 0 (decisive only),COMPATIBILITY_ONLY_NOT_PRODUCTION,96567.1958,86231.7213,670.0753,281,280,-0.00693895,-0.48898037,0.00857782,-0.01408272,-670.0753,96567.1958,OK,689.8538,40.2045,6.0000,94.0000,AG03-UNRESOLVED,ALL5_LEVELS_bet23_to_bet27,40.2045,40.2045,40.2045,40.2045,40.2045,6.000000,6.000000,6.000000,6.000000,6.000000,94.000000,94.000000,94.000000,94.000000,94.000000,5.0,201.0226,178.3043,-220.8011,-198.0828,PENDING_AG03,FALSE,NOT_FOR_ENFORCEMENT,629.8708,81057.8180,-19.7785,-59.9830,-649.6493,-0.00020482,-0.00062115,40.2045,-59.9830,-0.00062115,40.2045,40.2045,40.2045,40.2045,40.2045,-59.9830,-0.00062115,201.0226,178.3043,-220.8011,-198.0828,-0.00228650,-0.00205124,-0.00672743,343.6555,307.9704,2.3931,16.3433,2.9389,2355.2975,6.8293,231.6562,349.0883,135.8696,203.8044,689.6552,689.6552,689.6552,689.6552,203.8044,0.0,3.383908,3.383908,1.686203,29,115,53,2,0.03118585,0.00693895,0.48898037,0.00800000,0.800000,0.892971,0.021352,-0.49755819,2026-03-28,2026-08-04,41,228,202,130,0.315385,0.663603,0.674094,0.103953,,,,,,,,GLOBAL_BASELINE_NO_ENTITY_RANKING,,,NOT_APPLICABLE_GLOBAL_BASELINE,HF9g-P5,,,,X 全窗基线 · 不参与实体赏罚,3920587,393,A168_HF9F_20260827_0900,2026-08-27 09:00:00
2026-07-03,110102342,1185,0,679.3478260870,0E-10,5.4347826087,0.5000000,2,2,0.49324550000000000,0.493245500000,0.01910635448239258,0.01910635448239258,0.01910635448239258,0E-17,ELIGIBLE,R03b_20260811_FULL_v1,L1_ELIGIBILITY,v2026-08-11,2026-03-21..2026-08-06,baccarat_bet02_101_all_pairs_incl_sentinel,round_win = game_pnl > 0 (decisive only),COMPATIBILITY_ONLY_NOT_PRODUCTION,96567.1958,86231.7213,670.0753,281,280,-0.00693895,-0.48898037,0.00857782,-0.01408272,-670.0753,96567.1958,OK,689.8538,40.2045,6.0000,94.0000,AG03-UNRESOLVED,ALL5_LEVELS_bet23_to_bet27,40.2045,40.2045,40.2045,40.2045,40.2045,6.000000,6.000000,6.000000,6.000000,6.000000,94.000000,94.000000,94.000000,94.000000,94.000000,5.0,201.0226,178.3043,-220.8011,-198.0828,PENDING_AG03,FALSE,NOT_FOR_ENFORCEMENT,629.8708,81057.8180,-19.7785,-59.9830,-649.6493,-0.00020482,-0.00062115,40.2045,-59.9830,-0.00062115,40.2045,40.2045,40.2045,40.2045,40.2045,-59.9830,-0.00062115,201.0226,178.3043,-220.8011,-198.0828,-0.00228650,-0.00205124,-0.00672743,343.6555,307.9704,2.3931,16.3433,2.9389,2355.2975,6.8293,231.6562,349.0883,135.8696,203.8044,689.6552,689.6552,689.6552,689.6552,203.8044,0.0,3.383908,3.383908,1.686203,29,115,53,2,0.03118585,0.00693895,0.48898037,0.00800000,0.800000,0.892971,0.021352,-0.49755819,2026-03-28,2026-08-04,41,228,202,130,0.315385,0.663603,0.674094,0.103953,,,,,,,,GLOBAL_BASELINE_NO_ENTITY_RANKING,,,NOT_APPLICABLE_GLOBAL_BASELINE,HF9g-P5,,,,X 全窗基线 · 不参与实体赏罚,3920588,393,A168_HF9F_20260827_0900,2026-08-27 09:00:00
2026-07-03,110102342,1304,0,407.6086956522,-407.6086956522,-404.3478260870,0E-7,1,1,0.49324550000000000,0.493245500000,-0.9865810262130424,-0.9865810262130424,-0.9865810262130424,0E-17,ELIGIBLE,R03b_20260811_FULL_v1,L1_ELIGIBILITY,v2026-08-11,2026-03-21..2026-08-06,baccarat_bet02_101_all_pairs_incl_sentinel,round_win = game_pnl > 0 (decisive only),COMPATIBILITY_ONLY_NOT_PRODUCTION,96567.1958,86231.7213,670.0753,281,280,-0.00693895,-0.48898037,0.00857782,-0.01408272,-670.0753,96567.1958,OK,689.8538,40.2045,6.0000,94.0000,AG03-UNRESOLVED,ALL5_LEVELS_bet23_to_bet27,40.2045,40.2045,40.2045,40.2045,40.2045,6.000000,6.000000,6.000000,6.000000,6.000000,94.000000,94.000000,94.000000,94.000000,94.000000,5.0,201.0226,178.3043,-220.8011,-198.0828,PENDING_AG03,FALSE,NOT_FOR_ENFORCEMENT,629.8708,81057.8180,-19.7785,-59.9830,-649.6493,-0.00020482,-0.00062115,40.2045,-59.9830,-0.00062115,40.2045,40.2045,40.2045,40.2045,40.2045,-59.9830,-0.00062115,201.0226,178.3043,-220.8011,-198.0828,-0.00228650,-0.00205124,-0.00672743,343.6555,307.9704,2.3931,16.3433,2.9389,2355.2975,6.8293,231.6562,349.0883,135.8696,203.8044,689.6552,689.6552,689.6552,689.6552,203.8044,0.0,3.383908,3.383908,1.686203,29,115,53,2,0.03118585,0.00693895,0.48898037,0.00800000,0.800000,0.892971,0.021352,-0.49755819,2026-03-28,2026-08-04,41,228,202,130,0.315385,0.663603,0.674094,0.103953,,,,,,,,GLOBAL_BASELINE_NO_ENTITY_RANKING,,,NOT_APPLICABLE_GLOBAL_BASELINE,HF9g-P5,,,,X 全窗基线 · 不参与实体赏罚,3920589,393,A168_HF9F_20260827_0900,2026-08-27 09:00:00
2026-07-03,110102342,2088,0,203.8043478261,-203.8043478261,-202.1739130435,0E-7,1,1,0.49324550000000000,0.493245500000,-0.9865810262130424,-0.9865810262130424,-0.9865810262130424,0E-17,ELIGIBLE,R03b_20260811_FULL_v1,L1_ELIGIBILITY,v2026-08-11,2026-03-21..2026-08-06,baccarat_bet02_101_all_pairs_incl_sentinel,round_win = game_pnl > 0 (decisive only),COMPATIBILITY_ONLY_NOT_PRODUCTION,96567.1958,86231.7213,670.0753,281,280,-0.00693895,-0.48898037,0.00857782,-0.01408272,-670.0753,96567.1958,OK,689.8538,40.2045,6.0000,94.0000,AG03-UNRESOLVED,ALL5_LEVELS_bet23_to_bet27,40.2045,40.2045,40.2045,40.2045,40.2045,6.000000,6.000000,6.000000,6.000000,6.000000,94.000000,94.000000,94.000000,94.000000,94.000000,5.0,201.0226,178.3043,-220.8011,-198.0828,PENDING_AG03,FALSE,NOT_FOR_ENFORCEMENT,629.8708,81057.8180,-19.7785,-59.9830,-649.6493,-0.00020482,-0.00062115,40.2045,-59.9830,-0.00062115,40.2045,40.2045,40.2045,40.2045,40.2045,-59.9830,-0.00062115,201.0226,178.3043,-220.8011,-198.0828,-0.00228650,-0.00205124,-0.00672743,343.6555,307.9704,2.3931,16.3433,2.9389,2355.2975,6.8293,231.6562,349.0883,135.8696,203.8044,689.6552,689.6552,689.6552,689.6552,203.8044,0.0,3.383908,3.383908,1.686203,29,115,53,2,0.03118585,0.00693895,0.48898037,0.00800000,0.800000,0.892971,0.021352,-0.49755819,2026-03-28,2026-08-04,41,228,202,130,0.315385,0.663603,0.674094,0.103953,,,,,,,,GLOBAL_BASELINE_NO_ENTITY_RANKING,,,NOT_APPLICABLE_GLOBAL_BASELINE,HF9g-P5,,,,X 全窗基线 · 不参与实体赏罚,3920590,393,A168_HF9F_20260827_0900,2026-08-27 09:00:00
2026-07-03,110102342,2129,0,407.6086956522,407.6086956522,410.8695652174,1.0000000,2,2,0.49324550000000000,0.493245500000,1.4334489766152358,1.4334489766152358,1.4334489766152358,0E-17,ELIGIBLE,R03b_20260811_FULL_v1,L1_ELIGIBILITY,v2026-08-11,2026-03-21..2026-08-06,baccarat_bet02_101_all_pairs_incl_sentinel,round_win = game_pnl > 0 (decisive only),COMPATIBILITY_ONLY_NOT_PRODUCTION,96567.1958,86231.7213,670.0753,281,280,-0.00693895,-0.48898037,0.00857782,-0.01408272,-670.0753,96567.1958,OK,689.8538,40.2045,6.0000,94.0000,AG03-UNRESOLVED,ALL5_LEVELS_bet23_to_bet27,40.2045,40.2045,40.2045,40.2045,40.2045,6.000000,6.000000,6.000000,6.000000,6.000000,94.000000,94.000000,94.000000,94.000000,94.000000,5.0,201.0226,178.3043,-220.8011,-198.0828,PENDING_AG03,FALSE,NOT_FOR_ENFORCEMENT,629.8708,81057.8180,-19.7785,-59.9830,-649.6493,-0.00020482,-0.00062115,40.2045,-59.9830,-0.00062115,40.2045,40.2045,40.2045,40.2045,40.2045,-59.9830,-0.00062115,201.0226,178.3043,-220.8011,-198.0828,-0.00228650,-0.00205124,-0.00672743,343.6555,307.9704,2.3931,16.3433,2.9389,2355.2975,6.8293,231.6562,349.0883,135.8696,203.8044,689.6552,689.6552,689.6552,689.6552,203.8044,0.0,3.383908,3.383908,1.686203,29,115,53,2,0.03118585,0.00693895,0.48898037,0.00800000,0.800000,0.892971,0.021352,-0.49755819,2026-03-28,2026-08-04,41,228,202,130,0.315385,0.663603,0.674094,0.103953,,,,,,,,GLOBAL_BASELINE_NO_ENTITY_RANKING,,,NOT_APPLICABLE_GLOBAL_BASELINE,HF9g-P5,,,,X 全窗基线 · 不参与实体赏罚,3920591,393,A168_HF9F_20260827_0900,2026-08-27 09:00:00
2026-07-03,110102342,2152,0,203.8043478261,203.8043478261,205.4347826087,1.0000000,1,1,0.49324550000000000,0.493245500000,1.01360149184955,1.01360149184955,1.01360149184955,0E-17,ELIGIBLE,R03b_20260811_FULL_v1,L1_ELIGIBILITY,v2026-08-11,2026-03-21..2026-08-06,baccarat_bet02_101_all_pairs_incl_sentinel,round_win = game_pnl > 0 (decisive only),COMPATIBILITY_ONLY_NOT_PRODUCTION,96567.1958,86231.7213,670.0753,281,280,-0.00693895,-0.48898037,0.00857782,-0.01408272,-670.0753,96567.1958,OK,689.8538,40.2045,6.0000,94.0000,AG03-UNRESOLVED,ALL5_LEVELS_bet23_to_bet27,40.2045,40.2045,40.2045,40.2045,40.2045,6.000000,6.000000,6.000000,6.000000,6.000000,94.000000,94.000000,94.000000,94.000000,94.000000,5.0,201.0226,178.3043,-220.8011,-198.0828,PENDING_AG03,FALSE,NOT_FOR_ENFORCEMENT,629.8708,81057.8180,-19.7785,-59.9830,-649.6493,-0.00020482,-0.00062115,40.2045,-59.9830,-0.00062115,40.2045,40.2045,40.2045,40.2045,40.2045,-59.9830,-0.00062115,201.0226,178.3043,-220.8011,-198.0828,-0.00228650,-0.00205124,-0.00672743,343.6555,307.9704,2.3931,16.3433,2.9389,2355.2975,6.8293,231.6562,349.0883,135.8696,203.8044,689.6552,689.6552,689.6552,689.6552,203.8044,0.0,3.383908,3.383908,1.686203,29,115,53,2,0.03118585,0.00693895,0.48898037,0.00800000,0.800000,0.892971,0.021352,-0.49755819,2026-03-28,2026-08-04,41,228,202,130,0.315385,0.663603,0.674094,0.103953,,,,,,,,GLOBAL_BASELINE_NO_ENTITY_RANKING,,,NOT_APPLICABLE_GLOBAL_BASELINE,HF9g-P5,,,,X 全窗基线 · 不参与实体赏罚,3920592,393,A168_HF9F_20260827_0900,2026-08-27 09:00:00
2026-07-03,110102342,2212,0,203.8043478261,-203.8043478261,-202.1739130435,0E-7,1,1,0.49324550000000000,0.493245500000,-0.9865810262130424,-0.9865810262130424,-0.9865810262130424,0E-17,ELIGIBLE,R03b_20260811_FULL_v1,L1_ELIGIBILITY,v2026-08-11,2026-03-21..2026-08-06,baccarat_bet02_101_all_pairs_incl_sentinel,round_win = game_pnl > 0 (decisive only),COMPATIBILITY_ONLY_NOT_PRODUCTION,96567.1958,86231.7213,670.0753,281,280,-0.00693895,-0.48898037,0.00857782,-0.01408272,-670.0753,96567.1958,OK,689.8538,40.2045,6.0000,94.0000,AG03-UNRESOLVED,ALL5_LEVELS_bet23_to_bet27,40.2045,40.2045,40.2045,40.2045,40.2045,6.000000,6.000000,6.000000,6.000000,6.000000,94.000000,94.000000,94.000000,94.000000,94.000000,5.0,201.0226,178.3043,-220.8011,-198.0828,PENDING_AG03,FALSE,NOT_FOR_ENFORCEMENT,629.8708,81057.8180,-19.7785,-59.9830,-649.6493,-0.00020482,-0.00062115,40.2045,-59.9830,-0.00062115,40.2045,40.2045,40.2045,40.2045,40.2045,-59.9830,-0.00062115,201.0226,178.3043,-220.8011,-198.0828,-0.00228650,-0.00205124,-0.00672743,343.6555,307.9704,2.3931,16.3433,2.9389,2355.2975,6.8293,231.6562,349.0883,135.8696,203.8044,689.6552,689.6552,689.6552,689.6552,203.8044,0.0,3.383908,3.383908,1.686203,29,115,53,2,0.03118585,0.00693895,0.48898037,0.00800000,0.800000,0.892971,0.021352,-0.49755819,2026-03-28,2026-08-04,41,228,202,130,0.315385,0.663603,0.674094,0.103953,,,,,,,,GLOBAL_BASELINE_NO_ENTITY_RANKING,,,NOT_APPLICABLE_GLOBAL_BASELINE,HF9g-P5,,,,X 全窗基线 · 不参与实体赏罚,3920593,393,A168_HF9F_20260827_0900,2026-08-27 09:00:00
2026-07-03,110102342,2239,0,543.4782608696,-543.4782608696,-539.1304347826,0E-7,2,2,0.49324550000000000,0.493245500000,-1.3952362676504506,-1.3952362676504506,-1.3952362676504506,0E-17,ELIGIBLE,R03b_20260811_FULL_v1,L1_ELIGIBILITY,v2026-08-11,2026-03-21..2026-08-06,baccarat_bet02_101_all_pairs_incl_sentinel,round_win = game_pnl > 0 (decisive only),COMPATIBILITY_ONLY_NOT_PRODUCTION,96567.1958,86231.7213,670.0753,281,280,-0.00693895,-0.48898037,0.00857782,-0.01408272,-670.0753,96567.1958,OK,689.8538,40.2045,6.0000,94.0000,AG03-UNRESOLVED,ALL5_LEVELS_bet23_to_bet27,40.2045,40.2045,40.2045,40.2045,40.2045,6.000000,6.000000,6.000000,6.000000,6.000000,94.000000,94.000000,94.000000,94.000000,94.000000,5.0,201.0226,178.3043,-220.8011,-198.0828,PENDING_AG03,FALSE,NOT_FOR_ENFORCEMENT,629.8708,81057.8180,-19.7785,-59.9830,-649.6493,-0.00020482,-0.00062115,40.2045,-59.9830,-0.00062115,40.2045,40.2045,40.2045,40.2045,40.2045,-59.9830,-0.00062115,201.0226,178.3043,-220.8011,-198.0828,-0.00228650,-0.00205124,-0.00672743,343.6555,307.9704,2.3931,16.3433,2.9389,2355.2975,6.8293,231.6562,349.0883,135.8696,203.8044,689.6552,689.6552,689.6552,689.6552,203.8044,0.0,3.383908,3.383908,1.686203,29,115,53,2,0.03118585,0.00693895,0.48898037,0.00800000,0.800000,0.892971,0.021352,-0.49755819,2026-03-28,2026-08-04,41,228,202,130,0.315385,0.663603,0.674094,0.103953,,,,,,,,GLOBAL_BASELINE_NO_ENTITY_RANKING,,,NOT_APPLICABLE_GLOBAL_BASELINE,HF9g-P5,,,,X 全窗基线 · 不参与实体赏罚,3920594,393,A168_HF9F_20260827_0900,2026-08-27 09:00:00
2026-07-03,110102342,2246,0,203.8043478261,-203.8043478261,-202.1739130435,0E-7,1,1,0.49324550000000000,0.493245500000,-0.9865810262130424,-0.9865810262130424,-0.9865810262130424,0E-17,ELIGIBLE,R03b_20260811_FULL_v1,L1_ELIGIBILITY,v2026-08-11,2026-03-21..2026-08-06,baccarat_bet02_101_all_pairs_incl_sentinel,round_win = game_pnl > 0 (decisive only),COMPATIBILITY_ONLY_NOT_PRODUCTION,96567.1958,86231.7213,670.0753,281,280,-0.00693895,-0.48898037,0.00857782,-0.01408272,-670.0753,96567.1958,OK,689.8538,40.2045,6.0000,94.0000,AG03-UNRESOLVED,ALL5_LEVELS_bet23_to_bet27,40.2045,40.2045,40.2045,40.2045,40.2045,6.000000,6.000000,6.000000,6.000000,6.000000,94.000000,94.000000,94.000000,94.000000,94.000000,5.0,201.0226,178.3043,-220.8011,-198.0828,PENDING_AG03,FALSE,NOT_FOR_ENFORCEMENT,629.8708,81057.8180,-19.7785,-59.9830,-649.6493,-0.00020482,-0.00062115,40.2045,-59.9830,-0.00062115,40.2045,40.2045,40.2045,40.2045,40.2045,-59.9830,-0.00062115,201.0226,178.3043,-220.8011,-198.0828,-0.00228650,-0.00205124,-0.00672743,343.6555,307.9704,2.3931,16.3433,2.9389,2355.2975,6.8293,231.6562,349.0883,135.8696,203.8044,689.6552,689.6552,689.6552,689.6552,203.8044,0.0,3.383908,3.383908,1.686203,29,115,53,2,0.03118585,0.00693895,0.48898037,0.00800000,0.800000,0.892971,0.021352,-0.49755819,2026-03-28,2026-08-04,41,228,202,130,0.315385,0.663603,0.674094,0.103953,,,,,,,,GLOBAL_BASELINE_NO_ENTITY_RANKING,,,NOT_APPLICABLE_GLOBAL_BASELINE,HF9g-P5,,,,X 全窗基线 · 不参与实体赏罚,3920595,393,A168_HF9F_20260827_0900,2026-08-27 09:00:00
2026-07-03,110102342,471,0,203.8043478261,0E-10,0E-10,,1,1,0.49324550000000000,0.493245500000,,,,0E-17,NO_DECISIVE_ROUND,R03b_20260811_FULL_v1,L1_ELIGIBILITY,v2026-08-11,2026-03-21..2026-08-06,baccarat_bet02_101_all_pairs_incl_sentinel,round_win = game_pnl > 0 (decisive only),COMPATIBILITY_ONLY_NOT_PRODUCTION,96567.1958,86231.7213,670.0753,281,280,-0.00693895,-0.48898037,0.00857782,-0.01408272,-670.0753,96567.1958,OK,689.8538,40.2045,6.0000,94.0000,AG03-UNRESOLVED,ALL5_LEVELS_bet23_to_bet27,40.2045,40.2045,40.2045,40.2045,40.2045,6.000000,6.000000,6.000000,6.000000,6.000000,94.000000,94.000000,94.000000,94.000000,94.000000,5.0,201.0226,178.3043,-220.8011,-198.0828,PENDING_AG03,FALSE,NOT_FOR_ENFORCEMENT,629.8708,81057.8180,-19.7785,-59.9830,-649.6493,-0.00020482,-0.00062115,40.2045,-59.9830,-0.00062115,40.2045,40.2045,40.2045,40.2045,40.2045,-59.9830,-0.00062115,201.0226,178.3043,-220.8011,-198.0828,-0.00228650,-0.00205124,-0.00672743,343.6555,307.9704,2.3931,16.3433,2.9389,2355.2975,6.8293,231.6562,349.0883,135.8696,203.8044,689.6552,689.6552,689.6552,689.6552,203.8044,0.0,3.383908,3.383908,1.686203,29,115,53,2,0.03118585,0.00693895,0.48898037,0.00800000,0.800000,0.892971,0.021352,-0.49755819,2026-03-28,2026-08-04,41,228,202,130,0.315385,0.663603,0.674094,0.103953,,,,,,,,GLOBAL_BASELINE_NO_ENTITY_RANKING,,,NOT_APPLICABLE_GLOBAL_BASELINE,HF9g-P5,,,,X 全窗基线 · 不参与实体赏罚,3920596,393,A168_HF9F_20260827_0900,2026-08-27 09:00:00
2026-07-04,110102342,1382,0,47.5543478261,47.5543478261,47.9347826087,1.0000000,1,1,0.49324550000000000,0.493245500000,1.01360149184955,1.01360149184955,1.01360149184955,0E-17,ELIGIBLE,R03b_20260811_FULL_v1,L1_ELIGIBILITY,v2026-08-11,2026-03-21..2026-08-06,baccarat_bet02_101_all_pairs_incl_sentinel,round_win = game_pnl > 0 (decisive only),COMPATIBILITY_ONLY_NOT_PRODUCTION,96567.1958,86231.7213,670.0753,281,280,-0.00693895,-0.48898037,0.00857782,-0.01408272,-670.0753,96567.1958,OK,689.8538,40.2045,6.0000,94.0000,AG03-UNRESOLVED,ALL5_LEVELS_bet23_to_bet27,40.2045,40.2045,40.2045,40.2045,40.2045,6.000000,6.000000,6.000000,6.000000,6.000000,94.000000,94.000000,94.000000,94.000000,94.000000,5.0,201.0226,178.3043,-220.8011,-198.0828,PENDING_AG03,FALSE,NOT_FOR_ENFORCEMENT,629.8708,81057.8180,-19.7785,-59.9830,-649.6493,-0.00020482,-0.00062115,40.2045,-59.9830,-0.00062115,40.2045,40.2045,40.2045,40.2045,40.2045,-59.9830,-0.00062115,201.0226,178.3043,-220.8011,-198.0828,-0.00228650,-0.00205124,-0.00672743,343.6555,307.9704,2.3931,16.3433,2.9389,2355.2975,6.8293,231.6562,349.0883,135.8696,203.8044,689.6552,689.6552,689.6552,689.6552,203.8044,0.0,3.383908,3.383908,1.686203,29,115,53,2,0.03118585,0.00693895,0.48898037,0.00800000,0.800000,0.892971,0.021352,-0.49755819,2026-03-28,2026-08-04,41,228,202,130,0.315385,0.663603,0.674094,0.103953,,,,,,,,GLOBAL_BASELINE_NO_ENTITY_RANKING,,,NOT_APPLICABLE_GLOBAL_BASELINE,HF9g-P5,,,,X 全窗基线 · 不参与实体赏罚,3920597,393,A168_HF9F_20260827_0900,2026-08-27 09:00:00
2026-07-05,110102342,-1,1,149.4565217391,-149.4565217391,-148.2608695652,0E-7,1,1,0.49324550000000000,0.493245500000,-0.9865810262130424,-0.9865810262130424,-0.9865810262130424,0E-17,SENTINEL_DEALER,R03b_20260811_FULL_v1,L1_ELIGIBILITY,v2026-08-11,2026-03-21..2026-08-06,baccarat_bet02_101_all_pairs_incl_sentinel,round_win = game_pnl > 0 (decisive only),COMPATIBILITY_ONLY_NOT_PRODUCTION,96567.1958,86231.7213,670.0753,281,280,-0.00693895,-0.48898037,0.00857782,-0.01408272,-670.0753,96567.1958,OK,689.8538,40.2045,6.0000,94.0000,AG03-UNRESOLVED,ALL5_LEVELS_bet23_to_bet27,40.2045,40.2045,40.2045,40.2045,40.2045,6.000000,6.000000,6.000000,6.000000,6.000000,94.000000,94.000000,94.000000,94.000000,94.000000,5.0,201.0226,178.3043,-220.8011,-198.0828,PENDING_AG03,FALSE,NOT_FOR_ENFORCEMENT,629.8708,81057.8180,-19.7785,-59.9830,-649.6493,-0.00020482,-0.00062115,40.2045,-59.9830,-0.00062115,40.2045,40.2045,40.2045,40.2045,40.2045,-59.9830,-0.00062115,201.0226,178.3043,-220.8011,-198.0828,-0.00228650,-0.00205124,-0.00672743,343.6555,307.9704,2.3931,16.3433,2.9389,2355.2975,6.8293,231.6562,349.0883,135.8696,203.8044,689.6552,689.6552,689.6552,689.6552,203.8044,0.0,3.383908,3.383908,1.686203,29,115,53,2,0.03118585,0.00693895,0.48898037,0.00800000,0.800000,0.892971,0.021352,-0.49755819,2026-03-28,2026-08-04,41,228,202,130,0.315385,0.663603,0.674094,0.103953,,,,,,,,GLOBAL_BASELINE_NO_ENTITY_RANKING,,,NOT_APPLICABLE_GLOBAL_BASELINE,HF9g-P5,,,,X 全窗基线 · 不参与实体赏罚,3920598,393,A168_HF9F_20260827_0900,2026-08-27 09:00:00
2026-07-05,110102342,2278,0,74.7282608696,74.7282608696,75.3260869565,1.0000000,1,1,0.49324550000000000,0.493245500000,1.01360149184955,1.01360149184955,1.01360149184955,0E-17,ELIGIBLE,R03b_20260811_FULL_v1,L1_ELIGIBILITY,v2026-08-11,2026-03-21..2026-08-06,baccarat_bet02_101_all_pairs_incl_sentinel,round_win = game_pnl > 0 (decisive only),COMPATIBILITY_ONLY_NOT_PRODUCTION,96567.1958,86231.7213,670.0753,281,280,-0.00693895,-0.48898037,0.00857782,-0.01408272,-670.0753,96567.1958,OK,689.8538,40.2045,6.0000,94.0000,AG03-UNRESOLVED,ALL5_LEVELS_bet23_to_bet27,40.2045,40.2045,40.2045,40.2045,40.2045,6.000000,6.000000,6.000000,6.000000,6.000000,94.000000,94.000000,94.000000,94.000000,94.000000,5.0,201.0226,178.3043,-220.8011,-198.0828,PENDING_AG03,FALSE,NOT_FOR_ENFORCEMENT,629.8708,81057.8180,-19.7785,-59.9830,-649.6493,-0.00020482,-0.00062115,40.2045,-59.9830,-0.00062115,40.2045,40.2045,40.2045,40.2045,40.2045,-59.9830,-0.00062115,201.0226,178.3043,-220.8011,-198.0828,-0.00228650,-0.00205124,-0.00672743,343.6555,307.9704,2.3931,16.3433,2.9389,2355.2975,6.8293,231.6562,349.0883,135.8696,203.8044,689.6552,689.6552,689.6552,689.6552,203.8044,0.0,3.383908,3.383908,1.686203,29,115,53,2,0.03118585,0.00693895,0.48898037,0.00800000,0.800000,0.892971,0.021352,-0.49755819,2026-03-28,2026-08-04,41,228,202,130,0.315385,0.663603,0.674094,0.103953,,,,,,,,GLOBAL_BASELINE_NO_ENTITY_RANKING,,,NOT_APPLICABLE_GLOBAL_BASELINE,HF9g-P5,,,,X 全窗基线 · 不参与实体赏罚,3920599,393,A168_HF9F_20260827_0900,2026-08-27 09:00:00
2026-07-06,110102342,1382,0,95.1086956522,95.1086956522,95.8695652174,1.0000000,1,1,0.49324550000000000,0.493245500000,1.01360149184955,1.01360149184955,1.01360149184955,0E-17,ELIGIBLE,R03b_20260811_FULL_v1,L1_ELIGIBILITY,v2026-08-11,2026-03-21..2026-08-06,baccarat_bet02_101_all_pairs_incl_sentinel,round_win = game_pnl > 0 (decisive only),COMPATIBILITY_ONLY_NOT_PRODUCTION,96567.1958,86231.7213,670.0753,281,280,-0.00693895,-0.48898037,0.00857782,-0.01408272,-670.0753,96567.1958,OK,689.8538,40.2045,6.0000,94.0000,AG03-UNRESOLVED,ALL5_LEVELS_bet23_to_bet27,40.2045,40.2045,40.2045,40.2045,40.2045,6.000000,6.000000,6.000000,6.000000,6.000000,94.000000,94.000000,94.000000,94.000000,94.000000,5.0,201.0226,178.3043,-220.8011,-198.0828,PENDING_AG03,FALSE,NOT_FOR_ENFORCEMENT,629.8708,81057.8180,-19.7785,-59.9830,-649.6493,-0.00020482,-0.00062115,40.2045,-59.9830,-0.00062115,40.2045,40.2045,40.2045,40.2045,40.2045,-59.9830,-0.00062115,201.0226,178.3043,-220.8011,-198.0828,-0.00228650,-0.00205124,-0.00672743,343.6555,307.9704,2.3931,16.3433,2.9389,2355.2975,6.8293,231.6562,349.0883,135.8696,203.8044,689.6552,689.6552,689.6552,689.6552,203.8044,0.0,3.383908,3.383908,1.686203,29,115,53,2,0.03118585,0.00693895,0.48898037,0.00800000,0.800000,0.892971,0.021352,-0.49755819,2026-03-28,2026-08-04,41,228,202,130,0.315385,0.663603,0.674094,0.103953,,,,,,,,GLOBAL_BASELINE_NO_ENTITY_RANKING,,,NOT_APPLICABLE_GLOBAL_BASELINE,HF9g-P5,,,,X 全窗基线 · 不参与实体赏罚,3920600,393,A168_HF9F_20260827_0900,2026-08-27 09:00:00
2026-07-06,110102342,2141,0,190.2173913043,-190.2173913043,-188.6956521739,0E-7,1,1,0.49324550000000000,0.493245500000,-0.9865810262130424,-0.9865810262130424,-0.9865810262130424,0E-17,ELIGIBLE,R03b_20260811_FULL_v1,L1_ELIGIBILITY,v2026-08-11,2026-03-21..2026-08-06,baccarat_bet02_101_all_pairs_incl_sentinel,round_win = game_pnl > 0 (decisive only),COMPATIBILITY_ONLY_NOT_PRODUCTION,96567.1958,86231.7213,670.0753,281,280,-0.00693895,-0.48898037,0.00857782,-0.01408272,-670.0753,96567.1958,OK,689.8538,40.2045,6.0000,94.0000,AG03-UNRESOLVED,ALL5_LEVELS_bet23_to_bet27,40.2045,40.2045,40.2045,40.2045,40.2045,6.000000,6.000000,6.000000,6.000000,6.000000,94.000000,94.000000,94.000000,94.000000,94.000000,5.0,201.0226,178.3043,-220.8011,-198.0828,PENDING_AG03,FALSE,NOT_FOR_ENFORCEMENT,629.8708,81057.8180,-19.7785,-59.9830,-649.6493,-0.00020482,-0.00062115,40.2045,-59.9830,-0.00062115,40.2045,40.2045,40.2045,40.2045,40.2045,-59.9830,-0.00062115,201.0226,178.3043,-220.8011,-198.0828,-0.00228650,-0.00205124,-0.00672743,343.6555,307.9704,2.3931,16.3433,2.9389,2355.2975,6.8293,231.6562,349.0883,135.8696,203.8044,689.6552,689.6552,689.6552,689.6552,203.8044,0.0,3.383908,3.383908,1.686203,29,115,53,2,0.03118585,0.00693895,0.48898037,0.00800000,0.800000,0.892971,0.021352,-0.49755819,2026-03-28,2026-08-04,41,228,202,130,0.315385,0.663603,0.674094,0.103953,,,,,,,,GLOBAL_BASELINE_NO_ENTITY_RANKING,,,NOT_APPLICABLE_GLOBAL_BASELINE,HF9g-P5,,,,X 全窗基线 · 不参与实体赏罚,3920601,393,A168_HF9F_20260827_0900,2026-08-27 09:00:00
2026-07-06,110102342,2177,0,135.8695652174,135.8695652174,136.9565217391,1.0000000,1,1,0.49324550000000000,0.493245500000,1.01360149184955,1.01360149184955,1.01360149184955,0E-17,ELIGIBLE,R03b_20260811_FULL_v1,L1_ELIGIBILITY,v2026-08-11,2026-03-21..2026-08-06,baccarat_bet02_101_all_pairs_incl_sentinel,round_win = game_pnl > 0 (decisive only),COMPATIBILITY_ONLY_NOT_PRODUCTION,96567.1958,86231.7213,670.0753,281,280,-0.00693895,-0.48898037,0.00857782,-0.01408272,-670.0753,96567.1958,OK,689.8538,40.2045,6.0000,94.0000,AG03-UNRESOLVED,ALL5_LEVELS_bet23_to_bet27,40.2045,40.2045,40.2045,40.2045,40.2045,6.000000,6.000000,6.000000,6.000000,6.000000,94.000000,94.000000,94.000000,94.000000,94.000000,5.0,201.0226,178.3043,-220.8011,-198.0828,PENDING_AG03,FALSE,NOT_FOR_ENFORCEMENT,629.8708,81057.8180,-19.7785,-59.9830,-649.6493,-0.00020482,-0.00062115,40.2045,-59.9830,-0.00062115,40.2045,40.2045,40.2045,40.2045,40.2045,-59.9830,-0.00062115,201.0226,178.3043,-220.8011,-198.0828,-0.00228650,-0.00205124,-0.00672743,343.6555,307.9704,2.3931,16.3433,2.9389,2355.2975,6.8293,231.6562,349.0883,135.8696,203.8044,689.6552,689.6552,689.6552,689.6552,203.8044,0.0,3.383908,3.383908,1.686203,29,115,53,2,0.03118585,0.00693895,0.48898037,0.00800000,0.800000,0.892971,0.021352,-0.49755819,2026-03-28,2026-08-04,41,228,202,130,0.315385,0.663603,0.674094,0.103953,,,,,,,,GLOBAL_BASELINE_NO_ENTITY_RANKING,,,NOT_APPLICABLE_GLOBAL_BASELINE,HF9g-P5,,,,X 全窗基线 · 不参与实体赏罚,3920602,393,A168_HF9F_20260827_0900,2026-08-27 09:00:00
2026-07-06,110102342,2209,0,67.9347826087,-67.9347826087,-67.3913043478,0E-7,1,1,0.49324550000000000,0.493245500000,-0.9865810262130424,-0.9865810262130424,-0.9865810262130424,0E-17,ELIGIBLE,R03b_20260811_FULL_v1,L1_ELIGIBILITY,v2026-08-11,2026-03-21..2026-08-06,baccarat_bet02_101_all_pairs_incl_sentinel,round_win = game_pnl > 0 (decisive only),COMPATIBILITY_ONLY_NOT_PRODUCTION,96567.1958,86231.7213,670.0753,281,280,-0.00693895,-0.48898037,0.00857782,-0.01408272,-670.0753,96567.1958,OK,689.8538,40.2045,6.0000,94.0000,AG03-UNRESOLVED,ALL5_LEVELS_bet23_to_bet27,40.2045,40.2045,40.2045,40.2045,40.2045,6.000000,6.000000,6.000000,6.000000,6.000000,94.000000,94.000000,94.000000,94.000000,94.000000,5.0,201.0226,178.3043,-220.8011,-198.0828,PENDING_AG03,FALSE,NOT_FOR_ENFORCEMENT,629.8708,81057.8180,-19.7785,-59.9830,-649.6493,-0.00020482,-0.00062115,40.2045,-59.9830,-0.00062115,40.2045,40.2045,40.2045,40.2045,40.2045,-59.9830,-0.00062115,201.0226,178.3043,-220.8011,-198.0828,-0.00228650,-0.00205124,-0.00672743,343.6555,307.9704,2.3931,16.3433,2.9389,2355.2975,6.8293,231.6562,349.0883,135.8696,203.8044,689.6552,689.6552,689.6552,689.6552,203.8044,0.0,3.383908,3.383908,1.686203,29,115,53,2,0.03118585,0.00693895,0.48898037,0.00800000,0.800000,0.892971,0.021352,-0.49755819,2026-03-28,2026-08-04,41,228,202,130,0.315385,0.663603,0.674094,0.103953,,,,,,,,GLOBAL_BASELINE_NO_ENTITY_RANKING,,,NOT_APPLICABLE_GLOBAL_BASELINE,HF9g-P5,,,,X 全窗基线 · 不参与实体赏罚,3920603,393,A168_HF9F_20260827_0900,2026-08-27 09:00:00
2026-07-06,110102342,2222,0,271.7391304348,-271.7391304348,-269.5652173913,0E-7,1,1,0.49324550000000000,0.493245500000,-0.9865810262130424,-0.9865810262130424,-0.9865810262130424,0E-17,ELIGIBLE,R03b_20260811_FULL_v1,L1_ELIGIBILITY,v2026-08-11,2026-03-21..2026-08-06,baccarat_bet02_101_all_pairs_incl_sentinel,round_win = game_pnl > 0 (decisive only),COMPATIBILITY_ONLY_NOT_PRODUCTION,96567.1958,86231.7213,670.0753,281,280,-0.00693895,-0.48898037,0.00857782,-0.01408272,-670.0753,96567.1958,OK,689.8538,40.2045,6.0000,94.0000,AG03-UNRESOLVED,ALL5_LEVELS_bet23_to_bet27,40.2045,40.2045,40.2045,40.2045,40.2045,6.000000,6.000000,6.000000,6.000000,6.000000,94.000000,94.000000,94.000000,94.000000,94.000000,5.0,201.0226,178.3043,-220.8011,-198.0828,PENDING_AG03,FALSE,NOT_FOR_ENFORCEMENT,629.8708,81057.8180,-19.7785,-59.9830,-649.6493,-0.00020482,-0.00062115,40.2045,-59.9830,-0.00062115,40.2045,40.2045,40.2045,40.2045,40.2045,-59.9830,-0.00062115,201.0226,178.3043,-220.8011,-198.0828,-0.00228650,-0.00205124,-0.00672743,343.6555,307.9704,2.3931,16.3433,2.9389,2355.2975,6.8293,231.6562,349.0883,135.8696,203.8044,689.6552,689.6552,689.6552,689.6552,203.8044,0.0,3.383908,3.383908,1.686203,29,115,53,2,0.03118585,0.00693895,0.48898037,0.00800000,0.800000,0.892971,0.021352,-0.49755819,2026-03-28,2026-08-04,41,228,202,130,0.315385,0.663603,0.674094,0.103953,,,,,,,,GLOBAL_BASELINE_NO_ENTITY_RANKING,,,NOT_APPLICABLE_GLOBAL_BASELINE,HF9g-P5,,,,X 全窗基线 · 不参与实体赏罚,3920604,393,A168_HF9F_20260827_0900,2026-08-27 09:00:00
2026-07-06,110102342,2235,0,190.2173913043,190.2173913043,191.7391304348,1.0000000,1,1,0.49324550000000000,0.493245500000,1.01360149184955,1.01360149184955,1.01360149184955,0E-17,ELIGIBLE,R03b_20260811_FULL_v1,L1_ELIGIBILITY,v2026-08-11,2026-03-21..2026-08-06,baccarat_bet02_101_all_pairs_incl_sentinel,round_win = game_pnl > 0 (decisive only),COMPATIBILITY_ONLY_NOT_PRODUCTION,96567.1958,86231.7213,670.0753,281,280,-0.00693895,-0.48898037,0.00857782,-0.01408272,-670.0753,96567.1958,OK,689.8538,40.2045,6.0000,94.0000,AG03-UNRESOLVED,ALL5_LEVELS_bet23_to_bet27,40.2045,40.2045,40.2045,40.2045,40.2045,6.000000,6.000000,6.000000,6.000000,6.000000,94.000000,94.000000,94.000000,94.000000,94.000000,5.0,201.0226,178.3043,-220.8011,-198.0828,PENDING_AG03,FALSE,NOT_FOR_ENFORCEMENT,629.8708,81057.8180,-19.7785,-59.9830,-649.6493,-0.00020482,-0.00062115,40.2045,-59.9830,-0.00062115,40.2045,40.2045,40.2045,40.2045,40.2045,-59.9830,-0.00062115,201.0226,178.3043,-220.8011,-198.0828,-0.00228650,-0.00205124,-0.00672743,343.6555,307.9704,2.3931,16.3433,2.9389,2355.2975,6.8293,231.6562,349.0883,135.8696,203.8044,689.6552,689.6552,689.6552,689.6552,203.8044,0.0,3.383908,3.383908,1.686203,29,115,53,2,0.03118585,0.00693895,0.48898037,0.00800000,0.800000,0.892971,0.021352,-0.49755819,2026-03-28,2026-08-04,41,228,202,130,0.315385,0.663603,0.674094,0.103953,,,,,,,,GLOBAL_BASELINE_NO_ENTITY_RANKING,,,NOT_APPLICABLE_GLOBAL_BASELINE,HF9g-P5,,,,X 全窗基线 · 不参与实体赏罚,3920605,393,A168_HF9F_20260827_0900,2026-08-27 09:00:00
2026-07-06,110102342,2262,0,115.4891304348,-20.3804347826,-19.4565217391,0E-7,2,1,0.25109373529413861,0.287416500000,-0.5790341884095557,-0.6350939377956173,-0.5790341884095557,-0.03632276470586139,ELIGIBLE,R03b_20260811_FULL_v1,L1_ELIGIBILITY,v2026-08-11,2026-03-21..2026-08-06,baccarat_bet02_101_all_pairs_incl_sentinel,round_win = game_pnl > 0 (decisive only),COMPATIBILITY_ONLY_NOT_PRODUCTION,96567.1958,86231.7213,670.0753,281,280,-0.00693895,-0.48898037,0.00857782,-0.01408272,-670.0753,96567.1958,OK,689.8538,40.2045,6.0000,94.0000,AG03-UNRESOLVED,ALL5_LEVELS_bet23_to_bet27,40.2045,40.2045,40.2045,40.2045,40.2045,6.000000,6.000000,6.000000,6.000000,6.000000,94.000000,94.000000,94.000000,94.000000,94.000000,5.0,201.0226,178.3043,-220.8011,-198.0828,PENDING_AG03,FALSE,NOT_FOR_ENFORCEMENT,629.8708,81057.8180,-19.7785,-59.9830,-649.6493,-0.00020482,-0.00062115,40.2045,-59.9830,-0.00062115,40.2045,40.2045,40.2045,40.2045,40.2045,-59.9830,-0.00062115,201.0226,178.3043,-220.8011,-198.0828,-0.00228650,-0.00205124,-0.00672743,343.6555,307.9704,2.3931,16.3433,2.9389,2355.2975,6.8293,231.6562,349.0883,135.8696,203.8044,689.6552,689.6552,689.6552,689.6552,203.8044,0.0,3.383908,3.383908,1.686203,29,115,53,2,0.03118585,0.00693895,0.48898037,0.00800000,0.800000,0.892971,0.021352,-0.49755819,2026-03-28,2026-08-04,41,228,202,130,0.315385,0.663603,0.674094,0.103953,,,,,,,,GLOBAL_BASELINE_NO_ENTITY_RANKING,,,NOT_APPLICABLE_GLOBAL_BASELINE,HF9g-P5,,,,X 全窗基线 · 不参与实体赏罚,3920606,393,A168_HF9F_20260827_0900,2026-08-27 09:00:00
2026-07-11,110102342,-1,1,529.8913043478,40.7608695652,43.2608695652,0.5000000,3,3,0.49324550000000000,0.493245500000,0.01910635448239258,0.01910635448239258,0.01910635448239258,0E-17,SENTINEL_DEALER,R03b_20260811_FULL_v1,L1_ELIGIBILITY,v2026-08-11,2026-03-21..2026-08-06,baccarat_bet02_101_all_pairs_incl_sentinel,round_win = game_pnl > 0 (decisive only),COMPATIBILITY_ONLY_NOT_PRODUCTION,96567.1958,86231.7213,670.0753,281,280,-0.00693895,-0.48898037,0.00857782,-0.01408272,-670.0753,96567.1958,OK,689.8538,40.2045,6.0000,94.0000,AG03-UNRESOLVED,ALL5_LEVELS_bet23_to_bet27,40.2045,40.2045,40.2045,40.2045,40.2045,6.000000,6.000000,6.000000,6.000000,6.000000,94.000000,94.000000,94.000000,94.000000,94.000000,5.0,201.0226,178.3043,-220.8011,-198.0828,PENDING_AG03,FALSE,NOT_FOR_ENFORCEMENT,629.8708,81057.8180,-19.7785,-59.9830,-649.6493,-0.00020482,-0.00062115,40.2045,-59.9830,-0.00062115,40.2045,40.2045,40.2045,40.2045,40.2045,-59.9830,-0.00062115,201.0226,178.3043,-220.8011,-198.0828,-0.00228650,-0.00205124,-0.00672743,343.6555,307.9704,2.3931,16.3433,2.9389,2355.2975,6.8293,231.6562,349.0883,135.8696,203.8044,689.6552,689.6552,689.6552,689.6552,203.8044,0.0,3.383908,3.383908,1.686203,29,115,53,2,0.03118585,0.00693895,0.48898037,0.00800000,0.800000,0.892971,0.021352,-0.49755819,2026-03-28,2026-08-04,41,228,202,130,0.315385,0.663603,0.674094,0.103953,,,,,,,,GLOBAL_BASELINE_NO_ENTITY_RANKING,,,NOT_APPLICABLE_GLOBAL_BASELINE,HF9g-P5,,,,X 全窗基线 · 不参与实体赏罚,3920607,393,A168_HF9F_20260827_0900,2026-08-27 09:00:00
2026-07-11,110102342,1704,0,217.3913043478,-217.3913043478,-215.6521739130,0E-7,1,1,0.49324550000000000,0.493245500000,-0.9865810262130424,-0.9865810262130424,-0.9865810262130424,0E-17,ELIGIBLE,R03b_20260811_FULL_v1,L1_ELIGIBILITY,v2026-08-11,2026-03-21..2026-08-06,baccarat_bet02_101_all_pairs_incl_sentinel,round_win = game_pnl > 0 (decisive only),COMPATIBILITY_ONLY_NOT_PRODUCTION,96567.1958,86231.7213,670.0753,281,280,-0.00693895,-0.48898037,0.00857782,-0.01408272,-670.0753,96567.1958,OK,689.8538,40.2045,6.0000,94.0000,AG03-UNRESOLVED,ALL5_LEVELS_bet23_to_bet27,40.2045,40.2045,40.2045,40.2045,40.2045,6.000000,6.000000,6.000000,6.000000,6.000000,94.000000,94.000000,94.000000,94.000000,94.000000,5.0,201.0226,178.3043,-220.8011,-198.0828,PENDING_AG03,FALSE,NOT_FOR_ENFORCEMENT,629.8708,81057.8180,-19.7785,-59.9830,-649.6493,-0.00020482,-0.00062115,40.2045,-59.9830,-0.00062115,40.2045,40.2045,40.2045,40.2045,40.2045,-59.9830,-0.00062115,201.0226,178.3043,-220.8011,-198.0828,-0.00228650,-0.00205124,-0.00672743,343.6555,307.9704,2.3931,16.3433,2.9389,2355.2975,6.8293,231.6562,349.0883,135.8696,203.8044,689.6552,689.6552,689.6552,689.6552,203.8044,0.0,3.383908,3.383908,1.686203,29,115,53,2,0.03118585,0.00693895,0.48898037,0.00800000,0.800000,0.892971,0.021352,-0.49755819,2026-03-28,2026-08-04,41,228,202,130,0.315385,0.663603,0.674094,0.103953,,,,,,,,GLOBAL_BASELINE_NO_ENTITY_RANKING,,,NOT_APPLICABLE_GLOBAL_BASELINE,HF9g-P5,,,,X 全窗基线 · 不参与实体赏罚,3920608,393,A168_HF9F_20260827_0900,2026-08-27 09:00:00
2026-07-25,110102342,-1,1,135.8695652174,-135.8695652174,-134.7826086957,0E-7,1,1,0.49324550000000000,0.493245500000,-0.9865810262130424,-0.9865810262130424,-0.9865810262130424,0E-17,SENTINEL_DEALER,R03b_20260811_FULL_v1,L1_ELIGIBILITY,v2026-08-11,2026-03-21..2026-08-06,baccarat_bet02_101_all_pairs_incl_sentinel,round_win = game_pnl > 0 (decisive only),COMPATIBILITY_ONLY_NOT_PRODUCTION,96567.1958,86231.7213,670.0753,281,280,-0.00693895,-0.48898037,0.00857782,-0.01408272,-670.0753,96567.1958,OK,689.8538,40.2045,6.0000,94.0000,AG03-UNRESOLVED,ALL5_LEVELS_bet23_to_bet27,40.2045,40.2045,40.2045,40.2045,40.2045,6.000000,6.000000,6.000000,6.000000,6.000000,94.000000,94.000000,94.000000,94.000000,94.000000,5.0,201.0226,178.3043,-220.8011,-198.0828,PENDING_AG03,FALSE,NOT_FOR_ENFORCEMENT,629.8708,81057.8180,-19.7785,-59.9830,-649.6493,-0.00020482,-0.00062115,40.2045,-59.9830,-0.00062115,40.2045,40.2045,40.2045,40.2045,40.2045,-59.9830,-0.00062115,201.0226,178.3043,-220.8011,-198.0828,-0.00228650,-0.00205124,-0.00672743,343.6555,307.9704,2.3931,16.3433,2.9389,2355.2975,6.8293,231.6562,349.0883,135.8696,203.8044,689.6552,689.6552,689.6552,689.6552,203.8044,0.0,3.383908,3.383908,1.686203,29,115,53,2,0.03118585,0.00693895,0.48898037,0.00800000,0.800000,0.892971,0.021352,-0.49755819,2026-03-28,2026-08-04,41,228,202,130,0.315385,0.663603,0.674094,0.103953,,,,,,,,GLOBAL_BASELINE_NO_ENTITY_RANKING,,,NOT_APPLICABLE_GLOBAL_BASELINE,HF9g-P5,,,,X 全窗基线 · 不参与实体赏罚,3920609,393,A168_HF9F_20260827_0900,2026-08-27 09:00:00
2026-08-01,110102342,-1,1,675.6756756756,-675.6756756756,-670.2702702702,0E-7,2,2,0.49324550000000000,0.493245500000,-1.3952362676504506,-1.3952362676504506,-1.3952362676504506,0E-17,SENTINEL_DEALER,R03b_20260811_FULL_v1,L1_ELIGIBILITY,v2026-08-11,2026-03-21..2026-08-06,baccarat_bet02_101_all_pairs_incl_sentinel,round_win = game_pnl > 0 (decisive only),COMPATIBILITY_ONLY_NOT_PRODUCTION,96567.1958,86231.7213,670.0753,281,280,-0.00693895,-0.48898037,0.00857782,-0.01408272,-670.0753,96567.1958,OK,689.8538,40.2045,6.0000,94.0000,AG03-UNRESOLVED,ALL5_LEVELS_bet23_to_bet27,40.2045,40.2045,40.2045,40.2045,40.2045,6.000000,6.000000,6.000000,6.000000,6.000000,94.000000,94.000000,94.000000,94.000000,94.000000,5.0,201.0226,178.3043,-220.8011,-198.0828,PENDING_AG03,FALSE,NOT_FOR_ENFORCEMENT,629.8708,81057.8180,-19.7785,-59.9830,-649.6493,-0.00020482,-0.00062115,40.2045,-59.9830,-0.00062115,40.2045,40.2045,40.2045,40.2045,40.2045,-59.9830,-0.00062115,201.0226,178.3043,-220.8011,-198.0828,-0.00228650,-0.00205124,-0.00672743,343.6555,307.9704,2.3931,16.3433,2.9389,2355.2975,6.8293,231.6562,349.0883,135.8696,203.8044,689.6552,689.6552,689.6552,689.6552,203.8044,0.0,3.383908,3.383908,1.686203,29,115,53,2,0.03118585,0.00693895,0.48898037,0.00800000,0.800000,0.892971,0.021352,-0.49755819,2026-03-28,2026-08-04,41,228,202,130,0.315385,0.663603,0.674094,0.103953,,,,,,,,GLOBAL_BASELINE_NO_ENTITY_RANKING,,,NOT_APPLICABLE_GLOBAL_BASELINE,HF9g-P5,,,,X 全窗基线 · 不参与实体赏罚,3920610,393,A168_HF9F_20260827_0900,2026-08-27 09:00:00
2026-08-01,110102342,1402,0,168.9189189189,168.9189189189,170.2702702703,1.0000000,1,1,0.49324550000000000,0.493245500000,1.01360149184955,1.01360149184955,1.01360149184955,0E-17,ELIGIBLE,R03b_20260811_FULL_v1,L1_ELIGIBILITY,v2026-08-11,2026-03-21..2026-08-06,baccarat_bet02_101_all_pairs_incl_sentinel,round_win = game_pnl > 0 (decisive only),COMPATIBILITY_ONLY_NOT_PRODUCTION,96567.1958,86231.7213,670.0753,281,280,-0.00693895,-0.48898037,0.00857782,-0.01408272,-670.0753,96567.1958,OK,689.8538,40.2045,6.0000,94.0000,AG03-UNRESOLVED,ALL5_LEVELS_bet23_to_bet27,40.2045,40.2045,40.2045,40.2045,40.2045,6.000000,6.000000,6.000000,6.000000,6.000000,94.000000,94.000000,94.000000,94.000000,94.000000,5.0,201.0226,178.3043,-220.8011,-198.0828,PENDING_AG03,FALSE,NOT_FOR_ENFORCEMENT,629.8708,81057.8180,-19.7785,-59.9830,-649.6493,-0.00020482,-0.00062115,40.2045,-59.9830,-0.00062115,40.2045,40.2045,40.2045,40.2045,40.2045,-59.9830,-0.00062115,201.0226,178.3043,-220.8011,-198.0828,-0.00228650,-0.00205124,-0.00672743,343.6555,307.9704,2.3931,16.3433,2.9389,2355.2975,6.8293,231.6562,349.0883,135.8696,203.8044,689.6552,689.6552,689.6552,689.6552,203.8044,0.0,3.383908,3.383908,1.686203,29,115,53,2,0.03118585,0.00693895,0.48898037,0.00800000,0.800000,0.892971,0.021352,-0.49755819,2026-03-28,2026-08-04,41,228,202,130,0.315385,0.663603,0.674094,0.103953,,,,,,,,GLOBAL_BASELINE_NO_ENTITY_RANKING,,,NOT_APPLICABLE_GLOBAL_BASELINE,HF9g-P5,,,,X 全窗基线 · 不参与实体赏罚,3920611,393,A168_HF9F_20260827_0900,2026-08-27 09:00:00
2026-08-01,110102342,2103,0,270.2702702703,270.2702702703,272.4324324324,1.0000000,1,1,0.49324550000000000,0.493245500000,1.01360149184955,1.01360149184955,1.01360149184955,0E-17,ELIGIBLE,R03b_20260811_FULL_v1,L1_ELIGIBILITY,v2026-08-11,2026-03-21..2026-08-06,baccarat_bet02_101_all_pairs_incl_sentinel,round_win = game_pnl > 0 (decisive only),COMPATIBILITY_ONLY_NOT_PRODUCTION,96567.1958,86231.7213,670.0753,281,280,-0.00693895,-0.48898037,0.00857782,-0.01408272,-670.0753,96567.1958,OK,689.8538,40.2045,6.0000,94.0000,AG03-UNRESOLVED,ALL5_LEVELS_bet23_to_bet27,40.2045,40.2045,40.2045,40.2045,40.2045,6.000000,6.000000,6.000000,6.000000,6.000000,94.000000,94.000000,94.000000,94.000000,94.000000,5.0,201.0226,178.3043,-220.8011,-198.0828,PENDING_AG03,FALSE,NOT_FOR_ENFORCEMENT,629.8708,81057.8180,-19.7785,-59.9830,-649.6493,-0.00020482,-0.00062115,40.2045,-59.9830,-0.00062115,40.2045,40.2045,40.2045,40.2045,40.2045,-59.9830,-0.00062115,201.0226,178.3043,-220.8011,-198.0828,-0.00228650,-0.00205124,-0.00672743,343.6555,307.9704,2.3931,16.3433,2.9389,2355.2975,6.8293,231.6562,349.0883,135.8696,203.8044,689.6552,689.6552,689.6552,689.6552,203.8044,0.0,3.383908,3.383908,1.686203,29,115,53,2,0.03118585,0.00693895,0.48898037,0.00800000,0.800000,0.892971,0.021352,-0.49755819,2026-03-28,2026-08-04,41,228,202,130,0.315385,0.663603,0.674094,0.103953,,,,,,,,GLOBAL_BASELINE_NO_ENTITY_RANKING,,,NOT_APPLICABLE_GLOBAL_BASELINE,HF9g-P5,,,,X 全窗基线 · 不参与实体赏罚,3920612,393,A168_HF9F_20260827_0900,2026-08-27 09:00:00
2026-08-01,110102342,2169,0,540.5405405405,-540.5405405405,-536.2162162162,0E-7,1,1,0.49324550000000000,0.493245500000,-0.9865810262130424,-0.9865810262130424,-0.9865810262130424,0E-17,ELIGIBLE,R03b_20260811_FULL_v1,L1_ELIGIBILITY,v2026-08-11,2026-03-21..2026-08-06,baccarat_bet02_101_all_pairs_incl_sentinel,round_win = game_pnl > 0 (decisive only),COMPATIBILITY_ONLY_NOT_PRODUCTION,96567.1958,86231.7213,670.0753,281,280,-0.00693895,-0.48898037,0.00857782,-0.01408272,-670.0753,96567.1958,OK,689.8538,40.2045,6.0000,94.0000,AG03-UNRESOLVED,ALL5_LEVELS_bet23_to_bet27,40.2045,40.2045,40.2045,40.2045,40.2045,6.000000,6.000000,6.000000,6.000000,6.000000,94.000000,94.000000,94.000000,94.000000,94.000000,5.0,201.0226,178.3043,-220.8011,-198.0828,PENDING_AG03,FALSE,NOT_FOR_ENFORCEMENT,629.8708,81057.8180,-19.7785,-59.9830,-649.6493,-0.00020482,-0.00062115,40.2045,-59.9830,-0.00062115,40.2045,40.2045,40.2045,40.2045,40.2045,-59.9830,-0.00062115,201.0226,178.3043,-220.8011,-198.0828,-0.00228650,-0.00205124,-0.00672743,343.6555,307.9704,2.3931,16.3433,2.9389,2355.2975,6.8293,231.6562,349.0883,135.8696,203.8044,689.6552,689.6552,689.6552,689.6552,203.8044,0.0,3.383908,3.383908,1.686203,29,115,53,2,0.03118585,0.00693895,0.48898037,0.00800000,0.800000,0.892971,0.021352,-0.49755819,2026-03-28,2026-08-04,41,228,202,130,0.315385,0.663603,0.674094,0.103953,,,,,,,,GLOBAL_BASELINE_NO_ENTITY_RANKING,,,NOT_APPLICABLE_GLOBAL_BASELINE,HF9g-P5,,,,X 全窗基线 · 不参与实体赏罚,3920613,393,A168_HF9F_20260827_0900,2026-08-27 09:00:00
2026-08-01,110102342,2280,0,337.8378378378,-337.8378378378,-335.1351351351,0E-7,1,1,0.49324550000000000,0.493245500000,-0.9865810262130424,-0.9865810262130424,-0.9865810262130424,0E-17,ELIGIBLE,R03b_20260811_FULL_v1,L1_ELIGIBILITY,v2026-08-11,2026-03-21..2026-08-06,baccarat_bet02_101_all_pairs_incl_sentinel,round_win = game_pnl > 0 (decisive only),COMPATIBILITY_ONLY_NOT_PRODUCTION,96567.1958,86231.7213,670.0753,281,280,-0.00693895,-0.48898037,0.00857782,-0.01408272,-670.0753,96567.1958,OK,689.8538,40.2045,6.0000,94.0000,AG03-UNRESOLVED,ALL5_LEVELS_bet23_to_bet27,40.2045,40.2045,40.2045,40.2045,40.2045,6.000000,6.000000,6.000000,6.000000,6.000000,94.000000,94.000000,94.000000,94.000000,94.000000,5.0,201.0226,178.3043,-220.8011,-198.0828,PENDING_AG03,FALSE,NOT_FOR_ENFORCEMENT,629.8708,81057.8180,-19.7785,-59.9830,-649.6493,-0.00020482,-0.00062115,40.2045,-59.9830,-0.00062115,40.2045,40.2045,40.2045,40.2045,40.2045,-59.9830,-0.00062115,201.0226,178.3043,-220.8011,-198.0828,-0.00228650,-0.00205124,-0.00672743,343.6555,307.9704,2.3931,16.3433,2.9389,2355.2975,6.8293,231.6562,349.0883,135.8696,203.8044,689.6552,689.6552,689.6552,689.6552,203.8044,0.0,3.383908,3.383908,1.686203,29,115,53,2,0.03118585,0.00693895,0.48898037,0.00800000,0.800000,0.892971,0.021352,-0.49755819,2026-03-28,2026-08-04,41,228,202,130,0.315385,0.663603,0.674094,0.103953,,,,,,,,GLOBAL_BASELINE_NO_ENTITY_RANKING,,,NOT_APPLICABLE_GLOBAL_BASELINE,HF9g-P5,,,,X 全窗基线 · 不参与实体赏罚,3920614,393,A168_HF9F_20260827_0900,2026-08-27 09:00:00
2026-08-03,110102342,-1,1,33.7837837838,33.7837837838,34.0540540541,1.0000000,1,1,0.49324550000000000,0.493245500000,1.01360149184955,1.01360149184955,1.01360149184955,0E-17,SENTINEL_DEALER,R03b_20260811_FULL_v1,L1_ELIGIBILITY,v2026-08-11,2026-03-21..2026-08-06,baccarat_bet02_101_all_pairs_incl_sentinel,round_win = game_pnl > 0 (decisive only),COMPATIBILITY_ONLY_NOT_PRODUCTION,96567.1958,86231.7213,670.0753,281,280,-0.00693895,-0.48898037,0.00857782,-0.01408272,-670.0753,96567.1958,OK,689.8538,40.2045,6.0000,94.0000,AG03-UNRESOLVED,ALL5_LEVELS_bet23_to_bet27,40.2045,40.2045,40.2045,40.2045,40.2045,6.000000,6.000000,6.000000,6.000000,6.000000,94.000000,94.000000,94.000000,94.000000,94.000000,5.0,201.0226,178.3043,-220.8011,-198.0828,PENDING_AG03,FALSE,NOT_FOR_ENFORCEMENT,629.8708,81057.8180,-19.7785,-59.9830,-649.6493,-0.00020482,-0.00062115,40.2045,-59.9830,-0.00062115,40.2045,40.2045,40.2045,40.2045,40.2045,-59.9830,-0.00062115,201.0226,178.3043,-220.8011,-198.0828,-0.00228650,-0.00205124,-0.00672743,343.6555,307.9704,2.3931,16.3433,2.9389,2355.2975,6.8293,231.6562,349.0883,135.8696,203.8044,689.6552,689.6552,689.6552,689.6552,203.8044,0.0,3.383908,3.383908,1.686203,29,115,53,2,0.03118585,0.00693895,0.48898037,0.00800000,0.800000,0.892971,0.021352,-0.49755819,2026-03-28,2026-08-04,41,228,202,130,0.315385,0.663603,0.674094,0.103953,,,,,,,,GLOBAL_BASELINE_NO_ENTITY_RANKING,,,NOT_APPLICABLE_GLOBAL_BASELINE,HF9g-P5,,,,X 全窗基线 · 不参与实体赏罚,3920615,393,A168_HF9F_20260827_0900,2026-08-27 09:00:00
2026-08-04,110102342,1307,0,101.3513513514,-101.3513513514,-100.5405405405,0E-7,1,1,0.49324550000000000,0.493245500000,-0.9865810262130424,-0.9865810262130424,-0.9865810262130424,0E-17,ELIGIBLE,R03b_20260811_FULL_v1,L1_ELIGIBILITY,v2026-08-11,2026-03-21..2026-08-06,baccarat_bet02_101_all_pairs_incl_sentinel,round_win = game_pnl > 0 (decisive only),COMPATIBILITY_ONLY_NOT_PRODUCTION,96567.1958,86231.7213,670.0753,281,280,-0.00693895,-0.48898037,0.00857782,-0.01408272,-670.0753,96567.1958,OK,689.8538,40.2045,6.0000,94.0000,AG03-UNRESOLVED,ALL5_LEVELS_bet23_to_bet27,40.2045,40.2045,40.2045,40.2045,40.2045,6.000000,6.000000,6.000000,6.000000,6.000000,94.000000,94.000000,94.000000,94.000000,94.000000,5.0,201.0226,178.3043,-220.8011,-198.0828,PENDING_AG03,FALSE,NOT_FOR_ENFORCEMENT,629.8708,81057.8180,-19.7785,-59.9830,-649.6493,-0.00020482,-0.00062115,40.2045,-59.9830,-0.00062115,40.2045,40.2045,40.2045,40.2045,40.2045,-59.9830,-0.00062115,201.0226,178.3043,-220.8011,-198.0828,-0.00228650,-0.00205124,-0.00672743,343.6555,307.9704,2.3931,16.3433,2.9389,2355.2975,6.8293,231.6562,349.0883,135.8696,203.8044,689.6552,689.6552,689.6552,689.6552,203.8044,0.0,3.383908,3.383908,1.686203,29,115,53,2,0.03118585,0.00693895,0.48898037,0.00800000,0.800000,0.892971,0.021352,-0.49755819,2026-03-28,2026-08-04,41,228,202,130,0.315385,0.663603,0.674094,0.103953,,,,,,,,GLOBAL_BASELINE_NO_ENTITY_RANKING,,,NOT_APPLICABLE_GLOBAL_BASELINE,HF9g-P5,,,,X 全窗基线 · 不参与实体赏罚,3920616,393,A168_HF9F_20260827_0900,2026-08-27 09:00:00
2026-04-14,124054175,2174,0,3.6646336675,-3.6646336675,-3.6646336675,0E-7,1,1,0.49324550000000000,0.493245500000,-0.9865810262130424,-0.9865810262130424,-0.9865810262130424,0E-17,ELIGIBLE,R03b_20260811_FULL_v1,L1_ELIGIBILITY,v2026-08-11,2026-03-21..2026-08-06,baccarat_bet02_101_all_pairs_incl_sentinel,round_win = game_pnl > 0 (decisive only),COMPATIBILITY_ONLY_NOT_PRODUCTION,252.6265,213.8999,-62.4806,28,27,0.24732418,0.25832224,0.21101826,0.24732418,62.4806,252.6265,THIN_EXPOSURE,0.0000,-2.4992,4.0000,96.0000,AG03-UNRESOLVED,ALL5_LEVELS_bet23_to_bet27,-2.4992,-2.4992,-2.4992,-2.4992,-2.4992,4.000000,4.000000,4.000000,4.000000,4.000000,96.000000,96.000000,96.000000,96.000000,96.000000,5.0,-12.4961,-11.5356,-49.9845,-50.945,PENDING_AG03,FALSE,NOT_FOR_ENFORCEMENT,-59.9814,205.3439,-62.4806,-59.9814,-2.4992,-0.24732418,-0.23743122,-2.4992,-59.9814,-0.23743122,-2.4992,-2.4992,-2.4992,-2.4992,-2.4992,-59.9814,-0.23743122,-12.4961,-11.5356,-49.9845,-50.945,-0.19785935,-0.20166139,-0.00989297,9.0224,7.9222,-2.3141,-3.9050,-3.1240,15.7892,1.6875,11.4054,5.3395,3.343,7.4872,12.9089,12.9089,15.4907,38.7267,4.2431,-2.5818,2.068967,5.172413,1.205047,12,20,17,2,0.76750260,-0.24732418,-0.25832224,0E-8,0.000000,0.846704,0.000000,0.04730398,2026-04-14,2026-07-23,16,20,20,101,0.158416,2.136021,1.264122,2.558342,,,,,,,,GLOBAL_BASELINE_NO_ENTITY_RANKING,,,NOT_APPLICABLE_GLOBAL_BASELINE,HF9g-P5,,,,X 全窗基线 · 不参与实体赏罚,3920617,393,A168_HF9F_20260827_0900,2026-08-27 09:00:00
2026-05-07,124054175,1654,0,4.4107726636,-4.4107726636,-4.4107726636,0E-7,1,1,0.49324550000000000,0.493245500000,-0.9865810262130424,-0.9865810262130424,-0.9865810262130424,0E-17,ELIGIBLE,R03b_20260811_FULL_v1,L1_ELIGIBILITY,v2026-08-11,2026-03-21..2026-08-06,baccarat_bet02_101_all_pairs_incl_sentinel,round_win = game_pnl > 0 (decisive only),COMPATIBILITY_ONLY_NOT_PRODUCTION,252.6265,213.8999,-62.4806,28,27,0.24732418,0.25832224,0.21101826,0.24732418,62.4806,252.6265,THIN_EXPOSURE,0.0000,-2.4992,4.0000,96.0000,AG03-UNRESOLVED,ALL5_LEVELS_bet23_to_bet27,-2.4992,-2.4992,-2.4992,-2.4992,-2.4992,4.000000,4.000000,4.000000,4.000000,4.000000,96.000000,96.000000,96.000000,96.000000,96.000000,5.0,-12.4961,-11.5356,-49.9845,-50.945,PENDING_AG03,FALSE,NOT_FOR_ENFORCEMENT,-59.9814,205.3439,-62.4806,-59.9814,-2.4992,-0.24732418,-0.23743122,-2.4992,-59.9814,-0.23743122,-2.4992,-2.4992,-2.4992,-2.4992,-2.4992,-59.9814,-0.23743122,-12.4961,-11.5356,-49.9845,-50.945,-0.19785935,-0.20166139,-0.00989297,9.0224,7.9222,-2.3141,-3.9050,-3.1240,15.7892,1.6875,11.4054,5.3395,3.343,7.4872,12.9089,12.9089,15.4907,38.7267,4.2431,-2.5818,2.068967,5.172413,1.205047,12,20,17,2,0.76750260,-0.24732418,-0.25832224,0E-8,0.000000,0.846704,0.000000,0.04730398,2026-04-14,2026-07-23,16,20,20,101,0.158416,2.136021,1.264122,2.558342,,,,,,,,GLOBAL_BASELINE_NO_ENTITY_RANKING,,,NOT_APPLICABLE_GLOBAL_BASELINE,HF9g-P5,,,,X 全窗基线 · 不参与实体赏罚,3920618,393,A168_HF9F_20260827_0900,2026-08-27 09:00:00
2026-06-01,124054175,2234,0,3.0858641705,2.9315709620,2.9315709620,1.0000000,1,1,0.50665070000000000,0.506650700000,0.9867858985152569,0.9867858985152569,0.9867858985152569,0E-17,ELIGIBLE,R03b_20260811_FULL_v1,L1_ELIGIBILITY,v2026-08-11,2026-03-21..2026-08-06,baccarat_bet02_101_all_pairs_incl_sentinel,round_win = game_pnl > 0 (decisive only),COMPATIBILITY_ONLY_NOT_PRODUCTION,252.6265,213.8999,-62.4806,28,27,0.24732418,0.25832224,0.21101826,0.24732418,62.4806,252.6265,THIN_EXPOSURE,0.0000,-2.4992,4.0000,96.0000,AG03-UNRESOLVED,ALL5_LEVELS_bet23_to_bet27,-2.4992,-2.4992,-2.4992,-2.4992,-2.4992,4.000000,4.000000,4.000000,4.000000,4.000000,96.000000,96.000000,96.000000,96.000000,96.000000,5.0,-12.4961,-11.5356,-49.9845,-50.945,PENDING_AG03,FALSE,NOT_FOR_ENFORCEMENT,-59.9814,205.3439,-62.4806,-59.9814,-2.4992,-0.24732418,-0.23743122,-2.4992,-59.9814,-0.23743122,-2.4992,-2.4992,-2.4992,-2.4992,-2.4992,-59.9814,-0.23743122,-12.4961,-11.5356,-49.9845,-50.945,-0.19785935,-0.20166139,-0.00989297,9.0224,7.9222,-2.3141,-3.9050,-3.1240,15.7892,1.6875,11.4054,5.3395,3.343,7.4872,12.9089,12.9089,15.4907,38.7267,4.2431,-2.5818,2.068967,5.172413,1.205047,12,20,17,2,0.76750260,-0.24732418,-0.25832224,0E-8,0.000000,0.846704,0.000000,0.04730398,2026-04-14,2026-07-23,16,20,20,101,0.158416,2.136021,1.264122,2.558342,,,,,,,,GLOBAL_BASELINE_NO_ENTITY_RANKING,,,NOT_APPLICABLE_GLOBAL_BASELINE,HF9g-P5,,,,X 全窗基线 · 不参与实体赏罚,3920619,393,A168_HF9F_20260827_0900,2026-08-27 09:00:00
2026-06-02,124054175,1330,0,3.3430195181,-3.3430195181,-3.3430195181,0E-7,1,1,0.50665070000000000,0.506650700000,-1.013391052207602,-1.013391052207602,-1.013391052207602,0E-17,ELIGIBLE,R03b_20260811_FULL_v1,L1_ELIGIBILITY,v2026-08-11,2026-03-21..2026-08-06,baccarat_bet02_101_all_pairs_incl_sentinel,round_win = game_pnl > 0 (decisive only),COMPATIBILITY_ONLY_NOT_PRODUCTION,252.6265,213.8999,-62.4806,28,27,0.24732418,0.25832224,0.21101826,0.24732418,62.4806,252.6265,THIN_EXPOSURE,0.0000,-2.4992,4.0000,96.0000,AG03-UNRESOLVED,ALL5_LEVELS_bet23_to_bet27,-2.4992,-2.4992,-2.4992,-2.4992,-2.4992,4.000000,4.000000,4.000000,4.000000,4.000000,96.000000,96.000000,96.000000,96.000000,96.000000,5.0,-12.4961,-11.5356,-49.9845,-50.945,PENDING_AG03,FALSE,NOT_FOR_ENFORCEMENT,-59.9814,205.3439,-62.4806,-59.9814,-2.4992,-0.24732418,-0.23743122,-2.4992,-59.9814,-0.23743122,-2.4992,-2.4992,-2.4992,-2.4992,-2.4992,-59.9814,-0.23743122,-12.4961,-11.5356,-49.9845,-50.945,-0.19785935,-0.20166139,-0.00989297,9.0224,7.9222,-2.3141,-3.9050,-3.1240,15.7892,1.6875,11.4054,5.3395,3.343,7.4872,12.9089,12.9089,15.4907,38.7267,4.2431,-2.5818,2.068967,5.172413,1.205047,12,20,17,2,0.76750260,-0.24732418,-0.25832224,0E-8,0.000000,0.846704,0.000000,0.04730398,2026-04-14,2026-07-23,16,20,20,101,0.158416,2.136021,1.264122,2.558342,,,,,,,,GLOBAL_BASELINE_NO_ENTITY_RANKING,,,NOT_APPLICABLE_GLOBAL_BASELINE,HF9g-P5,,,,X 全窗基线 · 不参与实体赏罚,3920620,393,A168_HF9F_20260827_0900,2026-08-27 09:00:00
2026-06-11,124054175,2281,0,4.1144855607,3.9087612827,3.9087612827,1.0000000,1,1,0.50665070000000000,0.506650700000,0.9867858985152569,0.9867858985152569,0.9867858985152569,0E-17,ELIGIBLE,R03b_20260811_FULL_v1,L1_ELIGIBILITY,v2026-08-11,2026-03-21..2026-08-06,baccarat_bet02_101_all_pairs_incl_sentinel,round_win = game_pnl > 0 (decisive only),COMPATIBILITY_ONLY_NOT_PRODUCTION,252.6265,213.8999,-62.4806,28,27,0.24732418,0.25832224,0.21101826,0.24732418,62.4806,252.6265,THIN_EXPOSURE,0.0000,-2.4992,4.0000,96.0000,AG03-UNRESOLVED,ALL5_LEVELS_bet23_to_bet27,-2.4992,-2.4992,-2.4992,-2.4992,-2.4992,4.000000,4.000000,4.000000,4.000000,4.000000,96.000000,96.000000,96.000000,96.000000,96.000000,5.0,-12.4961,-11.5356,-49.9845,-50.945,PENDING_AG03,FALSE,NOT_FOR_ENFORCEMENT,-59.9814,205.3439,-62.4806,-59.9814,-2.4992,-0.24732418,-0.23743122,-2.4992,-59.9814,-0.23743122,-2.4992,-2.4992,-2.4992,-2.4992,-2.4992,-59.9814,-0.23743122,-12.4961,-11.5356,-49.9845,-50.945,-0.19785935,-0.20166139,-0.00989297,9.0224,7.9222,-2.3141,-3.9050,-3.1240,15.7892,1.6875,11.4054,5.3395,3.343,7.4872,12.9089,12.9089,15.4907,38.7267,4.2431,-2.5818,2.068967,5.172413,1.205047,12,20,17,2,0.76750260,-0.24732418,-0.25832224,0E-8,0.000000,0.846704,0.000000,0.04730398,2026-04-14,2026-07-23,16,20,20,101,0.158416,2.136021,1.264122,2.558342,,,,,,,,GLOBAL_BASELINE_NO_ENTITY_RANKING,,,NOT_APPLICABLE_GLOBAL_BASELINE,HF9g-P5,,,,X 全窗基线 · 不参与实体赏罚,3920621,393,A168_HF9F_20260827_0900,2026-08-27 09:00:00
2026-06-12,124054175,987,0,3.8573302132,-3.8573302132,-3.8573302132,0E-7,1,1,0.50665070000000000,0.506650700000,-1.013391052207602,-1.013391052207602,-1.013391052207602,0E-17,ELIGIBLE,R03b_20260811_FULL_v1,L1_ELIGIBILITY,v2026-08-11,2026-03-21..2026-08-06,baccarat_bet02_101_all_pairs_incl_sentinel,round_win = game_pnl > 0 (decisive only),COMPATIBILITY_ONLY_NOT_PRODUCTION,252.6265,213.8999,-62.4806,28,27,0.24732418,0.25832224,0.21101826,0.24732418,62.4806,252.6265,THIN_EXPOSURE,0.0000,-2.4992,4.0000,96.0000,AG03-UNRESOLVED,ALL5_LEVELS_bet23_to_bet27,-2.4992,-2.4992,-2.4992,-2.4992,-2.4992,4.000000,4.000000,4.000000,4.000000,4.000000,96.000000,96.000000,96.000000,96.000000,96.000000,5.0,-12.4961,-11.5356,-49.9845,-50.945,PENDING_AG03,FALSE,NOT_FOR_ENFORCEMENT,-59.9814,205.3439,-62.4806,-59.9814,-2.4992,-0.24732418,-0.23743122,-2.4992,-59.9814,-0.23743122,-2.4992,-2.4992,-2.4992,-2.4992,-2.4992,-59.9814,-0.23743122,-12.4961,-11.5356,-49.9845,-50.945,-0.19785935,-0.20166139,-0.00989297,9.0224,7.9222,-2.3141,-3.9050,-3.1240,15.7892,1.6875,11.4054,5.3395,3.343,7.4872,12.9089,12.9089,15.4907,38.7267,4.2431,-2.5818,2.068967,5.172413,1.205047,12,20,17,2,0.76750260,-0.24732418,-0.25832224,0E-8,0.000000,0.846704,0.000000,0.04730398,2026-04-14,2026-07-23,16,20,20,101,0.158416,2.136021,1.264122,2.558342,,,,,,,,GLOBAL_BASELINE_NO_ENTITY_RANKING,,,NOT_APPLICABLE_GLOBAL_BASELINE,HF9g-P5,,,,X 全窗基线 · 不参与实体赏罚,3920622,393,A168_HF9F_20260827_0900,2026-08-27 09:00:00
2026-06-20,124054175,2153,0,2.8287088230,2.8287088230,2.8287088230,1.0000000,1,1,0.49324550000000000,0.493245500000,1.01360149184955,1.01360149184955,1.01360149184955,0E-17,ELIGIBLE,R03b_20260811_FULL_v1,L1_ELIGIBILITY,v2026-08-11,2026-03-21..2026-08-06,baccarat_bet02_101_all_pairs_incl_sentinel,round_win = game_pnl > 0 (decisive only),COMPATIBILITY_ONLY_NOT_PRODUCTION,252.6265,213.8999,-62.4806,28,27,0.24732418,0.25832224,0.21101826,0.24732418,62.4806,252.6265,THIN_EXPOSURE,0.0000,-2.4992,4.0000,96.0000,AG03-UNRESOLVED,ALL5_LEVELS_bet23_to_bet27,-2.4992,-2.4992,-2.4992,-2.4992,-2.4992,4.000000,4.000000,4.000000,4.000000,4.000000,96.000000,96.000000,96.000000,96.000000,96.000000,5.0,-12.4961,-11.5356,-49.9845,-50.945,PENDING_AG03,FALSE,NOT_FOR_ENFORCEMENT,-59.9814,205.3439,-62.4806,-59.9814,-2.4992,-0.24732418,-0.23743122,-2.4992,-59.9814,-0.23743122,-2.4992,-2.4992,-2.4992,-2.4992,-2.4992,-59.9814,-0.23743122,-12.4961,-11.5356,-49.9845,-50.945,-0.19785935,-0.20166139,-0.00989297,9.0224,7.9222,-2.3141,-3.9050,-3.1240,15.7892,1.6875,11.4054,5.3395,3.343,7.4872,12.9089,12.9089,15.4907,38.7267,4.2431,-2.5818,2.068967,5.172413,1.205047,12,20,17,2,0.76750260,-0.24732418,-0.25832224,0E-8,0.000000,0.846704,0.000000,0.04730398,2026-04-14,2026-07-23,16,20,20,101,0.158416,2.136021,1.264122,2.558342,,,,,,,,GLOBAL_BASELINE_NO_ENTITY_RANKING,,,NOT_APPLICABLE_GLOBAL_BASELINE,HF9g-P5,,,,X 全窗基线 · 不参与实体赏罚,3920623,393,A168_HF9F_20260827_0900,2026-08-27 09:00:00
2026-06-25,124054175,2188,0,4.3716409083,-4.3716409083,-4.3716409083,0E-7,1,1,0.49324550000000000,0.493245500000,-0.9865810262130424,-0.9865810262130424,-0.9865810262130424,0E-17,ELIGIBLE,R03b_20260811_FULL_v1,L1_ELIGIBILITY,v2026-08-11,2026-03-21..2026-08-06,baccarat_bet02_101_all_pairs_incl_sentinel,round_win = game_pnl > 0 (decisive only),COMPATIBILITY_ONLY_NOT_PRODUCTION,252.6265,213.8999,-62.4806,28,27,0.24732418,0.25832224,0.21101826,0.24732418,62.4806,252.6265,THIN_EXPOSURE,0.0000,-2.4992,4.0000,96.0000,AG03-UNRESOLVED,ALL5_LEVELS_bet23_to_bet27,-2.4992,-2.4992,-2.4992,-2.4992,-2.4992,4.000000,4.000000,4.000000,4.000000,4.000000,96.000000,96.000000,96.000000,96.000000,96.000000,5.0,-12.4961,-11.5356,-49.9845,-50.945,PENDING_AG03,FALSE,NOT_FOR_ENFORCEMENT,-59.9814,205.3439,-62.4806,-59.9814,-2.4992,-0.24732418,-0.23743122,-2.4992,-59.9814,-0.23743122,-2.4992,-2.4992,-2.4992,-2.4992,-2.4992,-59.9814,-0.23743122,-12.4961,-11.5356,-49.9845,-50.945,-0.19785935,-0.20166139,-0.00989297,9.0224,7.9222,-2.3141,-3.9050,-3.1240,15.7892,1.6875,11.4054,5.3395,3.343,7.4872,12.9089,12.9089,15.4907,38.7267,4.2431,-2.5818,2.068967,5.172413,1.205047,12,20,17,2,0.76750260,-0.24732418,-0.25832224,0E-8,0.000000,0.846704,0.000000,0.04730398,2026-04-14,2026-07-23,16,20,20,101,0.158416,2.136021,1.264122,2.558342,,,,,,,,GLOBAL_BASELINE_NO_ENTITY_RANKING,,,NOT_APPLICABLE_GLOBAL_BASELINE,HF9g-P5,,,,X 全窗基线 · 不参与实体赏罚,3920624,393,A168_HF9F_20260827_0900,2026-08-27 09:00:00
2026-06-26,124054175,2212,0,12.8577673773,12.8577673773,12.8577673773,1.0000000,1,1,0.49324550000000000,0.493245500000,1.01360149184955,1.01360149184955,1.01360149184955,0E-17,ELIGIBLE,R03b_20260811_FULL_v1,L1_ELIGIBILITY,v2026-08-11,2026-03-21..2026-08-06,baccarat_bet02_101_all_pairs_incl_sentinel,round_win = game_pnl > 0 (decisive only),COMPATIBILITY_ONLY_NOT_PRODUCTION,252.6265,213.8999,-62.4806,28,27,0.24732418,0.25832224,0.21101826,0.24732418,62.4806,252.6265,THIN_EXPOSURE,0.0000,-2.4992,4.0000,96.0000,AG03-UNRESOLVED,ALL5_LEVELS_bet23_to_bet27,-2.4992,-2.4992,-2.4992,-2.4992,-2.4992,4.000000,4.000000,4.000000,4.000000,4.000000,96.000000,96.000000,96.000000,96.000000,96.000000,5.0,-12.4961,-11.5356,-49.9845,-50.945,PENDING_AG03,FALSE,NOT_FOR_ENFORCEMENT,-59.9814,205.3439,-62.4806,-59.9814,-2.4992,-0.24732418,-0.23743122,-2.4992,-59.9814,-0.23743122,-2.4992,-2.4992,-2.4992,-2.4992,-2.4992,-59.9814,-0.23743122,-12.4961,-11.5356,-49.9845,-50.945,-0.19785935,-0.20166139,-0.00989297,9.0224,7.9222,-2.3141,-3.9050,-3.1240,15.7892,1.6875,11.4054,5.3395,3.343,7.4872,12.9089,12.9089,15.4907,38.7267,4.2431,-2.5818,2.068967,5.172413,1.205047,12,20,17,2,0.76750260,-0.24732418,-0.25832224,0E-8,0.000000,0.846704,0.000000,0.04730398,2026-04-14,2026-07-23,16,20,20,101,0.158416,2.136021,1.264122,2.558342,,,,,,,,GLOBAL_BASELINE_NO_ENTITY_RANKING,,,NOT_APPLICABLE_GLOBAL_BASELINE,HF9g-P5,,,,X 全窗基线 · 不参与实体赏罚,3920625,393,A168_HF9F_20260827_0900,2026-08-27 09:00:00
2026-06-26,124054175,583,0,12.8577673773,12.8577673773,12.8577673773,1.0000000,1,1,0.49324550000000000,0.493245500000,1.01360149184955,1.01360149184955,1.01360149184955,0E-17,ELIGIBLE,R03b_20260811_FULL_v1,L1_ELIGIBILITY,v2026-08-11,2026-03-21..2026-08-06,baccarat_bet02_101_all_pairs_incl_sentinel,round_win = game_pnl > 0 (decisive only),COMPATIBILITY_ONLY_NOT_PRODUCTION,252.6265,213.8999,-62.4806,28,27,0.24732418,0.25832224,0.21101826,0.24732418,62.4806,252.6265,THIN_EXPOSURE,0.0000,-2.4992,4.0000,96.0000,AG03-UNRESOLVED,ALL5_LEVELS_bet23_to_bet27,-2.4992,-2.4992,-2.4992,-2.4992,-2.4992,4.000000,4.000000,4.000000,4.000000,4.000000,96.000000,96.000000,96.000000,96.000000,96.000000,5.0,-12.4961,-11.5356,-49.9845,-50.945,PENDING_AG03,FALSE,NOT_FOR_ENFORCEMENT,-59.9814,205.3439,-62.4806,-59.9814,-2.4992,-0.24732418,-0.23743122,-2.4992,-59.9814,-0.23743122,-2.4992,-2.4992,-2.4992,-2.4992,-2.4992,-59.9814,-0.23743122,-12.4961,-11.5356,-49.9845,-50.945,-0.19785935,-0.20166139,-0.00989297,9.0224,7.9222,-2.3141,-3.9050,-3.1240,15.7892,1.6875,11.4054,5.3395,3.343,7.4872,12.9089,12.9089,15.4907,38.7267,4.2431,-2.5818,2.068967,5.172413,1.205047,12,20,17,2,0.76750260,-0.24732418,-0.25832224,0E-8,0.000000,0.846704,0.000000,0.04730398,2026-04-14,2026-07-23,16,20,20,101,0.158416,2.136021,1.264122,2.558342,,,,,,,,GLOBAL_BASELINE_NO_ENTITY_RANKING,,,NOT_APPLICABLE_GLOBAL_BASELINE,HF9g-P5,,,,X 全窗基线 · 不参与实体赏罚,3920626,393,A168_HF9F_20260827_0900,2026-08-27 09:00:00
2026-06-28,124054175,1401,0,3.3430195181,-3.3430195181,-3.3430195181,0E-7,1,1,0.50665070000000000,0.506650700000,-1.013391052207602,-1.013391052207602,-1.013391052207602,0E-17,ELIGIBLE,R03b_20260811_FULL_v1,L1_ELIGIBILITY,v2026-08-11,2026-03-21..2026-08-06,baccarat_bet02_101_all_pairs_incl_sentinel,round_win = game_pnl > 0 (decisive only),COMPATIBILITY_ONLY_NOT_PRODUCTION,252.6265,213.8999,-62.4806,28,27,0.24732418,0.25832224,0.21101826,0.24732418,62.4806,252.6265,THIN_EXPOSURE,0.0000,-2.4992,4.0000,96.0000,AG03-UNRESOLVED,ALL5_LEVELS_bet23_to_bet27,-2.4992,-2.4992,-2.4992,-2.4992,-2.4992,4.000000,4.000000,4.000000,4.000000,4.000000,96.000000,96.000000,96.000000,96.000000,96.000000,5.0,-12.4961,-11.5356,-49.9845,-50.945,PENDING_AG03,FALSE,NOT_FOR_ENFORCEMENT,-59.9814,205.3439,-62.4806,-59.9814,-2.4992,-0.24732418,-0.23743122,-2.4992,-59.9814,-0.23743122,-2.4992,-2.4992,-2.4992,-2.4992,-2.4992,-59.9814,-0.23743122,-12.4961,-11.5356,-49.9845,-50.945,-0.19785935,-0.20166139,-0.00989297,9.0224,7.9222,-2.3141,-3.9050,-3.1240,15.7892,1.6875,11.4054,5.3395,3.343,7.4872,12.9089,12.9089,15.4907,38.7267,4.2431,-2.5818,2.068967,5.172413,1.205047,12,20,17,2,0.76750260,-0.24732418,-0.25832224,0E-8,0.000000,0.846704,0.000000,0.04730398,2026-04-14,2026-07-23,16,20,20,101,0.158416,2.136021,1.264122,2.558342,,,,,,,,GLOBAL_BASELINE_NO_ENTITY_RANKING,,,NOT_APPLICABLE_GLOBAL_BASELINE,HF9g-P5,,,,X 全窗基线 · 不参与实体赏罚,3920627,393,A168_HF9F_20260827_0900,2026-08-27 09:00:00
2026-07-14,124054175,1951,0,2.8399555934,-2.8399555934,-2.8399555934,0E-7,1,1,0.49324550000000000,0.493245500000,-0.9865810262130424,-0.9865810262130424,-0.9865810262130424,0E-17,ELIGIBLE,R03b_20260811_FULL_v1,L1_ELIGIBILITY,v2026-08-11,2026-03-21..2026-08-06,baccarat_bet02_101_all_pairs_incl_sentinel,round_win = game_pnl > 0 (decisive only),COMPATIBILITY_ONLY_NOT_PRODUCTION,252.6265,213.8999,-62.4806,28,27,0.24732418,0.25832224,0.21101826,0.24732418,62.4806,252.6265,THIN_EXPOSURE,0.0000,-2.4992,4.0000,96.0000,AG03-UNRESOLVED,ALL5_LEVELS_bet23_to_bet27,-2.4992,-2.4992,-2.4992,-2.4992,-2.4992,4.000000,4.000000,4.000000,4.000000,4.000000,96.000000,96.000000,96.000000,96.000000,96.000000,5.0,-12.4961,-11.5356,-49.9845,-50.945,PENDING_AG03,FALSE,NOT_FOR_ENFORCEMENT,-59.9814,205.3439,-62.4806,-59.9814,-2.4992,-0.24732418,-0.23743122,-2.4992,-59.9814,-0.23743122,-2.4992,-2.4992,-2.4992,-2.4992,-2.4992,-59.9814,-0.23743122,-12.4961,-11.5356,-49.9845,-50.945,-0.19785935,-0.20166139,-0.00989297,9.0224,7.9222,-2.3141,-3.9050,-3.1240,15.7892,1.6875,11.4054,5.3395,3.343,7.4872,12.9089,12.9089,15.4907,38.7267,4.2431,-2.5818,2.068967,5.172413,1.205047,12,20,17,2,0.76750260,-0.24732418,-0.25832224,0E-8,0.000000,0.846704,0.000000,0.04730398,2026-04-14,2026-07-23,16,20,20,101,0.158416,2.136021,1.264122,2.558342,,,,,,,,GLOBAL_BASELINE_NO_ENTITY_RANKING,,,NOT_APPLICABLE_GLOBAL_BASELINE,HF9g-P5,,,,X 全窗基线 · 不参与实体赏罚,3920628,393,A168_HF9F_20260827_0900,2026-08-27 09:00:00
2026-07-16,124054175,1710,0,3.0981333746,-3.0981333746,-3.0981333746,0E-7,1,1,0.49324550000000000,0.493245500000,-0.9865810262130424,-0.9865810262130424,-0.9865810262130424,0E-17,ELIGIBLE,R03b_20260811_FULL_v1,L1_ELIGIBILITY,v2026-08-11,2026-03-21..2026-08-06,baccarat_bet02_101_all_pairs_incl_sentinel,round_win = game_pnl > 0 (decisive only),COMPATIBILITY_ONLY_NOT_PRODUCTION,252.6265,213.8999,-62.4806,28,27,0.24732418,0.25832224,0.21101826,0.24732418,62.4806,252.6265,THIN_EXPOSURE,0.0000,-2.4992,4.0000,96.0000,AG03-UNRESOLVED,ALL5_LEVELS_bet23_to_bet27,-2.4992,-2.4992,-2.4992,-2.4992,-2.4992,4.000000,4.000000,4.000000,4.000000,4.000000,96.000000,96.000000,96.000000,96.000000,96.000000,5.0,-12.4961,-11.5356,-49.9845,-50.945,PENDING_AG03,FALSE,NOT_FOR_ENFORCEMENT,-59.9814,205.3439,-62.4806,-59.9814,-2.4992,-0.24732418,-0.23743122,-2.4992,-59.9814,-0.23743122,-2.4992,-2.4992,-2.4992,-2.4992,-2.4992,-59.9814,-0.23743122,-12.4961,-11.5356,-49.9845,-50.945,-0.19785935,-0.20166139,-0.00989297,9.0224,7.9222,-2.3141,-3.9050,-3.1240,15.7892,1.6875,11.4054,5.3395,3.343,7.4872,12.9089,12.9089,15.4907,38.7267,4.2431,-2.5818,2.068967,5.172413,1.205047,12,20,17,2,0.76750260,-0.24732418,-0.25832224,0E-8,0.000000,0.846704,0.000000,0.04730398,2026-04-14,2026-07-23,16,20,20,101,0.158416,2.136021,1.264122,2.558342,,,,,,,,GLOBAL_BASELINE_NO_ENTITY_RANKING,,,NOT_APPLICABLE_GLOBAL_BASELINE,HF9g-P5,,,,X 全窗基线 · 不参与实体赏罚,3920629,393,A168_HF9F_20260827_0900,2026-08-27 09:00:00
2026-07-17,124054175,550,0,2.5817778122,-2.5817778122,-2.5817778122,0E-7,1,1,0.49324550000000000,0.493245500000,-0.9865810262130424,-0.9865810262130424,-0.9865810262130424,0E-17,ELIGIBLE,R03b_20260811_FULL_v1,L1_ELIGIBILITY,v2026-08-11,2026-03-21..2026-08-06,baccarat_bet02_101_all_pairs_incl_sentinel,round_win = game_pnl > 0 (decisive only),COMPATIBILITY_ONLY_NOT_PRODUCTION,252.6265,213.8999,-62.4806,28,27,0.24732418,0.25832224,0.21101826,0.24732418,62.4806,252.6265,THIN_EXPOSURE,0.0000,-2.4992,4.0000,96.0000,AG03-UNRESOLVED,ALL5_LEVELS_bet23_to_bet27,-2.4992,-2.4992,-2.4992,-2.4992,-2.4992,4.000000,4.000000,4.000000,4.000000,4.000000,96.000000,96.000000,96.000000,96.000000,96.000000,5.0,-12.4961,-11.5356,-49.9845,-50.945,PENDING_AG03,FALSE,NOT_FOR_ENFORCEMENT,-59.9814,205.3439,-62.4806,-59.9814,-2.4992,-0.24732418,-0.23743122,-2.4992,-59.9814,-0.23743122,-2.4992,-2.4992,-2.4992,-2.4992,-2.4992,-59.9814,-0.23743122,-12.4961,-11.5356,-49.9845,-50.945,-0.19785935,-0.20166139,-0.00989297,9.0224,7.9222,-2.3141,-3.9050,-3.1240,15.7892,1.6875,11.4054,5.3395,3.343,7.4872,12.9089,12.9089,15.4907,38.7267,4.2431,-2.5818,2.068967,5.172413,1.205047,12,20,17,2,0.76750260,-0.24732418,-0.25832224,0E-8,0.000000,0.846704,0.000000,0.04730398,2026-04-14,2026-07-23,16,20,20,101,0.158416,2.136021,1.264122,2.558342,,,,,,,,GLOBAL_BASELINE_NO_ENTITY_RANKING,,,NOT_APPLICABLE_GLOBAL_BASELINE,HF9g-P5,,,,X 全窗基线 · 不参与实体赏罚,3920630,393,A168_HF9F_20260827_0900,2026-08-27 09:00:00
2026-07-19,124054175,1941,0,4.6472000620,-4.6472000620,-4.6472000620,0E-7,1,1,0.49324550000000000,0.493245500000,-0.9865810262130424,-0.9865810262130424,-0.9865810262130424,0E-17,ELIGIBLE,R03b_20260811_FULL_v1,L1_ELIGIBILITY,v2026-08-11,2026-03-21..2026-08-06,baccarat_bet02_101_all_pairs_incl_sentinel,round_win = game_pnl > 0 (decisive only),COMPATIBILITY_ONLY_NOT_PRODUCTION,252.6265,213.8999,-62.4806,28,27,0.24732418,0.25832224,0.21101826,0.24732418,62.4806,252.6265,THIN_EXPOSURE,0.0000,-2.4992,4.0000,96.0000,AG03-UNRESOLVED,ALL5_LEVELS_bet23_to_bet27,-2.4992,-2.4992,-2.4992,-2.4992,-2.4992,4.000000,4.000000,4.000000,4.000000,4.000000,96.000000,96.000000,96.000000,96.000000,96.000000,5.0,-12.4961,-11.5356,-49.9845,-50.945,PENDING_AG03,FALSE,NOT_FOR_ENFORCEMENT,-59.9814,205.3439,-62.4806,-59.9814,-2.4992,-0.24732418,-0.23743122,-2.4992,-59.9814,-0.23743122,-2.4992,-2.4992,-2.4992,-2.4992,-2.4992,-59.9814,-0.23743122,-12.4961,-11.5356,-49.9845,-50.945,-0.19785935,-0.20166139,-0.00989297,9.0224,7.9222,-2.3141,-3.9050,-3.1240,15.7892,1.6875,11.4054,5.3395,3.343,7.4872,12.9089,12.9089,15.4907,38.7267,4.2431,-2.5818,2.068967,5.172413,1.205047,12,20,17,2,0.76750260,-0.24732418,-0.25832224,0E-8,0.000000,0.846704,0.000000,0.04730398,2026-04-14,2026-07-23,16,20,20,101,0.158416,2.136021,1.264122,2.558342,,,,,,,,GLOBAL_BASELINE_NO_ENTITY_RANKING,,,NOT_APPLICABLE_GLOBAL_BASELINE,HF9g-P5,,,,X 全窗基线 · 不参与实体赏罚,3920631,393,A168_HF9F_20260827_0900,2026-08-27 09:00:00
2026-07-21,124054175,1940,0,74.8715565538,1.2908889062,1.2908889062,0.5000000,6,5,0.50531018000000000,0.505310180000,-0.021241917993483336,-0.021241917993483336,-0.021241917993483336,0E-17,ELIGIBLE,R03b_20260811_FULL_v1,L1_ELIGIBILITY,v2026-08-11,2026-03-21..2026-08-06,baccarat_bet02_101_all_pairs_incl_sentinel,round_win = game_pnl > 0 (decisive only),COMPATIBILITY_ONLY_NOT_PRODUCTION,252.6265,213.8999,-62.4806,28,27,0.24732418,0.25832224,0.21101826,0.24732418,62.4806,252.6265,THIN_EXPOSURE,0.0000,-2.4992,4.0000,96.0000,AG03-UNRESOLVED,ALL5_LEVELS_bet23_to_bet27,-2.4992,-2.4992,-2.4992,-2.4992,-2.4992,4.000000,4.000000,4.000000,4.000000,4.000000,96.000000,96.000000,96.000000,96.000000,96.000000,5.0,-12.4961,-11.5356,-49.9845,-50.945,PENDING_AG03,FALSE,NOT_FOR_ENFORCEMENT,-59.9814,205.3439,-62.4806,-59.9814,-2.4992,-0.24732418,-0.23743122,-2.4992,-59.9814,-0.23743122,-2.4992,-2.4992,-2.4992,-2.4992,-2.4992,-59.9814,-0.23743122,-12.4961,-11.5356,-49.9845,-50.945,-0.19785935,-0.20166139,-0.00989297,9.0224,7.9222,-2.3141,-3.9050,-3.1240,15.7892,1.6875,11.4054,5.3395,3.343,7.4872,12.9089,12.9089,15.4907,38.7267,4.2431,-2.5818,2.068967,5.172413,1.205047,12,20,17,2,0.76750260,-0.24732418,-0.25832224,0E-8,0.000000,0.846704,0.000000,0.04730398,2026-04-14,2026-07-23,16,20,20,101,0.158416,2.136021,1.264122,2.558342,,,,,,,,GLOBAL_BASELINE_NO_ENTITY_RANKING,,,NOT_APPLICABLE_GLOBAL_BASELINE,HF9g-P5,,,,X 全窗基线 · 不参与实体赏罚,3920632,393,A168_HF9F_20260827_0900,2026-08-27 09:00:00
2026-07-21,124054175,2103,0,51.6355562440,25.8177781220,25.8177781220,0.5000000,2,2,0.49324550000000000,0.493245500000,0.01910635448239258,0.01910635448239258,0.01910635448239258,0E-17,ELIGIBLE,R03b_20260811_FULL_v1,L1_ELIGIBILITY,v2026-08-11,2026-03-21..2026-08-06,baccarat_bet02_101_all_pairs_incl_sentinel,round_win = game_pnl > 0 (decisive only),COMPATIBILITY_ONLY_NOT_PRODUCTION,252.6265,213.8999,-62.4806,28,27,0.24732418,0.25832224,0.21101826,0.24732418,62.4806,252.6265,THIN_EXPOSURE,0.0000,-2.4992,4.0000,96.0000,AG03-UNRESOLVED,ALL5_LEVELS_bet23_to_bet27,-2.4992,-2.4992,-2.4992,-2.4992,-2.4992,4.000000,4.000000,4.000000,4.000000,4.000000,96.000000,96.000000,96.000000,96.000000,96.000000,5.0,-12.4961,-11.5356,-49.9845,-50.945,PENDING_AG03,FALSE,NOT_FOR_ENFORCEMENT,-59.9814,205.3439,-62.4806,-59.9814,-2.4992,-0.24732418,-0.23743122,-2.4992,-59.9814,-0.23743122,-2.4992,-2.4992,-2.4992,-2.4992,-2.4992,-59.9814,-0.23743122,-12.4961,-11.5356,-49.9845,-50.945,-0.19785935,-0.20166139,-0.00989297,9.0224,7.9222,-2.3141,-3.9050,-3.1240,15.7892,1.6875,11.4054,5.3395,3.343,7.4872,12.9089,12.9089,15.4907,38.7267,4.2431,-2.5818,2.068967,5.172413,1.205047,12,20,17,2,0.76750260,-0.24732418,-0.25832224,0E-8,0.000000,0.846704,0.000000,0.04730398,2026-04-14,2026-07-23,16,20,20,101,0.158416,2.136021,1.264122,2.558342,,,,,,,,GLOBAL_BASELINE_NO_ENTITY_RANKING,,,NOT_APPLICABLE_GLOBAL_BASELINE,HF9g-P5,,,,X 全窗基线 · 不参与实体赏罚,3920633,393,A168_HF9F_20260827_0900,2026-08-27 09:00:00
2026-07-21,124054175,2196,0,12.9088890610,12.9088890610,12.9088890610,1.0000000,1,1,0.49324550000000000,0.493245500000,1.01360149184955,1.01360149184955,1.01360149184955,0E-17,ELIGIBLE,R03b_20260811_FULL_v1,L1_ELIGIBILITY,v2026-08-11,2026-03-21..2026-08-06,baccarat_bet02_101_all_pairs_incl_sentinel,round_win = game_pnl > 0 (decisive only),COMPATIBILITY_ONLY_NOT_PRODUCTION,252.6265,213.8999,-62.4806,28,27,0.24732418,0.25832224,0.21101826,0.24732418,62.4806,252.6265,THIN_EXPOSURE,0.0000,-2.4992,4.0000,96.0000,AG03-UNRESOLVED,ALL5_LEVELS_bet23_to_bet27,-2.4992,-2.4992,-2.4992,-2.4992,-2.4992,4.000000,4.000000,4.000000,4.000000,4.000000,96.000000,96.000000,96.000000,96.000000,96.000000,5.0,-12.4961,-11.5356,-49.9845,-50.945,PENDING_AG03,FALSE,NOT_FOR_ENFORCEMENT,-59.9814,205.3439,-62.4806,-59.9814,-2.4992,-0.24732418,-0.23743122,-2.4992,-59.9814,-0.23743122,-2.4992,-2.4992,-2.4992,-2.4992,-2.4992,-59.9814,-0.23743122,-12.4961,-11.5356,-49.9845,-50.945,-0.19785935,-0.20166139,-0.00989297,9.0224,7.9222,-2.3141,-3.9050,-3.1240,15.7892,1.6875,11.4054,5.3395,3.343,7.4872,12.9089,12.9089,15.4907,38.7267,4.2431,-2.5818,2.068967,5.172413,1.205047,12,20,17,2,0.76750260,-0.24732418,-0.25832224,0E-8,0.000000,0.846704,0.000000,0.04730398,2026-04-14,2026-07-23,16,20,20,101,0.158416,2.136021,1.264122,2.558342,,,,,,,,GLOBAL_BASELINE_NO_ENTITY_RANKING,,,NOT_APPLICABLE_GLOBAL_BASELINE,HF9g-P5,,,,X 全窗基线 · 不参与实体赏罚,3920634,393,A168_HF9F_20260827_0900,2026-08-27 09:00:00
2026-07-21,124054175,2267,0,38.7266671830,25.8177781220,25.8177781220,1.0000000,3,3,0.49324550000000000,0.493245500000,1.4334489766152358,1.4334489766152358,1.4334489766152358,0E-17,ELIGIBLE,R03b_20260811_FULL_v1,L1_ELIGIBILITY,v2026-08-11,2026-03-21..2026-08-06,baccarat_bet02_101_all_pairs_incl_sentinel,round_win = game_pnl > 0 (decisive only),COMPATIBILITY_ONLY_NOT_PRODUCTION,252.6265,213.8999,-62.4806,28,27,0.24732418,0.25832224,0.21101826,0.24732418,62.4806,252.6265,THIN_EXPOSURE,0.0000,-2.4992,4.0000,96.0000,AG03-UNRESOLVED,ALL5_LEVELS_bet23_to_bet27,-2.4992,-2.4992,-2.4992,-2.4992,-2.4992,4.000000,4.000000,4.000000,4.000000,4.000000,96.000000,96.000000,96.000000,96.000000,96.000000,5.0,-12.4961,-11.5356,-49.9845,-50.945,PENDING_AG03,FALSE,NOT_FOR_ENFORCEMENT,-59.9814,205.3439,-62.4806,-59.9814,-2.4992,-0.24732418,-0.23743122,-2.4992,-59.9814,-0.23743122,-2.4992,-2.4992,-2.4992,-2.4992,-2.4992,-59.9814,-0.23743122,-12.4961,-11.5356,-49.9845,-50.945,-0.19785935,-0.20166139,-0.00989297,9.0224,7.9222,-2.3141,-3.9050,-3.1240,15.7892,1.6875,11.4054,5.3395,3.343,7.4872,12.9089,12.9089,15.4907,38.7267,4.2431,-2.5818,2.068967,5.172413,1.205047,12,20,17,2,0.76750260,-0.24732418,-0.25832224,0E-8,0.000000,0.846704,0.000000,0.04730398,2026-04-14,2026-07-23,16,20,20,101,0.158416,2.136021,1.264122,2.558342,,,,,,,,GLOBAL_BASELINE_NO_ENTITY_RANKING,,,NOT_APPLICABLE_GLOBAL_BASELINE,HF9g-P5,,,,X 全窗基线 · 不参与实体赏罚,3920635,393,A168_HF9F_20260827_0900,2026-08-27 09:00:00
2026-07-23,124054175,2223,0,2.5817778122,-2.5817778122,-2.5817778122,0E-7,1,1,0.49324550000000000,0.493245500000,-0.9865810262130424,-0.9865810262130424,-0.9865810262130424,0E-17,ELIGIBLE,R03b_20260811_FULL_v1,L1_ELIGIBILITY,v2026-08-11,2026-03-21..2026-08-06,baccarat_bet02_101_all_pairs_incl_sentinel,round_win = game_pnl > 0 (decisive only),COMPATIBILITY_ONLY_NOT_PRODUCTION,252.6265,213.8999,-62.4806,28,27,0.24732418,0.25832224,0.21101826,0.24732418,62.4806,252.6265,THIN_EXPOSURE,0.0000,-2.4992,4.0000,96.0000,AG03-UNRESOLVED,ALL5_LEVELS_bet23_to_bet27,-2.4992,-2.4992,-2.4992,-2.4992,-2.4992,4.000000,4.000000,4.000000,4.000000,4.000000,96.000000,96.000000,96.000000,96.000000,96.000000,5.0,-12.4961,-11.5356,-49.9845,-50.945,PENDING_AG03,FALSE,NOT_FOR_ENFORCEMENT,-59.9814,205.3439,-62.4806,-59.9814,-2.4992,-0.24732418,-0.23743122,-2.4992,-59.9814,-0.23743122,-2.4992,-2.4992,-2.4992,-2.4992,-2.4992,-59.9814,-0.23743122,-12.4961,-11.5356,-49.9845,-50.945,-0.19785935,-0.20166139,-0.00989297,9.0224,7.9222,-2.3141,-3.9050,-3.1240,15.7892,1.6875,11.4054,5.3395,3.343,7.4872,12.9089,12.9089,15.4907,38.7267,4.2431,-2.5818,2.068967,5.172413,1.205047,12,20,17,2,0.76750260,-0.24732418,-0.25832224,0E-8,0.000000,0.846704,0.000000,0.04730398,2026-04-14,2026-07-23,16,20,20,101,0.158416,2.136021,1.264122,2.558342,,,,,,,,GLOBAL_BASELINE_NO_ENTITY_RANKING,,,NOT_APPLICABLE_GLOBAL_BASELINE,HF9g-P5,,,,X 全窗基线 · 不参与实体赏罚,3920636,393,A168_HF9F_20260827_0900,2026-08-27 09:00:00
2026-04-05,148247734,1401,0,193.9028331357,62.4798017882,62.4798017882,0.6000000,5,5,0.49860758000000000,0.498607580000,0.4534424453485946,0.4534424453485946,0.4534424453485946,0E-17,ELIGIBLE,R03b_20260811_FULL_v1,L1_ELIGIBILITY,v2026-08-11,2026-03-21..2026-08-06,baccarat_bet02_101_all_pairs_incl_sentinel,round_win = game_pnl > 0 (decisive only),COMPATIBILITY_ONLY_NOT_PRODUCTION,193.9028,193.9028,-62.4798,5,5,0.32222222,,0.32222222,0.32222222,62.4798,193.9028,THIN_EXPOSURE,0.0000,-2.4992,4.0000,96.0000,AG03-UNRESOLVED,ALL5_LEVELS_bet23_to_bet27,-2.4992,-2.4992,-2.4992,-2.8116,-2.8116,4.000000,4.000000,4.000000,4.500000,4.500000,96.000000,96.000000,96.000000,95.500000,95.500000,5.0,-13.1208,-12.0648,-49.3590,-50.415,PENDING_AG03,FALSE,NOT_FOR_ENFORCEMENT,-59.9806,186.1467,-62.4798,-59.9806,-2.4992,-0.32222222,-0.30933333,-2.4992,-59.9806,-0.30933333,-2.4992,-2.4992,-2.4992,-2.8116,-2.8116,-59.9806,-0.30933333,-13.1208,-12.0648,-49.3590,-50.415,-0.25455556,-0.26000155,-0.01288889,38.7806,38.7806,-12.4960,-62.4798,-62.4798,193.9028,5.0000,,38.7806,37.7033,43.0895,43.0895,43.0895,43.0895,43.0895,43.0895,40.935,1.0,1.0,0.9,1,1,1,2,0E-8,-0.32222222,,0E-8,0.000000,1.000000,0.000000,,2026-04-05,2026-04-05,1,1,1,1,1.000000,,,0.000000,,,,,,,,GLOBAL_BASELINE_NO_ENTITY_RANKING,,,NOT_APPLICABLE_GLOBAL_BASELINE,HF9g-P5,,,,X 全窗基线 · 不参与实体赏罚,3920637,393,A168_HF9F_20260827_0900,2026-08-27 09:00:00
2026-07-19,153213155,-1,1,152.3248909198,49.5701339943,49.5701339943,0.6250000,10,10,0.49726706000000000,0.497267060000,0.7225774183249517,0.7225774183249517,0.7225774183249517,0E-17,SENTINEL_DEALER,R03b_20260811_FULL_v1,L1_ELIGIBILITY,v2026-08-11,2026-03-21..2026-08-06,baccarat_bet02_101_all_pairs_incl_sentinel,round_win = game_pnl > 0 (decisive only),COMPATIBILITY_ONLY_NOT_PRODUCTION,178.1427,116.1800,-62.4790,12,12,0.35072464,0.35072464,,0.35072464,62.4790,178.1427,THIN_EXPOSURE,0.0000,-2.4992,4.0000,96.0000,AG03-UNRESOLVED,ALL5_LEVELS_bet23_to_bet27,-2.4992,-2.4992,-3.1240,-3.1240,-3.1240,4.000000,4.000000,5.000000,5.000000,5.000000,96.000000,96.000000,95.000000,95.000000,95.000000,5.0,-14.3702,-13.1108,-48.1088,-49.3682,PENDING_AG03,FALSE,NOT_FOR_ENFORCEMENT,-59.9799,111.5328,-62.4790,-59.9799,-2.4992,-0.35072464,-0.33669565,-2.4992,-59.9799,-0.33669565,-2.4992,-2.4992,-3.1240,-3.1240,-3.1240,-59.9799,-0.33669565,-14.3702,-13.1108,-48.1088,-49.3682,-0.27005797,-0.27712746,-0.01402899,14.8452,9.6817,-5.2066,-62.4790,-15.6198,178.1427,12.0000,14.8452,,10.3271,12.9089,19.3633,25.8178,25.8178,25.8178,10.3271,5.1636,2.0,2.0,1.15,4,2,1,2,1.00000000,-0.35072464,-0.35072464,0E-8,0.000000,0.652174,0.000000,,2026-07-19,2026-07-19,1,4,4,1,1.000000,,1.000000,3.333333,,,,,,,,GLOBAL_BASELINE_NO_ENTITY_RANKING,,,NOT_APPLICABLE_GLOBAL_BASELINE,HF9g-P5,,,,X 全窗基线 · 不参与实体赏罚,3920638,393,A168_HF9F_20260827_0900,2026-08-27 09:00:00
2026-07-19,153213155,2134,0,25.8177781220,12.9088890610,12.9088890610,1.0000000,2,2,0.49324550000000000,0.493245500000,1.01360149184955,1.01360149184955,1.01360149184955,0E-17,ELIGIBLE,R03b_20260811_FULL_v1,L1_ELIGIBILITY,v2026-08-11,2026-03-21..2026-08-06,baccarat_bet02_101_all_pairs_incl_sentinel,round_win = game_pnl > 0 (decisive only),COMPATIBILITY_ONLY_NOT_PRODUCTION,178.1427,116.1800,-62.4790,12,12,0.35072464,0.35072464,,0.35072464,62.4790,178.1427,THIN_EXPOSURE,0.0000,-2.4992,4.0000,96.0000,AG03-UNRESOLVED,ALL5_LEVELS_bet23_to_bet27,-2.4992,-2.4992,-3.1240,-3.1240,-3.1240,4.000000,4.000000,5.000000,5.000000,5.000000,96.000000,96.000000,95.000000,95.000000,95.000000,5.0,-14.3702,-13.1108,-48.1088,-49.3682,PENDING_AG03,FALSE,NOT_FOR_ENFORCEMENT,-59.9799,111.5328,-62.4790,-59.9799,-2.4992,-0.35072464,-0.33669565,-2.4992,-59.9799,-0.33669565,-2.4992,-2.4992,-3.1240,-3.1240,-3.1240,-59.9799,-0.33669565,-14.3702,-13.1108,-48.1088,-49.3682,-0.27005797,-0.27712746,-0.01402899,14.8452,9.6817,-5.2066,-62.4790,-15.6198,178.1427,12.0000,14.8452,,10.3271,12.9089,19.3633,25.8178,25.8178,25.8178,10.3271,5.1636,2.0,2.0,1.15,4,2,1,2,1.00000000,-0.35072464,-0.35072464,0E-8,0.000000,0.652174,0.000000,,2026-07-19,2026-07-19,1,4,4,1,1.000000,,1.000000,3.333333,,,,,,,,GLOBAL_BASELINE_NO_ENTITY_RANKING,,,NOT_APPLICABLE_GLOBAL_BASELINE,HF9g-P5,,,,X 全窗基线 · 不参与实体赏罚,3920639,393,A168_HF9F_20260827_0900,2026-08-27 09:00:00
2026-07-21,153303885,-1,1,315.7514264322,-55.7147651872,-55.7147651872,0.5555556,12,12,0.50106520000000000,0.501065200000,0.32694287526632204,0.32694287526632204,0.32694287526632204,0E-17,SENTINEL_DEALER,R03b_20260811_FULL_v1,L1_ELIGIBILITY,v2026-08-11,2026-03-21..2026-08-06,baccarat_bet02_101_all_pairs_incl_sentinel,round_win = game_pnl > 0 (decisive only),COMPATIBILITY_ONLY_NOT_PRODUCTION,759.5590,621.1757,-62.4790,29,29,0.08225697,0.08225697,,0.08225697,62.4790,759.5590,THIN_EXPOSURE,0.0000,-2.4992,4.0000,96.0000,AG03-UNRESOLVED,ALL5_LEVELS_bet23_to_bet27,-2.4992,-2.4992,-3.1240,-3.1240,-3.1240,4.000000,4.000000,5.000000,5.000000,5.000000,96.000000,96.000000,95.000000,95.000000,95.000000,5.0,-14.3702,-13.1108,-48.1088,-49.3682,PENDING_AG03,FALSE,NOT_FOR_ENFORCEMENT,-59.9799,596.3287,-62.4790,-59.9799,-2.4992,-0.08225697,-0.07896669,-2.4992,-59.9799,-0.07896669,-2.4992,-2.4992,-3.1240,-3.1240,-3.1240,-59.9799,-0.07896669,-14.3702,-13.1108,-48.1088,-49.3682,-0.06333787,-0.0649959,-0.00329028,26.1917,21.4199,-2.1544,-20.8263,-6.9421,253.1863,9.6667,26.1917,,10.3271,22.2033,40.7921,51.6356,64.5961,65.5772,14.1998,4.9054,2.909303,2.953488,1.179631,8,6,5,2,1.00000000,-0.08225697,-0.08225697,0E-8,0.000000,0.817811,0.000000,,2026-07-21,2026-07-24,3,9,8,4,0.750000,,1.000000,3.333333,,,,,,,,GLOBAL_BASELINE_NO_ENTITY_RANKING,,,NOT_APPLICABLE_GLOBAL_BASELINE,HF9g-P5,,,,X 全窗基线 · 不参与实体赏罚,3920640,393,A168_HF9F_20260827_0900,2026-08-27 09:00:00
2026-07-23,153303885,1353,0,116.1800015490,36.1448893708,36.1448893708,0.6666667,3,3,0.49771390000000000,0.497713900000,0.5852756695216578,0.5852756695216578,0.5852756695216578,0E-17,ELIGIBLE,R03b_20260811_FULL_v1,L1_ELIGIBILITY,v2026-08-11,2026-03-21..2026-08-06,baccarat_bet02_101_all_pairs_incl_sentinel,round_win = game_pnl > 0 (decisive only),COMPATIBILITY_ONLY_NOT_PRODUCTION,759.5590,621.1757,-62.4790,29,29,0.08225697,0.08225697,,0.08225697,62.4790,759.5590,THIN_EXPOSURE,0.0000,-2.4992,4.0000,96.0000,AG03-UNRESOLVED,ALL5_LEVELS_bet23_to_bet27,-2.4992,-2.4992,-3.1240,-3.1240,-3.1240,4.000000,4.000000,5.000000,5.000000,5.000000,96.000000,96.000000,95.000000,95.000000,95.000000,5.0,-14.3702,-13.1108,-48.1088,-49.3682,PENDING_AG03,FALSE,NOT_FOR_ENFORCEMENT,-59.9799,596.3287,-62.4790,-59.9799,-2.4992,-0.08225697,-0.07896669,-2.4992,-59.9799,-0.07896669,-2.4992,-2.4992,-3.1240,-3.1240,-3.1240,-59.9799,-0.07896669,-14.3702,-13.1108,-48.1088,-49.3682,-0.06333787,-0.0649959,-0.00329028,26.1917,21.4199,-2.1544,-20.8263,-6.9421,253.1863,9.6667,26.1917,,10.3271,22.2033,40.7921,51.6356,64.5961,65.5772,14.1998,4.9054,2.909303,2.953488,1.179631,8,6,5,2,1.00000000,-0.08225697,-0.08225697,0E-8,0.000000,0.817811,0.000000,,2026-07-21,2026-07-24,3,9,8,4,0.750000,,1.000000,3.333333,,,,,,,,GLOBAL_BASELINE_NO_ENTITY_RANKING,,,NOT_APPLICABLE_GLOBAL_BASELINE,HF9g-P5,,,,X 全窗基线 · 不参与实体赏罚,3920641,393,A168_HF9F_20260827_0900,2026-08-27 09:00:00
2026-07-23,153303885,1405,0,121.3435571734,25.1723336690,25.1723336690,0.5000000,4,4,0.49994810000000000,0.499948100000,0.00020760000111838688,0.00020760000111838688,0.00020760000111838688,0E-17,ELIGIBLE,R03b_20260811_FULL_v1,L1_ELIGIBILITY,v2026-08-11,2026-03-21..2026-08-06,baccarat_bet02_101_all_pairs_incl_sentinel,round_win = game_pnl > 0 (decisive only),COMPATIBILITY_ONLY_NOT_PRODUCTION,759.5590,621.1757,-62.4790,29,29,0.08225697,0.08225697,,0.08225697,62.4790,759.5590,THIN_EXPOSURE,0.0000,-2.4992,4.0000,96.0000,AG03-UNRESOLVED,ALL5_LEVELS_bet23_to_bet27,-2.4992,-2.4992,-3.1240,-3.1240,-3.1240,4.000000,4.000000,5.000000,5.000000,5.000000,96.000000,96.000000,95.000000,95.000000,95.000000,5.0,-14.3702,-13.1108,-48.1088,-49.3682,PENDING_AG03,FALSE,NOT_FOR_ENFORCEMENT,-59.9799,596.3287,-62.4790,-59.9799,-2.4992,-0.08225697,-0.07896669,-2.4992,-59.9799,-0.07896669,-2.4992,-2.4992,-3.1240,-3.1240,-3.1240,-59.9799,-0.07896669,-14.3702,-13.1108,-48.1088,-49.3682,-0.06333787,-0.0649959,-0.00329028,26.1917,21.4199,-2.1544,-20.8263,-6.9421,253.1863,9.6667,26.1917,,10.3271,22.2033,40.7921,51.6356,64.5961,65.5772,14.1998,4.9054,2.909303,2.953488,1.179631,8,6,5,2,1.00000000,-0.08225697,-0.08225697,0E-8,0.000000,0.817811,0.000000,,2026-07-21,2026-07-24,3,9,8,4,0.750000,,1.000000,3.333333,,,,,,,,GLOBAL_BASELINE_NO_ENTITY_RANKING,,,NOT_APPLICABLE_GLOBAL_BASELINE,HF9g-P5,,,,X 全窗基线 · 不参与实体赏罚,3920642,393,A168_HF9F_20260827_0900,2026-08-27 09:00:00
2026-07-23,153303885,2235,0,114.6309348617,87.8578989492,87.8578989492,0.8000000,6,6,0.50218230000000000,0.502182300000,1.3318939303776811,1.3318939303776811,1.3318939303776811,0E-17,ELIGIBLE,R03b_20260811_FULL_v1,L1_ELIGIBILITY,v2026-08-11,2026-03-21..2026-08-06,baccarat_bet02_101_all_pairs_incl_sentinel,round_win = game_pnl > 0 (decisive only),COMPATIBILITY_ONLY_NOT_PRODUCTION,759.5590,621.1757,-62.4790,29,29,0.08225697,0.08225697,,0.08225697,62.4790,759.5590,THIN_EXPOSURE,0.0000,-2.4992,4.0000,96.0000,AG03-UNRESOLVED,ALL5_LEVELS_bet23_to_bet27,-2.4992,-2.4992,-3.1240,-3.1240,-3.1240,4.000000,4.000000,5.000000,5.000000,5.000000,96.000000,96.000000,95.000000,95.000000,95.000000,5.0,-14.3702,-13.1108,-48.1088,-49.3682,PENDING_AG03,FALSE,NOT_FOR_ENFORCEMENT,-59.9799,596.3287,-62.4790,-59.9799,-2.4992,-0.08225697,-0.07896669,-2.4992,-59.9799,-0.07896669,-2.4992,-2.4992,-3.1240,-3.1240,-3.1240,-59.9799,-0.07896669,-14.3702,-13.1108,-48.1088,-49.3682,-0.06333787,-0.0649959,-0.00329028,26.1917,21.4199,-2.1544,-20.8263,-6.9421,253.1863,9.6667,26.1917,,10.3271,22.2033,40.7921,51.6356,64.5961,65.5772,14.1998,4.9054,2.909303,2.953488,1.179631,8,6,5,2,1.00000000,-0.08225697,-0.08225697,0E-8,0.000000,0.817811,0.000000,,2026-07-21,2026-07-24,3,9,8,4,0.750000,,1.000000,3.333333,,,,,,,,GLOBAL_BASELINE_NO_ENTITY_RANKING,,,NOT_APPLICABLE_GLOBAL_BASELINE,HF9g-P5,,,,X 全窗基线 · 不参与实体赏罚,3920643,393,A168_HF9F_20260827_0900,2026-08-27 09:00:00
2026-07-24,153303885,2174,0,15.4906668732,-5.1635556244,-5.1635556244,0.5000000,2,2,0.49324550000000000,0.493245500000,0.01910635448239258,0.01910635448239258,0.01910635448239258,0E-17,ELIGIBLE,R03b_20260811_FULL_v1,L1_ELIGIBILITY,v2026-08-11,2026-03-21..2026-08-06,baccarat_bet02_101_all_pairs_incl_sentinel,round_win = game_pnl > 0 (decisive only),COMPATIBILITY_ONLY_NOT_PRODUCTION,759.5590,621.1757,-62.4790,29,29,0.08225697,0.08225697,,0.08225697,62.4790,759.5590,THIN_EXPOSURE,0.0000,-2.4992,4.0000,96.0000,AG03-UNRESOLVED,ALL5_LEVELS_bet23_to_bet27,-2.4992,-2.4992,-3.1240,-3.1240,-3.1240,4.000000,4.000000,5.000000,5.000000,5.000000,96.000000,96.000000,95.000000,95.000000,95.000000,5.0,-14.3702,-13.1108,-48.1088,-49.3682,PENDING_AG03,FALSE,NOT_FOR_ENFORCEMENT,-59.9799,596.3287,-62.4790,-59.9799,-2.4992,-0.08225697,-0.07896669,-2.4992,-59.9799,-0.07896669,-2.4992,-2.4992,-3.1240,-3.1240,-3.1240,-59.9799,-0.07896669,-14.3702,-13.1108,-48.1088,-49.3682,-0.06333787,-0.0649959,-0.00329028,26.1917,21.4199,-2.1544,-20.8263,-6.9421,253.1863,9.6667,26.1917,,10.3271,22.2033,40.7921,51.6356,64.5961,65.5772,14.1998,4.9054,2.909303,2.953488,1.179631,8,6,5,2,1.00000000,-0.08225697,-0.08225697,0E-8,0.000000,0.817811,0.000000,,2026-07-21,2026-07-24,3,9,8,4,0.750000,,1.000000,3.333333,,,,,,,,GLOBAL_BASELINE_NO_ENTITY_RANKING,,,NOT_APPLICABLE_GLOBAL_BASELINE,HF9g-P5,,,,X 全窗基线 · 不参与实体赏罚,3920644,393,A168_HF9F_20260827_0900,2026-08-27 09:00:00
2026-07-24,153303885,526,0,76.1624454599,-25.8177781220,-25.8177781220,0.5000000,2,2,0.50665070000000000,0.506650700000,-0.018812684590367487,-0.018812684590367487,-0.018812684590367487,0E-17,ELIGIBLE,R03b_20260811_FULL_v1,L1_ELIGIBILITY,v2026-08-11,2026-03-21..2026-08-06,baccarat_bet02_101_all_pairs_incl_sentinel,round_win = game_pnl > 0 (decisive only),COMPATIBILITY_ONLY_NOT_PRODUCTION,759.5590,621.1757,-62.4790,29,29,0.08225697,0.08225697,,0.08225697,62.4790,759.5590,THIN_EXPOSURE,0.0000,-2.4992,4.0000,96.0000,AG03-UNRESOLVED,ALL5_LEVELS_bet23_to_bet27,-2.4992,-2.4992,-3.1240,-3.1240,-3.1240,4.000000,4.000000,5.000000,5.000000,5.000000,96.000000,96.000000,95.000000,95.000000,95.000000,5.0,-14.3702,-13.1108,-48.1088,-49.3682,PENDING_AG03,FALSE,NOT_FOR_ENFORCEMENT,-59.9799,596.3287,-62.4790,-59.9799,-2.4992,-0.08225697,-0.07896669,-2.4992,-59.9799,-0.07896669,-2.4992,-2.4992,-3.1240,-3.1240,-3.1240,-59.9799,-0.07896669,-14.3702,-13.1108,-48.1088,-49.3682,-0.06333787,-0.0649959,-0.00329028,26.1917,21.4199,-2.1544,-20.8263,-6.9421,253.1863,9.6667,26.1917,,10.3271,22.2033,40.7921,51.6356,64.5961,65.5772,14.1998,4.9054,2.909303,2.953488,1.179631,8,6,5,2,1.00000000,-0.08225697,-0.08225697,0E-8,0.000000,0.817811,0.000000,,2026-07-21,2026-07-24,3,9,8,4,0.750000,,1.000000,3.333333,,,,,,,,GLOBAL_BASELINE_NO_ENTITY_RANKING,,,NOT_APPLICABLE_GLOBAL_BASELINE,HF9g-P5,,,,X 全窗基线 · 不参与实体赏罚,3920645,393,A168_HF9F_20260827_0900,2026-08-27 09:00:00
2026-07-13,149346525,1485,0,82.6168899904,-21.2996669506,-21.2996669506,0.2857143,11,7,0.44975536178571429,0.376808135714,-0.8724399517934328,-0.49735564831846313,-0.8724399517934328,0.07294722607171429,ELIGIBLE,R03b_20260811_FULL_v1,L1_ELIGIBILITY,v2026-08-11,2026-03-21..2026-08-06,baccarat_bet02_101_all_pairs_incl_sentinel,round_win = game_pnl > 0 (decisive only),COMPATIBILITY_ONLY_NOT_PRODUCTION,1290.8889,1156.6365,-62.4790,141,68,0.04840000,0.04840000,,0.04840000,62.4790,1290.8889,OK,0.0000,-2.4992,4.0000,96.0000,AG03-UNRESOLVED,ALL5_LEVELS_bet23_to_bet27,-2.4992,-2.4992,-2.4992,-3.1240,-3.1240,4.000000,4.000000,4.000000,5.000000,5.000000,96.000000,96.000000,96.000000,95.000000,95.000000,5.0,-13.7454,-12.5911,-48.7336,-49.8879,PENDING_AG03,FALSE,NOT_FOR_ENFORCEMENT,-59.9799,1110.3710,-62.4790,-59.9799,-2.4992,-0.04840000,-0.04646400,-2.4992,-59.9799,-0.04646400,-2.4992,-2.4992,-2.4992,-3.1240,-3.1240,-59.9799,-0.04646400,-13.7454,-12.5911,-48.7336,-49.8879,-0.03775200,-0.03864615,-0.00193600,9.1552,17.0094,-0.9188,-62.4790,-12.4958,1290.8889,68.0000,9.1552,,2.5818,5.1636,12.9089,20.6542,24.3978,31.2137,5.1636,-2.5818,4.724999,6.044998,1.77305,5,8,1,8,1.00000000,-0.04840000,-0.04840000,0E-8,0.000000,0.896000,0.000000,,2026-07-13,2026-07-13,1,5,5,1,1.000000,,1.000000,3.333333,,,,,,,,GLOBAL_BASELINE_NO_ENTITY_RANKING,,,NOT_APPLICABLE_GLOBAL_BASELINE,HF9g-P5,,,,X 全窗基线 · 不参与实体赏罚,3920646,393,A168_HF9F_20260827_0900,2026-08-27 09:00:00
2026-07-13,149346525,1507,0,348.5400046470,54.9918673999,54.9918673999,0.5294118,41,17,0.39373491675388337,0.270820515686,1.1449775275040917,2.399276407826146,1.1449775275040917,0.12291440106788337,ELIGIBLE,R03b_20260811_FULL_v1,L1_ELIGIBILITY,v2026-08-11,2026-03-21..2026-08-06,baccarat_bet02_101_all_pairs_incl_sentinel,round_win = game_pnl > 0 (decisive only),COMPATIBILITY_ONLY_NOT_PRODUCTION,1290.8889,1156.6365,-62.4790,141,68,0.04840000,0.04840000,,0.04840000,62.4790,1290.8889,OK,0.0000,-2.4992,4.0000,96.0000,AG03-UNRESOLVED,ALL5_LEVELS_bet23_to_bet27,-2.4992,-2.4992,-2.4992,-3.1240,-3.1240,4.000000,4.000000,4.000000,5.000000,5.000000,96.000000,96.000000,96.000000,95.000000,95.000000,5.0,-13.7454,-12.5911,-48.7336,-49.8879,PENDING_AG03,FALSE,NOT_FOR_ENFORCEMENT,-59.9799,1110.3710,-62.4790,-59.9799,-2.4992,-0.04840000,-0.04646400,-2.4992,-59.9799,-0.04646400,-2.4992,-2.4992,-2.4992,-3.1240,-3.1240,-59.9799,-0.04646400,-13.7454,-12.5911,-48.7336,-49.8879,-0.03775200,-0.03864615,-0.00193600,9.1552,17.0094,-0.9188,-62.4790,-12.4958,1290.8889,68.0000,9.1552,,2.5818,5.1636,12.9089,20.6542,24.3978,31.2137,5.1636,-2.5818,4.724999,6.044998,1.77305,5,8,1,8,1.00000000,-0.04840000,-0.04840000,0E-8,0.000000,0.896000,0.000000,,2026-07-13,2026-07-13,1,5,5,1,1.000000,,1.000000,3.333333,,,,,,,,GLOBAL_BASELINE_NO_ENTITY_RANKING,,,NOT_APPLICABLE_GLOBAL_BASELINE,HF9g-P5,,,,X 全窗基线 · 不参与实体赏罚,3920647,393,A168_HF9F_20260827_0900,2026-08-27 09:00:00
2026-07-13,149346525,1957,0,77.4533343660,23.2360003097,23.2360003097,0.7500000,8,4,0.42176081357142857,0.291155762500,1.329332277880789,2.020027007649812,1.329332277880789,0.13060505107142857,ELIGIBLE,R03b_20260811_FULL_v1,L1_ELIGIBILITY,v2026-08-11,2026-03-21..2026-08-06,baccarat_bet02_101_all_pairs_incl_sentinel,round_win = game_pnl > 0 (decisive only),COMPATIBILITY_ONLY_NOT_PRODUCTION,1290.8889,1156.6365,-62.4790,141,68,0.04840000,0.04840000,,0.04840000,62.4790,1290.8889,OK,0.0000,-2.4992,4.0000,96.0000,AG03-UNRESOLVED,ALL5_LEVELS_bet23_to_bet27,-2.4992,-2.4992,-2.4992,-3.1240,-3.1240,4.000000,4.000000,4.000000,5.000000,5.000000,96.000000,96.000000,96.000000,95.000000,95.000000,5.0,-13.7454,-12.5911,-48.7336,-49.8879,PENDING_AG03,FALSE,NOT_FOR_ENFORCEMENT,-59.9799,1110.3710,-62.4790,-59.9799,-2.4992,-0.04840000,-0.04646400,-2.4992,-59.9799,-0.04646400,-2.4992,-2.4992,-2.4992,-3.1240,-3.1240,-59.9799,-0.04646400,-13.7454,-12.5911,-48.7336,-49.8879,-0.03775200,-0.03864615,-0.00193600,9.1552,17.0094,-0.9188,-62.4790,-12.4958,1290.8889,68.0000,9.1552,,2.5818,5.1636,12.9089,20.6542,24.3978,31.2137,5.1636,-2.5818,4.724999,6.044998,1.77305,5,8,1,8,1.00000000,-0.04840000,-0.04840000,0E-8,0.000000,0.896000,0.000000,,2026-07-13,2026-07-13,1,5,5,1,1.000000,,1.000000,3.333333,,,,,,,,GLOBAL_BASELINE_NO_ENTITY_RANKING,,,NOT_APPLICABLE_GLOBAL_BASELINE,HF9g-P5,,,,X 全窗基线 · 不参与实体赏罚,3920648,393,A168_HF9F_20260827_0900,2026-08-27 09:00:00
2026-07-13,149346525,2134,0,123.9253349856,12.9088890610,12.9088890610,0.5000000,13,7,0.44249998829931973,0.329937852381,0.28357274424939793,0.8859509340581198,0.28357274424939793,0.11256213591831973,ELIGIBLE,R03b_20260811_FULL_v1,L1_ELIGIBILITY,v2026-08-11,2026-03-21..2026-08-06,baccarat_bet02_101_all_pairs_incl_sentinel,round_win = game_pnl > 0 (decisive only),COMPATIBILITY_ONLY_NOT_PRODUCTION,1290.8889,1156.6365,-62.4790,141,68,0.04840000,0.04840000,,0.04840000,62.4790,1290.8889,OK,0.0000,-2.4992,4.0000,96.0000,AG03-UNRESOLVED,ALL5_LEVELS_bet23_to_bet27,-2.4992,-2.4992,-2.4992,-3.1240,-3.1240,4.000000,4.000000,4.000000,5.000000,5.000000,96.000000,96.000000,96.000000,95.000000,95.000000,5.0,-13.7454,-12.5911,-48.7336,-49.8879,PENDING_AG03,FALSE,NOT_FOR_ENFORCEMENT,-59.9799,1110.3710,-62.4790,-59.9799,-2.4992,-0.04840000,-0.04646400,-2.4992,-59.9799,-0.04646400,-2.4992,-2.4992,-2.4992,-3.1240,-3.1240,-59.9799,-0.04646400,-13.7454,-12.5911,-48.7336,-49.8879,-0.03775200,-0.03864615,-0.00193600,9.1552,17.0094,-0.9188,-62.4790,-12.4958,1290.8889,68.0000,9.1552,,2.5818,5.1636,12.9089,20.6542,24.3978,31.2137,5.1636,-2.5818,4.724999,6.044998,1.77305,5,8,1,8,1.00000000,-0.04840000,-0.04840000,0E-8,0.000000,0.896000,0.000000,,2026-07-13,2026-07-13,1,5,5,1,1.000000,,1.000000,3.333333,,,,,,,,GLOBAL_BASELINE_NO_ENTITY_RANKING,,,NOT_APPLICABLE_GLOBAL_BASELINE,HF9g-P5,,,,X 全窗基线 · 不参与实体赏罚,3920649,393,A168_HF9F_20260827_0900,2026-08-27 09:00:00
2026-07-13,149346525,2156,0,74.8715565538,37.1776004958,37.1776004958,0.8000000,10,5,0.40253148457142857,0.297945710000,1.8123008543533343,2.454605864859514,1.8123008543533343,0.10458577457142857,ELIGIBLE,R03b_20260811_FULL_v1,L1_ELIGIBILITY,v2026-08-11,2026-03-21..2026-08-06,baccarat_bet02_101_all_pairs_incl_sentinel,round_win = game_pnl > 0 (decisive only),COMPATIBILITY_ONLY_NOT_PRODUCTION,1290.8889,1156.6365,-62.4790,141,68,0.04840000,0.04840000,,0.04840000,62.4790,1290.8889,OK,0.0000,-2.4992,4.0000,96.0000,AG03-UNRESOLVED,ALL5_LEVELS_bet23_to_bet27,-2.4992,-2.4992,-2.4992,-3.1240,-3.1240,4.000000,4.000000,4.000000,5.000000,5.000000,96.000000,96.000000,96.000000,95.000000,95.000000,5.0,-13.7454,-12.5911,-48.7336,-49.8879,PENDING_AG03,FALSE,NOT_FOR_ENFORCEMENT,-59.9799,1110.3710,-62.4790,-59.9799,-2.4992,-0.04840000,-0.04646400,-2.4992,-59.9799,-0.04646400,-2.4992,-2.4992,-2.4992,-3.1240,-3.1240,-59.9799,-0.04646400,-13.7454,-12.5911,-48.7336,-49.8879,-0.03775200,-0.03864615,-0.00193600,9.1552,17.0094,-0.9188,-62.4790,-12.4958,1290.8889,68.0000,9.1552,,2.5818,5.1636,12.9089,20.6542,24.3978,31.2137,5.1636,-2.5818,4.724999,6.044998,1.77305,5,8,1,8,1.00000000,-0.04840000,-0.04840000,0E-8,0.000000,0.896000,0.000000,,2026-07-13,2026-07-13,1,5,5,1,1.000000,,1.000000,3.333333,,,,,,,,GLOBAL_BASELINE_NO_ENTITY_RANKING,,,NOT_APPLICABLE_GLOBAL_BASELINE,HF9g-P5,,,,X 全窗基线 · 不参与实体赏罚,3920650,393,A168_HF9F_20260827_0900,2026-08-27 09:00:00
2026-07-13,149346525,2188,0,263.3413368444,-65.4480675393,-65.4480675393,0.4545455,23,11,0.37158008662171162,0.277644333333,0.5694321727107943,1.3101076393220585,0.5694321727107943,0.09393575328871162,ELIGIBLE,R03b_20260811_FULL_v1,L1_ELIGIBILITY,v2026-08-11,2026-03-21..2026-08-06,baccarat_bet02_101_all_pairs_incl_sentinel,round_win = game_pnl > 0 (decisive only),COMPATIBILITY_ONLY_NOT_PRODUCTION,1290.8889,1156.6365,-62.4790,141,68,0.04840000,0.04840000,,0.04840000,62.4790,1290.8889,OK,0.0000,-2.4992,4.0000,96.0000,AG03-UNRESOLVED,ALL5_LEVELS_bet23_to_bet27,-2.4992,-2.4992,-2.4992,-3.1240,-3.1240,4.000000,4.000000,4.000000,5.000000,5.000000,96.000000,96.000000,96.000000,95.000000,95.000000,5.0,-13.7454,-12.5911,-48.7336,-49.8879,PENDING_AG03,FALSE,NOT_FOR_ENFORCEMENT,-59.9799,1110.3710,-62.4790,-59.9799,-2.4992,-0.04840000,-0.04646400,-2.4992,-59.9799,-0.04646400,-2.4992,-2.4992,-2.4992,-3.1240,-3.1240,-59.9799,-0.04646400,-13.7454,-12.5911,-48.7336,-49.8879,-0.03775200,-0.03864615,-0.00193600,9.1552,17.0094,-0.9188,-62.4790,-12.4958,1290.8889,68.0000,9.1552,,2.5818,5.1636,12.9089,20.6542,24.3978,31.2137,5.1636,-2.5818,4.724999,6.044998,1.77305,5,8,1,8,1.00000000,-0.04840000,-0.04840000,0E-8,0.000000,0.896000,0.000000,,2026-07-13,2026-07-13,1,5,5,1,1.000000,,1.000000,3.333333,,,,,,,,GLOBAL_BASELINE_NO_ENTITY_RANKING,,,NOT_APPLICABLE_GLOBAL_BASELINE,HF9g-P5,,,,X 全窗基线 · 不参与实体赏罚,3920651,393,A168_HF9F_20260827_0900,2026-08-27 09:00:00
2026-07-13,149346525,2216,0,222.0328918492,58.0900007746,58.0900007746,0.5833333,26,12,0.39287234227742165,0.266789675000,1.3509240271701533,2.4792792478115167,1.3509240271701533,0.12608266727742165,ELIGIBLE,R03b_20260811_FULL_v1,L1_ELIGIBILITY,v2026-08-11,2026-03-21..2026-08-06,baccarat_bet02_101_all_pairs_incl_sentinel,round_win = game_pnl > 0 (decisive only),COMPATIBILITY_ONLY_NOT_PRODUCTION,1290.8889,1156.6365,-62.4790,141,68,0.04840000,0.04840000,,0.04840000,62.4790,1290.8889,OK,0.0000,-2.4992,4.0000,96.0000,AG03-UNRESOLVED,ALL5_LEVELS_bet23_to_bet27,-2.4992,-2.4992,-2.4992,-3.1240,-3.1240,4.000000,4.000000,4.000000,5.000000,5.000000,96.000000,96.000000,96.000000,95.000000,95.000000,5.0,-13.7454,-12.5911,-48.7336,-49.8879,PENDING_AG03,FALSE,NOT_FOR_ENFORCEMENT,-59.9799,1110.3710,-62.4790,-59.9799,-2.4992,-0.04840000,-0.04646400,-2.4992,-59.9799,-0.04646400,-2.4992,-2.4992,-2.4992,-3.1240,-3.1240,-59.9799,-0.04646400,-13.7454,-12.5911,-48.7336,-49.8879,-0.03775200,-0.03864615,-0.00193600,9.1552,17.0094,-0.9188,-62.4790,-12.4958,1290.8889,68.0000,9.1552,,2.5818,5.1636,12.9089,20.6542,24.3978,31.2137,5.1636,-2.5818,4.724999,6.044998,1.77305,5,8,1,8,1.00000000,-0.04840000,-0.04840000,0E-8,0.000000,0.896000,0.000000,,2026-07-13,2026-07-13,1,5,5,1,1.000000,,1.000000,3.333333,,,,,,,,GLOBAL_BASELINE_NO_ENTITY_RANKING,,,NOT_APPLICABLE_GLOBAL_BASELINE,HF9g-P5,,,,X 全窗基线 · 不参与实体赏罚,3920652,393,A168_HF9F_20260827_0900,2026-08-27 09:00:00
2026-07-13,149346525,2239,0,98.1075568636,-37.1776004957,-37.1776004957,0.4000000,9,5,0.45140447900000000,0.365294200000,-0.23098134357531394,0.16116823136941524,-0.23098134357531394,0.08611027900000000,ELIGIBLE,R03b_20260811_FULL_v1,L1_ELIGIBILITY,v2026-08-11,2026-03-21..2026-08-06,baccarat_bet02_101_all_pairs_incl_sentinel,round_win = game_pnl > 0 (decisive only),COMPATIBILITY_ONLY_NOT_PRODUCTION,1290.8889,1156.6365,-62.4790,141,68,0.04840000,0.04840000,,0.04840000,62.4790,1290.8889,OK,0.0000,-2.4992,4.0000,96.0000,AG03-UNRESOLVED,ALL5_LEVELS_bet23_to_bet27,-2.4992,-2.4992,-2.4992,-3.1240,-3.1240,4.000000,4.000000,4.000000,5.000000,5.000000,96.000000,96.000000,96.000000,95.000000,95.000000,5.0,-13.7454,-12.5911,-48.7336,-49.8879,PENDING_AG03,FALSE,NOT_FOR_ENFORCEMENT,-59.9799,1110.3710,-62.4790,-59.9799,-2.4992,-0.04840000,-0.04646400,-2.4992,-59.9799,-0.04646400,-2.4992,-2.4992,-2.4992,-3.1240,-3.1240,-59.9799,-0.04646400,-13.7454,-12.5911,-48.7336,-49.8879,-0.03775200,-0.03864615,-0.00193600,9.1552,17.0094,-0.9188,-62.4790,-12.4958,1290.8889,68.0000,9.1552,,2.5818,5.1636,12.9089,20.6542,24.3978,31.2137,5.1636,-2.5818,4.724999,6.044998,1.77305,5,8,1,8,1.00000000,-0.04840000,-0.04840000,0E-8,0.000000,0.896000,0.000000,,2026-07-13,2026-07-13,1,5,5,1,1.000000,,1.000000,3.333333,,,,,,,,GLOBAL_BASELINE_NO_ENTITY_RANKING,,,NOT_APPLICABLE_GLOBAL_BASELINE,HF9g-P5,,,,X 全窗基线 · 不参与实体赏罚,3920653,393,A168_HF9F_20260827_0900,2026-08-27 09:00:00
2026-04-21,129547346,1331,0,105.7508572626,67.9266026228,67.9266026228,1.0000000,5,4,0.49851182857142857,0.498272450000,1.7372136792903796,1.7380455904924055,1.7372136792903796,0.00023937857142857,ELIGIBLE,R03b_20260811_FULL_v1,L1_ELIGIBILITY,v2026-08-11,2026-03-21..2026-08-06,baccarat_bet02_101_all_pairs_incl_sentinel,round_win = game_pnl > 0 (decisive only),COMPATIBILITY_ONLY_NOT_PRODUCTION,116.6481,74.5531,-62.4780,7,6,0.53561114,,0.53561114,0.53561114,62.4780,116.6481,THIN_EXPOSURE,0.0000,-2.4991,4.0000,96.0000,AG03-UNRESOLVED,ALL5_LEVELS_bet23_to_bet27,-2.4991,-2.4991,-2.4991,-3.1239,-3.1239,4.000000,4.000000,4.000000,5.000000,5.000000,96.000000,96.000000,96.000000,95.000000,95.000000,5.0,-13.7452,-12.5909,-48.7328,-49.8871,PENDING_AG03,FALSE,NOT_FOR_ENFORCEMENT,-59.9789,71.5710,-62.4780,-59.9789,-2.4991,-0.53561114,-0.51418670,-2.4991,-59.9789,-0.51418670,-2.4991,-2.4991,-2.4991,-3.1239,-3.1239,-59.9789,-0.51418670,-13.7452,-12.5909,-48.7328,-49.8871,-0.41777669,-0.4276717,-0.02142445,16.6640,12.4255,-10.4130,-31.2390,-20.8260,58.3240,3.0000,,16.6640,7.882,15.7056,22.904,29.003,30.3641,30.3641,5.4486,0.0,1.933333,1.933333,1.061025,3,3,2,2,0E-8,-0.53561114,,0E-8,0.000000,0.639129,0.000000,,2026-04-21,2026-05-02,2,3,3,12,0.166667,,,0.000000,,,,,,,,GLOBAL_BASELINE_NO_ENTITY_RANKING,,,NOT_APPLICABLE_GLOBAL_BASELINE,HF9g-P5,,,,X 全窗基线 · 不参与实体赏罚,3920654,393,A168_HF9F_20260827_0900,2026-08-27 09:00:00
2026-05-02,129547346,2142,0,5.4486015256,-5.4486015256,-5.4486015256,0E-7,1,1,0.49324550000000000,0.493245500000,-0.9865810262130424,-0.9865810262130424,-0.9865810262130424,0E-17,ELIGIBLE,R03b_20260811_FULL_v1,L1_ELIGIBILITY,v2026-08-11,2026-03-21..2026-08-06,baccarat_bet02_101_all_pairs_incl_sentinel,round_win = game_pnl > 0 (decisive only),COMPATIBILITY_ONLY_NOT_PRODUCTION,116.6481,74.5531,-62.4780,7,6,0.53561114,,0.53561114,0.53561114,62.4780,116.6481,THIN_EXPOSURE,0.0000,-2.4991,4.0000,96.0000,AG03-UNRESOLVED,ALL5_LEVELS_bet23_to_bet27,-2.4991,-2.4991,-2.4991,-3.1239,-3.1239,4.000000,4.000000,4.000000,5.000000,5.000000,96.000000,96.000000,96.000000,95.000000,95.000000,5.0,-13.7452,-12.5909,-48.7328,-49.8871,PENDING_AG03,FALSE,NOT_FOR_ENFORCEMENT,-59.9789,71.5710,-62.4780,-59.9789,-2.4991,-0.53561114,-0.51418670,-2.4991,-59.9789,-0.51418670,-2.4991,-2.4991,-2.4991,-3.1239,-3.1239,-59.9789,-0.51418670,-13.7452,-12.5909,-48.7328,-49.8871,-0.41777669,-0.4276717,-0.02142445,16.6640,12.4255,-10.4130,-31.2390,-20.8260,58.3240,3.0000,,16.6640,7.882,15.7056,22.904,29.003,30.3641,30.3641,5.4486,0.0,1.933333,1.933333,1.061025,3,3,2,2,0E-8,-0.53561114,,0E-8,0.000000,0.639129,0.000000,,2026-04-21,2026-05-02,2,3,3,12,0.166667,,,0.000000,,,,,,,,GLOBAL_BASELINE_NO_ENTITY_RANKING,,,NOT_APPLICABLE_GLOBAL_BASELINE,HF9g-P5,,,,X 全窗基线 · 不参与实体赏罚,3920655,393,A168_HF9F_20260827_0900,2026-08-27 09:00:00
2026-05-02,129547346,2251,0,5.4486015256,0E-10,0E-10,,1,1,0.49324550000000000,0.493245500000,,,,0E-17,NO_DECISIVE_ROUND,R03b_20260811_FULL_v1,L1_ELIGIBILITY,v2026-08-11,2026-03-21..2026-08-06,baccarat_bet02_101_all_pairs_incl_sentinel,round_win = game_pnl > 0 (decisive only),COMPATIBILITY_ONLY_NOT_PRODUCTION,116.6481,74.5531,-62.4780,7,6,0.53561114,,0.53561114,0.53561114,62.4780,116.6481,THIN_EXPOSURE,0.0000,-2.4991,4.0000,96.0000,AG03-UNRESOLVED,ALL5_LEVELS_bet23_to_bet27,-2.4991,-2.4991,-2.4991,-3.1239,-3.1239,4.000000,4.000000,4.000000,5.000000,5.000000,96.000000,96.000000,96.000000,95.000000,95.000000,5.0,-13.7452,-12.5909,-48.7328,-49.8871,PENDING_AG03,FALSE,NOT_FOR_ENFORCEMENT,-59.9789,71.5710,-62.4780,-59.9789,-2.4991,-0.53561114,-0.51418670,-2.4991,-59.9789,-0.51418670,-2.4991,-2.4991,-2.4991,-3.1239,-3.1239,-59.9789,-0.51418670,-13.7452,-12.5909,-48.7328,-49.8871,-0.41777669,-0.4276717,-0.02142445,16.6640,12.4255,-10.4130,-31.2390,-20.8260,58.3240,3.0000,,16.6640,7.882,15.7056,22.904,29.003,30.3641,30.3641,5.4486,0.0,1.933333,1.933333,1.061025,3,3,2,2,0E-8,-0.53561114,,0E-8,0.000000,0.639129,0.000000,,2026-04-21,2026-05-02,2,3,3,12,0.166667,,,0.000000,,,,,,,,GLOBAL_BASELINE_NO_ENTITY_RANKING,,,NOT_APPLICABLE_GLOBAL_BASELINE,HF9g-P5,,,,X 全窗基线 · 不参与实体赏罚,3920656,393,A168_HF9F_20260827_0900,2026-08-27 09:00:00
2026-05-15,150074409,1221,0,3.1134865861,-3.1134865861,-3.1134865861,0E-7,1,1,0.49324550000000000,0.493245500000,-0.9865810262130424,-0.9865810262130424,-0.9865810262130424,0E-17,ELIGIBLE,R03b_20260811_FULL_v1,L1_ELIGIBILITY,v2026-08-11,2026-03-21..2026-08-06,baccarat_bet02_101_all_pairs_incl_sentinel,round_win = game_pnl > 0 (decisive only),COMPATIBILITY_ONLY_NOT_PRODUCTION,1213.4443,1182.5396,-62.4732,122,59,0.05148420,,0.05148420,0.05148420,62.4732,1213.4443,OK,0.0000,-2.4989,4.0000,96.0000,AG03-UNRESOLVED,ALL5_LEVELS_bet23_to_bet27,-2.4989,-2.4989,-2.4989,-3.1237,-3.1237,4.000000,4.000000,4.000000,5.000000,5.000000,96.000000,96.000000,96.000000,95.000000,95.000000,5.0,-13.7441,-12.59,-48.7291,-49.8832,PENDING_AG03,FALSE,NOT_FOR_ENFORCEMENT,-59.9743,1135.2380,-62.4732,-59.9743,-2.4989,-0.05148420,-0.04942483,-2.4989,-59.9743,-0.04942483,-2.4989,-2.4989,-2.4989,-3.1237,-3.1237,-59.9743,-0.04942483,-13.7441,-12.59,-48.7291,-49.8832,-0.04015768,-0.04110881,-0.00205937,9.9463,20.0430,-1.0589,-12.4946,-4.4624,242.6889,11.8000,,9.9463,4.6288,5.1891,12.8578,25.9457,26.776,42.551,5.1891,-2.854,5.16,8.199997,1.916745,9,15,5,8,0E-8,-0.05148420,,0E-8,0.000000,0.974531,0.000000,,2026-05-15,2026-06-18,5,14,14,35,0.142857,,,0.000000,,,,,,,,GLOBAL_BASELINE_NO_ENTITY_RANKING,,,NOT_APPLICABLE_GLOBAL_BASELINE,HF9g-P5,,,,X 全窗基线 · 不参与实体赏罚,3920657,393,A168_HF9F_20260827_0900,2026-08-27 09:00:00
2026-05-15,150074409,1307,0,10.1188314048,4.5534741321,4.5534741321,0.6666667,3,3,0.36266256666666667,0.362662566667,1.0952266155917392,1.0952266155903214,1.0952266155917392,-3.3333E-13,ELIGIBLE,R03b_20260811_FULL_v1,L1_ELIGIBILITY,v2026-08-11,2026-03-21..2026-08-06,baccarat_bet02_101_all_pairs_incl_sentinel,round_win = game_pnl > 0 (decisive only),COMPATIBILITY_ONLY_NOT_PRODUCTION,1213.4443,1182.5396,-62.4732,122,59,0.05148420,,0.05148420,0.05148420,62.4732,1213.4443,OK,0.0000,-2.4989,4.0000,96.0000,AG03-UNRESOLVED,ALL5_LEVELS_bet23_to_bet27,-2.4989,-2.4989,-2.4989,-3.1237,-3.1237,4.000000,4.000000,4.000000,5.000000,5.000000,96.000000,96.000000,96.000000,95.000000,95.000000,5.0,-13.7441,-12.59,-48.7291,-49.8832,PENDING_AG03,FALSE,NOT_FOR_ENFORCEMENT,-59.9743,1135.2380,-62.4732,-59.9743,-2.4989,-0.05148420,-0.04942483,-2.4989,-59.9743,-0.04942483,-2.4989,-2.4989,-2.4989,-3.1237,-3.1237,-59.9743,-0.04942483,-13.7441,-12.59,-48.7291,-49.8832,-0.04015768,-0.04110881,-0.00205937,9.9463,20.0430,-1.0589,-12.4946,-4.4624,242.6889,11.8000,,9.9463,4.6288,5.1891,12.8578,25.9457,26.776,42.551,5.1891,-2.854,5.16,8.199997,1.916745,9,15,5,8,0E-8,-0.05148420,,0E-8,0.000000,0.974531,0.000000,,2026-05-15,2026-06-18,5,14,14,35,0.142857,,,0.000000,,,,,,,,GLOBAL_BASELINE_NO_ENTITY_RANKING,,,NOT_APPLICABLE_GLOBAL_BASELINE,HF9g-P5,,,,X 全窗基线 · 不参与实体赏罚,3920658,393,A168_HF9F_20260827_0900,2026-08-27 09:00:00
2026-05-15,150074409,1396,0,7.0053448186,-7.0053448186,-7.0053448186,0E-7,1,1,0.50665070000000000,0.506650700000,-1.013391052207602,-1.013391052207602,-1.013391052207602,0E-17,ELIGIBLE,R03b_20260811_FULL_v1,L1_ELIGIBILITY,v2026-08-11,2026-03-21..2026-08-06,baccarat_bet02_101_all_pairs_incl_sentinel,round_win = game_pnl > 0 (decisive only),COMPATIBILITY_ONLY_NOT_PRODUCTION,1213.4443,1182.5396,-62.4732,122,59,0.05148420,,0.05148420,0.05148420,62.4732,1213.4443,OK,0.0000,-2.4989,4.0000,96.0000,AG03-UNRESOLVED,ALL5_LEVELS_bet23_to_bet27,-2.4989,-2.4989,-2.4989,-3.1237,-3.1237,4.000000,4.000000,4.000000,5.000000,5.000000,96.000000,96.000000,96.000000,95.000000,95.000000,5.0,-13.7441,-12.59,-48.7291,-49.8832,PENDING_AG03,FALSE,NOT_FOR_ENFORCEMENT,-59.9743,1135.2380,-62.4732,-59.9743,-2.4989,-0.05148420,-0.04942483,-2.4989,-59.9743,-0.04942483,-2.4989,-2.4989,-2.4989,-3.1237,-3.1237,-59.9743,-0.04942483,-13.7441,-12.59,-48.7291,-49.8832,-0.04015768,-0.04110881,-0.00205937,9.9463,20.0430,-1.0589,-12.4946,-4.4624,242.6889,11.8000,,9.9463,4.6288,5.1891,12.8578,25.9457,26.776,42.551,5.1891,-2.854,5.16,8.199997,1.916745,9,15,5,8,0E-8,-0.05148420,,0E-8,0.000000,0.974531,0.000000,,2026-05-15,2026-06-18,5,14,14,35,0.142857,,,0.000000,,,,,,,,GLOBAL_BASELINE_NO_ENTITY_RANKING,,,NOT_APPLICABLE_GLOBAL_BASELINE,HF9g-P5,,,,X 全窗基线 · 不参与实体赏罚,3920659,393,A168_HF9F_20260827_0900,2026-08-27 09:00:00
2026-05-15,150074409,1485,0,287.9975092107,28.5402937055,28.5402937055,0.6250000,19,8,0.42662258694232416,0.318883214584,1.134475191317102,1.8578280526288395,1.134475191317102,0.10773937235832416,ELIGIBLE,R03b_20260811_FULL_v1,L1_ELIGIBILITY,v2026-08-11,2026-03-21..2026-08-06,baccarat_bet02_101_all_pairs_incl_sentinel,round_win = game_pnl > 0 (decisive only),COMPATIBILITY_ONLY_NOT_PRODUCTION,1213.4443,1182.5396,-62.4732,122,59,0.05148420,,0.05148420,0.05148420,62.4732,1213.4443,OK,0.0000,-2.4989,4.0000,96.0000,AG03-UNRESOLVED,ALL5_LEVELS_bet23_to_bet27,-2.4989,-2.4989,-2.4989,-3.1237,-3.1237,4.000000,4.000000,4.000000,5.000000,5.000000,96.000000,96.000000,96.000000,95.000000,95.000000,5.0,-13.7441,-12.59,-48.7291,-49.8832,PENDING_AG03,FALSE,NOT_FOR_ENFORCEMENT,-59.9743,1135.2380,-62.4732,-59.9743,-2.4989,-0.05148420,-0.04942483,-2.4989,-59.9743,-0.04942483,-2.4989,-2.4989,-2.4989,-3.1237,-3.1237,-59.9743,-0.04942483,-13.7441,-12.59,-48.7291,-49.8832,-0.04015768,-0.04110881,-0.00205937,9.9463,20.0430,-1.0589,-12.4946,-4.4624,242.6889,11.8000,,9.9463,4.6288,5.1891,12.8578,25.9457,26.776,42.551,5.1891,-2.854,5.16,8.199997,1.916745,9,15,5,8,0E-8,-0.05148420,,0E-8,0.000000,0.974531,0.000000,,2026-05-15,2026-06-18,5,14,14,35,0.142857,,,0.000000,,,,,,,,GLOBAL_BASELINE_NO_ENTITY_RANKING,,,NOT_APPLICABLE_GLOBAL_BASELINE,HF9g-P5,,,,X 全窗基线 · 不参与实体赏罚,3920660,393,A168_HF9F_20260827_0900,2026-08-27 09:00:00
2026-05-15,150074409,2234,0,245.9654402991,-54.6157438641,-54.6157438641,0.5714286,21,7,0.40422856065098319,0.279020977619,0.9014299504426488,1.724876179738811,0.9014299504426488,0.12520758303198319,ELIGIBLE,R03b_20260811_FULL_v1,L1_ELIGIBILITY,v2026-08-11,2026-03-21..2026-08-06,baccarat_bet02_101_all_pairs_incl_sentinel,round_win = game_pnl > 0 (decisive only),COMPATIBILITY_ONLY_NOT_PRODUCTION,1213.4443,1182.5396,-62.4732,122,59,0.05148420,,0.05148420,0.05148420,62.4732,1213.4443,OK,0.0000,-2.4989,4.0000,96.0000,AG03-UNRESOLVED,ALL5_LEVELS_bet23_to_bet27,-2.4989,-2.4989,-2.4989,-3.1237,-3.1237,4.000000,4.000000,4.000000,5.000000,5.000000,96.000000,96.000000,96.000000,95.000000,95.000000,5.0,-13.7441,-12.59,-48.7291,-49.8832,PENDING_AG03,FALSE,NOT_FOR_ENFORCEMENT,-59.9743,1135.2380,-62.4732,-59.9743,-2.4989,-0.05148420,-0.04942483,-2.4989,-59.9743,-0.04942483,-2.4989,-2.4989,-2.4989,-3.1237,-3.1237,-59.9743,-0.04942483,-13.7441,-12.59,-48.7291,-49.8832,-0.04015768,-0.04110881,-0.00205937,9.9463,20.0430,-1.0589,-12.4946,-4.4624,242.6889,11.8000,,9.9463,4.6288,5.1891,12.8578,25.9457,26.776,42.551,5.1891,-2.854,5.16,8.199997,1.916745,9,15,5,8,0E-8,-0.05148420,,0E-8,0.000000,0.974531,0.000000,,2026-05-15,2026-06-18,5,14,14,35,0.142857,,,0.000000,,,,,,,,GLOBAL_BASELINE_NO_ENTITY_RANKING,,,NOT_APPLICABLE_GLOBAL_BASELINE,HF9g-P5,,,,X 全窗基线 · 不参与实体赏罚,3920661,393,A168_HF9F_20260827_0900,2026-08-27 09:00:00
2026-05-15,150074409,2244,0,220.0197187485,129.7545534741,129.7545534741,0.8333333,17,6,0.40100010160306626,0.263797655556,2.160770434337999,3.165647081511316,2.160770434337999,0.13720244604706626,ELIGIBLE,R03b_20260811_FULL_v1,L1_ELIGIBILITY,v2026-08-11,2026-03-21..2026-08-06,baccarat_bet02_101_all_pairs_incl_sentinel,round_win = game_pnl > 0 (decisive only),COMPATIBILITY_ONLY_NOT_PRODUCTION,1213.4443,1182.5396,-62.4732,122,59,0.05148420,,0.05148420,0.05148420,62.4732,1213.4443,OK,0.0000,-2.4989,4.0000,96.0000,AG03-UNRESOLVED,ALL5_LEVELS_bet23_to_bet27,-2.4989,-2.4989,-2.4989,-3.1237,-3.1237,4.000000,4.000000,4.000000,5.000000,5.000000,96.000000,96.000000,96.000000,95.000000,95.000000,5.0,-13.7441,-12.59,-48.7291,-49.8832,PENDING_AG03,FALSE,NOT_FOR_ENFORCEMENT,-59.9743,1135.2380,-62.4732,-59.9743,-2.4989,-0.05148420,-0.04942483,-2.4989,-59.9743,-0.04942483,-2.4989,-2.4989,-2.4989,-3.1237,-3.1237,-59.9743,-0.04942483,-13.7441,-12.59,-48.7291,-49.8832,-0.04015768,-0.04110881,-0.00205937,9.9463,20.0430,-1.0589,-12.4946,-4.4624,242.6889,11.8000,,9.9463,4.6288,5.1891,12.8578,25.9457,26.776,42.551,5.1891,-2.854,5.16,8.199997,1.916745,9,15,5,8,0E-8,-0.05148420,,0E-8,0.000000,0.974531,0.000000,,2026-05-15,2026-06-18,5,14,14,35,0.142857,,,0.000000,,,,,,,,GLOBAL_BASELINE_NO_ENTITY_RANKING,,,NOT_APPLICABLE_GLOBAL_BASELINE,HF9g-P5,,,,X 全窗基线 · 不参与实体赏罚,3920662,393,A168_HF9F_20260827_0900,2026-08-27 09:00:00
2026-05-15,150074409,789,0,4.6702298791,-4.6702298791,-4.6702298791,0E-7,1,1,0.50665070000000000,0.506650700000,-1.013391052207602,-1.013391052207602,-1.013391052207602,0E-17,ELIGIBLE,R03b_20260811_FULL_v1,L1_ELIGIBILITY,v2026-08-11,2026-03-21..2026-08-06,baccarat_bet02_101_all_pairs_incl_sentinel,round_win = game_pnl > 0 (decisive only),COMPATIBILITY_ONLY_NOT_PRODUCTION,1213.4443,1182.5396,-62.4732,122,59,0.05148420,,0.05148420,0.05148420,62.4732,1213.4443,OK,0.0000,-2.4989,4.0000,96.0000,AG03-UNRESOLVED,ALL5_LEVELS_bet23_to_bet27,-2.4989,-2.4989,-2.4989,-3.1237,-3.1237,4.000000,4.000000,4.000000,5.000000,5.000000,96.000000,96.000000,96.000000,95.000000,95.000000,5.0,-13.7441,-12.59,-48.7291,-49.8832,PENDING_AG03,FALSE,NOT_FOR_ENFORCEMENT,-59.9743,1135.2380,-62.4732,-59.9743,-2.4989,-0.05148420,-0.04942483,-2.4989,-59.9743,-0.04942483,-2.4989,-2.4989,-2.4989,-3.1237,-3.1237,-59.9743,-0.04942483,-13.7441,-12.59,-48.7291,-49.8832,-0.04015768,-0.04110881,-0.00205937,9.9463,20.0430,-1.0589,-12.4946,-4.4624,242.6889,11.8000,,9.9463,4.6288,5.1891,12.8578,25.9457,26.776,42.551,5.1891,-2.854,5.16,8.199997,1.916745,9,15,5,8,0E-8,-0.05148420,,0E-8,0.000000,0.974531,0.000000,,2026-05-15,2026-06-18,5,14,14,35,0.142857,,,0.000000,,,,,,,,GLOBAL_BASELINE_NO_ENTITY_RANKING,,,NOT_APPLICABLE_GLOBAL_BASELINE,HF9g-P5,,,,X 全窗基线 · 不参与实体赏罚,3920663,393,A168_HF9F_20260827_0900,2026-08-27 09:00:00
2026-05-16,150074409,529,0,103.0045145559,-51.7617144935,-51.7617144935,0.2000000,14,6,0.40780569208339554,0.362199715278,-0.9455482288670572,-0.7546032702919504,-0.9455482288670572,0.04560597680539554,ELIGIBLE,R03b_20260811_FULL_v1,L1_ELIGIBILITY,v2026-08-11,2026-03-21..2026-08-06,baccarat_bet02_101_all_pairs_incl_sentinel,round_win = game_pnl > 0 (decisive only),COMPATIBILITY_ONLY_NOT_PRODUCTION,1213.4443,1182.5396,-62.4732,122,59,0.05148420,,0.05148420,0.05148420,62.4732,1213.4443,OK,0.0000,-2.4989,4.0000,96.0000,AG03-UNRESOLVED,ALL5_LEVELS_bet23_to_bet27,-2.4989,-2.4989,-2.4989,-3.1237,-3.1237,4.000000,4.000000,4.000000,5.000000,5.000000,96.000000,96.000000,96.000000,95.000000,95.000000,5.0,-13.7441,-12.59,-48.7291,-49.8832,PENDING_AG03,FALSE,NOT_FOR_ENFORCEMENT,-59.9743,1135.2380,-62.4732,-59.9743,-2.4989,-0.05148420,-0.04942483,-2.4989,-59.9743,-0.04942483,-2.4989,-2.4989,-2.4989,-3.1237,-3.1237,-59.9743,-0.04942483,-13.7441,-12.59,-48.7291,-49.8832,-0.04015768,-0.04110881,-0.00205937,9.9463,20.0430,-1.0589,-12.4946,-4.4624,242.6889,11.8000,,9.9463,4.6288,5.1891,12.8578,25.9457,26.776,42.551,5.1891,-2.854,5.16,8.199997,1.916745,9,15,5,8,0E-8,-0.05148420,,0E-8,0.000000,0.974531,0.000000,,2026-05-15,2026-06-18,5,14,14,35,0.142857,,,0.000000,,,,,,,,GLOBAL_BASELINE_NO_ENTITY_RANKING,,,NOT_APPLICABLE_GLOBAL_BASELINE,HF9g-P5,,,,X 全窗基线 · 不参与实体赏罚,3920664,393,A168_HF9F_20260827_0900,2026-08-27 09:00:00
2026-05-29,150074409,1318,0,8.5620881117,-2.8540293705,-2.8540293705,0.5000000,2,2,0.49324550000000000,0.493245500000,0.01910635448239258,0.01910635448239258,0.01910635448239258,0E-17,ELIGIBLE,R03b_20260811_FULL_v1,L1_ELIGIBILITY,v2026-08-11,2026-03-21..2026-08-06,baccarat_bet02_101_all_pairs_incl_sentinel,round_win = game_pnl > 0 (decisive only),COMPATIBILITY_ONLY_NOT_PRODUCTION,1213.4443,1182.5396,-62.4732,122,59,0.05148420,,0.05148420,0.05148420,62.4732,1213.4443,OK,0.0000,-2.4989,4.0000,96.0000,AG03-UNRESOLVED,ALL5_LEVELS_bet23_to_bet27,-2.4989,-2.4989,-2.4989,-3.1237,-3.1237,4.000000,4.000000,4.000000,5.000000,5.000000,96.000000,96.000000,96.000000,95.000000,95.000000,5.0,-13.7441,-12.59,-48.7291,-49.8832,PENDING_AG03,FALSE,NOT_FOR_ENFORCEMENT,-59.9743,1135.2380,-62.4732,-59.9743,-2.4989,-0.05148420,-0.04942483,-2.4989,-59.9743,-0.04942483,-2.4989,-2.4989,-2.4989,-3.1237,-3.1237,-59.9743,-0.04942483,-13.7441,-12.59,-48.7291,-49.8832,-0.04015768,-0.04110881,-0.00205937,9.9463,20.0430,-1.0589,-12.4946,-4.4624,242.6889,11.8000,,9.9463,4.6288,5.1891,12.8578,25.9457,26.776,42.551,5.1891,-2.854,5.16,8.199997,1.916745,9,15,5,8,0E-8,-0.05148420,,0E-8,0.000000,0.974531,0.000000,,2026-05-15,2026-06-18,5,14,14,35,0.142857,,,0.000000,,,,,,,,GLOBAL_BASELINE_NO_ENTITY_RANKING,,,NOT_APPLICABLE_GLOBAL_BASELINE,HF9g-P5,,,,X 全窗基线 · 不参与实体赏罚,3920665,393,A168_HF9F_20260827_0900,2026-08-27 09:00:00
2026-06-05,150074409,1490,0,13.1149227248,-13.1149227248,-13.1149227248,0E-7,1,1,0.50665070000000000,0.506650700000,-1.013391052207602,-1.013391052207602,-1.013391052207602,0E-17,ELIGIBLE,R03b_20260811_FULL_v1,L1_ELIGIBILITY,v2026-08-11,2026-03-21..2026-08-06,baccarat_bet02_101_all_pairs_incl_sentinel,round_win = game_pnl > 0 (decisive only),COMPATIBILITY_ONLY_NOT_PRODUCTION,1213.4443,1182.5396,-62.4732,122,59,0.05148420,,0.05148420,0.05148420,62.4732,1213.4443,OK,0.0000,-2.4989,4.0000,96.0000,AG03-UNRESOLVED,ALL5_LEVELS_bet23_to_bet27,-2.4989,-2.4989,-2.4989,-3.1237,-3.1237,4.000000,4.000000,4.000000,5.000000,5.000000,96.000000,96.000000,96.000000,95.000000,95.000000,5.0,-13.7441,-12.59,-48.7291,-49.8832,PENDING_AG03,FALSE,NOT_FOR_ENFORCEMENT,-59.9743,1135.2380,-62.4732,-59.9743,-2.4989,-0.05148420,-0.04942483,-2.4989,-59.9743,-0.04942483,-2.4989,-2.4989,-2.4989,-3.1237,-3.1237,-59.9743,-0.04942483,-13.7441,-12.59,-48.7291,-49.8832,-0.04015768,-0.04110881,-0.00205937,9.9463,20.0430,-1.0589,-12.4946,-4.4624,242.6889,11.8000,,9.9463,4.6288,5.1891,12.8578,25.9457,26.776,42.551,5.1891,-2.854,5.16,8.199997,1.916745,9,15,5,8,0E-8,-0.05148420,,0E-8,0.000000,0.974531,0.000000,,2026-05-15,2026-06-18,5,14,14,35,0.142857,,,0.000000,,,,,,,,GLOBAL_BASELINE_NO_ENTITY_RANKING,,,NOT_APPLICABLE_GLOBAL_BASELINE,HF9g-P5,,,,X 全窗基线 · 不参与实体赏罚,3920666,393,A168_HF9F_20260827_0900,2026-08-27 09:00:00
2026-06-05,150074409,1505,0,5.6574176460,-5.6574176460,-5.6574176460,0E-7,1,1,0.49324550000000000,0.493245500000,-0.9865810262130424,-0.9865810262130424,-0.9865810262130424,0E-17,ELIGIBLE,R03b_20260811_FULL_v1,L1_ELIGIBILITY,v2026-08-11,2026-03-21..2026-08-06,baccarat_bet02_101_all_pairs_incl_sentinel,round_win = game_pnl > 0 (decisive only),COMPATIBILITY_ONLY_NOT_PRODUCTION,1213.4443,1182.5396,-62.4732,122,59,0.05148420,,0.05148420,0.05148420,62.4732,1213.4443,OK,0.0000,-2.4989,4.0000,96.0000,AG03-UNRESOLVED,ALL5_LEVELS_bet23_to_bet27,-2.4989,-2.4989,-2.4989,-3.1237,-3.1237,4.000000,4.000000,4.000000,5.000000,5.000000,96.000000,96.000000,96.000000,95.000000,95.000000,5.0,-13.7441,-12.59,-48.7291,-49.8832,PENDING_AG03,FALSE,NOT_FOR_ENFORCEMENT,-59.9743,1135.2380,-62.4732,-59.9743,-2.4989,-0.05148420,-0.04942483,-2.4989,-59.9743,-0.04942483,-2.4989,-2.4989,-2.4989,-3.1237,-3.1237,-59.9743,-0.04942483,-13.7441,-12.59,-48.7291,-49.8832,-0.04015768,-0.04110881,-0.00205937,9.9463,20.0430,-1.0589,-12.4946,-4.4624,242.6889,11.8000,,9.9463,4.6288,5.1891,12.8578,25.9457,26.776,42.551,5.1891,-2.854,5.16,8.199997,1.916745,9,15,5,8,0E-8,-0.05148420,,0E-8,0.000000,0.974531,0.000000,,2026-05-15,2026-06-18,5,14,14,35,0.142857,,,0.000000,,,,,,,,GLOBAL_BASELINE_NO_ENTITY_RANKING,,,NOT_APPLICABLE_GLOBAL_BASELINE,HF9g-P5,,,,X 全窗基线 · 不参与实体赏罚,3920667,393,A168_HF9F_20260827_0900,2026-08-27 09:00:00
2026-06-05,150074409,2153,0,162.7793349965,-8.2675444236,-8.2675444236,0.7777778,18,9,0.43199198318067868,0.348277907407,2.094176714089384,2.7045194367869088,2.094176714089384,0.08371407577367868,ELIGIBLE,R03b_20260811_FULL_v1,L1_ELIGIBILITY,v2026-08-11,2026-03-21..2026-08-06,baccarat_bet02_101_all_pairs_incl_sentinel,round_win = game_pnl > 0 (decisive only),COMPATIBILITY_ONLY_NOT_PRODUCTION,1213.4443,1182.5396,-62.4732,122,59,0.05148420,,0.05148420,0.05148420,62.4732,1213.4443,OK,0.0000,-2.4989,4.0000,96.0000,AG03-UNRESOLVED,ALL5_LEVELS_bet23_to_bet27,-2.4989,-2.4989,-2.4989,-3.1237,-3.1237,4.000000,4.000000,4.000000,5.000000,5.000000,96.000000,96.000000,96.000000,95.000000,95.000000,5.0,-13.7441,-12.59,-48.7291,-49.8832,PENDING_AG03,FALSE,NOT_FOR_ENFORCEMENT,-59.9743,1135.2380,-62.4732,-59.9743,-2.4989,-0.05148420,-0.04942483,-2.4989,-59.9743,-0.04942483,-2.4989,-2.4989,-2.4989,-3.1237,-3.1237,-59.9743,-0.04942483,-13.7441,-12.59,-48.7291,-49.8832,-0.04015768,-0.04110881,-0.00205937,9.9463,20.0430,-1.0589,-12.4946,-4.4624,242.6889,11.8000,,9.9463,4.6288,5.1891,12.8578,25.9457,26.776,42.551,5.1891,-2.854,5.16,8.199997,1.916745,9,15,5,8,0E-8,-0.05148420,,0E-8,0.000000,0.974531,0.000000,,2026-05-15,2026-06-18,5,14,14,35,0.142857,,,0.000000,,,,,,,,GLOBAL_BASELINE_NO_ENTITY_RANKING,,,NOT_APPLICABLE_GLOBAL_BASELINE,HF9g-P5,,,,X 全窗基线 · 不参与实体赏罚,3920668,393,A168_HF9F_20260827_0900,2026-08-27 09:00:00
2026-06-05,150074409,2196,0,10.2862139019,-2.5715534754,-2.5715534754,0E-7,3,2,0.35372576666757092,0.388605700000,-0.739818058054899,-0.7972488298415954,-0.739818058054899,-0.03487993333242908,ELIGIBLE,R03b_20260811_FULL_v1,L1_ELIGIBILITY,v2026-08-11,2026-03-21..2026-08-06,baccarat_bet02_101_all_pairs_incl_sentinel,round_win = game_pnl > 0 (decisive only),COMPATIBILITY_ONLY_NOT_PRODUCTION,1213.4443,1182.5396,-62.4732,122,59,0.05148420,,0.05148420,0.05148420,62.4732,1213.4443,OK,0.0000,-2.4989,4.0000,96.0000,AG03-UNRESOLVED,ALL5_LEVELS_bet23_to_bet27,-2.4989,-2.4989,-2.4989,-3.1237,-3.1237,4.000000,4.000000,4.000000,5.000000,5.000000,96.000000,96.000000,96.000000,95.000000,95.000000,5.0,-13.7441,-12.59,-48.7291,-49.8832,PENDING_AG03,FALSE,NOT_FOR_ENFORCEMENT,-59.9743,1135.2380,-62.4732,-59.9743,-2.4989,-0.05148420,-0.04942483,-2.4989,-59.9743,-0.04942483,-2.4989,-2.4989,-2.4989,-3.1237,-3.1237,-59.9743,-0.04942483,-13.7441,-12.59,-48.7291,-49.8832,-0.04015768,-0.04110881,-0.00205937,9.9463,20.0430,-1.0589,-12.4946,-4.4624,242.6889,11.8000,,9.9463,4.6288,5.1891,12.8578,25.9457,26.776,42.551,5.1891,-2.854,5.16,8.199997,1.916745,9,15,5,8,0E-8,-0.05148420,,0E-8,0.000000,0.974531,0.000000,,2026-05-15,2026-06-18,5,14,14,35,0.142857,,,0.000000,,,,,,,,GLOBAL_BASELINE_NO_ENTITY_RANKING,,,NOT_APPLICABLE_GLOBAL_BASELINE,HF9g-P5,,,,X 全窗基线 · 不参与实体赏罚,3920669,393,A168_HF9F_20260827_0900,2026-08-27 09:00:00
2026-06-05,150074409,2267,0,94.6331678969,59.9429115127,59.9429115127,0.6000000,12,6,0.40926290419568634,0.339836729167,0.8674048681345937,1.2282029879260745,0.8674048681345937,0.06942617502868634,ELIGIBLE,R03b_20260811_FULL_v1,L1_ELIGIBILITY,v2026-08-11,2026-03-21..2026-08-06,baccarat_bet02_101_all_pairs_incl_sentinel,round_win = game_pnl > 0 (decisive only),COMPATIBILITY_ONLY_NOT_PRODUCTION,1213.4443,1182.5396,-62.4732,122,59,0.05148420,,0.05148420,0.05148420,62.4732,1213.4443,OK,0.0000,-2.4989,4.0000,96.0000,AG03-UNRESOLVED,ALL5_LEVELS_bet23_to_bet27,-2.4989,-2.4989,-2.4989,-3.1237,-3.1237,4.000000,4.000000,4.000000,5.000000,5.000000,96.000000,96.000000,96.000000,95.000000,95.000000,5.0,-13.7441,-12.59,-48.7291,-49.8832,PENDING_AG03,FALSE,NOT_FOR_ENFORCEMENT,-59.9743,1135.2380,-62.4732,-59.9743,-2.4989,-0.05148420,-0.04942483,-2.4989,-59.9743,-0.04942483,-2.4989,-2.4989,-2.4989,-3.1237,-3.1237,-59.9743,-0.04942483,-13.7441,-12.59,-48.7291,-49.8832,-0.04015768,-0.04110881,-0.00205937,9.9463,20.0430,-1.0589,-12.4946,-4.4624,242.6889,11.8000,,9.9463,4.6288,5.1891,12.8578,25.9457,26.776,42.551,5.1891,-2.854,5.16,8.199997,1.916745,9,15,5,8,0E-8,-0.05148420,,0E-8,0.000000,0.974531,0.000000,,2026-05-15,2026-06-18,5,14,14,35,0.142857,,,0.000000,,,,,,,,GLOBAL_BASELINE_NO_ENTITY_RANKING,,,NOT_APPLICABLE_GLOBAL_BASELINE,HF9g-P5,,,,X 全窗基线 · 不参与实体赏罚,3920670,393,A168_HF9F_20260827_0900,2026-08-27 09:00:00
2026-06-18,150074409,2271,0,36.5160593515,-6.6860390363,-6.6860390363,0.6000000,8,5,0.41534285939274349,0.368286010000,0.8379094821488139,1.0741981484300003,0.8379094821488139,0.04705684939274349,ELIGIBLE,R03b_20260811_FULL_v1,L1_ELIGIBILITY,v2026-08-11,2026-03-21..2026-08-06,baccarat_bet02_101_all_pairs_incl_sentinel,round_win = game_pnl > 0 (decisive only),COMPATIBILITY_ONLY_NOT_PRODUCTION,1213.4443,1182.5396,-62.4732,122,59,0.05148420,,0.05148420,0.05148420,62.4732,1213.4443,OK,0.0000,-2.4989,4.0000,96.0000,AG03-UNRESOLVED,ALL5_LEVELS_bet23_to_bet27,-2.4989,-2.4989,-2.4989,-3.1237,-3.1237,4.000000,4.000000,4.000000,5.000000,5.000000,96.000000,96.000000,96.000000,95.000000,95.000000,5.0,-13.7441,-12.59,-48.7291,-49.8832,PENDING_AG03,FALSE,NOT_FOR_ENFORCEMENT,-59.9743,1135.2380,-62.4732,-59.9743,-2.4989,-0.05148420,-0.04942483,-2.4989,-59.9743,-0.04942483,-2.4989,-2.4989,-2.4989,-3.1237,-3.1237,-59.9743,-0.04942483,-13.7441,-12.59,-48.7291,-49.8832,-0.04015768,-0.04110881,-0.00205937,9.9463,20.0430,-1.0589,-12.4946,-4.4624,242.6889,11.8000,,9.9463,4.6288,5.1891,12.8578,25.9457,26.776,42.551,5.1891,-2.854,5.16,8.199997,1.916745,9,15,5,8,0E-8,-0.05148420,,0E-8,0.000000,0.974531,0.000000,,2026-05-15,2026-06-18,5,14,14,35,0.142857,,,0.000000,,,,,,,,GLOBAL_BASELINE_NO_ENTITY_RANKING,,,NOT_APPLICABLE_GLOBAL_BASELINE,HF9g-P5,,,,X 全窗基线 · 不参与实体赏罚,3920671,393,A168_HF9F_20260827_0900,2026-08-27 09:00:00
2026-05-10,98276384,2174,0,511.1307145470,-181.6200508551,-181.6200508551,0.3846154,52,13,0.37408856295817916,0.197991686337,0.07843777800822653,1.6885952186528985,0.07843777800822653,0.17609687662117916,ELIGIBLE,R03b_20260811_FULL_v1,L1_ELIGIBILITY,v2026-08-11,2026-03-21..2026-08-06,baccarat_bet02_101_all_pairs_incl_sentinel,round_win = game_pnl > 0 (decisive only),COMPATIBILITY_ONLY_NOT_PRODUCTION,7865.6988,7482.3798,-62.4721,708,210,0.00794234,0.12197996,-0.00130582,0.00794234,62.4721,7865.6988,OK,0.0000,-2.4989,4.0000,96.0000,AG03-UNRESOLVED,ALL5_LEVELS_bet23_to_bet27,-2.4989,-2.4989,-2.4989,-3.1236,-3.1236,4.000000,4.000000,4.000000,5.000000,5.000000,96.000000,96.000000,96.000000,95.000000,95.000000,5.0,-13.7439,-12.5897,-48.7282,-49.8823,PENDING_AG03,FALSE,NOT_FOR_ENFORCEMENT,-59.9732,7183.0846,-62.4721,-59.9732,-2.4989,-0.00794234,-0.00762465,-2.4989,-59.9732,-0.00762465,-2.4989,-2.4989,-2.4989,-3.1236,-3.1236,-59.9732,-0.00762465,-13.7439,-12.5897,-48.7282,-49.8823,-0.00619503,-0.00634175,-0.00031769,11.1097,35.6304,-0.2975,-5.6793,-2.1542,715.0635,19.0909,10.5364,11.1590,2.5716,2.5818,7.7453,21.8582,36.2925,190.5859,2.5818,-2.5818,14.057172,73.819639,4.303137,14,28,11,8,0.07501405,-0.00794234,-0.12197996,0E-8,0.000000,0.951267,0.000000,0.12328578,2026-05-10,2026-08-02,11,29,25,85,0.129412,0.944207,0.948392,0.250047,,,,,,,,GLOBAL_BASELINE_NO_ENTITY_RANKING,,,NOT_APPLICABLE_GLOBAL_BASELINE,HF9g-P5,,,,X 全窗基线 · 不参与实体赏罚,3920672,393,A168_HF9F_20260827_0900,2026-08-27 09:00:00
2026-06-08,98276384,1094,0,41.6591663024,-20.8295831512,-20.8295831512,0E-7,2,2,0.50665070000000000,0.506650700000,-1.013391052207602,-1.013391052207602,-1.013391052207602,0E-17,ELIGIBLE,R03b_20260811_FULL_v1,L1_ELIGIBILITY,v2026-08-11,2026-03-21..2026-08-06,baccarat_bet02_101_all_pairs_incl_sentinel,round_win = game_pnl > 0 (decisive only),COMPATIBILITY_ONLY_NOT_PRODUCTION,7865.6988,7482.3798,-62.4721,708,210,0.00794234,0.12197996,-0.00130582,0.00794234,62.4721,7865.6988,OK,0.0000,-2.4989,4.0000,96.0000,AG03-UNRESOLVED,ALL5_LEVELS_bet23_to_bet27,-2.4989,-2.4989,-2.4989,-3.1236,-3.1236,4.000000,4.000000,4.000000,5.000000,5.000000,96.000000,96.000000,96.000000,95.000000,95.000000,5.0,-13.7439,-12.5897,-48.7282,-49.8823,PENDING_AG03,FALSE,NOT_FOR_ENFORCEMENT,-59.9732,7183.0846,-62.4721,-59.9732,-2.4989,-0.00794234,-0.00762465,-2.4989,-59.9732,-0.00762465,-2.4989,-2.4989,-2.4989,-3.1236,-3.1236,-59.9732,-0.00762465,-13.7439,-12.5897,-48.7282,-49.8823,-0.00619503,-0.00634175,-0.00031769,11.1097,35.6304,-0.2975,-5.6793,-2.1542,715.0635,19.0909,10.5364,11.1590,2.5716,2.5818,7.7453,21.8582,36.2925,190.5859,2.5818,-2.5818,14.057172,73.819639,4.303137,14,28,11,8,0.07501405,-0.00794234,-0.12197996,0E-8,0.000000,0.951267,0.000000,0.12328578,2026-05-10,2026-08-02,11,29,25,85,0.129412,0.944207,0.948392,0.250047,,,,,,,,GLOBAL_BASELINE_NO_ENTITY_RANKING,,,NOT_APPLICABLE_GLOBAL_BASELINE,HF9g-P5,,,,X 全窗基线 · 不参与实体赏罚,3920673,393,A168_HF9F_20260827_0900,2026-08-27 09:00:00
2026-06-13,98276384,1078,0,128.5776737730,-128.5776737730,-128.5776737730,0E-7,7,3,0.40885801428477669,0.296341366667,-1.440459266770777,-1.1240244464743885,-1.440459266770777,0.11251664761777669,ELIGIBLE,R03b_20260811_FULL_v1,L1_ELIGIBILITY,v2026-08-11,2026-03-21..2026-08-06,baccarat_bet02_101_all_pairs_incl_sentinel,round_win = game_pnl > 0 (decisive only),COMPATIBILITY_ONLY_NOT_PRODUCTION,7865.6988,7482.3798,-62.4721,708,210,0.00794234,0.12197996,-0.00130582,0.00794234,62.4721,7865.6988,OK,0.0000,-2.4989,4.0000,96.0000,AG03-UNRESOLVED,ALL5_LEVELS_bet23_to_bet27,-2.4989,-2.4989,-2.4989,-3.1236,-3.1236,4.000000,4.000000,4.000000,5.000000,5.000000,96.000000,96.000000,96.000000,95.000000,95.000000,5.0,-13.7439,-12.5897,-48.7282,-49.8823,PENDING_AG03,FALSE,NOT_FOR_ENFORCEMENT,-59.9732,7183.0846,-62.4721,-59.9732,-2.4989,-0.00794234,-0.00762465,-2.4989,-59.9732,-0.00762465,-2.4989,-2.4989,-2.4989,-3.1236,-3.1236,-59.9732,-0.00762465,-13.7439,-12.5897,-48.7282,-49.8823,-0.00619503,-0.00634175,-0.00031769,11.1097,35.6304,-0.2975,-5.6793,-2.1542,715.0635,19.0909,10.5364,11.1590,2.5716,2.5818,7.7453,21.8582,36.2925,190.5859,2.5818,-2.5818,14.057172,73.819639,4.303137,14,28,11,8,0.07501405,-0.00794234,-0.12197996,0E-8,0.000000,0.951267,0.000000,0.12328578,2026-05-10,2026-08-02,11,29,25,85,0.129412,0.944207,0.948392,0.250047,,,,,,,,GLOBAL_BASELINE_NO_ENTITY_RANKING,,,NOT_APPLICABLE_GLOBAL_BASELINE,HF9g-P5,,,,X 全窗基线 · 不参与实体赏罚,3920674,393,A168_HF9F_20260827_0900,2026-08-27 09:00:00
2026-06-13,98276384,1210,0,244.2975801693,71.2320312691,71.2320312691,0.7692308,35,14,0.43627434983664471,0.356973187143,2.420724304384735,3.102472840574947,2.420724304384735,0.07930116269364471,ELIGIBLE,R03b_20260811_FULL_v1,L1_ELIGIBILITY,v2026-08-11,2026-03-21..2026-08-06,baccarat_bet02_101_all_pairs_incl_sentinel,round_win = game_pnl > 0 (decisive only),COMPATIBILITY_ONLY_NOT_PRODUCTION,7865.6988,7482.3798,-62.4721,708,210,0.00794234,0.12197996,-0.00130582,0.00794234,62.4721,7865.6988,OK,0.0000,-2.4989,4.0000,96.0000,AG03-UNRESOLVED,ALL5_LEVELS_bet23_to_bet27,-2.4989,-2.4989,-2.4989,-3.1236,-3.1236,4.000000,4.000000,4.000000,5.000000,5.000000,96.000000,96.000000,96.000000,95.000000,95.000000,5.0,-13.7439,-12.5897,-48.7282,-49.8823,PENDING_AG03,FALSE,NOT_FOR_ENFORCEMENT,-59.9732,7183.0846,-62.4721,-59.9732,-2.4989,-0.00794234,-0.00762465,-2.4989,-59.9732,-0.00762465,-2.4989,-2.4989,-2.4989,-3.1236,-3.1236,-59.9732,-0.00762465,-13.7439,-12.5897,-48.7282,-49.8823,-0.00619503,-0.00634175,-0.00031769,11.1097,35.6304,-0.2975,-5.6793,-2.1542,715.0635,19.0909,10.5364,11.1590,2.5716,2.5818,7.7453,21.8582,36.2925,190.5859,2.5818,-2.5818,14.057172,73.819639,4.303137,14,28,11,8,0.07501405,-0.00794234,-0.12197996,0E-8,0.000000,0.951267,0.000000,0.12328578,2026-05-10,2026-08-02,11,29,25,85,0.129412,0.944207,0.948392,0.250047,,,,,,,,GLOBAL_BASELINE_NO_ENTITY_RANKING,,,NOT_APPLICABLE_GLOBAL_BASELINE,HF9g-P5,,,,X 全窗基线 · 不参与实体赏罚,3920675,393,A168_HF9F_20260827_0900,2026-08-27 09:00:00
2026-06-13,98276384,1374,0,2.5715534755,-2.5715534755,-2.5715534755,0E-7,1,1,0.50665070000000000,0.506650700000,-1.013391052207602,-1.013391052207602,-1.013391052207602,0E-17,ELIGIBLE,R03b_20260811_FULL_v1,L1_ELIGIBILITY,v2026-08-11,2026-03-21..2026-08-06,baccarat_bet02_101_all_pairs_incl_sentinel,round_win = game_pnl > 0 (decisive only),COMPATIBILITY_ONLY_NOT_PRODUCTION,7865.6988,7482.3798,-62.4721,708,210,0.00794234,0.12197996,-0.00130582,0.00794234,62.4721,7865.6988,OK,0.0000,-2.4989,4.0000,96.0000,AG03-UNRESOLVED,ALL5_LEVELS_bet23_to_bet27,-2.4989,-2.4989,-2.4989,-3.1236,-3.1236,4.000000,4.000000,4.000000,5.000000,5.000000,96.000000,96.000000,96.000000,95.000000,95.000000,5.0,-13.7439,-12.5897,-48.7282,-49.8823,PENDING_AG03,FALSE,NOT_FOR_ENFORCEMENT,-59.9732,7183.0846,-62.4721,-59.9732,-2.4989,-0.00794234,-0.00762465,-2.4989,-59.9732,-0.00762465,-2.4989,-2.4989,-2.4989,-3.1236,-3.1236,-59.9732,-0.00762465,-13.7439,-12.5897,-48.7282,-49.8823,-0.00619503,-0.00634175,-0.00031769,11.1097,35.6304,-0.2975,-5.6793,-2.1542,715.0635,19.0909,10.5364,11.1590,2.5716,2.5818,7.7453,21.8582,36.2925,190.5859,2.5818,-2.5818,14.057172,73.819639,4.303137,14,28,11,8,0.07501405,-0.00794234,-0.12197996,0E-8,0.000000,0.951267,0.000000,0.12328578,2026-05-10,2026-08-02,11,29,25,85,0.129412,0.944207,0.948392,0.250047,,,,,,,,GLOBAL_BASELINE_NO_ENTITY_RANKING,,,NOT_APPLICABLE_GLOBAL_BASELINE,HF9g-P5,,,,X 全窗基线 · 不参与实体赏罚,3920676,393,A168_HF9F_20260827_0900,2026-08-27 09:00:00
2026-06-13,98276384,1994,0,23.1439812791,21.9867822151,21.9867822151,1.0000000,2,2,0.50665070000000000,0.506650700000,1.3955260008387969,1.3955260008387969,1.3955260008387969,0E-17,ELIGIBLE,R03b_20260811_FULL_v1,L1_ELIGIBILITY,v2026-08-11,2026-03-21..2026-08-06,baccarat_bet02_101_all_pairs_incl_sentinel,round_win = game_pnl > 0 (decisive only),COMPATIBILITY_ONLY_NOT_PRODUCTION,7865.6988,7482.3798,-62.4721,708,210,0.00794234,0.12197996,-0.00130582,0.00794234,62.4721,7865.6988,OK,0.0000,-2.4989,4.0000,96.0000,AG03-UNRESOLVED,ALL5_LEVELS_bet23_to_bet27,-2.4989,-2.4989,-2.4989,-3.1236,-3.1236,4.000000,4.000000,4.000000,5.000000,5.000000,96.000000,96.000000,96.000000,95.000000,95.000000,5.0,-13.7439,-12.5897,-48.7282,-49.8823,PENDING_AG03,FALSE,NOT_FOR_ENFORCEMENT,-59.9732,7183.0846,-62.4721,-59.9732,-2.4989,-0.00794234,-0.00762465,-2.4989,-59.9732,-0.00762465,-2.4989,-2.4989,-2.4989,-3.1236,-3.1236,-59.9732,-0.00762465,-13.7439,-12.5897,-48.7282,-49.8823,-0.00619503,-0.00634175,-0.00031769,11.1097,35.6304,-0.2975,-5.6793,-2.1542,715.0635,19.0909,10.5364,11.1590,2.5716,2.5818,7.7453,21.8582,36.2925,190.5859,2.5818,-2.5818,14.057172,73.819639,4.303137,14,28,11,8,0.07501405,-0.00794234,-0.12197996,0E-8,0.000000,0.951267,0.000000,0.12328578,2026-05-10,2026-08-02,11,29,25,85,0.129412,0.944207,0.948392,0.250047,,,,,,,,GLOBAL_BASELINE_NO_ENTITY_RANKING,,,NOT_APPLICABLE_GLOBAL_BASELINE,HF9g-P5,,,,X 全窗基线 · 不参与实体赏罚,3920677,393,A168_HF9F_20260827_0900,2026-08-27 09:00:00
2026-06-13,98276384,2141,0,25.2012240595,-25.2012240595,-25.2012240595,0E-7,3,1,0.41837139387614983,0.218271633333,-0.8481215764201163,-0.5284096173047961,-0.8481215764201163,0.20009976054314983,ELIGIBLE,R03b_20260811_FULL_v1,L1_ELIGIBILITY,v2026-08-11,2026-03-21..2026-08-06,baccarat_bet02_101_all_pairs_incl_sentinel,round_win = game_pnl > 0 (decisive only),COMPATIBILITY_ONLY_NOT_PRODUCTION,7865.6988,7482.3798,-62.4721,708,210,0.00794234,0.12197996,-0.00130582,0.00794234,62.4721,7865.6988,OK,0.0000,-2.4989,4.0000,96.0000,AG03-UNRESOLVED,ALL5_LEVELS_bet23_to_bet27,-2.4989,-2.4989,-2.4989,-3.1236,-3.1236,4.000000,4.000000,4.000000,5.000000,5.000000,96.000000,96.000000,96.000000,95.000000,95.000000,5.0,-13.7439,-12.5897,-48.7282,-49.8823,PENDING_AG03,FALSE,NOT_FOR_ENFORCEMENT,-59.9732,7183.0846,-62.4721,-59.9732,-2.4989,-0.00794234,-0.00762465,-2.4989,-59.9732,-0.00762465,-2.4989,-2.4989,-2.4989,-3.1236,-3.1236,-59.9732,-0.00762465,-13.7439,-12.5897,-48.7282,-49.8823,-0.00619503,-0.00634175,-0.00031769,11.1097,35.6304,-0.2975,-5.6793,-2.1542,715.0635,19.0909,10.5364,11.1590,2.5716,2.5818,7.7453,21.8582,36.2925,190.5859,2.5818,-2.5818,14.057172,73.819639,4.303137,14,28,11,8,0.07501405,-0.00794234,-0.12197996,0E-8,0.000000,0.951267,0.000000,0.12328578,2026-05-10,2026-08-02,11,29,25,85,0.129412,0.944207,0.948392,0.250047,,,,,,,,GLOBAL_BASELINE_NO_ENTITY_RANKING,,,NOT_APPLICABLE_GLOBAL_BASELINE,HF9g-P5,,,,X 全窗基线 · 不参与实体赏罚,3920678,393,A168_HF9F_20260827_0900,2026-08-27 09:00:00
2026-06-13,98276384,2167,0,72.0034973127,-61.7172834109,-61.7172834109,0.2500000,4,4,0.49324550000000000,0.493245500000,-0.9730707933947887,-0.9730707933947887,-0.9730707933947887,0E-17,ELIGIBLE,R03b_20260811_FULL_v1,L1_ELIGIBILITY,v2026-08-11,2026-03-21..2026-08-06,baccarat_bet02_101_all_pairs_incl_sentinel,round_win = game_pnl > 0 (decisive only),COMPATIBILITY_ONLY_NOT_PRODUCTION,7865.6988,7482.3798,-62.4721,708,210,0.00794234,0.12197996,-0.00130582,0.00794234,62.4721,7865.6988,OK,0.0000,-2.4989,4.0000,96.0000,AG03-UNRESOLVED,ALL5_LEVELS_bet23_to_bet27,-2.4989,-2.4989,-2.4989,-3.1236,-3.1236,4.000000,4.000000,4.000000,5.000000,5.000000,96.000000,96.000000,96.000000,95.000000,95.000000,5.0,-13.7439,-12.5897,-48.7282,-49.8823,PENDING_AG03,FALSE,NOT_FOR_ENFORCEMENT,-59.9732,7183.0846,-62.4721,-59.9732,-2.4989,-0.00794234,-0.00762465,-2.4989,-59.9732,-0.00762465,-2.4989,-2.4989,-2.4989,-3.1236,-3.1236,-59.9732,-0.00762465,-13.7439,-12.5897,-48.7282,-49.8823,-0.00619503,-0.00634175,-0.00031769,11.1097,35.6304,-0.2975,-5.6793,-2.1542,715.0635,19.0909,10.5364,11.1590,2.5716,2.5818,7.7453,21.8582,36.2925,190.5859,2.5818,-2.5818,14.057172,73.819639,4.303137,14,28,11,8,0.07501405,-0.00794234,-0.12197996,0E-8,0.000000,0.951267,0.000000,0.12328578,2026-05-10,2026-08-02,11,29,25,85,0.129412,0.944207,0.948392,0.250047,,,,,,,,GLOBAL_BASELINE_NO_ENTITY_RANKING,,,NOT_APPLICABLE_GLOBAL_BASELINE,HF9g-P5,,,,X 全窗基线 · 不参与实体赏罚,3920679,393,A168_HF9F_20260827_0900,2026-08-27 09:00:00
2026-06-13,98276384,2246,0,141.1782858032,-74.4464731151,-74.4464731151,0.3750000,23,8,0.37291241365663694,0.241178304167,0.012210175844820422,0.884774371451272,0.012210175844820422,0.13173410948963694,ELIGIBLE,R03b_20260811_FULL_v1,L1_ELIGIBILITY,v2026-08-11,2026-03-21..2026-08-06,baccarat_bet02_101_all_pairs_incl_sentinel,round_win = game_pnl > 0 (decisive only),COMPATIBILITY_ONLY_NOT_PRODUCTION,7865.6988,7482.3798,-62.4721,708,210,0.00794234,0.12197996,-0.00130582,0.00794234,62.4721,7865.6988,OK,0.0000,-2.4989,4.0000,96.0000,AG03-UNRESOLVED,ALL5_LEVELS_bet23_to_bet27,-2.4989,-2.4989,-2.4989,-3.1236,-3.1236,4.000000,4.000000,4.000000,5.000000,5.000000,96.000000,96.000000,96.000000,95.000000,95.000000,5.0,-13.7439,-12.5897,-48.7282,-49.8823,PENDING_AG03,FALSE,NOT_FOR_ENFORCEMENT,-59.9732,7183.0846,-62.4721,-59.9732,-2.4989,-0.00794234,-0.00762465,-2.4989,-59.9732,-0.00762465,-2.4989,-2.4989,-2.4989,-3.1236,-3.1236,-59.9732,-0.00762465,-13.7439,-12.5897,-48.7282,-49.8823,-0.00619503,-0.00634175,-0.00031769,11.1097,35.6304,-0.2975,-5.6793,-2.1542,715.0635,19.0909,10.5364,11.1590,2.5716,2.5818,7.7453,21.8582,36.2925,190.5859,2.5818,-2.5818,14.057172,73.819639,4.303137,14,28,11,8,0.07501405,-0.00794234,-0.12197996,0E-8,0.000000,0.951267,0.000000,0.12328578,2026-05-10,2026-08-02,11,29,25,85,0.129412,0.944207,0.948392,0.250047,,,,,,,,GLOBAL_BASELINE_NO_ENTITY_RANKING,,,NOT_APPLICABLE_GLOBAL_BASELINE,HF9g-P5,,,,X 全窗基线 · 不参与实体赏罚,3920680,393,A168_HF9F_20260827_0900,2026-08-27 09:00:00
2026-06-13,98276384,2258,0,23.1439812791,-15.6221873634,-15.6221873634,0.3333333,3,3,0.50665070000000000,0.506650700000,-0.6004420894325239,-0.6004420894325239,-0.6004420894325239,0E-17,ELIGIBLE,R03b_20260811_FULL_v1,L1_ELIGIBILITY,v2026-08-11,2026-03-21..2026-08-06,baccarat_bet02_101_all_pairs_incl_sentinel,round_win = game_pnl > 0 (decisive only),COMPATIBILITY_ONLY_NOT_PRODUCTION,7865.6988,7482.3798,-62.4721,708,210,0.00794234,0.12197996,-0.00130582,0.00794234,62.4721,7865.6988,OK,0.0000,-2.4989,4.0000,96.0000,AG03-UNRESOLVED,ALL5_LEVELS_bet23_to_bet27,-2.4989,-2.4989,-2.4989,-3.1236,-3.1236,4.000000,4.000000,4.000000,5.000000,5.000000,96.000000,96.000000,96.000000,95.000000,95.000000,5.0,-13.7439,-12.5897,-48.7282,-49.8823,PENDING_AG03,FALSE,NOT_FOR_ENFORCEMENT,-59.9732,7183.0846,-62.4721,-59.9732,-2.4989,-0.00794234,-0.00762465,-2.4989,-59.9732,-0.00762465,-2.4989,-2.4989,-2.4989,-3.1236,-3.1236,-59.9732,-0.00762465,-13.7439,-12.5897,-48.7282,-49.8823,-0.00619503,-0.00634175,-0.00031769,11.1097,35.6304,-0.2975,-5.6793,-2.1542,715.0635,19.0909,10.5364,11.1590,2.5716,2.5818,7.7453,21.8582,36.2925,190.5859,2.5818,-2.5818,14.057172,73.819639,4.303137,14,28,11,8,0.07501405,-0.00794234,-0.12197996,0E-8,0.000000,0.951267,0.000000,0.12328578,2026-05-10,2026-08-02,11,29,25,85,0.129412,0.944207,0.948392,0.250047,,,,,,,,GLOBAL_BASELINE_NO_ENTITY_RANKING,,,NOT_APPLICABLE_GLOBAL_BASELINE,HF9g-P5,,,,X 全窗基线 · 不参与实体赏罚,3920681,393,A168_HF9F_20260827_0900,2026-08-27 09:00:00
2026-06-17,98276384,1017,0,15.4293208529,30.4729086840,30.4729086840,1.0000000,4,1,0.28715169999857739,0.177402200000,1.575588721137622,2.1533482473087826,1.575588721137622,0.10974949999857739,ELIGIBLE,R03b_20260811_FULL_v1,L1_ELIGIBILITY,v2026-08-11,2026-03-21..2026-08-06,baccarat_bet02_101_all_pairs_incl_sentinel,round_win = game_pnl > 0 (decisive only),COMPATIBILITY_ONLY_NOT_PRODUCTION,7865.6988,7482.3798,-62.4721,708,210,0.00794234,0.12197996,-0.00130582,0.00794234,62.4721,7865.6988,OK,0.0000,-2.4989,4.0000,96.0000,AG03-UNRESOLVED,ALL5_LEVELS_bet23_to_bet27,-2.4989,-2.4989,-2.4989,-3.1236,-3.1236,4.000000,4.000000,4.000000,5.000000,5.000000,96.000000,96.000000,96.000000,95.000000,95.000000,5.0,-13.7439,-12.5897,-48.7282,-49.8823,PENDING_AG03,FALSE,NOT_FOR_ENFORCEMENT,-59.9732,7183.0846,-62.4721,-59.9732,-2.4989,-0.00794234,-0.00762465,-2.4989,-59.9732,-0.00762465,-2.4989,-2.4989,-2.4989,-3.1236,-3.1236,-59.9732,-0.00762465,-13.7439,-12.5897,-48.7282,-49.8823,-0.00619503,-0.00634175,-0.00031769,11.1097,35.6304,-0.2975,-5.6793,-2.1542,715.0635,19.0909,10.5364,11.1590,2.5716,2.5818,7.7453,21.8582,36.2925,190.5859,2.5818,-2.5818,14.057172,73.819639,4.303137,14,28,11,8,0.07501405,-0.00794234,-0.12197996,0E-8,0.000000,0.951267,0.000000,0.12328578,2026-05-10,2026-08-02,11,29,25,85,0.129412,0.944207,0.948392,0.250047,,,,,,,,GLOBAL_BASELINE_NO_ENTITY_RANKING,,,NOT_APPLICABLE_GLOBAL_BASELINE,HF9g-P5,,,,X 全窗基线 · 不参与实体赏罚,3920682,393,A168_HF9F_20260827_0900,2026-08-27 09:00:00
2026-06-17,98276384,1307,0,568.3133180794,89.6186386162,89.6186386162,0.5333333,100,15,0.30203892546549966,0.125908935952,1.9510289007433512,4.75648404504821,1.9510289007433512,0.17612998951349966,ELIGIBLE,R03b_20260811_FULL_v1,L1_ELIGIBILITY,v2026-08-11,2026-03-21..2026-08-06,baccarat_bet02_101_all_pairs_incl_sentinel,round_win = game_pnl > 0 (decisive only),COMPATIBILITY_ONLY_NOT_PRODUCTION,7865.6988,7482.3798,-62.4721,708,210,0.00794234,0.12197996,-0.00130582,0.00794234,62.4721,7865.6988,OK,0.0000,-2.4989,4.0000,96.0000,AG03-UNRESOLVED,ALL5_LEVELS_bet23_to_bet27,-2.4989,-2.4989,-2.4989,-3.1236,-3.1236,4.000000,4.000000,4.000000,5.000000,5.000000,96.000000,96.000000,96.000000,95.000000,95.000000,5.0,-13.7439,-12.5897,-48.7282,-49.8823,PENDING_AG03,FALSE,NOT_FOR_ENFORCEMENT,-59.9732,7183.0846,-62.4721,-59.9732,-2.4989,-0.00794234,-0.00762465,-2.4989,-59.9732,-0.00762465,-2.4989,-2.4989,-2.4989,-3.1236,-3.1236,-59.9732,-0.00762465,-13.7439,-12.5897,-48.7282,-49.8823,-0.00619503,-0.00634175,-0.00031769,11.1097,35.6304,-0.2975,-5.6793,-2.1542,715.0635,19.0909,10.5364,11.1590,2.5716,2.5818,7.7453,21.8582,36.2925,190.5859,2.5818,-2.5818,14.057172,73.819639,4.303137,14,28,11,8,0.07501405,-0.00794234,-0.12197996,0E-8,0.000000,0.951267,0.000000,0.12328578,2026-05-10,2026-08-02,11,29,25,85,0.129412,0.944207,0.948392,0.250047,,,,,,,,GLOBAL_BASELINE_NO_ENTITY_RANKING,,,NOT_APPLICABLE_GLOBAL_BASELINE,HF9g-P5,,,,X 全窗基线 · 不参与实体赏罚,3920683,393,A168_HF9F_20260827_0900,2026-08-27 09:00:00
2026-06-17,98276384,1396,0,79.7181577396,21.6010491933,21.6010491933,1.0000000,13,2,0.34495350063925647,0.134422330952,1.9488157666422712,3.588659955757666,1.9488157666422712,0.21053116968725647,ELIGIBLE,R03b_20260811_FULL_v1,L1_ELIGIBILITY,v2026-08-11,2026-03-21..2026-08-06,baccarat_bet02_101_all_pairs_incl_sentinel,round_win = game_pnl > 0 (decisive only),COMPATIBILITY_ONLY_NOT_PRODUCTION,7865.6988,7482.3798,-62.4721,708,210,0.00794234,0.12197996,-0.00130582,0.00794234,62.4721,7865.6988,OK,0.0000,-2.4989,4.0000,96.0000,AG03-UNRESOLVED,ALL5_LEVELS_bet23_to_bet27,-2.4989,-2.4989,-2.4989,-3.1236,-3.1236,4.000000,4.000000,4.000000,5.000000,5.000000,96.000000,96.000000,96.000000,95.000000,95.000000,5.0,-13.7439,-12.5897,-48.7282,-49.8823,PENDING_AG03,FALSE,NOT_FOR_ENFORCEMENT,-59.9732,7183.0846,-62.4721,-59.9732,-2.4989,-0.00794234,-0.00762465,-2.4989,-59.9732,-0.00762465,-2.4989,-2.4989,-2.4989,-3.1236,-3.1236,-59.9732,-0.00762465,-13.7439,-12.5897,-48.7282,-49.8823,-0.00619503,-0.00634175,-0.00031769,11.1097,35.6304,-0.2975,-5.6793,-2.1542,715.0635,19.0909,10.5364,11.1590,2.5716,2.5818,7.7453,21.8582,36.2925,190.5859,2.5818,-2.5818,14.057172,73.819639,4.303137,14,28,11,8,0.07501405,-0.00794234,-0.12197996,0E-8,0.000000,0.951267,0.000000,0.12328578,2026-05-10,2026-08-02,11,29,25,85,0.129412,0.944207,0.948392,0.250047,,,,,,,,GLOBAL_BASELINE_NO_ENTITY_RANKING,,,NOT_APPLICABLE_GLOBAL_BASELINE,HF9g-P5,,,,X 全窗基线 · 不参与实体赏罚,3920684,393,A168_HF9F_20260827_0900,2026-08-27 09:00:00
2026-06-17,98276384,1505,0,104.1479157565,-11.9577236615,-11.9577236615,0.6666667,17,3,0.34490608430826755,0.168820273333,1.1724416984173665,2.3019517805505516,1.1724416984173665,0.17608581097526755,ELIGIBLE,R03b_20260811_FULL_v1,L1_ELIGIBILITY,v2026-08-11,2026-03-21..2026-08-06,baccarat_bet02_101_all_pairs_incl_sentinel,round_win = game_pnl > 0 (decisive only),COMPATIBILITY_ONLY_NOT_PRODUCTION,7865.6988,7482.3798,-62.4721,708,210,0.00794234,0.12197996,-0.00130582,0.00794234,62.4721,7865.6988,OK,0.0000,-2.4989,4.0000,96.0000,AG03-UNRESOLVED,ALL5_LEVELS_bet23_to_bet27,-2.4989,-2.4989,-2.4989,-3.1236,-3.1236,4.000000,4.000000,4.000000,5.000000,5.000000,96.000000,96.000000,96.000000,95.000000,95.000000,5.0,-13.7439,-12.5897,-48.7282,-49.8823,PENDING_AG03,FALSE,NOT_FOR_ENFORCEMENT,-59.9732,7183.0846,-62.4721,-59.9732,-2.4989,-0.00794234,-0.00762465,-2.4989,-59.9732,-0.00762465,-2.4989,-2.4989,-2.4989,-3.1236,-3.1236,-59.9732,-0.00762465,-13.7439,-12.5897,-48.7282,-49.8823,-0.00619503,-0.00634175,-0.00031769,11.1097,35.6304,-0.2975,-5.6793,-2.1542,715.0635,19.0909,10.5364,11.1590,2.5716,2.5818,7.7453,21.8582,36.2925,190.5859,2.5818,-2.5818,14.057172,73.819639,4.303137,14,28,11,8,0.07501405,-0.00794234,-0.12197996,0E-8,0.000000,0.951267,0.000000,0.12328578,2026-05-10,2026-08-02,11,29,25,85,0.129412,0.944207,0.948392,0.250047,,,,,,,,GLOBAL_BASELINE_NO_ENTITY_RANKING,,,NOT_APPLICABLE_GLOBAL_BASELINE,HF9g-P5,,,,X 全窗基线 · 不参与实体赏罚,3920685,393,A168_HF9F_20260827_0900,2026-08-27 09:00:00
2026-06-17,98276384,1990,0,20.5724278036,20.3152724561,20.3152724561,1.0000000,3,3,0.49771390000000000,0.497713900000,1.739988277604938,1.739988277604938,1.739988277604938,0E-17,ELIGIBLE,R03b_20260811_FULL_v1,L1_ELIGIBILITY,v2026-08-11,2026-03-21..2026-08-06,baccarat_bet02_101_all_pairs_incl_sentinel,round_win = game_pnl > 0 (decisive only),COMPATIBILITY_ONLY_NOT_PRODUCTION,7865.6988,7482.3798,-62.4721,708,210,0.00794234,0.12197996,-0.00130582,0.00794234,62.4721,7865.6988,OK,0.0000,-2.4989,4.0000,96.0000,AG03-UNRESOLVED,ALL5_LEVELS_bet23_to_bet27,-2.4989,-2.4989,-2.4989,-3.1236,-3.1236,4.000000,4.000000,4.000000,5.000000,5.000000,96.000000,96.000000,96.000000,95.000000,95.000000,5.0,-13.7439,-12.5897,-48.7282,-49.8823,PENDING_AG03,FALSE,NOT_FOR_ENFORCEMENT,-59.9732,7183.0846,-62.4721,-59.9732,-2.4989,-0.00794234,-0.00762465,-2.4989,-59.9732,-0.00762465,-2.4989,-2.4989,-2.4989,-3.1236,-3.1236,-59.9732,-0.00762465,-13.7439,-12.5897,-48.7282,-49.8823,-0.00619503,-0.00634175,-0.00031769,11.1097,35.6304,-0.2975,-5.6793,-2.1542,715.0635,19.0909,10.5364,11.1590,2.5716,2.5818,7.7453,21.8582,36.2925,190.5859,2.5818,-2.5818,14.057172,73.819639,4.303137,14,28,11,8,0.07501405,-0.00794234,-0.12197996,0E-8,0.000000,0.951267,0.000000,0.12328578,2026-05-10,2026-08-02,11,29,25,85,0.129412,0.944207,0.948392,0.250047,,,,,,,,GLOBAL_BASELINE_NO_ENTITY_RANKING,,,NOT_APPLICABLE_GLOBAL_BASELINE,HF9g-P5,,,,X 全窗基线 · 不参与实体赏罚,3920686,393,A168_HF9F_20260827_0900,2026-08-27 09:00:00
2026-07-01,98276384,1505,0,436.3204502620,334.9856711331,334.9856711331,1.0000000,14,2,0.45331932073259677,0.128275914286,1.553029645048884,3.686650444875599,1.553029645048884,0.32504340644659677,ELIGIBLE,R03b_20260811_FULL_v1,L1_ELIGIBILITY,v2026-08-11,2026-03-21..2026-08-06,baccarat_bet02_101_all_pairs_incl_sentinel,round_win = game_pnl > 0 (decisive only),COMPATIBILITY_ONLY_NOT_PRODUCTION,7865.6988,7482.3798,-62.4721,708,210,0.00794234,0.12197996,-0.00130582,0.00794234,62.4721,7865.6988,OK,0.0000,-2.4989,4.0000,96.0000,AG03-UNRESOLVED,ALL5_LEVELS_bet23_to_bet27,-2.4989,-2.4989,-2.4989,-3.1236,-3.1236,4.000000,4.000000,4.000000,5.000000,5.000000,96.000000,96.000000,96.000000,95.000000,95.000000,5.0,-13.7439,-12.5897,-48.7282,-49.8823,PENDING_AG03,FALSE,NOT_FOR_ENFORCEMENT,-59.9732,7183.0846,-62.4721,-59.9732,-2.4989,-0.00794234,-0.00762465,-2.4989,-59.9732,-0.00762465,-2.4989,-2.4989,-2.4989,-3.1236,-3.1236,-59.9732,-0.00762465,-13.7439,-12.5897,-48.7282,-49.8823,-0.00619503,-0.00634175,-0.00031769,11.1097,35.6304,-0.2975,-5.6793,-2.1542,715.0635,19.0909,10.5364,11.1590,2.5716,2.5818,7.7453,21.8582,36.2925,190.5859,2.5818,-2.5818,14.057172,73.819639,4.303137,14,28,11,8,0.07501405,-0.00794234,-0.12197996,0E-8,0.000000,0.951267,0.000000,0.12328578,2026-05-10,2026-08-02,11,29,25,85,0.129412,0.944207,0.948392,0.250047,,,,,,,,GLOBAL_BASELINE_NO_ENTITY_RANKING,,,NOT_APPLICABLE_GLOBAL_BASELINE,HF9g-P5,,,,X 全窗基线 · 不参与实体赏罚,3920687,393,A168_HF9F_20260827_0900,2026-08-27 09:00:00
2026-07-01,98276384,2123,0,728.0613430407,-261.7922701573,-261.7922701573,0.4285714,45,7,0.31739202981035166,0.113021108843,0.6319600944467417,2.6368244708541644,0.6319600944467417,0.20437092096735166,ELIGIBLE,R03b_20260811_FULL_v1,L1_ELIGIBILITY,v2026-08-11,2026-03-21..2026-08-06,baccarat_bet02_101_all_pairs_incl_sentinel,round_win = game_pnl > 0 (decisive only),COMPATIBILITY_ONLY_NOT_PRODUCTION,7865.6988,7482.3798,-62.4721,708,210,0.00794234,0.12197996,-0.00130582,0.00794234,62.4721,7865.6988,OK,0.0000,-2.4989,4.0000,96.0000,AG03-UNRESOLVED,ALL5_LEVELS_bet23_to_bet27,-2.4989,-2.4989,-2.4989,-3.1236,-3.1236,4.000000,4.000000,4.000000,5.000000,5.000000,96.000000,96.000000,96.000000,95.000000,95.000000,5.0,-13.7439,-12.5897,-48.7282,-49.8823,PENDING_AG03,FALSE,NOT_FOR_ENFORCEMENT,-59.9732,7183.0846,-62.4721,-59.9732,-2.4989,-0.00794234,-0.00762465,-2.4989,-59.9732,-0.00762465,-2.4989,-2.4989,-2.4989,-3.1236,-3.1236,-59.9732,-0.00762465,-13.7439,-12.5897,-48.7282,-49.8823,-0.00619503,-0.00634175,-0.00031769,11.1097,35.6304,-0.2975,-5.6793,-2.1542,715.0635,19.0909,10.5364,11.1590,2.5716,2.5818,7.7453,21.8582,36.2925,190.5859,2.5818,-2.5818,14.057172,73.819639,4.303137,14,28,11,8,0.07501405,-0.00794234,-0.12197996,0E-8,0.000000,0.951267,0.000000,0.12328578,2026-05-10,2026-08-02,11,29,25,85,0.129412,0.944207,0.948392,0.250047,,,,,,,,GLOBAL_BASELINE_NO_ENTITY_RANKING,,,NOT_APPLICABLE_GLOBAL_BASELINE,HF9g-P5,,,,X 全窗基线 · 不参与实体赏罚,3920688,393,A168_HF9F_20260827_0900,2026-08-27 09:00:00
2026-07-01,98276384,2281,0,2197.0929181829,382.1031162058,382.1031162058,0.5000000,68,10,0.35498941938109829,0.123105395000,0.9583156214495355,3.6275021523784705,0.9583156214495355,0.23188402438109829,ELIGIBLE,R03b_20260811_FULL_v1,L1_ELIGIBILITY,v2026-08-11,2026-03-21..2026-08-06,baccarat_bet02_101_all_pairs_incl_sentinel,round_win = game_pnl > 0 (decisive only),COMPATIBILITY_ONLY_NOT_PRODUCTION,7865.6988,7482.3798,-62.4721,708,210,0.00794234,0.12197996,-0.00130582,0.00794234,62.4721,7865.6988,OK,0.0000,-2.4989,4.0000,96.0000,AG03-UNRESOLVED,ALL5_LEVELS_bet23_to_bet27,-2.4989,-2.4989,-2.4989,-3.1236,-3.1236,4.000000,4.000000,4.000000,5.000000,5.000000,96.000000,96.000000,96.000000,95.000000,95.000000,5.0,-13.7439,-12.5897,-48.7282,-49.8823,PENDING_AG03,FALSE,NOT_FOR_ENFORCEMENT,-59.9732,7183.0846,-62.4721,-59.9732,-2.4989,-0.00794234,-0.00762465,-2.4989,-59.9732,-0.00762465,-2.4989,-2.4989,-2.4989,-3.1236,-3.1236,-59.9732,-0.00762465,-13.7439,-12.5897,-48.7282,-49.8823,-0.00619503,-0.00634175,-0.00031769,11.1097,35.6304,-0.2975,-5.6793,-2.1542,715.0635,19.0909,10.5364,11.1590,2.5716,2.5818,7.7453,21.8582,36.2925,190.5859,2.5818,-2.5818,14.057172,73.819639,4.303137,14,28,11,8,0.07501405,-0.00794234,-0.12197996,0E-8,0.000000,0.951267,0.000000,0.12328578,2026-05-10,2026-08-02,11,29,25,85,0.129412,0.944207,0.948392,0.250047,,,,,,,,GLOBAL_BASELINE_NO_ENTITY_RANKING,,,NOT_APPLICABLE_GLOBAL_BASELINE,HF9g-P5,,,,X 全窗基线 · 不参与实体赏罚,3920689,393,A168_HF9F_20260827_0900,2026-08-27 09:00:00
2026-07-03,98276384,1710,0,217.9020473497,-80.1512921797,-80.1512921797,0.2857143,28,7,0.32212371054401748,0.182483343877,-0.20614664446162898,0.7071295554781406,-0.20614664446162898,0.13964036666701748,ELIGIBLE,R03b_20260811_FULL_v1,L1_ELIGIBILITY,v2026-08-11,2026-03-21..2026-08-06,baccarat_bet02_101_all_pairs_incl_sentinel,round_win = game_pnl > 0 (decisive only),COMPATIBILITY_ONLY_NOT_PRODUCTION,7865.6988,7482.3798,-62.4721,708,210,0.00794234,0.12197996,-0.00130582,0.00794234,62.4721,7865.6988,OK,0.0000,-2.4989,4.0000,96.0000,AG03-UNRESOLVED,ALL5_LEVELS_bet23_to_bet27,-2.4989,-2.4989,-2.4989,-3.1236,-3.1236,4.000000,4.000000,4.000000,5.000000,5.000000,96.000000,96.000000,96.000000,95.000000,95.000000,5.0,-13.7439,-12.5897,-48.7282,-49.8823,PENDING_AG03,FALSE,NOT_FOR_ENFORCEMENT,-59.9732,7183.0846,-62.4721,-59.9732,-2.4989,-0.00794234,-0.00762465,-2.4989,-59.9732,-0.00762465,-2.4989,-2.4989,-2.4989,-3.1236,-3.1236,-59.9732,-0.00762465,-13.7439,-12.5897,-48.7282,-49.8823,-0.00619503,-0.00634175,-0.00031769,11.1097,35.6304,-0.2975,-5.6793,-2.1542,715.0635,19.0909,10.5364,11.1590,2.5716,2.5818,7.7453,21.8582,36.2925,190.5859,2.5818,-2.5818,14.057172,73.819639,4.303137,14,28,11,8,0.07501405,-0.00794234,-0.12197996,0E-8,0.000000,0.951267,0.000000,0.12328578,2026-05-10,2026-08-02,11,29,25,85,0.129412,0.944207,0.948392,0.250047,,,,,,,,GLOBAL_BASELINE_NO_ENTITY_RANKING,,,NOT_APPLICABLE_GLOBAL_BASELINE,HF9g-P5,,,,X 全窗基线 · 不参与实体赏罚,3920690,393,A168_HF9F_20260827_0900,2026-08-27 09:00:00
2026-07-03,98276384,2167,0,312.1369374950,-124.1189683215,-124.1189683215,0.5000000,49,17,0.39604749365043625,0.345196894958,0.8501977036553656,1.3024193907449366,0.8501977036553656,0.05085059869243625,ELIGIBLE,R03b_20260811_FULL_v1,L1_ELIGIBILITY,v2026-08-11,2026-03-21..2026-08-06,baccarat_bet02_101_all_pairs_incl_sentinel,round_win = game_pnl > 0 (decisive only),COMPATIBILITY_ONLY_NOT_PRODUCTION,7865.6988,7482.3798,-62.4721,708,210,0.00794234,0.12197996,-0.00130582,0.00794234,62.4721,7865.6988,OK,0.0000,-2.4989,4.0000,96.0000,AG03-UNRESOLVED,ALL5_LEVELS_bet23_to_bet27,-2.4989,-2.4989,-2.4989,-3.1236,-3.1236,4.000000,4.000000,4.000000,5.000000,5.000000,96.000000,96.000000,96.000000,95.000000,95.000000,5.0,-13.7439,-12.5897,-48.7282,-49.8823,PENDING_AG03,FALSE,NOT_FOR_ENFORCEMENT,-59.9732,7183.0846,-62.4721,-59.9732,-2.4989,-0.00794234,-0.00762465,-2.4989,-59.9732,-0.00762465,-2.4989,-2.4989,-2.4989,-3.1236,-3.1236,-59.9732,-0.00762465,-13.7439,-12.5897,-48.7282,-49.8823,-0.00619503,-0.00634175,-0.00031769,11.1097,35.6304,-0.2975,-5.6793,-2.1542,715.0635,19.0909,10.5364,11.1590,2.5716,2.5818,7.7453,21.8582,36.2925,190.5859,2.5818,-2.5818,14.057172,73.819639,4.303137,14,28,11,8,0.07501405,-0.00794234,-0.12197996,0E-8,0.000000,0.951267,0.000000,0.12328578,2026-05-10,2026-08-02,11,29,25,85,0.129412,0.944207,0.948392,0.250047,,,,,,,,GLOBAL_BASELINE_NO_ENTITY_RANKING,,,NOT_APPLICABLE_GLOBAL_BASELINE,HF9g-P5,,,,X 全窗基线 · 不参与实体赏罚,3920691,393,A168_HF9F_20260827_0900,2026-08-27 09:00:00
2026-07-03,98276384,2267,0,397.5937830788,11.1016445925,11.1016445925,0.5000000,69,18,0.33824621695557112,0.221731666230,1.3675705741371074,2.679447416099852,1.3675705741371074,0.11651455072557112,ELIGIBLE,R03b_20260811_FULL_v1,L1_ELIGIBILITY,v2026-08-11,2026-03-21..2026-08-06,baccarat_bet02_101_all_pairs_incl_sentinel,round_win = game_pnl > 0 (decisive only),COMPATIBILITY_ONLY_NOT_PRODUCTION,7865.6988,7482.3798,-62.4721,708,210,0.00794234,0.12197996,-0.00130582,0.00794234,62.4721,7865.6988,OK,0.0000,-2.4989,4.0000,96.0000,AG03-UNRESOLVED,ALL5_LEVELS_bet23_to_bet27,-2.4989,-2.4989,-2.4989,-3.1236,-3.1236,4.000000,4.000000,4.000000,5.000000,5.000000,96.000000,96.000000,96.000000,95.000000,95.000000,5.0,-13.7439,-12.5897,-48.7282,-49.8823,PENDING_AG03,FALSE,NOT_FOR_ENFORCEMENT,-59.9732,7183.0846,-62.4721,-59.9732,-2.4989,-0.00794234,-0.00762465,-2.4989,-59.9732,-0.00762465,-2.4989,-2.4989,-2.4989,-3.1236,-3.1236,-59.9732,-0.00762465,-13.7439,-12.5897,-48.7282,-49.8823,-0.00619503,-0.00634175,-0.00031769,11.1097,35.6304,-0.2975,-5.6793,-2.1542,715.0635,19.0909,10.5364,11.1590,2.5716,2.5818,7.7453,21.8582,36.2925,190.5859,2.5818,-2.5818,14.057172,73.819639,4.303137,14,28,11,8,0.07501405,-0.00794234,-0.12197996,0E-8,0.000000,0.951267,0.000000,0.12328578,2026-05-10,2026-08-02,11,29,25,85,0.129412,0.944207,0.948392,0.250047,,,,,,,,GLOBAL_BASELINE_NO_ENTITY_RANKING,,,NOT_APPLICABLE_GLOBAL_BASELINE,HF9g-P5,,,,X 全窗基线 · 不参与实体赏罚,3920692,393,A168_HF9F_20260827_0900,2026-08-27 09:00:00
2026-07-03,98276384,2281,0,122.1180905171,55.5985851858,55.5985851858,1.0000000,14,2,0.39221584782969779,0.129233428571,1.7604638634003826,3.670949742255827,1.7604638634003826,0.26298241925869779,ELIGIBLE,R03b_20260811_FULL_v1,L1_ELIGIBILITY,v2026-08-11,2026-03-21..2026-08-06,baccarat_bet02_101_all_pairs_incl_sentinel,round_win = game_pnl > 0 (decisive only),COMPATIBILITY_ONLY_NOT_PRODUCTION,7865.6988,7482.3798,-62.4721,708,210,0.00794234,0.12197996,-0.00130582,0.00794234,62.4721,7865.6988,OK,0.0000,-2.4989,4.0000,96.0000,AG03-UNRESOLVED,ALL5_LEVELS_bet23_to_bet27,-2.4989,-2.4989,-2.4989,-3.1236,-3.1236,4.000000,4.000000,4.000000,5.000000,5.000000,96.000000,96.000000,96.000000,95.000000,95.000000,5.0,-13.7439,-12.5897,-48.7282,-49.8823,PENDING_AG03,FALSE,NOT_FOR_ENFORCEMENT,-59.9732,7183.0846,-62.4721,-59.9732,-2.4989,-0.00794234,-0.00762465,-2.4989,-59.9732,-0.00762465,-2.4989,-2.4989,-2.4989,-3.1236,-3.1236,-59.9732,-0.00762465,-13.7439,-12.5897,-48.7282,-49.8823,-0.00619503,-0.00634175,-0.00031769,11.1097,35.6304,-0.2975,-5.6793,-2.1542,715.0635,19.0909,10.5364,11.1590,2.5716,2.5818,7.7453,21.8582,36.2925,190.5859,2.5818,-2.5818,14.057172,73.819639,4.303137,14,28,11,8,0.07501405,-0.00794234,-0.12197996,0E-8,0.000000,0.951267,0.000000,0.12328578,2026-05-10,2026-08-02,11,29,25,85,0.129412,0.944207,0.948392,0.250047,,,,,,,,GLOBAL_BASELINE_NO_ENTITY_RANKING,,,NOT_APPLICABLE_GLOBAL_BASELINE,HF9g-P5,,,,X 全窗基线 · 不参与实体赏罚,3920693,393,A168_HF9F_20260827_0900,2026-08-27 09:00:00
2026-07-05,98276384,-1,1,73.5806676477,39.6948338626,39.6948338626,0.6666667,3,3,0.50665070000000000,0.506650700000,0.5543606114942035,0.5543606114942035,0.5543606114942035,0E-17,SENTINEL_DEALER,R03b_20260811_FULL_v1,L1_ELIGIBILITY,v2026-08-11,2026-03-21..2026-08-06,baccarat_bet02_101_all_pairs_incl_sentinel,round_win = game_pnl > 0 (decisive only),COMPATIBILITY_ONLY_NOT_PRODUCTION,7865.6988,7482.3798,-62.4721,708,210,0.00794234,0.12197996,-0.00130582,0.00794234,62.4721,7865.6988,OK,0.0000,-2.4989,4.0000,96.0000,AG03-UNRESOLVED,ALL5_LEVELS_bet23_to_bet27,-2.4989,-2.4989,-2.4989,-3.1236,-3.1236,4.000000,4.000000,4.000000,5.000000,5.000000,96.000000,96.000000,96.000000,95.000000,95.000000,5.0,-13.7439,-12.5897,-48.7282,-49.8823,PENDING_AG03,FALSE,NOT_FOR_ENFORCEMENT,-59.9732,7183.0846,-62.4721,-59.9732,-2.4989,-0.00794234,-0.00762465,-2.4989,-59.9732,-0.00762465,-2.4989,-2.4989,-2.4989,-3.1236,-3.1236,-59.9732,-0.00762465,-13.7439,-12.5897,-48.7282,-49.8823,-0.00619503,-0.00634175,-0.00031769,11.1097,35.6304,-0.2975,-5.6793,-2.1542,715.0635,19.0909,10.5364,11.1590,2.5716,2.5818,7.7453,21.8582,36.2925,190.5859,2.5818,-2.5818,14.057172,73.819639,4.303137,14,28,11,8,0.07501405,-0.00794234,-0.12197996,0E-8,0.000000,0.951267,0.000000,0.12328578,2026-05-10,2026-08-02,11,29,25,85,0.129412,0.944207,0.948392,0.250047,,,,,,,,GLOBAL_BASELINE_NO_ENTITY_RANKING,,,NOT_APPLICABLE_GLOBAL_BASELINE,HF9g-P5,,,,X 全窗基线 · 不参与实体赏罚,3920694,393,A168_HF9F_20260827_0900,2026-08-27 09:00:00
2026-07-06,98276384,-1,1,49.0537784318,-2.5817778122,-2.5817778122,0.5000000,4,2,0.45669124000000000,0.355758566667,0.1229577911696635,0.426091644238112,0.1229577911696635,0.10093267333300000,SENTINEL_DEALER,R03b_20260811_FULL_v1,L1_ELIGIBILITY,v2026-08-11,2026-03-21..2026-08-06,baccarat_bet02_101_all_pairs_incl_sentinel,round_win = game_pnl > 0 (decisive only),COMPATIBILITY_ONLY_NOT_PRODUCTION,7865.6988,7482.3798,-62.4721,708,210,0.00794234,0.12197996,-0.00130582,0.00794234,62.4721,7865.6988,OK,0.0000,-2.4989,4.0000,96.0000,AG03-UNRESOLVED,ALL5_LEVELS_bet23_to_bet27,-2.4989,-2.4989,-2.4989,-3.1236,-3.1236,4.000000,4.000000,4.000000,5.000000,5.000000,96.000000,96.000000,96.000000,95.000000,95.000000,5.0,-13.7439,-12.5897,-48.7282,-49.8823,PENDING_AG03,FALSE,NOT_FOR_ENFORCEMENT,-59.9732,7183.0846,-62.4721,-59.9732,-2.4989,-0.00794234,-0.00762465,-2.4989,-59.9732,-0.00762465,-2.4989,-2.4989,-2.4989,-3.1236,-3.1236,-59.9732,-0.00762465,-13.7439,-12.5897,-48.7282,-49.8823,-0.00619503,-0.00634175,-0.00031769,11.1097,35.6304,-0.2975,-5.6793,-2.1542,715.0635,19.0909,10.5364,11.1590,2.5716,2.5818,7.7453,21.8582,36.2925,190.5859,2.5818,-2.5818,14.057172,73.819639,4.303137,14,28,11,8,0.07501405,-0.00794234,-0.12197996,0E-8,0.000000,0.951267,0.000000,0.12328578,2026-05-10,2026-08-02,11,29,25,85,0.129412,0.944207,0.948392,0.250047,,,,,,,,GLOBAL_BASELINE_NO_ENTITY_RANKING,,,NOT_APPLICABLE_GLOBAL_BASELINE,HF9g-P5,,,,X 全窗基线 · 不参与实体赏罚,3920695,393,A168_HF9F_20260827_0900,2026-08-27 09:00:00
2026-07-06,98276384,1157,0,72.2897787416,26.7214003564,26.7214003564,0.6666667,16,13,0.48513648717948718,0.476957303846,1.2582340470230262,1.3157429921595214,1.2582340470230262,0.00817918333348718,ELIGIBLE,R03b_20260811_FULL_v1,L1_ELIGIBILITY,v2026-08-11,2026-03-21..2026-08-06,baccarat_bet02_101_all_pairs_incl_sentinel,round_win = game_pnl > 0 (decisive only),COMPATIBILITY_ONLY_NOT_PRODUCTION,7865.6988,7482.3798,-62.4721,708,210,0.00794234,0.12197996,-0.00130582,0.00794234,62.4721,7865.6988,OK,0.0000,-2.4989,4.0000,96.0000,AG03-UNRESOLVED,ALL5_LEVELS_bet23_to_bet27,-2.4989,-2.4989,-2.4989,-3.1236,-3.1236,4.000000,4.000000,4.000000,5.000000,5.000000,96.000000,96.000000,96.000000,95.000000,95.000000,5.0,-13.7439,-12.5897,-48.7282,-49.8823,PENDING_AG03,FALSE,NOT_FOR_ENFORCEMENT,-59.9732,7183.0846,-62.4721,-59.9732,-2.4989,-0.00794234,-0.00762465,-2.4989,-59.9732,-0.00762465,-2.4989,-2.4989,-2.4989,-3.1236,-3.1236,-59.9732,-0.00762465,-13.7439,-12.5897,-48.7282,-49.8823,-0.00619503,-0.00634175,-0.00031769,11.1097,35.6304,-0.2975,-5.6793,-2.1542,715.0635,19.0909,10.5364,11.1590,2.5716,2.5818,7.7453,21.8582,36.2925,190.5859,2.5818,-2.5818,14.057172,73.819639,4.303137,14,28,11,8,0.07501405,-0.00794234,-0.12197996,0E-8,0.000000,0.951267,0.000000,0.12328578,2026-05-10,2026-08-02,11,29,25,85,0.129412,0.944207,0.948392,0.250047,,,,,,,,GLOBAL_BASELINE_NO_ENTITY_RANKING,,,NOT_APPLICABLE_GLOBAL_BASELINE,HF9g-P5,,,,X 全窗基线 · 不参与实体赏罚,3920696,393,A168_HF9F_20260827_0900,2026-08-27 09:00:00
2026-07-06,98276384,1302,0,14.1997779671,0.9036222343,0.9036222343,0.5000000,2,2,0.50665070000000000,0.506650700000,-0.018812684590367487,-0.018812684590367487,-0.018812684590367487,0E-17,ELIGIBLE,R03b_20260811_FULL_v1,L1_ELIGIBILITY,v2026-08-11,2026-03-21..2026-08-06,baccarat_bet02_101_all_pairs_incl_sentinel,round_win = game_pnl > 0 (decisive only),COMPATIBILITY_ONLY_NOT_PRODUCTION,7865.6988,7482.3798,-62.4721,708,210,0.00794234,0.12197996,-0.00130582,0.00794234,62.4721,7865.6988,OK,0.0000,-2.4989,4.0000,96.0000,AG03-UNRESOLVED,ALL5_LEVELS_bet23_to_bet27,-2.4989,-2.4989,-2.4989,-3.1236,-3.1236,4.000000,4.000000,4.000000,5.000000,5.000000,96.000000,96.000000,96.000000,95.000000,95.000000,5.0,-13.7439,-12.5897,-48.7282,-49.8823,PENDING_AG03,FALSE,NOT_FOR_ENFORCEMENT,-59.9732,7183.0846,-62.4721,-59.9732,-2.4989,-0.00794234,-0.00762465,-2.4989,-59.9732,-0.00762465,-2.4989,-2.4989,-2.4989,-3.1236,-3.1236,-59.9732,-0.00762465,-13.7439,-12.5897,-48.7282,-49.8823,-0.00619503,-0.00634175,-0.00031769,11.1097,35.6304,-0.2975,-5.6793,-2.1542,715.0635,19.0909,10.5364,11.1590,2.5716,2.5818,7.7453,21.8582,36.2925,190.5859,2.5818,-2.5818,14.057172,73.819639,4.303137,14,28,11,8,0.07501405,-0.00794234,-0.12197996,0E-8,0.000000,0.951267,0.000000,0.12328578,2026-05-10,2026-08-02,11,29,25,85,0.129412,0.944207,0.948392,0.250047,,,,,,,,GLOBAL_BASELINE_NO_ENTITY_RANKING,,,NOT_APPLICABLE_GLOBAL_BASELINE,HF9g-P5,,,,X 全窗基线 · 不参与实体赏罚,3920697,393,A168_HF9F_20260827_0900,2026-08-27 09:00:00
2026-07-06,98276384,1485,0,5.1635556244,-5.1635556244,-5.1635556244,0E-7,1,1,0.50665070000000000,0.506650700000,-1.013391052207602,-1.013391052207602,-1.013391052207602,0E-17,ELIGIBLE,R03b_20260811_FULL_v1,L1_ELIGIBILITY,v2026-08-11,2026-03-21..2026-08-06,baccarat_bet02_101_all_pairs_incl_sentinel,round_win = game_pnl > 0 (decisive only),COMPATIBILITY_ONLY_NOT_PRODUCTION,7865.6988,7482.3798,-62.4721,708,210,0.00794234,0.12197996,-0.00130582,0.00794234,62.4721,7865.6988,OK,0.0000,-2.4989,4.0000,96.0000,AG03-UNRESOLVED,ALL5_LEVELS_bet23_to_bet27,-2.4989,-2.4989,-2.4989,-3.1236,-3.1236,4.000000,4.000000,4.000000,5.000000,5.000000,96.000000,96.000000,96.000000,95.000000,95.000000,5.0,-13.7439,-12.5897,-48.7282,-49.8823,PENDING_AG03,FALSE,NOT_FOR_ENFORCEMENT,-59.9732,7183.0846,-62.4721,-59.9732,-2.4989,-0.00794234,-0.00762465,-2.4989,-59.9732,-0.00762465,-2.4989,-2.4989,-2.4989,-3.1236,-3.1236,-59.9732,-0.00762465,-13.7439,-12.5897,-48.7282,-49.8823,-0.00619503,-0.00634175,-0.00031769,11.1097,35.6304,-0.2975,-5.6793,-2.1542,715.0635,19.0909,10.5364,11.1590,2.5716,2.5818,7.7453,21.8582,36.2925,190.5859,2.5818,-2.5818,14.057172,73.819639,4.303137,14,28,11,8,0.07501405,-0.00794234,-0.12197996,0E-8,0.000000,0.951267,0.000000,0.12328578,2026-05-10,2026-08-02,11,29,25,85,0.129412,0.944207,0.948392,0.250047,,,,,,,,GLOBAL_BASELINE_NO_ENTITY_RANKING,,,NOT_APPLICABLE_GLOBAL_BASELINE,HF9g-P5,,,,X 全窗基线 · 不参与实体赏罚,3920698,393,A168_HF9F_20260827_0900,2026-08-27 09:00:00
2026-07-06,98276384,2117,0,98.1075568636,-36.1448893708,-36.1448893708,0.3333333,17,6,0.39394622537037037,0.275045663889,-0.3038551344098083,0.31973824653206095,-0.3038551344098083,0.11890056148137037,ELIGIBLE,R03b_20260811_FULL_v1,L1_ELIGIBILITY,v2026-08-11,2026-03-21..2026-08-06,baccarat_bet02_101_all_pairs_incl_sentinel,round_win = game_pnl > 0 (decisive only),COMPATIBILITY_ONLY_NOT_PRODUCTION,7865.6988,7482.3798,-62.4721,708,210,0.00794234,0.12197996,-0.00130582,0.00794234,62.4721,7865.6988,OK,0.0000,-2.4989,4.0000,96.0000,AG03-UNRESOLVED,ALL5_LEVELS_bet23_to_bet27,-2.4989,-2.4989,-2.4989,-3.1236,-3.1236,4.000000,4.000000,4.000000,5.000000,5.000000,96.000000,96.000000,96.000000,95.000000,95.000000,5.0,-13.7439,-12.5897,-48.7282,-49.8823,PENDING_AG03,FALSE,NOT_FOR_ENFORCEMENT,-59.9732,7183.0846,-62.4721,-59.9732,-2.4989,-0.00794234,-0.00762465,-2.4989,-59.9732,-0.00762465,-2.4989,-2.4989,-2.4989,-3.1236,-3.1236,-59.9732,-0.00762465,-13.7439,-12.5897,-48.7282,-49.8823,-0.00619503,-0.00634175,-0.00031769,11.1097,35.6304,-0.2975,-5.6793,-2.1542,715.0635,19.0909,10.5364,11.1590,2.5716,2.5818,7.7453,21.8582,36.2925,190.5859,2.5818,-2.5818,14.057172,73.819639,4.303137,14,28,11,8,0.07501405,-0.00794234,-0.12197996,0E-8,0.000000,0.951267,0.000000,0.12328578,2026-05-10,2026-08-02,11,29,25,85,0.129412,0.944207,0.948392,0.250047,,,,,,,,GLOBAL_BASELINE_NO_ENTITY_RANKING,,,NOT_APPLICABLE_GLOBAL_BASELINE,HF9g-P5,,,,X 全窗基线 · 不参与实体赏罚,3920699,393,A168_HF9F_20260827_0900,2026-08-27 09:00:00
2026-07-06,98276384,2287,0,77.4533343660,14.1997779671,14.1997779671,0.6666667,13,3,0.25737074920634921,0.126200572222,1.6215577533615715,2.8189835493057718,1.6215577533615715,0.13117017698434921,ELIGIBLE,R03b_20260811_FULL_v1,L1_ELIGIBILITY,v2026-08-11,2026-03-21..2026-08-06,baccarat_bet02_101_all_pairs_incl_sentinel,round_win = game_pnl > 0 (decisive only),COMPATIBILITY_ONLY_NOT_PRODUCTION,7865.6988,7482.3798,-62.4721,708,210,0.00794234,0.12197996,-0.00130582,0.00794234,62.4721,7865.6988,OK,0.0000,-2.4989,4.0000,96.0000,AG03-UNRESOLVED,ALL5_LEVELS_bet23_to_bet27,-2.4989,-2.4989,-2.4989,-3.1236,-3.1236,4.000000,4.000000,4.000000,5.000000,5.000000,96.000000,96.000000,96.000000,95.000000,95.000000,5.0,-13.7439,-12.5897,-48.7282,-49.8823,PENDING_AG03,FALSE,NOT_FOR_ENFORCEMENT,-59.9732,7183.0846,-62.4721,-59.9732,-2.4989,-0.00794234,-0.00762465,-2.4989,-59.9732,-0.00762465,-2.4989,-2.4989,-2.4989,-3.1236,-3.1236,-59.9732,-0.00762465,-13.7439,-12.5897,-48.7282,-49.8823,-0.00619503,-0.00634175,-0.00031769,11.1097,35.6304,-0.2975,-5.6793,-2.1542,715.0635,19.0909,10.5364,11.1590,2.5716,2.5818,7.7453,21.8582,36.2925,190.5859,2.5818,-2.5818,14.057172,73.819639,4.303137,14,28,11,8,0.07501405,-0.00794234,-0.12197996,0E-8,0.000000,0.951267,0.000000,0.12328578,2026-05-10,2026-08-02,11,29,25,85,0.129412,0.944207,0.948392,0.250047,,,,,,,,GLOBAL_BASELINE_NO_ENTITY_RANKING,,,NOT_APPLICABLE_GLOBAL_BASELINE,HF9g-P5,,,,X 全窗基线 · 不参与实体赏罚,3920700,393,A168_HF9F_20260827_0900,2026-08-27 09:00:00
2026-07-06,98276384,595,0,15.4906668732,7.1644334289,7.1644334289,0.5000000,2,2,0.50665070000000000,0.506650700000,-0.018812684590367487,-0.018812684590367487,-0.018812684590367487,0E-17,ELIGIBLE,R03b_20260811_FULL_v1,L1_ELIGIBILITY,v2026-08-11,2026-03-21..2026-08-06,baccarat_bet02_101_all_pairs_incl_sentinel,round_win = game_pnl > 0 (decisive only),COMPATIBILITY_ONLY_NOT_PRODUCTION,7865.6988,7482.3798,-62.4721,708,210,0.00794234,0.12197996,-0.00130582,0.00794234,62.4721,7865.6988,OK,0.0000,-2.4989,4.0000,96.0000,AG03-UNRESOLVED,ALL5_LEVELS_bet23_to_bet27,-2.4989,-2.4989,-2.4989,-3.1236,-3.1236,4.000000,4.000000,4.000000,5.000000,5.000000,96.000000,96.000000,96.000000,95.000000,95.000000,5.0,-13.7439,-12.5897,-48.7282,-49.8823,PENDING_AG03,FALSE,NOT_FOR_ENFORCEMENT,-59.9732,7183.0846,-62.4721,-59.9732,-2.4989,-0.00794234,-0.00762465,-2.4989,-59.9732,-0.00762465,-2.4989,-2.4989,-2.4989,-3.1236,-3.1236,-59.9732,-0.00762465,-13.7439,-12.5897,-48.7282,-49.8823,-0.00619503,-0.00634175,-0.00031769,11.1097,35.6304,-0.2975,-5.6793,-2.1542,715.0635,19.0909,10.5364,11.1590,2.5716,2.5818,7.7453,21.8582,36.2925,190.5859,2.5818,-2.5818,14.057172,73.819639,4.303137,14,28,11,8,0.07501405,-0.00794234,-0.12197996,0E-8,0.000000,0.951267,0.000000,0.12328578,2026-05-10,2026-08-02,11,29,25,85,0.129412,0.944207,0.948392,0.250047,,,,,,,,GLOBAL_BASELINE_NO_ENTITY_RANKING,,,NOT_APPLICABLE_GLOBAL_BASELINE,HF9g-P5,,,,X 全窗基线 · 不参与实体赏罚,3920701,393,A168_HF9F_20260827_0900,2026-08-27 09:00:00
2026-07-07,98276384,2123,0,84.6823122402,-10.1722045800,-10.1722045800,0.3333333,6,6,0.50665070000000000,0.506650700000,-0.8491533462951141,-0.8491533462951141,-0.8491533462951141,0E-17,ELIGIBLE,R03b_20260811_FULL_v1,L1_ELIGIBILITY,v2026-08-11,2026-03-21..2026-08-06,baccarat_bet02_101_all_pairs_incl_sentinel,round_win = game_pnl > 0 (decisive only),COMPATIBILITY_ONLY_NOT_PRODUCTION,7865.6988,7482.3798,-62.4721,708,210,0.00794234,0.12197996,-0.00130582,0.00794234,62.4721,7865.6988,OK,0.0000,-2.4989,4.0000,96.0000,AG03-UNRESOLVED,ALL5_LEVELS_bet23_to_bet27,-2.4989,-2.4989,-2.4989,-3.1236,-3.1236,4.000000,4.000000,4.000000,5.000000,5.000000,96.000000,96.000000,96.000000,95.000000,95.000000,5.0,-13.7439,-12.5897,-48.7282,-49.8823,PENDING_AG03,FALSE,NOT_FOR_ENFORCEMENT,-59.9732,7183.0846,-62.4721,-59.9732,-2.4989,-0.00794234,-0.00762465,-2.4989,-59.9732,-0.00762465,-2.4989,-2.4989,-2.4989,-3.1236,-3.1236,-59.9732,-0.00762465,-13.7439,-12.5897,-48.7282,-49.8823,-0.00619503,-0.00634175,-0.00031769,11.1097,35.6304,-0.2975,-5.6793,-2.1542,715.0635,19.0909,10.5364,11.1590,2.5716,2.5818,7.7453,21.8582,36.2925,190.5859,2.5818,-2.5818,14.057172,73.819639,4.303137,14,28,11,8,0.07501405,-0.00794234,-0.12197996,0E-8,0.000000,0.951267,0.000000,0.12328578,2026-05-10,2026-08-02,11,29,25,85,0.129412,0.944207,0.948392,0.250047,,,,,,,,GLOBAL_BASELINE_NO_ENTITY_RANKING,,,NOT_APPLICABLE_GLOBAL_BASELINE,HF9g-P5,,,,X 全窗基线 · 不参与实体赏罚,3920702,393,A168_HF9F_20260827_0900,2026-08-27 09:00:00
2026-07-07,98276384,2170,0,139.4160018588,-107.8537681046,-107.8537681046,0.2500000,18,5,0.37979096699479468,0.246371202000,-0.534851360152243,0.01684298551766657,-0.534851360152243,0.13341976499479468,ELIGIBLE,R03b_20260811_FULL_v1,L1_ELIGIBILITY,v2026-08-11,2026-03-21..2026-08-06,baccarat_bet02_101_all_pairs_incl_sentinel,round_win = game_pnl > 0 (decisive only),COMPATIBILITY_ONLY_NOT_PRODUCTION,7865.6988,7482.3798,-62.4721,708,210,0.00794234,0.12197996,-0.00130582,0.00794234,62.4721,7865.6988,OK,0.0000,-2.4989,4.0000,96.0000,AG03-UNRESOLVED,ALL5_LEVELS_bet23_to_bet27,-2.4989,-2.4989,-2.4989,-3.1236,-3.1236,4.000000,4.000000,4.000000,5.000000,5.000000,96.000000,96.000000,96.000000,95.000000,95.000000,5.0,-13.7439,-12.5897,-48.7282,-49.8823,PENDING_AG03,FALSE,NOT_FOR_ENFORCEMENT,-59.9732,7183.0846,-62.4721,-59.9732,-2.4989,-0.00794234,-0.00762465,-2.4989,-59.9732,-0.00762465,-2.4989,-2.4989,-2.4989,-3.1236,-3.1236,-59.9732,-0.00762465,-13.7439,-12.5897,-48.7282,-49.8823,-0.00619503,-0.00634175,-0.00031769,11.1097,35.6304,-0.2975,-5.6793,-2.1542,715.0635,19.0909,10.5364,11.1590,2.5716,2.5818,7.7453,21.8582,36.2925,190.5859,2.5818,-2.5818,14.057172,73.819639,4.303137,14,28,11,8,0.07501405,-0.00794234,-0.12197996,0E-8,0.000000,0.951267,0.000000,0.12328578,2026-05-10,2026-08-02,11,29,25,85,0.129412,0.944207,0.948392,0.250047,,,,,,,,GLOBAL_BASELINE_NO_ENTITY_RANKING,,,NOT_APPLICABLE_GLOBAL_BASELINE,HF9g-P5,,,,X 全窗基线 · 不参与实体赏罚,3920703,393,A168_HF9F_20260827_0900,2026-08-27 09:00:00
2026-07-07,98276384,2281,0,233.9090697854,13.3219735109,13.3219735109,0.5000000,14,13,0.46308442115384615,0.454371165385,0.2564585707043477,0.31745046070579447,0.2564585707043477,0.00871325576884615,ELIGIBLE,R03b_20260811_FULL_v1,L1_ELIGIBILITY,v2026-08-11,2026-03-21..2026-08-06,baccarat_bet02_101_all_pairs_incl_sentinel,round_win = game_pnl > 0 (decisive only),COMPATIBILITY_ONLY_NOT_PRODUCTION,7865.6988,7482.3798,-62.4721,708,210,0.00794234,0.12197996,-0.00130582,0.00794234,62.4721,7865.6988,OK,0.0000,-2.4989,4.0000,96.0000,AG03-UNRESOLVED,ALL5_LEVELS_bet23_to_bet27,-2.4989,-2.4989,-2.4989,-3.1236,-3.1236,4.000000,4.000000,4.000000,5.000000,5.000000,96.000000,96.000000,96.000000,95.000000,95.000000,5.0,-13.7439,-12.5897,-48.7282,-49.8823,PENDING_AG03,FALSE,NOT_FOR_ENFORCEMENT,-59.9732,7183.0846,-62.4721,-59.9732,-2.4989,-0.00794234,-0.00762465,-2.4989,-59.9732,-0.00762465,-2.4989,-2.4989,-2.4989,-3.1236,-3.1236,-59.9732,-0.00762465,-13.7439,-12.5897,-48.7282,-49.8823,-0.00619503,-0.00634175,-0.00031769,11.1097,35.6304,-0.2975,-5.6793,-2.1542,715.0635,19.0909,10.5364,11.1590,2.5716,2.5818,7.7453,21.8582,36.2925,190.5859,2.5818,-2.5818,14.057172,73.819639,4.303137,14,28,11,8,0.07501405,-0.00794234,-0.12197996,0E-8,0.000000,0.951267,0.000000,0.12328578,2026-05-10,2026-08-02,11,29,25,85,0.129412,0.944207,0.948392,0.250047,,,,,,,,GLOBAL_BASELINE_NO_ENTITY_RANKING,,,NOT_APPLICABLE_GLOBAL_BASELINE,HF9g-P5,,,,X 全窗基线 · 不参与实体赏罚,3920704,393,A168_HF9F_20260827_0900,2026-08-27 09:00:00
2026-07-11,98276384,1994,0,109.7255570185,-64.4153564144,-64.4153564144,0.1666667,6,6,0.49547970000000000,0.495479700000,-1.6109141382103604,-1.6109141382103604,-1.6109141382103604,0E-17,ELIGIBLE,R03b_20260811_FULL_v1,L1_ELIGIBILITY,v2026-08-11,2026-03-21..2026-08-06,baccarat_bet02_101_all_pairs_incl_sentinel,round_win = game_pnl > 0 (decisive only),COMPATIBILITY_ONLY_NOT_PRODUCTION,7865.6988,7482.3798,-62.4721,708,210,0.00794234,0.12197996,-0.00130582,0.00794234,62.4721,7865.6988,OK,0.0000,-2.4989,4.0000,96.0000,AG03-UNRESOLVED,ALL5_LEVELS_bet23_to_bet27,-2.4989,-2.4989,-2.4989,-3.1236,-3.1236,4.000000,4.000000,4.000000,5.000000,5.000000,96.000000,96.000000,96.000000,95.000000,95.000000,5.0,-13.7439,-12.5897,-48.7282,-49.8823,PENDING_AG03,FALSE,NOT_FOR_ENFORCEMENT,-59.9732,7183.0846,-62.4721,-59.9732,-2.4989,-0.00794234,-0.00762465,-2.4989,-59.9732,-0.00762465,-2.4989,-2.4989,-2.4989,-3.1236,-3.1236,-59.9732,-0.00762465,-13.7439,-12.5897,-48.7282,-49.8823,-0.00619503,-0.00634175,-0.00031769,11.1097,35.6304,-0.2975,-5.6793,-2.1542,715.0635,19.0909,10.5364,11.1590,2.5716,2.5818,7.7453,21.8582,36.2925,190.5859,2.5818,-2.5818,14.057172,73.819639,4.303137,14,28,11,8,0.07501405,-0.00794234,-0.12197996,0E-8,0.000000,0.951267,0.000000,0.12328578,2026-05-10,2026-08-02,11,29,25,85,0.129412,0.944207,0.948392,0.250047,,,,,,,,GLOBAL_BASELINE_NO_ENTITY_RANKING,,,NOT_APPLICABLE_GLOBAL_BASELINE,HF9g-P5,,,,X 全窗基线 · 不参与实体赏罚,3920705,393,A168_HF9F_20260827_0900,2026-08-27 09:00:00
2026-08-02,98276384,-1,1,110.4461510801,89.8980299489,89.8980299489,1.0000000,5,2,0.48225840892853751,0.335904662500,1.4653171086417034,1.988484441867448,1.4653171086417034,0.14635374642853751,SENTINEL_DEALER,R03b_20260811_FULL_v1,L1_ELIGIBILITY,v2026-08-11,2026-03-21..2026-08-06,baccarat_bet02_101_all_pairs_incl_sentinel,round_win = game_pnl > 0 (decisive only),COMPATIBILITY_ONLY_NOT_PRODUCTION,7865.6988,7482.3798,-62.4721,708,210,0.00794234,0.12197996,-0.00130582,0.00794234,62.4721,7865.6988,OK,0.0000,-2.4989,4.0000,96.0000,AG03-UNRESOLVED,ALL5_LEVELS_bet23_to_bet27,-2.4989,-2.4989,-2.4989,-3.1236,-3.1236,4.000000,4.000000,4.000000,5.000000,5.000000,96.000000,96.000000,96.000000,95.000000,95.000000,5.0,-13.7439,-12.5897,-48.7282,-49.8823,PENDING_AG03,FALSE,NOT_FOR_ENFORCEMENT,-59.9732,7183.0846,-62.4721,-59.9732,-2.4989,-0.00794234,-0.00762465,-2.4989,-59.9732,-0.00762465,-2.4989,-2.4989,-2.4989,-3.1236,-3.1236,-59.9732,-0.00762465,-13.7439,-12.5897,-48.7282,-49.8823,-0.00619503,-0.00634175,-0.00031769,11.1097,35.6304,-0.2975,-5.6793,-2.1542,715.0635,19.0909,10.5364,11.1590,2.5716,2.5818,7.7453,21.8582,36.2925,190.5859,2.5818,-2.5818,14.057172,73.819639,4.303137,14,28,11,8,0.07501405,-0.00794234,-0.12197996,0E-8,0.000000,0.951267,0.000000,0.12328578,2026-05-10,2026-08-02,11,29,25,85,0.129412,0.944207,0.948392,0.250047,,,,,,,,GLOBAL_BASELINE_NO_ENTITY_RANKING,,,NOT_APPLICABLE_GLOBAL_BASELINE,HF9g-P5,,,,X 全窗基线 · 不参与实体赏罚,3920706,393,A168_HF9F_20260827_0900,2026-08-27 09:00:00
2026-08-02,98276384,2101,0,369.8661803614,46.4901240591,46.4901240591,0.5714286,45,8,0.31792750488314043,0.127871469434,1.440288495267595,3.514159605566314,1.440288495267595,0.19005603544914043,ELIGIBLE,R03b_20260811_FULL_v1,L1_ELIGIBILITY,v2026-08-11,2026-03-21..2026-08-06,baccarat_bet02_101_all_pairs_incl_sentinel,round_win = game_pnl > 0 (decisive only),COMPATIBILITY_ONLY_NOT_PRODUCTION,7865.6988,7482.3798,-62.4721,708,210,0.00794234,0.12197996,-0.00130582,0.00794234,62.4721,7865.6988,OK,0.0000,-2.4989,4.0000,96.0000,AG03-UNRESOLVED,ALL5_LEVELS_bet23_to_bet27,-2.4989,-2.4989,-2.4989,-3.1236,-3.1236,4.000000,4.000000,4.000000,5.000000,5.000000,96.000000,96.000000,96.000000,95.000000,95.000000,5.0,-13.7439,-12.5897,-48.7282,-49.8823,PENDING_AG03,FALSE,NOT_FOR_ENFORCEMENT,-59.9732,7183.0846,-62.4721,-59.9732,-2.4989,-0.00794234,-0.00762465,-2.4989,-59.9732,-0.00762465,-2.4989,-2.4989,-2.4989,-3.1236,-3.1236,-59.9732,-0.00762465,-13.7439,-12.5897,-48.7282,-49.8823,-0.00619503,-0.00634175,-0.00031769,11.1097,35.6304,-0.2975,-5.6793,-2.1542,715.0635,19.0909,10.5364,11.1590,2.5716,2.5818,7.7453,21.8582,36.2925,190.5859,2.5818,-2.5818,14.057172,73.819639,4.303137,14,28,11,8,0.07501405,-0.00794234,-0.12197996,0E-8,0.000000,0.951267,0.000000,0.12328578,2026-05-10,2026-08-02,11,29,25,85,0.129412,0.944207,0.948392,0.250047,,,,,,,,GLOBAL_BASELINE_NO_ENTITY_RANKING,,,NOT_APPLICABLE_GLOBAL_BASELINE,HF9g-P5,,,,X 全窗基线 · 不参与实体赏罚,3920707,393,A168_HF9F_20260827_0900,2026-08-27 09:00:00
2026-06-02,139630766,-1,1,70.6229358370,44.8144070789,44.8144070789,0.5000000,2,2,0.50665070000000000,0.506650700000,-0.018812684590367487,-0.018812684590367487,-0.018812684590367487,0E-17,SENTINEL_DEALER,R03b_20260811_FULL_v1,L1_ELIGIBILITY,v2026-08-11,2026-03-21..2026-08-06,baccarat_bet02_101_all_pairs_incl_sentinel,round_win = game_pnl > 0 (decisive only),COMPATIBILITY_ONLY_NOT_PRODUCTION,192.1359,174.4802,-62.4701,5,5,0.32513514,,0.32513514,0.32513514,62.4701,192.1359,THIN_EXPOSURE,0.0000,-2.4988,4.0000,96.0000,AG03-UNRESOLVED,ALL5_LEVELS_bet23_to_bet27,-2.4988,-2.4988,-3.1235,-3.7482,-3.7482,4.000000,4.000000,5.000000,6.000000,6.000000,96.000000,96.000000,95.000000,94.000000,94.000000,5.0,-15.6175,-14.1426,-46.8526,-48.3275,PENDING_AG03,FALSE,NOT_FOR_ENFORCEMENT,-59.9713,167.5010,-62.4701,-59.9713,-2.4988,-0.32513514,-0.31212973,-2.4988,-59.9713,-0.31212973,-2.4988,-2.4988,-3.1235,-3.7482,-3.7482,-59.9713,-0.31212973,-15.6175,-14.1426,-46.8526,-48.3275,-0.24385135,-0.25152762,-0.01300541,38.4272,34.8960,-12.4940,-62.4701,-15.6175,192.1359,5.0000,,38.4272,16.0979,41.5429,59.9776,62.3144,62.3144,62.3144,41.5429,0.0,1.5,1.5,0.925,4,4,1,1,0E-8,-0.32513514,,0E-8,0.000000,0.908108,0.000000,,2026-06-02,2026-06-02,1,4,4,1,1.000000,,,0.000000,,,,,,,,GLOBAL_BASELINE_NO_ENTITY_RANKING,,,NOT_APPLICABLE_GLOBAL_BASELINE,HF9g-P5,,,,X 全窗基线 · 不参与实体赏罚,3920708,393,A168_HF9F_20260827_0900,2026-08-27 09:00:00
2026-06-02,139630766,1714,0,62.3143551503,59.1986373928,59.1986373928,1.0000000,1,1,0.50665070000000000,0.506650700000,0.9867858985152569,0.9867858985152569,0.9867858985152569,0E-17,ELIGIBLE,R03b_20260811_FULL_v1,L1_ELIGIBILITY,v2026-08-11,2026-03-21..2026-08-06,baccarat_bet02_101_all_pairs_incl_sentinel,round_win = game_pnl > 0 (decisive only),COMPATIBILITY_ONLY_NOT_PRODUCTION,192.1359,174.4802,-62.4701,5,5,0.32513514,,0.32513514,0.32513514,62.4701,192.1359,THIN_EXPOSURE,0.0000,-2.4988,4.0000,96.0000,AG03-UNRESOLVED,ALL5_LEVELS_bet23_to_bet27,-2.4988,-2.4988,-3.1235,-3.7482,-3.7482,4.000000,4.000000,5.000000,6.000000,6.000000,96.000000,96.000000,95.000000,94.000000,94.000000,5.0,-15.6175,-14.1426,-46.8526,-48.3275,PENDING_AG03,FALSE,NOT_FOR_ENFORCEMENT,-59.9713,167.5010,-62.4701,-59.9713,-2.4988,-0.32513514,-0.31212973,-2.4988,-59.9713,-0.31212973,-2.4988,-2.4988,-3.1235,-3.7482,-3.7482,-59.9713,-0.31212973,-15.6175,-14.1426,-46.8526,-48.3275,-0.24385135,-0.25152762,-0.01300541,38.4272,34.8960,-12.4940,-62.4701,-15.6175,192.1359,5.0000,,38.4272,16.0979,41.5429,59.9776,62.3144,62.3144,62.3144,41.5429,0.0,1.5,1.5,0.925,4,4,1,1,0E-8,-0.32513514,,0E-8,0.000000,0.908108,0.000000,,2026-06-02,2026-06-02,1,4,4,1,1.000000,,,0.000000,,,,,,,,GLOBAL_BASELINE_NO_ENTITY_RANKING,,,NOT_APPLICABLE_GLOBAL_BASELINE,HF9g-P5,,,,X 全窗基线 · 不参与实体赏罚,3920709,393,A168_HF9F_20260827_0900,2026-08-27 09:00:00
2026-06-02,139630766,2196,0,41.5429034335,-41.5429034335,-41.5429034335,0E-7,1,1,0.50665070000000000,0.506650700000,-1.013391052207602,-1.013391052207602,-1.013391052207602,0E-17,ELIGIBLE,R03b_20260811_FULL_v1,L1_ELIGIBILITY,v2026-08-11,2026-03-21..2026-08-06,baccarat_bet02_101_all_pairs_incl_sentinel,round_win = game_pnl > 0 (decisive only),COMPATIBILITY_ONLY_NOT_PRODUCTION,192.1359,174.4802,-62.4701,5,5,0.32513514,,0.32513514,0.32513514,62.4701,192.1359,THIN_EXPOSURE,0.0000,-2.4988,4.0000,96.0000,AG03-UNRESOLVED,ALL5_LEVELS_bet23_to_bet27,-2.4988,-2.4988,-3.1235,-3.7482,-3.7482,4.000000,4.000000,5.000000,6.000000,6.000000,96.000000,96.000000,95.000000,94.000000,94.000000,5.0,-15.6175,-14.1426,-46.8526,-48.3275,PENDING_AG03,FALSE,NOT_FOR_ENFORCEMENT,-59.9713,167.5010,-62.4701,-59.9713,-2.4988,-0.32513514,-0.31212973,-2.4988,-59.9713,-0.31212973,-2.4988,-2.4988,-3.1235,-3.7482,-3.7482,-59.9713,-0.31212973,-15.6175,-14.1426,-46.8526,-48.3275,-0.24385135,-0.25152762,-0.01300541,38.4272,34.8960,-12.4940,-62.4701,-15.6175,192.1359,5.0000,,38.4272,16.0979,41.5429,59.9776,62.3144,62.3144,62.3144,41.5429,0.0,1.5,1.5,0.925,4,4,1,1,0E-8,-0.32513514,,0E-8,0.000000,0.908108,0.000000,,2026-06-02,2026-06-02,1,4,4,1,1.000000,,,0.000000,,,,,,,,GLOBAL_BASELINE_NO_ENTITY_RANKING,,,NOT_APPLICABLE_GLOBAL_BASELINE,HF9g-P5,,,,X 全窗基线 · 不参与实体赏罚,3920710,393,A168_HF9F_20260827_0900,2026-08-27 09:00:00
2026-06-02,139630766,2234,0,17.6557339592,0E-10,0E-10,,1,1,0.50665070000000000,0.506650700000,,,,0E-17,NO_DECISIVE_ROUND,R03b_20260811_FULL_v1,L1_ELIGIBILITY,v2026-08-11,2026-03-21..2026-08-06,baccarat_bet02_101_all_pairs_incl_sentinel,round_win = game_pnl > 0 (decisive only),COMPATIBILITY_ONLY_NOT_PRODUCTION,192.1359,174.4802,-62.4701,5,5,0.32513514,,0.32513514,0.32513514,62.4701,192.1359,THIN_EXPOSURE,0.0000,-2.4988,4.0000,96.0000,AG03-UNRESOLVED,ALL5_LEVELS_bet23_to_bet27,-2.4988,-2.4988,-3.1235,-3.7482,-3.7482,4.000000,4.000000,5.000000,6.000000,6.000000,96.000000,96.000000,95.000000,94.000000,94.000000,5.0,-15.6175,-14.1426,-46.8526,-48.3275,PENDING_AG03,FALSE,NOT_FOR_ENFORCEMENT,-59.9713,167.5010,-62.4701,-59.9713,-2.4988,-0.32513514,-0.31212973,-2.4988,-59.9713,-0.31212973,-2.4988,-2.4988,-3.1235,-3.7482,-3.7482,-59.9713,-0.31212973,-15.6175,-14.1426,-46.8526,-48.3275,-0.24385135,-0.25152762,-0.01300541,38.4272,34.8960,-12.4940,-62.4701,-15.6175,192.1359,5.0000,,38.4272,16.0979,41.5429,59.9776,62.3144,62.3144,62.3144,41.5429,0.0,1.5,1.5,0.925,4,4,1,1,0E-8,-0.32513514,,0E-8,0.000000,0.908108,0.000000,,2026-06-02,2026-06-02,1,4,4,1,1.000000,,,0.000000,,,,,,,,GLOBAL_BASELINE_NO_ENTITY_RANKING,,,NOT_APPLICABLE_GLOBAL_BASELINE,HF9g-P5,,,,X 全窗基线 · 不参与实体赏罚,3920711,393,A168_HF9F_20260827_0900,2026-08-27 09:00:00
2026-05-01,146882181,-1,1,76.2524944858,105.2410461086,105.8510660645,1.0000000,8,6,0.47749522882203117,0.444684700000,2.562336937505645,2.737280800421571,2.562336937505645,0.03281052882203117,SENTINEL_DEALER,R03b_20260811_FULL_v1,L1_ELIGIBILITY,v2026-08-11,2026-03-21..2026-08-06,baccarat_bet02_101_all_pairs_incl_sentinel,round_win = game_pnl > 0 (decisive only),COMPATIBILITY_ONLY_NOT_PRODUCTION,1851.3791,1731.6437,-49.0604,124,57,0.02649937,0.37723077,0.02139243,0.01901676,49.0604,1851.3791,OK,13.8531,-2.9436,6.0000,94.0000,AG03-UNRESOLVED,ALL5_LEVELS_bet23_to_bet27,-2.9436,-2.9436,-2.9436,-2.9436,-2.9436,6.000000,6.000000,6.000000,6.000000,6.000000,94.000000,94.000000,94.000000,94.000000,94.000000,5.0,-14.7181,-13.0548,-48.1954,-49.8588,PENDING_AG03,FALSE,NOT_FOR_ENFORCEMENT,-46.1168,1627.7451,-62.9135,-59.9699,-16.7968,-0.03398198,-0.03239202,-2.9436,-59.9699,-0.03239202,-2.9436,-2.9436,-2.9436,-2.9436,-2.9436,-59.9699,-0.03239202,-14.7181,-13.0548,-48.1954,-49.8588,-0.02603217,-0.0269306,-0.00907257,14.9305,30.3797,-0.8607,-9.8121,-2.3362,370.2758,11.4000,6.6427,15.2067,8.289,10.5031,21.0062,29.6187,42.0124,63.0186,10.5031,-5.2095,4.0,6.0,1.421531,14,16,8,9,0.01435186,-0.02649937,-0.37723077,0.00800000,0.800000,0.935326,0.000000,0.35583834,2026-05-01,2026-07-25,5,21,19,86,0.058140,0.436825,0.444908,0.047840,,,,,,,,GLOBAL_BASELINE_NO_ENTITY_RANKING,,,NOT_APPLICABLE_GLOBAL_BASELINE,HF9g-P5,,,,X 全窗基线 · 不参与实体赏罚,3920712,393,A168_HF9F_20260827_0900,2026-08-27 09:00:00
2026-05-01,146882181,1505,0,50.4148723873,-50.4148723873,-50.0115534082,0E-7,3,2,0.39693612500000000,0.396936125000,-1.1473440127882213,-1.1473440127882213,-1.1473440127882213,0E-17,ELIGIBLE,R03b_20260811_FULL_v1,L1_ELIGIBILITY,v2026-08-11,2026-03-21..2026-08-06,baccarat_bet02_101_all_pairs_incl_sentinel,round_win = game_pnl > 0 (decisive only),COMPATIBILITY_ONLY_NOT_PRODUCTION,1851.3791,1731.6437,-49.0604,124,57,0.02649937,0.37723077,0.02139243,0.01901676,49.0604,1851.3791,OK,13.8531,-2.9436,6.0000,94.0000,AG03-UNRESOLVED,ALL5_LEVELS_bet23_to_bet27,-2.9436,-2.9436,-2.9436,-2.9436,-2.9436,6.000000,6.000000,6.000000,6.000000,6.000000,94.000000,94.000000,94.000000,94.000000,94.000000,5.0,-14.7181,-13.0548,-48.1954,-49.8588,PENDING_AG03,FALSE,NOT_FOR_ENFORCEMENT,-46.1168,1627.7451,-62.9135,-59.9699,-16.7968,-0.03398198,-0.03239202,-2.9436,-59.9699,-0.03239202,-2.9436,-2.9436,-2.9436,-2.9436,-2.9436,-59.9699,-0.03239202,-14.7181,-13.0548,-48.1954,-49.8588,-0.02603217,-0.0269306,-0.00907257,14.9305,30.3797,-0.8607,-9.8121,-2.3362,370.2758,11.4000,6.6427,15.2067,8.289,10.5031,21.0062,29.6187,42.0124,63.0186,10.5031,-5.2095,4.0,6.0,1.421531,14,16,8,9,0.01435186,-0.02649937,-0.37723077,0.00800000,0.800000,0.935326,0.000000,0.35583834,2026-05-01,2026-07-25,5,21,19,86,0.058140,0.436825,0.444908,0.047840,,,,,,,,GLOBAL_BASELINE_NO_ENTITY_RANKING,,,NOT_APPLICABLE_GLOBAL_BASELINE,HF9g-P5,,,,X 全窗基线 · 不参与实体赏罚,3920713,393,A168_HF9F_20260827_0900,2026-08-27 09:00:00
2026-05-01,146882181,1623,0,50.4148723872,35.0803487029,35.2988131499,0.5000000,7,5,0.43255891666666667,0.417455940000,0.2722522710179491,0.33476967464971497,0.2722522710179491,0.01510297666666667,ELIGIBLE,R03b_20260811_FULL_v1,L1_ELIGIBILITY,v2026-08-11,2026-03-21..2026-08-06,baccarat_bet02_101_all_pairs_incl_sentinel,round_win = game_pnl > 0 (decisive only),COMPATIBILITY_ONLY_NOT_PRODUCTION,1851.3791,1731.6437,-49.0604,124,57,0.02649937,0.37723077,0.02139243,0.01901676,49.0604,1851.3791,OK,13.8531,-2.9436,6.0000,94.0000,AG03-UNRESOLVED,ALL5_LEVELS_bet23_to_bet27,-2.9436,-2.9436,-2.9436,-2.9436,-2.9436,6.000000,6.000000,6.000000,6.000000,6.000000,94.000000,94.000000,94.000000,94.000000,94.000000,5.0,-14.7181,-13.0548,-48.1954,-49.8588,PENDING_AG03,FALSE,NOT_FOR_ENFORCEMENT,-46.1168,1627.7451,-62.9135,-59.9699,-16.7968,-0.03398198,-0.03239202,-2.9436,-59.9699,-0.03239202,-2.9436,-2.9436,-2.9436,-2.9436,-2.9436,-59.9699,-0.03239202,-14.7181,-13.0548,-48.1954,-49.8588,-0.02603217,-0.0269306,-0.00907257,14.9305,30.3797,-0.8607,-9.8121,-2.3362,370.2758,11.4000,6.6427,15.2067,8.289,10.5031,21.0062,29.6187,42.0124,63.0186,10.5031,-5.2095,4.0,6.0,1.421531,14,16,8,9,0.01435186,-0.02649937,-0.37723077,0.00800000,0.800000,0.935326,0.000000,0.35583834,2026-05-01,2026-07-25,5,21,19,86,0.058140,0.436825,0.444908,0.047840,,,,,,,,GLOBAL_BASELINE_NO_ENTITY_RANKING,,,NOT_APPLICABLE_GLOBAL_BASELINE,HF9g-P5,,,,X 全窗基线 · 不参与实体赏罚,3920714,393,A168_HF9F_20260827_0900,2026-08-27 09:00:00
2026-05-01,146882181,1646,0,94.5278857263,28.3583657179,29.1145888037,1.0000000,2,1,0.36930140000000000,0.300626750000,1.3068340946049153,1.5252488199758223,1.3068340946049153,0.06867465000000000,ELIGIBLE,R03b_20260811_FULL_v1,L1_ELIGIBILITY,v2026-08-11,2026-03-21..2026-08-06,baccarat_bet02_101_all_pairs_incl_sentinel,round_win = game_pnl > 0 (decisive only),COMPATIBILITY_ONLY_NOT_PRODUCTION,1851.3791,1731.6437,-49.0604,124,57,0.02649937,0.37723077,0.02139243,0.01901676,49.0604,1851.3791,OK,13.8531,-2.9436,6.0000,94.0000,AG03-UNRESOLVED,ALL5_LEVELS_bet23_to_bet27,-2.9436,-2.9436,-2.9436,-2.9436,-2.9436,6.000000,6.000000,6.000000,6.000000,6.000000,94.000000,94.000000,94.000000,94.000000,94.000000,5.0,-14.7181,-13.0548,-48.1954,-49.8588,PENDING_AG03,FALSE,NOT_FOR_ENFORCEMENT,-46.1168,1627.7451,-62.9135,-59.9699,-16.7968,-0.03398198,-0.03239202,-2.9436,-59.9699,-0.03239202,-2.9436,-2.9436,-2.9436,-2.9436,-2.9436,-59.9699,-0.03239202,-14.7181,-13.0548,-48.1954,-49.8588,-0.02603217,-0.0269306,-0.00907257,14.9305,30.3797,-0.8607,-9.8121,-2.3362,370.2758,11.4000,6.6427,15.2067,8.289,10.5031,21.0062,29.6187,42.0124,63.0186,10.5031,-5.2095,4.0,6.0,1.421531,14,16,8,9,0.01435186,-0.02649937,-0.37723077,0.00800000,0.800000,0.935326,0.000000,0.35583834,2026-05-01,2026-07-25,5,21,19,86,0.058140,0.436825,0.444908,0.047840,,,,,,,,GLOBAL_BASELINE_NO_ENTITY_RANKING,,,NOT_APPLICABLE_GLOBAL_BASELINE,HF9g-P5,,,,X 全窗基线 · 不参与实体赏罚,3920715,393,A168_HF9F_20260827_0900,2026-08-27 09:00:00
2026-05-01,146882181,2129,0,52.5154920702,0E-10,0E-10,,1,1,0.49324550000000000,0.493245500000,,,,0E-17,NO_DECISIVE_ROUND,R03b_20260811_FULL_v1,L1_ELIGIBILITY,v2026-08-11,2026-03-21..2026-08-06,baccarat_bet02_101_all_pairs_incl_sentinel,round_win = game_pnl > 0 (decisive only),COMPATIBILITY_ONLY_NOT_PRODUCTION,1851.3791,1731.6437,-49.0604,124,57,0.02649937,0.37723077,0.02139243,0.01901676,49.0604,1851.3791,OK,13.8531,-2.9436,6.0000,94.0000,AG03-UNRESOLVED,ALL5_LEVELS_bet23_to_bet27,-2.9436,-2.9436,-2.9436,-2.9436,-2.9436,6.000000,6.000000,6.000000,6.000000,6.000000,94.000000,94.000000,94.000000,94.000000,94.000000,5.0,-14.7181,-13.0548,-48.1954,-49.8588,PENDING_AG03,FALSE,NOT_FOR_ENFORCEMENT,-46.1168,1627.7451,-62.9135,-59.9699,-16.7968,-0.03398198,-0.03239202,-2.9436,-59.9699,-0.03239202,-2.9436,-2.9436,-2.9436,-2.9436,-2.9436,-59.9699,-0.03239202,-14.7181,-13.0548,-48.1954,-49.8588,-0.02603217,-0.0269306,-0.00907257,14.9305,30.3797,-0.8607,-9.8121,-2.3362,370.2758,11.4000,6.6427,15.2067,8.289,10.5031,21.0062,29.6187,42.0124,63.0186,10.5031,-5.2095,4.0,6.0,1.421531,14,16,8,9,0.01435186,-0.02649937,-0.37723077,0.00800000,0.800000,0.935326,0.000000,0.35583834,2026-05-01,2026-07-25,5,21,19,86,0.058140,0.436825,0.444908,0.047840,,,,,,,,GLOBAL_BASELINE_NO_ENTITY_RANKING,,,NOT_APPLICABLE_GLOBAL_BASELINE,HF9g-P5,,,,X 全窗基线 · 不参与实体赏罚,3920716,393,A168_HF9F_20260827_0900,2026-08-27 09:00:00
2026-05-01,146882181,2142,0,84.0247873122,19.9558869867,20.5272555404,0.6666667,5,3,0.44458865333333333,0.406192888889,0.774068919268957,0.9186197558240332,0.774068919268957,0.03839576444433333,ELIGIBLE,R03b_20260811_FULL_v1,L1_ELIGIBILITY,v2026-08-11,2026-03-21..2026-08-06,baccarat_bet02_101_all_pairs_incl_sentinel,round_win = game_pnl > 0 (decisive only),COMPATIBILITY_ONLY_NOT_PRODUCTION,1851.3791,1731.6437,-49.0604,124,57,0.02649937,0.37723077,0.02139243,0.01901676,49.0604,1851.3791,OK,13.8531,-2.9436,6.0000,94.0000,AG03-UNRESOLVED,ALL5_LEVELS_bet23_to_bet27,-2.9436,-2.9436,-2.9436,-2.9436,-2.9436,6.000000,6.000000,6.000000,6.000000,6.000000,94.000000,94.000000,94.000000,94.000000,94.000000,5.0,-14.7181,-13.0548,-48.1954,-49.8588,PENDING_AG03,FALSE,NOT_FOR_ENFORCEMENT,-46.1168,1627.7451,-62.9135,-59.9699,-16.7968,-0.03398198,-0.03239202,-2.9436,-59.9699,-0.03239202,-2.9436,-2.9436,-2.9436,-2.9436,-2.9436,-59.9699,-0.03239202,-14.7181,-13.0548,-48.1954,-49.8588,-0.02603217,-0.0269306,-0.00907257,14.9305,30.3797,-0.8607,-9.8121,-2.3362,370.2758,11.4000,6.6427,15.2067,8.289,10.5031,21.0062,29.6187,42.0124,63.0186,10.5031,-5.2095,4.0,6.0,1.421531,14,16,8,9,0.01435186,-0.02649937,-0.37723077,0.00800000,0.800000,0.935326,0.000000,0.35583834,2026-05-01,2026-07-25,5,21,19,86,0.058140,0.436825,0.444908,0.047840,,,,,,,,GLOBAL_BASELINE_NO_ENTITY_RANKING,,,NOT_APPLICABLE_GLOBAL_BASELINE,HF9g-P5,,,,X 全窗基线 · 不参与实体赏罚,3920717,393,A168_HF9F_20260827_0900,2026-08-27 09:00:00
2026-05-01,146882181,2145,0,626.4047894124,69.9296292411,74.8568427690,0.3333333,45,15,0.28271497795322027,0.229493109445,0.43534480884188376,0.9563968933563605,0.43534480884188376,0.05322186850822027,ELIGIBLE,R03b_20260811_FULL_v1,L1_ELIGIBILITY,v2026-08-11,2026-03-21..2026-08-06,baccarat_bet02_101_all_pairs_incl_sentinel,round_win = game_pnl > 0 (decisive only),COMPATIBILITY_ONLY_NOT_PRODUCTION,1851.3791,1731.6437,-49.0604,124,57,0.02649937,0.37723077,0.02139243,0.01901676,49.0604,1851.3791,OK,13.8531,-2.9436,6.0000,94.0000,AG03-UNRESOLVED,ALL5_LEVELS_bet23_to_bet27,-2.9436,-2.9436,-2.9436,-2.9436,-2.9436,6.000000,6.000000,6.000000,6.000000,6.000000,94.000000,94.000000,94.000000,94.000000,94.000000,5.0,-14.7181,-13.0548,-48.1954,-49.8588,PENDING_AG03,FALSE,NOT_FOR_ENFORCEMENT,-46.1168,1627.7451,-62.9135,-59.9699,-16.7968,-0.03398198,-0.03239202,-2.9436,-59.9699,-0.03239202,-2.9436,-2.9436,-2.9436,-2.9436,-2.9436,-59.9699,-0.03239202,-14.7181,-13.0548,-48.1954,-49.8588,-0.02603217,-0.0269306,-0.00907257,14.9305,30.3797,-0.8607,-9.8121,-2.3362,370.2758,11.4000,6.6427,15.2067,8.289,10.5031,21.0062,29.6187,42.0124,63.0186,10.5031,-5.2095,4.0,6.0,1.421531,14,16,8,9,0.01435186,-0.02649937,-0.37723077,0.00800000,0.800000,0.935326,0.000000,0.35583834,2026-05-01,2026-07-25,5,21,19,86,0.058140,0.436825,0.444908,0.047840,,,,,,,,GLOBAL_BASELINE_NO_ENTITY_RANKING,,,NOT_APPLICABLE_GLOBAL_BASELINE,HF9g-P5,,,,X 全窗基线 · 不参与实体赏罚,3920718,393,A168_HF9F_20260827_0900,2026-08-27 09:00:00
2026-05-01,146882181,2152,0,31.5092952421,-31.5092952421,-31.2572208801,0E-7,2,1,0.36267060000045694,0.290680550000,-0.7543522654277972,-0.6401578158977228,-0.7543522654277972,0.07199005000045694,ELIGIBLE,R03b_20260811_FULL_v1,L1_ELIGIBILITY,v2026-08-11,2026-03-21..2026-08-06,baccarat_bet02_101_all_pairs_incl_sentinel,round_win = game_pnl > 0 (decisive only),COMPATIBILITY_ONLY_NOT_PRODUCTION,1851.3791,1731.6437,-49.0604,124,57,0.02649937,0.37723077,0.02139243,0.01901676,49.0604,1851.3791,OK,13.8531,-2.9436,6.0000,94.0000,AG03-UNRESOLVED,ALL5_LEVELS_bet23_to_bet27,-2.9436,-2.9436,-2.9436,-2.9436,-2.9436,6.000000,6.000000,6.000000,6.000000,6.000000,94.000000,94.000000,94.000000,94.000000,94.000000,5.0,-14.7181,-13.0548,-48.1954,-49.8588,PENDING_AG03,FALSE,NOT_FOR_ENFORCEMENT,-46.1168,1627.7451,-62.9135,-59.9699,-16.7968,-0.03398198,-0.03239202,-2.9436,-59.9699,-0.03239202,-2.9436,-2.9436,-2.9436,-2.9436,-2.9436,-59.9699,-0.03239202,-14.7181,-13.0548,-48.1954,-49.8588,-0.02603217,-0.0269306,-0.00907257,14.9305,30.3797,-0.8607,-9.8121,-2.3362,370.2758,11.4000,6.6427,15.2067,8.289,10.5031,21.0062,29.6187,42.0124,63.0186,10.5031,-5.2095,4.0,6.0,1.421531,14,16,8,9,0.01435186,-0.02649937,-0.37723077,0.00800000,0.800000,0.935326,0.000000,0.35583834,2026-05-01,2026-07-25,5,21,19,86,0.058140,0.436825,0.444908,0.047840,,,,,,,,GLOBAL_BASELINE_NO_ENTITY_RANKING,,,NOT_APPLICABLE_GLOBAL_BASELINE,HF9g-P5,,,,X 全窗基线 · 不参与实体赏罚,3920719,393,A168_HF9F_20260827_0900,2026-08-27 09:00:00
2026-05-01,146882181,2242,0,115.5340825544,7.3521688898,8.2764415504,0.5000000,4,2,0.41355762999991775,0.355963983334,0.2482338335623854,0.4254298842732474,0.2482338335623854,0.05759364666591775,ELIGIBLE,R03b_20260811_FULL_v1,L1_ELIGIBILITY,v2026-08-11,2026-03-21..2026-08-06,baccarat_bet02_101_all_pairs_incl_sentinel,round_win = game_pnl > 0 (decisive only),COMPATIBILITY_ONLY_NOT_PRODUCTION,1851.3791,1731.6437,-49.0604,124,57,0.02649937,0.37723077,0.02139243,0.01901676,49.0604,1851.3791,OK,13.8531,-2.9436,6.0000,94.0000,AG03-UNRESOLVED,ALL5_LEVELS_bet23_to_bet27,-2.9436,-2.9436,-2.9436,-2.9436,-2.9436,6.000000,6.000000,6.000000,6.000000,6.000000,94.000000,94.000000,94.000000,94.000000,94.000000,5.0,-14.7181,-13.0548,-48.1954,-49.8588,PENDING_AG03,FALSE,NOT_FOR_ENFORCEMENT,-46.1168,1627.7451,-62.9135,-59.9699,-16.7968,-0.03398198,-0.03239202,-2.9436,-59.9699,-0.03239202,-2.9436,-2.9436,-2.9436,-2.9436,-2.9436,-59.9699,-0.03239202,-14.7181,-13.0548,-48.1954,-49.8588,-0.02603217,-0.0269306,-0.00907257,14.9305,30.3797,-0.8607,-9.8121,-2.3362,370.2758,11.4000,6.6427,15.2067,8.289,10.5031,21.0062,29.6187,42.0124,63.0186,10.5031,-5.2095,4.0,6.0,1.421531,14,16,8,9,0.01435186,-0.02649937,-0.37723077,0.00800000,0.800000,0.935326,0.000000,0.35583834,2026-05-01,2026-07-25,5,21,19,86,0.058140,0.436825,0.444908,0.047840,,,,,,,,GLOBAL_BASELINE_NO_ENTITY_RANKING,,,NOT_APPLICABLE_GLOBAL_BASELINE,HF9g-P5,,,,X 全窗基线 · 不参与实体赏罚,3920720,393,A168_HF9F_20260827_0900,2026-08-27 09:00:00
2026-05-01,146882181,2251,0,226.8669257431,-122.8862514441,-121.2393656126,0E-7,14,6,0.27026168483098838,0.255409988889,-1.360798015568914,-1.3096201193039256,-1.360798015568914,0.01485169594198838,ELIGIBLE,R03b_20260811_FULL_v1,L1_ELIGIBILITY,v2026-08-11,2026-03-21..2026-08-06,baccarat_bet02_101_all_pairs_incl_sentinel,round_win = game_pnl > 0 (decisive only),COMPATIBILITY_ONLY_NOT_PRODUCTION,1851.3791,1731.6437,-49.0604,124,57,0.02649937,0.37723077,0.02139243,0.01901676,49.0604,1851.3791,OK,13.8531,-2.9436,6.0000,94.0000,AG03-UNRESOLVED,ALL5_LEVELS_bet23_to_bet27,-2.9436,-2.9436,-2.9436,-2.9436,-2.9436,6.000000,6.000000,6.000000,6.000000,6.000000,94.000000,94.000000,94.000000,94.000000,94.000000,5.0,-14.7181,-13.0548,-48.1954,-49.8588,PENDING_AG03,FALSE,NOT_FOR_ENFORCEMENT,-46.1168,1627.7451,-62.9135,-59.9699,-16.7968,-0.03398198,-0.03239202,-2.9436,-59.9699,-0.03239202,-2.9436,-2.9436,-2.9436,-2.9436,-2.9436,-59.9699,-0.03239202,-14.7181,-13.0548,-48.1954,-49.8588,-0.02603217,-0.0269306,-0.00907257,14.9305,30.3797,-0.8607,-9.8121,-2.3362,370.2758,11.4000,6.6427,15.2067,8.289,10.5031,21.0062,29.6187,42.0124,63.0186,10.5031,-5.2095,4.0,6.0,1.421531,14,16,8,9,0.01435186,-0.02649937,-0.37723077,0.00800000,0.800000,0.935326,0.000000,0.35583834,2026-05-01,2026-07-25,5,21,19,86,0.058140,0.436825,0.444908,0.047840,,,,,,,,GLOBAL_BASELINE_NO_ENTITY_RANKING,,,NOT_APPLICABLE_GLOBAL_BASELINE,HF9g-P5,,,,X 全窗基线 · 不参与实体赏罚,3920721,393,A168_HF9F_20260827_0900,2026-08-27 09:00:00
2026-05-02,146882181,-1,1,21.0061968280,3.5710534608,3.7391030354,1.0000000,3,1,0.33386976000000000,0.218682466667,1.4125083776259133,1.8901958406748056,1.4125083776259133,0.11518729333300000,SENTINEL_DEALER,R03b_20260811_FULL_v1,L1_ELIGIBILITY,v2026-08-11,2026-03-21..2026-08-06,baccarat_bet02_101_all_pairs_incl_sentinel,round_win = game_pnl > 0 (decisive only),COMPATIBILITY_ONLY_NOT_PRODUCTION,1851.3791,1731.6437,-49.0604,124,57,0.02649937,0.37723077,0.02139243,0.01901676,49.0604,1851.3791,OK,13.8531,-2.9436,6.0000,94.0000,AG03-UNRESOLVED,ALL5_LEVELS_bet23_to_bet27,-2.9436,-2.9436,-2.9436,-2.9436,-2.9436,6.000000,6.000000,6.000000,6.000000,6.000000,94.000000,94.000000,94.000000,94.000000,94.000000,5.0,-14.7181,-13.0548,-48.1954,-49.8588,PENDING_AG03,FALSE,NOT_FOR_ENFORCEMENT,-46.1168,1627.7451,-62.9135,-59.9699,-16.7968,-0.03398198,-0.03239202,-2.9436,-59.9699,-0.03239202,-2.9436,-2.9436,-2.9436,-2.9436,-2.9436,-59.9699,-0.03239202,-14.7181,-13.0548,-48.1954,-49.8588,-0.02603217,-0.0269306,-0.00907257,14.9305,30.3797,-0.8607,-9.8121,-2.3362,370.2758,11.4000,6.6427,15.2067,8.289,10.5031,21.0062,29.6187,42.0124,63.0186,10.5031,-5.2095,4.0,6.0,1.421531,14,16,8,9,0.01435186,-0.02649937,-0.37723077,0.00800000,0.800000,0.935326,0.000000,0.35583834,2026-05-01,2026-07-25,5,21,19,86,0.058140,0.436825,0.444908,0.047840,,,,,,,,GLOBAL_BASELINE_NO_ENTITY_RANKING,,,NOT_APPLICABLE_GLOBAL_BASELINE,HF9g-P5,,,,X 全窗基线 · 不参与实体赏罚,3920722,393,A168_HF9F_20260827_0900,2026-08-27 09:00:00
2026-05-02,146882181,1306,0,15.7546476210,-15.7546476210,-15.6286104401,0E-7,1,1,0.50665070000000000,0.506650700000,-1.013391052207602,-1.013391052207602,-1.013391052207602,0E-17,ELIGIBLE,R03b_20260811_FULL_v1,L1_ELIGIBILITY,v2026-08-11,2026-03-21..2026-08-06,baccarat_bet02_101_all_pairs_incl_sentinel,round_win = game_pnl > 0 (decisive only),COMPATIBILITY_ONLY_NOT_PRODUCTION,1851.3791,1731.6437,-49.0604,124,57,0.02649937,0.37723077,0.02139243,0.01901676,49.0604,1851.3791,OK,13.8531,-2.9436,6.0000,94.0000,AG03-UNRESOLVED,ALL5_LEVELS_bet23_to_bet27,-2.9436,-2.9436,-2.9436,-2.9436,-2.9436,6.000000,6.000000,6.000000,6.000000,6.000000,94.000000,94.000000,94.000000,94.000000,94.000000,5.0,-14.7181,-13.0548,-48.1954,-49.8588,PENDING_AG03,FALSE,NOT_FOR_ENFORCEMENT,-46.1168,1627.7451,-62.9135,-59.9699,-16.7968,-0.03398198,-0.03239202,-2.9436,-59.9699,-0.03239202,-2.9436,-2.9436,-2.9436,-2.9436,-2.9436,-59.9699,-0.03239202,-14.7181,-13.0548,-48.1954,-49.8588,-0.02603217,-0.0269306,-0.00907257,14.9305,30.3797,-0.8607,-9.8121,-2.3362,370.2758,11.4000,6.6427,15.2067,8.289,10.5031,21.0062,29.6187,42.0124,63.0186,10.5031,-5.2095,4.0,6.0,1.421531,14,16,8,9,0.01435186,-0.02649937,-0.37723077,0.00800000,0.800000,0.935326,0.000000,0.35583834,2026-05-01,2026-07-25,5,21,19,86,0.058140,0.436825,0.444908,0.047840,,,,,,,,GLOBAL_BASELINE_NO_ENTITY_RANKING,,,NOT_APPLICABLE_GLOBAL_BASELINE,HF9g-P5,,,,X 全窗基线 · 不参与实体赏罚,3920723,393,A168_HF9F_20260827_0900,2026-08-27 09:00:00
2026-05-04,146882181,2254,0,77.0927423589,-60.2877848965,-59.6710429578,0E-7,8,2,0.21700142278468348,0.185986900000,-0.7445018856390265,-0.6759903225629557,-0.7445018856390265,0.03101452278468348,ELIGIBLE,R03b_20260811_FULL_v1,L1_ELIGIBILITY,v2026-08-11,2026-03-21..2026-08-06,baccarat_bet02_101_all_pairs_incl_sentinel,round_win = game_pnl > 0 (decisive only),COMPATIBILITY_ONLY_NOT_PRODUCTION,1851.3791,1731.6437,-49.0604,124,57,0.02649937,0.37723077,0.02139243,0.01901676,49.0604,1851.3791,OK,13.8531,-2.9436,6.0000,94.0000,AG03-UNRESOLVED,ALL5_LEVELS_bet23_to_bet27,-2.9436,-2.9436,-2.9436,-2.9436,-2.9436,6.000000,6.000000,6.000000,6.000000,6.000000,94.000000,94.000000,94.000000,94.000000,94.000000,5.0,-14.7181,-13.0548,-48.1954,-49.8588,PENDING_AG03,FALSE,NOT_FOR_ENFORCEMENT,-46.1168,1627.7451,-62.9135,-59.9699,-16.7968,-0.03398198,-0.03239202,-2.9436,-59.9699,-0.03239202,-2.9436,-2.9436,-2.9436,-2.9436,-2.9436,-59.9699,-0.03239202,-14.7181,-13.0548,-48.1954,-49.8588,-0.02603217,-0.0269306,-0.00907257,14.9305,30.3797,-0.8607,-9.8121,-2.3362,370.2758,11.4000,6.6427,15.2067,8.289,10.5031,21.0062,29.6187,42.0124,63.0186,10.5031,-5.2095,4.0,6.0,1.421531,14,16,8,9,0.01435186,-0.02649937,-0.37723077,0.00800000,0.800000,0.935326,0.000000,0.35583834,2026-05-01,2026-07-25,5,21,19,86,0.058140,0.436825,0.444908,0.047840,,,,,,,,GLOBAL_BASELINE_NO_ENTITY_RANKING,,,NOT_APPLICABLE_GLOBAL_BASELINE,HF9g-P5,,,,X 全窗基线 · 不参与实体赏罚,3920724,393,A168_HF9F_20260827_0900,2026-08-27 09:00:00
2026-05-25,146882181,-1,1,52.5154920701,31.5092952421,31.9294191787,1.0000000,2,1,0.41091390000015678,0.287416500000,1.197330295637147,1.5745702178656522,1.197330295637147,0.12349740000015678,SENTINEL_DEALER,R03b_20260811_FULL_v1,L1_ELIGIBILITY,v2026-08-11,2026-03-21..2026-08-06,baccarat_bet02_101_all_pairs_incl_sentinel,round_win = game_pnl > 0 (decisive only),COMPATIBILITY_ONLY_NOT_PRODUCTION,1851.3791,1731.6437,-49.0604,124,57,0.02649937,0.37723077,0.02139243,0.01901676,49.0604,1851.3791,OK,13.8531,-2.9436,6.0000,94.0000,AG03-UNRESOLVED,ALL5_LEVELS_bet23_to_bet27,-2.9436,-2.9436,-2.9436,-2.9436,-2.9436,6.000000,6.000000,6.000000,6.000000,6.000000,94.000000,94.000000,94.000000,94.000000,94.000000,5.0,-14.7181,-13.0548,-48.1954,-49.8588,PENDING_AG03,FALSE,NOT_FOR_ENFORCEMENT,-46.1168,1627.7451,-62.9135,-59.9699,-16.7968,-0.03398198,-0.03239202,-2.9436,-59.9699,-0.03239202,-2.9436,-2.9436,-2.9436,-2.9436,-2.9436,-59.9699,-0.03239202,-14.7181,-13.0548,-48.1954,-49.8588,-0.02603217,-0.0269306,-0.00907257,14.9305,30.3797,-0.8607,-9.8121,-2.3362,370.2758,11.4000,6.6427,15.2067,8.289,10.5031,21.0062,29.6187,42.0124,63.0186,10.5031,-5.2095,4.0,6.0,1.421531,14,16,8,9,0.01435186,-0.02649937,-0.37723077,0.00800000,0.800000,0.935326,0.000000,0.35583834,2026-05-01,2026-07-25,5,21,19,86,0.058140,0.436825,0.444908,0.047840,,,,,,,,GLOBAL_BASELINE_NO_ENTITY_RANKING,,,NOT_APPLICABLE_GLOBAL_BASELINE,HF9g-P5,,,,X 全窗基线 · 不参与实体赏罚,3920725,393,A168_HF9F_20260827_0900,2026-08-27 09:00:00
2026-05-25,146882181,1941,0,39.9117739732,51.4651822287,51.7844764205,0.6666667,5,3,0.28715170000000000,0.287151700000,1.4528985151081255,1.4528985151081253,1.4528985151081255,0E-17,ELIGIBLE,R03b_20260811_FULL_v1,L1_ELIGIBILITY,v2026-08-11,2026-03-21..2026-08-06,baccarat_bet02_101_all_pairs_incl_sentinel,round_win = game_pnl > 0 (decisive only),COMPATIBILITY_ONLY_NOT_PRODUCTION,1851.3791,1731.6437,-49.0604,124,57,0.02649937,0.37723077,0.02139243,0.01901676,49.0604,1851.3791,OK,13.8531,-2.9436,6.0000,94.0000,AG03-UNRESOLVED,ALL5_LEVELS_bet23_to_bet27,-2.9436,-2.9436,-2.9436,-2.9436,-2.9436,6.000000,6.000000,6.000000,6.000000,6.000000,94.000000,94.000000,94.000000,94.000000,94.000000,5.0,-14.7181,-13.0548,-48.1954,-49.8588,PENDING_AG03,FALSE,NOT_FOR_ENFORCEMENT,-46.1168,1627.7451,-62.9135,-59.9699,-16.7968,-0.03398198,-0.03239202,-2.9436,-59.9699,-0.03239202,-2.9436,-2.9436,-2.9436,-2.9436,-2.9436,-59.9699,-0.03239202,-14.7181,-13.0548,-48.1954,-49.8588,-0.02603217,-0.0269306,-0.00907257,14.9305,30.3797,-0.8607,-9.8121,-2.3362,370.2758,11.4000,6.6427,15.2067,8.289,10.5031,21.0062,29.6187,42.0124,63.0186,10.5031,-5.2095,4.0,6.0,1.421531,14,16,8,9,0.01435186,-0.02649937,-0.37723077,0.00800000,0.800000,0.935326,0.000000,0.35583834,2026-05-01,2026-07-25,5,21,19,86,0.058140,0.436825,0.444908,0.047840,,,,,,,,GLOBAL_BASELINE_NO_ENTITY_RANKING,,,NOT_APPLICABLE_GLOBAL_BASELINE,HF9g-P5,,,,X 全窗基线 · 不参与实体赏罚,3920726,393,A168_HF9F_20260827_0900,2026-08-27 09:00:00
2026-05-25,146882181,1994,0,113.4334628716,-31.5092952422,-30.6018275390,0E-7,6,2,0.33431452142864960,0.215161650000,-1.0022084885069173,-0.740469752742434,-1.0022084885069173,0.11915287142864960,ELIGIBLE,R03b_20260811_FULL_v1,L1_ELIGIBILITY,v2026-08-11,2026-03-21..2026-08-06,baccarat_bet02_101_all_pairs_incl_sentinel,round_win = game_pnl > 0 (decisive only),COMPATIBILITY_ONLY_NOT_PRODUCTION,1851.3791,1731.6437,-49.0604,124,57,0.02649937,0.37723077,0.02139243,0.01901676,49.0604,1851.3791,OK,13.8531,-2.9436,6.0000,94.0000,AG03-UNRESOLVED,ALL5_LEVELS_bet23_to_bet27,-2.9436,-2.9436,-2.9436,-2.9436,-2.9436,6.000000,6.000000,6.000000,6.000000,6.000000,94.000000,94.000000,94.000000,94.000000,94.000000,5.0,-14.7181,-13.0548,-48.1954,-49.8588,PENDING_AG03,FALSE,NOT_FOR_ENFORCEMENT,-46.1168,1627.7451,-62.9135,-59.9699,-16.7968,-0.03398198,-0.03239202,-2.9436,-59.9699,-0.03239202,-2.9436,-2.9436,-2.9436,-2.9436,-2.9436,-59.9699,-0.03239202,-14.7181,-13.0548,-48.1954,-49.8588,-0.02603217,-0.0269306,-0.00907257,14.9305,30.3797,-0.8607,-9.8121,-2.3362,370.2758,11.4000,6.6427,15.2067,8.289,10.5031,21.0062,29.6187,42.0124,63.0186,10.5031,-5.2095,4.0,6.0,1.421531,14,16,8,9,0.01435186,-0.02649937,-0.37723077,0.00800000,0.800000,0.935326,0.000000,0.35583834,2026-05-01,2026-07-25,5,21,19,86,0.058140,0.436825,0.444908,0.047840,,,,,,,,GLOBAL_BASELINE_NO_ENTITY_RANKING,,,NOT_APPLICABLE_GLOBAL_BASELINE,HF9g-P5,,,,X 全窗基线 · 不参与实体赏罚,3920727,393,A168_HF9F_20260827_0900,2026-08-27 09:00:00
2026-05-25,146882181,2141,0,96.6285054091,-14.7043377797,-13.9313097363,0.5000000,4,2,0.40304288124995990,0.292302350000,0.2795422805175562,0.6458126540874517,0.2795422805175562,0.11074053124995990,ELIGIBLE,R03b_20260811_FULL_v1,L1_ELIGIBILITY,v2026-08-11,2026-03-21..2026-08-06,baccarat_bet02_101_all_pairs_incl_sentinel,round_win = game_pnl > 0 (decisive only),COMPATIBILITY_ONLY_NOT_PRODUCTION,1851.3791,1731.6437,-49.0604,124,57,0.02649937,0.37723077,0.02139243,0.01901676,49.0604,1851.3791,OK,13.8531,-2.9436,6.0000,94.0000,AG03-UNRESOLVED,ALL5_LEVELS_bet23_to_bet27,-2.9436,-2.9436,-2.9436,-2.9436,-2.9436,6.000000,6.000000,6.000000,6.000000,6.000000,94.000000,94.000000,94.000000,94.000000,94.000000,5.0,-14.7181,-13.0548,-48.1954,-49.8588,PENDING_AG03,FALSE,NOT_FOR_ENFORCEMENT,-46.1168,1627.7451,-62.9135,-59.9699,-16.7968,-0.03398198,-0.03239202,-2.9436,-59.9699,-0.03239202,-2.9436,-2.9436,-2.9436,-2.9436,-2.9436,-59.9699,-0.03239202,-14.7181,-13.0548,-48.1954,-49.8588,-0.02603217,-0.0269306,-0.00907257,14.9305,30.3797,-0.8607,-9.8121,-2.3362,370.2758,11.4000,6.6427,15.2067,8.289,10.5031,21.0062,29.6187,42.0124,63.0186,10.5031,-5.2095,4.0,6.0,1.421531,14,16,8,9,0.01435186,-0.02649937,-0.37723077,0.00800000,0.800000,0.935326,0.000000,0.35583834,2026-05-01,2026-07-25,5,21,19,86,0.058140,0.436825,0.444908,0.047840,,,,,,,,GLOBAL_BASELINE_NO_ENTITY_RANKING,,,NOT_APPLICABLE_GLOBAL_BASELINE,HF9g-P5,,,,X 全窗基线 · 不参与实体赏罚,3920728,393,A168_HF9F_20260827_0900,2026-08-27 09:00:00
2026-07-25,146882181,2239,0,10.2195151862,10.2195151862,10.3012713077,1.0000000,1,1,0.49324550000000000,0.493245500000,1.01360149184955,1.01360149184955,1.01360149184955,0E-17,ELIGIBLE,R03b_20260811_FULL_v1,L1_ELIGIBILITY,v2026-08-11,2026-03-21..2026-08-06,baccarat_bet02_101_all_pairs_incl_sentinel,round_win = game_pnl > 0 (decisive only),COMPATIBILITY_ONLY_NOT_PRODUCTION,1851.3791,1731.6437,-49.0604,124,57,0.02649937,0.37723077,0.02139243,0.01901676,49.0604,1851.3791,OK,13.8531,-2.9436,6.0000,94.0000,AG03-UNRESOLVED,ALL5_LEVELS_bet23_to_bet27,-2.9436,-2.9436,-2.9436,-2.9436,-2.9436,6.000000,6.000000,6.000000,6.000000,6.000000,94.000000,94.000000,94.000000,94.000000,94.000000,5.0,-14.7181,-13.0548,-48.1954,-49.8588,PENDING_AG03,FALSE,NOT_FOR_ENFORCEMENT,-46.1168,1627.7451,-62.9135,-59.9699,-16.7968,-0.03398198,-0.03239202,-2.9436,-59.9699,-0.03239202,-2.9436,-2.9436,-2.9436,-2.9436,-2.9436,-59.9699,-0.03239202,-14.7181,-13.0548,-48.1954,-49.8588,-0.02603217,-0.0269306,-0.00907257,14.9305,30.3797,-0.8607,-9.8121,-2.3362,370.2758,11.4000,6.6427,15.2067,8.289,10.5031,21.0062,29.6187,42.0124,63.0186,10.5031,-5.2095,4.0,6.0,1.421531,14,16,8,9,0.01435186,-0.02649937,-0.37723077,0.00800000,0.800000,0.935326,0.000000,0.35583834,2026-05-01,2026-07-25,5,21,19,86,0.058140,0.436825,0.444908,0.047840,,,,,,,,GLOBAL_BASELINE_NO_ENTITY_RANKING,,,NOT_APPLICABLE_GLOBAL_BASELINE,HF9g-P5,,,,X 全窗基线 · 不参与实体赏罚,3920729,393,A168_HF9F_20260827_0900,2026-08-27 09:00:00
2026-07-25,146882181,2251,0,16.3512242980,-0.4087806075,-0.2779708131,0.5000000,3,2,0.39337837500000000,0.393378375000,0.3086711997975373,0.3086711997975373,0.3086711997975373,0E-17,ELIGIBLE,R03b_20260811_FULL_v1,L1_ELIGIBILITY,v2026-08-11,2026-03-21..2026-08-06,baccarat_bet02_101_all_pairs_incl_sentinel,round_win = game_pnl > 0 (decisive only),COMPATIBILITY_ONLY_NOT_PRODUCTION,1851.3791,1731.6437,-49.0604,124,57,0.02649937,0.37723077,0.02139243,0.01901676,49.0604,1851.3791,OK,13.8531,-2.9436,6.0000,94.0000,AG03-UNRESOLVED,ALL5_LEVELS_bet23_to_bet27,-2.9436,-2.9436,-2.9436,-2.9436,-2.9436,6.000000,6.000000,6.000000,6.000000,6.000000,94.000000,94.000000,94.000000,94.000000,94.000000,5.0,-14.7181,-13.0548,-48.1954,-49.8588,PENDING_AG03,FALSE,NOT_FOR_ENFORCEMENT,-46.1168,1627.7451,-62.9135,-59.9699,-16.7968,-0.03398198,-0.03239202,-2.9436,-59.9699,-0.03239202,-2.9436,-2.9436,-2.9436,-2.9436,-2.9436,-59.9699,-0.03239202,-14.7181,-13.0548,-48.1954,-49.8588,-0.02603217,-0.0269306,-0.00907257,14.9305,30.3797,-0.8607,-9.8121,-2.3362,370.2758,11.4000,6.6427,15.2067,8.289,10.5031,21.0062,29.6187,42.0124,63.0186,10.5031,-5.2095,4.0,6.0,1.421531,14,16,8,9,0.01435186,-0.02649937,-0.37723077,0.00800000,0.800000,0.935326,0.000000,0.35583834,2026-05-01,2026-07-25,5,21,19,86,0.058140,0.436825,0.444908,0.047840,,,,,,,,GLOBAL_BASELINE_NO_ENTITY_RANKING,,,NOT_APPLICABLE_GLOBAL_BASELINE,HF9g-P5,,,,X 全窗基线 · 不参与实体赏罚,3920730,393,A168_HF9F_20260827_0900,2026-08-27 09:00:00
2026-08-02,153742337,1507,0,36.9866180361,35.1372871343,35.1372871343,1.0000000,1,1,0.50665070000000000,0.506650700000,0.9867858985152569,0.9867858985152569,0.9867858985152569,0E-17,ELIGIBLE,R03b_20260811_FULL_v1,L1_ELIGIBILITY,v2026-08-11,2026-03-21..2026-08-06,baccarat_bet02_101_all_pairs_incl_sentinel,round_win = game_pnl > 0 (decisive only),COMPATIBILITY_ONLY_NOT_PRODUCTION,102.7406,65.7540,-62.4663,4,4,0.60800000,0.60800000,,0.60800000,62.4663,102.7406,THIN_EXPOSURE,0.0000,-2.4987,4.0000,96.0000,AG03-UNRESOLVED,ALL5_LEVELS_bet23_to_bet27,-2.4987,-2.4987,-2.4987,-3.7480,-3.7480,4.000000,4.000000,4.000000,6.000000,6.000000,96.000000,96.000000,96.000000,94.000000,94.000000,5.0,-14.9919,-13.6331,-47.4744,-48.8332,PENDING_AG03,FALSE,NOT_FOR_ENFORCEMENT,-59.9676,63.1238,-62.4663,-59.9676,-2.4987,-0.60800000,-0.58368000,-2.4987,-59.9676,-0.58368000,-2.4987,-2.4987,-2.4987,-3.7480,-3.7480,-59.9676,-0.58368000,-14.9919,-13.6331,-47.4744,-48.8332,-0.46208000,-0.47530566,-0.02432000,25.6852,16.4385,-15.6166,-62.4663,-20.8221,102.7406,4.0000,25.6852,,14.3837,27.9968,36.9866,36.9866,36.9866,36.9866,14.3837,13.6645,1.321101,1.321101,0.917431,3,3,1,1,1.00000000,-0.60800000,-0.60800000,0E-8,0.000000,0.640000,0.000000,,2026-08-02,2026-08-02,1,3,3,1,1.000000,,1.000000,3.333333,,,,,,,,GLOBAL_BASELINE_NO_ENTITY_RANKING,,,NOT_APPLICABLE_GLOBAL_BASELINE,HF9g-P5,,,,X 全窗基线 · 不参与实体赏罚,3920731,393,A168_HF9F_20260827_0900,2026-08-27 09:00:00
2026-08-02,153742337,2134,0,36.9866180361,0E-10,0E-10,,1,1,0.50665070000000000,0.506650700000,,,,0E-17,NO_DECISIVE_ROUND,R03b_20260811_FULL_v1,L1_ELIGIBILITY,v2026-08-11,2026-03-21..2026-08-06,baccarat_bet02_101_all_pairs_incl_sentinel,round_win = game_pnl > 0 (decisive only),COMPATIBILITY_ONLY_NOT_PRODUCTION,102.7406,65.7540,-62.4663,4,4,0.60800000,0.60800000,,0.60800000,62.4663,102.7406,THIN_EXPOSURE,0.0000,-2.4987,4.0000,96.0000,AG03-UNRESOLVED,ALL5_LEVELS_bet23_to_bet27,-2.4987,-2.4987,-2.4987,-3.7480,-3.7480,4.000000,4.000000,4.000000,6.000000,6.000000,96.000000,96.000000,96.000000,94.000000,94.000000,5.0,-14.9919,-13.6331,-47.4744,-48.8332,PENDING_AG03,FALSE,NOT_FOR_ENFORCEMENT,-59.9676,63.1238,-62.4663,-59.9676,-2.4987,-0.60800000,-0.58368000,-2.4987,-59.9676,-0.58368000,-2.4987,-2.4987,-2.4987,-3.7480,-3.7480,-59.9676,-0.58368000,-14.9919,-13.6331,-47.4744,-48.8332,-0.46208000,-0.47530566,-0.02432000,25.6852,16.4385,-15.6166,-62.4663,-20.8221,102.7406,4.0000,25.6852,,14.3837,27.9968,36.9866,36.9866,36.9866,36.9866,14.3837,13.6645,1.321101,1.321101,0.917431,3,3,1,1,1.00000000,-0.60800000,-0.60800000,0E-8,0.000000,0.640000,0.000000,,2026-08-02,2026-08-02,1,3,3,1,1.000000,,1.000000,3.333333,,,,,,,,GLOBAL_BASELINE_NO_ENTITY_RANKING,,,NOT_APPLICABLE_GLOBAL_BASELINE,HF9g-P5,,,,X 全窗基线 · 不参与实体赏罚,3920732,393,A168_HF9F_20260827_0900,2026-08-27 09:00:00
2026-08-02,153742337,2169,0,28.7673695836,27.3290011044,27.3290011044,1.0000000,2,2,0.50665070000000000,0.506650700000,1.3955260008387969,1.3955260008387969,1.3955260008387969,0E-17,ELIGIBLE,R03b_20260811_FULL_v1,L1_ELIGIBILITY,v2026-08-11,2026-03-21..2026-08-06,baccarat_bet02_101_all_pairs_incl_sentinel,round_win = game_pnl > 0 (decisive only),COMPATIBILITY_ONLY_NOT_PRODUCTION,102.7406,65.7540,-62.4663,4,4,0.60800000,0.60800000,,0.60800000,62.4663,102.7406,THIN_EXPOSURE,0.0000,-2.4987,4.0000,96.0000,AG03-UNRESOLVED,ALL5_LEVELS_bet23_to_bet27,-2.4987,-2.4987,-2.4987,-3.7480,-3.7480,4.000000,4.000000,4.000000,6.000000,6.000000,96.000000,96.000000,96.000000,94.000000,94.000000,5.0,-14.9919,-13.6331,-47.4744,-48.8332,PENDING_AG03,FALSE,NOT_FOR_ENFORCEMENT,-59.9676,63.1238,-62.4663,-59.9676,-2.4987,-0.60800000,-0.58368000,-2.4987,-59.9676,-0.58368000,-2.4987,-2.4987,-2.4987,-3.7480,-3.7480,-59.9676,-0.58368000,-14.9919,-13.6331,-47.4744,-48.8332,-0.46208000,-0.47530566,-0.02432000,25.6852,16.4385,-15.6166,-62.4663,-20.8221,102.7406,4.0000,25.6852,,14.3837,27.9968,36.9866,36.9866,36.9866,36.9866,14.3837,13.6645,1.321101,1.321101,0.917431,3,3,1,1,1.00000000,-0.60800000,-0.60800000,0E-8,0.000000,0.640000,0.000000,,2026-08-02,2026-08-02,1,3,3,1,1.000000,,1.000000,3.333333,,,,,,,,GLOBAL_BASELINE_NO_ENTITY_RANKING,,,NOT_APPLICABLE_GLOBAL_BASELINE,HF9g-P5,,,,X 全窗基线 · 不参与实体赏罚,3920733,393,A168_HF9F_20260827_0900,2026-08-27 09:00:00
2026-03-25,147782252,2160,0,5.2663454196,5.2663454196,5.2663454196,1.0000000,1,1,0.49324550000000000,0.493245500000,1.01360149184955,1.01360149184955,1.01360149184955,0E-17,ELIGIBLE,R03b_20260811_FULL_v1,L1_ELIGIBILITY,v2026-08-11,2026-03-21..2026-08-06,baccarat_bet02_101_all_pairs_incl_sentinel,round_win = game_pnl > 0 (decisive only),COMPATIBILITY_ONLY_NOT_PRODUCTION,692.9402,567.2956,-62.4662,53,53,0.09014653,,0.09014653,0.09014653,62.4662,692.9402,OK,0.0000,-2.4986,4.0000,96.0000,AG03-UNRESOLVED,ALL5_LEVELS_bet23_to_bet27,-2.4986,-2.4986,-2.4986,-2.4986,-2.4986,4.000000,4.000000,4.000000,4.000000,4.000000,96.000000,96.000000,96.000000,96.000000,96.000000,5.0,-12.4932,-11.533,-49.9729,-50.9332,PENDING_AG03,FALSE,NOT_FOR_ENFORCEMENT,-59.9675,544.6038,-62.4662,-59.9675,-2.4986,-0.09014653,-0.08654067,-2.4986,-59.9675,-0.08654067,-2.4986,-2.4986,-2.4986,-2.4986,-2.4986,-59.9675,-0.08654067,-12.4932,-11.533,-49.9729,-50.9332,-0.07211723,-0.07350302,-0.00360586,13.0743,10.7037,-1.1786,-10.4110,-6.2466,115.4900,8.8333,,13.0743,5.2352,12.9729,13.8733,26.176,26.176,51.5667,7.8528,0.0,2.017747,3.974965,1.007823,6,9,7,2,0E-8,-0.09014653,,0E-8,0.000000,0.818679,0.566038,,2026-03-25,2026-05-04,6,10,8,41,0.146342,,,0.000000,,,,,,,,GLOBAL_BASELINE_NO_ENTITY_RANKING,,,NOT_APPLICABLE_GLOBAL_BASELINE,HF9g-P5,,,,X 全窗基线 · 不参与实体赏罚,3920734,393,A168_HF9F_20260827_0900,2026-08-27 09:00:00
2026-04-24,147782252,1505,0,14.3967751224,-3.0102347982,-3.0102347982,0.5000000,4,4,0.50329940000000000,0.503299400000,-0.01319788734859681,-0.01319788734859681,-0.01319788734859681,0E-17,ELIGIBLE,R03b_20260811_FULL_v1,L1_ELIGIBILITY,v2026-08-11,2026-03-21..2026-08-06,baccarat_bet02_101_all_pairs_incl_sentinel,round_win = game_pnl > 0 (decisive only),COMPATIBILITY_ONLY_NOT_PRODUCTION,692.9402,567.2956,-62.4662,53,53,0.09014653,,0.09014653,0.09014653,62.4662,692.9402,OK,0.0000,-2.4986,4.0000,96.0000,AG03-UNRESOLVED,ALL5_LEVELS_bet23_to_bet27,-2.4986,-2.4986,-2.4986,-2.4986,-2.4986,4.000000,4.000000,4.000000,4.000000,4.000000,96.000000,96.000000,96.000000,96.000000,96.000000,5.0,-12.4932,-11.533,-49.9729,-50.9332,PENDING_AG03,FALSE,NOT_FOR_ENFORCEMENT,-59.9675,544.6038,-62.4662,-59.9675,-2.4986,-0.09014653,-0.08654067,-2.4986,-59.9675,-0.08654067,-2.4986,-2.4986,-2.4986,-2.4986,-2.4986,-59.9675,-0.08654067,-12.4932,-11.533,-49.9729,-50.9332,-0.07211723,-0.07350302,-0.00360586,13.0743,10.7037,-1.1786,-10.4110,-6.2466,115.4900,8.8333,,13.0743,5.2352,12.9729,13.8733,26.176,26.176,51.5667,7.8528,0.0,2.017747,3.974965,1.007823,6,9,7,2,0E-8,-0.09014653,,0E-8,0.000000,0.818679,0.566038,,2026-03-25,2026-05-04,6,10,8,41,0.146342,,,0.000000,,,,,,,,GLOBAL_BASELINE_NO_ENTITY_RANKING,,,NOT_APPLICABLE_GLOBAL_BASELINE,HF9g-P5,,,,X 全窗基线 · 不参与实体赏罚,3920735,393,A168_HF9F_20260827_0900,2026-08-27 09:00:00
2026-04-25,147782252,2170,0,10.2086223595,-10.2086223595,-10.2086223595,0E-7,2,2,0.50665070000000000,0.506650700000,-1.4331513700195317,-1.4331513700195317,-1.4331513700195317,0E-17,ELIGIBLE,R03b_20260811_FULL_v1,L1_ELIGIBILITY,v2026-08-11,2026-03-21..2026-08-06,baccarat_bet02_101_all_pairs_incl_sentinel,round_win = game_pnl > 0 (decisive only),COMPATIBILITY_ONLY_NOT_PRODUCTION,692.9402,567.2956,-62.4662,53,53,0.09014653,,0.09014653,0.09014653,62.4662,692.9402,OK,0.0000,-2.4986,4.0000,96.0000,AG03-UNRESOLVED,ALL5_LEVELS_bet23_to_bet27,-2.4986,-2.4986,-2.4986,-2.4986,-2.4986,4.000000,4.000000,4.000000,4.000000,4.000000,96.000000,96.000000,96.000000,96.000000,96.000000,5.0,-12.4932,-11.533,-49.9729,-50.9332,PENDING_AG03,FALSE,NOT_FOR_ENFORCEMENT,-59.9675,544.6038,-62.4662,-59.9675,-2.4986,-0.09014653,-0.08654067,-2.4986,-59.9675,-0.08654067,-2.4986,-2.4986,-2.4986,-2.4986,-2.4986,-59.9675,-0.08654067,-12.4932,-11.533,-49.9729,-50.9332,-0.07211723,-0.07350302,-0.00360586,13.0743,10.7037,-1.1786,-10.4110,-6.2466,115.4900,8.8333,,13.0743,5.2352,12.9729,13.8733,26.176,26.176,51.5667,7.8528,0.0,2.017747,3.974965,1.007823,6,9,7,2,0E-8,-0.09014653,,0E-8,0.000000,0.818679,0.566038,,2026-03-25,2026-05-04,6,10,8,41,0.146342,,,0.000000,,,,,,,,GLOBAL_BASELINE_NO_ENTITY_RANKING,,,NOT_APPLICABLE_GLOBAL_BASELINE,HF9g-P5,,,,X 全窗基线 · 不参与实体赏罚,3920736,393,A168_HF9F_20260827_0900,2026-08-27 09:00:00
2026-04-27,147782252,1325,0,117.7917964560,-26.1759547680,-26.1759547680,0.2500000,6,6,0.50441650000000000,0.504416500000,-1.0177057024351048,-1.0177057024351048,-1.0177057024351048,0E-17,ELIGIBLE,R03b_20260811_FULL_v1,L1_ELIGIBILITY,v2026-08-11,2026-03-21..2026-08-06,baccarat_bet02_101_all_pairs_incl_sentinel,round_win = game_pnl > 0 (decisive only),COMPATIBILITY_ONLY_NOT_PRODUCTION,692.9402,567.2956,-62.4662,53,53,0.09014653,,0.09014653,0.09014653,62.4662,692.9402,OK,0.0000,-2.4986,4.0000,96.0000,AG03-UNRESOLVED,ALL5_LEVELS_bet23_to_bet27,-2.4986,-2.4986,-2.4986,-2.4986,-2.4986,4.000000,4.000000,4.000000,4.000000,4.000000,96.000000,96.000000,96.000000,96.000000,96.000000,5.0,-12.4932,-11.533,-49.9729,-50.9332,PENDING_AG03,FALSE,NOT_FOR_ENFORCEMENT,-59.9675,544.6038,-62.4662,-59.9675,-2.4986,-0.09014653,-0.08654067,-2.4986,-59.9675,-0.08654067,-2.4986,-2.4986,-2.4986,-2.4986,-2.4986,-59.9675,-0.08654067,-12.4932,-11.533,-49.9729,-50.9332,-0.07211723,-0.07350302,-0.00360586,13.0743,10.7037,-1.1786,-10.4110,-6.2466,115.4900,8.8333,,13.0743,5.2352,12.9729,13.8733,26.176,26.176,51.5667,7.8528,0.0,2.017747,3.974965,1.007823,6,9,7,2,0E-8,-0.09014653,,0E-8,0.000000,0.818679,0.566038,,2026-03-25,2026-05-04,6,10,8,41,0.146342,,,0.000000,,,,,,,,GLOBAL_BASELINE_NO_ENTITY_RANKING,,,NOT_APPLICABLE_GLOBAL_BASELINE,HF9g-P5,,,,X 全窗基线 · 不参与实体赏罚,3920737,393,A168_HF9F_20260827_0900,2026-08-27 09:00:00
2026-04-27,147782252,1951,0,287.9355024479,78.5278643040,78.5278643040,0.7000000,11,11,0.49690146363636364,0.496901463636,1.2845325943569283,1.2845325943592345,1.2845325943569283,3.6364E-13,ELIGIBLE,R03b_20260811_FULL_v1,L1_ELIGIBILITY,v2026-08-11,2026-03-21..2026-08-06,baccarat_bet02_101_all_pairs_incl_sentinel,round_win = game_pnl > 0 (decisive only),COMPATIBILITY_ONLY_NOT_PRODUCTION,692.9402,567.2956,-62.4662,53,53,0.09014653,,0.09014653,0.09014653,62.4662,692.9402,OK,0.0000,-2.4986,4.0000,96.0000,AG03-UNRESOLVED,ALL5_LEVELS_bet23_to_bet27,-2.4986,-2.4986,-2.4986,-2.4986,-2.4986,4.000000,4.000000,4.000000,4.000000,4.000000,96.000000,96.000000,96.000000,96.000000,96.000000,5.0,-12.4932,-11.533,-49.9729,-50.9332,PENDING_AG03,FALSE,NOT_FOR_ENFORCEMENT,-59.9675,544.6038,-62.4662,-59.9675,-2.4986,-0.09014653,-0.08654067,-2.4986,-59.9675,-0.08654067,-2.4986,-2.4986,-2.4986,-2.4986,-2.4986,-59.9675,-0.08654067,-12.4932,-11.533,-49.9729,-50.9332,-0.07211723,-0.07350302,-0.00360586,13.0743,10.7037,-1.1786,-10.4110,-6.2466,115.4900,8.8333,,13.0743,5.2352,12.9729,13.8733,26.176,26.176,51.5667,7.8528,0.0,2.017747,3.974965,1.007823,6,9,7,2,0E-8,-0.09014653,,0E-8,0.000000,0.818679,0.566038,,2026-03-25,2026-05-04,6,10,8,41,0.146342,,,0.000000,,,,,,,,GLOBAL_BASELINE_NO_ENTITY_RANKING,,,NOT_APPLICABLE_GLOBAL_BASELINE,HF9g-P5,,,,X 全窗基线 · 不参与实体赏罚,3920738,393,A168_HF9F_20260827_0900,2026-08-27 09:00:00
2026-04-27,147782252,2252,0,147.6323848914,-2.6437714317,-2.6437714317,0.4285714,16,16,0.49994810000000000,0.499948100000,-0.5341341026655996,-0.5341341026655996,-0.5341341026655996,0E-17,ELIGIBLE,R03b_20260811_FULL_v1,L1_ELIGIBILITY,v2026-08-11,2026-03-21..2026-08-06,baccarat_bet02_101_all_pairs_incl_sentinel,round_win = game_pnl > 0 (decisive only),COMPATIBILITY_ONLY_NOT_PRODUCTION,692.9402,567.2956,-62.4662,53,53,0.09014653,,0.09014653,0.09014653,62.4662,692.9402,OK,0.0000,-2.4986,4.0000,96.0000,AG03-UNRESOLVED,ALL5_LEVELS_bet23_to_bet27,-2.4986,-2.4986,-2.4986,-2.4986,-2.4986,4.000000,4.000000,4.000000,4.000000,4.000000,96.000000,96.000000,96.000000,96.000000,96.000000,5.0,-12.4932,-11.533,-49.9729,-50.9332,PENDING_AG03,FALSE,NOT_FOR_ENFORCEMENT,-59.9675,544.6038,-62.4662,-59.9675,-2.4986,-0.09014653,-0.08654067,-2.4986,-59.9675,-0.08654067,-2.4986,-2.4986,-2.4986,-2.4986,-2.4986,-59.9675,-0.08654067,-12.4932,-11.533,-49.9729,-50.9332,-0.07211723,-0.07350302,-0.00360586,13.0743,10.7037,-1.1786,-10.4110,-6.2466,115.4900,8.8333,,13.0743,5.2352,12.9729,13.8733,26.176,26.176,51.5667,7.8528,0.0,2.017747,3.974965,1.007823,6,9,7,2,0E-8,-0.09014653,,0E-8,0.000000,0.818679,0.566038,,2026-03-25,2026-05-04,6,10,8,41,0.146342,,,0.000000,,,,,,,,GLOBAL_BASELINE_NO_ENTITY_RANKING,,,NOT_APPLICABLE_GLOBAL_BASELINE,HF9g-P5,,,,X 全窗基线 · 不参与实体赏罚,3920739,393,A168_HF9F_20260827_0900,2026-08-27 09:00:00
2026-04-30,147782252,-1,1,10.4703819072,10.4703819072,10.4703819072,1.0000000,2,2,0.49324550000000000,0.493245500000,1.4334489766152358,1.4334489766152358,1.4334489766152358,0E-17,SENTINEL_DEALER,R03b_20260811_FULL_v1,L1_ELIGIBILITY,v2026-08-11,2026-03-21..2026-08-06,baccarat_bet02_101_all_pairs_incl_sentinel,round_win = game_pnl > 0 (decisive only),COMPATIBILITY_ONLY_NOT_PRODUCTION,692.9402,567.2956,-62.4662,53,53,0.09014653,,0.09014653,0.09014653,62.4662,692.9402,OK,0.0000,-2.4986,4.0000,96.0000,AG03-UNRESOLVED,ALL5_LEVELS_bet23_to_bet27,-2.4986,-2.4986,-2.4986,-2.4986,-2.4986,4.000000,4.000000,4.000000,4.000000,4.000000,96.000000,96.000000,96.000000,96.000000,96.000000,5.0,-12.4932,-11.533,-49.9729,-50.9332,PENDING_AG03,FALSE,NOT_FOR_ENFORCEMENT,-59.9675,544.6038,-62.4662,-59.9675,-2.4986,-0.09014653,-0.08654067,-2.4986,-59.9675,-0.08654067,-2.4986,-2.4986,-2.4986,-2.4986,-2.4986,-59.9675,-0.08654067,-12.4932,-11.533,-49.9729,-50.9332,-0.07211723,-0.07350302,-0.00360586,13.0743,10.7037,-1.1786,-10.4110,-6.2466,115.4900,8.8333,,13.0743,5.2352,12.9729,13.8733,26.176,26.176,51.5667,7.8528,0.0,2.017747,3.974965,1.007823,6,9,7,2,0E-8,-0.09014653,,0E-8,0.000000,0.818679,0.566038,,2026-03-25,2026-05-04,6,10,8,41,0.146342,,,0.000000,,,,,,,,GLOBAL_BASELINE_NO_ENTITY_RANKING,,,NOT_APPLICABLE_GLOBAL_BASELINE,HF9g-P5,,,,X 全窗基线 · 不参与实体赏罚,3920740,393,A168_HF9F_20260827_0900,2026-08-27 09:00:00
2026-04-30,147782252,1994,0,73.2926733504,-15.7055728608,-15.7055728608,0.2857143,9,9,0.50069283333333333,0.500692833333,-1.137560640527468,-1.137560640525703,-1.137560640527468,3.3333E-13,ELIGIBLE,R03b_20260811_FULL_v1,L1_ELIGIBILITY,v2026-08-11,2026-03-21..2026-08-06,baccarat_bet02_101_all_pairs_incl_sentinel,round_win = game_pnl > 0 (decisive only),COMPATIBILITY_ONLY_NOT_PRODUCTION,692.9402,567.2956,-62.4662,53,53,0.09014653,,0.09014653,0.09014653,62.4662,692.9402,OK,0.0000,-2.4986,4.0000,96.0000,AG03-UNRESOLVED,ALL5_LEVELS_bet23_to_bet27,-2.4986,-2.4986,-2.4986,-2.4986,-2.4986,4.000000,4.000000,4.000000,4.000000,4.000000,96.000000,96.000000,96.000000,96.000000,96.000000,5.0,-12.4932,-11.533,-49.9729,-50.9332,PENDING_AG03,FALSE,NOT_FOR_ENFORCEMENT,-59.9675,544.6038,-62.4662,-59.9675,-2.4986,-0.09014653,-0.08654067,-2.4986,-59.9675,-0.08654067,-2.4986,-2.4986,-2.4986,-2.4986,-2.4986,-59.9675,-0.08654067,-12.4932,-11.533,-49.9729,-50.9332,-0.07211723,-0.07350302,-0.00360586,13.0743,10.7037,-1.1786,-10.4110,-6.2466,115.4900,8.8333,,13.0743,5.2352,12.9729,13.8733,26.176,26.176,51.5667,7.8528,0.0,2.017747,3.974965,1.007823,6,9,7,2,0E-8,-0.09014653,,0E-8,0.000000,0.818679,0.566038,,2026-03-25,2026-05-04,6,10,8,41,0.146342,,,0.000000,,,,,,,,GLOBAL_BASELINE_NO_ENTITY_RANKING,,,NOT_APPLICABLE_GLOBAL_BASELINE,HF9g-P5,,,,X 全窗基线 · 不参与实体赏罚,3920741,393,A168_HF9F_20260827_0900,2026-08-27 09:00:00
2026-05-04,147782252,2223,0,25.9457215506,25.9457215506,25.9457215506,1.0000000,2,2,0.50665070000000000,0.506650700000,1.3955260008387969,1.3955260008387969,1.3955260008387969,0E-17,ELIGIBLE,R03b_20260811_FULL_v1,L1_ELIGIBILITY,v2026-08-11,2026-03-21..2026-08-06,baccarat_bet02_101_all_pairs_incl_sentinel,round_win = game_pnl > 0 (decisive only),COMPATIBILITY_ONLY_NOT_PRODUCTION,692.9402,567.2956,-62.4662,53,53,0.09014653,,0.09014653,0.09014653,62.4662,692.9402,OK,0.0000,-2.4986,4.0000,96.0000,AG03-UNRESOLVED,ALL5_LEVELS_bet23_to_bet27,-2.4986,-2.4986,-2.4986,-2.4986,-2.4986,4.000000,4.000000,4.000000,4.000000,4.000000,96.000000,96.000000,96.000000,96.000000,96.000000,5.0,-12.4932,-11.533,-49.9729,-50.9332,PENDING_AG03,FALSE,NOT_FOR_ENFORCEMENT,-59.9675,544.6038,-62.4662,-59.9675,-2.4986,-0.09014653,-0.08654067,-2.4986,-59.9675,-0.08654067,-2.4986,-2.4986,-2.4986,-2.4986,-2.4986,-59.9675,-0.08654067,-12.4932,-11.533,-49.9729,-50.9332,-0.07211723,-0.07350302,-0.00360586,13.0743,10.7037,-1.1786,-10.4110,-6.2466,115.4900,8.8333,,13.0743,5.2352,12.9729,13.8733,26.176,26.176,51.5667,7.8528,0.0,2.017747,3.974965,1.007823,6,9,7,2,0E-8,-0.09014653,,0E-8,0.000000,0.818679,0.566038,,2026-03-25,2026-05-04,6,10,8,41,0.146342,,,0.000000,,,,,,,,GLOBAL_BASELINE_NO_ENTITY_RANKING,,,NOT_APPLICABLE_GLOBAL_BASELINE,HF9g-P5,,,,X 全窗基线 · 不参与实体赏罚,3920742,393,A168_HF9F_20260827_0900,2026-08-27 09:00:00
2026-06-21,151872903,1210,0,51.9453802042,49.3481111940,49.3481111940,1.0000000,1,1,0.50665070000000000,0.506650700000,0.9867858985152569,0.9867858985152569,0.9867858985152569,0E-17,ELIGIBLE,R03b_20260811_FULL_v1,L1_ELIGIBILITY,v2026-08-11,2026-03-21..2026-08-06,baccarat_bet02_101_all_pairs_incl_sentinel,round_win = game_pnl > 0 (decisive only),COMPATIBILITY_ONLY_NOT_PRODUCTION,119.0629,119.0629,-62.4630,5,5,0.52462203,,0.52462203,0.52462203,62.4630,119.0629,THIN_EXPOSURE,0.0000,-2.4985,4.0000,96.0000,AG03-UNRESOLVED,ALL5_LEVELS_bet23_to_bet27,-2.4985,-2.4985,-2.4985,-3.1232,-3.1232,4.000000,4.000000,4.000000,5.000000,5.000000,96.000000,96.000000,96.000000,95.000000,95.000000,5.0,-13.7419,-12.5879,-48.7212,-49.8751,PENDING_AG03,FALSE,NOT_FOR_ENFORCEMENT,-59.9645,114.3004,-62.4630,-59.9645,-2.4985,-0.52462203,-0.50363715,-2.4985,-59.9645,-0.50363715,-2.4985,-2.4985,-2.4985,-3.1232,-3.1232,-59.9645,-0.50363715,-13.7419,-12.5879,-48.7212,-49.8751,-0.40920518,-0.41889718,-0.02098488,23.8126,23.8126,-12.4926,-31.2315,-31.2315,59.5315,2.5000,,23.8126,13.0506,15.4293,32.273,51.9454,51.9454,51.9454,15.4293,14.6579,3.366667,3.366667,1.543333,2,3,2,1,0E-8,-0.52462203,,0E-8,0.000000,1.000000,0.000000,,2026-06-21,2026-06-24,2,2,2,4,0.500000,,,0.000000,,,,,,,,GLOBAL_BASELINE_NO_ENTITY_RANKING,,,NOT_APPLICABLE_GLOBAL_BASELINE,HF9g-P5,,,,X 全窗基线 · 不参与实体赏罚,3920743,393,A168_HF9F_20260827_0900,2026-08-27 09:00:00
2026-06-21,151872903,994,0,54.0026229845,26.2298454496,26.2298454496,0.6666667,3,3,0.50665070000000000,0.506650700000,0.5543606114942035,0.5543606114942035,0.5543606114942035,0E-17,ELIGIBLE,R03b_20260811_FULL_v1,L1_ELIGIBILITY,v2026-08-11,2026-03-21..2026-08-06,baccarat_bet02_101_all_pairs_incl_sentinel,round_win = game_pnl > 0 (decisive only),COMPATIBILITY_ONLY_NOT_PRODUCTION,119.0629,119.0629,-62.4630,5,5,0.52462203,,0.52462203,0.52462203,62.4630,119.0629,THIN_EXPOSURE,0.0000,-2.4985,4.0000,96.0000,AG03-UNRESOLVED,ALL5_LEVELS_bet23_to_bet27,-2.4985,-2.4985,-2.4985,-3.1232,-3.1232,4.000000,4.000000,4.000000,5.000000,5.000000,96.000000,96.000000,96.000000,95.000000,95.000000,5.0,-13.7419,-12.5879,-48.7212,-49.8751,PENDING_AG03,FALSE,NOT_FOR_ENFORCEMENT,-59.9645,114.3004,-62.4630,-59.9645,-2.4985,-0.52462203,-0.50363715,-2.4985,-59.9645,-0.50363715,-2.4985,-2.4985,-2.4985,-3.1232,-3.1232,-59.9645,-0.50363715,-13.7419,-12.5879,-48.7212,-49.8751,-0.40920518,-0.41889718,-0.02098488,23.8126,23.8126,-12.4926,-31.2315,-31.2315,59.5315,2.5000,,23.8126,13.0506,15.4293,32.273,51.9454,51.9454,51.9454,15.4293,14.6579,3.366667,3.366667,1.543333,2,3,2,1,0E-8,-0.52462203,,0E-8,0.000000,1.000000,0.000000,,2026-06-21,2026-06-24,2,2,2,4,0.500000,,,0.000000,,,,,,,,GLOBAL_BASELINE_NO_ENTITY_RANKING,,,NOT_APPLICABLE_GLOBAL_BASELINE,HF9g-P5,,,,X 全窗基线 · 不参与实体赏罚,3920744,393,A168_HF9F_20260827_0900,2026-08-27 09:00:00
2026-06-24,151872903,2170,0,13.1149227248,-13.1149227248,-13.1149227248,0E-7,1,1,0.50665070000000000,0.506650700000,-1.013391052207602,-1.013391052207602,-1.013391052207602,0E-17,ELIGIBLE,R03b_20260811_FULL_v1,L1_ELIGIBILITY,v2026-08-11,2026-03-21..2026-08-06,baccarat_bet02_101_all_pairs_incl_sentinel,round_win = game_pnl > 0 (decisive only),COMPATIBILITY_ONLY_NOT_PRODUCTION,119.0629,119.0629,-62.4630,5,5,0.52462203,,0.52462203,0.52462203,62.4630,119.0629,THIN_EXPOSURE,0.0000,-2.4985,4.0000,96.0000,AG03-UNRESOLVED,ALL5_LEVELS_bet23_to_bet27,-2.4985,-2.4985,-2.4985,-3.1232,-3.1232,4.000000,4.000000,4.000000,5.000000,5.000000,96.000000,96.000000,96.000000,95.000000,95.000000,5.0,-13.7419,-12.5879,-48.7212,-49.8751,PENDING_AG03,FALSE,NOT_FOR_ENFORCEMENT,-59.9645,114.3004,-62.4630,-59.9645,-2.4985,-0.52462203,-0.50363715,-2.4985,-59.9645,-0.50363715,-2.4985,-2.4985,-2.4985,-3.1232,-3.1232,-59.9645,-0.50363715,-13.7419,-12.5879,-48.7212,-49.8751,-0.40920518,-0.41889718,-0.02098488,23.8126,23.8126,-12.4926,-31.2315,-31.2315,59.5315,2.5000,,23.8126,13.0506,15.4293,32.273,51.9454,51.9454,51.9454,15.4293,14.6579,3.366667,3.366667,1.543333,2,3,2,1,0E-8,-0.52462203,,0E-8,0.000000,1.000000,0.000000,,2026-06-21,2026-06-24,2,2,2,4,0.500000,,,0.000000,,,,,,,,GLOBAL_BASELINE_NO_ENTITY_RANKING,,,NOT_APPLICABLE_GLOBAL_BASELINE,HF9g-P5,,,,X 全窗基线 · 不参与实体赏罚,3920745,393,A168_HF9F_20260827_0900,2026-08-27 09:00:00
2026-04-22,148993535,1109,0,2.5298842578,-2.5298842578,-2.5298842578,0E-7,1,1,0.50665070000000000,0.506650700000,-1.013391052207602,-1.013391052207602,-1.013391052207602,0E-17,ELIGIBLE,R03b_20260811_FULL_v1,L1_ELIGIBILITY,v2026-08-11,2026-03-21..2026-08-06,baccarat_bet02_101_all_pairs_incl_sentinel,round_win = game_pnl > 0 (decisive only),COMPATIBILITY_ONLY_NOT_PRODUCTION,636.6875,600.0042,-62.4565,137,135,0.09809603,,0.09809603,0.09809603,62.4565,636.6875,OK,0.0000,-2.4983,4.0000,96.0000,AG03-UNRESOLVED,ALL5_LEVELS_bet23_to_bet27,-2.4983,-3.1228,-3.1228,-3.1228,-3.1228,4.000000,5.000000,5.000000,5.000000,5.000000,96.000000,95.000000,95.000000,95.000000,95.000000,5.0,-14.9896,-13.6201,-47.4670,-48.8364,PENDING_AG03,FALSE,NOT_FOR_ENFORCEMENT,-59.9583,576.0040,-62.4565,-59.9583,-2.4983,-0.09809603,-0.09417219,-2.4983,-59.9583,-0.09417219,-2.4983,-3.1228,-3.1228,-3.1228,-3.1228,-59.9583,-0.09417219,-14.9896,-13.6201,-47.4670,-48.8364,-0.07455298,-0.07670383,-0.00392384,4.6474,4.4445,-0.4626,-62.4565,-2.7155,636.6875,135.0000,,4.6474,2.1082,4.2165,6.3247,8.7703,10.5412,15.5799,4.0057,0.0,2.5,3.695007,1.10219,14,21,2,3,0E-8,-0.09809603,,0E-8,0.000000,0.942384,0.000000,,2026-04-22,2026-04-22,1,23,14,1,1.000000,,,0.000000,,,,,,,,GLOBAL_BASELINE_NO_ENTITY_RANKING,,,NOT_APPLICABLE_GLOBAL_BASELINE,HF9g-P5,,,,X 全窗基线 · 不参与实体赏罚,3920746,393,A168_HF9F_20260827_0900,2026-08-27 09:00:00
2026-04-22,148993535,1151,0,2.7407079459,0E-10,0E-10,,1,1,0.49324550000000000,0.493245500000,,,,0E-17,NO_DECISIVE_ROUND,R03b_20260811_FULL_v1,L1_ELIGIBILITY,v2026-08-11,2026-03-21..2026-08-06,baccarat_bet02_101_all_pairs_incl_sentinel,round_win = game_pnl > 0 (decisive only),COMPATIBILITY_ONLY_NOT_PRODUCTION,636.6875,600.0042,-62.4565,137,135,0.09809603,,0.09809603,0.09809603,62.4565,636.6875,OK,0.0000,-2.4983,4.0000,96.0000,AG03-UNRESOLVED,ALL5_LEVELS_bet23_to_bet27,-2.4983,-3.1228,-3.1228,-3.1228,-3.1228,4.000000,5.000000,5.000000,5.000000,5.000000,96.000000,95.000000,95.000000,95.000000,95.000000,5.0,-14.9896,-13.6201,-47.4670,-48.8364,PENDING_AG03,FALSE,NOT_FOR_ENFORCEMENT,-59.9583,576.0040,-62.4565,-59.9583,-2.4983,-0.09809603,-0.09417219,-2.4983,-59.9583,-0.09417219,-2.4983,-3.1228,-3.1228,-3.1228,-3.1228,-59.9583,-0.09417219,-14.9896,-13.6201,-47.4670,-48.8364,-0.07455298,-0.07670383,-0.00392384,4.6474,4.4445,-0.4626,-62.4565,-2.7155,636.6875,135.0000,,4.6474,2.1082,4.2165,6.3247,8.7703,10.5412,15.5799,4.0057,0.0,2.5,3.695007,1.10219,14,21,2,3,0E-8,-0.09809603,,0E-8,0.000000,0.942384,0.000000,,2026-04-22,2026-04-22,1,23,14,1,1.000000,,,0.000000,,,,,,,,GLOBAL_BASELINE_NO_ENTITY_RANKING,,,NOT_APPLICABLE_GLOBAL_BASELINE,HF9g-P5,,,,X 全窗基线 · 不参与实体赏罚,3920747,393,A168_HF9F_20260827_0900,2026-08-27 09:00:00
2026-04-22,148993535,1205,0,6.3247106444,6.1665928783,6.1665928783,1.0000000,3,3,0.49771390000000000,0.497713900000,1.739988277604938,1.739988277604938,1.739988277604938,0E-17,ELIGIBLE,R03b_20260811_FULL_v1,L1_ELIGIBILITY,v2026-08-11,2026-03-21..2026-08-06,baccarat_bet02_101_all_pairs_incl_sentinel,round_win = game_pnl > 0 (decisive only),COMPATIBILITY_ONLY_NOT_PRODUCTION,636.6875,600.0042,-62.4565,137,135,0.09809603,,0.09809603,0.09809603,62.4565,636.6875,OK,0.0000,-2.4983,4.0000,96.0000,AG03-UNRESOLVED,ALL5_LEVELS_bet23_to_bet27,-2.4983,-3.1228,-3.1228,-3.1228,-3.1228,4.000000,5.000000,5.000000,5.000000,5.000000,96.000000,95.000000,95.000000,95.000000,95.000000,5.0,-14.9896,-13.6201,-47.4670,-48.8364,PENDING_AG03,FALSE,NOT_FOR_ENFORCEMENT,-59.9583,576.0040,-62.4565,-59.9583,-2.4983,-0.09809603,-0.09417219,-2.4983,-59.9583,-0.09417219,-2.4983,-3.1228,-3.1228,-3.1228,-3.1228,-59.9583,-0.09417219,-14.9896,-13.6201,-47.4670,-48.8364,-0.07455298,-0.07670383,-0.00392384,4.6474,4.4445,-0.4626,-62.4565,-2.7155,636.6875,135.0000,,4.6474,2.1082,4.2165,6.3247,8.7703,10.5412,15.5799,4.0057,0.0,2.5,3.695007,1.10219,14,21,2,3,0E-8,-0.09809603,,0E-8,0.000000,0.942384,0.000000,,2026-04-22,2026-04-22,1,23,14,1,1.000000,,,0.000000,,,,,,,,GLOBAL_BASELINE_NO_ENTITY_RANKING,,,NOT_APPLICABLE_GLOBAL_BASELINE,HF9g-P5,,,,X 全窗基线 · 不参与实体赏罚,3920748,393,A168_HF9F_20260827_0900,2026-08-27 09:00:00
2026-04-22,148993535,1210,0,2.3190605696,0E-10,0E-10,,1,1,0.49324550000000000,0.493245500000,,,,0E-17,NO_DECISIVE_ROUND,R03b_20260811_FULL_v1,L1_ELIGIBILITY,v2026-08-11,2026-03-21..2026-08-06,baccarat_bet02_101_all_pairs_incl_sentinel,round_win = game_pnl > 0 (decisive only),COMPATIBILITY_ONLY_NOT_PRODUCTION,636.6875,600.0042,-62.4565,137,135,0.09809603,,0.09809603,0.09809603,62.4565,636.6875,OK,0.0000,-2.4983,4.0000,96.0000,AG03-UNRESOLVED,ALL5_LEVELS_bet23_to_bet27,-2.4983,-3.1228,-3.1228,-3.1228,-3.1228,4.000000,5.000000,5.000000,5.000000,5.000000,96.000000,95.000000,95.000000,95.000000,95.000000,5.0,-14.9896,-13.6201,-47.4670,-48.8364,PENDING_AG03,FALSE,NOT_FOR_ENFORCEMENT,-59.9583,576.0040,-62.4565,-59.9583,-2.4983,-0.09809603,-0.09417219,-2.4983,-59.9583,-0.09417219,-2.4983,-3.1228,-3.1228,-3.1228,-3.1228,-59.9583,-0.09417219,-14.9896,-13.6201,-47.4670,-48.8364,-0.07455298,-0.07670383,-0.00392384,4.6474,4.4445,-0.4626,-62.4565,-2.7155,636.6875,135.0000,,4.6474,2.1082,4.2165,6.3247,8.7703,10.5412,15.5799,4.0057,0.0,2.5,3.695007,1.10219,14,21,2,3,0E-8,-0.09809603,,0E-8,0.000000,0.942384,0.000000,,2026-04-22,2026-04-22,1,23,14,1,1.000000,,,0.000000,,,,,,,,GLOBAL_BASELINE_NO_ENTITY_RANKING,,,NOT_APPLICABLE_GLOBAL_BASELINE,HF9g-P5,,,,X 全窗基线 · 不参与实体赏罚,3920749,393,A168_HF9F_20260827_0900,2026-08-27 09:00:00
2026-04-22,148993535,1299,0,0.8432947525,-0.8432947525,-0.8432947525,0E-7,2,2,0.49994810000000000,0.499948100000,-1.4140667746232096,-1.4140667746232096,-1.4140667746232096,0E-17,ELIGIBLE,R03b_20260811_FULL_v1,L1_ELIGIBILITY,v2026-08-11,2026-03-21..2026-08-06,baccarat_bet02_101_all_pairs_incl_sentinel,round_win = game_pnl > 0 (decisive only),COMPATIBILITY_ONLY_NOT_PRODUCTION,636.6875,600.0042,-62.4565,137,135,0.09809603,,0.09809603,0.09809603,62.4565,636.6875,OK,0.0000,-2.4983,4.0000,96.0000,AG03-UNRESOLVED,ALL5_LEVELS_bet23_to_bet27,-2.4983,-3.1228,-3.1228,-3.1228,-3.1228,4.000000,5.000000,5.000000,5.000000,5.000000,96.000000,95.000000,95.000000,95.000000,95.000000,5.0,-14.9896,-13.6201,-47.4670,-48.8364,PENDING_AG03,FALSE,NOT_FOR_ENFORCEMENT,-59.9583,576.0040,-62.4565,-59.9583,-2.4983,-0.09809603,-0.09417219,-2.4983,-59.9583,-0.09417219,-2.4983,-3.1228,-3.1228,-3.1228,-3.1228,-59.9583,-0.09417219,-14.9896,-13.6201,-47.4670,-48.8364,-0.07455298,-0.07670383,-0.00392384,4.6474,4.4445,-0.4626,-62.4565,-2.7155,636.6875,135.0000,,4.6474,2.1082,4.2165,6.3247,8.7703,10.5412,15.5799,4.0057,0.0,2.5,3.695007,1.10219,14,21,2,3,0E-8,-0.09809603,,0E-8,0.000000,0.942384,0.000000,,2026-04-22,2026-04-22,1,23,14,1,1.000000,,,0.000000,,,,,,,,GLOBAL_BASELINE_NO_ENTITY_RANKING,,,NOT_APPLICABLE_GLOBAL_BASELINE,HF9g-P5,,,,X 全窗基线 · 不参与实体赏罚,3920750,393,A168_HF9F_20260827_0900,2026-08-27 09:00:00
2026-04-22,148993535,1330,0,78.8480593679,49.9652140915,49.9652140915,0.8000000,12,11,0.49657243791119406,0.481827977273,1.9190894943001446,2.0136268880175003,1.9190894943001446,0.01474446063819406,ELIGIBLE,R03b_20260811_FULL_v1,L1_ELIGIBILITY,v2026-08-11,2026-03-21..2026-08-06,baccarat_bet02_101_all_pairs_incl_sentinel,round_win = game_pnl > 0 (decisive only),COMPATIBILITY_ONLY_NOT_PRODUCTION,636.6875,600.0042,-62.4565,137,135,0.09809603,,0.09809603,0.09809603,62.4565,636.6875,OK,0.0000,-2.4983,4.0000,96.0000,AG03-UNRESOLVED,ALL5_LEVELS_bet23_to_bet27,-2.4983,-3.1228,-3.1228,-3.1228,-3.1228,4.000000,5.000000,5.000000,5.000000,5.000000,96.000000,95.000000,95.000000,95.000000,95.000000,5.0,-14.9896,-13.6201,-47.4670,-48.8364,PENDING_AG03,FALSE,NOT_FOR_ENFORCEMENT,-59.9583,576.0040,-62.4565,-59.9583,-2.4983,-0.09809603,-0.09417219,-2.4983,-59.9583,-0.09417219,-2.4983,-3.1228,-3.1228,-3.1228,-3.1228,-59.9583,-0.09417219,-14.9896,-13.6201,-47.4670,-48.8364,-0.07455298,-0.07670383,-0.00392384,4.6474,4.4445,-0.4626,-62.4565,-2.7155,636.6875,135.0000,,4.6474,2.1082,4.2165,6.3247,8.7703,10.5412,15.5799,4.0057,0.0,2.5,3.695007,1.10219,14,21,2,3,0E-8,-0.09809603,,0E-8,0.000000,0.942384,0.000000,,2026-04-22,2026-04-22,1,23,14,1,1.000000,,,0.000000,,,,,,,,GLOBAL_BASELINE_NO_ENTITY_RANKING,,,NOT_APPLICABLE_GLOBAL_BASELINE,HF9g-P5,,,,X 全窗基线 · 不参与实体赏罚,3920751,393,A168_HF9F_20260827_0900,2026-08-27 09:00:00
2026-04-22,148993535,1353,0,8.2221238378,-2.7407079460,-2.7407079460,0.5000000,2,2,0.49994810000000000,0.499948100000,0.00014679536856514622,0.00014679536856514622,0.00014679536856514622,0E-17,ELIGIBLE,R03b_20260811_FULL_v1,L1_ELIGIBILITY,v2026-08-11,2026-03-21..2026-08-06,baccarat_bet02_101_all_pairs_incl_sentinel,round_win = game_pnl > 0 (decisive only),COMPATIBILITY_ONLY_NOT_PRODUCTION,636.6875,600.0042,-62.4565,137,135,0.09809603,,0.09809603,0.09809603,62.4565,636.6875,OK,0.0000,-2.4983,4.0000,96.0000,AG03-UNRESOLVED,ALL5_LEVELS_bet23_to_bet27,-2.4983,-3.1228,-3.1228,-3.1228,-3.1228,4.000000,5.000000,5.000000,5.000000,5.000000,96.000000,95.000000,95.000000,95.000000,95.000000,5.0,-14.9896,-13.6201,-47.4670,-48.8364,PENDING_AG03,FALSE,NOT_FOR_ENFORCEMENT,-59.9583,576.0040,-62.4565,-59.9583,-2.4983,-0.09809603,-0.09417219,-2.4983,-59.9583,-0.09417219,-2.4983,-3.1228,-3.1228,-3.1228,-3.1228,-59.9583,-0.09417219,-14.9896,-13.6201,-47.4670,-48.8364,-0.07455298,-0.07670383,-0.00392384,4.6474,4.4445,-0.4626,-62.4565,-2.7155,636.6875,135.0000,,4.6474,2.1082,4.2165,6.3247,8.7703,10.5412,15.5799,4.0057,0.0,2.5,3.695007,1.10219,14,21,2,3,0E-8,-0.09809603,,0E-8,0.000000,0.942384,0.000000,,2026-04-22,2026-04-22,1,23,14,1,1.000000,,,0.000000,,,,,,,,GLOBAL_BASELINE_NO_ENTITY_RANKING,,,NOT_APPLICABLE_GLOBAL_BASELINE,HF9g-P5,,,,X 全窗基线 · 不参与实体赏罚,3920752,393,A168_HF9F_20260827_0900,2026-08-27 09:00:00
2026-04-22,148993535,1509,0,3.1623553222,-3.1623553222,-3.1623553222,0E-7,2,2,0.49994810000000000,0.499948100000,-1.4140667746232096,-1.4140667746232096,-1.4140667746232096,0E-17,ELIGIBLE,R03b_20260811_FULL_v1,L1_ELIGIBILITY,v2026-08-11,2026-03-21..2026-08-06,baccarat_bet02_101_all_pairs_incl_sentinel,round_win = game_pnl > 0 (decisive only),COMPATIBILITY_ONLY_NOT_PRODUCTION,636.6875,600.0042,-62.4565,137,135,0.09809603,,0.09809603,0.09809603,62.4565,636.6875,OK,0.0000,-2.4983,4.0000,96.0000,AG03-UNRESOLVED,ALL5_LEVELS_bet23_to_bet27,-2.4983,-3.1228,-3.1228,-3.1228,-3.1228,4.000000,5.000000,5.000000,5.000000,5.000000,96.000000,95.000000,95.000000,95.000000,95.000000,5.0,-14.9896,-13.6201,-47.4670,-48.8364,PENDING_AG03,FALSE,NOT_FOR_ENFORCEMENT,-59.9583,576.0040,-62.4565,-59.9583,-2.4983,-0.09809603,-0.09417219,-2.4983,-59.9583,-0.09417219,-2.4983,-3.1228,-3.1228,-3.1228,-3.1228,-59.9583,-0.09417219,-14.9896,-13.6201,-47.4670,-48.8364,-0.07455298,-0.07670383,-0.00392384,4.6474,4.4445,-0.4626,-62.4565,-2.7155,636.6875,135.0000,,4.6474,2.1082,4.2165,6.3247,8.7703,10.5412,15.5799,4.0057,0.0,2.5,3.695007,1.10219,14,21,2,3,0E-8,-0.09809603,,0E-8,0.000000,0.942384,0.000000,,2026-04-22,2026-04-22,1,23,14,1,1.000000,,,0.000000,,,,,,,,GLOBAL_BASELINE_NO_ENTITY_RANKING,,,NOT_APPLICABLE_GLOBAL_BASELINE,HF9g-P5,,,,X 全窗基线 · 不参与实体赏罚,3920753,393,A168_HF9F_20260827_0900,2026-08-27 09:00:00
2026-04-22,148993535,1957,0,42.5863850058,9.5081483355,9.5081483355,0.6250000,17,17,0.49876528823529412,0.498765288235,1.0098807732753625,1.009880773277717,1.0098807732753625,2.9412E-13,ELIGIBLE,R03b_20260811_FULL_v1,L1_ELIGIBILITY,v2026-08-11,2026-03-21..2026-08-06,baccarat_bet02_101_all_pairs_incl_sentinel,round_win = game_pnl > 0 (decisive only),COMPATIBILITY_ONLY_NOT_PRODUCTION,636.6875,600.0042,-62.4565,137,135,0.09809603,,0.09809603,0.09809603,62.4565,636.6875,OK,0.0000,-2.4983,4.0000,96.0000,AG03-UNRESOLVED,ALL5_LEVELS_bet23_to_bet27,-2.4983,-3.1228,-3.1228,-3.1228,-3.1228,4.000000,5.000000,5.000000,5.000000,5.000000,96.000000,95.000000,95.000000,95.000000,95.000000,5.0,-14.9896,-13.6201,-47.4670,-48.8364,PENDING_AG03,FALSE,NOT_FOR_ENFORCEMENT,-59.9583,576.0040,-62.4565,-59.9583,-2.4983,-0.09809603,-0.09417219,-2.4983,-59.9583,-0.09417219,-2.4983,-3.1228,-3.1228,-3.1228,-3.1228,-59.9583,-0.09417219,-14.9896,-13.6201,-47.4670,-48.8364,-0.07455298,-0.07670383,-0.00392384,4.6474,4.4445,-0.4626,-62.4565,-2.7155,636.6875,135.0000,,4.6474,2.1082,4.2165,6.3247,8.7703,10.5412,15.5799,4.0057,0.0,2.5,3.695007,1.10219,14,21,2,3,0E-8,-0.09809603,,0E-8,0.000000,0.942384,0.000000,,2026-04-22,2026-04-22,1,23,14,1,1.000000,,,0.000000,,,,,,,,GLOBAL_BASELINE_NO_ENTITY_RANKING,,,NOT_APPLICABLE_GLOBAL_BASELINE,HF9g-P5,,,,X 全窗基线 · 不参与实体赏罚,3920754,393,A168_HF9F_20260827_0900,2026-08-27 09:00:00
2026-04-22,148993535,1966,0,58.1873379292,9.8349250523,9.8349250523,0.5000000,12,12,0.49883100000000000,0.498831000000,0.008099091712028059,0.008099091712028059,0.008099091712028059,0E-17,ELIGIBLE,R03b_20260811_FULL_v1,L1_ELIGIBILITY,v2026-08-11,2026-03-21..2026-08-06,baccarat_bet02_101_all_pairs_incl_sentinel,round_win = game_pnl > 0 (decisive only),COMPATIBILITY_ONLY_NOT_PRODUCTION,636.6875,600.0042,-62.4565,137,135,0.09809603,,0.09809603,0.09809603,62.4565,636.6875,OK,0.0000,-2.4983,4.0000,96.0000,AG03-UNRESOLVED,ALL5_LEVELS_bet23_to_bet27,-2.4983,-3.1228,-3.1228,-3.1228,-3.1228,4.000000,5.000000,5.000000,5.000000,5.000000,96.000000,95.000000,95.000000,95.000000,95.000000,5.0,-14.9896,-13.6201,-47.4670,-48.8364,PENDING_AG03,FALSE,NOT_FOR_ENFORCEMENT,-59.9583,576.0040,-62.4565,-59.9583,-2.4983,-0.09809603,-0.09417219,-2.4983,-59.9583,-0.09417219,-2.4983,-3.1228,-3.1228,-3.1228,-3.1228,-59.9583,-0.09417219,-14.9896,-13.6201,-47.4670,-48.8364,-0.07455298,-0.07670383,-0.00392384,4.6474,4.4445,-0.4626,-62.4565,-2.7155,636.6875,135.0000,,4.6474,2.1082,4.2165,6.3247,8.7703,10.5412,15.5799,4.0057,0.0,2.5,3.695007,1.10219,14,21,2,3,0E-8,-0.09809603,,0E-8,0.000000,0.942384,0.000000,,2026-04-22,2026-04-22,1,23,14,1,1.000000,,,0.000000,,,,,,,,GLOBAL_BASELINE_NO_ENTITY_RANKING,,,NOT_APPLICABLE_GLOBAL_BASELINE,HF9g-P5,,,,X 全窗基线 · 不参与实体赏罚,3920755,393,A168_HF9F_20260827_0900,2026-08-27 09:00:00
2026-04-22,148993535,1985,0,9.4870659665,8.3275356818,8.3275356818,1.0000000,5,5,0.50128862000000000,0.501288620000,1.9948521450805654,1.9948521450805654,1.9948521450805654,0E-17,ELIGIBLE,R03b_20260811_FULL_v1,L1_ELIGIBILITY,v2026-08-11,2026-03-21..2026-08-06,baccarat_bet02_101_all_pairs_incl_sentinel,round_win = game_pnl > 0 (decisive only),COMPATIBILITY_ONLY_NOT_PRODUCTION,636.6875,600.0042,-62.4565,137,135,0.09809603,,0.09809603,0.09809603,62.4565,636.6875,OK,0.0000,-2.4983,4.0000,96.0000,AG03-UNRESOLVED,ALL5_LEVELS_bet23_to_bet27,-2.4983,-3.1228,-3.1228,-3.1228,-3.1228,4.000000,5.000000,5.000000,5.000000,5.000000,96.000000,95.000000,95.000000,95.000000,95.000000,5.0,-14.9896,-13.6201,-47.4670,-48.8364,PENDING_AG03,FALSE,NOT_FOR_ENFORCEMENT,-59.9583,576.0040,-62.4565,-59.9583,-2.4983,-0.09809603,-0.09417219,-2.4983,-59.9583,-0.09417219,-2.4983,-3.1228,-3.1228,-3.1228,-3.1228,-59.9583,-0.09417219,-14.9896,-13.6201,-47.4670,-48.8364,-0.07455298,-0.07670383,-0.00392384,4.6474,4.4445,-0.4626,-62.4565,-2.7155,636.6875,135.0000,,4.6474,2.1082,4.2165,6.3247,8.7703,10.5412,15.5799,4.0057,0.0,2.5,3.695007,1.10219,14,21,2,3,0E-8,-0.09809603,,0E-8,0.000000,0.942384,0.000000,,2026-04-22,2026-04-22,1,23,14,1,1.000000,,,0.000000,,,,,,,,GLOBAL_BASELINE_NO_ENTITY_RANKING,,,NOT_APPLICABLE_GLOBAL_BASELINE,HF9g-P5,,,,X 全窗基线 · 不参与实体赏罚,3920756,393,A168_HF9F_20260827_0900,2026-08-27 09:00:00
2026-04-22,148993535,2088,0,71.0475829064,23.0957350369,23.0957350369,0.6363636,11,11,0.50543204545454545,0.505432045455,0.8685531790140335,0.8685531790110268,0.8685531790140335,-4.5455E-13,ELIGIBLE,R03b_20260811_FULL_v1,L1_ELIGIBILITY,v2026-08-11,2026-03-21..2026-08-06,baccarat_bet02_101_all_pairs_incl_sentinel,round_win = game_pnl > 0 (decisive only),COMPATIBILITY_ONLY_NOT_PRODUCTION,636.6875,600.0042,-62.4565,137,135,0.09809603,,0.09809603,0.09809603,62.4565,636.6875,OK,0.0000,-2.4983,4.0000,96.0000,AG03-UNRESOLVED,ALL5_LEVELS_bet23_to_bet27,-2.4983,-3.1228,-3.1228,-3.1228,-3.1228,4.000000,5.000000,5.000000,5.000000,5.000000,96.000000,95.000000,95.000000,95.000000,95.000000,5.0,-14.9896,-13.6201,-47.4670,-48.8364,PENDING_AG03,FALSE,NOT_FOR_ENFORCEMENT,-59.9583,576.0040,-62.4565,-59.9583,-2.4983,-0.09809603,-0.09417219,-2.4983,-59.9583,-0.09417219,-2.4983,-3.1228,-3.1228,-3.1228,-3.1228,-59.9583,-0.09417219,-14.9896,-13.6201,-47.4670,-48.8364,-0.07455298,-0.07670383,-0.00392384,4.6474,4.4445,-0.4626,-62.4565,-2.7155,636.6875,135.0000,,4.6474,2.1082,4.2165,6.3247,8.7703,10.5412,15.5799,4.0057,0.0,2.5,3.695007,1.10219,14,21,2,3,0E-8,-0.09809603,,0E-8,0.000000,0.942384,0.000000,,2026-04-22,2026-04-22,1,23,14,1,1.000000,,,0.000000,,,,,,,,GLOBAL_BASELINE_NO_ENTITY_RANKING,,,NOT_APPLICABLE_GLOBAL_BASELINE,HF9g-P5,,,,X 全窗基线 · 不参与实体赏罚,3920757,393,A168_HF9F_20260827_0900,2026-08-27 09:00:00
2026-04-22,148993535,2104,0,23.4014293845,0.3162355323,0.3162355323,0.5000000,6,6,0.49771390000000000,0.497713900000,0.011199674067230152,0.011199674067230152,0.011199674067230152,0E-17,ELIGIBLE,R03b_20260811_FULL_v1,L1_ELIGIBILITY,v2026-08-11,2026-03-21..2026-08-06,baccarat_bet02_101_all_pairs_incl_sentinel,round_win = game_pnl > 0 (decisive only),COMPATIBILITY_ONLY_NOT_PRODUCTION,636.6875,600.0042,-62.4565,137,135,0.09809603,,0.09809603,0.09809603,62.4565,636.6875,OK,0.0000,-2.4983,4.0000,96.0000,AG03-UNRESOLVED,ALL5_LEVELS_bet23_to_bet27,-2.4983,-3.1228,-3.1228,-3.1228,-3.1228,4.000000,5.000000,5.000000,5.000000,5.000000,96.000000,95.000000,95.000000,95.000000,95.000000,5.0,-14.9896,-13.6201,-47.4670,-48.8364,PENDING_AG03,FALSE,NOT_FOR_ENFORCEMENT,-59.9583,576.0040,-62.4565,-59.9583,-2.4983,-0.09809603,-0.09417219,-2.4983,-59.9583,-0.09417219,-2.4983,-3.1228,-3.1228,-3.1228,-3.1228,-59.9583,-0.09417219,-14.9896,-13.6201,-47.4670,-48.8364,-0.07455298,-0.07670383,-0.00392384,4.6474,4.4445,-0.4626,-62.4565,-2.7155,636.6875,135.0000,,4.6474,2.1082,4.2165,6.3247,8.7703,10.5412,15.5799,4.0057,0.0,2.5,3.695007,1.10219,14,21,2,3,0E-8,-0.09809603,,0E-8,0.000000,0.942384,0.000000,,2026-04-22,2026-04-22,1,23,14,1,1.000000,,,0.000000,,,,,,,,GLOBAL_BASELINE_NO_ENTITY_RANKING,,,NOT_APPLICABLE_GLOBAL_BASELINE,HF9g-P5,,,,X 全窗基线 · 不参与实体赏罚,3920758,393,A168_HF9F_20260827_0900,2026-08-27 09:00:00
2026-04-22,148993535,2121,0,10.5411844075,-10.5411844075,-10.5411844075,0E-7,1,1,0.50665070000000000,0.506650700000,-1.013391052207602,-1.013391052207602,-1.013391052207602,0E-17,ELIGIBLE,R03b_20260811_FULL_v1,L1_ELIGIBILITY,v2026-08-11,2026-03-21..2026-08-06,baccarat_bet02_101_all_pairs_incl_sentinel,round_win = game_pnl > 0 (decisive only),COMPATIBILITY_ONLY_NOT_PRODUCTION,636.6875,600.0042,-62.4565,137,135,0.09809603,,0.09809603,0.09809603,62.4565,636.6875,OK,0.0000,-2.4983,4.0000,96.0000,AG03-UNRESOLVED,ALL5_LEVELS_bet23_to_bet27,-2.4983,-3.1228,-3.1228,-3.1228,-3.1228,4.000000,5.000000,5.000000,5.000000,5.000000,96.000000,95.000000,95.000000,95.000000,95.000000,5.0,-14.9896,-13.6201,-47.4670,-48.8364,PENDING_AG03,FALSE,NOT_FOR_ENFORCEMENT,-59.9583,576.0040,-62.4565,-59.9583,-2.4983,-0.09809603,-0.09417219,-2.4983,-59.9583,-0.09417219,-2.4983,-3.1228,-3.1228,-3.1228,-3.1228,-59.9583,-0.09417219,-14.9896,-13.6201,-47.4670,-48.8364,-0.07455298,-0.07670383,-0.00392384,4.6474,4.4445,-0.4626,-62.4565,-2.7155,636.6875,135.0000,,4.6474,2.1082,4.2165,6.3247,8.7703,10.5412,15.5799,4.0057,0.0,2.5,3.695007,1.10219,14,21,2,3,0E-8,-0.09809603,,0E-8,0.000000,0.942384,0.000000,,2026-04-22,2026-04-22,1,23,14,1,1.000000,,,0.000000,,,,,,,,GLOBAL_BASELINE_NO_ENTITY_RANKING,,,NOT_APPLICABLE_GLOBAL_BASELINE,HF9g-P5,,,,X 全窗基线 · 不参与实体赏罚,3920759,393,A168_HF9F_20260827_0900,2026-08-27 09:00:00
2026-04-22,148993535,2123,0,53.5492167899,-16.8975186052,-16.8975186052,0.3846154,13,13,0.49633900769230769,0.496339007692,-0.8056721002866487,-0.8056721002844335,-0.8056721002866487,3.0769E-13,ELIGIBLE,R03b_20260811_FULL_v1,L1_ELIGIBILITY,v2026-08-11,2026-03-21..2026-08-06,baccarat_bet02_101_all_pairs_incl_sentinel,round_win = game_pnl > 0 (decisive only),COMPATIBILITY_ONLY_NOT_PRODUCTION,636.6875,600.0042,-62.4565,137,135,0.09809603,,0.09809603,0.09809603,62.4565,636.6875,OK,0.0000,-2.4983,4.0000,96.0000,AG03-UNRESOLVED,ALL5_LEVELS_bet23_to_bet27,-2.4983,-3.1228,-3.1228,-3.1228,-3.1228,4.000000,5.000000,5.000000,5.000000,5.000000,96.000000,95.000000,95.000000,95.000000,95.000000,5.0,-14.9896,-13.6201,-47.4670,-48.8364,PENDING_AG03,FALSE,NOT_FOR_ENFORCEMENT,-59.9583,576.0040,-62.4565,-59.9583,-2.4983,-0.09809603,-0.09417219,-2.4983,-59.9583,-0.09417219,-2.4983,-3.1228,-3.1228,-3.1228,-3.1228,-59.9583,-0.09417219,-14.9896,-13.6201,-47.4670,-48.8364,-0.07455298,-0.07670383,-0.00392384,4.6474,4.4445,-0.4626,-62.4565,-2.7155,636.6875,135.0000,,4.6474,2.1082,4.2165,6.3247,8.7703,10.5412,15.5799,4.0057,0.0,2.5,3.695007,1.10219,14,21,2,3,0E-8,-0.09809603,,0E-8,0.000000,0.942384,0.000000,,2026-04-22,2026-04-22,1,23,14,1,1.000000,,,0.000000,,,,,,,,GLOBAL_BASELINE_NO_ENTITY_RANKING,,,NOT_APPLICABLE_GLOBAL_BASELINE,HF9g-P5,,,,X 全窗基线 · 不参与实体赏罚,3920760,393,A168_HF9F_20260827_0900,2026-08-27 09:00:00
2026-04-22,148993535,2167,0,43.2188560705,8.7491830584,8.7491830584,0.4615385,14,14,0.50186312857142857,0.501863128571,-0.29078732810366276,-0.29078732810057134,-0.29078732810366276,4.2857E-13,ELIGIBLE,R03b_20260811_FULL_v1,L1_ELIGIBILITY,v2026-08-11,2026-03-21..2026-08-06,baccarat_bet02_101_all_pairs_incl_sentinel,round_win = game_pnl > 0 (decisive only),COMPATIBILITY_ONLY_NOT_PRODUCTION,636.6875,600.0042,-62.4565,137,135,0.09809603,,0.09809603,0.09809603,62.4565,636.6875,OK,0.0000,-2.4983,4.0000,96.0000,AG03-UNRESOLVED,ALL5_LEVELS_bet23_to_bet27,-2.4983,-3.1228,-3.1228,-3.1228,-3.1228,4.000000,5.000000,5.000000,5.000000,5.000000,96.000000,95.000000,95.000000,95.000000,95.000000,5.0,-14.9896,-13.6201,-47.4670,-48.8364,PENDING_AG03,FALSE,NOT_FOR_ENFORCEMENT,-59.9583,576.0040,-62.4565,-59.9583,-2.4983,-0.09809603,-0.09417219,-2.4983,-59.9583,-0.09417219,-2.4983,-3.1228,-3.1228,-3.1228,-3.1228,-59.9583,-0.09417219,-14.9896,-13.6201,-47.4670,-48.8364,-0.07455298,-0.07670383,-0.00392384,4.6474,4.4445,-0.4626,-62.4565,-2.7155,636.6875,135.0000,,4.6474,2.1082,4.2165,6.3247,8.7703,10.5412,15.5799,4.0057,0.0,2.5,3.695007,1.10219,14,21,2,3,0E-8,-0.09809603,,0E-8,0.000000,0.942384,0.000000,,2026-04-22,2026-04-22,1,23,14,1,1.000000,,,0.000000,,,,,,,,GLOBAL_BASELINE_NO_ENTITY_RANKING,,,NOT_APPLICABLE_GLOBAL_BASELINE,HF9g-P5,,,,X 全窗基线 · 不参与实体赏罚,3920761,393,A168_HF9F_20260827_0900,2026-08-27 09:00:00
2026-04-22,148993535,2174,0,26.7746083949,8.8545949023,8.8545949023,0.5000000,7,6,0.50274084999998675,0.503299400000,-0.013427569667219906,-0.016164044843397878,-0.013427569667219906,-0.00055855000001325,ELIGIBLE,R03b_20260811_FULL_v1,L1_ELIGIBILITY,v2026-08-11,2026-03-21..2026-08-06,baccarat_bet02_101_all_pairs_incl_sentinel,round_win = game_pnl > 0 (decisive only),COMPATIBILITY_ONLY_NOT_PRODUCTION,636.6875,600.0042,-62.4565,137,135,0.09809603,,0.09809603,0.09809603,62.4565,636.6875,OK,0.0000,-2.4983,4.0000,96.0000,AG03-UNRESOLVED,ALL5_LEVELS_bet23_to_bet27,-2.4983,-3.1228,-3.1228,-3.1228,-3.1228,4.000000,5.000000,5.000000,5.000000,5.000000,96.000000,95.000000,95.000000,95.000000,95.000000,5.0,-14.9896,-13.6201,-47.4670,-48.8364,PENDING_AG03,FALSE,NOT_FOR_ENFORCEMENT,-59.9583,576.0040,-62.4565,-59.9583,-2.4983,-0.09809603,-0.09417219,-2.4983,-59.9583,-0.09417219,-2.4983,-3.1228,-3.1228,-3.1228,-3.1228,-59.9583,-0.09417219,-14.9896,-13.6201,-47.4670,-48.8364,-0.07455298,-0.07670383,-0.00392384,4.6474,4.4445,-0.4626,-62.4565,-2.7155,636.6875,135.0000,,4.6474,2.1082,4.2165,6.3247,8.7703,10.5412,15.5799,4.0057,0.0,2.5,3.695007,1.10219,14,21,2,3,0E-8,-0.09809603,,0E-8,0.000000,0.942384,0.000000,,2026-04-22,2026-04-22,1,23,14,1,1.000000,,,0.000000,,,,,,,,GLOBAL_BASELINE_NO_ENTITY_RANKING,,,NOT_APPLICABLE_GLOBAL_BASELINE,HF9g-P5,,,,X 全窗基线 · 不参与实体赏罚,3920762,393,A168_HF9F_20260827_0900,2026-08-27 09:00:00
2026-04-22,148993535,2177,0,54.8141589190,-21.0823688150,-21.0823688150,0.3333333,7,7,0.50282064285714286,0.502820642857,-0.8303280647496518,-0.8303280647489506,-0.8303280647496518,1.4286E-13,ELIGIBLE,R03b_20260811_FULL_v1,L1_ELIGIBILITY,v2026-08-11,2026-03-21..2026-08-06,baccarat_bet02_101_all_pairs_incl_sentinel,round_win = game_pnl > 0 (decisive only),COMPATIBILITY_ONLY_NOT_PRODUCTION,636.6875,600.0042,-62.4565,137,135,0.09809603,,0.09809603,0.09809603,62.4565,636.6875,OK,0.0000,-2.4983,4.0000,96.0000,AG03-UNRESOLVED,ALL5_LEVELS_bet23_to_bet27,-2.4983,-3.1228,-3.1228,-3.1228,-3.1228,4.000000,5.000000,5.000000,5.000000,5.000000,96.000000,95.000000,95.000000,95.000000,95.000000,5.0,-14.9896,-13.6201,-47.4670,-48.8364,PENDING_AG03,FALSE,NOT_FOR_ENFORCEMENT,-59.9583,576.0040,-62.4565,-59.9583,-2.4983,-0.09809603,-0.09417219,-2.4983,-59.9583,-0.09417219,-2.4983,-3.1228,-3.1228,-3.1228,-3.1228,-59.9583,-0.09417219,-14.9896,-13.6201,-47.4670,-48.8364,-0.07455298,-0.07670383,-0.00392384,4.6474,4.4445,-0.4626,-62.4565,-2.7155,636.6875,135.0000,,4.6474,2.1082,4.2165,6.3247,8.7703,10.5412,15.5799,4.0057,0.0,2.5,3.695007,1.10219,14,21,2,3,0E-8,-0.09809603,,0E-8,0.000000,0.942384,0.000000,,2026-04-22,2026-04-22,1,23,14,1,1.000000,,,0.000000,,,,,,,,GLOBAL_BASELINE_NO_ENTITY_RANKING,,,NOT_APPLICABLE_GLOBAL_BASELINE,HF9g-P5,,,,X 全窗基线 · 不参与实体赏罚,3920763,393,A168_HF9F_20260827_0900,2026-08-27 09:00:00
2026-04-22,148993535,2266,0,79.2697067443,-10.5938903295,-10.5938903295,0.5000000,11,11,0.49690146363636364,0.496901463636,0.019597240950889116,0.019597240953189113,0.019597240950889116,3.6364E-13,ELIGIBLE,R03b_20260811_FULL_v1,L1_ELIGIBILITY,v2026-08-11,2026-03-21..2026-08-06,baccarat_bet02_101_all_pairs_incl_sentinel,round_win = game_pnl > 0 (decisive only),COMPATIBILITY_ONLY_NOT_PRODUCTION,636.6875,600.0042,-62.4565,137,135,0.09809603,,0.09809603,0.09809603,62.4565,636.6875,OK,0.0000,-2.4983,4.0000,96.0000,AG03-UNRESOLVED,ALL5_LEVELS_bet23_to_bet27,-2.4983,-3.1228,-3.1228,-3.1228,-3.1228,4.000000,5.000000,5.000000,5.000000,5.000000,96.000000,95.000000,95.000000,95.000000,95.000000,5.0,-14.9896,-13.6201,-47.4670,-48.8364,PENDING_AG03,FALSE,NOT_FOR_ENFORCEMENT,-59.9583,576.0040,-62.4565,-59.9583,-2.4983,-0.09809603,-0.09417219,-2.4983,-59.9583,-0.09417219,-2.4983,-3.1228,-3.1228,-3.1228,-3.1228,-59.9583,-0.09417219,-14.9896,-13.6201,-47.4670,-48.8364,-0.07455298,-0.07670383,-0.00392384,4.6474,4.4445,-0.4626,-62.4565,-2.7155,636.6875,135.0000,,4.6474,2.1082,4.2165,6.3247,8.7703,10.5412,15.5799,4.0057,0.0,2.5,3.695007,1.10219,14,21,2,3,0E-8,-0.09809603,,0E-8,0.000000,0.942384,0.000000,,2026-04-22,2026-04-22,1,23,14,1,1.000000,,,0.000000,,,,,,,,GLOBAL_BASELINE_NO_ENTITY_RANKING,,,NOT_APPLICABLE_GLOBAL_BASELINE,HF9g-P5,,,,X 全窗基线 · 不参与实体赏罚,3920764,393,A168_HF9F_20260827_0900,2026-08-27 09:00:00
2026-04-22,148993535,948,0,2.3190605696,-2.3190605696,-2.3190605696,0E-7,1,1,0.50665070000000000,0.506650700000,-1.013391052207602,-1.013391052207602,-1.013391052207602,0E-17,ELIGIBLE,R03b_20260811_FULL_v1,L1_ELIGIBILITY,v2026-08-11,2026-03-21..2026-08-06,baccarat_bet02_101_all_pairs_incl_sentinel,round_win = game_pnl > 0 (decisive only),COMPATIBILITY_ONLY_NOT_PRODUCTION,636.6875,600.0042,-62.4565,137,135,0.09809603,,0.09809603,0.09809603,62.4565,636.6875,OK,0.0000,-2.4983,4.0000,96.0000,AG03-UNRESOLVED,ALL5_LEVELS_bet23_to_bet27,-2.4983,-3.1228,-3.1228,-3.1228,-3.1228,4.000000,5.000000,5.000000,5.000000,5.000000,96.000000,95.000000,95.000000,95.000000,95.000000,5.0,-14.9896,-13.6201,-47.4670,-48.8364,PENDING_AG03,FALSE,NOT_FOR_ENFORCEMENT,-59.9583,576.0040,-62.4565,-59.9583,-2.4983,-0.09809603,-0.09417219,-2.4983,-59.9583,-0.09417219,-2.4983,-3.1228,-3.1228,-3.1228,-3.1228,-59.9583,-0.09417219,-14.9896,-13.6201,-47.4670,-48.8364,-0.07455298,-0.07670383,-0.00392384,4.6474,4.4445,-0.4626,-62.4565,-2.7155,636.6875,135.0000,,4.6474,2.1082,4.2165,6.3247,8.7703,10.5412,15.5799,4.0057,0.0,2.5,3.695007,1.10219,14,21,2,3,0E-8,-0.09809603,,0E-8,0.000000,0.942384,0.000000,,2026-04-22,2026-04-22,1,23,14,1,1.000000,,,0.000000,,,,,,,,GLOBAL_BASELINE_NO_ENTITY_RANKING,,,NOT_APPLICABLE_GLOBAL_BASELINE,HF9g-P5,,,,X 全窗基线 · 不参与实体赏罚,3920765,393,A168_HF9F_20260827_0900,2026-08-27 09:00:00
2026-04-22,148993535,994,0,56.5007484241,8.3486180507,8.3486180507,0.5000000,8,8,0.49827245000000000,0.498272450000,0.009772556889889069,0.009772556889889069,0.009772556889889069,0E-17,ELIGIBLE,R03b_20260811_FULL_v1,L1_ELIGIBILITY,v2026-08-11,2026-03-21..2026-08-06,baccarat_bet02_101_all_pairs_incl_sentinel,round_win = game_pnl > 0 (decisive only),COMPATIBILITY_ONLY_NOT_PRODUCTION,636.6875,600.0042,-62.4565,137,135,0.09809603,,0.09809603,0.09809603,62.4565,636.6875,OK,0.0000,-2.4983,4.0000,96.0000,AG03-UNRESOLVED,ALL5_LEVELS_bet23_to_bet27,-2.4983,-3.1228,-3.1228,-3.1228,-3.1228,4.000000,5.000000,5.000000,5.000000,5.000000,96.000000,95.000000,95.000000,95.000000,95.000000,5.0,-14.9896,-13.6201,-47.4670,-48.8364,PENDING_AG03,FALSE,NOT_FOR_ENFORCEMENT,-59.9583,576.0040,-62.4565,-59.9583,-2.4983,-0.09809603,-0.09417219,-2.4983,-59.9583,-0.09417219,-2.4983,-3.1228,-3.1228,-3.1228,-3.1228,-59.9583,-0.09417219,-14.9896,-13.6201,-47.4670,-48.8364,-0.07455298,-0.07670383,-0.00392384,4.6474,4.4445,-0.4626,-62.4565,-2.7155,636.6875,135.0000,,4.6474,2.1082,4.2165,6.3247,8.7703,10.5412,15.5799,4.0057,0.0,2.5,3.695007,1.10219,14,21,2,3,0E-8,-0.09809603,,0E-8,0.000000,0.942384,0.000000,,2026-04-22,2026-04-22,1,23,14,1,1.000000,,,0.000000,,,,,,,,GLOBAL_BASELINE_NO_ENTITY_RANKING,,,NOT_APPLICABLE_GLOBAL_BASELINE,HF9g-P5,,,,X 全窗基线 · 不参与实体赏罚,3920766,393,A168_HF9F_20260827_0900,2026-08-27 09:00:00
2026-04-11,114026100,1094,0,115.1742009792,-24.8671570296,-24.8671570296,0.3750000,9,9,0.50069283333333333,0.500692833333,-0.7110267209840203,-0.7110267209821342,-0.7110267209840203,3.3333E-13,ELIGIBLE,R03b_20260811_FULL_v1,L1_ELIGIBILITY,v2026-08-11,2026-03-21..2026-08-06,baccarat_bet02_101_all_pairs_incl_sentinel,round_win = game_pnl > 0 (decisive only),COMPATIBILITY_ONLY_NOT_PRODUCTION,970.6044,792.6079,-62.4558,83,83,0.06434736,,0.06434736,0.06434736,62.4558,970.6044,OK,0.0000,-2.4982,4.0000,96.0000,AG03-UNRESOLVED,ALL5_LEVELS_bet23_to_bet27,-2.4982,-2.4982,-2.4982,-3.1228,-3.1228,4.000000,4.000000,4.000000,5.000000,5.000000,96.000000,96.000000,96.000000,95.000000,95.000000,5.0,-13.7403,-12.5865,-48.7155,-49.8694,PENDING_AG03,FALSE,NOT_FOR_ENFORCEMENT,-59.9576,760.9036,-62.4558,-59.9576,-2.4982,-0.06434736,-0.06177346,-2.4982,-59.9576,-0.06177346,-2.4982,-2.4982,-2.4982,-3.1228,-3.1228,-59.9576,-0.06177346,-13.7403,-12.5865,-48.7155,-49.8694,-0.05019094,-0.05137971,-0.00257389,11.6940,9.5495,-0.7525,-20.8186,-5.2047,323.5348,27.6667,,11.6940,10.4704,13.088,13.088,13.088,26.176,26.176,10.4704,0.0,2.0,2.0,0.893494,8,12,2,2,0E-8,-0.06434736,,0E-8,0.000000,0.816613,0.000000,,2026-04-11,2026-04-19,3,12,10,9,0.333333,,,0.000000,,,,,,,,GLOBAL_BASELINE_NO_ENTITY_RANKING,,,NOT_APPLICABLE_GLOBAL_BASELINE,HF9g-P5,,,,X 全窗基线 · 不参与实体赏罚,3920767,393,A168_HF9F_20260827_0900,2026-08-27 09:00:00
2026-04-11,114026100,1109,0,78.5278643040,-1.3087977384,-1.3087977384,0.5000000,4,4,0.50329940000000000,0.503299400000,-0.01319788734859681,-0.01319788734859681,-0.01319788734859681,0E-17,ELIGIBLE,R03b_20260811_FULL_v1,L1_ELIGIBILITY,v2026-08-11,2026-03-21..2026-08-06,baccarat_bet02_101_all_pairs_incl_sentinel,round_win = game_pnl > 0 (decisive only),COMPATIBILITY_ONLY_NOT_PRODUCTION,970.6044,792.6079,-62.4558,83,83,0.06434736,,0.06434736,0.06434736,62.4558,970.6044,OK,0.0000,-2.4982,4.0000,96.0000,AG03-UNRESOLVED,ALL5_LEVELS_bet23_to_bet27,-2.4982,-2.4982,-2.4982,-3.1228,-3.1228,4.000000,4.000000,4.000000,5.000000,5.000000,96.000000,96.000000,96.000000,95.000000,95.000000,5.0,-13.7403,-12.5865,-48.7155,-49.8694,PENDING_AG03,FALSE,NOT_FOR_ENFORCEMENT,-59.9576,760.9036,-62.4558,-59.9576,-2.4982,-0.06434736,-0.06177346,-2.4982,-59.9576,-0.06177346,-2.4982,-2.4982,-2.4982,-3.1228,-3.1228,-59.9576,-0.06177346,-13.7403,-12.5865,-48.7155,-49.8694,-0.05019094,-0.05137971,-0.00257389,11.6940,9.5495,-0.7525,-20.8186,-5.2047,323.5348,27.6667,,11.6940,10.4704,13.088,13.088,13.088,26.176,26.176,10.4704,0.0,2.0,2.0,0.893494,8,12,2,2,0E-8,-0.06434736,,0E-8,0.000000,0.816613,0.000000,,2026-04-11,2026-04-19,3,12,10,9,0.333333,,,0.000000,,,,,,,,GLOBAL_BASELINE_NO_ENTITY_RANKING,,,NOT_APPLICABLE_GLOBAL_BASELINE,HF9g-P5,,,,X 全窗基线 · 不参与实体赏罚,3920768,393,A168_HF9F_20260827_0900,2026-08-27 09:00:00
2026-04-11,114026100,1221,0,253.9067612496,20.8098840405,20.8098840405,0.6000000,20,20,0.49793732000000000,0.497937320000,0.7905808471348934,0.7905808471348934,0.7905808471348934,0E-17,ELIGIBLE,R03b_20260811_FULL_v1,L1_ELIGIBILITY,v2026-08-11,2026-03-21..2026-08-06,baccarat_bet02_101_all_pairs_incl_sentinel,round_win = game_pnl > 0 (decisive only),COMPATIBILITY_ONLY_NOT_PRODUCTION,970.6044,792.6079,-62.4558,83,83,0.06434736,,0.06434736,0.06434736,62.4558,970.6044,OK,0.0000,-2.4982,4.0000,96.0000,AG03-UNRESOLVED,ALL5_LEVELS_bet23_to_bet27,-2.4982,-2.4982,-2.4982,-3.1228,-3.1228,4.000000,4.000000,4.000000,5.000000,5.000000,96.000000,96.000000,96.000000,95.000000,95.000000,5.0,-13.7403,-12.5865,-48.7155,-49.8694,PENDING_AG03,FALSE,NOT_FOR_ENFORCEMENT,-59.9576,760.9036,-62.4558,-59.9576,-2.4982,-0.06434736,-0.06177346,-2.4982,-59.9576,-0.06177346,-2.4982,-2.4982,-2.4982,-3.1228,-3.1228,-59.9576,-0.06177346,-13.7403,-12.5865,-48.7155,-49.8694,-0.05019094,-0.05137971,-0.00257389,11.6940,9.5495,-0.7525,-20.8186,-5.2047,323.5348,27.6667,,11.6940,10.4704,13.088,13.088,13.088,26.176,26.176,10.4704,0.0,2.0,2.0,0.893494,8,12,2,2,0E-8,-0.06434736,,0E-8,0.000000,0.816613,0.000000,,2026-04-11,2026-04-19,3,12,10,9,0.333333,,,0.000000,,,,,,,,GLOBAL_BASELINE_NO_ENTITY_RANKING,,,NOT_APPLICABLE_GLOBAL_BASELINE,HF9g-P5,,,,X 全窗基线 · 不参与实体赏罚,3920769,393,A168_HF9F_20260827_0900,2026-08-27 09:00:00
2026-04-11,114026100,1485,0,39.2639321520,-13.0879773840,-13.0879773840,0E-7,2,2,0.49994810000000000,0.499948100000,-0.9998962053866608,-0.9998962053866608,-0.9998962053866608,0E-17,ELIGIBLE,R03b_20260811_FULL_v1,L1_ELIGIBILITY,v2026-08-11,2026-03-21..2026-08-06,baccarat_bet02_101_all_pairs_incl_sentinel,round_win = game_pnl > 0 (decisive only),COMPATIBILITY_ONLY_NOT_PRODUCTION,970.6044,792.6079,-62.4558,83,83,0.06434736,,0.06434736,0.06434736,62.4558,970.6044,OK,0.0000,-2.4982,4.0000,96.0000,AG03-UNRESOLVED,ALL5_LEVELS_bet23_to_bet27,-2.4982,-2.4982,-2.4982,-3.1228,-3.1228,4.000000,4.000000,4.000000,5.000000,5.000000,96.000000,96.000000,96.000000,95.000000,95.000000,5.0,-13.7403,-12.5865,-48.7155,-49.8694,PENDING_AG03,FALSE,NOT_FOR_ENFORCEMENT,-59.9576,760.9036,-62.4558,-59.9576,-2.4982,-0.06434736,-0.06177346,-2.4982,-59.9576,-0.06177346,-2.4982,-2.4982,-2.4982,-3.1228,-3.1228,-59.9576,-0.06177346,-13.7403,-12.5865,-48.7155,-49.8694,-0.05019094,-0.05137971,-0.00257389,11.6940,9.5495,-0.7525,-20.8186,-5.2047,323.5348,27.6667,,11.6940,10.4704,13.088,13.088,13.088,26.176,26.176,10.4704,0.0,2.0,2.0,0.893494,8,12,2,2,0E-8,-0.06434736,,0E-8,0.000000,0.816613,0.000000,,2026-04-11,2026-04-19,3,12,10,9,0.333333,,,0.000000,,,,,,,,GLOBAL_BASELINE_NO_ENTITY_RANKING,,,NOT_APPLICABLE_GLOBAL_BASELINE,HF9g-P5,,,,X 全窗基线 · 不参与实体赏罚,3920770,393,A168_HF9F_20260827_0900,2026-08-27 09:00:00
2026-04-11,114026100,1505,0,156.5322095126,59.9691123734,59.9691123734,0.6923077,15,15,0.50039494000000000,0.500394940000,1.3839029694374143,1.3839029694374143,1.3839029694374143,0E-17,ELIGIBLE,R03b_20260811_FULL_v1,L1_ELIGIBILITY,v2026-08-11,2026-03-21..2026-08-06,baccarat_bet02_101_all_pairs_incl_sentinel,round_win = game_pnl > 0 (decisive only),COMPATIBILITY_ONLY_NOT_PRODUCTION,970.6044,792.6079,-62.4558,83,83,0.06434736,,0.06434736,0.06434736,62.4558,970.6044,OK,0.0000,-2.4982,4.0000,96.0000,AG03-UNRESOLVED,ALL5_LEVELS_bet23_to_bet27,-2.4982,-2.4982,-2.4982,-3.1228,-3.1228,4.000000,4.000000,4.000000,5.000000,5.000000,96.000000,96.000000,96.000000,95.000000,95.000000,5.0,-13.7403,-12.5865,-48.7155,-49.8694,PENDING_AG03,FALSE,NOT_FOR_ENFORCEMENT,-59.9576,760.9036,-62.4558,-59.9576,-2.4982,-0.06434736,-0.06177346,-2.4982,-59.9576,-0.06177346,-2.4982,-2.4982,-2.4982,-3.1228,-3.1228,-59.9576,-0.06177346,-13.7403,-12.5865,-48.7155,-49.8694,-0.05019094,-0.05137971,-0.00257389,11.6940,9.5495,-0.7525,-20.8186,-5.2047,323.5348,27.6667,,11.6940,10.4704,13.088,13.088,13.088,26.176,26.176,10.4704,0.0,2.0,2.0,0.893494,8,12,2,2,0E-8,-0.06434736,,0E-8,0.000000,0.816613,0.000000,,2026-04-11,2026-04-19,3,12,10,9,0.333333,,,0.000000,,,,,,,,GLOBAL_BASELINE_NO_ENTITY_RANKING,,,NOT_APPLICABLE_GLOBAL_BASELINE,HF9g-P5,,,,X 全窗基线 · 不参与实体赏罚,3920771,393,A168_HF9F_20260827_0900,2026-08-27 09:00:00
2026-04-11,114026100,2258,0,13.0879773840,0E-10,0E-10,,1,1,0.50665070000000000,0.506650700000,,,,0E-17,NO_DECISIVE_ROUND,R03b_20260811_FULL_v1,L1_ELIGIBILITY,v2026-08-11,2026-03-21..2026-08-06,baccarat_bet02_101_all_pairs_incl_sentinel,round_win = game_pnl > 0 (decisive only),COMPATIBILITY_ONLY_NOT_PRODUCTION,970.6044,792.6079,-62.4558,83,83,0.06434736,,0.06434736,0.06434736,62.4558,970.6044,OK,0.0000,-2.4982,4.0000,96.0000,AG03-UNRESOLVED,ALL5_LEVELS_bet23_to_bet27,-2.4982,-2.4982,-2.4982,-3.1228,-3.1228,4.000000,4.000000,4.000000,5.000000,5.000000,96.000000,96.000000,96.000000,95.000000,95.000000,5.0,-13.7403,-12.5865,-48.7155,-49.8694,PENDING_AG03,FALSE,NOT_FOR_ENFORCEMENT,-59.9576,760.9036,-62.4558,-59.9576,-2.4982,-0.06434736,-0.06177346,-2.4982,-59.9576,-0.06177346,-2.4982,-2.4982,-2.4982,-3.1228,-3.1228,-59.9576,-0.06177346,-13.7403,-12.5865,-48.7155,-49.8694,-0.05019094,-0.05137971,-0.00257389,11.6940,9.5495,-0.7525,-20.8186,-5.2047,323.5348,27.6667,,11.6940,10.4704,13.088,13.088,13.088,26.176,26.176,10.4704,0.0,2.0,2.0,0.893494,8,12,2,2,0E-8,-0.06434736,,0E-8,0.000000,0.816613,0.000000,,2026-04-11,2026-04-19,3,12,10,9,0.333333,,,0.000000,,,,,,,,GLOBAL_BASELINE_NO_ENTITY_RANKING,,,NOT_APPLICABLE_GLOBAL_BASELINE,HF9g-P5,,,,X 全窗基线 · 不参与实体赏罚,3920772,393,A168_HF9F_20260827_0900,2026-08-27 09:00:00
2026-04-12,114026100,1094,0,26.1759547680,-0.6543988692,-0.6543988692,0.5000000,2,2,0.50665070000000000,0.506650700000,-0.018812684590367487,-0.018812684590367487,-0.018812684590367487,0E-17,ELIGIBLE,R03b_20260811_FULL_v1,L1_ELIGIBILITY,v2026-08-11,2026-03-21..2026-08-06,baccarat_bet02_101_all_pairs_incl_sentinel,round_win = game_pnl > 0 (decisive only),COMPATIBILITY_ONLY_NOT_PRODUCTION,970.6044,792.6079,-62.4558,83,83,0.06434736,,0.06434736,0.06434736,62.4558,970.6044,OK,0.0000,-2.4982,4.0000,96.0000,AG03-UNRESOLVED,ALL5_LEVELS_bet23_to_bet27,-2.4982,-2.4982,-2.4982,-3.1228,-3.1228,4.000000,4.000000,4.000000,5.000000,5.000000,96.000000,96.000000,96.000000,95.000000,95.000000,5.0,-13.7403,-12.5865,-48.7155,-49.8694,PENDING_AG03,FALSE,NOT_FOR_ENFORCEMENT,-59.9576,760.9036,-62.4558,-59.9576,-2.4982,-0.06434736,-0.06177346,-2.4982,-59.9576,-0.06177346,-2.4982,-2.4982,-2.4982,-3.1228,-3.1228,-59.9576,-0.06177346,-13.7403,-12.5865,-48.7155,-49.8694,-0.05019094,-0.05137971,-0.00257389,11.6940,9.5495,-0.7525,-20.8186,-5.2047,323.5348,27.6667,,11.6940,10.4704,13.088,13.088,13.088,26.176,26.176,10.4704,0.0,2.0,2.0,0.893494,8,12,2,2,0E-8,-0.06434736,,0E-8,0.000000,0.816613,0.000000,,2026-04-11,2026-04-19,3,12,10,9,0.333333,,,0.000000,,,,,,,,GLOBAL_BASELINE_NO_ENTITY_RANKING,,,NOT_APPLICABLE_GLOBAL_BASELINE,HF9g-P5,,,,X 全窗基线 · 不参与实体赏罚,3920773,393,A168_HF9F_20260827_0900,2026-08-27 09:00:00
2026-04-12,114026100,1645,0,65.4398869200,32.1964243645,32.1964243645,0.8333333,7,7,0.50282064285714286,0.502820642857,1.6192006553726281,1.6192006553733256,1.6192006553726281,1.4286E-13,ELIGIBLE,R03b_20260811_FULL_v1,L1_ELIGIBILITY,v2026-08-11,2026-03-21..2026-08-06,baccarat_bet02_101_all_pairs_incl_sentinel,round_win = game_pnl > 0 (decisive only),COMPATIBILITY_ONLY_NOT_PRODUCTION,970.6044,792.6079,-62.4558,83,83,0.06434736,,0.06434736,0.06434736,62.4558,970.6044,OK,0.0000,-2.4982,4.0000,96.0000,AG03-UNRESOLVED,ALL5_LEVELS_bet23_to_bet27,-2.4982,-2.4982,-2.4982,-3.1228,-3.1228,4.000000,4.000000,4.000000,5.000000,5.000000,96.000000,96.000000,96.000000,95.000000,95.000000,5.0,-13.7403,-12.5865,-48.7155,-49.8694,PENDING_AG03,FALSE,NOT_FOR_ENFORCEMENT,-59.9576,760.9036,-62.4558,-59.9576,-2.4982,-0.06434736,-0.06177346,-2.4982,-59.9576,-0.06177346,-2.4982,-2.4982,-2.4982,-3.1228,-3.1228,-59.9576,-0.06177346,-13.7403,-12.5865,-48.7155,-49.8694,-0.05019094,-0.05137971,-0.00257389,11.6940,9.5495,-0.7525,-20.8186,-5.2047,323.5348,27.6667,,11.6940,10.4704,13.088,13.088,13.088,26.176,26.176,10.4704,0.0,2.0,2.0,0.893494,8,12,2,2,0E-8,-0.06434736,,0E-8,0.000000,0.816613,0.000000,,2026-04-11,2026-04-19,3,12,10,9,0.333333,,,0.000000,,,,,,,,GLOBAL_BASELINE_NO_ENTITY_RANKING,,,NOT_APPLICABLE_GLOBAL_BASELINE,HF9g-P5,,,,X 全窗基线 · 不参与实体赏罚,3920774,393,A168_HF9F_20260827_0900,2026-08-27 09:00:00
2026-04-12,114026100,2093,0,91.6158416880,-4.4499123106,-4.4499123106,0.5000000,10,10,0.49994810000000000,0.499948100000,0.0003282444228938027,0.0003282444228938027,0.0003282444228938027,0E-17,ELIGIBLE,R03b_20260811_FULL_v1,L1_ELIGIBILITY,v2026-08-11,2026-03-21..2026-08-06,baccarat_bet02_101_all_pairs_incl_sentinel,round_win = game_pnl > 0 (decisive only),COMPATIBILITY_ONLY_NOT_PRODUCTION,970.6044,792.6079,-62.4558,83,83,0.06434736,,0.06434736,0.06434736,62.4558,970.6044,OK,0.0000,-2.4982,4.0000,96.0000,AG03-UNRESOLVED,ALL5_LEVELS_bet23_to_bet27,-2.4982,-2.4982,-2.4982,-3.1228,-3.1228,4.000000,4.000000,4.000000,5.000000,5.000000,96.000000,96.000000,96.000000,95.000000,95.000000,5.0,-13.7403,-12.5865,-48.7155,-49.8694,PENDING_AG03,FALSE,NOT_FOR_ENFORCEMENT,-59.9576,760.9036,-62.4558,-59.9576,-2.4982,-0.06434736,-0.06177346,-2.4982,-59.9576,-0.06177346,-2.4982,-2.4982,-2.4982,-3.1228,-3.1228,-59.9576,-0.06177346,-13.7403,-12.5865,-48.7155,-49.8694,-0.05019094,-0.05137971,-0.00257389,11.6940,9.5495,-0.7525,-20.8186,-5.2047,323.5348,27.6667,,11.6940,10.4704,13.088,13.088,13.088,26.176,26.176,10.4704,0.0,2.0,2.0,0.893494,8,12,2,2,0E-8,-0.06434736,,0E-8,0.000000,0.816613,0.000000,,2026-04-11,2026-04-19,3,12,10,9,0.333333,,,0.000000,,,,,,,,GLOBAL_BASELINE_NO_ENTITY_RANKING,,,NOT_APPLICABLE_GLOBAL_BASELINE,HF9g-P5,,,,X 全窗基线 · 不参与实体赏罚,3920775,393,A168_HF9F_20260827_0900,2026-08-27 09:00:00
2026-04-12,114026100,2152,0,5.2351909536,0E-10,0E-10,,1,1,0.49324550000000000,0.493245500000,,,,0E-17,NO_DECISIVE_ROUND,R03b_20260811_FULL_v1,L1_ELIGIBILITY,v2026-08-11,2026-03-21..2026-08-06,baccarat_bet02_101_all_pairs_incl_sentinel,round_win = game_pnl > 0 (decisive only),COMPATIBILITY_ONLY_NOT_PRODUCTION,970.6044,792.6079,-62.4558,83,83,0.06434736,,0.06434736,0.06434736,62.4558,970.6044,OK,0.0000,-2.4982,4.0000,96.0000,AG03-UNRESOLVED,ALL5_LEVELS_bet23_to_bet27,-2.4982,-2.4982,-2.4982,-3.1228,-3.1228,4.000000,4.000000,4.000000,5.000000,5.000000,96.000000,96.000000,96.000000,95.000000,95.000000,5.0,-13.7403,-12.5865,-48.7155,-49.8694,PENDING_AG03,FALSE,NOT_FOR_ENFORCEMENT,-59.9576,760.9036,-62.4558,-59.9576,-2.4982,-0.06434736,-0.06177346,-2.4982,-59.9576,-0.06177346,-2.4982,-2.4982,-2.4982,-3.1228,-3.1228,-59.9576,-0.06177346,-13.7403,-12.5865,-48.7155,-49.8694,-0.05019094,-0.05137971,-0.00257389,11.6940,9.5495,-0.7525,-20.8186,-5.2047,323.5348,27.6667,,11.6940,10.4704,13.088,13.088,13.088,26.176,26.176,10.4704,0.0,2.0,2.0,0.893494,8,12,2,2,0E-8,-0.06434736,,0E-8,0.000000,0.816613,0.000000,,2026-04-11,2026-04-19,3,12,10,9,0.333333,,,0.000000,,,,,,,,GLOBAL_BASELINE_NO_ENTITY_RANKING,,,NOT_APPLICABLE_GLOBAL_BASELINE,HF9g-P5,,,,X 全窗基线 · 不参与实体赏罚,3920776,393,A168_HF9F_20260827_0900,2026-08-27 09:00:00
2026-04-12,114026100,2196,0,88.9982462112,30.4949873047,30.4949873047,0.6666667,9,9,0.50069283333333333,0.500692833333,0.9958439560465624,0.9958439560485615,0.9958439560465624,3.3333E-13,ELIGIBLE,R03b_20260811_FULL_v1,L1_ELIGIBILITY,v2026-08-11,2026-03-21..2026-08-06,baccarat_bet02_101_all_pairs_incl_sentinel,round_win = game_pnl > 0 (decisive only),COMPATIBILITY_ONLY_NOT_PRODUCTION,970.6044,792.6079,-62.4558,83,83,0.06434736,,0.06434736,0.06434736,62.4558,970.6044,OK,0.0000,-2.4982,4.0000,96.0000,AG03-UNRESOLVED,ALL5_LEVELS_bet23_to_bet27,-2.4982,-2.4982,-2.4982,-3.1228,-3.1228,4.000000,4.000000,4.000000,5.000000,5.000000,96.000000,96.000000,96.000000,95.000000,95.000000,5.0,-13.7403,-12.5865,-48.7155,-49.8694,PENDING_AG03,FALSE,NOT_FOR_ENFORCEMENT,-59.9576,760.9036,-62.4558,-59.9576,-2.4982,-0.06434736,-0.06177346,-2.4982,-59.9576,-0.06177346,-2.4982,-2.4982,-2.4982,-3.1228,-3.1228,-59.9576,-0.06177346,-13.7403,-12.5865,-48.7155,-49.8694,-0.05019094,-0.05137971,-0.00257389,11.6940,9.5495,-0.7525,-20.8186,-5.2047,323.5348,27.6667,,11.6940,10.4704,13.088,13.088,13.088,26.176,26.176,10.4704,0.0,2.0,2.0,0.893494,8,12,2,2,0E-8,-0.06434736,,0E-8,0.000000,0.816613,0.000000,,2026-04-11,2026-04-19,3,12,10,9,0.333333,,,0.000000,,,,,,,,GLOBAL_BASELINE_NO_ENTITY_RANKING,,,NOT_APPLICABLE_GLOBAL_BASELINE,HF9g-P5,,,,X 全窗基线 · 不参与实体赏罚,3920777,393,A168_HF9F_20260827_0900,2026-08-27 09:00:00
2026-04-12,114026100,595,0,10.4703819072,-10.4703819072,-10.4703819072,0E-7,1,1,0.50665070000000000,0.506650700000,-1.013391052207602,-1.013391052207602,-1.013391052207602,0E-17,ELIGIBLE,R03b_20260811_FULL_v1,L1_ELIGIBILITY,v2026-08-11,2026-03-21..2026-08-06,baccarat_bet02_101_all_pairs_incl_sentinel,round_win = game_pnl > 0 (decisive only),COMPATIBILITY_ONLY_NOT_PRODUCTION,970.6044,792.6079,-62.4558,83,83,0.06434736,,0.06434736,0.06434736,62.4558,970.6044,OK,0.0000,-2.4982,4.0000,96.0000,AG03-UNRESOLVED,ALL5_LEVELS_bet23_to_bet27,-2.4982,-2.4982,-2.4982,-3.1228,-3.1228,4.000000,4.000000,4.000000,5.000000,5.000000,96.000000,96.000000,96.000000,95.000000,95.000000,5.0,-13.7403,-12.5865,-48.7155,-49.8694,PENDING_AG03,FALSE,NOT_FOR_ENFORCEMENT,-59.9576,760.9036,-62.4558,-59.9576,-2.4982,-0.06434736,-0.06177346,-2.4982,-59.9576,-0.06177346,-2.4982,-2.4982,-2.4982,-3.1228,-3.1228,-59.9576,-0.06177346,-13.7403,-12.5865,-48.7155,-49.8694,-0.05019094,-0.05137971,-0.00257389,11.6940,9.5495,-0.7525,-20.8186,-5.2047,323.5348,27.6667,,11.6940,10.4704,13.088,13.088,13.088,26.176,26.176,10.4704,0.0,2.0,2.0,0.893494,8,12,2,2,0E-8,-0.06434736,,0E-8,0.000000,0.816613,0.000000,,2026-04-11,2026-04-19,3,12,10,9,0.333333,,,0.000000,,,,,,,,GLOBAL_BASELINE_NO_ENTITY_RANKING,,,NOT_APPLICABLE_GLOBAL_BASELINE,HF9g-P5,,,,X 全窗基线 · 不参与实体赏罚,3920778,393,A168_HF9F_20260827_0900,2026-08-27 09:00:00
2026-04-19,114026100,772,0,26.1759547680,-26.1759547680,-26.1759547680,0E-7,2,2,0.50665070000000000,0.506650700000,-1.4331513700195317,-1.4331513700195317,-1.4331513700195317,0E-17,ELIGIBLE,R03b_20260811_FULL_v1,L1_ELIGIBILITY,v2026-08-11,2026-03-21..2026-08-06,baccarat_bet02_101_all_pairs_incl_sentinel,round_win = game_pnl > 0 (decisive only),COMPATIBILITY_ONLY_NOT_PRODUCTION,970.6044,792.6079,-62.4558,83,83,0.06434736,,0.06434736,0.06434736,62.4558,970.6044,OK,0.0000,-2.4982,4.0000,96.0000,AG03-UNRESOLVED,ALL5_LEVELS_bet23_to_bet27,-2.4982,-2.4982,-2.4982,-3.1228,-3.1228,4.000000,4.000000,4.000000,5.000000,5.000000,96.000000,96.000000,96.000000,95.000000,95.000000,5.0,-13.7403,-12.5865,-48.7155,-49.8694,PENDING_AG03,FALSE,NOT_FOR_ENFORCEMENT,-59.9576,760.9036,-62.4558,-59.9576,-2.4982,-0.06434736,-0.06177346,-2.4982,-59.9576,-0.06177346,-2.4982,-2.4982,-2.4982,-3.1228,-3.1228,-59.9576,-0.06177346,-13.7403,-12.5865,-48.7155,-49.8694,-0.05019094,-0.05137971,-0.00257389,11.6940,9.5495,-0.7525,-20.8186,-5.2047,323.5348,27.6667,,11.6940,10.4704,13.088,13.088,13.088,26.176,26.176,10.4704,0.0,2.0,2.0,0.893494,8,12,2,2,0E-8,-0.06434736,,0E-8,0.000000,0.816613,0.000000,,2026-04-11,2026-04-19,3,12,10,9,0.333333,,,0.000000,,,,,,,,GLOBAL_BASELINE_NO_ENTITY_RANKING,,,NOT_APPLICABLE_GLOBAL_BASELINE,HF9g-P5,,,,X 全窗基线 · 不参与实体赏罚,3920779,393,A168_HF9F_20260827_0900,2026-08-27 09:00:00
2026-03-23,142539217,2117,0,44.7639360666,25.0151407431,25.0151407431,1.0000000,2,2,0.50665070000000000,0.506650700000,0.9867858985152569,0.9867858985152569,0.9867858985152569,0E-17,ELIGIBLE,R03b_20260811_FULL_v1,L1_ELIGIBILITY,v2026-08-11,2026-03-21..2026-08-06,baccarat_bet02_101_all_pairs_incl_sentinel,round_win = game_pnl > 0 (decisive only),COMPATIBILITY_ONLY_NOT_PRODUCTION,109.3084,90.8762,-62.4509,5,5,0.57132782,0.58000000,0.55882353,0.57132782,62.4509,109.3084,THIN_EXPOSURE,0.0000,-2.4980,4.0000,96.0000,AG03-UNRESOLVED,ALL5_LEVELS_bet23_to_bet27,-2.4980,-2.4980,-3.1225,-3.1225,-3.1225,4.000000,4.000000,5.000000,5.000000,5.000000,96.000000,96.000000,95.000000,95.000000,95.000000,5.0,-14.3637,-13.1049,-48.0872,-49.346,PENDING_AG03,FALSE,NOT_FOR_ENFORCEMENT,-59.9529,87.2411,-62.4509,-59.9529,-2.4980,-0.57132782,-0.54847471,-2.4980,-59.9529,-0.54847471,-2.4980,-2.4980,-3.1225,-3.1225,-3.1225,-59.9529,-0.54847471,-14.3637,-13.1049,-48.0872,-49.346,-0.43992242,-0.45143856,-0.02285311,21.8617,18.1752,-12.4902,-31.2255,-31.2255,54.6542,2.5000,21.5148,22.3820,17.0514,25.8178,25.9463,26.3317,26.3317,26.3317,25.8178,24.5269,1.019907,1.019907,0.846768,2,2,2,2,0.59048030,-0.57132782,-0.58000000,0E-8,0.000000,0.831374,0.000000,0.02117647,2026-03-23,2026-07-10,2,2,2,110,0.018182,0.961257,0.984134,1.968268,,,,,,,,GLOBAL_BASELINE_NO_ENTITY_RANKING,,,NOT_APPLICABLE_GLOBAL_BASELINE,HF9g-P5,,,,X 全窗基线 · 不参与实体赏罚,3920780,393,A168_HF9F_20260827_0900,2026-08-27 09:00:00
2026-07-10,142539217,1654,0,64.5444453050,37.4357782769,37.4357782769,0.6666667,3,3,0.49771390000000000,0.497713900000,0.5852756695216578,0.5852756695216578,0.5852756695216578,0E-17,ELIGIBLE,R03b_20260811_FULL_v1,L1_ELIGIBILITY,v2026-08-11,2026-03-21..2026-08-06,baccarat_bet02_101_all_pairs_incl_sentinel,round_win = game_pnl > 0 (decisive only),COMPATIBILITY_ONLY_NOT_PRODUCTION,109.3084,90.8762,-62.4509,5,5,0.57132782,0.58000000,0.55882353,0.57132782,62.4509,109.3084,THIN_EXPOSURE,0.0000,-2.4980,4.0000,96.0000,AG03-UNRESOLVED,ALL5_LEVELS_bet23_to_bet27,-2.4980,-2.4980,-3.1225,-3.1225,-3.1225,4.000000,4.000000,5.000000,5.000000,5.000000,96.000000,96.000000,95.000000,95.000000,95.000000,5.0,-14.3637,-13.1049,-48.0872,-49.346,PENDING_AG03,FALSE,NOT_FOR_ENFORCEMENT,-59.9529,87.2411,-62.4509,-59.9529,-2.4980,-0.57132782,-0.54847471,-2.4980,-59.9529,-0.54847471,-2.4980,-2.4980,-3.1225,-3.1225,-3.1225,-59.9529,-0.54847471,-14.3637,-13.1049,-48.0872,-49.346,-0.43992242,-0.45143856,-0.02285311,21.8617,18.1752,-12.4902,-31.2255,-31.2255,54.6542,2.5000,21.5148,22.3820,17.0514,25.8178,25.9463,26.3317,26.3317,26.3317,25.8178,24.5269,1.019907,1.019907,0.846768,2,2,2,2,0.59048030,-0.57132782,-0.58000000,0E-8,0.000000,0.831374,0.000000,0.02117647,2026-03-23,2026-07-10,2,2,2,110,0.018182,0.961257,0.984134,1.968268,,,,,,,,GLOBAL_BASELINE_NO_ENTITY_RANKING,,,NOT_APPLICABLE_GLOBAL_BASELINE,HF9g-P5,,,,X 全窗基线 · 不参与实体赏罚,3920781,393,A168_HF9F_20260827_0900,2026-08-27 09:00:00
2026-04-18,148824476,2141,0,80.0000000000,-1.0000000000,-1.0000000000,0.5000000,4,4,0.50329940000000000,0.503299400000,-0.01319788734859681,-0.01319788734859681,-0.01319788734859681,0E-17,ELIGIBLE,R03b_20260811_FULL_v1,L1_ELIGIBILITY,v2026-08-11,2026-03-21..2026-08-06,baccarat_bet02_101_all_pairs_incl_sentinel,round_win = game_pnl > 0 (decisive only),COMPATIBILITY_ONLY_NOT_PRODUCTION,1011.0000,991.0000,-62.4500,47,47,0.06177052,,0.06177052,0.06177052,62.4500,1011.0000,OK,0.0000,-2.4980,4.0000,96.0000,AG03-UNRESOLVED,ALL5_LEVELS_bet23_to_bet27,-2.4980,-2.4980,-2.4980,-3.1225,-3.1225,4.000000,4.000000,4.000000,5.000000,5.000000,96.000000,96.000000,96.000000,95.000000,95.000000,5.0,-13.7390,-12.5853,-48.7110,-49.8647,PENDING_AG03,FALSE,NOT_FOR_ENFORCEMENT,-59.9520,951.3600,-62.4500,-59.9520,-2.4980,-0.06177052,-0.05929970,-2.4980,-59.9520,-0.05929970,-2.4980,-2.4980,-2.4980,-3.1225,-3.1225,-59.9520,-0.05929970,-13.7390,-12.5853,-48.7110,-49.8647,-0.04818101,-0.04932217,-0.00247082,21.5106,21.0851,-1.3287,-20.8167,-7.8063,337.0000,15.6667,,21.5106,15.5,20.0,22.0,38.0,40.3,50.0,20.0,11.0,2.015,2.5,1.075532,7,8,3,2,0E-8,-0.06177052,,0E-8,0.000000,0.980218,0.106383,,2026-04-18,2026-06-15,3,8,8,59,0.050848,,,0.000000,,,,,,,,GLOBAL_BASELINE_NO_ENTITY_RANKING,,,NOT_APPLICABLE_GLOBAL_BASELINE,HF9g-P5,,,,X 全窗基线 · 不参与实体赏罚,3920782,393,A168_HF9F_20260827_0900,2026-08-27 09:00:00
2026-04-18,148824476,2177,0,21.0000000000,-21.0000000000,-21.0000000000,0E-7,1,1,0.50665070000000000,0.506650700000,-1.013391052207602,-1.013391052207602,-1.013391052207602,0E-17,ELIGIBLE,R03b_20260811_FULL_v1,L1_ELIGIBILITY,v2026-08-11,2026-03-21..2026-08-06,baccarat_bet02_101_all_pairs_incl_sentinel,round_win = game_pnl > 0 (decisive only),COMPATIBILITY_ONLY_NOT_PRODUCTION,1011.0000,991.0000,-62.4500,47,47,0.06177052,,0.06177052,0.06177052,62.4500,1011.0000,OK,0.0000,-2.4980,4.0000,96.0000,AG03-UNRESOLVED,ALL5_LEVELS_bet23_to_bet27,-2.4980,-2.4980,-2.4980,-3.1225,-3.1225,4.000000,4.000000,4.000000,5.000000,5.000000,96.000000,96.000000,96.000000,95.000000,95.000000,5.0,-13.7390,-12.5853,-48.7110,-49.8647,PENDING_AG03,FALSE,NOT_FOR_ENFORCEMENT,-59.9520,951.3600,-62.4500,-59.9520,-2.4980,-0.06177052,-0.05929970,-2.4980,-59.9520,-0.05929970,-2.4980,-2.4980,-2.4980,-3.1225,-3.1225,-59.9520,-0.05929970,-13.7390,-12.5853,-48.7110,-49.8647,-0.04818101,-0.04932217,-0.00247082,21.5106,21.0851,-1.3287,-20.8167,-7.8063,337.0000,15.6667,,21.5106,15.5,20.0,22.0,38.0,40.3,50.0,20.0,11.0,2.015,2.5,1.075532,7,8,3,2,0E-8,-0.06177052,,0E-8,0.000000,0.980218,0.106383,,2026-04-18,2026-06-15,3,8,8,59,0.050848,,,0.000000,,,,,,,,GLOBAL_BASELINE_NO_ENTITY_RANKING,,,NOT_APPLICABLE_GLOBAL_BASELINE,HF9g-P5,,,,X 全窗基线 · 不参与实体赏罚,3920783,393,A168_HF9F_20260827_0900,2026-08-27 09:00:00
2026-05-19,148824476,-1,1,60.0000000000,-20.0000000000,-20.0000000000,0.3333333,3,3,0.49324550000000000,0.493245500000,-0.5540025479526107,-0.5540025479526106,-0.5540025479526107,0E-17,SENTINEL_DEALER,R03b_20260811_FULL_v1,L1_ELIGIBILITY,v2026-08-11,2026-03-21..2026-08-06,baccarat_bet02_101_all_pairs_incl_sentinel,round_win = game_pnl > 0 (decisive only),COMPATIBILITY_ONLY_NOT_PRODUCTION,1011.0000,991.0000,-62.4500,47,47,0.06177052,,0.06177052,0.06177052,62.4500,1011.0000,OK,0.0000,-2.4980,4.0000,96.0000,AG03-UNRESOLVED,ALL5_LEVELS_bet23_to_bet27,-2.4980,-2.4980,-2.4980,-3.1225,-3.1225,4.000000,4.000000,4.000000,5.000000,5.000000,96.000000,96.000000,96.000000,95.000000,95.000000,5.0,-13.7390,-12.5853,-48.7110,-49.8647,PENDING_AG03,FALSE,NOT_FOR_ENFORCEMENT,-59.9520,951.3600,-62.4500,-59.9520,-2.4980,-0.06177052,-0.05929970,-2.4980,-59.9520,-0.05929970,-2.4980,-2.4980,-2.4980,-3.1225,-3.1225,-59.9520,-0.05929970,-13.7390,-12.5853,-48.7110,-49.8647,-0.04818101,-0.04932217,-0.00247082,21.5106,21.0851,-1.3287,-20.8167,-7.8063,337.0000,15.6667,,21.5106,15.5,20.0,22.0,38.0,40.3,50.0,20.0,11.0,2.015,2.5,1.075532,7,8,3,2,0E-8,-0.06177052,,0E-8,0.000000,0.980218,0.106383,,2026-04-18,2026-06-15,3,8,8,59,0.050848,,,0.000000,,,,,,,,GLOBAL_BASELINE_NO_ENTITY_RANKING,,,NOT_APPLICABLE_GLOBAL_BASELINE,HF9g-P5,,,,X 全窗基线 · 不参与实体赏罚,3920784,393,A168_HF9F_20260827_0900,2026-08-27 09:00:00
2026-05-19,148824476,1385,0,12.0000000000,12.0000000000,12.0000000000,1.0000000,1,1,0.49324550000000000,0.493245500000,1.01360149184955,1.01360149184955,1.01360149184955,0E-17,ELIGIBLE,R03b_20260811_FULL_v1,L1_ELIGIBILITY,v2026-08-11,2026-03-21..2026-08-06,baccarat_bet02_101_all_pairs_incl_sentinel,round_win = game_pnl > 0 (decisive only),COMPATIBILITY_ONLY_NOT_PRODUCTION,1011.0000,991.0000,-62.4500,47,47,0.06177052,,0.06177052,0.06177052,62.4500,1011.0000,OK,0.0000,-2.4980,4.0000,96.0000,AG03-UNRESOLVED,ALL5_LEVELS_bet23_to_bet27,-2.4980,-2.4980,-2.4980,-3.1225,-3.1225,4.000000,4.000000,4.000000,5.000000,5.000000,96.000000,96.000000,96.000000,95.000000,95.000000,5.0,-13.7390,-12.5853,-48.7110,-49.8647,PENDING_AG03,FALSE,NOT_FOR_ENFORCEMENT,-59.9520,951.3600,-62.4500,-59.9520,-2.4980,-0.06177052,-0.05929970,-2.4980,-59.9520,-0.05929970,-2.4980,-2.4980,-2.4980,-3.1225,-3.1225,-59.9520,-0.05929970,-13.7390,-12.5853,-48.7110,-49.8647,-0.04818101,-0.04932217,-0.00247082,21.5106,21.0851,-1.3287,-20.8167,-7.8063,337.0000,15.6667,,21.5106,15.5,20.0,22.0,38.0,40.3,50.0,20.0,11.0,2.015,2.5,1.075532,7,8,3,2,0E-8,-0.06177052,,0E-8,0.000000,0.980218,0.106383,,2026-04-18,2026-06-15,3,8,8,59,0.050848,,,0.000000,,,,,,,,GLOBAL_BASELINE_NO_ENTITY_RANKING,,,NOT_APPLICABLE_GLOBAL_BASELINE,HF9g-P5,,,,X 全窗基线 · 不参与实体赏罚,3920785,393,A168_HF9F_20260827_0900,2026-08-27 09:00:00
2026-05-19,148824476,2123,0,152.0000000000,-37.2500000000,-37.2500000000,0.5000000,6,6,0.49771390000000000,0.497713900000,0.011199674067230152,0.011199674067230152,0.011199674067230152,0E-17,ELIGIBLE,R03b_20260811_FULL_v1,L1_ELIGIBILITY,v2026-08-11,2026-03-21..2026-08-06,baccarat_bet02_101_all_pairs_incl_sentinel,round_win = game_pnl > 0 (decisive only),COMPATIBILITY_ONLY_NOT_PRODUCTION,1011.0000,991.0000,-62.4500,47,47,0.06177052,,0.06177052,0.06177052,62.4500,1011.0000,OK,0.0000,-2.4980,4.0000,96.0000,AG03-UNRESOLVED,ALL5_LEVELS_bet23_to_bet27,-2.4980,-2.4980,-2.4980,-3.1225,-3.1225,4.000000,4.000000,4.000000,5.000000,5.000000,96.000000,96.000000,96.000000,95.000000,95.000000,5.0,-13.7390,-12.5853,-48.7110,-49.8647,PENDING_AG03,FALSE,NOT_FOR_ENFORCEMENT,-59.9520,951.3600,-62.4500,-59.9520,-2.4980,-0.06177052,-0.05929970,-2.4980,-59.9520,-0.05929970,-2.4980,-2.4980,-2.4980,-3.1225,-3.1225,-59.9520,-0.05929970,-13.7390,-12.5853,-48.7110,-49.8647,-0.04818101,-0.04932217,-0.00247082,21.5106,21.0851,-1.3287,-20.8167,-7.8063,337.0000,15.6667,,21.5106,15.5,20.0,22.0,38.0,40.3,50.0,20.0,11.0,2.015,2.5,1.075532,7,8,3,2,0E-8,-0.06177052,,0E-8,0.000000,0.980218,0.106383,,2026-04-18,2026-06-15,3,8,8,59,0.050848,,,0.000000,,,,,,,,GLOBAL_BASELINE_NO_ENTITY_RANKING,,,NOT_APPLICABLE_GLOBAL_BASELINE,HF9g-P5,,,,X 全窗基线 · 不参与实体赏罚,3920786,393,A168_HF9F_20260827_0900,2026-08-27 09:00:00
2026-05-19,148824476,2141,0,204.0000000000,34.3000000000,34.3000000000,0.5555556,9,9,0.50069283333333333,0.500692833333,0.32917664935493707,0.32917664935693675,0.32917664935493707,3.3333E-13,ELIGIBLE,R03b_20260811_FULL_v1,L1_ELIGIBILITY,v2026-08-11,2026-03-21..2026-08-06,baccarat_bet02_101_all_pairs_incl_sentinel,round_win = game_pnl > 0 (decisive only),COMPATIBILITY_ONLY_NOT_PRODUCTION,1011.0000,991.0000,-62.4500,47,47,0.06177052,,0.06177052,0.06177052,62.4500,1011.0000,OK,0.0000,-2.4980,4.0000,96.0000,AG03-UNRESOLVED,ALL5_LEVELS_bet23_to_bet27,-2.4980,-2.4980,-2.4980,-3.1225,-3.1225,4.000000,4.000000,4.000000,5.000000,5.000000,96.000000,96.000000,96.000000,95.000000,95.000000,5.0,-13.7390,-12.5853,-48.7110,-49.8647,PENDING_AG03,FALSE,NOT_FOR_ENFORCEMENT,-59.9520,951.3600,-62.4500,-59.9520,-2.4980,-0.06177052,-0.05929970,-2.4980,-59.9520,-0.05929970,-2.4980,-2.4980,-2.4980,-3.1225,-3.1225,-59.9520,-0.05929970,-13.7390,-12.5853,-48.7110,-49.8647,-0.04818101,-0.04932217,-0.00247082,21.5106,21.0851,-1.3287,-20.8167,-7.8063,337.0000,15.6667,,21.5106,15.5,20.0,22.0,38.0,40.3,50.0,20.0,11.0,2.015,2.5,1.075532,7,8,3,2,0E-8,-0.06177052,,0E-8,0.000000,0.980218,0.106383,,2026-04-18,2026-06-15,3,8,8,59,0.050848,,,0.000000,,,,,,,,GLOBAL_BASELINE_NO_ENTITY_RANKING,,,NOT_APPLICABLE_GLOBAL_BASELINE,HF9g-P5,,,,X 全窗基线 · 不参与实体赏罚,3920787,393,A168_HF9F_20260827_0900,2026-08-27 09:00:00
2026-05-19,148824476,2209,0,60.0000000000,19.0000000000,19.0000000000,0.6666667,3,3,0.50218230000000000,0.502182300000,0.5697959874915163,0.5697959874915164,0.5697959874915163,0E-17,ELIGIBLE,R03b_20260811_FULL_v1,L1_ELIGIBILITY,v2026-08-11,2026-03-21..2026-08-06,baccarat_bet02_101_all_pairs_incl_sentinel,round_win = game_pnl > 0 (decisive only),COMPATIBILITY_ONLY_NOT_PRODUCTION,1011.0000,991.0000,-62.4500,47,47,0.06177052,,0.06177052,0.06177052,62.4500,1011.0000,OK,0.0000,-2.4980,4.0000,96.0000,AG03-UNRESOLVED,ALL5_LEVELS_bet23_to_bet27,-2.4980,-2.4980,-2.4980,-3.1225,-3.1225,4.000000,4.000000,4.000000,5.000000,5.000000,96.000000,96.000000,96.000000,95.000000,95.000000,5.0,-13.7390,-12.5853,-48.7110,-49.8647,PENDING_AG03,FALSE,NOT_FOR_ENFORCEMENT,-59.9520,951.3600,-62.4500,-59.9520,-2.4980,-0.06177052,-0.05929970,-2.4980,-59.9520,-0.05929970,-2.4980,-2.4980,-2.4980,-3.1225,-3.1225,-59.9520,-0.05929970,-13.7390,-12.5853,-48.7110,-49.8647,-0.04818101,-0.04932217,-0.00247082,21.5106,21.0851,-1.3287,-20.8167,-7.8063,337.0000,15.6667,,21.5106,15.5,20.0,22.0,38.0,40.3,50.0,20.0,11.0,2.015,2.5,1.075532,7,8,3,2,0E-8,-0.06177052,,0E-8,0.000000,0.980218,0.106383,,2026-04-18,2026-06-15,3,8,8,59,0.050848,,,0.000000,,,,,,,,GLOBAL_BASELINE_NO_ENTITY_RANKING,,,NOT_APPLICABLE_GLOBAL_BASELINE,HF9g-P5,,,,X 全窗基线 · 不参与实体赏罚,3920788,393,A168_HF9F_20260827_0900,2026-08-27 09:00:00
2026-05-19,148824476,2241,0,27.0000000000,-27.0000000000,-27.0000000000,0E-7,1,1,0.49324550000000000,0.493245500000,-0.9865810262130424,-0.9865810262130424,-0.9865810262130424,0E-17,ELIGIBLE,R03b_20260811_FULL_v1,L1_ELIGIBILITY,v2026-08-11,2026-03-21..2026-08-06,baccarat_bet02_101_all_pairs_incl_sentinel,round_win = game_pnl > 0 (decisive only),COMPATIBILITY_ONLY_NOT_PRODUCTION,1011.0000,991.0000,-62.4500,47,47,0.06177052,,0.06177052,0.06177052,62.4500,1011.0000,OK,0.0000,-2.4980,4.0000,96.0000,AG03-UNRESOLVED,ALL5_LEVELS_bet23_to_bet27,-2.4980,-2.4980,-2.4980,-3.1225,-3.1225,4.000000,4.000000,4.000000,5.000000,5.000000,96.000000,96.000000,96.000000,95.000000,95.000000,5.0,-13.7390,-12.5853,-48.7110,-49.8647,PENDING_AG03,FALSE,NOT_FOR_ENFORCEMENT,-59.9520,951.3600,-62.4500,-59.9520,-2.4980,-0.06177052,-0.05929970,-2.4980,-59.9520,-0.05929970,-2.4980,-2.4980,-2.4980,-3.1225,-3.1225,-59.9520,-0.05929970,-13.7390,-12.5853,-48.7110,-49.8647,-0.04818101,-0.04932217,-0.00247082,21.5106,21.0851,-1.3287,-20.8167,-7.8063,337.0000,15.6667,,21.5106,15.5,20.0,22.0,38.0,40.3,50.0,20.0,11.0,2.015,2.5,1.075532,7,8,3,2,0E-8,-0.06177052,,0E-8,0.000000,0.980218,0.106383,,2026-04-18,2026-06-15,3,8,8,59,0.050848,,,0.000000,,,,,,,,GLOBAL_BASELINE_NO_ENTITY_RANKING,,,NOT_APPLICABLE_GLOBAL_BASELINE,HF9g-P5,,,,X 全窗基线 · 不参与实体赏罚,3920789,393,A168_HF9F_20260827_0900,2026-08-27 09:00:00
2026-05-19,148824476,970,0,95.0000000000,6.4000000000,6.4000000000,0.5714286,7,7,0.50473567142857143,0.504735671429,0.35292148522900274,0.3529214852267378,0.35292148522900274,-4.2857E-13,ELIGIBLE,R03b_20260811_FULL_v1,L1_ELIGIBILITY,v2026-08-11,2026-03-21..2026-08-06,baccarat_bet02_101_all_pairs_incl_sentinel,round_win = game_pnl > 0 (decisive only),COMPATIBILITY_ONLY_NOT_PRODUCTION,1011.0000,991.0000,-62.4500,47,47,0.06177052,,0.06177052,0.06177052,62.4500,1011.0000,OK,0.0000,-2.4980,4.0000,96.0000,AG03-UNRESOLVED,ALL5_LEVELS_bet23_to_bet27,-2.4980,-2.4980,-2.4980,-3.1225,-3.1225,4.000000,4.000000,4.000000,5.000000,5.000000,96.000000,96.000000,96.000000,95.000000,95.000000,5.0,-13.7390,-12.5853,-48.7110,-49.8647,PENDING_AG03,FALSE,NOT_FOR_ENFORCEMENT,-59.9520,951.3600,-62.4500,-59.9520,-2.4980,-0.06177052,-0.05929970,-2.4980,-59.9520,-0.05929970,-2.4980,-2.4980,-2.4980,-3.1225,-3.1225,-59.9520,-0.05929970,-13.7390,-12.5853,-48.7110,-49.8647,-0.04818101,-0.04932217,-0.00247082,21.5106,21.0851,-1.3287,-20.8167,-7.8063,337.0000,15.6667,,21.5106,15.5,20.0,22.0,38.0,40.3,50.0,20.0,11.0,2.015,2.5,1.075532,7,8,3,2,0E-8,-0.06177052,,0E-8,0.000000,0.980218,0.106383,,2026-04-18,2026-06-15,3,8,8,59,0.050848,,,0.000000,,,,,,,,GLOBAL_BASELINE_NO_ENTITY_RANKING,,,NOT_APPLICABLE_GLOBAL_BASELINE,HF9g-P5,,,,X 全窗基线 · 不参与实体赏罚,3920790,393,A168_HF9F_20260827_0900,2026-08-27 09:00:00
2026-06-15,148824476,-1,1,300.0000000000,97.0000000000,97.0000000000,0.5454545,12,12,0.49771390000000000,0.497713900000,0.31667892655003893,0.31667892655003893,0.31667892655003893,0E-17,SENTINEL_DEALER,R03b_20260811_FULL_v1,L1_ELIGIBILITY,v2026-08-11,2026-03-21..2026-08-06,baccarat_bet02_101_all_pairs_incl_sentinel,round_win = game_pnl > 0 (decisive only),COMPATIBILITY_ONLY_NOT_PRODUCTION,1011.0000,991.0000,-62.4500,47,47,0.06177052,,0.06177052,0.06177052,62.4500,1011.0000,OK,0.0000,-2.4980,4.0000,96.0000,AG03-UNRESOLVED,ALL5_LEVELS_bet23_to_bet27,-2.4980,-2.4980,-2.4980,-3.1225,-3.1225,4.000000,4.000000,4.000000,5.000000,5.000000,96.000000,96.000000,96.000000,95.000000,95.000000,5.0,-13.7390,-12.5853,-48.7110,-49.8647,PENDING_AG03,FALSE,NOT_FOR_ENFORCEMENT,-59.9520,951.3600,-62.4500,-59.9520,-2.4980,-0.06177052,-0.05929970,-2.4980,-59.9520,-0.05929970,-2.4980,-2.4980,-2.4980,-3.1225,-3.1225,-59.9520,-0.05929970,-13.7390,-12.5853,-48.7110,-49.8647,-0.04818101,-0.04932217,-0.00247082,21.5106,21.0851,-1.3287,-20.8167,-7.8063,337.0000,15.6667,,21.5106,15.5,20.0,22.0,38.0,40.3,50.0,20.0,11.0,2.015,2.5,1.075532,7,8,3,2,0E-8,-0.06177052,,0E-8,0.000000,0.980218,0.106383,,2026-04-18,2026-06-15,3,8,8,59,0.050848,,,0.000000,,,,,,,,GLOBAL_BASELINE_NO_ENTITY_RANKING,,,NOT_APPLICABLE_GLOBAL_BASELINE,HF9g-P5,,,,X 全窗基线 · 不参与实体赏罚,3920791,393,A168_HF9F_20260827_0900,2026-08-27 09:00:00
2026-06-26,152072427,2252,0,65.7332497721,62.4465872835,62.4465872835,1.0000000,2,2,0.50665070000000000,0.506650700000,1.3955260008387969,1.3955260008387969,1.3955260008387969,0E-17,ELIGIBLE,R03b_20260811_FULL_v1,L1_ELIGIBILITY,v2026-08-11,2026-03-21..2026-08-06,baccarat_bet02_101_all_pairs_incl_sentinel,round_win = game_pnl > 0 (decisive only),COMPATIBILITY_ONLY_NOT_PRODUCTION,65.7332,65.7332,-62.4466,2,2,0.95000000,,0.95000000,0.95000000,62.4466,65.7332,THIN_EXPOSURE,0.0000,-2.4979,4.0000,96.0000,AG03-UNRESOLVED,ALL5_LEVELS_bet23_to_bet27,-2.4979,-2.4979,-2.4979,-2.4979,-2.4979,4.000000,4.000000,4.000000,4.000000,4.000000,96.000000,96.000000,96.000000,96.000000,96.000000,5.0,-12.4893,-11.5293,-49.9573,-50.9172,PENDING_AG03,FALSE,NOT_FOR_ENFORCEMENT,-59.9487,63.1039,-62.4466,-59.9487,-2.4979,-0.95000000,-0.91200000,-2.4979,-59.9487,-0.91200000,-2.4979,-2.4979,-2.4979,-2.4979,-2.4979,-59.9487,-0.91200000,-12.4893,-11.5293,-49.9573,-50.9172,-0.76000000,-0.77460406,-0.03800000,32.8666,32.8666,-31.2233,-62.4466,-62.4466,65.7332,2.0000,,32.8666,22.0773,32.8666,43.656,43.656,43.656,43.656,32.8666,31.2233,1.328277,1.328277,1.0,1,1,1,1,0E-8,-0.95000000,,0E-8,0.000000,1.000000,0.000000,,2026-06-26,2026-06-26,1,1,1,1,1.000000,,,0.000000,,,,,,,,GLOBAL_BASELINE_NO_ENTITY_RANKING,,,NOT_APPLICABLE_GLOBAL_BASELINE,HF9g-P5,,,,X 全窗基线 · 不参与实体赏罚,3920792,393,A168_HF9F_20260827_0900,2026-08-27 09:00:00
2026-06-24,152015316,1094,0,22.0772561531,20.9733933455,20.9733933455,1.0000000,1,1,0.50665070000000000,0.506650700000,0.9867858985152569,0.9867858985152569,0.9867858985152569,0E-17,ELIGIBLE,R03b_20260811_FULL_v1,L1_ELIGIBILITY,v2026-08-11,2026-03-21..2026-08-06,baccarat_bet02_101_all_pairs_incl_sentinel,round_win = game_pnl > 0 (decisive only),COMPATIBILITY_ONLY_NOT_PRODUCTION,109.3892,65.7332,-62.4466,3,3,0.57086589,,0.57086589,0.57086589,62.4466,109.3892,THIN_EXPOSURE,0.0000,-2.4979,4.0000,96.0000,AG03-UNRESOLVED,ALL5_LEVELS_bet23_to_bet27,-2.4979,-2.4979,-2.4979,-2.4979,-2.4979,4.000000,4.000000,4.000000,4.000000,4.000000,96.000000,96.000000,96.000000,96.000000,96.000000,5.0,-12.4893,-11.5293,-49.9573,-50.9172,PENDING_AG03,FALSE,NOT_FOR_ENFORCEMENT,-59.9487,63.1039,-62.4466,-59.9487,-2.4979,-0.57086589,-0.54803125,-2.4979,-59.9487,-0.54803125,-2.4979,-2.4979,-2.4979,-2.4979,-2.4979,-59.9487,-0.54803125,-12.4893,-11.5293,-49.9573,-50.9172,-0.45669271,-0.46546846,-0.02283464,36.4631,21.9111,-20.8155,-62.4466,-31.2233,109.3892,3.0000,,36.4631,27.4719,43.656,43.656,43.656,43.656,43.656,22.0773,20.9734,1.0,1.0,0.835237,2,2,1,1,0E-8,-0.57086589,,0E-8,0.000000,0.600911,0.000000,,2026-06-24,2026-06-24,1,2,2,1,1.000000,,,0.000000,,,,,,,,GLOBAL_BASELINE_NO_ENTITY_RANKING,,,NOT_APPLICABLE_GLOBAL_BASELINE,HF9g-P5,,,,X 全窗基线 · 不参与实体赏罚,3920793,393,A168_HF9F_20260827_0900,2026-08-27 09:00:00
2026-06-24,152015316,2088,0,87.3119872380,41.4731939380,41.4731939380,1.0000000,2,2,0.50665070000000000,0.506650700000,0.9867858985152569,0.9867858985152569,0.9867858985152569,0E-17,ELIGIBLE,R03b_20260811_FULL_v1,L1_ELIGIBILITY,v2026-08-11,2026-03-21..2026-08-06,baccarat_bet02_101_all_pairs_incl_sentinel,round_win = game_pnl > 0 (decisive only),COMPATIBILITY_ONLY_NOT_PRODUCTION,109.3892,65.7332,-62.4466,3,3,0.57086589,,0.57086589,0.57086589,62.4466,109.3892,THIN_EXPOSURE,0.0000,-2.4979,4.0000,96.0000,AG03-UNRESOLVED,ALL5_LEVELS_bet23_to_bet27,-2.4979,-2.4979,-2.4979,-2.4979,-2.4979,4.000000,4.000000,4.000000,4.000000,4.000000,96.000000,96.000000,96.000000,96.000000,96.000000,5.0,-12.4893,-11.5293,-49.9573,-50.9172,PENDING_AG03,FALSE,NOT_FOR_ENFORCEMENT,-59.9487,63.1039,-62.4466,-59.9487,-2.4979,-0.57086589,-0.54803125,-2.4979,-59.9487,-0.54803125,-2.4979,-2.4979,-2.4979,-2.4979,-2.4979,-59.9487,-0.54803125,-12.4893,-11.5293,-49.9573,-50.9172,-0.45669271,-0.46546846,-0.02283464,36.4631,21.9111,-20.8155,-62.4466,-31.2233,109.3892,3.0000,,36.4631,27.4719,43.656,43.656,43.656,43.656,43.656,22.0773,20.9734,1.0,1.0,0.835237,2,2,1,1,0E-8,-0.57086589,,0E-8,0.000000,0.600911,0.000000,,2026-06-24,2026-06-24,1,2,2,1,1.000000,,,0.000000,,,,,,,,GLOBAL_BASELINE_NO_ENTITY_RANKING,,,NOT_APPLICABLE_GLOBAL_BASELINE,HF9g-P5,,,,X 全窗基线 · 不参与实体赏罚,3920794,393,A168_HF9F_20260827_0900,2026-08-27 09:00:00
2026-06-24,152015683,1485,0,22.0772561531,0E-10,0E-10,,1,1,0.50665070000000000,0.506650700000,,,,0E-17,NO_DECISIVE_ROUND,R03b_20260811_FULL_v1,L1_ELIGIBILITY,v2026-08-11,2026-03-21..2026-08-06,baccarat_bet02_101_all_pairs_incl_sentinel,round_win = game_pnl > 0 (decisive only),COMPATIBILITY_ONLY_NOT_PRODUCTION,153.5438,65.7332,-62.4466,5,5,0.40670223,,0.40670223,0.40670223,62.4466,153.5438,THIN_EXPOSURE,0.0000,-2.4979,4.0000,96.0000,AG03-UNRESOLVED,ALL5_LEVELS_bet23_to_bet27,-2.4979,-2.4979,-2.4979,-2.4979,-2.4979,4.000000,4.000000,4.000000,4.000000,4.000000,96.000000,96.000000,96.000000,96.000000,96.000000,5.0,-12.4893,-11.5293,-49.9573,-50.9172,PENDING_AG03,FALSE,NOT_FOR_ENFORCEMENT,-59.9487,63.1039,-62.4466,-59.9487,-2.4979,-0.40670223,-0.39043414,-2.4979,-59.9487,-0.39043414,-2.4979,-2.4979,-2.4979,-2.4979,-2.4979,-59.9487,-0.39043414,-12.4893,-11.5293,-49.9573,-50.9172,-0.32536178,-0.33161389,-0.01626809,30.7088,13.1466,-12.4893,-62.4466,-12.4893,153.5438,5.0000,,30.7088,22.0773,22.0773,43.656,43.656,43.656,43.656,0.0,0.0,1.977419,1.977419,1.390968,5,5,2,1,0E-8,-0.40670223,,0E-8,0.000000,0.428108,0.000000,,2026-06-24,2026-06-24,1,5,5,1,1.000000,,,0.000000,,,,,,,,GLOBAL_BASELINE_NO_ENTITY_RANKING,,,NOT_APPLICABLE_GLOBAL_BASELINE,HF9g-P5,,,,X 全窗基线 · 不参与实体赏罚,3920795,393,A168_HF9F_20260827_0900,2026-08-27 09:00:00
2026-06-24,152015683,2088,0,43.6559936190,41.4731939380,41.4731939380,1.0000000,1,1,0.50665070000000000,0.506650700000,0.9867858985152569,0.9867858985152569,0.9867858985152569,0E-17,ELIGIBLE,R03b_20260811_FULL_v1,L1_ELIGIBILITY,v2026-08-11,2026-03-21..2026-08-06,baccarat_bet02_101_all_pairs_incl_sentinel,round_win = game_pnl > 0 (decisive only),COMPATIBILITY_ONLY_NOT_PRODUCTION,153.5438,65.7332,-62.4466,5,5,0.40670223,,0.40670223,0.40670223,62.4466,153.5438,THIN_EXPOSURE,0.0000,-2.4979,4.0000,96.0000,AG03-UNRESOLVED,ALL5_LEVELS_bet23_to_bet27,-2.4979,-2.4979,-2.4979,-2.4979,-2.4979,4.000000,4.000000,4.000000,4.000000,4.000000,96.000000,96.000000,96.000000,96.000000,96.000000,5.0,-12.4893,-11.5293,-49.9573,-50.9172,PENDING_AG03,FALSE,NOT_FOR_ENFORCEMENT,-59.9487,63.1039,-62.4466,-59.9487,-2.4979,-0.40670223,-0.39043414,-2.4979,-59.9487,-0.39043414,-2.4979,-2.4979,-2.4979,-2.4979,-2.4979,-59.9487,-0.39043414,-12.4893,-11.5293,-49.9573,-50.9172,-0.32536178,-0.33161389,-0.01626809,30.7088,13.1466,-12.4893,-62.4466,-12.4893,153.5438,5.0000,,30.7088,22.0773,22.0773,43.656,43.656,43.656,43.656,0.0,0.0,1.977419,1.977419,1.390968,5,5,2,1,0E-8,-0.40670223,,0E-8,0.000000,0.428108,0.000000,,2026-06-24,2026-06-24,1,5,5,1,1.000000,,,0.000000,,,,,,,,GLOBAL_BASELINE_NO_ENTITY_RANKING,,,NOT_APPLICABLE_GLOBAL_BASELINE,HF9g-P5,,,,X 全窗基线 · 不参与实体赏罚,3920796,393,A168_HF9F_20260827_0900,2026-08-27 09:00:00
2026-06-24,152015683,2160,0,22.0772561531,20.9733933455,20.9733933455,1.0000000,1,1,0.50665070000000000,0.506650700000,0.9867858985152569,0.9867858985152569,0.9867858985152569,0E-17,ELIGIBLE,R03b_20260811_FULL_v1,L1_ELIGIBILITY,v2026-08-11,2026-03-21..2026-08-06,baccarat_bet02_101_all_pairs_incl_sentinel,round_win = game_pnl > 0 (decisive only),COMPATIBILITY_ONLY_NOT_PRODUCTION,153.5438,65.7332,-62.4466,5,5,0.40670223,,0.40670223,0.40670223,62.4466,153.5438,THIN_EXPOSURE,0.0000,-2.4979,4.0000,96.0000,AG03-UNRESOLVED,ALL5_LEVELS_bet23_to_bet27,-2.4979,-2.4979,-2.4979,-2.4979,-2.4979,4.000000,4.000000,4.000000,4.000000,4.000000,96.000000,96.000000,96.000000,96.000000,96.000000,5.0,-12.4893,-11.5293,-49.9573,-50.9172,PENDING_AG03,FALSE,NOT_FOR_ENFORCEMENT,-59.9487,63.1039,-62.4466,-59.9487,-2.4979,-0.40670223,-0.39043414,-2.4979,-59.9487,-0.39043414,-2.4979,-2.4979,-2.4979,-2.4979,-2.4979,-59.9487,-0.39043414,-12.4893,-11.5293,-49.9573,-50.9172,-0.32536178,-0.33161389,-0.01626809,30.7088,13.1466,-12.4893,-62.4466,-12.4893,153.5438,5.0000,,30.7088,22.0773,22.0773,43.656,43.656,43.656,43.656,0.0,0.0,1.977419,1.977419,1.390968,5,5,2,1,0E-8,-0.40670223,,0E-8,0.000000,0.428108,0.000000,,2026-06-24,2026-06-24,1,5,5,1,1.000000,,,0.000000,,,,,,,,GLOBAL_BASELINE_NO_ENTITY_RANKING,,,NOT_APPLICABLE_GLOBAL_BASELINE,HF9g-P5,,,,X 全窗基线 · 不参与实体赏罚,3920797,393,A168_HF9F_20260827_0900,2026-08-27 09:00:00
2026-06-24,152015683,2196,0,22.0772561531,0E-10,0E-10,,1,1,0.50665070000000000,0.506650700000,,,,0E-17,NO_DECISIVE_ROUND,R03b_20260811_FULL_v1,L1_ELIGIBILITY,v2026-08-11,2026-03-21..2026-08-06,baccarat_bet02_101_all_pairs_incl_sentinel,round_win = game_pnl > 0 (decisive only),COMPATIBILITY_ONLY_NOT_PRODUCTION,153.5438,65.7332,-62.4466,5,5,0.40670223,,0.40670223,0.40670223,62.4466,153.5438,THIN_EXPOSURE,0.0000,-2.4979,4.0000,96.0000,AG03-UNRESOLVED,ALL5_LEVELS_bet23_to_bet27,-2.4979,-2.4979,-2.4979,-2.4979,-2.4979,4.000000,4.000000,4.000000,4.000000,4.000000,96.000000,96.000000,96.000000,96.000000,96.000000,5.0,-12.4893,-11.5293,-49.9573,-50.9172,PENDING_AG03,FALSE,NOT_FOR_ENFORCEMENT,-59.9487,63.1039,-62.4466,-59.9487,-2.4979,-0.40670223,-0.39043414,-2.4979,-59.9487,-0.39043414,-2.4979,-2.4979,-2.4979,-2.4979,-2.4979,-59.9487,-0.39043414,-12.4893,-11.5293,-49.9573,-50.9172,-0.32536178,-0.33161389,-0.01626809,30.7088,13.1466,-12.4893,-62.4466,-12.4893,153.5438,5.0000,,30.7088,22.0773,22.0773,43.656,43.656,43.656,43.656,0.0,0.0,1.977419,1.977419,1.390968,5,5,2,1,0E-8,-0.40670223,,0E-8,0.000000,0.428108,0.000000,,2026-06-24,2026-06-24,1,5,5,1,1.000000,,,0.000000,,,,,,,,GLOBAL_BASELINE_NO_ENTITY_RANKING,,,NOT_APPLICABLE_GLOBAL_BASELINE,HF9g-P5,,,,X 全窗基线 · 不参与实体赏罚,3920798,393,A168_HF9F_20260827_0900,2026-08-27 09:00:00
2026-06-24,152015683,2241,0,43.6559936190,0E-10,0E-10,,1,1,0.50665070000000000,0.506650700000,,,,0E-17,NO_DECISIVE_ROUND,R03b_20260811_FULL_v1,L1_ELIGIBILITY,v2026-08-11,2026-03-21..2026-08-06,baccarat_bet02_101_all_pairs_incl_sentinel,round_win = game_pnl > 0 (decisive only),COMPATIBILITY_ONLY_NOT_PRODUCTION,153.5438,65.7332,-62.4466,5,5,0.40670223,,0.40670223,0.40670223,62.4466,153.5438,THIN_EXPOSURE,0.0000,-2.4979,4.0000,96.0000,AG03-UNRESOLVED,ALL5_LEVELS_bet23_to_bet27,-2.4979,-2.4979,-2.4979,-2.4979,-2.4979,4.000000,4.000000,4.000000,4.000000,4.000000,96.000000,96.000000,96.000000,96.000000,96.000000,5.0,-12.4893,-11.5293,-49.9573,-50.9172,PENDING_AG03,FALSE,NOT_FOR_ENFORCEMENT,-59.9487,63.1039,-62.4466,-59.9487,-2.4979,-0.40670223,-0.39043414,-2.4979,-59.9487,-0.39043414,-2.4979,-2.4979,-2.4979,-2.4979,-2.4979,-59.9487,-0.39043414,-12.4893,-11.5293,-49.9573,-50.9172,-0.32536178,-0.33161389,-0.01626809,30.7088,13.1466,-12.4893,-62.4466,-12.4893,153.5438,5.0000,,30.7088,22.0773,22.0773,43.656,43.656,43.656,43.656,0.0,0.0,1.977419,1.977419,1.390968,5,5,2,1,0E-8,-0.40670223,,0E-8,0.000000,0.428108,0.000000,,2026-06-24,2026-06-24,1,5,5,1,1.000000,,,0.000000,,,,,,,,GLOBAL_BASELINE_NO_ENTITY_RANKING,,,NOT_APPLICABLE_GLOBAL_BASELINE,HF9g-P5,,,,X 全窗基线 · 不参与实体赏罚,3920799,393,A168_HF9F_20260827_0900,2026-08-27 09:00:00
2026-07-19,153217421,1302,0,43.3307443895,43.3307443895,43.3307443895,1.0000000,2,2,0.49324550000000000,0.493245500000,1.4334489766152358,1.4334489766152358,1.4334489766152358,0E-17,ELIGIBLE,R03b_20260811_FULL_v1,L1_ELIGIBILITY,v2026-08-11,2026-03-21..2026-08-06,baccarat_bet02_101_all_pairs_incl_sentinel,round_win = game_pnl > 0 (decisive only),COMPATIBILITY_ONLY_NOT_PRODUCTION,112.8234,112.8234,-62.4412,12,12,0.55344203,0.55344203,,0.55344203,62.4412,112.8234,THIN_EXPOSURE,0.0000,-2.4976,4.0000,96.0000,AG03-UNRESOLVED,ALL5_LEVELS_bet23_to_bet27,-2.4976,-2.4976,-3.1221,-3.7465,-3.7465,4.000000,4.000000,5.000000,6.000000,6.000000,96.000000,96.000000,95.000000,94.000000,94.000000,5.0,-15.6103,-14.1361,-46.8309,-48.3051,PENDING_AG03,FALSE,NOT_FOR_ENFORCEMENT,-59.9436,108.3105,-62.4412,-59.9436,-2.4976,-0.55344203,-0.53130435,-2.4976,-59.9436,-0.53130435,-2.4976,-2.4976,-3.1221,-3.7465,-3.7465,-59.9436,-0.53130435,-15.6103,-14.1361,-46.8309,-48.3051,-0.41508152,-0.428148,-0.02213768,9.4020,9.4020,-5.2034,-31.2206,-15.6103,56.4117,6.0000,9.4020,,6.1317,7.1537,8.1756,18.3134,34.5011,37.199,7.1537,6.1317,4.822855,5.2,1.314286,4,4,2,2,1.00000000,-0.55344203,-0.55344203,0E-8,0.000000,1.000000,0.000000,,2026-07-19,2026-07-20,2,4,4,2,1.000000,,1.000000,3.333333,,,,,,,,GLOBAL_BASELINE_NO_ENTITY_RANKING,,,NOT_APPLICABLE_GLOBAL_BASELINE,HF9g-P5,,,,X 全窗基线 · 不参与实体赏罚,3920800,393,A168_HF9F_20260827_0900,2026-08-27 09:00:00
2026-07-19,153217421,2289,0,22.4829334097,21.6653721947,21.6653721947,1.0000000,3,3,0.50218230000000000,0.502182300000,1.724507524396475,1.7245075243964754,1.724507524396475,0E-17,ELIGIBLE,R03b_20260811_FULL_v1,L1_ELIGIBILITY,v2026-08-11,2026-03-21..2026-08-06,baccarat_bet02_101_all_pairs_incl_sentinel,round_win = game_pnl > 0 (decisive only),COMPATIBILITY_ONLY_NOT_PRODUCTION,112.8234,112.8234,-62.4412,12,12,0.55344203,0.55344203,,0.55344203,62.4412,112.8234,THIN_EXPOSURE,0.0000,-2.4976,4.0000,96.0000,AG03-UNRESOLVED,ALL5_LEVELS_bet23_to_bet27,-2.4976,-2.4976,-3.1221,-3.7465,-3.7465,4.000000,4.000000,5.000000,6.000000,6.000000,96.000000,96.000000,95.000000,94.000000,94.000000,5.0,-15.6103,-14.1361,-46.8309,-48.3051,PENDING_AG03,FALSE,NOT_FOR_ENFORCEMENT,-59.9436,108.3105,-62.4412,-59.9436,-2.4976,-0.55344203,-0.53130435,-2.4976,-59.9436,-0.53130435,-2.4976,-2.4976,-3.1221,-3.7465,-3.7465,-59.9436,-0.53130435,-15.6103,-14.1361,-46.8309,-48.3051,-0.41508152,-0.428148,-0.02213768,9.4020,9.4020,-5.2034,-31.2206,-15.6103,56.4117,6.0000,9.4020,,6.1317,7.1537,8.1756,18.3134,34.5011,37.199,7.1537,6.1317,4.822855,5.2,1.314286,4,4,2,2,1.00000000,-0.55344203,-0.55344203,0E-8,0.000000,1.000000,0.000000,,2026-07-19,2026-07-20,2,4,4,2,1.000000,,1.000000,3.333333,,,,,,,,GLOBAL_BASELINE_NO_ENTITY_RANKING,,,NOT_APPLICABLE_GLOBAL_BASELINE,HF9g-P5,,,,X 全窗基线 · 不参与实体赏罚,3920801,393,A168_HF9F_20260827_0900,2026-08-27 09:00:00
2026-07-19,153217421,994,0,4.0878060745,4.0878060745,4.0878060745,1.0000000,1,1,0.49324550000000000,0.493245500000,1.01360149184955,1.01360149184955,1.01360149184955,0E-17,ELIGIBLE,R03b_20260811_FULL_v1,L1_ELIGIBILITY,v2026-08-11,2026-03-21..2026-08-06,baccarat_bet02_101_all_pairs_incl_sentinel,round_win = game_pnl > 0 (decisive only),COMPATIBILITY_ONLY_NOT_PRODUCTION,112.8234,112.8234,-62.4412,12,12,0.55344203,0.55344203,,0.55344203,62.4412,112.8234,THIN_EXPOSURE,0.0000,-2.4976,4.0000,96.0000,AG03-UNRESOLVED,ALL5_LEVELS_bet23_to_bet27,-2.4976,-2.4976,-3.1221,-3.7465,-3.7465,4.000000,4.000000,5.000000,6.000000,6.000000,96.000000,96.000000,95.000000,94.000000,94.000000,5.0,-15.6103,-14.1361,-46.8309,-48.3051,PENDING_AG03,FALSE,NOT_FOR_ENFORCEMENT,-59.9436,108.3105,-62.4412,-59.9436,-2.4976,-0.55344203,-0.53130435,-2.4976,-59.9436,-0.53130435,-2.4976,-2.4976,-3.1221,-3.7465,-3.7465,-59.9436,-0.53130435,-15.6103,-14.1361,-46.8309,-48.3051,-0.41508152,-0.428148,-0.02213768,9.4020,9.4020,-5.2034,-31.2206,-15.6103,56.4117,6.0000,9.4020,,6.1317,7.1537,8.1756,18.3134,34.5011,37.199,7.1537,6.1317,4.822855,5.2,1.314286,4,4,2,2,1.00000000,-0.55344203,-0.55344203,0E-8,0.000000,1.000000,0.000000,,2026-07-19,2026-07-20,2,4,4,2,1.000000,,1.000000,3.333333,,,,,,,,GLOBAL_BASELINE_NO_ENTITY_RANKING,,,NOT_APPLICABLE_GLOBAL_BASELINE,HF9g-P5,,,,X 全窗基线 · 不参与实体赏罚,3920802,393,A168_HF9F_20260827_0900,2026-08-27 09:00:00
2026-07-20,153217421,2280,0,42.9219637821,-6.6426848710,-6.6426848710,0.3333333,6,6,0.49771390000000000,0.497713900000,-0.8053054414300617,-0.8053054414300617,-0.8053054414300617,0E-17,ELIGIBLE,R03b_20260811_FULL_v1,L1_ELIGIBILITY,v2026-08-11,2026-03-21..2026-08-06,baccarat_bet02_101_all_pairs_incl_sentinel,round_win = game_pnl > 0 (decisive only),COMPATIBILITY_ONLY_NOT_PRODUCTION,112.8234,112.8234,-62.4412,12,12,0.55344203,0.55344203,,0.55344203,62.4412,112.8234,THIN_EXPOSURE,0.0000,-2.4976,4.0000,96.0000,AG03-UNRESOLVED,ALL5_LEVELS_bet23_to_bet27,-2.4976,-2.4976,-3.1221,-3.7465,-3.7465,4.000000,4.000000,5.000000,6.000000,6.000000,96.000000,96.000000,95.000000,94.000000,94.000000,5.0,-15.6103,-14.1361,-46.8309,-48.3051,PENDING_AG03,FALSE,NOT_FOR_ENFORCEMENT,-59.9436,108.3105,-62.4412,-59.9436,-2.4976,-0.55344203,-0.53130435,-2.4976,-59.9436,-0.53130435,-2.4976,-2.4976,-3.1221,-3.7465,-3.7465,-59.9436,-0.53130435,-15.6103,-14.1361,-46.8309,-48.3051,-0.41508152,-0.428148,-0.02213768,9.4020,9.4020,-5.2034,-31.2206,-15.6103,56.4117,6.0000,9.4020,,6.1317,7.1537,8.1756,18.3134,34.5011,37.199,7.1537,6.1317,4.822855,5.2,1.314286,4,4,2,2,1.00000000,-0.55344203,-0.55344203,0E-8,0.000000,1.000000,0.000000,,2026-07-19,2026-07-20,2,4,4,2,1.000000,,1.000000,3.333333,,,,,,,,GLOBAL_BASELINE_NO_ENTITY_RANKING,,,NOT_APPLICABLE_GLOBAL_BASELINE,HF9g-P5,,,,X 全窗基线 · 不参与实体赏罚,3920803,393,A168_HF9F_20260827_0900,2026-08-27 09:00:00
2026-07-31,153670163,-1,1,138.9854065324,62.4412377876,62.4412377876,0.7142857,16,7,0.40239394005980194,0.283531492857,1.682750501573173,2.5285954799759036,1.682750501573173,0.11886244720280194,SENTINEL_DEALER,R03b_20260811_FULL_v1,L1_ELIGIBILITY,v2026-08-11,2026-03-21..2026-08-06,baccarat_bet02_101_all_pairs_incl_sentinel,round_win = game_pnl > 0 (decisive only),COMPATIBILITY_ONLY_NOT_PRODUCTION,138.9854,106.2830,-62.4412,16,7,0.44926471,0.44926471,,0.44926471,62.4412,138.9854,THIN_EXPOSURE,0.0000,-2.4976,4.0000,96.0000,AG03-UNRESOLVED,ALL5_LEVELS_bet23_to_bet27,-2.4976,-2.4976,-3.1221,0.0000,0.0000,4.000000,4.000000,5.000000,0.000000,0.000000,96.000000,96.000000,95.000000,100.000000,100.000000,5.0,-8.1174,-7.7727,-54.3239,-54.6686,PENDING_AG03,FALSE,NOT_FOR_ENFORCEMENT,-59.9436,102.0316,-62.4412,-59.9436,-2.4976,-0.44926471,-0.43129412,-2.4976,-59.9436,-0.43129412,-2.4976,-2.4976,-3.1221,0.0000,0.0000,-59.9436,-0.43129412,-8.1174,-7.7727,-54.3239,-54.6686,-0.39086029,-0.39334024,-0.01797059,8.6866,15.1833,-8.9202,-62.4412,-31.2206,138.9854,7.0000,8.6866,,4.0878,5.1098,12.2634,20.2346,24.7312,26.5707,4.0878,-1.022,4.84,5.2,1.7,2,1,1,5,1.00000000,-0.44926471,-0.44926471,0E-8,0.000000,0.764706,0.000000,,2026-07-31,2026-07-31,1,2,2,1,1.000000,,1.000000,3.333333,,,,,,,,GLOBAL_BASELINE_NO_ENTITY_RANKING,,,NOT_APPLICABLE_GLOBAL_BASELINE,HF9g-P5,,,,X 全窗基线 · 不参与实体赏罚,3920804,393,A168_HF9F_20260827_0900,2026-08-27 09:00:00
2026-07-02,152404155,1485,0,32.7024485958,-24.5268364468,-24.5268364468,0.2000000,5,5,0.49592654000000000,0.495926540000,-1.323467641100715,-1.323467641100715,-1.323467641100715,0E-17,ELIGIBLE,R03b_20260811_FULL_v1,L1_ELIGIBILITY,v2026-08-11,2026-03-21..2026-08-06,baccarat_bet02_101_all_pairs_incl_sentinel,round_win = game_pnl > 0 (decisive only),COMPATIBILITY_ONLY_NOT_PRODUCTION,653.0270,644.8514,-62.4412,76,58,0.09561815,0.11923077,0.08197531,0.09561815,62.4412,653.0270,OK,0.0000,-2.4976,4.0000,96.0000,AG03-UNRESOLVED,ALL5_LEVELS_bet23_to_bet27,-2.4976,-2.4976,-2.4976,-2.4976,-2.4976,4.000000,4.000000,4.000000,4.000000,4.000000,96.000000,96.000000,96.000000,96.000000,96.000000,5.0,-12.4882,-11.5284,-49.9530,-50.9129,PENDING_AG03,FALSE,NOT_FOR_ENFORCEMENT,-59.9436,619.0574,-62.4412,-59.9436,-2.4976,-0.09561815,-0.09179343,-2.4976,-59.9436,-0.09179343,-2.4976,-2.4976,-2.4976,-2.4976,-2.4976,-59.9436,-0.09179343,-12.4882,-11.5284,-49.9530,-50.9129,-0.07649452,-0.07796443,-0.00382473,8.5925,11.1181,-1.0766,-12.4882,-10.4069,130.6054,11.6000,15.9424,6.7851,2.0439,4.0878,11.2415,20.439,20.439,40.8781,4.0878,-1.022,5.0,9.999999,2.101974,5,10,2,3,0.36619718,-0.09561815,-0.11923077,0E-8,0.000000,0.987480,0.000000,0.03725546,2026-07-02,2026-07-09,5,6,6,8,0.625000,2.349630,1.855399,1.220657,,,,,,,,GLOBAL_BASELINE_NO_ENTITY_RANKING,,,NOT_APPLICABLE_GLOBAL_BASELINE,HF9g-P5,,,,X 全窗基线 · 不参与实体赏罚,3920805,393,A168_HF9F_20260827_0900,2026-08-27 09:00:00
2026-07-02,152404155,1957,0,30.6585455586,10.2195151862,10.2195151862,0.6666667,3,3,0.49324550000000000,0.493245500000,0.6008033672792107,0.6008033672792106,0.6008033672792107,0E-17,ELIGIBLE,R03b_20260811_FULL_v1,L1_ELIGIBILITY,v2026-08-11,2026-03-21..2026-08-06,baccarat_bet02_101_all_pairs_incl_sentinel,round_win = game_pnl > 0 (decisive only),COMPATIBILITY_ONLY_NOT_PRODUCTION,653.0270,644.8514,-62.4412,76,58,0.09561815,0.11923077,0.08197531,0.09561815,62.4412,653.0270,OK,0.0000,-2.4976,4.0000,96.0000,AG03-UNRESOLVED,ALL5_LEVELS_bet23_to_bet27,-2.4976,-2.4976,-2.4976,-2.4976,-2.4976,4.000000,4.000000,4.000000,4.000000,4.000000,96.000000,96.000000,96.000000,96.000000,96.000000,5.0,-12.4882,-11.5284,-49.9530,-50.9129,PENDING_AG03,FALSE,NOT_FOR_ENFORCEMENT,-59.9436,619.0574,-62.4412,-59.9436,-2.4976,-0.09561815,-0.09179343,-2.4976,-59.9436,-0.09179343,-2.4976,-2.4976,-2.4976,-2.4976,-2.4976,-59.9436,-0.09179343,-12.4882,-11.5284,-49.9530,-50.9129,-0.07649452,-0.07796443,-0.00382473,8.5925,11.1181,-1.0766,-12.4882,-10.4069,130.6054,11.6000,15.9424,6.7851,2.0439,4.0878,11.2415,20.439,20.439,40.8781,4.0878,-1.022,5.0,9.999999,2.101974,5,10,2,3,0.36619718,-0.09561815,-0.11923077,0E-8,0.000000,0.987480,0.000000,0.03725546,2026-07-02,2026-07-09,5,6,6,8,0.625000,2.349630,1.855399,1.220657,,,,,,,,GLOBAL_BASELINE_NO_ENTITY_RANKING,,,NOT_APPLICABLE_GLOBAL_BASELINE,HF9g-P5,,,,X 全窗基线 · 不参与实体赏罚,3920806,393,A168_HF9F_20260827_0900,2026-08-27 09:00:00
2026-07-02,152404155,2224,0,183.9512733516,59.7841638393,59.7841638393,0.7000000,10,10,0.49860758000000000,0.498607580000,1.2737224404674345,1.2737224404674345,1.2737224404674345,0E-17,ELIGIBLE,R03b_20260811_FULL_v1,L1_ELIGIBILITY,v2026-08-11,2026-03-21..2026-08-06,baccarat_bet02_101_all_pairs_incl_sentinel,round_win = game_pnl > 0 (decisive only),COMPATIBILITY_ONLY_NOT_PRODUCTION,653.0270,644.8514,-62.4412,76,58,0.09561815,0.11923077,0.08197531,0.09561815,62.4412,653.0270,OK,0.0000,-2.4976,4.0000,96.0000,AG03-UNRESOLVED,ALL5_LEVELS_bet23_to_bet27,-2.4976,-2.4976,-2.4976,-2.4976,-2.4976,4.000000,4.000000,4.000000,4.000000,4.000000,96.000000,96.000000,96.000000,96.000000,96.000000,5.0,-12.4882,-11.5284,-49.9530,-50.9129,PENDING_AG03,FALSE,NOT_FOR_ENFORCEMENT,-59.9436,619.0574,-62.4412,-59.9436,-2.4976,-0.09561815,-0.09179343,-2.4976,-59.9436,-0.09179343,-2.4976,-2.4976,-2.4976,-2.4976,-2.4976,-59.9436,-0.09179343,-12.4882,-11.5284,-49.9530,-50.9129,-0.07649452,-0.07796443,-0.00382473,8.5925,11.1181,-1.0766,-12.4882,-10.4069,130.6054,11.6000,15.9424,6.7851,2.0439,4.0878,11.2415,20.439,20.439,40.8781,4.0878,-1.022,5.0,9.999999,2.101974,5,10,2,3,0.36619718,-0.09561815,-0.11923077,0E-8,0.000000,0.987480,0.000000,0.03725546,2026-07-02,2026-07-09,5,6,6,8,0.625000,2.349630,1.855399,1.220657,,,,,,,,GLOBAL_BASELINE_NO_ENTITY_RANKING,,,NOT_APPLICABLE_GLOBAL_BASELINE,HF9g-P5,,,,X 全窗基线 · 不参与实体赏罚,3920807,393,A168_HF9F_20260827_0900,2026-08-27 09:00:00
2026-07-04,152404155,1505,0,9.1975636675,-9.1975636675,-9.1975636675,0E-7,2,2,0.49994810000000000,0.499948100000,-1.4140667746232096,-1.4140667746232096,-1.4140667746232096,0E-17,ELIGIBLE,R03b_20260811_FULL_v1,L1_ELIGIBILITY,v2026-08-11,2026-03-21..2026-08-06,baccarat_bet02_101_all_pairs_incl_sentinel,round_win = game_pnl > 0 (decisive only),COMPATIBILITY_ONLY_NOT_PRODUCTION,653.0270,644.8514,-62.4412,76,58,0.09561815,0.11923077,0.08197531,0.09561815,62.4412,653.0270,OK,0.0000,-2.4976,4.0000,96.0000,AG03-UNRESOLVED,ALL5_LEVELS_bet23_to_bet27,-2.4976,-2.4976,-2.4976,-2.4976,-2.4976,4.000000,4.000000,4.000000,4.000000,4.000000,96.000000,96.000000,96.000000,96.000000,96.000000,5.0,-12.4882,-11.5284,-49.9530,-50.9129,PENDING_AG03,FALSE,NOT_FOR_ENFORCEMENT,-59.9436,619.0574,-62.4412,-59.9436,-2.4976,-0.09561815,-0.09179343,-2.4976,-59.9436,-0.09179343,-2.4976,-2.4976,-2.4976,-2.4976,-2.4976,-59.9436,-0.09179343,-12.4882,-11.5284,-49.9530,-50.9129,-0.07649452,-0.07796443,-0.00382473,8.5925,11.1181,-1.0766,-12.4882,-10.4069,130.6054,11.6000,15.9424,6.7851,2.0439,4.0878,11.2415,20.439,20.439,40.8781,4.0878,-1.022,5.0,9.999999,2.101974,5,10,2,3,0.36619718,-0.09561815,-0.11923077,0E-8,0.000000,0.987480,0.000000,0.03725546,2026-07-02,2026-07-09,5,6,6,8,0.625000,2.349630,1.855399,1.220657,,,,,,,,GLOBAL_BASELINE_NO_ENTITY_RANKING,,,NOT_APPLICABLE_GLOBAL_BASELINE,HF9g-P5,,,,X 全窗基线 · 不参与实体赏罚,3920808,393,A168_HF9F_20260827_0900,2026-08-27 09:00:00
2026-07-04,152404155,2174,0,6.1317091117,1.8395127336,1.8395127336,1.0000000,2,1,0.36930140000223998,0.300626750000,1.3068340945986314,1.5252488199758223,1.3068340945986314,0.06867465000223998,ELIGIBLE,R03b_20260811_FULL_v1,L1_ELIGIBILITY,v2026-08-11,2026-03-21..2026-08-06,baccarat_bet02_101_all_pairs_incl_sentinel,round_win = game_pnl > 0 (decisive only),COMPATIBILITY_ONLY_NOT_PRODUCTION,653.0270,644.8514,-62.4412,76,58,0.09561815,0.11923077,0.08197531,0.09561815,62.4412,653.0270,OK,0.0000,-2.4976,4.0000,96.0000,AG03-UNRESOLVED,ALL5_LEVELS_bet23_to_bet27,-2.4976,-2.4976,-2.4976,-2.4976,-2.4976,4.000000,4.000000,4.000000,4.000000,4.000000,96.000000,96.000000,96.000000,96.000000,96.000000,5.0,-12.4882,-11.5284,-49.9530,-50.9129,PENDING_AG03,FALSE,NOT_FOR_ENFORCEMENT,-59.9436,619.0574,-62.4412,-59.9436,-2.4976,-0.09561815,-0.09179343,-2.4976,-59.9436,-0.09179343,-2.4976,-2.4976,-2.4976,-2.4976,-2.4976,-59.9436,-0.09179343,-12.4882,-11.5284,-49.9530,-50.9129,-0.07649452,-0.07796443,-0.00382473,8.5925,11.1181,-1.0766,-12.4882,-10.4069,130.6054,11.6000,15.9424,6.7851,2.0439,4.0878,11.2415,20.439,20.439,40.8781,4.0878,-1.022,5.0,9.999999,2.101974,5,10,2,3,0.36619718,-0.09561815,-0.11923077,0E-8,0.000000,0.987480,0.000000,0.03725546,2026-07-02,2026-07-09,5,6,6,8,0.625000,2.349630,1.855399,1.220657,,,,,,,,GLOBAL_BASELINE_NO_ENTITY_RANKING,,,NOT_APPLICABLE_GLOBAL_BASELINE,HF9g-P5,,,,X 全窗基线 · 不参与实体赏罚,3920809,393,A168_HF9F_20260827_0900,2026-08-27 09:00:00
2026-07-04,152404155,2235,0,104.2390548991,6.0295139605,6.0295139605,0.6470588,34,17,0.41182553421707720,0.295106961765,1.970668267905165,3.1816792047866977,1.970668267905165,0.11671857245207720,ELIGIBLE,R03b_20260811_FULL_v1,L1_ELIGIBILITY,v2026-08-11,2026-03-21..2026-08-06,baccarat_bet02_101_all_pairs_incl_sentinel,round_win = game_pnl > 0 (decisive only),COMPATIBILITY_ONLY_NOT_PRODUCTION,653.0270,644.8514,-62.4412,76,58,0.09561815,0.11923077,0.08197531,0.09561815,62.4412,653.0270,OK,0.0000,-2.4976,4.0000,96.0000,AG03-UNRESOLVED,ALL5_LEVELS_bet23_to_bet27,-2.4976,-2.4976,-2.4976,-2.4976,-2.4976,4.000000,4.000000,4.000000,4.000000,4.000000,96.000000,96.000000,96.000000,96.000000,96.000000,5.0,-12.4882,-11.5284,-49.9530,-50.9129,PENDING_AG03,FALSE,NOT_FOR_ENFORCEMENT,-59.9436,619.0574,-62.4412,-59.9436,-2.4976,-0.09561815,-0.09179343,-2.4976,-59.9436,-0.09179343,-2.4976,-2.4976,-2.4976,-2.4976,-2.4976,-59.9436,-0.09179343,-12.4882,-11.5284,-49.9530,-50.9129,-0.07649452,-0.07796443,-0.00382473,8.5925,11.1181,-1.0766,-12.4882,-10.4069,130.6054,11.6000,15.9424,6.7851,2.0439,4.0878,11.2415,20.439,20.439,40.8781,4.0878,-1.022,5.0,9.999999,2.101974,5,10,2,3,0.36619718,-0.09561815,-0.11923077,0E-8,0.000000,0.987480,0.000000,0.03725546,2026-07-02,2026-07-09,5,6,6,8,0.625000,2.349630,1.855399,1.220657,,,,,,,,GLOBAL_BASELINE_NO_ENTITY_RANKING,,,NOT_APPLICABLE_GLOBAL_BASELINE,HF9g-P5,,,,X 全窗基线 · 不参与实体赏罚,3920810,393,A168_HF9F_20260827_0900,2026-08-27 09:00:00
2026-07-06,152404155,2271,0,47.0097698566,-10.2195151862,-10.2195151862,0.4000000,5,5,0.49324550000000000,0.493245500000,-0.4170446088060018,-0.4170446088060018,-0.4170446088060018,0E-17,ELIGIBLE,R03b_20260811_FULL_v1,L1_ELIGIBILITY,v2026-08-11,2026-03-21..2026-08-06,baccarat_bet02_101_all_pairs_incl_sentinel,round_win = game_pnl > 0 (decisive only),COMPATIBILITY_ONLY_NOT_PRODUCTION,653.0270,644.8514,-62.4412,76,58,0.09561815,0.11923077,0.08197531,0.09561815,62.4412,653.0270,OK,0.0000,-2.4976,4.0000,96.0000,AG03-UNRESOLVED,ALL5_LEVELS_bet23_to_bet27,-2.4976,-2.4976,-2.4976,-2.4976,-2.4976,4.000000,4.000000,4.000000,4.000000,4.000000,96.000000,96.000000,96.000000,96.000000,96.000000,5.0,-12.4882,-11.5284,-49.9530,-50.9129,PENDING_AG03,FALSE,NOT_FOR_ENFORCEMENT,-59.9436,619.0574,-62.4412,-59.9436,-2.4976,-0.09561815,-0.09179343,-2.4976,-59.9436,-0.09179343,-2.4976,-2.4976,-2.4976,-2.4976,-2.4976,-59.9436,-0.09179343,-12.4882,-11.5284,-49.9530,-50.9129,-0.07649452,-0.07796443,-0.00382473,8.5925,11.1181,-1.0766,-12.4882,-10.4069,130.6054,11.6000,15.9424,6.7851,2.0439,4.0878,11.2415,20.439,20.439,40.8781,4.0878,-1.022,5.0,9.999999,2.101974,5,10,2,3,0.36619718,-0.09561815,-0.11923077,0E-8,0.000000,0.987480,0.000000,0.03725546,2026-07-02,2026-07-09,5,6,6,8,0.625000,2.349630,1.855399,1.220657,,,,,,,,GLOBAL_BASELINE_NO_ENTITY_RANKING,,,NOT_APPLICABLE_GLOBAL_BASELINE,HF9g-P5,,,,X 全窗基线 · 不参与实体赏罚,3920811,393,A168_HF9F_20260827_0900,2026-08-27 09:00:00
2026-07-08,152404155,1990,0,40.8780607448,-40.8780607448,-40.8780607448,0E-7,2,2,0.49324550000000000,0.493245500000,-1.3952362676504506,-1.3952362676504506,-1.3952362676504506,0E-17,ELIGIBLE,R03b_20260811_FULL_v1,L1_ELIGIBILITY,v2026-08-11,2026-03-21..2026-08-06,baccarat_bet02_101_all_pairs_incl_sentinel,round_win = game_pnl > 0 (decisive only),COMPATIBILITY_ONLY_NOT_PRODUCTION,653.0270,644.8514,-62.4412,76,58,0.09561815,0.11923077,0.08197531,0.09561815,62.4412,653.0270,OK,0.0000,-2.4976,4.0000,96.0000,AG03-UNRESOLVED,ALL5_LEVELS_bet23_to_bet27,-2.4976,-2.4976,-2.4976,-2.4976,-2.4976,4.000000,4.000000,4.000000,4.000000,4.000000,96.000000,96.000000,96.000000,96.000000,96.000000,5.0,-12.4882,-11.5284,-49.9530,-50.9129,PENDING_AG03,FALSE,NOT_FOR_ENFORCEMENT,-59.9436,619.0574,-62.4412,-59.9436,-2.4976,-0.09561815,-0.09179343,-2.4976,-59.9436,-0.09179343,-2.4976,-2.4976,-2.4976,-2.4976,-2.4976,-59.9436,-0.09179343,-12.4882,-11.5284,-49.9530,-50.9129,-0.07649452,-0.07796443,-0.00382473,8.5925,11.1181,-1.0766,-12.4882,-10.4069,130.6054,11.6000,15.9424,6.7851,2.0439,4.0878,11.2415,20.439,20.439,40.8781,4.0878,-1.022,5.0,9.999999,2.101974,5,10,2,3,0.36619718,-0.09561815,-0.11923077,0E-8,0.000000,0.987480,0.000000,0.03725546,2026-07-02,2026-07-09,5,6,6,8,0.625000,2.349630,1.855399,1.220657,,,,,,,,GLOBAL_BASELINE_NO_ENTITY_RANKING,,,NOT_APPLICABLE_GLOBAL_BASELINE,HF9g-P5,,,,X 全窗基线 · 不参与实体赏罚,3920812,393,A168_HF9F_20260827_0900,2026-08-27 09:00:00
2026-07-08,152404155,2261,0,155.3366308303,71.5366063035,71.5366063035,0.8333333,6,6,0.49771390000000000,0.497713900000,1.6442099050618135,1.6442099050618135,1.6442099050618135,0E-17,ELIGIBLE,R03b_20260811_FULL_v1,L1_ELIGIBILITY,v2026-08-11,2026-03-21..2026-08-06,baccarat_bet02_101_all_pairs_incl_sentinel,round_win = game_pnl > 0 (decisive only),COMPATIBILITY_ONLY_NOT_PRODUCTION,653.0270,644.8514,-62.4412,76,58,0.09561815,0.11923077,0.08197531,0.09561815,62.4412,653.0270,OK,0.0000,-2.4976,4.0000,96.0000,AG03-UNRESOLVED,ALL5_LEVELS_bet23_to_bet27,-2.4976,-2.4976,-2.4976,-2.4976,-2.4976,4.000000,4.000000,4.000000,4.000000,4.000000,96.000000,96.000000,96.000000,96.000000,96.000000,5.0,-12.4882,-11.5284,-49.9530,-50.9129,PENDING_AG03,FALSE,NOT_FOR_ENFORCEMENT,-59.9436,619.0574,-62.4412,-59.9436,-2.4976,-0.09561815,-0.09179343,-2.4976,-59.9436,-0.09179343,-2.4976,-2.4976,-2.4976,-2.4976,-2.4976,-59.9436,-0.09179343,-12.4882,-11.5284,-49.9530,-50.9129,-0.07649452,-0.07796443,-0.00382473,8.5925,11.1181,-1.0766,-12.4882,-10.4069,130.6054,11.6000,15.9424,6.7851,2.0439,4.0878,11.2415,20.439,20.439,40.8781,4.0878,-1.022,5.0,9.999999,2.101974,5,10,2,3,0.36619718,-0.09561815,-0.11923077,0E-8,0.000000,0.987480,0.000000,0.03725546,2026-07-02,2026-07-09,5,6,6,8,0.625000,2.349630,1.855399,1.220657,,,,,,,,GLOBAL_BASELINE_NO_ENTITY_RANKING,,,NOT_APPLICABLE_GLOBAL_BASELINE,HF9g-P5,,,,X 全窗基线 · 不参与实体赏罚,3920813,393,A168_HF9F_20260827_0900,2026-08-27 09:00:00
2026-07-09,152404155,526,0,42.9219637819,-2.1460981891,-2.1460981891,0.5714286,7,7,0.49516052857142857,0.495160528571,0.40359145382014583,0.40359145382241707,0.40359145382014583,4.2857E-13,ELIGIBLE,R03b_20260811_FULL_v1,L1_ELIGIBILITY,v2026-08-11,2026-03-21..2026-08-06,baccarat_bet02_101_all_pairs_incl_sentinel,round_win = game_pnl > 0 (decisive only),COMPATIBILITY_ONLY_NOT_PRODUCTION,653.0270,644.8514,-62.4412,76,58,0.09561815,0.11923077,0.08197531,0.09561815,62.4412,653.0270,OK,0.0000,-2.4976,4.0000,96.0000,AG03-UNRESOLVED,ALL5_LEVELS_bet23_to_bet27,-2.4976,-2.4976,-2.4976,-2.4976,-2.4976,4.000000,4.000000,4.000000,4.000000,4.000000,96.000000,96.000000,96.000000,96.000000,96.000000,5.0,-12.4882,-11.5284,-49.9530,-50.9129,PENDING_AG03,FALSE,NOT_FOR_ENFORCEMENT,-59.9436,619.0574,-62.4412,-59.9436,-2.4976,-0.09561815,-0.09179343,-2.4976,-59.9436,-0.09179343,-2.4976,-2.4976,-2.4976,-2.4976,-2.4976,-59.9436,-0.09179343,-12.4882,-11.5284,-49.9530,-50.9129,-0.07649452,-0.07796443,-0.00382473,8.5925,11.1181,-1.0766,-12.4882,-10.4069,130.6054,11.6000,15.9424,6.7851,2.0439,4.0878,11.2415,20.439,20.439,40.8781,4.0878,-1.022,5.0,9.999999,2.101974,5,10,2,3,0.36619718,-0.09561815,-0.11923077,0E-8,0.000000,0.987480,0.000000,0.03725546,2026-07-02,2026-07-09,5,6,6,8,0.625000,2.349630,1.855399,1.220657,,,,,,,,GLOBAL_BASELINE_NO_ENTITY_RANKING,,,NOT_APPLICABLE_GLOBAL_BASELINE,HF9g-P5,,,,X 全窗基线 · 不参与实体赏罚,3920814,393,A168_HF9F_20260827_0900,2026-08-27 09:00:00
2026-06-09,140336877,1505,0,107.6518968265,62.4381001593,62.4381001593,1.0000000,4,4,0.49659680000000000,0.496596800000,1.4238722478684809,1.423872247868481,1.4238722478684809,0E-17,ELIGIBLE,R03b_20260811_FULL_v1,L1_ELIGIBILITY,v2026-08-11,2026-03-21..2026-08-06,baccarat_bet02_101_all_pairs_incl_sentinel,round_win = game_pnl > 0 (decisive only),COMPATIBILITY_ONLY_NOT_PRODUCTION,107.6519,64.5911,-62.4381,4,4,0.58000000,,0.58000000,0.58000000,62.4381,107.6519,THIN_EXPOSURE,0.0000,-2.4975,4.0000,96.0000,AG03-UNRESOLVED,ALL5_LEVELS_bet23_to_bet27,-2.4975,-3.1219,-3.1219,-3.1219,-3.1219,4.000000,5.000000,5.000000,5.000000,5.000000,96.000000,95.000000,95.000000,95.000000,95.000000,5.0,-14.9851,-13.6161,-47.4530,-48.822,PENDING_AG03,FALSE,NOT_FOR_ENFORCEMENT,-59.9406,62.0075,-62.4381,-59.9406,-2.4975,-0.58000000,-0.55680000,-2.4975,-59.9406,-0.55680000,-2.4975,-3.1219,-3.1219,-3.1219,-3.1219,-59.9406,-0.55680000,-14.9851,-13.6161,-47.4530,-48.822,-0.44080000,-0.45351708,-0.02320000,26.9130,16.1478,-15.6095,-62.4381,-62.4381,107.6519,4.0000,,26.9130,21.5304,21.5304,32.2956,43.0608,43.0608,43.0608,10.7652,10.7652,2.0,2.0,1.25,1,1,1,2,0E-8,-0.58000000,,0E-8,0.000000,0.600000,0.000000,,2026-06-09,2026-06-09,1,1,1,1,1.000000,,,0.000000,,,,,,,,GLOBAL_BASELINE_NO_ENTITY_RANKING,,,NOT_APPLICABLE_GLOBAL_BASELINE,HF9g-P5,,,,X 全窗基线 · 不参与实体赏罚,3920815,393,A168_HF9F_20260827_0900,2026-08-27 09:00:00
2026-06-07,146092705,986,0,234.6811350817,62.4381001593,62.4381001593,0.3333333,3,3,0.49771390000000000,0.497713900000,-0.5694369385616226,-0.5694369385616226,-0.5694369385616226,0E-17,ELIGIBLE,R03b_20260811_FULL_v1,L1_ELIGIBILITY,v2026-08-11,2026-03-21..2026-08-06,baccarat_bet02_101_all_pairs_incl_sentinel,round_win = game_pnl > 0 (decisive only),COMPATIBILITY_ONLY_NOT_PRODUCTION,234.6811,234.6811,-62.4381,3,3,0.26605505,,0.26605505,0.26605505,62.4381,234.6811,THIN_EXPOSURE,0.0000,-2.4975,4.0000,96.0000,AG03-UNRESOLVED,ALL5_LEVELS_bet23_to_bet27,-2.4975,-2.4975,-2.4975,-2.4975,-2.4975,4.000000,4.000000,4.000000,4.000000,4.000000,96.000000,96.000000,96.000000,96.000000,96.000000,5.0,-12.4876,-11.5278,-49.9505,-50.9103,PENDING_AG03,FALSE,NOT_FOR_ENFORCEMENT,-59.9406,225.2939,-62.4381,-59.9406,-2.4975,-0.26605505,-0.25541284,-2.4975,-59.9406,-0.25541284,-2.4975,-2.4975,-2.4975,-2.4975,-2.4975,-59.9406,-0.25541284,-12.4876,-11.5278,-49.9505,-50.9103,-0.21284404,-0.21693402,-0.01064220,78.2270,78.2270,-20.8127,-62.4381,-62.4381,234.6811,3.0000,,78.2270,32.2956,64.5911,127.5675,148.5596,148.5596,148.5596,64.5911,-21.5304,2.3,2.3,1.211111,1,1,1,2,0E-8,-0.26605505,,0E-8,0.000000,1.000000,0.000000,,2026-06-07,2026-06-07,1,1,1,1,1.000000,,,0.000000,,,,,,,,GLOBAL_BASELINE_NO_ENTITY_RANKING,,,NOT_APPLICABLE_GLOBAL_BASELINE,HF9g-P5,,,,X 全窗基线 · 不参与实体赏罚,3920816,393,A168_HF9F_20260827_0900,2026-08-27 09:00:00
2026-04-09,148402055,-1,1,357.3461514142,101.8278413759,101.8278413759,0.6478873,81,79,0.50107934050632911,0.501051059494,2.4740578771243826,2.474534180143996,2.4740578771243826,0.00002828101232911,SENTINEL_DEALER,R03b_20260811_FULL_v1,L1_ELIGIBILITY,v2026-08-11,2026-03-21..2026-08-06,baccarat_bet02_101_all_pairs_incl_sentinel,round_win = game_pnl > 0 (decisive only),COMPATIBILITY_ONLY_NOT_PRODUCTION,723.5469,628.6762,-62.4354,172,170,0.08629079,,0.08629079,0.08629079,62.4354,723.5469,OK,0.0000,-2.4974,4.0000,96.0000,AG03-UNRESOLVED,ALL5_LEVELS_bet23_to_bet27,-2.4974,-2.4974,-2.4974,-3.7461,-3.7461,4.000000,4.000000,4.000000,6.000000,6.000000,96.000000,96.000000,96.000000,94.000000,94.000000,5.0,-14.9845,-13.6264,-47.4509,-48.8091,PENDING_AG03,FALSE,NOT_FOR_ENFORCEMENT,-59.9380,603.5292,-62.4354,-59.9380,-2.4974,-0.08629079,-0.08283916,-2.4974,-59.9380,-0.08283916,-2.4974,-2.4974,-2.4974,-3.7461,-3.7461,-59.9380,-0.08283916,-14.9845,-13.6264,-47.4509,-48.8091,-0.06558100,-0.06745806,-0.00345163,4.2067,3.6981,-0.3673,-15.6089,-3.4686,180.8867,42.5000,,4.2067,2.1082,2.1082,6.1139,6.8939,10.5412,21.0824,2.1082,0.0,5.0,10.0,1.995349,11,2,3,2,0E-8,-0.08629079,,0E-8,0.000000,0.868881,0.000000,,2026-04-09,2026-04-15,4,18,17,7,0.571429,,,0.000000,,,,,,,,GLOBAL_BASELINE_NO_ENTITY_RANKING,,,NOT_APPLICABLE_GLOBAL_BASELINE,HF9g-P5,,,,X 全窗基线 · 不参与实体赏罚,3920817,393,A168_HF9F_20260827_0900,2026-08-27 09:00:00
2026-04-10,148402055,-1,1,225.5813463205,-17.6037779606,-17.6037779606,0.4893617,49,49,0.50035846326530612,0.500358463265,-0.15078003091487624,-0.15078003091067885,-0.15078003091487624,3.0612E-13,SENTINEL_DEALER,R03b_20260811_FULL_v1,L1_ELIGIBILITY,v2026-08-11,2026-03-21..2026-08-06,baccarat_bet02_101_all_pairs_incl_sentinel,round_win = game_pnl > 0 (decisive only),COMPATIBILITY_ONLY_NOT_PRODUCTION,723.5469,628.6762,-62.4354,172,170,0.08629079,,0.08629079,0.08629079,62.4354,723.5469,OK,0.0000,-2.4974,4.0000,96.0000,AG03-UNRESOLVED,ALL5_LEVELS_bet23_to_bet27,-2.4974,-2.4974,-2.4974,-3.7461,-3.7461,4.000000,4.000000,4.000000,6.000000,6.000000,96.000000,96.000000,96.000000,94.000000,94.000000,5.0,-14.9845,-13.6264,-47.4509,-48.8091,PENDING_AG03,FALSE,NOT_FOR_ENFORCEMENT,-59.9380,603.5292,-62.4354,-59.9380,-2.4974,-0.08629079,-0.08283916,-2.4974,-59.9380,-0.08283916,-2.4974,-2.4974,-2.4974,-3.7461,-3.7461,-59.9380,-0.08283916,-14.9845,-13.6264,-47.4509,-48.8091,-0.06558100,-0.06745806,-0.00345163,4.2067,3.6981,-0.3673,-15.6089,-3.4686,180.8867,42.5000,,4.2067,2.1082,2.1082,6.1139,6.8939,10.5412,21.0824,2.1082,0.0,5.0,10.0,1.995349,11,2,3,2,0E-8,-0.08629079,,0E-8,0.000000,0.868881,0.000000,,2026-04-09,2026-04-15,4,18,17,7,0.571429,,,0.000000,,,,,,,,GLOBAL_BASELINE_NO_ENTITY_RANKING,,,NOT_APPLICABLE_GLOBAL_BASELINE,HF9g-P5,,,,X 全窗基线 · 不参与实体赏罚,3920818,393,A168_HF9F_20260827_0900,2026-08-27 09:00:00
2026-04-10,148402055,2258,0,2.1082368815,0E-10,0E-10,,1,1,0.49324550000000000,0.493245500000,,,,0E-17,NO_DECISIVE_ROUND,R03b_20260811_FULL_v1,L1_ELIGIBILITY,v2026-08-11,2026-03-21..2026-08-06,baccarat_bet02_101_all_pairs_incl_sentinel,round_win = game_pnl > 0 (decisive only),COMPATIBILITY_ONLY_NOT_PRODUCTION,723.5469,628.6762,-62.4354,172,170,0.08629079,,0.08629079,0.08629079,62.4354,723.5469,OK,0.0000,-2.4974,4.0000,96.0000,AG03-UNRESOLVED,ALL5_LEVELS_bet23_to_bet27,-2.4974,-2.4974,-2.4974,-3.7461,-3.7461,4.000000,4.000000,4.000000,6.000000,6.000000,96.000000,96.000000,96.000000,94.000000,94.000000,5.0,-14.9845,-13.6264,-47.4509,-48.8091,PENDING_AG03,FALSE,NOT_FOR_ENFORCEMENT,-59.9380,603.5292,-62.4354,-59.9380,-2.4974,-0.08629079,-0.08283916,-2.4974,-59.9380,-0.08283916,-2.4974,-2.4974,-2.4974,-3.7461,-3.7461,-59.9380,-0.08283916,-14.9845,-13.6264,-47.4509,-48.8091,-0.06558100,-0.06745806,-0.00345163,4.2067,3.6981,-0.3673,-15.6089,-3.4686,180.8867,42.5000,,4.2067,2.1082,2.1082,6.1139,6.8939,10.5412,21.0824,2.1082,0.0,5.0,10.0,1.995349,11,2,3,2,0E-8,-0.08629079,,0E-8,0.000000,0.868881,0.000000,,2026-04-09,2026-04-15,4,18,17,7,0.571429,,,0.000000,,,,,,,,GLOBAL_BASELINE_NO_ENTITY_RANKING,,,NOT_APPLICABLE_GLOBAL_BASELINE,HF9g-P5,,,,X 全窗基线 · 不参与实体赏罚,3920819,393,A168_HF9F_20260827_0900,2026-08-27 09:00:00
2026-04-13,148402055,-1,1,117.4287942995,-15.2530938380,-15.2530938380,0.4137931,31,31,0.50232644193548387,0.502326441935,-0.9535435592035328,-0.953543559198317,-0.9535435592035328,4.8387E-13,SENTINEL_DEALER,R03b_20260811_FULL_v1,L1_ELIGIBILITY,v2026-08-11,2026-03-21..2026-08-06,baccarat_bet02_101_all_pairs_incl_sentinel,round_win = game_pnl > 0 (decisive only),COMPATIBILITY_ONLY_NOT_PRODUCTION,723.5469,628.6762,-62.4354,172,170,0.08629079,,0.08629079,0.08629079,62.4354,723.5469,OK,0.0000,-2.4974,4.0000,96.0000,AG03-UNRESOLVED,ALL5_LEVELS_bet23_to_bet27,-2.4974,-2.4974,-2.4974,-3.7461,-3.7461,4.000000,4.000000,4.000000,6.000000,6.000000,96.000000,96.000000,96.000000,94.000000,94.000000,5.0,-14.9845,-13.6264,-47.4509,-48.8091,PENDING_AG03,FALSE,NOT_FOR_ENFORCEMENT,-59.9380,603.5292,-62.4354,-59.9380,-2.4974,-0.08629079,-0.08283916,-2.4974,-59.9380,-0.08283916,-2.4974,-2.4974,-2.4974,-3.7461,-3.7461,-59.9380,-0.08283916,-14.9845,-13.6264,-47.4509,-48.8091,-0.06558100,-0.06745806,-0.00345163,4.2067,3.6981,-0.3673,-15.6089,-3.4686,180.8867,42.5000,,4.2067,2.1082,2.1082,6.1139,6.8939,10.5412,21.0824,2.1082,0.0,5.0,10.0,1.995349,11,2,3,2,0E-8,-0.08629079,,0E-8,0.000000,0.868881,0.000000,,2026-04-09,2026-04-15,4,18,17,7,0.571429,,,0.000000,,,,,,,,GLOBAL_BASELINE_NO_ENTITY_RANKING,,,NOT_APPLICABLE_GLOBAL_BASELINE,HF9g-P5,,,,X 全窗基线 · 不参与实体赏罚,3920820,393,A168_HF9F_20260827_0900,2026-08-27 09:00:00
2026-04-15,148402055,-1,1,21.0823688150,-6.5355343327,-6.5355343327,0.3333333,10,10,0.50262914000000000,0.502629140000,-1.015788883128781,-1.015788883128781,-1.015788883128781,0E-17,SENTINEL_DEALER,R03b_20260811_FULL_v1,L1_ELIGIBILITY,v2026-08-11,2026-03-21..2026-08-06,baccarat_bet02_101_all_pairs_incl_sentinel,round_win = game_pnl > 0 (decisive only),COMPATIBILITY_ONLY_NOT_PRODUCTION,723.5469,628.6762,-62.4354,172,170,0.08629079,,0.08629079,0.08629079,62.4354,723.5469,OK,0.0000,-2.4974,4.0000,96.0000,AG03-UNRESOLVED,ALL5_LEVELS_bet23_to_bet27,-2.4974,-2.4974,-2.4974,-3.7461,-3.7461,4.000000,4.000000,4.000000,6.000000,6.000000,96.000000,96.000000,96.000000,94.000000,94.000000,5.0,-14.9845,-13.6264,-47.4509,-48.8091,PENDING_AG03,FALSE,NOT_FOR_ENFORCEMENT,-59.9380,603.5292,-62.4354,-59.9380,-2.4974,-0.08629079,-0.08283916,-2.4974,-59.9380,-0.08283916,-2.4974,-2.4974,-2.4974,-3.7461,-3.7461,-59.9380,-0.08283916,-14.9845,-13.6264,-47.4509,-48.8091,-0.06558100,-0.06745806,-0.00345163,4.2067,3.6981,-0.3673,-15.6089,-3.4686,180.8867,42.5000,,4.2067,2.1082,2.1082,6.1139,6.8939,10.5412,21.0824,2.1082,0.0,5.0,10.0,1.995349,11,2,3,2,0E-8,-0.08629079,,0E-8,0.000000,0.868881,0.000000,,2026-04-09,2026-04-15,4,18,17,7,0.571429,,,0.000000,,,,,,,,GLOBAL_BASELINE_NO_ENTITY_RANKING,,,NOT_APPLICABLE_GLOBAL_BASELINE,HF9g-P5,,,,X 全窗基线 · 不参与实体赏罚,3920821,393,A168_HF9F_20260827_0900,2026-08-27 09:00:00
2026-04-14,148678205,2233,0,70.6750778735,62.4296521216,62.4296521216,1.0000000,4,4,0.49994810000000000,0.499948100000,1.7322306037746105,1.7322306037746105,1.7322306037746105,0E-17,ELIGIBLE,R03b_20260811_FULL_v1,L1_ELIGIBILITY,v2026-08-11,2026-03-21..2026-08-06,baccarat_bet02_101_all_pairs_incl_sentinel,round_win = game_pnl > 0 (decisive only),COMPATIBILITY_ONLY_NOT_PRODUCTION,70.6751,62.8223,-62.4297,4,4,0.88333333,,0.88333333,0.88333333,62.4297,70.6751,THIN_EXPOSURE,0.0000,-2.4972,4.0000,96.0000,AG03-UNRESOLVED,ALL5_LEVELS_bet23_to_bet27,-2.4972,-2.4972,-2.4972,-2.4972,-2.4972,4.000000,4.000000,4.000000,4.000000,4.000000,96.000000,96.000000,96.000000,96.000000,96.000000,5.0,-12.4859,-11.5262,-49.9437,-50.9034,PENDING_AG03,FALSE,NOT_FOR_ENFORCEMENT,-59.9325,60.3094,-62.4297,-59.9325,-2.4972,-0.88333333,-0.84800000,-2.4972,-59.9325,-0.84800000,-2.4972,-2.4972,-2.4972,-2.4972,-2.4972,-59.9325,-0.84800000,-12.4859,-11.5262,-49.9437,-50.9034,-0.70666667,-0.72024588,-0.03533333,17.6688,15.7056,-15.6074,-62.4297,-62.4297,70.6751,4.0000,,17.6688,7.8528,17.0144,27.4848,28.7936,28.7936,28.7936,17.0144,16.8181,1.692308,1.692308,1.038462,1,1,1,2,0E-8,-0.88333333,,0E-8,0.000000,0.888889,0.000000,,2026-04-14,2026-04-14,1,1,1,1,1.000000,,,0.000000,,,,,,,,GLOBAL_BASELINE_NO_ENTITY_RANKING,,,NOT_APPLICABLE_GLOBAL_BASELINE,HF9g-P5,,,,X 全窗基线 · 不参与实体赏罚,3920822,393,A168_HF9F_20260827_0900,2026-08-27 09:00:00
2026-04-29,149321756,-1,1,133.4973693168,62.4296521216,62.4296521216,0.6666667,14,9,0.42850894722222222,0.373561222222,1.443780768837771,1.8177113945802874,1.443780768837771,0.05494772500022222,SENTINEL_DEALER,R03b_20260811_FULL_v1,L1_ELIGIBILITY,v2026-08-11,2026-03-21..2026-08-06,baccarat_bet02_101_all_pairs_incl_sentinel,round_win = game_pnl > 0 (decisive only),COMPATIBILITY_ONLY_NOT_PRODUCTION,133.4974,133.4974,-62.4297,14,9,0.46764706,,0.46764706,0.46764706,62.4297,133.4974,THIN_EXPOSURE,0.0000,-2.4972,4.0000,96.0000,AG03-UNRESOLVED,ALL5_LEVELS_bet23_to_bet27,-2.4972,-2.4972,-2.4972,-3.1215,-3.1215,4.000000,4.000000,4.000000,5.000000,5.000000,96.000000,96.000000,96.000000,95.000000,95.000000,5.0,-13.7345,-12.5812,-48.6951,-49.8485,PENDING_AG03,FALSE,NOT_FOR_ENFORCEMENT,-59.9325,128.1575,-62.4297,-59.9325,-2.4972,-0.46764706,-0.44894118,-2.4972,-59.9325,-0.44894118,-2.4972,-2.4972,-2.4972,-3.1215,-3.1215,-59.9325,-0.44894118,-13.7345,-12.5812,-48.6951,-49.8485,-0.36476471,-0.37340413,-0.01870588,9.5355,14.8330,-6.9366,-62.4297,-62.4297,133.4974,9.0000,,9.5355,2.6176,6.544,13.088,23.8201,25.6524,26.176,6.544,-2.6176,3.92,4.0,1.457143,1,1,1,5,0E-8,-0.46764706,,0E-8,0.000000,1.000000,0.000000,,2026-04-29,2026-04-29,1,1,1,1,1.000000,,,0.000000,,,,,,,,GLOBAL_BASELINE_NO_ENTITY_RANKING,,,NOT_APPLICABLE_GLOBAL_BASELINE,HF9g-P5,,,,X 全窗基线 · 不参与实体赏罚,3920823,393,A168_HF9F_20260827_0900,2026-08-27 09:00:00
2026-04-21,148959519,2121,0,9.4233437164,-4.7116718582,-4.7116718582,0E-7,2,2,0.49324550000000000,0.493245500000,-0.9865810262130424,-0.9865810262130424,-0.9865810262130424,0E-17,ELIGIBLE,R03b_20260811_FULL_v1,L1_ELIGIBILITY,v2026-08-11,2026-03-21..2026-08-06,baccarat_bet02_101_all_pairs_incl_sentinel,round_win = game_pnl > 0 (decisive only),COMPATIBILITY_ONLY_NOT_PRODUCTION,271.9682,238.4629,-62.4297,21,21,0.22954764,,0.22954764,0.22954764,62.4297,271.9682,THIN_EXPOSURE,0.0000,-2.4972,4.0000,96.0000,AG03-UNRESOLVED,ALL5_LEVELS_bet23_to_bet27,-2.4972,-2.4972,-2.4972,-3.1215,-3.1215,4.000000,4.000000,4.000000,5.000000,5.000000,96.000000,96.000000,96.000000,95.000000,95.000000,5.0,-13.7345,-12.5812,-48.6951,-49.8485,PENDING_AG03,FALSE,NOT_FOR_ENFORCEMENT,-59.9325,228.9244,-62.4297,-59.9325,-2.4972,-0.22954764,-0.22036574,-2.4972,-59.9325,-0.22036574,-2.4972,-2.4972,-2.4972,-3.1215,-3.1215,-59.9325,-0.22036574,-13.7345,-12.5812,-48.6951,-49.8485,-0.17904716,-0.18328788,-0.00918191,12.9509,11.3554,-2.9728,-12.4859,-5.2025,54.3936,4.2000,,12.9509,6.9366,10.4704,13.5461,24.6054,36.7772,49.7343,10.4704,0.0,3.512498,4.75,1.236905,10,8,4,2,0E-8,-0.22954764,,0E-8,0.000000,0.876805,0.000000,,2026-04-21,2026-04-29,5,12,12,9,0.555556,,,0.000000,,,,,,,,GLOBAL_BASELINE_NO_ENTITY_RANKING,,,NOT_APPLICABLE_GLOBAL_BASELINE,HF9g-P5,,,,X 全窗基线 · 不参与实体赏罚,3920824,393,A168_HF9F_20260827_0900,2026-08-27 09:00:00
2026-04-23,148959519,-1,1,28.0082716017,-28.0082716017,-28.0082716017,0E-7,2,2,0.49324550000000000,0.493245500000,-1.3952362676504506,-1.3952362676504506,-1.3952362676504506,0E-17,SENTINEL_DEALER,R03b_20260811_FULL_v1,L1_ELIGIBILITY,v2026-08-11,2026-03-21..2026-08-06,baccarat_bet02_101_all_pairs_incl_sentinel,round_win = game_pnl > 0 (decisive only),COMPATIBILITY_ONLY_NOT_PRODUCTION,271.9682,238.4629,-62.4297,21,21,0.22954764,,0.22954764,0.22954764,62.4297,271.9682,THIN_EXPOSURE,0.0000,-2.4972,4.0000,96.0000,AG03-UNRESOLVED,ALL5_LEVELS_bet23_to_bet27,-2.4972,-2.4972,-2.4972,-3.1215,-3.1215,4.000000,4.000000,4.000000,5.000000,5.000000,96.000000,96.000000,96.000000,95.000000,95.000000,5.0,-13.7345,-12.5812,-48.6951,-49.8485,PENDING_AG03,FALSE,NOT_FOR_ENFORCEMENT,-59.9325,228.9244,-62.4297,-59.9325,-2.4972,-0.22954764,-0.22036574,-2.4972,-59.9325,-0.22036574,-2.4972,-2.4972,-2.4972,-3.1215,-3.1215,-59.9325,-0.22036574,-13.7345,-12.5812,-48.6951,-49.8485,-0.17904716,-0.18328788,-0.00918191,12.9509,11.3554,-2.9728,-12.4859,-5.2025,54.3936,4.2000,,12.9509,6.9366,10.4704,13.5461,24.6054,36.7772,49.7343,10.4704,0.0,3.512498,4.75,1.236905,10,8,4,2,0E-8,-0.22954764,,0E-8,0.000000,0.876805,0.000000,,2026-04-21,2026-04-29,5,12,12,9,0.555556,,,0.000000,,,,,,,,GLOBAL_BASELINE_NO_ENTITY_RANKING,,,NOT_APPLICABLE_GLOBAL_BASELINE,HF9g-P5,,,,X 全窗基线 · 不参与实体赏罚,3920825,393,A168_HF9F_20260827_0900,2026-08-27 09:00:00
2026-04-23,148959519,1331,0,78.0043452085,41.8815276287,41.8815276287,0.6666667,3,3,0.49771390000000000,0.497713900000,0.5852756695216578,0.5852756695216578,0.5852756695216578,0E-17,ELIGIBLE,R03b_20260811_FULL_v1,L1_ELIGIBILITY,v2026-08-11,2026-03-21..2026-08-06,baccarat_bet02_101_all_pairs_incl_sentinel,round_win = game_pnl > 0 (decisive only),COMPATIBILITY_ONLY_NOT_PRODUCTION,271.9682,238.4629,-62.4297,21,21,0.22954764,,0.22954764,0.22954764,62.4297,271.9682,THIN_EXPOSURE,0.0000,-2.4972,4.0000,96.0000,AG03-UNRESOLVED,ALL5_LEVELS_bet23_to_bet27,-2.4972,-2.4972,-2.4972,-3.1215,-3.1215,4.000000,4.000000,4.000000,5.000000,5.000000,96.000000,96.000000,96.000000,95.000000,95.000000,5.0,-13.7345,-12.5812,-48.6951,-49.8485,PENDING_AG03,FALSE,NOT_FOR_ENFORCEMENT,-59.9325,228.9244,-62.4297,-59.9325,-2.4972,-0.22954764,-0.22036574,-2.4972,-59.9325,-0.22036574,-2.4972,-2.4972,-2.4972,-3.1215,-3.1215,-59.9325,-0.22036574,-13.7345,-12.5812,-48.6951,-49.8485,-0.17904716,-0.18328788,-0.00918191,12.9509,11.3554,-2.9728,-12.4859,-5.2025,54.3936,4.2000,,12.9509,6.9366,10.4704,13.5461,24.6054,36.7772,49.7343,10.4704,0.0,3.512498,4.75,1.236905,10,8,4,2,0E-8,-0.22954764,,0E-8,0.000000,0.876805,0.000000,,2026-04-21,2026-04-29,5,12,12,9,0.555556,,,0.000000,,,,,,,,GLOBAL_BASELINE_NO_ENTITY_RANKING,,,NOT_APPLICABLE_GLOBAL_BASELINE,HF9g-P5,,,,X 全窗基线 · 不参与实体赏罚,3920826,393,A168_HF9F_20260827_0900,2026-08-27 09:00:00
2026-04-23,148959519,1363,0,23.5583592912,0E-10,0E-10,,1,1,0.50665070000000000,0.506650700000,,,,0E-17,NO_DECISIVE_ROUND,R03b_20260811_FULL_v1,L1_ELIGIBILITY,v2026-08-11,2026-03-21..2026-08-06,baccarat_bet02_101_all_pairs_incl_sentinel,round_win = game_pnl > 0 (decisive only),COMPATIBILITY_ONLY_NOT_PRODUCTION,271.9682,238.4629,-62.4297,21,21,0.22954764,,0.22954764,0.22954764,62.4297,271.9682,THIN_EXPOSURE,0.0000,-2.4972,4.0000,96.0000,AG03-UNRESOLVED,ALL5_LEVELS_bet23_to_bet27,-2.4972,-2.4972,-2.4972,-3.1215,-3.1215,4.000000,4.000000,4.000000,5.000000,5.000000,96.000000,96.000000,96.000000,95.000000,95.000000,5.0,-13.7345,-12.5812,-48.6951,-49.8485,PENDING_AG03,FALSE,NOT_FOR_ENFORCEMENT,-59.9325,228.9244,-62.4297,-59.9325,-2.4972,-0.22954764,-0.22036574,-2.4972,-59.9325,-0.22036574,-2.4972,-2.4972,-2.4972,-3.1215,-3.1215,-59.9325,-0.22036574,-13.7345,-12.5812,-48.6951,-49.8485,-0.17904716,-0.18328788,-0.00918191,12.9509,11.3554,-2.9728,-12.4859,-5.2025,54.3936,4.2000,,12.9509,6.9366,10.4704,13.5461,24.6054,36.7772,49.7343,10.4704,0.0,3.512498,4.75,1.236905,10,8,4,2,0E-8,-0.22954764,,0E-8,0.000000,0.876805,0.000000,,2026-04-21,2026-04-29,5,12,12,9,0.555556,,,0.000000,,,,,,,,GLOBAL_BASELINE_NO_ENTITY_RANKING,,,NOT_APPLICABLE_GLOBAL_BASELINE,HF9g-P5,,,,X 全窗基线 · 不参与实体赏罚,3920827,393,A168_HF9F_20260827_0900,2026-08-27 09:00:00
2026-04-23,148959519,1623,0,51.8283904406,51.1739915714,51.1739915714,1.0000000,3,3,0.49771390000000000,0.497713900000,1.739988277604938,1.739988277604938,1.739988277604938,0E-17,ELIGIBLE,R03b_20260811_FULL_v1,L1_ELIGIBILITY,v2026-08-11,2026-03-21..2026-08-06,baccarat_bet02_101_all_pairs_incl_sentinel,round_win = game_pnl > 0 (decisive only),COMPATIBILITY_ONLY_NOT_PRODUCTION,271.9682,238.4629,-62.4297,21,21,0.22954764,,0.22954764,0.22954764,62.4297,271.9682,THIN_EXPOSURE,0.0000,-2.4972,4.0000,96.0000,AG03-UNRESOLVED,ALL5_LEVELS_bet23_to_bet27,-2.4972,-2.4972,-2.4972,-3.1215,-3.1215,4.000000,4.000000,4.000000,5.000000,5.000000,96.000000,96.000000,96.000000,95.000000,95.000000,5.0,-13.7345,-12.5812,-48.6951,-49.8485,PENDING_AG03,FALSE,NOT_FOR_ENFORCEMENT,-59.9325,228.9244,-62.4297,-59.9325,-2.4972,-0.22954764,-0.22036574,-2.4972,-59.9325,-0.22036574,-2.4972,-2.4972,-2.4972,-3.1215,-3.1215,-59.9325,-0.22036574,-13.7345,-12.5812,-48.6951,-49.8485,-0.17904716,-0.18328788,-0.00918191,12.9509,11.3554,-2.9728,-12.4859,-5.2025,54.3936,4.2000,,12.9509,6.9366,10.4704,13.5461,24.6054,36.7772,49.7343,10.4704,0.0,3.512498,4.75,1.236905,10,8,4,2,0E-8,-0.22954764,,0E-8,0.000000,0.876805,0.000000,,2026-04-21,2026-04-29,5,12,12,9,0.555556,,,0.000000,,,,,,,,GLOBAL_BASELINE_NO_ENTITY_RANKING,,,NOT_APPLICABLE_GLOBAL_BASELINE,HF9g-P5,,,,X 全窗基线 · 不参与实体赏罚,3920828,393,A168_HF9F_20260827_0900,2026-08-27 09:00:00
2026-04-27,148959519,-1,1,10.4703819072,-10.4703819072,-10.4703819072,0E-7,1,1,0.50665070000000000,0.506650700000,-1.013391052207602,-1.013391052207602,-1.013391052207602,0E-17,SENTINEL_DEALER,R03b_20260811_FULL_v1,L1_ELIGIBILITY,v2026-08-11,2026-03-21..2026-08-06,baccarat_bet02_101_all_pairs_incl_sentinel,round_win = game_pnl > 0 (decisive only),COMPATIBILITY_ONLY_NOT_PRODUCTION,271.9682,238.4629,-62.4297,21,21,0.22954764,,0.22954764,0.22954764,62.4297,271.9682,THIN_EXPOSURE,0.0000,-2.4972,4.0000,96.0000,AG03-UNRESOLVED,ALL5_LEVELS_bet23_to_bet27,-2.4972,-2.4972,-2.4972,-3.1215,-3.1215,4.000000,4.000000,4.000000,5.000000,5.000000,96.000000,96.000000,96.000000,95.000000,95.000000,5.0,-13.7345,-12.5812,-48.6951,-49.8485,PENDING_AG03,FALSE,NOT_FOR_ENFORCEMENT,-59.9325,228.9244,-62.4297,-59.9325,-2.4972,-0.22954764,-0.22036574,-2.4972,-59.9325,-0.22036574,-2.4972,-2.4972,-2.4972,-3.1215,-3.1215,-59.9325,-0.22036574,-13.7345,-12.5812,-48.6951,-49.8485,-0.17904716,-0.18328788,-0.00918191,12.9509,11.3554,-2.9728,-12.4859,-5.2025,54.3936,4.2000,,12.9509,6.9366,10.4704,13.5461,24.6054,36.7772,49.7343,10.4704,0.0,3.512498,4.75,1.236905,10,8,4,2,0E-8,-0.22954764,,0E-8,0.000000,0.876805,0.000000,,2026-04-21,2026-04-29,5,12,12,9,0.555556,,,0.000000,,,,,,,,GLOBAL_BASELINE_NO_ENTITY_RANKING,,,NOT_APPLICABLE_GLOBAL_BASELINE,HF9g-P5,,,,X 全窗基线 · 不参与实体赏罚,3920829,393,A168_HF9F_20260827_0900,2026-08-27 09:00:00
2026-04-28,148959519,-1,1,13.0879773840,13.0879773840,13.0879773840,1.0000000,1,1,0.49324550000000000,0.493245500000,1.01360149184955,1.01360149184955,1.01360149184955,0E-17,SENTINEL_DEALER,R03b_20260811_FULL_v1,L1_ELIGIBILITY,v2026-08-11,2026-03-21..2026-08-06,baccarat_bet02_101_all_pairs_incl_sentinel,round_win = game_pnl > 0 (decisive only),COMPATIBILITY_ONLY_NOT_PRODUCTION,271.9682,238.4629,-62.4297,21,21,0.22954764,,0.22954764,0.22954764,62.4297,271.9682,THIN_EXPOSURE,0.0000,-2.4972,4.0000,96.0000,AG03-UNRESOLVED,ALL5_LEVELS_bet23_to_bet27,-2.4972,-2.4972,-2.4972,-3.1215,-3.1215,4.000000,4.000000,4.000000,5.000000,5.000000,96.000000,96.000000,96.000000,95.000000,95.000000,5.0,-13.7345,-12.5812,-48.6951,-49.8485,PENDING_AG03,FALSE,NOT_FOR_ENFORCEMENT,-59.9325,228.9244,-62.4297,-59.9325,-2.4972,-0.22954764,-0.22036574,-2.4972,-59.9325,-0.22036574,-2.4972,-2.4972,-2.4972,-3.1215,-3.1215,-59.9325,-0.22036574,-13.7345,-12.5812,-48.6951,-49.8485,-0.17904716,-0.18328788,-0.00918191,12.9509,11.3554,-2.9728,-12.4859,-5.2025,54.3936,4.2000,,12.9509,6.9366,10.4704,13.5461,24.6054,36.7772,49.7343,10.4704,0.0,3.512498,4.75,1.236905,10,8,4,2,0E-8,-0.22954764,,0E-8,0.000000,0.876805,0.000000,,2026-04-21,2026-04-29,5,12,12,9,0.555556,,,0.000000,,,,,,,,GLOBAL_BASELINE_NO_ENTITY_RANKING,,,NOT_APPLICABLE_GLOBAL_BASELINE,HF9g-P5,,,,X 全窗基线 · 不参与实体赏罚,3920830,393,A168_HF9F_20260827_0900,2026-08-27 09:00:00
2026-04-28,148959519,2134,0,26.1759547680,10.4703819072,10.4703819072,0.6666667,4,4,0.49324550000000000,0.493245500000,0.6008033672792107,0.6008033672792106,0.6008033672792107,0E-17,ELIGIBLE,R03b_20260811_FULL_v1,L1_ELIGIBILITY,v2026-08-11,2026-03-21..2026-08-06,baccarat_bet02_101_all_pairs_incl_sentinel,round_win = game_pnl > 0 (decisive only),COMPATIBILITY_ONLY_NOT_PRODUCTION,271.9682,238.4629,-62.4297,21,21,0.22954764,,0.22954764,0.22954764,62.4297,271.9682,THIN_EXPOSURE,0.0000,-2.4972,4.0000,96.0000,AG03-UNRESOLVED,ALL5_LEVELS_bet23_to_bet27,-2.4972,-2.4972,-2.4972,-3.1215,-3.1215,4.000000,4.000000,4.000000,5.000000,5.000000,96.000000,96.000000,96.000000,95.000000,95.000000,5.0,-13.7345,-12.5812,-48.6951,-49.8485,PENDING_AG03,FALSE,NOT_FOR_ENFORCEMENT,-59.9325,228.9244,-62.4297,-59.9325,-2.4972,-0.22954764,-0.22036574,-2.4972,-59.9325,-0.22036574,-2.4972,-2.4972,-2.4972,-3.1215,-3.1215,-59.9325,-0.22036574,-13.7345,-12.5812,-48.6951,-49.8485,-0.17904716,-0.18328788,-0.00918191,12.9509,11.3554,-2.9728,-12.4859,-5.2025,54.3936,4.2000,,12.9509,6.9366,10.4704,13.5461,24.6054,36.7772,49.7343,10.4704,0.0,3.512498,4.75,1.236905,10,8,4,2,0E-8,-0.22954764,,0E-8,0.000000,0.876805,0.000000,,2026-04-21,2026-04-29,5,12,12,9,0.555556,,,0.000000,,,,,,,,GLOBAL_BASELINE_NO_ENTITY_RANKING,,,NOT_APPLICABLE_GLOBAL_BASELINE,HF9g-P5,,,,X 全窗基线 · 不参与实体赏罚,3920831,393,A168_HF9F_20260827_0900,2026-08-27 09:00:00
2026-04-28,148959519,2216,0,7.8527864304,-7.8527864304,-7.8527864304,0E-7,1,1,0.49324550000000000,0.493245500000,-0.9865810262130424,-0.9865810262130424,-0.9865810262130424,0E-17,ELIGIBLE,R03b_20260811_FULL_v1,L1_ELIGIBILITY,v2026-08-11,2026-03-21..2026-08-06,baccarat_bet02_101_all_pairs_incl_sentinel,round_win = game_pnl > 0 (decisive only),COMPATIBILITY_ONLY_NOT_PRODUCTION,271.9682,238.4629,-62.4297,21,21,0.22954764,,0.22954764,0.22954764,62.4297,271.9682,THIN_EXPOSURE,0.0000,-2.4972,4.0000,96.0000,AG03-UNRESOLVED,ALL5_LEVELS_bet23_to_bet27,-2.4972,-2.4972,-2.4972,-3.1215,-3.1215,4.000000,4.000000,4.000000,5.000000,5.000000,96.000000,96.000000,96.000000,95.000000,95.000000,5.0,-13.7345,-12.5812,-48.6951,-49.8485,PENDING_AG03,FALSE,NOT_FOR_ENFORCEMENT,-59.9325,228.9244,-62.4297,-59.9325,-2.4972,-0.22954764,-0.22036574,-2.4972,-59.9325,-0.22036574,-2.4972,-2.4972,-2.4972,-3.1215,-3.1215,-59.9325,-0.22036574,-13.7345,-12.5812,-48.6951,-49.8485,-0.17904716,-0.18328788,-0.00918191,12.9509,11.3554,-2.9728,-12.4859,-5.2025,54.3936,4.2000,,12.9509,6.9366,10.4704,13.5461,24.6054,36.7772,49.7343,10.4704,0.0,3.512498,4.75,1.236905,10,8,4,2,0E-8,-0.22954764,,0E-8,0.000000,0.876805,0.000000,,2026-04-21,2026-04-29,5,12,12,9,0.555556,,,0.000000,,,,,,,,GLOBAL_BASELINE_NO_ENTITY_RANKING,,,NOT_APPLICABLE_GLOBAL_BASELINE,HF9g-P5,,,,X 全窗基线 · 不参与实体赏罚,3920832,393,A168_HF9F_20260827_0900,2026-08-27 09:00:00
2026-04-28,148959519,2235,0,17.7996492422,2.6175954768,2.6175954768,0.5000000,2,2,0.49994810000000000,0.499948100000,0.00014679536856514622,0.00014679536856514622,0.00014679536856514622,0E-17,ELIGIBLE,R03b_20260811_FULL_v1,L1_ELIGIBILITY,v2026-08-11,2026-03-21..2026-08-06,baccarat_bet02_101_all_pairs_incl_sentinel,round_win = game_pnl > 0 (decisive only),COMPATIBILITY_ONLY_NOT_PRODUCTION,271.9682,238.4629,-62.4297,21,21,0.22954764,,0.22954764,0.22954764,62.4297,271.9682,THIN_EXPOSURE,0.0000,-2.4972,4.0000,96.0000,AG03-UNRESOLVED,ALL5_LEVELS_bet23_to_bet27,-2.4972,-2.4972,-2.4972,-3.1215,-3.1215,4.000000,4.000000,4.000000,5.000000,5.000000,96.000000,96.000000,96.000000,95.000000,95.000000,5.0,-13.7345,-12.5812,-48.6951,-49.8485,PENDING_AG03,FALSE,NOT_FOR_ENFORCEMENT,-59.9325,228.9244,-62.4297,-59.9325,-2.4972,-0.22954764,-0.22036574,-2.4972,-59.9325,-0.22036574,-2.4972,-2.4972,-2.4972,-3.1215,-3.1215,-59.9325,-0.22036574,-13.7345,-12.5812,-48.6951,-49.8485,-0.17904716,-0.18328788,-0.00918191,12.9509,11.3554,-2.9728,-12.4859,-5.2025,54.3936,4.2000,,12.9509,6.9366,10.4704,13.5461,24.6054,36.7772,49.7343,10.4704,0.0,3.512498,4.75,1.236905,10,8,4,2,0E-8,-0.22954764,,0E-8,0.000000,0.876805,0.000000,,2026-04-21,2026-04-29,5,12,12,9,0.555556,,,0.000000,,,,,,,,GLOBAL_BASELINE_NO_ENTITY_RANKING,,,NOT_APPLICABLE_GLOBAL_BASELINE,HF9g-P5,,,,X 全窗基线 · 不参与实体赏罚,3920833,393,A168_HF9F_20260827_0900,2026-08-27 09:00:00
2026-04-29,148959519,-1,1,5.7587100489,-5.7587100489,-5.7587100489,0E-7,1,1,0.50665070000000000,0.506650700000,-1.013391052207602,-1.013391052207602,-1.013391052207602,0E-17,SENTINEL_DEALER,R03b_20260811_FULL_v1,L1_ELIGIBILITY,v2026-08-11,2026-03-21..2026-08-06,baccarat_bet02_101_all_pairs_incl_sentinel,round_win = game_pnl > 0 (decisive only),COMPATIBILITY_ONLY_NOT_PRODUCTION,271.9682,238.4629,-62.4297,21,21,0.22954764,,0.22954764,0.22954764,62.4297,271.9682,THIN_EXPOSURE,0.0000,-2.4972,4.0000,96.0000,AG03-UNRESOLVED,ALL5_LEVELS_bet23_to_bet27,-2.4972,-2.4972,-2.4972,-3.1215,-3.1215,4.000000,4.000000,4.000000,5.000000,5.000000,96.000000,96.000000,96.000000,95.000000,95.000000,5.0,-13.7345,-12.5812,-48.6951,-49.8485,PENDING_AG03,FALSE,NOT_FOR_ENFORCEMENT,-59.9325,228.9244,-62.4297,-59.9325,-2.4972,-0.22954764,-0.22036574,-2.4972,-59.9325,-0.22036574,-2.4972,-2.4972,-2.4972,-3.1215,-3.1215,-59.9325,-0.22036574,-13.7345,-12.5812,-48.6951,-49.8485,-0.17904716,-0.18328788,-0.00918191,12.9509,11.3554,-2.9728,-12.4859,-5.2025,54.3936,4.2000,,12.9509,6.9366,10.4704,13.5461,24.6054,36.7772,49.7343,10.4704,0.0,3.512498,4.75,1.236905,10,8,4,2,0E-8,-0.22954764,,0E-8,0.000000,0.876805,0.000000,,2026-04-21,2026-04-29,5,12,12,9,0.555556,,,0.000000,,,,,,,,GLOBAL_BASELINE_NO_ENTITY_RANKING,,,NOT_APPLICABLE_GLOBAL_BASELINE,HF9g-P5,,,,X 全窗基线 · 不参与实体赏罚,3920834,393,A168_HF9F_20260827_0900,2026-08-27 09:00:00
2026-04-10,148459829,1405,0,23.0348401958,-23.0348401958,-23.0348401958,0E-7,1,1,0.49324550000000000,0.493245500000,-0.9865810262130424,-0.9865810262130424,-0.9865810262130424,0E-17,ELIGIBLE,R03b_20260811_FULL_v1,L1_ELIGIBILITY,v2026-08-11,2026-03-21..2026-08-06,baccarat_bet02_101_all_pairs_incl_sentinel,round_win = game_pnl > 0 (decisive only),COMPATIBILITY_ONLY_NOT_PRODUCTION,422.2182,325.3671,-62.4297,9,9,0.14786113,,0.14786113,0.14786113,62.4297,422.2182,THIN_EXPOSURE,0.0000,-2.4972,4.0000,96.0000,AG03-UNRESOLVED,ALL5_LEVELS_bet23_to_bet27,-2.4972,-2.4972,-2.4972,0.0000,0.0000,4.000000,4.000000,4.000000,0.000000,0.000000,96.000000,96.000000,96.000000,100.000000,100.000000,5.0,-7.4916,-7.1959,-54.9381,-55.2338,PENDING_AG03,FALSE,NOT_FOR_ENFORCEMENT,-59.9325,312.3524,-62.4297,-59.9325,-2.4972,-0.14786113,-0.14194668,-2.4972,-59.9325,-0.14194668,-2.4972,-2.4972,-2.4972,0.0000,0.0000,-59.9325,-0.14194668,-7.4916,-7.1959,-54.9381,-55.2338,-0.13011779,-0.13081806,-0.00591445,46.9131,36.1519,-6.9366,-62.4297,-31.2148,422.2182,9.0000,,46.9131,44.4991,52.3519,52.3519,52.3519,52.3519,52.3519,48.4255,0.0,1.0,1.0,0.896111,2,2,1,2,0E-8,-0.14786113,,0E-8,0.000000,0.770614,0.000000,,2026-04-10,2026-04-10,1,2,2,1,1.000000,,,0.000000,,,,,,,,GLOBAL_BASELINE_NO_ENTITY_RANKING,,,NOT_APPLICABLE_GLOBAL_BASELINE,HF9g-P5,,,,X 全窗基线 · 不参与实体赏罚,3920835,393,A168_HF9F_20260827_0900,2026-08-27 09:00:00
2026-04-10,148459829,986,0,399.1833102112,85.4644923173,85.4644923173,0.6666667,8,8,0.50329940000000000,0.503299400000,0.8003503134943746,0.8003503134943746,0.8003503134943746,0E-17,ELIGIBLE,R03b_20260811_FULL_v1,L1_ELIGIBILITY,v2026-08-11,2026-03-21..2026-08-06,baccarat_bet02_101_all_pairs_incl_sentinel,round_win = game_pnl > 0 (decisive only),COMPATIBILITY_ONLY_NOT_PRODUCTION,422.2182,325.3671,-62.4297,9,9,0.14786113,,0.14786113,0.14786113,62.4297,422.2182,THIN_EXPOSURE,0.0000,-2.4972,4.0000,96.0000,AG03-UNRESOLVED,ALL5_LEVELS_bet23_to_bet27,-2.4972,-2.4972,-2.4972,0.0000,0.0000,4.000000,4.000000,4.000000,0.000000,0.000000,96.000000,96.000000,96.000000,100.000000,100.000000,5.0,-7.4916,-7.1959,-54.9381,-55.2338,PENDING_AG03,FALSE,NOT_FOR_ENFORCEMENT,-59.9325,312.3524,-62.4297,-59.9325,-2.4972,-0.14786113,-0.14194668,-2.4972,-59.9325,-0.14194668,-2.4972,-2.4972,-2.4972,0.0000,0.0000,-59.9325,-0.14194668,-7.4916,-7.1959,-54.9381,-55.2338,-0.13011779,-0.13081806,-0.00591445,46.9131,36.1519,-6.9366,-62.4297,-31.2148,422.2182,9.0000,,46.9131,44.4991,52.3519,52.3519,52.3519,52.3519,52.3519,48.4255,0.0,1.0,1.0,0.896111,2,2,1,2,0E-8,-0.14786113,,0E-8,0.000000,0.770614,0.000000,,2026-04-10,2026-04-10,1,2,2,1,1.000000,,,0.000000,,,,,,,,GLOBAL_BASELINE_NO_ENTITY_RANKING,,,NOT_APPLICABLE_GLOBAL_BASELINE,HF9g-P5,,,,X 全窗基线 · 不参与实体赏罚,3920836,393,A168_HF9F_20260827_0900,2026-08-27 09:00:00
2026-04-14,116839399,-1,1,34.0287411984,-20.9407638144,-20.9407638144,0E-7,2,2,0.50665070000000000,0.506650700000,-1.013391052207602,-1.013391052207602,-1.013391052207602,0E-17,SENTINEL_DEALER,R03b_20260811_FULL_v1,L1_ELIGIBILITY,v2026-08-11,2026-03-21..2026-08-06,baccarat_bet02_101_all_pairs_incl_sentinel,round_win = game_pnl > 0 (decisive only),COMPATIBILITY_ONLY_NOT_PRODUCTION,677.9572,646.5461,-62.4297,25,25,0.09208494,,0.09208494,0.09208494,62.4297,677.9572,THIN_EXPOSURE,0.0000,-2.4972,4.0000,96.0000,AG03-UNRESOLVED,ALL5_LEVELS_bet23_to_bet27,-2.4972,-2.4972,-2.4972,-2.4972,-2.4972,4.000000,4.000000,4.000000,4.000000,4.000000,96.000000,96.000000,96.000000,96.000000,96.000000,5.0,-12.4859,-11.5262,-49.9437,-50.9034,PENDING_AG03,FALSE,NOT_FOR_ENFORCEMENT,-59.9325,620.6842,-62.4297,-59.9325,-2.4972,-0.09208494,-0.08840154,-2.4972,-59.9325,-0.08840154,-2.4972,-2.4972,-2.4972,-2.4972,-2.4972,-59.9325,-0.08840154,-12.4859,-11.5262,-49.9437,-50.9034,-0.07366795,-0.07508355,-0.00368340,27.1183,25.8618,-2.4972,-62.4297,-8.9185,677.9572,25.0000,,27.1183,18.3232,26.176,33.3743,52.3519,52.3519,52.3519,26.176,0.0,2.0,2.0,1.036,7,9,2,2,0E-8,-0.09208494,,0E-8,0.000000,0.953668,0.000000,,2026-04-14,2026-04-14,1,7,7,1,1.000000,,,0.000000,,,,,,,,GLOBAL_BASELINE_NO_ENTITY_RANKING,,,NOT_APPLICABLE_GLOBAL_BASELINE,HF9g-P5,,,,X 全窗基线 · 不参与实体赏罚,3920837,393,A168_HF9F_20260827_0900,2026-08-27 09:00:00
2026-04-14,116839399,1115,0,13.0879773840,12.4335785148,12.4335785148,1.0000000,1,1,0.50665070000000000,0.506650700000,0.9867858985152569,0.9867858985152569,0.9867858985152569,0E-17,ELIGIBLE,R03b_20260811_FULL_v1,L1_ELIGIBILITY,v2026-08-11,2026-03-21..2026-08-06,baccarat_bet02_101_all_pairs_incl_sentinel,round_win = game_pnl > 0 (decisive only),COMPATIBILITY_ONLY_NOT_PRODUCTION,677.9572,646.5461,-62.4297,25,25,0.09208494,,0.09208494,0.09208494,62.4297,677.9572,THIN_EXPOSURE,0.0000,-2.4972,4.0000,96.0000,AG03-UNRESOLVED,ALL5_LEVELS_bet23_to_bet27,-2.4972,-2.4972,-2.4972,-2.4972,-2.4972,4.000000,4.000000,4.000000,4.000000,4.000000,96.000000,96.000000,96.000000,96.000000,96.000000,5.0,-12.4859,-11.5262,-49.9437,-50.9034,PENDING_AG03,FALSE,NOT_FOR_ENFORCEMENT,-59.9325,620.6842,-62.4297,-59.9325,-2.4972,-0.09208494,-0.08840154,-2.4972,-59.9325,-0.08840154,-2.4972,-2.4972,-2.4972,-2.4972,-2.4972,-59.9325,-0.08840154,-12.4859,-11.5262,-49.9437,-50.9034,-0.07366795,-0.07508355,-0.00368340,27.1183,25.8618,-2.4972,-62.4297,-8.9185,677.9572,25.0000,,27.1183,18.3232,26.176,33.3743,52.3519,52.3519,52.3519,26.176,0.0,2.0,2.0,1.036,7,9,2,2,0E-8,-0.09208494,,0E-8,0.000000,0.953668,0.000000,,2026-04-14,2026-04-14,1,7,7,1,1.000000,,,0.000000,,,,,,,,GLOBAL_BASELINE_NO_ENTITY_RANKING,,,NOT_APPLICABLE_GLOBAL_BASELINE,HF9g-P5,,,,X 全窗基线 · 不参与实体赏罚,3920838,393,A168_HF9F_20260827_0900,2026-08-27 09:00:00
2026-04-14,116839399,1325,0,39.2639321519,-39.2639321519,-39.2639321519,0E-7,1,1,0.49324550000000000,0.493245500000,-0.9865810262130424,-0.9865810262130424,-0.9865810262130424,0E-17,ELIGIBLE,R03b_20260811_FULL_v1,L1_ELIGIBILITY,v2026-08-11,2026-03-21..2026-08-06,baccarat_bet02_101_all_pairs_incl_sentinel,round_win = game_pnl > 0 (decisive only),COMPATIBILITY_ONLY_NOT_PRODUCTION,677.9572,646.5461,-62.4297,25,25,0.09208494,,0.09208494,0.09208494,62.4297,677.9572,THIN_EXPOSURE,0.0000,-2.4972,4.0000,96.0000,AG03-UNRESOLVED,ALL5_LEVELS_bet23_to_bet27,-2.4972,-2.4972,-2.4972,-2.4972,-2.4972,4.000000,4.000000,4.000000,4.000000,4.000000,96.000000,96.000000,96.000000,96.000000,96.000000,5.0,-12.4859,-11.5262,-49.9437,-50.9034,PENDING_AG03,FALSE,NOT_FOR_ENFORCEMENT,-59.9325,620.6842,-62.4297,-59.9325,-2.4972,-0.09208494,-0.08840154,-2.4972,-59.9325,-0.08840154,-2.4972,-2.4972,-2.4972,-2.4972,-2.4972,-59.9325,-0.08840154,-12.4859,-11.5262,-49.9437,-50.9034,-0.07366795,-0.07508355,-0.00368340,27.1183,25.8618,-2.4972,-62.4297,-8.9185,677.9572,25.0000,,27.1183,18.3232,26.176,33.3743,52.3519,52.3519,52.3519,26.176,0.0,2.0,2.0,1.036,7,9,2,2,0E-8,-0.09208494,,0E-8,0.000000,0.953668,0.000000,,2026-04-14,2026-04-14,1,7,7,1,1.000000,,,0.000000,,,,,,,,GLOBAL_BASELINE_NO_ENTITY_RANKING,,,NOT_APPLICABLE_GLOBAL_BASELINE,HF9g-P5,,,,X 全窗基线 · 不参与实体赏罚,3920839,393,A168_HF9F_20260827_0900,2026-08-27 09:00:00
2026-04-14,116839399,1399,0,83.7630552575,64.1310891815,64.1310891815,1.0000000,3,3,0.50218230000000000,0.502182300000,1.4080544974538591,1.4080544974538591,1.4080544974538591,0E-17,ELIGIBLE,R03b_20260811_FULL_v1,L1_ELIGIBILITY,v2026-08-11,2026-03-21..2026-08-06,baccarat_bet02_101_all_pairs_incl_sentinel,round_win = game_pnl > 0 (decisive only),COMPATIBILITY_ONLY_NOT_PRODUCTION,677.9572,646.5461,-62.4297,25,25,0.09208494,,0.09208494,0.09208494,62.4297,677.9572,THIN_EXPOSURE,0.0000,-2.4972,4.0000,96.0000,AG03-UNRESOLVED,ALL5_LEVELS_bet23_to_bet27,-2.4972,-2.4972,-2.4972,-2.4972,-2.4972,4.000000,4.000000,4.000000,4.000000,4.000000,96.000000,96.000000,96.000000,96.000000,96.000000,5.0,-12.4859,-11.5262,-49.9437,-50.9034,PENDING_AG03,FALSE,NOT_FOR_ENFORCEMENT,-59.9325,620.6842,-62.4297,-59.9325,-2.4972,-0.09208494,-0.08840154,-2.4972,-59.9325,-0.08840154,-2.4972,-2.4972,-2.4972,-2.4972,-2.4972,-59.9325,-0.08840154,-12.4859,-11.5262,-49.9437,-50.9034,-0.07366795,-0.07508355,-0.00368340,27.1183,25.8618,-2.4972,-62.4297,-8.9185,677.9572,25.0000,,27.1183,18.3232,26.176,33.3743,52.3519,52.3519,52.3519,26.176,0.0,2.0,2.0,1.036,7,9,2,2,0E-8,-0.09208494,,0E-8,0.000000,0.953668,0.000000,,2026-04-14,2026-04-14,1,7,7,1,1.000000,,,0.000000,,,,,,,,GLOBAL_BASELINE_NO_ENTITY_RANKING,,,NOT_APPLICABLE_GLOBAL_BASELINE,HF9g-P5,,,,X 全窗基线 · 不参与实体赏罚,3920840,393,A168_HF9F_20260827_0900,2026-08-27 09:00:00
2026-04-14,116839399,1402,0,39.2639321519,-39.2639321519,-39.2639321519,0E-7,1,1,0.50665070000000000,0.506650700000,-1.013391052207602,-1.013391052207602,-1.013391052207602,0E-17,ELIGIBLE,R03b_20260811_FULL_v1,L1_ELIGIBILITY,v2026-08-11,2026-03-21..2026-08-06,baccarat_bet02_101_all_pairs_incl_sentinel,round_win = game_pnl > 0 (decisive only),COMPATIBILITY_ONLY_NOT_PRODUCTION,677.9572,646.5461,-62.4297,25,25,0.09208494,,0.09208494,0.09208494,62.4297,677.9572,THIN_EXPOSURE,0.0000,-2.4972,4.0000,96.0000,AG03-UNRESOLVED,ALL5_LEVELS_bet23_to_bet27,-2.4972,-2.4972,-2.4972,-2.4972,-2.4972,4.000000,4.000000,4.000000,4.000000,4.000000,96.000000,96.000000,96.000000,96.000000,96.000000,5.0,-12.4859,-11.5262,-49.9437,-50.9034,PENDING_AG03,FALSE,NOT_FOR_ENFORCEMENT,-59.9325,620.6842,-62.4297,-59.9325,-2.4972,-0.09208494,-0.08840154,-2.4972,-59.9325,-0.08840154,-2.4972,-2.4972,-2.4972,-2.4972,-2.4972,-59.9325,-0.08840154,-12.4859,-11.5262,-49.9437,-50.9034,-0.07366795,-0.07508355,-0.00368340,27.1183,25.8618,-2.4972,-62.4297,-8.9185,677.9572,25.0000,,27.1183,18.3232,26.176,33.3743,52.3519,52.3519,52.3519,26.176,0.0,2.0,2.0,1.036,7,9,2,2,0E-8,-0.09208494,,0E-8,0.000000,0.953668,0.000000,,2026-04-14,2026-04-14,1,7,7,1,1.000000,,,0.000000,,,,,,,,GLOBAL_BASELINE_NO_ENTITY_RANKING,,,NOT_APPLICABLE_GLOBAL_BASELINE,HF9g-P5,,,,X 全窗基线 · 不参与实体赏罚,3920841,393,A168_HF9F_20260827_0900,2026-08-27 09:00:00
2026-04-14,116839399,2222,0,52.3519095359,-52.3519095359,-52.3519095359,0E-7,1,1,0.50665070000000000,0.506650700000,-1.013391052207602,-1.013391052207602,-1.013391052207602,0E-17,ELIGIBLE,R03b_20260811_FULL_v1,L1_ELIGIBILITY,v2026-08-11,2026-03-21..2026-08-06,baccarat_bet02_101_all_pairs_incl_sentinel,round_win = game_pnl > 0 (decisive only),COMPATIBILITY_ONLY_NOT_PRODUCTION,677.9572,646.5461,-62.4297,25,25,0.09208494,,0.09208494,0.09208494,62.4297,677.9572,THIN_EXPOSURE,0.0000,-2.4972,4.0000,96.0000,AG03-UNRESOLVED,ALL5_LEVELS_bet23_to_bet27,-2.4972,-2.4972,-2.4972,-2.4972,-2.4972,4.000000,4.000000,4.000000,4.000000,4.000000,96.000000,96.000000,96.000000,96.000000,96.000000,5.0,-12.4859,-11.5262,-49.9437,-50.9034,PENDING_AG03,FALSE,NOT_FOR_ENFORCEMENT,-59.9325,620.6842,-62.4297,-59.9325,-2.4972,-0.09208494,-0.08840154,-2.4972,-59.9325,-0.08840154,-2.4972,-2.4972,-2.4972,-2.4972,-2.4972,-59.9325,-0.08840154,-12.4859,-11.5262,-49.9437,-50.9034,-0.07366795,-0.07508355,-0.00368340,27.1183,25.8618,-2.4972,-62.4297,-8.9185,677.9572,25.0000,,27.1183,18.3232,26.176,33.3743,52.3519,52.3519,52.3519,26.176,0.0,2.0,2.0,1.036,7,9,2,2,0E-8,-0.09208494,,0E-8,0.000000,0.953668,0.000000,,2026-04-14,2026-04-14,1,7,7,1,1.000000,,,0.000000,,,,,,,,GLOBAL_BASELINE_NO_ENTITY_RANKING,,,NOT_APPLICABLE_GLOBAL_BASELINE,HF9g-P5,,,,X 全窗基线 · 不参与实体赏罚,3920842,393,A168_HF9F_20260827_0900,2026-08-27 09:00:00
2026-04-14,116839399,2229,0,128.2621783630,35.0757793890,35.0757793890,0.5000000,4,4,0.50665070000000000,0.506650700000,-0.02660515369234503,-0.02660515369234503,-0.02660515369234503,0E-17,ELIGIBLE,R03b_20260811_FULL_v1,L1_ELIGIBILITY,v2026-08-11,2026-03-21..2026-08-06,baccarat_bet02_101_all_pairs_incl_sentinel,round_win = game_pnl > 0 (decisive only),COMPATIBILITY_ONLY_NOT_PRODUCTION,677.9572,646.5461,-62.4297,25,25,0.09208494,,0.09208494,0.09208494,62.4297,677.9572,THIN_EXPOSURE,0.0000,-2.4972,4.0000,96.0000,AG03-UNRESOLVED,ALL5_LEVELS_bet23_to_bet27,-2.4972,-2.4972,-2.4972,-2.4972,-2.4972,4.000000,4.000000,4.000000,4.000000,4.000000,96.000000,96.000000,96.000000,96.000000,96.000000,5.0,-12.4859,-11.5262,-49.9437,-50.9034,PENDING_AG03,FALSE,NOT_FOR_ENFORCEMENT,-59.9325,620.6842,-62.4297,-59.9325,-2.4972,-0.09208494,-0.08840154,-2.4972,-59.9325,-0.08840154,-2.4972,-2.4972,-2.4972,-2.4972,-2.4972,-59.9325,-0.08840154,-12.4859,-11.5262,-49.9437,-50.9034,-0.07366795,-0.07508355,-0.00368340,27.1183,25.8618,-2.4972,-62.4297,-8.9185,677.9572,25.0000,,27.1183,18.3232,26.176,33.3743,52.3519,52.3519,52.3519,26.176,0.0,2.0,2.0,1.036,7,9,2,2,0E-8,-0.09208494,,0E-8,0.000000,0.953668,0.000000,,2026-04-14,2026-04-14,1,7,7,1,1.000000,,,0.000000,,,,,,,,GLOBAL_BASELINE_NO_ENTITY_RANKING,,,NOT_APPLICABLE_GLOBAL_BASELINE,HF9g-P5,,,,X 全窗基线 · 不参与实体赏罚,3920843,393,A168_HF9F_20260827_0900,2026-08-27 09:00:00
2026-04-14,116839399,2256,0,157.0557286079,26.6994738632,26.6994738632,0.4285714,7,7,0.50090561428571429,0.500905614286,-0.38275716120403624,-0.38275716120554854,-0.38275716120403624,-2.8571E-13,ELIGIBLE,R03b_20260811_FULL_v1,L1_ELIGIBILITY,v2026-08-11,2026-03-21..2026-08-06,baccarat_bet02_101_all_pairs_incl_sentinel,round_win = game_pnl > 0 (decisive only),COMPATIBILITY_ONLY_NOT_PRODUCTION,677.9572,646.5461,-62.4297,25,25,0.09208494,,0.09208494,0.09208494,62.4297,677.9572,THIN_EXPOSURE,0.0000,-2.4972,4.0000,96.0000,AG03-UNRESOLVED,ALL5_LEVELS_bet23_to_bet27,-2.4972,-2.4972,-2.4972,-2.4972,-2.4972,4.000000,4.000000,4.000000,4.000000,4.000000,96.000000,96.000000,96.000000,96.000000,96.000000,5.0,-12.4859,-11.5262,-49.9437,-50.9034,PENDING_AG03,FALSE,NOT_FOR_ENFORCEMENT,-59.9325,620.6842,-62.4297,-59.9325,-2.4972,-0.09208494,-0.08840154,-2.4972,-59.9325,-0.08840154,-2.4972,-2.4972,-2.4972,-2.4972,-2.4972,-59.9325,-0.08840154,-12.4859,-11.5262,-49.9437,-50.9034,-0.07366795,-0.07508355,-0.00368340,27.1183,25.8618,-2.4972,-62.4297,-8.9185,677.9572,25.0000,,27.1183,18.3232,26.176,33.3743,52.3519,52.3519,52.3519,26.176,0.0,2.0,2.0,1.036,7,9,2,2,0E-8,-0.09208494,,0E-8,0.000000,0.953668,0.000000,,2026-04-14,2026-04-14,1,7,7,1,1.000000,,,0.000000,,,,,,,,GLOBAL_BASELINE_NO_ENTITY_RANKING,,,NOT_APPLICABLE_GLOBAL_BASELINE,HF9g-P5,,,,X 全窗基线 · 不参与实体赏罚,3920844,393,A168_HF9F_20260827_0900,2026-08-27 09:00:00
2026-04-14,116839399,994,0,130.8797738400,75.9102688272,75.9102688272,0.8000000,5,5,0.49860758000000000,0.498607580000,1.3478731046594083,1.3478731046594083,1.3478731046594083,0E-17,ELIGIBLE,R03b_20260811_FULL_v1,L1_ELIGIBILITY,v2026-08-11,2026-03-21..2026-08-06,baccarat_bet02_101_all_pairs_incl_sentinel,round_win = game_pnl > 0 (decisive only),COMPATIBILITY_ONLY_NOT_PRODUCTION,677.9572,646.5461,-62.4297,25,25,0.09208494,,0.09208494,0.09208494,62.4297,677.9572,THIN_EXPOSURE,0.0000,-2.4972,4.0000,96.0000,AG03-UNRESOLVED,ALL5_LEVELS_bet23_to_bet27,-2.4972,-2.4972,-2.4972,-2.4972,-2.4972,4.000000,4.000000,4.000000,4.000000,4.000000,96.000000,96.000000,96.000000,96.000000,96.000000,5.0,-12.4859,-11.5262,-49.9437,-50.9034,PENDING_AG03,FALSE,NOT_FOR_ENFORCEMENT,-59.9325,620.6842,-62.4297,-59.9325,-2.4972,-0.09208494,-0.08840154,-2.4972,-59.9325,-0.08840154,-2.4972,-2.4972,-2.4972,-2.4972,-2.4972,-59.9325,-0.08840154,-12.4859,-11.5262,-49.9437,-50.9034,-0.07366795,-0.07508355,-0.00368340,27.1183,25.8618,-2.4972,-62.4297,-8.9185,677.9572,25.0000,,27.1183,18.3232,26.176,33.3743,52.3519,52.3519,52.3519,26.176,0.0,2.0,2.0,1.036,7,9,2,2,0E-8,-0.09208494,,0E-8,0.000000,0.953668,0.000000,,2026-04-14,2026-04-14,1,7,7,1,1.000000,,,0.000000,,,,,,,,GLOBAL_BASELINE_NO_ENTITY_RANKING,,,NOT_APPLICABLE_GLOBAL_BASELINE,HF9g-P5,,,,X 全窗基线 · 不参与实体赏罚,3920845,393,A168_HF9F_20260827_0900,2026-08-27 09:00:00
2026-04-04,137446886,-1,1,659.6340601534,-1.4396775124,-1.4396775124,0.5294118,96,52,0.40310770744678491,0.313692499038,1.8388396223982968,3.3201872807108854,1.8388396223982968,0.08941520840878491,SENTINEL_DEALER,R03b_20260811_FULL_v1,L1_ELIGIBILITY,v2026-08-11,2026-03-21..2026-08-06,baccarat_bet02_101_all_pairs_incl_sentinel,round_win = game_pnl > 0 (decisive only),COMPATIBILITY_ONLY_NOT_PRODUCTION,1626.5738,1555.8988,-62.4297,230,135,0.03838107,,0.03838107,0.03838107,62.4297,1626.5738,OK,0.0000,-2.4972,4.0000,96.0000,AG03-UNRESOLVED,ALL5_LEVELS_bet23_to_bet27,-2.4972,-2.4972,-2.4972,-3.1215,-3.1215,4.000000,4.000000,4.000000,5.000000,5.000000,96.000000,96.000000,96.000000,95.000000,95.000000,5.0,-13.7345,-12.5812,-48.6951,-49.8485,PENDING_AG03,FALSE,NOT_FOR_ENFORCEMENT,-59.9325,1493.6628,-62.4297,-59.9325,-2.4972,-0.03838107,-0.03684583,-2.4972,-59.9325,-0.03684583,-2.4972,-2.4972,-2.4972,-3.1215,-3.1215,-59.9325,-0.03684583,-13.7345,-12.5812,-48.6951,-49.8485,-0.02993724,-0.0306463,-0.00153524,7.0721,11.5252,-0.4624,-31.2148,-2.9728,813.2869,67.5000,,7.0721,2.6176,2.6176,7.8528,18.3232,26.176,35.5993,2.6176,-2.6176,10.0,13.599991,2.701739,18,16,3,8,0E-8,-0.03838107,,0E-8,0.000000,0.956550,0.000000,,2026-04-04,2026-04-05,2,21,18,2,1.000000,,,0.000000,,,,,,,,GLOBAL_BASELINE_NO_ENTITY_RANKING,,,NOT_APPLICABLE_GLOBAL_BASELINE,HF9g-P5,,,,X 全窗基线 · 不参与实体赏罚,3920846,393,A168_HF9F_20260827_0900,2026-08-27 09:00:00
2026-04-04,137446886,1115,0,96.8510326416,22.2495615527,22.2495615527,0.4285714,15,7,0.40049592443877551,0.276776283333,0.15159380816263648,0.8976481407922783,0.15159380816263648,0.12371964110577551,ELIGIBLE,R03b_20260811_FULL_v1,L1_ELIGIBILITY,v2026-08-11,2026-03-21..2026-08-06,baccarat_bet02_101_all_pairs_incl_sentinel,round_win = game_pnl > 0 (decisive only),COMPATIBILITY_ONLY_NOT_PRODUCTION,1626.5738,1555.8988,-62.4297,230,135,0.03838107,,0.03838107,0.03838107,62.4297,1626.5738,OK,0.0000,-2.4972,4.0000,96.0000,AG03-UNRESOLVED,ALL5_LEVELS_bet23_to_bet27,-2.4972,-2.4972,-2.4972,-3.1215,-3.1215,4.000000,4.000000,4.000000,5.000000,5.000000,96.000000,96.000000,96.000000,95.000000,95.000000,5.0,-13.7345,-12.5812,-48.6951,-49.8485,PENDING_AG03,FALSE,NOT_FOR_ENFORCEMENT,-59.9325,1493.6628,-62.4297,-59.9325,-2.4972,-0.03838107,-0.03684583,-2.4972,-59.9325,-0.03684583,-2.4972,-2.4972,-2.4972,-3.1215,-3.1215,-59.9325,-0.03684583,-13.7345,-12.5812,-48.6951,-49.8485,-0.02993724,-0.0306463,-0.00153524,7.0721,11.5252,-0.4624,-31.2148,-2.9728,813.2869,67.5000,,7.0721,2.6176,2.6176,7.8528,18.3232,26.176,35.5993,2.6176,-2.6176,10.0,13.599991,2.701739,18,16,3,8,0E-8,-0.03838107,,0E-8,0.000000,0.956550,0.000000,,2026-04-04,2026-04-05,2,21,18,2,1.000000,,,0.000000,,,,,,,,GLOBAL_BASELINE_NO_ENTITY_RANKING,,,NOT_APPLICABLE_GLOBAL_BASELINE,HF9g-P5,,,,X 全窗基线 · 不参与实体赏罚,3920847,393,A168_HF9F_20260827_0900,2026-08-27 09:00:00
2026-04-04,137446886,1302,0,39.2639321520,-28.7935502448,-28.7935502448,0E-7,7,4,0.42206239125000000,0.344673087500,-1.7091408128895016,-1.4504564081403684,-1.7091408128895016,0.07738930375000000,ELIGIBLE,R03b_20260811_FULL_v1,L1_ELIGIBILITY,v2026-08-11,2026-03-21..2026-08-06,baccarat_bet02_101_all_pairs_incl_sentinel,round_win = game_pnl > 0 (decisive only),COMPATIBILITY_ONLY_NOT_PRODUCTION,1626.5738,1555.8988,-62.4297,230,135,0.03838107,,0.03838107,0.03838107,62.4297,1626.5738,OK,0.0000,-2.4972,4.0000,96.0000,AG03-UNRESOLVED,ALL5_LEVELS_bet23_to_bet27,-2.4972,-2.4972,-2.4972,-3.1215,-3.1215,4.000000,4.000000,4.000000,5.000000,5.000000,96.000000,96.000000,96.000000,95.000000,95.000000,5.0,-13.7345,-12.5812,-48.6951,-49.8485,PENDING_AG03,FALSE,NOT_FOR_ENFORCEMENT,-59.9325,1493.6628,-62.4297,-59.9325,-2.4972,-0.03838107,-0.03684583,-2.4972,-59.9325,-0.03684583,-2.4972,-2.4972,-2.4972,-3.1215,-3.1215,-59.9325,-0.03684583,-13.7345,-12.5812,-48.6951,-49.8485,-0.02993724,-0.0306463,-0.00153524,7.0721,11.5252,-0.4624,-31.2148,-2.9728,813.2869,67.5000,,7.0721,2.6176,2.6176,7.8528,18.3232,26.176,35.5993,2.6176,-2.6176,10.0,13.599991,2.701739,18,16,3,8,0E-8,-0.03838107,,0E-8,0.000000,0.956550,0.000000,,2026-04-04,2026-04-05,2,21,18,2,1.000000,,,0.000000,,,,,,,,GLOBAL_BASELINE_NO_ENTITY_RANKING,,,NOT_APPLICABLE_GLOBAL_BASELINE,HF9g-P5,,,,X 全窗基线 · 不参与实体赏罚,3920848,393,A168_HF9F_20260827_0900,2026-08-27 09:00:00
2026-04-04,137446886,1963,0,48.6872758685,-38.2168939613,-38.2168939613,0.2000000,9,5,0.37788368302319628,0.322269730000,-0.8203633484729906,-0.5850133221107607,-0.8203633484729906,0.05561395302319628,ELIGIBLE,R03b_20260811_FULL_v1,L1_ELIGIBILITY,v2026-08-11,2026-03-21..2026-08-06,baccarat_bet02_101_all_pairs_incl_sentinel,round_win = game_pnl > 0 (decisive only),COMPATIBILITY_ONLY_NOT_PRODUCTION,1626.5738,1555.8988,-62.4297,230,135,0.03838107,,0.03838107,0.03838107,62.4297,1626.5738,OK,0.0000,-2.4972,4.0000,96.0000,AG03-UNRESOLVED,ALL5_LEVELS_bet23_to_bet27,-2.4972,-2.4972,-2.4972,-3.1215,-3.1215,4.000000,4.000000,4.000000,5.000000,5.000000,96.000000,96.000000,96.000000,95.000000,95.000000,5.0,-13.7345,-12.5812,-48.6951,-49.8485,PENDING_AG03,FALSE,NOT_FOR_ENFORCEMENT,-59.9325,1493.6628,-62.4297,-59.9325,-2.4972,-0.03838107,-0.03684583,-2.4972,-59.9325,-0.03684583,-2.4972,-2.4972,-2.4972,-3.1215,-3.1215,-59.9325,-0.03684583,-13.7345,-12.5812,-48.6951,-49.8485,-0.02993724,-0.0306463,-0.00153524,7.0721,11.5252,-0.4624,-31.2148,-2.9728,813.2869,67.5000,,7.0721,2.6176,2.6176,7.8528,18.3232,26.176,35.5993,2.6176,-2.6176,10.0,13.599991,2.701739,18,16,3,8,0E-8,-0.03838107,,0E-8,0.000000,0.956550,0.000000,,2026-04-04,2026-04-05,2,21,18,2,1.000000,,,0.000000,,,,,,,,GLOBAL_BASELINE_NO_ENTITY_RANKING,,,NOT_APPLICABLE_GLOBAL_BASELINE,HF9g-P5,,,,X 全窗基线 · 不参与实体赏罚,3920849,393,A168_HF9F_20260827_0900,2026-08-27 09:00:00
2026-04-04,137446886,2117,0,28.7935502448,1.8323168337,1.8323168337,0.6666667,6,3,0.37814291333333333,0.281367966667,1.030549658418145,1.4841150149896007,1.030549658418145,0.09677494666633333,ELIGIBLE,R03b_20260811_FULL_v1,L1_ELIGIBILITY,v2026-08-11,2026-03-21..2026-08-06,baccarat_bet02_101_all_pairs_incl_sentinel,round_win = game_pnl > 0 (decisive only),COMPATIBILITY_ONLY_NOT_PRODUCTION,1626.5738,1555.8988,-62.4297,230,135,0.03838107,,0.03838107,0.03838107,62.4297,1626.5738,OK,0.0000,-2.4972,4.0000,96.0000,AG03-UNRESOLVED,ALL5_LEVELS_bet23_to_bet27,-2.4972,-2.4972,-2.4972,-3.1215,-3.1215,4.000000,4.000000,4.000000,5.000000,5.000000,96.000000,96.000000,96.000000,95.000000,95.000000,5.0,-13.7345,-12.5812,-48.6951,-49.8485,PENDING_AG03,FALSE,NOT_FOR_ENFORCEMENT,-59.9325,1493.6628,-62.4297,-59.9325,-2.4972,-0.03838107,-0.03684583,-2.4972,-59.9325,-0.03684583,-2.4972,-2.4972,-2.4972,-3.1215,-3.1215,-59.9325,-0.03684583,-13.7345,-12.5812,-48.6951,-49.8485,-0.02993724,-0.0306463,-0.00153524,7.0721,11.5252,-0.4624,-31.2148,-2.9728,813.2869,67.5000,,7.0721,2.6176,2.6176,7.8528,18.3232,26.176,35.5993,2.6176,-2.6176,10.0,13.599991,2.701739,18,16,3,8,0E-8,-0.03838107,,0E-8,0.000000,0.956550,0.000000,,2026-04-04,2026-04-05,2,21,18,2,1.000000,,,0.000000,,,,,,,,GLOBAL_BASELINE_NO_ENTITY_RANKING,,,NOT_APPLICABLE_GLOBAL_BASELINE,HF9g-P5,,,,X 全窗基线 · 不参与实体赏罚,3920850,393,A168_HF9F_20260827_0900,2026-08-27 09:00:00
2026-04-04,137446886,2175,0,18.3231683376,7.1983875612,7.1983875612,1.0000000,4,2,0.37714327916666667,0.285393300000,1.8174224519721998,2.2378277402240188,1.8174224519721998,0.09174997916666667,ELIGIBLE,R03b_20260811_FULL_v1,L1_ELIGIBILITY,v2026-08-11,2026-03-21..2026-08-06,baccarat_bet02_101_all_pairs_incl_sentinel,round_win = game_pnl > 0 (decisive only),COMPATIBILITY_ONLY_NOT_PRODUCTION,1626.5738,1555.8988,-62.4297,230,135,0.03838107,,0.03838107,0.03838107,62.4297,1626.5738,OK,0.0000,-2.4972,4.0000,96.0000,AG03-UNRESOLVED,ALL5_LEVELS_bet23_to_bet27,-2.4972,-2.4972,-2.4972,-3.1215,-3.1215,4.000000,4.000000,4.000000,5.000000,5.000000,96.000000,96.000000,96.000000,95.000000,95.000000,5.0,-13.7345,-12.5812,-48.6951,-49.8485,PENDING_AG03,FALSE,NOT_FOR_ENFORCEMENT,-59.9325,1493.6628,-62.4297,-59.9325,-2.4972,-0.03838107,-0.03684583,-2.4972,-59.9325,-0.03684583,-2.4972,-2.4972,-2.4972,-3.1215,-3.1215,-59.9325,-0.03684583,-13.7345,-12.5812,-48.6951,-49.8485,-0.02993724,-0.0306463,-0.00153524,7.0721,11.5252,-0.4624,-31.2148,-2.9728,813.2869,67.5000,,7.0721,2.6176,2.6176,7.8528,18.3232,26.176,35.5993,2.6176,-2.6176,10.0,13.599991,2.701739,18,16,3,8,0E-8,-0.03838107,,0E-8,0.000000,0.956550,0.000000,,2026-04-04,2026-04-05,2,21,18,2,1.000000,,,0.000000,,,,,,,,GLOBAL_BASELINE_NO_ENTITY_RANKING,,,NOT_APPLICABLE_GLOBAL_BASELINE,HF9g-P5,,,,X 全窗基线 · 不参与实体赏罚,3920851,393,A168_HF9F_20260827_0900,2026-08-27 09:00:00
2026-04-04,137446886,2250,0,54.9695050128,18.3231683376,18.3231683376,0.7500000,8,4,0.39034969666666667,0.283965900000,1.4744943283316807,2.0670345837771182,1.4744943283316807,0.10638379666666667,ELIGIBLE,R03b_20260811_FULL_v1,L1_ELIGIBILITY,v2026-08-11,2026-03-21..2026-08-06,baccarat_bet02_101_all_pairs_incl_sentinel,round_win = game_pnl > 0 (decisive only),COMPATIBILITY_ONLY_NOT_PRODUCTION,1626.5738,1555.8988,-62.4297,230,135,0.03838107,,0.03838107,0.03838107,62.4297,1626.5738,OK,0.0000,-2.4972,4.0000,96.0000,AG03-UNRESOLVED,ALL5_LEVELS_bet23_to_bet27,-2.4972,-2.4972,-2.4972,-3.1215,-3.1215,4.000000,4.000000,4.000000,5.000000,5.000000,96.000000,96.000000,96.000000,95.000000,95.000000,5.0,-13.7345,-12.5812,-48.6951,-49.8485,PENDING_AG03,FALSE,NOT_FOR_ENFORCEMENT,-59.9325,1493.6628,-62.4297,-59.9325,-2.4972,-0.03838107,-0.03684583,-2.4972,-59.9325,-0.03684583,-2.4972,-2.4972,-2.4972,-3.1215,-3.1215,-59.9325,-0.03684583,-13.7345,-12.5812,-48.6951,-49.8485,-0.02993724,-0.0306463,-0.00153524,7.0721,11.5252,-0.4624,-31.2148,-2.9728,813.2869,67.5000,,7.0721,2.6176,2.6176,7.8528,18.3232,26.176,35.5993,2.6176,-2.6176,10.0,13.599991,2.701739,18,16,3,8,0E-8,-0.03838107,,0E-8,0.000000,0.956550,0.000000,,2026-04-04,2026-04-05,2,21,18,2,1.000000,,,0.000000,,,,,,,,GLOBAL_BASELINE_NO_ENTITY_RANKING,,,NOT_APPLICABLE_GLOBAL_BASELINE,HF9g-P5,,,,X 全窗基线 · 不参与实体赏罚,3920852,393,A168_HF9F_20260827_0900,2026-08-27 09:00:00
2026-04-04,137446886,2256,0,52.3519095360,-14.0041358007,-14.0041358007,0.4545455,17,12,0.42414716805555556,0.412334675000,0.20400058225362167,0.2844001055743885,0.20400058225362167,0.01181249305555556,ELIGIBLE,R03b_20260811_FULL_v1,L1_ELIGIBILITY,v2026-08-11,2026-03-21..2026-08-06,baccarat_bet02_101_all_pairs_incl_sentinel,round_win = game_pnl > 0 (decisive only),COMPATIBILITY_ONLY_NOT_PRODUCTION,1626.5738,1555.8988,-62.4297,230,135,0.03838107,,0.03838107,0.03838107,62.4297,1626.5738,OK,0.0000,-2.4972,4.0000,96.0000,AG03-UNRESOLVED,ALL5_LEVELS_bet23_to_bet27,-2.4972,-2.4972,-2.4972,-3.1215,-3.1215,4.000000,4.000000,4.000000,5.000000,5.000000,96.000000,96.000000,96.000000,95.000000,95.000000,5.0,-13.7345,-12.5812,-48.6951,-49.8485,PENDING_AG03,FALSE,NOT_FOR_ENFORCEMENT,-59.9325,1493.6628,-62.4297,-59.9325,-2.4972,-0.03838107,-0.03684583,-2.4972,-59.9325,-0.03684583,-2.4972,-2.4972,-2.4972,-3.1215,-3.1215,-59.9325,-0.03684583,-13.7345,-12.5812,-48.6951,-49.8485,-0.02993724,-0.0306463,-0.00153524,7.0721,11.5252,-0.4624,-31.2148,-2.9728,813.2869,67.5000,,7.0721,2.6176,2.6176,7.8528,18.3232,26.176,35.5993,2.6176,-2.6176,10.0,13.599991,2.701739,18,16,3,8,0E-8,-0.03838107,,0E-8,0.000000,0.956550,0.000000,,2026-04-04,2026-04-05,2,21,18,2,1.000000,,,0.000000,,,,,,,,GLOBAL_BASELINE_NO_ENTITY_RANKING,,,NOT_APPLICABLE_GLOBAL_BASELINE,HF9g-P5,,,,X 全窗基线 · 不参与实体赏罚,3920853,393,A168_HF9F_20260827_0900,2026-08-27 09:00:00
2026-04-04,137446886,2258,0,36.6463366752,2.6175954768,2.6175954768,0.6000000,10,5,0.34513305333333333,0.320188626667,1.1987502372076946,1.341075416479893,1.1987502372076946,0.02494442666633333,ELIGIBLE,R03b_20260811_FULL_v1,L1_ELIGIBILITY,v2026-08-11,2026-03-21..2026-08-06,baccarat_bet02_101_all_pairs_incl_sentinel,round_win = game_pnl > 0 (decisive only),COMPATIBILITY_ONLY_NOT_PRODUCTION,1626.5738,1555.8988,-62.4297,230,135,0.03838107,,0.03838107,0.03838107,62.4297,1626.5738,OK,0.0000,-2.4972,4.0000,96.0000,AG03-UNRESOLVED,ALL5_LEVELS_bet23_to_bet27,-2.4972,-2.4972,-2.4972,-3.1215,-3.1215,4.000000,4.000000,4.000000,5.000000,5.000000,96.000000,96.000000,96.000000,95.000000,95.000000,5.0,-13.7345,-12.5812,-48.6951,-49.8485,PENDING_AG03,FALSE,NOT_FOR_ENFORCEMENT,-59.9325,1493.6628,-62.4297,-59.9325,-2.4972,-0.03838107,-0.03684583,-2.4972,-59.9325,-0.03684583,-2.4972,-2.4972,-2.4972,-3.1215,-3.1215,-59.9325,-0.03684583,-13.7345,-12.5812,-48.6951,-49.8485,-0.02993724,-0.0306463,-0.00153524,7.0721,11.5252,-0.4624,-31.2148,-2.9728,813.2869,67.5000,,7.0721,2.6176,2.6176,7.8528,18.3232,26.176,35.5993,2.6176,-2.6176,10.0,13.599991,2.701739,18,16,3,8,0E-8,-0.03838107,,0E-8,0.000000,0.956550,0.000000,,2026-04-04,2026-04-05,2,21,18,2,1.000000,,,0.000000,,,,,,,,GLOBAL_BASELINE_NO_ENTITY_RANKING,,,NOT_APPLICABLE_GLOBAL_BASELINE,HF9g-P5,,,,X 全窗基线 · 不参与实体赏罚,3920854,393,A168_HF9F_20260827_0900,2026-08-27 09:00:00
2026-04-04,137446886,986,0,447.6088265320,131.7959322565,131.7959322565,0.5333333,26,15,0.45333057647747169,0.348703463333,0.6224159084313362,1.500479542452464,0.6224159084313362,0.10462711314447169,ELIGIBLE,R03b_20260811_FULL_v1,L1_ELIGIBILITY,v2026-08-11,2026-03-21..2026-08-06,baccarat_bet02_101_all_pairs_incl_sentinel,round_win = game_pnl > 0 (decisive only),COMPATIBILITY_ONLY_NOT_PRODUCTION,1626.5738,1555.8988,-62.4297,230,135,0.03838107,,0.03838107,0.03838107,62.4297,1626.5738,OK,0.0000,-2.4972,4.0000,96.0000,AG03-UNRESOLVED,ALL5_LEVELS_bet23_to_bet27,-2.4972,-2.4972,-2.4972,-3.1215,-3.1215,4.000000,4.000000,4.000000,5.000000,5.000000,96.000000,96.000000,96.000000,95.000000,95.000000,5.0,-13.7345,-12.5812,-48.6951,-49.8485,PENDING_AG03,FALSE,NOT_FOR_ENFORCEMENT,-59.9325,1493.6628,-62.4297,-59.9325,-2.4972,-0.03838107,-0.03684583,-2.4972,-59.9325,-0.03684583,-2.4972,-2.4972,-2.4972,-3.1215,-3.1215,-59.9325,-0.03684583,-13.7345,-12.5812,-48.6951,-49.8485,-0.02993724,-0.0306463,-0.00153524,7.0721,11.5252,-0.4624,-31.2148,-2.9728,813.2869,67.5000,,7.0721,2.6176,2.6176,7.8528,18.3232,26.176,35.5993,2.6176,-2.6176,10.0,13.599991,2.701739,18,16,3,8,0E-8,-0.03838107,,0E-8,0.000000,0.956550,0.000000,,2026-04-04,2026-04-05,2,21,18,2,1.000000,,,0.000000,,,,,,,,GLOBAL_BASELINE_NO_ENTITY_RANKING,,,NOT_APPLICABLE_GLOBAL_BASELINE,HF9g-P5,,,,X 全窗基线 · 不参与实体赏罚,3920855,393,A168_HF9F_20260827_0900,2026-08-27 09:00:00
2026-04-05,137446886,1382,0,33.5052221030,-23.0348401958,-23.0348401958,0.1666667,7,6,0.47446061111111111,0.462833966667,-1.509847132947085,-1.4549425596843808,-1.509847132947085,0.01162664444411111,ELIGIBLE,R03b_20260811_FULL_v1,L1_ELIGIBILITY,v2026-08-11,2026-03-21..2026-08-06,baccarat_bet02_101_all_pairs_incl_sentinel,round_win = game_pnl > 0 (decisive only),COMPATIBILITY_ONLY_NOT_PRODUCTION,1626.5738,1555.8988,-62.4297,230,135,0.03838107,,0.03838107,0.03838107,62.4297,1626.5738,OK,0.0000,-2.4972,4.0000,96.0000,AG03-UNRESOLVED,ALL5_LEVELS_bet23_to_bet27,-2.4972,-2.4972,-2.4972,-3.1215,-3.1215,4.000000,4.000000,4.000000,5.000000,5.000000,96.000000,96.000000,96.000000,95.000000,95.000000,5.0,-13.7345,-12.5812,-48.6951,-49.8485,PENDING_AG03,FALSE,NOT_FOR_ENFORCEMENT,-59.9325,1493.6628,-62.4297,-59.9325,-2.4972,-0.03838107,-0.03684583,-2.4972,-59.9325,-0.03684583,-2.4972,-2.4972,-2.4972,-3.1215,-3.1215,-59.9325,-0.03684583,-13.7345,-12.5812,-48.6951,-49.8485,-0.02993724,-0.0306463,-0.00153524,7.0721,11.5252,-0.4624,-31.2148,-2.9728,813.2869,67.5000,,7.0721,2.6176,2.6176,7.8528,18.3232,26.176,35.5993,2.6176,-2.6176,10.0,13.599991,2.701739,18,16,3,8,0E-8,-0.03838107,,0E-8,0.000000,0.956550,0.000000,,2026-04-04,2026-04-05,2,21,18,2,1.000000,,,0.000000,,,,,,,,GLOBAL_BASELINE_NO_ENTITY_RANKING,,,NOT_APPLICABLE_GLOBAL_BASELINE,HF9g-P5,,,,X 全窗基线 · 不参与实体赏罚,3920856,393,A168_HF9F_20260827_0900,2026-08-27 09:00:00
2026-04-05,137446886,1401,0,10.4703819072,-2.6175954768,-2.6175954768,0E-7,2,1,0.38860570000000000,0.283965900000,-0.7972488298415954,-0.6297471965178028,-0.7972488298415954,0.10463980000000000,ELIGIBLE,R03b_20260811_FULL_v1,L1_ELIGIBILITY,v2026-08-11,2026-03-21..2026-08-06,baccarat_bet02_101_all_pairs_incl_sentinel,round_win = game_pnl > 0 (decisive only),COMPATIBILITY_ONLY_NOT_PRODUCTION,1626.5738,1555.8988,-62.4297,230,135,0.03838107,,0.03838107,0.03838107,62.4297,1626.5738,OK,0.0000,-2.4972,4.0000,96.0000,AG03-UNRESOLVED,ALL5_LEVELS_bet23_to_bet27,-2.4972,-2.4972,-2.4972,-3.1215,-3.1215,4.000000,4.000000,4.000000,5.000000,5.000000,96.000000,96.000000,96.000000,95.000000,95.000000,5.0,-13.7345,-12.5812,-48.6951,-49.8485,PENDING_AG03,FALSE,NOT_FOR_ENFORCEMENT,-59.9325,1493.6628,-62.4297,-59.9325,-2.4972,-0.03838107,-0.03684583,-2.4972,-59.9325,-0.03684583,-2.4972,-2.4972,-2.4972,-3.1215,-3.1215,-59.9325,-0.03684583,-13.7345,-12.5812,-48.6951,-49.8485,-0.02993724,-0.0306463,-0.00153524,7.0721,11.5252,-0.4624,-31.2148,-2.9728,813.2869,67.5000,,7.0721,2.6176,2.6176,7.8528,18.3232,26.176,35.5993,2.6176,-2.6176,10.0,13.599991,2.701739,18,16,3,8,0E-8,-0.03838107,,0E-8,0.000000,0.956550,0.000000,,2026-04-04,2026-04-05,2,21,18,2,1.000000,,,0.000000,,,,,,,,GLOBAL_BASELINE_NO_ENTITY_RANKING,,,NOT_APPLICABLE_GLOBAL_BASELINE,HF9g-P5,,,,X 全窗基线 · 不参与实体赏罚,3920857,393,A168_HF9F_20260827_0900,2026-08-27 09:00:00
2026-04-05,137446886,1505,0,23.5583592912,10.0777425857,10.0777425857,0.8000000,6,6,0.49771390000000000,0.497713900000,1.3518786671008958,1.3518786671008955,1.3518786671008958,0E-17,ELIGIBLE,R03b_20260811_FULL_v1,L1_ELIGIBILITY,v2026-08-11,2026-03-21..2026-08-06,baccarat_bet02_101_all_pairs_incl_sentinel,round_win = game_pnl > 0 (decisive only),COMPATIBILITY_ONLY_NOT_PRODUCTION,1626.5738,1555.8988,-62.4297,230,135,0.03838107,,0.03838107,0.03838107,62.4297,1626.5738,OK,0.0000,-2.4972,4.0000,96.0000,AG03-UNRESOLVED,ALL5_LEVELS_bet23_to_bet27,-2.4972,-2.4972,-2.4972,-3.1215,-3.1215,4.000000,4.000000,4.000000,5.000000,5.000000,96.000000,96.000000,96.000000,95.000000,95.000000,5.0,-13.7345,-12.5812,-48.6951,-49.8485,PENDING_AG03,FALSE,NOT_FOR_ENFORCEMENT,-59.9325,1493.6628,-62.4297,-59.9325,-2.4972,-0.03838107,-0.03684583,-2.4972,-59.9325,-0.03684583,-2.4972,-2.4972,-2.4972,-3.1215,-3.1215,-59.9325,-0.03684583,-13.7345,-12.5812,-48.6951,-49.8485,-0.02993724,-0.0306463,-0.00153524,7.0721,11.5252,-0.4624,-31.2148,-2.9728,813.2869,67.5000,,7.0721,2.6176,2.6176,7.8528,18.3232,26.176,35.5993,2.6176,-2.6176,10.0,13.599991,2.701739,18,16,3,8,0E-8,-0.03838107,,0E-8,0.000000,0.956550,0.000000,,2026-04-04,2026-04-05,2,21,18,2,1.000000,,,0.000000,,,,,,,,GLOBAL_BASELINE_NO_ENTITY_RANKING,,,NOT_APPLICABLE_GLOBAL_BASELINE,HF9g-P5,,,,X 全窗基线 · 不参与实体赏罚,3920858,393,A168_HF9F_20260827_0900,2026-08-27 09:00:00
2026-04-05,137446886,2233,0,57.5871004896,-23.5583592912,-23.5583592912,0.3750000,13,9,0.42348563333333333,0.400232344444,-0.27754516010754743,-0.14566492378544868,-0.27754516010754743,0.02325328888933333,ELIGIBLE,R03b_20260811_FULL_v1,L1_ELIGIBILITY,v2026-08-11,2026-03-21..2026-08-06,baccarat_bet02_101_all_pairs_incl_sentinel,round_win = game_pnl > 0 (decisive only),COMPATIBILITY_ONLY_NOT_PRODUCTION,1626.5738,1555.8988,-62.4297,230,135,0.03838107,,0.03838107,0.03838107,62.4297,1626.5738,OK,0.0000,-2.4972,4.0000,96.0000,AG03-UNRESOLVED,ALL5_LEVELS_bet23_to_bet27,-2.4972,-2.4972,-2.4972,-3.1215,-3.1215,4.000000,4.000000,4.000000,5.000000,5.000000,96.000000,96.000000,96.000000,95.000000,95.000000,5.0,-13.7345,-12.5812,-48.6951,-49.8485,PENDING_AG03,FALSE,NOT_FOR_ENFORCEMENT,-59.9325,1493.6628,-62.4297,-59.9325,-2.4972,-0.03838107,-0.03684583,-2.4972,-59.9325,-0.03684583,-2.4972,-2.4972,-2.4972,-3.1215,-3.1215,-59.9325,-0.03684583,-13.7345,-12.5812,-48.6951,-49.8485,-0.02993724,-0.0306463,-0.00153524,7.0721,11.5252,-0.4624,-31.2148,-2.9728,813.2869,67.5000,,7.0721,2.6176,2.6176,7.8528,18.3232,26.176,35.5993,2.6176,-2.6176,10.0,13.599991,2.701739,18,16,3,8,0E-8,-0.03838107,,0E-8,0.000000,0.956550,0.000000,,2026-04-04,2026-04-05,2,21,18,2,1.000000,,,0.000000,,,,,,,,GLOBAL_BASELINE_NO_ENTITY_RANKING,,,NOT_APPLICABLE_GLOBAL_BASELINE,HF9g-P5,,,,X 全窗基线 · 不参与实体赏罚,3920859,393,A168_HF9F_20260827_0900,2026-08-27 09:00:00
2026-04-05,137446886,550,0,5.2351909536,-5.2351909536,-5.2351909536,0E-7,1,1,0.50665070000000000,0.506650700000,-1.013391052207602,-1.013391052207602,-1.013391052207602,0E-17,ELIGIBLE,R03b_20260811_FULL_v1,L1_ELIGIBILITY,v2026-08-11,2026-03-21..2026-08-06,baccarat_bet02_101_all_pairs_incl_sentinel,round_win = game_pnl > 0 (decisive only),COMPATIBILITY_ONLY_NOT_PRODUCTION,1626.5738,1555.8988,-62.4297,230,135,0.03838107,,0.03838107,0.03838107,62.4297,1626.5738,OK,0.0000,-2.4972,4.0000,96.0000,AG03-UNRESOLVED,ALL5_LEVELS_bet23_to_bet27,-2.4972,-2.4972,-2.4972,-3.1215,-3.1215,4.000000,4.000000,4.000000,5.000000,5.000000,96.000000,96.000000,96.000000,95.000000,95.000000,5.0,-13.7345,-12.5812,-48.6951,-49.8485,PENDING_AG03,FALSE,NOT_FOR_ENFORCEMENT,-59.9325,1493.6628,-62.4297,-59.9325,-2.4972,-0.03838107,-0.03684583,-2.4972,-59.9325,-0.03684583,-2.4972,-2.4972,-2.4972,-3.1215,-3.1215,-59.9325,-0.03684583,-13.7345,-12.5812,-48.6951,-49.8485,-0.02993724,-0.0306463,-0.00153524,7.0721,11.5252,-0.4624,-31.2148,-2.9728,813.2869,67.5000,,7.0721,2.6176,2.6176,7.8528,18.3232,26.176,35.5993,2.6176,-2.6176,10.0,13.599991,2.701739,18,16,3,8,0E-8,-0.03838107,,0E-8,0.000000,0.956550,0.000000,,2026-04-04,2026-04-05,2,21,18,2,1.000000,,,0.000000,,,,,,,,GLOBAL_BASELINE_NO_ENTITY_RANKING,,,NOT_APPLICABLE_GLOBAL_BASELINE,HF9g-P5,,,,X 全窗基线 · 不参与实体赏罚,3920860,393,A168_HF9F_20260827_0900,2026-08-27 09:00:00
2026-04-05,137446886,987,0,13.0879773840,5.2351909536,5.2351909536,0.5000000,3,3,0.49324550000000000,0.493245500000,0.01910635448239258,0.01910635448239258,0.01910635448239258,0E-17,ELIGIBLE,R03b_20260811_FULL_v1,L1_ELIGIBILITY,v2026-08-11,2026-03-21..2026-08-06,baccarat_bet02_101_all_pairs_incl_sentinel,round_win = game_pnl > 0 (decisive only),COMPATIBILITY_ONLY_NOT_PRODUCTION,1626.5738,1555.8988,-62.4297,230,135,0.03838107,,0.03838107,0.03838107,62.4297,1626.5738,OK,0.0000,-2.4972,4.0000,96.0000,AG03-UNRESOLVED,ALL5_LEVELS_bet23_to_bet27,-2.4972,-2.4972,-2.4972,-3.1215,-3.1215,4.000000,4.000000,4.000000,5.000000,5.000000,96.000000,96.000000,96.000000,95.000000,95.000000,5.0,-13.7345,-12.5812,-48.6951,-49.8485,PENDING_AG03,FALSE,NOT_FOR_ENFORCEMENT,-59.9325,1493.6628,-62.4297,-59.9325,-2.4972,-0.03838107,-0.03684583,-2.4972,-59.9325,-0.03684583,-2.4972,-2.4972,-2.4972,-3.1215,-3.1215,-59.9325,-0.03684583,-13.7345,-12.5812,-48.6951,-49.8485,-0.02993724,-0.0306463,-0.00153524,7.0721,11.5252,-0.4624,-31.2148,-2.9728,813.2869,67.5000,,7.0721,2.6176,2.6176,7.8528,18.3232,26.176,35.5993,2.6176,-2.6176,10.0,13.599991,2.701739,18,16,3,8,0E-8,-0.03838107,,0E-8,0.000000,0.956550,0.000000,,2026-04-04,2026-04-05,2,21,18,2,1.000000,,,0.000000,,,,,,,,GLOBAL_BASELINE_NO_ENTITY_RANKING,,,NOT_APPLICABLE_GLOBAL_BASELINE,HF9g-P5,,,,X 全窗基线 · 不参与实体赏罚,3920861,393,A168_HF9F_20260827_0900,2026-08-27 09:00:00
2026-04-20,115941253,1505,0,226.1602491951,218.3074627647,218.3074627647,1.0000000,2,2,0.49994810000000000,0.499948100000,1.4143603653603398,1.4143603653603398,1.4143603653603398,0E-17,ELIGIBLE,R03b_20260811_FULL_v1,L1_ELIGIBILITY,v2026-08-11,2026-03-21..2026-08-06,baccarat_bet02_101_all_pairs_incl_sentinel,round_win = game_pnl > 0 (decisive only),COMPATIBILITY_ONLY_NOT_PRODUCTION,2341.4392,1769.4945,-62.4297,19,18,0.02666294,,0.02666294,0.02666294,62.4297,2341.4392,THIN_EXPOSURE,0.0000,-2.4972,4.0000,96.0000,AG03-UNRESOLVED,ALL5_LEVELS_bet23_to_bet27,-2.4972,-2.4972,-2.4972,-3.1215,-3.1215,4.000000,4.000000,4.000000,5.000000,5.000000,96.000000,96.000000,96.000000,95.000000,95.000000,5.0,-13.7345,-12.5812,-48.6951,-49.8485,PENDING_AG03,FALSE,NOT_FOR_ENFORCEMENT,-59.9325,1698.7148,-62.4297,-59.9325,-2.4972,-0.02666294,-0.02559642,-2.4972,-59.9325,-0.02559642,-2.4972,-2.4972,-2.4972,-3.1215,-3.1215,-59.9325,-0.02559642,-13.7345,-12.5812,-48.6951,-49.8485,-0.02079709,-0.02128967,-0.00106652,123.2336,98.3053,-3.4683,-62.4297,-7.8037,2341.4392,18.0000,,123.2336,84.7447,104.7038,177.3421,203.2301,209.4076,209.4076,104.7038,0.0,2.0,2.0,1.176974,7,8,1,3,0E-8,-0.02666294,,0E-8,0.000000,0.755729,0.000000,,2026-04-20,2026-04-20,1,8,7,1,1.000000,,,0.000000,,,,,,,,GLOBAL_BASELINE_NO_ENTITY_RANKING,,,NOT_APPLICABLE_GLOBAL_BASELINE,HF9g-P5,,,,X 全窗基线 · 不参与实体赏罚,3920862,393,A168_HF9F_20260827_0900,2026-08-27 09:00:00
2026-04-20,115941253,1509,0,79.8366620422,0E-10,0E-10,,1,1,0.49324550000000000,0.493245500000,,,,0E-17,NO_DECISIVE_ROUND,R03b_20260811_FULL_v1,L1_ELIGIBILITY,v2026-08-11,2026-03-21..2026-08-06,baccarat_bet02_101_all_pairs_incl_sentinel,round_win = game_pnl > 0 (decisive only),COMPATIBILITY_ONLY_NOT_PRODUCTION,2341.4392,1769.4945,-62.4297,19,18,0.02666294,,0.02666294,0.02666294,62.4297,2341.4392,THIN_EXPOSURE,0.0000,-2.4972,4.0000,96.0000,AG03-UNRESOLVED,ALL5_LEVELS_bet23_to_bet27,-2.4972,-2.4972,-2.4972,-3.1215,-3.1215,4.000000,4.000000,4.000000,5.000000,5.000000,96.000000,96.000000,96.000000,95.000000,95.000000,5.0,-13.7345,-12.5812,-48.6951,-49.8485,PENDING_AG03,FALSE,NOT_FOR_ENFORCEMENT,-59.9325,1698.7148,-62.4297,-59.9325,-2.4972,-0.02666294,-0.02559642,-2.4972,-59.9325,-0.02559642,-2.4972,-2.4972,-2.4972,-3.1215,-3.1215,-59.9325,-0.02559642,-13.7345,-12.5812,-48.6951,-49.8485,-0.02079709,-0.02128967,-0.00106652,123.2336,98.3053,-3.4683,-62.4297,-7.8037,2341.4392,18.0000,,123.2336,84.7447,104.7038,177.3421,203.2301,209.4076,209.4076,104.7038,0.0,2.0,2.0,1.176974,7,8,1,3,0E-8,-0.02666294,,0E-8,0.000000,0.755729,0.000000,,2026-04-20,2026-04-20,1,8,7,1,1.000000,,,0.000000,,,,,,,,GLOBAL_BASELINE_NO_ENTITY_RANKING,,,NOT_APPLICABLE_GLOBAL_BASELINE,HF9g-P5,,,,X 全窗基线 · 不参与实体赏罚,3920863,393,A168_HF9F_20260827_0900,2026-08-27 09:00:00
2026-04-20,115941253,2108,0,293.4324529487,-99.4686281182,-99.4686281182,0.5000000,2,2,0.49994810000000000,0.499948100000,0.00014679536856514622,0.00014679536856514622,0.00014679536856514622,0E-17,ELIGIBLE,R03b_20260811_FULL_v1,L1_ELIGIBILITY,v2026-08-11,2026-03-21..2026-08-06,baccarat_bet02_101_all_pairs_incl_sentinel,round_win = game_pnl > 0 (decisive only),COMPATIBILITY_ONLY_NOT_PRODUCTION,2341.4392,1769.4945,-62.4297,19,18,0.02666294,,0.02666294,0.02666294,62.4297,2341.4392,THIN_EXPOSURE,0.0000,-2.4972,4.0000,96.0000,AG03-UNRESOLVED,ALL5_LEVELS_bet23_to_bet27,-2.4972,-2.4972,-2.4972,-3.1215,-3.1215,4.000000,4.000000,4.000000,5.000000,5.000000,96.000000,96.000000,96.000000,95.000000,95.000000,5.0,-13.7345,-12.5812,-48.6951,-49.8485,PENDING_AG03,FALSE,NOT_FOR_ENFORCEMENT,-59.9325,1698.7148,-62.4297,-59.9325,-2.4972,-0.02666294,-0.02559642,-2.4972,-59.9325,-0.02559642,-2.4972,-2.4972,-2.4972,-3.1215,-3.1215,-59.9325,-0.02559642,-13.7345,-12.5812,-48.6951,-49.8485,-0.02079709,-0.02128967,-0.00106652,123.2336,98.3053,-3.4683,-62.4297,-7.8037,2341.4392,18.0000,,123.2336,84.7447,104.7038,177.3421,203.2301,209.4076,209.4076,104.7038,0.0,2.0,2.0,1.176974,7,8,1,3,0E-8,-0.02666294,,0E-8,0.000000,0.755729,0.000000,,2026-04-20,2026-04-20,1,8,7,1,1.000000,,,0.000000,,,,,,,,GLOBAL_BASELINE_NO_ENTITY_RANKING,,,NOT_APPLICABLE_GLOBAL_BASELINE,HF9g-P5,,,,X 全窗基线 · 不参与实体赏罚,3920864,393,A168_HF9F_20260827_0900,2026-08-27 09:00:00
2026-04-20,115941253,2201,0,1027.4062246421,-163.7305970736,-163.7305970736,0.4000000,7,6,0.49436606009389492,0.455945483333,-0.42204464360149235,-0.251172659115215,-0.42204464360149235,0.03842057676089492,ELIGIBLE,R03b_20260811_FULL_v1,L1_ELIGIBILITY,v2026-08-11,2026-03-21..2026-08-06,baccarat_bet02_101_all_pairs_incl_sentinel,round_win = game_pnl > 0 (decisive only),COMPATIBILITY_ONLY_NOT_PRODUCTION,2341.4392,1769.4945,-62.4297,19,18,0.02666294,,0.02666294,0.02666294,62.4297,2341.4392,THIN_EXPOSURE,0.0000,-2.4972,4.0000,96.0000,AG03-UNRESOLVED,ALL5_LEVELS_bet23_to_bet27,-2.4972,-2.4972,-2.4972,-3.1215,-3.1215,4.000000,4.000000,4.000000,5.000000,5.000000,96.000000,96.000000,96.000000,95.000000,95.000000,5.0,-13.7345,-12.5812,-48.6951,-49.8485,PENDING_AG03,FALSE,NOT_FOR_ENFORCEMENT,-59.9325,1698.7148,-62.4297,-59.9325,-2.4972,-0.02666294,-0.02559642,-2.4972,-59.9325,-0.02559642,-2.4972,-2.4972,-2.4972,-3.1215,-3.1215,-59.9325,-0.02559642,-13.7345,-12.5812,-48.6951,-49.8485,-0.02079709,-0.02128967,-0.00106652,123.2336,98.3053,-3.4683,-62.4297,-7.8037,2341.4392,18.0000,,123.2336,84.7447,104.7038,177.3421,203.2301,209.4076,209.4076,104.7038,0.0,2.0,2.0,1.176974,7,8,1,3,0E-8,-0.02666294,,0E-8,0.000000,0.755729,0.000000,,2026-04-20,2026-04-20,1,8,7,1,1.000000,,,0.000000,,,,,,,,GLOBAL_BASELINE_NO_ENTITY_RANKING,,,NOT_APPLICABLE_GLOBAL_BASELINE,HF9g-P5,,,,X 全窗基线 · 不参与实体赏罚,3920865,393,A168_HF9F_20260827_0900,2026-08-27 09:00:00
2026-04-20,115941253,2218,0,104.7038190718,99.4686281182,99.4686281182,1.0000000,1,1,0.50665070000000000,0.506650700000,0.9867858985152569,0.9867858985152569,0.9867858985152569,0E-17,ELIGIBLE,R03b_20260811_FULL_v1,L1_ELIGIBILITY,v2026-08-11,2026-03-21..2026-08-06,baccarat_bet02_101_all_pairs_incl_sentinel,round_win = game_pnl > 0 (decisive only),COMPATIBILITY_ONLY_NOT_PRODUCTION,2341.4392,1769.4945,-62.4297,19,18,0.02666294,,0.02666294,0.02666294,62.4297,2341.4392,THIN_EXPOSURE,0.0000,-2.4972,4.0000,96.0000,AG03-UNRESOLVED,ALL5_LEVELS_bet23_to_bet27,-2.4972,-2.4972,-2.4972,-3.1215,-3.1215,4.000000,4.000000,4.000000,5.000000,5.000000,96.000000,96.000000,96.000000,95.000000,95.000000,5.0,-13.7345,-12.5812,-48.6951,-49.8485,PENDING_AG03,FALSE,NOT_FOR_ENFORCEMENT,-59.9325,1698.7148,-62.4297,-59.9325,-2.4972,-0.02666294,-0.02559642,-2.4972,-59.9325,-0.02559642,-2.4972,-2.4972,-2.4972,-3.1215,-3.1215,-59.9325,-0.02559642,-13.7345,-12.5812,-48.6951,-49.8485,-0.02079709,-0.02128967,-0.00106652,123.2336,98.3053,-3.4683,-62.4297,-7.8037,2341.4392,18.0000,,123.2336,84.7447,104.7038,177.3421,203.2301,209.4076,209.4076,104.7038,0.0,2.0,2.0,1.176974,7,8,1,3,0E-8,-0.02666294,,0E-8,0.000000,0.755729,0.000000,,2026-04-20,2026-04-20,1,8,7,1,1.000000,,,0.000000,,,,,,,,GLOBAL_BASELINE_NO_ENTITY_RANKING,,,NOT_APPLICABLE_GLOBAL_BASELINE,HF9g-P5,,,,X 全窗基线 · 不参与实体赏罚,3920866,393,A168_HF9F_20260827_0900,2026-08-27 09:00:00
2026-04-20,115941253,2224,0,99.4686281182,0E-10,0E-10,,1,1,0.50665070000000000,0.506650700000,,,,0E-17,NO_DECISIVE_ROUND,R03b_20260811_FULL_v1,L1_ELIGIBILITY,v2026-08-11,2026-03-21..2026-08-06,baccarat_bet02_101_all_pairs_incl_sentinel,round_win = game_pnl > 0 (decisive only),COMPATIBILITY_ONLY_NOT_PRODUCTION,2341.4392,1769.4945,-62.4297,19,18,0.02666294,,0.02666294,0.02666294,62.4297,2341.4392,THIN_EXPOSURE,0.0000,-2.4972,4.0000,96.0000,AG03-UNRESOLVED,ALL5_LEVELS_bet23_to_bet27,-2.4972,-2.4972,-2.4972,-3.1215,-3.1215,4.000000,4.000000,4.000000,5.000000,5.000000,96.000000,96.000000,96.000000,95.000000,95.000000,5.0,-13.7345,-12.5812,-48.6951,-49.8485,PENDING_AG03,FALSE,NOT_FOR_ENFORCEMENT,-59.9325,1698.7148,-62.4297,-59.9325,-2.4972,-0.02666294,-0.02559642,-2.4972,-59.9325,-0.02559642,-2.4972,-2.4972,-2.4972,-3.1215,-3.1215,-59.9325,-0.02559642,-13.7345,-12.5812,-48.6951,-49.8485,-0.02079709,-0.02128967,-0.00106652,123.2336,98.3053,-3.4683,-62.4297,-7.8037,2341.4392,18.0000,,123.2336,84.7447,104.7038,177.3421,203.2301,209.4076,209.4076,104.7038,0.0,2.0,2.0,1.176974,7,8,1,3,0E-8,-0.02666294,,0E-8,0.000000,0.755729,0.000000,,2026-04-20,2026-04-20,1,8,7,1,1.000000,,,0.000000,,,,,,,,GLOBAL_BASELINE_NO_ENTITY_RANKING,,,NOT_APPLICABLE_GLOBAL_BASELINE,HF9g-P5,,,,X 全窗基线 · 不参与实体赏罚,3920867,393,A168_HF9F_20260827_0900,2026-08-27 09:00:00
2026-04-20,115941253,2254,0,379.5513441353,138.7325602701,138.7325602701,0.7500000,4,4,0.49659680000000000,0.496596800000,1.0136362796769356,1.0136362796769358,1.0136362796769356,0E-17,ELIGIBLE,R03b_20260811_FULL_v1,L1_ELIGIBILITY,v2026-08-11,2026-03-21..2026-08-06,baccarat_bet02_101_all_pairs_incl_sentinel,round_win = game_pnl > 0 (decisive only),COMPATIBILITY_ONLY_NOT_PRODUCTION,2341.4392,1769.4945,-62.4297,19,18,0.02666294,,0.02666294,0.02666294,62.4297,2341.4392,THIN_EXPOSURE,0.0000,-2.4972,4.0000,96.0000,AG03-UNRESOLVED,ALL5_LEVELS_bet23_to_bet27,-2.4972,-2.4972,-2.4972,-3.1215,-3.1215,4.000000,4.000000,4.000000,5.000000,5.000000,96.000000,96.000000,96.000000,95.000000,95.000000,5.0,-13.7345,-12.5812,-48.6951,-49.8485,PENDING_AG03,FALSE,NOT_FOR_ENFORCEMENT,-59.9325,1698.7148,-62.4297,-59.9325,-2.4972,-0.02666294,-0.02559642,-2.4972,-59.9325,-0.02559642,-2.4972,-2.4972,-2.4972,-3.1215,-3.1215,-59.9325,-0.02559642,-13.7345,-12.5812,-48.6951,-49.8485,-0.02079709,-0.02128967,-0.00106652,123.2336,98.3053,-3.4683,-62.4297,-7.8037,2341.4392,18.0000,,123.2336,84.7447,104.7038,177.3421,203.2301,209.4076,209.4076,104.7038,0.0,2.0,2.0,1.176974,7,8,1,3,0E-8,-0.02666294,,0E-8,0.000000,0.755729,0.000000,,2026-04-20,2026-04-20,1,8,7,1,1.000000,,,0.000000,,,,,,,,GLOBAL_BASELINE_NO_ENTITY_RANKING,,,NOT_APPLICABLE_GLOBAL_BASELINE,HF9g-P5,,,,X 全窗基线 · 不参与实体赏罚,3920868,393,A168_HF9F_20260827_0900,2026-08-27 09:00:00
2026-04-20,115941253,986,0,130.8797738398,-130.8797738398,-130.8797738398,0E-7,1,1,0.49324550000000000,0.493245500000,-0.9865810262130424,-0.9865810262130424,-0.9865810262130424,0E-17,ELIGIBLE,R03b_20260811_FULL_v1,L1_ELIGIBILITY,v2026-08-11,2026-03-21..2026-08-06,baccarat_bet02_101_all_pairs_incl_sentinel,round_win = game_pnl > 0 (decisive only),COMPATIBILITY_ONLY_NOT_PRODUCTION,2341.4392,1769.4945,-62.4297,19,18,0.02666294,,0.02666294,0.02666294,62.4297,2341.4392,THIN_EXPOSURE,0.0000,-2.4972,4.0000,96.0000,AG03-UNRESOLVED,ALL5_LEVELS_bet23_to_bet27,-2.4972,-2.4972,-2.4972,-3.1215,-3.1215,4.000000,4.000000,4.000000,5.000000,5.000000,96.000000,96.000000,96.000000,95.000000,95.000000,5.0,-13.7345,-12.5812,-48.6951,-49.8485,PENDING_AG03,FALSE,NOT_FOR_ENFORCEMENT,-59.9325,1698.7148,-62.4297,-59.9325,-2.4972,-0.02666294,-0.02559642,-2.4972,-59.9325,-0.02559642,-2.4972,-2.4972,-2.4972,-3.1215,-3.1215,-59.9325,-0.02559642,-13.7345,-12.5812,-48.6951,-49.8485,-0.02079709,-0.02128967,-0.00106652,123.2336,98.3053,-3.4683,-62.4297,-7.8037,2341.4392,18.0000,,123.2336,84.7447,104.7038,177.3421,203.2301,209.4076,209.4076,104.7038,0.0,2.0,2.0,1.176974,7,8,1,3,0E-8,-0.02666294,,0E-8,0.000000,0.755729,0.000000,,2026-04-20,2026-04-20,1,8,7,1,1.000000,,,0.000000,,,,,,,,GLOBAL_BASELINE_NO_ENTITY_RANKING,,,NOT_APPLICABLE_GLOBAL_BASELINE,HF9g-P5,,,,X 全窗基线 · 不参与实体赏罚,3920869,393,A168_HF9F_20260827_0900,2026-08-27 09:00:00
2026-04-22,148986087,1363,0,174.5625786547,66.3743758370,66.3743758370,0.6000000,18,18,0.50143756666666667,0.501437566667,0.7634644812780985,0.763464481275518,0.7634644812780985,-3.3333E-13,ELIGIBLE,R03b_20260811_FULL_v1,L1_ELIGIBILITY,v2026-08-11,2026-03-21..2026-08-06,baccarat_bet02_101_all_pairs_incl_sentinel,round_win = game_pnl > 0 (decisive only),COMPATIBILITY_ONLY_NOT_PRODUCTION,178.5089,154.1513,-62.4280,19,19,0.34971950,,0.34971950,0.34971950,62.4280,178.5089,THIN_EXPOSURE,0.0000,-2.4971,4.0000,96.0000,AG03-UNRESOLVED,ALL5_LEVELS_bet23_to_bet27,-2.4971,-2.4971,-3.1214,-3.7457,-3.7457,4.000000,4.000000,5.000000,6.000000,6.000000,96.000000,96.000000,95.000000,94.000000,94.000000,5.0,-15.6070,-14.1331,-46.8210,-48.2949,PENDING_AG03,FALSE,NOT_FOR_ENFORCEMENT,-59.9309,147.9853,-62.4280,-59.9309,-2.4971,-0.34971950,-0.33573072,-2.4971,-59.9309,-0.33573072,-2.4971,-2.4971,-3.1214,-3.7457,-3.7457,-59.9309,-0.33573072,-15.6070,-14.1331,-46.8210,-48.2949,-0.26228962,-0.27054632,-0.01398878,9.3952,8.1132,-3.2857,-31.2140,-31.2140,89.2545,9.5000,,9.3952,8.1192,8.1192,12.1788,16.2384,16.2384,16.2384,8.1192,0.0,2.0,2.0,1.157161,2,2,2,2,0E-8,-0.34971950,,0E-8,0.000000,0.863550,0.000000,,2026-04-22,2026-05-10,2,2,2,19,0.105263,,,0.000000,,,,,,,,GLOBAL_BASELINE_NO_ENTITY_RANKING,,,NOT_APPLICABLE_GLOBAL_BASELINE,HF9g-P5,,,,X 全窗基线 · 不参与实体赏罚,3920870,393,A168_HF9F_20260827_0900,2026-08-27 09:00:00
2026-05-10,148986087,2233,0,3.9463299132,-3.9463299132,-3.9463299132,0E-7,1,1,0.50665070000000000,0.506650700000,-1.013391052207602,-1.013391052207602,-1.013391052207602,0E-17,ELIGIBLE,R03b_20260811_FULL_v1,L1_ELIGIBILITY,v2026-08-11,2026-03-21..2026-08-06,baccarat_bet02_101_all_pairs_incl_sentinel,round_win = game_pnl > 0 (decisive only),COMPATIBILITY_ONLY_NOT_PRODUCTION,178.5089,154.1513,-62.4280,19,19,0.34971950,,0.34971950,0.34971950,62.4280,178.5089,THIN_EXPOSURE,0.0000,-2.4971,4.0000,96.0000,AG03-UNRESOLVED,ALL5_LEVELS_bet23_to_bet27,-2.4971,-2.4971,-3.1214,-3.7457,-3.7457,4.000000,4.000000,5.000000,6.000000,6.000000,96.000000,96.000000,95.000000,94.000000,94.000000,5.0,-15.6070,-14.1331,-46.8210,-48.2949,PENDING_AG03,FALSE,NOT_FOR_ENFORCEMENT,-59.9309,147.9853,-62.4280,-59.9309,-2.4971,-0.34971950,-0.33573072,-2.4971,-59.9309,-0.33573072,-2.4971,-2.4971,-3.1214,-3.7457,-3.7457,-59.9309,-0.33573072,-15.6070,-14.1331,-46.8210,-48.2949,-0.26228962,-0.27054632,-0.01398878,9.3952,8.1132,-3.2857,-31.2140,-31.2140,89.2545,9.5000,,9.3952,8.1192,8.1192,12.1788,16.2384,16.2384,16.2384,8.1192,0.0,2.0,2.0,1.157161,2,2,2,2,0E-8,-0.34971950,,0E-8,0.000000,0.863550,0.000000,,2026-04-22,2026-05-10,2,2,2,19,0.105263,,,0.000000,,,,,,,,GLOBAL_BASELINE_NO_ENTITY_RANKING,,,NOT_APPLICABLE_GLOBAL_BASELINE,HF9g-P5,,,,X 全窗基线 · 不参与实体赏罚,3920871,393,A168_HF9F_20260827_0900,2026-08-27 09:00:00
2026-07-25,153436476,1205,0,51.6355562440,51.6355562440,51.6355562440,1.0000000,1,1,0.49324550000000000,0.493245500000,1.01360149184955,1.01360149184955,1.01360149184955,0E-17,ELIGIBLE,R03b_20260811_FULL_v1,L1_ELIGIBILITY,v2026-08-11,2026-03-21..2026-08-06,baccarat_bet02_101_all_pairs_incl_sentinel,round_win = game_pnl > 0 (decisive only),COMPATIBILITY_ONLY_NOT_PRODUCTION,21502.3365,18825.0329,-62.4274,371,242,0.00290328,0.00290328,,0.00290328,62.4274,21502.3365,OK,0.0000,-2.4971,4.0000,96.0000,AG03-UNRESOLVED,ALL5_LEVELS_bet23_to_bet27,-2.4971,-2.4971,-3.1214,-3.1214,-3.1214,4.000000,4.000000,5.000000,5.000000,5.000000,96.000000,96.000000,95.000000,95.000000,95.000000,5.0,-14.3583,-13.1,-48.0691,-49.3274,PENDING_AG03,FALSE,NOT_FOR_ENFORCEMENT,-59.9303,18072.0316,-62.4274,-59.9303,-2.4971,-0.00290328,-0.00278715,-2.4971,-59.9303,-0.00278715,-2.4971,-2.4971,-3.1214,-3.1214,-3.1214,-59.9303,-0.00278715,-14.3583,-13.1,-48.0691,-49.3274,-0.00223553,-0.00229405,-0.00011613,57.9578,77.7894,-0.2580,-15.6068,-0.9459,5375.5841,60.5000,57.9578,,12.9089,38.7267,77.4533,129.0889,195.6986,258.1778,25.8178,-5.1636,5.053329,6.666667,1.496586,17,60,5,7,1.00000000,-0.00290328,-0.00290328,0E-8,0.000000,0.875488,0.000000,,2026-07-25,2026-07-30,4,66,39,6,0.666667,,1.000000,3.333333,,,,,,,,GLOBAL_BASELINE_NO_ENTITY_RANKING,,,NOT_APPLICABLE_GLOBAL_BASELINE,HF9g-P5,,,,X 全窗基线 · 不参与实体赏罚,3920872,393,A168_HF9F_20260827_0900,2026-08-27 09:00:00
2026-07-25,153436476,1306,0,130.6379572974,-52.1519118064,-52.1519118064,0.5000000,2,2,0.49994810000000000,0.499948100000,0.00014679536856514622,0.00014679536856514622,0.00014679536856514622,0E-17,ELIGIBLE,R03b_20260811_FULL_v1,L1_ELIGIBILITY,v2026-08-11,2026-03-21..2026-08-06,baccarat_bet02_101_all_pairs_incl_sentinel,round_win = game_pnl > 0 (decisive only),COMPATIBILITY_ONLY_NOT_PRODUCTION,21502.3365,18825.0329,-62.4274,371,242,0.00290328,0.00290328,,0.00290328,62.4274,21502.3365,OK,0.0000,-2.4971,4.0000,96.0000,AG03-UNRESOLVED,ALL5_LEVELS_bet23_to_bet27,-2.4971,-2.4971,-3.1214,-3.1214,-3.1214,4.000000,4.000000,5.000000,5.000000,5.000000,96.000000,96.000000,95.000000,95.000000,95.000000,5.0,-14.3583,-13.1,-48.0691,-49.3274,PENDING_AG03,FALSE,NOT_FOR_ENFORCEMENT,-59.9303,18072.0316,-62.4274,-59.9303,-2.4971,-0.00290328,-0.00278715,-2.4971,-59.9303,-0.00278715,-2.4971,-2.4971,-3.1214,-3.1214,-3.1214,-59.9303,-0.00278715,-14.3583,-13.1,-48.0691,-49.3274,-0.00223553,-0.00229405,-0.00011613,57.9578,77.7894,-0.2580,-15.6068,-0.9459,5375.5841,60.5000,57.9578,,12.9089,38.7267,77.4533,129.0889,195.6986,258.1778,25.8178,-5.1636,5.053329,6.666667,1.496586,17,60,5,7,1.00000000,-0.00290328,-0.00290328,0E-8,0.000000,0.875488,0.000000,,2026-07-25,2026-07-30,4,66,39,6,0.666667,,1.000000,3.333333,,,,,,,,GLOBAL_BASELINE_NO_ENTITY_RANKING,,,NOT_APPLICABLE_GLOBAL_BASELINE,HF9g-P5,,,,X 全窗基线 · 不参与实体赏罚,3920873,393,A168_HF9F_20260827_0900,2026-08-27 09:00:00
2026-07-25,153436476,1330,0,480.2106730692,170.7846022771,170.7846022771,0.7142857,15,8,0.45488604418536325,0.358319343750,1.378235660070326,1.9640990688169753,1.378235660070326,0.09656670043536325,ELIGIBLE,R03b_20260811_FULL_v1,L1_ELIGIBILITY,v2026-08-11,2026-03-21..2026-08-06,baccarat_bet02_101_all_pairs_incl_sentinel,round_win = game_pnl > 0 (decisive only),COMPATIBILITY_ONLY_NOT_PRODUCTION,21502.3365,18825.0329,-62.4274,371,242,0.00290328,0.00290328,,0.00290328,62.4274,21502.3365,OK,0.0000,-2.4971,4.0000,96.0000,AG03-UNRESOLVED,ALL5_LEVELS_bet23_to_bet27,-2.4971,-2.4971,-3.1214,-3.1214,-3.1214,4.000000,4.000000,5.000000,5.000000,5.000000,96.000000,96.000000,95.000000,95.000000,95.000000,5.0,-14.3583,-13.1,-48.0691,-49.3274,PENDING_AG03,FALSE,NOT_FOR_ENFORCEMENT,-59.9303,18072.0316,-62.4274,-59.9303,-2.4971,-0.00290328,-0.00278715,-2.4971,-59.9303,-0.00278715,-2.4971,-2.4971,-3.1214,-3.1214,-3.1214,-59.9303,-0.00278715,-14.3583,-13.1,-48.0691,-49.3274,-0.00223553,-0.00229405,-0.00011613,57.9578,77.7894,-0.2580,-15.6068,-0.9459,5375.5841,60.5000,57.9578,,12.9089,38.7267,77.4533,129.0889,195.6986,258.1778,25.8178,-5.1636,5.053329,6.666667,1.496586,17,60,5,7,1.00000000,-0.00290328,-0.00290328,0E-8,0.000000,0.875488,0.000000,,2026-07-25,2026-07-30,4,66,39,6,0.666667,,1.000000,3.333333,,,,,,,,GLOBAL_BASELINE_NO_ENTITY_RANKING,,,NOT_APPLICABLE_GLOBAL_BASELINE,HF9g-P5,,,,X 全窗基线 · 不参与实体赏罚,3920874,393,A168_HF9F_20260827_0900,2026-08-27 09:00:00
2026-07-25,153436476,1374,0,77.4533343660,-51.6355562440,-51.6355562440,0E-7,2,2,0.49994810000000000,0.499948100000,-0.9998962053866608,-0.9998962053866608,-0.9998962053866608,0E-17,ELIGIBLE,R03b_20260811_FULL_v1,L1_ELIGIBILITY,v2026-08-11,2026-03-21..2026-08-06,baccarat_bet02_101_all_pairs_incl_sentinel,round_win = game_pnl > 0 (decisive only),COMPATIBILITY_ONLY_NOT_PRODUCTION,21502.3365,18825.0329,-62.4274,371,242,0.00290328,0.00290328,,0.00290328,62.4274,21502.3365,OK,0.0000,-2.4971,4.0000,96.0000,AG03-UNRESOLVED,ALL5_LEVELS_bet23_to_bet27,-2.4971,-2.4971,-3.1214,-3.1214,-3.1214,4.000000,4.000000,5.000000,5.000000,5.000000,96.000000,96.000000,95.000000,95.000000,95.000000,5.0,-14.3583,-13.1,-48.0691,-49.3274,PENDING_AG03,FALSE,NOT_FOR_ENFORCEMENT,-59.9303,18072.0316,-62.4274,-59.9303,-2.4971,-0.00290328,-0.00278715,-2.4971,-59.9303,-0.00278715,-2.4971,-2.4971,-3.1214,-3.1214,-3.1214,-59.9303,-0.00278715,-14.3583,-13.1,-48.0691,-49.3274,-0.00223553,-0.00229405,-0.00011613,57.9578,77.7894,-0.2580,-15.6068,-0.9459,5375.5841,60.5000,57.9578,,12.9089,38.7267,77.4533,129.0889,195.6986,258.1778,25.8178,-5.1636,5.053329,6.666667,1.496586,17,60,5,7,1.00000000,-0.00290328,-0.00290328,0E-8,0.000000,0.875488,0.000000,,2026-07-25,2026-07-30,4,66,39,6,0.666667,,1.000000,3.333333,,,,,,,,GLOBAL_BASELINE_NO_ENTITY_RANKING,,,NOT_APPLICABLE_GLOBAL_BASELINE,HF9g-P5,,,,X 全窗基线 · 不参与实体赏罚,3920875,393,A168_HF9F_20260827_0900,2026-08-27 09:00:00
2026-07-25,153436476,1383,0,503.4466733790,-144.5795574832,-144.5795574832,0.3000000,14,10,0.48080799500000000,0.445436110000,-1.1443734986539391,-0.925345134430917,-1.1443734986539391,0.03537188500000000,ELIGIBLE,R03b_20260811_FULL_v1,L1_ELIGIBILITY,v2026-08-11,2026-03-21..2026-08-06,baccarat_bet02_101_all_pairs_incl_sentinel,round_win = game_pnl > 0 (decisive only),COMPATIBILITY_ONLY_NOT_PRODUCTION,21502.3365,18825.0329,-62.4274,371,242,0.00290328,0.00290328,,0.00290328,62.4274,21502.3365,OK,0.0000,-2.4971,4.0000,96.0000,AG03-UNRESOLVED,ALL5_LEVELS_bet23_to_bet27,-2.4971,-2.4971,-3.1214,-3.1214,-3.1214,4.000000,4.000000,5.000000,5.000000,5.000000,96.000000,96.000000,95.000000,95.000000,95.000000,5.0,-14.3583,-13.1,-48.0691,-49.3274,PENDING_AG03,FALSE,NOT_FOR_ENFORCEMENT,-59.9303,18072.0316,-62.4274,-59.9303,-2.4971,-0.00290328,-0.00278715,-2.4971,-59.9303,-0.00278715,-2.4971,-2.4971,-3.1214,-3.1214,-3.1214,-59.9303,-0.00278715,-14.3583,-13.1,-48.0691,-49.3274,-0.00223553,-0.00229405,-0.00011613,57.9578,77.7894,-0.2580,-15.6068,-0.9459,5375.5841,60.5000,57.9578,,12.9089,38.7267,77.4533,129.0889,195.6986,258.1778,25.8178,-5.1636,5.053329,6.666667,1.496586,17,60,5,7,1.00000000,-0.00290328,-0.00290328,0E-8,0.000000,0.875488,0.000000,,2026-07-25,2026-07-30,4,66,39,6,0.666667,,1.000000,3.333333,,,,,,,,GLOBAL_BASELINE_NO_ENTITY_RANKING,,,NOT_APPLICABLE_GLOBAL_BASELINE,HF9g-P5,,,,X 全窗基线 · 不参与实体赏罚,3920876,393,A168_HF9F_20260827_0900,2026-08-27 09:00:00
2026-07-25,153436476,1384,0,333.8238711175,-3.7823044948,-3.7823044948,0.5000000,7,6,0.49047573448275862,0.465610775000,0.04666764874952349,0.16887200369595734,0.04666764874952349,0.02486495948275862,ELIGIBLE,R03b_20260811_FULL_v1,L1_ELIGIBILITY,v2026-08-11,2026-03-21..2026-08-06,baccarat_bet02_101_all_pairs_incl_sentinel,round_win = game_pnl > 0 (decisive only),COMPATIBILITY_ONLY_NOT_PRODUCTION,21502.3365,18825.0329,-62.4274,371,242,0.00290328,0.00290328,,0.00290328,62.4274,21502.3365,OK,0.0000,-2.4971,4.0000,96.0000,AG03-UNRESOLVED,ALL5_LEVELS_bet23_to_bet27,-2.4971,-2.4971,-3.1214,-3.1214,-3.1214,4.000000,4.000000,5.000000,5.000000,5.000000,96.000000,96.000000,95.000000,95.000000,95.000000,5.0,-14.3583,-13.1,-48.0691,-49.3274,PENDING_AG03,FALSE,NOT_FOR_ENFORCEMENT,-59.9303,18072.0316,-62.4274,-59.9303,-2.4971,-0.00290328,-0.00278715,-2.4971,-59.9303,-0.00278715,-2.4971,-2.4971,-3.1214,-3.1214,-3.1214,-59.9303,-0.00278715,-14.3583,-13.1,-48.0691,-49.3274,-0.00223553,-0.00229405,-0.00011613,57.9578,77.7894,-0.2580,-15.6068,-0.9459,5375.5841,60.5000,57.9578,,12.9089,38.7267,77.4533,129.0889,195.6986,258.1778,25.8178,-5.1636,5.053329,6.666667,1.496586,17,60,5,7,1.00000000,-0.00290328,-0.00290328,0E-8,0.000000,0.875488,0.000000,,2026-07-25,2026-07-30,4,66,39,6,0.666667,,1.000000,3.333333,,,,,,,,GLOBAL_BASELINE_NO_ENTITY_RANKING,,,NOT_APPLICABLE_GLOBAL_BASELINE,HF9g-P5,,,,X 全窗基线 · 不参与实体赏罚,3920877,393,A168_HF9F_20260827_0900,2026-08-27 09:00:00
2026-07-25,153436476,1399,0,129.0888906101,-129.0888906101,-129.0888906101,0E-7,4,1,0.36967180000009573,0.184311250000,-0.7658166290413838,-0.47535020548684115,-0.7658166290413838,0.18536055000009573,ELIGIBLE,R03b_20260811_FULL_v1,L1_ELIGIBILITY,v2026-08-11,2026-03-21..2026-08-06,baccarat_bet02_101_all_pairs_incl_sentinel,round_win = game_pnl > 0 (decisive only),COMPATIBILITY_ONLY_NOT_PRODUCTION,21502.3365,18825.0329,-62.4274,371,242,0.00290328,0.00290328,,0.00290328,62.4274,21502.3365,OK,0.0000,-2.4971,4.0000,96.0000,AG03-UNRESOLVED,ALL5_LEVELS_bet23_to_bet27,-2.4971,-2.4971,-3.1214,-3.1214,-3.1214,4.000000,4.000000,5.000000,5.000000,5.000000,96.000000,96.000000,95.000000,95.000000,95.000000,5.0,-14.3583,-13.1,-48.0691,-49.3274,PENDING_AG03,FALSE,NOT_FOR_ENFORCEMENT,-59.9303,18072.0316,-62.4274,-59.9303,-2.4971,-0.00290328,-0.00278715,-2.4971,-59.9303,-0.00278715,-2.4971,-2.4971,-3.1214,-3.1214,-3.1214,-59.9303,-0.00278715,-14.3583,-13.1,-48.0691,-49.3274,-0.00223553,-0.00229405,-0.00011613,57.9578,77.7894,-0.2580,-15.6068,-0.9459,5375.5841,60.5000,57.9578,,12.9089,38.7267,77.4533,129.0889,195.6986,258.1778,25.8178,-5.1636,5.053329,6.666667,1.496586,17,60,5,7,1.00000000,-0.00290328,-0.00290328,0E-8,0.000000,0.875488,0.000000,,2026-07-25,2026-07-30,4,66,39,6,0.666667,,1.000000,3.333333,,,,,,,,GLOBAL_BASELINE_NO_ENTITY_RANKING,,,NOT_APPLICABLE_GLOBAL_BASELINE,HF9g-P5,,,,X 全窗基线 · 不参与实体赏罚,3920878,393,A168_HF9F_20260827_0900,2026-08-27 09:00:00
2026-07-25,153436476,1485,0,430.6405390751,24.5268892159,24.5268892159,0.5000000,14,8,0.47970462125000772,0.420201062500,0.09950865364808616,0.3960093622282218,0.09950865364808616,0.05950355875000772,ELIGIBLE,R03b_20260811_FULL_v1,L1_ELIGIBILITY,v2026-08-11,2026-03-21..2026-08-06,baccarat_bet02_101_all_pairs_incl_sentinel,round_win = game_pnl > 0 (decisive only),COMPATIBILITY_ONLY_NOT_PRODUCTION,21502.3365,18825.0329,-62.4274,371,242,0.00290328,0.00290328,,0.00290328,62.4274,21502.3365,OK,0.0000,-2.4971,4.0000,96.0000,AG03-UNRESOLVED,ALL5_LEVELS_bet23_to_bet27,-2.4971,-2.4971,-3.1214,-3.1214,-3.1214,4.000000,4.000000,5.000000,5.000000,5.000000,96.000000,96.000000,95.000000,95.000000,95.000000,5.0,-14.3583,-13.1,-48.0691,-49.3274,PENDING_AG03,FALSE,NOT_FOR_ENFORCEMENT,-59.9303,18072.0316,-62.4274,-59.9303,-2.4971,-0.00290328,-0.00278715,-2.4971,-59.9303,-0.00278715,-2.4971,-2.4971,-3.1214,-3.1214,-3.1214,-59.9303,-0.00278715,-14.3583,-13.1,-48.0691,-49.3274,-0.00223553,-0.00229405,-0.00011613,57.9578,77.7894,-0.2580,-15.6068,-0.9459,5375.5841,60.5000,57.9578,,12.9089,38.7267,77.4533,129.0889,195.6986,258.1778,25.8178,-5.1636,5.053329,6.666667,1.496586,17,60,5,7,1.00000000,-0.00290328,-0.00290328,0E-8,0.000000,0.875488,0.000000,,2026-07-25,2026-07-30,4,66,39,6,0.666667,,1.000000,3.333333,,,,,,,,GLOBAL_BASELINE_NO_ENTITY_RANKING,,,NOT_APPLICABLE_GLOBAL_BASELINE,HF9g-P5,,,,X 全窗基线 · 不参与实体赏罚,3920879,393,A168_HF9F_20260827_0900,2026-08-27 09:00:00
2026-07-25,153436476,1680,0,25.8177781220,0E-10,0E-10,,1,1,0.49324550000000000,0.493245500000,,,,0E-17,NO_DECISIVE_ROUND,R03b_20260811_FULL_v1,L1_ELIGIBILITY,v2026-08-11,2026-03-21..2026-08-06,baccarat_bet02_101_all_pairs_incl_sentinel,round_win = game_pnl > 0 (decisive only),COMPATIBILITY_ONLY_NOT_PRODUCTION,21502.3365,18825.0329,-62.4274,371,242,0.00290328,0.00290328,,0.00290328,62.4274,21502.3365,OK,0.0000,-2.4971,4.0000,96.0000,AG03-UNRESOLVED,ALL5_LEVELS_bet23_to_bet27,-2.4971,-2.4971,-3.1214,-3.1214,-3.1214,4.000000,4.000000,5.000000,5.000000,5.000000,96.000000,96.000000,95.000000,95.000000,95.000000,5.0,-14.3583,-13.1,-48.0691,-49.3274,PENDING_AG03,FALSE,NOT_FOR_ENFORCEMENT,-59.9303,18072.0316,-62.4274,-59.9303,-2.4971,-0.00290328,-0.00278715,-2.4971,-59.9303,-0.00278715,-2.4971,-2.4971,-3.1214,-3.1214,-3.1214,-59.9303,-0.00278715,-14.3583,-13.1,-48.0691,-49.3274,-0.00223553,-0.00229405,-0.00011613,57.9578,77.7894,-0.2580,-15.6068,-0.9459,5375.5841,60.5000,57.9578,,12.9089,38.7267,77.4533,129.0889,195.6986,258.1778,25.8178,-5.1636,5.053329,6.666667,1.496586,17,60,5,7,1.00000000,-0.00290328,-0.00290328,0E-8,0.000000,0.875488,0.000000,,2026-07-25,2026-07-30,4,66,39,6,0.666667,,1.000000,3.333333,,,,,,,,GLOBAL_BASELINE_NO_ENTITY_RANKING,,,NOT_APPLICABLE_GLOBAL_BASELINE,HF9g-P5,,,,X 全窗基线 · 不参与实体赏罚,3920880,393,A168_HF9F_20260827_0900,2026-08-27 09:00:00
2026-07-25,153436476,1947,0,129.0888906100,-25.8177781220,-25.8177781220,0.5000000,2,2,0.49994810000000000,0.499948100000,0.00014679536856514622,0.00014679536856514622,0.00014679536856514622,0E-17,ELIGIBLE,R03b_20260811_FULL_v1,L1_ELIGIBILITY,v2026-08-11,2026-03-21..2026-08-06,baccarat_bet02_101_all_pairs_incl_sentinel,round_win = game_pnl > 0 (decisive only),COMPATIBILITY_ONLY_NOT_PRODUCTION,21502.3365,18825.0329,-62.4274,371,242,0.00290328,0.00290328,,0.00290328,62.4274,21502.3365,OK,0.0000,-2.4971,4.0000,96.0000,AG03-UNRESOLVED,ALL5_LEVELS_bet23_to_bet27,-2.4971,-2.4971,-3.1214,-3.1214,-3.1214,4.000000,4.000000,5.000000,5.000000,5.000000,96.000000,96.000000,95.000000,95.000000,95.000000,5.0,-14.3583,-13.1,-48.0691,-49.3274,PENDING_AG03,FALSE,NOT_FOR_ENFORCEMENT,-59.9303,18072.0316,-62.4274,-59.9303,-2.4971,-0.00290328,-0.00278715,-2.4971,-59.9303,-0.00278715,-2.4971,-2.4971,-3.1214,-3.1214,-3.1214,-59.9303,-0.00278715,-14.3583,-13.1,-48.0691,-49.3274,-0.00223553,-0.00229405,-0.00011613,57.9578,77.7894,-0.2580,-15.6068,-0.9459,5375.5841,60.5000,57.9578,,12.9089,38.7267,77.4533,129.0889,195.6986,258.1778,25.8178,-5.1636,5.053329,6.666667,1.496586,17,60,5,7,1.00000000,-0.00290328,-0.00290328,0E-8,0.000000,0.875488,0.000000,,2026-07-25,2026-07-30,4,66,39,6,0.666667,,1.000000,3.333333,,,,,,,,GLOBAL_BASELINE_NO_ENTITY_RANKING,,,NOT_APPLICABLE_GLOBAL_BASELINE,HF9g-P5,,,,X 全窗基线 · 不参与实体赏罚,3920881,393,A168_HF9F_20260827_0900,2026-08-27 09:00:00
2026-07-25,153436476,2073,0,412.5680943896,28.1413781530,28.1413781530,0.6666667,9,6,0.49023924888888889,0.451251808333,0.8644790378283913,1.060364677282882,0.8644790378283913,0.03898744055588889,ELIGIBLE,R03b_20260811_FULL_v1,L1_ELIGIBILITY,v2026-08-11,2026-03-21..2026-08-06,baccarat_bet02_101_all_pairs_incl_sentinel,round_win = game_pnl > 0 (decisive only),COMPATIBILITY_ONLY_NOT_PRODUCTION,21502.3365,18825.0329,-62.4274,371,242,0.00290328,0.00290328,,0.00290328,62.4274,21502.3365,OK,0.0000,-2.4971,4.0000,96.0000,AG03-UNRESOLVED,ALL5_LEVELS_bet23_to_bet27,-2.4971,-2.4971,-3.1214,-3.1214,-3.1214,4.000000,4.000000,5.000000,5.000000,5.000000,96.000000,96.000000,95.000000,95.000000,95.000000,5.0,-14.3583,-13.1,-48.0691,-49.3274,PENDING_AG03,FALSE,NOT_FOR_ENFORCEMENT,-59.9303,18072.0316,-62.4274,-59.9303,-2.4971,-0.00290328,-0.00278715,-2.4971,-59.9303,-0.00278715,-2.4971,-2.4971,-3.1214,-3.1214,-3.1214,-59.9303,-0.00278715,-14.3583,-13.1,-48.0691,-49.3274,-0.00223553,-0.00229405,-0.00011613,57.9578,77.7894,-0.2580,-15.6068,-0.9459,5375.5841,60.5000,57.9578,,12.9089,38.7267,77.4533,129.0889,195.6986,258.1778,25.8178,-5.1636,5.053329,6.666667,1.496586,17,60,5,7,1.00000000,-0.00290328,-0.00290328,0E-8,0.000000,0.875488,0.000000,,2026-07-25,2026-07-30,4,66,39,6,0.666667,,1.000000,3.333333,,,,,,,,GLOBAL_BASELINE_NO_ENTITY_RANKING,,,NOT_APPLICABLE_GLOBAL_BASELINE,HF9g-P5,,,,X 全窗基线 · 不参与实体赏罚,3920882,393,A168_HF9F_20260827_0900,2026-08-27 09:00:00
2026-07-25,153436476,2129,0,657.8369865487,169.2355355898,169.2355355898,0.6666667,18,11,0.47588095033404096,0.418489762121,1.1460484527886132,1.509251153899933,1.1460484527886132,0.05739118821304096,ELIGIBLE,R03b_20260811_FULL_v1,L1_ELIGIBILITY,v2026-08-11,2026-03-21..2026-08-06,baccarat_bet02_101_all_pairs_incl_sentinel,round_win = game_pnl > 0 (decisive only),COMPATIBILITY_ONLY_NOT_PRODUCTION,21502.3365,18825.0329,-62.4274,371,242,0.00290328,0.00290328,,0.00290328,62.4274,21502.3365,OK,0.0000,-2.4971,4.0000,96.0000,AG03-UNRESOLVED,ALL5_LEVELS_bet23_to_bet27,-2.4971,-2.4971,-3.1214,-3.1214,-3.1214,4.000000,4.000000,5.000000,5.000000,5.000000,96.000000,96.000000,95.000000,95.000000,95.000000,5.0,-14.3583,-13.1,-48.0691,-49.3274,PENDING_AG03,FALSE,NOT_FOR_ENFORCEMENT,-59.9303,18072.0316,-62.4274,-59.9303,-2.4971,-0.00290328,-0.00278715,-2.4971,-59.9303,-0.00278715,-2.4971,-2.4971,-3.1214,-3.1214,-3.1214,-59.9303,-0.00278715,-14.3583,-13.1,-48.0691,-49.3274,-0.00223553,-0.00229405,-0.00011613,57.9578,77.7894,-0.2580,-15.6068,-0.9459,5375.5841,60.5000,57.9578,,12.9089,38.7267,77.4533,129.0889,195.6986,258.1778,25.8178,-5.1636,5.053329,6.666667,1.496586,17,60,5,7,1.00000000,-0.00290328,-0.00290328,0E-8,0.000000,0.875488,0.000000,,2026-07-25,2026-07-30,4,66,39,6,0.666667,,1.000000,3.333333,,,,,,,,GLOBAL_BASELINE_NO_ENTITY_RANKING,,,NOT_APPLICABLE_GLOBAL_BASELINE,HF9g-P5,,,,X 全窗基线 · 不参与实体赏罚,3920883,393,A168_HF9F_20260827_0900,2026-08-27 09:00:00
2026-07-25,153436476,2130,0,141.9977796710,12.9088890610,12.9088890610,0.3333333,3,3,0.50218230000000000,0.502182300000,-0.5849155494134425,-0.5849155494134426,-0.5849155494134425,0E-17,ELIGIBLE,R03b_20260811_FULL_v1,L1_ELIGIBILITY,v2026-08-11,2026-03-21..2026-08-06,baccarat_bet02_101_all_pairs_incl_sentinel,round_win = game_pnl > 0 (decisive only),COMPATIBILITY_ONLY_NOT_PRODUCTION,21502.3365,18825.0329,-62.4274,371,242,0.00290328,0.00290328,,0.00290328,62.4274,21502.3365,OK,0.0000,-2.4971,4.0000,96.0000,AG03-UNRESOLVED,ALL5_LEVELS_bet23_to_bet27,-2.4971,-2.4971,-3.1214,-3.1214,-3.1214,4.000000,4.000000,5.000000,5.000000,5.000000,96.000000,96.000000,95.000000,95.000000,95.000000,5.0,-14.3583,-13.1,-48.0691,-49.3274,PENDING_AG03,FALSE,NOT_FOR_ENFORCEMENT,-59.9303,18072.0316,-62.4274,-59.9303,-2.4971,-0.00290328,-0.00278715,-2.4971,-59.9303,-0.00278715,-2.4971,-2.4971,-3.1214,-3.1214,-3.1214,-59.9303,-0.00278715,-14.3583,-13.1,-48.0691,-49.3274,-0.00223553,-0.00229405,-0.00011613,57.9578,77.7894,-0.2580,-15.6068,-0.9459,5375.5841,60.5000,57.9578,,12.9089,38.7267,77.4533,129.0889,195.6986,258.1778,25.8178,-5.1636,5.053329,6.666667,1.496586,17,60,5,7,1.00000000,-0.00290328,-0.00290328,0E-8,0.000000,0.875488,0.000000,,2026-07-25,2026-07-30,4,66,39,6,0.666667,,1.000000,3.333333,,,,,,,,GLOBAL_BASELINE_NO_ENTITY_RANKING,,,NOT_APPLICABLE_GLOBAL_BASELINE,HF9g-P5,,,,X 全窗基线 · 不参与实体赏罚,3920884,393,A168_HF9F_20260827_0900,2026-08-27 09:00:00
2026-07-25,153436476,2160,0,103.2711124880,-51.6355562440,-51.6355562440,0E-7,2,2,0.50665070000000000,0.506650700000,-1.013391052207602,-1.013391052207602,-1.013391052207602,0E-17,ELIGIBLE,R03b_20260811_FULL_v1,L1_ELIGIBILITY,v2026-08-11,2026-03-21..2026-08-06,baccarat_bet02_101_all_pairs_incl_sentinel,round_win = game_pnl > 0 (decisive only),COMPATIBILITY_ONLY_NOT_PRODUCTION,21502.3365,18825.0329,-62.4274,371,242,0.00290328,0.00290328,,0.00290328,62.4274,21502.3365,OK,0.0000,-2.4971,4.0000,96.0000,AG03-UNRESOLVED,ALL5_LEVELS_bet23_to_bet27,-2.4971,-2.4971,-3.1214,-3.1214,-3.1214,4.000000,4.000000,5.000000,5.000000,5.000000,96.000000,96.000000,95.000000,95.000000,95.000000,5.0,-14.3583,-13.1,-48.0691,-49.3274,PENDING_AG03,FALSE,NOT_FOR_ENFORCEMENT,-59.9303,18072.0316,-62.4274,-59.9303,-2.4971,-0.00290328,-0.00278715,-2.4971,-59.9303,-0.00278715,-2.4971,-2.4971,-3.1214,-3.1214,-3.1214,-59.9303,-0.00278715,-14.3583,-13.1,-48.0691,-49.3274,-0.00223553,-0.00229405,-0.00011613,57.9578,77.7894,-0.2580,-15.6068,-0.9459,5375.5841,60.5000,57.9578,,12.9089,38.7267,77.4533,129.0889,195.6986,258.1778,25.8178,-5.1636,5.053329,6.666667,1.496586,17,60,5,7,1.00000000,-0.00290328,-0.00290328,0E-8,0.000000,0.875488,0.000000,,2026-07-25,2026-07-30,4,66,39,6,0.666667,,1.000000,3.333333,,,,,,,,GLOBAL_BASELINE_NO_ENTITY_RANKING,,,NOT_APPLICABLE_GLOBAL_BASELINE,HF9g-P5,,,,X 全窗基线 · 不参与实体赏罚,3920885,393,A168_HF9F_20260827_0900,2026-08-27 09:00:00
2026-07-25,153436476,2174,0,475.8216507885,-24.9528825548,-24.9528825548,0.6153846,15,15,0.49860758000000000,0.498607580000,0.8420944431198975,0.8420944431198973,0.8420944431198975,0E-17,ELIGIBLE,R03b_20260811_FULL_v1,L1_ELIGIBILITY,v2026-08-11,2026-03-21..2026-08-06,baccarat_bet02_101_all_pairs_incl_sentinel,round_win = game_pnl > 0 (decisive only),COMPATIBILITY_ONLY_NOT_PRODUCTION,21502.3365,18825.0329,-62.4274,371,242,0.00290328,0.00290328,,0.00290328,62.4274,21502.3365,OK,0.0000,-2.4971,4.0000,96.0000,AG03-UNRESOLVED,ALL5_LEVELS_bet23_to_bet27,-2.4971,-2.4971,-3.1214,-3.1214,-3.1214,4.000000,4.000000,5.000000,5.000000,5.000000,96.000000,96.000000,95.000000,95.000000,95.000000,5.0,-14.3583,-13.1,-48.0691,-49.3274,PENDING_AG03,FALSE,NOT_FOR_ENFORCEMENT,-59.9303,18072.0316,-62.4274,-59.9303,-2.4971,-0.00290328,-0.00278715,-2.4971,-59.9303,-0.00278715,-2.4971,-2.4971,-3.1214,-3.1214,-3.1214,-59.9303,-0.00278715,-14.3583,-13.1,-48.0691,-49.3274,-0.00223553,-0.00229405,-0.00011613,57.9578,77.7894,-0.2580,-15.6068,-0.9459,5375.5841,60.5000,57.9578,,12.9089,38.7267,77.4533,129.0889,195.6986,258.1778,25.8178,-5.1636,5.053329,6.666667,1.496586,17,60,5,7,1.00000000,-0.00290328,-0.00290328,0E-8,0.000000,0.875488,0.000000,,2026-07-25,2026-07-30,4,66,39,6,0.666667,,1.000000,3.333333,,,,,,,,GLOBAL_BASELINE_NO_ENTITY_RANKING,,,NOT_APPLICABLE_GLOBAL_BASELINE,HF9g-P5,,,,X 全窗基线 · 不参与实体赏罚,3920886,393,A168_HF9F_20260827_0900,2026-08-27 09:00:00
2026-07-25,153436476,2205,0,157.2302687630,-157.2302687630,-157.2302687630,0E-7,2,2,0.49994810000000000,0.499948100000,-1.4140667746232096,-1.4140667746232096,-1.4140667746232096,0E-17,ELIGIBLE,R03b_20260811_FULL_v1,L1_ELIGIBILITY,v2026-08-11,2026-03-21..2026-08-06,baccarat_bet02_101_all_pairs_incl_sentinel,round_win = game_pnl > 0 (decisive only),COMPATIBILITY_ONLY_NOT_PRODUCTION,21502.3365,18825.0329,-62.4274,371,242,0.00290328,0.00290328,,0.00290328,62.4274,21502.3365,OK,0.0000,-2.4971,4.0000,96.0000,AG03-UNRESOLVED,ALL5_LEVELS_bet23_to_bet27,-2.4971,-2.4971,-3.1214,-3.1214,-3.1214,4.000000,4.000000,5.000000,5.000000,5.000000,96.000000,96.000000,95.000000,95.000000,95.000000,5.0,-14.3583,-13.1,-48.0691,-49.3274,PENDING_AG03,FALSE,NOT_FOR_ENFORCEMENT,-59.9303,18072.0316,-62.4274,-59.9303,-2.4971,-0.00290328,-0.00278715,-2.4971,-59.9303,-0.00278715,-2.4971,-2.4971,-3.1214,-3.1214,-3.1214,-59.9303,-0.00278715,-14.3583,-13.1,-48.0691,-49.3274,-0.00223553,-0.00229405,-0.00011613,57.9578,77.7894,-0.2580,-15.6068,-0.9459,5375.5841,60.5000,57.9578,,12.9089,38.7267,77.4533,129.0889,195.6986,258.1778,25.8178,-5.1636,5.053329,6.666667,1.496586,17,60,5,7,1.00000000,-0.00290328,-0.00290328,0E-8,0.000000,0.875488,0.000000,,2026-07-25,2026-07-30,4,66,39,6,0.666667,,1.000000,3.333333,,,,,,,,GLOBAL_BASELINE_NO_ENTITY_RANKING,,,NOT_APPLICABLE_GLOBAL_BASELINE,HF9g-P5,,,,X 全窗基线 · 不参与实体赏罚,3920887,393,A168_HF9F_20260827_0900,2026-08-27 09:00:00
2026-07-25,153436476,2246,0,12.9088890610,0E-10,0E-10,,1,1,0.49324550000000000,0.493245500000,,,,0E-17,NO_DECISIVE_ROUND,R03b_20260811_FULL_v1,L1_ELIGIBILITY,v2026-08-11,2026-03-21..2026-08-06,baccarat_bet02_101_all_pairs_incl_sentinel,round_win = game_pnl > 0 (decisive only),COMPATIBILITY_ONLY_NOT_PRODUCTION,21502.3365,18825.0329,-62.4274,371,242,0.00290328,0.00290328,,0.00290328,62.4274,21502.3365,OK,0.0000,-2.4971,4.0000,96.0000,AG03-UNRESOLVED,ALL5_LEVELS_bet23_to_bet27,-2.4971,-2.4971,-3.1214,-3.1214,-3.1214,4.000000,4.000000,5.000000,5.000000,5.000000,96.000000,96.000000,95.000000,95.000000,95.000000,5.0,-14.3583,-13.1,-48.0691,-49.3274,PENDING_AG03,FALSE,NOT_FOR_ENFORCEMENT,-59.9303,18072.0316,-62.4274,-59.9303,-2.4971,-0.00290328,-0.00278715,-2.4971,-59.9303,-0.00278715,-2.4971,-2.4971,-3.1214,-3.1214,-3.1214,-59.9303,-0.00278715,-14.3583,-13.1,-48.0691,-49.3274,-0.00223553,-0.00229405,-0.00011613,57.9578,77.7894,-0.2580,-15.6068,-0.9459,5375.5841,60.5000,57.9578,,12.9089,38.7267,77.4533,129.0889,195.6986,258.1778,25.8178,-5.1636,5.053329,6.666667,1.496586,17,60,5,7,1.00000000,-0.00290328,-0.00290328,0E-8,0.000000,0.875488,0.000000,,2026-07-25,2026-07-30,4,66,39,6,0.666667,,1.000000,3.333333,,,,,,,,GLOBAL_BASELINE_NO_ENTITY_RANKING,,,NOT_APPLICABLE_GLOBAL_BASELINE,HF9g-P5,,,,X 全窗基线 · 不参与实体赏罚,3920888,393,A168_HF9F_20260827_0900,2026-08-27 09:00:00
2026-07-25,153436476,2280,0,152.3248909199,-51.6355562441,-51.6355562441,0.5000000,2,2,0.50665070000000000,0.506650700000,-0.018812684590367487,-0.018812684590367487,-0.018812684590367487,0E-17,ELIGIBLE,R03b_20260811_FULL_v1,L1_ELIGIBILITY,v2026-08-11,2026-03-21..2026-08-06,baccarat_bet02_101_all_pairs_incl_sentinel,round_win = game_pnl > 0 (decisive only),COMPATIBILITY_ONLY_NOT_PRODUCTION,21502.3365,18825.0329,-62.4274,371,242,0.00290328,0.00290328,,0.00290328,62.4274,21502.3365,OK,0.0000,-2.4971,4.0000,96.0000,AG03-UNRESOLVED,ALL5_LEVELS_bet23_to_bet27,-2.4971,-2.4971,-3.1214,-3.1214,-3.1214,4.000000,4.000000,5.000000,5.000000,5.000000,96.000000,96.000000,95.000000,95.000000,95.000000,5.0,-14.3583,-13.1,-48.0691,-49.3274,PENDING_AG03,FALSE,NOT_FOR_ENFORCEMENT,-59.9303,18072.0316,-62.4274,-59.9303,-2.4971,-0.00290328,-0.00278715,-2.4971,-59.9303,-0.00278715,-2.4971,-2.4971,-3.1214,-3.1214,-3.1214,-59.9303,-0.00278715,-14.3583,-13.1,-48.0691,-49.3274,-0.00223553,-0.00229405,-0.00011613,57.9578,77.7894,-0.2580,-15.6068,-0.9459,5375.5841,60.5000,57.9578,,12.9089,38.7267,77.4533,129.0889,195.6986,258.1778,25.8178,-5.1636,5.053329,6.666667,1.496586,17,60,5,7,1.00000000,-0.00290328,-0.00290328,0E-8,0.000000,0.875488,0.000000,,2026-07-25,2026-07-30,4,66,39,6,0.666667,,1.000000,3.333333,,,,,,,,GLOBAL_BASELINE_NO_ENTITY_RANKING,,,NOT_APPLICABLE_GLOBAL_BASELINE,HF9g-P5,,,,X 全窗基线 · 不参与实体赏罚,3920889,393,A168_HF9F_20260827_0900,2026-08-27 09:00:00
2026-07-25,153436476,2287,0,206.5422249761,-103.2711124881,-103.2711124881,0.3333333,3,3,0.49324550000000000,0.493245500000,-0.5540025479526107,-0.5540025479526106,-0.5540025479526107,0E-17,ELIGIBLE,R03b_20260811_FULL_v1,L1_ELIGIBILITY,v2026-08-11,2026-03-21..2026-08-06,baccarat_bet02_101_all_pairs_incl_sentinel,round_win = game_pnl > 0 (decisive only),COMPATIBILITY_ONLY_NOT_PRODUCTION,21502.3365,18825.0329,-62.4274,371,242,0.00290328,0.00290328,,0.00290328,62.4274,21502.3365,OK,0.0000,-2.4971,4.0000,96.0000,AG03-UNRESOLVED,ALL5_LEVELS_bet23_to_bet27,-2.4971,-2.4971,-3.1214,-3.1214,-3.1214,4.000000,4.000000,5.000000,5.000000,5.000000,96.000000,96.000000,95.000000,95.000000,95.000000,5.0,-14.3583,-13.1,-48.0691,-49.3274,PENDING_AG03,FALSE,NOT_FOR_ENFORCEMENT,-59.9303,18072.0316,-62.4274,-59.9303,-2.4971,-0.00290328,-0.00278715,-2.4971,-59.9303,-0.00278715,-2.4971,-2.4971,-3.1214,-3.1214,-3.1214,-59.9303,-0.00278715,-14.3583,-13.1,-48.0691,-49.3274,-0.00223553,-0.00229405,-0.00011613,57.9578,77.7894,-0.2580,-15.6068,-0.9459,5375.5841,60.5000,57.9578,,12.9089,38.7267,77.4533,129.0889,195.6986,258.1778,25.8178,-5.1636,5.053329,6.666667,1.496586,17,60,5,7,1.00000000,-0.00290328,-0.00290328,0E-8,0.000000,0.875488,0.000000,,2026-07-25,2026-07-30,4,66,39,6,0.666667,,1.000000,3.333333,,,,,,,,GLOBAL_BASELINE_NO_ENTITY_RANKING,,,NOT_APPLICABLE_GLOBAL_BASELINE,HF9g-P5,,,,X 全窗基线 · 不参与实体赏罚,3920890,393,A168_HF9F_20260827_0900,2026-08-27 09:00:00
2026-07-25,153436476,526,0,387.2666718301,-51.6355562441,-51.6355562441,0.6000000,6,6,0.49324550000000000,0.493245500000,0.47746420675292983,0.47746420675292983,0.47746420675292983,0E-17,ELIGIBLE,R03b_20260811_FULL_v1,L1_ELIGIBILITY,v2026-08-11,2026-03-21..2026-08-06,baccarat_bet02_101_all_pairs_incl_sentinel,round_win = game_pnl > 0 (decisive only),COMPATIBILITY_ONLY_NOT_PRODUCTION,21502.3365,18825.0329,-62.4274,371,242,0.00290328,0.00290328,,0.00290328,62.4274,21502.3365,OK,0.0000,-2.4971,4.0000,96.0000,AG03-UNRESOLVED,ALL5_LEVELS_bet23_to_bet27,-2.4971,-2.4971,-3.1214,-3.1214,-3.1214,4.000000,4.000000,5.000000,5.000000,5.000000,96.000000,96.000000,95.000000,95.000000,95.000000,5.0,-14.3583,-13.1,-48.0691,-49.3274,PENDING_AG03,FALSE,NOT_FOR_ENFORCEMENT,-59.9303,18072.0316,-62.4274,-59.9303,-2.4971,-0.00290328,-0.00278715,-2.4971,-59.9303,-0.00278715,-2.4971,-2.4971,-3.1214,-3.1214,-3.1214,-59.9303,-0.00278715,-14.3583,-13.1,-48.0691,-49.3274,-0.00223553,-0.00229405,-0.00011613,57.9578,77.7894,-0.2580,-15.6068,-0.9459,5375.5841,60.5000,57.9578,,12.9089,38.7267,77.4533,129.0889,195.6986,258.1778,25.8178,-5.1636,5.053329,6.666667,1.496586,17,60,5,7,1.00000000,-0.00290328,-0.00290328,0E-8,0.000000,0.875488,0.000000,,2026-07-25,2026-07-30,4,66,39,6,0.666667,,1.000000,3.333333,,,,,,,,GLOBAL_BASELINE_NO_ENTITY_RANKING,,,NOT_APPLICABLE_GLOBAL_BASELINE,HF9g-P5,,,,X 全窗基线 · 不参与实体赏罚,3920891,393,A168_HF9F_20260827_0900,2026-08-27 09:00:00
2026-07-25,153436476,529,0,61.9626674928,-61.9626674928,-61.9626674928,0E-7,3,1,0.43465864166666667,0.218682466667,-0.8768368237662636,-0.5290457096990526,-0.8768368237662636,0.21597617499966667,ELIGIBLE,R03b_20260811_FULL_v1,L1_ELIGIBILITY,v2026-08-11,2026-03-21..2026-08-06,baccarat_bet02_101_all_pairs_incl_sentinel,round_win = game_pnl > 0 (decisive only),COMPATIBILITY_ONLY_NOT_PRODUCTION,21502.3365,18825.0329,-62.4274,371,242,0.00290328,0.00290328,,0.00290328,62.4274,21502.3365,OK,0.0000,-2.4971,4.0000,96.0000,AG03-UNRESOLVED,ALL5_LEVELS_bet23_to_bet27,-2.4971,-2.4971,-3.1214,-3.1214,-3.1214,4.000000,4.000000,5.000000,5.000000,5.000000,96.000000,96.000000,95.000000,95.000000,95.000000,5.0,-14.3583,-13.1,-48.0691,-49.3274,PENDING_AG03,FALSE,NOT_FOR_ENFORCEMENT,-59.9303,18072.0316,-62.4274,-59.9303,-2.4971,-0.00290328,-0.00278715,-2.4971,-59.9303,-0.00278715,-2.4971,-2.4971,-3.1214,-3.1214,-3.1214,-59.9303,-0.00278715,-14.3583,-13.1,-48.0691,-49.3274,-0.00223553,-0.00229405,-0.00011613,57.9578,77.7894,-0.2580,-15.6068,-0.9459,5375.5841,60.5000,57.9578,,12.9089,38.7267,77.4533,129.0889,195.6986,258.1778,25.8178,-5.1636,5.053329,6.666667,1.496586,17,60,5,7,1.00000000,-0.00290328,-0.00290328,0E-8,0.000000,0.875488,0.000000,,2026-07-25,2026-07-30,4,66,39,6,0.666667,,1.000000,3.333333,,,,,,,,GLOBAL_BASELINE_NO_ENTITY_RANKING,,,NOT_APPLICABLE_GLOBAL_BASELINE,HF9g-P5,,,,X 全窗基线 · 不参与实体赏罚,3920892,393,A168_HF9F_20260827_0900,2026-08-27 09:00:00
2026-07-25,153436476,919,0,103.2711124880,-51.6355562440,-51.6355562440,0E-7,2,2,0.49324550000000000,0.493245500000,-0.9865810262130424,-0.9865810262130424,-0.9865810262130424,0E-17,ELIGIBLE,R03b_20260811_FULL_v1,L1_ELIGIBILITY,v2026-08-11,2026-03-21..2026-08-06,baccarat_bet02_101_all_pairs_incl_sentinel,round_win = game_pnl > 0 (decisive only),COMPATIBILITY_ONLY_NOT_PRODUCTION,21502.3365,18825.0329,-62.4274,371,242,0.00290328,0.00290328,,0.00290328,62.4274,21502.3365,OK,0.0000,-2.4971,4.0000,96.0000,AG03-UNRESOLVED,ALL5_LEVELS_bet23_to_bet27,-2.4971,-2.4971,-3.1214,-3.1214,-3.1214,4.000000,4.000000,5.000000,5.000000,5.000000,96.000000,96.000000,95.000000,95.000000,95.000000,5.0,-14.3583,-13.1,-48.0691,-49.3274,PENDING_AG03,FALSE,NOT_FOR_ENFORCEMENT,-59.9303,18072.0316,-62.4274,-59.9303,-2.4971,-0.00290328,-0.00278715,-2.4971,-59.9303,-0.00278715,-2.4971,-2.4971,-3.1214,-3.1214,-3.1214,-59.9303,-0.00278715,-14.3583,-13.1,-48.0691,-49.3274,-0.00223553,-0.00229405,-0.00011613,57.9578,77.7894,-0.2580,-15.6068,-0.9459,5375.5841,60.5000,57.9578,,12.9089,38.7267,77.4533,129.0889,195.6986,258.1778,25.8178,-5.1636,5.053329,6.666667,1.496586,17,60,5,7,1.00000000,-0.00290328,-0.00290328,0E-8,0.000000,0.875488,0.000000,,2026-07-25,2026-07-30,4,66,39,6,0.666667,,1.000000,3.333333,,,,,,,,GLOBAL_BASELINE_NO_ENTITY_RANKING,,,NOT_APPLICABLE_GLOBAL_BASELINE,HF9g-P5,,,,X 全窗基线 · 不参与实体赏罚,3920893,393,A168_HF9F_20260827_0900,2026-08-27 09:00:00
2026-07-25,153436476,948,0,222.0328918492,87.7804456148,87.7804456148,0.6666667,8,3,0.40967027916666667,0.298374038889,0.9051552874786046,1.394184696396685,0.9051552874786046,0.11129624027766667,ELIGIBLE,R03b_20260811_FULL_v1,L1_ELIGIBILITY,v2026-08-11,2026-03-21..2026-08-06,baccarat_bet02_101_all_pairs_incl_sentinel,round_win = game_pnl > 0 (decisive only),COMPATIBILITY_ONLY_NOT_PRODUCTION,21502.3365,18825.0329,-62.4274,371,242,0.00290328,0.00290328,,0.00290328,62.4274,21502.3365,OK,0.0000,-2.4971,4.0000,96.0000,AG03-UNRESOLVED,ALL5_LEVELS_bet23_to_bet27,-2.4971,-2.4971,-3.1214,-3.1214,-3.1214,4.000000,4.000000,5.000000,5.000000,5.000000,96.000000,96.000000,95.000000,95.000000,95.000000,5.0,-14.3583,-13.1,-48.0691,-49.3274,PENDING_AG03,FALSE,NOT_FOR_ENFORCEMENT,-59.9303,18072.0316,-62.4274,-59.9303,-2.4971,-0.00290328,-0.00278715,-2.4971,-59.9303,-0.00278715,-2.4971,-2.4971,-3.1214,-3.1214,-3.1214,-59.9303,-0.00278715,-14.3583,-13.1,-48.0691,-49.3274,-0.00223553,-0.00229405,-0.00011613,57.9578,77.7894,-0.2580,-15.6068,-0.9459,5375.5841,60.5000,57.9578,,12.9089,38.7267,77.4533,129.0889,195.6986,258.1778,25.8178,-5.1636,5.053329,6.666667,1.496586,17,60,5,7,1.00000000,-0.00290328,-0.00290328,0E-8,0.000000,0.875488,0.000000,,2026-07-25,2026-07-30,4,66,39,6,0.666667,,1.000000,3.333333,,,,,,,,GLOBAL_BASELINE_NO_ENTITY_RANKING,,,NOT_APPLICABLE_GLOBAL_BASELINE,HF9g-P5,,,,X 全窗基线 · 不参与实体赏罚,3920894,393,A168_HF9F_20260827_0900,2026-08-27 09:00:00
2026-07-25,153436476,970,0,72.2897787416,0E-10,0E-10,0.6666667,5,3,0.43111936493506493,0.360364600000,0.82381447838752,1.1050279112830825,0.82381447838752,0.07075476493506493,ELIGIBLE,R03b_20260811_FULL_v1,L1_ELIGIBILITY,v2026-08-11,2026-03-21..2026-08-06,baccarat_bet02_101_all_pairs_incl_sentinel,round_win = game_pnl > 0 (decisive only),COMPATIBILITY_ONLY_NOT_PRODUCTION,21502.3365,18825.0329,-62.4274,371,242,0.00290328,0.00290328,,0.00290328,62.4274,21502.3365,OK,0.0000,-2.4971,4.0000,96.0000,AG03-UNRESOLVED,ALL5_LEVELS_bet23_to_bet27,-2.4971,-2.4971,-3.1214,-3.1214,-3.1214,4.000000,4.000000,5.000000,5.000000,5.000000,96.000000,96.000000,95.000000,95.000000,95.000000,5.0,-14.3583,-13.1,-48.0691,-49.3274,PENDING_AG03,FALSE,NOT_FOR_ENFORCEMENT,-59.9303,18072.0316,-62.4274,-59.9303,-2.4971,-0.00290328,-0.00278715,-2.4971,-59.9303,-0.00278715,-2.4971,-2.4971,-3.1214,-3.1214,-3.1214,-59.9303,-0.00278715,-14.3583,-13.1,-48.0691,-49.3274,-0.00223553,-0.00229405,-0.00011613,57.9578,77.7894,-0.2580,-15.6068,-0.9459,5375.5841,60.5000,57.9578,,12.9089,38.7267,77.4533,129.0889,195.6986,258.1778,25.8178,-5.1636,5.053329,6.666667,1.496586,17,60,5,7,1.00000000,-0.00290328,-0.00290328,0E-8,0.000000,0.875488,0.000000,,2026-07-25,2026-07-30,4,66,39,6,0.666667,,1.000000,3.333333,,,,,,,,GLOBAL_BASELINE_NO_ENTITY_RANKING,,,NOT_APPLICABLE_GLOBAL_BASELINE,HF9g-P5,,,,X 全窗基线 · 不参与实体赏罚,3920895,393,A168_HF9F_20260827_0900,2026-08-27 09:00:00
2026-07-27,153436476,1004,0,389.8484496424,69.7080009294,69.7080009294,0.6666667,7,6,0.49455006904761905,0.464493675000,0.8432457740950268,0.9929481206364611,0.8432457740950268,0.03005639404761905,ELIGIBLE,R03b_20260811_FULL_v1,L1_ELIGIBILITY,v2026-08-11,2026-03-21..2026-08-06,baccarat_bet02_101_all_pairs_incl_sentinel,round_win = game_pnl > 0 (decisive only),COMPATIBILITY_ONLY_NOT_PRODUCTION,21502.3365,18825.0329,-62.4274,371,242,0.00290328,0.00290328,,0.00290328,62.4274,21502.3365,OK,0.0000,-2.4971,4.0000,96.0000,AG03-UNRESOLVED,ALL5_LEVELS_bet23_to_bet27,-2.4971,-2.4971,-3.1214,-3.1214,-3.1214,4.000000,4.000000,5.000000,5.000000,5.000000,96.000000,96.000000,95.000000,95.000000,95.000000,5.0,-14.3583,-13.1,-48.0691,-49.3274,PENDING_AG03,FALSE,NOT_FOR_ENFORCEMENT,-59.9303,18072.0316,-62.4274,-59.9303,-2.4971,-0.00290328,-0.00278715,-2.4971,-59.9303,-0.00278715,-2.4971,-2.4971,-3.1214,-3.1214,-3.1214,-59.9303,-0.00278715,-14.3583,-13.1,-48.0691,-49.3274,-0.00223553,-0.00229405,-0.00011613,57.9578,77.7894,-0.2580,-15.6068,-0.9459,5375.5841,60.5000,57.9578,,12.9089,38.7267,77.4533,129.0889,195.6986,258.1778,25.8178,-5.1636,5.053329,6.666667,1.496586,17,60,5,7,1.00000000,-0.00290328,-0.00290328,0E-8,0.000000,0.875488,0.000000,,2026-07-25,2026-07-30,4,66,39,6,0.666667,,1.000000,3.333333,,,,,,,,GLOBAL_BASELINE_NO_ENTITY_RANKING,,,NOT_APPLICABLE_GLOBAL_BASELINE,HF9g-P5,,,,X 全窗基线 · 不参与实体赏罚,3920896,393,A168_HF9F_20260827_0900,2026-08-27 09:00:00
2026-07-27,153436476,1094,0,152.3248909198,-26.4632225750,-26.4632225750,0.5000000,3,2,0.47231337500000000,0.403638725000,0.07842993426208854,0.27775789067037676,0.07842993426208854,0.06867465000000000,ELIGIBLE,R03b_20260811_FULL_v1,L1_ELIGIBILITY,v2026-08-11,2026-03-21..2026-08-06,baccarat_bet02_101_all_pairs_incl_sentinel,round_win = game_pnl > 0 (decisive only),COMPATIBILITY_ONLY_NOT_PRODUCTION,21502.3365,18825.0329,-62.4274,371,242,0.00290328,0.00290328,,0.00290328,62.4274,21502.3365,OK,0.0000,-2.4971,4.0000,96.0000,AG03-UNRESOLVED,ALL5_LEVELS_bet23_to_bet27,-2.4971,-2.4971,-3.1214,-3.1214,-3.1214,4.000000,4.000000,5.000000,5.000000,5.000000,96.000000,96.000000,95.000000,95.000000,95.000000,5.0,-14.3583,-13.1,-48.0691,-49.3274,PENDING_AG03,FALSE,NOT_FOR_ENFORCEMENT,-59.9303,18072.0316,-62.4274,-59.9303,-2.4971,-0.00290328,-0.00278715,-2.4971,-59.9303,-0.00278715,-2.4971,-2.4971,-3.1214,-3.1214,-3.1214,-59.9303,-0.00278715,-14.3583,-13.1,-48.0691,-49.3274,-0.00223553,-0.00229405,-0.00011613,57.9578,77.7894,-0.2580,-15.6068,-0.9459,5375.5841,60.5000,57.9578,,12.9089,38.7267,77.4533,129.0889,195.6986,258.1778,25.8178,-5.1636,5.053329,6.666667,1.496586,17,60,5,7,1.00000000,-0.00290328,-0.00290328,0E-8,0.000000,0.875488,0.000000,,2026-07-25,2026-07-30,4,66,39,6,0.666667,,1.000000,3.333333,,,,,,,,GLOBAL_BASELINE_NO_ENTITY_RANKING,,,NOT_APPLICABLE_GLOBAL_BASELINE,HF9g-P5,,,,X 全窗基线 · 不参与实体赏罚,3920897,393,A168_HF9F_20260827_0900,2026-08-27 09:00:00
2026-07-27,153436476,1299,0,77.4533343660,-77.4533343660,-77.4533343660,0E-7,3,1,0.35372978333333333,0.214214066667,-0.739824557523953,-0.5221218497722453,-0.739824557523953,0.13951571666633333,ELIGIBLE,R03b_20260811_FULL_v1,L1_ELIGIBILITY,v2026-08-11,2026-03-21..2026-08-06,baccarat_bet02_101_all_pairs_incl_sentinel,round_win = game_pnl > 0 (decisive only),COMPATIBILITY_ONLY_NOT_PRODUCTION,21502.3365,18825.0329,-62.4274,371,242,0.00290328,0.00290328,,0.00290328,62.4274,21502.3365,OK,0.0000,-2.4971,4.0000,96.0000,AG03-UNRESOLVED,ALL5_LEVELS_bet23_to_bet27,-2.4971,-2.4971,-3.1214,-3.1214,-3.1214,4.000000,4.000000,5.000000,5.000000,5.000000,96.000000,96.000000,95.000000,95.000000,95.000000,5.0,-14.3583,-13.1,-48.0691,-49.3274,PENDING_AG03,FALSE,NOT_FOR_ENFORCEMENT,-59.9303,18072.0316,-62.4274,-59.9303,-2.4971,-0.00290328,-0.00278715,-2.4971,-59.9303,-0.00278715,-2.4971,-2.4971,-3.1214,-3.1214,-3.1214,-59.9303,-0.00278715,-14.3583,-13.1,-48.0691,-49.3274,-0.00223553,-0.00229405,-0.00011613,57.9578,77.7894,-0.2580,-15.6068,-0.9459,5375.5841,60.5000,57.9578,,12.9089,38.7267,77.4533,129.0889,195.6986,258.1778,25.8178,-5.1636,5.053329,6.666667,1.496586,17,60,5,7,1.00000000,-0.00290328,-0.00290328,0E-8,0.000000,0.875488,0.000000,,2026-07-25,2026-07-30,4,66,39,6,0.666667,,1.000000,3.333333,,,,,,,,GLOBAL_BASELINE_NO_ENTITY_RANKING,,,NOT_APPLICABLE_GLOBAL_BASELINE,HF9g-P5,,,,X 全窗基线 · 不参与实体赏罚,3920898,393,A168_HF9F_20260827_0900,2026-08-27 09:00:00
2026-07-27,153436476,1331,0,129.0888906101,-129.0888906101,-129.0888906101,0E-7,1,1,0.49324550000000000,0.493245500000,-0.9865810262130424,-0.9865810262130424,-0.9865810262130424,0E-17,ELIGIBLE,R03b_20260811_FULL_v1,L1_ELIGIBILITY,v2026-08-11,2026-03-21..2026-08-06,baccarat_bet02_101_all_pairs_incl_sentinel,round_win = game_pnl > 0 (decisive only),COMPATIBILITY_ONLY_NOT_PRODUCTION,21502.3365,18825.0329,-62.4274,371,242,0.00290328,0.00290328,,0.00290328,62.4274,21502.3365,OK,0.0000,-2.4971,4.0000,96.0000,AG03-UNRESOLVED,ALL5_LEVELS_bet23_to_bet27,-2.4971,-2.4971,-3.1214,-3.1214,-3.1214,4.000000,4.000000,5.000000,5.000000,5.000000,96.000000,96.000000,95.000000,95.000000,95.000000,5.0,-14.3583,-13.1,-48.0691,-49.3274,PENDING_AG03,FALSE,NOT_FOR_ENFORCEMENT,-59.9303,18072.0316,-62.4274,-59.9303,-2.4971,-0.00290328,-0.00278715,-2.4971,-59.9303,-0.00278715,-2.4971,-2.4971,-3.1214,-3.1214,-3.1214,-59.9303,-0.00278715,-14.3583,-13.1,-48.0691,-49.3274,-0.00223553,-0.00229405,-0.00011613,57.9578,77.7894,-0.2580,-15.6068,-0.9459,5375.5841,60.5000,57.9578,,12.9089,38.7267,77.4533,129.0889,195.6986,258.1778,25.8178,-5.1636,5.053329,6.666667,1.496586,17,60,5,7,1.00000000,-0.00290328,-0.00290328,0E-8,0.000000,0.875488,0.000000,,2026-07-25,2026-07-30,4,66,39,6,0.666667,,1.000000,3.333333,,,,,,,,GLOBAL_BASELINE_NO_ENTITY_RANKING,,,NOT_APPLICABLE_GLOBAL_BASELINE,HF9g-P5,,,,X 全窗基线 · 不参与实体赏罚,3920899,393,A168_HF9F_20260827_0900,2026-08-27 09:00:00
2026-07-27,153436476,1353,0,490.5377843182,-490.5377843182,-490.5377843182,0E-7,6,3,0.44175645833333333,0.390267416667,-1.5407785628124244,-1.3857091104989008,-1.5407785628124244,0.05148904166633333,ELIGIBLE,R03b_20260811_FULL_v1,L1_ELIGIBILITY,v2026-08-11,2026-03-21..2026-08-06,baccarat_bet02_101_all_pairs_incl_sentinel,round_win = game_pnl > 0 (decisive only),COMPATIBILITY_ONLY_NOT_PRODUCTION,21502.3365,18825.0329,-62.4274,371,242,0.00290328,0.00290328,,0.00290328,62.4274,21502.3365,OK,0.0000,-2.4971,4.0000,96.0000,AG03-UNRESOLVED,ALL5_LEVELS_bet23_to_bet27,-2.4971,-2.4971,-3.1214,-3.1214,-3.1214,4.000000,4.000000,5.000000,5.000000,5.000000,96.000000,96.000000,95.000000,95.000000,95.000000,5.0,-14.3583,-13.1,-48.0691,-49.3274,PENDING_AG03,FALSE,NOT_FOR_ENFORCEMENT,-59.9303,18072.0316,-62.4274,-59.9303,-2.4971,-0.00290328,-0.00278715,-2.4971,-59.9303,-0.00278715,-2.4971,-2.4971,-3.1214,-3.1214,-3.1214,-59.9303,-0.00278715,-14.3583,-13.1,-48.0691,-49.3274,-0.00223553,-0.00229405,-0.00011613,57.9578,77.7894,-0.2580,-15.6068,-0.9459,5375.5841,60.5000,57.9578,,12.9089,38.7267,77.4533,129.0889,195.6986,258.1778,25.8178,-5.1636,5.053329,6.666667,1.496586,17,60,5,7,1.00000000,-0.00290328,-0.00290328,0E-8,0.000000,0.875488,0.000000,,2026-07-25,2026-07-30,4,66,39,6,0.666667,,1.000000,3.333333,,,,,,,,GLOBAL_BASELINE_NO_ENTITY_RANKING,,,NOT_APPLICABLE_GLOBAL_BASELINE,HF9g-P5,,,,X 全窗基线 · 不参与实体赏罚,3920900,393,A168_HF9F_20260827_0900,2026-08-27 09:00:00
2026-07-27,153436476,1384,0,258.1777812201,-206.5422249761,-206.5422249761,0.5000000,3,2,0.48217209166667143,0.393584825000,0.050457023655317,0.308045137873246,0.050457023655317,0.08858726666667143,ELIGIBLE,R03b_20260811_FULL_v1,L1_ELIGIBILITY,v2026-08-11,2026-03-21..2026-08-06,baccarat_bet02_101_all_pairs_incl_sentinel,round_win = game_pnl > 0 (decisive only),COMPATIBILITY_ONLY_NOT_PRODUCTION,21502.3365,18825.0329,-62.4274,371,242,0.00290328,0.00290328,,0.00290328,62.4274,21502.3365,OK,0.0000,-2.4971,4.0000,96.0000,AG03-UNRESOLVED,ALL5_LEVELS_bet23_to_bet27,-2.4971,-2.4971,-3.1214,-3.1214,-3.1214,4.000000,4.000000,5.000000,5.000000,5.000000,96.000000,96.000000,95.000000,95.000000,95.000000,5.0,-14.3583,-13.1,-48.0691,-49.3274,PENDING_AG03,FALSE,NOT_FOR_ENFORCEMENT,-59.9303,18072.0316,-62.4274,-59.9303,-2.4971,-0.00290328,-0.00278715,-2.4971,-59.9303,-0.00278715,-2.4971,-2.4971,-3.1214,-3.1214,-3.1214,-59.9303,-0.00278715,-14.3583,-13.1,-48.0691,-49.3274,-0.00223553,-0.00229405,-0.00011613,57.9578,77.7894,-0.2580,-15.6068,-0.9459,5375.5841,60.5000,57.9578,,12.9089,38.7267,77.4533,129.0889,195.6986,258.1778,25.8178,-5.1636,5.053329,6.666667,1.496586,17,60,5,7,1.00000000,-0.00290328,-0.00290328,0E-8,0.000000,0.875488,0.000000,,2026-07-25,2026-07-30,4,66,39,6,0.666667,,1.000000,3.333333,,,,,,,,GLOBAL_BASELINE_NO_ENTITY_RANKING,,,NOT_APPLICABLE_GLOBAL_BASELINE,HF9g-P5,,,,X 全窗基线 · 不参与实体赏罚,3920901,393,A168_HF9F_20260827_0900,2026-08-27 09:00:00
2026-07-27,153436476,1385,0,632.5355639894,135.5433351405,135.5433351405,0.5000000,4,4,0.49994810000000000,0.499948100000,0.00020760000111838688,0.00020760000111838688,0.00020760000111838688,0E-17,ELIGIBLE,R03b_20260811_FULL_v1,L1_ELIGIBILITY,v2026-08-11,2026-03-21..2026-08-06,baccarat_bet02_101_all_pairs_incl_sentinel,round_win = game_pnl > 0 (decisive only),COMPATIBILITY_ONLY_NOT_PRODUCTION,21502.3365,18825.0329,-62.4274,371,242,0.00290328,0.00290328,,0.00290328,62.4274,21502.3365,OK,0.0000,-2.4971,4.0000,96.0000,AG03-UNRESOLVED,ALL5_LEVELS_bet23_to_bet27,-2.4971,-2.4971,-3.1214,-3.1214,-3.1214,4.000000,4.000000,5.000000,5.000000,5.000000,96.000000,96.000000,95.000000,95.000000,95.000000,5.0,-14.3583,-13.1,-48.0691,-49.3274,PENDING_AG03,FALSE,NOT_FOR_ENFORCEMENT,-59.9303,18072.0316,-62.4274,-59.9303,-2.4971,-0.00290328,-0.00278715,-2.4971,-59.9303,-0.00278715,-2.4971,-2.4971,-3.1214,-3.1214,-3.1214,-59.9303,-0.00278715,-14.3583,-13.1,-48.0691,-49.3274,-0.00223553,-0.00229405,-0.00011613,57.9578,77.7894,-0.2580,-15.6068,-0.9459,5375.5841,60.5000,57.9578,,12.9089,38.7267,77.4533,129.0889,195.6986,258.1778,25.8178,-5.1636,5.053329,6.666667,1.496586,17,60,5,7,1.00000000,-0.00290328,-0.00290328,0E-8,0.000000,0.875488,0.000000,,2026-07-25,2026-07-30,4,66,39,6,0.666667,,1.000000,3.333333,,,,,,,,GLOBAL_BASELINE_NO_ENTITY_RANKING,,,NOT_APPLICABLE_GLOBAL_BASELINE,HF9g-P5,,,,X 全窗基线 · 不参与实体赏罚,3920902,393,A168_HF9F_20260827_0900,2026-08-27 09:00:00
2026-07-27,153436476,1400,0,356.2853380837,-205.2513360700,-205.2513360700,0.2000000,5,5,0.50128862000000000,0.501288620000,-1.347408145195933,-1.347408145195933,-1.347408145195933,0E-17,ELIGIBLE,R03b_20260811_FULL_v1,L1_ELIGIBILITY,v2026-08-11,2026-03-21..2026-08-06,baccarat_bet02_101_all_pairs_incl_sentinel,round_win = game_pnl > 0 (decisive only),COMPATIBILITY_ONLY_NOT_PRODUCTION,21502.3365,18825.0329,-62.4274,371,242,0.00290328,0.00290328,,0.00290328,62.4274,21502.3365,OK,0.0000,-2.4971,4.0000,96.0000,AG03-UNRESOLVED,ALL5_LEVELS_bet23_to_bet27,-2.4971,-2.4971,-3.1214,-3.1214,-3.1214,4.000000,4.000000,5.000000,5.000000,5.000000,96.000000,96.000000,95.000000,95.000000,95.000000,5.0,-14.3583,-13.1,-48.0691,-49.3274,PENDING_AG03,FALSE,NOT_FOR_ENFORCEMENT,-59.9303,18072.0316,-62.4274,-59.9303,-2.4971,-0.00290328,-0.00278715,-2.4971,-59.9303,-0.00278715,-2.4971,-2.4971,-3.1214,-3.1214,-3.1214,-59.9303,-0.00278715,-14.3583,-13.1,-48.0691,-49.3274,-0.00223553,-0.00229405,-0.00011613,57.9578,77.7894,-0.2580,-15.6068,-0.9459,5375.5841,60.5000,57.9578,,12.9089,38.7267,77.4533,129.0889,195.6986,258.1778,25.8178,-5.1636,5.053329,6.666667,1.496586,17,60,5,7,1.00000000,-0.00290328,-0.00290328,0E-8,0.000000,0.875488,0.000000,,2026-07-25,2026-07-30,4,66,39,6,0.666667,,1.000000,3.333333,,,,,,,,GLOBAL_BASELINE_NO_ENTITY_RANKING,,,NOT_APPLICABLE_GLOBAL_BASELINE,HF9g-P5,,,,X 全窗基线 · 不参与实体赏罚,3920903,393,A168_HF9F_20260827_0900,2026-08-27 09:00:00
2026-07-27,153436476,1405,0,387.2666718302,-387.2666718302,-387.2666718302,0E-7,3,2,0.48604830500000798,0.403638725000,-1.37528771299314,-1.1634740288448888,-1.37528771299314,0.08240958000000798,ELIGIBLE,R03b_20260811_FULL_v1,L1_ELIGIBILITY,v2026-08-11,2026-03-21..2026-08-06,baccarat_bet02_101_all_pairs_incl_sentinel,round_win = game_pnl > 0 (decisive only),COMPATIBILITY_ONLY_NOT_PRODUCTION,21502.3365,18825.0329,-62.4274,371,242,0.00290328,0.00290328,,0.00290328,62.4274,21502.3365,OK,0.0000,-2.4971,4.0000,96.0000,AG03-UNRESOLVED,ALL5_LEVELS_bet23_to_bet27,-2.4971,-2.4971,-3.1214,-3.1214,-3.1214,4.000000,4.000000,5.000000,5.000000,5.000000,96.000000,96.000000,95.000000,95.000000,95.000000,5.0,-14.3583,-13.1,-48.0691,-49.3274,PENDING_AG03,FALSE,NOT_FOR_ENFORCEMENT,-59.9303,18072.0316,-62.4274,-59.9303,-2.4971,-0.00290328,-0.00278715,-2.4971,-59.9303,-0.00278715,-2.4971,-2.4971,-3.1214,-3.1214,-3.1214,-59.9303,-0.00278715,-14.3583,-13.1,-48.0691,-49.3274,-0.00223553,-0.00229405,-0.00011613,57.9578,77.7894,-0.2580,-15.6068,-0.9459,5375.5841,60.5000,57.9578,,12.9089,38.7267,77.4533,129.0889,195.6986,258.1778,25.8178,-5.1636,5.053329,6.666667,1.496586,17,60,5,7,1.00000000,-0.00290328,-0.00290328,0E-8,0.000000,0.875488,0.000000,,2026-07-25,2026-07-30,4,66,39,6,0.666667,,1.000000,3.333333,,,,,,,,GLOBAL_BASELINE_NO_ENTITY_RANKING,,,NOT_APPLICABLE_GLOBAL_BASELINE,HF9g-P5,,,,X 全窗基线 · 不参与实体赏罚,3920904,393,A168_HF9F_20260827_0900,2026-08-27 09:00:00
2026-07-27,153436476,1485,0,129.0888906101,-129.0888906101,-129.0888906101,0E-7,1,1,0.50665070000000000,0.506650700000,-1.013391052207602,-1.013391052207602,-1.013391052207602,0E-17,ELIGIBLE,R03b_20260811_FULL_v1,L1_ELIGIBILITY,v2026-08-11,2026-03-21..2026-08-06,baccarat_bet02_101_all_pairs_incl_sentinel,round_win = game_pnl > 0 (decisive only),COMPATIBILITY_ONLY_NOT_PRODUCTION,21502.3365,18825.0329,-62.4274,371,242,0.00290328,0.00290328,,0.00290328,62.4274,21502.3365,OK,0.0000,-2.4971,4.0000,96.0000,AG03-UNRESOLVED,ALL5_LEVELS_bet23_to_bet27,-2.4971,-2.4971,-3.1214,-3.1214,-3.1214,4.000000,4.000000,5.000000,5.000000,5.000000,96.000000,96.000000,95.000000,95.000000,95.000000,5.0,-14.3583,-13.1,-48.0691,-49.3274,PENDING_AG03,FALSE,NOT_FOR_ENFORCEMENT,-59.9303,18072.0316,-62.4274,-59.9303,-2.4971,-0.00290328,-0.00278715,-2.4971,-59.9303,-0.00278715,-2.4971,-2.4971,-3.1214,-3.1214,-3.1214,-59.9303,-0.00278715,-14.3583,-13.1,-48.0691,-49.3274,-0.00223553,-0.00229405,-0.00011613,57.9578,77.7894,-0.2580,-15.6068,-0.9459,5375.5841,60.5000,57.9578,,12.9089,38.7267,77.4533,129.0889,195.6986,258.1778,25.8178,-5.1636,5.053329,6.666667,1.496586,17,60,5,7,1.00000000,-0.00290328,-0.00290328,0E-8,0.000000,0.875488,0.000000,,2026-07-25,2026-07-30,4,66,39,6,0.666667,,1.000000,3.333333,,,,,,,,GLOBAL_BASELINE_NO_ENTITY_RANKING,,,NOT_APPLICABLE_GLOBAL_BASELINE,HF9g-P5,,,,X 全窗基线 · 不参与实体赏罚,3920905,393,A168_HF9F_20260827_0900,2026-08-27 09:00:00
2026-07-27,153436476,1490,0,180.7244468541,180.7244468541,180.7244468541,1.0000000,1,1,0.49324550000000000,0.493245500000,1.01360149184955,1.01360149184955,1.01360149184955,0E-17,ELIGIBLE,R03b_20260811_FULL_v1,L1_ELIGIBILITY,v2026-08-11,2026-03-21..2026-08-06,baccarat_bet02_101_all_pairs_incl_sentinel,round_win = game_pnl > 0 (decisive only),COMPATIBILITY_ONLY_NOT_PRODUCTION,21502.3365,18825.0329,-62.4274,371,242,0.00290328,0.00290328,,0.00290328,62.4274,21502.3365,OK,0.0000,-2.4971,4.0000,96.0000,AG03-UNRESOLVED,ALL5_LEVELS_bet23_to_bet27,-2.4971,-2.4971,-3.1214,-3.1214,-3.1214,4.000000,4.000000,5.000000,5.000000,5.000000,96.000000,96.000000,95.000000,95.000000,95.000000,5.0,-14.3583,-13.1,-48.0691,-49.3274,PENDING_AG03,FALSE,NOT_FOR_ENFORCEMENT,-59.9303,18072.0316,-62.4274,-59.9303,-2.4971,-0.00290328,-0.00278715,-2.4971,-59.9303,-0.00278715,-2.4971,-2.4971,-3.1214,-3.1214,-3.1214,-59.9303,-0.00278715,-14.3583,-13.1,-48.0691,-49.3274,-0.00223553,-0.00229405,-0.00011613,57.9578,77.7894,-0.2580,-15.6068,-0.9459,5375.5841,60.5000,57.9578,,12.9089,38.7267,77.4533,129.0889,195.6986,258.1778,25.8178,-5.1636,5.053329,6.666667,1.496586,17,60,5,7,1.00000000,-0.00290328,-0.00290328,0E-8,0.000000,0.875488,0.000000,,2026-07-25,2026-07-30,4,66,39,6,0.666667,,1.000000,3.333333,,,,,,,,GLOBAL_BASELINE_NO_ENTITY_RANKING,,,NOT_APPLICABLE_GLOBAL_BASELINE,HF9g-P5,,,,X 全窗基线 · 不参与实体赏罚,3920906,393,A168_HF9F_20260827_0900,2026-08-27 09:00:00
2026-07-27,153436476,1509,0,1019.8022358194,-516.3555624402,-516.3555624402,0.2000000,11,5,0.48248185768421967,0.389803816667,-1.2640733617196687,-0.8702262037238381,-1.2640733617196687,0.09267804101721967,ELIGIBLE,R03b_20260811_FULL_v1,L1_ELIGIBILITY,v2026-08-11,2026-03-21..2026-08-06,baccarat_bet02_101_all_pairs_incl_sentinel,round_win = game_pnl > 0 (decisive only),COMPATIBILITY_ONLY_NOT_PRODUCTION,21502.3365,18825.0329,-62.4274,371,242,0.00290328,0.00290328,,0.00290328,62.4274,21502.3365,OK,0.0000,-2.4971,4.0000,96.0000,AG03-UNRESOLVED,ALL5_LEVELS_bet23_to_bet27,-2.4971,-2.4971,-3.1214,-3.1214,-3.1214,4.000000,4.000000,5.000000,5.000000,5.000000,96.000000,96.000000,95.000000,95.000000,95.000000,5.0,-14.3583,-13.1,-48.0691,-49.3274,PENDING_AG03,FALSE,NOT_FOR_ENFORCEMENT,-59.9303,18072.0316,-62.4274,-59.9303,-2.4971,-0.00290328,-0.00278715,-2.4971,-59.9303,-0.00278715,-2.4971,-2.4971,-3.1214,-3.1214,-3.1214,-59.9303,-0.00278715,-14.3583,-13.1,-48.0691,-49.3274,-0.00223553,-0.00229405,-0.00011613,57.9578,77.7894,-0.2580,-15.6068,-0.9459,5375.5841,60.5000,57.9578,,12.9089,38.7267,77.4533,129.0889,195.6986,258.1778,25.8178,-5.1636,5.053329,6.666667,1.496586,17,60,5,7,1.00000000,-0.00290328,-0.00290328,0E-8,0.000000,0.875488,0.000000,,2026-07-25,2026-07-30,4,66,39,6,0.666667,,1.000000,3.333333,,,,,,,,GLOBAL_BASELINE_NO_ENTITY_RANKING,,,NOT_APPLICABLE_GLOBAL_BASELINE,HF9g-P5,,,,X 全窗基线 · 不参与实体赏罚,3920907,393,A168_HF9F_20260827_0900,2026-08-27 09:00:00
2026-07-27,153436476,1654,0,51.6355562440,-51.6355562440,-51.6355562440,0E-7,1,1,0.49324550000000000,0.493245500000,-0.9865810262130424,-0.9865810262130424,-0.9865810262130424,0E-17,ELIGIBLE,R03b_20260811_FULL_v1,L1_ELIGIBILITY,v2026-08-11,2026-03-21..2026-08-06,baccarat_bet02_101_all_pairs_incl_sentinel,round_win = game_pnl > 0 (decisive only),COMPATIBILITY_ONLY_NOT_PRODUCTION,21502.3365,18825.0329,-62.4274,371,242,0.00290328,0.00290328,,0.00290328,62.4274,21502.3365,OK,0.0000,-2.4971,4.0000,96.0000,AG03-UNRESOLVED,ALL5_LEVELS_bet23_to_bet27,-2.4971,-2.4971,-3.1214,-3.1214,-3.1214,4.000000,4.000000,5.000000,5.000000,5.000000,96.000000,96.000000,95.000000,95.000000,95.000000,5.0,-14.3583,-13.1,-48.0691,-49.3274,PENDING_AG03,FALSE,NOT_FOR_ENFORCEMENT,-59.9303,18072.0316,-62.4274,-59.9303,-2.4971,-0.00290328,-0.00278715,-2.4971,-59.9303,-0.00278715,-2.4971,-2.4971,-3.1214,-3.1214,-3.1214,-59.9303,-0.00278715,-14.3583,-13.1,-48.0691,-49.3274,-0.00223553,-0.00229405,-0.00011613,57.9578,77.7894,-0.2580,-15.6068,-0.9459,5375.5841,60.5000,57.9578,,12.9089,38.7267,77.4533,129.0889,195.6986,258.1778,25.8178,-5.1636,5.053329,6.666667,1.496586,17,60,5,7,1.00000000,-0.00290328,-0.00290328,0E-8,0.000000,0.875488,0.000000,,2026-07-25,2026-07-30,4,66,39,6,0.666667,,1.000000,3.333333,,,,,,,,GLOBAL_BASELINE_NO_ENTITY_RANKING,,,NOT_APPLICABLE_GLOBAL_BASELINE,HF9g-P5,,,,X 全窗基线 · 不参与实体赏罚,3920908,393,A168_HF9F_20260827_0900,2026-08-27 09:00:00
2026-07-27,153436476,1704,0,129.0888906101,-129.0888906101,-129.0888906101,0E-7,1,1,0.50665070000000000,0.506650700000,-1.013391052207602,-1.013391052207602,-1.013391052207602,0E-17,ELIGIBLE,R03b_20260811_FULL_v1,L1_ELIGIBILITY,v2026-08-11,2026-03-21..2026-08-06,baccarat_bet02_101_all_pairs_incl_sentinel,round_win = game_pnl > 0 (decisive only),COMPATIBILITY_ONLY_NOT_PRODUCTION,21502.3365,18825.0329,-62.4274,371,242,0.00290328,0.00290328,,0.00290328,62.4274,21502.3365,OK,0.0000,-2.4971,4.0000,96.0000,AG03-UNRESOLVED,ALL5_LEVELS_bet23_to_bet27,-2.4971,-2.4971,-3.1214,-3.1214,-3.1214,4.000000,4.000000,5.000000,5.000000,5.000000,96.000000,96.000000,95.000000,95.000000,95.000000,5.0,-14.3583,-13.1,-48.0691,-49.3274,PENDING_AG03,FALSE,NOT_FOR_ENFORCEMENT,-59.9303,18072.0316,-62.4274,-59.9303,-2.4971,-0.00290328,-0.00278715,-2.4971,-59.9303,-0.00278715,-2.4971,-2.4971,-3.1214,-3.1214,-3.1214,-59.9303,-0.00278715,-14.3583,-13.1,-48.0691,-49.3274,-0.00223553,-0.00229405,-0.00011613,57.9578,77.7894,-0.2580,-15.6068,-0.9459,5375.5841,60.5000,57.9578,,12.9089,38.7267,77.4533,129.0889,195.6986,258.1778,25.8178,-5.1636,5.053329,6.666667,1.496586,17,60,5,7,1.00000000,-0.00290328,-0.00290328,0E-8,0.000000,0.875488,0.000000,,2026-07-25,2026-07-30,4,66,39,6,0.666667,,1.000000,3.333333,,,,,,,,GLOBAL_BASELINE_NO_ENTITY_RANKING,,,NOT_APPLICABLE_GLOBAL_BASELINE,HF9g-P5,,,,X 全窗基线 · 不参与实体赏罚,3920909,393,A168_HF9F_20260827_0900,2026-08-27 09:00:00
2026-07-27,153436476,1942,0,815.8417886557,501.8976066920,501.8976066920,0.8000000,8,5,0.47233527384486038,0.380355290000,1.4676093566369857,1.9328611251328853,1.4676093566369857,0.09197998384486038,ELIGIBLE,R03b_20260811_FULL_v1,L1_ELIGIBILITY,v2026-08-11,2026-03-21..2026-08-06,baccarat_bet02_101_all_pairs_incl_sentinel,round_win = game_pnl > 0 (decisive only),COMPATIBILITY_ONLY_NOT_PRODUCTION,21502.3365,18825.0329,-62.4274,371,242,0.00290328,0.00290328,,0.00290328,62.4274,21502.3365,OK,0.0000,-2.4971,4.0000,96.0000,AG03-UNRESOLVED,ALL5_LEVELS_bet23_to_bet27,-2.4971,-2.4971,-3.1214,-3.1214,-3.1214,4.000000,4.000000,5.000000,5.000000,5.000000,96.000000,96.000000,95.000000,95.000000,95.000000,5.0,-14.3583,-13.1,-48.0691,-49.3274,PENDING_AG03,FALSE,NOT_FOR_ENFORCEMENT,-59.9303,18072.0316,-62.4274,-59.9303,-2.4971,-0.00290328,-0.00278715,-2.4971,-59.9303,-0.00278715,-2.4971,-2.4971,-3.1214,-3.1214,-3.1214,-59.9303,-0.00278715,-14.3583,-13.1,-48.0691,-49.3274,-0.00223553,-0.00229405,-0.00011613,57.9578,77.7894,-0.2580,-15.6068,-0.9459,5375.5841,60.5000,57.9578,,12.9089,38.7267,77.4533,129.0889,195.6986,258.1778,25.8178,-5.1636,5.053329,6.666667,1.496586,17,60,5,7,1.00000000,-0.00290328,-0.00290328,0E-8,0.000000,0.875488,0.000000,,2026-07-25,2026-07-30,4,66,39,6,0.666667,,1.000000,3.333333,,,,,,,,GLOBAL_BASELINE_NO_ENTITY_RANKING,,,NOT_APPLICABLE_GLOBAL_BASELINE,HF9g-P5,,,,X 全窗基线 · 不参与实体赏罚,3920910,393,A168_HF9F_20260827_0900,2026-08-27 09:00:00
2026-07-27,153436476,1951,0,555.0822296232,272.3775591873,272.3775591873,0.7500000,8,4,0.47057950043860934,0.367857250000,1.1196218916310274,1.584923772893334,1.1196218916310274,0.10272225043860934,ELIGIBLE,R03b_20260811_FULL_v1,L1_ELIGIBILITY,v2026-08-11,2026-03-21..2026-08-06,baccarat_bet02_101_all_pairs_incl_sentinel,round_win = game_pnl > 0 (decisive only),COMPATIBILITY_ONLY_NOT_PRODUCTION,21502.3365,18825.0329,-62.4274,371,242,0.00290328,0.00290328,,0.00290328,62.4274,21502.3365,OK,0.0000,-2.4971,4.0000,96.0000,AG03-UNRESOLVED,ALL5_LEVELS_bet23_to_bet27,-2.4971,-2.4971,-3.1214,-3.1214,-3.1214,4.000000,4.000000,5.000000,5.000000,5.000000,96.000000,96.000000,95.000000,95.000000,95.000000,5.0,-14.3583,-13.1,-48.0691,-49.3274,PENDING_AG03,FALSE,NOT_FOR_ENFORCEMENT,-59.9303,18072.0316,-62.4274,-59.9303,-2.4971,-0.00290328,-0.00278715,-2.4971,-59.9303,-0.00278715,-2.4971,-2.4971,-3.1214,-3.1214,-3.1214,-59.9303,-0.00278715,-14.3583,-13.1,-48.0691,-49.3274,-0.00223553,-0.00229405,-0.00011613,57.9578,77.7894,-0.2580,-15.6068,-0.9459,5375.5841,60.5000,57.9578,,12.9089,38.7267,77.4533,129.0889,195.6986,258.1778,25.8178,-5.1636,5.053329,6.666667,1.496586,17,60,5,7,1.00000000,-0.00290328,-0.00290328,0E-8,0.000000,0.875488,0.000000,,2026-07-25,2026-07-30,4,66,39,6,0.666667,,1.000000,3.333333,,,,,,,,GLOBAL_BASELINE_NO_ENTITY_RANKING,,,NOT_APPLICABLE_GLOBAL_BASELINE,HF9g-P5,,,,X 全窗基线 · 不参与实体赏罚,3920911,393,A168_HF9F_20260827_0900,2026-08-27 09:00:00
2026-07-27,153436476,1957,0,129.0888906101,122.6344460796,122.6344460796,1.0000000,1,1,0.50665070000000000,0.506650700000,0.9867858985152569,0.9867858985152569,0.9867858985152569,0E-17,ELIGIBLE,R03b_20260811_FULL_v1,L1_ELIGIBILITY,v2026-08-11,2026-03-21..2026-08-06,baccarat_bet02_101_all_pairs_incl_sentinel,round_win = game_pnl > 0 (decisive only),COMPATIBILITY_ONLY_NOT_PRODUCTION,21502.3365,18825.0329,-62.4274,371,242,0.00290328,0.00290328,,0.00290328,62.4274,21502.3365,OK,0.0000,-2.4971,4.0000,96.0000,AG03-UNRESOLVED,ALL5_LEVELS_bet23_to_bet27,-2.4971,-2.4971,-3.1214,-3.1214,-3.1214,4.000000,4.000000,5.000000,5.000000,5.000000,96.000000,96.000000,95.000000,95.000000,95.000000,5.0,-14.3583,-13.1,-48.0691,-49.3274,PENDING_AG03,FALSE,NOT_FOR_ENFORCEMENT,-59.9303,18072.0316,-62.4274,-59.9303,-2.4971,-0.00290328,-0.00278715,-2.4971,-59.9303,-0.00278715,-2.4971,-2.4971,-3.1214,-3.1214,-3.1214,-59.9303,-0.00278715,-14.3583,-13.1,-48.0691,-49.3274,-0.00223553,-0.00229405,-0.00011613,57.9578,77.7894,-0.2580,-15.6068,-0.9459,5375.5841,60.5000,57.9578,,12.9089,38.7267,77.4533,129.0889,195.6986,258.1778,25.8178,-5.1636,5.053329,6.666667,1.496586,17,60,5,7,1.00000000,-0.00290328,-0.00290328,0E-8,0.000000,0.875488,0.000000,,2026-07-25,2026-07-30,4,66,39,6,0.666667,,1.000000,3.333333,,,,,,,,GLOBAL_BASELINE_NO_ENTITY_RANKING,,,NOT_APPLICABLE_GLOBAL_BASELINE,HF9g-P5,,,,X 全窗基线 · 不参与实体赏罚,3920912,393,A168_HF9F_20260827_0900,2026-08-27 09:00:00
2026-07-27,153436476,2093,0,1017.2204580074,464.7200061965,464.7200061965,0.8571429,16,8,0.46055793669379788,0.371974477500,2.105090045086266,2.655805649832925,2.105090045086266,0.08858345919379788,ELIGIBLE,R03b_20260811_FULL_v1,L1_ELIGIBILITY,v2026-08-11,2026-03-21..2026-08-06,baccarat_bet02_101_all_pairs_incl_sentinel,round_win = game_pnl > 0 (decisive only),COMPATIBILITY_ONLY_NOT_PRODUCTION,21502.3365,18825.0329,-62.4274,371,242,0.00290328,0.00290328,,0.00290328,62.4274,21502.3365,OK,0.0000,-2.4971,4.0000,96.0000,AG03-UNRESOLVED,ALL5_LEVELS_bet23_to_bet27,-2.4971,-2.4971,-3.1214,-3.1214,-3.1214,4.000000,4.000000,5.000000,5.000000,5.000000,96.000000,96.000000,95.000000,95.000000,95.000000,5.0,-14.3583,-13.1,-48.0691,-49.3274,PENDING_AG03,FALSE,NOT_FOR_ENFORCEMENT,-59.9303,18072.0316,-62.4274,-59.9303,-2.4971,-0.00290328,-0.00278715,-2.4971,-59.9303,-0.00278715,-2.4971,-2.4971,-3.1214,-3.1214,-3.1214,-59.9303,-0.00278715,-14.3583,-13.1,-48.0691,-49.3274,-0.00223553,-0.00229405,-0.00011613,57.9578,77.7894,-0.2580,-15.6068,-0.9459,5375.5841,60.5000,57.9578,,12.9089,38.7267,77.4533,129.0889,195.6986,258.1778,25.8178,-5.1636,5.053329,6.666667,1.496586,17,60,5,7,1.00000000,-0.00290328,-0.00290328,0E-8,0.000000,0.875488,0.000000,,2026-07-25,2026-07-30,4,66,39,6,0.666667,,1.000000,3.333333,,,,,,,,GLOBAL_BASELINE_NO_ENTITY_RANKING,,,NOT_APPLICABLE_GLOBAL_BASELINE,HF9g-P5,,,,X 全窗基线 · 不参与实体赏罚,3920913,393,A168_HF9F_20260827_0900,2026-08-27 09:00:00
2026-07-27,153436476,2103,0,309.8133374642,335.6311155863,335.6311155863,1.0000000,8,2,0.38732518571435800,0.184311250000,1.7786567418084986,2.9750982455654875,1.7786567418084986,0.20301393571435800,ELIGIBLE,R03b_20260811_FULL_v1,L1_ELIGIBILITY,v2026-08-11,2026-03-21..2026-08-06,baccarat_bet02_101_all_pairs_incl_sentinel,round_win = game_pnl > 0 (decisive only),COMPATIBILITY_ONLY_NOT_PRODUCTION,21502.3365,18825.0329,-62.4274,371,242,0.00290328,0.00290328,,0.00290328,62.4274,21502.3365,OK,0.0000,-2.4971,4.0000,96.0000,AG03-UNRESOLVED,ALL5_LEVELS_bet23_to_bet27,-2.4971,-2.4971,-3.1214,-3.1214,-3.1214,4.000000,4.000000,5.000000,5.000000,5.000000,96.000000,96.000000,95.000000,95.000000,95.000000,5.0,-14.3583,-13.1,-48.0691,-49.3274,PENDING_AG03,FALSE,NOT_FOR_ENFORCEMENT,-59.9303,18072.0316,-62.4274,-59.9303,-2.4971,-0.00290328,-0.00278715,-2.4971,-59.9303,-0.00278715,-2.4971,-2.4971,-3.1214,-3.1214,-3.1214,-59.9303,-0.00278715,-14.3583,-13.1,-48.0691,-49.3274,-0.00223553,-0.00229405,-0.00011613,57.9578,77.7894,-0.2580,-15.6068,-0.9459,5375.5841,60.5000,57.9578,,12.9089,38.7267,77.4533,129.0889,195.6986,258.1778,25.8178,-5.1636,5.053329,6.666667,1.496586,17,60,5,7,1.00000000,-0.00290328,-0.00290328,0E-8,0.000000,0.875488,0.000000,,2026-07-25,2026-07-30,4,66,39,6,0.666667,,1.000000,3.333333,,,,,,,,GLOBAL_BASELINE_NO_ENTITY_RANKING,,,NOT_APPLICABLE_GLOBAL_BASELINE,HF9g-P5,,,,X 全窗基线 · 不参与实体赏罚,3920914,393,A168_HF9F_20260827_0900,2026-08-27 09:00:00
2026-07-27,153436476,2106,0,1135.9822373686,362.0943381613,362.0943381613,0.5555556,16,9,0.44842714942025637,0.372938772222,0.6462171927470035,1.132891193536612,0.6462171927470035,0.07548837719825637,ELIGIBLE,R03b_20260811_FULL_v1,L1_ELIGIBILITY,v2026-08-11,2026-03-21..2026-08-06,baccarat_bet02_101_all_pairs_incl_sentinel,round_win = game_pnl > 0 (decisive only),COMPATIBILITY_ONLY_NOT_PRODUCTION,21502.3365,18825.0329,-62.4274,371,242,0.00290328,0.00290328,,0.00290328,62.4274,21502.3365,OK,0.0000,-2.4971,4.0000,96.0000,AG03-UNRESOLVED,ALL5_LEVELS_bet23_to_bet27,-2.4971,-2.4971,-3.1214,-3.1214,-3.1214,4.000000,4.000000,5.000000,5.000000,5.000000,96.000000,96.000000,95.000000,95.000000,95.000000,5.0,-14.3583,-13.1,-48.0691,-49.3274,PENDING_AG03,FALSE,NOT_FOR_ENFORCEMENT,-59.9303,18072.0316,-62.4274,-59.9303,-2.4971,-0.00290328,-0.00278715,-2.4971,-59.9303,-0.00278715,-2.4971,-2.4971,-3.1214,-3.1214,-3.1214,-59.9303,-0.00278715,-14.3583,-13.1,-48.0691,-49.3274,-0.00223553,-0.00229405,-0.00011613,57.9578,77.7894,-0.2580,-15.6068,-0.9459,5375.5841,60.5000,57.9578,,12.9089,38.7267,77.4533,129.0889,195.6986,258.1778,25.8178,-5.1636,5.053329,6.666667,1.496586,17,60,5,7,1.00000000,-0.00290328,-0.00290328,0E-8,0.000000,0.875488,0.000000,,2026-07-25,2026-07-30,4,66,39,6,0.666667,,1.000000,3.333333,,,,,,,,GLOBAL_BASELINE_NO_ENTITY_RANKING,,,NOT_APPLICABLE_GLOBAL_BASELINE,HF9g-P5,,,,X 全窗基线 · 不参与实体赏罚,3920915,393,A168_HF9F_20260827_0900,2026-08-27 09:00:00
2026-07-27,153436476,2127,0,203.9604471639,-2.5817778123,-2.5817778123,0.6666667,4,3,0.48855348974360328,0.435741850000,0.617163889882978,0.8066361439539496,0.617163889882978,0.05281163974360328,ELIGIBLE,R03b_20260811_FULL_v1,L1_ELIGIBILITY,v2026-08-11,2026-03-21..2026-08-06,baccarat_bet02_101_all_pairs_incl_sentinel,round_win = game_pnl > 0 (decisive only),COMPATIBILITY_ONLY_NOT_PRODUCTION,21502.3365,18825.0329,-62.4274,371,242,0.00290328,0.00290328,,0.00290328,62.4274,21502.3365,OK,0.0000,-2.4971,4.0000,96.0000,AG03-UNRESOLVED,ALL5_LEVELS_bet23_to_bet27,-2.4971,-2.4971,-3.1214,-3.1214,-3.1214,4.000000,4.000000,5.000000,5.000000,5.000000,96.000000,96.000000,95.000000,95.000000,95.000000,5.0,-14.3583,-13.1,-48.0691,-49.3274,PENDING_AG03,FALSE,NOT_FOR_ENFORCEMENT,-59.9303,18072.0316,-62.4274,-59.9303,-2.4971,-0.00290328,-0.00278715,-2.4971,-59.9303,-0.00278715,-2.4971,-2.4971,-3.1214,-3.1214,-3.1214,-59.9303,-0.00278715,-14.3583,-13.1,-48.0691,-49.3274,-0.00223553,-0.00229405,-0.00011613,57.9578,77.7894,-0.2580,-15.6068,-0.9459,5375.5841,60.5000,57.9578,,12.9089,38.7267,77.4533,129.0889,195.6986,258.1778,25.8178,-5.1636,5.053329,6.666667,1.496586,17,60,5,7,1.00000000,-0.00290328,-0.00290328,0E-8,0.000000,0.875488,0.000000,,2026-07-25,2026-07-30,4,66,39,6,0.666667,,1.000000,3.333333,,,,,,,,GLOBAL_BASELINE_NO_ENTITY_RANKING,,,NOT_APPLICABLE_GLOBAL_BASELINE,HF9g-P5,,,,X 全窗基线 · 不参与实体赏罚,3920916,393,A168_HF9F_20260827_0900,2026-08-27 09:00:00
2026-07-27,153436476,2142,0,632.5355639893,309.8133374643,309.8133374643,0.8000000,20,5,0.41020157063095970,0.233049146667,1.772044491570998,2.9986300540971547,1.772044491570998,0.17715242396395970,ELIGIBLE,R03b_20260811_FULL_v1,L1_ELIGIBILITY,v2026-08-11,2026-03-21..2026-08-06,baccarat_bet02_101_all_pairs_incl_sentinel,round_win = game_pnl > 0 (decisive only),COMPATIBILITY_ONLY_NOT_PRODUCTION,21502.3365,18825.0329,-62.4274,371,242,0.00290328,0.00290328,,0.00290328,62.4274,21502.3365,OK,0.0000,-2.4971,4.0000,96.0000,AG03-UNRESOLVED,ALL5_LEVELS_bet23_to_bet27,-2.4971,-2.4971,-3.1214,-3.1214,-3.1214,4.000000,4.000000,5.000000,5.000000,5.000000,96.000000,96.000000,95.000000,95.000000,95.000000,5.0,-14.3583,-13.1,-48.0691,-49.3274,PENDING_AG03,FALSE,NOT_FOR_ENFORCEMENT,-59.9303,18072.0316,-62.4274,-59.9303,-2.4971,-0.00290328,-0.00278715,-2.4971,-59.9303,-0.00278715,-2.4971,-2.4971,-3.1214,-3.1214,-3.1214,-59.9303,-0.00278715,-14.3583,-13.1,-48.0691,-49.3274,-0.00223553,-0.00229405,-0.00011613,57.9578,77.7894,-0.2580,-15.6068,-0.9459,5375.5841,60.5000,57.9578,,12.9089,38.7267,77.4533,129.0889,195.6986,258.1778,25.8178,-5.1636,5.053329,6.666667,1.496586,17,60,5,7,1.00000000,-0.00290328,-0.00290328,0E-8,0.000000,0.875488,0.000000,,2026-07-25,2026-07-30,4,66,39,6,0.666667,,1.000000,3.333333,,,,,,,,GLOBAL_BASELINE_NO_ENTITY_RANKING,,,NOT_APPLICABLE_GLOBAL_BASELINE,HF9g-P5,,,,X 全窗基线 · 不参与实体赏罚,3920917,393,A168_HF9F_20260827_0900,2026-08-27 09:00:00
2026-07-27,153436476,2145,0,309.8133374642,-77.4533343660,-77.4533343660,0.6666667,5,3,0.46148245892859837,0.362598800000,0.7128974036088599,1.095497863370407,0.7128974036088599,0.09888365892859837,ELIGIBLE,R03b_20260811_FULL_v1,L1_ELIGIBILITY,v2026-08-11,2026-03-21..2026-08-06,baccarat_bet02_101_all_pairs_incl_sentinel,round_win = game_pnl > 0 (decisive only),COMPATIBILITY_ONLY_NOT_PRODUCTION,21502.3365,18825.0329,-62.4274,371,242,0.00290328,0.00290328,,0.00290328,62.4274,21502.3365,OK,0.0000,-2.4971,4.0000,96.0000,AG03-UNRESOLVED,ALL5_LEVELS_bet23_to_bet27,-2.4971,-2.4971,-3.1214,-3.1214,-3.1214,4.000000,4.000000,5.000000,5.000000,5.000000,96.000000,96.000000,95.000000,95.000000,95.000000,5.0,-14.3583,-13.1,-48.0691,-49.3274,PENDING_AG03,FALSE,NOT_FOR_ENFORCEMENT,-59.9303,18072.0316,-62.4274,-59.9303,-2.4971,-0.00290328,-0.00278715,-2.4971,-59.9303,-0.00278715,-2.4971,-2.4971,-3.1214,-3.1214,-3.1214,-59.9303,-0.00278715,-14.3583,-13.1,-48.0691,-49.3274,-0.00223553,-0.00229405,-0.00011613,57.9578,77.7894,-0.2580,-15.6068,-0.9459,5375.5841,60.5000,57.9578,,12.9089,38.7267,77.4533,129.0889,195.6986,258.1778,25.8178,-5.1636,5.053329,6.666667,1.496586,17,60,5,7,1.00000000,-0.00290328,-0.00290328,0E-8,0.000000,0.875488,0.000000,,2026-07-25,2026-07-30,4,66,39,6,0.666667,,1.000000,3.333333,,,,,,,,GLOBAL_BASELINE_NO_ENTITY_RANKING,,,NOT_APPLICABLE_GLOBAL_BASELINE,HF9g-P5,,,,X 全窗基线 · 不参与实体赏罚,3920918,393,A168_HF9F_20260827_0900,2026-08-27 09:00:00
2026-07-27,153436476,2152,0,129.0888906101,122.6344460796,122.6344460796,1.0000000,1,1,0.50665070000000000,0.506650700000,0.9867858985152569,0.9867858985152569,0.9867858985152569,0E-17,ELIGIBLE,R03b_20260811_FULL_v1,L1_ELIGIBILITY,v2026-08-11,2026-03-21..2026-08-06,baccarat_bet02_101_all_pairs_incl_sentinel,round_win = game_pnl > 0 (decisive only),COMPATIBILITY_ONLY_NOT_PRODUCTION,21502.3365,18825.0329,-62.4274,371,242,0.00290328,0.00290328,,0.00290328,62.4274,21502.3365,OK,0.0000,-2.4971,4.0000,96.0000,AG03-UNRESOLVED,ALL5_LEVELS_bet23_to_bet27,-2.4971,-2.4971,-3.1214,-3.1214,-3.1214,4.000000,4.000000,5.000000,5.000000,5.000000,96.000000,96.000000,95.000000,95.000000,95.000000,5.0,-14.3583,-13.1,-48.0691,-49.3274,PENDING_AG03,FALSE,NOT_FOR_ENFORCEMENT,-59.9303,18072.0316,-62.4274,-59.9303,-2.4971,-0.00290328,-0.00278715,-2.4971,-59.9303,-0.00278715,-2.4971,-2.4971,-3.1214,-3.1214,-3.1214,-59.9303,-0.00278715,-14.3583,-13.1,-48.0691,-49.3274,-0.00223553,-0.00229405,-0.00011613,57.9578,77.7894,-0.2580,-15.6068,-0.9459,5375.5841,60.5000,57.9578,,12.9089,38.7267,77.4533,129.0889,195.6986,258.1778,25.8178,-5.1636,5.053329,6.666667,1.496586,17,60,5,7,1.00000000,-0.00290328,-0.00290328,0E-8,0.000000,0.875488,0.000000,,2026-07-25,2026-07-30,4,66,39,6,0.666667,,1.000000,3.333333,,,,,,,,GLOBAL_BASELINE_NO_ENTITY_RANKING,,,NOT_APPLICABLE_GLOBAL_BASELINE,HF9g-P5,,,,X 全窗基线 · 不参与实体赏罚,3920919,393,A168_HF9F_20260827_0900,2026-08-27 09:00:00
2026-07-27,153436476,2155,0,258.1777812201,245.2688921591,245.2688921591,1.0000000,1,1,0.50665070000000000,0.506650700000,0.9867858985152569,0.9867858985152569,0.9867858985152569,0E-17,ELIGIBLE,R03b_20260811_FULL_v1,L1_ELIGIBILITY,v2026-08-11,2026-03-21..2026-08-06,baccarat_bet02_101_all_pairs_incl_sentinel,round_win = game_pnl > 0 (decisive only),COMPATIBILITY_ONLY_NOT_PRODUCTION,21502.3365,18825.0329,-62.4274,371,242,0.00290328,0.00290328,,0.00290328,62.4274,21502.3365,OK,0.0000,-2.4971,4.0000,96.0000,AG03-UNRESOLVED,ALL5_LEVELS_bet23_to_bet27,-2.4971,-2.4971,-3.1214,-3.1214,-3.1214,4.000000,4.000000,5.000000,5.000000,5.000000,96.000000,96.000000,95.000000,95.000000,95.000000,5.0,-14.3583,-13.1,-48.0691,-49.3274,PENDING_AG03,FALSE,NOT_FOR_ENFORCEMENT,-59.9303,18072.0316,-62.4274,-59.9303,-2.4971,-0.00290328,-0.00278715,-2.4971,-59.9303,-0.00278715,-2.4971,-2.4971,-3.1214,-3.1214,-3.1214,-59.9303,-0.00278715,-14.3583,-13.1,-48.0691,-49.3274,-0.00223553,-0.00229405,-0.00011613,57.9578,77.7894,-0.2580,-15.6068,-0.9459,5375.5841,60.5000,57.9578,,12.9089,38.7267,77.4533,129.0889,195.6986,258.1778,25.8178,-5.1636,5.053329,6.666667,1.496586,17,60,5,7,1.00000000,-0.00290328,-0.00290328,0E-8,0.000000,0.875488,0.000000,,2026-07-25,2026-07-30,4,66,39,6,0.666667,,1.000000,3.333333,,,,,,,,GLOBAL_BASELINE_NO_ENTITY_RANKING,,,NOT_APPLICABLE_GLOBAL_BASELINE,HF9g-P5,,,,X 全窗基线 · 不参与实体赏罚,3920920,393,A168_HF9F_20260827_0900,2026-08-27 09:00:00
2026-07-27,153436476,2156,0,643.6372085818,-83.3914233340,-83.3914233340,0.5000000,11,4,0.43933795525882270,0.263730647500,0.2444539730801478,1.0723553545291846,0.2444539730801478,0.17560730775882270,ELIGIBLE,R03b_20260811_FULL_v1,L1_ELIGIBILITY,v2026-08-11,2026-03-21..2026-08-06,baccarat_bet02_101_all_pairs_incl_sentinel,round_win = game_pnl > 0 (decisive only),COMPATIBILITY_ONLY_NOT_PRODUCTION,21502.3365,18825.0329,-62.4274,371,242,0.00290328,0.00290328,,0.00290328,62.4274,21502.3365,OK,0.0000,-2.4971,4.0000,96.0000,AG03-UNRESOLVED,ALL5_LEVELS_bet23_to_bet27,-2.4971,-2.4971,-3.1214,-3.1214,-3.1214,4.000000,4.000000,5.000000,5.000000,5.000000,96.000000,96.000000,95.000000,95.000000,95.000000,5.0,-14.3583,-13.1,-48.0691,-49.3274,PENDING_AG03,FALSE,NOT_FOR_ENFORCEMENT,-59.9303,18072.0316,-62.4274,-59.9303,-2.4971,-0.00290328,-0.00278715,-2.4971,-59.9303,-0.00278715,-2.4971,-2.4971,-3.1214,-3.1214,-3.1214,-59.9303,-0.00278715,-14.3583,-13.1,-48.0691,-49.3274,-0.00223553,-0.00229405,-0.00011613,57.9578,77.7894,-0.2580,-15.6068,-0.9459,5375.5841,60.5000,57.9578,,12.9089,38.7267,77.4533,129.0889,195.6986,258.1778,25.8178,-5.1636,5.053329,6.666667,1.496586,17,60,5,7,1.00000000,-0.00290328,-0.00290328,0E-8,0.000000,0.875488,0.000000,,2026-07-25,2026-07-30,4,66,39,6,0.666667,,1.000000,3.333333,,,,,,,,GLOBAL_BASELINE_NO_ENTITY_RANKING,,,NOT_APPLICABLE_GLOBAL_BASELINE,HF9g-P5,,,,X 全窗基线 · 不参与实体赏罚,3920921,393,A168_HF9F_20260827_0900,2026-08-27 09:00:00
2026-07-27,153436476,2175,0,771.9515658482,197.5060026335,197.5060026335,0.6666667,10,6,0.47794344797980933,0.413004633333,0.9254520643864718,1.2619329958816337,0.9254520643864718,0.06493881464680933,ELIGIBLE,R03b_20260811_FULL_v1,L1_ELIGIBILITY,v2026-08-11,2026-03-21..2026-08-06,baccarat_bet02_101_all_pairs_incl_sentinel,round_win = game_pnl > 0 (decisive only),COMPATIBILITY_ONLY_NOT_PRODUCTION,21502.3365,18825.0329,-62.4274,371,242,0.00290328,0.00290328,,0.00290328,62.4274,21502.3365,OK,0.0000,-2.4971,4.0000,96.0000,AG03-UNRESOLVED,ALL5_LEVELS_bet23_to_bet27,-2.4971,-2.4971,-3.1214,-3.1214,-3.1214,4.000000,4.000000,5.000000,5.000000,5.000000,96.000000,96.000000,95.000000,95.000000,95.000000,5.0,-14.3583,-13.1,-48.0691,-49.3274,PENDING_AG03,FALSE,NOT_FOR_ENFORCEMENT,-59.9303,18072.0316,-62.4274,-59.9303,-2.4971,-0.00290328,-0.00278715,-2.4971,-59.9303,-0.00278715,-2.4971,-2.4971,-3.1214,-3.1214,-3.1214,-59.9303,-0.00278715,-14.3583,-13.1,-48.0691,-49.3274,-0.00223553,-0.00229405,-0.00011613,57.9578,77.7894,-0.2580,-15.6068,-0.9459,5375.5841,60.5000,57.9578,,12.9089,38.7267,77.4533,129.0889,195.6986,258.1778,25.8178,-5.1636,5.053329,6.666667,1.496586,17,60,5,7,1.00000000,-0.00290328,-0.00290328,0E-8,0.000000,0.875488,0.000000,,2026-07-25,2026-07-30,4,66,39,6,0.666667,,1.000000,3.333333,,,,,,,,GLOBAL_BASELINE_NO_ENTITY_RANKING,,,NOT_APPLICABLE_GLOBAL_BASELINE,HF9g-P5,,,,X 全窗基线 · 不参与实体赏罚,3920922,393,A168_HF9F_20260827_0900,2026-08-27 09:00:00
2026-07-27,153436476,2223,0,206.5422249760,0E-10,0E-10,0.5000000,3,3,0.49324550000000000,0.493245500000,0.01910635448239258,0.01910635448239258,0.01910635448239258,0E-17,ELIGIBLE,R03b_20260811_FULL_v1,L1_ELIGIBILITY,v2026-08-11,2026-03-21..2026-08-06,baccarat_bet02_101_all_pairs_incl_sentinel,round_win = game_pnl > 0 (decisive only),COMPATIBILITY_ONLY_NOT_PRODUCTION,21502.3365,18825.0329,-62.4274,371,242,0.00290328,0.00290328,,0.00290328,62.4274,21502.3365,OK,0.0000,-2.4971,4.0000,96.0000,AG03-UNRESOLVED,ALL5_LEVELS_bet23_to_bet27,-2.4971,-2.4971,-3.1214,-3.1214,-3.1214,4.000000,4.000000,5.000000,5.000000,5.000000,96.000000,96.000000,95.000000,95.000000,95.000000,5.0,-14.3583,-13.1,-48.0691,-49.3274,PENDING_AG03,FALSE,NOT_FOR_ENFORCEMENT,-59.9303,18072.0316,-62.4274,-59.9303,-2.4971,-0.00290328,-0.00278715,-2.4971,-59.9303,-0.00278715,-2.4971,-2.4971,-3.1214,-3.1214,-3.1214,-59.9303,-0.00278715,-14.3583,-13.1,-48.0691,-49.3274,-0.00223553,-0.00229405,-0.00011613,57.9578,77.7894,-0.2580,-15.6068,-0.9459,5375.5841,60.5000,57.9578,,12.9089,38.7267,77.4533,129.0889,195.6986,258.1778,25.8178,-5.1636,5.053329,6.666667,1.496586,17,60,5,7,1.00000000,-0.00290328,-0.00290328,0E-8,0.000000,0.875488,0.000000,,2026-07-25,2026-07-30,4,66,39,6,0.666667,,1.000000,3.333333,,,,,,,,GLOBAL_BASELINE_NO_ENTITY_RANKING,,,NOT_APPLICABLE_GLOBAL_BASELINE,HF9g-P5,,,,X 全窗基线 · 不参与实体赏罚,3920923,393,A168_HF9F_20260827_0900,2026-08-27 09:00:00
2026-07-27,153436476,2239,0,449.2293393231,128.5725350477,128.5725350477,0.5000000,5,5,0.50396966000000000,0.503969660000,-0.0158791404612453,-0.0158791404612453,-0.0158791404612453,0E-17,ELIGIBLE,R03b_20260811_FULL_v1,L1_ELIGIBILITY,v2026-08-11,2026-03-21..2026-08-06,baccarat_bet02_101_all_pairs_incl_sentinel,round_win = game_pnl > 0 (decisive only),COMPATIBILITY_ONLY_NOT_PRODUCTION,21502.3365,18825.0329,-62.4274,371,242,0.00290328,0.00290328,,0.00290328,62.4274,21502.3365,OK,0.0000,-2.4971,4.0000,96.0000,AG03-UNRESOLVED,ALL5_LEVELS_bet23_to_bet27,-2.4971,-2.4971,-3.1214,-3.1214,-3.1214,4.000000,4.000000,5.000000,5.000000,5.000000,96.000000,96.000000,95.000000,95.000000,95.000000,5.0,-14.3583,-13.1,-48.0691,-49.3274,PENDING_AG03,FALSE,NOT_FOR_ENFORCEMENT,-59.9303,18072.0316,-62.4274,-59.9303,-2.4971,-0.00290328,-0.00278715,-2.4971,-59.9303,-0.00278715,-2.4971,-2.4971,-3.1214,-3.1214,-3.1214,-59.9303,-0.00278715,-14.3583,-13.1,-48.0691,-49.3274,-0.00223553,-0.00229405,-0.00011613,57.9578,77.7894,-0.2580,-15.6068,-0.9459,5375.5841,60.5000,57.9578,,12.9089,38.7267,77.4533,129.0889,195.6986,258.1778,25.8178,-5.1636,5.053329,6.666667,1.496586,17,60,5,7,1.00000000,-0.00290328,-0.00290328,0E-8,0.000000,0.875488,0.000000,,2026-07-25,2026-07-30,4,66,39,6,0.666667,,1.000000,3.333333,,,,,,,,GLOBAL_BASELINE_NO_ENTITY_RANKING,,,NOT_APPLICABLE_GLOBAL_BASELINE,HF9g-P5,,,,X 全窗基线 · 不参与实体赏罚,3920924,393,A168_HF9F_20260827_0900,2026-08-27 09:00:00
2026-07-27,153436476,2246,0,129.0888906101,0E-10,0E-10,,1,1,0.50665070000000000,0.506650700000,,,,0E-17,NO_DECISIVE_ROUND,R03b_20260811_FULL_v1,L1_ELIGIBILITY,v2026-08-11,2026-03-21..2026-08-06,baccarat_bet02_101_all_pairs_incl_sentinel,round_win = game_pnl > 0 (decisive only),COMPATIBILITY_ONLY_NOT_PRODUCTION,21502.3365,18825.0329,-62.4274,371,242,0.00290328,0.00290328,,0.00290328,62.4274,21502.3365,OK,0.0000,-2.4971,4.0000,96.0000,AG03-UNRESOLVED,ALL5_LEVELS_bet23_to_bet27,-2.4971,-2.4971,-3.1214,-3.1214,-3.1214,4.000000,4.000000,5.000000,5.000000,5.000000,96.000000,96.000000,95.000000,95.000000,95.000000,5.0,-14.3583,-13.1,-48.0691,-49.3274,PENDING_AG03,FALSE,NOT_FOR_ENFORCEMENT,-59.9303,18072.0316,-62.4274,-59.9303,-2.4971,-0.00290328,-0.00278715,-2.4971,-59.9303,-0.00278715,-2.4971,-2.4971,-3.1214,-3.1214,-3.1214,-59.9303,-0.00278715,-14.3583,-13.1,-48.0691,-49.3274,-0.00223553,-0.00229405,-0.00011613,57.9578,77.7894,-0.2580,-15.6068,-0.9459,5375.5841,60.5000,57.9578,,12.9089,38.7267,77.4533,129.0889,195.6986,258.1778,25.8178,-5.1636,5.053329,6.666667,1.496586,17,60,5,7,1.00000000,-0.00290328,-0.00290328,0E-8,0.000000,0.875488,0.000000,,2026-07-25,2026-07-30,4,66,39,6,0.666667,,1.000000,3.333333,,,,,,,,GLOBAL_BASELINE_NO_ENTITY_RANKING,,,NOT_APPLICABLE_GLOBAL_BASELINE,HF9g-P5,,,,X 全窗基线 · 不参与实体赏罚,3920925,393,A168_HF9F_20260827_0900,2026-08-27 09:00:00
2026-07-27,153436476,2258,0,51.6355562440,-51.6355562440,-51.6355562440,0E-7,1,1,0.49324550000000000,0.493245500000,-0.9865810262130424,-0.9865810262130424,-0.9865810262130424,0E-17,ELIGIBLE,R03b_20260811_FULL_v1,L1_ELIGIBILITY,v2026-08-11,2026-03-21..2026-08-06,baccarat_bet02_101_all_pairs_incl_sentinel,round_win = game_pnl > 0 (decisive only),COMPATIBILITY_ONLY_NOT_PRODUCTION,21502.3365,18825.0329,-62.4274,371,242,0.00290328,0.00290328,,0.00290328,62.4274,21502.3365,OK,0.0000,-2.4971,4.0000,96.0000,AG03-UNRESOLVED,ALL5_LEVELS_bet23_to_bet27,-2.4971,-2.4971,-3.1214,-3.1214,-3.1214,4.000000,4.000000,5.000000,5.000000,5.000000,96.000000,96.000000,95.000000,95.000000,95.000000,5.0,-14.3583,-13.1,-48.0691,-49.3274,PENDING_AG03,FALSE,NOT_FOR_ENFORCEMENT,-59.9303,18072.0316,-62.4274,-59.9303,-2.4971,-0.00290328,-0.00278715,-2.4971,-59.9303,-0.00278715,-2.4971,-2.4971,-3.1214,-3.1214,-3.1214,-59.9303,-0.00278715,-14.3583,-13.1,-48.0691,-49.3274,-0.00223553,-0.00229405,-0.00011613,57.9578,77.7894,-0.2580,-15.6068,-0.9459,5375.5841,60.5000,57.9578,,12.9089,38.7267,77.4533,129.0889,195.6986,258.1778,25.8178,-5.1636,5.053329,6.666667,1.496586,17,60,5,7,1.00000000,-0.00290328,-0.00290328,0E-8,0.000000,0.875488,0.000000,,2026-07-25,2026-07-30,4,66,39,6,0.666667,,1.000000,3.333333,,,,,,,,GLOBAL_BASELINE_NO_ENTITY_RANKING,,,NOT_APPLICABLE_GLOBAL_BASELINE,HF9g-P5,,,,X 全窗基线 · 不参与实体赏罚,3920926,393,A168_HF9F_20260827_0900,2026-08-27 09:00:00
2026-07-27,153436476,2261,0,361.4488937082,-129.0888906101,-129.0888906101,0.5000000,6,3,0.42831711111112589,0.336028772222,0.20486614166464798,0.49093023932019053,0.20486614166464798,0.09228833888912589,ELIGIBLE,R03b_20260811_FULL_v1,L1_ELIGIBILITY,v2026-08-11,2026-03-21..2026-08-06,baccarat_bet02_101_all_pairs_incl_sentinel,round_win = game_pnl > 0 (decisive only),COMPATIBILITY_ONLY_NOT_PRODUCTION,21502.3365,18825.0329,-62.4274,371,242,0.00290328,0.00290328,,0.00290328,62.4274,21502.3365,OK,0.0000,-2.4971,4.0000,96.0000,AG03-UNRESOLVED,ALL5_LEVELS_bet23_to_bet27,-2.4971,-2.4971,-3.1214,-3.1214,-3.1214,4.000000,4.000000,5.000000,5.000000,5.000000,96.000000,96.000000,95.000000,95.000000,95.000000,5.0,-14.3583,-13.1,-48.0691,-49.3274,PENDING_AG03,FALSE,NOT_FOR_ENFORCEMENT,-59.9303,18072.0316,-62.4274,-59.9303,-2.4971,-0.00290328,-0.00278715,-2.4971,-59.9303,-0.00278715,-2.4971,-2.4971,-3.1214,-3.1214,-3.1214,-59.9303,-0.00278715,-14.3583,-13.1,-48.0691,-49.3274,-0.00223553,-0.00229405,-0.00011613,57.9578,77.7894,-0.2580,-15.6068,-0.9459,5375.5841,60.5000,57.9578,,12.9089,38.7267,77.4533,129.0889,195.6986,258.1778,25.8178,-5.1636,5.053329,6.666667,1.496586,17,60,5,7,1.00000000,-0.00290328,-0.00290328,0E-8,0.000000,0.875488,0.000000,,2026-07-25,2026-07-30,4,66,39,6,0.666667,,1.000000,3.333333,,,,,,,,GLOBAL_BASELINE_NO_ENTITY_RANKING,,,NOT_APPLICABLE_GLOBAL_BASELINE,HF9g-P5,,,,X 全窗基线 · 不参与实体赏罚,3920927,393,A168_HF9F_20260827_0900,2026-08-27 09:00:00
2026-07-27,153436476,2262,0,1657.5013554333,-198.7968915394,-198.7968915394,0.5000000,16,9,0.46868743706554746,0.405797927778,0.17747897456454106,0.5426045814055934,0.17747897456454106,0.06288950928754746,ELIGIBLE,R03b_20260811_FULL_v1,L1_ELIGIBILITY,v2026-08-11,2026-03-21..2026-08-06,baccarat_bet02_101_all_pairs_incl_sentinel,round_win = game_pnl > 0 (decisive only),COMPATIBILITY_ONLY_NOT_PRODUCTION,21502.3365,18825.0329,-62.4274,371,242,0.00290328,0.00290328,,0.00290328,62.4274,21502.3365,OK,0.0000,-2.4971,4.0000,96.0000,AG03-UNRESOLVED,ALL5_LEVELS_bet23_to_bet27,-2.4971,-2.4971,-3.1214,-3.1214,-3.1214,4.000000,4.000000,5.000000,5.000000,5.000000,96.000000,96.000000,95.000000,95.000000,95.000000,5.0,-14.3583,-13.1,-48.0691,-49.3274,PENDING_AG03,FALSE,NOT_FOR_ENFORCEMENT,-59.9303,18072.0316,-62.4274,-59.9303,-2.4971,-0.00290328,-0.00278715,-2.4971,-59.9303,-0.00278715,-2.4971,-2.4971,-3.1214,-3.1214,-3.1214,-59.9303,-0.00278715,-14.3583,-13.1,-48.0691,-49.3274,-0.00223553,-0.00229405,-0.00011613,57.9578,77.7894,-0.2580,-15.6068,-0.9459,5375.5841,60.5000,57.9578,,12.9089,38.7267,77.4533,129.0889,195.6986,258.1778,25.8178,-5.1636,5.053329,6.666667,1.496586,17,60,5,7,1.00000000,-0.00290328,-0.00290328,0E-8,0.000000,0.875488,0.000000,,2026-07-25,2026-07-30,4,66,39,6,0.666667,,1.000000,3.333333,,,,,,,,GLOBAL_BASELINE_NO_ENTITY_RANKING,,,NOT_APPLICABLE_GLOBAL_BASELINE,HF9g-P5,,,,X 全窗基线 · 不参与实体赏罚,3920928,393,A168_HF9F_20260827_0900,2026-08-27 09:00:00
2026-07-27,153436476,526,0,147.1613352954,51.6355562440,51.6355562440,0.7500000,4,4,0.49659680000000000,0.496596800000,1.0136362796769356,1.0136362796769358,1.0136362796769356,0E-17,ELIGIBLE,R03b_20260811_FULL_v1,L1_ELIGIBILITY,v2026-08-11,2026-03-21..2026-08-06,baccarat_bet02_101_all_pairs_incl_sentinel,round_win = game_pnl > 0 (decisive only),COMPATIBILITY_ONLY_NOT_PRODUCTION,21502.3365,18825.0329,-62.4274,371,242,0.00290328,0.00290328,,0.00290328,62.4274,21502.3365,OK,0.0000,-2.4971,4.0000,96.0000,AG03-UNRESOLVED,ALL5_LEVELS_bet23_to_bet27,-2.4971,-2.4971,-3.1214,-3.1214,-3.1214,4.000000,4.000000,5.000000,5.000000,5.000000,96.000000,96.000000,95.000000,95.000000,95.000000,5.0,-14.3583,-13.1,-48.0691,-49.3274,PENDING_AG03,FALSE,NOT_FOR_ENFORCEMENT,-59.9303,18072.0316,-62.4274,-59.9303,-2.4971,-0.00290328,-0.00278715,-2.4971,-59.9303,-0.00278715,-2.4971,-2.4971,-3.1214,-3.1214,-3.1214,-59.9303,-0.00278715,-14.3583,-13.1,-48.0691,-49.3274,-0.00223553,-0.00229405,-0.00011613,57.9578,77.7894,-0.2580,-15.6068,-0.9459,5375.5841,60.5000,57.9578,,12.9089,38.7267,77.4533,129.0889,195.6986,258.1778,25.8178,-5.1636,5.053329,6.666667,1.496586,17,60,5,7,1.00000000,-0.00290328,-0.00290328,0E-8,0.000000,0.875488,0.000000,,2026-07-25,2026-07-30,4,66,39,6,0.666667,,1.000000,3.333333,,,,,,,,GLOBAL_BASELINE_NO_ENTITY_RANKING,,,NOT_APPLICABLE_GLOBAL_BASELINE,HF9g-P5,,,,X 全窗基线 · 不参与实体赏罚,3920929,393,A168_HF9F_20260827_0900,2026-08-27 09:00:00
2026-07-27,153436476,529,0,449.2293393230,285.8028038108,285.8028038108,0.7500000,6,4,0.47743933894230923,0.401963075000,1.0913541726430656,1.4197054147302135,1.0913541726430656,0.07547626394230923,ELIGIBLE,R03b_20260811_FULL_v1,L1_ELIGIBILITY,v2026-08-11,2026-03-21..2026-08-06,baccarat_bet02_101_all_pairs_incl_sentinel,round_win = game_pnl > 0 (decisive only),COMPATIBILITY_ONLY_NOT_PRODUCTION,21502.3365,18825.0329,-62.4274,371,242,0.00290328,0.00290328,,0.00290328,62.4274,21502.3365,OK,0.0000,-2.4971,4.0000,96.0000,AG03-UNRESOLVED,ALL5_LEVELS_bet23_to_bet27,-2.4971,-2.4971,-3.1214,-3.1214,-3.1214,4.000000,4.000000,5.000000,5.000000,5.000000,96.000000,96.000000,95.000000,95.000000,95.000000,5.0,-14.3583,-13.1,-48.0691,-49.3274,PENDING_AG03,FALSE,NOT_FOR_ENFORCEMENT,-59.9303,18072.0316,-62.4274,-59.9303,-2.4971,-0.00290328,-0.00278715,-2.4971,-59.9303,-0.00278715,-2.4971,-2.4971,-3.1214,-3.1214,-3.1214,-59.9303,-0.00278715,-14.3583,-13.1,-48.0691,-49.3274,-0.00223553,-0.00229405,-0.00011613,57.9578,77.7894,-0.2580,-15.6068,-0.9459,5375.5841,60.5000,57.9578,,12.9089,38.7267,77.4533,129.0889,195.6986,258.1778,25.8178,-5.1636,5.053329,6.666667,1.496586,17,60,5,7,1.00000000,-0.00290328,-0.00290328,0E-8,0.000000,0.875488,0.000000,,2026-07-25,2026-07-30,4,66,39,6,0.666667,,1.000000,3.333333,,,,,,,,GLOBAL_BASELINE_NO_ENTITY_RANKING,,,NOT_APPLICABLE_GLOBAL_BASELINE,HF9g-P5,,,,X 全窗基线 · 不参与实体赏罚,3920930,393,A168_HF9F_20260827_0900,2026-08-27 09:00:00
2026-07-27,153436476,626,0,229.7782252859,-78.7442232722,-78.7442232722,0.5000000,2,2,0.49994810000000000,0.499948100000,0.00014679536856514622,0.00014679536856514622,0.00014679536856514622,0E-17,ELIGIBLE,R03b_20260811_FULL_v1,L1_ELIGIBILITY,v2026-08-11,2026-03-21..2026-08-06,baccarat_bet02_101_all_pairs_incl_sentinel,round_win = game_pnl > 0 (decisive only),COMPATIBILITY_ONLY_NOT_PRODUCTION,21502.3365,18825.0329,-62.4274,371,242,0.00290328,0.00290328,,0.00290328,62.4274,21502.3365,OK,0.0000,-2.4971,4.0000,96.0000,AG03-UNRESOLVED,ALL5_LEVELS_bet23_to_bet27,-2.4971,-2.4971,-3.1214,-3.1214,-3.1214,4.000000,4.000000,5.000000,5.000000,5.000000,96.000000,96.000000,95.000000,95.000000,95.000000,5.0,-14.3583,-13.1,-48.0691,-49.3274,PENDING_AG03,FALSE,NOT_FOR_ENFORCEMENT,-59.9303,18072.0316,-62.4274,-59.9303,-2.4971,-0.00290328,-0.00278715,-2.4971,-59.9303,-0.00278715,-2.4971,-2.4971,-3.1214,-3.1214,-3.1214,-59.9303,-0.00278715,-14.3583,-13.1,-48.0691,-49.3274,-0.00223553,-0.00229405,-0.00011613,57.9578,77.7894,-0.2580,-15.6068,-0.9459,5375.5841,60.5000,57.9578,,12.9089,38.7267,77.4533,129.0889,195.6986,258.1778,25.8178,-5.1636,5.053329,6.666667,1.496586,17,60,5,7,1.00000000,-0.00290328,-0.00290328,0E-8,0.000000,0.875488,0.000000,,2026-07-25,2026-07-30,4,66,39,6,0.666667,,1.000000,3.333333,,,,,,,,GLOBAL_BASELINE_NO_ENTITY_RANKING,,,NOT_APPLICABLE_GLOBAL_BASELINE,HF9g-P5,,,,X 全窗基线 · 不参与实体赏罚,3920931,393,A168_HF9F_20260827_0900,2026-08-27 09:00:00
2026-07-27,153436476,987,0,467.3017840084,-51.6355562440,-51.6355562440,0E-7,9,4,0.43377095377273062,0.303899445834,-1.5159845983325937,-1.144430942941154,-1.5159845983325937,0.12987150793873062,ELIGIBLE,R03b_20260811_FULL_v1,L1_ELIGIBILITY,v2026-08-11,2026-03-21..2026-08-06,baccarat_bet02_101_all_pairs_incl_sentinel,round_win = game_pnl > 0 (decisive only),COMPATIBILITY_ONLY_NOT_PRODUCTION,21502.3365,18825.0329,-62.4274,371,242,0.00290328,0.00290328,,0.00290328,62.4274,21502.3365,OK,0.0000,-2.4971,4.0000,96.0000,AG03-UNRESOLVED,ALL5_LEVELS_bet23_to_bet27,-2.4971,-2.4971,-3.1214,-3.1214,-3.1214,4.000000,4.000000,5.000000,5.000000,5.000000,96.000000,96.000000,95.000000,95.000000,95.000000,5.0,-14.3583,-13.1,-48.0691,-49.3274,PENDING_AG03,FALSE,NOT_FOR_ENFORCEMENT,-59.9303,18072.0316,-62.4274,-59.9303,-2.4971,-0.00290328,-0.00278715,-2.4971,-59.9303,-0.00278715,-2.4971,-2.4971,-3.1214,-3.1214,-3.1214,-59.9303,-0.00278715,-14.3583,-13.1,-48.0691,-49.3274,-0.00223553,-0.00229405,-0.00011613,57.9578,77.7894,-0.2580,-15.6068,-0.9459,5375.5841,60.5000,57.9578,,12.9089,38.7267,77.4533,129.0889,195.6986,258.1778,25.8178,-5.1636,5.053329,6.666667,1.496586,17,60,5,7,1.00000000,-0.00290328,-0.00290328,0E-8,0.000000,0.875488,0.000000,,2026-07-25,2026-07-30,4,66,39,6,0.666667,,1.000000,3.333333,,,,,,,,GLOBAL_BASELINE_NO_ENTITY_RANKING,,,NOT_APPLICABLE_GLOBAL_BASELINE,HF9g-P5,,,,X 全窗基线 · 不参与实体赏罚,3920932,393,A168_HF9F_20260827_0900,2026-08-27 09:00:00
2026-07-28,153436476,1307,0,105.3365347378,51.0159295691,51.0159295691,0.6666667,3,3,0.49771390000000000,0.497713900000,0.5852756695216578,0.5852756695216578,0.5852756695216578,0E-17,ELIGIBLE,R03b_20260811_FULL_v1,L1_ELIGIBILITY,v2026-08-11,2026-03-21..2026-08-06,baccarat_bet02_101_all_pairs_incl_sentinel,round_win = game_pnl > 0 (decisive only),COMPATIBILITY_ONLY_NOT_PRODUCTION,21502.3365,18825.0329,-62.4274,371,242,0.00290328,0.00290328,,0.00290328,62.4274,21502.3365,OK,0.0000,-2.4971,4.0000,96.0000,AG03-UNRESOLVED,ALL5_LEVELS_bet23_to_bet27,-2.4971,-2.4971,-3.1214,-3.1214,-3.1214,4.000000,4.000000,5.000000,5.000000,5.000000,96.000000,96.000000,95.000000,95.000000,95.000000,5.0,-14.3583,-13.1,-48.0691,-49.3274,PENDING_AG03,FALSE,NOT_FOR_ENFORCEMENT,-59.9303,18072.0316,-62.4274,-59.9303,-2.4971,-0.00290328,-0.00278715,-2.4971,-59.9303,-0.00278715,-2.4971,-2.4971,-3.1214,-3.1214,-3.1214,-59.9303,-0.00278715,-14.3583,-13.1,-48.0691,-49.3274,-0.00223553,-0.00229405,-0.00011613,57.9578,77.7894,-0.2580,-15.6068,-0.9459,5375.5841,60.5000,57.9578,,12.9089,38.7267,77.4533,129.0889,195.6986,258.1778,25.8178,-5.1636,5.053329,6.666667,1.496586,17,60,5,7,1.00000000,-0.00290328,-0.00290328,0E-8,0.000000,0.875488,0.000000,,2026-07-25,2026-07-30,4,66,39,6,0.666667,,1.000000,3.333333,,,,,,,,GLOBAL_BASELINE_NO_ENTITY_RANKING,,,NOT_APPLICABLE_GLOBAL_BASELINE,HF9g-P5,,,,X 全窗基线 · 不参与实体赏罚,3920933,393,A168_HF9F_20260827_0900,2026-08-27 09:00:00
2026-07-28,153436476,1353,0,53.1846229314,-53.1846229314,-53.1846229314,0E-7,1,1,0.49324550000000000,0.493245500000,-0.9865810262130424,-0.9865810262130424,-0.9865810262130424,0E-17,ELIGIBLE,R03b_20260811_FULL_v1,L1_ELIGIBILITY,v2026-08-11,2026-03-21..2026-08-06,baccarat_bet02_101_all_pairs_incl_sentinel,round_win = game_pnl > 0 (decisive only),COMPATIBILITY_ONLY_NOT_PRODUCTION,21502.3365,18825.0329,-62.4274,371,242,0.00290328,0.00290328,,0.00290328,62.4274,21502.3365,OK,0.0000,-2.4971,4.0000,96.0000,AG03-UNRESOLVED,ALL5_LEVELS_bet23_to_bet27,-2.4971,-2.4971,-3.1214,-3.1214,-3.1214,4.000000,4.000000,5.000000,5.000000,5.000000,96.000000,96.000000,95.000000,95.000000,95.000000,5.0,-14.3583,-13.1,-48.0691,-49.3274,PENDING_AG03,FALSE,NOT_FOR_ENFORCEMENT,-59.9303,18072.0316,-62.4274,-59.9303,-2.4971,-0.00290328,-0.00278715,-2.4971,-59.9303,-0.00278715,-2.4971,-2.4971,-3.1214,-3.1214,-3.1214,-59.9303,-0.00278715,-14.3583,-13.1,-48.0691,-49.3274,-0.00223553,-0.00229405,-0.00011613,57.9578,77.7894,-0.2580,-15.6068,-0.9459,5375.5841,60.5000,57.9578,,12.9089,38.7267,77.4533,129.0889,195.6986,258.1778,25.8178,-5.1636,5.053329,6.666667,1.496586,17,60,5,7,1.00000000,-0.00290328,-0.00290328,0E-8,0.000000,0.875488,0.000000,,2026-07-25,2026-07-30,4,66,39,6,0.666667,,1.000000,3.333333,,,,,,,,GLOBAL_BASELINE_NO_ENTITY_RANKING,,,NOT_APPLICABLE_GLOBAL_BASELINE,HF9g-P5,,,,X 全窗基线 · 不参与实体赏罚,3920934,393,A168_HF9F_20260827_0900,2026-08-27 09:00:00
2026-07-28,153436476,1385,0,51.6355562440,-51.6355562440,-51.6355562440,0E-7,1,1,0.50665070000000000,0.506650700000,-1.013391052207602,-1.013391052207602,-1.013391052207602,0E-17,ELIGIBLE,R03b_20260811_FULL_v1,L1_ELIGIBILITY,v2026-08-11,2026-03-21..2026-08-06,baccarat_bet02_101_all_pairs_incl_sentinel,round_win = game_pnl > 0 (decisive only),COMPATIBILITY_ONLY_NOT_PRODUCTION,21502.3365,18825.0329,-62.4274,371,242,0.00290328,0.00290328,,0.00290328,62.4274,21502.3365,OK,0.0000,-2.4971,4.0000,96.0000,AG03-UNRESOLVED,ALL5_LEVELS_bet23_to_bet27,-2.4971,-2.4971,-3.1214,-3.1214,-3.1214,4.000000,4.000000,5.000000,5.000000,5.000000,96.000000,96.000000,95.000000,95.000000,95.000000,5.0,-14.3583,-13.1,-48.0691,-49.3274,PENDING_AG03,FALSE,NOT_FOR_ENFORCEMENT,-59.9303,18072.0316,-62.4274,-59.9303,-2.4971,-0.00290328,-0.00278715,-2.4971,-59.9303,-0.00278715,-2.4971,-2.4971,-3.1214,-3.1214,-3.1214,-59.9303,-0.00278715,-14.3583,-13.1,-48.0691,-49.3274,-0.00223553,-0.00229405,-0.00011613,57.9578,77.7894,-0.2580,-15.6068,-0.9459,5375.5841,60.5000,57.9578,,12.9089,38.7267,77.4533,129.0889,195.6986,258.1778,25.8178,-5.1636,5.053329,6.666667,1.496586,17,60,5,7,1.00000000,-0.00290328,-0.00290328,0E-8,0.000000,0.875488,0.000000,,2026-07-25,2026-07-30,4,66,39,6,0.666667,,1.000000,3.333333,,,,,,,,GLOBAL_BASELINE_NO_ENTITY_RANKING,,,NOT_APPLICABLE_GLOBAL_BASELINE,HF9g-P5,,,,X 全窗基线 · 不参与实体赏罚,3920935,393,A168_HF9F_20260827_0900,2026-08-27 09:00:00
2026-07-28,153436476,1942,0,258.9523145637,-116.0509126583,-116.0509126583,0.3750000,9,9,0.49771390000000000,0.497713900000,-0.694181902665499,-0.6941819026654991,-0.694181902665499,0E-17,ELIGIBLE,R03b_20260811_FULL_v1,L1_ELIGIBILITY,v2026-08-11,2026-03-21..2026-08-06,baccarat_bet02_101_all_pairs_incl_sentinel,round_win = game_pnl > 0 (decisive only),COMPATIBILITY_ONLY_NOT_PRODUCTION,21502.3365,18825.0329,-62.4274,371,242,0.00290328,0.00290328,,0.00290328,62.4274,21502.3365,OK,0.0000,-2.4971,4.0000,96.0000,AG03-UNRESOLVED,ALL5_LEVELS_bet23_to_bet27,-2.4971,-2.4971,-3.1214,-3.1214,-3.1214,4.000000,4.000000,5.000000,5.000000,5.000000,96.000000,96.000000,95.000000,95.000000,95.000000,5.0,-14.3583,-13.1,-48.0691,-49.3274,PENDING_AG03,FALSE,NOT_FOR_ENFORCEMENT,-59.9303,18072.0316,-62.4274,-59.9303,-2.4971,-0.00290328,-0.00278715,-2.4971,-59.9303,-0.00278715,-2.4971,-2.4971,-3.1214,-3.1214,-3.1214,-59.9303,-0.00278715,-14.3583,-13.1,-48.0691,-49.3274,-0.00223553,-0.00229405,-0.00011613,57.9578,77.7894,-0.2580,-15.6068,-0.9459,5375.5841,60.5000,57.9578,,12.9089,38.7267,77.4533,129.0889,195.6986,258.1778,25.8178,-5.1636,5.053329,6.666667,1.496586,17,60,5,7,1.00000000,-0.00290328,-0.00290328,0E-8,0.000000,0.875488,0.000000,,2026-07-25,2026-07-30,4,66,39,6,0.666667,,1.000000,3.333333,,,,,,,,GLOBAL_BASELINE_NO_ENTITY_RANKING,,,NOT_APPLICABLE_GLOBAL_BASELINE,HF9g-P5,,,,X 全窗基线 · 不参与实体赏罚,3920936,393,A168_HF9F_20260827_0900,2026-08-27 09:00:00
2026-07-28,153436476,1994,0,51.6355562440,-51.6355562440,-51.6355562440,0E-7,1,1,0.49324550000000000,0.493245500000,-0.9865810262130424,-0.9865810262130424,-0.9865810262130424,0E-17,ELIGIBLE,R03b_20260811_FULL_v1,L1_ELIGIBILITY,v2026-08-11,2026-03-21..2026-08-06,baccarat_bet02_101_all_pairs_incl_sentinel,round_win = game_pnl > 0 (decisive only),COMPATIBILITY_ONLY_NOT_PRODUCTION,21502.3365,18825.0329,-62.4274,371,242,0.00290328,0.00290328,,0.00290328,62.4274,21502.3365,OK,0.0000,-2.4971,4.0000,96.0000,AG03-UNRESOLVED,ALL5_LEVELS_bet23_to_bet27,-2.4971,-2.4971,-3.1214,-3.1214,-3.1214,4.000000,4.000000,5.000000,5.000000,5.000000,96.000000,96.000000,95.000000,95.000000,95.000000,5.0,-14.3583,-13.1,-48.0691,-49.3274,PENDING_AG03,FALSE,NOT_FOR_ENFORCEMENT,-59.9303,18072.0316,-62.4274,-59.9303,-2.4971,-0.00290328,-0.00278715,-2.4971,-59.9303,-0.00278715,-2.4971,-2.4971,-3.1214,-3.1214,-3.1214,-59.9303,-0.00278715,-14.3583,-13.1,-48.0691,-49.3274,-0.00223553,-0.00229405,-0.00011613,57.9578,77.7894,-0.2580,-15.6068,-0.9459,5375.5841,60.5000,57.9578,,12.9089,38.7267,77.4533,129.0889,195.6986,258.1778,25.8178,-5.1636,5.053329,6.666667,1.496586,17,60,5,7,1.00000000,-0.00290328,-0.00290328,0E-8,0.000000,0.875488,0.000000,,2026-07-25,2026-07-30,4,66,39,6,0.666667,,1.000000,3.333333,,,,,,,,GLOBAL_BASELINE_NO_ENTITY_RANKING,,,NOT_APPLICABLE_GLOBAL_BASELINE,HF9g-P5,,,,X 全窗基线 · 不参与实体赏罚,3920937,393,A168_HF9F_20260827_0900,2026-08-27 09:00:00
2026-07-28,153436476,2121,0,38.7266671830,-38.7266671830,-38.7266671830,0E-7,1,1,0.49324550000000000,0.493245500000,-0.9865810262130424,-0.9865810262130424,-0.9865810262130424,0E-17,ELIGIBLE,R03b_20260811_FULL_v1,L1_ELIGIBILITY,v2026-08-11,2026-03-21..2026-08-06,baccarat_bet02_101_all_pairs_incl_sentinel,round_win = game_pnl > 0 (decisive only),COMPATIBILITY_ONLY_NOT_PRODUCTION,21502.3365,18825.0329,-62.4274,371,242,0.00290328,0.00290328,,0.00290328,62.4274,21502.3365,OK,0.0000,-2.4971,4.0000,96.0000,AG03-UNRESOLVED,ALL5_LEVELS_bet23_to_bet27,-2.4971,-2.4971,-3.1214,-3.1214,-3.1214,4.000000,4.000000,5.000000,5.000000,5.000000,96.000000,96.000000,95.000000,95.000000,95.000000,5.0,-14.3583,-13.1,-48.0691,-49.3274,PENDING_AG03,FALSE,NOT_FOR_ENFORCEMENT,-59.9303,18072.0316,-62.4274,-59.9303,-2.4971,-0.00290328,-0.00278715,-2.4971,-59.9303,-0.00278715,-2.4971,-2.4971,-3.1214,-3.1214,-3.1214,-59.9303,-0.00278715,-14.3583,-13.1,-48.0691,-49.3274,-0.00223553,-0.00229405,-0.00011613,57.9578,77.7894,-0.2580,-15.6068,-0.9459,5375.5841,60.5000,57.9578,,12.9089,38.7267,77.4533,129.0889,195.6986,258.1778,25.8178,-5.1636,5.053329,6.666667,1.496586,17,60,5,7,1.00000000,-0.00290328,-0.00290328,0E-8,0.000000,0.875488,0.000000,,2026-07-25,2026-07-30,4,66,39,6,0.666667,,1.000000,3.333333,,,,,,,,GLOBAL_BASELINE_NO_ENTITY_RANKING,,,NOT_APPLICABLE_GLOBAL_BASELINE,HF9g-P5,,,,X 全窗基线 · 不参与实体赏罚,3920938,393,A168_HF9F_20260827_0900,2026-08-27 09:00:00
2026-07-30,153436476,1654,0,25.8177781220,-25.8177781220,-25.8177781220,0E-7,1,1,0.50665070000000000,0.506650700000,-1.013391052207602,-1.013391052207602,-1.013391052207602,0E-17,ELIGIBLE,R03b_20260811_FULL_v1,L1_ELIGIBILITY,v2026-08-11,2026-03-21..2026-08-06,baccarat_bet02_101_all_pairs_incl_sentinel,round_win = game_pnl > 0 (decisive only),COMPATIBILITY_ONLY_NOT_PRODUCTION,21502.3365,18825.0329,-62.4274,371,242,0.00290328,0.00290328,,0.00290328,62.4274,21502.3365,OK,0.0000,-2.4971,4.0000,96.0000,AG03-UNRESOLVED,ALL5_LEVELS_bet23_to_bet27,-2.4971,-2.4971,-3.1214,-3.1214,-3.1214,4.000000,4.000000,5.000000,5.000000,5.000000,96.000000,96.000000,95.000000,95.000000,95.000000,5.0,-14.3583,-13.1,-48.0691,-49.3274,PENDING_AG03,FALSE,NOT_FOR_ENFORCEMENT,-59.9303,18072.0316,-62.4274,-59.9303,-2.4971,-0.00290328,-0.00278715,-2.4971,-59.9303,-0.00278715,-2.4971,-2.4971,-3.1214,-3.1214,-3.1214,-59.9303,-0.00278715,-14.3583,-13.1,-48.0691,-49.3274,-0.00223553,-0.00229405,-0.00011613,57.9578,77.7894,-0.2580,-15.6068,-0.9459,5375.5841,60.5000,57.9578,,12.9089,38.7267,77.4533,129.0889,195.6986,258.1778,25.8178,-5.1636,5.053329,6.666667,1.496586,17,60,5,7,1.00000000,-0.00290328,-0.00290328,0E-8,0.000000,0.875488,0.000000,,2026-07-25,2026-07-30,4,66,39,6,0.666667,,1.000000,3.333333,,,,,,,,GLOBAL_BASELINE_NO_ENTITY_RANKING,,,NOT_APPLICABLE_GLOBAL_BASELINE,HF9g-P5,,,,X 全窗基线 · 不参与实体赏罚,3920939,393,A168_HF9F_20260827_0900,2026-08-27 09:00:00
2026-07-30,153436476,2171,0,12.9088890610,0E-10,0E-10,,1,1,0.50665070000000000,0.506650700000,,,,0E-17,NO_DECISIVE_ROUND,R03b_20260811_FULL_v1,L1_ELIGIBILITY,v2026-08-11,2026-03-21..2026-08-06,baccarat_bet02_101_all_pairs_incl_sentinel,round_win = game_pnl > 0 (decisive only),COMPATIBILITY_ONLY_NOT_PRODUCTION,21502.3365,18825.0329,-62.4274,371,242,0.00290328,0.00290328,,0.00290328,62.4274,21502.3365,OK,0.0000,-2.4971,4.0000,96.0000,AG03-UNRESOLVED,ALL5_LEVELS_bet23_to_bet27,-2.4971,-2.4971,-3.1214,-3.1214,-3.1214,4.000000,4.000000,5.000000,5.000000,5.000000,96.000000,96.000000,95.000000,95.000000,95.000000,5.0,-14.3583,-13.1,-48.0691,-49.3274,PENDING_AG03,FALSE,NOT_FOR_ENFORCEMENT,-59.9303,18072.0316,-62.4274,-59.9303,-2.4971,-0.00290328,-0.00278715,-2.4971,-59.9303,-0.00278715,-2.4971,-2.4971,-3.1214,-3.1214,-3.1214,-59.9303,-0.00278715,-14.3583,-13.1,-48.0691,-49.3274,-0.00223553,-0.00229405,-0.00011613,57.9578,77.7894,-0.2580,-15.6068,-0.9459,5375.5841,60.5000,57.9578,,12.9089,38.7267,77.4533,129.0889,195.6986,258.1778,25.8178,-5.1636,5.053329,6.666667,1.496586,17,60,5,7,1.00000000,-0.00290328,-0.00290328,0E-8,0.000000,0.875488,0.000000,,2026-07-25,2026-07-30,4,66,39,6,0.666667,,1.000000,3.333333,,,,,,,,GLOBAL_BASELINE_NO_ENTITY_RANKING,,,NOT_APPLICABLE_GLOBAL_BASELINE,HF9g-P5,,,,X 全窗基线 · 不参与实体赏罚,3920940,393,A168_HF9F_20260827_0900,2026-08-27 09:00:00
2026-06-16,151604765,1017,0,3.6001748656,3.6001748656,3.6001748656,1.0000000,1,1,0.49324550000000000,0.493245500000,1.01360149184955,1.01360149184955,1.01360149184955,0E-17,ELIGIBLE,R03b_20260811_FULL_v1,L1_ELIGIBILITY,v2026-08-11,2026-03-21..2026-08-06,baccarat_bet02_101_all_pairs_incl_sentinel,round_win = game_pnl > 0 (decisive only),COMPATIBILITY_ONLY_NOT_PRODUCTION,119.3201,92.5759,-61.7816,10,10,0.51778017,,0.51778017,0.51778017,61.7816,119.3201,THIN_EXPOSURE,0.0000,-1.8534,3.0000,97.0000,AG03-UNRESOLVED,ALL5_LEVELS_bet23_to_bet27,-1.8534,-1.8534,-1.8534,-2.4713,-2.4713,3.000000,3.000000,3.000000,4.000000,4.000000,97.000000,97.000000,97.000000,96.000000,96.000000,5.0,-10.5029,-9.8159,-51.2787,-51.9657,PENDING_AG03,FALSE,NOT_FOR_ENFORCEMENT,-59.9281,89.7986,-61.7816,-59.9281,-1.8534,-0.51778017,-0.50224677,-1.8534,-59.9281,-0.50224677,-1.8534,-1.8534,-1.8534,-2.4713,-2.4713,-59.9281,-0.50224677,-10.5029,-9.8159,-51.2787,-51.9657,-0.42975754,-0.43551497,-0.01553341,11.9320,9.2576,-6.1782,-30.8908,-12.3563,59.6600,5.0000,,11.9320,4.886,7.2003,19.5438,28.93,38.3161,38.3161,5.786,3.0216,5.321429,5.321429,1.657143,4,6,3,2,0E-8,-0.51778017,,0E-8,0.000000,0.775862,0.000000,,2026-06-16,2026-06-17,2,5,5,2,1.000000,,,0.000000,,,,,,,,GLOBAL_BASELINE_NO_ENTITY_RANKING,,,NOT_APPLICABLE_GLOBAL_BASELINE,HF9g-P5,,,,X 全窗基线 · 不参与实体赏罚,3920941,393,A168_HF9F_20260827_0900,2026-08-27 09:00:00
2026-06-16,151604765,1646,0,14.4006994626,-7.2003497313,-7.2003497313,0E-7,2,2,0.49324550000000000,0.493245500000,-0.9865810262130424,-0.9865810262130424,-0.9865810262130424,0E-17,ELIGIBLE,R03b_20260811_FULL_v1,L1_ELIGIBILITY,v2026-08-11,2026-03-21..2026-08-06,baccarat_bet02_101_all_pairs_incl_sentinel,round_win = game_pnl > 0 (decisive only),COMPATIBILITY_ONLY_NOT_PRODUCTION,119.3201,92.5759,-61.7816,10,10,0.51778017,,0.51778017,0.51778017,61.7816,119.3201,THIN_EXPOSURE,0.0000,-1.8534,3.0000,97.0000,AG03-UNRESOLVED,ALL5_LEVELS_bet23_to_bet27,-1.8534,-1.8534,-1.8534,-2.4713,-2.4713,3.000000,3.000000,3.000000,4.000000,4.000000,97.000000,97.000000,97.000000,96.000000,96.000000,5.0,-10.5029,-9.8159,-51.2787,-51.9657,PENDING_AG03,FALSE,NOT_FOR_ENFORCEMENT,-59.9281,89.7986,-61.7816,-59.9281,-1.8534,-0.51778017,-0.50224677,-1.8534,-59.9281,-0.50224677,-1.8534,-1.8534,-1.8534,-2.4713,-2.4713,-59.9281,-0.50224677,-10.5029,-9.8159,-51.2787,-51.9657,-0.42975754,-0.43551497,-0.01553341,11.9320,9.2576,-6.1782,-30.8908,-12.3563,59.6600,5.0000,,11.9320,4.886,7.2003,19.5438,28.93,38.3161,38.3161,5.786,3.0216,5.321429,5.321429,1.657143,4,6,3,2,0E-8,-0.51778017,,0E-8,0.000000,0.775862,0.000000,,2026-06-16,2026-06-17,2,5,5,2,1.000000,,,0.000000,,,,,,,,GLOBAL_BASELINE_NO_ENTITY_RANKING,,,NOT_APPLICABLE_GLOBAL_BASELINE,HF9g-P5,,,,X 全窗基线 · 不参与实体赏罚,3920942,393,A168_HF9F_20260827_0900,2026-08-27 09:00:00
2026-06-16,151604765,925,0,6.6860390362,-6.6860390362,-6.6860390362,0E-7,1,1,0.50665070000000000,0.506650700000,-1.013391052207602,-1.013391052207602,-1.013391052207602,0E-17,ELIGIBLE,R03b_20260811_FULL_v1,L1_ELIGIBILITY,v2026-08-11,2026-03-21..2026-08-06,baccarat_bet02_101_all_pairs_incl_sentinel,round_win = game_pnl > 0 (decisive only),COMPATIBILITY_ONLY_NOT_PRODUCTION,119.3201,92.5759,-61.7816,10,10,0.51778017,,0.51778017,0.51778017,61.7816,119.3201,THIN_EXPOSURE,0.0000,-1.8534,3.0000,97.0000,AG03-UNRESOLVED,ALL5_LEVELS_bet23_to_bet27,-1.8534,-1.8534,-1.8534,-2.4713,-2.4713,3.000000,3.000000,3.000000,4.000000,4.000000,97.000000,97.000000,97.000000,96.000000,96.000000,5.0,-10.5029,-9.8159,-51.2787,-51.9657,PENDING_AG03,FALSE,NOT_FOR_ENFORCEMENT,-59.9281,89.7986,-61.7816,-59.9281,-1.8534,-0.51778017,-0.50224677,-1.8534,-59.9281,-0.50224677,-1.8534,-1.8534,-1.8534,-2.4713,-2.4713,-59.9281,-0.50224677,-10.5029,-9.8159,-51.2787,-51.9657,-0.42975754,-0.43551497,-0.01553341,11.9320,9.2576,-6.1782,-30.8908,-12.3563,59.6600,5.0000,,11.9320,4.886,7.2003,19.5438,28.93,38.3161,38.3161,5.786,3.0216,5.321429,5.321429,1.657143,4,6,3,2,0E-8,-0.51778017,,0E-8,0.000000,0.775862,0.000000,,2026-06-16,2026-06-17,2,5,5,2,1.000000,,,0.000000,,,,,,,,GLOBAL_BASELINE_NO_ENTITY_RANKING,,,NOT_APPLICABLE_GLOBAL_BASELINE,HF9g-P5,,,,X 全窗基线 · 不参与实体赏罚,3920943,393,A168_HF9F_20260827_0900,2026-08-27 09:00:00
2026-06-17,151604765,2130,0,48.8595160337,28.3385192995,28.3385192995,1.0000000,3,3,0.50218230000000000,0.502182300000,1.4080544974538591,1.4080544974538591,1.4080544974538591,0E-17,ELIGIBLE,R03b_20260811_FULL_v1,L1_ELIGIBILITY,v2026-08-11,2026-03-21..2026-08-06,baccarat_bet02_101_all_pairs_incl_sentinel,round_win = game_pnl > 0 (decisive only),COMPATIBILITY_ONLY_NOT_PRODUCTION,119.3201,92.5759,-61.7816,10,10,0.51778017,,0.51778017,0.51778017,61.7816,119.3201,THIN_EXPOSURE,0.0000,-1.8534,3.0000,97.0000,AG03-UNRESOLVED,ALL5_LEVELS_bet23_to_bet27,-1.8534,-1.8534,-1.8534,-2.4713,-2.4713,3.000000,3.000000,3.000000,4.000000,4.000000,97.000000,97.000000,97.000000,96.000000,96.000000,5.0,-10.5029,-9.8159,-51.2787,-51.9657,PENDING_AG03,FALSE,NOT_FOR_ENFORCEMENT,-59.9281,89.7986,-61.7816,-59.9281,-1.8534,-0.51778017,-0.50224677,-1.8534,-59.9281,-0.50224677,-1.8534,-1.8534,-1.8534,-2.4713,-2.4713,-59.9281,-0.50224677,-10.5029,-9.8159,-51.2787,-51.9657,-0.42975754,-0.43551497,-0.01553341,11.9320,9.2576,-6.1782,-30.8908,-12.3563,59.6600,5.0000,,11.9320,4.886,7.2003,19.5438,28.93,38.3161,38.3161,5.786,3.0216,5.321429,5.321429,1.657143,4,6,3,2,0E-8,-0.51778017,,0E-8,0.000000,0.775862,0.000000,,2026-06-16,2026-06-17,2,5,5,2,1.000000,,,0.000000,,,,,,,,GLOBAL_BASELINE_NO_ENTITY_RANKING,,,NOT_APPLICABLE_GLOBAL_BASELINE,HF9g-P5,,,,X 全窗基线 · 不参与实体赏罚,3920944,393,A168_HF9F_20260827_0900,2026-08-27 09:00:00
2026-06-17,151604765,2167,0,7.4575050789,7.3289274051,7.3289274051,1.0000000,2,2,0.49994810000000000,0.499948100000,1.4143603653603398,1.4143603653603398,1.4143603653603398,0E-17,ELIGIBLE,R03b_20260811_FULL_v1,L1_ELIGIBILITY,v2026-08-11,2026-03-21..2026-08-06,baccarat_bet02_101_all_pairs_incl_sentinel,round_win = game_pnl > 0 (decisive only),COMPATIBILITY_ONLY_NOT_PRODUCTION,119.3201,92.5759,-61.7816,10,10,0.51778017,,0.51778017,0.51778017,61.7816,119.3201,THIN_EXPOSURE,0.0000,-1.8534,3.0000,97.0000,AG03-UNRESOLVED,ALL5_LEVELS_bet23_to_bet27,-1.8534,-1.8534,-1.8534,-2.4713,-2.4713,3.000000,3.000000,3.000000,4.000000,4.000000,97.000000,97.000000,97.000000,96.000000,96.000000,5.0,-10.5029,-9.8159,-51.2787,-51.9657,PENDING_AG03,FALSE,NOT_FOR_ENFORCEMENT,-59.9281,89.7986,-61.7816,-59.9281,-1.8534,-0.51778017,-0.50224677,-1.8534,-59.9281,-0.50224677,-1.8534,-1.8534,-1.8534,-2.4713,-2.4713,-59.9281,-0.50224677,-10.5029,-9.8159,-51.2787,-51.9657,-0.42975754,-0.43551497,-0.01553341,11.9320,9.2576,-6.1782,-30.8908,-12.3563,59.6600,5.0000,,11.9320,4.886,7.2003,19.5438,28.93,38.3161,38.3161,5.786,3.0216,5.321429,5.321429,1.657143,4,6,3,2,0E-8,-0.51778017,,0E-8,0.000000,0.775862,0.000000,,2026-06-16,2026-06-17,2,5,5,2,1.000000,,,0.000000,,,,,,,,GLOBAL_BASELINE_NO_ENTITY_RANKING,,,NOT_APPLICABLE_GLOBAL_BASELINE,HF9g-P5,,,,X 全窗基线 · 不参与实体赏罚,3920945,393,A168_HF9F_20260827_0900,2026-08-27 09:00:00
2026-06-17,151604765,948,0,38.3161467843,36.4003394451,36.4003394451,1.0000000,1,1,0.50665070000000000,0.506650700000,0.9867858985152569,0.9867858985152569,0.9867858985152569,0E-17,ELIGIBLE,R03b_20260811_FULL_v1,L1_ELIGIBILITY,v2026-08-11,2026-03-21..2026-08-06,baccarat_bet02_101_all_pairs_incl_sentinel,round_win = game_pnl > 0 (decisive only),COMPATIBILITY_ONLY_NOT_PRODUCTION,119.3201,92.5759,-61.7816,10,10,0.51778017,,0.51778017,0.51778017,61.7816,119.3201,THIN_EXPOSURE,0.0000,-1.8534,3.0000,97.0000,AG03-UNRESOLVED,ALL5_LEVELS_bet23_to_bet27,-1.8534,-1.8534,-1.8534,-2.4713,-2.4713,3.000000,3.000000,3.000000,4.000000,4.000000,97.000000,97.000000,97.000000,96.000000,96.000000,5.0,-10.5029,-9.8159,-51.2787,-51.9657,PENDING_AG03,FALSE,NOT_FOR_ENFORCEMENT,-59.9281,89.7986,-61.7816,-59.9281,-1.8534,-0.51778017,-0.50224677,-1.8534,-59.9281,-0.50224677,-1.8534,-1.8534,-1.8534,-2.4713,-2.4713,-59.9281,-0.50224677,-10.5029,-9.8159,-51.2787,-51.9657,-0.42975754,-0.43551497,-0.01553341,11.9320,9.2576,-6.1782,-30.8908,-12.3563,59.6600,5.0000,,11.9320,4.886,7.2003,19.5438,28.93,38.3161,38.3161,5.786,3.0216,5.321429,5.321429,1.657143,4,6,3,2,0E-8,-0.51778017,,0E-8,0.000000,0.775862,0.000000,,2026-06-16,2026-06-17,2,5,5,2,1.000000,,,0.000000,,,,,,,,GLOBAL_BASELINE_NO_ENTITY_RANKING,,,NOT_APPLICABLE_GLOBAL_BASELINE,HF9g-P5,,,,X 全窗基线 · 不参与实体赏罚,3920946,393,A168_HF9F_20260827_0900,2026-08-27 09:00:00
2026-04-05,135177419,2134,0,10.5411844075,10.5411844075,10.5411844075,1.0000000,1,1,0.49324550000000000,0.493245500000,1.01360149184955,1.01360149184955,1.01360149184955,0E-17,ELIGIBLE,R03b_20260811_FULL_v1,L1_ELIGIBILITY,v2026-08-11,2026-03-21..2026-08-06,baccarat_bet02_101_all_pairs_incl_sentinel,round_win = game_pnl > 0 (decisive only),COMPATIBILITY_ONLY_NOT_PRODUCTION,337.5467,296.8555,-62.4218,27,27,0.18492798,0.11304348,0.23550331,0.18492798,62.4218,337.5467,THIN_EXPOSURE,0.0000,-2.4969,4.0000,96.0000,AG03-UNRESOLVED,ALL5_LEVELS_bet23_to_bet27,-2.4969,-2.4969,-2.4969,-3.7453,-3.7453,4.000000,4.000000,4.000000,6.000000,6.000000,96.000000,96.000000,96.000000,94.000000,94.000000,5.0,-14.9812,-13.6234,-47.4406,-48.7984,PENDING_AG03,FALSE,NOT_FOR_ENFORCEMENT,-59.9250,284.9813,-62.4218,-59.9250,-2.4969,-0.18492798,-0.17753086,-2.4969,-59.9250,-0.17753086,-2.4969,-2.4969,-2.4969,-3.7453,-3.7453,-59.9250,-0.17753086,-14.9812,-13.6234,-47.4406,-48.7984,-0.14054526,-0.14456795,-0.00739712,12.5017,10.9946,-2.3119,-12.4844,-8.9174,67.5093,5.4000,12.6732,12.3838,8.0815,10.1018,18.8288,20.9592,31.9911,41.5429,8.4025,3.9466,3.166862,4.112415,1.237571,4,8,5,2,0.41299526,-0.18492798,-0.11304348,0E-8,0.000000,0.879450,0.000000,-0.12245983,2026-04-05,2026-08-01,5,7,6,119,0.042017,1.023365,1.013716,1.376651,,,,,,,,GLOBAL_BASELINE_NO_ENTITY_RANKING,,,NOT_APPLICABLE_GLOBAL_BASELINE,HF9g-P5,,,,X 全窗基线 · 不参与实体赏罚,3920947,393,A168_HF9F_20260827_0900,2026-08-27 09:00:00
2026-05-19,135177419,925,0,58.8173511185,7.4571998739,7.4571998739,0.6000000,5,5,0.50128862000000000,0.501288620000,0.4414521777673877,0.4414521777673877,0.4414521777673877,0E-17,ELIGIBLE,R03b_20260811_FULL_v1,L1_ELIGIBILITY,v2026-08-11,2026-03-21..2026-08-06,baccarat_bet02_101_all_pairs_incl_sentinel,round_win = game_pnl > 0 (decisive only),COMPATIBILITY_ONLY_NOT_PRODUCTION,337.5467,296.8555,-62.4218,27,27,0.18492798,0.11304348,0.23550331,0.18492798,62.4218,337.5467,THIN_EXPOSURE,0.0000,-2.4969,4.0000,96.0000,AG03-UNRESOLVED,ALL5_LEVELS_bet23_to_bet27,-2.4969,-2.4969,-2.4969,-3.7453,-3.7453,4.000000,4.000000,4.000000,6.000000,6.000000,96.000000,96.000000,96.000000,94.000000,94.000000,5.0,-14.9812,-13.6234,-47.4406,-48.7984,PENDING_AG03,FALSE,NOT_FOR_ENFORCEMENT,-59.9250,284.9813,-62.4218,-59.9250,-2.4969,-0.18492798,-0.17753086,-2.4969,-59.9250,-0.17753086,-2.4969,-2.4969,-2.4969,-3.7453,-3.7453,-59.9250,-0.17753086,-14.9812,-13.6234,-47.4406,-48.7984,-0.14054526,-0.14456795,-0.00739712,12.5017,10.9946,-2.3119,-12.4844,-8.9174,67.5093,5.4000,12.6732,12.3838,8.0815,10.1018,18.8288,20.9592,31.9911,41.5429,8.4025,3.9466,3.166862,4.112415,1.237571,4,8,5,2,0.41299526,-0.18492798,-0.11304348,0E-8,0.000000,0.879450,0.000000,-0.12245983,2026-04-05,2026-08-01,5,7,6,119,0.042017,1.023365,1.013716,1.376651,,,,,,,,GLOBAL_BASELINE_NO_ENTITY_RANKING,,,NOT_APPLICABLE_GLOBAL_BASELINE,HF9g-P5,,,,X 全窗基线 · 不参与实体赏罚,3920948,393,A168_HF9F_20260827_0900,2026-08-27 09:00:00
2026-06-03,135177419,1094,0,120.4744199574,28.8723178863,28.8723178863,0.5714286,8,8,0.49827245000000000,0.498272450000,0.3871081189643771,0.3871081189643771,0.3871081189643771,0E-17,ELIGIBLE,R03b_20260811_FULL_v1,L1_ELIGIBILITY,v2026-08-11,2026-03-21..2026-08-06,baccarat_bet02_101_all_pairs_incl_sentinel,round_win = game_pnl > 0 (decisive only),COMPATIBILITY_ONLY_NOT_PRODUCTION,337.5467,296.8555,-62.4218,27,27,0.18492798,0.11304348,0.23550331,0.18492798,62.4218,337.5467,THIN_EXPOSURE,0.0000,-2.4969,4.0000,96.0000,AG03-UNRESOLVED,ALL5_LEVELS_bet23_to_bet27,-2.4969,-2.4969,-2.4969,-3.7453,-3.7453,4.000000,4.000000,4.000000,6.000000,6.000000,96.000000,96.000000,96.000000,94.000000,94.000000,5.0,-14.9812,-13.6234,-47.4406,-48.7984,PENDING_AG03,FALSE,NOT_FOR_ENFORCEMENT,-59.9250,284.9813,-62.4218,-59.9250,-2.4969,-0.18492798,-0.17753086,-2.4969,-59.9250,-0.17753086,-2.4969,-2.4969,-2.4969,-3.7453,-3.7453,-59.9250,-0.17753086,-14.9812,-13.6234,-47.4406,-48.7984,-0.14054526,-0.14456795,-0.00739712,12.5017,10.9946,-2.3119,-12.4844,-8.9174,67.5093,5.4000,12.6732,12.3838,8.0815,10.1018,18.8288,20.9592,31.9911,41.5429,8.4025,3.9466,3.166862,4.112415,1.237571,4,8,5,2,0.41299526,-0.18492798,-0.11304348,0E-8,0.000000,0.879450,0.000000,-0.12245983,2026-04-05,2026-08-01,5,7,6,119,0.042017,1.023365,1.013716,1.376651,,,,,,,,GLOBAL_BASELINE_NO_ENTITY_RANKING,,,NOT_APPLICABLE_GLOBAL_BASELINE,HF9g-P5,,,,X 全窗基线 · 不参与实体赏罚,3920949,393,A168_HF9F_20260827_0900,2026-08-27 09:00:00
2026-06-03,135177419,1299,0,4.1542903434,3.9465758262,3.9465758262,1.0000000,1,1,0.50665070000000000,0.506650700000,0.9867858985152569,0.9867858985152569,0.9867858985152569,0E-17,ELIGIBLE,R03b_20260811_FULL_v1,L1_ELIGIBILITY,v2026-08-11,2026-03-21..2026-08-06,baccarat_bet02_101_all_pairs_incl_sentinel,round_win = game_pnl > 0 (decisive only),COMPATIBILITY_ONLY_NOT_PRODUCTION,337.5467,296.8555,-62.4218,27,27,0.18492798,0.11304348,0.23550331,0.18492798,62.4218,337.5467,THIN_EXPOSURE,0.0000,-2.4969,4.0000,96.0000,AG03-UNRESOLVED,ALL5_LEVELS_bet23_to_bet27,-2.4969,-2.4969,-2.4969,-3.7453,-3.7453,4.000000,4.000000,4.000000,6.000000,6.000000,96.000000,96.000000,96.000000,94.000000,94.000000,5.0,-14.9812,-13.6234,-47.4406,-48.7984,PENDING_AG03,FALSE,NOT_FOR_ENFORCEMENT,-59.9250,284.9813,-62.4218,-59.9250,-2.4969,-0.18492798,-0.17753086,-2.4969,-59.9250,-0.17753086,-2.4969,-2.4969,-2.4969,-3.7453,-3.7453,-59.9250,-0.17753086,-14.9812,-13.6234,-47.4406,-48.7984,-0.14054526,-0.14456795,-0.00739712,12.5017,10.9946,-2.3119,-12.4844,-8.9174,67.5093,5.4000,12.6732,12.3838,8.0815,10.1018,18.8288,20.9592,31.9911,41.5429,8.4025,3.9466,3.166862,4.112415,1.237571,4,8,5,2,0.41299526,-0.18492798,-0.11304348,0E-8,0.000000,0.879450,0.000000,-0.12245983,2026-04-05,2026-08-01,5,7,6,119,0.042017,1.023365,1.013716,1.376651,,,,,,,,GLOBAL_BASELINE_NO_ENTITY_RANKING,,,NOT_APPLICABLE_GLOBAL_BASELINE,HF9g-P5,,,,X 全窗基线 · 不参与实体赏罚,3920950,393,A168_HF9F_20260827_0900,2026-08-27 09:00:00
2026-06-06,135177419,1714,0,4.1542903434,-4.1542903434,-4.1542903434,0E-7,1,1,0.50665070000000000,0.506650700000,-1.013391052207602,-1.013391052207602,-1.013391052207602,0E-17,ELIGIBLE,R03b_20260811_FULL_v1,L1_ELIGIBILITY,v2026-08-11,2026-03-21..2026-08-06,baccarat_bet02_101_all_pairs_incl_sentinel,round_win = game_pnl > 0 (decisive only),COMPATIBILITY_ONLY_NOT_PRODUCTION,337.5467,296.8555,-62.4218,27,27,0.18492798,0.11304348,0.23550331,0.18492798,62.4218,337.5467,THIN_EXPOSURE,0.0000,-2.4969,4.0000,96.0000,AG03-UNRESOLVED,ALL5_LEVELS_bet23_to_bet27,-2.4969,-2.4969,-2.4969,-3.7453,-3.7453,4.000000,4.000000,4.000000,6.000000,6.000000,96.000000,96.000000,96.000000,94.000000,94.000000,5.0,-14.9812,-13.6234,-47.4406,-48.7984,PENDING_AG03,FALSE,NOT_FOR_ENFORCEMENT,-59.9250,284.9813,-62.4218,-59.9250,-2.4969,-0.18492798,-0.17753086,-2.4969,-59.9250,-0.17753086,-2.4969,-2.4969,-2.4969,-3.7453,-3.7453,-59.9250,-0.17753086,-14.9812,-13.6234,-47.4406,-48.7984,-0.14054526,-0.14456795,-0.00739712,12.5017,10.9946,-2.3119,-12.4844,-8.9174,67.5093,5.4000,12.6732,12.3838,8.0815,10.1018,18.8288,20.9592,31.9911,41.5429,8.4025,3.9466,3.166862,4.112415,1.237571,4,8,5,2,0.41299526,-0.18492798,-0.11304348,0E-8,0.000000,0.879450,0.000000,-0.12245983,2026-04-05,2026-08-01,5,7,6,119,0.042017,1.023365,1.013716,1.376651,,,,,,,,GLOBAL_BASELINE_NO_ENTITY_RANKING,,,NOT_APPLICABLE_GLOBAL_BASELINE,HF9g-P5,,,,X 全窗基线 · 不参与实体赏罚,3920951,393,A168_HF9F_20260827_0900,2026-08-27 09:00:00
2026-08-01,135177419,1323,0,84.8553418458,33.9421367384,33.9421367384,0.8000000,6,6,0.49547970000000000,0.495479700000,1.3619118399891006,1.3619118399891006,1.3619118399891006,0E-17,ELIGIBLE,R03b_20260811_FULL_v1,L1_ELIGIBILITY,v2026-08-11,2026-03-21..2026-08-06,baccarat_bet02_101_all_pairs_incl_sentinel,round_win = game_pnl > 0 (decisive only),COMPATIBILITY_ONLY_NOT_PRODUCTION,337.5467,296.8555,-62.4218,27,27,0.18492798,0.11304348,0.23550331,0.18492798,62.4218,337.5467,THIN_EXPOSURE,0.0000,-2.4969,4.0000,96.0000,AG03-UNRESOLVED,ALL5_LEVELS_bet23_to_bet27,-2.4969,-2.4969,-2.4969,-3.7453,-3.7453,4.000000,4.000000,4.000000,6.000000,6.000000,96.000000,96.000000,96.000000,94.000000,94.000000,5.0,-14.9812,-13.6234,-47.4406,-48.7984,PENDING_AG03,FALSE,NOT_FOR_ENFORCEMENT,-59.9250,284.9813,-62.4218,-59.9250,-2.4969,-0.18492798,-0.17753086,-2.4969,-59.9250,-0.17753086,-2.4969,-2.4969,-2.4969,-3.7453,-3.7453,-59.9250,-0.17753086,-14.9812,-13.6234,-47.4406,-48.7984,-0.14054526,-0.14456795,-0.00739712,12.5017,10.9946,-2.3119,-12.4844,-8.9174,67.5093,5.4000,12.6732,12.3838,8.0815,10.1018,18.8288,20.9592,31.9911,41.5429,8.4025,3.9466,3.166862,4.112415,1.237571,4,8,5,2,0.41299526,-0.18492798,-0.11304348,0E-8,0.000000,0.879450,0.000000,-0.12245983,2026-04-05,2026-08-01,5,7,6,119,0.042017,1.023365,1.013716,1.376651,,,,,,,,GLOBAL_BASELINE_NO_ENTITY_RANKING,,,NOT_APPLICABLE_GLOBAL_BASELINE,HF9g-P5,,,,X 全窗基线 · 不参与实体赏罚,3920952,393,A168_HF9F_20260827_0900,2026-08-27 09:00:00
2026-08-01,135177419,1990,0,18.1832875384,18.1832875384,18.1832875384,1.0000000,2,2,0.49324550000000000,0.493245500000,1.4334489766152358,1.4334489766152358,1.4334489766152358,0E-17,ELIGIBLE,R03b_20260811_FULL_v1,L1_ELIGIBILITY,v2026-08-11,2026-03-21..2026-08-06,baccarat_bet02_101_all_pairs_incl_sentinel,round_win = game_pnl > 0 (decisive only),COMPATIBILITY_ONLY_NOT_PRODUCTION,337.5467,296.8555,-62.4218,27,27,0.18492798,0.11304348,0.23550331,0.18492798,62.4218,337.5467,THIN_EXPOSURE,0.0000,-2.4969,4.0000,96.0000,AG03-UNRESOLVED,ALL5_LEVELS_bet23_to_bet27,-2.4969,-2.4969,-2.4969,-3.7453,-3.7453,4.000000,4.000000,4.000000,6.000000,6.000000,96.000000,96.000000,96.000000,94.000000,94.000000,5.0,-14.9812,-13.6234,-47.4406,-48.7984,PENDING_AG03,FALSE,NOT_FOR_ENFORCEMENT,-59.9250,284.9813,-62.4218,-59.9250,-2.4969,-0.18492798,-0.17753086,-2.4969,-59.9250,-0.17753086,-2.4969,-2.4969,-2.4969,-3.7453,-3.7453,-59.9250,-0.17753086,-14.9812,-13.6234,-47.4406,-48.7984,-0.14054526,-0.14456795,-0.00739712,12.5017,10.9946,-2.3119,-12.4844,-8.9174,67.5093,5.4000,12.6732,12.3838,8.0815,10.1018,18.8288,20.9592,31.9911,41.5429,8.4025,3.9466,3.166862,4.112415,1.237571,4,8,5,2,0.41299526,-0.18492798,-0.11304348,0E-8,0.000000,0.879450,0.000000,-0.12245983,2026-04-05,2026-08-01,5,7,6,119,0.042017,1.023365,1.013716,1.376651,,,,,,,,GLOBAL_BASELINE_NO_ENTITY_RANKING,,,NOT_APPLICABLE_GLOBAL_BASELINE,HF9g-P5,,,,X 全窗基线 · 不参与实体赏罚,3920953,393,A168_HF9F_20260827_0900,2026-08-27 09:00:00
2026-08-01,135177419,763,0,36.3665750768,-36.3665750768,-36.3665750768,0E-7,3,3,0.49324550000000000,0.493245500000,-1.708808463184432,-1.7088084631844318,-1.708808463184432,0E-17,ELIGIBLE,R03b_20260811_FULL_v1,L1_ELIGIBILITY,v2026-08-11,2026-03-21..2026-08-06,baccarat_bet02_101_all_pairs_incl_sentinel,round_win = game_pnl > 0 (decisive only),COMPATIBILITY_ONLY_NOT_PRODUCTION,337.5467,296.8555,-62.4218,27,27,0.18492798,0.11304348,0.23550331,0.18492798,62.4218,337.5467,THIN_EXPOSURE,0.0000,-2.4969,4.0000,96.0000,AG03-UNRESOLVED,ALL5_LEVELS_bet23_to_bet27,-2.4969,-2.4969,-2.4969,-3.7453,-3.7453,4.000000,4.000000,4.000000,6.000000,6.000000,96.000000,96.000000,96.000000,94.000000,94.000000,5.0,-14.9812,-13.6234,-47.4406,-48.7984,PENDING_AG03,FALSE,NOT_FOR_ENFORCEMENT,-59.9250,284.9813,-62.4218,-59.9250,-2.4969,-0.18492798,-0.17753086,-2.4969,-59.9250,-0.17753086,-2.4969,-2.4969,-2.4969,-3.7453,-3.7453,-59.9250,-0.17753086,-14.9812,-13.6234,-47.4406,-48.7984,-0.14054526,-0.14456795,-0.00739712,12.5017,10.9946,-2.3119,-12.4844,-8.9174,67.5093,5.4000,12.6732,12.3838,8.0815,10.1018,18.8288,20.9592,31.9911,41.5429,8.4025,3.9466,3.166862,4.112415,1.237571,4,8,5,2,0.41299526,-0.18492798,-0.11304348,0E-8,0.000000,0.879450,0.000000,-0.12245983,2026-04-05,2026-08-01,5,7,6,119,0.042017,1.023365,1.013716,1.376651,,,,,,,,GLOBAL_BASELINE_NO_ENTITY_RANKING,,,NOT_APPLICABLE_GLOBAL_BASELINE,HF9g-P5,,,,X 全窗基线 · 不参与实体赏罚,3920954,393,A168_HF9F_20260827_0900,2026-08-27 09:00:00
2026-06-20,151793557,1331,0,205.7242780364,195.4380641345,195.4380641345,1.0000000,1,1,0.50665070000000000,0.506650700000,0.9867858985152569,0.9867858985152569,0.9867858985152569,0E-17,ELIGIBLE,R03b_20260811_FULL_v1,L1_ELIGIBILITY,v2026-08-11,2026-03-21..2026-08-06,baccarat_bet02_101_all_pairs_incl_sentinel,round_win = game_pnl > 0 (decisive only),COMPATIBILITY_ONLY_NOT_PRODUCTION,621.6130,621.6130,-62.4202,5,4,0.10041658,-1.00000000,0.13191489,0.10041658,62.4202,621.6130,THIN_EXPOSURE,0.0000,-2.4968,4.0000,96.0000,AG03-UNRESOLVED,ALL5_LEVELS_bet23_to_bet27,-2.4968,-2.4968,-2.4968,-3.1210,-3.1210,4.000000,4.000000,4.000000,5.000000,5.000000,96.000000,96.000000,96.000000,95.000000,95.000000,5.0,-13.7325,-12.5793,-48.6878,-49.841,PENDING_AG03,FALSE,NOT_FOR_ENFORCEMENT,-59.9234,596.7485,-62.4202,-59.9234,-2.4968,-0.10041658,-0.09639991,-2.4968,-59.9234,-0.09639991,-2.4968,-2.4968,-2.4968,-3.1210,-3.1210,-59.9234,-0.09639991,-13.7325,-12.5793,-48.6878,-49.841,-0.07832493,-0.08018005,-0.00401666,124.3226,155.4032,-15.6051,-31.2101,-20.8067,310.8065,2.0000,8.6490,201.4384,10.3917,141.4354,218.582,257.1553,257.1553,257.1553,141.4354,-5.1636,1.818182,1.818182,0.879006,3,3,2,3,0.02782746,-0.10041658,1.00000000,0E-8,0.000000,1.000000,0.000000,-1.13191489,2026-06-20,2026-07-27,2,3,3,38,0.052632,0.042936,0.069569,0.092758,,,,,,,,GLOBAL_BASELINE_NO_ENTITY_RANKING,,,NOT_APPLICABLE_GLOBAL_BASELINE,HF9g-P5,,,,X 全窗基线 · 不参与实体赏罚,3920955,393,A168_HF9F_20260827_0900,2026-08-27 09:00:00
2026-06-20,151793557,2134,0,398.5907886955,-115.7199063955,-115.7199063955,0.5000000,2,2,0.49324550000000000,0.493245500000,0.01910635448239258,0.01910635448239258,0.01910635448239258,0E-17,ELIGIBLE,R03b_20260811_FULL_v1,L1_ELIGIBILITY,v2026-08-11,2026-03-21..2026-08-06,baccarat_bet02_101_all_pairs_incl_sentinel,round_win = game_pnl > 0 (decisive only),COMPATIBILITY_ONLY_NOT_PRODUCTION,621.6130,621.6130,-62.4202,5,4,0.10041658,-1.00000000,0.13191489,0.10041658,62.4202,621.6130,THIN_EXPOSURE,0.0000,-2.4968,4.0000,96.0000,AG03-UNRESOLVED,ALL5_LEVELS_bet23_to_bet27,-2.4968,-2.4968,-2.4968,-3.1210,-3.1210,4.000000,4.000000,4.000000,5.000000,5.000000,96.000000,96.000000,96.000000,95.000000,95.000000,5.0,-13.7325,-12.5793,-48.6878,-49.841,PENDING_AG03,FALSE,NOT_FOR_ENFORCEMENT,-59.9234,596.7485,-62.4202,-59.9234,-2.4968,-0.10041658,-0.09639991,-2.4968,-59.9234,-0.09639991,-2.4968,-2.4968,-2.4968,-3.1210,-3.1210,-59.9234,-0.09639991,-13.7325,-12.5793,-48.6878,-49.841,-0.07832493,-0.08018005,-0.00401666,124.3226,155.4032,-15.6051,-31.2101,-20.8067,310.8065,2.0000,8.6490,201.4384,10.3917,141.4354,218.582,257.1553,257.1553,257.1553,141.4354,-5.1636,1.818182,1.818182,0.879006,3,3,2,3,0.02782746,-0.10041658,1.00000000,0E-8,0.000000,1.000000,0.000000,-1.13191489,2026-06-20,2026-07-27,2,3,3,38,0.052632,0.042936,0.069569,0.092758,,,,,,,,GLOBAL_BASELINE_NO_ENTITY_RANKING,,,NOT_APPLICABLE_GLOBAL_BASELINE,HF9g-P5,,,,X 全窗基线 · 不参与实体赏罚,3920956,393,A168_HF9F_20260827_0900,2026-08-27 09:00:00
2026-07-27,151793557,2103,0,17.2979113417,-17.2979113417,-17.2979113417,0E-7,2,1,0.38365132686538722,0.300626750000,-0.788960244161511,-0.655630731788307,-0.788960244161511,0.08302457686538722,ELIGIBLE,R03b_20260811_FULL_v1,L1_ELIGIBILITY,v2026-08-11,2026-03-21..2026-08-06,baccarat_bet02_101_all_pairs_incl_sentinel,round_win = game_pnl > 0 (decisive only),COMPATIBILITY_ONLY_NOT_PRODUCTION,621.6130,621.6130,-62.4202,5,4,0.10041658,-1.00000000,0.13191489,0.10041658,62.4202,621.6130,THIN_EXPOSURE,0.0000,-2.4968,4.0000,96.0000,AG03-UNRESOLVED,ALL5_LEVELS_bet23_to_bet27,-2.4968,-2.4968,-2.4968,-3.1210,-3.1210,4.000000,4.000000,4.000000,5.000000,5.000000,96.000000,96.000000,96.000000,95.000000,95.000000,5.0,-13.7325,-12.5793,-48.6878,-49.841,PENDING_AG03,FALSE,NOT_FOR_ENFORCEMENT,-59.9234,596.7485,-62.4202,-59.9234,-2.4968,-0.10041658,-0.09639991,-2.4968,-59.9234,-0.09639991,-2.4968,-2.4968,-2.4968,-3.1210,-3.1210,-59.9234,-0.09639991,-13.7325,-12.5793,-48.6878,-49.841,-0.07832493,-0.08018005,-0.00401666,124.3226,155.4032,-15.6051,-31.2101,-20.8067,310.8065,2.0000,8.6490,201.4384,10.3917,141.4354,218.582,257.1553,257.1553,257.1553,141.4354,-5.1636,1.818182,1.818182,0.879006,3,3,2,3,0.02782746,-0.10041658,1.00000000,0E-8,0.000000,1.000000,0.000000,-1.13191489,2026-06-20,2026-07-27,2,3,3,38,0.052632,0.042936,0.069569,0.092758,,,,,,,,GLOBAL_BASELINE_NO_ENTITY_RANKING,,,NOT_APPLICABLE_GLOBAL_BASELINE,HF9g-P5,,,,X 全窗基线 · 不参与实体赏罚,3920957,393,A168_HF9F_20260827_0900,2026-08-27 09:00:00
2026-04-30,149361273,2209,0,26.1759547680,26.1759547680,26.1759547680,1.0000000,2,2,0.49994810000000000,0.499948100000,1.4143603653603398,1.4143603653603398,1.4143603653603398,0E-17,ELIGIBLE,R03b_20260811_FULL_v1,L1_ELIGIBILITY,v2026-08-11,2026-03-21..2026-08-06,baccarat_bet02_101_all_pairs_incl_sentinel,round_win = game_pnl > 0 (decisive only),COMPATIBILITY_ONLY_NOT_PRODUCTION,83.7631,61.7753,-61.7753,5,5,0.73750000,,0.73750000,0.73750000,61.7753,83.7631,THIN_EXPOSURE,0.0000,-1.8533,3.0000,97.0000,AG03-UNRESOLVED,ALL5_LEVELS_bet23_to_bet27,-1.8533,-1.8533,-1.8533,-2.4710,-2.4710,3.000000,3.000000,3.000000,4.000000,4.000000,97.000000,97.000000,97.000000,96.000000,96.000000,5.0,-10.5018,-9.8149,-51.2735,-51.9604,PENDING_AG03,FALSE,NOT_FOR_ENFORCEMENT,-59.9220,59.9220,-61.7753,-59.9220,-1.8533,-0.73750000,-0.71537500,-1.8533,-59.9220,-0.71537500,-1.8533,-1.8533,-1.8533,-2.4710,-2.4710,-59.9220,-0.71537500,-10.5018,-9.8149,-51.2735,-51.9604,-0.61212500,-0.62032558,-0.02212500,16.7526,12.3551,-12.3551,-61.7753,-61.7753,83.7631,5.0000,,16.7526,13.088,13.088,20.0246,26.6995,26.6995,26.6995,13.088,13.088,2.04,2.04,1.28,1,2,1,2,0E-8,-0.73750000,,0E-8,0.000000,0.737500,1.000000,,2026-04-30,2026-04-30,1,1,1,1,1.000000,,,0.000000,,,,,,,,GLOBAL_BASELINE_NO_ENTITY_RANKING,,,NOT_APPLICABLE_GLOBAL_BASELINE,HF9g-P5,,,,X 全窗基线 · 不参与实体赏罚,3920958,393,A168_HF9F_20260827_0900,2026-08-27 09:00:00
2026-04-30,149361273,2254,0,57.5871004895,35.5992984844,35.5992984844,1.0000000,3,3,0.49771390000000000,0.497713900000,1.4206944795187548,1.420694479518755,1.4206944795187548,0E-17,ELIGIBLE,R03b_20260811_FULL_v1,L1_ELIGIBILITY,v2026-08-11,2026-03-21..2026-08-06,baccarat_bet02_101_all_pairs_incl_sentinel,round_win = game_pnl > 0 (decisive only),COMPATIBILITY_ONLY_NOT_PRODUCTION,83.7631,61.7753,-61.7753,5,5,0.73750000,,0.73750000,0.73750000,61.7753,83.7631,THIN_EXPOSURE,0.0000,-1.8533,3.0000,97.0000,AG03-UNRESOLVED,ALL5_LEVELS_bet23_to_bet27,-1.8533,-1.8533,-1.8533,-2.4710,-2.4710,3.000000,3.000000,3.000000,4.000000,4.000000,97.000000,97.000000,97.000000,96.000000,96.000000,5.0,-10.5018,-9.8149,-51.2735,-51.9604,PENDING_AG03,FALSE,NOT_FOR_ENFORCEMENT,-59.9220,59.9220,-61.7753,-59.9220,-1.8533,-0.73750000,-0.71537500,-1.8533,-59.9220,-0.71537500,-1.8533,-1.8533,-1.8533,-2.4710,-2.4710,-59.9220,-0.71537500,-10.5018,-9.8149,-51.2735,-51.9604,-0.61212500,-0.62032558,-0.02212500,16.7526,12.3551,-12.3551,-61.7753,-61.7753,83.7631,5.0000,,16.7526,13.088,13.088,20.0246,26.6995,26.6995,26.6995,13.088,13.088,2.04,2.04,1.28,1,2,1,2,0E-8,-0.73750000,,0E-8,0.000000,0.737500,1.000000,,2026-04-30,2026-04-30,1,1,1,1,1.000000,,,0.000000,,,,,,,,GLOBAL_BASELINE_NO_ENTITY_RANKING,,,NOT_APPLICABLE_GLOBAL_BASELINE,HF9g-P5,,,,X 全窗基线 · 不参与实体赏罚,3920959,393,A168_HF9F_20260827_0900,2026-08-27 09:00:00
2026-04-02,148136077,-1,1,35.5992984844,35.5992984844,35.5992984844,1.0000000,1,1,0.49324550000000000,0.493245500000,1.01360149184955,1.01360149184955,1.01360149184955,0E-17,SENTINEL_DEALER,R03b_20260811_FULL_v1,L1_ELIGIBILITY,v2026-08-11,2026-03-21..2026-08-06,baccarat_bet02_101_all_pairs_incl_sentinel,round_win = game_pnl > 0 (decisive only),COMPATIBILITY_ONLY_NOT_PRODUCTION,135.0679,135.0679,-61.7753,6,6,0.45736434,,0.45736434,0.45736434,61.7753,135.0679,THIN_EXPOSURE,0.0000,-1.8533,3.0000,97.0000,AG03-UNRESOLVED,ALL5_LEVELS_bet23_to_bet27,-1.8533,-1.8533,-1.8533,-2.4710,-2.4710,3.000000,3.000000,3.000000,4.000000,4.000000,97.000000,97.000000,97.000000,96.000000,96.000000,5.0,-10.5018,-9.8149,-51.2735,-51.9604,PENDING_AG03,FALSE,NOT_FOR_ENFORCEMENT,-59.9220,131.0159,-61.7753,-59.9220,-1.8533,-0.45736434,-0.44364341,-1.8533,-59.9220,-0.44364341,-1.8533,-1.8533,-1.8533,-2.4710,-2.4710,-59.9220,-0.44364341,-10.5018,-9.8149,-51.2735,-51.9604,-0.37961240,-0.38469804,-0.01372093,22.5113,22.5113,-10.2959,-61.7753,-10.2959,135.0679,6.0000,,22.5113,10.4704,21.9878,34.5523,35.4946,35.5993,35.5993,21.9878,14.135,1.619048,1.619048,1.02381,6,6,1,2,0E-8,-0.45736434,,0E-8,0.000000,1.000000,0.000000,,2026-04-02,2026-04-02,1,6,6,1,1.000000,,,0.000000,,,,,,,,GLOBAL_BASELINE_NO_ENTITY_RANKING,,,NOT_APPLICABLE_GLOBAL_BASELINE,HF9g-P5,,,,X 全窗基线 · 不参与实体赏罚,3920960,393,A168_HF9F_20260827_0900,2026-08-27 09:00:00
2026-04-02,148136077,1323,0,26.1759547680,-26.1759547680,-26.1759547680,0E-7,1,1,0.50665070000000000,0.506650700000,-1.013391052207602,-1.013391052207602,-1.013391052207602,0E-17,ELIGIBLE,R03b_20260811_FULL_v1,L1_ELIGIBILITY,v2026-08-11,2026-03-21..2026-08-06,baccarat_bet02_101_all_pairs_incl_sentinel,round_win = game_pnl > 0 (decisive only),COMPATIBILITY_ONLY_NOT_PRODUCTION,135.0679,135.0679,-61.7753,6,6,0.45736434,,0.45736434,0.45736434,61.7753,135.0679,THIN_EXPOSURE,0.0000,-1.8533,3.0000,97.0000,AG03-UNRESOLVED,ALL5_LEVELS_bet23_to_bet27,-1.8533,-1.8533,-1.8533,-2.4710,-2.4710,3.000000,3.000000,3.000000,4.000000,4.000000,97.000000,97.000000,97.000000,96.000000,96.000000,5.0,-10.5018,-9.8149,-51.2735,-51.9604,PENDING_AG03,FALSE,NOT_FOR_ENFORCEMENT,-59.9220,131.0159,-61.7753,-59.9220,-1.8533,-0.45736434,-0.44364341,-1.8533,-59.9220,-0.44364341,-1.8533,-1.8533,-1.8533,-2.4710,-2.4710,-59.9220,-0.44364341,-10.5018,-9.8149,-51.2735,-51.9604,-0.37961240,-0.38469804,-0.01372093,22.5113,22.5113,-10.2959,-61.7753,-10.2959,135.0679,6.0000,,22.5113,10.4704,21.9878,34.5523,35.4946,35.5993,35.5993,21.9878,14.135,1.619048,1.619048,1.02381,6,6,1,2,0E-8,-0.45736434,,0E-8,0.000000,1.000000,0.000000,,2026-04-02,2026-04-02,1,6,6,1,1.000000,,,0.000000,,,,,,,,GLOBAL_BASELINE_NO_ENTITY_RANKING,,,NOT_APPLICABLE_GLOBAL_BASELINE,HF9g-P5,,,,X 全窗基线 · 不参与实体赏罚,3920961,393,A168_HF9F_20260827_0900,2026-08-27 09:00:00
2026-04-02,148136077,1710,0,17.7996492422,17.7996492422,17.7996492422,1.0000000,1,1,0.49324550000000000,0.493245500000,1.01360149184955,1.01360149184955,1.01360149184955,0E-17,ELIGIBLE,R03b_20260811_FULL_v1,L1_ELIGIBILITY,v2026-08-11,2026-03-21..2026-08-06,baccarat_bet02_101_all_pairs_incl_sentinel,round_win = game_pnl > 0 (decisive only),COMPATIBILITY_ONLY_NOT_PRODUCTION,135.0679,135.0679,-61.7753,6,6,0.45736434,,0.45736434,0.45736434,61.7753,135.0679,THIN_EXPOSURE,0.0000,-1.8533,3.0000,97.0000,AG03-UNRESOLVED,ALL5_LEVELS_bet23_to_bet27,-1.8533,-1.8533,-1.8533,-2.4710,-2.4710,3.000000,3.000000,3.000000,4.000000,4.000000,97.000000,97.000000,97.000000,96.000000,96.000000,5.0,-10.5018,-9.8149,-51.2735,-51.9604,PENDING_AG03,FALSE,NOT_FOR_ENFORCEMENT,-59.9220,131.0159,-61.7753,-59.9220,-1.8533,-0.45736434,-0.44364341,-1.8533,-59.9220,-0.44364341,-1.8533,-1.8533,-1.8533,-2.4710,-2.4710,-59.9220,-0.44364341,-10.5018,-9.8149,-51.2735,-51.9604,-0.37961240,-0.38469804,-0.01372093,22.5113,22.5113,-10.2959,-61.7753,-10.2959,135.0679,6.0000,,22.5113,10.4704,21.9878,34.5523,35.4946,35.5993,35.5993,21.9878,14.135,1.619048,1.619048,1.02381,6,6,1,2,0E-8,-0.45736434,,0E-8,0.000000,1.000000,0.000000,,2026-04-02,2026-04-02,1,6,6,1,1.000000,,,0.000000,,,,,,,,GLOBAL_BASELINE_NO_ENTITY_RANKING,,,NOT_APPLICABLE_GLOBAL_BASELINE,HF9g-P5,,,,X 全窗基线 · 不参与实体赏罚,3920962,393,A168_HF9F_20260827_0900,2026-08-27 09:00:00
2026-04-02,148136077,2101,0,10.4703819072,-10.4703819072,-10.4703819072,0E-7,1,1,0.50665070000000000,0.506650700000,-1.013391052207602,-1.013391052207602,-1.013391052207602,0E-17,ELIGIBLE,R03b_20260811_FULL_v1,L1_ELIGIBILITY,v2026-08-11,2026-03-21..2026-08-06,baccarat_bet02_101_all_pairs_incl_sentinel,round_win = game_pnl > 0 (decisive only),COMPATIBILITY_ONLY_NOT_PRODUCTION,135.0679,135.0679,-61.7753,6,6,0.45736434,,0.45736434,0.45736434,61.7753,135.0679,THIN_EXPOSURE,0.0000,-1.8533,3.0000,97.0000,AG03-UNRESOLVED,ALL5_LEVELS_bet23_to_bet27,-1.8533,-1.8533,-1.8533,-2.4710,-2.4710,3.000000,3.000000,3.000000,4.000000,4.000000,97.000000,97.000000,97.000000,96.000000,96.000000,5.0,-10.5018,-9.8149,-51.2735,-51.9604,PENDING_AG03,FALSE,NOT_FOR_ENFORCEMENT,-59.9220,131.0159,-61.7753,-59.9220,-1.8533,-0.45736434,-0.44364341,-1.8533,-59.9220,-0.44364341,-1.8533,-1.8533,-1.8533,-2.4710,-2.4710,-59.9220,-0.44364341,-10.5018,-9.8149,-51.2735,-51.9604,-0.37961240,-0.38469804,-0.01372093,22.5113,22.5113,-10.2959,-61.7753,-10.2959,135.0679,6.0000,,22.5113,10.4704,21.9878,34.5523,35.4946,35.5993,35.5993,21.9878,14.135,1.619048,1.619048,1.02381,6,6,1,2,0E-8,-0.45736434,,0E-8,0.000000,1.000000,0.000000,,2026-04-02,2026-04-02,1,6,6,1,1.000000,,,0.000000,,,,,,,,GLOBAL_BASELINE_NO_ENTITY_RANKING,,,NOT_APPLICABLE_GLOBAL_BASELINE,HF9g-P5,,,,X 全窗基线 · 不参与实体赏罚,3920963,393,A168_HF9F_20260827_0900,2026-08-27 09:00:00
2026-04-02,148136077,2188,0,34.5522602937,34.5522602937,34.5522602937,1.0000000,1,1,0.49324550000000000,0.493245500000,1.01360149184955,1.01360149184955,1.01360149184955,0E-17,ELIGIBLE,R03b_20260811_FULL_v1,L1_ELIGIBILITY,v2026-08-11,2026-03-21..2026-08-06,baccarat_bet02_101_all_pairs_incl_sentinel,round_win = game_pnl > 0 (decisive only),COMPATIBILITY_ONLY_NOT_PRODUCTION,135.0679,135.0679,-61.7753,6,6,0.45736434,,0.45736434,0.45736434,61.7753,135.0679,THIN_EXPOSURE,0.0000,-1.8533,3.0000,97.0000,AG03-UNRESOLVED,ALL5_LEVELS_bet23_to_bet27,-1.8533,-1.8533,-1.8533,-2.4710,-2.4710,3.000000,3.000000,3.000000,4.000000,4.000000,97.000000,97.000000,97.000000,96.000000,96.000000,5.0,-10.5018,-9.8149,-51.2735,-51.9604,PENDING_AG03,FALSE,NOT_FOR_ENFORCEMENT,-59.9220,131.0159,-61.7753,-59.9220,-1.8533,-0.45736434,-0.44364341,-1.8533,-59.9220,-0.44364341,-1.8533,-1.8533,-1.8533,-2.4710,-2.4710,-59.9220,-0.44364341,-10.5018,-9.8149,-51.2735,-51.9604,-0.37961240,-0.38469804,-0.01372093,22.5113,22.5113,-10.2959,-61.7753,-10.2959,135.0679,6.0000,,22.5113,10.4704,21.9878,34.5523,35.4946,35.5993,35.5993,21.9878,14.135,1.619048,1.619048,1.02381,6,6,1,2,0E-8,-0.45736434,,0E-8,0.000000,1.000000,0.000000,,2026-04-02,2026-04-02,1,6,6,1,1.000000,,,0.000000,,,,,,,,GLOBAL_BASELINE_NO_ENTITY_RANKING,,,NOT_APPLICABLE_GLOBAL_BASELINE,HF9g-P5,,,,X 全窗基线 · 不参与实体赏罚,3920964,393,A168_HF9F_20260827_0900,2026-08-27 09:00:00
2026-04-02,148136077,763,0,10.4703819072,10.4703819072,10.4703819072,1.0000000,1,1,0.49324550000000000,0.493245500000,1.01360149184955,1.01360149184955,1.01360149184955,0E-17,ELIGIBLE,R03b_20260811_FULL_v1,L1_ELIGIBILITY,v2026-08-11,2026-03-21..2026-08-06,baccarat_bet02_101_all_pairs_incl_sentinel,round_win = game_pnl > 0 (decisive only),COMPATIBILITY_ONLY_NOT_PRODUCTION,135.0679,135.0679,-61.7753,6,6,0.45736434,,0.45736434,0.45736434,61.7753,135.0679,THIN_EXPOSURE,0.0000,-1.8533,3.0000,97.0000,AG03-UNRESOLVED,ALL5_LEVELS_bet23_to_bet27,-1.8533,-1.8533,-1.8533,-2.4710,-2.4710,3.000000,3.000000,3.000000,4.000000,4.000000,97.000000,97.000000,97.000000,96.000000,96.000000,5.0,-10.5018,-9.8149,-51.2735,-51.9604,PENDING_AG03,FALSE,NOT_FOR_ENFORCEMENT,-59.9220,131.0159,-61.7753,-59.9220,-1.8533,-0.45736434,-0.44364341,-1.8533,-59.9220,-0.44364341,-1.8533,-1.8533,-1.8533,-2.4710,-2.4710,-59.9220,-0.44364341,-10.5018,-9.8149,-51.2735,-51.9604,-0.37961240,-0.38469804,-0.01372093,22.5113,22.5113,-10.2959,-61.7753,-10.2959,135.0679,6.0000,,22.5113,10.4704,21.9878,34.5523,35.4946,35.5993,35.5993,21.9878,14.135,1.619048,1.619048,1.02381,6,6,1,2,0E-8,-0.45736434,,0E-8,0.000000,1.000000,0.000000,,2026-04-02,2026-04-02,1,6,6,1,1.000000,,,0.000000,,,,,,,,GLOBAL_BASELINE_NO_ENTITY_RANKING,,,NOT_APPLICABLE_GLOBAL_BASELINE,HF9g-P5,,,,X 全窗基线 · 不参与实体赏罚,3920965,393,A168_HF9F_20260827_0900,2026-08-27 09:00:00
2026-06-01,150837908,1210,0,41.5429034335,35.4153251771,35.4153251771,0.5000000,4,4,0.30062675000000000,0.300626750000,0.8696180881875153,0.8696180881875154,0.8696180881875153,0E-17,ELIGIBLE,R03b_20260811_FULL_v1,L1_ELIGIBILITY,v2026-08-11,2026-03-21..2026-08-06,baccarat_bet02_101_all_pairs_incl_sentinel,round_win = game_pnl > 0 (decisive only),COMPATIBILITY_ONLY_NOT_PRODUCTION,68.5458,68.5458,-62.4182,5,5,0.91060606,,0.91060606,0.91060606,62.4182,68.5458,THIN_EXPOSURE,0.0000,-2.4967,4.0000,96.0000,AG03-UNRESOLVED,ALL5_LEVELS_bet23_to_bet27,-2.4967,-2.4967,-3.1209,0.0000,0.0000,4.000000,4.000000,5.000000,0.000000,0.000000,96.000000,96.000000,95.000000,100.000000,100.000000,5.0,-8.1144,-7.7698,-54.3038,-54.6484,PENDING_AG03,FALSE,NOT_FOR_ENFORCEMENT,-59.9215,65.8040,-62.4182,-59.9215,-2.4967,-0.91060606,-0.87418182,-2.4967,-59.9215,-0.87418182,-2.4967,-2.4967,-3.1209,0.0000,0.0000,-59.9215,-0.87418182,-8.1144,-7.7698,-54.3038,-54.6484,-0.79222727,-0.79725382,-0.03642424,13.7092,13.7092,-12.4836,-62.4182,-31.2091,68.5458,5.0000,,13.7092,1.0386,18.6943,22.3293,27.0029,27.0029,27.0029,18.6943,17.7596,1.444444,1.444444,0.733333,2,2,1,3,0E-8,-0.91060606,,0E-8,0.000000,1.000000,0.000000,,2026-06-01,2026-06-01,1,2,2,1,1.000000,,,0.000000,,,,,,,,GLOBAL_BASELINE_NO_ENTITY_RANKING,,,NOT_APPLICABLE_GLOBAL_BASELINE,HF9g-P5,,,,X 全窗基线 · 不参与实体赏罚,3920966,393,A168_HF9F_20260827_0900,2026-08-27 09:00:00
2026-06-01,150837908,2089,0,27.0028872318,27.0028872318,27.0028872318,1.0000000,1,1,0.49324550000000000,0.493245500000,1.01360149184955,1.01360149184955,1.01360149184955,0E-17,ELIGIBLE,R03b_20260811_FULL_v1,L1_ELIGIBILITY,v2026-08-11,2026-03-21..2026-08-06,baccarat_bet02_101_all_pairs_incl_sentinel,round_win = game_pnl > 0 (decisive only),COMPATIBILITY_ONLY_NOT_PRODUCTION,68.5458,68.5458,-62.4182,5,5,0.91060606,,0.91060606,0.91060606,62.4182,68.5458,THIN_EXPOSURE,0.0000,-2.4967,4.0000,96.0000,AG03-UNRESOLVED,ALL5_LEVELS_bet23_to_bet27,-2.4967,-2.4967,-3.1209,0.0000,0.0000,4.000000,4.000000,5.000000,0.000000,0.000000,96.000000,96.000000,95.000000,100.000000,100.000000,5.0,-8.1144,-7.7698,-54.3038,-54.6484,PENDING_AG03,FALSE,NOT_FOR_ENFORCEMENT,-59.9215,65.8040,-62.4182,-59.9215,-2.4967,-0.91060606,-0.87418182,-2.4967,-59.9215,-0.87418182,-2.4967,-2.4967,-3.1209,0.0000,0.0000,-59.9215,-0.87418182,-8.1144,-7.7698,-54.3038,-54.6484,-0.79222727,-0.79725382,-0.03642424,13.7092,13.7092,-12.4836,-62.4182,-31.2091,68.5458,5.0000,,13.7092,1.0386,18.6943,22.3293,27.0029,27.0029,27.0029,18.6943,17.7596,1.444444,1.444444,0.733333,2,2,1,3,0E-8,-0.91060606,,0E-8,0.000000,1.000000,0.000000,,2026-06-01,2026-06-01,1,2,2,1,1.000000,,,0.000000,,,,,,,,GLOBAL_BASELINE_NO_ENTITY_RANKING,,,NOT_APPLICABLE_GLOBAL_BASELINE,HF9g-P5,,,,X 全窗基线 · 不参与实体赏罚,3920967,393,A168_HF9F_20260827_0900,2026-08-27 09:00:00
2026-06-28,152191262,-1,1,38.4271856760,2.0771451717,2.0771451717,0.5000000,2,2,0.50665070000000000,0.506650700000,-0.018812684590367487,-0.018812684590367487,-0.018812684590367487,0E-17,SENTINEL_DEALER,R03b_20260811_FULL_v1,L1_ELIGIBILITY,v2026-08-11,2026-03-21..2026-08-06,baccarat_bet02_101_all_pairs_incl_sentinel,round_win = game_pnl > 0 (decisive only),COMPATIBILITY_ONLY_NOT_PRODUCTION,175.5188,175.5188,-62.4182,7,7,0.35562130,,0.35562130,0.35562130,62.4182,175.5188,THIN_EXPOSURE,0.0000,-2.4967,4.0000,96.0000,AG03-UNRESOLVED,ALL5_LEVELS_bet23_to_bet27,-2.4967,-2.4967,-2.4967,-2.4967,-2.4967,4.000000,4.000000,4.000000,4.000000,4.000000,96.000000,96.000000,96.000000,96.000000,96.000000,5.0,-12.4836,-11.5241,-49.9346,-50.8941,PENDING_AG03,FALSE,NOT_FOR_ENFORCEMENT,-59.9215,168.4980,-62.4182,-59.9215,-2.4967,-0.35562130,-0.34139645,-2.4967,-59.9215,-0.34139645,-2.4967,-2.4967,-2.4967,-2.4967,-2.4967,-59.9215,-0.34139645,-12.4836,-11.5241,-49.9346,-50.8941,-0.28449704,-0.2899639,-0.01422485,25.0741,25.0741,-8.9169,-62.4182,-8.9169,175.5188,7.0000,,25.0741,19.2136,20.7715,33.2343,39.0503,39.4658,39.4658,20.7715,19.7329,1.9,1.9,1.207143,7,6,1,2,0E-8,-0.35562130,,0E-8,0.000000,1.000000,0.000000,,2026-06-28,2026-06-28,1,7,7,1,1.000000,,,0.000000,,,,,,,,GLOBAL_BASELINE_NO_ENTITY_RANKING,,,NOT_APPLICABLE_GLOBAL_BASELINE,HF9g-P5,,,,X 全窗基线 · 不参与实体赏罚,3920968,393,A168_HF9F_20260827_0900,2026-08-27 09:00:00
2026-06-28,152191262,1205,0,39.4657582618,39.4657582618,39.4657582618,1.0000000,1,1,0.49324550000000000,0.493245500000,1.01360149184955,1.01360149184955,1.01360149184955,0E-17,ELIGIBLE,R03b_20260811_FULL_v1,L1_ELIGIBILITY,v2026-08-11,2026-03-21..2026-08-06,baccarat_bet02_101_all_pairs_incl_sentinel,round_win = game_pnl > 0 (decisive only),COMPATIBILITY_ONLY_NOT_PRODUCTION,175.5188,175.5188,-62.4182,7,7,0.35562130,,0.35562130,0.35562130,62.4182,175.5188,THIN_EXPOSURE,0.0000,-2.4967,4.0000,96.0000,AG03-UNRESOLVED,ALL5_LEVELS_bet23_to_bet27,-2.4967,-2.4967,-2.4967,-2.4967,-2.4967,4.000000,4.000000,4.000000,4.000000,4.000000,96.000000,96.000000,96.000000,96.000000,96.000000,5.0,-12.4836,-11.5241,-49.9346,-50.8941,PENDING_AG03,FALSE,NOT_FOR_ENFORCEMENT,-59.9215,168.4980,-62.4182,-59.9215,-2.4967,-0.35562130,-0.34139645,-2.4967,-59.9215,-0.34139645,-2.4967,-2.4967,-2.4967,-2.4967,-2.4967,-59.9215,-0.34139645,-12.4836,-11.5241,-49.9346,-50.8941,-0.28449704,-0.2899639,-0.01422485,25.0741,25.0741,-8.9169,-62.4182,-8.9169,175.5188,7.0000,,25.0741,19.2136,20.7715,33.2343,39.0503,39.4658,39.4658,20.7715,19.7329,1.9,1.9,1.207143,7,6,1,2,0E-8,-0.35562130,,0E-8,0.000000,1.000000,0.000000,,2026-06-28,2026-06-28,1,7,7,1,1.000000,,,0.000000,,,,,,,,GLOBAL_BASELINE_NO_ENTITY_RANKING,,,NOT_APPLICABLE_GLOBAL_BASELINE,HF9g-P5,,,,X 全窗基线 · 不参与实体赏罚,3920969,393,A168_HF9F_20260827_0900,2026-08-27 09:00:00
2026-06-28,152191262,1947,0,18.6943065451,17.7595912178,17.7595912178,1.0000000,1,1,0.50665070000000000,0.506650700000,0.9867858985152569,0.9867858985152569,0.9867858985152569,0E-17,ELIGIBLE,R03b_20260811_FULL_v1,L1_ELIGIBILITY,v2026-08-11,2026-03-21..2026-08-06,baccarat_bet02_101_all_pairs_incl_sentinel,round_win = game_pnl > 0 (decisive only),COMPATIBILITY_ONLY_NOT_PRODUCTION,175.5188,175.5188,-62.4182,7,7,0.35562130,,0.35562130,0.35562130,62.4182,175.5188,THIN_EXPOSURE,0.0000,-2.4967,4.0000,96.0000,AG03-UNRESOLVED,ALL5_LEVELS_bet23_to_bet27,-2.4967,-2.4967,-2.4967,-2.4967,-2.4967,4.000000,4.000000,4.000000,4.000000,4.000000,96.000000,96.000000,96.000000,96.000000,96.000000,5.0,-12.4836,-11.5241,-49.9346,-50.8941,PENDING_AG03,FALSE,NOT_FOR_ENFORCEMENT,-59.9215,168.4980,-62.4182,-59.9215,-2.4967,-0.35562130,-0.34139645,-2.4967,-59.9215,-0.34139645,-2.4967,-2.4967,-2.4967,-2.4967,-2.4967,-59.9215,-0.34139645,-12.4836,-11.5241,-49.9346,-50.8941,-0.28449704,-0.2899639,-0.01422485,25.0741,25.0741,-8.9169,-62.4182,-8.9169,175.5188,7.0000,,25.0741,19.2136,20.7715,33.2343,39.0503,39.4658,39.4658,20.7715,19.7329,1.9,1.9,1.207143,7,6,1,2,0E-8,-0.35562130,,0E-8,0.000000,1.000000,0.000000,,2026-06-28,2026-06-28,1,7,7,1,1.000000,,,0.000000,,,,,,,,GLOBAL_BASELINE_NO_ENTITY_RANKING,,,NOT_APPLICABLE_GLOBAL_BASELINE,HF9g-P5,,,,X 全窗基线 · 不参与实体赏罚,3920970,393,A168_HF9F_20260827_0900,2026-08-27 09:00:00
2026-06-28,152191262,2123,0,37.3886130902,-37.3886130902,-37.3886130902,0E-7,1,1,0.50665070000000000,0.506650700000,-1.013391052207602,-1.013391052207602,-1.013391052207602,0E-17,ELIGIBLE,R03b_20260811_FULL_v1,L1_ELIGIBILITY,v2026-08-11,2026-03-21..2026-08-06,baccarat_bet02_101_all_pairs_incl_sentinel,round_win = game_pnl > 0 (decisive only),COMPATIBILITY_ONLY_NOT_PRODUCTION,175.5188,175.5188,-62.4182,7,7,0.35562130,,0.35562130,0.35562130,62.4182,175.5188,THIN_EXPOSURE,0.0000,-2.4967,4.0000,96.0000,AG03-UNRESOLVED,ALL5_LEVELS_bet23_to_bet27,-2.4967,-2.4967,-2.4967,-2.4967,-2.4967,4.000000,4.000000,4.000000,4.000000,4.000000,96.000000,96.000000,96.000000,96.000000,96.000000,5.0,-12.4836,-11.5241,-49.9346,-50.8941,PENDING_AG03,FALSE,NOT_FOR_ENFORCEMENT,-59.9215,168.4980,-62.4182,-59.9215,-2.4967,-0.35562130,-0.34139645,-2.4967,-59.9215,-0.34139645,-2.4967,-2.4967,-2.4967,-2.4967,-2.4967,-59.9215,-0.34139645,-12.4836,-11.5241,-49.9346,-50.8941,-0.28449704,-0.2899639,-0.01422485,25.0741,25.0741,-8.9169,-62.4182,-8.9169,175.5188,7.0000,,25.0741,19.2136,20.7715,33.2343,39.0503,39.4658,39.4658,20.7715,19.7329,1.9,1.9,1.207143,7,6,1,2,0E-8,-0.35562130,,0E-8,0.000000,1.000000,0.000000,,2026-06-28,2026-06-28,1,7,7,1,1.000000,,,0.000000,,,,,,,,GLOBAL_BASELINE_NO_ENTITY_RANKING,,,NOT_APPLICABLE_GLOBAL_BASELINE,HF9g-P5,,,,X 全窗基线 · 不参与实体赏罚,3920971,393,A168_HF9F_20260827_0900,2026-08-27 09:00:00
2026-06-28,152191262,2141,0,20.7714517168,19.7328791309,19.7328791309,1.0000000,1,1,0.50665070000000000,0.506650700000,0.9867858985152569,0.9867858985152569,0.9867858985152569,0E-17,ELIGIBLE,R03b_20260811_FULL_v1,L1_ELIGIBILITY,v2026-08-11,2026-03-21..2026-08-06,baccarat_bet02_101_all_pairs_incl_sentinel,round_win = game_pnl > 0 (decisive only),COMPATIBILITY_ONLY_NOT_PRODUCTION,175.5188,175.5188,-62.4182,7,7,0.35562130,,0.35562130,0.35562130,62.4182,175.5188,THIN_EXPOSURE,0.0000,-2.4967,4.0000,96.0000,AG03-UNRESOLVED,ALL5_LEVELS_bet23_to_bet27,-2.4967,-2.4967,-2.4967,-2.4967,-2.4967,4.000000,4.000000,4.000000,4.000000,4.000000,96.000000,96.000000,96.000000,96.000000,96.000000,5.0,-12.4836,-11.5241,-49.9346,-50.8941,PENDING_AG03,FALSE,NOT_FOR_ENFORCEMENT,-59.9215,168.4980,-62.4182,-59.9215,-2.4967,-0.35562130,-0.34139645,-2.4967,-59.9215,-0.34139645,-2.4967,-2.4967,-2.4967,-2.4967,-2.4967,-59.9215,-0.34139645,-12.4836,-11.5241,-49.9346,-50.8941,-0.28449704,-0.2899639,-0.01422485,25.0741,25.0741,-8.9169,-62.4182,-8.9169,175.5188,7.0000,,25.0741,19.2136,20.7715,33.2343,39.0503,39.4658,39.4658,20.7715,19.7329,1.9,1.9,1.207143,7,6,1,2,0E-8,-0.35562130,,0E-8,0.000000,1.000000,0.000000,,2026-06-28,2026-06-28,1,7,7,1,1.000000,,,0.000000,,,,,,,,GLOBAL_BASELINE_NO_ENTITY_RANKING,,,NOT_APPLICABLE_GLOBAL_BASELINE,HF9g-P5,,,,X 全窗基线 · 不参与实体赏罚,3920972,393,A168_HF9F_20260827_0900,2026-08-27 09:00:00
2026-06-28,152191262,987,0,20.7714517168,20.7714517168,20.7714517168,1.0000000,1,1,0.49324550000000000,0.493245500000,1.01360149184955,1.01360149184955,1.01360149184955,0E-17,ELIGIBLE,R03b_20260811_FULL_v1,L1_ELIGIBILITY,v2026-08-11,2026-03-21..2026-08-06,baccarat_bet02_101_all_pairs_incl_sentinel,round_win = game_pnl > 0 (decisive only),COMPATIBILITY_ONLY_NOT_PRODUCTION,175.5188,175.5188,-62.4182,7,7,0.35562130,,0.35562130,0.35562130,62.4182,175.5188,THIN_EXPOSURE,0.0000,-2.4967,4.0000,96.0000,AG03-UNRESOLVED,ALL5_LEVELS_bet23_to_bet27,-2.4967,-2.4967,-2.4967,-2.4967,-2.4967,4.000000,4.000000,4.000000,4.000000,4.000000,96.000000,96.000000,96.000000,96.000000,96.000000,5.0,-12.4836,-11.5241,-49.9346,-50.8941,PENDING_AG03,FALSE,NOT_FOR_ENFORCEMENT,-59.9215,168.4980,-62.4182,-59.9215,-2.4967,-0.35562130,-0.34139645,-2.4967,-59.9215,-0.34139645,-2.4967,-2.4967,-2.4967,-2.4967,-2.4967,-59.9215,-0.34139645,-12.4836,-11.5241,-49.9346,-50.8941,-0.28449704,-0.2899639,-0.01422485,25.0741,25.0741,-8.9169,-62.4182,-8.9169,175.5188,7.0000,,25.0741,19.2136,20.7715,33.2343,39.0503,39.4658,39.4658,20.7715,19.7329,1.9,1.9,1.207143,7,6,1,2,0E-8,-0.35562130,,0E-8,0.000000,1.000000,0.000000,,2026-06-28,2026-06-28,1,7,7,1,1.000000,,,0.000000,,,,,,,,GLOBAL_BASELINE_NO_ENTITY_RANKING,,,NOT_APPLICABLE_GLOBAL_BASELINE,HF9g-P5,,,,X 全窗基线 · 不参与实体赏罚,3920973,393,A168_HF9F_20260827_0900,2026-08-27 09:00:00
2026-06-07,150764395,-1,1,103.8572585838,-103.8572585838,-103.8572585838,0E-7,1,1,0.49324550000000000,0.493245500000,-0.9865810262130424,-0.9865810262130424,-0.9865810262130424,0E-17,SENTINEL_DEALER,R03b_20260811_FULL_v1,L1_ELIGIBILITY,v2026-08-11,2026-03-21..2026-08-06,baccarat_bet02_101_all_pairs_incl_sentinel,round_win = game_pnl > 0 (decisive only),COMPATIBILITY_ONLY_NOT_PRODUCTION,988.7211,895.2496,-62.4182,15,12,0.06313025,,0.06313025,0.06313025,62.4182,988.7211,THIN_EXPOSURE,0.0000,-2.4967,4.0000,96.0000,AG03-UNRESOLVED,ALL5_LEVELS_bet23_to_bet27,-2.4967,-2.4967,-2.4967,-2.4967,-2.4967,4.000000,4.000000,4.000000,4.000000,4.000000,96.000000,96.000000,96.000000,96.000000,96.000000,5.0,-12.4836,-11.5241,-49.9346,-50.8941,PENDING_AG03,FALSE,NOT_FOR_ENFORCEMENT,-59.9215,859.4396,-62.4182,-59.9215,-2.4967,-0.06313025,-0.06060504,-2.4967,-59.9215,-0.06060504,-2.4967,-2.4967,-2.4967,-2.4967,-2.4967,-59.9215,-0.06060504,-12.4836,-11.5241,-49.9346,-50.8941,-0.05050420,-0.05147468,-0.00252521,65.9147,74.6041,-5.2015,-62.4182,-31.2091,988.7211,12.0000,,65.9147,41.5429,81.0087,102.2994,103.8573,103.8573,103.8573,66.4686,-2.0771,1.282051,1.282051,0.813675,2,3,1,5,0E-8,-0.06313025,,0E-8,0.000000,0.905462,0.000000,,2026-06-07,2026-06-07,1,2,2,1,1.000000,,,0.000000,,,,,,,,GLOBAL_BASELINE_NO_ENTITY_RANKING,,,NOT_APPLICABLE_GLOBAL_BASELINE,HF9g-P5,,,,X 全窗基线 · 不参与实体赏罚,3920974,393,A168_HF9F_20260827_0900,2026-08-27 09:00:00
2026-06-07,150764395,1306,0,488.1291153439,160.0440354776,160.0440354776,0.5714286,10,7,0.49720130210973828,0.431891035714,0.39277994334497696,0.7453103510540244,0.39277994334497696,0.06531026639573828,ELIGIBLE,R03b_20260811_FULL_v1,L1_ELIGIBILITY,v2026-08-11,2026-03-21..2026-08-06,baccarat_bet02_101_all_pairs_incl_sentinel,round_win = game_pnl > 0 (decisive only),COMPATIBILITY_ONLY_NOT_PRODUCTION,988.7211,895.2496,-62.4182,15,12,0.06313025,,0.06313025,0.06313025,62.4182,988.7211,THIN_EXPOSURE,0.0000,-2.4967,4.0000,96.0000,AG03-UNRESOLVED,ALL5_LEVELS_bet23_to_bet27,-2.4967,-2.4967,-2.4967,-2.4967,-2.4967,4.000000,4.000000,4.000000,4.000000,4.000000,96.000000,96.000000,96.000000,96.000000,96.000000,5.0,-12.4836,-11.5241,-49.9346,-50.8941,PENDING_AG03,FALSE,NOT_FOR_ENFORCEMENT,-59.9215,859.4396,-62.4182,-59.9215,-2.4967,-0.06313025,-0.06060504,-2.4967,-59.9215,-0.06060504,-2.4967,-2.4967,-2.4967,-2.4967,-2.4967,-59.9215,-0.06060504,-12.4836,-11.5241,-49.9346,-50.8941,-0.05050420,-0.05147468,-0.00252521,65.9147,74.6041,-5.2015,-62.4182,-31.2091,988.7211,12.0000,,65.9147,41.5429,81.0087,102.2994,103.8573,103.8573,103.8573,66.4686,-2.0771,1.282051,1.282051,0.813675,2,3,1,5,0E-8,-0.06313025,,0E-8,0.000000,0.905462,0.000000,,2026-06-07,2026-06-07,1,2,2,1,1.000000,,,0.000000,,,,,,,,GLOBAL_BASELINE_NO_ENTITY_RANKING,,,NOT_APPLICABLE_GLOBAL_BASELINE,HF9g-P5,,,,X 全窗基线 · 不参与实体赏罚,3920975,393,A168_HF9F_20260827_0900,2026-08-27 09:00:00
2026-06-07,150764395,2251,0,396.7347277901,6.2314355151,6.2314355151,0.5000000,4,4,0.49324550000000000,0.493245500000,0.027020465636507562,0.027020465636507562,0.027020465636507562,0E-17,ELIGIBLE,R03b_20260811_FULL_v1,L1_ELIGIBILITY,v2026-08-11,2026-03-21..2026-08-06,baccarat_bet02_101_all_pairs_incl_sentinel,round_win = game_pnl > 0 (decisive only),COMPATIBILITY_ONLY_NOT_PRODUCTION,988.7211,895.2496,-62.4182,15,12,0.06313025,,0.06313025,0.06313025,62.4182,988.7211,THIN_EXPOSURE,0.0000,-2.4967,4.0000,96.0000,AG03-UNRESOLVED,ALL5_LEVELS_bet23_to_bet27,-2.4967,-2.4967,-2.4967,-2.4967,-2.4967,4.000000,4.000000,4.000000,4.000000,4.000000,96.000000,96.000000,96.000000,96.000000,96.000000,5.0,-12.4836,-11.5241,-49.9346,-50.8941,PENDING_AG03,FALSE,NOT_FOR_ENFORCEMENT,-59.9215,859.4396,-62.4182,-59.9215,-2.4967,-0.06313025,-0.06060504,-2.4967,-59.9215,-0.06060504,-2.4967,-2.4967,-2.4967,-2.4967,-2.4967,-59.9215,-0.06060504,-12.4836,-11.5241,-49.9346,-50.8941,-0.05050420,-0.05147468,-0.00252521,65.9147,74.6041,-5.2015,-62.4182,-31.2091,988.7211,12.0000,,65.9147,41.5429,81.0087,102.2994,103.8573,103.8573,103.8573,66.4686,-2.0771,1.282051,1.282051,0.813675,2,3,1,5,0E-8,-0.06313025,,0E-8,0.000000,0.905462,0.000000,,2026-06-07,2026-06-07,1,2,2,1,1.000000,,,0.000000,,,,,,,,GLOBAL_BASELINE_NO_ENTITY_RANKING,,,NOT_APPLICABLE_GLOBAL_BASELINE,HF9g-P5,,,,X 全窗基线 · 不参与实体赏罚,3920976,393,A168_HF9F_20260827_0900,2026-08-27 09:00:00
2026-07-19,153211413,2106,0,43.7654059259,41.5771356296,41.5771356296,1.0000000,1,1,0.50665070000000000,0.506650700000,0.9867858985152569,0.9867858985152569,0.9867858985152569,0E-17,ELIGIBLE,R03b_20260811_FULL_v1,L1_ELIGIBILITY,v2026-08-11,2026-03-21..2026-08-06,baccarat_bet02_101_all_pairs_incl_sentinel,round_win = game_pnl > 0 (decisive only),COMPATIBILITY_ONLY_NOT_PRODUCTION,64.6061,64.6061,-62.4178,2,2,0.96612903,0.96612903,,0.96612903,62.4178,64.6061,THIN_EXPOSURE,0.0000,-2.4967,4.0000,96.0000,AG03-UNRESOLVED,ALL5_LEVELS_bet23_to_bet27,-2.4967,-2.4967,-2.4967,-2.4967,-2.4967,4.000000,4.000000,4.000000,4.000000,4.000000,96.000000,96.000000,96.000000,96.000000,96.000000,5.0,-12.4836,-11.524,-49.9342,-50.8938,PENDING_AG03,FALSE,NOT_FOR_ENFORCEMENT,-59.9211,62.0218,-62.4178,-59.9211,-2.4967,-0.96612903,-0.92748387,-2.4967,-59.9211,-0.92748387,-2.4967,-2.4967,-2.4967,-2.4967,-2.4967,-59.9211,-0.92748387,-12.4836,-11.524,-49.9342,-50.8938,-0.77290323,-0.78775524,-0.03864516,32.3030,32.3030,-31.2089,-62.4178,-31.2089,64.6061,2.0000,32.3030,,20.8407,32.303,43.7654,43.7654,43.7654,43.7654,32.303,31.2089,1.354839,1.354839,1.0,2,2,2,2,1.00000000,-0.96612903,-0.96612903,0E-8,0.000000,1.000000,0.000000,,2026-07-19,2026-07-19,1,2,2,1,1.000000,,1.000000,3.333333,,,,,,,,GLOBAL_BASELINE_NO_ENTITY_RANKING,,,NOT_APPLICABLE_GLOBAL_BASELINE,HF9g-P5,,,,X 全窗基线 · 不参与实体赏罚,3920977,393,A168_HF9F_20260827_0900,2026-08-27 09:00:00
2026-07-19,153211413,2169,0,20.8406694885,20.8406694885,20.8406694885,1.0000000,1,1,0.49324550000000000,0.493245500000,1.01360149184955,1.01360149184955,1.01360149184955,0E-17,ELIGIBLE,R03b_20260811_FULL_v1,L1_ELIGIBILITY,v2026-08-11,2026-03-21..2026-08-06,baccarat_bet02_101_all_pairs_incl_sentinel,round_win = game_pnl > 0 (decisive only),COMPATIBILITY_ONLY_NOT_PRODUCTION,64.6061,64.6061,-62.4178,2,2,0.96612903,0.96612903,,0.96612903,62.4178,64.6061,THIN_EXPOSURE,0.0000,-2.4967,4.0000,96.0000,AG03-UNRESOLVED,ALL5_LEVELS_bet23_to_bet27,-2.4967,-2.4967,-2.4967,-2.4967,-2.4967,4.000000,4.000000,4.000000,4.000000,4.000000,96.000000,96.000000,96.000000,96.000000,96.000000,5.0,-12.4836,-11.524,-49.9342,-50.8938,PENDING_AG03,FALSE,NOT_FOR_ENFORCEMENT,-59.9211,62.0218,-62.4178,-59.9211,-2.4967,-0.96612903,-0.92748387,-2.4967,-59.9211,-0.92748387,-2.4967,-2.4967,-2.4967,-2.4967,-2.4967,-59.9211,-0.92748387,-12.4836,-11.524,-49.9342,-50.8938,-0.77290323,-0.78775524,-0.03864516,32.3030,32.3030,-31.2089,-62.4178,-31.2089,64.6061,2.0000,32.3030,,20.8407,32.303,43.7654,43.7654,43.7654,43.7654,32.303,31.2089,1.354839,1.354839,1.0,2,2,2,2,1.00000000,-0.96612903,-0.96612903,0E-8,0.000000,1.000000,0.000000,,2026-07-19,2026-07-19,1,2,2,1,1.000000,,1.000000,3.333333,,,,,,,,GLOBAL_BASELINE_NO_ENTITY_RANKING,,,NOT_APPLICABLE_GLOBAL_BASELINE,HF9g-P5,,,,X 全窗基线 · 不参与实体赏罚,3920978,393,A168_HF9F_20260827_0900,2026-08-27 09:00:00
2026-07-25,153463291,1330,0,20.8406694885,20.8406694885,20.8406694885,1.0000000,1,1,0.49324550000000000,0.493245500000,1.01360149184955,1.01360149184955,1.01360149184955,0E-17,ELIGIBLE,R03b_20260811_FULL_v1,L1_ELIGIBILITY,v2026-08-11,2026-03-21..2026-08-06,baccarat_bet02_101_all_pairs_incl_sentinel,round_win = game_pnl > 0 (decisive only),COMPATIBILITY_ONLY_NOT_PRODUCTION,64.6061,64.6061,-62.4178,2,2,0.96612903,0.96612903,,0.96612903,62.4178,64.6061,THIN_EXPOSURE,0.0000,-2.4967,4.0000,96.0000,AG03-UNRESOLVED,ALL5_LEVELS_bet23_to_bet27,-2.4967,-2.4967,-2.4967,-2.4967,-2.4967,4.000000,4.000000,4.000000,4.000000,4.000000,96.000000,96.000000,96.000000,96.000000,96.000000,5.0,-12.4836,-11.524,-49.9342,-50.8938,PENDING_AG03,FALSE,NOT_FOR_ENFORCEMENT,-59.9211,62.0218,-62.4178,-59.9211,-2.4967,-0.96612903,-0.92748387,-2.4967,-59.9211,-0.92748387,-2.4967,-2.4967,-2.4967,-2.4967,-2.4967,-59.9211,-0.92748387,-12.4836,-11.524,-49.9342,-50.8938,-0.77290323,-0.78775524,-0.03864516,32.3030,32.3030,-31.2089,-62.4178,-31.2089,64.6061,2.0000,32.3030,,20.8407,32.303,43.7654,43.7654,43.7654,43.7654,32.303,31.2089,1.354839,1.354839,1.0,2,2,2,2,1.00000000,-0.96612903,-0.96612903,0E-8,0.000000,1.000000,0.000000,,2026-07-25,2026-07-25,1,2,2,1,1.000000,,1.000000,3.333333,,,,,,,,GLOBAL_BASELINE_NO_ENTITY_RANKING,,,NOT_APPLICABLE_GLOBAL_BASELINE,HF9g-P5,,,,X 全窗基线 · 不参与实体赏罚,3920979,393,A168_HF9F_20260827_0900,2026-08-27 09:00:00
2026-07-25,153463291,2141,0,43.7654059259,41.5771356296,41.5771356296,1.0000000,1,1,0.50665070000000000,0.506650700000,0.9867858985152569,0.9867858985152569,0.9867858985152569,0E-17,ELIGIBLE,R03b_20260811_FULL_v1,L1_ELIGIBILITY,v2026-08-11,2026-03-21..2026-08-06,baccarat_bet02_101_all_pairs_incl_sentinel,round_win = game_pnl > 0 (decisive only),COMPATIBILITY_ONLY_NOT_PRODUCTION,64.6061,64.6061,-62.4178,2,2,0.96612903,0.96612903,,0.96612903,62.4178,64.6061,THIN_EXPOSURE,0.0000,-2.4967,4.0000,96.0000,AG03-UNRESOLVED,ALL5_LEVELS_bet23_to_bet27,-2.4967,-2.4967,-2.4967,-2.4967,-2.4967,4.000000,4.000000,4.000000,4.000000,4.000000,96.000000,96.000000,96.000000,96.000000,96.000000,5.0,-12.4836,-11.524,-49.9342,-50.8938,PENDING_AG03,FALSE,NOT_FOR_ENFORCEMENT,-59.9211,62.0218,-62.4178,-59.9211,-2.4967,-0.96612903,-0.92748387,-2.4967,-59.9211,-0.92748387,-2.4967,-2.4967,-2.4967,-2.4967,-2.4967,-59.9211,-0.92748387,-12.4836,-11.524,-49.9342,-50.8938,-0.77290323,-0.78775524,-0.03864516,32.3030,32.3030,-31.2089,-62.4178,-31.2089,64.6061,2.0000,32.3030,,20.8407,32.303,43.7654,43.7654,43.7654,43.7654,32.303,31.2089,1.354839,1.354839,1.0,2,2,2,2,1.00000000,-0.96612903,-0.96612903,0E-8,0.000000,1.000000,0.000000,,2026-07-25,2026-07-25,1,2,2,1,1.000000,,1.000000,3.333333,,,,,,,,GLOBAL_BASELINE_NO_ENTITY_RANKING,,,NOT_APPLICABLE_GLOBAL_BASELINE,HF9g-P5,,,,X 全窗基线 · 不参与实体赏罚,3920980,393,A168_HF9F_20260827_0900,2026-08-27 09:00:00
2026-07-31,153681585,1205,0,17.9796059898,-2.9537924126,-2.9537924126,0.5000000,2,2,0.49994810000000000,0.499948100000,0.00014679536856514622,0.00014679536856514622,0.00014679536856514622,0E-17,ELIGIBLE,R03b_20260811_FULL_v1,L1_ELIGIBILITY,v2026-08-11,2026-03-21..2026-08-06,baccarat_bet02_101_all_pairs_incl_sentinel,round_win = game_pnl > 0 (decisive only),COMPATIBILITY_ONLY_NOT_PRODUCTION,115.0695,115.0695,-61.7728,9,9,0.53683036,0.53683036,,0.53683036,61.7728,115.0695,THIN_EXPOSURE,0.0000,-1.8532,3.0000,97.0000,AG03-UNRESOLVED,ALL5_LEVELS_bet23_to_bet27,-1.8532,-1.8532,-1.8532,-2.4709,-2.4709,3.000000,3.000000,3.000000,4.000000,4.000000,97.000000,97.000000,97.000000,96.000000,96.000000,5.0,-10.5014,-9.8145,-51.2714,-51.9583,PENDING_AG03,FALSE,NOT_FOR_ENFORCEMENT,-59.9196,111.6174,-61.7728,-59.9196,-1.8532,-0.53683036,-0.52072545,-1.8532,-59.9196,-0.52072545,-1.8532,-1.8532,-1.8532,-2.4709,-2.4709,-59.9196,-0.52072545,-10.5014,-9.8145,-51.2714,-51.9583,-0.44556920,-0.45153845,-0.01610491,12.7855,12.7855,-6.8636,-61.7728,-12.3546,115.0695,9.0000,12.7855,,7.7055,7.7055,10.9162,31.0276,43.1511,43.1511,7.7055,7.3203,5.6,5.6,1.659259,5,6,1,2,1.00000000,-0.53683036,-0.53683036,0E-8,0.000000,1.000000,0.000000,,2026-07-31,2026-07-31,1,5,5,1,1.000000,,1.000000,3.333333,,,,,,,,GLOBAL_BASELINE_NO_ENTITY_RANKING,,,NOT_APPLICABLE_GLOBAL_BASELINE,HF9g-P5,,,,X 全窗基线 · 不参与实体赏罚,3920981,393,A168_HF9F_20260827_0900,2026-08-27 09:00:00
2026-07-31,153681585,1330,0,7.7055454242,-7.7055454242,-7.7055454242,0E-7,1,1,0.49324550000000000,0.493245500000,-0.9865810262130424,-0.9865810262130424,-0.9865810262130424,0E-17,ELIGIBLE,R03b_20260811_FULL_v1,L1_ELIGIBILITY,v2026-08-11,2026-03-21..2026-08-06,baccarat_bet02_101_all_pairs_incl_sentinel,round_win = game_pnl > 0 (decisive only),COMPATIBILITY_ONLY_NOT_PRODUCTION,115.0695,115.0695,-61.7728,9,9,0.53683036,0.53683036,,0.53683036,61.7728,115.0695,THIN_EXPOSURE,0.0000,-1.8532,3.0000,97.0000,AG03-UNRESOLVED,ALL5_LEVELS_bet23_to_bet27,-1.8532,-1.8532,-1.8532,-2.4709,-2.4709,3.000000,3.000000,3.000000,4.000000,4.000000,97.000000,97.000000,97.000000,96.000000,96.000000,5.0,-10.5014,-9.8145,-51.2714,-51.9583,PENDING_AG03,FALSE,NOT_FOR_ENFORCEMENT,-59.9196,111.6174,-61.7728,-59.9196,-1.8532,-0.53683036,-0.52072545,-1.8532,-59.9196,-0.52072545,-1.8532,-1.8532,-1.8532,-2.4709,-2.4709,-59.9196,-0.52072545,-10.5014,-9.8145,-51.2714,-51.9583,-0.44556920,-0.45153845,-0.01610491,12.7855,12.7855,-6.8636,-61.7728,-12.3546,115.0695,9.0000,12.7855,,7.7055,7.7055,10.9162,31.0276,43.1511,43.1511,7.7055,7.3203,5.6,5.6,1.659259,5,6,1,2,1.00000000,-0.53683036,-0.53683036,0E-8,0.000000,1.000000,0.000000,,2026-07-31,2026-07-31,1,5,5,1,1.000000,,1.000000,3.333333,,,,,,,,GLOBAL_BASELINE_NO_ENTITY_RANKING,,,NOT_APPLICABLE_GLOBAL_BASELINE,HF9g-P5,,,,X 全窗基线 · 不参与实体赏罚,3920982,393,A168_HF9F_20260827_0900,2026-08-27 09:00:00
2026-07-31,153681585,2147,0,7.7055454242,-7.7055454242,-7.7055454242,0E-7,1,1,0.50665070000000000,0.506650700000,-1.013391052207602,-1.013391052207602,-1.013391052207602,0E-17,ELIGIBLE,R03b_20260811_FULL_v1,L1_ELIGIBILITY,v2026-08-11,2026-03-21..2026-08-06,baccarat_bet02_101_all_pairs_incl_sentinel,round_win = game_pnl > 0 (decisive only),COMPATIBILITY_ONLY_NOT_PRODUCTION,115.0695,115.0695,-61.7728,9,9,0.53683036,0.53683036,,0.53683036,61.7728,115.0695,THIN_EXPOSURE,0.0000,-1.8532,3.0000,97.0000,AG03-UNRESOLVED,ALL5_LEVELS_bet23_to_bet27,-1.8532,-1.8532,-1.8532,-2.4709,-2.4709,3.000000,3.000000,3.000000,4.000000,4.000000,97.000000,97.000000,97.000000,96.000000,96.000000,5.0,-10.5014,-9.8145,-51.2714,-51.9583,PENDING_AG03,FALSE,NOT_FOR_ENFORCEMENT,-59.9196,111.6174,-61.7728,-59.9196,-1.8532,-0.53683036,-0.52072545,-1.8532,-59.9196,-0.52072545,-1.8532,-1.8532,-1.8532,-2.4709,-2.4709,-59.9196,-0.52072545,-10.5014,-9.8145,-51.2714,-51.9583,-0.44556920,-0.45153845,-0.01610491,12.7855,12.7855,-6.8636,-61.7728,-12.3546,115.0695,9.0000,12.7855,,7.7055,7.7055,10.9162,31.0276,43.1511,43.1511,7.7055,7.3203,5.6,5.6,1.659259,5,6,1,2,1.00000000,-0.53683036,-0.53683036,0E-8,0.000000,1.000000,0.000000,,2026-07-31,2026-07-31,1,5,5,1,1.000000,,1.000000,3.333333,,,,,,,,GLOBAL_BASELINE_NO_ENTITY_RANKING,,,NOT_APPLICABLE_GLOBAL_BASELINE,HF9g-P5,,,,X 全窗基线 · 不参与实体赏罚,3920983,393,A168_HF9F_20260827_0900,2026-08-27 09:00:00
2026-07-31,153681585,2218,0,30.8221816968,29.2810726119,29.2810726119,1.0000000,3,3,0.50665070000000000,0.506650700000,1.7091633124209307,1.7091633124209307,1.7091633124209307,0E-17,ELIGIBLE,R03b_20260811_FULL_v1,L1_ELIGIBILITY,v2026-08-11,2026-03-21..2026-08-06,baccarat_bet02_101_all_pairs_incl_sentinel,round_win = game_pnl > 0 (decisive only),COMPATIBILITY_ONLY_NOT_PRODUCTION,115.0695,115.0695,-61.7728,9,9,0.53683036,0.53683036,,0.53683036,61.7728,115.0695,THIN_EXPOSURE,0.0000,-1.8532,3.0000,97.0000,AG03-UNRESOLVED,ALL5_LEVELS_bet23_to_bet27,-1.8532,-1.8532,-1.8532,-2.4709,-2.4709,3.000000,3.000000,3.000000,4.000000,4.000000,97.000000,97.000000,97.000000,96.000000,96.000000,5.0,-10.5014,-9.8145,-51.2714,-51.9583,PENDING_AG03,FALSE,NOT_FOR_ENFORCEMENT,-59.9196,111.6174,-61.7728,-59.9196,-1.8532,-0.53683036,-0.52072545,-1.8532,-59.9196,-0.52072545,-1.8532,-1.8532,-1.8532,-2.4709,-2.4709,-59.9196,-0.52072545,-10.5014,-9.8145,-51.2714,-51.9583,-0.44556920,-0.45153845,-0.01610491,12.7855,12.7855,-6.8636,-61.7728,-12.3546,115.0695,9.0000,12.7855,,7.7055,7.7055,10.9162,31.0276,43.1511,43.1511,7.7055,7.3203,5.6,5.6,1.659259,5,6,1,2,1.00000000,-0.53683036,-0.53683036,0E-8,0.000000,1.000000,0.000000,,2026-07-31,2026-07-31,1,5,5,1,1.000000,,1.000000,3.333333,,,,,,,,GLOBAL_BASELINE_NO_ENTITY_RANKING,,,NOT_APPLICABLE_GLOBAL_BASELINE,HF9g-P5,,,,X 全窗基线 · 不参与实体赏罚,3920984,393,A168_HF9F_20260827_0900,2026-08-27 09:00:00
2026-07-31,153681585,2252,0,43.1510543755,43.1510543755,43.1510543755,1.0000000,1,1,0.49324550000000000,0.493245500000,1.01360149184955,1.01360149184955,1.01360149184955,0E-17,ELIGIBLE,R03b_20260811_FULL_v1,L1_ELIGIBILITY,v2026-08-11,2026-03-21..2026-08-06,baccarat_bet02_101_all_pairs_incl_sentinel,round_win = game_pnl > 0 (decisive only),COMPATIBILITY_ONLY_NOT_PRODUCTION,115.0695,115.0695,-61.7728,9,9,0.53683036,0.53683036,,0.53683036,61.7728,115.0695,THIN_EXPOSURE,0.0000,-1.8532,3.0000,97.0000,AG03-UNRESOLVED,ALL5_LEVELS_bet23_to_bet27,-1.8532,-1.8532,-1.8532,-2.4709,-2.4709,3.000000,3.000000,3.000000,4.000000,4.000000,97.000000,97.000000,97.000000,96.000000,96.000000,5.0,-10.5014,-9.8145,-51.2714,-51.9583,PENDING_AG03,FALSE,NOT_FOR_ENFORCEMENT,-59.9196,111.6174,-61.7728,-59.9196,-1.8532,-0.53683036,-0.52072545,-1.8532,-59.9196,-0.52072545,-1.8532,-1.8532,-1.8532,-2.4709,-2.4709,-59.9196,-0.52072545,-10.5014,-9.8145,-51.2714,-51.9583,-0.44556920,-0.45153845,-0.01610491,12.7855,12.7855,-6.8636,-61.7728,-12.3546,115.0695,9.0000,12.7855,,7.7055,7.7055,10.9162,31.0276,43.1511,43.1511,7.7055,7.3203,5.6,5.6,1.659259,5,6,1,2,1.00000000,-0.53683036,-0.53683036,0E-8,0.000000,1.000000,0.000000,,2026-07-31,2026-07-31,1,5,5,1,1.000000,,1.000000,3.333333,,,,,,,,GLOBAL_BASELINE_NO_ENTITY_RANKING,,,NOT_APPLICABLE_GLOBAL_BASELINE,HF9g-P5,,,,X 全窗基线 · 不参与实体赏罚,3920985,393,A168_HF9F_20260827_0900,2026-08-27 09:00:00
2026-07-31,153681585,948,0,7.7055454242,7.7055454242,7.7055454242,1.0000000,1,1,0.49324550000000000,0.493245500000,1.01360149184955,1.01360149184955,1.01360149184955,0E-17,ELIGIBLE,R03b_20260811_FULL_v1,L1_ELIGIBILITY,v2026-08-11,2026-03-21..2026-08-06,baccarat_bet02_101_all_pairs_incl_sentinel,round_win = game_pnl > 0 (decisive only),COMPATIBILITY_ONLY_NOT_PRODUCTION,115.0695,115.0695,-61.7728,9,9,0.53683036,0.53683036,,0.53683036,61.7728,115.0695,THIN_EXPOSURE,0.0000,-1.8532,3.0000,97.0000,AG03-UNRESOLVED,ALL5_LEVELS_bet23_to_bet27,-1.8532,-1.8532,-1.8532,-2.4709,-2.4709,3.000000,3.000000,3.000000,4.000000,4.000000,97.000000,97.000000,97.000000,96.000000,96.000000,5.0,-10.5014,-9.8145,-51.2714,-51.9583,PENDING_AG03,FALSE,NOT_FOR_ENFORCEMENT,-59.9196,111.6174,-61.7728,-59.9196,-1.8532,-0.53683036,-0.52072545,-1.8532,-59.9196,-0.52072545,-1.8532,-1.8532,-1.8532,-2.4709,-2.4709,-59.9196,-0.52072545,-10.5014,-9.8145,-51.2714,-51.9583,-0.44556920,-0.45153845,-0.01610491,12.7855,12.7855,-6.8636,-61.7728,-12.3546,115.0695,9.0000,12.7855,,7.7055,7.7055,10.9162,31.0276,43.1511,43.1511,7.7055,7.3203,5.6,5.6,1.659259,5,6,1,2,1.00000000,-0.53683036,-0.53683036,0E-8,0.000000,1.000000,0.000000,,2026-07-31,2026-07-31,1,5,5,1,1.000000,,1.000000,3.333333,,,,,,,,GLOBAL_BASELINE_NO_ENTITY_RANKING,,,NOT_APPLICABLE_GLOBAL_BASELINE,HF9g-P5,,,,X 全窗基线 · 不参与实体赏罚,3920986,393,A168_HF9F_20260827_0900,2026-08-27 09:00:00
2026-03-24,135790356,1307,0,41.1522633744,39.0946502058,39.0946502058,1.0000000,3,3,0.50665070000000000,0.506650700000,1.7091633124209307,1.7091633124209307,1.7091633124209307,0E-17,ELIGIBLE,R03b_20260811_FULL_v1,L1_ELIGIBILITY,v2026-08-11,2026-03-21..2026-08-06,baccarat_bet02_101_all_pairs_incl_sentinel,round_win = game_pnl > 0 (decisive only),COMPATIBILITY_ONLY_NOT_PRODUCTION,2263.3745,2071.3306,-62.4143,73,73,0.02757576,,0.02757576,0.02757576,62.4143,2263.3745,OK,0.0000,-2.4966,4.0000,96.0000,AG03-UNRESOLVED,ALL5_LEVELS_bet23_to_bet27,-2.4966,-2.4966,-2.4966,-2.4966,-2.4966,4.000000,4.000000,4.000000,4.000000,4.000000,96.000000,96.000000,96.000000,96.000000,96.000000,5.0,-12.4829,-11.5234,-49.9314,-50.8909,PENDING_AG03,FALSE,NOT_FOR_ENFORCEMENT,-59.9177,1988.4774,-62.4143,-59.9177,-2.4966,-0.02757576,-0.02647273,-2.4966,-59.9177,-0.02647273,-2.4966,-2.4966,-2.4966,-2.4966,-2.4966,-59.9177,-0.02647273,-12.4829,-11.5234,-49.9314,-50.8909,-0.02206061,-0.02248452,-0.00110303,31.0051,28.3744,-0.8550,-31.2071,-2.7137,1131.6872,36.5000,,31.0051,13.7174,13.7174,13.7174,74.074,137.1742,295.6113,13.7174,0.0,10.0,21.550061,2.260274,11,14,1,2,0E-8,-0.02757576,,0E-8,0.000000,0.915152,0.000000,,2026-03-24,2026-03-25,2,23,15,2,1.000000,,,0.000000,,,,,,,,GLOBAL_BASELINE_NO_ENTITY_RANKING,,,NOT_APPLICABLE_GLOBAL_BASELINE,HF9g-P5,,,,X 全窗基线 · 不参与实体赏罚,3920987,393,A168_HF9F_20260827_0900,2026-08-27 09:00:00
2026-03-24,135790356,1401,0,342.9355281207,342.9355281207,342.9355281207,1.0000000,1,1,0.49324550000000000,0.493245500000,1.01360149184955,1.01360149184955,1.01360149184955,0E-17,ELIGIBLE,R03b_20260811_FULL_v1,L1_ELIGIBILITY,v2026-08-11,2026-03-21..2026-08-06,baccarat_bet02_101_all_pairs_incl_sentinel,round_win = game_pnl > 0 (decisive only),COMPATIBILITY_ONLY_NOT_PRODUCTION,2263.3745,2071.3306,-62.4143,73,73,0.02757576,,0.02757576,0.02757576,62.4143,2263.3745,OK,0.0000,-2.4966,4.0000,96.0000,AG03-UNRESOLVED,ALL5_LEVELS_bet23_to_bet27,-2.4966,-2.4966,-2.4966,-2.4966,-2.4966,4.000000,4.000000,4.000000,4.000000,4.000000,96.000000,96.000000,96.000000,96.000000,96.000000,5.0,-12.4829,-11.5234,-49.9314,-50.8909,PENDING_AG03,FALSE,NOT_FOR_ENFORCEMENT,-59.9177,1988.4774,-62.4143,-59.9177,-2.4966,-0.02757576,-0.02647273,-2.4966,-59.9177,-0.02647273,-2.4966,-2.4966,-2.4966,-2.4966,-2.4966,-59.9177,-0.02647273,-12.4829,-11.5234,-49.9314,-50.8909,-0.02206061,-0.02248452,-0.00110303,31.0051,28.3744,-0.8550,-31.2071,-2.7137,1131.6872,36.5000,,31.0051,13.7174,13.7174,13.7174,74.074,137.1742,295.6113,13.7174,0.0,10.0,21.550061,2.260274,11,14,1,2,0E-8,-0.02757576,,0E-8,0.000000,0.915152,0.000000,,2026-03-24,2026-03-25,2,23,15,2,1.000000,,,0.000000,,,,,,,,GLOBAL_BASELINE_NO_ENTITY_RANKING,,,NOT_APPLICABLE_GLOBAL_BASELINE,HF9g-P5,,,,X 全窗基线 · 不参与实体赏罚,3920988,393,A168_HF9F_20260827_0900,2026-08-27 09:00:00
2026-03-24,135790356,2155,0,27.4348422496,26.0631001372,26.0631001372,1.0000000,2,2,0.50665070000000000,0.506650700000,1.3955260008387969,1.3955260008387969,1.3955260008387969,0E-17,ELIGIBLE,R03b_20260811_FULL_v1,L1_ELIGIBILITY,v2026-08-11,2026-03-21..2026-08-06,baccarat_bet02_101_all_pairs_incl_sentinel,round_win = game_pnl > 0 (decisive only),COMPATIBILITY_ONLY_NOT_PRODUCTION,2263.3745,2071.3306,-62.4143,73,73,0.02757576,,0.02757576,0.02757576,62.4143,2263.3745,OK,0.0000,-2.4966,4.0000,96.0000,AG03-UNRESOLVED,ALL5_LEVELS_bet23_to_bet27,-2.4966,-2.4966,-2.4966,-2.4966,-2.4966,4.000000,4.000000,4.000000,4.000000,4.000000,96.000000,96.000000,96.000000,96.000000,96.000000,5.0,-12.4829,-11.5234,-49.9314,-50.8909,PENDING_AG03,FALSE,NOT_FOR_ENFORCEMENT,-59.9177,1988.4774,-62.4143,-59.9177,-2.4966,-0.02757576,-0.02647273,-2.4966,-59.9177,-0.02647273,-2.4966,-2.4966,-2.4966,-2.4966,-2.4966,-59.9177,-0.02647273,-12.4829,-11.5234,-49.9314,-50.8909,-0.02206061,-0.02248452,-0.00110303,31.0051,28.3744,-0.8550,-31.2071,-2.7137,1131.6872,36.5000,,31.0051,13.7174,13.7174,13.7174,74.074,137.1742,295.6113,13.7174,0.0,10.0,21.550061,2.260274,11,14,1,2,0E-8,-0.02757576,,0E-8,0.000000,0.915152,0.000000,,2026-03-24,2026-03-25,2,23,15,2,1.000000,,,0.000000,,,,,,,,GLOBAL_BASELINE_NO_ENTITY_RANKING,,,NOT_APPLICABLE_GLOBAL_BASELINE,HF9g-P5,,,,X 全窗基线 · 不参与实体赏罚,3920989,393,A168_HF9F_20260827_0900,2026-08-27 09:00:00
2026-03-24,135790356,2202,0,13.7174211248,-13.7174211248,-13.7174211248,0E-7,1,1,0.50665070000000000,0.506650700000,-1.013391052207602,-1.013391052207602,-1.013391052207602,0E-17,ELIGIBLE,R03b_20260811_FULL_v1,L1_ELIGIBILITY,v2026-08-11,2026-03-21..2026-08-06,baccarat_bet02_101_all_pairs_incl_sentinel,round_win = game_pnl > 0 (decisive only),COMPATIBILITY_ONLY_NOT_PRODUCTION,2263.3745,2071.3306,-62.4143,73,73,0.02757576,,0.02757576,0.02757576,62.4143,2263.3745,OK,0.0000,-2.4966,4.0000,96.0000,AG03-UNRESOLVED,ALL5_LEVELS_bet23_to_bet27,-2.4966,-2.4966,-2.4966,-2.4966,-2.4966,4.000000,4.000000,4.000000,4.000000,4.000000,96.000000,96.000000,96.000000,96.000000,96.000000,5.0,-12.4829,-11.5234,-49.9314,-50.8909,PENDING_AG03,FALSE,NOT_FOR_ENFORCEMENT,-59.9177,1988.4774,-62.4143,-59.9177,-2.4966,-0.02757576,-0.02647273,-2.4966,-59.9177,-0.02647273,-2.4966,-2.4966,-2.4966,-2.4966,-2.4966,-59.9177,-0.02647273,-12.4829,-11.5234,-49.9314,-50.8909,-0.02206061,-0.02248452,-0.00110303,31.0051,28.3744,-0.8550,-31.2071,-2.7137,1131.6872,36.5000,,31.0051,13.7174,13.7174,13.7174,74.074,137.1742,295.6113,13.7174,0.0,10.0,21.550061,2.260274,11,14,1,2,0E-8,-0.02757576,,0E-8,0.000000,0.915152,0.000000,,2026-03-24,2026-03-25,2,23,15,2,1.000000,,,0.000000,,,,,,,,GLOBAL_BASELINE_NO_ENTITY_RANKING,,,NOT_APPLICABLE_GLOBAL_BASELINE,HF9g-P5,,,,X 全窗基线 · 不参与实体赏罚,3920990,393,A168_HF9F_20260827_0900,2026-08-27 09:00:00
2026-03-24,135790356,2246,0,576.1316872426,65.8436213994,65.8436213994,0.5454545,11,11,0.50665070000000000,0.506650700000,0.25741836475932667,0.25741836475932667,0.25741836475932667,0E-17,ELIGIBLE,R03b_20260811_FULL_v1,L1_ELIGIBILITY,v2026-08-11,2026-03-21..2026-08-06,baccarat_bet02_101_all_pairs_incl_sentinel,round_win = game_pnl > 0 (decisive only),COMPATIBILITY_ONLY_NOT_PRODUCTION,2263.3745,2071.3306,-62.4143,73,73,0.02757576,,0.02757576,0.02757576,62.4143,2263.3745,OK,0.0000,-2.4966,4.0000,96.0000,AG03-UNRESOLVED,ALL5_LEVELS_bet23_to_bet27,-2.4966,-2.4966,-2.4966,-2.4966,-2.4966,4.000000,4.000000,4.000000,4.000000,4.000000,96.000000,96.000000,96.000000,96.000000,96.000000,5.0,-12.4829,-11.5234,-49.9314,-50.8909,PENDING_AG03,FALSE,NOT_FOR_ENFORCEMENT,-59.9177,1988.4774,-62.4143,-59.9177,-2.4966,-0.02757576,-0.02647273,-2.4966,-59.9177,-0.02647273,-2.4966,-2.4966,-2.4966,-2.4966,-2.4966,-59.9177,-0.02647273,-12.4829,-11.5234,-49.9314,-50.8909,-0.02206061,-0.02248452,-0.00110303,31.0051,28.3744,-0.8550,-31.2071,-2.7137,1131.6872,36.5000,,31.0051,13.7174,13.7174,13.7174,74.074,137.1742,295.6113,13.7174,0.0,10.0,21.550061,2.260274,11,14,1,2,0E-8,-0.02757576,,0E-8,0.000000,0.915152,0.000000,,2026-03-24,2026-03-25,2,23,15,2,1.000000,,,0.000000,,,,,,,,GLOBAL_BASELINE_NO_ENTITY_RANKING,,,NOT_APPLICABLE_GLOBAL_BASELINE,HF9g-P5,,,,X 全窗基线 · 不参与实体赏罚,3920991,393,A168_HF9F_20260827_0900,2026-08-27 09:00:00
2026-03-25,135790356,-1,1,13.7174211248,13.0315500686,13.0315500686,1.0000000,1,1,0.50665070000000000,0.506650700000,0.9867858985152569,0.9867858985152569,0.9867858985152569,0E-17,SENTINEL_DEALER,R03b_20260811_FULL_v1,L1_ELIGIBILITY,v2026-08-11,2026-03-21..2026-08-06,baccarat_bet02_101_all_pairs_incl_sentinel,round_win = game_pnl > 0 (decisive only),COMPATIBILITY_ONLY_NOT_PRODUCTION,2263.3745,2071.3306,-62.4143,73,73,0.02757576,,0.02757576,0.02757576,62.4143,2263.3745,OK,0.0000,-2.4966,4.0000,96.0000,AG03-UNRESOLVED,ALL5_LEVELS_bet23_to_bet27,-2.4966,-2.4966,-2.4966,-2.4966,-2.4966,4.000000,4.000000,4.000000,4.000000,4.000000,96.000000,96.000000,96.000000,96.000000,96.000000,5.0,-12.4829,-11.5234,-49.9314,-50.8909,PENDING_AG03,FALSE,NOT_FOR_ENFORCEMENT,-59.9177,1988.4774,-62.4143,-59.9177,-2.4966,-0.02757576,-0.02647273,-2.4966,-59.9177,-0.02647273,-2.4966,-2.4966,-2.4966,-2.4966,-2.4966,-59.9177,-0.02647273,-12.4829,-11.5234,-49.9314,-50.8909,-0.02206061,-0.02248452,-0.00110303,31.0051,28.3744,-0.8550,-31.2071,-2.7137,1131.6872,36.5000,,31.0051,13.7174,13.7174,13.7174,74.074,137.1742,295.6113,13.7174,0.0,10.0,21.550061,2.260274,11,14,1,2,0E-8,-0.02757576,,0E-8,0.000000,0.915152,0.000000,,2026-03-24,2026-03-25,2,23,15,2,1.000000,,,0.000000,,,,,,,,GLOBAL_BASELINE_NO_ENTITY_RANKING,,,NOT_APPLICABLE_GLOBAL_BASELINE,HF9g-P5,,,,X 全窗基线 · 不参与实体赏罚,3920992,393,A168_HF9F_20260827_0900,2026-08-27 09:00:00
2026-03-25,135790356,1307,0,219.4787379971,-179.0123456789,-179.0123456789,0.1666667,7,7,0.50665070000000000,0.506650700000,-1.6657221670529434,-1.6657221670529434,-1.6657221670529434,0E-17,ELIGIBLE,R03b_20260811_FULL_v1,L1_ELIGIBILITY,v2026-08-11,2026-03-21..2026-08-06,baccarat_bet02_101_all_pairs_incl_sentinel,round_win = game_pnl > 0 (decisive only),COMPATIBILITY_ONLY_NOT_PRODUCTION,2263.3745,2071.3306,-62.4143,73,73,0.02757576,,0.02757576,0.02757576,62.4143,2263.3745,OK,0.0000,-2.4966,4.0000,96.0000,AG03-UNRESOLVED,ALL5_LEVELS_bet23_to_bet27,-2.4966,-2.4966,-2.4966,-2.4966,-2.4966,4.000000,4.000000,4.000000,4.000000,4.000000,96.000000,96.000000,96.000000,96.000000,96.000000,5.0,-12.4829,-11.5234,-49.9314,-50.8909,PENDING_AG03,FALSE,NOT_FOR_ENFORCEMENT,-59.9177,1988.4774,-62.4143,-59.9177,-2.4966,-0.02757576,-0.02647273,-2.4966,-59.9177,-0.02647273,-2.4966,-2.4966,-2.4966,-2.4966,-2.4966,-59.9177,-0.02647273,-12.4829,-11.5234,-49.9314,-50.8909,-0.02206061,-0.02248452,-0.00110303,31.0051,28.3744,-0.8550,-31.2071,-2.7137,1131.6872,36.5000,,31.0051,13.7174,13.7174,13.7174,74.074,137.1742,295.6113,13.7174,0.0,10.0,21.550061,2.260274,11,14,1,2,0E-8,-0.02757576,,0E-8,0.000000,0.915152,0.000000,,2026-03-24,2026-03-25,2,23,15,2,1.000000,,,0.000000,,,,,,,,GLOBAL_BASELINE_NO_ENTITY_RANKING,,,NOT_APPLICABLE_GLOBAL_BASELINE,HF9g-P5,,,,X 全窗基线 · 不参与实体赏罚,3920993,393,A168_HF9F_20260827_0900,2026-08-27 09:00:00
2026-03-25,135790356,1330,0,288.0658436212,-194.1015089162,-194.1015089162,0.4285714,8,8,0.50665070000000000,0.506650700000,-0.4131932236838825,-0.4131932236838825,-0.4131932236838825,0E-17,ELIGIBLE,R03b_20260811_FULL_v1,L1_ELIGIBILITY,v2026-08-11,2026-03-21..2026-08-06,baccarat_bet02_101_all_pairs_incl_sentinel,round_win = game_pnl > 0 (decisive only),COMPATIBILITY_ONLY_NOT_PRODUCTION,2263.3745,2071.3306,-62.4143,73,73,0.02757576,,0.02757576,0.02757576,62.4143,2263.3745,OK,0.0000,-2.4966,4.0000,96.0000,AG03-UNRESOLVED,ALL5_LEVELS_bet23_to_bet27,-2.4966,-2.4966,-2.4966,-2.4966,-2.4966,4.000000,4.000000,4.000000,4.000000,4.000000,96.000000,96.000000,96.000000,96.000000,96.000000,5.0,-12.4829,-11.5234,-49.9314,-50.8909,PENDING_AG03,FALSE,NOT_FOR_ENFORCEMENT,-59.9177,1988.4774,-62.4143,-59.9177,-2.4966,-0.02757576,-0.02647273,-2.4966,-59.9177,-0.02647273,-2.4966,-2.4966,-2.4966,-2.4966,-2.4966,-59.9177,-0.02647273,-12.4829,-11.5234,-49.9314,-50.8909,-0.02206061,-0.02248452,-0.00110303,31.0051,28.3744,-0.8550,-31.2071,-2.7137,1131.6872,36.5000,,31.0051,13.7174,13.7174,13.7174,74.074,137.1742,295.6113,13.7174,0.0,10.0,21.550061,2.260274,11,14,1,2,0E-8,-0.02757576,,0E-8,0.000000,0.915152,0.000000,,2026-03-24,2026-03-25,2,23,15,2,1.000000,,,0.000000,,,,,,,,GLOBAL_BASELINE_NO_ENTITY_RANKING,,,NOT_APPLICABLE_GLOBAL_BASELINE,HF9g-P5,,,,X 全窗基线 · 不参与实体赏罚,3920994,393,A168_HF9F_20260827_0900,2026-08-27 09:00:00
2026-03-25,135790356,1385,0,27.4348422496,26.0631001372,26.0631001372,1.0000000,2,2,0.50665070000000000,0.506650700000,1.3955260008387969,1.3955260008387969,1.3955260008387969,0E-17,ELIGIBLE,R03b_20260811_FULL_v1,L1_ELIGIBILITY,v2026-08-11,2026-03-21..2026-08-06,baccarat_bet02_101_all_pairs_incl_sentinel,round_win = game_pnl > 0 (decisive only),COMPATIBILITY_ONLY_NOT_PRODUCTION,2263.3745,2071.3306,-62.4143,73,73,0.02757576,,0.02757576,0.02757576,62.4143,2263.3745,OK,0.0000,-2.4966,4.0000,96.0000,AG03-UNRESOLVED,ALL5_LEVELS_bet23_to_bet27,-2.4966,-2.4966,-2.4966,-2.4966,-2.4966,4.000000,4.000000,4.000000,4.000000,4.000000,96.000000,96.000000,96.000000,96.000000,96.000000,5.0,-12.4829,-11.5234,-49.9314,-50.8909,PENDING_AG03,FALSE,NOT_FOR_ENFORCEMENT,-59.9177,1988.4774,-62.4143,-59.9177,-2.4966,-0.02757576,-0.02647273,-2.4966,-59.9177,-0.02647273,-2.4966,-2.4966,-2.4966,-2.4966,-2.4966,-59.9177,-0.02647273,-12.4829,-11.5234,-49.9314,-50.8909,-0.02206061,-0.02248452,-0.00110303,31.0051,28.3744,-0.8550,-31.2071,-2.7137,1131.6872,36.5000,,31.0051,13.7174,13.7174,13.7174,74.074,137.1742,295.6113,13.7174,0.0,10.0,21.550061,2.260274,11,14,1,2,0E-8,-0.02757576,,0E-8,0.000000,0.915152,0.000000,,2026-03-24,2026-03-25,2,23,15,2,1.000000,,,0.000000,,,,,,,,GLOBAL_BASELINE_NO_ENTITY_RANKING,,,NOT_APPLICABLE_GLOBAL_BASELINE,HF9g-P5,,,,X 全窗基线 · 不参与实体赏罚,3920995,393,A168_HF9F_20260827_0900,2026-08-27 09:00:00
2026-03-25,135790356,1401,0,164.6090534976,-17.1467764058,-17.1467764058,0.4545455,12,12,0.50665070000000000,0.506650700000,-0.34565767704657374,-0.34565767704657374,-0.34565767704657374,0E-17,ELIGIBLE,R03b_20260811_FULL_v1,L1_ELIGIBILITY,v2026-08-11,2026-03-21..2026-08-06,baccarat_bet02_101_all_pairs_incl_sentinel,round_win = game_pnl > 0 (decisive only),COMPATIBILITY_ONLY_NOT_PRODUCTION,2263.3745,2071.3306,-62.4143,73,73,0.02757576,,0.02757576,0.02757576,62.4143,2263.3745,OK,0.0000,-2.4966,4.0000,96.0000,AG03-UNRESOLVED,ALL5_LEVELS_bet23_to_bet27,-2.4966,-2.4966,-2.4966,-2.4966,-2.4966,4.000000,4.000000,4.000000,4.000000,4.000000,96.000000,96.000000,96.000000,96.000000,96.000000,5.0,-12.4829,-11.5234,-49.9314,-50.8909,PENDING_AG03,FALSE,NOT_FOR_ENFORCEMENT,-59.9177,1988.4774,-62.4143,-59.9177,-2.4966,-0.02757576,-0.02647273,-2.4966,-59.9177,-0.02647273,-2.4966,-2.4966,-2.4966,-2.4966,-2.4966,-59.9177,-0.02647273,-12.4829,-11.5234,-49.9314,-50.8909,-0.02206061,-0.02248452,-0.00110303,31.0051,28.3744,-0.8550,-31.2071,-2.7137,1131.6872,36.5000,,31.0051,13.7174,13.7174,13.7174,74.074,137.1742,295.6113,13.7174,0.0,10.0,21.550061,2.260274,11,14,1,2,0E-8,-0.02757576,,0E-8,0.000000,0.915152,0.000000,,2026-03-24,2026-03-25,2,23,15,2,1.000000,,,0.000000,,,,,,,,GLOBAL_BASELINE_NO_ENTITY_RANKING,,,NOT_APPLICABLE_GLOBAL_BASELINE,HF9g-P5,,,,X 全窗基线 · 不参与实体赏罚,3920996,393,A168_HF9F_20260827_0900,2026-08-27 09:00:00
2026-03-25,135790356,1711,0,13.7174211248,13.0315500686,13.0315500686,1.0000000,1,1,0.50665070000000000,0.506650700000,0.9867858985152569,0.9867858985152569,0.9867858985152569,0E-17,ELIGIBLE,R03b_20260811_FULL_v1,L1_ELIGIBILITY,v2026-08-11,2026-03-21..2026-08-06,baccarat_bet02_101_all_pairs_incl_sentinel,round_win = game_pnl > 0 (decisive only),COMPATIBILITY_ONLY_NOT_PRODUCTION,2263.3745,2071.3306,-62.4143,73,73,0.02757576,,0.02757576,0.02757576,62.4143,2263.3745,OK,0.0000,-2.4966,4.0000,96.0000,AG03-UNRESOLVED,ALL5_LEVELS_bet23_to_bet27,-2.4966,-2.4966,-2.4966,-2.4966,-2.4966,4.000000,4.000000,4.000000,4.000000,4.000000,96.000000,96.000000,96.000000,96.000000,96.000000,5.0,-12.4829,-11.5234,-49.9314,-50.8909,PENDING_AG03,FALSE,NOT_FOR_ENFORCEMENT,-59.9177,1988.4774,-62.4143,-59.9177,-2.4966,-0.02757576,-0.02647273,-2.4966,-59.9177,-0.02647273,-2.4966,-2.4966,-2.4966,-2.4966,-2.4966,-59.9177,-0.02647273,-12.4829,-11.5234,-49.9314,-50.8909,-0.02206061,-0.02248452,-0.00110303,31.0051,28.3744,-0.8550,-31.2071,-2.7137,1131.6872,36.5000,,31.0051,13.7174,13.7174,13.7174,74.074,137.1742,295.6113,13.7174,0.0,10.0,21.550061,2.260274,11,14,1,2,0E-8,-0.02757576,,0E-8,0.000000,0.915152,0.000000,,2026-03-24,2026-03-25,2,23,15,2,1.000000,,,0.000000,,,,,,,,GLOBAL_BASELINE_NO_ENTITY_RANKING,,,NOT_APPLICABLE_GLOBAL_BASELINE,HF9g-P5,,,,X 全窗基线 · 不参与实体赏罚,3920997,393,A168_HF9F_20260827_0900,2026-08-27 09:00:00
2026-03-25,135790356,1957,0,13.7174211248,13.0315500686,13.0315500686,1.0000000,1,1,0.50665070000000000,0.506650700000,0.9867858985152569,0.9867858985152569,0.9867858985152569,0E-17,ELIGIBLE,R03b_20260811_FULL_v1,L1_ELIGIBILITY,v2026-08-11,2026-03-21..2026-08-06,baccarat_bet02_101_all_pairs_incl_sentinel,round_win = game_pnl > 0 (decisive only),COMPATIBILITY_ONLY_NOT_PRODUCTION,2263.3745,2071.3306,-62.4143,73,73,0.02757576,,0.02757576,0.02757576,62.4143,2263.3745,OK,0.0000,-2.4966,4.0000,96.0000,AG03-UNRESOLVED,ALL5_LEVELS_bet23_to_bet27,-2.4966,-2.4966,-2.4966,-2.4966,-2.4966,4.000000,4.000000,4.000000,4.000000,4.000000,96.000000,96.000000,96.000000,96.000000,96.000000,5.0,-12.4829,-11.5234,-49.9314,-50.8909,PENDING_AG03,FALSE,NOT_FOR_ENFORCEMENT,-59.9177,1988.4774,-62.4143,-59.9177,-2.4966,-0.02757576,-0.02647273,-2.4966,-59.9177,-0.02647273,-2.4966,-2.4966,-2.4966,-2.4966,-2.4966,-59.9177,-0.02647273,-12.4829,-11.5234,-49.9314,-50.8909,-0.02206061,-0.02248452,-0.00110303,31.0051,28.3744,-0.8550,-31.2071,-2.7137,1131.6872,36.5000,,31.0051,13.7174,13.7174,13.7174,74.074,137.1742,295.6113,13.7174,0.0,10.0,21.550061,2.260274,11,14,1,2,0E-8,-0.02757576,,0E-8,0.000000,0.915152,0.000000,,2026-03-24,2026-03-25,2,23,15,2,1.000000,,,0.000000,,,,,,,,GLOBAL_BASELINE_NO_ENTITY_RANKING,,,NOT_APPLICABLE_GLOBAL_BASELINE,HF9g-P5,,,,X 全窗基线 · 不参与实体赏罚,3920998,393,A168_HF9F_20260827_0900,2026-08-27 09:00:00
2026-03-25,135790356,2106,0,27.4348422496,-27.4348422496,-27.4348422496,0E-7,2,2,0.50665070000000000,0.506650700000,-1.4331513700195317,-1.4331513700195317,-1.4331513700195317,0E-17,ELIGIBLE,R03b_20260811_FULL_v1,L1_ELIGIBILITY,v2026-08-11,2026-03-21..2026-08-06,baccarat_bet02_101_all_pairs_incl_sentinel,round_win = game_pnl > 0 (decisive only),COMPATIBILITY_ONLY_NOT_PRODUCTION,2263.3745,2071.3306,-62.4143,73,73,0.02757576,,0.02757576,0.02757576,62.4143,2263.3745,OK,0.0000,-2.4966,4.0000,96.0000,AG03-UNRESOLVED,ALL5_LEVELS_bet23_to_bet27,-2.4966,-2.4966,-2.4966,-2.4966,-2.4966,4.000000,4.000000,4.000000,4.000000,4.000000,96.000000,96.000000,96.000000,96.000000,96.000000,5.0,-12.4829,-11.5234,-49.9314,-50.8909,PENDING_AG03,FALSE,NOT_FOR_ENFORCEMENT,-59.9177,1988.4774,-62.4143,-59.9177,-2.4966,-0.02757576,-0.02647273,-2.4966,-59.9177,-0.02647273,-2.4966,-2.4966,-2.4966,-2.4966,-2.4966,-59.9177,-0.02647273,-12.4829,-11.5234,-49.9314,-50.8909,-0.02206061,-0.02248452,-0.00110303,31.0051,28.3744,-0.8550,-31.2071,-2.7137,1131.6872,36.5000,,31.0051,13.7174,13.7174,13.7174,74.074,137.1742,295.6113,13.7174,0.0,10.0,21.550061,2.260274,11,14,1,2,0E-8,-0.02757576,,0E-8,0.000000,0.915152,0.000000,,2026-03-24,2026-03-25,2,23,15,2,1.000000,,,0.000000,,,,,,,,GLOBAL_BASELINE_NO_ENTITY_RANKING,,,NOT_APPLICABLE_GLOBAL_BASELINE,HF9g-P5,,,,X 全窗基线 · 不参与实体赏罚,3920999,393,A168_HF9F_20260827_0900,2026-08-27 09:00:00
2026-03-25,135790356,2117,0,13.7174211248,0E-10,0E-10,,1,1,0.50665070000000000,0.506650700000,,,,0E-17,NO_DECISIVE_ROUND,R03b_20260811_FULL_v1,L1_ELIGIBILITY,v2026-08-11,2026-03-21..2026-08-06,baccarat_bet02_101_all_pairs_incl_sentinel,round_win = game_pnl > 0 (decisive only),COMPATIBILITY_ONLY_NOT_PRODUCTION,2263.3745,2071.3306,-62.4143,73,73,0.02757576,,0.02757576,0.02757576,62.4143,2263.3745,OK,0.0000,-2.4966,4.0000,96.0000,AG03-UNRESOLVED,ALL5_LEVELS_bet23_to_bet27,-2.4966,-2.4966,-2.4966,-2.4966,-2.4966,4.000000,4.000000,4.000000,4.000000,4.000000,96.000000,96.000000,96.000000,96.000000,96.000000,5.0,-12.4829,-11.5234,-49.9314,-50.8909,PENDING_AG03,FALSE,NOT_FOR_ENFORCEMENT,-59.9177,1988.4774,-62.4143,-59.9177,-2.4966,-0.02757576,-0.02647273,-2.4966,-59.9177,-0.02647273,-2.4966,-2.4966,-2.4966,-2.4966,-2.4966,-59.9177,-0.02647273,-12.4829,-11.5234,-49.9314,-50.8909,-0.02206061,-0.02248452,-0.00110303,31.0051,28.3744,-0.8550,-31.2071,-2.7137,1131.6872,36.5000,,31.0051,13.7174,13.7174,13.7174,74.074,137.1742,295.6113,13.7174,0.0,10.0,21.550061,2.260274,11,14,1,2,0E-8,-0.02757576,,0E-8,0.000000,0.915152,0.000000,,2026-03-24,2026-03-25,2,23,15,2,1.000000,,,0.000000,,,,,,,,GLOBAL_BASELINE_NO_ENTITY_RANKING,,,NOT_APPLICABLE_GLOBAL_BASELINE,HF9g-P5,,,,X 全窗基线 · 不参与实体赏罚,3921000,393,A168_HF9F_20260827_0900,2026-08-27 09:00:00
2026-03-25,135790356,2155,0,13.7174211248,-13.7174211248,-13.7174211248,0E-7,1,1,0.50665070000000000,0.506650700000,-1.013391052207602,-1.013391052207602,-1.013391052207602,0E-17,ELIGIBLE,R03b_20260811_FULL_v1,L1_ELIGIBILITY,v2026-08-11,2026-03-21..2026-08-06,baccarat_bet02_101_all_pairs_incl_sentinel,round_win = game_pnl > 0 (decisive only),COMPATIBILITY_ONLY_NOT_PRODUCTION,2263.3745,2071.3306,-62.4143,73,73,0.02757576,,0.02757576,0.02757576,62.4143,2263.3745,OK,0.0000,-2.4966,4.0000,96.0000,AG03-UNRESOLVED,ALL5_LEVELS_bet23_to_bet27,-2.4966,-2.4966,-2.4966,-2.4966,-2.4966,4.000000,4.000000,4.000000,4.000000,4.000000,96.000000,96.000000,96.000000,96.000000,96.000000,5.0,-12.4829,-11.5234,-49.9314,-50.8909,PENDING_AG03,FALSE,NOT_FOR_ENFORCEMENT,-59.9177,1988.4774,-62.4143,-59.9177,-2.4966,-0.02757576,-0.02647273,-2.4966,-59.9177,-0.02647273,-2.4966,-2.4966,-2.4966,-2.4966,-2.4966,-59.9177,-0.02647273,-12.4829,-11.5234,-49.9314,-50.8909,-0.02206061,-0.02248452,-0.00110303,31.0051,28.3744,-0.8550,-31.2071,-2.7137,1131.6872,36.5000,,31.0051,13.7174,13.7174,13.7174,74.074,137.1742,295.6113,13.7174,0.0,10.0,21.550061,2.260274,11,14,1,2,0E-8,-0.02757576,,0E-8,0.000000,0.915152,0.000000,,2026-03-24,2026-03-25,2,23,15,2,1.000000,,,0.000000,,,,,,,,GLOBAL_BASELINE_NO_ENTITY_RANKING,,,NOT_APPLICABLE_GLOBAL_BASELINE,HF9g-P5,,,,X 全窗基线 · 不参与实体赏罚,3921001,393,A168_HF9F_20260827_0900,2026-08-27 09:00:00
2026-03-25,135790356,2201,0,301.7832647463,-54.8696844993,-54.8696844993,0.5000000,8,8,0.49492115000000000,0.494921150000,0.02488246566571863,0.02488246566571863,0.02488246566571863,0E-17,ELIGIBLE,R03b_20260811_FULL_v1,L1_ELIGIBILITY,v2026-08-11,2026-03-21..2026-08-06,baccarat_bet02_101_all_pairs_incl_sentinel,round_win = game_pnl > 0 (decisive only),COMPATIBILITY_ONLY_NOT_PRODUCTION,2263.3745,2071.3306,-62.4143,73,73,0.02757576,,0.02757576,0.02757576,62.4143,2263.3745,OK,0.0000,-2.4966,4.0000,96.0000,AG03-UNRESOLVED,ALL5_LEVELS_bet23_to_bet27,-2.4966,-2.4966,-2.4966,-2.4966,-2.4966,4.000000,4.000000,4.000000,4.000000,4.000000,96.000000,96.000000,96.000000,96.000000,96.000000,5.0,-12.4829,-11.5234,-49.9314,-50.8909,PENDING_AG03,FALSE,NOT_FOR_ENFORCEMENT,-59.9177,1988.4774,-62.4143,-59.9177,-2.4966,-0.02757576,-0.02647273,-2.4966,-59.9177,-0.02647273,-2.4966,-2.4966,-2.4966,-2.4966,-2.4966,-59.9177,-0.02647273,-12.4829,-11.5234,-49.9314,-50.8909,-0.02206061,-0.02248452,-0.00110303,31.0051,28.3744,-0.8550,-31.2071,-2.7137,1131.6872,36.5000,,31.0051,13.7174,13.7174,13.7174,74.074,137.1742,295.6113,13.7174,0.0,10.0,21.550061,2.260274,11,14,1,2,0E-8,-0.02757576,,0E-8,0.000000,0.915152,0.000000,,2026-03-24,2026-03-25,2,23,15,2,1.000000,,,0.000000,,,,,,,,GLOBAL_BASELINE_NO_ENTITY_RANKING,,,NOT_APPLICABLE_GLOBAL_BASELINE,HF9g-P5,,,,X 全窗基线 · 不参与实体赏罚,3921002,393,A168_HF9F_20260827_0900,2026-08-27 09:00:00
2026-03-25,135790356,2202,0,27.4348422496,13.0315500686,13.0315500686,1.0000000,2,2,0.50665070000000000,0.506650700000,0.9867858985152569,0.9867858985152569,0.9867858985152569,0E-17,ELIGIBLE,R03b_20260811_FULL_v1,L1_ELIGIBILITY,v2026-08-11,2026-03-21..2026-08-06,baccarat_bet02_101_all_pairs_incl_sentinel,round_win = game_pnl > 0 (decisive only),COMPATIBILITY_ONLY_NOT_PRODUCTION,2263.3745,2071.3306,-62.4143,73,73,0.02757576,,0.02757576,0.02757576,62.4143,2263.3745,OK,0.0000,-2.4966,4.0000,96.0000,AG03-UNRESOLVED,ALL5_LEVELS_bet23_to_bet27,-2.4966,-2.4966,-2.4966,-2.4966,-2.4966,4.000000,4.000000,4.000000,4.000000,4.000000,96.000000,96.000000,96.000000,96.000000,96.000000,5.0,-12.4829,-11.5234,-49.9314,-50.8909,PENDING_AG03,FALSE,NOT_FOR_ENFORCEMENT,-59.9177,1988.4774,-62.4143,-59.9177,-2.4966,-0.02757576,-0.02647273,-2.4966,-59.9177,-0.02647273,-2.4966,-2.4966,-2.4966,-2.4966,-2.4966,-59.9177,-0.02647273,-12.4829,-11.5234,-49.9314,-50.8909,-0.02206061,-0.02248452,-0.00110303,31.0051,28.3744,-0.8550,-31.2071,-2.7137,1131.6872,36.5000,,31.0051,13.7174,13.7174,13.7174,74.074,137.1742,295.6113,13.7174,0.0,10.0,21.550061,2.260274,11,14,1,2,0E-8,-0.02757576,,0E-8,0.000000,0.915152,0.000000,,2026-03-24,2026-03-25,2,23,15,2,1.000000,,,0.000000,,,,,,,,GLOBAL_BASELINE_NO_ENTITY_RANKING,,,NOT_APPLICABLE_GLOBAL_BASELINE,HF9g-P5,,,,X 全窗基线 · 不参与实体赏罚,3921003,393,A168_HF9F_20260827_0900,2026-08-27 09:00:00
2026-03-25,135790356,2216,0,41.1522633745,12.3456790124,12.3456790124,0.5000000,2,2,0.50665070000000000,0.506650700000,-0.018812684590367487,-0.018812684590367487,-0.018812684590367487,0E-17,ELIGIBLE,R03b_20260811_FULL_v1,L1_ELIGIBILITY,v2026-08-11,2026-03-21..2026-08-06,baccarat_bet02_101_all_pairs_incl_sentinel,round_win = game_pnl > 0 (decisive only),COMPATIBILITY_ONLY_NOT_PRODUCTION,2263.3745,2071.3306,-62.4143,73,73,0.02757576,,0.02757576,0.02757576,62.4143,2263.3745,OK,0.0000,-2.4966,4.0000,96.0000,AG03-UNRESOLVED,ALL5_LEVELS_bet23_to_bet27,-2.4966,-2.4966,-2.4966,-2.4966,-2.4966,4.000000,4.000000,4.000000,4.000000,4.000000,96.000000,96.000000,96.000000,96.000000,96.000000,5.0,-12.4829,-11.5234,-49.9314,-50.8909,PENDING_AG03,FALSE,NOT_FOR_ENFORCEMENT,-59.9177,1988.4774,-62.4143,-59.9177,-2.4966,-0.02757576,-0.02647273,-2.4966,-59.9177,-0.02647273,-2.4966,-2.4966,-2.4966,-2.4966,-2.4966,-59.9177,-0.02647273,-12.4829,-11.5234,-49.9314,-50.8909,-0.02206061,-0.02248452,-0.00110303,31.0051,28.3744,-0.8550,-31.2071,-2.7137,1131.6872,36.5000,,31.0051,13.7174,13.7174,13.7174,74.074,137.1742,295.6113,13.7174,0.0,10.0,21.550061,2.260274,11,14,1,2,0E-8,-0.02757576,,0E-8,0.000000,0.915152,0.000000,,2026-03-24,2026-03-25,2,23,15,2,1.000000,,,0.000000,,,,,,,,GLOBAL_BASELINE_NO_ENTITY_RANKING,,,NOT_APPLICABLE_GLOBAL_BASELINE,HF9g-P5,,,,X 全窗基线 · 不参与实体赏罚,3921004,393,A168_HF9F_20260827_0900,2026-08-27 09:00:00
2026-03-25,135790356,2246,0,96.0219478736,-2.0576131686,-2.0576131686,0.5000000,7,7,0.50665070000000000,0.506650700000,-0.032584525537284574,-0.032584525537284574,-0.032584525537284574,0E-17,ELIGIBLE,R03b_20260811_FULL_v1,L1_ELIGIBILITY,v2026-08-11,2026-03-21..2026-08-06,baccarat_bet02_101_all_pairs_incl_sentinel,round_win = game_pnl > 0 (decisive only),COMPATIBILITY_ONLY_NOT_PRODUCTION,2263.3745,2071.3306,-62.4143,73,73,0.02757576,,0.02757576,0.02757576,62.4143,2263.3745,OK,0.0000,-2.4966,4.0000,96.0000,AG03-UNRESOLVED,ALL5_LEVELS_bet23_to_bet27,-2.4966,-2.4966,-2.4966,-2.4966,-2.4966,4.000000,4.000000,4.000000,4.000000,4.000000,96.000000,96.000000,96.000000,96.000000,96.000000,5.0,-12.4829,-11.5234,-49.9314,-50.8909,PENDING_AG03,FALSE,NOT_FOR_ENFORCEMENT,-59.9177,1988.4774,-62.4143,-59.9177,-2.4966,-0.02757576,-0.02647273,-2.4966,-59.9177,-0.02647273,-2.4966,-2.4966,-2.4966,-2.4966,-2.4966,-59.9177,-0.02647273,-12.4829,-11.5234,-49.9314,-50.8909,-0.02206061,-0.02248452,-0.00110303,31.0051,28.3744,-0.8550,-31.2071,-2.7137,1131.6872,36.5000,,31.0051,13.7174,13.7174,13.7174,74.074,137.1742,295.6113,13.7174,0.0,10.0,21.550061,2.260274,11,14,1,2,0E-8,-0.02757576,,0E-8,0.000000,0.915152,0.000000,,2026-03-24,2026-03-25,2,23,15,2,1.000000,,,0.000000,,,,,,,,GLOBAL_BASELINE_NO_ENTITY_RANKING,,,NOT_APPLICABLE_GLOBAL_BASELINE,HF9g-P5,,,,X 全窗基线 · 不参与实体赏罚,3921005,393,A168_HF9F_20260827_0900,2026-08-27 09:00:00
2026-06-08,151162475,1307,0,128.3205184253,2.1086738499,2.1086738499,0.5555556,9,9,0.50367176666666667,0.503671766667,0.3113111275590903,0.3113111275570917,0.3113111275590903,-3.3333E-13,ELIGIBLE,R03b_20260811_FULL_v1,L1_ELIGIBILITY,v2026-08-11,2026-03-21..2026-08-06,baccarat_bet02_101_all_pairs_incl_sentinel,round_win = game_pnl > 0 (decisive only),COMPATIBILITY_ONLY_NOT_PRODUCTION,205.4671,195.1809,-61.7687,17,15,0.30062578,,0.30062578,0.30062578,61.7687,205.4671,THIN_EXPOSURE,0.0000,-1.8531,3.0000,97.0000,AG03-UNRESOLVED,ALL5_LEVELS_bet23_to_bet27,-1.8531,-1.8531,-1.8531,-2.4707,-2.4707,3.000000,3.000000,3.000000,4.000000,4.000000,97.000000,97.000000,97.000000,96.000000,96.000000,5.0,-10.5007,-9.8138,-51.2680,-51.9549,PENDING_AG03,FALSE,NOT_FOR_ENFORCEMENT,-59.9157,189.3255,-61.7687,-59.9157,-1.8531,-0.30062578,-0.29160701,-1.8531,-59.9157,-0.29160701,-1.8531,-1.8531,-1.8531,-2.4707,-2.4707,-59.9157,-0.29160701,-10.5007,-9.8138,-51.2680,-51.9549,-0.24951940,-0.25286219,-0.00901877,12.0863,13.0121,-4.1179,-61.7687,-30.8844,205.4671,15.0000,,12.0863,9.6433,12.8578,15.4293,16.2008,17.3708,18.0009,12.8578,7.3289,1.351,1.4,0.94,2,2,1,3,0E-8,-0.30062578,,0E-8,0.000000,0.949937,0.000000,,2026-06-08,2026-06-08,1,2,2,1,1.000000,,,0.000000,,,,,,,,GLOBAL_BASELINE_NO_ENTITY_RANKING,,,NOT_APPLICABLE_GLOBAL_BASELINE,HF9g-P5,,,,X 全窗基线 · 不参与实体赏罚,3921006,393,A168_HF9F_20260827_0900,2026-08-27 09:00:00
2026-06-08,151162475,2142,0,77.1466042637,59.6600406305,59.6600406305,0.8333333,8,6,0.45800615624995827,0.437976050000,1.845239756043858,1.9519234262697402,1.845239756043858,0.02003010624995827,ELIGIBLE,R03b_20260811_FULL_v1,L1_ELIGIBILITY,v2026-08-11,2026-03-21..2026-08-06,baccarat_bet02_101_all_pairs_incl_sentinel,round_win = game_pnl > 0 (decisive only),COMPATIBILITY_ONLY_NOT_PRODUCTION,205.4671,195.1809,-61.7687,17,15,0.30062578,,0.30062578,0.30062578,61.7687,205.4671,THIN_EXPOSURE,0.0000,-1.8531,3.0000,97.0000,AG03-UNRESOLVED,ALL5_LEVELS_bet23_to_bet27,-1.8531,-1.8531,-1.8531,-2.4707,-2.4707,3.000000,3.000000,3.000000,4.000000,4.000000,97.000000,97.000000,97.000000,96.000000,96.000000,5.0,-10.5007,-9.8138,-51.2680,-51.9549,PENDING_AG03,FALSE,NOT_FOR_ENFORCEMENT,-59.9157,189.3255,-61.7687,-59.9157,-1.8531,-0.30062578,-0.29160701,-1.8531,-59.9157,-0.29160701,-1.8531,-1.8531,-1.8531,-2.4707,-2.4707,-59.9157,-0.29160701,-10.5007,-9.8138,-51.2680,-51.9549,-0.24951940,-0.25286219,-0.00901877,12.0863,13.0121,-4.1179,-61.7687,-30.8844,205.4671,15.0000,,12.0863,9.6433,12.8578,15.4293,16.2008,17.3708,18.0009,12.8578,7.3289,1.351,1.4,0.94,2,2,1,3,0E-8,-0.30062578,,0E-8,0.000000,0.949937,0.000000,,2026-06-08,2026-06-08,1,2,2,1,1.000000,,,0.000000,,,,,,,,GLOBAL_BASELINE_NO_ENTITY_RANKING,,,NOT_APPLICABLE_GLOBAL_BASELINE,HF9g-P5,,,,X 全窗基线 · 不参与实体赏罚,3921007,393,A168_HF9F_20260827_0900,2026-08-27 09:00:00
2026-03-25,141480622,1318,0,118.4927719410,62.4061932222,62.4061932222,0.6666667,10,10,0.50128862000000000,0.501288620000,0.9922715754217412,0.9922715754217414,0.9922715754217412,0E-17,ELIGIBLE,R03b_20260811_FULL_v1,L1_ELIGIBILITY,v2026-08-11,2026-03-21..2026-08-06,baccarat_bet02_101_all_pairs_incl_sentinel,round_win = game_pnl > 0 (decisive only),COMPATIBILITY_ONLY_NOT_PRODUCTION,118.4928,107.9601,-62.4062,10,10,0.52666667,,0.52666667,0.52666667,62.4062,118.4928,THIN_EXPOSURE,0.0000,-2.4962,4.0000,96.0000,AG03-UNRESOLVED,ALL5_LEVELS_bet23_to_bet27,-2.4962,-2.4962,-3.1203,-3.1203,-3.1203,4.000000,4.000000,5.000000,5.000000,5.000000,96.000000,96.000000,95.000000,95.000000,95.000000,5.0,-14.3534,-13.0955,-48.0528,-49.3107,PENDING_AG03,FALSE,NOT_FOR_ENFORCEMENT,-59.9099,103.6417,-62.4062,-59.9099,-2.4962,-0.52666667,-0.50560000,-2.4962,-59.9099,-0.50560000,-2.4962,-2.4962,-3.1203,-3.1203,-3.1203,-59.9099,-0.50560000,-14.3534,-13.0955,-48.0528,-49.3107,-0.40553333,-0.41614925,-0.02106667,11.8493,10.7960,-6.2406,-62.4062,-62.4062,118.4928,10.0000,,11.8493,5.2663,11.8493,13.1659,22.382,23.6986,23.6986,11.8493,7.6362,2.0,2.0,1.0,1,1,1,2,0E-8,-0.52666667,,0E-8,0.000000,0.911111,0.000000,,2026-03-25,2026-03-25,1,1,1,1,1.000000,,,0.000000,,,,,,,,GLOBAL_BASELINE_NO_ENTITY_RANKING,,,NOT_APPLICABLE_GLOBAL_BASELINE,HF9g-P5,,,,X 全窗基线 · 不参与实体赏罚,3921008,393,A168_HF9F_20260827_0900,2026-08-27 09:00:00
2026-03-24,142728373,2177,0,122.4425310057,62.4061932222,62.4061932222,0.6666667,4,3,0.48787068695652174,0.434660650000,0.6195497655355492,0.8106438735773013,0.6195497655355492,0.05321003695652174,ELIGIBLE,R03b_20260811_FULL_v1,L1_ELIGIBILITY,v2026-08-11,2026-03-21..2026-08-06,baccarat_bet02_101_all_pairs_incl_sentinel,round_win = game_pnl > 0 (decisive only),COMPATIBILITY_ONLY_NOT_PRODUCTION,122.4425,122.4425,-62.4062,4,3,0.50967742,,0.50967742,0.50967742,62.4062,122.4425,THIN_EXPOSURE,0.0000,-2.4962,4.0000,96.0000,AG03-UNRESOLVED,ALL5_LEVELS_bet23_to_bet27,-2.4962,-2.4962,-3.1203,-3.1203,-3.1203,4.000000,4.000000,5.000000,5.000000,5.000000,96.000000,96.000000,95.000000,95.000000,95.000000,5.0,-14.3534,-13.0955,-48.0528,-49.3107,PENDING_AG03,FALSE,NOT_FOR_ENFORCEMENT,-59.9099,117.5448,-62.4062,-59.9099,-2.4962,-0.50967742,-0.48929032,-2.4962,-59.9099,-0.48929032,-2.4962,-2.4962,-3.1203,-3.1203,-3.1203,-59.9099,-0.48929032,-14.3534,-13.0955,-48.0528,-49.3107,-0.39245161,-0.40272508,-0.02038710,30.6106,40.8142,-20.8021,-62.4062,-62.4062,122.4425,3.0000,,30.6106,13.8242,30.9398,47.3971,52.6635,52.6635,52.6635,30.9398,16.0624,1.702128,1.702128,0.989362,1,1,1,2,0E-8,-0.50967742,,0E-8,0.000000,1.000000,0.000000,,2026-03-24,2026-03-24,1,1,1,1,1.000000,,,0.000000,,,,,,,,GLOBAL_BASELINE_NO_ENTITY_RANKING,,,NOT_APPLICABLE_GLOBAL_BASELINE,HF9g-P5,,,,X 全窗基线 · 不参与实体赏罚,3921009,393,A168_HF9F_20260827_0900,2026-08-27 09:00:00
2026-03-28,147908146,2115,0,489.7701240224,62.4061932221,62.4061932221,0.6000000,6,6,0.49994810000000000,0.499948100000,0.44744570176651083,0.44744570176651083,0.44744570176651083,0E-17,ELIGIBLE,R03b_20260811_FULL_v1,L1_ELIGIBILITY,v2026-08-11,2026-03-21..2026-08-06,baccarat_bet02_101_all_pairs_incl_sentinel,round_win = game_pnl > 0 (decisive only),COMPATIBILITY_ONLY_NOT_PRODUCTION,489.7701,384.4432,-62.4062,6,6,0.12741935,,0.12741935,0.12741935,62.4062,489.7701,THIN_EXPOSURE,0.0000,-2.4962,4.0000,96.0000,AG03-UNRESOLVED,ALL5_LEVELS_bet23_to_bet27,-2.4962,-2.4962,-3.1203,-3.1203,-3.1203,4.000000,4.000000,5.000000,5.000000,5.000000,96.000000,96.000000,95.000000,95.000000,95.000000,5.0,-14.3534,-13.0955,-48.0528,-49.3107,PENDING_AG03,FALSE,NOT_FOR_ENFORCEMENT,-59.9099,369.0655,-62.4062,-59.9099,-2.4962,-0.12741935,-0.12232258,-2.4962,-59.9099,-0.12232258,-2.4962,-2.4962,-3.1203,-3.1203,-3.1203,-59.9099,-0.12232258,-14.3534,-13.0955,-48.0528,-49.3107,-0.09811290,-0.10068127,-0.00509677,81.6284,64.0739,-10.4010,-62.4062,-62.4062,489.7701,6.0000,,81.6284,52.6635,105.3269,105.3269,105.3269,105.3269,105.3269,78.9952,7.5045,1.0,1.0,0.775,1,1,1,2,0E-8,-0.12741935,,0E-8,0.000000,0.784946,0.000000,,2026-03-28,2026-03-28,1,1,1,1,1.000000,,,0.000000,,,,,,,,GLOBAL_BASELINE_NO_ENTITY_RANKING,,,NOT_APPLICABLE_GLOBAL_BASELINE,HF9g-P5,,,,X 全窗基线 · 不参与实体赏罚,3921010,393,A168_HF9F_20260827_0900,2026-08-27 09:00:00
2026-04-01,148085523,2153,0,32.9817030077,54.4459859174,54.4459859174,1.0000000,5,3,0.41370648312512394,0.362598800000,2.0619209436851054,2.2964335572992702,2.0619209436851054,0.05110768312512394,ELIGIBLE,R03b_20260811_FULL_v1,L1_ELIGIBILITY,v2026-08-11,2026-03-21..2026-08-06,baccarat_bet02_101_all_pairs_incl_sentinel,round_win = game_pnl > 0 (decisive only),COMPATIBILITY_ONLY_NOT_PRODUCTION,118.5771,110.7243,-61.7622,19,13,0.52086093,,0.52086093,0.52086093,61.7622,118.5771,THIN_EXPOSURE,0.0000,-1.8529,3.0000,97.0000,AG03-UNRESOLVED,ALL5_LEVELS_bet23_to_bet27,-1.8529,-1.8529,-1.8529,-2.4705,-2.4705,3.000000,3.000000,3.000000,4.000000,4.000000,97.000000,97.000000,97.000000,96.000000,96.000000,5.0,-10.4996,-9.8128,-51.2626,-51.9494,PENDING_AG03,FALSE,NOT_FOR_ENFORCEMENT,-59.9093,107.4026,-61.7622,-59.9093,-1.8529,-0.52086093,-0.50523510,-1.8529,-59.9093,-0.50523510,-1.8529,-1.8529,-1.8529,-2.4705,-2.4705,-59.9093,-0.50523510,-10.4996,-9.8128,-51.2626,-51.9494,-0.43231457,-0.43810625,-0.01562583,6.2409,8.5173,-4.7509,-30.8811,-15.4405,59.2885,6.5000,,6.2409,3.6646,5.2352,9.0307,12.0409,13.088,13.088,4.1882,0.0,2.5,2.5,1.192105,3,4,1,5,0E-8,-0.52086093,,0E-8,0.000000,0.933775,0.000000,,2026-04-01,2026-04-04,2,4,4,4,0.500000,,,0.000000,,,,,,,,GLOBAL_BASELINE_NO_ENTITY_RANKING,,,NOT_APPLICABLE_GLOBAL_BASELINE,HF9g-P5,,,,X 全窗基线 · 不参与实体赏罚,3921011,393,A168_HF9F_20260827_0900,2026-08-27 09:00:00
2026-04-01,148085523,2244,0,34.0287411984,-2.6175954769,-2.6175954769,0.3333333,4,3,0.47818561666666667,0.430192250000,-0.5022612757967021,-0.33884787596079907,-0.5022612757967021,0.04799336666666667,ELIGIBLE,R03b_20260811_FULL_v1,L1_ELIGIBILITY,v2026-08-11,2026-03-21..2026-08-06,baccarat_bet02_101_all_pairs_incl_sentinel,round_win = game_pnl > 0 (decisive only),COMPATIBILITY_ONLY_NOT_PRODUCTION,118.5771,110.7243,-61.7622,19,13,0.52086093,,0.52086093,0.52086093,61.7622,118.5771,THIN_EXPOSURE,0.0000,-1.8529,3.0000,97.0000,AG03-UNRESOLVED,ALL5_LEVELS_bet23_to_bet27,-1.8529,-1.8529,-1.8529,-2.4705,-2.4705,3.000000,3.000000,3.000000,4.000000,4.000000,97.000000,97.000000,97.000000,96.000000,96.000000,5.0,-10.4996,-9.8128,-51.2626,-51.9494,PENDING_AG03,FALSE,NOT_FOR_ENFORCEMENT,-59.9093,107.4026,-61.7622,-59.9093,-1.8529,-0.52086093,-0.50523510,-1.8529,-59.9093,-0.50523510,-1.8529,-1.8529,-1.8529,-2.4705,-2.4705,-59.9093,-0.50523510,-10.4996,-9.8128,-51.2626,-51.9494,-0.43231457,-0.43810625,-0.01562583,6.2409,8.5173,-4.7509,-30.8811,-15.4405,59.2885,6.5000,,6.2409,3.6646,5.2352,9.0307,12.0409,13.088,13.088,4.1882,0.0,2.5,2.5,1.192105,3,4,1,5,0E-8,-0.52086093,,0E-8,0.000000,0.933775,0.000000,,2026-04-01,2026-04-04,2,4,4,4,0.500000,,,0.000000,,,,,,,,GLOBAL_BASELINE_NO_ENTITY_RANKING,,,NOT_APPLICABLE_GLOBAL_BASELINE,HF9g-P5,,,,X 全窗基线 · 不参与实体赏罚,3921012,393,A168_HF9F_20260827_0900,2026-08-27 09:00:00
2026-04-01,148085523,2252,0,42.9285658195,12.9570976100,12.9570976100,0.8000000,8,5,0.38045846583323933,0.376360843333,1.932284742075121,1.9552945631834702,1.932284742075121,0.00409762250023933,ELIGIBLE,R03b_20260811_FULL_v1,L1_ELIGIBILITY,v2026-08-11,2026-03-21..2026-08-06,baccarat_bet02_101_all_pairs_incl_sentinel,round_win = game_pnl > 0 (decisive only),COMPATIBILITY_ONLY_NOT_PRODUCTION,118.5771,110.7243,-61.7622,19,13,0.52086093,,0.52086093,0.52086093,61.7622,118.5771,THIN_EXPOSURE,0.0000,-1.8529,3.0000,97.0000,AG03-UNRESOLVED,ALL5_LEVELS_bet23_to_bet27,-1.8529,-1.8529,-1.8529,-2.4705,-2.4705,3.000000,3.000000,3.000000,4.000000,4.000000,97.000000,97.000000,97.000000,96.000000,96.000000,5.0,-10.4996,-9.8128,-51.2626,-51.9494,PENDING_AG03,FALSE,NOT_FOR_ENFORCEMENT,-59.9093,107.4026,-61.7622,-59.9093,-1.8529,-0.52086093,-0.50523510,-1.8529,-59.9093,-0.50523510,-1.8529,-1.8529,-1.8529,-2.4705,-2.4705,-59.9093,-0.50523510,-10.4996,-9.8128,-51.2626,-51.9494,-0.43231457,-0.43810625,-0.01562583,6.2409,8.5173,-4.7509,-30.8811,-15.4405,59.2885,6.5000,,6.2409,3.6646,5.2352,9.0307,12.0409,13.088,13.088,4.1882,0.0,2.5,2.5,1.192105,3,4,1,5,0E-8,-0.52086093,,0E-8,0.000000,0.933775,0.000000,,2026-04-01,2026-04-04,2,4,4,4,0.500000,,,0.000000,,,,,,,,GLOBAL_BASELINE_NO_ENTITY_RANKING,,,NOT_APPLICABLE_GLOBAL_BASELINE,HF9g-P5,,,,X 全窗基线 · 不参与实体赏罚,3921013,393,A168_HF9F_20260827_0900,2026-08-27 09:00:00
2026-04-04,148085523,2117,0,8.6380650734,-3.0233227756,-3.0233227756,0.5000000,2,2,0.49994810000000000,0.499948100000,0.00014679536856514622,0.00014679536856514622,0.00014679536856514622,0E-17,ELIGIBLE,R03b_20260811_FULL_v1,L1_ELIGIBILITY,v2026-08-11,2026-03-21..2026-08-06,baccarat_bet02_101_all_pairs_incl_sentinel,round_win = game_pnl > 0 (decisive only),COMPATIBILITY_ONLY_NOT_PRODUCTION,118.5771,110.7243,-61.7622,19,13,0.52086093,,0.52086093,0.52086093,61.7622,118.5771,THIN_EXPOSURE,0.0000,-1.8529,3.0000,97.0000,AG03-UNRESOLVED,ALL5_LEVELS_bet23_to_bet27,-1.8529,-1.8529,-1.8529,-2.4705,-2.4705,3.000000,3.000000,3.000000,4.000000,4.000000,97.000000,97.000000,97.000000,96.000000,96.000000,5.0,-10.4996,-9.8128,-51.2626,-51.9494,PENDING_AG03,FALSE,NOT_FOR_ENFORCEMENT,-59.9093,107.4026,-61.7622,-59.9093,-1.8529,-0.52086093,-0.50523510,-1.8529,-59.9093,-0.50523510,-1.8529,-1.8529,-1.8529,-2.4705,-2.4705,-59.9093,-0.50523510,-10.4996,-9.8128,-51.2626,-51.9494,-0.43231457,-0.43810625,-0.01562583,6.2409,8.5173,-4.7509,-30.8811,-15.4405,59.2885,6.5000,,6.2409,3.6646,5.2352,9.0307,12.0409,13.088,13.088,4.1882,0.0,2.5,2.5,1.192105,3,4,1,5,0E-8,-0.52086093,,0E-8,0.000000,0.933775,0.000000,,2026-04-01,2026-04-04,2,4,4,4,0.500000,,,0.000000,,,,,,,,GLOBAL_BASELINE_NO_ENTITY_RANKING,,,NOT_APPLICABLE_GLOBAL_BASELINE,HF9g-P5,,,,X 全窗基线 · 不参与实体赏罚,3921014,393,A168_HF9F_20260827_0900,2026-08-27 09:00:00
2026-04-29,149312642,1318,0,83.4861805073,62.4038116923,62.4038116923,1.0000000,3,2,0.42680505000000000,0.393584825000,1.638896021176765,1.7554192453407476,1.638896021176765,0.03322022500000000,ELIGIBLE,R03b_20260811_FULL_v1,L1_ELIGIBILITY,v2026-08-11,2026-03-21..2026-08-06,baccarat_bet02_101_all_pairs_incl_sentinel,round_win = game_pnl > 0 (decisive only),COMPATIBILITY_ONLY_NOT_PRODUCTION,83.4862,83.4862,-62.4038,3,2,0.74747475,,0.74747475,0.74747475,62.4038,83.4862,THIN_EXPOSURE,0.0000,-2.4962,4.0000,96.0000,AG03-UNRESOLVED,ALL5_LEVELS_bet23_to_bet27,-2.4962,-2.4962,-2.4962,-3.7442,0.0000,4.000000,4.000000,4.000000,6.000000,0.000000,96.000000,96.000000,96.000000,94.000000,100.000000,5.0,-11.2327,-10.5056,-51.1711,-51.8982,PENDING_AG03,FALSE,NOT_FOR_ENFORCEMENT,-59.9077,80.1467,-62.4038,-59.9077,-2.4962,-0.74747475,-0.71757576,-2.4962,-59.9077,-0.71757576,-2.4962,-2.4962,-2.4962,-3.7442,0.0000,-59.9077,-0.71757576,-11.2327,-10.5056,-51.1711,-51.8982,-0.61292929,-0.62163875,-0.02989899,27.8287,41.7431,-31.2019,-62.4038,-62.4038,83.4862,2.0000,,27.8287,13.1765,21.0824,44.1676,51.8626,51.8626,51.8626,21.0824,21.0824,2.46,2.46,1.32,1,1,1,2,0E-8,-0.74747475,,0E-8,0.000000,1.000000,0.000000,,2026-04-29,2026-04-29,1,1,1,1,1.000000,,,0.000000,,,,,,,,GLOBAL_BASELINE_NO_ENTITY_RANKING,,,NOT_APPLICABLE_GLOBAL_BASELINE,HF9g-P5,,,,X 全窗基线 · 不参与实体赏罚,3921015,393,A168_HF9F_20260827_0900,2026-08-27 09:00:00
2026-07-29,107958188,1318,0,177.8195642401,-28.5124473697,-28.5124473697,0.2500000,32,4,0.26321660554933090,0.174734937500,-0.0600237835876379,0.39640289534558526,-0.0600237835876379,0.08848166804933090,ELIGIBLE,R03b_20260811_FULL_v1,L1_ELIGIBILITY,v2026-08-11,2026-03-21..2026-08-06,baccarat_bet02_101_all_pairs_incl_sentinel,round_win = game_pnl > 0 (decisive only),COMPATIBILITY_ONLY_NOT_PRODUCTION,3702.6462,2600.2683,-62.3999,602,76,0.01685279,0.01685279,,0.01685279,62.3999,3702.6462,OK,0.0000,-2.4960,4.0000,96.0000,AG03-UNRESOLVED,ALL5_LEVELS_bet23_to_bet27,-2.4960,-2.4960,-2.4960,-3.7440,-3.7440,4.000000,4.000000,4.000000,6.000000,6.000000,96.000000,96.000000,96.000000,94.000000,94.000000,5.0,-14.9760,-13.6186,-47.4239,-48.7813,PENDING_AG03,FALSE,NOT_FOR_ENFORCEMENT,-59.9039,2496.2575,-62.3999,-59.9039,-2.4960,-0.01685279,-0.01617868,-2.4960,-59.9039,-0.01617868,-2.4960,-2.4960,-2.4960,-3.7440,-3.7440,-59.9039,-0.01617868,-14.9760,-13.6186,-47.4239,-48.7813,-0.01280812,-0.01317472,-0.00067411,6.1506,34.2141,-0.8211,-15.6000,-6.9333,925.6615,19.0000,6.1506,,4.0407,4.0878,8.0815,12.2634,18.1833,23.1938,4.0407,-4.0407,4.448177,5.673888,1.504615,8,11,3,8,1.00000000,-0.01685279,-0.01685279,0E-8,0.000000,0.702273,0.000000,,2026-07-29,2026-08-06,4,9,9,9,0.444444,,1.000000,3.333333,,,,,,,,GLOBAL_BASELINE_NO_ENTITY_RANKING,,,NOT_APPLICABLE_GLOBAL_BASELINE,HF9g-P5,,,,X 全窗基线 · 不参与实体赏罚,3921016,393,A168_HF9F_20260827_0900,2026-08-27 09:00:00
2026-07-29,107958188,1330,0,27.1839103954,-27.1839103954,-27.1839103954,0E-7,7,1,0.14604724135394908,0.129233428571,-0.413551648302473,-0.38524459926385424,-0.413551648302473,0.01681381278294908,ELIGIBLE,R03b_20260811_FULL_v1,L1_ELIGIBILITY,v2026-08-11,2026-03-21..2026-08-06,baccarat_bet02_101_all_pairs_incl_sentinel,round_win = game_pnl > 0 (decisive only),COMPATIBILITY_ONLY_NOT_PRODUCTION,3702.6462,2600.2683,-62.3999,602,76,0.01685279,0.01685279,,0.01685279,62.3999,3702.6462,OK,0.0000,-2.4960,4.0000,96.0000,AG03-UNRESOLVED,ALL5_LEVELS_bet23_to_bet27,-2.4960,-2.4960,-2.4960,-3.7440,-3.7440,4.000000,4.000000,4.000000,6.000000,6.000000,96.000000,96.000000,96.000000,94.000000,94.000000,5.0,-14.9760,-13.6186,-47.4239,-48.7813,PENDING_AG03,FALSE,NOT_FOR_ENFORCEMENT,-59.9039,2496.2575,-62.3999,-59.9039,-2.4960,-0.01685279,-0.01617868,-2.4960,-59.9039,-0.01617868,-2.4960,-2.4960,-2.4960,-3.7440,-3.7440,-59.9039,-0.01617868,-14.9760,-13.6186,-47.4239,-48.7813,-0.01280812,-0.01317472,-0.00067411,6.1506,34.2141,-0.8211,-15.6000,-6.9333,925.6615,19.0000,6.1506,,4.0407,4.0878,8.0815,12.2634,18.1833,23.1938,4.0407,-4.0407,4.448177,5.673888,1.504615,8,11,3,8,1.00000000,-0.01685279,-0.01685279,0E-8,0.000000,0.702273,0.000000,,2026-07-29,2026-08-06,4,9,9,9,0.444444,,1.000000,3.333333,,,,,,,,GLOBAL_BASELINE_NO_ENTITY_RANKING,,,NOT_APPLICABLE_GLOBAL_BASELINE,HF9g-P5,,,,X 全窗基线 · 不参与实体赏罚,3921017,393,A168_HF9F_20260827_0900,2026-08-27 09:00:00
2026-07-29,107958188,2074,0,141.0293095697,24.9356170543,24.9356170543,0.3333333,24,3,0.28050029203208716,0.174734937500,0.20369682923782859,0.7233905203973365,0.20369682923782859,0.10576535453208716,ELIGIBLE,R03b_20260811_FULL_v1,L1_ELIGIBILITY,v2026-08-11,2026-03-21..2026-08-06,baccarat_bet02_101_all_pairs_incl_sentinel,round_win = game_pnl > 0 (decisive only),COMPATIBILITY_ONLY_NOT_PRODUCTION,3702.6462,2600.2683,-62.3999,602,76,0.01685279,0.01685279,,0.01685279,62.3999,3702.6462,OK,0.0000,-2.4960,4.0000,96.0000,AG03-UNRESOLVED,ALL5_LEVELS_bet23_to_bet27,-2.4960,-2.4960,-2.4960,-3.7440,-3.7440,4.000000,4.000000,4.000000,6.000000,6.000000,96.000000,96.000000,96.000000,94.000000,94.000000,5.0,-14.9760,-13.6186,-47.4239,-48.7813,PENDING_AG03,FALSE,NOT_FOR_ENFORCEMENT,-59.9039,2496.2575,-62.3999,-59.9039,-2.4960,-0.01685279,-0.01617868,-2.4960,-59.9039,-0.01617868,-2.4960,-2.4960,-2.4960,-3.7440,-3.7440,-59.9039,-0.01617868,-14.9760,-13.6186,-47.4239,-48.7813,-0.01280812,-0.01317472,-0.00067411,6.1506,34.2141,-0.8211,-15.6000,-6.9333,925.6615,19.0000,6.1506,,4.0407,4.0878,8.0815,12.2634,18.1833,23.1938,4.0407,-4.0407,4.448177,5.673888,1.504615,8,11,3,8,1.00000000,-0.01685279,-0.01685279,0E-8,0.000000,0.702273,0.000000,,2026-07-29,2026-08-06,4,9,9,9,0.444444,,1.000000,3.333333,,,,,,,,GLOBAL_BASELINE_NO_ENTITY_RANKING,,,NOT_APPLICABLE_GLOBAL_BASELINE,HF9g-P5,,,,X 全窗基线 · 不参与实体赏罚,3921018,393,A168_HF9F_20260827_0900,2026-08-27 09:00:00
2026-07-29,107958188,2188,0,1319.5438008435,-212.4637207219,-212.4637207219,0.2000000,199,25,0.28135603307272932,0.175306506286,-0.9046378621579868,0.32471865727611937,-0.9046378621579868,0.10604952678672932,ELIGIBLE,R03b_20260811_FULL_v1,L1_ELIGIBILITY,v2026-08-11,2026-03-21..2026-08-06,baccarat_bet02_101_all_pairs_incl_sentinel,round_win = game_pnl > 0 (decisive only),COMPATIBILITY_ONLY_NOT_PRODUCTION,3702.6462,2600.2683,-62.3999,602,76,0.01685279,0.01685279,,0.01685279,62.3999,3702.6462,OK,0.0000,-2.4960,4.0000,96.0000,AG03-UNRESOLVED,ALL5_LEVELS_bet23_to_bet27,-2.4960,-2.4960,-2.4960,-3.7440,-3.7440,4.000000,4.000000,4.000000,6.000000,6.000000,96.000000,96.000000,96.000000,94.000000,94.000000,5.0,-14.9760,-13.6186,-47.4239,-48.7813,PENDING_AG03,FALSE,NOT_FOR_ENFORCEMENT,-59.9039,2496.2575,-62.3999,-59.9039,-2.4960,-0.01685279,-0.01617868,-2.4960,-59.9039,-0.01617868,-2.4960,-2.4960,-2.4960,-3.7440,-3.7440,-59.9039,-0.01617868,-14.9760,-13.6186,-47.4239,-48.7813,-0.01280812,-0.01317472,-0.00067411,6.1506,34.2141,-0.8211,-15.6000,-6.9333,925.6615,19.0000,6.1506,,4.0407,4.0878,8.0815,12.2634,18.1833,23.1938,4.0407,-4.0407,4.448177,5.673888,1.504615,8,11,3,8,1.00000000,-0.01685279,-0.01685279,0E-8,0.000000,0.702273,0.000000,,2026-07-29,2026-08-06,4,9,9,9,0.444444,,1.000000,3.333333,,,,,,,,GLOBAL_BASELINE_NO_ENTITY_RANKING,,,NOT_APPLICABLE_GLOBAL_BASELINE,HF9g-P5,,,,X 全窗基线 · 不参与实体赏罚,3921019,393,A168_HF9F_20260827_0900,2026-08-27 09:00:00
2026-07-29,107958188,2242,0,47.0097698565,-22.4829334097,-22.4829334097,0E-7,8,1,0.29463082173855026,0.174734937500,-0.6462950789137232,-0.4601433443507065,-0.6462950789137232,0.11989588423855026,ELIGIBLE,R03b_20260811_FULL_v1,L1_ELIGIBILITY,v2026-08-11,2026-03-21..2026-08-06,baccarat_bet02_101_all_pairs_incl_sentinel,round_win = game_pnl > 0 (decisive only),COMPATIBILITY_ONLY_NOT_PRODUCTION,3702.6462,2600.2683,-62.3999,602,76,0.01685279,0.01685279,,0.01685279,62.3999,3702.6462,OK,0.0000,-2.4960,4.0000,96.0000,AG03-UNRESOLVED,ALL5_LEVELS_bet23_to_bet27,-2.4960,-2.4960,-2.4960,-3.7440,-3.7440,4.000000,4.000000,4.000000,6.000000,6.000000,96.000000,96.000000,96.000000,94.000000,94.000000,5.0,-14.9760,-13.6186,-47.4239,-48.7813,PENDING_AG03,FALSE,NOT_FOR_ENFORCEMENT,-59.9039,2496.2575,-62.3999,-59.9039,-2.4960,-0.01685279,-0.01617868,-2.4960,-59.9039,-0.01617868,-2.4960,-2.4960,-2.4960,-3.7440,-3.7440,-59.9039,-0.01617868,-14.9760,-13.6186,-47.4239,-48.7813,-0.01280812,-0.01317472,-0.00067411,6.1506,34.2141,-0.8211,-15.6000,-6.9333,925.6615,19.0000,6.1506,,4.0407,4.0878,8.0815,12.2634,18.1833,23.1938,4.0407,-4.0407,4.448177,5.673888,1.504615,8,11,3,8,1.00000000,-0.01685279,-0.01685279,0E-8,0.000000,0.702273,0.000000,,2026-07-29,2026-08-06,4,9,9,9,0.444444,,1.000000,3.333333,,,,,,,,GLOBAL_BASELINE_NO_ENTITY_RANKING,,,NOT_APPLICABLE_GLOBAL_BASELINE,HF9g-P5,,,,X 全窗基线 · 不参与实体赏罚,3921020,393,A168_HF9F_20260827_0900,2026-08-27 09:00:00
2026-07-31,107958188,1382,0,248.5049296915,-33.1339906258,-33.1339906258,0.3333333,47,6,0.26846966552666962,0.177117047917,0.3585199665656658,1.0023115084347813,0.3585199665656658,0.09135261760966962,ELIGIBLE,R03b_20260811_FULL_v1,L1_ELIGIBILITY,v2026-08-11,2026-03-21..2026-08-06,baccarat_bet02_101_all_pairs_incl_sentinel,round_win = game_pnl > 0 (decisive only),COMPATIBILITY_ONLY_NOT_PRODUCTION,3702.6462,2600.2683,-62.3999,602,76,0.01685279,0.01685279,,0.01685279,62.3999,3702.6462,OK,0.0000,-2.4960,4.0000,96.0000,AG03-UNRESOLVED,ALL5_LEVELS_bet23_to_bet27,-2.4960,-2.4960,-2.4960,-3.7440,-3.7440,4.000000,4.000000,4.000000,6.000000,6.000000,96.000000,96.000000,96.000000,94.000000,94.000000,5.0,-14.9760,-13.6186,-47.4239,-48.7813,PENDING_AG03,FALSE,NOT_FOR_ENFORCEMENT,-59.9039,2496.2575,-62.3999,-59.9039,-2.4960,-0.01685279,-0.01617868,-2.4960,-59.9039,-0.01617868,-2.4960,-2.4960,-2.4960,-3.7440,-3.7440,-59.9039,-0.01617868,-14.9760,-13.6186,-47.4239,-48.7813,-0.01280812,-0.01317472,-0.00067411,6.1506,34.2141,-0.8211,-15.6000,-6.9333,925.6615,19.0000,6.1506,,4.0407,4.0878,8.0815,12.2634,18.1833,23.1938,4.0407,-4.0407,4.448177,5.673888,1.504615,8,11,3,8,1.00000000,-0.01685279,-0.01685279,0E-8,0.000000,0.702273,0.000000,,2026-07-29,2026-08-06,4,9,9,9,0.444444,,1.000000,3.333333,,,,,,,,GLOBAL_BASELINE_NO_ENTITY_RANKING,,,NOT_APPLICABLE_GLOBAL_BASELINE,HF9g-P5,,,,X 全窗基线 · 不参与实体赏罚,3921021,393,A168_HF9F_20260827_0900,2026-08-27 09:00:00
2026-07-31,107958188,2153,0,488.9283982546,159.7098755457,159.7098755457,0.7000000,80,10,0.27220309807242767,0.174734937500,3.039387002489473,4.374132261496101,3.039387002489473,0.09746816057242767,ELIGIBLE,R03b_20260811_FULL_v1,L1_ELIGIBILITY,v2026-08-11,2026-03-21..2026-08-06,baccarat_bet02_101_all_pairs_incl_sentinel,round_win = game_pnl > 0 (decisive only),COMPATIBILITY_ONLY_NOT_PRODUCTION,3702.6462,2600.2683,-62.3999,602,76,0.01685279,0.01685279,,0.01685279,62.3999,3702.6462,OK,0.0000,-2.4960,4.0000,96.0000,AG03-UNRESOLVED,ALL5_LEVELS_bet23_to_bet27,-2.4960,-2.4960,-2.4960,-3.7440,-3.7440,4.000000,4.000000,4.000000,6.000000,6.000000,96.000000,96.000000,96.000000,94.000000,94.000000,5.0,-14.9760,-13.6186,-47.4239,-48.7813,PENDING_AG03,FALSE,NOT_FOR_ENFORCEMENT,-59.9039,2496.2575,-62.3999,-59.9039,-2.4960,-0.01685279,-0.01617868,-2.4960,-59.9039,-0.01617868,-2.4960,-2.4960,-2.4960,-3.7440,-3.7440,-59.9039,-0.01617868,-14.9760,-13.6186,-47.4239,-48.7813,-0.01280812,-0.01317472,-0.00067411,6.1506,34.2141,-0.8211,-15.6000,-6.9333,925.6615,19.0000,6.1506,,4.0407,4.0878,8.0815,12.2634,18.1833,23.1938,4.0407,-4.0407,4.448177,5.673888,1.504615,8,11,3,8,1.00000000,-0.01685279,-0.01685279,0E-8,0.000000,0.702273,0.000000,,2026-07-29,2026-08-06,4,9,9,9,0.444444,,1.000000,3.333333,,,,,,,,GLOBAL_BASELINE_NO_ENTITY_RANKING,,,NOT_APPLICABLE_GLOBAL_BASELINE,HF9g-P5,,,,X 全窗基线 · 不参与实体赏罚,3921022,393,A168_HF9F_20260827_0900,2026-08-27 09:00:00
2026-08-01,107958188,1384,0,294.9733311782,68.7934378536,68.7934378536,0.6666667,48,6,0.27156474896887084,0.174734937500,2.1759684205992045,3.173173771873092,2.1759684205992045,0.09682981146887084,ELIGIBLE,R03b_20260811_FULL_v1,L1_ELIGIBILITY,v2026-08-11,2026-03-21..2026-08-06,baccarat_bet02_101_all_pairs_incl_sentinel,round_win = game_pnl > 0 (decisive only),COMPATIBILITY_ONLY_NOT_PRODUCTION,3702.6462,2600.2683,-62.3999,602,76,0.01685279,0.01685279,,0.01685279,62.3999,3702.6462,OK,0.0000,-2.4960,4.0000,96.0000,AG03-UNRESOLVED,ALL5_LEVELS_bet23_to_bet27,-2.4960,-2.4960,-2.4960,-3.7440,-3.7440,4.000000,4.000000,4.000000,6.000000,6.000000,96.000000,96.000000,96.000000,94.000000,94.000000,5.0,-14.9760,-13.6186,-47.4239,-48.7813,PENDING_AG03,FALSE,NOT_FOR_ENFORCEMENT,-59.9039,2496.2575,-62.3999,-59.9039,-2.4960,-0.01685279,-0.01617868,-2.4960,-59.9039,-0.01617868,-2.4960,-2.4960,-2.4960,-3.7440,-3.7440,-59.9039,-0.01617868,-14.9760,-13.6186,-47.4239,-48.7813,-0.01280812,-0.01317472,-0.00067411,6.1506,34.2141,-0.8211,-15.6000,-6.9333,925.6615,19.0000,6.1506,,4.0407,4.0878,8.0815,12.2634,18.1833,23.1938,4.0407,-4.0407,4.448177,5.673888,1.504615,8,11,3,8,1.00000000,-0.01685279,-0.01685279,0E-8,0.000000,0.702273,0.000000,,2026-07-29,2026-08-06,4,9,9,9,0.444444,,1.000000,3.333333,,,,,,,,GLOBAL_BASELINE_NO_ENTITY_RANKING,,,NOT_APPLICABLE_GLOBAL_BASELINE,HF9g-P5,,,,X 全窗基线 · 不参与实体赏罚,3921023,393,A168_HF9F_20260827_0900,2026-08-27 09:00:00
2026-08-01,107958188,1402,0,88.8960724098,24.0423468564,24.0423468564,0.5000000,16,2,0.25704920666680301,0.174734937500,0.7862219421114024,1.2113393089781719,0.7862219421114024,0.08231426916680301,ELIGIBLE,R03b_20260811_FULL_v1,L1_ELIGIBILITY,v2026-08-11,2026-03-21..2026-08-06,baccarat_bet02_101_all_pairs_incl_sentinel,round_win = game_pnl > 0 (decisive only),COMPATIBILITY_ONLY_NOT_PRODUCTION,3702.6462,2600.2683,-62.3999,602,76,0.01685279,0.01685279,,0.01685279,62.3999,3702.6462,OK,0.0000,-2.4960,4.0000,96.0000,AG03-UNRESOLVED,ALL5_LEVELS_bet23_to_bet27,-2.4960,-2.4960,-2.4960,-3.7440,-3.7440,4.000000,4.000000,4.000000,6.000000,6.000000,96.000000,96.000000,96.000000,94.000000,94.000000,5.0,-14.9760,-13.6186,-47.4239,-48.7813,PENDING_AG03,FALSE,NOT_FOR_ENFORCEMENT,-59.9039,2496.2575,-62.3999,-59.9039,-2.4960,-0.01685279,-0.01617868,-2.4960,-59.9039,-0.01617868,-2.4960,-2.4960,-2.4960,-3.7440,-3.7440,-59.9039,-0.01617868,-14.9760,-13.6186,-47.4239,-48.7813,-0.01280812,-0.01317472,-0.00067411,6.1506,34.2141,-0.8211,-15.6000,-6.9333,925.6615,19.0000,6.1506,,4.0407,4.0878,8.0815,12.2634,18.1833,23.1938,4.0407,-4.0407,4.448177,5.673888,1.504615,8,11,3,8,1.00000000,-0.01685279,-0.01685279,0E-8,0.000000,0.702273,0.000000,,2026-07-29,2026-08-06,4,9,9,9,0.444444,,1.000000,3.333333,,,,,,,,GLOBAL_BASELINE_NO_ENTITY_RANKING,,,NOT_APPLICABLE_GLOBAL_BASELINE,HF9g-P5,,,,X 全窗基线 · 不参与实体赏罚,3921024,393,A168_HF9F_20260827_0900,2026-08-27 09:00:00
2026-08-06,107958188,-1,1,343.4620979476,106.3722320994,106.3722320994,0.2500000,61,8,0.24294156817498721,0.155496700446,0.04655192046652257,0.7376166327072846,0.04655192046652257,0.08744486772898721,SENTINEL_DEALER,R03b_20260811_FULL_v1,L1_ELIGIBILITY,v2026-08-11,2026-03-21..2026-08-06,baccarat_bet02_101_all_pairs_incl_sentinel,round_win = game_pnl > 0 (decisive only),COMPATIBILITY_ONLY_NOT_PRODUCTION,3702.6462,2600.2683,-62.3999,602,76,0.01685279,0.01685279,,0.01685279,62.3999,3702.6462,OK,0.0000,-2.4960,4.0000,96.0000,AG03-UNRESOLVED,ALL5_LEVELS_bet23_to_bet27,-2.4960,-2.4960,-2.4960,-3.7440,-3.7440,4.000000,4.000000,4.000000,6.000000,6.000000,96.000000,96.000000,96.000000,94.000000,94.000000,5.0,-14.9760,-13.6186,-47.4239,-48.7813,PENDING_AG03,FALSE,NOT_FOR_ENFORCEMENT,-59.9039,2496.2575,-62.3999,-59.9039,-2.4960,-0.01685279,-0.01617868,-2.4960,-59.9039,-0.01617868,-2.4960,-2.4960,-2.4960,-3.7440,-3.7440,-59.9039,-0.01617868,-14.9760,-13.6186,-47.4239,-48.7813,-0.01280812,-0.01317472,-0.00067411,6.1506,34.2141,-0.8211,-15.6000,-6.9333,925.6615,19.0000,6.1506,,4.0407,4.0878,8.0815,12.2634,18.1833,23.1938,4.0407,-4.0407,4.448177,5.673888,1.504615,8,11,3,8,1.00000000,-0.01685279,-0.01685279,0E-8,0.000000,0.702273,0.000000,,2026-07-29,2026-08-06,4,9,9,9,0.444444,,1.000000,3.333333,,,,,,,,GLOBAL_BASELINE_NO_ENTITY_RANKING,,,NOT_APPLICABLE_GLOBAL_BASELINE,HF9g-P5,,,,X 全窗基线 · 不参与实体赏罚,3921025,393,A168_HF9F_20260827_0900,2026-08-27 09:00:00
2026-08-06,107958188,1505,0,525.2949733321,2.3234200738,2.3234200738,0.4000000,80,10,0.29596716579798030,0.174734937500,0.7206961573506703,1.8758894272911697,0.7206961573506703,0.12123222829798030,ELIGIBLE,R03b_20260811_FULL_v1,L1_ELIGIBILITY,v2026-08-11,2026-03-21..2026-08-06,baccarat_bet02_101_all_pairs_incl_sentinel,round_win = game_pnl > 0 (decisive only),COMPATIBILITY_ONLY_NOT_PRODUCTION,3702.6462,2600.2683,-62.3999,602,76,0.01685279,0.01685279,,0.01685279,62.3999,3702.6462,OK,0.0000,-2.4960,4.0000,96.0000,AG03-UNRESOLVED,ALL5_LEVELS_bet23_to_bet27,-2.4960,-2.4960,-2.4960,-3.7440,-3.7440,4.000000,4.000000,4.000000,6.000000,6.000000,96.000000,96.000000,96.000000,94.000000,94.000000,5.0,-14.9760,-13.6186,-47.4239,-48.7813,PENDING_AG03,FALSE,NOT_FOR_ENFORCEMENT,-59.9039,2496.2575,-62.3999,-59.9039,-2.4960,-0.01685279,-0.01617868,-2.4960,-59.9039,-0.01617868,-2.4960,-2.4960,-2.4960,-3.7440,-3.7440,-59.9039,-0.01617868,-14.9760,-13.6186,-47.4239,-48.7813,-0.01280812,-0.01317472,-0.00067411,6.1506,34.2141,-0.8211,-15.6000,-6.9333,925.6615,19.0000,6.1506,,4.0407,4.0878,8.0815,12.2634,18.1833,23.1938,4.0407,-4.0407,4.448177,5.673888,1.504615,8,11,3,8,1.00000000,-0.01685279,-0.01685279,0E-8,0.000000,0.702273,0.000000,,2026-07-29,2026-08-06,4,9,9,9,0.444444,,1.000000,3.333333,,,,,,,,GLOBAL_BASELINE_NO_ENTITY_RANKING,,,NOT_APPLICABLE_GLOBAL_BASELINE,HF9g-P5,,,,X 全窗基线 · 不参与实体赏罚,3921026,393,A168_HF9F_20260827_0900,2026-08-27 09:00:00
2026-05-21,122522560,-1,1,25.9457215505,24.6484354730,24.6484354730,1.0000000,1,1,0.50665070000000000,0.506650700000,0.9867858985152569,0.9867858985152569,0.9867858985152569,0E-17,SENTINEL_DEALER,R03b_20260811_FULL_v1,L1_ELIGIBILITY,v2026-08-11,2026-03-21..2026-08-06,baccarat_bet02_101_all_pairs_incl_sentinel,round_win = game_pnl > 0 (decisive only),COMPATIBILITY_ONLY_NOT_PRODUCTION,1121.5445,964.6601,-62.3968,65,65,0.05563474,0.10494065,0.04731029,0.05563474,62.3968,1121.5445,OK,0.0000,-2.4959,4.0000,96.0000,AG03-UNRESOLVED,ALL5_LEVELS_bet23_to_bet27,-2.4959,-2.4959,-2.4959,-3.1198,-3.1198,4.000000,4.000000,4.000000,5.000000,5.000000,96.000000,96.000000,96.000000,95.000000,95.000000,5.0,-13.7273,-12.5746,-48.6695,-49.8223,PENDING_AG03,FALSE,NOT_FOR_ENFORCEMENT,-59.9010,926.0737,-62.3968,-59.9010,-2.4959,-0.05563474,-0.05340935,-2.4959,-59.9010,-0.05340935,-2.4959,-2.4959,-2.4959,-3.1198,-3.1198,-59.9010,-0.05340935,-13.7273,-12.5746,-48.6695,-49.8223,-0.04339510,-0.04442291,-0.00222539,17.2545,14.8409,-0.9600,-7.7996,-1.3276,140.1931,8.1250,7.7144,21.8078,7.7124,10.3271,21.8582,38.5733,51.4311,64.2888,10.2862,2.4401,4.980199,6.225248,1.670799,19,32,5,2,0.14444557,-0.05563474,-0.10494065,0E-8,0.000000,0.860118,0.000000,0.05763036,2026-05-21,2026-07-31,8,47,40,72,0.111111,0.353745,0.447093,0.481485,,,,,,,,GLOBAL_BASELINE_NO_ENTITY_RANKING,,,NOT_APPLICABLE_GLOBAL_BASELINE,HF9g-P5,,,,X 全窗基线 · 不参与实体赏罚,3921027,393,A168_HF9F_20260827_0900,2026-08-27 09:00:00
2026-06-20,122522560,-1,1,51.4310695091,-51.4310695091,-51.4310695091,0E-7,1,1,0.49324550000000000,0.493245500000,-0.9865810262130424,-0.9865810262130424,-0.9865810262130424,0E-17,SENTINEL_DEALER,R03b_20260811_FULL_v1,L1_ELIGIBILITY,v2026-08-11,2026-03-21..2026-08-06,baccarat_bet02_101_all_pairs_incl_sentinel,round_win = game_pnl > 0 (decisive only),COMPATIBILITY_ONLY_NOT_PRODUCTION,1121.5445,964.6601,-62.3968,65,65,0.05563474,0.10494065,0.04731029,0.05563474,62.3968,1121.5445,OK,0.0000,-2.4959,4.0000,96.0000,AG03-UNRESOLVED,ALL5_LEVELS_bet23_to_bet27,-2.4959,-2.4959,-2.4959,-3.1198,-3.1198,4.000000,4.000000,4.000000,5.000000,5.000000,96.000000,96.000000,96.000000,95.000000,95.000000,5.0,-13.7273,-12.5746,-48.6695,-49.8223,PENDING_AG03,FALSE,NOT_FOR_ENFORCEMENT,-59.9010,926.0737,-62.3968,-59.9010,-2.4959,-0.05563474,-0.05340935,-2.4959,-59.9010,-0.05340935,-2.4959,-2.4959,-2.4959,-3.1198,-3.1198,-59.9010,-0.05340935,-13.7273,-12.5746,-48.6695,-49.8223,-0.04339510,-0.04442291,-0.00222539,17.2545,14.8409,-0.9600,-7.7996,-1.3276,140.1931,8.1250,7.7144,21.8078,7.7124,10.3271,21.8582,38.5733,51.4311,64.2888,10.2862,2.4401,4.980199,6.225248,1.670799,19,32,5,2,0.14444557,-0.05563474,-0.10494065,0E-8,0.000000,0.860118,0.000000,0.05763036,2026-05-21,2026-07-31,8,47,40,72,0.111111,0.353745,0.447093,0.481485,,,,,,,,GLOBAL_BASELINE_NO_ENTITY_RANKING,,,NOT_APPLICABLE_GLOBAL_BASELINE,HF9g-P5,,,,X 全窗基线 · 不参与实体赏罚,3921028,393,A168_HF9F_20260827_0900,2026-08-27 09:00:00
2026-06-20,122522560,1331,0,25.7155347545,-25.7155347545,-25.7155347545,0E-7,1,1,0.50665070000000000,0.506650700000,-1.013391052207602,-1.013391052207602,-1.013391052207602,0E-17,ELIGIBLE,R03b_20260811_FULL_v1,L1_ELIGIBILITY,v2026-08-11,2026-03-21..2026-08-06,baccarat_bet02_101_all_pairs_incl_sentinel,round_win = game_pnl > 0 (decisive only),COMPATIBILITY_ONLY_NOT_PRODUCTION,1121.5445,964.6601,-62.3968,65,65,0.05563474,0.10494065,0.04731029,0.05563474,62.3968,1121.5445,OK,0.0000,-2.4959,4.0000,96.0000,AG03-UNRESOLVED,ALL5_LEVELS_bet23_to_bet27,-2.4959,-2.4959,-2.4959,-3.1198,-3.1198,4.000000,4.000000,4.000000,5.000000,5.000000,96.000000,96.000000,96.000000,95.000000,95.000000,5.0,-13.7273,-12.5746,-48.6695,-49.8223,PENDING_AG03,FALSE,NOT_FOR_ENFORCEMENT,-59.9010,926.0737,-62.3968,-59.9010,-2.4959,-0.05563474,-0.05340935,-2.4959,-59.9010,-0.05340935,-2.4959,-2.4959,-2.4959,-3.1198,-3.1198,-59.9010,-0.05340935,-13.7273,-12.5746,-48.6695,-49.8223,-0.04339510,-0.04442291,-0.00222539,17.2545,14.8409,-0.9600,-7.7996,-1.3276,140.1931,8.1250,7.7144,21.8078,7.7124,10.3271,21.8582,38.5733,51.4311,64.2888,10.2862,2.4401,4.980199,6.225248,1.670799,19,32,5,2,0.14444557,-0.05563474,-0.10494065,0E-8,0.000000,0.860118,0.000000,0.05763036,2026-05-21,2026-07-31,8,47,40,72,0.111111,0.353745,0.447093,0.481485,,,,,,,,GLOBAL_BASELINE_NO_ENTITY_RANKING,,,NOT_APPLICABLE_GLOBAL_BASELINE,HF9g-P5,,,,X 全窗基线 · 不参与实体赏罚,3921029,393,A168_HF9F_20260827_0900,2026-08-27 09:00:00
2026-06-20,122522560,1384,0,77.1466042636,75.2179391570,75.2179391570,1.0000000,2,2,0.49994810000000000,0.499948100000,1.4143603653603398,1.4143603653603398,1.4143603653603398,0E-17,ELIGIBLE,R03b_20260811_FULL_v1,L1_ELIGIBILITY,v2026-08-11,2026-03-21..2026-08-06,baccarat_bet02_101_all_pairs_incl_sentinel,round_win = game_pnl > 0 (decisive only),COMPATIBILITY_ONLY_NOT_PRODUCTION,1121.5445,964.6601,-62.3968,65,65,0.05563474,0.10494065,0.04731029,0.05563474,62.3968,1121.5445,OK,0.0000,-2.4959,4.0000,96.0000,AG03-UNRESOLVED,ALL5_LEVELS_bet23_to_bet27,-2.4959,-2.4959,-2.4959,-3.1198,-3.1198,4.000000,4.000000,4.000000,5.000000,5.000000,96.000000,96.000000,96.000000,95.000000,95.000000,5.0,-13.7273,-12.5746,-48.6695,-49.8223,PENDING_AG03,FALSE,NOT_FOR_ENFORCEMENT,-59.9010,926.0737,-62.3968,-59.9010,-2.4959,-0.05563474,-0.05340935,-2.4959,-59.9010,-0.05340935,-2.4959,-2.4959,-2.4959,-3.1198,-3.1198,-59.9010,-0.05340935,-13.7273,-12.5746,-48.6695,-49.8223,-0.04339510,-0.04442291,-0.00222539,17.2545,14.8409,-0.9600,-7.7996,-1.3276,140.1931,8.1250,7.7144,21.8078,7.7124,10.3271,21.8582,38.5733,51.4311,64.2888,10.2862,2.4401,4.980199,6.225248,1.670799,19,32,5,2,0.14444557,-0.05563474,-0.10494065,0E-8,0.000000,0.860118,0.000000,0.05763036,2026-05-21,2026-07-31,8,47,40,72,0.111111,0.353745,0.447093,0.481485,,,,,,,,GLOBAL_BASELINE_NO_ENTITY_RANKING,,,NOT_APPLICABLE_GLOBAL_BASELINE,HF9g-P5,,,,X 全窗基线 · 不参与实体赏罚,3921030,393,A168_HF9F_20260827_0900,2026-08-27 09:00:00
2026-06-20,122522560,2093,0,64.2888368864,0E-10,0E-10,,1,1,0.50665070000000000,0.506650700000,,,,0E-17,NO_DECISIVE_ROUND,R03b_20260811_FULL_v1,L1_ELIGIBILITY,v2026-08-11,2026-03-21..2026-08-06,baccarat_bet02_101_all_pairs_incl_sentinel,round_win = game_pnl > 0 (decisive only),COMPATIBILITY_ONLY_NOT_PRODUCTION,1121.5445,964.6601,-62.3968,65,65,0.05563474,0.10494065,0.04731029,0.05563474,62.3968,1121.5445,OK,0.0000,-2.4959,4.0000,96.0000,AG03-UNRESOLVED,ALL5_LEVELS_bet23_to_bet27,-2.4959,-2.4959,-2.4959,-3.1198,-3.1198,4.000000,4.000000,4.000000,5.000000,5.000000,96.000000,96.000000,96.000000,95.000000,95.000000,5.0,-13.7273,-12.5746,-48.6695,-49.8223,PENDING_AG03,FALSE,NOT_FOR_ENFORCEMENT,-59.9010,926.0737,-62.3968,-59.9010,-2.4959,-0.05563474,-0.05340935,-2.4959,-59.9010,-0.05340935,-2.4959,-2.4959,-2.4959,-3.1198,-3.1198,-59.9010,-0.05340935,-13.7273,-12.5746,-48.6695,-49.8223,-0.04339510,-0.04442291,-0.00222539,17.2545,14.8409,-0.9600,-7.7996,-1.3276,140.1931,8.1250,7.7144,21.8078,7.7124,10.3271,21.8582,38.5733,51.4311,64.2888,10.2862,2.4401,4.980199,6.225248,1.670799,19,32,5,2,0.14444557,-0.05563474,-0.10494065,0E-8,0.000000,0.860118,0.000000,0.05763036,2026-05-21,2026-07-31,8,47,40,72,0.111111,0.353745,0.447093,0.481485,,,,,,,,GLOBAL_BASELINE_NO_ENTITY_RANKING,,,NOT_APPLICABLE_GLOBAL_BASELINE,HF9g-P5,,,,X 全窗基线 · 不参与实体赏罚,3921031,393,A168_HF9F_20260827_0900,2026-08-27 09:00:00
2026-06-20,122522560,2170,0,102.8621390182,-64.2888368864,-64.2888368864,0E-7,2,2,0.50665070000000000,0.506650700000,-1.013391052207602,-1.013391052207602,-1.013391052207602,0E-17,ELIGIBLE,R03b_20260811_FULL_v1,L1_ELIGIBILITY,v2026-08-11,2026-03-21..2026-08-06,baccarat_bet02_101_all_pairs_incl_sentinel,round_win = game_pnl > 0 (decisive only),COMPATIBILITY_ONLY_NOT_PRODUCTION,1121.5445,964.6601,-62.3968,65,65,0.05563474,0.10494065,0.04731029,0.05563474,62.3968,1121.5445,OK,0.0000,-2.4959,4.0000,96.0000,AG03-UNRESOLVED,ALL5_LEVELS_bet23_to_bet27,-2.4959,-2.4959,-2.4959,-3.1198,-3.1198,4.000000,4.000000,4.000000,5.000000,5.000000,96.000000,96.000000,96.000000,95.000000,95.000000,5.0,-13.7273,-12.5746,-48.6695,-49.8223,PENDING_AG03,FALSE,NOT_FOR_ENFORCEMENT,-59.9010,926.0737,-62.3968,-59.9010,-2.4959,-0.05563474,-0.05340935,-2.4959,-59.9010,-0.05340935,-2.4959,-2.4959,-2.4959,-3.1198,-3.1198,-59.9010,-0.05340935,-13.7273,-12.5746,-48.6695,-49.8223,-0.04339510,-0.04442291,-0.00222539,17.2545,14.8409,-0.9600,-7.7996,-1.3276,140.1931,8.1250,7.7144,21.8078,7.7124,10.3271,21.8582,38.5733,51.4311,64.2888,10.2862,2.4401,4.980199,6.225248,1.670799,19,32,5,2,0.14444557,-0.05563474,-0.10494065,0E-8,0.000000,0.860118,0.000000,0.05763036,2026-05-21,2026-07-31,8,47,40,72,0.111111,0.353745,0.447093,0.481485,,,,,,,,GLOBAL_BASELINE_NO_ENTITY_RANKING,,,NOT_APPLICABLE_GLOBAL_BASELINE,HF9g-P5,,,,X 全窗基线 · 不参与实体赏罚,3921032,393,A168_HF9F_20260827_0900,2026-08-27 09:00:00
2026-06-20,122522560,2174,0,51.4310695091,48.8595160336,48.8595160336,1.0000000,1,1,0.50665070000000000,0.506650700000,0.9867858985152569,0.9867858985152569,0.9867858985152569,0E-17,ELIGIBLE,R03b_20260811_FULL_v1,L1_ELIGIBILITY,v2026-08-11,2026-03-21..2026-08-06,baccarat_bet02_101_all_pairs_incl_sentinel,round_win = game_pnl > 0 (decisive only),COMPATIBILITY_ONLY_NOT_PRODUCTION,1121.5445,964.6601,-62.3968,65,65,0.05563474,0.10494065,0.04731029,0.05563474,62.3968,1121.5445,OK,0.0000,-2.4959,4.0000,96.0000,AG03-UNRESOLVED,ALL5_LEVELS_bet23_to_bet27,-2.4959,-2.4959,-2.4959,-3.1198,-3.1198,4.000000,4.000000,4.000000,5.000000,5.000000,96.000000,96.000000,96.000000,95.000000,95.000000,5.0,-13.7273,-12.5746,-48.6695,-49.8223,PENDING_AG03,FALSE,NOT_FOR_ENFORCEMENT,-59.9010,926.0737,-62.3968,-59.9010,-2.4959,-0.05563474,-0.05340935,-2.4959,-59.9010,-0.05340935,-2.4959,-2.4959,-2.4959,-3.1198,-3.1198,-59.9010,-0.05340935,-13.7273,-12.5746,-48.6695,-49.8223,-0.04339510,-0.04442291,-0.00222539,17.2545,14.8409,-0.9600,-7.7996,-1.3276,140.1931,8.1250,7.7144,21.8078,7.7124,10.3271,21.8582,38.5733,51.4311,64.2888,10.2862,2.4401,4.980199,6.225248,1.670799,19,32,5,2,0.14444557,-0.05563474,-0.10494065,0E-8,0.000000,0.860118,0.000000,0.05763036,2026-05-21,2026-07-31,8,47,40,72,0.111111,0.353745,0.447093,0.481485,,,,,,,,GLOBAL_BASELINE_NO_ENTITY_RANKING,,,NOT_APPLICABLE_GLOBAL_BASELINE,HF9g-P5,,,,X 全窗基线 · 不参与实体赏罚,3921033,393,A168_HF9F_20260827_0900,2026-08-27 09:00:00
2026-06-20,122522560,2177,0,51.4310695091,-51.4310695091,-51.4310695091,0E-7,1,1,0.49324550000000000,0.493245500000,-0.9865810262130424,-0.9865810262130424,-0.9865810262130424,0E-17,ELIGIBLE,R03b_20260811_FULL_v1,L1_ELIGIBILITY,v2026-08-11,2026-03-21..2026-08-06,baccarat_bet02_101_all_pairs_incl_sentinel,round_win = game_pnl > 0 (decisive only),COMPATIBILITY_ONLY_NOT_PRODUCTION,1121.5445,964.6601,-62.3968,65,65,0.05563474,0.10494065,0.04731029,0.05563474,62.3968,1121.5445,OK,0.0000,-2.4959,4.0000,96.0000,AG03-UNRESOLVED,ALL5_LEVELS_bet23_to_bet27,-2.4959,-2.4959,-2.4959,-3.1198,-3.1198,4.000000,4.000000,4.000000,5.000000,5.000000,96.000000,96.000000,96.000000,95.000000,95.000000,5.0,-13.7273,-12.5746,-48.6695,-49.8223,PENDING_AG03,FALSE,NOT_FOR_ENFORCEMENT,-59.9010,926.0737,-62.3968,-59.9010,-2.4959,-0.05563474,-0.05340935,-2.4959,-59.9010,-0.05340935,-2.4959,-2.4959,-2.4959,-3.1198,-3.1198,-59.9010,-0.05340935,-13.7273,-12.5746,-48.6695,-49.8223,-0.04339510,-0.04442291,-0.00222539,17.2545,14.8409,-0.9600,-7.7996,-1.3276,140.1931,8.1250,7.7144,21.8078,7.7124,10.3271,21.8582,38.5733,51.4311,64.2888,10.2862,2.4401,4.980199,6.225248,1.670799,19,32,5,2,0.14444557,-0.05563474,-0.10494065,0E-8,0.000000,0.860118,0.000000,0.05763036,2026-05-21,2026-07-31,8,47,40,72,0.111111,0.353745,0.447093,0.481485,,,,,,,,GLOBAL_BASELINE_NO_ENTITY_RANKING,,,NOT_APPLICABLE_GLOBAL_BASELINE,HF9g-P5,,,,X 全窗基线 · 不参与实体赏罚,3921034,393,A168_HF9F_20260827_0900,2026-08-27 09:00:00
2026-06-20,122522560,2205,0,51.4310695091,48.8595160336,48.8595160336,1.0000000,2,2,0.50665070000000000,0.506650700000,1.3955260008387969,1.3955260008387969,1.3955260008387969,0E-17,ELIGIBLE,R03b_20260811_FULL_v1,L1_ELIGIBILITY,v2026-08-11,2026-03-21..2026-08-06,baccarat_bet02_101_all_pairs_incl_sentinel,round_win = game_pnl > 0 (decisive only),COMPATIBILITY_ONLY_NOT_PRODUCTION,1121.5445,964.6601,-62.3968,65,65,0.05563474,0.10494065,0.04731029,0.05563474,62.3968,1121.5445,OK,0.0000,-2.4959,4.0000,96.0000,AG03-UNRESOLVED,ALL5_LEVELS_bet23_to_bet27,-2.4959,-2.4959,-2.4959,-3.1198,-3.1198,4.000000,4.000000,4.000000,5.000000,5.000000,96.000000,96.000000,96.000000,95.000000,95.000000,5.0,-13.7273,-12.5746,-48.6695,-49.8223,PENDING_AG03,FALSE,NOT_FOR_ENFORCEMENT,-59.9010,926.0737,-62.3968,-59.9010,-2.4959,-0.05563474,-0.05340935,-2.4959,-59.9010,-0.05340935,-2.4959,-2.4959,-2.4959,-3.1198,-3.1198,-59.9010,-0.05340935,-13.7273,-12.5746,-48.6695,-49.8223,-0.04339510,-0.04442291,-0.00222539,17.2545,14.8409,-0.9600,-7.7996,-1.3276,140.1931,8.1250,7.7144,21.8078,7.7124,10.3271,21.8582,38.5733,51.4311,64.2888,10.2862,2.4401,4.980199,6.225248,1.670799,19,32,5,2,0.14444557,-0.05563474,-0.10494065,0E-8,0.000000,0.860118,0.000000,0.05763036,2026-05-21,2026-07-31,8,47,40,72,0.111111,0.353745,0.447093,0.481485,,,,,,,,GLOBAL_BASELINE_NO_ENTITY_RANKING,,,NOT_APPLICABLE_GLOBAL_BASELINE,HF9g-P5,,,,X 全窗基线 · 不参与实体赏罚,3921035,393,A168_HF9F_20260827_0900,2026-08-27 09:00:00
2026-06-20,122522560,2248,0,25.7155347545,24.4297580168,24.4297580168,1.0000000,1,1,0.50665070000000000,0.506650700000,0.9867858985152569,0.9867858985152569,0.9867858985152569,0E-17,ELIGIBLE,R03b_20260811_FULL_v1,L1_ELIGIBILITY,v2026-08-11,2026-03-21..2026-08-06,baccarat_bet02_101_all_pairs_incl_sentinel,round_win = game_pnl > 0 (decisive only),COMPATIBILITY_ONLY_NOT_PRODUCTION,1121.5445,964.6601,-62.3968,65,65,0.05563474,0.10494065,0.04731029,0.05563474,62.3968,1121.5445,OK,0.0000,-2.4959,4.0000,96.0000,AG03-UNRESOLVED,ALL5_LEVELS_bet23_to_bet27,-2.4959,-2.4959,-2.4959,-3.1198,-3.1198,4.000000,4.000000,4.000000,5.000000,5.000000,96.000000,96.000000,96.000000,95.000000,95.000000,5.0,-13.7273,-12.5746,-48.6695,-49.8223,PENDING_AG03,FALSE,NOT_FOR_ENFORCEMENT,-59.9010,926.0737,-62.3968,-59.9010,-2.4959,-0.05563474,-0.05340935,-2.4959,-59.9010,-0.05340935,-2.4959,-2.4959,-2.4959,-3.1198,-3.1198,-59.9010,-0.05340935,-13.7273,-12.5746,-48.6695,-49.8223,-0.04339510,-0.04442291,-0.00222539,17.2545,14.8409,-0.9600,-7.7996,-1.3276,140.1931,8.1250,7.7144,21.8078,7.7124,10.3271,21.8582,38.5733,51.4311,64.2888,10.2862,2.4401,4.980199,6.225248,1.670799,19,32,5,2,0.14444557,-0.05563474,-0.10494065,0E-8,0.000000,0.860118,0.000000,0.05763036,2026-05-21,2026-07-31,8,47,40,72,0.111111,0.353745,0.447093,0.481485,,,,,,,,GLOBAL_BASELINE_NO_ENTITY_RANKING,,,NOT_APPLICABLE_GLOBAL_BASELINE,HF9g-P5,,,,X 全窗基线 · 不参与实体赏罚,3921036,393,A168_HF9F_20260827_0900,2026-08-27 09:00:00
2026-06-21,122522560,1490,0,54.0026229845,21.2153161725,21.2153161725,0.5000000,2,2,0.50665070000000000,0.506650700000,-0.018812684590367487,-0.018812684590367487,-0.018812684590367487,0E-17,ELIGIBLE,R03b_20260811_FULL_v1,L1_ELIGIBILITY,v2026-08-11,2026-03-21..2026-08-06,baccarat_bet02_101_all_pairs_incl_sentinel,round_win = game_pnl > 0 (decisive only),COMPATIBILITY_ONLY_NOT_PRODUCTION,1121.5445,964.6601,-62.3968,65,65,0.05563474,0.10494065,0.04731029,0.05563474,62.3968,1121.5445,OK,0.0000,-2.4959,4.0000,96.0000,AG03-UNRESOLVED,ALL5_LEVELS_bet23_to_bet27,-2.4959,-2.4959,-2.4959,-3.1198,-3.1198,4.000000,4.000000,4.000000,5.000000,5.000000,96.000000,96.000000,96.000000,95.000000,95.000000,5.0,-13.7273,-12.5746,-48.6695,-49.8223,PENDING_AG03,FALSE,NOT_FOR_ENFORCEMENT,-59.9010,926.0737,-62.3968,-59.9010,-2.4959,-0.05563474,-0.05340935,-2.4959,-59.9010,-0.05340935,-2.4959,-2.4959,-2.4959,-3.1198,-3.1198,-59.9010,-0.05340935,-13.7273,-12.5746,-48.6695,-49.8223,-0.04339510,-0.04442291,-0.00222539,17.2545,14.8409,-0.9600,-7.7996,-1.3276,140.1931,8.1250,7.7144,21.8078,7.7124,10.3271,21.8582,38.5733,51.4311,64.2888,10.2862,2.4401,4.980199,6.225248,1.670799,19,32,5,2,0.14444557,-0.05563474,-0.10494065,0E-8,0.000000,0.860118,0.000000,0.05763036,2026-05-21,2026-07-31,8,47,40,72,0.111111,0.353745,0.447093,0.481485,,,,,,,,GLOBAL_BASELINE_NO_ENTITY_RANKING,,,NOT_APPLICABLE_GLOBAL_BASELINE,HF9g-P5,,,,X 全窗基线 · 不参与实体赏罚,3921037,393,A168_HF9F_20260827_0900,2026-08-27 09:00:00
2026-06-21,122522560,1957,0,5.1431069509,-5.1431069509,-5.1431069509,0E-7,1,1,0.50665070000000000,0.506650700000,-1.013391052207602,-1.013391052207602,-1.013391052207602,0E-17,ELIGIBLE,R03b_20260811_FULL_v1,L1_ELIGIBILITY,v2026-08-11,2026-03-21..2026-08-06,baccarat_bet02_101_all_pairs_incl_sentinel,round_win = game_pnl > 0 (decisive only),COMPATIBILITY_ONLY_NOT_PRODUCTION,1121.5445,964.6601,-62.3968,65,65,0.05563474,0.10494065,0.04731029,0.05563474,62.3968,1121.5445,OK,0.0000,-2.4959,4.0000,96.0000,AG03-UNRESOLVED,ALL5_LEVELS_bet23_to_bet27,-2.4959,-2.4959,-2.4959,-3.1198,-3.1198,4.000000,4.000000,4.000000,5.000000,5.000000,96.000000,96.000000,96.000000,95.000000,95.000000,5.0,-13.7273,-12.5746,-48.6695,-49.8223,PENDING_AG03,FALSE,NOT_FOR_ENFORCEMENT,-59.9010,926.0737,-62.3968,-59.9010,-2.4959,-0.05563474,-0.05340935,-2.4959,-59.9010,-0.05340935,-2.4959,-2.4959,-2.4959,-3.1198,-3.1198,-59.9010,-0.05340935,-13.7273,-12.5746,-48.6695,-49.8223,-0.04339510,-0.04442291,-0.00222539,17.2545,14.8409,-0.9600,-7.7996,-1.3276,140.1931,8.1250,7.7144,21.8078,7.7124,10.3271,21.8582,38.5733,51.4311,64.2888,10.2862,2.4401,4.980199,6.225248,1.670799,19,32,5,2,0.14444557,-0.05563474,-0.10494065,0E-8,0.000000,0.860118,0.000000,0.05763036,2026-05-21,2026-07-31,8,47,40,72,0.111111,0.353745,0.447093,0.481485,,,,,,,,GLOBAL_BASELINE_NO_ENTITY_RANKING,,,NOT_APPLICABLE_GLOBAL_BASELINE,HF9g-P5,,,,X 全窗基线 · 不参与实体赏罚,3921038,393,A168_HF9F_20260827_0900,2026-08-27 09:00:00
2026-06-21,122522560,2169,0,25.7155347545,-25.7155347545,-25.7155347545,0E-7,1,1,0.50665070000000000,0.506650700000,-1.013391052207602,-1.013391052207602,-1.013391052207602,0E-17,ELIGIBLE,R03b_20260811_FULL_v1,L1_ELIGIBILITY,v2026-08-11,2026-03-21..2026-08-06,baccarat_bet02_101_all_pairs_incl_sentinel,round_win = game_pnl > 0 (decisive only),COMPATIBILITY_ONLY_NOT_PRODUCTION,1121.5445,964.6601,-62.3968,65,65,0.05563474,0.10494065,0.04731029,0.05563474,62.3968,1121.5445,OK,0.0000,-2.4959,4.0000,96.0000,AG03-UNRESOLVED,ALL5_LEVELS_bet23_to_bet27,-2.4959,-2.4959,-2.4959,-3.1198,-3.1198,4.000000,4.000000,4.000000,5.000000,5.000000,96.000000,96.000000,96.000000,95.000000,95.000000,5.0,-13.7273,-12.5746,-48.6695,-49.8223,PENDING_AG03,FALSE,NOT_FOR_ENFORCEMENT,-59.9010,926.0737,-62.3968,-59.9010,-2.4959,-0.05563474,-0.05340935,-2.4959,-59.9010,-0.05340935,-2.4959,-2.4959,-2.4959,-3.1198,-3.1198,-59.9010,-0.05340935,-13.7273,-12.5746,-48.6695,-49.8223,-0.04339510,-0.04442291,-0.00222539,17.2545,14.8409,-0.9600,-7.7996,-1.3276,140.1931,8.1250,7.7144,21.8078,7.7124,10.3271,21.8582,38.5733,51.4311,64.2888,10.2862,2.4401,4.980199,6.225248,1.670799,19,32,5,2,0.14444557,-0.05563474,-0.10494065,0E-8,0.000000,0.860118,0.000000,0.05763036,2026-05-21,2026-07-31,8,47,40,72,0.111111,0.353745,0.447093,0.481485,,,,,,,,GLOBAL_BASELINE_NO_ENTITY_RANKING,,,NOT_APPLICABLE_GLOBAL_BASELINE,HF9g-P5,,,,X 全窗基线 · 不参与实体赏罚,3921039,393,A168_HF9F_20260827_0900,2026-08-27 09:00:00
2026-06-21,122522560,986,0,12.8577673773,-12.8577673773,-12.8577673773,0E-7,1,1,0.50665070000000000,0.506650700000,-1.013391052207602,-1.013391052207602,-1.013391052207602,0E-17,ELIGIBLE,R03b_20260811_FULL_v1,L1_ELIGIBILITY,v2026-08-11,2026-03-21..2026-08-06,baccarat_bet02_101_all_pairs_incl_sentinel,round_win = game_pnl > 0 (decisive only),COMPATIBILITY_ONLY_NOT_PRODUCTION,1121.5445,964.6601,-62.3968,65,65,0.05563474,0.10494065,0.04731029,0.05563474,62.3968,1121.5445,OK,0.0000,-2.4959,4.0000,96.0000,AG03-UNRESOLVED,ALL5_LEVELS_bet23_to_bet27,-2.4959,-2.4959,-2.4959,-3.1198,-3.1198,4.000000,4.000000,4.000000,5.000000,5.000000,96.000000,96.000000,96.000000,95.000000,95.000000,5.0,-13.7273,-12.5746,-48.6695,-49.8223,PENDING_AG03,FALSE,NOT_FOR_ENFORCEMENT,-59.9010,926.0737,-62.3968,-59.9010,-2.4959,-0.05563474,-0.05340935,-2.4959,-59.9010,-0.05340935,-2.4959,-2.4959,-2.4959,-3.1198,-3.1198,-59.9010,-0.05340935,-13.7273,-12.5746,-48.6695,-49.8223,-0.04339510,-0.04442291,-0.00222539,17.2545,14.8409,-0.9600,-7.7996,-1.3276,140.1931,8.1250,7.7144,21.8078,7.7124,10.3271,21.8582,38.5733,51.4311,64.2888,10.2862,2.4401,4.980199,6.225248,1.670799,19,32,5,2,0.14444557,-0.05563474,-0.10494065,0E-8,0.000000,0.860118,0.000000,0.05763036,2026-05-21,2026-07-31,8,47,40,72,0.111111,0.353745,0.447093,0.481485,,,,,,,,GLOBAL_BASELINE_NO_ENTITY_RANKING,,,NOT_APPLICABLE_GLOBAL_BASELINE,HF9g-P5,,,,X 全窗基线 · 不参与实体赏罚,3921040,393,A168_HF9F_20260827_0900,2026-08-27 09:00:00
2026-06-22,122522560,-1,1,30.8586417054,29.3157096202,29.3157096202,1.0000000,2,2,0.50665070000000000,0.506650700000,1.3955260008387969,1.3955260008387969,1.3955260008387969,0E-17,SENTINEL_DEALER,R03b_20260811_FULL_v1,L1_ELIGIBILITY,v2026-08-11,2026-03-21..2026-08-06,baccarat_bet02_101_all_pairs_incl_sentinel,round_win = game_pnl > 0 (decisive only),COMPATIBILITY_ONLY_NOT_PRODUCTION,1121.5445,964.6601,-62.3968,65,65,0.05563474,0.10494065,0.04731029,0.05563474,62.3968,1121.5445,OK,0.0000,-2.4959,4.0000,96.0000,AG03-UNRESOLVED,ALL5_LEVELS_bet23_to_bet27,-2.4959,-2.4959,-2.4959,-3.1198,-3.1198,4.000000,4.000000,4.000000,5.000000,5.000000,96.000000,96.000000,96.000000,95.000000,95.000000,5.0,-13.7273,-12.5746,-48.6695,-49.8223,PENDING_AG03,FALSE,NOT_FOR_ENFORCEMENT,-59.9010,926.0737,-62.3968,-59.9010,-2.4959,-0.05563474,-0.05340935,-2.4959,-59.9010,-0.05340935,-2.4959,-2.4959,-2.4959,-3.1198,-3.1198,-59.9010,-0.05340935,-13.7273,-12.5746,-48.6695,-49.8223,-0.04339510,-0.04442291,-0.00222539,17.2545,14.8409,-0.9600,-7.7996,-1.3276,140.1931,8.1250,7.7144,21.8078,7.7124,10.3271,21.8582,38.5733,51.4311,64.2888,10.2862,2.4401,4.980199,6.225248,1.670799,19,32,5,2,0.14444557,-0.05563474,-0.10494065,0E-8,0.000000,0.860118,0.000000,0.05763036,2026-05-21,2026-07-31,8,47,40,72,0.111111,0.353745,0.447093,0.481485,,,,,,,,GLOBAL_BASELINE_NO_ENTITY_RANKING,,,NOT_APPLICABLE_GLOBAL_BASELINE,HF9g-P5,,,,X 全窗基线 · 不参与实体赏罚,3921041,393,A168_HF9F_20260827_0900,2026-08-27 09:00:00
2026-06-22,122522560,1374,0,41.1448556073,14.4006994625,14.4006994625,0.7500000,4,4,0.50329940000000000,0.503299400000,0.9868238854431842,0.9868238854431842,0.9868238854431842,0E-17,ELIGIBLE,R03b_20260811_FULL_v1,L1_ELIGIBILITY,v2026-08-11,2026-03-21..2026-08-06,baccarat_bet02_101_all_pairs_incl_sentinel,round_win = game_pnl > 0 (decisive only),COMPATIBILITY_ONLY_NOT_PRODUCTION,1121.5445,964.6601,-62.3968,65,65,0.05563474,0.10494065,0.04731029,0.05563474,62.3968,1121.5445,OK,0.0000,-2.4959,4.0000,96.0000,AG03-UNRESOLVED,ALL5_LEVELS_bet23_to_bet27,-2.4959,-2.4959,-2.4959,-3.1198,-3.1198,4.000000,4.000000,4.000000,5.000000,5.000000,96.000000,96.000000,96.000000,95.000000,95.000000,5.0,-13.7273,-12.5746,-48.6695,-49.8223,PENDING_AG03,FALSE,NOT_FOR_ENFORCEMENT,-59.9010,926.0737,-62.3968,-59.9010,-2.4959,-0.05563474,-0.05340935,-2.4959,-59.9010,-0.05340935,-2.4959,-2.4959,-2.4959,-3.1198,-3.1198,-59.9010,-0.05340935,-13.7273,-12.5746,-48.6695,-49.8223,-0.04339510,-0.04442291,-0.00222539,17.2545,14.8409,-0.9600,-7.7996,-1.3276,140.1931,8.1250,7.7144,21.8078,7.7124,10.3271,21.8582,38.5733,51.4311,64.2888,10.2862,2.4401,4.980199,6.225248,1.670799,19,32,5,2,0.14444557,-0.05563474,-0.10494065,0E-8,0.000000,0.860118,0.000000,0.05763036,2026-05-21,2026-07-31,8,47,40,72,0.111111,0.353745,0.447093,0.481485,,,,,,,,GLOBAL_BASELINE_NO_ENTITY_RANKING,,,NOT_APPLICABLE_GLOBAL_BASELINE,HF9g-P5,,,,X 全窗基线 · 不参与实体赏罚,3921042,393,A168_HF9F_20260827_0900,2026-08-27 09:00:00
2026-06-22,122522560,1935,0,15.4293208527,15.4293208527,15.4293208527,1.0000000,1,1,0.49324550000000000,0.493245500000,1.01360149184955,1.01360149184955,1.01360149184955,0E-17,ELIGIBLE,R03b_20260811_FULL_v1,L1_ELIGIBILITY,v2026-08-11,2026-03-21..2026-08-06,baccarat_bet02_101_all_pairs_incl_sentinel,round_win = game_pnl > 0 (decisive only),COMPATIBILITY_ONLY_NOT_PRODUCTION,1121.5445,964.6601,-62.3968,65,65,0.05563474,0.10494065,0.04731029,0.05563474,62.3968,1121.5445,OK,0.0000,-2.4959,4.0000,96.0000,AG03-UNRESOLVED,ALL5_LEVELS_bet23_to_bet27,-2.4959,-2.4959,-2.4959,-3.1198,-3.1198,4.000000,4.000000,4.000000,5.000000,5.000000,96.000000,96.000000,96.000000,95.000000,95.000000,5.0,-13.7273,-12.5746,-48.6695,-49.8223,PENDING_AG03,FALSE,NOT_FOR_ENFORCEMENT,-59.9010,926.0737,-62.3968,-59.9010,-2.4959,-0.05563474,-0.05340935,-2.4959,-59.9010,-0.05340935,-2.4959,-2.4959,-2.4959,-3.1198,-3.1198,-59.9010,-0.05340935,-13.7273,-12.5746,-48.6695,-49.8223,-0.04339510,-0.04442291,-0.00222539,17.2545,14.8409,-0.9600,-7.7996,-1.3276,140.1931,8.1250,7.7144,21.8078,7.7124,10.3271,21.8582,38.5733,51.4311,64.2888,10.2862,2.4401,4.980199,6.225248,1.670799,19,32,5,2,0.14444557,-0.05563474,-0.10494065,0E-8,0.000000,0.860118,0.000000,0.05763036,2026-05-21,2026-07-31,8,47,40,72,0.111111,0.353745,0.447093,0.481485,,,,,,,,GLOBAL_BASELINE_NO_ENTITY_RANKING,,,NOT_APPLICABLE_GLOBAL_BASELINE,HF9g-P5,,,,X 全窗基线 · 不参与实体赏罚,3921043,393,A168_HF9F_20260827_0900,2026-08-27 09:00:00
2026-06-22,122522560,2088,0,12.8577673773,-12.8577673773,-12.8577673773,0E-7,1,1,0.50665070000000000,0.506650700000,-1.013391052207602,-1.013391052207602,-1.013391052207602,0E-17,ELIGIBLE,R03b_20260811_FULL_v1,L1_ELIGIBILITY,v2026-08-11,2026-03-21..2026-08-06,baccarat_bet02_101_all_pairs_incl_sentinel,round_win = game_pnl > 0 (decisive only),COMPATIBILITY_ONLY_NOT_PRODUCTION,1121.5445,964.6601,-62.3968,65,65,0.05563474,0.10494065,0.04731029,0.05563474,62.3968,1121.5445,OK,0.0000,-2.4959,4.0000,96.0000,AG03-UNRESOLVED,ALL5_LEVELS_bet23_to_bet27,-2.4959,-2.4959,-2.4959,-3.1198,-3.1198,4.000000,4.000000,4.000000,5.000000,5.000000,96.000000,96.000000,96.000000,95.000000,95.000000,5.0,-13.7273,-12.5746,-48.6695,-49.8223,PENDING_AG03,FALSE,NOT_FOR_ENFORCEMENT,-59.9010,926.0737,-62.3968,-59.9010,-2.4959,-0.05563474,-0.05340935,-2.4959,-59.9010,-0.05340935,-2.4959,-2.4959,-2.4959,-3.1198,-3.1198,-59.9010,-0.05340935,-13.7273,-12.5746,-48.6695,-49.8223,-0.04339510,-0.04442291,-0.00222539,17.2545,14.8409,-0.9600,-7.7996,-1.3276,140.1931,8.1250,7.7144,21.8078,7.7124,10.3271,21.8582,38.5733,51.4311,64.2888,10.2862,2.4401,4.980199,6.225248,1.670799,19,32,5,2,0.14444557,-0.05563474,-0.10494065,0E-8,0.000000,0.860118,0.000000,0.05763036,2026-05-21,2026-07-31,8,47,40,72,0.111111,0.353745,0.447093,0.481485,,,,,,,,GLOBAL_BASELINE_NO_ENTITY_RANKING,,,NOT_APPLICABLE_GLOBAL_BASELINE,HF9g-P5,,,,X 全窗基线 · 不参与实体赏罚,3921044,393,A168_HF9F_20260827_0900,2026-08-27 09:00:00
2026-06-22,122522560,2171,0,23.1439812791,-3.0858641706,-3.0858641706,0.5000000,2,2,0.50665070000000000,0.506650700000,-0.018812684590367487,-0.018812684590367487,-0.018812684590367487,0E-17,ELIGIBLE,R03b_20260811_FULL_v1,L1_ELIGIBILITY,v2026-08-11,2026-03-21..2026-08-06,baccarat_bet02_101_all_pairs_incl_sentinel,round_win = game_pnl > 0 (decisive only),COMPATIBILITY_ONLY_NOT_PRODUCTION,1121.5445,964.6601,-62.3968,65,65,0.05563474,0.10494065,0.04731029,0.05563474,62.3968,1121.5445,OK,0.0000,-2.4959,4.0000,96.0000,AG03-UNRESOLVED,ALL5_LEVELS_bet23_to_bet27,-2.4959,-2.4959,-2.4959,-3.1198,-3.1198,4.000000,4.000000,4.000000,5.000000,5.000000,96.000000,96.000000,96.000000,95.000000,95.000000,5.0,-13.7273,-12.5746,-48.6695,-49.8223,PENDING_AG03,FALSE,NOT_FOR_ENFORCEMENT,-59.9010,926.0737,-62.3968,-59.9010,-2.4959,-0.05563474,-0.05340935,-2.4959,-59.9010,-0.05340935,-2.4959,-2.4959,-2.4959,-3.1198,-3.1198,-59.9010,-0.05340935,-13.7273,-12.5746,-48.6695,-49.8223,-0.04339510,-0.04442291,-0.00222539,17.2545,14.8409,-0.9600,-7.7996,-1.3276,140.1931,8.1250,7.7144,21.8078,7.7124,10.3271,21.8582,38.5733,51.4311,64.2888,10.2862,2.4401,4.980199,6.225248,1.670799,19,32,5,2,0.14444557,-0.05563474,-0.10494065,0E-8,0.000000,0.860118,0.000000,0.05763036,2026-05-21,2026-07-31,8,47,40,72,0.111111,0.353745,0.447093,0.481485,,,,,,,,GLOBAL_BASELINE_NO_ENTITY_RANKING,,,NOT_APPLICABLE_GLOBAL_BASELINE,HF9g-P5,,,,X 全窗基线 · 不参与实体赏罚,3921045,393,A168_HF9F_20260827_0900,2026-08-27 09:00:00
2026-06-22,122522560,2174,0,20.5724278037,-5.5288399723,-5.5288399723,0.3333333,3,3,0.50218230000000000,0.502182300000,-0.5849155494134425,-0.5849155494134426,-0.5849155494134425,0E-17,ELIGIBLE,R03b_20260811_FULL_v1,L1_ELIGIBILITY,v2026-08-11,2026-03-21..2026-08-06,baccarat_bet02_101_all_pairs_incl_sentinel,round_win = game_pnl > 0 (decisive only),COMPATIBILITY_ONLY_NOT_PRODUCTION,1121.5445,964.6601,-62.3968,65,65,0.05563474,0.10494065,0.04731029,0.05563474,62.3968,1121.5445,OK,0.0000,-2.4959,4.0000,96.0000,AG03-UNRESOLVED,ALL5_LEVELS_bet23_to_bet27,-2.4959,-2.4959,-2.4959,-3.1198,-3.1198,4.000000,4.000000,4.000000,5.000000,5.000000,96.000000,96.000000,96.000000,95.000000,95.000000,5.0,-13.7273,-12.5746,-48.6695,-49.8223,PENDING_AG03,FALSE,NOT_FOR_ENFORCEMENT,-59.9010,926.0737,-62.3968,-59.9010,-2.4959,-0.05563474,-0.05340935,-2.4959,-59.9010,-0.05340935,-2.4959,-2.4959,-2.4959,-3.1198,-3.1198,-59.9010,-0.05340935,-13.7273,-12.5746,-48.6695,-49.8223,-0.04339510,-0.04442291,-0.00222539,17.2545,14.8409,-0.9600,-7.7996,-1.3276,140.1931,8.1250,7.7144,21.8078,7.7124,10.3271,21.8582,38.5733,51.4311,64.2888,10.2862,2.4401,4.980199,6.225248,1.670799,19,32,5,2,0.14444557,-0.05563474,-0.10494065,0E-8,0.000000,0.860118,0.000000,0.05763036,2026-05-21,2026-07-31,8,47,40,72,0.111111,0.353745,0.447093,0.481485,,,,,,,,GLOBAL_BASELINE_NO_ENTITY_RANKING,,,NOT_APPLICABLE_GLOBAL_BASELINE,HF9g-P5,,,,X 全窗基线 · 不参与实体赏罚,3921046,393,A168_HF9F_20260827_0900,2026-08-27 09:00:00
2026-06-22,122522560,2209,0,15.4293208527,14.6578548101,14.6578548101,1.0000000,1,1,0.50665070000000000,0.506650700000,0.9867858985152569,0.9867858985152569,0.9867858985152569,0E-17,ELIGIBLE,R03b_20260811_FULL_v1,L1_ELIGIBILITY,v2026-08-11,2026-03-21..2026-08-06,baccarat_bet02_101_all_pairs_incl_sentinel,round_win = game_pnl > 0 (decisive only),COMPATIBILITY_ONLY_NOT_PRODUCTION,1121.5445,964.6601,-62.3968,65,65,0.05563474,0.10494065,0.04731029,0.05563474,62.3968,1121.5445,OK,0.0000,-2.4959,4.0000,96.0000,AG03-UNRESOLVED,ALL5_LEVELS_bet23_to_bet27,-2.4959,-2.4959,-2.4959,-3.1198,-3.1198,4.000000,4.000000,4.000000,5.000000,5.000000,96.000000,96.000000,96.000000,95.000000,95.000000,5.0,-13.7273,-12.5746,-48.6695,-49.8223,PENDING_AG03,FALSE,NOT_FOR_ENFORCEMENT,-59.9010,926.0737,-62.3968,-59.9010,-2.4959,-0.05563474,-0.05340935,-2.4959,-59.9010,-0.05340935,-2.4959,-2.4959,-2.4959,-3.1198,-3.1198,-59.9010,-0.05340935,-13.7273,-12.5746,-48.6695,-49.8223,-0.04339510,-0.04442291,-0.00222539,17.2545,14.8409,-0.9600,-7.7996,-1.3276,140.1931,8.1250,7.7144,21.8078,7.7124,10.3271,21.8582,38.5733,51.4311,64.2888,10.2862,2.4401,4.980199,6.225248,1.670799,19,32,5,2,0.14444557,-0.05563474,-0.10494065,0E-8,0.000000,0.860118,0.000000,0.05763036,2026-05-21,2026-07-31,8,47,40,72,0.111111,0.353745,0.447093,0.481485,,,,,,,,GLOBAL_BASELINE_NO_ENTITY_RANKING,,,NOT_APPLICABLE_GLOBAL_BASELINE,HF9g-P5,,,,X 全窗基线 · 不参与实体赏罚,3921047,393,A168_HF9F_20260827_0900,2026-08-27 09:00:00
2026-06-22,122522560,2276,0,15.4293208527,0E-10,0E-10,,1,1,0.49324550000000000,0.493245500000,,,,0E-17,NO_DECISIVE_ROUND,R03b_20260811_FULL_v1,L1_ELIGIBILITY,v2026-08-11,2026-03-21..2026-08-06,baccarat_bet02_101_all_pairs_incl_sentinel,round_win = game_pnl > 0 (decisive only),COMPATIBILITY_ONLY_NOT_PRODUCTION,1121.5445,964.6601,-62.3968,65,65,0.05563474,0.10494065,0.04731029,0.05563474,62.3968,1121.5445,OK,0.0000,-2.4959,4.0000,96.0000,AG03-UNRESOLVED,ALL5_LEVELS_bet23_to_bet27,-2.4959,-2.4959,-2.4959,-3.1198,-3.1198,4.000000,4.000000,4.000000,5.000000,5.000000,96.000000,96.000000,96.000000,95.000000,95.000000,5.0,-13.7273,-12.5746,-48.6695,-49.8223,PENDING_AG03,FALSE,NOT_FOR_ENFORCEMENT,-59.9010,926.0737,-62.3968,-59.9010,-2.4959,-0.05563474,-0.05340935,-2.4959,-59.9010,-0.05340935,-2.4959,-2.4959,-2.4959,-3.1198,-3.1198,-59.9010,-0.05340935,-13.7273,-12.5746,-48.6695,-49.8223,-0.04339510,-0.04442291,-0.00222539,17.2545,14.8409,-0.9600,-7.7996,-1.3276,140.1931,8.1250,7.7144,21.8078,7.7124,10.3271,21.8582,38.5733,51.4311,64.2888,10.2862,2.4401,4.980199,6.225248,1.670799,19,32,5,2,0.14444557,-0.05563474,-0.10494065,0E-8,0.000000,0.860118,0.000000,0.05763036,2026-05-21,2026-07-31,8,47,40,72,0.111111,0.353745,0.447093,0.481485,,,,,,,,GLOBAL_BASELINE_NO_ENTITY_RANKING,,,NOT_APPLICABLE_GLOBAL_BASELINE,HF9g-P5,,,,X 全窗基线 · 不参与实体赏罚,3921048,393,A168_HF9F_20260827_0900,2026-08-27 09:00:00
2026-06-22,122522560,595,0,30.8586417055,29.3157096202,29.3157096202,1.0000000,1,1,0.50665070000000000,0.506650700000,0.9867858985152569,0.9867858985152569,0.9867858985152569,0E-17,ELIGIBLE,R03b_20260811_FULL_v1,L1_ELIGIBILITY,v2026-08-11,2026-03-21..2026-08-06,baccarat_bet02_101_all_pairs_incl_sentinel,round_win = game_pnl > 0 (decisive only),COMPATIBILITY_ONLY_NOT_PRODUCTION,1121.5445,964.6601,-62.3968,65,65,0.05563474,0.10494065,0.04731029,0.05563474,62.3968,1121.5445,OK,0.0000,-2.4959,4.0000,96.0000,AG03-UNRESOLVED,ALL5_LEVELS_bet23_to_bet27,-2.4959,-2.4959,-2.4959,-3.1198,-3.1198,4.000000,4.000000,4.000000,5.000000,5.000000,96.000000,96.000000,96.000000,95.000000,95.000000,5.0,-13.7273,-12.5746,-48.6695,-49.8223,PENDING_AG03,FALSE,NOT_FOR_ENFORCEMENT,-59.9010,926.0737,-62.3968,-59.9010,-2.4959,-0.05563474,-0.05340935,-2.4959,-59.9010,-0.05340935,-2.4959,-2.4959,-2.4959,-3.1198,-3.1198,-59.9010,-0.05340935,-13.7273,-12.5746,-48.6695,-49.8223,-0.04339510,-0.04442291,-0.00222539,17.2545,14.8409,-0.9600,-7.7996,-1.3276,140.1931,8.1250,7.7144,21.8078,7.7124,10.3271,21.8582,38.5733,51.4311,64.2888,10.2862,2.4401,4.980199,6.225248,1.670799,19,32,5,2,0.14444557,-0.05563474,-0.10494065,0E-8,0.000000,0.860118,0.000000,0.05763036,2026-05-21,2026-07-31,8,47,40,72,0.111111,0.353745,0.447093,0.481485,,,,,,,,GLOBAL_BASELINE_NO_ENTITY_RANKING,,,NOT_APPLICABLE_GLOBAL_BASELINE,HF9g-P5,,,,X 全窗基线 · 不参与实体赏罚,3921049,393,A168_HF9F_20260827_0900,2026-08-27 09:00:00
2026-06-22,122522560,925,0,15.4293208527,14.6578548101,14.6578548101,1.0000000,1,1,0.50665070000000000,0.506650700000,0.9867858985152569,0.9867858985152569,0.9867858985152569,0E-17,ELIGIBLE,R03b_20260811_FULL_v1,L1_ELIGIBILITY,v2026-08-11,2026-03-21..2026-08-06,baccarat_bet02_101_all_pairs_incl_sentinel,round_win = game_pnl > 0 (decisive only),COMPATIBILITY_ONLY_NOT_PRODUCTION,1121.5445,964.6601,-62.3968,65,65,0.05563474,0.10494065,0.04731029,0.05563474,62.3968,1121.5445,OK,0.0000,-2.4959,4.0000,96.0000,AG03-UNRESOLVED,ALL5_LEVELS_bet23_to_bet27,-2.4959,-2.4959,-2.4959,-3.1198,-3.1198,4.000000,4.000000,4.000000,5.000000,5.000000,96.000000,96.000000,96.000000,95.000000,95.000000,5.0,-13.7273,-12.5746,-48.6695,-49.8223,PENDING_AG03,FALSE,NOT_FOR_ENFORCEMENT,-59.9010,926.0737,-62.3968,-59.9010,-2.4959,-0.05563474,-0.05340935,-2.4959,-59.9010,-0.05340935,-2.4959,-2.4959,-2.4959,-3.1198,-3.1198,-59.9010,-0.05340935,-13.7273,-12.5746,-48.6695,-49.8223,-0.04339510,-0.04442291,-0.00222539,17.2545,14.8409,-0.9600,-7.7996,-1.3276,140.1931,8.1250,7.7144,21.8078,7.7124,10.3271,21.8582,38.5733,51.4311,64.2888,10.2862,2.4401,4.980199,6.225248,1.670799,19,32,5,2,0.14444557,-0.05563474,-0.10494065,0E-8,0.000000,0.860118,0.000000,0.05763036,2026-05-21,2026-07-31,8,47,40,72,0.111111,0.353745,0.447093,0.481485,,,,,,,,GLOBAL_BASELINE_NO_ENTITY_RANKING,,,NOT_APPLICABLE_GLOBAL_BASELINE,HF9g-P5,,,,X 全窗基线 · 不参与实体赏罚,3921050,393,A168_HF9F_20260827_0900,2026-08-27 09:00:00
2026-06-23,122522560,2169,0,18.0008743282,-18.0008743282,-18.0008743282,0E-7,1,1,0.50665070000000000,0.506650700000,-1.013391052207602,-1.013391052207602,-1.013391052207602,0E-17,ELIGIBLE,R03b_20260811_FULL_v1,L1_ELIGIBILITY,v2026-08-11,2026-03-21..2026-08-06,baccarat_bet02_101_all_pairs_incl_sentinel,round_win = game_pnl > 0 (decisive only),COMPATIBILITY_ONLY_NOT_PRODUCTION,1121.5445,964.6601,-62.3968,65,65,0.05563474,0.10494065,0.04731029,0.05563474,62.3968,1121.5445,OK,0.0000,-2.4959,4.0000,96.0000,AG03-UNRESOLVED,ALL5_LEVELS_bet23_to_bet27,-2.4959,-2.4959,-2.4959,-3.1198,-3.1198,4.000000,4.000000,4.000000,5.000000,5.000000,96.000000,96.000000,96.000000,95.000000,95.000000,5.0,-13.7273,-12.5746,-48.6695,-49.8223,PENDING_AG03,FALSE,NOT_FOR_ENFORCEMENT,-59.9010,926.0737,-62.3968,-59.9010,-2.4959,-0.05563474,-0.05340935,-2.4959,-59.9010,-0.05340935,-2.4959,-2.4959,-2.4959,-3.1198,-3.1198,-59.9010,-0.05340935,-13.7273,-12.5746,-48.6695,-49.8223,-0.04339510,-0.04442291,-0.00222539,17.2545,14.8409,-0.9600,-7.7996,-1.3276,140.1931,8.1250,7.7144,21.8078,7.7124,10.3271,21.8582,38.5733,51.4311,64.2888,10.2862,2.4401,4.980199,6.225248,1.670799,19,32,5,2,0.14444557,-0.05563474,-0.10494065,0E-8,0.000000,0.860118,0.000000,0.05763036,2026-05-21,2026-07-31,8,47,40,72,0.111111,0.353745,0.447093,0.481485,,,,,,,,GLOBAL_BASELINE_NO_ENTITY_RANKING,,,NOT_APPLICABLE_GLOBAL_BASELINE,HF9g-P5,,,,X 全窗基线 · 不参与实体赏罚,3921051,393,A168_HF9F_20260827_0900,2026-08-27 09:00:00
2026-06-24,122522560,-1,1,28.2870882300,-3.2144418443,-3.2144418443,0.5000000,2,2,0.50665070000000000,0.506650700000,-0.018812684590367487,-0.018812684590367487,-0.018812684590367487,0E-17,SENTINEL_DEALER,R03b_20260811_FULL_v1,L1_ELIGIBILITY,v2026-08-11,2026-03-21..2026-08-06,baccarat_bet02_101_all_pairs_incl_sentinel,round_win = game_pnl > 0 (decisive only),COMPATIBILITY_ONLY_NOT_PRODUCTION,1121.5445,964.6601,-62.3968,65,65,0.05563474,0.10494065,0.04731029,0.05563474,62.3968,1121.5445,OK,0.0000,-2.4959,4.0000,96.0000,AG03-UNRESOLVED,ALL5_LEVELS_bet23_to_bet27,-2.4959,-2.4959,-2.4959,-3.1198,-3.1198,4.000000,4.000000,4.000000,5.000000,5.000000,96.000000,96.000000,96.000000,95.000000,95.000000,5.0,-13.7273,-12.5746,-48.6695,-49.8223,PENDING_AG03,FALSE,NOT_FOR_ENFORCEMENT,-59.9010,926.0737,-62.3968,-59.9010,-2.4959,-0.05563474,-0.05340935,-2.4959,-59.9010,-0.05340935,-2.4959,-2.4959,-2.4959,-3.1198,-3.1198,-59.9010,-0.05340935,-13.7273,-12.5746,-48.6695,-49.8223,-0.04339510,-0.04442291,-0.00222539,17.2545,14.8409,-0.9600,-7.7996,-1.3276,140.1931,8.1250,7.7144,21.8078,7.7124,10.3271,21.8582,38.5733,51.4311,64.2888,10.2862,2.4401,4.980199,6.225248,1.670799,19,32,5,2,0.14444557,-0.05563474,-0.10494065,0E-8,0.000000,0.860118,0.000000,0.05763036,2026-05-21,2026-07-31,8,47,40,72,0.111111,0.353745,0.447093,0.481485,,,,,,,,GLOBAL_BASELINE_NO_ENTITY_RANKING,,,NOT_APPLICABLE_GLOBAL_BASELINE,HF9g-P5,,,,X 全窗基线 · 不参与实体赏罚,3921052,393,A168_HF9F_20260827_0900,2026-08-27 09:00:00
2026-06-24,122522560,2174,0,20.5724278036,-20.5724278036,-20.5724278036,0E-7,2,2,0.49994810000000000,0.499948100000,-1.4140667746232096,-1.4140667746232096,-1.4140667746232096,0E-17,ELIGIBLE,R03b_20260811_FULL_v1,L1_ELIGIBILITY,v2026-08-11,2026-03-21..2026-08-06,baccarat_bet02_101_all_pairs_incl_sentinel,round_win = game_pnl > 0 (decisive only),COMPATIBILITY_ONLY_NOT_PRODUCTION,1121.5445,964.6601,-62.3968,65,65,0.05563474,0.10494065,0.04731029,0.05563474,62.3968,1121.5445,OK,0.0000,-2.4959,4.0000,96.0000,AG03-UNRESOLVED,ALL5_LEVELS_bet23_to_bet27,-2.4959,-2.4959,-2.4959,-3.1198,-3.1198,4.000000,4.000000,4.000000,5.000000,5.000000,96.000000,96.000000,96.000000,95.000000,95.000000,5.0,-13.7273,-12.5746,-48.6695,-49.8223,PENDING_AG03,FALSE,NOT_FOR_ENFORCEMENT,-59.9010,926.0737,-62.3968,-59.9010,-2.4959,-0.05563474,-0.05340935,-2.4959,-59.9010,-0.05340935,-2.4959,-2.4959,-2.4959,-3.1198,-3.1198,-59.9010,-0.05340935,-13.7273,-12.5746,-48.6695,-49.8223,-0.04339510,-0.04442291,-0.00222539,17.2545,14.8409,-0.9600,-7.7996,-1.3276,140.1931,8.1250,7.7144,21.8078,7.7124,10.3271,21.8582,38.5733,51.4311,64.2888,10.2862,2.4401,4.980199,6.225248,1.670799,19,32,5,2,0.14444557,-0.05563474,-0.10494065,0E-8,0.000000,0.860118,0.000000,0.05763036,2026-05-21,2026-07-31,8,47,40,72,0.111111,0.353745,0.447093,0.481485,,,,,,,,GLOBAL_BASELINE_NO_ENTITY_RANKING,,,NOT_APPLICABLE_GLOBAL_BASELINE,HF9g-P5,,,,X 全窗基线 · 不参与实体赏罚,3921053,393,A168_HF9F_20260827_0900,2026-08-27 09:00:00
2026-06-24,122522560,471,0,10.2862139018,0E-10,0E-10,,1,1,0.50665070000000000,0.506650700000,,,,0E-17,NO_DECISIVE_ROUND,R03b_20260811_FULL_v1,L1_ELIGIBILITY,v2026-08-11,2026-03-21..2026-08-06,baccarat_bet02_101_all_pairs_incl_sentinel,round_win = game_pnl > 0 (decisive only),COMPATIBILITY_ONLY_NOT_PRODUCTION,1121.5445,964.6601,-62.3968,65,65,0.05563474,0.10494065,0.04731029,0.05563474,62.3968,1121.5445,OK,0.0000,-2.4959,4.0000,96.0000,AG03-UNRESOLVED,ALL5_LEVELS_bet23_to_bet27,-2.4959,-2.4959,-2.4959,-3.1198,-3.1198,4.000000,4.000000,4.000000,5.000000,5.000000,96.000000,96.000000,96.000000,95.000000,95.000000,5.0,-13.7273,-12.5746,-48.6695,-49.8223,PENDING_AG03,FALSE,NOT_FOR_ENFORCEMENT,-59.9010,926.0737,-62.3968,-59.9010,-2.4959,-0.05563474,-0.05340935,-2.4959,-59.9010,-0.05340935,-2.4959,-2.4959,-2.4959,-3.1198,-3.1198,-59.9010,-0.05340935,-13.7273,-12.5746,-48.6695,-49.8223,-0.04339510,-0.04442291,-0.00222539,17.2545,14.8409,-0.9600,-7.7996,-1.3276,140.1931,8.1250,7.7144,21.8078,7.7124,10.3271,21.8582,38.5733,51.4311,64.2888,10.2862,2.4401,4.980199,6.225248,1.670799,19,32,5,2,0.14444557,-0.05563474,-0.10494065,0E-8,0.000000,0.860118,0.000000,0.05763036,2026-05-21,2026-07-31,8,47,40,72,0.111111,0.353745,0.447093,0.481485,,,,,,,,GLOBAL_BASELINE_NO_ENTITY_RANKING,,,NOT_APPLICABLE_GLOBAL_BASELINE,HF9g-P5,,,,X 全窗基线 · 不参与实体赏罚,3921054,393,A168_HF9F_20260827_0900,2026-08-27 09:00:00
2026-06-24,122522560,550,0,5.1431069509,4.8859516034,4.8859516034,1.0000000,1,1,0.50665070000000000,0.506650700000,0.9867858985152569,0.9867858985152569,0.9867858985152569,0E-17,ELIGIBLE,R03b_20260811_FULL_v1,L1_ELIGIBILITY,v2026-08-11,2026-03-21..2026-08-06,baccarat_bet02_101_all_pairs_incl_sentinel,round_win = game_pnl > 0 (decisive only),COMPATIBILITY_ONLY_NOT_PRODUCTION,1121.5445,964.6601,-62.3968,65,65,0.05563474,0.10494065,0.04731029,0.05563474,62.3968,1121.5445,OK,0.0000,-2.4959,4.0000,96.0000,AG03-UNRESOLVED,ALL5_LEVELS_bet23_to_bet27,-2.4959,-2.4959,-2.4959,-3.1198,-3.1198,4.000000,4.000000,4.000000,5.000000,5.000000,96.000000,96.000000,96.000000,95.000000,95.000000,5.0,-13.7273,-12.5746,-48.6695,-49.8223,PENDING_AG03,FALSE,NOT_FOR_ENFORCEMENT,-59.9010,926.0737,-62.3968,-59.9010,-2.4959,-0.05563474,-0.05340935,-2.4959,-59.9010,-0.05340935,-2.4959,-2.4959,-2.4959,-3.1198,-3.1198,-59.9010,-0.05340935,-13.7273,-12.5746,-48.6695,-49.8223,-0.04339510,-0.04442291,-0.00222539,17.2545,14.8409,-0.9600,-7.7996,-1.3276,140.1931,8.1250,7.7144,21.8078,7.7124,10.3271,21.8582,38.5733,51.4311,64.2888,10.2862,2.4401,4.980199,6.225248,1.670799,19,32,5,2,0.14444557,-0.05563474,-0.10494065,0E-8,0.000000,0.860118,0.000000,0.05763036,2026-05-21,2026-07-31,8,47,40,72,0.111111,0.353745,0.447093,0.481485,,,,,,,,GLOBAL_BASELINE_NO_ENTITY_RANKING,,,NOT_APPLICABLE_GLOBAL_BASELINE,HF9g-P5,,,,X 全窗基线 · 不参与实体赏罚,3921055,393,A168_HF9F_20260827_0900,2026-08-27 09:00:00
2026-07-07,122522560,2287,0,5.1635556244,5.1635556244,5.1635556244,1.0000000,1,1,0.49324550000000000,0.493245500000,1.01360149184955,1.01360149184955,1.01360149184955,0E-17,ELIGIBLE,R03b_20260811_FULL_v1,L1_ELIGIBILITY,v2026-08-11,2026-03-21..2026-08-06,baccarat_bet02_101_all_pairs_incl_sentinel,round_win = game_pnl > 0 (decisive only),COMPATIBILITY_ONLY_NOT_PRODUCTION,1121.5445,964.6601,-62.3968,65,65,0.05563474,0.10494065,0.04731029,0.05563474,62.3968,1121.5445,OK,0.0000,-2.4959,4.0000,96.0000,AG03-UNRESOLVED,ALL5_LEVELS_bet23_to_bet27,-2.4959,-2.4959,-2.4959,-3.1198,-3.1198,4.000000,4.000000,4.000000,5.000000,5.000000,96.000000,96.000000,96.000000,95.000000,95.000000,5.0,-13.7273,-12.5746,-48.6695,-49.8223,PENDING_AG03,FALSE,NOT_FOR_ENFORCEMENT,-59.9010,926.0737,-62.3968,-59.9010,-2.4959,-0.05563474,-0.05340935,-2.4959,-59.9010,-0.05340935,-2.4959,-2.4959,-2.4959,-3.1198,-3.1198,-59.9010,-0.05340935,-13.7273,-12.5746,-48.6695,-49.8223,-0.04339510,-0.04442291,-0.00222539,17.2545,14.8409,-0.9600,-7.7996,-1.3276,140.1931,8.1250,7.7144,21.8078,7.7124,10.3271,21.8582,38.5733,51.4311,64.2888,10.2862,2.4401,4.980199,6.225248,1.670799,19,32,5,2,0.14444557,-0.05563474,-0.10494065,0E-8,0.000000,0.860118,0.000000,0.05763036,2026-05-21,2026-07-31,8,47,40,72,0.111111,0.353745,0.447093,0.481485,,,,,,,,GLOBAL_BASELINE_NO_ENTITY_RANKING,,,NOT_APPLICABLE_GLOBAL_BASELINE,HF9g-P5,,,,X 全窗基线 · 不参与实体赏罚,3921056,393,A168_HF9F_20260827_0900,2026-08-27 09:00:00
2026-07-07,122522560,595,0,25.8177781220,-25.8177781220,-25.8177781220,0E-7,1,1,0.50665070000000000,0.506650700000,-1.013391052207602,-1.013391052207602,-1.013391052207602,0E-17,ELIGIBLE,R03b_20260811_FULL_v1,L1_ELIGIBILITY,v2026-08-11,2026-03-21..2026-08-06,baccarat_bet02_101_all_pairs_incl_sentinel,round_win = game_pnl > 0 (decisive only),COMPATIBILITY_ONLY_NOT_PRODUCTION,1121.5445,964.6601,-62.3968,65,65,0.05563474,0.10494065,0.04731029,0.05563474,62.3968,1121.5445,OK,0.0000,-2.4959,4.0000,96.0000,AG03-UNRESOLVED,ALL5_LEVELS_bet23_to_bet27,-2.4959,-2.4959,-2.4959,-3.1198,-3.1198,4.000000,4.000000,4.000000,5.000000,5.000000,96.000000,96.000000,96.000000,95.000000,95.000000,5.0,-13.7273,-12.5746,-48.6695,-49.8223,PENDING_AG03,FALSE,NOT_FOR_ENFORCEMENT,-59.9010,926.0737,-62.3968,-59.9010,-2.4959,-0.05563474,-0.05340935,-2.4959,-59.9010,-0.05340935,-2.4959,-2.4959,-2.4959,-3.1198,-3.1198,-59.9010,-0.05340935,-13.7273,-12.5746,-48.6695,-49.8223,-0.04339510,-0.04442291,-0.00222539,17.2545,14.8409,-0.9600,-7.7996,-1.3276,140.1931,8.1250,7.7144,21.8078,7.7124,10.3271,21.8582,38.5733,51.4311,64.2888,10.2862,2.4401,4.980199,6.225248,1.670799,19,32,5,2,0.14444557,-0.05563474,-0.10494065,0E-8,0.000000,0.860118,0.000000,0.05763036,2026-05-21,2026-07-31,8,47,40,72,0.111111,0.353745,0.447093,0.481485,,,,,,,,GLOBAL_BASELINE_NO_ENTITY_RANKING,,,NOT_APPLICABLE_GLOBAL_BASELINE,HF9g-P5,,,,X 全窗基线 · 不参与实体赏罚,3921057,393,A168_HF9F_20260827_0900,2026-08-27 09:00:00
2026-07-31,122522560,-1,1,28.2536665554,12.0720211646,12.0720211646,0.8000000,5,5,0.49860758000000000,0.498607580000,1.3478731046594083,1.3478731046594083,1.3478731046594083,0E-17,SENTINEL_DEALER,R03b_20260811_FULL_v1,L1_ELIGIBILITY,v2026-08-11,2026-03-21..2026-08-06,baccarat_bet02_101_all_pairs_incl_sentinel,round_win = game_pnl > 0 (decisive only),COMPATIBILITY_ONLY_NOT_PRODUCTION,1121.5445,964.6601,-62.3968,65,65,0.05563474,0.10494065,0.04731029,0.05563474,62.3968,1121.5445,OK,0.0000,-2.4959,4.0000,96.0000,AG03-UNRESOLVED,ALL5_LEVELS_bet23_to_bet27,-2.4959,-2.4959,-2.4959,-3.1198,-3.1198,4.000000,4.000000,4.000000,5.000000,5.000000,96.000000,96.000000,96.000000,95.000000,95.000000,5.0,-13.7273,-12.5746,-48.6695,-49.8223,PENDING_AG03,FALSE,NOT_FOR_ENFORCEMENT,-59.9010,926.0737,-62.3968,-59.9010,-2.4959,-0.05563474,-0.05340935,-2.4959,-59.9010,-0.05340935,-2.4959,-2.4959,-2.4959,-3.1198,-3.1198,-59.9010,-0.05340935,-13.7273,-12.5746,-48.6695,-49.8223,-0.04339510,-0.04442291,-0.00222539,17.2545,14.8409,-0.9600,-7.7996,-1.3276,140.1931,8.1250,7.7144,21.8078,7.7124,10.3271,21.8582,38.5733,51.4311,64.2888,10.2862,2.4401,4.980199,6.225248,1.670799,19,32,5,2,0.14444557,-0.05563474,-0.10494065,0E-8,0.000000,0.860118,0.000000,0.05763036,2026-05-21,2026-07-31,8,47,40,72,0.111111,0.353745,0.447093,0.481485,,,,,,,,GLOBAL_BASELINE_NO_ENTITY_RANKING,,,NOT_APPLICABLE_GLOBAL_BASELINE,HF9g-P5,,,,X 全窗基线 · 不参与实体赏罚,3921058,393,A168_HF9F_20260827_0900,2026-08-27 09:00:00
2026-07-31,122522560,1331,0,7.7453334366,-7.7453334366,-7.7453334366,0E-7,1,1,0.50665070000000000,0.506650700000,-1.013391052207602,-1.013391052207602,-1.013391052207602,0E-17,ELIGIBLE,R03b_20260811_FULL_v1,L1_ELIGIBILITY,v2026-08-11,2026-03-21..2026-08-06,baccarat_bet02_101_all_pairs_incl_sentinel,round_win = game_pnl > 0 (decisive only),COMPATIBILITY_ONLY_NOT_PRODUCTION,1121.5445,964.6601,-62.3968,65,65,0.05563474,0.10494065,0.04731029,0.05563474,62.3968,1121.5445,OK,0.0000,-2.4959,4.0000,96.0000,AG03-UNRESOLVED,ALL5_LEVELS_bet23_to_bet27,-2.4959,-2.4959,-2.4959,-3.1198,-3.1198,4.000000,4.000000,4.000000,5.000000,5.000000,96.000000,96.000000,96.000000,95.000000,95.000000,5.0,-13.7273,-12.5746,-48.6695,-49.8223,PENDING_AG03,FALSE,NOT_FOR_ENFORCEMENT,-59.9010,926.0737,-62.3968,-59.9010,-2.4959,-0.05563474,-0.05340935,-2.4959,-59.9010,-0.05340935,-2.4959,-2.4959,-2.4959,-3.1198,-3.1198,-59.9010,-0.05340935,-13.7273,-12.5746,-48.6695,-49.8223,-0.04339510,-0.04442291,-0.00222539,17.2545,14.8409,-0.9600,-7.7996,-1.3276,140.1931,8.1250,7.7144,21.8078,7.7124,10.3271,21.8582,38.5733,51.4311,64.2888,10.2862,2.4401,4.980199,6.225248,1.670799,19,32,5,2,0.14444557,-0.05563474,-0.10494065,0E-8,0.000000,0.860118,0.000000,0.05763036,2026-05-21,2026-07-31,8,47,40,72,0.111111,0.353745,0.447093,0.481485,,,,,,,,GLOBAL_BASELINE_NO_ENTITY_RANKING,,,NOT_APPLICABLE_GLOBAL_BASELINE,HF9g-P5,,,,X 全窗基线 · 不参与实体赏罚,3921059,393,A168_HF9F_20260827_0900,2026-08-27 09:00:00
2026-07-31,122522560,1384,0,15.4906668732,4.9053778432,4.9053778432,1.0000000,2,2,0.50665070000000000,0.506650700000,0.9867858985152569,0.9867858985152569,0.9867858985152569,0E-17,ELIGIBLE,R03b_20260811_FULL_v1,L1_ELIGIBILITY,v2026-08-11,2026-03-21..2026-08-06,baccarat_bet02_101_all_pairs_incl_sentinel,round_win = game_pnl > 0 (decisive only),COMPATIBILITY_ONLY_NOT_PRODUCTION,1121.5445,964.6601,-62.3968,65,65,0.05563474,0.10494065,0.04731029,0.05563474,62.3968,1121.5445,OK,0.0000,-2.4959,4.0000,96.0000,AG03-UNRESOLVED,ALL5_LEVELS_bet23_to_bet27,-2.4959,-2.4959,-2.4959,-3.1198,-3.1198,4.000000,4.000000,4.000000,5.000000,5.000000,96.000000,96.000000,96.000000,95.000000,95.000000,5.0,-13.7273,-12.5746,-48.6695,-49.8223,PENDING_AG03,FALSE,NOT_FOR_ENFORCEMENT,-59.9010,926.0737,-62.3968,-59.9010,-2.4959,-0.05563474,-0.05340935,-2.4959,-59.9010,-0.05340935,-2.4959,-2.4959,-2.4959,-3.1198,-3.1198,-59.9010,-0.05340935,-13.7273,-12.5746,-48.6695,-49.8223,-0.04339510,-0.04442291,-0.00222539,17.2545,14.8409,-0.9600,-7.7996,-1.3276,140.1931,8.1250,7.7144,21.8078,7.7124,10.3271,21.8582,38.5733,51.4311,64.2888,10.2862,2.4401,4.980199,6.225248,1.670799,19,32,5,2,0.14444557,-0.05563474,-0.10494065,0E-8,0.000000,0.860118,0.000000,0.05763036,2026-05-21,2026-07-31,8,47,40,72,0.111111,0.353745,0.447093,0.481485,,,,,,,,GLOBAL_BASELINE_NO_ENTITY_RANKING,,,NOT_APPLICABLE_GLOBAL_BASELINE,HF9g-P5,,,,X 全窗基线 · 不参与实体赏罚,3921060,393,A168_HF9F_20260827_0900,2026-08-27 09:00:00
2026-07-31,122522560,1396,0,2.5685151414,2.4400893843,2.4400893843,1.0000000,1,1,0.50665070000000000,0.506650700000,0.9867858985152569,0.9867858985152569,0.9867858985152569,0E-17,ELIGIBLE,R03b_20260811_FULL_v1,L1_ELIGIBILITY,v2026-08-11,2026-03-21..2026-08-06,baccarat_bet02_101_all_pairs_incl_sentinel,round_win = game_pnl > 0 (decisive only),COMPATIBILITY_ONLY_NOT_PRODUCTION,1121.5445,964.6601,-62.3968,65,65,0.05563474,0.10494065,0.04731029,0.05563474,62.3968,1121.5445,OK,0.0000,-2.4959,4.0000,96.0000,AG03-UNRESOLVED,ALL5_LEVELS_bet23_to_bet27,-2.4959,-2.4959,-2.4959,-3.1198,-3.1198,4.000000,4.000000,4.000000,5.000000,5.000000,96.000000,96.000000,96.000000,95.000000,95.000000,5.0,-13.7273,-12.5746,-48.6695,-49.8223,PENDING_AG03,FALSE,NOT_FOR_ENFORCEMENT,-59.9010,926.0737,-62.3968,-59.9010,-2.4959,-0.05563474,-0.05340935,-2.4959,-59.9010,-0.05340935,-2.4959,-2.4959,-2.4959,-3.1198,-3.1198,-59.9010,-0.05340935,-13.7273,-12.5746,-48.6695,-49.8223,-0.04339510,-0.04442291,-0.00222539,17.2545,14.8409,-0.9600,-7.7996,-1.3276,140.1931,8.1250,7.7144,21.8078,7.7124,10.3271,21.8582,38.5733,51.4311,64.2888,10.2862,2.4401,4.980199,6.225248,1.670799,19,32,5,2,0.14444557,-0.05563474,-0.10494065,0E-8,0.000000,0.860118,0.000000,0.05763036,2026-05-21,2026-07-31,8,47,40,72,0.111111,0.353745,0.447093,0.481485,,,,,,,,GLOBAL_BASELINE_NO_ENTITY_RANKING,,,NOT_APPLICABLE_GLOBAL_BASELINE,HF9g-P5,,,,X 全窗基线 · 不参与实体赏罚,3921061,393,A168_HF9F_20260827_0900,2026-08-27 09:00:00
2026-07-31,122522560,2123,0,15.4110908484,4.6233272545,4.6233272545,0.5000000,2,2,0.50665070000000000,0.506650700000,-0.018812684590367487,-0.018812684590367487,-0.018812684590367487,0E-17,ELIGIBLE,R03b_20260811_FULL_v1,L1_ELIGIBILITY,v2026-08-11,2026-03-21..2026-08-06,baccarat_bet02_101_all_pairs_incl_sentinel,round_win = game_pnl > 0 (decisive only),COMPATIBILITY_ONLY_NOT_PRODUCTION,1121.5445,964.6601,-62.3968,65,65,0.05563474,0.10494065,0.04731029,0.05563474,62.3968,1121.5445,OK,0.0000,-2.4959,4.0000,96.0000,AG03-UNRESOLVED,ALL5_LEVELS_bet23_to_bet27,-2.4959,-2.4959,-2.4959,-3.1198,-3.1198,4.000000,4.000000,4.000000,5.000000,5.000000,96.000000,96.000000,96.000000,95.000000,95.000000,5.0,-13.7273,-12.5746,-48.6695,-49.8223,PENDING_AG03,FALSE,NOT_FOR_ENFORCEMENT,-59.9010,926.0737,-62.3968,-59.9010,-2.4959,-0.05563474,-0.05340935,-2.4959,-59.9010,-0.05340935,-2.4959,-2.4959,-2.4959,-3.1198,-3.1198,-59.9010,-0.05340935,-13.7273,-12.5746,-48.6695,-49.8223,-0.04339510,-0.04442291,-0.00222539,17.2545,14.8409,-0.9600,-7.7996,-1.3276,140.1931,8.1250,7.7144,21.8078,7.7124,10.3271,21.8582,38.5733,51.4311,64.2888,10.2862,2.4401,4.980199,6.225248,1.670799,19,32,5,2,0.14444557,-0.05563474,-0.10494065,0E-8,0.000000,0.860118,0.000000,0.05763036,2026-05-21,2026-07-31,8,47,40,72,0.111111,0.353745,0.447093,0.481485,,,,,,,,GLOBAL_BASELINE_NO_ENTITY_RANKING,,,NOT_APPLICABLE_GLOBAL_BASELINE,HF9g-P5,,,,X 全窗基线 · 不参与实体赏罚,3921062,393,A168_HF9F_20260827_0900,2026-08-27 09:00:00
2026-07-31,122522560,2218,0,12.8425757070,12.2004469216,12.2004469216,1.0000000,2,2,0.50665070000000000,0.506650700000,1.3955260008387969,1.3955260008387969,1.3955260008387969,0E-17,ELIGIBLE,R03b_20260811_FULL_v1,L1_ELIGIBILITY,v2026-08-11,2026-03-21..2026-08-06,baccarat_bet02_101_all_pairs_incl_sentinel,round_win = game_pnl > 0 (decisive only),COMPATIBILITY_ONLY_NOT_PRODUCTION,1121.5445,964.6601,-62.3968,65,65,0.05563474,0.10494065,0.04731029,0.05563474,62.3968,1121.5445,OK,0.0000,-2.4959,4.0000,96.0000,AG03-UNRESOLVED,ALL5_LEVELS_bet23_to_bet27,-2.4959,-2.4959,-2.4959,-3.1198,-3.1198,4.000000,4.000000,4.000000,5.000000,5.000000,96.000000,96.000000,96.000000,95.000000,95.000000,5.0,-13.7273,-12.5746,-48.6695,-49.8223,PENDING_AG03,FALSE,NOT_FOR_ENFORCEMENT,-59.9010,926.0737,-62.3968,-59.9010,-2.4959,-0.05563474,-0.05340935,-2.4959,-59.9010,-0.05340935,-2.4959,-2.4959,-2.4959,-3.1198,-3.1198,-59.9010,-0.05340935,-13.7273,-12.5746,-48.6695,-49.8223,-0.04339510,-0.04442291,-0.00222539,17.2545,14.8409,-0.9600,-7.7996,-1.3276,140.1931,8.1250,7.7144,21.8078,7.7124,10.3271,21.8582,38.5733,51.4311,64.2888,10.2862,2.4401,4.980199,6.225248,1.670799,19,32,5,2,0.14444557,-0.05563474,-0.10494065,0E-8,0.000000,0.860118,0.000000,0.05763036,2026-05-21,2026-07-31,8,47,40,72,0.111111,0.353745,0.447093,0.481485,,,,,,,,GLOBAL_BASELINE_NO_ENTITY_RANKING,,,NOT_APPLICABLE_GLOBAL_BASELINE,HF9g-P5,,,,X 全窗基线 · 不参与实体赏罚,3921063,393,A168_HF9F_20260827_0900,2026-08-27 09:00:00
2026-07-31,122522560,2235,0,30.8221816968,12.2004469216,12.2004469216,1.0000000,2,2,0.50665070000000000,0.506650700000,0.9867858985152569,0.9867858985152569,0.9867858985152569,0E-17,ELIGIBLE,R03b_20260811_FULL_v1,L1_ELIGIBILITY,v2026-08-11,2026-03-21..2026-08-06,baccarat_bet02_101_all_pairs_incl_sentinel,round_win = game_pnl > 0 (decisive only),COMPATIBILITY_ONLY_NOT_PRODUCTION,1121.5445,964.6601,-62.3968,65,65,0.05563474,0.10494065,0.04731029,0.05563474,62.3968,1121.5445,OK,0.0000,-2.4959,4.0000,96.0000,AG03-UNRESOLVED,ALL5_LEVELS_bet23_to_bet27,-2.4959,-2.4959,-2.4959,-3.1198,-3.1198,4.000000,4.000000,4.000000,5.000000,5.000000,96.000000,96.000000,96.000000,95.000000,95.000000,5.0,-13.7273,-12.5746,-48.6695,-49.8223,PENDING_AG03,FALSE,NOT_FOR_ENFORCEMENT,-59.9010,926.0737,-62.3968,-59.9010,-2.4959,-0.05563474,-0.05340935,-2.4959,-59.9010,-0.05340935,-2.4959,-2.4959,-2.4959,-3.1198,-3.1198,-59.9010,-0.05340935,-13.7273,-12.5746,-48.6695,-49.8223,-0.04339510,-0.04442291,-0.00222539,17.2545,14.8409,-0.9600,-7.7996,-1.3276,140.1931,8.1250,7.7144,21.8078,7.7124,10.3271,21.8582,38.5733,51.4311,64.2888,10.2862,2.4401,4.980199,6.225248,1.670799,19,32,5,2,0.14444557,-0.05563474,-0.10494065,0E-8,0.000000,0.860118,0.000000,0.05763036,2026-05-21,2026-07-31,8,47,40,72,0.111111,0.353745,0.447093,0.481485,,,,,,,,GLOBAL_BASELINE_NO_ENTITY_RANKING,,,NOT_APPLICABLE_GLOBAL_BASELINE,HF9g-P5,,,,X 全窗基线 · 不参与实体赏罚,3921064,393,A168_HF9F_20260827_0900,2026-08-27 09:00:00
2026-07-31,122522560,2248,0,15.4110908484,-15.4110908484,-15.4110908484,0E-7,2,2,0.50665070000000000,0.506650700000,-1.4331513700195317,-1.4331513700195317,-1.4331513700195317,0E-17,ELIGIBLE,R03b_20260811_FULL_v1,L1_ELIGIBILITY,v2026-08-11,2026-03-21..2026-08-06,baccarat_bet02_101_all_pairs_incl_sentinel,round_win = game_pnl > 0 (decisive only),COMPATIBILITY_ONLY_NOT_PRODUCTION,1121.5445,964.6601,-62.3968,65,65,0.05563474,0.10494065,0.04731029,0.05563474,62.3968,1121.5445,OK,0.0000,-2.4959,4.0000,96.0000,AG03-UNRESOLVED,ALL5_LEVELS_bet23_to_bet27,-2.4959,-2.4959,-2.4959,-3.1198,-3.1198,4.000000,4.000000,4.000000,5.000000,5.000000,96.000000,96.000000,96.000000,95.000000,95.000000,5.0,-13.7273,-12.5746,-48.6695,-49.8223,PENDING_AG03,FALSE,NOT_FOR_ENFORCEMENT,-59.9010,926.0737,-62.3968,-59.9010,-2.4959,-0.05563474,-0.05340935,-2.4959,-59.9010,-0.05340935,-2.4959,-2.4959,-2.4959,-3.1198,-3.1198,-59.9010,-0.05340935,-13.7273,-12.5746,-48.6695,-49.8223,-0.04339510,-0.04442291,-0.00222539,17.2545,14.8409,-0.9600,-7.7996,-1.3276,140.1931,8.1250,7.7144,21.8078,7.7124,10.3271,21.8582,38.5733,51.4311,64.2888,10.2862,2.4401,4.980199,6.225248,1.670799,19,32,5,2,0.14444557,-0.05563474,-0.10494065,0E-8,0.000000,0.860118,0.000000,0.05763036,2026-05-21,2026-07-31,8,47,40,72,0.111111,0.353745,0.447093,0.481485,,,,,,,,GLOBAL_BASELINE_NO_ENTITY_RANKING,,,NOT_APPLICABLE_GLOBAL_BASELINE,HF9g-P5,,,,X 全窗基线 · 不参与实体赏罚,3921065,393,A168_HF9F_20260827_0900,2026-08-27 09:00:00
2026-07-31,122522560,2252,0,10.2740605656,-10.2740605656,-10.2740605656,0E-7,1,1,0.50665070000000000,0.506650700000,-1.013391052207602,-1.013391052207602,-1.013391052207602,0E-17,ELIGIBLE,R03b_20260811_FULL_v1,L1_ELIGIBILITY,v2026-08-11,2026-03-21..2026-08-06,baccarat_bet02_101_all_pairs_incl_sentinel,round_win = game_pnl > 0 (decisive only),COMPATIBILITY_ONLY_NOT_PRODUCTION,1121.5445,964.6601,-62.3968,65,65,0.05563474,0.10494065,0.04731029,0.05563474,62.3968,1121.5445,OK,0.0000,-2.4959,4.0000,96.0000,AG03-UNRESOLVED,ALL5_LEVELS_bet23_to_bet27,-2.4959,-2.4959,-2.4959,-3.1198,-3.1198,4.000000,4.000000,4.000000,5.000000,5.000000,96.000000,96.000000,96.000000,95.000000,95.000000,5.0,-13.7273,-12.5746,-48.6695,-49.8223,PENDING_AG03,FALSE,NOT_FOR_ENFORCEMENT,-59.9010,926.0737,-62.3968,-59.9010,-2.4959,-0.05563474,-0.05340935,-2.4959,-59.9010,-0.05340935,-2.4959,-2.4959,-2.4959,-3.1198,-3.1198,-59.9010,-0.05340935,-13.7273,-12.5746,-48.6695,-49.8223,-0.04339510,-0.04442291,-0.00222539,17.2545,14.8409,-0.9600,-7.7996,-1.3276,140.1931,8.1250,7.7144,21.8078,7.7124,10.3271,21.8582,38.5733,51.4311,64.2888,10.2862,2.4401,4.980199,6.225248,1.670799,19,32,5,2,0.14444557,-0.05563474,-0.10494065,0E-8,0.000000,0.860118,0.000000,0.05763036,2026-05-21,2026-07-31,8,47,40,72,0.111111,0.353745,0.447093,0.481485,,,,,,,,GLOBAL_BASELINE_NO_ENTITY_RANKING,,,NOT_APPLICABLE_GLOBAL_BASELINE,HF9g-P5,,,,X 全窗基线 · 不参与实体赏罚,3921066,393,A168_HF9F_20260827_0900,2026-08-27 09:00:00
2026-07-31,122522560,2257,0,10.2740605656,-10.2740605656,-10.2740605656,0E-7,1,1,0.50665070000000000,0.506650700000,-1.013391052207602,-1.013391052207602,-1.013391052207602,0E-17,ELIGIBLE,R03b_20260811_FULL_v1,L1_ELIGIBILITY,v2026-08-11,2026-03-21..2026-08-06,baccarat_bet02_101_all_pairs_incl_sentinel,round_win = game_pnl > 0 (decisive only),COMPATIBILITY_ONLY_NOT_PRODUCTION,1121.5445,964.6601,-62.3968,65,65,0.05563474,0.10494065,0.04731029,0.05563474,62.3968,1121.5445,OK,0.0000,-2.4959,4.0000,96.0000,AG03-UNRESOLVED,ALL5_LEVELS_bet23_to_bet27,-2.4959,-2.4959,-2.4959,-3.1198,-3.1198,4.000000,4.000000,4.000000,5.000000,5.000000,96.000000,96.000000,96.000000,95.000000,95.000000,5.0,-13.7273,-12.5746,-48.6695,-49.8223,PENDING_AG03,FALSE,NOT_FOR_ENFORCEMENT,-59.9010,926.0737,-62.3968,-59.9010,-2.4959,-0.05563474,-0.05340935,-2.4959,-59.9010,-0.05340935,-2.4959,-2.4959,-2.4959,-3.1198,-3.1198,-59.9010,-0.05340935,-13.7273,-12.5746,-48.6695,-49.8223,-0.04339510,-0.04442291,-0.00222539,17.2545,14.8409,-0.9600,-7.7996,-1.3276,140.1931,8.1250,7.7144,21.8078,7.7124,10.3271,21.8582,38.5733,51.4311,64.2888,10.2862,2.4401,4.980199,6.225248,1.670799,19,32,5,2,0.14444557,-0.05563474,-0.10494065,0E-8,0.000000,0.860118,0.000000,0.05763036,2026-05-21,2026-07-31,8,47,40,72,0.111111,0.353745,0.447093,0.481485,,,,,,,,GLOBAL_BASELINE_NO_ENTITY_RANKING,,,NOT_APPLICABLE_GLOBAL_BASELINE,HF9g-P5,,,,X 全窗基线 · 不参与实体赏罚,3921067,393,A168_HF9F_20260827_0900,2026-08-27 09:00:00
2026-07-31,122522560,2258,0,2.5817778122,2.4526889216,2.4526889216,1.0000000,1,1,0.50665070000000000,0.506650700000,0.9867858985152569,0.9867858985152569,0.9867858985152569,0E-17,ELIGIBLE,R03b_20260811_FULL_v1,L1_ELIGIBILITY,v2026-08-11,2026-03-21..2026-08-06,baccarat_bet02_101_all_pairs_incl_sentinel,round_win = game_pnl > 0 (decisive only),COMPATIBILITY_ONLY_NOT_PRODUCTION,1121.5445,964.6601,-62.3968,65,65,0.05563474,0.10494065,0.04731029,0.05563474,62.3968,1121.5445,OK,0.0000,-2.4959,4.0000,96.0000,AG03-UNRESOLVED,ALL5_LEVELS_bet23_to_bet27,-2.4959,-2.4959,-2.4959,-3.1198,-3.1198,4.000000,4.000000,4.000000,5.000000,5.000000,96.000000,96.000000,96.000000,95.000000,95.000000,5.0,-13.7273,-12.5746,-48.6695,-49.8223,PENDING_AG03,FALSE,NOT_FOR_ENFORCEMENT,-59.9010,926.0737,-62.3968,-59.9010,-2.4959,-0.05563474,-0.05340935,-2.4959,-59.9010,-0.05340935,-2.4959,-2.4959,-2.4959,-3.1198,-3.1198,-59.9010,-0.05340935,-13.7273,-12.5746,-48.6695,-49.8223,-0.04339510,-0.04442291,-0.00222539,17.2545,14.8409,-0.9600,-7.7996,-1.3276,140.1931,8.1250,7.7144,21.8078,7.7124,10.3271,21.8582,38.5733,51.4311,64.2888,10.2862,2.4401,4.980199,6.225248,1.670799,19,32,5,2,0.14444557,-0.05563474,-0.10494065,0E-8,0.000000,0.860118,0.000000,0.05763036,2026-05-21,2026-07-31,8,47,40,72,0.111111,0.353745,0.447093,0.481485,,,,,,,,GLOBAL_BASELINE_NO_ENTITY_RANKING,,,NOT_APPLICABLE_GLOBAL_BASELINE,HF9g-P5,,,,X 全窗基线 · 不参与实体赏罚,3921068,393,A168_HF9F_20260827_0900,2026-08-27 09:00:00
2026-07-31,122522560,970,0,10.3271112488,9.8107556864,9.8107556864,1.0000000,1,1,0.50665070000000000,0.506650700000,0.9867858985152569,0.9867858985152569,0.9867858985152569,0E-17,ELIGIBLE,R03b_20260811_FULL_v1,L1_ELIGIBILITY,v2026-08-11,2026-03-21..2026-08-06,baccarat_bet02_101_all_pairs_incl_sentinel,round_win = game_pnl > 0 (decisive only),COMPATIBILITY_ONLY_NOT_PRODUCTION,1121.5445,964.6601,-62.3968,65,65,0.05563474,0.10494065,0.04731029,0.05563474,62.3968,1121.5445,OK,0.0000,-2.4959,4.0000,96.0000,AG03-UNRESOLVED,ALL5_LEVELS_bet23_to_bet27,-2.4959,-2.4959,-2.4959,-3.1198,-3.1198,4.000000,4.000000,4.000000,5.000000,5.000000,96.000000,96.000000,96.000000,95.000000,95.000000,5.0,-13.7273,-12.5746,-48.6695,-49.8223,PENDING_AG03,FALSE,NOT_FOR_ENFORCEMENT,-59.9010,926.0737,-62.3968,-59.9010,-2.4959,-0.05563474,-0.05340935,-2.4959,-59.9010,-0.05340935,-2.4959,-2.4959,-2.4959,-3.1198,-3.1198,-59.9010,-0.05340935,-13.7273,-12.5746,-48.6695,-49.8223,-0.04339510,-0.04442291,-0.00222539,17.2545,14.8409,-0.9600,-7.7996,-1.3276,140.1931,8.1250,7.7144,21.8078,7.7124,10.3271,21.8582,38.5733,51.4311,64.2888,10.2862,2.4401,4.980199,6.225248,1.670799,19,32,5,2,0.14444557,-0.05563474,-0.10494065,0E-8,0.000000,0.860118,0.000000,0.05763036,2026-05-21,2026-07-31,8,47,40,72,0.111111,0.353745,0.447093,0.481485,,,,,,,,GLOBAL_BASELINE_NO_ENTITY_RANKING,,,NOT_APPLICABLE_GLOBAL_BASELINE,HF9g-P5,,,,X 全窗基线 · 不参与实体赏罚,3921069,393,A168_HF9F_20260827_0900,2026-08-27 09:00:00
2026-05-05,148146879,2235,0,108.9720305121,61.7508172901,61.7508172901,0.6666667,4,4,0.49324550000000000,0.493245500000,0.6008033672792107,0.6008033672792106,0.6008033672792107,0E-17,ELIGIBLE,R03b_20260811_FULL_v1,L1_ELIGIBILITY,v2026-08-11,2026-03-21..2026-08-06,baccarat_bet02_101_all_pairs_incl_sentinel,round_win = game_pnl > 0 (decisive only),COMPATIBILITY_ONLY_NOT_PRODUCTION,108.9720,66.9400,-61.7508,4,4,0.56666667,,0.56666667,0.56666667,61.7508,108.9720,THIN_EXPOSURE,0.0000,-1.8525,3.0000,97.0000,AG03-UNRESOLVED,ALL5_LEVELS_bet23_to_bet27,-1.8525,-1.8525,-1.8525,-2.4700,-2.4700,3.000000,3.000000,3.000000,4.000000,4.000000,97.000000,97.000000,97.000000,96.000000,96.000000,5.0,-10.4976,-9.811,-51.2532,-51.9398,PENDING_AG03,FALSE,NOT_FOR_ENFORCEMENT,-59.8983,64.9318,-61.7508,-59.8983,-1.8525,-0.56666667,-0.54966667,-1.8525,-59.8983,-0.54966667,-1.8525,-1.8525,-1.8525,-2.4700,-2.4700,-59.8983,-0.54966667,-10.4976,-9.811,-51.2532,-51.9398,-0.47033333,-0.47663435,-0.01700000,27.2430,16.7350,-15.4377,-61.7508,-61.7508,108.9720,4.0000,,27.2430,12.4539,32.1727,42.0321,42.0321,42.0321,42.0321,12.4539,11.1567,1.306452,1.306452,0.846774,1,1,1,1,0E-8,-0.56666667,,0E-8,0.000000,0.614286,0.000000,,2026-05-05,2026-05-05,1,1,1,1,1.000000,,,0.000000,,,,,,,,GLOBAL_BASELINE_NO_ENTITY_RANKING,,,NOT_APPLICABLE_GLOBAL_BASELINE,HF9g-P5,,,,X 全窗基线 · 不参与实体赏罚,3921070,393,A168_HF9F_20260827_0900,2026-08-27 09:00:00
2026-05-30,150771253,1302,0,36.3240101708,24.9078926885,24.9078926885,0.7500000,4,4,0.50329940000000000,0.503299400000,0.9868238854431842,0.9868238854431842,0.9868238854431842,0E-17,ELIGIBLE,R03b_20260811_FULL_v1,L1_ELIGIBILITY,v2026-08-11,2026-03-21..2026-08-06,baccarat_bet02_101_all_pairs_incl_sentinel,round_win = game_pnl > 0 (decisive only),COMPATIBILITY_ONLY_NOT_PRODUCTION,230.9169,168.6472,-61.7508,19,19,0.26741573,,0.26741573,0.26741573,61.7508,230.9169,THIN_EXPOSURE,0.0000,-1.8525,3.0000,97.0000,AG03-UNRESOLVED,ALL5_LEVELS_bet23_to_bet27,-1.8525,-1.8525,-1.8525,-2.4700,-2.4700,3.000000,3.000000,3.000000,4.000000,4.000000,97.000000,97.000000,97.000000,96.000000,96.000000,5.0,-10.4976,-9.811,-51.2532,-51.9398,PENDING_AG03,FALSE,NOT_FOR_ENFORCEMENT,-59.8983,163.5878,-61.7508,-59.8983,-1.8525,-0.26741573,-0.25939326,-1.8525,-59.8983,-0.25939326,-1.8525,-1.8525,-1.8525,-2.4700,-2.4700,-59.8983,-0.25939326,-10.4976,-9.811,-51.2532,-51.9398,-0.22195506,-0.22492857,-0.00802247,12.1535,8.8762,-3.2500,-61.7508,-30.8754,230.9169,19.0000,,12.1535,7.7837,10.3783,14.9188,18.6809,23.6106,25.9457,10.3783,7.3945,2.275,2.5,1.171053,2,2,1,2,0E-8,-0.26741573,,0E-8,0.000000,0.730337,0.000000,,2026-05-30,2026-05-30,1,2,2,1,1.000000,,,0.000000,,,,,,,,GLOBAL_BASELINE_NO_ENTITY_RANKING,,,NOT_APPLICABLE_GLOBAL_BASELINE,HF9g-P5,,,,X 全窗基线 · 不参与实体赏罚,3921071,393,A168_HF9F_20260827_0900,2026-08-27 09:00:00
2026-05-30,150771253,1935,0,194.5929116291,36.8429246016,36.8429246016,0.5833333,15,15,0.49950126000000000,0.499501260000,0.5808059302099435,0.5808059302099435,0.5808059302099435,0E-17,ELIGIBLE,R03b_20260811_FULL_v1,L1_ELIGIBILITY,v2026-08-11,2026-03-21..2026-08-06,baccarat_bet02_101_all_pairs_incl_sentinel,round_win = game_pnl > 0 (decisive only),COMPATIBILITY_ONLY_NOT_PRODUCTION,230.9169,168.6472,-61.7508,19,19,0.26741573,,0.26741573,0.26741573,61.7508,230.9169,THIN_EXPOSURE,0.0000,-1.8525,3.0000,97.0000,AG03-UNRESOLVED,ALL5_LEVELS_bet23_to_bet27,-1.8525,-1.8525,-1.8525,-2.4700,-2.4700,3.000000,3.000000,3.000000,4.000000,4.000000,97.000000,97.000000,97.000000,96.000000,96.000000,5.0,-10.4976,-9.811,-51.2532,-51.9398,PENDING_AG03,FALSE,NOT_FOR_ENFORCEMENT,-59.8983,163.5878,-61.7508,-59.8983,-1.8525,-0.26741573,-0.25939326,-1.8525,-59.8983,-0.25939326,-1.8525,-1.8525,-1.8525,-2.4700,-2.4700,-59.8983,-0.25939326,-10.4976,-9.811,-51.2532,-51.9398,-0.22195506,-0.22492857,-0.00802247,12.1535,8.8762,-3.2500,-61.7508,-30.8754,230.9169,19.0000,,12.1535,7.7837,10.3783,14.9188,18.6809,23.6106,25.9457,10.3783,7.3945,2.275,2.5,1.171053,2,2,1,2,0E-8,-0.26741573,,0E-8,0.000000,0.730337,0.000000,,2026-05-30,2026-05-30,1,2,2,1,1.000000,,,0.000000,,,,,,,,GLOBAL_BASELINE_NO_ENTITY_RANKING,,,NOT_APPLICABLE_GLOBAL_BASELINE,HF9g-P5,,,,X 全窗基线 · 不参与实体赏罚,3921072,393,A168_HF9F_20260827_0900,2026-08-27 09:00:00
2026-05-12,149920349,-1,1,409.9424004979,-20.7565772404,-20.7565772404,0.4722222,79,79,0.49324550000000000,0.493245500000,-0.35680941381659226,-0.35680941381659226,-0.35680941381659226,0E-17,SENTINEL_DEALER,R03b_20260811_FULL_v1,L1_ELIGIBILITY,v2026-08-11,2026-03-21..2026-08-06,baccarat_bet02_101_all_pairs_incl_sentinel,round_win = game_pnl > 0 (decisive only),COMPATIBILITY_ONLY_NOT_PRODUCTION,1276.5295,1151.9900,-61.7508,232,230,0.04837398,,0.04837398,0.04837398,61.7508,1276.5295,OK,0.0000,-1.8525,3.0000,97.0000,AG03-UNRESOLVED,ALL5_LEVELS_bet23_to_bet27,-1.8525,-1.8525,-1.8525,-2.4700,-2.4700,3.000000,3.000000,3.000000,4.000000,4.000000,97.000000,97.000000,97.000000,96.000000,96.000000,5.0,-10.4976,-9.811,-51.2532,-51.9398,PENDING_AG03,FALSE,NOT_FOR_ENFORCEMENT,-59.8983,1117.4303,-61.7508,-59.8983,-1.8525,-0.04837398,-0.04692276,-1.8525,-59.8983,-0.04692276,-1.8525,-1.8525,-1.8525,-2.4700,-2.4700,-59.8983,-0.04692276,-10.4976,-9.811,-51.2532,-51.9398,-0.04015041,-0.0406883,-0.00145122,5.5023,5.0087,-0.2685,-61.7508,-1.9920,1276.5295,230.0000,,5.5023,5.1891,5.1891,5.1891,5.1891,9.8593,10.3783,5.1891,0.0,1.899994,2.0,1.060345,29,29,1,4,0E-8,-0.04837398,,0E-8,0.000000,0.902439,0.000000,,2026-05-12,2026-05-12,1,31,29,1,1.000000,,,0.000000,,,,,,,,GLOBAL_BASELINE_NO_ENTITY_RANKING,,,NOT_APPLICABLE_GLOBAL_BASELINE,HF9g-P5,,,,X 全窗基线 · 不参与实体赏罚,3921073,393,A168_HF9F_20260827_0900,2026-08-27 09:00:00
2026-05-12,149920349,1205,0,46.7022987909,-5.4486015256,-5.4486015256,0.4285714,8,7,0.49643721428571429,0.496118042857,-0.3591211001414728,-0.35743385953472706,-0.3591211001414728,0.00031917142871429,ELIGIBLE,R03b_20260811_FULL_v1,L1_ELIGIBILITY,v2026-08-11,2026-03-21..2026-08-06,baccarat_bet02_101_all_pairs_incl_sentinel,round_win = game_pnl > 0 (decisive only),COMPATIBILITY_ONLY_NOT_PRODUCTION,1276.5295,1151.9900,-61.7508,232,230,0.04837398,,0.04837398,0.04837398,61.7508,1276.5295,OK,0.0000,-1.8525,3.0000,97.0000,AG03-UNRESOLVED,ALL5_LEVELS_bet23_to_bet27,-1.8525,-1.8525,-1.8525,-2.4700,-2.4700,3.000000,3.000000,3.000000,4.000000,4.000000,97.000000,97.000000,97.000000,96.000000,96.000000,5.0,-10.4976,-9.811,-51.2532,-51.9398,PENDING_AG03,FALSE,NOT_FOR_ENFORCEMENT,-59.8983,1117.4303,-61.7508,-59.8983,-1.8525,-0.04837398,-0.04692276,-1.8525,-59.8983,-0.04692276,-1.8525,-1.8525,-1.8525,-2.4700,-2.4700,-59.8983,-0.04692276,-10.4976,-9.811,-51.2532,-51.9398,-0.04015041,-0.0406883,-0.00145122,5.5023,5.0087,-0.2685,-61.7508,-1.9920,1276.5295,230.0000,,5.5023,5.1891,5.1891,5.1891,5.1891,9.8593,10.3783,5.1891,0.0,1.899994,2.0,1.060345,29,29,1,4,0E-8,-0.04837398,,0E-8,0.000000,0.902439,0.000000,,2026-05-12,2026-05-12,1,31,29,1,1.000000,,,0.000000,,,,,,,,GLOBAL_BASELINE_NO_ENTITY_RANKING,,,NOT_APPLICABLE_GLOBAL_BASELINE,HF9g-P5,,,,X 全窗基线 · 不参与实体赏罚,3921074,393,A168_HF9F_20260827_0900,2026-08-27 09:00:00
2026-05-12,149920349,1304,0,51.8914431010,15.5674329303,15.5674329303,0.7142857,10,10,0.49324550000000000,0.493245500000,1.169741613234378,1.1697416132343783,1.169741613234378,0E-17,ELIGIBLE,R03b_20260811_FULL_v1,L1_ELIGIBILITY,v2026-08-11,2026-03-21..2026-08-06,baccarat_bet02_101_all_pairs_incl_sentinel,round_win = game_pnl > 0 (decisive only),COMPATIBILITY_ONLY_NOT_PRODUCTION,1276.5295,1151.9900,-61.7508,232,230,0.04837398,,0.04837398,0.04837398,61.7508,1276.5295,OK,0.0000,-1.8525,3.0000,97.0000,AG03-UNRESOLVED,ALL5_LEVELS_bet23_to_bet27,-1.8525,-1.8525,-1.8525,-2.4700,-2.4700,3.000000,3.000000,3.000000,4.000000,4.000000,97.000000,97.000000,97.000000,96.000000,96.000000,5.0,-10.4976,-9.811,-51.2532,-51.9398,PENDING_AG03,FALSE,NOT_FOR_ENFORCEMENT,-59.8983,1117.4303,-61.7508,-59.8983,-1.8525,-0.04837398,-0.04692276,-1.8525,-59.8983,-0.04692276,-1.8525,-1.8525,-1.8525,-2.4700,-2.4700,-59.8983,-0.04692276,-10.4976,-9.811,-51.2532,-51.9398,-0.04015041,-0.0406883,-0.00145122,5.5023,5.0087,-0.2685,-61.7508,-1.9920,1276.5295,230.0000,,5.5023,5.1891,5.1891,5.1891,5.1891,9.8593,10.3783,5.1891,0.0,1.899994,2.0,1.060345,29,29,1,4,0E-8,-0.04837398,,0E-8,0.000000,0.902439,0.000000,,2026-05-12,2026-05-12,1,31,29,1,1.000000,,,0.000000,,,,,,,,GLOBAL_BASELINE_NO_ENTITY_RANKING,,,NOT_APPLICABLE_GLOBAL_BASELINE,HF9g-P5,,,,X 全窗基线 · 不参与实体赏罚,3921075,393,A168_HF9F_20260827_0900,2026-08-27 09:00:00
2026-05-12,149920349,1384,0,41.5131544808,-5.1891443101,-5.1891443101,0.4285714,8,8,0.49324550000000000,0.493245500000,-0.3422542494892156,-0.3422542494892157,-0.3422542494892156,0E-17,ELIGIBLE,R03b_20260811_FULL_v1,L1_ELIGIBILITY,v2026-08-11,2026-03-21..2026-08-06,baccarat_bet02_101_all_pairs_incl_sentinel,round_win = game_pnl > 0 (decisive only),COMPATIBILITY_ONLY_NOT_PRODUCTION,1276.5295,1151.9900,-61.7508,232,230,0.04837398,,0.04837398,0.04837398,61.7508,1276.5295,OK,0.0000,-1.8525,3.0000,97.0000,AG03-UNRESOLVED,ALL5_LEVELS_bet23_to_bet27,-1.8525,-1.8525,-1.8525,-2.4700,-2.4700,3.000000,3.000000,3.000000,4.000000,4.000000,97.000000,97.000000,97.000000,96.000000,96.000000,5.0,-10.4976,-9.811,-51.2532,-51.9398,PENDING_AG03,FALSE,NOT_FOR_ENFORCEMENT,-59.8983,1117.4303,-61.7508,-59.8983,-1.8525,-0.04837398,-0.04692276,-1.8525,-59.8983,-0.04692276,-1.8525,-1.8525,-1.8525,-2.4700,-2.4700,-59.8983,-0.04692276,-10.4976,-9.811,-51.2532,-51.9398,-0.04015041,-0.0406883,-0.00145122,5.5023,5.0087,-0.2685,-61.7508,-1.9920,1276.5295,230.0000,,5.5023,5.1891,5.1891,5.1891,5.1891,9.8593,10.3783,5.1891,0.0,1.899994,2.0,1.060345,29,29,1,4,0E-8,-0.04837398,,0E-8,0.000000,0.902439,0.000000,,2026-05-12,2026-05-12,1,31,29,1,1.000000,,,0.000000,,,,,,,,GLOBAL_BASELINE_NO_ENTITY_RANKING,,,NOT_APPLICABLE_GLOBAL_BASELINE,HF9g-P5,,,,X 全窗基线 · 不参与实体赏罚,3921076,393,A168_HF9F_20260827_0900,2026-08-27 09:00:00
2026-05-12,149920349,1396,0,20.7565772404,10.3782886202,10.3782886202,0.7500000,4,4,0.49324550000000000,0.493245500000,1.0271117246678039,1.0271117246678039,1.0271117246678039,0E-17,ELIGIBLE,R03b_20260811_FULL_v1,L1_ELIGIBILITY,v2026-08-11,2026-03-21..2026-08-06,baccarat_bet02_101_all_pairs_incl_sentinel,round_win = game_pnl > 0 (decisive only),COMPATIBILITY_ONLY_NOT_PRODUCTION,1276.5295,1151.9900,-61.7508,232,230,0.04837398,,0.04837398,0.04837398,61.7508,1276.5295,OK,0.0000,-1.8525,3.0000,97.0000,AG03-UNRESOLVED,ALL5_LEVELS_bet23_to_bet27,-1.8525,-1.8525,-1.8525,-2.4700,-2.4700,3.000000,3.000000,3.000000,4.000000,4.000000,97.000000,97.000000,97.000000,96.000000,96.000000,5.0,-10.4976,-9.811,-51.2532,-51.9398,PENDING_AG03,FALSE,NOT_FOR_ENFORCEMENT,-59.8983,1117.4303,-61.7508,-59.8983,-1.8525,-0.04837398,-0.04692276,-1.8525,-59.8983,-0.04692276,-1.8525,-1.8525,-1.8525,-2.4700,-2.4700,-59.8983,-0.04692276,-10.4976,-9.811,-51.2532,-51.9398,-0.04015041,-0.0406883,-0.00145122,5.5023,5.0087,-0.2685,-61.7508,-1.9920,1276.5295,230.0000,,5.5023,5.1891,5.1891,5.1891,5.1891,9.8593,10.3783,5.1891,0.0,1.899994,2.0,1.060345,29,29,1,4,0E-8,-0.04837398,,0E-8,0.000000,0.902439,0.000000,,2026-05-12,2026-05-12,1,31,29,1,1.000000,,,0.000000,,,,,,,,GLOBAL_BASELINE_NO_ENTITY_RANKING,,,NOT_APPLICABLE_GLOBAL_BASELINE,HF9g-P5,,,,X 全窗基线 · 不参与实体赏罚,3921077,393,A168_HF9F_20260827_0900,2026-08-27 09:00:00
2026-05-12,149920349,1400,0,41.5131544808,31.1348658606,31.1348658606,0.8571429,7,7,0.49324550000000000,0.493245500000,1.925739544596175,1.9257395445961751,1.925739544596175,0E-17,ELIGIBLE,R03b_20260811_FULL_v1,L1_ELIGIBILITY,v2026-08-11,2026-03-21..2026-08-06,baccarat_bet02_101_all_pairs_incl_sentinel,round_win = game_pnl > 0 (decisive only),COMPATIBILITY_ONLY_NOT_PRODUCTION,1276.5295,1151.9900,-61.7508,232,230,0.04837398,,0.04837398,0.04837398,61.7508,1276.5295,OK,0.0000,-1.8525,3.0000,97.0000,AG03-UNRESOLVED,ALL5_LEVELS_bet23_to_bet27,-1.8525,-1.8525,-1.8525,-2.4700,-2.4700,3.000000,3.000000,3.000000,4.000000,4.000000,97.000000,97.000000,97.000000,96.000000,96.000000,5.0,-10.4976,-9.811,-51.2532,-51.9398,PENDING_AG03,FALSE,NOT_FOR_ENFORCEMENT,-59.8983,1117.4303,-61.7508,-59.8983,-1.8525,-0.04837398,-0.04692276,-1.8525,-59.8983,-0.04692276,-1.8525,-1.8525,-1.8525,-2.4700,-2.4700,-59.8983,-0.04692276,-10.4976,-9.811,-51.2532,-51.9398,-0.04015041,-0.0406883,-0.00145122,5.5023,5.0087,-0.2685,-61.7508,-1.9920,1276.5295,230.0000,,5.5023,5.1891,5.1891,5.1891,5.1891,9.8593,10.3783,5.1891,0.0,1.899994,2.0,1.060345,29,29,1,4,0E-8,-0.04837398,,0E-8,0.000000,0.902439,0.000000,,2026-05-12,2026-05-12,1,31,29,1,1.000000,,,0.000000,,,,,,,,GLOBAL_BASELINE_NO_ENTITY_RANKING,,,NOT_APPLICABLE_GLOBAL_BASELINE,HF9g-P5,,,,X 全窗基线 · 不参与实体赏罚,3921078,393,A168_HF9F_20260827_0900,2026-08-27 09:00:00
2026-05-12,149920349,1490,0,15.5674329303,-5.1891443101,-5.1891443101,0.5000000,3,2,0.38860570000000000,0.388605700000,0.3231935542029367,0.3231935542029367,0.3231935542029367,0E-17,ELIGIBLE,R03b_20260811_FULL_v1,L1_ELIGIBILITY,v2026-08-11,2026-03-21..2026-08-06,baccarat_bet02_101_all_pairs_incl_sentinel,round_win = game_pnl > 0 (decisive only),COMPATIBILITY_ONLY_NOT_PRODUCTION,1276.5295,1151.9900,-61.7508,232,230,0.04837398,,0.04837398,0.04837398,61.7508,1276.5295,OK,0.0000,-1.8525,3.0000,97.0000,AG03-UNRESOLVED,ALL5_LEVELS_bet23_to_bet27,-1.8525,-1.8525,-1.8525,-2.4700,-2.4700,3.000000,3.000000,3.000000,4.000000,4.000000,97.000000,97.000000,97.000000,96.000000,96.000000,5.0,-10.4976,-9.811,-51.2532,-51.9398,PENDING_AG03,FALSE,NOT_FOR_ENFORCEMENT,-59.8983,1117.4303,-61.7508,-59.8983,-1.8525,-0.04837398,-0.04692276,-1.8525,-59.8983,-0.04692276,-1.8525,-1.8525,-1.8525,-2.4700,-2.4700,-59.8983,-0.04692276,-10.4976,-9.811,-51.2532,-51.9398,-0.04015041,-0.0406883,-0.00145122,5.5023,5.0087,-0.2685,-61.7508,-1.9920,1276.5295,230.0000,,5.5023,5.1891,5.1891,5.1891,5.1891,9.8593,10.3783,5.1891,0.0,1.899994,2.0,1.060345,29,29,1,4,0E-8,-0.04837398,,0E-8,0.000000,0.902439,0.000000,,2026-05-12,2026-05-12,1,31,29,1,1.000000,,,0.000000,,,,,,,,GLOBAL_BASELINE_NO_ENTITY_RANKING,,,NOT_APPLICABLE_GLOBAL_BASELINE,HF9g-P5,,,,X 全窗基线 · 不参与实体赏罚,3921079,393,A168_HF9F_20260827_0900,2026-08-27 09:00:00
2026-05-12,149920349,1507,0,15.5674329303,-15.5674329303,-15.5674329303,0E-7,3,3,0.49324550000000000,0.493245500000,-1.708808463184432,-1.7088084631844318,-1.708808463184432,0E-17,ELIGIBLE,R03b_20260811_FULL_v1,L1_ELIGIBILITY,v2026-08-11,2026-03-21..2026-08-06,baccarat_bet02_101_all_pairs_incl_sentinel,round_win = game_pnl > 0 (decisive only),COMPATIBILITY_ONLY_NOT_PRODUCTION,1276.5295,1151.9900,-61.7508,232,230,0.04837398,,0.04837398,0.04837398,61.7508,1276.5295,OK,0.0000,-1.8525,3.0000,97.0000,AG03-UNRESOLVED,ALL5_LEVELS_bet23_to_bet27,-1.8525,-1.8525,-1.8525,-2.4700,-2.4700,3.000000,3.000000,3.000000,4.000000,4.000000,97.000000,97.000000,97.000000,96.000000,96.000000,5.0,-10.4976,-9.811,-51.2532,-51.9398,PENDING_AG03,FALSE,NOT_FOR_ENFORCEMENT,-59.8983,1117.4303,-61.7508,-59.8983,-1.8525,-0.04837398,-0.04692276,-1.8525,-59.8983,-0.04692276,-1.8525,-1.8525,-1.8525,-2.4700,-2.4700,-59.8983,-0.04692276,-10.4976,-9.811,-51.2532,-51.9398,-0.04015041,-0.0406883,-0.00145122,5.5023,5.0087,-0.2685,-61.7508,-1.9920,1276.5295,230.0000,,5.5023,5.1891,5.1891,5.1891,5.1891,9.8593,10.3783,5.1891,0.0,1.899994,2.0,1.060345,29,29,1,4,0E-8,-0.04837398,,0E-8,0.000000,0.902439,0.000000,,2026-05-12,2026-05-12,1,31,29,1,1.000000,,,0.000000,,,,,,,,GLOBAL_BASELINE_NO_ENTITY_RANKING,,,NOT_APPLICABLE_GLOBAL_BASELINE,HF9g-P5,,,,X 全窗基线 · 不参与实体赏罚,3921080,393,A168_HF9F_20260827_0900,2026-08-27 09:00:00
2026-05-12,149920349,1646,0,36.3240101707,-20.7565772404,-20.7565772404,0.1666667,7,7,0.43629654285714286,0.436296542857,-1.331764403297105,-1.3317644032964484,-1.331764403297105,1.4286E-13,ELIGIBLE,R03b_20260811_FULL_v1,L1_ELIGIBILITY,v2026-08-11,2026-03-21..2026-08-06,baccarat_bet02_101_all_pairs_incl_sentinel,round_win = game_pnl > 0 (decisive only),COMPATIBILITY_ONLY_NOT_PRODUCTION,1276.5295,1151.9900,-61.7508,232,230,0.04837398,,0.04837398,0.04837398,61.7508,1276.5295,OK,0.0000,-1.8525,3.0000,97.0000,AG03-UNRESOLVED,ALL5_LEVELS_bet23_to_bet27,-1.8525,-1.8525,-1.8525,-2.4700,-2.4700,3.000000,3.000000,3.000000,4.000000,4.000000,97.000000,97.000000,97.000000,96.000000,96.000000,5.0,-10.4976,-9.811,-51.2532,-51.9398,PENDING_AG03,FALSE,NOT_FOR_ENFORCEMENT,-59.8983,1117.4303,-61.7508,-59.8983,-1.8525,-0.04837398,-0.04692276,-1.8525,-59.8983,-0.04692276,-1.8525,-1.8525,-1.8525,-2.4700,-2.4700,-59.8983,-0.04692276,-10.4976,-9.811,-51.2532,-51.9398,-0.04015041,-0.0406883,-0.00145122,5.5023,5.0087,-0.2685,-61.7508,-1.9920,1276.5295,230.0000,,5.5023,5.1891,5.1891,5.1891,5.1891,9.8593,10.3783,5.1891,0.0,1.899994,2.0,1.060345,29,29,1,4,0E-8,-0.04837398,,0E-8,0.000000,0.902439,0.000000,,2026-05-12,2026-05-12,1,31,29,1,1.000000,,,0.000000,,,,,,,,GLOBAL_BASELINE_NO_ENTITY_RANKING,,,NOT_APPLICABLE_GLOBAL_BASELINE,HF9g-P5,,,,X 全窗基线 · 不参与实体赏罚,3921081,393,A168_HF9F_20260827_0900,2026-08-27 09:00:00
2026-05-12,149920349,1704,0,36.3240101707,-5.1891443101,-5.1891443101,0.4285714,7,7,0.49324550000000000,0.493245500000,-0.3422542494892156,-0.3422542494892157,-0.3422542494892156,0E-17,ELIGIBLE,R03b_20260811_FULL_v1,L1_ELIGIBILITY,v2026-08-11,2026-03-21..2026-08-06,baccarat_bet02_101_all_pairs_incl_sentinel,round_win = game_pnl > 0 (decisive only),COMPATIBILITY_ONLY_NOT_PRODUCTION,1276.5295,1151.9900,-61.7508,232,230,0.04837398,,0.04837398,0.04837398,61.7508,1276.5295,OK,0.0000,-1.8525,3.0000,97.0000,AG03-UNRESOLVED,ALL5_LEVELS_bet23_to_bet27,-1.8525,-1.8525,-1.8525,-2.4700,-2.4700,3.000000,3.000000,3.000000,4.000000,4.000000,97.000000,97.000000,97.000000,96.000000,96.000000,5.0,-10.4976,-9.811,-51.2532,-51.9398,PENDING_AG03,FALSE,NOT_FOR_ENFORCEMENT,-59.8983,1117.4303,-61.7508,-59.8983,-1.8525,-0.04837398,-0.04692276,-1.8525,-59.8983,-0.04692276,-1.8525,-1.8525,-1.8525,-2.4700,-2.4700,-59.8983,-0.04692276,-10.4976,-9.811,-51.2532,-51.9398,-0.04015041,-0.0406883,-0.00145122,5.5023,5.0087,-0.2685,-61.7508,-1.9920,1276.5295,230.0000,,5.5023,5.1891,5.1891,5.1891,5.1891,9.8593,10.3783,5.1891,0.0,1.899994,2.0,1.060345,29,29,1,4,0E-8,-0.04837398,,0E-8,0.000000,0.902439,0.000000,,2026-05-12,2026-05-12,1,31,29,1,1.000000,,,0.000000,,,,,,,,GLOBAL_BASELINE_NO_ENTITY_RANKING,,,NOT_APPLICABLE_GLOBAL_BASELINE,HF9g-P5,,,,X 全窗基线 · 不参与实体赏罚,3921082,393,A168_HF9F_20260827_0900,2026-08-27 09:00:00
2026-05-12,149920349,1935,0,25.9457215505,-5.1891443101,-5.1891443101,0.4000000,5,5,0.49324550000000000,0.493245500000,-0.4170446088060018,-0.4170446088060018,-0.4170446088060018,0E-17,ELIGIBLE,R03b_20260811_FULL_v1,L1_ELIGIBILITY,v2026-08-11,2026-03-21..2026-08-06,baccarat_bet02_101_all_pairs_incl_sentinel,round_win = game_pnl > 0 (decisive only),COMPATIBILITY_ONLY_NOT_PRODUCTION,1276.5295,1151.9900,-61.7508,232,230,0.04837398,,0.04837398,0.04837398,61.7508,1276.5295,OK,0.0000,-1.8525,3.0000,97.0000,AG03-UNRESOLVED,ALL5_LEVELS_bet23_to_bet27,-1.8525,-1.8525,-1.8525,-2.4700,-2.4700,3.000000,3.000000,3.000000,4.000000,4.000000,97.000000,97.000000,97.000000,96.000000,96.000000,5.0,-10.4976,-9.811,-51.2532,-51.9398,PENDING_AG03,FALSE,NOT_FOR_ENFORCEMENT,-59.8983,1117.4303,-61.7508,-59.8983,-1.8525,-0.04837398,-0.04692276,-1.8525,-59.8983,-0.04692276,-1.8525,-1.8525,-1.8525,-2.4700,-2.4700,-59.8983,-0.04692276,-10.4976,-9.811,-51.2532,-51.9398,-0.04015041,-0.0406883,-0.00145122,5.5023,5.0087,-0.2685,-61.7508,-1.9920,1276.5295,230.0000,,5.5023,5.1891,5.1891,5.1891,5.1891,9.8593,10.3783,5.1891,0.0,1.899994,2.0,1.060345,29,29,1,4,0E-8,-0.04837398,,0E-8,0.000000,0.902439,0.000000,,2026-05-12,2026-05-12,1,31,29,1,1.000000,,,0.000000,,,,,,,,GLOBAL_BASELINE_NO_ENTITY_RANKING,,,NOT_APPLICABLE_GLOBAL_BASELINE,HF9g-P5,,,,X 全窗基线 · 不参与实体赏罚,3921083,393,A168_HF9F_20260827_0900,2026-08-27 09:00:00
2026-05-12,149920349,1940,0,10.3782886202,-0.2594572155,-0.2594572155,0.5000000,2,2,0.49994810000000000,0.499948100000,0.00014679536856514622,0.00014679536856514622,0.00014679536856514622,0E-17,ELIGIBLE,R03b_20260811_FULL_v1,L1_ELIGIBILITY,v2026-08-11,2026-03-21..2026-08-06,baccarat_bet02_101_all_pairs_incl_sentinel,round_win = game_pnl > 0 (decisive only),COMPATIBILITY_ONLY_NOT_PRODUCTION,1276.5295,1151.9900,-61.7508,232,230,0.04837398,,0.04837398,0.04837398,61.7508,1276.5295,OK,0.0000,-1.8525,3.0000,97.0000,AG03-UNRESOLVED,ALL5_LEVELS_bet23_to_bet27,-1.8525,-1.8525,-1.8525,-2.4700,-2.4700,3.000000,3.000000,3.000000,4.000000,4.000000,97.000000,97.000000,97.000000,96.000000,96.000000,5.0,-10.4976,-9.811,-51.2532,-51.9398,PENDING_AG03,FALSE,NOT_FOR_ENFORCEMENT,-59.8983,1117.4303,-61.7508,-59.8983,-1.8525,-0.04837398,-0.04692276,-1.8525,-59.8983,-0.04692276,-1.8525,-1.8525,-1.8525,-2.4700,-2.4700,-59.8983,-0.04692276,-10.4976,-9.811,-51.2532,-51.9398,-0.04015041,-0.0406883,-0.00145122,5.5023,5.0087,-0.2685,-61.7508,-1.9920,1276.5295,230.0000,,5.5023,5.1891,5.1891,5.1891,5.1891,9.8593,10.3783,5.1891,0.0,1.899994,2.0,1.060345,29,29,1,4,0E-8,-0.04837398,,0E-8,0.000000,0.902439,0.000000,,2026-05-12,2026-05-12,1,31,29,1,1.000000,,,0.000000,,,,,,,,GLOBAL_BASELINE_NO_ENTITY_RANKING,,,NOT_APPLICABLE_GLOBAL_BASELINE,HF9g-P5,,,,X 全窗基线 · 不参与实体赏罚,3921084,393,A168_HF9F_20260827_0900,2026-08-27 09:00:00
2026-05-12,149920349,1947,0,46.7022987909,-15.5674329303,-15.5674329303,0.3333333,9,9,0.49324550000000000,0.493245500000,-0.959560560576535,-0.959560560576535,-0.959560560576535,0E-17,ELIGIBLE,R03b_20260811_FULL_v1,L1_ELIGIBILITY,v2026-08-11,2026-03-21..2026-08-06,baccarat_bet02_101_all_pairs_incl_sentinel,round_win = game_pnl > 0 (decisive only),COMPATIBILITY_ONLY_NOT_PRODUCTION,1276.5295,1151.9900,-61.7508,232,230,0.04837398,,0.04837398,0.04837398,61.7508,1276.5295,OK,0.0000,-1.8525,3.0000,97.0000,AG03-UNRESOLVED,ALL5_LEVELS_bet23_to_bet27,-1.8525,-1.8525,-1.8525,-2.4700,-2.4700,3.000000,3.000000,3.000000,4.000000,4.000000,97.000000,97.000000,97.000000,96.000000,96.000000,5.0,-10.4976,-9.811,-51.2532,-51.9398,PENDING_AG03,FALSE,NOT_FOR_ENFORCEMENT,-59.8983,1117.4303,-61.7508,-59.8983,-1.8525,-0.04837398,-0.04692276,-1.8525,-59.8983,-0.04692276,-1.8525,-1.8525,-1.8525,-2.4700,-2.4700,-59.8983,-0.04692276,-10.4976,-9.811,-51.2532,-51.9398,-0.04015041,-0.0406883,-0.00145122,5.5023,5.0087,-0.2685,-61.7508,-1.9920,1276.5295,230.0000,,5.5023,5.1891,5.1891,5.1891,5.1891,9.8593,10.3783,5.1891,0.0,1.899994,2.0,1.060345,29,29,1,4,0E-8,-0.04837398,,0E-8,0.000000,0.902439,0.000000,,2026-05-12,2026-05-12,1,31,29,1,1.000000,,,0.000000,,,,,,,,GLOBAL_BASELINE_NO_ENTITY_RANKING,,,NOT_APPLICABLE_GLOBAL_BASELINE,HF9g-P5,,,,X 全窗基线 · 不参与实体赏罚,3921085,393,A168_HF9F_20260827_0900,2026-08-27 09:00:00
2026-05-12,149920349,1952,0,31.1348658606,20.7565772404,20.7565772404,0.8333333,6,6,0.49324550000000000,0.493245500000,1.666235363940442,1.6662353639404415,1.666235363940442,0E-17,ELIGIBLE,R03b_20260811_FULL_v1,L1_ELIGIBILITY,v2026-08-11,2026-03-21..2026-08-06,baccarat_bet02_101_all_pairs_incl_sentinel,round_win = game_pnl > 0 (decisive only),COMPATIBILITY_ONLY_NOT_PRODUCTION,1276.5295,1151.9900,-61.7508,232,230,0.04837398,,0.04837398,0.04837398,61.7508,1276.5295,OK,0.0000,-1.8525,3.0000,97.0000,AG03-UNRESOLVED,ALL5_LEVELS_bet23_to_bet27,-1.8525,-1.8525,-1.8525,-2.4700,-2.4700,3.000000,3.000000,3.000000,4.000000,4.000000,97.000000,97.000000,97.000000,96.000000,96.000000,5.0,-10.4976,-9.811,-51.2532,-51.9398,PENDING_AG03,FALSE,NOT_FOR_ENFORCEMENT,-59.8983,1117.4303,-61.7508,-59.8983,-1.8525,-0.04837398,-0.04692276,-1.8525,-59.8983,-0.04692276,-1.8525,-1.8525,-1.8525,-2.4700,-2.4700,-59.8983,-0.04692276,-10.4976,-9.811,-51.2532,-51.9398,-0.04015041,-0.0406883,-0.00145122,5.5023,5.0087,-0.2685,-61.7508,-1.9920,1276.5295,230.0000,,5.5023,5.1891,5.1891,5.1891,5.1891,9.8593,10.3783,5.1891,0.0,1.899994,2.0,1.060345,29,29,1,4,0E-8,-0.04837398,,0E-8,0.000000,0.902439,0.000000,,2026-05-12,2026-05-12,1,31,29,1,1.000000,,,0.000000,,,,,,,,GLOBAL_BASELINE_NO_ENTITY_RANKING,,,NOT_APPLICABLE_GLOBAL_BASELINE,HF9g-P5,,,,X 全窗基线 · 不参与实体赏罚,3921086,393,A168_HF9F_20260827_0900,2026-08-27 09:00:00
2026-05-12,149920349,2093,0,25.9457215505,10.3782886202,10.3782886202,0.7500000,5,5,0.49324550000000000,0.493245500000,1.0271117246678039,1.0271117246678039,1.0271117246678039,0E-17,ELIGIBLE,R03b_20260811_FULL_v1,L1_ELIGIBILITY,v2026-08-11,2026-03-21..2026-08-06,baccarat_bet02_101_all_pairs_incl_sentinel,round_win = game_pnl > 0 (decisive only),COMPATIBILITY_ONLY_NOT_PRODUCTION,1276.5295,1151.9900,-61.7508,232,230,0.04837398,,0.04837398,0.04837398,61.7508,1276.5295,OK,0.0000,-1.8525,3.0000,97.0000,AG03-UNRESOLVED,ALL5_LEVELS_bet23_to_bet27,-1.8525,-1.8525,-1.8525,-2.4700,-2.4700,3.000000,3.000000,3.000000,4.000000,4.000000,97.000000,97.000000,97.000000,96.000000,96.000000,5.0,-10.4976,-9.811,-51.2532,-51.9398,PENDING_AG03,FALSE,NOT_FOR_ENFORCEMENT,-59.8983,1117.4303,-61.7508,-59.8983,-1.8525,-0.04837398,-0.04692276,-1.8525,-59.8983,-0.04692276,-1.8525,-1.8525,-1.8525,-2.4700,-2.4700,-59.8983,-0.04692276,-10.4976,-9.811,-51.2532,-51.9398,-0.04015041,-0.0406883,-0.00145122,5.5023,5.0087,-0.2685,-61.7508,-1.9920,1276.5295,230.0000,,5.5023,5.1891,5.1891,5.1891,5.1891,9.8593,10.3783,5.1891,0.0,1.899994,2.0,1.060345,29,29,1,4,0E-8,-0.04837398,,0E-8,0.000000,0.902439,0.000000,,2026-05-12,2026-05-12,1,31,29,1,1.000000,,,0.000000,,,,,,,,GLOBAL_BASELINE_NO_ENTITY_RANKING,,,NOT_APPLICABLE_GLOBAL_BASELINE,HF9g-P5,,,,X 全窗基线 · 不参与实体赏罚,3921087,393,A168_HF9F_20260827_0900,2026-08-27 09:00:00
2026-05-12,149920349,2108,0,10.3782886202,0E-10,0E-10,0.5000000,2,2,0.49324550000000000,0.493245500000,0.01910635448239258,0.01910635448239258,0.01910635448239258,0E-17,ELIGIBLE,R03b_20260811_FULL_v1,L1_ELIGIBILITY,v2026-08-11,2026-03-21..2026-08-06,baccarat_bet02_101_all_pairs_incl_sentinel,round_win = game_pnl > 0 (decisive only),COMPATIBILITY_ONLY_NOT_PRODUCTION,1276.5295,1151.9900,-61.7508,232,230,0.04837398,,0.04837398,0.04837398,61.7508,1276.5295,OK,0.0000,-1.8525,3.0000,97.0000,AG03-UNRESOLVED,ALL5_LEVELS_bet23_to_bet27,-1.8525,-1.8525,-1.8525,-2.4700,-2.4700,3.000000,3.000000,3.000000,4.000000,4.000000,97.000000,97.000000,97.000000,96.000000,96.000000,5.0,-10.4976,-9.811,-51.2532,-51.9398,PENDING_AG03,FALSE,NOT_FOR_ENFORCEMENT,-59.8983,1117.4303,-61.7508,-59.8983,-1.8525,-0.04837398,-0.04692276,-1.8525,-59.8983,-0.04692276,-1.8525,-1.8525,-1.8525,-2.4700,-2.4700,-59.8983,-0.04692276,-10.4976,-9.811,-51.2532,-51.9398,-0.04015041,-0.0406883,-0.00145122,5.5023,5.0087,-0.2685,-61.7508,-1.9920,1276.5295,230.0000,,5.5023,5.1891,5.1891,5.1891,5.1891,9.8593,10.3783,5.1891,0.0,1.899994,2.0,1.060345,29,29,1,4,0E-8,-0.04837398,,0E-8,0.000000,0.902439,0.000000,,2026-05-12,2026-05-12,1,31,29,1,1.000000,,,0.000000,,,,,,,,GLOBAL_BASELINE_NO_ENTITY_RANKING,,,NOT_APPLICABLE_GLOBAL_BASELINE,HF9g-P5,,,,X 全窗基线 · 不参与实体赏罚,3921088,393,A168_HF9F_20260827_0900,2026-08-27 09:00:00
2026-05-12,149920349,2115,0,10.3782886202,-10.3782886202,-10.3782886202,0E-7,2,2,0.49324550000000000,0.493245500000,-1.3952362676504506,-1.3952362676504506,-1.3952362676504506,0E-17,ELIGIBLE,R03b_20260811_FULL_v1,L1_ELIGIBILITY,v2026-08-11,2026-03-21..2026-08-06,baccarat_bet02_101_all_pairs_incl_sentinel,round_win = game_pnl > 0 (decisive only),COMPATIBILITY_ONLY_NOT_PRODUCTION,1276.5295,1151.9900,-61.7508,232,230,0.04837398,,0.04837398,0.04837398,61.7508,1276.5295,OK,0.0000,-1.8525,3.0000,97.0000,AG03-UNRESOLVED,ALL5_LEVELS_bet23_to_bet27,-1.8525,-1.8525,-1.8525,-2.4700,-2.4700,3.000000,3.000000,3.000000,4.000000,4.000000,97.000000,97.000000,97.000000,96.000000,96.000000,5.0,-10.4976,-9.811,-51.2532,-51.9398,PENDING_AG03,FALSE,NOT_FOR_ENFORCEMENT,-59.8983,1117.4303,-61.7508,-59.8983,-1.8525,-0.04837398,-0.04692276,-1.8525,-59.8983,-0.04692276,-1.8525,-1.8525,-1.8525,-2.4700,-2.4700,-59.8983,-0.04692276,-10.4976,-9.811,-51.2532,-51.9398,-0.04015041,-0.0406883,-0.00145122,5.5023,5.0087,-0.2685,-61.7508,-1.9920,1276.5295,230.0000,,5.5023,5.1891,5.1891,5.1891,5.1891,9.8593,10.3783,5.1891,0.0,1.899994,2.0,1.060345,29,29,1,4,0E-8,-0.04837398,,0E-8,0.000000,0.902439,0.000000,,2026-05-12,2026-05-12,1,31,29,1,1.000000,,,0.000000,,,,,,,,GLOBAL_BASELINE_NO_ENTITY_RANKING,,,NOT_APPLICABLE_GLOBAL_BASELINE,HF9g-P5,,,,X 全窗基线 · 不参与实体赏罚,3921089,393,A168_HF9F_20260827_0900,2026-08-27 09:00:00
2026-05-12,149920349,2117,0,15.5674329303,0E-10,0E-10,0.5000000,3,3,0.49324550000000000,0.493245500000,0.01910635448239258,0.01910635448239258,0.01910635448239258,0E-17,ELIGIBLE,R03b_20260811_FULL_v1,L1_ELIGIBILITY,v2026-08-11,2026-03-21..2026-08-06,baccarat_bet02_101_all_pairs_incl_sentinel,round_win = game_pnl > 0 (decisive only),COMPATIBILITY_ONLY_NOT_PRODUCTION,1276.5295,1151.9900,-61.7508,232,230,0.04837398,,0.04837398,0.04837398,61.7508,1276.5295,OK,0.0000,-1.8525,3.0000,97.0000,AG03-UNRESOLVED,ALL5_LEVELS_bet23_to_bet27,-1.8525,-1.8525,-1.8525,-2.4700,-2.4700,3.000000,3.000000,3.000000,4.000000,4.000000,97.000000,97.000000,97.000000,96.000000,96.000000,5.0,-10.4976,-9.811,-51.2532,-51.9398,PENDING_AG03,FALSE,NOT_FOR_ENFORCEMENT,-59.8983,1117.4303,-61.7508,-59.8983,-1.8525,-0.04837398,-0.04692276,-1.8525,-59.8983,-0.04692276,-1.8525,-1.8525,-1.8525,-2.4700,-2.4700,-59.8983,-0.04692276,-10.4976,-9.811,-51.2532,-51.9398,-0.04015041,-0.0406883,-0.00145122,5.5023,5.0087,-0.2685,-61.7508,-1.9920,1276.5295,230.0000,,5.5023,5.1891,5.1891,5.1891,5.1891,9.8593,10.3783,5.1891,0.0,1.899994,2.0,1.060345,29,29,1,4,0E-8,-0.04837398,,0E-8,0.000000,0.902439,0.000000,,2026-05-12,2026-05-12,1,31,29,1,1.000000,,,0.000000,,,,,,,,GLOBAL_BASELINE_NO_ENTITY_RANKING,,,NOT_APPLICABLE_GLOBAL_BASELINE,HF9g-P5,,,,X 全窗基线 · 不参与实体赏罚,3921090,393,A168_HF9F_20260827_0900,2026-08-27 09:00:00
2026-05-12,149920349,2123,0,83.0263089616,25.9457215505,25.9457215505,0.7777778,10,10,0.49324550000000000,0.493245500000,1.707349463506922,1.707349463506922,1.707349463506922,0E-17,ELIGIBLE,R03b_20260811_FULL_v1,L1_ELIGIBILITY,v2026-08-11,2026-03-21..2026-08-06,baccarat_bet02_101_all_pairs_incl_sentinel,round_win = game_pnl > 0 (decisive only),COMPATIBILITY_ONLY_NOT_PRODUCTION,1276.5295,1151.9900,-61.7508,232,230,0.04837398,,0.04837398,0.04837398,61.7508,1276.5295,OK,0.0000,-1.8525,3.0000,97.0000,AG03-UNRESOLVED,ALL5_LEVELS_bet23_to_bet27,-1.8525,-1.8525,-1.8525,-2.4700,-2.4700,3.000000,3.000000,3.000000,4.000000,4.000000,97.000000,97.000000,97.000000,96.000000,96.000000,5.0,-10.4976,-9.811,-51.2532,-51.9398,PENDING_AG03,FALSE,NOT_FOR_ENFORCEMENT,-59.8983,1117.4303,-61.7508,-59.8983,-1.8525,-0.04837398,-0.04692276,-1.8525,-59.8983,-0.04692276,-1.8525,-1.8525,-1.8525,-2.4700,-2.4700,-59.8983,-0.04692276,-10.4976,-9.811,-51.2532,-51.9398,-0.04015041,-0.0406883,-0.00145122,5.5023,5.0087,-0.2685,-61.7508,-1.9920,1276.5295,230.0000,,5.5023,5.1891,5.1891,5.1891,5.1891,9.8593,10.3783,5.1891,0.0,1.899994,2.0,1.060345,29,29,1,4,0E-8,-0.04837398,,0E-8,0.000000,0.902439,0.000000,,2026-05-12,2026-05-12,1,31,29,1,1.000000,,,0.000000,,,,,,,,GLOBAL_BASELINE_NO_ENTITY_RANKING,,,NOT_APPLICABLE_GLOBAL_BASELINE,HF9g-P5,,,,X 全窗基线 · 不参与实体赏罚,3921091,393,A168_HF9F_20260827_0900,2026-08-27 09:00:00
2026-05-12,149920349,2167,0,10.3782886202,0E-10,0E-10,0.5000000,2,2,0.49324550000000000,0.493245500000,0.01910635448239258,0.01910635448239258,0.01910635448239258,0E-17,ELIGIBLE,R03b_20260811_FULL_v1,L1_ELIGIBILITY,v2026-08-11,2026-03-21..2026-08-06,baccarat_bet02_101_all_pairs_incl_sentinel,round_win = game_pnl > 0 (decisive only),COMPATIBILITY_ONLY_NOT_PRODUCTION,1276.5295,1151.9900,-61.7508,232,230,0.04837398,,0.04837398,0.04837398,61.7508,1276.5295,OK,0.0000,-1.8525,3.0000,97.0000,AG03-UNRESOLVED,ALL5_LEVELS_bet23_to_bet27,-1.8525,-1.8525,-1.8525,-2.4700,-2.4700,3.000000,3.000000,3.000000,4.000000,4.000000,97.000000,97.000000,97.000000,96.000000,96.000000,5.0,-10.4976,-9.811,-51.2532,-51.9398,PENDING_AG03,FALSE,NOT_FOR_ENFORCEMENT,-59.8983,1117.4303,-61.7508,-59.8983,-1.8525,-0.04837398,-0.04692276,-1.8525,-59.8983,-0.04692276,-1.8525,-1.8525,-1.8525,-2.4700,-2.4700,-59.8983,-0.04692276,-10.4976,-9.811,-51.2532,-51.9398,-0.04015041,-0.0406883,-0.00145122,5.5023,5.0087,-0.2685,-61.7508,-1.9920,1276.5295,230.0000,,5.5023,5.1891,5.1891,5.1891,5.1891,9.8593,10.3783,5.1891,0.0,1.899994,2.0,1.060345,29,29,1,4,0E-8,-0.04837398,,0E-8,0.000000,0.902439,0.000000,,2026-05-12,2026-05-12,1,31,29,1,1.000000,,,0.000000,,,,,,,,GLOBAL_BASELINE_NO_ENTITY_RANKING,,,NOT_APPLICABLE_GLOBAL_BASELINE,HF9g-P5,,,,X 全窗基线 · 不参与实体赏罚,3921092,393,A168_HF9F_20260827_0900,2026-08-27 09:00:00
2026-05-12,149920349,2175,0,25.9457215505,15.5674329303,15.5674329303,0.6666667,3,3,0.49324550000000000,0.493245500000,0.6008033672792107,0.6008033672792106,0.6008033672792107,0E-17,ELIGIBLE,R03b_20260811_FULL_v1,L1_ELIGIBILITY,v2026-08-11,2026-03-21..2026-08-06,baccarat_bet02_101_all_pairs_incl_sentinel,round_win = game_pnl > 0 (decisive only),COMPATIBILITY_ONLY_NOT_PRODUCTION,1276.5295,1151.9900,-61.7508,232,230,0.04837398,,0.04837398,0.04837398,61.7508,1276.5295,OK,0.0000,-1.8525,3.0000,97.0000,AG03-UNRESOLVED,ALL5_LEVELS_bet23_to_bet27,-1.8525,-1.8525,-1.8525,-2.4700,-2.4700,3.000000,3.000000,3.000000,4.000000,4.000000,97.000000,97.000000,97.000000,96.000000,96.000000,5.0,-10.4976,-9.811,-51.2532,-51.9398,PENDING_AG03,FALSE,NOT_FOR_ENFORCEMENT,-59.8983,1117.4303,-61.7508,-59.8983,-1.8525,-0.04837398,-0.04692276,-1.8525,-59.8983,-0.04692276,-1.8525,-1.8525,-1.8525,-2.4700,-2.4700,-59.8983,-0.04692276,-10.4976,-9.811,-51.2532,-51.9398,-0.04015041,-0.0406883,-0.00145122,5.5023,5.0087,-0.2685,-61.7508,-1.9920,1276.5295,230.0000,,5.5023,5.1891,5.1891,5.1891,5.1891,9.8593,10.3783,5.1891,0.0,1.899994,2.0,1.060345,29,29,1,4,0E-8,-0.04837398,,0E-8,0.000000,0.902439,0.000000,,2026-05-12,2026-05-12,1,31,29,1,1.000000,,,0.000000,,,,,,,,GLOBAL_BASELINE_NO_ENTITY_RANKING,,,NOT_APPLICABLE_GLOBAL_BASELINE,HF9g-P5,,,,X 全窗基线 · 不参与实体赏罚,3921093,393,A168_HF9F_20260827_0900,2026-08-27 09:00:00
2026-05-12,149920349,2205,0,15.5674329303,10.3782886202,10.3782886202,1.0000000,3,3,0.49324550000000000,0.493245500000,1.4334489766152358,1.4334489766152358,1.4334489766152358,0E-17,ELIGIBLE,R03b_20260811_FULL_v1,L1_ELIGIBILITY,v2026-08-11,2026-03-21..2026-08-06,baccarat_bet02_101_all_pairs_incl_sentinel,round_win = game_pnl > 0 (decisive only),COMPATIBILITY_ONLY_NOT_PRODUCTION,1276.5295,1151.9900,-61.7508,232,230,0.04837398,,0.04837398,0.04837398,61.7508,1276.5295,OK,0.0000,-1.8525,3.0000,97.0000,AG03-UNRESOLVED,ALL5_LEVELS_bet23_to_bet27,-1.8525,-1.8525,-1.8525,-2.4700,-2.4700,3.000000,3.000000,3.000000,4.000000,4.000000,97.000000,97.000000,97.000000,96.000000,96.000000,5.0,-10.4976,-9.811,-51.2532,-51.9398,PENDING_AG03,FALSE,NOT_FOR_ENFORCEMENT,-59.8983,1117.4303,-61.7508,-59.8983,-1.8525,-0.04837398,-0.04692276,-1.8525,-59.8983,-0.04692276,-1.8525,-1.8525,-1.8525,-2.4700,-2.4700,-59.8983,-0.04692276,-10.4976,-9.811,-51.2532,-51.9398,-0.04015041,-0.0406883,-0.00145122,5.5023,5.0087,-0.2685,-61.7508,-1.9920,1276.5295,230.0000,,5.5023,5.1891,5.1891,5.1891,5.1891,9.8593,10.3783,5.1891,0.0,1.899994,2.0,1.060345,29,29,1,4,0E-8,-0.04837398,,0E-8,0.000000,0.902439,0.000000,,2026-05-12,2026-05-12,1,31,29,1,1.000000,,,0.000000,,,,,,,,GLOBAL_BASELINE_NO_ENTITY_RANKING,,,NOT_APPLICABLE_GLOBAL_BASELINE,HF9g-P5,,,,X 全窗基线 · 不参与实体赏罚,3921094,393,A168_HF9F_20260827_0900,2026-08-27 09:00:00
2026-05-12,149920349,2209,0,41.5131544808,-10.3782886202,-10.3782886202,0.4285714,7,7,0.49324550000000000,0.493245500000,-0.3422542494892156,-0.3422542494892157,-0.3422542494892156,0E-17,ELIGIBLE,R03b_20260811_FULL_v1,L1_ELIGIBILITY,v2026-08-11,2026-03-21..2026-08-06,baccarat_bet02_101_all_pairs_incl_sentinel,round_win = game_pnl > 0 (decisive only),COMPATIBILITY_ONLY_NOT_PRODUCTION,1276.5295,1151.9900,-61.7508,232,230,0.04837398,,0.04837398,0.04837398,61.7508,1276.5295,OK,0.0000,-1.8525,3.0000,97.0000,AG03-UNRESOLVED,ALL5_LEVELS_bet23_to_bet27,-1.8525,-1.8525,-1.8525,-2.4700,-2.4700,3.000000,3.000000,3.000000,4.000000,4.000000,97.000000,97.000000,97.000000,96.000000,96.000000,5.0,-10.4976,-9.811,-51.2532,-51.9398,PENDING_AG03,FALSE,NOT_FOR_ENFORCEMENT,-59.8983,1117.4303,-61.7508,-59.8983,-1.8525,-0.04837398,-0.04692276,-1.8525,-59.8983,-0.04692276,-1.8525,-1.8525,-1.8525,-2.4700,-2.4700,-59.8983,-0.04692276,-10.4976,-9.811,-51.2532,-51.9398,-0.04015041,-0.0406883,-0.00145122,5.5023,5.0087,-0.2685,-61.7508,-1.9920,1276.5295,230.0000,,5.5023,5.1891,5.1891,5.1891,5.1891,9.8593,10.3783,5.1891,0.0,1.899994,2.0,1.060345,29,29,1,4,0E-8,-0.04837398,,0E-8,0.000000,0.902439,0.000000,,2026-05-12,2026-05-12,1,31,29,1,1.000000,,,0.000000,,,,,,,,GLOBAL_BASELINE_NO_ENTITY_RANKING,,,NOT_APPLICABLE_GLOBAL_BASELINE,HF9g-P5,,,,X 全窗基线 · 不参与实体赏罚,3921095,393,A168_HF9F_20260827_0900,2026-08-27 09:00:00
2026-05-12,149920349,2222,0,36.3240101707,15.5674329303,15.5674329303,0.7142857,7,7,0.49324550000000000,0.493245500000,1.169741613234378,1.1697416132343783,1.169741613234378,0E-17,ELIGIBLE,R03b_20260811_FULL_v1,L1_ELIGIBILITY,v2026-08-11,2026-03-21..2026-08-06,baccarat_bet02_101_all_pairs_incl_sentinel,round_win = game_pnl > 0 (decisive only),COMPATIBILITY_ONLY_NOT_PRODUCTION,1276.5295,1151.9900,-61.7508,232,230,0.04837398,,0.04837398,0.04837398,61.7508,1276.5295,OK,0.0000,-1.8525,3.0000,97.0000,AG03-UNRESOLVED,ALL5_LEVELS_bet23_to_bet27,-1.8525,-1.8525,-1.8525,-2.4700,-2.4700,3.000000,3.000000,3.000000,4.000000,4.000000,97.000000,97.000000,97.000000,96.000000,96.000000,5.0,-10.4976,-9.811,-51.2532,-51.9398,PENDING_AG03,FALSE,NOT_FOR_ENFORCEMENT,-59.8983,1117.4303,-61.7508,-59.8983,-1.8525,-0.04837398,-0.04692276,-1.8525,-59.8983,-0.04692276,-1.8525,-1.8525,-1.8525,-2.4700,-2.4700,-59.8983,-0.04692276,-10.4976,-9.811,-51.2532,-51.9398,-0.04015041,-0.0406883,-0.00145122,5.5023,5.0087,-0.2685,-61.7508,-1.9920,1276.5295,230.0000,,5.5023,5.1891,5.1891,5.1891,5.1891,9.8593,10.3783,5.1891,0.0,1.899994,2.0,1.060345,29,29,1,4,0E-8,-0.04837398,,0E-8,0.000000,0.902439,0.000000,,2026-05-12,2026-05-12,1,31,29,1,1.000000,,,0.000000,,,,,,,,GLOBAL_BASELINE_NO_ENTITY_RANKING,,,NOT_APPLICABLE_GLOBAL_BASELINE,HF9g-P5,,,,X 全窗基线 · 不参与实体赏罚,3921096,393,A168_HF9F_20260827_0900,2026-08-27 09:00:00
2026-05-12,149920349,2235,0,15.5674329303,15.5674329303,15.5674329303,1.0000000,3,3,0.49324550000000000,0.493245500000,1.755609282511032,1.7556092825110319,1.755609282511032,0E-17,ELIGIBLE,R03b_20260811_FULL_v1,L1_ELIGIBILITY,v2026-08-11,2026-03-21..2026-08-06,baccarat_bet02_101_all_pairs_incl_sentinel,round_win = game_pnl > 0 (decisive only),COMPATIBILITY_ONLY_NOT_PRODUCTION,1276.5295,1151.9900,-61.7508,232,230,0.04837398,,0.04837398,0.04837398,61.7508,1276.5295,OK,0.0000,-1.8525,3.0000,97.0000,AG03-UNRESOLVED,ALL5_LEVELS_bet23_to_bet27,-1.8525,-1.8525,-1.8525,-2.4700,-2.4700,3.000000,3.000000,3.000000,4.000000,4.000000,97.000000,97.000000,97.000000,96.000000,96.000000,5.0,-10.4976,-9.811,-51.2532,-51.9398,PENDING_AG03,FALSE,NOT_FOR_ENFORCEMENT,-59.8983,1117.4303,-61.7508,-59.8983,-1.8525,-0.04837398,-0.04692276,-1.8525,-59.8983,-0.04692276,-1.8525,-1.8525,-1.8525,-2.4700,-2.4700,-59.8983,-0.04692276,-10.4976,-9.811,-51.2532,-51.9398,-0.04015041,-0.0406883,-0.00145122,5.5023,5.0087,-0.2685,-61.7508,-1.9920,1276.5295,230.0000,,5.5023,5.1891,5.1891,5.1891,5.1891,9.8593,10.3783,5.1891,0.0,1.899994,2.0,1.060345,29,29,1,4,0E-8,-0.04837398,,0E-8,0.000000,0.902439,0.000000,,2026-05-12,2026-05-12,1,31,29,1,1.000000,,,0.000000,,,,,,,,GLOBAL_BASELINE_NO_ENTITY_RANKING,,,NOT_APPLICABLE_GLOBAL_BASELINE,HF9g-P5,,,,X 全窗基线 · 不参与实体赏罚,3921097,393,A168_HF9F_20260827_0900,2026-08-27 09:00:00
2026-05-12,149920349,2242,0,41.5131544808,-5.1891443101,-5.1891443101,0.5000000,7,7,0.49324550000000000,0.493245500000,0.03309317671092531,0.03309317671092531,0.03309317671092531,0E-17,ELIGIBLE,R03b_20260811_FULL_v1,L1_ELIGIBILITY,v2026-08-11,2026-03-21..2026-08-06,baccarat_bet02_101_all_pairs_incl_sentinel,round_win = game_pnl > 0 (decisive only),COMPATIBILITY_ONLY_NOT_PRODUCTION,1276.5295,1151.9900,-61.7508,232,230,0.04837398,,0.04837398,0.04837398,61.7508,1276.5295,OK,0.0000,-1.8525,3.0000,97.0000,AG03-UNRESOLVED,ALL5_LEVELS_bet23_to_bet27,-1.8525,-1.8525,-1.8525,-2.4700,-2.4700,3.000000,3.000000,3.000000,4.000000,4.000000,97.000000,97.000000,97.000000,96.000000,96.000000,5.0,-10.4976,-9.811,-51.2532,-51.9398,PENDING_AG03,FALSE,NOT_FOR_ENFORCEMENT,-59.8983,1117.4303,-61.7508,-59.8983,-1.8525,-0.04837398,-0.04692276,-1.8525,-59.8983,-0.04692276,-1.8525,-1.8525,-1.8525,-2.4700,-2.4700,-59.8983,-0.04692276,-10.4976,-9.811,-51.2532,-51.9398,-0.04015041,-0.0406883,-0.00145122,5.5023,5.0087,-0.2685,-61.7508,-1.9920,1276.5295,230.0000,,5.5023,5.1891,5.1891,5.1891,5.1891,9.8593,10.3783,5.1891,0.0,1.899994,2.0,1.060345,29,29,1,4,0E-8,-0.04837398,,0E-8,0.000000,0.902439,0.000000,,2026-05-12,2026-05-12,1,31,29,1,1.000000,,,0.000000,,,,,,,,GLOBAL_BASELINE_NO_ENTITY_RANKING,,,NOT_APPLICABLE_GLOBAL_BASELINE,HF9g-P5,,,,X 全窗基线 · 不参与实体赏罚,3921098,393,A168_HF9F_20260827_0900,2026-08-27 09:00:00
2026-05-12,149920349,2250,0,25.9457215505,0E-10,0E-10,0.5000000,4,4,0.49324550000000000,0.493245500000,0.01910635448239258,0.01910635448239258,0.01910635448239258,0E-17,ELIGIBLE,R03b_20260811_FULL_v1,L1_ELIGIBILITY,v2026-08-11,2026-03-21..2026-08-06,baccarat_bet02_101_all_pairs_incl_sentinel,round_win = game_pnl > 0 (decisive only),COMPATIBILITY_ONLY_NOT_PRODUCTION,1276.5295,1151.9900,-61.7508,232,230,0.04837398,,0.04837398,0.04837398,61.7508,1276.5295,OK,0.0000,-1.8525,3.0000,97.0000,AG03-UNRESOLVED,ALL5_LEVELS_bet23_to_bet27,-1.8525,-1.8525,-1.8525,-2.4700,-2.4700,3.000000,3.000000,3.000000,4.000000,4.000000,97.000000,97.000000,97.000000,96.000000,96.000000,5.0,-10.4976,-9.811,-51.2532,-51.9398,PENDING_AG03,FALSE,NOT_FOR_ENFORCEMENT,-59.8983,1117.4303,-61.7508,-59.8983,-1.8525,-0.04837398,-0.04692276,-1.8525,-59.8983,-0.04692276,-1.8525,-1.8525,-1.8525,-2.4700,-2.4700,-59.8983,-0.04692276,-10.4976,-9.811,-51.2532,-51.9398,-0.04015041,-0.0406883,-0.00145122,5.5023,5.0087,-0.2685,-61.7508,-1.9920,1276.5295,230.0000,,5.5023,5.1891,5.1891,5.1891,5.1891,9.8593,10.3783,5.1891,0.0,1.899994,2.0,1.060345,29,29,1,4,0E-8,-0.04837398,,0E-8,0.000000,0.902439,0.000000,,2026-05-12,2026-05-12,1,31,29,1,1.000000,,,0.000000,,,,,,,,GLOBAL_BASELINE_NO_ENTITY_RANKING,,,NOT_APPLICABLE_GLOBAL_BASELINE,HF9g-P5,,,,X 全窗基线 · 不参与实体赏罚,3921099,393,A168_HF9F_20260827_0900,2026-08-27 09:00:00
2026-05-12,149920349,595,0,46.7022987909,25.9457215505,25.9457215505,0.7500000,8,8,0.49324550000000000,0.493245500000,1.4525553310976282,1.4525553310976282,1.4525553310976282,0E-17,ELIGIBLE,R03b_20260811_FULL_v1,L1_ELIGIBILITY,v2026-08-11,2026-03-21..2026-08-06,baccarat_bet02_101_all_pairs_incl_sentinel,round_win = game_pnl > 0 (decisive only),COMPATIBILITY_ONLY_NOT_PRODUCTION,1276.5295,1151.9900,-61.7508,232,230,0.04837398,,0.04837398,0.04837398,61.7508,1276.5295,OK,0.0000,-1.8525,3.0000,97.0000,AG03-UNRESOLVED,ALL5_LEVELS_bet23_to_bet27,-1.8525,-1.8525,-1.8525,-2.4700,-2.4700,3.000000,3.000000,3.000000,4.000000,4.000000,97.000000,97.000000,97.000000,96.000000,96.000000,5.0,-10.4976,-9.811,-51.2532,-51.9398,PENDING_AG03,FALSE,NOT_FOR_ENFORCEMENT,-59.8983,1117.4303,-61.7508,-59.8983,-1.8525,-0.04837398,-0.04692276,-1.8525,-59.8983,-0.04692276,-1.8525,-1.8525,-1.8525,-2.4700,-2.4700,-59.8983,-0.04692276,-10.4976,-9.811,-51.2532,-51.9398,-0.04015041,-0.0406883,-0.00145122,5.5023,5.0087,-0.2685,-61.7508,-1.9920,1276.5295,230.0000,,5.5023,5.1891,5.1891,5.1891,5.1891,9.8593,10.3783,5.1891,0.0,1.899994,2.0,1.060345,29,29,1,4,0E-8,-0.04837398,,0E-8,0.000000,0.902439,0.000000,,2026-05-12,2026-05-12,1,31,29,1,1.000000,,,0.000000,,,,,,,,GLOBAL_BASELINE_NO_ENTITY_RANKING,,,NOT_APPLICABLE_GLOBAL_BASELINE,HF9g-P5,,,,X 全窗基线 · 不参与实体赏罚,3921100,393,A168_HF9F_20260827_0900,2026-08-27 09:00:00
2026-05-12,149920349,763,0,41.5131544808,-10.3782886202,-10.3782886202,0.3333333,8,8,0.49324550000000000,0.493245500000,-0.783477916903833,-0.7834779169038328,-0.783477916903833,0E-17,ELIGIBLE,R03b_20260811_FULL_v1,L1_ELIGIBILITY,v2026-08-11,2026-03-21..2026-08-06,baccarat_bet02_101_all_pairs_incl_sentinel,round_win = game_pnl > 0 (decisive only),COMPATIBILITY_ONLY_NOT_PRODUCTION,1276.5295,1151.9900,-61.7508,232,230,0.04837398,,0.04837398,0.04837398,61.7508,1276.5295,OK,0.0000,-1.8525,3.0000,97.0000,AG03-UNRESOLVED,ALL5_LEVELS_bet23_to_bet27,-1.8525,-1.8525,-1.8525,-2.4700,-2.4700,3.000000,3.000000,3.000000,4.000000,4.000000,97.000000,97.000000,97.000000,96.000000,96.000000,5.0,-10.4976,-9.811,-51.2532,-51.9398,PENDING_AG03,FALSE,NOT_FOR_ENFORCEMENT,-59.8983,1117.4303,-61.7508,-59.8983,-1.8525,-0.04837398,-0.04692276,-1.8525,-59.8983,-0.04692276,-1.8525,-1.8525,-1.8525,-2.4700,-2.4700,-59.8983,-0.04692276,-10.4976,-9.811,-51.2532,-51.9398,-0.04015041,-0.0406883,-0.00145122,5.5023,5.0087,-0.2685,-61.7508,-1.9920,1276.5295,230.0000,,5.5023,5.1891,5.1891,5.1891,5.1891,9.8593,10.3783,5.1891,0.0,1.899994,2.0,1.060345,29,29,1,4,0E-8,-0.04837398,,0E-8,0.000000,0.902439,0.000000,,2026-05-12,2026-05-12,1,31,29,1,1.000000,,,0.000000,,,,,,,,GLOBAL_BASELINE_NO_ENTITY_RANKING,,,NOT_APPLICABLE_GLOBAL_BASELINE,HF9g-P5,,,,X 全窗基线 · 不参与实体赏罚,3921101,393,A168_HF9F_20260827_0900,2026-08-27 09:00:00
2026-05-31,150807653,-1,1,482.5904208393,-88.2154532717,-88.2154532717,0.4022989,93,93,0.49338964193548387,0.493389641935,-1.699425204027051,-1.699425204018046,-1.699425204027051,4.8387E-13,SENTINEL_DEALER,R03b_20260811_FULL_v1,L1_ELIGIBILITY,v2026-08-11,2026-03-21..2026-08-06,baccarat_bet02_101_all_pairs_incl_sentinel,round_win = game_pnl > 0 (decisive only),COMPATIBILITY_ONLY_NOT_PRODUCTION,1354.3667,1224.6381,-61.7508,260,259,0.04559387,,0.04559387,0.04559387,61.7508,1354.3667,OK,0.0000,-1.8525,3.0000,97.0000,AG03-UNRESOLVED,ALL5_LEVELS_bet23_to_bet27,-1.8525,-1.8525,-1.8525,-2.4700,-2.4700,3.000000,3.000000,3.000000,4.000000,4.000000,97.000000,97.000000,97.000000,96.000000,96.000000,5.0,-10.4976,-9.811,-51.2532,-51.9398,PENDING_AG03,FALSE,NOT_FOR_ENFORCEMENT,-59.8983,1187.8989,-61.7508,-59.8983,-1.8525,-0.04559387,-0.04422605,-1.8525,-59.8983,-0.04422605,-1.8525,-1.8525,-1.8525,-2.4700,-2.4700,-59.8983,-0.04422605,-10.4976,-9.811,-51.2532,-51.9398,-0.03784291,-0.03834989,-0.00136782,5.2091,4.7283,-0.2384,-61.7508,-1.9920,1354.3667,259.0000,,5.2091,5.1891,5.1891,5.1891,5.1891,5.1891,5.1891,5.1891,0.0,1.0,1.0,1.003846,29,30,1,3,0E-8,-0.04559387,,0E-8,0.000000,0.904215,0.000000,,2026-05-31,2026-05-31,1,31,29,1,1.000000,,,0.000000,,,,,,,,GLOBAL_BASELINE_NO_ENTITY_RANKING,,,NOT_APPLICABLE_GLOBAL_BASELINE,HF9g-P5,,,,X 全窗基线 · 不参与实体赏罚,3921102,393,A168_HF9F_20260827_0900,2026-08-27 09:00:00
2026-05-31,150807653,1151,0,46.7022987909,20.7565772404,20.7565772404,0.7500000,9,9,0.49324550000000000,0.493245500000,1.4525553310976282,1.4525553310976282,1.4525553310976282,0E-17,ELIGIBLE,R03b_20260811_FULL_v1,L1_ELIGIBILITY,v2026-08-11,2026-03-21..2026-08-06,baccarat_bet02_101_all_pairs_incl_sentinel,round_win = game_pnl > 0 (decisive only),COMPATIBILITY_ONLY_NOT_PRODUCTION,1354.3667,1224.6381,-61.7508,260,259,0.04559387,,0.04559387,0.04559387,61.7508,1354.3667,OK,0.0000,-1.8525,3.0000,97.0000,AG03-UNRESOLVED,ALL5_LEVELS_bet23_to_bet27,-1.8525,-1.8525,-1.8525,-2.4700,-2.4700,3.000000,3.000000,3.000000,4.000000,4.000000,97.000000,97.000000,97.000000,96.000000,96.000000,5.0,-10.4976,-9.811,-51.2532,-51.9398,PENDING_AG03,FALSE,NOT_FOR_ENFORCEMENT,-59.8983,1187.8989,-61.7508,-59.8983,-1.8525,-0.04559387,-0.04422605,-1.8525,-59.8983,-0.04422605,-1.8525,-1.8525,-1.8525,-2.4700,-2.4700,-59.8983,-0.04422605,-10.4976,-9.811,-51.2532,-51.9398,-0.03784291,-0.03834989,-0.00136782,5.2091,4.7283,-0.2384,-61.7508,-1.9920,1354.3667,259.0000,,5.2091,5.1891,5.1891,5.1891,5.1891,5.1891,5.1891,5.1891,0.0,1.0,1.0,1.003846,29,30,1,3,0E-8,-0.04559387,,0E-8,0.000000,0.904215,0.000000,,2026-05-31,2026-05-31,1,31,29,1,1.000000,,,0.000000,,,,,,,,GLOBAL_BASELINE_NO_ENTITY_RANKING,,,NOT_APPLICABLE_GLOBAL_BASELINE,HF9g-P5,,,,X 全窗基线 · 不参与实体赏罚,3921103,393,A168_HF9F_20260827_0900,2026-08-27 09:00:00
2026-05-31,150807653,1205,0,15.5674329303,-5.1891443101,-5.1891443101,0.3333333,3,3,0.49324550000000000,0.493245500000,-0.5540025479526107,-0.5540025479526106,-0.5540025479526107,0E-17,ELIGIBLE,R03b_20260811_FULL_v1,L1_ELIGIBILITY,v2026-08-11,2026-03-21..2026-08-06,baccarat_bet02_101_all_pairs_incl_sentinel,round_win = game_pnl > 0 (decisive only),COMPATIBILITY_ONLY_NOT_PRODUCTION,1354.3667,1224.6381,-61.7508,260,259,0.04559387,,0.04559387,0.04559387,61.7508,1354.3667,OK,0.0000,-1.8525,3.0000,97.0000,AG03-UNRESOLVED,ALL5_LEVELS_bet23_to_bet27,-1.8525,-1.8525,-1.8525,-2.4700,-2.4700,3.000000,3.000000,3.000000,4.000000,4.000000,97.000000,97.000000,97.000000,96.000000,96.000000,5.0,-10.4976,-9.811,-51.2532,-51.9398,PENDING_AG03,FALSE,NOT_FOR_ENFORCEMENT,-59.8983,1187.8989,-61.7508,-59.8983,-1.8525,-0.04559387,-0.04422605,-1.8525,-59.8983,-0.04422605,-1.8525,-1.8525,-1.8525,-2.4700,-2.4700,-59.8983,-0.04422605,-10.4976,-9.811,-51.2532,-51.9398,-0.03784291,-0.03834989,-0.00136782,5.2091,4.7283,-0.2384,-61.7508,-1.9920,1354.3667,259.0000,,5.2091,5.1891,5.1891,5.1891,5.1891,5.1891,5.1891,5.1891,0.0,1.0,1.0,1.003846,29,30,1,3,0E-8,-0.04559387,,0E-8,0.000000,0.904215,0.000000,,2026-05-31,2026-05-31,1,31,29,1,1.000000,,,0.000000,,,,,,,,GLOBAL_BASELINE_NO_ENTITY_RANKING,,,NOT_APPLICABLE_GLOBAL_BASELINE,HF9g-P5,,,,X 全窗基线 · 不参与实体赏罚,3921104,393,A168_HF9F_20260827_0900,2026-08-27 09:00:00
2026-05-31,150807653,1302,0,31.1348658606,4.6702298791,4.6702298791,0.6000000,6,6,0.50218230000000000,0.502182300000,0.4374582199563857,0.4374582199563857,0.4374582199563857,0E-17,ELIGIBLE,R03b_20260811_FULL_v1,L1_ELIGIBILITY,v2026-08-11,2026-03-21..2026-08-06,baccarat_bet02_101_all_pairs_incl_sentinel,round_win = game_pnl > 0 (decisive only),COMPATIBILITY_ONLY_NOT_PRODUCTION,1354.3667,1224.6381,-61.7508,260,259,0.04559387,,0.04559387,0.04559387,61.7508,1354.3667,OK,0.0000,-1.8525,3.0000,97.0000,AG03-UNRESOLVED,ALL5_LEVELS_bet23_to_bet27,-1.8525,-1.8525,-1.8525,-2.4700,-2.4700,3.000000,3.000000,3.000000,4.000000,4.000000,97.000000,97.000000,97.000000,96.000000,96.000000,5.0,-10.4976,-9.811,-51.2532,-51.9398,PENDING_AG03,FALSE,NOT_FOR_ENFORCEMENT,-59.8983,1187.8989,-61.7508,-59.8983,-1.8525,-0.04559387,-0.04422605,-1.8525,-59.8983,-0.04422605,-1.8525,-1.8525,-1.8525,-2.4700,-2.4700,-59.8983,-0.04422605,-10.4976,-9.811,-51.2532,-51.9398,-0.03784291,-0.03834989,-0.00136782,5.2091,4.7283,-0.2384,-61.7508,-1.9920,1354.3667,259.0000,,5.2091,5.1891,5.1891,5.1891,5.1891,5.1891,5.1891,5.1891,0.0,1.0,1.0,1.003846,29,30,1,3,0E-8,-0.04559387,,0E-8,0.000000,0.904215,0.000000,,2026-05-31,2026-05-31,1,31,29,1,1.000000,,,0.000000,,,,,,,,GLOBAL_BASELINE_NO_ENTITY_RANKING,,,NOT_APPLICABLE_GLOBAL_BASELINE,HF9g-P5,,,,X 全窗基线 · 不参与实体赏罚,3921105,393,A168_HF9F_20260827_0900,2026-08-27 09:00:00
2026-05-31,150807653,1318,0,15.5674329303,10.3782886202,10.3782886202,1.0000000,3,3,0.49324550000000000,0.493245500000,1.4334489766152358,1.4334489766152358,1.4334489766152358,0E-17,ELIGIBLE,R03b_20260811_FULL_v1,L1_ELIGIBILITY,v2026-08-11,2026-03-21..2026-08-06,baccarat_bet02_101_all_pairs_incl_sentinel,round_win = game_pnl > 0 (decisive only),COMPATIBILITY_ONLY_NOT_PRODUCTION,1354.3667,1224.6381,-61.7508,260,259,0.04559387,,0.04559387,0.04559387,61.7508,1354.3667,OK,0.0000,-1.8525,3.0000,97.0000,AG03-UNRESOLVED,ALL5_LEVELS_bet23_to_bet27,-1.8525,-1.8525,-1.8525,-2.4700,-2.4700,3.000000,3.000000,3.000000,4.000000,4.000000,97.000000,97.000000,97.000000,96.000000,96.000000,5.0,-10.4976,-9.811,-51.2532,-51.9398,PENDING_AG03,FALSE,NOT_FOR_ENFORCEMENT,-59.8983,1187.8989,-61.7508,-59.8983,-1.8525,-0.04559387,-0.04422605,-1.8525,-59.8983,-0.04422605,-1.8525,-1.8525,-1.8525,-2.4700,-2.4700,-59.8983,-0.04422605,-10.4976,-9.811,-51.2532,-51.9398,-0.03784291,-0.03834989,-0.00136782,5.2091,4.7283,-0.2384,-61.7508,-1.9920,1354.3667,259.0000,,5.2091,5.1891,5.1891,5.1891,5.1891,5.1891,5.1891,5.1891,0.0,1.0,1.0,1.003846,29,30,1,3,0E-8,-0.04559387,,0E-8,0.000000,0.904215,0.000000,,2026-05-31,2026-05-31,1,31,29,1,1.000000,,,0.000000,,,,,,,,GLOBAL_BASELINE_NO_ENTITY_RANKING,,,NOT_APPLICABLE_GLOBAL_BASELINE,HF9g-P5,,,,X 全窗基线 · 不参与实体赏罚,3921106,393,A168_HF9F_20260827_0900,2026-08-27 09:00:00
2026-05-31,150807653,1331,0,51.8914431010,20.7565772404,20.7565772404,0.8333333,10,10,0.49324550000000000,0.493245500000,1.666235363940442,1.6662353639404415,1.666235363940442,0E-17,ELIGIBLE,R03b_20260811_FULL_v1,L1_ELIGIBILITY,v2026-08-11,2026-03-21..2026-08-06,baccarat_bet02_101_all_pairs_incl_sentinel,round_win = game_pnl > 0 (decisive only),COMPATIBILITY_ONLY_NOT_PRODUCTION,1354.3667,1224.6381,-61.7508,260,259,0.04559387,,0.04559387,0.04559387,61.7508,1354.3667,OK,0.0000,-1.8525,3.0000,97.0000,AG03-UNRESOLVED,ALL5_LEVELS_bet23_to_bet27,-1.8525,-1.8525,-1.8525,-2.4700,-2.4700,3.000000,3.000000,3.000000,4.000000,4.000000,97.000000,97.000000,97.000000,96.000000,96.000000,5.0,-10.4976,-9.811,-51.2532,-51.9398,PENDING_AG03,FALSE,NOT_FOR_ENFORCEMENT,-59.8983,1187.8989,-61.7508,-59.8983,-1.8525,-0.04559387,-0.04422605,-1.8525,-59.8983,-0.04422605,-1.8525,-1.8525,-1.8525,-2.4700,-2.4700,-59.8983,-0.04422605,-10.4976,-9.811,-51.2532,-51.9398,-0.03784291,-0.03834989,-0.00136782,5.2091,4.7283,-0.2384,-61.7508,-1.9920,1354.3667,259.0000,,5.2091,5.1891,5.1891,5.1891,5.1891,5.1891,5.1891,5.1891,0.0,1.0,1.0,1.003846,29,30,1,3,0E-8,-0.04559387,,0E-8,0.000000,0.904215,0.000000,,2026-05-31,2026-05-31,1,31,29,1,1.000000,,,0.000000,,,,,,,,GLOBAL_BASELINE_NO_ENTITY_RANKING,,,NOT_APPLICABLE_GLOBAL_BASELINE,HF9g-P5,,,,X 全窗基线 · 不参与实体赏罚,3921107,393,A168_HF9F_20260827_0900,2026-08-27 09:00:00
2026-05-31,150807653,1353,0,41.5131544808,10.3782886202,10.3782886202,0.5714286,7,7,0.49324550000000000,0.493245500000,0.4137436818725812,0.41374368187258126,0.4137436818725812,0E-17,ELIGIBLE,R03b_20260811_FULL_v1,L1_ELIGIBILITY,v2026-08-11,2026-03-21..2026-08-06,baccarat_bet02_101_all_pairs_incl_sentinel,round_win = game_pnl > 0 (decisive only),COMPATIBILITY_ONLY_NOT_PRODUCTION,1354.3667,1224.6381,-61.7508,260,259,0.04559387,,0.04559387,0.04559387,61.7508,1354.3667,OK,0.0000,-1.8525,3.0000,97.0000,AG03-UNRESOLVED,ALL5_LEVELS_bet23_to_bet27,-1.8525,-1.8525,-1.8525,-2.4700,-2.4700,3.000000,3.000000,3.000000,4.000000,4.000000,97.000000,97.000000,97.000000,96.000000,96.000000,5.0,-10.4976,-9.811,-51.2532,-51.9398,PENDING_AG03,FALSE,NOT_FOR_ENFORCEMENT,-59.8983,1187.8989,-61.7508,-59.8983,-1.8525,-0.04559387,-0.04422605,-1.8525,-59.8983,-0.04422605,-1.8525,-1.8525,-1.8525,-2.4700,-2.4700,-59.8983,-0.04422605,-10.4976,-9.811,-51.2532,-51.9398,-0.03784291,-0.03834989,-0.00136782,5.2091,4.7283,-0.2384,-61.7508,-1.9920,1354.3667,259.0000,,5.2091,5.1891,5.1891,5.1891,5.1891,5.1891,5.1891,5.1891,0.0,1.0,1.0,1.003846,29,30,1,3,0E-8,-0.04559387,,0E-8,0.000000,0.904215,0.000000,,2026-05-31,2026-05-31,1,31,29,1,1.000000,,,0.000000,,,,,,,,GLOBAL_BASELINE_NO_ENTITY_RANKING,,,NOT_APPLICABLE_GLOBAL_BASELINE,HF9g-P5,,,,X 全窗基线 · 不参与实体赏罚,3921108,393,A168_HF9F_20260827_0900,2026-08-27 09:00:00
2026-05-31,150807653,1374,0,5.1891443101,5.1891443101,5.1891443101,1.0000000,1,1,0.49324550000000000,0.493245500000,1.01360149184955,1.01360149184955,1.01360149184955,0E-17,ELIGIBLE,R03b_20260811_FULL_v1,L1_ELIGIBILITY,v2026-08-11,2026-03-21..2026-08-06,baccarat_bet02_101_all_pairs_incl_sentinel,round_win = game_pnl > 0 (decisive only),COMPATIBILITY_ONLY_NOT_PRODUCTION,1354.3667,1224.6381,-61.7508,260,259,0.04559387,,0.04559387,0.04559387,61.7508,1354.3667,OK,0.0000,-1.8525,3.0000,97.0000,AG03-UNRESOLVED,ALL5_LEVELS_bet23_to_bet27,-1.8525,-1.8525,-1.8525,-2.4700,-2.4700,3.000000,3.000000,3.000000,4.000000,4.000000,97.000000,97.000000,97.000000,96.000000,96.000000,5.0,-10.4976,-9.811,-51.2532,-51.9398,PENDING_AG03,FALSE,NOT_FOR_ENFORCEMENT,-59.8983,1187.8989,-61.7508,-59.8983,-1.8525,-0.04559387,-0.04422605,-1.8525,-59.8983,-0.04422605,-1.8525,-1.8525,-1.8525,-2.4700,-2.4700,-59.8983,-0.04422605,-10.4976,-9.811,-51.2532,-51.9398,-0.03784291,-0.03834989,-0.00136782,5.2091,4.7283,-0.2384,-61.7508,-1.9920,1354.3667,259.0000,,5.2091,5.1891,5.1891,5.1891,5.1891,5.1891,5.1891,5.1891,0.0,1.0,1.0,1.003846,29,30,1,3,0E-8,-0.04559387,,0E-8,0.000000,0.904215,0.000000,,2026-05-31,2026-05-31,1,31,29,1,1.000000,,,0.000000,,,,,,,,GLOBAL_BASELINE_NO_ENTITY_RANKING,,,NOT_APPLICABLE_GLOBAL_BASELINE,HF9g-P5,,,,X 全窗基线 · 不参与实体赏罚,3921109,393,A168_HF9F_20260827_0900,2026-08-27 09:00:00
2026-05-31,150807653,1385,0,25.9457215505,0E-10,0E-10,0.5000000,5,5,0.49324550000000000,0.493245500000,0.01910635448239258,0.01910635448239258,0.01910635448239258,0E-17,ELIGIBLE,R03b_20260811_FULL_v1,L1_ELIGIBILITY,v2026-08-11,2026-03-21..2026-08-06,baccarat_bet02_101_all_pairs_incl_sentinel,round_win = game_pnl > 0 (decisive only),COMPATIBILITY_ONLY_NOT_PRODUCTION,1354.3667,1224.6381,-61.7508,260,259,0.04559387,,0.04559387,0.04559387,61.7508,1354.3667,OK,0.0000,-1.8525,3.0000,97.0000,AG03-UNRESOLVED,ALL5_LEVELS_bet23_to_bet27,-1.8525,-1.8525,-1.8525,-2.4700,-2.4700,3.000000,3.000000,3.000000,4.000000,4.000000,97.000000,97.000000,97.000000,96.000000,96.000000,5.0,-10.4976,-9.811,-51.2532,-51.9398,PENDING_AG03,FALSE,NOT_FOR_ENFORCEMENT,-59.8983,1187.8989,-61.7508,-59.8983,-1.8525,-0.04559387,-0.04422605,-1.8525,-59.8983,-0.04422605,-1.8525,-1.8525,-1.8525,-2.4700,-2.4700,-59.8983,-0.04422605,-10.4976,-9.811,-51.2532,-51.9398,-0.03784291,-0.03834989,-0.00136782,5.2091,4.7283,-0.2384,-61.7508,-1.9920,1354.3667,259.0000,,5.2091,5.1891,5.1891,5.1891,5.1891,5.1891,5.1891,5.1891,0.0,1.0,1.0,1.003846,29,30,1,3,0E-8,-0.04559387,,0E-8,0.000000,0.904215,0.000000,,2026-05-31,2026-05-31,1,31,29,1,1.000000,,,0.000000,,,,,,,,GLOBAL_BASELINE_NO_ENTITY_RANKING,,,NOT_APPLICABLE_GLOBAL_BASELINE,HF9g-P5,,,,X 全窗基线 · 不参与实体赏罚,3921110,393,A168_HF9F_20260827_0900,2026-08-27 09:00:00
2026-05-31,150807653,1509,0,15.5674329303,5.1891443101,5.1891443101,0.6666667,3,3,0.49324550000000000,0.493245500000,0.6008033672792107,0.6008033672792106,0.6008033672792107,0E-17,ELIGIBLE,R03b_20260811_FULL_v1,L1_ELIGIBILITY,v2026-08-11,2026-03-21..2026-08-06,baccarat_bet02_101_all_pairs_incl_sentinel,round_win = game_pnl > 0 (decisive only),COMPATIBILITY_ONLY_NOT_PRODUCTION,1354.3667,1224.6381,-61.7508,260,259,0.04559387,,0.04559387,0.04559387,61.7508,1354.3667,OK,0.0000,-1.8525,3.0000,97.0000,AG03-UNRESOLVED,ALL5_LEVELS_bet23_to_bet27,-1.8525,-1.8525,-1.8525,-2.4700,-2.4700,3.000000,3.000000,3.000000,4.000000,4.000000,97.000000,97.000000,97.000000,96.000000,96.000000,5.0,-10.4976,-9.811,-51.2532,-51.9398,PENDING_AG03,FALSE,NOT_FOR_ENFORCEMENT,-59.8983,1187.8989,-61.7508,-59.8983,-1.8525,-0.04559387,-0.04422605,-1.8525,-59.8983,-0.04422605,-1.8525,-1.8525,-1.8525,-2.4700,-2.4700,-59.8983,-0.04422605,-10.4976,-9.811,-51.2532,-51.9398,-0.03784291,-0.03834989,-0.00136782,5.2091,4.7283,-0.2384,-61.7508,-1.9920,1354.3667,259.0000,,5.2091,5.1891,5.1891,5.1891,5.1891,5.1891,5.1891,5.1891,0.0,1.0,1.0,1.003846,29,30,1,3,0E-8,-0.04559387,,0E-8,0.000000,0.904215,0.000000,,2026-05-31,2026-05-31,1,31,29,1,1.000000,,,0.000000,,,,,,,,GLOBAL_BASELINE_NO_ENTITY_RANKING,,,NOT_APPLICABLE_GLOBAL_BASELINE,HF9g-P5,,,,X 全窗基线 · 不参与实体赏罚,3921111,393,A168_HF9F_20260827_0900,2026-08-27 09:00:00
2026-05-31,150807653,1654,0,25.9457215505,-5.1891443101,-5.1891443101,0.4000000,5,5,0.49324550000000000,0.493245500000,-0.4170446088060018,-0.4170446088060018,-0.4170446088060018,0E-17,ELIGIBLE,R03b_20260811_FULL_v1,L1_ELIGIBILITY,v2026-08-11,2026-03-21..2026-08-06,baccarat_bet02_101_all_pairs_incl_sentinel,round_win = game_pnl > 0 (decisive only),COMPATIBILITY_ONLY_NOT_PRODUCTION,1354.3667,1224.6381,-61.7508,260,259,0.04559387,,0.04559387,0.04559387,61.7508,1354.3667,OK,0.0000,-1.8525,3.0000,97.0000,AG03-UNRESOLVED,ALL5_LEVELS_bet23_to_bet27,-1.8525,-1.8525,-1.8525,-2.4700,-2.4700,3.000000,3.000000,3.000000,4.000000,4.000000,97.000000,97.000000,97.000000,96.000000,96.000000,5.0,-10.4976,-9.811,-51.2532,-51.9398,PENDING_AG03,FALSE,NOT_FOR_ENFORCEMENT,-59.8983,1187.8989,-61.7508,-59.8983,-1.8525,-0.04559387,-0.04422605,-1.8525,-59.8983,-0.04422605,-1.8525,-1.8525,-1.8525,-2.4700,-2.4700,-59.8983,-0.04422605,-10.4976,-9.811,-51.2532,-51.9398,-0.03784291,-0.03834989,-0.00136782,5.2091,4.7283,-0.2384,-61.7508,-1.9920,1354.3667,259.0000,,5.2091,5.1891,5.1891,5.1891,5.1891,5.1891,5.1891,5.1891,0.0,1.0,1.0,1.003846,29,30,1,3,0E-8,-0.04559387,,0E-8,0.000000,0.904215,0.000000,,2026-05-31,2026-05-31,1,31,29,1,1.000000,,,0.000000,,,,,,,,GLOBAL_BASELINE_NO_ENTITY_RANKING,,,NOT_APPLICABLE_GLOBAL_BASELINE,HF9g-P5,,,,X 全窗基线 · 不参与实体赏罚,3921112,393,A168_HF9F_20260827_0900,2026-08-27 09:00:00
2026-05-31,150807653,1702,0,25.9457215505,5.1891443101,5.1891443101,0.6666667,5,5,0.49324550000000000,0.493245500000,0.6008033672792107,0.6008033672792106,0.6008033672792107,0E-17,ELIGIBLE,R03b_20260811_FULL_v1,L1_ELIGIBILITY,v2026-08-11,2026-03-21..2026-08-06,baccarat_bet02_101_all_pairs_incl_sentinel,round_win = game_pnl > 0 (decisive only),COMPATIBILITY_ONLY_NOT_PRODUCTION,1354.3667,1224.6381,-61.7508,260,259,0.04559387,,0.04559387,0.04559387,61.7508,1354.3667,OK,0.0000,-1.8525,3.0000,97.0000,AG03-UNRESOLVED,ALL5_LEVELS_bet23_to_bet27,-1.8525,-1.8525,-1.8525,-2.4700,-2.4700,3.000000,3.000000,3.000000,4.000000,4.000000,97.000000,97.000000,97.000000,96.000000,96.000000,5.0,-10.4976,-9.811,-51.2532,-51.9398,PENDING_AG03,FALSE,NOT_FOR_ENFORCEMENT,-59.8983,1187.8989,-61.7508,-59.8983,-1.8525,-0.04559387,-0.04422605,-1.8525,-59.8983,-0.04422605,-1.8525,-1.8525,-1.8525,-2.4700,-2.4700,-59.8983,-0.04422605,-10.4976,-9.811,-51.2532,-51.9398,-0.03784291,-0.03834989,-0.00136782,5.2091,4.7283,-0.2384,-61.7508,-1.9920,1354.3667,259.0000,,5.2091,5.1891,5.1891,5.1891,5.1891,5.1891,5.1891,5.1891,0.0,1.0,1.0,1.003846,29,30,1,3,0E-8,-0.04559387,,0E-8,0.000000,0.904215,0.000000,,2026-05-31,2026-05-31,1,31,29,1,1.000000,,,0.000000,,,,,,,,GLOBAL_BASELINE_NO_ENTITY_RANKING,,,NOT_APPLICABLE_GLOBAL_BASELINE,HF9g-P5,,,,X 全窗基线 · 不参与实体赏罚,3921113,393,A168_HF9F_20260827_0900,2026-08-27 09:00:00
2026-05-31,150807653,1957,0,10.3782886202,10.3782886202,10.3782886202,1.0000000,2,2,0.49324550000000000,0.493245500000,1.4334489766152358,1.4334489766152358,1.4334489766152358,0E-17,ELIGIBLE,R03b_20260811_FULL_v1,L1_ELIGIBILITY,v2026-08-11,2026-03-21..2026-08-06,baccarat_bet02_101_all_pairs_incl_sentinel,round_win = game_pnl > 0 (decisive only),COMPATIBILITY_ONLY_NOT_PRODUCTION,1354.3667,1224.6381,-61.7508,260,259,0.04559387,,0.04559387,0.04559387,61.7508,1354.3667,OK,0.0000,-1.8525,3.0000,97.0000,AG03-UNRESOLVED,ALL5_LEVELS_bet23_to_bet27,-1.8525,-1.8525,-1.8525,-2.4700,-2.4700,3.000000,3.000000,3.000000,4.000000,4.000000,97.000000,97.000000,97.000000,96.000000,96.000000,5.0,-10.4976,-9.811,-51.2532,-51.9398,PENDING_AG03,FALSE,NOT_FOR_ENFORCEMENT,-59.8983,1187.8989,-61.7508,-59.8983,-1.8525,-0.04559387,-0.04422605,-1.8525,-59.8983,-0.04422605,-1.8525,-1.8525,-1.8525,-2.4700,-2.4700,-59.8983,-0.04422605,-10.4976,-9.811,-51.2532,-51.9398,-0.03784291,-0.03834989,-0.00136782,5.2091,4.7283,-0.2384,-61.7508,-1.9920,1354.3667,259.0000,,5.2091,5.1891,5.1891,5.1891,5.1891,5.1891,5.1891,5.1891,0.0,1.0,1.0,1.003846,29,30,1,3,0E-8,-0.04559387,,0E-8,0.000000,0.904215,0.000000,,2026-05-31,2026-05-31,1,31,29,1,1.000000,,,0.000000,,,,,,,,GLOBAL_BASELINE_NO_ENTITY_RANKING,,,NOT_APPLICABLE_GLOBAL_BASELINE,HF9g-P5,,,,X 全窗基线 · 不参与实体赏罚,3921114,393,A168_HF9F_20260827_0900,2026-08-27 09:00:00
2026-05-31,150807653,1966,0,25.9457215505,5.1891443101,5.1891443101,0.6000000,5,5,0.49324550000000000,0.493245500000,0.47746420675292983,0.47746420675292983,0.47746420675292983,0E-17,ELIGIBLE,R03b_20260811_FULL_v1,L1_ELIGIBILITY,v2026-08-11,2026-03-21..2026-08-06,baccarat_bet02_101_all_pairs_incl_sentinel,round_win = game_pnl > 0 (decisive only),COMPATIBILITY_ONLY_NOT_PRODUCTION,1354.3667,1224.6381,-61.7508,260,259,0.04559387,,0.04559387,0.04559387,61.7508,1354.3667,OK,0.0000,-1.8525,3.0000,97.0000,AG03-UNRESOLVED,ALL5_LEVELS_bet23_to_bet27,-1.8525,-1.8525,-1.8525,-2.4700,-2.4700,3.000000,3.000000,3.000000,4.000000,4.000000,97.000000,97.000000,97.000000,96.000000,96.000000,5.0,-10.4976,-9.811,-51.2532,-51.9398,PENDING_AG03,FALSE,NOT_FOR_ENFORCEMENT,-59.8983,1187.8989,-61.7508,-59.8983,-1.8525,-0.04559387,-0.04422605,-1.8525,-59.8983,-0.04422605,-1.8525,-1.8525,-1.8525,-2.4700,-2.4700,-59.8983,-0.04422605,-10.4976,-9.811,-51.2532,-51.9398,-0.03784291,-0.03834989,-0.00136782,5.2091,4.7283,-0.2384,-61.7508,-1.9920,1354.3667,259.0000,,5.2091,5.1891,5.1891,5.1891,5.1891,5.1891,5.1891,5.1891,0.0,1.0,1.0,1.003846,29,30,1,3,0E-8,-0.04559387,,0E-8,0.000000,0.904215,0.000000,,2026-05-31,2026-05-31,1,31,29,1,1.000000,,,0.000000,,,,,,,,GLOBAL_BASELINE_NO_ENTITY_RANKING,,,NOT_APPLICABLE_GLOBAL_BASELINE,HF9g-P5,,,,X 全窗基线 · 不参与实体赏罚,3921115,393,A168_HF9F_20260827_0900,2026-08-27 09:00:00
2026-05-31,150807653,2106,0,31.1348658606,10.3782886202,10.3782886202,0.6666667,6,6,0.49324550000000000,0.493245500000,0.8496642703256836,0.8496642703256835,0.8496642703256836,0E-17,ELIGIBLE,R03b_20260811_FULL_v1,L1_ELIGIBILITY,v2026-08-11,2026-03-21..2026-08-06,baccarat_bet02_101_all_pairs_incl_sentinel,round_win = game_pnl > 0 (decisive only),COMPATIBILITY_ONLY_NOT_PRODUCTION,1354.3667,1224.6381,-61.7508,260,259,0.04559387,,0.04559387,0.04559387,61.7508,1354.3667,OK,0.0000,-1.8525,3.0000,97.0000,AG03-UNRESOLVED,ALL5_LEVELS_bet23_to_bet27,-1.8525,-1.8525,-1.8525,-2.4700,-2.4700,3.000000,3.000000,3.000000,4.000000,4.000000,97.000000,97.000000,97.000000,96.000000,96.000000,5.0,-10.4976,-9.811,-51.2532,-51.9398,PENDING_AG03,FALSE,NOT_FOR_ENFORCEMENT,-59.8983,1187.8989,-61.7508,-59.8983,-1.8525,-0.04559387,-0.04422605,-1.8525,-59.8983,-0.04422605,-1.8525,-1.8525,-1.8525,-2.4700,-2.4700,-59.8983,-0.04422605,-10.4976,-9.811,-51.2532,-51.9398,-0.03784291,-0.03834989,-0.00136782,5.2091,4.7283,-0.2384,-61.7508,-1.9920,1354.3667,259.0000,,5.2091,5.1891,5.1891,5.1891,5.1891,5.1891,5.1891,5.1891,0.0,1.0,1.0,1.003846,29,30,1,3,0E-8,-0.04559387,,0E-8,0.000000,0.904215,0.000000,,2026-05-31,2026-05-31,1,31,29,1,1.000000,,,0.000000,,,,,,,,GLOBAL_BASELINE_NO_ENTITY_RANKING,,,NOT_APPLICABLE_GLOBAL_BASELINE,HF9g-P5,,,,X 全窗基线 · 不参与实体赏罚,3921116,393,A168_HF9F_20260827_0900,2026-08-27 09:00:00
2026-05-31,150807653,2134,0,20.7565772404,-15.5674329303,-15.5674329303,0E-7,4,4,0.49324550000000000,0.493245500000,-1.708808463184432,-1.7088084631844318,-1.708808463184432,0E-17,ELIGIBLE,R03b_20260811_FULL_v1,L1_ELIGIBILITY,v2026-08-11,2026-03-21..2026-08-06,baccarat_bet02_101_all_pairs_incl_sentinel,round_win = game_pnl > 0 (decisive only),COMPATIBILITY_ONLY_NOT_PRODUCTION,1354.3667,1224.6381,-61.7508,260,259,0.04559387,,0.04559387,0.04559387,61.7508,1354.3667,OK,0.0000,-1.8525,3.0000,97.0000,AG03-UNRESOLVED,ALL5_LEVELS_bet23_to_bet27,-1.8525,-1.8525,-1.8525,-2.4700,-2.4700,3.000000,3.000000,3.000000,4.000000,4.000000,97.000000,97.000000,97.000000,96.000000,96.000000,5.0,-10.4976,-9.811,-51.2532,-51.9398,PENDING_AG03,FALSE,NOT_FOR_ENFORCEMENT,-59.8983,1187.8989,-61.7508,-59.8983,-1.8525,-0.04559387,-0.04422605,-1.8525,-59.8983,-0.04422605,-1.8525,-1.8525,-1.8525,-2.4700,-2.4700,-59.8983,-0.04422605,-10.4976,-9.811,-51.2532,-51.9398,-0.03784291,-0.03834989,-0.00136782,5.2091,4.7283,-0.2384,-61.7508,-1.9920,1354.3667,259.0000,,5.2091,5.1891,5.1891,5.1891,5.1891,5.1891,5.1891,5.1891,0.0,1.0,1.0,1.003846,29,30,1,3,0E-8,-0.04559387,,0E-8,0.000000,0.904215,0.000000,,2026-05-31,2026-05-31,1,31,29,1,1.000000,,,0.000000,,,,,,,,GLOBAL_BASELINE_NO_ENTITY_RANKING,,,NOT_APPLICABLE_GLOBAL_BASELINE,HF9g-P5,,,,X 全窗基线 · 不参与实体赏罚,3921117,393,A168_HF9F_20260827_0900,2026-08-27 09:00:00
2026-05-31,150807653,2156,0,36.3240101707,0E-10,0E-10,0.5000000,7,7,0.49516052857142857,0.495160528571,0.023709581855318605,0.023709581857418456,0.023709581855318605,4.2857E-13,ELIGIBLE,R03b_20260811_FULL_v1,L1_ELIGIBILITY,v2026-08-11,2026-03-21..2026-08-06,baccarat_bet02_101_all_pairs_incl_sentinel,round_win = game_pnl > 0 (decisive only),COMPATIBILITY_ONLY_NOT_PRODUCTION,1354.3667,1224.6381,-61.7508,260,259,0.04559387,,0.04559387,0.04559387,61.7508,1354.3667,OK,0.0000,-1.8525,3.0000,97.0000,AG03-UNRESOLVED,ALL5_LEVELS_bet23_to_bet27,-1.8525,-1.8525,-1.8525,-2.4700,-2.4700,3.000000,3.000000,3.000000,4.000000,4.000000,97.000000,97.000000,97.000000,96.000000,96.000000,5.0,-10.4976,-9.811,-51.2532,-51.9398,PENDING_AG03,FALSE,NOT_FOR_ENFORCEMENT,-59.8983,1187.8989,-61.7508,-59.8983,-1.8525,-0.04559387,-0.04422605,-1.8525,-59.8983,-0.04422605,-1.8525,-1.8525,-1.8525,-2.4700,-2.4700,-59.8983,-0.04422605,-10.4976,-9.811,-51.2532,-51.9398,-0.03784291,-0.03834989,-0.00136782,5.2091,4.7283,-0.2384,-61.7508,-1.9920,1354.3667,259.0000,,5.2091,5.1891,5.1891,5.1891,5.1891,5.1891,5.1891,5.1891,0.0,1.0,1.0,1.003846,29,30,1,3,0E-8,-0.04559387,,0E-8,0.000000,0.904215,0.000000,,2026-05-31,2026-05-31,1,31,29,1,1.000000,,,0.000000,,,,,,,,GLOBAL_BASELINE_NO_ENTITY_RANKING,,,NOT_APPLICABLE_GLOBAL_BASELINE,HF9g-P5,,,,X 全窗基线 · 不参与实体赏罚,3921118,393,A168_HF9F_20260827_0900,2026-08-27 09:00:00
2026-05-31,150807653,2160,0,51.8914431010,20.7565772404,20.7565772404,0.7000000,10,10,0.49324550000000000,0.493245500000,1.307749606050572,1.307749606050572,1.307749606050572,0E-17,ELIGIBLE,R03b_20260811_FULL_v1,L1_ELIGIBILITY,v2026-08-11,2026-03-21..2026-08-06,baccarat_bet02_101_all_pairs_incl_sentinel,round_win = game_pnl > 0 (decisive only),COMPATIBILITY_ONLY_NOT_PRODUCTION,1354.3667,1224.6381,-61.7508,260,259,0.04559387,,0.04559387,0.04559387,61.7508,1354.3667,OK,0.0000,-1.8525,3.0000,97.0000,AG03-UNRESOLVED,ALL5_LEVELS_bet23_to_bet27,-1.8525,-1.8525,-1.8525,-2.4700,-2.4700,3.000000,3.000000,3.000000,4.000000,4.000000,97.000000,97.000000,97.000000,96.000000,96.000000,5.0,-10.4976,-9.811,-51.2532,-51.9398,PENDING_AG03,FALSE,NOT_FOR_ENFORCEMENT,-59.8983,1187.8989,-61.7508,-59.8983,-1.8525,-0.04559387,-0.04422605,-1.8525,-59.8983,-0.04422605,-1.8525,-1.8525,-1.8525,-2.4700,-2.4700,-59.8983,-0.04422605,-10.4976,-9.811,-51.2532,-51.9398,-0.03784291,-0.03834989,-0.00136782,5.2091,4.7283,-0.2384,-61.7508,-1.9920,1354.3667,259.0000,,5.2091,5.1891,5.1891,5.1891,5.1891,5.1891,5.1891,5.1891,0.0,1.0,1.0,1.003846,29,30,1,3,0E-8,-0.04559387,,0E-8,0.000000,0.904215,0.000000,,2026-05-31,2026-05-31,1,31,29,1,1.000000,,,0.000000,,,,,,,,GLOBAL_BASELINE_NO_ENTITY_RANKING,,,NOT_APPLICABLE_GLOBAL_BASELINE,HF9g-P5,,,,X 全窗基线 · 不参与实体赏罚,3921119,393,A168_HF9F_20260827_0900,2026-08-27 09:00:00
2026-05-31,150807653,2167,0,41.5131544808,-20.7565772404,-20.7565772404,0.2500000,8,8,0.49324550000000000,0.493245500000,-1.376129913168058,-1.376129913168058,-1.376129913168058,0E-17,ELIGIBLE,R03b_20260811_FULL_v1,L1_ELIGIBILITY,v2026-08-11,2026-03-21..2026-08-06,baccarat_bet02_101_all_pairs_incl_sentinel,round_win = game_pnl > 0 (decisive only),COMPATIBILITY_ONLY_NOT_PRODUCTION,1354.3667,1224.6381,-61.7508,260,259,0.04559387,,0.04559387,0.04559387,61.7508,1354.3667,OK,0.0000,-1.8525,3.0000,97.0000,AG03-UNRESOLVED,ALL5_LEVELS_bet23_to_bet27,-1.8525,-1.8525,-1.8525,-2.4700,-2.4700,3.000000,3.000000,3.000000,4.000000,4.000000,97.000000,97.000000,97.000000,96.000000,96.000000,5.0,-10.4976,-9.811,-51.2532,-51.9398,PENDING_AG03,FALSE,NOT_FOR_ENFORCEMENT,-59.8983,1187.8989,-61.7508,-59.8983,-1.8525,-0.04559387,-0.04422605,-1.8525,-59.8983,-0.04422605,-1.8525,-1.8525,-1.8525,-2.4700,-2.4700,-59.8983,-0.04422605,-10.4976,-9.811,-51.2532,-51.9398,-0.03784291,-0.03834989,-0.00136782,5.2091,4.7283,-0.2384,-61.7508,-1.9920,1354.3667,259.0000,,5.2091,5.1891,5.1891,5.1891,5.1891,5.1891,5.1891,5.1891,0.0,1.0,1.0,1.003846,29,30,1,3,0E-8,-0.04559387,,0E-8,0.000000,0.904215,0.000000,,2026-05-31,2026-05-31,1,31,29,1,1.000000,,,0.000000,,,,,,,,GLOBAL_BASELINE_NO_ENTITY_RANKING,,,NOT_APPLICABLE_GLOBAL_BASELINE,HF9g-P5,,,,X 全窗基线 · 不参与实体赏罚,3921120,393,A168_HF9F_20260827_0900,2026-08-27 09:00:00
2026-05-31,150807653,2175,0,20.7565772404,10.3782886202,10.3782886202,0.7500000,4,4,0.49324550000000000,0.493245500000,1.0271117246678039,1.0271117246678039,1.0271117246678039,0E-17,ELIGIBLE,R03b_20260811_FULL_v1,L1_ELIGIBILITY,v2026-08-11,2026-03-21..2026-08-06,baccarat_bet02_101_all_pairs_incl_sentinel,round_win = game_pnl > 0 (decisive only),COMPATIBILITY_ONLY_NOT_PRODUCTION,1354.3667,1224.6381,-61.7508,260,259,0.04559387,,0.04559387,0.04559387,61.7508,1354.3667,OK,0.0000,-1.8525,3.0000,97.0000,AG03-UNRESOLVED,ALL5_LEVELS_bet23_to_bet27,-1.8525,-1.8525,-1.8525,-2.4700,-2.4700,3.000000,3.000000,3.000000,4.000000,4.000000,97.000000,97.000000,97.000000,96.000000,96.000000,5.0,-10.4976,-9.811,-51.2532,-51.9398,PENDING_AG03,FALSE,NOT_FOR_ENFORCEMENT,-59.8983,1187.8989,-61.7508,-59.8983,-1.8525,-0.04559387,-0.04422605,-1.8525,-59.8983,-0.04422605,-1.8525,-1.8525,-1.8525,-2.4700,-2.4700,-59.8983,-0.04422605,-10.4976,-9.811,-51.2532,-51.9398,-0.03784291,-0.03834989,-0.00136782,5.2091,4.7283,-0.2384,-61.7508,-1.9920,1354.3667,259.0000,,5.2091,5.1891,5.1891,5.1891,5.1891,5.1891,5.1891,5.1891,0.0,1.0,1.0,1.003846,29,30,1,3,0E-8,-0.04559387,,0E-8,0.000000,0.904215,0.000000,,2026-05-31,2026-05-31,1,31,29,1,1.000000,,,0.000000,,,,,,,,GLOBAL_BASELINE_NO_ENTITY_RANKING,,,NOT_APPLICABLE_GLOBAL_BASELINE,HF9g-P5,,,,X 全窗基线 · 不参与实体赏罚,3921121,393,A168_HF9F_20260827_0900,2026-08-27 09:00:00
2026-05-31,150807653,2196,0,31.1348658606,15.5674329303,15.5674329303,0.8000000,6,6,0.49324550000000000,0.493245500000,1.3719730223118614,1.3719730223118614,1.3719730223118614,0E-17,ELIGIBLE,R03b_20260811_FULL_v1,L1_ELIGIBILITY,v2026-08-11,2026-03-21..2026-08-06,baccarat_bet02_101_all_pairs_incl_sentinel,round_win = game_pnl > 0 (decisive only),COMPATIBILITY_ONLY_NOT_PRODUCTION,1354.3667,1224.6381,-61.7508,260,259,0.04559387,,0.04559387,0.04559387,61.7508,1354.3667,OK,0.0000,-1.8525,3.0000,97.0000,AG03-UNRESOLVED,ALL5_LEVELS_bet23_to_bet27,-1.8525,-1.8525,-1.8525,-2.4700,-2.4700,3.000000,3.000000,3.000000,4.000000,4.000000,97.000000,97.000000,97.000000,96.000000,96.000000,5.0,-10.4976,-9.811,-51.2532,-51.9398,PENDING_AG03,FALSE,NOT_FOR_ENFORCEMENT,-59.8983,1187.8989,-61.7508,-59.8983,-1.8525,-0.04559387,-0.04422605,-1.8525,-59.8983,-0.04422605,-1.8525,-1.8525,-1.8525,-2.4700,-2.4700,-59.8983,-0.04422605,-10.4976,-9.811,-51.2532,-51.9398,-0.03784291,-0.03834989,-0.00136782,5.2091,4.7283,-0.2384,-61.7508,-1.9920,1354.3667,259.0000,,5.2091,5.1891,5.1891,5.1891,5.1891,5.1891,5.1891,5.1891,0.0,1.0,1.0,1.003846,29,30,1,3,0E-8,-0.04559387,,0E-8,0.000000,0.904215,0.000000,,2026-05-31,2026-05-31,1,31,29,1,1.000000,,,0.000000,,,,,,,,GLOBAL_BASELINE_NO_ENTITY_RANKING,,,NOT_APPLICABLE_GLOBAL_BASELINE,HF9g-P5,,,,X 全窗基线 · 不参与实体赏罚,3921122,393,A168_HF9F_20260827_0900,2026-08-27 09:00:00
2026-05-31,150807653,2218,0,41.5131544808,-10.3782886202,-10.3782886202,0.3750000,8,8,0.49324550000000000,0.493245500000,-0.6689586021016365,-0.6689586021016365,-0.6689586021016365,0E-17,ELIGIBLE,R03b_20260811_FULL_v1,L1_ELIGIBILITY,v2026-08-11,2026-03-21..2026-08-06,baccarat_bet02_101_all_pairs_incl_sentinel,round_win = game_pnl > 0 (decisive only),COMPATIBILITY_ONLY_NOT_PRODUCTION,1354.3667,1224.6381,-61.7508,260,259,0.04559387,,0.04559387,0.04559387,61.7508,1354.3667,OK,0.0000,-1.8525,3.0000,97.0000,AG03-UNRESOLVED,ALL5_LEVELS_bet23_to_bet27,-1.8525,-1.8525,-1.8525,-2.4700,-2.4700,3.000000,3.000000,3.000000,4.000000,4.000000,97.000000,97.000000,97.000000,96.000000,96.000000,5.0,-10.4976,-9.811,-51.2532,-51.9398,PENDING_AG03,FALSE,NOT_FOR_ENFORCEMENT,-59.8983,1187.8989,-61.7508,-59.8983,-1.8525,-0.04559387,-0.04422605,-1.8525,-59.8983,-0.04422605,-1.8525,-1.8525,-1.8525,-2.4700,-2.4700,-59.8983,-0.04422605,-10.4976,-9.811,-51.2532,-51.9398,-0.03784291,-0.03834989,-0.00136782,5.2091,4.7283,-0.2384,-61.7508,-1.9920,1354.3667,259.0000,,5.2091,5.1891,5.1891,5.1891,5.1891,5.1891,5.1891,5.1891,0.0,1.0,1.0,1.003846,29,30,1,3,0E-8,-0.04559387,,0E-8,0.000000,0.904215,0.000000,,2026-05-31,2026-05-31,1,31,29,1,1.000000,,,0.000000,,,,,,,,GLOBAL_BASELINE_NO_ENTITY_RANKING,,,NOT_APPLICABLE_GLOBAL_BASELINE,HF9g-P5,,,,X 全窗基线 · 不参与实体赏罚,3921123,393,A168_HF9F_20260827_0900,2026-08-27 09:00:00
2026-05-31,150807653,2223,0,51.8914431010,41.5131544808,41.5131544808,0.9000000,10,10,0.49324550000000000,0.493245500000,2.5727761046763065,2.5727761046763065,2.5727761046763065,0E-17,ELIGIBLE,R03b_20260811_FULL_v1,L1_ELIGIBILITY,v2026-08-11,2026-03-21..2026-08-06,baccarat_bet02_101_all_pairs_incl_sentinel,round_win = game_pnl > 0 (decisive only),COMPATIBILITY_ONLY_NOT_PRODUCTION,1354.3667,1224.6381,-61.7508,260,259,0.04559387,,0.04559387,0.04559387,61.7508,1354.3667,OK,0.0000,-1.8525,3.0000,97.0000,AG03-UNRESOLVED,ALL5_LEVELS_bet23_to_bet27,-1.8525,-1.8525,-1.8525,-2.4700,-2.4700,3.000000,3.000000,3.000000,4.000000,4.000000,97.000000,97.000000,97.000000,96.000000,96.000000,5.0,-10.4976,-9.811,-51.2532,-51.9398,PENDING_AG03,FALSE,NOT_FOR_ENFORCEMENT,-59.8983,1187.8989,-61.7508,-59.8983,-1.8525,-0.04559387,-0.04422605,-1.8525,-59.8983,-0.04422605,-1.8525,-1.8525,-1.8525,-2.4700,-2.4700,-59.8983,-0.04422605,-10.4976,-9.811,-51.2532,-51.9398,-0.03784291,-0.03834989,-0.00136782,5.2091,4.7283,-0.2384,-61.7508,-1.9920,1354.3667,259.0000,,5.2091,5.1891,5.1891,5.1891,5.1891,5.1891,5.1891,5.1891,0.0,1.0,1.0,1.003846,29,30,1,3,0E-8,-0.04559387,,0E-8,0.000000,0.904215,0.000000,,2026-05-31,2026-05-31,1,31,29,1,1.000000,,,0.000000,,,,,,,,GLOBAL_BASELINE_NO_ENTITY_RANKING,,,NOT_APPLICABLE_GLOBAL_BASELINE,HF9g-P5,,,,X 全窗基线 · 不参与实体赏罚,3921124,393,A168_HF9F_20260827_0900,2026-08-27 09:00:00
2026-05-31,150807653,2244,0,36.3240101707,-20.7565772404,-20.7565772404,0.2000000,7,6,0.45836556666666667,0.458365566667,-1.1594726525481343,-1.1594726525495656,-1.1594726525481343,-3.3333E-13,ELIGIBLE,R03b_20260811_FULL_v1,L1_ELIGIBILITY,v2026-08-11,2026-03-21..2026-08-06,baccarat_bet02_101_all_pairs_incl_sentinel,round_win = game_pnl > 0 (decisive only),COMPATIBILITY_ONLY_NOT_PRODUCTION,1354.3667,1224.6381,-61.7508,260,259,0.04559387,,0.04559387,0.04559387,61.7508,1354.3667,OK,0.0000,-1.8525,3.0000,97.0000,AG03-UNRESOLVED,ALL5_LEVELS_bet23_to_bet27,-1.8525,-1.8525,-1.8525,-2.4700,-2.4700,3.000000,3.000000,3.000000,4.000000,4.000000,97.000000,97.000000,97.000000,96.000000,96.000000,5.0,-10.4976,-9.811,-51.2532,-51.9398,PENDING_AG03,FALSE,NOT_FOR_ENFORCEMENT,-59.8983,1187.8989,-61.7508,-59.8983,-1.8525,-0.04559387,-0.04422605,-1.8525,-59.8983,-0.04422605,-1.8525,-1.8525,-1.8525,-2.4700,-2.4700,-59.8983,-0.04422605,-10.4976,-9.811,-51.2532,-51.9398,-0.03784291,-0.03834989,-0.00136782,5.2091,4.7283,-0.2384,-61.7508,-1.9920,1354.3667,259.0000,,5.2091,5.1891,5.1891,5.1891,5.1891,5.1891,5.1891,5.1891,0.0,1.0,1.0,1.003846,29,30,1,3,0E-8,-0.04559387,,0E-8,0.000000,0.904215,0.000000,,2026-05-31,2026-05-31,1,31,29,1,1.000000,,,0.000000,,,,,,,,GLOBAL_BASELINE_NO_ENTITY_RANKING,,,NOT_APPLICABLE_GLOBAL_BASELINE,HF9g-P5,,,,X 全窗基线 · 不参与实体赏罚,3921125,393,A168_HF9F_20260827_0900,2026-08-27 09:00:00
2026-05-31,150807653,2250,0,15.5674329303,15.5674329303,15.5674329303,1.0000000,3,3,0.49324550000000000,0.493245500000,1.755609282511032,1.7556092825110319,1.755609282511032,0E-17,ELIGIBLE,R03b_20260811_FULL_v1,L1_ELIGIBILITY,v2026-08-11,2026-03-21..2026-08-06,baccarat_bet02_101_all_pairs_incl_sentinel,round_win = game_pnl > 0 (decisive only),COMPATIBILITY_ONLY_NOT_PRODUCTION,1354.3667,1224.6381,-61.7508,260,259,0.04559387,,0.04559387,0.04559387,61.7508,1354.3667,OK,0.0000,-1.8525,3.0000,97.0000,AG03-UNRESOLVED,ALL5_LEVELS_bet23_to_bet27,-1.8525,-1.8525,-1.8525,-2.4700,-2.4700,3.000000,3.000000,3.000000,4.000000,4.000000,97.000000,97.000000,97.000000,96.000000,96.000000,5.0,-10.4976,-9.811,-51.2532,-51.9398,PENDING_AG03,FALSE,NOT_FOR_ENFORCEMENT,-59.8983,1187.8989,-61.7508,-59.8983,-1.8525,-0.04559387,-0.04422605,-1.8525,-59.8983,-0.04422605,-1.8525,-1.8525,-1.8525,-2.4700,-2.4700,-59.8983,-0.04422605,-10.4976,-9.811,-51.2532,-51.9398,-0.03784291,-0.03834989,-0.00136782,5.2091,4.7283,-0.2384,-61.7508,-1.9920,1354.3667,259.0000,,5.2091,5.1891,5.1891,5.1891,5.1891,5.1891,5.1891,5.1891,0.0,1.0,1.0,1.003846,29,30,1,3,0E-8,-0.04559387,,0E-8,0.000000,0.904215,0.000000,,2026-05-31,2026-05-31,1,31,29,1,1.000000,,,0.000000,,,,,,,,GLOBAL_BASELINE_NO_ENTITY_RANKING,,,NOT_APPLICABLE_GLOBAL_BASELINE,HF9g-P5,,,,X 全窗基线 · 不参与实体赏罚,3921126,393,A168_HF9F_20260827_0900,2026-08-27 09:00:00
2026-05-31,150807653,2252,0,31.1348658606,0E-10,0E-10,0.5000000,6,6,0.49324550000000000,0.493245500000,0.03309317671092531,0.03309317671092531,0.03309317671092531,0E-17,ELIGIBLE,R03b_20260811_FULL_v1,L1_ELIGIBILITY,v2026-08-11,2026-03-21..2026-08-06,baccarat_bet02_101_all_pairs_incl_sentinel,round_win = game_pnl > 0 (decisive only),COMPATIBILITY_ONLY_NOT_PRODUCTION,1354.3667,1224.6381,-61.7508,260,259,0.04559387,,0.04559387,0.04559387,61.7508,1354.3667,OK,0.0000,-1.8525,3.0000,97.0000,AG03-UNRESOLVED,ALL5_LEVELS_bet23_to_bet27,-1.8525,-1.8525,-1.8525,-2.4700,-2.4700,3.000000,3.000000,3.000000,4.000000,4.000000,97.000000,97.000000,97.000000,96.000000,96.000000,5.0,-10.4976,-9.811,-51.2532,-51.9398,PENDING_AG03,FALSE,NOT_FOR_ENFORCEMENT,-59.8983,1187.8989,-61.7508,-59.8983,-1.8525,-0.04559387,-0.04422605,-1.8525,-59.8983,-0.04422605,-1.8525,-1.8525,-1.8525,-2.4700,-2.4700,-59.8983,-0.04422605,-10.4976,-9.811,-51.2532,-51.9398,-0.03784291,-0.03834989,-0.00136782,5.2091,4.7283,-0.2384,-61.7508,-1.9920,1354.3667,259.0000,,5.2091,5.1891,5.1891,5.1891,5.1891,5.1891,5.1891,5.1891,0.0,1.0,1.0,1.003846,29,30,1,3,0E-8,-0.04559387,,0E-8,0.000000,0.904215,0.000000,,2026-05-31,2026-05-31,1,31,29,1,1.000000,,,0.000000,,,,,,,,GLOBAL_BASELINE_NO_ENTITY_RANKING,,,NOT_APPLICABLE_GLOBAL_BASELINE,HF9g-P5,,,,X 全窗基线 · 不参与实体赏罚,3921127,393,A168_HF9F_20260827_0900,2026-08-27 09:00:00
2026-05-31,150807653,2266,0,31.1348658606,5.1891443101,5.1891443101,0.6000000,6,6,0.49324550000000000,0.493245500000,0.47746420675292983,0.47746420675292983,0.47746420675292983,0E-17,ELIGIBLE,R03b_20260811_FULL_v1,L1_ELIGIBILITY,v2026-08-11,2026-03-21..2026-08-06,baccarat_bet02_101_all_pairs_incl_sentinel,round_win = game_pnl > 0 (decisive only),COMPATIBILITY_ONLY_NOT_PRODUCTION,1354.3667,1224.6381,-61.7508,260,259,0.04559387,,0.04559387,0.04559387,61.7508,1354.3667,OK,0.0000,-1.8525,3.0000,97.0000,AG03-UNRESOLVED,ALL5_LEVELS_bet23_to_bet27,-1.8525,-1.8525,-1.8525,-2.4700,-2.4700,3.000000,3.000000,3.000000,4.000000,4.000000,97.000000,97.000000,97.000000,96.000000,96.000000,5.0,-10.4976,-9.811,-51.2532,-51.9398,PENDING_AG03,FALSE,NOT_FOR_ENFORCEMENT,-59.8983,1187.8989,-61.7508,-59.8983,-1.8525,-0.04559387,-0.04422605,-1.8525,-59.8983,-0.04422605,-1.8525,-1.8525,-1.8525,-2.4700,-2.4700,-59.8983,-0.04422605,-10.4976,-9.811,-51.2532,-51.9398,-0.03784291,-0.03834989,-0.00136782,5.2091,4.7283,-0.2384,-61.7508,-1.9920,1354.3667,259.0000,,5.2091,5.1891,5.1891,5.1891,5.1891,5.1891,5.1891,5.1891,0.0,1.0,1.0,1.003846,29,30,1,3,0E-8,-0.04559387,,0E-8,0.000000,0.904215,0.000000,,2026-05-31,2026-05-31,1,31,29,1,1.000000,,,0.000000,,,,,,,,GLOBAL_BASELINE_NO_ENTITY_RANKING,,,NOT_APPLICABLE_GLOBAL_BASELINE,HF9g-P5,,,,X 全窗基线 · 不参与实体赏罚,3921128,393,A168_HF9F_20260827_0900,2026-08-27 09:00:00
2026-05-31,150807653,2267,0,20.7565772404,-5.1891443101,-5.1891443101,0.3333333,4,4,0.49324550000000000,0.493245500000,-0.5540025479526107,-0.5540025479526106,-0.5540025479526107,0E-17,ELIGIBLE,R03b_20260811_FULL_v1,L1_ELIGIBILITY,v2026-08-11,2026-03-21..2026-08-06,baccarat_bet02_101_all_pairs_incl_sentinel,round_win = game_pnl > 0 (decisive only),COMPATIBILITY_ONLY_NOT_PRODUCTION,1354.3667,1224.6381,-61.7508,260,259,0.04559387,,0.04559387,0.04559387,61.7508,1354.3667,OK,0.0000,-1.8525,3.0000,97.0000,AG03-UNRESOLVED,ALL5_LEVELS_bet23_to_bet27,-1.8525,-1.8525,-1.8525,-2.4700,-2.4700,3.000000,3.000000,3.000000,4.000000,4.000000,97.000000,97.000000,97.000000,96.000000,96.000000,5.0,-10.4976,-9.811,-51.2532,-51.9398,PENDING_AG03,FALSE,NOT_FOR_ENFORCEMENT,-59.8983,1187.8989,-61.7508,-59.8983,-1.8525,-0.04559387,-0.04422605,-1.8525,-59.8983,-0.04422605,-1.8525,-1.8525,-1.8525,-2.4700,-2.4700,-59.8983,-0.04422605,-10.4976,-9.811,-51.2532,-51.9398,-0.03784291,-0.03834989,-0.00136782,5.2091,4.7283,-0.2384,-61.7508,-1.9920,1354.3667,259.0000,,5.2091,5.1891,5.1891,5.1891,5.1891,5.1891,5.1891,5.1891,0.0,1.0,1.0,1.003846,29,30,1,3,0E-8,-0.04559387,,0E-8,0.000000,0.904215,0.000000,,2026-05-31,2026-05-31,1,31,29,1,1.000000,,,0.000000,,,,,,,,GLOBAL_BASELINE_NO_ENTITY_RANKING,,,NOT_APPLICABLE_GLOBAL_BASELINE,HF9g-P5,,,,X 全窗基线 · 不参与实体赏罚,3921129,393,A168_HF9F_20260827_0900,2026-08-27 09:00:00
2026-05-31,150807653,752,0,36.3240101707,20.7565772404,20.7565772404,0.8333333,7,7,0.49324550000000000,0.493245500000,1.666235363940442,1.6662353639404415,1.666235363940442,0E-17,ELIGIBLE,R03b_20260811_FULL_v1,L1_ELIGIBILITY,v2026-08-11,2026-03-21..2026-08-06,baccarat_bet02_101_all_pairs_incl_sentinel,round_win = game_pnl > 0 (decisive only),COMPATIBILITY_ONLY_NOT_PRODUCTION,1354.3667,1224.6381,-61.7508,260,259,0.04559387,,0.04559387,0.04559387,61.7508,1354.3667,OK,0.0000,-1.8525,3.0000,97.0000,AG03-UNRESOLVED,ALL5_LEVELS_bet23_to_bet27,-1.8525,-1.8525,-1.8525,-2.4700,-2.4700,3.000000,3.000000,3.000000,4.000000,4.000000,97.000000,97.000000,97.000000,96.000000,96.000000,5.0,-10.4976,-9.811,-51.2532,-51.9398,PENDING_AG03,FALSE,NOT_FOR_ENFORCEMENT,-59.8983,1187.8989,-61.7508,-59.8983,-1.8525,-0.04559387,-0.04422605,-1.8525,-59.8983,-0.04422605,-1.8525,-1.8525,-1.8525,-2.4700,-2.4700,-59.8983,-0.04422605,-10.4976,-9.811,-51.2532,-51.9398,-0.03784291,-0.03834989,-0.00136782,5.2091,4.7283,-0.2384,-61.7508,-1.9920,1354.3667,259.0000,,5.2091,5.1891,5.1891,5.1891,5.1891,5.1891,5.1891,5.1891,0.0,1.0,1.0,1.003846,29,30,1,3,0E-8,-0.04559387,,0E-8,0.000000,0.904215,0.000000,,2026-05-31,2026-05-31,1,31,29,1,1.000000,,,0.000000,,,,,,,,GLOBAL_BASELINE_NO_ENTITY_RANKING,,,NOT_APPLICABLE_GLOBAL_BASELINE,HF9g-P5,,,,X 全窗基线 · 不参与实体赏罚,3921130,393,A168_HF9F_20260827_0900,2026-08-27 09:00:00
2026-05-31,150807653,789,0,36.3240101707,-5.1891443101,-5.1891443101,0.4285714,7,7,0.49324550000000000,0.493245500000,-0.3422542494892156,-0.3422542494892157,-0.3422542494892156,0E-17,ELIGIBLE,R03b_20260811_FULL_v1,L1_ELIGIBILITY,v2026-08-11,2026-03-21..2026-08-06,baccarat_bet02_101_all_pairs_incl_sentinel,round_win = game_pnl > 0 (decisive only),COMPATIBILITY_ONLY_NOT_PRODUCTION,1354.3667,1224.6381,-61.7508,260,259,0.04559387,,0.04559387,0.04559387,61.7508,1354.3667,OK,0.0000,-1.8525,3.0000,97.0000,AG03-UNRESOLVED,ALL5_LEVELS_bet23_to_bet27,-1.8525,-1.8525,-1.8525,-2.4700,-2.4700,3.000000,3.000000,3.000000,4.000000,4.000000,97.000000,97.000000,97.000000,96.000000,96.000000,5.0,-10.4976,-9.811,-51.2532,-51.9398,PENDING_AG03,FALSE,NOT_FOR_ENFORCEMENT,-59.8983,1187.8989,-61.7508,-59.8983,-1.8525,-0.04559387,-0.04422605,-1.8525,-59.8983,-0.04422605,-1.8525,-1.8525,-1.8525,-2.4700,-2.4700,-59.8983,-0.04422605,-10.4976,-9.811,-51.2532,-51.9398,-0.03784291,-0.03834989,-0.00136782,5.2091,4.7283,-0.2384,-61.7508,-1.9920,1354.3667,259.0000,,5.2091,5.1891,5.1891,5.1891,5.1891,5.1891,5.1891,5.1891,0.0,1.0,1.0,1.003846,29,30,1,3,0E-8,-0.04559387,,0E-8,0.000000,0.904215,0.000000,,2026-05-31,2026-05-31,1,31,29,1,1.000000,,,0.000000,,,,,,,,GLOBAL_BASELINE_NO_ENTITY_RANKING,,,NOT_APPLICABLE_GLOBAL_BASELINE,HF9g-P5,,,,X 全窗基线 · 不参与实体赏罚,3921131,393,A168_HF9F_20260827_0900,2026-08-27 09:00:00
2026-03-25,147771499,-1,1,205.3874713644,20.5387471362,20.5387471362,0.5438596,61,61,0.50071725081967213,0.500717250820,0.6514365989201658,0.6514365989152158,0.6514365989201658,-3.2787E-13,SENTINEL_DEALER,R03b_20260811_FULL_v1,L1_ELIGIBILITY,v2026-08-11,2026-03-21..2026-08-06,baccarat_bet02_101_all_pairs_incl_sentinel,round_win = game_pnl > 0 (decisive only),COMPATIBILITY_ONLY_NOT_PRODUCTION,574.0317,524.0014,-61.7479,163,163,0.10756881,,0.10756881,0.10756881,61.7479,574.0317,OK,0.0000,-1.8524,3.0000,97.0000,AG03-UNRESOLVED,ALL5_LEVELS_bet23_to_bet27,-1.8524,-1.8524,-1.8524,-2.4699,-2.4699,3.000000,3.000000,3.000000,4.000000,4.000000,97.000000,97.000000,97.000000,96.000000,96.000000,5.0,-10.4971,-9.8105,-51.2508,-51.9374,PENDING_AG03,FALSE,NOT_FOR_ENFORCEMENT,-59.8955,508.2813,-61.7479,-59.8955,-1.8524,-0.10756881,-0.10434174,-1.8524,-59.8955,-0.10434174,-1.8524,-1.8524,-1.8524,-2.4699,-2.4699,-59.8955,-0.10434174,-10.4971,-9.8105,-51.2508,-51.9374,-0.08928211,-0.09047821,-0.00322706,3.5217,3.2147,-0.3788,-61.7479,-1.9296,574.0317,163.0000,,3.5217,2.6332,2.6332,5.2663,5.2663,5.2663,5.2663,2.6332,0.0,2.0,2.0,1.337423,29,21,1,2,0E-8,-0.10756881,,0E-8,0.000000,0.912844,0.000000,,2026-03-25,2026-03-25,1,32,29,1,1.000000,,,0.000000,,,,,,,,GLOBAL_BASELINE_NO_ENTITY_RANKING,,,NOT_APPLICABLE_GLOBAL_BASELINE,HF9g-P5,,,,X 全窗基线 · 不参与实体赏罚,3921132,393,A168_HF9F_20260827_0900,2026-08-27 09:00:00
2026-03-25,147771499,1205,0,5.2663454196,-5.2663454196,-5.2663454196,0E-7,2,2,0.50665070000000000,0.506650700000,-1.4331513700195317,-1.4331513700195317,-1.4331513700195317,0E-17,ELIGIBLE,R03b_20260811_FULL_v1,L1_ELIGIBILITY,v2026-08-11,2026-03-21..2026-08-06,baccarat_bet02_101_all_pairs_incl_sentinel,round_win = game_pnl > 0 (decisive only),COMPATIBILITY_ONLY_NOT_PRODUCTION,574.0317,524.0014,-61.7479,163,163,0.10756881,,0.10756881,0.10756881,61.7479,574.0317,OK,0.0000,-1.8524,3.0000,97.0000,AG03-UNRESOLVED,ALL5_LEVELS_bet23_to_bet27,-1.8524,-1.8524,-1.8524,-2.4699,-2.4699,3.000000,3.000000,3.000000,4.000000,4.000000,97.000000,97.000000,97.000000,96.000000,96.000000,5.0,-10.4971,-9.8105,-51.2508,-51.9374,PENDING_AG03,FALSE,NOT_FOR_ENFORCEMENT,-59.8955,508.2813,-61.7479,-59.8955,-1.8524,-0.10756881,-0.10434174,-1.8524,-59.8955,-0.10434174,-1.8524,-1.8524,-1.8524,-2.4699,-2.4699,-59.8955,-0.10434174,-10.4971,-9.8105,-51.2508,-51.9374,-0.08928211,-0.09047821,-0.00322706,3.5217,3.2147,-0.3788,-61.7479,-1.9296,574.0317,163.0000,,3.5217,2.6332,2.6332,5.2663,5.2663,5.2663,5.2663,2.6332,0.0,2.0,2.0,1.337423,29,21,1,2,0E-8,-0.10756881,,0E-8,0.000000,0.912844,0.000000,,2026-03-25,2026-03-25,1,32,29,1,1.000000,,,0.000000,,,,,,,,GLOBAL_BASELINE_NO_ENTITY_RANKING,,,NOT_APPLICABLE_GLOBAL_BASELINE,HF9g-P5,,,,X 全窗基线 · 不参与实体赏罚,3921133,393,A168_HF9F_20260827_0900,2026-08-27 09:00:00
2026-03-25,147771499,1291,0,2.6331727098,-2.6331727098,-2.6331727098,0E-7,1,1,0.49324550000000000,0.493245500000,-0.9865810262130424,-0.9865810262130424,-0.9865810262130424,0E-17,ELIGIBLE,R03b_20260811_FULL_v1,L1_ELIGIBILITY,v2026-08-11,2026-03-21..2026-08-06,baccarat_bet02_101_all_pairs_incl_sentinel,round_win = game_pnl > 0 (decisive only),COMPATIBILITY_ONLY_NOT_PRODUCTION,574.0317,524.0014,-61.7479,163,163,0.10756881,,0.10756881,0.10756881,61.7479,574.0317,OK,0.0000,-1.8524,3.0000,97.0000,AG03-UNRESOLVED,ALL5_LEVELS_bet23_to_bet27,-1.8524,-1.8524,-1.8524,-2.4699,-2.4699,3.000000,3.000000,3.000000,4.000000,4.000000,97.000000,97.000000,97.000000,96.000000,96.000000,5.0,-10.4971,-9.8105,-51.2508,-51.9374,PENDING_AG03,FALSE,NOT_FOR_ENFORCEMENT,-59.8955,508.2813,-61.7479,-59.8955,-1.8524,-0.10756881,-0.10434174,-1.8524,-59.8955,-0.10434174,-1.8524,-1.8524,-1.8524,-2.4699,-2.4699,-59.8955,-0.10434174,-10.4971,-9.8105,-51.2508,-51.9374,-0.08928211,-0.09047821,-0.00322706,3.5217,3.2147,-0.3788,-61.7479,-1.9296,574.0317,163.0000,,3.5217,2.6332,2.6332,5.2663,5.2663,5.2663,5.2663,2.6332,0.0,2.0,2.0,1.337423,29,21,1,2,0E-8,-0.10756881,,0E-8,0.000000,0.912844,0.000000,,2026-03-25,2026-03-25,1,32,29,1,1.000000,,,0.000000,,,,,,,,GLOBAL_BASELINE_NO_ENTITY_RANKING,,,NOT_APPLICABLE_GLOBAL_BASELINE,HF9g-P5,,,,X 全窗基线 · 不参与实体赏罚,3921134,393,A168_HF9F_20260827_0900,2026-08-27 09:00:00
2026-03-25,147771499,1318,0,2.6331727098,-2.6331727098,-2.6331727098,0E-7,1,1,0.50665070000000000,0.506650700000,-1.013391052207602,-1.013391052207602,-1.013391052207602,0E-17,ELIGIBLE,R03b_20260811_FULL_v1,L1_ELIGIBILITY,v2026-08-11,2026-03-21..2026-08-06,baccarat_bet02_101_all_pairs_incl_sentinel,round_win = game_pnl > 0 (decisive only),COMPATIBILITY_ONLY_NOT_PRODUCTION,574.0317,524.0014,-61.7479,163,163,0.10756881,,0.10756881,0.10756881,61.7479,574.0317,OK,0.0000,-1.8524,3.0000,97.0000,AG03-UNRESOLVED,ALL5_LEVELS_bet23_to_bet27,-1.8524,-1.8524,-1.8524,-2.4699,-2.4699,3.000000,3.000000,3.000000,4.000000,4.000000,97.000000,97.000000,97.000000,96.000000,96.000000,5.0,-10.4971,-9.8105,-51.2508,-51.9374,PENDING_AG03,FALSE,NOT_FOR_ENFORCEMENT,-59.8955,508.2813,-61.7479,-59.8955,-1.8524,-0.10756881,-0.10434174,-1.8524,-59.8955,-0.10434174,-1.8524,-1.8524,-1.8524,-2.4699,-2.4699,-59.8955,-0.10434174,-10.4971,-9.8105,-51.2508,-51.9374,-0.08928211,-0.09047821,-0.00322706,3.5217,3.2147,-0.3788,-61.7479,-1.9296,574.0317,163.0000,,3.5217,2.6332,2.6332,5.2663,5.2663,5.2663,5.2663,2.6332,0.0,2.0,2.0,1.337423,29,21,1,2,0E-8,-0.10756881,,0E-8,0.000000,0.912844,0.000000,,2026-03-25,2026-03-25,1,32,29,1,1.000000,,,0.000000,,,,,,,,GLOBAL_BASELINE_NO_ENTITY_RANKING,,,NOT_APPLICABLE_GLOBAL_BASELINE,HF9g-P5,,,,X 全窗基线 · 不参与实体赏罚,3921135,393,A168_HF9F_20260827_0900,2026-08-27 09:00:00
2026-03-25,147771499,1325,0,2.6331727098,0E-10,0E-10,,1,1,0.50665070000000000,0.506650700000,,,,0E-17,NO_DECISIVE_ROUND,R03b_20260811_FULL_v1,L1_ELIGIBILITY,v2026-08-11,2026-03-21..2026-08-06,baccarat_bet02_101_all_pairs_incl_sentinel,round_win = game_pnl > 0 (decisive only),COMPATIBILITY_ONLY_NOT_PRODUCTION,574.0317,524.0014,-61.7479,163,163,0.10756881,,0.10756881,0.10756881,61.7479,574.0317,OK,0.0000,-1.8524,3.0000,97.0000,AG03-UNRESOLVED,ALL5_LEVELS_bet23_to_bet27,-1.8524,-1.8524,-1.8524,-2.4699,-2.4699,3.000000,3.000000,3.000000,4.000000,4.000000,97.000000,97.000000,97.000000,96.000000,96.000000,5.0,-10.4971,-9.8105,-51.2508,-51.9374,PENDING_AG03,FALSE,NOT_FOR_ENFORCEMENT,-59.8955,508.2813,-61.7479,-59.8955,-1.8524,-0.10756881,-0.10434174,-1.8524,-59.8955,-0.10434174,-1.8524,-1.8524,-1.8524,-2.4699,-2.4699,-59.8955,-0.10434174,-10.4971,-9.8105,-51.2508,-51.9374,-0.08928211,-0.09047821,-0.00322706,3.5217,3.2147,-0.3788,-61.7479,-1.9296,574.0317,163.0000,,3.5217,2.6332,2.6332,5.2663,5.2663,5.2663,5.2663,2.6332,0.0,2.0,2.0,1.337423,29,21,1,2,0E-8,-0.10756881,,0E-8,0.000000,0.912844,0.000000,,2026-03-25,2026-03-25,1,32,29,1,1.000000,,,0.000000,,,,,,,,GLOBAL_BASELINE_NO_ENTITY_RANKING,,,NOT_APPLICABLE_GLOBAL_BASELINE,HF9g-P5,,,,X 全窗基线 · 不参与实体赏罚,3921136,393,A168_HF9F_20260827_0900,2026-08-27 09:00:00
2026-03-25,147771499,1363,0,15.7990362588,7.5045422229,7.5045422229,0.7500000,5,5,0.50396966000000000,0.503969660000,0.9841523774297893,0.9841523774297894,0.9841523774297893,0E-17,ELIGIBLE,R03b_20260811_FULL_v1,L1_ELIGIBILITY,v2026-08-11,2026-03-21..2026-08-06,baccarat_bet02_101_all_pairs_incl_sentinel,round_win = game_pnl > 0 (decisive only),COMPATIBILITY_ONLY_NOT_PRODUCTION,574.0317,524.0014,-61.7479,163,163,0.10756881,,0.10756881,0.10756881,61.7479,574.0317,OK,0.0000,-1.8524,3.0000,97.0000,AG03-UNRESOLVED,ALL5_LEVELS_bet23_to_bet27,-1.8524,-1.8524,-1.8524,-2.4699,-2.4699,3.000000,3.000000,3.000000,4.000000,4.000000,97.000000,97.000000,97.000000,96.000000,96.000000,5.0,-10.4971,-9.8105,-51.2508,-51.9374,PENDING_AG03,FALSE,NOT_FOR_ENFORCEMENT,-59.8955,508.2813,-61.7479,-59.8955,-1.8524,-0.10756881,-0.10434174,-1.8524,-59.8955,-0.10434174,-1.8524,-1.8524,-1.8524,-2.4699,-2.4699,-59.8955,-0.10434174,-10.4971,-9.8105,-51.2508,-51.9374,-0.08928211,-0.09047821,-0.00322706,3.5217,3.2147,-0.3788,-61.7479,-1.9296,574.0317,163.0000,,3.5217,2.6332,2.6332,5.2663,5.2663,5.2663,5.2663,2.6332,0.0,2.0,2.0,1.337423,29,21,1,2,0E-8,-0.10756881,,0E-8,0.000000,0.912844,0.000000,,2026-03-25,2026-03-25,1,32,29,1,1.000000,,,0.000000,,,,,,,,GLOBAL_BASELINE_NO_ENTITY_RANKING,,,NOT_APPLICABLE_GLOBAL_BASELINE,HF9g-P5,,,,X 全窗基线 · 不参与实体赏罚,3921137,393,A168_HF9F_20260827_0900,2026-08-27 09:00:00
2026-03-25,147771499,1396,0,28.9648998078,-13.5608394555,-13.5608394555,0.2500000,8,8,0.50329940000000000,0.503299400000,-1.4329089850335803,-1.4329089850335803,-1.4329089850335803,0E-17,ELIGIBLE,R03b_20260811_FULL_v1,L1_ELIGIBILITY,v2026-08-11,2026-03-21..2026-08-06,baccarat_bet02_101_all_pairs_incl_sentinel,round_win = game_pnl > 0 (decisive only),COMPATIBILITY_ONLY_NOT_PRODUCTION,574.0317,524.0014,-61.7479,163,163,0.10756881,,0.10756881,0.10756881,61.7479,574.0317,OK,0.0000,-1.8524,3.0000,97.0000,AG03-UNRESOLVED,ALL5_LEVELS_bet23_to_bet27,-1.8524,-1.8524,-1.8524,-2.4699,-2.4699,3.000000,3.000000,3.000000,4.000000,4.000000,97.000000,97.000000,97.000000,96.000000,96.000000,5.0,-10.4971,-9.8105,-51.2508,-51.9374,PENDING_AG03,FALSE,NOT_FOR_ENFORCEMENT,-59.8955,508.2813,-61.7479,-59.8955,-1.8524,-0.10756881,-0.10434174,-1.8524,-59.8955,-0.10434174,-1.8524,-1.8524,-1.8524,-2.4699,-2.4699,-59.8955,-0.10434174,-10.4971,-9.8105,-51.2508,-51.9374,-0.08928211,-0.09047821,-0.00322706,3.5217,3.2147,-0.3788,-61.7479,-1.9296,574.0317,163.0000,,3.5217,2.6332,2.6332,5.2663,5.2663,5.2663,5.2663,2.6332,0.0,2.0,2.0,1.337423,29,21,1,2,0E-8,-0.10756881,,0E-8,0.000000,0.912844,0.000000,,2026-03-25,2026-03-25,1,32,29,1,1.000000,,,0.000000,,,,,,,,GLOBAL_BASELINE_NO_ENTITY_RANKING,,,NOT_APPLICABLE_GLOBAL_BASELINE,HF9g-P5,,,,X 全窗基线 · 不参与实体赏罚,3921138,393,A168_HF9F_20260827_0900,2026-08-27 09:00:00
2026-03-25,147771499,1507,0,34.2312452274,17.2472812491,17.2472812491,0.7142857,8,8,0.50665070000000000,0.506650700000,1.098798430526454,1.098798430526454,1.098798430526454,0E-17,ELIGIBLE,R03b_20260811_FULL_v1,L1_ELIGIBILITY,v2026-08-11,2026-03-21..2026-08-06,baccarat_bet02_101_all_pairs_incl_sentinel,round_win = game_pnl > 0 (decisive only),COMPATIBILITY_ONLY_NOT_PRODUCTION,574.0317,524.0014,-61.7479,163,163,0.10756881,,0.10756881,0.10756881,61.7479,574.0317,OK,0.0000,-1.8524,3.0000,97.0000,AG03-UNRESOLVED,ALL5_LEVELS_bet23_to_bet27,-1.8524,-1.8524,-1.8524,-2.4699,-2.4699,3.000000,3.000000,3.000000,4.000000,4.000000,97.000000,97.000000,97.000000,96.000000,96.000000,5.0,-10.4971,-9.8105,-51.2508,-51.9374,PENDING_AG03,FALSE,NOT_FOR_ENFORCEMENT,-59.8955,508.2813,-61.7479,-59.8955,-1.8524,-0.10756881,-0.10434174,-1.8524,-59.8955,-0.10434174,-1.8524,-1.8524,-1.8524,-2.4699,-2.4699,-59.8955,-0.10434174,-10.4971,-9.8105,-51.2508,-51.9374,-0.08928211,-0.09047821,-0.00322706,3.5217,3.2147,-0.3788,-61.7479,-1.9296,574.0317,163.0000,,3.5217,2.6332,2.6332,5.2663,5.2663,5.2663,5.2663,2.6332,0.0,2.0,2.0,1.337423,29,21,1,2,0E-8,-0.10756881,,0E-8,0.000000,0.912844,0.000000,,2026-03-25,2026-03-25,1,32,29,1,1.000000,,,0.000000,,,,,,,,GLOBAL_BASELINE_NO_ENTITY_RANKING,,,NOT_APPLICABLE_GLOBAL_BASELINE,HF9g-P5,,,,X 全窗基线 · 不参与实体赏罚,3921139,393,A168_HF9F_20260827_0900,2026-08-27 09:00:00
2026-03-25,147771499,1623,0,26.3317270980,-5.5296626906,-5.5296626906,0.4285714,7,7,0.49707555714285714,0.497075557143,-0.3624959764119633,-0.36249597641271863,-0.3624959764119633,-1.4286E-13,ELIGIBLE,R03b_20260811_FULL_v1,L1_ELIGIBILITY,v2026-08-11,2026-03-21..2026-08-06,baccarat_bet02_101_all_pairs_incl_sentinel,round_win = game_pnl > 0 (decisive only),COMPATIBILITY_ONLY_NOT_PRODUCTION,574.0317,524.0014,-61.7479,163,163,0.10756881,,0.10756881,0.10756881,61.7479,574.0317,OK,0.0000,-1.8524,3.0000,97.0000,AG03-UNRESOLVED,ALL5_LEVELS_bet23_to_bet27,-1.8524,-1.8524,-1.8524,-2.4699,-2.4699,3.000000,3.000000,3.000000,4.000000,4.000000,97.000000,97.000000,97.000000,96.000000,96.000000,5.0,-10.4971,-9.8105,-51.2508,-51.9374,PENDING_AG03,FALSE,NOT_FOR_ENFORCEMENT,-59.8955,508.2813,-61.7479,-59.8955,-1.8524,-0.10756881,-0.10434174,-1.8524,-59.8955,-0.10434174,-1.8524,-1.8524,-1.8524,-2.4699,-2.4699,-59.8955,-0.10434174,-10.4971,-9.8105,-51.2508,-51.9374,-0.08928211,-0.09047821,-0.00322706,3.5217,3.2147,-0.3788,-61.7479,-1.9296,574.0317,163.0000,,3.5217,2.6332,2.6332,5.2663,5.2663,5.2663,5.2663,2.6332,0.0,2.0,2.0,1.337423,29,21,1,2,0E-8,-0.10756881,,0E-8,0.000000,0.912844,0.000000,,2026-03-25,2026-03-25,1,32,29,1,1.000000,,,0.000000,,,,,,,,GLOBAL_BASELINE_NO_ENTITY_RANKING,,,NOT_APPLICABLE_GLOBAL_BASELINE,HF9g-P5,,,,X 全窗基线 · 不参与实体赏罚,3921140,393,A168_HF9F_20260827_0900,2026-08-27 09:00:00
2026-03-25,147771499,1935,0,28.9648998078,-5.7929799616,-5.7929799616,0.2857143,8,8,0.50162375000000000,0.501623750000,-1.1424915209304196,-1.1424915209304196,-1.1424915209304196,0E-17,ELIGIBLE,R03b_20260811_FULL_v1,L1_ELIGIBILITY,v2026-08-11,2026-03-21..2026-08-06,baccarat_bet02_101_all_pairs_incl_sentinel,round_win = game_pnl > 0 (decisive only),COMPATIBILITY_ONLY_NOT_PRODUCTION,574.0317,524.0014,-61.7479,163,163,0.10756881,,0.10756881,0.10756881,61.7479,574.0317,OK,0.0000,-1.8524,3.0000,97.0000,AG03-UNRESOLVED,ALL5_LEVELS_bet23_to_bet27,-1.8524,-1.8524,-1.8524,-2.4699,-2.4699,3.000000,3.000000,3.000000,4.000000,4.000000,97.000000,97.000000,97.000000,96.000000,96.000000,5.0,-10.4971,-9.8105,-51.2508,-51.9374,PENDING_AG03,FALSE,NOT_FOR_ENFORCEMENT,-59.8955,508.2813,-61.7479,-59.8955,-1.8524,-0.10756881,-0.10434174,-1.8524,-59.8955,-0.10434174,-1.8524,-1.8524,-1.8524,-2.4699,-2.4699,-59.8955,-0.10434174,-10.4971,-9.8105,-51.2508,-51.9374,-0.08928211,-0.09047821,-0.00322706,3.5217,3.2147,-0.3788,-61.7479,-1.9296,574.0317,163.0000,,3.5217,2.6332,2.6332,5.2663,5.2663,5.2663,5.2663,2.6332,0.0,2.0,2.0,1.337423,29,21,1,2,0E-8,-0.10756881,,0E-8,0.000000,0.912844,0.000000,,2026-03-25,2026-03-25,1,32,29,1,1.000000,,,0.000000,,,,,,,,GLOBAL_BASELINE_NO_ENTITY_RANKING,,,NOT_APPLICABLE_GLOBAL_BASELINE,HF9g-P5,,,,X 全窗基线 · 不参与实体赏罚,3921141,393,A168_HF9F_20260827_0900,2026-08-27 09:00:00
2026-03-25,147771499,1949,0,18.4322089686,2.5015140743,2.5015140743,0.5000000,6,6,0.49771390000000000,0.497713900000,0.011199674067230152,0.011199674067230152,0.011199674067230152,0E-17,ELIGIBLE,R03b_20260811_FULL_v1,L1_ELIGIBILITY,v2026-08-11,2026-03-21..2026-08-06,baccarat_bet02_101_all_pairs_incl_sentinel,round_win = game_pnl > 0 (decisive only),COMPATIBILITY_ONLY_NOT_PRODUCTION,574.0317,524.0014,-61.7479,163,163,0.10756881,,0.10756881,0.10756881,61.7479,574.0317,OK,0.0000,-1.8524,3.0000,97.0000,AG03-UNRESOLVED,ALL5_LEVELS_bet23_to_bet27,-1.8524,-1.8524,-1.8524,-2.4699,-2.4699,3.000000,3.000000,3.000000,4.000000,4.000000,97.000000,97.000000,97.000000,96.000000,96.000000,5.0,-10.4971,-9.8105,-51.2508,-51.9374,PENDING_AG03,FALSE,NOT_FOR_ENFORCEMENT,-59.8955,508.2813,-61.7479,-59.8955,-1.8524,-0.10756881,-0.10434174,-1.8524,-59.8955,-0.10434174,-1.8524,-1.8524,-1.8524,-2.4699,-2.4699,-59.8955,-0.10434174,-10.4971,-9.8105,-51.2508,-51.9374,-0.08928211,-0.09047821,-0.00322706,3.5217,3.2147,-0.3788,-61.7479,-1.9296,574.0317,163.0000,,3.5217,2.6332,2.6332,5.2663,5.2663,5.2663,5.2663,2.6332,0.0,2.0,2.0,1.337423,29,21,1,2,0E-8,-0.10756881,,0E-8,0.000000,0.912844,0.000000,,2026-03-25,2026-03-25,1,32,29,1,1.000000,,,0.000000,,,,,,,,GLOBAL_BASELINE_NO_ENTITY_RANKING,,,NOT_APPLICABLE_GLOBAL_BASELINE,HF9g-P5,,,,X 全窗基线 · 不参与实体赏罚,3921142,393,A168_HF9F_20260827_0900,2026-08-27 09:00:00
2026-03-25,147771499,2093,0,26.3317270980,4.7397108776,4.7397108776,0.6250000,8,8,0.49994810000000000,0.499948100000,0.7074003757330176,0.7074003757330176,0.7074003757330176,0E-17,ELIGIBLE,R03b_20260811_FULL_v1,L1_ELIGIBILITY,v2026-08-11,2026-03-21..2026-08-06,baccarat_bet02_101_all_pairs_incl_sentinel,round_win = game_pnl > 0 (decisive only),COMPATIBILITY_ONLY_NOT_PRODUCTION,574.0317,524.0014,-61.7479,163,163,0.10756881,,0.10756881,0.10756881,61.7479,574.0317,OK,0.0000,-1.8524,3.0000,97.0000,AG03-UNRESOLVED,ALL5_LEVELS_bet23_to_bet27,-1.8524,-1.8524,-1.8524,-2.4699,-2.4699,3.000000,3.000000,3.000000,4.000000,4.000000,97.000000,97.000000,97.000000,96.000000,96.000000,5.0,-10.4971,-9.8105,-51.2508,-51.9374,PENDING_AG03,FALSE,NOT_FOR_ENFORCEMENT,-59.8955,508.2813,-61.7479,-59.8955,-1.8524,-0.10756881,-0.10434174,-1.8524,-59.8955,-0.10434174,-1.8524,-1.8524,-1.8524,-2.4699,-2.4699,-59.8955,-0.10434174,-10.4971,-9.8105,-51.2508,-51.9374,-0.08928211,-0.09047821,-0.00322706,3.5217,3.2147,-0.3788,-61.7479,-1.9296,574.0317,163.0000,,3.5217,2.6332,2.6332,5.2663,5.2663,5.2663,5.2663,2.6332,0.0,2.0,2.0,1.337423,29,21,1,2,0E-8,-0.10756881,,0E-8,0.000000,0.912844,0.000000,,2026-03-25,2026-03-25,1,32,29,1,1.000000,,,0.000000,,,,,,,,GLOBAL_BASELINE_NO_ENTITY_RANKING,,,NOT_APPLICABLE_GLOBAL_BASELINE,HF9g-P5,,,,X 全窗基线 · 不参与实体赏罚,3921143,393,A168_HF9F_20260827_0900,2026-08-27 09:00:00
2026-03-25,147771499,2147,0,23.6985543882,-8.0311767649,-8.0311767649,0.3333333,6,6,0.49771390000000000,0.497713900000,-0.8053054414300617,-0.8053054414300617,-0.8053054414300617,0E-17,ELIGIBLE,R03b_20260811_FULL_v1,L1_ELIGIBILITY,v2026-08-11,2026-03-21..2026-08-06,baccarat_bet02_101_all_pairs_incl_sentinel,round_win = game_pnl > 0 (decisive only),COMPATIBILITY_ONLY_NOT_PRODUCTION,574.0317,524.0014,-61.7479,163,163,0.10756881,,0.10756881,0.10756881,61.7479,574.0317,OK,0.0000,-1.8524,3.0000,97.0000,AG03-UNRESOLVED,ALL5_LEVELS_bet23_to_bet27,-1.8524,-1.8524,-1.8524,-2.4699,-2.4699,3.000000,3.000000,3.000000,4.000000,4.000000,97.000000,97.000000,97.000000,96.000000,96.000000,5.0,-10.4971,-9.8105,-51.2508,-51.9374,PENDING_AG03,FALSE,NOT_FOR_ENFORCEMENT,-59.8955,508.2813,-61.7479,-59.8955,-1.8524,-0.10756881,-0.10434174,-1.8524,-59.8955,-0.10434174,-1.8524,-1.8524,-1.8524,-2.4699,-2.4699,-59.8955,-0.10434174,-10.4971,-9.8105,-51.2508,-51.9374,-0.08928211,-0.09047821,-0.00322706,3.5217,3.2147,-0.3788,-61.7479,-1.9296,574.0317,163.0000,,3.5217,2.6332,2.6332,5.2663,5.2663,5.2663,5.2663,2.6332,0.0,2.0,2.0,1.337423,29,21,1,2,0E-8,-0.10756881,,0E-8,0.000000,0.912844,0.000000,,2026-03-25,2026-03-25,1,32,29,1,1.000000,,,0.000000,,,,,,,,GLOBAL_BASELINE_NO_ENTITY_RANKING,,,NOT_APPLICABLE_GLOBAL_BASELINE,HF9g-P5,,,,X 全窗基线 · 不参与实体赏罚,3921144,393,A168_HF9F_20260827_0900,2026-08-27 09:00:00
2026-03-25,147771499,2152,0,23.6985543882,17.6422571556,17.6422571556,0.8333333,6,6,0.49994810000000000,0.499948100000,1.6332474276894162,1.6332474276894162,1.6332474276894162,0E-17,ELIGIBLE,R03b_20260811_FULL_v1,L1_ELIGIBILITY,v2026-08-11,2026-03-21..2026-08-06,baccarat_bet02_101_all_pairs_incl_sentinel,round_win = game_pnl > 0 (decisive only),COMPATIBILITY_ONLY_NOT_PRODUCTION,574.0317,524.0014,-61.7479,163,163,0.10756881,,0.10756881,0.10756881,61.7479,574.0317,OK,0.0000,-1.8524,3.0000,97.0000,AG03-UNRESOLVED,ALL5_LEVELS_bet23_to_bet27,-1.8524,-1.8524,-1.8524,-2.4699,-2.4699,3.000000,3.000000,3.000000,4.000000,4.000000,97.000000,97.000000,97.000000,96.000000,96.000000,5.0,-10.4971,-9.8105,-51.2508,-51.9374,PENDING_AG03,FALSE,NOT_FOR_ENFORCEMENT,-59.8955,508.2813,-61.7479,-59.8955,-1.8524,-0.10756881,-0.10434174,-1.8524,-59.8955,-0.10434174,-1.8524,-1.8524,-1.8524,-2.4699,-2.4699,-59.8955,-0.10434174,-10.4971,-9.8105,-51.2508,-51.9374,-0.08928211,-0.09047821,-0.00322706,3.5217,3.2147,-0.3788,-61.7479,-1.9296,574.0317,163.0000,,3.5217,2.6332,2.6332,5.2663,5.2663,5.2663,5.2663,2.6332,0.0,2.0,2.0,1.337423,29,21,1,2,0E-8,-0.10756881,,0E-8,0.000000,0.912844,0.000000,,2026-03-25,2026-03-25,1,32,29,1,1.000000,,,0.000000,,,,,,,,GLOBAL_BASELINE_NO_ENTITY_RANKING,,,NOT_APPLICABLE_GLOBAL_BASELINE,HF9g-P5,,,,X 全窗基线 · 不参与实体赏罚,3921145,393,A168_HF9F_20260827_0900,2026-08-27 09:00:00
2026-03-25,147771499,2218,0,13.1658635490,7.6362008584,7.6362008584,0.7500000,4,4,0.49659680000000000,0.496596800000,1.0136362796769356,1.0136362796769358,1.0136362796769356,0E-17,ELIGIBLE,R03b_20260811_FULL_v1,L1_ELIGIBILITY,v2026-08-11,2026-03-21..2026-08-06,baccarat_bet02_101_all_pairs_incl_sentinel,round_win = game_pnl > 0 (decisive only),COMPATIBILITY_ONLY_NOT_PRODUCTION,574.0317,524.0014,-61.7479,163,163,0.10756881,,0.10756881,0.10756881,61.7479,574.0317,OK,0.0000,-1.8524,3.0000,97.0000,AG03-UNRESOLVED,ALL5_LEVELS_bet23_to_bet27,-1.8524,-1.8524,-1.8524,-2.4699,-2.4699,3.000000,3.000000,3.000000,4.000000,4.000000,97.000000,97.000000,97.000000,96.000000,96.000000,5.0,-10.4971,-9.8105,-51.2508,-51.9374,PENDING_AG03,FALSE,NOT_FOR_ENFORCEMENT,-59.8955,508.2813,-61.7479,-59.8955,-1.8524,-0.10756881,-0.10434174,-1.8524,-59.8955,-0.10434174,-1.8524,-1.8524,-1.8524,-2.4699,-2.4699,-59.8955,-0.10434174,-10.4971,-9.8105,-51.2508,-51.9374,-0.08928211,-0.09047821,-0.00322706,3.5217,3.2147,-0.3788,-61.7479,-1.9296,574.0317,163.0000,,3.5217,2.6332,2.6332,5.2663,5.2663,5.2663,5.2663,2.6332,0.0,2.0,2.0,1.337423,29,21,1,2,0E-8,-0.10756881,,0E-8,0.000000,0.912844,0.000000,,2026-03-25,2026-03-25,1,32,29,1,1.000000,,,0.000000,,,,,,,,GLOBAL_BASELINE_NO_ENTITY_RANKING,,,NOT_APPLICABLE_GLOBAL_BASELINE,HF9g-P5,,,,X 全窗基线 · 不参与实体赏罚,3921146,393,A168_HF9F_20260827_0900,2026-08-27 09:00:00
2026-03-25,147771499,2235,0,23.6985543882,-7.8995181294,-7.8995181294,0.2500000,6,6,0.49771390000000000,0.497713900000,-0.9908659570869067,-0.9908659570869068,-0.9908659570869067,0E-17,ELIGIBLE,R03b_20260811_FULL_v1,L1_ELIGIBILITY,v2026-08-11,2026-03-21..2026-08-06,baccarat_bet02_101_all_pairs_incl_sentinel,round_win = game_pnl > 0 (decisive only),COMPATIBILITY_ONLY_NOT_PRODUCTION,574.0317,524.0014,-61.7479,163,163,0.10756881,,0.10756881,0.10756881,61.7479,574.0317,OK,0.0000,-1.8524,3.0000,97.0000,AG03-UNRESOLVED,ALL5_LEVELS_bet23_to_bet27,-1.8524,-1.8524,-1.8524,-2.4699,-2.4699,3.000000,3.000000,3.000000,4.000000,4.000000,97.000000,97.000000,97.000000,96.000000,96.000000,5.0,-10.4971,-9.8105,-51.2508,-51.9374,PENDING_AG03,FALSE,NOT_FOR_ENFORCEMENT,-59.8955,508.2813,-61.7479,-59.8955,-1.8524,-0.10756881,-0.10434174,-1.8524,-59.8955,-0.10434174,-1.8524,-1.8524,-1.8524,-2.4699,-2.4699,-59.8955,-0.10434174,-10.4971,-9.8105,-51.2508,-51.9374,-0.08928211,-0.09047821,-0.00322706,3.5217,3.2147,-0.3788,-61.7479,-1.9296,574.0317,163.0000,,3.5217,2.6332,2.6332,5.2663,5.2663,5.2663,5.2663,2.6332,0.0,2.0,2.0,1.337423,29,21,1,2,0E-8,-0.10756881,,0E-8,0.000000,0.912844,0.000000,,2026-03-25,2026-03-25,1,32,29,1,1.000000,,,0.000000,,,,,,,,GLOBAL_BASELINE_NO_ENTITY_RANKING,,,NOT_APPLICABLE_GLOBAL_BASELINE,HF9g-P5,,,,X 全窗基线 · 不参与实体赏罚,3921147,393,A168_HF9F_20260827_0900,2026-08-27 09:00:00
2026-03-25,147771499,2248,0,10.5326908392,-5.3980040551,-5.3980040551,0.3333333,3,3,0.50218230000000000,0.502182300000,-0.5849155494134425,-0.5849155494134426,-0.5849155494134425,0E-17,ELIGIBLE,R03b_20260811_FULL_v1,L1_ELIGIBILITY,v2026-08-11,2026-03-21..2026-08-06,baccarat_bet02_101_all_pairs_incl_sentinel,round_win = game_pnl > 0 (decisive only),COMPATIBILITY_ONLY_NOT_PRODUCTION,574.0317,524.0014,-61.7479,163,163,0.10756881,,0.10756881,0.10756881,61.7479,574.0317,OK,0.0000,-1.8524,3.0000,97.0000,AG03-UNRESOLVED,ALL5_LEVELS_bet23_to_bet27,-1.8524,-1.8524,-1.8524,-2.4699,-2.4699,3.000000,3.000000,3.000000,4.000000,4.000000,97.000000,97.000000,97.000000,96.000000,96.000000,5.0,-10.4971,-9.8105,-51.2508,-51.9374,PENDING_AG03,FALSE,NOT_FOR_ENFORCEMENT,-59.8955,508.2813,-61.7479,-59.8955,-1.8524,-0.10756881,-0.10434174,-1.8524,-59.8955,-0.10434174,-1.8524,-1.8524,-1.8524,-2.4699,-2.4699,-59.8955,-0.10434174,-10.4971,-9.8105,-51.2508,-51.9374,-0.08928211,-0.09047821,-0.00322706,3.5217,3.2147,-0.3788,-61.7479,-1.9296,574.0317,163.0000,,3.5217,2.6332,2.6332,5.2663,5.2663,5.2663,5.2663,2.6332,0.0,2.0,2.0,1.337423,29,21,1,2,0E-8,-0.10756881,,0E-8,0.000000,0.912844,0.000000,,2026-03-25,2026-03-25,1,32,29,1,1.000000,,,0.000000,,,,,,,,GLOBAL_BASELINE_NO_ENTITY_RANKING,,,NOT_APPLICABLE_GLOBAL_BASELINE,HF9g-P5,,,,X 全窗基线 · 不参与实体赏罚,3921148,393,A168_HF9F_20260827_0900,2026-08-27 09:00:00
2026-03-25,147771499,550,0,15.7990362588,0E-10,0E-10,0.3333333,4,4,0.49659680000000000,0.496596800000,-0.5655743394288276,-0.5655743394288276,-0.5655743394288276,0E-17,ELIGIBLE,R03b_20260811_FULL_v1,L1_ELIGIBILITY,v2026-08-11,2026-03-21..2026-08-06,baccarat_bet02_101_all_pairs_incl_sentinel,round_win = game_pnl > 0 (decisive only),COMPATIBILITY_ONLY_NOT_PRODUCTION,574.0317,524.0014,-61.7479,163,163,0.10756881,,0.10756881,0.10756881,61.7479,574.0317,OK,0.0000,-1.8524,3.0000,97.0000,AG03-UNRESOLVED,ALL5_LEVELS_bet23_to_bet27,-1.8524,-1.8524,-1.8524,-2.4699,-2.4699,3.000000,3.000000,3.000000,4.000000,4.000000,97.000000,97.000000,97.000000,96.000000,96.000000,5.0,-10.4971,-9.8105,-51.2508,-51.9374,PENDING_AG03,FALSE,NOT_FOR_ENFORCEMENT,-59.8955,508.2813,-61.7479,-59.8955,-1.8524,-0.10756881,-0.10434174,-1.8524,-59.8955,-0.10434174,-1.8524,-1.8524,-1.8524,-2.4699,-2.4699,-59.8955,-0.10434174,-10.4971,-9.8105,-51.2508,-51.9374,-0.08928211,-0.09047821,-0.00322706,3.5217,3.2147,-0.3788,-61.7479,-1.9296,574.0317,163.0000,,3.5217,2.6332,2.6332,5.2663,5.2663,5.2663,5.2663,2.6332,0.0,2.0,2.0,1.337423,29,21,1,2,0E-8,-0.10756881,,0E-8,0.000000,0.912844,0.000000,,2026-03-25,2026-03-25,1,32,29,1,1.000000,,,0.000000,,,,,,,,GLOBAL_BASELINE_NO_ENTITY_RANKING,,,NOT_APPLICABLE_GLOBAL_BASELINE,HF9g-P5,,,,X 全窗基线 · 不参与实体赏罚,3921149,393,A168_HF9F_20260827_0900,2026-08-27 09:00:00
2026-03-25,147771499,789,0,28.9648998078,13.0342049135,13.0342049135,0.7142857,8,8,0.49492115000000000,0.494921150000,1.1608280551280008,1.1608280551280008,1.1608280551280008,0E-17,ELIGIBLE,R03b_20260811_FULL_v1,L1_ELIGIBILITY,v2026-08-11,2026-03-21..2026-08-06,baccarat_bet02_101_all_pairs_incl_sentinel,round_win = game_pnl > 0 (decisive only),COMPATIBILITY_ONLY_NOT_PRODUCTION,574.0317,524.0014,-61.7479,163,163,0.10756881,,0.10756881,0.10756881,61.7479,574.0317,OK,0.0000,-1.8524,3.0000,97.0000,AG03-UNRESOLVED,ALL5_LEVELS_bet23_to_bet27,-1.8524,-1.8524,-1.8524,-2.4699,-2.4699,3.000000,3.000000,3.000000,4.000000,4.000000,97.000000,97.000000,97.000000,96.000000,96.000000,5.0,-10.4971,-9.8105,-51.2508,-51.9374,PENDING_AG03,FALSE,NOT_FOR_ENFORCEMENT,-59.8955,508.2813,-61.7479,-59.8955,-1.8524,-0.10756881,-0.10434174,-1.8524,-59.8955,-0.10434174,-1.8524,-1.8524,-1.8524,-2.4699,-2.4699,-59.8955,-0.10434174,-10.4971,-9.8105,-51.2508,-51.9374,-0.08928211,-0.09047821,-0.00322706,3.5217,3.2147,-0.3788,-61.7479,-1.9296,574.0317,163.0000,,3.5217,2.6332,2.6332,5.2663,5.2663,5.2663,5.2663,2.6332,0.0,2.0,2.0,1.337423,29,21,1,2,0E-8,-0.10756881,,0E-8,0.000000,0.912844,0.000000,,2026-03-25,2026-03-25,1,32,29,1,1.000000,,,0.000000,,,,,,,,GLOBAL_BASELINE_NO_ENTITY_RANKING,,,NOT_APPLICABLE_GLOBAL_BASELINE,HF9g-P5,,,,X 全窗基线 · 不参与实体赏罚,3921150,393,A168_HF9F_20260827_0900,2026-08-27 09:00:00
2026-03-25,147771499,986,0,26.3317270980,17.3789398846,17.3789398846,0.8000000,6,6,0.50665070000000000,0.506650700000,1.3120140225494112,1.3120140225494112,1.3120140225494112,0E-17,ELIGIBLE,R03b_20260811_FULL_v1,L1_ELIGIBILITY,v2026-08-11,2026-03-21..2026-08-06,baccarat_bet02_101_all_pairs_incl_sentinel,round_win = game_pnl > 0 (decisive only),COMPATIBILITY_ONLY_NOT_PRODUCTION,574.0317,524.0014,-61.7479,163,163,0.10756881,,0.10756881,0.10756881,61.7479,574.0317,OK,0.0000,-1.8524,3.0000,97.0000,AG03-UNRESOLVED,ALL5_LEVELS_bet23_to_bet27,-1.8524,-1.8524,-1.8524,-2.4699,-2.4699,3.000000,3.000000,3.000000,4.000000,4.000000,97.000000,97.000000,97.000000,96.000000,96.000000,5.0,-10.4971,-9.8105,-51.2508,-51.9374,PENDING_AG03,FALSE,NOT_FOR_ENFORCEMENT,-59.8955,508.2813,-61.7479,-59.8955,-1.8524,-0.10756881,-0.10434174,-1.8524,-59.8955,-0.10434174,-1.8524,-1.8524,-1.8524,-2.4699,-2.4699,-59.8955,-0.10434174,-10.4971,-9.8105,-51.2508,-51.9374,-0.08928211,-0.09047821,-0.00322706,3.5217,3.2147,-0.3788,-61.7479,-1.9296,574.0317,163.0000,,3.5217,2.6332,2.6332,5.2663,5.2663,5.2663,5.2663,2.6332,0.0,2.0,2.0,1.337423,29,21,1,2,0E-8,-0.10756881,,0E-8,0.000000,0.912844,0.000000,,2026-03-25,2026-03-25,1,32,29,1,1.000000,,,0.000000,,,,,,,,GLOBAL_BASELINE_NO_ENTITY_RANKING,,,NOT_APPLICABLE_GLOBAL_BASELINE,HF9g-P5,,,,X 全窗基线 · 不参与实体赏罚,3921151,393,A168_HF9F_20260827_0900,2026-08-27 09:00:00
2026-03-25,147771499,987,0,10.5326908392,10.2693735682,10.2693735682,1.0000000,4,4,0.49994810000000000,0.499948100000,2.0002076107755586,2.0002076107755586,2.0002076107755586,0E-17,ELIGIBLE,R03b_20260811_FULL_v1,L1_ELIGIBILITY,v2026-08-11,2026-03-21..2026-08-06,baccarat_bet02_101_all_pairs_incl_sentinel,round_win = game_pnl > 0 (decisive only),COMPATIBILITY_ONLY_NOT_PRODUCTION,574.0317,524.0014,-61.7479,163,163,0.10756881,,0.10756881,0.10756881,61.7479,574.0317,OK,0.0000,-1.8524,3.0000,97.0000,AG03-UNRESOLVED,ALL5_LEVELS_bet23_to_bet27,-1.8524,-1.8524,-1.8524,-2.4699,-2.4699,3.000000,3.000000,3.000000,4.000000,4.000000,97.000000,97.000000,97.000000,96.000000,96.000000,5.0,-10.4971,-9.8105,-51.2508,-51.9374,PENDING_AG03,FALSE,NOT_FOR_ENFORCEMENT,-59.8955,508.2813,-61.7479,-59.8955,-1.8524,-0.10756881,-0.10434174,-1.8524,-59.8955,-0.10434174,-1.8524,-1.8524,-1.8524,-2.4699,-2.4699,-59.8955,-0.10434174,-10.4971,-9.8105,-51.2508,-51.9374,-0.08928211,-0.09047821,-0.00322706,3.5217,3.2147,-0.3788,-61.7479,-1.9296,574.0317,163.0000,,3.5217,2.6332,2.6332,5.2663,5.2663,5.2663,5.2663,2.6332,0.0,2.0,2.0,1.337423,29,21,1,2,0E-8,-0.10756881,,0E-8,0.000000,0.912844,0.000000,,2026-03-25,2026-03-25,1,32,29,1,1.000000,,,0.000000,,,,,,,,GLOBAL_BASELINE_NO_ENTITY_RANKING,,,NOT_APPLICABLE_GLOBAL_BASELINE,HF9g-P5,,,,X 全窗基线 · 不参与实体赏罚,3921152,393,A168_HF9F_20260827_0900,2026-08-27 09:00:00
2026-04-08,148372492,1383,0,2.6175774567,-2.6175774567,-2.6175774567,0E-7,1,1,0.50665070000000000,0.506650700000,-1.013391052207602,-1.013391052207602,-1.013391052207602,0E-17,ELIGIBLE,R03b_20260811_FULL_v1,L1_ELIGIBILITY,v2026-08-11,2026-03-21..2026-08-06,baccarat_bet02_101_all_pairs_incl_sentinel,round_win = game_pnl > 0 (decisive only),COMPATIBILITY_ONLY_NOT_PRODUCTION,71.4523,68.8347,-62.3907,5,5,0.87318012,,0.87318012,0.87318012,62.3907,71.4523,THIN_EXPOSURE,0.0000,-2.4956,4.0000,96.0000,AG03-UNRESOLVED,ALL5_LEVELS_bet23_to_bet27,-2.4956,-2.4956,-2.4956,-2.4956,-2.4956,4.000000,4.000000,4.000000,4.000000,4.000000,96.000000,96.000000,96.000000,96.000000,96.000000,5.0,-12.4781,-11.519,-49.9126,-50.8717,PENDING_AG03,FALSE,NOT_FOR_ENFORCEMENT,-59.8951,66.0813,-62.3907,-59.8951,-2.4956,-0.87318012,-0.83825291,-2.4956,-59.8951,-0.83825291,-2.4956,-2.4956,-2.4956,-2.4956,-2.4956,-59.8951,-0.83825291,-12.4781,-11.519,-49.9126,-50.8717,-0.69854409,-0.71196723,-0.03492720,14.2905,13.7669,-12.4781,-31.1954,-15.5977,35.7261,2.5000,,14.2905,2.6176,2.6176,26.6795,42.0404,42.0404,42.0404,2.6176,2.4867,16.060799,16.060799,5.45942,4,5,1,2,0E-8,-0.87318012,,0E-8,0.000000,0.963366,0.000000,,2026-04-08,2026-04-13,2,4,4,6,0.333333,,,0.000000,,,,,,,,GLOBAL_BASELINE_NO_ENTITY_RANKING,,,NOT_APPLICABLE_GLOBAL_BASELINE,HF9g-P5,,,,X 全窗基线 · 不参与实体赏罚,3921153,393,A168_HF9F_20260827_0900,2026-08-27 09:00:00
2026-04-08,148372492,1405,0,2.6175774567,0E-10,0E-10,,1,1,0.49324550000000000,0.493245500000,,,,0E-17,NO_DECISIVE_ROUND,R03b_20260811_FULL_v1,L1_ELIGIBILITY,v2026-08-11,2026-03-21..2026-08-06,baccarat_bet02_101_all_pairs_incl_sentinel,round_win = game_pnl > 0 (decisive only),COMPATIBILITY_ONLY_NOT_PRODUCTION,71.4523,68.8347,-62.3907,5,5,0.87318012,,0.87318012,0.87318012,62.3907,71.4523,THIN_EXPOSURE,0.0000,-2.4956,4.0000,96.0000,AG03-UNRESOLVED,ALL5_LEVELS_bet23_to_bet27,-2.4956,-2.4956,-2.4956,-2.4956,-2.4956,4.000000,4.000000,4.000000,4.000000,4.000000,96.000000,96.000000,96.000000,96.000000,96.000000,5.0,-12.4781,-11.519,-49.9126,-50.8717,PENDING_AG03,FALSE,NOT_FOR_ENFORCEMENT,-59.8951,66.0813,-62.3907,-59.8951,-2.4956,-0.87318012,-0.83825291,-2.4956,-59.8951,-0.83825291,-2.4956,-2.4956,-2.4956,-2.4956,-2.4956,-59.8951,-0.83825291,-12.4781,-11.519,-49.9126,-50.8717,-0.69854409,-0.71196723,-0.03492720,14.2905,13.7669,-12.4781,-31.1954,-15.5977,35.7261,2.5000,,14.2905,2.6176,2.6176,26.6795,42.0404,42.0404,42.0404,2.6176,2.4867,16.060799,16.060799,5.45942,4,5,1,2,0E-8,-0.87318012,,0E-8,0.000000,0.963366,0.000000,,2026-04-08,2026-04-13,2,4,4,6,0.333333,,,0.000000,,,,,,,,GLOBAL_BASELINE_NO_ENTITY_RANKING,,,NOT_APPLICABLE_GLOBAL_BASELINE,HF9g-P5,,,,X 全窗基线 · 不参与实体赏罚,3921154,393,A168_HF9F_20260827_0900,2026-08-27 09:00:00
2026-04-08,148372492,1710,0,2.6175774567,2.4866985838,2.4866985838,1.0000000,1,1,0.50665070000000000,0.506650700000,0.9867858985152569,0.9867858985152569,0.9867858985152569,0E-17,ELIGIBLE,R03b_20260811_FULL_v1,L1_ELIGIBILITY,v2026-08-11,2026-03-21..2026-08-06,baccarat_bet02_101_all_pairs_incl_sentinel,round_win = game_pnl > 0 (decisive only),COMPATIBILITY_ONLY_NOT_PRODUCTION,71.4523,68.8347,-62.3907,5,5,0.87318012,,0.87318012,0.87318012,62.3907,71.4523,THIN_EXPOSURE,0.0000,-2.4956,4.0000,96.0000,AG03-UNRESOLVED,ALL5_LEVELS_bet23_to_bet27,-2.4956,-2.4956,-2.4956,-2.4956,-2.4956,4.000000,4.000000,4.000000,4.000000,4.000000,96.000000,96.000000,96.000000,96.000000,96.000000,5.0,-12.4781,-11.519,-49.9126,-50.8717,PENDING_AG03,FALSE,NOT_FOR_ENFORCEMENT,-59.8951,66.0813,-62.3907,-59.8951,-2.4956,-0.87318012,-0.83825291,-2.4956,-59.8951,-0.83825291,-2.4956,-2.4956,-2.4956,-2.4956,-2.4956,-59.8951,-0.83825291,-12.4781,-11.519,-49.9126,-50.8717,-0.69854409,-0.71196723,-0.03492720,14.2905,13.7669,-12.4781,-31.1954,-15.5977,35.7261,2.5000,,14.2905,2.6176,2.6176,26.6795,42.0404,42.0404,42.0404,2.6176,2.4867,16.060799,16.060799,5.45942,4,5,1,2,0E-8,-0.87318012,,0E-8,0.000000,0.963366,0.000000,,2026-04-08,2026-04-13,2,4,4,6,0.333333,,,0.000000,,,,,,,,GLOBAL_BASELINE_NO_ENTITY_RANKING,,,NOT_APPLICABLE_GLOBAL_BASELINE,HF9g-P5,,,,X 全窗基线 · 不参与实体赏罚,3921155,393,A168_HF9F_20260827_0900,2026-08-27 09:00:00
2026-04-13,148372492,1210,0,42.0403880161,42.0403880161,42.0403880161,1.0000000,1,1,0.49324550000000000,0.493245500000,1.01360149184955,1.01360149184955,1.01360149184955,0E-17,ELIGIBLE,R03b_20260811_FULL_v1,L1_ELIGIBILITY,v2026-08-11,2026-03-21..2026-08-06,baccarat_bet02_101_all_pairs_incl_sentinel,round_win = game_pnl > 0 (decisive only),COMPATIBILITY_ONLY_NOT_PRODUCTION,71.4523,68.8347,-62.3907,5,5,0.87318012,,0.87318012,0.87318012,62.3907,71.4523,THIN_EXPOSURE,0.0000,-2.4956,4.0000,96.0000,AG03-UNRESOLVED,ALL5_LEVELS_bet23_to_bet27,-2.4956,-2.4956,-2.4956,-2.4956,-2.4956,4.000000,4.000000,4.000000,4.000000,4.000000,96.000000,96.000000,96.000000,96.000000,96.000000,5.0,-12.4781,-11.519,-49.9126,-50.8717,PENDING_AG03,FALSE,NOT_FOR_ENFORCEMENT,-59.8951,66.0813,-62.3907,-59.8951,-2.4956,-0.87318012,-0.83825291,-2.4956,-59.8951,-0.83825291,-2.4956,-2.4956,-2.4956,-2.4956,-2.4956,-59.8951,-0.83825291,-12.4781,-11.519,-49.9126,-50.8717,-0.69854409,-0.71196723,-0.03492720,14.2905,13.7669,-12.4781,-31.1954,-15.5977,35.7261,2.5000,,14.2905,2.6176,2.6176,26.6795,42.0404,42.0404,42.0404,2.6176,2.4867,16.060799,16.060799,5.45942,4,5,1,2,0E-8,-0.87318012,,0E-8,0.000000,0.963366,0.000000,,2026-04-08,2026-04-13,2,4,4,6,0.333333,,,0.000000,,,,,,,,GLOBAL_BASELINE_NO_ENTITY_RANKING,,,NOT_APPLICABLE_GLOBAL_BASELINE,HF9g-P5,,,,X 全窗基线 · 不参与实体赏罚,3921156,393,A168_HF9F_20260827_0900,2026-08-27 09:00:00
2026-04-13,148372492,2196,0,21.5591532064,20.4811955460,20.4811955460,1.0000000,1,1,0.50665070000000000,0.506650700000,0.9867858985152569,0.9867858985152569,0.9867858985152569,0E-17,ELIGIBLE,R03b_20260811_FULL_v1,L1_ELIGIBILITY,v2026-08-11,2026-03-21..2026-08-06,baccarat_bet02_101_all_pairs_incl_sentinel,round_win = game_pnl > 0 (decisive only),COMPATIBILITY_ONLY_NOT_PRODUCTION,71.4523,68.8347,-62.3907,5,5,0.87318012,,0.87318012,0.87318012,62.3907,71.4523,THIN_EXPOSURE,0.0000,-2.4956,4.0000,96.0000,AG03-UNRESOLVED,ALL5_LEVELS_bet23_to_bet27,-2.4956,-2.4956,-2.4956,-2.4956,-2.4956,4.000000,4.000000,4.000000,4.000000,4.000000,96.000000,96.000000,96.000000,96.000000,96.000000,5.0,-12.4781,-11.519,-49.9126,-50.8717,PENDING_AG03,FALSE,NOT_FOR_ENFORCEMENT,-59.8951,66.0813,-62.3907,-59.8951,-2.4956,-0.87318012,-0.83825291,-2.4956,-59.8951,-0.83825291,-2.4956,-2.4956,-2.4956,-2.4956,-2.4956,-59.8951,-0.83825291,-12.4781,-11.519,-49.9126,-50.8717,-0.69854409,-0.71196723,-0.03492720,14.2905,13.7669,-12.4781,-31.1954,-15.5977,35.7261,2.5000,,14.2905,2.6176,2.6176,26.6795,42.0404,42.0404,42.0404,2.6176,2.4867,16.060799,16.060799,5.45942,4,5,1,2,0E-8,-0.87318012,,0E-8,0.000000,0.963366,0.000000,,2026-04-08,2026-04-13,2,4,4,6,0.333333,,,0.000000,,,,,,,,GLOBAL_BASELINE_NO_ENTITY_RANKING,,,NOT_APPLICABLE_GLOBAL_BASELINE,HF9g-P5,,,,X 全窗基线 · 不参与实体赏罚,3921157,393,A168_HF9F_20260827_0900,2026-08-27 09:00:00
2026-05-10,149855764,2235,0,62.3884045794,62.3884045794,62.3884045794,1.0000000,2,2,0.49324550000000000,0.493245500000,1.4334489766152358,1.4334489766152358,1.4334489766152358,0E-17,ELIGIBLE,R03b_20260811_FULL_v1,L1_ELIGIBILITY,v2026-08-11,2026-03-21..2026-08-06,baccarat_bet02_101_all_pairs_incl_sentinel,round_win = game_pnl > 0 (decisive only),COMPATIBILITY_ONLY_NOT_PRODUCTION,62.3884,62.3884,-62.3884,2,2,1.00000000,,1.00000000,1.00000000,62.3884,62.3884,THIN_EXPOSURE,0.0000,-2.4955,4.0000,96.0000,AG03-UNRESOLVED,ALL5_LEVELS_bet23_to_bet27,-2.4955,-2.4955,-2.4955,-3.7433,-3.7433,4.000000,4.000000,4.000000,6.000000,6.000000,96.000000,96.000000,96.000000,94.000000,94.000000,5.0,-14.9732,-13.6161,-47.4152,-48.7723,PENDING_AG03,FALSE,NOT_FOR_ENFORCEMENT,-59.8929,59.8929,-62.3884,-59.8929,-2.4955,-1.00000000,-0.96000000,-2.4955,-59.8929,-0.96000000,-2.4955,-2.4955,-2.4955,-3.7433,-3.7433,-59.8929,-0.96000000,-14.9732,-13.6161,-47.4152,-48.7723,-0.76000000,-0.78175273,-0.04000000,31.1942,31.1942,-31.1942,-62.3884,-62.3884,62.3884,2.0000,,31.1942,20.7961,31.1942,41.5923,41.5923,41.5923,41.5923,31.1942,31.1942,1.333333,1.333333,1.0,1,1,1,1,0E-8,-1.00000000,,0E-8,0.000000,1.000000,0.000000,,2026-05-10,2026-05-10,1,1,1,1,1.000000,,,0.000000,,,,,,,,GLOBAL_BASELINE_NO_ENTITY_RANKING,,,NOT_APPLICABLE_GLOBAL_BASELINE,HF9g-P5,,,,X 全窗基线 · 不参与实体赏罚,3921158,393,A168_HF9F_20260827_0900,2026-08-27 09:00:00
2026-05-11,149903143,-1,1,126.0371809680,15.1244617160,15.1244617160,0.5769231,30,30,0.50039494000000000,0.500394940000,0.7804371704808167,0.7804371704808167,0.7804371704808167,0E-17,SENTINEL_DEALER,R03b_20260811_FULL_v1,L1_ELIGIBILITY,v2026-08-11,2026-03-21..2026-08-06,baccarat_bet02_101_all_pairs_incl_sentinel,round_win = game_pnl > 0 (decisive only),COMPATIBILITY_ONLY_NOT_PRODUCTION,1606.9741,1430.5220,-62.3884,294,294,0.03882353,,0.03882353,0.03882353,62.3884,1606.9741,OK,0.0000,-2.4955,4.0000,96.0000,AG03-UNRESOLVED,ALL5_LEVELS_bet23_to_bet27,-2.4955,-2.4955,-2.4955,-2.4955,-2.4955,4.000000,4.000000,4.000000,4.000000,4.000000,96.000000,96.000000,96.000000,96.000000,96.000000,5.0,-12.4777,-11.5186,-49.9107,-50.8698,PENDING_AG03,FALSE,NOT_FOR_ENFORCEMENT,-59.8929,1373.3011,-62.3884,-59.8929,-2.4955,-0.03882353,-0.03727059,-2.4955,-59.8929,-0.03727059,-2.4955,-2.4955,-2.4955,-2.4955,-2.4955,-59.8929,-0.03727059,-12.4777,-11.5186,-49.9107,-50.8698,-0.03105882,-0.03165565,-0.00155294,5.4659,4.8657,-0.2122,-20.7961,-1.8906,535.6580,98.0000,,5.4659,4.2012,4.2012,4.2012,10.5031,10.5031,17.3091,4.2012,0.0,2.5,4.119995,1.30102,19,28,7,2,0E-8,-0.03882353,,0E-8,0.000000,0.890196,0.000000,,2026-05-11,2026-05-14,3,33,26,4,0.750000,,,0.000000,,,,,,,,GLOBAL_BASELINE_NO_ENTITY_RANKING,,,NOT_APPLICABLE_GLOBAL_BASELINE,HF9g-P5,,,,X 全窗基线 · 不参与实体赏罚,3921159,393,A168_HF9F_20260827_0900,2026-08-27 09:00:00
2026-05-11,149903143,1306,0,96.6285054088,-27.5181178447,-27.5181178447,0.4000000,14,14,0.49803307142857143,0.498033071429,-0.620020380970712,-0.6200203809734205,-0.620020380970712,-4.2857E-13,ELIGIBLE,R03b_20260811_FULL_v1,L1_ELIGIBILITY,v2026-08-11,2026-03-21..2026-08-06,baccarat_bet02_101_all_pairs_incl_sentinel,round_win = game_pnl > 0 (decisive only),COMPATIBILITY_ONLY_NOT_PRODUCTION,1606.9741,1430.5220,-62.3884,294,294,0.03882353,,0.03882353,0.03882353,62.3884,1606.9741,OK,0.0000,-2.4955,4.0000,96.0000,AG03-UNRESOLVED,ALL5_LEVELS_bet23_to_bet27,-2.4955,-2.4955,-2.4955,-2.4955,-2.4955,4.000000,4.000000,4.000000,4.000000,4.000000,96.000000,96.000000,96.000000,96.000000,96.000000,5.0,-12.4777,-11.5186,-49.9107,-50.8698,PENDING_AG03,FALSE,NOT_FOR_ENFORCEMENT,-59.8929,1373.3011,-62.3884,-59.8929,-2.4955,-0.03882353,-0.03727059,-2.4955,-59.8929,-0.03727059,-2.4955,-2.4955,-2.4955,-2.4955,-2.4955,-59.8929,-0.03727059,-12.4777,-11.5186,-49.9107,-50.8698,-0.03105882,-0.03165565,-0.00155294,5.4659,4.8657,-0.2122,-20.7961,-1.8906,535.6580,98.0000,,5.4659,4.2012,4.2012,4.2012,10.5031,10.5031,17.3091,4.2012,0.0,2.5,4.119995,1.30102,19,28,7,2,0E-8,-0.03882353,,0E-8,0.000000,0.890196,0.000000,,2026-05-11,2026-05-14,3,33,26,4,0.750000,,,0.000000,,,,,,,,GLOBAL_BASELINE_NO_ENTITY_RANKING,,,NOT_APPLICABLE_GLOBAL_BASELINE,HF9g-P5,,,,X 全窗基线 · 不参与实体赏罚,3921160,393,A168_HF9F_20260827_0900,2026-08-27 09:00:00
2026-05-11,149903143,1646,0,12.6037180968,4.2012393656,4.2012393656,0.6666667,3,3,0.49324550000000000,0.493245500000,0.6008033672792107,0.6008033672792106,0.6008033672792107,0E-17,ELIGIBLE,R03b_20260811_FULL_v1,L1_ELIGIBILITY,v2026-08-11,2026-03-21..2026-08-06,baccarat_bet02_101_all_pairs_incl_sentinel,round_win = game_pnl > 0 (decisive only),COMPATIBILITY_ONLY_NOT_PRODUCTION,1606.9741,1430.5220,-62.3884,294,294,0.03882353,,0.03882353,0.03882353,62.3884,1606.9741,OK,0.0000,-2.4955,4.0000,96.0000,AG03-UNRESOLVED,ALL5_LEVELS_bet23_to_bet27,-2.4955,-2.4955,-2.4955,-2.4955,-2.4955,4.000000,4.000000,4.000000,4.000000,4.000000,96.000000,96.000000,96.000000,96.000000,96.000000,5.0,-12.4777,-11.5186,-49.9107,-50.8698,PENDING_AG03,FALSE,NOT_FOR_ENFORCEMENT,-59.8929,1373.3011,-62.3884,-59.8929,-2.4955,-0.03882353,-0.03727059,-2.4955,-59.8929,-0.03727059,-2.4955,-2.4955,-2.4955,-2.4955,-2.4955,-59.8929,-0.03727059,-12.4777,-11.5186,-49.9107,-50.8698,-0.03105882,-0.03165565,-0.00155294,5.4659,4.8657,-0.2122,-20.7961,-1.8906,535.6580,98.0000,,5.4659,4.2012,4.2012,4.2012,10.5031,10.5031,17.3091,4.2012,0.0,2.5,4.119995,1.30102,19,28,7,2,0E-8,-0.03882353,,0E-8,0.000000,0.890196,0.000000,,2026-05-11,2026-05-14,3,33,26,4,0.750000,,,0.000000,,,,,,,,GLOBAL_BASELINE_NO_ENTITY_RANKING,,,NOT_APPLICABLE_GLOBAL_BASELINE,HF9g-P5,,,,X 全窗基线 · 不参与实体赏罚,3921161,393,A168_HF9F_20260827_0900,2026-08-27 09:00:00
2026-05-11,149903143,1947,0,16.8049574624,-0.2100619683,-0.2100619683,0.5000000,4,4,0.49994810000000000,0.499948100000,0.00020760000111838688,0.00020760000111838688,0.00020760000111838688,0E-17,ELIGIBLE,R03b_20260811_FULL_v1,L1_ELIGIBILITY,v2026-08-11,2026-03-21..2026-08-06,baccarat_bet02_101_all_pairs_incl_sentinel,round_win = game_pnl > 0 (decisive only),COMPATIBILITY_ONLY_NOT_PRODUCTION,1606.9741,1430.5220,-62.3884,294,294,0.03882353,,0.03882353,0.03882353,62.3884,1606.9741,OK,0.0000,-2.4955,4.0000,96.0000,AG03-UNRESOLVED,ALL5_LEVELS_bet23_to_bet27,-2.4955,-2.4955,-2.4955,-2.4955,-2.4955,4.000000,4.000000,4.000000,4.000000,4.000000,96.000000,96.000000,96.000000,96.000000,96.000000,5.0,-12.4777,-11.5186,-49.9107,-50.8698,PENDING_AG03,FALSE,NOT_FOR_ENFORCEMENT,-59.8929,1373.3011,-62.3884,-59.8929,-2.4955,-0.03882353,-0.03727059,-2.4955,-59.8929,-0.03727059,-2.4955,-2.4955,-2.4955,-2.4955,-2.4955,-59.8929,-0.03727059,-12.4777,-11.5186,-49.9107,-50.8698,-0.03105882,-0.03165565,-0.00155294,5.4659,4.8657,-0.2122,-20.7961,-1.8906,535.6580,98.0000,,5.4659,4.2012,4.2012,4.2012,10.5031,10.5031,17.3091,4.2012,0.0,2.5,4.119995,1.30102,19,28,7,2,0E-8,-0.03882353,,0E-8,0.000000,0.890196,0.000000,,2026-05-11,2026-05-14,3,33,26,4,0.750000,,,0.000000,,,,,,,,GLOBAL_BASELINE_NO_ENTITY_RANKING,,,NOT_APPLICABLE_GLOBAL_BASELINE,HF9g-P5,,,,X 全窗基线 · 不参与实体赏罚,3921162,393,A168_HF9F_20260827_0900,2026-08-27 09:00:00
2026-05-11,149903143,2121,0,75.6223085808,-13.6540279382,-13.6540279382,0.4615385,14,14,0.49994810000000000,0.499948100000,-0.2769758433823512,-0.2769758433823512,-0.2769758433823512,0E-17,ELIGIBLE,R03b_20260811_FULL_v1,L1_ELIGIBILITY,v2026-08-11,2026-03-21..2026-08-06,baccarat_bet02_101_all_pairs_incl_sentinel,round_win = game_pnl > 0 (decisive only),COMPATIBILITY_ONLY_NOT_PRODUCTION,1606.9741,1430.5220,-62.3884,294,294,0.03882353,,0.03882353,0.03882353,62.3884,1606.9741,OK,0.0000,-2.4955,4.0000,96.0000,AG03-UNRESOLVED,ALL5_LEVELS_bet23_to_bet27,-2.4955,-2.4955,-2.4955,-2.4955,-2.4955,4.000000,4.000000,4.000000,4.000000,4.000000,96.000000,96.000000,96.000000,96.000000,96.000000,5.0,-12.4777,-11.5186,-49.9107,-50.8698,PENDING_AG03,FALSE,NOT_FOR_ENFORCEMENT,-59.8929,1373.3011,-62.3884,-59.8929,-2.4955,-0.03882353,-0.03727059,-2.4955,-59.8929,-0.03727059,-2.4955,-2.4955,-2.4955,-2.4955,-2.4955,-59.8929,-0.03727059,-12.4777,-11.5186,-49.9107,-50.8698,-0.03105882,-0.03165565,-0.00155294,5.4659,4.8657,-0.2122,-20.7961,-1.8906,535.6580,98.0000,,5.4659,4.2012,4.2012,4.2012,10.5031,10.5031,17.3091,4.2012,0.0,2.5,4.119995,1.30102,19,28,7,2,0E-8,-0.03882353,,0E-8,0.000000,0.890196,0.000000,,2026-05-11,2026-05-14,3,33,26,4,0.750000,,,0.000000,,,,,,,,GLOBAL_BASELINE_NO_ENTITY_RANKING,,,NOT_APPLICABLE_GLOBAL_BASELINE,HF9g-P5,,,,X 全窗基线 · 不参与实体赏罚,3921163,393,A168_HF9F_20260827_0900,2026-08-27 09:00:00
2026-05-11,149903143,2152,0,212.1625879630,-6.8270139691,-6.8270139691,0.5000000,23,23,0.50431936086956522,0.504319360870,-0.04052070859801619,-0.04052070860209524,-0.04052070859801619,-4.3478E-13,ELIGIBLE,R03b_20260811_FULL_v1,L1_ELIGIBILITY,v2026-08-11,2026-03-21..2026-08-06,baccarat_bet02_101_all_pairs_incl_sentinel,round_win = game_pnl > 0 (decisive only),COMPATIBILITY_ONLY_NOT_PRODUCTION,1606.9741,1430.5220,-62.3884,294,294,0.03882353,,0.03882353,0.03882353,62.3884,1606.9741,OK,0.0000,-2.4955,4.0000,96.0000,AG03-UNRESOLVED,ALL5_LEVELS_bet23_to_bet27,-2.4955,-2.4955,-2.4955,-2.4955,-2.4955,4.000000,4.000000,4.000000,4.000000,4.000000,96.000000,96.000000,96.000000,96.000000,96.000000,5.0,-12.4777,-11.5186,-49.9107,-50.8698,PENDING_AG03,FALSE,NOT_FOR_ENFORCEMENT,-59.8929,1373.3011,-62.3884,-59.8929,-2.4955,-0.03882353,-0.03727059,-2.4955,-59.8929,-0.03727059,-2.4955,-2.4955,-2.4955,-2.4955,-2.4955,-59.8929,-0.03727059,-12.4777,-11.5186,-49.9107,-50.8698,-0.03105882,-0.03165565,-0.00155294,5.4659,4.8657,-0.2122,-20.7961,-1.8906,535.6580,98.0000,,5.4659,4.2012,4.2012,4.2012,10.5031,10.5031,17.3091,4.2012,0.0,2.5,4.119995,1.30102,19,28,7,2,0E-8,-0.03882353,,0E-8,0.000000,0.890196,0.000000,,2026-05-11,2026-05-14,3,33,26,4,0.750000,,,0.000000,,,,,,,,GLOBAL_BASELINE_NO_ENTITY_RANKING,,,NOT_APPLICABLE_GLOBAL_BASELINE,HF9g-P5,,,,X 全窗基线 · 不参与实体赏罚,3921164,393,A168_HF9F_20260827_0900,2026-08-27 09:00:00
2026-05-11,149903143,2196,0,123.9365612852,34.8702867344,34.8702867344,0.6250000,19,19,0.49818425789473684,0.498184257895,1.0145326265287429,1.0145326265266355,1.0145326265287429,-2.6316E-13,ELIGIBLE,R03b_20260811_FULL_v1,L1_ELIGIBILITY,v2026-08-11,2026-03-21..2026-08-06,baccarat_bet02_101_all_pairs_incl_sentinel,round_win = game_pnl > 0 (decisive only),COMPATIBILITY_ONLY_NOT_PRODUCTION,1606.9741,1430.5220,-62.3884,294,294,0.03882353,,0.03882353,0.03882353,62.3884,1606.9741,OK,0.0000,-2.4955,4.0000,96.0000,AG03-UNRESOLVED,ALL5_LEVELS_bet23_to_bet27,-2.4955,-2.4955,-2.4955,-2.4955,-2.4955,4.000000,4.000000,4.000000,4.000000,4.000000,96.000000,96.000000,96.000000,96.000000,96.000000,5.0,-12.4777,-11.5186,-49.9107,-50.8698,PENDING_AG03,FALSE,NOT_FOR_ENFORCEMENT,-59.8929,1373.3011,-62.3884,-59.8929,-2.4955,-0.03882353,-0.03727059,-2.4955,-59.8929,-0.03727059,-2.4955,-2.4955,-2.4955,-2.4955,-2.4955,-59.8929,-0.03727059,-12.4777,-11.5186,-49.9107,-50.8698,-0.03105882,-0.03165565,-0.00155294,5.4659,4.8657,-0.2122,-20.7961,-1.8906,535.6580,98.0000,,5.4659,4.2012,4.2012,4.2012,10.5031,10.5031,17.3091,4.2012,0.0,2.5,4.119995,1.30102,19,28,7,2,0E-8,-0.03882353,,0E-8,0.000000,0.890196,0.000000,,2026-05-11,2026-05-14,3,33,26,4,0.750000,,,0.000000,,,,,,,,GLOBAL_BASELINE_NO_ENTITY_RANKING,,,NOT_APPLICABLE_GLOBAL_BASELINE,HF9g-P5,,,,X 全窗基线 · 不参与实体赏罚,3921165,393,A168_HF9F_20260827_0900,2026-08-27 09:00:00
2026-05-11,149903143,2205,0,33.6099149248,-4.6213633022,-4.6213633022,0.4285714,8,8,0.50162375000000000,0.501623750000,-0.38655858877025023,-0.38655858877025023,-0.38655858877025023,0E-17,ELIGIBLE,R03b_20260811_FULL_v1,L1_ELIGIBILITY,v2026-08-11,2026-03-21..2026-08-06,baccarat_bet02_101_all_pairs_incl_sentinel,round_win = game_pnl > 0 (decisive only),COMPATIBILITY_ONLY_NOT_PRODUCTION,1606.9741,1430.5220,-62.3884,294,294,0.03882353,,0.03882353,0.03882353,62.3884,1606.9741,OK,0.0000,-2.4955,4.0000,96.0000,AG03-UNRESOLVED,ALL5_LEVELS_bet23_to_bet27,-2.4955,-2.4955,-2.4955,-2.4955,-2.4955,4.000000,4.000000,4.000000,4.000000,4.000000,96.000000,96.000000,96.000000,96.000000,96.000000,5.0,-12.4777,-11.5186,-49.9107,-50.8698,PENDING_AG03,FALSE,NOT_FOR_ENFORCEMENT,-59.8929,1373.3011,-62.3884,-59.8929,-2.4955,-0.03882353,-0.03727059,-2.4955,-59.8929,-0.03727059,-2.4955,-2.4955,-2.4955,-2.4955,-2.4955,-59.8929,-0.03727059,-12.4777,-11.5186,-49.9107,-50.8698,-0.03105882,-0.03165565,-0.00155294,5.4659,4.8657,-0.2122,-20.7961,-1.8906,535.6580,98.0000,,5.4659,4.2012,4.2012,4.2012,10.5031,10.5031,17.3091,4.2012,0.0,2.5,4.119995,1.30102,19,28,7,2,0E-8,-0.03882353,,0E-8,0.000000,0.890196,0.000000,,2026-05-11,2026-05-14,3,33,26,4,0.750000,,,0.000000,,,,,,,,GLOBAL_BASELINE_NO_ENTITY_RANKING,,,NOT_APPLICABLE_GLOBAL_BASELINE,HF9g-P5,,,,X 全窗基线 · 不参与实体赏罚,3921166,393,A168_HF9F_20260827_0900,2026-08-27 09:00:00
2026-05-11,149903143,2218,0,8.4024787312,-0.2100619683,-0.2100619683,0.5000000,2,2,0.50665070000000000,0.506650700000,-0.018812684590367487,-0.018812684590367487,-0.018812684590367487,0E-17,ELIGIBLE,R03b_20260811_FULL_v1,L1_ELIGIBILITY,v2026-08-11,2026-03-21..2026-08-06,baccarat_bet02_101_all_pairs_incl_sentinel,round_win = game_pnl > 0 (decisive only),COMPATIBILITY_ONLY_NOT_PRODUCTION,1606.9741,1430.5220,-62.3884,294,294,0.03882353,,0.03882353,0.03882353,62.3884,1606.9741,OK,0.0000,-2.4955,4.0000,96.0000,AG03-UNRESOLVED,ALL5_LEVELS_bet23_to_bet27,-2.4955,-2.4955,-2.4955,-2.4955,-2.4955,4.000000,4.000000,4.000000,4.000000,4.000000,96.000000,96.000000,96.000000,96.000000,96.000000,5.0,-12.4777,-11.5186,-49.9107,-50.8698,PENDING_AG03,FALSE,NOT_FOR_ENFORCEMENT,-59.8929,1373.3011,-62.3884,-59.8929,-2.4955,-0.03882353,-0.03727059,-2.4955,-59.8929,-0.03727059,-2.4955,-2.4955,-2.4955,-2.4955,-2.4955,-59.8929,-0.03727059,-12.4777,-11.5186,-49.9107,-50.8698,-0.03105882,-0.03165565,-0.00155294,5.4659,4.8657,-0.2122,-20.7961,-1.8906,535.6580,98.0000,,5.4659,4.2012,4.2012,4.2012,10.5031,10.5031,17.3091,4.2012,0.0,2.5,4.119995,1.30102,19,28,7,2,0E-8,-0.03882353,,0E-8,0.000000,0.890196,0.000000,,2026-05-11,2026-05-14,3,33,26,4,0.750000,,,0.000000,,,,,,,,GLOBAL_BASELINE_NO_ENTITY_RANKING,,,NOT_APPLICABLE_GLOBAL_BASELINE,HF9g-P5,,,,X 全窗基线 · 不参与实体赏罚,3921167,393,A168_HF9F_20260827_0900,2026-08-27 09:00:00
2026-05-11,149903143,2233,0,63.0185904840,-12.6037180968,-12.6037180968,0.4000000,15,15,0.49771390000000000,0.497713900000,-0.756896526293102,-0.756896526293102,-0.756896526293102,0E-17,ELIGIBLE,R03b_20260811_FULL_v1,L1_ELIGIBILITY,v2026-08-11,2026-03-21..2026-08-06,baccarat_bet02_101_all_pairs_incl_sentinel,round_win = game_pnl > 0 (decisive only),COMPATIBILITY_ONLY_NOT_PRODUCTION,1606.9741,1430.5220,-62.3884,294,294,0.03882353,,0.03882353,0.03882353,62.3884,1606.9741,OK,0.0000,-2.4955,4.0000,96.0000,AG03-UNRESOLVED,ALL5_LEVELS_bet23_to_bet27,-2.4955,-2.4955,-2.4955,-2.4955,-2.4955,4.000000,4.000000,4.000000,4.000000,4.000000,96.000000,96.000000,96.000000,96.000000,96.000000,5.0,-12.4777,-11.5186,-49.9107,-50.8698,PENDING_AG03,FALSE,NOT_FOR_ENFORCEMENT,-59.8929,1373.3011,-62.3884,-59.8929,-2.4955,-0.03882353,-0.03727059,-2.4955,-59.8929,-0.03727059,-2.4955,-2.4955,-2.4955,-2.4955,-2.4955,-59.8929,-0.03727059,-12.4777,-11.5186,-49.9107,-50.8698,-0.03105882,-0.03165565,-0.00155294,5.4659,4.8657,-0.2122,-20.7961,-1.8906,535.6580,98.0000,,5.4659,4.2012,4.2012,4.2012,10.5031,10.5031,17.3091,4.2012,0.0,2.5,4.119995,1.30102,19,28,7,2,0E-8,-0.03882353,,0E-8,0.000000,0.890196,0.000000,,2026-05-11,2026-05-14,3,33,26,4,0.750000,,,0.000000,,,,,,,,GLOBAL_BASELINE_NO_ENTITY_RANKING,,,NOT_APPLICABLE_GLOBAL_BASELINE,HF9g-P5,,,,X 全窗基线 · 不参与实体赏罚,3921168,393,A168_HF9F_20260827_0900,2026-08-27 09:00:00
2026-05-11,149903143,2242,0,25.2074361936,-12.8137800651,-12.8137800651,0.2000000,6,6,0.49994810000000000,0.499948100000,-1.341408689870273,-1.341408689870273,-1.341408689870273,0E-17,ELIGIBLE,R03b_20260811_FULL_v1,L1_ELIGIBILITY,v2026-08-11,2026-03-21..2026-08-06,baccarat_bet02_101_all_pairs_incl_sentinel,round_win = game_pnl > 0 (decisive only),COMPATIBILITY_ONLY_NOT_PRODUCTION,1606.9741,1430.5220,-62.3884,294,294,0.03882353,,0.03882353,0.03882353,62.3884,1606.9741,OK,0.0000,-2.4955,4.0000,96.0000,AG03-UNRESOLVED,ALL5_LEVELS_bet23_to_bet27,-2.4955,-2.4955,-2.4955,-2.4955,-2.4955,4.000000,4.000000,4.000000,4.000000,4.000000,96.000000,96.000000,96.000000,96.000000,96.000000,5.0,-12.4777,-11.5186,-49.9107,-50.8698,PENDING_AG03,FALSE,NOT_FOR_ENFORCEMENT,-59.8929,1373.3011,-62.3884,-59.8929,-2.4955,-0.03882353,-0.03727059,-2.4955,-59.8929,-0.03727059,-2.4955,-2.4955,-2.4955,-2.4955,-2.4955,-59.8929,-0.03727059,-12.4777,-11.5186,-49.9107,-50.8698,-0.03105882,-0.03165565,-0.00155294,5.4659,4.8657,-0.2122,-20.7961,-1.8906,535.6580,98.0000,,5.4659,4.2012,4.2012,4.2012,10.5031,10.5031,17.3091,4.2012,0.0,2.5,4.119995,1.30102,19,28,7,2,0E-8,-0.03882353,,0E-8,0.000000,0.890196,0.000000,,2026-05-11,2026-05-14,3,33,26,4,0.750000,,,0.000000,,,,,,,,GLOBAL_BASELINE_NO_ENTITY_RANKING,,,NOT_APPLICABLE_GLOBAL_BASELINE,HF9g-P5,,,,X 全窗基线 · 不参与实体赏罚,3921169,393,A168_HF9F_20260827_0900,2026-08-27 09:00:00
2026-05-11,149903143,2258,0,25.2074361936,3.7811154290,3.7811154290,0.6000000,6,6,0.49994810000000000,0.499948100000,0.44744570176651083,0.44744570176651083,0.44744570176651083,0E-17,ELIGIBLE,R03b_20260811_FULL_v1,L1_ELIGIBILITY,v2026-08-11,2026-03-21..2026-08-06,baccarat_bet02_101_all_pairs_incl_sentinel,round_win = game_pnl > 0 (decisive only),COMPATIBILITY_ONLY_NOT_PRODUCTION,1606.9741,1430.5220,-62.3884,294,294,0.03882353,,0.03882353,0.03882353,62.3884,1606.9741,OK,0.0000,-2.4955,4.0000,96.0000,AG03-UNRESOLVED,ALL5_LEVELS_bet23_to_bet27,-2.4955,-2.4955,-2.4955,-2.4955,-2.4955,4.000000,4.000000,4.000000,4.000000,4.000000,96.000000,96.000000,96.000000,96.000000,96.000000,5.0,-12.4777,-11.5186,-49.9107,-50.8698,PENDING_AG03,FALSE,NOT_FOR_ENFORCEMENT,-59.8929,1373.3011,-62.3884,-59.8929,-2.4955,-0.03882353,-0.03727059,-2.4955,-59.8929,-0.03727059,-2.4955,-2.4955,-2.4955,-2.4955,-2.4955,-59.8929,-0.03727059,-12.4777,-11.5186,-49.9107,-50.8698,-0.03105882,-0.03165565,-0.00155294,5.4659,4.8657,-0.2122,-20.7961,-1.8906,535.6580,98.0000,,5.4659,4.2012,4.2012,4.2012,10.5031,10.5031,17.3091,4.2012,0.0,2.5,4.119995,1.30102,19,28,7,2,0E-8,-0.03882353,,0E-8,0.000000,0.890196,0.000000,,2026-05-11,2026-05-14,3,33,26,4,0.750000,,,0.000000,,,,,,,,GLOBAL_BASELINE_NO_ENTITY_RANKING,,,NOT_APPLICABLE_GLOBAL_BASELINE,HF9g-P5,,,,X 全窗基线 · 不参与实体赏罚,3921170,393,A168_HF9F_20260827_0900,2026-08-27 09:00:00
2026-05-11,149903143,919,0,79.8235479464,20.1659489548,20.1659489548,0.6666667,17,17,0.49876528823529412,0.498765288235,1.3005624503950903,1.3005624503973707,1.3005624503950903,2.9412E-13,ELIGIBLE,R03b_20260811_FULL_v1,L1_ELIGIBILITY,v2026-08-11,2026-03-21..2026-08-06,baccarat_bet02_101_all_pairs_incl_sentinel,round_win = game_pnl > 0 (decisive only),COMPATIBILITY_ONLY_NOT_PRODUCTION,1606.9741,1430.5220,-62.3884,294,294,0.03882353,,0.03882353,0.03882353,62.3884,1606.9741,OK,0.0000,-2.4955,4.0000,96.0000,AG03-UNRESOLVED,ALL5_LEVELS_bet23_to_bet27,-2.4955,-2.4955,-2.4955,-2.4955,-2.4955,4.000000,4.000000,4.000000,4.000000,4.000000,96.000000,96.000000,96.000000,96.000000,96.000000,5.0,-12.4777,-11.5186,-49.9107,-50.8698,PENDING_AG03,FALSE,NOT_FOR_ENFORCEMENT,-59.8929,1373.3011,-62.3884,-59.8929,-2.4955,-0.03882353,-0.03727059,-2.4955,-59.8929,-0.03727059,-2.4955,-2.4955,-2.4955,-2.4955,-2.4955,-59.8929,-0.03727059,-12.4777,-11.5186,-49.9107,-50.8698,-0.03105882,-0.03165565,-0.00155294,5.4659,4.8657,-0.2122,-20.7961,-1.8906,535.6580,98.0000,,5.4659,4.2012,4.2012,4.2012,10.5031,10.5031,17.3091,4.2012,0.0,2.5,4.119995,1.30102,19,28,7,2,0E-8,-0.03882353,,0E-8,0.000000,0.890196,0.000000,,2026-05-11,2026-05-14,3,33,26,4,0.750000,,,0.000000,,,,,,,,GLOBAL_BASELINE_NO_ENTITY_RANKING,,,NOT_APPLICABLE_GLOBAL_BASELINE,HF9g-P5,,,,X 全窗基线 · 不参与实体赏罚,3921171,393,A168_HF9F_20260827_0900,2026-08-27 09:00:00
2026-05-12,149903143,-1,1,33.6099149248,7.9823547946,7.9823547946,0.6250000,8,8,0.49994810000000000,0.499948100000,0.7074003757330176,0.7074003757330176,0.7074003757330176,0E-17,SENTINEL_DEALER,R03b_20260811_FULL_v1,L1_ELIGIBILITY,v2026-08-11,2026-03-21..2026-08-06,baccarat_bet02_101_all_pairs_incl_sentinel,round_win = game_pnl > 0 (decisive only),COMPATIBILITY_ONLY_NOT_PRODUCTION,1606.9741,1430.5220,-62.3884,294,294,0.03882353,,0.03882353,0.03882353,62.3884,1606.9741,OK,0.0000,-2.4955,4.0000,96.0000,AG03-UNRESOLVED,ALL5_LEVELS_bet23_to_bet27,-2.4955,-2.4955,-2.4955,-2.4955,-2.4955,4.000000,4.000000,4.000000,4.000000,4.000000,96.000000,96.000000,96.000000,96.000000,96.000000,5.0,-12.4777,-11.5186,-49.9107,-50.8698,PENDING_AG03,FALSE,NOT_FOR_ENFORCEMENT,-59.8929,1373.3011,-62.3884,-59.8929,-2.4955,-0.03882353,-0.03727059,-2.4955,-59.8929,-0.03727059,-2.4955,-2.4955,-2.4955,-2.4955,-2.4955,-59.8929,-0.03727059,-12.4777,-11.5186,-49.9107,-50.8698,-0.03105882,-0.03165565,-0.00155294,5.4659,4.8657,-0.2122,-20.7961,-1.8906,535.6580,98.0000,,5.4659,4.2012,4.2012,4.2012,10.5031,10.5031,17.3091,4.2012,0.0,2.5,4.119995,1.30102,19,28,7,2,0E-8,-0.03882353,,0E-8,0.000000,0.890196,0.000000,,2026-05-11,2026-05-14,3,33,26,4,0.750000,,,0.000000,,,,,,,,GLOBAL_BASELINE_NO_ENTITY_RANKING,,,NOT_APPLICABLE_GLOBAL_BASELINE,HF9g-P5,,,,X 全窗基线 · 不参与实体赏罚,3921172,393,A168_HF9F_20260827_0900,2026-08-27 09:00:00
2026-05-12,149903143,1205,0,12.6037180968,-12.6037180968,-12.6037180968,0E-7,3,3,0.50218230000000000,0.502182300000,-1.7396270863184011,-1.7396270863184016,-1.7396270863184011,0E-17,ELIGIBLE,R03b_20260811_FULL_v1,L1_ELIGIBILITY,v2026-08-11,2026-03-21..2026-08-06,baccarat_bet02_101_all_pairs_incl_sentinel,round_win = game_pnl > 0 (decisive only),COMPATIBILITY_ONLY_NOT_PRODUCTION,1606.9741,1430.5220,-62.3884,294,294,0.03882353,,0.03882353,0.03882353,62.3884,1606.9741,OK,0.0000,-2.4955,4.0000,96.0000,AG03-UNRESOLVED,ALL5_LEVELS_bet23_to_bet27,-2.4955,-2.4955,-2.4955,-2.4955,-2.4955,4.000000,4.000000,4.000000,4.000000,4.000000,96.000000,96.000000,96.000000,96.000000,96.000000,5.0,-12.4777,-11.5186,-49.9107,-50.8698,PENDING_AG03,FALSE,NOT_FOR_ENFORCEMENT,-59.8929,1373.3011,-62.3884,-59.8929,-2.4955,-0.03882353,-0.03727059,-2.4955,-59.8929,-0.03727059,-2.4955,-2.4955,-2.4955,-2.4955,-2.4955,-59.8929,-0.03727059,-12.4777,-11.5186,-49.9107,-50.8698,-0.03105882,-0.03165565,-0.00155294,5.4659,4.8657,-0.2122,-20.7961,-1.8906,535.6580,98.0000,,5.4659,4.2012,4.2012,4.2012,10.5031,10.5031,17.3091,4.2012,0.0,2.5,4.119995,1.30102,19,28,7,2,0E-8,-0.03882353,,0E-8,0.000000,0.890196,0.000000,,2026-05-11,2026-05-14,3,33,26,4,0.750000,,,0.000000,,,,,,,,GLOBAL_BASELINE_NO_ENTITY_RANKING,,,NOT_APPLICABLE_GLOBAL_BASELINE,HF9g-P5,,,,X 全窗基线 · 不参与实体赏罚,3921173,393,A168_HF9F_20260827_0900,2026-08-27 09:00:00
2026-05-12,149903143,1384,0,8.4024787312,3.9911773973,3.9911773973,1.0000000,2,2,0.49994810000000000,0.499948100000,1.0001038053877793,1.0001038053877793,1.0001038053877793,0E-17,ELIGIBLE,R03b_20260811_FULL_v1,L1_ELIGIBILITY,v2026-08-11,2026-03-21..2026-08-06,baccarat_bet02_101_all_pairs_incl_sentinel,round_win = game_pnl > 0 (decisive only),COMPATIBILITY_ONLY_NOT_PRODUCTION,1606.9741,1430.5220,-62.3884,294,294,0.03882353,,0.03882353,0.03882353,62.3884,1606.9741,OK,0.0000,-2.4955,4.0000,96.0000,AG03-UNRESOLVED,ALL5_LEVELS_bet23_to_bet27,-2.4955,-2.4955,-2.4955,-2.4955,-2.4955,4.000000,4.000000,4.000000,4.000000,4.000000,96.000000,96.000000,96.000000,96.000000,96.000000,5.0,-12.4777,-11.5186,-49.9107,-50.8698,PENDING_AG03,FALSE,NOT_FOR_ENFORCEMENT,-59.8929,1373.3011,-62.3884,-59.8929,-2.4955,-0.03882353,-0.03727059,-2.4955,-59.8929,-0.03727059,-2.4955,-2.4955,-2.4955,-2.4955,-2.4955,-59.8929,-0.03727059,-12.4777,-11.5186,-49.9107,-50.8698,-0.03105882,-0.03165565,-0.00155294,5.4659,4.8657,-0.2122,-20.7961,-1.8906,535.6580,98.0000,,5.4659,4.2012,4.2012,4.2012,10.5031,10.5031,17.3091,4.2012,0.0,2.5,4.119995,1.30102,19,28,7,2,0E-8,-0.03882353,,0E-8,0.000000,0.890196,0.000000,,2026-05-11,2026-05-14,3,33,26,4,0.750000,,,0.000000,,,,,,,,GLOBAL_BASELINE_NO_ENTITY_RANKING,,,NOT_APPLICABLE_GLOBAL_BASELINE,HF9g-P5,,,,X 全窗基线 · 不参与实体赏罚,3921174,393,A168_HF9F_20260827_0900,2026-08-27 09:00:00
2026-05-12,149903143,1400,0,12.6037180968,4.2012393656,4.2012393656,0.6666667,3,3,0.49324550000000000,0.493245500000,0.6008033672792107,0.6008033672792106,0.6008033672792107,0E-17,ELIGIBLE,R03b_20260811_FULL_v1,L1_ELIGIBILITY,v2026-08-11,2026-03-21..2026-08-06,baccarat_bet02_101_all_pairs_incl_sentinel,round_win = game_pnl > 0 (decisive only),COMPATIBILITY_ONLY_NOT_PRODUCTION,1606.9741,1430.5220,-62.3884,294,294,0.03882353,,0.03882353,0.03882353,62.3884,1606.9741,OK,0.0000,-2.4955,4.0000,96.0000,AG03-UNRESOLVED,ALL5_LEVELS_bet23_to_bet27,-2.4955,-2.4955,-2.4955,-2.4955,-2.4955,4.000000,4.000000,4.000000,4.000000,4.000000,96.000000,96.000000,96.000000,96.000000,96.000000,5.0,-12.4777,-11.5186,-49.9107,-50.8698,PENDING_AG03,FALSE,NOT_FOR_ENFORCEMENT,-59.8929,1373.3011,-62.3884,-59.8929,-2.4955,-0.03882353,-0.03727059,-2.4955,-59.8929,-0.03727059,-2.4955,-2.4955,-2.4955,-2.4955,-2.4955,-59.8929,-0.03727059,-12.4777,-11.5186,-49.9107,-50.8698,-0.03105882,-0.03165565,-0.00155294,5.4659,4.8657,-0.2122,-20.7961,-1.8906,535.6580,98.0000,,5.4659,4.2012,4.2012,4.2012,10.5031,10.5031,17.3091,4.2012,0.0,2.5,4.119995,1.30102,19,28,7,2,0E-8,-0.03882353,,0E-8,0.000000,0.890196,0.000000,,2026-05-11,2026-05-14,3,33,26,4,0.750000,,,0.000000,,,,,,,,GLOBAL_BASELINE_NO_ENTITY_RANKING,,,NOT_APPLICABLE_GLOBAL_BASELINE,HF9g-P5,,,,X 全窗基线 · 不参与实体赏罚,3921175,393,A168_HF9F_20260827_0900,2026-08-27 09:00:00
2026-05-12,149903143,1490,0,109.2322235057,36.1306585443,36.1306585443,0.6428571,15,15,0.50128862000000000,0.501288620000,1.0594053369451146,1.0594053369451146,1.0594053369451146,0E-17,ELIGIBLE,R03b_20260811_FULL_v1,L1_ELIGIBILITY,v2026-08-11,2026-03-21..2026-08-06,baccarat_bet02_101_all_pairs_incl_sentinel,round_win = game_pnl > 0 (decisive only),COMPATIBILITY_ONLY_NOT_PRODUCTION,1606.9741,1430.5220,-62.3884,294,294,0.03882353,,0.03882353,0.03882353,62.3884,1606.9741,OK,0.0000,-2.4955,4.0000,96.0000,AG03-UNRESOLVED,ALL5_LEVELS_bet23_to_bet27,-2.4955,-2.4955,-2.4955,-2.4955,-2.4955,4.000000,4.000000,4.000000,4.000000,4.000000,96.000000,96.000000,96.000000,96.000000,96.000000,5.0,-12.4777,-11.5186,-49.9107,-50.8698,PENDING_AG03,FALSE,NOT_FOR_ENFORCEMENT,-59.8929,1373.3011,-62.3884,-59.8929,-2.4955,-0.03882353,-0.03727059,-2.4955,-59.8929,-0.03727059,-2.4955,-2.4955,-2.4955,-2.4955,-2.4955,-59.8929,-0.03727059,-12.4777,-11.5186,-49.9107,-50.8698,-0.03105882,-0.03165565,-0.00155294,5.4659,4.8657,-0.2122,-20.7961,-1.8906,535.6580,98.0000,,5.4659,4.2012,4.2012,4.2012,10.5031,10.5031,17.3091,4.2012,0.0,2.5,4.119995,1.30102,19,28,7,2,0E-8,-0.03882353,,0E-8,0.000000,0.890196,0.000000,,2026-05-11,2026-05-14,3,33,26,4,0.750000,,,0.000000,,,,,,,,GLOBAL_BASELINE_NO_ENTITY_RANKING,,,NOT_APPLICABLE_GLOBAL_BASELINE,HF9g-P5,,,,X 全窗基线 · 不参与实体赏罚,3921176,393,A168_HF9F_20260827_0900,2026-08-27 09:00:00
2026-05-12,149903143,1646,0,21.0061968280,3.7811154290,3.7811154290,0.7500000,4,4,0.49994810000000000,0.499948100000,1.0002076053883384,1.0002076053883384,1.0002076053883384,0E-17,ELIGIBLE,R03b_20260811_FULL_v1,L1_ELIGIBILITY,v2026-08-11,2026-03-21..2026-08-06,baccarat_bet02_101_all_pairs_incl_sentinel,round_win = game_pnl > 0 (decisive only),COMPATIBILITY_ONLY_NOT_PRODUCTION,1606.9741,1430.5220,-62.3884,294,294,0.03882353,,0.03882353,0.03882353,62.3884,1606.9741,OK,0.0000,-2.4955,4.0000,96.0000,AG03-UNRESOLVED,ALL5_LEVELS_bet23_to_bet27,-2.4955,-2.4955,-2.4955,-2.4955,-2.4955,4.000000,4.000000,4.000000,4.000000,4.000000,96.000000,96.000000,96.000000,96.000000,96.000000,5.0,-12.4777,-11.5186,-49.9107,-50.8698,PENDING_AG03,FALSE,NOT_FOR_ENFORCEMENT,-59.8929,1373.3011,-62.3884,-59.8929,-2.4955,-0.03882353,-0.03727059,-2.4955,-59.8929,-0.03727059,-2.4955,-2.4955,-2.4955,-2.4955,-2.4955,-59.8929,-0.03727059,-12.4777,-11.5186,-49.9107,-50.8698,-0.03105882,-0.03165565,-0.00155294,5.4659,4.8657,-0.2122,-20.7961,-1.8906,535.6580,98.0000,,5.4659,4.2012,4.2012,4.2012,10.5031,10.5031,17.3091,4.2012,0.0,2.5,4.119995,1.30102,19,28,7,2,0E-8,-0.03882353,,0E-8,0.000000,0.890196,0.000000,,2026-05-11,2026-05-14,3,33,26,4,0.750000,,,0.000000,,,,,,,,GLOBAL_BASELINE_NO_ENTITY_RANKING,,,NOT_APPLICABLE_GLOBAL_BASELINE,HF9g-P5,,,,X 全窗基线 · 不参与实体赏罚,3921177,393,A168_HF9F_20260827_0900,2026-08-27 09:00:00
2026-05-12,149903143,1935,0,46.2136330216,-5.0414872388,-5.0414872388,0.5000000,10,10,0.50128862000000000,0.501288620000,-0.008149975543682601,-0.008149975543682601,-0.008149975543682601,0E-17,ELIGIBLE,R03b_20260811_FULL_v1,L1_ELIGIBILITY,v2026-08-11,2026-03-21..2026-08-06,baccarat_bet02_101_all_pairs_incl_sentinel,round_win = game_pnl > 0 (decisive only),COMPATIBILITY_ONLY_NOT_PRODUCTION,1606.9741,1430.5220,-62.3884,294,294,0.03882353,,0.03882353,0.03882353,62.3884,1606.9741,OK,0.0000,-2.4955,4.0000,96.0000,AG03-UNRESOLVED,ALL5_LEVELS_bet23_to_bet27,-2.4955,-2.4955,-2.4955,-2.4955,-2.4955,4.000000,4.000000,4.000000,4.000000,4.000000,96.000000,96.000000,96.000000,96.000000,96.000000,5.0,-12.4777,-11.5186,-49.9107,-50.8698,PENDING_AG03,FALSE,NOT_FOR_ENFORCEMENT,-59.8929,1373.3011,-62.3884,-59.8929,-2.4955,-0.03882353,-0.03727059,-2.4955,-59.8929,-0.03727059,-2.4955,-2.4955,-2.4955,-2.4955,-2.4955,-59.8929,-0.03727059,-12.4777,-11.5186,-49.9107,-50.8698,-0.03105882,-0.03165565,-0.00155294,5.4659,4.8657,-0.2122,-20.7961,-1.8906,535.6580,98.0000,,5.4659,4.2012,4.2012,4.2012,10.5031,10.5031,17.3091,4.2012,0.0,2.5,4.119995,1.30102,19,28,7,2,0E-8,-0.03882353,,0E-8,0.000000,0.890196,0.000000,,2026-05-11,2026-05-14,3,33,26,4,0.750000,,,0.000000,,,,,,,,GLOBAL_BASELINE_NO_ENTITY_RANKING,,,NOT_APPLICABLE_GLOBAL_BASELINE,HF9g-P5,,,,X 全窗基线 · 不参与实体赏罚,3921178,393,A168_HF9F_20260827_0900,2026-08-27 09:00:00
2026-05-12,149903143,2123,0,16.8049574624,-8.4024787312,-8.4024787312,0.2500000,4,4,0.49994810000000000,0.499948100000,-0.9997924053861017,-0.9997924053861017,-0.9997924053861017,0E-17,ELIGIBLE,R03b_20260811_FULL_v1,L1_ELIGIBILITY,v2026-08-11,2026-03-21..2026-08-06,baccarat_bet02_101_all_pairs_incl_sentinel,round_win = game_pnl > 0 (decisive only),COMPATIBILITY_ONLY_NOT_PRODUCTION,1606.9741,1430.5220,-62.3884,294,294,0.03882353,,0.03882353,0.03882353,62.3884,1606.9741,OK,0.0000,-2.4955,4.0000,96.0000,AG03-UNRESOLVED,ALL5_LEVELS_bet23_to_bet27,-2.4955,-2.4955,-2.4955,-2.4955,-2.4955,4.000000,4.000000,4.000000,4.000000,4.000000,96.000000,96.000000,96.000000,96.000000,96.000000,5.0,-12.4777,-11.5186,-49.9107,-50.8698,PENDING_AG03,FALSE,NOT_FOR_ENFORCEMENT,-59.8929,1373.3011,-62.3884,-59.8929,-2.4955,-0.03882353,-0.03727059,-2.4955,-59.8929,-0.03727059,-2.4955,-2.4955,-2.4955,-2.4955,-2.4955,-59.8929,-0.03727059,-12.4777,-11.5186,-49.9107,-50.8698,-0.03105882,-0.03165565,-0.00155294,5.4659,4.8657,-0.2122,-20.7961,-1.8906,535.6580,98.0000,,5.4659,4.2012,4.2012,4.2012,10.5031,10.5031,17.3091,4.2012,0.0,2.5,4.119995,1.30102,19,28,7,2,0E-8,-0.03882353,,0E-8,0.000000,0.890196,0.000000,,2026-05-11,2026-05-14,3,33,26,4,0.750000,,,0.000000,,,,,,,,GLOBAL_BASELINE_NO_ENTITY_RANKING,,,NOT_APPLICABLE_GLOBAL_BASELINE,HF9g-P5,,,,X 全窗基线 · 不参与实体赏罚,3921179,393,A168_HF9F_20260827_0900,2026-08-27 09:00:00
2026-05-12,149903143,2134,0,121.8359416024,31.0891713054,31.0891713054,0.6000000,17,17,0.49718820588235294,0.497188205882,0.7963893257267982,0.7963893257295352,0.7963893257267982,3.5294E-13,ELIGIBLE,R03b_20260811_FULL_v1,L1_ELIGIBILITY,v2026-08-11,2026-03-21..2026-08-06,baccarat_bet02_101_all_pairs_incl_sentinel,round_win = game_pnl > 0 (decisive only),COMPATIBILITY_ONLY_NOT_PRODUCTION,1606.9741,1430.5220,-62.3884,294,294,0.03882353,,0.03882353,0.03882353,62.3884,1606.9741,OK,0.0000,-2.4955,4.0000,96.0000,AG03-UNRESOLVED,ALL5_LEVELS_bet23_to_bet27,-2.4955,-2.4955,-2.4955,-2.4955,-2.4955,4.000000,4.000000,4.000000,4.000000,4.000000,96.000000,96.000000,96.000000,96.000000,96.000000,5.0,-12.4777,-11.5186,-49.9107,-50.8698,PENDING_AG03,FALSE,NOT_FOR_ENFORCEMENT,-59.8929,1373.3011,-62.3884,-59.8929,-2.4955,-0.03882353,-0.03727059,-2.4955,-59.8929,-0.03727059,-2.4955,-2.4955,-2.4955,-2.4955,-2.4955,-59.8929,-0.03727059,-12.4777,-11.5186,-49.9107,-50.8698,-0.03105882,-0.03165565,-0.00155294,5.4659,4.8657,-0.2122,-20.7961,-1.8906,535.6580,98.0000,,5.4659,4.2012,4.2012,4.2012,10.5031,10.5031,17.3091,4.2012,0.0,2.5,4.119995,1.30102,19,28,7,2,0E-8,-0.03882353,,0E-8,0.000000,0.890196,0.000000,,2026-05-11,2026-05-14,3,33,26,4,0.750000,,,0.000000,,,,,,,,GLOBAL_BASELINE_NO_ENTITY_RANKING,,,NOT_APPLICABLE_GLOBAL_BASELINE,HF9g-P5,,,,X 全窗基线 · 不参与实体赏罚,3921180,393,A168_HF9F_20260827_0900,2026-08-27 09:00:00
2026-05-12,149903143,2175,0,50.4148723872,-1.0503098413,-1.0503098413,0.5000000,8,8,0.50162375000000000,0.501623750000,-0.009185365523350236,-0.009185365523350236,-0.009185365523350236,0E-17,ELIGIBLE,R03b_20260811_FULL_v1,L1_ELIGIBILITY,v2026-08-11,2026-03-21..2026-08-06,baccarat_bet02_101_all_pairs_incl_sentinel,round_win = game_pnl > 0 (decisive only),COMPATIBILITY_ONLY_NOT_PRODUCTION,1606.9741,1430.5220,-62.3884,294,294,0.03882353,,0.03882353,0.03882353,62.3884,1606.9741,OK,0.0000,-2.4955,4.0000,96.0000,AG03-UNRESOLVED,ALL5_LEVELS_bet23_to_bet27,-2.4955,-2.4955,-2.4955,-2.4955,-2.4955,4.000000,4.000000,4.000000,4.000000,4.000000,96.000000,96.000000,96.000000,96.000000,96.000000,5.0,-12.4777,-11.5186,-49.9107,-50.8698,PENDING_AG03,FALSE,NOT_FOR_ENFORCEMENT,-59.8929,1373.3011,-62.3884,-59.8929,-2.4955,-0.03882353,-0.03727059,-2.4955,-59.8929,-0.03727059,-2.4955,-2.4955,-2.4955,-2.4955,-2.4955,-59.8929,-0.03727059,-12.4777,-11.5186,-49.9107,-50.8698,-0.03105882,-0.03165565,-0.00155294,5.4659,4.8657,-0.2122,-20.7961,-1.8906,535.6580,98.0000,,5.4659,4.2012,4.2012,4.2012,10.5031,10.5031,17.3091,4.2012,0.0,2.5,4.119995,1.30102,19,28,7,2,0E-8,-0.03882353,,0E-8,0.000000,0.890196,0.000000,,2026-05-11,2026-05-14,3,33,26,4,0.750000,,,0.000000,,,,,,,,GLOBAL_BASELINE_NO_ENTITY_RANKING,,,NOT_APPLICABLE_GLOBAL_BASELINE,HF9g-P5,,,,X 全窗基线 · 不参与实体赏罚,3921181,393,A168_HF9F_20260827_0900,2026-08-27 09:00:00
2026-05-12,149903143,2223,0,10.5030984140,9.9779434933,9.9779434933,1.0000000,1,1,0.50665070000000000,0.506650700000,0.9867858985152569,0.9867858985152569,0.9867858985152569,0E-17,ELIGIBLE,R03b_20260811_FULL_v1,L1_ELIGIBILITY,v2026-08-11,2026-03-21..2026-08-06,baccarat_bet02_101_all_pairs_incl_sentinel,round_win = game_pnl > 0 (decisive only),COMPATIBILITY_ONLY_NOT_PRODUCTION,1606.9741,1430.5220,-62.3884,294,294,0.03882353,,0.03882353,0.03882353,62.3884,1606.9741,OK,0.0000,-2.4955,4.0000,96.0000,AG03-UNRESOLVED,ALL5_LEVELS_bet23_to_bet27,-2.4955,-2.4955,-2.4955,-2.4955,-2.4955,4.000000,4.000000,4.000000,4.000000,4.000000,96.000000,96.000000,96.000000,96.000000,96.000000,5.0,-12.4777,-11.5186,-49.9107,-50.8698,PENDING_AG03,FALSE,NOT_FOR_ENFORCEMENT,-59.8929,1373.3011,-62.3884,-59.8929,-2.4955,-0.03882353,-0.03727059,-2.4955,-59.8929,-0.03727059,-2.4955,-2.4955,-2.4955,-2.4955,-2.4955,-59.8929,-0.03727059,-12.4777,-11.5186,-49.9107,-50.8698,-0.03105882,-0.03165565,-0.00155294,5.4659,4.8657,-0.2122,-20.7961,-1.8906,535.6580,98.0000,,5.4659,4.2012,4.2012,4.2012,10.5031,10.5031,17.3091,4.2012,0.0,2.5,4.119995,1.30102,19,28,7,2,0E-8,-0.03882353,,0E-8,0.000000,0.890196,0.000000,,2026-05-11,2026-05-14,3,33,26,4,0.750000,,,0.000000,,,,,,,,GLOBAL_BASELINE_NO_ENTITY_RANKING,,,NOT_APPLICABLE_GLOBAL_BASELINE,HF9g-P5,,,,X 全窗基线 · 不参与实体赏罚,3921182,393,A168_HF9F_20260827_0900,2026-08-27 09:00:00
2026-05-12,149903143,2235,0,67.2198298496,7.7722928263,7.7722928263,0.5454545,13,13,0.49943251538461538,0.499432515385,0.30527580828618983,0.3052758082836383,0.30527580828618983,-3.8462E-13,ELIGIBLE,R03b_20260811_FULL_v1,L1_ELIGIBILITY,v2026-08-11,2026-03-21..2026-08-06,baccarat_bet02_101_all_pairs_incl_sentinel,round_win = game_pnl > 0 (decisive only),COMPATIBILITY_ONLY_NOT_PRODUCTION,1606.9741,1430.5220,-62.3884,294,294,0.03882353,,0.03882353,0.03882353,62.3884,1606.9741,OK,0.0000,-2.4955,4.0000,96.0000,AG03-UNRESOLVED,ALL5_LEVELS_bet23_to_bet27,-2.4955,-2.4955,-2.4955,-2.4955,-2.4955,4.000000,4.000000,4.000000,4.000000,4.000000,96.000000,96.000000,96.000000,96.000000,96.000000,5.0,-12.4777,-11.5186,-49.9107,-50.8698,PENDING_AG03,FALSE,NOT_FOR_ENFORCEMENT,-59.8929,1373.3011,-62.3884,-59.8929,-2.4955,-0.03882353,-0.03727059,-2.4955,-59.8929,-0.03727059,-2.4955,-2.4955,-2.4955,-2.4955,-2.4955,-59.8929,-0.03727059,-12.4777,-11.5186,-49.9107,-50.8698,-0.03105882,-0.03165565,-0.00155294,5.4659,4.8657,-0.2122,-20.7961,-1.8906,535.6580,98.0000,,5.4659,4.2012,4.2012,4.2012,10.5031,10.5031,17.3091,4.2012,0.0,2.5,4.119995,1.30102,19,28,7,2,0E-8,-0.03882353,,0E-8,0.000000,0.890196,0.000000,,2026-05-11,2026-05-14,3,33,26,4,0.750000,,,0.000000,,,,,,,,GLOBAL_BASELINE_NO_ENTITY_RANKING,,,NOT_APPLICABLE_GLOBAL_BASELINE,HF9g-P5,,,,X 全窗基线 · 不参与实体赏罚,3921183,393,A168_HF9F_20260827_0900,2026-08-27 09:00:00
2026-05-12,149903143,2250,0,58.8173511184,28.1483037495,28.1483037495,0.8000000,13,13,0.50046368461538462,0.500463684615,1.8944348117199503,1.8944348117223815,1.8944348117199503,3.8462E-13,ELIGIBLE,R03b_20260811_FULL_v1,L1_ELIGIBILITY,v2026-08-11,2026-03-21..2026-08-06,baccarat_bet02_101_all_pairs_incl_sentinel,round_win = game_pnl > 0 (decisive only),COMPATIBILITY_ONLY_NOT_PRODUCTION,1606.9741,1430.5220,-62.3884,294,294,0.03882353,,0.03882353,0.03882353,62.3884,1606.9741,OK,0.0000,-2.4955,4.0000,96.0000,AG03-UNRESOLVED,ALL5_LEVELS_bet23_to_bet27,-2.4955,-2.4955,-2.4955,-2.4955,-2.4955,4.000000,4.000000,4.000000,4.000000,4.000000,96.000000,96.000000,96.000000,96.000000,96.000000,5.0,-12.4777,-11.5186,-49.9107,-50.8698,PENDING_AG03,FALSE,NOT_FOR_ENFORCEMENT,-59.8929,1373.3011,-62.3884,-59.8929,-2.4955,-0.03882353,-0.03727059,-2.4955,-59.8929,-0.03727059,-2.4955,-2.4955,-2.4955,-2.4955,-2.4955,-59.8929,-0.03727059,-12.4777,-11.5186,-49.9107,-50.8698,-0.03105882,-0.03165565,-0.00155294,5.4659,4.8657,-0.2122,-20.7961,-1.8906,535.6580,98.0000,,5.4659,4.2012,4.2012,4.2012,10.5031,10.5031,17.3091,4.2012,0.0,2.5,4.119995,1.30102,19,28,7,2,0E-8,-0.03882353,,0E-8,0.000000,0.890196,0.000000,,2026-05-11,2026-05-14,3,33,26,4,0.750000,,,0.000000,,,,,,,,GLOBAL_BASELINE_NO_ENTITY_RANKING,,,NOT_APPLICABLE_GLOBAL_BASELINE,HF9g-P5,,,,X 全窗基线 · 不参与实体赏罚,3921184,393,A168_HF9F_20260827_0900,2026-08-27 09:00:00
2026-05-12,149903143,919,0,4.2012393656,0E-10,0E-10,,1,1,0.49324550000000000,0.493245500000,,,,0E-17,NO_DECISIVE_ROUND,R03b_20260811_FULL_v1,L1_ELIGIBILITY,v2026-08-11,2026-03-21..2026-08-06,baccarat_bet02_101_all_pairs_incl_sentinel,round_win = game_pnl > 0 (decisive only),COMPATIBILITY_ONLY_NOT_PRODUCTION,1606.9741,1430.5220,-62.3884,294,294,0.03882353,,0.03882353,0.03882353,62.3884,1606.9741,OK,0.0000,-2.4955,4.0000,96.0000,AG03-UNRESOLVED,ALL5_LEVELS_bet23_to_bet27,-2.4955,-2.4955,-2.4955,-2.4955,-2.4955,4.000000,4.000000,4.000000,4.000000,4.000000,96.000000,96.000000,96.000000,96.000000,96.000000,5.0,-12.4777,-11.5186,-49.9107,-50.8698,PENDING_AG03,FALSE,NOT_FOR_ENFORCEMENT,-59.8929,1373.3011,-62.3884,-59.8929,-2.4955,-0.03882353,-0.03727059,-2.4955,-59.8929,-0.03727059,-2.4955,-2.4955,-2.4955,-2.4955,-2.4955,-59.8929,-0.03727059,-12.4777,-11.5186,-49.9107,-50.8698,-0.03105882,-0.03165565,-0.00155294,5.4659,4.8657,-0.2122,-20.7961,-1.8906,535.6580,98.0000,,5.4659,4.2012,4.2012,4.2012,10.5031,10.5031,17.3091,4.2012,0.0,2.5,4.119995,1.30102,19,28,7,2,0E-8,-0.03882353,,0E-8,0.000000,0.890196,0.000000,,2026-05-11,2026-05-14,3,33,26,4,0.750000,,,0.000000,,,,,,,,GLOBAL_BASELINE_NO_ENTITY_RANKING,,,NOT_APPLICABLE_GLOBAL_BASELINE,HF9g-P5,,,,X 全窗基线 · 不参与实体赏罚,3921185,393,A168_HF9F_20260827_0900,2026-08-27 09:00:00
2026-05-14,149903143,-1,1,4.2012393656,-4.2012393656,-4.2012393656,0E-7,1,1,0.50665070000000000,0.506650700000,-1.013391052207602,-1.013391052207602,-1.013391052207602,0E-17,SENTINEL_DEALER,R03b_20260811_FULL_v1,L1_ELIGIBILITY,v2026-08-11,2026-03-21..2026-08-06,baccarat_bet02_101_all_pairs_incl_sentinel,round_win = game_pnl > 0 (decisive only),COMPATIBILITY_ONLY_NOT_PRODUCTION,1606.9741,1430.5220,-62.3884,294,294,0.03882353,,0.03882353,0.03882353,62.3884,1606.9741,OK,0.0000,-2.4955,4.0000,96.0000,AG03-UNRESOLVED,ALL5_LEVELS_bet23_to_bet27,-2.4955,-2.4955,-2.4955,-2.4955,-2.4955,4.000000,4.000000,4.000000,4.000000,4.000000,96.000000,96.000000,96.000000,96.000000,96.000000,5.0,-12.4777,-11.5186,-49.9107,-50.8698,PENDING_AG03,FALSE,NOT_FOR_ENFORCEMENT,-59.8929,1373.3011,-62.3884,-59.8929,-2.4955,-0.03882353,-0.03727059,-2.4955,-59.8929,-0.03727059,-2.4955,-2.4955,-2.4955,-2.4955,-2.4955,-59.8929,-0.03727059,-12.4777,-11.5186,-49.9107,-50.8698,-0.03105882,-0.03165565,-0.00155294,5.4659,4.8657,-0.2122,-20.7961,-1.8906,535.6580,98.0000,,5.4659,4.2012,4.2012,4.2012,10.5031,10.5031,17.3091,4.2012,0.0,2.5,4.119995,1.30102,19,28,7,2,0E-8,-0.03882353,,0E-8,0.000000,0.890196,0.000000,,2026-05-11,2026-05-14,3,33,26,4,0.750000,,,0.000000,,,,,,,,GLOBAL_BASELINE_NO_ENTITY_RANKING,,,NOT_APPLICABLE_GLOBAL_BASELINE,HF9g-P5,,,,X 全窗基线 · 不参与实体赏罚,3921186,393,A168_HF9F_20260827_0900,2026-08-27 09:00:00
2026-05-14,149903143,1323,0,29.4086755592,-4.4113013339,-4.4113013339,0.3333333,6,6,0.50441650000000000,0.504416500000,-0.838165622096103,-0.838165622096103,-0.838165622096103,0E-17,ELIGIBLE,R03b_20260811_FULL_v1,L1_ELIGIBILITY,v2026-08-11,2026-03-21..2026-08-06,baccarat_bet02_101_all_pairs_incl_sentinel,round_win = game_pnl > 0 (decisive only),COMPATIBILITY_ONLY_NOT_PRODUCTION,1606.9741,1430.5220,-62.3884,294,294,0.03882353,,0.03882353,0.03882353,62.3884,1606.9741,OK,0.0000,-2.4955,4.0000,96.0000,AG03-UNRESOLVED,ALL5_LEVELS_bet23_to_bet27,-2.4955,-2.4955,-2.4955,-2.4955,-2.4955,4.000000,4.000000,4.000000,4.000000,4.000000,96.000000,96.000000,96.000000,96.000000,96.000000,5.0,-12.4777,-11.5186,-49.9107,-50.8698,PENDING_AG03,FALSE,NOT_FOR_ENFORCEMENT,-59.8929,1373.3011,-62.3884,-59.8929,-2.4955,-0.03882353,-0.03727059,-2.4955,-59.8929,-0.03727059,-2.4955,-2.4955,-2.4955,-2.4955,-2.4955,-59.8929,-0.03727059,-12.4777,-11.5186,-49.9107,-50.8698,-0.03105882,-0.03165565,-0.00155294,5.4659,4.8657,-0.2122,-20.7961,-1.8906,535.6580,98.0000,,5.4659,4.2012,4.2012,4.2012,10.5031,10.5031,17.3091,4.2012,0.0,2.5,4.119995,1.30102,19,28,7,2,0E-8,-0.03882353,,0E-8,0.000000,0.890196,0.000000,,2026-05-11,2026-05-14,3,33,26,4,0.750000,,,0.000000,,,,,,,,GLOBAL_BASELINE_NO_ENTITY_RANKING,,,NOT_APPLICABLE_GLOBAL_BASELINE,HF9g-P5,,,,X 全窗基线 · 不参与实体赏罚,3921187,393,A168_HF9F_20260827_0900,2026-08-27 09:00:00
2026-05-14,149903143,1396,0,54.6161117528,-13.2339040017,-13.2339040017,0.3846154,13,13,0.49943251538461538,0.499432515385,-0.8279586378499967,-0.8279586378527695,-0.8279586378499967,-3.8462E-13,ELIGIBLE,R03b_20260811_FULL_v1,L1_ELIGIBILITY,v2026-08-11,2026-03-21..2026-08-06,baccarat_bet02_101_all_pairs_incl_sentinel,round_win = game_pnl > 0 (decisive only),COMPATIBILITY_ONLY_NOT_PRODUCTION,1606.9741,1430.5220,-62.3884,294,294,0.03882353,,0.03882353,0.03882353,62.3884,1606.9741,OK,0.0000,-2.4955,4.0000,96.0000,AG03-UNRESOLVED,ALL5_LEVELS_bet23_to_bet27,-2.4955,-2.4955,-2.4955,-2.4955,-2.4955,4.000000,4.000000,4.000000,4.000000,4.000000,96.000000,96.000000,96.000000,96.000000,96.000000,5.0,-12.4777,-11.5186,-49.9107,-50.8698,PENDING_AG03,FALSE,NOT_FOR_ENFORCEMENT,-59.8929,1373.3011,-62.3884,-59.8929,-2.4955,-0.03882353,-0.03727059,-2.4955,-59.8929,-0.03727059,-2.4955,-2.4955,-2.4955,-2.4955,-2.4955,-59.8929,-0.03727059,-12.4777,-11.5186,-49.9107,-50.8698,-0.03105882,-0.03165565,-0.00155294,5.4659,4.8657,-0.2122,-20.7961,-1.8906,535.6580,98.0000,,5.4659,4.2012,4.2012,4.2012,10.5031,10.5031,17.3091,4.2012,0.0,2.5,4.119995,1.30102,19,28,7,2,0E-8,-0.03882353,,0E-8,0.000000,0.890196,0.000000,,2026-05-11,2026-05-14,3,33,26,4,0.750000,,,0.000000,,,,,,,,GLOBAL_BASELINE_NO_ENTITY_RANKING,,,NOT_APPLICABLE_GLOBAL_BASELINE,HF9g-P5,,,,X 全窗基线 · 不参与实体赏罚,3921188,393,A168_HF9F_20260827_0900,2026-08-27 09:00:00
2026-05-14,149903143,1646,0,12.6037180968,-4.4113013339,-4.4113013339,0.3333333,3,3,0.49771390000000000,0.497713900000,-0.5694369385616226,-0.5694369385616226,-0.5694369385616226,0E-17,ELIGIBLE,R03b_20260811_FULL_v1,L1_ELIGIBILITY,v2026-08-11,2026-03-21..2026-08-06,baccarat_bet02_101_all_pairs_incl_sentinel,round_win = game_pnl > 0 (decisive only),COMPATIBILITY_ONLY_NOT_PRODUCTION,1606.9741,1430.5220,-62.3884,294,294,0.03882353,,0.03882353,0.03882353,62.3884,1606.9741,OK,0.0000,-2.4955,4.0000,96.0000,AG03-UNRESOLVED,ALL5_LEVELS_bet23_to_bet27,-2.4955,-2.4955,-2.4955,-2.4955,-2.4955,4.000000,4.000000,4.000000,4.000000,4.000000,96.000000,96.000000,96.000000,96.000000,96.000000,5.0,-12.4777,-11.5186,-49.9107,-50.8698,PENDING_AG03,FALSE,NOT_FOR_ENFORCEMENT,-59.8929,1373.3011,-62.3884,-59.8929,-2.4955,-0.03882353,-0.03727059,-2.4955,-59.8929,-0.03727059,-2.4955,-2.4955,-2.4955,-2.4955,-2.4955,-59.8929,-0.03727059,-12.4777,-11.5186,-49.9107,-50.8698,-0.03105882,-0.03165565,-0.00155294,5.4659,4.8657,-0.2122,-20.7961,-1.8906,535.6580,98.0000,,5.4659,4.2012,4.2012,4.2012,10.5031,10.5031,17.3091,4.2012,0.0,2.5,4.119995,1.30102,19,28,7,2,0E-8,-0.03882353,,0E-8,0.000000,0.890196,0.000000,,2026-05-11,2026-05-14,3,33,26,4,0.750000,,,0.000000,,,,,,,,GLOBAL_BASELINE_NO_ENTITY_RANKING,,,NOT_APPLICABLE_GLOBAL_BASELINE,HF9g-P5,,,,X 全窗基线 · 不参与实体赏罚,3921189,393,A168_HF9F_20260827_0900,2026-08-27 09:00:00
2026-05-14,149903143,2246,0,8.4024787312,-4.2012393656,-4.2012393656,0E-7,2,2,0.49324550000000000,0.493245500000,-0.9865810262130424,-0.9865810262130424,-0.9865810262130424,0E-17,ELIGIBLE,R03b_20260811_FULL_v1,L1_ELIGIBILITY,v2026-08-11,2026-03-21..2026-08-06,baccarat_bet02_101_all_pairs_incl_sentinel,round_win = game_pnl > 0 (decisive only),COMPATIBILITY_ONLY_NOT_PRODUCTION,1606.9741,1430.5220,-62.3884,294,294,0.03882353,,0.03882353,0.03882353,62.3884,1606.9741,OK,0.0000,-2.4955,4.0000,96.0000,AG03-UNRESOLVED,ALL5_LEVELS_bet23_to_bet27,-2.4955,-2.4955,-2.4955,-2.4955,-2.4955,4.000000,4.000000,4.000000,4.000000,4.000000,96.000000,96.000000,96.000000,96.000000,96.000000,5.0,-12.4777,-11.5186,-49.9107,-50.8698,PENDING_AG03,FALSE,NOT_FOR_ENFORCEMENT,-59.8929,1373.3011,-62.3884,-59.8929,-2.4955,-0.03882353,-0.03727059,-2.4955,-59.8929,-0.03727059,-2.4955,-2.4955,-2.4955,-2.4955,-2.4955,-59.8929,-0.03727059,-12.4777,-11.5186,-49.9107,-50.8698,-0.03105882,-0.03165565,-0.00155294,5.4659,4.8657,-0.2122,-20.7961,-1.8906,535.6580,98.0000,,5.4659,4.2012,4.2012,4.2012,10.5031,10.5031,17.3091,4.2012,0.0,2.5,4.119995,1.30102,19,28,7,2,0E-8,-0.03882353,,0E-8,0.000000,0.890196,0.000000,,2026-05-11,2026-05-14,3,33,26,4,0.750000,,,0.000000,,,,,,,,GLOBAL_BASELINE_NO_ENTITY_RANKING,,,NOT_APPLICABLE_GLOBAL_BASELINE,HF9g-P5,,,,X 全窗基线 · 不参与实体赏罚,3921190,393,A168_HF9F_20260827_0900,2026-08-27 09:00:00
2026-05-14,149903143,2251,0,25.2074361936,-12.8137800651,-12.8137800651,0.2000000,6,6,0.50441650000000000,0.504416500000,-1.3614450872398682,-1.3614450872398682,-1.3614450872398682,0E-17,ELIGIBLE,R03b_20260811_FULL_v1,L1_ELIGIBILITY,v2026-08-11,2026-03-21..2026-08-06,baccarat_bet02_101_all_pairs_incl_sentinel,round_win = game_pnl > 0 (decisive only),COMPATIBILITY_ONLY_NOT_PRODUCTION,1606.9741,1430.5220,-62.3884,294,294,0.03882353,,0.03882353,0.03882353,62.3884,1606.9741,OK,0.0000,-2.4955,4.0000,96.0000,AG03-UNRESOLVED,ALL5_LEVELS_bet23_to_bet27,-2.4955,-2.4955,-2.4955,-2.4955,-2.4955,4.000000,4.000000,4.000000,4.000000,4.000000,96.000000,96.000000,96.000000,96.000000,96.000000,5.0,-12.4777,-11.5186,-49.9107,-50.8698,PENDING_AG03,FALSE,NOT_FOR_ENFORCEMENT,-59.8929,1373.3011,-62.3884,-59.8929,-2.4955,-0.03882353,-0.03727059,-2.4955,-59.8929,-0.03727059,-2.4955,-2.4955,-2.4955,-2.4955,-2.4955,-59.8929,-0.03727059,-12.4777,-11.5186,-49.9107,-50.8698,-0.03105882,-0.03165565,-0.00155294,5.4659,4.8657,-0.2122,-20.7961,-1.8906,535.6580,98.0000,,5.4659,4.2012,4.2012,4.2012,10.5031,10.5031,17.3091,4.2012,0.0,2.5,4.119995,1.30102,19,28,7,2,0E-8,-0.03882353,,0E-8,0.000000,0.890196,0.000000,,2026-05-11,2026-05-14,3,33,26,4,0.750000,,,0.000000,,,,,,,,GLOBAL_BASELINE_NO_ENTITY_RANKING,,,NOT_APPLICABLE_GLOBAL_BASELINE,HF9g-P5,,,,X 全窗基线 · 不参与实体赏罚,3921191,393,A168_HF9F_20260827_0900,2026-08-27 09:00:00
2026-04-24,148975391,1307,0,2.6175954768,-2.6175954768,-2.6175954768,0E-7,1,1,0.01883490000000000,0.018834900000,-0.1385513026636974,-0.1385513026636974,-0.1385513026636974,0E-17,ELIGIBLE,R03b_20260811_FULL_v1,L1_ELIGIBILITY,v2026-08-11,2026-03-21..2026-08-06,baccarat_bet02_101_all_pairs_incl_sentinel,round_win = game_pnl > 0 (decisive only),COMPATIBILITY_ONLY_NOT_PRODUCTION,48.7165,48.7165,-61.7446,10,10,1.26742719,,1.26742719,1.26742719,61.7446,48.7165,THIN_EXPOSURE,0.0000,-1.8523,3.0000,97.0000,AG03-UNRESOLVED,ALL5_LEVELS_bet23_to_bet27,-1.8523,-1.8523,-1.8523,-2.4698,-2.4698,3.000000,3.000000,3.000000,4.000000,4.000000,97.000000,97.000000,97.000000,96.000000,96.000000,5.0,-10.4966,-9.81,-51.2480,-51.9346,PENDING_AG03,FALSE,NOT_FOR_ENFORCEMENT,-59.8923,47.2550,-61.7446,-59.8923,-1.8523,-1.26742719,-1.22940438,-1.8523,-59.8923,-1.22940438,-1.8523,-1.8523,-1.8523,-2.4698,-2.4698,-59.8923,-1.22940438,-10.4966,-9.81,-51.2480,-51.9346,-1.05196457,-1.06605765,-0.03802282,4.8716,4.8716,-6.1745,-10.2908,-6.8605,8.1194,1.6667,,4.8716,3.1135,5.0836,5.9675,7.1984,7.3293,7.3293,5.0836,-4.4108,1.44175,1.44175,0.958309,5,8,6,3,0E-8,-1.26742719,,0E-8,0.000000,1.000000,0.000000,,2026-04-24,2026-05-29,6,9,8,36,0.166667,,,0.000000,,,,,,,,GLOBAL_BASELINE_NO_ENTITY_RANKING,,,NOT_APPLICABLE_GLOBAL_BASELINE,HF9g-P5,,,,X 全窗基线 · 不参与实体赏罚,3921192,393,A168_HF9F_20260827_0900,2026-08-27 09:00:00
2026-04-24,148975391,1400,0,14.3967751223,36.9080962229,36.9080962229,0.5000000,2,2,0.06757445000000000,0.067574450000,2.436284497933439,2.4362844979334395,2.436284497933439,0E-17,ELIGIBLE,R03b_20260811_FULL_v1,L1_ELIGIBILITY,v2026-08-11,2026-03-21..2026-08-06,baccarat_bet02_101_all_pairs_incl_sentinel,round_win = game_pnl > 0 (decisive only),COMPATIBILITY_ONLY_NOT_PRODUCTION,48.7165,48.7165,-61.7446,10,10,1.26742719,,1.26742719,1.26742719,61.7446,48.7165,THIN_EXPOSURE,0.0000,-1.8523,3.0000,97.0000,AG03-UNRESOLVED,ALL5_LEVELS_bet23_to_bet27,-1.8523,-1.8523,-1.8523,-2.4698,-2.4698,3.000000,3.000000,3.000000,4.000000,4.000000,97.000000,97.000000,97.000000,96.000000,96.000000,5.0,-10.4966,-9.81,-51.2480,-51.9346,PENDING_AG03,FALSE,NOT_FOR_ENFORCEMENT,-59.8923,47.2550,-61.7446,-59.8923,-1.8523,-1.26742719,-1.22940438,-1.8523,-59.8923,-1.22940438,-1.8523,-1.8523,-1.8523,-2.4698,-2.4698,-59.8923,-1.22940438,-10.4966,-9.81,-51.2480,-51.9346,-1.05196457,-1.06605765,-0.03802282,4.8716,4.8716,-6.1745,-10.2908,-6.8605,8.1194,1.6667,,4.8716,3.1135,5.0836,5.9675,7.1984,7.3293,7.3293,5.0836,-4.4108,1.44175,1.44175,0.958309,5,8,6,3,0E-8,-1.26742719,,0E-8,0.000000,1.000000,0.000000,,2026-04-24,2026-05-29,6,9,8,36,0.166667,,,0.000000,,,,,,,,GLOBAL_BASELINE_NO_ENTITY_RANKING,,,NOT_APPLICABLE_GLOBAL_BASELINE,HF9g-P5,,,,X 全窗基线 · 不参与实体赏罚,3921193,393,A168_HF9F_20260827_0900,2026-08-27 09:00:00
2026-04-25,148975391,1509,0,5.4969505013,-5.4969505013,-5.4969505013,0E-7,1,1,0.08158750000000000,0.081587500000,-0.29805260355172214,-0.2980526035517222,-0.29805260355172214,0E-17,ELIGIBLE,R03b_20260811_FULL_v1,L1_ELIGIBILITY,v2026-08-11,2026-03-21..2026-08-06,baccarat_bet02_101_all_pairs_incl_sentinel,round_win = game_pnl > 0 (decisive only),COMPATIBILITY_ONLY_NOT_PRODUCTION,48.7165,48.7165,-61.7446,10,10,1.26742719,,1.26742719,1.26742719,61.7446,48.7165,THIN_EXPOSURE,0.0000,-1.8523,3.0000,97.0000,AG03-UNRESOLVED,ALL5_LEVELS_bet23_to_bet27,-1.8523,-1.8523,-1.8523,-2.4698,-2.4698,3.000000,3.000000,3.000000,4.000000,4.000000,97.000000,97.000000,97.000000,96.000000,96.000000,5.0,-10.4966,-9.81,-51.2480,-51.9346,PENDING_AG03,FALSE,NOT_FOR_ENFORCEMENT,-59.8923,47.2550,-61.7446,-59.8923,-1.8523,-1.26742719,-1.22940438,-1.8523,-59.8923,-1.22940438,-1.8523,-1.8523,-1.8523,-2.4698,-2.4698,-59.8923,-1.22940438,-10.4966,-9.81,-51.2480,-51.9346,-1.05196457,-1.06605765,-0.03802282,4.8716,4.8716,-6.1745,-10.2908,-6.8605,8.1194,1.6667,,4.8716,3.1135,5.0836,5.9675,7.1984,7.3293,7.3293,5.0836,-4.4108,1.44175,1.44175,0.958309,5,8,6,3,0E-8,-1.26742719,,0E-8,0.000000,1.000000,0.000000,,2026-04-24,2026-05-29,6,9,8,36,0.166667,,,0.000000,,,,,,,,GLOBAL_BASELINE_NO_ENTITY_RANKING,,,NOT_APPLICABLE_GLOBAL_BASELINE,HF9g-P5,,,,X 全窗基线 · 不参与实体赏罚,3921194,393,A168_HF9F_20260827_0900,2026-08-27 09:00:00
2026-05-02,148975391,2134,0,5.7080587412,53.4481863940,53.4481863940,0.5000000,2,2,0.03619815000000000,0.036198150000,3.5116434095796123,3.5116434095796123,3.5116434095796123,0E-17,ELIGIBLE,R03b_20260811_FULL_v1,L1_ELIGIBILITY,v2026-08-11,2026-03-21..2026-08-06,baccarat_bet02_101_all_pairs_incl_sentinel,round_win = game_pnl > 0 (decisive only),COMPATIBILITY_ONLY_NOT_PRODUCTION,48.7165,48.7165,-61.7446,10,10,1.26742719,,1.26742719,1.26742719,61.7446,48.7165,THIN_EXPOSURE,0.0000,-1.8523,3.0000,97.0000,AG03-UNRESOLVED,ALL5_LEVELS_bet23_to_bet27,-1.8523,-1.8523,-1.8523,-2.4698,-2.4698,3.000000,3.000000,3.000000,4.000000,4.000000,97.000000,97.000000,97.000000,96.000000,96.000000,5.0,-10.4966,-9.81,-51.2480,-51.9346,PENDING_AG03,FALSE,NOT_FOR_ENFORCEMENT,-59.8923,47.2550,-61.7446,-59.8923,-1.8523,-1.26742719,-1.22940438,-1.8523,-59.8923,-1.22940438,-1.8523,-1.8523,-1.8523,-2.4698,-2.4698,-59.8923,-1.22940438,-10.4966,-9.81,-51.2480,-51.9346,-1.05196457,-1.06605765,-0.03802282,4.8716,4.8716,-6.1745,-10.2908,-6.8605,8.1194,1.6667,,4.8716,3.1135,5.0836,5.9675,7.1984,7.3293,7.3293,5.0836,-4.4108,1.44175,1.44175,0.958309,5,8,6,3,0E-8,-1.26742719,,0E-8,0.000000,1.000000,0.000000,,2026-04-24,2026-05-29,6,9,8,36,0.166667,,,0.000000,,,,,,,,GLOBAL_BASELINE_NO_ENTITY_RANKING,,,NOT_APPLICABLE_GLOBAL_BASELINE,HF9g-P5,,,,X 全窗基线 · 不参与实体赏罚,3921195,393,A168_HF9F_20260827_0900,2026-08-27 09:00:00
2026-05-07,148975391,2117,0,4.6702298791,-4.6702298791,-4.6702298791,0E-7,1,1,0.08158750000000000,0.081587500000,-0.29805260355172214,-0.2980526035517222,-0.29805260355172214,0E-17,ELIGIBLE,R03b_20260811_FULL_v1,L1_ELIGIBILITY,v2026-08-11,2026-03-21..2026-08-06,baccarat_bet02_101_all_pairs_incl_sentinel,round_win = game_pnl > 0 (decisive only),COMPATIBILITY_ONLY_NOT_PRODUCTION,48.7165,48.7165,-61.7446,10,10,1.26742719,,1.26742719,1.26742719,61.7446,48.7165,THIN_EXPOSURE,0.0000,-1.8523,3.0000,97.0000,AG03-UNRESOLVED,ALL5_LEVELS_bet23_to_bet27,-1.8523,-1.8523,-1.8523,-2.4698,-2.4698,3.000000,3.000000,3.000000,4.000000,4.000000,97.000000,97.000000,97.000000,96.000000,96.000000,5.0,-10.4966,-9.81,-51.2480,-51.9346,PENDING_AG03,FALSE,NOT_FOR_ENFORCEMENT,-59.8923,47.2550,-61.7446,-59.8923,-1.8523,-1.26742719,-1.22940438,-1.8523,-59.8923,-1.22940438,-1.8523,-1.8523,-1.8523,-2.4698,-2.4698,-59.8923,-1.22940438,-10.4966,-9.81,-51.2480,-51.9346,-1.05196457,-1.06605765,-0.03802282,4.8716,4.8716,-6.1745,-10.2908,-6.8605,8.1194,1.6667,,4.8716,3.1135,5.0836,5.9675,7.1984,7.3293,7.3293,5.0836,-4.4108,1.44175,1.44175,0.958309,5,8,6,3,0E-8,-1.26742719,,0E-8,0.000000,1.000000,0.000000,,2026-04-24,2026-05-29,6,9,8,36,0.166667,,,0.000000,,,,,,,,GLOBAL_BASELINE_NO_ENTITY_RANKING,,,NOT_APPLICABLE_GLOBAL_BASELINE,HF9g-P5,,,,X 全窗基线 · 不参与实体赏罚,3921196,393,A168_HF9F_20260827_0900,2026-08-27 09:00:00
2026-05-07,148975391,2123,0,5.7080587411,-5.7080587411,-5.7080587411,0E-7,1,1,0.05356140000000000,0.053561400000,-0.2378919454095156,-0.2378919454095156,-0.2378919454095156,0E-17,ELIGIBLE,R03b_20260811_FULL_v1,L1_ELIGIBILITY,v2026-08-11,2026-03-21..2026-08-06,baccarat_bet02_101_all_pairs_incl_sentinel,round_win = game_pnl > 0 (decisive only),COMPATIBILITY_ONLY_NOT_PRODUCTION,48.7165,48.7165,-61.7446,10,10,1.26742719,,1.26742719,1.26742719,61.7446,48.7165,THIN_EXPOSURE,0.0000,-1.8523,3.0000,97.0000,AG03-UNRESOLVED,ALL5_LEVELS_bet23_to_bet27,-1.8523,-1.8523,-1.8523,-2.4698,-2.4698,3.000000,3.000000,3.000000,4.000000,4.000000,97.000000,97.000000,97.000000,96.000000,96.000000,5.0,-10.4966,-9.81,-51.2480,-51.9346,PENDING_AG03,FALSE,NOT_FOR_ENFORCEMENT,-59.8923,47.2550,-61.7446,-59.8923,-1.8523,-1.26742719,-1.22940438,-1.8523,-59.8923,-1.22940438,-1.8523,-1.8523,-1.8523,-2.4698,-2.4698,-59.8923,-1.22940438,-10.4966,-9.81,-51.2480,-51.9346,-1.05196457,-1.06605765,-0.03802282,4.8716,4.8716,-6.1745,-10.2908,-6.8605,8.1194,1.6667,,4.8716,3.1135,5.0836,5.9675,7.1984,7.3293,7.3293,5.0836,-4.4108,1.44175,1.44175,0.958309,5,8,6,3,0E-8,-1.26742719,,0E-8,0.000000,1.000000,0.000000,,2026-04-24,2026-05-29,6,9,8,36,0.166667,,,0.000000,,,,,,,,GLOBAL_BASELINE_NO_ENTITY_RANKING,,,NOT_APPLICABLE_GLOBAL_BASELINE,HF9g-P5,,,,X 全窗基线 · 不参与实体赏罚,3921197,393,A168_HF9F_20260827_0900,2026-08-27 09:00:00
2026-05-17,148975391,2142,0,4.1513154481,-4.1513154481,-4.1513154481,0E-7,1,1,0.08158750000000000,0.081587500000,-0.29805260355172214,-0.2980526035517222,-0.29805260355172214,0E-17,ELIGIBLE,R03b_20260811_FULL_v1,L1_ELIGIBILITY,v2026-08-11,2026-03-21..2026-08-06,baccarat_bet02_101_all_pairs_incl_sentinel,round_win = game_pnl > 0 (decisive only),COMPATIBILITY_ONLY_NOT_PRODUCTION,48.7165,48.7165,-61.7446,10,10,1.26742719,,1.26742719,1.26742719,61.7446,48.7165,THIN_EXPOSURE,0.0000,-1.8523,3.0000,97.0000,AG03-UNRESOLVED,ALL5_LEVELS_bet23_to_bet27,-1.8523,-1.8523,-1.8523,-2.4698,-2.4698,3.000000,3.000000,3.000000,4.000000,4.000000,97.000000,97.000000,97.000000,96.000000,96.000000,5.0,-10.4966,-9.81,-51.2480,-51.9346,PENDING_AG03,FALSE,NOT_FOR_ENFORCEMENT,-59.8923,47.2550,-61.7446,-59.8923,-1.8523,-1.26742719,-1.22940438,-1.8523,-59.8923,-1.22940438,-1.8523,-1.8523,-1.8523,-2.4698,-2.4698,-59.8923,-1.22940438,-10.4966,-9.81,-51.2480,-51.9346,-1.05196457,-1.06605765,-0.03802282,4.8716,4.8716,-6.1745,-10.2908,-6.8605,8.1194,1.6667,,4.8716,3.1135,5.0836,5.9675,7.1984,7.3293,7.3293,5.0836,-4.4108,1.44175,1.44175,0.958309,5,8,6,3,0E-8,-1.26742719,,0E-8,0.000000,1.000000,0.000000,,2026-04-24,2026-05-29,6,9,8,36,0.166667,,,0.000000,,,,,,,,GLOBAL_BASELINE_NO_ENTITY_RANKING,,,NOT_APPLICABLE_GLOBAL_BASELINE,HF9g-P5,,,,X 全窗基线 · 不参与实体赏罚,3921198,393,A168_HF9F_20260827_0900,2026-08-27 09:00:00
2026-05-29,148975391,1210,0,5.9675159566,-5.9675159566,-5.9675159566,0E-7,1,1,0.05356140000000000,0.053561400000,-0.2378919454095156,-0.2378919454095156,-0.2378919454095156,0E-17,ELIGIBLE,R03b_20260811_FULL_v1,L1_ELIGIBILITY,v2026-08-11,2026-03-21..2026-08-06,baccarat_bet02_101_all_pairs_incl_sentinel,round_win = game_pnl > 0 (decisive only),COMPATIBILITY_ONLY_NOT_PRODUCTION,48.7165,48.7165,-61.7446,10,10,1.26742719,,1.26742719,1.26742719,61.7446,48.7165,THIN_EXPOSURE,0.0000,-1.8523,3.0000,97.0000,AG03-UNRESOLVED,ALL5_LEVELS_bet23_to_bet27,-1.8523,-1.8523,-1.8523,-2.4698,-2.4698,3.000000,3.000000,3.000000,4.000000,4.000000,97.000000,97.000000,97.000000,96.000000,96.000000,5.0,-10.4966,-9.81,-51.2480,-51.9346,PENDING_AG03,FALSE,NOT_FOR_ENFORCEMENT,-59.8923,47.2550,-61.7446,-59.8923,-1.8523,-1.26742719,-1.22940438,-1.8523,-59.8923,-1.22940438,-1.8523,-1.8523,-1.8523,-2.4698,-2.4698,-59.8923,-1.22940438,-10.4966,-9.81,-51.2480,-51.9346,-1.05196457,-1.06605765,-0.03802282,4.8716,4.8716,-6.1745,-10.2908,-6.8605,8.1194,1.6667,,4.8716,3.1135,5.0836,5.9675,7.1984,7.3293,7.3293,5.0836,-4.4108,1.44175,1.44175,0.958309,5,8,6,3,0E-8,-1.26742719,,0E-8,0.000000,1.000000,0.000000,,2026-04-24,2026-05-29,6,9,8,36,0.166667,,,0.000000,,,,,,,,GLOBAL_BASELINE_NO_ENTITY_RANKING,,,NOT_APPLICABLE_GLOBAL_BASELINE,HF9g-P5,,,,X 全窗基线 · 不参与实体赏罚,3921199,393,A168_HF9F_20260827_0900,2026-08-27 09:00:00
2026-07-28,153579503,1094,0,16.6361670271,-16.6361670271,-16.6361670271,0E-7,1,1,0.50665070000000000,0.506650700000,-1.013391052207602,-1.013391052207602,-1.013391052207602,0E-17,ELIGIBLE,R03b_20260811_FULL_v1,L1_ELIGIBILITY,v2026-08-11,2026-03-21..2026-08-06,baccarat_bet02_101_all_pairs_incl_sentinel,round_win = game_pnl > 0 (decisive only),COMPATIBILITY_ONLY_NOT_PRODUCTION,166.3617,133.0893,-62.3856,10,10,0.37500000,0.37500000,,0.37500000,62.3856,166.3617,THIN_EXPOSURE,0.0000,-2.4954,4.0000,96.0000,AG03-UNRESOLVED,ALL5_LEVELS_bet23_to_bet27,-2.4954,-2.4954,-2.4954,-3.7431,-3.7431,4.000000,4.000000,4.000000,6.000000,6.000000,96.000000,96.000000,96.000000,94.000000,94.000000,5.0,-14.9726,-13.6155,-47.4131,-48.7701,PENDING_AG03,FALSE,NOT_FOR_ENFORCEMENT,-59.8902,127.7658,-62.3856,-59.8902,-2.4954,-0.37500000,-0.36000000,-2.4954,-59.8902,-0.36000000,-2.4954,-2.4954,-2.4954,-3.7431,-3.7431,-59.8902,-0.36000000,-14.9726,-13.6155,-47.4131,-48.7701,-0.28500000,-0.29315727,-0.01500000,16.6362,13.3089,-6.2386,-62.3856,-15.5964,166.3617,10.0000,16.6362,,16.6362,16.6362,16.6362,16.6362,16.6362,16.6362,16.6362,15.8044,1.0,1.0,1.0,4,4,1,2,1.00000000,-0.37500000,-0.37500000,0E-8,0.000000,0.800000,0.000000,,2026-07-28,2026-07-28,1,4,4,1,1.000000,,1.000000,3.333333,,,,,,,,GLOBAL_BASELINE_NO_ENTITY_RANKING,,,NOT_APPLICABLE_GLOBAL_BASELINE,HF9g-P5,,,,X 全窗基线 · 不参与实体赏罚,3921200,393,A168_HF9F_20260827_0900,2026-08-27 09:00:00
2026-07-28,153579503,1210,0,16.6361670271,15.8043586758,15.8043586758,1.0000000,1,1,0.50665070000000000,0.506650700000,0.9867858985152569,0.9867858985152569,0.9867858985152569,0E-17,ELIGIBLE,R03b_20260811_FULL_v1,L1_ELIGIBILITY,v2026-08-11,2026-03-21..2026-08-06,baccarat_bet02_101_all_pairs_incl_sentinel,round_win = game_pnl > 0 (decisive only),COMPATIBILITY_ONLY_NOT_PRODUCTION,166.3617,133.0893,-62.3856,10,10,0.37500000,0.37500000,,0.37500000,62.3856,166.3617,THIN_EXPOSURE,0.0000,-2.4954,4.0000,96.0000,AG03-UNRESOLVED,ALL5_LEVELS_bet23_to_bet27,-2.4954,-2.4954,-2.4954,-3.7431,-3.7431,4.000000,4.000000,4.000000,6.000000,6.000000,96.000000,96.000000,96.000000,94.000000,94.000000,5.0,-14.9726,-13.6155,-47.4131,-48.7701,PENDING_AG03,FALSE,NOT_FOR_ENFORCEMENT,-59.8902,127.7658,-62.3856,-59.8902,-2.4954,-0.37500000,-0.36000000,-2.4954,-59.8902,-0.36000000,-2.4954,-2.4954,-2.4954,-3.7431,-3.7431,-59.8902,-0.36000000,-14.9726,-13.6155,-47.4131,-48.7701,-0.28500000,-0.29315727,-0.01500000,16.6362,13.3089,-6.2386,-62.3856,-15.5964,166.3617,10.0000,16.6362,,16.6362,16.6362,16.6362,16.6362,16.6362,16.6362,16.6362,15.8044,1.0,1.0,1.0,4,4,1,2,1.00000000,-0.37500000,-0.37500000,0E-8,0.000000,0.800000,0.000000,,2026-07-28,2026-07-28,1,4,4,1,1.000000,,1.000000,3.333333,,,,,,,,GLOBAL_BASELINE_NO_ENTITY_RANKING,,,NOT_APPLICABLE_GLOBAL_BASELINE,HF9g-P5,,,,X 全窗基线 · 不参与实体赏罚,3921201,393,A168_HF9F_20260827_0900,2026-08-27 09:00:00
2026-07-28,153579503,2103,0,66.5446681084,48.2448843787,48.2448843787,1.0000000,4,4,0.50329940000000000,0.503299400000,1.7206588134302945,1.7206588134302945,1.7206588134302945,0E-17,ELIGIBLE,R03b_20260811_FULL_v1,L1_ELIGIBILITY,v2026-08-11,2026-03-21..2026-08-06,baccarat_bet02_101_all_pairs_incl_sentinel,round_win = game_pnl > 0 (decisive only),COMPATIBILITY_ONLY_NOT_PRODUCTION,166.3617,133.0893,-62.3856,10,10,0.37500000,0.37500000,,0.37500000,62.3856,166.3617,THIN_EXPOSURE,0.0000,-2.4954,4.0000,96.0000,AG03-UNRESOLVED,ALL5_LEVELS_bet23_to_bet27,-2.4954,-2.4954,-2.4954,-3.7431,-3.7431,4.000000,4.000000,4.000000,6.000000,6.000000,96.000000,96.000000,96.000000,94.000000,94.000000,5.0,-14.9726,-13.6155,-47.4131,-48.7701,PENDING_AG03,FALSE,NOT_FOR_ENFORCEMENT,-59.8902,127.7658,-62.3856,-59.8902,-2.4954,-0.37500000,-0.36000000,-2.4954,-59.8902,-0.36000000,-2.4954,-2.4954,-2.4954,-3.7431,-3.7431,-59.8902,-0.36000000,-14.9726,-13.6155,-47.4131,-48.7701,-0.28500000,-0.29315727,-0.01500000,16.6362,13.3089,-6.2386,-62.3856,-15.5964,166.3617,10.0000,16.6362,,16.6362,16.6362,16.6362,16.6362,16.6362,16.6362,16.6362,15.8044,1.0,1.0,1.0,4,4,1,2,1.00000000,-0.37500000,-0.37500000,0E-8,0.000000,0.800000,0.000000,,2026-07-28,2026-07-28,1,4,4,1,1.000000,,1.000000,3.333333,,,,,,,,GLOBAL_BASELINE_NO_ENTITY_RANKING,,,NOT_APPLICABLE_GLOBAL_BASELINE,HF9g-P5,,,,X 全窗基线 · 不参与实体赏罚,3921202,393,A168_HF9F_20260827_0900,2026-08-27 09:00:00
2026-07-28,153579503,2169,0,66.5446681084,14.9725503245,14.9725503245,0.6666667,4,4,0.50329940000000000,0.503299400000,0.5659331339966515,0.5659331339966515,0.5659331339966515,0E-17,ELIGIBLE,R03b_20260811_FULL_v1,L1_ELIGIBILITY,v2026-08-11,2026-03-21..2026-08-06,baccarat_bet02_101_all_pairs_incl_sentinel,round_win = game_pnl > 0 (decisive only),COMPATIBILITY_ONLY_NOT_PRODUCTION,166.3617,133.0893,-62.3856,10,10,0.37500000,0.37500000,,0.37500000,62.3856,166.3617,THIN_EXPOSURE,0.0000,-2.4954,4.0000,96.0000,AG03-UNRESOLVED,ALL5_LEVELS_bet23_to_bet27,-2.4954,-2.4954,-2.4954,-3.7431,-3.7431,4.000000,4.000000,4.000000,6.000000,6.000000,96.000000,96.000000,96.000000,94.000000,94.000000,5.0,-14.9726,-13.6155,-47.4131,-48.7701,PENDING_AG03,FALSE,NOT_FOR_ENFORCEMENT,-59.8902,127.7658,-62.3856,-59.8902,-2.4954,-0.37500000,-0.36000000,-2.4954,-59.8902,-0.36000000,-2.4954,-2.4954,-2.4954,-3.7431,-3.7431,-59.8902,-0.36000000,-14.9726,-13.6155,-47.4131,-48.7701,-0.28500000,-0.29315727,-0.01500000,16.6362,13.3089,-6.2386,-62.3856,-15.5964,166.3617,10.0000,16.6362,,16.6362,16.6362,16.6362,16.6362,16.6362,16.6362,16.6362,15.8044,1.0,1.0,1.0,4,4,1,2,1.00000000,-0.37500000,-0.37500000,0E-8,0.000000,0.800000,0.000000,,2026-07-28,2026-07-28,1,4,4,1,1.000000,,1.000000,3.333333,,,,,,,,GLOBAL_BASELINE_NO_ENTITY_RANKING,,,NOT_APPLICABLE_GLOBAL_BASELINE,HF9g-P5,,,,X 全窗基线 · 不参与实体赏罚,3921203,393,A168_HF9F_20260827_0900,2026-08-27 09:00:00
2026-04-30,149351636,1645,0,28.7935502448,13.0879773840,13.0879773840,1.0000000,4,2,0.38113142857142857,0.283965900000,1.8020914680393405,2.245684570241855,1.8020914680393405,0.09716552857142857,ELIGIBLE,R03b_20260811_FULL_v1,L1_ELIGIBILITY,v2026-08-11,2026-03-21..2026-08-06,baccarat_bet02_101_all_pairs_incl_sentinel,round_win = game_pnl > 0 (decisive only),COMPATIBILITY_ONLY_NOT_PRODUCTION,41.7664,41.7664,-62.3848,6,3,1.49366074,,1.49366074,1.49366074,62.3848,41.7664,THIN_EXPOSURE,0.0000,-2.4954,4.0000,96.0000,AG03-UNRESOLVED,ALL5_LEVELS_bet23_to_bet27,-2.4954,-2.4954,-2.4954,-3.7431,-3.7431,4.000000,4.000000,4.000000,6.000000,6.000000,96.000000,96.000000,96.000000,94.000000,94.000000,5.0,-14.9724,-13.6153,-47.4125,-48.7695,PENDING_AG03,FALSE,NOT_FOR_ENFORCEMENT,-59.8895,40.0958,-62.3848,-59.8895,-2.4954,-1.49366074,-1.43391431,-2.4954,-59.8895,-1.43391431,-2.4954,-2.4954,-2.4954,-3.7431,-3.7431,-59.8895,-1.43391431,-14.9724,-13.6153,-47.4125,-48.7695,-1.13518216,-1.16767336,-0.05974643,6.9611,13.9221,-20.7949,-31.1924,-31.1924,20.8832,1.5000,,6.9611,5.1891,6.5095,7.8528,12.5645,13.088,13.088,6.5095,2.6176,2.010611,2.010611,1.069378,2,2,2,2,0E-8,-1.49366074,,0E-8,0.000000,1.000000,0.000000,,2026-04-30,2026-05-07,2,2,2,8,0.250000,,,0.000000,,,,,,,,GLOBAL_BASELINE_NO_ENTITY_RANKING,,,NOT_APPLICABLE_GLOBAL_BASELINE,HF9g-P5,,,,X 全窗基线 · 不参与实体赏罚,3921204,393,A168_HF9F_20260827_0900,2026-08-27 09:00:00
2026-05-07,149351636,-1,1,12.9728607753,49.2968709459,49.2968709459,1.0000000,2,1,0.32582182000064528,0.283965900000,1.4384582570920832,1.587938788024013,1.4384582570920832,0.04185592000064528,SENTINEL_DEALER,R03b_20260811_FULL_v1,L1_ELIGIBILITY,v2026-08-11,2026-03-21..2026-08-06,baccarat_bet02_101_all_pairs_incl_sentinel,round_win = game_pnl > 0 (decisive only),COMPATIBILITY_ONLY_NOT_PRODUCTION,41.7664,41.7664,-62.3848,6,3,1.49366074,,1.49366074,1.49366074,62.3848,41.7664,THIN_EXPOSURE,0.0000,-2.4954,4.0000,96.0000,AG03-UNRESOLVED,ALL5_LEVELS_bet23_to_bet27,-2.4954,-2.4954,-2.4954,-3.7431,-3.7431,4.000000,4.000000,4.000000,6.000000,6.000000,96.000000,96.000000,96.000000,94.000000,94.000000,5.0,-14.9724,-13.6153,-47.4125,-48.7695,PENDING_AG03,FALSE,NOT_FOR_ENFORCEMENT,-59.8895,40.0958,-62.3848,-59.8895,-2.4954,-1.49366074,-1.43391431,-2.4954,-59.8895,-1.43391431,-2.4954,-2.4954,-2.4954,-3.7431,-3.7431,-59.8895,-1.43391431,-14.9724,-13.6153,-47.4125,-48.7695,-1.13518216,-1.16767336,-0.05974643,6.9611,13.9221,-20.7949,-31.1924,-31.1924,20.8832,1.5000,,6.9611,5.1891,6.5095,7.8528,12.5645,13.088,13.088,6.5095,2.6176,2.010611,2.010611,1.069378,2,2,2,2,0E-8,-1.49366074,,0E-8,0.000000,1.000000,0.000000,,2026-04-30,2026-05-07,2,2,2,8,0.250000,,,0.000000,,,,,,,,GLOBAL_BASELINE_NO_ENTITY_RANKING,,,NOT_APPLICABLE_GLOBAL_BASELINE,HF9g-P5,,,,X 全窗基线 · 不参与实体赏罚,3921205,393,A168_HF9F_20260827_0900,2026-08-27 09:00:00
2026-04-16,130785291,-1,1,15.7055728608,0E-10,0E-10,0.5000000,2,2,0.49994810000000000,0.499948100000,0.00014679536856514622,0.00014679536856514622,0.00014679536856514622,0E-17,SENTINEL_DEALER,R03b_20260811_FULL_v1,L1_ELIGIBILITY,v2026-08-11,2026-03-21..2026-08-06,baccarat_bet02_101_all_pairs_incl_sentinel,round_win = game_pnl > 0 (decisive only),COMPATIBILITY_ONLY_NOT_PRODUCTION,158.5222,158.5222,-62.3848,9,9,0.39354024,,0.39354024,0.39354024,62.3848,158.5222,THIN_EXPOSURE,0.0000,-2.4954,4.0000,96.0000,AG03-UNRESOLVED,ALL5_LEVELS_bet23_to_bet27,-2.4954,-2.4954,-2.4954,-2.4954,-2.4954,4.000000,4.000000,4.000000,4.000000,4.000000,96.000000,96.000000,96.000000,96.000000,96.000000,5.0,-12.4770,-11.5179,-49.9079,-50.8669,PENDING_AG03,FALSE,NOT_FOR_ENFORCEMENT,-59.8895,152.1813,-62.3848,-59.8895,-2.4954,-0.39354024,-0.37779863,-2.4954,-59.8895,-0.37779863,-2.4954,-2.4954,-2.4954,-2.4954,-2.4954,-59.8895,-0.37779863,-12.4770,-11.5179,-49.9079,-50.8669,-0.31483219,-0.32088197,-0.01574161,17.6136,17.6136,-6.9316,-31.1924,-15.5962,79.2611,4.5000,,17.6136,11.6928,13.088,25.9457,25.9457,25.9457,25.9457,13.088,12.9729,1.982409,1.982409,1.345783,3,5,2,2,0E-8,-0.39354024,,0E-8,0.000000,1.000000,0.000000,,2026-04-16,2026-05-19,2,4,4,34,0.058824,,,0.000000,,,,,,,,GLOBAL_BASELINE_NO_ENTITY_RANKING,,,NOT_APPLICABLE_GLOBAL_BASELINE,HF9g-P5,,,,X 全窗基线 · 不参与实体赏罚,3921206,393,A168_HF9F_20260827_0900,2026-08-27 09:00:00
2026-04-16,130785291,2196,0,13.0879773840,13.0879773840,13.0879773840,1.0000000,1,1,0.49324550000000000,0.493245500000,1.01360149184955,1.01360149184955,1.01360149184955,0E-17,ELIGIBLE,R03b_20260811_FULL_v1,L1_ELIGIBILITY,v2026-08-11,2026-03-21..2026-08-06,baccarat_bet02_101_all_pairs_incl_sentinel,round_win = game_pnl > 0 (decisive only),COMPATIBILITY_ONLY_NOT_PRODUCTION,158.5222,158.5222,-62.3848,9,9,0.39354024,,0.39354024,0.39354024,62.3848,158.5222,THIN_EXPOSURE,0.0000,-2.4954,4.0000,96.0000,AG03-UNRESOLVED,ALL5_LEVELS_bet23_to_bet27,-2.4954,-2.4954,-2.4954,-2.4954,-2.4954,4.000000,4.000000,4.000000,4.000000,4.000000,96.000000,96.000000,96.000000,96.000000,96.000000,5.0,-12.4770,-11.5179,-49.9079,-50.8669,PENDING_AG03,FALSE,NOT_FOR_ENFORCEMENT,-59.8895,152.1813,-62.3848,-59.8895,-2.4954,-0.39354024,-0.37779863,-2.4954,-59.8895,-0.37779863,-2.4954,-2.4954,-2.4954,-2.4954,-2.4954,-59.8895,-0.37779863,-12.4770,-11.5179,-49.9079,-50.8669,-0.31483219,-0.32088197,-0.01574161,17.6136,17.6136,-6.9316,-31.1924,-15.5962,79.2611,4.5000,,17.6136,11.6928,13.088,25.9457,25.9457,25.9457,25.9457,13.088,12.9729,1.982409,1.982409,1.345783,3,5,2,2,0E-8,-0.39354024,,0E-8,0.000000,1.000000,0.000000,,2026-04-16,2026-05-19,2,4,4,34,0.058824,,,0.000000,,,,,,,,GLOBAL_BASELINE_NO_ENTITY_RANKING,,,NOT_APPLICABLE_GLOBAL_BASELINE,HF9g-P5,,,,X 全窗基线 · 不参与实体赏罚,3921207,393,A168_HF9F_20260827_0900,2026-08-27 09:00:00
2026-05-19,130785291,2174,0,25.9457215505,25.9457215505,25.9457215505,1.0000000,1,1,0.49324550000000000,0.493245500000,1.01360149184955,1.01360149184955,1.01360149184955,0E-17,ELIGIBLE,R03b_20260811_FULL_v1,L1_ELIGIBILITY,v2026-08-11,2026-03-21..2026-08-06,baccarat_bet02_101_all_pairs_incl_sentinel,round_win = game_pnl > 0 (decisive only),COMPATIBILITY_ONLY_NOT_PRODUCTION,158.5222,158.5222,-62.3848,9,9,0.39354024,,0.39354024,0.39354024,62.3848,158.5222,THIN_EXPOSURE,0.0000,-2.4954,4.0000,96.0000,AG03-UNRESOLVED,ALL5_LEVELS_bet23_to_bet27,-2.4954,-2.4954,-2.4954,-2.4954,-2.4954,4.000000,4.000000,4.000000,4.000000,4.000000,96.000000,96.000000,96.000000,96.000000,96.000000,5.0,-12.4770,-11.5179,-49.9079,-50.8669,PENDING_AG03,FALSE,NOT_FOR_ENFORCEMENT,-59.8895,152.1813,-62.3848,-59.8895,-2.4954,-0.39354024,-0.37779863,-2.4954,-59.8895,-0.37779863,-2.4954,-2.4954,-2.4954,-2.4954,-2.4954,-59.8895,-0.37779863,-12.4770,-11.5179,-49.9079,-50.8669,-0.31483219,-0.32088197,-0.01574161,17.6136,17.6136,-6.9316,-31.1924,-15.5962,79.2611,4.5000,,17.6136,11.6928,13.088,25.9457,25.9457,25.9457,25.9457,13.088,12.9729,1.982409,1.982409,1.345783,3,5,2,2,0E-8,-0.39354024,,0E-8,0.000000,1.000000,0.000000,,2026-04-16,2026-05-19,2,4,4,34,0.058824,,,0.000000,,,,,,,,GLOBAL_BASELINE_NO_ENTITY_RANKING,,,NOT_APPLICABLE_GLOBAL_BASELINE,HF9g-P5,,,,X 全窗基线 · 不参与实体赏罚,3921208,393,A168_HF9F_20260827_0900,2026-08-27 09:00:00
2026-05-19,130785291,2212,0,64.8643038763,-14.2701468528,-14.2701468528,0.3333333,3,3,0.50665070000000000,0.506650700000,-0.6004420894325239,-0.6004420894325239,-0.6004420894325239,0E-17,ELIGIBLE,R03b_20260811_FULL_v1,L1_ELIGIBILITY,v2026-08-11,2026-03-21..2026-08-06,baccarat_bet02_101_all_pairs_incl_sentinel,round_win = game_pnl > 0 (decisive only),COMPATIBILITY_ONLY_NOT_PRODUCTION,158.5222,158.5222,-62.3848,9,9,0.39354024,,0.39354024,0.39354024,62.3848,158.5222,THIN_EXPOSURE,0.0000,-2.4954,4.0000,96.0000,AG03-UNRESOLVED,ALL5_LEVELS_bet23_to_bet27,-2.4954,-2.4954,-2.4954,-2.4954,-2.4954,4.000000,4.000000,4.000000,4.000000,4.000000,96.000000,96.000000,96.000000,96.000000,96.000000,5.0,-12.4770,-11.5179,-49.9079,-50.8669,PENDING_AG03,FALSE,NOT_FOR_ENFORCEMENT,-59.8895,152.1813,-62.3848,-59.8895,-2.4954,-0.39354024,-0.37779863,-2.4954,-59.8895,-0.37779863,-2.4954,-2.4954,-2.4954,-2.4954,-2.4954,-59.8895,-0.37779863,-12.4770,-11.5179,-49.9079,-50.8669,-0.31483219,-0.32088197,-0.01574161,17.6136,17.6136,-6.9316,-31.1924,-15.5962,79.2611,4.5000,,17.6136,11.6928,13.088,25.9457,25.9457,25.9457,25.9457,13.088,12.9729,1.982409,1.982409,1.345783,3,5,2,2,0E-8,-0.39354024,,0E-8,0.000000,1.000000,0.000000,,2026-04-16,2026-05-19,2,4,4,34,0.058824,,,0.000000,,,,,,,,GLOBAL_BASELINE_NO_ENTITY_RANKING,,,NOT_APPLICABLE_GLOBAL_BASELINE,HF9g-P5,,,,X 全窗基线 · 不参与实体赏罚,3921209,393,A168_HF9F_20260827_0900,2026-08-27 09:00:00
2026-05-19,130785291,2235,0,38.9185823258,37.6212962483,37.6212962483,1.0000000,2,2,0.49994810000000000,0.499948100000,1.4143603653603398,1.4143603653603398,1.4143603653603398,0E-17,ELIGIBLE,R03b_20260811_FULL_v1,L1_ELIGIBILITY,v2026-08-11,2026-03-21..2026-08-06,baccarat_bet02_101_all_pairs_incl_sentinel,round_win = game_pnl > 0 (decisive only),COMPATIBILITY_ONLY_NOT_PRODUCTION,158.5222,158.5222,-62.3848,9,9,0.39354024,,0.39354024,0.39354024,62.3848,158.5222,THIN_EXPOSURE,0.0000,-2.4954,4.0000,96.0000,AG03-UNRESOLVED,ALL5_LEVELS_bet23_to_bet27,-2.4954,-2.4954,-2.4954,-2.4954,-2.4954,4.000000,4.000000,4.000000,4.000000,4.000000,96.000000,96.000000,96.000000,96.000000,96.000000,5.0,-12.4770,-11.5179,-49.9079,-50.8669,PENDING_AG03,FALSE,NOT_FOR_ENFORCEMENT,-59.8895,152.1813,-62.3848,-59.8895,-2.4954,-0.39354024,-0.37779863,-2.4954,-59.8895,-0.37779863,-2.4954,-2.4954,-2.4954,-2.4954,-2.4954,-59.8895,-0.37779863,-12.4770,-11.5179,-49.9079,-50.8669,-0.31483219,-0.32088197,-0.01574161,17.6136,17.6136,-6.9316,-31.1924,-15.5962,79.2611,4.5000,,17.6136,11.6928,13.088,25.9457,25.9457,25.9457,25.9457,13.088,12.9729,1.982409,1.982409,1.345783,3,5,2,2,0E-8,-0.39354024,,0E-8,0.000000,1.000000,0.000000,,2026-04-16,2026-05-19,2,4,4,34,0.058824,,,0.000000,,,,,,,,GLOBAL_BASELINE_NO_ENTITY_RANKING,,,NOT_APPLICABLE_GLOBAL_BASELINE,HF9g-P5,,,,X 全窗基线 · 不参与实体赏罚,3921210,393,A168_HF9F_20260827_0900,2026-08-27 09:00:00
2026-07-15,99802171,-1,1,43.3738672450,-43.3738672450,-43.3738672450,0E-7,2,2,0.49324550000000000,0.493245500000,-1.3952362676504506,-1.3952362676504506,-1.3952362676504506,0E-17,SENTINEL_DEALER,R03b_20260811_FULL_v1,L1_ELIGIBILITY,v2026-08-11,2026-03-21..2026-08-06,baccarat_bet02_101_all_pairs_incl_sentinel,round_win = game_pnl > 0 (decisive only),COMPATIBILITY_ONLY_NOT_PRODUCTION,333.0493,333.0493,-62.3758,19,19,0.18728682,0.18728682,,0.18728682,62.3758,333.0493,THIN_EXPOSURE,0.0000,-2.4950,4.0000,96.0000,AG03-UNRESOLVED,ALL5_LEVELS_bet23_to_bet27,-2.4950,-2.4950,-3.1188,-3.1188,-3.1188,4.000000,4.000000,5.000000,5.000000,5.000000,96.000000,96.000000,95.000000,95.000000,95.000000,5.0,-14.3464,-13.0891,-48.0293,-49.2866,PENDING_AG03,FALSE,NOT_FOR_ENFORCEMENT,-59.8807,319.7274,-62.3758,-59.8807,-2.4950,-0.18728682,-0.17979535,-2.4950,-59.8807,-0.17979535,-2.4950,-2.4950,-3.1188,-3.1188,-3.1188,-59.8807,-0.17979535,-14.3464,-13.0891,-48.0293,-49.2866,-0.14421085,-0.14798596,-0.00749147,17.5289,17.5289,-3.2829,-62.3758,-10.3960,333.0493,19.0000,17.5289,,5.809,14.9743,25.8178,30.2584,35.8867,38.2103,14.9743,5.1636,2.396552,2.551724,1.170599,6,5,1,2,1.00000000,-0.18728682,-0.18728682,0E-8,0.000000,1.000000,0.000000,,2026-07-15,2026-07-15,1,6,6,1,1.000000,,1.000000,3.333333,,,,,,,,GLOBAL_BASELINE_NO_ENTITY_RANKING,,,NOT_APPLICABLE_GLOBAL_BASELINE,HF9g-P5,,,,X 全窗基线 · 不参与实体赏罚,3921211,393,A168_HF9F_20260827_0900,2026-08-27 09:00:00
2026-07-15,99802171,1353,0,5.1635556244,5.1635556244,5.1635556244,1.0000000,1,1,0.49324550000000000,0.493245500000,1.01360149184955,1.01360149184955,1.01360149184955,0E-17,ELIGIBLE,R03b_20260811_FULL_v1,L1_ELIGIBILITY,v2026-08-11,2026-03-21..2026-08-06,baccarat_bet02_101_all_pairs_incl_sentinel,round_win = game_pnl > 0 (decisive only),COMPATIBILITY_ONLY_NOT_PRODUCTION,333.0493,333.0493,-62.3758,19,19,0.18728682,0.18728682,,0.18728682,62.3758,333.0493,THIN_EXPOSURE,0.0000,-2.4950,4.0000,96.0000,AG03-UNRESOLVED,ALL5_LEVELS_bet23_to_bet27,-2.4950,-2.4950,-3.1188,-3.1188,-3.1188,4.000000,4.000000,5.000000,5.000000,5.000000,96.000000,96.000000,95.000000,95.000000,95.000000,5.0,-14.3464,-13.0891,-48.0293,-49.2866,PENDING_AG03,FALSE,NOT_FOR_ENFORCEMENT,-59.8807,319.7274,-62.3758,-59.8807,-2.4950,-0.18728682,-0.17979535,-2.4950,-59.8807,-0.17979535,-2.4950,-2.4950,-3.1188,-3.1188,-3.1188,-59.8807,-0.17979535,-14.3464,-13.0891,-48.0293,-49.2866,-0.14421085,-0.14798596,-0.00749147,17.5289,17.5289,-3.2829,-62.3758,-10.3960,333.0493,19.0000,17.5289,,5.809,14.9743,25.8178,30.2584,35.8867,38.2103,14.9743,5.1636,2.396552,2.551724,1.170599,6,5,1,2,1.00000000,-0.18728682,-0.18728682,0E-8,0.000000,1.000000,0.000000,,2026-07-15,2026-07-15,1,6,6,1,1.000000,,1.000000,3.333333,,,,,,,,GLOBAL_BASELINE_NO_ENTITY_RANKING,,,NOT_APPLICABLE_GLOBAL_BASELINE,HF9g-P5,,,,X 全窗基线 · 不参与实体赏罚,3921212,393,A168_HF9F_20260827_0900,2026-08-27 09:00:00
2026-07-15,99802171,2106,0,5.1635556244,5.1635556244,5.1635556244,1.0000000,1,1,0.49324550000000000,0.493245500000,1.01360149184955,1.01360149184955,1.01360149184955,0E-17,ELIGIBLE,R03b_20260811_FULL_v1,L1_ELIGIBILITY,v2026-08-11,2026-03-21..2026-08-06,baccarat_bet02_101_all_pairs_incl_sentinel,round_win = game_pnl > 0 (decisive only),COMPATIBILITY_ONLY_NOT_PRODUCTION,333.0493,333.0493,-62.3758,19,19,0.18728682,0.18728682,,0.18728682,62.3758,333.0493,THIN_EXPOSURE,0.0000,-2.4950,4.0000,96.0000,AG03-UNRESOLVED,ALL5_LEVELS_bet23_to_bet27,-2.4950,-2.4950,-3.1188,-3.1188,-3.1188,4.000000,4.000000,5.000000,5.000000,5.000000,96.000000,96.000000,95.000000,95.000000,95.000000,5.0,-14.3464,-13.0891,-48.0293,-49.2866,PENDING_AG03,FALSE,NOT_FOR_ENFORCEMENT,-59.8807,319.7274,-62.3758,-59.8807,-2.4950,-0.18728682,-0.17979535,-2.4950,-59.8807,-0.17979535,-2.4950,-2.4950,-3.1188,-3.1188,-3.1188,-59.8807,-0.17979535,-14.3464,-13.0891,-48.0293,-49.2866,-0.14421085,-0.14798596,-0.00749147,17.5289,17.5289,-3.2829,-62.3758,-10.3960,333.0493,19.0000,17.5289,,5.809,14.9743,25.8178,30.2584,35.8867,38.2103,14.9743,5.1636,2.396552,2.551724,1.170599,6,5,1,2,1.00000000,-0.18728682,-0.18728682,0E-8,0.000000,1.000000,0.000000,,2026-07-15,2026-07-15,1,6,6,1,1.000000,,1.000000,3.333333,,,,,,,,GLOBAL_BASELINE_NO_ENTITY_RANKING,,,NOT_APPLICABLE_GLOBAL_BASELINE,HF9g-P5,,,,X 全窗基线 · 不参与实体赏罚,3921213,393,A168_HF9F_20260827_0900,2026-08-27 09:00:00
2026-07-15,99802171,2153,0,261.2759145947,103.1678413756,103.1678413756,0.7500000,12,12,0.49771390000000000,0.497713900000,1.7479076430849556,1.7479076430849556,1.7479076430849556,0E-17,ELIGIBLE,R03b_20260811_FULL_v1,L1_ELIGIBILITY,v2026-08-11,2026-03-21..2026-08-06,baccarat_bet02_101_all_pairs_incl_sentinel,round_win = game_pnl > 0 (decisive only),COMPATIBILITY_ONLY_NOT_PRODUCTION,333.0493,333.0493,-62.3758,19,19,0.18728682,0.18728682,,0.18728682,62.3758,333.0493,THIN_EXPOSURE,0.0000,-2.4950,4.0000,96.0000,AG03-UNRESOLVED,ALL5_LEVELS_bet23_to_bet27,-2.4950,-2.4950,-3.1188,-3.1188,-3.1188,4.000000,4.000000,5.000000,5.000000,5.000000,96.000000,96.000000,95.000000,95.000000,95.000000,5.0,-14.3464,-13.0891,-48.0293,-49.2866,PENDING_AG03,FALSE,NOT_FOR_ENFORCEMENT,-59.8807,319.7274,-62.3758,-59.8807,-2.4950,-0.18728682,-0.17979535,-2.4950,-59.8807,-0.17979535,-2.4950,-2.4950,-3.1188,-3.1188,-3.1188,-59.8807,-0.17979535,-14.3464,-13.0891,-48.0293,-49.2866,-0.14421085,-0.14798596,-0.00749147,17.5289,17.5289,-3.2829,-62.3758,-10.3960,333.0493,19.0000,17.5289,,5.809,14.9743,25.8178,30.2584,35.8867,38.2103,14.9743,5.1636,2.396552,2.551724,1.170599,6,5,1,2,1.00000000,-0.18728682,-0.18728682,0E-8,0.000000,1.000000,0.000000,,2026-07-15,2026-07-15,1,6,6,1,1.000000,,1.000000,3.333333,,,,,,,,GLOBAL_BASELINE_NO_ENTITY_RANKING,,,NOT_APPLICABLE_GLOBAL_BASELINE,HF9g-P5,,,,X 全窗基线 · 不参与实体赏罚,3921214,393,A168_HF9F_20260827_0900,2026-08-27 09:00:00
2026-07-15,99802171,2241,0,18.0724446854,-7.7453334366,-7.7453334366,0.3333333,3,3,0.49771390000000000,0.497713900000,-0.5694369385616226,-0.5694369385616226,-0.5694369385616226,0E-17,ELIGIBLE,R03b_20260811_FULL_v1,L1_ELIGIBILITY,v2026-08-11,2026-03-21..2026-08-06,baccarat_bet02_101_all_pairs_incl_sentinel,round_win = game_pnl > 0 (decisive only),COMPATIBILITY_ONLY_NOT_PRODUCTION,333.0493,333.0493,-62.3758,19,19,0.18728682,0.18728682,,0.18728682,62.3758,333.0493,THIN_EXPOSURE,0.0000,-2.4950,4.0000,96.0000,AG03-UNRESOLVED,ALL5_LEVELS_bet23_to_bet27,-2.4950,-2.4950,-3.1188,-3.1188,-3.1188,4.000000,4.000000,5.000000,5.000000,5.000000,96.000000,96.000000,95.000000,95.000000,95.000000,5.0,-14.3464,-13.0891,-48.0293,-49.2866,PENDING_AG03,FALSE,NOT_FOR_ENFORCEMENT,-59.8807,319.7274,-62.3758,-59.8807,-2.4950,-0.18728682,-0.17979535,-2.4950,-59.8807,-0.17979535,-2.4950,-2.4950,-3.1188,-3.1188,-3.1188,-59.8807,-0.17979535,-14.3464,-13.0891,-48.0293,-49.2866,-0.14421085,-0.14798596,-0.00749147,17.5289,17.5289,-3.2829,-62.3758,-10.3960,333.0493,19.0000,17.5289,,5.809,14.9743,25.8178,30.2584,35.8867,38.2103,14.9743,5.1636,2.396552,2.551724,1.170599,6,5,1,2,1.00000000,-0.18728682,-0.18728682,0E-8,0.000000,1.000000,0.000000,,2026-07-15,2026-07-15,1,6,6,1,1.000000,,1.000000,3.333333,,,,,,,,GLOBAL_BASELINE_NO_ENTITY_RANKING,,,NOT_APPLICABLE_GLOBAL_BASELINE,HF9g-P5,,,,X 全窗基线 · 不参与实体赏罚,3921215,393,A168_HF9F_20260827_0900,2026-08-27 09:00:00
2026-05-09,149772954,1507,0,23.3511493956,31.1348658606,31.1348658606,1.0000000,3,1,0.40099914444325932,0.216506433333,1.2221992090652296,1.902314483972269,1.2221992090652296,0.18449271111025932,ELIGIBLE,R03b_20260811_FULL_v1,L1_ELIGIBILITY,v2026-08-11,2026-03-21..2026-08-06,baccarat_bet02_101_all_pairs_incl_sentinel,round_win = game_pnl > 0 (decisive only),COMPATIBILITY_ONLY_NOT_PRODUCTION,103.5234,79.1345,-62.3735,9,7,0.60250627,,0.60250627,0.60250627,62.3735,103.5234,THIN_EXPOSURE,0.0000,-2.4949,4.0000,96.0000,AG03-UNRESOLVED,ALL5_LEVELS_bet23_to_bet27,-2.4949,-2.4949,-3.1187,-3.1187,-3.1187,4.000000,4.000000,5.000000,5.000000,5.000000,96.000000,96.000000,95.000000,95.000000,95.000000,5.0,-14.3459,-13.0887,-48.0276,-49.2849,PENDING_AG03,FALSE,NOT_FOR_ENFORCEMENT,-59.8786,75.9691,-62.3735,-59.8786,-2.4949,-0.60250627,-0.57840602,-2.4949,-59.8786,-0.57840602,-2.4949,-2.4949,-3.1187,-3.1187,-3.1187,-59.8786,-0.57840602,-14.3459,-13.0887,-48.0276,-49.2849,-0.46392982,-0.47607442,-0.02410025,11.5026,11.3049,-8.9105,-62.3735,-12.4747,103.5234,7.0000,,11.5026,4.9297,11.1567,14.4647,22.6766,25.6863,25.6863,5.7081,5.4227,2.302326,2.302326,1.031008,5,5,1,4,0E-8,-0.60250627,,0E-8,0.000000,0.764411,0.000000,,2026-05-09,2026-05-09,1,5,5,1,1.000000,,,0.000000,,,,,,,,GLOBAL_BASELINE_NO_ENTITY_RANKING,,,NOT_APPLICABLE_GLOBAL_BASELINE,HF9g-P5,,,,X 全窗基线 · 不参与实体赏罚,3921216,393,A168_HF9F_20260827_0900,2026-08-27 09:00:00
2026-05-09,149772954,1704,0,25.6862643350,24.4019511183,24.4019511183,1.0000000,1,1,0.50665070000000000,0.506650700000,0.9867858985152569,0.9867858985152569,0.9867858985152569,0E-17,ELIGIBLE,R03b_20260811_FULL_v1,L1_ELIGIBILITY,v2026-08-11,2026-03-21..2026-08-06,baccarat_bet02_101_all_pairs_incl_sentinel,round_win = game_pnl > 0 (decisive only),COMPATIBILITY_ONLY_NOT_PRODUCTION,103.5234,79.1345,-62.3735,9,7,0.60250627,,0.60250627,0.60250627,62.3735,103.5234,THIN_EXPOSURE,0.0000,-2.4949,4.0000,96.0000,AG03-UNRESOLVED,ALL5_LEVELS_bet23_to_bet27,-2.4949,-2.4949,-3.1187,-3.1187,-3.1187,4.000000,4.000000,5.000000,5.000000,5.000000,96.000000,96.000000,95.000000,95.000000,95.000000,5.0,-14.3459,-13.0887,-48.0276,-49.2849,PENDING_AG03,FALSE,NOT_FOR_ENFORCEMENT,-59.8786,75.9691,-62.3735,-59.8786,-2.4949,-0.60250627,-0.57840602,-2.4949,-59.8786,-0.57840602,-2.4949,-2.4949,-3.1187,-3.1187,-3.1187,-59.8786,-0.57840602,-14.3459,-13.0887,-48.0276,-49.2849,-0.46392982,-0.47607442,-0.02410025,11.5026,11.3049,-8.9105,-62.3735,-12.4747,103.5234,7.0000,,11.5026,4.9297,11.1567,14.4647,22.6766,25.6863,25.6863,5.7081,5.4227,2.302326,2.302326,1.031008,5,5,1,4,0E-8,-0.60250627,,0E-8,0.000000,0.764411,0.000000,,2026-05-09,2026-05-09,1,5,5,1,1.000000,,,0.000000,,,,,,,,GLOBAL_BASELINE_NO_ENTITY_RANKING,,,NOT_APPLICABLE_GLOBAL_BASELINE,HF9g-P5,,,,X 全窗基线 · 不参与实体赏罚,3921217,393,A168_HF9F_20260827_0900,2026-08-27 09:00:00
2026-05-09,149772954,2088,0,18.9403767319,17.9933578953,17.9933578953,1.0000000,2,2,0.50665070000000000,0.506650700000,1.3955260008387969,1.3955260008387969,1.3955260008387969,0E-17,ELIGIBLE,R03b_20260811_FULL_v1,L1_ELIGIBILITY,v2026-08-11,2026-03-21..2026-08-06,baccarat_bet02_101_all_pairs_incl_sentinel,round_win = game_pnl > 0 (decisive only),COMPATIBILITY_ONLY_NOT_PRODUCTION,103.5234,79.1345,-62.3735,9,7,0.60250627,,0.60250627,0.60250627,62.3735,103.5234,THIN_EXPOSURE,0.0000,-2.4949,4.0000,96.0000,AG03-UNRESOLVED,ALL5_LEVELS_bet23_to_bet27,-2.4949,-2.4949,-3.1187,-3.1187,-3.1187,4.000000,4.000000,5.000000,5.000000,5.000000,96.000000,96.000000,95.000000,95.000000,95.000000,5.0,-14.3459,-13.0887,-48.0276,-49.2849,PENDING_AG03,FALSE,NOT_FOR_ENFORCEMENT,-59.8786,75.9691,-62.3735,-59.8786,-2.4949,-0.60250627,-0.57840602,-2.4949,-59.8786,-0.57840602,-2.4949,-2.4949,-3.1187,-3.1187,-3.1187,-59.8786,-0.57840602,-14.3459,-13.0887,-48.0276,-49.2849,-0.46392982,-0.47607442,-0.02410025,11.5026,11.3049,-8.9105,-62.3735,-12.4747,103.5234,7.0000,,11.5026,4.9297,11.1567,14.4647,22.6766,25.6863,25.6863,5.7081,5.4227,2.302326,2.302326,1.031008,5,5,1,4,0E-8,-0.60250627,,0E-8,0.000000,0.764411,0.000000,,2026-05-09,2026-05-09,1,5,5,1,1.000000,,,0.000000,,,,,,,,GLOBAL_BASELINE_NO_ENTITY_RANKING,,,NOT_APPLICABLE_GLOBAL_BASELINE,HF9g-P5,,,,X 全窗基线 · 不参与实体赏罚,3921218,393,A168_HF9F_20260827_0900,2026-08-27 09:00:00
2026-05-09,149772954,2196,0,24.3889782575,0E-10,0E-10,,2,2,0.50665070000000000,0.506650700000,,,,0E-17,NO_DECISIVE_ROUND,R03b_20260811_FULL_v1,L1_ELIGIBILITY,v2026-08-11,2026-03-21..2026-08-06,baccarat_bet02_101_all_pairs_incl_sentinel,round_win = game_pnl > 0 (decisive only),COMPATIBILITY_ONLY_NOT_PRODUCTION,103.5234,79.1345,-62.3735,9,7,0.60250627,,0.60250627,0.60250627,62.3735,103.5234,THIN_EXPOSURE,0.0000,-2.4949,4.0000,96.0000,AG03-UNRESOLVED,ALL5_LEVELS_bet23_to_bet27,-2.4949,-2.4949,-3.1187,-3.1187,-3.1187,4.000000,4.000000,5.000000,5.000000,5.000000,96.000000,96.000000,95.000000,95.000000,95.000000,5.0,-14.3459,-13.0887,-48.0276,-49.2849,PENDING_AG03,FALSE,NOT_FOR_ENFORCEMENT,-59.8786,75.9691,-62.3735,-59.8786,-2.4949,-0.60250627,-0.57840602,-2.4949,-59.8786,-0.57840602,-2.4949,-2.4949,-3.1187,-3.1187,-3.1187,-59.8786,-0.57840602,-14.3459,-13.0887,-48.0276,-49.2849,-0.46392982,-0.47607442,-0.02410025,11.5026,11.3049,-8.9105,-62.3735,-12.4747,103.5234,7.0000,,11.5026,4.9297,11.1567,14.4647,22.6766,25.6863,25.6863,5.7081,5.4227,2.302326,2.302326,1.031008,5,5,1,4,0E-8,-0.60250627,,0E-8,0.000000,0.764411,0.000000,,2026-05-09,2026-05-09,1,5,5,1,1.000000,,,0.000000,,,,,,,,GLOBAL_BASELINE_NO_ENTITY_RANKING,,,NOT_APPLICABLE_GLOBAL_BASELINE,HF9g-P5,,,,X 全窗基线 · 不参与实体赏罚,3921219,393,A168_HF9F_20260827_0900,2026-08-27 09:00:00
2026-05-09,149772954,2254,0,11.1566602667,-11.1566602667,-11.1566602667,0E-7,1,1,0.50665070000000000,0.506650700000,-1.013391052207602,-1.013391052207602,-1.013391052207602,0E-17,ELIGIBLE,R03b_20260811_FULL_v1,L1_ELIGIBILITY,v2026-08-11,2026-03-21..2026-08-06,baccarat_bet02_101_all_pairs_incl_sentinel,round_win = game_pnl > 0 (decisive only),COMPATIBILITY_ONLY_NOT_PRODUCTION,103.5234,79.1345,-62.3735,9,7,0.60250627,,0.60250627,0.60250627,62.3735,103.5234,THIN_EXPOSURE,0.0000,-2.4949,4.0000,96.0000,AG03-UNRESOLVED,ALL5_LEVELS_bet23_to_bet27,-2.4949,-2.4949,-3.1187,-3.1187,-3.1187,4.000000,4.000000,5.000000,5.000000,5.000000,96.000000,96.000000,95.000000,95.000000,95.000000,5.0,-14.3459,-13.0887,-48.0276,-49.2849,PENDING_AG03,FALSE,NOT_FOR_ENFORCEMENT,-59.8786,75.9691,-62.3735,-59.8786,-2.4949,-0.60250627,-0.57840602,-2.4949,-59.8786,-0.57840602,-2.4949,-2.4949,-3.1187,-3.1187,-3.1187,-59.8786,-0.57840602,-14.3459,-13.0887,-48.0276,-49.2849,-0.46392982,-0.47607442,-0.02410025,11.5026,11.3049,-8.9105,-62.3735,-12.4747,103.5234,7.0000,,11.5026,4.9297,11.1567,14.4647,22.6766,25.6863,25.6863,5.7081,5.4227,2.302326,2.302326,1.031008,5,5,1,4,0E-8,-0.60250627,,0E-8,0.000000,0.764411,0.000000,,2026-05-09,2026-05-09,1,5,5,1,1.000000,,,0.000000,,,,,,,,GLOBAL_BASELINE_NO_ENTITY_RANKING,,,NOT_APPLICABLE_GLOBAL_BASELINE,HF9g-P5,,,,X 全窗基线 · 不参与实体赏罚,3921220,393,A168_HF9F_20260827_0900,2026-08-27 09:00:00
2026-03-26,107577955,1382,0,23.1094286469,-23.1094286469,-23.1094286469,0E-7,1,1,0.49324550000000000,0.493245500000,-0.9865810262130424,-0.9865810262130424,-0.9865810262130424,0E-17,ELIGIBLE,R03b_20260811_FULL_v1,L1_ELIGIBILITY,v2026-08-11,2026-03-21..2026-08-06,baccarat_bet02_101_all_pairs_incl_sentinel,round_win = game_pnl > 0 (decisive only),COMPATIBILITY_ONLY_NOT_PRODUCTION,256.1817,209.9628,-62.3707,9,9,0.24346267,,0.24346267,0.24346267,62.3707,256.1817,THIN_EXPOSURE,0.0000,-2.4948,4.0000,96.0000,AG03-UNRESOLVED,ALL5_LEVELS_bet23_to_bet27,-2.4948,-2.4948,-2.4948,-3.7422,-3.7422,4.000000,4.000000,4.000000,6.000000,6.000000,96.000000,96.000000,96.000000,94.000000,94.000000,5.0,-14.9690,-13.6122,-47.4017,-48.7584,PENDING_AG03,FALSE,NOT_FOR_ENFORCEMENT,-59.8758,201.5643,-62.3707,-59.8758,-2.4948,-0.24346267,-0.23372417,-2.4948,-59.8758,-0.23372417,-2.4948,-2.4948,-2.4948,-3.7422,-3.7422,-59.8758,-0.23372417,-14.9690,-13.6122,-47.4017,-48.7584,-0.18503163,-0.19032761,-0.00973851,28.4646,23.3292,-6.9301,-15.5927,-6.9301,64.0454,2.2500,,28.4646,12.1311,21.2163,46.2189,60.0845,69.3283,69.3283,17.0767,0.0,3.267696,3.267696,1.341642,9,7,4,3,0E-8,-0.24346267,,0E-8,0.000000,0.819586,0.111111,,2026-03-26,2026-05-08,4,9,9,44,0.090909,,,0.000000,,,,,,,,GLOBAL_BASELINE_NO_ENTITY_RANKING,,,NOT_APPLICABLE_GLOBAL_BASELINE,HF9g-P5,,,,X 全窗基线 · 不参与实体赏罚,3921221,393,A168_HF9F_20260827_0900,2026-08-27 09:00:00
2026-03-26,107577955,1402,0,46.2188572938,0E-10,0E-10,,1,1,0.49324550000000000,0.493245500000,,,,0E-17,NO_DECISIVE_ROUND,R03b_20260811_FULL_v1,L1_ELIGIBILITY,v2026-08-11,2026-03-21..2026-08-06,baccarat_bet02_101_all_pairs_incl_sentinel,round_win = game_pnl > 0 (decisive only),COMPATIBILITY_ONLY_NOT_PRODUCTION,256.1817,209.9628,-62.3707,9,9,0.24346267,,0.24346267,0.24346267,62.3707,256.1817,THIN_EXPOSURE,0.0000,-2.4948,4.0000,96.0000,AG03-UNRESOLVED,ALL5_LEVELS_bet23_to_bet27,-2.4948,-2.4948,-2.4948,-3.7422,-3.7422,4.000000,4.000000,4.000000,6.000000,6.000000,96.000000,96.000000,96.000000,94.000000,94.000000,5.0,-14.9690,-13.6122,-47.4017,-48.7584,PENDING_AG03,FALSE,NOT_FOR_ENFORCEMENT,-59.8758,201.5643,-62.3707,-59.8758,-2.4948,-0.24346267,-0.23372417,-2.4948,-59.8758,-0.23372417,-2.4948,-2.4948,-2.4948,-3.7422,-3.7422,-59.8758,-0.23372417,-14.9690,-13.6122,-47.4017,-48.7584,-0.18503163,-0.19032761,-0.00973851,28.4646,23.3292,-6.9301,-15.5927,-6.9301,64.0454,2.2500,,28.4646,12.1311,21.2163,46.2189,60.0845,69.3283,69.3283,17.0767,0.0,3.267696,3.267696,1.341642,9,7,4,3,0E-8,-0.24346267,,0E-8,0.000000,0.819586,0.111111,,2026-03-26,2026-05-08,4,9,9,44,0.090909,,,0.000000,,,,,,,,GLOBAL_BASELINE_NO_ENTITY_RANKING,,,NOT_APPLICABLE_GLOBAL_BASELINE,HF9g-P5,,,,X 全窗基线 · 不参与实体赏罚,3921222,393,A168_HF9F_20260827_0900,2026-08-27 09:00:00
2026-03-26,107577955,1984,0,46.2188572938,46.2188572938,46.2188572938,1.0000000,1,1,0.49324550000000000,0.493245500000,1.01360149184955,1.01360149184955,1.01360149184955,0E-17,ELIGIBLE,R03b_20260811_FULL_v1,L1_ELIGIBILITY,v2026-08-11,2026-03-21..2026-08-06,baccarat_bet02_101_all_pairs_incl_sentinel,round_win = game_pnl > 0 (decisive only),COMPATIBILITY_ONLY_NOT_PRODUCTION,256.1817,209.9628,-62.3707,9,9,0.24346267,,0.24346267,0.24346267,62.3707,256.1817,THIN_EXPOSURE,0.0000,-2.4948,4.0000,96.0000,AG03-UNRESOLVED,ALL5_LEVELS_bet23_to_bet27,-2.4948,-2.4948,-2.4948,-3.7422,-3.7422,4.000000,4.000000,4.000000,6.000000,6.000000,96.000000,96.000000,96.000000,94.000000,94.000000,5.0,-14.9690,-13.6122,-47.4017,-48.7584,PENDING_AG03,FALSE,NOT_FOR_ENFORCEMENT,-59.8758,201.5643,-62.3707,-59.8758,-2.4948,-0.24346267,-0.23372417,-2.4948,-59.8758,-0.23372417,-2.4948,-2.4948,-2.4948,-3.7422,-3.7422,-59.8758,-0.23372417,-14.9690,-13.6122,-47.4017,-48.7584,-0.18503163,-0.19032761,-0.00973851,28.4646,23.3292,-6.9301,-15.5927,-6.9301,64.0454,2.2500,,28.4646,12.1311,21.2163,46.2189,60.0845,69.3283,69.3283,17.0767,0.0,3.267696,3.267696,1.341642,9,7,4,3,0E-8,-0.24346267,,0E-8,0.000000,0.819586,0.111111,,2026-03-26,2026-05-08,4,9,9,44,0.090909,,,0.000000,,,,,,,,GLOBAL_BASELINE_NO_ENTITY_RANKING,,,NOT_APPLICABLE_GLOBAL_BASELINE,HF9g-P5,,,,X 全窗基线 · 不参与实体赏罚,3921223,393,A168_HF9F_20260827_0900,2026-08-27 09:00:00
2026-03-26,107577955,2232,0,69.3282859407,69.3282859407,69.3282859407,1.0000000,1,1,0.50665070000000000,0.506650700000,0.9867858985152569,0.9867858985152569,0.9867858985152569,0E-17,ELIGIBLE,R03b_20260811_FULL_v1,L1_ELIGIBILITY,v2026-08-11,2026-03-21..2026-08-06,baccarat_bet02_101_all_pairs_incl_sentinel,round_win = game_pnl > 0 (decisive only),COMPATIBILITY_ONLY_NOT_PRODUCTION,256.1817,209.9628,-62.3707,9,9,0.24346267,,0.24346267,0.24346267,62.3707,256.1817,THIN_EXPOSURE,0.0000,-2.4948,4.0000,96.0000,AG03-UNRESOLVED,ALL5_LEVELS_bet23_to_bet27,-2.4948,-2.4948,-2.4948,-3.7422,-3.7422,4.000000,4.000000,4.000000,6.000000,6.000000,96.000000,96.000000,96.000000,94.000000,94.000000,5.0,-14.9690,-13.6122,-47.4017,-48.7584,PENDING_AG03,FALSE,NOT_FOR_ENFORCEMENT,-59.8758,201.5643,-62.3707,-59.8758,-2.4948,-0.24346267,-0.23372417,-2.4948,-59.8758,-0.23372417,-2.4948,-2.4948,-2.4948,-3.7422,-3.7422,-59.8758,-0.23372417,-14.9690,-13.6122,-47.4017,-48.7584,-0.18503163,-0.19032761,-0.00973851,28.4646,23.3292,-6.9301,-15.5927,-6.9301,64.0454,2.2500,,28.4646,12.1311,21.2163,46.2189,60.0845,69.3283,69.3283,17.0767,0.0,3.267696,3.267696,1.341642,9,7,4,3,0E-8,-0.24346267,,0E-8,0.000000,0.819586,0.111111,,2026-03-26,2026-05-08,4,9,9,44,0.090909,,,0.000000,,,,,,,,GLOBAL_BASELINE_NO_ENTITY_RANKING,,,NOT_APPLICABLE_GLOBAL_BASELINE,HF9g-P5,,,,X 全窗基线 · 不参与实体赏罚,3921224,393,A168_HF9F_20260827_0900,2026-08-27 09:00:00
2026-04-19,107577955,-1,1,9.2762422786,9.2762422786,9.2762422786,1.0000000,1,1,0.49324550000000000,0.493245500000,1.01360149184955,1.01360149184955,1.01360149184955,0E-17,SENTINEL_DEALER,R03b_20260811_FULL_v1,L1_ELIGIBILITY,v2026-08-11,2026-03-21..2026-08-06,baccarat_bet02_101_all_pairs_incl_sentinel,round_win = game_pnl > 0 (decisive only),COMPATIBILITY_ONLY_NOT_PRODUCTION,256.1817,209.9628,-62.3707,9,9,0.24346267,,0.24346267,0.24346267,62.3707,256.1817,THIN_EXPOSURE,0.0000,-2.4948,4.0000,96.0000,AG03-UNRESOLVED,ALL5_LEVELS_bet23_to_bet27,-2.4948,-2.4948,-2.4948,-3.7422,-3.7422,4.000000,4.000000,4.000000,6.000000,6.000000,96.000000,96.000000,96.000000,94.000000,94.000000,5.0,-14.9690,-13.6122,-47.4017,-48.7584,PENDING_AG03,FALSE,NOT_FOR_ENFORCEMENT,-59.8758,201.5643,-62.3707,-59.8758,-2.4948,-0.24346267,-0.23372417,-2.4948,-59.8758,-0.23372417,-2.4948,-2.4948,-2.4948,-3.7422,-3.7422,-59.8758,-0.23372417,-14.9690,-13.6122,-47.4017,-48.7584,-0.18503163,-0.19032761,-0.00973851,28.4646,23.3292,-6.9301,-15.5927,-6.9301,64.0454,2.2500,,28.4646,12.1311,21.2163,46.2189,60.0845,69.3283,69.3283,17.0767,0.0,3.267696,3.267696,1.341642,9,7,4,3,0E-8,-0.24346267,,0E-8,0.000000,0.819586,0.111111,,2026-03-26,2026-05-08,4,9,9,44,0.090909,,,0.000000,,,,,,,,GLOBAL_BASELINE_NO_ENTITY_RANKING,,,NOT_APPLICABLE_GLOBAL_BASELINE,HF9g-P5,,,,X 全窗基线 · 不参与实体赏罚,3921225,393,A168_HF9F_20260827_0900,2026-08-27 09:00:00
2026-04-21,107577955,2224,0,17.0767187401,-17.0767187401,-17.0767187401,0E-7,1,1,0.09460280000000000,0.094602800000,-0.32324545095860213,-0.32324545095860213,-0.32324545095860213,0E-17,ELIGIBLE,R03b_20260811_FULL_v1,L1_ELIGIBILITY,v2026-08-11,2026-03-21..2026-08-06,baccarat_bet02_101_all_pairs_incl_sentinel,round_win = game_pnl > 0 (decisive only),COMPATIBILITY_ONLY_NOT_PRODUCTION,256.1817,209.9628,-62.3707,9,9,0.24346267,,0.24346267,0.24346267,62.3707,256.1817,THIN_EXPOSURE,0.0000,-2.4948,4.0000,96.0000,AG03-UNRESOLVED,ALL5_LEVELS_bet23_to_bet27,-2.4948,-2.4948,-2.4948,-3.7422,-3.7422,4.000000,4.000000,4.000000,6.000000,6.000000,96.000000,96.000000,96.000000,94.000000,94.000000,5.0,-14.9690,-13.6122,-47.4017,-48.7584,PENDING_AG03,FALSE,NOT_FOR_ENFORCEMENT,-59.8758,201.5643,-62.3707,-59.8758,-2.4948,-0.24346267,-0.23372417,-2.4948,-59.8758,-0.23372417,-2.4948,-2.4948,-2.4948,-3.7422,-3.7422,-59.8758,-0.23372417,-14.9690,-13.6122,-47.4017,-48.7584,-0.18503163,-0.19032761,-0.00973851,28.4646,23.3292,-6.9301,-15.5927,-6.9301,64.0454,2.2500,,28.4646,12.1311,21.2163,46.2189,60.0845,69.3283,69.3283,17.0767,0.0,3.267696,3.267696,1.341642,9,7,4,3,0E-8,-0.24346267,,0E-8,0.000000,0.819586,0.111111,,2026-03-26,2026-05-08,4,9,9,44,0.090909,,,0.000000,,,,,,,,GLOBAL_BASELINE_NO_ENTITY_RANKING,,,NOT_APPLICABLE_GLOBAL_BASELINE,HF9g-P5,,,,X 全窗基线 · 不参与实体赏罚,3921226,393,A168_HF9F_20260827_0900,2026-08-27 09:00:00
2026-05-08,107577955,-1,1,33.6099149249,-33.6099149249,-33.6099149249,0E-7,2,2,0.49994810000000000,0.499948100000,-1.4140667746232096,-1.4140667746232096,-1.4140667746232096,0E-17,SENTINEL_DEALER,R03b_20260811_FULL_v1,L1_ELIGIBILITY,v2026-08-11,2026-03-21..2026-08-06,baccarat_bet02_101_all_pairs_incl_sentinel,round_win = game_pnl > 0 (decisive only),COMPATIBILITY_ONLY_NOT_PRODUCTION,256.1817,209.9628,-62.3707,9,9,0.24346267,,0.24346267,0.24346267,62.3707,256.1817,THIN_EXPOSURE,0.0000,-2.4948,4.0000,96.0000,AG03-UNRESOLVED,ALL5_LEVELS_bet23_to_bet27,-2.4948,-2.4948,-2.4948,-3.7422,-3.7422,4.000000,4.000000,4.000000,6.000000,6.000000,96.000000,96.000000,96.000000,94.000000,94.000000,5.0,-14.9690,-13.6122,-47.4017,-48.7584,PENDING_AG03,FALSE,NOT_FOR_ENFORCEMENT,-59.8758,201.5643,-62.3707,-59.8758,-2.4948,-0.24346267,-0.23372417,-2.4948,-59.8758,-0.23372417,-2.4948,-2.4948,-2.4948,-3.7422,-3.7422,-59.8758,-0.23372417,-14.9690,-13.6122,-47.4017,-48.7584,-0.18503163,-0.19032761,-0.00973851,28.4646,23.3292,-6.9301,-15.5927,-6.9301,64.0454,2.2500,,28.4646,12.1311,21.2163,46.2189,60.0845,69.3283,69.3283,17.0767,0.0,3.267696,3.267696,1.341642,9,7,4,3,0E-8,-0.24346267,,0E-8,0.000000,0.819586,0.111111,,2026-03-26,2026-05-08,4,9,9,44,0.090909,,,0.000000,,,,,,,,GLOBAL_BASELINE_NO_ENTITY_RANKING,,,NOT_APPLICABLE_GLOBAL_BASELINE,HF9g-P5,,,,X 全窗基线 · 不参与实体赏罚,3921227,393,A168_HF9F_20260827_0900,2026-08-27 09:00:00
2026-05-08,107577955,1405,0,11.3433462872,11.3433462872,11.3433462872,1.0000000,1,1,0.49324550000000000,0.493245500000,1.01360149184955,1.01360149184955,1.01360149184955,0E-17,ELIGIBLE,R03b_20260811_FULL_v1,L1_ELIGIBILITY,v2026-08-11,2026-03-21..2026-08-06,baccarat_bet02_101_all_pairs_incl_sentinel,round_win = game_pnl > 0 (decisive only),COMPATIBILITY_ONLY_NOT_PRODUCTION,256.1817,209.9628,-62.3707,9,9,0.24346267,,0.24346267,0.24346267,62.3707,256.1817,THIN_EXPOSURE,0.0000,-2.4948,4.0000,96.0000,AG03-UNRESOLVED,ALL5_LEVELS_bet23_to_bet27,-2.4948,-2.4948,-2.4948,-3.7422,-3.7422,4.000000,4.000000,4.000000,6.000000,6.000000,96.000000,96.000000,96.000000,94.000000,94.000000,5.0,-14.9690,-13.6122,-47.4017,-48.7584,PENDING_AG03,FALSE,NOT_FOR_ENFORCEMENT,-59.8758,201.5643,-62.3707,-59.8758,-2.4948,-0.24346267,-0.23372417,-2.4948,-59.8758,-0.23372417,-2.4948,-2.4948,-2.4948,-3.7422,-3.7422,-59.8758,-0.23372417,-14.9690,-13.6122,-47.4017,-48.7584,-0.18503163,-0.19032761,-0.00973851,28.4646,23.3292,-6.9301,-15.5927,-6.9301,64.0454,2.2500,,28.4646,12.1311,21.2163,46.2189,60.0845,69.3283,69.3283,17.0767,0.0,3.267696,3.267696,1.341642,9,7,4,3,0E-8,-0.24346267,,0E-8,0.000000,0.819586,0.111111,,2026-03-26,2026-05-08,4,9,9,44,0.090909,,,0.000000,,,,,,,,GLOBAL_BASELINE_NO_ENTITY_RANKING,,,NOT_APPLICABLE_GLOBAL_BASELINE,HF9g-P5,,,,X 全窗基线 · 不参与实体赏罚,3921228,393,A168_HF9F_20260827_0900,2026-08-27 09:00:00
2026-04-17,148777944,-1,1,3.9263932152,-3.9263932152,-3.9263932152,0E-7,1,1,0.50665070000000000,0.506650700000,-1.013391052207602,-1.013391052207602,-1.013391052207602,0E-17,SENTINEL_DEALER,R03b_20260811_FULL_v1,L1_ELIGIBILITY,v2026-08-11,2026-03-21..2026-08-06,baccarat_bet02_101_all_pairs_incl_sentinel,round_win = game_pnl > 0 (decisive only),COMPATIBILITY_ONLY_NOT_PRODUCTION,92.1418,92.1418,-62.3649,25,13,0.67683607,,0.67683607,0.67683607,62.3649,92.1418,THIN_EXPOSURE,0.0000,-2.4946,4.0000,96.0000,AG03-UNRESOLVED,ALL5_LEVELS_bet23_to_bet27,-2.4946,-2.4946,-2.4946,-3.7419,-3.7419,4.000000,4.000000,4.000000,6.000000,6.000000,96.000000,96.000000,96.000000,94.000000,94.000000,5.0,-14.9676,-13.611,-47.3973,-48.754,PENDING_AG03,FALSE,NOT_FOR_ENFORCEMENT,-59.8703,88.4562,-62.3649,-59.8703,-2.4946,-0.67683607,-0.64976263,-2.4946,-59.8703,-0.64976263,-2.4946,-2.4946,-2.4946,-3.7419,-3.7419,-59.8703,-0.64976263,-14.9676,-13.611,-47.3973,-48.754,-0.51439541,-0.52911845,-0.02707344,3.6857,7.0878,-4.7973,-31.1825,-31.1825,46.0709,6.5000,,3.6857,2.5946,2.5946,2.5946,7.7837,11.0269,12.9729,2.5946,-2.5946,4.25,5.0,1.420532,2,2,2,4,0E-8,-0.67683607,,0E-8,0.000000,1.000000,0.000000,,2026-04-17,2026-05-01,2,2,2,15,0.133333,,,0.000000,,,,,,,,GLOBAL_BASELINE_NO_ENTITY_RANKING,,,NOT_APPLICABLE_GLOBAL_BASELINE,HF9g-P5,,,,X 全窗基线 · 不参与实体赏罚,3921229,393,A168_HF9F_20260827_0900,2026-08-27 09:00:00
2026-05-01,148777944,595,0,88.2154532728,66.2913185609,66.2913185609,0.5000000,24,12,0.15561775055529387,0.134318361111,3.291033228845011,3.7148987587688382,3.291033228845011,0.02129938944429387,ELIGIBLE,R03b_20260811_FULL_v1,L1_ELIGIBILITY,v2026-08-11,2026-03-21..2026-08-06,baccarat_bet02_101_all_pairs_incl_sentinel,round_win = game_pnl > 0 (decisive only),COMPATIBILITY_ONLY_NOT_PRODUCTION,92.1418,92.1418,-62.3649,25,13,0.67683607,,0.67683607,0.67683607,62.3649,92.1418,THIN_EXPOSURE,0.0000,-2.4946,4.0000,96.0000,AG03-UNRESOLVED,ALL5_LEVELS_bet23_to_bet27,-2.4946,-2.4946,-2.4946,-3.7419,-3.7419,4.000000,4.000000,4.000000,6.000000,6.000000,96.000000,96.000000,96.000000,94.000000,94.000000,5.0,-14.9676,-13.611,-47.3973,-48.754,PENDING_AG03,FALSE,NOT_FOR_ENFORCEMENT,-59.8703,88.4562,-62.3649,-59.8703,-2.4946,-0.67683607,-0.64976263,-2.4946,-59.8703,-0.64976263,-2.4946,-2.4946,-2.4946,-3.7419,-3.7419,-59.8703,-0.64976263,-14.9676,-13.611,-47.3973,-48.754,-0.51439541,-0.52911845,-0.02707344,3.6857,7.0878,-4.7973,-31.1825,-31.1825,46.0709,6.5000,,3.6857,2.5946,2.5946,2.5946,7.7837,11.0269,12.9729,2.5946,-2.5946,4.25,5.0,1.420532,2,2,2,4,0E-8,-0.67683607,,0E-8,0.000000,1.000000,0.000000,,2026-04-17,2026-05-01,2,2,2,15,0.133333,,,0.000000,,,,,,,,GLOBAL_BASELINE_NO_ENTITY_RANKING,,,NOT_APPLICABLE_GLOBAL_BASELINE,HF9g-P5,,,,X 全窗基线 · 不参与实体赏罚,3921230,393,A168_HF9F_20260827_0900,2026-08-27 09:00:00
2026-07-10,134493944,1714,0,44.6647561511,14.6644979734,14.6644979734,0.5000000,4,4,0.38134545000000000,0.381345450000,0.4885747315551754,0.4885747315551754,0.4885747315551754,0E-17,ELIGIBLE,R03b_20260811_FULL_v1,L1_ELIGIBILITY,v2026-08-11,2026-03-21..2026-08-06,baccarat_bet02_101_all_pairs_incl_sentinel,round_win = game_pnl > 0 (decisive only),COMPATIBILITY_ONLY_NOT_PRODUCTION,146.9032,144.3214,-62.3628,12,12,0.42451670,0.42451670,,0.42451670,62.3628,146.9032,THIN_EXPOSURE,0.0000,-2.4945,4.0000,96.0000,AG03-UNRESOLVED,ALL5_LEVELS_bet23_to_bet27,-2.4945,-2.4945,-3.1181,-3.1181,-3.1181,4.000000,4.000000,5.000000,5.000000,5.000000,96.000000,96.000000,95.000000,95.000000,95.000000,5.0,-14.3435,-13.0864,-48.0194,-49.2764,PENDING_AG03,FALSE,NOT_FOR_ENFORCEMENT,-59.8683,138.5485,-62.3628,-59.8683,-2.4945,-0.42451670,-0.40753603,-2.4945,-59.8683,-0.40753603,-2.4945,-2.4945,-3.1181,-3.1181,-3.1181,-59.8683,-0.40753603,-14.3435,-13.0864,-48.0194,-49.2764,-0.32687786,-0.33543475,-0.01698067,12.2419,12.0268,-5.1969,-62.3628,-31.1814,146.9032,12.0000,12.2419,,10.3271,11.8762,16.2652,19.5957,21.6095,21.9451,11.8762,9.8108,1.819565,1.847826,1.030797,2,3,1,3,1.00000000,-0.42451670,-0.42451670,0E-8,0.000000,0.982425,0.000000,,2026-07-10,2026-07-10,1,2,2,1,1.000000,,1.000000,3.333333,,,,,,,,GLOBAL_BASELINE_NO_ENTITY_RANKING,,,NOT_APPLICABLE_GLOBAL_BASELINE,HF9g-P5,,,,X 全窗基线 · 不参与实体赏罚,3921231,393,A168_HF9F_20260827_0900,2026-08-27 09:00:00
2026-07-10,134493944,529,0,51.8937340252,47.6983450804,47.6983450804,1.0000000,4,4,0.49994810000000000,0.499948100000,1.7322306037746105,1.7322306037746105,1.7322306037746105,0E-17,ELIGIBLE,R03b_20260811_FULL_v1,L1_ELIGIBILITY,v2026-08-11,2026-03-21..2026-08-06,baccarat_bet02_101_all_pairs_incl_sentinel,round_win = game_pnl > 0 (decisive only),COMPATIBILITY_ONLY_NOT_PRODUCTION,146.9032,144.3214,-62.3628,12,12,0.42451670,0.42451670,,0.42451670,62.3628,146.9032,THIN_EXPOSURE,0.0000,-2.4945,4.0000,96.0000,AG03-UNRESOLVED,ALL5_LEVELS_bet23_to_bet27,-2.4945,-2.4945,-3.1181,-3.1181,-3.1181,4.000000,4.000000,5.000000,5.000000,5.000000,96.000000,96.000000,95.000000,95.000000,95.000000,5.0,-14.3435,-13.0864,-48.0194,-49.2764,PENDING_AG03,FALSE,NOT_FOR_ENFORCEMENT,-59.8683,138.5485,-62.3628,-59.8683,-2.4945,-0.42451670,-0.40753603,-2.4945,-59.8683,-0.40753603,-2.4945,-2.4945,-3.1181,-3.1181,-3.1181,-59.8683,-0.40753603,-14.3435,-13.0864,-48.0194,-49.2764,-0.32687786,-0.33543475,-0.01698067,12.2419,12.0268,-5.1969,-62.3628,-31.1814,146.9032,12.0000,12.2419,,10.3271,11.8762,16.2652,19.5957,21.6095,21.9451,11.8762,9.8108,1.819565,1.847826,1.030797,2,3,1,3,1.00000000,-0.42451670,-0.42451670,0E-8,0.000000,0.982425,0.000000,,2026-07-10,2026-07-10,1,2,2,1,1.000000,,1.000000,3.333333,,,,,,,,GLOBAL_BASELINE_NO_ENTITY_RANKING,,,NOT_APPLICABLE_GLOBAL_BASELINE,HF9g-P5,,,,X 全窗基线 · 不参与实体赏罚,3921232,393,A168_HF9F_20260827_0900,2026-08-27 09:00:00
2026-07-10,134493944,919,0,50.3446673379,0E-10,0E-10,0.5000000,4,4,0.49994810000000000,0.499948100000,0.00020760000111838688,0.00020760000111838688,0.00020760000111838688,0E-17,ELIGIBLE,R03b_20260811_FULL_v1,L1_ELIGIBILITY,v2026-08-11,2026-03-21..2026-08-06,baccarat_bet02_101_all_pairs_incl_sentinel,round_win = game_pnl > 0 (decisive only),COMPATIBILITY_ONLY_NOT_PRODUCTION,146.9032,144.3214,-62.3628,12,12,0.42451670,0.42451670,,0.42451670,62.3628,146.9032,THIN_EXPOSURE,0.0000,-2.4945,4.0000,96.0000,AG03-UNRESOLVED,ALL5_LEVELS_bet23_to_bet27,-2.4945,-2.4945,-3.1181,-3.1181,-3.1181,4.000000,4.000000,5.000000,5.000000,5.000000,96.000000,96.000000,95.000000,95.000000,95.000000,5.0,-14.3435,-13.0864,-48.0194,-49.2764,PENDING_AG03,FALSE,NOT_FOR_ENFORCEMENT,-59.8683,138.5485,-62.3628,-59.8683,-2.4945,-0.42451670,-0.40753603,-2.4945,-59.8683,-0.40753603,-2.4945,-2.4945,-3.1181,-3.1181,-3.1181,-59.8683,-0.40753603,-14.3435,-13.0864,-48.0194,-49.2764,-0.32687786,-0.33543475,-0.01698067,12.2419,12.0268,-5.1969,-62.3628,-31.1814,146.9032,12.0000,12.2419,,10.3271,11.8762,16.2652,19.5957,21.6095,21.9451,11.8762,9.8108,1.819565,1.847826,1.030797,2,3,1,3,1.00000000,-0.42451670,-0.42451670,0E-8,0.000000,0.982425,0.000000,,2026-07-10,2026-07-10,1,2,2,1,1.000000,,1.000000,3.333333,,,,,,,,GLOBAL_BASELINE_NO_ENTITY_RANKING,,,NOT_APPLICABLE_GLOBAL_BASELINE,HF9g-P5,,,,X 全窗基线 · 不参与实体赏罚,3921233,393,A168_HF9F_20260827_0900,2026-08-27 09:00:00
2026-07-15,153055852,1210,0,92.9440012392,2.7108667028,2.7108667028,0.5000000,2,2,0.50665070000000000,0.506650700000,-0.018812684590367487,-0.018812684590367487,-0.018812684590367487,0E-17,ELIGIBLE,R03b_20260811_FULL_v1,L1_ELIGIBILITY,v2026-08-11,2026-03-21..2026-08-06,baccarat_bet02_101_all_pairs_incl_sentinel,round_win = game_pnl > 0 (decisive only),COMPATIBILITY_ONLY_NOT_PRODUCTION,319.6241,270.8285,-62.3628,11,10,0.19511309,0.19511309,,0.19511309,62.3628,319.6241,THIN_EXPOSURE,0.0000,-2.4945,4.0000,96.0000,AG03-UNRESOLVED,ALL5_LEVELS_bet23_to_bet27,-2.4945,-2.4945,-2.4945,-3.1181,-3.1181,4.000000,4.000000,4.000000,5.000000,5.000000,96.000000,96.000000,96.000000,95.000000,95.000000,5.0,-13.7198,-12.5677,-48.6430,-49.7951,PENDING_AG03,FALSE,NOT_FOR_ENFORCEMENT,-59.8683,259.9954,-62.3628,-59.8683,-2.4945,-0.19511309,-0.18730856,-2.4945,-59.8683,-0.18730856,-2.4945,-2.4945,-2.4945,-3.1181,-3.1181,-59.8683,-0.18730856,-13.7198,-12.5677,-48.6430,-49.7951,-0.15218821,-0.15579277,-0.00780452,29.0567,27.0828,-6.2363,-62.3628,-20.7876,319.6241,10.0000,29.0567,,11.618,28.3996,43.1802,50.0865,51.5065,51.6356,25.8178,0.0,1.813636,1.818182,1.023141,3,4,1,3,1.00000000,-0.19511309,-0.19511309,0E-8,0.000000,0.847334,0.000000,,2026-07-15,2026-07-15,1,3,3,1,1.000000,,1.000000,3.333333,,,,,,,,GLOBAL_BASELINE_NO_ENTITY_RANKING,,,NOT_APPLICABLE_GLOBAL_BASELINE,HF9g-P5,,,,X 全窗基线 · 不参与实体赏罚,3921234,393,A168_HF9F_20260827_0900,2026-08-27 09:00:00
2026-07-15,153055852,1325,0,115.6636459866,13.1799757313,13.1799757313,0.5000000,4,4,0.50665070000000000,0.506650700000,-0.018812684590367487,-0.018812684590367487,-0.018812684590367487,0E-17,ELIGIBLE,R03b_20260811_FULL_v1,L1_ELIGIBILITY,v2026-08-11,2026-03-21..2026-08-06,baccarat_bet02_101_all_pairs_incl_sentinel,round_win = game_pnl > 0 (decisive only),COMPATIBILITY_ONLY_NOT_PRODUCTION,319.6241,270.8285,-62.3628,11,10,0.19511309,0.19511309,,0.19511309,62.3628,319.6241,THIN_EXPOSURE,0.0000,-2.4945,4.0000,96.0000,AG03-UNRESOLVED,ALL5_LEVELS_bet23_to_bet27,-2.4945,-2.4945,-2.4945,-3.1181,-3.1181,4.000000,4.000000,4.000000,5.000000,5.000000,96.000000,96.000000,96.000000,95.000000,95.000000,5.0,-13.7198,-12.5677,-48.6430,-49.7951,PENDING_AG03,FALSE,NOT_FOR_ENFORCEMENT,-59.8683,259.9954,-62.3628,-59.8683,-2.4945,-0.19511309,-0.18730856,-2.4945,-59.8683,-0.18730856,-2.4945,-2.4945,-2.4945,-3.1181,-3.1181,-59.8683,-0.18730856,-13.7198,-12.5677,-48.6430,-49.7951,-0.15218821,-0.15579277,-0.00780452,29.0567,27.0828,-6.2363,-62.3628,-20.7876,319.6241,10.0000,29.0567,,11.618,28.3996,43.1802,50.0865,51.5065,51.6356,25.8178,0.0,1.813636,1.818182,1.023141,3,4,1,3,1.00000000,-0.19511309,-0.19511309,0E-8,0.000000,0.847334,0.000000,,2026-07-15,2026-07-15,1,3,3,1,1.000000,,1.000000,3.333333,,,,,,,,GLOBAL_BASELINE_NO_ENTITY_RANKING,,,NOT_APPLICABLE_GLOBAL_BASELINE,HF9g-P5,,,,X 全窗基线 · 不参与实体赏罚,3921235,393,A168_HF9F_20260827_0900,2026-08-27 09:00:00
2026-07-15,153055852,2142,0,15.4906668732,-15.4906668732,-15.4906668732,0E-7,1,1,0.49324550000000000,0.493245500000,-0.9865810262130424,-0.9865810262130424,-0.9865810262130424,0E-17,ELIGIBLE,R03b_20260811_FULL_v1,L1_ELIGIBILITY,v2026-08-11,2026-03-21..2026-08-06,baccarat_bet02_101_all_pairs_incl_sentinel,round_win = game_pnl > 0 (decisive only),COMPATIBILITY_ONLY_NOT_PRODUCTION,319.6241,270.8285,-62.3628,11,10,0.19511309,0.19511309,,0.19511309,62.3628,319.6241,THIN_EXPOSURE,0.0000,-2.4945,4.0000,96.0000,AG03-UNRESOLVED,ALL5_LEVELS_bet23_to_bet27,-2.4945,-2.4945,-2.4945,-3.1181,-3.1181,4.000000,4.000000,4.000000,5.000000,5.000000,96.000000,96.000000,96.000000,95.000000,95.000000,5.0,-13.7198,-12.5677,-48.6430,-49.7951,PENDING_AG03,FALSE,NOT_FOR_ENFORCEMENT,-59.8683,259.9954,-62.3628,-59.8683,-2.4945,-0.19511309,-0.18730856,-2.4945,-59.8683,-0.18730856,-2.4945,-2.4945,-2.4945,-3.1181,-3.1181,-59.8683,-0.18730856,-13.7198,-12.5677,-48.6430,-49.7951,-0.15218821,-0.15579277,-0.00780452,29.0567,27.0828,-6.2363,-62.3628,-20.7876,319.6241,10.0000,29.0567,,11.618,28.3996,43.1802,50.0865,51.5065,51.6356,25.8178,0.0,1.813636,1.818182,1.023141,3,4,1,3,1.00000000,-0.19511309,-0.19511309,0E-8,0.000000,0.847334,0.000000,,2026-07-15,2026-07-15,1,3,3,1,1.000000,,1.000000,3.333333,,,,,,,,GLOBAL_BASELINE_NO_ENTITY_RANKING,,,NOT_APPLICABLE_GLOBAL_BASELINE,HF9g-P5,,,,X 全窗基线 · 不参与实体赏罚,3921236,393,A168_HF9F_20260827_0900,2026-08-27 09:00:00
2026-07-15,153055852,2170,0,95.5257790514,61.9626674928,61.9626674928,0.6666667,4,3,0.45342026666666667,0.431273450000,0.7419337193844407,0.8232399886073292,0.7419337193844407,0.02214681666666667,ELIGIBLE,R03b_20260811_FULL_v1,L1_ELIGIBILITY,v2026-08-11,2026-03-21..2026-08-06,baccarat_bet02_101_all_pairs_incl_sentinel,round_win = game_pnl > 0 (decisive only),COMPATIBILITY_ONLY_NOT_PRODUCTION,319.6241,270.8285,-62.3628,11,10,0.19511309,0.19511309,,0.19511309,62.3628,319.6241,THIN_EXPOSURE,0.0000,-2.4945,4.0000,96.0000,AG03-UNRESOLVED,ALL5_LEVELS_bet23_to_bet27,-2.4945,-2.4945,-2.4945,-3.1181,-3.1181,4.000000,4.000000,4.000000,5.000000,5.000000,96.000000,96.000000,96.000000,95.000000,95.000000,5.0,-13.7198,-12.5677,-48.6430,-49.7951,PENDING_AG03,FALSE,NOT_FOR_ENFORCEMENT,-59.8683,259.9954,-62.3628,-59.8683,-2.4945,-0.19511309,-0.18730856,-2.4945,-59.8683,-0.18730856,-2.4945,-2.4945,-2.4945,-3.1181,-3.1181,-59.8683,-0.18730856,-13.7198,-12.5677,-48.6430,-49.7951,-0.15218821,-0.15579277,-0.00780452,29.0567,27.0828,-6.2363,-62.3628,-20.7876,319.6241,10.0000,29.0567,,11.618,28.3996,43.1802,50.0865,51.5065,51.6356,25.8178,0.0,1.813636,1.818182,1.023141,3,4,1,3,1.00000000,-0.19511309,-0.19511309,0E-8,0.000000,0.847334,0.000000,,2026-07-15,2026-07-15,1,3,3,1,1.000000,,1.000000,3.333333,,,,,,,,GLOBAL_BASELINE_NO_ENTITY_RANKING,,,NOT_APPLICABLE_GLOBAL_BASELINE,HF9g-P5,,,,X 全窗基线 · 不参与实体赏罚,3921237,393,A168_HF9F_20260827_0900,2026-08-27 09:00:00
2026-04-14,119846314,1402,0,26.1759547680,26.1759547680,26.1759547680,1.0000000,3,3,0.49324550000000000,0.493245500000,1.755609282511032,1.7556092825110319,1.755609282511032,0E-17,ELIGIBLE,R03b_20260811_FULL_v1,L1_ELIGIBILITY,v2026-08-11,2026-03-21..2026-08-06,baccarat_bet02_101_all_pairs_incl_sentinel,round_win = game_pnl > 0 (decisive only),COMPATIBILITY_ONLY_NOT_PRODUCTION,177.0756,177.0756,-62.3618,10,10,0.35217635,,0.35217635,0.35217635,62.3618,177.0756,THIN_EXPOSURE,0.0000,-2.4945,4.0000,96.0000,AG03-UNRESOLVED,ALL5_LEVELS_bet23_to_bet27,-2.4945,-2.4945,-2.4945,-2.4945,-2.4945,4.000000,4.000000,4.000000,4.000000,4.000000,96.000000,96.000000,96.000000,96.000000,96.000000,5.0,-12.4724,-11.5137,-49.8895,-50.8481,PENDING_AG03,FALSE,NOT_FOR_ENFORCEMENT,-59.8674,169.9925,-62.3618,-59.8674,-2.4945,-0.35217635,-0.33808930,-2.4945,-59.8674,-0.33808930,-2.4945,-2.4945,-2.4945,-2.4945,-2.4945,-59.8674,-0.33808930,-12.4724,-11.5137,-49.8895,-50.8481,-0.28174108,-0.28715498,-0.01408705,17.7076,17.7076,-6.2362,-31.1809,-31.1809,88.5378,5.0000,,17.7076,10.4704,18.3232,25.9457,25.9457,25.9457,25.9457,18.3232,9.1616,1.416006,1.416006,0.966403,2,3,2,2,0E-8,-0.35217635,,0E-8,0.000000,1.000000,0.000000,,2026-04-14,2026-05-19,2,2,2,36,0.055556,,,0.000000,,,,,,,,GLOBAL_BASELINE_NO_ENTITY_RANKING,,,NOT_APPLICABLE_GLOBAL_BASELINE,HF9g-P5,,,,X 全窗基线 · 不参与实体赏罚,3921238,393,A168_HF9F_20260827_0900,2026-08-27 09:00:00
2026-04-14,119846314,1994,0,47.1167185824,-15.7055728608,-15.7055728608,0.3333333,3,3,0.50218230000000000,0.502182300000,-0.5849155494134425,-0.5849155494134426,-0.5849155494134425,0E-17,ELIGIBLE,R03b_20260811_FULL_v1,L1_ELIGIBILITY,v2026-08-11,2026-03-21..2026-08-06,baccarat_bet02_101_all_pairs_incl_sentinel,round_win = game_pnl > 0 (decisive only),COMPATIBILITY_ONLY_NOT_PRODUCTION,177.0756,177.0756,-62.3618,10,10,0.35217635,,0.35217635,0.35217635,62.3618,177.0756,THIN_EXPOSURE,0.0000,-2.4945,4.0000,96.0000,AG03-UNRESOLVED,ALL5_LEVELS_bet23_to_bet27,-2.4945,-2.4945,-2.4945,-2.4945,-2.4945,4.000000,4.000000,4.000000,4.000000,4.000000,96.000000,96.000000,96.000000,96.000000,96.000000,5.0,-12.4724,-11.5137,-49.8895,-50.8481,PENDING_AG03,FALSE,NOT_FOR_ENFORCEMENT,-59.8674,169.9925,-62.3618,-59.8674,-2.4945,-0.35217635,-0.33808930,-2.4945,-59.8674,-0.33808930,-2.4945,-2.4945,-2.4945,-2.4945,-2.4945,-59.8674,-0.33808930,-12.4724,-11.5137,-49.8895,-50.8481,-0.28174108,-0.28715498,-0.01408705,17.7076,17.7076,-6.2362,-31.1809,-31.1809,88.5378,5.0000,,17.7076,10.4704,18.3232,25.9457,25.9457,25.9457,25.9457,18.3232,9.1616,1.416006,1.416006,0.966403,2,3,2,2,0E-8,-0.35217635,,0E-8,0.000000,1.000000,0.000000,,2026-04-14,2026-05-19,2,2,2,36,0.055556,,,0.000000,,,,,,,,GLOBAL_BASELINE_NO_ENTITY_RANKING,,,NOT_APPLICABLE_GLOBAL_BASELINE,HF9g-P5,,,,X 全窗基线 · 不参与实体赏罚,3921239,393,A168_HF9F_20260827_0900,2026-08-27 09:00:00
2026-05-19,119846314,1405,0,103.7828862020,51.8914431010,51.8914431010,0.7500000,4,4,0.49324550000000000,0.493245500000,1.0271117246678039,1.0271117246678039,1.0271117246678039,0E-17,ELIGIBLE,R03b_20260811_FULL_v1,L1_ELIGIBILITY,v2026-08-11,2026-03-21..2026-08-06,baccarat_bet02_101_all_pairs_incl_sentinel,round_win = game_pnl > 0 (decisive only),COMPATIBILITY_ONLY_NOT_PRODUCTION,177.0756,177.0756,-62.3618,10,10,0.35217635,,0.35217635,0.35217635,62.3618,177.0756,THIN_EXPOSURE,0.0000,-2.4945,4.0000,96.0000,AG03-UNRESOLVED,ALL5_LEVELS_bet23_to_bet27,-2.4945,-2.4945,-2.4945,-2.4945,-2.4945,4.000000,4.000000,4.000000,4.000000,4.000000,96.000000,96.000000,96.000000,96.000000,96.000000,5.0,-12.4724,-11.5137,-49.8895,-50.8481,PENDING_AG03,FALSE,NOT_FOR_ENFORCEMENT,-59.8674,169.9925,-62.3618,-59.8674,-2.4945,-0.35217635,-0.33808930,-2.4945,-59.8674,-0.33808930,-2.4945,-2.4945,-2.4945,-2.4945,-2.4945,-59.8674,-0.33808930,-12.4724,-11.5137,-49.8895,-50.8481,-0.28174108,-0.28715498,-0.01408705,17.7076,17.7076,-6.2362,-31.1809,-31.1809,88.5378,5.0000,,17.7076,10.4704,18.3232,25.9457,25.9457,25.9457,25.9457,18.3232,9.1616,1.416006,1.416006,0.966403,2,3,2,2,0E-8,-0.35217635,,0E-8,0.000000,1.000000,0.000000,,2026-04-14,2026-05-19,2,2,2,36,0.055556,,,0.000000,,,,,,,,GLOBAL_BASELINE_NO_ENTITY_RANKING,,,NOT_APPLICABLE_GLOBAL_BASELINE,HF9g-P5,,,,X 全窗基线 · 不参与实体赏罚,3921240,393,A168_HF9F_20260827_0900,2026-08-27 09:00:00
2026-06-15,151536095,1306,0,30.8586417054,61.7172834109,61.7172834109,0.3333333,3,3,0.09460280000000000,0.094602800000,1.4128531583652364,1.4128531583652364,1.4128531583652364,0E-17,ELIGIBLE,R03b_20260811_FULL_v1,L1_ELIGIBILITY,v2026-08-11,2026-03-21..2026-08-06,baccarat_bet02_101_all_pairs_incl_sentinel,round_win = game_pnl > 0 (decisive only),COMPATIBILITY_ONLY_NOT_PRODUCTION,30.8586,30.8586,-61.7173,3,3,2.00000000,,2.00000000,2.00000000,61.7173,30.8586,THIN_EXPOSURE,0.0000,-1.8515,3.0000,97.0000,AG03-UNRESOLVED,ALL5_LEVELS_bet23_to_bet27,-1.8515,-1.8515,-1.8515,-2.4687,-2.4687,3.000000,3.000000,3.000000,4.000000,4.000000,97.000000,97.000000,97.000000,96.000000,96.000000,5.0,-10.4919,-9.8057,-51.2253,-51.9116,PENDING_AG03,FALSE,NOT_FOR_ENFORCEMENT,-59.8658,29.9329,-61.7173,-59.8658,-1.8515,-2.00000000,-1.94000000,-1.8515,-59.8658,-1.94000000,-1.8515,-1.8515,-1.8515,-2.4687,-2.4687,-59.8658,-1.94000000,-10.4919,-9.8057,-51.2253,-51.9116,-1.66000000,-1.68223887,-0.06000000,10.2862,10.2862,-20.5724,-61.7173,-61.7173,30.8586,3.0000,,10.2862,10.2862,10.2862,10.2862,10.2862,10.2862,10.2862,10.2862,-10.2862,1.0,1.0,1.0,1,1,1,1,0E-8,-2.00000000,,0E-8,0.000000,1.000000,0.000000,,2026-06-15,2026-06-15,1,1,1,1,1.000000,,,0.000000,,,,,,,,GLOBAL_BASELINE_NO_ENTITY_RANKING,,,NOT_APPLICABLE_GLOBAL_BASELINE,HF9g-P5,,,,X 全窗基线 · 不参与实体赏罚,3921241,393,A168_HF9F_20260827_0900,2026-08-27 09:00:00
2026-06-04,151001709,1401,0,41.1448556073,41.1448556073,41.1448556073,1.0000000,1,1,0.49324550000000000,0.493245500000,1.01360149184955,1.01360149184955,1.01360149184955,0E-17,ELIGIBLE,R03b_20260811_FULL_v1,L1_ELIGIBILITY,v2026-08-11,2026-03-21..2026-08-06,baccarat_bet02_101_all_pairs_incl_sentinel,round_win = game_pnl > 0 (decisive only),COMPATIBILITY_ONLY_NOT_PRODUCTION,61.7173,61.7173,-61.7173,2,2,1.00000000,,1.00000000,1.00000000,61.7173,61.7173,THIN_EXPOSURE,0.0000,-1.8515,3.0000,97.0000,AG03-UNRESOLVED,ALL5_LEVELS_bet23_to_bet27,-1.8515,-1.8515,-1.8515,-2.4687,-2.4687,3.000000,3.000000,3.000000,4.000000,4.000000,97.000000,97.000000,97.000000,96.000000,96.000000,5.0,-10.4919,-9.8057,-51.2253,-51.9116,PENDING_AG03,FALSE,NOT_FOR_ENFORCEMENT,-59.8658,59.8658,-61.7173,-59.8658,-1.8515,-1.00000000,-0.97000000,-1.8515,-59.8658,-0.97000000,-1.8515,-1.8515,-1.8515,-2.4687,-2.4687,-59.8658,-0.97000000,-10.4919,-9.8057,-51.2253,-51.9116,-0.83000000,-0.84111944,-0.03000000,30.8586,30.8586,-30.8586,-61.7173,-30.8586,61.7173,2.0000,,30.8586,20.5724,30.8586,41.1449,41.1449,41.1449,41.1449,30.8586,30.8586,1.333333,1.333333,1.0,2,2,1,1,0E-8,-1.00000000,,0E-8,0.000000,1.000000,0.000000,,2026-06-04,2026-06-04,1,2,2,1,1.000000,,,0.000000,,,,,,,,GLOBAL_BASELINE_NO_ENTITY_RANKING,,,NOT_APPLICABLE_GLOBAL_BASELINE,HF9g-P5,,,,X 全窗基线 · 不参与实体赏罚,3921242,393,A168_HF9F_20260827_0900,2026-08-27 09:00:00
2026-06-04,151001709,2145,0,20.5724278036,20.5724278036,20.5724278036,1.0000000,1,1,0.49324550000000000,0.493245500000,1.01360149184955,1.01360149184955,1.01360149184955,0E-17,ELIGIBLE,R03b_20260811_FULL_v1,L1_ELIGIBILITY,v2026-08-11,2026-03-21..2026-08-06,baccarat_bet02_101_all_pairs_incl_sentinel,round_win = game_pnl > 0 (decisive only),COMPATIBILITY_ONLY_NOT_PRODUCTION,61.7173,61.7173,-61.7173,2,2,1.00000000,,1.00000000,1.00000000,61.7173,61.7173,THIN_EXPOSURE,0.0000,-1.8515,3.0000,97.0000,AG03-UNRESOLVED,ALL5_LEVELS_bet23_to_bet27,-1.8515,-1.8515,-1.8515,-2.4687,-2.4687,3.000000,3.000000,3.000000,4.000000,4.000000,97.000000,97.000000,97.000000,96.000000,96.000000,5.0,-10.4919,-9.8057,-51.2253,-51.9116,PENDING_AG03,FALSE,NOT_FOR_ENFORCEMENT,-59.8658,59.8658,-61.7173,-59.8658,-1.8515,-1.00000000,-0.97000000,-1.8515,-59.8658,-0.97000000,-1.8515,-1.8515,-1.8515,-2.4687,-2.4687,-59.8658,-0.97000000,-10.4919,-9.8057,-51.2253,-51.9116,-0.83000000,-0.84111944,-0.03000000,30.8586,30.8586,-30.8586,-61.7173,-30.8586,61.7173,2.0000,,30.8586,20.5724,30.8586,41.1449,41.1449,41.1449,41.1449,30.8586,30.8586,1.333333,1.333333,1.0,2,2,1,1,0E-8,-1.00000000,,0E-8,0.000000,1.000000,0.000000,,2026-06-04,2026-06-04,1,2,2,1,1.000000,,,0.000000,,,,,,,,GLOBAL_BASELINE_NO_ENTITY_RANKING,,,NOT_APPLICABLE_GLOBAL_BASELINE,HF9g-P5,,,,X 全窗基线 · 不参与实体赏罚,3921243,393,A168_HF9F_20260827_0900,2026-08-27 09:00:00
2026-06-27,152147599,1157,0,58.6314192404,58.2071129169,58.2071129169,1.0000000,3,3,0.49771390000000000,0.497713900000,1.739988277604938,1.739988277604938,1.739988277604938,0E-17,ELIGIBLE,R03b_20260811_FULL_v1,L1_ELIGIBILITY,v2026-08-11,2026-03-21..2026-08-06,baccarat_bet02_101_all_pairs_incl_sentinel,round_win = game_pnl > 0 (decisive only),COMPATIBILITY_ONLY_NOT_PRODUCTION,63.0031,63.0031,-62.3602,4,4,0.98979592,,0.98979592,0.98979592,62.3602,63.0031,THIN_EXPOSURE,0.0000,-2.4944,4.0000,96.0000,AG03-UNRESOLVED,ALL5_LEVELS_bet23_to_bet27,-2.4944,-2.4944,-2.4944,-2.4944,-2.4944,4.000000,4.000000,4.000000,4.000000,4.000000,96.000000,96.000000,96.000000,96.000000,96.000000,5.0,-12.4720,-11.5134,-49.8881,-50.8468,PENDING_AG03,FALSE,NOT_FOR_ENFORCEMENT,-59.8658,60.4829,-62.3602,-59.8658,-2.4944,-0.98979592,-0.95020408,-2.4944,-59.8658,-0.95020408,-2.4944,-2.4944,-2.4944,-2.4944,-2.4944,-59.8658,-0.95020408,-12.4720,-11.5134,-49.8881,-50.8468,-0.79183673,-0.80705257,-0.03959184,15.7508,15.7508,-15.5900,-62.3602,-31.1801,63.0031,4.0000,,15.7508,6.4289,12.6006,25.0726,33.4302,33.4302,33.4302,12.6006,12.3885,2.653061,2.653061,1.25,2,2,1,2,0E-8,-0.98979592,,0E-8,0.000000,1.000000,0.000000,,2026-06-27,2026-06-27,1,2,2,1,1.000000,,,0.000000,,,,,,,,GLOBAL_BASELINE_NO_ENTITY_RANKING,,,NOT_APPLICABLE_GLOBAL_BASELINE,HF9g-P5,,,,X 全窗基线 · 不参与实体赏罚,3921244,393,A168_HF9F_20260827_0900,2026-08-27 09:00:00
2026-06-27,152147599,987,0,4.3716409083,4.1530588629,4.1530588629,1.0000000,1,1,0.50665070000000000,0.506650700000,0.9867858985152569,0.9867858985152569,0.9867858985152569,0E-17,ELIGIBLE,R03b_20260811_FULL_v1,L1_ELIGIBILITY,v2026-08-11,2026-03-21..2026-08-06,baccarat_bet02_101_all_pairs_incl_sentinel,round_win = game_pnl > 0 (decisive only),COMPATIBILITY_ONLY_NOT_PRODUCTION,63.0031,63.0031,-62.3602,4,4,0.98979592,,0.98979592,0.98979592,62.3602,63.0031,THIN_EXPOSURE,0.0000,-2.4944,4.0000,96.0000,AG03-UNRESOLVED,ALL5_LEVELS_bet23_to_bet27,-2.4944,-2.4944,-2.4944,-2.4944,-2.4944,4.000000,4.000000,4.000000,4.000000,4.000000,96.000000,96.000000,96.000000,96.000000,96.000000,5.0,-12.4720,-11.5134,-49.8881,-50.8468,PENDING_AG03,FALSE,NOT_FOR_ENFORCEMENT,-59.8658,60.4829,-62.3602,-59.8658,-2.4944,-0.98979592,-0.95020408,-2.4944,-59.8658,-0.95020408,-2.4944,-2.4944,-2.4944,-2.4944,-2.4944,-59.8658,-0.95020408,-12.4720,-11.5134,-49.8881,-50.8468,-0.79183673,-0.80705257,-0.03959184,15.7508,15.7508,-15.5900,-62.3602,-31.1801,63.0031,4.0000,,15.7508,6.4289,12.6006,25.0726,33.4302,33.4302,33.4302,12.6006,12.3885,2.653061,2.653061,1.25,2,2,1,2,0E-8,-0.98979592,,0E-8,0.000000,1.000000,0.000000,,2026-06-27,2026-06-27,1,2,2,1,1.000000,,,0.000000,,,,,,,,GLOBAL_BASELINE_NO_ENTITY_RANKING,,,NOT_APPLICABLE_GLOBAL_BASELINE,HF9g-P5,,,,X 全窗基线 · 不参与实体赏罚,3921245,393,A168_HF9F_20260827_0900,2026-08-27 09:00:00
2026-06-07,151136291,987,0,64.2888368863,62.3601717797,62.3601717797,1.0000000,2,2,0.49994810000000000,0.499948100000,1.4143603653603398,1.4143603653603398,1.4143603653603398,0E-17,ELIGIBLE,R03b_20260811_FULL_v1,L1_ELIGIBILITY,v2026-08-11,2026-03-21..2026-08-06,baccarat_bet02_101_all_pairs_incl_sentinel,round_win = game_pnl > 0 (decisive only),COMPATIBILITY_ONLY_NOT_PRODUCTION,64.2888,64.2888,-62.3602,2,2,0.97000000,,0.97000000,0.97000000,62.3602,64.2888,THIN_EXPOSURE,0.0000,-2.4944,4.0000,96.0000,AG03-UNRESOLVED,ALL5_LEVELS_bet23_to_bet27,-2.4944,-2.4944,-3.1180,-3.1180,-3.1180,4.000000,4.000000,5.000000,5.000000,5.000000,96.000000,96.000000,95.000000,95.000000,95.000000,5.0,-14.3428,-13.0859,-48.0173,-49.2743,PENDING_AG03,FALSE,NOT_FOR_ENFORCEMENT,-59.8658,61.7173,-62.3602,-59.8658,-2.4944,-0.97000000,-0.93120000,-2.4944,-59.8658,-0.93120000,-2.4944,-2.4944,-3.1180,-3.1180,-3.1180,-59.8658,-0.93120000,-14.3428,-13.0859,-48.0173,-49.2743,-0.74690000,-0.7664521,-0.03880000,32.1444,32.1444,-31.1801,-62.3602,-62.3602,64.2888,2.0000,,32.1444,25.7155,32.1444,38.5733,38.5733,38.5733,38.5733,32.1444,31.1801,1.2,1.2,1.0,1,1,1,2,0E-8,-0.97000000,,0E-8,0.000000,1.000000,0.000000,,2026-06-07,2026-06-07,1,1,1,1,1.000000,,,0.000000,,,,,,,,GLOBAL_BASELINE_NO_ENTITY_RANKING,,,NOT_APPLICABLE_GLOBAL_BASELINE,HF9g-P5,,,,X 全窗基线 · 不参与实体赏罚,3921246,393,A168_HF9F_20260827_0900,2026-08-27 09:00:00
2026-06-07,151119340,1331,0,25.7155347546,25.7155347546,25.7155347546,1.0000000,2,2,0.49324550000000000,0.493245500000,1.4334489766152358,1.4334489766152358,1.4334489766152358,0E-17,ELIGIBLE,R03b_20260811_FULL_v1,L1_ELIGIBILITY,v2026-08-11,2026-03-21..2026-08-06,baccarat_bet02_101_all_pairs_incl_sentinel,round_win = game_pnl > 0 (decisive only),COMPATIBILITY_ONLY_NOT_PRODUCTION,74.5751,74.5751,-62.3602,7,7,0.83620690,,0.83620690,0.83620690,62.3602,74.5751,THIN_EXPOSURE,0.0000,-2.4944,4.0000,96.0000,AG03-UNRESOLVED,ALL5_LEVELS_bet23_to_bet27,-2.4944,-3.1180,-3.1180,-3.1180,-3.1180,4.000000,5.000000,5.000000,5.000000,5.000000,96.000000,95.000000,95.000000,95.000000,95.000000,5.0,-14.9664,-13.5991,-47.3937,-48.761,PENDING_AG03,FALSE,NOT_FOR_ENFORCEMENT,-59.8658,71.5920,-62.3602,-59.8658,-2.4944,-0.83620690,-0.80275862,-2.4944,-59.8658,-0.80275862,-2.4944,-3.1180,-3.1180,-3.1180,-3.1180,-59.8658,-0.80275862,-14.9664,-13.5991,-47.3937,-48.761,-0.63551724,-0.65385191,-0.03344828,10.6536,10.6536,-8.9086,-62.3602,-12.4720,74.5751,7.0000,,10.6536,5.1431,7.7147,12.8578,23.144,25.7155,25.7155,7.7147,7.3289,3.333333,3.333333,1.380952,5,5,1,2,0E-8,-0.83620690,,0E-8,0.000000,1.000000,0.000000,,2026-06-07,2026-06-07,1,5,5,1,1.000000,,,0.000000,,,,,,,,GLOBAL_BASELINE_NO_ENTITY_RANKING,,,NOT_APPLICABLE_GLOBAL_BASELINE,HF9g-P5,,,,X 全窗基线 · 不参与实体赏罚,3921247,393,A168_HF9F_20260827_0900,2026-08-27 09:00:00
2026-06-07,151119340,2155,0,25.7155347545,24.4297580168,24.4297580168,1.0000000,1,1,0.50665070000000000,0.506650700000,0.9867858985152569,0.9867858985152569,0.9867858985152569,0E-17,ELIGIBLE,R03b_20260811_FULL_v1,L1_ELIGIBILITY,v2026-08-11,2026-03-21..2026-08-06,baccarat_bet02_101_all_pairs_incl_sentinel,round_win = game_pnl > 0 (decisive only),COMPATIBILITY_ONLY_NOT_PRODUCTION,74.5751,74.5751,-62.3602,7,7,0.83620690,,0.83620690,0.83620690,62.3602,74.5751,THIN_EXPOSURE,0.0000,-2.4944,4.0000,96.0000,AG03-UNRESOLVED,ALL5_LEVELS_bet23_to_bet27,-2.4944,-3.1180,-3.1180,-3.1180,-3.1180,4.000000,5.000000,5.000000,5.000000,5.000000,96.000000,95.000000,95.000000,95.000000,95.000000,5.0,-14.9664,-13.5991,-47.3937,-48.761,PENDING_AG03,FALSE,NOT_FOR_ENFORCEMENT,-59.8658,71.5920,-62.3602,-59.8658,-2.4944,-0.83620690,-0.80275862,-2.4944,-59.8658,-0.80275862,-2.4944,-3.1180,-3.1180,-3.1180,-3.1180,-59.8658,-0.80275862,-14.9664,-13.5991,-47.3937,-48.761,-0.63551724,-0.65385191,-0.03344828,10.6536,10.6536,-8.9086,-62.3602,-12.4720,74.5751,7.0000,,10.6536,5.1431,7.7147,12.8578,23.144,25.7155,25.7155,7.7147,7.3289,3.333333,3.333333,1.380952,5,5,1,2,0E-8,-0.83620690,,0E-8,0.000000,1.000000,0.000000,,2026-06-07,2026-06-07,1,5,5,1,1.000000,,,0.000000,,,,,,,,GLOBAL_BASELINE_NO_ENTITY_RANKING,,,NOT_APPLICABLE_GLOBAL_BASELINE,HF9g-P5,,,,X 全窗基线 · 不参与实体赏罚,3921248,393,A168_HF9F_20260827_0900,2026-08-27 09:00:00
2026-06-07,151119340,2167,0,12.8577673773,12.4720343559,12.4720343559,1.0000000,2,2,0.49994810000000000,0.499948100000,1.4143603653603398,1.4143603653603398,1.4143603653603398,0E-17,ELIGIBLE,R03b_20260811_FULL_v1,L1_ELIGIBILITY,v2026-08-11,2026-03-21..2026-08-06,baccarat_bet02_101_all_pairs_incl_sentinel,round_win = game_pnl > 0 (decisive only),COMPATIBILITY_ONLY_NOT_PRODUCTION,74.5751,74.5751,-62.3602,7,7,0.83620690,,0.83620690,0.83620690,62.3602,74.5751,THIN_EXPOSURE,0.0000,-2.4944,4.0000,96.0000,AG03-UNRESOLVED,ALL5_LEVELS_bet23_to_bet27,-2.4944,-3.1180,-3.1180,-3.1180,-3.1180,4.000000,5.000000,5.000000,5.000000,5.000000,96.000000,95.000000,95.000000,95.000000,95.000000,5.0,-14.9664,-13.5991,-47.3937,-48.761,PENDING_AG03,FALSE,NOT_FOR_ENFORCEMENT,-59.8658,71.5920,-62.3602,-59.8658,-2.4944,-0.83620690,-0.80275862,-2.4944,-59.8658,-0.80275862,-2.4944,-3.1180,-3.1180,-3.1180,-3.1180,-59.8658,-0.80275862,-14.9664,-13.5991,-47.3937,-48.761,-0.63551724,-0.65385191,-0.03344828,10.6536,10.6536,-8.9086,-62.3602,-12.4720,74.5751,7.0000,,10.6536,5.1431,7.7147,12.8578,23.144,25.7155,25.7155,7.7147,7.3289,3.333333,3.333333,1.380952,5,5,1,2,0E-8,-0.83620690,,0E-8,0.000000,1.000000,0.000000,,2026-06-07,2026-06-07,1,5,5,1,1.000000,,,0.000000,,,,,,,,GLOBAL_BASELINE_NO_ENTITY_RANKING,,,NOT_APPLICABLE_GLOBAL_BASELINE,HF9g-P5,,,,X 全窗基线 · 不参与实体赏罚,3921249,393,A168_HF9F_20260827_0900,2026-08-27 09:00:00
2026-06-07,151119340,2256,0,5.1431069509,-5.1431069509,-5.1431069509,0E-7,1,1,0.49324550000000000,0.493245500000,-0.9865810262130424,-0.9865810262130424,-0.9865810262130424,0E-17,ELIGIBLE,R03b_20260811_FULL_v1,L1_ELIGIBILITY,v2026-08-11,2026-03-21..2026-08-06,baccarat_bet02_101_all_pairs_incl_sentinel,round_win = game_pnl > 0 (decisive only),COMPATIBILITY_ONLY_NOT_PRODUCTION,74.5751,74.5751,-62.3602,7,7,0.83620690,,0.83620690,0.83620690,62.3602,74.5751,THIN_EXPOSURE,0.0000,-2.4944,4.0000,96.0000,AG03-UNRESOLVED,ALL5_LEVELS_bet23_to_bet27,-2.4944,-3.1180,-3.1180,-3.1180,-3.1180,4.000000,5.000000,5.000000,5.000000,5.000000,96.000000,95.000000,95.000000,95.000000,95.000000,5.0,-14.9664,-13.5991,-47.3937,-48.761,PENDING_AG03,FALSE,NOT_FOR_ENFORCEMENT,-59.8658,71.5920,-62.3602,-59.8658,-2.4944,-0.83620690,-0.80275862,-2.4944,-59.8658,-0.80275862,-2.4944,-3.1180,-3.1180,-3.1180,-3.1180,-59.8658,-0.80275862,-14.9664,-13.5991,-47.3937,-48.761,-0.63551724,-0.65385191,-0.03344828,10.6536,10.6536,-8.9086,-62.3602,-12.4720,74.5751,7.0000,,10.6536,5.1431,7.7147,12.8578,23.144,25.7155,25.7155,7.7147,7.3289,3.333333,3.333333,1.380952,5,5,1,2,0E-8,-0.83620690,,0E-8,0.000000,1.000000,0.000000,,2026-06-07,2026-06-07,1,5,5,1,1.000000,,,0.000000,,,,,,,,GLOBAL_BASELINE_NO_ENTITY_RANKING,,,NOT_APPLICABLE_GLOBAL_BASELINE,HF9g-P5,,,,X 全窗基线 · 不参与实体赏罚,3921250,393,A168_HF9F_20260827_0900,2026-08-27 09:00:00
2026-06-07,151119340,583,0,5.1431069509,4.8859516034,4.8859516034,1.0000000,1,1,0.50665070000000000,0.506650700000,0.9867858985152569,0.9867858985152569,0.9867858985152569,0E-17,ELIGIBLE,R03b_20260811_FULL_v1,L1_ELIGIBILITY,v2026-08-11,2026-03-21..2026-08-06,baccarat_bet02_101_all_pairs_incl_sentinel,round_win = game_pnl > 0 (decisive only),COMPATIBILITY_ONLY_NOT_PRODUCTION,74.5751,74.5751,-62.3602,7,7,0.83620690,,0.83620690,0.83620690,62.3602,74.5751,THIN_EXPOSURE,0.0000,-2.4944,4.0000,96.0000,AG03-UNRESOLVED,ALL5_LEVELS_bet23_to_bet27,-2.4944,-3.1180,-3.1180,-3.1180,-3.1180,4.000000,5.000000,5.000000,5.000000,5.000000,96.000000,95.000000,95.000000,95.000000,95.000000,5.0,-14.9664,-13.5991,-47.3937,-48.761,PENDING_AG03,FALSE,NOT_FOR_ENFORCEMENT,-59.8658,71.5920,-62.3602,-59.8658,-2.4944,-0.83620690,-0.80275862,-2.4944,-59.8658,-0.80275862,-2.4944,-3.1180,-3.1180,-3.1180,-3.1180,-59.8658,-0.80275862,-14.9664,-13.5991,-47.3937,-48.761,-0.63551724,-0.65385191,-0.03344828,10.6536,10.6536,-8.9086,-62.3602,-12.4720,74.5751,7.0000,,10.6536,5.1431,7.7147,12.8578,23.144,25.7155,25.7155,7.7147,7.3289,3.333333,3.333333,1.380952,5,5,1,2,0E-8,-0.83620690,,0E-8,0.000000,1.000000,0.000000,,2026-06-07,2026-06-07,1,5,5,1,1.000000,,,0.000000,,,,,,,,GLOBAL_BASELINE_NO_ENTITY_RANKING,,,NOT_APPLICABLE_GLOBAL_BASELINE,HF9g-P5,,,,X 全窗基线 · 不参与实体赏罚,3921251,393,A168_HF9F_20260827_0900,2026-08-27 09:00:00
2026-06-17,146844636,1330,0,82.2897112144,61.7172834108,61.7172834108,0.8000000,5,5,0.49324550000000000,0.493245500000,1.3719730223118614,1.3719730223118614,1.3719730223118614,0E-17,ELIGIBLE,R03b_20260811_FULL_v1,L1_ELIGIBILITY,v2026-08-11,2026-03-21..2026-08-06,baccarat_bet02_101_all_pairs_incl_sentinel,round_win = game_pnl > 0 (decisive only),COMPATIBILITY_ONLY_NOT_PRODUCTION,82.2897,82.2897,-61.7173,5,5,0.75000000,,0.75000000,0.75000000,61.7173,82.2897,THIN_EXPOSURE,0.0000,-1.8515,3.0000,97.0000,AG03-UNRESOLVED,ALL5_LEVELS_bet23_to_bet27,-1.8515,-1.8515,-1.8515,-2.4687,-2.4687,3.000000,3.000000,3.000000,4.000000,4.000000,97.000000,97.000000,97.000000,96.000000,96.000000,5.0,-10.4919,-9.8057,-51.2253,-51.9116,PENDING_AG03,FALSE,NOT_FOR_ENFORCEMENT,-59.8658,79.8210,-61.7173,-59.8658,-1.8515,-0.75000000,-0.72750000,-1.8515,-59.8658,-0.72750000,-1.8515,-1.8515,-1.8515,-2.4687,-2.4687,-59.8658,-0.72750000,-10.4919,-9.8057,-51.2253,-51.9116,-0.62250000,-0.63083958,-0.02250000,16.4579,16.4579,-12.3435,-61.7173,-61.7173,82.2897,5.0000,,16.4579,9.0004,15.4293,25.7155,25.7155,25.7155,25.7155,15.4293,15.4293,1.666667,1.666667,1.066667,1,1,1,1,0E-8,-0.75000000,,0E-8,0.000000,1.000000,0.000000,,2026-06-17,2026-06-17,1,1,1,1,1.000000,,,0.000000,,,,,,,,GLOBAL_BASELINE_NO_ENTITY_RANKING,,,NOT_APPLICABLE_GLOBAL_BASELINE,HF9g-P5,,,,X 全窗基线 · 不参与实体赏罚,3921252,393,A168_HF9F_20260827_0900,2026-08-27 09:00:00
2026-06-19,135497909,1654,0,82.2897112145,64.9317252552,64.9317252552,0.7500000,6,4,0.46340585249968996,0.400287425000,1.1494592782261794,1.4275249038962121,1.1494592782261794,0.06311842749968996,ELIGIBLE,R03b_20260811_FULL_v1,L1_ELIGIBILITY,v2026-08-11,2026-03-21..2026-08-06,baccarat_bet02_101_all_pairs_incl_sentinel,round_win = game_pnl > 0 (decisive only),COMPATIBILITY_ONLY_NOT_PRODUCTION,84.8613,59.1457,-62.3602,7,5,0.73484848,,0.73484848,0.73484848,62.3602,84.8613,THIN_EXPOSURE,0.0000,-2.4944,4.0000,96.0000,AG03-UNRESOLVED,ALL5_LEVELS_bet23_to_bet27,-2.4944,-2.4944,-2.4944,-3.1180,-3.1180,4.000000,4.000000,4.000000,5.000000,5.000000,96.000000,96.000000,96.000000,95.000000,95.000000,5.0,-13.7192,-12.5672,-48.6409,-49.793,PENDING_AG03,FALSE,NOT_FOR_ENFORCEMENT,-59.8658,56.7799,-62.3602,-59.8658,-2.4944,-0.73484848,-0.70545455,-2.4944,-59.8658,-0.70545455,-2.4944,-2.4944,-2.4944,-3.1180,-3.1180,-59.8658,-0.70545455,-13.7192,-12.5672,-48.6409,-49.793,-0.57318182,-0.58675759,-0.02939394,12.1230,11.8291,-12.4720,-31.1801,-31.1801,42.4306,2.5000,,12.1230,3.2144,10.2862,22.5011,25.7155,25.7155,25.7155,5.1431,0.0,2.5,2.5,1.178571,2,2,1,3,0E-8,-0.73484848,,0E-8,0.000000,0.696970,0.000000,,2026-06-19,2026-06-20,2,2,2,2,1.000000,,,0.000000,,,,,,,,GLOBAL_BASELINE_NO_ENTITY_RANKING,,,NOT_APPLICABLE_GLOBAL_BASELINE,HF9g-P5,,,,X 全窗基线 · 不参与实体赏罚,3921253,393,A168_HF9F_20260827_0900,2026-08-27 09:00:00
2026-06-20,135497909,1384,0,2.5715534755,-2.5715534755,-2.5715534755,0E-7,1,1,0.49324550000000000,0.493245500000,-0.9865810262130424,-0.9865810262130424,-0.9865810262130424,0E-17,ELIGIBLE,R03b_20260811_FULL_v1,L1_ELIGIBILITY,v2026-08-11,2026-03-21..2026-08-06,baccarat_bet02_101_all_pairs_incl_sentinel,round_win = game_pnl > 0 (decisive only),COMPATIBILITY_ONLY_NOT_PRODUCTION,84.8613,59.1457,-62.3602,7,5,0.73484848,,0.73484848,0.73484848,62.3602,84.8613,THIN_EXPOSURE,0.0000,-2.4944,4.0000,96.0000,AG03-UNRESOLVED,ALL5_LEVELS_bet23_to_bet27,-2.4944,-2.4944,-2.4944,-3.1180,-3.1180,4.000000,4.000000,4.000000,5.000000,5.000000,96.000000,96.000000,96.000000,95.000000,95.000000,5.0,-13.7192,-12.5672,-48.6409,-49.793,PENDING_AG03,FALSE,NOT_FOR_ENFORCEMENT,-59.8658,56.7799,-62.3602,-59.8658,-2.4944,-0.73484848,-0.70545455,-2.4944,-59.8658,-0.70545455,-2.4944,-2.4944,-2.4944,-3.1180,-3.1180,-59.8658,-0.70545455,-13.7192,-12.5672,-48.6409,-49.793,-0.57318182,-0.58675759,-0.02939394,12.1230,11.8291,-12.4720,-31.1801,-31.1801,42.4306,2.5000,,12.1230,3.2144,10.2862,22.5011,25.7155,25.7155,25.7155,5.1431,0.0,2.5,2.5,1.178571,2,2,1,3,0E-8,-0.73484848,,0E-8,0.000000,0.696970,0.000000,,2026-06-19,2026-06-20,2,2,2,2,1.000000,,,0.000000,,,,,,,,GLOBAL_BASELINE_NO_ENTITY_RANKING,,,NOT_APPLICABLE_GLOBAL_BASELINE,HF9g-P5,,,,X 全窗基线 · 不参与实体赏罚,3921254,393,A168_HF9F_20260827_0900,2026-08-27 09:00:00
2026-06-10,110110824,529,0,18.0008743282,-18.0008743282,-18.0008743282,0E-7,1,1,0.49324550000000000,0.493245500000,-0.9865810262130424,-0.9865810262130424,-0.9865810262130424,0E-17,ELIGIBLE,R03b_20260811_FULL_v1,L1_ELIGIBILITY,v2026-08-11,2026-03-21..2026-08-06,baccarat_bet02_101_all_pairs_incl_sentinel,round_win = game_pnl > 0 (decisive only),COMPATIBILITY_ONLY_NOT_PRODUCTION,100.2906,100.2906,-62.3602,3,3,0.62179487,,0.62179487,0.62179487,62.3602,100.2906,THIN_EXPOSURE,0.0000,-2.4944,4.0000,96.0000,AG03-UNRESOLVED,ALL5_LEVELS_bet23_to_bet27,-2.4944,-2.4944,-2.4944,-3.1180,-3.1180,4.000000,4.000000,4.000000,5.000000,5.000000,96.000000,96.000000,96.000000,95.000000,95.000000,5.0,-13.7192,-12.5672,-48.6409,-49.793,PENDING_AG03,FALSE,NOT_FOR_ENFORCEMENT,-59.8658,96.2790,-62.3602,-59.8658,-2.4944,-0.62179487,-0.59692308,-2.4944,-59.8658,-0.59692308,-2.4944,-2.4944,-2.4944,-3.1180,-3.1180,-59.8658,-0.59692308,-13.7192,-12.5672,-48.6409,-49.793,-0.48500000,-0.49648719,-0.02487179,33.4302,33.4302,-20.7867,-31.1801,-20.7867,50.1453,1.5000,,33.4302,23.144,38.5733,42.4306,43.7164,43.7164,43.7164,38.5733,36.6446,1.133333,1.133333,0.866667,3,3,2,2,0E-8,-0.62179487,,0E-8,0.000000,1.000000,0.000000,,2026-06-10,2026-06-12,2,3,3,3,0.666667,,,0.000000,,,,,,,,GLOBAL_BASELINE_NO_ENTITY_RANKING,,,NOT_APPLICABLE_GLOBAL_BASELINE,HF9g-P5,,,,X 全窗基线 · 不参与实体赏罚,3921255,393,A168_HF9F_20260827_0900,2026-08-27 09:00:00
2026-06-12,110110824,1360,0,38.5733021318,36.6446370252,36.6446370252,1.0000000,1,1,0.50665070000000000,0.506650700000,0.9867858985152569,0.9867858985152569,0.9867858985152569,0E-17,ELIGIBLE,R03b_20260811_FULL_v1,L1_ELIGIBILITY,v2026-08-11,2026-03-21..2026-08-06,baccarat_bet02_101_all_pairs_incl_sentinel,round_win = game_pnl > 0 (decisive only),COMPATIBILITY_ONLY_NOT_PRODUCTION,100.2906,100.2906,-62.3602,3,3,0.62179487,,0.62179487,0.62179487,62.3602,100.2906,THIN_EXPOSURE,0.0000,-2.4944,4.0000,96.0000,AG03-UNRESOLVED,ALL5_LEVELS_bet23_to_bet27,-2.4944,-2.4944,-2.4944,-3.1180,-3.1180,4.000000,4.000000,4.000000,5.000000,5.000000,96.000000,96.000000,96.000000,95.000000,95.000000,5.0,-13.7192,-12.5672,-48.6409,-49.793,PENDING_AG03,FALSE,NOT_FOR_ENFORCEMENT,-59.8658,96.2790,-62.3602,-59.8658,-2.4944,-0.62179487,-0.59692308,-2.4944,-59.8658,-0.59692308,-2.4944,-2.4944,-2.4944,-3.1180,-3.1180,-59.8658,-0.59692308,-13.7192,-12.5672,-48.6409,-49.793,-0.48500000,-0.49648719,-0.02487179,33.4302,33.4302,-20.7867,-31.1801,-20.7867,50.1453,1.5000,,33.4302,23.144,38.5733,42.4306,43.7164,43.7164,43.7164,38.5733,36.6446,1.133333,1.133333,0.866667,3,3,2,2,0E-8,-0.62179487,,0E-8,0.000000,1.000000,0.000000,,2026-06-10,2026-06-12,2,3,3,3,0.666667,,,0.000000,,,,,,,,GLOBAL_BASELINE_NO_ENTITY_RANKING,,,NOT_APPLICABLE_GLOBAL_BASELINE,HF9g-P5,,,,X 全窗基线 · 不参与实体赏罚,3921256,393,A168_HF9F_20260827_0900,2026-08-27 09:00:00
2026-06-12,110110824,1405,0,43.7164090827,43.7164090827,43.7164090827,1.0000000,1,1,0.49324550000000000,0.493245500000,1.01360149184955,1.01360149184955,1.01360149184955,0E-17,ELIGIBLE,R03b_20260811_FULL_v1,L1_ELIGIBILITY,v2026-08-11,2026-03-21..2026-08-06,baccarat_bet02_101_all_pairs_incl_sentinel,round_win = game_pnl > 0 (decisive only),COMPATIBILITY_ONLY_NOT_PRODUCTION,100.2906,100.2906,-62.3602,3,3,0.62179487,,0.62179487,0.62179487,62.3602,100.2906,THIN_EXPOSURE,0.0000,-2.4944,4.0000,96.0000,AG03-UNRESOLVED,ALL5_LEVELS_bet23_to_bet27,-2.4944,-2.4944,-2.4944,-3.1180,-3.1180,4.000000,4.000000,4.000000,5.000000,5.000000,96.000000,96.000000,96.000000,95.000000,95.000000,5.0,-13.7192,-12.5672,-48.6409,-49.793,PENDING_AG03,FALSE,NOT_FOR_ENFORCEMENT,-59.8658,96.2790,-62.3602,-59.8658,-2.4944,-0.62179487,-0.59692308,-2.4944,-59.8658,-0.59692308,-2.4944,-2.4944,-2.4944,-3.1180,-3.1180,-59.8658,-0.59692308,-13.7192,-12.5672,-48.6409,-49.793,-0.48500000,-0.49648719,-0.02487179,33.4302,33.4302,-20.7867,-31.1801,-20.7867,50.1453,1.5000,,33.4302,23.144,38.5733,42.4306,43.7164,43.7164,43.7164,38.5733,36.6446,1.133333,1.133333,0.866667,3,3,2,2,0E-8,-0.62179487,,0E-8,0.000000,1.000000,0.000000,,2026-06-10,2026-06-12,2,3,3,3,0.666667,,,0.000000,,,,,,,,GLOBAL_BASELINE_NO_ENTITY_RANKING,,,NOT_APPLICABLE_GLOBAL_BASELINE,HF9g-P5,,,,X 全窗基线 · 不参与实体赏罚,3921257,393,A168_HF9F_20260827_0900,2026-08-27 09:00:00
2026-06-19,151751142,-1,1,90.0043716410,50.1452927713,50.1452927713,0.8000000,6,6,0.49994810000000000,0.499948100000,1.3418728975849028,1.3418728975849028,1.3418728975849028,0E-17,SENTINEL_DEALER,R03b_20260811_FULL_v1,L1_ELIGIBILITY,v2026-08-11,2026-03-21..2026-08-06,baccarat_bet02_101_all_pairs_incl_sentinel,round_win = game_pnl > 0 (decisive only),COMPATIBILITY_ONLY_NOT_PRODUCTION,128.5777,90.0044,-62.3602,9,9,0.48500000,,0.48500000,0.48500000,62.3602,128.5777,THIN_EXPOSURE,0.0000,-2.4944,4.0000,96.0000,AG03-UNRESOLVED,ALL5_LEVELS_bet23_to_bet27,-2.4944,-2.4944,-3.1180,-3.1180,-3.1180,4.000000,4.000000,5.000000,5.000000,5.000000,96.000000,96.000000,95.000000,95.000000,95.000000,5.0,-14.3428,-13.0859,-48.0173,-49.2743,PENDING_AG03,FALSE,NOT_FOR_ENFORCEMENT,-59.8658,86.4042,-62.3602,-59.8658,-2.4944,-0.48500000,-0.46560000,-2.4944,-59.8658,-0.46560000,-2.4944,-2.4944,-3.1180,-3.1180,-3.1180,-59.8658,-0.46560000,-14.3428,-13.0859,-48.0173,-49.2743,-0.37345000,-0.38322605,-0.01940000,14.2864,10.0005,-6.9289,-62.3602,-31.1801,128.5777,9.0000,,14.2864,12.8578,12.8578,12.8578,20.5724,25.7155,25.7155,12.8578,12.2149,2.0,2.0,1.111111,2,2,1,2,0E-8,-0.48500000,,0E-8,0.000000,0.700000,0.000000,,2026-06-19,2026-06-19,1,2,2,1,1.000000,,,0.000000,,,,,,,,GLOBAL_BASELINE_NO_ENTITY_RANKING,,,NOT_APPLICABLE_GLOBAL_BASELINE,HF9g-P5,,,,X 全窗基线 · 不参与实体赏罚,3921258,393,A168_HF9F_20260827_0900,2026-08-27 09:00:00
2026-06-19,151751142,2127,0,38.5733021319,12.2148790084,12.2148790084,1.0000000,3,3,0.49771390000000000,0.497713900000,1.0045827004620043,1.0045827004620043,1.0045827004620043,0E-17,ELIGIBLE,R03b_20260811_FULL_v1,L1_ELIGIBILITY,v2026-08-11,2026-03-21..2026-08-06,baccarat_bet02_101_all_pairs_incl_sentinel,round_win = game_pnl > 0 (decisive only),COMPATIBILITY_ONLY_NOT_PRODUCTION,128.5777,90.0044,-62.3602,9,9,0.48500000,,0.48500000,0.48500000,62.3602,128.5777,THIN_EXPOSURE,0.0000,-2.4944,4.0000,96.0000,AG03-UNRESOLVED,ALL5_LEVELS_bet23_to_bet27,-2.4944,-2.4944,-3.1180,-3.1180,-3.1180,4.000000,4.000000,5.000000,5.000000,5.000000,96.000000,96.000000,95.000000,95.000000,95.000000,5.0,-14.3428,-13.0859,-48.0173,-49.2743,PENDING_AG03,FALSE,NOT_FOR_ENFORCEMENT,-59.8658,86.4042,-62.3602,-59.8658,-2.4944,-0.48500000,-0.46560000,-2.4944,-59.8658,-0.46560000,-2.4944,-2.4944,-3.1180,-3.1180,-3.1180,-59.8658,-0.46560000,-14.3428,-13.0859,-48.0173,-49.2743,-0.37345000,-0.38322605,-0.01940000,14.2864,10.0005,-6.9289,-62.3602,-31.1801,128.5777,9.0000,,14.2864,12.8578,12.8578,12.8578,20.5724,25.7155,25.7155,12.8578,12.2149,2.0,2.0,1.111111,2,2,1,2,0E-8,-0.48500000,,0E-8,0.000000,0.700000,0.000000,,2026-06-19,2026-06-19,1,2,2,1,1.000000,,,0.000000,,,,,,,,GLOBAL_BASELINE_NO_ENTITY_RANKING,,,NOT_APPLICABLE_GLOBAL_BASELINE,HF9g-P5,,,,X 全窗基线 · 不参与实体赏罚,3921259,393,A168_HF9F_20260827_0900,2026-08-27 09:00:00
2026-06-09,136018007,2141,0,218.5820454133,61.7172834108,61.7172834108,0.6250000,9,9,0.49920336666666667,0.499203366667,0.7116141230598275,0.7116141230579411,0.7116141230598275,-3.3333E-13,ELIGIBLE,R03b_20260811_FULL_v1,L1_ELIGIBILITY,v2026-08-11,2026-03-21..2026-08-06,baccarat_bet02_101_all_pairs_incl_sentinel,round_win = game_pnl > 0 (decisive only),COMPATIBILITY_ONLY_NOT_PRODUCTION,218.5820,192.8665,-61.7173,9,9,0.28235294,,0.28235294,0.28235294,61.7173,218.5820,THIN_EXPOSURE,0.0000,-1.8515,3.0000,97.0000,AG03-UNRESOLVED,ALL5_LEVELS_bet23_to_bet27,-1.8515,-1.8515,-1.8515,-2.4687,-2.4687,3.000000,3.000000,3.000000,4.000000,4.000000,97.000000,97.000000,97.000000,96.000000,96.000000,5.0,-10.4919,-9.8057,-51.2253,-51.9116,PENDING_AG03,FALSE,NOT_FOR_ENFORCEMENT,-59.8658,187.0805,-61.7173,-59.8658,-1.8515,-0.28235294,-0.27388235,-1.8515,-59.8658,-0.27388235,-1.8515,-1.8515,-1.8515,-2.4687,-2.4687,-59.8658,-0.27388235,-10.4919,-9.8057,-51.2253,-51.9116,-0.23435294,-0.23749255,-0.00847059,24.2869,21.4296,-6.8575,-61.7173,-61.7173,218.5820,9.0000,,24.2869,25.7155,25.7155,25.7155,25.7155,25.7155,25.7155,25.7155,24.4298,1.0,1.0,0.944444,1,1,1,2,0E-8,-0.28235294,,0E-8,0.000000,0.882353,0.000000,,2026-06-09,2026-06-09,1,1,1,1,1.000000,,,0.000000,,,,,,,,GLOBAL_BASELINE_NO_ENTITY_RANKING,,,NOT_APPLICABLE_GLOBAL_BASELINE,HF9g-P5,,,,X 全窗基线 · 不参与实体赏罚,3921260,393,A168_HF9F_20260827_0900,2026-08-27 09:00:00
2026-06-07,151118889,1331,0,50.1452927713,0E-10,0E-10,0.5000000,2,2,0.50665070000000000,0.506650700000,-0.018812684590367487,-0.018812684590367487,-0.018812684590367487,0E-17,ELIGIBLE,R03b_20260811_FULL_v1,L1_ELIGIBILITY,v2026-08-11,2026-03-21..2026-08-06,baccarat_bet02_101_all_pairs_incl_sentinel,round_win = game_pnl > 0 (decisive only),COMPATIBILITY_ONLY_NOT_PRODUCTION,325.5587,274.1276,-62.3602,12,12,0.19154818,,0.19154818,0.19154818,62.3602,325.5587,THIN_EXPOSURE,0.0000,-2.4944,4.0000,96.0000,AG03-UNRESOLVED,ALL5_LEVELS_bet23_to_bet27,-2.4944,-2.4944,-3.1180,-3.1180,-3.1180,4.000000,4.000000,5.000000,5.000000,5.000000,96.000000,96.000000,95.000000,95.000000,95.000000,5.0,-14.3428,-13.0859,-48.0173,-49.2743,PENDING_AG03,FALSE,NOT_FOR_ENFORCEMENT,-59.8658,263.1625,-62.3602,-59.8658,-2.4944,-0.19154818,-0.18388626,-2.4944,-59.8658,-0.18388626,-2.4944,-2.4944,-3.1180,-3.1180,-3.1180,-59.8658,-0.18388626,-14.3428,-13.0859,-48.0173,-49.2743,-0.14749210,-0.1513531,-0.00766193,27.1299,22.8440,-5.1967,-62.3602,-20.7867,325.5587,12.0000,,27.1299,18.7723,25.7155,28.6728,51.4311,51.4311,51.4311,24.6869,0.0,2.0,2.0,1.055,3,3,1,2,0E-8,-0.19154818,,0E-8,0.000000,0.842022,0.000000,,2026-06-07,2026-06-07,1,3,3,1,1.000000,,,0.000000,,,,,,,,GLOBAL_BASELINE_NO_ENTITY_RANKING,,,NOT_APPLICABLE_GLOBAL_BASELINE,HF9g-P5,,,,X 全窗基线 · 不参与实体赏罚,3921261,393,A168_HF9F_20260827_0900,2026-08-27 09:00:00
2026-06-07,151118889,2110,0,109.0338673592,-27.7727775349,-27.7727775349,0.2500000,5,5,0.49860758000000000,0.498607580000,-0.9944341760919779,-0.9944341760919779,-0.9944341760919779,0E-17,ELIGIBLE,R03b_20260811_FULL_v1,L1_ELIGIBILITY,v2026-08-11,2026-03-21..2026-08-06,baccarat_bet02_101_all_pairs_incl_sentinel,round_win = game_pnl > 0 (decisive only),COMPATIBILITY_ONLY_NOT_PRODUCTION,325.5587,274.1276,-62.3602,12,12,0.19154818,,0.19154818,0.19154818,62.3602,325.5587,THIN_EXPOSURE,0.0000,-2.4944,4.0000,96.0000,AG03-UNRESOLVED,ALL5_LEVELS_bet23_to_bet27,-2.4944,-2.4944,-3.1180,-3.1180,-3.1180,4.000000,4.000000,5.000000,5.000000,5.000000,96.000000,96.000000,95.000000,95.000000,95.000000,5.0,-14.3428,-13.0859,-48.0173,-49.2743,PENDING_AG03,FALSE,NOT_FOR_ENFORCEMENT,-59.8658,263.1625,-62.3602,-59.8658,-2.4944,-0.19154818,-0.18388626,-2.4944,-59.8658,-0.18388626,-2.4944,-2.4944,-3.1180,-3.1180,-3.1180,-59.8658,-0.18388626,-14.3428,-13.0859,-48.0173,-49.2743,-0.14749210,-0.1513531,-0.00766193,27.1299,22.8440,-5.1967,-62.3602,-20.7867,325.5587,12.0000,,27.1299,18.7723,25.7155,28.6728,51.4311,51.4311,51.4311,24.6869,0.0,2.0,2.0,1.055,3,3,1,2,0E-8,-0.19154818,,0E-8,0.000000,0.842022,0.000000,,2026-06-07,2026-06-07,1,3,3,1,1.000000,,,0.000000,,,,,,,,GLOBAL_BASELINE_NO_ENTITY_RANKING,,,NOT_APPLICABLE_GLOBAL_BASELINE,HF9g-P5,,,,X 全窗基线 · 不参与实体赏罚,3921262,393,A168_HF9F_20260827_0900,2026-08-27 09:00:00
2026-06-07,151118889,2142,0,166.3795098619,90.1329493147,90.1329493147,0.7500000,5,5,0.49860758000000000,0.498607580000,1.005573579286957,1.005573579286957,1.005573579286957,0E-17,ELIGIBLE,R03b_20260811_FULL_v1,L1_ELIGIBILITY,v2026-08-11,2026-03-21..2026-08-06,baccarat_bet02_101_all_pairs_incl_sentinel,round_win = game_pnl > 0 (decisive only),COMPATIBILITY_ONLY_NOT_PRODUCTION,325.5587,274.1276,-62.3602,12,12,0.19154818,,0.19154818,0.19154818,62.3602,325.5587,THIN_EXPOSURE,0.0000,-2.4944,4.0000,96.0000,AG03-UNRESOLVED,ALL5_LEVELS_bet23_to_bet27,-2.4944,-2.4944,-3.1180,-3.1180,-3.1180,4.000000,4.000000,5.000000,5.000000,5.000000,96.000000,96.000000,95.000000,95.000000,95.000000,5.0,-14.3428,-13.0859,-48.0173,-49.2743,PENDING_AG03,FALSE,NOT_FOR_ENFORCEMENT,-59.8658,263.1625,-62.3602,-59.8658,-2.4944,-0.19154818,-0.18388626,-2.4944,-59.8658,-0.18388626,-2.4944,-2.4944,-3.1180,-3.1180,-3.1180,-59.8658,-0.18388626,-14.3428,-13.0859,-48.0173,-49.2743,-0.14749210,-0.1513531,-0.00766193,27.1299,22.8440,-5.1967,-62.3602,-20.7867,325.5587,12.0000,,27.1299,18.7723,25.7155,28.6728,51.4311,51.4311,51.4311,24.6869,0.0,2.0,2.0,1.055,3,3,1,2,0E-8,-0.19154818,,0E-8,0.000000,0.842022,0.000000,,2026-06-07,2026-06-07,1,3,3,1,1.000000,,,0.000000,,,,,,,,GLOBAL_BASELINE_NO_ENTITY_RANKING,,,NOT_APPLICABLE_GLOBAL_BASELINE,HF9g-P5,,,,X 全窗基线 · 不参与实体赏罚,3921263,393,A168_HF9F_20260827_0900,2026-08-27 09:00:00
2026-06-10,151267445,-1,1,231.4398127905,0E-10,0E-10,0.5000000,45,45,0.49354339333333333,0.493543393333,0.08167714224967239,0.08167714225388976,0.08167714224967239,3.3333E-13,SENTINEL_DEALER,R03b_20260811_FULL_v1,L1_ELIGIBILITY,v2026-08-11,2026-03-21..2026-08-06,baccarat_bet02_101_all_pairs_incl_sentinel,round_win = game_pnl > 0 (decisive only),COMPATIBILITY_ONLY_NOT_PRODUCTION,524.5969,483.4521,-61.7173,102,102,0.11764706,,0.11764706,0.11764706,61.7173,524.5969,OK,0.0000,-1.8515,3.0000,97.0000,AG03-UNRESOLVED,ALL5_LEVELS_bet23_to_bet27,-1.8515,-1.8515,-1.8515,-2.4687,-2.4687,3.000000,3.000000,3.000000,4.000000,4.000000,97.000000,97.000000,97.000000,96.000000,96.000000,5.0,-10.4919,-9.8057,-51.2253,-51.9116,PENDING_AG03,FALSE,NOT_FOR_ENFORCEMENT,-59.8658,468.9485,-61.7173,-59.8658,-1.8515,-0.11764706,-0.11411765,-1.8515,-59.8658,-0.11411765,-1.8515,-1.8515,-1.8515,-2.4687,-2.4687,-59.8658,-0.11411765,-10.4919,-9.8057,-51.2253,-51.9116,-0.09764706,-0.09895523,-0.00352941,5.1431,4.7397,-0.6051,-61.7173,-2.1282,524.5969,102.0000,,5.1431,5.1431,5.1431,5.1431,5.1431,5.1431,5.1431,5.1431,5.1431,1.0,1.0,1.0,29,25,1,2,0E-8,-0.11764706,,0E-8,0.000000,0.921569,0.000000,,2026-06-10,2026-06-10,1,29,29,1,1.000000,,,0.000000,,,,,,,,GLOBAL_BASELINE_NO_ENTITY_RANKING,,,NOT_APPLICABLE_GLOBAL_BASELINE,HF9g-P5,,,,X 全窗基线 · 不参与实体赏罚,3921264,393,A168_HF9F_20260827_0900,2026-08-27 09:00:00
2026-06-10,151267445,1004,0,20.5724278036,-5.1431069509,-5.1431069509,0.3333333,4,4,0.49659680000000000,0.496596800000,-0.5655743394288276,-0.5655743394288276,-0.5655743394288276,0E-17,ELIGIBLE,R03b_20260811_FULL_v1,L1_ELIGIBILITY,v2026-08-11,2026-03-21..2026-08-06,baccarat_bet02_101_all_pairs_incl_sentinel,round_win = game_pnl > 0 (decisive only),COMPATIBILITY_ONLY_NOT_PRODUCTION,524.5969,483.4521,-61.7173,102,102,0.11764706,,0.11764706,0.11764706,61.7173,524.5969,OK,0.0000,-1.8515,3.0000,97.0000,AG03-UNRESOLVED,ALL5_LEVELS_bet23_to_bet27,-1.8515,-1.8515,-1.8515,-2.4687,-2.4687,3.000000,3.000000,3.000000,4.000000,4.000000,97.000000,97.000000,97.000000,96.000000,96.000000,5.0,-10.4919,-9.8057,-51.2253,-51.9116,PENDING_AG03,FALSE,NOT_FOR_ENFORCEMENT,-59.8658,468.9485,-61.7173,-59.8658,-1.8515,-0.11764706,-0.11411765,-1.8515,-59.8658,-0.11411765,-1.8515,-1.8515,-1.8515,-2.4687,-2.4687,-59.8658,-0.11411765,-10.4919,-9.8057,-51.2253,-51.9116,-0.09764706,-0.09895523,-0.00352941,5.1431,4.7397,-0.6051,-61.7173,-2.1282,524.5969,102.0000,,5.1431,5.1431,5.1431,5.1431,5.1431,5.1431,5.1431,5.1431,5.1431,1.0,1.0,1.0,29,25,1,2,0E-8,-0.11764706,,0E-8,0.000000,0.921569,0.000000,,2026-06-10,2026-06-10,1,29,29,1,1.000000,,,0.000000,,,,,,,,GLOBAL_BASELINE_NO_ENTITY_RANKING,,,NOT_APPLICABLE_GLOBAL_BASELINE,HF9g-P5,,,,X 全窗基线 · 不参与实体赏罚,3921265,393,A168_HF9F_20260827_0900,2026-08-27 09:00:00
2026-06-10,151267445,1151,0,20.5724278036,10.2862139018,10.2862139018,0.7500000,4,4,0.49324550000000000,0.493245500000,1.0271117246678039,1.0271117246678039,1.0271117246678039,0E-17,ELIGIBLE,R03b_20260811_FULL_v1,L1_ELIGIBILITY,v2026-08-11,2026-03-21..2026-08-06,baccarat_bet02_101_all_pairs_incl_sentinel,round_win = game_pnl > 0 (decisive only),COMPATIBILITY_ONLY_NOT_PRODUCTION,524.5969,483.4521,-61.7173,102,102,0.11764706,,0.11764706,0.11764706,61.7173,524.5969,OK,0.0000,-1.8515,3.0000,97.0000,AG03-UNRESOLVED,ALL5_LEVELS_bet23_to_bet27,-1.8515,-1.8515,-1.8515,-2.4687,-2.4687,3.000000,3.000000,3.000000,4.000000,4.000000,97.000000,97.000000,97.000000,96.000000,96.000000,5.0,-10.4919,-9.8057,-51.2253,-51.9116,PENDING_AG03,FALSE,NOT_FOR_ENFORCEMENT,-59.8658,468.9485,-61.7173,-59.8658,-1.8515,-0.11764706,-0.11411765,-1.8515,-59.8658,-0.11411765,-1.8515,-1.8515,-1.8515,-2.4687,-2.4687,-59.8658,-0.11411765,-10.4919,-9.8057,-51.2253,-51.9116,-0.09764706,-0.09895523,-0.00352941,5.1431,4.7397,-0.6051,-61.7173,-2.1282,524.5969,102.0000,,5.1431,5.1431,5.1431,5.1431,5.1431,5.1431,5.1431,5.1431,5.1431,1.0,1.0,1.0,29,25,1,2,0E-8,-0.11764706,,0E-8,0.000000,0.921569,0.000000,,2026-06-10,2026-06-10,1,29,29,1,1.000000,,,0.000000,,,,,,,,GLOBAL_BASELINE_NO_ENTITY_RANKING,,,NOT_APPLICABLE_GLOBAL_BASELINE,HF9g-P5,,,,X 全窗基线 · 不参与实体赏罚,3921266,393,A168_HF9F_20260827_0900,2026-08-27 09:00:00
2026-06-10,151267445,1220,0,10.2862139018,10.2862139018,10.2862139018,1.0000000,2,2,0.49324550000000000,0.493245500000,1.4334489766152358,1.4334489766152358,1.4334489766152358,0E-17,ELIGIBLE,R03b_20260811_FULL_v1,L1_ELIGIBILITY,v2026-08-11,2026-03-21..2026-08-06,baccarat_bet02_101_all_pairs_incl_sentinel,round_win = game_pnl > 0 (decisive only),COMPATIBILITY_ONLY_NOT_PRODUCTION,524.5969,483.4521,-61.7173,102,102,0.11764706,,0.11764706,0.11764706,61.7173,524.5969,OK,0.0000,-1.8515,3.0000,97.0000,AG03-UNRESOLVED,ALL5_LEVELS_bet23_to_bet27,-1.8515,-1.8515,-1.8515,-2.4687,-2.4687,3.000000,3.000000,3.000000,4.000000,4.000000,97.000000,97.000000,97.000000,96.000000,96.000000,5.0,-10.4919,-9.8057,-51.2253,-51.9116,PENDING_AG03,FALSE,NOT_FOR_ENFORCEMENT,-59.8658,468.9485,-61.7173,-59.8658,-1.8515,-0.11764706,-0.11411765,-1.8515,-59.8658,-0.11411765,-1.8515,-1.8515,-1.8515,-2.4687,-2.4687,-59.8658,-0.11411765,-10.4919,-9.8057,-51.2253,-51.9116,-0.09764706,-0.09895523,-0.00352941,5.1431,4.7397,-0.6051,-61.7173,-2.1282,524.5969,102.0000,,5.1431,5.1431,5.1431,5.1431,5.1431,5.1431,5.1431,5.1431,5.1431,1.0,1.0,1.0,29,25,1,2,0E-8,-0.11764706,,0E-8,0.000000,0.921569,0.000000,,2026-06-10,2026-06-10,1,29,29,1,1.000000,,,0.000000,,,,,,,,GLOBAL_BASELINE_NO_ENTITY_RANKING,,,NOT_APPLICABLE_GLOBAL_BASELINE,HF9g-P5,,,,X 全窗基线 · 不参与实体赏罚,3921267,393,A168_HF9F_20260827_0900,2026-08-27 09:00:00
2026-06-10,151267445,1307,0,20.5724278036,0E-10,0E-10,0.5000000,4,4,0.49324550000000000,0.493245500000,0.027020465636507562,0.027020465636507562,0.027020465636507562,0E-17,ELIGIBLE,R03b_20260811_FULL_v1,L1_ELIGIBILITY,v2026-08-11,2026-03-21..2026-08-06,baccarat_bet02_101_all_pairs_incl_sentinel,round_win = game_pnl > 0 (decisive only),COMPATIBILITY_ONLY_NOT_PRODUCTION,524.5969,483.4521,-61.7173,102,102,0.11764706,,0.11764706,0.11764706,61.7173,524.5969,OK,0.0000,-1.8515,3.0000,97.0000,AG03-UNRESOLVED,ALL5_LEVELS_bet23_to_bet27,-1.8515,-1.8515,-1.8515,-2.4687,-2.4687,3.000000,3.000000,3.000000,4.000000,4.000000,97.000000,97.000000,97.000000,96.000000,96.000000,5.0,-10.4919,-9.8057,-51.2253,-51.9116,PENDING_AG03,FALSE,NOT_FOR_ENFORCEMENT,-59.8658,468.9485,-61.7173,-59.8658,-1.8515,-0.11764706,-0.11411765,-1.8515,-59.8658,-0.11411765,-1.8515,-1.8515,-1.8515,-2.4687,-2.4687,-59.8658,-0.11411765,-10.4919,-9.8057,-51.2253,-51.9116,-0.09764706,-0.09895523,-0.00352941,5.1431,4.7397,-0.6051,-61.7173,-2.1282,524.5969,102.0000,,5.1431,5.1431,5.1431,5.1431,5.1431,5.1431,5.1431,5.1431,5.1431,1.0,1.0,1.0,29,25,1,2,0E-8,-0.11764706,,0E-8,0.000000,0.921569,0.000000,,2026-06-10,2026-06-10,1,29,29,1,1.000000,,,0.000000,,,,,,,,GLOBAL_BASELINE_NO_ENTITY_RANKING,,,NOT_APPLICABLE_GLOBAL_BASELINE,HF9g-P5,,,,X 全窗基线 · 不参与实体赏罚,3921268,393,A168_HF9F_20260827_0900,2026-08-27 09:00:00
2026-06-10,151267445,1318,0,5.1431069509,-5.1431069509,-5.1431069509,0E-7,1,1,0.50665070000000000,0.506650700000,-1.013391052207602,-1.013391052207602,-1.013391052207602,0E-17,ELIGIBLE,R03b_20260811_FULL_v1,L1_ELIGIBILITY,v2026-08-11,2026-03-21..2026-08-06,baccarat_bet02_101_all_pairs_incl_sentinel,round_win = game_pnl > 0 (decisive only),COMPATIBILITY_ONLY_NOT_PRODUCTION,524.5969,483.4521,-61.7173,102,102,0.11764706,,0.11764706,0.11764706,61.7173,524.5969,OK,0.0000,-1.8515,3.0000,97.0000,AG03-UNRESOLVED,ALL5_LEVELS_bet23_to_bet27,-1.8515,-1.8515,-1.8515,-2.4687,-2.4687,3.000000,3.000000,3.000000,4.000000,4.000000,97.000000,97.000000,97.000000,96.000000,96.000000,5.0,-10.4919,-9.8057,-51.2253,-51.9116,PENDING_AG03,FALSE,NOT_FOR_ENFORCEMENT,-59.8658,468.9485,-61.7173,-59.8658,-1.8515,-0.11764706,-0.11411765,-1.8515,-59.8658,-0.11411765,-1.8515,-1.8515,-1.8515,-2.4687,-2.4687,-59.8658,-0.11411765,-10.4919,-9.8057,-51.2253,-51.9116,-0.09764706,-0.09895523,-0.00352941,5.1431,4.7397,-0.6051,-61.7173,-2.1282,524.5969,102.0000,,5.1431,5.1431,5.1431,5.1431,5.1431,5.1431,5.1431,5.1431,5.1431,1.0,1.0,1.0,29,25,1,2,0E-8,-0.11764706,,0E-8,0.000000,0.921569,0.000000,,2026-06-10,2026-06-10,1,29,29,1,1.000000,,,0.000000,,,,,,,,GLOBAL_BASELINE_NO_ENTITY_RANKING,,,NOT_APPLICABLE_GLOBAL_BASELINE,HF9g-P5,,,,X 全窗基线 · 不参与实体赏罚,3921269,393,A168_HF9F_20260827_0900,2026-08-27 09:00:00
2026-06-10,151267445,1325,0,5.1431069509,5.1431069509,5.1431069509,1.0000000,1,1,0.49324550000000000,0.493245500000,1.01360149184955,1.01360149184955,1.01360149184955,0E-17,ELIGIBLE,R03b_20260811_FULL_v1,L1_ELIGIBILITY,v2026-08-11,2026-03-21..2026-08-06,baccarat_bet02_101_all_pairs_incl_sentinel,round_win = game_pnl > 0 (decisive only),COMPATIBILITY_ONLY_NOT_PRODUCTION,524.5969,483.4521,-61.7173,102,102,0.11764706,,0.11764706,0.11764706,61.7173,524.5969,OK,0.0000,-1.8515,3.0000,97.0000,AG03-UNRESOLVED,ALL5_LEVELS_bet23_to_bet27,-1.8515,-1.8515,-1.8515,-2.4687,-2.4687,3.000000,3.000000,3.000000,4.000000,4.000000,97.000000,97.000000,97.000000,96.000000,96.000000,5.0,-10.4919,-9.8057,-51.2253,-51.9116,PENDING_AG03,FALSE,NOT_FOR_ENFORCEMENT,-59.8658,468.9485,-61.7173,-59.8658,-1.8515,-0.11764706,-0.11411765,-1.8515,-59.8658,-0.11411765,-1.8515,-1.8515,-1.8515,-2.4687,-2.4687,-59.8658,-0.11411765,-10.4919,-9.8057,-51.2253,-51.9116,-0.09764706,-0.09895523,-0.00352941,5.1431,4.7397,-0.6051,-61.7173,-2.1282,524.5969,102.0000,,5.1431,5.1431,5.1431,5.1431,5.1431,5.1431,5.1431,5.1431,5.1431,1.0,1.0,1.0,29,25,1,2,0E-8,-0.11764706,,0E-8,0.000000,0.921569,0.000000,,2026-06-10,2026-06-10,1,29,29,1,1.000000,,,0.000000,,,,,,,,GLOBAL_BASELINE_NO_ENTITY_RANKING,,,NOT_APPLICABLE_GLOBAL_BASELINE,HF9g-P5,,,,X 全窗基线 · 不参与实体赏罚,3921270,393,A168_HF9F_20260827_0900,2026-08-27 09:00:00
2026-06-10,151267445,1509,0,15.4293208527,5.1431069509,5.1431069509,0.6666667,3,3,0.49324550000000000,0.493245500000,0.6008033672792107,0.6008033672792106,0.6008033672792107,0E-17,ELIGIBLE,R03b_20260811_FULL_v1,L1_ELIGIBILITY,v2026-08-11,2026-03-21..2026-08-06,baccarat_bet02_101_all_pairs_incl_sentinel,round_win = game_pnl > 0 (decisive only),COMPATIBILITY_ONLY_NOT_PRODUCTION,524.5969,483.4521,-61.7173,102,102,0.11764706,,0.11764706,0.11764706,61.7173,524.5969,OK,0.0000,-1.8515,3.0000,97.0000,AG03-UNRESOLVED,ALL5_LEVELS_bet23_to_bet27,-1.8515,-1.8515,-1.8515,-2.4687,-2.4687,3.000000,3.000000,3.000000,4.000000,4.000000,97.000000,97.000000,97.000000,96.000000,96.000000,5.0,-10.4919,-9.8057,-51.2253,-51.9116,PENDING_AG03,FALSE,NOT_FOR_ENFORCEMENT,-59.8658,468.9485,-61.7173,-59.8658,-1.8515,-0.11764706,-0.11411765,-1.8515,-59.8658,-0.11411765,-1.8515,-1.8515,-1.8515,-2.4687,-2.4687,-59.8658,-0.11411765,-10.4919,-9.8057,-51.2253,-51.9116,-0.09764706,-0.09895523,-0.00352941,5.1431,4.7397,-0.6051,-61.7173,-2.1282,524.5969,102.0000,,5.1431,5.1431,5.1431,5.1431,5.1431,5.1431,5.1431,5.1431,5.1431,1.0,1.0,1.0,29,25,1,2,0E-8,-0.11764706,,0E-8,0.000000,0.921569,0.000000,,2026-06-10,2026-06-10,1,29,29,1,1.000000,,,0.000000,,,,,,,,GLOBAL_BASELINE_NO_ENTITY_RANKING,,,NOT_APPLICABLE_GLOBAL_BASELINE,HF9g-P5,,,,X 全窗基线 · 不参与实体赏罚,3921271,393,A168_HF9F_20260827_0900,2026-08-27 09:00:00
2026-06-10,151267445,1942,0,5.1431069509,5.1431069509,5.1431069509,1.0000000,1,1,0.49324550000000000,0.493245500000,1.01360149184955,1.01360149184955,1.01360149184955,0E-17,ELIGIBLE,R03b_20260811_FULL_v1,L1_ELIGIBILITY,v2026-08-11,2026-03-21..2026-08-06,baccarat_bet02_101_all_pairs_incl_sentinel,round_win = game_pnl > 0 (decisive only),COMPATIBILITY_ONLY_NOT_PRODUCTION,524.5969,483.4521,-61.7173,102,102,0.11764706,,0.11764706,0.11764706,61.7173,524.5969,OK,0.0000,-1.8515,3.0000,97.0000,AG03-UNRESOLVED,ALL5_LEVELS_bet23_to_bet27,-1.8515,-1.8515,-1.8515,-2.4687,-2.4687,3.000000,3.000000,3.000000,4.000000,4.000000,97.000000,97.000000,97.000000,96.000000,96.000000,5.0,-10.4919,-9.8057,-51.2253,-51.9116,PENDING_AG03,FALSE,NOT_FOR_ENFORCEMENT,-59.8658,468.9485,-61.7173,-59.8658,-1.8515,-0.11764706,-0.11411765,-1.8515,-59.8658,-0.11411765,-1.8515,-1.8515,-1.8515,-2.4687,-2.4687,-59.8658,-0.11411765,-10.4919,-9.8057,-51.2253,-51.9116,-0.09764706,-0.09895523,-0.00352941,5.1431,4.7397,-0.6051,-61.7173,-2.1282,524.5969,102.0000,,5.1431,5.1431,5.1431,5.1431,5.1431,5.1431,5.1431,5.1431,5.1431,1.0,1.0,1.0,29,25,1,2,0E-8,-0.11764706,,0E-8,0.000000,0.921569,0.000000,,2026-06-10,2026-06-10,1,29,29,1,1.000000,,,0.000000,,,,,,,,GLOBAL_BASELINE_NO_ENTITY_RANKING,,,NOT_APPLICABLE_GLOBAL_BASELINE,HF9g-P5,,,,X 全窗基线 · 不参与实体赏罚,3921272,393,A168_HF9F_20260827_0900,2026-08-27 09:00:00
2026-06-10,151267445,1947,0,5.1431069509,5.1431069509,5.1431069509,1.0000000,1,1,0.49324550000000000,0.493245500000,1.01360149184955,1.01360149184955,1.01360149184955,0E-17,ELIGIBLE,R03b_20260811_FULL_v1,L1_ELIGIBILITY,v2026-08-11,2026-03-21..2026-08-06,baccarat_bet02_101_all_pairs_incl_sentinel,round_win = game_pnl > 0 (decisive only),COMPATIBILITY_ONLY_NOT_PRODUCTION,524.5969,483.4521,-61.7173,102,102,0.11764706,,0.11764706,0.11764706,61.7173,524.5969,OK,0.0000,-1.8515,3.0000,97.0000,AG03-UNRESOLVED,ALL5_LEVELS_bet23_to_bet27,-1.8515,-1.8515,-1.8515,-2.4687,-2.4687,3.000000,3.000000,3.000000,4.000000,4.000000,97.000000,97.000000,97.000000,96.000000,96.000000,5.0,-10.4919,-9.8057,-51.2253,-51.9116,PENDING_AG03,FALSE,NOT_FOR_ENFORCEMENT,-59.8658,468.9485,-61.7173,-59.8658,-1.8515,-0.11764706,-0.11411765,-1.8515,-59.8658,-0.11411765,-1.8515,-1.8515,-1.8515,-2.4687,-2.4687,-59.8658,-0.11411765,-10.4919,-9.8057,-51.2253,-51.9116,-0.09764706,-0.09895523,-0.00352941,5.1431,4.7397,-0.6051,-61.7173,-2.1282,524.5969,102.0000,,5.1431,5.1431,5.1431,5.1431,5.1431,5.1431,5.1431,5.1431,5.1431,1.0,1.0,1.0,29,25,1,2,0E-8,-0.11764706,,0E-8,0.000000,0.921569,0.000000,,2026-06-10,2026-06-10,1,29,29,1,1.000000,,,0.000000,,,,,,,,GLOBAL_BASELINE_NO_ENTITY_RANKING,,,NOT_APPLICABLE_GLOBAL_BASELINE,HF9g-P5,,,,X 全窗基线 · 不参与实体赏罚,3921273,393,A168_HF9F_20260827_0900,2026-08-27 09:00:00
2026-06-10,151267445,1990,0,5.1431069509,5.1431069509,5.1431069509,1.0000000,1,1,0.49324550000000000,0.493245500000,1.01360149184955,1.01360149184955,1.01360149184955,0E-17,ELIGIBLE,R03b_20260811_FULL_v1,L1_ELIGIBILITY,v2026-08-11,2026-03-21..2026-08-06,baccarat_bet02_101_all_pairs_incl_sentinel,round_win = game_pnl > 0 (decisive only),COMPATIBILITY_ONLY_NOT_PRODUCTION,524.5969,483.4521,-61.7173,102,102,0.11764706,,0.11764706,0.11764706,61.7173,524.5969,OK,0.0000,-1.8515,3.0000,97.0000,AG03-UNRESOLVED,ALL5_LEVELS_bet23_to_bet27,-1.8515,-1.8515,-1.8515,-2.4687,-2.4687,3.000000,3.000000,3.000000,4.000000,4.000000,97.000000,97.000000,97.000000,96.000000,96.000000,5.0,-10.4919,-9.8057,-51.2253,-51.9116,PENDING_AG03,FALSE,NOT_FOR_ENFORCEMENT,-59.8658,468.9485,-61.7173,-59.8658,-1.8515,-0.11764706,-0.11411765,-1.8515,-59.8658,-0.11411765,-1.8515,-1.8515,-1.8515,-2.4687,-2.4687,-59.8658,-0.11411765,-10.4919,-9.8057,-51.2253,-51.9116,-0.09764706,-0.09895523,-0.00352941,5.1431,4.7397,-0.6051,-61.7173,-2.1282,524.5969,102.0000,,5.1431,5.1431,5.1431,5.1431,5.1431,5.1431,5.1431,5.1431,5.1431,1.0,1.0,1.0,29,25,1,2,0E-8,-0.11764706,,0E-8,0.000000,0.921569,0.000000,,2026-06-10,2026-06-10,1,29,29,1,1.000000,,,0.000000,,,,,,,,GLOBAL_BASELINE_NO_ENTITY_RANKING,,,NOT_APPLICABLE_GLOBAL_BASELINE,HF9g-P5,,,,X 全窗基线 · 不参与实体赏罚,3921274,393,A168_HF9F_20260827_0900,2026-08-27 09:00:00
2026-06-10,151267445,2153,0,15.4293208527,5.1431069509,5.1431069509,0.6666667,3,3,0.49324550000000000,0.493245500000,0.6008033672792107,0.6008033672792106,0.6008033672792107,0E-17,ELIGIBLE,R03b_20260811_FULL_v1,L1_ELIGIBILITY,v2026-08-11,2026-03-21..2026-08-06,baccarat_bet02_101_all_pairs_incl_sentinel,round_win = game_pnl > 0 (decisive only),COMPATIBILITY_ONLY_NOT_PRODUCTION,524.5969,483.4521,-61.7173,102,102,0.11764706,,0.11764706,0.11764706,61.7173,524.5969,OK,0.0000,-1.8515,3.0000,97.0000,AG03-UNRESOLVED,ALL5_LEVELS_bet23_to_bet27,-1.8515,-1.8515,-1.8515,-2.4687,-2.4687,3.000000,3.000000,3.000000,4.000000,4.000000,97.000000,97.000000,97.000000,96.000000,96.000000,5.0,-10.4919,-9.8057,-51.2253,-51.9116,PENDING_AG03,FALSE,NOT_FOR_ENFORCEMENT,-59.8658,468.9485,-61.7173,-59.8658,-1.8515,-0.11764706,-0.11411765,-1.8515,-59.8658,-0.11411765,-1.8515,-1.8515,-1.8515,-2.4687,-2.4687,-59.8658,-0.11411765,-10.4919,-9.8057,-51.2253,-51.9116,-0.09764706,-0.09895523,-0.00352941,5.1431,4.7397,-0.6051,-61.7173,-2.1282,524.5969,102.0000,,5.1431,5.1431,5.1431,5.1431,5.1431,5.1431,5.1431,5.1431,5.1431,1.0,1.0,1.0,29,25,1,2,0E-8,-0.11764706,,0E-8,0.000000,0.921569,0.000000,,2026-06-10,2026-06-10,1,29,29,1,1.000000,,,0.000000,,,,,,,,GLOBAL_BASELINE_NO_ENTITY_RANKING,,,NOT_APPLICABLE_GLOBAL_BASELINE,HF9g-P5,,,,X 全窗基线 · 不参与实体赏罚,3921275,393,A168_HF9F_20260827_0900,2026-08-27 09:00:00
2026-06-10,151267445,2222,0,5.1431069509,5.1431069509,5.1431069509,1.0000000,1,1,0.49324550000000000,0.493245500000,1.01360149184955,1.01360149184955,1.01360149184955,0E-17,ELIGIBLE,R03b_20260811_FULL_v1,L1_ELIGIBILITY,v2026-08-11,2026-03-21..2026-08-06,baccarat_bet02_101_all_pairs_incl_sentinel,round_win = game_pnl > 0 (decisive only),COMPATIBILITY_ONLY_NOT_PRODUCTION,524.5969,483.4521,-61.7173,102,102,0.11764706,,0.11764706,0.11764706,61.7173,524.5969,OK,0.0000,-1.8515,3.0000,97.0000,AG03-UNRESOLVED,ALL5_LEVELS_bet23_to_bet27,-1.8515,-1.8515,-1.8515,-2.4687,-2.4687,3.000000,3.000000,3.000000,4.000000,4.000000,97.000000,97.000000,97.000000,96.000000,96.000000,5.0,-10.4919,-9.8057,-51.2253,-51.9116,PENDING_AG03,FALSE,NOT_FOR_ENFORCEMENT,-59.8658,468.9485,-61.7173,-59.8658,-1.8515,-0.11764706,-0.11411765,-1.8515,-59.8658,-0.11411765,-1.8515,-1.8515,-1.8515,-2.4687,-2.4687,-59.8658,-0.11411765,-10.4919,-9.8057,-51.2253,-51.9116,-0.09764706,-0.09895523,-0.00352941,5.1431,4.7397,-0.6051,-61.7173,-2.1282,524.5969,102.0000,,5.1431,5.1431,5.1431,5.1431,5.1431,5.1431,5.1431,5.1431,5.1431,1.0,1.0,1.0,29,25,1,2,0E-8,-0.11764706,,0E-8,0.000000,0.921569,0.000000,,2026-06-10,2026-06-10,1,29,29,1,1.000000,,,0.000000,,,,,,,,GLOBAL_BASELINE_NO_ENTITY_RANKING,,,NOT_APPLICABLE_GLOBAL_BASELINE,HF9g-P5,,,,X 全窗基线 · 不参与实体赏罚,3921276,393,A168_HF9F_20260827_0900,2026-08-27 09:00:00
2026-06-10,151267445,2223,0,25.7155347545,-5.1431069509,-5.1431069509,0.4000000,5,5,0.49324550000000000,0.493245500000,-0.4170446088060018,-0.4170446088060018,-0.4170446088060018,0E-17,ELIGIBLE,R03b_20260811_FULL_v1,L1_ELIGIBILITY,v2026-08-11,2026-03-21..2026-08-06,baccarat_bet02_101_all_pairs_incl_sentinel,round_win = game_pnl > 0 (decisive only),COMPATIBILITY_ONLY_NOT_PRODUCTION,524.5969,483.4521,-61.7173,102,102,0.11764706,,0.11764706,0.11764706,61.7173,524.5969,OK,0.0000,-1.8515,3.0000,97.0000,AG03-UNRESOLVED,ALL5_LEVELS_bet23_to_bet27,-1.8515,-1.8515,-1.8515,-2.4687,-2.4687,3.000000,3.000000,3.000000,4.000000,4.000000,97.000000,97.000000,97.000000,96.000000,96.000000,5.0,-10.4919,-9.8057,-51.2253,-51.9116,PENDING_AG03,FALSE,NOT_FOR_ENFORCEMENT,-59.8658,468.9485,-61.7173,-59.8658,-1.8515,-0.11764706,-0.11411765,-1.8515,-59.8658,-0.11411765,-1.8515,-1.8515,-1.8515,-2.4687,-2.4687,-59.8658,-0.11411765,-10.4919,-9.8057,-51.2253,-51.9116,-0.09764706,-0.09895523,-0.00352941,5.1431,4.7397,-0.6051,-61.7173,-2.1282,524.5969,102.0000,,5.1431,5.1431,5.1431,5.1431,5.1431,5.1431,5.1431,5.1431,5.1431,1.0,1.0,1.0,29,25,1,2,0E-8,-0.11764706,,0E-8,0.000000,0.921569,0.000000,,2026-06-10,2026-06-10,1,29,29,1,1.000000,,,0.000000,,,,,,,,GLOBAL_BASELINE_NO_ENTITY_RANKING,,,NOT_APPLICABLE_GLOBAL_BASELINE,HF9g-P5,,,,X 全窗基线 · 不参与实体赏罚,3921277,393,A168_HF9F_20260827_0900,2026-08-27 09:00:00
2026-06-10,151267445,2239,0,20.5724278036,10.2862139018,10.2862139018,0.7500000,4,4,0.49324550000000000,0.493245500000,1.0271117246678039,1.0271117246678039,1.0271117246678039,0E-17,ELIGIBLE,R03b_20260811_FULL_v1,L1_ELIGIBILITY,v2026-08-11,2026-03-21..2026-08-06,baccarat_bet02_101_all_pairs_incl_sentinel,round_win = game_pnl > 0 (decisive only),COMPATIBILITY_ONLY_NOT_PRODUCTION,524.5969,483.4521,-61.7173,102,102,0.11764706,,0.11764706,0.11764706,61.7173,524.5969,OK,0.0000,-1.8515,3.0000,97.0000,AG03-UNRESOLVED,ALL5_LEVELS_bet23_to_bet27,-1.8515,-1.8515,-1.8515,-2.4687,-2.4687,3.000000,3.000000,3.000000,4.000000,4.000000,97.000000,97.000000,97.000000,96.000000,96.000000,5.0,-10.4919,-9.8057,-51.2253,-51.9116,PENDING_AG03,FALSE,NOT_FOR_ENFORCEMENT,-59.8658,468.9485,-61.7173,-59.8658,-1.8515,-0.11764706,-0.11411765,-1.8515,-59.8658,-0.11411765,-1.8515,-1.8515,-1.8515,-2.4687,-2.4687,-59.8658,-0.11411765,-10.4919,-9.8057,-51.2253,-51.9116,-0.09764706,-0.09895523,-0.00352941,5.1431,4.7397,-0.6051,-61.7173,-2.1282,524.5969,102.0000,,5.1431,5.1431,5.1431,5.1431,5.1431,5.1431,5.1431,5.1431,5.1431,1.0,1.0,1.0,29,25,1,2,0E-8,-0.11764706,,0E-8,0.000000,0.921569,0.000000,,2026-06-10,2026-06-10,1,29,29,1,1.000000,,,0.000000,,,,,,,,GLOBAL_BASELINE_NO_ENTITY_RANKING,,,NOT_APPLICABLE_GLOBAL_BASELINE,HF9g-P5,,,,X 全窗基线 · 不参与实体赏罚,3921278,393,A168_HF9F_20260827_0900,2026-08-27 09:00:00
2026-06-10,151267445,2248,0,10.2862139018,10.2862139018,10.2862139018,1.0000000,2,2,0.49324550000000000,0.493245500000,1.4334489766152358,1.4334489766152358,1.4334489766152358,0E-17,ELIGIBLE,R03b_20260811_FULL_v1,L1_ELIGIBILITY,v2026-08-11,2026-03-21..2026-08-06,baccarat_bet02_101_all_pairs_incl_sentinel,round_win = game_pnl > 0 (decisive only),COMPATIBILITY_ONLY_NOT_PRODUCTION,524.5969,483.4521,-61.7173,102,102,0.11764706,,0.11764706,0.11764706,61.7173,524.5969,OK,0.0000,-1.8515,3.0000,97.0000,AG03-UNRESOLVED,ALL5_LEVELS_bet23_to_bet27,-1.8515,-1.8515,-1.8515,-2.4687,-2.4687,3.000000,3.000000,3.000000,4.000000,4.000000,97.000000,97.000000,97.000000,96.000000,96.000000,5.0,-10.4919,-9.8057,-51.2253,-51.9116,PENDING_AG03,FALSE,NOT_FOR_ENFORCEMENT,-59.8658,468.9485,-61.7173,-59.8658,-1.8515,-0.11764706,-0.11411765,-1.8515,-59.8658,-0.11411765,-1.8515,-1.8515,-1.8515,-2.4687,-2.4687,-59.8658,-0.11411765,-10.4919,-9.8057,-51.2253,-51.9116,-0.09764706,-0.09895523,-0.00352941,5.1431,4.7397,-0.6051,-61.7173,-2.1282,524.5969,102.0000,,5.1431,5.1431,5.1431,5.1431,5.1431,5.1431,5.1431,5.1431,5.1431,1.0,1.0,1.0,29,25,1,2,0E-8,-0.11764706,,0E-8,0.000000,0.921569,0.000000,,2026-06-10,2026-06-10,1,29,29,1,1.000000,,,0.000000,,,,,,,,GLOBAL_BASELINE_NO_ENTITY_RANKING,,,NOT_APPLICABLE_GLOBAL_BASELINE,HF9g-P5,,,,X 全窗基线 · 不参与实体赏罚,3921279,393,A168_HF9F_20260827_0900,2026-08-27 09:00:00
2026-06-10,151267445,2251,0,20.5724278036,-10.2862139018,-10.2862139018,0.2500000,4,4,0.49659680000000000,0.496596800000,-0.9864100490137353,-0.9864100490137354,-0.9864100490137353,0E-17,ELIGIBLE,R03b_20260811_FULL_v1,L1_ELIGIBILITY,v2026-08-11,2026-03-21..2026-08-06,baccarat_bet02_101_all_pairs_incl_sentinel,round_win = game_pnl > 0 (decisive only),COMPATIBILITY_ONLY_NOT_PRODUCTION,524.5969,483.4521,-61.7173,102,102,0.11764706,,0.11764706,0.11764706,61.7173,524.5969,OK,0.0000,-1.8515,3.0000,97.0000,AG03-UNRESOLVED,ALL5_LEVELS_bet23_to_bet27,-1.8515,-1.8515,-1.8515,-2.4687,-2.4687,3.000000,3.000000,3.000000,4.000000,4.000000,97.000000,97.000000,97.000000,96.000000,96.000000,5.0,-10.4919,-9.8057,-51.2253,-51.9116,PENDING_AG03,FALSE,NOT_FOR_ENFORCEMENT,-59.8658,468.9485,-61.7173,-59.8658,-1.8515,-0.11764706,-0.11411765,-1.8515,-59.8658,-0.11411765,-1.8515,-1.8515,-1.8515,-2.4687,-2.4687,-59.8658,-0.11411765,-10.4919,-9.8057,-51.2253,-51.9116,-0.09764706,-0.09895523,-0.00352941,5.1431,4.7397,-0.6051,-61.7173,-2.1282,524.5969,102.0000,,5.1431,5.1431,5.1431,5.1431,5.1431,5.1431,5.1431,5.1431,5.1431,1.0,1.0,1.0,29,25,1,2,0E-8,-0.11764706,,0E-8,0.000000,0.921569,0.000000,,2026-06-10,2026-06-10,1,29,29,1,1.000000,,,0.000000,,,,,,,,GLOBAL_BASELINE_NO_ENTITY_RANKING,,,NOT_APPLICABLE_GLOBAL_BASELINE,HF9g-P5,,,,X 全窗基线 · 不参与实体赏罚,3921280,393,A168_HF9F_20260827_0900,2026-08-27 09:00:00
2026-06-10,151267445,2256,0,5.1431069509,-5.1431069509,-5.1431069509,0E-7,1,1,0.49324550000000000,0.493245500000,-0.9865810262130424,-0.9865810262130424,-0.9865810262130424,0E-17,ELIGIBLE,R03b_20260811_FULL_v1,L1_ELIGIBILITY,v2026-08-11,2026-03-21..2026-08-06,baccarat_bet02_101_all_pairs_incl_sentinel,round_win = game_pnl > 0 (decisive only),COMPATIBILITY_ONLY_NOT_PRODUCTION,524.5969,483.4521,-61.7173,102,102,0.11764706,,0.11764706,0.11764706,61.7173,524.5969,OK,0.0000,-1.8515,3.0000,97.0000,AG03-UNRESOLVED,ALL5_LEVELS_bet23_to_bet27,-1.8515,-1.8515,-1.8515,-2.4687,-2.4687,3.000000,3.000000,3.000000,4.000000,4.000000,97.000000,97.000000,97.000000,96.000000,96.000000,5.0,-10.4919,-9.8057,-51.2253,-51.9116,PENDING_AG03,FALSE,NOT_FOR_ENFORCEMENT,-59.8658,468.9485,-61.7173,-59.8658,-1.8515,-0.11764706,-0.11411765,-1.8515,-59.8658,-0.11411765,-1.8515,-1.8515,-1.8515,-2.4687,-2.4687,-59.8658,-0.11411765,-10.4919,-9.8057,-51.2253,-51.9116,-0.09764706,-0.09895523,-0.00352941,5.1431,4.7397,-0.6051,-61.7173,-2.1282,524.5969,102.0000,,5.1431,5.1431,5.1431,5.1431,5.1431,5.1431,5.1431,5.1431,5.1431,1.0,1.0,1.0,29,25,1,2,0E-8,-0.11764706,,0E-8,0.000000,0.921569,0.000000,,2026-06-10,2026-06-10,1,29,29,1,1.000000,,,0.000000,,,,,,,,GLOBAL_BASELINE_NO_ENTITY_RANKING,,,NOT_APPLICABLE_GLOBAL_BASELINE,HF9g-P5,,,,X 全窗基线 · 不参与实体赏罚,3921281,393,A168_HF9F_20260827_0900,2026-08-27 09:00:00
2026-06-10,151267445,2261,0,5.1431069509,5.1431069509,5.1431069509,1.0000000,1,1,0.49324550000000000,0.493245500000,1.01360149184955,1.01360149184955,1.01360149184955,0E-17,ELIGIBLE,R03b_20260811_FULL_v1,L1_ELIGIBILITY,v2026-08-11,2026-03-21..2026-08-06,baccarat_bet02_101_all_pairs_incl_sentinel,round_win = game_pnl > 0 (decisive only),COMPATIBILITY_ONLY_NOT_PRODUCTION,524.5969,483.4521,-61.7173,102,102,0.11764706,,0.11764706,0.11764706,61.7173,524.5969,OK,0.0000,-1.8515,3.0000,97.0000,AG03-UNRESOLVED,ALL5_LEVELS_bet23_to_bet27,-1.8515,-1.8515,-1.8515,-2.4687,-2.4687,3.000000,3.000000,3.000000,4.000000,4.000000,97.000000,97.000000,97.000000,96.000000,96.000000,5.0,-10.4919,-9.8057,-51.2253,-51.9116,PENDING_AG03,FALSE,NOT_FOR_ENFORCEMENT,-59.8658,468.9485,-61.7173,-59.8658,-1.8515,-0.11764706,-0.11411765,-1.8515,-59.8658,-0.11411765,-1.8515,-1.8515,-1.8515,-2.4687,-2.4687,-59.8658,-0.11411765,-10.4919,-9.8057,-51.2253,-51.9116,-0.09764706,-0.09895523,-0.00352941,5.1431,4.7397,-0.6051,-61.7173,-2.1282,524.5969,102.0000,,5.1431,5.1431,5.1431,5.1431,5.1431,5.1431,5.1431,5.1431,5.1431,1.0,1.0,1.0,29,25,1,2,0E-8,-0.11764706,,0E-8,0.000000,0.921569,0.000000,,2026-06-10,2026-06-10,1,29,29,1,1.000000,,,0.000000,,,,,,,,GLOBAL_BASELINE_NO_ENTITY_RANKING,,,NOT_APPLICABLE_GLOBAL_BASELINE,HF9g-P5,,,,X 全窗基线 · 不参与实体赏罚,3921282,393,A168_HF9F_20260827_0900,2026-08-27 09:00:00
2026-06-10,151267445,2266,0,15.4293208527,5.1431069509,5.1431069509,0.6666667,3,3,0.49324550000000000,0.493245500000,0.6008033672792107,0.6008033672792106,0.6008033672792107,0E-17,ELIGIBLE,R03b_20260811_FULL_v1,L1_ELIGIBILITY,v2026-08-11,2026-03-21..2026-08-06,baccarat_bet02_101_all_pairs_incl_sentinel,round_win = game_pnl > 0 (decisive only),COMPATIBILITY_ONLY_NOT_PRODUCTION,524.5969,483.4521,-61.7173,102,102,0.11764706,,0.11764706,0.11764706,61.7173,524.5969,OK,0.0000,-1.8515,3.0000,97.0000,AG03-UNRESOLVED,ALL5_LEVELS_bet23_to_bet27,-1.8515,-1.8515,-1.8515,-2.4687,-2.4687,3.000000,3.000000,3.000000,4.000000,4.000000,97.000000,97.000000,97.000000,96.000000,96.000000,5.0,-10.4919,-9.8057,-51.2253,-51.9116,PENDING_AG03,FALSE,NOT_FOR_ENFORCEMENT,-59.8658,468.9485,-61.7173,-59.8658,-1.8515,-0.11764706,-0.11411765,-1.8515,-59.8658,-0.11411765,-1.8515,-1.8515,-1.8515,-2.4687,-2.4687,-59.8658,-0.11411765,-10.4919,-9.8057,-51.2253,-51.9116,-0.09764706,-0.09895523,-0.00352941,5.1431,4.7397,-0.6051,-61.7173,-2.1282,524.5969,102.0000,,5.1431,5.1431,5.1431,5.1431,5.1431,5.1431,5.1431,5.1431,5.1431,1.0,1.0,1.0,29,25,1,2,0E-8,-0.11764706,,0E-8,0.000000,0.921569,0.000000,,2026-06-10,2026-06-10,1,29,29,1,1.000000,,,0.000000,,,,,,,,GLOBAL_BASELINE_NO_ENTITY_RANKING,,,NOT_APPLICABLE_GLOBAL_BASELINE,HF9g-P5,,,,X 全窗基线 · 不参与实体赏罚,3921283,393,A168_HF9F_20260827_0900,2026-08-27 09:00:00
2026-06-10,151267445,2271,0,20.5724278036,-10.2862139018,-10.2862139018,0E-7,4,4,0.49994810000000000,0.499948100000,-1.4140667746232096,-1.4140667746232096,-1.4140667746232096,0E-17,ELIGIBLE,R03b_20260811_FULL_v1,L1_ELIGIBILITY,v2026-08-11,2026-03-21..2026-08-06,baccarat_bet02_101_all_pairs_incl_sentinel,round_win = game_pnl > 0 (decisive only),COMPATIBILITY_ONLY_NOT_PRODUCTION,524.5969,483.4521,-61.7173,102,102,0.11764706,,0.11764706,0.11764706,61.7173,524.5969,OK,0.0000,-1.8515,3.0000,97.0000,AG03-UNRESOLVED,ALL5_LEVELS_bet23_to_bet27,-1.8515,-1.8515,-1.8515,-2.4687,-2.4687,3.000000,3.000000,3.000000,4.000000,4.000000,97.000000,97.000000,97.000000,96.000000,96.000000,5.0,-10.4919,-9.8057,-51.2253,-51.9116,PENDING_AG03,FALSE,NOT_FOR_ENFORCEMENT,-59.8658,468.9485,-61.7173,-59.8658,-1.8515,-0.11764706,-0.11411765,-1.8515,-59.8658,-0.11411765,-1.8515,-1.8515,-1.8515,-2.4687,-2.4687,-59.8658,-0.11411765,-10.4919,-9.8057,-51.2253,-51.9116,-0.09764706,-0.09895523,-0.00352941,5.1431,4.7397,-0.6051,-61.7173,-2.1282,524.5969,102.0000,,5.1431,5.1431,5.1431,5.1431,5.1431,5.1431,5.1431,5.1431,5.1431,1.0,1.0,1.0,29,25,1,2,0E-8,-0.11764706,,0E-8,0.000000,0.921569,0.000000,,2026-06-10,2026-06-10,1,29,29,1,1.000000,,,0.000000,,,,,,,,GLOBAL_BASELINE_NO_ENTITY_RANKING,,,NOT_APPLICABLE_GLOBAL_BASELINE,HF9g-P5,,,,X 全窗基线 · 不参与实体赏罚,3921284,393,A168_HF9F_20260827_0900,2026-08-27 09:00:00
2026-06-10,151267445,2276,0,5.1431069509,-5.1431069509,-5.1431069509,0E-7,1,1,0.49324550000000000,0.493245500000,-0.9865810262130424,-0.9865810262130424,-0.9865810262130424,0E-17,ELIGIBLE,R03b_20260811_FULL_v1,L1_ELIGIBILITY,v2026-08-11,2026-03-21..2026-08-06,baccarat_bet02_101_all_pairs_incl_sentinel,round_win = game_pnl > 0 (decisive only),COMPATIBILITY_ONLY_NOT_PRODUCTION,524.5969,483.4521,-61.7173,102,102,0.11764706,,0.11764706,0.11764706,61.7173,524.5969,OK,0.0000,-1.8515,3.0000,97.0000,AG03-UNRESOLVED,ALL5_LEVELS_bet23_to_bet27,-1.8515,-1.8515,-1.8515,-2.4687,-2.4687,3.000000,3.000000,3.000000,4.000000,4.000000,97.000000,97.000000,97.000000,96.000000,96.000000,5.0,-10.4919,-9.8057,-51.2253,-51.9116,PENDING_AG03,FALSE,NOT_FOR_ENFORCEMENT,-59.8658,468.9485,-61.7173,-59.8658,-1.8515,-0.11764706,-0.11411765,-1.8515,-59.8658,-0.11411765,-1.8515,-1.8515,-1.8515,-2.4687,-2.4687,-59.8658,-0.11411765,-10.4919,-9.8057,-51.2253,-51.9116,-0.09764706,-0.09895523,-0.00352941,5.1431,4.7397,-0.6051,-61.7173,-2.1282,524.5969,102.0000,,5.1431,5.1431,5.1431,5.1431,5.1431,5.1431,5.1431,5.1431,5.1431,1.0,1.0,1.0,29,25,1,2,0E-8,-0.11764706,,0E-8,0.000000,0.921569,0.000000,,2026-06-10,2026-06-10,1,29,29,1,1.000000,,,0.000000,,,,,,,,GLOBAL_BASELINE_NO_ENTITY_RANKING,,,NOT_APPLICABLE_GLOBAL_BASELINE,HF9g-P5,,,,X 全窗基线 · 不参与实体赏罚,3921285,393,A168_HF9F_20260827_0900,2026-08-27 09:00:00
2026-06-10,151267445,583,0,5.1431069509,5.1431069509,5.1431069509,1.0000000,1,1,0.49324550000000000,0.493245500000,1.01360149184955,1.01360149184955,1.01360149184955,0E-17,ELIGIBLE,R03b_20260811_FULL_v1,L1_ELIGIBILITY,v2026-08-11,2026-03-21..2026-08-06,baccarat_bet02_101_all_pairs_incl_sentinel,round_win = game_pnl > 0 (decisive only),COMPATIBILITY_ONLY_NOT_PRODUCTION,524.5969,483.4521,-61.7173,102,102,0.11764706,,0.11764706,0.11764706,61.7173,524.5969,OK,0.0000,-1.8515,3.0000,97.0000,AG03-UNRESOLVED,ALL5_LEVELS_bet23_to_bet27,-1.8515,-1.8515,-1.8515,-2.4687,-2.4687,3.000000,3.000000,3.000000,4.000000,4.000000,97.000000,97.000000,97.000000,96.000000,96.000000,5.0,-10.4919,-9.8057,-51.2253,-51.9116,PENDING_AG03,FALSE,NOT_FOR_ENFORCEMENT,-59.8658,468.9485,-61.7173,-59.8658,-1.8515,-0.11764706,-0.11411765,-1.8515,-59.8658,-0.11411765,-1.8515,-1.8515,-1.8515,-2.4687,-2.4687,-59.8658,-0.11411765,-10.4919,-9.8057,-51.2253,-51.9116,-0.09764706,-0.09895523,-0.00352941,5.1431,4.7397,-0.6051,-61.7173,-2.1282,524.5969,102.0000,,5.1431,5.1431,5.1431,5.1431,5.1431,5.1431,5.1431,5.1431,5.1431,1.0,1.0,1.0,29,25,1,2,0E-8,-0.11764706,,0E-8,0.000000,0.921569,0.000000,,2026-06-10,2026-06-10,1,29,29,1,1.000000,,,0.000000,,,,,,,,GLOBAL_BASELINE_NO_ENTITY_RANKING,,,NOT_APPLICABLE_GLOBAL_BASELINE,HF9g-P5,,,,X 全窗基线 · 不参与实体赏罚,3921286,393,A168_HF9F_20260827_0900,2026-08-27 09:00:00
2026-06-10,151267445,752,0,5.1431069509,5.1431069509,5.1431069509,1.0000000,1,1,0.49324550000000000,0.493245500000,1.01360149184955,1.01360149184955,1.01360149184955,0E-17,ELIGIBLE,R03b_20260811_FULL_v1,L1_ELIGIBILITY,v2026-08-11,2026-03-21..2026-08-06,baccarat_bet02_101_all_pairs_incl_sentinel,round_win = game_pnl > 0 (decisive only),COMPATIBILITY_ONLY_NOT_PRODUCTION,524.5969,483.4521,-61.7173,102,102,0.11764706,,0.11764706,0.11764706,61.7173,524.5969,OK,0.0000,-1.8515,3.0000,97.0000,AG03-UNRESOLVED,ALL5_LEVELS_bet23_to_bet27,-1.8515,-1.8515,-1.8515,-2.4687,-2.4687,3.000000,3.000000,3.000000,4.000000,4.000000,97.000000,97.000000,97.000000,96.000000,96.000000,5.0,-10.4919,-9.8057,-51.2253,-51.9116,PENDING_AG03,FALSE,NOT_FOR_ENFORCEMENT,-59.8658,468.9485,-61.7173,-59.8658,-1.8515,-0.11764706,-0.11411765,-1.8515,-59.8658,-0.11411765,-1.8515,-1.8515,-1.8515,-2.4687,-2.4687,-59.8658,-0.11411765,-10.4919,-9.8057,-51.2253,-51.9116,-0.09764706,-0.09895523,-0.00352941,5.1431,4.7397,-0.6051,-61.7173,-2.1282,524.5969,102.0000,,5.1431,5.1431,5.1431,5.1431,5.1431,5.1431,5.1431,5.1431,5.1431,1.0,1.0,1.0,29,25,1,2,0E-8,-0.11764706,,0E-8,0.000000,0.921569,0.000000,,2026-06-10,2026-06-10,1,29,29,1,1.000000,,,0.000000,,,,,,,,GLOBAL_BASELINE_NO_ENTITY_RANKING,,,NOT_APPLICABLE_GLOBAL_BASELINE,HF9g-P5,,,,X 全窗基线 · 不参与实体赏罚,3921287,393,A168_HF9F_20260827_0900,2026-08-27 09:00:00
2026-06-10,151267445,994,0,20.5724278036,10.2862139018,10.2862139018,0.7500000,4,4,0.49324550000000000,0.493245500000,1.0271117246678039,1.0271117246678039,1.0271117246678039,0E-17,ELIGIBLE,R03b_20260811_FULL_v1,L1_ELIGIBILITY,v2026-08-11,2026-03-21..2026-08-06,baccarat_bet02_101_all_pairs_incl_sentinel,round_win = game_pnl > 0 (decisive only),COMPATIBILITY_ONLY_NOT_PRODUCTION,524.5969,483.4521,-61.7173,102,102,0.11764706,,0.11764706,0.11764706,61.7173,524.5969,OK,0.0000,-1.8515,3.0000,97.0000,AG03-UNRESOLVED,ALL5_LEVELS_bet23_to_bet27,-1.8515,-1.8515,-1.8515,-2.4687,-2.4687,3.000000,3.000000,3.000000,4.000000,4.000000,97.000000,97.000000,97.000000,96.000000,96.000000,5.0,-10.4919,-9.8057,-51.2253,-51.9116,PENDING_AG03,FALSE,NOT_FOR_ENFORCEMENT,-59.8658,468.9485,-61.7173,-59.8658,-1.8515,-0.11764706,-0.11411765,-1.8515,-59.8658,-0.11411765,-1.8515,-1.8515,-1.8515,-2.4687,-2.4687,-59.8658,-0.11411765,-10.4919,-9.8057,-51.2253,-51.9116,-0.09764706,-0.09895523,-0.00352941,5.1431,4.7397,-0.6051,-61.7173,-2.1282,524.5969,102.0000,,5.1431,5.1431,5.1431,5.1431,5.1431,5.1431,5.1431,5.1431,5.1431,1.0,1.0,1.0,29,25,1,2,0E-8,-0.11764706,,0E-8,0.000000,0.921569,0.000000,,2026-06-10,2026-06-10,1,29,29,1,1.000000,,,0.000000,,,,,,,,GLOBAL_BASELINE_NO_ENTITY_RANKING,,,NOT_APPLICABLE_GLOBAL_BASELINE,HF9g-P5,,,,X 全窗基线 · 不参与实体赏罚,3921288,393,A168_HF9F_20260827_0900,2026-08-27 09:00:00
2026-06-22,151906137,-1,1,115.7199063956,-38.5733021318,-38.5733021318,0.3333333,8,8,0.50162375000000000,0.501623750000,-0.8244556463391333,-0.8244556463391335,-0.8244556463391333,0E-17,SENTINEL_DEALER,R03b_20260811_FULL_v1,L1_ELIGIBILITY,v2026-08-11,2026-03-21..2026-08-06,baccarat_bet02_101_all_pairs_incl_sentinel,round_win = game_pnl > 0 (decisive only),COMPATIBILITY_ONLY_NOT_PRODUCTION,540.0262,450.0219,-61.7173,37,37,0.11428571,,0.11428571,0.11428571,61.7173,540.0262,OK,0.0000,-1.8515,3.0000,97.0000,AG03-UNRESOLVED,ALL5_LEVELS_bet23_to_bet27,-1.8515,-1.8515,-1.8515,-2.4687,-2.4687,3.000000,3.000000,3.000000,4.000000,4.000000,97.000000,97.000000,97.000000,96.000000,96.000000,5.0,-10.4919,-9.8057,-51.2253,-51.9116,PENDING_AG03,FALSE,NOT_FOR_ENFORCEMENT,-59.8658,436.5212,-61.7173,-59.8658,-1.8515,-0.11428571,-0.11085714,-1.8515,-59.8658,-0.11085714,-1.8515,-1.8515,-1.8515,-2.4687,-2.4687,-59.8658,-0.11085714,-10.4919,-9.8057,-51.2253,-51.9116,-0.09485714,-0.09612794,-0.00342857,14.5953,12.1628,-1.6680,-61.7173,-3.2483,540.0262,37.0000,,14.5953,12.8578,12.8578,12.8578,25.7155,25.7155,25.7155,12.8578,0.0,2.0,2.0,1.135135,18,20,1,2,0E-8,-0.11428571,,0E-8,0.000000,0.833333,0.000000,,2026-06-22,2026-06-22,1,19,18,1,1.000000,,,0.000000,,,,,,,,GLOBAL_BASELINE_NO_ENTITY_RANKING,,,NOT_APPLICABLE_GLOBAL_BASELINE,HF9g-P5,,,,X 全窗基线 · 不参与实体赏罚,3921289,393,A168_HF9F_20260827_0900,2026-08-27 09:00:00
2026-06-22,151906137,1157,0,38.5733021318,37.9304137629,37.9304137629,1.0000000,2,2,0.49994810000000000,0.499948100000,1.4143603653603398,1.4143603653603398,1.4143603653603398,0E-17,ELIGIBLE,R03b_20260811_FULL_v1,L1_ELIGIBILITY,v2026-08-11,2026-03-21..2026-08-06,baccarat_bet02_101_all_pairs_incl_sentinel,round_win = game_pnl > 0 (decisive only),COMPATIBILITY_ONLY_NOT_PRODUCTION,540.0262,450.0219,-61.7173,37,37,0.11428571,,0.11428571,0.11428571,61.7173,540.0262,OK,0.0000,-1.8515,3.0000,97.0000,AG03-UNRESOLVED,ALL5_LEVELS_bet23_to_bet27,-1.8515,-1.8515,-1.8515,-2.4687,-2.4687,3.000000,3.000000,3.000000,4.000000,4.000000,97.000000,97.000000,97.000000,96.000000,96.000000,5.0,-10.4919,-9.8057,-51.2253,-51.9116,PENDING_AG03,FALSE,NOT_FOR_ENFORCEMENT,-59.8658,436.5212,-61.7173,-59.8658,-1.8515,-0.11428571,-0.11085714,-1.8515,-59.8658,-0.11085714,-1.8515,-1.8515,-1.8515,-2.4687,-2.4687,-59.8658,-0.11085714,-10.4919,-9.8057,-51.2253,-51.9116,-0.09485714,-0.09612794,-0.00342857,14.5953,12.1628,-1.6680,-61.7173,-3.2483,540.0262,37.0000,,14.5953,12.8578,12.8578,12.8578,25.7155,25.7155,25.7155,12.8578,0.0,2.0,2.0,1.135135,18,20,1,2,0E-8,-0.11428571,,0E-8,0.000000,0.833333,0.000000,,2026-06-22,2026-06-22,1,19,18,1,1.000000,,,0.000000,,,,,,,,GLOBAL_BASELINE_NO_ENTITY_RANKING,,,NOT_APPLICABLE_GLOBAL_BASELINE,HF9g-P5,,,,X 全窗基线 · 不参与实体赏罚,3921290,393,A168_HF9F_20260827_0900,2026-08-27 09:00:00
2026-06-22,151906137,1384,0,25.7155347545,0E-10,0E-10,,1,1,0.49324550000000000,0.493245500000,,,,0E-17,NO_DECISIVE_ROUND,R03b_20260811_FULL_v1,L1_ELIGIBILITY,v2026-08-11,2026-03-21..2026-08-06,baccarat_bet02_101_all_pairs_incl_sentinel,round_win = game_pnl > 0 (decisive only),COMPATIBILITY_ONLY_NOT_PRODUCTION,540.0262,450.0219,-61.7173,37,37,0.11428571,,0.11428571,0.11428571,61.7173,540.0262,OK,0.0000,-1.8515,3.0000,97.0000,AG03-UNRESOLVED,ALL5_LEVELS_bet23_to_bet27,-1.8515,-1.8515,-1.8515,-2.4687,-2.4687,3.000000,3.000000,3.000000,4.000000,4.000000,97.000000,97.000000,97.000000,96.000000,96.000000,5.0,-10.4919,-9.8057,-51.2253,-51.9116,PENDING_AG03,FALSE,NOT_FOR_ENFORCEMENT,-59.8658,436.5212,-61.7173,-59.8658,-1.8515,-0.11428571,-0.11085714,-1.8515,-59.8658,-0.11085714,-1.8515,-1.8515,-1.8515,-2.4687,-2.4687,-59.8658,-0.11085714,-10.4919,-9.8057,-51.2253,-51.9116,-0.09485714,-0.09612794,-0.00342857,14.5953,12.1628,-1.6680,-61.7173,-3.2483,540.0262,37.0000,,14.5953,12.8578,12.8578,12.8578,25.7155,25.7155,25.7155,12.8578,0.0,2.0,2.0,1.135135,18,20,1,2,0E-8,-0.11428571,,0E-8,0.000000,0.833333,0.000000,,2026-06-22,2026-06-22,1,19,18,1,1.000000,,,0.000000,,,,,,,,GLOBAL_BASELINE_NO_ENTITY_RANKING,,,NOT_APPLICABLE_GLOBAL_BASELINE,HF9g-P5,,,,X 全窗基线 · 不参与实体赏罚,3921291,393,A168_HF9F_20260827_0900,2026-08-27 09:00:00
2026-06-22,151906137,1942,0,12.8577673773,-12.8577673773,-12.8577673773,0E-7,1,1,0.50665070000000000,0.506650700000,-1.013391052207602,-1.013391052207602,-1.013391052207602,0E-17,ELIGIBLE,R03b_20260811_FULL_v1,L1_ELIGIBILITY,v2026-08-11,2026-03-21..2026-08-06,baccarat_bet02_101_all_pairs_incl_sentinel,round_win = game_pnl > 0 (decisive only),COMPATIBILITY_ONLY_NOT_PRODUCTION,540.0262,450.0219,-61.7173,37,37,0.11428571,,0.11428571,0.11428571,61.7173,540.0262,OK,0.0000,-1.8515,3.0000,97.0000,AG03-UNRESOLVED,ALL5_LEVELS_bet23_to_bet27,-1.8515,-1.8515,-1.8515,-2.4687,-2.4687,3.000000,3.000000,3.000000,4.000000,4.000000,97.000000,97.000000,97.000000,96.000000,96.000000,5.0,-10.4919,-9.8057,-51.2253,-51.9116,PENDING_AG03,FALSE,NOT_FOR_ENFORCEMENT,-59.8658,436.5212,-61.7173,-59.8658,-1.8515,-0.11428571,-0.11085714,-1.8515,-59.8658,-0.11085714,-1.8515,-1.8515,-1.8515,-2.4687,-2.4687,-59.8658,-0.11085714,-10.4919,-9.8057,-51.2253,-51.9116,-0.09485714,-0.09612794,-0.00342857,14.5953,12.1628,-1.6680,-61.7173,-3.2483,540.0262,37.0000,,14.5953,12.8578,12.8578,12.8578,25.7155,25.7155,25.7155,12.8578,0.0,2.0,2.0,1.135135,18,20,1,2,0E-8,-0.11428571,,0E-8,0.000000,0.833333,0.000000,,2026-06-22,2026-06-22,1,19,18,1,1.000000,,,0.000000,,,,,,,,GLOBAL_BASELINE_NO_ENTITY_RANKING,,,NOT_APPLICABLE_GLOBAL_BASELINE,HF9g-P5,,,,X 全窗基线 · 不参与实体赏罚,3921292,393,A168_HF9F_20260827_0900,2026-08-27 09:00:00
2026-06-22,151906137,1947,0,12.8577673773,-12.8577673773,-12.8577673773,0E-7,1,1,0.49324550000000000,0.493245500000,-0.9865810262130424,-0.9865810262130424,-0.9865810262130424,0E-17,ELIGIBLE,R03b_20260811_FULL_v1,L1_ELIGIBILITY,v2026-08-11,2026-03-21..2026-08-06,baccarat_bet02_101_all_pairs_incl_sentinel,round_win = game_pnl > 0 (decisive only),COMPATIBILITY_ONLY_NOT_PRODUCTION,540.0262,450.0219,-61.7173,37,37,0.11428571,,0.11428571,0.11428571,61.7173,540.0262,OK,0.0000,-1.8515,3.0000,97.0000,AG03-UNRESOLVED,ALL5_LEVELS_bet23_to_bet27,-1.8515,-1.8515,-1.8515,-2.4687,-2.4687,3.000000,3.000000,3.000000,4.000000,4.000000,97.000000,97.000000,97.000000,96.000000,96.000000,5.0,-10.4919,-9.8057,-51.2253,-51.9116,PENDING_AG03,FALSE,NOT_FOR_ENFORCEMENT,-59.8658,436.5212,-61.7173,-59.8658,-1.8515,-0.11428571,-0.11085714,-1.8515,-59.8658,-0.11085714,-1.8515,-1.8515,-1.8515,-2.4687,-2.4687,-59.8658,-0.11085714,-10.4919,-9.8057,-51.2253,-51.9116,-0.09485714,-0.09612794,-0.00342857,14.5953,12.1628,-1.6680,-61.7173,-3.2483,540.0262,37.0000,,14.5953,12.8578,12.8578,12.8578,25.7155,25.7155,25.7155,12.8578,0.0,2.0,2.0,1.135135,18,20,1,2,0E-8,-0.11428571,,0E-8,0.000000,0.833333,0.000000,,2026-06-22,2026-06-22,1,19,18,1,1.000000,,,0.000000,,,,,,,,GLOBAL_BASELINE_NO_ENTITY_RANKING,,,NOT_APPLICABLE_GLOBAL_BASELINE,HF9g-P5,,,,X 全窗基线 · 不参与实体赏罚,3921293,393,A168_HF9F_20260827_0900,2026-08-27 09:00:00
2026-06-22,151906137,1951,0,38.5733021318,-38.5733021318,-38.5733021318,0E-7,2,2,0.49994810000000000,0.499948100000,-1.4140667746232096,-1.4140667746232096,-1.4140667746232096,0E-17,ELIGIBLE,R03b_20260811_FULL_v1,L1_ELIGIBILITY,v2026-08-11,2026-03-21..2026-08-06,baccarat_bet02_101_all_pairs_incl_sentinel,round_win = game_pnl > 0 (decisive only),COMPATIBILITY_ONLY_NOT_PRODUCTION,540.0262,450.0219,-61.7173,37,37,0.11428571,,0.11428571,0.11428571,61.7173,540.0262,OK,0.0000,-1.8515,3.0000,97.0000,AG03-UNRESOLVED,ALL5_LEVELS_bet23_to_bet27,-1.8515,-1.8515,-1.8515,-2.4687,-2.4687,3.000000,3.000000,3.000000,4.000000,4.000000,97.000000,97.000000,97.000000,96.000000,96.000000,5.0,-10.4919,-9.8057,-51.2253,-51.9116,PENDING_AG03,FALSE,NOT_FOR_ENFORCEMENT,-59.8658,436.5212,-61.7173,-59.8658,-1.8515,-0.11428571,-0.11085714,-1.8515,-59.8658,-0.11085714,-1.8515,-1.8515,-1.8515,-2.4687,-2.4687,-59.8658,-0.11085714,-10.4919,-9.8057,-51.2253,-51.9116,-0.09485714,-0.09612794,-0.00342857,14.5953,12.1628,-1.6680,-61.7173,-3.2483,540.0262,37.0000,,14.5953,12.8578,12.8578,12.8578,25.7155,25.7155,25.7155,12.8578,0.0,2.0,2.0,1.135135,18,20,1,2,0E-8,-0.11428571,,0E-8,0.000000,0.833333,0.000000,,2026-06-22,2026-06-22,1,19,18,1,1.000000,,,0.000000,,,,,,,,GLOBAL_BASELINE_NO_ENTITY_RANKING,,,NOT_APPLICABLE_GLOBAL_BASELINE,HF9g-P5,,,,X 全窗基线 · 不参与实体赏罚,3921294,393,A168_HF9F_20260827_0900,2026-08-27 09:00:00
2026-06-22,151906137,2108,0,12.8577673773,-12.8577673773,-12.8577673773,0E-7,1,1,0.50665070000000000,0.506650700000,-1.013391052207602,-1.013391052207602,-1.013391052207602,0E-17,ELIGIBLE,R03b_20260811_FULL_v1,L1_ELIGIBILITY,v2026-08-11,2026-03-21..2026-08-06,baccarat_bet02_101_all_pairs_incl_sentinel,round_win = game_pnl > 0 (decisive only),COMPATIBILITY_ONLY_NOT_PRODUCTION,540.0262,450.0219,-61.7173,37,37,0.11428571,,0.11428571,0.11428571,61.7173,540.0262,OK,0.0000,-1.8515,3.0000,97.0000,AG03-UNRESOLVED,ALL5_LEVELS_bet23_to_bet27,-1.8515,-1.8515,-1.8515,-2.4687,-2.4687,3.000000,3.000000,3.000000,4.000000,4.000000,97.000000,97.000000,97.000000,96.000000,96.000000,5.0,-10.4919,-9.8057,-51.2253,-51.9116,PENDING_AG03,FALSE,NOT_FOR_ENFORCEMENT,-59.8658,436.5212,-61.7173,-59.8658,-1.8515,-0.11428571,-0.11085714,-1.8515,-59.8658,-0.11085714,-1.8515,-1.8515,-1.8515,-2.4687,-2.4687,-59.8658,-0.11085714,-10.4919,-9.8057,-51.2253,-51.9116,-0.09485714,-0.09612794,-0.00342857,14.5953,12.1628,-1.6680,-61.7173,-3.2483,540.0262,37.0000,,14.5953,12.8578,12.8578,12.8578,25.7155,25.7155,25.7155,12.8578,0.0,2.0,2.0,1.135135,18,20,1,2,0E-8,-0.11428571,,0E-8,0.000000,0.833333,0.000000,,2026-06-22,2026-06-22,1,19,18,1,1.000000,,,0.000000,,,,,,,,GLOBAL_BASELINE_NO_ENTITY_RANKING,,,NOT_APPLICABLE_GLOBAL_BASELINE,HF9g-P5,,,,X 全窗基线 · 不参与实体赏罚,3921295,393,A168_HF9F_20260827_0900,2026-08-27 09:00:00
2026-06-22,151906137,2123,0,12.8577673773,12.2148790084,12.2148790084,1.0000000,1,1,0.50665070000000000,0.506650700000,0.9867858985152569,0.9867858985152569,0.9867858985152569,0E-17,ELIGIBLE,R03b_20260811_FULL_v1,L1_ELIGIBILITY,v2026-08-11,2026-03-21..2026-08-06,baccarat_bet02_101_all_pairs_incl_sentinel,round_win = game_pnl > 0 (decisive only),COMPATIBILITY_ONLY_NOT_PRODUCTION,540.0262,450.0219,-61.7173,37,37,0.11428571,,0.11428571,0.11428571,61.7173,540.0262,OK,0.0000,-1.8515,3.0000,97.0000,AG03-UNRESOLVED,ALL5_LEVELS_bet23_to_bet27,-1.8515,-1.8515,-1.8515,-2.4687,-2.4687,3.000000,3.000000,3.000000,4.000000,4.000000,97.000000,97.000000,97.000000,96.000000,96.000000,5.0,-10.4919,-9.8057,-51.2253,-51.9116,PENDING_AG03,FALSE,NOT_FOR_ENFORCEMENT,-59.8658,436.5212,-61.7173,-59.8658,-1.8515,-0.11428571,-0.11085714,-1.8515,-59.8658,-0.11085714,-1.8515,-1.8515,-1.8515,-2.4687,-2.4687,-59.8658,-0.11085714,-10.4919,-9.8057,-51.2253,-51.9116,-0.09485714,-0.09612794,-0.00342857,14.5953,12.1628,-1.6680,-61.7173,-3.2483,540.0262,37.0000,,14.5953,12.8578,12.8578,12.8578,25.7155,25.7155,25.7155,12.8578,0.0,2.0,2.0,1.135135,18,20,1,2,0E-8,-0.11428571,,0E-8,0.000000,0.833333,0.000000,,2026-06-22,2026-06-22,1,19,18,1,1.000000,,,0.000000,,,,,,,,GLOBAL_BASELINE_NO_ENTITY_RANKING,,,NOT_APPLICABLE_GLOBAL_BASELINE,HF9g-P5,,,,X 全窗基线 · 不参与实体赏罚,3921296,393,A168_HF9F_20260827_0900,2026-08-27 09:00:00
2026-06-22,151906137,2141,0,12.8577673773,0E-10,0E-10,,1,1,0.49324550000000000,0.493245500000,,,,0E-17,NO_DECISIVE_ROUND,R03b_20260811_FULL_v1,L1_ELIGIBILITY,v2026-08-11,2026-03-21..2026-08-06,baccarat_bet02_101_all_pairs_incl_sentinel,round_win = game_pnl > 0 (decisive only),COMPATIBILITY_ONLY_NOT_PRODUCTION,540.0262,450.0219,-61.7173,37,37,0.11428571,,0.11428571,0.11428571,61.7173,540.0262,OK,0.0000,-1.8515,3.0000,97.0000,AG03-UNRESOLVED,ALL5_LEVELS_bet23_to_bet27,-1.8515,-1.8515,-1.8515,-2.4687,-2.4687,3.000000,3.000000,3.000000,4.000000,4.000000,97.000000,97.000000,97.000000,96.000000,96.000000,5.0,-10.4919,-9.8057,-51.2253,-51.9116,PENDING_AG03,FALSE,NOT_FOR_ENFORCEMENT,-59.8658,436.5212,-61.7173,-59.8658,-1.8515,-0.11428571,-0.11085714,-1.8515,-59.8658,-0.11085714,-1.8515,-1.8515,-1.8515,-2.4687,-2.4687,-59.8658,-0.11085714,-10.4919,-9.8057,-51.2253,-51.9116,-0.09485714,-0.09612794,-0.00342857,14.5953,12.1628,-1.6680,-61.7173,-3.2483,540.0262,37.0000,,14.5953,12.8578,12.8578,12.8578,25.7155,25.7155,25.7155,12.8578,0.0,2.0,2.0,1.135135,18,20,1,2,0E-8,-0.11428571,,0E-8,0.000000,0.833333,0.000000,,2026-06-22,2026-06-22,1,19,18,1,1.000000,,,0.000000,,,,,,,,GLOBAL_BASELINE_NO_ENTITY_RANKING,,,NOT_APPLICABLE_GLOBAL_BASELINE,HF9g-P5,,,,X 全窗基线 · 不参与实体赏罚,3921297,393,A168_HF9F_20260827_0900,2026-08-27 09:00:00
2026-06-22,151906137,2147,0,12.8577673773,12.8577673773,12.8577673773,1.0000000,1,1,0.49324550000000000,0.493245500000,1.01360149184955,1.01360149184955,1.01360149184955,0E-17,ELIGIBLE,R03b_20260811_FULL_v1,L1_ELIGIBILITY,v2026-08-11,2026-03-21..2026-08-06,baccarat_bet02_101_all_pairs_incl_sentinel,round_win = game_pnl > 0 (decisive only),COMPATIBILITY_ONLY_NOT_PRODUCTION,540.0262,450.0219,-61.7173,37,37,0.11428571,,0.11428571,0.11428571,61.7173,540.0262,OK,0.0000,-1.8515,3.0000,97.0000,AG03-UNRESOLVED,ALL5_LEVELS_bet23_to_bet27,-1.8515,-1.8515,-1.8515,-2.4687,-2.4687,3.000000,3.000000,3.000000,4.000000,4.000000,97.000000,97.000000,97.000000,96.000000,96.000000,5.0,-10.4919,-9.8057,-51.2253,-51.9116,PENDING_AG03,FALSE,NOT_FOR_ENFORCEMENT,-59.8658,436.5212,-61.7173,-59.8658,-1.8515,-0.11428571,-0.11085714,-1.8515,-59.8658,-0.11085714,-1.8515,-1.8515,-1.8515,-2.4687,-2.4687,-59.8658,-0.11085714,-10.4919,-9.8057,-51.2253,-51.9116,-0.09485714,-0.09612794,-0.00342857,14.5953,12.1628,-1.6680,-61.7173,-3.2483,540.0262,37.0000,,14.5953,12.8578,12.8578,12.8578,25.7155,25.7155,25.7155,12.8578,0.0,2.0,2.0,1.135135,18,20,1,2,0E-8,-0.11428571,,0E-8,0.000000,0.833333,0.000000,,2026-06-22,2026-06-22,1,19,18,1,1.000000,,,0.000000,,,,,,,,GLOBAL_BASELINE_NO_ENTITY_RANKING,,,NOT_APPLICABLE_GLOBAL_BASELINE,HF9g-P5,,,,X 全窗基线 · 不参与实体赏罚,3921298,393,A168_HF9F_20260827_0900,2026-08-27 09:00:00
2026-06-22,151906137,2160,0,12.8577673773,-12.8577673773,-12.8577673773,0E-7,1,1,0.50665070000000000,0.506650700000,-1.013391052207602,-1.013391052207602,-1.013391052207602,0E-17,ELIGIBLE,R03b_20260811_FULL_v1,L1_ELIGIBILITY,v2026-08-11,2026-03-21..2026-08-06,baccarat_bet02_101_all_pairs_incl_sentinel,round_win = game_pnl > 0 (decisive only),COMPATIBILITY_ONLY_NOT_PRODUCTION,540.0262,450.0219,-61.7173,37,37,0.11428571,,0.11428571,0.11428571,61.7173,540.0262,OK,0.0000,-1.8515,3.0000,97.0000,AG03-UNRESOLVED,ALL5_LEVELS_bet23_to_bet27,-1.8515,-1.8515,-1.8515,-2.4687,-2.4687,3.000000,3.000000,3.000000,4.000000,4.000000,97.000000,97.000000,97.000000,96.000000,96.000000,5.0,-10.4919,-9.8057,-51.2253,-51.9116,PENDING_AG03,FALSE,NOT_FOR_ENFORCEMENT,-59.8658,436.5212,-61.7173,-59.8658,-1.8515,-0.11428571,-0.11085714,-1.8515,-59.8658,-0.11085714,-1.8515,-1.8515,-1.8515,-2.4687,-2.4687,-59.8658,-0.11085714,-10.4919,-9.8057,-51.2253,-51.9116,-0.09485714,-0.09612794,-0.00342857,14.5953,12.1628,-1.6680,-61.7173,-3.2483,540.0262,37.0000,,14.5953,12.8578,12.8578,12.8578,25.7155,25.7155,25.7155,12.8578,0.0,2.0,2.0,1.135135,18,20,1,2,0E-8,-0.11428571,,0E-8,0.000000,0.833333,0.000000,,2026-06-22,2026-06-22,1,19,18,1,1.000000,,,0.000000,,,,,,,,GLOBAL_BASELINE_NO_ENTITY_RANKING,,,NOT_APPLICABLE_GLOBAL_BASELINE,HF9g-P5,,,,X 全窗基线 · 不参与实体赏罚,3921299,393,A168_HF9F_20260827_0900,2026-08-27 09:00:00
2026-06-22,151906137,2209,0,12.8577673773,12.8577673773,12.8577673773,1.0000000,1,1,0.49324550000000000,0.493245500000,1.01360149184955,1.01360149184955,1.01360149184955,0E-17,ELIGIBLE,R03b_20260811_FULL_v1,L1_ELIGIBILITY,v2026-08-11,2026-03-21..2026-08-06,baccarat_bet02_101_all_pairs_incl_sentinel,round_win = game_pnl > 0 (decisive only),COMPATIBILITY_ONLY_NOT_PRODUCTION,540.0262,450.0219,-61.7173,37,37,0.11428571,,0.11428571,0.11428571,61.7173,540.0262,OK,0.0000,-1.8515,3.0000,97.0000,AG03-UNRESOLVED,ALL5_LEVELS_bet23_to_bet27,-1.8515,-1.8515,-1.8515,-2.4687,-2.4687,3.000000,3.000000,3.000000,4.000000,4.000000,97.000000,97.000000,97.000000,96.000000,96.000000,5.0,-10.4919,-9.8057,-51.2253,-51.9116,PENDING_AG03,FALSE,NOT_FOR_ENFORCEMENT,-59.8658,436.5212,-61.7173,-59.8658,-1.8515,-0.11428571,-0.11085714,-1.8515,-59.8658,-0.11085714,-1.8515,-1.8515,-1.8515,-2.4687,-2.4687,-59.8658,-0.11085714,-10.4919,-9.8057,-51.2253,-51.9116,-0.09485714,-0.09612794,-0.00342857,14.5953,12.1628,-1.6680,-61.7173,-3.2483,540.0262,37.0000,,14.5953,12.8578,12.8578,12.8578,25.7155,25.7155,25.7155,12.8578,0.0,2.0,2.0,1.135135,18,20,1,2,0E-8,-0.11428571,,0E-8,0.000000,0.833333,0.000000,,2026-06-22,2026-06-22,1,19,18,1,1.000000,,,0.000000,,,,,,,,GLOBAL_BASELINE_NO_ENTITY_RANKING,,,NOT_APPLICABLE_GLOBAL_BASELINE,HF9g-P5,,,,X 全窗基线 · 不参与实体赏罚,3921300,393,A168_HF9F_20260827_0900,2026-08-27 09:00:00
2026-06-22,151906137,2224,0,12.8577673773,12.8577673773,12.8577673773,1.0000000,1,1,0.49324550000000000,0.493245500000,1.01360149184955,1.01360149184955,1.01360149184955,0E-17,ELIGIBLE,R03b_20260811_FULL_v1,L1_ELIGIBILITY,v2026-08-11,2026-03-21..2026-08-06,baccarat_bet02_101_all_pairs_incl_sentinel,round_win = game_pnl > 0 (decisive only),COMPATIBILITY_ONLY_NOT_PRODUCTION,540.0262,450.0219,-61.7173,37,37,0.11428571,,0.11428571,0.11428571,61.7173,540.0262,OK,0.0000,-1.8515,3.0000,97.0000,AG03-UNRESOLVED,ALL5_LEVELS_bet23_to_bet27,-1.8515,-1.8515,-1.8515,-2.4687,-2.4687,3.000000,3.000000,3.000000,4.000000,4.000000,97.000000,97.000000,97.000000,96.000000,96.000000,5.0,-10.4919,-9.8057,-51.2253,-51.9116,PENDING_AG03,FALSE,NOT_FOR_ENFORCEMENT,-59.8658,436.5212,-61.7173,-59.8658,-1.8515,-0.11428571,-0.11085714,-1.8515,-59.8658,-0.11085714,-1.8515,-1.8515,-1.8515,-2.4687,-2.4687,-59.8658,-0.11085714,-10.4919,-9.8057,-51.2253,-51.9116,-0.09485714,-0.09612794,-0.00342857,14.5953,12.1628,-1.6680,-61.7173,-3.2483,540.0262,37.0000,,14.5953,12.8578,12.8578,12.8578,25.7155,25.7155,25.7155,12.8578,0.0,2.0,2.0,1.135135,18,20,1,2,0E-8,-0.11428571,,0E-8,0.000000,0.833333,0.000000,,2026-06-22,2026-06-22,1,19,18,1,1.000000,,,0.000000,,,,,,,,GLOBAL_BASELINE_NO_ENTITY_RANKING,,,NOT_APPLICABLE_GLOBAL_BASELINE,HF9g-P5,,,,X 全窗基线 · 不参与实体赏罚,3921301,393,A168_HF9F_20260827_0900,2026-08-27 09:00:00
2026-06-22,151906137,2246,0,38.5733021319,25.0726463857,25.0726463857,1.0000000,3,3,0.49771390000000000,0.497713900000,1.4206944795187548,1.420694479518755,1.4206944795187548,0E-17,ELIGIBLE,R03b_20260811_FULL_v1,L1_ELIGIBILITY,v2026-08-11,2026-03-21..2026-08-06,baccarat_bet02_101_all_pairs_incl_sentinel,round_win = game_pnl > 0 (decisive only),COMPATIBILITY_ONLY_NOT_PRODUCTION,540.0262,450.0219,-61.7173,37,37,0.11428571,,0.11428571,0.11428571,61.7173,540.0262,OK,0.0000,-1.8515,3.0000,97.0000,AG03-UNRESOLVED,ALL5_LEVELS_bet23_to_bet27,-1.8515,-1.8515,-1.8515,-2.4687,-2.4687,3.000000,3.000000,3.000000,4.000000,4.000000,97.000000,97.000000,97.000000,96.000000,96.000000,5.0,-10.4919,-9.8057,-51.2253,-51.9116,PENDING_AG03,FALSE,NOT_FOR_ENFORCEMENT,-59.8658,436.5212,-61.7173,-59.8658,-1.8515,-0.11428571,-0.11085714,-1.8515,-59.8658,-0.11085714,-1.8515,-1.8515,-1.8515,-2.4687,-2.4687,-59.8658,-0.11085714,-10.4919,-9.8057,-51.2253,-51.9116,-0.09485714,-0.09612794,-0.00342857,14.5953,12.1628,-1.6680,-61.7173,-3.2483,540.0262,37.0000,,14.5953,12.8578,12.8578,12.8578,25.7155,25.7155,25.7155,12.8578,0.0,2.0,2.0,1.135135,18,20,1,2,0E-8,-0.11428571,,0E-8,0.000000,0.833333,0.000000,,2026-06-22,2026-06-22,1,19,18,1,1.000000,,,0.000000,,,,,,,,GLOBAL_BASELINE_NO_ENTITY_RANKING,,,NOT_APPLICABLE_GLOBAL_BASELINE,HF9g-P5,,,,X 全窗基线 · 不参与实体赏罚,3921302,393,A168_HF9F_20260827_0900,2026-08-27 09:00:00
2026-06-22,151906137,2251,0,38.5733021319,37.9304137630,37.9304137630,1.0000000,3,3,0.49771390000000000,0.497713900000,1.739988277604938,1.739988277604938,1.739988277604938,0E-17,ELIGIBLE,R03b_20260811_FULL_v1,L1_ELIGIBILITY,v2026-08-11,2026-03-21..2026-08-06,baccarat_bet02_101_all_pairs_incl_sentinel,round_win = game_pnl > 0 (decisive only),COMPATIBILITY_ONLY_NOT_PRODUCTION,540.0262,450.0219,-61.7173,37,37,0.11428571,,0.11428571,0.11428571,61.7173,540.0262,OK,0.0000,-1.8515,3.0000,97.0000,AG03-UNRESOLVED,ALL5_LEVELS_bet23_to_bet27,-1.8515,-1.8515,-1.8515,-2.4687,-2.4687,3.000000,3.000000,3.000000,4.000000,4.000000,97.000000,97.000000,97.000000,96.000000,96.000000,5.0,-10.4919,-9.8057,-51.2253,-51.9116,PENDING_AG03,FALSE,NOT_FOR_ENFORCEMENT,-59.8658,436.5212,-61.7173,-59.8658,-1.8515,-0.11428571,-0.11085714,-1.8515,-59.8658,-0.11085714,-1.8515,-1.8515,-1.8515,-2.4687,-2.4687,-59.8658,-0.11085714,-10.4919,-9.8057,-51.2253,-51.9116,-0.09485714,-0.09612794,-0.00342857,14.5953,12.1628,-1.6680,-61.7173,-3.2483,540.0262,37.0000,,14.5953,12.8578,12.8578,12.8578,25.7155,25.7155,25.7155,12.8578,0.0,2.0,2.0,1.135135,18,20,1,2,0E-8,-0.11428571,,0E-8,0.000000,0.833333,0.000000,,2026-06-22,2026-06-22,1,19,18,1,1.000000,,,0.000000,,,,,,,,GLOBAL_BASELINE_NO_ENTITY_RANKING,,,NOT_APPLICABLE_GLOBAL_BASELINE,HF9g-P5,,,,X 全窗基线 · 不参与实体赏罚,3921303,393,A168_HF9F_20260827_0900,2026-08-27 09:00:00
2026-06-22,151906137,462,0,25.7155347545,25.7155347545,25.7155347545,1.0000000,1,1,0.49324550000000000,0.493245500000,1.01360149184955,1.01360149184955,1.01360149184955,0E-17,ELIGIBLE,R03b_20260811_FULL_v1,L1_ELIGIBILITY,v2026-08-11,2026-03-21..2026-08-06,baccarat_bet02_101_all_pairs_incl_sentinel,round_win = game_pnl > 0 (decisive only),COMPATIBILITY_ONLY_NOT_PRODUCTION,540.0262,450.0219,-61.7173,37,37,0.11428571,,0.11428571,0.11428571,61.7173,540.0262,OK,0.0000,-1.8515,3.0000,97.0000,AG03-UNRESOLVED,ALL5_LEVELS_bet23_to_bet27,-1.8515,-1.8515,-1.8515,-2.4687,-2.4687,3.000000,3.000000,3.000000,4.000000,4.000000,97.000000,97.000000,97.000000,96.000000,96.000000,5.0,-10.4919,-9.8057,-51.2253,-51.9116,PENDING_AG03,FALSE,NOT_FOR_ENFORCEMENT,-59.8658,436.5212,-61.7173,-59.8658,-1.8515,-0.11428571,-0.11085714,-1.8515,-59.8658,-0.11085714,-1.8515,-1.8515,-1.8515,-2.4687,-2.4687,-59.8658,-0.11085714,-10.4919,-9.8057,-51.2253,-51.9116,-0.09485714,-0.09612794,-0.00342857,14.5953,12.1628,-1.6680,-61.7173,-3.2483,540.0262,37.0000,,14.5953,12.8578,12.8578,12.8578,25.7155,25.7155,25.7155,12.8578,0.0,2.0,2.0,1.135135,18,20,1,2,0E-8,-0.11428571,,0E-8,0.000000,0.833333,0.000000,,2026-06-22,2026-06-22,1,19,18,1,1.000000,,,0.000000,,,,,,,,GLOBAL_BASELINE_NO_ENTITY_RANKING,,,NOT_APPLICABLE_GLOBAL_BASELINE,HF9g-P5,,,,X 全窗基线 · 不参与实体赏罚,3921304,393,A168_HF9F_20260827_0900,2026-08-27 09:00:00
2026-06-22,151906137,526,0,12.8577673773,-12.8577673773,-12.8577673773,0E-7,1,1,0.50665070000000000,0.506650700000,-1.013391052207602,-1.013391052207602,-1.013391052207602,0E-17,ELIGIBLE,R03b_20260811_FULL_v1,L1_ELIGIBILITY,v2026-08-11,2026-03-21..2026-08-06,baccarat_bet02_101_all_pairs_incl_sentinel,round_win = game_pnl > 0 (decisive only),COMPATIBILITY_ONLY_NOT_PRODUCTION,540.0262,450.0219,-61.7173,37,37,0.11428571,,0.11428571,0.11428571,61.7173,540.0262,OK,0.0000,-1.8515,3.0000,97.0000,AG03-UNRESOLVED,ALL5_LEVELS_bet23_to_bet27,-1.8515,-1.8515,-1.8515,-2.4687,-2.4687,3.000000,3.000000,3.000000,4.000000,4.000000,97.000000,97.000000,97.000000,96.000000,96.000000,5.0,-10.4919,-9.8057,-51.2253,-51.9116,PENDING_AG03,FALSE,NOT_FOR_ENFORCEMENT,-59.8658,436.5212,-61.7173,-59.8658,-1.8515,-0.11428571,-0.11085714,-1.8515,-59.8658,-0.11085714,-1.8515,-1.8515,-1.8515,-2.4687,-2.4687,-59.8658,-0.11085714,-10.4919,-9.8057,-51.2253,-51.9116,-0.09485714,-0.09612794,-0.00342857,14.5953,12.1628,-1.6680,-61.7173,-3.2483,540.0262,37.0000,,14.5953,12.8578,12.8578,12.8578,25.7155,25.7155,25.7155,12.8578,0.0,2.0,2.0,1.135135,18,20,1,2,0E-8,-0.11428571,,0E-8,0.000000,0.833333,0.000000,,2026-06-22,2026-06-22,1,19,18,1,1.000000,,,0.000000,,,,,,,,GLOBAL_BASELINE_NO_ENTITY_RANKING,,,NOT_APPLICABLE_GLOBAL_BASELINE,HF9g-P5,,,,X 全窗基线 · 不参与实体赏罚,3921305,393,A168_HF9F_20260827_0900,2026-08-27 09:00:00
2026-06-22,151906137,550,0,38.5733021319,0E-10,0E-10,0.5000000,3,3,0.49771390000000000,0.497713900000,0.006466134837551399,0.0064661348375514,0.006466134837551399,0E-17,ELIGIBLE,R03b_20260811_FULL_v1,L1_ELIGIBILITY,v2026-08-11,2026-03-21..2026-08-06,baccarat_bet02_101_all_pairs_incl_sentinel,round_win = game_pnl > 0 (decisive only),COMPATIBILITY_ONLY_NOT_PRODUCTION,540.0262,450.0219,-61.7173,37,37,0.11428571,,0.11428571,0.11428571,61.7173,540.0262,OK,0.0000,-1.8515,3.0000,97.0000,AG03-UNRESOLVED,ALL5_LEVELS_bet23_to_bet27,-1.8515,-1.8515,-1.8515,-2.4687,-2.4687,3.000000,3.000000,3.000000,4.000000,4.000000,97.000000,97.000000,97.000000,96.000000,96.000000,5.0,-10.4919,-9.8057,-51.2253,-51.9116,PENDING_AG03,FALSE,NOT_FOR_ENFORCEMENT,-59.8658,436.5212,-61.7173,-59.8658,-1.8515,-0.11428571,-0.11085714,-1.8515,-59.8658,-0.11085714,-1.8515,-1.8515,-1.8515,-2.4687,-2.4687,-59.8658,-0.11085714,-10.4919,-9.8057,-51.2253,-51.9116,-0.09485714,-0.09612794,-0.00342857,14.5953,12.1628,-1.6680,-61.7173,-3.2483,540.0262,37.0000,,14.5953,12.8578,12.8578,12.8578,25.7155,25.7155,25.7155,12.8578,0.0,2.0,2.0,1.135135,18,20,1,2,0E-8,-0.11428571,,0E-8,0.000000,0.833333,0.000000,,2026-06-22,2026-06-22,1,19,18,1,1.000000,,,0.000000,,,,,,,,GLOBAL_BASELINE_NO_ENTITY_RANKING,,,NOT_APPLICABLE_GLOBAL_BASELINE,HF9g-P5,,,,X 全窗基线 · 不参与实体赏罚,3921306,393,A168_HF9F_20260827_0900,2026-08-27 09:00:00
2026-06-22,151906137,925,0,25.7155347546,25.7155347546,25.7155347546,1.0000000,2,2,0.49324550000000000,0.493245500000,1.4334489766152358,1.4334489766152358,1.4334489766152358,0E-17,ELIGIBLE,R03b_20260811_FULL_v1,L1_ELIGIBILITY,v2026-08-11,2026-03-21..2026-08-06,baccarat_bet02_101_all_pairs_incl_sentinel,round_win = game_pnl > 0 (decisive only),COMPATIBILITY_ONLY_NOT_PRODUCTION,540.0262,450.0219,-61.7173,37,37,0.11428571,,0.11428571,0.11428571,61.7173,540.0262,OK,0.0000,-1.8515,3.0000,97.0000,AG03-UNRESOLVED,ALL5_LEVELS_bet23_to_bet27,-1.8515,-1.8515,-1.8515,-2.4687,-2.4687,3.000000,3.000000,3.000000,4.000000,4.000000,97.000000,97.000000,97.000000,96.000000,96.000000,5.0,-10.4919,-9.8057,-51.2253,-51.9116,PENDING_AG03,FALSE,NOT_FOR_ENFORCEMENT,-59.8658,436.5212,-61.7173,-59.8658,-1.8515,-0.11428571,-0.11085714,-1.8515,-59.8658,-0.11085714,-1.8515,-1.8515,-1.8515,-2.4687,-2.4687,-59.8658,-0.11085714,-10.4919,-9.8057,-51.2253,-51.9116,-0.09485714,-0.09612794,-0.00342857,14.5953,12.1628,-1.6680,-61.7173,-3.2483,540.0262,37.0000,,14.5953,12.8578,12.8578,12.8578,25.7155,25.7155,25.7155,12.8578,0.0,2.0,2.0,1.135135,18,20,1,2,0E-8,-0.11428571,,0E-8,0.000000,0.833333,0.000000,,2026-06-22,2026-06-22,1,19,18,1,1.000000,,,0.000000,,,,,,,,GLOBAL_BASELINE_NO_ENTITY_RANKING,,,NOT_APPLICABLE_GLOBAL_BASELINE,HF9g-P5,,,,X 全窗基线 · 不参与实体赏罚,3921307,393,A168_HF9F_20260827_0900,2026-08-27 09:00:00
2026-06-22,151906137,994,0,25.7155347546,0E-10,0E-10,0.5000000,2,2,0.49324550000000000,0.493245500000,0.01910635448239258,0.01910635448239258,0.01910635448239258,0E-17,ELIGIBLE,R03b_20260811_FULL_v1,L1_ELIGIBILITY,v2026-08-11,2026-03-21..2026-08-06,baccarat_bet02_101_all_pairs_incl_sentinel,round_win = game_pnl > 0 (decisive only),COMPATIBILITY_ONLY_NOT_PRODUCTION,540.0262,450.0219,-61.7173,37,37,0.11428571,,0.11428571,0.11428571,61.7173,540.0262,OK,0.0000,-1.8515,3.0000,97.0000,AG03-UNRESOLVED,ALL5_LEVELS_bet23_to_bet27,-1.8515,-1.8515,-1.8515,-2.4687,-2.4687,3.000000,3.000000,3.000000,4.000000,4.000000,97.000000,97.000000,97.000000,96.000000,96.000000,5.0,-10.4919,-9.8057,-51.2253,-51.9116,PENDING_AG03,FALSE,NOT_FOR_ENFORCEMENT,-59.8658,436.5212,-61.7173,-59.8658,-1.8515,-0.11428571,-0.11085714,-1.8515,-59.8658,-0.11085714,-1.8515,-1.8515,-1.8515,-2.4687,-2.4687,-59.8658,-0.11085714,-10.4919,-9.8057,-51.2253,-51.9116,-0.09485714,-0.09612794,-0.00342857,14.5953,12.1628,-1.6680,-61.7173,-3.2483,540.0262,37.0000,,14.5953,12.8578,12.8578,12.8578,25.7155,25.7155,25.7155,12.8578,0.0,2.0,2.0,1.135135,18,20,1,2,0E-8,-0.11428571,,0E-8,0.000000,0.833333,0.000000,,2026-06-22,2026-06-22,1,19,18,1,1.000000,,,0.000000,,,,,,,,GLOBAL_BASELINE_NO_ENTITY_RANKING,,,NOT_APPLICABLE_GLOBAL_BASELINE,HF9g-P5,,,,X 全窗基线 · 不参与实体赏罚,3921308,393,A168_HF9F_20260827_0900,2026-08-27 09:00:00
2026-06-24,152014870,-1,1,262.2984545009,7.7146604264,7.7146604264,0.5108696,101,101,0.49324550000000000,0.493245500000,0.33811904375466395,0.338119043754664,0.33811904375466395,0E-17,SENTINEL_DEALER,R03b_20260811_FULL_v1,L1_ELIGIBILITY,v2026-08-11,2026-03-21..2026-08-06,baccarat_bet02_101_all_pairs_incl_sentinel,round_win = game_pnl > 0 (decisive only),COMPATIBILITY_ONLY_NOT_PRODUCTION,776.6091,714.8919,-61.7173,301,300,0.07947020,,0.07947020,0.07947020,61.7173,776.6091,OK,0.0000,-1.8515,3.0000,97.0000,AG03-UNRESOLVED,ALL5_LEVELS_bet23_to_bet27,-1.8515,-1.8515,-1.8515,-2.4687,-2.4687,3.000000,3.000000,3.000000,4.000000,4.000000,97.000000,97.000000,97.000000,96.000000,96.000000,5.0,-10.4919,-9.8057,-51.2253,-51.9116,PENDING_AG03,FALSE,NOT_FOR_ENFORCEMENT,-59.8658,693.4451,-61.7173,-59.8658,-1.8515,-0.07947020,-0.07708609,-1.8515,-59.8658,-0.07708609,-1.8515,-1.8515,-1.8515,-2.4687,-2.4687,-59.8658,-0.07708609,-10.4919,-9.8057,-51.2253,-51.9116,-0.06596026,-0.06684393,-0.00238411,2.5801,2.3830,-0.2057,-61.7173,-2.1282,776.6091,300.0000,,2.5801,2.5716,2.5716,2.5716,2.5716,2.5716,2.5716,2.5716,0.0,1.0,1.0,1.003322,29,18,1,3,0E-8,-0.07947020,,0E-8,0.000000,0.920530,0.627907,,2026-06-24,2026-06-24,1,29,29,1,1.000000,,,0.000000,,,,,,,,GLOBAL_BASELINE_NO_ENTITY_RANKING,,,NOT_APPLICABLE_GLOBAL_BASELINE,HF9g-P5,,,,X 全窗基线 · 不参与实体赏罚,3921309,393,A168_HF9F_20260827_0900,2026-08-27 09:00:00
2026-06-24,152014870,1150,0,23.1439812795,2.5715534755,2.5715534755,0.5714286,9,9,0.49473496666666667,0.494734966667,0.4058469119422574,0.4058469119404907,0.4058469119422574,-3.3333E-13,ELIGIBLE,R03b_20260811_FULL_v1,L1_ELIGIBILITY,v2026-08-11,2026-03-21..2026-08-06,baccarat_bet02_101_all_pairs_incl_sentinel,round_win = game_pnl > 0 (decisive only),COMPATIBILITY_ONLY_NOT_PRODUCTION,776.6091,714.8919,-61.7173,301,300,0.07947020,,0.07947020,0.07947020,61.7173,776.6091,OK,0.0000,-1.8515,3.0000,97.0000,AG03-UNRESOLVED,ALL5_LEVELS_bet23_to_bet27,-1.8515,-1.8515,-1.8515,-2.4687,-2.4687,3.000000,3.000000,3.000000,4.000000,4.000000,97.000000,97.000000,97.000000,96.000000,96.000000,5.0,-10.4919,-9.8057,-51.2253,-51.9116,PENDING_AG03,FALSE,NOT_FOR_ENFORCEMENT,-59.8658,693.4451,-61.7173,-59.8658,-1.8515,-0.07947020,-0.07708609,-1.8515,-59.8658,-0.07708609,-1.8515,-1.8515,-1.8515,-2.4687,-2.4687,-59.8658,-0.07708609,-10.4919,-9.8057,-51.2253,-51.9116,-0.06596026,-0.06684393,-0.00238411,2.5801,2.3830,-0.2057,-61.7173,-2.1282,776.6091,300.0000,,2.5801,2.5716,2.5716,2.5716,2.5716,2.5716,2.5716,2.5716,0.0,1.0,1.0,1.003322,29,18,1,3,0E-8,-0.07947020,,0E-8,0.000000,0.920530,0.627907,,2026-06-24,2026-06-24,1,29,29,1,1.000000,,,0.000000,,,,,,,,GLOBAL_BASELINE_NO_ENTITY_RANKING,,,NOT_APPLICABLE_GLOBAL_BASELINE,HF9g-P5,,,,X 全窗基线 · 不参与实体赏罚,3921310,393,A168_HF9F_20260827_0900,2026-08-27 09:00:00
2026-06-24,152014870,1157,0,30.8586417060,-2.5715534755,-2.5715534755,0.4545455,12,12,0.49324550000000000,0.493245500000,-0.256730487122501,-0.256730487122501,-0.256730487122501,0E-17,ELIGIBLE,R03b_20260811_FULL_v1,L1_ELIGIBILITY,v2026-08-11,2026-03-21..2026-08-06,baccarat_bet02_101_all_pairs_incl_sentinel,round_win = game_pnl > 0 (decisive only),COMPATIBILITY_ONLY_NOT_PRODUCTION,776.6091,714.8919,-61.7173,301,300,0.07947020,,0.07947020,0.07947020,61.7173,776.6091,OK,0.0000,-1.8515,3.0000,97.0000,AG03-UNRESOLVED,ALL5_LEVELS_bet23_to_bet27,-1.8515,-1.8515,-1.8515,-2.4687,-2.4687,3.000000,3.000000,3.000000,4.000000,4.000000,97.000000,97.000000,97.000000,96.000000,96.000000,5.0,-10.4919,-9.8057,-51.2253,-51.9116,PENDING_AG03,FALSE,NOT_FOR_ENFORCEMENT,-59.8658,693.4451,-61.7173,-59.8658,-1.8515,-0.07947020,-0.07708609,-1.8515,-59.8658,-0.07708609,-1.8515,-1.8515,-1.8515,-2.4687,-2.4687,-59.8658,-0.07708609,-10.4919,-9.8057,-51.2253,-51.9116,-0.06596026,-0.06684393,-0.00238411,2.5801,2.3830,-0.2057,-61.7173,-2.1282,776.6091,300.0000,,2.5801,2.5716,2.5716,2.5716,2.5716,2.5716,2.5716,2.5716,0.0,1.0,1.0,1.003322,29,18,1,3,0E-8,-0.07947020,,0E-8,0.000000,0.920530,0.627907,,2026-06-24,2026-06-24,1,29,29,1,1.000000,,,0.000000,,,,,,,,GLOBAL_BASELINE_NO_ENTITY_RANKING,,,NOT_APPLICABLE_GLOBAL_BASELINE,HF9g-P5,,,,X 全窗基线 · 不参与实体赏罚,3921311,393,A168_HF9F_20260827_0900,2026-08-27 09:00:00
2026-06-24,152014870,1383,0,36.0017486570,-10.2862139020,-10.2862139020,0.3571429,14,14,0.49420301428571429,0.494203014286,-1.0257332407488982,-1.0257332407510296,-1.0257332407488982,-2.8571E-13,ELIGIBLE,R03b_20260811_FULL_v1,L1_ELIGIBILITY,v2026-08-11,2026-03-21..2026-08-06,baccarat_bet02_101_all_pairs_incl_sentinel,round_win = game_pnl > 0 (decisive only),COMPATIBILITY_ONLY_NOT_PRODUCTION,776.6091,714.8919,-61.7173,301,300,0.07947020,,0.07947020,0.07947020,61.7173,776.6091,OK,0.0000,-1.8515,3.0000,97.0000,AG03-UNRESOLVED,ALL5_LEVELS_bet23_to_bet27,-1.8515,-1.8515,-1.8515,-2.4687,-2.4687,3.000000,3.000000,3.000000,4.000000,4.000000,97.000000,97.000000,97.000000,96.000000,96.000000,5.0,-10.4919,-9.8057,-51.2253,-51.9116,PENDING_AG03,FALSE,NOT_FOR_ENFORCEMENT,-59.8658,693.4451,-61.7173,-59.8658,-1.8515,-0.07947020,-0.07708609,-1.8515,-59.8658,-0.07708609,-1.8515,-1.8515,-1.8515,-2.4687,-2.4687,-59.8658,-0.07708609,-10.4919,-9.8057,-51.2253,-51.9116,-0.06596026,-0.06684393,-0.00238411,2.5801,2.3830,-0.2057,-61.7173,-2.1282,776.6091,300.0000,,2.5801,2.5716,2.5716,2.5716,2.5716,2.5716,2.5716,2.5716,0.0,1.0,1.0,1.003322,29,18,1,3,0E-8,-0.07947020,,0E-8,0.000000,0.920530,0.627907,,2026-06-24,2026-06-24,1,29,29,1,1.000000,,,0.000000,,,,,,,,GLOBAL_BASELINE_NO_ENTITY_RANKING,,,NOT_APPLICABLE_GLOBAL_BASELINE,HF9g-P5,,,,X 全窗基线 · 不参与实体赏罚,3921312,393,A168_HF9F_20260827_0900,2026-08-27 09:00:00
2026-06-24,152014870,1485,0,33.4301951815,5.1431069510,5.1431069510,0.6000000,13,13,0.49324550000000000,0.493245500000,0.6752363567377049,0.6752363567377049,0.6752363567377049,0E-17,ELIGIBLE,R03b_20260811_FULL_v1,L1_ELIGIBILITY,v2026-08-11,2026-03-21..2026-08-06,baccarat_bet02_101_all_pairs_incl_sentinel,round_win = game_pnl > 0 (decisive only),COMPATIBILITY_ONLY_NOT_PRODUCTION,776.6091,714.8919,-61.7173,301,300,0.07947020,,0.07947020,0.07947020,61.7173,776.6091,OK,0.0000,-1.8515,3.0000,97.0000,AG03-UNRESOLVED,ALL5_LEVELS_bet23_to_bet27,-1.8515,-1.8515,-1.8515,-2.4687,-2.4687,3.000000,3.000000,3.000000,4.000000,4.000000,97.000000,97.000000,97.000000,96.000000,96.000000,5.0,-10.4919,-9.8057,-51.2253,-51.9116,PENDING_AG03,FALSE,NOT_FOR_ENFORCEMENT,-59.8658,693.4451,-61.7173,-59.8658,-1.8515,-0.07947020,-0.07708609,-1.8515,-59.8658,-0.07708609,-1.8515,-1.8515,-1.8515,-2.4687,-2.4687,-59.8658,-0.07708609,-10.4919,-9.8057,-51.2253,-51.9116,-0.06596026,-0.06684393,-0.00238411,2.5801,2.3830,-0.2057,-61.7173,-2.1282,776.6091,300.0000,,2.5801,2.5716,2.5716,2.5716,2.5716,2.5716,2.5716,2.5716,0.0,1.0,1.0,1.003322,29,18,1,3,0E-8,-0.07947020,,0E-8,0.000000,0.920530,0.627907,,2026-06-24,2026-06-24,1,29,29,1,1.000000,,,0.000000,,,,,,,,GLOBAL_BASELINE_NO_ENTITY_RANKING,,,NOT_APPLICABLE_GLOBAL_BASELINE,HF9g-P5,,,,X 全窗基线 · 不参与实体赏罚,3921313,393,A168_HF9F_20260827_0900,2026-08-27 09:00:00
2026-06-24,152014870,1963,0,30.8586417060,7.7146604265,7.7146604265,0.6363636,12,12,0.49324550000000000,0.493245500000,0.9494249537214775,0.9494249537214775,0.9494249537214775,0E-17,ELIGIBLE,R03b_20260811_FULL_v1,L1_ELIGIBILITY,v2026-08-11,2026-03-21..2026-08-06,baccarat_bet02_101_all_pairs_incl_sentinel,round_win = game_pnl > 0 (decisive only),COMPATIBILITY_ONLY_NOT_PRODUCTION,776.6091,714.8919,-61.7173,301,300,0.07947020,,0.07947020,0.07947020,61.7173,776.6091,OK,0.0000,-1.8515,3.0000,97.0000,AG03-UNRESOLVED,ALL5_LEVELS_bet23_to_bet27,-1.8515,-1.8515,-1.8515,-2.4687,-2.4687,3.000000,3.000000,3.000000,4.000000,4.000000,97.000000,97.000000,97.000000,96.000000,96.000000,5.0,-10.4919,-9.8057,-51.2253,-51.9116,PENDING_AG03,FALSE,NOT_FOR_ENFORCEMENT,-59.8658,693.4451,-61.7173,-59.8658,-1.8515,-0.07947020,-0.07708609,-1.8515,-59.8658,-0.07708609,-1.8515,-1.8515,-1.8515,-2.4687,-2.4687,-59.8658,-0.07708609,-10.4919,-9.8057,-51.2253,-51.9116,-0.06596026,-0.06684393,-0.00238411,2.5801,2.3830,-0.2057,-61.7173,-2.1282,776.6091,300.0000,,2.5801,2.5716,2.5716,2.5716,2.5716,2.5716,2.5716,2.5716,0.0,1.0,1.0,1.003322,29,18,1,3,0E-8,-0.07947020,,0E-8,0.000000,0.920530,0.627907,,2026-06-24,2026-06-24,1,29,29,1,1.000000,,,0.000000,,,,,,,,GLOBAL_BASELINE_NO_ENTITY_RANKING,,,NOT_APPLICABLE_GLOBAL_BASELINE,HF9g-P5,,,,X 全窗基线 · 不参与实体赏罚,3921314,393,A168_HF9F_20260827_0900,2026-08-27 09:00:00
2026-06-24,152014870,2121,0,38.5733021325,2.5715534755,2.5715534755,0.5333333,15,15,0.49324550000000000,0.493245500000,0.310547359436203,0.310547359436203,0.310547359436203,0E-17,ELIGIBLE,R03b_20260811_FULL_v1,L1_ELIGIBILITY,v2026-08-11,2026-03-21..2026-08-06,baccarat_bet02_101_all_pairs_incl_sentinel,round_win = game_pnl > 0 (decisive only),COMPATIBILITY_ONLY_NOT_PRODUCTION,776.6091,714.8919,-61.7173,301,300,0.07947020,,0.07947020,0.07947020,61.7173,776.6091,OK,0.0000,-1.8515,3.0000,97.0000,AG03-UNRESOLVED,ALL5_LEVELS_bet23_to_bet27,-1.8515,-1.8515,-1.8515,-2.4687,-2.4687,3.000000,3.000000,3.000000,4.000000,4.000000,97.000000,97.000000,97.000000,96.000000,96.000000,5.0,-10.4919,-9.8057,-51.2253,-51.9116,PENDING_AG03,FALSE,NOT_FOR_ENFORCEMENT,-59.8658,693.4451,-61.7173,-59.8658,-1.8515,-0.07947020,-0.07708609,-1.8515,-59.8658,-0.07708609,-1.8515,-1.8515,-1.8515,-2.4687,-2.4687,-59.8658,-0.07708609,-10.4919,-9.8057,-51.2253,-51.9116,-0.06596026,-0.06684393,-0.00238411,2.5801,2.3830,-0.2057,-61.7173,-2.1282,776.6091,300.0000,,2.5801,2.5716,2.5716,2.5716,2.5716,2.5716,2.5716,2.5716,0.0,1.0,1.0,1.003322,29,18,1,3,0E-8,-0.07947020,,0E-8,0.000000,0.920530,0.627907,,2026-06-24,2026-06-24,1,29,29,1,1.000000,,,0.000000,,,,,,,,GLOBAL_BASELINE_NO_ENTITY_RANKING,,,NOT_APPLICABLE_GLOBAL_BASELINE,HF9g-P5,,,,X 全窗基线 · 不参与实体赏罚,3921315,393,A168_HF9F_20260827_0900,2026-08-27 09:00:00
2026-06-24,152014870,2160,0,38.5733021325,10.2862139020,10.2862139020,0.6428571,15,15,0.49324550000000000,0.493245500000,1.1196931900793123,1.1196931900793123,1.1196931900793123,0E-17,ELIGIBLE,R03b_20260811_FULL_v1,L1_ELIGIBILITY,v2026-08-11,2026-03-21..2026-08-06,baccarat_bet02_101_all_pairs_incl_sentinel,round_win = game_pnl > 0 (decisive only),COMPATIBILITY_ONLY_NOT_PRODUCTION,776.6091,714.8919,-61.7173,301,300,0.07947020,,0.07947020,0.07947020,61.7173,776.6091,OK,0.0000,-1.8515,3.0000,97.0000,AG03-UNRESOLVED,ALL5_LEVELS_bet23_to_bet27,-1.8515,-1.8515,-1.8515,-2.4687,-2.4687,3.000000,3.000000,3.000000,4.000000,4.000000,97.000000,97.000000,97.000000,96.000000,96.000000,5.0,-10.4919,-9.8057,-51.2253,-51.9116,PENDING_AG03,FALSE,NOT_FOR_ENFORCEMENT,-59.8658,693.4451,-61.7173,-59.8658,-1.8515,-0.07947020,-0.07708609,-1.8515,-59.8658,-0.07708609,-1.8515,-1.8515,-1.8515,-2.4687,-2.4687,-59.8658,-0.07708609,-10.4919,-9.8057,-51.2253,-51.9116,-0.06596026,-0.06684393,-0.00238411,2.5801,2.3830,-0.2057,-61.7173,-2.1282,776.6091,300.0000,,2.5801,2.5716,2.5716,2.5716,2.5716,2.5716,2.5716,2.5716,0.0,1.0,1.0,1.003322,29,18,1,3,0E-8,-0.07947020,,0E-8,0.000000,0.920530,0.627907,,2026-06-24,2026-06-24,1,29,29,1,1.000000,,,0.000000,,,,,,,,GLOBAL_BASELINE_NO_ENTITY_RANKING,,,NOT_APPLICABLE_GLOBAL_BASELINE,HF9g-P5,,,,X 全窗基线 · 不参与实体赏罚,3921316,393,A168_HF9F_20260827_0900,2026-08-27 09:00:00
2026-06-24,152014870,2170,0,28.2870882305,12.8577673775,12.8577673775,0.7272727,11,11,0.49324550000000000,0.493245500000,1.5525026741434669,1.5525026741434669,1.5525026741434669,0E-17,ELIGIBLE,R03b_20260811_FULL_v1,L1_ELIGIBILITY,v2026-08-11,2026-03-21..2026-08-06,baccarat_bet02_101_all_pairs_incl_sentinel,round_win = game_pnl > 0 (decisive only),COMPATIBILITY_ONLY_NOT_PRODUCTION,776.6091,714.8919,-61.7173,301,300,0.07947020,,0.07947020,0.07947020,61.7173,776.6091,OK,0.0000,-1.8515,3.0000,97.0000,AG03-UNRESOLVED,ALL5_LEVELS_bet23_to_bet27,-1.8515,-1.8515,-1.8515,-2.4687,-2.4687,3.000000,3.000000,3.000000,4.000000,4.000000,97.000000,97.000000,97.000000,96.000000,96.000000,5.0,-10.4919,-9.8057,-51.2253,-51.9116,PENDING_AG03,FALSE,NOT_FOR_ENFORCEMENT,-59.8658,693.4451,-61.7173,-59.8658,-1.8515,-0.07947020,-0.07708609,-1.8515,-59.8658,-0.07708609,-1.8515,-1.8515,-1.8515,-2.4687,-2.4687,-59.8658,-0.07708609,-10.4919,-9.8057,-51.2253,-51.9116,-0.06596026,-0.06684393,-0.00238411,2.5801,2.3830,-0.2057,-61.7173,-2.1282,776.6091,300.0000,,2.5801,2.5716,2.5716,2.5716,2.5716,2.5716,2.5716,2.5716,0.0,1.0,1.0,1.003322,29,18,1,3,0E-8,-0.07947020,,0E-8,0.000000,0.920530,0.627907,,2026-06-24,2026-06-24,1,29,29,1,1.000000,,,0.000000,,,,,,,,GLOBAL_BASELINE_NO_ENTITY_RANKING,,,NOT_APPLICABLE_GLOBAL_BASELINE,HF9g-P5,,,,X 全窗基线 · 不参与实体赏罚,3921317,393,A168_HF9F_20260827_0900,2026-08-27 09:00:00
2026-06-24,152014870,2174,0,28.2870882305,-2.5715534755,-2.5715534755,0.4545455,11,11,0.49324550000000000,0.493245500000,-0.256730487122501,-0.256730487122501,-0.256730487122501,0E-17,ELIGIBLE,R03b_20260811_FULL_v1,L1_ELIGIBILITY,v2026-08-11,2026-03-21..2026-08-06,baccarat_bet02_101_all_pairs_incl_sentinel,round_win = game_pnl > 0 (decisive only),COMPATIBILITY_ONLY_NOT_PRODUCTION,776.6091,714.8919,-61.7173,301,300,0.07947020,,0.07947020,0.07947020,61.7173,776.6091,OK,0.0000,-1.8515,3.0000,97.0000,AG03-UNRESOLVED,ALL5_LEVELS_bet23_to_bet27,-1.8515,-1.8515,-1.8515,-2.4687,-2.4687,3.000000,3.000000,3.000000,4.000000,4.000000,97.000000,97.000000,97.000000,96.000000,96.000000,5.0,-10.4919,-9.8057,-51.2253,-51.9116,PENDING_AG03,FALSE,NOT_FOR_ENFORCEMENT,-59.8658,693.4451,-61.7173,-59.8658,-1.8515,-0.07947020,-0.07708609,-1.8515,-59.8658,-0.07708609,-1.8515,-1.8515,-1.8515,-2.4687,-2.4687,-59.8658,-0.07708609,-10.4919,-9.8057,-51.2253,-51.9116,-0.06596026,-0.06684393,-0.00238411,2.5801,2.3830,-0.2057,-61.7173,-2.1282,776.6091,300.0000,,2.5801,2.5716,2.5716,2.5716,2.5716,2.5716,2.5716,2.5716,0.0,1.0,1.0,1.003322,29,18,1,3,0E-8,-0.07947020,,0E-8,0.000000,0.920530,0.627907,,2026-06-24,2026-06-24,1,29,29,1,1.000000,,,0.000000,,,,,,,,GLOBAL_BASELINE_NO_ENTITY_RANKING,,,NOT_APPLICABLE_GLOBAL_BASELINE,HF9g-P5,,,,X 全窗基线 · 不参与实体赏罚,3921318,393,A168_HF9F_20260827_0900,2026-08-27 09:00:00
2026-06-24,152014870,2196,0,23.1439812795,7.7146604265,7.7146604265,0.6666667,9,9,0.49324550000000000,0.493245500000,1.0406219574860578,1.0406219574860578,1.0406219574860578,0E-17,ELIGIBLE,R03b_20260811_FULL_v1,L1_ELIGIBILITY,v2026-08-11,2026-03-21..2026-08-06,baccarat_bet02_101_all_pairs_incl_sentinel,round_win = game_pnl > 0 (decisive only),COMPATIBILITY_ONLY_NOT_PRODUCTION,776.6091,714.8919,-61.7173,301,300,0.07947020,,0.07947020,0.07947020,61.7173,776.6091,OK,0.0000,-1.8515,3.0000,97.0000,AG03-UNRESOLVED,ALL5_LEVELS_bet23_to_bet27,-1.8515,-1.8515,-1.8515,-2.4687,-2.4687,3.000000,3.000000,3.000000,4.000000,4.000000,97.000000,97.000000,97.000000,96.000000,96.000000,5.0,-10.4919,-9.8057,-51.2253,-51.9116,PENDING_AG03,FALSE,NOT_FOR_ENFORCEMENT,-59.8658,693.4451,-61.7173,-59.8658,-1.8515,-0.07947020,-0.07708609,-1.8515,-59.8658,-0.07708609,-1.8515,-1.8515,-1.8515,-2.4687,-2.4687,-59.8658,-0.07708609,-10.4919,-9.8057,-51.2253,-51.9116,-0.06596026,-0.06684393,-0.00238411,2.5801,2.3830,-0.2057,-61.7173,-2.1282,776.6091,300.0000,,2.5801,2.5716,2.5716,2.5716,2.5716,2.5716,2.5716,2.5716,0.0,1.0,1.0,1.003322,29,18,1,3,0E-8,-0.07947020,,0E-8,0.000000,0.920530,0.627907,,2026-06-24,2026-06-24,1,29,29,1,1.000000,,,0.000000,,,,,,,,GLOBAL_BASELINE_NO_ENTITY_RANKING,,,NOT_APPLICABLE_GLOBAL_BASELINE,HF9g-P5,,,,X 全窗基线 · 不参与实体赏罚,3921319,393,A168_HF9F_20260827_0900,2026-08-27 09:00:00
2026-06-24,152014870,2209,0,23.1439812795,0E-10,0E-10,0.5000000,9,9,0.49324550000000000,0.493245500000,0.03309317671092531,0.03309317671092531,0.03309317671092531,0E-17,ELIGIBLE,R03b_20260811_FULL_v1,L1_ELIGIBILITY,v2026-08-11,2026-03-21..2026-08-06,baccarat_bet02_101_all_pairs_incl_sentinel,round_win = game_pnl > 0 (decisive only),COMPATIBILITY_ONLY_NOT_PRODUCTION,776.6091,714.8919,-61.7173,301,300,0.07947020,,0.07947020,0.07947020,61.7173,776.6091,OK,0.0000,-1.8515,3.0000,97.0000,AG03-UNRESOLVED,ALL5_LEVELS_bet23_to_bet27,-1.8515,-1.8515,-1.8515,-2.4687,-2.4687,3.000000,3.000000,3.000000,4.000000,4.000000,97.000000,97.000000,97.000000,96.000000,96.000000,5.0,-10.4919,-9.8057,-51.2253,-51.9116,PENDING_AG03,FALSE,NOT_FOR_ENFORCEMENT,-59.8658,693.4451,-61.7173,-59.8658,-1.8515,-0.07947020,-0.07708609,-1.8515,-59.8658,-0.07708609,-1.8515,-1.8515,-1.8515,-2.4687,-2.4687,-59.8658,-0.07708609,-10.4919,-9.8057,-51.2253,-51.9116,-0.06596026,-0.06684393,-0.00238411,2.5801,2.3830,-0.2057,-61.7173,-2.1282,776.6091,300.0000,,2.5801,2.5716,2.5716,2.5716,2.5716,2.5716,2.5716,2.5716,0.0,1.0,1.0,1.003322,29,18,1,3,0E-8,-0.07947020,,0E-8,0.000000,0.920530,0.627907,,2026-06-24,2026-06-24,1,29,29,1,1.000000,,,0.000000,,,,,,,,GLOBAL_BASELINE_NO_ENTITY_RANKING,,,NOT_APPLICABLE_GLOBAL_BASELINE,HF9g-P5,,,,X 全窗基线 · 不参与实体赏罚,3921320,393,A168_HF9F_20260827_0900,2026-08-27 09:00:00
2026-06-24,152014870,2222,0,30.8586417060,2.5715534755,2.5715534755,0.5454545,12,12,0.49324550000000000,0.493245500000,0.3463472332994882,0.3463472332994882,0.3463472332994882,0E-17,ELIGIBLE,R03b_20260811_FULL_v1,L1_ELIGIBILITY,v2026-08-11,2026-03-21..2026-08-06,baccarat_bet02_101_all_pairs_incl_sentinel,round_win = game_pnl > 0 (decisive only),COMPATIBILITY_ONLY_NOT_PRODUCTION,776.6091,714.8919,-61.7173,301,300,0.07947020,,0.07947020,0.07947020,61.7173,776.6091,OK,0.0000,-1.8515,3.0000,97.0000,AG03-UNRESOLVED,ALL5_LEVELS_bet23_to_bet27,-1.8515,-1.8515,-1.8515,-2.4687,-2.4687,3.000000,3.000000,3.000000,4.000000,4.000000,97.000000,97.000000,97.000000,96.000000,96.000000,5.0,-10.4919,-9.8057,-51.2253,-51.9116,PENDING_AG03,FALSE,NOT_FOR_ENFORCEMENT,-59.8658,693.4451,-61.7173,-59.8658,-1.8515,-0.07947020,-0.07708609,-1.8515,-59.8658,-0.07708609,-1.8515,-1.8515,-1.8515,-2.4687,-2.4687,-59.8658,-0.07708609,-10.4919,-9.8057,-51.2253,-51.9116,-0.06596026,-0.06684393,-0.00238411,2.5801,2.3830,-0.2057,-61.7173,-2.1282,776.6091,300.0000,,2.5801,2.5716,2.5716,2.5716,2.5716,2.5716,2.5716,2.5716,0.0,1.0,1.0,1.003322,29,18,1,3,0E-8,-0.07947020,,0E-8,0.000000,0.920530,0.627907,,2026-06-24,2026-06-24,1,29,29,1,1.000000,,,0.000000,,,,,,,,GLOBAL_BASELINE_NO_ENTITY_RANKING,,,NOT_APPLICABLE_GLOBAL_BASELINE,HF9g-P5,,,,X 全窗基线 · 不参与实体赏罚,3921321,393,A168_HF9F_20260827_0900,2026-08-27 09:00:00
2026-06-24,152014870,2229,0,20.5724278040,-5.1431069510,-5.1431069510,0.4285714,8,7,0.46334841428571429,0.463348414286,-0.18451892167244696,-0.1845189216739551,-0.18451892167244696,-2.8571E-13,ELIGIBLE,R03b_20260811_FULL_v1,L1_ELIGIBILITY,v2026-08-11,2026-03-21..2026-08-06,baccarat_bet02_101_all_pairs_incl_sentinel,round_win = game_pnl > 0 (decisive only),COMPATIBILITY_ONLY_NOT_PRODUCTION,776.6091,714.8919,-61.7173,301,300,0.07947020,,0.07947020,0.07947020,61.7173,776.6091,OK,0.0000,-1.8515,3.0000,97.0000,AG03-UNRESOLVED,ALL5_LEVELS_bet23_to_bet27,-1.8515,-1.8515,-1.8515,-2.4687,-2.4687,3.000000,3.000000,3.000000,4.000000,4.000000,97.000000,97.000000,97.000000,96.000000,96.000000,5.0,-10.4919,-9.8057,-51.2253,-51.9116,PENDING_AG03,FALSE,NOT_FOR_ENFORCEMENT,-59.8658,693.4451,-61.7173,-59.8658,-1.8515,-0.07947020,-0.07708609,-1.8515,-59.8658,-0.07708609,-1.8515,-1.8515,-1.8515,-2.4687,-2.4687,-59.8658,-0.07708609,-10.4919,-9.8057,-51.2253,-51.9116,-0.06596026,-0.06684393,-0.00238411,2.5801,2.3830,-0.2057,-61.7173,-2.1282,776.6091,300.0000,,2.5801,2.5716,2.5716,2.5716,2.5716,2.5716,2.5716,2.5716,0.0,1.0,1.0,1.003322,29,18,1,3,0E-8,-0.07947020,,0E-8,0.000000,0.920530,0.627907,,2026-06-24,2026-06-24,1,29,29,1,1.000000,,,0.000000,,,,,,,,GLOBAL_BASELINE_NO_ENTITY_RANKING,,,NOT_APPLICABLE_GLOBAL_BASELINE,HF9g-P5,,,,X 全窗基线 · 不参与实体赏罚,3921322,393,A168_HF9F_20260827_0900,2026-08-27 09:00:00
2026-06-24,152014870,2241,0,28.2870882305,15.4293208530,15.4293208530,0.8000000,11,11,0.49324550000000000,0.493245500000,1.9402628553634393,1.9402628553634393,1.9402628553634393,0E-17,ELIGIBLE,R03b_20260811_FULL_v1,L1_ELIGIBILITY,v2026-08-11,2026-03-21..2026-08-06,baccarat_bet02_101_all_pairs_incl_sentinel,round_win = game_pnl > 0 (decisive only),COMPATIBILITY_ONLY_NOT_PRODUCTION,776.6091,714.8919,-61.7173,301,300,0.07947020,,0.07947020,0.07947020,61.7173,776.6091,OK,0.0000,-1.8515,3.0000,97.0000,AG03-UNRESOLVED,ALL5_LEVELS_bet23_to_bet27,-1.8515,-1.8515,-1.8515,-2.4687,-2.4687,3.000000,3.000000,3.000000,4.000000,4.000000,97.000000,97.000000,97.000000,96.000000,96.000000,5.0,-10.4919,-9.8057,-51.2253,-51.9116,PENDING_AG03,FALSE,NOT_FOR_ENFORCEMENT,-59.8658,693.4451,-61.7173,-59.8658,-1.8515,-0.07947020,-0.07708609,-1.8515,-59.8658,-0.07708609,-1.8515,-1.8515,-1.8515,-2.4687,-2.4687,-59.8658,-0.07708609,-10.4919,-9.8057,-51.2253,-51.9116,-0.06596026,-0.06684393,-0.00238411,2.5801,2.3830,-0.2057,-61.7173,-2.1282,776.6091,300.0000,,2.5801,2.5716,2.5716,2.5716,2.5716,2.5716,2.5716,2.5716,0.0,1.0,1.0,1.003322,29,18,1,3,0E-8,-0.07947020,,0E-8,0.000000,0.920530,0.627907,,2026-06-24,2026-06-24,1,29,29,1,1.000000,,,0.000000,,,,,,,,GLOBAL_BASELINE_NO_ENTITY_RANKING,,,NOT_APPLICABLE_GLOBAL_BASELINE,HF9g-P5,,,,X 全窗基线 · 不参与实体赏罚,3921323,393,A168_HF9F_20260827_0900,2026-08-27 09:00:00
2026-06-24,152014870,471,0,33.4301951815,10.2862139020,10.2862139020,0.6666667,13,13,0.49324550000000000,0.493245500000,1.2016067345584214,1.2016067345584212,1.2016067345584214,0E-17,ELIGIBLE,R03b_20260811_FULL_v1,L1_ELIGIBILITY,v2026-08-11,2026-03-21..2026-08-06,baccarat_bet02_101_all_pairs_incl_sentinel,round_win = game_pnl > 0 (decisive only),COMPATIBILITY_ONLY_NOT_PRODUCTION,776.6091,714.8919,-61.7173,301,300,0.07947020,,0.07947020,0.07947020,61.7173,776.6091,OK,0.0000,-1.8515,3.0000,97.0000,AG03-UNRESOLVED,ALL5_LEVELS_bet23_to_bet27,-1.8515,-1.8515,-1.8515,-2.4687,-2.4687,3.000000,3.000000,3.000000,4.000000,4.000000,97.000000,97.000000,97.000000,96.000000,96.000000,5.0,-10.4919,-9.8057,-51.2253,-51.9116,PENDING_AG03,FALSE,NOT_FOR_ENFORCEMENT,-59.8658,693.4451,-61.7173,-59.8658,-1.8515,-0.07947020,-0.07708609,-1.8515,-59.8658,-0.07708609,-1.8515,-1.8515,-1.8515,-2.4687,-2.4687,-59.8658,-0.07708609,-10.4919,-9.8057,-51.2253,-51.9116,-0.06596026,-0.06684393,-0.00238411,2.5801,2.3830,-0.2057,-61.7173,-2.1282,776.6091,300.0000,,2.5801,2.5716,2.5716,2.5716,2.5716,2.5716,2.5716,2.5716,0.0,1.0,1.0,1.003322,29,18,1,3,0E-8,-0.07947020,,0E-8,0.000000,0.920530,0.627907,,2026-06-24,2026-06-24,1,29,29,1,1.000000,,,0.000000,,,,,,,,GLOBAL_BASELINE_NO_ENTITY_RANKING,,,NOT_APPLICABLE_GLOBAL_BASELINE,HF9g-P5,,,,X 全窗基线 · 不参与实体赏罚,3921324,393,A168_HF9F_20260827_0900,2026-08-27 09:00:00
2026-06-24,152014870,550,0,36.0017486570,-5.1431069510,-5.1431069510,0.4285714,14,14,0.49324550000000000,0.493245500000,-0.48402060140747377,-0.48402060140747377,-0.48402060140747377,0E-17,ELIGIBLE,R03b_20260811_FULL_v1,L1_ELIGIBILITY,v2026-08-11,2026-03-21..2026-08-06,baccarat_bet02_101_all_pairs_incl_sentinel,round_win = game_pnl > 0 (decisive only),COMPATIBILITY_ONLY_NOT_PRODUCTION,776.6091,714.8919,-61.7173,301,300,0.07947020,,0.07947020,0.07947020,61.7173,776.6091,OK,0.0000,-1.8515,3.0000,97.0000,AG03-UNRESOLVED,ALL5_LEVELS_bet23_to_bet27,-1.8515,-1.8515,-1.8515,-2.4687,-2.4687,3.000000,3.000000,3.000000,4.000000,4.000000,97.000000,97.000000,97.000000,96.000000,96.000000,5.0,-10.4919,-9.8057,-51.2253,-51.9116,PENDING_AG03,FALSE,NOT_FOR_ENFORCEMENT,-59.8658,693.4451,-61.7173,-59.8658,-1.8515,-0.07947020,-0.07708609,-1.8515,-59.8658,-0.07708609,-1.8515,-1.8515,-1.8515,-2.4687,-2.4687,-59.8658,-0.07708609,-10.4919,-9.8057,-51.2253,-51.9116,-0.06596026,-0.06684393,-0.00238411,2.5801,2.3830,-0.2057,-61.7173,-2.1282,776.6091,300.0000,,2.5801,2.5716,2.5716,2.5716,2.5716,2.5716,2.5716,2.5716,0.0,1.0,1.0,1.003322,29,18,1,3,0E-8,-0.07947020,,0E-8,0.000000,0.920530,0.627907,,2026-06-24,2026-06-24,1,29,29,1,1.000000,,,0.000000,,,,,,,,GLOBAL_BASELINE_NO_ENTITY_RANKING,,,NOT_APPLICABLE_GLOBAL_BASELINE,HF9g-P5,,,,X 全窗基线 · 不参与实体赏罚,3921325,393,A168_HF9F_20260827_0900,2026-08-27 09:00:00
2026-06-24,152014870,986,0,30.8586417060,2.5715534755,2.5715534755,0.5454545,12,12,0.49324550000000000,0.493245500000,0.3463472332994882,0.3463472332994882,0.3463472332994882,0E-17,ELIGIBLE,R03b_20260811_FULL_v1,L1_ELIGIBILITY,v2026-08-11,2026-03-21..2026-08-06,baccarat_bet02_101_all_pairs_incl_sentinel,round_win = game_pnl > 0 (decisive only),COMPATIBILITY_ONLY_NOT_PRODUCTION,776.6091,714.8919,-61.7173,301,300,0.07947020,,0.07947020,0.07947020,61.7173,776.6091,OK,0.0000,-1.8515,3.0000,97.0000,AG03-UNRESOLVED,ALL5_LEVELS_bet23_to_bet27,-1.8515,-1.8515,-1.8515,-2.4687,-2.4687,3.000000,3.000000,3.000000,4.000000,4.000000,97.000000,97.000000,97.000000,96.000000,96.000000,5.0,-10.4919,-9.8057,-51.2253,-51.9116,PENDING_AG03,FALSE,NOT_FOR_ENFORCEMENT,-59.8658,693.4451,-61.7173,-59.8658,-1.8515,-0.07947020,-0.07708609,-1.8515,-59.8658,-0.07708609,-1.8515,-1.8515,-1.8515,-2.4687,-2.4687,-59.8658,-0.07708609,-10.4919,-9.8057,-51.2253,-51.9116,-0.06596026,-0.06684393,-0.00238411,2.5801,2.3830,-0.2057,-61.7173,-2.1282,776.6091,300.0000,,2.5801,2.5716,2.5716,2.5716,2.5716,2.5716,2.5716,2.5716,0.0,1.0,1.0,1.003322,29,18,1,3,0E-8,-0.07947020,,0E-8,0.000000,0.920530,0.627907,,2026-06-24,2026-06-24,1,29,29,1,1.000000,,,0.000000,,,,,,,,GLOBAL_BASELINE_NO_ENTITY_RANKING,,,NOT_APPLICABLE_GLOBAL_BASELINE,HF9g-P5,,,,X 全窗基线 · 不参与实体赏罚,3921326,393,A168_HF9F_20260827_0900,2026-08-27 09:00:00
2026-06-09,151193833,-1,1,349.7312726612,5.1431069509,5.1431069509,0.5081967,68,68,0.49482258235294118,0.494822582353,0.20892192981081478,0.20892192980989566,0.20892192981081478,-5.882E-14,SENTINEL_DEALER,R03b_20260811_FULL_v1,L1_ELIGIBILITY,v2026-08-11,2026-03-21..2026-08-06,baccarat_bet02_101_all_pairs_incl_sentinel,round_win = game_pnl > 0 (decisive only),COMPATIBILITY_ONLY_NOT_PRODUCTION,894.9006,792.0385,-61.7173,174,174,0.06896552,,0.06896552,0.06896552,61.7173,894.9006,OK,0.0000,-1.8515,3.0000,97.0000,AG03-UNRESOLVED,ALL5_LEVELS_bet23_to_bet27,-1.8515,-1.8515,-1.8515,-2.4687,-2.4687,3.000000,3.000000,3.000000,4.000000,4.000000,97.000000,97.000000,97.000000,96.000000,96.000000,5.0,-10.4919,-9.8057,-51.2253,-51.9116,PENDING_AG03,FALSE,NOT_FOR_ENFORCEMENT,-59.8658,768.2773,-61.7173,-59.8658,-1.8515,-0.06896552,-0.06689655,-1.8515,-59.8658,-0.06689655,-1.8515,-1.8515,-1.8515,-2.4687,-2.4687,-59.8658,-0.06689655,-10.4919,-9.8057,-51.2253,-51.9116,-0.05724138,-0.05800824,-0.00206897,5.1431,4.5519,-0.3547,-61.7173,-1.9287,894.9006,174.0000,,5.1431,5.1431,5.1431,5.1431,5.1431,5.1431,5.1431,5.1431,0.0,1.0,1.0,1.0,28,18,1,2,0E-8,-0.06896552,,0E-8,0.000000,0.885057,1.000000,,2026-06-09,2026-06-09,1,32,28,1,1.000000,,,0.000000,,,,,,,,GLOBAL_BASELINE_NO_ENTITY_RANKING,,,NOT_APPLICABLE_GLOBAL_BASELINE,HF9g-P5,,,,X 全窗基线 · 不参与实体赏罚,3921327,393,A168_HF9F_20260827_0900,2026-08-27 09:00:00
2026-06-09,151193833,1157,0,30.8586417054,5.1431069509,5.1431069509,0.6000000,6,6,0.49324550000000000,0.493245500000,0.47746420675292983,0.47746420675292983,0.47746420675292983,0E-17,ELIGIBLE,R03b_20260811_FULL_v1,L1_ELIGIBILITY,v2026-08-11,2026-03-21..2026-08-06,baccarat_bet02_101_all_pairs_incl_sentinel,round_win = game_pnl > 0 (decisive only),COMPATIBILITY_ONLY_NOT_PRODUCTION,894.9006,792.0385,-61.7173,174,174,0.06896552,,0.06896552,0.06896552,61.7173,894.9006,OK,0.0000,-1.8515,3.0000,97.0000,AG03-UNRESOLVED,ALL5_LEVELS_bet23_to_bet27,-1.8515,-1.8515,-1.8515,-2.4687,-2.4687,3.000000,3.000000,3.000000,4.000000,4.000000,97.000000,97.000000,97.000000,96.000000,96.000000,5.0,-10.4919,-9.8057,-51.2253,-51.9116,PENDING_AG03,FALSE,NOT_FOR_ENFORCEMENT,-59.8658,768.2773,-61.7173,-59.8658,-1.8515,-0.06896552,-0.06689655,-1.8515,-59.8658,-0.06689655,-1.8515,-1.8515,-1.8515,-2.4687,-2.4687,-59.8658,-0.06689655,-10.4919,-9.8057,-51.2253,-51.9116,-0.05724138,-0.05800824,-0.00206897,5.1431,4.5519,-0.3547,-61.7173,-1.9287,894.9006,174.0000,,5.1431,5.1431,5.1431,5.1431,5.1431,5.1431,5.1431,5.1431,0.0,1.0,1.0,1.0,28,18,1,2,0E-8,-0.06896552,,0E-8,0.000000,0.885057,1.000000,,2026-06-09,2026-06-09,1,32,28,1,1.000000,,,0.000000,,,,,,,,GLOBAL_BASELINE_NO_ENTITY_RANKING,,,NOT_APPLICABLE_GLOBAL_BASELINE,HF9g-P5,,,,X 全窗基线 · 不参与实体赏罚,3921328,393,A168_HF9F_20260827_0900,2026-08-27 09:00:00
2026-06-09,151193833,1210,0,36.0017486563,5.1431069509,5.1431069509,0.6000000,7,7,0.49324550000000000,0.493245500000,0.47746420675292983,0.47746420675292983,0.47746420675292983,0E-17,ELIGIBLE,R03b_20260811_FULL_v1,L1_ELIGIBILITY,v2026-08-11,2026-03-21..2026-08-06,baccarat_bet02_101_all_pairs_incl_sentinel,round_win = game_pnl > 0 (decisive only),COMPATIBILITY_ONLY_NOT_PRODUCTION,894.9006,792.0385,-61.7173,174,174,0.06896552,,0.06896552,0.06896552,61.7173,894.9006,OK,0.0000,-1.8515,3.0000,97.0000,AG03-UNRESOLVED,ALL5_LEVELS_bet23_to_bet27,-1.8515,-1.8515,-1.8515,-2.4687,-2.4687,3.000000,3.000000,3.000000,4.000000,4.000000,97.000000,97.000000,97.000000,96.000000,96.000000,5.0,-10.4919,-9.8057,-51.2253,-51.9116,PENDING_AG03,FALSE,NOT_FOR_ENFORCEMENT,-59.8658,768.2773,-61.7173,-59.8658,-1.8515,-0.06896552,-0.06689655,-1.8515,-59.8658,-0.06689655,-1.8515,-1.8515,-1.8515,-2.4687,-2.4687,-59.8658,-0.06689655,-10.4919,-9.8057,-51.2253,-51.9116,-0.05724138,-0.05800824,-0.00206897,5.1431,4.5519,-0.3547,-61.7173,-1.9287,894.9006,174.0000,,5.1431,5.1431,5.1431,5.1431,5.1431,5.1431,5.1431,5.1431,0.0,1.0,1.0,1.0,28,18,1,2,0E-8,-0.06896552,,0E-8,0.000000,0.885057,1.000000,,2026-06-09,2026-06-09,1,32,28,1,1.000000,,,0.000000,,,,,,,,GLOBAL_BASELINE_NO_ENTITY_RANKING,,,NOT_APPLICABLE_GLOBAL_BASELINE,HF9g-P5,,,,X 全窗基线 · 不参与实体赏罚,3921329,393,A168_HF9F_20260827_0900,2026-08-27 09:00:00
2026-06-09,151193833,1952,0,41.1448556072,-10.2862139018,-10.2862139018,0.3333333,8,8,0.49492115000000000,0.494921150000,-0.7916562411189088,-0.7916562411189088,-0.7916562411189088,0E-17,ELIGIBLE,R03b_20260811_FULL_v1,L1_ELIGIBILITY,v2026-08-11,2026-03-21..2026-08-06,baccarat_bet02_101_all_pairs_incl_sentinel,round_win = game_pnl > 0 (decisive only),COMPATIBILITY_ONLY_NOT_PRODUCTION,894.9006,792.0385,-61.7173,174,174,0.06896552,,0.06896552,0.06896552,61.7173,894.9006,OK,0.0000,-1.8515,3.0000,97.0000,AG03-UNRESOLVED,ALL5_LEVELS_bet23_to_bet27,-1.8515,-1.8515,-1.8515,-2.4687,-2.4687,3.000000,3.000000,3.000000,4.000000,4.000000,97.000000,97.000000,97.000000,96.000000,96.000000,5.0,-10.4919,-9.8057,-51.2253,-51.9116,PENDING_AG03,FALSE,NOT_FOR_ENFORCEMENT,-59.8658,768.2773,-61.7173,-59.8658,-1.8515,-0.06896552,-0.06689655,-1.8515,-59.8658,-0.06689655,-1.8515,-1.8515,-1.8515,-2.4687,-2.4687,-59.8658,-0.06689655,-10.4919,-9.8057,-51.2253,-51.9116,-0.05724138,-0.05800824,-0.00206897,5.1431,4.5519,-0.3547,-61.7173,-1.9287,894.9006,174.0000,,5.1431,5.1431,5.1431,5.1431,5.1431,5.1431,5.1431,5.1431,0.0,1.0,1.0,1.0,28,18,1,2,0E-8,-0.06896552,,0E-8,0.000000,0.885057,1.000000,,2026-06-09,2026-06-09,1,32,28,1,1.000000,,,0.000000,,,,,,,,GLOBAL_BASELINE_NO_ENTITY_RANKING,,,NOT_APPLICABLE_GLOBAL_BASELINE,HF9g-P5,,,,X 全窗基线 · 不参与实体赏罚,3921330,393,A168_HF9F_20260827_0900,2026-08-27 09:00:00
2026-06-09,151193833,2088,0,30.8586417054,10.2862139018,10.2862139018,0.6666667,6,6,0.49771390000000000,0.497713900000,0.8277047895645219,0.8277047895645219,0.8277047895645219,0E-17,ELIGIBLE,R03b_20260811_FULL_v1,L1_ELIGIBILITY,v2026-08-11,2026-03-21..2026-08-06,baccarat_bet02_101_all_pairs_incl_sentinel,round_win = game_pnl > 0 (decisive only),COMPATIBILITY_ONLY_NOT_PRODUCTION,894.9006,792.0385,-61.7173,174,174,0.06896552,,0.06896552,0.06896552,61.7173,894.9006,OK,0.0000,-1.8515,3.0000,97.0000,AG03-UNRESOLVED,ALL5_LEVELS_bet23_to_bet27,-1.8515,-1.8515,-1.8515,-2.4687,-2.4687,3.000000,3.000000,3.000000,4.000000,4.000000,97.000000,97.000000,97.000000,96.000000,96.000000,5.0,-10.4919,-9.8057,-51.2253,-51.9116,PENDING_AG03,FALSE,NOT_FOR_ENFORCEMENT,-59.8658,768.2773,-61.7173,-59.8658,-1.8515,-0.06896552,-0.06689655,-1.8515,-59.8658,-0.06689655,-1.8515,-1.8515,-1.8515,-2.4687,-2.4687,-59.8658,-0.06689655,-10.4919,-9.8057,-51.2253,-51.9116,-0.05724138,-0.05800824,-0.00206897,5.1431,4.5519,-0.3547,-61.7173,-1.9287,894.9006,174.0000,,5.1431,5.1431,5.1431,5.1431,5.1431,5.1431,5.1431,5.1431,0.0,1.0,1.0,1.0,28,18,1,2,0E-8,-0.06896552,,0E-8,0.000000,0.885057,1.000000,,2026-06-09,2026-06-09,1,32,28,1,1.000000,,,0.000000,,,,,,,,GLOBAL_BASELINE_NO_ENTITY_RANKING,,,NOT_APPLICABLE_GLOBAL_BASELINE,HF9g-P5,,,,X 全窗基线 · 不参与实体赏罚,3921331,393,A168_HF9F_20260827_0900,2026-08-27 09:00:00
2026-06-09,151193833,2108,0,30.8586417054,0E-10,0E-10,0.5000000,6,6,0.49994810000000000,0.499948100000,0.00020760000111838688,0.00020760000111838688,0.00020760000111838688,0E-17,ELIGIBLE,R03b_20260811_FULL_v1,L1_ELIGIBILITY,v2026-08-11,2026-03-21..2026-08-06,baccarat_bet02_101_all_pairs_incl_sentinel,round_win = game_pnl > 0 (decisive only),COMPATIBILITY_ONLY_NOT_PRODUCTION,894.9006,792.0385,-61.7173,174,174,0.06896552,,0.06896552,0.06896552,61.7173,894.9006,OK,0.0000,-1.8515,3.0000,97.0000,AG03-UNRESOLVED,ALL5_LEVELS_bet23_to_bet27,-1.8515,-1.8515,-1.8515,-2.4687,-2.4687,3.000000,3.000000,3.000000,4.000000,4.000000,97.000000,97.000000,97.000000,96.000000,96.000000,5.0,-10.4919,-9.8057,-51.2253,-51.9116,PENDING_AG03,FALSE,NOT_FOR_ENFORCEMENT,-59.8658,768.2773,-61.7173,-59.8658,-1.8515,-0.06896552,-0.06689655,-1.8515,-59.8658,-0.06689655,-1.8515,-1.8515,-1.8515,-2.4687,-2.4687,-59.8658,-0.06689655,-10.4919,-9.8057,-51.2253,-51.9116,-0.05724138,-0.05800824,-0.00206897,5.1431,4.5519,-0.3547,-61.7173,-1.9287,894.9006,174.0000,,5.1431,5.1431,5.1431,5.1431,5.1431,5.1431,5.1431,5.1431,0.0,1.0,1.0,1.0,28,18,1,2,0E-8,-0.06896552,,0E-8,0.000000,0.885057,1.000000,,2026-06-09,2026-06-09,1,32,28,1,1.000000,,,0.000000,,,,,,,,GLOBAL_BASELINE_NO_ENTITY_RANKING,,,NOT_APPLICABLE_GLOBAL_BASELINE,HF9g-P5,,,,X 全窗基线 · 不参与实体赏罚,3921332,393,A168_HF9F_20260827_0900,2026-08-27 09:00:00
2026-06-09,151193833,2115,0,25.7155347545,0E-10,0E-10,0.5000000,5,5,0.49592654000000000,0.495926540000,0.016294380756781617,0.016294380756781617,0.016294380756781617,0E-17,ELIGIBLE,R03b_20260811_FULL_v1,L1_ELIGIBILITY,v2026-08-11,2026-03-21..2026-08-06,baccarat_bet02_101_all_pairs_incl_sentinel,round_win = game_pnl > 0 (decisive only),COMPATIBILITY_ONLY_NOT_PRODUCTION,894.9006,792.0385,-61.7173,174,174,0.06896552,,0.06896552,0.06896552,61.7173,894.9006,OK,0.0000,-1.8515,3.0000,97.0000,AG03-UNRESOLVED,ALL5_LEVELS_bet23_to_bet27,-1.8515,-1.8515,-1.8515,-2.4687,-2.4687,3.000000,3.000000,3.000000,4.000000,4.000000,97.000000,97.000000,97.000000,96.000000,96.000000,5.0,-10.4919,-9.8057,-51.2253,-51.9116,PENDING_AG03,FALSE,NOT_FOR_ENFORCEMENT,-59.8658,768.2773,-61.7173,-59.8658,-1.8515,-0.06896552,-0.06689655,-1.8515,-59.8658,-0.06689655,-1.8515,-1.8515,-1.8515,-2.4687,-2.4687,-59.8658,-0.06689655,-10.4919,-9.8057,-51.2253,-51.9116,-0.05724138,-0.05800824,-0.00206897,5.1431,4.5519,-0.3547,-61.7173,-1.9287,894.9006,174.0000,,5.1431,5.1431,5.1431,5.1431,5.1431,5.1431,5.1431,5.1431,0.0,1.0,1.0,1.0,28,18,1,2,0E-8,-0.06896552,,0E-8,0.000000,0.885057,1.000000,,2026-06-09,2026-06-09,1,32,28,1,1.000000,,,0.000000,,,,,,,,GLOBAL_BASELINE_NO_ENTITY_RANKING,,,NOT_APPLICABLE_GLOBAL_BASELINE,HF9g-P5,,,,X 全窗基线 · 不参与实体赏罚,3921333,393,A168_HF9F_20260827_0900,2026-08-27 09:00:00
2026-06-09,151193833,2155,0,25.7155347545,15.4293208527,15.4293208527,0.8000000,5,5,0.49324550000000000,0.493245500000,1.3719730223118614,1.3719730223118614,1.3719730223118614,0E-17,ELIGIBLE,R03b_20260811_FULL_v1,L1_ELIGIBILITY,v2026-08-11,2026-03-21..2026-08-06,baccarat_bet02_101_all_pairs_incl_sentinel,round_win = game_pnl > 0 (decisive only),COMPATIBILITY_ONLY_NOT_PRODUCTION,894.9006,792.0385,-61.7173,174,174,0.06896552,,0.06896552,0.06896552,61.7173,894.9006,OK,0.0000,-1.8515,3.0000,97.0000,AG03-UNRESOLVED,ALL5_LEVELS_bet23_to_bet27,-1.8515,-1.8515,-1.8515,-2.4687,-2.4687,3.000000,3.000000,3.000000,4.000000,4.000000,97.000000,97.000000,97.000000,96.000000,96.000000,5.0,-10.4919,-9.8057,-51.2253,-51.9116,PENDING_AG03,FALSE,NOT_FOR_ENFORCEMENT,-59.8658,768.2773,-61.7173,-59.8658,-1.8515,-0.06896552,-0.06689655,-1.8515,-59.8658,-0.06689655,-1.8515,-1.8515,-1.8515,-2.4687,-2.4687,-59.8658,-0.06689655,-10.4919,-9.8057,-51.2253,-51.9116,-0.05724138,-0.05800824,-0.00206897,5.1431,4.5519,-0.3547,-61.7173,-1.9287,894.9006,174.0000,,5.1431,5.1431,5.1431,5.1431,5.1431,5.1431,5.1431,5.1431,0.0,1.0,1.0,1.0,28,18,1,2,0E-8,-0.06896552,,0E-8,0.000000,0.885057,1.000000,,2026-06-09,2026-06-09,1,32,28,1,1.000000,,,0.000000,,,,,,,,GLOBAL_BASELINE_NO_ENTITY_RANKING,,,NOT_APPLICABLE_GLOBAL_BASELINE,HF9g-P5,,,,X 全窗基线 · 不参与实体赏罚,3921334,393,A168_HF9F_20260827_0900,2026-08-27 09:00:00
2026-06-09,151193833,2156,0,36.0017486563,5.1431069509,5.1431069509,0.5714286,7,7,0.50090561428571429,0.500905614286,0.3731730247484194,0.373173024746908,0.3731730247484194,-2.8571E-13,ELIGIBLE,R03b_20260811_FULL_v1,L1_ELIGIBILITY,v2026-08-11,2026-03-21..2026-08-06,baccarat_bet02_101_all_pairs_incl_sentinel,round_win = game_pnl > 0 (decisive only),COMPATIBILITY_ONLY_NOT_PRODUCTION,894.9006,792.0385,-61.7173,174,174,0.06896552,,0.06896552,0.06896552,61.7173,894.9006,OK,0.0000,-1.8515,3.0000,97.0000,AG03-UNRESOLVED,ALL5_LEVELS_bet23_to_bet27,-1.8515,-1.8515,-1.8515,-2.4687,-2.4687,3.000000,3.000000,3.000000,4.000000,4.000000,97.000000,97.000000,97.000000,96.000000,96.000000,5.0,-10.4919,-9.8057,-51.2253,-51.9116,PENDING_AG03,FALSE,NOT_FOR_ENFORCEMENT,-59.8658,768.2773,-61.7173,-59.8658,-1.8515,-0.06896552,-0.06689655,-1.8515,-59.8658,-0.06689655,-1.8515,-1.8515,-1.8515,-2.4687,-2.4687,-59.8658,-0.06689655,-10.4919,-9.8057,-51.2253,-51.9116,-0.05724138,-0.05800824,-0.00206897,5.1431,4.5519,-0.3547,-61.7173,-1.9287,894.9006,174.0000,,5.1431,5.1431,5.1431,5.1431,5.1431,5.1431,5.1431,5.1431,0.0,1.0,1.0,1.0,28,18,1,2,0E-8,-0.06896552,,0E-8,0.000000,0.885057,1.000000,,2026-06-09,2026-06-09,1,32,28,1,1.000000,,,0.000000,,,,,,,,GLOBAL_BASELINE_NO_ENTITY_RANKING,,,NOT_APPLICABLE_GLOBAL_BASELINE,HF9g-P5,,,,X 全窗基线 · 不参与实体赏罚,3921335,393,A168_HF9F_20260827_0900,2026-08-27 09:00:00
2026-06-09,151193833,2160,0,30.8586417054,5.1431069509,5.1431069509,0.6000000,6,6,0.49324550000000000,0.493245500000,0.47746420675292983,0.47746420675292983,0.47746420675292983,0E-17,ELIGIBLE,R03b_20260811_FULL_v1,L1_ELIGIBILITY,v2026-08-11,2026-03-21..2026-08-06,baccarat_bet02_101_all_pairs_incl_sentinel,round_win = game_pnl > 0 (decisive only),COMPATIBILITY_ONLY_NOT_PRODUCTION,894.9006,792.0385,-61.7173,174,174,0.06896552,,0.06896552,0.06896552,61.7173,894.9006,OK,0.0000,-1.8515,3.0000,97.0000,AG03-UNRESOLVED,ALL5_LEVELS_bet23_to_bet27,-1.8515,-1.8515,-1.8515,-2.4687,-2.4687,3.000000,3.000000,3.000000,4.000000,4.000000,97.000000,97.000000,97.000000,96.000000,96.000000,5.0,-10.4919,-9.8057,-51.2253,-51.9116,PENDING_AG03,FALSE,NOT_FOR_ENFORCEMENT,-59.8658,768.2773,-61.7173,-59.8658,-1.8515,-0.06896552,-0.06689655,-1.8515,-59.8658,-0.06689655,-1.8515,-1.8515,-1.8515,-2.4687,-2.4687,-59.8658,-0.06689655,-10.4919,-9.8057,-51.2253,-51.9116,-0.05724138,-0.05800824,-0.00206897,5.1431,4.5519,-0.3547,-61.7173,-1.9287,894.9006,174.0000,,5.1431,5.1431,5.1431,5.1431,5.1431,5.1431,5.1431,5.1431,0.0,1.0,1.0,1.0,28,18,1,2,0E-8,-0.06896552,,0E-8,0.000000,0.885057,1.000000,,2026-06-09,2026-06-09,1,32,28,1,1.000000,,,0.000000,,,,,,,,GLOBAL_BASELINE_NO_ENTITY_RANKING,,,NOT_APPLICABLE_GLOBAL_BASELINE,HF9g-P5,,,,X 全窗基线 · 不参与实体赏罚,3921336,393,A168_HF9F_20260827_0900,2026-08-27 09:00:00
2026-06-09,151193833,2174,0,36.0017486563,-15.4293208527,-15.4293208527,0.2000000,7,7,0.49899058571428571,0.498990585714,-1.3371292734300484,-1.337129273428772,-1.3371292734300484,2.8571E-13,ELIGIBLE,R03b_20260811_FULL_v1,L1_ELIGIBILITY,v2026-08-11,2026-03-21..2026-08-06,baccarat_bet02_101_all_pairs_incl_sentinel,round_win = game_pnl > 0 (decisive only),COMPATIBILITY_ONLY_NOT_PRODUCTION,894.9006,792.0385,-61.7173,174,174,0.06896552,,0.06896552,0.06896552,61.7173,894.9006,OK,0.0000,-1.8515,3.0000,97.0000,AG03-UNRESOLVED,ALL5_LEVELS_bet23_to_bet27,-1.8515,-1.8515,-1.8515,-2.4687,-2.4687,3.000000,3.000000,3.000000,4.000000,4.000000,97.000000,97.000000,97.000000,96.000000,96.000000,5.0,-10.4919,-9.8057,-51.2253,-51.9116,PENDING_AG03,FALSE,NOT_FOR_ENFORCEMENT,-59.8658,768.2773,-61.7173,-59.8658,-1.8515,-0.06896552,-0.06689655,-1.8515,-59.8658,-0.06689655,-1.8515,-1.8515,-1.8515,-2.4687,-2.4687,-59.8658,-0.06689655,-10.4919,-9.8057,-51.2253,-51.9116,-0.05724138,-0.05800824,-0.00206897,5.1431,4.5519,-0.3547,-61.7173,-1.9287,894.9006,174.0000,,5.1431,5.1431,5.1431,5.1431,5.1431,5.1431,5.1431,5.1431,0.0,1.0,1.0,1.0,28,18,1,2,0E-8,-0.06896552,,0E-8,0.000000,0.885057,1.000000,,2026-06-09,2026-06-09,1,32,28,1,1.000000,,,0.000000,,,,,,,,GLOBAL_BASELINE_NO_ENTITY_RANKING,,,NOT_APPLICABLE_GLOBAL_BASELINE,HF9g-P5,,,,X 全窗基线 · 不参与实体赏罚,3921337,393,A168_HF9F_20260827_0900,2026-08-27 09:00:00
2026-06-09,151193833,2205,0,25.7155347545,0E-10,0E-10,0.5000000,5,5,0.49592654000000000,0.495926540000,0.016294380756781617,0.016294380756781617,0.016294380756781617,0E-17,ELIGIBLE,R03b_20260811_FULL_v1,L1_ELIGIBILITY,v2026-08-11,2026-03-21..2026-08-06,baccarat_bet02_101_all_pairs_incl_sentinel,round_win = game_pnl > 0 (decisive only),COMPATIBILITY_ONLY_NOT_PRODUCTION,894.9006,792.0385,-61.7173,174,174,0.06896552,,0.06896552,0.06896552,61.7173,894.9006,OK,0.0000,-1.8515,3.0000,97.0000,AG03-UNRESOLVED,ALL5_LEVELS_bet23_to_bet27,-1.8515,-1.8515,-1.8515,-2.4687,-2.4687,3.000000,3.000000,3.000000,4.000000,4.000000,97.000000,97.000000,97.000000,96.000000,96.000000,5.0,-10.4919,-9.8057,-51.2253,-51.9116,PENDING_AG03,FALSE,NOT_FOR_ENFORCEMENT,-59.8658,768.2773,-61.7173,-59.8658,-1.8515,-0.06896552,-0.06689655,-1.8515,-59.8658,-0.06689655,-1.8515,-1.8515,-1.8515,-2.4687,-2.4687,-59.8658,-0.06689655,-10.4919,-9.8057,-51.2253,-51.9116,-0.05724138,-0.05800824,-0.00206897,5.1431,4.5519,-0.3547,-61.7173,-1.9287,894.9006,174.0000,,5.1431,5.1431,5.1431,5.1431,5.1431,5.1431,5.1431,5.1431,0.0,1.0,1.0,1.0,28,18,1,2,0E-8,-0.06896552,,0E-8,0.000000,0.885057,1.000000,,2026-06-09,2026-06-09,1,32,28,1,1.000000,,,0.000000,,,,,,,,GLOBAL_BASELINE_NO_ENTITY_RANKING,,,NOT_APPLICABLE_GLOBAL_BASELINE,HF9g-P5,,,,X 全窗基线 · 不参与实体赏罚,3921338,393,A168_HF9F_20260827_0900,2026-08-27 09:00:00
2026-06-09,151193833,2209,0,41.1448556072,-30.8586417054,-30.8586417054,0.1250000,8,8,0.49827245000000000,0.498272450000,-2.1115604486430337,-2.1115604486430337,-2.1115604486430337,0E-17,ELIGIBLE,R03b_20260811_FULL_v1,L1_ELIGIBILITY,v2026-08-11,2026-03-21..2026-08-06,baccarat_bet02_101_all_pairs_incl_sentinel,round_win = game_pnl > 0 (decisive only),COMPATIBILITY_ONLY_NOT_PRODUCTION,894.9006,792.0385,-61.7173,174,174,0.06896552,,0.06896552,0.06896552,61.7173,894.9006,OK,0.0000,-1.8515,3.0000,97.0000,AG03-UNRESOLVED,ALL5_LEVELS_bet23_to_bet27,-1.8515,-1.8515,-1.8515,-2.4687,-2.4687,3.000000,3.000000,3.000000,4.000000,4.000000,97.000000,97.000000,97.000000,96.000000,96.000000,5.0,-10.4919,-9.8057,-51.2253,-51.9116,PENDING_AG03,FALSE,NOT_FOR_ENFORCEMENT,-59.8658,768.2773,-61.7173,-59.8658,-1.8515,-0.06896552,-0.06689655,-1.8515,-59.8658,-0.06689655,-1.8515,-1.8515,-1.8515,-2.4687,-2.4687,-59.8658,-0.06689655,-10.4919,-9.8057,-51.2253,-51.9116,-0.05724138,-0.05800824,-0.00206897,5.1431,4.5519,-0.3547,-61.7173,-1.9287,894.9006,174.0000,,5.1431,5.1431,5.1431,5.1431,5.1431,5.1431,5.1431,5.1431,0.0,1.0,1.0,1.0,28,18,1,2,0E-8,-0.06896552,,0E-8,0.000000,0.885057,1.000000,,2026-06-09,2026-06-09,1,32,28,1,1.000000,,,0.000000,,,,,,,,GLOBAL_BASELINE_NO_ENTITY_RANKING,,,NOT_APPLICABLE_GLOBAL_BASELINE,HF9g-P5,,,,X 全窗基线 · 不参与实体赏罚,3921339,393,A168_HF9F_20260827_0900,2026-08-27 09:00:00
2026-06-09,151193833,2222,0,36.0017486563,25.7155347545,25.7155347545,0.8571429,7,7,0.49324550000000000,0.493245500000,1.925739544596175,1.9257395445961751,1.925739544596175,0E-17,ELIGIBLE,R03b_20260811_FULL_v1,L1_ELIGIBILITY,v2026-08-11,2026-03-21..2026-08-06,baccarat_bet02_101_all_pairs_incl_sentinel,round_win = game_pnl > 0 (decisive only),COMPATIBILITY_ONLY_NOT_PRODUCTION,894.9006,792.0385,-61.7173,174,174,0.06896552,,0.06896552,0.06896552,61.7173,894.9006,OK,0.0000,-1.8515,3.0000,97.0000,AG03-UNRESOLVED,ALL5_LEVELS_bet23_to_bet27,-1.8515,-1.8515,-1.8515,-2.4687,-2.4687,3.000000,3.000000,3.000000,4.000000,4.000000,97.000000,97.000000,97.000000,96.000000,96.000000,5.0,-10.4919,-9.8057,-51.2253,-51.9116,PENDING_AG03,FALSE,NOT_FOR_ENFORCEMENT,-59.8658,768.2773,-61.7173,-59.8658,-1.8515,-0.06896552,-0.06689655,-1.8515,-59.8658,-0.06689655,-1.8515,-1.8515,-1.8515,-2.4687,-2.4687,-59.8658,-0.06689655,-10.4919,-9.8057,-51.2253,-51.9116,-0.05724138,-0.05800824,-0.00206897,5.1431,4.5519,-0.3547,-61.7173,-1.9287,894.9006,174.0000,,5.1431,5.1431,5.1431,5.1431,5.1431,5.1431,5.1431,5.1431,0.0,1.0,1.0,1.0,28,18,1,2,0E-8,-0.06896552,,0E-8,0.000000,0.885057,1.000000,,2026-06-09,2026-06-09,1,32,28,1,1.000000,,,0.000000,,,,,,,,GLOBAL_BASELINE_NO_ENTITY_RANKING,,,NOT_APPLICABLE_GLOBAL_BASELINE,HF9g-P5,,,,X 全窗基线 · 不参与实体赏罚,3921340,393,A168_HF9F_20260827_0900,2026-08-27 09:00:00
2026-06-09,151193833,2252,0,36.0017486563,36.0017486563,36.0017486563,1.0000000,7,7,0.49324550000000000,0.493245500000,2.6817374759579717,2.681737475957972,2.6817374759579717,0E-17,ELIGIBLE,R03b_20260811_FULL_v1,L1_ELIGIBILITY,v2026-08-11,2026-03-21..2026-08-06,baccarat_bet02_101_all_pairs_incl_sentinel,round_win = game_pnl > 0 (decisive only),COMPATIBILITY_ONLY_NOT_PRODUCTION,894.9006,792.0385,-61.7173,174,174,0.06896552,,0.06896552,0.06896552,61.7173,894.9006,OK,0.0000,-1.8515,3.0000,97.0000,AG03-UNRESOLVED,ALL5_LEVELS_bet23_to_bet27,-1.8515,-1.8515,-1.8515,-2.4687,-2.4687,3.000000,3.000000,3.000000,4.000000,4.000000,97.000000,97.000000,97.000000,96.000000,96.000000,5.0,-10.4919,-9.8057,-51.2253,-51.9116,PENDING_AG03,FALSE,NOT_FOR_ENFORCEMENT,-59.8658,768.2773,-61.7173,-59.8658,-1.8515,-0.06896552,-0.06689655,-1.8515,-59.8658,-0.06689655,-1.8515,-1.8515,-1.8515,-2.4687,-2.4687,-59.8658,-0.06689655,-10.4919,-9.8057,-51.2253,-51.9116,-0.05724138,-0.05800824,-0.00206897,5.1431,4.5519,-0.3547,-61.7173,-1.9287,894.9006,174.0000,,5.1431,5.1431,5.1431,5.1431,5.1431,5.1431,5.1431,5.1431,0.0,1.0,1.0,1.0,28,18,1,2,0E-8,-0.06896552,,0E-8,0.000000,0.885057,1.000000,,2026-06-09,2026-06-09,1,32,28,1,1.000000,,,0.000000,,,,,,,,GLOBAL_BASELINE_NO_ENTITY_RANKING,,,NOT_APPLICABLE_GLOBAL_BASELINE,HF9g-P5,,,,X 全窗基线 · 不参与实体赏罚,3921341,393,A168_HF9F_20260827_0900,2026-08-27 09:00:00
2026-06-09,151193833,2278,0,20.5724278036,0E-10,0E-10,0.5000000,4,4,0.49659680000000000,0.496596800000,0.013613115331600182,0.013613115331600183,0.013613115331600182,0E-17,ELIGIBLE,R03b_20260811_FULL_v1,L1_ELIGIBILITY,v2026-08-11,2026-03-21..2026-08-06,baccarat_bet02_101_all_pairs_incl_sentinel,round_win = game_pnl > 0 (decisive only),COMPATIBILITY_ONLY_NOT_PRODUCTION,894.9006,792.0385,-61.7173,174,174,0.06896552,,0.06896552,0.06896552,61.7173,894.9006,OK,0.0000,-1.8515,3.0000,97.0000,AG03-UNRESOLVED,ALL5_LEVELS_bet23_to_bet27,-1.8515,-1.8515,-1.8515,-2.4687,-2.4687,3.000000,3.000000,3.000000,4.000000,4.000000,97.000000,97.000000,97.000000,96.000000,96.000000,5.0,-10.4919,-9.8057,-51.2253,-51.9116,PENDING_AG03,FALSE,NOT_FOR_ENFORCEMENT,-59.8658,768.2773,-61.7173,-59.8658,-1.8515,-0.06896552,-0.06689655,-1.8515,-59.8658,-0.06689655,-1.8515,-1.8515,-1.8515,-2.4687,-2.4687,-59.8658,-0.06689655,-10.4919,-9.8057,-51.2253,-51.9116,-0.05724138,-0.05800824,-0.00206897,5.1431,4.5519,-0.3547,-61.7173,-1.9287,894.9006,174.0000,,5.1431,5.1431,5.1431,5.1431,5.1431,5.1431,5.1431,5.1431,0.0,1.0,1.0,1.0,28,18,1,2,0E-8,-0.06896552,,0E-8,0.000000,0.885057,1.000000,,2026-06-09,2026-06-09,1,32,28,1,1.000000,,,0.000000,,,,,,,,GLOBAL_BASELINE_NO_ENTITY_RANKING,,,NOT_APPLICABLE_GLOBAL_BASELINE,HF9g-P5,,,,X 全窗基线 · 不参与实体赏罚,3921342,393,A168_HF9F_20260827_0900,2026-08-27 09:00:00
2026-06-09,151193833,595,0,30.8586417054,20.5724278036,20.5724278036,0.8333333,6,6,0.49324550000000000,0.493245500000,1.666235363940442,1.6662353639404415,1.666235363940442,0E-17,ELIGIBLE,R03b_20260811_FULL_v1,L1_ELIGIBILITY,v2026-08-11,2026-03-21..2026-08-06,baccarat_bet02_101_all_pairs_incl_sentinel,round_win = game_pnl > 0 (decisive only),COMPATIBILITY_ONLY_NOT_PRODUCTION,894.9006,792.0385,-61.7173,174,174,0.06896552,,0.06896552,0.06896552,61.7173,894.9006,OK,0.0000,-1.8515,3.0000,97.0000,AG03-UNRESOLVED,ALL5_LEVELS_bet23_to_bet27,-1.8515,-1.8515,-1.8515,-2.4687,-2.4687,3.000000,3.000000,3.000000,4.000000,4.000000,97.000000,97.000000,97.000000,96.000000,96.000000,5.0,-10.4919,-9.8057,-51.2253,-51.9116,PENDING_AG03,FALSE,NOT_FOR_ENFORCEMENT,-59.8658,768.2773,-61.7173,-59.8658,-1.8515,-0.06896552,-0.06689655,-1.8515,-59.8658,-0.06689655,-1.8515,-1.8515,-1.8515,-2.4687,-2.4687,-59.8658,-0.06689655,-10.4919,-9.8057,-51.2253,-51.9116,-0.05724138,-0.05800824,-0.00206897,5.1431,4.5519,-0.3547,-61.7173,-1.9287,894.9006,174.0000,,5.1431,5.1431,5.1431,5.1431,5.1431,5.1431,5.1431,5.1431,0.0,1.0,1.0,1.0,28,18,1,2,0E-8,-0.06896552,,0E-8,0.000000,0.885057,1.000000,,2026-06-09,2026-06-09,1,32,28,1,1.000000,,,0.000000,,,,,,,,GLOBAL_BASELINE_NO_ENTITY_RANKING,,,NOT_APPLICABLE_GLOBAL_BASELINE,HF9g-P5,,,,X 全窗基线 · 不参与实体赏罚,3921343,393,A168_HF9F_20260827_0900,2026-08-27 09:00:00
2026-06-09,151193833,763,0,30.8586417054,-15.4293208527,-15.4293208527,0.2000000,6,6,0.49324550000000000,0.493245500000,-1.3115534243649334,-1.3115534243649334,-1.3115534243649334,0E-17,ELIGIBLE,R03b_20260811_FULL_v1,L1_ELIGIBILITY,v2026-08-11,2026-03-21..2026-08-06,baccarat_bet02_101_all_pairs_incl_sentinel,round_win = game_pnl > 0 (decisive only),COMPATIBILITY_ONLY_NOT_PRODUCTION,894.9006,792.0385,-61.7173,174,174,0.06896552,,0.06896552,0.06896552,61.7173,894.9006,OK,0.0000,-1.8515,3.0000,97.0000,AG03-UNRESOLVED,ALL5_LEVELS_bet23_to_bet27,-1.8515,-1.8515,-1.8515,-2.4687,-2.4687,3.000000,3.000000,3.000000,4.000000,4.000000,97.000000,97.000000,97.000000,96.000000,96.000000,5.0,-10.4919,-9.8057,-51.2253,-51.9116,PENDING_AG03,FALSE,NOT_FOR_ENFORCEMENT,-59.8658,768.2773,-61.7173,-59.8658,-1.8515,-0.06896552,-0.06689655,-1.8515,-59.8658,-0.06689655,-1.8515,-1.8515,-1.8515,-2.4687,-2.4687,-59.8658,-0.06689655,-10.4919,-9.8057,-51.2253,-51.9116,-0.05724138,-0.05800824,-0.00206897,5.1431,4.5519,-0.3547,-61.7173,-1.9287,894.9006,174.0000,,5.1431,5.1431,5.1431,5.1431,5.1431,5.1431,5.1431,5.1431,0.0,1.0,1.0,1.0,28,18,1,2,0E-8,-0.06896552,,0E-8,0.000000,0.885057,1.000000,,2026-06-09,2026-06-09,1,32,28,1,1.000000,,,0.000000,,,,,,,,GLOBAL_BASELINE_NO_ENTITY_RANKING,,,NOT_APPLICABLE_GLOBAL_BASELINE,HF9g-P5,,,,X 全窗基线 · 不参与实体赏罚,3921344,393,A168_HF9F_20260827_0900,2026-08-27 09:00:00
2026-06-26,152112199,-1,1,324.0157379067,61.7172834108,61.7172834108,0.6034483,63,63,0.49324550000000000,0.493245500000,1.6787118568422768,1.6787118568422768,1.6787118568422768,0E-17,SENTINEL_DEALER,R03b_20260811_FULL_v1,L1_ELIGIBILITY,v2026-08-11,2026-03-21..2026-08-06,baccarat_bet02_101_all_pairs_incl_sentinel,round_win = game_pnl > 0 (decisive only),COMPATIBILITY_ONLY_NOT_PRODUCTION,930.9024,874.3282,-61.7173,181,180,0.06629834,,0.06629834,0.06629834,61.7173,930.9024,OK,0.0000,-1.8515,3.0000,97.0000,AG03-UNRESOLVED,ALL5_LEVELS_bet23_to_bet27,-1.8515,-1.8515,-1.8515,-2.4687,-2.4687,3.000000,3.000000,3.000000,4.000000,4.000000,97.000000,97.000000,97.000000,96.000000,96.000000,5.0,-10.4919,-9.8057,-51.2253,-51.9116,PENDING_AG03,FALSE,NOT_FOR_ENFORCEMENT,-59.8658,848.0983,-61.7173,-59.8658,-1.8515,-0.06629834,-0.06430939,-1.8515,-59.8658,-0.06430939,-1.8515,-1.8515,-1.8515,-2.4687,-2.4687,-59.8658,-0.06430939,-10.4919,-9.8057,-51.2253,-51.9116,-0.05502762,-0.05576482,-0.00198895,5.1431,4.8574,-0.3429,-61.7173,-2.0572,930.9024,180.0000,,5.1431,5.1431,5.1431,5.1431,5.1431,5.1431,5.1431,5.1431,5.1431,1.0,1.0,1.0,28,30,1,2,0E-8,-0.06629834,,0E-8,0.000000,0.939227,0.000000,,2026-06-26,2026-06-26,1,30,28,1,1.000000,,,0.000000,,,,,,,,GLOBAL_BASELINE_NO_ENTITY_RANKING,,,NOT_APPLICABLE_GLOBAL_BASELINE,HF9g-P5,,,,X 全窗基线 · 不参与实体赏罚,3921345,393,A168_HF9F_20260827_0900,2026-08-27 09:00:00
2026-06-26,152112199,1115,0,36.0017486563,25.7155347545,25.7155347545,1.0000000,7,7,0.49324550000000000,0.493245500000,2.266481837870793,2.266481837870793,2.266481837870793,0E-17,ELIGIBLE,R03b_20260811_FULL_v1,L1_ELIGIBILITY,v2026-08-11,2026-03-21..2026-08-06,baccarat_bet02_101_all_pairs_incl_sentinel,round_win = game_pnl > 0 (decisive only),COMPATIBILITY_ONLY_NOT_PRODUCTION,930.9024,874.3282,-61.7173,181,180,0.06629834,,0.06629834,0.06629834,61.7173,930.9024,OK,0.0000,-1.8515,3.0000,97.0000,AG03-UNRESOLVED,ALL5_LEVELS_bet23_to_bet27,-1.8515,-1.8515,-1.8515,-2.4687,-2.4687,3.000000,3.000000,3.000000,4.000000,4.000000,97.000000,97.000000,97.000000,96.000000,96.000000,5.0,-10.4919,-9.8057,-51.2253,-51.9116,PENDING_AG03,FALSE,NOT_FOR_ENFORCEMENT,-59.8658,848.0983,-61.7173,-59.8658,-1.8515,-0.06629834,-0.06430939,-1.8515,-59.8658,-0.06430939,-1.8515,-1.8515,-1.8515,-2.4687,-2.4687,-59.8658,-0.06430939,-10.4919,-9.8057,-51.2253,-51.9116,-0.05502762,-0.05576482,-0.00198895,5.1431,4.8574,-0.3429,-61.7173,-2.0572,930.9024,180.0000,,5.1431,5.1431,5.1431,5.1431,5.1431,5.1431,5.1431,5.1431,5.1431,1.0,1.0,1.0,28,30,1,2,0E-8,-0.06629834,,0E-8,0.000000,0.939227,0.000000,,2026-06-26,2026-06-26,1,30,28,1,1.000000,,,0.000000,,,,,,,,GLOBAL_BASELINE_NO_ENTITY_RANKING,,,NOT_APPLICABLE_GLOBAL_BASELINE,HF9g-P5,,,,X 全窗基线 · 不参与实体赏罚,3921346,393,A168_HF9F_20260827_0900,2026-08-27 09:00:00
2026-06-26,152112199,1307,0,30.8586417054,10.2862139018,10.2862139018,0.6666667,6,6,0.49324550000000000,0.493245500000,0.8496642703256836,0.8496642703256835,0.8496642703256836,0E-17,ELIGIBLE,R03b_20260811_FULL_v1,L1_ELIGIBILITY,v2026-08-11,2026-03-21..2026-08-06,baccarat_bet02_101_all_pairs_incl_sentinel,round_win = game_pnl > 0 (decisive only),COMPATIBILITY_ONLY_NOT_PRODUCTION,930.9024,874.3282,-61.7173,181,180,0.06629834,,0.06629834,0.06629834,61.7173,930.9024,OK,0.0000,-1.8515,3.0000,97.0000,AG03-UNRESOLVED,ALL5_LEVELS_bet23_to_bet27,-1.8515,-1.8515,-1.8515,-2.4687,-2.4687,3.000000,3.000000,3.000000,4.000000,4.000000,97.000000,97.000000,97.000000,96.000000,96.000000,5.0,-10.4919,-9.8057,-51.2253,-51.9116,PENDING_AG03,FALSE,NOT_FOR_ENFORCEMENT,-59.8658,848.0983,-61.7173,-59.8658,-1.8515,-0.06629834,-0.06430939,-1.8515,-59.8658,-0.06430939,-1.8515,-1.8515,-1.8515,-2.4687,-2.4687,-59.8658,-0.06430939,-10.4919,-9.8057,-51.2253,-51.9116,-0.05502762,-0.05576482,-0.00198895,5.1431,4.8574,-0.3429,-61.7173,-2.0572,930.9024,180.0000,,5.1431,5.1431,5.1431,5.1431,5.1431,5.1431,5.1431,5.1431,5.1431,1.0,1.0,1.0,28,30,1,2,0E-8,-0.06629834,,0E-8,0.000000,0.939227,0.000000,,2026-06-26,2026-06-26,1,30,28,1,1.000000,,,0.000000,,,,,,,,GLOBAL_BASELINE_NO_ENTITY_RANKING,,,NOT_APPLICABLE_GLOBAL_BASELINE,HF9g-P5,,,,X 全窗基线 · 不参与实体赏罚,3921347,393,A168_HF9F_20260827_0900,2026-08-27 09:00:00
2026-06-26,152112199,1325,0,36.0017486563,-15.4293208527,-15.4293208527,0.2857143,7,7,0.49324550000000000,0.493245500000,-1.0982521808510124,-1.0982521808510126,-1.0982521808510124,0E-17,ELIGIBLE,R03b_20260811_FULL_v1,L1_ELIGIBILITY,v2026-08-11,2026-03-21..2026-08-06,baccarat_bet02_101_all_pairs_incl_sentinel,round_win = game_pnl > 0 (decisive only),COMPATIBILITY_ONLY_NOT_PRODUCTION,930.9024,874.3282,-61.7173,181,180,0.06629834,,0.06629834,0.06629834,61.7173,930.9024,OK,0.0000,-1.8515,3.0000,97.0000,AG03-UNRESOLVED,ALL5_LEVELS_bet23_to_bet27,-1.8515,-1.8515,-1.8515,-2.4687,-2.4687,3.000000,3.000000,3.000000,4.000000,4.000000,97.000000,97.000000,97.000000,96.000000,96.000000,5.0,-10.4919,-9.8057,-51.2253,-51.9116,PENDING_AG03,FALSE,NOT_FOR_ENFORCEMENT,-59.8658,848.0983,-61.7173,-59.8658,-1.8515,-0.06629834,-0.06430939,-1.8515,-59.8658,-0.06430939,-1.8515,-1.8515,-1.8515,-2.4687,-2.4687,-59.8658,-0.06430939,-10.4919,-9.8057,-51.2253,-51.9116,-0.05502762,-0.05576482,-0.00198895,5.1431,4.8574,-0.3429,-61.7173,-2.0572,930.9024,180.0000,,5.1431,5.1431,5.1431,5.1431,5.1431,5.1431,5.1431,5.1431,5.1431,1.0,1.0,1.0,28,30,1,2,0E-8,-0.06629834,,0E-8,0.000000,0.939227,0.000000,,2026-06-26,2026-06-26,1,30,28,1,1.000000,,,0.000000,,,,,,,,GLOBAL_BASELINE_NO_ENTITY_RANKING,,,NOT_APPLICABLE_GLOBAL_BASELINE,HF9g-P5,,,,X 全窗基线 · 不参与实体赏罚,3921348,393,A168_HF9F_20260827_0900,2026-08-27 09:00:00
2026-06-26,152112199,1383,0,30.8586417054,-10.2862139018,-10.2862139018,0.3333333,6,6,0.49324550000000000,0.493245500000,-0.783477916903833,-0.7834779169038328,-0.783477916903833,0E-17,ELIGIBLE,R03b_20260811_FULL_v1,L1_ELIGIBILITY,v2026-08-11,2026-03-21..2026-08-06,baccarat_bet02_101_all_pairs_incl_sentinel,round_win = game_pnl > 0 (decisive only),COMPATIBILITY_ONLY_NOT_PRODUCTION,930.9024,874.3282,-61.7173,181,180,0.06629834,,0.06629834,0.06629834,61.7173,930.9024,OK,0.0000,-1.8515,3.0000,97.0000,AG03-UNRESOLVED,ALL5_LEVELS_bet23_to_bet27,-1.8515,-1.8515,-1.8515,-2.4687,-2.4687,3.000000,3.000000,3.000000,4.000000,4.000000,97.000000,97.000000,97.000000,96.000000,96.000000,5.0,-10.4919,-9.8057,-51.2253,-51.9116,PENDING_AG03,FALSE,NOT_FOR_ENFORCEMENT,-59.8658,848.0983,-61.7173,-59.8658,-1.8515,-0.06629834,-0.06430939,-1.8515,-59.8658,-0.06430939,-1.8515,-1.8515,-1.8515,-2.4687,-2.4687,-59.8658,-0.06430939,-10.4919,-9.8057,-51.2253,-51.9116,-0.05502762,-0.05576482,-0.00198895,5.1431,4.8574,-0.3429,-61.7173,-2.0572,930.9024,180.0000,,5.1431,5.1431,5.1431,5.1431,5.1431,5.1431,5.1431,5.1431,5.1431,1.0,1.0,1.0,28,30,1,2,0E-8,-0.06629834,,0E-8,0.000000,0.939227,0.000000,,2026-06-26,2026-06-26,1,30,28,1,1.000000,,,0.000000,,,,,,,,GLOBAL_BASELINE_NO_ENTITY_RANKING,,,NOT_APPLICABLE_GLOBAL_BASELINE,HF9g-P5,,,,X 全窗基线 · 不参与实体赏罚,3921349,393,A168_HF9F_20260827_0900,2026-08-27 09:00:00
2026-06-26,152112199,1399,0,20.5724278036,0E-10,0E-10,0.5000000,4,4,0.49324550000000000,0.493245500000,0.027020465636507562,0.027020465636507562,0.027020465636507562,0E-17,ELIGIBLE,R03b_20260811_FULL_v1,L1_ELIGIBILITY,v2026-08-11,2026-03-21..2026-08-06,baccarat_bet02_101_all_pairs_incl_sentinel,round_win = game_pnl > 0 (decisive only),COMPATIBILITY_ONLY_NOT_PRODUCTION,930.9024,874.3282,-61.7173,181,180,0.06629834,,0.06629834,0.06629834,61.7173,930.9024,OK,0.0000,-1.8515,3.0000,97.0000,AG03-UNRESOLVED,ALL5_LEVELS_bet23_to_bet27,-1.8515,-1.8515,-1.8515,-2.4687,-2.4687,3.000000,3.000000,3.000000,4.000000,4.000000,97.000000,97.000000,97.000000,96.000000,96.000000,5.0,-10.4919,-9.8057,-51.2253,-51.9116,PENDING_AG03,FALSE,NOT_FOR_ENFORCEMENT,-59.8658,848.0983,-61.7173,-59.8658,-1.8515,-0.06629834,-0.06430939,-1.8515,-59.8658,-0.06430939,-1.8515,-1.8515,-1.8515,-2.4687,-2.4687,-59.8658,-0.06430939,-10.4919,-9.8057,-51.2253,-51.9116,-0.05502762,-0.05576482,-0.00198895,5.1431,4.8574,-0.3429,-61.7173,-2.0572,930.9024,180.0000,,5.1431,5.1431,5.1431,5.1431,5.1431,5.1431,5.1431,5.1431,5.1431,1.0,1.0,1.0,28,30,1,2,0E-8,-0.06629834,,0E-8,0.000000,0.939227,0.000000,,2026-06-26,2026-06-26,1,30,28,1,1.000000,,,0.000000,,,,,,,,GLOBAL_BASELINE_NO_ENTITY_RANKING,,,NOT_APPLICABLE_GLOBAL_BASELINE,HF9g-P5,,,,X 全窗基线 · 不参与实体赏罚,3921350,393,A168_HF9F_20260827_0900,2026-08-27 09:00:00
2026-06-26,152112199,1405,0,5.1431069509,-5.1431069509,-5.1431069509,0E-7,1,1,0.49324550000000000,0.493245500000,-0.9865810262130424,-0.9865810262130424,-0.9865810262130424,0E-17,ELIGIBLE,R03b_20260811_FULL_v1,L1_ELIGIBILITY,v2026-08-11,2026-03-21..2026-08-06,baccarat_bet02_101_all_pairs_incl_sentinel,round_win = game_pnl > 0 (decisive only),COMPATIBILITY_ONLY_NOT_PRODUCTION,930.9024,874.3282,-61.7173,181,180,0.06629834,,0.06629834,0.06629834,61.7173,930.9024,OK,0.0000,-1.8515,3.0000,97.0000,AG03-UNRESOLVED,ALL5_LEVELS_bet23_to_bet27,-1.8515,-1.8515,-1.8515,-2.4687,-2.4687,3.000000,3.000000,3.000000,4.000000,4.000000,97.000000,97.000000,97.000000,96.000000,96.000000,5.0,-10.4919,-9.8057,-51.2253,-51.9116,PENDING_AG03,FALSE,NOT_FOR_ENFORCEMENT,-59.8658,848.0983,-61.7173,-59.8658,-1.8515,-0.06629834,-0.06430939,-1.8515,-59.8658,-0.06430939,-1.8515,-1.8515,-1.8515,-2.4687,-2.4687,-59.8658,-0.06430939,-10.4919,-9.8057,-51.2253,-51.9116,-0.05502762,-0.05576482,-0.00198895,5.1431,4.8574,-0.3429,-61.7173,-2.0572,930.9024,180.0000,,5.1431,5.1431,5.1431,5.1431,5.1431,5.1431,5.1431,5.1431,5.1431,1.0,1.0,1.0,28,30,1,2,0E-8,-0.06629834,,0E-8,0.000000,0.939227,0.000000,,2026-06-26,2026-06-26,1,30,28,1,1.000000,,,0.000000,,,,,,,,GLOBAL_BASELINE_NO_ENTITY_RANKING,,,NOT_APPLICABLE_GLOBAL_BASELINE,HF9g-P5,,,,X 全窗基线 · 不参与实体赏罚,3921351,393,A168_HF9F_20260827_0900,2026-08-27 09:00:00
2026-06-26,152112199,1490,0,20.5724278036,10.2862139018,10.2862139018,0.7500000,4,4,0.49324550000000000,0.493245500000,1.0271117246678039,1.0271117246678039,1.0271117246678039,0E-17,ELIGIBLE,R03b_20260811_FULL_v1,L1_ELIGIBILITY,v2026-08-11,2026-03-21..2026-08-06,baccarat_bet02_101_all_pairs_incl_sentinel,round_win = game_pnl > 0 (decisive only),COMPATIBILITY_ONLY_NOT_PRODUCTION,930.9024,874.3282,-61.7173,181,180,0.06629834,,0.06629834,0.06629834,61.7173,930.9024,OK,0.0000,-1.8515,3.0000,97.0000,AG03-UNRESOLVED,ALL5_LEVELS_bet23_to_bet27,-1.8515,-1.8515,-1.8515,-2.4687,-2.4687,3.000000,3.000000,3.000000,4.000000,4.000000,97.000000,97.000000,97.000000,96.000000,96.000000,5.0,-10.4919,-9.8057,-51.2253,-51.9116,PENDING_AG03,FALSE,NOT_FOR_ENFORCEMENT,-59.8658,848.0983,-61.7173,-59.8658,-1.8515,-0.06629834,-0.06430939,-1.8515,-59.8658,-0.06430939,-1.8515,-1.8515,-1.8515,-2.4687,-2.4687,-59.8658,-0.06430939,-10.4919,-9.8057,-51.2253,-51.9116,-0.05502762,-0.05576482,-0.00198895,5.1431,4.8574,-0.3429,-61.7173,-2.0572,930.9024,180.0000,,5.1431,5.1431,5.1431,5.1431,5.1431,5.1431,5.1431,5.1431,5.1431,1.0,1.0,1.0,28,30,1,2,0E-8,-0.06629834,,0E-8,0.000000,0.939227,0.000000,,2026-06-26,2026-06-26,1,30,28,1,1.000000,,,0.000000,,,,,,,,GLOBAL_BASELINE_NO_ENTITY_RANKING,,,NOT_APPLICABLE_GLOBAL_BASELINE,HF9g-P5,,,,X 全窗基线 · 不参与实体赏罚,3921352,393,A168_HF9F_20260827_0900,2026-08-27 09:00:00
2026-06-26,152112199,1646,0,15.4293208527,-5.1431069509,-5.1431069509,0.3333333,3,3,0.49324550000000000,0.493245500000,-0.5540025479526107,-0.5540025479526106,-0.5540025479526107,0E-17,ELIGIBLE,R03b_20260811_FULL_v1,L1_ELIGIBILITY,v2026-08-11,2026-03-21..2026-08-06,baccarat_bet02_101_all_pairs_incl_sentinel,round_win = game_pnl > 0 (decisive only),COMPATIBILITY_ONLY_NOT_PRODUCTION,930.9024,874.3282,-61.7173,181,180,0.06629834,,0.06629834,0.06629834,61.7173,930.9024,OK,0.0000,-1.8515,3.0000,97.0000,AG03-UNRESOLVED,ALL5_LEVELS_bet23_to_bet27,-1.8515,-1.8515,-1.8515,-2.4687,-2.4687,3.000000,3.000000,3.000000,4.000000,4.000000,97.000000,97.000000,97.000000,96.000000,96.000000,5.0,-10.4919,-9.8057,-51.2253,-51.9116,PENDING_AG03,FALSE,NOT_FOR_ENFORCEMENT,-59.8658,848.0983,-61.7173,-59.8658,-1.8515,-0.06629834,-0.06430939,-1.8515,-59.8658,-0.06430939,-1.8515,-1.8515,-1.8515,-2.4687,-2.4687,-59.8658,-0.06430939,-10.4919,-9.8057,-51.2253,-51.9116,-0.05502762,-0.05576482,-0.00198895,5.1431,4.8574,-0.3429,-61.7173,-2.0572,930.9024,180.0000,,5.1431,5.1431,5.1431,5.1431,5.1431,5.1431,5.1431,5.1431,5.1431,1.0,1.0,1.0,28,30,1,2,0E-8,-0.06629834,,0E-8,0.000000,0.939227,0.000000,,2026-06-26,2026-06-26,1,30,28,1,1.000000,,,0.000000,,,,,,,,GLOBAL_BASELINE_NO_ENTITY_RANKING,,,NOT_APPLICABLE_GLOBAL_BASELINE,HF9g-P5,,,,X 全窗基线 · 不参与实体赏罚,3921353,393,A168_HF9F_20260827_0900,2026-08-27 09:00:00
2026-06-26,152112199,1750,0,25.7155347545,-5.1431069509,-5.1431069509,0.4000000,5,5,0.49324550000000000,0.493245500000,-0.4170446088060018,-0.4170446088060018,-0.4170446088060018,0E-17,ELIGIBLE,R03b_20260811_FULL_v1,L1_ELIGIBILITY,v2026-08-11,2026-03-21..2026-08-06,baccarat_bet02_101_all_pairs_incl_sentinel,round_win = game_pnl > 0 (decisive only),COMPATIBILITY_ONLY_NOT_PRODUCTION,930.9024,874.3282,-61.7173,181,180,0.06629834,,0.06629834,0.06629834,61.7173,930.9024,OK,0.0000,-1.8515,3.0000,97.0000,AG03-UNRESOLVED,ALL5_LEVELS_bet23_to_bet27,-1.8515,-1.8515,-1.8515,-2.4687,-2.4687,3.000000,3.000000,3.000000,4.000000,4.000000,97.000000,97.000000,97.000000,96.000000,96.000000,5.0,-10.4919,-9.8057,-51.2253,-51.9116,PENDING_AG03,FALSE,NOT_FOR_ENFORCEMENT,-59.8658,848.0983,-61.7173,-59.8658,-1.8515,-0.06629834,-0.06430939,-1.8515,-59.8658,-0.06430939,-1.8515,-1.8515,-1.8515,-2.4687,-2.4687,-59.8658,-0.06430939,-10.4919,-9.8057,-51.2253,-51.9116,-0.05502762,-0.05576482,-0.00198895,5.1431,4.8574,-0.3429,-61.7173,-2.0572,930.9024,180.0000,,5.1431,5.1431,5.1431,5.1431,5.1431,5.1431,5.1431,5.1431,5.1431,1.0,1.0,1.0,28,30,1,2,0E-8,-0.06629834,,0E-8,0.000000,0.939227,0.000000,,2026-06-26,2026-06-26,1,30,28,1,1.000000,,,0.000000,,,,,,,,GLOBAL_BASELINE_NO_ENTITY_RANKING,,,NOT_APPLICABLE_GLOBAL_BASELINE,HF9g-P5,,,,X 全窗基线 · 不参与实体赏罚,3921354,393,A168_HF9F_20260827_0900,2026-08-27 09:00:00
2026-06-26,152112199,1985,0,5.1431069509,5.1431069509,5.1431069509,1.0000000,1,1,0.49324550000000000,0.493245500000,1.01360149184955,1.01360149184955,1.01360149184955,0E-17,ELIGIBLE,R03b_20260811_FULL_v1,L1_ELIGIBILITY,v2026-08-11,2026-03-21..2026-08-06,baccarat_bet02_101_all_pairs_incl_sentinel,round_win = game_pnl > 0 (decisive only),COMPATIBILITY_ONLY_NOT_PRODUCTION,930.9024,874.3282,-61.7173,181,180,0.06629834,,0.06629834,0.06629834,61.7173,930.9024,OK,0.0000,-1.8515,3.0000,97.0000,AG03-UNRESOLVED,ALL5_LEVELS_bet23_to_bet27,-1.8515,-1.8515,-1.8515,-2.4687,-2.4687,3.000000,3.000000,3.000000,4.000000,4.000000,97.000000,97.000000,97.000000,96.000000,96.000000,5.0,-10.4919,-9.8057,-51.2253,-51.9116,PENDING_AG03,FALSE,NOT_FOR_ENFORCEMENT,-59.8658,848.0983,-61.7173,-59.8658,-1.8515,-0.06629834,-0.06430939,-1.8515,-59.8658,-0.06430939,-1.8515,-1.8515,-1.8515,-2.4687,-2.4687,-59.8658,-0.06430939,-10.4919,-9.8057,-51.2253,-51.9116,-0.05502762,-0.05576482,-0.00198895,5.1431,4.8574,-0.3429,-61.7173,-2.0572,930.9024,180.0000,,5.1431,5.1431,5.1431,5.1431,5.1431,5.1431,5.1431,5.1431,5.1431,1.0,1.0,1.0,28,30,1,2,0E-8,-0.06629834,,0E-8,0.000000,0.939227,0.000000,,2026-06-26,2026-06-26,1,30,28,1,1.000000,,,0.000000,,,,,,,,GLOBAL_BASELINE_NO_ENTITY_RANKING,,,NOT_APPLICABLE_GLOBAL_BASELINE,HF9g-P5,,,,X 全窗基线 · 不参与实体赏罚,3921355,393,A168_HF9F_20260827_0900,2026-08-27 09:00:00
2026-06-26,152112199,1990,0,25.7155347545,-5.1431069509,-5.1431069509,0.4000000,5,5,0.49324550000000000,0.493245500000,-0.4170446088060018,-0.4170446088060018,-0.4170446088060018,0E-17,ELIGIBLE,R03b_20260811_FULL_v1,L1_ELIGIBILITY,v2026-08-11,2026-03-21..2026-08-06,baccarat_bet02_101_all_pairs_incl_sentinel,round_win = game_pnl > 0 (decisive only),COMPATIBILITY_ONLY_NOT_PRODUCTION,930.9024,874.3282,-61.7173,181,180,0.06629834,,0.06629834,0.06629834,61.7173,930.9024,OK,0.0000,-1.8515,3.0000,97.0000,AG03-UNRESOLVED,ALL5_LEVELS_bet23_to_bet27,-1.8515,-1.8515,-1.8515,-2.4687,-2.4687,3.000000,3.000000,3.000000,4.000000,4.000000,97.000000,97.000000,97.000000,96.000000,96.000000,5.0,-10.4919,-9.8057,-51.2253,-51.9116,PENDING_AG03,FALSE,NOT_FOR_ENFORCEMENT,-59.8658,848.0983,-61.7173,-59.8658,-1.8515,-0.06629834,-0.06430939,-1.8515,-59.8658,-0.06430939,-1.8515,-1.8515,-1.8515,-2.4687,-2.4687,-59.8658,-0.06430939,-10.4919,-9.8057,-51.2253,-51.9116,-0.05502762,-0.05576482,-0.00198895,5.1431,4.8574,-0.3429,-61.7173,-2.0572,930.9024,180.0000,,5.1431,5.1431,5.1431,5.1431,5.1431,5.1431,5.1431,5.1431,5.1431,1.0,1.0,1.0,28,30,1,2,0E-8,-0.06629834,,0E-8,0.000000,0.939227,0.000000,,2026-06-26,2026-06-26,1,30,28,1,1.000000,,,0.000000,,,,,,,,GLOBAL_BASELINE_NO_ENTITY_RANKING,,,NOT_APPLICABLE_GLOBAL_BASELINE,HF9g-P5,,,,X 全窗基线 · 不参与实体赏罚,3921356,393,A168_HF9F_20260827_0900,2026-08-27 09:00:00
2026-06-26,152112199,2108,0,20.5724278036,-5.1431069509,-5.1431069509,0.3333333,4,4,0.49324550000000000,0.493245500000,-0.5540025479526107,-0.5540025479526106,-0.5540025479526107,0E-17,ELIGIBLE,R03b_20260811_FULL_v1,L1_ELIGIBILITY,v2026-08-11,2026-03-21..2026-08-06,baccarat_bet02_101_all_pairs_incl_sentinel,round_win = game_pnl > 0 (decisive only),COMPATIBILITY_ONLY_NOT_PRODUCTION,930.9024,874.3282,-61.7173,181,180,0.06629834,,0.06629834,0.06629834,61.7173,930.9024,OK,0.0000,-1.8515,3.0000,97.0000,AG03-UNRESOLVED,ALL5_LEVELS_bet23_to_bet27,-1.8515,-1.8515,-1.8515,-2.4687,-2.4687,3.000000,3.000000,3.000000,4.000000,4.000000,97.000000,97.000000,97.000000,96.000000,96.000000,5.0,-10.4919,-9.8057,-51.2253,-51.9116,PENDING_AG03,FALSE,NOT_FOR_ENFORCEMENT,-59.8658,848.0983,-61.7173,-59.8658,-1.8515,-0.06629834,-0.06430939,-1.8515,-59.8658,-0.06430939,-1.8515,-1.8515,-1.8515,-2.4687,-2.4687,-59.8658,-0.06430939,-10.4919,-9.8057,-51.2253,-51.9116,-0.05502762,-0.05576482,-0.00198895,5.1431,4.8574,-0.3429,-61.7173,-2.0572,930.9024,180.0000,,5.1431,5.1431,5.1431,5.1431,5.1431,5.1431,5.1431,5.1431,5.1431,1.0,1.0,1.0,28,30,1,2,0E-8,-0.06629834,,0E-8,0.000000,0.939227,0.000000,,2026-06-26,2026-06-26,1,30,28,1,1.000000,,,0.000000,,,,,,,,GLOBAL_BASELINE_NO_ENTITY_RANKING,,,NOT_APPLICABLE_GLOBAL_BASELINE,HF9g-P5,,,,X 全窗基线 · 不参与实体赏罚,3921357,393,A168_HF9F_20260827_0900,2026-08-27 09:00:00
2026-06-26,152112199,2142,0,36.0017486563,5.1431069509,5.1431069509,0.6000000,7,7,0.49324550000000000,0.493245500000,0.47746420675292983,0.47746420675292983,0.47746420675292983,0E-17,ELIGIBLE,R03b_20260811_FULL_v1,L1_ELIGIBILITY,v2026-08-11,2026-03-21..2026-08-06,baccarat_bet02_101_all_pairs_incl_sentinel,round_win = game_pnl > 0 (decisive only),COMPATIBILITY_ONLY_NOT_PRODUCTION,930.9024,874.3282,-61.7173,181,180,0.06629834,,0.06629834,0.06629834,61.7173,930.9024,OK,0.0000,-1.8515,3.0000,97.0000,AG03-UNRESOLVED,ALL5_LEVELS_bet23_to_bet27,-1.8515,-1.8515,-1.8515,-2.4687,-2.4687,3.000000,3.000000,3.000000,4.000000,4.000000,97.000000,97.000000,97.000000,96.000000,96.000000,5.0,-10.4919,-9.8057,-51.2253,-51.9116,PENDING_AG03,FALSE,NOT_FOR_ENFORCEMENT,-59.8658,848.0983,-61.7173,-59.8658,-1.8515,-0.06629834,-0.06430939,-1.8515,-59.8658,-0.06430939,-1.8515,-1.8515,-1.8515,-2.4687,-2.4687,-59.8658,-0.06430939,-10.4919,-9.8057,-51.2253,-51.9116,-0.05502762,-0.05576482,-0.00198895,5.1431,4.8574,-0.3429,-61.7173,-2.0572,930.9024,180.0000,,5.1431,5.1431,5.1431,5.1431,5.1431,5.1431,5.1431,5.1431,5.1431,1.0,1.0,1.0,28,30,1,2,0E-8,-0.06629834,,0E-8,0.000000,0.939227,0.000000,,2026-06-26,2026-06-26,1,30,28,1,1.000000,,,0.000000,,,,,,,,GLOBAL_BASELINE_NO_ENTITY_RANKING,,,NOT_APPLICABLE_GLOBAL_BASELINE,HF9g-P5,,,,X 全窗基线 · 不参与实体赏罚,3921358,393,A168_HF9F_20260827_0900,2026-08-27 09:00:00
2026-06-26,152112199,2152,0,20.5724278036,10.2862139018,10.2862139018,0.7500000,4,4,0.49324550000000000,0.493245500000,1.0271117246678039,1.0271117246678039,1.0271117246678039,0E-17,ELIGIBLE,R03b_20260811_FULL_v1,L1_ELIGIBILITY,v2026-08-11,2026-03-21..2026-08-06,baccarat_bet02_101_all_pairs_incl_sentinel,round_win = game_pnl > 0 (decisive only),COMPATIBILITY_ONLY_NOT_PRODUCTION,930.9024,874.3282,-61.7173,181,180,0.06629834,,0.06629834,0.06629834,61.7173,930.9024,OK,0.0000,-1.8515,3.0000,97.0000,AG03-UNRESOLVED,ALL5_LEVELS_bet23_to_bet27,-1.8515,-1.8515,-1.8515,-2.4687,-2.4687,3.000000,3.000000,3.000000,4.000000,4.000000,97.000000,97.000000,97.000000,96.000000,96.000000,5.0,-10.4919,-9.8057,-51.2253,-51.9116,PENDING_AG03,FALSE,NOT_FOR_ENFORCEMENT,-59.8658,848.0983,-61.7173,-59.8658,-1.8515,-0.06629834,-0.06430939,-1.8515,-59.8658,-0.06430939,-1.8515,-1.8515,-1.8515,-2.4687,-2.4687,-59.8658,-0.06430939,-10.4919,-9.8057,-51.2253,-51.9116,-0.05502762,-0.05576482,-0.00198895,5.1431,4.8574,-0.3429,-61.7173,-2.0572,930.9024,180.0000,,5.1431,5.1431,5.1431,5.1431,5.1431,5.1431,5.1431,5.1431,5.1431,1.0,1.0,1.0,28,30,1,2,0E-8,-0.06629834,,0E-8,0.000000,0.939227,0.000000,,2026-06-26,2026-06-26,1,30,28,1,1.000000,,,0.000000,,,,,,,,GLOBAL_BASELINE_NO_ENTITY_RANKING,,,NOT_APPLICABLE_GLOBAL_BASELINE,HF9g-P5,,,,X 全窗基线 · 不参与实体赏罚,3921359,393,A168_HF9F_20260827_0900,2026-08-27 09:00:00
2026-06-26,152112199,2205,0,25.7155347545,5.1431069509,5.1431069509,0.6000000,5,5,0.49324550000000000,0.493245500000,0.47746420675292983,0.47746420675292983,0.47746420675292983,0E-17,ELIGIBLE,R03b_20260811_FULL_v1,L1_ELIGIBILITY,v2026-08-11,2026-03-21..2026-08-06,baccarat_bet02_101_all_pairs_incl_sentinel,round_win = game_pnl > 0 (decisive only),COMPATIBILITY_ONLY_NOT_PRODUCTION,930.9024,874.3282,-61.7173,181,180,0.06629834,,0.06629834,0.06629834,61.7173,930.9024,OK,0.0000,-1.8515,3.0000,97.0000,AG03-UNRESOLVED,ALL5_LEVELS_bet23_to_bet27,-1.8515,-1.8515,-1.8515,-2.4687,-2.4687,3.000000,3.000000,3.000000,4.000000,4.000000,97.000000,97.000000,97.000000,96.000000,96.000000,5.0,-10.4919,-9.8057,-51.2253,-51.9116,PENDING_AG03,FALSE,NOT_FOR_ENFORCEMENT,-59.8658,848.0983,-61.7173,-59.8658,-1.8515,-0.06629834,-0.06430939,-1.8515,-59.8658,-0.06430939,-1.8515,-1.8515,-1.8515,-2.4687,-2.4687,-59.8658,-0.06430939,-10.4919,-9.8057,-51.2253,-51.9116,-0.05502762,-0.05576482,-0.00198895,5.1431,4.8574,-0.3429,-61.7173,-2.0572,930.9024,180.0000,,5.1431,5.1431,5.1431,5.1431,5.1431,5.1431,5.1431,5.1431,5.1431,1.0,1.0,1.0,28,30,1,2,0E-8,-0.06629834,,0E-8,0.000000,0.939227,0.000000,,2026-06-26,2026-06-26,1,30,28,1,1.000000,,,0.000000,,,,,,,,GLOBAL_BASELINE_NO_ENTITY_RANKING,,,NOT_APPLICABLE_GLOBAL_BASELINE,HF9g-P5,,,,X 全窗基线 · 不参与实体赏罚,3921360,393,A168_HF9F_20260827_0900,2026-08-27 09:00:00
2026-06-26,152112199,2209,0,15.4293208527,0E-10,0E-10,0.5000000,3,3,0.49324550000000000,0.493245500000,0.01910635448239258,0.01910635448239258,0.01910635448239258,0E-17,ELIGIBLE,R03b_20260811_FULL_v1,L1_ELIGIBILITY,v2026-08-11,2026-03-21..2026-08-06,baccarat_bet02_101_all_pairs_incl_sentinel,round_win = game_pnl > 0 (decisive only),COMPATIBILITY_ONLY_NOT_PRODUCTION,930.9024,874.3282,-61.7173,181,180,0.06629834,,0.06629834,0.06629834,61.7173,930.9024,OK,0.0000,-1.8515,3.0000,97.0000,AG03-UNRESOLVED,ALL5_LEVELS_bet23_to_bet27,-1.8515,-1.8515,-1.8515,-2.4687,-2.4687,3.000000,3.000000,3.000000,4.000000,4.000000,97.000000,97.000000,97.000000,96.000000,96.000000,5.0,-10.4919,-9.8057,-51.2253,-51.9116,PENDING_AG03,FALSE,NOT_FOR_ENFORCEMENT,-59.8658,848.0983,-61.7173,-59.8658,-1.8515,-0.06629834,-0.06430939,-1.8515,-59.8658,-0.06430939,-1.8515,-1.8515,-1.8515,-2.4687,-2.4687,-59.8658,-0.06430939,-10.4919,-9.8057,-51.2253,-51.9116,-0.05502762,-0.05576482,-0.00198895,5.1431,4.8574,-0.3429,-61.7173,-2.0572,930.9024,180.0000,,5.1431,5.1431,5.1431,5.1431,5.1431,5.1431,5.1431,5.1431,5.1431,1.0,1.0,1.0,28,30,1,2,0E-8,-0.06629834,,0E-8,0.000000,0.939227,0.000000,,2026-06-26,2026-06-26,1,30,28,1,1.000000,,,0.000000,,,,,,,,GLOBAL_BASELINE_NO_ENTITY_RANKING,,,NOT_APPLICABLE_GLOBAL_BASELINE,HF9g-P5,,,,X 全窗基线 · 不参与实体赏罚,3921361,393,A168_HF9F_20260827_0900,2026-08-27 09:00:00
2026-06-26,152112199,2212,0,25.7155347545,5.1431069509,5.1431069509,0.6666667,5,4,0.44092560000000000,0.440925600000,0.7875057613015881,0.7875057613015881,0.7875057613015881,0E-17,ELIGIBLE,R03b_20260811_FULL_v1,L1_ELIGIBILITY,v2026-08-11,2026-03-21..2026-08-06,baccarat_bet02_101_all_pairs_incl_sentinel,round_win = game_pnl > 0 (decisive only),COMPATIBILITY_ONLY_NOT_PRODUCTION,930.9024,874.3282,-61.7173,181,180,0.06629834,,0.06629834,0.06629834,61.7173,930.9024,OK,0.0000,-1.8515,3.0000,97.0000,AG03-UNRESOLVED,ALL5_LEVELS_bet23_to_bet27,-1.8515,-1.8515,-1.8515,-2.4687,-2.4687,3.000000,3.000000,3.000000,4.000000,4.000000,97.000000,97.000000,97.000000,96.000000,96.000000,5.0,-10.4919,-9.8057,-51.2253,-51.9116,PENDING_AG03,FALSE,NOT_FOR_ENFORCEMENT,-59.8658,848.0983,-61.7173,-59.8658,-1.8515,-0.06629834,-0.06430939,-1.8515,-59.8658,-0.06430939,-1.8515,-1.8515,-1.8515,-2.4687,-2.4687,-59.8658,-0.06430939,-10.4919,-9.8057,-51.2253,-51.9116,-0.05502762,-0.05576482,-0.00198895,5.1431,4.8574,-0.3429,-61.7173,-2.0572,930.9024,180.0000,,5.1431,5.1431,5.1431,5.1431,5.1431,5.1431,5.1431,5.1431,5.1431,1.0,1.0,1.0,28,30,1,2,0E-8,-0.06629834,,0E-8,0.000000,0.939227,0.000000,,2026-06-26,2026-06-26,1,30,28,1,1.000000,,,0.000000,,,,,,,,GLOBAL_BASELINE_NO_ENTITY_RANKING,,,NOT_APPLICABLE_GLOBAL_BASELINE,HF9g-P5,,,,X 全窗基线 · 不参与实体赏罚,3921362,393,A168_HF9F_20260827_0900,2026-08-27 09:00:00
2026-06-26,152112199,2220,0,10.2862139018,0E-10,0E-10,0.5000000,2,2,0.49324550000000000,0.493245500000,0.01910635448239258,0.01910635448239258,0.01910635448239258,0E-17,ELIGIBLE,R03b_20260811_FULL_v1,L1_ELIGIBILITY,v2026-08-11,2026-03-21..2026-08-06,baccarat_bet02_101_all_pairs_incl_sentinel,round_win = game_pnl > 0 (decisive only),COMPATIBILITY_ONLY_NOT_PRODUCTION,930.9024,874.3282,-61.7173,181,180,0.06629834,,0.06629834,0.06629834,61.7173,930.9024,OK,0.0000,-1.8515,3.0000,97.0000,AG03-UNRESOLVED,ALL5_LEVELS_bet23_to_bet27,-1.8515,-1.8515,-1.8515,-2.4687,-2.4687,3.000000,3.000000,3.000000,4.000000,4.000000,97.000000,97.000000,97.000000,96.000000,96.000000,5.0,-10.4919,-9.8057,-51.2253,-51.9116,PENDING_AG03,FALSE,NOT_FOR_ENFORCEMENT,-59.8658,848.0983,-61.7173,-59.8658,-1.8515,-0.06629834,-0.06430939,-1.8515,-59.8658,-0.06430939,-1.8515,-1.8515,-1.8515,-2.4687,-2.4687,-59.8658,-0.06430939,-10.4919,-9.8057,-51.2253,-51.9116,-0.05502762,-0.05576482,-0.00198895,5.1431,4.8574,-0.3429,-61.7173,-2.0572,930.9024,180.0000,,5.1431,5.1431,5.1431,5.1431,5.1431,5.1431,5.1431,5.1431,5.1431,1.0,1.0,1.0,28,30,1,2,0E-8,-0.06629834,,0E-8,0.000000,0.939227,0.000000,,2026-06-26,2026-06-26,1,30,28,1,1.000000,,,0.000000,,,,,,,,GLOBAL_BASELINE_NO_ENTITY_RANKING,,,NOT_APPLICABLE_GLOBAL_BASELINE,HF9g-P5,,,,X 全窗基线 · 不参与实体赏罚,3921363,393,A168_HF9F_20260827_0900,2026-08-27 09:00:00
2026-06-26,152112199,2229,0,25.7155347545,5.1431069509,5.1431069509,0.6000000,5,5,0.49324550000000000,0.493245500000,0.47746420675292983,0.47746420675292983,0.47746420675292983,0E-17,ELIGIBLE,R03b_20260811_FULL_v1,L1_ELIGIBILITY,v2026-08-11,2026-03-21..2026-08-06,baccarat_bet02_101_all_pairs_incl_sentinel,round_win = game_pnl > 0 (decisive only),COMPATIBILITY_ONLY_NOT_PRODUCTION,930.9024,874.3282,-61.7173,181,180,0.06629834,,0.06629834,0.06629834,61.7173,930.9024,OK,0.0000,-1.8515,3.0000,97.0000,AG03-UNRESOLVED,ALL5_LEVELS_bet23_to_bet27,-1.8515,-1.8515,-1.8515,-2.4687,-2.4687,3.000000,3.000000,3.000000,4.000000,4.000000,97.000000,97.000000,97.000000,96.000000,96.000000,5.0,-10.4919,-9.8057,-51.2253,-51.9116,PENDING_AG03,FALSE,NOT_FOR_ENFORCEMENT,-59.8658,848.0983,-61.7173,-59.8658,-1.8515,-0.06629834,-0.06430939,-1.8515,-59.8658,-0.06430939,-1.8515,-1.8515,-1.8515,-2.4687,-2.4687,-59.8658,-0.06430939,-10.4919,-9.8057,-51.2253,-51.9116,-0.05502762,-0.05576482,-0.00198895,5.1431,4.8574,-0.3429,-61.7173,-2.0572,930.9024,180.0000,,5.1431,5.1431,5.1431,5.1431,5.1431,5.1431,5.1431,5.1431,5.1431,1.0,1.0,1.0,28,30,1,2,0E-8,-0.06629834,,0E-8,0.000000,0.939227,0.000000,,2026-06-26,2026-06-26,1,30,28,1,1.000000,,,0.000000,,,,,,,,GLOBAL_BASELINE_NO_ENTITY_RANKING,,,NOT_APPLICABLE_GLOBAL_BASELINE,HF9g-P5,,,,X 全窗基线 · 不参与实体赏罚,3921364,393,A168_HF9F_20260827_0900,2026-08-27 09:00:00
2026-06-26,152112199,2233,0,10.2862139018,0E-10,0E-10,0.5000000,2,2,0.49324550000000000,0.493245500000,0.01910635448239258,0.01910635448239258,0.01910635448239258,0E-17,ELIGIBLE,R03b_20260811_FULL_v1,L1_ELIGIBILITY,v2026-08-11,2026-03-21..2026-08-06,baccarat_bet02_101_all_pairs_incl_sentinel,round_win = game_pnl > 0 (decisive only),COMPATIBILITY_ONLY_NOT_PRODUCTION,930.9024,874.3282,-61.7173,181,180,0.06629834,,0.06629834,0.06629834,61.7173,930.9024,OK,0.0000,-1.8515,3.0000,97.0000,AG03-UNRESOLVED,ALL5_LEVELS_bet23_to_bet27,-1.8515,-1.8515,-1.8515,-2.4687,-2.4687,3.000000,3.000000,3.000000,4.000000,4.000000,97.000000,97.000000,97.000000,96.000000,96.000000,5.0,-10.4919,-9.8057,-51.2253,-51.9116,PENDING_AG03,FALSE,NOT_FOR_ENFORCEMENT,-59.8658,848.0983,-61.7173,-59.8658,-1.8515,-0.06629834,-0.06430939,-1.8515,-59.8658,-0.06430939,-1.8515,-1.8515,-1.8515,-2.4687,-2.4687,-59.8658,-0.06430939,-10.4919,-9.8057,-51.2253,-51.9116,-0.05502762,-0.05576482,-0.00198895,5.1431,4.8574,-0.3429,-61.7173,-2.0572,930.9024,180.0000,,5.1431,5.1431,5.1431,5.1431,5.1431,5.1431,5.1431,5.1431,5.1431,1.0,1.0,1.0,28,30,1,2,0E-8,-0.06629834,,0E-8,0.000000,0.939227,0.000000,,2026-06-26,2026-06-26,1,30,28,1,1.000000,,,0.000000,,,,,,,,GLOBAL_BASELINE_NO_ENTITY_RANKING,,,NOT_APPLICABLE_GLOBAL_BASELINE,HF9g-P5,,,,X 全窗基线 · 不参与实体赏罚,3921365,393,A168_HF9F_20260827_0900,2026-08-27 09:00:00
2026-06-26,152112199,2276,0,10.2862139018,0E-10,0E-10,0.5000000,2,2,0.49324550000000000,0.493245500000,0.01910635448239258,0.01910635448239258,0.01910635448239258,0E-17,ELIGIBLE,R03b_20260811_FULL_v1,L1_ELIGIBILITY,v2026-08-11,2026-03-21..2026-08-06,baccarat_bet02_101_all_pairs_incl_sentinel,round_win = game_pnl > 0 (decisive only),COMPATIBILITY_ONLY_NOT_PRODUCTION,930.9024,874.3282,-61.7173,181,180,0.06629834,,0.06629834,0.06629834,61.7173,930.9024,OK,0.0000,-1.8515,3.0000,97.0000,AG03-UNRESOLVED,ALL5_LEVELS_bet23_to_bet27,-1.8515,-1.8515,-1.8515,-2.4687,-2.4687,3.000000,3.000000,3.000000,4.000000,4.000000,97.000000,97.000000,97.000000,96.000000,96.000000,5.0,-10.4919,-9.8057,-51.2253,-51.9116,PENDING_AG03,FALSE,NOT_FOR_ENFORCEMENT,-59.8658,848.0983,-61.7173,-59.8658,-1.8515,-0.06629834,-0.06430939,-1.8515,-59.8658,-0.06430939,-1.8515,-1.8515,-1.8515,-2.4687,-2.4687,-59.8658,-0.06430939,-10.4919,-9.8057,-51.2253,-51.9116,-0.05502762,-0.05576482,-0.00198895,5.1431,4.8574,-0.3429,-61.7173,-2.0572,930.9024,180.0000,,5.1431,5.1431,5.1431,5.1431,5.1431,5.1431,5.1431,5.1431,5.1431,1.0,1.0,1.0,28,30,1,2,0E-8,-0.06629834,,0E-8,0.000000,0.939227,0.000000,,2026-06-26,2026-06-26,1,30,28,1,1.000000,,,0.000000,,,,,,,,GLOBAL_BASELINE_NO_ENTITY_RANKING,,,NOT_APPLICABLE_GLOBAL_BASELINE,HF9g-P5,,,,X 全窗基线 · 不参与实体赏罚,3921366,393,A168_HF9F_20260827_0900,2026-08-27 09:00:00
2026-06-26,152112199,2278,0,5.1431069509,-5.1431069509,-5.1431069509,0E-7,1,1,0.49324550000000000,0.493245500000,-0.9865810262130424,-0.9865810262130424,-0.9865810262130424,0E-17,ELIGIBLE,R03b_20260811_FULL_v1,L1_ELIGIBILITY,v2026-08-11,2026-03-21..2026-08-06,baccarat_bet02_101_all_pairs_incl_sentinel,round_win = game_pnl > 0 (decisive only),COMPATIBILITY_ONLY_NOT_PRODUCTION,930.9024,874.3282,-61.7173,181,180,0.06629834,,0.06629834,0.06629834,61.7173,930.9024,OK,0.0000,-1.8515,3.0000,97.0000,AG03-UNRESOLVED,ALL5_LEVELS_bet23_to_bet27,-1.8515,-1.8515,-1.8515,-2.4687,-2.4687,3.000000,3.000000,3.000000,4.000000,4.000000,97.000000,97.000000,97.000000,96.000000,96.000000,5.0,-10.4919,-9.8057,-51.2253,-51.9116,PENDING_AG03,FALSE,NOT_FOR_ENFORCEMENT,-59.8658,848.0983,-61.7173,-59.8658,-1.8515,-0.06629834,-0.06430939,-1.8515,-59.8658,-0.06430939,-1.8515,-1.8515,-1.8515,-2.4687,-2.4687,-59.8658,-0.06430939,-10.4919,-9.8057,-51.2253,-51.9116,-0.05502762,-0.05576482,-0.00198895,5.1431,4.8574,-0.3429,-61.7173,-2.0572,930.9024,180.0000,,5.1431,5.1431,5.1431,5.1431,5.1431,5.1431,5.1431,5.1431,5.1431,1.0,1.0,1.0,28,30,1,2,0E-8,-0.06629834,,0E-8,0.000000,0.939227,0.000000,,2026-06-26,2026-06-26,1,30,28,1,1.000000,,,0.000000,,,,,,,,GLOBAL_BASELINE_NO_ENTITY_RANKING,,,NOT_APPLICABLE_GLOBAL_BASELINE,HF9g-P5,,,,X 全窗基线 · 不参与实体赏罚,3921367,393,A168_HF9F_20260827_0900,2026-08-27 09:00:00
2026-06-26,152112199,2281,0,25.7155347545,5.1431069509,5.1431069509,0.6000000,5,5,0.49324550000000000,0.493245500000,0.47746420675292983,0.47746420675292983,0.47746420675292983,0E-17,ELIGIBLE,R03b_20260811_FULL_v1,L1_ELIGIBILITY,v2026-08-11,2026-03-21..2026-08-06,baccarat_bet02_101_all_pairs_incl_sentinel,round_win = game_pnl > 0 (decisive only),COMPATIBILITY_ONLY_NOT_PRODUCTION,930.9024,874.3282,-61.7173,181,180,0.06629834,,0.06629834,0.06629834,61.7173,930.9024,OK,0.0000,-1.8515,3.0000,97.0000,AG03-UNRESOLVED,ALL5_LEVELS_bet23_to_bet27,-1.8515,-1.8515,-1.8515,-2.4687,-2.4687,3.000000,3.000000,3.000000,4.000000,4.000000,97.000000,97.000000,97.000000,96.000000,96.000000,5.0,-10.4919,-9.8057,-51.2253,-51.9116,PENDING_AG03,FALSE,NOT_FOR_ENFORCEMENT,-59.8658,848.0983,-61.7173,-59.8658,-1.8515,-0.06629834,-0.06430939,-1.8515,-59.8658,-0.06430939,-1.8515,-1.8515,-1.8515,-2.4687,-2.4687,-59.8658,-0.06430939,-10.4919,-9.8057,-51.2253,-51.9116,-0.05502762,-0.05576482,-0.00198895,5.1431,4.8574,-0.3429,-61.7173,-2.0572,930.9024,180.0000,,5.1431,5.1431,5.1431,5.1431,5.1431,5.1431,5.1431,5.1431,5.1431,1.0,1.0,1.0,28,30,1,2,0E-8,-0.06629834,,0E-8,0.000000,0.939227,0.000000,,2026-06-26,2026-06-26,1,30,28,1,1.000000,,,0.000000,,,,,,,,GLOBAL_BASELINE_NO_ENTITY_RANKING,,,NOT_APPLICABLE_GLOBAL_BASELINE,HF9g-P5,,,,X 全窗基线 · 不参与实体赏罚,3921368,393,A168_HF9F_20260827_0900,2026-08-27 09:00:00
2026-06-26,152112199,462,0,10.2862139018,0E-10,0E-10,0.5000000,2,2,0.49324550000000000,0.493245500000,0.01910635448239258,0.01910635448239258,0.01910635448239258,0E-17,ELIGIBLE,R03b_20260811_FULL_v1,L1_ELIGIBILITY,v2026-08-11,2026-03-21..2026-08-06,baccarat_bet02_101_all_pairs_incl_sentinel,round_win = game_pnl > 0 (decisive only),COMPATIBILITY_ONLY_NOT_PRODUCTION,930.9024,874.3282,-61.7173,181,180,0.06629834,,0.06629834,0.06629834,61.7173,930.9024,OK,0.0000,-1.8515,3.0000,97.0000,AG03-UNRESOLVED,ALL5_LEVELS_bet23_to_bet27,-1.8515,-1.8515,-1.8515,-2.4687,-2.4687,3.000000,3.000000,3.000000,4.000000,4.000000,97.000000,97.000000,97.000000,96.000000,96.000000,5.0,-10.4919,-9.8057,-51.2253,-51.9116,PENDING_AG03,FALSE,NOT_FOR_ENFORCEMENT,-59.8658,848.0983,-61.7173,-59.8658,-1.8515,-0.06629834,-0.06430939,-1.8515,-59.8658,-0.06430939,-1.8515,-1.8515,-1.8515,-2.4687,-2.4687,-59.8658,-0.06430939,-10.4919,-9.8057,-51.2253,-51.9116,-0.05502762,-0.05576482,-0.00198895,5.1431,4.8574,-0.3429,-61.7173,-2.0572,930.9024,180.0000,,5.1431,5.1431,5.1431,5.1431,5.1431,5.1431,5.1431,5.1431,5.1431,1.0,1.0,1.0,28,30,1,2,0E-8,-0.06629834,,0E-8,0.000000,0.939227,0.000000,,2026-06-26,2026-06-26,1,30,28,1,1.000000,,,0.000000,,,,,,,,GLOBAL_BASELINE_NO_ENTITY_RANKING,,,NOT_APPLICABLE_GLOBAL_BASELINE,HF9g-P5,,,,X 全窗基线 · 不参与实体赏罚,3921369,393,A168_HF9F_20260827_0900,2026-08-27 09:00:00
2026-06-26,152112199,526,0,30.8586417054,-20.5724278036,-20.5724278036,0.1666667,6,6,0.49324550000000000,0.493245500000,-1.6000490105185914,-1.600049010518591,-1.6000490105185914,0E-17,ELIGIBLE,R03b_20260811_FULL_v1,L1_ELIGIBILITY,v2026-08-11,2026-03-21..2026-08-06,baccarat_bet02_101_all_pairs_incl_sentinel,round_win = game_pnl > 0 (decisive only),COMPATIBILITY_ONLY_NOT_PRODUCTION,930.9024,874.3282,-61.7173,181,180,0.06629834,,0.06629834,0.06629834,61.7173,930.9024,OK,0.0000,-1.8515,3.0000,97.0000,AG03-UNRESOLVED,ALL5_LEVELS_bet23_to_bet27,-1.8515,-1.8515,-1.8515,-2.4687,-2.4687,3.000000,3.000000,3.000000,4.000000,4.000000,97.000000,97.000000,97.000000,96.000000,96.000000,5.0,-10.4919,-9.8057,-51.2253,-51.9116,PENDING_AG03,FALSE,NOT_FOR_ENFORCEMENT,-59.8658,848.0983,-61.7173,-59.8658,-1.8515,-0.06629834,-0.06430939,-1.8515,-59.8658,-0.06430939,-1.8515,-1.8515,-1.8515,-2.4687,-2.4687,-59.8658,-0.06430939,-10.4919,-9.8057,-51.2253,-51.9116,-0.05502762,-0.05576482,-0.00198895,5.1431,4.8574,-0.3429,-61.7173,-2.0572,930.9024,180.0000,,5.1431,5.1431,5.1431,5.1431,5.1431,5.1431,5.1431,5.1431,5.1431,1.0,1.0,1.0,28,30,1,2,0E-8,-0.06629834,,0E-8,0.000000,0.939227,0.000000,,2026-06-26,2026-06-26,1,30,28,1,1.000000,,,0.000000,,,,,,,,GLOBAL_BASELINE_NO_ENTITY_RANKING,,,NOT_APPLICABLE_GLOBAL_BASELINE,HF9g-P5,,,,X 全窗基线 · 不参与实体赏罚,3921370,393,A168_HF9F_20260827_0900,2026-08-27 09:00:00
2026-06-26,152112199,529,0,20.5724278036,0E-10,0E-10,0.5000000,4,4,0.49324550000000000,0.493245500000,0.027020465636507562,0.027020465636507562,0.027020465636507562,0E-17,ELIGIBLE,R03b_20260811_FULL_v1,L1_ELIGIBILITY,v2026-08-11,2026-03-21..2026-08-06,baccarat_bet02_101_all_pairs_incl_sentinel,round_win = game_pnl > 0 (decisive only),COMPATIBILITY_ONLY_NOT_PRODUCTION,930.9024,874.3282,-61.7173,181,180,0.06629834,,0.06629834,0.06629834,61.7173,930.9024,OK,0.0000,-1.8515,3.0000,97.0000,AG03-UNRESOLVED,ALL5_LEVELS_bet23_to_bet27,-1.8515,-1.8515,-1.8515,-2.4687,-2.4687,3.000000,3.000000,3.000000,4.000000,4.000000,97.000000,97.000000,97.000000,96.000000,96.000000,5.0,-10.4919,-9.8057,-51.2253,-51.9116,PENDING_AG03,FALSE,NOT_FOR_ENFORCEMENT,-59.8658,848.0983,-61.7173,-59.8658,-1.8515,-0.06629834,-0.06430939,-1.8515,-59.8658,-0.06430939,-1.8515,-1.8515,-1.8515,-2.4687,-2.4687,-59.8658,-0.06430939,-10.4919,-9.8057,-51.2253,-51.9116,-0.05502762,-0.05576482,-0.00198895,5.1431,4.8574,-0.3429,-61.7173,-2.0572,930.9024,180.0000,,5.1431,5.1431,5.1431,5.1431,5.1431,5.1431,5.1431,5.1431,5.1431,1.0,1.0,1.0,28,30,1,2,0E-8,-0.06629834,,0E-8,0.000000,0.939227,0.000000,,2026-06-26,2026-06-26,1,30,28,1,1.000000,,,0.000000,,,,,,,,GLOBAL_BASELINE_NO_ENTITY_RANKING,,,NOT_APPLICABLE_GLOBAL_BASELINE,HF9g-P5,,,,X 全窗基线 · 不参与实体赏罚,3921371,393,A168_HF9F_20260827_0900,2026-08-27 09:00:00
2026-06-26,152112199,550,0,30.8586417054,0E-10,0E-10,0.5000000,6,6,0.49324550000000000,0.493245500000,0.03309317671092531,0.03309317671092531,0.03309317671092531,0E-17,ELIGIBLE,R03b_20260811_FULL_v1,L1_ELIGIBILITY,v2026-08-11,2026-03-21..2026-08-06,baccarat_bet02_101_all_pairs_incl_sentinel,round_win = game_pnl > 0 (decisive only),COMPATIBILITY_ONLY_NOT_PRODUCTION,930.9024,874.3282,-61.7173,181,180,0.06629834,,0.06629834,0.06629834,61.7173,930.9024,OK,0.0000,-1.8515,3.0000,97.0000,AG03-UNRESOLVED,ALL5_LEVELS_bet23_to_bet27,-1.8515,-1.8515,-1.8515,-2.4687,-2.4687,3.000000,3.000000,3.000000,4.000000,4.000000,97.000000,97.000000,97.000000,96.000000,96.000000,5.0,-10.4919,-9.8057,-51.2253,-51.9116,PENDING_AG03,FALSE,NOT_FOR_ENFORCEMENT,-59.8658,848.0983,-61.7173,-59.8658,-1.8515,-0.06629834,-0.06430939,-1.8515,-59.8658,-0.06430939,-1.8515,-1.8515,-1.8515,-2.4687,-2.4687,-59.8658,-0.06430939,-10.4919,-9.8057,-51.2253,-51.9116,-0.05502762,-0.05576482,-0.00198895,5.1431,4.8574,-0.3429,-61.7173,-2.0572,930.9024,180.0000,,5.1431,5.1431,5.1431,5.1431,5.1431,5.1431,5.1431,5.1431,5.1431,1.0,1.0,1.0,28,30,1,2,0E-8,-0.06629834,,0E-8,0.000000,0.939227,0.000000,,2026-06-26,2026-06-26,1,30,28,1,1.000000,,,0.000000,,,,,,,,GLOBAL_BASELINE_NO_ENTITY_RANKING,,,NOT_APPLICABLE_GLOBAL_BASELINE,HF9g-P5,,,,X 全窗基线 · 不参与实体赏罚,3921372,393,A168_HF9F_20260827_0900,2026-08-27 09:00:00
2026-06-26,152112199,772,0,20.5724278036,-10.2862139018,-10.2862139018,0.2500000,4,4,0.49324550000000000,0.493245500000,-0.9730707933947887,-0.9730707933947887,-0.9730707933947887,0E-17,ELIGIBLE,R03b_20260811_FULL_v1,L1_ELIGIBILITY,v2026-08-11,2026-03-21..2026-08-06,baccarat_bet02_101_all_pairs_incl_sentinel,round_win = game_pnl > 0 (decisive only),COMPATIBILITY_ONLY_NOT_PRODUCTION,930.9024,874.3282,-61.7173,181,180,0.06629834,,0.06629834,0.06629834,61.7173,930.9024,OK,0.0000,-1.8515,3.0000,97.0000,AG03-UNRESOLVED,ALL5_LEVELS_bet23_to_bet27,-1.8515,-1.8515,-1.8515,-2.4687,-2.4687,3.000000,3.000000,3.000000,4.000000,4.000000,97.000000,97.000000,97.000000,96.000000,96.000000,5.0,-10.4919,-9.8057,-51.2253,-51.9116,PENDING_AG03,FALSE,NOT_FOR_ENFORCEMENT,-59.8658,848.0983,-61.7173,-59.8658,-1.8515,-0.06629834,-0.06430939,-1.8515,-59.8658,-0.06430939,-1.8515,-1.8515,-1.8515,-2.4687,-2.4687,-59.8658,-0.06430939,-10.4919,-9.8057,-51.2253,-51.9116,-0.05502762,-0.05576482,-0.00198895,5.1431,4.8574,-0.3429,-61.7173,-2.0572,930.9024,180.0000,,5.1431,5.1431,5.1431,5.1431,5.1431,5.1431,5.1431,5.1431,5.1431,1.0,1.0,1.0,28,30,1,2,0E-8,-0.06629834,,0E-8,0.000000,0.939227,0.000000,,2026-06-26,2026-06-26,1,30,28,1,1.000000,,,0.000000,,,,,,,,GLOBAL_BASELINE_NO_ENTITY_RANKING,,,NOT_APPLICABLE_GLOBAL_BASELINE,HF9g-P5,,,,X 全窗基线 · 不参与实体赏罚,3921373,393,A168_HF9F_20260827_0900,2026-08-27 09:00:00
2026-06-26,152112199,986,0,10.2862139018,0E-10,0E-10,0.5000000,2,2,0.49324550000000000,0.493245500000,0.01910635448239258,0.01910635448239258,0.01910635448239258,0E-17,ELIGIBLE,R03b_20260811_FULL_v1,L1_ELIGIBILITY,v2026-08-11,2026-03-21..2026-08-06,baccarat_bet02_101_all_pairs_incl_sentinel,round_win = game_pnl > 0 (decisive only),COMPATIBILITY_ONLY_NOT_PRODUCTION,930.9024,874.3282,-61.7173,181,180,0.06629834,,0.06629834,0.06629834,61.7173,930.9024,OK,0.0000,-1.8515,3.0000,97.0000,AG03-UNRESOLVED,ALL5_LEVELS_bet23_to_bet27,-1.8515,-1.8515,-1.8515,-2.4687,-2.4687,3.000000,3.000000,3.000000,4.000000,4.000000,97.000000,97.000000,97.000000,96.000000,96.000000,5.0,-10.4919,-9.8057,-51.2253,-51.9116,PENDING_AG03,FALSE,NOT_FOR_ENFORCEMENT,-59.8658,848.0983,-61.7173,-59.8658,-1.8515,-0.06629834,-0.06430939,-1.8515,-59.8658,-0.06430939,-1.8515,-1.8515,-1.8515,-2.4687,-2.4687,-59.8658,-0.06430939,-10.4919,-9.8057,-51.2253,-51.9116,-0.05502762,-0.05576482,-0.00198895,5.1431,4.8574,-0.3429,-61.7173,-2.0572,930.9024,180.0000,,5.1431,5.1431,5.1431,5.1431,5.1431,5.1431,5.1431,5.1431,5.1431,1.0,1.0,1.0,28,30,1,2,0E-8,-0.06629834,,0E-8,0.000000,0.939227,0.000000,,2026-06-26,2026-06-26,1,30,28,1,1.000000,,,0.000000,,,,,,,,GLOBAL_BASELINE_NO_ENTITY_RANKING,,,NOT_APPLICABLE_GLOBAL_BASELINE,HF9g-P5,,,,X 全窗基线 · 不参与实体赏罚,3921374,393,A168_HF9F_20260827_0900,2026-08-27 09:00:00
2026-06-12,151400579,-1,1,354.8743796121,66.8603903617,66.8603903617,0.6065574,69,69,0.49324550000000000,0.493245500000,1.770149629399065,1.7701496293990653,1.770149629399065,0E-17,SENTINEL_DEALER,R03b_20260811_FULL_v1,L1_ELIGIBILITY,v2026-08-11,2026-03-21..2026-08-06,baccarat_bet02_101_all_pairs_incl_sentinel,round_win = game_pnl > 0 (decisive only),COMPATIBILITY_ONLY_NOT_PRODUCTION,997.7627,905.1868,-61.7173,194,194,0.06185567,,0.06185567,0.06185567,61.7173,997.7627,OK,0.0000,-1.8515,3.0000,97.0000,AG03-UNRESOLVED,ALL5_LEVELS_bet23_to_bet27,-1.8515,-1.8515,-1.8515,-2.4687,-2.4687,3.000000,3.000000,3.000000,4.000000,4.000000,97.000000,97.000000,97.000000,96.000000,96.000000,5.0,-10.4919,-9.8057,-51.2253,-51.9116,PENDING_AG03,FALSE,NOT_FOR_ENFORCEMENT,-59.8658,878.0312,-61.7173,-59.8658,-1.8515,-0.06185567,-0.06000000,-1.8515,-59.8658,-0.06000000,-1.8515,-1.8515,-1.8515,-2.4687,-2.4687,-59.8658,-0.06000000,-10.4919,-9.8057,-51.2253,-51.9116,-0.05134021,-0.05202801,-0.00185567,5.1431,4.6659,-0.3181,-61.7173,-2.1282,997.7627,194.0000,,5.1431,5.1431,5.1431,5.1431,5.1431,5.1431,5.1431,5.1431,0.0,1.0,1.0,1.0,29,26,1,1,0E-8,-0.06185567,,0E-8,0.000000,0.907216,0.000000,,2026-06-12,2026-06-12,1,29,29,1,1.000000,,,0.000000,,,,,,,,GLOBAL_BASELINE_NO_ENTITY_RANKING,,,NOT_APPLICABLE_GLOBAL_BASELINE,HF9g-P5,,,,X 全窗基线 · 不参与实体赏罚,3921375,393,A168_HF9F_20260827_0900,2026-08-27 09:00:00
2026-06-12,151400579,1078,0,41.1448556072,5.1431069509,5.1431069509,0.5714286,8,8,0.49324550000000000,0.493245500000,0.4137436818725812,0.41374368187258126,0.4137436818725812,0E-17,ELIGIBLE,R03b_20260811_FULL_v1,L1_ELIGIBILITY,v2026-08-11,2026-03-21..2026-08-06,baccarat_bet02_101_all_pairs_incl_sentinel,round_win = game_pnl > 0 (decisive only),COMPATIBILITY_ONLY_NOT_PRODUCTION,997.7627,905.1868,-61.7173,194,194,0.06185567,,0.06185567,0.06185567,61.7173,997.7627,OK,0.0000,-1.8515,3.0000,97.0000,AG03-UNRESOLVED,ALL5_LEVELS_bet23_to_bet27,-1.8515,-1.8515,-1.8515,-2.4687,-2.4687,3.000000,3.000000,3.000000,4.000000,4.000000,97.000000,97.000000,97.000000,96.000000,96.000000,5.0,-10.4919,-9.8057,-51.2253,-51.9116,PENDING_AG03,FALSE,NOT_FOR_ENFORCEMENT,-59.8658,878.0312,-61.7173,-59.8658,-1.8515,-0.06185567,-0.06000000,-1.8515,-59.8658,-0.06000000,-1.8515,-1.8515,-1.8515,-2.4687,-2.4687,-59.8658,-0.06000000,-10.4919,-9.8057,-51.2253,-51.9116,-0.05134021,-0.05202801,-0.00185567,5.1431,4.6659,-0.3181,-61.7173,-2.1282,997.7627,194.0000,,5.1431,5.1431,5.1431,5.1431,5.1431,5.1431,5.1431,5.1431,0.0,1.0,1.0,1.0,29,26,1,1,0E-8,-0.06185567,,0E-8,0.000000,0.907216,0.000000,,2026-06-12,2026-06-12,1,29,29,1,1.000000,,,0.000000,,,,,,,,GLOBAL_BASELINE_NO_ENTITY_RANKING,,,NOT_APPLICABLE_GLOBAL_BASELINE,HF9g-P5,,,,X 全窗基线 · 不参与实体赏罚,3921376,393,A168_HF9F_20260827_0900,2026-08-27 09:00:00
2026-06-12,151400579,1151,0,30.8586417054,10.2862139018,10.2862139018,0.6666667,6,6,0.49324550000000000,0.493245500000,0.8496642703256836,0.8496642703256835,0.8496642703256836,0E-17,ELIGIBLE,R03b_20260811_FULL_v1,L1_ELIGIBILITY,v2026-08-11,2026-03-21..2026-08-06,baccarat_bet02_101_all_pairs_incl_sentinel,round_win = game_pnl > 0 (decisive only),COMPATIBILITY_ONLY_NOT_PRODUCTION,997.7627,905.1868,-61.7173,194,194,0.06185567,,0.06185567,0.06185567,61.7173,997.7627,OK,0.0000,-1.8515,3.0000,97.0000,AG03-UNRESOLVED,ALL5_LEVELS_bet23_to_bet27,-1.8515,-1.8515,-1.8515,-2.4687,-2.4687,3.000000,3.000000,3.000000,4.000000,4.000000,97.000000,97.000000,97.000000,96.000000,96.000000,5.0,-10.4919,-9.8057,-51.2253,-51.9116,PENDING_AG03,FALSE,NOT_FOR_ENFORCEMENT,-59.8658,878.0312,-61.7173,-59.8658,-1.8515,-0.06185567,-0.06000000,-1.8515,-59.8658,-0.06000000,-1.8515,-1.8515,-1.8515,-2.4687,-2.4687,-59.8658,-0.06000000,-10.4919,-9.8057,-51.2253,-51.9116,-0.05134021,-0.05202801,-0.00185567,5.1431,4.6659,-0.3181,-61.7173,-2.1282,997.7627,194.0000,,5.1431,5.1431,5.1431,5.1431,5.1431,5.1431,5.1431,5.1431,0.0,1.0,1.0,1.0,29,26,1,1,0E-8,-0.06185567,,0E-8,0.000000,0.907216,0.000000,,2026-06-12,2026-06-12,1,29,29,1,1.000000,,,0.000000,,,,,,,,GLOBAL_BASELINE_NO_ENTITY_RANKING,,,NOT_APPLICABLE_GLOBAL_BASELINE,HF9g-P5,,,,X 全窗基线 · 不参与实体赏罚,3921377,393,A168_HF9F_20260827_0900,2026-08-27 09:00:00
2026-06-12,151400579,1221,0,41.1448556072,-10.2862139018,-10.2862139018,0.3333333,8,8,0.49324550000000000,0.493245500000,-0.783477916903833,-0.7834779169038328,-0.783477916903833,0E-17,ELIGIBLE,R03b_20260811_FULL_v1,L1_ELIGIBILITY,v2026-08-11,2026-03-21..2026-08-06,baccarat_bet02_101_all_pairs_incl_sentinel,round_win = game_pnl > 0 (decisive only),COMPATIBILITY_ONLY_NOT_PRODUCTION,997.7627,905.1868,-61.7173,194,194,0.06185567,,0.06185567,0.06185567,61.7173,997.7627,OK,0.0000,-1.8515,3.0000,97.0000,AG03-UNRESOLVED,ALL5_LEVELS_bet23_to_bet27,-1.8515,-1.8515,-1.8515,-2.4687,-2.4687,3.000000,3.000000,3.000000,4.000000,4.000000,97.000000,97.000000,97.000000,96.000000,96.000000,5.0,-10.4919,-9.8057,-51.2253,-51.9116,PENDING_AG03,FALSE,NOT_FOR_ENFORCEMENT,-59.8658,878.0312,-61.7173,-59.8658,-1.8515,-0.06185567,-0.06000000,-1.8515,-59.8658,-0.06000000,-1.8515,-1.8515,-1.8515,-2.4687,-2.4687,-59.8658,-0.06000000,-10.4919,-9.8057,-51.2253,-51.9116,-0.05134021,-0.05202801,-0.00185567,5.1431,4.6659,-0.3181,-61.7173,-2.1282,997.7627,194.0000,,5.1431,5.1431,5.1431,5.1431,5.1431,5.1431,5.1431,5.1431,0.0,1.0,1.0,1.0,29,26,1,1,0E-8,-0.06185567,,0E-8,0.000000,0.907216,0.000000,,2026-06-12,2026-06-12,1,29,29,1,1.000000,,,0.000000,,,,,,,,GLOBAL_BASELINE_NO_ENTITY_RANKING,,,NOT_APPLICABLE_GLOBAL_BASELINE,HF9g-P5,,,,X 全窗基线 · 不参与实体赏罚,3921378,393,A168_HF9F_20260827_0900,2026-08-27 09:00:00
2026-06-12,151400579,1385,0,5.1431069509,5.1431069509,5.1431069509,1.0000000,1,1,0.49324550000000000,0.493245500000,1.01360149184955,1.01360149184955,1.01360149184955,0E-17,ELIGIBLE,R03b_20260811_FULL_v1,L1_ELIGIBILITY,v2026-08-11,2026-03-21..2026-08-06,baccarat_bet02_101_all_pairs_incl_sentinel,round_win = game_pnl > 0 (decisive only),COMPATIBILITY_ONLY_NOT_PRODUCTION,997.7627,905.1868,-61.7173,194,194,0.06185567,,0.06185567,0.06185567,61.7173,997.7627,OK,0.0000,-1.8515,3.0000,97.0000,AG03-UNRESOLVED,ALL5_LEVELS_bet23_to_bet27,-1.8515,-1.8515,-1.8515,-2.4687,-2.4687,3.000000,3.000000,3.000000,4.000000,4.000000,97.000000,97.000000,97.000000,96.000000,96.000000,5.0,-10.4919,-9.8057,-51.2253,-51.9116,PENDING_AG03,FALSE,NOT_FOR_ENFORCEMENT,-59.8658,878.0312,-61.7173,-59.8658,-1.8515,-0.06185567,-0.06000000,-1.8515,-59.8658,-0.06000000,-1.8515,-1.8515,-1.8515,-2.4687,-2.4687,-59.8658,-0.06000000,-10.4919,-9.8057,-51.2253,-51.9116,-0.05134021,-0.05202801,-0.00185567,5.1431,4.6659,-0.3181,-61.7173,-2.1282,997.7627,194.0000,,5.1431,5.1431,5.1431,5.1431,5.1431,5.1431,5.1431,5.1431,0.0,1.0,1.0,1.0,29,26,1,1,0E-8,-0.06185567,,0E-8,0.000000,0.907216,0.000000,,2026-06-12,2026-06-12,1,29,29,1,1.000000,,,0.000000,,,,,,,,GLOBAL_BASELINE_NO_ENTITY_RANKING,,,NOT_APPLICABLE_GLOBAL_BASELINE,HF9g-P5,,,,X 全窗基线 · 不参与实体赏罚,3921379,393,A168_HF9F_20260827_0900,2026-08-27 09:00:00
2026-06-12,151400579,1400,0,5.1431069509,5.1431069509,5.1431069509,1.0000000,1,1,0.49324550000000000,0.493245500000,1.01360149184955,1.01360149184955,1.01360149184955,0E-17,ELIGIBLE,R03b_20260811_FULL_v1,L1_ELIGIBILITY,v2026-08-11,2026-03-21..2026-08-06,baccarat_bet02_101_all_pairs_incl_sentinel,round_win = game_pnl > 0 (decisive only),COMPATIBILITY_ONLY_NOT_PRODUCTION,997.7627,905.1868,-61.7173,194,194,0.06185567,,0.06185567,0.06185567,61.7173,997.7627,OK,0.0000,-1.8515,3.0000,97.0000,AG03-UNRESOLVED,ALL5_LEVELS_bet23_to_bet27,-1.8515,-1.8515,-1.8515,-2.4687,-2.4687,3.000000,3.000000,3.000000,4.000000,4.000000,97.000000,97.000000,97.000000,96.000000,96.000000,5.0,-10.4919,-9.8057,-51.2253,-51.9116,PENDING_AG03,FALSE,NOT_FOR_ENFORCEMENT,-59.8658,878.0312,-61.7173,-59.8658,-1.8515,-0.06185567,-0.06000000,-1.8515,-59.8658,-0.06000000,-1.8515,-1.8515,-1.8515,-2.4687,-2.4687,-59.8658,-0.06000000,-10.4919,-9.8057,-51.2253,-51.9116,-0.05134021,-0.05202801,-0.00185567,5.1431,4.6659,-0.3181,-61.7173,-2.1282,997.7627,194.0000,,5.1431,5.1431,5.1431,5.1431,5.1431,5.1431,5.1431,5.1431,0.0,1.0,1.0,1.0,29,26,1,1,0E-8,-0.06185567,,0E-8,0.000000,0.907216,0.000000,,2026-06-12,2026-06-12,1,29,29,1,1.000000,,,0.000000,,,,,,,,GLOBAL_BASELINE_NO_ENTITY_RANKING,,,NOT_APPLICABLE_GLOBAL_BASELINE,HF9g-P5,,,,X 全窗基线 · 不参与实体赏罚,3921380,393,A168_HF9F_20260827_0900,2026-08-27 09:00:00
2026-06-12,151400579,2063,0,36.0017486563,-5.1431069509,-5.1431069509,0.4285714,7,7,0.49324550000000000,0.493245500000,-0.3422542494892156,-0.3422542494892157,-0.3422542494892156,0E-17,ELIGIBLE,R03b_20260811_FULL_v1,L1_ELIGIBILITY,v2026-08-11,2026-03-21..2026-08-06,baccarat_bet02_101_all_pairs_incl_sentinel,round_win = game_pnl > 0 (decisive only),COMPATIBILITY_ONLY_NOT_PRODUCTION,997.7627,905.1868,-61.7173,194,194,0.06185567,,0.06185567,0.06185567,61.7173,997.7627,OK,0.0000,-1.8515,3.0000,97.0000,AG03-UNRESOLVED,ALL5_LEVELS_bet23_to_bet27,-1.8515,-1.8515,-1.8515,-2.4687,-2.4687,3.000000,3.000000,3.000000,4.000000,4.000000,97.000000,97.000000,97.000000,96.000000,96.000000,5.0,-10.4919,-9.8057,-51.2253,-51.9116,PENDING_AG03,FALSE,NOT_FOR_ENFORCEMENT,-59.8658,878.0312,-61.7173,-59.8658,-1.8515,-0.06185567,-0.06000000,-1.8515,-59.8658,-0.06000000,-1.8515,-1.8515,-1.8515,-2.4687,-2.4687,-59.8658,-0.06000000,-10.4919,-9.8057,-51.2253,-51.9116,-0.05134021,-0.05202801,-0.00185567,5.1431,4.6659,-0.3181,-61.7173,-2.1282,997.7627,194.0000,,5.1431,5.1431,5.1431,5.1431,5.1431,5.1431,5.1431,5.1431,0.0,1.0,1.0,1.0,29,26,1,1,0E-8,-0.06185567,,0E-8,0.000000,0.907216,0.000000,,2026-06-12,2026-06-12,1,29,29,1,1.000000,,,0.000000,,,,,,,,GLOBAL_BASELINE_NO_ENTITY_RANKING,,,NOT_APPLICABLE_GLOBAL_BASELINE,HF9g-P5,,,,X 全窗基线 · 不参与实体赏罚,3921381,393,A168_HF9F_20260827_0900,2026-08-27 09:00:00
2026-06-12,151400579,2101,0,36.0017486563,-25.7155347545,-25.7155347545,0.1428571,7,7,0.49324550000000000,0.493245500000,-1.8542501122128092,-1.8542501122128097,-1.8542501122128092,0E-17,ELIGIBLE,R03b_20260811_FULL_v1,L1_ELIGIBILITY,v2026-08-11,2026-03-21..2026-08-06,baccarat_bet02_101_all_pairs_incl_sentinel,round_win = game_pnl > 0 (decisive only),COMPATIBILITY_ONLY_NOT_PRODUCTION,997.7627,905.1868,-61.7173,194,194,0.06185567,,0.06185567,0.06185567,61.7173,997.7627,OK,0.0000,-1.8515,3.0000,97.0000,AG03-UNRESOLVED,ALL5_LEVELS_bet23_to_bet27,-1.8515,-1.8515,-1.8515,-2.4687,-2.4687,3.000000,3.000000,3.000000,4.000000,4.000000,97.000000,97.000000,97.000000,96.000000,96.000000,5.0,-10.4919,-9.8057,-51.2253,-51.9116,PENDING_AG03,FALSE,NOT_FOR_ENFORCEMENT,-59.8658,878.0312,-61.7173,-59.8658,-1.8515,-0.06185567,-0.06000000,-1.8515,-59.8658,-0.06000000,-1.8515,-1.8515,-1.8515,-2.4687,-2.4687,-59.8658,-0.06000000,-10.4919,-9.8057,-51.2253,-51.9116,-0.05134021,-0.05202801,-0.00185567,5.1431,4.6659,-0.3181,-61.7173,-2.1282,997.7627,194.0000,,5.1431,5.1431,5.1431,5.1431,5.1431,5.1431,5.1431,5.1431,0.0,1.0,1.0,1.0,29,26,1,1,0E-8,-0.06185567,,0E-8,0.000000,0.907216,0.000000,,2026-06-12,2026-06-12,1,29,29,1,1.000000,,,0.000000,,,,,,,,GLOBAL_BASELINE_NO_ENTITY_RANKING,,,NOT_APPLICABLE_GLOBAL_BASELINE,HF9g-P5,,,,X 全窗基线 · 不参与实体赏罚,3921382,393,A168_HF9F_20260827_0900,2026-08-27 09:00:00
2026-06-12,151400579,2123,0,36.0017486563,5.1431069509,5.1431069509,0.5714286,7,7,0.49324550000000000,0.493245500000,0.4137436818725812,0.41374368187258126,0.4137436818725812,0E-17,ELIGIBLE,R03b_20260811_FULL_v1,L1_ELIGIBILITY,v2026-08-11,2026-03-21..2026-08-06,baccarat_bet02_101_all_pairs_incl_sentinel,round_win = game_pnl > 0 (decisive only),COMPATIBILITY_ONLY_NOT_PRODUCTION,997.7627,905.1868,-61.7173,194,194,0.06185567,,0.06185567,0.06185567,61.7173,997.7627,OK,0.0000,-1.8515,3.0000,97.0000,AG03-UNRESOLVED,ALL5_LEVELS_bet23_to_bet27,-1.8515,-1.8515,-1.8515,-2.4687,-2.4687,3.000000,3.000000,3.000000,4.000000,4.000000,97.000000,97.000000,97.000000,96.000000,96.000000,5.0,-10.4919,-9.8057,-51.2253,-51.9116,PENDING_AG03,FALSE,NOT_FOR_ENFORCEMENT,-59.8658,878.0312,-61.7173,-59.8658,-1.8515,-0.06185567,-0.06000000,-1.8515,-59.8658,-0.06000000,-1.8515,-1.8515,-1.8515,-2.4687,-2.4687,-59.8658,-0.06000000,-10.4919,-9.8057,-51.2253,-51.9116,-0.05134021,-0.05202801,-0.00185567,5.1431,4.6659,-0.3181,-61.7173,-2.1282,997.7627,194.0000,,5.1431,5.1431,5.1431,5.1431,5.1431,5.1431,5.1431,5.1431,0.0,1.0,1.0,1.0,29,26,1,1,0E-8,-0.06185567,,0E-8,0.000000,0.907216,0.000000,,2026-06-12,2026-06-12,1,29,29,1,1.000000,,,0.000000,,,,,,,,GLOBAL_BASELINE_NO_ENTITY_RANKING,,,NOT_APPLICABLE_GLOBAL_BASELINE,HF9g-P5,,,,X 全窗基线 · 不参与实体赏罚,3921383,393,A168_HF9F_20260827_0900,2026-08-27 09:00:00
2026-06-12,151400579,2130,0,30.8586417054,10.2862139018,10.2862139018,0.7500000,6,6,0.49324550000000000,0.493245500000,1.0271117246678039,1.0271117246678039,1.0271117246678039,0E-17,ELIGIBLE,R03b_20260811_FULL_v1,L1_ELIGIBILITY,v2026-08-11,2026-03-21..2026-08-06,baccarat_bet02_101_all_pairs_incl_sentinel,round_win = game_pnl > 0 (decisive only),COMPATIBILITY_ONLY_NOT_PRODUCTION,997.7627,905.1868,-61.7173,194,194,0.06185567,,0.06185567,0.06185567,61.7173,997.7627,OK,0.0000,-1.8515,3.0000,97.0000,AG03-UNRESOLVED,ALL5_LEVELS_bet23_to_bet27,-1.8515,-1.8515,-1.8515,-2.4687,-2.4687,3.000000,3.000000,3.000000,4.000000,4.000000,97.000000,97.000000,97.000000,96.000000,96.000000,5.0,-10.4919,-9.8057,-51.2253,-51.9116,PENDING_AG03,FALSE,NOT_FOR_ENFORCEMENT,-59.8658,878.0312,-61.7173,-59.8658,-1.8515,-0.06185567,-0.06000000,-1.8515,-59.8658,-0.06000000,-1.8515,-1.8515,-1.8515,-2.4687,-2.4687,-59.8658,-0.06000000,-10.4919,-9.8057,-51.2253,-51.9116,-0.05134021,-0.05202801,-0.00185567,5.1431,4.6659,-0.3181,-61.7173,-2.1282,997.7627,194.0000,,5.1431,5.1431,5.1431,5.1431,5.1431,5.1431,5.1431,5.1431,0.0,1.0,1.0,1.0,29,26,1,1,0E-8,-0.06185567,,0E-8,0.000000,0.907216,0.000000,,2026-06-12,2026-06-12,1,29,29,1,1.000000,,,0.000000,,,,,,,,GLOBAL_BASELINE_NO_ENTITY_RANKING,,,NOT_APPLICABLE_GLOBAL_BASELINE,HF9g-P5,,,,X 全窗基线 · 不参与实体赏罚,3921384,393,A168_HF9F_20260827_0900,2026-08-27 09:00:00
2026-06-12,151400579,2156,0,30.8586417054,0E-10,0E-10,0.5000000,6,6,0.49324550000000000,0.493245500000,0.03309317671092531,0.03309317671092531,0.03309317671092531,0E-17,ELIGIBLE,R03b_20260811_FULL_v1,L1_ELIGIBILITY,v2026-08-11,2026-03-21..2026-08-06,baccarat_bet02_101_all_pairs_incl_sentinel,round_win = game_pnl > 0 (decisive only),COMPATIBILITY_ONLY_NOT_PRODUCTION,997.7627,905.1868,-61.7173,194,194,0.06185567,,0.06185567,0.06185567,61.7173,997.7627,OK,0.0000,-1.8515,3.0000,97.0000,AG03-UNRESOLVED,ALL5_LEVELS_bet23_to_bet27,-1.8515,-1.8515,-1.8515,-2.4687,-2.4687,3.000000,3.000000,3.000000,4.000000,4.000000,97.000000,97.000000,97.000000,96.000000,96.000000,5.0,-10.4919,-9.8057,-51.2253,-51.9116,PENDING_AG03,FALSE,NOT_FOR_ENFORCEMENT,-59.8658,878.0312,-61.7173,-59.8658,-1.8515,-0.06185567,-0.06000000,-1.8515,-59.8658,-0.06000000,-1.8515,-1.8515,-1.8515,-2.4687,-2.4687,-59.8658,-0.06000000,-10.4919,-9.8057,-51.2253,-51.9116,-0.05134021,-0.05202801,-0.00185567,5.1431,4.6659,-0.3181,-61.7173,-2.1282,997.7627,194.0000,,5.1431,5.1431,5.1431,5.1431,5.1431,5.1431,5.1431,5.1431,0.0,1.0,1.0,1.0,29,26,1,1,0E-8,-0.06185567,,0E-8,0.000000,0.907216,0.000000,,2026-06-12,2026-06-12,1,29,29,1,1.000000,,,0.000000,,,,,,,,GLOBAL_BASELINE_NO_ENTITY_RANKING,,,NOT_APPLICABLE_GLOBAL_BASELINE,HF9g-P5,,,,X 全窗基线 · 不参与实体赏罚,3921385,393,A168_HF9F_20260827_0900,2026-08-27 09:00:00
2026-06-12,151400579,2160,0,46.2879625581,-15.4293208527,-15.4293208527,0.2857143,9,9,0.49324550000000000,0.493245500000,-1.0982521808510124,-1.0982521808510126,-1.0982521808510124,0E-17,ELIGIBLE,R03b_20260811_FULL_v1,L1_ELIGIBILITY,v2026-08-11,2026-03-21..2026-08-06,baccarat_bet02_101_all_pairs_incl_sentinel,round_win = game_pnl > 0 (decisive only),COMPATIBILITY_ONLY_NOT_PRODUCTION,997.7627,905.1868,-61.7173,194,194,0.06185567,,0.06185567,0.06185567,61.7173,997.7627,OK,0.0000,-1.8515,3.0000,97.0000,AG03-UNRESOLVED,ALL5_LEVELS_bet23_to_bet27,-1.8515,-1.8515,-1.8515,-2.4687,-2.4687,3.000000,3.000000,3.000000,4.000000,4.000000,97.000000,97.000000,97.000000,96.000000,96.000000,5.0,-10.4919,-9.8057,-51.2253,-51.9116,PENDING_AG03,FALSE,NOT_FOR_ENFORCEMENT,-59.8658,878.0312,-61.7173,-59.8658,-1.8515,-0.06185567,-0.06000000,-1.8515,-59.8658,-0.06000000,-1.8515,-1.8515,-1.8515,-2.4687,-2.4687,-59.8658,-0.06000000,-10.4919,-9.8057,-51.2253,-51.9116,-0.05134021,-0.05202801,-0.00185567,5.1431,4.6659,-0.3181,-61.7173,-2.1282,997.7627,194.0000,,5.1431,5.1431,5.1431,5.1431,5.1431,5.1431,5.1431,5.1431,0.0,1.0,1.0,1.0,29,26,1,1,0E-8,-0.06185567,,0E-8,0.000000,0.907216,0.000000,,2026-06-12,2026-06-12,1,29,29,1,1.000000,,,0.000000,,,,,,,,GLOBAL_BASELINE_NO_ENTITY_RANKING,,,NOT_APPLICABLE_GLOBAL_BASELINE,HF9g-P5,,,,X 全窗基线 · 不参与实体赏罚,3921386,393,A168_HF9F_20260827_0900,2026-08-27 09:00:00
2026-06-12,151400579,2167,0,46.2879625581,0E-10,0E-10,0.5000000,9,9,0.49324550000000000,0.493245500000,0.03821270896478516,0.03821270896478516,0.03821270896478516,0E-17,ELIGIBLE,R03b_20260811_FULL_v1,L1_ELIGIBILITY,v2026-08-11,2026-03-21..2026-08-06,baccarat_bet02_101_all_pairs_incl_sentinel,round_win = game_pnl > 0 (decisive only),COMPATIBILITY_ONLY_NOT_PRODUCTION,997.7627,905.1868,-61.7173,194,194,0.06185567,,0.06185567,0.06185567,61.7173,997.7627,OK,0.0000,-1.8515,3.0000,97.0000,AG03-UNRESOLVED,ALL5_LEVELS_bet23_to_bet27,-1.8515,-1.8515,-1.8515,-2.4687,-2.4687,3.000000,3.000000,3.000000,4.000000,4.000000,97.000000,97.000000,97.000000,96.000000,96.000000,5.0,-10.4919,-9.8057,-51.2253,-51.9116,PENDING_AG03,FALSE,NOT_FOR_ENFORCEMENT,-59.8658,878.0312,-61.7173,-59.8658,-1.8515,-0.06185567,-0.06000000,-1.8515,-59.8658,-0.06000000,-1.8515,-1.8515,-1.8515,-2.4687,-2.4687,-59.8658,-0.06000000,-10.4919,-9.8057,-51.2253,-51.9116,-0.05134021,-0.05202801,-0.00185567,5.1431,4.6659,-0.3181,-61.7173,-2.1282,997.7627,194.0000,,5.1431,5.1431,5.1431,5.1431,5.1431,5.1431,5.1431,5.1431,0.0,1.0,1.0,1.0,29,26,1,1,0E-8,-0.06185567,,0E-8,0.000000,0.907216,0.000000,,2026-06-12,2026-06-12,1,29,29,1,1.000000,,,0.000000,,,,,,,,GLOBAL_BASELINE_NO_ENTITY_RANKING,,,NOT_APPLICABLE_GLOBAL_BASELINE,HF9g-P5,,,,X 全窗基线 · 不参与实体赏罚,3921387,393,A168_HF9F_20260827_0900,2026-08-27 09:00:00
2026-06-12,151400579,2169,0,36.0017486563,10.2862139018,10.2862139018,0.6666667,7,7,0.49324550000000000,0.493245500000,0.8496642703256836,0.8496642703256835,0.8496642703256836,0E-17,ELIGIBLE,R03b_20260811_FULL_v1,L1_ELIGIBILITY,v2026-08-11,2026-03-21..2026-08-06,baccarat_bet02_101_all_pairs_incl_sentinel,round_win = game_pnl > 0 (decisive only),COMPATIBILITY_ONLY_NOT_PRODUCTION,997.7627,905.1868,-61.7173,194,194,0.06185567,,0.06185567,0.06185567,61.7173,997.7627,OK,0.0000,-1.8515,3.0000,97.0000,AG03-UNRESOLVED,ALL5_LEVELS_bet23_to_bet27,-1.8515,-1.8515,-1.8515,-2.4687,-2.4687,3.000000,3.000000,3.000000,4.000000,4.000000,97.000000,97.000000,97.000000,96.000000,96.000000,5.0,-10.4919,-9.8057,-51.2253,-51.9116,PENDING_AG03,FALSE,NOT_FOR_ENFORCEMENT,-59.8658,878.0312,-61.7173,-59.8658,-1.8515,-0.06185567,-0.06000000,-1.8515,-59.8658,-0.06000000,-1.8515,-1.8515,-1.8515,-2.4687,-2.4687,-59.8658,-0.06000000,-10.4919,-9.8057,-51.2253,-51.9116,-0.05134021,-0.05202801,-0.00185567,5.1431,4.6659,-0.3181,-61.7173,-2.1282,997.7627,194.0000,,5.1431,5.1431,5.1431,5.1431,5.1431,5.1431,5.1431,5.1431,0.0,1.0,1.0,1.0,29,26,1,1,0E-8,-0.06185567,,0E-8,0.000000,0.907216,0.000000,,2026-06-12,2026-06-12,1,29,29,1,1.000000,,,0.000000,,,,,,,,GLOBAL_BASELINE_NO_ENTITY_RANKING,,,NOT_APPLICABLE_GLOBAL_BASELINE,HF9g-P5,,,,X 全窗基线 · 不参与实体赏罚,3921388,393,A168_HF9F_20260827_0900,2026-08-27 09:00:00
2026-06-12,151400579,2177,0,30.8586417054,10.2862139018,10.2862139018,0.6666667,6,6,0.49324550000000000,0.493245500000,0.8496642703256836,0.8496642703256835,0.8496642703256836,0E-17,ELIGIBLE,R03b_20260811_FULL_v1,L1_ELIGIBILITY,v2026-08-11,2026-03-21..2026-08-06,baccarat_bet02_101_all_pairs_incl_sentinel,round_win = game_pnl > 0 (decisive only),COMPATIBILITY_ONLY_NOT_PRODUCTION,997.7627,905.1868,-61.7173,194,194,0.06185567,,0.06185567,0.06185567,61.7173,997.7627,OK,0.0000,-1.8515,3.0000,97.0000,AG03-UNRESOLVED,ALL5_LEVELS_bet23_to_bet27,-1.8515,-1.8515,-1.8515,-2.4687,-2.4687,3.000000,3.000000,3.000000,4.000000,4.000000,97.000000,97.000000,97.000000,96.000000,96.000000,5.0,-10.4919,-9.8057,-51.2253,-51.9116,PENDING_AG03,FALSE,NOT_FOR_ENFORCEMENT,-59.8658,878.0312,-61.7173,-59.8658,-1.8515,-0.06185567,-0.06000000,-1.8515,-59.8658,-0.06000000,-1.8515,-1.8515,-1.8515,-2.4687,-2.4687,-59.8658,-0.06000000,-10.4919,-9.8057,-51.2253,-51.9116,-0.05134021,-0.05202801,-0.00185567,5.1431,4.6659,-0.3181,-61.7173,-2.1282,997.7627,194.0000,,5.1431,5.1431,5.1431,5.1431,5.1431,5.1431,5.1431,5.1431,0.0,1.0,1.0,1.0,29,26,1,1,0E-8,-0.06185567,,0E-8,0.000000,0.907216,0.000000,,2026-06-12,2026-06-12,1,29,29,1,1.000000,,,0.000000,,,,,,,,GLOBAL_BASELINE_NO_ENTITY_RANKING,,,NOT_APPLICABLE_GLOBAL_BASELINE,HF9g-P5,,,,X 全窗基线 · 不参与实体赏罚,3921389,393,A168_HF9F_20260827_0900,2026-08-27 09:00:00
2026-06-12,151400579,2188,0,5.1431069509,5.1431069509,5.1431069509,1.0000000,1,1,0.49324550000000000,0.493245500000,1.01360149184955,1.01360149184955,1.01360149184955,0E-17,ELIGIBLE,R03b_20260811_FULL_v1,L1_ELIGIBILITY,v2026-08-11,2026-03-21..2026-08-06,baccarat_bet02_101_all_pairs_incl_sentinel,round_win = game_pnl > 0 (decisive only),COMPATIBILITY_ONLY_NOT_PRODUCTION,997.7627,905.1868,-61.7173,194,194,0.06185567,,0.06185567,0.06185567,61.7173,997.7627,OK,0.0000,-1.8515,3.0000,97.0000,AG03-UNRESOLVED,ALL5_LEVELS_bet23_to_bet27,-1.8515,-1.8515,-1.8515,-2.4687,-2.4687,3.000000,3.000000,3.000000,4.000000,4.000000,97.000000,97.000000,97.000000,96.000000,96.000000,5.0,-10.4919,-9.8057,-51.2253,-51.9116,PENDING_AG03,FALSE,NOT_FOR_ENFORCEMENT,-59.8658,878.0312,-61.7173,-59.8658,-1.8515,-0.06185567,-0.06000000,-1.8515,-59.8658,-0.06000000,-1.8515,-1.8515,-1.8515,-2.4687,-2.4687,-59.8658,-0.06000000,-10.4919,-9.8057,-51.2253,-51.9116,-0.05134021,-0.05202801,-0.00185567,5.1431,4.6659,-0.3181,-61.7173,-2.1282,997.7627,194.0000,,5.1431,5.1431,5.1431,5.1431,5.1431,5.1431,5.1431,5.1431,0.0,1.0,1.0,1.0,29,26,1,1,0E-8,-0.06185567,,0E-8,0.000000,0.907216,0.000000,,2026-06-12,2026-06-12,1,29,29,1,1.000000,,,0.000000,,,,,,,,GLOBAL_BASELINE_NO_ENTITY_RANKING,,,NOT_APPLICABLE_GLOBAL_BASELINE,HF9g-P5,,,,X 全窗基线 · 不参与实体赏罚,3921390,393,A168_HF9F_20260827_0900,2026-08-27 09:00:00
2026-06-12,151400579,2208,0,20.5724278036,10.2862139018,10.2862139018,0.7500000,4,4,0.49324550000000000,0.493245500000,1.0271117246678039,1.0271117246678039,1.0271117246678039,0E-17,ELIGIBLE,R03b_20260811_FULL_v1,L1_ELIGIBILITY,v2026-08-11,2026-03-21..2026-08-06,baccarat_bet02_101_all_pairs_incl_sentinel,round_win = game_pnl > 0 (decisive only),COMPATIBILITY_ONLY_NOT_PRODUCTION,997.7627,905.1868,-61.7173,194,194,0.06185567,,0.06185567,0.06185567,61.7173,997.7627,OK,0.0000,-1.8515,3.0000,97.0000,AG03-UNRESOLVED,ALL5_LEVELS_bet23_to_bet27,-1.8515,-1.8515,-1.8515,-2.4687,-2.4687,3.000000,3.000000,3.000000,4.000000,4.000000,97.000000,97.000000,97.000000,96.000000,96.000000,5.0,-10.4919,-9.8057,-51.2253,-51.9116,PENDING_AG03,FALSE,NOT_FOR_ENFORCEMENT,-59.8658,878.0312,-61.7173,-59.8658,-1.8515,-0.06185567,-0.06000000,-1.8515,-59.8658,-0.06000000,-1.8515,-1.8515,-1.8515,-2.4687,-2.4687,-59.8658,-0.06000000,-10.4919,-9.8057,-51.2253,-51.9116,-0.05134021,-0.05202801,-0.00185567,5.1431,4.6659,-0.3181,-61.7173,-2.1282,997.7627,194.0000,,5.1431,5.1431,5.1431,5.1431,5.1431,5.1431,5.1431,5.1431,0.0,1.0,1.0,1.0,29,26,1,1,0E-8,-0.06185567,,0E-8,0.000000,0.907216,0.000000,,2026-06-12,2026-06-12,1,29,29,1,1.000000,,,0.000000,,,,,,,,GLOBAL_BASELINE_NO_ENTITY_RANKING,,,NOT_APPLICABLE_GLOBAL_BASELINE,HF9g-P5,,,,X 全窗基线 · 不参与实体赏罚,3921391,393,A168_HF9F_20260827_0900,2026-08-27 09:00:00
2026-06-12,151400579,2235,0,10.2862139018,-10.2862139018,-10.2862139018,0E-7,2,2,0.49324550000000000,0.493245500000,-1.3952362676504506,-1.3952362676504506,-1.3952362676504506,0E-17,ELIGIBLE,R03b_20260811_FULL_v1,L1_ELIGIBILITY,v2026-08-11,2026-03-21..2026-08-06,baccarat_bet02_101_all_pairs_incl_sentinel,round_win = game_pnl > 0 (decisive only),COMPATIBILITY_ONLY_NOT_PRODUCTION,997.7627,905.1868,-61.7173,194,194,0.06185567,,0.06185567,0.06185567,61.7173,997.7627,OK,0.0000,-1.8515,3.0000,97.0000,AG03-UNRESOLVED,ALL5_LEVELS_bet23_to_bet27,-1.8515,-1.8515,-1.8515,-2.4687,-2.4687,3.000000,3.000000,3.000000,4.000000,4.000000,97.000000,97.000000,97.000000,96.000000,96.000000,5.0,-10.4919,-9.8057,-51.2253,-51.9116,PENDING_AG03,FALSE,NOT_FOR_ENFORCEMENT,-59.8658,878.0312,-61.7173,-59.8658,-1.8515,-0.06185567,-0.06000000,-1.8515,-59.8658,-0.06000000,-1.8515,-1.8515,-1.8515,-2.4687,-2.4687,-59.8658,-0.06000000,-10.4919,-9.8057,-51.2253,-51.9116,-0.05134021,-0.05202801,-0.00185567,5.1431,4.6659,-0.3181,-61.7173,-2.1282,997.7627,194.0000,,5.1431,5.1431,5.1431,5.1431,5.1431,5.1431,5.1431,5.1431,0.0,1.0,1.0,1.0,29,26,1,1,0E-8,-0.06185567,,0E-8,0.000000,0.907216,0.000000,,2026-06-12,2026-06-12,1,29,29,1,1.000000,,,0.000000,,,,,,,,GLOBAL_BASELINE_NO_ENTITY_RANKING,,,NOT_APPLICABLE_GLOBAL_BASELINE,HF9g-P5,,,,X 全窗基线 · 不参与实体赏罚,3921392,393,A168_HF9F_20260827_0900,2026-08-27 09:00:00
2026-06-12,151400579,2239,0,30.8586417054,0E-10,0E-10,0.5000000,6,6,0.49324550000000000,0.493245500000,0.03309317671092531,0.03309317671092531,0.03309317671092531,0E-17,ELIGIBLE,R03b_20260811_FULL_v1,L1_ELIGIBILITY,v2026-08-11,2026-03-21..2026-08-06,baccarat_bet02_101_all_pairs_incl_sentinel,round_win = game_pnl > 0 (decisive only),COMPATIBILITY_ONLY_NOT_PRODUCTION,997.7627,905.1868,-61.7173,194,194,0.06185567,,0.06185567,0.06185567,61.7173,997.7627,OK,0.0000,-1.8515,3.0000,97.0000,AG03-UNRESOLVED,ALL5_LEVELS_bet23_to_bet27,-1.8515,-1.8515,-1.8515,-2.4687,-2.4687,3.000000,3.000000,3.000000,4.000000,4.000000,97.000000,97.000000,97.000000,96.000000,96.000000,5.0,-10.4919,-9.8057,-51.2253,-51.9116,PENDING_AG03,FALSE,NOT_FOR_ENFORCEMENT,-59.8658,878.0312,-61.7173,-59.8658,-1.8515,-0.06185567,-0.06000000,-1.8515,-59.8658,-0.06000000,-1.8515,-1.8515,-1.8515,-2.4687,-2.4687,-59.8658,-0.06000000,-10.4919,-9.8057,-51.2253,-51.9116,-0.05134021,-0.05202801,-0.00185567,5.1431,4.6659,-0.3181,-61.7173,-2.1282,997.7627,194.0000,,5.1431,5.1431,5.1431,5.1431,5.1431,5.1431,5.1431,5.1431,0.0,1.0,1.0,1.0,29,26,1,1,0E-8,-0.06185567,,0E-8,0.000000,0.907216,0.000000,,2026-06-12,2026-06-12,1,29,29,1,1.000000,,,0.000000,,,,,,,,GLOBAL_BASELINE_NO_ENTITY_RANKING,,,NOT_APPLICABLE_GLOBAL_BASELINE,HF9g-P5,,,,X 全窗基线 · 不参与实体赏罚,3921393,393,A168_HF9F_20260827_0900,2026-08-27 09:00:00
2026-06-12,151400579,2244,0,5.1431069509,5.1431069509,5.1431069509,1.0000000,1,1,0.49324550000000000,0.493245500000,1.01360149184955,1.01360149184955,1.01360149184955,0E-17,ELIGIBLE,R03b_20260811_FULL_v1,L1_ELIGIBILITY,v2026-08-11,2026-03-21..2026-08-06,baccarat_bet02_101_all_pairs_incl_sentinel,round_win = game_pnl > 0 (decisive only),COMPATIBILITY_ONLY_NOT_PRODUCTION,997.7627,905.1868,-61.7173,194,194,0.06185567,,0.06185567,0.06185567,61.7173,997.7627,OK,0.0000,-1.8515,3.0000,97.0000,AG03-UNRESOLVED,ALL5_LEVELS_bet23_to_bet27,-1.8515,-1.8515,-1.8515,-2.4687,-2.4687,3.000000,3.000000,3.000000,4.000000,4.000000,97.000000,97.000000,97.000000,96.000000,96.000000,5.0,-10.4919,-9.8057,-51.2253,-51.9116,PENDING_AG03,FALSE,NOT_FOR_ENFORCEMENT,-59.8658,878.0312,-61.7173,-59.8658,-1.8515,-0.06185567,-0.06000000,-1.8515,-59.8658,-0.06000000,-1.8515,-1.8515,-1.8515,-2.4687,-2.4687,-59.8658,-0.06000000,-10.4919,-9.8057,-51.2253,-51.9116,-0.05134021,-0.05202801,-0.00185567,5.1431,4.6659,-0.3181,-61.7173,-2.1282,997.7627,194.0000,,5.1431,5.1431,5.1431,5.1431,5.1431,5.1431,5.1431,5.1431,0.0,1.0,1.0,1.0,29,26,1,1,0E-8,-0.06185567,,0E-8,0.000000,0.907216,0.000000,,2026-06-12,2026-06-12,1,29,29,1,1.000000,,,0.000000,,,,,,,,GLOBAL_BASELINE_NO_ENTITY_RANKING,,,NOT_APPLICABLE_GLOBAL_BASELINE,HF9g-P5,,,,X 全窗基线 · 不参与实体赏罚,3921394,393,A168_HF9F_20260827_0900,2026-08-27 09:00:00
2026-06-12,151400579,2250,0,5.1431069509,5.1431069509,5.1431069509,1.0000000,1,1,0.49324550000000000,0.493245500000,1.01360149184955,1.01360149184955,1.01360149184955,0E-17,ELIGIBLE,R03b_20260811_FULL_v1,L1_ELIGIBILITY,v2026-08-11,2026-03-21..2026-08-06,baccarat_bet02_101_all_pairs_incl_sentinel,round_win = game_pnl > 0 (decisive only),COMPATIBILITY_ONLY_NOT_PRODUCTION,997.7627,905.1868,-61.7173,194,194,0.06185567,,0.06185567,0.06185567,61.7173,997.7627,OK,0.0000,-1.8515,3.0000,97.0000,AG03-UNRESOLVED,ALL5_LEVELS_bet23_to_bet27,-1.8515,-1.8515,-1.8515,-2.4687,-2.4687,3.000000,3.000000,3.000000,4.000000,4.000000,97.000000,97.000000,97.000000,96.000000,96.000000,5.0,-10.4919,-9.8057,-51.2253,-51.9116,PENDING_AG03,FALSE,NOT_FOR_ENFORCEMENT,-59.8658,878.0312,-61.7173,-59.8658,-1.8515,-0.06185567,-0.06000000,-1.8515,-59.8658,-0.06000000,-1.8515,-1.8515,-1.8515,-2.4687,-2.4687,-59.8658,-0.06000000,-10.4919,-9.8057,-51.2253,-51.9116,-0.05134021,-0.05202801,-0.00185567,5.1431,4.6659,-0.3181,-61.7173,-2.1282,997.7627,194.0000,,5.1431,5.1431,5.1431,5.1431,5.1431,5.1431,5.1431,5.1431,0.0,1.0,1.0,1.0,29,26,1,1,0E-8,-0.06185567,,0E-8,0.000000,0.907216,0.000000,,2026-06-12,2026-06-12,1,29,29,1,1.000000,,,0.000000,,,,,,,,GLOBAL_BASELINE_NO_ENTITY_RANKING,,,NOT_APPLICABLE_GLOBAL_BASELINE,HF9g-P5,,,,X 全窗基线 · 不参与实体赏罚,3921395,393,A168_HF9F_20260827_0900,2026-08-27 09:00:00
2026-06-12,151400579,2256,0,20.5724278036,5.1431069509,5.1431069509,0.6666667,4,4,0.49324550000000000,0.493245500000,0.6008033672792107,0.6008033672792106,0.6008033672792107,0E-17,ELIGIBLE,R03b_20260811_FULL_v1,L1_ELIGIBILITY,v2026-08-11,2026-03-21..2026-08-06,baccarat_bet02_101_all_pairs_incl_sentinel,round_win = game_pnl > 0 (decisive only),COMPATIBILITY_ONLY_NOT_PRODUCTION,997.7627,905.1868,-61.7173,194,194,0.06185567,,0.06185567,0.06185567,61.7173,997.7627,OK,0.0000,-1.8515,3.0000,97.0000,AG03-UNRESOLVED,ALL5_LEVELS_bet23_to_bet27,-1.8515,-1.8515,-1.8515,-2.4687,-2.4687,3.000000,3.000000,3.000000,4.000000,4.000000,97.000000,97.000000,97.000000,96.000000,96.000000,5.0,-10.4919,-9.8057,-51.2253,-51.9116,PENDING_AG03,FALSE,NOT_FOR_ENFORCEMENT,-59.8658,878.0312,-61.7173,-59.8658,-1.8515,-0.06185567,-0.06000000,-1.8515,-59.8658,-0.06000000,-1.8515,-1.8515,-1.8515,-2.4687,-2.4687,-59.8658,-0.06000000,-10.4919,-9.8057,-51.2253,-51.9116,-0.05134021,-0.05202801,-0.00185567,5.1431,4.6659,-0.3181,-61.7173,-2.1282,997.7627,194.0000,,5.1431,5.1431,5.1431,5.1431,5.1431,5.1431,5.1431,5.1431,0.0,1.0,1.0,1.0,29,26,1,1,0E-8,-0.06185567,,0E-8,0.000000,0.907216,0.000000,,2026-06-12,2026-06-12,1,29,29,1,1.000000,,,0.000000,,,,,,,,GLOBAL_BASELINE_NO_ENTITY_RANKING,,,NOT_APPLICABLE_GLOBAL_BASELINE,HF9g-P5,,,,X 全窗基线 · 不参与实体赏罚,3921396,393,A168_HF9F_20260827_0900,2026-08-27 09:00:00
2026-06-12,151400579,2266,0,36.0017486563,-15.4293208527,-15.4293208527,0.2857143,7,7,0.49324550000000000,0.493245500000,-1.0982521808510124,-1.0982521808510126,-1.0982521808510124,0E-17,ELIGIBLE,R03b_20260811_FULL_v1,L1_ELIGIBILITY,v2026-08-11,2026-03-21..2026-08-06,baccarat_bet02_101_all_pairs_incl_sentinel,round_win = game_pnl > 0 (decisive only),COMPATIBILITY_ONLY_NOT_PRODUCTION,997.7627,905.1868,-61.7173,194,194,0.06185567,,0.06185567,0.06185567,61.7173,997.7627,OK,0.0000,-1.8515,3.0000,97.0000,AG03-UNRESOLVED,ALL5_LEVELS_bet23_to_bet27,-1.8515,-1.8515,-1.8515,-2.4687,-2.4687,3.000000,3.000000,3.000000,4.000000,4.000000,97.000000,97.000000,97.000000,96.000000,96.000000,5.0,-10.4919,-9.8057,-51.2253,-51.9116,PENDING_AG03,FALSE,NOT_FOR_ENFORCEMENT,-59.8658,878.0312,-61.7173,-59.8658,-1.8515,-0.06185567,-0.06000000,-1.8515,-59.8658,-0.06000000,-1.8515,-1.8515,-1.8515,-2.4687,-2.4687,-59.8658,-0.06000000,-10.4919,-9.8057,-51.2253,-51.9116,-0.05134021,-0.05202801,-0.00185567,5.1431,4.6659,-0.3181,-61.7173,-2.1282,997.7627,194.0000,,5.1431,5.1431,5.1431,5.1431,5.1431,5.1431,5.1431,5.1431,0.0,1.0,1.0,1.0,29,26,1,1,0E-8,-0.06185567,,0E-8,0.000000,0.907216,0.000000,,2026-06-12,2026-06-12,1,29,29,1,1.000000,,,0.000000,,,,,,,,GLOBAL_BASELINE_NO_ENTITY_RANKING,,,NOT_APPLICABLE_GLOBAL_BASELINE,HF9g-P5,,,,X 全窗基线 · 不参与实体赏罚,3921397,393,A168_HF9F_20260827_0900,2026-08-27 09:00:00
2026-06-12,151400579,583,0,5.1431069509,5.1431069509,5.1431069509,1.0000000,1,1,0.49324550000000000,0.493245500000,1.01360149184955,1.01360149184955,1.01360149184955,0E-17,ELIGIBLE,R03b_20260811_FULL_v1,L1_ELIGIBILITY,v2026-08-11,2026-03-21..2026-08-06,baccarat_bet02_101_all_pairs_incl_sentinel,round_win = game_pnl > 0 (decisive only),COMPATIBILITY_ONLY_NOT_PRODUCTION,997.7627,905.1868,-61.7173,194,194,0.06185567,,0.06185567,0.06185567,61.7173,997.7627,OK,0.0000,-1.8515,3.0000,97.0000,AG03-UNRESOLVED,ALL5_LEVELS_bet23_to_bet27,-1.8515,-1.8515,-1.8515,-2.4687,-2.4687,3.000000,3.000000,3.000000,4.000000,4.000000,97.000000,97.000000,97.000000,96.000000,96.000000,5.0,-10.4919,-9.8057,-51.2253,-51.9116,PENDING_AG03,FALSE,NOT_FOR_ENFORCEMENT,-59.8658,878.0312,-61.7173,-59.8658,-1.8515,-0.06185567,-0.06000000,-1.8515,-59.8658,-0.06000000,-1.8515,-1.8515,-1.8515,-2.4687,-2.4687,-59.8658,-0.06000000,-10.4919,-9.8057,-51.2253,-51.9116,-0.05134021,-0.05202801,-0.00185567,5.1431,4.6659,-0.3181,-61.7173,-2.1282,997.7627,194.0000,,5.1431,5.1431,5.1431,5.1431,5.1431,5.1431,5.1431,5.1431,0.0,1.0,1.0,1.0,29,26,1,1,0E-8,-0.06185567,,0E-8,0.000000,0.907216,0.000000,,2026-06-12,2026-06-12,1,29,29,1,1.000000,,,0.000000,,,,,,,,GLOBAL_BASELINE_NO_ENTITY_RANKING,,,NOT_APPLICABLE_GLOBAL_BASELINE,HF9g-P5,,,,X 全窗基线 · 不参与实体赏罚,3921398,393,A168_HF9F_20260827_0900,2026-08-27 09:00:00
2026-06-12,151400579,789,0,5.1431069509,5.1431069509,5.1431069509,1.0000000,1,1,0.49324550000000000,0.493245500000,1.01360149184955,1.01360149184955,1.01360149184955,0E-17,ELIGIBLE,R03b_20260811_FULL_v1,L1_ELIGIBILITY,v2026-08-11,2026-03-21..2026-08-06,baccarat_bet02_101_all_pairs_incl_sentinel,round_win = game_pnl > 0 (decisive only),COMPATIBILITY_ONLY_NOT_PRODUCTION,997.7627,905.1868,-61.7173,194,194,0.06185567,,0.06185567,0.06185567,61.7173,997.7627,OK,0.0000,-1.8515,3.0000,97.0000,AG03-UNRESOLVED,ALL5_LEVELS_bet23_to_bet27,-1.8515,-1.8515,-1.8515,-2.4687,-2.4687,3.000000,3.000000,3.000000,4.000000,4.000000,97.000000,97.000000,97.000000,96.000000,96.000000,5.0,-10.4919,-9.8057,-51.2253,-51.9116,PENDING_AG03,FALSE,NOT_FOR_ENFORCEMENT,-59.8658,878.0312,-61.7173,-59.8658,-1.8515,-0.06185567,-0.06000000,-1.8515,-59.8658,-0.06000000,-1.8515,-1.8515,-1.8515,-2.4687,-2.4687,-59.8658,-0.06000000,-10.4919,-9.8057,-51.2253,-51.9116,-0.05134021,-0.05202801,-0.00185567,5.1431,4.6659,-0.3181,-61.7173,-2.1282,997.7627,194.0000,,5.1431,5.1431,5.1431,5.1431,5.1431,5.1431,5.1431,5.1431,0.0,1.0,1.0,1.0,29,26,1,1,0E-8,-0.06185567,,0E-8,0.000000,0.907216,0.000000,,2026-06-12,2026-06-12,1,29,29,1,1.000000,,,0.000000,,,,,,,,GLOBAL_BASELINE_NO_ENTITY_RANKING,,,NOT_APPLICABLE_GLOBAL_BASELINE,HF9g-P5,,,,X 全窗基线 · 不参与实体赏罚,3921399,393,A168_HF9F_20260827_0900,2026-08-27 09:00:00
2026-06-12,151400579,948,0,46.2879625581,-25.7155347545,-25.7155347545,0.2222222,9,9,0.49324550000000000,0.493245500000,-1.6262880665973993,-1.6262880665973993,-1.6262880665973993,0E-17,ELIGIBLE,R03b_20260811_FULL_v1,L1_ELIGIBILITY,v2026-08-11,2026-03-21..2026-08-06,baccarat_bet02_101_all_pairs_incl_sentinel,round_win = game_pnl > 0 (decisive only),COMPATIBILITY_ONLY_NOT_PRODUCTION,997.7627,905.1868,-61.7173,194,194,0.06185567,,0.06185567,0.06185567,61.7173,997.7627,OK,0.0000,-1.8515,3.0000,97.0000,AG03-UNRESOLVED,ALL5_LEVELS_bet23_to_bet27,-1.8515,-1.8515,-1.8515,-2.4687,-2.4687,3.000000,3.000000,3.000000,4.000000,4.000000,97.000000,97.000000,97.000000,96.000000,96.000000,5.0,-10.4919,-9.8057,-51.2253,-51.9116,PENDING_AG03,FALSE,NOT_FOR_ENFORCEMENT,-59.8658,878.0312,-61.7173,-59.8658,-1.8515,-0.06185567,-0.06000000,-1.8515,-59.8658,-0.06000000,-1.8515,-1.8515,-1.8515,-2.4687,-2.4687,-59.8658,-0.06000000,-10.4919,-9.8057,-51.2253,-51.9116,-0.05134021,-0.05202801,-0.00185567,5.1431,4.6659,-0.3181,-61.7173,-2.1282,997.7627,194.0000,,5.1431,5.1431,5.1431,5.1431,5.1431,5.1431,5.1431,5.1431,0.0,1.0,1.0,1.0,29,26,1,1,0E-8,-0.06185567,,0E-8,0.000000,0.907216,0.000000,,2026-06-12,2026-06-12,1,29,29,1,1.000000,,,0.000000,,,,,,,,GLOBAL_BASELINE_NO_ENTITY_RANKING,,,NOT_APPLICABLE_GLOBAL_BASELINE,HF9g-P5,,,,X 全窗基线 · 不参与实体赏罚,3921400,393,A168_HF9F_20260827_0900,2026-08-27 09:00:00
2026-06-15,151560878,-1,1,349.7312726612,20.5724278036,20.5724278036,0.5344828,68,68,0.49324550000000000,0.493245500000,0.6281645307815703,0.6281645307815703,0.6281645307815703,0E-17,SENTINEL_DEALER,R03b_20260811_FULL_v1,L1_ELIGIBILITY,v2026-08-11,2026-03-21..2026-08-06,baccarat_bet02_101_all_pairs_incl_sentinel,round_win = game_pnl > 0 (decisive only),COMPATIBILITY_ONLY_NOT_PRODUCTION,1028.6214,884.6144,-61.7173,199,199,0.06000000,,0.06000000,0.06000000,61.7173,1028.6214,OK,0.0000,-1.8515,3.0000,97.0000,AG03-UNRESOLVED,ALL5_LEVELS_bet23_to_bet27,-1.8515,-1.8515,-1.8515,-2.4687,-2.4687,3.000000,3.000000,3.000000,4.000000,4.000000,97.000000,97.000000,97.000000,96.000000,96.000000,5.0,-10.4919,-9.8057,-51.2253,-51.9116,PENDING_AG03,FALSE,NOT_FOR_ENFORCEMENT,-59.8658,858.0760,-61.7173,-59.8658,-1.8515,-0.06000000,-0.05820000,-1.8515,-59.8658,-0.05820000,-1.8515,-1.8515,-1.8515,-2.4687,-2.4687,-59.8658,-0.05820000,-10.4919,-9.8057,-51.2253,-51.9116,-0.04980000,-0.05046717,-0.00180000,5.1690,4.4453,-0.3101,-61.7173,-1.9909,1028.6214,199.0000,,5.1690,5.1431,5.1431,5.1431,5.1431,5.1431,5.1431,5.1431,0.0,1.0,1.0,1.005025,29,18,1,2,0E-8,-0.06000000,,0E-8,0.000000,0.860000,0.000000,,2026-06-15,2026-06-15,1,31,29,1,1.000000,,,0.000000,,,,,,,,GLOBAL_BASELINE_NO_ENTITY_RANKING,,,NOT_APPLICABLE_GLOBAL_BASELINE,HF9g-P5,,,,X 全窗基线 · 不参与实体赏罚,3921401,393,A168_HF9F_20260827_0900,2026-08-27 09:00:00
2026-06-15,151560878,1017,0,30.8586417054,5.1431069509,5.1431069509,0.6000000,6,6,0.49324550000000000,0.493245500000,0.47746420675292983,0.47746420675292983,0.47746420675292983,0E-17,ELIGIBLE,R03b_20260811_FULL_v1,L1_ELIGIBILITY,v2026-08-11,2026-03-21..2026-08-06,baccarat_bet02_101_all_pairs_incl_sentinel,round_win = game_pnl > 0 (decisive only),COMPATIBILITY_ONLY_NOT_PRODUCTION,1028.6214,884.6144,-61.7173,199,199,0.06000000,,0.06000000,0.06000000,61.7173,1028.6214,OK,0.0000,-1.8515,3.0000,97.0000,AG03-UNRESOLVED,ALL5_LEVELS_bet23_to_bet27,-1.8515,-1.8515,-1.8515,-2.4687,-2.4687,3.000000,3.000000,3.000000,4.000000,4.000000,97.000000,97.000000,97.000000,96.000000,96.000000,5.0,-10.4919,-9.8057,-51.2253,-51.9116,PENDING_AG03,FALSE,NOT_FOR_ENFORCEMENT,-59.8658,858.0760,-61.7173,-59.8658,-1.8515,-0.06000000,-0.05820000,-1.8515,-59.8658,-0.05820000,-1.8515,-1.8515,-1.8515,-2.4687,-2.4687,-59.8658,-0.05820000,-10.4919,-9.8057,-51.2253,-51.9116,-0.04980000,-0.05046717,-0.00180000,5.1690,4.4453,-0.3101,-61.7173,-1.9909,1028.6214,199.0000,,5.1690,5.1431,5.1431,5.1431,5.1431,5.1431,5.1431,5.1431,0.0,1.0,1.0,1.005025,29,18,1,2,0E-8,-0.06000000,,0E-8,0.000000,0.860000,0.000000,,2026-06-15,2026-06-15,1,31,29,1,1.000000,,,0.000000,,,,,,,,GLOBAL_BASELINE_NO_ENTITY_RANKING,,,NOT_APPLICABLE_GLOBAL_BASELINE,HF9g-P5,,,,X 全窗基线 · 不参与实体赏罚,3921402,393,A168_HF9F_20260827_0900,2026-08-27 09:00:00
2026-06-15,151560878,1115,0,51.4310695090,10.2862139018,10.2862139018,0.5714286,9,9,0.49324550000000000,0.493245500000,0.4137436818725812,0.41374368187258126,0.4137436818725812,0E-17,ELIGIBLE,R03b_20260811_FULL_v1,L1_ELIGIBILITY,v2026-08-11,2026-03-21..2026-08-06,baccarat_bet02_101_all_pairs_incl_sentinel,round_win = game_pnl > 0 (decisive only),COMPATIBILITY_ONLY_NOT_PRODUCTION,1028.6214,884.6144,-61.7173,199,199,0.06000000,,0.06000000,0.06000000,61.7173,1028.6214,OK,0.0000,-1.8515,3.0000,97.0000,AG03-UNRESOLVED,ALL5_LEVELS_bet23_to_bet27,-1.8515,-1.8515,-1.8515,-2.4687,-2.4687,3.000000,3.000000,3.000000,4.000000,4.000000,97.000000,97.000000,97.000000,96.000000,96.000000,5.0,-10.4919,-9.8057,-51.2253,-51.9116,PENDING_AG03,FALSE,NOT_FOR_ENFORCEMENT,-59.8658,858.0760,-61.7173,-59.8658,-1.8515,-0.06000000,-0.05820000,-1.8515,-59.8658,-0.05820000,-1.8515,-1.8515,-1.8515,-2.4687,-2.4687,-59.8658,-0.05820000,-10.4919,-9.8057,-51.2253,-51.9116,-0.04980000,-0.05046717,-0.00180000,5.1690,4.4453,-0.3101,-61.7173,-1.9909,1028.6214,199.0000,,5.1690,5.1431,5.1431,5.1431,5.1431,5.1431,5.1431,5.1431,0.0,1.0,1.0,1.005025,29,18,1,2,0E-8,-0.06000000,,0E-8,0.000000,0.860000,0.000000,,2026-06-15,2026-06-15,1,31,29,1,1.000000,,,0.000000,,,,,,,,GLOBAL_BASELINE_NO_ENTITY_RANKING,,,NOT_APPLICABLE_GLOBAL_BASELINE,HF9g-P5,,,,X 全窗基线 · 不参与实体赏罚,3921403,393,A168_HF9F_20260827_0900,2026-08-27 09:00:00
2026-06-15,151560878,1210,0,46.2879625581,-20.5724278036,-20.5724278036,0.2500000,9,9,0.49324550000000000,0.493245500000,-1.376129913168058,-1.376129913168058,-1.376129913168058,0E-17,ELIGIBLE,R03b_20260811_FULL_v1,L1_ELIGIBILITY,v2026-08-11,2026-03-21..2026-08-06,baccarat_bet02_101_all_pairs_incl_sentinel,round_win = game_pnl > 0 (decisive only),COMPATIBILITY_ONLY_NOT_PRODUCTION,1028.6214,884.6144,-61.7173,199,199,0.06000000,,0.06000000,0.06000000,61.7173,1028.6214,OK,0.0000,-1.8515,3.0000,97.0000,AG03-UNRESOLVED,ALL5_LEVELS_bet23_to_bet27,-1.8515,-1.8515,-1.8515,-2.4687,-2.4687,3.000000,3.000000,3.000000,4.000000,4.000000,97.000000,97.000000,97.000000,96.000000,96.000000,5.0,-10.4919,-9.8057,-51.2253,-51.9116,PENDING_AG03,FALSE,NOT_FOR_ENFORCEMENT,-59.8658,858.0760,-61.7173,-59.8658,-1.8515,-0.06000000,-0.05820000,-1.8515,-59.8658,-0.05820000,-1.8515,-1.8515,-1.8515,-2.4687,-2.4687,-59.8658,-0.05820000,-10.4919,-9.8057,-51.2253,-51.9116,-0.04980000,-0.05046717,-0.00180000,5.1690,4.4453,-0.3101,-61.7173,-1.9909,1028.6214,199.0000,,5.1690,5.1431,5.1431,5.1431,5.1431,5.1431,5.1431,5.1431,0.0,1.0,1.0,1.005025,29,18,1,2,0E-8,-0.06000000,,0E-8,0.000000,0.860000,0.000000,,2026-06-15,2026-06-15,1,31,29,1,1.000000,,,0.000000,,,,,,,,GLOBAL_BASELINE_NO_ENTITY_RANKING,,,NOT_APPLICABLE_GLOBAL_BASELINE,HF9g-P5,,,,X 全窗基线 · 不参与实体赏罚,3921404,393,A168_HF9F_20260827_0900,2026-08-27 09:00:00
2026-06-15,151560878,1396,0,30.8586417054,-5.1431069509,-5.1431069509,0.4000000,6,6,0.49324550000000000,0.493245500000,-0.4170446088060018,-0.4170446088060018,-0.4170446088060018,0E-17,ELIGIBLE,R03b_20260811_FULL_v1,L1_ELIGIBILITY,v2026-08-11,2026-03-21..2026-08-06,baccarat_bet02_101_all_pairs_incl_sentinel,round_win = game_pnl > 0 (decisive only),COMPATIBILITY_ONLY_NOT_PRODUCTION,1028.6214,884.6144,-61.7173,199,199,0.06000000,,0.06000000,0.06000000,61.7173,1028.6214,OK,0.0000,-1.8515,3.0000,97.0000,AG03-UNRESOLVED,ALL5_LEVELS_bet23_to_bet27,-1.8515,-1.8515,-1.8515,-2.4687,-2.4687,3.000000,3.000000,3.000000,4.000000,4.000000,97.000000,97.000000,97.000000,96.000000,96.000000,5.0,-10.4919,-9.8057,-51.2253,-51.9116,PENDING_AG03,FALSE,NOT_FOR_ENFORCEMENT,-59.8658,858.0760,-61.7173,-59.8658,-1.8515,-0.06000000,-0.05820000,-1.8515,-59.8658,-0.05820000,-1.8515,-1.8515,-1.8515,-2.4687,-2.4687,-59.8658,-0.05820000,-10.4919,-9.8057,-51.2253,-51.9116,-0.04980000,-0.05046717,-0.00180000,5.1690,4.4453,-0.3101,-61.7173,-1.9909,1028.6214,199.0000,,5.1690,5.1431,5.1431,5.1431,5.1431,5.1431,5.1431,5.1431,0.0,1.0,1.0,1.005025,29,18,1,2,0E-8,-0.06000000,,0E-8,0.000000,0.860000,0.000000,,2026-06-15,2026-06-15,1,31,29,1,1.000000,,,0.000000,,,,,,,,GLOBAL_BASELINE_NO_ENTITY_RANKING,,,NOT_APPLICABLE_GLOBAL_BASELINE,HF9g-P5,,,,X 全窗基线 · 不参与实体赏罚,3921405,393,A168_HF9F_20260827_0900,2026-08-27 09:00:00
2026-06-15,151560878,1490,0,56.5741764599,25.7155347545,25.7155347545,0.7777778,11,11,0.49324550000000000,0.493245500000,1.707349463506922,1.707349463506922,1.707349463506922,0E-17,ELIGIBLE,R03b_20260811_FULL_v1,L1_ELIGIBILITY,v2026-08-11,2026-03-21..2026-08-06,baccarat_bet02_101_all_pairs_incl_sentinel,round_win = game_pnl > 0 (decisive only),COMPATIBILITY_ONLY_NOT_PRODUCTION,1028.6214,884.6144,-61.7173,199,199,0.06000000,,0.06000000,0.06000000,61.7173,1028.6214,OK,0.0000,-1.8515,3.0000,97.0000,AG03-UNRESOLVED,ALL5_LEVELS_bet23_to_bet27,-1.8515,-1.8515,-1.8515,-2.4687,-2.4687,3.000000,3.000000,3.000000,4.000000,4.000000,97.000000,97.000000,97.000000,96.000000,96.000000,5.0,-10.4919,-9.8057,-51.2253,-51.9116,PENDING_AG03,FALSE,NOT_FOR_ENFORCEMENT,-59.8658,858.0760,-61.7173,-59.8658,-1.8515,-0.06000000,-0.05820000,-1.8515,-59.8658,-0.05820000,-1.8515,-1.8515,-1.8515,-2.4687,-2.4687,-59.8658,-0.05820000,-10.4919,-9.8057,-51.2253,-51.9116,-0.04980000,-0.05046717,-0.00180000,5.1690,4.4453,-0.3101,-61.7173,-1.9909,1028.6214,199.0000,,5.1690,5.1431,5.1431,5.1431,5.1431,5.1431,5.1431,5.1431,0.0,1.0,1.0,1.005025,29,18,1,2,0E-8,-0.06000000,,0E-8,0.000000,0.860000,0.000000,,2026-06-15,2026-06-15,1,31,29,1,1.000000,,,0.000000,,,,,,,,GLOBAL_BASELINE_NO_ENTITY_RANKING,,,NOT_APPLICABLE_GLOBAL_BASELINE,HF9g-P5,,,,X 全窗基线 · 不参与实体赏罚,3921406,393,A168_HF9F_20260827_0900,2026-08-27 09:00:00
2026-06-15,151560878,1505,0,36.0017486563,-10.2862139018,-10.2862139018,0.3333333,7,7,0.49516052857142857,0.495160528571,-0.7928252472495432,-0.7928252472474502,-0.7928252472495432,4.2857E-13,ELIGIBLE,R03b_20260811_FULL_v1,L1_ELIGIBILITY,v2026-08-11,2026-03-21..2026-08-06,baccarat_bet02_101_all_pairs_incl_sentinel,round_win = game_pnl > 0 (decisive only),COMPATIBILITY_ONLY_NOT_PRODUCTION,1028.6214,884.6144,-61.7173,199,199,0.06000000,,0.06000000,0.06000000,61.7173,1028.6214,OK,0.0000,-1.8515,3.0000,97.0000,AG03-UNRESOLVED,ALL5_LEVELS_bet23_to_bet27,-1.8515,-1.8515,-1.8515,-2.4687,-2.4687,3.000000,3.000000,3.000000,4.000000,4.000000,97.000000,97.000000,97.000000,96.000000,96.000000,5.0,-10.4919,-9.8057,-51.2253,-51.9116,PENDING_AG03,FALSE,NOT_FOR_ENFORCEMENT,-59.8658,858.0760,-61.7173,-59.8658,-1.8515,-0.06000000,-0.05820000,-1.8515,-59.8658,-0.05820000,-1.8515,-1.8515,-1.8515,-2.4687,-2.4687,-59.8658,-0.05820000,-10.4919,-9.8057,-51.2253,-51.9116,-0.04980000,-0.05046717,-0.00180000,5.1690,4.4453,-0.3101,-61.7173,-1.9909,1028.6214,199.0000,,5.1690,5.1431,5.1431,5.1431,5.1431,5.1431,5.1431,5.1431,0.0,1.0,1.0,1.005025,29,18,1,2,0E-8,-0.06000000,,0E-8,0.000000,0.860000,0.000000,,2026-06-15,2026-06-15,1,31,29,1,1.000000,,,0.000000,,,,,,,,GLOBAL_BASELINE_NO_ENTITY_RANKING,,,NOT_APPLICABLE_GLOBAL_BASELINE,HF9g-P5,,,,X 全窗基线 · 不参与实体赏罚,3921407,393,A168_HF9F_20260827_0900,2026-08-27 09:00:00
2026-06-15,151560878,1710,0,41.1448556072,25.7155347545,25.7155347545,0.8571429,8,8,0.49324550000000000,0.493245500000,1.925739544596175,1.9257395445961751,1.925739544596175,0E-17,ELIGIBLE,R03b_20260811_FULL_v1,L1_ELIGIBILITY,v2026-08-11,2026-03-21..2026-08-06,baccarat_bet02_101_all_pairs_incl_sentinel,round_win = game_pnl > 0 (decisive only),COMPATIBILITY_ONLY_NOT_PRODUCTION,1028.6214,884.6144,-61.7173,199,199,0.06000000,,0.06000000,0.06000000,61.7173,1028.6214,OK,0.0000,-1.8515,3.0000,97.0000,AG03-UNRESOLVED,ALL5_LEVELS_bet23_to_bet27,-1.8515,-1.8515,-1.8515,-2.4687,-2.4687,3.000000,3.000000,3.000000,4.000000,4.000000,97.000000,97.000000,97.000000,96.000000,96.000000,5.0,-10.4919,-9.8057,-51.2253,-51.9116,PENDING_AG03,FALSE,NOT_FOR_ENFORCEMENT,-59.8658,858.0760,-61.7173,-59.8658,-1.8515,-0.06000000,-0.05820000,-1.8515,-59.8658,-0.05820000,-1.8515,-1.8515,-1.8515,-2.4687,-2.4687,-59.8658,-0.05820000,-10.4919,-9.8057,-51.2253,-51.9116,-0.04980000,-0.05046717,-0.00180000,5.1690,4.4453,-0.3101,-61.7173,-1.9909,1028.6214,199.0000,,5.1690,5.1431,5.1431,5.1431,5.1431,5.1431,5.1431,5.1431,0.0,1.0,1.0,1.005025,29,18,1,2,0E-8,-0.06000000,,0E-8,0.000000,0.860000,0.000000,,2026-06-15,2026-06-15,1,31,29,1,1.000000,,,0.000000,,,,,,,,GLOBAL_BASELINE_NO_ENTITY_RANKING,,,NOT_APPLICABLE_GLOBAL_BASELINE,HF9g-P5,,,,X 全窗基线 · 不参与实体赏罚,3921408,393,A168_HF9F_20260827_0900,2026-08-27 09:00:00
2026-06-15,151560878,1985,0,41.1448556072,5.1431069509,5.1431069509,0.5714286,8,8,0.49324550000000000,0.493245500000,0.4137436818725812,0.41374368187258126,0.4137436818725812,0E-17,ELIGIBLE,R03b_20260811_FULL_v1,L1_ELIGIBILITY,v2026-08-11,2026-03-21..2026-08-06,baccarat_bet02_101_all_pairs_incl_sentinel,round_win = game_pnl > 0 (decisive only),COMPATIBILITY_ONLY_NOT_PRODUCTION,1028.6214,884.6144,-61.7173,199,199,0.06000000,,0.06000000,0.06000000,61.7173,1028.6214,OK,0.0000,-1.8515,3.0000,97.0000,AG03-UNRESOLVED,ALL5_LEVELS_bet23_to_bet27,-1.8515,-1.8515,-1.8515,-2.4687,-2.4687,3.000000,3.000000,3.000000,4.000000,4.000000,97.000000,97.000000,97.000000,96.000000,96.000000,5.0,-10.4919,-9.8057,-51.2253,-51.9116,PENDING_AG03,FALSE,NOT_FOR_ENFORCEMENT,-59.8658,858.0760,-61.7173,-59.8658,-1.8515,-0.06000000,-0.05820000,-1.8515,-59.8658,-0.05820000,-1.8515,-1.8515,-1.8515,-2.4687,-2.4687,-59.8658,-0.05820000,-10.4919,-9.8057,-51.2253,-51.9116,-0.04980000,-0.05046717,-0.00180000,5.1690,4.4453,-0.3101,-61.7173,-1.9909,1028.6214,199.0000,,5.1690,5.1431,5.1431,5.1431,5.1431,5.1431,5.1431,5.1431,0.0,1.0,1.0,1.005025,29,18,1,2,0E-8,-0.06000000,,0E-8,0.000000,0.860000,0.000000,,2026-06-15,2026-06-15,1,31,29,1,1.000000,,,0.000000,,,,,,,,GLOBAL_BASELINE_NO_ENTITY_RANKING,,,NOT_APPLICABLE_GLOBAL_BASELINE,HF9g-P5,,,,X 全窗基线 · 不参与实体赏罚,3921409,393,A168_HF9F_20260827_0900,2026-08-27 09:00:00
2026-06-15,151560878,2103,0,41.1448556072,-5.1431069509,-5.1431069509,0.4285714,8,8,0.49324550000000000,0.493245500000,-0.3422542494892156,-0.3422542494892157,-0.3422542494892156,0E-17,ELIGIBLE,R03b_20260811_FULL_v1,L1_ELIGIBILITY,v2026-08-11,2026-03-21..2026-08-06,baccarat_bet02_101_all_pairs_incl_sentinel,round_win = game_pnl > 0 (decisive only),COMPATIBILITY_ONLY_NOT_PRODUCTION,1028.6214,884.6144,-61.7173,199,199,0.06000000,,0.06000000,0.06000000,61.7173,1028.6214,OK,0.0000,-1.8515,3.0000,97.0000,AG03-UNRESOLVED,ALL5_LEVELS_bet23_to_bet27,-1.8515,-1.8515,-1.8515,-2.4687,-2.4687,3.000000,3.000000,3.000000,4.000000,4.000000,97.000000,97.000000,97.000000,96.000000,96.000000,5.0,-10.4919,-9.8057,-51.2253,-51.9116,PENDING_AG03,FALSE,NOT_FOR_ENFORCEMENT,-59.8658,858.0760,-61.7173,-59.8658,-1.8515,-0.06000000,-0.05820000,-1.8515,-59.8658,-0.05820000,-1.8515,-1.8515,-1.8515,-2.4687,-2.4687,-59.8658,-0.05820000,-10.4919,-9.8057,-51.2253,-51.9116,-0.04980000,-0.05046717,-0.00180000,5.1690,4.4453,-0.3101,-61.7173,-1.9909,1028.6214,199.0000,,5.1690,5.1431,5.1431,5.1431,5.1431,5.1431,5.1431,5.1431,0.0,1.0,1.0,1.005025,29,18,1,2,0E-8,-0.06000000,,0E-8,0.000000,0.860000,0.000000,,2026-06-15,2026-06-15,1,31,29,1,1.000000,,,0.000000,,,,,,,,GLOBAL_BASELINE_NO_ENTITY_RANKING,,,NOT_APPLICABLE_GLOBAL_BASELINE,HF9g-P5,,,,X 全窗基线 · 不参与实体赏罚,3921410,393,A168_HF9F_20260827_0900,2026-08-27 09:00:00
2026-06-15,151560878,2147,0,56.5741764599,15.4293208527,15.4293208527,0.6666667,11,11,0.49324550000000000,0.493245500000,1.0406219574860578,1.0406219574860578,1.0406219574860578,0E-17,ELIGIBLE,R03b_20260811_FULL_v1,L1_ELIGIBILITY,v2026-08-11,2026-03-21..2026-08-06,baccarat_bet02_101_all_pairs_incl_sentinel,round_win = game_pnl > 0 (decisive only),COMPATIBILITY_ONLY_NOT_PRODUCTION,1028.6214,884.6144,-61.7173,199,199,0.06000000,,0.06000000,0.06000000,61.7173,1028.6214,OK,0.0000,-1.8515,3.0000,97.0000,AG03-UNRESOLVED,ALL5_LEVELS_bet23_to_bet27,-1.8515,-1.8515,-1.8515,-2.4687,-2.4687,3.000000,3.000000,3.000000,4.000000,4.000000,97.000000,97.000000,97.000000,96.000000,96.000000,5.0,-10.4919,-9.8057,-51.2253,-51.9116,PENDING_AG03,FALSE,NOT_FOR_ENFORCEMENT,-59.8658,858.0760,-61.7173,-59.8658,-1.8515,-0.06000000,-0.05820000,-1.8515,-59.8658,-0.05820000,-1.8515,-1.8515,-1.8515,-2.4687,-2.4687,-59.8658,-0.05820000,-10.4919,-9.8057,-51.2253,-51.9116,-0.04980000,-0.05046717,-0.00180000,5.1690,4.4453,-0.3101,-61.7173,-1.9909,1028.6214,199.0000,,5.1690,5.1431,5.1431,5.1431,5.1431,5.1431,5.1431,5.1431,0.0,1.0,1.0,1.005025,29,18,1,2,0E-8,-0.06000000,,0E-8,0.000000,0.860000,0.000000,,2026-06-15,2026-06-15,1,31,29,1,1.000000,,,0.000000,,,,,,,,GLOBAL_BASELINE_NO_ENTITY_RANKING,,,NOT_APPLICABLE_GLOBAL_BASELINE,HF9g-P5,,,,X 全窗基线 · 不参与实体赏罚,3921411,393,A168_HF9F_20260827_0900,2026-08-27 09:00:00
2026-06-15,151560878,2153,0,36.0017486563,0E-10,0E-10,0.5000000,7,7,0.49324550000000000,0.493245500000,0.03309317671092531,0.03309317671092531,0.03309317671092531,0E-17,ELIGIBLE,R03b_20260811_FULL_v1,L1_ELIGIBILITY,v2026-08-11,2026-03-21..2026-08-06,baccarat_bet02_101_all_pairs_incl_sentinel,round_win = game_pnl > 0 (decisive only),COMPATIBILITY_ONLY_NOT_PRODUCTION,1028.6214,884.6144,-61.7173,199,199,0.06000000,,0.06000000,0.06000000,61.7173,1028.6214,OK,0.0000,-1.8515,3.0000,97.0000,AG03-UNRESOLVED,ALL5_LEVELS_bet23_to_bet27,-1.8515,-1.8515,-1.8515,-2.4687,-2.4687,3.000000,3.000000,3.000000,4.000000,4.000000,97.000000,97.000000,97.000000,96.000000,96.000000,5.0,-10.4919,-9.8057,-51.2253,-51.9116,PENDING_AG03,FALSE,NOT_FOR_ENFORCEMENT,-59.8658,858.0760,-61.7173,-59.8658,-1.8515,-0.06000000,-0.05820000,-1.8515,-59.8658,-0.05820000,-1.8515,-1.8515,-1.8515,-2.4687,-2.4687,-59.8658,-0.05820000,-10.4919,-9.8057,-51.2253,-51.9116,-0.04980000,-0.05046717,-0.00180000,5.1690,4.4453,-0.3101,-61.7173,-1.9909,1028.6214,199.0000,,5.1690,5.1431,5.1431,5.1431,5.1431,5.1431,5.1431,5.1431,0.0,1.0,1.0,1.005025,29,18,1,2,0E-8,-0.06000000,,0E-8,0.000000,0.860000,0.000000,,2026-06-15,2026-06-15,1,31,29,1,1.000000,,,0.000000,,,,,,,,GLOBAL_BASELINE_NO_ENTITY_RANKING,,,NOT_APPLICABLE_GLOBAL_BASELINE,HF9g-P5,,,,X 全窗基线 · 不参与实体赏罚,3921412,393,A168_HF9F_20260827_0900,2026-08-27 09:00:00
2026-06-15,151560878,2201,0,30.8586417054,-15.4293208527,-15.4293208527,0.2000000,6,6,0.49324550000000000,0.493245500000,-1.3115534243649334,-1.3115534243649334,-1.3115534243649334,0E-17,ELIGIBLE,R03b_20260811_FULL_v1,L1_ELIGIBILITY,v2026-08-11,2026-03-21..2026-08-06,baccarat_bet02_101_all_pairs_incl_sentinel,round_win = game_pnl > 0 (decisive only),COMPATIBILITY_ONLY_NOT_PRODUCTION,1028.6214,884.6144,-61.7173,199,199,0.06000000,,0.06000000,0.06000000,61.7173,1028.6214,OK,0.0000,-1.8515,3.0000,97.0000,AG03-UNRESOLVED,ALL5_LEVELS_bet23_to_bet27,-1.8515,-1.8515,-1.8515,-2.4687,-2.4687,3.000000,3.000000,3.000000,4.000000,4.000000,97.000000,97.000000,97.000000,96.000000,96.000000,5.0,-10.4919,-9.8057,-51.2253,-51.9116,PENDING_AG03,FALSE,NOT_FOR_ENFORCEMENT,-59.8658,858.0760,-61.7173,-59.8658,-1.8515,-0.06000000,-0.05820000,-1.8515,-59.8658,-0.05820000,-1.8515,-1.8515,-1.8515,-2.4687,-2.4687,-59.8658,-0.05820000,-10.4919,-9.8057,-51.2253,-51.9116,-0.04980000,-0.05046717,-0.00180000,5.1690,4.4453,-0.3101,-61.7173,-1.9909,1028.6214,199.0000,,5.1690,5.1431,5.1431,5.1431,5.1431,5.1431,5.1431,5.1431,0.0,1.0,1.0,1.005025,29,18,1,2,0E-8,-0.06000000,,0E-8,0.000000,0.860000,0.000000,,2026-06-15,2026-06-15,1,31,29,1,1.000000,,,0.000000,,,,,,,,GLOBAL_BASELINE_NO_ENTITY_RANKING,,,NOT_APPLICABLE_GLOBAL_BASELINE,HF9g-P5,,,,X 全窗基线 · 不参与实体赏罚,3921413,393,A168_HF9F_20260827_0900,2026-08-27 09:00:00
2026-06-15,151560878,2209,0,46.2879625581,5.1431069509,5.1431069509,0.5555556,9,9,0.49324550000000000,0.493245500000,0.37389445146519346,0.37389445146519346,0.37389445146519346,0E-17,ELIGIBLE,R03b_20260811_FULL_v1,L1_ELIGIBILITY,v2026-08-11,2026-03-21..2026-08-06,baccarat_bet02_101_all_pairs_incl_sentinel,round_win = game_pnl > 0 (decisive only),COMPATIBILITY_ONLY_NOT_PRODUCTION,1028.6214,884.6144,-61.7173,199,199,0.06000000,,0.06000000,0.06000000,61.7173,1028.6214,OK,0.0000,-1.8515,3.0000,97.0000,AG03-UNRESOLVED,ALL5_LEVELS_bet23_to_bet27,-1.8515,-1.8515,-1.8515,-2.4687,-2.4687,3.000000,3.000000,3.000000,4.000000,4.000000,97.000000,97.000000,97.000000,96.000000,96.000000,5.0,-10.4919,-9.8057,-51.2253,-51.9116,PENDING_AG03,FALSE,NOT_FOR_ENFORCEMENT,-59.8658,858.0760,-61.7173,-59.8658,-1.8515,-0.06000000,-0.05820000,-1.8515,-59.8658,-0.05820000,-1.8515,-1.8515,-1.8515,-2.4687,-2.4687,-59.8658,-0.05820000,-10.4919,-9.8057,-51.2253,-51.9116,-0.04980000,-0.05046717,-0.00180000,5.1690,4.4453,-0.3101,-61.7173,-1.9909,1028.6214,199.0000,,5.1690,5.1431,5.1431,5.1431,5.1431,5.1431,5.1431,5.1431,0.0,1.0,1.0,1.005025,29,18,1,2,0E-8,-0.06000000,,0E-8,0.000000,0.860000,0.000000,,2026-06-15,2026-06-15,1,31,29,1,1.000000,,,0.000000,,,,,,,,GLOBAL_BASELINE_NO_ENTITY_RANKING,,,NOT_APPLICABLE_GLOBAL_BASELINE,HF9g-P5,,,,X 全窗基线 · 不参与实体赏罚,3921414,393,A168_HF9F_20260827_0900,2026-08-27 09:00:00
2026-06-15,151560878,2214,0,36.0017486563,-25.7155347545,-25.7155347545,0.1428571,7,7,0.49324550000000000,0.493245500000,-1.8542501122128092,-1.8542501122128097,-1.8542501122128092,0E-17,ELIGIBLE,R03b_20260811_FULL_v1,L1_ELIGIBILITY,v2026-08-11,2026-03-21..2026-08-06,baccarat_bet02_101_all_pairs_incl_sentinel,round_win = game_pnl > 0 (decisive only),COMPATIBILITY_ONLY_NOT_PRODUCTION,1028.6214,884.6144,-61.7173,199,199,0.06000000,,0.06000000,0.06000000,61.7173,1028.6214,OK,0.0000,-1.8515,3.0000,97.0000,AG03-UNRESOLVED,ALL5_LEVELS_bet23_to_bet27,-1.8515,-1.8515,-1.8515,-2.4687,-2.4687,3.000000,3.000000,3.000000,4.000000,4.000000,97.000000,97.000000,97.000000,96.000000,96.000000,5.0,-10.4919,-9.8057,-51.2253,-51.9116,PENDING_AG03,FALSE,NOT_FOR_ENFORCEMENT,-59.8658,858.0760,-61.7173,-59.8658,-1.8515,-0.06000000,-0.05820000,-1.8515,-59.8658,-0.05820000,-1.8515,-1.8515,-1.8515,-2.4687,-2.4687,-59.8658,-0.05820000,-10.4919,-9.8057,-51.2253,-51.9116,-0.04980000,-0.05046717,-0.00180000,5.1690,4.4453,-0.3101,-61.7173,-1.9909,1028.6214,199.0000,,5.1690,5.1431,5.1431,5.1431,5.1431,5.1431,5.1431,5.1431,0.0,1.0,1.0,1.005025,29,18,1,2,0E-8,-0.06000000,,0E-8,0.000000,0.860000,0.000000,,2026-06-15,2026-06-15,1,31,29,1,1.000000,,,0.000000,,,,,,,,GLOBAL_BASELINE_NO_ENTITY_RANKING,,,NOT_APPLICABLE_GLOBAL_BASELINE,HF9g-P5,,,,X 全窗基线 · 不参与实体赏罚,3921415,393,A168_HF9F_20260827_0900,2026-08-27 09:00:00
2026-06-15,151560878,2258,0,30.8586417054,25.7155347545,25.7155347545,1.0000000,6,6,0.49324550000000000,0.493245500000,2.266481837870793,2.266481837870793,2.266481837870793,0E-17,ELIGIBLE,R03b_20260811_FULL_v1,L1_ELIGIBILITY,v2026-08-11,2026-03-21..2026-08-06,baccarat_bet02_101_all_pairs_incl_sentinel,round_win = game_pnl > 0 (decisive only),COMPATIBILITY_ONLY_NOT_PRODUCTION,1028.6214,884.6144,-61.7173,199,199,0.06000000,,0.06000000,0.06000000,61.7173,1028.6214,OK,0.0000,-1.8515,3.0000,97.0000,AG03-UNRESOLVED,ALL5_LEVELS_bet23_to_bet27,-1.8515,-1.8515,-1.8515,-2.4687,-2.4687,3.000000,3.000000,3.000000,4.000000,4.000000,97.000000,97.000000,97.000000,96.000000,96.000000,5.0,-10.4919,-9.8057,-51.2253,-51.9116,PENDING_AG03,FALSE,NOT_FOR_ENFORCEMENT,-59.8658,858.0760,-61.7173,-59.8658,-1.8515,-0.06000000,-0.05820000,-1.8515,-59.8658,-0.05820000,-1.8515,-1.8515,-1.8515,-2.4687,-2.4687,-59.8658,-0.05820000,-10.4919,-9.8057,-51.2253,-51.9116,-0.04980000,-0.05046717,-0.00180000,5.1690,4.4453,-0.3101,-61.7173,-1.9909,1028.6214,199.0000,,5.1690,5.1431,5.1431,5.1431,5.1431,5.1431,5.1431,5.1431,0.0,1.0,1.0,1.005025,29,18,1,2,0E-8,-0.06000000,,0E-8,0.000000,0.860000,0.000000,,2026-06-15,2026-06-15,1,31,29,1,1.000000,,,0.000000,,,,,,,,GLOBAL_BASELINE_NO_ENTITY_RANKING,,,NOT_APPLICABLE_GLOBAL_BASELINE,HF9g-P5,,,,X 全窗基线 · 不参与实体赏罚,3921416,393,A168_HF9F_20260827_0900,2026-08-27 09:00:00
2026-06-15,151560878,2267,0,46.2879625581,15.4293208527,15.4293208527,0.7142857,9,9,0.49324550000000000,0.493245500000,1.169741613234378,1.1697416132343783,1.169741613234378,0E-17,ELIGIBLE,R03b_20260811_FULL_v1,L1_ELIGIBILITY,v2026-08-11,2026-03-21..2026-08-06,baccarat_bet02_101_all_pairs_incl_sentinel,round_win = game_pnl > 0 (decisive only),COMPATIBILITY_ONLY_NOT_PRODUCTION,1028.6214,884.6144,-61.7173,199,199,0.06000000,,0.06000000,0.06000000,61.7173,1028.6214,OK,0.0000,-1.8515,3.0000,97.0000,AG03-UNRESOLVED,ALL5_LEVELS_bet23_to_bet27,-1.8515,-1.8515,-1.8515,-2.4687,-2.4687,3.000000,3.000000,3.000000,4.000000,4.000000,97.000000,97.000000,97.000000,96.000000,96.000000,5.0,-10.4919,-9.8057,-51.2253,-51.9116,PENDING_AG03,FALSE,NOT_FOR_ENFORCEMENT,-59.8658,858.0760,-61.7173,-59.8658,-1.8515,-0.06000000,-0.05820000,-1.8515,-59.8658,-0.05820000,-1.8515,-1.8515,-1.8515,-2.4687,-2.4687,-59.8658,-0.05820000,-10.4919,-9.8057,-51.2253,-51.9116,-0.04980000,-0.05046717,-0.00180000,5.1690,4.4453,-0.3101,-61.7173,-1.9909,1028.6214,199.0000,,5.1690,5.1431,5.1431,5.1431,5.1431,5.1431,5.1431,5.1431,0.0,1.0,1.0,1.005025,29,18,1,2,0E-8,-0.06000000,,0E-8,0.000000,0.860000,0.000000,,2026-06-15,2026-06-15,1,31,29,1,1.000000,,,0.000000,,,,,,,,GLOBAL_BASELINE_NO_ENTITY_RANKING,,,NOT_APPLICABLE_GLOBAL_BASELINE,HF9g-P5,,,,X 全窗基线 · 不参与实体赏罚,3921417,393,A168_HF9F_20260827_0900,2026-08-27 09:00:00
2026-06-15,151560878,2287,0,20.5724278036,-10.2862139018,-10.2862139018,0.2500000,4,4,0.49324550000000000,0.493245500000,-0.9730707933947887,-0.9730707933947887,-0.9730707933947887,0E-17,ELIGIBLE,R03b_20260811_FULL_v1,L1_ELIGIBILITY,v2026-08-11,2026-03-21..2026-08-06,baccarat_bet02_101_all_pairs_incl_sentinel,round_win = game_pnl > 0 (decisive only),COMPATIBILITY_ONLY_NOT_PRODUCTION,1028.6214,884.6144,-61.7173,199,199,0.06000000,,0.06000000,0.06000000,61.7173,1028.6214,OK,0.0000,-1.8515,3.0000,97.0000,AG03-UNRESOLVED,ALL5_LEVELS_bet23_to_bet27,-1.8515,-1.8515,-1.8515,-2.4687,-2.4687,3.000000,3.000000,3.000000,4.000000,4.000000,97.000000,97.000000,97.000000,96.000000,96.000000,5.0,-10.4919,-9.8057,-51.2253,-51.9116,PENDING_AG03,FALSE,NOT_FOR_ENFORCEMENT,-59.8658,858.0760,-61.7173,-59.8658,-1.8515,-0.06000000,-0.05820000,-1.8515,-59.8658,-0.05820000,-1.8515,-1.8515,-1.8515,-2.4687,-2.4687,-59.8658,-0.05820000,-10.4919,-9.8057,-51.2253,-51.9116,-0.04980000,-0.05046717,-0.00180000,5.1690,4.4453,-0.3101,-61.7173,-1.9909,1028.6214,199.0000,,5.1690,5.1431,5.1431,5.1431,5.1431,5.1431,5.1431,5.1431,0.0,1.0,1.0,1.005025,29,18,1,2,0E-8,-0.06000000,,0E-8,0.000000,0.860000,0.000000,,2026-06-15,2026-06-15,1,31,29,1,1.000000,,,0.000000,,,,,,,,GLOBAL_BASELINE_NO_ENTITY_RANKING,,,NOT_APPLICABLE_GLOBAL_BASELINE,HF9g-P5,,,,X 全窗基线 · 不参与实体赏罚,3921418,393,A168_HF9F_20260827_0900,2026-08-27 09:00:00
2026-06-25,152046358,-1,1,432.0209838756,37.5446807422,37.5446807422,0.5312500,72,72,0.49790008333333333,0.497900083333,0.5336033726956508,0.5336033727009858,0.5336033726956508,3.3333E-13,SENTINEL_DEALER,R03b_20260811_FULL_v1,L1_ELIGIBILITY,v2026-08-11,2026-03-21..2026-08-06,baccarat_bet02_101_all_pairs_incl_sentinel,round_win = game_pnl > 0 (decisive only),COMPATIBILITY_ONLY_NOT_PRODUCTION,1090.3387,1028.6214,-61.7173,188,188,0.05660377,,0.05660377,0.05660377,61.7173,1090.3387,OK,0.0000,-1.8515,3.0000,97.0000,AG03-UNRESOLVED,ALL5_LEVELS_bet23_to_bet27,-1.8515,-1.8515,-1.8515,-2.4687,-2.4687,3.000000,3.000000,3.000000,4.000000,4.000000,97.000000,97.000000,97.000000,96.000000,96.000000,5.0,-10.4919,-9.8057,-51.2253,-51.9116,PENDING_AG03,FALSE,NOT_FOR_ENFORCEMENT,-59.8658,997.7627,-61.7173,-59.8658,-1.8515,-0.05660377,-0.05490566,-1.8515,-59.8658,-0.05490566,-1.8515,-1.8515,-1.8515,-2.4687,-2.4687,-59.8658,-0.05490566,-10.4919,-9.8057,-51.2253,-51.9116,-0.04698113,-0.04761053,-0.00169811,5.7997,5.4714,-0.3283,-61.7173,-1.7634,1090.3387,188.0000,,5.7997,5.1431,5.1431,5.1431,5.1431,5.1431,25.7155,5.1431,0.0,1.0,5.0,1.12766,28,19,1,2,0E-8,-0.05660377,,0E-8,0.000000,0.943396,0.000000,,2026-06-25,2026-06-25,1,35,28,1,1.000000,,,0.000000,,,,,,,,GLOBAL_BASELINE_NO_ENTITY_RANKING,,,NOT_APPLICABLE_GLOBAL_BASELINE,HF9g-P5,,,,X 全窗基线 · 不参与实体赏罚,3921419,393,A168_HF9F_20260827_0900,2026-08-27 09:00:00
2026-06-25,152046358,1094,0,25.7155347545,-15.4293208527,-15.4293208527,0.2000000,5,5,0.49860758000000000,0.498607580000,-1.3354188732730328,-1.3354188732730328,-1.3354188732730328,0E-17,ELIGIBLE,R03b_20260811_FULL_v1,L1_ELIGIBILITY,v2026-08-11,2026-03-21..2026-08-06,baccarat_bet02_101_all_pairs_incl_sentinel,round_win = game_pnl > 0 (decisive only),COMPATIBILITY_ONLY_NOT_PRODUCTION,1090.3387,1028.6214,-61.7173,188,188,0.05660377,,0.05660377,0.05660377,61.7173,1090.3387,OK,0.0000,-1.8515,3.0000,97.0000,AG03-UNRESOLVED,ALL5_LEVELS_bet23_to_bet27,-1.8515,-1.8515,-1.8515,-2.4687,-2.4687,3.000000,3.000000,3.000000,4.000000,4.000000,97.000000,97.000000,97.000000,96.000000,96.000000,5.0,-10.4919,-9.8057,-51.2253,-51.9116,PENDING_AG03,FALSE,NOT_FOR_ENFORCEMENT,-59.8658,997.7627,-61.7173,-59.8658,-1.8515,-0.05660377,-0.05490566,-1.8515,-59.8658,-0.05490566,-1.8515,-1.8515,-1.8515,-2.4687,-2.4687,-59.8658,-0.05490566,-10.4919,-9.8057,-51.2253,-51.9116,-0.04698113,-0.04761053,-0.00169811,5.7997,5.4714,-0.3283,-61.7173,-1.7634,1090.3387,188.0000,,5.7997,5.1431,5.1431,5.1431,5.1431,5.1431,25.7155,5.1431,0.0,1.0,5.0,1.12766,28,19,1,2,0E-8,-0.05660377,,0E-8,0.000000,0.943396,0.000000,,2026-06-25,2026-06-25,1,35,28,1,1.000000,,,0.000000,,,,,,,,GLOBAL_BASELINE_NO_ENTITY_RANKING,,,NOT_APPLICABLE_GLOBAL_BASELINE,HF9g-P5,,,,X 全窗基线 · 不参与实体赏罚,3921420,393,A168_HF9F_20260827_0900,2026-08-27 09:00:00
2026-06-25,152046358,1318,0,46.2879625581,14.4006994627,14.4006994627,0.6666667,9,9,0.50218230000000000,0.502182300000,0.9869156002841868,0.9869156002841868,0.9869156002841868,0E-17,ELIGIBLE,R03b_20260811_FULL_v1,L1_ELIGIBILITY,v2026-08-11,2026-03-21..2026-08-06,baccarat_bet02_101_all_pairs_incl_sentinel,round_win = game_pnl > 0 (decisive only),COMPATIBILITY_ONLY_NOT_PRODUCTION,1090.3387,1028.6214,-61.7173,188,188,0.05660377,,0.05660377,0.05660377,61.7173,1090.3387,OK,0.0000,-1.8515,3.0000,97.0000,AG03-UNRESOLVED,ALL5_LEVELS_bet23_to_bet27,-1.8515,-1.8515,-1.8515,-2.4687,-2.4687,3.000000,3.000000,3.000000,4.000000,4.000000,97.000000,97.000000,97.000000,96.000000,96.000000,5.0,-10.4919,-9.8057,-51.2253,-51.9116,PENDING_AG03,FALSE,NOT_FOR_ENFORCEMENT,-59.8658,997.7627,-61.7173,-59.8658,-1.8515,-0.05660377,-0.05490566,-1.8515,-59.8658,-0.05490566,-1.8515,-1.8515,-1.8515,-2.4687,-2.4687,-59.8658,-0.05490566,-10.4919,-9.8057,-51.2253,-51.9116,-0.04698113,-0.04761053,-0.00169811,5.7997,5.4714,-0.3283,-61.7173,-1.7634,1090.3387,188.0000,,5.7997,5.1431,5.1431,5.1431,5.1431,5.1431,25.7155,5.1431,0.0,1.0,5.0,1.12766,28,19,1,2,0E-8,-0.05660377,,0E-8,0.000000,0.943396,0.000000,,2026-06-25,2026-06-25,1,35,28,1,1.000000,,,0.000000,,,,,,,,GLOBAL_BASELINE_NO_ENTITY_RANKING,,,NOT_APPLICABLE_GLOBAL_BASELINE,HF9g-P5,,,,X 全窗基线 · 不参与实体赏罚,3921421,393,A168_HF9F_20260827_0900,2026-08-27 09:00:00
2026-06-25,152046358,1507,0,25.7155347545,14.6578548102,14.6578548102,0.8000000,5,5,0.50128862000000000,0.501288620000,1.335882339249048,1.335882339249048,1.335882339249048,0E-17,ELIGIBLE,R03b_20260811_FULL_v1,L1_ELIGIBILITY,v2026-08-11,2026-03-21..2026-08-06,baccarat_bet02_101_all_pairs_incl_sentinel,round_win = game_pnl > 0 (decisive only),COMPATIBILITY_ONLY_NOT_PRODUCTION,1090.3387,1028.6214,-61.7173,188,188,0.05660377,,0.05660377,0.05660377,61.7173,1090.3387,OK,0.0000,-1.8515,3.0000,97.0000,AG03-UNRESOLVED,ALL5_LEVELS_bet23_to_bet27,-1.8515,-1.8515,-1.8515,-2.4687,-2.4687,3.000000,3.000000,3.000000,4.000000,4.000000,97.000000,97.000000,97.000000,96.000000,96.000000,5.0,-10.4919,-9.8057,-51.2253,-51.9116,PENDING_AG03,FALSE,NOT_FOR_ENFORCEMENT,-59.8658,997.7627,-61.7173,-59.8658,-1.8515,-0.05660377,-0.05490566,-1.8515,-59.8658,-0.05490566,-1.8515,-1.8515,-1.8515,-2.4687,-2.4687,-59.8658,-0.05490566,-10.4919,-9.8057,-51.2253,-51.9116,-0.04698113,-0.04761053,-0.00169811,5.7997,5.4714,-0.3283,-61.7173,-1.7634,1090.3387,188.0000,,5.7997,5.1431,5.1431,5.1431,5.1431,5.1431,25.7155,5.1431,0.0,1.0,5.0,1.12766,28,19,1,2,0E-8,-0.05660377,,0E-8,0.000000,0.943396,0.000000,,2026-06-25,2026-06-25,1,35,28,1,1.000000,,,0.000000,,,,,,,,GLOBAL_BASELINE_NO_ENTITY_RANKING,,,NOT_APPLICABLE_GLOBAL_BASELINE,HF9g-P5,,,,X 全窗基线 · 不参与实体赏罚,3921422,393,A168_HF9F_20260827_0900,2026-08-27 09:00:00
2026-06-25,152046358,1710,0,25.7155347545,4.6287962559,4.6287962559,0.6000000,5,5,0.50128862000000000,0.501288620000,0.4414521777673877,0.4414521777673877,0.4414521777673877,0E-17,ELIGIBLE,R03b_20260811_FULL_v1,L1_ELIGIBILITY,v2026-08-11,2026-03-21..2026-08-06,baccarat_bet02_101_all_pairs_incl_sentinel,round_win = game_pnl > 0 (decisive only),COMPATIBILITY_ONLY_NOT_PRODUCTION,1090.3387,1028.6214,-61.7173,188,188,0.05660377,,0.05660377,0.05660377,61.7173,1090.3387,OK,0.0000,-1.8515,3.0000,97.0000,AG03-UNRESOLVED,ALL5_LEVELS_bet23_to_bet27,-1.8515,-1.8515,-1.8515,-2.4687,-2.4687,3.000000,3.000000,3.000000,4.000000,4.000000,97.000000,97.000000,97.000000,96.000000,96.000000,5.0,-10.4919,-9.8057,-51.2253,-51.9116,PENDING_AG03,FALSE,NOT_FOR_ENFORCEMENT,-59.8658,997.7627,-61.7173,-59.8658,-1.8515,-0.05660377,-0.05490566,-1.8515,-59.8658,-0.05490566,-1.8515,-1.8515,-1.8515,-2.4687,-2.4687,-59.8658,-0.05490566,-10.4919,-9.8057,-51.2253,-51.9116,-0.04698113,-0.04761053,-0.00169811,5.7997,5.4714,-0.3283,-61.7173,-1.7634,1090.3387,188.0000,,5.7997,5.1431,5.1431,5.1431,5.1431,5.1431,25.7155,5.1431,0.0,1.0,5.0,1.12766,28,19,1,2,0E-8,-0.05660377,,0E-8,0.000000,0.943396,0.000000,,2026-06-25,2026-06-25,1,35,28,1,1.000000,,,0.000000,,,,,,,,GLOBAL_BASELINE_NO_ENTITY_RANKING,,,NOT_APPLICABLE_GLOBAL_BASELINE,HF9g-P5,,,,X 全窗基线 · 不参与实体赏罚,3921423,393,A168_HF9F_20260827_0900,2026-08-27 09:00:00
2026-06-25,152046358,1935,0,36.0017486563,4.6287962559,4.6287962559,0.5714286,7,7,0.49899058571428571,0.498990585714,0.38330657246501415,0.3833065724665265,0.38330657246501415,2.8571E-13,ELIGIBLE,R03b_20260811_FULL_v1,L1_ELIGIBILITY,v2026-08-11,2026-03-21..2026-08-06,baccarat_bet02_101_all_pairs_incl_sentinel,round_win = game_pnl > 0 (decisive only),COMPATIBILITY_ONLY_NOT_PRODUCTION,1090.3387,1028.6214,-61.7173,188,188,0.05660377,,0.05660377,0.05660377,61.7173,1090.3387,OK,0.0000,-1.8515,3.0000,97.0000,AG03-UNRESOLVED,ALL5_LEVELS_bet23_to_bet27,-1.8515,-1.8515,-1.8515,-2.4687,-2.4687,3.000000,3.000000,3.000000,4.000000,4.000000,97.000000,97.000000,97.000000,96.000000,96.000000,5.0,-10.4919,-9.8057,-51.2253,-51.9116,PENDING_AG03,FALSE,NOT_FOR_ENFORCEMENT,-59.8658,997.7627,-61.7173,-59.8658,-1.8515,-0.05660377,-0.05490566,-1.8515,-59.8658,-0.05490566,-1.8515,-1.8515,-1.8515,-2.4687,-2.4687,-59.8658,-0.05490566,-10.4919,-9.8057,-51.2253,-51.9116,-0.04698113,-0.04761053,-0.00169811,5.7997,5.4714,-0.3283,-61.7173,-1.7634,1090.3387,188.0000,,5.7997,5.1431,5.1431,5.1431,5.1431,5.1431,25.7155,5.1431,0.0,1.0,5.0,1.12766,28,19,1,2,0E-8,-0.05660377,,0E-8,0.000000,0.943396,0.000000,,2026-06-25,2026-06-25,1,35,28,1,1.000000,,,0.000000,,,,,,,,GLOBAL_BASELINE_NO_ENTITY_RANKING,,,NOT_APPLICABLE_GLOBAL_BASELINE,HF9g-P5,,,,X 全窗基线 · 不参与实体赏罚,3921424,393,A168_HF9F_20260827_0900,2026-08-27 09:00:00
2026-06-25,152046358,1963,0,72.0034973126,15.4293208527,15.4293208527,0.4444444,10,10,0.49458602000000000,0.494586020000,-0.30086709138894757,-0.30086709138894757,-0.30086709138894757,0E-17,ELIGIBLE,R03b_20260811_FULL_v1,L1_ELIGIBILITY,v2026-08-11,2026-03-21..2026-08-06,baccarat_bet02_101_all_pairs_incl_sentinel,round_win = game_pnl > 0 (decisive only),COMPATIBILITY_ONLY_NOT_PRODUCTION,1090.3387,1028.6214,-61.7173,188,188,0.05660377,,0.05660377,0.05660377,61.7173,1090.3387,OK,0.0000,-1.8515,3.0000,97.0000,AG03-UNRESOLVED,ALL5_LEVELS_bet23_to_bet27,-1.8515,-1.8515,-1.8515,-2.4687,-2.4687,3.000000,3.000000,3.000000,4.000000,4.000000,97.000000,97.000000,97.000000,96.000000,96.000000,5.0,-10.4919,-9.8057,-51.2253,-51.9116,PENDING_AG03,FALSE,NOT_FOR_ENFORCEMENT,-59.8658,997.7627,-61.7173,-59.8658,-1.8515,-0.05660377,-0.05490566,-1.8515,-59.8658,-0.05490566,-1.8515,-1.8515,-1.8515,-2.4687,-2.4687,-59.8658,-0.05490566,-10.4919,-9.8057,-51.2253,-51.9116,-0.04698113,-0.04761053,-0.00169811,5.7997,5.4714,-0.3283,-61.7173,-1.7634,1090.3387,188.0000,,5.7997,5.1431,5.1431,5.1431,5.1431,5.1431,25.7155,5.1431,0.0,1.0,5.0,1.12766,28,19,1,2,0E-8,-0.05660377,,0E-8,0.000000,0.943396,0.000000,,2026-06-25,2026-06-25,1,35,28,1,1.000000,,,0.000000,,,,,,,,GLOBAL_BASELINE_NO_ENTITY_RANKING,,,NOT_APPLICABLE_GLOBAL_BASELINE,HF9g-P5,,,,X 全窗基线 · 不参与实体赏罚,3921425,393,A168_HF9F_20260827_0900,2026-08-27 09:00:00
2026-06-25,152046358,2101,0,25.7155347545,-5.1431069509,-5.1431069509,0.4000000,5,5,0.49592654000000000,0.495926540000,-0.42901076602576227,-0.42901076602576227,-0.42901076602576227,0E-17,ELIGIBLE,R03b_20260811_FULL_v1,L1_ELIGIBILITY,v2026-08-11,2026-03-21..2026-08-06,baccarat_bet02_101_all_pairs_incl_sentinel,round_win = game_pnl > 0 (decisive only),COMPATIBILITY_ONLY_NOT_PRODUCTION,1090.3387,1028.6214,-61.7173,188,188,0.05660377,,0.05660377,0.05660377,61.7173,1090.3387,OK,0.0000,-1.8515,3.0000,97.0000,AG03-UNRESOLVED,ALL5_LEVELS_bet23_to_bet27,-1.8515,-1.8515,-1.8515,-2.4687,-2.4687,3.000000,3.000000,3.000000,4.000000,4.000000,97.000000,97.000000,97.000000,96.000000,96.000000,5.0,-10.4919,-9.8057,-51.2253,-51.9116,PENDING_AG03,FALSE,NOT_FOR_ENFORCEMENT,-59.8658,997.7627,-61.7173,-59.8658,-1.8515,-0.05660377,-0.05490566,-1.8515,-59.8658,-0.05490566,-1.8515,-1.8515,-1.8515,-2.4687,-2.4687,-59.8658,-0.05490566,-10.4919,-9.8057,-51.2253,-51.9116,-0.04698113,-0.04761053,-0.00169811,5.7997,5.4714,-0.3283,-61.7173,-1.7634,1090.3387,188.0000,,5.7997,5.1431,5.1431,5.1431,5.1431,5.1431,25.7155,5.1431,0.0,1.0,5.0,1.12766,28,19,1,2,0E-8,-0.05660377,,0E-8,0.000000,0.943396,0.000000,,2026-06-25,2026-06-25,1,35,28,1,1.000000,,,0.000000,,,,,,,,GLOBAL_BASELINE_NO_ENTITY_RANKING,,,NOT_APPLICABLE_GLOBAL_BASELINE,HF9g-P5,,,,X 全窗基线 · 不参与实体赏罚,3921426,393,A168_HF9F_20260827_0900,2026-08-27 09:00:00
2026-06-25,152046358,2108,0,41.1448556072,-11.0576799443,-11.0576799443,0.3750000,8,8,0.50162375000000000,0.501623750000,-0.7162958754040458,-0.7162958754040458,-0.7162958754040458,0E-17,ELIGIBLE,R03b_20260811_FULL_v1,L1_ELIGIBILITY,v2026-08-11,2026-03-21..2026-08-06,baccarat_bet02_101_all_pairs_incl_sentinel,round_win = game_pnl > 0 (decisive only),COMPATIBILITY_ONLY_NOT_PRODUCTION,1090.3387,1028.6214,-61.7173,188,188,0.05660377,,0.05660377,0.05660377,61.7173,1090.3387,OK,0.0000,-1.8515,3.0000,97.0000,AG03-UNRESOLVED,ALL5_LEVELS_bet23_to_bet27,-1.8515,-1.8515,-1.8515,-2.4687,-2.4687,3.000000,3.000000,3.000000,4.000000,4.000000,97.000000,97.000000,97.000000,96.000000,96.000000,5.0,-10.4919,-9.8057,-51.2253,-51.9116,PENDING_AG03,FALSE,NOT_FOR_ENFORCEMENT,-59.8658,997.7627,-61.7173,-59.8658,-1.8515,-0.05660377,-0.05490566,-1.8515,-59.8658,-0.05490566,-1.8515,-1.8515,-1.8515,-2.4687,-2.4687,-59.8658,-0.05490566,-10.4919,-9.8057,-51.2253,-51.9116,-0.04698113,-0.04761053,-0.00169811,5.7997,5.4714,-0.3283,-61.7173,-1.7634,1090.3387,188.0000,,5.7997,5.1431,5.1431,5.1431,5.1431,5.1431,25.7155,5.1431,0.0,1.0,5.0,1.12766,28,19,1,2,0E-8,-0.05660377,,0E-8,0.000000,0.943396,0.000000,,2026-06-25,2026-06-25,1,35,28,1,1.000000,,,0.000000,,,,,,,,GLOBAL_BASELINE_NO_ENTITY_RANKING,,,NOT_APPLICABLE_GLOBAL_BASELINE,HF9g-P5,,,,X 全窗基线 · 不参与实体赏罚,3921427,393,A168_HF9F_20260827_0900,2026-08-27 09:00:00
2026-06-25,152046358,2115,0,25.7155347545,25.7155347545,25.7155347545,1.0000000,1,1,0.49324550000000000,0.493245500000,1.01360149184955,1.01360149184955,1.01360149184955,0E-17,ELIGIBLE,R03b_20260811_FULL_v1,L1_ELIGIBILITY,v2026-08-11,2026-03-21..2026-08-06,baccarat_bet02_101_all_pairs_incl_sentinel,round_win = game_pnl > 0 (decisive only),COMPATIBILITY_ONLY_NOT_PRODUCTION,1090.3387,1028.6214,-61.7173,188,188,0.05660377,,0.05660377,0.05660377,61.7173,1090.3387,OK,0.0000,-1.8515,3.0000,97.0000,AG03-UNRESOLVED,ALL5_LEVELS_bet23_to_bet27,-1.8515,-1.8515,-1.8515,-2.4687,-2.4687,3.000000,3.000000,3.000000,4.000000,4.000000,97.000000,97.000000,97.000000,96.000000,96.000000,5.0,-10.4919,-9.8057,-51.2253,-51.9116,PENDING_AG03,FALSE,NOT_FOR_ENFORCEMENT,-59.8658,997.7627,-61.7173,-59.8658,-1.8515,-0.05660377,-0.05490566,-1.8515,-59.8658,-0.05490566,-1.8515,-1.8515,-1.8515,-2.4687,-2.4687,-59.8658,-0.05490566,-10.4919,-9.8057,-51.2253,-51.9116,-0.04698113,-0.04761053,-0.00169811,5.7997,5.4714,-0.3283,-61.7173,-1.7634,1090.3387,188.0000,,5.7997,5.1431,5.1431,5.1431,5.1431,5.1431,25.7155,5.1431,0.0,1.0,5.0,1.12766,28,19,1,2,0E-8,-0.05660377,,0E-8,0.000000,0.943396,0.000000,,2026-06-25,2026-06-25,1,35,28,1,1.000000,,,0.000000,,,,,,,,GLOBAL_BASELINE_NO_ENTITY_RANKING,,,NOT_APPLICABLE_GLOBAL_BASELINE,HF9g-P5,,,,X 全窗基线 · 不参与实体赏罚,3921428,393,A168_HF9F_20260827_0900,2026-08-27 09:00:00
2026-06-25,152046358,2123,0,41.1448556072,-15.6864762002,-15.6864762002,0.2857143,8,8,0.49994810000000000,0.499948100000,-1.133618796148647,-1.133618796148647,-1.133618796148647,0E-17,ELIGIBLE,R03b_20260811_FULL_v1,L1_ELIGIBILITY,v2026-08-11,2026-03-21..2026-08-06,baccarat_bet02_101_all_pairs_incl_sentinel,round_win = game_pnl > 0 (decisive only),COMPATIBILITY_ONLY_NOT_PRODUCTION,1090.3387,1028.6214,-61.7173,188,188,0.05660377,,0.05660377,0.05660377,61.7173,1090.3387,OK,0.0000,-1.8515,3.0000,97.0000,AG03-UNRESOLVED,ALL5_LEVELS_bet23_to_bet27,-1.8515,-1.8515,-1.8515,-2.4687,-2.4687,3.000000,3.000000,3.000000,4.000000,4.000000,97.000000,97.000000,97.000000,96.000000,96.000000,5.0,-10.4919,-9.8057,-51.2253,-51.9116,PENDING_AG03,FALSE,NOT_FOR_ENFORCEMENT,-59.8658,997.7627,-61.7173,-59.8658,-1.8515,-0.05660377,-0.05490566,-1.8515,-59.8658,-0.05490566,-1.8515,-1.8515,-1.8515,-2.4687,-2.4687,-59.8658,-0.05490566,-10.4919,-9.8057,-51.2253,-51.9116,-0.04698113,-0.04761053,-0.00169811,5.7997,5.4714,-0.3283,-61.7173,-1.7634,1090.3387,188.0000,,5.7997,5.1431,5.1431,5.1431,5.1431,5.1431,25.7155,5.1431,0.0,1.0,5.0,1.12766,28,19,1,2,0E-8,-0.05660377,,0E-8,0.000000,0.943396,0.000000,,2026-06-25,2026-06-25,1,35,28,1,1.000000,,,0.000000,,,,,,,,GLOBAL_BASELINE_NO_ENTITY_RANKING,,,NOT_APPLICABLE_GLOBAL_BASELINE,HF9g-P5,,,,X 全窗基线 · 不参与实体赏罚,3921429,393,A168_HF9F_20260827_0900,2026-08-27 09:00:00
2026-06-25,152046358,2152,0,41.1448556072,9.7719032068,9.7719032068,0.6250000,8,8,0.49994810000000000,0.499948100000,0.7074003757330176,0.7074003757330176,0.7074003757330176,0E-17,ELIGIBLE,R03b_20260811_FULL_v1,L1_ELIGIBILITY,v2026-08-11,2026-03-21..2026-08-06,baccarat_bet02_101_all_pairs_incl_sentinel,round_win = game_pnl > 0 (decisive only),COMPATIBILITY_ONLY_NOT_PRODUCTION,1090.3387,1028.6214,-61.7173,188,188,0.05660377,,0.05660377,0.05660377,61.7173,1090.3387,OK,0.0000,-1.8515,3.0000,97.0000,AG03-UNRESOLVED,ALL5_LEVELS_bet23_to_bet27,-1.8515,-1.8515,-1.8515,-2.4687,-2.4687,3.000000,3.000000,3.000000,4.000000,4.000000,97.000000,97.000000,97.000000,96.000000,96.000000,5.0,-10.4919,-9.8057,-51.2253,-51.9116,PENDING_AG03,FALSE,NOT_FOR_ENFORCEMENT,-59.8658,997.7627,-61.7173,-59.8658,-1.8515,-0.05660377,-0.05490566,-1.8515,-59.8658,-0.05490566,-1.8515,-1.8515,-1.8515,-2.4687,-2.4687,-59.8658,-0.05490566,-10.4919,-9.8057,-51.2253,-51.9116,-0.04698113,-0.04761053,-0.00169811,5.7997,5.4714,-0.3283,-61.7173,-1.7634,1090.3387,188.0000,,5.7997,5.1431,5.1431,5.1431,5.1431,5.1431,25.7155,5.1431,0.0,1.0,5.0,1.12766,28,19,1,2,0E-8,-0.05660377,,0E-8,0.000000,0.943396,0.000000,,2026-06-25,2026-06-25,1,35,28,1,1.000000,,,0.000000,,,,,,,,GLOBAL_BASELINE_NO_ENTITY_RANKING,,,NOT_APPLICABLE_GLOBAL_BASELINE,HF9g-P5,,,,X 全窗基线 · 不参与实体赏罚,3921430,393,A168_HF9F_20260827_0900,2026-08-27 09:00:00
2026-06-25,152046358,2167,0,25.7155347545,5.1431069509,5.1431069509,0.6000000,5,5,0.49592654000000000,0.495926540000,0.46544610904919037,0.46544610904919037,0.46544610904919037,0E-17,ELIGIBLE,R03b_20260811_FULL_v1,L1_ELIGIBILITY,v2026-08-11,2026-03-21..2026-08-06,baccarat_bet02_101_all_pairs_incl_sentinel,round_win = game_pnl > 0 (decisive only),COMPATIBILITY_ONLY_NOT_PRODUCTION,1090.3387,1028.6214,-61.7173,188,188,0.05660377,,0.05660377,0.05660377,61.7173,1090.3387,OK,0.0000,-1.8515,3.0000,97.0000,AG03-UNRESOLVED,ALL5_LEVELS_bet23_to_bet27,-1.8515,-1.8515,-1.8515,-2.4687,-2.4687,3.000000,3.000000,3.000000,4.000000,4.000000,97.000000,97.000000,97.000000,96.000000,96.000000,5.0,-10.4919,-9.8057,-51.2253,-51.9116,PENDING_AG03,FALSE,NOT_FOR_ENFORCEMENT,-59.8658,997.7627,-61.7173,-59.8658,-1.8515,-0.05660377,-0.05490566,-1.8515,-59.8658,-0.05490566,-1.8515,-1.8515,-1.8515,-2.4687,-2.4687,-59.8658,-0.05490566,-10.4919,-9.8057,-51.2253,-51.9116,-0.04698113,-0.04761053,-0.00169811,5.7997,5.4714,-0.3283,-61.7173,-1.7634,1090.3387,188.0000,,5.7997,5.1431,5.1431,5.1431,5.1431,5.1431,25.7155,5.1431,0.0,1.0,5.0,1.12766,28,19,1,2,0E-8,-0.05660377,,0E-8,0.000000,0.943396,0.000000,,2026-06-25,2026-06-25,1,35,28,1,1.000000,,,0.000000,,,,,,,,GLOBAL_BASELINE_NO_ENTITY_RANKING,,,NOT_APPLICABLE_GLOBAL_BASELINE,HF9g-P5,,,,X 全窗基线 · 不参与实体赏罚,3921431,393,A168_HF9F_20260827_0900,2026-08-27 09:00:00
2026-06-25,152046358,2209,0,46.2879625581,-15.6864762002,-15.6864762002,0.3333333,9,9,0.49771390000000000,0.497713900000,-0.9862937092952077,-0.9862937092952077,-0.9862937092952077,0E-17,ELIGIBLE,R03b_20260811_FULL_v1,L1_ELIGIBILITY,v2026-08-11,2026-03-21..2026-08-06,baccarat_bet02_101_all_pairs_incl_sentinel,round_win = game_pnl > 0 (decisive only),COMPATIBILITY_ONLY_NOT_PRODUCTION,1090.3387,1028.6214,-61.7173,188,188,0.05660377,,0.05660377,0.05660377,61.7173,1090.3387,OK,0.0000,-1.8515,3.0000,97.0000,AG03-UNRESOLVED,ALL5_LEVELS_bet23_to_bet27,-1.8515,-1.8515,-1.8515,-2.4687,-2.4687,3.000000,3.000000,3.000000,4.000000,4.000000,97.000000,97.000000,97.000000,96.000000,96.000000,5.0,-10.4919,-9.8057,-51.2253,-51.9116,PENDING_AG03,FALSE,NOT_FOR_ENFORCEMENT,-59.8658,997.7627,-61.7173,-59.8658,-1.8515,-0.05660377,-0.05490566,-1.8515,-59.8658,-0.05490566,-1.8515,-1.8515,-1.8515,-2.4687,-2.4687,-59.8658,-0.05490566,-10.4919,-9.8057,-51.2253,-51.9116,-0.04698113,-0.04761053,-0.00169811,5.7997,5.4714,-0.3283,-61.7173,-1.7634,1090.3387,188.0000,,5.7997,5.1431,5.1431,5.1431,5.1431,5.1431,25.7155,5.1431,0.0,1.0,5.0,1.12766,28,19,1,2,0E-8,-0.05660377,,0E-8,0.000000,0.943396,0.000000,,2026-06-25,2026-06-25,1,35,28,1,1.000000,,,0.000000,,,,,,,,GLOBAL_BASELINE_NO_ENTITY_RANKING,,,NOT_APPLICABLE_GLOBAL_BASELINE,HF9g-P5,,,,X 全窗基线 · 不参与实体赏罚,3921432,393,A168_HF9F_20260827_0900,2026-08-27 09:00:00
2026-06-25,152046358,2241,0,36.0017486563,-5.6574176459,-5.6574176459,0.4285714,7,7,0.50282064285714286,0.502820642857,-0.39289616391791987,-0.3928961639171632,-0.39289616391791987,1.4286E-13,ELIGIBLE,R03b_20260811_FULL_v1,L1_ELIGIBILITY,v2026-08-11,2026-03-21..2026-08-06,baccarat_bet02_101_all_pairs_incl_sentinel,round_win = game_pnl > 0 (decisive only),COMPATIBILITY_ONLY_NOT_PRODUCTION,1090.3387,1028.6214,-61.7173,188,188,0.05660377,,0.05660377,0.05660377,61.7173,1090.3387,OK,0.0000,-1.8515,3.0000,97.0000,AG03-UNRESOLVED,ALL5_LEVELS_bet23_to_bet27,-1.8515,-1.8515,-1.8515,-2.4687,-2.4687,3.000000,3.000000,3.000000,4.000000,4.000000,97.000000,97.000000,97.000000,96.000000,96.000000,5.0,-10.4919,-9.8057,-51.2253,-51.9116,PENDING_AG03,FALSE,NOT_FOR_ENFORCEMENT,-59.8658,997.7627,-61.7173,-59.8658,-1.8515,-0.05660377,-0.05490566,-1.8515,-59.8658,-0.05490566,-1.8515,-1.8515,-1.8515,-2.4687,-2.4687,-59.8658,-0.05490566,-10.4919,-9.8057,-51.2253,-51.9116,-0.04698113,-0.04761053,-0.00169811,5.7997,5.4714,-0.3283,-61.7173,-1.7634,1090.3387,188.0000,,5.7997,5.1431,5.1431,5.1431,5.1431,5.1431,25.7155,5.1431,0.0,1.0,5.0,1.12766,28,19,1,2,0E-8,-0.05660377,,0E-8,0.000000,0.943396,0.000000,,2026-06-25,2026-06-25,1,35,28,1,1.000000,,,0.000000,,,,,,,,GLOBAL_BASELINE_NO_ENTITY_RANKING,,,NOT_APPLICABLE_GLOBAL_BASELINE,HF9g-P5,,,,X 全窗基线 · 不参与实体赏罚,3921433,393,A168_HF9F_20260827_0900,2026-08-27 09:00:00
2026-06-25,152046358,2271,0,20.5724278036,5.1431069509,5.1431069509,0.6666667,4,4,0.49324550000000000,0.493245500000,0.6008033672792107,0.6008033672792106,0.6008033672792107,0E-17,ELIGIBLE,R03b_20260811_FULL_v1,L1_ELIGIBILITY,v2026-08-11,2026-03-21..2026-08-06,baccarat_bet02_101_all_pairs_incl_sentinel,round_win = game_pnl > 0 (decisive only),COMPATIBILITY_ONLY_NOT_PRODUCTION,1090.3387,1028.6214,-61.7173,188,188,0.05660377,,0.05660377,0.05660377,61.7173,1090.3387,OK,0.0000,-1.8515,3.0000,97.0000,AG03-UNRESOLVED,ALL5_LEVELS_bet23_to_bet27,-1.8515,-1.8515,-1.8515,-2.4687,-2.4687,3.000000,3.000000,3.000000,4.000000,4.000000,97.000000,97.000000,97.000000,96.000000,96.000000,5.0,-10.4919,-9.8057,-51.2253,-51.9116,PENDING_AG03,FALSE,NOT_FOR_ENFORCEMENT,-59.8658,997.7627,-61.7173,-59.8658,-1.8515,-0.05660377,-0.05490566,-1.8515,-59.8658,-0.05490566,-1.8515,-1.8515,-1.8515,-2.4687,-2.4687,-59.8658,-0.05490566,-10.4919,-9.8057,-51.2253,-51.9116,-0.04698113,-0.04761053,-0.00169811,5.7997,5.4714,-0.3283,-61.7173,-1.7634,1090.3387,188.0000,,5.7997,5.1431,5.1431,5.1431,5.1431,5.1431,25.7155,5.1431,0.0,1.0,5.0,1.12766,28,19,1,2,0E-8,-0.05660377,,0E-8,0.000000,0.943396,0.000000,,2026-06-25,2026-06-25,1,35,28,1,1.000000,,,0.000000,,,,,,,,GLOBAL_BASELINE_NO_ENTITY_RANKING,,,NOT_APPLICABLE_GLOBAL_BASELINE,HF9g-P5,,,,X 全窗基线 · 不参与实体赏罚,3921434,393,A168_HF9F_20260827_0900,2026-08-27 09:00:00
2026-06-25,152046358,583,0,56.5741764599,-30.8586417054,-30.8586417054,0.3333333,7,7,0.49707555714285714,0.497075557143,-0.8021835166153284,-0.8021835166160269,-0.8021835166153284,-1.4286E-13,ELIGIBLE,R03b_20260811_FULL_v1,L1_ELIGIBILITY,v2026-08-11,2026-03-21..2026-08-06,baccarat_bet02_101_all_pairs_incl_sentinel,round_win = game_pnl > 0 (decisive only),COMPATIBILITY_ONLY_NOT_PRODUCTION,1090.3387,1028.6214,-61.7173,188,188,0.05660377,,0.05660377,0.05660377,61.7173,1090.3387,OK,0.0000,-1.8515,3.0000,97.0000,AG03-UNRESOLVED,ALL5_LEVELS_bet23_to_bet27,-1.8515,-1.8515,-1.8515,-2.4687,-2.4687,3.000000,3.000000,3.000000,4.000000,4.000000,97.000000,97.000000,97.000000,96.000000,96.000000,5.0,-10.4919,-9.8057,-51.2253,-51.9116,PENDING_AG03,FALSE,NOT_FOR_ENFORCEMENT,-59.8658,997.7627,-61.7173,-59.8658,-1.8515,-0.05660377,-0.05490566,-1.8515,-59.8658,-0.05490566,-1.8515,-1.8515,-1.8515,-2.4687,-2.4687,-59.8658,-0.05490566,-10.4919,-9.8057,-51.2253,-51.9116,-0.04698113,-0.04761053,-0.00169811,5.7997,5.4714,-0.3283,-61.7173,-1.7634,1090.3387,188.0000,,5.7997,5.1431,5.1431,5.1431,5.1431,5.1431,25.7155,5.1431,0.0,1.0,5.0,1.12766,28,19,1,2,0E-8,-0.05660377,,0E-8,0.000000,0.943396,0.000000,,2026-06-25,2026-06-25,1,35,28,1,1.000000,,,0.000000,,,,,,,,GLOBAL_BASELINE_NO_ENTITY_RANKING,,,NOT_APPLICABLE_GLOBAL_BASELINE,HF9g-P5,,,,X 全窗基线 · 不参与实体赏罚,3921435,393,A168_HF9F_20260827_0900,2026-08-27 09:00:00
2026-06-25,152046358,948,0,36.0017486563,4.8859516034,4.8859516034,0.5714286,7,7,0.49707555714285714,0.497075557143,0.39344589990031587,0.3934458998995593,0.39344589990031587,-1.4286E-13,ELIGIBLE,R03b_20260811_FULL_v1,L1_ELIGIBILITY,v2026-08-11,2026-03-21..2026-08-06,baccarat_bet02_101_all_pairs_incl_sentinel,round_win = game_pnl > 0 (decisive only),COMPATIBILITY_ONLY_NOT_PRODUCTION,1090.3387,1028.6214,-61.7173,188,188,0.05660377,,0.05660377,0.05660377,61.7173,1090.3387,OK,0.0000,-1.8515,3.0000,97.0000,AG03-UNRESOLVED,ALL5_LEVELS_bet23_to_bet27,-1.8515,-1.8515,-1.8515,-2.4687,-2.4687,3.000000,3.000000,3.000000,4.000000,4.000000,97.000000,97.000000,97.000000,96.000000,96.000000,5.0,-10.4919,-9.8057,-51.2253,-51.9116,PENDING_AG03,FALSE,NOT_FOR_ENFORCEMENT,-59.8658,997.7627,-61.7173,-59.8658,-1.8515,-0.05660377,-0.05490566,-1.8515,-59.8658,-0.05490566,-1.8515,-1.8515,-1.8515,-2.4687,-2.4687,-59.8658,-0.05490566,-10.4919,-9.8057,-51.2253,-51.9116,-0.04698113,-0.04761053,-0.00169811,5.7997,5.4714,-0.3283,-61.7173,-1.7634,1090.3387,188.0000,,5.7997,5.1431,5.1431,5.1431,5.1431,5.1431,25.7155,5.1431,0.0,1.0,5.0,1.12766,28,19,1,2,0E-8,-0.05660377,,0E-8,0.000000,0.943396,0.000000,,2026-06-25,2026-06-25,1,35,28,1,1.000000,,,0.000000,,,,,,,,GLOBAL_BASELINE_NO_ENTITY_RANKING,,,NOT_APPLICABLE_GLOBAL_BASELINE,HF9g-P5,,,,X 全窗基线 · 不参与实体赏罚,3921436,393,A168_HF9F_20260827_0900,2026-08-27 09:00:00
2026-06-25,152046358,970,0,30.8586417054,19.2866510661,19.2866510661,0.8333333,6,6,0.50665070000000000,0.506650700000,1.6005531159783741,1.6005531159783741,1.6005531159783741,0E-17,ELIGIBLE,R03b_20260811_FULL_v1,L1_ELIGIBILITY,v2026-08-11,2026-03-21..2026-08-06,baccarat_bet02_101_all_pairs_incl_sentinel,round_win = game_pnl > 0 (decisive only),COMPATIBILITY_ONLY_NOT_PRODUCTION,1090.3387,1028.6214,-61.7173,188,188,0.05660377,,0.05660377,0.05660377,61.7173,1090.3387,OK,0.0000,-1.8515,3.0000,97.0000,AG03-UNRESOLVED,ALL5_LEVELS_bet23_to_bet27,-1.8515,-1.8515,-1.8515,-2.4687,-2.4687,3.000000,3.000000,3.000000,4.000000,4.000000,97.000000,97.000000,97.000000,96.000000,96.000000,5.0,-10.4919,-9.8057,-51.2253,-51.9116,PENDING_AG03,FALSE,NOT_FOR_ENFORCEMENT,-59.8658,997.7627,-61.7173,-59.8658,-1.8515,-0.05660377,-0.05490566,-1.8515,-59.8658,-0.05490566,-1.8515,-1.8515,-1.8515,-2.4687,-2.4687,-59.8658,-0.05490566,-10.4919,-9.8057,-51.2253,-51.9116,-0.04698113,-0.04761053,-0.00169811,5.7997,5.4714,-0.3283,-61.7173,-1.7634,1090.3387,188.0000,,5.7997,5.1431,5.1431,5.1431,5.1431,5.1431,25.7155,5.1431,0.0,1.0,5.0,1.12766,28,19,1,2,0E-8,-0.05660377,,0E-8,0.000000,0.943396,0.000000,,2026-06-25,2026-06-25,1,35,28,1,1.000000,,,0.000000,,,,,,,,GLOBAL_BASELINE_NO_ENTITY_RANKING,,,NOT_APPLICABLE_GLOBAL_BASELINE,HF9g-P5,,,,X 全窗基线 · 不参与实体赏罚,3921437,393,A168_HF9F_20260827_0900,2026-08-27 09:00:00
2026-06-05,151053426,-1,1,411.4485560720,15.4293208527,15.4293208527,0.5200000,80,80,0.49324550000000000,0.493245500000,0.4634438228860465,0.4634438228860465,0.4634438228860465,0E-17,SENTINEL_DEALER,R03b_20260811_FULL_v1,L1_ELIGIBILITY,v2026-08-11,2026-03-21..2026-08-06,baccarat_bet02_101_all_pairs_incl_sentinel,round_win = game_pnl > 0 (decisive only),COMPATIBILITY_ONLY_NOT_PRODUCTION,1208.6301,1090.3387,-61.7173,234,232,0.05106383,,0.05106383,0.05106383,61.7173,1208.6301,OK,0.0000,-1.8515,3.0000,97.0000,AG03-UNRESOLVED,ALL5_LEVELS_bet23_to_bet27,-1.8515,-1.8515,-1.8515,-2.4687,-2.4687,3.000000,3.000000,3.000000,4.000000,4.000000,97.000000,97.000000,97.000000,96.000000,96.000000,5.0,-10.4919,-9.8057,-51.2253,-51.9116,PENDING_AG03,FALSE,NOT_FOR_ENFORCEMENT,-59.8658,1057.6285,-61.7173,-59.8658,-1.8515,-0.05106383,-0.04953191,-1.8515,-59.8658,-0.04953191,-1.8515,-1.8515,-1.8515,-2.4687,-2.4687,-59.8658,-0.04953191,-10.4919,-9.8057,-51.2253,-51.9116,-0.04238298,-0.04295078,-0.00153191,5.1651,4.6997,-0.2660,-61.7173,-1.9909,1208.6301,232.0000,,5.1651,5.1431,5.1431,5.1431,5.1431,5.1431,5.1431,5.1431,0.0,1.0,1.0,1.004274,29,29,1,3,0E-8,-0.05106383,,0E-8,0.000000,0.902128,0.000000,,2026-06-05,2026-06-05,1,31,29,1,1.000000,,,0.000000,,,,,,,,GLOBAL_BASELINE_NO_ENTITY_RANKING,,,NOT_APPLICABLE_GLOBAL_BASELINE,HF9g-P5,,,,X 全窗基线 · 不参与实体赏罚,3921438,393,A168_HF9F_20260827_0900,2026-08-27 09:00:00
2026-06-05,151053426,1017,0,51.4310695090,-15.4293208527,-15.4293208527,0.3333333,10,10,0.49324550000000000,0.493245500000,-0.959560560576535,-0.959560560576535,-0.959560560576535,0E-17,ELIGIBLE,R03b_20260811_FULL_v1,L1_ELIGIBILITY,v2026-08-11,2026-03-21..2026-08-06,baccarat_bet02_101_all_pairs_incl_sentinel,round_win = game_pnl > 0 (decisive only),COMPATIBILITY_ONLY_NOT_PRODUCTION,1208.6301,1090.3387,-61.7173,234,232,0.05106383,,0.05106383,0.05106383,61.7173,1208.6301,OK,0.0000,-1.8515,3.0000,97.0000,AG03-UNRESOLVED,ALL5_LEVELS_bet23_to_bet27,-1.8515,-1.8515,-1.8515,-2.4687,-2.4687,3.000000,3.000000,3.000000,4.000000,4.000000,97.000000,97.000000,97.000000,96.000000,96.000000,5.0,-10.4919,-9.8057,-51.2253,-51.9116,PENDING_AG03,FALSE,NOT_FOR_ENFORCEMENT,-59.8658,1057.6285,-61.7173,-59.8658,-1.8515,-0.05106383,-0.04953191,-1.8515,-59.8658,-0.04953191,-1.8515,-1.8515,-1.8515,-2.4687,-2.4687,-59.8658,-0.04953191,-10.4919,-9.8057,-51.2253,-51.9116,-0.04238298,-0.04295078,-0.00153191,5.1651,4.6997,-0.2660,-61.7173,-1.9909,1208.6301,232.0000,,5.1651,5.1431,5.1431,5.1431,5.1431,5.1431,5.1431,5.1431,0.0,1.0,1.0,1.004274,29,29,1,3,0E-8,-0.05106383,,0E-8,0.000000,0.902128,0.000000,,2026-06-05,2026-06-05,1,31,29,1,1.000000,,,0.000000,,,,,,,,GLOBAL_BASELINE_NO_ENTITY_RANKING,,,NOT_APPLICABLE_GLOBAL_BASELINE,HF9g-P5,,,,X 全窗基线 · 不参与实体赏罚,3921439,393,A168_HF9F_20260827_0900,2026-08-27 09:00:00
2026-06-05,151053426,1094,0,41.1448556072,0E-10,0E-10,0.5000000,8,8,0.49324550000000000,0.493245500000,0.03821270896478516,0.03821270896478516,0.03821270896478516,0E-17,ELIGIBLE,R03b_20260811_FULL_v1,L1_ELIGIBILITY,v2026-08-11,2026-03-21..2026-08-06,baccarat_bet02_101_all_pairs_incl_sentinel,round_win = game_pnl > 0 (decisive only),COMPATIBILITY_ONLY_NOT_PRODUCTION,1208.6301,1090.3387,-61.7173,234,232,0.05106383,,0.05106383,0.05106383,61.7173,1208.6301,OK,0.0000,-1.8515,3.0000,97.0000,AG03-UNRESOLVED,ALL5_LEVELS_bet23_to_bet27,-1.8515,-1.8515,-1.8515,-2.4687,-2.4687,3.000000,3.000000,3.000000,4.000000,4.000000,97.000000,97.000000,97.000000,96.000000,96.000000,5.0,-10.4919,-9.8057,-51.2253,-51.9116,PENDING_AG03,FALSE,NOT_FOR_ENFORCEMENT,-59.8658,1057.6285,-61.7173,-59.8658,-1.8515,-0.05106383,-0.04953191,-1.8515,-59.8658,-0.04953191,-1.8515,-1.8515,-1.8515,-2.4687,-2.4687,-59.8658,-0.04953191,-10.4919,-9.8057,-51.2253,-51.9116,-0.04238298,-0.04295078,-0.00153191,5.1651,4.6997,-0.2660,-61.7173,-1.9909,1208.6301,232.0000,,5.1651,5.1431,5.1431,5.1431,5.1431,5.1431,5.1431,5.1431,0.0,1.0,1.0,1.004274,29,29,1,3,0E-8,-0.05106383,,0E-8,0.000000,0.902128,0.000000,,2026-06-05,2026-06-05,1,31,29,1,1.000000,,,0.000000,,,,,,,,GLOBAL_BASELINE_NO_ENTITY_RANKING,,,NOT_APPLICABLE_GLOBAL_BASELINE,HF9g-P5,,,,X 全窗基线 · 不参与实体赏罚,3921440,393,A168_HF9F_20260827_0900,2026-08-27 09:00:00
2026-06-05,151053426,1151,0,25.7155347545,5.1431069509,5.1431069509,0.6666667,4,3,0.49473496666666667,0.495479700000,0.5956219025432532,0.5930332832468497,0.5956219025432532,-0.00074473333333333,ELIGIBLE,R03b_20260811_FULL_v1,L1_ELIGIBILITY,v2026-08-11,2026-03-21..2026-08-06,baccarat_bet02_101_all_pairs_incl_sentinel,round_win = game_pnl > 0 (decisive only),COMPATIBILITY_ONLY_NOT_PRODUCTION,1208.6301,1090.3387,-61.7173,234,232,0.05106383,,0.05106383,0.05106383,61.7173,1208.6301,OK,0.0000,-1.8515,3.0000,97.0000,AG03-UNRESOLVED,ALL5_LEVELS_bet23_to_bet27,-1.8515,-1.8515,-1.8515,-2.4687,-2.4687,3.000000,3.000000,3.000000,4.000000,4.000000,97.000000,97.000000,97.000000,96.000000,96.000000,5.0,-10.4919,-9.8057,-51.2253,-51.9116,PENDING_AG03,FALSE,NOT_FOR_ENFORCEMENT,-59.8658,1057.6285,-61.7173,-59.8658,-1.8515,-0.05106383,-0.04953191,-1.8515,-59.8658,-0.04953191,-1.8515,-1.8515,-1.8515,-2.4687,-2.4687,-59.8658,-0.04953191,-10.4919,-9.8057,-51.2253,-51.9116,-0.04238298,-0.04295078,-0.00153191,5.1651,4.6997,-0.2660,-61.7173,-1.9909,1208.6301,232.0000,,5.1651,5.1431,5.1431,5.1431,5.1431,5.1431,5.1431,5.1431,0.0,1.0,1.0,1.004274,29,29,1,3,0E-8,-0.05106383,,0E-8,0.000000,0.902128,0.000000,,2026-06-05,2026-06-05,1,31,29,1,1.000000,,,0.000000,,,,,,,,GLOBAL_BASELINE_NO_ENTITY_RANKING,,,NOT_APPLICABLE_GLOBAL_BASELINE,HF9g-P5,,,,X 全窗基线 · 不参与实体赏罚,3921441,393,A168_HF9F_20260827_0900,2026-08-27 09:00:00
2026-06-05,151053426,1400,0,36.0017486563,5.1431069509,5.1431069509,0.5714286,7,7,0.49324550000000000,0.493245500000,0.4137436818725812,0.41374368187258126,0.4137436818725812,0E-17,ELIGIBLE,R03b_20260811_FULL_v1,L1_ELIGIBILITY,v2026-08-11,2026-03-21..2026-08-06,baccarat_bet02_101_all_pairs_incl_sentinel,round_win = game_pnl > 0 (decisive only),COMPATIBILITY_ONLY_NOT_PRODUCTION,1208.6301,1090.3387,-61.7173,234,232,0.05106383,,0.05106383,0.05106383,61.7173,1208.6301,OK,0.0000,-1.8515,3.0000,97.0000,AG03-UNRESOLVED,ALL5_LEVELS_bet23_to_bet27,-1.8515,-1.8515,-1.8515,-2.4687,-2.4687,3.000000,3.000000,3.000000,4.000000,4.000000,97.000000,97.000000,97.000000,96.000000,96.000000,5.0,-10.4919,-9.8057,-51.2253,-51.9116,PENDING_AG03,FALSE,NOT_FOR_ENFORCEMENT,-59.8658,1057.6285,-61.7173,-59.8658,-1.8515,-0.05106383,-0.04953191,-1.8515,-59.8658,-0.04953191,-1.8515,-1.8515,-1.8515,-2.4687,-2.4687,-59.8658,-0.04953191,-10.4919,-9.8057,-51.2253,-51.9116,-0.04238298,-0.04295078,-0.00153191,5.1651,4.6997,-0.2660,-61.7173,-1.9909,1208.6301,232.0000,,5.1651,5.1431,5.1431,5.1431,5.1431,5.1431,5.1431,5.1431,0.0,1.0,1.0,1.004274,29,29,1,3,0E-8,-0.05106383,,0E-8,0.000000,0.902128,0.000000,,2026-06-05,2026-06-05,1,31,29,1,1.000000,,,0.000000,,,,,,,,GLOBAL_BASELINE_NO_ENTITY_RANKING,,,NOT_APPLICABLE_GLOBAL_BASELINE,HF9g-P5,,,,X 全窗基线 · 不参与实体赏罚,3921442,393,A168_HF9F_20260827_0900,2026-08-27 09:00:00
2026-06-05,151053426,1623,0,20.5724278036,10.2862139018,10.2862139018,0.7500000,4,4,0.49324550000000000,0.493245500000,1.0271117246678039,1.0271117246678039,1.0271117246678039,0E-17,ELIGIBLE,R03b_20260811_FULL_v1,L1_ELIGIBILITY,v2026-08-11,2026-03-21..2026-08-06,baccarat_bet02_101_all_pairs_incl_sentinel,round_win = game_pnl > 0 (decisive only),COMPATIBILITY_ONLY_NOT_PRODUCTION,1208.6301,1090.3387,-61.7173,234,232,0.05106383,,0.05106383,0.05106383,61.7173,1208.6301,OK,0.0000,-1.8515,3.0000,97.0000,AG03-UNRESOLVED,ALL5_LEVELS_bet23_to_bet27,-1.8515,-1.8515,-1.8515,-2.4687,-2.4687,3.000000,3.000000,3.000000,4.000000,4.000000,97.000000,97.000000,97.000000,96.000000,96.000000,5.0,-10.4919,-9.8057,-51.2253,-51.9116,PENDING_AG03,FALSE,NOT_FOR_ENFORCEMENT,-59.8658,1057.6285,-61.7173,-59.8658,-1.8515,-0.05106383,-0.04953191,-1.8515,-59.8658,-0.04953191,-1.8515,-1.8515,-1.8515,-2.4687,-2.4687,-59.8658,-0.04953191,-10.4919,-9.8057,-51.2253,-51.9116,-0.04238298,-0.04295078,-0.00153191,5.1651,4.6997,-0.2660,-61.7173,-1.9909,1208.6301,232.0000,,5.1651,5.1431,5.1431,5.1431,5.1431,5.1431,5.1431,5.1431,0.0,1.0,1.0,1.004274,29,29,1,3,0E-8,-0.05106383,,0E-8,0.000000,0.902128,0.000000,,2026-06-05,2026-06-05,1,31,29,1,1.000000,,,0.000000,,,,,,,,GLOBAL_BASELINE_NO_ENTITY_RANKING,,,NOT_APPLICABLE_GLOBAL_BASELINE,HF9g-P5,,,,X 全窗基线 · 不参与实体赏罚,3921443,393,A168_HF9F_20260827_0900,2026-08-27 09:00:00
2026-06-05,151053426,1940,0,15.4293208527,15.4293208527,15.4293208527,1.0000000,3,3,0.49324550000000000,0.493245500000,1.755609282511032,1.7556092825110319,1.755609282511032,0E-17,ELIGIBLE,R03b_20260811_FULL_v1,L1_ELIGIBILITY,v2026-08-11,2026-03-21..2026-08-06,baccarat_bet02_101_all_pairs_incl_sentinel,round_win = game_pnl > 0 (decisive only),COMPATIBILITY_ONLY_NOT_PRODUCTION,1208.6301,1090.3387,-61.7173,234,232,0.05106383,,0.05106383,0.05106383,61.7173,1208.6301,OK,0.0000,-1.8515,3.0000,97.0000,AG03-UNRESOLVED,ALL5_LEVELS_bet23_to_bet27,-1.8515,-1.8515,-1.8515,-2.4687,-2.4687,3.000000,3.000000,3.000000,4.000000,4.000000,97.000000,97.000000,97.000000,96.000000,96.000000,5.0,-10.4919,-9.8057,-51.2253,-51.9116,PENDING_AG03,FALSE,NOT_FOR_ENFORCEMENT,-59.8658,1057.6285,-61.7173,-59.8658,-1.8515,-0.05106383,-0.04953191,-1.8515,-59.8658,-0.04953191,-1.8515,-1.8515,-1.8515,-2.4687,-2.4687,-59.8658,-0.04953191,-10.4919,-9.8057,-51.2253,-51.9116,-0.04238298,-0.04295078,-0.00153191,5.1651,4.6997,-0.2660,-61.7173,-1.9909,1208.6301,232.0000,,5.1651,5.1431,5.1431,5.1431,5.1431,5.1431,5.1431,5.1431,0.0,1.0,1.0,1.004274,29,29,1,3,0E-8,-0.05106383,,0E-8,0.000000,0.902128,0.000000,,2026-06-05,2026-06-05,1,31,29,1,1.000000,,,0.000000,,,,,,,,GLOBAL_BASELINE_NO_ENTITY_RANKING,,,NOT_APPLICABLE_GLOBAL_BASELINE,HF9g-P5,,,,X 全窗基线 · 不参与实体赏罚,3921444,393,A168_HF9F_20260827_0900,2026-08-27 09:00:00
2026-06-05,151053426,1942,0,41.1448556072,-5.1431069509,-5.1431069509,0.4285714,8,8,0.49492115000000000,0.494921150000,-0.3511078388389871,-0.3511078388389871,-0.3511078388389871,0E-17,ELIGIBLE,R03b_20260811_FULL_v1,L1_ELIGIBILITY,v2026-08-11,2026-03-21..2026-08-06,baccarat_bet02_101_all_pairs_incl_sentinel,round_win = game_pnl > 0 (decisive only),COMPATIBILITY_ONLY_NOT_PRODUCTION,1208.6301,1090.3387,-61.7173,234,232,0.05106383,,0.05106383,0.05106383,61.7173,1208.6301,OK,0.0000,-1.8515,3.0000,97.0000,AG03-UNRESOLVED,ALL5_LEVELS_bet23_to_bet27,-1.8515,-1.8515,-1.8515,-2.4687,-2.4687,3.000000,3.000000,3.000000,4.000000,4.000000,97.000000,97.000000,97.000000,96.000000,96.000000,5.0,-10.4919,-9.8057,-51.2253,-51.9116,PENDING_AG03,FALSE,NOT_FOR_ENFORCEMENT,-59.8658,1057.6285,-61.7173,-59.8658,-1.8515,-0.05106383,-0.04953191,-1.8515,-59.8658,-0.04953191,-1.8515,-1.8515,-1.8515,-2.4687,-2.4687,-59.8658,-0.04953191,-10.4919,-9.8057,-51.2253,-51.9116,-0.04238298,-0.04295078,-0.00153191,5.1651,4.6997,-0.2660,-61.7173,-1.9909,1208.6301,232.0000,,5.1651,5.1431,5.1431,5.1431,5.1431,5.1431,5.1431,5.1431,0.0,1.0,1.0,1.004274,29,29,1,3,0E-8,-0.05106383,,0E-8,0.000000,0.902128,0.000000,,2026-06-05,2026-06-05,1,31,29,1,1.000000,,,0.000000,,,,,,,,GLOBAL_BASELINE_NO_ENTITY_RANKING,,,NOT_APPLICABLE_GLOBAL_BASELINE,HF9g-P5,,,,X 全窗基线 · 不参与实体赏罚,3921445,393,A168_HF9F_20260827_0900,2026-08-27 09:00:00
2026-06-05,151053426,1947,0,15.4293208527,5.1431069509,5.1431069509,0.6666667,3,3,0.49324550000000000,0.493245500000,0.6008033672792107,0.6008033672792106,0.6008033672792107,0E-17,ELIGIBLE,R03b_20260811_FULL_v1,L1_ELIGIBILITY,v2026-08-11,2026-03-21..2026-08-06,baccarat_bet02_101_all_pairs_incl_sentinel,round_win = game_pnl > 0 (decisive only),COMPATIBILITY_ONLY_NOT_PRODUCTION,1208.6301,1090.3387,-61.7173,234,232,0.05106383,,0.05106383,0.05106383,61.7173,1208.6301,OK,0.0000,-1.8515,3.0000,97.0000,AG03-UNRESOLVED,ALL5_LEVELS_bet23_to_bet27,-1.8515,-1.8515,-1.8515,-2.4687,-2.4687,3.000000,3.000000,3.000000,4.000000,4.000000,97.000000,97.000000,97.000000,96.000000,96.000000,5.0,-10.4919,-9.8057,-51.2253,-51.9116,PENDING_AG03,FALSE,NOT_FOR_ENFORCEMENT,-59.8658,1057.6285,-61.7173,-59.8658,-1.8515,-0.05106383,-0.04953191,-1.8515,-59.8658,-0.04953191,-1.8515,-1.8515,-1.8515,-2.4687,-2.4687,-59.8658,-0.04953191,-10.4919,-9.8057,-51.2253,-51.9116,-0.04238298,-0.04295078,-0.00153191,5.1651,4.6997,-0.2660,-61.7173,-1.9909,1208.6301,232.0000,,5.1651,5.1431,5.1431,5.1431,5.1431,5.1431,5.1431,5.1431,0.0,1.0,1.0,1.004274,29,29,1,3,0E-8,-0.05106383,,0E-8,0.000000,0.902128,0.000000,,2026-06-05,2026-06-05,1,31,29,1,1.000000,,,0.000000,,,,,,,,GLOBAL_BASELINE_NO_ENTITY_RANKING,,,NOT_APPLICABLE_GLOBAL_BASELINE,HF9g-P5,,,,X 全窗基线 · 不参与实体赏罚,3921446,393,A168_HF9F_20260827_0900,2026-08-27 09:00:00
2026-06-05,151053426,1994,0,15.4293208527,10.2862139018,10.2862139018,1.0000000,3,3,0.49324550000000000,0.493245500000,1.4334489766152358,1.4334489766152358,1.4334489766152358,0E-17,ELIGIBLE,R03b_20260811_FULL_v1,L1_ELIGIBILITY,v2026-08-11,2026-03-21..2026-08-06,baccarat_bet02_101_all_pairs_incl_sentinel,round_win = game_pnl > 0 (decisive only),COMPATIBILITY_ONLY_NOT_PRODUCTION,1208.6301,1090.3387,-61.7173,234,232,0.05106383,,0.05106383,0.05106383,61.7173,1208.6301,OK,0.0000,-1.8515,3.0000,97.0000,AG03-UNRESOLVED,ALL5_LEVELS_bet23_to_bet27,-1.8515,-1.8515,-1.8515,-2.4687,-2.4687,3.000000,3.000000,3.000000,4.000000,4.000000,97.000000,97.000000,97.000000,96.000000,96.000000,5.0,-10.4919,-9.8057,-51.2253,-51.9116,PENDING_AG03,FALSE,NOT_FOR_ENFORCEMENT,-59.8658,1057.6285,-61.7173,-59.8658,-1.8515,-0.05106383,-0.04953191,-1.8515,-59.8658,-0.04953191,-1.8515,-1.8515,-1.8515,-2.4687,-2.4687,-59.8658,-0.04953191,-10.4919,-9.8057,-51.2253,-51.9116,-0.04238298,-0.04295078,-0.00153191,5.1651,4.6997,-0.2660,-61.7173,-1.9909,1208.6301,232.0000,,5.1651,5.1431,5.1431,5.1431,5.1431,5.1431,5.1431,5.1431,0.0,1.0,1.0,1.004274,29,29,1,3,0E-8,-0.05106383,,0E-8,0.000000,0.902128,0.000000,,2026-06-05,2026-06-05,1,31,29,1,1.000000,,,0.000000,,,,,,,,GLOBAL_BASELINE_NO_ENTITY_RANKING,,,NOT_APPLICABLE_GLOBAL_BASELINE,HF9g-P5,,,,X 全窗基线 · 不参与实体赏罚,3921447,393,A168_HF9F_20260827_0900,2026-08-27 09:00:00
2026-06-05,151053426,2101,0,15.4293208527,-5.1431069509,-5.1431069509,0.3333333,3,3,0.49324550000000000,0.493245500000,-0.5540025479526107,-0.5540025479526106,-0.5540025479526107,0E-17,ELIGIBLE,R03b_20260811_FULL_v1,L1_ELIGIBILITY,v2026-08-11,2026-03-21..2026-08-06,baccarat_bet02_101_all_pairs_incl_sentinel,round_win = game_pnl > 0 (decisive only),COMPATIBILITY_ONLY_NOT_PRODUCTION,1208.6301,1090.3387,-61.7173,234,232,0.05106383,,0.05106383,0.05106383,61.7173,1208.6301,OK,0.0000,-1.8515,3.0000,97.0000,AG03-UNRESOLVED,ALL5_LEVELS_bet23_to_bet27,-1.8515,-1.8515,-1.8515,-2.4687,-2.4687,3.000000,3.000000,3.000000,4.000000,4.000000,97.000000,97.000000,97.000000,96.000000,96.000000,5.0,-10.4919,-9.8057,-51.2253,-51.9116,PENDING_AG03,FALSE,NOT_FOR_ENFORCEMENT,-59.8658,1057.6285,-61.7173,-59.8658,-1.8515,-0.05106383,-0.04953191,-1.8515,-59.8658,-0.04953191,-1.8515,-1.8515,-1.8515,-2.4687,-2.4687,-59.8658,-0.04953191,-10.4919,-9.8057,-51.2253,-51.9116,-0.04238298,-0.04295078,-0.00153191,5.1651,4.6997,-0.2660,-61.7173,-1.9909,1208.6301,232.0000,,5.1651,5.1431,5.1431,5.1431,5.1431,5.1431,5.1431,5.1431,0.0,1.0,1.0,1.004274,29,29,1,3,0E-8,-0.05106383,,0E-8,0.000000,0.902128,0.000000,,2026-06-05,2026-06-05,1,31,29,1,1.000000,,,0.000000,,,,,,,,GLOBAL_BASELINE_NO_ENTITY_RANKING,,,NOT_APPLICABLE_GLOBAL_BASELINE,HF9g-P5,,,,X 全窗基线 · 不参与实体赏罚,3921448,393,A168_HF9F_20260827_0900,2026-08-27 09:00:00
2026-06-05,151053426,2117,0,30.8586417054,5.1431069509,5.1431069509,0.6000000,6,6,0.49324550000000000,0.493245500000,0.47746420675292983,0.47746420675292983,0.47746420675292983,0E-17,ELIGIBLE,R03b_20260811_FULL_v1,L1_ELIGIBILITY,v2026-08-11,2026-03-21..2026-08-06,baccarat_bet02_101_all_pairs_incl_sentinel,round_win = game_pnl > 0 (decisive only),COMPATIBILITY_ONLY_NOT_PRODUCTION,1208.6301,1090.3387,-61.7173,234,232,0.05106383,,0.05106383,0.05106383,61.7173,1208.6301,OK,0.0000,-1.8515,3.0000,97.0000,AG03-UNRESOLVED,ALL5_LEVELS_bet23_to_bet27,-1.8515,-1.8515,-1.8515,-2.4687,-2.4687,3.000000,3.000000,3.000000,4.000000,4.000000,97.000000,97.000000,97.000000,96.000000,96.000000,5.0,-10.4919,-9.8057,-51.2253,-51.9116,PENDING_AG03,FALSE,NOT_FOR_ENFORCEMENT,-59.8658,1057.6285,-61.7173,-59.8658,-1.8515,-0.05106383,-0.04953191,-1.8515,-59.8658,-0.04953191,-1.8515,-1.8515,-1.8515,-2.4687,-2.4687,-59.8658,-0.04953191,-10.4919,-9.8057,-51.2253,-51.9116,-0.04238298,-0.04295078,-0.00153191,5.1651,4.6997,-0.2660,-61.7173,-1.9909,1208.6301,232.0000,,5.1651,5.1431,5.1431,5.1431,5.1431,5.1431,5.1431,5.1431,0.0,1.0,1.0,1.004274,29,29,1,3,0E-8,-0.05106383,,0E-8,0.000000,0.902128,0.000000,,2026-06-05,2026-06-05,1,31,29,1,1.000000,,,0.000000,,,,,,,,GLOBAL_BASELINE_NO_ENTITY_RANKING,,,NOT_APPLICABLE_GLOBAL_BASELINE,HF9g-P5,,,,X 全窗基线 · 不参与实体赏罚,3921449,393,A168_HF9F_20260827_0900,2026-08-27 09:00:00
2026-06-05,151053426,2130,0,41.1448556072,36.0017486563,36.0017486563,1.0000000,8,8,0.49324550000000000,0.493245500000,2.6817374759579717,2.681737475957972,2.6817374759579717,0E-17,ELIGIBLE,R03b_20260811_FULL_v1,L1_ELIGIBILITY,v2026-08-11,2026-03-21..2026-08-06,baccarat_bet02_101_all_pairs_incl_sentinel,round_win = game_pnl > 0 (decisive only),COMPATIBILITY_ONLY_NOT_PRODUCTION,1208.6301,1090.3387,-61.7173,234,232,0.05106383,,0.05106383,0.05106383,61.7173,1208.6301,OK,0.0000,-1.8515,3.0000,97.0000,AG03-UNRESOLVED,ALL5_LEVELS_bet23_to_bet27,-1.8515,-1.8515,-1.8515,-2.4687,-2.4687,3.000000,3.000000,3.000000,4.000000,4.000000,97.000000,97.000000,97.000000,96.000000,96.000000,5.0,-10.4919,-9.8057,-51.2253,-51.9116,PENDING_AG03,FALSE,NOT_FOR_ENFORCEMENT,-59.8658,1057.6285,-61.7173,-59.8658,-1.8515,-0.05106383,-0.04953191,-1.8515,-59.8658,-0.04953191,-1.8515,-1.8515,-1.8515,-2.4687,-2.4687,-59.8658,-0.04953191,-10.4919,-9.8057,-51.2253,-51.9116,-0.04238298,-0.04295078,-0.00153191,5.1651,4.6997,-0.2660,-61.7173,-1.9909,1208.6301,232.0000,,5.1651,5.1431,5.1431,5.1431,5.1431,5.1431,5.1431,5.1431,0.0,1.0,1.0,1.004274,29,29,1,3,0E-8,-0.05106383,,0E-8,0.000000,0.902128,0.000000,,2026-06-05,2026-06-05,1,31,29,1,1.000000,,,0.000000,,,,,,,,GLOBAL_BASELINE_NO_ENTITY_RANKING,,,NOT_APPLICABLE_GLOBAL_BASELINE,HF9g-P5,,,,X 全窗基线 · 不参与实体赏罚,3921450,393,A168_HF9F_20260827_0900,2026-08-27 09:00:00
2026-06-05,151053426,2152,0,25.7155347545,15.4293208527,15.4293208527,0.8000000,5,5,0.49324550000000000,0.493245500000,1.3719730223118614,1.3719730223118614,1.3719730223118614,0E-17,ELIGIBLE,R03b_20260811_FULL_v1,L1_ELIGIBILITY,v2026-08-11,2026-03-21..2026-08-06,baccarat_bet02_101_all_pairs_incl_sentinel,round_win = game_pnl > 0 (decisive only),COMPATIBILITY_ONLY_NOT_PRODUCTION,1208.6301,1090.3387,-61.7173,234,232,0.05106383,,0.05106383,0.05106383,61.7173,1208.6301,OK,0.0000,-1.8515,3.0000,97.0000,AG03-UNRESOLVED,ALL5_LEVELS_bet23_to_bet27,-1.8515,-1.8515,-1.8515,-2.4687,-2.4687,3.000000,3.000000,3.000000,4.000000,4.000000,97.000000,97.000000,97.000000,96.000000,96.000000,5.0,-10.4919,-9.8057,-51.2253,-51.9116,PENDING_AG03,FALSE,NOT_FOR_ENFORCEMENT,-59.8658,1057.6285,-61.7173,-59.8658,-1.8515,-0.05106383,-0.04953191,-1.8515,-59.8658,-0.04953191,-1.8515,-1.8515,-1.8515,-2.4687,-2.4687,-59.8658,-0.04953191,-10.4919,-9.8057,-51.2253,-51.9116,-0.04238298,-0.04295078,-0.00153191,5.1651,4.6997,-0.2660,-61.7173,-1.9909,1208.6301,232.0000,,5.1651,5.1431,5.1431,5.1431,5.1431,5.1431,5.1431,5.1431,0.0,1.0,1.0,1.004274,29,29,1,3,0E-8,-0.05106383,,0E-8,0.000000,0.902128,0.000000,,2026-06-05,2026-06-05,1,31,29,1,1.000000,,,0.000000,,,,,,,,GLOBAL_BASELINE_NO_ENTITY_RANKING,,,NOT_APPLICABLE_GLOBAL_BASELINE,HF9g-P5,,,,X 全窗基线 · 不参与实体赏罚,3921451,393,A168_HF9F_20260827_0900,2026-08-27 09:00:00
2026-06-05,151053426,2155,0,36.0017486563,-5.1431069509,-5.1431069509,0.4000000,7,7,0.49324550000000000,0.493245500000,-0.4170446088060018,-0.4170446088060018,-0.4170446088060018,0E-17,ELIGIBLE,R03b_20260811_FULL_v1,L1_ELIGIBILITY,v2026-08-11,2026-03-21..2026-08-06,baccarat_bet02_101_all_pairs_incl_sentinel,round_win = game_pnl > 0 (decisive only),COMPATIBILITY_ONLY_NOT_PRODUCTION,1208.6301,1090.3387,-61.7173,234,232,0.05106383,,0.05106383,0.05106383,61.7173,1208.6301,OK,0.0000,-1.8515,3.0000,97.0000,AG03-UNRESOLVED,ALL5_LEVELS_bet23_to_bet27,-1.8515,-1.8515,-1.8515,-2.4687,-2.4687,3.000000,3.000000,3.000000,4.000000,4.000000,97.000000,97.000000,97.000000,96.000000,96.000000,5.0,-10.4919,-9.8057,-51.2253,-51.9116,PENDING_AG03,FALSE,NOT_FOR_ENFORCEMENT,-59.8658,1057.6285,-61.7173,-59.8658,-1.8515,-0.05106383,-0.04953191,-1.8515,-59.8658,-0.04953191,-1.8515,-1.8515,-1.8515,-2.4687,-2.4687,-59.8658,-0.04953191,-10.4919,-9.8057,-51.2253,-51.9116,-0.04238298,-0.04295078,-0.00153191,5.1651,4.6997,-0.2660,-61.7173,-1.9909,1208.6301,232.0000,,5.1651,5.1431,5.1431,5.1431,5.1431,5.1431,5.1431,5.1431,0.0,1.0,1.0,1.004274,29,29,1,3,0E-8,-0.05106383,,0E-8,0.000000,0.902128,0.000000,,2026-06-05,2026-06-05,1,31,29,1,1.000000,,,0.000000,,,,,,,,GLOBAL_BASELINE_NO_ENTITY_RANKING,,,NOT_APPLICABLE_GLOBAL_BASELINE,HF9g-P5,,,,X 全窗基线 · 不参与实体赏罚,3921452,393,A168_HF9F_20260827_0900,2026-08-27 09:00:00
2026-06-05,151053426,2170,0,36.0017486563,0E-10,0E-10,0.5000000,7,7,0.49324550000000000,0.493245500000,0.03309317671092531,0.03309317671092531,0.03309317671092531,0E-17,ELIGIBLE,R03b_20260811_FULL_v1,L1_ELIGIBILITY,v2026-08-11,2026-03-21..2026-08-06,baccarat_bet02_101_all_pairs_incl_sentinel,round_win = game_pnl > 0 (decisive only),COMPATIBILITY_ONLY_NOT_PRODUCTION,1208.6301,1090.3387,-61.7173,234,232,0.05106383,,0.05106383,0.05106383,61.7173,1208.6301,OK,0.0000,-1.8515,3.0000,97.0000,AG03-UNRESOLVED,ALL5_LEVELS_bet23_to_bet27,-1.8515,-1.8515,-1.8515,-2.4687,-2.4687,3.000000,3.000000,3.000000,4.000000,4.000000,97.000000,97.000000,97.000000,96.000000,96.000000,5.0,-10.4919,-9.8057,-51.2253,-51.9116,PENDING_AG03,FALSE,NOT_FOR_ENFORCEMENT,-59.8658,1057.6285,-61.7173,-59.8658,-1.8515,-0.05106383,-0.04953191,-1.8515,-59.8658,-0.04953191,-1.8515,-1.8515,-1.8515,-2.4687,-2.4687,-59.8658,-0.04953191,-10.4919,-9.8057,-51.2253,-51.9116,-0.04238298,-0.04295078,-0.00153191,5.1651,4.6997,-0.2660,-61.7173,-1.9909,1208.6301,232.0000,,5.1651,5.1431,5.1431,5.1431,5.1431,5.1431,5.1431,5.1431,0.0,1.0,1.0,1.004274,29,29,1,3,0E-8,-0.05106383,,0E-8,0.000000,0.902128,0.000000,,2026-06-05,2026-06-05,1,31,29,1,1.000000,,,0.000000,,,,,,,,GLOBAL_BASELINE_NO_ENTITY_RANKING,,,NOT_APPLICABLE_GLOBAL_BASELINE,HF9g-P5,,,,X 全窗基线 · 不参与实体赏罚,3921453,393,A168_HF9F_20260827_0900,2026-08-27 09:00:00
2026-06-05,151053426,2177,0,36.0017486563,-25.7155347545,-25.7155347545,0E-7,7,7,0.49324550000000000,0.493245500000,-2.206062239923865,-2.206062239923865,-2.206062239923865,0E-17,ELIGIBLE,R03b_20260811_FULL_v1,L1_ELIGIBILITY,v2026-08-11,2026-03-21..2026-08-06,baccarat_bet02_101_all_pairs_incl_sentinel,round_win = game_pnl > 0 (decisive only),COMPATIBILITY_ONLY_NOT_PRODUCTION,1208.6301,1090.3387,-61.7173,234,232,0.05106383,,0.05106383,0.05106383,61.7173,1208.6301,OK,0.0000,-1.8515,3.0000,97.0000,AG03-UNRESOLVED,ALL5_LEVELS_bet23_to_bet27,-1.8515,-1.8515,-1.8515,-2.4687,-2.4687,3.000000,3.000000,3.000000,4.000000,4.000000,97.000000,97.000000,97.000000,96.000000,96.000000,5.0,-10.4919,-9.8057,-51.2253,-51.9116,PENDING_AG03,FALSE,NOT_FOR_ENFORCEMENT,-59.8658,1057.6285,-61.7173,-59.8658,-1.8515,-0.05106383,-0.04953191,-1.8515,-59.8658,-0.04953191,-1.8515,-1.8515,-1.8515,-2.4687,-2.4687,-59.8658,-0.04953191,-10.4919,-9.8057,-51.2253,-51.9116,-0.04238298,-0.04295078,-0.00153191,5.1651,4.6997,-0.2660,-61.7173,-1.9909,1208.6301,232.0000,,5.1651,5.1431,5.1431,5.1431,5.1431,5.1431,5.1431,5.1431,0.0,1.0,1.0,1.004274,29,29,1,3,0E-8,-0.05106383,,0E-8,0.000000,0.902128,0.000000,,2026-06-05,2026-06-05,1,31,29,1,1.000000,,,0.000000,,,,,,,,GLOBAL_BASELINE_NO_ENTITY_RANKING,,,NOT_APPLICABLE_GLOBAL_BASELINE,HF9g-P5,,,,X 全窗基线 · 不参与实体赏罚,3921454,393,A168_HF9F_20260827_0900,2026-08-27 09:00:00
2026-06-05,151053426,2187,0,5.1431069509,5.1431069509,5.1431069509,1.0000000,1,1,0.49324550000000000,0.493245500000,1.01360149184955,1.01360149184955,1.01360149184955,0E-17,ELIGIBLE,R03b_20260811_FULL_v1,L1_ELIGIBILITY,v2026-08-11,2026-03-21..2026-08-06,baccarat_bet02_101_all_pairs_incl_sentinel,round_win = game_pnl > 0 (decisive only),COMPATIBILITY_ONLY_NOT_PRODUCTION,1208.6301,1090.3387,-61.7173,234,232,0.05106383,,0.05106383,0.05106383,61.7173,1208.6301,OK,0.0000,-1.8515,3.0000,97.0000,AG03-UNRESOLVED,ALL5_LEVELS_bet23_to_bet27,-1.8515,-1.8515,-1.8515,-2.4687,-2.4687,3.000000,3.000000,3.000000,4.000000,4.000000,97.000000,97.000000,97.000000,96.000000,96.000000,5.0,-10.4919,-9.8057,-51.2253,-51.9116,PENDING_AG03,FALSE,NOT_FOR_ENFORCEMENT,-59.8658,1057.6285,-61.7173,-59.8658,-1.8515,-0.05106383,-0.04953191,-1.8515,-59.8658,-0.04953191,-1.8515,-1.8515,-1.8515,-2.4687,-2.4687,-59.8658,-0.04953191,-10.4919,-9.8057,-51.2253,-51.9116,-0.04238298,-0.04295078,-0.00153191,5.1651,4.6997,-0.2660,-61.7173,-1.9909,1208.6301,232.0000,,5.1651,5.1431,5.1431,5.1431,5.1431,5.1431,5.1431,5.1431,0.0,1.0,1.0,1.004274,29,29,1,3,0E-8,-0.05106383,,0E-8,0.000000,0.902128,0.000000,,2026-06-05,2026-06-05,1,31,29,1,1.000000,,,0.000000,,,,,,,,GLOBAL_BASELINE_NO_ENTITY_RANKING,,,NOT_APPLICABLE_GLOBAL_BASELINE,HF9g-P5,,,,X 全窗基线 · 不参与实体赏罚,3921455,393,A168_HF9F_20260827_0900,2026-08-27 09:00:00
2026-06-05,151053426,2209,0,15.4293208527,0E-10,0E-10,0.5000000,3,3,0.49324550000000000,0.493245500000,0.01910635448239258,0.01910635448239258,0.01910635448239258,0E-17,ELIGIBLE,R03b_20260811_FULL_v1,L1_ELIGIBILITY,v2026-08-11,2026-03-21..2026-08-06,baccarat_bet02_101_all_pairs_incl_sentinel,round_win = game_pnl > 0 (decisive only),COMPATIBILITY_ONLY_NOT_PRODUCTION,1208.6301,1090.3387,-61.7173,234,232,0.05106383,,0.05106383,0.05106383,61.7173,1208.6301,OK,0.0000,-1.8515,3.0000,97.0000,AG03-UNRESOLVED,ALL5_LEVELS_bet23_to_bet27,-1.8515,-1.8515,-1.8515,-2.4687,-2.4687,3.000000,3.000000,3.000000,4.000000,4.000000,97.000000,97.000000,97.000000,96.000000,96.000000,5.0,-10.4919,-9.8057,-51.2253,-51.9116,PENDING_AG03,FALSE,NOT_FOR_ENFORCEMENT,-59.8658,1057.6285,-61.7173,-59.8658,-1.8515,-0.05106383,-0.04953191,-1.8515,-59.8658,-0.04953191,-1.8515,-1.8515,-1.8515,-2.4687,-2.4687,-59.8658,-0.04953191,-10.4919,-9.8057,-51.2253,-51.9116,-0.04238298,-0.04295078,-0.00153191,5.1651,4.6997,-0.2660,-61.7173,-1.9909,1208.6301,232.0000,,5.1651,5.1431,5.1431,5.1431,5.1431,5.1431,5.1431,5.1431,0.0,1.0,1.0,1.004274,29,29,1,3,0E-8,-0.05106383,,0E-8,0.000000,0.902128,0.000000,,2026-06-05,2026-06-05,1,31,29,1,1.000000,,,0.000000,,,,,,,,GLOBAL_BASELINE_NO_ENTITY_RANKING,,,NOT_APPLICABLE_GLOBAL_BASELINE,HF9g-P5,,,,X 全窗基线 · 不参与实体赏罚,3921456,393,A168_HF9F_20260827_0900,2026-08-27 09:00:00
2026-06-05,151053426,2216,0,10.2862139018,0E-10,0E-10,0.5000000,2,2,0.49324550000000000,0.493245500000,0.01910635448239258,0.01910635448239258,0.01910635448239258,0E-17,ELIGIBLE,R03b_20260811_FULL_v1,L1_ELIGIBILITY,v2026-08-11,2026-03-21..2026-08-06,baccarat_bet02_101_all_pairs_incl_sentinel,round_win = game_pnl > 0 (decisive only),COMPATIBILITY_ONLY_NOT_PRODUCTION,1208.6301,1090.3387,-61.7173,234,232,0.05106383,,0.05106383,0.05106383,61.7173,1208.6301,OK,0.0000,-1.8515,3.0000,97.0000,AG03-UNRESOLVED,ALL5_LEVELS_bet23_to_bet27,-1.8515,-1.8515,-1.8515,-2.4687,-2.4687,3.000000,3.000000,3.000000,4.000000,4.000000,97.000000,97.000000,97.000000,96.000000,96.000000,5.0,-10.4919,-9.8057,-51.2253,-51.9116,PENDING_AG03,FALSE,NOT_FOR_ENFORCEMENT,-59.8658,1057.6285,-61.7173,-59.8658,-1.8515,-0.05106383,-0.04953191,-1.8515,-59.8658,-0.04953191,-1.8515,-1.8515,-1.8515,-2.4687,-2.4687,-59.8658,-0.04953191,-10.4919,-9.8057,-51.2253,-51.9116,-0.04238298,-0.04295078,-0.00153191,5.1651,4.6997,-0.2660,-61.7173,-1.9909,1208.6301,232.0000,,5.1651,5.1431,5.1431,5.1431,5.1431,5.1431,5.1431,5.1431,0.0,1.0,1.0,1.004274,29,29,1,3,0E-8,-0.05106383,,0E-8,0.000000,0.902128,0.000000,,2026-06-05,2026-06-05,1,31,29,1,1.000000,,,0.000000,,,,,,,,GLOBAL_BASELINE_NO_ENTITY_RANKING,,,NOT_APPLICABLE_GLOBAL_BASELINE,HF9g-P5,,,,X 全窗基线 · 不参与实体赏罚,3921457,393,A168_HF9F_20260827_0900,2026-08-27 09:00:00
2026-06-05,151053426,2222,0,30.8586417054,10.2862139018,10.2862139018,0.6666667,6,6,0.49324550000000000,0.493245500000,0.8496642703256836,0.8496642703256835,0.8496642703256836,0E-17,ELIGIBLE,R03b_20260811_FULL_v1,L1_ELIGIBILITY,v2026-08-11,2026-03-21..2026-08-06,baccarat_bet02_101_all_pairs_incl_sentinel,round_win = game_pnl > 0 (decisive only),COMPATIBILITY_ONLY_NOT_PRODUCTION,1208.6301,1090.3387,-61.7173,234,232,0.05106383,,0.05106383,0.05106383,61.7173,1208.6301,OK,0.0000,-1.8515,3.0000,97.0000,AG03-UNRESOLVED,ALL5_LEVELS_bet23_to_bet27,-1.8515,-1.8515,-1.8515,-2.4687,-2.4687,3.000000,3.000000,3.000000,4.000000,4.000000,97.000000,97.000000,97.000000,96.000000,96.000000,5.0,-10.4919,-9.8057,-51.2253,-51.9116,PENDING_AG03,FALSE,NOT_FOR_ENFORCEMENT,-59.8658,1057.6285,-61.7173,-59.8658,-1.8515,-0.05106383,-0.04953191,-1.8515,-59.8658,-0.04953191,-1.8515,-1.8515,-1.8515,-2.4687,-2.4687,-59.8658,-0.04953191,-10.4919,-9.8057,-51.2253,-51.9116,-0.04238298,-0.04295078,-0.00153191,5.1651,4.6997,-0.2660,-61.7173,-1.9909,1208.6301,232.0000,,5.1651,5.1431,5.1431,5.1431,5.1431,5.1431,5.1431,5.1431,0.0,1.0,1.0,1.004274,29,29,1,3,0E-8,-0.05106383,,0E-8,0.000000,0.902128,0.000000,,2026-06-05,2026-06-05,1,31,29,1,1.000000,,,0.000000,,,,,,,,GLOBAL_BASELINE_NO_ENTITY_RANKING,,,NOT_APPLICABLE_GLOBAL_BASELINE,HF9g-P5,,,,X 全窗基线 · 不参与实体赏罚,3921458,393,A168_HF9F_20260827_0900,2026-08-27 09:00:00
2026-06-05,151053426,2235,0,41.1448556072,-5.1431069509,-5.1431069509,0.4285714,8,8,0.49324550000000000,0.493245500000,-0.3422542494892156,-0.3422542494892157,-0.3422542494892156,0E-17,ELIGIBLE,R03b_20260811_FULL_v1,L1_ELIGIBILITY,v2026-08-11,2026-03-21..2026-08-06,baccarat_bet02_101_all_pairs_incl_sentinel,round_win = game_pnl > 0 (decisive only),COMPATIBILITY_ONLY_NOT_PRODUCTION,1208.6301,1090.3387,-61.7173,234,232,0.05106383,,0.05106383,0.05106383,61.7173,1208.6301,OK,0.0000,-1.8515,3.0000,97.0000,AG03-UNRESOLVED,ALL5_LEVELS_bet23_to_bet27,-1.8515,-1.8515,-1.8515,-2.4687,-2.4687,3.000000,3.000000,3.000000,4.000000,4.000000,97.000000,97.000000,97.000000,96.000000,96.000000,5.0,-10.4919,-9.8057,-51.2253,-51.9116,PENDING_AG03,FALSE,NOT_FOR_ENFORCEMENT,-59.8658,1057.6285,-61.7173,-59.8658,-1.8515,-0.05106383,-0.04953191,-1.8515,-59.8658,-0.04953191,-1.8515,-1.8515,-1.8515,-2.4687,-2.4687,-59.8658,-0.04953191,-10.4919,-9.8057,-51.2253,-51.9116,-0.04238298,-0.04295078,-0.00153191,5.1651,4.6997,-0.2660,-61.7173,-1.9909,1208.6301,232.0000,,5.1651,5.1431,5.1431,5.1431,5.1431,5.1431,5.1431,5.1431,0.0,1.0,1.0,1.004274,29,29,1,3,0E-8,-0.05106383,,0E-8,0.000000,0.902128,0.000000,,2026-06-05,2026-06-05,1,31,29,1,1.000000,,,0.000000,,,,,,,,GLOBAL_BASELINE_NO_ENTITY_RANKING,,,NOT_APPLICABLE_GLOBAL_BASELINE,HF9g-P5,,,,X 全窗基线 · 不参与实体赏罚,3921459,393,A168_HF9F_20260827_0900,2026-08-27 09:00:00
2026-06-05,151053426,2242,0,30.8586417054,-5.1431069509,-5.1431069509,0.4000000,6,6,0.49324550000000000,0.493245500000,-0.4170446088060018,-0.4170446088060018,-0.4170446088060018,0E-17,ELIGIBLE,R03b_20260811_FULL_v1,L1_ELIGIBILITY,v2026-08-11,2026-03-21..2026-08-06,baccarat_bet02_101_all_pairs_incl_sentinel,round_win = game_pnl > 0 (decisive only),COMPATIBILITY_ONLY_NOT_PRODUCTION,1208.6301,1090.3387,-61.7173,234,232,0.05106383,,0.05106383,0.05106383,61.7173,1208.6301,OK,0.0000,-1.8515,3.0000,97.0000,AG03-UNRESOLVED,ALL5_LEVELS_bet23_to_bet27,-1.8515,-1.8515,-1.8515,-2.4687,-2.4687,3.000000,3.000000,3.000000,4.000000,4.000000,97.000000,97.000000,97.000000,96.000000,96.000000,5.0,-10.4919,-9.8057,-51.2253,-51.9116,PENDING_AG03,FALSE,NOT_FOR_ENFORCEMENT,-59.8658,1057.6285,-61.7173,-59.8658,-1.8515,-0.05106383,-0.04953191,-1.8515,-59.8658,-0.04953191,-1.8515,-1.8515,-1.8515,-2.4687,-2.4687,-59.8658,-0.04953191,-10.4919,-9.8057,-51.2253,-51.9116,-0.04238298,-0.04295078,-0.00153191,5.1651,4.6997,-0.2660,-61.7173,-1.9909,1208.6301,232.0000,,5.1651,5.1431,5.1431,5.1431,5.1431,5.1431,5.1431,5.1431,0.0,1.0,1.0,1.004274,29,29,1,3,0E-8,-0.05106383,,0E-8,0.000000,0.902128,0.000000,,2026-06-05,2026-06-05,1,31,29,1,1.000000,,,0.000000,,,,,,,,GLOBAL_BASELINE_NO_ENTITY_RANKING,,,NOT_APPLICABLE_GLOBAL_BASELINE,HF9g-P5,,,,X 全窗基线 · 不参与实体赏罚,3921460,393,A168_HF9F_20260827_0900,2026-08-27 09:00:00
2026-06-05,151053426,2244,0,25.7155347545,-5.1431069509,-5.1431069509,0.4000000,5,5,0.49324550000000000,0.493245500000,-0.4170446088060018,-0.4170446088060018,-0.4170446088060018,0E-17,ELIGIBLE,R03b_20260811_FULL_v1,L1_ELIGIBILITY,v2026-08-11,2026-03-21..2026-08-06,baccarat_bet02_101_all_pairs_incl_sentinel,round_win = game_pnl > 0 (decisive only),COMPATIBILITY_ONLY_NOT_PRODUCTION,1208.6301,1090.3387,-61.7173,234,232,0.05106383,,0.05106383,0.05106383,61.7173,1208.6301,OK,0.0000,-1.8515,3.0000,97.0000,AG03-UNRESOLVED,ALL5_LEVELS_bet23_to_bet27,-1.8515,-1.8515,-1.8515,-2.4687,-2.4687,3.000000,3.000000,3.000000,4.000000,4.000000,97.000000,97.000000,97.000000,96.000000,96.000000,5.0,-10.4919,-9.8057,-51.2253,-51.9116,PENDING_AG03,FALSE,NOT_FOR_ENFORCEMENT,-59.8658,1057.6285,-61.7173,-59.8658,-1.8515,-0.05106383,-0.04953191,-1.8515,-59.8658,-0.04953191,-1.8515,-1.8515,-1.8515,-2.4687,-2.4687,-59.8658,-0.04953191,-10.4919,-9.8057,-51.2253,-51.9116,-0.04238298,-0.04295078,-0.00153191,5.1651,4.6997,-0.2660,-61.7173,-1.9909,1208.6301,232.0000,,5.1651,5.1431,5.1431,5.1431,5.1431,5.1431,5.1431,5.1431,0.0,1.0,1.0,1.004274,29,29,1,3,0E-8,-0.05106383,,0E-8,0.000000,0.902128,0.000000,,2026-06-05,2026-06-05,1,31,29,1,1.000000,,,0.000000,,,,,,,,GLOBAL_BASELINE_NO_ENTITY_RANKING,,,NOT_APPLICABLE_GLOBAL_BASELINE,HF9g-P5,,,,X 全窗基线 · 不参与实体赏罚,3921461,393,A168_HF9F_20260827_0900,2026-08-27 09:00:00
2026-06-05,151053426,2248,0,36.0017486563,-10.2862139018,-10.2862139018,0.3333333,7,7,0.49324550000000000,0.493245500000,-0.783477916903833,-0.7834779169038328,-0.783477916903833,0E-17,ELIGIBLE,R03b_20260811_FULL_v1,L1_ELIGIBILITY,v2026-08-11,2026-03-21..2026-08-06,baccarat_bet02_101_all_pairs_incl_sentinel,round_win = game_pnl > 0 (decisive only),COMPATIBILITY_ONLY_NOT_PRODUCTION,1208.6301,1090.3387,-61.7173,234,232,0.05106383,,0.05106383,0.05106383,61.7173,1208.6301,OK,0.0000,-1.8515,3.0000,97.0000,AG03-UNRESOLVED,ALL5_LEVELS_bet23_to_bet27,-1.8515,-1.8515,-1.8515,-2.4687,-2.4687,3.000000,3.000000,3.000000,4.000000,4.000000,97.000000,97.000000,97.000000,96.000000,96.000000,5.0,-10.4919,-9.8057,-51.2253,-51.9116,PENDING_AG03,FALSE,NOT_FOR_ENFORCEMENT,-59.8658,1057.6285,-61.7173,-59.8658,-1.8515,-0.05106383,-0.04953191,-1.8515,-59.8658,-0.04953191,-1.8515,-1.8515,-1.8515,-2.4687,-2.4687,-59.8658,-0.04953191,-10.4919,-9.8057,-51.2253,-51.9116,-0.04238298,-0.04295078,-0.00153191,5.1651,4.6997,-0.2660,-61.7173,-1.9909,1208.6301,232.0000,,5.1651,5.1431,5.1431,5.1431,5.1431,5.1431,5.1431,5.1431,0.0,1.0,1.0,1.004274,29,29,1,3,0E-8,-0.05106383,,0E-8,0.000000,0.902128,0.000000,,2026-06-05,2026-06-05,1,31,29,1,1.000000,,,0.000000,,,,,,,,GLOBAL_BASELINE_NO_ENTITY_RANKING,,,NOT_APPLICABLE_GLOBAL_BASELINE,HF9g-P5,,,,X 全窗基线 · 不参与实体赏罚,3921462,393,A168_HF9F_20260827_0900,2026-08-27 09:00:00
2026-06-05,151053426,2276,0,15.4293208527,10.2862139018,10.2862139018,1.0000000,3,3,0.49324550000000000,0.493245500000,1.4334489766152358,1.4334489766152358,1.4334489766152358,0E-17,ELIGIBLE,R03b_20260811_FULL_v1,L1_ELIGIBILITY,v2026-08-11,2026-03-21..2026-08-06,baccarat_bet02_101_all_pairs_incl_sentinel,round_win = game_pnl > 0 (decisive only),COMPATIBILITY_ONLY_NOT_PRODUCTION,1208.6301,1090.3387,-61.7173,234,232,0.05106383,,0.05106383,0.05106383,61.7173,1208.6301,OK,0.0000,-1.8515,3.0000,97.0000,AG03-UNRESOLVED,ALL5_LEVELS_bet23_to_bet27,-1.8515,-1.8515,-1.8515,-2.4687,-2.4687,3.000000,3.000000,3.000000,4.000000,4.000000,97.000000,97.000000,97.000000,96.000000,96.000000,5.0,-10.4919,-9.8057,-51.2253,-51.9116,PENDING_AG03,FALSE,NOT_FOR_ENFORCEMENT,-59.8658,1057.6285,-61.7173,-59.8658,-1.8515,-0.05106383,-0.04953191,-1.8515,-59.8658,-0.04953191,-1.8515,-1.8515,-1.8515,-2.4687,-2.4687,-59.8658,-0.04953191,-10.4919,-9.8057,-51.2253,-51.9116,-0.04238298,-0.04295078,-0.00153191,5.1651,4.6997,-0.2660,-61.7173,-1.9909,1208.6301,232.0000,,5.1651,5.1431,5.1431,5.1431,5.1431,5.1431,5.1431,5.1431,0.0,1.0,1.0,1.004274,29,29,1,3,0E-8,-0.05106383,,0E-8,0.000000,0.902128,0.000000,,2026-06-05,2026-06-05,1,31,29,1,1.000000,,,0.000000,,,,,,,,GLOBAL_BASELINE_NO_ENTITY_RANKING,,,NOT_APPLICABLE_GLOBAL_BASELINE,HF9g-P5,,,,X 全窗基线 · 不参与实体赏罚,3921463,393,A168_HF9F_20260827_0900,2026-08-27 09:00:00
2026-06-05,151053426,471,0,5.1431069509,5.1431069509,5.1431069509,1.0000000,1,1,0.49324550000000000,0.493245500000,1.01360149184955,1.01360149184955,1.01360149184955,0E-17,ELIGIBLE,R03b_20260811_FULL_v1,L1_ELIGIBILITY,v2026-08-11,2026-03-21..2026-08-06,baccarat_bet02_101_all_pairs_incl_sentinel,round_win = game_pnl > 0 (decisive only),COMPATIBILITY_ONLY_NOT_PRODUCTION,1208.6301,1090.3387,-61.7173,234,232,0.05106383,,0.05106383,0.05106383,61.7173,1208.6301,OK,0.0000,-1.8515,3.0000,97.0000,AG03-UNRESOLVED,ALL5_LEVELS_bet23_to_bet27,-1.8515,-1.8515,-1.8515,-2.4687,-2.4687,3.000000,3.000000,3.000000,4.000000,4.000000,97.000000,97.000000,97.000000,96.000000,96.000000,5.0,-10.4919,-9.8057,-51.2253,-51.9116,PENDING_AG03,FALSE,NOT_FOR_ENFORCEMENT,-59.8658,1057.6285,-61.7173,-59.8658,-1.8515,-0.05106383,-0.04953191,-1.8515,-59.8658,-0.04953191,-1.8515,-1.8515,-1.8515,-2.4687,-2.4687,-59.8658,-0.04953191,-10.4919,-9.8057,-51.2253,-51.9116,-0.04238298,-0.04295078,-0.00153191,5.1651,4.6997,-0.2660,-61.7173,-1.9909,1208.6301,232.0000,,5.1651,5.1431,5.1431,5.1431,5.1431,5.1431,5.1431,5.1431,0.0,1.0,1.0,1.004274,29,29,1,3,0E-8,-0.05106383,,0E-8,0.000000,0.902128,0.000000,,2026-06-05,2026-06-05,1,31,29,1,1.000000,,,0.000000,,,,,,,,GLOBAL_BASELINE_NO_ENTITY_RANKING,,,NOT_APPLICABLE_GLOBAL_BASELINE,HF9g-P5,,,,X 全窗基线 · 不参与实体赏罚,3921464,393,A168_HF9F_20260827_0900,2026-08-27 09:00:00
2026-06-05,151053426,526,0,51.4310695090,-15.4293208527,-15.4293208527,0.3333333,10,10,0.49324550000000000,0.493245500000,-0.959560560576535,-0.959560560576535,-0.959560560576535,0E-17,ELIGIBLE,R03b_20260811_FULL_v1,L1_ELIGIBILITY,v2026-08-11,2026-03-21..2026-08-06,baccarat_bet02_101_all_pairs_incl_sentinel,round_win = game_pnl > 0 (decisive only),COMPATIBILITY_ONLY_NOT_PRODUCTION,1208.6301,1090.3387,-61.7173,234,232,0.05106383,,0.05106383,0.05106383,61.7173,1208.6301,OK,0.0000,-1.8515,3.0000,97.0000,AG03-UNRESOLVED,ALL5_LEVELS_bet23_to_bet27,-1.8515,-1.8515,-1.8515,-2.4687,-2.4687,3.000000,3.000000,3.000000,4.000000,4.000000,97.000000,97.000000,97.000000,96.000000,96.000000,5.0,-10.4919,-9.8057,-51.2253,-51.9116,PENDING_AG03,FALSE,NOT_FOR_ENFORCEMENT,-59.8658,1057.6285,-61.7173,-59.8658,-1.8515,-0.05106383,-0.04953191,-1.8515,-59.8658,-0.04953191,-1.8515,-1.8515,-1.8515,-2.4687,-2.4687,-59.8658,-0.04953191,-10.4919,-9.8057,-51.2253,-51.9116,-0.04238298,-0.04295078,-0.00153191,5.1651,4.6997,-0.2660,-61.7173,-1.9909,1208.6301,232.0000,,5.1651,5.1431,5.1431,5.1431,5.1431,5.1431,5.1431,5.1431,0.0,1.0,1.0,1.004274,29,29,1,3,0E-8,-0.05106383,,0E-8,0.000000,0.902128,0.000000,,2026-06-05,2026-06-05,1,31,29,1,1.000000,,,0.000000,,,,,,,,GLOBAL_BASELINE_NO_ENTITY_RANKING,,,NOT_APPLICABLE_GLOBAL_BASELINE,HF9g-P5,,,,X 全窗基线 · 不参与实体赏罚,3921465,393,A168_HF9F_20260827_0900,2026-08-27 09:00:00
2026-06-05,151053426,583,0,46.2879625581,5.1431069509,5.1431069509,0.5714286,9,8,0.46708555000000000,0.467085550000,0.5533315889184767,0.5533315889184767,0.5533315889184767,0E-17,ELIGIBLE,R03b_20260811_FULL_v1,L1_ELIGIBILITY,v2026-08-11,2026-03-21..2026-08-06,baccarat_bet02_101_all_pairs_incl_sentinel,round_win = game_pnl > 0 (decisive only),COMPATIBILITY_ONLY_NOT_PRODUCTION,1208.6301,1090.3387,-61.7173,234,232,0.05106383,,0.05106383,0.05106383,61.7173,1208.6301,OK,0.0000,-1.8515,3.0000,97.0000,AG03-UNRESOLVED,ALL5_LEVELS_bet23_to_bet27,-1.8515,-1.8515,-1.8515,-2.4687,-2.4687,3.000000,3.000000,3.000000,4.000000,4.000000,97.000000,97.000000,97.000000,96.000000,96.000000,5.0,-10.4919,-9.8057,-51.2253,-51.9116,PENDING_AG03,FALSE,NOT_FOR_ENFORCEMENT,-59.8658,1057.6285,-61.7173,-59.8658,-1.8515,-0.05106383,-0.04953191,-1.8515,-59.8658,-0.04953191,-1.8515,-1.8515,-1.8515,-2.4687,-2.4687,-59.8658,-0.04953191,-10.4919,-9.8057,-51.2253,-51.9116,-0.04238298,-0.04295078,-0.00153191,5.1651,4.6997,-0.2660,-61.7173,-1.9909,1208.6301,232.0000,,5.1651,5.1431,5.1431,5.1431,5.1431,5.1431,5.1431,5.1431,0.0,1.0,1.0,1.004274,29,29,1,3,0E-8,-0.05106383,,0E-8,0.000000,0.902128,0.000000,,2026-06-05,2026-06-05,1,31,29,1,1.000000,,,0.000000,,,,,,,,GLOBAL_BASELINE_NO_ENTITY_RANKING,,,NOT_APPLICABLE_GLOBAL_BASELINE,HF9g-P5,,,,X 全窗基线 · 不参与实体赏罚,3921466,393,A168_HF9F_20260827_0900,2026-08-27 09:00:00
2026-06-12,151361680,-1,1,452.5934116792,51.4310695090,51.4310695090,0.5641026,88,88,0.49324550000000000,0.493245500000,1.2516995101491226,1.2516995101491226,1.2516995101491226,0E-17,SENTINEL_DEALER,R03b_20260811_FULL_v1,L1_ELIGIBILITY,v2026-08-11,2026-03-21..2026-08-06,baccarat_bet02_101_all_pairs_incl_sentinel,round_win = game_pnl > 0 (decisive only),COMPATIBILITY_ONLY_NOT_PRODUCTION,1265.2043,1090.3387,-61.7173,246,244,0.04878049,,0.04878049,0.04878049,61.7173,1265.2043,OK,0.0000,-1.8515,3.0000,97.0000,AG03-UNRESOLVED,ALL5_LEVELS_bet23_to_bet27,-1.8515,-1.8515,-1.8515,-2.4687,-2.4687,3.000000,3.000000,3.000000,4.000000,4.000000,97.000000,97.000000,97.000000,96.000000,96.000000,5.0,-10.4919,-9.8057,-51.2253,-51.9116,PENDING_AG03,FALSE,NOT_FOR_ENFORCEMENT,-59.8658,1057.6285,-61.7173,-59.8658,-1.8515,-0.04878049,-0.04731707,-1.8515,-59.8658,-0.04731707,-1.8515,-1.8515,-1.8515,-2.4687,-2.4687,-59.8658,-0.04731707,-10.4919,-9.8057,-51.2253,-51.9116,-0.04048780,-0.04103022,-0.00146341,5.1431,4.4686,-0.2529,-61.7173,-1.9287,1265.2043,244.0000,,5.1431,5.1431,5.1431,5.1431,5.1431,5.1431,5.1431,5.1431,0.0,1.0,1.0,1.0,29,19,1,3,0E-8,-0.04878049,,0E-8,0.000000,0.861789,0.000000,,2026-06-12,2026-06-12,1,32,29,1,1.000000,,,0.000000,,,,,,,,GLOBAL_BASELINE_NO_ENTITY_RANKING,,,NOT_APPLICABLE_GLOBAL_BASELINE,HF9g-P5,,,,X 全窗基线 · 不参与实体赏罚,3921467,393,A168_HF9F_20260827_0900,2026-08-27 09:00:00
2026-06-12,151361680,1017,0,51.4310695090,0E-10,0E-10,0.5000000,10,10,0.49324550000000000,0.493245500000,0.04272310742483761,0.04272310742483761,0.04272310742483761,0E-17,ELIGIBLE,R03b_20260811_FULL_v1,L1_ELIGIBILITY,v2026-08-11,2026-03-21..2026-08-06,baccarat_bet02_101_all_pairs_incl_sentinel,round_win = game_pnl > 0 (decisive only),COMPATIBILITY_ONLY_NOT_PRODUCTION,1265.2043,1090.3387,-61.7173,246,244,0.04878049,,0.04878049,0.04878049,61.7173,1265.2043,OK,0.0000,-1.8515,3.0000,97.0000,AG03-UNRESOLVED,ALL5_LEVELS_bet23_to_bet27,-1.8515,-1.8515,-1.8515,-2.4687,-2.4687,3.000000,3.000000,3.000000,4.000000,4.000000,97.000000,97.000000,97.000000,96.000000,96.000000,5.0,-10.4919,-9.8057,-51.2253,-51.9116,PENDING_AG03,FALSE,NOT_FOR_ENFORCEMENT,-59.8658,1057.6285,-61.7173,-59.8658,-1.8515,-0.04878049,-0.04731707,-1.8515,-59.8658,-0.04731707,-1.8515,-1.8515,-1.8515,-2.4687,-2.4687,-59.8658,-0.04731707,-10.4919,-9.8057,-51.2253,-51.9116,-0.04048780,-0.04103022,-0.00146341,5.1431,4.4686,-0.2529,-61.7173,-1.9287,1265.2043,244.0000,,5.1431,5.1431,5.1431,5.1431,5.1431,5.1431,5.1431,5.1431,0.0,1.0,1.0,1.0,29,19,1,3,0E-8,-0.04878049,,0E-8,0.000000,0.861789,0.000000,,2026-06-12,2026-06-12,1,32,29,1,1.000000,,,0.000000,,,,,,,,GLOBAL_BASELINE_NO_ENTITY_RANKING,,,NOT_APPLICABLE_GLOBAL_BASELINE,HF9g-P5,,,,X 全窗基线 · 不参与实体赏罚,3921468,393,A168_HF9F_20260827_0900,2026-08-27 09:00:00
2026-06-12,151361680,1115,0,46.2879625581,0E-10,0E-10,0.5000000,9,9,0.49324550000000000,0.493245500000,0.03821270896478516,0.03821270896478516,0.03821270896478516,0E-17,ELIGIBLE,R03b_20260811_FULL_v1,L1_ELIGIBILITY,v2026-08-11,2026-03-21..2026-08-06,baccarat_bet02_101_all_pairs_incl_sentinel,round_win = game_pnl > 0 (decisive only),COMPATIBILITY_ONLY_NOT_PRODUCTION,1265.2043,1090.3387,-61.7173,246,244,0.04878049,,0.04878049,0.04878049,61.7173,1265.2043,OK,0.0000,-1.8515,3.0000,97.0000,AG03-UNRESOLVED,ALL5_LEVELS_bet23_to_bet27,-1.8515,-1.8515,-1.8515,-2.4687,-2.4687,3.000000,3.000000,3.000000,4.000000,4.000000,97.000000,97.000000,97.000000,96.000000,96.000000,5.0,-10.4919,-9.8057,-51.2253,-51.9116,PENDING_AG03,FALSE,NOT_FOR_ENFORCEMENT,-59.8658,1057.6285,-61.7173,-59.8658,-1.8515,-0.04878049,-0.04731707,-1.8515,-59.8658,-0.04731707,-1.8515,-1.8515,-1.8515,-2.4687,-2.4687,-59.8658,-0.04731707,-10.4919,-9.8057,-51.2253,-51.9116,-0.04048780,-0.04103022,-0.00146341,5.1431,4.4686,-0.2529,-61.7173,-1.9287,1265.2043,244.0000,,5.1431,5.1431,5.1431,5.1431,5.1431,5.1431,5.1431,5.1431,0.0,1.0,1.0,1.0,29,19,1,3,0E-8,-0.04878049,,0E-8,0.000000,0.861789,0.000000,,2026-06-12,2026-06-12,1,32,29,1,1.000000,,,0.000000,,,,,,,,GLOBAL_BASELINE_NO_ENTITY_RANKING,,,NOT_APPLICABLE_GLOBAL_BASELINE,HF9g-P5,,,,X 全窗基线 · 不参与实体赏罚,3921469,393,A168_HF9F_20260827_0900,2026-08-27 09:00:00
2026-06-12,151361680,1215,0,41.1448556072,15.4293208527,15.4293208527,0.8000000,8,7,0.46477102142857143,0.464771021429,1.5029247120124698,1.5029247120104574,1.5029247120124698,-4.2857E-13,ELIGIBLE,R03b_20260811_FULL_v1,L1_ELIGIBILITY,v2026-08-11,2026-03-21..2026-08-06,baccarat_bet02_101_all_pairs_incl_sentinel,round_win = game_pnl > 0 (decisive only),COMPATIBILITY_ONLY_NOT_PRODUCTION,1265.2043,1090.3387,-61.7173,246,244,0.04878049,,0.04878049,0.04878049,61.7173,1265.2043,OK,0.0000,-1.8515,3.0000,97.0000,AG03-UNRESOLVED,ALL5_LEVELS_bet23_to_bet27,-1.8515,-1.8515,-1.8515,-2.4687,-2.4687,3.000000,3.000000,3.000000,4.000000,4.000000,97.000000,97.000000,97.000000,96.000000,96.000000,5.0,-10.4919,-9.8057,-51.2253,-51.9116,PENDING_AG03,FALSE,NOT_FOR_ENFORCEMENT,-59.8658,1057.6285,-61.7173,-59.8658,-1.8515,-0.04878049,-0.04731707,-1.8515,-59.8658,-0.04731707,-1.8515,-1.8515,-1.8515,-2.4687,-2.4687,-59.8658,-0.04731707,-10.4919,-9.8057,-51.2253,-51.9116,-0.04048780,-0.04103022,-0.00146341,5.1431,4.4686,-0.2529,-61.7173,-1.9287,1265.2043,244.0000,,5.1431,5.1431,5.1431,5.1431,5.1431,5.1431,5.1431,5.1431,0.0,1.0,1.0,1.0,29,19,1,3,0E-8,-0.04878049,,0E-8,0.000000,0.861789,0.000000,,2026-06-12,2026-06-12,1,32,29,1,1.000000,,,0.000000,,,,,,,,GLOBAL_BASELINE_NO_ENTITY_RANKING,,,NOT_APPLICABLE_GLOBAL_BASELINE,HF9g-P5,,,,X 全窗基线 · 不参与实体赏罚,3921470,393,A168_HF9F_20260827_0900,2026-08-27 09:00:00
2026-06-12,151361680,1323,0,56.5741764599,-20.5724278036,-20.5724278036,0.3000000,11,11,0.49324550000000000,0.493245500000,-1.222303391200897,-1.222303391200897,-1.222303391200897,0E-17,ELIGIBLE,R03b_20260811_FULL_v1,L1_ELIGIBILITY,v2026-08-11,2026-03-21..2026-08-06,baccarat_bet02_101_all_pairs_incl_sentinel,round_win = game_pnl > 0 (decisive only),COMPATIBILITY_ONLY_NOT_PRODUCTION,1265.2043,1090.3387,-61.7173,246,244,0.04878049,,0.04878049,0.04878049,61.7173,1265.2043,OK,0.0000,-1.8515,3.0000,97.0000,AG03-UNRESOLVED,ALL5_LEVELS_bet23_to_bet27,-1.8515,-1.8515,-1.8515,-2.4687,-2.4687,3.000000,3.000000,3.000000,4.000000,4.000000,97.000000,97.000000,97.000000,96.000000,96.000000,5.0,-10.4919,-9.8057,-51.2253,-51.9116,PENDING_AG03,FALSE,NOT_FOR_ENFORCEMENT,-59.8658,1057.6285,-61.7173,-59.8658,-1.8515,-0.04878049,-0.04731707,-1.8515,-59.8658,-0.04731707,-1.8515,-1.8515,-1.8515,-2.4687,-2.4687,-59.8658,-0.04731707,-10.4919,-9.8057,-51.2253,-51.9116,-0.04048780,-0.04103022,-0.00146341,5.1431,4.4686,-0.2529,-61.7173,-1.9287,1265.2043,244.0000,,5.1431,5.1431,5.1431,5.1431,5.1431,5.1431,5.1431,5.1431,0.0,1.0,1.0,1.0,29,19,1,3,0E-8,-0.04878049,,0E-8,0.000000,0.861789,0.000000,,2026-06-12,2026-06-12,1,32,29,1,1.000000,,,0.000000,,,,,,,,GLOBAL_BASELINE_NO_ENTITY_RANKING,,,NOT_APPLICABLE_GLOBAL_BASELINE,HF9g-P5,,,,X 全窗基线 · 不参与实体赏罚,3921471,393,A168_HF9F_20260827_0900,2026-08-27 09:00:00
2026-06-12,151361680,1325,0,51.4310695090,20.5724278036,20.5724278036,0.7500000,10,10,0.49324550000000000,0.493245500000,1.4525553310976282,1.4525553310976282,1.4525553310976282,0E-17,ELIGIBLE,R03b_20260811_FULL_v1,L1_ELIGIBILITY,v2026-08-11,2026-03-21..2026-08-06,baccarat_bet02_101_all_pairs_incl_sentinel,round_win = game_pnl > 0 (decisive only),COMPATIBILITY_ONLY_NOT_PRODUCTION,1265.2043,1090.3387,-61.7173,246,244,0.04878049,,0.04878049,0.04878049,61.7173,1265.2043,OK,0.0000,-1.8515,3.0000,97.0000,AG03-UNRESOLVED,ALL5_LEVELS_bet23_to_bet27,-1.8515,-1.8515,-1.8515,-2.4687,-2.4687,3.000000,3.000000,3.000000,4.000000,4.000000,97.000000,97.000000,97.000000,96.000000,96.000000,5.0,-10.4919,-9.8057,-51.2253,-51.9116,PENDING_AG03,FALSE,NOT_FOR_ENFORCEMENT,-59.8658,1057.6285,-61.7173,-59.8658,-1.8515,-0.04878049,-0.04731707,-1.8515,-59.8658,-0.04731707,-1.8515,-1.8515,-1.8515,-2.4687,-2.4687,-59.8658,-0.04731707,-10.4919,-9.8057,-51.2253,-51.9116,-0.04048780,-0.04103022,-0.00146341,5.1431,4.4686,-0.2529,-61.7173,-1.9287,1265.2043,244.0000,,5.1431,5.1431,5.1431,5.1431,5.1431,5.1431,5.1431,5.1431,0.0,1.0,1.0,1.0,29,19,1,3,0E-8,-0.04878049,,0E-8,0.000000,0.861789,0.000000,,2026-06-12,2026-06-12,1,32,29,1,1.000000,,,0.000000,,,,,,,,GLOBAL_BASELINE_NO_ENTITY_RANKING,,,NOT_APPLICABLE_GLOBAL_BASELINE,HF9g-P5,,,,X 全窗基线 · 不参与实体赏罚,3921472,393,A168_HF9F_20260827_0900,2026-08-27 09:00:00
2026-06-12,151361680,1396,0,51.4310695090,15.4293208527,15.4293208527,0.6666667,10,9,0.46999221111111111,0.469992211111,1.182177678818621,1.1821776788193046,1.182177678818621,1.1111E-13,ELIGIBLE,R03b_20260811_FULL_v1,L1_ELIGIBILITY,v2026-08-11,2026-03-21..2026-08-06,baccarat_bet02_101_all_pairs_incl_sentinel,round_win = game_pnl > 0 (decisive only),COMPATIBILITY_ONLY_NOT_PRODUCTION,1265.2043,1090.3387,-61.7173,246,244,0.04878049,,0.04878049,0.04878049,61.7173,1265.2043,OK,0.0000,-1.8515,3.0000,97.0000,AG03-UNRESOLVED,ALL5_LEVELS_bet23_to_bet27,-1.8515,-1.8515,-1.8515,-2.4687,-2.4687,3.000000,3.000000,3.000000,4.000000,4.000000,97.000000,97.000000,97.000000,96.000000,96.000000,5.0,-10.4919,-9.8057,-51.2253,-51.9116,PENDING_AG03,FALSE,NOT_FOR_ENFORCEMENT,-59.8658,1057.6285,-61.7173,-59.8658,-1.8515,-0.04878049,-0.04731707,-1.8515,-59.8658,-0.04731707,-1.8515,-1.8515,-1.8515,-2.4687,-2.4687,-59.8658,-0.04731707,-10.4919,-9.8057,-51.2253,-51.9116,-0.04048780,-0.04103022,-0.00146341,5.1431,4.4686,-0.2529,-61.7173,-1.9287,1265.2043,244.0000,,5.1431,5.1431,5.1431,5.1431,5.1431,5.1431,5.1431,5.1431,0.0,1.0,1.0,1.0,29,19,1,3,0E-8,-0.04878049,,0E-8,0.000000,0.861789,0.000000,,2026-06-12,2026-06-12,1,32,29,1,1.000000,,,0.000000,,,,,,,,GLOBAL_BASELINE_NO_ENTITY_RANKING,,,NOT_APPLICABLE_GLOBAL_BASELINE,HF9g-P5,,,,X 全窗基线 · 不参与实体赏罚,3921473,393,A168_HF9F_20260827_0900,2026-08-27 09:00:00
2026-06-12,151361680,1405,0,61.7172834108,-15.4293208527,-15.4293208527,0.3333333,12,12,0.49324550000000000,0.493245500000,-0.959560560576535,-0.959560560576535,-0.959560560576535,0E-17,ELIGIBLE,R03b_20260811_FULL_v1,L1_ELIGIBILITY,v2026-08-11,2026-03-21..2026-08-06,baccarat_bet02_101_all_pairs_incl_sentinel,round_win = game_pnl > 0 (decisive only),COMPATIBILITY_ONLY_NOT_PRODUCTION,1265.2043,1090.3387,-61.7173,246,244,0.04878049,,0.04878049,0.04878049,61.7173,1265.2043,OK,0.0000,-1.8515,3.0000,97.0000,AG03-UNRESOLVED,ALL5_LEVELS_bet23_to_bet27,-1.8515,-1.8515,-1.8515,-2.4687,-2.4687,3.000000,3.000000,3.000000,4.000000,4.000000,97.000000,97.000000,97.000000,96.000000,96.000000,5.0,-10.4919,-9.8057,-51.2253,-51.9116,PENDING_AG03,FALSE,NOT_FOR_ENFORCEMENT,-59.8658,1057.6285,-61.7173,-59.8658,-1.8515,-0.04878049,-0.04731707,-1.8515,-59.8658,-0.04731707,-1.8515,-1.8515,-1.8515,-2.4687,-2.4687,-59.8658,-0.04731707,-10.4919,-9.8057,-51.2253,-51.9116,-0.04048780,-0.04103022,-0.00146341,5.1431,4.4686,-0.2529,-61.7173,-1.9287,1265.2043,244.0000,,5.1431,5.1431,5.1431,5.1431,5.1431,5.1431,5.1431,5.1431,0.0,1.0,1.0,1.0,29,19,1,3,0E-8,-0.04878049,,0E-8,0.000000,0.861789,0.000000,,2026-06-12,2026-06-12,1,32,29,1,1.000000,,,0.000000,,,,,,,,GLOBAL_BASELINE_NO_ENTITY_RANKING,,,NOT_APPLICABLE_GLOBAL_BASELINE,HF9g-P5,,,,X 全窗基线 · 不参与实体赏罚,3921474,393,A168_HF9F_20260827_0900,2026-08-27 09:00:00
2026-06-12,151361680,1490,0,51.4310695090,-5.1431069509,-5.1431069509,0.4285714,10,10,0.49324550000000000,0.493245500000,-0.3422542494892156,-0.3422542494892157,-0.3422542494892156,0E-17,ELIGIBLE,R03b_20260811_FULL_v1,L1_ELIGIBILITY,v2026-08-11,2026-03-21..2026-08-06,baccarat_bet02_101_all_pairs_incl_sentinel,round_win = game_pnl > 0 (decisive only),COMPATIBILITY_ONLY_NOT_PRODUCTION,1265.2043,1090.3387,-61.7173,246,244,0.04878049,,0.04878049,0.04878049,61.7173,1265.2043,OK,0.0000,-1.8515,3.0000,97.0000,AG03-UNRESOLVED,ALL5_LEVELS_bet23_to_bet27,-1.8515,-1.8515,-1.8515,-2.4687,-2.4687,3.000000,3.000000,3.000000,4.000000,4.000000,97.000000,97.000000,97.000000,96.000000,96.000000,5.0,-10.4919,-9.8057,-51.2253,-51.9116,PENDING_AG03,FALSE,NOT_FOR_ENFORCEMENT,-59.8658,1057.6285,-61.7173,-59.8658,-1.8515,-0.04878049,-0.04731707,-1.8515,-59.8658,-0.04731707,-1.8515,-1.8515,-1.8515,-2.4687,-2.4687,-59.8658,-0.04731707,-10.4919,-9.8057,-51.2253,-51.9116,-0.04048780,-0.04103022,-0.00146341,5.1431,4.4686,-0.2529,-61.7173,-1.9287,1265.2043,244.0000,,5.1431,5.1431,5.1431,5.1431,5.1431,5.1431,5.1431,5.1431,0.0,1.0,1.0,1.0,29,19,1,3,0E-8,-0.04878049,,0E-8,0.000000,0.861789,0.000000,,2026-06-12,2026-06-12,1,32,29,1,1.000000,,,0.000000,,,,,,,,GLOBAL_BASELINE_NO_ENTITY_RANKING,,,NOT_APPLICABLE_GLOBAL_BASELINE,HF9g-P5,,,,X 全窗基线 · 不参与实体赏罚,3921475,393,A168_HF9F_20260827_0900,2026-08-27 09:00:00
2026-06-12,151361680,1710,0,51.4310695090,-10.2862139018,-10.2862139018,0.4000000,10,10,0.49324550000000000,0.493245500000,-0.5897901418880297,-0.5897901418880297,-0.5897901418880297,0E-17,ELIGIBLE,R03b_20260811_FULL_v1,L1_ELIGIBILITY,v2026-08-11,2026-03-21..2026-08-06,baccarat_bet02_101_all_pairs_incl_sentinel,round_win = game_pnl > 0 (decisive only),COMPATIBILITY_ONLY_NOT_PRODUCTION,1265.2043,1090.3387,-61.7173,246,244,0.04878049,,0.04878049,0.04878049,61.7173,1265.2043,OK,0.0000,-1.8515,3.0000,97.0000,AG03-UNRESOLVED,ALL5_LEVELS_bet23_to_bet27,-1.8515,-1.8515,-1.8515,-2.4687,-2.4687,3.000000,3.000000,3.000000,4.000000,4.000000,97.000000,97.000000,97.000000,96.000000,96.000000,5.0,-10.4919,-9.8057,-51.2253,-51.9116,PENDING_AG03,FALSE,NOT_FOR_ENFORCEMENT,-59.8658,1057.6285,-61.7173,-59.8658,-1.8515,-0.04878049,-0.04731707,-1.8515,-59.8658,-0.04731707,-1.8515,-1.8515,-1.8515,-2.4687,-2.4687,-59.8658,-0.04731707,-10.4919,-9.8057,-51.2253,-51.9116,-0.04048780,-0.04103022,-0.00146341,5.1431,4.4686,-0.2529,-61.7173,-1.9287,1265.2043,244.0000,,5.1431,5.1431,5.1431,5.1431,5.1431,5.1431,5.1431,5.1431,0.0,1.0,1.0,1.0,29,19,1,3,0E-8,-0.04878049,,0E-8,0.000000,0.861789,0.000000,,2026-06-12,2026-06-12,1,32,29,1,1.000000,,,0.000000,,,,,,,,GLOBAL_BASELINE_NO_ENTITY_RANKING,,,NOT_APPLICABLE_GLOBAL_BASELINE,HF9g-P5,,,,X 全窗基线 · 不参与实体赏罚,3921476,393,A168_HF9F_20260827_0900,2026-08-27 09:00:00
2026-06-12,151361680,1951,0,51.4310695090,36.0017486563,36.0017486563,0.8888889,10,10,0.49324550000000000,0.493245500000,2.374076969527786,2.374076969527786,2.374076969527786,0E-17,ELIGIBLE,R03b_20260811_FULL_v1,L1_ELIGIBILITY,v2026-08-11,2026-03-21..2026-08-06,baccarat_bet02_101_all_pairs_incl_sentinel,round_win = game_pnl > 0 (decisive only),COMPATIBILITY_ONLY_NOT_PRODUCTION,1265.2043,1090.3387,-61.7173,246,244,0.04878049,,0.04878049,0.04878049,61.7173,1265.2043,OK,0.0000,-1.8515,3.0000,97.0000,AG03-UNRESOLVED,ALL5_LEVELS_bet23_to_bet27,-1.8515,-1.8515,-1.8515,-2.4687,-2.4687,3.000000,3.000000,3.000000,4.000000,4.000000,97.000000,97.000000,97.000000,96.000000,96.000000,5.0,-10.4919,-9.8057,-51.2253,-51.9116,PENDING_AG03,FALSE,NOT_FOR_ENFORCEMENT,-59.8658,1057.6285,-61.7173,-59.8658,-1.8515,-0.04878049,-0.04731707,-1.8515,-59.8658,-0.04731707,-1.8515,-1.8515,-1.8515,-2.4687,-2.4687,-59.8658,-0.04731707,-10.4919,-9.8057,-51.2253,-51.9116,-0.04048780,-0.04103022,-0.00146341,5.1431,4.4686,-0.2529,-61.7173,-1.9287,1265.2043,244.0000,,5.1431,5.1431,5.1431,5.1431,5.1431,5.1431,5.1431,5.1431,0.0,1.0,1.0,1.0,29,19,1,3,0E-8,-0.04878049,,0E-8,0.000000,0.861789,0.000000,,2026-06-12,2026-06-12,1,32,29,1,1.000000,,,0.000000,,,,,,,,GLOBAL_BASELINE_NO_ENTITY_RANKING,,,NOT_APPLICABLE_GLOBAL_BASELINE,HF9g-P5,,,,X 全窗基线 · 不参与实体赏罚,3921477,393,A168_HF9F_20260827_0900,2026-08-27 09:00:00
2026-06-12,151361680,2082,0,20.5724278036,-5.1431069509,-5.1431069509,0.3333333,4,4,0.49324550000000000,0.493245500000,-0.5540025479526107,-0.5540025479526106,-0.5540025479526107,0E-17,ELIGIBLE,R03b_20260811_FULL_v1,L1_ELIGIBILITY,v2026-08-11,2026-03-21..2026-08-06,baccarat_bet02_101_all_pairs_incl_sentinel,round_win = game_pnl > 0 (decisive only),COMPATIBILITY_ONLY_NOT_PRODUCTION,1265.2043,1090.3387,-61.7173,246,244,0.04878049,,0.04878049,0.04878049,61.7173,1265.2043,OK,0.0000,-1.8515,3.0000,97.0000,AG03-UNRESOLVED,ALL5_LEVELS_bet23_to_bet27,-1.8515,-1.8515,-1.8515,-2.4687,-2.4687,3.000000,3.000000,3.000000,4.000000,4.000000,97.000000,97.000000,97.000000,96.000000,96.000000,5.0,-10.4919,-9.8057,-51.2253,-51.9116,PENDING_AG03,FALSE,NOT_FOR_ENFORCEMENT,-59.8658,1057.6285,-61.7173,-59.8658,-1.8515,-0.04878049,-0.04731707,-1.8515,-59.8658,-0.04731707,-1.8515,-1.8515,-1.8515,-2.4687,-2.4687,-59.8658,-0.04731707,-10.4919,-9.8057,-51.2253,-51.9116,-0.04048780,-0.04103022,-0.00146341,5.1431,4.4686,-0.2529,-61.7173,-1.9287,1265.2043,244.0000,,5.1431,5.1431,5.1431,5.1431,5.1431,5.1431,5.1431,5.1431,0.0,1.0,1.0,1.0,29,19,1,3,0E-8,-0.04878049,,0E-8,0.000000,0.861789,0.000000,,2026-06-12,2026-06-12,1,32,29,1,1.000000,,,0.000000,,,,,,,,GLOBAL_BASELINE_NO_ENTITY_RANKING,,,NOT_APPLICABLE_GLOBAL_BASELINE,HF9g-P5,,,,X 全窗基线 · 不参与实体赏罚,3921478,393,A168_HF9F_20260827_0900,2026-08-27 09:00:00
2026-06-12,151361680,2212,0,46.2879625581,0E-10,0E-10,0.5000000,9,9,0.49324550000000000,0.493245500000,0.03821270896478516,0.03821270896478516,0.03821270896478516,0E-17,ELIGIBLE,R03b_20260811_FULL_v1,L1_ELIGIBILITY,v2026-08-11,2026-03-21..2026-08-06,baccarat_bet02_101_all_pairs_incl_sentinel,round_win = game_pnl > 0 (decisive only),COMPATIBILITY_ONLY_NOT_PRODUCTION,1265.2043,1090.3387,-61.7173,246,244,0.04878049,,0.04878049,0.04878049,61.7173,1265.2043,OK,0.0000,-1.8515,3.0000,97.0000,AG03-UNRESOLVED,ALL5_LEVELS_bet23_to_bet27,-1.8515,-1.8515,-1.8515,-2.4687,-2.4687,3.000000,3.000000,3.000000,4.000000,4.000000,97.000000,97.000000,97.000000,96.000000,96.000000,5.0,-10.4919,-9.8057,-51.2253,-51.9116,PENDING_AG03,FALSE,NOT_FOR_ENFORCEMENT,-59.8658,1057.6285,-61.7173,-59.8658,-1.8515,-0.04878049,-0.04731707,-1.8515,-59.8658,-0.04731707,-1.8515,-1.8515,-1.8515,-2.4687,-2.4687,-59.8658,-0.04731707,-10.4919,-9.8057,-51.2253,-51.9116,-0.04048780,-0.04103022,-0.00146341,5.1431,4.4686,-0.2529,-61.7173,-1.9287,1265.2043,244.0000,,5.1431,5.1431,5.1431,5.1431,5.1431,5.1431,5.1431,5.1431,0.0,1.0,1.0,1.0,29,19,1,3,0E-8,-0.04878049,,0E-8,0.000000,0.861789,0.000000,,2026-06-12,2026-06-12,1,32,29,1,1.000000,,,0.000000,,,,,,,,GLOBAL_BASELINE_NO_ENTITY_RANKING,,,NOT_APPLICABLE_GLOBAL_BASELINE,HF9g-P5,,,,X 全窗基线 · 不参与实体赏罚,3921479,393,A168_HF9F_20260827_0900,2026-08-27 09:00:00
2026-06-12,151361680,2229,0,46.2879625581,-15.4293208527,-15.4293208527,0.3333333,9,9,0.49324550000000000,0.493245500000,-0.959560560576535,-0.959560560576535,-0.959560560576535,0E-17,ELIGIBLE,R03b_20260811_FULL_v1,L1_ELIGIBILITY,v2026-08-11,2026-03-21..2026-08-06,baccarat_bet02_101_all_pairs_incl_sentinel,round_win = game_pnl > 0 (decisive only),COMPATIBILITY_ONLY_NOT_PRODUCTION,1265.2043,1090.3387,-61.7173,246,244,0.04878049,,0.04878049,0.04878049,61.7173,1265.2043,OK,0.0000,-1.8515,3.0000,97.0000,AG03-UNRESOLVED,ALL5_LEVELS_bet23_to_bet27,-1.8515,-1.8515,-1.8515,-2.4687,-2.4687,3.000000,3.000000,3.000000,4.000000,4.000000,97.000000,97.000000,97.000000,96.000000,96.000000,5.0,-10.4919,-9.8057,-51.2253,-51.9116,PENDING_AG03,FALSE,NOT_FOR_ENFORCEMENT,-59.8658,1057.6285,-61.7173,-59.8658,-1.8515,-0.04878049,-0.04731707,-1.8515,-59.8658,-0.04731707,-1.8515,-1.8515,-1.8515,-2.4687,-2.4687,-59.8658,-0.04731707,-10.4919,-9.8057,-51.2253,-51.9116,-0.04048780,-0.04103022,-0.00146341,5.1431,4.4686,-0.2529,-61.7173,-1.9287,1265.2043,244.0000,,5.1431,5.1431,5.1431,5.1431,5.1431,5.1431,5.1431,5.1431,0.0,1.0,1.0,1.0,29,19,1,3,0E-8,-0.04878049,,0E-8,0.000000,0.861789,0.000000,,2026-06-12,2026-06-12,1,32,29,1,1.000000,,,0.000000,,,,,,,,GLOBAL_BASELINE_NO_ENTITY_RANKING,,,NOT_APPLICABLE_GLOBAL_BASELINE,HF9g-P5,,,,X 全窗基线 · 不参与实体赏罚,3921480,393,A168_HF9F_20260827_0900,2026-08-27 09:00:00
2026-06-12,151361680,2233,0,41.1448556072,-5.1431069509,-5.1431069509,0.4000000,8,8,0.49324550000000000,0.493245500000,-0.4170446088060018,-0.4170446088060018,-0.4170446088060018,0E-17,ELIGIBLE,R03b_20260811_FULL_v1,L1_ELIGIBILITY,v2026-08-11,2026-03-21..2026-08-06,baccarat_bet02_101_all_pairs_incl_sentinel,round_win = game_pnl > 0 (decisive only),COMPATIBILITY_ONLY_NOT_PRODUCTION,1265.2043,1090.3387,-61.7173,246,244,0.04878049,,0.04878049,0.04878049,61.7173,1265.2043,OK,0.0000,-1.8515,3.0000,97.0000,AG03-UNRESOLVED,ALL5_LEVELS_bet23_to_bet27,-1.8515,-1.8515,-1.8515,-2.4687,-2.4687,3.000000,3.000000,3.000000,4.000000,4.000000,97.000000,97.000000,97.000000,96.000000,96.000000,5.0,-10.4919,-9.8057,-51.2253,-51.9116,PENDING_AG03,FALSE,NOT_FOR_ENFORCEMENT,-59.8658,1057.6285,-61.7173,-59.8658,-1.8515,-0.04878049,-0.04731707,-1.8515,-59.8658,-0.04731707,-1.8515,-1.8515,-1.8515,-2.4687,-2.4687,-59.8658,-0.04731707,-10.4919,-9.8057,-51.2253,-51.9116,-0.04048780,-0.04103022,-0.00146341,5.1431,4.4686,-0.2529,-61.7173,-1.9287,1265.2043,244.0000,,5.1431,5.1431,5.1431,5.1431,5.1431,5.1431,5.1431,5.1431,0.0,1.0,1.0,1.0,29,19,1,3,0E-8,-0.04878049,,0E-8,0.000000,0.861789,0.000000,,2026-06-12,2026-06-12,1,32,29,1,1.000000,,,0.000000,,,,,,,,GLOBAL_BASELINE_NO_ENTITY_RANKING,,,NOT_APPLICABLE_GLOBAL_BASELINE,HF9g-P5,,,,X 全窗基线 · 不参与实体赏罚,3921481,393,A168_HF9F_20260827_0900,2026-08-27 09:00:00
2026-06-12,151361680,2278,0,5.1431069509,5.1431069509,5.1431069509,1.0000000,1,1,0.49324550000000000,0.493245500000,1.01360149184955,1.01360149184955,1.01360149184955,0E-17,ELIGIBLE,R03b_20260811_FULL_v1,L1_ELIGIBILITY,v2026-08-11,2026-03-21..2026-08-06,baccarat_bet02_101_all_pairs_incl_sentinel,round_win = game_pnl > 0 (decisive only),COMPATIBILITY_ONLY_NOT_PRODUCTION,1265.2043,1090.3387,-61.7173,246,244,0.04878049,,0.04878049,0.04878049,61.7173,1265.2043,OK,0.0000,-1.8515,3.0000,97.0000,AG03-UNRESOLVED,ALL5_LEVELS_bet23_to_bet27,-1.8515,-1.8515,-1.8515,-2.4687,-2.4687,3.000000,3.000000,3.000000,4.000000,4.000000,97.000000,97.000000,97.000000,96.000000,96.000000,5.0,-10.4919,-9.8057,-51.2253,-51.9116,PENDING_AG03,FALSE,NOT_FOR_ENFORCEMENT,-59.8658,1057.6285,-61.7173,-59.8658,-1.8515,-0.04878049,-0.04731707,-1.8515,-59.8658,-0.04731707,-1.8515,-1.8515,-1.8515,-2.4687,-2.4687,-59.8658,-0.04731707,-10.4919,-9.8057,-51.2253,-51.9116,-0.04048780,-0.04103022,-0.00146341,5.1431,4.4686,-0.2529,-61.7173,-1.9287,1265.2043,244.0000,,5.1431,5.1431,5.1431,5.1431,5.1431,5.1431,5.1431,5.1431,0.0,1.0,1.0,1.0,29,19,1,3,0E-8,-0.04878049,,0E-8,0.000000,0.861789,0.000000,,2026-06-12,2026-06-12,1,32,29,1,1.000000,,,0.000000,,,,,,,,GLOBAL_BASELINE_NO_ENTITY_RANKING,,,NOT_APPLICABLE_GLOBAL_BASELINE,HF9g-P5,,,,X 全窗基线 · 不参与实体赏罚,3921482,393,A168_HF9F_20260827_0900,2026-08-27 09:00:00
2026-06-12,151361680,2280,0,41.1448556072,15.4293208527,15.4293208527,0.7142857,8,8,0.49324550000000000,0.493245500000,1.169741613234378,1.1697416132343783,1.169741613234378,0E-17,ELIGIBLE,R03b_20260811_FULL_v1,L1_ELIGIBILITY,v2026-08-11,2026-03-21..2026-08-06,baccarat_bet02_101_all_pairs_incl_sentinel,round_win = game_pnl > 0 (decisive only),COMPATIBILITY_ONLY_NOT_PRODUCTION,1265.2043,1090.3387,-61.7173,246,244,0.04878049,,0.04878049,0.04878049,61.7173,1265.2043,OK,0.0000,-1.8515,3.0000,97.0000,AG03-UNRESOLVED,ALL5_LEVELS_bet23_to_bet27,-1.8515,-1.8515,-1.8515,-2.4687,-2.4687,3.000000,3.000000,3.000000,4.000000,4.000000,97.000000,97.000000,97.000000,96.000000,96.000000,5.0,-10.4919,-9.8057,-51.2253,-51.9116,PENDING_AG03,FALSE,NOT_FOR_ENFORCEMENT,-59.8658,1057.6285,-61.7173,-59.8658,-1.8515,-0.04878049,-0.04731707,-1.8515,-59.8658,-0.04731707,-1.8515,-1.8515,-1.8515,-2.4687,-2.4687,-59.8658,-0.04731707,-10.4919,-9.8057,-51.2253,-51.9116,-0.04048780,-0.04103022,-0.00146341,5.1431,4.4686,-0.2529,-61.7173,-1.9287,1265.2043,244.0000,,5.1431,5.1431,5.1431,5.1431,5.1431,5.1431,5.1431,5.1431,0.0,1.0,1.0,1.0,29,19,1,3,0E-8,-0.04878049,,0E-8,0.000000,0.861789,0.000000,,2026-06-12,2026-06-12,1,32,29,1,1.000000,,,0.000000,,,,,,,,GLOBAL_BASELINE_NO_ENTITY_RANKING,,,NOT_APPLICABLE_GLOBAL_BASELINE,HF9g-P5,,,,X 全窗基线 · 不参与实体赏罚,3921483,393,A168_HF9F_20260827_0900,2026-08-27 09:00:00
2026-06-12,151361680,471,0,51.4310695090,-10.2862139018,-10.2862139018,0.3333333,10,10,0.49324550000000000,0.493245500000,-0.783477916903833,-0.7834779169038328,-0.783477916903833,0E-17,ELIGIBLE,R03b_20260811_FULL_v1,L1_ELIGIBILITY,v2026-08-11,2026-03-21..2026-08-06,baccarat_bet02_101_all_pairs_incl_sentinel,round_win = game_pnl > 0 (decisive only),COMPATIBILITY_ONLY_NOT_PRODUCTION,1265.2043,1090.3387,-61.7173,246,244,0.04878049,,0.04878049,0.04878049,61.7173,1265.2043,OK,0.0000,-1.8515,3.0000,97.0000,AG03-UNRESOLVED,ALL5_LEVELS_bet23_to_bet27,-1.8515,-1.8515,-1.8515,-2.4687,-2.4687,3.000000,3.000000,3.000000,4.000000,4.000000,97.000000,97.000000,97.000000,96.000000,96.000000,5.0,-10.4919,-9.8057,-51.2253,-51.9116,PENDING_AG03,FALSE,NOT_FOR_ENFORCEMENT,-59.8658,1057.6285,-61.7173,-59.8658,-1.8515,-0.04878049,-0.04731707,-1.8515,-59.8658,-0.04731707,-1.8515,-1.8515,-1.8515,-2.4687,-2.4687,-59.8658,-0.04731707,-10.4919,-9.8057,-51.2253,-51.9116,-0.04048780,-0.04103022,-0.00146341,5.1431,4.4686,-0.2529,-61.7173,-1.9287,1265.2043,244.0000,,5.1431,5.1431,5.1431,5.1431,5.1431,5.1431,5.1431,5.1431,0.0,1.0,1.0,1.0,29,19,1,3,0E-8,-0.04878049,,0E-8,0.000000,0.861789,0.000000,,2026-06-12,2026-06-12,1,32,29,1,1.000000,,,0.000000,,,,,,,,GLOBAL_BASELINE_NO_ENTITY_RANKING,,,NOT_APPLICABLE_GLOBAL_BASELINE,HF9g-P5,,,,X 全窗基线 · 不参与实体赏罚,3921484,393,A168_HF9F_20260827_0900,2026-08-27 09:00:00
2026-06-12,151361680,986,0,46.2879625581,-10.2862139018,-10.2862139018,0.3750000,9,9,0.49324550000000000,0.493245500000,-0.6689586021016365,-0.6689586021016365,-0.6689586021016365,0E-17,ELIGIBLE,R03b_20260811_FULL_v1,L1_ELIGIBILITY,v2026-08-11,2026-03-21..2026-08-06,baccarat_bet02_101_all_pairs_incl_sentinel,round_win = game_pnl > 0 (decisive only),COMPATIBILITY_ONLY_NOT_PRODUCTION,1265.2043,1090.3387,-61.7173,246,244,0.04878049,,0.04878049,0.04878049,61.7173,1265.2043,OK,0.0000,-1.8515,3.0000,97.0000,AG03-UNRESOLVED,ALL5_LEVELS_bet23_to_bet27,-1.8515,-1.8515,-1.8515,-2.4687,-2.4687,3.000000,3.000000,3.000000,4.000000,4.000000,97.000000,97.000000,97.000000,96.000000,96.000000,5.0,-10.4919,-9.8057,-51.2253,-51.9116,PENDING_AG03,FALSE,NOT_FOR_ENFORCEMENT,-59.8658,1057.6285,-61.7173,-59.8658,-1.8515,-0.04878049,-0.04731707,-1.8515,-59.8658,-0.04731707,-1.8515,-1.8515,-1.8515,-2.4687,-2.4687,-59.8658,-0.04731707,-10.4919,-9.8057,-51.2253,-51.9116,-0.04048780,-0.04103022,-0.00146341,5.1431,4.4686,-0.2529,-61.7173,-1.9287,1265.2043,244.0000,,5.1431,5.1431,5.1431,5.1431,5.1431,5.1431,5.1431,5.1431,0.0,1.0,1.0,1.0,29,19,1,3,0E-8,-0.04878049,,0E-8,0.000000,0.861789,0.000000,,2026-06-12,2026-06-12,1,32,29,1,1.000000,,,0.000000,,,,,,,,GLOBAL_BASELINE_NO_ENTITY_RANKING,,,NOT_APPLICABLE_GLOBAL_BASELINE,HF9g-P5,,,,X 全窗基线 · 不参与实体赏罚,3921485,393,A168_HF9F_20260827_0900,2026-08-27 09:00:00
2026-06-05,149549210,1405,0,185.1518502327,80.3610461079,80.3610461079,0.7500000,4,4,0.49994810000000000,0.499948100000,1.0002076053883384,1.0002076053883384,1.0002076053883384,0E-17,ELIGIBLE,R03b_20260811_FULL_v1,L1_ELIGIBILITY,v2026-08-11,2026-03-21..2026-08-06,baccarat_bet02_101_all_pairs_incl_sentinel,round_win = game_pnl > 0 (decisive only),COMPATIBILITY_ONLY_NOT_PRODUCTION,1368.0664,1316.6354,-62.3602,25,25,0.04558271,,0.04558271,0.04558271,62.3602,1368.0664,THIN_EXPOSURE,0.0000,-2.4944,4.0000,96.0000,AG03-UNRESOLVED,ALL5_LEVELS_bet23_to_bet27,-2.4944,-2.4944,-2.4944,-3.1180,-3.1180,4.000000,4.000000,4.000000,5.000000,5.000000,96.000000,96.000000,96.000000,95.000000,95.000000,5.0,-13.7192,-12.5672,-48.6409,-49.793,PENDING_AG03,FALSE,NOT_FOR_ENFORCEMENT,-59.8658,1263.9700,-62.3602,-59.8658,-2.4944,-0.04558271,-0.04375940,-2.4944,-59.8658,-0.04375940,-2.4944,-2.4944,-2.4944,-3.1180,-3.1180,-59.8658,-0.04375940,-13.7192,-12.5672,-48.6409,-49.793,-0.03555451,-0.03639662,-0.00182331,54.7227,52.6654,-2.4944,-31.1801,-20.7867,684.0332,12.5000,,54.7227,51.4311,51.4311,64.2888,77.1466,77.1466,77.1466,51.4311,36.6446,1.5,1.5,1.064,3,4,1,2,0E-8,-0.04558271,,0E-8,0.000000,0.962406,0.000000,,2026-06-05,2026-06-06,2,3,3,2,1.000000,,,0.000000,,,,,,,,GLOBAL_BASELINE_NO_ENTITY_RANKING,,,NOT_APPLICABLE_GLOBAL_BASELINE,HF9g-P5,,,,X 全窗基线 · 不参与实体赏罚,3921486,393,A168_HF9F_20260827_0900,2026-08-27 09:00:00
2026-06-06,149549210,1401,0,282.8708823000,-132.4350039859,-132.4350039859,0.2500000,4,4,0.50329940000000000,0.503299400000,-1.013219660140378,-1.013219660140378,-1.013219660140378,0E-17,ELIGIBLE,R03b_20260811_FULL_v1,L1_ELIGIBILITY,v2026-08-11,2026-03-21..2026-08-06,baccarat_bet02_101_all_pairs_incl_sentinel,round_win = game_pnl > 0 (decisive only),COMPATIBILITY_ONLY_NOT_PRODUCTION,1368.0664,1316.6354,-62.3602,25,25,0.04558271,,0.04558271,0.04558271,62.3602,1368.0664,THIN_EXPOSURE,0.0000,-2.4944,4.0000,96.0000,AG03-UNRESOLVED,ALL5_LEVELS_bet23_to_bet27,-2.4944,-2.4944,-2.4944,-3.1180,-3.1180,4.000000,4.000000,4.000000,5.000000,5.000000,96.000000,96.000000,96.000000,95.000000,95.000000,5.0,-13.7192,-12.5672,-48.6409,-49.793,PENDING_AG03,FALSE,NOT_FOR_ENFORCEMENT,-59.8658,1263.9700,-62.3602,-59.8658,-2.4944,-0.04558271,-0.04375940,-2.4944,-59.8658,-0.04375940,-2.4944,-2.4944,-2.4944,-3.1180,-3.1180,-59.8658,-0.04375940,-13.7192,-12.5672,-48.6409,-49.793,-0.03555451,-0.03639662,-0.00182331,54.7227,52.6654,-2.4944,-31.1801,-20.7867,684.0332,12.5000,,54.7227,51.4311,51.4311,64.2888,77.1466,77.1466,77.1466,51.4311,36.6446,1.5,1.5,1.064,3,4,1,2,0E-8,-0.04558271,,0E-8,0.000000,0.962406,0.000000,,2026-06-05,2026-06-06,2,3,3,2,1.000000,,,0.000000,,,,,,,,GLOBAL_BASELINE_NO_ENTITY_RANKING,,,NOT_APPLICABLE_GLOBAL_BASELINE,HF9g-P5,,,,X 全窗基线 · 不参与实体赏罚,3921487,393,A168_HF9F_20260827_0900,2026-08-27 09:00:00
2026-06-06,149549210,2251,0,707.1772057500,104.1479157559,104.1479157559,0.5833333,13,13,0.50149485384615385,0.501494853846,0.5669961519551939,0.5669961519562594,0.5669961519551939,1.5385E-13,ELIGIBLE,R03b_20260811_FULL_v1,L1_ELIGIBILITY,v2026-08-11,2026-03-21..2026-08-06,baccarat_bet02_101_all_pairs_incl_sentinel,round_win = game_pnl > 0 (decisive only),COMPATIBILITY_ONLY_NOT_PRODUCTION,1368.0664,1316.6354,-62.3602,25,25,0.04558271,,0.04558271,0.04558271,62.3602,1368.0664,THIN_EXPOSURE,0.0000,-2.4944,4.0000,96.0000,AG03-UNRESOLVED,ALL5_LEVELS_bet23_to_bet27,-2.4944,-2.4944,-2.4944,-3.1180,-3.1180,4.000000,4.000000,4.000000,5.000000,5.000000,96.000000,96.000000,96.000000,95.000000,95.000000,5.0,-13.7192,-12.5672,-48.6409,-49.793,PENDING_AG03,FALSE,NOT_FOR_ENFORCEMENT,-59.8658,1263.9700,-62.3602,-59.8658,-2.4944,-0.04558271,-0.04375940,-2.4944,-59.8658,-0.04375940,-2.4944,-2.4944,-2.4944,-3.1180,-3.1180,-59.8658,-0.04375940,-13.7192,-12.5672,-48.6409,-49.793,-0.03555451,-0.03639662,-0.00182331,54.7227,52.6654,-2.4944,-31.1801,-20.7867,684.0332,12.5000,,54.7227,51.4311,51.4311,64.2888,77.1466,77.1466,77.1466,51.4311,36.6446,1.5,1.5,1.064,3,4,1,2,0E-8,-0.04558271,,0E-8,0.000000,0.962406,0.000000,,2026-06-05,2026-06-06,2,3,3,2,1.000000,,,0.000000,,,,,,,,GLOBAL_BASELINE_NO_ENTITY_RANKING,,,NOT_APPLICABLE_GLOBAL_BASELINE,HF9g-P5,,,,X 全窗基线 · 不参与实体赏罚,3921488,393,A168_HF9F_20260827_0900,2026-08-27 09:00:00
2026-06-06,149549210,970,0,192.8665106591,10.2862139018,10.2862139018,0.5000000,4,4,0.49994810000000000,0.499948100000,0.00020760000111838688,0.00020760000111838688,0.00020760000111838688,0E-17,ELIGIBLE,R03b_20260811_FULL_v1,L1_ELIGIBILITY,v2026-08-11,2026-03-21..2026-08-06,baccarat_bet02_101_all_pairs_incl_sentinel,round_win = game_pnl > 0 (decisive only),COMPATIBILITY_ONLY_NOT_PRODUCTION,1368.0664,1316.6354,-62.3602,25,25,0.04558271,,0.04558271,0.04558271,62.3602,1368.0664,THIN_EXPOSURE,0.0000,-2.4944,4.0000,96.0000,AG03-UNRESOLVED,ALL5_LEVELS_bet23_to_bet27,-2.4944,-2.4944,-2.4944,-3.1180,-3.1180,4.000000,4.000000,4.000000,5.000000,5.000000,96.000000,96.000000,96.000000,95.000000,95.000000,5.0,-13.7192,-12.5672,-48.6409,-49.793,PENDING_AG03,FALSE,NOT_FOR_ENFORCEMENT,-59.8658,1263.9700,-62.3602,-59.8658,-2.4944,-0.04558271,-0.04375940,-2.4944,-59.8658,-0.04375940,-2.4944,-2.4944,-2.4944,-3.1180,-3.1180,-59.8658,-0.04375940,-13.7192,-12.5672,-48.6409,-49.793,-0.03555451,-0.03639662,-0.00182331,54.7227,52.6654,-2.4944,-31.1801,-20.7867,684.0332,12.5000,,54.7227,51.4311,51.4311,64.2888,77.1466,77.1466,77.1466,51.4311,36.6446,1.5,1.5,1.064,3,4,1,2,0E-8,-0.04558271,,0E-8,0.000000,0.962406,0.000000,,2026-06-05,2026-06-06,2,3,3,2,1.000000,,,0.000000,,,,,,,,GLOBAL_BASELINE_NO_ENTITY_RANKING,,,NOT_APPLICABLE_GLOBAL_BASELINE,HF9g-P5,,,,X 全窗基线 · 不参与实体赏罚,3921489,393,A168_HF9F_20260827_0900,2026-08-27 09:00:00
2026-07-22,153342294,-1,1,64.3829456732,29.3913256757,29.3913256757,0.7692308,13,13,0.49737017692307692,0.497370176923,1.9604417275843913,1.9604417275849477,1.9604417275843913,7.692E-14,SENTINEL_DEALER,R03b_20260811_FULL_v1,L1_ELIGIBILITY,v2026-08-11,2026-03-21..2026-08-06,baccarat_bet02_101_all_pairs_incl_sentinel,round_win = game_pnl > 0 (decisive only),COMPATIBILITY_ONLY_NOT_PRODUCTION,182.3162,177.2064,-62.3595,35,35,0.34204036,0.34204036,,0.34204036,62.3595,182.3162,OK,0.0000,-2.4944,4.0000,96.0000,AG03-UNRESOLVED,ALL5_LEVELS_bet23_to_bet27,-2.4944,-2.4944,-2.4944,-2.4944,-2.4944,4.000000,4.000000,4.000000,4.000000,4.000000,96.000000,96.000000,96.000000,96.000000,96.000000,5.0,-12.4719,-11.5133,-49.8876,-50.8462,PENDING_AG03,FALSE,NOT_FOR_ENFORCEMENT,-59.8651,170.1181,-62.3595,-59.8651,-2.4944,-0.34204036,-0.32835874,-2.4944,-59.8651,-0.32835874,-2.4944,-2.4944,-2.4944,-2.4944,-2.4944,-59.8651,-0.32835874,-12.4719,-11.5133,-49.8876,-50.8462,-0.27363229,-0.27889037,-0.01368161,5.2090,5.0630,-1.7817,-62.3595,-4.1573,182.3162,35.0000,5.2090,,4.1389,4.9054,6.1317,7.3581,8.0734,8.1756,4.9054,3.8834,1.645833,1.666667,1.061905,15,13,1,2,1.00000000,-0.34204036,-0.34204036,0E-8,0.000000,0.971973,0.000000,,2026-07-22,2026-07-22,1,15,15,1,1.000000,,1.000000,3.333333,,,,,,,,GLOBAL_BASELINE_NO_ENTITY_RANKING,,,NOT_APPLICABLE_GLOBAL_BASELINE,HF9g-P5,,,,X 全窗基线 · 不参与实体赏罚,3921490,393,A168_HF9F_20260827_0900,2026-08-27 09:00:00
2026-07-22,153342294,1115,0,34.9507419368,16.5658341169,16.5658341169,0.7142857,7,7,0.49707555714285714,0.497075557143,1.149387776212595,1.1493877762118374,1.149387776212595,-1.4286E-13,ELIGIBLE,R03b_20260811_FULL_v1,L1_ELIGIBILITY,v2026-08-11,2026-03-21..2026-08-06,baccarat_bet02_101_all_pairs_incl_sentinel,round_win = game_pnl > 0 (decisive only),COMPATIBILITY_ONLY_NOT_PRODUCTION,182.3162,177.2064,-62.3595,35,35,0.34204036,0.34204036,,0.34204036,62.3595,182.3162,OK,0.0000,-2.4944,4.0000,96.0000,AG03-UNRESOLVED,ALL5_LEVELS_bet23_to_bet27,-2.4944,-2.4944,-2.4944,-2.4944,-2.4944,4.000000,4.000000,4.000000,4.000000,4.000000,96.000000,96.000000,96.000000,96.000000,96.000000,5.0,-12.4719,-11.5133,-49.8876,-50.8462,PENDING_AG03,FALSE,NOT_FOR_ENFORCEMENT,-59.8651,170.1181,-62.3595,-59.8651,-2.4944,-0.34204036,-0.32835874,-2.4944,-59.8651,-0.32835874,-2.4944,-2.4944,-2.4944,-2.4944,-2.4944,-59.8651,-0.32835874,-12.4719,-11.5133,-49.8876,-50.8462,-0.27363229,-0.27889037,-0.01368161,5.2090,5.0630,-1.7817,-62.3595,-4.1573,182.3162,35.0000,5.2090,,4.1389,4.9054,6.1317,7.3581,8.0734,8.1756,4.9054,3.8834,1.645833,1.666667,1.061905,15,13,1,2,1.00000000,-0.34204036,-0.34204036,0E-8,0.000000,0.971973,0.000000,,2026-07-22,2026-07-22,1,15,15,1,1.000000,,1.000000,3.333333,,,,,,,,GLOBAL_BASELINE_NO_ENTITY_RANKING,,,NOT_APPLICABLE_GLOBAL_BASELINE,HF9g-P5,,,,X 全窗基线 · 不参与实体赏罚,3921491,393,A168_HF9F_20260827_0900,2026-08-27 09:00:00
2026-07-22,153342294,1384,0,5.1097575931,5.1097575931,5.1097575931,1.0000000,1,1,0.49324550000000000,0.493245500000,1.01360149184955,1.01360149184955,1.01360149184955,0E-17,ELIGIBLE,R03b_20260811_FULL_v1,L1_ELIGIBILITY,v2026-08-11,2026-03-21..2026-08-06,baccarat_bet02_101_all_pairs_incl_sentinel,round_win = game_pnl > 0 (decisive only),COMPATIBILITY_ONLY_NOT_PRODUCTION,182.3162,177.2064,-62.3595,35,35,0.34204036,0.34204036,,0.34204036,62.3595,182.3162,OK,0.0000,-2.4944,4.0000,96.0000,AG03-UNRESOLVED,ALL5_LEVELS_bet23_to_bet27,-2.4944,-2.4944,-2.4944,-2.4944,-2.4944,4.000000,4.000000,4.000000,4.000000,4.000000,96.000000,96.000000,96.000000,96.000000,96.000000,5.0,-12.4719,-11.5133,-49.8876,-50.8462,PENDING_AG03,FALSE,NOT_FOR_ENFORCEMENT,-59.8651,170.1181,-62.3595,-59.8651,-2.4944,-0.34204036,-0.32835874,-2.4944,-59.8651,-0.32835874,-2.4944,-2.4944,-2.4944,-2.4944,-2.4944,-59.8651,-0.32835874,-12.4719,-11.5133,-49.8876,-50.8462,-0.27363229,-0.27889037,-0.01368161,5.2090,5.0630,-1.7817,-62.3595,-4.1573,182.3162,35.0000,5.2090,,4.1389,4.9054,6.1317,7.3581,8.0734,8.1756,4.9054,3.8834,1.645833,1.666667,1.061905,15,13,1,2,1.00000000,-0.34204036,-0.34204036,0E-8,0.000000,0.971973,0.000000,,2026-07-22,2026-07-22,1,15,15,1,1.000000,,1.000000,3.333333,,,,,,,,GLOBAL_BASELINE_NO_ENTITY_RANKING,,,NOT_APPLICABLE_GLOBAL_BASELINE,HF9g-P5,,,,X 全窗基线 · 不参与实体赏罚,3921492,393,A168_HF9F_20260827_0900,2026-08-27 09:00:00
2026-07-22,153342294,1396,0,12.2634182234,2.0439030372,2.0439030372,0.5000000,2,2,0.49994810000000000,0.499948100000,0.00014679536856514622,0.00014679536856514622,0.00014679536856514622,0E-17,ELIGIBLE,R03b_20260811_FULL_v1,L1_ELIGIBILITY,v2026-08-11,2026-03-21..2026-08-06,baccarat_bet02_101_all_pairs_incl_sentinel,round_win = game_pnl > 0 (decisive only),COMPATIBILITY_ONLY_NOT_PRODUCTION,182.3162,177.2064,-62.3595,35,35,0.34204036,0.34204036,,0.34204036,62.3595,182.3162,OK,0.0000,-2.4944,4.0000,96.0000,AG03-UNRESOLVED,ALL5_LEVELS_bet23_to_bet27,-2.4944,-2.4944,-2.4944,-2.4944,-2.4944,4.000000,4.000000,4.000000,4.000000,4.000000,96.000000,96.000000,96.000000,96.000000,96.000000,5.0,-12.4719,-11.5133,-49.8876,-50.8462,PENDING_AG03,FALSE,NOT_FOR_ENFORCEMENT,-59.8651,170.1181,-62.3595,-59.8651,-2.4944,-0.34204036,-0.32835874,-2.4944,-59.8651,-0.32835874,-2.4944,-2.4944,-2.4944,-2.4944,-2.4944,-59.8651,-0.32835874,-12.4719,-11.5133,-49.8876,-50.8462,-0.27363229,-0.27889037,-0.01368161,5.2090,5.0630,-1.7817,-62.3595,-4.1573,182.3162,35.0000,5.2090,,4.1389,4.9054,6.1317,7.3581,8.0734,8.1756,4.9054,3.8834,1.645833,1.666667,1.061905,15,13,1,2,1.00000000,-0.34204036,-0.34204036,0E-8,0.000000,0.971973,0.000000,,2026-07-22,2026-07-22,1,15,15,1,1.000000,,1.000000,3.333333,,,,,,,,GLOBAL_BASELINE_NO_ENTITY_RANKING,,,NOT_APPLICABLE_GLOBAL_BASELINE,HF9g-P5,,,,X 全窗基线 · 不参与实体赏罚,3921493,393,A168_HF9F_20260827_0900,2026-08-27 09:00:00
2026-07-22,153342294,1507,0,5.1097575931,-5.1097575931,-5.1097575931,0E-7,1,1,0.50665070000000000,0.506650700000,-1.013391052207602,-1.013391052207602,-1.013391052207602,0E-17,ELIGIBLE,R03b_20260811_FULL_v1,L1_ELIGIBILITY,v2026-08-11,2026-03-21..2026-08-06,baccarat_bet02_101_all_pairs_incl_sentinel,round_win = game_pnl > 0 (decisive only),COMPATIBILITY_ONLY_NOT_PRODUCTION,182.3162,177.2064,-62.3595,35,35,0.34204036,0.34204036,,0.34204036,62.3595,182.3162,OK,0.0000,-2.4944,4.0000,96.0000,AG03-UNRESOLVED,ALL5_LEVELS_bet23_to_bet27,-2.4944,-2.4944,-2.4944,-2.4944,-2.4944,4.000000,4.000000,4.000000,4.000000,4.000000,96.000000,96.000000,96.000000,96.000000,96.000000,5.0,-12.4719,-11.5133,-49.8876,-50.8462,PENDING_AG03,FALSE,NOT_FOR_ENFORCEMENT,-59.8651,170.1181,-62.3595,-59.8651,-2.4944,-0.34204036,-0.32835874,-2.4944,-59.8651,-0.32835874,-2.4944,-2.4944,-2.4944,-2.4944,-2.4944,-59.8651,-0.32835874,-12.4719,-11.5133,-49.8876,-50.8462,-0.27363229,-0.27889037,-0.01368161,5.2090,5.0630,-1.7817,-62.3595,-4.1573,182.3162,35.0000,5.2090,,4.1389,4.9054,6.1317,7.3581,8.0734,8.1756,4.9054,3.8834,1.645833,1.666667,1.061905,15,13,1,2,1.00000000,-0.34204036,-0.34204036,0E-8,0.000000,0.971973,0.000000,,2026-07-22,2026-07-22,1,15,15,1,1.000000,,1.000000,3.333333,,,,,,,,GLOBAL_BASELINE_NO_ENTITY_RANKING,,,NOT_APPLICABLE_GLOBAL_BASELINE,HF9g-P5,,,,X 全窗基线 · 不参与实体赏罚,3921494,393,A168_HF9F_20260827_0900,2026-08-27 09:00:00
2026-07-22,153342294,2106,0,4.2921963782,-4.2921963782,-4.2921963782,0E-7,1,1,0.50665070000000000,0.506650700000,-1.013391052207602,-1.013391052207602,-1.013391052207602,0E-17,ELIGIBLE,R03b_20260811_FULL_v1,L1_ELIGIBILITY,v2026-08-11,2026-03-21..2026-08-06,baccarat_bet02_101_all_pairs_incl_sentinel,round_win = game_pnl > 0 (decisive only),COMPATIBILITY_ONLY_NOT_PRODUCTION,182.3162,177.2064,-62.3595,35,35,0.34204036,0.34204036,,0.34204036,62.3595,182.3162,OK,0.0000,-2.4944,4.0000,96.0000,AG03-UNRESOLVED,ALL5_LEVELS_bet23_to_bet27,-2.4944,-2.4944,-2.4944,-2.4944,-2.4944,4.000000,4.000000,4.000000,4.000000,4.000000,96.000000,96.000000,96.000000,96.000000,96.000000,5.0,-12.4719,-11.5133,-49.8876,-50.8462,PENDING_AG03,FALSE,NOT_FOR_ENFORCEMENT,-59.8651,170.1181,-62.3595,-59.8651,-2.4944,-0.34204036,-0.32835874,-2.4944,-59.8651,-0.32835874,-2.4944,-2.4944,-2.4944,-2.4944,-2.4944,-59.8651,-0.32835874,-12.4719,-11.5133,-49.8876,-50.8462,-0.27363229,-0.27889037,-0.01368161,5.2090,5.0630,-1.7817,-62.3595,-4.1573,182.3162,35.0000,5.2090,,4.1389,4.9054,6.1317,7.3581,8.0734,8.1756,4.9054,3.8834,1.645833,1.666667,1.061905,15,13,1,2,1.00000000,-0.34204036,-0.34204036,0E-8,0.000000,0.971973,0.000000,,2026-07-22,2026-07-22,1,15,15,1,1.000000,,1.000000,3.333333,,,,,,,,GLOBAL_BASELINE_NO_ENTITY_RANKING,,,NOT_APPLICABLE_GLOBAL_BASELINE,HF9g-P5,,,,X 全窗基线 · 不参与实体赏罚,3921495,393,A168_HF9F_20260827_0900,2026-08-27 09:00:00
2026-07-22,153342294,2117,0,8.1756121490,7.7668315415,7.7668315415,1.0000000,1,1,0.50665070000000000,0.506650700000,0.9867858985152569,0.9867858985152569,0.9867858985152569,0E-17,ELIGIBLE,R03b_20260811_FULL_v1,L1_ELIGIBILITY,v2026-08-11,2026-03-21..2026-08-06,baccarat_bet02_101_all_pairs_incl_sentinel,round_win = game_pnl > 0 (decisive only),COMPATIBILITY_ONLY_NOT_PRODUCTION,182.3162,177.2064,-62.3595,35,35,0.34204036,0.34204036,,0.34204036,62.3595,182.3162,OK,0.0000,-2.4944,4.0000,96.0000,AG03-UNRESOLVED,ALL5_LEVELS_bet23_to_bet27,-2.4944,-2.4944,-2.4944,-2.4944,-2.4944,4.000000,4.000000,4.000000,4.000000,4.000000,96.000000,96.000000,96.000000,96.000000,96.000000,5.0,-12.4719,-11.5133,-49.8876,-50.8462,PENDING_AG03,FALSE,NOT_FOR_ENFORCEMENT,-59.8651,170.1181,-62.3595,-59.8651,-2.4944,-0.34204036,-0.32835874,-2.4944,-59.8651,-0.32835874,-2.4944,-2.4944,-2.4944,-2.4944,-2.4944,-59.8651,-0.32835874,-12.4719,-11.5133,-49.8876,-50.8462,-0.27363229,-0.27889037,-0.01368161,5.2090,5.0630,-1.7817,-62.3595,-4.1573,182.3162,35.0000,5.2090,,4.1389,4.9054,6.1317,7.3581,8.0734,8.1756,4.9054,3.8834,1.645833,1.666667,1.061905,15,13,1,2,1.00000000,-0.34204036,-0.34204036,0E-8,0.000000,0.971973,0.000000,,2026-07-22,2026-07-22,1,15,15,1,1.000000,,1.000000,3.333333,,,,,,,,GLOBAL_BASELINE_NO_ENTITY_RANKING,,,NOT_APPLICABLE_GLOBAL_BASELINE,HF9g-P5,,,,X 全窗基线 · 不参与实体赏罚,3921496,393,A168_HF9F_20260827_0900,2026-08-27 09:00:00
2026-07-22,153342294,2121,0,18.3951273352,12.6211012549,12.6211012549,1.0000000,3,3,0.50665070000000000,0.506650700000,1.3955260008387969,1.3955260008387969,1.3955260008387969,0E-17,ELIGIBLE,R03b_20260811_FULL_v1,L1_ELIGIBILITY,v2026-08-11,2026-03-21..2026-08-06,baccarat_bet02_101_all_pairs_incl_sentinel,round_win = game_pnl > 0 (decisive only),COMPATIBILITY_ONLY_NOT_PRODUCTION,182.3162,177.2064,-62.3595,35,35,0.34204036,0.34204036,,0.34204036,62.3595,182.3162,OK,0.0000,-2.4944,4.0000,96.0000,AG03-UNRESOLVED,ALL5_LEVELS_bet23_to_bet27,-2.4944,-2.4944,-2.4944,-2.4944,-2.4944,4.000000,4.000000,4.000000,4.000000,4.000000,96.000000,96.000000,96.000000,96.000000,96.000000,5.0,-12.4719,-11.5133,-49.8876,-50.8462,PENDING_AG03,FALSE,NOT_FOR_ENFORCEMENT,-59.8651,170.1181,-62.3595,-59.8651,-2.4944,-0.34204036,-0.32835874,-2.4944,-59.8651,-0.32835874,-2.4944,-2.4944,-2.4944,-2.4944,-2.4944,-59.8651,-0.32835874,-12.4719,-11.5133,-49.8876,-50.8462,-0.27363229,-0.27889037,-0.01368161,5.2090,5.0630,-1.7817,-62.3595,-4.1573,182.3162,35.0000,5.2090,,4.1389,4.9054,6.1317,7.3581,8.0734,8.1756,4.9054,3.8834,1.645833,1.666667,1.061905,15,13,1,2,1.00000000,-0.34204036,-0.34204036,0E-8,0.000000,0.971973,0.000000,,2026-07-22,2026-07-22,1,15,15,1,1.000000,,1.000000,3.333333,,,,,,,,GLOBAL_BASELINE_NO_ENTITY_RANKING,,,NOT_APPLICABLE_GLOBAL_BASELINE,HF9g-P5,,,,X 全窗基线 · 不参与实体赏罚,3921497,393,A168_HF9F_20260827_0900,2026-08-27 09:00:00
2026-07-22,153342294,2218,0,5.1097575931,-5.1097575931,-5.1097575931,0E-7,1,1,0.50665070000000000,0.506650700000,-1.013391052207602,-1.013391052207602,-1.013391052207602,0E-17,ELIGIBLE,R03b_20260811_FULL_v1,L1_ELIGIBILITY,v2026-08-11,2026-03-21..2026-08-06,baccarat_bet02_101_all_pairs_incl_sentinel,round_win = game_pnl > 0 (decisive only),COMPATIBILITY_ONLY_NOT_PRODUCTION,182.3162,177.2064,-62.3595,35,35,0.34204036,0.34204036,,0.34204036,62.3595,182.3162,OK,0.0000,-2.4944,4.0000,96.0000,AG03-UNRESOLVED,ALL5_LEVELS_bet23_to_bet27,-2.4944,-2.4944,-2.4944,-2.4944,-2.4944,4.000000,4.000000,4.000000,4.000000,4.000000,96.000000,96.000000,96.000000,96.000000,96.000000,5.0,-12.4719,-11.5133,-49.8876,-50.8462,PENDING_AG03,FALSE,NOT_FOR_ENFORCEMENT,-59.8651,170.1181,-62.3595,-59.8651,-2.4944,-0.34204036,-0.32835874,-2.4944,-59.8651,-0.32835874,-2.4944,-2.4944,-2.4944,-2.4944,-2.4944,-59.8651,-0.32835874,-12.4719,-11.5133,-49.8876,-50.8462,-0.27363229,-0.27889037,-0.01368161,5.2090,5.0630,-1.7817,-62.3595,-4.1573,182.3162,35.0000,5.2090,,4.1389,4.9054,6.1317,7.3581,8.0734,8.1756,4.9054,3.8834,1.645833,1.666667,1.061905,15,13,1,2,1.00000000,-0.34204036,-0.34204036,0E-8,0.000000,0.971973,0.000000,,2026-07-22,2026-07-22,1,15,15,1,1.000000,,1.000000,3.333333,,,,,,,,GLOBAL_BASELINE_NO_ENTITY_RANKING,,,NOT_APPLICABLE_GLOBAL_BASELINE,HF9g-P5,,,,X 全窗基线 · 不参与实体赏罚,3921498,393,A168_HF9F_20260827_0900,2026-08-27 09:00:00
2026-07-22,153342294,2250,0,4.0878060745,-4.0878060745,-4.0878060745,0E-7,1,1,0.50665070000000000,0.506650700000,-1.013391052207602,-1.013391052207602,-1.013391052207602,0E-17,ELIGIBLE,R03b_20260811_FULL_v1,L1_ELIGIBILITY,v2026-08-11,2026-03-21..2026-08-06,baccarat_bet02_101_all_pairs_incl_sentinel,round_win = game_pnl > 0 (decisive only),COMPATIBILITY_ONLY_NOT_PRODUCTION,182.3162,177.2064,-62.3595,35,35,0.34204036,0.34204036,,0.34204036,62.3595,182.3162,OK,0.0000,-2.4944,4.0000,96.0000,AG03-UNRESOLVED,ALL5_LEVELS_bet23_to_bet27,-2.4944,-2.4944,-2.4944,-2.4944,-2.4944,4.000000,4.000000,4.000000,4.000000,4.000000,96.000000,96.000000,96.000000,96.000000,96.000000,5.0,-12.4719,-11.5133,-49.8876,-50.8462,PENDING_AG03,FALSE,NOT_FOR_ENFORCEMENT,-59.8651,170.1181,-62.3595,-59.8651,-2.4944,-0.34204036,-0.32835874,-2.4944,-59.8651,-0.32835874,-2.4944,-2.4944,-2.4944,-2.4944,-2.4944,-59.8651,-0.32835874,-12.4719,-11.5133,-49.8876,-50.8462,-0.27363229,-0.27889037,-0.01368161,5.2090,5.0630,-1.7817,-62.3595,-4.1573,182.3162,35.0000,5.2090,,4.1389,4.9054,6.1317,7.3581,8.0734,8.1756,4.9054,3.8834,1.645833,1.666667,1.061905,15,13,1,2,1.00000000,-0.34204036,-0.34204036,0E-8,0.000000,0.971973,0.000000,,2026-07-22,2026-07-22,1,15,15,1,1.000000,,1.000000,3.333333,,,,,,,,GLOBAL_BASELINE_NO_ENTITY_RANKING,,,NOT_APPLICABLE_GLOBAL_BASELINE,HF9g-P5,,,,X 全窗基线 · 不参与实体赏罚,3921499,393,A168_HF9F_20260827_0900,2026-08-27 09:00:00
2026-07-22,153342294,2258,0,6.1317091117,5.8251236561,5.8251236561,1.0000000,1,1,0.50665070000000000,0.506650700000,0.9867858985152569,0.9867858985152569,0.9867858985152569,0E-17,ELIGIBLE,R03b_20260811_FULL_v1,L1_ELIGIBILITY,v2026-08-11,2026-03-21..2026-08-06,baccarat_bet02_101_all_pairs_incl_sentinel,round_win = game_pnl > 0 (decisive only),COMPATIBILITY_ONLY_NOT_PRODUCTION,182.3162,177.2064,-62.3595,35,35,0.34204036,0.34204036,,0.34204036,62.3595,182.3162,OK,0.0000,-2.4944,4.0000,96.0000,AG03-UNRESOLVED,ALL5_LEVELS_bet23_to_bet27,-2.4944,-2.4944,-2.4944,-2.4944,-2.4944,4.000000,4.000000,4.000000,4.000000,4.000000,96.000000,96.000000,96.000000,96.000000,96.000000,5.0,-12.4719,-11.5133,-49.8876,-50.8462,PENDING_AG03,FALSE,NOT_FOR_ENFORCEMENT,-59.8651,170.1181,-62.3595,-59.8651,-2.4944,-0.34204036,-0.32835874,-2.4944,-59.8651,-0.32835874,-2.4944,-2.4944,-2.4944,-2.4944,-2.4944,-59.8651,-0.32835874,-12.4719,-11.5133,-49.8876,-50.8462,-0.27363229,-0.27889037,-0.01368161,5.2090,5.0630,-1.7817,-62.3595,-4.1573,182.3162,35.0000,5.2090,,4.1389,4.9054,6.1317,7.3581,8.0734,8.1756,4.9054,3.8834,1.645833,1.666667,1.061905,15,13,1,2,1.00000000,-0.34204036,-0.34204036,0E-8,0.000000,0.971973,0.000000,,2026-07-22,2026-07-22,1,15,15,1,1.000000,,1.000000,3.333333,,,,,,,,GLOBAL_BASELINE_NO_ENTITY_RANKING,,,NOT_APPLICABLE_GLOBAL_BASELINE,HF9g-P5,,,,X 全窗基线 · 不参与实体赏罚,3921500,393,A168_HF9F_20260827_0900,2026-08-27 09:00:00
2026-07-22,153342294,2280,0,10.2195151862,-2.2482933409,-2.2482933409,0.5000000,2,2,0.49994810000000000,0.499948100000,0.00014679536856514622,0.00014679536856514622,0.00014679536856514622,0E-17,ELIGIBLE,R03b_20260811_FULL_v1,L1_ELIGIBILITY,v2026-08-11,2026-03-21..2026-08-06,baccarat_bet02_101_all_pairs_incl_sentinel,round_win = game_pnl > 0 (decisive only),COMPATIBILITY_ONLY_NOT_PRODUCTION,182.3162,177.2064,-62.3595,35,35,0.34204036,0.34204036,,0.34204036,62.3595,182.3162,OK,0.0000,-2.4944,4.0000,96.0000,AG03-UNRESOLVED,ALL5_LEVELS_bet23_to_bet27,-2.4944,-2.4944,-2.4944,-2.4944,-2.4944,4.000000,4.000000,4.000000,4.000000,4.000000,96.000000,96.000000,96.000000,96.000000,96.000000,5.0,-12.4719,-11.5133,-49.8876,-50.8462,PENDING_AG03,FALSE,NOT_FOR_ENFORCEMENT,-59.8651,170.1181,-62.3595,-59.8651,-2.4944,-0.34204036,-0.32835874,-2.4944,-59.8651,-0.32835874,-2.4944,-2.4944,-2.4944,-2.4944,-2.4944,-59.8651,-0.32835874,-12.4719,-11.5133,-49.8876,-50.8462,-0.27363229,-0.27889037,-0.01368161,5.2090,5.0630,-1.7817,-62.3595,-4.1573,182.3162,35.0000,5.2090,,4.1389,4.9054,6.1317,7.3581,8.0734,8.1756,4.9054,3.8834,1.645833,1.666667,1.061905,15,13,1,2,1.00000000,-0.34204036,-0.34204036,0E-8,0.000000,0.971973,0.000000,,2026-07-22,2026-07-22,1,15,15,1,1.000000,,1.000000,3.333333,,,,,,,,GLOBAL_BASELINE_NO_ENTITY_RANKING,,,NOT_APPLICABLE_GLOBAL_BASELINE,HF9g-P5,,,,X 全窗基线 · 不参与实体赏罚,3921501,393,A168_HF9F_20260827_0900,2026-08-27 09:00:00
2026-07-22,153342294,986,0,4.0878060745,3.8834157708,3.8834157708,1.0000000,1,1,0.50665070000000000,0.506650700000,0.9867858985152569,0.9867858985152569,0.9867858985152569,0E-17,ELIGIBLE,R03b_20260811_FULL_v1,L1_ELIGIBILITY,v2026-08-11,2026-03-21..2026-08-06,baccarat_bet02_101_all_pairs_incl_sentinel,round_win = game_pnl > 0 (decisive only),COMPATIBILITY_ONLY_NOT_PRODUCTION,182.3162,177.2064,-62.3595,35,35,0.34204036,0.34204036,,0.34204036,62.3595,182.3162,OK,0.0000,-2.4944,4.0000,96.0000,AG03-UNRESOLVED,ALL5_LEVELS_bet23_to_bet27,-2.4944,-2.4944,-2.4944,-2.4944,-2.4944,4.000000,4.000000,4.000000,4.000000,4.000000,96.000000,96.000000,96.000000,96.000000,96.000000,5.0,-12.4719,-11.5133,-49.8876,-50.8462,PENDING_AG03,FALSE,NOT_FOR_ENFORCEMENT,-59.8651,170.1181,-62.3595,-59.8651,-2.4944,-0.34204036,-0.32835874,-2.4944,-59.8651,-0.32835874,-2.4944,-2.4944,-2.4944,-2.4944,-2.4944,-59.8651,-0.32835874,-12.4719,-11.5133,-49.8876,-50.8462,-0.27363229,-0.27889037,-0.01368161,5.2090,5.0630,-1.7817,-62.3595,-4.1573,182.3162,35.0000,5.2090,,4.1389,4.9054,6.1317,7.3581,8.0734,8.1756,4.9054,3.8834,1.645833,1.666667,1.061905,15,13,1,2,1.00000000,-0.34204036,-0.34204036,0E-8,0.000000,0.971973,0.000000,,2026-07-22,2026-07-22,1,15,15,1,1.000000,,1.000000,3.333333,,,,,,,,GLOBAL_BASELINE_NO_ENTITY_RANKING,,,NOT_APPLICABLE_GLOBAL_BASELINE,HF9g-P5,,,,X 全窗基线 · 不参与实体赏罚,3921502,393,A168_HF9F_20260827_0900,2026-08-27 09:00:00
2026-04-02,136698062,1304,0,18.9741319335,1.8974131933,1.8974131933,0.5714286,9,9,0.49771390000000000,0.497713900000,0.3900654543366509,0.3900654543366509,0.3900654543366509,0E-17,ELIGIBLE,R03b_20260811_FULL_v1,L1_ELIGIBILITY,v2026-08-11,2026-03-21..2026-08-06,baccarat_bet02_101_all_pairs_incl_sentinel,round_win = game_pnl > 0 (decisive only),COMPATIBILITY_ONLY_NOT_PRODUCTION,253.6419,224.7056,-62.3552,112,112,0.24583969,,0.24583969,0.24583969,62.3552,253.6419,OK,0.0000,-2.4942,4.0000,96.0000,AG03-UNRESOLVED,ALL5_LEVELS_bet23_to_bet27,-2.4942,-2.4942,-2.4942,-3.7413,-3.7413,4.000000,4.000000,4.000000,6.000000,6.000000,96.000000,96.000000,96.000000,94.000000,94.000000,5.0,-14.9653,-13.6089,-47.3900,-48.7464,PENDING_AG03,FALSE,NOT_FOR_ENFORCEMENT,-59.8610,215.7174,-62.3552,-59.8610,-2.4942,-0.24583969,-0.23600610,-2.4942,-59.8610,-0.23600610,-2.4942,-2.4942,-2.4942,-3.7413,-3.7413,-59.8610,-0.23600610,-14.9653,-13.6089,-47.3900,-48.7464,-0.18683816,-0.19218585,-0.00983359,2.2647,2.0063,-0.5567,-12.4710,-4.7966,50.7284,22.4000,,2.2647,2.0439,2.1082,2.1082,2.1082,2.1082,10.2195,2.1082,1.9417,1.0,4.847423,1.074196,7,16,12,2,0E-8,-0.24583969,,0E-8,0.000000,0.885917,0.000000,,2026-04-02,2026-07-02,5,13,10,92,0.054348,,,0.000000,,,,,,,,GLOBAL_BASELINE_NO_ENTITY_RANKING,,,NOT_APPLICABLE_GLOBAL_BASELINE,HF9g-P5,,,,X 全窗基线 · 不参与实体赏罚,3921503,393,A168_HF9F_20260827_0900,2026-08-27 09:00:00
2026-04-02,136698062,1505,0,6.3247106445,6.2192988004,6.2192988004,1.0000000,3,3,0.49771390000000000,0.497713900000,1.739988277604938,1.739988277604938,1.739988277604938,0E-17,ELIGIBLE,R03b_20260811_FULL_v1,L1_ELIGIBILITY,v2026-08-11,2026-03-21..2026-08-06,baccarat_bet02_101_all_pairs_incl_sentinel,round_win = game_pnl > 0 (decisive only),COMPATIBILITY_ONLY_NOT_PRODUCTION,253.6419,224.7056,-62.3552,112,112,0.24583969,,0.24583969,0.24583969,62.3552,253.6419,OK,0.0000,-2.4942,4.0000,96.0000,AG03-UNRESOLVED,ALL5_LEVELS_bet23_to_bet27,-2.4942,-2.4942,-2.4942,-3.7413,-3.7413,4.000000,4.000000,4.000000,6.000000,6.000000,96.000000,96.000000,96.000000,94.000000,94.000000,5.0,-14.9653,-13.6089,-47.3900,-48.7464,PENDING_AG03,FALSE,NOT_FOR_ENFORCEMENT,-59.8610,215.7174,-62.3552,-59.8610,-2.4942,-0.24583969,-0.23600610,-2.4942,-59.8610,-0.23600610,-2.4942,-2.4942,-2.4942,-3.7413,-3.7413,-59.8610,-0.23600610,-14.9653,-13.6089,-47.3900,-48.7464,-0.18683816,-0.19218585,-0.00983359,2.2647,2.0063,-0.5567,-12.4710,-4.7966,50.7284,22.4000,,2.2647,2.0439,2.1082,2.1082,2.1082,2.1082,10.2195,2.1082,1.9417,1.0,4.847423,1.074196,7,16,12,2,0E-8,-0.24583969,,0E-8,0.000000,0.885917,0.000000,,2026-04-02,2026-07-02,5,13,10,92,0.054348,,,0.000000,,,,,,,,GLOBAL_BASELINE_NO_ENTITY_RANKING,,,NOT_APPLICABLE_GLOBAL_BASELINE,HF9g-P5,,,,X 全窗基线 · 不参与实体赏罚,3921504,393,A168_HF9F_20260827_0900,2026-08-27 09:00:00
2026-04-02,136698062,2171,0,2.1082368815,-2.1082368815,-2.1082368815,0E-7,1,1,0.49324550000000000,0.493245500000,-0.9865810262130424,-0.9865810262130424,-0.9865810262130424,0E-17,ELIGIBLE,R03b_20260811_FULL_v1,L1_ELIGIBILITY,v2026-08-11,2026-03-21..2026-08-06,baccarat_bet02_101_all_pairs_incl_sentinel,round_win = game_pnl > 0 (decisive only),COMPATIBILITY_ONLY_NOT_PRODUCTION,253.6419,224.7056,-62.3552,112,112,0.24583969,,0.24583969,0.24583969,62.3552,253.6419,OK,0.0000,-2.4942,4.0000,96.0000,AG03-UNRESOLVED,ALL5_LEVELS_bet23_to_bet27,-2.4942,-2.4942,-2.4942,-3.7413,-3.7413,4.000000,4.000000,4.000000,6.000000,6.000000,96.000000,96.000000,96.000000,94.000000,94.000000,5.0,-14.9653,-13.6089,-47.3900,-48.7464,PENDING_AG03,FALSE,NOT_FOR_ENFORCEMENT,-59.8610,215.7174,-62.3552,-59.8610,-2.4942,-0.24583969,-0.23600610,-2.4942,-59.8610,-0.23600610,-2.4942,-2.4942,-2.4942,-3.7413,-3.7413,-59.8610,-0.23600610,-14.9653,-13.6089,-47.3900,-48.7464,-0.18683816,-0.19218585,-0.00983359,2.2647,2.0063,-0.5567,-12.4710,-4.7966,50.7284,22.4000,,2.2647,2.0439,2.1082,2.1082,2.1082,2.1082,10.2195,2.1082,1.9417,1.0,4.847423,1.074196,7,16,12,2,0E-8,-0.24583969,,0E-8,0.000000,0.885917,0.000000,,2026-04-02,2026-07-02,5,13,10,92,0.054348,,,0.000000,,,,,,,,GLOBAL_BASELINE_NO_ENTITY_RANKING,,,NOT_APPLICABLE_GLOBAL_BASELINE,HF9g-P5,,,,X 全窗基线 · 不参与实体赏罚,3921505,393,A168_HF9F_20260827_0900,2026-08-27 09:00:00
2026-04-02,136698062,2223,0,14.7576581705,-2.3190605697,-2.3190605697,0.4285714,7,7,0.50282064285714286,0.502820642857,-0.39289616391791987,-0.3928961639171632,-0.39289616391791987,1.4286E-13,ELIGIBLE,R03b_20260811_FULL_v1,L1_ELIGIBILITY,v2026-08-11,2026-03-21..2026-08-06,baccarat_bet02_101_all_pairs_incl_sentinel,round_win = game_pnl > 0 (decisive only),COMPATIBILITY_ONLY_NOT_PRODUCTION,253.6419,224.7056,-62.3552,112,112,0.24583969,,0.24583969,0.24583969,62.3552,253.6419,OK,0.0000,-2.4942,4.0000,96.0000,AG03-UNRESOLVED,ALL5_LEVELS_bet23_to_bet27,-2.4942,-2.4942,-2.4942,-3.7413,-3.7413,4.000000,4.000000,4.000000,6.000000,6.000000,96.000000,96.000000,96.000000,94.000000,94.000000,5.0,-14.9653,-13.6089,-47.3900,-48.7464,PENDING_AG03,FALSE,NOT_FOR_ENFORCEMENT,-59.8610,215.7174,-62.3552,-59.8610,-2.4942,-0.24583969,-0.23600610,-2.4942,-59.8610,-0.23600610,-2.4942,-2.4942,-2.4942,-3.7413,-3.7413,-59.8610,-0.23600610,-14.9653,-13.6089,-47.3900,-48.7464,-0.18683816,-0.19218585,-0.00983359,2.2647,2.0063,-0.5567,-12.4710,-4.7966,50.7284,22.4000,,2.2647,2.0439,2.1082,2.1082,2.1082,2.1082,10.2195,2.1082,1.9417,1.0,4.847423,1.074196,7,16,12,2,0E-8,-0.24583969,,0E-8,0.000000,0.885917,0.000000,,2026-04-02,2026-07-02,5,13,10,92,0.054348,,,0.000000,,,,,,,,GLOBAL_BASELINE_NO_ENTITY_RANKING,,,NOT_APPLICABLE_GLOBAL_BASELINE,HF9g-P5,,,,X 全窗基线 · 不参与实体赏罚,3921506,393,A168_HF9F_20260827_0900,2026-08-27 09:00:00
2026-04-02,136698062,2233,0,4.2164737630,2.1082368815,2.1082368815,1.0000000,2,2,0.49994810000000000,0.499948100000,1.0001038053877793,1.0001038053877793,1.0001038053877793,0E-17,ELIGIBLE,R03b_20260811_FULL_v1,L1_ELIGIBILITY,v2026-08-11,2026-03-21..2026-08-06,baccarat_bet02_101_all_pairs_incl_sentinel,round_win = game_pnl > 0 (decisive only),COMPATIBILITY_ONLY_NOT_PRODUCTION,253.6419,224.7056,-62.3552,112,112,0.24583969,,0.24583969,0.24583969,62.3552,253.6419,OK,0.0000,-2.4942,4.0000,96.0000,AG03-UNRESOLVED,ALL5_LEVELS_bet23_to_bet27,-2.4942,-2.4942,-2.4942,-3.7413,-3.7413,4.000000,4.000000,4.000000,6.000000,6.000000,96.000000,96.000000,96.000000,94.000000,94.000000,5.0,-14.9653,-13.6089,-47.3900,-48.7464,PENDING_AG03,FALSE,NOT_FOR_ENFORCEMENT,-59.8610,215.7174,-62.3552,-59.8610,-2.4942,-0.24583969,-0.23600610,-2.4942,-59.8610,-0.23600610,-2.4942,-2.4942,-2.4942,-3.7413,-3.7413,-59.8610,-0.23600610,-14.9653,-13.6089,-47.3900,-48.7464,-0.18683816,-0.19218585,-0.00983359,2.2647,2.0063,-0.5567,-12.4710,-4.7966,50.7284,22.4000,,2.2647,2.0439,2.1082,2.1082,2.1082,2.1082,10.2195,2.1082,1.9417,1.0,4.847423,1.074196,7,16,12,2,0E-8,-0.24583969,,0E-8,0.000000,0.885917,0.000000,,2026-04-02,2026-07-02,5,13,10,92,0.054348,,,0.000000,,,,,,,,GLOBAL_BASELINE_NO_ENTITY_RANKING,,,NOT_APPLICABLE_GLOBAL_BASELINE,HF9g-P5,,,,X 全窗基线 · 不参与实体赏罚,3921507,393,A168_HF9F_20260827_0900,2026-08-27 09:00:00
2026-04-11,136698062,1963,0,16.8658950520,3.9002382307,3.9002382307,0.6250000,8,8,0.50162375000000000,0.501623750000,0.6979251443573454,0.6979251443573454,0.6979251443573454,0E-17,ELIGIBLE,R03b_20260811_FULL_v1,L1_ELIGIBILITY,v2026-08-11,2026-03-21..2026-08-06,baccarat_bet02_101_all_pairs_incl_sentinel,round_win = game_pnl > 0 (decisive only),COMPATIBILITY_ONLY_NOT_PRODUCTION,253.6419,224.7056,-62.3552,112,112,0.24583969,,0.24583969,0.24583969,62.3552,253.6419,OK,0.0000,-2.4942,4.0000,96.0000,AG03-UNRESOLVED,ALL5_LEVELS_bet23_to_bet27,-2.4942,-2.4942,-2.4942,-3.7413,-3.7413,4.000000,4.000000,4.000000,6.000000,6.000000,96.000000,96.000000,96.000000,94.000000,94.000000,5.0,-14.9653,-13.6089,-47.3900,-48.7464,PENDING_AG03,FALSE,NOT_FOR_ENFORCEMENT,-59.8610,215.7174,-62.3552,-59.8610,-2.4942,-0.24583969,-0.23600610,-2.4942,-59.8610,-0.23600610,-2.4942,-2.4942,-2.4942,-3.7413,-3.7413,-59.8610,-0.23600610,-14.9653,-13.6089,-47.3900,-48.7464,-0.18683816,-0.19218585,-0.00983359,2.2647,2.0063,-0.5567,-12.4710,-4.7966,50.7284,22.4000,,2.2647,2.0439,2.1082,2.1082,2.1082,2.1082,10.2195,2.1082,1.9417,1.0,4.847423,1.074196,7,16,12,2,0E-8,-0.24583969,,0E-8,0.000000,0.885917,0.000000,,2026-04-02,2026-07-02,5,13,10,92,0.054348,,,0.000000,,,,,,,,GLOBAL_BASELINE_NO_ENTITY_RANKING,,,NOT_APPLICABLE_GLOBAL_BASELINE,HF9g-P5,,,,X 全窗基线 · 不参与实体赏罚,3921508,393,A168_HF9F_20260827_0900,2026-08-27 09:00:00
2026-04-11,136698062,2174,0,14.7576581705,1.8974131933,1.8974131933,0.5714286,7,7,0.50282064285714286,0.502820642857,0.36304481076852674,0.3630448107692821,0.36304481076852674,1.4286E-13,ELIGIBLE,R03b_20260811_FULL_v1,L1_ELIGIBILITY,v2026-08-11,2026-03-21..2026-08-06,baccarat_bet02_101_all_pairs_incl_sentinel,round_win = game_pnl > 0 (decisive only),COMPATIBILITY_ONLY_NOT_PRODUCTION,253.6419,224.7056,-62.3552,112,112,0.24583969,,0.24583969,0.24583969,62.3552,253.6419,OK,0.0000,-2.4942,4.0000,96.0000,AG03-UNRESOLVED,ALL5_LEVELS_bet23_to_bet27,-2.4942,-2.4942,-2.4942,-3.7413,-3.7413,4.000000,4.000000,4.000000,6.000000,6.000000,96.000000,96.000000,96.000000,94.000000,94.000000,5.0,-14.9653,-13.6089,-47.3900,-48.7464,PENDING_AG03,FALSE,NOT_FOR_ENFORCEMENT,-59.8610,215.7174,-62.3552,-59.8610,-2.4942,-0.24583969,-0.23600610,-2.4942,-59.8610,-0.23600610,-2.4942,-2.4942,-2.4942,-3.7413,-3.7413,-59.8610,-0.23600610,-14.9653,-13.6089,-47.3900,-48.7464,-0.18683816,-0.19218585,-0.00983359,2.2647,2.0063,-0.5567,-12.4710,-4.7966,50.7284,22.4000,,2.2647,2.0439,2.1082,2.1082,2.1082,2.1082,10.2195,2.1082,1.9417,1.0,4.847423,1.074196,7,16,12,2,0E-8,-0.24583969,,0E-8,0.000000,0.885917,0.000000,,2026-04-02,2026-07-02,5,13,10,92,0.054348,,,0.000000,,,,,,,,GLOBAL_BASELINE_NO_ENTITY_RANKING,,,NOT_APPLICABLE_GLOBAL_BASELINE,HF9g-P5,,,,X 全窗基线 · 不参与实体赏罚,3921509,393,A168_HF9F_20260827_0900,2026-08-27 09:00:00
2026-04-11,136698062,2196,0,12.6494212890,12.2277739126,12.2277739126,1.0000000,6,6,0.50218230000000000,0.502182300000,2.4388219294159463,2.4388219294159463,2.4388219294159463,0E-17,ELIGIBLE,R03b_20260811_FULL_v1,L1_ELIGIBILITY,v2026-08-11,2026-03-21..2026-08-06,baccarat_bet02_101_all_pairs_incl_sentinel,round_win = game_pnl > 0 (decisive only),COMPATIBILITY_ONLY_NOT_PRODUCTION,253.6419,224.7056,-62.3552,112,112,0.24583969,,0.24583969,0.24583969,62.3552,253.6419,OK,0.0000,-2.4942,4.0000,96.0000,AG03-UNRESOLVED,ALL5_LEVELS_bet23_to_bet27,-2.4942,-2.4942,-2.4942,-3.7413,-3.7413,4.000000,4.000000,4.000000,6.000000,6.000000,96.000000,96.000000,96.000000,94.000000,94.000000,5.0,-14.9653,-13.6089,-47.3900,-48.7464,PENDING_AG03,FALSE,NOT_FOR_ENFORCEMENT,-59.8610,215.7174,-62.3552,-59.8610,-2.4942,-0.24583969,-0.23600610,-2.4942,-59.8610,-0.23600610,-2.4942,-2.4942,-2.4942,-3.7413,-3.7413,-59.8610,-0.23600610,-14.9653,-13.6089,-47.3900,-48.7464,-0.18683816,-0.19218585,-0.00983359,2.2647,2.0063,-0.5567,-12.4710,-4.7966,50.7284,22.4000,,2.2647,2.0439,2.1082,2.1082,2.1082,2.1082,10.2195,2.1082,1.9417,1.0,4.847423,1.074196,7,16,12,2,0E-8,-0.24583969,,0E-8,0.000000,0.885917,0.000000,,2026-04-02,2026-07-02,5,13,10,92,0.054348,,,0.000000,,,,,,,,GLOBAL_BASELINE_NO_ENTITY_RANKING,,,NOT_APPLICABLE_GLOBAL_BASELINE,HF9g-P5,,,,X 全窗基线 · 不参与实体赏罚,3921510,393,A168_HF9F_20260827_0900,2026-08-27 09:00:00
2026-04-11,136698062,2251,0,21.0823688150,12.1223620685,12.1223620685,0.8888889,9,9,0.50069283333333333,0.500692833333,2.3291785694298133,2.3291785694318112,2.3291785694298133,3.3333E-13,ELIGIBLE,R03b_20260811_FULL_v1,L1_ELIGIBILITY,v2026-08-11,2026-03-21..2026-08-06,baccarat_bet02_101_all_pairs_incl_sentinel,round_win = game_pnl > 0 (decisive only),COMPATIBILITY_ONLY_NOT_PRODUCTION,253.6419,224.7056,-62.3552,112,112,0.24583969,,0.24583969,0.24583969,62.3552,253.6419,OK,0.0000,-2.4942,4.0000,96.0000,AG03-UNRESOLVED,ALL5_LEVELS_bet23_to_bet27,-2.4942,-2.4942,-2.4942,-3.7413,-3.7413,4.000000,4.000000,4.000000,6.000000,6.000000,96.000000,96.000000,96.000000,94.000000,94.000000,5.0,-14.9653,-13.6089,-47.3900,-48.7464,PENDING_AG03,FALSE,NOT_FOR_ENFORCEMENT,-59.8610,215.7174,-62.3552,-59.8610,-2.4942,-0.24583969,-0.23600610,-2.4942,-59.8610,-0.23600610,-2.4942,-2.4942,-2.4942,-3.7413,-3.7413,-59.8610,-0.23600610,-14.9653,-13.6089,-47.3900,-48.7464,-0.18683816,-0.19218585,-0.00983359,2.2647,2.0063,-0.5567,-12.4710,-4.7966,50.7284,22.4000,,2.2647,2.0439,2.1082,2.1082,2.1082,2.1082,10.2195,2.1082,1.9417,1.0,4.847423,1.074196,7,16,12,2,0E-8,-0.24583969,,0E-8,0.000000,0.885917,0.000000,,2026-04-02,2026-07-02,5,13,10,92,0.054348,,,0.000000,,,,,,,,GLOBAL_BASELINE_NO_ENTITY_RANKING,,,NOT_APPLICABLE_GLOBAL_BASELINE,HF9g-P5,,,,X 全窗基线 · 不参与实体赏罚,3921511,393,A168_HF9F_20260827_0900,2026-08-27 09:00:00
2026-04-11,136698062,2252,0,14.7576581705,-8.4329475260,-8.4329475260,0.2000000,6,6,0.49324550000000000,0.493245500000,-1.3115534243649334,-1.3115534243649334,-1.3115534243649334,0E-17,ELIGIBLE,R03b_20260811_FULL_v1,L1_ELIGIBILITY,v2026-08-11,2026-03-21..2026-08-06,baccarat_bet02_101_all_pairs_incl_sentinel,round_win = game_pnl > 0 (decisive only),COMPATIBILITY_ONLY_NOT_PRODUCTION,253.6419,224.7056,-62.3552,112,112,0.24583969,,0.24583969,0.24583969,62.3552,253.6419,OK,0.0000,-2.4942,4.0000,96.0000,AG03-UNRESOLVED,ALL5_LEVELS_bet23_to_bet27,-2.4942,-2.4942,-2.4942,-3.7413,-3.7413,4.000000,4.000000,4.000000,6.000000,6.000000,96.000000,96.000000,96.000000,94.000000,94.000000,5.0,-14.9653,-13.6089,-47.3900,-48.7464,PENDING_AG03,FALSE,NOT_FOR_ENFORCEMENT,-59.8610,215.7174,-62.3552,-59.8610,-2.4942,-0.24583969,-0.23600610,-2.4942,-59.8610,-0.23600610,-2.4942,-2.4942,-2.4942,-3.7413,-3.7413,-59.8610,-0.23600610,-14.9653,-13.6089,-47.3900,-48.7464,-0.18683816,-0.19218585,-0.00983359,2.2647,2.0063,-0.5567,-12.4710,-4.7966,50.7284,22.4000,,2.2647,2.0439,2.1082,2.1082,2.1082,2.1082,10.2195,2.1082,1.9417,1.0,4.847423,1.074196,7,16,12,2,0E-8,-0.24583969,,0E-8,0.000000,0.885917,0.000000,,2026-04-02,2026-07-02,5,13,10,92,0.054348,,,0.000000,,,,,,,,GLOBAL_BASELINE_NO_ENTITY_RANKING,,,NOT_APPLICABLE_GLOBAL_BASELINE,HF9g-P5,,,,X 全窗基线 · 不参与实体赏罚,3921512,393,A168_HF9F_20260827_0900,2026-08-27 09:00:00
2026-04-24,136698062,1396,0,6.3247106445,0E-10,0E-10,0.5000000,3,3,0.49324550000000000,0.493245500000,0.01910635448239258,0.01910635448239258,0.01910635448239258,0E-17,ELIGIBLE,R03b_20260811_FULL_v1,L1_ELIGIBILITY,v2026-08-11,2026-03-21..2026-08-06,baccarat_bet02_101_all_pairs_incl_sentinel,round_win = game_pnl > 0 (decisive only),COMPATIBILITY_ONLY_NOT_PRODUCTION,253.6419,224.7056,-62.3552,112,112,0.24583969,,0.24583969,0.24583969,62.3552,253.6419,OK,0.0000,-2.4942,4.0000,96.0000,AG03-UNRESOLVED,ALL5_LEVELS_bet23_to_bet27,-2.4942,-2.4942,-2.4942,-3.7413,-3.7413,4.000000,4.000000,4.000000,6.000000,6.000000,96.000000,96.000000,96.000000,94.000000,94.000000,5.0,-14.9653,-13.6089,-47.3900,-48.7464,PENDING_AG03,FALSE,NOT_FOR_ENFORCEMENT,-59.8610,215.7174,-62.3552,-59.8610,-2.4942,-0.24583969,-0.23600610,-2.4942,-59.8610,-0.23600610,-2.4942,-2.4942,-2.4942,-3.7413,-3.7413,-59.8610,-0.23600610,-14.9653,-13.6089,-47.3900,-48.7464,-0.18683816,-0.19218585,-0.00983359,2.2647,2.0063,-0.5567,-12.4710,-4.7966,50.7284,22.4000,,2.2647,2.0439,2.1082,2.1082,2.1082,2.1082,10.2195,2.1082,1.9417,1.0,4.847423,1.074196,7,16,12,2,0E-8,-0.24583969,,0E-8,0.000000,0.885917,0.000000,,2026-04-02,2026-07-02,5,13,10,92,0.054348,,,0.000000,,,,,,,,GLOBAL_BASELINE_NO_ENTITY_RANKING,,,NOT_APPLICABLE_GLOBAL_BASELINE,HF9g-P5,,,,X 全窗基线 · 不参与实体赏罚,3921513,393,A168_HF9F_20260827_0900,2026-08-27 09:00:00
2026-06-19,136698062,2124,0,2.0771451717,2.0771451717,2.0771451717,1.0000000,1,1,0.49324550000000000,0.493245500000,1.01360149184955,1.01360149184955,1.01360149184955,0E-17,ELIGIBLE,R03b_20260811_FULL_v1,L1_ELIGIBILITY,v2026-08-11,2026-03-21..2026-08-06,baccarat_bet02_101_all_pairs_incl_sentinel,round_win = game_pnl > 0 (decisive only),COMPATIBILITY_ONLY_NOT_PRODUCTION,253.6419,224.7056,-62.3552,112,112,0.24583969,,0.24583969,0.24583969,62.3552,253.6419,OK,0.0000,-2.4942,4.0000,96.0000,AG03-UNRESOLVED,ALL5_LEVELS_bet23_to_bet27,-2.4942,-2.4942,-2.4942,-3.7413,-3.7413,4.000000,4.000000,4.000000,6.000000,6.000000,96.000000,96.000000,96.000000,94.000000,94.000000,5.0,-14.9653,-13.6089,-47.3900,-48.7464,PENDING_AG03,FALSE,NOT_FOR_ENFORCEMENT,-59.8610,215.7174,-62.3552,-59.8610,-2.4942,-0.24583969,-0.23600610,-2.4942,-59.8610,-0.23600610,-2.4942,-2.4942,-2.4942,-3.7413,-3.7413,-59.8610,-0.23600610,-14.9653,-13.6089,-47.3900,-48.7464,-0.18683816,-0.19218585,-0.00983359,2.2647,2.0063,-0.5567,-12.4710,-4.7966,50.7284,22.4000,,2.2647,2.0439,2.1082,2.1082,2.1082,2.1082,10.2195,2.1082,1.9417,1.0,4.847423,1.074196,7,16,12,2,0E-8,-0.24583969,,0E-8,0.000000,0.885917,0.000000,,2026-04-02,2026-07-02,5,13,10,92,0.054348,,,0.000000,,,,,,,,GLOBAL_BASELINE_NO_ENTITY_RANKING,,,NOT_APPLICABLE_GLOBAL_BASELINE,HF9g-P5,,,,X 全窗基线 · 不参与实体赏罚,3921514,393,A168_HF9F_20260827_0900,2026-08-27 09:00:00
2026-06-19,136698062,2246,0,12.4628710302,3.9465758262,3.9465758262,0.6666667,6,6,0.49994810000000000,0.499948100000,0.8167508423630434,0.8167508423630434,0.8167508423630434,0E-17,ELIGIBLE,R03b_20260811_FULL_v1,L1_ELIGIBILITY,v2026-08-11,2026-03-21..2026-08-06,baccarat_bet02_101_all_pairs_incl_sentinel,round_win = game_pnl > 0 (decisive only),COMPATIBILITY_ONLY_NOT_PRODUCTION,253.6419,224.7056,-62.3552,112,112,0.24583969,,0.24583969,0.24583969,62.3552,253.6419,OK,0.0000,-2.4942,4.0000,96.0000,AG03-UNRESOLVED,ALL5_LEVELS_bet23_to_bet27,-2.4942,-2.4942,-2.4942,-3.7413,-3.7413,4.000000,4.000000,4.000000,6.000000,6.000000,96.000000,96.000000,96.000000,94.000000,94.000000,5.0,-14.9653,-13.6089,-47.3900,-48.7464,PENDING_AG03,FALSE,NOT_FOR_ENFORCEMENT,-59.8610,215.7174,-62.3552,-59.8610,-2.4942,-0.24583969,-0.23600610,-2.4942,-59.8610,-0.23600610,-2.4942,-2.4942,-2.4942,-3.7413,-3.7413,-59.8610,-0.23600610,-14.9653,-13.6089,-47.3900,-48.7464,-0.18683816,-0.19218585,-0.00983359,2.2647,2.0063,-0.5567,-12.4710,-4.7966,50.7284,22.4000,,2.2647,2.0439,2.1082,2.1082,2.1082,2.1082,10.2195,2.1082,1.9417,1.0,4.847423,1.074196,7,16,12,2,0E-8,-0.24583969,,0E-8,0.000000,0.885917,0.000000,,2026-04-02,2026-07-02,5,13,10,92,0.054348,,,0.000000,,,,,,,,GLOBAL_BASELINE_NO_ENTITY_RANKING,,,NOT_APPLICABLE_GLOBAL_BASELINE,HF9g-P5,,,,X 全窗基线 · 不参与实体赏罚,3921515,393,A168_HF9F_20260827_0900,2026-08-27 09:00:00
2026-07-02,136698062,1325,0,49.0536728930,3.4746351636,3.4746351636,0.5555556,20,20,0.50061836000000000,0.500618360000,0.4661579186893518,0.4661579186893518,0.4661579186893518,0E-17,ELIGIBLE,R03b_20260811_FULL_v1,L1_ELIGIBILITY,v2026-08-11,2026-03-21..2026-08-06,baccarat_bet02_101_all_pairs_incl_sentinel,round_win = game_pnl > 0 (decisive only),COMPATIBILITY_ONLY_NOT_PRODUCTION,253.6419,224.7056,-62.3552,112,112,0.24583969,,0.24583969,0.24583969,62.3552,253.6419,OK,0.0000,-2.4942,4.0000,96.0000,AG03-UNRESOLVED,ALL5_LEVELS_bet23_to_bet27,-2.4942,-2.4942,-2.4942,-3.7413,-3.7413,4.000000,4.000000,4.000000,6.000000,6.000000,96.000000,96.000000,96.000000,94.000000,94.000000,5.0,-14.9653,-13.6089,-47.3900,-48.7464,PENDING_AG03,FALSE,NOT_FOR_ENFORCEMENT,-59.8610,215.7174,-62.3552,-59.8610,-2.4942,-0.24583969,-0.23600610,-2.4942,-59.8610,-0.23600610,-2.4942,-2.4942,-2.4942,-3.7413,-3.7413,-59.8610,-0.23600610,-14.9653,-13.6089,-47.3900,-48.7464,-0.18683816,-0.19218585,-0.00983359,2.2647,2.0063,-0.5567,-12.4710,-4.7966,50.7284,22.4000,,2.2647,2.0439,2.1082,2.1082,2.1082,2.1082,10.2195,2.1082,1.9417,1.0,4.847423,1.074196,7,16,12,2,0E-8,-0.24583969,,0E-8,0.000000,0.885917,0.000000,,2026-04-02,2026-07-02,5,13,10,92,0.054348,,,0.000000,,,,,,,,GLOBAL_BASELINE_NO_ENTITY_RANKING,,,NOT_APPLICABLE_GLOBAL_BASELINE,HF9g-P5,,,,X 全窗基线 · 不参与实体赏罚,3921516,393,A168_HF9F_20260827_0900,2026-08-27 09:00:00
2026-07-02,136698062,1330,0,10.2195151862,9.7085394269,9.7085394269,1.0000000,1,1,0.50665070000000000,0.506650700000,0.9867858985152569,0.9867858985152569,0.9867858985152569,0E-17,ELIGIBLE,R03b_20260811_FULL_v1,L1_ELIGIBILITY,v2026-08-11,2026-03-21..2026-08-06,baccarat_bet02_101_all_pairs_incl_sentinel,round_win = game_pnl > 0 (decisive only),COMPATIBILITY_ONLY_NOT_PRODUCTION,253.6419,224.7056,-62.3552,112,112,0.24583969,,0.24583969,0.24583969,62.3552,253.6419,OK,0.0000,-2.4942,4.0000,96.0000,AG03-UNRESOLVED,ALL5_LEVELS_bet23_to_bet27,-2.4942,-2.4942,-2.4942,-3.7413,-3.7413,4.000000,4.000000,4.000000,6.000000,6.000000,96.000000,96.000000,96.000000,94.000000,94.000000,5.0,-14.9653,-13.6089,-47.3900,-48.7464,PENDING_AG03,FALSE,NOT_FOR_ENFORCEMENT,-59.8610,215.7174,-62.3552,-59.8610,-2.4942,-0.24583969,-0.23600610,-2.4942,-59.8610,-0.23600610,-2.4942,-2.4942,-2.4942,-3.7413,-3.7413,-59.8610,-0.23600610,-14.9653,-13.6089,-47.3900,-48.7464,-0.18683816,-0.19218585,-0.00983359,2.2647,2.0063,-0.5567,-12.4710,-4.7966,50.7284,22.4000,,2.2647,2.0439,2.1082,2.1082,2.1082,2.1082,10.2195,2.1082,1.9417,1.0,4.847423,1.074196,7,16,12,2,0E-8,-0.24583969,,0E-8,0.000000,0.885917,0.000000,,2026-04-02,2026-07-02,5,13,10,92,0.054348,,,0.000000,,,,,,,,GLOBAL_BASELINE_NO_ENTITY_RANKING,,,NOT_APPLICABLE_GLOBAL_BASELINE,HF9g-P5,,,,X 全窗基线 · 不参与实体赏罚,3921517,393,A168_HF9F_20260827_0900,2026-08-27 09:00:00
2026-07-02,136698062,1994,0,36.7902546696,15.7380533868,15.7380533868,0.7500000,18,18,0.50143756666666667,0.501437566667,1.98850768557535,1.9885076855726873,1.98850768557535,-3.3333E-13,ELIGIBLE,R03b_20260811_FULL_v1,L1_ELIGIBILITY,v2026-08-11,2026-03-21..2026-08-06,baccarat_bet02_101_all_pairs_incl_sentinel,round_win = game_pnl > 0 (decisive only),COMPATIBILITY_ONLY_NOT_PRODUCTION,253.6419,224.7056,-62.3552,112,112,0.24583969,,0.24583969,0.24583969,62.3552,253.6419,OK,0.0000,-2.4942,4.0000,96.0000,AG03-UNRESOLVED,ALL5_LEVELS_bet23_to_bet27,-2.4942,-2.4942,-2.4942,-3.7413,-3.7413,4.000000,4.000000,4.000000,6.000000,6.000000,96.000000,96.000000,96.000000,94.000000,94.000000,5.0,-14.9653,-13.6089,-47.3900,-48.7464,PENDING_AG03,FALSE,NOT_FOR_ENFORCEMENT,-59.8610,215.7174,-62.3552,-59.8610,-2.4942,-0.24583969,-0.23600610,-2.4942,-59.8610,-0.23600610,-2.4942,-2.4942,-2.4942,-3.7413,-3.7413,-59.8610,-0.23600610,-14.9653,-13.6089,-47.3900,-48.7464,-0.18683816,-0.19218585,-0.00983359,2.2647,2.0063,-0.5567,-12.4710,-4.7966,50.7284,22.4000,,2.2647,2.0439,2.1082,2.1082,2.1082,2.1082,10.2195,2.1082,1.9417,1.0,4.847423,1.074196,7,16,12,2,0E-8,-0.24583969,,0E-8,0.000000,0.885917,0.000000,,2026-04-02,2026-07-02,5,13,10,92,0.054348,,,0.000000,,,,,,,,GLOBAL_BASELINE_NO_ENTITY_RANKING,,,NOT_APPLICABLE_GLOBAL_BASELINE,HF9g-P5,,,,X 全窗基线 · 不参与实体赏罚,3921518,393,A168_HF9F_20260827_0900,2026-08-27 09:00:00
2026-07-02,136698062,2252,0,10.2195151860,-0.1021951518,-0.1021951518,0.5000000,5,5,0.50128862000000000,0.501288620000,-0.0051544971185412255,-0.0051544971185412255,-0.0051544971185412255,0E-17,ELIGIBLE,R03b_20260811_FULL_v1,L1_ELIGIBILITY,v2026-08-11,2026-03-21..2026-08-06,baccarat_bet02_101_all_pairs_incl_sentinel,round_win = game_pnl > 0 (decisive only),COMPATIBILITY_ONLY_NOT_PRODUCTION,253.6419,224.7056,-62.3552,112,112,0.24583969,,0.24583969,0.24583969,62.3552,253.6419,OK,0.0000,-2.4942,4.0000,96.0000,AG03-UNRESOLVED,ALL5_LEVELS_bet23_to_bet27,-2.4942,-2.4942,-2.4942,-3.7413,-3.7413,4.000000,4.000000,4.000000,6.000000,6.000000,96.000000,96.000000,96.000000,94.000000,94.000000,5.0,-14.9653,-13.6089,-47.3900,-48.7464,PENDING_AG03,FALSE,NOT_FOR_ENFORCEMENT,-59.8610,215.7174,-62.3552,-59.8610,-2.4942,-0.24583969,-0.23600610,-2.4942,-59.8610,-0.23600610,-2.4942,-2.4942,-2.4942,-3.7413,-3.7413,-59.8610,-0.23600610,-14.9653,-13.6089,-47.3900,-48.7464,-0.18683816,-0.19218585,-0.00983359,2.2647,2.0063,-0.5567,-12.4710,-4.7966,50.7284,22.4000,,2.2647,2.0439,2.1082,2.1082,2.1082,2.1082,10.2195,2.1082,1.9417,1.0,4.847423,1.074196,7,16,12,2,0E-8,-0.24583969,,0E-8,0.000000,0.885917,0.000000,,2026-04-02,2026-07-02,5,13,10,92,0.054348,,,0.000000,,,,,,,,GLOBAL_BASELINE_NO_ENTITY_RANKING,,,NOT_APPLICABLE_GLOBAL_BASELINE,HF9g-P5,,,,X 全窗基线 · 不参与实体赏罚,3921519,393,A168_HF9F_20260827_0900,2026-08-27 09:00:00
2026-05-06,149622656,1109,0,23.8700638266,0.5189144310,0.5189144310,0.5000000,6,6,0.49771390000000000,0.497713900000,0.011199674067230152,0.011199674067230152,0.011199674067230152,0E-17,ELIGIBLE,R03b_20260811_FULL_v1,L1_ELIGIBILITY,v2026-08-11,2026-03-21..2026-08-06,baccarat_bet02_101_all_pairs_incl_sentinel,round_win = game_pnl > 0 (decisive only),COMPATIBILITY_ONLY_NOT_PRODUCTION,294.7434,280.9922,-61.7119,33,33,0.20937500,,0.20937500,0.20937500,61.7119,294.7434,OK,0.0000,-1.8514,3.0000,97.0000,AG03-UNRESOLVED,ALL5_LEVELS_bet23_to_bet27,-1.8514,-1.8514,-1.8514,-2.4685,-2.4685,3.000000,3.000000,3.000000,4.000000,4.000000,97.000000,97.000000,97.000000,96.000000,96.000000,5.0,-10.4910,-9.8048,-51.2209,-51.9071,PENDING_AG03,FALSE,NOT_FOR_ENFORCEMENT,-59.8605,272.5624,-61.7119,-59.8605,-1.8514,-0.20937500,-0.20309375,-1.8514,-59.8605,-0.20309375,-1.8514,-1.8514,-1.8514,-2.4685,-2.4685,-59.8605,-0.20309375,-10.4910,-9.8048,-51.2209,-51.9071,-0.17378125,-0.17610938,-0.00628125,8.9316,8.5149,-1.8701,-30.8559,-5.6102,147.3717,16.5000,,8.9316,3.8919,5.1891,8.0432,25.9457,25.9457,51.8914,5.1891,0.0,5.0,10.0,1.721212,11,12,3,2,0E-8,-0.20937500,,0E-8,0.000000,0.953345,0.000000,,2026-05-06,2026-05-07,2,11,11,2,1.000000,,,0.000000,,,,,,,,GLOBAL_BASELINE_NO_ENTITY_RANKING,,,NOT_APPLICABLE_GLOBAL_BASELINE,HF9g-P5,,,,X 全窗基线 · 不参与实体赏罚,3921520,393,A168_HF9F_20260827_0900,2026-08-27 09:00:00
2026-05-06,149622656,1330,0,15.3079757148,7.2648020341,7.2648020341,0.6666667,3,3,0.49771390000000000,0.497713900000,0.5852756695216578,0.5852756695216578,0.5852756695216578,0E-17,ELIGIBLE,R03b_20260811_FULL_v1,L1_ELIGIBILITY,v2026-08-11,2026-03-21..2026-08-06,baccarat_bet02_101_all_pairs_incl_sentinel,round_win = game_pnl > 0 (decisive only),COMPATIBILITY_ONLY_NOT_PRODUCTION,294.7434,280.9922,-61.7119,33,33,0.20937500,,0.20937500,0.20937500,61.7119,294.7434,OK,0.0000,-1.8514,3.0000,97.0000,AG03-UNRESOLVED,ALL5_LEVELS_bet23_to_bet27,-1.8514,-1.8514,-1.8514,-2.4685,-2.4685,3.000000,3.000000,3.000000,4.000000,4.000000,97.000000,97.000000,97.000000,96.000000,96.000000,5.0,-10.4910,-9.8048,-51.2209,-51.9071,PENDING_AG03,FALSE,NOT_FOR_ENFORCEMENT,-59.8605,272.5624,-61.7119,-59.8605,-1.8514,-0.20937500,-0.20309375,-1.8514,-59.8605,-0.20309375,-1.8514,-1.8514,-1.8514,-2.4685,-2.4685,-59.8605,-0.20309375,-10.4910,-9.8048,-51.2209,-51.9071,-0.17378125,-0.17610938,-0.00628125,8.9316,8.5149,-1.8701,-30.8559,-5.6102,147.3717,16.5000,,8.9316,3.8919,5.1891,8.0432,25.9457,25.9457,51.8914,5.1891,0.0,5.0,10.0,1.721212,11,12,3,2,0E-8,-0.20937500,,0E-8,0.000000,0.953345,0.000000,,2026-05-06,2026-05-07,2,11,11,2,1.000000,,,0.000000,,,,,,,,GLOBAL_BASELINE_NO_ENTITY_RANKING,,,NOT_APPLICABLE_GLOBAL_BASELINE,HF9g-P5,,,,X 全窗基线 · 不参与实体赏罚,3921521,393,A168_HF9F_20260827_0900,2026-08-27 09:00:00
2026-05-06,149622656,2093,0,8.5620881117,-1.9848476986,-1.9848476986,0.5000000,2,2,0.50665070000000000,0.506650700000,-0.018812684590367487,-0.018812684590367487,-0.018812684590367487,0E-17,ELIGIBLE,R03b_20260811_FULL_v1,L1_ELIGIBILITY,v2026-08-11,2026-03-21..2026-08-06,baccarat_bet02_101_all_pairs_incl_sentinel,round_win = game_pnl > 0 (decisive only),COMPATIBILITY_ONLY_NOT_PRODUCTION,294.7434,280.9922,-61.7119,33,33,0.20937500,,0.20937500,0.20937500,61.7119,294.7434,OK,0.0000,-1.8514,3.0000,97.0000,AG03-UNRESOLVED,ALL5_LEVELS_bet23_to_bet27,-1.8514,-1.8514,-1.8514,-2.4685,-2.4685,3.000000,3.000000,3.000000,4.000000,4.000000,97.000000,97.000000,97.000000,96.000000,96.000000,5.0,-10.4910,-9.8048,-51.2209,-51.9071,PENDING_AG03,FALSE,NOT_FOR_ENFORCEMENT,-59.8605,272.5624,-61.7119,-59.8605,-1.8514,-0.20937500,-0.20309375,-1.8514,-59.8605,-0.20309375,-1.8514,-1.8514,-1.8514,-2.4685,-2.4685,-59.8605,-0.20309375,-10.4910,-9.8048,-51.2209,-51.9071,-0.17378125,-0.17610938,-0.00628125,8.9316,8.5149,-1.8701,-30.8559,-5.6102,147.3717,16.5000,,8.9316,3.8919,5.1891,8.0432,25.9457,25.9457,51.8914,5.1891,0.0,5.0,10.0,1.721212,11,12,3,2,0E-8,-0.20937500,,0E-8,0.000000,0.953345,0.000000,,2026-05-06,2026-05-07,2,11,11,2,1.000000,,,0.000000,,,,,,,,GLOBAL_BASELINE_NO_ENTITY_RANKING,,,NOT_APPLICABLE_GLOBAL_BASELINE,HF9g-P5,,,,X 全窗基线 · 不参与实体赏罚,3921522,393,A168_HF9F_20260827_0900,2026-08-27 09:00:00
2026-05-06,149622656,2147,0,5.9675159567,-2.5945721551,-2.5945721551,0E-7,2,2,0.49324550000000000,0.493245500000,-0.9865810262130424,-0.9865810262130424,-0.9865810262130424,0E-17,ELIGIBLE,R03b_20260811_FULL_v1,L1_ELIGIBILITY,v2026-08-11,2026-03-21..2026-08-06,baccarat_bet02_101_all_pairs_incl_sentinel,round_win = game_pnl > 0 (decisive only),COMPATIBILITY_ONLY_NOT_PRODUCTION,294.7434,280.9922,-61.7119,33,33,0.20937500,,0.20937500,0.20937500,61.7119,294.7434,OK,0.0000,-1.8514,3.0000,97.0000,AG03-UNRESOLVED,ALL5_LEVELS_bet23_to_bet27,-1.8514,-1.8514,-1.8514,-2.4685,-2.4685,3.000000,3.000000,3.000000,4.000000,4.000000,97.000000,97.000000,97.000000,96.000000,96.000000,5.0,-10.4910,-9.8048,-51.2209,-51.9071,PENDING_AG03,FALSE,NOT_FOR_ENFORCEMENT,-59.8605,272.5624,-61.7119,-59.8605,-1.8514,-0.20937500,-0.20309375,-1.8514,-59.8605,-0.20309375,-1.8514,-1.8514,-1.8514,-2.4685,-2.4685,-59.8605,-0.20309375,-10.4910,-9.8048,-51.2209,-51.9071,-0.17378125,-0.17610938,-0.00628125,8.9316,8.5149,-1.8701,-30.8559,-5.6102,147.3717,16.5000,,8.9316,3.8919,5.1891,8.0432,25.9457,25.9457,51.8914,5.1891,0.0,5.0,10.0,1.721212,11,12,3,2,0E-8,-0.20937500,,0E-8,0.000000,0.953345,0.000000,,2026-05-06,2026-05-07,2,11,11,2,1.000000,,,0.000000,,,,,,,,GLOBAL_BASELINE_NO_ENTITY_RANKING,,,NOT_APPLICABLE_GLOBAL_BASELINE,HF9g-P5,,,,X 全窗基线 · 不参与实体赏罚,3921523,393,A168_HF9F_20260827_0900,2026-08-27 09:00:00
2026-05-06,149622656,2154,0,11.4161174823,6.2269731721,6.2269731721,0.5000000,2,2,0.49324550000000000,0.493245500000,0.01910635448239258,0.01910635448239258,0.01910635448239258,0E-17,ELIGIBLE,R03b_20260811_FULL_v1,L1_ELIGIBILITY,v2026-08-11,2026-03-21..2026-08-06,baccarat_bet02_101_all_pairs_incl_sentinel,round_win = game_pnl > 0 (decisive only),COMPATIBILITY_ONLY_NOT_PRODUCTION,294.7434,280.9922,-61.7119,33,33,0.20937500,,0.20937500,0.20937500,61.7119,294.7434,OK,0.0000,-1.8514,3.0000,97.0000,AG03-UNRESOLVED,ALL5_LEVELS_bet23_to_bet27,-1.8514,-1.8514,-1.8514,-2.4685,-2.4685,3.000000,3.000000,3.000000,4.000000,4.000000,97.000000,97.000000,97.000000,96.000000,96.000000,5.0,-10.4910,-9.8048,-51.2209,-51.9071,PENDING_AG03,FALSE,NOT_FOR_ENFORCEMENT,-59.8605,272.5624,-61.7119,-59.8605,-1.8514,-0.20937500,-0.20309375,-1.8514,-59.8605,-0.20309375,-1.8514,-1.8514,-1.8514,-2.4685,-2.4685,-59.8605,-0.20309375,-10.4910,-9.8048,-51.2209,-51.9071,-0.17378125,-0.17610938,-0.00628125,8.9316,8.5149,-1.8701,-30.8559,-5.6102,147.3717,16.5000,,8.9316,3.8919,5.1891,8.0432,25.9457,25.9457,51.8914,5.1891,0.0,5.0,10.0,1.721212,11,12,3,2,0E-8,-0.20937500,,0E-8,0.000000,0.953345,0.000000,,2026-05-06,2026-05-07,2,11,11,2,1.000000,,,0.000000,,,,,,,,GLOBAL_BASELINE_NO_ENTITY_RANKING,,,NOT_APPLICABLE_GLOBAL_BASELINE,HF9g-P5,,,,X 全窗基线 · 不参与实体赏罚,3921524,393,A168_HF9F_20260827_0900,2026-08-27 09:00:00
2026-05-07,149622656,1646,0,64.8643038763,-12.9728607753,-12.9728607753,0.3333333,3,3,0.49771390000000000,0.497713900000,-0.5694369385616226,-0.5694369385616226,-0.5694369385616226,0E-17,ELIGIBLE,R03b_20260811_FULL_v1,L1_ELIGIBILITY,v2026-08-11,2026-03-21..2026-08-06,baccarat_bet02_101_all_pairs_incl_sentinel,round_win = game_pnl > 0 (decisive only),COMPATIBILITY_ONLY_NOT_PRODUCTION,294.7434,280.9922,-61.7119,33,33,0.20937500,,0.20937500,0.20937500,61.7119,294.7434,OK,0.0000,-1.8514,3.0000,97.0000,AG03-UNRESOLVED,ALL5_LEVELS_bet23_to_bet27,-1.8514,-1.8514,-1.8514,-2.4685,-2.4685,3.000000,3.000000,3.000000,4.000000,4.000000,97.000000,97.000000,97.000000,96.000000,96.000000,5.0,-10.4910,-9.8048,-51.2209,-51.9071,PENDING_AG03,FALSE,NOT_FOR_ENFORCEMENT,-59.8605,272.5624,-61.7119,-59.8605,-1.8514,-0.20937500,-0.20309375,-1.8514,-59.8605,-0.20309375,-1.8514,-1.8514,-1.8514,-2.4685,-2.4685,-59.8605,-0.20309375,-10.4910,-9.8048,-51.2209,-51.9071,-0.17378125,-0.17610938,-0.00628125,8.9316,8.5149,-1.8701,-30.8559,-5.6102,147.3717,16.5000,,8.9316,3.8919,5.1891,8.0432,25.9457,25.9457,51.8914,5.1891,0.0,5.0,10.0,1.721212,11,12,3,2,0E-8,-0.20937500,,0E-8,0.000000,0.953345,0.000000,,2026-05-06,2026-05-07,2,11,11,2,1.000000,,,0.000000,,,,,,,,GLOBAL_BASELINE_NO_ENTITY_RANKING,,,NOT_APPLICABLE_GLOBAL_BASELINE,HF9g-P5,,,,X 全窗基线 · 不参与实体赏罚,3921525,393,A168_HF9F_20260827_0900,2026-08-27 09:00:00
2026-05-07,149622656,2121,0,51.8914431010,51.8914431010,51.8914431010,1.0000000,1,1,0.49324550000000000,0.493245500000,1.01360149184955,1.01360149184955,1.01360149184955,0E-17,ELIGIBLE,R03b_20260811_FULL_v1,L1_ELIGIBILITY,v2026-08-11,2026-03-21..2026-08-06,baccarat_bet02_101_all_pairs_incl_sentinel,round_win = game_pnl > 0 (decisive only),COMPATIBILITY_ONLY_NOT_PRODUCTION,294.7434,280.9922,-61.7119,33,33,0.20937500,,0.20937500,0.20937500,61.7119,294.7434,OK,0.0000,-1.8514,3.0000,97.0000,AG03-UNRESOLVED,ALL5_LEVELS_bet23_to_bet27,-1.8514,-1.8514,-1.8514,-2.4685,-2.4685,3.000000,3.000000,3.000000,4.000000,4.000000,97.000000,97.000000,97.000000,96.000000,96.000000,5.0,-10.4910,-9.8048,-51.2209,-51.9071,PENDING_AG03,FALSE,NOT_FOR_ENFORCEMENT,-59.8605,272.5624,-61.7119,-59.8605,-1.8514,-0.20937500,-0.20309375,-1.8514,-59.8605,-0.20309375,-1.8514,-1.8514,-1.8514,-2.4685,-2.4685,-59.8605,-0.20309375,-10.4910,-9.8048,-51.2209,-51.9071,-0.17378125,-0.17610938,-0.00628125,8.9316,8.5149,-1.8701,-30.8559,-5.6102,147.3717,16.5000,,8.9316,3.8919,5.1891,8.0432,25.9457,25.9457,51.8914,5.1891,0.0,5.0,10.0,1.721212,11,12,3,2,0E-8,-0.20937500,,0E-8,0.000000,0.953345,0.000000,,2026-05-06,2026-05-07,2,11,11,2,1.000000,,,0.000000,,,,,,,,GLOBAL_BASELINE_NO_ENTITY_RANKING,,,NOT_APPLICABLE_GLOBAL_BASELINE,HF9g-P5,,,,X 全窗基线 · 不参与实体赏罚,3921526,393,A168_HF9F_20260827_0900,2026-08-27 09:00:00
2026-05-07,149622656,2136,0,5.1891443101,5.1891443101,5.1891443101,1.0000000,1,1,0.49324550000000000,0.493245500000,1.01360149184955,1.01360149184955,1.01360149184955,0E-17,ELIGIBLE,R03b_20260811_FULL_v1,L1_ELIGIBILITY,v2026-08-11,2026-03-21..2026-08-06,baccarat_bet02_101_all_pairs_incl_sentinel,round_win = game_pnl > 0 (decisive only),COMPATIBILITY_ONLY_NOT_PRODUCTION,294.7434,280.9922,-61.7119,33,33,0.20937500,,0.20937500,0.20937500,61.7119,294.7434,OK,0.0000,-1.8514,3.0000,97.0000,AG03-UNRESOLVED,ALL5_LEVELS_bet23_to_bet27,-1.8514,-1.8514,-1.8514,-2.4685,-2.4685,3.000000,3.000000,3.000000,4.000000,4.000000,97.000000,97.000000,97.000000,96.000000,96.000000,5.0,-10.4910,-9.8048,-51.2209,-51.9071,PENDING_AG03,FALSE,NOT_FOR_ENFORCEMENT,-59.8605,272.5624,-61.7119,-59.8605,-1.8514,-0.20937500,-0.20309375,-1.8514,-59.8605,-0.20309375,-1.8514,-1.8514,-1.8514,-2.4685,-2.4685,-59.8605,-0.20309375,-10.4910,-9.8048,-51.2209,-51.9071,-0.17378125,-0.17610938,-0.00628125,8.9316,8.5149,-1.8701,-30.8559,-5.6102,147.3717,16.5000,,8.9316,3.8919,5.1891,8.0432,25.9457,25.9457,51.8914,5.1891,0.0,5.0,10.0,1.721212,11,12,3,2,0E-8,-0.20937500,,0E-8,0.000000,0.953345,0.000000,,2026-05-06,2026-05-07,2,11,11,2,1.000000,,,0.000000,,,,,,,,GLOBAL_BASELINE_NO_ENTITY_RANKING,,,NOT_APPLICABLE_GLOBAL_BASELINE,HF9g-P5,,,,X 全窗基线 · 不参与实体赏罚,3921527,393,A168_HF9F_20260827_0900,2026-08-27 09:00:00
2026-05-07,149622656,2156,0,70.0534481865,-2.7243007629,-2.7243007629,0.4000000,7,7,0.49707555714285714,0.497075557143,-0.4341425154050949,-0.4341425154057331,-0.4341425154050949,-1.4286E-13,ELIGIBLE,R03b_20260811_FULL_v1,L1_ELIGIBILITY,v2026-08-11,2026-03-21..2026-08-06,baccarat_bet02_101_all_pairs_incl_sentinel,round_win = game_pnl > 0 (decisive only),COMPATIBILITY_ONLY_NOT_PRODUCTION,294.7434,280.9922,-61.7119,33,33,0.20937500,,0.20937500,0.20937500,61.7119,294.7434,OK,0.0000,-1.8514,3.0000,97.0000,AG03-UNRESOLVED,ALL5_LEVELS_bet23_to_bet27,-1.8514,-1.8514,-1.8514,-2.4685,-2.4685,3.000000,3.000000,3.000000,4.000000,4.000000,97.000000,97.000000,97.000000,96.000000,96.000000,5.0,-10.4910,-9.8048,-51.2209,-51.9071,PENDING_AG03,FALSE,NOT_FOR_ENFORCEMENT,-59.8605,272.5624,-61.7119,-59.8605,-1.8514,-0.20937500,-0.20309375,-1.8514,-59.8605,-0.20309375,-1.8514,-1.8514,-1.8514,-2.4685,-2.4685,-59.8605,-0.20309375,-10.4910,-9.8048,-51.2209,-51.9071,-0.17378125,-0.17610938,-0.00628125,8.9316,8.5149,-1.8701,-30.8559,-5.6102,147.3717,16.5000,,8.9316,3.8919,5.1891,8.0432,25.9457,25.9457,51.8914,5.1891,0.0,5.0,10.0,1.721212,11,12,3,2,0E-8,-0.20937500,,0E-8,0.000000,0.953345,0.000000,,2026-05-06,2026-05-07,2,11,11,2,1.000000,,,0.000000,,,,,,,,GLOBAL_BASELINE_NO_ENTITY_RANKING,,,NOT_APPLICABLE_GLOBAL_BASELINE,HF9g-P5,,,,X 全窗基线 · 不参与实体赏罚,3921528,393,A168_HF9F_20260827_0900,2026-08-27 09:00:00
2026-05-07,149622656,2167,0,10.3782886202,9.8593741892,9.8593741892,1.0000000,2,2,0.50665070000000000,0.506650700000,1.3955260008387969,1.3955260008387969,1.3955260008387969,0E-17,ELIGIBLE,R03b_20260811_FULL_v1,L1_ELIGIBILITY,v2026-08-11,2026-03-21..2026-08-06,baccarat_bet02_101_all_pairs_incl_sentinel,round_win = game_pnl > 0 (decisive only),COMPATIBILITY_ONLY_NOT_PRODUCTION,294.7434,280.9922,-61.7119,33,33,0.20937500,,0.20937500,0.20937500,61.7119,294.7434,OK,0.0000,-1.8514,3.0000,97.0000,AG03-UNRESOLVED,ALL5_LEVELS_bet23_to_bet27,-1.8514,-1.8514,-1.8514,-2.4685,-2.4685,3.000000,3.000000,3.000000,4.000000,4.000000,97.000000,97.000000,97.000000,96.000000,96.000000,5.0,-10.4910,-9.8048,-51.2209,-51.9071,PENDING_AG03,FALSE,NOT_FOR_ENFORCEMENT,-59.8605,272.5624,-61.7119,-59.8605,-1.8514,-0.20937500,-0.20309375,-1.8514,-59.8605,-0.20309375,-1.8514,-1.8514,-1.8514,-2.4685,-2.4685,-59.8605,-0.20309375,-10.4910,-9.8048,-51.2209,-51.9071,-0.17378125,-0.17610938,-0.00628125,8.9316,8.5149,-1.8701,-30.8559,-5.6102,147.3717,16.5000,,8.9316,3.8919,5.1891,8.0432,25.9457,25.9457,51.8914,5.1891,0.0,5.0,10.0,1.721212,11,12,3,2,0E-8,-0.20937500,,0E-8,0.000000,0.953345,0.000000,,2026-05-06,2026-05-07,2,11,11,2,1.000000,,,0.000000,,,,,,,,GLOBAL_BASELINE_NO_ENTITY_RANKING,,,NOT_APPLICABLE_GLOBAL_BASELINE,HF9g-P5,,,,X 全窗基线 · 不参与实体赏罚,3921529,393,A168_HF9F_20260827_0900,2026-08-27 09:00:00
2026-05-07,149622656,2235,0,14.2701468528,14.0106896373,14.0106896373,1.0000000,2,2,0.49994810000000000,0.499948100000,1.4143603653603398,1.4143603653603398,1.4143603653603398,0E-17,ELIGIBLE,R03b_20260811_FULL_v1,L1_ELIGIBILITY,v2026-08-11,2026-03-21..2026-08-06,baccarat_bet02_101_all_pairs_incl_sentinel,round_win = game_pnl > 0 (decisive only),COMPATIBILITY_ONLY_NOT_PRODUCTION,294.7434,280.9922,-61.7119,33,33,0.20937500,,0.20937500,0.20937500,61.7119,294.7434,OK,0.0000,-1.8514,3.0000,97.0000,AG03-UNRESOLVED,ALL5_LEVELS_bet23_to_bet27,-1.8514,-1.8514,-1.8514,-2.4685,-2.4685,3.000000,3.000000,3.000000,4.000000,4.000000,97.000000,97.000000,97.000000,96.000000,96.000000,5.0,-10.4910,-9.8048,-51.2209,-51.9071,PENDING_AG03,FALSE,NOT_FOR_ENFORCEMENT,-59.8605,272.5624,-61.7119,-59.8605,-1.8514,-0.20937500,-0.20309375,-1.8514,-59.8605,-0.20309375,-1.8514,-1.8514,-1.8514,-2.4685,-2.4685,-59.8605,-0.20309375,-10.4910,-9.8048,-51.2209,-51.9071,-0.17378125,-0.17610938,-0.00628125,8.9316,8.5149,-1.8701,-30.8559,-5.6102,147.3717,16.5000,,8.9316,3.8919,5.1891,8.0432,25.9457,25.9457,51.8914,5.1891,0.0,5.0,10.0,1.721212,11,12,3,2,0E-8,-0.20937500,,0E-8,0.000000,0.953345,0.000000,,2026-05-06,2026-05-07,2,11,11,2,1.000000,,,0.000000,,,,,,,,GLOBAL_BASELINE_NO_ENTITY_RANKING,,,NOT_APPLICABLE_GLOBAL_BASELINE,HF9g-P5,,,,X 全窗基线 · 不参与实体赏罚,3921530,393,A168_HF9F_20260827_0900,2026-08-27 09:00:00
2026-05-07,149622656,948,0,12.9728607753,-12.9728607753,-12.9728607753,0E-7,2,2,0.49994810000000000,0.499948100000,-1.4140667746232096,-1.4140667746232096,-1.4140667746232096,0E-17,ELIGIBLE,R03b_20260811_FULL_v1,L1_ELIGIBILITY,v2026-08-11,2026-03-21..2026-08-06,baccarat_bet02_101_all_pairs_incl_sentinel,round_win = game_pnl > 0 (decisive only),COMPATIBILITY_ONLY_NOT_PRODUCTION,294.7434,280.9922,-61.7119,33,33,0.20937500,,0.20937500,0.20937500,61.7119,294.7434,OK,0.0000,-1.8514,3.0000,97.0000,AG03-UNRESOLVED,ALL5_LEVELS_bet23_to_bet27,-1.8514,-1.8514,-1.8514,-2.4685,-2.4685,3.000000,3.000000,3.000000,4.000000,4.000000,97.000000,97.000000,97.000000,96.000000,96.000000,5.0,-10.4910,-9.8048,-51.2209,-51.9071,PENDING_AG03,FALSE,NOT_FOR_ENFORCEMENT,-59.8605,272.5624,-61.7119,-59.8605,-1.8514,-0.20937500,-0.20309375,-1.8514,-59.8605,-0.20309375,-1.8514,-1.8514,-1.8514,-2.4685,-2.4685,-59.8605,-0.20309375,-10.4910,-9.8048,-51.2209,-51.9071,-0.17378125,-0.17610938,-0.00628125,8.9316,8.5149,-1.8701,-30.8559,-5.6102,147.3717,16.5000,,8.9316,3.8919,5.1891,8.0432,25.9457,25.9457,51.8914,5.1891,0.0,5.0,10.0,1.721212,11,12,3,2,0E-8,-0.20937500,,0E-8,0.000000,0.953345,0.000000,,2026-05-06,2026-05-07,2,11,11,2,1.000000,,,0.000000,,,,,,,,GLOBAL_BASELINE_NO_ENTITY_RANKING,,,NOT_APPLICABLE_GLOBAL_BASELINE,HF9g-P5,,,,X 全窗基线 · 不参与实体赏罚,3921531,393,A168_HF9F_20260827_0900,2026-08-27 09:00:00
2026-05-15,139664937,1330,0,205.2094551205,9.6685224046,9.6685224046,0.5555556,11,11,0.49933877272727273,0.499338772727,0.33730099192032137,0.337300991921958,0.33730099192032137,2.7273E-13,ELIGIBLE,R03b_20260811_FULL_v1,L1_ELIGIBILITY,v2026-08-11,2026-03-21..2026-08-06,baccarat_bet02_101_all_pairs_incl_sentinel,round_win = game_pnl > 0 (decisive only),COMPATIBILITY_ONLY_NOT_PRODUCTION,426.2043,367.0092,-62.3521,21,21,0.14629630,,0.14629630,0.14629630,62.3521,426.2043,THIN_EXPOSURE,0.0000,-2.4941,4.0000,96.0000,AG03-UNRESOLVED,ALL5_LEVELS_bet23_to_bet27,-2.4941,-2.4941,-2.4941,0.0000,0.0000,4.000000,4.000000,4.000000,0.000000,0.000000,96.000000,96.000000,96.000000,100.000000,100.000000,5.0,-7.4823,-7.187,-54.8699,-55.1652,PENDING_AG03,FALSE,NOT_FOR_ENFORCEMENT,-59.8580,352.3288,-62.3521,-59.8580,-2.4941,-0.14629630,-0.14044444,-2.4941,-59.8580,-0.14044444,-2.4941,-2.4941,-2.4941,0.0000,0.0000,-59.8580,-0.14044444,-7.4823,-7.187,-54.8699,-55.1652,-0.12874074,-0.1294336,-0.00585185,20.2954,17.4766,-2.9691,-62.3521,-62.3521,426.2043,21.0000,,20.2954,15.7853,19.7317,24.6646,29.2029,33.3465,35.517,15.7853,0.0,1.69,1.8,1.028571,1,2,2,2,0E-8,-0.14629630,,0E-8,0.000000,0.861111,0.000000,,2026-05-15,2026-05-15,1,1,1,1,1.000000,,,0.000000,,,,,,,,GLOBAL_BASELINE_NO_ENTITY_RANKING,,,NOT_APPLICABLE_GLOBAL_BASELINE,HF9g-P5,,,,X 全窗基线 · 不参与实体赏罚,3921532,393,A168_HF9F_20260827_0900,2026-08-27 09:00:00
2026-05-15,139664937,2252,0,220.9947978219,52.6835812664,52.6835812664,0.5555556,10,10,0.49860758000000000,0.498607580000,0.34168917829272333,0.34168917829272333,0.34168917829272333,0E-17,ELIGIBLE,R03b_20260811_FULL_v1,L1_ELIGIBILITY,v2026-08-11,2026-03-21..2026-08-06,baccarat_bet02_101_all_pairs_incl_sentinel,round_win = game_pnl > 0 (decisive only),COMPATIBILITY_ONLY_NOT_PRODUCTION,426.2043,367.0092,-62.3521,21,21,0.14629630,,0.14629630,0.14629630,62.3521,426.2043,THIN_EXPOSURE,0.0000,-2.4941,4.0000,96.0000,AG03-UNRESOLVED,ALL5_LEVELS_bet23_to_bet27,-2.4941,-2.4941,-2.4941,0.0000,0.0000,4.000000,4.000000,4.000000,0.000000,0.000000,96.000000,96.000000,96.000000,100.000000,100.000000,5.0,-7.4823,-7.187,-54.8699,-55.1652,PENDING_AG03,FALSE,NOT_FOR_ENFORCEMENT,-59.8580,352.3288,-62.3521,-59.8580,-2.4941,-0.14629630,-0.14044444,-2.4941,-59.8580,-0.14044444,-2.4941,-2.4941,-2.4941,0.0000,0.0000,-59.8580,-0.14044444,-7.4823,-7.187,-54.8699,-55.1652,-0.12874074,-0.1294336,-0.00585185,20.2954,17.4766,-2.9691,-62.3521,-62.3521,426.2043,21.0000,,20.2954,15.7853,19.7317,24.6646,29.2029,33.3465,35.517,15.7853,0.0,1.69,1.8,1.028571,1,2,2,2,0E-8,-0.14629630,,0E-8,0.000000,0.861111,0.000000,,2026-05-15,2026-05-15,1,1,1,1,1.000000,,,0.000000,,,,,,,,GLOBAL_BASELINE_NO_ENTITY_RANKING,,,NOT_APPLICABLE_GLOBAL_BASELINE,HF9g-P5,,,,X 全窗基线 · 不参与实体赏罚,3921533,393,A168_HF9F_20260827_0900,2026-08-27 09:00:00
2026-04-29,149132245,-1,1,57.5871004895,15.4569012904,15.4569012904,0.6666667,9,9,0.49920336666666667,0.499203366667,1.0047810753185216,1.0047810753165205,1.0047810753185216,-3.3333E-13,SENTINEL_DEALER,R03b_20260811_FULL_v1,L1_ELIGIBILITY,v2026-08-11,2026-03-21..2026-08-06,baccarat_bet02_101_all_pairs_incl_sentinel,round_win = game_pnl > 0 (decisive only),COMPATIBILITY_ONLY_NOT_PRODUCTION,959.8723,876.1092,-62.3511,83,83,0.06495773,,0.06495773,0.06495773,62.3511,959.8723,OK,0.0000,-2.4940,4.0000,96.0000,AG03-UNRESOLVED,ALL5_LEVELS_bet23_to_bet27,-2.4940,-2.4940,-2.4940,-3.1176,-3.1176,4.000000,4.000000,4.000000,5.000000,5.000000,96.000000,96.000000,96.000000,95.000000,95.000000,5.0,-13.7172,-12.5654,-48.6339,-49.7858,PENDING_AG03,FALSE,NOT_FOR_ENFORCEMENT,-59.8571,841.0648,-62.3511,-59.8571,-2.4940,-0.06495773,-0.06235942,-2.4940,-59.8571,-0.06235942,-2.4940,-2.4940,-2.4940,-3.1176,-3.1176,-59.8571,-0.06235942,-13.7172,-12.5654,-48.6339,-49.7858,-0.05066703,-0.05186707,-0.00259831,11.5647,10.5555,-0.7512,-62.3511,-8.9073,959.8723,83.0000,,11.5647,5.2352,10.4704,13.088,26.176,26.176,43.9991,10.4704,2.6176,2.5,4.202249,1.104518,6,10,2,2,0E-8,-0.06495773,,0E-8,0.000000,0.912735,0.000000,,2026-04-29,2026-04-29,1,7,6,1,1.000000,,,0.000000,,,,,,,,GLOBAL_BASELINE_NO_ENTITY_RANKING,,,NOT_APPLICABLE_GLOBAL_BASELINE,HF9g-P5,,,,X 全窗基线 · 不参与实体赏罚,3921534,393,A168_HF9F_20260827_0900,2026-08-27 09:00:00
2026-04-29,149132245,1004,0,49.7343140592,-2.6175954768,-2.6175954768,0.3333333,6,6,0.49547970000000000,0.495479700000,-0.7943841881047936,-0.7943841881047936,-0.7943841881047936,0E-17,ELIGIBLE,R03b_20260811_FULL_v1,L1_ELIGIBILITY,v2026-08-11,2026-03-21..2026-08-06,baccarat_bet02_101_all_pairs_incl_sentinel,round_win = game_pnl > 0 (decisive only),COMPATIBILITY_ONLY_NOT_PRODUCTION,959.8723,876.1092,-62.3511,83,83,0.06495773,,0.06495773,0.06495773,62.3511,959.8723,OK,0.0000,-2.4940,4.0000,96.0000,AG03-UNRESOLVED,ALL5_LEVELS_bet23_to_bet27,-2.4940,-2.4940,-2.4940,-3.1176,-3.1176,4.000000,4.000000,4.000000,5.000000,5.000000,96.000000,96.000000,96.000000,95.000000,95.000000,5.0,-13.7172,-12.5654,-48.6339,-49.7858,PENDING_AG03,FALSE,NOT_FOR_ENFORCEMENT,-59.8571,841.0648,-62.3511,-59.8571,-2.4940,-0.06495773,-0.06235942,-2.4940,-59.8571,-0.06235942,-2.4940,-2.4940,-2.4940,-3.1176,-3.1176,-59.8571,-0.06235942,-13.7172,-12.5654,-48.6339,-49.7858,-0.05066703,-0.05186707,-0.00259831,11.5647,10.5555,-0.7512,-62.3511,-8.9073,959.8723,83.0000,,11.5647,5.2352,10.4704,13.088,26.176,26.176,43.9991,10.4704,2.6176,2.5,4.202249,1.104518,6,10,2,2,0E-8,-0.06495773,,0E-8,0.000000,0.912735,0.000000,,2026-04-29,2026-04-29,1,7,6,1,1.000000,,,0.000000,,,,,,,,GLOBAL_BASELINE_NO_ENTITY_RANKING,,,NOT_APPLICABLE_GLOBAL_BASELINE,HF9g-P5,,,,X 全窗基线 · 不参与实体赏罚,3921535,393,A168_HF9F_20260827_0900,2026-08-27 09:00:00
2026-04-29,149132245,1645,0,327.1994345999,-30.1023479831,-30.1023479831,0.5000000,18,18,0.49994810000000000,0.499948100000,0.00041520000223677376,0.00041520000223677376,0.00041520000223677376,0E-17,ELIGIBLE,R03b_20260811_FULL_v1,L1_ELIGIBILITY,v2026-08-11,2026-03-21..2026-08-06,baccarat_bet02_101_all_pairs_incl_sentinel,round_win = game_pnl > 0 (decisive only),COMPATIBILITY_ONLY_NOT_PRODUCTION,959.8723,876.1092,-62.3511,83,83,0.06495773,,0.06495773,0.06495773,62.3511,959.8723,OK,0.0000,-2.4940,4.0000,96.0000,AG03-UNRESOLVED,ALL5_LEVELS_bet23_to_bet27,-2.4940,-2.4940,-2.4940,-3.1176,-3.1176,4.000000,4.000000,4.000000,5.000000,5.000000,96.000000,96.000000,96.000000,95.000000,95.000000,5.0,-13.7172,-12.5654,-48.6339,-49.7858,PENDING_AG03,FALSE,NOT_FOR_ENFORCEMENT,-59.8571,841.0648,-62.3511,-59.8571,-2.4940,-0.06495773,-0.06235942,-2.4940,-59.8571,-0.06235942,-2.4940,-2.4940,-2.4940,-3.1176,-3.1176,-59.8571,-0.06235942,-13.7172,-12.5654,-48.6339,-49.7858,-0.05066703,-0.05186707,-0.00259831,11.5647,10.5555,-0.7512,-62.3511,-8.9073,959.8723,83.0000,,11.5647,5.2352,10.4704,13.088,26.176,26.176,43.9991,10.4704,2.6176,2.5,4.202249,1.104518,6,10,2,2,0E-8,-0.06495773,,0E-8,0.000000,0.912735,0.000000,,2026-04-29,2026-04-29,1,7,6,1,1.000000,,,0.000000,,,,,,,,GLOBAL_BASELINE_NO_ENTITY_RANKING,,,NOT_APPLICABLE_GLOBAL_BASELINE,HF9g-P5,,,,X 全窗基线 · 不参与实体赏罚,3921536,393,A168_HF9F_20260827_0900,2026-08-27 09:00:00
2026-04-29,149132245,1994,0,15.7055728608,-15.7055728608,-15.7055728608,0E-7,1,1,0.49324550000000000,0.493245500000,-0.9865810262130424,-0.9865810262130424,-0.9865810262130424,0E-17,ELIGIBLE,R03b_20260811_FULL_v1,L1_ELIGIBILITY,v2026-08-11,2026-03-21..2026-08-06,baccarat_bet02_101_all_pairs_incl_sentinel,round_win = game_pnl > 0 (decisive only),COMPATIBILITY_ONLY_NOT_PRODUCTION,959.8723,876.1092,-62.3511,83,83,0.06495773,,0.06495773,0.06495773,62.3511,959.8723,OK,0.0000,-2.4940,4.0000,96.0000,AG03-UNRESOLVED,ALL5_LEVELS_bet23_to_bet27,-2.4940,-2.4940,-2.4940,-3.1176,-3.1176,4.000000,4.000000,4.000000,5.000000,5.000000,96.000000,96.000000,96.000000,95.000000,95.000000,5.0,-13.7172,-12.5654,-48.6339,-49.7858,PENDING_AG03,FALSE,NOT_FOR_ENFORCEMENT,-59.8571,841.0648,-62.3511,-59.8571,-2.4940,-0.06495773,-0.06235942,-2.4940,-59.8571,-0.06235942,-2.4940,-2.4940,-2.4940,-3.1176,-3.1176,-59.8571,-0.06235942,-13.7172,-12.5654,-48.6339,-49.7858,-0.05066703,-0.05186707,-0.00259831,11.5647,10.5555,-0.7512,-62.3511,-8.9073,959.8723,83.0000,,11.5647,5.2352,10.4704,13.088,26.176,26.176,43.9991,10.4704,2.6176,2.5,4.202249,1.104518,6,10,2,2,0E-8,-0.06495773,,0E-8,0.000000,0.912735,0.000000,,2026-04-29,2026-04-29,1,7,6,1,1.000000,,,0.000000,,,,,,,,GLOBAL_BASELINE_NO_ENTITY_RANKING,,,NOT_APPLICABLE_GLOBAL_BASELINE,HF9g-P5,,,,X 全窗基线 · 不参与实体赏罚,3921537,393,A168_HF9F_20260827_0900,2026-08-27 09:00:00
2026-04-29,149132245,2121,0,20.9407638144,19.8937256236,19.8937256236,1.0000000,2,2,0.50665070000000000,0.506650700000,1.3955260008387969,1.3955260008387969,1.3955260008387969,0E-17,ELIGIBLE,R03b_20260811_FULL_v1,L1_ELIGIBILITY,v2026-08-11,2026-03-21..2026-08-06,baccarat_bet02_101_all_pairs_incl_sentinel,round_win = game_pnl > 0 (decisive only),COMPATIBILITY_ONLY_NOT_PRODUCTION,959.8723,876.1092,-62.3511,83,83,0.06495773,,0.06495773,0.06495773,62.3511,959.8723,OK,0.0000,-2.4940,4.0000,96.0000,AG03-UNRESOLVED,ALL5_LEVELS_bet23_to_bet27,-2.4940,-2.4940,-2.4940,-3.1176,-3.1176,4.000000,4.000000,4.000000,5.000000,5.000000,96.000000,96.000000,96.000000,95.000000,95.000000,5.0,-13.7172,-12.5654,-48.6339,-49.7858,PENDING_AG03,FALSE,NOT_FOR_ENFORCEMENT,-59.8571,841.0648,-62.3511,-59.8571,-2.4940,-0.06495773,-0.06235942,-2.4940,-59.8571,-0.06235942,-2.4940,-2.4940,-2.4940,-3.1176,-3.1176,-59.8571,-0.06235942,-13.7172,-12.5654,-48.6339,-49.7858,-0.05066703,-0.05186707,-0.00259831,11.5647,10.5555,-0.7512,-62.3511,-8.9073,959.8723,83.0000,,11.5647,5.2352,10.4704,13.088,26.176,26.176,43.9991,10.4704,2.6176,2.5,4.202249,1.104518,6,10,2,2,0E-8,-0.06495773,,0E-8,0.000000,0.912735,0.000000,,2026-04-29,2026-04-29,1,7,6,1,1.000000,,,0.000000,,,,,,,,GLOBAL_BASELINE_NO_ENTITY_RANKING,,,NOT_APPLICABLE_GLOBAL_BASELINE,HF9g-P5,,,,X 全窗基线 · 不参与实体赏罚,3921538,393,A168_HF9F_20260827_0900,2026-08-27 09:00:00
2026-04-29,149132245,2147,0,41.8815276288,-5.7587100490,-5.7587100490,0.5000000,7,7,0.50473567142857143,0.504735671429,-0.023200997840541474,-0.023200997842641315,-0.023200997840541474,-4.2857E-13,ELIGIBLE,R03b_20260811_FULL_v1,L1_ELIGIBILITY,v2026-08-11,2026-03-21..2026-08-06,baccarat_bet02_101_all_pairs_incl_sentinel,round_win = game_pnl > 0 (decisive only),COMPATIBILITY_ONLY_NOT_PRODUCTION,959.8723,876.1092,-62.3511,83,83,0.06495773,,0.06495773,0.06495773,62.3511,959.8723,OK,0.0000,-2.4940,4.0000,96.0000,AG03-UNRESOLVED,ALL5_LEVELS_bet23_to_bet27,-2.4940,-2.4940,-2.4940,-3.1176,-3.1176,4.000000,4.000000,4.000000,5.000000,5.000000,96.000000,96.000000,96.000000,95.000000,95.000000,5.0,-13.7172,-12.5654,-48.6339,-49.7858,PENDING_AG03,FALSE,NOT_FOR_ENFORCEMENT,-59.8571,841.0648,-62.3511,-59.8571,-2.4940,-0.06495773,-0.06235942,-2.4940,-59.8571,-0.06235942,-2.4940,-2.4940,-2.4940,-3.1176,-3.1176,-59.8571,-0.06235942,-13.7172,-12.5654,-48.6339,-49.7858,-0.05066703,-0.05186707,-0.00259831,11.5647,10.5555,-0.7512,-62.3511,-8.9073,959.8723,83.0000,,11.5647,5.2352,10.4704,13.088,26.176,26.176,43.9991,10.4704,2.6176,2.5,4.202249,1.104518,6,10,2,2,0E-8,-0.06495773,,0E-8,0.000000,0.912735,0.000000,,2026-04-29,2026-04-29,1,7,6,1,1.000000,,,0.000000,,,,,,,,GLOBAL_BASELINE_NO_ENTITY_RANKING,,,NOT_APPLICABLE_GLOBAL_BASELINE,HF9g-P5,,,,X 全窗基线 · 不参与实体赏罚,3921539,393,A168_HF9F_20260827_0900,2026-08-27 09:00:00
2026-04-29,149132245,2188,0,174.5936183024,9.0699683271,9.0699683271,0.5555556,11,11,0.50177608181818182,0.501776081818,0.3226788781901678,0.3226788781912583,0.3226788781901678,1.8182E-13,ELIGIBLE,R03b_20260811_FULL_v1,L1_ELIGIBILITY,v2026-08-11,2026-03-21..2026-08-06,baccarat_bet02_101_all_pairs_incl_sentinel,round_win = game_pnl > 0 (decisive only),COMPATIBILITY_ONLY_NOT_PRODUCTION,959.8723,876.1092,-62.3511,83,83,0.06495773,,0.06495773,0.06495773,62.3511,959.8723,OK,0.0000,-2.4940,4.0000,96.0000,AG03-UNRESOLVED,ALL5_LEVELS_bet23_to_bet27,-2.4940,-2.4940,-2.4940,-3.1176,-3.1176,4.000000,4.000000,4.000000,5.000000,5.000000,96.000000,96.000000,96.000000,95.000000,95.000000,5.0,-13.7172,-12.5654,-48.6339,-49.7858,PENDING_AG03,FALSE,NOT_FOR_ENFORCEMENT,-59.8571,841.0648,-62.3511,-59.8571,-2.4940,-0.06495773,-0.06235942,-2.4940,-59.8571,-0.06235942,-2.4940,-2.4940,-2.4940,-3.1176,-3.1176,-59.8571,-0.06235942,-13.7172,-12.5654,-48.6339,-49.7858,-0.05066703,-0.05186707,-0.00259831,11.5647,10.5555,-0.7512,-62.3511,-8.9073,959.8723,83.0000,,11.5647,5.2352,10.4704,13.088,26.176,26.176,43.9991,10.4704,2.6176,2.5,4.202249,1.104518,6,10,2,2,0E-8,-0.06495773,,0E-8,0.000000,0.912735,0.000000,,2026-04-29,2026-04-29,1,7,6,1,1.000000,,,0.000000,,,,,,,,GLOBAL_BASELINE_NO_ENTITY_RANKING,,,NOT_APPLICABLE_GLOBAL_BASELINE,HF9g-P5,,,,X 全窗基线 · 不参与实体赏罚,3921540,393,A168_HF9F_20260827_0900,2026-08-27 09:00:00
2026-04-29,149132245,2212,0,232.9659974352,77.7425856608,77.7425856608,0.7894737,21,21,0.49962892857142857,0.499628928571,2.5268086941450503,2.5268086941487873,2.5268086941450503,4.2857E-13,ELIGIBLE,R03b_20260811_FULL_v1,L1_ELIGIBILITY,v2026-08-11,2026-03-21..2026-08-06,baccarat_bet02_101_all_pairs_incl_sentinel,round_win = game_pnl > 0 (decisive only),COMPATIBILITY_ONLY_NOT_PRODUCTION,959.8723,876.1092,-62.3511,83,83,0.06495773,,0.06495773,0.06495773,62.3511,959.8723,OK,0.0000,-2.4940,4.0000,96.0000,AG03-UNRESOLVED,ALL5_LEVELS_bet23_to_bet27,-2.4940,-2.4940,-2.4940,-3.1176,-3.1176,4.000000,4.000000,4.000000,5.000000,5.000000,96.000000,96.000000,96.000000,95.000000,95.000000,5.0,-13.7172,-12.5654,-48.6339,-49.7858,PENDING_AG03,FALSE,NOT_FOR_ENFORCEMENT,-59.8571,841.0648,-62.3511,-59.8571,-2.4940,-0.06495773,-0.06235942,-2.4940,-59.8571,-0.06235942,-2.4940,-2.4940,-2.4940,-3.1176,-3.1176,-59.8571,-0.06235942,-13.7172,-12.5654,-48.6339,-49.7858,-0.05066703,-0.05186707,-0.00259831,11.5647,10.5555,-0.7512,-62.3511,-8.9073,959.8723,83.0000,,11.5647,5.2352,10.4704,13.088,26.176,26.176,43.9991,10.4704,2.6176,2.5,4.202249,1.104518,6,10,2,2,0E-8,-0.06495773,,0E-8,0.000000,0.912735,0.000000,,2026-04-29,2026-04-29,1,7,6,1,1.000000,,,0.000000,,,,,,,,GLOBAL_BASELINE_NO_ENTITY_RANKING,,,NOT_APPLICABLE_GLOBAL_BASELINE,HF9g-P5,,,,X 全窗基线 · 不参与实体赏罚,3921541,393,A168_HF9F_20260827_0900,2026-08-27 09:00:00
2026-04-29,149132245,2251,0,26.1759547680,7.4601471089,7.4601471089,0.8000000,7,7,0.49899058571428571,0.498990585714,1.3461577676699097,1.3461577676711887,1.3461577676699097,2.8571E-13,ELIGIBLE,R03b_20260811_FULL_v1,L1_ELIGIBILITY,v2026-08-11,2026-03-21..2026-08-06,baccarat_bet02_101_all_pairs_incl_sentinel,round_win = game_pnl > 0 (decisive only),COMPATIBILITY_ONLY_NOT_PRODUCTION,959.8723,876.1092,-62.3511,83,83,0.06495773,,0.06495773,0.06495773,62.3511,959.8723,OK,0.0000,-2.4940,4.0000,96.0000,AG03-UNRESOLVED,ALL5_LEVELS_bet23_to_bet27,-2.4940,-2.4940,-2.4940,-3.1176,-3.1176,4.000000,4.000000,4.000000,5.000000,5.000000,96.000000,96.000000,96.000000,95.000000,95.000000,5.0,-13.7172,-12.5654,-48.6339,-49.7858,PENDING_AG03,FALSE,NOT_FOR_ENFORCEMENT,-59.8571,841.0648,-62.3511,-59.8571,-2.4940,-0.06495773,-0.06235942,-2.4940,-59.8571,-0.06235942,-2.4940,-2.4940,-2.4940,-3.1176,-3.1176,-59.8571,-0.06235942,-13.7172,-12.5654,-48.6339,-49.7858,-0.05066703,-0.05186707,-0.00259831,11.5647,10.5555,-0.7512,-62.3511,-8.9073,959.8723,83.0000,,11.5647,5.2352,10.4704,13.088,26.176,26.176,43.9991,10.4704,2.6176,2.5,4.202249,1.104518,6,10,2,2,0E-8,-0.06495773,,0E-8,0.000000,0.912735,0.000000,,2026-04-29,2026-04-29,1,7,6,1,1.000000,,,0.000000,,,,,,,,GLOBAL_BASELINE_NO_ENTITY_RANKING,,,NOT_APPLICABLE_GLOBAL_BASELINE,HF9g-P5,,,,X 全窗基线 · 不参与实体赏罚,3921542,393,A168_HF9F_20260827_0900,2026-08-27 09:00:00
2026-04-29,149132245,583,0,13.0879773840,-13.0879773840,-13.0879773840,0E-7,1,1,0.50665070000000000,0.506650700000,-1.013391052207602,-1.013391052207602,-1.013391052207602,0E-17,ELIGIBLE,R03b_20260811_FULL_v1,L1_ELIGIBILITY,v2026-08-11,2026-03-21..2026-08-06,baccarat_bet02_101_all_pairs_incl_sentinel,round_win = game_pnl > 0 (decisive only),COMPATIBILITY_ONLY_NOT_PRODUCTION,959.8723,876.1092,-62.3511,83,83,0.06495773,,0.06495773,0.06495773,62.3511,959.8723,OK,0.0000,-2.4940,4.0000,96.0000,AG03-UNRESOLVED,ALL5_LEVELS_bet23_to_bet27,-2.4940,-2.4940,-2.4940,-3.1176,-3.1176,4.000000,4.000000,4.000000,5.000000,5.000000,96.000000,96.000000,96.000000,95.000000,95.000000,5.0,-13.7172,-12.5654,-48.6339,-49.7858,PENDING_AG03,FALSE,NOT_FOR_ENFORCEMENT,-59.8571,841.0648,-62.3511,-59.8571,-2.4940,-0.06495773,-0.06235942,-2.4940,-59.8571,-0.06235942,-2.4940,-2.4940,-2.4940,-3.1176,-3.1176,-59.8571,-0.06235942,-13.7172,-12.5654,-48.6339,-49.7858,-0.05066703,-0.05186707,-0.00259831,11.5647,10.5555,-0.7512,-62.3511,-8.9073,959.8723,83.0000,,11.5647,5.2352,10.4704,13.088,26.176,26.176,43.9991,10.4704,2.6176,2.5,4.202249,1.104518,6,10,2,2,0E-8,-0.06495773,,0E-8,0.000000,0.912735,0.000000,,2026-04-29,2026-04-29,1,7,6,1,1.000000,,,0.000000,,,,,,,,GLOBAL_BASELINE_NO_ENTITY_RANKING,,,NOT_APPLICABLE_GLOBAL_BASELINE,HF9g-P5,,,,X 全窗基线 · 不参与实体赏罚,3921543,393,A168_HF9F_20260827_0900,2026-08-27 09:00:00
2026-04-14,148653155,-1,1,246.0000000000,62.3500000000,62.3500000000,0.5000000,6,6,0.49994810000000000,0.499948100000,0.00025425703667063243,0.00025425703667063243,0.00025425703667063243,0E-17,SENTINEL_DEALER,R03b_20260811_FULL_v1,L1_ELIGIBILITY,v2026-08-11,2026-03-21..2026-08-06,baccarat_bet02_101_all_pairs_incl_sentinel,round_win = game_pnl > 0 (decisive only),COMPATIBILITY_ONLY_NOT_PRODUCTION,246.0000,246.0000,-62.3500,6,6,0.25345528,,0.25345528,0.25345528,62.3500,246.0000,THIN_EXPOSURE,0.0000,-2.4940,4.0000,96.0000,AG03-UNRESOLVED,ALL5_LEVELS_bet23_to_bet27,-2.4940,-2.4940,-2.4940,-3.1175,-3.1175,4.000000,4.000000,4.000000,5.000000,5.000000,96.000000,96.000000,96.000000,95.000000,95.000000,5.0,-13.7170,-12.5651,-48.6330,-49.7849,PENDING_AG03,FALSE,NOT_FOR_ENFORCEMENT,-59.8560,236.1600,-62.3500,-59.8560,-2.4940,-0.25345528,-0.24331707,-2.4940,-59.8560,-0.24331707,-2.4940,-2.4940,-2.4940,-3.1175,-3.1175,-59.8560,-0.24331707,-13.7170,-12.5651,-48.6330,-49.7849,-0.19769512,-0.20237752,-0.01013821,41.0000,41.0000,-10.3917,-62.3500,-62.3500,246.0000,6.0000,,41.0000,20.0,36.5,60.0,80.7,83.0,83.0,36.5,9.25,2.273973,2.273973,1.123288,1,1,1,2,0E-8,-0.25345528,,0E-8,0.000000,1.000000,0.000000,,2026-04-14,2026-04-14,1,1,1,1,1.000000,,,0.000000,,,,,,,,GLOBAL_BASELINE_NO_ENTITY_RANKING,,,NOT_APPLICABLE_GLOBAL_BASELINE,HF9g-P5,,,,X 全窗基线 · 不参与实体赏罚,3921544,393,A168_HF9F_20260827_0900,2026-08-27 09:00:00
2026-06-22,151901063,-1,1,90.0043716409,90.0043716409,90.0043716409,1.0000000,2,2,0.49994810000000000,0.499948100000,1.4143603653603398,1.4143603653603398,1.4143603653603398,0E-17,SENTINEL_DEALER,R03b_20260811_FULL_v1,L1_ELIGIBILITY,v2026-08-11,2026-03-21..2026-08-06,baccarat_bet02_101_all_pairs_incl_sentinel,round_win = game_pnl > 0 (decisive only),COMPATIBILITY_ONLY_NOT_PRODUCTION,318.9953,226.4092,-61.7071,28,20,0.19344189,,0.19344189,0.19344189,61.7071,318.9953,THIN_EXPOSURE,0.0000,-1.8512,3.0000,97.0000,AG03-UNRESOLVED,ALL5_LEVELS_bet23_to_bet27,-1.8512,-1.8512,-1.8512,-2.4683,-2.4683,3.000000,3.000000,3.000000,4.000000,4.000000,97.000000,97.000000,97.000000,96.000000,96.000000,5.0,-10.4902,-9.8041,-51.2169,-51.903,PENDING_AG03,FALSE,NOT_FOR_ENFORCEMENT,-59.8558,219.6169,-61.7071,-59.8558,-1.8512,-0.19344189,-0.18763864,-1.8512,-59.8558,-0.18763864,-1.8512,-1.8512,-1.8512,-2.4683,-2.4683,-59.8558,-0.18763864,-10.4902,-9.8041,-51.2169,-51.903,-0.16055677,-0.16270774,-0.00580326,11.3927,11.3205,-3.0854,-30.8535,-4.1138,159.4977,10.0000,,11.3927,2.5818,2.5818,12.8578,38.5733,51.4311,51.4311,2.5818,-2.5716,19.920796,19.920796,4.412731,13,14,2,8,0E-8,-0.19344189,,0E-8,0.000000,0.709757,0.785714,,2026-06-22,2026-07-01,2,15,15,10,0.200000,,,0.000000,,,,,,,,GLOBAL_BASELINE_NO_ENTITY_RANKING,,,NOT_APPLICABLE_GLOBAL_BASELINE,HF9g-P5,,,,X 全窗基线 · 不参与实体赏罚,3921545,393,A168_HF9F_20260827_0900,2026-08-27 09:00:00
2026-06-22,151901063,1485,0,20.5724278036,-20.5724278036,-20.5724278036,0E-7,3,1,0.08108862500000000,0.076583900000,-0.29705930068363817,-0.2879850998550917,-0.29705930068363817,0.00450472500000000,ELIGIBLE,R03b_20260811_FULL_v1,L1_ELIGIBILITY,v2026-08-11,2026-03-21..2026-08-06,baccarat_bet02_101_all_pairs_incl_sentinel,round_win = game_pnl > 0 (decisive only),COMPATIBILITY_ONLY_NOT_PRODUCTION,318.9953,226.4092,-61.7071,28,20,0.19344189,,0.19344189,0.19344189,61.7071,318.9953,THIN_EXPOSURE,0.0000,-1.8512,3.0000,97.0000,AG03-UNRESOLVED,ALL5_LEVELS_bet23_to_bet27,-1.8512,-1.8512,-1.8512,-2.4683,-2.4683,3.000000,3.000000,3.000000,4.000000,4.000000,97.000000,97.000000,97.000000,96.000000,96.000000,5.0,-10.4902,-9.8041,-51.2169,-51.903,PENDING_AG03,FALSE,NOT_FOR_ENFORCEMENT,-59.8558,219.6169,-61.7071,-59.8558,-1.8512,-0.19344189,-0.18763864,-1.8512,-59.8558,-0.18763864,-1.8512,-1.8512,-1.8512,-2.4683,-2.4683,-59.8558,-0.18763864,-10.4902,-9.8041,-51.2169,-51.903,-0.16055677,-0.16270774,-0.00580326,11.3927,11.3205,-3.0854,-30.8535,-4.1138,159.4977,10.0000,,11.3927,2.5818,2.5818,12.8578,38.5733,51.4311,51.4311,2.5818,-2.5716,19.920796,19.920796,4.412731,13,14,2,8,0E-8,-0.19344189,,0E-8,0.000000,0.709757,0.785714,,2026-06-22,2026-07-01,2,15,15,10,0.200000,,,0.000000,,,,,,,,GLOBAL_BASELINE_NO_ENTITY_RANKING,,,NOT_APPLICABLE_GLOBAL_BASELINE,HF9g-P5,,,,X 全窗基线 · 不参与实体赏罚,3921546,393,A168_HF9F_20260827_0900,2026-08-27 09:00:00
2026-06-22,151901063,1942,0,28.2870882300,-28.2870882300,-28.2870882300,0E-7,2,1,0.46230380909012522,0.262742800000,-0.9272466136296023,-0.5969746651759844,-0.9272466136296023,0.19956100909012522,ELIGIBLE,R03b_20260811_FULL_v1,L1_ELIGIBILITY,v2026-08-11,2026-03-21..2026-08-06,baccarat_bet02_101_all_pairs_incl_sentinel,round_win = game_pnl > 0 (decisive only),COMPATIBILITY_ONLY_NOT_PRODUCTION,318.9953,226.4092,-61.7071,28,20,0.19344189,,0.19344189,0.19344189,61.7071,318.9953,THIN_EXPOSURE,0.0000,-1.8512,3.0000,97.0000,AG03-UNRESOLVED,ALL5_LEVELS_bet23_to_bet27,-1.8512,-1.8512,-1.8512,-2.4683,-2.4683,3.000000,3.000000,3.000000,4.000000,4.000000,97.000000,97.000000,97.000000,96.000000,96.000000,5.0,-10.4902,-9.8041,-51.2169,-51.903,PENDING_AG03,FALSE,NOT_FOR_ENFORCEMENT,-59.8558,219.6169,-61.7071,-59.8558,-1.8512,-0.19344189,-0.18763864,-1.8512,-59.8558,-0.18763864,-1.8512,-1.8512,-1.8512,-2.4683,-2.4683,-59.8558,-0.18763864,-10.4902,-9.8041,-51.2169,-51.903,-0.16055677,-0.16270774,-0.00580326,11.3927,11.3205,-3.0854,-30.8535,-4.1138,159.4977,10.0000,,11.3927,2.5818,2.5818,12.8578,38.5733,51.4311,51.4311,2.5818,-2.5716,19.920796,19.920796,4.412731,13,14,2,8,0E-8,-0.19344189,,0E-8,0.000000,0.709757,0.785714,,2026-06-22,2026-07-01,2,15,15,10,0.200000,,,0.000000,,,,,,,,GLOBAL_BASELINE_NO_ENTITY_RANKING,,,NOT_APPLICABLE_GLOBAL_BASELINE,HF9g-P5,,,,X 全窗基线 · 不参与实体赏罚,3921547,393,A168_HF9F_20260827_0900,2026-08-27 09:00:00
2026-06-22,151901063,2209,0,38.5733021318,0E-10,0E-10,,1,1,0.50665070000000000,0.506650700000,,,,0E-17,NO_DECISIVE_ROUND,R03b_20260811_FULL_v1,L1_ELIGIBILITY,v2026-08-11,2026-03-21..2026-08-06,baccarat_bet02_101_all_pairs_incl_sentinel,round_win = game_pnl > 0 (decisive only),COMPATIBILITY_ONLY_NOT_PRODUCTION,318.9953,226.4092,-61.7071,28,20,0.19344189,,0.19344189,0.19344189,61.7071,318.9953,THIN_EXPOSURE,0.0000,-1.8512,3.0000,97.0000,AG03-UNRESOLVED,ALL5_LEVELS_bet23_to_bet27,-1.8512,-1.8512,-1.8512,-2.4683,-2.4683,3.000000,3.000000,3.000000,4.000000,4.000000,97.000000,97.000000,97.000000,96.000000,96.000000,5.0,-10.4902,-9.8041,-51.2169,-51.903,PENDING_AG03,FALSE,NOT_FOR_ENFORCEMENT,-59.8558,219.6169,-61.7071,-59.8558,-1.8512,-0.19344189,-0.18763864,-1.8512,-59.8558,-0.18763864,-1.8512,-1.8512,-1.8512,-2.4683,-2.4683,-59.8558,-0.18763864,-10.4902,-9.8041,-51.2169,-51.903,-0.16055677,-0.16270774,-0.00580326,11.3927,11.3205,-3.0854,-30.8535,-4.1138,159.4977,10.0000,,11.3927,2.5818,2.5818,12.8578,38.5733,51.4311,51.4311,2.5818,-2.5716,19.920796,19.920796,4.412731,13,14,2,8,0E-8,-0.19344189,,0E-8,0.000000,0.709757,0.785714,,2026-06-22,2026-07-01,2,15,15,10,0.200000,,,0.000000,,,,,,,,GLOBAL_BASELINE_NO_ENTITY_RANKING,,,NOT_APPLICABLE_GLOBAL_BASELINE,HF9g-P5,,,,X 全窗基线 · 不参与实体赏罚,3921548,393,A168_HF9F_20260827_0900,2026-08-27 09:00:00
2026-06-22,151901063,2224,0,7.7146604264,-7.7146604264,-7.7146604264,0E-7,2,1,0.08134120000008595,0.084656600000,-0.29756247872748304,-0.30411537976395303,-0.29756247872748304,-0.00331539999991405,ELIGIBLE,R03b_20260811_FULL_v1,L1_ELIGIBILITY,v2026-08-11,2026-03-21..2026-08-06,baccarat_bet02_101_all_pairs_incl_sentinel,round_win = game_pnl > 0 (decisive only),COMPATIBILITY_ONLY_NOT_PRODUCTION,318.9953,226.4092,-61.7071,28,20,0.19344189,,0.19344189,0.19344189,61.7071,318.9953,THIN_EXPOSURE,0.0000,-1.8512,3.0000,97.0000,AG03-UNRESOLVED,ALL5_LEVELS_bet23_to_bet27,-1.8512,-1.8512,-1.8512,-2.4683,-2.4683,3.000000,3.000000,3.000000,4.000000,4.000000,97.000000,97.000000,97.000000,96.000000,96.000000,5.0,-10.4902,-9.8041,-51.2169,-51.903,PENDING_AG03,FALSE,NOT_FOR_ENFORCEMENT,-59.8558,219.6169,-61.7071,-59.8558,-1.8512,-0.19344189,-0.18763864,-1.8512,-59.8558,-0.18763864,-1.8512,-1.8512,-1.8512,-2.4683,-2.4683,-59.8558,-0.18763864,-10.4902,-9.8041,-51.2169,-51.903,-0.16055677,-0.16270774,-0.00580326,11.3927,11.3205,-3.0854,-30.8535,-4.1138,159.4977,10.0000,,11.3927,2.5818,2.5818,12.8578,38.5733,51.4311,51.4311,2.5818,-2.5716,19.920796,19.920796,4.412731,13,14,2,8,0E-8,-0.19344189,,0E-8,0.000000,0.709757,0.785714,,2026-06-22,2026-07-01,2,15,15,10,0.200000,,,0.000000,,,,,,,,GLOBAL_BASELINE_NO_ENTITY_RANKING,,,NOT_APPLICABLE_GLOBAL_BASELINE,HF9g-P5,,,,X 全窗基线 · 不参与实体赏罚,3921549,393,A168_HF9F_20260827_0900,2026-08-27 09:00:00
2026-06-22,151901063,2246,0,23.1439812792,7.7146604262,7.7146604262,1.0000000,4,1,0.35670551110934123,0.186030525000,1.3429195794402256,2.091760479443659,1.3429195794402256,0.17067498610934123,ELIGIBLE,R03b_20260811_FULL_v1,L1_ELIGIBILITY,v2026-08-11,2026-03-21..2026-08-06,baccarat_bet02_101_all_pairs_incl_sentinel,round_win = game_pnl > 0 (decisive only),COMPATIBILITY_ONLY_NOT_PRODUCTION,318.9953,226.4092,-61.7071,28,20,0.19344189,,0.19344189,0.19344189,61.7071,318.9953,THIN_EXPOSURE,0.0000,-1.8512,3.0000,97.0000,AG03-UNRESOLVED,ALL5_LEVELS_bet23_to_bet27,-1.8512,-1.8512,-1.8512,-2.4683,-2.4683,3.000000,3.000000,3.000000,4.000000,4.000000,97.000000,97.000000,97.000000,96.000000,96.000000,5.0,-10.4902,-9.8041,-51.2169,-51.903,PENDING_AG03,FALSE,NOT_FOR_ENFORCEMENT,-59.8558,219.6169,-61.7071,-59.8558,-1.8512,-0.19344189,-0.18763864,-1.8512,-59.8558,-0.18763864,-1.8512,-1.8512,-1.8512,-2.4683,-2.4683,-59.8558,-0.18763864,-10.4902,-9.8041,-51.2169,-51.903,-0.16055677,-0.16270774,-0.00580326,11.3927,11.3205,-3.0854,-30.8535,-4.1138,159.4977,10.0000,,11.3927,2.5818,2.5818,12.8578,38.5733,51.4311,51.4311,2.5818,-2.5716,19.920796,19.920796,4.412731,13,14,2,8,0E-8,-0.19344189,,0E-8,0.000000,0.709757,0.785714,,2026-06-22,2026-07-01,2,15,15,10,0.200000,,,0.000000,,,,,,,,GLOBAL_BASELINE_NO_ENTITY_RANKING,,,NOT_APPLICABLE_GLOBAL_BASELINE,HF9g-P5,,,,X 全窗基线 · 不参与实体赏罚,3921550,393,A168_HF9F_20260827_0900,2026-08-27 09:00:00
2026-06-22,151901063,2248,0,28.2870882300,23.1439812790,23.1439812790,1.0000000,2,1,0.45327421818111165,0.273403450000,1.0982577292591,1.6302141951861717,1.0982577292591,0.17987076818111165,ELIGIBLE,R03b_20260811_FULL_v1,L1_ELIGIBILITY,v2026-08-11,2026-03-21..2026-08-06,baccarat_bet02_101_all_pairs_incl_sentinel,round_win = game_pnl > 0 (decisive only),COMPATIBILITY_ONLY_NOT_PRODUCTION,318.9953,226.4092,-61.7071,28,20,0.19344189,,0.19344189,0.19344189,61.7071,318.9953,THIN_EXPOSURE,0.0000,-1.8512,3.0000,97.0000,AG03-UNRESOLVED,ALL5_LEVELS_bet23_to_bet27,-1.8512,-1.8512,-1.8512,-2.4683,-2.4683,3.000000,3.000000,3.000000,4.000000,4.000000,97.000000,97.000000,97.000000,96.000000,96.000000,5.0,-10.4902,-9.8041,-51.2169,-51.903,PENDING_AG03,FALSE,NOT_FOR_ENFORCEMENT,-59.8558,219.6169,-61.7071,-59.8558,-1.8512,-0.19344189,-0.18763864,-1.8512,-59.8558,-0.18763864,-1.8512,-1.8512,-1.8512,-2.4683,-2.4683,-59.8558,-0.18763864,-10.4902,-9.8041,-51.2169,-51.903,-0.16055677,-0.16270774,-0.00580326,11.3927,11.3205,-3.0854,-30.8535,-4.1138,159.4977,10.0000,,11.3927,2.5818,2.5818,12.8578,38.5733,51.4311,51.4311,2.5818,-2.5716,19.920796,19.920796,4.412731,13,14,2,8,0E-8,-0.19344189,,0E-8,0.000000,0.709757,0.785714,,2026-06-22,2026-07-01,2,15,15,10,0.200000,,,0.000000,,,,,,,,GLOBAL_BASELINE_NO_ENTITY_RANKING,,,NOT_APPLICABLE_GLOBAL_BASELINE,HF9g-P5,,,,X 全窗基线 · 不参与实体赏罚,3921551,393,A168_HF9F_20260827_0900,2026-08-27 09:00:00
2026-06-22,151901063,526,0,51.4310695091,0E-10,0E-10,,1,1,0.49324550000000000,0.493245500000,,,,0E-17,NO_DECISIVE_ROUND,R03b_20260811_FULL_v1,L1_ELIGIBILITY,v2026-08-11,2026-03-21..2026-08-06,baccarat_bet02_101_all_pairs_incl_sentinel,round_win = game_pnl > 0 (decisive only),COMPATIBILITY_ONLY_NOT_PRODUCTION,318.9953,226.4092,-61.7071,28,20,0.19344189,,0.19344189,0.19344189,61.7071,318.9953,THIN_EXPOSURE,0.0000,-1.8512,3.0000,97.0000,AG03-UNRESOLVED,ALL5_LEVELS_bet23_to_bet27,-1.8512,-1.8512,-1.8512,-2.4683,-2.4683,3.000000,3.000000,3.000000,4.000000,4.000000,97.000000,97.000000,97.000000,96.000000,96.000000,5.0,-10.4902,-9.8041,-51.2169,-51.903,PENDING_AG03,FALSE,NOT_FOR_ENFORCEMENT,-59.8558,219.6169,-61.7071,-59.8558,-1.8512,-0.19344189,-0.18763864,-1.8512,-59.8558,-0.18763864,-1.8512,-1.8512,-1.8512,-2.4683,-2.4683,-59.8558,-0.18763864,-10.4902,-9.8041,-51.2169,-51.903,-0.16055677,-0.16270774,-0.00580326,11.3927,11.3205,-3.0854,-30.8535,-4.1138,159.4977,10.0000,,11.3927,2.5818,2.5818,12.8578,38.5733,51.4311,51.4311,2.5818,-2.5716,19.920796,19.920796,4.412731,13,14,2,8,0E-8,-0.19344189,,0E-8,0.000000,0.709757,0.785714,,2026-06-22,2026-07-01,2,15,15,10,0.200000,,,0.000000,,,,,,,,GLOBAL_BASELINE_NO_ENTITY_RANKING,,,NOT_APPLICABLE_GLOBAL_BASELINE,HF9g-P5,,,,X 全窗基线 · 不参与实体赏罚,3921552,393,A168_HF9F_20260827_0900,2026-08-27 09:00:00
2026-07-01,151901063,1363,0,7.7453334366,-7.7453334366,-7.7453334366,0E-7,2,2,0.49324550000000000,0.493245500000,-1.3952362676504506,-1.3952362676504506,-1.3952362676504506,0E-17,ELIGIBLE,R03b_20260811_FULL_v1,L1_ELIGIBILITY,v2026-08-11,2026-03-21..2026-08-06,baccarat_bet02_101_all_pairs_incl_sentinel,round_win = game_pnl > 0 (decisive only),COMPATIBILITY_ONLY_NOT_PRODUCTION,318.9953,226.4092,-61.7071,28,20,0.19344189,,0.19344189,0.19344189,61.7071,318.9953,THIN_EXPOSURE,0.0000,-1.8512,3.0000,97.0000,AG03-UNRESOLVED,ALL5_LEVELS_bet23_to_bet27,-1.8512,-1.8512,-1.8512,-2.4683,-2.4683,3.000000,3.000000,3.000000,4.000000,4.000000,97.000000,97.000000,97.000000,96.000000,96.000000,5.0,-10.4902,-9.8041,-51.2169,-51.903,PENDING_AG03,FALSE,NOT_FOR_ENFORCEMENT,-59.8558,219.6169,-61.7071,-59.8558,-1.8512,-0.19344189,-0.18763864,-1.8512,-59.8558,-0.18763864,-1.8512,-1.8512,-1.8512,-2.4683,-2.4683,-59.8558,-0.18763864,-10.4902,-9.8041,-51.2169,-51.903,-0.16055677,-0.16270774,-0.00580326,11.3927,11.3205,-3.0854,-30.8535,-4.1138,159.4977,10.0000,,11.3927,2.5818,2.5818,12.8578,38.5733,51.4311,51.4311,2.5818,-2.5716,19.920796,19.920796,4.412731,13,14,2,8,0E-8,-0.19344189,,0E-8,0.000000,0.709757,0.785714,,2026-06-22,2026-07-01,2,15,15,10,0.200000,,,0.000000,,,,,,,,GLOBAL_BASELINE_NO_ENTITY_RANKING,,,NOT_APPLICABLE_GLOBAL_BASELINE,HF9g-P5,,,,X 全窗基线 · 不参与实体赏罚,3921553,393,A168_HF9F_20260827_0900,2026-08-27 09:00:00
2026-07-01,151901063,2101,0,2.5817778122,2.5817778122,2.5817778122,1.0000000,1,1,0.49324550000000000,0.493245500000,1.01360149184955,1.01360149184955,1.01360149184955,0E-17,ELIGIBLE,R03b_20260811_FULL_v1,L1_ELIGIBILITY,v2026-08-11,2026-03-21..2026-08-06,baccarat_bet02_101_all_pairs_incl_sentinel,round_win = game_pnl > 0 (decisive only),COMPATIBILITY_ONLY_NOT_PRODUCTION,318.9953,226.4092,-61.7071,28,20,0.19344189,,0.19344189,0.19344189,61.7071,318.9953,THIN_EXPOSURE,0.0000,-1.8512,3.0000,97.0000,AG03-UNRESOLVED,ALL5_LEVELS_bet23_to_bet27,-1.8512,-1.8512,-1.8512,-2.4683,-2.4683,3.000000,3.000000,3.000000,4.000000,4.000000,97.000000,97.000000,97.000000,96.000000,96.000000,5.0,-10.4902,-9.8041,-51.2169,-51.903,PENDING_AG03,FALSE,NOT_FOR_ENFORCEMENT,-59.8558,219.6169,-61.7071,-59.8558,-1.8512,-0.19344189,-0.18763864,-1.8512,-59.8558,-0.18763864,-1.8512,-1.8512,-1.8512,-2.4683,-2.4683,-59.8558,-0.18763864,-10.4902,-9.8041,-51.2169,-51.903,-0.16055677,-0.16270774,-0.00580326,11.3927,11.3205,-3.0854,-30.8535,-4.1138,159.4977,10.0000,,11.3927,2.5818,2.5818,12.8578,38.5733,51.4311,51.4311,2.5818,-2.5716,19.920796,19.920796,4.412731,13,14,2,8,0E-8,-0.19344189,,0E-8,0.000000,0.709757,0.785714,,2026-06-22,2026-07-01,2,15,15,10,0.200000,,,0.000000,,,,,,,,GLOBAL_BASELINE_NO_ENTITY_RANKING,,,NOT_APPLICABLE_GLOBAL_BASELINE,HF9g-P5,,,,X 全窗基线 · 不参与实体赏罚,3921554,393,A168_HF9F_20260827_0900,2026-08-27 09:00:00
2026-07-01,151901063,2115,0,5.1635556244,0E-10,0E-10,0.5000000,2,2,0.49324550000000000,0.493245500000,0.01910635448239258,0.01910635448239258,0.01910635448239258,0E-17,ELIGIBLE,R03b_20260811_FULL_v1,L1_ELIGIBILITY,v2026-08-11,2026-03-21..2026-08-06,baccarat_bet02_101_all_pairs_incl_sentinel,round_win = game_pnl > 0 (decisive only),COMPATIBILITY_ONLY_NOT_PRODUCTION,318.9953,226.4092,-61.7071,28,20,0.19344189,,0.19344189,0.19344189,61.7071,318.9953,THIN_EXPOSURE,0.0000,-1.8512,3.0000,97.0000,AG03-UNRESOLVED,ALL5_LEVELS_bet23_to_bet27,-1.8512,-1.8512,-1.8512,-2.4683,-2.4683,3.000000,3.000000,3.000000,4.000000,4.000000,97.000000,97.000000,97.000000,96.000000,96.000000,5.0,-10.4902,-9.8041,-51.2169,-51.903,PENDING_AG03,FALSE,NOT_FOR_ENFORCEMENT,-59.8558,219.6169,-61.7071,-59.8558,-1.8512,-0.19344189,-0.18763864,-1.8512,-59.8558,-0.18763864,-1.8512,-1.8512,-1.8512,-2.4683,-2.4683,-59.8558,-0.18763864,-10.4902,-9.8041,-51.2169,-51.903,-0.16055677,-0.16270774,-0.00580326,11.3927,11.3205,-3.0854,-30.8535,-4.1138,159.4977,10.0000,,11.3927,2.5818,2.5818,12.8578,38.5733,51.4311,51.4311,2.5818,-2.5716,19.920796,19.920796,4.412731,13,14,2,8,0E-8,-0.19344189,,0E-8,0.000000,0.709757,0.785714,,2026-06-22,2026-07-01,2,15,15,10,0.200000,,,0.000000,,,,,,,,GLOBAL_BASELINE_NO_ENTITY_RANKING,,,NOT_APPLICABLE_GLOBAL_BASELINE,HF9g-P5,,,,X 全窗基线 · 不参与实体赏罚,3921555,393,A168_HF9F_20260827_0900,2026-08-27 09:00:00
2026-07-01,151901063,2167,0,5.1635556244,2.5817778122,2.5817778122,1.0000000,2,2,0.49994810000000000,0.499948100000,1.0001038053877793,1.0001038053877793,1.0001038053877793,0E-17,ELIGIBLE,R03b_20260811_FULL_v1,L1_ELIGIBILITY,v2026-08-11,2026-03-21..2026-08-06,baccarat_bet02_101_all_pairs_incl_sentinel,round_win = game_pnl > 0 (decisive only),COMPATIBILITY_ONLY_NOT_PRODUCTION,318.9953,226.4092,-61.7071,28,20,0.19344189,,0.19344189,0.19344189,61.7071,318.9953,THIN_EXPOSURE,0.0000,-1.8512,3.0000,97.0000,AG03-UNRESOLVED,ALL5_LEVELS_bet23_to_bet27,-1.8512,-1.8512,-1.8512,-2.4683,-2.4683,3.000000,3.000000,3.000000,4.000000,4.000000,97.000000,97.000000,97.000000,96.000000,96.000000,5.0,-10.4902,-9.8041,-51.2169,-51.903,PENDING_AG03,FALSE,NOT_FOR_ENFORCEMENT,-59.8558,219.6169,-61.7071,-59.8558,-1.8512,-0.19344189,-0.18763864,-1.8512,-59.8558,-0.18763864,-1.8512,-1.8512,-1.8512,-2.4683,-2.4683,-59.8558,-0.18763864,-10.4902,-9.8041,-51.2169,-51.903,-0.16055677,-0.16270774,-0.00580326,11.3927,11.3205,-3.0854,-30.8535,-4.1138,159.4977,10.0000,,11.3927,2.5818,2.5818,12.8578,38.5733,51.4311,51.4311,2.5818,-2.5716,19.920796,19.920796,4.412731,13,14,2,8,0E-8,-0.19344189,,0E-8,0.000000,0.709757,0.785714,,2026-06-22,2026-07-01,2,15,15,10,0.200000,,,0.000000,,,,,,,,GLOBAL_BASELINE_NO_ENTITY_RANKING,,,NOT_APPLICABLE_GLOBAL_BASELINE,HF9g-P5,,,,X 全窗基线 · 不参与实体赏罚,3921556,393,A168_HF9F_20260827_0900,2026-08-27 09:00:00
2026-07-01,151901063,2241,0,5.1635556244,0E-10,0E-10,0.5000000,2,2,0.49994810000000000,0.499948100000,0.00014679536856514622,0.00014679536856514622,0.00014679536856514622,0E-17,ELIGIBLE,R03b_20260811_FULL_v1,L1_ELIGIBILITY,v2026-08-11,2026-03-21..2026-08-06,baccarat_bet02_101_all_pairs_incl_sentinel,round_win = game_pnl > 0 (decisive only),COMPATIBILITY_ONLY_NOT_PRODUCTION,318.9953,226.4092,-61.7071,28,20,0.19344189,,0.19344189,0.19344189,61.7071,318.9953,THIN_EXPOSURE,0.0000,-1.8512,3.0000,97.0000,AG03-UNRESOLVED,ALL5_LEVELS_bet23_to_bet27,-1.8512,-1.8512,-1.8512,-2.4683,-2.4683,3.000000,3.000000,3.000000,4.000000,4.000000,97.000000,97.000000,97.000000,96.000000,96.000000,5.0,-10.4902,-9.8041,-51.2169,-51.903,PENDING_AG03,FALSE,NOT_FOR_ENFORCEMENT,-59.8558,219.6169,-61.7071,-59.8558,-1.8512,-0.19344189,-0.18763864,-1.8512,-59.8558,-0.18763864,-1.8512,-1.8512,-1.8512,-2.4683,-2.4683,-59.8558,-0.18763864,-10.4902,-9.8041,-51.2169,-51.903,-0.16055677,-0.16270774,-0.00580326,11.3927,11.3205,-3.0854,-30.8535,-4.1138,159.4977,10.0000,,11.3927,2.5818,2.5818,12.8578,38.5733,51.4311,51.4311,2.5818,-2.5716,19.920796,19.920796,4.412731,13,14,2,8,0E-8,-0.19344189,,0E-8,0.000000,0.709757,0.785714,,2026-06-22,2026-07-01,2,15,15,10,0.200000,,,0.000000,,,,,,,,GLOBAL_BASELINE_NO_ENTITY_RANKING,,,NOT_APPLICABLE_GLOBAL_BASELINE,HF9g-P5,,,,X 全窗基线 · 不参与实体赏罚,3921557,393,A168_HF9F_20260827_0900,2026-08-27 09:00:00
2026-07-01,151901063,550,0,5.1635556244,0E-10,0E-10,0.5000000,2,2,0.49324550000000000,0.493245500000,0.01910635448239258,0.01910635448239258,0.01910635448239258,0E-17,ELIGIBLE,R03b_20260811_FULL_v1,L1_ELIGIBILITY,v2026-08-11,2026-03-21..2026-08-06,baccarat_bet02_101_all_pairs_incl_sentinel,round_win = game_pnl > 0 (decisive only),COMPATIBILITY_ONLY_NOT_PRODUCTION,318.9953,226.4092,-61.7071,28,20,0.19344189,,0.19344189,0.19344189,61.7071,318.9953,THIN_EXPOSURE,0.0000,-1.8512,3.0000,97.0000,AG03-UNRESOLVED,ALL5_LEVELS_bet23_to_bet27,-1.8512,-1.8512,-1.8512,-2.4683,-2.4683,3.000000,3.000000,3.000000,4.000000,4.000000,97.000000,97.000000,97.000000,96.000000,96.000000,5.0,-10.4902,-9.8041,-51.2169,-51.903,PENDING_AG03,FALSE,NOT_FOR_ENFORCEMENT,-59.8558,219.6169,-61.7071,-59.8558,-1.8512,-0.19344189,-0.18763864,-1.8512,-59.8558,-0.18763864,-1.8512,-1.8512,-1.8512,-2.4683,-2.4683,-59.8558,-0.18763864,-10.4902,-9.8041,-51.2169,-51.903,-0.16055677,-0.16270774,-0.00580326,11.3927,11.3205,-3.0854,-30.8535,-4.1138,159.4977,10.0000,,11.3927,2.5818,2.5818,12.8578,38.5733,51.4311,51.4311,2.5818,-2.5716,19.920796,19.920796,4.412731,13,14,2,8,0E-8,-0.19344189,,0E-8,0.000000,0.709757,0.785714,,2026-06-22,2026-07-01,2,15,15,10,0.200000,,,0.000000,,,,,,,,GLOBAL_BASELINE_NO_ENTITY_RANKING,,,NOT_APPLICABLE_GLOBAL_BASELINE,HF9g-P5,,,,X 全窗基线 · 不参与实体赏罚,3921558,393,A168_HF9F_20260827_0900,2026-08-27 09:00:00
2026-07-16,153074434,994,0,640.5453534927,62.3489412116,62.3489412116,0.4000000,47,21,0.43028761091981487,0.319943490079,-0.2735727037600433,0.7675426384957672,-0.2735727037600433,0.11034412084081487,ELIGIBLE,R03b_20260811_FULL_v1,L1_ELIGIBILITY,v2026-08-11,2026-03-21..2026-08-06,baccarat_bet02_101_all_pairs_incl_sentinel,round_win = game_pnl > 0 (decisive only),COMPATIBILITY_ONLY_NOT_PRODUCTION,640.5454,591.2726,-62.3489,47,21,0.09733728,0.09733728,,0.09733728,62.3489,640.5454,OK,0.0000,-2.4940,4.0000,96.0000,AG03-UNRESOLVED,ALL5_LEVELS_bet23_to_bet27,-2.4940,-2.4940,-2.4940,-3.7409,-3.7409,4.000000,4.000000,4.000000,6.000000,6.000000,96.000000,96.000000,96.000000,94.000000,94.000000,5.0,-14.9637,-13.6075,-47.3852,-48.7415,PENDING_AG03,FALSE,NOT_FOR_ENFORCEMENT,-59.8550,567.6217,-62.3489,-59.8550,-2.4940,-0.09733728,-0.09344379,-2.4940,-59.8550,-0.09344379,-2.4940,-2.4940,-2.4940,-3.7409,-3.7409,-59.8550,-0.09344379,-14.9637,-13.6075,-47.3852,-48.7415,-0.07397633,-0.07609368,-0.00389349,13.6286,28.1558,-2.9690,-62.3489,-62.3489,640.5454,21.0000,13.6286,,3.7902,3.7902,18.951,37.9021,37.9021,60.6433,3.7902,-3.7902,10.0,16.0,3.595745,1,1,1,8,1.00000000,-0.09733728,-0.09733728,0E-8,0.000000,0.923077,0.000000,,2026-07-16,2026-07-16,1,1,1,1,1.000000,,1.000000,3.333333,,,,,,,,GLOBAL_BASELINE_NO_ENTITY_RANKING,,,NOT_APPLICABLE_GLOBAL_BASELINE,HF9g-P5,,,,X 全窗基线 · 不参与实体赏罚,3921559,393,A168_HF9F_20260827_0900,2026-08-27 09:00:00
2026-07-26,153478962,1331,0,175.5608912296,61.7044897115,61.7044897115,0.6666667,25,9,0.39721833036155203,0.248533125000,1.6519697929534483,2.9026134324110844,1.6519697929534483,0.14868520536155203,ELIGIBLE,R03b_20260811_FULL_v1,L1_ELIGIBILITY,v2026-08-11,2026-03-21..2026-08-06,baccarat_bet02_101_all_pairs_incl_sentinel,round_win = game_pnl > 0 (decisive only),COMPATIBILITY_ONLY_NOT_PRODUCTION,175.5609,157.4884,-61.7045,25,9,0.35147059,0.35147059,,0.35147059,61.7045,175.5609,THIN_EXPOSURE,0.0000,-1.8511,3.0000,97.0000,AG03-UNRESOLVED,ALL5_LEVELS_bet23_to_bet27,-1.8511,-1.8511,-1.8511,-2.4682,-2.4682,3.000000,3.000000,3.000000,4.000000,4.000000,97.000000,97.000000,97.000000,96.000000,96.000000,5.0,-10.4898,-9.8036,-51.2147,-51.9008,PENDING_AG03,FALSE,NOT_FOR_ENFORCEMENT,-59.8534,152.7638,-61.7045,-59.8534,-1.8511,-0.35147059,-0.34092647,-1.8511,-59.8534,-0.34092647,-1.8511,-1.8511,-1.8511,-2.4682,-2.4682,-59.8534,-0.34092647,-10.4898,-9.8036,-51.2147,-51.9008,-0.29172059,-0.29562874,-0.01054412,7.0224,17.4987,-6.8561,-61.7045,-61.7045,175.5609,9.0000,7.0224,,2.5818,2.5818,11.618,18.0724,20.0088,25.8178,2.5818,-2.5818,7.75,10.0,2.72,1,1,1,5,1.00000000,-0.35147059,-0.35147059,0E-8,0.000000,0.897059,0.000000,,2026-07-26,2026-07-26,1,1,1,1,1.000000,,1.000000,3.333333,,,,,,,,GLOBAL_BASELINE_NO_ENTITY_RANKING,,,NOT_APPLICABLE_GLOBAL_BASELINE,HF9g-P5,,,,X 全窗基线 · 不参与实体赏罚,3921560,393,A168_HF9F_20260827_0900,2026-08-27 09:00:00
2026-07-08,152744474,-1,1,413.0844499520,5.6799111872,5.6799111872,0.5142857,80,80,0.49927784000000000,0.499277840000,0.25113003189844235,0.2511300318984424,0.25113003189844235,0E-17,SENTINEL_DEALER,R03b_20260811_FULL_v1,L1_ELIGIBILITY,v2026-08-11,2026-03-21..2026-08-06,baccarat_bet02_101_all_pairs_incl_sentinel,round_win = game_pnl > 0 (decisive only),COMPATIBILITY_ONLY_NOT_PRODUCTION,1311.5431,1110.1645,-61.7045,253,252,0.04704724,0.04704724,,0.04704724,61.7045,1311.5431,OK,0.0000,-1.8511,3.0000,97.0000,AG03-UNRESOLVED,ALL5_LEVELS_bet23_to_bet27,-1.8511,-1.8511,-1.8511,-2.4682,-2.4682,3.000000,3.000000,3.000000,4.000000,4.000000,97.000000,97.000000,97.000000,96.000000,96.000000,5.0,-10.4898,-9.8036,-51.2147,-51.9008,PENDING_AG03,FALSE,NOT_FOR_ENFORCEMENT,-59.8534,1076.8595,-61.7045,-59.8534,-1.8511,-0.04704724,-0.04563583,-1.8511,-59.8534,-0.04563583,-1.8511,-1.8511,-1.8511,-2.4682,-2.4682,-59.8534,-0.04563583,-10.4898,-9.8036,-51.2147,-51.9008,-0.03904921,-0.03957235,-0.00141142,5.1840,4.4054,-0.2449,-61.7045,-2.3732,1311.5431,252.0000,5.1840,,5.1636,5.1636,5.1636,5.1636,5.1636,5.1636,5.1636,0.0,1.0,1.0,1.003953,26,18,1,2,1.00000000,-0.04704724,-0.04704724,0E-8,0.000000,0.846457,0.000000,,2026-07-08,2026-07-08,1,26,26,1,1.000000,,1.000000,3.333333,,,,,,,,GLOBAL_BASELINE_NO_ENTITY_RANKING,,,NOT_APPLICABLE_GLOBAL_BASELINE,HF9g-P5,,,,X 全窗基线 · 不参与实体赏罚,3921561,393,A168_HF9F_20260827_0900,2026-08-27 09:00:00
2026-07-08,152744474,1221,0,51.6355562440,-25.8177781220,-25.8177781220,0.2222222,10,10,0.49726706000000000,0.497267060000,-1.6502936788091886,-1.6502936788091886,-1.6502936788091886,0E-17,ELIGIBLE,R03b_20260811_FULL_v1,L1_ELIGIBILITY,v2026-08-11,2026-03-21..2026-08-06,baccarat_bet02_101_all_pairs_incl_sentinel,round_win = game_pnl > 0 (decisive only),COMPATIBILITY_ONLY_NOT_PRODUCTION,1311.5431,1110.1645,-61.7045,253,252,0.04704724,0.04704724,,0.04704724,61.7045,1311.5431,OK,0.0000,-1.8511,3.0000,97.0000,AG03-UNRESOLVED,ALL5_LEVELS_bet23_to_bet27,-1.8511,-1.8511,-1.8511,-2.4682,-2.4682,3.000000,3.000000,3.000000,4.000000,4.000000,97.000000,97.000000,97.000000,96.000000,96.000000,5.0,-10.4898,-9.8036,-51.2147,-51.9008,PENDING_AG03,FALSE,NOT_FOR_ENFORCEMENT,-59.8534,1076.8595,-61.7045,-59.8534,-1.8511,-0.04704724,-0.04563583,-1.8511,-59.8534,-0.04563583,-1.8511,-1.8511,-1.8511,-2.4682,-2.4682,-59.8534,-0.04563583,-10.4898,-9.8036,-51.2147,-51.9008,-0.03904921,-0.03957235,-0.00141142,5.1840,4.4054,-0.2449,-61.7045,-2.3732,1311.5431,252.0000,5.1840,,5.1636,5.1636,5.1636,5.1636,5.1636,5.1636,5.1636,0.0,1.0,1.0,1.003953,26,18,1,2,1.00000000,-0.04704724,-0.04704724,0E-8,0.000000,0.846457,0.000000,,2026-07-08,2026-07-08,1,26,26,1,1.000000,,1.000000,3.333333,,,,,,,,GLOBAL_BASELINE_NO_ENTITY_RANKING,,,NOT_APPLICABLE_GLOBAL_BASELINE,HF9g-P5,,,,X 全窗基线 · 不参与实体赏罚,3921562,393,A168_HF9F_20260827_0900,2026-08-27 09:00:00
2026-07-08,152744474,1307,0,56.7991118684,4.9053778432,4.9053778432,0.5555556,11,11,0.49812011818181818,0.498120118182,0.34461505995970865,0.3446150599586173,0.34461505995970865,-1.8182E-13,ELIGIBLE,R03b_20260811_FULL_v1,L1_ELIGIBILITY,v2026-08-11,2026-03-21..2026-08-06,baccarat_bet02_101_all_pairs_incl_sentinel,round_win = game_pnl > 0 (decisive only),COMPATIBILITY_ONLY_NOT_PRODUCTION,1311.5431,1110.1645,-61.7045,253,252,0.04704724,0.04704724,,0.04704724,61.7045,1311.5431,OK,0.0000,-1.8511,3.0000,97.0000,AG03-UNRESOLVED,ALL5_LEVELS_bet23_to_bet27,-1.8511,-1.8511,-1.8511,-2.4682,-2.4682,3.000000,3.000000,3.000000,4.000000,4.000000,97.000000,97.000000,97.000000,96.000000,96.000000,5.0,-10.4898,-9.8036,-51.2147,-51.9008,PENDING_AG03,FALSE,NOT_FOR_ENFORCEMENT,-59.8534,1076.8595,-61.7045,-59.8534,-1.8511,-0.04704724,-0.04563583,-1.8511,-59.8534,-0.04563583,-1.8511,-1.8511,-1.8511,-2.4682,-2.4682,-59.8534,-0.04563583,-10.4898,-9.8036,-51.2147,-51.9008,-0.03904921,-0.03957235,-0.00141142,5.1840,4.4054,-0.2449,-61.7045,-2.3732,1311.5431,252.0000,5.1840,,5.1636,5.1636,5.1636,5.1636,5.1636,5.1636,5.1636,0.0,1.0,1.0,1.003953,26,18,1,2,1.00000000,-0.04704724,-0.04704724,0E-8,0.000000,0.846457,0.000000,,2026-07-08,2026-07-08,1,26,26,1,1.000000,,1.000000,3.333333,,,,,,,,GLOBAL_BASELINE_NO_ENTITY_RANKING,,,NOT_APPLICABLE_GLOBAL_BASELINE,HF9g-P5,,,,X 全窗基线 · 不参与实体赏罚,3921563,393,A168_HF9F_20260827_0900,2026-08-27 09:00:00
2026-07-08,152744474,1331,0,51.6355562440,9.2944001240,9.2944001240,0.6250000,10,10,0.50396966000000000,0.503969660000,0.6846725719019064,0.6846725719019064,0.6846725719019064,0E-17,ELIGIBLE,R03b_20260811_FULL_v1,L1_ELIGIBILITY,v2026-08-11,2026-03-21..2026-08-06,baccarat_bet02_101_all_pairs_incl_sentinel,round_win = game_pnl > 0 (decisive only),COMPATIBILITY_ONLY_NOT_PRODUCTION,1311.5431,1110.1645,-61.7045,253,252,0.04704724,0.04704724,,0.04704724,61.7045,1311.5431,OK,0.0000,-1.8511,3.0000,97.0000,AG03-UNRESOLVED,ALL5_LEVELS_bet23_to_bet27,-1.8511,-1.8511,-1.8511,-2.4682,-2.4682,3.000000,3.000000,3.000000,4.000000,4.000000,97.000000,97.000000,97.000000,96.000000,96.000000,5.0,-10.4898,-9.8036,-51.2147,-51.9008,PENDING_AG03,FALSE,NOT_FOR_ENFORCEMENT,-59.8534,1076.8595,-61.7045,-59.8534,-1.8511,-0.04704724,-0.04563583,-1.8511,-59.8534,-0.04563583,-1.8511,-1.8511,-1.8511,-2.4682,-2.4682,-59.8534,-0.04563583,-10.4898,-9.8036,-51.2147,-51.9008,-0.03904921,-0.03957235,-0.00141142,5.1840,4.4054,-0.2449,-61.7045,-2.3732,1311.5431,252.0000,5.1840,,5.1636,5.1636,5.1636,5.1636,5.1636,5.1636,5.1636,0.0,1.0,1.0,1.003953,26,18,1,2,1.00000000,-0.04704724,-0.04704724,0E-8,0.000000,0.846457,0.000000,,2026-07-08,2026-07-08,1,26,26,1,1.000000,,1.000000,3.333333,,,,,,,,GLOBAL_BASELINE_NO_ENTITY_RANKING,,,NOT_APPLICABLE_GLOBAL_BASELINE,HF9g-P5,,,,X 全窗基线 · 不参与实体赏罚,3921564,393,A168_HF9F_20260827_0900,2026-08-27 09:00:00
2026-07-08,152744474,1385,0,56.7991118684,19.1051558104,19.1051558104,0.7500000,11,11,0.50665070000000000,0.506650700000,1.3767133162484293,1.3767133162484293,1.3767133162484293,0E-17,ELIGIBLE,R03b_20260811_FULL_v1,L1_ELIGIBILITY,v2026-08-11,2026-03-21..2026-08-06,baccarat_bet02_101_all_pairs_incl_sentinel,round_win = game_pnl > 0 (decisive only),COMPATIBILITY_ONLY_NOT_PRODUCTION,1311.5431,1110.1645,-61.7045,253,252,0.04704724,0.04704724,,0.04704724,61.7045,1311.5431,OK,0.0000,-1.8511,3.0000,97.0000,AG03-UNRESOLVED,ALL5_LEVELS_bet23_to_bet27,-1.8511,-1.8511,-1.8511,-2.4682,-2.4682,3.000000,3.000000,3.000000,4.000000,4.000000,97.000000,97.000000,97.000000,96.000000,96.000000,5.0,-10.4898,-9.8036,-51.2147,-51.9008,PENDING_AG03,FALSE,NOT_FOR_ENFORCEMENT,-59.8534,1076.8595,-61.7045,-59.8534,-1.8511,-0.04704724,-0.04563583,-1.8511,-59.8534,-0.04563583,-1.8511,-1.8511,-1.8511,-2.4682,-2.4682,-59.8534,-0.04563583,-10.4898,-9.8036,-51.2147,-51.9008,-0.03904921,-0.03957235,-0.00141142,5.1840,4.4054,-0.2449,-61.7045,-2.3732,1311.5431,252.0000,5.1840,,5.1636,5.1636,5.1636,5.1636,5.1636,5.1636,5.1636,0.0,1.0,1.0,1.003953,26,18,1,2,1.00000000,-0.04704724,-0.04704724,0E-8,0.000000,0.846457,0.000000,,2026-07-08,2026-07-08,1,26,26,1,1.000000,,1.000000,3.333333,,,,,,,,GLOBAL_BASELINE_NO_ENTITY_RANKING,,,NOT_APPLICABLE_GLOBAL_BASELINE,HF9g-P5,,,,X 全窗基线 · 不参与实体赏罚,3921565,393,A168_HF9F_20260827_0900,2026-08-27 09:00:00
2026-07-08,152744474,1490,0,56.7991118684,4.3890222808,4.3890222808,0.5555556,11,11,0.50055742727272727,0.500557427273,0.3299889747687903,0.3299889747671541,0.3299889747687903,-2.7273E-13,ELIGIBLE,R03b_20260811_FULL_v1,L1_ELIGIBILITY,v2026-08-11,2026-03-21..2026-08-06,baccarat_bet02_101_all_pairs_incl_sentinel,round_win = game_pnl > 0 (decisive only),COMPATIBILITY_ONLY_NOT_PRODUCTION,1311.5431,1110.1645,-61.7045,253,252,0.04704724,0.04704724,,0.04704724,61.7045,1311.5431,OK,0.0000,-1.8511,3.0000,97.0000,AG03-UNRESOLVED,ALL5_LEVELS_bet23_to_bet27,-1.8511,-1.8511,-1.8511,-2.4682,-2.4682,3.000000,3.000000,3.000000,4.000000,4.000000,97.000000,97.000000,97.000000,96.000000,96.000000,5.0,-10.4898,-9.8036,-51.2147,-51.9008,PENDING_AG03,FALSE,NOT_FOR_ENFORCEMENT,-59.8534,1076.8595,-61.7045,-59.8534,-1.8511,-0.04704724,-0.04563583,-1.8511,-59.8534,-0.04563583,-1.8511,-1.8511,-1.8511,-2.4682,-2.4682,-59.8534,-0.04563583,-10.4898,-9.8036,-51.2147,-51.9008,-0.03904921,-0.03957235,-0.00141142,5.1840,4.4054,-0.2449,-61.7045,-2.3732,1311.5431,252.0000,5.1840,,5.1636,5.1636,5.1636,5.1636,5.1636,5.1636,5.1636,0.0,1.0,1.0,1.003953,26,18,1,2,1.00000000,-0.04704724,-0.04704724,0E-8,0.000000,0.846457,0.000000,,2026-07-08,2026-07-08,1,26,26,1,1.000000,,1.000000,3.333333,,,,,,,,GLOBAL_BASELINE_NO_ENTITY_RANKING,,,NOT_APPLICABLE_GLOBAL_BASELINE,HF9g-P5,,,,X 全窗基线 · 不参与实体赏罚,3921566,393,A168_HF9F_20260827_0900,2026-08-27 09:00:00
2026-07-08,152744474,1509,0,51.6355562440,-6.1962667492,-6.1962667492,0.4444444,10,10,0.50262914000000000,0.502629140000,-0.3491129997681332,-0.34911299976813326,-0.3491129997681332,0E-17,ELIGIBLE,R03b_20260811_FULL_v1,L1_ELIGIBILITY,v2026-08-11,2026-03-21..2026-08-06,baccarat_bet02_101_all_pairs_incl_sentinel,round_win = game_pnl > 0 (decisive only),COMPATIBILITY_ONLY_NOT_PRODUCTION,1311.5431,1110.1645,-61.7045,253,252,0.04704724,0.04704724,,0.04704724,61.7045,1311.5431,OK,0.0000,-1.8511,3.0000,97.0000,AG03-UNRESOLVED,ALL5_LEVELS_bet23_to_bet27,-1.8511,-1.8511,-1.8511,-2.4682,-2.4682,3.000000,3.000000,3.000000,4.000000,4.000000,97.000000,97.000000,97.000000,96.000000,96.000000,5.0,-10.4898,-9.8036,-51.2147,-51.9008,PENDING_AG03,FALSE,NOT_FOR_ENFORCEMENT,-59.8534,1076.8595,-61.7045,-59.8534,-1.8511,-0.04704724,-0.04563583,-1.8511,-59.8534,-0.04563583,-1.8511,-1.8511,-1.8511,-2.4682,-2.4682,-59.8534,-0.04563583,-10.4898,-9.8036,-51.2147,-51.9008,-0.03904921,-0.03957235,-0.00141142,5.1840,4.4054,-0.2449,-61.7045,-2.3732,1311.5431,252.0000,5.1840,,5.1636,5.1636,5.1636,5.1636,5.1636,5.1636,5.1636,0.0,1.0,1.0,1.003953,26,18,1,2,1.00000000,-0.04704724,-0.04704724,0E-8,0.000000,0.846457,0.000000,,2026-07-08,2026-07-08,1,26,26,1,1.000000,,1.000000,3.333333,,,,,,,,GLOBAL_BASELINE_NO_ENTITY_RANKING,,,NOT_APPLICABLE_GLOBAL_BASELINE,HF9g-P5,,,,X 全窗基线 · 不参与实体赏罚,3921567,393,A168_HF9F_20260827_0900,2026-08-27 09:00:00
2026-07-08,152744474,1750,0,77.4533343660,-1.0327111248,-1.0327111248,0.5000000,15,15,0.50128862000000000,0.501288620000,-0.00892785089678078,-0.00892785089678078,-0.00892785089678078,0E-17,ELIGIBLE,R03b_20260811_FULL_v1,L1_ELIGIBILITY,v2026-08-11,2026-03-21..2026-08-06,baccarat_bet02_101_all_pairs_incl_sentinel,round_win = game_pnl > 0 (decisive only),COMPATIBILITY_ONLY_NOT_PRODUCTION,1311.5431,1110.1645,-61.7045,253,252,0.04704724,0.04704724,,0.04704724,61.7045,1311.5431,OK,0.0000,-1.8511,3.0000,97.0000,AG03-UNRESOLVED,ALL5_LEVELS_bet23_to_bet27,-1.8511,-1.8511,-1.8511,-2.4682,-2.4682,3.000000,3.000000,3.000000,4.000000,4.000000,97.000000,97.000000,97.000000,96.000000,96.000000,5.0,-10.4898,-9.8036,-51.2147,-51.9008,PENDING_AG03,FALSE,NOT_FOR_ENFORCEMENT,-59.8534,1076.8595,-61.7045,-59.8534,-1.8511,-0.04704724,-0.04563583,-1.8511,-59.8534,-0.04563583,-1.8511,-1.8511,-1.8511,-2.4682,-2.4682,-59.8534,-0.04563583,-10.4898,-9.8036,-51.2147,-51.9008,-0.03904921,-0.03957235,-0.00141142,5.1840,4.4054,-0.2449,-61.7045,-2.3732,1311.5431,252.0000,5.1840,,5.1636,5.1636,5.1636,5.1636,5.1636,5.1636,5.1636,0.0,1.0,1.0,1.003953,26,18,1,2,1.00000000,-0.04704724,-0.04704724,0E-8,0.000000,0.846457,0.000000,,2026-07-08,2026-07-08,1,26,26,1,1.000000,,1.000000,3.333333,,,,,,,,GLOBAL_BASELINE_NO_ENTITY_RANKING,,,NOT_APPLICABLE_GLOBAL_BASELINE,HF9g-P5,,,,X 全窗基线 · 不参与实体赏罚,3921568,393,A168_HF9F_20260827_0900,2026-08-27 09:00:00
2026-07-08,152744474,1951,0,51.6355562440,-0.2581777812,-0.2581777812,0.5000000,10,10,0.49726706000000000,0.497267060000,0.015460074195716421,0.015460074195716421,0.015460074195716421,0E-17,ELIGIBLE,R03b_20260811_FULL_v1,L1_ELIGIBILITY,v2026-08-11,2026-03-21..2026-08-06,baccarat_bet02_101_all_pairs_incl_sentinel,round_win = game_pnl > 0 (decisive only),COMPATIBILITY_ONLY_NOT_PRODUCTION,1311.5431,1110.1645,-61.7045,253,252,0.04704724,0.04704724,,0.04704724,61.7045,1311.5431,OK,0.0000,-1.8511,3.0000,97.0000,AG03-UNRESOLVED,ALL5_LEVELS_bet23_to_bet27,-1.8511,-1.8511,-1.8511,-2.4682,-2.4682,3.000000,3.000000,3.000000,4.000000,4.000000,97.000000,97.000000,97.000000,96.000000,96.000000,5.0,-10.4898,-9.8036,-51.2147,-51.9008,PENDING_AG03,FALSE,NOT_FOR_ENFORCEMENT,-59.8534,1076.8595,-61.7045,-59.8534,-1.8511,-0.04704724,-0.04563583,-1.8511,-59.8534,-0.04563583,-1.8511,-1.8511,-1.8511,-2.4682,-2.4682,-59.8534,-0.04563583,-10.4898,-9.8036,-51.2147,-51.9008,-0.03904921,-0.03957235,-0.00141142,5.1840,4.4054,-0.2449,-61.7045,-2.3732,1311.5431,252.0000,5.1840,,5.1636,5.1636,5.1636,5.1636,5.1636,5.1636,5.1636,0.0,1.0,1.0,1.003953,26,18,1,2,1.00000000,-0.04704724,-0.04704724,0E-8,0.000000,0.846457,0.000000,,2026-07-08,2026-07-08,1,26,26,1,1.000000,,1.000000,3.333333,,,,,,,,GLOBAL_BASELINE_NO_ENTITY_RANKING,,,NOT_APPLICABLE_GLOBAL_BASELINE,HF9g-P5,,,,X 全窗基线 · 不参与实体赏罚,3921569,393,A168_HF9F_20260827_0900,2026-08-27 09:00:00
2026-07-08,152744474,1963,0,56.7991118684,14.7161335296,14.7161335296,0.6666667,11,11,0.49812011818181818,0.498120118182,1.0112864386171982,1.011286438616106,1.0112864386171982,-1.8182E-13,ELIGIBLE,R03b_20260811_FULL_v1,L1_ELIGIBILITY,v2026-08-11,2026-03-21..2026-08-06,baccarat_bet02_101_all_pairs_incl_sentinel,round_win = game_pnl > 0 (decisive only),COMPATIBILITY_ONLY_NOT_PRODUCTION,1311.5431,1110.1645,-61.7045,253,252,0.04704724,0.04704724,,0.04704724,61.7045,1311.5431,OK,0.0000,-1.8511,3.0000,97.0000,AG03-UNRESOLVED,ALL5_LEVELS_bet23_to_bet27,-1.8511,-1.8511,-1.8511,-2.4682,-2.4682,3.000000,3.000000,3.000000,4.000000,4.000000,97.000000,97.000000,97.000000,96.000000,96.000000,5.0,-10.4898,-9.8036,-51.2147,-51.9008,PENDING_AG03,FALSE,NOT_FOR_ENFORCEMENT,-59.8534,1076.8595,-61.7045,-59.8534,-1.8511,-0.04704724,-0.04563583,-1.8511,-59.8534,-0.04563583,-1.8511,-1.8511,-1.8511,-2.4682,-2.4682,-59.8534,-0.04563583,-10.4898,-9.8036,-51.2147,-51.9008,-0.03904921,-0.03957235,-0.00141142,5.1840,4.4054,-0.2449,-61.7045,-2.3732,1311.5431,252.0000,5.1840,,5.1636,5.1636,5.1636,5.1636,5.1636,5.1636,5.1636,0.0,1.0,1.0,1.003953,26,18,1,2,1.00000000,-0.04704724,-0.04704724,0E-8,0.000000,0.846457,0.000000,,2026-07-08,2026-07-08,1,26,26,1,1.000000,,1.000000,3.333333,,,,,,,,GLOBAL_BASELINE_NO_ENTITY_RANKING,,,NOT_APPLICABLE_GLOBAL_BASELINE,HF9g-P5,,,,X 全窗基线 · 不参与实体赏罚,3921570,393,A168_HF9F_20260827_0900,2026-08-27 09:00:00
2026-07-08,152744474,2188,0,51.6355562440,-21.1705780600,-21.1705780600,0.2500000,10,10,0.50128862000000000,0.501288620000,-1.4215078188493793,-1.4215078188493793,-1.4215078188493793,0E-17,ELIGIBLE,R03b_20260811_FULL_v1,L1_ELIGIBILITY,v2026-08-11,2026-03-21..2026-08-06,baccarat_bet02_101_all_pairs_incl_sentinel,round_win = game_pnl > 0 (decisive only),COMPATIBILITY_ONLY_NOT_PRODUCTION,1311.5431,1110.1645,-61.7045,253,252,0.04704724,0.04704724,,0.04704724,61.7045,1311.5431,OK,0.0000,-1.8511,3.0000,97.0000,AG03-UNRESOLVED,ALL5_LEVELS_bet23_to_bet27,-1.8511,-1.8511,-1.8511,-2.4682,-2.4682,3.000000,3.000000,3.000000,4.000000,4.000000,97.000000,97.000000,97.000000,96.000000,96.000000,5.0,-10.4898,-9.8036,-51.2147,-51.9008,PENDING_AG03,FALSE,NOT_FOR_ENFORCEMENT,-59.8534,1076.8595,-61.7045,-59.8534,-1.8511,-0.04704724,-0.04563583,-1.8511,-59.8534,-0.04563583,-1.8511,-1.8511,-1.8511,-2.4682,-2.4682,-59.8534,-0.04563583,-10.4898,-9.8036,-51.2147,-51.9008,-0.03904921,-0.03957235,-0.00141142,5.1840,4.4054,-0.2449,-61.7045,-2.3732,1311.5431,252.0000,5.1840,,5.1636,5.1636,5.1636,5.1636,5.1636,5.1636,5.1636,0.0,1.0,1.0,1.003953,26,18,1,2,1.00000000,-0.04704724,-0.04704724,0E-8,0.000000,0.846457,0.000000,,2026-07-08,2026-07-08,1,26,26,1,1.000000,,1.000000,3.333333,,,,,,,,GLOBAL_BASELINE_NO_ENTITY_RANKING,,,NOT_APPLICABLE_GLOBAL_BASELINE,HF9g-P5,,,,X 全窗基线 · 不参与实体赏罚,3921571,393,A168_HF9F_20260827_0900,2026-08-27 09:00:00
2026-07-08,152744474,2216,0,61.9626674928,25.3014225596,25.3014225596,0.7777778,11,10,0.49637338000000000,0.496596800000,1.6884708020451498,1.6871249469062928,1.6884708020451498,-0.00022342000000000,ELIGIBLE,R03b_20260811_FULL_v1,L1_ELIGIBILITY,v2026-08-11,2026-03-21..2026-08-06,baccarat_bet02_101_all_pairs_incl_sentinel,round_win = game_pnl > 0 (decisive only),COMPATIBILITY_ONLY_NOT_PRODUCTION,1311.5431,1110.1645,-61.7045,253,252,0.04704724,0.04704724,,0.04704724,61.7045,1311.5431,OK,0.0000,-1.8511,3.0000,97.0000,AG03-UNRESOLVED,ALL5_LEVELS_bet23_to_bet27,-1.8511,-1.8511,-1.8511,-2.4682,-2.4682,3.000000,3.000000,3.000000,4.000000,4.000000,97.000000,97.000000,97.000000,96.000000,96.000000,5.0,-10.4898,-9.8036,-51.2147,-51.9008,PENDING_AG03,FALSE,NOT_FOR_ENFORCEMENT,-59.8534,1076.8595,-61.7045,-59.8534,-1.8511,-0.04704724,-0.04563583,-1.8511,-59.8534,-0.04563583,-1.8511,-1.8511,-1.8511,-2.4682,-2.4682,-59.8534,-0.04563583,-10.4898,-9.8036,-51.2147,-51.9008,-0.03904921,-0.03957235,-0.00141142,5.1840,4.4054,-0.2449,-61.7045,-2.3732,1311.5431,252.0000,5.1840,,5.1636,5.1636,5.1636,5.1636,5.1636,5.1636,5.1636,0.0,1.0,1.0,1.003953,26,18,1,2,1.00000000,-0.04704724,-0.04704724,0E-8,0.000000,0.846457,0.000000,,2026-07-08,2026-07-08,1,26,26,1,1.000000,,1.000000,3.333333,,,,,,,,GLOBAL_BASELINE_NO_ENTITY_RANKING,,,NOT_APPLICABLE_GLOBAL_BASELINE,HF9g-P5,,,,X 全窗基线 · 不参与实体赏罚,3921572,393,A168_HF9F_20260827_0900,2026-08-27 09:00:00
2026-07-08,152744474,2234,0,30.9813337464,9.8107556864,9.8107556864,0.6666667,6,6,0.49994810000000000,0.499948100000,0.8167508423630434,0.8167508423630434,0.8167508423630434,0E-17,ELIGIBLE,R03b_20260811_FULL_v1,L1_ELIGIBILITY,v2026-08-11,2026-03-21..2026-08-06,baccarat_bet02_101_all_pairs_incl_sentinel,round_win = game_pnl > 0 (decisive only),COMPATIBILITY_ONLY_NOT_PRODUCTION,1311.5431,1110.1645,-61.7045,253,252,0.04704724,0.04704724,,0.04704724,61.7045,1311.5431,OK,0.0000,-1.8511,3.0000,97.0000,AG03-UNRESOLVED,ALL5_LEVELS_bet23_to_bet27,-1.8511,-1.8511,-1.8511,-2.4682,-2.4682,3.000000,3.000000,3.000000,4.000000,4.000000,97.000000,97.000000,97.000000,96.000000,96.000000,5.0,-10.4898,-9.8036,-51.2147,-51.9008,PENDING_AG03,FALSE,NOT_FOR_ENFORCEMENT,-59.8534,1076.8595,-61.7045,-59.8534,-1.8511,-0.04704724,-0.04563583,-1.8511,-59.8534,-0.04563583,-1.8511,-1.8511,-1.8511,-2.4682,-2.4682,-59.8534,-0.04563583,-10.4898,-9.8036,-51.2147,-51.9008,-0.03904921,-0.03957235,-0.00141142,5.1840,4.4054,-0.2449,-61.7045,-2.3732,1311.5431,252.0000,5.1840,,5.1636,5.1636,5.1636,5.1636,5.1636,5.1636,5.1636,0.0,1.0,1.0,1.003953,26,18,1,2,1.00000000,-0.04704724,-0.04704724,0E-8,0.000000,0.846457,0.000000,,2026-07-08,2026-07-08,1,26,26,1,1.000000,,1.000000,3.333333,,,,,,,,GLOBAL_BASELINE_NO_ENTITY_RANKING,,,NOT_APPLICABLE_GLOBAL_BASELINE,HF9g-P5,,,,X 全窗基线 · 不参与实体赏罚,3921573,393,A168_HF9F_20260827_0900,2026-08-27 09:00:00
2026-07-08,152744474,2241,0,46.4720006196,-5.1635556244,-5.1635556244,0.4444444,9,9,0.49771390000000000,0.497713900000,-0.3196200741816709,-0.3196200741816709,-0.3196200741816709,0E-17,ELIGIBLE,R03b_20260811_FULL_v1,L1_ELIGIBILITY,v2026-08-11,2026-03-21..2026-08-06,baccarat_bet02_101_all_pairs_incl_sentinel,round_win = game_pnl > 0 (decisive only),COMPATIBILITY_ONLY_NOT_PRODUCTION,1311.5431,1110.1645,-61.7045,253,252,0.04704724,0.04704724,,0.04704724,61.7045,1311.5431,OK,0.0000,-1.8511,3.0000,97.0000,AG03-UNRESOLVED,ALL5_LEVELS_bet23_to_bet27,-1.8511,-1.8511,-1.8511,-2.4682,-2.4682,3.000000,3.000000,3.000000,4.000000,4.000000,97.000000,97.000000,97.000000,96.000000,96.000000,5.0,-10.4898,-9.8036,-51.2147,-51.9008,PENDING_AG03,FALSE,NOT_FOR_ENFORCEMENT,-59.8534,1076.8595,-61.7045,-59.8534,-1.8511,-0.04704724,-0.04563583,-1.8511,-59.8534,-0.04563583,-1.8511,-1.8511,-1.8511,-2.4682,-2.4682,-59.8534,-0.04563583,-10.4898,-9.8036,-51.2147,-51.9008,-0.03904921,-0.03957235,-0.00141142,5.1840,4.4054,-0.2449,-61.7045,-2.3732,1311.5431,252.0000,5.1840,,5.1636,5.1636,5.1636,5.1636,5.1636,5.1636,5.1636,0.0,1.0,1.0,1.003953,26,18,1,2,1.00000000,-0.04704724,-0.04704724,0E-8,0.000000,0.846457,0.000000,,2026-07-08,2026-07-08,1,26,26,1,1.000000,,1.000000,3.333333,,,,,,,,GLOBAL_BASELINE_NO_ENTITY_RANKING,,,NOT_APPLICABLE_GLOBAL_BASELINE,HF9g-P5,,,,X 全窗基线 · 不参与实体赏罚,3921574,393,A168_HF9F_20260827_0900,2026-08-27 09:00:00
2026-07-08,152744474,2261,0,36.1448893708,20.3960447164,20.3960447164,0.8333333,7,7,0.49899058571428571,0.498990585714,1.6379415995907425,1.637941599592144,1.6379415995907425,2.8571E-13,ELIGIBLE,R03b_20260811_FULL_v1,L1_ELIGIBILITY,v2026-08-11,2026-03-21..2026-08-06,baccarat_bet02_101_all_pairs_incl_sentinel,round_win = game_pnl > 0 (decisive only),COMPATIBILITY_ONLY_NOT_PRODUCTION,1311.5431,1110.1645,-61.7045,253,252,0.04704724,0.04704724,,0.04704724,61.7045,1311.5431,OK,0.0000,-1.8511,3.0000,97.0000,AG03-UNRESOLVED,ALL5_LEVELS_bet23_to_bet27,-1.8511,-1.8511,-1.8511,-2.4682,-2.4682,3.000000,3.000000,3.000000,4.000000,4.000000,97.000000,97.000000,97.000000,96.000000,96.000000,5.0,-10.4898,-9.8036,-51.2147,-51.9008,PENDING_AG03,FALSE,NOT_FOR_ENFORCEMENT,-59.8534,1076.8595,-61.7045,-59.8534,-1.8511,-0.04704724,-0.04563583,-1.8511,-59.8534,-0.04563583,-1.8511,-1.8511,-1.8511,-2.4682,-2.4682,-59.8534,-0.04563583,-10.4898,-9.8036,-51.2147,-51.9008,-0.03904921,-0.03957235,-0.00141142,5.1840,4.4054,-0.2449,-61.7045,-2.3732,1311.5431,252.0000,5.1840,,5.1636,5.1636,5.1636,5.1636,5.1636,5.1636,5.1636,0.0,1.0,1.0,1.003953,26,18,1,2,1.00000000,-0.04704724,-0.04704724,0E-8,0.000000,0.846457,0.000000,,2026-07-08,2026-07-08,1,26,26,1,1.000000,,1.000000,3.333333,,,,,,,,GLOBAL_BASELINE_NO_ENTITY_RANKING,,,NOT_APPLICABLE_GLOBAL_BASELINE,HF9g-P5,,,,X 全窗基线 · 不参与实体赏罚,3921575,393,A168_HF9F_20260827_0900,2026-08-27 09:00:00
2026-07-08,152744474,2267,0,51.6355562440,-10.8434668112,-10.8434668112,0.3750000,10,10,0.49994810000000000,0.499948100000,-0.7068131942587571,-0.7068131942587571,-0.7068131942587571,0E-17,ELIGIBLE,R03b_20260811_FULL_v1,L1_ELIGIBILITY,v2026-08-11,2026-03-21..2026-08-06,baccarat_bet02_101_all_pairs_incl_sentinel,round_win = game_pnl > 0 (decisive only),COMPATIBILITY_ONLY_NOT_PRODUCTION,1311.5431,1110.1645,-61.7045,253,252,0.04704724,0.04704724,,0.04704724,61.7045,1311.5431,OK,0.0000,-1.8511,3.0000,97.0000,AG03-UNRESOLVED,ALL5_LEVELS_bet23_to_bet27,-1.8511,-1.8511,-1.8511,-2.4682,-2.4682,3.000000,3.000000,3.000000,4.000000,4.000000,97.000000,97.000000,97.000000,96.000000,96.000000,5.0,-10.4898,-9.8036,-51.2147,-51.9008,PENDING_AG03,FALSE,NOT_FOR_ENFORCEMENT,-59.8534,1076.8595,-61.7045,-59.8534,-1.8511,-0.04704724,-0.04563583,-1.8511,-59.8534,-0.04563583,-1.8511,-1.8511,-1.8511,-2.4682,-2.4682,-59.8534,-0.04563583,-10.4898,-9.8036,-51.2147,-51.9008,-0.03904921,-0.03957235,-0.00141142,5.1840,4.4054,-0.2449,-61.7045,-2.3732,1311.5431,252.0000,5.1840,,5.1636,5.1636,5.1636,5.1636,5.1636,5.1636,5.1636,0.0,1.0,1.0,1.003953,26,18,1,2,1.00000000,-0.04704724,-0.04704724,0E-8,0.000000,0.846457,0.000000,,2026-07-08,2026-07-08,1,26,26,1,1.000000,,1.000000,3.333333,,,,,,,,GLOBAL_BASELINE_NO_ENTITY_RANKING,,,NOT_APPLICABLE_GLOBAL_BASELINE,HF9g-P5,,,,X 全窗基线 · 不参与实体赏罚,3921576,393,A168_HF9F_20260827_0900,2026-08-27 09:00:00
2026-07-08,152744474,2288,0,51.6355562440,4.1308444996,4.1308444996,0.5555556,10,10,0.50396966000000000,0.503969660000,0.3095251286051437,0.30952512860514364,0.3095251286051437,0E-17,ELIGIBLE,R03b_20260811_FULL_v1,L1_ELIGIBILITY,v2026-08-11,2026-03-21..2026-08-06,baccarat_bet02_101_all_pairs_incl_sentinel,round_win = game_pnl > 0 (decisive only),COMPATIBILITY_ONLY_NOT_PRODUCTION,1311.5431,1110.1645,-61.7045,253,252,0.04704724,0.04704724,,0.04704724,61.7045,1311.5431,OK,0.0000,-1.8511,3.0000,97.0000,AG03-UNRESOLVED,ALL5_LEVELS_bet23_to_bet27,-1.8511,-1.8511,-1.8511,-2.4682,-2.4682,3.000000,3.000000,3.000000,4.000000,4.000000,97.000000,97.000000,97.000000,96.000000,96.000000,5.0,-10.4898,-9.8036,-51.2147,-51.9008,PENDING_AG03,FALSE,NOT_FOR_ENFORCEMENT,-59.8534,1076.8595,-61.7045,-59.8534,-1.8511,-0.04704724,-0.04563583,-1.8511,-59.8534,-0.04563583,-1.8511,-1.8511,-1.8511,-2.4682,-2.4682,-59.8534,-0.04563583,-10.4898,-9.8036,-51.2147,-51.9008,-0.03904921,-0.03957235,-0.00141142,5.1840,4.4054,-0.2449,-61.7045,-2.3732,1311.5431,252.0000,5.1840,,5.1636,5.1636,5.1636,5.1636,5.1636,5.1636,5.1636,0.0,1.0,1.0,1.003953,26,18,1,2,1.00000000,-0.04704724,-0.04704724,0E-8,0.000000,0.846457,0.000000,,2026-07-08,2026-07-08,1,26,26,1,1.000000,,1.000000,3.333333,,,,,,,,GLOBAL_BASELINE_NO_ENTITY_RANKING,,,NOT_APPLICABLE_GLOBAL_BASELINE,HF9g-P5,,,,X 全窗基线 · 不参与实体赏罚,3921577,393,A168_HF9F_20260827_0900,2026-08-27 09:00:00
2026-07-08,152744474,994,0,56.7991118684,14.4579557484,14.4579557484,0.6666667,11,11,0.50421339090909091,0.504213390909,0.9747542641277034,0.9747542641282473,0.9747542641277034,9.091E-14,ELIGIBLE,R03b_20260811_FULL_v1,L1_ELIGIBILITY,v2026-08-11,2026-03-21..2026-08-06,baccarat_bet02_101_all_pairs_incl_sentinel,round_win = game_pnl > 0 (decisive only),COMPATIBILITY_ONLY_NOT_PRODUCTION,1311.5431,1110.1645,-61.7045,253,252,0.04704724,0.04704724,,0.04704724,61.7045,1311.5431,OK,0.0000,-1.8511,3.0000,97.0000,AG03-UNRESOLVED,ALL5_LEVELS_bet23_to_bet27,-1.8511,-1.8511,-1.8511,-2.4682,-2.4682,3.000000,3.000000,3.000000,4.000000,4.000000,97.000000,97.000000,97.000000,96.000000,96.000000,5.0,-10.4898,-9.8036,-51.2147,-51.9008,PENDING_AG03,FALSE,NOT_FOR_ENFORCEMENT,-59.8534,1076.8595,-61.7045,-59.8534,-1.8511,-0.04704724,-0.04563583,-1.8511,-59.8534,-0.04563583,-1.8511,-1.8511,-1.8511,-2.4682,-2.4682,-59.8534,-0.04563583,-10.4898,-9.8036,-51.2147,-51.9008,-0.03904921,-0.03957235,-0.00141142,5.1840,4.4054,-0.2449,-61.7045,-2.3732,1311.5431,252.0000,5.1840,,5.1636,5.1636,5.1636,5.1636,5.1636,5.1636,5.1636,0.0,1.0,1.0,1.003953,26,18,1,2,1.00000000,-0.04704724,-0.04704724,0E-8,0.000000,0.846457,0.000000,,2026-07-08,2026-07-08,1,26,26,1,1.000000,,1.000000,3.333333,,,,,,,,GLOBAL_BASELINE_NO_ENTITY_RANKING,,,NOT_APPLICABLE_GLOBAL_BASELINE,HF9g-P5,,,,X 全窗基线 · 不参与实体赏罚,3921578,393,A168_HF9F_20260827_0900,2026-08-27 09:00:00
2026-06-21,89284067,1396,0,103.8572585838,-2.5964314646,-2.5964314646,0.5000000,2,2,0.50665070000000000,0.506650700000,-0.018812684590367487,-0.018812684590367487,-0.018812684590367487,0E-17,ELIGIBLE,R03b_20260811_FULL_v1,L1_ELIGIBILITY,v2026-08-11,2026-03-21..2026-08-06,baccarat_bet02_101_all_pairs_incl_sentinel,round_win = game_pnl > 0 (decisive only),COMPATIBILITY_ONLY_NOT_PRODUCTION,1159.8779,975.6351,-62.3455,20,20,0.05375179,,0.05375179,0.05375179,62.3455,1159.8779,THIN_EXPOSURE,0.0000,-2.4938,4.0000,96.0000,AG03-UNRESOLVED,ALL5_LEVELS_bet23_to_bet27,-2.4938,-2.4938,-2.4938,-3.1173,-4.9876,4.000000,4.000000,4.000000,5.000000,8.000000,96.000000,96.000000,96.000000,95.000000,92.000000,5.0,-15.5864,-14.1363,-46.7591,-48.2092,PENDING_AG03,FALSE,NOT_FOR_ENFORCEMENT,-59.8517,936.6097,-62.3455,-59.8517,-2.4938,-0.05375179,-0.05160172,-2.4938,-59.8517,-0.05160172,-2.4938,-2.4938,-2.4938,-3.1173,-4.9876,-59.8517,-0.05160172,-15.5864,-14.1363,-46.7591,-48.2092,-0.04031384,-0.04156407,-0.00215007,57.9939,48.7818,-3.1173,-62.3455,-15.5864,1159.8779,20.0000,,57.9939,41.5429,51.9286,72.7001,92.1214,101.157,101.157,41.5429,0.0,1.948,1.948,1.1168,4,4,1,2,0E-8,-0.05375179,,0E-8,0.000000,0.841153,0.000000,,2026-06-21,2026-06-21,1,4,4,1,1.000000,,,0.000000,,,,,,,,GLOBAL_BASELINE_NO_ENTITY_RANKING,,,NOT_APPLICABLE_GLOBAL_BASELINE,HF9g-P5,,,,X 全窗基线 · 不参与实体赏罚,3921579,393,A168_HF9F_20260827_0900,2026-08-27 09:00:00
2026-06-21,89284067,1947,0,41.5429034335,-41.5429034335,-41.5429034335,0E-7,1,1,0.50665070000000000,0.506650700000,-1.013391052207602,-1.013391052207602,-1.013391052207602,0E-17,ELIGIBLE,R03b_20260811_FULL_v1,L1_ELIGIBILITY,v2026-08-11,2026-03-21..2026-08-06,baccarat_bet02_101_all_pairs_incl_sentinel,round_win = game_pnl > 0 (decisive only),COMPATIBILITY_ONLY_NOT_PRODUCTION,1159.8779,975.6351,-62.3455,20,20,0.05375179,,0.05375179,0.05375179,62.3455,1159.8779,THIN_EXPOSURE,0.0000,-2.4938,4.0000,96.0000,AG03-UNRESOLVED,ALL5_LEVELS_bet23_to_bet27,-2.4938,-2.4938,-2.4938,-3.1173,-4.9876,4.000000,4.000000,4.000000,5.000000,8.000000,96.000000,96.000000,96.000000,95.000000,92.000000,5.0,-15.5864,-14.1363,-46.7591,-48.2092,PENDING_AG03,FALSE,NOT_FOR_ENFORCEMENT,-59.8517,936.6097,-62.3455,-59.8517,-2.4938,-0.05375179,-0.05160172,-2.4938,-59.8517,-0.05160172,-2.4938,-2.4938,-2.4938,-3.1173,-4.9876,-59.8517,-0.05160172,-15.5864,-14.1363,-46.7591,-48.2092,-0.04031384,-0.04156407,-0.00215007,57.9939,48.7818,-3.1173,-62.3455,-15.5864,1159.8779,20.0000,,57.9939,41.5429,51.9286,72.7001,92.1214,101.157,101.157,41.5429,0.0,1.948,1.948,1.1168,4,4,1,2,0E-8,-0.05375179,,0E-8,0.000000,0.841153,0.000000,,2026-06-21,2026-06-21,1,4,4,1,1.000000,,,0.000000,,,,,,,,GLOBAL_BASELINE_NO_ENTITY_RANKING,,,NOT_APPLICABLE_GLOBAL_BASELINE,HF9g-P5,,,,X 全窗基线 · 不参与实体赏罚,3921580,393,A168_HF9F_20260827_0900,2026-08-27 09:00:00
2026-06-21,89284067,2224,0,889.8489915457,231.1135575263,231.1135575263,0.6153846,15,15,0.49950126000000000,0.499501260000,0.835647175344607,0.8356471753446071,0.835647175344607,0E-17,ELIGIBLE,R03b_20260811_FULL_v1,L1_ELIGIBILITY,v2026-08-11,2026-03-21..2026-08-06,baccarat_bet02_101_all_pairs_incl_sentinel,round_win = game_pnl > 0 (decisive only),COMPATIBILITY_ONLY_NOT_PRODUCTION,1159.8779,975.6351,-62.3455,20,20,0.05375179,,0.05375179,0.05375179,62.3455,1159.8779,THIN_EXPOSURE,0.0000,-2.4938,4.0000,96.0000,AG03-UNRESOLVED,ALL5_LEVELS_bet23_to_bet27,-2.4938,-2.4938,-2.4938,-3.1173,-4.9876,4.000000,4.000000,4.000000,5.000000,8.000000,96.000000,96.000000,96.000000,95.000000,92.000000,5.0,-15.5864,-14.1363,-46.7591,-48.2092,PENDING_AG03,FALSE,NOT_FOR_ENFORCEMENT,-59.8517,936.6097,-62.3455,-59.8517,-2.4938,-0.05375179,-0.05160172,-2.4938,-59.8517,-0.05160172,-2.4938,-2.4938,-2.4938,-3.1173,-4.9876,-59.8517,-0.05160172,-15.5864,-14.1363,-46.7591,-48.2092,-0.04031384,-0.04156407,-0.00215007,57.9939,48.7818,-3.1173,-62.3455,-15.5864,1159.8779,20.0000,,57.9939,41.5429,51.9286,72.7001,92.1214,101.157,101.157,41.5429,0.0,1.948,1.948,1.1168,4,4,1,2,0E-8,-0.05375179,,0E-8,0.000000,0.841153,0.000000,,2026-06-21,2026-06-21,1,4,4,1,1.000000,,,0.000000,,,,,,,,GLOBAL_BASELINE_NO_ENTITY_RANKING,,,NOT_APPLICABLE_GLOBAL_BASELINE,HF9g-P5,,,,X 全窗基线 · 不参与实体赏罚,3921581,393,A168_HF9F_20260827_0900,2026-08-27 09:00:00
2026-06-21,89284067,2235,0,124.6287103006,-124.6287103006,-124.6287103006,0E-7,2,2,0.49324550000000000,0.493245500000,-1.3952362676504506,-1.3952362676504506,-1.3952362676504506,0E-17,ELIGIBLE,R03b_20260811_FULL_v1,L1_ELIGIBILITY,v2026-08-11,2026-03-21..2026-08-06,baccarat_bet02_101_all_pairs_incl_sentinel,round_win = game_pnl > 0 (decisive only),COMPATIBILITY_ONLY_NOT_PRODUCTION,1159.8779,975.6351,-62.3455,20,20,0.05375179,,0.05375179,0.05375179,62.3455,1159.8779,THIN_EXPOSURE,0.0000,-2.4938,4.0000,96.0000,AG03-UNRESOLVED,ALL5_LEVELS_bet23_to_bet27,-2.4938,-2.4938,-2.4938,-3.1173,-4.9876,4.000000,4.000000,4.000000,5.000000,8.000000,96.000000,96.000000,96.000000,95.000000,92.000000,5.0,-15.5864,-14.1363,-46.7591,-48.2092,PENDING_AG03,FALSE,NOT_FOR_ENFORCEMENT,-59.8517,936.6097,-62.3455,-59.8517,-2.4938,-0.05375179,-0.05160172,-2.4938,-59.8517,-0.05160172,-2.4938,-2.4938,-2.4938,-3.1173,-4.9876,-59.8517,-0.05160172,-15.5864,-14.1363,-46.7591,-48.2092,-0.04031384,-0.04156407,-0.00215007,57.9939,48.7818,-3.1173,-62.3455,-15.5864,1159.8779,20.0000,,57.9939,41.5429,51.9286,72.7001,92.1214,101.157,101.157,41.5429,0.0,1.948,1.948,1.1168,4,4,1,2,0E-8,-0.05375179,,0E-8,0.000000,0.841153,0.000000,,2026-06-21,2026-06-21,1,4,4,1,1.000000,,,0.000000,,,,,,,,GLOBAL_BASELINE_NO_ENTITY_RANKING,,,NOT_APPLICABLE_GLOBAL_BASELINE,HF9g-P5,,,,X 全窗基线 · 不参与实体赏罚,3921582,393,A168_HF9F_20260827_0900,2026-08-27 09:00:00
2026-05-14,150052194,-1,1,337.2943801565,16.8647190080,16.8647190080,0.5384615,13,13,0.50665070000000000,0.506650700000,0.22941151384811248,0.22941151384811248,0.22941151384811248,0E-17,SENTINEL_DEALER,R03b_20260811_FULL_v1,L1_ELIGIBILITY,v2026-08-11,2026-03-21..2026-08-06,baccarat_bet02_101_all_pairs_incl_sentinel,round_win = game_pnl > 0 (decisive only),COMPATIBILITY_ONLY_NOT_PRODUCTION,2700.9805,2467.4690,-62.3440,105,105,0.02308198,,0.02308198,0.02308198,62.3440,2700.9805,OK,0.0000,-2.4938,4.0000,96.0000,AG03-UNRESOLVED,ALL5_LEVELS_bet23_to_bet27,-2.4938,-2.4938,-2.4938,-3.1172,-3.1172,4.000000,4.000000,4.000000,5.000000,5.000000,96.000000,96.000000,96.000000,95.000000,95.000000,5.0,-13.7157,-12.5639,-48.6283,-49.7801,PENDING_AG03,FALSE,NOT_FOR_ENFORCEMENT,-59.8502,2368.7703,-62.3440,-59.8502,-2.4938,-0.02308198,-0.02215871,-2.4938,-59.8502,-0.02215871,-2.4938,-2.4938,-2.4938,-3.1172,-3.1172,-59.8502,-0.02215871,-13.7157,-12.5639,-48.6283,-49.7801,-0.01800395,-0.01843037,-0.00092328,25.7236,23.4997,-0.5938,-20.7813,-2.0111,900.3268,35.0000,,25.7236,25.9457,25.9457,25.9457,25.9457,25.9457,26.0736,25.9457,0.0,1.0,1.004928,0.99144,22,17,2,1,0E-8,-0.02308198,,0E-8,0.000000,0.913546,0.000000,,2026-05-14,2026-06-11,3,31,41,29,0.103448,,,0.000000,,,,,,,,GLOBAL_BASELINE_NO_ENTITY_RANKING,,,NOT_APPLICABLE_GLOBAL_BASELINE,HF9g-P5,,,,X 全窗基线 · 不参与实体赏罚,3921583,393,A168_HF9F_20260827_0900,2026-08-27 09:00:00
2026-05-14,150052194,1306,0,77.8371646515,-51.8914431010,-51.8914431010,0E-7,3,3,0.50665070000000000,0.506650700000,-1.4331513700195317,-1.4331513700195317,-1.4331513700195317,0E-17,ELIGIBLE,R03b_20260811_FULL_v1,L1_ELIGIBILITY,v2026-08-11,2026-03-21..2026-08-06,baccarat_bet02_101_all_pairs_incl_sentinel,round_win = game_pnl > 0 (decisive only),COMPATIBILITY_ONLY_NOT_PRODUCTION,2700.9805,2467.4690,-62.3440,105,105,0.02308198,,0.02308198,0.02308198,62.3440,2700.9805,OK,0.0000,-2.4938,4.0000,96.0000,AG03-UNRESOLVED,ALL5_LEVELS_bet23_to_bet27,-2.4938,-2.4938,-2.4938,-3.1172,-3.1172,4.000000,4.000000,4.000000,5.000000,5.000000,96.000000,96.000000,96.000000,95.000000,95.000000,5.0,-13.7157,-12.5639,-48.6283,-49.7801,PENDING_AG03,FALSE,NOT_FOR_ENFORCEMENT,-59.8502,2368.7703,-62.3440,-59.8502,-2.4938,-0.02308198,-0.02215871,-2.4938,-59.8502,-0.02215871,-2.4938,-2.4938,-2.4938,-3.1172,-3.1172,-59.8502,-0.02215871,-13.7157,-12.5639,-48.6283,-49.7801,-0.01800395,-0.01843037,-0.00092328,25.7236,23.4997,-0.5938,-20.7813,-2.0111,900.3268,35.0000,,25.7236,25.9457,25.9457,25.9457,25.9457,25.9457,26.0736,25.9457,0.0,1.0,1.004928,0.99144,22,17,2,1,0E-8,-0.02308198,,0E-8,0.000000,0.913546,0.000000,,2026-05-14,2026-06-11,3,31,41,29,0.103448,,,0.000000,,,,,,,,GLOBAL_BASELINE_NO_ENTITY_RANKING,,,NOT_APPLICABLE_GLOBAL_BASELINE,HF9g-P5,,,,X 全窗基线 · 不参与实体赏罚,3921584,393,A168_HF9F_20260827_0900,2026-08-27 09:00:00
2026-05-14,150052194,1703,0,25.9457215505,0E-10,0E-10,,1,1,0.50665070000000000,0.506650700000,,,,0E-17,NO_DECISIVE_ROUND,R03b_20260811_FULL_v1,L1_ELIGIBILITY,v2026-08-11,2026-03-21..2026-08-06,baccarat_bet02_101_all_pairs_incl_sentinel,round_win = game_pnl > 0 (decisive only),COMPATIBILITY_ONLY_NOT_PRODUCTION,2700.9805,2467.4690,-62.3440,105,105,0.02308198,,0.02308198,0.02308198,62.3440,2700.9805,OK,0.0000,-2.4938,4.0000,96.0000,AG03-UNRESOLVED,ALL5_LEVELS_bet23_to_bet27,-2.4938,-2.4938,-2.4938,-3.1172,-3.1172,4.000000,4.000000,4.000000,5.000000,5.000000,96.000000,96.000000,96.000000,95.000000,95.000000,5.0,-13.7157,-12.5639,-48.6283,-49.7801,PENDING_AG03,FALSE,NOT_FOR_ENFORCEMENT,-59.8502,2368.7703,-62.3440,-59.8502,-2.4938,-0.02308198,-0.02215871,-2.4938,-59.8502,-0.02215871,-2.4938,-2.4938,-2.4938,-3.1172,-3.1172,-59.8502,-0.02215871,-13.7157,-12.5639,-48.6283,-49.7801,-0.01800395,-0.01843037,-0.00092328,25.7236,23.4997,-0.5938,-20.7813,-2.0111,900.3268,35.0000,,25.7236,25.9457,25.9457,25.9457,25.9457,25.9457,26.0736,25.9457,0.0,1.0,1.004928,0.99144,22,17,2,1,0E-8,-0.02308198,,0E-8,0.000000,0.913546,0.000000,,2026-05-14,2026-06-11,3,31,41,29,0.103448,,,0.000000,,,,,,,,GLOBAL_BASELINE_NO_ENTITY_RANKING,,,NOT_APPLICABLE_GLOBAL_BASELINE,HF9g-P5,,,,X 全窗基线 · 不参与实体赏罚,3921585,393,A168_HF9F_20260827_0900,2026-08-27 09:00:00
2026-05-14,150052194,1935,0,51.8914431010,-25.9457215505,-25.9457215505,0E-7,2,2,0.50665070000000000,0.506650700000,-1.013391052207602,-1.013391052207602,-1.013391052207602,0E-17,ELIGIBLE,R03b_20260811_FULL_v1,L1_ELIGIBILITY,v2026-08-11,2026-03-21..2026-08-06,baccarat_bet02_101_all_pairs_incl_sentinel,round_win = game_pnl > 0 (decisive only),COMPATIBILITY_ONLY_NOT_PRODUCTION,2700.9805,2467.4690,-62.3440,105,105,0.02308198,,0.02308198,0.02308198,62.3440,2700.9805,OK,0.0000,-2.4938,4.0000,96.0000,AG03-UNRESOLVED,ALL5_LEVELS_bet23_to_bet27,-2.4938,-2.4938,-2.4938,-3.1172,-3.1172,4.000000,4.000000,4.000000,5.000000,5.000000,96.000000,96.000000,96.000000,95.000000,95.000000,5.0,-13.7157,-12.5639,-48.6283,-49.7801,PENDING_AG03,FALSE,NOT_FOR_ENFORCEMENT,-59.8502,2368.7703,-62.3440,-59.8502,-2.4938,-0.02308198,-0.02215871,-2.4938,-59.8502,-0.02215871,-2.4938,-2.4938,-2.4938,-3.1172,-3.1172,-59.8502,-0.02215871,-13.7157,-12.5639,-48.6283,-49.7801,-0.01800395,-0.01843037,-0.00092328,25.7236,23.4997,-0.5938,-20.7813,-2.0111,900.3268,35.0000,,25.7236,25.9457,25.9457,25.9457,25.9457,25.9457,26.0736,25.9457,0.0,1.0,1.004928,0.99144,22,17,2,1,0E-8,-0.02308198,,0E-8,0.000000,0.913546,0.000000,,2026-05-14,2026-06-11,3,31,41,29,0.103448,,,0.000000,,,,,,,,GLOBAL_BASELINE_NO_ENTITY_RANKING,,,NOT_APPLICABLE_GLOBAL_BASELINE,HF9g-P5,,,,X 全窗基线 · 不参与实体赏罚,3921586,393,A168_HF9F_20260827_0900,2026-08-27 09:00:00
2026-05-14,150052194,2103,0,51.8914431010,-1.2972860775,-1.2972860775,0.5000000,2,2,0.50665070000000000,0.506650700000,-0.018812684590367487,-0.018812684590367487,-0.018812684590367487,0E-17,ELIGIBLE,R03b_20260811_FULL_v1,L1_ELIGIBILITY,v2026-08-11,2026-03-21..2026-08-06,baccarat_bet02_101_all_pairs_incl_sentinel,round_win = game_pnl > 0 (decisive only),COMPATIBILITY_ONLY_NOT_PRODUCTION,2700.9805,2467.4690,-62.3440,105,105,0.02308198,,0.02308198,0.02308198,62.3440,2700.9805,OK,0.0000,-2.4938,4.0000,96.0000,AG03-UNRESOLVED,ALL5_LEVELS_bet23_to_bet27,-2.4938,-2.4938,-2.4938,-3.1172,-3.1172,4.000000,4.000000,4.000000,5.000000,5.000000,96.000000,96.000000,96.000000,95.000000,95.000000,5.0,-13.7157,-12.5639,-48.6283,-49.7801,PENDING_AG03,FALSE,NOT_FOR_ENFORCEMENT,-59.8502,2368.7703,-62.3440,-59.8502,-2.4938,-0.02308198,-0.02215871,-2.4938,-59.8502,-0.02215871,-2.4938,-2.4938,-2.4938,-3.1172,-3.1172,-59.8502,-0.02215871,-13.7157,-12.5639,-48.6283,-49.7801,-0.01800395,-0.01843037,-0.00092328,25.7236,23.4997,-0.5938,-20.7813,-2.0111,900.3268,35.0000,,25.7236,25.9457,25.9457,25.9457,25.9457,25.9457,26.0736,25.9457,0.0,1.0,1.004928,0.99144,22,17,2,1,0E-8,-0.02308198,,0E-8,0.000000,0.913546,0.000000,,2026-05-14,2026-06-11,3,31,41,29,0.103448,,,0.000000,,,,,,,,GLOBAL_BASELINE_NO_ENTITY_RANKING,,,NOT_APPLICABLE_GLOBAL_BASELINE,HF9g-P5,,,,X 全窗基线 · 不参与实体赏罚,3921587,393,A168_HF9F_20260827_0900,2026-08-27 09:00:00
2026-05-14,150052194,2117,0,25.9457215505,0E-10,0E-10,,1,1,0.50665070000000000,0.506650700000,,,,0E-17,NO_DECISIVE_ROUND,R03b_20260811_FULL_v1,L1_ELIGIBILITY,v2026-08-11,2026-03-21..2026-08-06,baccarat_bet02_101_all_pairs_incl_sentinel,round_win = game_pnl > 0 (decisive only),COMPATIBILITY_ONLY_NOT_PRODUCTION,2700.9805,2467.4690,-62.3440,105,105,0.02308198,,0.02308198,0.02308198,62.3440,2700.9805,OK,0.0000,-2.4938,4.0000,96.0000,AG03-UNRESOLVED,ALL5_LEVELS_bet23_to_bet27,-2.4938,-2.4938,-2.4938,-3.1172,-3.1172,4.000000,4.000000,4.000000,5.000000,5.000000,96.000000,96.000000,96.000000,95.000000,95.000000,5.0,-13.7157,-12.5639,-48.6283,-49.7801,PENDING_AG03,FALSE,NOT_FOR_ENFORCEMENT,-59.8502,2368.7703,-62.3440,-59.8502,-2.4938,-0.02308198,-0.02215871,-2.4938,-59.8502,-0.02215871,-2.4938,-2.4938,-2.4938,-3.1172,-3.1172,-59.8502,-0.02215871,-13.7157,-12.5639,-48.6283,-49.7801,-0.01800395,-0.01843037,-0.00092328,25.7236,23.4997,-0.5938,-20.7813,-2.0111,900.3268,35.0000,,25.7236,25.9457,25.9457,25.9457,25.9457,25.9457,26.0736,25.9457,0.0,1.0,1.004928,0.99144,22,17,2,1,0E-8,-0.02308198,,0E-8,0.000000,0.913546,0.000000,,2026-05-14,2026-06-11,3,31,41,29,0.103448,,,0.000000,,,,,,,,GLOBAL_BASELINE_NO_ENTITY_RANKING,,,NOT_APPLICABLE_GLOBAL_BASELINE,HF9g-P5,,,,X 全窗基线 · 不参与实体赏罚,3921588,393,A168_HF9F_20260827_0900,2026-08-27 09:00:00
2026-05-14,150052194,2142,0,25.9457215505,24.6484354730,24.6484354730,1.0000000,1,1,0.50665070000000000,0.506650700000,0.9867858985152569,0.9867858985152569,0.9867858985152569,0E-17,ELIGIBLE,R03b_20260811_FULL_v1,L1_ELIGIBILITY,v2026-08-11,2026-03-21..2026-08-06,baccarat_bet02_101_all_pairs_incl_sentinel,round_win = game_pnl > 0 (decisive only),COMPATIBILITY_ONLY_NOT_PRODUCTION,2700.9805,2467.4690,-62.3440,105,105,0.02308198,,0.02308198,0.02308198,62.3440,2700.9805,OK,0.0000,-2.4938,4.0000,96.0000,AG03-UNRESOLVED,ALL5_LEVELS_bet23_to_bet27,-2.4938,-2.4938,-2.4938,-3.1172,-3.1172,4.000000,4.000000,4.000000,5.000000,5.000000,96.000000,96.000000,96.000000,95.000000,95.000000,5.0,-13.7157,-12.5639,-48.6283,-49.7801,PENDING_AG03,FALSE,NOT_FOR_ENFORCEMENT,-59.8502,2368.7703,-62.3440,-59.8502,-2.4938,-0.02308198,-0.02215871,-2.4938,-59.8502,-0.02215871,-2.4938,-2.4938,-2.4938,-3.1172,-3.1172,-59.8502,-0.02215871,-13.7157,-12.5639,-48.6283,-49.7801,-0.01800395,-0.01843037,-0.00092328,25.7236,23.4997,-0.5938,-20.7813,-2.0111,900.3268,35.0000,,25.7236,25.9457,25.9457,25.9457,25.9457,25.9457,26.0736,25.9457,0.0,1.0,1.004928,0.99144,22,17,2,1,0E-8,-0.02308198,,0E-8,0.000000,0.913546,0.000000,,2026-05-14,2026-06-11,3,31,41,29,0.103448,,,0.000000,,,,,,,,GLOBAL_BASELINE_NO_ENTITY_RANKING,,,NOT_APPLICABLE_GLOBAL_BASELINE,HF9g-P5,,,,X 全窗基线 · 不参与实体赏罚,3921589,393,A168_HF9F_20260827_0900,2026-08-27 09:00:00
2026-05-14,150052194,2216,0,25.9457215505,-25.9457215505,-25.9457215505,0E-7,1,1,0.50665070000000000,0.506650700000,-1.013391052207602,-1.013391052207602,-1.013391052207602,0E-17,ELIGIBLE,R03b_20260811_FULL_v1,L1_ELIGIBILITY,v2026-08-11,2026-03-21..2026-08-06,baccarat_bet02_101_all_pairs_incl_sentinel,round_win = game_pnl > 0 (decisive only),COMPATIBILITY_ONLY_NOT_PRODUCTION,2700.9805,2467.4690,-62.3440,105,105,0.02308198,,0.02308198,0.02308198,62.3440,2700.9805,OK,0.0000,-2.4938,4.0000,96.0000,AG03-UNRESOLVED,ALL5_LEVELS_bet23_to_bet27,-2.4938,-2.4938,-2.4938,-3.1172,-3.1172,4.000000,4.000000,4.000000,5.000000,5.000000,96.000000,96.000000,96.000000,95.000000,95.000000,5.0,-13.7157,-12.5639,-48.6283,-49.7801,PENDING_AG03,FALSE,NOT_FOR_ENFORCEMENT,-59.8502,2368.7703,-62.3440,-59.8502,-2.4938,-0.02308198,-0.02215871,-2.4938,-59.8502,-0.02215871,-2.4938,-2.4938,-2.4938,-3.1172,-3.1172,-59.8502,-0.02215871,-13.7157,-12.5639,-48.6283,-49.7801,-0.01800395,-0.01843037,-0.00092328,25.7236,23.4997,-0.5938,-20.7813,-2.0111,900.3268,35.0000,,25.7236,25.9457,25.9457,25.9457,25.9457,25.9457,26.0736,25.9457,0.0,1.0,1.004928,0.99144,22,17,2,1,0E-8,-0.02308198,,0E-8,0.000000,0.913546,0.000000,,2026-05-14,2026-06-11,3,31,41,29,0.103448,,,0.000000,,,,,,,,GLOBAL_BASELINE_NO_ENTITY_RANKING,,,NOT_APPLICABLE_GLOBAL_BASELINE,HF9g-P5,,,,X 全窗基线 · 不参与实体赏罚,3921590,393,A168_HF9F_20260827_0900,2026-08-27 09:00:00
2026-05-14,150052194,2241,0,25.9457215505,-25.9457215505,-25.9457215505,0E-7,1,1,0.50665070000000000,0.506650700000,-1.013391052207602,-1.013391052207602,-1.013391052207602,0E-17,ELIGIBLE,R03b_20260811_FULL_v1,L1_ELIGIBILITY,v2026-08-11,2026-03-21..2026-08-06,baccarat_bet02_101_all_pairs_incl_sentinel,round_win = game_pnl > 0 (decisive only),COMPATIBILITY_ONLY_NOT_PRODUCTION,2700.9805,2467.4690,-62.3440,105,105,0.02308198,,0.02308198,0.02308198,62.3440,2700.9805,OK,0.0000,-2.4938,4.0000,96.0000,AG03-UNRESOLVED,ALL5_LEVELS_bet23_to_bet27,-2.4938,-2.4938,-2.4938,-3.1172,-3.1172,4.000000,4.000000,4.000000,5.000000,5.000000,96.000000,96.000000,96.000000,95.000000,95.000000,5.0,-13.7157,-12.5639,-48.6283,-49.7801,PENDING_AG03,FALSE,NOT_FOR_ENFORCEMENT,-59.8502,2368.7703,-62.3440,-59.8502,-2.4938,-0.02308198,-0.02215871,-2.4938,-59.8502,-0.02215871,-2.4938,-2.4938,-2.4938,-3.1172,-3.1172,-59.8502,-0.02215871,-13.7157,-12.5639,-48.6283,-49.7801,-0.01800395,-0.01843037,-0.00092328,25.7236,23.4997,-0.5938,-20.7813,-2.0111,900.3268,35.0000,,25.7236,25.9457,25.9457,25.9457,25.9457,25.9457,26.0736,25.9457,0.0,1.0,1.004928,0.99144,22,17,2,1,0E-8,-0.02308198,,0E-8,0.000000,0.913546,0.000000,,2026-05-14,2026-06-11,3,31,41,29,0.103448,,,0.000000,,,,,,,,GLOBAL_BASELINE_NO_ENTITY_RANKING,,,NOT_APPLICABLE_GLOBAL_BASELINE,HF9g-P5,,,,X 全窗基线 · 不参与实体赏罚,3921591,393,A168_HF9F_20260827_0900,2026-08-27 09:00:00
2026-05-14,150052194,2258,0,51.8914431010,-51.8914431010,-51.8914431010,0E-7,2,2,0.50665070000000000,0.506650700000,-1.4331513700195317,-1.4331513700195317,-1.4331513700195317,0E-17,ELIGIBLE,R03b_20260811_FULL_v1,L1_ELIGIBILITY,v2026-08-11,2026-03-21..2026-08-06,baccarat_bet02_101_all_pairs_incl_sentinel,round_win = game_pnl > 0 (decisive only),COMPATIBILITY_ONLY_NOT_PRODUCTION,2700.9805,2467.4690,-62.3440,105,105,0.02308198,,0.02308198,0.02308198,62.3440,2700.9805,OK,0.0000,-2.4938,4.0000,96.0000,AG03-UNRESOLVED,ALL5_LEVELS_bet23_to_bet27,-2.4938,-2.4938,-2.4938,-3.1172,-3.1172,4.000000,4.000000,4.000000,5.000000,5.000000,96.000000,96.000000,96.000000,95.000000,95.000000,5.0,-13.7157,-12.5639,-48.6283,-49.7801,PENDING_AG03,FALSE,NOT_FOR_ENFORCEMENT,-59.8502,2368.7703,-62.3440,-59.8502,-2.4938,-0.02308198,-0.02215871,-2.4938,-59.8502,-0.02215871,-2.4938,-2.4938,-2.4938,-3.1172,-3.1172,-59.8502,-0.02215871,-13.7157,-12.5639,-48.6283,-49.7801,-0.01800395,-0.01843037,-0.00092328,25.7236,23.4997,-0.5938,-20.7813,-2.0111,900.3268,35.0000,,25.7236,25.9457,25.9457,25.9457,25.9457,25.9457,26.0736,25.9457,0.0,1.0,1.004928,0.99144,22,17,2,1,0E-8,-0.02308198,,0E-8,0.000000,0.913546,0.000000,,2026-05-14,2026-06-11,3,31,41,29,0.103448,,,0.000000,,,,,,,,GLOBAL_BASELINE_NO_ENTITY_RANKING,,,NOT_APPLICABLE_GLOBAL_BASELINE,HF9g-P5,,,,X 全窗基线 · 不参与实体赏罚,3921592,393,A168_HF9F_20260827_0900,2026-08-27 09:00:00
2026-05-14,150052194,970,0,77.8371646515,-27.2430076280,-27.2430076280,0.3333333,3,3,0.50665070000000000,0.506650700000,-0.6004420894325239,-0.6004420894325239,-0.6004420894325239,0E-17,ELIGIBLE,R03b_20260811_FULL_v1,L1_ELIGIBILITY,v2026-08-11,2026-03-21..2026-08-06,baccarat_bet02_101_all_pairs_incl_sentinel,round_win = game_pnl > 0 (decisive only),COMPATIBILITY_ONLY_NOT_PRODUCTION,2700.9805,2467.4690,-62.3440,105,105,0.02308198,,0.02308198,0.02308198,62.3440,2700.9805,OK,0.0000,-2.4938,4.0000,96.0000,AG03-UNRESOLVED,ALL5_LEVELS_bet23_to_bet27,-2.4938,-2.4938,-2.4938,-3.1172,-3.1172,4.000000,4.000000,4.000000,5.000000,5.000000,96.000000,96.000000,96.000000,95.000000,95.000000,5.0,-13.7157,-12.5639,-48.6283,-49.7801,PENDING_AG03,FALSE,NOT_FOR_ENFORCEMENT,-59.8502,2368.7703,-62.3440,-59.8502,-2.4938,-0.02308198,-0.02215871,-2.4938,-59.8502,-0.02215871,-2.4938,-2.4938,-2.4938,-3.1172,-3.1172,-59.8502,-0.02215871,-13.7157,-12.5639,-48.6283,-49.7801,-0.01800395,-0.01843037,-0.00092328,25.7236,23.4997,-0.5938,-20.7813,-2.0111,900.3268,35.0000,,25.7236,25.9457,25.9457,25.9457,25.9457,25.9457,26.0736,25.9457,0.0,1.0,1.004928,0.99144,22,17,2,1,0E-8,-0.02308198,,0E-8,0.000000,0.913546,0.000000,,2026-05-14,2026-06-11,3,31,41,29,0.103448,,,0.000000,,,,,,,,GLOBAL_BASELINE_NO_ENTITY_RANKING,,,NOT_APPLICABLE_GLOBAL_BASELINE,HF9g-P5,,,,X 全窗基线 · 不参与实体赏罚,3921593,393,A168_HF9F_20260827_0900,2026-08-27 09:00:00
2026-05-15,150052194,-1,1,908.1002542675,154.3770432260,154.3770432260,0.6000000,35,35,0.50665070000000000,0.506650700000,1.1046215361365639,1.1046215361365639,1.1046215361365639,0E-17,SENTINEL_DEALER,R03b_20260811_FULL_v1,L1_ELIGIBILITY,v2026-08-11,2026-03-21..2026-08-06,baccarat_bet02_101_all_pairs_incl_sentinel,round_win = game_pnl > 0 (decisive only),COMPATIBILITY_ONLY_NOT_PRODUCTION,2700.9805,2467.4690,-62.3440,105,105,0.02308198,,0.02308198,0.02308198,62.3440,2700.9805,OK,0.0000,-2.4938,4.0000,96.0000,AG03-UNRESOLVED,ALL5_LEVELS_bet23_to_bet27,-2.4938,-2.4938,-2.4938,-3.1172,-3.1172,4.000000,4.000000,4.000000,5.000000,5.000000,96.000000,96.000000,96.000000,95.000000,95.000000,5.0,-13.7157,-12.5639,-48.6283,-49.7801,PENDING_AG03,FALSE,NOT_FOR_ENFORCEMENT,-59.8502,2368.7703,-62.3440,-59.8502,-2.4938,-0.02308198,-0.02215871,-2.4938,-59.8502,-0.02215871,-2.4938,-2.4938,-2.4938,-3.1172,-3.1172,-59.8502,-0.02215871,-13.7157,-12.5639,-48.6283,-49.7801,-0.01800395,-0.01843037,-0.00092328,25.7236,23.4997,-0.5938,-20.7813,-2.0111,900.3268,35.0000,,25.7236,25.9457,25.9457,25.9457,25.9457,25.9457,26.0736,25.9457,0.0,1.0,1.004928,0.99144,22,17,2,1,0E-8,-0.02308198,,0E-8,0.000000,0.913546,0.000000,,2026-05-14,2026-06-11,3,31,41,29,0.103448,,,0.000000,,,,,,,,GLOBAL_BASELINE_NO_ENTITY_RANKING,,,NOT_APPLICABLE_GLOBAL_BASELINE,HF9g-P5,,,,X 全窗基线 · 不参与实体赏罚,3921594,393,A168_HF9F_20260827_0900,2026-08-27 09:00:00
2026-05-15,150052194,1222,0,181.6200508535,-3.8918582325,-3.8918582325,0.5000000,7,7,0.50665070000000000,0.506650700000,-0.032584525537284574,-0.032584525537284574,-0.032584525537284574,0E-17,ELIGIBLE,R03b_20260811_FULL_v1,L1_ELIGIBILITY,v2026-08-11,2026-03-21..2026-08-06,baccarat_bet02_101_all_pairs_incl_sentinel,round_win = game_pnl > 0 (decisive only),COMPATIBILITY_ONLY_NOT_PRODUCTION,2700.9805,2467.4690,-62.3440,105,105,0.02308198,,0.02308198,0.02308198,62.3440,2700.9805,OK,0.0000,-2.4938,4.0000,96.0000,AG03-UNRESOLVED,ALL5_LEVELS_bet23_to_bet27,-2.4938,-2.4938,-2.4938,-3.1172,-3.1172,4.000000,4.000000,4.000000,5.000000,5.000000,96.000000,96.000000,96.000000,95.000000,95.000000,5.0,-13.7157,-12.5639,-48.6283,-49.7801,PENDING_AG03,FALSE,NOT_FOR_ENFORCEMENT,-59.8502,2368.7703,-62.3440,-59.8502,-2.4938,-0.02308198,-0.02215871,-2.4938,-59.8502,-0.02215871,-2.4938,-2.4938,-2.4938,-3.1172,-3.1172,-59.8502,-0.02215871,-13.7157,-12.5639,-48.6283,-49.7801,-0.01800395,-0.01843037,-0.00092328,25.7236,23.4997,-0.5938,-20.7813,-2.0111,900.3268,35.0000,,25.7236,25.9457,25.9457,25.9457,25.9457,25.9457,26.0736,25.9457,0.0,1.0,1.004928,0.99144,22,17,2,1,0E-8,-0.02308198,,0E-8,0.000000,0.913546,0.000000,,2026-05-14,2026-06-11,3,31,41,29,0.103448,,,0.000000,,,,,,,,GLOBAL_BASELINE_NO_ENTITY_RANKING,,,NOT_APPLICABLE_GLOBAL_BASELINE,HF9g-P5,,,,X 全窗基线 · 不参与实体赏罚,3921595,393,A168_HF9F_20260827_0900,2026-08-27 09:00:00
2026-05-15,150052194,1306,0,129.7286077525,-79.1344507290,-79.1344507290,0.2000000,5,5,0.50665070000000000,0.506650700000,-1.3715049547573244,-1.3715049547573244,-1.3715049547573244,0E-17,ELIGIBLE,R03b_20260811_FULL_v1,L1_ELIGIBILITY,v2026-08-11,2026-03-21..2026-08-06,baccarat_bet02_101_all_pairs_incl_sentinel,round_win = game_pnl > 0 (decisive only),COMPATIBILITY_ONLY_NOT_PRODUCTION,2700.9805,2467.4690,-62.3440,105,105,0.02308198,,0.02308198,0.02308198,62.3440,2700.9805,OK,0.0000,-2.4938,4.0000,96.0000,AG03-UNRESOLVED,ALL5_LEVELS_bet23_to_bet27,-2.4938,-2.4938,-2.4938,-3.1172,-3.1172,4.000000,4.000000,4.000000,5.000000,5.000000,96.000000,96.000000,96.000000,95.000000,95.000000,5.0,-13.7157,-12.5639,-48.6283,-49.7801,PENDING_AG03,FALSE,NOT_FOR_ENFORCEMENT,-59.8502,2368.7703,-62.3440,-59.8502,-2.4938,-0.02308198,-0.02215871,-2.4938,-59.8502,-0.02215871,-2.4938,-2.4938,-2.4938,-3.1172,-3.1172,-59.8502,-0.02215871,-13.7157,-12.5639,-48.6283,-49.7801,-0.01800395,-0.01843037,-0.00092328,25.7236,23.4997,-0.5938,-20.7813,-2.0111,900.3268,35.0000,,25.7236,25.9457,25.9457,25.9457,25.9457,25.9457,26.0736,25.9457,0.0,1.0,1.004928,0.99144,22,17,2,1,0E-8,-0.02308198,,0E-8,0.000000,0.913546,0.000000,,2026-05-14,2026-06-11,3,31,41,29,0.103448,,,0.000000,,,,,,,,GLOBAL_BASELINE_NO_ENTITY_RANKING,,,NOT_APPLICABLE_GLOBAL_BASELINE,HF9g-P5,,,,X 全窗基线 · 不参与实体赏罚,3921596,393,A168_HF9F_20260827_0900,2026-08-27 09:00:00
2026-05-15,150052194,1401,0,77.8371646515,23.3511493955,23.3511493955,0.6666667,3,3,0.50665070000000000,0.506650700000,0.5543606114942035,0.5543606114942035,0.5543606114942035,0E-17,ELIGIBLE,R03b_20260811_FULL_v1,L1_ELIGIBILITY,v2026-08-11,2026-03-21..2026-08-06,baccarat_bet02_101_all_pairs_incl_sentinel,round_win = game_pnl > 0 (decisive only),COMPATIBILITY_ONLY_NOT_PRODUCTION,2700.9805,2467.4690,-62.3440,105,105,0.02308198,,0.02308198,0.02308198,62.3440,2700.9805,OK,0.0000,-2.4938,4.0000,96.0000,AG03-UNRESOLVED,ALL5_LEVELS_bet23_to_bet27,-2.4938,-2.4938,-2.4938,-3.1172,-3.1172,4.000000,4.000000,4.000000,5.000000,5.000000,96.000000,96.000000,96.000000,95.000000,95.000000,5.0,-13.7157,-12.5639,-48.6283,-49.7801,PENDING_AG03,FALSE,NOT_FOR_ENFORCEMENT,-59.8502,2368.7703,-62.3440,-59.8502,-2.4938,-0.02308198,-0.02215871,-2.4938,-59.8502,-0.02215871,-2.4938,-2.4938,-2.4938,-3.1172,-3.1172,-59.8502,-0.02215871,-13.7157,-12.5639,-48.6283,-49.7801,-0.01800395,-0.01843037,-0.00092328,25.7236,23.4997,-0.5938,-20.7813,-2.0111,900.3268,35.0000,,25.7236,25.9457,25.9457,25.9457,25.9457,25.9457,26.0736,25.9457,0.0,1.0,1.004928,0.99144,22,17,2,1,0E-8,-0.02308198,,0E-8,0.000000,0.913546,0.000000,,2026-05-14,2026-06-11,3,31,41,29,0.103448,,,0.000000,,,,,,,,GLOBAL_BASELINE_NO_ENTITY_RANKING,,,NOT_APPLICABLE_GLOBAL_BASELINE,HF9g-P5,,,,X 全窗基线 · 不参与实体赏罚,3921597,393,A168_HF9F_20260827_0900,2026-08-27 09:00:00
2026-05-15,150052194,1703,0,51.8914431010,24.6484354730,24.6484354730,1.0000000,2,2,0.50665070000000000,0.506650700000,0.9867858985152569,0.9867858985152569,0.9867858985152569,0E-17,ELIGIBLE,R03b_20260811_FULL_v1,L1_ELIGIBILITY,v2026-08-11,2026-03-21..2026-08-06,baccarat_bet02_101_all_pairs_incl_sentinel,round_win = game_pnl > 0 (decisive only),COMPATIBILITY_ONLY_NOT_PRODUCTION,2700.9805,2467.4690,-62.3440,105,105,0.02308198,,0.02308198,0.02308198,62.3440,2700.9805,OK,0.0000,-2.4938,4.0000,96.0000,AG03-UNRESOLVED,ALL5_LEVELS_bet23_to_bet27,-2.4938,-2.4938,-2.4938,-3.1172,-3.1172,4.000000,4.000000,4.000000,5.000000,5.000000,96.000000,96.000000,96.000000,95.000000,95.000000,5.0,-13.7157,-12.5639,-48.6283,-49.7801,PENDING_AG03,FALSE,NOT_FOR_ENFORCEMENT,-59.8502,2368.7703,-62.3440,-59.8502,-2.4938,-0.02308198,-0.02215871,-2.4938,-59.8502,-0.02215871,-2.4938,-2.4938,-2.4938,-3.1172,-3.1172,-59.8502,-0.02215871,-13.7157,-12.5639,-48.6283,-49.7801,-0.01800395,-0.01843037,-0.00092328,25.7236,23.4997,-0.5938,-20.7813,-2.0111,900.3268,35.0000,,25.7236,25.9457,25.9457,25.9457,25.9457,25.9457,26.0736,25.9457,0.0,1.0,1.004928,0.99144,22,17,2,1,0E-8,-0.02308198,,0E-8,0.000000,0.913546,0.000000,,2026-05-14,2026-06-11,3,31,41,29,0.103448,,,0.000000,,,,,,,,GLOBAL_BASELINE_NO_ENTITY_RANKING,,,NOT_APPLICABLE_GLOBAL_BASELINE,HF9g-P5,,,,X 全窗基线 · 不参与实体赏罚,3921598,393,A168_HF9F_20260827_0900,2026-08-27 09:00:00
2026-05-15,150052194,1935,0,25.9457215505,24.6484354730,24.6484354730,1.0000000,1,1,0.50665070000000000,0.506650700000,0.9867858985152569,0.9867858985152569,0.9867858985152569,0E-17,ELIGIBLE,R03b_20260811_FULL_v1,L1_ELIGIBILITY,v2026-08-11,2026-03-21..2026-08-06,baccarat_bet02_101_all_pairs_incl_sentinel,round_win = game_pnl > 0 (decisive only),COMPATIBILITY_ONLY_NOT_PRODUCTION,2700.9805,2467.4690,-62.3440,105,105,0.02308198,,0.02308198,0.02308198,62.3440,2700.9805,OK,0.0000,-2.4938,4.0000,96.0000,AG03-UNRESOLVED,ALL5_LEVELS_bet23_to_bet27,-2.4938,-2.4938,-2.4938,-3.1172,-3.1172,4.000000,4.000000,4.000000,5.000000,5.000000,96.000000,96.000000,96.000000,95.000000,95.000000,5.0,-13.7157,-12.5639,-48.6283,-49.7801,PENDING_AG03,FALSE,NOT_FOR_ENFORCEMENT,-59.8502,2368.7703,-62.3440,-59.8502,-2.4938,-0.02308198,-0.02215871,-2.4938,-59.8502,-0.02215871,-2.4938,-2.4938,-2.4938,-3.1172,-3.1172,-59.8502,-0.02215871,-13.7157,-12.5639,-48.6283,-49.7801,-0.01800395,-0.01843037,-0.00092328,25.7236,23.4997,-0.5938,-20.7813,-2.0111,900.3268,35.0000,,25.7236,25.9457,25.9457,25.9457,25.9457,25.9457,26.0736,25.9457,0.0,1.0,1.004928,0.99144,22,17,2,1,0E-8,-0.02308198,,0E-8,0.000000,0.913546,0.000000,,2026-05-14,2026-06-11,3,31,41,29,0.103448,,,0.000000,,,,,,,,GLOBAL_BASELINE_NO_ENTITY_RANKING,,,NOT_APPLICABLE_GLOBAL_BASELINE,HF9g-P5,,,,X 全窗基线 · 不参与实体赏罚,3921599,393,A168_HF9F_20260827_0900,2026-08-27 09:00:00
2026-05-15,150052194,2103,0,51.8914431010,-51.8914431010,-51.8914431010,0E-7,2,2,0.50665070000000000,0.506650700000,-1.4331513700195317,-1.4331513700195317,-1.4331513700195317,0E-17,ELIGIBLE,R03b_20260811_FULL_v1,L1_ELIGIBILITY,v2026-08-11,2026-03-21..2026-08-06,baccarat_bet02_101_all_pairs_incl_sentinel,round_win = game_pnl > 0 (decisive only),COMPATIBILITY_ONLY_NOT_PRODUCTION,2700.9805,2467.4690,-62.3440,105,105,0.02308198,,0.02308198,0.02308198,62.3440,2700.9805,OK,0.0000,-2.4938,4.0000,96.0000,AG03-UNRESOLVED,ALL5_LEVELS_bet23_to_bet27,-2.4938,-2.4938,-2.4938,-3.1172,-3.1172,4.000000,4.000000,4.000000,5.000000,5.000000,96.000000,96.000000,96.000000,95.000000,95.000000,5.0,-13.7157,-12.5639,-48.6283,-49.7801,PENDING_AG03,FALSE,NOT_FOR_ENFORCEMENT,-59.8502,2368.7703,-62.3440,-59.8502,-2.4938,-0.02308198,-0.02215871,-2.4938,-59.8502,-0.02215871,-2.4938,-2.4938,-2.4938,-3.1172,-3.1172,-59.8502,-0.02215871,-13.7157,-12.5639,-48.6283,-49.7801,-0.01800395,-0.01843037,-0.00092328,25.7236,23.4997,-0.5938,-20.7813,-2.0111,900.3268,35.0000,,25.7236,25.9457,25.9457,25.9457,25.9457,25.9457,26.0736,25.9457,0.0,1.0,1.004928,0.99144,22,17,2,1,0E-8,-0.02308198,,0E-8,0.000000,0.913546,0.000000,,2026-05-14,2026-06-11,3,31,41,29,0.103448,,,0.000000,,,,,,,,GLOBAL_BASELINE_NO_ENTITY_RANKING,,,NOT_APPLICABLE_GLOBAL_BASELINE,HF9g-P5,,,,X 全窗基线 · 不参与实体赏罚,3921600,393,A168_HF9F_20260827_0900,2026-08-27 09:00:00
2026-05-15,150052194,2117,0,51.8914431010,24.6484354730,24.6484354730,1.0000000,2,2,0.50665070000000000,0.506650700000,0.9867858985152569,0.9867858985152569,0.9867858985152569,0E-17,ELIGIBLE,R03b_20260811_FULL_v1,L1_ELIGIBILITY,v2026-08-11,2026-03-21..2026-08-06,baccarat_bet02_101_all_pairs_incl_sentinel,round_win = game_pnl > 0 (decisive only),COMPATIBILITY_ONLY_NOT_PRODUCTION,2700.9805,2467.4690,-62.3440,105,105,0.02308198,,0.02308198,0.02308198,62.3440,2700.9805,OK,0.0000,-2.4938,4.0000,96.0000,AG03-UNRESOLVED,ALL5_LEVELS_bet23_to_bet27,-2.4938,-2.4938,-2.4938,-3.1172,-3.1172,4.000000,4.000000,4.000000,5.000000,5.000000,96.000000,96.000000,96.000000,95.000000,95.000000,5.0,-13.7157,-12.5639,-48.6283,-49.7801,PENDING_AG03,FALSE,NOT_FOR_ENFORCEMENT,-59.8502,2368.7703,-62.3440,-59.8502,-2.4938,-0.02308198,-0.02215871,-2.4938,-59.8502,-0.02215871,-2.4938,-2.4938,-2.4938,-3.1172,-3.1172,-59.8502,-0.02215871,-13.7157,-12.5639,-48.6283,-49.7801,-0.01800395,-0.01843037,-0.00092328,25.7236,23.4997,-0.5938,-20.7813,-2.0111,900.3268,35.0000,,25.7236,25.9457,25.9457,25.9457,25.9457,25.9457,26.0736,25.9457,0.0,1.0,1.004928,0.99144,22,17,2,1,0E-8,-0.02308198,,0E-8,0.000000,0.913546,0.000000,,2026-05-14,2026-06-11,3,31,41,29,0.103448,,,0.000000,,,,,,,,GLOBAL_BASELINE_NO_ENTITY_RANKING,,,NOT_APPLICABLE_GLOBAL_BASELINE,HF9g-P5,,,,X 全窗基线 · 不参与实体赏罚,3921601,393,A168_HF9F_20260827_0900,2026-08-27 09:00:00
2026-05-15,150052194,2142,0,51.8914431010,-25.9457215505,-25.9457215505,0E-7,2,2,0.50665070000000000,0.506650700000,-1.013391052207602,-1.013391052207602,-1.013391052207602,0E-17,ELIGIBLE,R03b_20260811_FULL_v1,L1_ELIGIBILITY,v2026-08-11,2026-03-21..2026-08-06,baccarat_bet02_101_all_pairs_incl_sentinel,round_win = game_pnl > 0 (decisive only),COMPATIBILITY_ONLY_NOT_PRODUCTION,2700.9805,2467.4690,-62.3440,105,105,0.02308198,,0.02308198,0.02308198,62.3440,2700.9805,OK,0.0000,-2.4938,4.0000,96.0000,AG03-UNRESOLVED,ALL5_LEVELS_bet23_to_bet27,-2.4938,-2.4938,-2.4938,-3.1172,-3.1172,4.000000,4.000000,4.000000,5.000000,5.000000,96.000000,96.000000,96.000000,95.000000,95.000000,5.0,-13.7157,-12.5639,-48.6283,-49.7801,PENDING_AG03,FALSE,NOT_FOR_ENFORCEMENT,-59.8502,2368.7703,-62.3440,-59.8502,-2.4938,-0.02308198,-0.02215871,-2.4938,-59.8502,-0.02215871,-2.4938,-2.4938,-2.4938,-3.1172,-3.1172,-59.8502,-0.02215871,-13.7157,-12.5639,-48.6283,-49.7801,-0.01800395,-0.01843037,-0.00092328,25.7236,23.4997,-0.5938,-20.7813,-2.0111,900.3268,35.0000,,25.7236,25.9457,25.9457,25.9457,25.9457,25.9457,26.0736,25.9457,0.0,1.0,1.004928,0.99144,22,17,2,1,0E-8,-0.02308198,,0E-8,0.000000,0.913546,0.000000,,2026-05-14,2026-06-11,3,31,41,29,0.103448,,,0.000000,,,,,,,,GLOBAL_BASELINE_NO_ENTITY_RANKING,,,NOT_APPLICABLE_GLOBAL_BASELINE,HF9g-P5,,,,X 全窗基线 · 不参与实体赏罚,3921602,393,A168_HF9F_20260827_0900,2026-08-27 09:00:00
2026-05-15,150052194,2233,0,155.6743293030,147.8906128380,147.8906128380,1.0000000,6,6,0.50665070000000000,0.506650700000,2.4171219367362036,2.4171219367362036,2.4171219367362036,0E-17,ELIGIBLE,R03b_20260811_FULL_v1,L1_ELIGIBILITY,v2026-08-11,2026-03-21..2026-08-06,baccarat_bet02_101_all_pairs_incl_sentinel,round_win = game_pnl > 0 (decisive only),COMPATIBILITY_ONLY_NOT_PRODUCTION,2700.9805,2467.4690,-62.3440,105,105,0.02308198,,0.02308198,0.02308198,62.3440,2700.9805,OK,0.0000,-2.4938,4.0000,96.0000,AG03-UNRESOLVED,ALL5_LEVELS_bet23_to_bet27,-2.4938,-2.4938,-2.4938,-3.1172,-3.1172,4.000000,4.000000,4.000000,5.000000,5.000000,96.000000,96.000000,96.000000,95.000000,95.000000,5.0,-13.7157,-12.5639,-48.6283,-49.7801,PENDING_AG03,FALSE,NOT_FOR_ENFORCEMENT,-59.8502,2368.7703,-62.3440,-59.8502,-2.4938,-0.02308198,-0.02215871,-2.4938,-59.8502,-0.02215871,-2.4938,-2.4938,-2.4938,-3.1172,-3.1172,-59.8502,-0.02215871,-13.7157,-12.5639,-48.6283,-49.7801,-0.01800395,-0.01843037,-0.00092328,25.7236,23.4997,-0.5938,-20.7813,-2.0111,900.3268,35.0000,,25.7236,25.9457,25.9457,25.9457,25.9457,25.9457,26.0736,25.9457,0.0,1.0,1.004928,0.99144,22,17,2,1,0E-8,-0.02308198,,0E-8,0.000000,0.913546,0.000000,,2026-05-14,2026-06-11,3,31,41,29,0.103448,,,0.000000,,,,,,,,GLOBAL_BASELINE_NO_ENTITY_RANKING,,,NOT_APPLICABLE_GLOBAL_BASELINE,HF9g-P5,,,,X 全窗基线 · 不参与实体赏罚,3921603,393,A168_HF9F_20260827_0900,2026-08-27 09:00:00
2026-05-15,150052194,2241,0,25.9457215505,-25.9457215505,-25.9457215505,0E-7,1,1,0.50665070000000000,0.506650700000,-1.013391052207602,-1.013391052207602,-1.013391052207602,0E-17,ELIGIBLE,R03b_20260811_FULL_v1,L1_ELIGIBILITY,v2026-08-11,2026-03-21..2026-08-06,baccarat_bet02_101_all_pairs_incl_sentinel,round_win = game_pnl > 0 (decisive only),COMPATIBILITY_ONLY_NOT_PRODUCTION,2700.9805,2467.4690,-62.3440,105,105,0.02308198,,0.02308198,0.02308198,62.3440,2700.9805,OK,0.0000,-2.4938,4.0000,96.0000,AG03-UNRESOLVED,ALL5_LEVELS_bet23_to_bet27,-2.4938,-2.4938,-2.4938,-3.1172,-3.1172,4.000000,4.000000,4.000000,5.000000,5.000000,96.000000,96.000000,96.000000,95.000000,95.000000,5.0,-13.7157,-12.5639,-48.6283,-49.7801,PENDING_AG03,FALSE,NOT_FOR_ENFORCEMENT,-59.8502,2368.7703,-62.3440,-59.8502,-2.4938,-0.02308198,-0.02215871,-2.4938,-59.8502,-0.02215871,-2.4938,-2.4938,-2.4938,-3.1172,-3.1172,-59.8502,-0.02215871,-13.7157,-12.5639,-48.6283,-49.7801,-0.01800395,-0.01843037,-0.00092328,25.7236,23.4997,-0.5938,-20.7813,-2.0111,900.3268,35.0000,,25.7236,25.9457,25.9457,25.9457,25.9457,25.9457,26.0736,25.9457,0.0,1.0,1.004928,0.99144,22,17,2,1,0E-8,-0.02308198,,0E-8,0.000000,0.913546,0.000000,,2026-05-14,2026-06-11,3,31,41,29,0.103448,,,0.000000,,,,,,,,GLOBAL_BASELINE_NO_ENTITY_RANKING,,,NOT_APPLICABLE_GLOBAL_BASELINE,HF9g-P5,,,,X 全窗基线 · 不参与实体赏罚,3921604,393,A168_HF9F_20260827_0900,2026-08-27 09:00:00
2026-05-15,150052194,2242,0,25.9457215505,-25.9457215505,-25.9457215505,0E-7,1,1,0.50665070000000000,0.506650700000,-1.013391052207602,-1.013391052207602,-1.013391052207602,0E-17,ELIGIBLE,R03b_20260811_FULL_v1,L1_ELIGIBILITY,v2026-08-11,2026-03-21..2026-08-06,baccarat_bet02_101_all_pairs_incl_sentinel,round_win = game_pnl > 0 (decisive only),COMPATIBILITY_ONLY_NOT_PRODUCTION,2700.9805,2467.4690,-62.3440,105,105,0.02308198,,0.02308198,0.02308198,62.3440,2700.9805,OK,0.0000,-2.4938,4.0000,96.0000,AG03-UNRESOLVED,ALL5_LEVELS_bet23_to_bet27,-2.4938,-2.4938,-2.4938,-3.1172,-3.1172,4.000000,4.000000,4.000000,5.000000,5.000000,96.000000,96.000000,96.000000,95.000000,95.000000,5.0,-13.7157,-12.5639,-48.6283,-49.7801,PENDING_AG03,FALSE,NOT_FOR_ENFORCEMENT,-59.8502,2368.7703,-62.3440,-59.8502,-2.4938,-0.02308198,-0.02215871,-2.4938,-59.8502,-0.02215871,-2.4938,-2.4938,-2.4938,-3.1172,-3.1172,-59.8502,-0.02215871,-13.7157,-12.5639,-48.6283,-49.7801,-0.01800395,-0.01843037,-0.00092328,25.7236,23.4997,-0.5938,-20.7813,-2.0111,900.3268,35.0000,,25.7236,25.9457,25.9457,25.9457,25.9457,25.9457,26.0736,25.9457,0.0,1.0,1.004928,0.99144,22,17,2,1,0E-8,-0.02308198,,0E-8,0.000000,0.913546,0.000000,,2026-05-14,2026-06-11,3,31,41,29,0.103448,,,0.000000,,,,,,,,GLOBAL_BASELINE_NO_ENTITY_RANKING,,,NOT_APPLICABLE_GLOBAL_BASELINE,HF9g-P5,,,,X 全窗基线 · 不参与实体赏罚,3921605,393,A168_HF9F_20260827_0900,2026-08-27 09:00:00
2026-05-15,150052194,2256,0,25.9457215505,-25.9457215505,-25.9457215505,0E-7,1,1,0.50665070000000000,0.506650700000,-1.013391052207602,-1.013391052207602,-1.013391052207602,0E-17,ELIGIBLE,R03b_20260811_FULL_v1,L1_ELIGIBILITY,v2026-08-11,2026-03-21..2026-08-06,baccarat_bet02_101_all_pairs_incl_sentinel,round_win = game_pnl > 0 (decisive only),COMPATIBILITY_ONLY_NOT_PRODUCTION,2700.9805,2467.4690,-62.3440,105,105,0.02308198,,0.02308198,0.02308198,62.3440,2700.9805,OK,0.0000,-2.4938,4.0000,96.0000,AG03-UNRESOLVED,ALL5_LEVELS_bet23_to_bet27,-2.4938,-2.4938,-2.4938,-3.1172,-3.1172,4.000000,4.000000,4.000000,5.000000,5.000000,96.000000,96.000000,96.000000,95.000000,95.000000,5.0,-13.7157,-12.5639,-48.6283,-49.7801,PENDING_AG03,FALSE,NOT_FOR_ENFORCEMENT,-59.8502,2368.7703,-62.3440,-59.8502,-2.4938,-0.02308198,-0.02215871,-2.4938,-59.8502,-0.02215871,-2.4938,-2.4938,-2.4938,-3.1172,-3.1172,-59.8502,-0.02215871,-13.7157,-12.5639,-48.6283,-49.7801,-0.01800395,-0.01843037,-0.00092328,25.7236,23.4997,-0.5938,-20.7813,-2.0111,900.3268,35.0000,,25.7236,25.9457,25.9457,25.9457,25.9457,25.9457,26.0736,25.9457,0.0,1.0,1.004928,0.99144,22,17,2,1,0E-8,-0.02308198,,0E-8,0.000000,0.913546,0.000000,,2026-05-14,2026-06-11,3,31,41,29,0.103448,,,0.000000,,,,,,,,GLOBAL_BASELINE_NO_ENTITY_RANKING,,,NOT_APPLICABLE_GLOBAL_BASELINE,HF9g-P5,,,,X 全窗基线 · 不参与实体赏罚,3921606,393,A168_HF9F_20260827_0900,2026-08-27 09:00:00
2026-05-15,150052194,2258,0,103.7828862020,23.3511493955,23.3511493955,0.6666667,4,4,0.50665070000000000,0.506650700000,0.5543606114942035,0.5543606114942035,0.5543606114942035,0E-17,ELIGIBLE,R03b_20260811_FULL_v1,L1_ELIGIBILITY,v2026-08-11,2026-03-21..2026-08-06,baccarat_bet02_101_all_pairs_incl_sentinel,round_win = game_pnl > 0 (decisive only),COMPATIBILITY_ONLY_NOT_PRODUCTION,2700.9805,2467.4690,-62.3440,105,105,0.02308198,,0.02308198,0.02308198,62.3440,2700.9805,OK,0.0000,-2.4938,4.0000,96.0000,AG03-UNRESOLVED,ALL5_LEVELS_bet23_to_bet27,-2.4938,-2.4938,-2.4938,-3.1172,-3.1172,4.000000,4.000000,4.000000,5.000000,5.000000,96.000000,96.000000,96.000000,95.000000,95.000000,5.0,-13.7157,-12.5639,-48.6283,-49.7801,PENDING_AG03,FALSE,NOT_FOR_ENFORCEMENT,-59.8502,2368.7703,-62.3440,-59.8502,-2.4938,-0.02308198,-0.02215871,-2.4938,-59.8502,-0.02215871,-2.4938,-2.4938,-2.4938,-3.1172,-3.1172,-59.8502,-0.02215871,-13.7157,-12.5639,-48.6283,-49.7801,-0.01800395,-0.01843037,-0.00092328,25.7236,23.4997,-0.5938,-20.7813,-2.0111,900.3268,35.0000,,25.7236,25.9457,25.9457,25.9457,25.9457,25.9457,26.0736,25.9457,0.0,1.0,1.004928,0.99144,22,17,2,1,0E-8,-0.02308198,,0E-8,0.000000,0.913546,0.000000,,2026-05-14,2026-06-11,3,31,41,29,0.103448,,,0.000000,,,,,,,,GLOBAL_BASELINE_NO_ENTITY_RANKING,,,NOT_APPLICABLE_GLOBAL_BASELINE,HF9g-P5,,,,X 全窗基线 · 不参与实体赏罚,3921607,393,A168_HF9F_20260827_0900,2026-08-27 09:00:00
2026-06-11,150052194,-1,1,28.8013989251,22.3467997017,22.3467997017,0.5000000,2,2,0.50665070000000000,0.506650700000,-0.018812684590367487,-0.018812684590367487,-0.018812684590367487,0E-17,SENTINEL_DEALER,R03b_20260811_FULL_v1,L1_ELIGIBILITY,v2026-08-11,2026-03-21..2026-08-06,baccarat_bet02_101_all_pairs_incl_sentinel,round_win = game_pnl > 0 (decisive only),COMPATIBILITY_ONLY_NOT_PRODUCTION,2700.9805,2467.4690,-62.3440,105,105,0.02308198,,0.02308198,0.02308198,62.3440,2700.9805,OK,0.0000,-2.4938,4.0000,96.0000,AG03-UNRESOLVED,ALL5_LEVELS_bet23_to_bet27,-2.4938,-2.4938,-2.4938,-3.1172,-3.1172,4.000000,4.000000,4.000000,5.000000,5.000000,96.000000,96.000000,96.000000,95.000000,95.000000,5.0,-13.7157,-12.5639,-48.6283,-49.7801,PENDING_AG03,FALSE,NOT_FOR_ENFORCEMENT,-59.8502,2368.7703,-62.3440,-59.8502,-2.4938,-0.02308198,-0.02215871,-2.4938,-59.8502,-0.02215871,-2.4938,-2.4938,-2.4938,-3.1172,-3.1172,-59.8502,-0.02215871,-13.7157,-12.5639,-48.6283,-49.7801,-0.01800395,-0.01843037,-0.00092328,25.7236,23.4997,-0.5938,-20.7813,-2.0111,900.3268,35.0000,,25.7236,25.9457,25.9457,25.9457,25.9457,25.9457,26.0736,25.9457,0.0,1.0,1.004928,0.99144,22,17,2,1,0E-8,-0.02308198,,0E-8,0.000000,0.913546,0.000000,,2026-05-14,2026-06-11,3,31,41,29,0.103448,,,0.000000,,,,,,,,GLOBAL_BASELINE_NO_ENTITY_RANKING,,,NOT_APPLICABLE_GLOBAL_BASELINE,HF9g-P5,,,,X 全窗基线 · 不参与实体赏罚,3921608,393,A168_HF9F_20260827_0900,2026-08-27 09:00:00
2026-06-11,150052194,2281,0,25.7155347545,24.4297580168,24.4297580168,1.0000000,1,1,0.50665070000000000,0.506650700000,0.9867858985152569,0.9867858985152569,0.9867858985152569,0E-17,ELIGIBLE,R03b_20260811_FULL_v1,L1_ELIGIBILITY,v2026-08-11,2026-03-21..2026-08-06,baccarat_bet02_101_all_pairs_incl_sentinel,round_win = game_pnl > 0 (decisive only),COMPATIBILITY_ONLY_NOT_PRODUCTION,2700.9805,2467.4690,-62.3440,105,105,0.02308198,,0.02308198,0.02308198,62.3440,2700.9805,OK,0.0000,-2.4938,4.0000,96.0000,AG03-UNRESOLVED,ALL5_LEVELS_bet23_to_bet27,-2.4938,-2.4938,-2.4938,-3.1172,-3.1172,4.000000,4.000000,4.000000,5.000000,5.000000,96.000000,96.000000,96.000000,95.000000,95.000000,5.0,-13.7157,-12.5639,-48.6283,-49.7801,PENDING_AG03,FALSE,NOT_FOR_ENFORCEMENT,-59.8502,2368.7703,-62.3440,-59.8502,-2.4938,-0.02308198,-0.02215871,-2.4938,-59.8502,-0.02215871,-2.4938,-2.4938,-2.4938,-3.1172,-3.1172,-59.8502,-0.02215871,-13.7157,-12.5639,-48.6283,-49.7801,-0.01800395,-0.01843037,-0.00092328,25.7236,23.4997,-0.5938,-20.7813,-2.0111,900.3268,35.0000,,25.7236,25.9457,25.9457,25.9457,25.9457,25.9457,26.0736,25.9457,0.0,1.0,1.004928,0.99144,22,17,2,1,0E-8,-0.02308198,,0E-8,0.000000,0.913546,0.000000,,2026-05-14,2026-06-11,3,31,41,29,0.103448,,,0.000000,,,,,,,,GLOBAL_BASELINE_NO_ENTITY_RANKING,,,NOT_APPLICABLE_GLOBAL_BASELINE,HF9g-P5,,,,X 全窗基线 · 不参与实体赏罚,3921609,393,A168_HF9F_20260827_0900,2026-08-27 09:00:00
2026-06-08,151160615,1307,0,100.0000000000,-2.5000000000,-2.5000000000,0.5000000,2,2,0.50665070000000000,0.506650700000,-0.018812684590367487,-0.018812684590367487,-0.018812684590367487,0E-17,ELIGIBLE,R03b_20260811_FULL_v1,L1_ELIGIBILITY,v2026-08-11,2026-03-21..2026-08-06,baccarat_bet02_101_all_pairs_incl_sentinel,round_win = game_pnl > 0 (decisive only),COMPATIBILITY_ONLY_NOT_PRODUCTION,210.0000,210.0000,-63.0000,6,6,0.30000000,,0.30000000,0.30000000,63.0000,210.0000,THIN_EXPOSURE,0.0000,-3.1500,5.0000,95.0000,AG03-UNRESOLVED,ALL5_LEVELS_bet23_to_bet27,-3.1500,-3.1500,-3.1500,-3.1500,-3.1500,5.000000,5.000000,5.000000,5.000000,5.000000,95.000000,95.000000,95.000000,95.000000,95.000000,5.0,-15.7500,-14.2518,-47.2500,-48.7482,PENDING_AG03,FALSE,NOT_FOR_ENFORCEMENT,-59.8500,199.5000,-63.0000,-59.8500,-3.1500,-0.30000000,-0.28500000,-3.1500,-59.8500,-0.28500000,-3.1500,-3.1500,-3.1500,-3.1500,-3.1500,-59.8500,-0.28500000,-15.7500,-14.2518,-47.2500,-48.7482,-0.22500000,-0.23213428,-0.01500000,35.0000,35.0000,-10.5000,-31.5000,-21.0000,105.0000,3.0000,,35.0000,20.0,35.0,50.0,50.0,50.0,50.0,35.0,19.0,1.428571,1.428571,1.0,3,3,2,1,0E-8,-0.30000000,,0E-8,0.000000,1.000000,0.000000,,2026-06-08,2026-06-09,2,3,3,2,1.000000,,,0.000000,,,,,,,,GLOBAL_BASELINE_NO_ENTITY_RANKING,,,NOT_APPLICABLE_GLOBAL_BASELINE,HF9g-P5,,,,X 全窗基线 · 不参与实体赏罚,3921610,393,A168_HF9F_20260827_0900,2026-08-27 09:00:00
2026-06-09,151160615,1623,0,50.0000000000,47.5000000000,47.5000000000,1.0000000,1,1,0.50665070000000000,0.506650700000,0.9867858985152569,0.9867858985152569,0.9867858985152569,0E-17,ELIGIBLE,R03b_20260811_FULL_v1,L1_ELIGIBILITY,v2026-08-11,2026-03-21..2026-08-06,baccarat_bet02_101_all_pairs_incl_sentinel,round_win = game_pnl > 0 (decisive only),COMPATIBILITY_ONLY_NOT_PRODUCTION,210.0000,210.0000,-63.0000,6,6,0.30000000,,0.30000000,0.30000000,63.0000,210.0000,THIN_EXPOSURE,0.0000,-3.1500,5.0000,95.0000,AG03-UNRESOLVED,ALL5_LEVELS_bet23_to_bet27,-3.1500,-3.1500,-3.1500,-3.1500,-3.1500,5.000000,5.000000,5.000000,5.000000,5.000000,95.000000,95.000000,95.000000,95.000000,95.000000,5.0,-15.7500,-14.2518,-47.2500,-48.7482,PENDING_AG03,FALSE,NOT_FOR_ENFORCEMENT,-59.8500,199.5000,-63.0000,-59.8500,-3.1500,-0.30000000,-0.28500000,-3.1500,-59.8500,-0.28500000,-3.1500,-3.1500,-3.1500,-3.1500,-3.1500,-59.8500,-0.28500000,-15.7500,-14.2518,-47.2500,-48.7482,-0.22500000,-0.23213428,-0.01500000,35.0000,35.0000,-10.5000,-31.5000,-21.0000,105.0000,3.0000,,35.0000,20.0,35.0,50.0,50.0,50.0,50.0,35.0,19.0,1.428571,1.428571,1.0,3,3,2,1,0E-8,-0.30000000,,0E-8,0.000000,1.000000,0.000000,,2026-06-08,2026-06-09,2,3,3,2,1.000000,,,0.000000,,,,,,,,GLOBAL_BASELINE_NO_ENTITY_RANKING,,,NOT_APPLICABLE_GLOBAL_BASELINE,HF9g-P5,,,,X 全窗基线 · 不参与实体赏罚,3921611,393,A168_HF9F_20260827_0900,2026-08-27 09:00:00
2026-06-09,151160615,2103,0,60.0000000000,18.0000000000,18.0000000000,0.6666667,3,3,0.50665070000000000,0.506650700000,0.5543606114942035,0.5543606114942035,0.5543606114942035,0E-17,ELIGIBLE,R03b_20260811_FULL_v1,L1_ELIGIBILITY,v2026-08-11,2026-03-21..2026-08-06,baccarat_bet02_101_all_pairs_incl_sentinel,round_win = game_pnl > 0 (decisive only),COMPATIBILITY_ONLY_NOT_PRODUCTION,210.0000,210.0000,-63.0000,6,6,0.30000000,,0.30000000,0.30000000,63.0000,210.0000,THIN_EXPOSURE,0.0000,-3.1500,5.0000,95.0000,AG03-UNRESOLVED,ALL5_LEVELS_bet23_to_bet27,-3.1500,-3.1500,-3.1500,-3.1500,-3.1500,5.000000,5.000000,5.000000,5.000000,5.000000,95.000000,95.000000,95.000000,95.000000,95.000000,5.0,-15.7500,-14.2518,-47.2500,-48.7482,PENDING_AG03,FALSE,NOT_FOR_ENFORCEMENT,-59.8500,199.5000,-63.0000,-59.8500,-3.1500,-0.30000000,-0.28500000,-3.1500,-59.8500,-0.28500000,-3.1500,-3.1500,-3.1500,-3.1500,-3.1500,-59.8500,-0.28500000,-15.7500,-14.2518,-47.2500,-48.7482,-0.22500000,-0.23213428,-0.01500000,35.0000,35.0000,-10.5000,-31.5000,-21.0000,105.0000,3.0000,,35.0000,20.0,35.0,50.0,50.0,50.0,50.0,35.0,19.0,1.428571,1.428571,1.0,3,3,2,1,0E-8,-0.30000000,,0E-8,0.000000,1.000000,0.000000,,2026-06-08,2026-06-09,2,3,3,2,1.000000,,,0.000000,,,,,,,,GLOBAL_BASELINE_NO_ENTITY_RANKING,,,NOT_APPLICABLE_GLOBAL_BASELINE,HF9g-P5,,,,X 全窗基线 · 不参与实体赏罚,3921612,393,A168_HF9F_20260827_0900,2026-08-27 09:00:00
2026-07-03,152490846,-1,1,62.3390426358,62.3390426358,62.3390426358,1.0000000,1,1,0.49324550000000000,0.493245500000,1.01360149184955,1.01360149184955,1.01360149184955,0E-17,SENTINEL_DEALER,R03b_20260811_FULL_v1,L1_ELIGIBILITY,v2026-08-11,2026-03-21..2026-08-06,baccarat_bet02_101_all_pairs_incl_sentinel,round_win = game_pnl > 0 (decisive only),COMPATIBILITY_ONLY_NOT_PRODUCTION,62.3390,62.3390,-62.3390,1,1,1.00000000,,1.00000000,1.00000000,62.3390,62.3390,THIN_EXPOSURE,0.0000,-2.4936,4.0000,96.0000,AG03-UNRESOLVED,ALL5_LEVELS_bet23_to_bet27,-2.4936,-2.4936,-3.1170,-3.1170,-3.1170,4.000000,4.000000,5.000000,5.000000,5.000000,96.000000,96.000000,95.000000,95.000000,95.000000,5.0,-14.3380,-13.0814,-48.0011,-49.2576,PENDING_AG03,FALSE,NOT_FOR_ENFORCEMENT,-59.8455,59.8455,-62.3390,-59.8455,-2.4936,-1.00000000,-0.96000000,-2.4936,-59.8455,-0.96000000,-2.4936,-2.4936,-3.1170,-3.1170,-3.1170,-59.8455,-0.96000000,-14.3380,-13.0814,-48.0011,-49.2576,-0.77000000,-0.7901568,-0.04000000,62.3390,62.3390,-62.3390,-62.3390,-62.3390,62.3390,1.0000,,62.3390,62.339,62.339,62.339,62.339,62.339,62.339,62.339,62.339,1.0,1.0,1.0,1,1,1,1,0E-8,-1.00000000,,0E-8,0.000000,1.000000,0.000000,,2026-07-03,2026-07-03,1,1,1,1,1.000000,,,0.000000,,,,,,,,GLOBAL_BASELINE_NO_ENTITY_RANKING,,,NOT_APPLICABLE_GLOBAL_BASELINE,HF9g-P5,,,,X 全窗基线 · 不参与实体赏罚,3921613,393,A168_HF9F_20260827_0900,2026-08-27 09:00:00
2026-07-15,153053789,1353,0,96.0634427503,62.3390426359,62.3390426359,0.7500000,4,4,0.49659680000000000,0.496596800000,1.0136362796769356,1.0136362796769358,1.0136362796769356,0E-17,ELIGIBLE,R03b_20260811_FULL_v1,L1_ELIGIBILITY,v2026-08-11,2026-03-21..2026-08-06,baccarat_bet02_101_all_pairs_incl_sentinel,round_win = game_pnl > 0 (decisive only),COMPATIBILITY_ONLY_NOT_PRODUCTION,96.0634,96.0634,-62.3390,4,4,0.64893617,0.64893617,,0.64893617,62.3390,96.0634,THIN_EXPOSURE,0.0000,-2.4936,4.0000,96.0000,AG03-UNRESOLVED,ALL5_LEVELS_bet23_to_bet27,-2.4936,-2.4936,-2.4936,-4.3637,-4.3637,4.000000,4.000000,4.000000,7.000000,7.000000,96.000000,96.000000,96.000000,93.000000,93.000000,5.0,-16.2082,-14.6367,-46.1309,-47.7023,PENDING_AG03,FALSE,NOT_FOR_ENFORCEMENT,-59.8455,92.2209,-62.3390,-59.8455,-2.4936,-0.64893617,-0.62297872,-2.4936,-59.8455,-0.62297872,-2.4936,-2.4936,-2.4936,-4.3637,-4.3637,-59.8455,-0.62297872,-16.2082,-14.6367,-46.1309,-47.7023,-0.48021277,-0.49657126,-0.02595745,24.0159,24.0159,-15.5848,-62.3390,-62.3390,96.0634,4.0000,24.0159,,17.3732,19.4171,30.6585,40.8781,40.8781,40.8781,19.4171,18.9061,2.105263,2.105263,1.236842,1,1,1,2,1.00000000,-0.64893617,-0.64893617,0E-8,0.000000,1.000000,0.000000,,2026-07-15,2026-07-15,1,1,1,1,1.000000,,1.000000,3.333333,,,,,,,,GLOBAL_BASELINE_NO_ENTITY_RANKING,,,NOT_APPLICABLE_GLOBAL_BASELINE,HF9g-P5,,,,X 全窗基线 · 不参与实体赏罚,3921614,393,A168_HF9F_20260827_0900,2026-08-27 09:00:00
2026-07-01,152363269,-1,1,126.7219883089,4.0878060745,4.0878060745,0.5000000,2,2,0.49994810000000000,0.499948100000,0.00014679536856514622,0.00014679536856514622,0.00014679536856514622,0E-17,SENTINEL_DEALER,R03b_20260811_FULL_v1,L1_ELIGIBILITY,v2026-08-11,2026-03-21..2026-08-06,baccarat_bet02_101_all_pairs_incl_sentinel,round_win = game_pnl > 0 (decisive only),COMPATIBILITY_ONLY_NOT_PRODUCTION,188.0391,188.0391,-62.3390,3,3,0.33152174,,0.33152174,0.33152174,62.3390,188.0391,THIN_EXPOSURE,0.0000,-2.4936,4.0000,96.0000,AG03-UNRESOLVED,ALL5_LEVELS_bet23_to_bet27,-2.4936,-2.4936,-2.4936,-2.4936,-2.4936,4.000000,4.000000,4.000000,4.000000,4.000000,96.000000,96.000000,96.000000,96.000000,96.000000,5.0,-12.4678,-11.5095,-49.8712,-50.8296,PENDING_AG03,FALSE,NOT_FOR_ENFORCEMENT,-59.8455,180.5175,-62.3390,-59.8455,-2.4936,-0.33152174,-0.31826087,-2.4936,-59.8455,-0.31826087,-2.4936,-2.4936,-2.4936,-2.4936,-2.4936,-59.8455,-0.31826087,-12.4678,-11.5095,-49.8712,-50.8296,-0.26521739,-0.27031377,-0.01326087,62.6797,62.6797,-20.7797,-62.3390,-20.7797,188.0391,3.0000,,62.6797,61.3171,61.3171,64.3829,65.4049,65.4049,65.4049,61.3171,58.2512,1.066667,1.066667,1.022222,3,2,1,2,0E-8,-0.33152174,,0E-8,0.000000,1.000000,0.000000,,2026-07-01,2026-07-01,1,3,3,1,1.000000,,,0.000000,,,,,,,,GLOBAL_BASELINE_NO_ENTITY_RANKING,,,NOT_APPLICABLE_GLOBAL_BASELINE,HF9g-P5,,,,X 全窗基线 · 不参与实体赏罚,3921615,393,A168_HF9F_20260827_0900,2026-08-27 09:00:00
2026-07-01,152363269,789,0,61.3170911172,58.2512365613,58.2512365613,1.0000000,1,1,0.50665070000000000,0.506650700000,0.9867858985152569,0.9867858985152569,0.9867858985152569,0E-17,ELIGIBLE,R03b_20260811_FULL_v1,L1_ELIGIBILITY,v2026-08-11,2026-03-21..2026-08-06,baccarat_bet02_101_all_pairs_incl_sentinel,round_win = game_pnl > 0 (decisive only),COMPATIBILITY_ONLY_NOT_PRODUCTION,188.0391,188.0391,-62.3390,3,3,0.33152174,,0.33152174,0.33152174,62.3390,188.0391,THIN_EXPOSURE,0.0000,-2.4936,4.0000,96.0000,AG03-UNRESOLVED,ALL5_LEVELS_bet23_to_bet27,-2.4936,-2.4936,-2.4936,-2.4936,-2.4936,4.000000,4.000000,4.000000,4.000000,4.000000,96.000000,96.000000,96.000000,96.000000,96.000000,5.0,-12.4678,-11.5095,-49.8712,-50.8296,PENDING_AG03,FALSE,NOT_FOR_ENFORCEMENT,-59.8455,180.5175,-62.3390,-59.8455,-2.4936,-0.33152174,-0.31826087,-2.4936,-59.8455,-0.31826087,-2.4936,-2.4936,-2.4936,-2.4936,-2.4936,-59.8455,-0.31826087,-12.4678,-11.5095,-49.8712,-50.8296,-0.26521739,-0.27031377,-0.01326087,62.6797,62.6797,-20.7797,-62.3390,-20.7797,188.0391,3.0000,,62.6797,61.3171,61.3171,64.3829,65.4049,65.4049,65.4049,61.3171,58.2512,1.066667,1.066667,1.022222,3,2,1,2,0E-8,-0.33152174,,0E-8,0.000000,1.000000,0.000000,,2026-07-01,2026-07-01,1,3,3,1,1.000000,,,0.000000,,,,,,,,GLOBAL_BASELINE_NO_ENTITY_RANKING,,,NOT_APPLICABLE_GLOBAL_BASELINE,HF9g-P5,,,,X 全窗基线 · 不参与实体赏罚,3921616,393,A168_HF9F_20260827_0900,2026-08-27 09:00:00
2026-07-20,146009774,2156,0,355.6391284798,62.3390426358,62.3390426358,0.6666667,6,4,0.48246377105263458,0.400287425000,0.638490365298835,0.9416802335380994,0.638490365298835,0.08217634605263458,ELIGIBLE,R03b_20260811_FULL_v1,L1_ELIGIBILITY,v2026-08-11,2026-03-21..2026-08-06,baccarat_bet02_101_all_pairs_incl_sentinel,round_win = game_pnl > 0 (decisive only),COMPATIBILITY_ONLY_NOT_PRODUCTION,355.6391,228.9171,-62.3390,6,4,0.17528736,0.17528736,,0.17528736,62.3390,355.6391,THIN_EXPOSURE,0.0000,-2.4936,4.0000,96.0000,AG03-UNRESOLVED,ALL5_LEVELS_bet23_to_bet27,-2.4936,-2.4936,-2.4936,-3.1170,-3.1170,4.000000,4.000000,4.000000,5.000000,5.000000,96.000000,96.000000,96.000000,95.000000,95.000000,5.0,-13.7146,-12.5629,-48.6245,-49.7761,PENDING_AG03,FALSE,NOT_FOR_ENFORCEMENT,-59.8455,219.7605,-62.3390,-59.8455,-2.4936,-0.17528736,-0.16827586,-2.4936,-59.8455,-0.16827586,-2.4936,-2.4936,-2.4936,-3.1170,-3.1170,-59.8455,-0.16827586,-13.7146,-12.5629,-48.6245,-49.7761,-0.13672414,-0.13996244,-0.00701149,59.2732,57.2293,-15.5848,-62.3390,-62.3390,355.6391,4.0000,59.2732,,10.2195,61.3171,106.283,106.283,106.283,106.283,10.2195,0.0,1.733333,1.733333,0.966667,1,1,1,3,1.00000000,-0.17528736,-0.17528736,0E-8,0.000000,0.643678,0.000000,,2026-07-20,2026-07-20,1,1,1,1,1.000000,,1.000000,3.333333,,,,,,,,GLOBAL_BASELINE_NO_ENTITY_RANKING,,,NOT_APPLICABLE_GLOBAL_BASELINE,HF9g-P5,,,,X 全窗基线 · 不参与实体赏罚,3921617,393,A168_HF9F_20260827_0900,2026-08-27 09:00:00
2026-07-28,146828530,1323,0,61.3170911172,18.3951273352,18.3951273352,0.6666667,3,3,0.50218230000000000,0.502182300000,0.5697959874915163,0.5697959874915164,0.5697959874915163,0E-17,ELIGIBLE,R03b_20260811_FULL_v1,L1_ELIGIBILITY,v2026-08-11,2026-03-21..2026-08-06,baccarat_bet02_101_all_pairs_incl_sentinel,round_win = game_pnl > 0 (decisive only),COMPATIBILITY_ONLY_NOT_PRODUCTION,686.7514,686.7514,-62.3390,34,34,0.09077381,0.09077381,,0.09077381,62.3390,686.7514,OK,0.0000,-2.4936,4.0000,96.0000,AG03-UNRESOLVED,ALL5_LEVELS_bet23_to_bet27,-2.4936,-2.4936,-2.8053,-2.8053,-2.8053,4.000000,4.000000,4.500000,4.500000,4.500000,96.000000,96.000000,95.500000,95.500000,95.500000,5.0,-13.4029,-12.2996,-48.9361,-50.0395,PENDING_AG03,FALSE,NOT_FOR_ENFORCEMENT,-59.8455,659.2814,-62.3390,-59.8455,-2.4936,-0.09077381,-0.08714286,-2.4936,-59.8455,-0.08714286,-2.4936,-2.4936,-2.8053,-2.8053,-2.8053,-59.8455,-0.08714286,-13.4029,-12.2996,-48.9361,-50.0395,-0.07125744,-0.07286402,-0.00363095,20.1986,20.1986,-1.8335,-31.1695,-4.7953,343.3757,17.0000,20.1986,,20.439,20.439,20.439,20.439,20.439,24.5268,20.439,19.4171,1.0,1.2,0.988235,11,15,2,2,1.00000000,-0.09077381,-0.09077381,0E-8,0.000000,1.000000,0.000000,,2026-07-28,2026-07-29,2,13,13,2,1.000000,,1.000000,3.333333,,,,,,,,GLOBAL_BASELINE_NO_ENTITY_RANKING,,,NOT_APPLICABLE_GLOBAL_BASELINE,HF9g-P5,,,,X 全窗基线 · 不参与实体赏罚,3921618,393,A168_HF9F_20260827_0900,2026-08-27 09:00:00
2026-07-28,146828530,1363,0,61.3170911172,59.2731880800,59.2731880800,1.0000000,3,3,0.50218230000000000,0.502182300000,1.724507524396475,1.7245075243964754,1.724507524396475,0E-17,ELIGIBLE,R03b_20260811_FULL_v1,L1_ELIGIBILITY,v2026-08-11,2026-03-21..2026-08-06,baccarat_bet02_101_all_pairs_incl_sentinel,round_win = game_pnl > 0 (decisive only),COMPATIBILITY_ONLY_NOT_PRODUCTION,686.7514,686.7514,-62.3390,34,34,0.09077381,0.09077381,,0.09077381,62.3390,686.7514,OK,0.0000,-2.4936,4.0000,96.0000,AG03-UNRESOLVED,ALL5_LEVELS_bet23_to_bet27,-2.4936,-2.4936,-2.8053,-2.8053,-2.8053,4.000000,4.000000,4.500000,4.500000,4.500000,96.000000,96.000000,95.500000,95.500000,95.500000,5.0,-13.4029,-12.2996,-48.9361,-50.0395,PENDING_AG03,FALSE,NOT_FOR_ENFORCEMENT,-59.8455,659.2814,-62.3390,-59.8455,-2.4936,-0.09077381,-0.08714286,-2.4936,-59.8455,-0.08714286,-2.4936,-2.4936,-2.8053,-2.8053,-2.8053,-59.8455,-0.08714286,-13.4029,-12.2996,-48.9361,-50.0395,-0.07125744,-0.07286402,-0.00363095,20.1986,20.1986,-1.8335,-31.1695,-4.7953,343.3757,17.0000,20.1986,,20.439,20.439,20.439,20.439,20.439,24.5268,20.439,19.4171,1.0,1.2,0.988235,11,15,2,2,1.00000000,-0.09077381,-0.09077381,0E-8,0.000000,1.000000,0.000000,,2026-07-28,2026-07-29,2,13,13,2,1.000000,,1.000000,3.333333,,,,,,,,GLOBAL_BASELINE_NO_ENTITY_RANKING,,,NOT_APPLICABLE_GLOBAL_BASELINE,HF9g-P5,,,,X 全窗基线 · 不参与实体赏罚,3921619,393,A168_HF9F_20260827_0900,2026-08-27 09:00:00
2026-07-28,146828530,1994,0,20.4390303724,20.4390303724,20.4390303724,1.0000000,1,1,0.49324550000000000,0.493245500000,1.01360149184955,1.01360149184955,1.01360149184955,0E-17,ELIGIBLE,R03b_20260811_FULL_v1,L1_ELIGIBILITY,v2026-08-11,2026-03-21..2026-08-06,baccarat_bet02_101_all_pairs_incl_sentinel,round_win = game_pnl > 0 (decisive only),COMPATIBILITY_ONLY_NOT_PRODUCTION,686.7514,686.7514,-62.3390,34,34,0.09077381,0.09077381,,0.09077381,62.3390,686.7514,OK,0.0000,-2.4936,4.0000,96.0000,AG03-UNRESOLVED,ALL5_LEVELS_bet23_to_bet27,-2.4936,-2.4936,-2.8053,-2.8053,-2.8053,4.000000,4.000000,4.500000,4.500000,4.500000,96.000000,96.000000,95.500000,95.500000,95.500000,5.0,-13.4029,-12.2996,-48.9361,-50.0395,PENDING_AG03,FALSE,NOT_FOR_ENFORCEMENT,-59.8455,659.2814,-62.3390,-59.8455,-2.4936,-0.09077381,-0.08714286,-2.4936,-59.8455,-0.08714286,-2.4936,-2.4936,-2.8053,-2.8053,-2.8053,-59.8455,-0.08714286,-13.4029,-12.2996,-48.9361,-50.0395,-0.07125744,-0.07286402,-0.00363095,20.1986,20.1986,-1.8335,-31.1695,-4.7953,343.3757,17.0000,20.1986,,20.439,20.439,20.439,20.439,20.439,24.5268,20.439,19.4171,1.0,1.2,0.988235,11,15,2,2,1.00000000,-0.09077381,-0.09077381,0E-8,0.000000,1.000000,0.000000,,2026-07-28,2026-07-29,2,13,13,2,1.000000,,1.000000,3.333333,,,,,,,,GLOBAL_BASELINE_NO_ENTITY_RANKING,,,NOT_APPLICABLE_GLOBAL_BASELINE,HF9g-P5,,,,X 全窗基线 · 不参与实体赏罚,3921620,393,A168_HF9F_20260827_0900,2026-08-27 09:00:00
2026-07-28,146828530,2093,0,32.7024485958,31.6804970772,31.6804970772,1.0000000,2,2,0.49994810000000000,0.499948100000,1.4143603653603398,1.4143603653603398,1.4143603653603398,0E-17,ELIGIBLE,R03b_20260811_FULL_v1,L1_ELIGIBILITY,v2026-08-11,2026-03-21..2026-08-06,baccarat_bet02_101_all_pairs_incl_sentinel,round_win = game_pnl > 0 (decisive only),COMPATIBILITY_ONLY_NOT_PRODUCTION,686.7514,686.7514,-62.3390,34,34,0.09077381,0.09077381,,0.09077381,62.3390,686.7514,OK,0.0000,-2.4936,4.0000,96.0000,AG03-UNRESOLVED,ALL5_LEVELS_bet23_to_bet27,-2.4936,-2.4936,-2.8053,-2.8053,-2.8053,4.000000,4.000000,4.500000,4.500000,4.500000,96.000000,96.000000,95.500000,95.500000,95.500000,5.0,-13.4029,-12.2996,-48.9361,-50.0395,PENDING_AG03,FALSE,NOT_FOR_ENFORCEMENT,-59.8455,659.2814,-62.3390,-59.8455,-2.4936,-0.09077381,-0.08714286,-2.4936,-59.8455,-0.08714286,-2.4936,-2.4936,-2.8053,-2.8053,-2.8053,-59.8455,-0.08714286,-13.4029,-12.2996,-48.9361,-50.0395,-0.07125744,-0.07286402,-0.00363095,20.1986,20.1986,-1.8335,-31.1695,-4.7953,343.3757,17.0000,20.1986,,20.439,20.439,20.439,20.439,20.439,24.5268,20.439,19.4171,1.0,1.2,0.988235,11,15,2,2,1.00000000,-0.09077381,-0.09077381,0E-8,0.000000,1.000000,0.000000,,2026-07-28,2026-07-29,2,13,13,2,1.000000,,1.000000,3.333333,,,,,,,,GLOBAL_BASELINE_NO_ENTITY_RANKING,,,NOT_APPLICABLE_GLOBAL_BASELINE,HF9g-P5,,,,X 全窗基线 · 不参与实体赏罚,3921621,393,A168_HF9F_20260827_0900,2026-08-27 09:00:00
2026-07-28,146828530,2171,0,20.4390303724,19.4170788538,19.4170788538,1.0000000,1,1,0.50665070000000000,0.506650700000,0.9867858985152569,0.9867858985152569,0.9867858985152569,0E-17,ELIGIBLE,R03b_20260811_FULL_v1,L1_ELIGIBILITY,v2026-08-11,2026-03-21..2026-08-06,baccarat_bet02_101_all_pairs_incl_sentinel,round_win = game_pnl > 0 (decisive only),COMPATIBILITY_ONLY_NOT_PRODUCTION,686.7514,686.7514,-62.3390,34,34,0.09077381,0.09077381,,0.09077381,62.3390,686.7514,OK,0.0000,-2.4936,4.0000,96.0000,AG03-UNRESOLVED,ALL5_LEVELS_bet23_to_bet27,-2.4936,-2.4936,-2.8053,-2.8053,-2.8053,4.000000,4.000000,4.500000,4.500000,4.500000,96.000000,96.000000,95.500000,95.500000,95.500000,5.0,-13.4029,-12.2996,-48.9361,-50.0395,PENDING_AG03,FALSE,NOT_FOR_ENFORCEMENT,-59.8455,659.2814,-62.3390,-59.8455,-2.4936,-0.09077381,-0.08714286,-2.4936,-59.8455,-0.08714286,-2.4936,-2.4936,-2.8053,-2.8053,-2.8053,-59.8455,-0.08714286,-13.4029,-12.2996,-48.9361,-50.0395,-0.07125744,-0.07286402,-0.00363095,20.1986,20.1986,-1.8335,-31.1695,-4.7953,343.3757,17.0000,20.1986,,20.439,20.439,20.439,20.439,20.439,24.5268,20.439,19.4171,1.0,1.2,0.988235,11,15,2,2,1.00000000,-0.09077381,-0.09077381,0E-8,0.000000,1.000000,0.000000,,2026-07-28,2026-07-29,2,13,13,2,1.000000,,1.000000,3.333333,,,,,,,,GLOBAL_BASELINE_NO_ENTITY_RANKING,,,NOT_APPLICABLE_GLOBAL_BASELINE,HF9g-P5,,,,X 全窗基线 · 不参与实体赏罚,3921622,393,A168_HF9F_20260827_0900,2026-08-27 09:00:00
2026-07-28,146828530,2254,0,24.5268364469,-24.5268364469,-24.5268364469,0E-7,1,1,0.49324550000000000,0.493245500000,-0.9865810262130424,-0.9865810262130424,-0.9865810262130424,0E-17,ELIGIBLE,R03b_20260811_FULL_v1,L1_ELIGIBILITY,v2026-08-11,2026-03-21..2026-08-06,baccarat_bet02_101_all_pairs_incl_sentinel,round_win = game_pnl > 0 (decisive only),COMPATIBILITY_ONLY_NOT_PRODUCTION,686.7514,686.7514,-62.3390,34,34,0.09077381,0.09077381,,0.09077381,62.3390,686.7514,OK,0.0000,-2.4936,4.0000,96.0000,AG03-UNRESOLVED,ALL5_LEVELS_bet23_to_bet27,-2.4936,-2.4936,-2.8053,-2.8053,-2.8053,4.000000,4.000000,4.500000,4.500000,4.500000,96.000000,96.000000,95.500000,95.500000,95.500000,5.0,-13.4029,-12.2996,-48.9361,-50.0395,PENDING_AG03,FALSE,NOT_FOR_ENFORCEMENT,-59.8455,659.2814,-62.3390,-59.8455,-2.4936,-0.09077381,-0.08714286,-2.4936,-59.8455,-0.08714286,-2.4936,-2.4936,-2.8053,-2.8053,-2.8053,-59.8455,-0.08714286,-13.4029,-12.2996,-48.9361,-50.0395,-0.07125744,-0.07286402,-0.00363095,20.1986,20.1986,-1.8335,-31.1695,-4.7953,343.3757,17.0000,20.1986,,20.439,20.439,20.439,20.439,20.439,24.5268,20.439,19.4171,1.0,1.2,0.988235,11,15,2,2,1.00000000,-0.09077381,-0.09077381,0E-8,0.000000,1.000000,0.000000,,2026-07-28,2026-07-29,2,13,13,2,1.000000,,1.000000,3.333333,,,,,,,,GLOBAL_BASELINE_NO_ENTITY_RANKING,,,NOT_APPLICABLE_GLOBAL_BASELINE,HF9g-P5,,,,X 全窗基线 · 不参与实体赏罚,3921623,393,A168_HF9F_20260827_0900,2026-08-27 09:00:00
2026-07-28,146828530,2280,0,20.4390303724,19.4170788538,19.4170788538,1.0000000,1,1,0.50665070000000000,0.506650700000,0.9867858985152569,0.9867858985152569,0.9867858985152569,0E-17,ELIGIBLE,R03b_20260811_FULL_v1,L1_ELIGIBILITY,v2026-08-11,2026-03-21..2026-08-06,baccarat_bet02_101_all_pairs_incl_sentinel,round_win = game_pnl > 0 (decisive only),COMPATIBILITY_ONLY_NOT_PRODUCTION,686.7514,686.7514,-62.3390,34,34,0.09077381,0.09077381,,0.09077381,62.3390,686.7514,OK,0.0000,-2.4936,4.0000,96.0000,AG03-UNRESOLVED,ALL5_LEVELS_bet23_to_bet27,-2.4936,-2.4936,-2.8053,-2.8053,-2.8053,4.000000,4.000000,4.500000,4.500000,4.500000,96.000000,96.000000,95.500000,95.500000,95.500000,5.0,-13.4029,-12.2996,-48.9361,-50.0395,PENDING_AG03,FALSE,NOT_FOR_ENFORCEMENT,-59.8455,659.2814,-62.3390,-59.8455,-2.4936,-0.09077381,-0.08714286,-2.4936,-59.8455,-0.08714286,-2.4936,-2.4936,-2.8053,-2.8053,-2.8053,-59.8455,-0.08714286,-13.4029,-12.2996,-48.9361,-50.0395,-0.07125744,-0.07286402,-0.00363095,20.1986,20.1986,-1.8335,-31.1695,-4.7953,343.3757,17.0000,20.1986,,20.439,20.439,20.439,20.439,20.439,24.5268,20.439,19.4171,1.0,1.2,0.988235,11,15,2,2,1.00000000,-0.09077381,-0.09077381,0E-8,0.000000,1.000000,0.000000,,2026-07-28,2026-07-29,2,13,13,2,1.000000,,1.000000,3.333333,,,,,,,,GLOBAL_BASELINE_NO_ENTITY_RANKING,,,NOT_APPLICABLE_GLOBAL_BASELINE,HF9g-P5,,,,X 全窗基线 · 不参与实体赏罚,3921624,393,A168_HF9F_20260827_0900,2026-08-27 09:00:00
2026-07-28,146828530,529,0,61.3170911172,-20.4390303724,-20.4390303724,0.3333333,3,3,0.49771390000000000,0.497713900000,-0.5694369385616226,-0.5694369385616226,-0.5694369385616226,0E-17,ELIGIBLE,R03b_20260811_FULL_v1,L1_ELIGIBILITY,v2026-08-11,2026-03-21..2026-08-06,baccarat_bet02_101_all_pairs_incl_sentinel,round_win = game_pnl > 0 (decisive only),COMPATIBILITY_ONLY_NOT_PRODUCTION,686.7514,686.7514,-62.3390,34,34,0.09077381,0.09077381,,0.09077381,62.3390,686.7514,OK,0.0000,-2.4936,4.0000,96.0000,AG03-UNRESOLVED,ALL5_LEVELS_bet23_to_bet27,-2.4936,-2.4936,-2.8053,-2.8053,-2.8053,4.000000,4.000000,4.500000,4.500000,4.500000,96.000000,96.000000,95.500000,95.500000,95.500000,5.0,-13.4029,-12.2996,-48.9361,-50.0395,PENDING_AG03,FALSE,NOT_FOR_ENFORCEMENT,-59.8455,659.2814,-62.3390,-59.8455,-2.4936,-0.09077381,-0.08714286,-2.4936,-59.8455,-0.08714286,-2.4936,-2.4936,-2.8053,-2.8053,-2.8053,-59.8455,-0.08714286,-13.4029,-12.2996,-48.9361,-50.0395,-0.07125744,-0.07286402,-0.00363095,20.1986,20.1986,-1.8335,-31.1695,-4.7953,343.3757,17.0000,20.1986,,20.439,20.439,20.439,20.439,20.439,24.5268,20.439,19.4171,1.0,1.2,0.988235,11,15,2,2,1.00000000,-0.09077381,-0.09077381,0E-8,0.000000,1.000000,0.000000,,2026-07-28,2026-07-29,2,13,13,2,1.000000,,1.000000,3.333333,,,,,,,,GLOBAL_BASELINE_NO_ENTITY_RANKING,,,NOT_APPLICABLE_GLOBAL_BASELINE,HF9g-P5,,,,X 全窗基线 · 不参与实体赏罚,3921625,393,A168_HF9F_20260827_0900,2026-08-27 09:00:00
2026-07-28,146828530,925,0,40.8780607448,-1.0219515186,-1.0219515186,0.5000000,2,2,0.50665070000000000,0.506650700000,-0.018812684590367487,-0.018812684590367487,-0.018812684590367487,0E-17,ELIGIBLE,R03b_20260811_FULL_v1,L1_ELIGIBILITY,v2026-08-11,2026-03-21..2026-08-06,baccarat_bet02_101_all_pairs_incl_sentinel,round_win = game_pnl > 0 (decisive only),COMPATIBILITY_ONLY_NOT_PRODUCTION,686.7514,686.7514,-62.3390,34,34,0.09077381,0.09077381,,0.09077381,62.3390,686.7514,OK,0.0000,-2.4936,4.0000,96.0000,AG03-UNRESOLVED,ALL5_LEVELS_bet23_to_bet27,-2.4936,-2.4936,-2.8053,-2.8053,-2.8053,4.000000,4.000000,4.500000,4.500000,4.500000,96.000000,96.000000,95.500000,95.500000,95.500000,5.0,-13.4029,-12.2996,-48.9361,-50.0395,PENDING_AG03,FALSE,NOT_FOR_ENFORCEMENT,-59.8455,659.2814,-62.3390,-59.8455,-2.4936,-0.09077381,-0.08714286,-2.4936,-59.8455,-0.08714286,-2.4936,-2.4936,-2.8053,-2.8053,-2.8053,-59.8455,-0.08714286,-13.4029,-12.2996,-48.9361,-50.0395,-0.07125744,-0.07286402,-0.00363095,20.1986,20.1986,-1.8335,-31.1695,-4.7953,343.3757,17.0000,20.1986,,20.439,20.439,20.439,20.439,20.439,24.5268,20.439,19.4171,1.0,1.2,0.988235,11,15,2,2,1.00000000,-0.09077381,-0.09077381,0E-8,0.000000,1.000000,0.000000,,2026-07-28,2026-07-29,2,13,13,2,1.000000,,1.000000,3.333333,,,,,,,,GLOBAL_BASELINE_NO_ENTITY_RANKING,,,NOT_APPLICABLE_GLOBAL_BASELINE,HF9g-P5,,,,X 全窗基线 · 不参与实体赏罚,3921626,393,A168_HF9F_20260827_0900,2026-08-27 09:00:00
2026-07-28,146828530,994,0,20.4390303724,-20.4390303724,-20.4390303724,0E-7,1,1,0.50665070000000000,0.506650700000,-1.013391052207602,-1.013391052207602,-1.013391052207602,0E-17,ELIGIBLE,R03b_20260811_FULL_v1,L1_ELIGIBILITY,v2026-08-11,2026-03-21..2026-08-06,baccarat_bet02_101_all_pairs_incl_sentinel,round_win = game_pnl > 0 (decisive only),COMPATIBILITY_ONLY_NOT_PRODUCTION,686.7514,686.7514,-62.3390,34,34,0.09077381,0.09077381,,0.09077381,62.3390,686.7514,OK,0.0000,-2.4936,4.0000,96.0000,AG03-UNRESOLVED,ALL5_LEVELS_bet23_to_bet27,-2.4936,-2.4936,-2.8053,-2.8053,-2.8053,4.000000,4.000000,4.500000,4.500000,4.500000,96.000000,96.000000,95.500000,95.500000,95.500000,5.0,-13.4029,-12.2996,-48.9361,-50.0395,PENDING_AG03,FALSE,NOT_FOR_ENFORCEMENT,-59.8455,659.2814,-62.3390,-59.8455,-2.4936,-0.09077381,-0.08714286,-2.4936,-59.8455,-0.08714286,-2.4936,-2.4936,-2.8053,-2.8053,-2.8053,-59.8455,-0.08714286,-13.4029,-12.2996,-48.9361,-50.0395,-0.07125744,-0.07286402,-0.00363095,20.1986,20.1986,-1.8335,-31.1695,-4.7953,343.3757,17.0000,20.1986,,20.439,20.439,20.439,20.439,20.439,24.5268,20.439,19.4171,1.0,1.2,0.988235,11,15,2,2,1.00000000,-0.09077381,-0.09077381,0E-8,0.000000,1.000000,0.000000,,2026-07-28,2026-07-29,2,13,13,2,1.000000,,1.000000,3.333333,,,,,,,,GLOBAL_BASELINE_NO_ENTITY_RANKING,,,NOT_APPLICABLE_GLOBAL_BASELINE,HF9g-P5,,,,X 全窗基线 · 不参与实体赏罚,3921627,393,A168_HF9F_20260827_0900,2026-08-27 09:00:00
2026-07-29,146828530,-1,1,61.3170911172,-20.4390303724,-20.4390303724,0.3333333,3,3,0.49771390000000000,0.497713900000,-0.5694369385616226,-0.5694369385616226,-0.5694369385616226,0E-17,SENTINEL_DEALER,R03b_20260811_FULL_v1,L1_ELIGIBILITY,v2026-08-11,2026-03-21..2026-08-06,baccarat_bet02_101_all_pairs_incl_sentinel,round_win = game_pnl > 0 (decisive only),COMPATIBILITY_ONLY_NOT_PRODUCTION,686.7514,686.7514,-62.3390,34,34,0.09077381,0.09077381,,0.09077381,62.3390,686.7514,OK,0.0000,-2.4936,4.0000,96.0000,AG03-UNRESOLVED,ALL5_LEVELS_bet23_to_bet27,-2.4936,-2.4936,-2.8053,-2.8053,-2.8053,4.000000,4.000000,4.500000,4.500000,4.500000,96.000000,96.000000,95.500000,95.500000,95.500000,5.0,-13.4029,-12.2996,-48.9361,-50.0395,PENDING_AG03,FALSE,NOT_FOR_ENFORCEMENT,-59.8455,659.2814,-62.3390,-59.8455,-2.4936,-0.09077381,-0.08714286,-2.4936,-59.8455,-0.08714286,-2.4936,-2.4936,-2.8053,-2.8053,-2.8053,-59.8455,-0.08714286,-13.4029,-12.2996,-48.9361,-50.0395,-0.07125744,-0.07286402,-0.00363095,20.1986,20.1986,-1.8335,-31.1695,-4.7953,343.3757,17.0000,20.1986,,20.439,20.439,20.439,20.439,20.439,24.5268,20.439,19.4171,1.0,1.2,0.988235,11,15,2,2,1.00000000,-0.09077381,-0.09077381,0E-8,0.000000,1.000000,0.000000,,2026-07-28,2026-07-29,2,13,13,2,1.000000,,1.000000,3.333333,,,,,,,,GLOBAL_BASELINE_NO_ENTITY_RANKING,,,NOT_APPLICABLE_GLOBAL_BASELINE,HF9g-P5,,,,X 全窗基线 · 不参与实体赏罚,3921628,393,A168_HF9F_20260827_0900,2026-08-27 09:00:00
2026-07-29,146828530,1299,0,61.3170911172,19.4170788538,19.4170788538,0.6666667,3,3,0.50218230000000000,0.502182300000,0.5697959874915163,0.5697959874915164,0.5697959874915163,0E-17,ELIGIBLE,R03b_20260811_FULL_v1,L1_ELIGIBILITY,v2026-08-11,2026-03-21..2026-08-06,baccarat_bet02_101_all_pairs_incl_sentinel,round_win = game_pnl > 0 (decisive only),COMPATIBILITY_ONLY_NOT_PRODUCTION,686.7514,686.7514,-62.3390,34,34,0.09077381,0.09077381,,0.09077381,62.3390,686.7514,OK,0.0000,-2.4936,4.0000,96.0000,AG03-UNRESOLVED,ALL5_LEVELS_bet23_to_bet27,-2.4936,-2.4936,-2.8053,-2.8053,-2.8053,4.000000,4.000000,4.500000,4.500000,4.500000,96.000000,96.000000,95.500000,95.500000,95.500000,5.0,-13.4029,-12.2996,-48.9361,-50.0395,PENDING_AG03,FALSE,NOT_FOR_ENFORCEMENT,-59.8455,659.2814,-62.3390,-59.8455,-2.4936,-0.09077381,-0.08714286,-2.4936,-59.8455,-0.08714286,-2.4936,-2.4936,-2.8053,-2.8053,-2.8053,-59.8455,-0.08714286,-13.4029,-12.2996,-48.9361,-50.0395,-0.07125744,-0.07286402,-0.00363095,20.1986,20.1986,-1.8335,-31.1695,-4.7953,343.3757,17.0000,20.1986,,20.439,20.439,20.439,20.439,20.439,24.5268,20.439,19.4171,1.0,1.2,0.988235,11,15,2,2,1.00000000,-0.09077381,-0.09077381,0E-8,0.000000,1.000000,0.000000,,2026-07-28,2026-07-29,2,13,13,2,1.000000,,1.000000,3.333333,,,,,,,,GLOBAL_BASELINE_NO_ENTITY_RANKING,,,NOT_APPLICABLE_GLOBAL_BASELINE,HF9g-P5,,,,X 全窗基线 · 不参与实体赏罚,3921629,393,A168_HF9F_20260827_0900,2026-08-27 09:00:00
2026-07-29,146828530,1401,0,20.4390303724,-20.4390303724,-20.4390303724,0E-7,1,1,0.49324550000000000,0.493245500000,-0.9865810262130424,-0.9865810262130424,-0.9865810262130424,0E-17,ELIGIBLE,R03b_20260811_FULL_v1,L1_ELIGIBILITY,v2026-08-11,2026-03-21..2026-08-06,baccarat_bet02_101_all_pairs_incl_sentinel,round_win = game_pnl > 0 (decisive only),COMPATIBILITY_ONLY_NOT_PRODUCTION,686.7514,686.7514,-62.3390,34,34,0.09077381,0.09077381,,0.09077381,62.3390,686.7514,OK,0.0000,-2.4936,4.0000,96.0000,AG03-UNRESOLVED,ALL5_LEVELS_bet23_to_bet27,-2.4936,-2.4936,-2.8053,-2.8053,-2.8053,4.000000,4.000000,4.500000,4.500000,4.500000,96.000000,96.000000,95.500000,95.500000,95.500000,5.0,-13.4029,-12.2996,-48.9361,-50.0395,PENDING_AG03,FALSE,NOT_FOR_ENFORCEMENT,-59.8455,659.2814,-62.3390,-59.8455,-2.4936,-0.09077381,-0.08714286,-2.4936,-59.8455,-0.08714286,-2.4936,-2.4936,-2.8053,-2.8053,-2.8053,-59.8455,-0.08714286,-13.4029,-12.2996,-48.9361,-50.0395,-0.07125744,-0.07286402,-0.00363095,20.1986,20.1986,-1.8335,-31.1695,-4.7953,343.3757,17.0000,20.1986,,20.439,20.439,20.439,20.439,20.439,24.5268,20.439,19.4171,1.0,1.2,0.988235,11,15,2,2,1.00000000,-0.09077381,-0.09077381,0E-8,0.000000,1.000000,0.000000,,2026-07-28,2026-07-29,2,13,13,2,1.000000,,1.000000,3.333333,,,,,,,,GLOBAL_BASELINE_NO_ENTITY_RANKING,,,NOT_APPLICABLE_GLOBAL_BASELINE,HF9g-P5,,,,X 全窗基线 · 不参与实体赏罚,3921630,393,A168_HF9F_20260827_0900,2026-08-27 09:00:00
2026-07-29,146828530,2246,0,118.5463761599,2.0439030373,2.0439030373,0.5000000,6,6,0.49994810000000000,0.499948100000,0.00025425703667063243,0.00025425703667063243,0.00025425703667063243,0E-17,ELIGIBLE,R03b_20260811_FULL_v1,L1_ELIGIBILITY,v2026-08-11,2026-03-21..2026-08-06,baccarat_bet02_101_all_pairs_incl_sentinel,round_win = game_pnl > 0 (decisive only),COMPATIBILITY_ONLY_NOT_PRODUCTION,686.7514,686.7514,-62.3390,34,34,0.09077381,0.09077381,,0.09077381,62.3390,686.7514,OK,0.0000,-2.4936,4.0000,96.0000,AG03-UNRESOLVED,ALL5_LEVELS_bet23_to_bet27,-2.4936,-2.4936,-2.8053,-2.8053,-2.8053,4.000000,4.000000,4.500000,4.500000,4.500000,96.000000,96.000000,95.500000,95.500000,95.500000,5.0,-13.4029,-12.2996,-48.9361,-50.0395,PENDING_AG03,FALSE,NOT_FOR_ENFORCEMENT,-59.8455,659.2814,-62.3390,-59.8455,-2.4936,-0.09077381,-0.08714286,-2.4936,-59.8455,-0.08714286,-2.4936,-2.4936,-2.8053,-2.8053,-2.8053,-59.8455,-0.08714286,-13.4029,-12.2996,-48.9361,-50.0395,-0.07125744,-0.07286402,-0.00363095,20.1986,20.1986,-1.8335,-31.1695,-4.7953,343.3757,17.0000,20.1986,,20.439,20.439,20.439,20.439,20.439,24.5268,20.439,19.4171,1.0,1.2,0.988235,11,15,2,2,1.00000000,-0.09077381,-0.09077381,0E-8,0.000000,1.000000,0.000000,,2026-07-28,2026-07-29,2,13,13,2,1.000000,,1.000000,3.333333,,,,,,,,GLOBAL_BASELINE_NO_ENTITY_RANKING,,,NOT_APPLICABLE_GLOBAL_BASELINE,HF9g-P5,,,,X 全窗基线 · 不参与实体赏罚,3921631,393,A168_HF9F_20260827_0900,2026-08-27 09:00:00
2026-07-29,146828530,462,0,61.3170911172,-20.4390303724,-20.4390303724,0.3333333,3,3,0.49771390000000000,0.497713900000,-0.5694369385616226,-0.5694369385616226,-0.5694369385616226,0E-17,ELIGIBLE,R03b_20260811_FULL_v1,L1_ELIGIBILITY,v2026-08-11,2026-03-21..2026-08-06,baccarat_bet02_101_all_pairs_incl_sentinel,round_win = game_pnl > 0 (decisive only),COMPATIBILITY_ONLY_NOT_PRODUCTION,686.7514,686.7514,-62.3390,34,34,0.09077381,0.09077381,,0.09077381,62.3390,686.7514,OK,0.0000,-2.4936,4.0000,96.0000,AG03-UNRESOLVED,ALL5_LEVELS_bet23_to_bet27,-2.4936,-2.4936,-2.8053,-2.8053,-2.8053,4.000000,4.000000,4.500000,4.500000,4.500000,96.000000,96.000000,95.500000,95.500000,95.500000,5.0,-13.4029,-12.2996,-48.9361,-50.0395,PENDING_AG03,FALSE,NOT_FOR_ENFORCEMENT,-59.8455,659.2814,-62.3390,-59.8455,-2.4936,-0.09077381,-0.08714286,-2.4936,-59.8455,-0.08714286,-2.4936,-2.4936,-2.8053,-2.8053,-2.8053,-59.8455,-0.08714286,-13.4029,-12.2996,-48.9361,-50.0395,-0.07125744,-0.07286402,-0.00363095,20.1986,20.1986,-1.8335,-31.1695,-4.7953,343.3757,17.0000,20.1986,,20.439,20.439,20.439,20.439,20.439,24.5268,20.439,19.4171,1.0,1.2,0.988235,11,15,2,2,1.00000000,-0.09077381,-0.09077381,0E-8,0.000000,1.000000,0.000000,,2026-07-28,2026-07-29,2,13,13,2,1.000000,,1.000000,3.333333,,,,,,,,GLOBAL_BASELINE_NO_ENTITY_RANKING,,,NOT_APPLICABLE_GLOBAL_BASELINE,HF9g-P5,,,,X 全窗基线 · 不参与实体赏罚,3921632,393,A168_HF9F_20260827_0900,2026-08-27 09:00:00
2026-07-03,99124680,-1,1,204.3903037240,-204.3903037240,-204.3903037240,0E-7,1,1,0.49324550000000000,0.493245500000,-0.9865810262130424,-0.9865810262130424,-0.9865810262130424,0E-17,SENTINEL_DEALER,R03b_20260811_FULL_v1,L1_ELIGIBILITY,v2026-08-11,2026-03-21..2026-08-06,baccarat_bet02_101_all_pairs_incl_sentinel,round_win = game_pnl > 0 (decisive only),COMPATIBILITY_ONLY_NOT_PRODUCTION,5179.2503,4157.2988,-62.3390,29,28,0.01203631,-0.19572748,0.11990408,0.01203631,62.3390,5179.2503,THIN_EXPOSURE,0.0000,-2.4936,4.0000,96.0000,AG03-UNRESOLVED,ALL5_LEVELS_bet23_to_bet27,-2.4936,-2.4936,-2.4936,-3.7403,-3.7403,4.000000,4.000000,4.000000,6.000000,6.000000,96.000000,96.000000,96.000000,94.000000,94.000000,5.0,-14.9614,-13.6053,-47.3777,-48.7337,PENDING_AG03,FALSE,NOT_FOR_ENFORCEMENT,-59.8455,3991.0068,-62.3390,-59.8455,-2.4936,-0.01203631,-0.01155485,-2.4936,-59.8455,-0.01155485,-2.4936,-2.4936,-2.4936,-3.7403,-3.7403,-59.8455,-0.01155485,-14.9614,-13.6053,-47.3777,-48.7337,-0.00914759,-0.00940942,-0.00048145,178.5948,148.4750,-2.2264,-31.1695,-8.9056,2589.6251,14.0000,177.0020,179.4332,161.9793,204.3903,204.3903,204.3903,204.3903,204.3903,183.9513,0.0,1.0,1.0,0.873793,5,6,2,3,0.34175217,-0.01203631,0.19572748,0E-8,0.000000,0.802684,0.000000,-0.31563156,2026-07-03,2026-07-14,2,7,6,12,0.166667,0.986451,0.991081,1.139174,,,,,,,,GLOBAL_BASELINE_NO_ENTITY_RANKING,,,NOT_APPLICABLE_GLOBAL_BASELINE,HF9g-P5,,,,X 全窗基线 · 不参与实体赏罚,3921633,393,A168_HF9F_20260827_0900,2026-08-27 09:00:00
2026-07-03,99124680,1947,0,204.3903037240,-204.3903037240,-204.3903037240,0E-7,1,1,0.50665070000000000,0.506650700000,-1.013391052207602,-1.013391052207602,-1.013391052207602,0E-17,ELIGIBLE,R03b_20260811_FULL_v1,L1_ELIGIBILITY,v2026-08-11,2026-03-21..2026-08-06,baccarat_bet02_101_all_pairs_incl_sentinel,round_win = game_pnl > 0 (decisive only),COMPATIBILITY_ONLY_NOT_PRODUCTION,5179.2503,4157.2988,-62.3390,29,28,0.01203631,-0.19572748,0.11990408,0.01203631,62.3390,5179.2503,THIN_EXPOSURE,0.0000,-2.4936,4.0000,96.0000,AG03-UNRESOLVED,ALL5_LEVELS_bet23_to_bet27,-2.4936,-2.4936,-2.4936,-3.7403,-3.7403,4.000000,4.000000,4.000000,6.000000,6.000000,96.000000,96.000000,96.000000,94.000000,94.000000,5.0,-14.9614,-13.6053,-47.3777,-48.7337,PENDING_AG03,FALSE,NOT_FOR_ENFORCEMENT,-59.8455,3991.0068,-62.3390,-59.8455,-2.4936,-0.01203631,-0.01155485,-2.4936,-59.8455,-0.01155485,-2.4936,-2.4936,-2.4936,-3.7403,-3.7403,-59.8455,-0.01155485,-14.9614,-13.6053,-47.3777,-48.7337,-0.00914759,-0.00940942,-0.00048145,178.5948,148.4750,-2.2264,-31.1695,-8.9056,2589.6251,14.0000,177.0020,179.4332,161.9793,204.3903,204.3903,204.3903,204.3903,204.3903,183.9513,0.0,1.0,1.0,0.873793,5,6,2,3,0.34175217,-0.01203631,0.19572748,0E-8,0.000000,0.802684,0.000000,-0.31563156,2026-07-03,2026-07-14,2,7,6,12,0.166667,0.986451,0.991081,1.139174,,,,,,,,GLOBAL_BASELINE_NO_ENTITY_RANKING,,,NOT_APPLICABLE_GLOBAL_BASELINE,HF9g-P5,,,,X 全窗基线 · 不参与实体赏罚,3921634,393,A168_HF9F_20260827_0900,2026-08-27 09:00:00
2026-07-03,99124680,2093,0,510.9757593100,97.0853942689,97.0853942689,0.6666667,3,3,0.49771390000000000,0.497713900000,0.5852756695216578,0.5852756695216578,0.5852756695216578,0E-17,ELIGIBLE,R03b_20260811_FULL_v1,L1_ELIGIBILITY,v2026-08-11,2026-03-21..2026-08-06,baccarat_bet02_101_all_pairs_incl_sentinel,round_win = game_pnl > 0 (decisive only),COMPATIBILITY_ONLY_NOT_PRODUCTION,5179.2503,4157.2988,-62.3390,29,28,0.01203631,-0.19572748,0.11990408,0.01203631,62.3390,5179.2503,THIN_EXPOSURE,0.0000,-2.4936,4.0000,96.0000,AG03-UNRESOLVED,ALL5_LEVELS_bet23_to_bet27,-2.4936,-2.4936,-2.4936,-3.7403,-3.7403,4.000000,4.000000,4.000000,6.000000,6.000000,96.000000,96.000000,96.000000,94.000000,94.000000,5.0,-14.9614,-13.6053,-47.3777,-48.7337,PENDING_AG03,FALSE,NOT_FOR_ENFORCEMENT,-59.8455,3991.0068,-62.3390,-59.8455,-2.4936,-0.01203631,-0.01155485,-2.4936,-59.8455,-0.01155485,-2.4936,-2.4936,-2.4936,-3.7403,-3.7403,-59.8455,-0.01155485,-14.9614,-13.6053,-47.3777,-48.7337,-0.00914759,-0.00940942,-0.00048145,178.5948,148.4750,-2.2264,-31.1695,-8.9056,2589.6251,14.0000,177.0020,179.4332,161.9793,204.3903,204.3903,204.3903,204.3903,204.3903,183.9513,0.0,1.0,1.0,0.873793,5,6,2,3,0.34175217,-0.01203631,0.19572748,0E-8,0.000000,0.802684,0.000000,-0.31563156,2026-07-03,2026-07-14,2,7,6,12,0.166667,0.986451,0.991081,1.139174,,,,,,,,GLOBAL_BASELINE_NO_ENTITY_RANKING,,,NOT_APPLICABLE_GLOBAL_BASELINE,HF9g-P5,,,,X 全窗基线 · 不参与实体赏罚,3921635,393,A168_HF9F_20260827_0900,2026-08-27 09:00:00
2026-07-03,99124680,2153,0,1876.3029881863,516.0855169031,516.0855169031,0.7142857,11,10,0.49633684313727275,0.473546530000,1.1533079754168605,1.2756586523530955,1.1533079754168605,0.02279031313727275,ELIGIBLE,R03b_20260811_FULL_v1,L1_ELIGIBILITY,v2026-08-11,2026-03-21..2026-08-06,baccarat_bet02_101_all_pairs_incl_sentinel,round_win = game_pnl > 0 (decisive only),COMPATIBILITY_ONLY_NOT_PRODUCTION,5179.2503,4157.2988,-62.3390,29,28,0.01203631,-0.19572748,0.11990408,0.01203631,62.3390,5179.2503,THIN_EXPOSURE,0.0000,-2.4936,4.0000,96.0000,AG03-UNRESOLVED,ALL5_LEVELS_bet23_to_bet27,-2.4936,-2.4936,-2.4936,-3.7403,-3.7403,4.000000,4.000000,4.000000,6.000000,6.000000,96.000000,96.000000,96.000000,94.000000,94.000000,5.0,-14.9614,-13.6053,-47.3777,-48.7337,PENDING_AG03,FALSE,NOT_FOR_ENFORCEMENT,-59.8455,3991.0068,-62.3390,-59.8455,-2.4936,-0.01203631,-0.01155485,-2.4936,-59.8455,-0.01155485,-2.4936,-2.4936,-2.4936,-3.7403,-3.7403,-59.8455,-0.01155485,-14.9614,-13.6053,-47.3777,-48.7337,-0.00914759,-0.00940942,-0.00048145,178.5948,148.4750,-2.2264,-31.1695,-8.9056,2589.6251,14.0000,177.0020,179.4332,161.9793,204.3903,204.3903,204.3903,204.3903,204.3903,183.9513,0.0,1.0,1.0,0.873793,5,6,2,3,0.34175217,-0.01203631,0.19572748,0E-8,0.000000,0.802684,0.000000,-0.31563156,2026-07-03,2026-07-14,2,7,6,12,0.166667,0.986451,0.991081,1.139174,,,,,,,,GLOBAL_BASELINE_NO_ENTITY_RANKING,,,NOT_APPLICABLE_GLOBAL_BASELINE,HF9g-P5,,,,X 全窗基线 · 不参与实体赏罚,3921636,393,A168_HF9F_20260827_0900,2026-08-27 09:00:00
2026-07-03,99124680,2177,0,613.1709111720,204.3903037240,204.3903037240,1.0000000,3,3,0.50218230000000000,0.502182300000,0.99564488342984,0.99564488342984,0.99564488342984,0E-17,ELIGIBLE,R03b_20260811_FULL_v1,L1_ELIGIBILITY,v2026-08-11,2026-03-21..2026-08-06,baccarat_bet02_101_all_pairs_incl_sentinel,round_win = game_pnl > 0 (decisive only),COMPATIBILITY_ONLY_NOT_PRODUCTION,5179.2503,4157.2988,-62.3390,29,28,0.01203631,-0.19572748,0.11990408,0.01203631,62.3390,5179.2503,THIN_EXPOSURE,0.0000,-2.4936,4.0000,96.0000,AG03-UNRESOLVED,ALL5_LEVELS_bet23_to_bet27,-2.4936,-2.4936,-2.4936,-3.7403,-3.7403,4.000000,4.000000,4.000000,6.000000,6.000000,96.000000,96.000000,96.000000,94.000000,94.000000,5.0,-14.9614,-13.6053,-47.3777,-48.7337,PENDING_AG03,FALSE,NOT_FOR_ENFORCEMENT,-59.8455,3991.0068,-62.3390,-59.8455,-2.4936,-0.01203631,-0.01155485,-2.4936,-59.8455,-0.01155485,-2.4936,-2.4936,-2.4936,-3.7403,-3.7403,-59.8455,-0.01155485,-14.9614,-13.6053,-47.3777,-48.7337,-0.00914759,-0.00940942,-0.00048145,178.5948,148.4750,-2.2264,-31.1695,-8.9056,2589.6251,14.0000,177.0020,179.4332,161.9793,204.3903,204.3903,204.3903,204.3903,204.3903,183.9513,0.0,1.0,1.0,0.873793,5,6,2,3,0.34175217,-0.01203631,0.19572748,0E-8,0.000000,0.802684,0.000000,-0.31563156,2026-07-03,2026-07-14,2,7,6,12,0.166667,0.986451,0.991081,1.139174,,,,,,,,GLOBAL_BASELINE_NO_ENTITY_RANKING,,,NOT_APPLICABLE_GLOBAL_BASELINE,HF9g-P5,,,,X 全窗基线 · 不参与实体赏罚,3921637,393,A168_HF9F_20260827_0900,2026-08-27 09:00:00
2026-07-14,99124680,1109,0,1770.0200302498,-346.4415648121,-346.4415648121,0.4000000,10,10,0.49726706000000000,0.497267060000,-0.6151800913974267,-0.6151800913974268,-0.6151800913974267,0E-17,ELIGIBLE,R03b_20260811_FULL_v1,L1_ELIGIBILITY,v2026-08-11,2026-03-21..2026-08-06,baccarat_bet02_101_all_pairs_incl_sentinel,round_win = game_pnl > 0 (decisive only),COMPATIBILITY_ONLY_NOT_PRODUCTION,5179.2503,4157.2988,-62.3390,29,28,0.01203631,-0.19572748,0.11990408,0.01203631,62.3390,5179.2503,THIN_EXPOSURE,0.0000,-2.4936,4.0000,96.0000,AG03-UNRESOLVED,ALL5_LEVELS_bet23_to_bet27,-2.4936,-2.4936,-2.4936,-3.7403,-3.7403,4.000000,4.000000,4.000000,6.000000,6.000000,96.000000,96.000000,96.000000,94.000000,94.000000,5.0,-14.9614,-13.6053,-47.3777,-48.7337,PENDING_AG03,FALSE,NOT_FOR_ENFORCEMENT,-59.8455,3991.0068,-62.3390,-59.8455,-2.4936,-0.01203631,-0.01155485,-2.4936,-59.8455,-0.01155485,-2.4936,-2.4936,-2.4936,-3.7403,-3.7403,-59.8455,-0.01155485,-14.9614,-13.6053,-47.3777,-48.7337,-0.00914759,-0.00940942,-0.00048145,178.5948,148.4750,-2.2264,-31.1695,-8.9056,2589.6251,14.0000,177.0020,179.4332,161.9793,204.3903,204.3903,204.3903,204.3903,204.3903,183.9513,0.0,1.0,1.0,0.873793,5,6,2,3,0.34175217,-0.01203631,0.19572748,0E-8,0.000000,0.802684,0.000000,-0.31563156,2026-07-03,2026-07-14,2,7,6,12,0.166667,0.986451,0.991081,1.139174,,,,,,,,GLOBAL_BASELINE_NO_ENTITY_RANKING,,,NOT_APPLICABLE_GLOBAL_BASELINE,HF9g-P5,,,,X 全窗基线 · 不参与实体赏罚,3921638,393,A168_HF9F_20260827_0900,2026-08-27 09:00:00
2026-03-23,145699809,-1,1,22.0089796637,-22.0089796637,-22.0089796637,0E-7,1,1,0.49324550000000000,0.493245500000,-0.9865810262130424,-0.9865810262130424,-0.9865810262130424,0E-17,SENTINEL_DEALER,R03b_20260811_FULL_v1,L1_ELIGIBILITY,v2026-08-11,2026-03-21..2026-08-06,baccarat_bet02_101_all_pairs_incl_sentinel,round_win = game_pnl > 0 (decisive only),COMPATIBILITY_ONLY_NOT_PRODUCTION,868.7187,792.5791,-62.3311,33,33,0.07175067,,0.07175067,0.07175067,62.3311,868.7187,OK,0.0000,-2.4932,4.0000,96.0000,AG03-UNRESOLVED,ALL5_LEVELS_bet23_to_bet27,-2.4932,-2.4932,-2.4932,-2.4932,-2.4932,4.000000,4.000000,4.000000,4.000000,4.000000,96.000000,96.000000,96.000000,96.000000,96.000000,5.0,-12.4662,-11.508,-49.8649,-50.8231,PENDING_AG03,FALSE,NOT_FOR_ENFORCEMENT,-59.8379,760.8759,-62.3311,-59.8379,-2.4932,-0.07175067,-0.06888064,-2.4932,-59.8379,-0.06888064,-2.4932,-2.4932,-2.4932,-2.4932,-2.4932,-59.8379,-0.06888064,-12.4662,-11.508,-49.8649,-50.8231,-0.05740053,-0.05850354,-0.00287003,26.3248,24.0175,-1.8888,-15.5828,-6.2331,217.1797,8.2500,,26.3248,13.3873,22.009,42.628,45.7787,54.6923,66.0269,22.009,0.0,2.485,3.0,1.196094,9,9,4,3,0E-8,-0.07175067,,0E-8,0.000000,0.912354,0.000000,,2026-03-23,2026-04-18,4,10,10,27,0.148148,,,0.000000,,,,,,,,GLOBAL_BASELINE_NO_ENTITY_RANKING,,,NOT_APPLICABLE_GLOBAL_BASELINE,HF9g-P5,,,,X 全窗基线 · 不参与实体赏罚,3921639,393,A168_HF9F_20260827_0900,2026-08-27 09:00:00
2026-03-23,145699809,1393,0,22.0089796637,-22.0089796637,-22.0089796637,0E-7,1,1,0.49324550000000000,0.493245500000,-0.9865810262130424,-0.9865810262130424,-0.9865810262130424,0E-17,ELIGIBLE,R03b_20260811_FULL_v1,L1_ELIGIBILITY,v2026-08-11,2026-03-21..2026-08-06,baccarat_bet02_101_all_pairs_incl_sentinel,round_win = game_pnl > 0 (decisive only),COMPATIBILITY_ONLY_NOT_PRODUCTION,868.7187,792.5791,-62.3311,33,33,0.07175067,,0.07175067,0.07175067,62.3311,868.7187,OK,0.0000,-2.4932,4.0000,96.0000,AG03-UNRESOLVED,ALL5_LEVELS_bet23_to_bet27,-2.4932,-2.4932,-2.4932,-2.4932,-2.4932,4.000000,4.000000,4.000000,4.000000,4.000000,96.000000,96.000000,96.000000,96.000000,96.000000,5.0,-12.4662,-11.508,-49.8649,-50.8231,PENDING_AG03,FALSE,NOT_FOR_ENFORCEMENT,-59.8379,760.8759,-62.3311,-59.8379,-2.4932,-0.07175067,-0.06888064,-2.4932,-59.8379,-0.06888064,-2.4932,-2.4932,-2.4932,-2.4932,-2.4932,-59.8379,-0.06888064,-12.4662,-11.508,-49.8649,-50.8231,-0.05740053,-0.05850354,-0.00287003,26.3248,24.0175,-1.8888,-15.5828,-6.2331,217.1797,8.2500,,26.3248,13.3873,22.009,42.628,45.7787,54.6923,66.0269,22.009,0.0,2.485,3.0,1.196094,9,9,4,3,0E-8,-0.07175067,,0E-8,0.000000,0.912354,0.000000,,2026-03-23,2026-04-18,4,10,10,27,0.148148,,,0.000000,,,,,,,,GLOBAL_BASELINE_NO_ENTITY_RANKING,,,NOT_APPLICABLE_GLOBAL_BASELINE,HF9g-P5,,,,X 全窗基线 · 不参与实体赏罚,3921640,393,A168_HF9F_20260827_0900,2026-08-27 09:00:00
2026-03-23,145699809,986,0,22.0089796637,-22.0089796637,-22.0089796637,0E-7,1,1,0.49324550000000000,0.493245500000,-0.9865810262130424,-0.9865810262130424,-0.9865810262130424,0E-17,ELIGIBLE,R03b_20260811_FULL_v1,L1_ELIGIBILITY,v2026-08-11,2026-03-21..2026-08-06,baccarat_bet02_101_all_pairs_incl_sentinel,round_win = game_pnl > 0 (decisive only),COMPATIBILITY_ONLY_NOT_PRODUCTION,868.7187,792.5791,-62.3311,33,33,0.07175067,,0.07175067,0.07175067,62.3311,868.7187,OK,0.0000,-2.4932,4.0000,96.0000,AG03-UNRESOLVED,ALL5_LEVELS_bet23_to_bet27,-2.4932,-2.4932,-2.4932,-2.4932,-2.4932,4.000000,4.000000,4.000000,4.000000,4.000000,96.000000,96.000000,96.000000,96.000000,96.000000,5.0,-12.4662,-11.508,-49.8649,-50.8231,PENDING_AG03,FALSE,NOT_FOR_ENFORCEMENT,-59.8379,760.8759,-62.3311,-59.8379,-2.4932,-0.07175067,-0.06888064,-2.4932,-59.8379,-0.06888064,-2.4932,-2.4932,-2.4932,-2.4932,-2.4932,-59.8379,-0.06888064,-12.4662,-11.508,-49.8649,-50.8231,-0.05740053,-0.05850354,-0.00287003,26.3248,24.0175,-1.8888,-15.5828,-6.2331,217.1797,8.2500,,26.3248,13.3873,22.009,42.628,45.7787,54.6923,66.0269,22.009,0.0,2.485,3.0,1.196094,9,9,4,3,0E-8,-0.07175067,,0E-8,0.000000,0.912354,0.000000,,2026-03-23,2026-04-18,4,10,10,27,0.148148,,,0.000000,,,,,,,,GLOBAL_BASELINE_NO_ENTITY_RANKING,,,NOT_APPLICABLE_GLOBAL_BASELINE,HF9g-P5,,,,X 全窗基线 · 不参与实体赏罚,3921641,393,A168_HF9F_20260827_0900,2026-08-27 09:00:00
2026-03-28,145699809,-1,1,319.1302051237,207.9848578219,207.9848578219,0.8750000,8,8,0.49492115000000000,0.494921150000,2.1501615862467496,2.1501615862467496,2.1501615862467496,0E-17,SENTINEL_DEALER,R03b_20260811_FULL_v1,L1_ELIGIBILITY,v2026-08-11,2026-03-21..2026-08-06,baccarat_bet02_101_all_pairs_incl_sentinel,round_win = game_pnl > 0 (decisive only),COMPATIBILITY_ONLY_NOT_PRODUCTION,868.7187,792.5791,-62.3311,33,33,0.07175067,,0.07175067,0.07175067,62.3311,868.7187,OK,0.0000,-2.4932,4.0000,96.0000,AG03-UNRESOLVED,ALL5_LEVELS_bet23_to_bet27,-2.4932,-2.4932,-2.4932,-2.4932,-2.4932,4.000000,4.000000,4.000000,4.000000,4.000000,96.000000,96.000000,96.000000,96.000000,96.000000,5.0,-12.4662,-11.508,-49.8649,-50.8231,PENDING_AG03,FALSE,NOT_FOR_ENFORCEMENT,-59.8379,760.8759,-62.3311,-59.8379,-2.4932,-0.07175067,-0.06888064,-2.4932,-59.8379,-0.06888064,-2.4932,-2.4932,-2.4932,-2.4932,-2.4932,-59.8379,-0.06888064,-12.4662,-11.508,-49.8649,-50.8231,-0.05740053,-0.05850354,-0.00287003,26.3248,24.0175,-1.8888,-15.5828,-6.2331,217.1797,8.2500,,26.3248,13.3873,22.009,42.628,45.7787,54.6923,66.0269,22.009,0.0,2.485,3.0,1.196094,9,9,4,3,0E-8,-0.07175067,,0E-8,0.000000,0.912354,0.000000,,2026-03-23,2026-04-18,4,10,10,27,0.148148,,,0.000000,,,,,,,,GLOBAL_BASELINE_NO_ENTITY_RANKING,,,NOT_APPLICABLE_GLOBAL_BASELINE,HF9g-P5,,,,X 全窗基线 · 不参与实体赏罚,3921642,393,A168_HF9F_20260827_0900,2026-08-27 09:00:00
2026-03-28,145699809,1017,0,22.0089796637,22.0089796637,22.0089796637,1.0000000,1,1,0.49324550000000000,0.493245500000,1.01360149184955,1.01360149184955,1.01360149184955,0E-17,ELIGIBLE,R03b_20260811_FULL_v1,L1_ELIGIBILITY,v2026-08-11,2026-03-21..2026-08-06,baccarat_bet02_101_all_pairs_incl_sentinel,round_win = game_pnl > 0 (decisive only),COMPATIBILITY_ONLY_NOT_PRODUCTION,868.7187,792.5791,-62.3311,33,33,0.07175067,,0.07175067,0.07175067,62.3311,868.7187,OK,0.0000,-2.4932,4.0000,96.0000,AG03-UNRESOLVED,ALL5_LEVELS_bet23_to_bet27,-2.4932,-2.4932,-2.4932,-2.4932,-2.4932,4.000000,4.000000,4.000000,4.000000,4.000000,96.000000,96.000000,96.000000,96.000000,96.000000,5.0,-12.4662,-11.508,-49.8649,-50.8231,PENDING_AG03,FALSE,NOT_FOR_ENFORCEMENT,-59.8379,760.8759,-62.3311,-59.8379,-2.4932,-0.07175067,-0.06888064,-2.4932,-59.8379,-0.06888064,-2.4932,-2.4932,-2.4932,-2.4932,-2.4932,-59.8379,-0.06888064,-12.4662,-11.508,-49.8649,-50.8231,-0.05740053,-0.05850354,-0.00287003,26.3248,24.0175,-1.8888,-15.5828,-6.2331,217.1797,8.2500,,26.3248,13.3873,22.009,42.628,45.7787,54.6923,66.0269,22.009,0.0,2.485,3.0,1.196094,9,9,4,3,0E-8,-0.07175067,,0E-8,0.000000,0.912354,0.000000,,2026-03-23,2026-04-18,4,10,10,27,0.148148,,,0.000000,,,,,,,,GLOBAL_BASELINE_NO_ENTITY_RANKING,,,NOT_APPLICABLE_GLOBAL_BASELINE,HF9g-P5,,,,X 全窗基线 · 不参与实体赏罚,3921643,393,A168_HF9F_20260827_0900,2026-08-27 09:00:00
2026-03-28,145699809,1941,0,30.8125715292,0E-10,0E-10,,1,1,0.50665070000000000,0.506650700000,,,,0E-17,NO_DECISIVE_ROUND,R03b_20260811_FULL_v1,L1_ELIGIBILITY,v2026-08-11,2026-03-21..2026-08-06,baccarat_bet02_101_all_pairs_incl_sentinel,round_win = game_pnl > 0 (decisive only),COMPATIBILITY_ONLY_NOT_PRODUCTION,868.7187,792.5791,-62.3311,33,33,0.07175067,,0.07175067,0.07175067,62.3311,868.7187,OK,0.0000,-2.4932,4.0000,96.0000,AG03-UNRESOLVED,ALL5_LEVELS_bet23_to_bet27,-2.4932,-2.4932,-2.4932,-2.4932,-2.4932,4.000000,4.000000,4.000000,4.000000,4.000000,96.000000,96.000000,96.000000,96.000000,96.000000,5.0,-12.4662,-11.508,-49.8649,-50.8231,PENDING_AG03,FALSE,NOT_FOR_ENFORCEMENT,-59.8379,760.8759,-62.3311,-59.8379,-2.4932,-0.07175067,-0.06888064,-2.4932,-59.8379,-0.06888064,-2.4932,-2.4932,-2.4932,-2.4932,-2.4932,-59.8379,-0.06888064,-12.4662,-11.508,-49.8649,-50.8231,-0.05740053,-0.05850354,-0.00287003,26.3248,24.0175,-1.8888,-15.5828,-6.2331,217.1797,8.2500,,26.3248,13.3873,22.009,42.628,45.7787,54.6923,66.0269,22.009,0.0,2.485,3.0,1.196094,9,9,4,3,0E-8,-0.07175067,,0E-8,0.000000,0.912354,0.000000,,2026-03-23,2026-04-18,4,10,10,27,0.148148,,,0.000000,,,,,,,,GLOBAL_BASELINE_NO_ENTITY_RANKING,,,NOT_APPLICABLE_GLOBAL_BASELINE,HF9g-P5,,,,X 全窗基线 · 不参与实体赏罚,3921644,393,A168_HF9F_20260827_0900,2026-08-27 09:00:00
2026-03-28,145699809,526,0,140.8574698477,-96.8395105203,-96.8395105203,0.3333333,3,3,0.49324550000000000,0.493245500000,-0.5540025479526107,-0.5540025479526106,-0.5540025479526107,0E-17,ELIGIBLE,R03b_20260811_FULL_v1,L1_ELIGIBILITY,v2026-08-11,2026-03-21..2026-08-06,baccarat_bet02_101_all_pairs_incl_sentinel,round_win = game_pnl > 0 (decisive only),COMPATIBILITY_ONLY_NOT_PRODUCTION,868.7187,792.5791,-62.3311,33,33,0.07175067,,0.07175067,0.07175067,62.3311,868.7187,OK,0.0000,-2.4932,4.0000,96.0000,AG03-UNRESOLVED,ALL5_LEVELS_bet23_to_bet27,-2.4932,-2.4932,-2.4932,-2.4932,-2.4932,4.000000,4.000000,4.000000,4.000000,4.000000,96.000000,96.000000,96.000000,96.000000,96.000000,5.0,-12.4662,-11.508,-49.8649,-50.8231,PENDING_AG03,FALSE,NOT_FOR_ENFORCEMENT,-59.8379,760.8759,-62.3311,-59.8379,-2.4932,-0.07175067,-0.06888064,-2.4932,-59.8379,-0.06888064,-2.4932,-2.4932,-2.4932,-2.4932,-2.4932,-59.8379,-0.06888064,-12.4662,-11.508,-49.8649,-50.8231,-0.05740053,-0.05850354,-0.00287003,26.3248,24.0175,-1.8888,-15.5828,-6.2331,217.1797,8.2500,,26.3248,13.3873,22.009,42.628,45.7787,54.6923,66.0269,22.009,0.0,2.485,3.0,1.196094,9,9,4,3,0E-8,-0.07175067,,0E-8,0.000000,0.912354,0.000000,,2026-03-23,2026-04-18,4,10,10,27,0.148148,,,0.000000,,,,,,,,GLOBAL_BASELINE_NO_ENTITY_RANKING,,,NOT_APPLICABLE_GLOBAL_BASELINE,HF9g-P5,,,,X 全窗基线 · 不参与实体赏罚,3921645,393,A168_HF9F_20260827_0900,2026-08-27 09:00:00
2026-04-16,145699809,583,0,129.6565682121,-15.9698943773,-15.9698943773,0.4444444,11,11,0.46431718181818182,0.464317181818,-0.11954122780049341,-0.11954122779940282,-0.11954122780049341,1.8182E-13,ELIGIBLE,R03b_20260811_FULL_v1,L1_ELIGIBILITY,v2026-08-11,2026-03-21..2026-08-06,baccarat_bet02_101_all_pairs_incl_sentinel,round_win = game_pnl > 0 (decisive only),COMPATIBILITY_ONLY_NOT_PRODUCTION,868.7187,792.5791,-62.3311,33,33,0.07175067,,0.07175067,0.07175067,62.3311,868.7187,OK,0.0000,-2.4932,4.0000,96.0000,AG03-UNRESOLVED,ALL5_LEVELS_bet23_to_bet27,-2.4932,-2.4932,-2.4932,-2.4932,-2.4932,4.000000,4.000000,4.000000,4.000000,4.000000,96.000000,96.000000,96.000000,96.000000,96.000000,5.0,-12.4662,-11.508,-49.8649,-50.8231,PENDING_AG03,FALSE,NOT_FOR_ENFORCEMENT,-59.8379,760.8759,-62.3311,-59.8379,-2.4932,-0.07175067,-0.06888064,-2.4932,-59.8379,-0.06888064,-2.4932,-2.4932,-2.4932,-2.4932,-2.4932,-59.8379,-0.06888064,-12.4662,-11.508,-49.8649,-50.8231,-0.05740053,-0.05850354,-0.00287003,26.3248,24.0175,-1.8888,-15.5828,-6.2331,217.1797,8.2500,,26.3248,13.3873,22.009,42.628,45.7787,54.6923,66.0269,22.009,0.0,2.485,3.0,1.196094,9,9,4,3,0E-8,-0.07175067,,0E-8,0.000000,0.912354,0.000000,,2026-03-23,2026-04-18,4,10,10,27,0.148148,,,0.000000,,,,,,,,GLOBAL_BASELINE_NO_ENTITY_RANKING,,,NOT_APPLICABLE_GLOBAL_BASELINE,HF9g-P5,,,,X 全窗基线 · 不参与实体赏罚,3921646,393,A168_HF9F_20260827_0900,2026-08-27 09:00:00
2026-04-18,145699809,2171,0,92.7624227858,-35.2075559210,-35.2075559210,0.3333333,3,3,0.36930140000000000,0.369301400000,-0.12908515820983488,-0.12908515820983488,-0.12908515820983488,0E-17,ELIGIBLE,R03b_20260811_FULL_v1,L1_ELIGIBILITY,v2026-08-11,2026-03-21..2026-08-06,baccarat_bet02_101_all_pairs_incl_sentinel,round_win = game_pnl > 0 (decisive only),COMPATIBILITY_ONLY_NOT_PRODUCTION,868.7187,792.5791,-62.3311,33,33,0.07175067,,0.07175067,0.07175067,62.3311,868.7187,OK,0.0000,-2.4932,4.0000,96.0000,AG03-UNRESOLVED,ALL5_LEVELS_bet23_to_bet27,-2.4932,-2.4932,-2.4932,-2.4932,-2.4932,4.000000,4.000000,4.000000,4.000000,4.000000,96.000000,96.000000,96.000000,96.000000,96.000000,5.0,-12.4662,-11.508,-49.8649,-50.8231,PENDING_AG03,FALSE,NOT_FOR_ENFORCEMENT,-59.8379,760.8759,-62.3311,-59.8379,-2.4932,-0.07175067,-0.06888064,-2.4932,-59.8379,-0.06888064,-2.4932,-2.4932,-2.4932,-2.4932,-2.4932,-59.8379,-0.06888064,-12.4662,-11.508,-49.8649,-50.8231,-0.05740053,-0.05850354,-0.00287003,26.3248,24.0175,-1.8888,-15.5828,-6.2331,217.1797,8.2500,,26.3248,13.3873,22.009,42.628,45.7787,54.6923,66.0269,22.009,0.0,2.485,3.0,1.196094,9,9,4,3,0E-8,-0.07175067,,0E-8,0.000000,0.912354,0.000000,,2026-03-23,2026-04-18,4,10,10,27,0.148148,,,0.000000,,,,,,,,GLOBAL_BASELINE_NO_ENTITY_RANKING,,,NOT_APPLICABLE_GLOBAL_BASELINE,HF9g-P5,,,,X 全窗基线 · 不参与实体赏罚,3921647,393,A168_HF9F_20260827_0900,2026-08-27 09:00:00
2026-04-18,145699809,2251,0,67.4635802080,46.3812113930,46.3812113930,1.0000000,3,3,0.49324550000000000,0.493245500000,1.4334489766152358,1.4334489766152358,1.4334489766152358,0E-17,ELIGIBLE,R03b_20260811_FULL_v1,L1_ELIGIBILITY,v2026-08-11,2026-03-21..2026-08-06,baccarat_bet02_101_all_pairs_incl_sentinel,round_win = game_pnl > 0 (decisive only),COMPATIBILITY_ONLY_NOT_PRODUCTION,868.7187,792.5791,-62.3311,33,33,0.07175067,,0.07175067,0.07175067,62.3311,868.7187,OK,0.0000,-2.4932,4.0000,96.0000,AG03-UNRESOLVED,ALL5_LEVELS_bet23_to_bet27,-2.4932,-2.4932,-2.4932,-2.4932,-2.4932,4.000000,4.000000,4.000000,4.000000,4.000000,96.000000,96.000000,96.000000,96.000000,96.000000,5.0,-12.4662,-11.508,-49.8649,-50.8231,PENDING_AG03,FALSE,NOT_FOR_ENFORCEMENT,-59.8379,760.8759,-62.3311,-59.8379,-2.4932,-0.07175067,-0.06888064,-2.4932,-59.8379,-0.06888064,-2.4932,-2.4932,-2.4932,-2.4932,-2.4932,-59.8379,-0.06888064,-12.4662,-11.508,-49.8649,-50.8231,-0.05740053,-0.05850354,-0.00287003,26.3248,24.0175,-1.8888,-15.5828,-6.2331,217.1797,8.2500,,26.3248,13.3873,22.009,42.628,45.7787,54.6923,66.0269,22.009,0.0,2.485,3.0,1.196094,9,9,4,3,0E-8,-0.07175067,,0E-8,0.000000,0.912354,0.000000,,2026-03-23,2026-04-18,4,10,10,27,0.148148,,,0.000000,,,,,,,,GLOBAL_BASELINE_NO_ENTITY_RANKING,,,NOT_APPLICABLE_GLOBAL_BASELINE,HF9g-P5,,,,X 全窗基线 · 不参与实体赏罚,3921648,393,A168_HF9F_20260827_0900,2026-08-27 09:00:00
2026-03-24,127405060,2101,0,16.8523053428,-5.5559944177,-5.5559944177,0.5000000,2,2,0.50665070000000000,0.506650700000,-0.018812684590367487,-0.018812684590367487,-0.018812684590367487,0E-17,ELIGIBLE,R03b_20260811_FULL_v1,L1_ELIGIBILITY,v2026-08-11,2026-03-21..2026-08-06,baccarat_bet02_101_all_pairs_incl_sentinel,round_win = game_pnl > 0 (decisive only),COMPATIBILITY_ONLY_NOT_PRODUCTION,4902.0713,4435.9791,-62.3280,235,235,0.01271462,-0.27643441,0.02251787,0.01271462,62.3280,4902.0713,OK,0.0000,-2.4931,4.0000,96.0000,AG03-UNRESOLVED,ALL5_LEVELS_bet23_to_bet27,-2.4931,-2.4931,-2.4931,0.0000,0.0000,4.000000,4.000000,4.000000,0.000000,0.000000,96.000000,96.000000,96.000000,100.000000,100.000000,5.0,-7.4794,-7.1842,-54.8486,-55.1438,PENDING_AG03,FALSE,NOT_FOR_ENFORCEMENT,-59.8349,4258.5400,-62.3280,-59.8349,-2.4931,-0.01271462,-0.01220604,-2.4931,-59.8349,-0.01220604,-2.4931,-2.4931,-2.4931,0.0000,0.0000,-59.8349,-0.01220604,-7.4794,-7.1842,-54.8486,-55.1438,-0.01118887,-0.01124909,-0.00050858,20.8599,18.8765,-0.2652,-1.8887,-1.0053,148.5476,7.1212,8.9305,21.8494,7.9718,12.9089,21.3899,51.8914,64.8643,120.6478,12.8578,0.0,5.024778,9.346106,1.615931,19,48,32,2,0.03279202,-0.01271462,0.27643441,0E-8,0.000000,0.904919,0.000000,-0.29895229,2026-03-24,2026-08-05,33,62,61,135,0.244444,0.408729,0.428118,0.109307,,,,,,,,GLOBAL_BASELINE_NO_ENTITY_RANKING,,,NOT_APPLICABLE_GLOBAL_BASELINE,HF9g-P5,,,,X 全窗基线 · 不参与实体赏罚,3921649,393,A168_HF9F_20260827_0900,2026-08-27 09:00:00
2026-03-26,127405060,1714,0,9.4794217553,-9.4794217553,-9.4794217553,0E-7,1,1,0.49324550000000000,0.493245500000,-0.9865810262130424,-0.9865810262130424,-0.9865810262130424,0E-17,ELIGIBLE,R03b_20260811_FULL_v1,L1_ELIGIBILITY,v2026-08-11,2026-03-21..2026-08-06,baccarat_bet02_101_all_pairs_incl_sentinel,round_win = game_pnl > 0 (decisive only),COMPATIBILITY_ONLY_NOT_PRODUCTION,4902.0713,4435.9791,-62.3280,235,235,0.01271462,-0.27643441,0.02251787,0.01271462,62.3280,4902.0713,OK,0.0000,-2.4931,4.0000,96.0000,AG03-UNRESOLVED,ALL5_LEVELS_bet23_to_bet27,-2.4931,-2.4931,-2.4931,0.0000,0.0000,4.000000,4.000000,4.000000,0.000000,0.000000,96.000000,96.000000,96.000000,100.000000,100.000000,5.0,-7.4794,-7.1842,-54.8486,-55.1438,PENDING_AG03,FALSE,NOT_FOR_ENFORCEMENT,-59.8349,4258.5400,-62.3280,-59.8349,-2.4931,-0.01271462,-0.01220604,-2.4931,-59.8349,-0.01220604,-2.4931,-2.4931,-2.4931,0.0000,0.0000,-59.8349,-0.01220604,-7.4794,-7.1842,-54.8486,-55.1438,-0.01118887,-0.01124909,-0.00050858,20.8599,18.8765,-0.2652,-1.8887,-1.0053,148.5476,7.1212,8.9305,21.8494,7.9718,12.9089,21.3899,51.8914,64.8643,120.6478,12.8578,0.0,5.024778,9.346106,1.615931,19,48,32,2,0.03279202,-0.01271462,0.27643441,0E-8,0.000000,0.904919,0.000000,-0.29895229,2026-03-24,2026-08-05,33,62,61,135,0.244444,0.408729,0.428118,0.109307,,,,,,,,GLOBAL_BASELINE_NO_ENTITY_RANKING,,,NOT_APPLICABLE_GLOBAL_BASELINE,HF9g-P5,,,,X 全窗基线 · 不参与实体赏罚,3921650,393,A168_HF9F_20260827_0900,2026-08-27 09:00:00
2026-03-26,127405060,2093,0,9.4794217553,-9.4794217553,-9.4794217553,0E-7,1,1,0.49324550000000000,0.493245500000,-0.9865810262130424,-0.9865810262130424,-0.9865810262130424,0E-17,ELIGIBLE,R03b_20260811_FULL_v1,L1_ELIGIBILITY,v2026-08-11,2026-03-21..2026-08-06,baccarat_bet02_101_all_pairs_incl_sentinel,round_win = game_pnl > 0 (decisive only),COMPATIBILITY_ONLY_NOT_PRODUCTION,4902.0713,4435.9791,-62.3280,235,235,0.01271462,-0.27643441,0.02251787,0.01271462,62.3280,4902.0713,OK,0.0000,-2.4931,4.0000,96.0000,AG03-UNRESOLVED,ALL5_LEVELS_bet23_to_bet27,-2.4931,-2.4931,-2.4931,0.0000,0.0000,4.000000,4.000000,4.000000,0.000000,0.000000,96.000000,96.000000,96.000000,100.000000,100.000000,5.0,-7.4794,-7.1842,-54.8486,-55.1438,PENDING_AG03,FALSE,NOT_FOR_ENFORCEMENT,-59.8349,4258.5400,-62.3280,-59.8349,-2.4931,-0.01271462,-0.01220604,-2.4931,-59.8349,-0.01220604,-2.4931,-2.4931,-2.4931,0.0000,0.0000,-59.8349,-0.01220604,-7.4794,-7.1842,-54.8486,-55.1438,-0.01118887,-0.01124909,-0.00050858,20.8599,18.8765,-0.2652,-1.8887,-1.0053,148.5476,7.1212,8.9305,21.8494,7.9718,12.9089,21.3899,51.8914,64.8643,120.6478,12.8578,0.0,5.024778,9.346106,1.615931,19,48,32,2,0.03279202,-0.01271462,0.27643441,0E-8,0.000000,0.904919,0.000000,-0.29895229,2026-03-24,2026-08-05,33,62,61,135,0.244444,0.408729,0.428118,0.109307,,,,,,,,GLOBAL_BASELINE_NO_ENTITY_RANKING,,,NOT_APPLICABLE_GLOBAL_BASELINE,HF9g-P5,,,,X 全窗基线 · 不参与实体赏罚,3921651,393,A168_HF9F_20260827_0900,2026-08-27 09:00:00
2026-03-27,127405060,1094,0,35.2845143113,-10.2562077047,-10.2562077047,0.3333333,5,5,0.50396966000000000,0.503969660000,-0.5911202050821986,-0.5911202050821988,-0.5911202050821986,0E-17,ELIGIBLE,R03b_20260811_FULL_v1,L1_ELIGIBILITY,v2026-08-11,2026-03-21..2026-08-06,baccarat_bet02_101_all_pairs_incl_sentinel,round_win = game_pnl > 0 (decisive only),COMPATIBILITY_ONLY_NOT_PRODUCTION,4902.0713,4435.9791,-62.3280,235,235,0.01271462,-0.27643441,0.02251787,0.01271462,62.3280,4902.0713,OK,0.0000,-2.4931,4.0000,96.0000,AG03-UNRESOLVED,ALL5_LEVELS_bet23_to_bet27,-2.4931,-2.4931,-2.4931,0.0000,0.0000,4.000000,4.000000,4.000000,0.000000,0.000000,96.000000,96.000000,96.000000,100.000000,100.000000,5.0,-7.4794,-7.1842,-54.8486,-55.1438,PENDING_AG03,FALSE,NOT_FOR_ENFORCEMENT,-59.8349,4258.5400,-62.3280,-59.8349,-2.4931,-0.01271462,-0.01220604,-2.4931,-59.8349,-0.01220604,-2.4931,-2.4931,-2.4931,0.0000,0.0000,-59.8349,-0.01220604,-7.4794,-7.1842,-54.8486,-55.1438,-0.01118887,-0.01124909,-0.00050858,20.8599,18.8765,-0.2652,-1.8887,-1.0053,148.5476,7.1212,8.9305,21.8494,7.9718,12.9089,21.3899,51.8914,64.8643,120.6478,12.8578,0.0,5.024778,9.346106,1.615931,19,48,32,2,0.03279202,-0.01271462,0.27643441,0E-8,0.000000,0.904919,0.000000,-0.29895229,2026-03-24,2026-08-05,33,62,61,135,0.244444,0.408729,0.428118,0.109307,,,,,,,,GLOBAL_BASELINE_NO_ENTITY_RANKING,,,NOT_APPLICABLE_GLOBAL_BASELINE,HF9g-P5,,,,X 全窗基线 · 不参与实体赏罚,3921652,393,A168_HF9F_20260827_0900,2026-08-27 09:00:00
2026-03-27,127405060,1384,0,121.3892619217,-16.3256708008,-16.3256708008,0.5000000,8,8,0.49994810000000000,0.499948100000,0.00025425703667063243,0.00025425703667063243,0.00025425703667063243,0E-17,ELIGIBLE,R03b_20260811_FULL_v1,L1_ELIGIBILITY,v2026-08-11,2026-03-21..2026-08-06,baccarat_bet02_101_all_pairs_incl_sentinel,round_win = game_pnl > 0 (decisive only),COMPATIBILITY_ONLY_NOT_PRODUCTION,4902.0713,4435.9791,-62.3280,235,235,0.01271462,-0.27643441,0.02251787,0.01271462,62.3280,4902.0713,OK,0.0000,-2.4931,4.0000,96.0000,AG03-UNRESOLVED,ALL5_LEVELS_bet23_to_bet27,-2.4931,-2.4931,-2.4931,0.0000,0.0000,4.000000,4.000000,4.000000,0.000000,0.000000,96.000000,96.000000,96.000000,100.000000,100.000000,5.0,-7.4794,-7.1842,-54.8486,-55.1438,PENDING_AG03,FALSE,NOT_FOR_ENFORCEMENT,-59.8349,4258.5400,-62.3280,-59.8349,-2.4931,-0.01271462,-0.01220604,-2.4931,-59.8349,-0.01220604,-2.4931,-2.4931,-2.4931,0.0000,0.0000,-59.8349,-0.01220604,-7.4794,-7.1842,-54.8486,-55.1438,-0.01118887,-0.01124909,-0.00050858,20.8599,18.8765,-0.2652,-1.8887,-1.0053,148.5476,7.1212,8.9305,21.8494,7.9718,12.9089,21.3899,51.8914,64.8643,120.6478,12.8578,0.0,5.024778,9.346106,1.615931,19,48,32,2,0.03279202,-0.01271462,0.27643441,0E-8,0.000000,0.904919,0.000000,-0.29895229,2026-03-24,2026-08-05,33,62,61,135,0.244444,0.408729,0.428118,0.109307,,,,,,,,GLOBAL_BASELINE_NO_ENTITY_RANKING,,,NOT_APPLICABLE_GLOBAL_BASELINE,HF9g-P5,,,,X 全窗基线 · 不参与实体赏罚,3921653,393,A168_HF9F_20260827_0900,2026-08-27 09:00:00
2026-03-27,127405060,2093,0,12.6392290071,12.0072675567,12.0072675567,1.0000000,2,2,0.50665070000000000,0.506650700000,1.3955260008387969,1.3955260008387969,1.3955260008387969,0E-17,ELIGIBLE,R03b_20260811_FULL_v1,L1_ELIGIBILITY,v2026-08-11,2026-03-21..2026-08-06,baccarat_bet02_101_all_pairs_incl_sentinel,round_win = game_pnl > 0 (decisive only),COMPATIBILITY_ONLY_NOT_PRODUCTION,4902.0713,4435.9791,-62.3280,235,235,0.01271462,-0.27643441,0.02251787,0.01271462,62.3280,4902.0713,OK,0.0000,-2.4931,4.0000,96.0000,AG03-UNRESOLVED,ALL5_LEVELS_bet23_to_bet27,-2.4931,-2.4931,-2.4931,0.0000,0.0000,4.000000,4.000000,4.000000,0.000000,0.000000,96.000000,96.000000,96.000000,100.000000,100.000000,5.0,-7.4794,-7.1842,-54.8486,-55.1438,PENDING_AG03,FALSE,NOT_FOR_ENFORCEMENT,-59.8349,4258.5400,-62.3280,-59.8349,-2.4931,-0.01271462,-0.01220604,-2.4931,-59.8349,-0.01220604,-2.4931,-2.4931,-2.4931,0.0000,0.0000,-59.8349,-0.01220604,-7.4794,-7.1842,-54.8486,-55.1438,-0.01118887,-0.01124909,-0.00050858,20.8599,18.8765,-0.2652,-1.8887,-1.0053,148.5476,7.1212,8.9305,21.8494,7.9718,12.9089,21.3899,51.8914,64.8643,120.6478,12.8578,0.0,5.024778,9.346106,1.615931,19,48,32,2,0.03279202,-0.01271462,0.27643441,0E-8,0.000000,0.904919,0.000000,-0.29895229,2026-03-24,2026-08-05,33,62,61,135,0.244444,0.408729,0.428118,0.109307,,,,,,,,GLOBAL_BASELINE_NO_ENTITY_RANKING,,,NOT_APPLICABLE_GLOBAL_BASELINE,HF9g-P5,,,,X 全窗基线 · 不参与实体赏罚,3921654,393,A168_HF9F_20260827_0900,2026-08-27 09:00:00
2026-03-27,127405060,2252,0,19.7487953235,3.6864417937,3.6864417937,0.6666667,3,3,0.49771390000000000,0.497713900000,0.5852756695216578,0.5852756695216578,0.5852756695216578,0E-17,ELIGIBLE,R03b_20260811_FULL_v1,L1_ELIGIBILITY,v2026-08-11,2026-03-21..2026-08-06,baccarat_bet02_101_all_pairs_incl_sentinel,round_win = game_pnl > 0 (decisive only),COMPATIBILITY_ONLY_NOT_PRODUCTION,4902.0713,4435.9791,-62.3280,235,235,0.01271462,-0.27643441,0.02251787,0.01271462,62.3280,4902.0713,OK,0.0000,-2.4931,4.0000,96.0000,AG03-UNRESOLVED,ALL5_LEVELS_bet23_to_bet27,-2.4931,-2.4931,-2.4931,0.0000,0.0000,4.000000,4.000000,4.000000,0.000000,0.000000,96.000000,96.000000,96.000000,100.000000,100.000000,5.0,-7.4794,-7.1842,-54.8486,-55.1438,PENDING_AG03,FALSE,NOT_FOR_ENFORCEMENT,-59.8349,4258.5400,-62.3280,-59.8349,-2.4931,-0.01271462,-0.01220604,-2.4931,-59.8349,-0.01220604,-2.4931,-2.4931,-2.4931,0.0000,0.0000,-59.8349,-0.01220604,-7.4794,-7.1842,-54.8486,-55.1438,-0.01118887,-0.01124909,-0.00050858,20.8599,18.8765,-0.2652,-1.8887,-1.0053,148.5476,7.1212,8.9305,21.8494,7.9718,12.9089,21.3899,51.8914,64.8643,120.6478,12.8578,0.0,5.024778,9.346106,1.615931,19,48,32,2,0.03279202,-0.01271462,0.27643441,0E-8,0.000000,0.904919,0.000000,-0.29895229,2026-03-24,2026-08-05,33,62,61,135,0.244444,0.408729,0.428118,0.109307,,,,,,,,GLOBAL_BASELINE_NO_ENTITY_RANKING,,,NOT_APPLICABLE_GLOBAL_BASELINE,HF9g-P5,,,,X 全窗基线 · 不参与实体赏罚,3921655,393,A168_HF9F_20260827_0900,2026-08-27 09:00:00
2026-04-02,127405060,2121,0,8.8998246211,-8.8998246211,-8.8998246211,0E-7,1,1,0.50665070000000000,0.506650700000,-1.013391052207602,-1.013391052207602,-1.013391052207602,0E-17,ELIGIBLE,R03b_20260811_FULL_v1,L1_ELIGIBILITY,v2026-08-11,2026-03-21..2026-08-06,baccarat_bet02_101_all_pairs_incl_sentinel,round_win = game_pnl > 0 (decisive only),COMPATIBILITY_ONLY_NOT_PRODUCTION,4902.0713,4435.9791,-62.3280,235,235,0.01271462,-0.27643441,0.02251787,0.01271462,62.3280,4902.0713,OK,0.0000,-2.4931,4.0000,96.0000,AG03-UNRESOLVED,ALL5_LEVELS_bet23_to_bet27,-2.4931,-2.4931,-2.4931,0.0000,0.0000,4.000000,4.000000,4.000000,0.000000,0.000000,96.000000,96.000000,96.000000,100.000000,100.000000,5.0,-7.4794,-7.1842,-54.8486,-55.1438,PENDING_AG03,FALSE,NOT_FOR_ENFORCEMENT,-59.8349,4258.5400,-62.3280,-59.8349,-2.4931,-0.01271462,-0.01220604,-2.4931,-59.8349,-0.01220604,-2.4931,-2.4931,-2.4931,0.0000,0.0000,-59.8349,-0.01220604,-7.4794,-7.1842,-54.8486,-55.1438,-0.01118887,-0.01124909,-0.00050858,20.8599,18.8765,-0.2652,-1.8887,-1.0053,148.5476,7.1212,8.9305,21.8494,7.9718,12.9089,21.3899,51.8914,64.8643,120.6478,12.8578,0.0,5.024778,9.346106,1.615931,19,48,32,2,0.03279202,-0.01271462,0.27643441,0E-8,0.000000,0.904919,0.000000,-0.29895229,2026-03-24,2026-08-05,33,62,61,135,0.244444,0.408729,0.428118,0.109307,,,,,,,,GLOBAL_BASELINE_NO_ENTITY_RANKING,,,NOT_APPLICABLE_GLOBAL_BASELINE,HF9g-P5,,,,X 全窗基线 · 不参与实体赏罚,3921656,393,A168_HF9F_20260827_0900,2026-08-27 09:00:00
2026-04-06,127405060,1401,0,14.6585346701,-14.6585346701,-14.6585346701,0E-7,1,1,0.50665070000000000,0.506650700000,-1.013391052207602,-1.013391052207602,-1.013391052207602,0E-17,ELIGIBLE,R03b_20260811_FULL_v1,L1_ELIGIBILITY,v2026-08-11,2026-03-21..2026-08-06,baccarat_bet02_101_all_pairs_incl_sentinel,round_win = game_pnl > 0 (decisive only),COMPATIBILITY_ONLY_NOT_PRODUCTION,4902.0713,4435.9791,-62.3280,235,235,0.01271462,-0.27643441,0.02251787,0.01271462,62.3280,4902.0713,OK,0.0000,-2.4931,4.0000,96.0000,AG03-UNRESOLVED,ALL5_LEVELS_bet23_to_bet27,-2.4931,-2.4931,-2.4931,0.0000,0.0000,4.000000,4.000000,4.000000,0.000000,0.000000,96.000000,96.000000,96.000000,100.000000,100.000000,5.0,-7.4794,-7.1842,-54.8486,-55.1438,PENDING_AG03,FALSE,NOT_FOR_ENFORCEMENT,-59.8349,4258.5400,-62.3280,-59.8349,-2.4931,-0.01271462,-0.01220604,-2.4931,-59.8349,-0.01220604,-2.4931,-2.4931,-2.4931,0.0000,0.0000,-59.8349,-0.01220604,-7.4794,-7.1842,-54.8486,-55.1438,-0.01118887,-0.01124909,-0.00050858,20.8599,18.8765,-0.2652,-1.8887,-1.0053,148.5476,7.1212,8.9305,21.8494,7.9718,12.9089,21.3899,51.8914,64.8643,120.6478,12.8578,0.0,5.024778,9.346106,1.615931,19,48,32,2,0.03279202,-0.01271462,0.27643441,0E-8,0.000000,0.904919,0.000000,-0.29895229,2026-03-24,2026-08-05,33,62,61,135,0.244444,0.408729,0.428118,0.109307,,,,,,,,GLOBAL_BASELINE_NO_ENTITY_RANKING,,,NOT_APPLICABLE_GLOBAL_BASELINE,HF9g-P5,,,,X 全窗基线 · 不参与实体赏罚,3921657,393,A168_HF9F_20260827_0900,2026-08-27 09:00:00
2026-04-23,127405060,2235,0,6.2822291443,5.9681176871,5.9681176871,1.0000000,1,1,0.50665070000000000,0.506650700000,0.9867858985152569,0.9867858985152569,0.9867858985152569,0E-17,ELIGIBLE,R03b_20260811_FULL_v1,L1_ELIGIBILITY,v2026-08-11,2026-03-21..2026-08-06,baccarat_bet02_101_all_pairs_incl_sentinel,round_win = game_pnl > 0 (decisive only),COMPATIBILITY_ONLY_NOT_PRODUCTION,4902.0713,4435.9791,-62.3280,235,235,0.01271462,-0.27643441,0.02251787,0.01271462,62.3280,4902.0713,OK,0.0000,-2.4931,4.0000,96.0000,AG03-UNRESOLVED,ALL5_LEVELS_bet23_to_bet27,-2.4931,-2.4931,-2.4931,0.0000,0.0000,4.000000,4.000000,4.000000,0.000000,0.000000,96.000000,96.000000,96.000000,100.000000,100.000000,5.0,-7.4794,-7.1842,-54.8486,-55.1438,PENDING_AG03,FALSE,NOT_FOR_ENFORCEMENT,-59.8349,4258.5400,-62.3280,-59.8349,-2.4931,-0.01271462,-0.01220604,-2.4931,-59.8349,-0.01220604,-2.4931,-2.4931,-2.4931,0.0000,0.0000,-59.8349,-0.01220604,-7.4794,-7.1842,-54.8486,-55.1438,-0.01118887,-0.01124909,-0.00050858,20.8599,18.8765,-0.2652,-1.8887,-1.0053,148.5476,7.1212,8.9305,21.8494,7.9718,12.9089,21.3899,51.8914,64.8643,120.6478,12.8578,0.0,5.024778,9.346106,1.615931,19,48,32,2,0.03279202,-0.01271462,0.27643441,0E-8,0.000000,0.904919,0.000000,-0.29895229,2026-03-24,2026-08-05,33,62,61,135,0.244444,0.408729,0.428118,0.109307,,,,,,,,GLOBAL_BASELINE_NO_ENTITY_RANKING,,,NOT_APPLICABLE_GLOBAL_BASELINE,HF9g-P5,,,,X 全窗基线 · 不参与实体赏罚,3921658,393,A168_HF9F_20260827_0900,2026-08-27 09:00:00
2026-04-23,127405060,752,0,85.5953720913,-12.1194670577,-12.1194670577,0.5000000,6,6,0.50218230000000000,0.502182300000,-0.01069114476356389,-0.01069114476356389,-0.01069114476356389,0E-17,ELIGIBLE,R03b_20260811_FULL_v1,L1_ELIGIBILITY,v2026-08-11,2026-03-21..2026-08-06,baccarat_bet02_101_all_pairs_incl_sentinel,round_win = game_pnl > 0 (decisive only),COMPATIBILITY_ONLY_NOT_PRODUCTION,4902.0713,4435.9791,-62.3280,235,235,0.01271462,-0.27643441,0.02251787,0.01271462,62.3280,4902.0713,OK,0.0000,-2.4931,4.0000,96.0000,AG03-UNRESOLVED,ALL5_LEVELS_bet23_to_bet27,-2.4931,-2.4931,-2.4931,0.0000,0.0000,4.000000,4.000000,4.000000,0.000000,0.000000,96.000000,96.000000,96.000000,100.000000,100.000000,5.0,-7.4794,-7.1842,-54.8486,-55.1438,PENDING_AG03,FALSE,NOT_FOR_ENFORCEMENT,-59.8349,4258.5400,-62.3280,-59.8349,-2.4931,-0.01271462,-0.01220604,-2.4931,-59.8349,-0.01220604,-2.4931,-2.4931,-2.4931,0.0000,0.0000,-59.8349,-0.01220604,-7.4794,-7.1842,-54.8486,-55.1438,-0.01118887,-0.01124909,-0.00050858,20.8599,18.8765,-0.2652,-1.8887,-1.0053,148.5476,7.1212,8.9305,21.8494,7.9718,12.9089,21.3899,51.8914,64.8643,120.6478,12.8578,0.0,5.024778,9.346106,1.615931,19,48,32,2,0.03279202,-0.01271462,0.27643441,0E-8,0.000000,0.904919,0.000000,-0.29895229,2026-03-24,2026-08-05,33,62,61,135,0.244444,0.408729,0.428118,0.109307,,,,,,,,GLOBAL_BASELINE_NO_ENTITY_RANKING,,,NOT_APPLICABLE_GLOBAL_BASELINE,HF9g-P5,,,,X 全窗基线 · 不参与实体赏罚,3921659,393,A168_HF9F_20260827_0900,2026-08-27 09:00:00
2026-05-03,127405060,2093,0,11.6755746977,-11.6755746977,-11.6755746977,0E-7,1,1,0.49324550000000000,0.493245500000,-0.9865810262130424,-0.9865810262130424,-0.9865810262130424,0E-17,ELIGIBLE,R03b_20260811_FULL_v1,L1_ELIGIBILITY,v2026-08-11,2026-03-21..2026-08-06,baccarat_bet02_101_all_pairs_incl_sentinel,round_win = game_pnl > 0 (decisive only),COMPATIBILITY_ONLY_NOT_PRODUCTION,4902.0713,4435.9791,-62.3280,235,235,0.01271462,-0.27643441,0.02251787,0.01271462,62.3280,4902.0713,OK,0.0000,-2.4931,4.0000,96.0000,AG03-UNRESOLVED,ALL5_LEVELS_bet23_to_bet27,-2.4931,-2.4931,-2.4931,0.0000,0.0000,4.000000,4.000000,4.000000,0.000000,0.000000,96.000000,96.000000,96.000000,100.000000,100.000000,5.0,-7.4794,-7.1842,-54.8486,-55.1438,PENDING_AG03,FALSE,NOT_FOR_ENFORCEMENT,-59.8349,4258.5400,-62.3280,-59.8349,-2.4931,-0.01271462,-0.01220604,-2.4931,-59.8349,-0.01220604,-2.4931,-2.4931,-2.4931,0.0000,0.0000,-59.8349,-0.01220604,-7.4794,-7.1842,-54.8486,-55.1438,-0.01118887,-0.01124909,-0.00050858,20.8599,18.8765,-0.2652,-1.8887,-1.0053,148.5476,7.1212,8.9305,21.8494,7.9718,12.9089,21.3899,51.8914,64.8643,120.6478,12.8578,0.0,5.024778,9.346106,1.615931,19,48,32,2,0.03279202,-0.01271462,0.27643441,0E-8,0.000000,0.904919,0.000000,-0.29895229,2026-03-24,2026-08-05,33,62,61,135,0.244444,0.408729,0.428118,0.109307,,,,,,,,GLOBAL_BASELINE_NO_ENTITY_RANKING,,,NOT_APPLICABLE_GLOBAL_BASELINE,HF9g-P5,,,,X 全窗基线 · 不参与实体赏罚,3921660,393,A168_HF9F_20260827_0900,2026-08-27 09:00:00
2026-05-12,127405060,1384,0,552.6438690262,137.2528670024,137.2528670024,0.7692308,14,14,0.49994810000000000,0.499948100000,1.9418249534717331,1.9418249534717331,1.9418249534717331,0E-17,ELIGIBLE,R03b_20260811_FULL_v1,L1_ELIGIBILITY,v2026-08-11,2026-03-21..2026-08-06,baccarat_bet02_101_all_pairs_incl_sentinel,round_win = game_pnl > 0 (decisive only),COMPATIBILITY_ONLY_NOT_PRODUCTION,4902.0713,4435.9791,-62.3280,235,235,0.01271462,-0.27643441,0.02251787,0.01271462,62.3280,4902.0713,OK,0.0000,-2.4931,4.0000,96.0000,AG03-UNRESOLVED,ALL5_LEVELS_bet23_to_bet27,-2.4931,-2.4931,-2.4931,0.0000,0.0000,4.000000,4.000000,4.000000,0.000000,0.000000,96.000000,96.000000,96.000000,100.000000,100.000000,5.0,-7.4794,-7.1842,-54.8486,-55.1438,PENDING_AG03,FALSE,NOT_FOR_ENFORCEMENT,-59.8349,4258.5400,-62.3280,-59.8349,-2.4931,-0.01271462,-0.01220604,-2.4931,-59.8349,-0.01220604,-2.4931,-2.4931,-2.4931,0.0000,0.0000,-59.8349,-0.01220604,-7.4794,-7.1842,-54.8486,-55.1438,-0.01118887,-0.01124909,-0.00050858,20.8599,18.8765,-0.2652,-1.8887,-1.0053,148.5476,7.1212,8.9305,21.8494,7.9718,12.9089,21.3899,51.8914,64.8643,120.6478,12.8578,0.0,5.024778,9.346106,1.615931,19,48,32,2,0.03279202,-0.01271462,0.27643441,0E-8,0.000000,0.904919,0.000000,-0.29895229,2026-03-24,2026-08-05,33,62,61,135,0.244444,0.408729,0.428118,0.109307,,,,,,,,GLOBAL_BASELINE_NO_ENTITY_RANKING,,,NOT_APPLICABLE_GLOBAL_BASELINE,HF9g-P5,,,,X 全窗基线 · 不参与实体赏罚,3921661,393,A168_HF9F_20260827_0900,2026-08-27 09:00:00
2026-05-12,127405060,1509,0,1185.7194748584,51.5022572779,51.5022572779,0.5714286,16,16,0.49911027500000000,0.499110275000,0.5411814328723131,0.5411814328723131,0.5411814328723131,0E-17,ELIGIBLE,R03b_20260811_FULL_v1,L1_ELIGIBILITY,v2026-08-11,2026-03-21..2026-08-06,baccarat_bet02_101_all_pairs_incl_sentinel,round_win = game_pnl > 0 (decisive only),COMPATIBILITY_ONLY_NOT_PRODUCTION,4902.0713,4435.9791,-62.3280,235,235,0.01271462,-0.27643441,0.02251787,0.01271462,62.3280,4902.0713,OK,0.0000,-2.4931,4.0000,96.0000,AG03-UNRESOLVED,ALL5_LEVELS_bet23_to_bet27,-2.4931,-2.4931,-2.4931,0.0000,0.0000,4.000000,4.000000,4.000000,0.000000,0.000000,96.000000,96.000000,96.000000,100.000000,100.000000,5.0,-7.4794,-7.1842,-54.8486,-55.1438,PENDING_AG03,FALSE,NOT_FOR_ENFORCEMENT,-59.8349,4258.5400,-62.3280,-59.8349,-2.4931,-0.01271462,-0.01220604,-2.4931,-59.8349,-0.01220604,-2.4931,-2.4931,-2.4931,0.0000,0.0000,-59.8349,-0.01220604,-7.4794,-7.1842,-54.8486,-55.1438,-0.01118887,-0.01124909,-0.00050858,20.8599,18.8765,-0.2652,-1.8887,-1.0053,148.5476,7.1212,8.9305,21.8494,7.9718,12.9089,21.3899,51.8914,64.8643,120.6478,12.8578,0.0,5.024778,9.346106,1.615931,19,48,32,2,0.03279202,-0.01271462,0.27643441,0E-8,0.000000,0.904919,0.000000,-0.29895229,2026-03-24,2026-08-05,33,62,61,135,0.244444,0.408729,0.428118,0.109307,,,,,,,,GLOBAL_BASELINE_NO_ENTITY_RANKING,,,NOT_APPLICABLE_GLOBAL_BASELINE,HF9g-P5,,,,X 全窗基线 · 不参与实体赏罚,3921662,393,A168_HF9F_20260827_0900,2026-08-27 09:00:00
2026-05-12,127405060,2123,0,150.4851849930,71.6101914794,71.6101914794,0.8333333,8,8,0.49827245000000000,0.498272450000,1.6414661915736004,1.6414661915736004,1.6414661915736004,0E-17,ELIGIBLE,R03b_20260811_FULL_v1,L1_ELIGIBILITY,v2026-08-11,2026-03-21..2026-08-06,baccarat_bet02_101_all_pairs_incl_sentinel,round_win = game_pnl > 0 (decisive only),COMPATIBILITY_ONLY_NOT_PRODUCTION,4902.0713,4435.9791,-62.3280,235,235,0.01271462,-0.27643441,0.02251787,0.01271462,62.3280,4902.0713,OK,0.0000,-2.4931,4.0000,96.0000,AG03-UNRESOLVED,ALL5_LEVELS_bet23_to_bet27,-2.4931,-2.4931,-2.4931,0.0000,0.0000,4.000000,4.000000,4.000000,0.000000,0.000000,96.000000,96.000000,96.000000,100.000000,100.000000,5.0,-7.4794,-7.1842,-54.8486,-55.1438,PENDING_AG03,FALSE,NOT_FOR_ENFORCEMENT,-59.8349,4258.5400,-62.3280,-59.8349,-2.4931,-0.01271462,-0.01220604,-2.4931,-59.8349,-0.01220604,-2.4931,-2.4931,-2.4931,0.0000,0.0000,-59.8349,-0.01220604,-7.4794,-7.1842,-54.8486,-55.1438,-0.01118887,-0.01124909,-0.00050858,20.8599,18.8765,-0.2652,-1.8887,-1.0053,148.5476,7.1212,8.9305,21.8494,7.9718,12.9089,21.3899,51.8914,64.8643,120.6478,12.8578,0.0,5.024778,9.346106,1.615931,19,48,32,2,0.03279202,-0.01271462,0.27643441,0E-8,0.000000,0.904919,0.000000,-0.29895229,2026-03-24,2026-08-05,33,62,61,135,0.244444,0.408729,0.428118,0.109307,,,,,,,,GLOBAL_BASELINE_NO_ENTITY_RANKING,,,NOT_APPLICABLE_GLOBAL_BASELINE,HF9g-P5,,,,X 全窗基线 · 不参与实体赏罚,3921663,393,A168_HF9F_20260827_0900,2026-08-27 09:00:00
2026-05-14,127405060,1302,0,8.0431736807,-8.0431736807,-8.0431736807,0E-7,1,1,0.50665070000000000,0.506650700000,-1.013391052207602,-1.013391052207602,-1.013391052207602,0E-17,ELIGIBLE,R03b_20260811_FULL_v1,L1_ELIGIBILITY,v2026-08-11,2026-03-21..2026-08-06,baccarat_bet02_101_all_pairs_incl_sentinel,round_win = game_pnl > 0 (decisive only),COMPATIBILITY_ONLY_NOT_PRODUCTION,4902.0713,4435.9791,-62.3280,235,235,0.01271462,-0.27643441,0.02251787,0.01271462,62.3280,4902.0713,OK,0.0000,-2.4931,4.0000,96.0000,AG03-UNRESOLVED,ALL5_LEVELS_bet23_to_bet27,-2.4931,-2.4931,-2.4931,0.0000,0.0000,4.000000,4.000000,4.000000,0.000000,0.000000,96.000000,96.000000,96.000000,100.000000,100.000000,5.0,-7.4794,-7.1842,-54.8486,-55.1438,PENDING_AG03,FALSE,NOT_FOR_ENFORCEMENT,-59.8349,4258.5400,-62.3280,-59.8349,-2.4931,-0.01271462,-0.01220604,-2.4931,-59.8349,-0.01220604,-2.4931,-2.4931,-2.4931,0.0000,0.0000,-59.8349,-0.01220604,-7.4794,-7.1842,-54.8486,-55.1438,-0.01118887,-0.01124909,-0.00050858,20.8599,18.8765,-0.2652,-1.8887,-1.0053,148.5476,7.1212,8.9305,21.8494,7.9718,12.9089,21.3899,51.8914,64.8643,120.6478,12.8578,0.0,5.024778,9.346106,1.615931,19,48,32,2,0.03279202,-0.01271462,0.27643441,0E-8,0.000000,0.904919,0.000000,-0.29895229,2026-03-24,2026-08-05,33,62,61,135,0.244444,0.408729,0.428118,0.109307,,,,,,,,GLOBAL_BASELINE_NO_ENTITY_RANKING,,,NOT_APPLICABLE_GLOBAL_BASELINE,HF9g-P5,,,,X 全窗基线 · 不参与实体赏罚,3921664,393,A168_HF9F_20260827_0900,2026-08-27 09:00:00
2026-05-14,127405060,2246,0,11.9350319132,-11.9350319132,-11.9350319132,0E-7,1,1,0.49324550000000000,0.493245500000,-0.9865810262130424,-0.9865810262130424,-0.9865810262130424,0E-17,ELIGIBLE,R03b_20260811_FULL_v1,L1_ELIGIBILITY,v2026-08-11,2026-03-21..2026-08-06,baccarat_bet02_101_all_pairs_incl_sentinel,round_win = game_pnl > 0 (decisive only),COMPATIBILITY_ONLY_NOT_PRODUCTION,4902.0713,4435.9791,-62.3280,235,235,0.01271462,-0.27643441,0.02251787,0.01271462,62.3280,4902.0713,OK,0.0000,-2.4931,4.0000,96.0000,AG03-UNRESOLVED,ALL5_LEVELS_bet23_to_bet27,-2.4931,-2.4931,-2.4931,0.0000,0.0000,4.000000,4.000000,4.000000,0.000000,0.000000,96.000000,96.000000,96.000000,100.000000,100.000000,5.0,-7.4794,-7.1842,-54.8486,-55.1438,PENDING_AG03,FALSE,NOT_FOR_ENFORCEMENT,-59.8349,4258.5400,-62.3280,-59.8349,-2.4931,-0.01271462,-0.01220604,-2.4931,-59.8349,-0.01220604,-2.4931,-2.4931,-2.4931,0.0000,0.0000,-59.8349,-0.01220604,-7.4794,-7.1842,-54.8486,-55.1438,-0.01118887,-0.01124909,-0.00050858,20.8599,18.8765,-0.2652,-1.8887,-1.0053,148.5476,7.1212,8.9305,21.8494,7.9718,12.9089,21.3899,51.8914,64.8643,120.6478,12.8578,0.0,5.024778,9.346106,1.615931,19,48,32,2,0.03279202,-0.01271462,0.27643441,0E-8,0.000000,0.904919,0.000000,-0.29895229,2026-03-24,2026-08-05,33,62,61,135,0.244444,0.408729,0.428118,0.109307,,,,,,,,GLOBAL_BASELINE_NO_ENTITY_RANKING,,,NOT_APPLICABLE_GLOBAL_BASELINE,HF9g-P5,,,,X 全窗基线 · 不参与实体赏罚,3921665,393,A168_HF9F_20260827_0900,2026-08-27 09:00:00
2026-05-16,127405060,-1,1,70.5723626175,-6.3567017799,-6.3567017799,0.6000000,5,5,0.49860758000000000,0.498607580000,0.4534424453485946,0.4534424453485946,0.4534424453485946,0E-17,SENTINEL_DEALER,R03b_20260811_FULL_v1,L1_ELIGIBILITY,v2026-08-11,2026-03-21..2026-08-06,baccarat_bet02_101_all_pairs_incl_sentinel,round_win = game_pnl > 0 (decisive only),COMPATIBILITY_ONLY_NOT_PRODUCTION,4902.0713,4435.9791,-62.3280,235,235,0.01271462,-0.27643441,0.02251787,0.01271462,62.3280,4902.0713,OK,0.0000,-2.4931,4.0000,96.0000,AG03-UNRESOLVED,ALL5_LEVELS_bet23_to_bet27,-2.4931,-2.4931,-2.4931,0.0000,0.0000,4.000000,4.000000,4.000000,0.000000,0.000000,96.000000,96.000000,96.000000,100.000000,100.000000,5.0,-7.4794,-7.1842,-54.8486,-55.1438,PENDING_AG03,FALSE,NOT_FOR_ENFORCEMENT,-59.8349,4258.5400,-62.3280,-59.8349,-2.4931,-0.01271462,-0.01220604,-2.4931,-59.8349,-0.01220604,-2.4931,-2.4931,-2.4931,0.0000,0.0000,-59.8349,-0.01220604,-7.4794,-7.1842,-54.8486,-55.1438,-0.01118887,-0.01124909,-0.00050858,20.8599,18.8765,-0.2652,-1.8887,-1.0053,148.5476,7.1212,8.9305,21.8494,7.9718,12.9089,21.3899,51.8914,64.8643,120.6478,12.8578,0.0,5.024778,9.346106,1.615931,19,48,32,2,0.03279202,-0.01271462,0.27643441,0E-8,0.000000,0.904919,0.000000,-0.29895229,2026-03-24,2026-08-05,33,62,61,135,0.244444,0.408729,0.428118,0.109307,,,,,,,,GLOBAL_BASELINE_NO_ENTITY_RANKING,,,NOT_APPLICABLE_GLOBAL_BASELINE,HF9g-P5,,,,X 全窗基线 · 不参与实体赏罚,3921666,393,A168_HF9F_20260827_0900,2026-08-27 09:00:00
2026-05-16,127405060,1210,0,24.3889782575,-24.3889782575,-24.3889782575,0E-7,2,2,0.49994810000000000,0.499948100000,-1.4140667746232096,-1.4140667746232096,-1.4140667746232096,0E-17,ELIGIBLE,R03b_20260811_FULL_v1,L1_ELIGIBILITY,v2026-08-11,2026-03-21..2026-08-06,baccarat_bet02_101_all_pairs_incl_sentinel,round_win = game_pnl > 0 (decisive only),COMPATIBILITY_ONLY_NOT_PRODUCTION,4902.0713,4435.9791,-62.3280,235,235,0.01271462,-0.27643441,0.02251787,0.01271462,62.3280,4902.0713,OK,0.0000,-2.4931,4.0000,96.0000,AG03-UNRESOLVED,ALL5_LEVELS_bet23_to_bet27,-2.4931,-2.4931,-2.4931,0.0000,0.0000,4.000000,4.000000,4.000000,0.000000,0.000000,96.000000,96.000000,96.000000,100.000000,100.000000,5.0,-7.4794,-7.1842,-54.8486,-55.1438,PENDING_AG03,FALSE,NOT_FOR_ENFORCEMENT,-59.8349,4258.5400,-62.3280,-59.8349,-2.4931,-0.01271462,-0.01220604,-2.4931,-59.8349,-0.01220604,-2.4931,-2.4931,-2.4931,0.0000,0.0000,-59.8349,-0.01220604,-7.4794,-7.1842,-54.8486,-55.1438,-0.01118887,-0.01124909,-0.00050858,20.8599,18.8765,-0.2652,-1.8887,-1.0053,148.5476,7.1212,8.9305,21.8494,7.9718,12.9089,21.3899,51.8914,64.8643,120.6478,12.8578,0.0,5.024778,9.346106,1.615931,19,48,32,2,0.03279202,-0.01271462,0.27643441,0E-8,0.000000,0.904919,0.000000,-0.29895229,2026-03-24,2026-08-05,33,62,61,135,0.244444,0.408729,0.428118,0.109307,,,,,,,,GLOBAL_BASELINE_NO_ENTITY_RANKING,,,NOT_APPLICABLE_GLOBAL_BASELINE,HF9g-P5,,,,X 全窗基线 · 不参与实体赏罚,3921667,393,A168_HF9F_20260827_0900,2026-08-27 09:00:00
2026-05-16,127405060,2224,0,6.2269731721,6.2269731721,6.2269731721,1.0000000,1,1,0.49324550000000000,0.493245500000,1.01360149184955,1.01360149184955,1.01360149184955,0E-17,ELIGIBLE,R03b_20260811_FULL_v1,L1_ELIGIBILITY,v2026-08-11,2026-03-21..2026-08-06,baccarat_bet02_101_all_pairs_incl_sentinel,round_win = game_pnl > 0 (decisive only),COMPATIBILITY_ONLY_NOT_PRODUCTION,4902.0713,4435.9791,-62.3280,235,235,0.01271462,-0.27643441,0.02251787,0.01271462,62.3280,4902.0713,OK,0.0000,-2.4931,4.0000,96.0000,AG03-UNRESOLVED,ALL5_LEVELS_bet23_to_bet27,-2.4931,-2.4931,-2.4931,0.0000,0.0000,4.000000,4.000000,4.000000,0.000000,0.000000,96.000000,96.000000,96.000000,100.000000,100.000000,5.0,-7.4794,-7.1842,-54.8486,-55.1438,PENDING_AG03,FALSE,NOT_FOR_ENFORCEMENT,-59.8349,4258.5400,-62.3280,-59.8349,-2.4931,-0.01271462,-0.01220604,-2.4931,-59.8349,-0.01220604,-2.4931,-2.4931,-2.4931,0.0000,0.0000,-59.8349,-0.01220604,-7.4794,-7.1842,-54.8486,-55.1438,-0.01118887,-0.01124909,-0.00050858,20.8599,18.8765,-0.2652,-1.8887,-1.0053,148.5476,7.1212,8.9305,21.8494,7.9718,12.9089,21.3899,51.8914,64.8643,120.6478,12.8578,0.0,5.024778,9.346106,1.615931,19,48,32,2,0.03279202,-0.01271462,0.27643441,0E-8,0.000000,0.904919,0.000000,-0.29895229,2026-03-24,2026-08-05,33,62,61,135,0.244444,0.408729,0.428118,0.109307,,,,,,,,GLOBAL_BASELINE_NO_ENTITY_RANKING,,,NOT_APPLICABLE_GLOBAL_BASELINE,HF9g-P5,,,,X 全窗基线 · 不参与实体赏罚,3921668,393,A168_HF9F_20260827_0900,2026-08-27 09:00:00
2026-05-16,127405060,2262,0,12.4539463442,11.8312490270,11.8312490270,1.0000000,1,1,0.50665070000000000,0.506650700000,0.9867858985152569,0.9867858985152569,0.9867858985152569,0E-17,ELIGIBLE,R03b_20260811_FULL_v1,L1_ELIGIBILITY,v2026-08-11,2026-03-21..2026-08-06,baccarat_bet02_101_all_pairs_incl_sentinel,round_win = game_pnl > 0 (decisive only),COMPATIBILITY_ONLY_NOT_PRODUCTION,4902.0713,4435.9791,-62.3280,235,235,0.01271462,-0.27643441,0.02251787,0.01271462,62.3280,4902.0713,OK,0.0000,-2.4931,4.0000,96.0000,AG03-UNRESOLVED,ALL5_LEVELS_bet23_to_bet27,-2.4931,-2.4931,-2.4931,0.0000,0.0000,4.000000,4.000000,4.000000,0.000000,0.000000,96.000000,96.000000,96.000000,100.000000,100.000000,5.0,-7.4794,-7.1842,-54.8486,-55.1438,PENDING_AG03,FALSE,NOT_FOR_ENFORCEMENT,-59.8349,4258.5400,-62.3280,-59.8349,-2.4931,-0.01271462,-0.01220604,-2.4931,-59.8349,-0.01220604,-2.4931,-2.4931,-2.4931,0.0000,0.0000,-59.8349,-0.01220604,-7.4794,-7.1842,-54.8486,-55.1438,-0.01118887,-0.01124909,-0.00050858,20.8599,18.8765,-0.2652,-1.8887,-1.0053,148.5476,7.1212,8.9305,21.8494,7.9718,12.9089,21.3899,51.8914,64.8643,120.6478,12.8578,0.0,5.024778,9.346106,1.615931,19,48,32,2,0.03279202,-0.01271462,0.27643441,0E-8,0.000000,0.904919,0.000000,-0.29895229,2026-03-24,2026-08-05,33,62,61,135,0.244444,0.408729,0.428118,0.109307,,,,,,,,GLOBAL_BASELINE_NO_ENTITY_RANKING,,,NOT_APPLICABLE_GLOBAL_BASELINE,HF9g-P5,,,,X 全窗基线 · 不参与实体赏罚,3921669,393,A168_HF9F_20260827_0900,2026-08-27 09:00:00
2026-05-22,127405060,1205,0,46.7022987910,46.7022987910,46.7022987910,1.0000000,3,3,0.49324550000000000,0.493245500000,1.755609282511032,1.7556092825110319,1.755609282511032,0E-17,ELIGIBLE,R03b_20260811_FULL_v1,L1_ELIGIBILITY,v2026-08-11,2026-03-21..2026-08-06,baccarat_bet02_101_all_pairs_incl_sentinel,round_win = game_pnl > 0 (decisive only),COMPATIBILITY_ONLY_NOT_PRODUCTION,4902.0713,4435.9791,-62.3280,235,235,0.01271462,-0.27643441,0.02251787,0.01271462,62.3280,4902.0713,OK,0.0000,-2.4931,4.0000,96.0000,AG03-UNRESOLVED,ALL5_LEVELS_bet23_to_bet27,-2.4931,-2.4931,-2.4931,0.0000,0.0000,4.000000,4.000000,4.000000,0.000000,0.000000,96.000000,96.000000,96.000000,100.000000,100.000000,5.0,-7.4794,-7.1842,-54.8486,-55.1438,PENDING_AG03,FALSE,NOT_FOR_ENFORCEMENT,-59.8349,4258.5400,-62.3280,-59.8349,-2.4931,-0.01271462,-0.01220604,-2.4931,-59.8349,-0.01220604,-2.4931,-2.4931,-2.4931,0.0000,0.0000,-59.8349,-0.01220604,-7.4794,-7.1842,-54.8486,-55.1438,-0.01118887,-0.01124909,-0.00050858,20.8599,18.8765,-0.2652,-1.8887,-1.0053,148.5476,7.1212,8.9305,21.8494,7.9718,12.9089,21.3899,51.8914,64.8643,120.6478,12.8578,0.0,5.024778,9.346106,1.615931,19,48,32,2,0.03279202,-0.01271462,0.27643441,0E-8,0.000000,0.904919,0.000000,-0.29895229,2026-03-24,2026-08-05,33,62,61,135,0.244444,0.408729,0.428118,0.109307,,,,,,,,GLOBAL_BASELINE_NO_ENTITY_RANKING,,,NOT_APPLICABLE_GLOBAL_BASELINE,HF9g-P5,,,,X 全窗基线 · 不参与实体赏罚,3921670,393,A168_HF9F_20260827_0900,2026-08-27 09:00:00
2026-05-22,127405060,1623,0,9.3404597582,-9.3404597582,-9.3404597582,0E-7,1,1,0.49324550000000000,0.493245500000,-0.9865810262130424,-0.9865810262130424,-0.9865810262130424,0E-17,ELIGIBLE,R03b_20260811_FULL_v1,L1_ELIGIBILITY,v2026-08-11,2026-03-21..2026-08-06,baccarat_bet02_101_all_pairs_incl_sentinel,round_win = game_pnl > 0 (decisive only),COMPATIBILITY_ONLY_NOT_PRODUCTION,4902.0713,4435.9791,-62.3280,235,235,0.01271462,-0.27643441,0.02251787,0.01271462,62.3280,4902.0713,OK,0.0000,-2.4931,4.0000,96.0000,AG03-UNRESOLVED,ALL5_LEVELS_bet23_to_bet27,-2.4931,-2.4931,-2.4931,0.0000,0.0000,4.000000,4.000000,4.000000,0.000000,0.000000,96.000000,96.000000,96.000000,100.000000,100.000000,5.0,-7.4794,-7.1842,-54.8486,-55.1438,PENDING_AG03,FALSE,NOT_FOR_ENFORCEMENT,-59.8349,4258.5400,-62.3280,-59.8349,-2.4931,-0.01271462,-0.01220604,-2.4931,-59.8349,-0.01220604,-2.4931,-2.4931,-2.4931,0.0000,0.0000,-59.8349,-0.01220604,-7.4794,-7.1842,-54.8486,-55.1438,-0.01118887,-0.01124909,-0.00050858,20.8599,18.8765,-0.2652,-1.8887,-1.0053,148.5476,7.1212,8.9305,21.8494,7.9718,12.9089,21.3899,51.8914,64.8643,120.6478,12.8578,0.0,5.024778,9.346106,1.615931,19,48,32,2,0.03279202,-0.01271462,0.27643441,0E-8,0.000000,0.904919,0.000000,-0.29895229,2026-03-24,2026-08-05,33,62,61,135,0.244444,0.408729,0.428118,0.109307,,,,,,,,GLOBAL_BASELINE_NO_ENTITY_RANKING,,,NOT_APPLICABLE_GLOBAL_BASELINE,HF9g-P5,,,,X 全窗基线 · 不参与实体赏罚,3921671,393,A168_HF9F_20260827_0900,2026-08-27 09:00:00
2026-05-22,127405060,2152,0,137.5123242178,46.5725701832,46.5725701832,0.6666667,6,6,0.50218230000000000,0.502182300000,0.8058132132962729,0.8058132132962729,0.8058132132962729,0E-17,ELIGIBLE,R03b_20260811_FULL_v1,L1_ELIGIBILITY,v2026-08-11,2026-03-21..2026-08-06,baccarat_bet02_101_all_pairs_incl_sentinel,round_win = game_pnl > 0 (decisive only),COMPATIBILITY_ONLY_NOT_PRODUCTION,4902.0713,4435.9791,-62.3280,235,235,0.01271462,-0.27643441,0.02251787,0.01271462,62.3280,4902.0713,OK,0.0000,-2.4931,4.0000,96.0000,AG03-UNRESOLVED,ALL5_LEVELS_bet23_to_bet27,-2.4931,-2.4931,-2.4931,0.0000,0.0000,4.000000,4.000000,4.000000,0.000000,0.000000,96.000000,96.000000,96.000000,100.000000,100.000000,5.0,-7.4794,-7.1842,-54.8486,-55.1438,PENDING_AG03,FALSE,NOT_FOR_ENFORCEMENT,-59.8349,4258.5400,-62.3280,-59.8349,-2.4931,-0.01271462,-0.01220604,-2.4931,-59.8349,-0.01220604,-2.4931,-2.4931,-2.4931,0.0000,0.0000,-59.8349,-0.01220604,-7.4794,-7.1842,-54.8486,-55.1438,-0.01118887,-0.01124909,-0.00050858,20.8599,18.8765,-0.2652,-1.8887,-1.0053,148.5476,7.1212,8.9305,21.8494,7.9718,12.9089,21.3899,51.8914,64.8643,120.6478,12.8578,0.0,5.024778,9.346106,1.615931,19,48,32,2,0.03279202,-0.01271462,0.27643441,0E-8,0.000000,0.904919,0.000000,-0.29895229,2026-03-24,2026-08-05,33,62,61,135,0.244444,0.408729,0.428118,0.109307,,,,,,,,GLOBAL_BASELINE_NO_ENTITY_RANKING,,,NOT_APPLICABLE_GLOBAL_BASELINE,HF9g-P5,,,,X 全窗基线 · 不参与实体赏罚,3921672,393,A168_HF9F_20260827_0900,2026-08-27 09:00:00
2026-05-22,127405060,970,0,62.7886461523,17.1501219449,17.1501219449,0.7500000,5,5,0.50128862000000000,0.501288620000,0.9948488239810122,0.9948488239810122,0.9948488239810122,0E-17,ELIGIBLE,R03b_20260811_FULL_v1,L1_ELIGIBILITY,v2026-08-11,2026-03-21..2026-08-06,baccarat_bet02_101_all_pairs_incl_sentinel,round_win = game_pnl > 0 (decisive only),COMPATIBILITY_ONLY_NOT_PRODUCTION,4902.0713,4435.9791,-62.3280,235,235,0.01271462,-0.27643441,0.02251787,0.01271462,62.3280,4902.0713,OK,0.0000,-2.4931,4.0000,96.0000,AG03-UNRESOLVED,ALL5_LEVELS_bet23_to_bet27,-2.4931,-2.4931,-2.4931,0.0000,0.0000,4.000000,4.000000,4.000000,0.000000,0.000000,96.000000,96.000000,96.000000,100.000000,100.000000,5.0,-7.4794,-7.1842,-54.8486,-55.1438,PENDING_AG03,FALSE,NOT_FOR_ENFORCEMENT,-59.8349,4258.5400,-62.3280,-59.8349,-2.4931,-0.01271462,-0.01220604,-2.4931,-59.8349,-0.01220604,-2.4931,-2.4931,-2.4931,0.0000,0.0000,-59.8349,-0.01220604,-7.4794,-7.1842,-54.8486,-55.1438,-0.01118887,-0.01124909,-0.00050858,20.8599,18.8765,-0.2652,-1.8887,-1.0053,148.5476,7.1212,8.9305,21.8494,7.9718,12.9089,21.3899,51.8914,64.8643,120.6478,12.8578,0.0,5.024778,9.346106,1.615931,19,48,32,2,0.03279202,-0.01271462,0.27643441,0E-8,0.000000,0.904919,0.000000,-0.29895229,2026-03-24,2026-08-05,33,62,61,135,0.244444,0.408729,0.428118,0.109307,,,,,,,,GLOBAL_BASELINE_NO_ENTITY_RANKING,,,NOT_APPLICABLE_GLOBAL_BASELINE,HF9g-P5,,,,X 全窗基线 · 不参与实体赏罚,3921673,393,A168_HF9F_20260827_0900,2026-08-27 09:00:00
2026-05-27,127405060,2218,0,6.4864303876,-6.4864303876,-6.4864303876,0E-7,1,1,0.49324550000000000,0.493245500000,-0.9865810262130424,-0.9865810262130424,-0.9865810262130424,0E-17,ELIGIBLE,R03b_20260811_FULL_v1,L1_ELIGIBILITY,v2026-08-11,2026-03-21..2026-08-06,baccarat_bet02_101_all_pairs_incl_sentinel,round_win = game_pnl > 0 (decisive only),COMPATIBILITY_ONLY_NOT_PRODUCTION,4902.0713,4435.9791,-62.3280,235,235,0.01271462,-0.27643441,0.02251787,0.01271462,62.3280,4902.0713,OK,0.0000,-2.4931,4.0000,96.0000,AG03-UNRESOLVED,ALL5_LEVELS_bet23_to_bet27,-2.4931,-2.4931,-2.4931,0.0000,0.0000,4.000000,4.000000,4.000000,0.000000,0.000000,96.000000,96.000000,96.000000,100.000000,100.000000,5.0,-7.4794,-7.1842,-54.8486,-55.1438,PENDING_AG03,FALSE,NOT_FOR_ENFORCEMENT,-59.8349,4258.5400,-62.3280,-59.8349,-2.4931,-0.01271462,-0.01220604,-2.4931,-59.8349,-0.01220604,-2.4931,-2.4931,-2.4931,0.0000,0.0000,-59.8349,-0.01220604,-7.4794,-7.1842,-54.8486,-55.1438,-0.01118887,-0.01124909,-0.00050858,20.8599,18.8765,-0.2652,-1.8887,-1.0053,148.5476,7.1212,8.9305,21.8494,7.9718,12.9089,21.3899,51.8914,64.8643,120.6478,12.8578,0.0,5.024778,9.346106,1.615931,19,48,32,2,0.03279202,-0.01271462,0.27643441,0E-8,0.000000,0.904919,0.000000,-0.29895229,2026-03-24,2026-08-05,33,62,61,135,0.244444,0.408729,0.428118,0.109307,,,,,,,,GLOBAL_BASELINE_NO_ENTITY_RANKING,,,NOT_APPLICABLE_GLOBAL_BASELINE,HF9g-P5,,,,X 全窗基线 · 不参与实体赏罚,3921674,393,A168_HF9F_20260827_0900,2026-08-27 09:00:00
2026-05-29,127405060,2224,0,8.5620881117,-8.5620881117,-8.5620881117,0E-7,1,1,0.49324550000000000,0.493245500000,-0.9865810262130424,-0.9865810262130424,-0.9865810262130424,0E-17,ELIGIBLE,R03b_20260811_FULL_v1,L1_ELIGIBILITY,v2026-08-11,2026-03-21..2026-08-06,baccarat_bet02_101_all_pairs_incl_sentinel,round_win = game_pnl > 0 (decisive only),COMPATIBILITY_ONLY_NOT_PRODUCTION,4902.0713,4435.9791,-62.3280,235,235,0.01271462,-0.27643441,0.02251787,0.01271462,62.3280,4902.0713,OK,0.0000,-2.4931,4.0000,96.0000,AG03-UNRESOLVED,ALL5_LEVELS_bet23_to_bet27,-2.4931,-2.4931,-2.4931,0.0000,0.0000,4.000000,4.000000,4.000000,0.000000,0.000000,96.000000,96.000000,96.000000,100.000000,100.000000,5.0,-7.4794,-7.1842,-54.8486,-55.1438,PENDING_AG03,FALSE,NOT_FOR_ENFORCEMENT,-59.8349,4258.5400,-62.3280,-59.8349,-2.4931,-0.01271462,-0.01220604,-2.4931,-59.8349,-0.01220604,-2.4931,-2.4931,-2.4931,0.0000,0.0000,-59.8349,-0.01220604,-7.4794,-7.1842,-54.8486,-55.1438,-0.01118887,-0.01124909,-0.00050858,20.8599,18.8765,-0.2652,-1.8887,-1.0053,148.5476,7.1212,8.9305,21.8494,7.9718,12.9089,21.3899,51.8914,64.8643,120.6478,12.8578,0.0,5.024778,9.346106,1.615931,19,48,32,2,0.03279202,-0.01271462,0.27643441,0E-8,0.000000,0.904919,0.000000,-0.29895229,2026-03-24,2026-08-05,33,62,61,135,0.244444,0.408729,0.428118,0.109307,,,,,,,,GLOBAL_BASELINE_NO_ENTITY_RANKING,,,NOT_APPLICABLE_GLOBAL_BASELINE,HF9g-P5,,,,X 全窗基线 · 不参与实体赏罚,3921675,393,A168_HF9F_20260827_0900,2026-08-27 09:00:00
2026-05-30,127405060,2088,0,14.7890612838,14.0496082196,14.0496082196,1.0000000,1,1,0.50665070000000000,0.506650700000,0.9867858985152569,0.9867858985152569,0.9867858985152569,0E-17,ELIGIBLE,R03b_20260811_FULL_v1,L1_ELIGIBILITY,v2026-08-11,2026-03-21..2026-08-06,baccarat_bet02_101_all_pairs_incl_sentinel,round_win = game_pnl > 0 (decisive only),COMPATIBILITY_ONLY_NOT_PRODUCTION,4902.0713,4435.9791,-62.3280,235,235,0.01271462,-0.27643441,0.02251787,0.01271462,62.3280,4902.0713,OK,0.0000,-2.4931,4.0000,96.0000,AG03-UNRESOLVED,ALL5_LEVELS_bet23_to_bet27,-2.4931,-2.4931,-2.4931,0.0000,0.0000,4.000000,4.000000,4.000000,0.000000,0.000000,96.000000,96.000000,96.000000,100.000000,100.000000,5.0,-7.4794,-7.1842,-54.8486,-55.1438,PENDING_AG03,FALSE,NOT_FOR_ENFORCEMENT,-59.8349,4258.5400,-62.3280,-59.8349,-2.4931,-0.01271462,-0.01220604,-2.4931,-59.8349,-0.01220604,-2.4931,-2.4931,-2.4931,0.0000,0.0000,-59.8349,-0.01220604,-7.4794,-7.1842,-54.8486,-55.1438,-0.01118887,-0.01124909,-0.00050858,20.8599,18.8765,-0.2652,-1.8887,-1.0053,148.5476,7.1212,8.9305,21.8494,7.9718,12.9089,21.3899,51.8914,64.8643,120.6478,12.8578,0.0,5.024778,9.346106,1.615931,19,48,32,2,0.03279202,-0.01271462,0.27643441,0E-8,0.000000,0.904919,0.000000,-0.29895229,2026-03-24,2026-08-05,33,62,61,135,0.244444,0.408729,0.428118,0.109307,,,,,,,,GLOBAL_BASELINE_NO_ENTITY_RANKING,,,NOT_APPLICABLE_GLOBAL_BASELINE,HF9g-P5,,,,X 全窗基线 · 不参与实体赏罚,3921676,393,A168_HF9F_20260827_0900,2026-08-27 09:00:00
2026-05-30,127405060,2222,0,41.5131544809,15.5674329303,15.5674329303,0.6666667,3,3,0.49324550000000000,0.493245500000,0.6008033672792107,0.6008033672792106,0.6008033672792107,0E-17,ELIGIBLE,R03b_20260811_FULL_v1,L1_ELIGIBILITY,v2026-08-11,2026-03-21..2026-08-06,baccarat_bet02_101_all_pairs_incl_sentinel,round_win = game_pnl > 0 (decisive only),COMPATIBILITY_ONLY_NOT_PRODUCTION,4902.0713,4435.9791,-62.3280,235,235,0.01271462,-0.27643441,0.02251787,0.01271462,62.3280,4902.0713,OK,0.0000,-2.4931,4.0000,96.0000,AG03-UNRESOLVED,ALL5_LEVELS_bet23_to_bet27,-2.4931,-2.4931,-2.4931,0.0000,0.0000,4.000000,4.000000,4.000000,0.000000,0.000000,96.000000,96.000000,96.000000,100.000000,100.000000,5.0,-7.4794,-7.1842,-54.8486,-55.1438,PENDING_AG03,FALSE,NOT_FOR_ENFORCEMENT,-59.8349,4258.5400,-62.3280,-59.8349,-2.4931,-0.01271462,-0.01220604,-2.4931,-59.8349,-0.01220604,-2.4931,-2.4931,-2.4931,0.0000,0.0000,-59.8349,-0.01220604,-7.4794,-7.1842,-54.8486,-55.1438,-0.01118887,-0.01124909,-0.00050858,20.8599,18.8765,-0.2652,-1.8887,-1.0053,148.5476,7.1212,8.9305,21.8494,7.9718,12.9089,21.3899,51.8914,64.8643,120.6478,12.8578,0.0,5.024778,9.346106,1.615931,19,48,32,2,0.03279202,-0.01271462,0.27643441,0E-8,0.000000,0.904919,0.000000,-0.29895229,2026-03-24,2026-08-05,33,62,61,135,0.244444,0.408729,0.428118,0.109307,,,,,,,,GLOBAL_BASELINE_NO_ENTITY_RANKING,,,NOT_APPLICABLE_GLOBAL_BASELINE,HF9g-P5,,,,X 全窗基线 · 不参与实体赏罚,3921677,393,A168_HF9F_20260827_0900,2026-08-27 09:00:00
2026-05-30,127405060,2223,0,49.2968709460,48.1293134762,48.1293134762,1.0000000,4,4,0.49994810000000000,0.499948100000,2.0002076107755586,2.0002076107755586,2.0002076107755586,0E-17,ELIGIBLE,R03b_20260811_FULL_v1,L1_ELIGIBILITY,v2026-08-11,2026-03-21..2026-08-06,baccarat_bet02_101_all_pairs_incl_sentinel,round_win = game_pnl > 0 (decisive only),COMPATIBILITY_ONLY_NOT_PRODUCTION,4902.0713,4435.9791,-62.3280,235,235,0.01271462,-0.27643441,0.02251787,0.01271462,62.3280,4902.0713,OK,0.0000,-2.4931,4.0000,96.0000,AG03-UNRESOLVED,ALL5_LEVELS_bet23_to_bet27,-2.4931,-2.4931,-2.4931,0.0000,0.0000,4.000000,4.000000,4.000000,0.000000,0.000000,96.000000,96.000000,96.000000,100.000000,100.000000,5.0,-7.4794,-7.1842,-54.8486,-55.1438,PENDING_AG03,FALSE,NOT_FOR_ENFORCEMENT,-59.8349,4258.5400,-62.3280,-59.8349,-2.4931,-0.01271462,-0.01220604,-2.4931,-59.8349,-0.01220604,-2.4931,-2.4931,-2.4931,0.0000,0.0000,-59.8349,-0.01220604,-7.4794,-7.1842,-54.8486,-55.1438,-0.01118887,-0.01124909,-0.00050858,20.8599,18.8765,-0.2652,-1.8887,-1.0053,148.5476,7.1212,8.9305,21.8494,7.9718,12.9089,21.3899,51.8914,64.8643,120.6478,12.8578,0.0,5.024778,9.346106,1.615931,19,48,32,2,0.03279202,-0.01271462,0.27643441,0E-8,0.000000,0.904919,0.000000,-0.29895229,2026-03-24,2026-08-05,33,62,61,135,0.244444,0.408729,0.428118,0.109307,,,,,,,,GLOBAL_BASELINE_NO_ENTITY_RANKING,,,NOT_APPLICABLE_GLOBAL_BASELINE,HF9g-P5,,,,X 全窗基线 · 不参与实体赏罚,3921678,393,A168_HF9F_20260827_0900,2026-08-27 09:00:00
2026-05-30,127405060,2229,0,28.7997509211,-28.7997509211,-28.7997509211,0E-7,2,2,0.50665070000000000,0.506650700000,-1.4331513700195317,-1.4331513700195317,-1.4331513700195317,0E-17,ELIGIBLE,R03b_20260811_FULL_v1,L1_ELIGIBILITY,v2026-08-11,2026-03-21..2026-08-06,baccarat_bet02_101_all_pairs_incl_sentinel,round_win = game_pnl > 0 (decisive only),COMPATIBILITY_ONLY_NOT_PRODUCTION,4902.0713,4435.9791,-62.3280,235,235,0.01271462,-0.27643441,0.02251787,0.01271462,62.3280,4902.0713,OK,0.0000,-2.4931,4.0000,96.0000,AG03-UNRESOLVED,ALL5_LEVELS_bet23_to_bet27,-2.4931,-2.4931,-2.4931,0.0000,0.0000,4.000000,4.000000,4.000000,0.000000,0.000000,96.000000,96.000000,96.000000,100.000000,100.000000,5.0,-7.4794,-7.1842,-54.8486,-55.1438,PENDING_AG03,FALSE,NOT_FOR_ENFORCEMENT,-59.8349,4258.5400,-62.3280,-59.8349,-2.4931,-0.01271462,-0.01220604,-2.4931,-59.8349,-0.01220604,-2.4931,-2.4931,-2.4931,0.0000,0.0000,-59.8349,-0.01220604,-7.4794,-7.1842,-54.8486,-55.1438,-0.01118887,-0.01124909,-0.00050858,20.8599,18.8765,-0.2652,-1.8887,-1.0053,148.5476,7.1212,8.9305,21.8494,7.9718,12.9089,21.3899,51.8914,64.8643,120.6478,12.8578,0.0,5.024778,9.346106,1.615931,19,48,32,2,0.03279202,-0.01271462,0.27643441,0E-8,0.000000,0.904919,0.000000,-0.29895229,2026-03-24,2026-08-05,33,62,61,135,0.244444,0.408729,0.428118,0.109307,,,,,,,,GLOBAL_BASELINE_NO_ENTITY_RANKING,,,NOT_APPLICABLE_GLOBAL_BASELINE,HF9g-P5,,,,X 全窗基线 · 不参与实体赏罚,3921679,393,A168_HF9F_20260827_0900,2026-08-27 09:00:00
2026-06-02,127405060,1330,0,654.4603595033,-141.0497081289,-141.0497081289,0.3888889,19,19,0.49888979473684211,0.498889794737,-0.9333909384565364,-0.9333909384578756,-0.9333909384565364,-1.5789E-13,ELIGIBLE,R03b_20260811_FULL_v1,L1_ELIGIBILITY,v2026-08-11,2026-03-21..2026-08-06,baccarat_bet02_101_all_pairs_incl_sentinel,round_win = game_pnl > 0 (decisive only),COMPATIBILITY_ONLY_NOT_PRODUCTION,4902.0713,4435.9791,-62.3280,235,235,0.01271462,-0.27643441,0.02251787,0.01271462,62.3280,4902.0713,OK,0.0000,-2.4931,4.0000,96.0000,AG03-UNRESOLVED,ALL5_LEVELS_bet23_to_bet27,-2.4931,-2.4931,-2.4931,0.0000,0.0000,4.000000,4.000000,4.000000,0.000000,0.000000,96.000000,96.000000,96.000000,100.000000,100.000000,5.0,-7.4794,-7.1842,-54.8486,-55.1438,PENDING_AG03,FALSE,NOT_FOR_ENFORCEMENT,-59.8349,4258.5400,-62.3280,-59.8349,-2.4931,-0.01271462,-0.01220604,-2.4931,-59.8349,-0.01220604,-2.4931,-2.4931,-2.4931,0.0000,0.0000,-59.8349,-0.01220604,-7.4794,-7.1842,-54.8486,-55.1438,-0.01118887,-0.01124909,-0.00050858,20.8599,18.8765,-0.2652,-1.8887,-1.0053,148.5476,7.1212,8.9305,21.8494,7.9718,12.9089,21.3899,51.8914,64.8643,120.6478,12.8578,0.0,5.024778,9.346106,1.615931,19,48,32,2,0.03279202,-0.01271462,0.27643441,0E-8,0.000000,0.904919,0.000000,-0.29895229,2026-03-24,2026-08-05,33,62,61,135,0.244444,0.408729,0.428118,0.109307,,,,,,,,GLOBAL_BASELINE_NO_ENTITY_RANKING,,,NOT_APPLICABLE_GLOBAL_BASELINE,HF9g-P5,,,,X 全窗基线 · 不参与实体赏罚,3921680,393,A168_HF9F_20260827_0900,2026-08-27 09:00:00
2026-06-02,127405060,1505,0,128.8348291202,99.6476971738,99.6476971738,0.8888889,9,9,0.50069283333333333,0.500692833333,2.3291785694298133,2.3291785694318112,2.3291785694298133,3.3333E-13,ELIGIBLE,R03b_20260811_FULL_v1,L1_ELIGIBILITY,v2026-08-11,2026-03-21..2026-08-06,baccarat_bet02_101_all_pairs_incl_sentinel,round_win = game_pnl > 0 (decisive only),COMPATIBILITY_ONLY_NOT_PRODUCTION,4902.0713,4435.9791,-62.3280,235,235,0.01271462,-0.27643441,0.02251787,0.01271462,62.3280,4902.0713,OK,0.0000,-2.4931,4.0000,96.0000,AG03-UNRESOLVED,ALL5_LEVELS_bet23_to_bet27,-2.4931,-2.4931,-2.4931,0.0000,0.0000,4.000000,4.000000,4.000000,0.000000,0.000000,96.000000,96.000000,96.000000,100.000000,100.000000,5.0,-7.4794,-7.1842,-54.8486,-55.1438,PENDING_AG03,FALSE,NOT_FOR_ENFORCEMENT,-59.8349,4258.5400,-62.3280,-59.8349,-2.4931,-0.01271462,-0.01220604,-2.4931,-59.8349,-0.01220604,-2.4931,-2.4931,-2.4931,0.0000,0.0000,-59.8349,-0.01220604,-7.4794,-7.1842,-54.8486,-55.1438,-0.01118887,-0.01124909,-0.00050858,20.8599,18.8765,-0.2652,-1.8887,-1.0053,148.5476,7.1212,8.9305,21.8494,7.9718,12.9089,21.3899,51.8914,64.8643,120.6478,12.8578,0.0,5.024778,9.346106,1.615931,19,48,32,2,0.03279202,-0.01271462,0.27643441,0E-8,0.000000,0.904919,0.000000,-0.29895229,2026-03-24,2026-08-05,33,62,61,135,0.244444,0.408729,0.428118,0.109307,,,,,,,,GLOBAL_BASELINE_NO_ENTITY_RANKING,,,NOT_APPLICABLE_GLOBAL_BASELINE,HF9g-P5,,,,X 全窗基线 · 不参与实体赏罚,3921681,393,A168_HF9F_20260827_0900,2026-08-27 09:00:00
2026-06-02,127405060,919,0,28.5442435776,2.4301180343,2.4301180343,0.5000000,4,4,0.49659680000000000,0.496596800000,0.013613115331600182,0.013613115331600183,0.013613115331600182,0E-17,ELIGIBLE,R03b_20260811_FULL_v1,L1_ELIGIBILITY,v2026-08-11,2026-03-21..2026-08-06,baccarat_bet02_101_all_pairs_incl_sentinel,round_win = game_pnl > 0 (decisive only),COMPATIBILITY_ONLY_NOT_PRODUCTION,4902.0713,4435.9791,-62.3280,235,235,0.01271462,-0.27643441,0.02251787,0.01271462,62.3280,4902.0713,OK,0.0000,-2.4931,4.0000,96.0000,AG03-UNRESOLVED,ALL5_LEVELS_bet23_to_bet27,-2.4931,-2.4931,-2.4931,0.0000,0.0000,4.000000,4.000000,4.000000,0.000000,0.000000,96.000000,96.000000,96.000000,100.000000,100.000000,5.0,-7.4794,-7.1842,-54.8486,-55.1438,PENDING_AG03,FALSE,NOT_FOR_ENFORCEMENT,-59.8349,4258.5400,-62.3280,-59.8349,-2.4931,-0.01271462,-0.01220604,-2.4931,-59.8349,-0.01220604,-2.4931,-2.4931,-2.4931,0.0000,0.0000,-59.8349,-0.01220604,-7.4794,-7.1842,-54.8486,-55.1438,-0.01118887,-0.01124909,-0.00050858,20.8599,18.8765,-0.2652,-1.8887,-1.0053,148.5476,7.1212,8.9305,21.8494,7.9718,12.9089,21.3899,51.8914,64.8643,120.6478,12.8578,0.0,5.024778,9.346106,1.615931,19,48,32,2,0.03279202,-0.01271462,0.27643441,0E-8,0.000000,0.904919,0.000000,-0.29895229,2026-03-24,2026-08-05,33,62,61,135,0.244444,0.408729,0.428118,0.109307,,,,,,,,GLOBAL_BASELINE_NO_ENTITY_RANKING,,,NOT_APPLICABLE_GLOBAL_BASELINE,HF9g-P5,,,,X 全窗基线 · 不参与实体赏罚,3921682,393,A168_HF9F_20260827_0900,2026-08-27 09:00:00
2026-06-03,127405060,1307,0,114.1769743102,-17.6151413068,-17.6151413068,0.5000000,6,6,0.49994810000000000,0.499948100000,0.00025425703667063243,0.00025425703667063243,0.00025425703667063243,0E-17,ELIGIBLE,R03b_20260811_FULL_v1,L1_ELIGIBILITY,v2026-08-11,2026-03-21..2026-08-06,baccarat_bet02_101_all_pairs_incl_sentinel,round_win = game_pnl > 0 (decisive only),COMPATIBILITY_ONLY_NOT_PRODUCTION,4902.0713,4435.9791,-62.3280,235,235,0.01271462,-0.27643441,0.02251787,0.01271462,62.3280,4902.0713,OK,0.0000,-2.4931,4.0000,96.0000,AG03-UNRESOLVED,ALL5_LEVELS_bet23_to_bet27,-2.4931,-2.4931,-2.4931,0.0000,0.0000,4.000000,4.000000,4.000000,0.000000,0.000000,96.000000,96.000000,96.000000,100.000000,100.000000,5.0,-7.4794,-7.1842,-54.8486,-55.1438,PENDING_AG03,FALSE,NOT_FOR_ENFORCEMENT,-59.8349,4258.5400,-62.3280,-59.8349,-2.4931,-0.01271462,-0.01220604,-2.4931,-59.8349,-0.01220604,-2.4931,-2.4931,-2.4931,0.0000,0.0000,-59.8349,-0.01220604,-7.4794,-7.1842,-54.8486,-55.1438,-0.01118887,-0.01124909,-0.00050858,20.8599,18.8765,-0.2652,-1.8887,-1.0053,148.5476,7.1212,8.9305,21.8494,7.9718,12.9089,21.3899,51.8914,64.8643,120.6478,12.8578,0.0,5.024778,9.346106,1.615931,19,48,32,2,0.03279202,-0.01271462,0.27643441,0E-8,0.000000,0.904919,0.000000,-0.29895229,2026-03-24,2026-08-05,33,62,61,135,0.244444,0.408729,0.428118,0.109307,,,,,,,,GLOBAL_BASELINE_NO_ENTITY_RANKING,,,NOT_APPLICABLE_GLOBAL_BASELINE,HF9g-P5,,,,X 全窗基线 · 不参与实体赏罚,3921683,393,A168_HF9F_20260827_0900,2026-08-27 09:00:00
2026-06-03,127405060,1325,0,28.8013989251,13.3720780723,13.3720780723,0.7500000,4,4,0.49659680000000000,0.496596800000,1.0136362796769356,1.0136362796769358,1.0136362796769356,0E-17,ELIGIBLE,R03b_20260811_FULL_v1,L1_ELIGIBILITY,v2026-08-11,2026-03-21..2026-08-06,baccarat_bet02_101_all_pairs_incl_sentinel,round_win = game_pnl > 0 (decisive only),COMPATIBILITY_ONLY_NOT_PRODUCTION,4902.0713,4435.9791,-62.3280,235,235,0.01271462,-0.27643441,0.02251787,0.01271462,62.3280,4902.0713,OK,0.0000,-2.4931,4.0000,96.0000,AG03-UNRESOLVED,ALL5_LEVELS_bet23_to_bet27,-2.4931,-2.4931,-2.4931,0.0000,0.0000,4.000000,4.000000,4.000000,0.000000,0.000000,96.000000,96.000000,96.000000,100.000000,100.000000,5.0,-7.4794,-7.1842,-54.8486,-55.1438,PENDING_AG03,FALSE,NOT_FOR_ENFORCEMENT,-59.8349,4258.5400,-62.3280,-59.8349,-2.4931,-0.01271462,-0.01220604,-2.4931,-59.8349,-0.01220604,-2.4931,-2.4931,-2.4931,0.0000,0.0000,-59.8349,-0.01220604,-7.4794,-7.1842,-54.8486,-55.1438,-0.01118887,-0.01124909,-0.00050858,20.8599,18.8765,-0.2652,-1.8887,-1.0053,148.5476,7.1212,8.9305,21.8494,7.9718,12.9089,21.3899,51.8914,64.8643,120.6478,12.8578,0.0,5.024778,9.346106,1.615931,19,48,32,2,0.03279202,-0.01271462,0.27643441,0E-8,0.000000,0.904919,0.000000,-0.29895229,2026-03-24,2026-08-05,33,62,61,135,0.244444,0.408729,0.428118,0.109307,,,,,,,,GLOBAL_BASELINE_NO_ENTITY_RANKING,,,NOT_APPLICABLE_GLOBAL_BASELINE,HF9g-P5,,,,X 全窗基线 · 不参与实体赏罚,3921684,393,A168_HF9F_20260827_0900,2026-08-27 09:00:00
2026-06-06,127405060,2134,0,49.3738267288,-12.7291897035,-12.7291897035,0.5000000,5,5,0.49860758000000000,0.498607580000,0.005569701597489473,0.005569701597489473,0.005569701597489473,0E-17,ELIGIBLE,R03b_20260811_FULL_v1,L1_ELIGIBILITY,v2026-08-11,2026-03-21..2026-08-06,baccarat_bet02_101_all_pairs_incl_sentinel,round_win = game_pnl > 0 (decisive only),COMPATIBILITY_ONLY_NOT_PRODUCTION,4902.0713,4435.9791,-62.3280,235,235,0.01271462,-0.27643441,0.02251787,0.01271462,62.3280,4902.0713,OK,0.0000,-2.4931,4.0000,96.0000,AG03-UNRESOLVED,ALL5_LEVELS_bet23_to_bet27,-2.4931,-2.4931,-2.4931,0.0000,0.0000,4.000000,4.000000,4.000000,0.000000,0.000000,96.000000,96.000000,96.000000,100.000000,100.000000,5.0,-7.4794,-7.1842,-54.8486,-55.1438,PENDING_AG03,FALSE,NOT_FOR_ENFORCEMENT,-59.8349,4258.5400,-62.3280,-59.8349,-2.4931,-0.01271462,-0.01220604,-2.4931,-59.8349,-0.01220604,-2.4931,-2.4931,-2.4931,0.0000,0.0000,-59.8349,-0.01220604,-7.4794,-7.1842,-54.8486,-55.1438,-0.01118887,-0.01124909,-0.00050858,20.8599,18.8765,-0.2652,-1.8887,-1.0053,148.5476,7.1212,8.9305,21.8494,7.9718,12.9089,21.3899,51.8914,64.8643,120.6478,12.8578,0.0,5.024778,9.346106,1.615931,19,48,32,2,0.03279202,-0.01271462,0.27643441,0E-8,0.000000,0.904919,0.000000,-0.29895229,2026-03-24,2026-08-05,33,62,61,135,0.244444,0.408729,0.428118,0.109307,,,,,,,,GLOBAL_BASELINE_NO_ENTITY_RANKING,,,NOT_APPLICABLE_GLOBAL_BASELINE,HF9g-P5,,,,X 全窗基线 · 不参与实体赏罚,3921685,393,A168_HF9F_20260827_0900,2026-08-27 09:00:00
2026-06-07,127405060,1318,0,12.3434566822,-12.3434566822,-12.3434566822,0E-7,1,1,0.49324550000000000,0.493245500000,-0.9865810262130424,-0.9865810262130424,-0.9865810262130424,0E-17,ELIGIBLE,R03b_20260811_FULL_v1,L1_ELIGIBILITY,v2026-08-11,2026-03-21..2026-08-06,baccarat_bet02_101_all_pairs_incl_sentinel,round_win = game_pnl > 0 (decisive only),COMPATIBILITY_ONLY_NOT_PRODUCTION,4902.0713,4435.9791,-62.3280,235,235,0.01271462,-0.27643441,0.02251787,0.01271462,62.3280,4902.0713,OK,0.0000,-2.4931,4.0000,96.0000,AG03-UNRESOLVED,ALL5_LEVELS_bet23_to_bet27,-2.4931,-2.4931,-2.4931,0.0000,0.0000,4.000000,4.000000,4.000000,0.000000,0.000000,96.000000,96.000000,96.000000,100.000000,100.000000,5.0,-7.4794,-7.1842,-54.8486,-55.1438,PENDING_AG03,FALSE,NOT_FOR_ENFORCEMENT,-59.8349,4258.5400,-62.3280,-59.8349,-2.4931,-0.01271462,-0.01220604,-2.4931,-59.8349,-0.01220604,-2.4931,-2.4931,-2.4931,0.0000,0.0000,-59.8349,-0.01220604,-7.4794,-7.1842,-54.8486,-55.1438,-0.01118887,-0.01124909,-0.00050858,20.8599,18.8765,-0.2652,-1.8887,-1.0053,148.5476,7.1212,8.9305,21.8494,7.9718,12.9089,21.3899,51.8914,64.8643,120.6478,12.8578,0.0,5.024778,9.346106,1.615931,19,48,32,2,0.03279202,-0.01271462,0.27643441,0E-8,0.000000,0.904919,0.000000,-0.29895229,2026-03-24,2026-08-05,33,62,61,135,0.244444,0.408729,0.428118,0.109307,,,,,,,,GLOBAL_BASELINE_NO_ENTITY_RANKING,,,NOT_APPLICABLE_GLOBAL_BASELINE,HF9g-P5,,,,X 全窗基线 · 不参与实体赏罚,3921686,393,A168_HF9F_20260827_0900,2026-08-27 09:00:00
2026-06-08,127405060,1307,0,10.2862139018,9.7719032067,9.7719032067,1.0000000,1,1,0.50665070000000000,0.506650700000,0.9867858985152569,0.9867858985152569,0.9867858985152569,0E-17,ELIGIBLE,R03b_20260811_FULL_v1,L1_ELIGIBILITY,v2026-08-11,2026-03-21..2026-08-06,baccarat_bet02_101_all_pairs_incl_sentinel,round_win = game_pnl > 0 (decisive only),COMPATIBILITY_ONLY_NOT_PRODUCTION,4902.0713,4435.9791,-62.3280,235,235,0.01271462,-0.27643441,0.02251787,0.01271462,62.3280,4902.0713,OK,0.0000,-2.4931,4.0000,96.0000,AG03-UNRESOLVED,ALL5_LEVELS_bet23_to_bet27,-2.4931,-2.4931,-2.4931,0.0000,0.0000,4.000000,4.000000,4.000000,0.000000,0.000000,96.000000,96.000000,96.000000,100.000000,100.000000,5.0,-7.4794,-7.1842,-54.8486,-55.1438,PENDING_AG03,FALSE,NOT_FOR_ENFORCEMENT,-59.8349,4258.5400,-62.3280,-59.8349,-2.4931,-0.01271462,-0.01220604,-2.4931,-59.8349,-0.01220604,-2.4931,-2.4931,-2.4931,0.0000,0.0000,-59.8349,-0.01220604,-7.4794,-7.1842,-54.8486,-55.1438,-0.01118887,-0.01124909,-0.00050858,20.8599,18.8765,-0.2652,-1.8887,-1.0053,148.5476,7.1212,8.9305,21.8494,7.9718,12.9089,21.3899,51.8914,64.8643,120.6478,12.8578,0.0,5.024778,9.346106,1.615931,19,48,32,2,0.03279202,-0.01271462,0.27643441,0E-8,0.000000,0.904919,0.000000,-0.29895229,2026-03-24,2026-08-05,33,62,61,135,0.244444,0.408729,0.428118,0.109307,,,,,,,,GLOBAL_BASELINE_NO_ENTITY_RANKING,,,NOT_APPLICABLE_GLOBAL_BASELINE,HF9g-P5,,,,X 全窗基线 · 不参与实体赏罚,3921687,393,A168_HF9F_20260827_0900,2026-08-27 09:00:00
2026-06-08,127405060,1505,0,28.2870882300,-23.1439812790,-23.1439812790,0.3333333,3,3,0.49771390000000000,0.497713900000,-0.5694369385616226,-0.5694369385616226,-0.5694369385616226,0E-17,ELIGIBLE,R03b_20260811_FULL_v1,L1_ELIGIBILITY,v2026-08-11,2026-03-21..2026-08-06,baccarat_bet02_101_all_pairs_incl_sentinel,round_win = game_pnl > 0 (decisive only),COMPATIBILITY_ONLY_NOT_PRODUCTION,4902.0713,4435.9791,-62.3280,235,235,0.01271462,-0.27643441,0.02251787,0.01271462,62.3280,4902.0713,OK,0.0000,-2.4931,4.0000,96.0000,AG03-UNRESOLVED,ALL5_LEVELS_bet23_to_bet27,-2.4931,-2.4931,-2.4931,0.0000,0.0000,4.000000,4.000000,4.000000,0.000000,0.000000,96.000000,96.000000,96.000000,100.000000,100.000000,5.0,-7.4794,-7.1842,-54.8486,-55.1438,PENDING_AG03,FALSE,NOT_FOR_ENFORCEMENT,-59.8349,4258.5400,-62.3280,-59.8349,-2.4931,-0.01271462,-0.01220604,-2.4931,-59.8349,-0.01220604,-2.4931,-2.4931,-2.4931,0.0000,0.0000,-59.8349,-0.01220604,-7.4794,-7.1842,-54.8486,-55.1438,-0.01118887,-0.01124909,-0.00050858,20.8599,18.8765,-0.2652,-1.8887,-1.0053,148.5476,7.1212,8.9305,21.8494,7.9718,12.9089,21.3899,51.8914,64.8643,120.6478,12.8578,0.0,5.024778,9.346106,1.615931,19,48,32,2,0.03279202,-0.01271462,0.27643441,0E-8,0.000000,0.904919,0.000000,-0.29895229,2026-03-24,2026-08-05,33,62,61,135,0.244444,0.408729,0.428118,0.109307,,,,,,,,GLOBAL_BASELINE_NO_ENTITY_RANKING,,,NOT_APPLICABLE_GLOBAL_BASELINE,HF9g-P5,,,,X 全窗基线 · 不参与实体赏罚,3921688,393,A168_HF9F_20260827_0900,2026-08-27 09:00:00
2026-06-10,127405060,1325,0,7.7146604264,7.3289274050,7.3289274050,1.0000000,1,1,0.50665070000000000,0.506650700000,0.9867858985152569,0.9867858985152569,0.9867858985152569,0E-17,ELIGIBLE,R03b_20260811_FULL_v1,L1_ELIGIBILITY,v2026-08-11,2026-03-21..2026-08-06,baccarat_bet02_101_all_pairs_incl_sentinel,round_win = game_pnl > 0 (decisive only),COMPATIBILITY_ONLY_NOT_PRODUCTION,4902.0713,4435.9791,-62.3280,235,235,0.01271462,-0.27643441,0.02251787,0.01271462,62.3280,4902.0713,OK,0.0000,-2.4931,4.0000,96.0000,AG03-UNRESOLVED,ALL5_LEVELS_bet23_to_bet27,-2.4931,-2.4931,-2.4931,0.0000,0.0000,4.000000,4.000000,4.000000,0.000000,0.000000,96.000000,96.000000,96.000000,100.000000,100.000000,5.0,-7.4794,-7.1842,-54.8486,-55.1438,PENDING_AG03,FALSE,NOT_FOR_ENFORCEMENT,-59.8349,4258.5400,-62.3280,-59.8349,-2.4931,-0.01271462,-0.01220604,-2.4931,-59.8349,-0.01220604,-2.4931,-2.4931,-2.4931,0.0000,0.0000,-59.8349,-0.01220604,-7.4794,-7.1842,-54.8486,-55.1438,-0.01118887,-0.01124909,-0.00050858,20.8599,18.8765,-0.2652,-1.8887,-1.0053,148.5476,7.1212,8.9305,21.8494,7.9718,12.9089,21.3899,51.8914,64.8643,120.6478,12.8578,0.0,5.024778,9.346106,1.615931,19,48,32,2,0.03279202,-0.01271462,0.27643441,0E-8,0.000000,0.904919,0.000000,-0.29895229,2026-03-24,2026-08-05,33,62,61,135,0.244444,0.408729,0.428118,0.109307,,,,,,,,GLOBAL_BASELINE_NO_ENTITY_RANKING,,,NOT_APPLICABLE_GLOBAL_BASELINE,HF9g-P5,,,,X 全窗基线 · 不参与实体赏罚,3921689,393,A168_HF9F_20260827_0900,2026-08-27 09:00:00
2026-06-10,127405060,2223,0,100.0334301952,23.5554298352,23.5554298352,0.7500000,8,8,0.50329940000000000,0.503299400000,1.3955797224674644,1.3955797224674644,1.3955797224674644,0E-17,ELIGIBLE,R03b_20260811_FULL_v1,L1_ELIGIBILITY,v2026-08-11,2026-03-21..2026-08-06,baccarat_bet02_101_all_pairs_incl_sentinel,round_win = game_pnl > 0 (decisive only),COMPATIBILITY_ONLY_NOT_PRODUCTION,4902.0713,4435.9791,-62.3280,235,235,0.01271462,-0.27643441,0.02251787,0.01271462,62.3280,4902.0713,OK,0.0000,-2.4931,4.0000,96.0000,AG03-UNRESOLVED,ALL5_LEVELS_bet23_to_bet27,-2.4931,-2.4931,-2.4931,0.0000,0.0000,4.000000,4.000000,4.000000,0.000000,0.000000,96.000000,96.000000,96.000000,100.000000,100.000000,5.0,-7.4794,-7.1842,-54.8486,-55.1438,PENDING_AG03,FALSE,NOT_FOR_ENFORCEMENT,-59.8349,4258.5400,-62.3280,-59.8349,-2.4931,-0.01271462,-0.01220604,-2.4931,-59.8349,-0.01220604,-2.4931,-2.4931,-2.4931,0.0000,0.0000,-59.8349,-0.01220604,-7.4794,-7.1842,-54.8486,-55.1438,-0.01118887,-0.01124909,-0.00050858,20.8599,18.8765,-0.2652,-1.8887,-1.0053,148.5476,7.1212,8.9305,21.8494,7.9718,12.9089,21.3899,51.8914,64.8643,120.6478,12.8578,0.0,5.024778,9.346106,1.615931,19,48,32,2,0.03279202,-0.01271462,0.27643441,0E-8,0.000000,0.904919,0.000000,-0.29895229,2026-03-24,2026-08-05,33,62,61,135,0.244444,0.408729,0.428118,0.109307,,,,,,,,GLOBAL_BASELINE_NO_ENTITY_RANKING,,,NOT_APPLICABLE_GLOBAL_BASELINE,HF9g-P5,,,,X 全窗基线 · 不参与实体赏罚,3921690,393,A168_HF9F_20260827_0900,2026-08-27 09:00:00
2026-06-10,127405060,2251,0,485.5092961658,-45.0021858204,-45.0021858204,0.5833333,14,14,0.49803307142857143,0.498033071429,0.5909821228823455,0.5909821228793742,0.5909821228823455,-4.2857E-13,ELIGIBLE,R03b_20260811_FULL_v1,L1_ELIGIBILITY,v2026-08-11,2026-03-21..2026-08-06,baccarat_bet02_101_all_pairs_incl_sentinel,round_win = game_pnl > 0 (decisive only),COMPATIBILITY_ONLY_NOT_PRODUCTION,4902.0713,4435.9791,-62.3280,235,235,0.01271462,-0.27643441,0.02251787,0.01271462,62.3280,4902.0713,OK,0.0000,-2.4931,4.0000,96.0000,AG03-UNRESOLVED,ALL5_LEVELS_bet23_to_bet27,-2.4931,-2.4931,-2.4931,0.0000,0.0000,4.000000,4.000000,4.000000,0.000000,0.000000,96.000000,96.000000,96.000000,100.000000,100.000000,5.0,-7.4794,-7.1842,-54.8486,-55.1438,PENDING_AG03,FALSE,NOT_FOR_ENFORCEMENT,-59.8349,4258.5400,-62.3280,-59.8349,-2.4931,-0.01271462,-0.01220604,-2.4931,-59.8349,-0.01220604,-2.4931,-2.4931,-2.4931,0.0000,0.0000,-59.8349,-0.01220604,-7.4794,-7.1842,-54.8486,-55.1438,-0.01118887,-0.01124909,-0.00050858,20.8599,18.8765,-0.2652,-1.8887,-1.0053,148.5476,7.1212,8.9305,21.8494,7.9718,12.9089,21.3899,51.8914,64.8643,120.6478,12.8578,0.0,5.024778,9.346106,1.615931,19,48,32,2,0.03279202,-0.01271462,0.27643441,0E-8,0.000000,0.904919,0.000000,-0.29895229,2026-03-24,2026-08-05,33,62,61,135,0.244444,0.408729,0.428118,0.109307,,,,,,,,GLOBAL_BASELINE_NO_ENTITY_RANKING,,,NOT_APPLICABLE_GLOBAL_BASELINE,HF9g-P5,,,,X 全窗基线 · 不参与实体赏罚,3921691,393,A168_HF9F_20260827_0900,2026-08-27 09:00:00
2026-06-15,127405060,583,0,9.5147478592,9.0390104662,9.0390104662,1.0000000,1,1,0.50665070000000000,0.506650700000,0.9867858985152569,0.9867858985152569,0.9867858985152569,0E-17,ELIGIBLE,R03b_20260811_FULL_v1,L1_ELIGIBILITY,v2026-08-11,2026-03-21..2026-08-06,baccarat_bet02_101_all_pairs_incl_sentinel,round_win = game_pnl > 0 (decisive only),COMPATIBILITY_ONLY_NOT_PRODUCTION,4902.0713,4435.9791,-62.3280,235,235,0.01271462,-0.27643441,0.02251787,0.01271462,62.3280,4902.0713,OK,0.0000,-2.4931,4.0000,96.0000,AG03-UNRESOLVED,ALL5_LEVELS_bet23_to_bet27,-2.4931,-2.4931,-2.4931,0.0000,0.0000,4.000000,4.000000,4.000000,0.000000,0.000000,96.000000,96.000000,96.000000,100.000000,100.000000,5.0,-7.4794,-7.1842,-54.8486,-55.1438,PENDING_AG03,FALSE,NOT_FOR_ENFORCEMENT,-59.8349,4258.5400,-62.3280,-59.8349,-2.4931,-0.01271462,-0.01220604,-2.4931,-59.8349,-0.01220604,-2.4931,-2.4931,-2.4931,0.0000,0.0000,-59.8349,-0.01220604,-7.4794,-7.1842,-54.8486,-55.1438,-0.01118887,-0.01124909,-0.00050858,20.8599,18.8765,-0.2652,-1.8887,-1.0053,148.5476,7.1212,8.9305,21.8494,7.9718,12.9089,21.3899,51.8914,64.8643,120.6478,12.8578,0.0,5.024778,9.346106,1.615931,19,48,32,2,0.03279202,-0.01271462,0.27643441,0E-8,0.000000,0.904919,0.000000,-0.29895229,2026-03-24,2026-08-05,33,62,61,135,0.244444,0.408729,0.428118,0.109307,,,,,,,,GLOBAL_BASELINE_NO_ENTITY_RANKING,,,NOT_APPLICABLE_GLOBAL_BASELINE,HF9g-P5,,,,X 全窗基线 · 不参与实体赏罚,3921692,393,A168_HF9F_20260827_0900,2026-08-27 09:00:00
2026-06-15,127405060,789,0,18.5151850233,-18.5151850233,-18.5151850233,0E-7,2,2,0.49994810000000000,0.499948100000,-1.4140667746232096,-1.4140667746232096,-1.4140667746232096,0E-17,ELIGIBLE,R03b_20260811_FULL_v1,L1_ELIGIBILITY,v2026-08-11,2026-03-21..2026-08-06,baccarat_bet02_101_all_pairs_incl_sentinel,round_win = game_pnl > 0 (decisive only),COMPATIBILITY_ONLY_NOT_PRODUCTION,4902.0713,4435.9791,-62.3280,235,235,0.01271462,-0.27643441,0.02251787,0.01271462,62.3280,4902.0713,OK,0.0000,-2.4931,4.0000,96.0000,AG03-UNRESOLVED,ALL5_LEVELS_bet23_to_bet27,-2.4931,-2.4931,-2.4931,0.0000,0.0000,4.000000,4.000000,4.000000,0.000000,0.000000,96.000000,96.000000,96.000000,100.000000,100.000000,5.0,-7.4794,-7.1842,-54.8486,-55.1438,PENDING_AG03,FALSE,NOT_FOR_ENFORCEMENT,-59.8349,4258.5400,-62.3280,-59.8349,-2.4931,-0.01271462,-0.01220604,-2.4931,-59.8349,-0.01220604,-2.4931,-2.4931,-2.4931,0.0000,0.0000,-59.8349,-0.01220604,-7.4794,-7.1842,-54.8486,-55.1438,-0.01118887,-0.01124909,-0.00050858,20.8599,18.8765,-0.2652,-1.8887,-1.0053,148.5476,7.1212,8.9305,21.8494,7.9718,12.9089,21.3899,51.8914,64.8643,120.6478,12.8578,0.0,5.024778,9.346106,1.615931,19,48,32,2,0.03279202,-0.01271462,0.27643441,0E-8,0.000000,0.904919,0.000000,-0.29895229,2026-03-24,2026-08-05,33,62,61,135,0.244444,0.408729,0.428118,0.109307,,,,,,,,GLOBAL_BASELINE_NO_ENTITY_RANKING,,,NOT_APPLICABLE_GLOBAL_BASELINE,HF9g-P5,,,,X 全窗基线 · 不参与实体赏罚,3921693,393,A168_HF9F_20260827_0900,2026-08-27 09:00:00
2026-06-18,127405060,1306,0,14.4006994626,-7.2003497313,-7.2003497313,0E-7,2,2,0.50665070000000000,0.506650700000,-1.013391052207602,-1.013391052207602,-1.013391052207602,0E-17,ELIGIBLE,R03b_20260811_FULL_v1,L1_ELIGIBILITY,v2026-08-11,2026-03-21..2026-08-06,baccarat_bet02_101_all_pairs_incl_sentinel,round_win = game_pnl > 0 (decisive only),COMPATIBILITY_ONLY_NOT_PRODUCTION,4902.0713,4435.9791,-62.3280,235,235,0.01271462,-0.27643441,0.02251787,0.01271462,62.3280,4902.0713,OK,0.0000,-2.4931,4.0000,96.0000,AG03-UNRESOLVED,ALL5_LEVELS_bet23_to_bet27,-2.4931,-2.4931,-2.4931,0.0000,0.0000,4.000000,4.000000,4.000000,0.000000,0.000000,96.000000,96.000000,96.000000,100.000000,100.000000,5.0,-7.4794,-7.1842,-54.8486,-55.1438,PENDING_AG03,FALSE,NOT_FOR_ENFORCEMENT,-59.8349,4258.5400,-62.3280,-59.8349,-2.4931,-0.01271462,-0.01220604,-2.4931,-59.8349,-0.01220604,-2.4931,-2.4931,-2.4931,0.0000,0.0000,-59.8349,-0.01220604,-7.4794,-7.1842,-54.8486,-55.1438,-0.01118887,-0.01124909,-0.00050858,20.8599,18.8765,-0.2652,-1.8887,-1.0053,148.5476,7.1212,8.9305,21.8494,7.9718,12.9089,21.3899,51.8914,64.8643,120.6478,12.8578,0.0,5.024778,9.346106,1.615931,19,48,32,2,0.03279202,-0.01271462,0.27643441,0E-8,0.000000,0.904919,0.000000,-0.29895229,2026-03-24,2026-08-05,33,62,61,135,0.244444,0.408729,0.428118,0.109307,,,,,,,,GLOBAL_BASELINE_NO_ENTITY_RANKING,,,NOT_APPLICABLE_GLOBAL_BASELINE,HF9g-P5,,,,X 全窗基线 · 不参与实体赏罚,3921694,393,A168_HF9F_20260827_0900,2026-08-27 09:00:00
2026-06-20,127405060,1301,0,5.6574176460,-5.6574176460,-5.6574176460,0E-7,1,1,0.49324550000000000,0.493245500000,-0.9865810262130424,-0.9865810262130424,-0.9865810262130424,0E-17,ELIGIBLE,R03b_20260811_FULL_v1,L1_ELIGIBILITY,v2026-08-11,2026-03-21..2026-08-06,baccarat_bet02_101_all_pairs_incl_sentinel,round_win = game_pnl > 0 (decisive only),COMPATIBILITY_ONLY_NOT_PRODUCTION,4902.0713,4435.9791,-62.3280,235,235,0.01271462,-0.27643441,0.02251787,0.01271462,62.3280,4902.0713,OK,0.0000,-2.4931,4.0000,96.0000,AG03-UNRESOLVED,ALL5_LEVELS_bet23_to_bet27,-2.4931,-2.4931,-2.4931,0.0000,0.0000,4.000000,4.000000,4.000000,0.000000,0.000000,96.000000,96.000000,96.000000,100.000000,100.000000,5.0,-7.4794,-7.1842,-54.8486,-55.1438,PENDING_AG03,FALSE,NOT_FOR_ENFORCEMENT,-59.8349,4258.5400,-62.3280,-59.8349,-2.4931,-0.01271462,-0.01220604,-2.4931,-59.8349,-0.01220604,-2.4931,-2.4931,-2.4931,0.0000,0.0000,-59.8349,-0.01220604,-7.4794,-7.1842,-54.8486,-55.1438,-0.01118887,-0.01124909,-0.00050858,20.8599,18.8765,-0.2652,-1.8887,-1.0053,148.5476,7.1212,8.9305,21.8494,7.9718,12.9089,21.3899,51.8914,64.8643,120.6478,12.8578,0.0,5.024778,9.346106,1.615931,19,48,32,2,0.03279202,-0.01271462,0.27643441,0E-8,0.000000,0.904919,0.000000,-0.29895229,2026-03-24,2026-08-05,33,62,61,135,0.244444,0.408729,0.428118,0.109307,,,,,,,,GLOBAL_BASELINE_NO_ENTITY_RANKING,,,NOT_APPLICABLE_GLOBAL_BASELINE,HF9g-P5,,,,X 全窗基线 · 不参与实体赏罚,3921695,393,A168_HF9F_20260827_0900,2026-08-27 09:00:00
2026-06-21,127405060,-1,1,47.5737392959,0.0642888369,0.0642888369,0.6000000,5,5,0.50665070000000000,0.506650700000,0.4175076967804994,0.4175076967804994,0.4175076967804994,0E-17,SENTINEL_DEALER,R03b_20260811_FULL_v1,L1_ELIGIBILITY,v2026-08-11,2026-03-21..2026-08-06,baccarat_bet02_101_all_pairs_incl_sentinel,round_win = game_pnl > 0 (decisive only),COMPATIBILITY_ONLY_NOT_PRODUCTION,4902.0713,4435.9791,-62.3280,235,235,0.01271462,-0.27643441,0.02251787,0.01271462,62.3280,4902.0713,OK,0.0000,-2.4931,4.0000,96.0000,AG03-UNRESOLVED,ALL5_LEVELS_bet23_to_bet27,-2.4931,-2.4931,-2.4931,0.0000,0.0000,4.000000,4.000000,4.000000,0.000000,0.000000,96.000000,96.000000,96.000000,100.000000,100.000000,5.0,-7.4794,-7.1842,-54.8486,-55.1438,PENDING_AG03,FALSE,NOT_FOR_ENFORCEMENT,-59.8349,4258.5400,-62.3280,-59.8349,-2.4931,-0.01271462,-0.01220604,-2.4931,-59.8349,-0.01220604,-2.4931,-2.4931,-2.4931,0.0000,0.0000,-59.8349,-0.01220604,-7.4794,-7.1842,-54.8486,-55.1438,-0.01118887,-0.01124909,-0.00050858,20.8599,18.8765,-0.2652,-1.8887,-1.0053,148.5476,7.1212,8.9305,21.8494,7.9718,12.9089,21.3899,51.8914,64.8643,120.6478,12.8578,0.0,5.024778,9.346106,1.615931,19,48,32,2,0.03279202,-0.01271462,0.27643441,0E-8,0.000000,0.904919,0.000000,-0.29895229,2026-03-24,2026-08-05,33,62,61,135,0.244444,0.408729,0.428118,0.109307,,,,,,,,GLOBAL_BASELINE_NO_ENTITY_RANKING,,,NOT_APPLICABLE_GLOBAL_BASELINE,HF9g-P5,,,,X 全窗基线 · 不参与实体赏罚,3921696,393,A168_HF9F_20260827_0900,2026-08-27 09:00:00
2026-06-21,127405060,1401,0,9.7719032067,-9.7719032067,-9.7719032067,0E-7,1,1,0.49324550000000000,0.493245500000,-0.9865810262130424,-0.9865810262130424,-0.9865810262130424,0E-17,ELIGIBLE,R03b_20260811_FULL_v1,L1_ELIGIBILITY,v2026-08-11,2026-03-21..2026-08-06,baccarat_bet02_101_all_pairs_incl_sentinel,round_win = game_pnl > 0 (decisive only),COMPATIBILITY_ONLY_NOT_PRODUCTION,4902.0713,4435.9791,-62.3280,235,235,0.01271462,-0.27643441,0.02251787,0.01271462,62.3280,4902.0713,OK,0.0000,-2.4931,4.0000,96.0000,AG03-UNRESOLVED,ALL5_LEVELS_bet23_to_bet27,-2.4931,-2.4931,-2.4931,0.0000,0.0000,4.000000,4.000000,4.000000,0.000000,0.000000,96.000000,96.000000,96.000000,100.000000,100.000000,5.0,-7.4794,-7.1842,-54.8486,-55.1438,PENDING_AG03,FALSE,NOT_FOR_ENFORCEMENT,-59.8349,4258.5400,-62.3280,-59.8349,-2.4931,-0.01271462,-0.01220604,-2.4931,-59.8349,-0.01220604,-2.4931,-2.4931,-2.4931,0.0000,0.0000,-59.8349,-0.01220604,-7.4794,-7.1842,-54.8486,-55.1438,-0.01118887,-0.01124909,-0.00050858,20.8599,18.8765,-0.2652,-1.8887,-1.0053,148.5476,7.1212,8.9305,21.8494,7.9718,12.9089,21.3899,51.8914,64.8643,120.6478,12.8578,0.0,5.024778,9.346106,1.615931,19,48,32,2,0.03279202,-0.01271462,0.27643441,0E-8,0.000000,0.904919,0.000000,-0.29895229,2026-03-24,2026-08-05,33,62,61,135,0.244444,0.408729,0.428118,0.109307,,,,,,,,GLOBAL_BASELINE_NO_ENTITY_RANKING,,,NOT_APPLICABLE_GLOBAL_BASELINE,HF9g-P5,,,,X 全窗基线 · 不参与实体赏罚,3921697,393,A168_HF9F_20260827_0900,2026-08-27 09:00:00
2026-06-21,127405060,2103,0,9.7719032067,0E-10,0E-10,,1,1,0.50665070000000000,0.506650700000,,,,0E-17,NO_DECISIVE_ROUND,R03b_20260811_FULL_v1,L1_ELIGIBILITY,v2026-08-11,2026-03-21..2026-08-06,baccarat_bet02_101_all_pairs_incl_sentinel,round_win = game_pnl > 0 (decisive only),COMPATIBILITY_ONLY_NOT_PRODUCTION,4902.0713,4435.9791,-62.3280,235,235,0.01271462,-0.27643441,0.02251787,0.01271462,62.3280,4902.0713,OK,0.0000,-2.4931,4.0000,96.0000,AG03-UNRESOLVED,ALL5_LEVELS_bet23_to_bet27,-2.4931,-2.4931,-2.4931,0.0000,0.0000,4.000000,4.000000,4.000000,0.000000,0.000000,96.000000,96.000000,96.000000,100.000000,100.000000,5.0,-7.4794,-7.1842,-54.8486,-55.1438,PENDING_AG03,FALSE,NOT_FOR_ENFORCEMENT,-59.8349,4258.5400,-62.3280,-59.8349,-2.4931,-0.01271462,-0.01220604,-2.4931,-59.8349,-0.01220604,-2.4931,-2.4931,-2.4931,0.0000,0.0000,-59.8349,-0.01220604,-7.4794,-7.1842,-54.8486,-55.1438,-0.01118887,-0.01124909,-0.00050858,20.8599,18.8765,-0.2652,-1.8887,-1.0053,148.5476,7.1212,8.9305,21.8494,7.9718,12.9089,21.3899,51.8914,64.8643,120.6478,12.8578,0.0,5.024778,9.346106,1.615931,19,48,32,2,0.03279202,-0.01271462,0.27643441,0E-8,0.000000,0.904919,0.000000,-0.29895229,2026-03-24,2026-08-05,33,62,61,135,0.244444,0.408729,0.428118,0.109307,,,,,,,,GLOBAL_BASELINE_NO_ENTITY_RANKING,,,NOT_APPLICABLE_GLOBAL_BASELINE,HF9g-P5,,,,X 全窗基线 · 不参与实体赏罚,3921698,393,A168_HF9F_20260827_0900,2026-08-27 09:00:00
2026-06-22,127405060,-1,1,17.7437189806,17.2294082855,17.2294082855,1.0000000,2,2,0.49994810000000000,0.499948100000,1.4143603653603398,1.4143603653603398,1.4143603653603398,0E-17,SENTINEL_DEALER,R03b_20260811_FULL_v1,L1_ELIGIBILITY,v2026-08-11,2026-03-21..2026-08-06,baccarat_bet02_101_all_pairs_incl_sentinel,round_win = game_pnl > 0 (decisive only),COMPATIBILITY_ONLY_NOT_PRODUCTION,4902.0713,4435.9791,-62.3280,235,235,0.01271462,-0.27643441,0.02251787,0.01271462,62.3280,4902.0713,OK,0.0000,-2.4931,4.0000,96.0000,AG03-UNRESOLVED,ALL5_LEVELS_bet23_to_bet27,-2.4931,-2.4931,-2.4931,0.0000,0.0000,4.000000,4.000000,4.000000,0.000000,0.000000,96.000000,96.000000,96.000000,100.000000,100.000000,5.0,-7.4794,-7.1842,-54.8486,-55.1438,PENDING_AG03,FALSE,NOT_FOR_ENFORCEMENT,-59.8349,4258.5400,-62.3280,-59.8349,-2.4931,-0.01271462,-0.01220604,-2.4931,-59.8349,-0.01220604,-2.4931,-2.4931,-2.4931,0.0000,0.0000,-59.8349,-0.01220604,-7.4794,-7.1842,-54.8486,-55.1438,-0.01118887,-0.01124909,-0.00050858,20.8599,18.8765,-0.2652,-1.8887,-1.0053,148.5476,7.1212,8.9305,21.8494,7.9718,12.9089,21.3899,51.8914,64.8643,120.6478,12.8578,0.0,5.024778,9.346106,1.615931,19,48,32,2,0.03279202,-0.01271462,0.27643441,0E-8,0.000000,0.904919,0.000000,-0.29895229,2026-03-24,2026-08-05,33,62,61,135,0.244444,0.408729,0.428118,0.109307,,,,,,,,GLOBAL_BASELINE_NO_ENTITY_RANKING,,,NOT_APPLICABLE_GLOBAL_BASELINE,HF9g-P5,,,,X 全窗基线 · 不参与实体赏罚,3921699,393,A168_HF9F_20260827_0900,2026-08-27 09:00:00
2026-06-22,127405060,1935,0,12.8577673773,-12.8577673773,-12.8577673773,0E-7,1,1,0.50665070000000000,0.506650700000,-1.013391052207602,-1.013391052207602,-1.013391052207602,0E-17,ELIGIBLE,R03b_20260811_FULL_v1,L1_ELIGIBILITY,v2026-08-11,2026-03-21..2026-08-06,baccarat_bet02_101_all_pairs_incl_sentinel,round_win = game_pnl > 0 (decisive only),COMPATIBILITY_ONLY_NOT_PRODUCTION,4902.0713,4435.9791,-62.3280,235,235,0.01271462,-0.27643441,0.02251787,0.01271462,62.3280,4902.0713,OK,0.0000,-2.4931,4.0000,96.0000,AG03-UNRESOLVED,ALL5_LEVELS_bet23_to_bet27,-2.4931,-2.4931,-2.4931,0.0000,0.0000,4.000000,4.000000,4.000000,0.000000,0.000000,96.000000,96.000000,96.000000,100.000000,100.000000,5.0,-7.4794,-7.1842,-54.8486,-55.1438,PENDING_AG03,FALSE,NOT_FOR_ENFORCEMENT,-59.8349,4258.5400,-62.3280,-59.8349,-2.4931,-0.01271462,-0.01220604,-2.4931,-59.8349,-0.01220604,-2.4931,-2.4931,-2.4931,0.0000,0.0000,-59.8349,-0.01220604,-7.4794,-7.1842,-54.8486,-55.1438,-0.01118887,-0.01124909,-0.00050858,20.8599,18.8765,-0.2652,-1.8887,-1.0053,148.5476,7.1212,8.9305,21.8494,7.9718,12.9089,21.3899,51.8914,64.8643,120.6478,12.8578,0.0,5.024778,9.346106,1.615931,19,48,32,2,0.03279202,-0.01271462,0.27643441,0E-8,0.000000,0.904919,0.000000,-0.29895229,2026-03-24,2026-08-05,33,62,61,135,0.244444,0.408729,0.428118,0.109307,,,,,,,,GLOBAL_BASELINE_NO_ENTITY_RANKING,,,NOT_APPLICABLE_GLOBAL_BASELINE,HF9g-P5,,,,X 全窗基线 · 不参与实体赏罚,3921700,393,A168_HF9F_20260827_0900,2026-08-27 09:00:00
2026-06-22,127405060,2121,0,11.8291459871,-11.8291459871,-11.8291459871,0E-7,1,1,0.50665070000000000,0.506650700000,-1.013391052207602,-1.013391052207602,-1.013391052207602,0E-17,ELIGIBLE,R03b_20260811_FULL_v1,L1_ELIGIBILITY,v2026-08-11,2026-03-21..2026-08-06,baccarat_bet02_101_all_pairs_incl_sentinel,round_win = game_pnl > 0 (decisive only),COMPATIBILITY_ONLY_NOT_PRODUCTION,4902.0713,4435.9791,-62.3280,235,235,0.01271462,-0.27643441,0.02251787,0.01271462,62.3280,4902.0713,OK,0.0000,-2.4931,4.0000,96.0000,AG03-UNRESOLVED,ALL5_LEVELS_bet23_to_bet27,-2.4931,-2.4931,-2.4931,0.0000,0.0000,4.000000,4.000000,4.000000,0.000000,0.000000,96.000000,96.000000,96.000000,100.000000,100.000000,5.0,-7.4794,-7.1842,-54.8486,-55.1438,PENDING_AG03,FALSE,NOT_FOR_ENFORCEMENT,-59.8349,4258.5400,-62.3280,-59.8349,-2.4931,-0.01271462,-0.01220604,-2.4931,-59.8349,-0.01220604,-2.4931,-2.4931,-2.4931,0.0000,0.0000,-59.8349,-0.01220604,-7.4794,-7.1842,-54.8486,-55.1438,-0.01118887,-0.01124909,-0.00050858,20.8599,18.8765,-0.2652,-1.8887,-1.0053,148.5476,7.1212,8.9305,21.8494,7.9718,12.9089,21.3899,51.8914,64.8643,120.6478,12.8578,0.0,5.024778,9.346106,1.615931,19,48,32,2,0.03279202,-0.01271462,0.27643441,0E-8,0.000000,0.904919,0.000000,-0.29895229,2026-03-24,2026-08-05,33,62,61,135,0.244444,0.408729,0.428118,0.109307,,,,,,,,GLOBAL_BASELINE_NO_ENTITY_RANKING,,,NOT_APPLICABLE_GLOBAL_BASELINE,HF9g-P5,,,,X 全窗基线 · 不参与实体赏罚,3921701,393,A168_HF9F_20260827_0900,2026-08-27 09:00:00
2026-06-23,127405060,2152,0,13.1149227248,-13.1149227248,-13.1149227248,0E-7,2,2,0.49324550000000000,0.493245500000,-1.3952362676504506,-1.3952362676504506,-1.3952362676504506,0E-17,ELIGIBLE,R03b_20260811_FULL_v1,L1_ELIGIBILITY,v2026-08-11,2026-03-21..2026-08-06,baccarat_bet02_101_all_pairs_incl_sentinel,round_win = game_pnl > 0 (decisive only),COMPATIBILITY_ONLY_NOT_PRODUCTION,4902.0713,4435.9791,-62.3280,235,235,0.01271462,-0.27643441,0.02251787,0.01271462,62.3280,4902.0713,OK,0.0000,-2.4931,4.0000,96.0000,AG03-UNRESOLVED,ALL5_LEVELS_bet23_to_bet27,-2.4931,-2.4931,-2.4931,0.0000,0.0000,4.000000,4.000000,4.000000,0.000000,0.000000,96.000000,96.000000,96.000000,100.000000,100.000000,5.0,-7.4794,-7.1842,-54.8486,-55.1438,PENDING_AG03,FALSE,NOT_FOR_ENFORCEMENT,-59.8349,4258.5400,-62.3280,-59.8349,-2.4931,-0.01271462,-0.01220604,-2.4931,-59.8349,-0.01220604,-2.4931,-2.4931,-2.4931,0.0000,0.0000,-59.8349,-0.01220604,-7.4794,-7.1842,-54.8486,-55.1438,-0.01118887,-0.01124909,-0.00050858,20.8599,18.8765,-0.2652,-1.8887,-1.0053,148.5476,7.1212,8.9305,21.8494,7.9718,12.9089,21.3899,51.8914,64.8643,120.6478,12.8578,0.0,5.024778,9.346106,1.615931,19,48,32,2,0.03279202,-0.01271462,0.27643441,0E-8,0.000000,0.904919,0.000000,-0.29895229,2026-03-24,2026-08-05,33,62,61,135,0.244444,0.408729,0.428118,0.109307,,,,,,,,GLOBAL_BASELINE_NO_ENTITY_RANKING,,,NOT_APPLICABLE_GLOBAL_BASELINE,HF9g-P5,,,,X 全窗基线 · 不参与实体赏罚,3921702,393,A168_HF9F_20260827_0900,2026-08-27 09:00:00
2026-06-24,127405060,2123,0,9.2575925116,-9.2575925116,-9.2575925116,0E-7,1,1,0.50665070000000000,0.506650700000,-1.013391052207602,-1.013391052207602,-1.013391052207602,0E-17,ELIGIBLE,R03b_20260811_FULL_v1,L1_ELIGIBILITY,v2026-08-11,2026-03-21..2026-08-06,baccarat_bet02_101_all_pairs_incl_sentinel,round_win = game_pnl > 0 (decisive only),COMPATIBILITY_ONLY_NOT_PRODUCTION,4902.0713,4435.9791,-62.3280,235,235,0.01271462,-0.27643441,0.02251787,0.01271462,62.3280,4902.0713,OK,0.0000,-2.4931,4.0000,96.0000,AG03-UNRESOLVED,ALL5_LEVELS_bet23_to_bet27,-2.4931,-2.4931,-2.4931,0.0000,0.0000,4.000000,4.000000,4.000000,0.000000,0.000000,96.000000,96.000000,96.000000,100.000000,100.000000,5.0,-7.4794,-7.1842,-54.8486,-55.1438,PENDING_AG03,FALSE,NOT_FOR_ENFORCEMENT,-59.8349,4258.5400,-62.3280,-59.8349,-2.4931,-0.01271462,-0.01220604,-2.4931,-59.8349,-0.01220604,-2.4931,-2.4931,-2.4931,0.0000,0.0000,-59.8349,-0.01220604,-7.4794,-7.1842,-54.8486,-55.1438,-0.01118887,-0.01124909,-0.00050858,20.8599,18.8765,-0.2652,-1.8887,-1.0053,148.5476,7.1212,8.9305,21.8494,7.9718,12.9089,21.3899,51.8914,64.8643,120.6478,12.8578,0.0,5.024778,9.346106,1.615931,19,48,32,2,0.03279202,-0.01271462,0.27643441,0E-8,0.000000,0.904919,0.000000,-0.29895229,2026-03-24,2026-08-05,33,62,61,135,0.244444,0.408729,0.428118,0.109307,,,,,,,,GLOBAL_BASELINE_NO_ENTITY_RANKING,,,NOT_APPLICABLE_GLOBAL_BASELINE,HF9g-P5,,,,X 全窗基线 · 不参与实体赏罚,3921703,393,A168_HF9F_20260827_0900,2026-08-27 09:00:00
2026-07-03,127405060,1383,0,105.8528903002,-17.3495468980,-17.3495468980,0.4545455,11,11,0.49812011818181818,0.498120118182,-0.28904366223770966,-0.2890436622389153,-0.28904366223770966,-1.8182E-13,ELIGIBLE,R03b_20260811_FULL_v1,L1_ELIGIBILITY,v2026-08-11,2026-03-21..2026-08-06,baccarat_bet02_101_all_pairs_incl_sentinel,round_win = game_pnl > 0 (decisive only),COMPATIBILITY_ONLY_NOT_PRODUCTION,4902.0713,4435.9791,-62.3280,235,235,0.01271462,-0.27643441,0.02251787,0.01271462,62.3280,4902.0713,OK,0.0000,-2.4931,4.0000,96.0000,AG03-UNRESOLVED,ALL5_LEVELS_bet23_to_bet27,-2.4931,-2.4931,-2.4931,0.0000,0.0000,4.000000,4.000000,4.000000,0.000000,0.000000,96.000000,96.000000,96.000000,100.000000,100.000000,5.0,-7.4794,-7.1842,-54.8486,-55.1438,PENDING_AG03,FALSE,NOT_FOR_ENFORCEMENT,-59.8349,4258.5400,-62.3280,-59.8349,-2.4931,-0.01271462,-0.01220604,-2.4931,-59.8349,-0.01220604,-2.4931,-2.4931,-2.4931,0.0000,0.0000,-59.8349,-0.01220604,-7.4794,-7.1842,-54.8486,-55.1438,-0.01118887,-0.01124909,-0.00050858,20.8599,18.8765,-0.2652,-1.8887,-1.0053,148.5476,7.1212,8.9305,21.8494,7.9718,12.9089,21.3899,51.8914,64.8643,120.6478,12.8578,0.0,5.024778,9.346106,1.615931,19,48,32,2,0.03279202,-0.01271462,0.27643441,0E-8,0.000000,0.904919,0.000000,-0.29895229,2026-03-24,2026-08-05,33,62,61,135,0.244444,0.408729,0.428118,0.109307,,,,,,,,GLOBAL_BASELINE_NO_ENTITY_RANKING,,,NOT_APPLICABLE_GLOBAL_BASELINE,HF9g-P5,,,,X 全窗基线 · 不参与实体赏罚,3921704,393,A168_HF9F_20260827_0900,2026-08-27 09:00:00
2026-07-03,127405060,2222,0,8.7780445615,8.7780445615,8.7780445615,1.0000000,1,1,0.49324550000000000,0.493245500000,1.01360149184955,1.01360149184955,1.01360149184955,0E-17,ELIGIBLE,R03b_20260811_FULL_v1,L1_ELIGIBILITY,v2026-08-11,2026-03-21..2026-08-06,baccarat_bet02_101_all_pairs_incl_sentinel,round_win = game_pnl > 0 (decisive only),COMPATIBILITY_ONLY_NOT_PRODUCTION,4902.0713,4435.9791,-62.3280,235,235,0.01271462,-0.27643441,0.02251787,0.01271462,62.3280,4902.0713,OK,0.0000,-2.4931,4.0000,96.0000,AG03-UNRESOLVED,ALL5_LEVELS_bet23_to_bet27,-2.4931,-2.4931,-2.4931,0.0000,0.0000,4.000000,4.000000,4.000000,0.000000,0.000000,96.000000,96.000000,96.000000,100.000000,100.000000,5.0,-7.4794,-7.1842,-54.8486,-55.1438,PENDING_AG03,FALSE,NOT_FOR_ENFORCEMENT,-59.8349,4258.5400,-62.3280,-59.8349,-2.4931,-0.01271462,-0.01220604,-2.4931,-59.8349,-0.01220604,-2.4931,-2.4931,-2.4931,0.0000,0.0000,-59.8349,-0.01220604,-7.4794,-7.1842,-54.8486,-55.1438,-0.01118887,-0.01124909,-0.00050858,20.8599,18.8765,-0.2652,-1.8887,-1.0053,148.5476,7.1212,8.9305,21.8494,7.9718,12.9089,21.3899,51.8914,64.8643,120.6478,12.8578,0.0,5.024778,9.346106,1.615931,19,48,32,2,0.03279202,-0.01271462,0.27643441,0E-8,0.000000,0.904919,0.000000,-0.29895229,2026-03-24,2026-08-05,33,62,61,135,0.244444,0.408729,0.428118,0.109307,,,,,,,,GLOBAL_BASELINE_NO_ENTITY_RANKING,,,NOT_APPLICABLE_GLOBAL_BASELINE,HF9g-P5,,,,X 全窗基线 · 不参与实体赏罚,3921705,393,A168_HF9F_20260827_0900,2026-08-27 09:00:00
2026-07-03,127405060,2280,0,18.0724446854,-12.9088890610,-12.9088890610,0E-7,2,2,0.49994810000000000,0.499948100000,-0.9998962053866608,-0.9998962053866608,-0.9998962053866608,0E-17,ELIGIBLE,R03b_20260811_FULL_v1,L1_ELIGIBILITY,v2026-08-11,2026-03-21..2026-08-06,baccarat_bet02_101_all_pairs_incl_sentinel,round_win = game_pnl > 0 (decisive only),COMPATIBILITY_ONLY_NOT_PRODUCTION,4902.0713,4435.9791,-62.3280,235,235,0.01271462,-0.27643441,0.02251787,0.01271462,62.3280,4902.0713,OK,0.0000,-2.4931,4.0000,96.0000,AG03-UNRESOLVED,ALL5_LEVELS_bet23_to_bet27,-2.4931,-2.4931,-2.4931,0.0000,0.0000,4.000000,4.000000,4.000000,0.000000,0.000000,96.000000,96.000000,96.000000,100.000000,100.000000,5.0,-7.4794,-7.1842,-54.8486,-55.1438,PENDING_AG03,FALSE,NOT_FOR_ENFORCEMENT,-59.8349,4258.5400,-62.3280,-59.8349,-2.4931,-0.01271462,-0.01220604,-2.4931,-59.8349,-0.01220604,-2.4931,-2.4931,-2.4931,0.0000,0.0000,-59.8349,-0.01220604,-7.4794,-7.1842,-54.8486,-55.1438,-0.01118887,-0.01124909,-0.00050858,20.8599,18.8765,-0.2652,-1.8887,-1.0053,148.5476,7.1212,8.9305,21.8494,7.9718,12.9089,21.3899,51.8914,64.8643,120.6478,12.8578,0.0,5.024778,9.346106,1.615931,19,48,32,2,0.03279202,-0.01271462,0.27643441,0E-8,0.000000,0.904919,0.000000,-0.29895229,2026-03-24,2026-08-05,33,62,61,135,0.244444,0.408729,0.428118,0.109307,,,,,,,,GLOBAL_BASELINE_NO_ENTITY_RANKING,,,NOT_APPLICABLE_GLOBAL_BASELINE,HF9g-P5,,,,X 全窗基线 · 不参与实体赏罚,3921706,393,A168_HF9F_20260827_0900,2026-08-27 09:00:00
2026-07-09,127405060,1654,0,23.4941780910,-12.9217979501,-12.9217979501,0.3333333,3,3,0.50665070000000000,0.506650700000,-0.6004420894325239,-0.6004420894325239,-0.6004420894325239,0E-17,ELIGIBLE,R03b_20260811_FULL_v1,L1_ELIGIBILITY,v2026-08-11,2026-03-21..2026-08-06,baccarat_bet02_101_all_pairs_incl_sentinel,round_win = game_pnl > 0 (decisive only),COMPATIBILITY_ONLY_NOT_PRODUCTION,4902.0713,4435.9791,-62.3280,235,235,0.01271462,-0.27643441,0.02251787,0.01271462,62.3280,4902.0713,OK,0.0000,-2.4931,4.0000,96.0000,AG03-UNRESOLVED,ALL5_LEVELS_bet23_to_bet27,-2.4931,-2.4931,-2.4931,0.0000,0.0000,4.000000,4.000000,4.000000,0.000000,0.000000,96.000000,96.000000,96.000000,100.000000,100.000000,5.0,-7.4794,-7.1842,-54.8486,-55.1438,PENDING_AG03,FALSE,NOT_FOR_ENFORCEMENT,-59.8349,4258.5400,-62.3280,-59.8349,-2.4931,-0.01271462,-0.01220604,-2.4931,-59.8349,-0.01220604,-2.4931,-2.4931,-2.4931,0.0000,0.0000,-59.8349,-0.01220604,-7.4794,-7.1842,-54.8486,-55.1438,-0.01118887,-0.01124909,-0.00050858,20.8599,18.8765,-0.2652,-1.8887,-1.0053,148.5476,7.1212,8.9305,21.8494,7.9718,12.9089,21.3899,51.8914,64.8643,120.6478,12.8578,0.0,5.024778,9.346106,1.615931,19,48,32,2,0.03279202,-0.01271462,0.27643441,0E-8,0.000000,0.904919,0.000000,-0.29895229,2026-03-24,2026-08-05,33,62,61,135,0.244444,0.408729,0.428118,0.109307,,,,,,,,GLOBAL_BASELINE_NO_ENTITY_RANKING,,,NOT_APPLICABLE_GLOBAL_BASELINE,HF9g-P5,,,,X 全窗基线 · 不参与实体赏罚,3921707,393,A168_HF9F_20260827_0900,2026-08-27 09:00:00
2026-07-26,127405060,2171,0,68.6752898045,-9.8107556863,-9.8107556863,0.5000000,4,4,0.50329940000000000,0.503299400000,-0.009332315641528947,-0.009332315641528947,-0.009332315641528947,0E-17,ELIGIBLE,R03b_20260811_FULL_v1,L1_ELIGIBILITY,v2026-08-11,2026-03-21..2026-08-06,baccarat_bet02_101_all_pairs_incl_sentinel,round_win = game_pnl > 0 (decisive only),COMPATIBILITY_ONLY_NOT_PRODUCTION,4902.0713,4435.9791,-62.3280,235,235,0.01271462,-0.27643441,0.02251787,0.01271462,62.3280,4902.0713,OK,0.0000,-2.4931,4.0000,96.0000,AG03-UNRESOLVED,ALL5_LEVELS_bet23_to_bet27,-2.4931,-2.4931,-2.4931,0.0000,0.0000,4.000000,4.000000,4.000000,0.000000,0.000000,96.000000,96.000000,96.000000,100.000000,100.000000,5.0,-7.4794,-7.1842,-54.8486,-55.1438,PENDING_AG03,FALSE,NOT_FOR_ENFORCEMENT,-59.8349,4258.5400,-62.3280,-59.8349,-2.4931,-0.01271462,-0.01220604,-2.4931,-59.8349,-0.01220604,-2.4931,-2.4931,-2.4931,0.0000,0.0000,-59.8349,-0.01220604,-7.4794,-7.1842,-54.8486,-55.1438,-0.01118887,-0.01124909,-0.00050858,20.8599,18.8765,-0.2652,-1.8887,-1.0053,148.5476,7.1212,8.9305,21.8494,7.9718,12.9089,21.3899,51.8914,64.8643,120.6478,12.8578,0.0,5.024778,9.346106,1.615931,19,48,32,2,0.03279202,-0.01271462,0.27643441,0E-8,0.000000,0.904919,0.000000,-0.29895229,2026-03-24,2026-08-05,33,62,61,135,0.244444,0.408729,0.428118,0.109307,,,,,,,,GLOBAL_BASELINE_NO_ENTITY_RANKING,,,NOT_APPLICABLE_GLOBAL_BASELINE,HF9g-P5,,,,X 全窗基线 · 不参与实体赏罚,3921708,393,A168_HF9F_20260827_0900,2026-08-27 09:00:00
2026-08-03,127405060,1383,0,9.5035060232,-9.5035060232,-9.5035060232,0E-7,1,1,0.49324550000000000,0.493245500000,-0.9865810262130424,-0.9865810262130424,-0.9865810262130424,0E-17,ELIGIBLE,R03b_20260811_FULL_v1,L1_ELIGIBILITY,v2026-08-11,2026-03-21..2026-08-06,baccarat_bet02_101_all_pairs_incl_sentinel,round_win = game_pnl > 0 (decisive only),COMPATIBILITY_ONLY_NOT_PRODUCTION,4902.0713,4435.9791,-62.3280,235,235,0.01271462,-0.27643441,0.02251787,0.01271462,62.3280,4902.0713,OK,0.0000,-2.4931,4.0000,96.0000,AG03-UNRESOLVED,ALL5_LEVELS_bet23_to_bet27,-2.4931,-2.4931,-2.4931,0.0000,0.0000,4.000000,4.000000,4.000000,0.000000,0.000000,96.000000,96.000000,96.000000,100.000000,100.000000,5.0,-7.4794,-7.1842,-54.8486,-55.1438,PENDING_AG03,FALSE,NOT_FOR_ENFORCEMENT,-59.8349,4258.5400,-62.3280,-59.8349,-2.4931,-0.01271462,-0.01220604,-2.4931,-59.8349,-0.01220604,-2.4931,-2.4931,-2.4931,0.0000,0.0000,-59.8349,-0.01220604,-7.4794,-7.1842,-54.8486,-55.1438,-0.01118887,-0.01124909,-0.00050858,20.8599,18.8765,-0.2652,-1.8887,-1.0053,148.5476,7.1212,8.9305,21.8494,7.9718,12.9089,21.3899,51.8914,64.8643,120.6478,12.8578,0.0,5.024778,9.346106,1.615931,19,48,32,2,0.03279202,-0.01271462,0.27643441,0E-8,0.000000,0.904919,0.000000,-0.29895229,2026-03-24,2026-08-05,33,62,61,135,0.244444,0.408729,0.428118,0.109307,,,,,,,,GLOBAL_BASELINE_NO_ENTITY_RANKING,,,NOT_APPLICABLE_GLOBAL_BASELINE,HF9g-P5,,,,X 全窗基线 · 不参与实体赏罚,3921709,393,A168_HF9F_20260827_0900,2026-08-27 09:00:00
2026-08-03,127405060,2108,0,12.8425757070,2.1832378702,2.1832378702,0.6666667,3,3,0.50665070000000000,0.506650700000,0.5543606114942035,0.5543606114942035,0.5543606114942035,0E-17,ELIGIBLE,R03b_20260811_FULL_v1,L1_ELIGIBILITY,v2026-08-11,2026-03-21..2026-08-06,baccarat_bet02_101_all_pairs_incl_sentinel,round_win = game_pnl > 0 (decisive only),COMPATIBILITY_ONLY_NOT_PRODUCTION,4902.0713,4435.9791,-62.3280,235,235,0.01271462,-0.27643441,0.02251787,0.01271462,62.3280,4902.0713,OK,0.0000,-2.4931,4.0000,96.0000,AG03-UNRESOLVED,ALL5_LEVELS_bet23_to_bet27,-2.4931,-2.4931,-2.4931,0.0000,0.0000,4.000000,4.000000,4.000000,0.000000,0.000000,96.000000,96.000000,96.000000,100.000000,100.000000,5.0,-7.4794,-7.1842,-54.8486,-55.1438,PENDING_AG03,FALSE,NOT_FOR_ENFORCEMENT,-59.8349,4258.5400,-62.3280,-59.8349,-2.4931,-0.01271462,-0.01220604,-2.4931,-59.8349,-0.01220604,-2.4931,-2.4931,-2.4931,0.0000,0.0000,-59.8349,-0.01220604,-7.4794,-7.1842,-54.8486,-55.1438,-0.01118887,-0.01124909,-0.00050858,20.8599,18.8765,-0.2652,-1.8887,-1.0053,148.5476,7.1212,8.9305,21.8494,7.9718,12.9089,21.3899,51.8914,64.8643,120.6478,12.8578,0.0,5.024778,9.346106,1.615931,19,48,32,2,0.03279202,-0.01271462,0.27643441,0E-8,0.000000,0.904919,0.000000,-0.29895229,2026-03-24,2026-08-05,33,62,61,135,0.244444,0.408729,0.428118,0.109307,,,,,,,,GLOBAL_BASELINE_NO_ENTITY_RANKING,,,NOT_APPLICABLE_GLOBAL_BASELINE,HF9g-P5,,,,X 全窗基线 · 不参与实体赏罚,3921710,393,A168_HF9F_20260827_0900,2026-08-27 09:00:00
2026-08-03,127405060,550,0,10.0172090515,0.2568515141,0.2568515141,0.5000000,2,2,0.49324550000000000,0.493245500000,0.01910635448239258,0.01910635448239258,0.01910635448239258,0E-17,ELIGIBLE,R03b_20260811_FULL_v1,L1_ELIGIBILITY,v2026-08-11,2026-03-21..2026-08-06,baccarat_bet02_101_all_pairs_incl_sentinel,round_win = game_pnl > 0 (decisive only),COMPATIBILITY_ONLY_NOT_PRODUCTION,4902.0713,4435.9791,-62.3280,235,235,0.01271462,-0.27643441,0.02251787,0.01271462,62.3280,4902.0713,OK,0.0000,-2.4931,4.0000,96.0000,AG03-UNRESOLVED,ALL5_LEVELS_bet23_to_bet27,-2.4931,-2.4931,-2.4931,0.0000,0.0000,4.000000,4.000000,4.000000,0.000000,0.000000,96.000000,96.000000,96.000000,100.000000,100.000000,5.0,-7.4794,-7.1842,-54.8486,-55.1438,PENDING_AG03,FALSE,NOT_FOR_ENFORCEMENT,-59.8349,4258.5400,-62.3280,-59.8349,-2.4931,-0.01271462,-0.01220604,-2.4931,-59.8349,-0.01220604,-2.4931,-2.4931,-2.4931,0.0000,0.0000,-59.8349,-0.01220604,-7.4794,-7.1842,-54.8486,-55.1438,-0.01118887,-0.01124909,-0.00050858,20.8599,18.8765,-0.2652,-1.8887,-1.0053,148.5476,7.1212,8.9305,21.8494,7.9718,12.9089,21.3899,51.8914,64.8643,120.6478,12.8578,0.0,5.024778,9.346106,1.615931,19,48,32,2,0.03279202,-0.01271462,0.27643441,0E-8,0.000000,0.904919,0.000000,-0.29895229,2026-03-24,2026-08-05,33,62,61,135,0.244444,0.408729,0.428118,0.109307,,,,,,,,GLOBAL_BASELINE_NO_ENTITY_RANKING,,,NOT_APPLICABLE_GLOBAL_BASELINE,HF9g-P5,,,,X 全窗基线 · 不参与实体赏罚,3921711,393,A168_HF9F_20260827_0900,2026-08-27 09:00:00
2026-08-04,127405060,2170,0,7.4486939101,-7.4486939101,-7.4486939101,0E-7,1,1,0.49324550000000000,0.493245500000,-0.9865810262130424,-0.9865810262130424,-0.9865810262130424,0E-17,ELIGIBLE,R03b_20260811_FULL_v1,L1_ELIGIBILITY,v2026-08-11,2026-03-21..2026-08-06,baccarat_bet02_101_all_pairs_incl_sentinel,round_win = game_pnl > 0 (decisive only),COMPATIBILITY_ONLY_NOT_PRODUCTION,4902.0713,4435.9791,-62.3280,235,235,0.01271462,-0.27643441,0.02251787,0.01271462,62.3280,4902.0713,OK,0.0000,-2.4931,4.0000,96.0000,AG03-UNRESOLVED,ALL5_LEVELS_bet23_to_bet27,-2.4931,-2.4931,-2.4931,0.0000,0.0000,4.000000,4.000000,4.000000,0.000000,0.000000,96.000000,96.000000,96.000000,100.000000,100.000000,5.0,-7.4794,-7.1842,-54.8486,-55.1438,PENDING_AG03,FALSE,NOT_FOR_ENFORCEMENT,-59.8349,4258.5400,-62.3280,-59.8349,-2.4931,-0.01271462,-0.01220604,-2.4931,-59.8349,-0.01220604,-2.4931,-2.4931,-2.4931,0.0000,0.0000,-59.8349,-0.01220604,-7.4794,-7.1842,-54.8486,-55.1438,-0.01118887,-0.01124909,-0.00050858,20.8599,18.8765,-0.2652,-1.8887,-1.0053,148.5476,7.1212,8.9305,21.8494,7.9718,12.9089,21.3899,51.8914,64.8643,120.6478,12.8578,0.0,5.024778,9.346106,1.615931,19,48,32,2,0.03279202,-0.01271462,0.27643441,0E-8,0.000000,0.904919,0.000000,-0.29895229,2026-03-24,2026-08-05,33,62,61,135,0.244444,0.408729,0.428118,0.109307,,,,,,,,GLOBAL_BASELINE_NO_ENTITY_RANKING,,,NOT_APPLICABLE_GLOBAL_BASELINE,HF9g-P5,,,,X 全窗基线 · 不参与实体赏罚,3921712,393,A168_HF9F_20260827_0900,2026-08-27 09:00:00
2026-08-05,127405060,1654,0,7.1918423959,0E-10,0E-10,,1,1,0.49324550000000000,0.493245500000,,,,0E-17,NO_DECISIVE_ROUND,R03b_20260811_FULL_v1,L1_ELIGIBILITY,v2026-08-11,2026-03-21..2026-08-06,baccarat_bet02_101_all_pairs_incl_sentinel,round_win = game_pnl > 0 (decisive only),COMPATIBILITY_ONLY_NOT_PRODUCTION,4902.0713,4435.9791,-62.3280,235,235,0.01271462,-0.27643441,0.02251787,0.01271462,62.3280,4902.0713,OK,0.0000,-2.4931,4.0000,96.0000,AG03-UNRESOLVED,ALL5_LEVELS_bet23_to_bet27,-2.4931,-2.4931,-2.4931,0.0000,0.0000,4.000000,4.000000,4.000000,0.000000,0.000000,96.000000,96.000000,96.000000,100.000000,100.000000,5.0,-7.4794,-7.1842,-54.8486,-55.1438,PENDING_AG03,FALSE,NOT_FOR_ENFORCEMENT,-59.8349,4258.5400,-62.3280,-59.8349,-2.4931,-0.01271462,-0.01220604,-2.4931,-59.8349,-0.01220604,-2.4931,-2.4931,-2.4931,0.0000,0.0000,-59.8349,-0.01220604,-7.4794,-7.1842,-54.8486,-55.1438,-0.01118887,-0.01124909,-0.00050858,20.8599,18.8765,-0.2652,-1.8887,-1.0053,148.5476,7.1212,8.9305,21.8494,7.9718,12.9089,21.3899,51.8914,64.8643,120.6478,12.8578,0.0,5.024778,9.346106,1.615931,19,48,32,2,0.03279202,-0.01271462,0.27643441,0E-8,0.000000,0.904919,0.000000,-0.29895229,2026-03-24,2026-08-05,33,62,61,135,0.244444,0.408729,0.428118,0.109307,,,,,,,,GLOBAL_BASELINE_NO_ENTITY_RANKING,,,NOT_APPLICABLE_GLOBAL_BASELINE,HF9g-P5,,,,X 全窗基线 · 不参与实体赏罚,3921713,393,A168_HF9F_20260827_0900,2026-08-27 09:00:00
2026-08-05,127405060,2123,0,21.5755271877,-7.1918423959,-7.1918423959,0E-7,3,3,0.49771390000000000,0.497713900000,-0.9954382048786059,-0.995438204878606,-0.9954382048786059,0E-17,ELIGIBLE,R03b_20260811_FULL_v1,L1_ELIGIBILITY,v2026-08-11,2026-03-21..2026-08-06,baccarat_bet02_101_all_pairs_incl_sentinel,round_win = game_pnl > 0 (decisive only),COMPATIBILITY_ONLY_NOT_PRODUCTION,4902.0713,4435.9791,-62.3280,235,235,0.01271462,-0.27643441,0.02251787,0.01271462,62.3280,4902.0713,OK,0.0000,-2.4931,4.0000,96.0000,AG03-UNRESOLVED,ALL5_LEVELS_bet23_to_bet27,-2.4931,-2.4931,-2.4931,0.0000,0.0000,4.000000,4.000000,4.000000,0.000000,0.000000,96.000000,96.000000,96.000000,100.000000,100.000000,5.0,-7.4794,-7.1842,-54.8486,-55.1438,PENDING_AG03,FALSE,NOT_FOR_ENFORCEMENT,-59.8349,4258.5400,-62.3280,-59.8349,-2.4931,-0.01271462,-0.01220604,-2.4931,-59.8349,-0.01220604,-2.4931,-2.4931,-2.4931,0.0000,0.0000,-59.8349,-0.01220604,-7.4794,-7.1842,-54.8486,-55.1438,-0.01118887,-0.01124909,-0.00050858,20.8599,18.8765,-0.2652,-1.8887,-1.0053,148.5476,7.1212,8.9305,21.8494,7.9718,12.9089,21.3899,51.8914,64.8643,120.6478,12.8578,0.0,5.024778,9.346106,1.615931,19,48,32,2,0.03279202,-0.01271462,0.27643441,0E-8,0.000000,0.904919,0.000000,-0.29895229,2026-03-24,2026-08-05,33,62,61,135,0.244444,0.408729,0.428118,0.109307,,,,,,,,GLOBAL_BASELINE_NO_ENTITY_RANKING,,,NOT_APPLICABLE_GLOBAL_BASELINE,HF9g-P5,,,,X 全窗基线 · 不参与实体赏罚,3921714,393,A168_HF9F_20260827_0900,2026-08-27 09:00:00
2026-04-12,148569770,1094,0,8.0113001497,3.6050850674,3.6050850674,0.6666667,3,3,0.49771390000000000,0.497713900000,0.5852756695216578,0.5852756695216578,0.5852756695216578,0E-17,ELIGIBLE,R03b_20260811_FULL_v1,L1_ELIGIBILITY,v2026-08-11,2026-03-21..2026-08-06,baccarat_bet02_101_all_pairs_incl_sentinel,round_win = game_pnl > 0 (decisive only),COMPATIBILITY_ONLY_NOT_PRODUCTION,454.2656,412.9617,-62.3275,129,75,0.13720497,,0.13720497,0.13720497,62.3275,454.2656,OK,0.0000,-2.4931,4.0000,96.0000,AG03-UNRESOLVED,ALL5_LEVELS_bet23_to_bet27,-2.4931,-2.4931,-2.4931,-4.9862,-4.9862,4.000000,4.000000,4.000000,8.000000,8.000000,96.000000,96.000000,96.000000,92.000000,92.000000,5.0,-17.4517,-15.6541,-44.8758,-46.6734,PENDING_AG03,FALSE,NOT_FOR_ENFORCEMENT,-59.8344,396.4432,-62.3275,-59.8344,-2.4931,-0.13720497,-0.13171677,-2.4931,-59.8344,-0.13171677,-2.4931,-2.4931,-2.4931,-4.9862,-4.9862,-59.8344,-0.13171677,-17.4517,-15.6541,-44.8758,-46.6734,-0.09878758,-0.10274464,-0.00548820,3.5214,5.5062,-0.8310,-10.3879,-6.9253,75.7109,12.5000,,3.5214,2.1082,2.3191,4.2165,6.3247,7.2102,12.3121,2.1082,-2.1082,3.109089,5.309088,1.518477,9,9,7,6,0E-8,-0.13720497,,0E-8,0.000000,0.909075,0.085271,,2026-04-12,2026-05-10,6,9,9,29,0.206897,,,0.000000,,,,,,,,GLOBAL_BASELINE_NO_ENTITY_RANKING,,,NOT_APPLICABLE_GLOBAL_BASELINE,HF9g-P5,,,,X 全窗基线 · 不参与实体赏罚,3921715,393,A168_HF9F_20260827_0900,2026-08-27 09:00:00
2026-04-12,148569770,2160,0,54.1816878544,54.8774060252,54.8774060252,0.8000000,21,17,0.42234444411764706,0.418304758824,2.9612402079182725,2.9968721565977146,2.9612402079182725,0.00403968529364706,ELIGIBLE,R03b_20260811_FULL_v1,L1_ELIGIBILITY,v2026-08-11,2026-03-21..2026-08-06,baccarat_bet02_101_all_pairs_incl_sentinel,round_win = game_pnl > 0 (decisive only),COMPATIBILITY_ONLY_NOT_PRODUCTION,454.2656,412.9617,-62.3275,129,75,0.13720497,,0.13720497,0.13720497,62.3275,454.2656,OK,0.0000,-2.4931,4.0000,96.0000,AG03-UNRESOLVED,ALL5_LEVELS_bet23_to_bet27,-2.4931,-2.4931,-2.4931,-4.9862,-4.9862,4.000000,4.000000,4.000000,8.000000,8.000000,96.000000,96.000000,96.000000,92.000000,92.000000,5.0,-17.4517,-15.6541,-44.8758,-46.6734,PENDING_AG03,FALSE,NOT_FOR_ENFORCEMENT,-59.8344,396.4432,-62.3275,-59.8344,-2.4931,-0.13720497,-0.13171677,-2.4931,-59.8344,-0.13171677,-2.4931,-2.4931,-2.4931,-4.9862,-4.9862,-59.8344,-0.13171677,-17.4517,-15.6541,-44.8758,-46.6734,-0.09878758,-0.10274464,-0.00548820,3.5214,5.5062,-0.8310,-10.3879,-6.9253,75.7109,12.5000,,3.5214,2.1082,2.3191,4.2165,6.3247,7.2102,12.3121,2.1082,-2.1082,3.109089,5.309088,1.518477,9,9,7,6,0E-8,-0.13720497,,0E-8,0.000000,0.909075,0.085271,,2026-04-12,2026-05-10,6,9,9,29,0.206897,,,0.000000,,,,,,,,GLOBAL_BASELINE_NO_ENTITY_RANKING,,,NOT_APPLICABLE_GLOBAL_BASELINE,HF9g-P5,,,,X 全窗基线 · 不参与实体赏罚,3921716,393,A168_HF9F_20260827_0900,2026-08-27 09:00:00
2026-04-12,148569770,2258,0,3.1623553222,-3.1623553222,-3.1623553222,0E-7,1,1,0.50665070000000000,0.506650700000,-1.013391052207602,-1.013391052207602,-1.013391052207602,0E-17,ELIGIBLE,R03b_20260811_FULL_v1,L1_ELIGIBILITY,v2026-08-11,2026-03-21..2026-08-06,baccarat_bet02_101_all_pairs_incl_sentinel,round_win = game_pnl > 0 (decisive only),COMPATIBILITY_ONLY_NOT_PRODUCTION,454.2656,412.9617,-62.3275,129,75,0.13720497,,0.13720497,0.13720497,62.3275,454.2656,OK,0.0000,-2.4931,4.0000,96.0000,AG03-UNRESOLVED,ALL5_LEVELS_bet23_to_bet27,-2.4931,-2.4931,-2.4931,-4.9862,-4.9862,4.000000,4.000000,4.000000,8.000000,8.000000,96.000000,96.000000,96.000000,92.000000,92.000000,5.0,-17.4517,-15.6541,-44.8758,-46.6734,PENDING_AG03,FALSE,NOT_FOR_ENFORCEMENT,-59.8344,396.4432,-62.3275,-59.8344,-2.4931,-0.13720497,-0.13171677,-2.4931,-59.8344,-0.13171677,-2.4931,-2.4931,-2.4931,-4.9862,-4.9862,-59.8344,-0.13171677,-17.4517,-15.6541,-44.8758,-46.6734,-0.09878758,-0.10274464,-0.00548820,3.5214,5.5062,-0.8310,-10.3879,-6.9253,75.7109,12.5000,,3.5214,2.1082,2.3191,4.2165,6.3247,7.2102,12.3121,2.1082,-2.1082,3.109089,5.309088,1.518477,9,9,7,6,0E-8,-0.13720497,,0E-8,0.000000,0.909075,0.085271,,2026-04-12,2026-05-10,6,9,9,29,0.206897,,,0.000000,,,,,,,,GLOBAL_BASELINE_NO_ENTITY_RANKING,,,NOT_APPLICABLE_GLOBAL_BASELINE,HF9g-P5,,,,X 全窗基线 · 不参与实体赏罚,3921717,393,A168_HF9F_20260827_0900,2026-08-27 09:00:00
2026-04-12,148569770,925,0,2.1082368815,-2.1082368815,-2.1082368815,0E-7,1,1,0.49324550000000000,0.493245500000,-0.9865810262130424,-0.9865810262130424,-0.9865810262130424,0E-17,ELIGIBLE,R03b_20260811_FULL_v1,L1_ELIGIBILITY,v2026-08-11,2026-03-21..2026-08-06,baccarat_bet02_101_all_pairs_incl_sentinel,round_win = game_pnl > 0 (decisive only),COMPATIBILITY_ONLY_NOT_PRODUCTION,454.2656,412.9617,-62.3275,129,75,0.13720497,,0.13720497,0.13720497,62.3275,454.2656,OK,0.0000,-2.4931,4.0000,96.0000,AG03-UNRESOLVED,ALL5_LEVELS_bet23_to_bet27,-2.4931,-2.4931,-2.4931,-4.9862,-4.9862,4.000000,4.000000,4.000000,8.000000,8.000000,96.000000,96.000000,96.000000,92.000000,92.000000,5.0,-17.4517,-15.6541,-44.8758,-46.6734,PENDING_AG03,FALSE,NOT_FOR_ENFORCEMENT,-59.8344,396.4432,-62.3275,-59.8344,-2.4931,-0.13720497,-0.13171677,-2.4931,-59.8344,-0.13171677,-2.4931,-2.4931,-2.4931,-4.9862,-4.9862,-59.8344,-0.13171677,-17.4517,-15.6541,-44.8758,-46.6734,-0.09878758,-0.10274464,-0.00548820,3.5214,5.5062,-0.8310,-10.3879,-6.9253,75.7109,12.5000,,3.5214,2.1082,2.3191,4.2165,6.3247,7.2102,12.3121,2.1082,-2.1082,3.109089,5.309088,1.518477,9,9,7,6,0E-8,-0.13720497,,0E-8,0.000000,0.909075,0.085271,,2026-04-12,2026-05-10,6,9,9,29,0.206897,,,0.000000,,,,,,,,GLOBAL_BASELINE_NO_ENTITY_RANKING,,,NOT_APPLICABLE_GLOBAL_BASELINE,HF9g-P5,,,,X 全窗基线 · 不参与实体赏罚,3921718,393,A168_HF9F_20260827_0900,2026-08-27 09:00:00
2026-04-21,148569770,2175,0,71.4692302828,11.8061265364,11.8061265364,0.3636364,17,11,0.41077464171585990,0.362532415152,-0.3177807087516672,0.007616276024226994,-0.3177807087516672,0.04824222656385990,ELIGIBLE,R03b_20260811_FULL_v1,L1_ELIGIBILITY,v2026-08-11,2026-03-21..2026-08-06,baccarat_bet02_101_all_pairs_incl_sentinel,round_win = game_pnl > 0 (decisive only),COMPATIBILITY_ONLY_NOT_PRODUCTION,454.2656,412.9617,-62.3275,129,75,0.13720497,,0.13720497,0.13720497,62.3275,454.2656,OK,0.0000,-2.4931,4.0000,96.0000,AG03-UNRESOLVED,ALL5_LEVELS_bet23_to_bet27,-2.4931,-2.4931,-2.4931,-4.9862,-4.9862,4.000000,4.000000,4.000000,8.000000,8.000000,96.000000,96.000000,96.000000,92.000000,92.000000,5.0,-17.4517,-15.6541,-44.8758,-46.6734,PENDING_AG03,FALSE,NOT_FOR_ENFORCEMENT,-59.8344,396.4432,-62.3275,-59.8344,-2.4931,-0.13720497,-0.13171677,-2.4931,-59.8344,-0.13171677,-2.4931,-2.4931,-2.4931,-4.9862,-4.9862,-59.8344,-0.13171677,-17.4517,-15.6541,-44.8758,-46.6734,-0.09878758,-0.10274464,-0.00548820,3.5214,5.5062,-0.8310,-10.3879,-6.9253,75.7109,12.5000,,3.5214,2.1082,2.3191,4.2165,6.3247,7.2102,12.3121,2.1082,-2.1082,3.109089,5.309088,1.518477,9,9,7,6,0E-8,-0.13720497,,0E-8,0.000000,0.909075,0.085271,,2026-04-12,2026-05-10,6,9,9,29,0.206897,,,0.000000,,,,,,,,GLOBAL_BASELINE_NO_ENTITY_RANKING,,,NOT_APPLICABLE_GLOBAL_BASELINE,HF9g-P5,,,,X 全窗基线 · 不参与实体赏罚,3921719,393,A168_HF9F_20260827_0900,2026-08-27 09:00:00
2026-04-22,148569770,1703,0,37.9482638669,-6.9571817090,-6.9571817090,0.6000000,10,5,0.42382316852925785,0.350924910000,0.7971931433068,1.1669727860615515,0.7971931433068,0.07289825852925785,ELIGIBLE,R03b_20260811_FULL_v1,L1_ELIGIBILITY,v2026-08-11,2026-03-21..2026-08-06,baccarat_bet02_101_all_pairs_incl_sentinel,round_win = game_pnl > 0 (decisive only),COMPATIBILITY_ONLY_NOT_PRODUCTION,454.2656,412.9617,-62.3275,129,75,0.13720497,,0.13720497,0.13720497,62.3275,454.2656,OK,0.0000,-2.4931,4.0000,96.0000,AG03-UNRESOLVED,ALL5_LEVELS_bet23_to_bet27,-2.4931,-2.4931,-2.4931,-4.9862,-4.9862,4.000000,4.000000,4.000000,8.000000,8.000000,96.000000,96.000000,96.000000,92.000000,92.000000,5.0,-17.4517,-15.6541,-44.8758,-46.6734,PENDING_AG03,FALSE,NOT_FOR_ENFORCEMENT,-59.8344,396.4432,-62.3275,-59.8344,-2.4931,-0.13720497,-0.13171677,-2.4931,-59.8344,-0.13171677,-2.4931,-2.4931,-2.4931,-4.9862,-4.9862,-59.8344,-0.13171677,-17.4517,-15.6541,-44.8758,-46.6734,-0.09878758,-0.10274464,-0.00548820,3.5214,5.5062,-0.8310,-10.3879,-6.9253,75.7109,12.5000,,3.5214,2.1082,2.3191,4.2165,6.3247,7.2102,12.3121,2.1082,-2.1082,3.109089,5.309088,1.518477,9,9,7,6,0E-8,-0.13720497,,0E-8,0.000000,0.909075,0.085271,,2026-04-12,2026-05-10,6,9,9,29,0.206897,,,0.000000,,,,,,,,GLOBAL_BASELINE_NO_ENTITY_RANKING,,,NOT_APPLICABLE_GLOBAL_BASELINE,HF9g-P5,,,,X 全窗基线 · 不参与实体赏罚,3921720,393,A168_HF9F_20260827_0900,2026-08-27 09:00:00
2026-04-22,148569770,1966,0,6.5355343326,2.0976956971,2.0976956971,1.0000000,2,1,0.36730734516022428,0.290668500000,1.3124464416088035,1.562160450482473,1.3124464416088035,0.07663884516022428,ELIGIBLE,R03b_20260811_FULL_v1,L1_ELIGIBILITY,v2026-08-11,2026-03-21..2026-08-06,baccarat_bet02_101_all_pairs_incl_sentinel,round_win = game_pnl > 0 (decisive only),COMPATIBILITY_ONLY_NOT_PRODUCTION,454.2656,412.9617,-62.3275,129,75,0.13720497,,0.13720497,0.13720497,62.3275,454.2656,OK,0.0000,-2.4931,4.0000,96.0000,AG03-UNRESOLVED,ALL5_LEVELS_bet23_to_bet27,-2.4931,-2.4931,-2.4931,-4.9862,-4.9862,4.000000,4.000000,4.000000,8.000000,8.000000,96.000000,96.000000,96.000000,92.000000,92.000000,5.0,-17.4517,-15.6541,-44.8758,-46.6734,PENDING_AG03,FALSE,NOT_FOR_ENFORCEMENT,-59.8344,396.4432,-62.3275,-59.8344,-2.4931,-0.13720497,-0.13171677,-2.4931,-59.8344,-0.13171677,-2.4931,-2.4931,-2.4931,-4.9862,-4.9862,-59.8344,-0.13171677,-17.4517,-15.6541,-44.8758,-46.6734,-0.09878758,-0.10274464,-0.00548820,3.5214,5.5062,-0.8310,-10.3879,-6.9253,75.7109,12.5000,,3.5214,2.1082,2.3191,4.2165,6.3247,7.2102,12.3121,2.1082,-2.1082,3.109089,5.309088,1.518477,9,9,7,6,0E-8,-0.13720497,,0E-8,0.000000,0.909075,0.085271,,2026-04-12,2026-05-10,6,9,9,29,0.206897,,,0.000000,,,,,,,,GLOBAL_BASELINE_NO_ENTITY_RANKING,,,NOT_APPLICABLE_GLOBAL_BASELINE,HF9g-P5,,,,X 全窗基线 · 不参与实体赏罚,3921721,393,A168_HF9F_20260827_0900,2026-08-27 09:00:00
2026-04-24,148569770,-1,1,134.5055130393,7.2839584255,7.2839584255,0.6315789,41,21,0.39745233037439805,0.343140785714,2.085399960086877,2.648239143100091,2.085399960086877,0.05431154466039805,SENTINEL_DEALER,R03b_20260811_FULL_v1,L1_ELIGIBILITY,v2026-08-11,2026-03-21..2026-08-06,baccarat_bet02_101_all_pairs_incl_sentinel,round_win = game_pnl > 0 (decisive only),COMPATIBILITY_ONLY_NOT_PRODUCTION,454.2656,412.9617,-62.3275,129,75,0.13720497,,0.13720497,0.13720497,62.3275,454.2656,OK,0.0000,-2.4931,4.0000,96.0000,AG03-UNRESOLVED,ALL5_LEVELS_bet23_to_bet27,-2.4931,-2.4931,-2.4931,-4.9862,-4.9862,4.000000,4.000000,4.000000,8.000000,8.000000,96.000000,96.000000,96.000000,92.000000,92.000000,5.0,-17.4517,-15.6541,-44.8758,-46.6734,PENDING_AG03,FALSE,NOT_FOR_ENFORCEMENT,-59.8344,396.4432,-62.3275,-59.8344,-2.4931,-0.13720497,-0.13171677,-2.4931,-59.8344,-0.13171677,-2.4931,-2.4931,-2.4931,-4.9862,-4.9862,-59.8344,-0.13171677,-17.4517,-15.6541,-44.8758,-46.6734,-0.09878758,-0.10274464,-0.00548820,3.5214,5.5062,-0.8310,-10.3879,-6.9253,75.7109,12.5000,,3.5214,2.1082,2.3191,4.2165,6.3247,7.2102,12.3121,2.1082,-2.1082,3.109089,5.309088,1.518477,9,9,7,6,0E-8,-0.13720497,,0E-8,0.000000,0.909075,0.085271,,2026-04-12,2026-05-10,6,9,9,29,0.206897,,,0.000000,,,,,,,,GLOBAL_BASELINE_NO_ENTITY_RANKING,,,NOT_APPLICABLE_GLOBAL_BASELINE,HF9g-P5,,,,X 全窗基线 · 不参与实体赏罚,3921722,393,A168_HF9F_20260827_0900,2026-08-27 09:00:00
2026-04-24,148569770,1115,0,77.7939409271,12.8918685304,12.8918685304,0.7777778,22,9,0.35582560953689905,0.266052527778,2.6440164268381694,3.4740968166295634,2.6440164268381694,0.08977308175889905,ELIGIBLE,R03b_20260811_FULL_v1,L1_ELIGIBILITY,v2026-08-11,2026-03-21..2026-08-06,baccarat_bet02_101_all_pairs_incl_sentinel,round_win = game_pnl > 0 (decisive only),COMPATIBILITY_ONLY_NOT_PRODUCTION,454.2656,412.9617,-62.3275,129,75,0.13720497,,0.13720497,0.13720497,62.3275,454.2656,OK,0.0000,-2.4931,4.0000,96.0000,AG03-UNRESOLVED,ALL5_LEVELS_bet23_to_bet27,-2.4931,-2.4931,-2.4931,-4.9862,-4.9862,4.000000,4.000000,4.000000,8.000000,8.000000,96.000000,96.000000,96.000000,92.000000,92.000000,5.0,-17.4517,-15.6541,-44.8758,-46.6734,PENDING_AG03,FALSE,NOT_FOR_ENFORCEMENT,-59.8344,396.4432,-62.3275,-59.8344,-2.4931,-0.13720497,-0.13171677,-2.4931,-59.8344,-0.13171677,-2.4931,-2.4931,-2.4931,-4.9862,-4.9862,-59.8344,-0.13171677,-17.4517,-15.6541,-44.8758,-46.6734,-0.09878758,-0.10274464,-0.00548820,3.5214,5.5062,-0.8310,-10.3879,-6.9253,75.7109,12.5000,,3.5214,2.1082,2.3191,4.2165,6.3247,7.2102,12.3121,2.1082,-2.1082,3.109089,5.309088,1.518477,9,9,7,6,0E-8,-0.13720497,,0E-8,0.000000,0.909075,0.085271,,2026-04-12,2026-05-10,6,9,9,29,0.206897,,,0.000000,,,,,,,,GLOBAL_BASELINE_NO_ENTITY_RANKING,,,NOT_APPLICABLE_GLOBAL_BASELINE,HF9g-P5,,,,X 全窗基线 · 不参与实体赏罚,3921723,393,A168_HF9F_20260827_0900,2026-08-27 09:00:00
2026-04-27,148569770,-1,1,42.1647376300,-21.6094280354,-21.6094280354,0.5000000,7,2,0.39460565000000000,0.227261885000,0.30495200720268006,0.9204100732105204,0.30495200720268006,0.16734376500000000,SENTINEL_DEALER,R03b_20260811_FULL_v1,L1_ELIGIBILITY,v2026-08-11,2026-03-21..2026-08-06,baccarat_bet02_101_all_pairs_incl_sentinel,round_win = game_pnl > 0 (decisive only),COMPATIBILITY_ONLY_NOT_PRODUCTION,454.2656,412.9617,-62.3275,129,75,0.13720497,,0.13720497,0.13720497,62.3275,454.2656,OK,0.0000,-2.4931,4.0000,96.0000,AG03-UNRESOLVED,ALL5_LEVELS_bet23_to_bet27,-2.4931,-2.4931,-2.4931,-4.9862,-4.9862,4.000000,4.000000,4.000000,8.000000,8.000000,96.000000,96.000000,96.000000,92.000000,92.000000,5.0,-17.4517,-15.6541,-44.8758,-46.6734,PENDING_AG03,FALSE,NOT_FOR_ENFORCEMENT,-59.8344,396.4432,-62.3275,-59.8344,-2.4931,-0.13720497,-0.13171677,-2.4931,-59.8344,-0.13171677,-2.4931,-2.4931,-2.4931,-4.9862,-4.9862,-59.8344,-0.13171677,-17.4517,-15.6541,-44.8758,-46.6734,-0.09878758,-0.10274464,-0.00548820,3.5214,5.5062,-0.8310,-10.3879,-6.9253,75.7109,12.5000,,3.5214,2.1082,2.3191,4.2165,6.3247,7.2102,12.3121,2.1082,-2.1082,3.109089,5.309088,1.518477,9,9,7,6,0E-8,-0.13720497,,0E-8,0.000000,0.909075,0.085271,,2026-04-12,2026-05-10,6,9,9,29,0.206897,,,0.000000,,,,,,,,GLOBAL_BASELINE_NO_ENTITY_RANKING,,,NOT_APPLICABLE_GLOBAL_BASELINE,HF9g-P5,,,,X 全窗基线 · 不参与实体赏罚,3921724,393,A168_HF9F_20260827_0900,2026-08-27 09:00:00
2026-05-10,148569770,-1,1,16.3848335260,3.6025627559,3.6025627559,0.6666667,4,4,0.50665070000000000,0.506650700000,0.5543606114942035,0.5543606114942035,0.5543606114942035,0E-17,SENTINEL_DEALER,R03b_20260811_FULL_v1,L1_ELIGIBILITY,v2026-08-11,2026-03-21..2026-08-06,baccarat_bet02_101_all_pairs_incl_sentinel,round_win = game_pnl > 0 (decisive only),COMPATIBILITY_ONLY_NOT_PRODUCTION,454.2656,412.9617,-62.3275,129,75,0.13720497,,0.13720497,0.13720497,62.3275,454.2656,OK,0.0000,-2.4931,4.0000,96.0000,AG03-UNRESOLVED,ALL5_LEVELS_bet23_to_bet27,-2.4931,-2.4931,-2.4931,-4.9862,-4.9862,4.000000,4.000000,4.000000,8.000000,8.000000,96.000000,96.000000,96.000000,92.000000,92.000000,5.0,-17.4517,-15.6541,-44.8758,-46.6734,PENDING_AG03,FALSE,NOT_FOR_ENFORCEMENT,-59.8344,396.4432,-62.3275,-59.8344,-2.4931,-0.13720497,-0.13171677,-2.4931,-59.8344,-0.13171677,-2.4931,-2.4931,-2.4931,-4.9862,-4.9862,-59.8344,-0.13171677,-17.4517,-15.6541,-44.8758,-46.6734,-0.09878758,-0.10274464,-0.00548820,3.5214,5.5062,-0.8310,-10.3879,-6.9253,75.7109,12.5000,,3.5214,2.1082,2.3191,4.2165,6.3247,7.2102,12.3121,2.1082,-2.1082,3.109089,5.309088,1.518477,9,9,7,6,0E-8,-0.13720497,,0E-8,0.000000,0.909075,0.085271,,2026-04-12,2026-05-10,6,9,9,29,0.206897,,,0.000000,,,,,,,,GLOBAL_BASELINE_NO_ENTITY_RANKING,,,NOT_APPLICABLE_GLOBAL_BASELINE,HF9g-P5,,,,X 全窗基线 · 不参与实体赏罚,3921725,393,A168_HF9F_20260827_0900,2026-08-27 09:00:00
2026-05-22,150418693,2212,0,173.7212477682,30.8055876484,30.8055876484,0.6250000,20,8,0.45480886768685327,0.351394495000,0.966703002951272,1.6209963344542986,0.966703002951272,0.10341437268685327,ELIGIBLE,R03b_20260811_FULL_v1,L1_ELIGIBILITY,v2026-08-11,2026-03-21..2026-08-06,baccarat_bet02_101_all_pairs_incl_sentinel,round_win = game_pnl > 0 (decisive only),COMPATIBILITY_ONLY_NOT_PRODUCTION,224.1361,203.1299,-62.3149,26,10,0.27802249,,0.27802249,0.27802249,62.3149,224.1361,THIN_EXPOSURE,0.0000,-2.4926,4.0000,96.0000,AG03-UNRESOLVED,ALL5_LEVELS_bet23_to_bet27,-2.4926,-2.4926,-2.4926,-3.7389,0.0000,4.000000,4.000000,4.000000,6.000000,0.000000,96.000000,96.000000,96.000000,94.000000,100.000000,5.0,-11.2167,-10.4906,-51.0982,-51.8243,PENDING_AG03,FALSE,NOT_FOR_ENFORCEMENT,-59.8223,195.0047,-62.3149,-59.8223,-2.4926,-0.27802249,-0.26690159,-2.4926,-59.8223,-0.26690159,-2.4926,-2.4926,-2.4926,-3.7389,0.0000,-59.8223,-0.26690159,-11.2167,-10.4906,-51.0982,-51.8243,-0.22797844,-0.23121792,-0.01112090,8.6206,20.3130,-6.2315,-62.3149,-62.3149,224.1361,10.0000,,8.6206,2.1006,2.1006,21.0062,21.0062,21.0062,21.0062,2.1006,-2.1006,10.0,10.0,4.103846,1,2,1,7,0E-8,-0.27802249,,0E-8,0.000000,0.906279,0.000000,,2026-05-22,2026-05-22,1,1,1,1,1.000000,,,0.000000,,,,,,,,GLOBAL_BASELINE_NO_ENTITY_RANKING,,,NOT_APPLICABLE_GLOBAL_BASELINE,HF9g-P5,,,,X 全窗基线 · 不参与实体赏罚,3921726,393,A168_HF9F_20260827_0900,2026-08-27 09:00:00
2026-05-22,150418693,2242,0,50.4148723874,31.5092952422,31.5092952422,1.0000000,6,2,0.44443437142878299,0.332444980000,1.5811710823295306,2.004004263754086,1.5811710823295306,0.11198939142878299,ELIGIBLE,R03b_20260811_FULL_v1,L1_ELIGIBILITY,v2026-08-11,2026-03-21..2026-08-06,baccarat_bet02_101_all_pairs_incl_sentinel,round_win = game_pnl > 0 (decisive only),COMPATIBILITY_ONLY_NOT_PRODUCTION,224.1361,203.1299,-62.3149,26,10,0.27802249,,0.27802249,0.27802249,62.3149,224.1361,THIN_EXPOSURE,0.0000,-2.4926,4.0000,96.0000,AG03-UNRESOLVED,ALL5_LEVELS_bet23_to_bet27,-2.4926,-2.4926,-2.4926,-3.7389,0.0000,4.000000,4.000000,4.000000,6.000000,0.000000,96.000000,96.000000,96.000000,94.000000,100.000000,5.0,-11.2167,-10.4906,-51.0982,-51.8243,PENDING_AG03,FALSE,NOT_FOR_ENFORCEMENT,-59.8223,195.0047,-62.3149,-59.8223,-2.4926,-0.27802249,-0.26690159,-2.4926,-59.8223,-0.26690159,-2.4926,-2.4926,-2.4926,-3.7389,0.0000,-59.8223,-0.26690159,-11.2167,-10.4906,-51.0982,-51.8243,-0.22797844,-0.23121792,-0.01112090,8.6206,20.3130,-6.2315,-62.3149,-62.3149,224.1361,10.0000,,8.6206,2.1006,2.1006,21.0062,21.0062,21.0062,21.0062,2.1006,-2.1006,10.0,10.0,4.103846,1,2,1,7,0E-8,-0.27802249,,0E-8,0.000000,0.906279,0.000000,,2026-05-22,2026-05-22,1,1,1,1,1.000000,,,0.000000,,,,,,,,GLOBAL_BASELINE_NO_ENTITY_RANKING,,,NOT_APPLICABLE_GLOBAL_BASELINE,HF9g-P5,,,,X 全窗基线 · 不参与实体赏罚,3921727,393,A168_HF9F_20260827_0900,2026-08-27 09:00:00
2026-06-14,151490985,-1,1,2.0771451717,62.3143551503,62.3143551503,1.0000000,1,1,0.01883490000000000,0.018834900000,7.217543110563735,7.217543110563735,7.217543110563735,0E-17,SENTINEL_DEALER,R03b_20260811_FULL_v1,L1_ELIGIBILITY,v2026-08-11,2026-03-21..2026-08-06,baccarat_bet02_101_all_pairs_incl_sentinel,round_win = game_pnl > 0 (decisive only),COMPATIBILITY_ONLY_NOT_PRODUCTION,2.0771,2.0771,-62.3144,1,1,30.00000000,,30.00000000,30.00000000,62.3144,2.0771,THIN_EXPOSURE,0.0000,-2.4926,4.0000,96.0000,AG03-UNRESOLVED,ALL5_LEVELS_bet23_to_bet27,-2.4926,-2.4926,-2.4926,-3.7389,-3.7389,4.000000,4.000000,4.000000,6.000000,6.000000,96.000000,96.000000,96.000000,94.000000,94.000000,5.0,-14.9554,-13.5999,-47.3589,-48.7144,PENDING_AG03,FALSE,NOT_FOR_ENFORCEMENT,-59.8218,1.9941,-62.3144,-59.8218,-2.4926,-30.00000000,-28.80000000,-2.4926,-59.8218,-28.80000000,-2.4926,-2.4926,-2.4926,-3.7389,-3.7389,-59.8218,-28.80000000,-14.9554,-13.5999,-47.3589,-48.7144,-22.80000000,-23.45258189,-1.20000000,2.0771,2.0771,-62.3144,-62.3144,-62.3144,2.0771,1.0000,,2.0771,2.0771,2.0771,2.0771,2.0771,2.0771,2.0771,2.0771,62.3144,1.0,1.0,1.0,1,1,1,1,0E-8,-30.00000000,,0E-8,0.000000,1.000000,0.000000,,2026-06-14,2026-06-14,1,1,1,1,1.000000,,,0.000000,,,,,,,,GLOBAL_BASELINE_NO_ENTITY_RANKING,,,NOT_APPLICABLE_GLOBAL_BASELINE,HF9g-P5,,,,X 全窗基线 · 不参与实体赏罚,3921728,393,A168_HF9F_20260827_0900,2026-08-27 09:00:00
2026-06-29,152260503,2145,0,41.5429034336,62.3143551502,62.3143551502,0.5000000,4,2,0.29392415000000000,0.293924150000,0.6397330434626627,0.6397330434626627,0.6397330434626627,0E-17,ELIGIBLE,R03b_20260811_FULL_v1,L1_ELIGIBILITY,v2026-08-11,2026-03-21..2026-08-06,baccarat_bet02_101_all_pairs_incl_sentinel,round_win = game_pnl > 0 (decisive only),COMPATIBILITY_ONLY_NOT_PRODUCTION,41.5429,31.1572,-62.3144,4,2,1.50000000,,1.50000000,1.50000000,62.3144,41.5429,THIN_EXPOSURE,0.0000,-2.4926,4.0000,96.0000,AG03-UNRESOLVED,ALL5_LEVELS_bet23_to_bet27,-2.4926,-2.4926,-2.4926,-2.4926,-2.4926,4.000000,4.000000,4.000000,4.000000,4.000000,96.000000,96.000000,96.000000,96.000000,96.000000,5.0,-12.4629,-11.5049,-49.8515,-50.8094,PENDING_AG03,FALSE,NOT_FOR_ENFORCEMENT,-59.8218,29.9109,-62.3144,-59.8218,-2.4926,-1.50000000,-1.44000000,-2.4926,-59.8218,-1.44000000,-2.4926,-2.4926,-2.4926,-2.4926,-2.4926,-59.8218,-1.44000000,-12.4629,-11.5049,-49.8515,-50.8094,-1.20000000,-1.22305905,-0.06000000,10.3857,15.5786,-31.1572,-62.3144,-62.3144,41.5429,2.0000,,10.3857,10.3857,10.3857,10.3857,10.3857,10.3857,10.3857,10.3857,-5.1929,1.0,1.0,1.0,1,1,1,2,0E-8,-1.50000000,,0E-8,0.000000,0.750000,0.000000,,2026-06-29,2026-06-29,1,1,1,1,1.000000,,,0.000000,,,,,,,,GLOBAL_BASELINE_NO_ENTITY_RANKING,,,NOT_APPLICABLE_GLOBAL_BASELINE,HF9g-P5,,,,X 全窗基线 · 不参与实体赏罚,3921729,393,A168_HF9F_20260827_0900,2026-08-27 09:00:00
2026-06-06,151067000,-1,1,41.5429034336,41.5429034336,41.5429034336,1.0000000,2,2,0.50665070000000000,0.506650700000,1.3955260008387969,1.3955260008387969,1.3955260008387969,0E-17,SENTINEL_DEALER,R03b_20260811_FULL_v1,L1_ELIGIBILITY,v2026-08-11,2026-03-21..2026-08-06,baccarat_bet02_101_all_pairs_incl_sentinel,round_win = game_pnl > 0 (decisive only),COMPATIBILITY_ONLY_NOT_PRODUCTION,62.3144,62.3144,-62.3144,3,3,1.00000000,,1.00000000,1.00000000,62.3144,62.3144,THIN_EXPOSURE,0.0000,-2.4926,4.0000,96.0000,AG03-UNRESOLVED,ALL5_LEVELS_bet23_to_bet27,-2.4926,-2.4926,-2.4926,-2.4926,-2.4926,4.000000,4.000000,4.000000,4.000000,4.000000,96.000000,96.000000,96.000000,96.000000,96.000000,5.0,-12.4629,-11.5049,-49.8515,-50.8094,PENDING_AG03,FALSE,NOT_FOR_ENFORCEMENT,-59.8218,59.8218,-62.3144,-59.8218,-2.4926,-1.00000000,-0.96000000,-2.4926,-59.8218,-0.96000000,-2.4926,-2.4926,-2.4926,-2.4926,-2.4926,-59.8218,-0.96000000,-12.4629,-11.5049,-49.8515,-50.8094,-0.80000000,-0.8153727,-0.04000000,20.7715,20.7715,-20.7715,-62.3144,-31.1572,62.3144,3.0000,,20.7715,20.7715,20.7715,20.7715,20.7715,20.7715,20.7715,20.7715,20.7715,1.0,1.0,1.0,2,2,1,2,0E-8,-1.00000000,,0E-8,0.000000,1.000000,1.000000,,2026-06-06,2026-06-06,1,2,2,1,1.000000,,,0.000000,,,,,,,,GLOBAL_BASELINE_NO_ENTITY_RANKING,,,NOT_APPLICABLE_GLOBAL_BASELINE,HF9g-P5,,,,X 全窗基线 · 不参与实体赏罚,3921730,393,A168_HF9F_20260827_0900,2026-08-27 09:00:00
2026-06-06,151067000,471,0,20.7714517168,20.7714517168,20.7714517168,1.0000000,1,1,0.49324550000000000,0.493245500000,1.01360149184955,1.01360149184955,1.01360149184955,0E-17,ELIGIBLE,R03b_20260811_FULL_v1,L1_ELIGIBILITY,v2026-08-11,2026-03-21..2026-08-06,baccarat_bet02_101_all_pairs_incl_sentinel,round_win = game_pnl > 0 (decisive only),COMPATIBILITY_ONLY_NOT_PRODUCTION,62.3144,62.3144,-62.3144,3,3,1.00000000,,1.00000000,1.00000000,62.3144,62.3144,THIN_EXPOSURE,0.0000,-2.4926,4.0000,96.0000,AG03-UNRESOLVED,ALL5_LEVELS_bet23_to_bet27,-2.4926,-2.4926,-2.4926,-2.4926,-2.4926,4.000000,4.000000,4.000000,4.000000,4.000000,96.000000,96.000000,96.000000,96.000000,96.000000,5.0,-12.4629,-11.5049,-49.8515,-50.8094,PENDING_AG03,FALSE,NOT_FOR_ENFORCEMENT,-59.8218,59.8218,-62.3144,-59.8218,-2.4926,-1.00000000,-0.96000000,-2.4926,-59.8218,-0.96000000,-2.4926,-2.4926,-2.4926,-2.4926,-2.4926,-59.8218,-0.96000000,-12.4629,-11.5049,-49.8515,-50.8094,-0.80000000,-0.8153727,-0.04000000,20.7715,20.7715,-20.7715,-62.3144,-31.1572,62.3144,3.0000,,20.7715,20.7715,20.7715,20.7715,20.7715,20.7715,20.7715,20.7715,20.7715,1.0,1.0,1.0,2,2,1,2,0E-8,-1.00000000,,0E-8,0.000000,1.000000,1.000000,,2026-06-06,2026-06-06,1,2,2,1,1.000000,,,0.000000,,,,,,,,GLOBAL_BASELINE_NO_ENTITY_RANKING,,,NOT_APPLICABLE_GLOBAL_BASELINE,HF9g-P5,,,,X 全窗基线 · 不参与实体赏罚,3921731,393,A168_HF9F_20260827_0900,2026-08-27 09:00:00
2026-06-07,141384648,2093,0,62.3143551503,62.3143551503,62.3143551503,1.0000000,4,4,0.49324550000000000,0.493245500000,2.0272029836991,2.0272029836991,2.0272029836991,0E-17,ELIGIBLE,R03b_20260811_FULL_v1,L1_ELIGIBILITY,v2026-08-11,2026-03-21..2026-08-06,baccarat_bet02_101_all_pairs_incl_sentinel,round_win = game_pnl > 0 (decisive only),COMPATIBILITY_ONLY_NOT_PRODUCTION,62.3144,62.3144,-62.3144,4,4,1.00000000,,1.00000000,1.00000000,62.3144,62.3144,THIN_EXPOSURE,0.0000,-2.4926,4.0000,96.0000,AG03-UNRESOLVED,ALL5_LEVELS_bet23_to_bet27,-2.4926,-2.4926,-2.4926,-2.4926,-2.4926,4.000000,4.000000,4.000000,4.000000,4.000000,96.000000,96.000000,96.000000,96.000000,96.000000,5.0,-12.4629,-11.5049,-49.8515,-50.8094,PENDING_AG03,FALSE,NOT_FOR_ENFORCEMENT,-59.8218,59.8218,-62.3144,-59.8218,-2.4926,-1.00000000,-0.96000000,-2.4926,-59.8218,-0.96000000,-2.4926,-2.4926,-2.4926,-2.4926,-2.4926,-59.8218,-0.96000000,-12.4629,-11.5049,-49.8515,-50.8094,-0.80000000,-0.8153727,-0.04000000,15.5786,15.5786,-15.5786,-62.3144,-62.3144,62.3144,4.0000,,15.5786,10.3857,10.3857,20.7715,31.1572,31.1572,31.1572,10.3857,10.3857,3.0,3.0,1.5,1,1,1,1,0E-8,-1.00000000,,0E-8,0.000000,1.000000,0.000000,,2026-06-07,2026-06-07,1,1,1,1,1.000000,,,0.000000,,,,,,,,GLOBAL_BASELINE_NO_ENTITY_RANKING,,,NOT_APPLICABLE_GLOBAL_BASELINE,HF9g-P5,,,,X 全窗基线 · 不参与实体赏罚,3921732,393,A168_HF9F_20260827_0900,2026-08-27 09:00:00
2026-06-08,151148992,-1,1,20.7714517168,20.7714517168,20.7714517168,1.0000000,1,1,0.50665070000000000,0.506650700000,0.9867858985152569,0.9867858985152569,0.9867858985152569,0E-17,SENTINEL_DEALER,R03b_20260811_FULL_v1,L1_ELIGIBILITY,v2026-08-11,2026-03-21..2026-08-06,baccarat_bet02_101_all_pairs_incl_sentinel,round_win = game_pnl > 0 (decisive only),COMPATIBILITY_ONLY_NOT_PRODUCTION,62.3144,62.3144,-62.3144,3,3,1.00000000,,1.00000000,1.00000000,62.3144,62.3144,THIN_EXPOSURE,0.0000,-2.4926,4.0000,96.0000,AG03-UNRESOLVED,ALL5_LEVELS_bet23_to_bet27,-2.4926,-2.4926,-2.4926,-2.4926,-2.4926,4.000000,4.000000,4.000000,4.000000,4.000000,96.000000,96.000000,96.000000,96.000000,96.000000,5.0,-12.4629,-11.5049,-49.8515,-50.8094,PENDING_AG03,FALSE,NOT_FOR_ENFORCEMENT,-59.8218,59.8218,-62.3144,-59.8218,-2.4926,-1.00000000,-0.96000000,-2.4926,-59.8218,-0.96000000,-2.4926,-2.4926,-2.4926,-2.4926,-2.4926,-59.8218,-0.96000000,-12.4629,-11.5049,-49.8515,-50.8094,-0.80000000,-0.8153727,-0.04000000,20.7715,20.7715,-20.7715,-62.3144,-31.1572,62.3144,3.0000,,20.7715,20.7715,20.7715,20.7715,20.7715,20.7715,20.7715,20.7715,20.7715,1.0,1.0,1.0,2,2,1,2,0E-8,-1.00000000,,0E-8,0.000000,1.000000,0.666667,,2026-06-08,2026-06-08,1,2,2,1,1.000000,,,0.000000,,,,,,,,GLOBAL_BASELINE_NO_ENTITY_RANKING,,,NOT_APPLICABLE_GLOBAL_BASELINE,HF9g-P5,,,,X 全窗基线 · 不参与实体赏罚,3921733,393,A168_HF9F_20260827_0900,2026-08-27 09:00:00
2026-06-08,151148992,986,0,41.5429034336,41.5429034336,41.5429034336,1.0000000,2,2,0.49324550000000000,0.493245500000,1.4334489766152358,1.4334489766152358,1.4334489766152358,0E-17,ELIGIBLE,R03b_20260811_FULL_v1,L1_ELIGIBILITY,v2026-08-11,2026-03-21..2026-08-06,baccarat_bet02_101_all_pairs_incl_sentinel,round_win = game_pnl > 0 (decisive only),COMPATIBILITY_ONLY_NOT_PRODUCTION,62.3144,62.3144,-62.3144,3,3,1.00000000,,1.00000000,1.00000000,62.3144,62.3144,THIN_EXPOSURE,0.0000,-2.4926,4.0000,96.0000,AG03-UNRESOLVED,ALL5_LEVELS_bet23_to_bet27,-2.4926,-2.4926,-2.4926,-2.4926,-2.4926,4.000000,4.000000,4.000000,4.000000,4.000000,96.000000,96.000000,96.000000,96.000000,96.000000,5.0,-12.4629,-11.5049,-49.8515,-50.8094,PENDING_AG03,FALSE,NOT_FOR_ENFORCEMENT,-59.8218,59.8218,-62.3144,-59.8218,-2.4926,-1.00000000,-0.96000000,-2.4926,-59.8218,-0.96000000,-2.4926,-2.4926,-2.4926,-2.4926,-2.4926,-59.8218,-0.96000000,-12.4629,-11.5049,-49.8515,-50.8094,-0.80000000,-0.8153727,-0.04000000,20.7715,20.7715,-20.7715,-62.3144,-31.1572,62.3144,3.0000,,20.7715,20.7715,20.7715,20.7715,20.7715,20.7715,20.7715,20.7715,20.7715,1.0,1.0,1.0,2,2,1,2,0E-8,-1.00000000,,0E-8,0.000000,1.000000,0.666667,,2026-06-08,2026-06-08,1,2,2,1,1.000000,,,0.000000,,,,,,,,GLOBAL_BASELINE_NO_ENTITY_RANKING,,,NOT_APPLICABLE_GLOBAL_BASELINE,HF9g-P5,,,,X 全窗基线 · 不参与实体赏罚,3921734,393,A168_HF9F_20260827_0900,2026-08-27 09:00:00
2026-06-08,151150744,2142,0,41.5429034336,41.5429034336,41.5429034336,1.0000000,2,2,0.49994810000000000,0.499948100000,1.4143603653603398,1.4143603653603398,1.4143603653603398,0E-17,ELIGIBLE,R03b_20260811_FULL_v1,L1_ELIGIBILITY,v2026-08-11,2026-03-21..2026-08-06,baccarat_bet02_101_all_pairs_incl_sentinel,round_win = game_pnl > 0 (decisive only),COMPATIBILITY_ONLY_NOT_PRODUCTION,62.3144,62.3144,-62.3144,3,3,1.00000000,,1.00000000,1.00000000,62.3144,62.3144,THIN_EXPOSURE,0.0000,-2.4926,4.0000,96.0000,AG03-UNRESOLVED,ALL5_LEVELS_bet23_to_bet27,-2.4926,-2.4926,-2.4926,-2.4926,-2.4926,4.000000,4.000000,4.000000,4.000000,4.000000,96.000000,96.000000,96.000000,96.000000,96.000000,5.0,-12.4629,-11.5049,-49.8515,-50.8094,PENDING_AG03,FALSE,NOT_FOR_ENFORCEMENT,-59.8218,59.8218,-62.3144,-59.8218,-2.4926,-1.00000000,-0.96000000,-2.4926,-59.8218,-0.96000000,-2.4926,-2.4926,-2.4926,-2.4926,-2.4926,-59.8218,-0.96000000,-12.4629,-11.5049,-49.8515,-50.8094,-0.80000000,-0.8153727,-0.04000000,20.7715,20.7715,-20.7715,-62.3144,-31.1572,62.3144,3.0000,,20.7715,20.7715,20.7715,20.7715,20.7715,20.7715,20.7715,20.7715,20.7715,1.0,1.0,1.0,2,2,1,2,0E-8,-1.00000000,,0E-8,0.000000,1.000000,1.000000,,2026-06-08,2026-06-08,1,2,2,1,1.000000,,,0.000000,,,,,,,,GLOBAL_BASELINE_NO_ENTITY_RANKING,,,NOT_APPLICABLE_GLOBAL_BASELINE,HF9g-P5,,,,X 全窗基线 · 不参与实体赏罚,3921735,393,A168_HF9F_20260827_0900,2026-08-27 09:00:00
2026-06-08,151150744,2212,0,20.7714517168,20.7714517168,20.7714517168,1.0000000,1,1,0.50665070000000000,0.506650700000,0.9867858985152569,0.9867858985152569,0.9867858985152569,0E-17,ELIGIBLE,R03b_20260811_FULL_v1,L1_ELIGIBILITY,v2026-08-11,2026-03-21..2026-08-06,baccarat_bet02_101_all_pairs_incl_sentinel,round_win = game_pnl > 0 (decisive only),COMPATIBILITY_ONLY_NOT_PRODUCTION,62.3144,62.3144,-62.3144,3,3,1.00000000,,1.00000000,1.00000000,62.3144,62.3144,THIN_EXPOSURE,0.0000,-2.4926,4.0000,96.0000,AG03-UNRESOLVED,ALL5_LEVELS_bet23_to_bet27,-2.4926,-2.4926,-2.4926,-2.4926,-2.4926,4.000000,4.000000,4.000000,4.000000,4.000000,96.000000,96.000000,96.000000,96.000000,96.000000,5.0,-12.4629,-11.5049,-49.8515,-50.8094,PENDING_AG03,FALSE,NOT_FOR_ENFORCEMENT,-59.8218,59.8218,-62.3144,-59.8218,-2.4926,-1.00000000,-0.96000000,-2.4926,-59.8218,-0.96000000,-2.4926,-2.4926,-2.4926,-2.4926,-2.4926,-59.8218,-0.96000000,-12.4629,-11.5049,-49.8515,-50.8094,-0.80000000,-0.8153727,-0.04000000,20.7715,20.7715,-20.7715,-62.3144,-31.1572,62.3144,3.0000,,20.7715,20.7715,20.7715,20.7715,20.7715,20.7715,20.7715,20.7715,20.7715,1.0,1.0,1.0,2,2,1,2,0E-8,-1.00000000,,0E-8,0.000000,1.000000,1.000000,,2026-06-08,2026-06-08,1,2,2,1,1.000000,,,0.000000,,,,,,,,GLOBAL_BASELINE_NO_ENTITY_RANKING,,,NOT_APPLICABLE_GLOBAL_BASELINE,HF9g-P5,,,,X 全窗基线 · 不参与实体赏罚,3921736,393,A168_HF9F_20260827_0900,2026-08-27 09:00:00
2026-06-08,151153173,2205,0,62.3143551503,62.3143551503,62.3143551503,1.0000000,2,2,0.49324550000000000,0.493245500000,1.4334489766152358,1.4334489766152358,1.4334489766152358,0E-17,ELIGIBLE,R03b_20260811_FULL_v1,L1_ELIGIBILITY,v2026-08-11,2026-03-21..2026-08-06,baccarat_bet02_101_all_pairs_incl_sentinel,round_win = game_pnl > 0 (decisive only),COMPATIBILITY_ONLY_NOT_PRODUCTION,62.3144,62.3144,-62.3144,2,2,1.00000000,,1.00000000,1.00000000,62.3144,62.3144,THIN_EXPOSURE,0.0000,-2.4926,4.0000,96.0000,AG03-UNRESOLVED,ALL5_LEVELS_bet23_to_bet27,-2.4926,-2.4926,-3.1157,0.0000,0.0000,4.000000,4.000000,5.000000,0.000000,0.000000,96.000000,96.000000,95.000000,100.000000,100.000000,5.0,-8.1009,-7.7569,-54.2135,-54.5575,PENDING_AG03,FALSE,NOT_FOR_ENFORCEMENT,-59.8218,59.8218,-62.3144,-59.8218,-2.4926,-1.00000000,-0.96000000,-2.4926,-59.8218,-0.96000000,-2.4926,-2.4926,-3.1157,0.0000,0.0000,-59.8218,-0.96000000,-8.1009,-7.7569,-54.2135,-54.5575,-0.87000000,-0.87552,-0.04000000,31.1572,31.1572,-31.1572,-62.3144,-62.3144,62.3144,2.0000,,31.1572,20.7715,31.1572,41.5429,41.5429,41.5429,41.5429,31.1572,31.1572,1.333333,1.333333,1.0,1,1,1,1,0E-8,-1.00000000,,0E-8,0.000000,1.000000,0.000000,,2026-06-08,2026-06-08,1,1,1,1,1.000000,,,0.000000,,,,,,,,GLOBAL_BASELINE_NO_ENTITY_RANKING,,,NOT_APPLICABLE_GLOBAL_BASELINE,HF9g-P5,,,,X 全窗基线 · 不参与实体赏罚,3921737,393,A168_HF9F_20260827_0900,2026-08-27 09:00:00
2026-06-12,129865755,2170,0,62.3143551504,62.3143551504,62.3143551504,1.0000000,3,3,0.49324550000000000,0.493245500000,1.755609282511032,1.7556092825110319,1.755609282511032,0E-17,ELIGIBLE,R03b_20260811_FULL_v1,L1_ELIGIBILITY,v2026-08-11,2026-03-21..2026-08-06,baccarat_bet02_101_all_pairs_incl_sentinel,round_win = game_pnl > 0 (decisive only),COMPATIBILITY_ONLY_NOT_PRODUCTION,62.3144,62.3144,-62.3144,3,3,1.00000000,,1.00000000,1.00000000,62.3144,62.3144,THIN_EXPOSURE,0.0000,-2.4926,4.0000,96.0000,AG03-UNRESOLVED,ALL5_LEVELS_bet23_to_bet27,-2.4926,-2.4926,-2.4926,-2.4926,-3.1157,4.000000,4.000000,4.000000,4.000000,5.000000,96.000000,96.000000,96.000000,96.000000,95.000000,5.0,-13.0860,-12.0342,-49.2283,-50.2802,PENDING_AG03,FALSE,NOT_FOR_ENFORCEMENT,-59.8218,59.8218,-62.3144,-59.8218,-2.4926,-1.00000000,-0.96000000,-2.4926,-59.8218,-0.96000000,-2.4926,-2.4926,-2.4926,-2.4926,-3.1157,-59.8218,-0.96000000,-13.0860,-12.0342,-49.2283,-50.2802,-0.79000000,-0.80687923,-0.04000000,20.7715,20.7715,-20.7715,-62.3144,-62.3144,62.3144,3.0000,,20.7715,20.7715,20.7715,20.7715,20.7715,20.7715,20.7715,20.7715,20.7715,1.0,1.0,1.0,1,1,1,1,0E-8,-1.00000000,,0E-8,0.000000,1.000000,0.000000,,2026-06-12,2026-06-12,1,1,1,1,1.000000,,,0.000000,,,,,,,,GLOBAL_BASELINE_NO_ENTITY_RANKING,,,NOT_APPLICABLE_GLOBAL_BASELINE,HF9g-P5,,,,X 全窗基线 · 不参与实体赏罚,3921738,393,A168_HF9F_20260827_0900,2026-08-27 09:00:00
2026-06-12,151392643,1353,0,41.5429034335,41.5429034335,41.5429034335,1.0000000,1,1,0.49324550000000000,0.493245500000,1.01360149184955,1.01360149184955,1.01360149184955,0E-17,ELIGIBLE,R03b_20260811_FULL_v1,L1_ELIGIBILITY,v2026-08-11,2026-03-21..2026-08-06,baccarat_bet02_101_all_pairs_incl_sentinel,round_win = game_pnl > 0 (decisive only),COMPATIBILITY_ONLY_NOT_PRODUCTION,62.3144,62.3144,-62.3144,2,2,1.00000000,,1.00000000,1.00000000,62.3144,62.3144,THIN_EXPOSURE,0.0000,-2.4926,4.0000,96.0000,AG03-UNRESOLVED,ALL5_LEVELS_bet23_to_bet27,-2.4926,-2.4926,-3.1157,0.0000,0.0000,4.000000,4.000000,5.000000,0.000000,0.000000,96.000000,96.000000,95.000000,100.000000,100.000000,5.0,-8.1009,-7.7569,-54.2135,-54.5575,PENDING_AG03,FALSE,NOT_FOR_ENFORCEMENT,-59.8218,59.8218,-62.3144,-59.8218,-2.4926,-1.00000000,-0.96000000,-2.4926,-59.8218,-0.96000000,-2.4926,-2.4926,-3.1157,0.0000,0.0000,-59.8218,-0.96000000,-8.1009,-7.7569,-54.2135,-54.5575,-0.87000000,-0.87552,-0.04000000,31.1572,31.1572,-31.1572,-62.3144,-31.1572,62.3144,2.0000,,31.1572,20.7715,31.1572,41.5429,41.5429,41.5429,41.5429,31.1572,31.1572,1.333333,1.333333,1.0,2,2,1,2,0E-8,-1.00000000,,0E-8,0.000000,1.000000,1.000000,,2026-06-12,2026-06-12,1,2,2,1,1.000000,,,0.000000,,,,,,,,GLOBAL_BASELINE_NO_ENTITY_RANKING,,,NOT_APPLICABLE_GLOBAL_BASELINE,HF9g-P5,,,,X 全窗基线 · 不参与实体赏罚,3921739,393,A168_HF9F_20260827_0900,2026-08-27 09:00:00
2026-06-12,151392643,1400,0,20.7714517168,20.7714517168,20.7714517168,1.0000000,1,1,0.50665070000000000,0.506650700000,0.9867858985152569,0.9867858985152569,0.9867858985152569,0E-17,ELIGIBLE,R03b_20260811_FULL_v1,L1_ELIGIBILITY,v2026-08-11,2026-03-21..2026-08-06,baccarat_bet02_101_all_pairs_incl_sentinel,round_win = game_pnl > 0 (decisive only),COMPATIBILITY_ONLY_NOT_PRODUCTION,62.3144,62.3144,-62.3144,2,2,1.00000000,,1.00000000,1.00000000,62.3144,62.3144,THIN_EXPOSURE,0.0000,-2.4926,4.0000,96.0000,AG03-UNRESOLVED,ALL5_LEVELS_bet23_to_bet27,-2.4926,-2.4926,-3.1157,0.0000,0.0000,4.000000,4.000000,5.000000,0.000000,0.000000,96.000000,96.000000,95.000000,100.000000,100.000000,5.0,-8.1009,-7.7569,-54.2135,-54.5575,PENDING_AG03,FALSE,NOT_FOR_ENFORCEMENT,-59.8218,59.8218,-62.3144,-59.8218,-2.4926,-1.00000000,-0.96000000,-2.4926,-59.8218,-0.96000000,-2.4926,-2.4926,-3.1157,0.0000,0.0000,-59.8218,-0.96000000,-8.1009,-7.7569,-54.2135,-54.5575,-0.87000000,-0.87552,-0.04000000,31.1572,31.1572,-31.1572,-62.3144,-31.1572,62.3144,2.0000,,31.1572,20.7715,31.1572,41.5429,41.5429,41.5429,41.5429,31.1572,31.1572,1.333333,1.333333,1.0,2,2,1,2,0E-8,-1.00000000,,0E-8,0.000000,1.000000,1.000000,,2026-06-12,2026-06-12,1,2,2,1,1.000000,,,0.000000,,,,,,,,GLOBAL_BASELINE_NO_ENTITY_RANKING,,,NOT_APPLICABLE_GLOBAL_BASELINE,HF9g-P5,,,,X 全窗基线 · 不参与实体赏罚,3921740,393,A168_HF9F_20260827_0900,2026-08-27 09:00:00
2026-06-16,151584371,2246,0,62.3143551503,62.3143551503,62.3143551503,1.0000000,1,1,0.49324550000000000,0.493245500000,1.01360149184955,1.01360149184955,1.01360149184955,0E-17,ELIGIBLE,R03b_20260811_FULL_v1,L1_ELIGIBILITY,v2026-08-11,2026-03-21..2026-08-06,baccarat_bet02_101_all_pairs_incl_sentinel,round_win = game_pnl > 0 (decisive only),COMPATIBILITY_ONLY_NOT_PRODUCTION,62.3144,62.3144,-62.3144,1,1,1.00000000,,1.00000000,1.00000000,62.3144,62.3144,THIN_EXPOSURE,0.0000,-2.4926,4.0000,96.0000,AG03-UNRESOLVED,ALL5_LEVELS_bet23_to_bet27,-2.4926,-3.1157,-3.1157,-3.1157,-3.1157,4.000000,5.000000,5.000000,5.000000,5.000000,96.000000,95.000000,95.000000,95.000000,95.000000,5.0,-14.9554,-13.5891,-47.3589,-48.7252,PENDING_AG03,FALSE,NOT_FOR_ENFORCEMENT,-59.8218,59.8218,-62.3144,-59.8218,-2.4926,-1.00000000,-0.96000000,-2.4926,-59.8218,-0.96000000,-2.4926,-3.1157,-3.1157,-3.1157,-3.1157,-59.8218,-0.96000000,-14.9554,-13.5891,-47.3589,-48.7252,-0.76000000,-0.781926,-0.04000000,62.3144,62.3144,-62.3144,-62.3144,-62.3144,62.3144,1.0000,,62.3144,62.3144,62.3144,62.3144,62.3144,62.3144,62.3144,62.3144,62.3144,1.0,1.0,1.0,1,1,1,1,0E-8,-1.00000000,,0E-8,0.000000,1.000000,0.000000,,2026-06-16,2026-06-16,1,1,1,1,1.000000,,,0.000000,,,,,,,,GLOBAL_BASELINE_NO_ENTITY_RANKING,,,NOT_APPLICABLE_GLOBAL_BASELINE,HF9g-P5,,,,X 全窗基线 · 不参与实体赏罚,3921741,393,A168_HF9F_20260827_0900,2026-08-27 09:00:00
2026-06-16,151602820,1485,0,62.3143551504,62.3143551504,62.3143551504,1.0000000,3,3,0.49324550000000000,0.493245500000,1.755609282511032,1.7556092825110319,1.755609282511032,0E-17,ELIGIBLE,R03b_20260811_FULL_v1,L1_ELIGIBILITY,v2026-08-11,2026-03-21..2026-08-06,baccarat_bet02_101_all_pairs_incl_sentinel,round_win = game_pnl > 0 (decisive only),COMPATIBILITY_ONLY_NOT_PRODUCTION,62.3144,62.3144,-62.3144,3,3,1.00000000,,1.00000000,1.00000000,62.3144,62.3144,THIN_EXPOSURE,0.0000,-2.4926,4.0000,96.0000,AG03-UNRESOLVED,ALL5_LEVELS_bet23_to_bet27,-2.4926,-2.4926,-2.4926,-3.7389,0.0000,4.000000,4.000000,4.000000,6.000000,0.000000,96.000000,96.000000,96.000000,94.000000,100.000000,5.0,-11.2166,-10.4905,-51.0978,-51.8238,PENDING_AG03,FALSE,NOT_FOR_ENFORCEMENT,-59.8218,59.8218,-62.3144,-59.8218,-2.4926,-1.00000000,-0.96000000,-2.4926,-59.8218,-0.96000000,-2.4926,-2.4926,-2.4926,-3.7389,0.0000,-59.8218,-0.96000000,-11.2166,-10.4905,-51.0978,-51.8238,-0.82000000,-0.83165184,-0.04000000,20.7715,20.7715,-20.7715,-62.3144,-62.3144,62.3144,3.0000,,20.7715,20.7715,20.7715,20.7715,20.7715,20.7715,20.7715,20.7715,20.7715,1.0,1.0,1.0,1,1,1,1,0E-8,-1.00000000,,0E-8,0.000000,1.000000,0.000000,,2026-06-16,2026-06-16,1,1,1,1,1.000000,,,0.000000,,,,,,,,GLOBAL_BASELINE_NO_ENTITY_RANKING,,,NOT_APPLICABLE_GLOBAL_BASELINE,HF9g-P5,,,,X 全窗基线 · 不参与实体赏罚,3921742,393,A168_HF9F_20260827_0900,2026-08-27 09:00:00
2026-06-17,135829805,2229,0,62.3143551503,62.3143551503,62.3143551503,1.0000000,1,1,0.49324550000000000,0.493245500000,1.01360149184955,1.01360149184955,1.01360149184955,0E-17,ELIGIBLE,R03b_20260811_FULL_v1,L1_ELIGIBILITY,v2026-08-11,2026-03-21..2026-08-06,baccarat_bet02_101_all_pairs_incl_sentinel,round_win = game_pnl > 0 (decisive only),COMPATIBILITY_ONLY_NOT_PRODUCTION,62.3144,62.3144,-62.3144,1,1,1.00000000,,1.00000000,1.00000000,62.3144,62.3144,THIN_EXPOSURE,0.0000,-2.4926,4.0000,96.0000,AG03-UNRESOLVED,ALL5_LEVELS_bet23_to_bet27,-2.4926,-2.4926,-2.4926,-3.7389,-3.7389,4.000000,4.000000,4.000000,6.000000,6.000000,96.000000,96.000000,96.000000,94.000000,94.000000,5.0,-14.9554,-13.5999,-47.3589,-48.7144,PENDING_AG03,FALSE,NOT_FOR_ENFORCEMENT,-59.8218,59.8218,-62.3144,-59.8218,-2.4926,-1.00000000,-0.96000000,-2.4926,-59.8218,-0.96000000,-2.4926,-2.4926,-2.4926,-3.7389,-3.7389,-59.8218,-0.96000000,-14.9554,-13.5999,-47.3589,-48.7144,-0.76000000,-0.78175273,-0.04000000,62.3144,62.3144,-62.3144,-62.3144,-62.3144,62.3144,1.0000,,62.3144,62.3144,62.3144,62.3144,62.3144,62.3144,62.3144,62.3144,62.3144,1.0,1.0,1.0,1,1,1,1,0E-8,-1.00000000,,0E-8,0.000000,1.000000,0.000000,,2026-06-17,2026-06-17,1,1,1,1,1.000000,,,0.000000,,,,,,,,GLOBAL_BASELINE_NO_ENTITY_RANKING,,,NOT_APPLICABLE_GLOBAL_BASELINE,HF9g-P5,,,,X 全窗基线 · 不参与实体赏罚,3921743,393,A168_HF9F_20260827_0900,2026-08-27 09:00:00
2026-06-17,151643971,2281,0,62.3143551503,62.3143551503,62.3143551503,1.0000000,1,1,0.49324550000000000,0.493245500000,1.01360149184955,1.01360149184955,1.01360149184955,0E-17,ELIGIBLE,R03b_20260811_FULL_v1,L1_ELIGIBILITY,v2026-08-11,2026-03-21..2026-08-06,baccarat_bet02_101_all_pairs_incl_sentinel,round_win = game_pnl > 0 (decisive only),COMPATIBILITY_ONLY_NOT_PRODUCTION,62.3144,62.3144,-62.3144,1,1,1.00000000,,1.00000000,1.00000000,62.3144,62.3144,THIN_EXPOSURE,0.0000,-2.4926,4.0000,96.0000,AG03-UNRESOLVED,ALL5_LEVELS_bet23_to_bet27,-2.4926,-2.4926,-2.4926,-3.7389,-3.7389,4.000000,4.000000,4.000000,6.000000,6.000000,96.000000,96.000000,96.000000,94.000000,94.000000,5.0,-14.9554,-13.5999,-47.3589,-48.7144,PENDING_AG03,FALSE,NOT_FOR_ENFORCEMENT,-59.8218,59.8218,-62.3144,-59.8218,-2.4926,-1.00000000,-0.96000000,-2.4926,-59.8218,-0.96000000,-2.4926,-2.4926,-2.4926,-3.7389,-3.7389,-59.8218,-0.96000000,-14.9554,-13.5999,-47.3589,-48.7144,-0.76000000,-0.78175273,-0.04000000,62.3144,62.3144,-62.3144,-62.3144,-62.3144,62.3144,1.0000,,62.3144,62.3144,62.3144,62.3144,62.3144,62.3144,62.3144,62.3144,62.3144,1.0,1.0,1.0,1,1,1,1,0E-8,-1.00000000,,0E-8,0.000000,1.000000,0.000000,,2026-06-17,2026-06-17,1,1,1,1,1.000000,,,0.000000,,,,,,,,GLOBAL_BASELINE_NO_ENTITY_RANKING,,,NOT_APPLICABLE_GLOBAL_BASELINE,HF9g-P5,,,,X 全窗基线 · 不参与实体赏罚,3921744,393,A168_HF9F_20260827_0900,2026-08-27 09:00:00
2026-06-23,151971181,1645,0,62.3143551503,62.3143551503,62.3143551503,1.0000000,1,1,0.49324550000000000,0.493245500000,1.01360149184955,1.01360149184955,1.01360149184955,0E-17,ELIGIBLE,R03b_20260811_FULL_v1,L1_ELIGIBILITY,v2026-08-11,2026-03-21..2026-08-06,baccarat_bet02_101_all_pairs_incl_sentinel,round_win = game_pnl > 0 (decisive only),COMPATIBILITY_ONLY_NOT_PRODUCTION,62.3144,62.3144,-62.3144,1,1,1.00000000,,1.00000000,1.00000000,62.3144,62.3144,THIN_EXPOSURE,0.0000,-2.4926,4.0000,96.0000,AG03-UNRESOLVED,ALL5_LEVELS_bet23_to_bet27,-2.4926,-2.4926,-3.1157,-3.7389,-3.7389,4.000000,4.000000,5.000000,6.000000,6.000000,96.000000,96.000000,95.000000,94.000000,94.000000,5.0,-15.5786,-14.1074,-46.7358,-48.207,PENDING_AG03,FALSE,NOT_FOR_ENFORCEMENT,-59.8218,59.8218,-62.3144,-59.8218,-2.4926,-1.00000000,-0.96000000,-2.4926,-59.8218,-0.96000000,-2.4926,-2.4926,-3.1157,-3.7389,-3.7389,-59.8218,-0.96000000,-15.5786,-14.1074,-46.7358,-48.207,-0.75000000,-0.77360947,-0.04000000,62.3144,62.3144,-62.3144,-62.3144,-62.3144,62.3144,1.0000,,62.3144,62.3144,62.3144,62.3144,62.3144,62.3144,62.3144,62.3144,62.3144,1.0,1.0,1.0,1,1,1,1,0E-8,-1.00000000,,0E-8,0.000000,1.000000,0.000000,,2026-06-23,2026-06-23,1,1,1,1,1.000000,,,0.000000,,,,,,,,GLOBAL_BASELINE_NO_ENTITY_RANKING,,,NOT_APPLICABLE_GLOBAL_BASELINE,HF9g-P5,,,,X 全窗基线 · 不参与实体赏罚,3921745,393,A168_HF9F_20260827_0900,2026-08-27 09:00:00
2026-06-25,152064996,1115,0,41.5429034335,41.5429034335,41.5429034335,1.0000000,1,1,0.50665070000000000,0.506650700000,0.9867858985152569,0.9867858985152569,0.9867858985152569,0E-17,ELIGIBLE,R03b_20260811_FULL_v1,L1_ELIGIBILITY,v2026-08-11,2026-03-21..2026-08-06,baccarat_bet02_101_all_pairs_incl_sentinel,round_win = game_pnl > 0 (decisive only),COMPATIBILITY_ONLY_NOT_PRODUCTION,62.3144,62.3144,-62.3144,2,2,1.00000000,,1.00000000,1.00000000,62.3144,62.3144,THIN_EXPOSURE,0.0000,-2.4926,4.0000,96.0000,AG03-UNRESOLVED,ALL5_LEVELS_bet23_to_bet27,-2.4926,-2.4926,-3.1157,0.0000,0.0000,4.000000,4.000000,5.000000,0.000000,0.000000,96.000000,96.000000,95.000000,100.000000,100.000000,5.0,-8.1009,-7.7569,-54.2135,-54.5575,PENDING_AG03,FALSE,NOT_FOR_ENFORCEMENT,-59.8218,59.8218,-62.3144,-59.8218,-2.4926,-1.00000000,-0.96000000,-2.4926,-59.8218,-0.96000000,-2.4926,-2.4926,-3.1157,0.0000,0.0000,-59.8218,-0.96000000,-8.1009,-7.7569,-54.2135,-54.5575,-0.87000000,-0.87552,-0.04000000,31.1572,31.1572,-31.1572,-62.3144,-31.1572,62.3144,2.0000,,31.1572,20.7715,31.1572,41.5429,41.5429,41.5429,41.5429,31.1572,31.1572,1.333333,1.333333,1.0,2,2,1,2,0E-8,-1.00000000,,0E-8,0.000000,1.000000,0.500000,,2026-06-25,2026-06-25,1,2,2,1,1.000000,,,0.000000,,,,,,,,GLOBAL_BASELINE_NO_ENTITY_RANKING,,,NOT_APPLICABLE_GLOBAL_BASELINE,HF9g-P5,,,,X 全窗基线 · 不参与实体赏罚,3921746,393,A168_HF9F_20260827_0900,2026-08-27 09:00:00
2026-06-25,152064996,2242,0,20.7714517168,20.7714517168,20.7714517168,1.0000000,1,1,0.49324550000000000,0.493245500000,1.01360149184955,1.01360149184955,1.01360149184955,0E-17,ELIGIBLE,R03b_20260811_FULL_v1,L1_ELIGIBILITY,v2026-08-11,2026-03-21..2026-08-06,baccarat_bet02_101_all_pairs_incl_sentinel,round_win = game_pnl > 0 (decisive only),COMPATIBILITY_ONLY_NOT_PRODUCTION,62.3144,62.3144,-62.3144,2,2,1.00000000,,1.00000000,1.00000000,62.3144,62.3144,THIN_EXPOSURE,0.0000,-2.4926,4.0000,96.0000,AG03-UNRESOLVED,ALL5_LEVELS_bet23_to_bet27,-2.4926,-2.4926,-3.1157,0.0000,0.0000,4.000000,4.000000,5.000000,0.000000,0.000000,96.000000,96.000000,95.000000,100.000000,100.000000,5.0,-8.1009,-7.7569,-54.2135,-54.5575,PENDING_AG03,FALSE,NOT_FOR_ENFORCEMENT,-59.8218,59.8218,-62.3144,-59.8218,-2.4926,-1.00000000,-0.96000000,-2.4926,-59.8218,-0.96000000,-2.4926,-2.4926,-3.1157,0.0000,0.0000,-59.8218,-0.96000000,-8.1009,-7.7569,-54.2135,-54.5575,-0.87000000,-0.87552,-0.04000000,31.1572,31.1572,-31.1572,-62.3144,-31.1572,62.3144,2.0000,,31.1572,20.7715,31.1572,41.5429,41.5429,41.5429,41.5429,31.1572,31.1572,1.333333,1.333333,1.0,2,2,1,2,0E-8,-1.00000000,,0E-8,0.000000,1.000000,0.500000,,2026-06-25,2026-06-25,1,2,2,1,1.000000,,,0.000000,,,,,,,,GLOBAL_BASELINE_NO_ENTITY_RANKING,,,NOT_APPLICABLE_GLOBAL_BASELINE,HF9g-P5,,,,X 全窗基线 · 不参与实体赏罚,3921747,393,A168_HF9F_20260827_0900,2026-08-27 09:00:00
2026-06-29,152265116,789,0,62.3143551503,62.3143551503,62.3143551503,1.0000000,1,1,0.49324550000000000,0.493245500000,1.01360149184955,1.01360149184955,1.01360149184955,0E-17,ELIGIBLE,R03b_20260811_FULL_v1,L1_ELIGIBILITY,v2026-08-11,2026-03-21..2026-08-06,baccarat_bet02_101_all_pairs_incl_sentinel,round_win = game_pnl > 0 (decisive only),COMPATIBILITY_ONLY_NOT_PRODUCTION,62.3144,62.3144,-62.3144,1,1,1.00000000,,1.00000000,1.00000000,62.3144,62.3144,THIN_EXPOSURE,0.0000,-2.4926,4.0000,96.0000,AG03-UNRESOLVED,ALL5_LEVELS_bet23_to_bet27,-2.4926,-2.4926,-2.4926,-2.4926,-2.4926,4.000000,4.000000,4.000000,4.000000,4.000000,96.000000,96.000000,96.000000,96.000000,96.000000,5.0,-12.4629,-11.5049,-49.8515,-50.8094,PENDING_AG03,FALSE,NOT_FOR_ENFORCEMENT,-59.8218,59.8218,-62.3144,-59.8218,-2.4926,-1.00000000,-0.96000000,-2.4926,-59.8218,-0.96000000,-2.4926,-2.4926,-2.4926,-2.4926,-2.4926,-59.8218,-0.96000000,-12.4629,-11.5049,-49.8515,-50.8094,-0.80000000,-0.8153727,-0.04000000,62.3144,62.3144,-62.3144,-62.3144,-62.3144,62.3144,1.0000,,62.3144,62.3144,62.3144,62.3144,62.3144,62.3144,62.3144,62.3144,62.3144,1.0,1.0,1.0,1,1,1,1,0E-8,-1.00000000,,0E-8,0.000000,1.000000,0.000000,,2026-06-29,2026-06-29,1,1,1,1,1.000000,,,0.000000,,,,,,,,GLOBAL_BASELINE_NO_ENTITY_RANKING,,,NOT_APPLICABLE_GLOBAL_BASELINE,HF9g-P5,,,,X 全窗基线 · 不参与实体赏罚,3921748,393,A168_HF9F_20260827_0900,2026-08-27 09:00:00
2026-06-30,119806989,-1,1,62.3143551503,62.3143551503,62.3143551503,1.0000000,1,1,0.49324550000000000,0.493245500000,1.01360149184955,1.01360149184955,1.01360149184955,0E-17,SENTINEL_DEALER,R03b_20260811_FULL_v1,L1_ELIGIBILITY,v2026-08-11,2026-03-21..2026-08-06,baccarat_bet02_101_all_pairs_incl_sentinel,round_win = game_pnl > 0 (decisive only),COMPATIBILITY_ONLY_NOT_PRODUCTION,62.3144,62.3144,-62.3144,1,1,1.00000000,,1.00000000,1.00000000,62.3144,62.3144,THIN_EXPOSURE,0.0000,-2.4926,4.0000,96.0000,AG03-UNRESOLVED,ALL5_LEVELS_bet23_to_bet27,-2.4926,-2.4926,-2.4926,-3.7389,-3.7389,4.000000,4.000000,4.000000,6.000000,6.000000,96.000000,96.000000,96.000000,94.000000,94.000000,5.0,-14.9554,-13.5999,-47.3589,-48.7144,PENDING_AG03,FALSE,NOT_FOR_ENFORCEMENT,-59.8218,59.8218,-62.3144,-59.8218,-2.4926,-1.00000000,-0.96000000,-2.4926,-59.8218,-0.96000000,-2.4926,-2.4926,-2.4926,-3.7389,-3.7389,-59.8218,-0.96000000,-14.9554,-13.5999,-47.3589,-48.7144,-0.76000000,-0.78175273,-0.04000000,62.3144,62.3144,-62.3144,-62.3144,-62.3144,62.3144,1.0000,,62.3144,62.3144,62.3144,62.3144,62.3144,62.3144,62.3144,62.3144,62.3144,1.0,1.0,1.0,1,1,1,1,0E-8,-1.00000000,,0E-8,0.000000,1.000000,0.000000,,2026-06-30,2026-06-30,1,1,1,1,1.000000,,,0.000000,,,,,,,,GLOBAL_BASELINE_NO_ENTITY_RANKING,,,NOT_APPLICABLE_GLOBAL_BASELINE,HF9g-P5,,,,X 全窗基线 · 不参与实体赏罚,3921749,393,A168_HF9F_20260827_0900,2026-08-27 09:00:00
2026-06-06,151069689,-1,1,20.7714517168,20.7714517168,20.7714517168,1.0000000,1,1,0.49324550000000000,0.493245500000,1.01360149184955,1.01360149184955,1.01360149184955,0E-17,SENTINEL_DEALER,R03b_20260811_FULL_v1,L1_ELIGIBILITY,v2026-08-11,2026-03-21..2026-08-06,baccarat_bet02_101_all_pairs_incl_sentinel,round_win = game_pnl > 0 (decisive only),COMPATIBILITY_ONLY_NOT_PRODUCTION,83.0858,62.3144,-62.3144,4,4,0.75000000,,0.75000000,0.75000000,62.3144,83.0858,THIN_EXPOSURE,0.0000,-2.4926,4.0000,96.0000,AG03-UNRESOLVED,ALL5_LEVELS_bet23_to_bet27,-2.4926,-2.4926,-2.4926,-2.4926,-2.4926,4.000000,4.000000,4.000000,4.000000,4.000000,96.000000,96.000000,96.000000,96.000000,96.000000,5.0,-12.4629,-11.5049,-49.8515,-50.8094,PENDING_AG03,FALSE,NOT_FOR_ENFORCEMENT,-59.8218,59.8218,-62.3144,-59.8218,-2.4926,-0.75000000,-0.72000000,-2.4926,-59.8218,-0.72000000,-2.4926,-2.4926,-2.4926,-2.4926,-2.4926,-59.8218,-0.72000000,-12.4629,-11.5049,-49.8515,-50.8094,-0.60000000,-0.61152952,-0.03000000,20.7715,15.5786,-15.5786,-62.3144,-15.5786,83.0858,4.0000,,20.7715,20.7715,20.7715,20.7715,20.7715,20.7715,20.7715,20.7715,20.7715,1.0,1.0,1.0,4,4,1,2,0E-8,-0.75000000,,0E-8,0.000000,0.750000,0.750000,,2026-06-06,2026-06-06,1,4,4,1,1.000000,,,0.000000,,,,,,,,GLOBAL_BASELINE_NO_ENTITY_RANKING,,,NOT_APPLICABLE_GLOBAL_BASELINE,HF9g-P5,,,,X 全窗基线 · 不参与实体赏罚,3921750,393,A168_HF9F_20260827_0900,2026-08-27 09:00:00
2026-06-06,151069689,1318,0,20.7714517168,20.7714517168,20.7714517168,1.0000000,1,1,0.49324550000000000,0.493245500000,1.01360149184955,1.01360149184955,1.01360149184955,0E-17,ELIGIBLE,R03b_20260811_FULL_v1,L1_ELIGIBILITY,v2026-08-11,2026-03-21..2026-08-06,baccarat_bet02_101_all_pairs_incl_sentinel,round_win = game_pnl > 0 (decisive only),COMPATIBILITY_ONLY_NOT_PRODUCTION,83.0858,62.3144,-62.3144,4,4,0.75000000,,0.75000000,0.75000000,62.3144,83.0858,THIN_EXPOSURE,0.0000,-2.4926,4.0000,96.0000,AG03-UNRESOLVED,ALL5_LEVELS_bet23_to_bet27,-2.4926,-2.4926,-2.4926,-2.4926,-2.4926,4.000000,4.000000,4.000000,4.000000,4.000000,96.000000,96.000000,96.000000,96.000000,96.000000,5.0,-12.4629,-11.5049,-49.8515,-50.8094,PENDING_AG03,FALSE,NOT_FOR_ENFORCEMENT,-59.8218,59.8218,-62.3144,-59.8218,-2.4926,-0.75000000,-0.72000000,-2.4926,-59.8218,-0.72000000,-2.4926,-2.4926,-2.4926,-2.4926,-2.4926,-59.8218,-0.72000000,-12.4629,-11.5049,-49.8515,-50.8094,-0.60000000,-0.61152952,-0.03000000,20.7715,15.5786,-15.5786,-62.3144,-15.5786,83.0858,4.0000,,20.7715,20.7715,20.7715,20.7715,20.7715,20.7715,20.7715,20.7715,20.7715,1.0,1.0,1.0,4,4,1,2,0E-8,-0.75000000,,0E-8,0.000000,0.750000,0.750000,,2026-06-06,2026-06-06,1,4,4,1,1.000000,,,0.000000,,,,,,,,GLOBAL_BASELINE_NO_ENTITY_RANKING,,,NOT_APPLICABLE_GLOBAL_BASELINE,HF9g-P5,,,,X 全窗基线 · 不参与实体赏罚,3921751,393,A168_HF9F_20260827_0900,2026-08-27 09:00:00
2026-06-06,151069689,2242,0,20.7714517168,0E-10,0E-10,,1,1,0.50665070000000000,0.506650700000,,,,0E-17,NO_DECISIVE_ROUND,R03b_20260811_FULL_v1,L1_ELIGIBILITY,v2026-08-11,2026-03-21..2026-08-06,baccarat_bet02_101_all_pairs_incl_sentinel,round_win = game_pnl > 0 (decisive only),COMPATIBILITY_ONLY_NOT_PRODUCTION,83.0858,62.3144,-62.3144,4,4,0.75000000,,0.75000000,0.75000000,62.3144,83.0858,THIN_EXPOSURE,0.0000,-2.4926,4.0000,96.0000,AG03-UNRESOLVED,ALL5_LEVELS_bet23_to_bet27,-2.4926,-2.4926,-2.4926,-2.4926,-2.4926,4.000000,4.000000,4.000000,4.000000,4.000000,96.000000,96.000000,96.000000,96.000000,96.000000,5.0,-12.4629,-11.5049,-49.8515,-50.8094,PENDING_AG03,FALSE,NOT_FOR_ENFORCEMENT,-59.8218,59.8218,-62.3144,-59.8218,-2.4926,-0.75000000,-0.72000000,-2.4926,-59.8218,-0.72000000,-2.4926,-2.4926,-2.4926,-2.4926,-2.4926,-59.8218,-0.72000000,-12.4629,-11.5049,-49.8515,-50.8094,-0.60000000,-0.61152952,-0.03000000,20.7715,15.5786,-15.5786,-62.3144,-15.5786,83.0858,4.0000,,20.7715,20.7715,20.7715,20.7715,20.7715,20.7715,20.7715,20.7715,20.7715,1.0,1.0,1.0,4,4,1,2,0E-8,-0.75000000,,0E-8,0.000000,0.750000,0.750000,,2026-06-06,2026-06-06,1,4,4,1,1.000000,,,0.000000,,,,,,,,GLOBAL_BASELINE_NO_ENTITY_RANKING,,,NOT_APPLICABLE_GLOBAL_BASELINE,HF9g-P5,,,,X 全窗基线 · 不参与实体赏罚,3921752,393,A168_HF9F_20260827_0900,2026-08-27 09:00:00
2026-06-06,151069689,796,0,20.7714517168,20.7714517168,20.7714517168,1.0000000,1,1,0.50665070000000000,0.506650700000,0.9867858985152569,0.9867858985152569,0.9867858985152569,0E-17,ELIGIBLE,R03b_20260811_FULL_v1,L1_ELIGIBILITY,v2026-08-11,2026-03-21..2026-08-06,baccarat_bet02_101_all_pairs_incl_sentinel,round_win = game_pnl > 0 (decisive only),COMPATIBILITY_ONLY_NOT_PRODUCTION,83.0858,62.3144,-62.3144,4,4,0.75000000,,0.75000000,0.75000000,62.3144,83.0858,THIN_EXPOSURE,0.0000,-2.4926,4.0000,96.0000,AG03-UNRESOLVED,ALL5_LEVELS_bet23_to_bet27,-2.4926,-2.4926,-2.4926,-2.4926,-2.4926,4.000000,4.000000,4.000000,4.000000,4.000000,96.000000,96.000000,96.000000,96.000000,96.000000,5.0,-12.4629,-11.5049,-49.8515,-50.8094,PENDING_AG03,FALSE,NOT_FOR_ENFORCEMENT,-59.8218,59.8218,-62.3144,-59.8218,-2.4926,-0.75000000,-0.72000000,-2.4926,-59.8218,-0.72000000,-2.4926,-2.4926,-2.4926,-2.4926,-2.4926,-59.8218,-0.72000000,-12.4629,-11.5049,-49.8515,-50.8094,-0.60000000,-0.61152952,-0.03000000,20.7715,15.5786,-15.5786,-62.3144,-15.5786,83.0858,4.0000,,20.7715,20.7715,20.7715,20.7715,20.7715,20.7715,20.7715,20.7715,20.7715,1.0,1.0,1.0,4,4,1,2,0E-8,-0.75000000,,0E-8,0.000000,0.750000,0.750000,,2026-06-06,2026-06-06,1,4,4,1,1.000000,,,0.000000,,,,,,,,GLOBAL_BASELINE_NO_ENTITY_RANKING,,,NOT_APPLICABLE_GLOBAL_BASELINE,HF9g-P5,,,,X 全窗基线 · 不参与实体赏罚,3921753,393,A168_HF9F_20260827_0900,2026-08-27 09:00:00
2026-06-17,151652184,-1,1,51.9286292922,35.3114679184,35.3114679184,0.6666667,11,6,0.36871228678525587,0.329378575000,1.5127526614264946,1.757884141243491,1.5127526614264946,0.03933371178525587,SENTINEL_DEALER,R03b_20260811_FULL_v1,L1_ELIGIBILITY,v2026-08-11,2026-03-21..2026-08-06,baccarat_bet02_101_all_pairs_incl_sentinel,round_win = game_pnl > 0 (decisive only),COMPATIBILITY_ONLY_NOT_PRODUCTION,87.2401,74.7772,-62.3144,18,9,0.71428571,,0.71428571,0.71428571,62.3144,87.2401,THIN_EXPOSURE,0.0000,-2.4926,4.0000,96.0000,AG03-UNRESOLVED,ALL5_LEVELS_bet23_to_bet27,-2.4926,-2.4926,-2.4926,-3.7389,-3.7389,4.000000,4.000000,4.000000,6.000000,6.000000,96.000000,96.000000,96.000000,94.000000,94.000000,5.0,-14.9554,-13.5999,-47.3589,-48.7144,PENDING_AG03,FALSE,NOT_FOR_ENFORCEMENT,-59.8218,71.7861,-62.3144,-59.8218,-2.4926,-0.71428571,-0.68571429,-2.4926,-59.8218,-0.68571429,-2.4926,-2.4926,-2.4926,-3.7389,-3.7389,-59.8218,-0.68571429,-14.9554,-13.5999,-47.3589,-48.7144,-0.54285714,-0.55839481,-0.02857143,4.8467,8.3086,-6.9238,-62.3144,-20.7715,87.2401,9.0000,,4.8467,2.0771,4.1543,6.2314,8.3086,9.5549,10.3857,4.1543,-2.0771,2.3,2.5,1.166667,3,3,1,4,0E-8,-0.71428571,,0E-8,0.000000,0.857143,0.000000,,2026-06-17,2026-06-17,1,3,3,1,1.000000,,,0.000000,,,,,,,,GLOBAL_BASELINE_NO_ENTITY_RANKING,,,NOT_APPLICABLE_GLOBAL_BASELINE,HF9g-P5,,,,X 全窗基线 · 不参与实体赏罚,3921754,393,A168_HF9F_20260827_0900,2026-08-27 09:00:00
2026-06-17,151652184,1402,0,22.8485968885,-6.2314355151,-6.2314355151,0.5000000,5,2,0.33949971999862627,0.248075941667,0.4793299644494629,0.8249076423448282,0.4793299644494629,0.09142377833162627,ELIGIBLE,R03b_20260811_FULL_v1,L1_ELIGIBILITY,v2026-08-11,2026-03-21..2026-08-06,baccarat_bet02_101_all_pairs_incl_sentinel,round_win = game_pnl > 0 (decisive only),COMPATIBILITY_ONLY_NOT_PRODUCTION,87.2401,74.7772,-62.3144,18,9,0.71428571,,0.71428571,0.71428571,62.3144,87.2401,THIN_EXPOSURE,0.0000,-2.4926,4.0000,96.0000,AG03-UNRESOLVED,ALL5_LEVELS_bet23_to_bet27,-2.4926,-2.4926,-2.4926,-3.7389,-3.7389,4.000000,4.000000,4.000000,6.000000,6.000000,96.000000,96.000000,96.000000,94.000000,94.000000,5.0,-14.9554,-13.5999,-47.3589,-48.7144,PENDING_AG03,FALSE,NOT_FOR_ENFORCEMENT,-59.8218,71.7861,-62.3144,-59.8218,-2.4926,-0.71428571,-0.68571429,-2.4926,-59.8218,-0.68571429,-2.4926,-2.4926,-2.4926,-3.7389,-3.7389,-59.8218,-0.68571429,-14.9554,-13.5999,-47.3589,-48.7144,-0.54285714,-0.55839481,-0.02857143,4.8467,8.3086,-6.9238,-62.3144,-20.7715,87.2401,9.0000,,4.8467,2.0771,4.1543,6.2314,8.3086,9.5549,10.3857,4.1543,-2.0771,2.3,2.5,1.166667,3,3,1,4,0E-8,-0.71428571,,0E-8,0.000000,0.857143,0.000000,,2026-06-17,2026-06-17,1,3,3,1,1.000000,,,0.000000,,,,,,,,GLOBAL_BASELINE_NO_ENTITY_RANKING,,,NOT_APPLICABLE_GLOBAL_BASELINE,HF9g-P5,,,,X 全窗基线 · 不参与实体赏罚,3921755,393,A168_HF9F_20260827_0900,2026-08-27 09:00:00
2026-06-17,151652184,948,0,12.4628710301,33.2343227468,33.2343227468,1.0000000,2,1,0.36036459999893379,0.293924150000,1.332279007009158,1.549915577879723,1.332279007009158,0.06644044999893379,ELIGIBLE,R03b_20260811_FULL_v1,L1_ELIGIBILITY,v2026-08-11,2026-03-21..2026-08-06,baccarat_bet02_101_all_pairs_incl_sentinel,round_win = game_pnl > 0 (decisive only),COMPATIBILITY_ONLY_NOT_PRODUCTION,87.2401,74.7772,-62.3144,18,9,0.71428571,,0.71428571,0.71428571,62.3144,87.2401,THIN_EXPOSURE,0.0000,-2.4926,4.0000,96.0000,AG03-UNRESOLVED,ALL5_LEVELS_bet23_to_bet27,-2.4926,-2.4926,-2.4926,-3.7389,-3.7389,4.000000,4.000000,4.000000,6.000000,6.000000,96.000000,96.000000,96.000000,94.000000,94.000000,5.0,-14.9554,-13.5999,-47.3589,-48.7144,PENDING_AG03,FALSE,NOT_FOR_ENFORCEMENT,-59.8218,71.7861,-62.3144,-59.8218,-2.4926,-0.71428571,-0.68571429,-2.4926,-59.8218,-0.68571429,-2.4926,-2.4926,-2.4926,-3.7389,-3.7389,-59.8218,-0.68571429,-14.9554,-13.5999,-47.3589,-48.7144,-0.54285714,-0.55839481,-0.02857143,4.8467,8.3086,-6.9238,-62.3144,-20.7715,87.2401,9.0000,,4.8467,2.0771,4.1543,6.2314,8.3086,9.5549,10.3857,4.1543,-2.0771,2.3,2.5,1.166667,3,3,1,4,0E-8,-0.71428571,,0E-8,0.000000,0.857143,0.000000,,2026-06-17,2026-06-17,1,3,3,1,1.000000,,,0.000000,,,,,,,,GLOBAL_BASELINE_NO_ENTITY_RANKING,,,NOT_APPLICABLE_GLOBAL_BASELINE,HF9g-P5,,,,X 全窗基线 · 不参与实体赏罚,3921756,393,A168_HF9F_20260827_0900,2026-08-27 09:00:00
2026-06-01,150853282,-1,1,51.9286292919,51.9286292919,51.9286292919,1.0000000,1,1,0.49324550000000000,0.493245500000,1.01360149184955,1.01360149184955,1.01360149184955,0E-17,SENTINEL_DEALER,R03b_20260811_FULL_v1,L1_ELIGIBILITY,v2026-08-11,2026-03-21..2026-08-06,baccarat_bet02_101_all_pairs_incl_sentinel,round_win = game_pnl > 0 (decisive only),COMPATIBILITY_ONLY_NOT_PRODUCTION,103.8573,103.8573,-62.3144,3,3,0.60000000,,0.60000000,0.60000000,62.3144,103.8573,THIN_EXPOSURE,0.0000,-2.4926,4.0000,96.0000,AG03-UNRESOLVED,ALL5_LEVELS_bet23_to_bet27,-2.4926,-2.4926,-2.4926,-3.7389,-3.7389,4.000000,4.000000,4.000000,6.000000,6.000000,96.000000,96.000000,96.000000,94.000000,94.000000,5.0,-14.9554,-13.5999,-47.3589,-48.7144,PENDING_AG03,FALSE,NOT_FOR_ENFORCEMENT,-59.8218,99.7030,-62.3144,-59.8218,-2.4926,-0.60000000,-0.57600000,-2.4926,-59.8218,-0.57600000,-2.4926,-2.4926,-2.4926,-3.7389,-3.7389,-59.8218,-0.57600000,-14.9554,-13.5999,-47.3589,-48.7144,-0.45600000,-0.46905164,-0.02400000,34.6191,34.6191,-20.7715,-62.3144,-31.1572,103.8573,3.0000,,34.6191,23.3679,31.1572,46.7358,51.9286,51.9286,51.9286,31.1572,31.1572,1.666667,1.666667,1.111111,2,2,1,2,0E-8,-0.60000000,,0E-8,0.000000,1.000000,0.000000,,2026-06-01,2026-06-01,1,2,2,1,1.000000,,,0.000000,,,,,,,,GLOBAL_BASELINE_NO_ENTITY_RANKING,,,NOT_APPLICABLE_GLOBAL_BASELINE,HF9g-P5,,,,X 全窗基线 · 不参与实体赏罚,3921757,393,A168_HF9F_20260827_0900,2026-08-27 09:00:00
2026-06-01,150853282,1304,0,51.9286292919,10.3857258583,10.3857258583,0.5000000,2,2,0.49994810000000000,0.499948100000,0.00014679536856514622,0.00014679536856514622,0.00014679536856514622,0E-17,ELIGIBLE,R03b_20260811_FULL_v1,L1_ELIGIBILITY,v2026-08-11,2026-03-21..2026-08-06,baccarat_bet02_101_all_pairs_incl_sentinel,round_win = game_pnl > 0 (decisive only),COMPATIBILITY_ONLY_NOT_PRODUCTION,103.8573,103.8573,-62.3144,3,3,0.60000000,,0.60000000,0.60000000,62.3144,103.8573,THIN_EXPOSURE,0.0000,-2.4926,4.0000,96.0000,AG03-UNRESOLVED,ALL5_LEVELS_bet23_to_bet27,-2.4926,-2.4926,-2.4926,-3.7389,-3.7389,4.000000,4.000000,4.000000,6.000000,6.000000,96.000000,96.000000,96.000000,94.000000,94.000000,5.0,-14.9554,-13.5999,-47.3589,-48.7144,PENDING_AG03,FALSE,NOT_FOR_ENFORCEMENT,-59.8218,99.7030,-62.3144,-59.8218,-2.4926,-0.60000000,-0.57600000,-2.4926,-59.8218,-0.57600000,-2.4926,-2.4926,-2.4926,-3.7389,-3.7389,-59.8218,-0.57600000,-14.9554,-13.5999,-47.3589,-48.7144,-0.45600000,-0.46905164,-0.02400000,34.6191,34.6191,-20.7715,-62.3144,-31.1572,103.8573,3.0000,,34.6191,23.3679,31.1572,46.7358,51.9286,51.9286,51.9286,31.1572,31.1572,1.666667,1.666667,1.111111,2,2,1,2,0E-8,-0.60000000,,0E-8,0.000000,1.000000,0.000000,,2026-06-01,2026-06-01,1,2,2,1,1.000000,,,0.000000,,,,,,,,GLOBAL_BASELINE_NO_ENTITY_RANKING,,,NOT_APPLICABLE_GLOBAL_BASELINE,HF9g-P5,,,,X 全窗基线 · 不参与实体赏罚,3921758,393,A168_HF9F_20260827_0900,2026-08-27 09:00:00
2026-06-14,151491160,2065,0,103.8572585838,62.3143551502,62.3143551502,1.0000000,2,1,0.41351695999984647,0.293924150000,1.190915823262515,1.549915577879723,1.190915823262515,0.11959280999984647,ELIGIBLE,R03b_20260811_FULL_v1,L1_ELIGIBILITY,v2026-08-11,2026-03-21..2026-08-06,baccarat_bet02_101_all_pairs_incl_sentinel,round_win = game_pnl > 0 (decisive only),COMPATIBILITY_ONLY_NOT_PRODUCTION,103.8573,103.8573,-62.3144,2,1,0.60000000,,0.60000000,0.60000000,62.3144,103.8573,THIN_EXPOSURE,0.0000,-2.4926,4.0000,96.0000,AG03-UNRESOLVED,ALL5_LEVELS_bet23_to_bet27,-2.4926,-2.4926,-3.1157,-3.7389,-3.7389,4.000000,4.000000,5.000000,6.000000,6.000000,96.000000,96.000000,95.000000,94.000000,94.000000,5.0,-15.5786,-14.1074,-46.7358,-48.207,PENDING_AG03,FALSE,NOT_FOR_ENFORCEMENT,-59.8218,99.7030,-62.3144,-59.8218,-2.4926,-0.60000000,-0.57600000,-2.4926,-59.8218,-0.57600000,-2.4926,-2.4926,-3.1157,-3.7389,-3.7389,-59.8218,-0.57600000,-15.5786,-14.1074,-46.7358,-48.207,-0.45000000,-0.46416568,-0.02400000,51.9286,103.8573,-62.3144,-62.3144,-62.3144,103.8573,1.0000,,51.9286,20.7715,51.9286,83.0858,83.0858,83.0858,83.0858,51.9286,31.1572,1.6,1.6,1.0,1,1,1,2,0E-8,-0.60000000,,0E-8,0.000000,1.000000,0.000000,,2026-06-14,2026-06-14,1,1,1,1,1.000000,,,0.000000,,,,,,,,GLOBAL_BASELINE_NO_ENTITY_RANKING,,,NOT_APPLICABLE_GLOBAL_BASELINE,HF9g-P5,,,,X 全窗基线 · 不参与实体赏罚,3921759,393,A168_HF9F_20260827_0900,2026-08-27 09:00:00
2026-06-08,151186138,2209,0,124.6287103007,62.3143551503,62.3143551503,0.5714286,7,7,0.49324550000000000,0.493245500000,0.4137436818725812,0.41374368187258126,0.4137436818725812,0E-17,ELIGIBLE,R03b_20260811_FULL_v1,L1_ELIGIBILITY,v2026-08-11,2026-03-21..2026-08-06,baccarat_bet02_101_all_pairs_incl_sentinel,round_win = game_pnl > 0 (decisive only),COMPATIBILITY_ONLY_NOT_PRODUCTION,124.6287,124.6287,-62.3144,7,7,0.50000000,,0.50000000,0.50000000,62.3144,124.6287,THIN_EXPOSURE,0.0000,-2.4926,4.0000,96.0000,AG03-UNRESOLVED,ALL5_LEVELS_bet23_to_bet27,-2.4926,-2.4926,-3.1157,-3.7389,-3.7389,4.000000,4.000000,5.000000,6.000000,6.000000,96.000000,96.000000,95.000000,94.000000,94.000000,5.0,-15.5786,-14.1074,-46.7358,-48.207,PENDING_AG03,FALSE,NOT_FOR_ENFORCEMENT,-59.8218,119.6436,-62.3144,-59.8218,-2.4926,-0.50000000,-0.48000000,-2.4926,-59.8218,-0.48000000,-2.4926,-2.4926,-3.1157,-3.7389,-3.7389,-59.8218,-0.48000000,-15.5786,-14.1074,-46.7358,-48.207,-0.37500000,-0.38680474,-0.02000000,17.8041,17.8041,-8.9021,-62.3144,-62.3144,124.6287,7.0000,,17.8041,10.3857,10.3857,18.175,45.6972,51.9286,51.9286,10.3857,10.3857,5.0,5.0,1.714286,1,1,1,1,0E-8,-0.50000000,,0E-8,0.000000,1.000000,0.000000,,2026-06-08,2026-06-08,1,1,1,1,1.000000,,,0.000000,,,,,,,,GLOBAL_BASELINE_NO_ENTITY_RANKING,,,NOT_APPLICABLE_GLOBAL_BASELINE,HF9g-P5,,,,X 全窗基线 · 不参与实体赏罚,3921760,393,A168_HF9F_20260827_0900,2026-08-27 09:00:00
2026-06-10,124702371,925,0,103.8572585838,83.0858068670,83.0858068670,1.0000000,2,2,0.50665070000000000,0.506650700000,0.9867858985152569,0.9867858985152569,0.9867858985152569,0E-17,ELIGIBLE,R03b_20260811_FULL_v1,L1_ELIGIBILITY,v2026-08-11,2026-03-21..2026-08-06,baccarat_bet02_101_all_pairs_incl_sentinel,round_win = game_pnl > 0 (decisive only),COMPATIBILITY_ONLY_NOT_PRODUCTION,124.6287,103.8573,-62.3144,3,3,0.50000000,,0.50000000,0.50000000,62.3144,124.6287,THIN_EXPOSURE,0.0000,-2.4926,4.0000,96.0000,AG03-UNRESOLVED,ALL5_LEVELS_bet23_to_bet27,-2.4926,-2.4926,-2.4926,-3.1157,-3.1157,4.000000,4.000000,4.000000,5.000000,5.000000,96.000000,96.000000,96.000000,95.000000,95.000000,5.0,-13.7092,-12.5579,-48.6052,-49.7564,PENDING_AG03,FALSE,NOT_FOR_ENFORCEMENT,-59.8218,99.7030,-62.3144,-59.8218,-2.4926,-0.50000000,-0.48000000,-2.4926,-59.8218,-0.48000000,-2.4926,-2.4926,-2.4926,-3.1157,-3.1157,-59.8218,-0.48000000,-13.7092,-12.5579,-48.6052,-49.7564,-0.39000000,-0.39923712,-0.02000000,41.5429,34.6191,-20.7715,-62.3144,-31.1572,124.6287,3.0000,,41.5429,20.7715,20.7715,67.5072,83.0858,83.0858,83.0858,20.7715,0.0,4.0,4.0,2.0,2,2,1,2,0E-8,-0.50000000,,0E-8,0.000000,0.833333,0.333333,,2026-06-10,2026-06-10,1,2,2,1,1.000000,,,0.000000,,,,,,,,GLOBAL_BASELINE_NO_ENTITY_RANKING,,,NOT_APPLICABLE_GLOBAL_BASELINE,HF9g-P5,,,,X 全窗基线 · 不参与实体赏罚,3921761,393,A168_HF9F_20260827_0900,2026-08-27 09:00:00
2026-06-10,124702371,994,0,20.7714517168,-20.7714517168,-20.7714517168,0E-7,1,1,0.49324550000000000,0.493245500000,-0.9865810262130424,-0.9865810262130424,-0.9865810262130424,0E-17,ELIGIBLE,R03b_20260811_FULL_v1,L1_ELIGIBILITY,v2026-08-11,2026-03-21..2026-08-06,baccarat_bet02_101_all_pairs_incl_sentinel,round_win = game_pnl > 0 (decisive only),COMPATIBILITY_ONLY_NOT_PRODUCTION,124.6287,103.8573,-62.3144,3,3,0.50000000,,0.50000000,0.50000000,62.3144,124.6287,THIN_EXPOSURE,0.0000,-2.4926,4.0000,96.0000,AG03-UNRESOLVED,ALL5_LEVELS_bet23_to_bet27,-2.4926,-2.4926,-2.4926,-3.1157,-3.1157,4.000000,4.000000,4.000000,5.000000,5.000000,96.000000,96.000000,96.000000,95.000000,95.000000,5.0,-13.7092,-12.5579,-48.6052,-49.7564,PENDING_AG03,FALSE,NOT_FOR_ENFORCEMENT,-59.8218,99.7030,-62.3144,-59.8218,-2.4926,-0.50000000,-0.48000000,-2.4926,-59.8218,-0.48000000,-2.4926,-2.4926,-2.4926,-3.1157,-3.1157,-59.8218,-0.48000000,-13.7092,-12.5579,-48.6052,-49.7564,-0.39000000,-0.39923712,-0.02000000,41.5429,34.6191,-20.7715,-62.3144,-31.1572,124.6287,3.0000,,41.5429,20.7715,20.7715,67.5072,83.0858,83.0858,83.0858,20.7715,0.0,4.0,4.0,2.0,2,2,1,2,0E-8,-0.50000000,,0E-8,0.000000,0.833333,0.333333,,2026-06-10,2026-06-10,1,2,2,1,1.000000,,,0.000000,,,,,,,,GLOBAL_BASELINE_NO_ENTITY_RANKING,,,NOT_APPLICABLE_GLOBAL_BASELINE,HF9g-P5,,,,X 全窗基线 · 不参与实体赏罚,3921762,393,A168_HF9F_20260827_0900,2026-08-27 09:00:00
2026-06-19,118245297,2280,0,124.6287103006,62.3143551503,62.3143551503,1.0000000,2,2,0.49324550000000000,0.493245500000,1.01360149184955,1.01360149184955,1.01360149184955,0E-17,ELIGIBLE,R03b_20260811_FULL_v1,L1_ELIGIBILITY,v2026-08-11,2026-03-21..2026-08-06,baccarat_bet02_101_all_pairs_incl_sentinel,round_win = game_pnl > 0 (decisive only),COMPATIBILITY_ONLY_NOT_PRODUCTION,124.6287,62.3144,-62.3144,2,2,0.50000000,,0.50000000,0.50000000,62.3144,124.6287,THIN_EXPOSURE,0.0000,-2.4926,4.0000,96.0000,AG03-UNRESOLVED,ALL5_LEVELS_bet23_to_bet27,-2.4926,-2.4926,-2.4926,-4.3620,-4.3620,4.000000,4.000000,4.000000,7.000000,7.000000,96.000000,96.000000,96.000000,93.000000,93.000000,5.0,-16.2017,-14.6309,-46.1126,-47.6835,PENDING_AG03,FALSE,NOT_FOR_ENFORCEMENT,-59.8218,59.8218,-62.3144,-59.8218,-2.4926,-0.50000000,-0.48000000,-2.4926,-59.8218,-0.48000000,-2.4926,-2.4926,-2.4926,-4.3620,-4.3620,-59.8218,-0.48000000,-16.2017,-14.6309,-46.1126,-47.6835,-0.37000000,-0.38260408,-0.02000000,62.3144,31.1572,-31.1572,-62.3144,-62.3144,124.6287,2.0000,,62.3144,62.3144,62.3144,62.3144,62.3144,62.3144,62.3144,31.1572,31.1572,1.0,1.0,1.0,1,1,1,1,0E-8,-0.50000000,,0E-8,0.000000,0.500000,0.000000,,2026-06-19,2026-06-19,1,1,1,1,1.000000,,,0.000000,,,,,,,,GLOBAL_BASELINE_NO_ENTITY_RANKING,,,NOT_APPLICABLE_GLOBAL_BASELINE,HF9g-P5,,,,X 全窗基线 · 不参与实体赏罚,3921763,393,A168_HF9F_20260827_0900,2026-08-27 09:00:00
2026-06-05,151035329,1307,0,24.9257420602,-4.1542903434,-4.1542903434,0E-7,4,3,0.36266658333333333,0.362666583333,-0.7543457110285675,-0.7543457110280236,-0.7543457110285675,3.3333E-13,ELIGIBLE,R03b_20260811_FULL_v1,L1_ELIGIBILITY,v2026-08-11,2026-03-21..2026-08-06,baccarat_bet02_101_all_pairs_incl_sentinel,round_win = game_pnl > 0 (decisive only),COMPATIBILITY_ONLY_NOT_PRODUCTION,141.2459,112.1658,-62.3144,27,12,0.44117647,,0.44117647,0.44117647,62.3144,141.2459,THIN_EXPOSURE,0.0000,-2.4926,4.0000,96.0000,AG03-UNRESOLVED,ALL5_LEVELS_bet23_to_bet27,-2.4926,-2.4926,-2.4926,-2.4926,-2.4926,4.000000,4.000000,4.000000,4.000000,4.000000,96.000000,96.000000,96.000000,96.000000,96.000000,5.0,-12.4629,-11.5049,-49.8515,-50.8094,PENDING_AG03,FALSE,NOT_FOR_ENFORCEMENT,-59.8218,107.6792,-62.3144,-59.8218,-2.4926,-0.44117647,-0.42352941,-2.4926,-59.8218,-0.42352941,-2.4926,-2.4926,-2.4926,-2.4926,-2.4926,-59.8218,-0.42352941,-12.4629,-11.5049,-49.8515,-50.8094,-0.35294118,-0.35972325,-0.01764706,5.2313,9.3472,-5.1929,-62.3144,-62.3144,141.2459,12.0000,,5.2313,2.0771,2.0771,9.8664,12.0474,13.7092,20.7715,2.0771,-2.0771,6.599998,10.0,2.518519,1,2,1,5,0E-8,-0.44117647,,0E-8,0.000000,0.794118,1.000000,,2026-06-05,2026-06-05,1,1,1,1,1.000000,,,0.000000,,,,,,,,GLOBAL_BASELINE_NO_ENTITY_RANKING,,,NOT_APPLICABLE_GLOBAL_BASELINE,HF9g-P5,,,,X 全窗基线 · 不参与实体赏罚,3921764,393,A168_HF9F_20260827_0900,2026-08-27 09:00:00
2026-06-05,151035329,1505,0,116.3201296144,66.4686454933,66.4686454933,0.7777778,23,9,0.37195558226127544,0.264404855556,2.518931343478854,3.492207757824339,2.518931343478854,0.10755072670527544,ELIGIBLE,R03b_20260811_FULL_v1,L1_ELIGIBILITY,v2026-08-11,2026-03-21..2026-08-06,baccarat_bet02_101_all_pairs_incl_sentinel,round_win = game_pnl > 0 (decisive only),COMPATIBILITY_ONLY_NOT_PRODUCTION,141.2459,112.1658,-62.3144,27,12,0.44117647,,0.44117647,0.44117647,62.3144,141.2459,THIN_EXPOSURE,0.0000,-2.4926,4.0000,96.0000,AG03-UNRESOLVED,ALL5_LEVELS_bet23_to_bet27,-2.4926,-2.4926,-2.4926,-2.4926,-2.4926,4.000000,4.000000,4.000000,4.000000,4.000000,96.000000,96.000000,96.000000,96.000000,96.000000,5.0,-12.4629,-11.5049,-49.8515,-50.8094,PENDING_AG03,FALSE,NOT_FOR_ENFORCEMENT,-59.8218,107.6792,-62.3144,-59.8218,-2.4926,-0.44117647,-0.42352941,-2.4926,-59.8218,-0.42352941,-2.4926,-2.4926,-2.4926,-2.4926,-2.4926,-59.8218,-0.42352941,-12.4629,-11.5049,-49.8515,-50.8094,-0.35294118,-0.35972325,-0.01764706,5.2313,9.3472,-5.1929,-62.3144,-62.3144,141.2459,12.0000,,5.2313,2.0771,2.0771,9.8664,12.0474,13.7092,20.7715,2.0771,-2.0771,6.599998,10.0,2.518519,1,2,1,5,0E-8,-0.44117647,,0E-8,0.000000,0.794118,1.000000,,2026-06-05,2026-06-05,1,1,1,1,1.000000,,,0.000000,,,,,,,,GLOBAL_BASELINE_NO_ENTITY_RANKING,,,NOT_APPLICABLE_GLOBAL_BASELINE,HF9g-P5,,,,X 全窗基线 · 不参与实体赏罚,3921765,393,A168_HF9F_20260827_0900,2026-08-27 09:00:00
2026-06-15,151560425,-1,1,12.4628710301,12.4628710301,12.4628710301,1.0000000,1,1,0.49324550000000000,0.493245500000,1.01360149184955,1.01360149184955,1.01360149184955,0E-17,SENTINEL_DEALER,R03b_20260811_FULL_v1,L1_ELIGIBILITY,v2026-08-11,2026-03-21..2026-08-06,baccarat_bet02_101_all_pairs_incl_sentinel,round_win = game_pnl > 0 (decisive only),COMPATIBILITY_ONLY_NOT_PRODUCTION,145.4002,145.4002,-62.3144,7,7,0.42857143,,0.42857143,0.42857143,62.3144,145.4002,THIN_EXPOSURE,0.0000,-2.4926,4.0000,96.0000,AG03-UNRESOLVED,ALL5_LEVELS_bet23_to_bet27,-2.4926,-2.4926,-3.1157,0.0000,0.0000,4.000000,4.000000,5.000000,0.000000,0.000000,96.000000,96.000000,95.000000,100.000000,100.000000,5.0,-8.1009,-7.7569,-54.2135,-54.5575,PENDING_AG03,FALSE,NOT_FOR_ENFORCEMENT,-59.8218,139.5842,-62.3144,-59.8218,-2.4926,-0.42857143,-0.41142857,-2.4926,-59.8218,-0.41142857,-2.4926,-2.4926,-3.1157,0.0000,0.0000,-59.8218,-0.41142857,-8.1009,-7.7569,-54.2135,-54.5575,-0.37285714,-0.37522286,-0.01714286,20.7715,20.7715,-8.9021,-20.7715,-10.3857,48.4667,2.3333,,20.7715,14.54,20.7715,20.7715,37.3886,41.5429,41.5429,20.7715,12.4629,2.0,2.0,1.0,6,6,2,1,0E-8,-0.42857143,,0E-8,0.000000,1.000000,0.000000,,2026-06-15,2026-06-19,3,6,6,5,0.600000,,,0.000000,,,,,,,,GLOBAL_BASELINE_NO_ENTITY_RANKING,,,NOT_APPLICABLE_GLOBAL_BASELINE,HF9g-P5,,,,X 全窗基线 · 不参与实体赏罚,3921766,393,A168_HF9F_20260827_0900,2026-08-27 09:00:00
2026-06-15,151560425,1302,0,20.7714517168,-20.7714517168,-20.7714517168,0E-7,1,1,0.49324550000000000,0.493245500000,-0.9865810262130424,-0.9865810262130424,-0.9865810262130424,0E-17,ELIGIBLE,R03b_20260811_FULL_v1,L1_ELIGIBILITY,v2026-08-11,2026-03-21..2026-08-06,baccarat_bet02_101_all_pairs_incl_sentinel,round_win = game_pnl > 0 (decisive only),COMPATIBILITY_ONLY_NOT_PRODUCTION,145.4002,145.4002,-62.3144,7,7,0.42857143,,0.42857143,0.42857143,62.3144,145.4002,THIN_EXPOSURE,0.0000,-2.4926,4.0000,96.0000,AG03-UNRESOLVED,ALL5_LEVELS_bet23_to_bet27,-2.4926,-2.4926,-3.1157,0.0000,0.0000,4.000000,4.000000,5.000000,0.000000,0.000000,96.000000,96.000000,95.000000,100.000000,100.000000,5.0,-8.1009,-7.7569,-54.2135,-54.5575,PENDING_AG03,FALSE,NOT_FOR_ENFORCEMENT,-59.8218,139.5842,-62.3144,-59.8218,-2.4926,-0.42857143,-0.41142857,-2.4926,-59.8218,-0.41142857,-2.4926,-2.4926,-3.1157,0.0000,0.0000,-59.8218,-0.41142857,-8.1009,-7.7569,-54.2135,-54.5575,-0.37285714,-0.37522286,-0.01714286,20.7715,20.7715,-8.9021,-20.7715,-10.3857,48.4667,2.3333,,20.7715,14.54,20.7715,20.7715,37.3886,41.5429,41.5429,20.7715,12.4629,2.0,2.0,1.0,6,6,2,1,0E-8,-0.42857143,,0E-8,0.000000,1.000000,0.000000,,2026-06-15,2026-06-19,3,6,6,5,0.600000,,,0.000000,,,,,,,,GLOBAL_BASELINE_NO_ENTITY_RANKING,,,NOT_APPLICABLE_GLOBAL_BASELINE,HF9g-P5,,,,X 全窗基线 · 不参与实体赏罚,3921767,393,A168_HF9F_20260827_0900,2026-08-27 09:00:00
2026-06-15,151560425,1990,0,8.3085806867,8.3085806867,8.3085806867,1.0000000,1,1,0.49324550000000000,0.493245500000,1.01360149184955,1.01360149184955,1.01360149184955,0E-17,ELIGIBLE,R03b_20260811_FULL_v1,L1_ELIGIBILITY,v2026-08-11,2026-03-21..2026-08-06,baccarat_bet02_101_all_pairs_incl_sentinel,round_win = game_pnl > 0 (decisive only),COMPATIBILITY_ONLY_NOT_PRODUCTION,145.4002,145.4002,-62.3144,7,7,0.42857143,,0.42857143,0.42857143,62.3144,145.4002,THIN_EXPOSURE,0.0000,-2.4926,4.0000,96.0000,AG03-UNRESOLVED,ALL5_LEVELS_bet23_to_bet27,-2.4926,-2.4926,-3.1157,0.0000,0.0000,4.000000,4.000000,5.000000,0.000000,0.000000,96.000000,96.000000,95.000000,100.000000,100.000000,5.0,-8.1009,-7.7569,-54.2135,-54.5575,PENDING_AG03,FALSE,NOT_FOR_ENFORCEMENT,-59.8218,139.5842,-62.3144,-59.8218,-2.4926,-0.42857143,-0.41142857,-2.4926,-59.8218,-0.41142857,-2.4926,-2.4926,-3.1157,0.0000,0.0000,-59.8218,-0.41142857,-8.1009,-7.7569,-54.2135,-54.5575,-0.37285714,-0.37522286,-0.01714286,20.7715,20.7715,-8.9021,-20.7715,-10.3857,48.4667,2.3333,,20.7715,14.54,20.7715,20.7715,37.3886,41.5429,41.5429,20.7715,12.4629,2.0,2.0,1.0,6,6,2,1,0E-8,-0.42857143,,0E-8,0.000000,1.000000,0.000000,,2026-06-15,2026-06-19,3,6,6,5,0.600000,,,0.000000,,,,,,,,GLOBAL_BASELINE_NO_ENTITY_RANKING,,,NOT_APPLICABLE_GLOBAL_BASELINE,HF9g-P5,,,,X 全窗基线 · 不参与实体赏罚,3921768,393,A168_HF9F_20260827_0900,2026-08-27 09:00:00
2026-06-16,151560425,-1,1,41.5429034335,41.5429034335,41.5429034335,1.0000000,1,1,0.49324550000000000,0.493245500000,1.01360149184955,1.01360149184955,1.01360149184955,0E-17,SENTINEL_DEALER,R03b_20260811_FULL_v1,L1_ELIGIBILITY,v2026-08-11,2026-03-21..2026-08-06,baccarat_bet02_101_all_pairs_incl_sentinel,round_win = game_pnl > 0 (decisive only),COMPATIBILITY_ONLY_NOT_PRODUCTION,145.4002,145.4002,-62.3144,7,7,0.42857143,,0.42857143,0.42857143,62.3144,145.4002,THIN_EXPOSURE,0.0000,-2.4926,4.0000,96.0000,AG03-UNRESOLVED,ALL5_LEVELS_bet23_to_bet27,-2.4926,-2.4926,-3.1157,0.0000,0.0000,4.000000,4.000000,5.000000,0.000000,0.000000,96.000000,96.000000,95.000000,100.000000,100.000000,5.0,-8.1009,-7.7569,-54.2135,-54.5575,PENDING_AG03,FALSE,NOT_FOR_ENFORCEMENT,-59.8218,139.5842,-62.3144,-59.8218,-2.4926,-0.42857143,-0.41142857,-2.4926,-59.8218,-0.41142857,-2.4926,-2.4926,-3.1157,0.0000,0.0000,-59.8218,-0.41142857,-8.1009,-7.7569,-54.2135,-54.5575,-0.37285714,-0.37522286,-0.01714286,20.7715,20.7715,-8.9021,-20.7715,-10.3857,48.4667,2.3333,,20.7715,14.54,20.7715,20.7715,37.3886,41.5429,41.5429,20.7715,12.4629,2.0,2.0,1.0,6,6,2,1,0E-8,-0.42857143,,0E-8,0.000000,1.000000,0.000000,,2026-06-15,2026-06-19,3,6,6,5,0.600000,,,0.000000,,,,,,,,GLOBAL_BASELINE_NO_ENTITY_RANKING,,,NOT_APPLICABLE_GLOBAL_BASELINE,HF9g-P5,,,,X 全窗基线 · 不参与实体赏罚,3921769,393,A168_HF9F_20260827_0900,2026-08-27 09:00:00
2026-06-19,151560425,1331,0,20.7714517168,-20.7714517168,-20.7714517168,0E-7,1,1,0.49324550000000000,0.493245500000,-0.9865810262130424,-0.9865810262130424,-0.9865810262130424,0E-17,ELIGIBLE,R03b_20260811_FULL_v1,L1_ELIGIBILITY,v2026-08-11,2026-03-21..2026-08-06,baccarat_bet02_101_all_pairs_incl_sentinel,round_win = game_pnl > 0 (decisive only),COMPATIBILITY_ONLY_NOT_PRODUCTION,145.4002,145.4002,-62.3144,7,7,0.42857143,,0.42857143,0.42857143,62.3144,145.4002,THIN_EXPOSURE,0.0000,-2.4926,4.0000,96.0000,AG03-UNRESOLVED,ALL5_LEVELS_bet23_to_bet27,-2.4926,-2.4926,-3.1157,0.0000,0.0000,4.000000,4.000000,5.000000,0.000000,0.000000,96.000000,96.000000,95.000000,100.000000,100.000000,5.0,-8.1009,-7.7569,-54.2135,-54.5575,PENDING_AG03,FALSE,NOT_FOR_ENFORCEMENT,-59.8218,139.5842,-62.3144,-59.8218,-2.4926,-0.42857143,-0.41142857,-2.4926,-59.8218,-0.41142857,-2.4926,-2.4926,-3.1157,0.0000,0.0000,-59.8218,-0.41142857,-8.1009,-7.7569,-54.2135,-54.5575,-0.37285714,-0.37522286,-0.01714286,20.7715,20.7715,-8.9021,-20.7715,-10.3857,48.4667,2.3333,,20.7715,14.54,20.7715,20.7715,37.3886,41.5429,41.5429,20.7715,12.4629,2.0,2.0,1.0,6,6,2,1,0E-8,-0.42857143,,0E-8,0.000000,1.000000,0.000000,,2026-06-15,2026-06-19,3,6,6,5,0.600000,,,0.000000,,,,,,,,GLOBAL_BASELINE_NO_ENTITY_RANKING,,,NOT_APPLICABLE_GLOBAL_BASELINE,HF9g-P5,,,,X 全窗基线 · 不参与实体赏罚,3921770,393,A168_HF9F_20260827_0900,2026-08-27 09:00:00
2026-06-19,151560425,2103,0,20.7714517168,20.7714517168,20.7714517168,1.0000000,1,1,0.49324550000000000,0.493245500000,1.01360149184955,1.01360149184955,1.01360149184955,0E-17,ELIGIBLE,R03b_20260811_FULL_v1,L1_ELIGIBILITY,v2026-08-11,2026-03-21..2026-08-06,baccarat_bet02_101_all_pairs_incl_sentinel,round_win = game_pnl > 0 (decisive only),COMPATIBILITY_ONLY_NOT_PRODUCTION,145.4002,145.4002,-62.3144,7,7,0.42857143,,0.42857143,0.42857143,62.3144,145.4002,THIN_EXPOSURE,0.0000,-2.4926,4.0000,96.0000,AG03-UNRESOLVED,ALL5_LEVELS_bet23_to_bet27,-2.4926,-2.4926,-3.1157,0.0000,0.0000,4.000000,4.000000,5.000000,0.000000,0.000000,96.000000,96.000000,95.000000,100.000000,100.000000,5.0,-8.1009,-7.7569,-54.2135,-54.5575,PENDING_AG03,FALSE,NOT_FOR_ENFORCEMENT,-59.8218,139.5842,-62.3144,-59.8218,-2.4926,-0.42857143,-0.41142857,-2.4926,-59.8218,-0.41142857,-2.4926,-2.4926,-3.1157,0.0000,0.0000,-59.8218,-0.41142857,-8.1009,-7.7569,-54.2135,-54.5575,-0.37285714,-0.37522286,-0.01714286,20.7715,20.7715,-8.9021,-20.7715,-10.3857,48.4667,2.3333,,20.7715,14.54,20.7715,20.7715,37.3886,41.5429,41.5429,20.7715,12.4629,2.0,2.0,1.0,6,6,2,1,0E-8,-0.42857143,,0E-8,0.000000,1.000000,0.000000,,2026-06-15,2026-06-19,3,6,6,5,0.600000,,,0.000000,,,,,,,,GLOBAL_BASELINE_NO_ENTITY_RANKING,,,NOT_APPLICABLE_GLOBAL_BASELINE,HF9g-P5,,,,X 全窗基线 · 不参与实体赏罚,3921771,393,A168_HF9F_20260827_0900,2026-08-27 09:00:00
2026-06-19,151560425,2223,0,20.7714517168,20.7714517168,20.7714517168,1.0000000,1,1,0.49324550000000000,0.493245500000,1.01360149184955,1.01360149184955,1.01360149184955,0E-17,ELIGIBLE,R03b_20260811_FULL_v1,L1_ELIGIBILITY,v2026-08-11,2026-03-21..2026-08-06,baccarat_bet02_101_all_pairs_incl_sentinel,round_win = game_pnl > 0 (decisive only),COMPATIBILITY_ONLY_NOT_PRODUCTION,145.4002,145.4002,-62.3144,7,7,0.42857143,,0.42857143,0.42857143,62.3144,145.4002,THIN_EXPOSURE,0.0000,-2.4926,4.0000,96.0000,AG03-UNRESOLVED,ALL5_LEVELS_bet23_to_bet27,-2.4926,-2.4926,-3.1157,0.0000,0.0000,4.000000,4.000000,5.000000,0.000000,0.000000,96.000000,96.000000,95.000000,100.000000,100.000000,5.0,-8.1009,-7.7569,-54.2135,-54.5575,PENDING_AG03,FALSE,NOT_FOR_ENFORCEMENT,-59.8218,139.5842,-62.3144,-59.8218,-2.4926,-0.42857143,-0.41142857,-2.4926,-59.8218,-0.41142857,-2.4926,-2.4926,-3.1157,0.0000,0.0000,-59.8218,-0.41142857,-8.1009,-7.7569,-54.2135,-54.5575,-0.37285714,-0.37522286,-0.01714286,20.7715,20.7715,-8.9021,-20.7715,-10.3857,48.4667,2.3333,,20.7715,14.54,20.7715,20.7715,37.3886,41.5429,41.5429,20.7715,12.4629,2.0,2.0,1.0,6,6,2,1,0E-8,-0.42857143,,0E-8,0.000000,1.000000,0.000000,,2026-06-15,2026-06-19,3,6,6,5,0.600000,,,0.000000,,,,,,,,GLOBAL_BASELINE_NO_ENTITY_RANKING,,,NOT_APPLICABLE_GLOBAL_BASELINE,HF9g-P5,,,,X 全窗基线 · 不参与实体赏罚,3921772,393,A168_HF9F_20260827_0900,2026-08-27 09:00:00
2026-06-22,151888450,1405,0,153.7087427041,62.3143551501,62.3143551501,0.7142857,9,7,0.48590632303561661,0.438211571429,1.2089505149407507,1.472130928345974,1.2089505149407507,0.04769475160661661,ELIGIBLE,R03b_20260811_FULL_v1,L1_ELIGIBILITY,v2026-08-11,2026-03-21..2026-08-06,baccarat_bet02_101_all_pairs_incl_sentinel,round_win = game_pnl > 0 (decisive only),COMPATIBILITY_ONLY_NOT_PRODUCTION,153.7087,135.0144,-62.3144,9,7,0.40540541,,0.40540541,0.40540541,62.3144,153.7087,THIN_EXPOSURE,0.0000,-2.4926,4.0000,96.0000,AG03-UNRESOLVED,ALL5_LEVELS_bet23_to_bet27,-2.4926,-2.4926,-2.4926,-3.7389,-3.7389,4.000000,4.000000,4.000000,6.000000,6.000000,96.000000,96.000000,96.000000,94.000000,94.000000,5.0,-14.9554,-13.5999,-47.3589,-48.7144,PENDING_AG03,FALSE,NOT_FOR_ENFORCEMENT,-59.8218,129.6139,-62.3144,-59.8218,-2.4926,-0.40540541,-0.38918919,-2.4926,-59.8218,-0.38918919,-2.4926,-2.4926,-2.4926,-3.7389,-3.7389,-59.8218,-0.38918919,-14.9554,-13.5999,-47.3589,-48.7144,-0.30810811,-0.31692678,-0.01621622,17.0787,19.2878,-8.9021,-62.3144,-62.3144,153.7087,7.0000,,17.0787,8.3086,16.6172,29.5993,31.1572,31.1572,31.1572,12.4629,10.3857,1.875,1.875,1.027778,1,1,1,3,0E-8,-0.40540541,,0E-8,0.000000,0.878378,0.000000,,2026-06-22,2026-06-22,1,1,1,1,1.000000,,,0.000000,,,,,,,,GLOBAL_BASELINE_NO_ENTITY_RANKING,,,NOT_APPLICABLE_GLOBAL_BASELINE,HF9g-P5,,,,X 全窗基线 · 不参与实体赏罚,3921773,393,A168_HF9F_20260827_0900,2026-08-27 09:00:00
2026-06-25,152067703,2169,0,60.2372099786,20.7714517167,20.7714517167,0.5000000,3,2,0.45865733333281988,0.398665625000,0.1173365146597873,0.2926910081793089,0.1173365146597873,0.05999170833281988,ELIGIBLE,R03b_20260811_FULL_v1,L1_ELIGIBILITY,v2026-08-11,2026-03-21..2026-08-06,baccarat_bet02_101_all_pairs_incl_sentinel,round_win = game_pnl > 0 (decisive only),COMPATIBILITY_ONLY_NOT_PRODUCTION,164.0945,101.7801,-62.3144,6,5,0.37974684,,0.37974684,0.37974684,62.3144,164.0945,THIN_EXPOSURE,0.0000,-2.4926,4.0000,96.0000,AG03-UNRESOLVED,ALL5_LEVELS_bet23_to_bet27,-2.4926,-2.4926,-2.4926,-2.4926,-2.4926,4.000000,4.000000,4.000000,4.000000,4.000000,96.000000,96.000000,96.000000,96.000000,96.000000,5.0,-12.4629,-11.5049,-49.8515,-50.8094,PENDING_AG03,FALSE,NOT_FOR_ENFORCEMENT,-59.8218,97.7089,-62.3144,-59.8218,-2.4926,-0.37974684,-0.36455696,-2.4926,-59.8218,-0.36455696,-2.4926,-2.4926,-2.4926,-2.4926,-2.4926,-59.8218,-0.36455696,-12.4629,-11.5049,-49.8515,-50.8094,-0.30379747,-0.3096352,-0.01518987,27.3491,20.3560,-12.4629,-62.3144,-31.1572,164.0945,5.0000,,27.3491,14.54,31.1572,41.5429,41.5429,41.5429,41.5429,9.3472,0.0,1.333333,1.333333,0.877778,2,2,1,3,0E-8,-0.37974684,,0E-8,0.000000,0.620253,0.000000,,2026-06-25,2026-06-25,1,2,2,1,1.000000,,,0.000000,,,,,,,,GLOBAL_BASELINE_NO_ENTITY_RANKING,,,NOT_APPLICABLE_GLOBAL_BASELINE,HF9g-P5,,,,X 全窗基线 · 不参与实体赏罚,3921774,393,A168_HF9F_20260827_0900,2026-08-27 09:00:00
2026-06-25,152067703,2288,0,103.8572585838,41.5429034335,41.5429034335,1.0000000,3,3,0.49324550000000000,0.493245500000,1.01360149184955,1.01360149184955,1.01360149184955,0E-17,ELIGIBLE,R03b_20260811_FULL_v1,L1_ELIGIBILITY,v2026-08-11,2026-03-21..2026-08-06,baccarat_bet02_101_all_pairs_incl_sentinel,round_win = game_pnl > 0 (decisive only),COMPATIBILITY_ONLY_NOT_PRODUCTION,164.0945,101.7801,-62.3144,6,5,0.37974684,,0.37974684,0.37974684,62.3144,164.0945,THIN_EXPOSURE,0.0000,-2.4926,4.0000,96.0000,AG03-UNRESOLVED,ALL5_LEVELS_bet23_to_bet27,-2.4926,-2.4926,-2.4926,-2.4926,-2.4926,4.000000,4.000000,4.000000,4.000000,4.000000,96.000000,96.000000,96.000000,96.000000,96.000000,5.0,-12.4629,-11.5049,-49.8515,-50.8094,PENDING_AG03,FALSE,NOT_FOR_ENFORCEMENT,-59.8218,97.7089,-62.3144,-59.8218,-2.4926,-0.37974684,-0.36455696,-2.4926,-59.8218,-0.36455696,-2.4926,-2.4926,-2.4926,-2.4926,-2.4926,-59.8218,-0.36455696,-12.4629,-11.5049,-49.8515,-50.8094,-0.30379747,-0.3096352,-0.01518987,27.3491,20.3560,-12.4629,-62.3144,-31.1572,164.0945,5.0000,,27.3491,14.54,31.1572,41.5429,41.5429,41.5429,41.5429,9.3472,0.0,1.333333,1.333333,0.877778,2,2,1,3,0E-8,-0.37974684,,0E-8,0.000000,0.620253,0.000000,,2026-06-25,2026-06-25,1,2,2,1,1.000000,,,0.000000,,,,,,,,GLOBAL_BASELINE_NO_ENTITY_RANKING,,,NOT_APPLICABLE_GLOBAL_BASELINE,HF9g-P5,,,,X 全窗基线 · 不参与实体赏罚,3921775,393,A168_HF9F_20260827_0900,2026-08-27 09:00:00
2026-06-16,139329500,1331,0,20.7714517168,20.7714517168,20.7714517168,1.0000000,1,1,0.49324550000000000,0.493245500000,1.01360149184955,1.01360149184955,1.01360149184955,0E-17,ELIGIBLE,R03b_20260811_FULL_v1,L1_ELIGIBILITY,v2026-08-11,2026-03-21..2026-08-06,baccarat_bet02_101_all_pairs_incl_sentinel,round_win = game_pnl > 0 (decisive only),COMPATIBILITY_ONLY_NOT_PRODUCTION,186.9431,186.9431,-62.3144,4,4,0.33333333,,0.33333333,0.33333333,62.3144,186.9431,THIN_EXPOSURE,0.0000,-2.4926,4.0000,96.0000,AG03-UNRESOLVED,ALL5_LEVELS_bet23_to_bet27,-2.4926,-2.4926,-3.1157,-3.7389,-3.7389,4.000000,4.000000,5.000000,6.000000,6.000000,96.000000,96.000000,95.000000,94.000000,94.000000,5.0,-15.5786,-14.1074,-46.7358,-48.207,PENDING_AG03,FALSE,NOT_FOR_ENFORCEMENT,-59.8218,179.4653,-62.3144,-59.8218,-2.4926,-0.33333333,-0.32000000,-2.4926,-59.8218,-0.32000000,-2.4926,-2.4926,-3.1157,-3.7389,-3.7389,-59.8218,-0.32000000,-15.5786,-14.1074,-46.7358,-48.207,-0.25000000,-0.25786982,-0.01333333,46.7358,46.7358,-15.5786,-62.3144,-20.7715,186.9431,4.0000,,46.7358,20.7715,31.1572,72.7001,103.8573,103.8573,103.8573,31.1572,0.0,3.333333,3.333333,1.5,3,3,1,2,0E-8,-0.33333333,,0E-8,0.000000,1.000000,0.000000,,2026-06-16,2026-06-16,1,3,3,1,1.000000,,,0.000000,,,,,,,,GLOBAL_BASELINE_NO_ENTITY_RANKING,,,NOT_APPLICABLE_GLOBAL_BASELINE,HF9g-P5,,,,X 全窗基线 · 不参与实体赏罚,3921776,393,A168_HF9F_20260827_0900,2026-08-27 09:00:00
2026-06-16,139329500,1963,0,103.8572585838,103.8572585838,103.8572585838,1.0000000,1,1,0.49324550000000000,0.493245500000,1.01360149184955,1.01360149184955,1.01360149184955,0E-17,ELIGIBLE,R03b_20260811_FULL_v1,L1_ELIGIBILITY,v2026-08-11,2026-03-21..2026-08-06,baccarat_bet02_101_all_pairs_incl_sentinel,round_win = game_pnl > 0 (decisive only),COMPATIBILITY_ONLY_NOT_PRODUCTION,186.9431,186.9431,-62.3144,4,4,0.33333333,,0.33333333,0.33333333,62.3144,186.9431,THIN_EXPOSURE,0.0000,-2.4926,4.0000,96.0000,AG03-UNRESOLVED,ALL5_LEVELS_bet23_to_bet27,-2.4926,-2.4926,-3.1157,-3.7389,-3.7389,4.000000,4.000000,5.000000,6.000000,6.000000,96.000000,96.000000,95.000000,94.000000,94.000000,5.0,-15.5786,-14.1074,-46.7358,-48.207,PENDING_AG03,FALSE,NOT_FOR_ENFORCEMENT,-59.8218,179.4653,-62.3144,-59.8218,-2.4926,-0.33333333,-0.32000000,-2.4926,-59.8218,-0.32000000,-2.4926,-2.4926,-3.1157,-3.7389,-3.7389,-59.8218,-0.32000000,-15.5786,-14.1074,-46.7358,-48.207,-0.25000000,-0.25786982,-0.01333333,46.7358,46.7358,-15.5786,-62.3144,-20.7715,186.9431,4.0000,,46.7358,20.7715,31.1572,72.7001,103.8573,103.8573,103.8573,31.1572,0.0,3.333333,3.333333,1.5,3,3,1,2,0E-8,-0.33333333,,0E-8,0.000000,1.000000,0.000000,,2026-06-16,2026-06-16,1,3,3,1,1.000000,,,0.000000,,,,,,,,GLOBAL_BASELINE_NO_ENTITY_RANKING,,,NOT_APPLICABLE_GLOBAL_BASELINE,HF9g-P5,,,,X 全窗基线 · 不参与实体赏罚,3921777,393,A168_HF9F_20260827_0900,2026-08-27 09:00:00
2026-06-16,139329500,2196,0,62.3143551503,-62.3143551503,-62.3143551503,0E-7,2,2,0.49994810000000000,0.499948100000,-1.4140667746232096,-1.4140667746232096,-1.4140667746232096,0E-17,ELIGIBLE,R03b_20260811_FULL_v1,L1_ELIGIBILITY,v2026-08-11,2026-03-21..2026-08-06,baccarat_bet02_101_all_pairs_incl_sentinel,round_win = game_pnl > 0 (decisive only),COMPATIBILITY_ONLY_NOT_PRODUCTION,186.9431,186.9431,-62.3144,4,4,0.33333333,,0.33333333,0.33333333,62.3144,186.9431,THIN_EXPOSURE,0.0000,-2.4926,4.0000,96.0000,AG03-UNRESOLVED,ALL5_LEVELS_bet23_to_bet27,-2.4926,-2.4926,-3.1157,-3.7389,-3.7389,4.000000,4.000000,5.000000,6.000000,6.000000,96.000000,96.000000,95.000000,94.000000,94.000000,5.0,-15.5786,-14.1074,-46.7358,-48.207,PENDING_AG03,FALSE,NOT_FOR_ENFORCEMENT,-59.8218,179.4653,-62.3144,-59.8218,-2.4926,-0.33333333,-0.32000000,-2.4926,-59.8218,-0.32000000,-2.4926,-2.4926,-3.1157,-3.7389,-3.7389,-59.8218,-0.32000000,-15.5786,-14.1074,-46.7358,-48.207,-0.25000000,-0.25786982,-0.01333333,46.7358,46.7358,-15.5786,-62.3144,-20.7715,186.9431,4.0000,,46.7358,20.7715,31.1572,72.7001,103.8573,103.8573,103.8573,31.1572,0.0,3.333333,3.333333,1.5,3,3,1,2,0E-8,-0.33333333,,0E-8,0.000000,1.000000,0.000000,,2026-06-16,2026-06-16,1,3,3,1,1.000000,,,0.000000,,,,,,,,GLOBAL_BASELINE_NO_ENTITY_RANKING,,,NOT_APPLICABLE_GLOBAL_BASELINE,HF9g-P5,,,,X 全窗基线 · 不参与实体赏罚,3921778,393,A168_HF9F_20260827_0900,2026-08-27 09:00:00
2026-06-22,151899383,-1,1,186.9430654508,62.3143551502,62.3143551502,0.5000000,4,4,0.49324550000000000,0.493245500000,0.027020465636507562,0.027020465636507562,0.027020465636507562,0E-17,SENTINEL_DEALER,R03b_20260811_FULL_v1,L1_ELIGIBILITY,v2026-08-11,2026-03-21..2026-08-06,baccarat_bet02_101_all_pairs_incl_sentinel,round_win = game_pnl > 0 (decisive only),COMPATIBILITY_ONLY_NOT_PRODUCTION,186.9431,186.9431,-62.3144,4,4,0.33333333,,0.33333333,0.33333333,62.3144,186.9431,THIN_EXPOSURE,0.0000,-2.4926,4.0000,96.0000,AG03-UNRESOLVED,ALL5_LEVELS_bet23_to_bet27,-2.4926,-2.4926,-2.4926,-2.4926,-2.4926,4.000000,4.000000,4.000000,4.000000,4.000000,96.000000,96.000000,96.000000,96.000000,96.000000,5.0,-12.4629,-11.5049,-49.8515,-50.8094,PENDING_AG03,FALSE,NOT_FOR_ENFORCEMENT,-59.8218,179.4653,-62.3144,-59.8218,-2.4926,-0.33333333,-0.32000000,-2.4926,-59.8218,-0.32000000,-2.4926,-2.4926,-2.4926,-2.4926,-2.4926,-59.8218,-0.32000000,-12.4629,-11.5049,-49.8515,-50.8094,-0.26666667,-0.2717909,-0.01333333,46.7358,46.7358,-15.5786,-62.3144,-62.3144,186.9431,4.0000,,46.7358,31.1572,41.5429,62.3144,83.0858,83.0858,83.0858,41.5429,10.3857,2.0,2.0,1.125,1,1,1,1,0E-8,-0.33333333,,0E-8,0.000000,1.000000,0.000000,,2026-06-22,2026-06-22,1,1,1,1,1.000000,,,0.000000,,,,,,,,GLOBAL_BASELINE_NO_ENTITY_RANKING,,,NOT_APPLICABLE_GLOBAL_BASELINE,HF9g-P5,,,,X 全窗基线 · 不参与实体赏罚,3921779,393,A168_HF9F_20260827_0900,2026-08-27 09:00:00
2026-06-24,151984068,2145,0,186.9430654508,62.3143551503,62.3143551503,0.6666667,4,4,0.49324550000000000,0.493245500000,0.6008033672792107,0.6008033672792106,0.6008033672792107,0E-17,ELIGIBLE,R03b_20260811_FULL_v1,L1_ELIGIBILITY,v2026-08-11,2026-03-21..2026-08-06,baccarat_bet02_101_all_pairs_incl_sentinel,round_win = game_pnl > 0 (decisive only),COMPATIBILITY_ONLY_NOT_PRODUCTION,186.9431,124.6287,-62.3144,4,4,0.33333333,,0.33333333,0.33333333,62.3144,186.9431,THIN_EXPOSURE,0.0000,-2.4926,4.0000,96.0000,AG03-UNRESOLVED,ALL5_LEVELS_bet23_to_bet27,-2.4926,-2.4926,-3.1157,0.0000,0.0000,4.000000,4.000000,5.000000,0.000000,0.000000,96.000000,96.000000,95.000000,100.000000,100.000000,5.0,-8.1009,-7.7569,-54.2135,-54.5575,PENDING_AG03,FALSE,NOT_FOR_ENFORCEMENT,-59.8218,119.6436,-62.3144,-59.8218,-2.4926,-0.33333333,-0.32000000,-2.4926,-59.8218,-0.32000000,-2.4926,-2.4926,-3.1157,0.0000,0.0000,-59.8218,-0.32000000,-8.1009,-7.7569,-54.2135,-54.5575,-0.29000000,-0.29184,-0.01333333,46.7358,31.1572,-15.5786,-62.3144,-62.3144,186.9431,4.0000,,46.7358,31.1572,46.7358,62.3144,62.3144,62.3144,62.3144,31.1572,15.5786,1.333333,1.333333,1.0,1,1,1,1,0E-8,-0.33333333,,0E-8,0.000000,0.666667,0.000000,,2026-06-24,2026-06-24,1,1,1,1,1.000000,,,0.000000,,,,,,,,GLOBAL_BASELINE_NO_ENTITY_RANKING,,,NOT_APPLICABLE_GLOBAL_BASELINE,HF9g-P5,,,,X 全窗基线 · 不参与实体赏罚,3921780,393,A168_HF9F_20260827_0900,2026-08-27 09:00:00
2026-06-04,151000180,-1,1,162.0173233910,48.8129115346,48.8129115346,0.6923077,17,16,0.49166246499989602,0.488962687500,1.4470745097507332,1.4666990796458323,1.4470745097507332,0.00269977749989602,SENTINEL_DEALER,R03b_20260811_FULL_v1,L1_ELIGIBILITY,v2026-08-11,2026-03-21..2026-08-06,baccarat_bet02_101_all_pairs_incl_sentinel,round_win = game_pnl > 0 (decisive only),COMPATIBILITY_ONLY_NOT_PRODUCTION,199.4059,157.8630,-62.3144,21,20,0.31250000,,0.31250000,0.31250000,62.3144,199.4059,THIN_EXPOSURE,0.0000,-2.4926,4.0000,96.0000,AG03-UNRESOLVED,ALL5_LEVELS_bet23_to_bet27,-2.4926,-2.4926,-2.4926,-3.7389,-3.7389,4.000000,4.000000,4.000000,6.000000,6.000000,96.000000,96.000000,96.000000,94.000000,94.000000,5.0,-14.9554,-13.5999,-47.3589,-48.7144,PENDING_AG03,FALSE,NOT_FOR_ENFORCEMENT,-59.8218,151.5485,-62.3144,-59.8218,-2.4926,-0.31250000,-0.30000000,-2.4926,-59.8218,-0.30000000,-2.4926,-2.4926,-2.4926,-3.7389,-3.7389,-59.8218,-0.30000000,-14.9554,-13.5999,-47.3589,-48.7144,-0.23750000,-0.24429773,-0.01250000,9.4955,7.8932,-3.1157,-62.3144,-20.7715,199.4059,20.0000,,9.4955,9.8664,10.3857,10.3857,10.3857,10.3857,10.3857,10.3857,8.3086,1.0,1.0,0.914286,3,2,1,3,0E-8,-0.31250000,,0E-8,0.000000,0.791667,0.000000,,2026-06-04,2026-06-04,1,3,3,1,1.000000,,,0.000000,,,,,,,,GLOBAL_BASELINE_NO_ENTITY_RANKING,,,NOT_APPLICABLE_GLOBAL_BASELINE,HF9g-P5,,,,X 全窗基线 · 不参与实体赏罚,3921781,393,A168_HF9F_20260827_0900,2026-08-27 09:00:00
2026-06-04,151000180,1396,0,37.3886130902,13.5014436160,13.5014436160,0.6666667,4,4,0.50329940000000000,0.503299400000,0.5659331339966515,0.5659331339966515,0.5659331339966515,0E-17,ELIGIBLE,R03b_20260811_FULL_v1,L1_ELIGIBILITY,v2026-08-11,2026-03-21..2026-08-06,baccarat_bet02_101_all_pairs_incl_sentinel,round_win = game_pnl > 0 (decisive only),COMPATIBILITY_ONLY_NOT_PRODUCTION,199.4059,157.8630,-62.3144,21,20,0.31250000,,0.31250000,0.31250000,62.3144,199.4059,THIN_EXPOSURE,0.0000,-2.4926,4.0000,96.0000,AG03-UNRESOLVED,ALL5_LEVELS_bet23_to_bet27,-2.4926,-2.4926,-2.4926,-3.7389,-3.7389,4.000000,4.000000,4.000000,6.000000,6.000000,96.000000,96.000000,96.000000,94.000000,94.000000,5.0,-14.9554,-13.5999,-47.3589,-48.7144,PENDING_AG03,FALSE,NOT_FOR_ENFORCEMENT,-59.8218,151.5485,-62.3144,-59.8218,-2.4926,-0.31250000,-0.30000000,-2.4926,-59.8218,-0.30000000,-2.4926,-2.4926,-2.4926,-3.7389,-3.7389,-59.8218,-0.30000000,-14.9554,-13.5999,-47.3589,-48.7144,-0.23750000,-0.24429773,-0.01250000,9.4955,7.8932,-3.1157,-62.3144,-20.7715,199.4059,20.0000,,9.4955,9.8664,10.3857,10.3857,10.3857,10.3857,10.3857,10.3857,8.3086,1.0,1.0,0.914286,3,2,1,3,0E-8,-0.31250000,,0E-8,0.000000,0.791667,0.000000,,2026-06-04,2026-06-04,1,3,3,1,1.000000,,,0.000000,,,,,,,,GLOBAL_BASELINE_NO_ENTITY_RANKING,,,NOT_APPLICABLE_GLOBAL_BASELINE,HF9g-P5,,,,X 全窗基线 · 不参与实体赏罚,3921782,393,A168_HF9F_20260827_0900,2026-08-27 09:00:00
2026-06-21,151861176,2218,0,197.3287913094,83.0858068670,83.0858068670,0.6000000,7,7,0.49324550000000000,0.493245500000,0.47746420675292983,0.47746420675292983,0.47746420675292983,0E-17,ELIGIBLE,R03b_20260811_FULL_v1,L1_ELIGIBILITY,v2026-08-11,2026-03-21..2026-08-06,baccarat_bet02_101_all_pairs_incl_sentinel,round_win = game_pnl > 0 (decisive only),COMPATIBILITY_ONLY_NOT_PRODUCTION,259.6431,228.4860,-62.3144,10,10,0.24000000,,0.24000000,0.24000000,62.3144,259.6431,THIN_EXPOSURE,0.0000,-2.4926,4.0000,96.0000,AG03-UNRESOLVED,ALL5_LEVELS_bet23_to_bet27,-2.4926,-2.4926,-2.4926,-2.4926,-2.4926,4.000000,4.000000,4.000000,4.000000,4.000000,96.000000,96.000000,96.000000,96.000000,96.000000,5.0,-12.4629,-11.5049,-49.8515,-50.8094,PENDING_AG03,FALSE,NOT_FOR_ENFORCEMENT,-59.8218,219.3465,-62.3144,-59.8218,-2.4926,-0.24000000,-0.23040000,-2.4926,-59.8218,-0.23040000,-2.4926,-2.4926,-2.4926,-2.4926,-2.4926,-59.8218,-0.23040000,-12.4629,-11.5049,-49.8515,-50.8094,-0.19200000,-0.19568945,-0.00960000,25.9643,22.8486,-6.2314,-62.3144,-62.3144,259.6431,10.0000,,25.9643,10.3857,20.7715,20.7715,62.3144,103.8573,103.8573,20.7715,0.0,5.0,5.0,1.25,1,2,1,1,0E-8,-0.24000000,,0E-8,0.000000,0.880000,0.000000,,2026-06-21,2026-06-21,1,1,1,1,1.000000,,,0.000000,,,,,,,,GLOBAL_BASELINE_NO_ENTITY_RANKING,,,NOT_APPLICABLE_GLOBAL_BASELINE,HF9g-P5,,,,X 全窗基线 · 不参与实体赏罚,3921783,393,A168_HF9F_20260827_0900,2026-08-27 09:00:00
2026-06-21,151861176,2258,0,62.3143551504,-20.7714517168,-20.7714517168,0.3333333,3,3,0.49324550000000000,0.493245500000,-0.5540025479526107,-0.5540025479526106,-0.5540025479526107,0E-17,ELIGIBLE,R03b_20260811_FULL_v1,L1_ELIGIBILITY,v2026-08-11,2026-03-21..2026-08-06,baccarat_bet02_101_all_pairs_incl_sentinel,round_win = game_pnl > 0 (decisive only),COMPATIBILITY_ONLY_NOT_PRODUCTION,259.6431,228.4860,-62.3144,10,10,0.24000000,,0.24000000,0.24000000,62.3144,259.6431,THIN_EXPOSURE,0.0000,-2.4926,4.0000,96.0000,AG03-UNRESOLVED,ALL5_LEVELS_bet23_to_bet27,-2.4926,-2.4926,-2.4926,-2.4926,-2.4926,4.000000,4.000000,4.000000,4.000000,4.000000,96.000000,96.000000,96.000000,96.000000,96.000000,5.0,-12.4629,-11.5049,-49.8515,-50.8094,PENDING_AG03,FALSE,NOT_FOR_ENFORCEMENT,-59.8218,219.3465,-62.3144,-59.8218,-2.4926,-0.24000000,-0.23040000,-2.4926,-59.8218,-0.23040000,-2.4926,-2.4926,-2.4926,-2.4926,-2.4926,-59.8218,-0.23040000,-12.4629,-11.5049,-49.8515,-50.8094,-0.19200000,-0.19568945,-0.00960000,25.9643,22.8486,-6.2314,-62.3144,-62.3144,259.6431,10.0000,,25.9643,10.3857,20.7715,20.7715,62.3144,103.8573,103.8573,20.7715,0.0,5.0,5.0,1.25,1,2,1,1,0E-8,-0.24000000,,0E-8,0.000000,0.880000,0.000000,,2026-06-21,2026-06-21,1,1,1,1,1.000000,,,0.000000,,,,,,,,GLOBAL_BASELINE_NO_ENTITY_RANKING,,,NOT_APPLICABLE_GLOBAL_BASELINE,HF9g-P5,,,,X 全窗基线 · 不参与实体赏罚,3921784,393,A168_HF9F_20260827_0900,2026-08-27 09:00:00
2026-06-05,127658758,1507,0,132.9372909882,22.1215960776,22.1215960776,0.4285714,40,14,0.31645789267805743,0.231058500000,0.901947928076724,1.7532825935549634,0.901947928076724,0.08539939267805743,ELIGIBLE,R03b_20260811_FULL_v1,L1_ELIGIBILITY,v2026-08-11,2026-03-21..2026-08-06,baccarat_bet02_101_all_pairs_incl_sentinel,round_win = game_pnl > 0 (decisive only),COMPATIBILITY_ONLY_NOT_PRODUCTION,290.8003,263.7974,-62.3144,75,26,0.21428571,,0.21428571,0.21428571,62.3144,290.8003,OK,0.0000,-2.4926,4.0000,96.0000,AG03-UNRESOLVED,ALL5_LEVELS_bet23_to_bet27,-2.4926,-2.4926,-2.4926,-3.7389,-3.7389,4.000000,4.000000,4.000000,6.000000,6.000000,96.000000,96.000000,96.000000,94.000000,94.000000,5.0,-14.9554,-13.5999,-47.3589,-48.7144,PENDING_AG03,FALSE,NOT_FOR_ENFORCEMENT,-59.8218,253.2455,-62.3144,-59.8218,-2.4926,-0.21428571,-0.20571429,-2.4926,-59.8218,-0.20571429,-2.4926,-2.4926,-2.4926,-3.7389,-3.7389,-59.8218,-0.20571429,-14.9554,-13.5999,-47.3589,-48.7144,-0.16285714,-0.16751844,-0.00857143,3.8773,10.1461,-2.3967,-31.1572,-20.7715,145.4002,13.0000,,3.8773,2.0771,2.0771,4.1543,8.3086,10.3857,11.9436,2.0771,-2.0771,5.0,5.75,1.866667,3,4,2,6,0E-8,-0.21428571,,0E-8,0.000000,0.907143,0.000000,,2026-06-05,2026-06-06,2,3,4,2,1.000000,,,0.000000,,,,,,,,GLOBAL_BASELINE_NO_ENTITY_RANKING,,,NOT_APPLICABLE_GLOBAL_BASELINE,HF9g-P5,,,,X 全窗基线 · 不参与实体赏罚,3921785,393,A168_HF9F_20260827_0900,2026-08-27 09:00:00
2026-06-05,127658758,2209,0,29.0800324036,7.3738653594,7.3738653594,1.0000000,6,2,0.35781609374896325,0.225321300000,1.8945879530796983,2.622253545290467,1.8945879530796983,0.13249479374896325,ELIGIBLE,R03b_20260811_FULL_v1,L1_ELIGIBILITY,v2026-08-11,2026-03-21..2026-08-06,baccarat_bet02_101_all_pairs_incl_sentinel,round_win = game_pnl > 0 (decisive only),COMPATIBILITY_ONLY_NOT_PRODUCTION,290.8003,263.7974,-62.3144,75,26,0.21428571,,0.21428571,0.21428571,62.3144,290.8003,OK,0.0000,-2.4926,4.0000,96.0000,AG03-UNRESOLVED,ALL5_LEVELS_bet23_to_bet27,-2.4926,-2.4926,-2.4926,-3.7389,-3.7389,4.000000,4.000000,4.000000,6.000000,6.000000,96.000000,96.000000,96.000000,94.000000,94.000000,5.0,-14.9554,-13.5999,-47.3589,-48.7144,PENDING_AG03,FALSE,NOT_FOR_ENFORCEMENT,-59.8218,253.2455,-62.3144,-59.8218,-2.4926,-0.21428571,-0.20571429,-2.4926,-59.8218,-0.20571429,-2.4926,-2.4926,-2.4926,-3.7389,-3.7389,-59.8218,-0.20571429,-14.9554,-13.5999,-47.3589,-48.7144,-0.16285714,-0.16751844,-0.00857143,3.8773,10.1461,-2.3967,-31.1572,-20.7715,145.4002,13.0000,,3.8773,2.0771,2.0771,4.1543,8.3086,10.3857,11.9436,2.0771,-2.0771,5.0,5.75,1.866667,3,4,2,6,0E-8,-0.21428571,,0E-8,0.000000,0.907143,0.000000,,2026-06-05,2026-06-06,2,3,4,2,1.000000,,,0.000000,,,,,,,,GLOBAL_BASELINE_NO_ENTITY_RANKING,,,NOT_APPLICABLE_GLOBAL_BASELINE,HF9g-P5,,,,X 全窗基线 · 不参与实体赏罚,3921786,393,A168_HF9F_20260827_0900,2026-08-27 09:00:00
2026-06-06,127658758,-1,1,20.7714517169,-20.7714517169,-20.7714517169,0E-7,6,2,0.31542787499949909,0.232190125000,-0.9599650623942984,-0.7776962839959446,-0.9599650623942984,0.08323774999949909,SENTINEL_DEALER,R03b_20260811_FULL_v1,L1_ELIGIBILITY,v2026-08-11,2026-03-21..2026-08-06,baccarat_bet02_101_all_pairs_incl_sentinel,round_win = game_pnl > 0 (decisive only),COMPATIBILITY_ONLY_NOT_PRODUCTION,290.8003,263.7974,-62.3144,75,26,0.21428571,,0.21428571,0.21428571,62.3144,290.8003,OK,0.0000,-2.4926,4.0000,96.0000,AG03-UNRESOLVED,ALL5_LEVELS_bet23_to_bet27,-2.4926,-2.4926,-2.4926,-3.7389,-3.7389,4.000000,4.000000,4.000000,6.000000,6.000000,96.000000,96.000000,96.000000,94.000000,94.000000,5.0,-14.9554,-13.5999,-47.3589,-48.7144,PENDING_AG03,FALSE,NOT_FOR_ENFORCEMENT,-59.8218,253.2455,-62.3144,-59.8218,-2.4926,-0.21428571,-0.20571429,-2.4926,-59.8218,-0.20571429,-2.4926,-2.4926,-2.4926,-3.7389,-3.7389,-59.8218,-0.20571429,-14.9554,-13.5999,-47.3589,-48.7144,-0.16285714,-0.16751844,-0.00857143,3.8773,10.1461,-2.3967,-31.1572,-20.7715,145.4002,13.0000,,3.8773,2.0771,2.0771,4.1543,8.3086,10.3857,11.9436,2.0771,-2.0771,5.0,5.75,1.866667,3,4,2,6,0E-8,-0.21428571,,0E-8,0.000000,0.907143,0.000000,,2026-06-05,2026-06-06,2,3,4,2,1.000000,,,0.000000,,,,,,,,GLOBAL_BASELINE_NO_ENTITY_RANKING,,,NOT_APPLICABLE_GLOBAL_BASELINE,HF9g-P5,,,,X 全窗基线 · 不参与实体赏罚,3921787,393,A168_HF9F_20260827_0900,2026-08-27 09:00:00
2026-06-06,127658758,2209,0,12.4628710301,-12.4628710301,-12.4628710301,0E-7,3,1,0.36598599999887133,0.225321300000,-0.7597711743212497,-0.539312289199877,-0.7597711743212497,0.14066469999887133,ELIGIBLE,R03b_20260811_FULL_v1,L1_ELIGIBILITY,v2026-08-11,2026-03-21..2026-08-06,baccarat_bet02_101_all_pairs_incl_sentinel,round_win = game_pnl > 0 (decisive only),COMPATIBILITY_ONLY_NOT_PRODUCTION,290.8003,263.7974,-62.3144,75,26,0.21428571,,0.21428571,0.21428571,62.3144,290.8003,OK,0.0000,-2.4926,4.0000,96.0000,AG03-UNRESOLVED,ALL5_LEVELS_bet23_to_bet27,-2.4926,-2.4926,-2.4926,-3.7389,-3.7389,4.000000,4.000000,4.000000,6.000000,6.000000,96.000000,96.000000,96.000000,94.000000,94.000000,5.0,-14.9554,-13.5999,-47.3589,-48.7144,PENDING_AG03,FALSE,NOT_FOR_ENFORCEMENT,-59.8218,253.2455,-62.3144,-59.8218,-2.4926,-0.21428571,-0.20571429,-2.4926,-59.8218,-0.20571429,-2.4926,-2.4926,-2.4926,-3.7389,-3.7389,-59.8218,-0.20571429,-14.9554,-13.5999,-47.3589,-48.7144,-0.16285714,-0.16751844,-0.00857143,3.8773,10.1461,-2.3967,-31.1572,-20.7715,145.4002,13.0000,,3.8773,2.0771,2.0771,4.1543,8.3086,10.3857,11.9436,2.0771,-2.0771,5.0,5.75,1.866667,3,4,2,6,0E-8,-0.21428571,,0E-8,0.000000,0.907143,0.000000,,2026-06-05,2026-06-06,2,3,4,2,1.000000,,,0.000000,,,,,,,,GLOBAL_BASELINE_NO_ENTITY_RANKING,,,NOT_APPLICABLE_GLOBAL_BASELINE,HF9g-P5,,,,X 全窗基线 · 不参与实体赏罚,3921788,393,A168_HF9F_20260827_0900,2026-08-27 09:00:00
2026-06-06,127658758,2235,0,95.5486778976,66.0532164591,66.0532164591,0.5714286,20,7,0.32318441222691675,0.232739864286,1.4043251701943495,2.1205232119292527,1.4043251701943495,0.09044454794091675,ELIGIBLE,R03b_20260811_FULL_v1,L1_ELIGIBILITY,v2026-08-11,2026-03-21..2026-08-06,baccarat_bet02_101_all_pairs_incl_sentinel,round_win = game_pnl > 0 (decisive only),COMPATIBILITY_ONLY_NOT_PRODUCTION,290.8003,263.7974,-62.3144,75,26,0.21428571,,0.21428571,0.21428571,62.3144,290.8003,OK,0.0000,-2.4926,4.0000,96.0000,AG03-UNRESOLVED,ALL5_LEVELS_bet23_to_bet27,-2.4926,-2.4926,-2.4926,-3.7389,-3.7389,4.000000,4.000000,4.000000,6.000000,6.000000,96.000000,96.000000,96.000000,94.000000,94.000000,5.0,-14.9554,-13.5999,-47.3589,-48.7144,PENDING_AG03,FALSE,NOT_FOR_ENFORCEMENT,-59.8218,253.2455,-62.3144,-59.8218,-2.4926,-0.21428571,-0.20571429,-2.4926,-59.8218,-0.20571429,-2.4926,-2.4926,-2.4926,-3.7389,-3.7389,-59.8218,-0.20571429,-14.9554,-13.5999,-47.3589,-48.7144,-0.16285714,-0.16751844,-0.00857143,3.8773,10.1461,-2.3967,-31.1572,-20.7715,145.4002,13.0000,,3.8773,2.0771,2.0771,4.1543,8.3086,10.3857,11.9436,2.0771,-2.0771,5.0,5.75,1.866667,3,4,2,6,0E-8,-0.21428571,,0E-8,0.000000,0.907143,0.000000,,2026-06-05,2026-06-06,2,3,4,2,1.000000,,,0.000000,,,,,,,,GLOBAL_BASELINE_NO_ENTITY_RANKING,,,NOT_APPLICABLE_GLOBAL_BASELINE,HF9g-P5,,,,X 全窗基线 · 不参与实体赏罚,3921789,393,A168_HF9F_20260827_0900,2026-08-27 09:00:00
2026-06-23,151969400,1323,0,72.7000810088,20.7714517168,20.7714517168,0.6666667,7,7,0.49324550000000000,0.493245500000,0.8496642703256836,0.8496642703256835,0.8496642703256836,0E-17,ELIGIBLE,R03b_20260811_FULL_v1,L1_ELIGIBILITY,v2026-08-11,2026-03-21..2026-08-06,baccarat_bet02_101_all_pairs_incl_sentinel,round_win = game_pnl > 0 (decisive only),COMPATIBILITY_ONLY_NOT_PRODUCTION,301.1860,249.2574,-62.3144,29,29,0.20689655,,0.20689655,0.20689655,62.3144,301.1860,THIN_EXPOSURE,0.0000,-2.4926,4.0000,96.0000,AG03-UNRESOLVED,ALL5_LEVELS_bet23_to_bet27,-2.4926,-2.4926,-3.1157,-3.7389,-3.7389,4.000000,4.000000,5.000000,6.000000,6.000000,96.000000,96.000000,95.000000,94.000000,94.000000,5.0,-15.5786,-14.1074,-46.7358,-48.207,PENDING_AG03,FALSE,NOT_FOR_ENFORCEMENT,-59.8218,239.2871,-62.3144,-59.8218,-2.4926,-0.20689655,-0.19862069,-2.4926,-59.8218,-0.19862069,-2.4926,-2.4926,-3.1157,-3.7389,-3.7389,-59.8218,-0.19862069,-15.5786,-14.1074,-46.7358,-48.207,-0.15517241,-0.16005713,-0.00827586,10.3857,8.5951,-2.1488,-62.3144,-31.1572,301.1860,29.0000,,10.3857,10.3857,10.3857,10.3857,10.3857,10.3857,10.3857,10.3857,10.3857,1.0,1.0,1.0,2,3,1,1,0E-8,-0.20689655,,0E-8,0.000000,0.827586,1.000000,,2026-06-23,2026-06-23,1,2,2,1,1.000000,,,0.000000,,,,,,,,GLOBAL_BASELINE_NO_ENTITY_RANKING,,,NOT_APPLICABLE_GLOBAL_BASELINE,HF9g-P5,,,,X 全窗基线 · 不参与实体赏罚,3921790,393,A168_HF9F_20260827_0900,2026-08-27 09:00:00
2026-06-23,151969400,1623,0,197.3287913096,10.3857258584,10.3857258584,0.5333333,19,19,0.49324550000000000,0.493245500000,0.310547359436203,0.310547359436203,0.310547359436203,0E-17,ELIGIBLE,R03b_20260811_FULL_v1,L1_ELIGIBILITY,v2026-08-11,2026-03-21..2026-08-06,baccarat_bet02_101_all_pairs_incl_sentinel,round_win = game_pnl > 0 (decisive only),COMPATIBILITY_ONLY_NOT_PRODUCTION,301.1860,249.2574,-62.3144,29,29,0.20689655,,0.20689655,0.20689655,62.3144,301.1860,THIN_EXPOSURE,0.0000,-2.4926,4.0000,96.0000,AG03-UNRESOLVED,ALL5_LEVELS_bet23_to_bet27,-2.4926,-2.4926,-3.1157,-3.7389,-3.7389,4.000000,4.000000,5.000000,6.000000,6.000000,96.000000,96.000000,95.000000,94.000000,94.000000,5.0,-15.5786,-14.1074,-46.7358,-48.207,PENDING_AG03,FALSE,NOT_FOR_ENFORCEMENT,-59.8218,239.2871,-62.3144,-59.8218,-2.4926,-0.20689655,-0.19862069,-2.4926,-59.8218,-0.19862069,-2.4926,-2.4926,-3.1157,-3.7389,-3.7389,-59.8218,-0.19862069,-15.5786,-14.1074,-46.7358,-48.207,-0.15517241,-0.16005713,-0.00827586,10.3857,8.5951,-2.1488,-62.3144,-31.1572,301.1860,29.0000,,10.3857,10.3857,10.3857,10.3857,10.3857,10.3857,10.3857,10.3857,10.3857,1.0,1.0,1.0,2,3,1,1,0E-8,-0.20689655,,0E-8,0.000000,0.827586,1.000000,,2026-06-23,2026-06-23,1,2,2,1,1.000000,,,0.000000,,,,,,,,GLOBAL_BASELINE_NO_ENTITY_RANKING,,,NOT_APPLICABLE_GLOBAL_BASELINE,HF9g-P5,,,,X 全窗基线 · 不参与实体赏罚,3921791,393,A168_HF9F_20260827_0900,2026-08-27 09:00:00
2026-06-23,151969400,2167,0,31.1571775752,31.1571775752,31.1571775752,1.0000000,3,3,0.49324550000000000,0.493245500000,1.755609282511032,1.7556092825110319,1.755609282511032,0E-17,ELIGIBLE,R03b_20260811_FULL_v1,L1_ELIGIBILITY,v2026-08-11,2026-03-21..2026-08-06,baccarat_bet02_101_all_pairs_incl_sentinel,round_win = game_pnl > 0 (decisive only),COMPATIBILITY_ONLY_NOT_PRODUCTION,301.1860,249.2574,-62.3144,29,29,0.20689655,,0.20689655,0.20689655,62.3144,301.1860,THIN_EXPOSURE,0.0000,-2.4926,4.0000,96.0000,AG03-UNRESOLVED,ALL5_LEVELS_bet23_to_bet27,-2.4926,-2.4926,-3.1157,-3.7389,-3.7389,4.000000,4.000000,5.000000,6.000000,6.000000,96.000000,96.000000,95.000000,94.000000,94.000000,5.0,-15.5786,-14.1074,-46.7358,-48.207,PENDING_AG03,FALSE,NOT_FOR_ENFORCEMENT,-59.8218,239.2871,-62.3144,-59.8218,-2.4926,-0.20689655,-0.19862069,-2.4926,-59.8218,-0.19862069,-2.4926,-2.4926,-3.1157,-3.7389,-3.7389,-59.8218,-0.19862069,-15.5786,-14.1074,-46.7358,-48.207,-0.15517241,-0.16005713,-0.00827586,10.3857,8.5951,-2.1488,-62.3144,-31.1572,301.1860,29.0000,,10.3857,10.3857,10.3857,10.3857,10.3857,10.3857,10.3857,10.3857,10.3857,1.0,1.0,1.0,2,3,1,1,0E-8,-0.20689655,,0E-8,0.000000,0.827586,1.000000,,2026-06-23,2026-06-23,1,2,2,1,1.000000,,,0.000000,,,,,,,,GLOBAL_BASELINE_NO_ENTITY_RANKING,,,NOT_APPLICABLE_GLOBAL_BASELINE,HF9g-P5,,,,X 全窗基线 · 不参与实体赏罚,3921792,393,A168_HF9F_20260827_0900,2026-08-27 09:00:00
2026-06-15,151567005,1115,0,41.5429034335,41.5429034335,41.5429034335,1.0000000,1,1,0.49324550000000000,0.493245500000,1.01360149184955,1.01360149184955,1.01360149184955,0E-17,ELIGIBLE,R03b_20260811_FULL_v1,L1_ELIGIBILITY,v2026-08-11,2026-03-21..2026-08-06,baccarat_bet02_101_all_pairs_incl_sentinel,round_win = game_pnl > 0 (decisive only),COMPATIBILITY_ONLY_NOT_PRODUCTION,332.3432,332.3432,-62.3144,8,8,0.18750000,,0.18750000,0.18750000,62.3144,332.3432,THIN_EXPOSURE,0.0000,-2.4926,4.0000,96.0000,AG03-UNRESOLVED,ALL5_LEVELS_bet23_to_bet27,-2.4926,-2.4926,-2.4926,-2.4926,-2.4926,4.000000,4.000000,4.000000,4.000000,4.000000,96.000000,96.000000,96.000000,96.000000,96.000000,5.0,-12.4629,-11.5049,-49.8515,-50.8094,PENDING_AG03,FALSE,NOT_FOR_ENFORCEMENT,-59.8218,319.0495,-62.3144,-59.8218,-2.4926,-0.18750000,-0.18000000,-2.4926,-59.8218,-0.18000000,-2.4926,-2.4926,-2.4926,-2.4926,-2.4926,-59.8218,-0.18000000,-12.4629,-11.5049,-49.8515,-50.8094,-0.15000000,-0.15288238,-0.00750000,41.5429,41.5429,-7.7893,-31.1572,-7.7893,166.1716,4.0000,,41.5429,41.5429,41.5429,41.5429,48.8129,51.9286,51.9286,41.5429,36.35,1.25,1.25,1.0,7,8,2,2,0E-8,-0.18750000,,0E-8,0.000000,1.000000,0.000000,,2026-06-15,2026-06-16,2,8,8,2,1.000000,,,0.000000,,,,,,,,GLOBAL_BASELINE_NO_ENTITY_RANKING,,,NOT_APPLICABLE_GLOBAL_BASELINE,HF9g-P5,,,,X 全窗基线 · 不参与实体赏罚,3921793,393,A168_HF9F_20260827_0900,2026-08-27 09:00:00
2026-06-15,151567005,1490,0,41.5429034335,41.5429034335,41.5429034335,1.0000000,1,1,0.49324550000000000,0.493245500000,1.01360149184955,1.01360149184955,1.01360149184955,0E-17,ELIGIBLE,R03b_20260811_FULL_v1,L1_ELIGIBILITY,v2026-08-11,2026-03-21..2026-08-06,baccarat_bet02_101_all_pairs_incl_sentinel,round_win = game_pnl > 0 (decisive only),COMPATIBILITY_ONLY_NOT_PRODUCTION,332.3432,332.3432,-62.3144,8,8,0.18750000,,0.18750000,0.18750000,62.3144,332.3432,THIN_EXPOSURE,0.0000,-2.4926,4.0000,96.0000,AG03-UNRESOLVED,ALL5_LEVELS_bet23_to_bet27,-2.4926,-2.4926,-2.4926,-2.4926,-2.4926,4.000000,4.000000,4.000000,4.000000,4.000000,96.000000,96.000000,96.000000,96.000000,96.000000,5.0,-12.4629,-11.5049,-49.8515,-50.8094,PENDING_AG03,FALSE,NOT_FOR_ENFORCEMENT,-59.8218,319.0495,-62.3144,-59.8218,-2.4926,-0.18750000,-0.18000000,-2.4926,-59.8218,-0.18000000,-2.4926,-2.4926,-2.4926,-2.4926,-2.4926,-59.8218,-0.18000000,-12.4629,-11.5049,-49.8515,-50.8094,-0.15000000,-0.15288238,-0.00750000,41.5429,41.5429,-7.7893,-31.1572,-7.7893,166.1716,4.0000,,41.5429,41.5429,41.5429,41.5429,48.8129,51.9286,51.9286,41.5429,36.35,1.25,1.25,1.0,7,8,2,2,0E-8,-0.18750000,,0E-8,0.000000,1.000000,0.000000,,2026-06-15,2026-06-16,2,8,8,2,1.000000,,,0.000000,,,,,,,,GLOBAL_BASELINE_NO_ENTITY_RANKING,,,NOT_APPLICABLE_GLOBAL_BASELINE,HF9g-P5,,,,X 全窗基线 · 不参与实体赏罚,3921794,393,A168_HF9F_20260827_0900,2026-08-27 09:00:00
2026-06-15,151567005,1505,0,51.9286292919,-51.9286292919,-51.9286292919,0E-7,1,1,0.49324550000000000,0.493245500000,-0.9865810262130424,-0.9865810262130424,-0.9865810262130424,0E-17,ELIGIBLE,R03b_20260811_FULL_v1,L1_ELIGIBILITY,v2026-08-11,2026-03-21..2026-08-06,baccarat_bet02_101_all_pairs_incl_sentinel,round_win = game_pnl > 0 (decisive only),COMPATIBILITY_ONLY_NOT_PRODUCTION,332.3432,332.3432,-62.3144,8,8,0.18750000,,0.18750000,0.18750000,62.3144,332.3432,THIN_EXPOSURE,0.0000,-2.4926,4.0000,96.0000,AG03-UNRESOLVED,ALL5_LEVELS_bet23_to_bet27,-2.4926,-2.4926,-2.4926,-2.4926,-2.4926,4.000000,4.000000,4.000000,4.000000,4.000000,96.000000,96.000000,96.000000,96.000000,96.000000,5.0,-12.4629,-11.5049,-49.8515,-50.8094,PENDING_AG03,FALSE,NOT_FOR_ENFORCEMENT,-59.8218,319.0495,-62.3144,-59.8218,-2.4926,-0.18750000,-0.18000000,-2.4926,-59.8218,-0.18000000,-2.4926,-2.4926,-2.4926,-2.4926,-2.4926,-59.8218,-0.18000000,-12.4629,-11.5049,-49.8515,-50.8094,-0.15000000,-0.15288238,-0.00750000,41.5429,41.5429,-7.7893,-31.1572,-7.7893,166.1716,4.0000,,41.5429,41.5429,41.5429,41.5429,48.8129,51.9286,51.9286,41.5429,36.35,1.25,1.25,1.0,7,8,2,2,0E-8,-0.18750000,,0E-8,0.000000,1.000000,0.000000,,2026-06-15,2026-06-16,2,8,8,2,1.000000,,,0.000000,,,,,,,,GLOBAL_BASELINE_NO_ENTITY_RANKING,,,NOT_APPLICABLE_GLOBAL_BASELINE,HF9g-P5,,,,X 全窗基线 · 不参与实体赏罚,3921795,393,A168_HF9F_20260827_0900,2026-08-27 09:00:00
2026-06-15,151567005,1985,0,41.5429034335,-41.5429034335,-41.5429034335,0E-7,1,1,0.49324550000000000,0.493245500000,-0.9865810262130424,-0.9865810262130424,-0.9865810262130424,0E-17,ELIGIBLE,R03b_20260811_FULL_v1,L1_ELIGIBILITY,v2026-08-11,2026-03-21..2026-08-06,baccarat_bet02_101_all_pairs_incl_sentinel,round_win = game_pnl > 0 (decisive only),COMPATIBILITY_ONLY_NOT_PRODUCTION,332.3432,332.3432,-62.3144,8,8,0.18750000,,0.18750000,0.18750000,62.3144,332.3432,THIN_EXPOSURE,0.0000,-2.4926,4.0000,96.0000,AG03-UNRESOLVED,ALL5_LEVELS_bet23_to_bet27,-2.4926,-2.4926,-2.4926,-2.4926,-2.4926,4.000000,4.000000,4.000000,4.000000,4.000000,96.000000,96.000000,96.000000,96.000000,96.000000,5.0,-12.4629,-11.5049,-49.8515,-50.8094,PENDING_AG03,FALSE,NOT_FOR_ENFORCEMENT,-59.8218,319.0495,-62.3144,-59.8218,-2.4926,-0.18750000,-0.18000000,-2.4926,-59.8218,-0.18000000,-2.4926,-2.4926,-2.4926,-2.4926,-2.4926,-59.8218,-0.18000000,-12.4629,-11.5049,-49.8515,-50.8094,-0.15000000,-0.15288238,-0.00750000,41.5429,41.5429,-7.7893,-31.1572,-7.7893,166.1716,4.0000,,41.5429,41.5429,41.5429,41.5429,48.8129,51.9286,51.9286,41.5429,36.35,1.25,1.25,1.0,7,8,2,2,0E-8,-0.18750000,,0E-8,0.000000,1.000000,0.000000,,2026-06-15,2026-06-16,2,8,8,2,1.000000,,,0.000000,,,,,,,,GLOBAL_BASELINE_NO_ENTITY_RANKING,,,NOT_APPLICABLE_GLOBAL_BASELINE,HF9g-P5,,,,X 全窗基线 · 不参与实体赏罚,3921796,393,A168_HF9F_20260827_0900,2026-08-27 09:00:00
2026-06-15,151567005,2147,0,31.1571775751,31.1571775751,31.1571775751,1.0000000,1,1,0.49324550000000000,0.493245500000,1.01360149184955,1.01360149184955,1.01360149184955,0E-17,ELIGIBLE,R03b_20260811_FULL_v1,L1_ELIGIBILITY,v2026-08-11,2026-03-21..2026-08-06,baccarat_bet02_101_all_pairs_incl_sentinel,round_win = game_pnl > 0 (decisive only),COMPATIBILITY_ONLY_NOT_PRODUCTION,332.3432,332.3432,-62.3144,8,8,0.18750000,,0.18750000,0.18750000,62.3144,332.3432,THIN_EXPOSURE,0.0000,-2.4926,4.0000,96.0000,AG03-UNRESOLVED,ALL5_LEVELS_bet23_to_bet27,-2.4926,-2.4926,-2.4926,-2.4926,-2.4926,4.000000,4.000000,4.000000,4.000000,4.000000,96.000000,96.000000,96.000000,96.000000,96.000000,5.0,-12.4629,-11.5049,-49.8515,-50.8094,PENDING_AG03,FALSE,NOT_FOR_ENFORCEMENT,-59.8218,319.0495,-62.3144,-59.8218,-2.4926,-0.18750000,-0.18000000,-2.4926,-59.8218,-0.18000000,-2.4926,-2.4926,-2.4926,-2.4926,-2.4926,-59.8218,-0.18000000,-12.4629,-11.5049,-49.8515,-50.8094,-0.15000000,-0.15288238,-0.00750000,41.5429,41.5429,-7.7893,-31.1572,-7.7893,166.1716,4.0000,,41.5429,41.5429,41.5429,41.5429,48.8129,51.9286,51.9286,41.5429,36.35,1.25,1.25,1.0,7,8,2,2,0E-8,-0.18750000,,0E-8,0.000000,1.000000,0.000000,,2026-06-15,2026-06-16,2,8,8,2,1.000000,,,0.000000,,,,,,,,GLOBAL_BASELINE_NO_ENTITY_RANKING,,,NOT_APPLICABLE_GLOBAL_BASELINE,HF9g-P5,,,,X 全窗基线 · 不参与实体赏罚,3921797,393,A168_HF9F_20260827_0900,2026-08-27 09:00:00
2026-06-15,151567005,2267,0,41.5429034335,41.5429034335,41.5429034335,1.0000000,1,1,0.49324550000000000,0.493245500000,1.01360149184955,1.01360149184955,1.01360149184955,0E-17,ELIGIBLE,R03b_20260811_FULL_v1,L1_ELIGIBILITY,v2026-08-11,2026-03-21..2026-08-06,baccarat_bet02_101_all_pairs_incl_sentinel,round_win = game_pnl > 0 (decisive only),COMPATIBILITY_ONLY_NOT_PRODUCTION,332.3432,332.3432,-62.3144,8,8,0.18750000,,0.18750000,0.18750000,62.3144,332.3432,THIN_EXPOSURE,0.0000,-2.4926,4.0000,96.0000,AG03-UNRESOLVED,ALL5_LEVELS_bet23_to_bet27,-2.4926,-2.4926,-2.4926,-2.4926,-2.4926,4.000000,4.000000,4.000000,4.000000,4.000000,96.000000,96.000000,96.000000,96.000000,96.000000,5.0,-12.4629,-11.5049,-49.8515,-50.8094,PENDING_AG03,FALSE,NOT_FOR_ENFORCEMENT,-59.8218,319.0495,-62.3144,-59.8218,-2.4926,-0.18750000,-0.18000000,-2.4926,-59.8218,-0.18000000,-2.4926,-2.4926,-2.4926,-2.4926,-2.4926,-59.8218,-0.18000000,-12.4629,-11.5049,-49.8515,-50.8094,-0.15000000,-0.15288238,-0.00750000,41.5429,41.5429,-7.7893,-31.1572,-7.7893,166.1716,4.0000,,41.5429,41.5429,41.5429,41.5429,48.8129,51.9286,51.9286,41.5429,36.35,1.25,1.25,1.0,7,8,2,2,0E-8,-0.18750000,,0E-8,0.000000,1.000000,0.000000,,2026-06-15,2026-06-16,2,8,8,2,1.000000,,,0.000000,,,,,,,,GLOBAL_BASELINE_NO_ENTITY_RANKING,,,NOT_APPLICABLE_GLOBAL_BASELINE,HF9g-P5,,,,X 全窗基线 · 不参与实体赏罚,3921798,393,A168_HF9F_20260827_0900,2026-08-27 09:00:00
2026-06-15,151567005,987,0,41.5429034335,41.5429034335,41.5429034335,1.0000000,1,1,0.49324550000000000,0.493245500000,1.01360149184955,1.01360149184955,1.01360149184955,0E-17,ELIGIBLE,R03b_20260811_FULL_v1,L1_ELIGIBILITY,v2026-08-11,2026-03-21..2026-08-06,baccarat_bet02_101_all_pairs_incl_sentinel,round_win = game_pnl > 0 (decisive only),COMPATIBILITY_ONLY_NOT_PRODUCTION,332.3432,332.3432,-62.3144,8,8,0.18750000,,0.18750000,0.18750000,62.3144,332.3432,THIN_EXPOSURE,0.0000,-2.4926,4.0000,96.0000,AG03-UNRESOLVED,ALL5_LEVELS_bet23_to_bet27,-2.4926,-2.4926,-2.4926,-2.4926,-2.4926,4.000000,4.000000,4.000000,4.000000,4.000000,96.000000,96.000000,96.000000,96.000000,96.000000,5.0,-12.4629,-11.5049,-49.8515,-50.8094,PENDING_AG03,FALSE,NOT_FOR_ENFORCEMENT,-59.8218,319.0495,-62.3144,-59.8218,-2.4926,-0.18750000,-0.18000000,-2.4926,-59.8218,-0.18000000,-2.4926,-2.4926,-2.4926,-2.4926,-2.4926,-59.8218,-0.18000000,-12.4629,-11.5049,-49.8515,-50.8094,-0.15000000,-0.15288238,-0.00750000,41.5429,41.5429,-7.7893,-31.1572,-7.7893,166.1716,4.0000,,41.5429,41.5429,41.5429,41.5429,48.8129,51.9286,51.9286,41.5429,36.35,1.25,1.25,1.0,7,8,2,2,0E-8,-0.18750000,,0E-8,0.000000,1.000000,0.000000,,2026-06-15,2026-06-16,2,8,8,2,1.000000,,,0.000000,,,,,,,,GLOBAL_BASELINE_NO_ENTITY_RANKING,,,NOT_APPLICABLE_GLOBAL_BASELINE,HF9g-P5,,,,X 全窗基线 · 不参与实体赏罚,3921799,393,A168_HF9F_20260827_0900,2026-08-27 09:00:00
2026-06-16,151567005,2241,0,41.5429034335,-41.5429034335,-41.5429034335,0E-7,1,1,0.50665070000000000,0.506650700000,-1.013391052207602,-1.013391052207602,-1.013391052207602,0E-17,ELIGIBLE,R03b_20260811_FULL_v1,L1_ELIGIBILITY,v2026-08-11,2026-03-21..2026-08-06,baccarat_bet02_101_all_pairs_incl_sentinel,round_win = game_pnl > 0 (decisive only),COMPATIBILITY_ONLY_NOT_PRODUCTION,332.3432,332.3432,-62.3144,8,8,0.18750000,,0.18750000,0.18750000,62.3144,332.3432,THIN_EXPOSURE,0.0000,-2.4926,4.0000,96.0000,AG03-UNRESOLVED,ALL5_LEVELS_bet23_to_bet27,-2.4926,-2.4926,-2.4926,-2.4926,-2.4926,4.000000,4.000000,4.000000,4.000000,4.000000,96.000000,96.000000,96.000000,96.000000,96.000000,5.0,-12.4629,-11.5049,-49.8515,-50.8094,PENDING_AG03,FALSE,NOT_FOR_ENFORCEMENT,-59.8218,319.0495,-62.3144,-59.8218,-2.4926,-0.18750000,-0.18000000,-2.4926,-59.8218,-0.18000000,-2.4926,-2.4926,-2.4926,-2.4926,-2.4926,-59.8218,-0.18000000,-12.4629,-11.5049,-49.8515,-50.8094,-0.15000000,-0.15288238,-0.00750000,41.5429,41.5429,-7.7893,-31.1572,-7.7893,166.1716,4.0000,,41.5429,41.5429,41.5429,41.5429,48.8129,51.9286,51.9286,41.5429,36.35,1.25,1.25,1.0,7,8,2,2,0E-8,-0.18750000,,0E-8,0.000000,1.000000,0.000000,,2026-06-15,2026-06-16,2,8,8,2,1.000000,,,0.000000,,,,,,,,GLOBAL_BASELINE_NO_ENTITY_RANKING,,,NOT_APPLICABLE_GLOBAL_BASELINE,HF9g-P5,,,,X 全窗基线 · 不参与实体赏罚,3921800,393,A168_HF9F_20260827_0900,2026-08-27 09:00:00
2026-06-30,152276044,2177,0,367.6546953874,62.3143551500,62.3143551500,0.5500000,21,21,0.50154395714285714,0.501543957143,0.43340608931182706,0.4334060893105496,0.43340608931182706,-1.4286E-13,ELIGIBLE,R03b_20260811_FULL_v1,L1_ELIGIBILITY,v2026-08-11,2026-03-21..2026-08-06,baccarat_bet02_101_all_pairs_incl_sentinel,round_win = game_pnl > 0 (decisive only),COMPATIBILITY_ONLY_NOT_PRODUCTION,367.6547,346.8832,-62.3144,21,21,0.16949153,,0.16949153,0.16949153,62.3144,367.6547,THIN_EXPOSURE,0.0000,-2.4926,4.0000,96.0000,AG03-UNRESOLVED,ALL5_LEVELS_bet23_to_bet27,-2.4926,-2.4926,-2.4926,-2.4926,-2.4926,4.000000,4.000000,4.000000,4.000000,4.000000,96.000000,96.000000,96.000000,96.000000,96.000000,5.0,-12.4629,-11.5049,-49.8515,-50.8094,PENDING_AG03,FALSE,NOT_FOR_ENFORCEMENT,-59.8218,333.0079,-62.3144,-59.8218,-2.4926,-0.16949153,-0.16271186,-2.4926,-59.8218,-0.16271186,-2.4926,-2.4926,-2.4926,-2.4926,-2.4926,-59.8218,-0.16271186,-12.4629,-11.5049,-49.8515,-50.8094,-0.13559322,-0.13819876,-0.00677966,17.5074,16.5182,-2.9674,-62.3144,-62.3144,367.6547,21.0000,,17.5074,10.3857,20.7715,20.7715,20.7715,20.7715,20.7715,20.7715,10.3857,1.0,1.0,0.842857,1,1,1,2,0E-8,-0.16949153,,0E-8,0.000000,0.943503,0.000000,,2026-06-30,2026-06-30,1,1,1,1,1.000000,,,0.000000,,,,,,,,GLOBAL_BASELINE_NO_ENTITY_RANKING,,,NOT_APPLICABLE_GLOBAL_BASELINE,HF9g-P5,,,,X 全窗基线 · 不参与实体赏罚,3921801,393,A168_HF9F_20260827_0900,2026-08-27 09:00:00
2026-06-06,151093727,1004,0,254.4502835306,12.4628710299,12.4628710299,0.3125000,79,16,0.22533136064554896,0.145903712292,0.8345482509299693,1.887724980569426,0.8345482509299693,0.07942764835354896,ELIGIBLE,R03b_20260811_FULL_v1,L1_ELIGIBILITY,v2026-08-11,2026-03-21..2026-08-06,baccarat_bet02_101_all_pairs_incl_sentinel,round_win = game_pnl > 0 (decisive only),COMPATIBILITY_ONLY_NOT_PRODUCTION,489.1677,462.1648,-62.3144,150,29,0.12738854,,0.12738854,0.12738854,62.3144,489.1677,OK,0.0000,-2.4926,4.0000,96.0000,AG03-UNRESOLVED,ALL5_LEVELS_bet23_to_bet27,-2.4926,-2.4926,-3.1157,0.0000,0.0000,4.000000,4.000000,5.000000,0.000000,0.000000,96.000000,96.000000,95.000000,100.000000,100.000000,5.0,-8.1009,-7.7569,-54.2135,-54.5575,PENDING_AG03,FALSE,NOT_FOR_ENFORCEMENT,-59.8218,443.6782,-62.3144,-59.8218,-2.4926,-0.12738854,-0.12229299,-2.4926,-59.8218,-0.12229299,-2.4926,-2.4926,-3.1157,0.0000,0.0000,-59.8218,-0.12229299,-8.1009,-7.7569,-54.2135,-54.5575,-0.11082803,-0.11153121,-0.00509554,3.2611,15.9367,-2.1488,-62.3144,-62.3144,489.1677,29.0000,,3.2611,2.0771,2.0771,4.1543,6.7507,8.3086,10.3857,2.0771,-2.0771,4.0,5.0,1.57,1,2,1,7,0E-8,-0.12738854,,0E-8,0.000000,0.944798,1.000000,,2026-06-06,2026-06-06,1,1,1,1,1.000000,,,0.000000,,,,,,,,GLOBAL_BASELINE_NO_ENTITY_RANKING,,,NOT_APPLICABLE_GLOBAL_BASELINE,HF9g-P5,,,,X 全窗基线 · 不参与实体赏罚,3921802,393,A168_HF9F_20260827_0900,2026-08-27 09:00:00
2026-06-06,151093727,987,0,234.7174044002,49.8514841196,49.8514841196,0.4615385,71,13,0.23819125952267874,0.143976024744,1.8904548361887459,3.2614651975143305,1.8904548361887459,0.09421523477867874,ELIGIBLE,R03b_20260811_FULL_v1,L1_ELIGIBILITY,v2026-08-11,2026-03-21..2026-08-06,baccarat_bet02_101_all_pairs_incl_sentinel,round_win = game_pnl > 0 (decisive only),COMPATIBILITY_ONLY_NOT_PRODUCTION,489.1677,462.1648,-62.3144,150,29,0.12738854,,0.12738854,0.12738854,62.3144,489.1677,OK,0.0000,-2.4926,4.0000,96.0000,AG03-UNRESOLVED,ALL5_LEVELS_bet23_to_bet27,-2.4926,-2.4926,-3.1157,0.0000,0.0000,4.000000,4.000000,5.000000,0.000000,0.000000,96.000000,96.000000,95.000000,100.000000,100.000000,5.0,-8.1009,-7.7569,-54.2135,-54.5575,PENDING_AG03,FALSE,NOT_FOR_ENFORCEMENT,-59.8218,443.6782,-62.3144,-59.8218,-2.4926,-0.12738854,-0.12229299,-2.4926,-59.8218,-0.12229299,-2.4926,-2.4926,-3.1157,0.0000,0.0000,-59.8218,-0.12229299,-8.1009,-7.7569,-54.2135,-54.5575,-0.11082803,-0.11153121,-0.00509554,3.2611,15.9367,-2.1488,-62.3144,-62.3144,489.1677,29.0000,,3.2611,2.0771,2.0771,4.1543,6.7507,8.3086,10.3857,2.0771,-2.0771,4.0,5.0,1.57,1,2,1,7,0E-8,-0.12738854,,0E-8,0.000000,0.944798,1.000000,,2026-06-06,2026-06-06,1,1,1,1,1.000000,,,0.000000,,,,,,,,GLOBAL_BASELINE_NO_ENTITY_RANKING,,,NOT_APPLICABLE_GLOBAL_BASELINE,HF9g-P5,,,,X 全窗基线 · 不参与实体赏罚,3921803,393,A168_HF9F_20260827_0900,2026-08-27 09:00:00
2026-06-21,151853659,2235,0,41.5429034336,-41.5429034336,-41.5429034336,0E-7,3,3,0.49324550000000000,0.493245500000,-1.708808463184432,-1.7088084631844318,-1.708808463184432,0E-17,ELIGIBLE,R03b_20260811_FULL_v1,L1_ELIGIBILITY,v2026-08-11,2026-03-21..2026-08-06,baccarat_bet02_101_all_pairs_incl_sentinel,round_win = game_pnl > 0 (decisive only),COMPATIBILITY_ONLY_NOT_PRODUCTION,494.3606,424.7762,-62.3144,23,23,0.12605042,,0.12605042,0.12605042,62.3144,494.3606,THIN_EXPOSURE,0.0000,-2.4926,4.0000,96.0000,AG03-UNRESOLVED,ALL5_LEVELS_bet23_to_bet27,-2.4926,-2.4926,-2.4926,-2.4926,-2.4926,4.000000,4.000000,4.000000,4.000000,4.000000,96.000000,96.000000,96.000000,96.000000,96.000000,5.0,-12.4629,-11.5049,-49.8515,-50.8094,PENDING_AG03,FALSE,NOT_FOR_ENFORCEMENT,-59.8218,407.7851,-62.3144,-59.8218,-2.4926,-0.12605042,-0.12100840,-2.4926,-59.8218,-0.12100840,-2.4926,-2.4926,-2.4926,-2.4926,-2.4926,-59.8218,-0.12100840,-12.4629,-11.5049,-49.8515,-50.8094,-0.10084034,-0.10277807,-0.00504202,21.4939,18.4685,-2.7093,-62.3144,-20.7715,494.3606,23.0000,,21.4939,14.0207,20.7715,20.7715,42.9969,48.8129,48.8129,20.7715,0.0,2.35,2.35,1.034783,3,3,2,2,0E-8,-0.12605042,,0E-8,0.000000,0.859244,0.000000,,2026-06-21,2026-06-21,1,3,3,1,1.000000,,,0.000000,,,,,,,,GLOBAL_BASELINE_NO_ENTITY_RANKING,,,NOT_APPLICABLE_GLOBAL_BASELINE,HF9g-P5,,,,X 全窗基线 · 不参与实体赏罚,3921804,393,A168_HF9F_20260827_0900,2026-08-27 09:00:00
2026-06-21,151853659,2251,0,51.9286292920,51.9286292920,51.9286292920,1.0000000,3,3,0.49324550000000000,0.493245500000,1.755609282511032,1.7556092825110319,1.755609282511032,0E-17,ELIGIBLE,R03b_20260811_FULL_v1,L1_ELIGIBILITY,v2026-08-11,2026-03-21..2026-08-06,baccarat_bet02_101_all_pairs_incl_sentinel,round_win = game_pnl > 0 (decisive only),COMPATIBILITY_ONLY_NOT_PRODUCTION,494.3606,424.7762,-62.3144,23,23,0.12605042,,0.12605042,0.12605042,62.3144,494.3606,THIN_EXPOSURE,0.0000,-2.4926,4.0000,96.0000,AG03-UNRESOLVED,ALL5_LEVELS_bet23_to_bet27,-2.4926,-2.4926,-2.4926,-2.4926,-2.4926,4.000000,4.000000,4.000000,4.000000,4.000000,96.000000,96.000000,96.000000,96.000000,96.000000,5.0,-12.4629,-11.5049,-49.8515,-50.8094,PENDING_AG03,FALSE,NOT_FOR_ENFORCEMENT,-59.8218,407.7851,-62.3144,-59.8218,-2.4926,-0.12605042,-0.12100840,-2.4926,-59.8218,-0.12100840,-2.4926,-2.4926,-2.4926,-2.4926,-2.4926,-59.8218,-0.12100840,-12.4629,-11.5049,-49.8515,-50.8094,-0.10084034,-0.10277807,-0.00504202,21.4939,18.4685,-2.7093,-62.3144,-20.7715,494.3606,23.0000,,21.4939,14.0207,20.7715,20.7715,42.9969,48.8129,48.8129,20.7715,0.0,2.35,2.35,1.034783,3,3,2,2,0E-8,-0.12605042,,0E-8,0.000000,0.859244,0.000000,,2026-06-21,2026-06-21,1,3,3,1,1.000000,,,0.000000,,,,,,,,GLOBAL_BASELINE_NO_ENTITY_RANKING,,,NOT_APPLICABLE_GLOBAL_BASELINE,HF9g-P5,,,,X 全窗基线 · 不参与实体赏罚,3921805,393,A168_HF9F_20260827_0900,2026-08-27 09:00:00
2026-06-21,151853659,986,0,400.8890181340,51.9286292917,51.9286292917,0.5333333,17,17,0.49955382941176471,0.499553829412,0.26165501643717065,0.26165501643534794,0.26165501643717065,-2.3529E-13,ELIGIBLE,R03b_20260811_FULL_v1,L1_ELIGIBILITY,v2026-08-11,2026-03-21..2026-08-06,baccarat_bet02_101_all_pairs_incl_sentinel,round_win = game_pnl > 0 (decisive only),COMPATIBILITY_ONLY_NOT_PRODUCTION,494.3606,424.7762,-62.3144,23,23,0.12605042,,0.12605042,0.12605042,62.3144,494.3606,THIN_EXPOSURE,0.0000,-2.4926,4.0000,96.0000,AG03-UNRESOLVED,ALL5_LEVELS_bet23_to_bet27,-2.4926,-2.4926,-2.4926,-2.4926,-2.4926,4.000000,4.000000,4.000000,4.000000,4.000000,96.000000,96.000000,96.000000,96.000000,96.000000,5.0,-12.4629,-11.5049,-49.8515,-50.8094,PENDING_AG03,FALSE,NOT_FOR_ENFORCEMENT,-59.8218,407.7851,-62.3144,-59.8218,-2.4926,-0.12605042,-0.12100840,-2.4926,-59.8218,-0.12100840,-2.4926,-2.4926,-2.4926,-2.4926,-2.4926,-59.8218,-0.12100840,-12.4629,-11.5049,-49.8515,-50.8094,-0.10084034,-0.10277807,-0.00504202,21.4939,18.4685,-2.7093,-62.3144,-20.7715,494.3606,23.0000,,21.4939,14.0207,20.7715,20.7715,42.9969,48.8129,48.8129,20.7715,0.0,2.35,2.35,1.034783,3,3,2,2,0E-8,-0.12605042,,0E-8,0.000000,0.859244,0.000000,,2026-06-21,2026-06-21,1,3,3,1,1.000000,,,0.000000,,,,,,,,GLOBAL_BASELINE_NO_ENTITY_RANKING,,,NOT_APPLICABLE_GLOBAL_BASELINE,HF9g-P5,,,,X 全窗基线 · 不参与实体赏罚,3921806,393,A168_HF9F_20260827_0900,2026-08-27 09:00:00
2026-06-22,115579474,1704,0,737.3865359449,62.3143551506,62.3143551506,0.5000000,17,11,0.40558926688316410,0.385743418182,0.6080437401926344,0.7422617062884669,0.6080437401926344,0.01984584870116410,ELIGIBLE,R03b_20260811_FULL_v1,L1_ELIGIBILITY,v2026-08-11,2026-03-21..2026-08-06,baccarat_bet02_101_all_pairs_incl_sentinel,round_win = game_pnl > 0 (decisive only),COMPATIBILITY_ONLY_NOT_PRODUCTION,737.3865,675.0722,-62.3144,17,11,0.08450704,,0.08450704,0.08450704,62.3144,737.3865,THIN_EXPOSURE,0.0000,-2.4926,4.0000,96.0000,AG03-UNRESOLVED,ALL5_LEVELS_bet23_to_bet27,-2.4926,-2.4926,-2.4926,-2.4926,-2.4926,4.000000,4.000000,4.000000,4.000000,4.000000,96.000000,96.000000,96.000000,96.000000,96.000000,5.0,-12.4629,-11.5049,-49.8515,-50.8094,PENDING_AG03,FALSE,NOT_FOR_ENFORCEMENT,-59.8218,648.0693,-62.3144,-59.8218,-2.4926,-0.08450704,-0.08112676,-2.4926,-59.8218,-0.08112676,-2.4926,-2.4926,-2.4926,-2.4926,-2.4926,-59.8218,-0.08112676,-12.4629,-11.5049,-49.8515,-50.8094,-0.06760563,-0.06890474,-0.00338028,43.3757,61.3702,-5.6649,-62.3144,-62.3144,737.3865,11.0000,,43.3757,31.1572,41.5429,62.3144,62.3144,75.8158,83.0858,31.1572,-31.1572,1.825,2.0,1.044118,1,1,1,3,0E-8,-0.08450704,,0E-8,0.000000,0.915493,0.000000,,2026-06-22,2026-06-22,1,1,1,1,1.000000,,,0.000000,,,,,,,,GLOBAL_BASELINE_NO_ENTITY_RANKING,,,NOT_APPLICABLE_GLOBAL_BASELINE,HF9g-P5,,,,X 全窗基线 · 不参与实体赏罚,3921807,393,A168_HF9F_20260827_0900,2026-08-27 09:00:00
2026-06-11,151297052,-1,1,406.0818810633,19.7328791306,19.7328791306,0.5714286,31,25,0.46232095081885968,0.432418398000,1.0028393985475441,1.2858490728052552,1.0028393985475441,0.02990255281885968,SENTINEL_DEALER,R03b_20260811_FULL_v1,L1_ELIGIBILITY,v2026-08-11,2026-03-21..2026-08-06,baccarat_bet02_101_all_pairs_incl_sentinel,round_win = game_pnl > 0 (decisive only),COMPATIBILITY_ONLY_NOT_PRODUCTION,741.5408,608.6035,-62.3144,67,48,0.08403361,,0.08403361,0.08403361,62.3144,741.5408,OK,0.0000,-2.4926,4.0000,96.0000,AG03-UNRESOLVED,ALL5_LEVELS_bet23_to_bet27,-2.4926,-2.4926,-2.4926,-2.4926,-2.4926,4.000000,4.000000,4.000000,4.000000,4.000000,96.000000,96.000000,96.000000,96.000000,96.000000,5.0,-12.4629,-11.5049,-49.8515,-50.8094,PENDING_AG03,FALSE,NOT_FOR_ENFORCEMENT,-59.8218,584.2594,-62.3144,-59.8218,-2.4926,-0.08403361,-0.08067227,-2.4926,-59.8218,-0.08067227,-2.4926,-2.4926,-2.4926,-2.4926,-2.4926,-59.8218,-0.08067227,-12.4629,-11.5049,-49.8515,-50.8094,-0.06722689,-0.06851871,-0.00336134,11.0678,12.6792,-1.2982,-62.3144,-5.6649,741.5408,48.0000,,11.0678,4.1543,8.3086,18.6943,20.7715,21.083,30.9599,8.3086,-2.0771,2.537499,3.726252,1.33209,11,5,1,8,0E-8,-0.08403361,,0E-8,0.000000,0.820728,0.985075,,2026-06-11,2026-06-11,1,11,11,1,1.000000,,,0.000000,,,,,,,,GLOBAL_BASELINE_NO_ENTITY_RANKING,,,NOT_APPLICABLE_GLOBAL_BASELINE,HF9g-P5,,,,X 全窗基线 · 不参与实体赏罚,3921808,393,A168_HF9F_20260827_0900,2026-08-27 09:00:00
2026-06-11,151297052,1985,0,37.3886130903,54.0057744636,54.0057744636,1.0000000,4,3,0.46283396666645676,0.427954033333,1.8659598169797442,2.002523076086726,1.8659598169797442,0.03487993333345676,ELIGIBLE,R03b_20260811_FULL_v1,L1_ELIGIBILITY,v2026-08-11,2026-03-21..2026-08-06,baccarat_bet02_101_all_pairs_incl_sentinel,round_win = game_pnl > 0 (decisive only),COMPATIBILITY_ONLY_NOT_PRODUCTION,741.5408,608.6035,-62.3144,67,48,0.08403361,,0.08403361,0.08403361,62.3144,741.5408,OK,0.0000,-2.4926,4.0000,96.0000,AG03-UNRESOLVED,ALL5_LEVELS_bet23_to_bet27,-2.4926,-2.4926,-2.4926,-2.4926,-2.4926,4.000000,4.000000,4.000000,4.000000,4.000000,96.000000,96.000000,96.000000,96.000000,96.000000,5.0,-12.4629,-11.5049,-49.8515,-50.8094,PENDING_AG03,FALSE,NOT_FOR_ENFORCEMENT,-59.8218,584.2594,-62.3144,-59.8218,-2.4926,-0.08403361,-0.08067227,-2.4926,-59.8218,-0.08067227,-2.4926,-2.4926,-2.4926,-2.4926,-2.4926,-59.8218,-0.08067227,-12.4629,-11.5049,-49.8515,-50.8094,-0.06722689,-0.06851871,-0.00336134,11.0678,12.6792,-1.2982,-62.3144,-5.6649,741.5408,48.0000,,11.0678,4.1543,8.3086,18.6943,20.7715,21.083,30.9599,8.3086,-2.0771,2.537499,3.726252,1.33209,11,5,1,8,0E-8,-0.08403361,,0E-8,0.000000,0.820728,0.985075,,2026-06-11,2026-06-11,1,11,11,1,1.000000,,,0.000000,,,,,,,,GLOBAL_BASELINE_NO_ENTITY_RANKING,,,NOT_APPLICABLE_GLOBAL_BASELINE,HF9g-P5,,,,X 全窗基线 · 不参与实体赏罚,3921809,393,A168_HF9F_20260827_0900,2026-08-27 09:00:00
2026-06-11,151297052,2108,0,279.3760255910,-1.0385725861,-1.0385725861,0.4705882,29,18,0.39935164099555953,0.332442388889,0.5997078379865288,1.2090930343425903,0.5997078379865288,0.06690925210655953,ELIGIBLE,R03b_20260811_FULL_v1,L1_ELIGIBILITY,v2026-08-11,2026-03-21..2026-08-06,baccarat_bet02_101_all_pairs_incl_sentinel,round_win = game_pnl > 0 (decisive only),COMPATIBILITY_ONLY_NOT_PRODUCTION,741.5408,608.6035,-62.3144,67,48,0.08403361,,0.08403361,0.08403361,62.3144,741.5408,OK,0.0000,-2.4926,4.0000,96.0000,AG03-UNRESOLVED,ALL5_LEVELS_bet23_to_bet27,-2.4926,-2.4926,-2.4926,-2.4926,-2.4926,4.000000,4.000000,4.000000,4.000000,4.000000,96.000000,96.000000,96.000000,96.000000,96.000000,5.0,-12.4629,-11.5049,-49.8515,-50.8094,PENDING_AG03,FALSE,NOT_FOR_ENFORCEMENT,-59.8218,584.2594,-62.3144,-59.8218,-2.4926,-0.08403361,-0.08067227,-2.4926,-59.8218,-0.08067227,-2.4926,-2.4926,-2.4926,-2.4926,-2.4926,-59.8218,-0.08067227,-12.4629,-11.5049,-49.8515,-50.8094,-0.06722689,-0.06851871,-0.00336134,11.0678,12.6792,-1.2982,-62.3144,-5.6649,741.5408,48.0000,,11.0678,4.1543,8.3086,18.6943,20.7715,21.083,30.9599,8.3086,-2.0771,2.537499,3.726252,1.33209,11,5,1,8,0E-8,-0.08403361,,0E-8,0.000000,0.820728,0.985075,,2026-06-11,2026-06-11,1,11,11,1,1.000000,,,0.000000,,,,,,,,GLOBAL_BASELINE_NO_ENTITY_RANKING,,,NOT_APPLICABLE_GLOBAL_BASELINE,HF9g-P5,,,,X 全窗基线 · 不参与实体赏罚,3921810,393,A168_HF9F_20260827_0900,2026-08-27 09:00:00
2026-06-11,151297052,2121,0,8.3085806867,0E-10,0E-10,,1,1,0.49324550000000000,0.493245500000,,,,0E-17,NO_DECISIVE_ROUND,R03b_20260811_FULL_v1,L1_ELIGIBILITY,v2026-08-11,2026-03-21..2026-08-06,baccarat_bet02_101_all_pairs_incl_sentinel,round_win = game_pnl > 0 (decisive only),COMPATIBILITY_ONLY_NOT_PRODUCTION,741.5408,608.6035,-62.3144,67,48,0.08403361,,0.08403361,0.08403361,62.3144,741.5408,OK,0.0000,-2.4926,4.0000,96.0000,AG03-UNRESOLVED,ALL5_LEVELS_bet23_to_bet27,-2.4926,-2.4926,-2.4926,-2.4926,-2.4926,4.000000,4.000000,4.000000,4.000000,4.000000,96.000000,96.000000,96.000000,96.000000,96.000000,5.0,-12.4629,-11.5049,-49.8515,-50.8094,PENDING_AG03,FALSE,NOT_FOR_ENFORCEMENT,-59.8218,584.2594,-62.3144,-59.8218,-2.4926,-0.08403361,-0.08067227,-2.4926,-59.8218,-0.08067227,-2.4926,-2.4926,-2.4926,-2.4926,-2.4926,-59.8218,-0.08067227,-12.4629,-11.5049,-49.8515,-50.8094,-0.06722689,-0.06851871,-0.00336134,11.0678,12.6792,-1.2982,-62.3144,-5.6649,741.5408,48.0000,,11.0678,4.1543,8.3086,18.6943,20.7715,21.083,30.9599,8.3086,-2.0771,2.537499,3.726252,1.33209,11,5,1,8,0E-8,-0.08403361,,0E-8,0.000000,0.820728,0.985075,,2026-06-11,2026-06-11,1,11,11,1,1.000000,,,0.000000,,,,,,,,GLOBAL_BASELINE_NO_ENTITY_RANKING,,,NOT_APPLICABLE_GLOBAL_BASELINE,HF9g-P5,,,,X 全窗基线 · 不参与实体赏罚,3921811,393,A168_HF9F_20260827_0900,2026-08-27 09:00:00
2026-06-11,151297052,2267,0,10.3857258584,-10.3857258584,-10.3857258584,0E-7,2,1,0.40953365999919397,0.283965900000,-0.8328124877648144,-0.6297471965178028,-0.8328124877648144,0.12556775999919397,ELIGIBLE,R03b_20260811_FULL_v1,L1_ELIGIBILITY,v2026-08-11,2026-03-21..2026-08-06,baccarat_bet02_101_all_pairs_incl_sentinel,round_win = game_pnl > 0 (decisive only),COMPATIBILITY_ONLY_NOT_PRODUCTION,741.5408,608.6035,-62.3144,67,48,0.08403361,,0.08403361,0.08403361,62.3144,741.5408,OK,0.0000,-2.4926,4.0000,96.0000,AG03-UNRESOLVED,ALL5_LEVELS_bet23_to_bet27,-2.4926,-2.4926,-2.4926,-2.4926,-2.4926,4.000000,4.000000,4.000000,4.000000,4.000000,96.000000,96.000000,96.000000,96.000000,96.000000,5.0,-12.4629,-11.5049,-49.8515,-50.8094,PENDING_AG03,FALSE,NOT_FOR_ENFORCEMENT,-59.8218,584.2594,-62.3144,-59.8218,-2.4926,-0.08403361,-0.08067227,-2.4926,-59.8218,-0.08067227,-2.4926,-2.4926,-2.4926,-2.4926,-2.4926,-59.8218,-0.08067227,-12.4629,-11.5049,-49.8515,-50.8094,-0.06722689,-0.06851871,-0.00336134,11.0678,12.6792,-1.2982,-62.3144,-5.6649,741.5408,48.0000,,11.0678,4.1543,8.3086,18.6943,20.7715,21.083,30.9599,8.3086,-2.0771,2.537499,3.726252,1.33209,11,5,1,8,0E-8,-0.08403361,,0E-8,0.000000,0.820728,0.985075,,2026-06-11,2026-06-11,1,11,11,1,1.000000,,,0.000000,,,,,,,,GLOBAL_BASELINE_NO_ENTITY_RANKING,,,NOT_APPLICABLE_GLOBAL_BASELINE,HF9g-P5,,,,X 全窗基线 · 不参与实体赏罚,3921812,393,A168_HF9F_20260827_0900,2026-08-27 09:00:00
2026-06-19,151747500,-1,1,249.2574206011,-41.5429034335,-41.5429034335,0.6000000,5,5,0.50128862000000000,0.501288620000,0.4414521777673877,0.4414521777673877,0.4414521777673877,0E-17,SENTINEL_DEALER,R03b_20260811_FULL_v1,L1_ELIGIBILITY,v2026-08-11,2026-03-21..2026-08-06,baccarat_bet02_101_all_pairs_incl_sentinel,round_win = game_pnl > 0 (decisive only),COMPATIBILITY_ONLY_NOT_PRODUCTION,789.3152,727.0008,-62.3144,18,18,0.07894737,,0.07894737,0.07894737,62.3144,789.3152,THIN_EXPOSURE,0.0000,-2.4926,4.0000,96.0000,AG03-UNRESOLVED,ALL5_LEVELS_bet23_to_bet27,-2.4926,-2.4926,-2.4926,0.0000,0.0000,4.000000,4.000000,4.000000,0.000000,0.000000,96.000000,96.000000,96.000000,100.000000,100.000000,5.0,-7.4777,-7.1826,-54.8366,-55.1318,PENDING_AG03,FALSE,NOT_FOR_ENFORCEMENT,-59.8218,697.9208,-62.3144,-59.8218,-2.4926,-0.07894737,-0.07578947,-2.4926,-59.8218,-0.07578947,-2.4926,-2.4926,-2.4926,0.0000,0.0000,-59.8218,-0.07578947,-7.4777,-7.1826,-54.8366,-55.1318,-0.06947368,-0.06984758,-0.00315789,43.8508,40.3889,-3.4619,-62.3144,-5.6649,789.3152,18.0000,,43.8508,20.7715,41.5429,41.5429,91.3943,103.8573,103.8573,41.5429,10.3857,2.5,2.5,1.055556,11,11,1,2,0E-8,-0.07894737,,0E-8,0.000000,0.921053,0.777778,,2026-06-19,2026-06-19,1,11,11,1,1.000000,,,0.000000,,,,,,,,GLOBAL_BASELINE_NO_ENTITY_RANKING,,,NOT_APPLICABLE_GLOBAL_BASELINE,HF9g-P5,,,,X 全窗基线 · 不参与实体赏罚,3921813,393,A168_HF9F_20260827_0900,2026-08-27 09:00:00
2026-06-19,151747500,1004,0,20.7714517168,-20.7714517168,-20.7714517168,0E-7,1,1,0.49324550000000000,0.493245500000,-0.9865810262130424,-0.9865810262130424,-0.9865810262130424,0E-17,ELIGIBLE,R03b_20260811_FULL_v1,L1_ELIGIBILITY,v2026-08-11,2026-03-21..2026-08-06,baccarat_bet02_101_all_pairs_incl_sentinel,round_win = game_pnl > 0 (decisive only),COMPATIBILITY_ONLY_NOT_PRODUCTION,789.3152,727.0008,-62.3144,18,18,0.07894737,,0.07894737,0.07894737,62.3144,789.3152,THIN_EXPOSURE,0.0000,-2.4926,4.0000,96.0000,AG03-UNRESOLVED,ALL5_LEVELS_bet23_to_bet27,-2.4926,-2.4926,-2.4926,0.0000,0.0000,4.000000,4.000000,4.000000,0.000000,0.000000,96.000000,96.000000,96.000000,100.000000,100.000000,5.0,-7.4777,-7.1826,-54.8366,-55.1318,PENDING_AG03,FALSE,NOT_FOR_ENFORCEMENT,-59.8218,697.9208,-62.3144,-59.8218,-2.4926,-0.07894737,-0.07578947,-2.4926,-59.8218,-0.07578947,-2.4926,-2.4926,-2.4926,0.0000,0.0000,-59.8218,-0.07578947,-7.4777,-7.1826,-54.8366,-55.1318,-0.06947368,-0.06984758,-0.00315789,43.8508,40.3889,-3.4619,-62.3144,-5.6649,789.3152,18.0000,,43.8508,20.7715,41.5429,41.5429,91.3943,103.8573,103.8573,41.5429,10.3857,2.5,2.5,1.055556,11,11,1,2,0E-8,-0.07894737,,0E-8,0.000000,0.921053,0.777778,,2026-06-19,2026-06-19,1,11,11,1,1.000000,,,0.000000,,,,,,,,GLOBAL_BASELINE_NO_ENTITY_RANKING,,,NOT_APPLICABLE_GLOBAL_BASELINE,HF9g-P5,,,,X 全窗基线 · 不参与实体赏罚,3921814,393,A168_HF9F_20260827_0900,2026-08-27 09:00:00
2026-06-19,151747500,1363,0,103.8572585838,-103.8572585838,-103.8572585838,0E-7,1,1,0.49324550000000000,0.493245500000,-0.9865810262130424,-0.9865810262130424,-0.9865810262130424,0E-17,ELIGIBLE,R03b_20260811_FULL_v1,L1_ELIGIBILITY,v2026-08-11,2026-03-21..2026-08-06,baccarat_bet02_101_all_pairs_incl_sentinel,round_win = game_pnl > 0 (decisive only),COMPATIBILITY_ONLY_NOT_PRODUCTION,789.3152,727.0008,-62.3144,18,18,0.07894737,,0.07894737,0.07894737,62.3144,789.3152,THIN_EXPOSURE,0.0000,-2.4926,4.0000,96.0000,AG03-UNRESOLVED,ALL5_LEVELS_bet23_to_bet27,-2.4926,-2.4926,-2.4926,0.0000,0.0000,4.000000,4.000000,4.000000,0.000000,0.000000,96.000000,96.000000,96.000000,100.000000,100.000000,5.0,-7.4777,-7.1826,-54.8366,-55.1318,PENDING_AG03,FALSE,NOT_FOR_ENFORCEMENT,-59.8218,697.9208,-62.3144,-59.8218,-2.4926,-0.07894737,-0.07578947,-2.4926,-59.8218,-0.07578947,-2.4926,-2.4926,-2.4926,0.0000,0.0000,-59.8218,-0.07578947,-7.4777,-7.1826,-54.8366,-55.1318,-0.06947368,-0.06984758,-0.00315789,43.8508,40.3889,-3.4619,-62.3144,-5.6649,789.3152,18.0000,,43.8508,20.7715,41.5429,41.5429,91.3943,103.8573,103.8573,41.5429,10.3857,2.5,2.5,1.055556,11,11,1,2,0E-8,-0.07894737,,0E-8,0.000000,0.921053,0.777778,,2026-06-19,2026-06-19,1,11,11,1,1.000000,,,0.000000,,,,,,,,GLOBAL_BASELINE_NO_ENTITY_RANKING,,,NOT_APPLICABLE_GLOBAL_BASELINE,HF9g-P5,,,,X 全窗基线 · 不参与实体赏罚,3921815,393,A168_HF9F_20260827_0900,2026-08-27 09:00:00
2026-06-19,151747500,1646,0,20.7714517168,-20.7714517168,-20.7714517168,0E-7,1,1,0.49324550000000000,0.493245500000,-0.9865810262130424,-0.9865810262130424,-0.9865810262130424,0E-17,ELIGIBLE,R03b_20260811_FULL_v1,L1_ELIGIBILITY,v2026-08-11,2026-03-21..2026-08-06,baccarat_bet02_101_all_pairs_incl_sentinel,round_win = game_pnl > 0 (decisive only),COMPATIBILITY_ONLY_NOT_PRODUCTION,789.3152,727.0008,-62.3144,18,18,0.07894737,,0.07894737,0.07894737,62.3144,789.3152,THIN_EXPOSURE,0.0000,-2.4926,4.0000,96.0000,AG03-UNRESOLVED,ALL5_LEVELS_bet23_to_bet27,-2.4926,-2.4926,-2.4926,0.0000,0.0000,4.000000,4.000000,4.000000,0.000000,0.000000,96.000000,96.000000,96.000000,100.000000,100.000000,5.0,-7.4777,-7.1826,-54.8366,-55.1318,PENDING_AG03,FALSE,NOT_FOR_ENFORCEMENT,-59.8218,697.9208,-62.3144,-59.8218,-2.4926,-0.07894737,-0.07578947,-2.4926,-59.8218,-0.07578947,-2.4926,-2.4926,-2.4926,0.0000,0.0000,-59.8218,-0.07578947,-7.4777,-7.1826,-54.8366,-55.1318,-0.06947368,-0.06984758,-0.00315789,43.8508,40.3889,-3.4619,-62.3144,-5.6649,789.3152,18.0000,,43.8508,20.7715,41.5429,41.5429,91.3943,103.8573,103.8573,41.5429,10.3857,2.5,2.5,1.055556,11,11,1,2,0E-8,-0.07894737,,0E-8,0.000000,0.921053,0.777778,,2026-06-19,2026-06-19,1,11,11,1,1.000000,,,0.000000,,,,,,,,GLOBAL_BASELINE_NO_ENTITY_RANKING,,,NOT_APPLICABLE_GLOBAL_BASELINE,HF9g-P5,,,,X 全窗基线 · 不参与实体赏罚,3921816,393,A168_HF9F_20260827_0900,2026-08-27 09:00:00
2026-06-19,151747500,1714,0,62.3143551503,62.3143551503,62.3143551503,1.0000000,1,1,0.50665070000000000,0.506650700000,0.9867858985152569,0.9867858985152569,0.9867858985152569,0E-17,ELIGIBLE,R03b_20260811_FULL_v1,L1_ELIGIBILITY,v2026-08-11,2026-03-21..2026-08-06,baccarat_bet02_101_all_pairs_incl_sentinel,round_win = game_pnl > 0 (decisive only),COMPATIBILITY_ONLY_NOT_PRODUCTION,789.3152,727.0008,-62.3144,18,18,0.07894737,,0.07894737,0.07894737,62.3144,789.3152,THIN_EXPOSURE,0.0000,-2.4926,4.0000,96.0000,AG03-UNRESOLVED,ALL5_LEVELS_bet23_to_bet27,-2.4926,-2.4926,-2.4926,0.0000,0.0000,4.000000,4.000000,4.000000,0.000000,0.000000,96.000000,96.000000,96.000000,100.000000,100.000000,5.0,-7.4777,-7.1826,-54.8366,-55.1318,PENDING_AG03,FALSE,NOT_FOR_ENFORCEMENT,-59.8218,697.9208,-62.3144,-59.8218,-2.4926,-0.07894737,-0.07578947,-2.4926,-59.8218,-0.07578947,-2.4926,-2.4926,-2.4926,0.0000,0.0000,-59.8218,-0.07578947,-7.4777,-7.1826,-54.8366,-55.1318,-0.06947368,-0.06984758,-0.00315789,43.8508,40.3889,-3.4619,-62.3144,-5.6649,789.3152,18.0000,,43.8508,20.7715,41.5429,41.5429,91.3943,103.8573,103.8573,41.5429,10.3857,2.5,2.5,1.055556,11,11,1,2,0E-8,-0.07894737,,0E-8,0.000000,0.921053,0.777778,,2026-06-19,2026-06-19,1,11,11,1,1.000000,,,0.000000,,,,,,,,GLOBAL_BASELINE_NO_ENTITY_RANKING,,,NOT_APPLICABLE_GLOBAL_BASELINE,HF9g-P5,,,,X 全窗基线 · 不参与实体赏罚,3921817,393,A168_HF9F_20260827_0900,2026-08-27 09:00:00
2026-06-19,151747500,2093,0,83.0858068671,-20.7714517168,-20.7714517168,0E-7,3,3,0.50218230000000000,0.502182300000,-1.0043741665754933,-1.0043741665754933,-1.0043741665754933,0E-17,ELIGIBLE,R03b_20260811_FULL_v1,L1_ELIGIBILITY,v2026-08-11,2026-03-21..2026-08-06,baccarat_bet02_101_all_pairs_incl_sentinel,round_win = game_pnl > 0 (decisive only),COMPATIBILITY_ONLY_NOT_PRODUCTION,789.3152,727.0008,-62.3144,18,18,0.07894737,,0.07894737,0.07894737,62.3144,789.3152,THIN_EXPOSURE,0.0000,-2.4926,4.0000,96.0000,AG03-UNRESOLVED,ALL5_LEVELS_bet23_to_bet27,-2.4926,-2.4926,-2.4926,0.0000,0.0000,4.000000,4.000000,4.000000,0.000000,0.000000,96.000000,96.000000,96.000000,100.000000,100.000000,5.0,-7.4777,-7.1826,-54.8366,-55.1318,PENDING_AG03,FALSE,NOT_FOR_ENFORCEMENT,-59.8218,697.9208,-62.3144,-59.8218,-2.4926,-0.07894737,-0.07578947,-2.4926,-59.8218,-0.07578947,-2.4926,-2.4926,-2.4926,0.0000,0.0000,-59.8218,-0.07578947,-7.4777,-7.1826,-54.8366,-55.1318,-0.06947368,-0.06984758,-0.00315789,43.8508,40.3889,-3.4619,-62.3144,-5.6649,789.3152,18.0000,,43.8508,20.7715,41.5429,41.5429,91.3943,103.8573,103.8573,41.5429,10.3857,2.5,2.5,1.055556,11,11,1,2,0E-8,-0.07894737,,0E-8,0.000000,0.921053,0.777778,,2026-06-19,2026-06-19,1,11,11,1,1.000000,,,0.000000,,,,,,,,GLOBAL_BASELINE_NO_ENTITY_RANKING,,,NOT_APPLICABLE_GLOBAL_BASELINE,HF9g-P5,,,,X 全窗基线 · 不参与实体赏罚,3921818,393,A168_HF9F_20260827_0900,2026-08-27 09:00:00
2026-06-19,151747500,2134,0,41.5429034335,41.5429034335,41.5429034335,1.0000000,1,1,0.50665070000000000,0.506650700000,0.9867858985152569,0.9867858985152569,0.9867858985152569,0E-17,ELIGIBLE,R03b_20260811_FULL_v1,L1_ELIGIBILITY,v2026-08-11,2026-03-21..2026-08-06,baccarat_bet02_101_all_pairs_incl_sentinel,round_win = game_pnl > 0 (decisive only),COMPATIBILITY_ONLY_NOT_PRODUCTION,789.3152,727.0008,-62.3144,18,18,0.07894737,,0.07894737,0.07894737,62.3144,789.3152,THIN_EXPOSURE,0.0000,-2.4926,4.0000,96.0000,AG03-UNRESOLVED,ALL5_LEVELS_bet23_to_bet27,-2.4926,-2.4926,-2.4926,0.0000,0.0000,4.000000,4.000000,4.000000,0.000000,0.000000,96.000000,96.000000,96.000000,100.000000,100.000000,5.0,-7.4777,-7.1826,-54.8366,-55.1318,PENDING_AG03,FALSE,NOT_FOR_ENFORCEMENT,-59.8218,697.9208,-62.3144,-59.8218,-2.4926,-0.07894737,-0.07578947,-2.4926,-59.8218,-0.07578947,-2.4926,-2.4926,-2.4926,0.0000,0.0000,-59.8218,-0.07578947,-7.4777,-7.1826,-54.8366,-55.1318,-0.06947368,-0.06984758,-0.00315789,43.8508,40.3889,-3.4619,-62.3144,-5.6649,789.3152,18.0000,,43.8508,20.7715,41.5429,41.5429,91.3943,103.8573,103.8573,41.5429,10.3857,2.5,2.5,1.055556,11,11,1,2,0E-8,-0.07894737,,0E-8,0.000000,0.921053,0.777778,,2026-06-19,2026-06-19,1,11,11,1,1.000000,,,0.000000,,,,,,,,GLOBAL_BASELINE_NO_ENTITY_RANKING,,,NOT_APPLICABLE_GLOBAL_BASELINE,HF9g-P5,,,,X 全窗基线 · 不参与实体赏罚,3921819,393,A168_HF9F_20260827_0900,2026-08-27 09:00:00
2026-06-19,151747500,2201,0,62.3143551503,62.3143551503,62.3143551503,1.0000000,1,1,0.50665070000000000,0.506650700000,0.9867858985152569,0.9867858985152569,0.9867858985152569,0E-17,ELIGIBLE,R03b_20260811_FULL_v1,L1_ELIGIBILITY,v2026-08-11,2026-03-21..2026-08-06,baccarat_bet02_101_all_pairs_incl_sentinel,round_win = game_pnl > 0 (decisive only),COMPATIBILITY_ONLY_NOT_PRODUCTION,789.3152,727.0008,-62.3144,18,18,0.07894737,,0.07894737,0.07894737,62.3144,789.3152,THIN_EXPOSURE,0.0000,-2.4926,4.0000,96.0000,AG03-UNRESOLVED,ALL5_LEVELS_bet23_to_bet27,-2.4926,-2.4926,-2.4926,0.0000,0.0000,4.000000,4.000000,4.000000,0.000000,0.000000,96.000000,96.000000,96.000000,100.000000,100.000000,5.0,-7.4777,-7.1826,-54.8366,-55.1318,PENDING_AG03,FALSE,NOT_FOR_ENFORCEMENT,-59.8218,697.9208,-62.3144,-59.8218,-2.4926,-0.07894737,-0.07578947,-2.4926,-59.8218,-0.07578947,-2.4926,-2.4926,-2.4926,0.0000,0.0000,-59.8218,-0.07578947,-7.4777,-7.1826,-54.8366,-55.1318,-0.06947368,-0.06984758,-0.00315789,43.8508,40.3889,-3.4619,-62.3144,-5.6649,789.3152,18.0000,,43.8508,20.7715,41.5429,41.5429,91.3943,103.8573,103.8573,41.5429,10.3857,2.5,2.5,1.055556,11,11,1,2,0E-8,-0.07894737,,0E-8,0.000000,0.921053,0.777778,,2026-06-19,2026-06-19,1,11,11,1,1.000000,,,0.000000,,,,,,,,GLOBAL_BASELINE_NO_ENTITY_RANKING,,,NOT_APPLICABLE_GLOBAL_BASELINE,HF9g-P5,,,,X 全窗基线 · 不参与实体赏罚,3921820,393,A168_HF9F_20260827_0900,2026-08-27 09:00:00
2026-06-19,151747500,2246,0,41.5429034335,41.5429034335,41.5429034335,1.0000000,1,1,0.50665070000000000,0.506650700000,0.9867858985152569,0.9867858985152569,0.9867858985152569,0E-17,ELIGIBLE,R03b_20260811_FULL_v1,L1_ELIGIBILITY,v2026-08-11,2026-03-21..2026-08-06,baccarat_bet02_101_all_pairs_incl_sentinel,round_win = game_pnl > 0 (decisive only),COMPATIBILITY_ONLY_NOT_PRODUCTION,789.3152,727.0008,-62.3144,18,18,0.07894737,,0.07894737,0.07894737,62.3144,789.3152,THIN_EXPOSURE,0.0000,-2.4926,4.0000,96.0000,AG03-UNRESOLVED,ALL5_LEVELS_bet23_to_bet27,-2.4926,-2.4926,-2.4926,0.0000,0.0000,4.000000,4.000000,4.000000,0.000000,0.000000,96.000000,96.000000,96.000000,100.000000,100.000000,5.0,-7.4777,-7.1826,-54.8366,-55.1318,PENDING_AG03,FALSE,NOT_FOR_ENFORCEMENT,-59.8218,697.9208,-62.3144,-59.8218,-2.4926,-0.07894737,-0.07578947,-2.4926,-59.8218,-0.07578947,-2.4926,-2.4926,-2.4926,0.0000,0.0000,-59.8218,-0.07578947,-7.4777,-7.1826,-54.8366,-55.1318,-0.06947368,-0.06984758,-0.00315789,43.8508,40.3889,-3.4619,-62.3144,-5.6649,789.3152,18.0000,,43.8508,20.7715,41.5429,41.5429,91.3943,103.8573,103.8573,41.5429,10.3857,2.5,2.5,1.055556,11,11,1,2,0E-8,-0.07894737,,0E-8,0.000000,0.921053,0.777778,,2026-06-19,2026-06-19,1,11,11,1,1.000000,,,0.000000,,,,,,,,GLOBAL_BASELINE_NO_ENTITY_RANKING,,,NOT_APPLICABLE_GLOBAL_BASELINE,HF9g-P5,,,,X 全窗基线 · 不参与实体赏罚,3921821,393,A168_HF9F_20260827_0900,2026-08-27 09:00:00
2026-06-19,151747500,2254,0,41.5429034335,41.5429034335,41.5429034335,1.0000000,1,1,0.50665070000000000,0.506650700000,0.9867858985152569,0.9867858985152569,0.9867858985152569,0E-17,ELIGIBLE,R03b_20260811_FULL_v1,L1_ELIGIBILITY,v2026-08-11,2026-03-21..2026-08-06,baccarat_bet02_101_all_pairs_incl_sentinel,round_win = game_pnl > 0 (decisive only),COMPATIBILITY_ONLY_NOT_PRODUCTION,789.3152,727.0008,-62.3144,18,18,0.07894737,,0.07894737,0.07894737,62.3144,789.3152,THIN_EXPOSURE,0.0000,-2.4926,4.0000,96.0000,AG03-UNRESOLVED,ALL5_LEVELS_bet23_to_bet27,-2.4926,-2.4926,-2.4926,0.0000,0.0000,4.000000,4.000000,4.000000,0.000000,0.000000,96.000000,96.000000,96.000000,100.000000,100.000000,5.0,-7.4777,-7.1826,-54.8366,-55.1318,PENDING_AG03,FALSE,NOT_FOR_ENFORCEMENT,-59.8218,697.9208,-62.3144,-59.8218,-2.4926,-0.07894737,-0.07578947,-2.4926,-59.8218,-0.07578947,-2.4926,-2.4926,-2.4926,0.0000,0.0000,-59.8218,-0.07578947,-7.4777,-7.1826,-54.8366,-55.1318,-0.06947368,-0.06984758,-0.00315789,43.8508,40.3889,-3.4619,-62.3144,-5.6649,789.3152,18.0000,,43.8508,20.7715,41.5429,41.5429,91.3943,103.8573,103.8573,41.5429,10.3857,2.5,2.5,1.055556,11,11,1,2,0E-8,-0.07894737,,0E-8,0.000000,0.921053,0.777778,,2026-06-19,2026-06-19,1,11,11,1,1.000000,,,0.000000,,,,,,,,GLOBAL_BASELINE_NO_ENTITY_RANKING,,,NOT_APPLICABLE_GLOBAL_BASELINE,HF9g-P5,,,,X 全窗基线 · 不参与实体赏罚,3921822,393,A168_HF9F_20260827_0900,2026-08-27 09:00:00
2026-06-19,151747500,970,0,62.3143551503,20.7714517167,20.7714517167,0.5000000,2,2,0.49324550000000000,0.493245500000,0.01910635448239258,0.01910635448239258,0.01910635448239258,0E-17,ELIGIBLE,R03b_20260811_FULL_v1,L1_ELIGIBILITY,v2026-08-11,2026-03-21..2026-08-06,baccarat_bet02_101_all_pairs_incl_sentinel,round_win = game_pnl > 0 (decisive only),COMPATIBILITY_ONLY_NOT_PRODUCTION,789.3152,727.0008,-62.3144,18,18,0.07894737,,0.07894737,0.07894737,62.3144,789.3152,THIN_EXPOSURE,0.0000,-2.4926,4.0000,96.0000,AG03-UNRESOLVED,ALL5_LEVELS_bet23_to_bet27,-2.4926,-2.4926,-2.4926,0.0000,0.0000,4.000000,4.000000,4.000000,0.000000,0.000000,96.000000,96.000000,96.000000,100.000000,100.000000,5.0,-7.4777,-7.1826,-54.8366,-55.1318,PENDING_AG03,FALSE,NOT_FOR_ENFORCEMENT,-59.8218,697.9208,-62.3144,-59.8218,-2.4926,-0.07894737,-0.07578947,-2.4926,-59.8218,-0.07578947,-2.4926,-2.4926,-2.4926,0.0000,0.0000,-59.8218,-0.07578947,-7.4777,-7.1826,-54.8366,-55.1318,-0.06947368,-0.06984758,-0.00315789,43.8508,40.3889,-3.4619,-62.3144,-5.6649,789.3152,18.0000,,43.8508,20.7715,41.5429,41.5429,91.3943,103.8573,103.8573,41.5429,10.3857,2.5,2.5,1.055556,11,11,1,2,0E-8,-0.07894737,,0E-8,0.000000,0.921053,0.777778,,2026-06-19,2026-06-19,1,11,11,1,1.000000,,,0.000000,,,,,,,,GLOBAL_BASELINE_NO_ENTITY_RANKING,,,NOT_APPLICABLE_GLOBAL_BASELINE,HF9g-P5,,,,X 全窗基线 · 不参与实体赏罚,3921823,393,A168_HF9F_20260827_0900,2026-08-27 09:00:00
2026-08-02,153760672,1157,0,4.2462544497,-4.2462544497,-4.2462544497,0E-7,1,1,0.49324550000000000,0.493245500000,-0.9865810262130424,-0.9865810262130424,-0.9865810262130424,0E-17,ELIGIBLE,R03b_20260811_FULL_v1,L1_ELIGIBILITY,v2026-08-11,2026-03-21..2026-08-06,baccarat_bet02_101_all_pairs_incl_sentinel,round_win = game_pnl > 0 (decisive only),COMPATIBILITY_ONLY_NOT_PRODUCTION,154.2806,147.4866,-62.3138,28,28,0.40389908,0.40389908,,0.40389908,62.3138,154.2806,THIN_EXPOSURE,0.0000,-2.4926,4.0000,96.0000,AG03-UNRESOLVED,ALL5_LEVELS_bet23_to_bet27,-2.4926,-2.4926,-2.4926,-2.4926,-2.4926,4.000000,4.000000,4.000000,4.000000,4.000000,96.000000,96.000000,96.000000,96.000000,96.000000,5.0,-12.4628,-11.5048,-49.8510,-50.809,PENDING_AG03,FALSE,NOT_FOR_ENFORCEMENT,-59.8212,141.5871,-62.3138,-59.8212,-2.4926,-0.40389908,-0.38774312,-2.4926,-59.8212,-0.38774312,-2.4926,-2.4926,-2.4926,-2.4926,-2.4926,-59.8212,-0.38774312,-12.4628,-11.5048,-49.8510,-50.809,-0.32311927,-0.32932828,-0.01615596,5.5100,5.2674,-2.2255,-31.1569,-4.7934,77.1403,14.0000,5.5100,,1.4154,1.4154,13.0926,14.1542,16.7727,21.2313,1.4154,0.9908,11.850001,15.0,3.892857,8,14,3,2,1.00000000,-0.40389908,-0.40389908,0E-8,0.000000,0.955963,0.000000,,2026-08-02,2026-08-03,2,13,8,2,1.000000,,1.000000,3.333333,,,,,,,,GLOBAL_BASELINE_NO_ENTITY_RANKING,,,NOT_APPLICABLE_GLOBAL_BASELINE,HF9g-P5,,,,X 全窗基线 · 不参与实体赏罚,3921824,393,A168_HF9F_20260827_0900,2026-08-27 09:00:00
2026-08-02,153760672,1363,0,2.8308362998,1.4154181499,1.4154181499,1.0000000,2,2,0.49324550000000000,0.493245500000,1.01360149184955,1.01360149184955,1.01360149184955,0E-17,ELIGIBLE,R03b_20260811_FULL_v1,L1_ELIGIBILITY,v2026-08-11,2026-03-21..2026-08-06,baccarat_bet02_101_all_pairs_incl_sentinel,round_win = game_pnl > 0 (decisive only),COMPATIBILITY_ONLY_NOT_PRODUCTION,154.2806,147.4866,-62.3138,28,28,0.40389908,0.40389908,,0.40389908,62.3138,154.2806,THIN_EXPOSURE,0.0000,-2.4926,4.0000,96.0000,AG03-UNRESOLVED,ALL5_LEVELS_bet23_to_bet27,-2.4926,-2.4926,-2.4926,-2.4926,-2.4926,4.000000,4.000000,4.000000,4.000000,4.000000,96.000000,96.000000,96.000000,96.000000,96.000000,5.0,-12.4628,-11.5048,-49.8510,-50.809,PENDING_AG03,FALSE,NOT_FOR_ENFORCEMENT,-59.8212,141.5871,-62.3138,-59.8212,-2.4926,-0.40389908,-0.38774312,-2.4926,-59.8212,-0.38774312,-2.4926,-2.4926,-2.4926,-2.4926,-2.4926,-59.8212,-0.38774312,-12.4628,-11.5048,-49.8510,-50.809,-0.32311927,-0.32932828,-0.01615596,5.5100,5.2674,-2.2255,-31.1569,-4.7934,77.1403,14.0000,5.5100,,1.4154,1.4154,13.0926,14.1542,16.7727,21.2313,1.4154,0.9908,11.850001,15.0,3.892857,8,14,3,2,1.00000000,-0.40389908,-0.40389908,0E-8,0.000000,0.955963,0.000000,,2026-08-02,2026-08-03,2,13,8,2,1.000000,,1.000000,3.333333,,,,,,,,GLOBAL_BASELINE_NO_ENTITY_RANKING,,,NOT_APPLICABLE_GLOBAL_BASELINE,HF9g-P5,,,,X 全窗基线 · 不参与实体赏罚,3921825,393,A168_HF9F_20260827_0900,2026-08-27 09:00:00
2026-08-02,153760672,1400,0,0.7077090750,-0.7077090750,-0.7077090750,0E-7,1,1,0.49324550000000000,0.493245500000,-0.9865810262130424,-0.9865810262130424,-0.9865810262130424,0E-17,ELIGIBLE,R03b_20260811_FULL_v1,L1_ELIGIBILITY,v2026-08-11,2026-03-21..2026-08-06,baccarat_bet02_101_all_pairs_incl_sentinel,round_win = game_pnl > 0 (decisive only),COMPATIBILITY_ONLY_NOT_PRODUCTION,154.2806,147.4866,-62.3138,28,28,0.40389908,0.40389908,,0.40389908,62.3138,154.2806,THIN_EXPOSURE,0.0000,-2.4926,4.0000,96.0000,AG03-UNRESOLVED,ALL5_LEVELS_bet23_to_bet27,-2.4926,-2.4926,-2.4926,-2.4926,-2.4926,4.000000,4.000000,4.000000,4.000000,4.000000,96.000000,96.000000,96.000000,96.000000,96.000000,5.0,-12.4628,-11.5048,-49.8510,-50.809,PENDING_AG03,FALSE,NOT_FOR_ENFORCEMENT,-59.8212,141.5871,-62.3138,-59.8212,-2.4926,-0.40389908,-0.38774312,-2.4926,-59.8212,-0.38774312,-2.4926,-2.4926,-2.4926,-2.4926,-2.4926,-59.8212,-0.38774312,-12.4628,-11.5048,-49.8510,-50.809,-0.32311927,-0.32932828,-0.01615596,5.5100,5.2674,-2.2255,-31.1569,-4.7934,77.1403,14.0000,5.5100,,1.4154,1.4154,13.0926,14.1542,16.7727,21.2313,1.4154,0.9908,11.850001,15.0,3.892857,8,14,3,2,1.00000000,-0.40389908,-0.40389908,0E-8,0.000000,0.955963,0.000000,,2026-08-02,2026-08-03,2,13,8,2,1.000000,,1.000000,3.333333,,,,,,,,GLOBAL_BASELINE_NO_ENTITY_RANKING,,,NOT_APPLICABLE_GLOBAL_BASELINE,HF9g-P5,,,,X 全窗基线 · 不参与实体赏罚,3921826,393,A168_HF9F_20260827_0900,2026-08-27 09:00:00
2026-08-02,153760672,1405,0,5.0955053396,2.5477526698,2.5477526698,1.0000000,2,2,0.49324550000000000,0.493245500000,1.01360149184955,1.01360149184955,1.01360149184955,0E-17,ELIGIBLE,R03b_20260811_FULL_v1,L1_ELIGIBILITY,v2026-08-11,2026-03-21..2026-08-06,baccarat_bet02_101_all_pairs_incl_sentinel,round_win = game_pnl > 0 (decisive only),COMPATIBILITY_ONLY_NOT_PRODUCTION,154.2806,147.4866,-62.3138,28,28,0.40389908,0.40389908,,0.40389908,62.3138,154.2806,THIN_EXPOSURE,0.0000,-2.4926,4.0000,96.0000,AG03-UNRESOLVED,ALL5_LEVELS_bet23_to_bet27,-2.4926,-2.4926,-2.4926,-2.4926,-2.4926,4.000000,4.000000,4.000000,4.000000,4.000000,96.000000,96.000000,96.000000,96.000000,96.000000,5.0,-12.4628,-11.5048,-49.8510,-50.809,PENDING_AG03,FALSE,NOT_FOR_ENFORCEMENT,-59.8212,141.5871,-62.3138,-59.8212,-2.4926,-0.40389908,-0.38774312,-2.4926,-59.8212,-0.38774312,-2.4926,-2.4926,-2.4926,-2.4926,-2.4926,-59.8212,-0.38774312,-12.4628,-11.5048,-49.8510,-50.809,-0.32311927,-0.32932828,-0.01615596,5.5100,5.2674,-2.2255,-31.1569,-4.7934,77.1403,14.0000,5.5100,,1.4154,1.4154,13.0926,14.1542,16.7727,21.2313,1.4154,0.9908,11.850001,15.0,3.892857,8,14,3,2,1.00000000,-0.40389908,-0.40389908,0E-8,0.000000,0.955963,0.000000,,2026-08-02,2026-08-03,2,13,8,2,1.000000,,1.000000,3.333333,,,,,,,,GLOBAL_BASELINE_NO_ENTITY_RANKING,,,NOT_APPLICABLE_GLOBAL_BASELINE,HF9g-P5,,,,X 全窗基线 · 不参与实体赏罚,3921827,393,A168_HF9F_20260827_0900,2026-08-27 09:00:00
2026-08-02,153760672,1490,0,14.1541814991,14.1541814991,14.1541814991,1.0000000,1,1,0.49324550000000000,0.493245500000,1.01360149184955,1.01360149184955,1.01360149184955,0E-17,ELIGIBLE,R03b_20260811_FULL_v1,L1_ELIGIBILITY,v2026-08-11,2026-03-21..2026-08-06,baccarat_bet02_101_all_pairs_incl_sentinel,round_win = game_pnl > 0 (decisive only),COMPATIBILITY_ONLY_NOT_PRODUCTION,154.2806,147.4866,-62.3138,28,28,0.40389908,0.40389908,,0.40389908,62.3138,154.2806,THIN_EXPOSURE,0.0000,-2.4926,4.0000,96.0000,AG03-UNRESOLVED,ALL5_LEVELS_bet23_to_bet27,-2.4926,-2.4926,-2.4926,-2.4926,-2.4926,4.000000,4.000000,4.000000,4.000000,4.000000,96.000000,96.000000,96.000000,96.000000,96.000000,5.0,-12.4628,-11.5048,-49.8510,-50.809,PENDING_AG03,FALSE,NOT_FOR_ENFORCEMENT,-59.8212,141.5871,-62.3138,-59.8212,-2.4926,-0.40389908,-0.38774312,-2.4926,-59.8212,-0.38774312,-2.4926,-2.4926,-2.4926,-2.4926,-2.4926,-59.8212,-0.38774312,-12.4628,-11.5048,-49.8510,-50.809,-0.32311927,-0.32932828,-0.01615596,5.5100,5.2674,-2.2255,-31.1569,-4.7934,77.1403,14.0000,5.5100,,1.4154,1.4154,13.0926,14.1542,16.7727,21.2313,1.4154,0.9908,11.850001,15.0,3.892857,8,14,3,2,1.00000000,-0.40389908,-0.40389908,0E-8,0.000000,0.955963,0.000000,,2026-08-02,2026-08-03,2,13,8,2,1.000000,,1.000000,3.333333,,,,,,,,GLOBAL_BASELINE_NO_ENTITY_RANKING,,,NOT_APPLICABLE_GLOBAL_BASELINE,HF9g-P5,,,,X 全窗基线 · 不参与实体赏罚,3921828,393,A168_HF9F_20260827_0900,2026-08-27 09:00:00
2026-08-02,153760672,1505,0,1.2738763349,1.2738763349,1.2738763349,1.0000000,1,1,0.49324550000000000,0.493245500000,1.01360149184955,1.01360149184955,1.01360149184955,0E-17,ELIGIBLE,R03b_20260811_FULL_v1,L1_ELIGIBILITY,v2026-08-11,2026-03-21..2026-08-06,baccarat_bet02_101_all_pairs_incl_sentinel,round_win = game_pnl > 0 (decisive only),COMPATIBILITY_ONLY_NOT_PRODUCTION,154.2806,147.4866,-62.3138,28,28,0.40389908,0.40389908,,0.40389908,62.3138,154.2806,THIN_EXPOSURE,0.0000,-2.4926,4.0000,96.0000,AG03-UNRESOLVED,ALL5_LEVELS_bet23_to_bet27,-2.4926,-2.4926,-2.4926,-2.4926,-2.4926,4.000000,4.000000,4.000000,4.000000,4.000000,96.000000,96.000000,96.000000,96.000000,96.000000,5.0,-12.4628,-11.5048,-49.8510,-50.809,PENDING_AG03,FALSE,NOT_FOR_ENFORCEMENT,-59.8212,141.5871,-62.3138,-59.8212,-2.4926,-0.40389908,-0.38774312,-2.4926,-59.8212,-0.38774312,-2.4926,-2.4926,-2.4926,-2.4926,-2.4926,-59.8212,-0.38774312,-12.4628,-11.5048,-49.8510,-50.809,-0.32311927,-0.32932828,-0.01615596,5.5100,5.2674,-2.2255,-31.1569,-4.7934,77.1403,14.0000,5.5100,,1.4154,1.4154,13.0926,14.1542,16.7727,21.2313,1.4154,0.9908,11.850001,15.0,3.892857,8,14,3,2,1.00000000,-0.40389908,-0.40389908,0E-8,0.000000,0.955963,0.000000,,2026-08-02,2026-08-03,2,13,8,2,1.000000,,1.000000,3.333333,,,,,,,,GLOBAL_BASELINE_NO_ENTITY_RANKING,,,NOT_APPLICABLE_GLOBAL_BASELINE,HF9g-P5,,,,X 全窗基线 · 不参与实体赏罚,3921829,393,A168_HF9F_20260827_0900,2026-08-27 09:00:00
2026-08-02,153760672,1951,0,8.4925088994,-2.8308362998,-2.8308362998,0.3333333,4,4,0.49324550000000000,0.493245500000,-0.5540025479526107,-0.5540025479526106,-0.5540025479526107,0E-17,ELIGIBLE,R03b_20260811_FULL_v1,L1_ELIGIBILITY,v2026-08-11,2026-03-21..2026-08-06,baccarat_bet02_101_all_pairs_incl_sentinel,round_win = game_pnl > 0 (decisive only),COMPATIBILITY_ONLY_NOT_PRODUCTION,154.2806,147.4866,-62.3138,28,28,0.40389908,0.40389908,,0.40389908,62.3138,154.2806,THIN_EXPOSURE,0.0000,-2.4926,4.0000,96.0000,AG03-UNRESOLVED,ALL5_LEVELS_bet23_to_bet27,-2.4926,-2.4926,-2.4926,-2.4926,-2.4926,4.000000,4.000000,4.000000,4.000000,4.000000,96.000000,96.000000,96.000000,96.000000,96.000000,5.0,-12.4628,-11.5048,-49.8510,-50.809,PENDING_AG03,FALSE,NOT_FOR_ENFORCEMENT,-59.8212,141.5871,-62.3138,-59.8212,-2.4926,-0.40389908,-0.38774312,-2.4926,-59.8212,-0.38774312,-2.4926,-2.4926,-2.4926,-2.4926,-2.4926,-59.8212,-0.38774312,-12.4628,-11.5048,-49.8510,-50.809,-0.32311927,-0.32932828,-0.01615596,5.5100,5.2674,-2.2255,-31.1569,-4.7934,77.1403,14.0000,5.5100,,1.4154,1.4154,13.0926,14.1542,16.7727,21.2313,1.4154,0.9908,11.850001,15.0,3.892857,8,14,3,2,1.00000000,-0.40389908,-0.40389908,0E-8,0.000000,0.955963,0.000000,,2026-08-02,2026-08-03,2,13,8,2,1.000000,,1.000000,3.333333,,,,,,,,GLOBAL_BASELINE_NO_ENTITY_RANKING,,,NOT_APPLICABLE_GLOBAL_BASELINE,HF9g-P5,,,,X 全窗基线 · 不参与实体赏罚,3921830,393,A168_HF9F_20260827_0900,2026-08-27 09:00:00
2026-08-02,153760672,2093,0,28.3083629982,28.2375920907,28.2375920907,1.0000000,3,3,0.49771390000000000,0.497713900000,1.739988277604938,1.739988277604938,1.739988277604938,0E-17,ELIGIBLE,R03b_20260811_FULL_v1,L1_ELIGIBILITY,v2026-08-11,2026-03-21..2026-08-06,baccarat_bet02_101_all_pairs_incl_sentinel,round_win = game_pnl > 0 (decisive only),COMPATIBILITY_ONLY_NOT_PRODUCTION,154.2806,147.4866,-62.3138,28,28,0.40389908,0.40389908,,0.40389908,62.3138,154.2806,THIN_EXPOSURE,0.0000,-2.4926,4.0000,96.0000,AG03-UNRESOLVED,ALL5_LEVELS_bet23_to_bet27,-2.4926,-2.4926,-2.4926,-2.4926,-2.4926,4.000000,4.000000,4.000000,4.000000,4.000000,96.000000,96.000000,96.000000,96.000000,96.000000,5.0,-12.4628,-11.5048,-49.8510,-50.809,PENDING_AG03,FALSE,NOT_FOR_ENFORCEMENT,-59.8212,141.5871,-62.3138,-59.8212,-2.4926,-0.40389908,-0.38774312,-2.4926,-59.8212,-0.38774312,-2.4926,-2.4926,-2.4926,-2.4926,-2.4926,-59.8212,-0.38774312,-12.4628,-11.5048,-49.8510,-50.809,-0.32311927,-0.32932828,-0.01615596,5.5100,5.2674,-2.2255,-31.1569,-4.7934,77.1403,14.0000,5.5100,,1.4154,1.4154,13.0926,14.1542,16.7727,21.2313,1.4154,0.9908,11.850001,15.0,3.892857,8,14,3,2,1.00000000,-0.40389908,-0.40389908,0E-8,0.000000,0.955963,0.000000,,2026-08-02,2026-08-03,2,13,8,2,1.000000,,1.000000,3.333333,,,,,,,,GLOBAL_BASELINE_NO_ENTITY_RANKING,,,NOT_APPLICABLE_GLOBAL_BASELINE,HF9g-P5,,,,X 全窗基线 · 不参与实体赏罚,3921831,393,A168_HF9F_20260827_0900,2026-08-27 09:00:00
2026-08-02,153760672,2288,0,1.4154181499,-1.4154181499,-1.4154181499,0E-7,1,1,0.50665070000000000,0.506650700000,-1.013391052207602,-1.013391052207602,-1.013391052207602,0E-17,ELIGIBLE,R03b_20260811_FULL_v1,L1_ELIGIBILITY,v2026-08-11,2026-03-21..2026-08-06,baccarat_bet02_101_all_pairs_incl_sentinel,round_win = game_pnl > 0 (decisive only),COMPATIBILITY_ONLY_NOT_PRODUCTION,154.2806,147.4866,-62.3138,28,28,0.40389908,0.40389908,,0.40389908,62.3138,154.2806,THIN_EXPOSURE,0.0000,-2.4926,4.0000,96.0000,AG03-UNRESOLVED,ALL5_LEVELS_bet23_to_bet27,-2.4926,-2.4926,-2.4926,-2.4926,-2.4926,4.000000,4.000000,4.000000,4.000000,4.000000,96.000000,96.000000,96.000000,96.000000,96.000000,5.0,-12.4628,-11.5048,-49.8510,-50.809,PENDING_AG03,FALSE,NOT_FOR_ENFORCEMENT,-59.8212,141.5871,-62.3138,-59.8212,-2.4926,-0.40389908,-0.38774312,-2.4926,-59.8212,-0.38774312,-2.4926,-2.4926,-2.4926,-2.4926,-2.4926,-59.8212,-0.38774312,-12.4628,-11.5048,-49.8510,-50.809,-0.32311927,-0.32932828,-0.01615596,5.5100,5.2674,-2.2255,-31.1569,-4.7934,77.1403,14.0000,5.5100,,1.4154,1.4154,13.0926,14.1542,16.7727,21.2313,1.4154,0.9908,11.850001,15.0,3.892857,8,14,3,2,1.00000000,-0.40389908,-0.40389908,0E-8,0.000000,0.955963,0.000000,,2026-08-02,2026-08-03,2,13,8,2,1.000000,,1.000000,3.333333,,,,,,,,GLOBAL_BASELINE_NO_ENTITY_RANKING,,,NOT_APPLICABLE_GLOBAL_BASELINE,HF9g-P5,,,,X 全窗基线 · 不参与实体赏罚,3921832,393,A168_HF9F_20260827_0900,2026-08-27 09:00:00
2026-08-02,153760672,550,0,16.2773087239,15.4634432877,15.4634432877,1.0000000,1,1,0.50665070000000000,0.506650700000,0.9867858985152569,0.9867858985152569,0.9867858985152569,0E-17,ELIGIBLE,R03b_20260811_FULL_v1,L1_ELIGIBILITY,v2026-08-11,2026-03-21..2026-08-06,baccarat_bet02_101_all_pairs_incl_sentinel,round_win = game_pnl > 0 (decisive only),COMPATIBILITY_ONLY_NOT_PRODUCTION,154.2806,147.4866,-62.3138,28,28,0.40389908,0.40389908,,0.40389908,62.3138,154.2806,THIN_EXPOSURE,0.0000,-2.4926,4.0000,96.0000,AG03-UNRESOLVED,ALL5_LEVELS_bet23_to_bet27,-2.4926,-2.4926,-2.4926,-2.4926,-2.4926,4.000000,4.000000,4.000000,4.000000,4.000000,96.000000,96.000000,96.000000,96.000000,96.000000,5.0,-12.4628,-11.5048,-49.8510,-50.809,PENDING_AG03,FALSE,NOT_FOR_ENFORCEMENT,-59.8212,141.5871,-62.3138,-59.8212,-2.4926,-0.40389908,-0.38774312,-2.4926,-59.8212,-0.38774312,-2.4926,-2.4926,-2.4926,-2.4926,-2.4926,-59.8212,-0.38774312,-12.4628,-11.5048,-49.8510,-50.809,-0.32311927,-0.32932828,-0.01615596,5.5100,5.2674,-2.2255,-31.1569,-4.7934,77.1403,14.0000,5.5100,,1.4154,1.4154,13.0926,14.1542,16.7727,21.2313,1.4154,0.9908,11.850001,15.0,3.892857,8,14,3,2,1.00000000,-0.40389908,-0.40389908,0E-8,0.000000,0.955963,0.000000,,2026-08-02,2026-08-03,2,13,8,2,1.000000,,1.000000,3.333333,,,,,,,,GLOBAL_BASELINE_NO_ENTITY_RANKING,,,NOT_APPLICABLE_GLOBAL_BASELINE,HF9g-P5,,,,X 全窗基线 · 不参与实体赏罚,3921833,393,A168_HF9F_20260827_0900,2026-08-27 09:00:00
2026-08-02,153760672,583,0,1.4154181499,1.4154181499,1.4154181499,1.0000000,1,1,0.49324550000000000,0.493245500000,1.01360149184955,1.01360149184955,1.01360149184955,0E-17,ELIGIBLE,R03b_20260811_FULL_v1,L1_ELIGIBILITY,v2026-08-11,2026-03-21..2026-08-06,baccarat_bet02_101_all_pairs_incl_sentinel,round_win = game_pnl > 0 (decisive only),COMPATIBILITY_ONLY_NOT_PRODUCTION,154.2806,147.4866,-62.3138,28,28,0.40389908,0.40389908,,0.40389908,62.3138,154.2806,THIN_EXPOSURE,0.0000,-2.4926,4.0000,96.0000,AG03-UNRESOLVED,ALL5_LEVELS_bet23_to_bet27,-2.4926,-2.4926,-2.4926,-2.4926,-2.4926,4.000000,4.000000,4.000000,4.000000,4.000000,96.000000,96.000000,96.000000,96.000000,96.000000,5.0,-12.4628,-11.5048,-49.8510,-50.809,PENDING_AG03,FALSE,NOT_FOR_ENFORCEMENT,-59.8212,141.5871,-62.3138,-59.8212,-2.4926,-0.40389908,-0.38774312,-2.4926,-59.8212,-0.38774312,-2.4926,-2.4926,-2.4926,-2.4926,-2.4926,-59.8212,-0.38774312,-12.4628,-11.5048,-49.8510,-50.809,-0.32311927,-0.32932828,-0.01615596,5.5100,5.2674,-2.2255,-31.1569,-4.7934,77.1403,14.0000,5.5100,,1.4154,1.4154,13.0926,14.1542,16.7727,21.2313,1.4154,0.9908,11.850001,15.0,3.892857,8,14,3,2,1.00000000,-0.40389908,-0.40389908,0E-8,0.000000,0.955963,0.000000,,2026-08-02,2026-08-03,2,13,8,2,1.000000,,1.000000,3.333333,,,,,,,,GLOBAL_BASELINE_NO_ENTITY_RANKING,,,NOT_APPLICABLE_GLOBAL_BASELINE,HF9g-P5,,,,X 全窗基线 · 不参与实体赏罚,3921834,393,A168_HF9F_20260827_0900,2026-08-27 09:00:00
2026-08-02,153760672,970,0,4.2462544497,1.3446472424,1.3446472424,0.6666667,3,3,0.49771390000000000,0.497713900000,0.5852756695216578,0.5852756695216578,0.5852756695216578,0E-17,ELIGIBLE,R03b_20260811_FULL_v1,L1_ELIGIBILITY,v2026-08-11,2026-03-21..2026-08-06,baccarat_bet02_101_all_pairs_incl_sentinel,round_win = game_pnl > 0 (decisive only),COMPATIBILITY_ONLY_NOT_PRODUCTION,154.2806,147.4866,-62.3138,28,28,0.40389908,0.40389908,,0.40389908,62.3138,154.2806,THIN_EXPOSURE,0.0000,-2.4926,4.0000,96.0000,AG03-UNRESOLVED,ALL5_LEVELS_bet23_to_bet27,-2.4926,-2.4926,-2.4926,-2.4926,-2.4926,4.000000,4.000000,4.000000,4.000000,4.000000,96.000000,96.000000,96.000000,96.000000,96.000000,5.0,-12.4628,-11.5048,-49.8510,-50.809,PENDING_AG03,FALSE,NOT_FOR_ENFORCEMENT,-59.8212,141.5871,-62.3138,-59.8212,-2.4926,-0.40389908,-0.38774312,-2.4926,-59.8212,-0.38774312,-2.4926,-2.4926,-2.4926,-2.4926,-2.4926,-59.8212,-0.38774312,-12.4628,-11.5048,-49.8510,-50.809,-0.32311927,-0.32932828,-0.01615596,5.5100,5.2674,-2.2255,-31.1569,-4.7934,77.1403,14.0000,5.5100,,1.4154,1.4154,13.0926,14.1542,16.7727,21.2313,1.4154,0.9908,11.850001,15.0,3.892857,8,14,3,2,1.00000000,-0.40389908,-0.40389908,0E-8,0.000000,0.955963,0.000000,,2026-08-02,2026-08-03,2,13,8,2,1.000000,,1.000000,3.333333,,,,,,,,GLOBAL_BASELINE_NO_ENTITY_RANKING,,,NOT_APPLICABLE_GLOBAL_BASELINE,HF9g-P5,,,,X 全窗基线 · 不参与实体赏罚,3921835,393,A168_HF9F_20260827_0900,2026-08-27 09:00:00
2026-08-02,153760672,994,0,63.6938167459,6.3693816745,6.3693816745,0.4000000,5,5,0.49860758000000000,0.498607580000,-0.440988213962219,-0.440988213962219,-0.440988213962219,0E-17,ELIGIBLE,R03b_20260811_FULL_v1,L1_ELIGIBILITY,v2026-08-11,2026-03-21..2026-08-06,baccarat_bet02_101_all_pairs_incl_sentinel,round_win = game_pnl > 0 (decisive only),COMPATIBILITY_ONLY_NOT_PRODUCTION,154.2806,147.4866,-62.3138,28,28,0.40389908,0.40389908,,0.40389908,62.3138,154.2806,THIN_EXPOSURE,0.0000,-2.4926,4.0000,96.0000,AG03-UNRESOLVED,ALL5_LEVELS_bet23_to_bet27,-2.4926,-2.4926,-2.4926,-2.4926,-2.4926,4.000000,4.000000,4.000000,4.000000,4.000000,96.000000,96.000000,96.000000,96.000000,96.000000,5.0,-12.4628,-11.5048,-49.8510,-50.809,PENDING_AG03,FALSE,NOT_FOR_ENFORCEMENT,-59.8212,141.5871,-62.3138,-59.8212,-2.4926,-0.40389908,-0.38774312,-2.4926,-59.8212,-0.38774312,-2.4926,-2.4926,-2.4926,-2.4926,-2.4926,-59.8212,-0.38774312,-12.4628,-11.5048,-49.8510,-50.809,-0.32311927,-0.32932828,-0.01615596,5.5100,5.2674,-2.2255,-31.1569,-4.7934,77.1403,14.0000,5.5100,,1.4154,1.4154,13.0926,14.1542,16.7727,21.2313,1.4154,0.9908,11.850001,15.0,3.892857,8,14,3,2,1.00000000,-0.40389908,-0.40389908,0E-8,0.000000,0.955963,0.000000,,2026-08-02,2026-08-03,2,13,8,2,1.000000,,1.000000,3.333333,,,,,,,,GLOBAL_BASELINE_NO_ENTITY_RANKING,,,NOT_APPLICABLE_GLOBAL_BASELINE,HF9g-P5,,,,X 全窗基线 · 不参与实体赏罚,3921836,393,A168_HF9F_20260827_0900,2026-08-27 09:00:00
2026-08-03,153760672,1004,0,2.1231272249,-0.7077090749,-0.7077090749,0.5000000,2,2,0.49324550000000000,0.493245500000,0.01910635448239258,0.01910635448239258,0.01910635448239258,0E-17,ELIGIBLE,R03b_20260811_FULL_v1,L1_ELIGIBILITY,v2026-08-11,2026-03-21..2026-08-06,baccarat_bet02_101_all_pairs_incl_sentinel,round_win = game_pnl > 0 (decisive only),COMPATIBILITY_ONLY_NOT_PRODUCTION,154.2806,147.4866,-62.3138,28,28,0.40389908,0.40389908,,0.40389908,62.3138,154.2806,THIN_EXPOSURE,0.0000,-2.4926,4.0000,96.0000,AG03-UNRESOLVED,ALL5_LEVELS_bet23_to_bet27,-2.4926,-2.4926,-2.4926,-2.4926,-2.4926,4.000000,4.000000,4.000000,4.000000,4.000000,96.000000,96.000000,96.000000,96.000000,96.000000,5.0,-12.4628,-11.5048,-49.8510,-50.809,PENDING_AG03,FALSE,NOT_FOR_ENFORCEMENT,-59.8212,141.5871,-62.3138,-59.8212,-2.4926,-0.40389908,-0.38774312,-2.4926,-59.8212,-0.38774312,-2.4926,-2.4926,-2.4926,-2.4926,-2.4926,-59.8212,-0.38774312,-12.4628,-11.5048,-49.8510,-50.809,-0.32311927,-0.32932828,-0.01615596,5.5100,5.2674,-2.2255,-31.1569,-4.7934,77.1403,14.0000,5.5100,,1.4154,1.4154,13.0926,14.1542,16.7727,21.2313,1.4154,0.9908,11.850001,15.0,3.892857,8,14,3,2,1.00000000,-0.40389908,-0.40389908,0E-8,0.000000,0.955963,0.000000,,2026-08-02,2026-08-03,2,13,8,2,1.000000,,1.000000,3.333333,,,,,,,,GLOBAL_BASELINE_NO_ENTITY_RANKING,,,NOT_APPLICABLE_GLOBAL_BASELINE,HF9g-P5,,,,X 全窗基线 · 不参与实体赏罚,3921837,393,A168_HF9F_20260827_0900,2026-08-27 09:00:00
2026-05-21,67501299,1109,0,7.7837164652,-7.7837164652,-7.7837164652,0E-7,2,2,0.49324550000000000,0.493245500000,-1.3952362676504506,-1.3952362676504506,-1.3952362676504506,0E-17,ELIGIBLE,R03b_20260811_FULL_v1,L1_ELIGIBILITY,v2026-08-11,2026-03-21..2026-08-06,baccarat_bet02_101_all_pairs_incl_sentinel,round_win = game_pnl > 0 (decisive only),COMPATIBILITY_ONLY_NOT_PRODUCTION,245.7567,218.5137,-61.6607,60,60,0.25090155,,0.25090155,0.25090155,61.6607,245.7567,OK,0.0000,-1.8498,3.0000,97.0000,AG03-UNRESOLVED,ALL5_LEVELS_bet23_to_bet27,-1.8498,-1.8498,-1.8498,-2.4664,-3.0830,3.000000,3.000000,3.000000,4.000000,5.000000,97.000000,97.000000,97.000000,96.000000,95.000000,5.0,-11.0989,-10.3369,-50.5618,-51.3238,PENDING_AG03,FALSE,NOT_FOR_ENFORCEMENT,-59.8109,211.9583,-61.6607,-59.8109,-1.8498,-0.25090155,-0.24337450,-1.8498,-59.8109,-0.24337450,-1.8498,-1.8498,-1.8498,-2.4664,-3.0830,-59.8109,-0.24337450,-11.0989,-10.3369,-50.5618,-51.3238,-0.20573927,-0.20883986,-0.00752705,4.0959,3.6419,-1.0277,-15.4152,-10.2768,61.4392,15.0000,,4.0959,2.5946,2.5946,5.1891,8.3708,10.3783,10.3783,2.5946,2.4648,4.0,4.0,1.578659,5,8,5,2,0E-8,-0.25090155,,0E-8,0.000000,0.889146,0.000000,,2026-05-21,2026-07-04,4,6,6,45,0.088889,,,0.000000,,,,,,,,GLOBAL_BASELINE_NO_ENTITY_RANKING,,,NOT_APPLICABLE_GLOBAL_BASELINE,HF9g-P5,,,,X 全窗基线 · 不参与实体赏罚,3921838,393,A168_HF9F_20260827_0900,2026-08-27 09:00:00
2026-05-21,67501299,2196,0,18.1620050855,7.5242592496,7.5242592496,0.6666667,5,5,0.49860758000000000,0.498607580000,0.5821760110496081,0.5821760110496081,0.5821760110496081,0E-17,ELIGIBLE,R03b_20260811_FULL_v1,L1_ELIGIBILITY,v2026-08-11,2026-03-21..2026-08-06,baccarat_bet02_101_all_pairs_incl_sentinel,round_win = game_pnl > 0 (decisive only),COMPATIBILITY_ONLY_NOT_PRODUCTION,245.7567,218.5137,-61.6607,60,60,0.25090155,,0.25090155,0.25090155,61.6607,245.7567,OK,0.0000,-1.8498,3.0000,97.0000,AG03-UNRESOLVED,ALL5_LEVELS_bet23_to_bet27,-1.8498,-1.8498,-1.8498,-2.4664,-3.0830,3.000000,3.000000,3.000000,4.000000,5.000000,97.000000,97.000000,97.000000,96.000000,95.000000,5.0,-11.0989,-10.3369,-50.5618,-51.3238,PENDING_AG03,FALSE,NOT_FOR_ENFORCEMENT,-59.8109,211.9583,-61.6607,-59.8109,-1.8498,-0.25090155,-0.24337450,-1.8498,-59.8109,-0.24337450,-1.8498,-1.8498,-1.8498,-2.4664,-3.0830,-59.8109,-0.24337450,-11.0989,-10.3369,-50.5618,-51.3238,-0.20573927,-0.20883986,-0.00752705,4.0959,3.6419,-1.0277,-15.4152,-10.2768,61.4392,15.0000,,4.0959,2.5946,2.5946,5.1891,8.3708,10.3783,10.3783,2.5946,2.4648,4.0,4.0,1.578659,5,8,5,2,0E-8,-0.25090155,,0E-8,0.000000,0.889146,0.000000,,2026-05-21,2026-07-04,4,6,6,45,0.088889,,,0.000000,,,,,,,,GLOBAL_BASELINE_NO_ENTITY_RANKING,,,NOT_APPLICABLE_GLOBAL_BASELINE,HF9g-P5,,,,X 全窗基线 · 不参与实体赏罚,3921839,393,A168_HF9F_20260827_0900,2026-08-27 09:00:00
2026-05-21,67501299,986,0,54.4860152564,19.5890197705,19.5890197705,0.5454545,12,12,0.50106520000000000,0.501065200000,0.29444627531269363,0.29444627531269363,0.29444627531269363,0E-17,ELIGIBLE,R03b_20260811_FULL_v1,L1_ELIGIBILITY,v2026-08-11,2026-03-21..2026-08-06,baccarat_bet02_101_all_pairs_incl_sentinel,round_win = game_pnl > 0 (decisive only),COMPATIBILITY_ONLY_NOT_PRODUCTION,245.7567,218.5137,-61.6607,60,60,0.25090155,,0.25090155,0.25090155,61.6607,245.7567,OK,0.0000,-1.8498,3.0000,97.0000,AG03-UNRESOLVED,ALL5_LEVELS_bet23_to_bet27,-1.8498,-1.8498,-1.8498,-2.4664,-3.0830,3.000000,3.000000,3.000000,4.000000,5.000000,97.000000,97.000000,97.000000,96.000000,95.000000,5.0,-11.0989,-10.3369,-50.5618,-51.3238,PENDING_AG03,FALSE,NOT_FOR_ENFORCEMENT,-59.8109,211.9583,-61.6607,-59.8109,-1.8498,-0.25090155,-0.24337450,-1.8498,-59.8109,-0.24337450,-1.8498,-1.8498,-1.8498,-2.4664,-3.0830,-59.8109,-0.24337450,-11.0989,-10.3369,-50.5618,-51.3238,-0.20573927,-0.20883986,-0.00752705,4.0959,3.6419,-1.0277,-15.4152,-10.2768,61.4392,15.0000,,4.0959,2.5946,2.5946,5.1891,8.3708,10.3783,10.3783,2.5946,2.4648,4.0,4.0,1.578659,5,8,5,2,0E-8,-0.25090155,,0E-8,0.000000,0.889146,0.000000,,2026-05-21,2026-07-04,4,6,6,45,0.088889,,,0.000000,,,,,,,,GLOBAL_BASELINE_NO_ENTITY_RANKING,,,NOT_APPLICABLE_GLOBAL_BASELINE,HF9g-P5,,,,X 全窗基线 · 不参与实体赏罚,3921840,393,A168_HF9F_20260827_0900,2026-08-27 09:00:00
2026-05-22,67501299,1384,0,51.8914431015,23.9997924344,23.9997924344,0.7500000,14,14,0.49611804285714286,0.496118042857,1.758998811170965,1.7589988111719588,1.758998811170965,1.4286E-13,ELIGIBLE,R03b_20260811_FULL_v1,L1_ELIGIBILITY,v2026-08-11,2026-03-21..2026-08-06,baccarat_bet02_101_all_pairs_incl_sentinel,round_win = game_pnl > 0 (decisive only),COMPATIBILITY_ONLY_NOT_PRODUCTION,245.7567,218.5137,-61.6607,60,60,0.25090155,,0.25090155,0.25090155,61.6607,245.7567,OK,0.0000,-1.8498,3.0000,97.0000,AG03-UNRESOLVED,ALL5_LEVELS_bet23_to_bet27,-1.8498,-1.8498,-1.8498,-2.4664,-3.0830,3.000000,3.000000,3.000000,4.000000,5.000000,97.000000,97.000000,97.000000,96.000000,95.000000,5.0,-11.0989,-10.3369,-50.5618,-51.3238,PENDING_AG03,FALSE,NOT_FOR_ENFORCEMENT,-59.8109,211.9583,-61.6607,-59.8109,-1.8498,-0.25090155,-0.24337450,-1.8498,-59.8109,-0.24337450,-1.8498,-1.8498,-1.8498,-2.4664,-3.0830,-59.8109,-0.24337450,-11.0989,-10.3369,-50.5618,-51.3238,-0.20573927,-0.20883986,-0.00752705,4.0959,3.6419,-1.0277,-15.4152,-10.2768,61.4392,15.0000,,4.0959,2.5946,2.5946,5.1891,8.3708,10.3783,10.3783,2.5946,2.4648,4.0,4.0,1.578659,5,8,5,2,0E-8,-0.25090155,,0E-8,0.000000,0.889146,0.000000,,2026-05-21,2026-07-04,4,6,6,45,0.088889,,,0.000000,,,,,,,,GLOBAL_BASELINE_NO_ENTITY_RANKING,,,NOT_APPLICABLE_GLOBAL_BASELINE,HF9g-P5,,,,X 全窗基线 · 不参与实体赏罚,3921841,393,A168_HF9F_20260827_0900,2026-08-27 09:00:00
2026-05-22,67501299,1966,0,15.5674329306,4.9296870946,4.9296870946,0.7500000,6,6,0.49994810000000000,0.499948100000,1.0002076053883384,1.0002076053883384,1.0002076053883384,0E-17,ELIGIBLE,R03b_20260811_FULL_v1,L1_ELIGIBILITY,v2026-08-11,2026-03-21..2026-08-06,baccarat_bet02_101_all_pairs_incl_sentinel,round_win = game_pnl > 0 (decisive only),COMPATIBILITY_ONLY_NOT_PRODUCTION,245.7567,218.5137,-61.6607,60,60,0.25090155,,0.25090155,0.25090155,61.6607,245.7567,OK,0.0000,-1.8498,3.0000,97.0000,AG03-UNRESOLVED,ALL5_LEVELS_bet23_to_bet27,-1.8498,-1.8498,-1.8498,-2.4664,-3.0830,3.000000,3.000000,3.000000,4.000000,5.000000,97.000000,97.000000,97.000000,96.000000,95.000000,5.0,-11.0989,-10.3369,-50.5618,-51.3238,PENDING_AG03,FALSE,NOT_FOR_ENFORCEMENT,-59.8109,211.9583,-61.6607,-59.8109,-1.8498,-0.25090155,-0.24337450,-1.8498,-59.8109,-0.24337450,-1.8498,-1.8498,-1.8498,-2.4664,-3.0830,-59.8109,-0.24337450,-11.0989,-10.3369,-50.5618,-51.3238,-0.20573927,-0.20883986,-0.00752705,4.0959,3.6419,-1.0277,-15.4152,-10.2768,61.4392,15.0000,,4.0959,2.5946,2.5946,5.1891,8.3708,10.3783,10.3783,2.5946,2.4648,4.0,4.0,1.578659,5,8,5,2,0E-8,-0.25090155,,0E-8,0.000000,0.889146,0.000000,,2026-05-21,2026-07-04,4,6,6,45,0.088889,,,0.000000,,,,,,,,GLOBAL_BASELINE_NO_ENTITY_RANKING,,,NOT_APPLICABLE_GLOBAL_BASELINE,HF9g-P5,,,,X 全窗基线 · 不参与实体赏罚,3921842,393,A168_HF9F_20260827_0900,2026-08-27 09:00:00
2026-05-22,67501299,2220,0,70.0534481868,19.3295625550,19.3295625550,0.5714286,16,16,0.49994810000000000,0.499948100000,0.5349108707432784,0.5349108707432784,0.5349108707432784,0E-17,ELIGIBLE,R03b_20260811_FULL_v1,L1_ELIGIBILITY,v2026-08-11,2026-03-21..2026-08-06,baccarat_bet02_101_all_pairs_incl_sentinel,round_win = game_pnl > 0 (decisive only),COMPATIBILITY_ONLY_NOT_PRODUCTION,245.7567,218.5137,-61.6607,60,60,0.25090155,,0.25090155,0.25090155,61.6607,245.7567,OK,0.0000,-1.8498,3.0000,97.0000,AG03-UNRESOLVED,ALL5_LEVELS_bet23_to_bet27,-1.8498,-1.8498,-1.8498,-2.4664,-3.0830,3.000000,3.000000,3.000000,4.000000,5.000000,97.000000,97.000000,97.000000,96.000000,95.000000,5.0,-11.0989,-10.3369,-50.5618,-51.3238,PENDING_AG03,FALSE,NOT_FOR_ENFORCEMENT,-59.8109,211.9583,-61.6607,-59.8109,-1.8498,-0.25090155,-0.24337450,-1.8498,-59.8109,-0.24337450,-1.8498,-1.8498,-1.8498,-2.4664,-3.0830,-59.8109,-0.24337450,-11.0989,-10.3369,-50.5618,-51.3238,-0.20573927,-0.20883986,-0.00752705,4.0959,3.6419,-1.0277,-15.4152,-10.2768,61.4392,15.0000,,4.0959,2.5946,2.5946,5.1891,8.3708,10.3783,10.3783,2.5946,2.4648,4.0,4.0,1.578659,5,8,5,2,0E-8,-0.25090155,,0E-8,0.000000,0.889146,0.000000,,2026-05-21,2026-07-04,4,6,6,45,0.088889,,,0.000000,,,,,,,,GLOBAL_BASELINE_NO_ENTITY_RANKING,,,NOT_APPLICABLE_GLOBAL_BASELINE,HF9g-P5,,,,X 全窗基线 · 不参与实体赏罚,3921843,393,A168_HF9F_20260827_0900,2026-08-27 09:00:00
2026-06-30,67501299,2088,0,17.7437189807,-2.5715534754,-2.5715534754,0.6666667,3,3,0.49771390000000000,0.497713900000,0.5852756695216578,0.5852756695216578,0.5852756695216578,0E-17,ELIGIBLE,R03b_20260811_FULL_v1,L1_ELIGIBILITY,v2026-08-11,2026-03-21..2026-08-06,baccarat_bet02_101_all_pairs_incl_sentinel,round_win = game_pnl > 0 (decisive only),COMPATIBILITY_ONLY_NOT_PRODUCTION,245.7567,218.5137,-61.6607,60,60,0.25090155,,0.25090155,0.25090155,61.6607,245.7567,OK,0.0000,-1.8498,3.0000,97.0000,AG03-UNRESOLVED,ALL5_LEVELS_bet23_to_bet27,-1.8498,-1.8498,-1.8498,-2.4664,-3.0830,3.000000,3.000000,3.000000,4.000000,5.000000,97.000000,97.000000,97.000000,96.000000,95.000000,5.0,-11.0989,-10.3369,-50.5618,-51.3238,PENDING_AG03,FALSE,NOT_FOR_ENFORCEMENT,-59.8109,211.9583,-61.6607,-59.8109,-1.8498,-0.25090155,-0.24337450,-1.8498,-59.8109,-0.24337450,-1.8498,-1.8498,-1.8498,-2.4664,-3.0830,-59.8109,-0.24337450,-11.0989,-10.3369,-50.5618,-51.3238,-0.20573927,-0.20883986,-0.00752705,4.0959,3.6419,-1.0277,-15.4152,-10.2768,61.4392,15.0000,,4.0959,2.5946,2.5946,5.1891,8.3708,10.3783,10.3783,2.5946,2.4648,4.0,4.0,1.578659,5,8,5,2,0E-8,-0.25090155,,0E-8,0.000000,0.889146,0.000000,,2026-05-21,2026-07-04,4,6,6,45,0.088889,,,0.000000,,,,,,,,GLOBAL_BASELINE_NO_ENTITY_RANKING,,,NOT_APPLICABLE_GLOBAL_BASELINE,HF9g-P5,,,,X 全窗基线 · 不参与实体赏罚,3921844,393,A168_HF9F_20260827_0900,2026-08-27 09:00:00
2026-07-04,67501299,1994,0,10.0689334676,-3.3563111558,-3.3563111558,0.5000000,2,2,0.49994810000000000,0.499948100000,0.00014679536856514622,0.00014679536856514622,0.00014679536856514622,0E-17,ELIGIBLE,R03b_20260811_FULL_v1,L1_ELIGIBILITY,v2026-08-11,2026-03-21..2026-08-06,baccarat_bet02_101_all_pairs_incl_sentinel,round_win = game_pnl > 0 (decisive only),COMPATIBILITY_ONLY_NOT_PRODUCTION,245.7567,218.5137,-61.6607,60,60,0.25090155,,0.25090155,0.25090155,61.6607,245.7567,OK,0.0000,-1.8498,3.0000,97.0000,AG03-UNRESOLVED,ALL5_LEVELS_bet23_to_bet27,-1.8498,-1.8498,-1.8498,-2.4664,-3.0830,3.000000,3.000000,3.000000,4.000000,5.000000,97.000000,97.000000,97.000000,96.000000,95.000000,5.0,-11.0989,-10.3369,-50.5618,-51.3238,PENDING_AG03,FALSE,NOT_FOR_ENFORCEMENT,-59.8109,211.9583,-61.6607,-59.8109,-1.8498,-0.25090155,-0.24337450,-1.8498,-59.8109,-0.24337450,-1.8498,-1.8498,-1.8498,-2.4664,-3.0830,-59.8109,-0.24337450,-11.0989,-10.3369,-50.5618,-51.3238,-0.20573927,-0.20883986,-0.00752705,4.0959,3.6419,-1.0277,-15.4152,-10.2768,61.4392,15.0000,,4.0959,2.5946,2.5946,5.1891,8.3708,10.3783,10.3783,2.5946,2.4648,4.0,4.0,1.578659,5,8,5,2,0E-8,-0.25090155,,0E-8,0.000000,0.889146,0.000000,,2026-05-21,2026-07-04,4,6,6,45,0.088889,,,0.000000,,,,,,,,GLOBAL_BASELINE_NO_ENTITY_RANKING,,,NOT_APPLICABLE_GLOBAL_BASELINE,HF9g-P5,,,,X 全窗基线 · 不参与实体赏罚,3921845,393,A168_HF9F_20260827_0900,2026-08-27 09:00:00
2026-07-04,152556662,1963,0,40.0000000000,-1.0000000000,-1.0000000000,0.5000000,2,2,0.49994810000000000,0.499948100000,0.00014679536856514622,0.00014679536856514622,0.00014679536856514622,0E-17,ELIGIBLE,R03b_20260811_FULL_v1,L1_ELIGIBILITY,v2026-08-11,2026-03-21..2026-08-06,baccarat_bet02_101_all_pairs_incl_sentinel,round_win = game_pnl > 0 (decisive only),COMPATIBILITY_ONLY_NOT_PRODUCTION,491.0000,431.0000,-62.3000,14,14,0.12688391,,0.12688391,0.12688391,62.3000,491.0000,THIN_EXPOSURE,0.0000,-2.4920,4.0000,96.0000,AG03-UNRESOLVED,ALL5_LEVELS_bet23_to_bet27,-2.4920,-2.4920,-2.4920,-2.4920,-2.4920,4.000000,4.000000,4.000000,4.000000,4.000000,96.000000,96.000000,96.000000,96.000000,96.000000,5.0,-12.4600,-11.5023,-49.8400,-50.7977,PENDING_AG03,FALSE,NOT_FOR_ENFORCEMENT,-59.8080,413.7600,-62.3000,-59.8080,-2.4920,-0.12688391,-0.12180855,-2.4920,-59.8080,-0.12180855,-2.4920,-2.4920,-2.4920,-2.4920,-2.4920,-59.8080,-0.12180855,-12.4600,-11.5023,-49.8400,-50.7977,-0.10150713,-0.10345768,-0.00507536,35.0714,30.7857,-4.4500,-62.3000,-31.1500,491.0000,14.0000,,35.0714,20.0,20.0,50.0,74.4,105.2,114.0,20.0,0.0,5.26,5.7,1.753571,2,2,1,2,0E-8,-0.12688391,,0E-8,0.000000,0.877800,0.000000,,2026-07-04,2026-07-04,1,2,2,1,1.000000,,,0.000000,,,,,,,,GLOBAL_BASELINE_NO_ENTITY_RANKING,,,NOT_APPLICABLE_GLOBAL_BASELINE,HF9g-P5,,,,X 全窗基线 · 不参与实体赏罚,3921846,393,A168_HF9F_20260827_0900,2026-08-27 09:00:00
2026-07-04,152556662,2242,0,451.0000000000,63.3000000000,63.3000000000,0.5555556,12,12,0.50218230000000000,0.502182300000,0.3202425836157423,0.3202425836157423,0.3202425836157423,0E-17,ELIGIBLE,R03b_20260811_FULL_v1,L1_ELIGIBILITY,v2026-08-11,2026-03-21..2026-08-06,baccarat_bet02_101_all_pairs_incl_sentinel,round_win = game_pnl > 0 (decisive only),COMPATIBILITY_ONLY_NOT_PRODUCTION,491.0000,431.0000,-62.3000,14,14,0.12688391,,0.12688391,0.12688391,62.3000,491.0000,THIN_EXPOSURE,0.0000,-2.4920,4.0000,96.0000,AG03-UNRESOLVED,ALL5_LEVELS_bet23_to_bet27,-2.4920,-2.4920,-2.4920,-2.4920,-2.4920,4.000000,4.000000,4.000000,4.000000,4.000000,96.000000,96.000000,96.000000,96.000000,96.000000,5.0,-12.4600,-11.5023,-49.8400,-50.7977,PENDING_AG03,FALSE,NOT_FOR_ENFORCEMENT,-59.8080,413.7600,-62.3000,-59.8080,-2.4920,-0.12688391,-0.12180855,-2.4920,-59.8080,-0.12180855,-2.4920,-2.4920,-2.4920,-2.4920,-2.4920,-59.8080,-0.12180855,-12.4600,-11.5023,-49.8400,-50.7977,-0.10150713,-0.10345768,-0.00507536,35.0714,30.7857,-4.4500,-62.3000,-31.1500,491.0000,14.0000,,35.0714,20.0,20.0,50.0,74.4,105.2,114.0,20.0,0.0,5.26,5.7,1.753571,2,2,1,2,0E-8,-0.12688391,,0E-8,0.000000,0.877800,0.000000,,2026-07-04,2026-07-04,1,2,2,1,1.000000,,,0.000000,,,,,,,,GLOBAL_BASELINE_NO_ENTITY_RANKING,,,NOT_APPLICABLE_GLOBAL_BASELINE,HF9g-P5,,,,X 全窗基线 · 不参与实体赏罚,3921847,393,A168_HF9F_20260827_0900,2026-08-27 09:00:00
2026-04-09,145681230,2242,0,62.2987723477,62.2987723477,62.2987723477,1.0000000,1,1,0.49324550000000000,0.493245500000,1.01360149184955,1.01360149184955,1.01360149184955,0E-17,ELIGIBLE,R03b_20260811_FULL_v1,L1_ELIGIBILITY,v2026-08-11,2026-03-21..2026-08-06,baccarat_bet02_101_all_pairs_incl_sentinel,round_win = game_pnl > 0 (decisive only),COMPATIBILITY_ONLY_NOT_PRODUCTION,62.2988,62.2988,-62.2988,1,1,1.00000000,,1.00000000,1.00000000,62.2988,62.2988,THIN_EXPOSURE,0.0000,-2.4920,4.0000,96.0000,AG03-UNRESOLVED,ALL5_LEVELS_bet23_to_bet27,-2.4920,-2.4920,-3.1149,-3.1149,-3.1149,4.000000,4.000000,5.000000,5.000000,5.000000,96.000000,96.000000,95.000000,95.000000,95.000000,5.0,-14.3287,-13.073,-47.9701,-49.2258,PENDING_AG03,FALSE,NOT_FOR_ENFORCEMENT,-59.8068,59.8068,-62.2988,-59.8068,-2.4920,-1.00000000,-0.96000000,-2.4920,-59.8068,-0.96000000,-2.4920,-2.4920,-3.1149,-3.1149,-3.1149,-59.8068,-0.96000000,-14.3287,-13.073,-47.9701,-49.2258,-0.77000000,-0.7901568,-0.04000000,62.2988,62.2988,-62.2988,-62.2988,-62.2988,62.2988,1.0000,,62.2988,62.2988,62.2988,62.2988,62.2988,62.2988,62.2988,62.2988,62.2988,1.0,1.0,1.0,1,1,1,1,0E-8,-1.00000000,,0E-8,0.000000,1.000000,0.000000,,2026-04-09,2026-04-09,1,1,1,1,1.000000,,,0.000000,,,,,,,,GLOBAL_BASELINE_NO_ENTITY_RANKING,,,NOT_APPLICABLE_GLOBAL_BASELINE,HF9g-P5,,,,X 全窗基线 · 不参与实体赏罚,3921848,393,A168_HF9F_20260827_0900,2026-08-27 09:00:00
2026-04-27,149231254,-1,1,62.2987723477,62.2987723477,62.2987723477,1.0000000,3,3,0.49324550000000000,0.493245500000,1.755609282511032,1.7556092825110319,1.755609282511032,0E-17,SENTINEL_DEALER,R03b_20260811_FULL_v1,L1_ELIGIBILITY,v2026-08-11,2026-03-21..2026-08-06,baccarat_bet02_101_all_pairs_incl_sentinel,round_win = game_pnl > 0 (decisive only),COMPATIBILITY_ONLY_NOT_PRODUCTION,62.2988,62.2988,-62.2988,3,3,1.00000000,,1.00000000,1.00000000,62.2988,62.2988,THIN_EXPOSURE,0.0000,-2.4920,4.0000,96.0000,AG03-UNRESOLVED,ALL5_LEVELS_bet23_to_bet27,-2.4920,-3.1149,-3.1149,-3.1149,-3.1149,4.000000,5.000000,5.000000,5.000000,5.000000,96.000000,95.000000,95.000000,95.000000,95.000000,5.0,-14.9517,-13.5857,-47.3471,-48.713,PENDING_AG03,FALSE,NOT_FOR_ENFORCEMENT,-59.8068,59.8068,-62.2988,-59.8068,-2.4920,-1.00000000,-0.96000000,-2.4920,-59.8068,-0.96000000,-2.4920,-3.1149,-3.1149,-3.1149,-3.1149,-59.8068,-0.96000000,-14.9517,-13.5857,-47.3471,-48.713,-0.76000000,-0.781926,-0.04000000,20.7663,20.7663,-20.7663,-62.2988,-62.2988,62.2988,3.0000,,20.7663,11.1248,17.7997,31.1494,35.5993,35.5993,35.5993,17.7997,17.7997,2.0,2.0,1.166667,1,1,1,1,0E-8,-1.00000000,,0E-8,0.000000,1.000000,0.000000,,2026-04-27,2026-04-27,1,1,1,1,1.000000,,,0.000000,,,,,,,,GLOBAL_BASELINE_NO_ENTITY_RANKING,,,NOT_APPLICABLE_GLOBAL_BASELINE,HF9g-P5,,,,X 全窗基线 · 不参与实体赏罚,3921849,393,A168_HF9F_20260827_0900,2026-08-27 09:00:00
2026-04-14,148667307,1296,0,62.8222914431,62.2987723477,62.2987723477,1.0000000,2,2,0.49994810000000000,0.499948100000,1.4143603653603398,1.4143603653603398,1.4143603653603398,0E-17,ELIGIBLE,R03b_20260811_FULL_v1,L1_ELIGIBILITY,v2026-08-11,2026-03-21..2026-08-06,baccarat_bet02_101_all_pairs_incl_sentinel,round_win = game_pnl > 0 (decisive only),COMPATIBILITY_ONLY_NOT_PRODUCTION,62.8223,62.8223,-62.2988,2,2,0.99166667,,0.99166667,0.99166667,62.2988,62.8223,THIN_EXPOSURE,0.0000,-2.4920,4.0000,96.0000,AG03-UNRESOLVED,ALL5_LEVELS_bet23_to_bet27,-2.4920,-2.4920,-3.1149,-3.1149,-3.1149,4.000000,4.000000,5.000000,5.000000,5.000000,96.000000,96.000000,95.000000,95.000000,95.000000,5.0,-14.3287,-13.073,-47.9701,-49.2258,PENDING_AG03,FALSE,NOT_FOR_ENFORCEMENT,-59.8068,60.3094,-62.2988,-59.8068,-2.4920,-0.99166667,-0.95200000,-2.4920,-59.8068,-0.95200000,-2.4920,-2.4920,-3.1149,-3.1149,-3.1149,-59.8068,-0.95200000,-14.3287,-13.073,-47.9701,-49.2258,-0.76358333,-0.78357216,-0.03966667,31.4111,31.4111,-31.1494,-62.2988,-62.2988,62.8223,2.0000,,31.4111,10.4704,31.4111,52.3519,52.3519,52.3519,52.3519,31.4111,31.1494,1.666667,1.666667,1.0,1,1,1,2,0E-8,-0.99166667,,0E-8,0.000000,1.000000,0.000000,,2026-04-14,2026-04-14,1,1,1,1,1.000000,,,0.000000,,,,,,,,GLOBAL_BASELINE_NO_ENTITY_RANKING,,,NOT_APPLICABLE_GLOBAL_BASELINE,HF9g-P5,,,,X 全窗基线 · 不参与实体赏罚,3921850,393,A168_HF9F_20260827_0900,2026-08-27 09:00:00
2026-04-20,148929891,-1,1,96.8510326416,66.7486846584,66.7486846584,0.8333333,7,7,0.49707555714285714,0.497075557143,1.647348125108566,1.6473481251078634,1.647348125108566,-1.4286E-13,SENTINEL_DEALER,R03b_20260811_FULL_v1,L1_ELIGIBILITY,v2026-08-11,2026-03-21..2026-08-06,baccarat_bet02_101_all_pairs_incl_sentinel,round_win = game_pnl > 0 (decisive only),COMPATIBILITY_ONLY_NOT_PRODUCTION,110.2008,97.1128,-62.2988,9,9,0.56532067,,0.56532067,0.56532067,62.2988,110.2008,THIN_EXPOSURE,0.0000,-2.4920,4.0000,96.0000,AG03-UNRESOLVED,ALL5_LEVELS_bet23_to_bet27,-2.4920,-2.4920,-2.4920,-3.1149,-3.1149,4.000000,4.000000,4.000000,5.000000,5.000000,96.000000,96.000000,96.000000,95.000000,95.000000,5.0,-13.7057,-12.5548,-48.5930,-49.744,PENDING_AG03,FALSE,NOT_FOR_ENFORCEMENT,-59.8068,93.2283,-62.2988,-59.8068,-2.4920,-0.56532067,-0.54270784,-2.4920,-59.8068,-0.54270784,-2.4920,-2.4920,-2.4920,-3.1149,-3.1149,-59.8068,-0.54270784,-13.7057,-12.5548,-48.5930,-49.744,-0.44095012,-0.45139399,-0.02261283,12.2445,10.7903,-6.9221,-31.1494,-20.7663,55.1004,4.5000,,12.2445,8.6381,13.088,13.088,20.9408,26.176,26.176,10.4704,10.4704,2.0,2.0,0.935556,3,2,1,2,0E-8,-0.56532067,,0E-8,0.000000,0.881235,0.000000,,2026-04-20,2026-04-21,2,3,3,2,1.000000,,,0.000000,,,,,,,,GLOBAL_BASELINE_NO_ENTITY_RANKING,,,NOT_APPLICABLE_GLOBAL_BASELINE,HF9g-P5,,,,X 全窗基线 · 不参与实体赏罚,3921851,393,A168_HF9F_20260827_0900,2026-08-27 09:00:00
2026-04-21,148929891,1157,0,13.3497369317,-4.4499123105,-4.4499123105,0.5000000,2,2,0.49994810000000000,0.499948100000,0.00014679536856514622,0.00014679536856514622,0.00014679536856514622,0E-17,ELIGIBLE,R03b_20260811_FULL_v1,L1_ELIGIBILITY,v2026-08-11,2026-03-21..2026-08-06,baccarat_bet02_101_all_pairs_incl_sentinel,round_win = game_pnl > 0 (decisive only),COMPATIBILITY_ONLY_NOT_PRODUCTION,110.2008,97.1128,-62.2988,9,9,0.56532067,,0.56532067,0.56532067,62.2988,110.2008,THIN_EXPOSURE,0.0000,-2.4920,4.0000,96.0000,AG03-UNRESOLVED,ALL5_LEVELS_bet23_to_bet27,-2.4920,-2.4920,-2.4920,-3.1149,-3.1149,4.000000,4.000000,4.000000,5.000000,5.000000,96.000000,96.000000,96.000000,95.000000,95.000000,5.0,-13.7057,-12.5548,-48.5930,-49.744,PENDING_AG03,FALSE,NOT_FOR_ENFORCEMENT,-59.8068,93.2283,-62.2988,-59.8068,-2.4920,-0.56532067,-0.54270784,-2.4920,-59.8068,-0.54270784,-2.4920,-2.4920,-2.4920,-3.1149,-3.1149,-59.8068,-0.54270784,-13.7057,-12.5548,-48.5930,-49.744,-0.44095012,-0.45139399,-0.02261283,12.2445,10.7903,-6.9221,-31.1494,-20.7663,55.1004,4.5000,,12.2445,8.6381,13.088,13.088,20.9408,26.176,26.176,10.4704,10.4704,2.0,2.0,0.935556,3,2,1,2,0E-8,-0.56532067,,0E-8,0.000000,0.881235,0.000000,,2026-04-20,2026-04-21,2,3,3,2,1.000000,,,0.000000,,,,,,,,GLOBAL_BASELINE_NO_ENTITY_RANKING,,,NOT_APPLICABLE_GLOBAL_BASELINE,HF9g-P5,,,,X 全窗基线 · 不参与实体赏罚,3921852,393,A168_HF9F_20260827_0900,2026-08-27 09:00:00
2026-04-12,144928111,1331,0,10.4703819072,9.9468628118,9.9468628118,1.0000000,1,1,0.50665070000000000,0.506650700000,0.9867858985152569,0.9867858985152569,0.9867858985152569,0E-17,ELIGIBLE,R03b_20260811_FULL_v1,L1_ELIGIBILITY,v2026-08-11,2026-03-21..2026-08-06,baccarat_bet02_101_all_pairs_incl_sentinel,round_win = game_pnl > 0 (decisive only),COMPATIBILITY_ONLY_NOT_PRODUCTION,376.9337,376.9337,-62.2988,3,3,0.16527778,,0.16527778,0.16527778,62.2988,376.9337,THIN_EXPOSURE,0.0000,-2.4920,4.0000,96.0000,AG03-UNRESOLVED,ALL5_LEVELS_bet23_to_bet27,-2.4920,-2.4920,-3.1149,-3.1149,-3.1149,4.000000,4.000000,5.000000,5.000000,5.000000,96.000000,96.000000,95.000000,95.000000,95.000000,5.0,-14.3287,-13.073,-47.9701,-49.2258,PENDING_AG03,FALSE,NOT_FOR_ENFORCEMENT,-59.8068,361.8564,-62.2988,-59.8068,-2.4920,-0.16527778,-0.15866667,-2.4920,-59.8068,-0.15866667,-2.4920,-2.4920,-3.1149,-3.1149,-3.1149,-59.8068,-0.15866667,-14.3287,-13.073,-47.9701,-49.2258,-0.12726389,-0.13059536,-0.00661111,125.6446,125.6446,-20.7663,-31.1494,-20.7663,188.4669,1.5000,,125.6446,47.1167,157.0557,196.3197,209.4076,209.4076,209.4076,157.0557,9.9469,1.333333,1.333333,0.8,3,3,2,2,0E-8,-0.16527778,,0E-8,0.000000,1.000000,0.000000,,2026-04-12,2026-04-25,2,3,3,14,0.142857,,,0.000000,,,,,,,,GLOBAL_BASELINE_NO_ENTITY_RANKING,,,NOT_APPLICABLE_GLOBAL_BASELINE,HF9g-P5,,,,X 全窗基线 · 不参与实体赏罚,3921853,393,A168_HF9F_20260827_0900,2026-08-27 09:00:00
2026-04-12,144928111,2155,0,157.0557286077,-157.0557286077,-157.0557286077,0E-7,1,1,0.50665070000000000,0.506650700000,-1.013391052207602,-1.013391052207602,-1.013391052207602,0E-17,ELIGIBLE,R03b_20260811_FULL_v1,L1_ELIGIBILITY,v2026-08-11,2026-03-21..2026-08-06,baccarat_bet02_101_all_pairs_incl_sentinel,round_win = game_pnl > 0 (decisive only),COMPATIBILITY_ONLY_NOT_PRODUCTION,376.9337,376.9337,-62.2988,3,3,0.16527778,,0.16527778,0.16527778,62.2988,376.9337,THIN_EXPOSURE,0.0000,-2.4920,4.0000,96.0000,AG03-UNRESOLVED,ALL5_LEVELS_bet23_to_bet27,-2.4920,-2.4920,-3.1149,-3.1149,-3.1149,4.000000,4.000000,5.000000,5.000000,5.000000,96.000000,96.000000,95.000000,95.000000,95.000000,5.0,-14.3287,-13.073,-47.9701,-49.2258,PENDING_AG03,FALSE,NOT_FOR_ENFORCEMENT,-59.8068,361.8564,-62.2988,-59.8068,-2.4920,-0.16527778,-0.15866667,-2.4920,-59.8068,-0.15866667,-2.4920,-2.4920,-3.1149,-3.1149,-3.1149,-59.8068,-0.15866667,-14.3287,-13.073,-47.9701,-49.2258,-0.12726389,-0.13059536,-0.00661111,125.6446,125.6446,-20.7663,-31.1494,-20.7663,188.4669,1.5000,,125.6446,47.1167,157.0557,196.3197,209.4076,209.4076,209.4076,157.0557,9.9469,1.333333,1.333333,0.8,3,3,2,2,0E-8,-0.16527778,,0E-8,0.000000,1.000000,0.000000,,2026-04-12,2026-04-25,2,3,3,14,0.142857,,,0.000000,,,,,,,,GLOBAL_BASELINE_NO_ENTITY_RANKING,,,NOT_APPLICABLE_GLOBAL_BASELINE,HF9g-P5,,,,X 全窗基线 · 不参与实体赏罚,3921854,393,A168_HF9F_20260827_0900,2026-08-27 09:00:00
2026-04-25,144928111,1210,0,209.4076381436,209.4076381436,209.4076381436,1.0000000,1,1,0.49324550000000000,0.493245500000,1.01360149184955,1.01360149184955,1.01360149184955,0E-17,ELIGIBLE,R03b_20260811_FULL_v1,L1_ELIGIBILITY,v2026-08-11,2026-03-21..2026-08-06,baccarat_bet02_101_all_pairs_incl_sentinel,round_win = game_pnl > 0 (decisive only),COMPATIBILITY_ONLY_NOT_PRODUCTION,376.9337,376.9337,-62.2988,3,3,0.16527778,,0.16527778,0.16527778,62.2988,376.9337,THIN_EXPOSURE,0.0000,-2.4920,4.0000,96.0000,AG03-UNRESOLVED,ALL5_LEVELS_bet23_to_bet27,-2.4920,-2.4920,-3.1149,-3.1149,-3.1149,4.000000,4.000000,5.000000,5.000000,5.000000,96.000000,96.000000,95.000000,95.000000,95.000000,5.0,-14.3287,-13.073,-47.9701,-49.2258,PENDING_AG03,FALSE,NOT_FOR_ENFORCEMENT,-59.8068,361.8564,-62.2988,-59.8068,-2.4920,-0.16527778,-0.15866667,-2.4920,-59.8068,-0.15866667,-2.4920,-2.4920,-3.1149,-3.1149,-3.1149,-59.8068,-0.15866667,-14.3287,-13.073,-47.9701,-49.2258,-0.12726389,-0.13059536,-0.00661111,125.6446,125.6446,-20.7663,-31.1494,-20.7663,188.4669,1.5000,,125.6446,47.1167,157.0557,196.3197,209.4076,209.4076,209.4076,157.0557,9.9469,1.333333,1.333333,0.8,3,3,2,2,0E-8,-0.16527778,,0E-8,0.000000,1.000000,0.000000,,2026-04-12,2026-04-25,2,3,3,14,0.142857,,,0.000000,,,,,,,,GLOBAL_BASELINE_NO_ENTITY_RANKING,,,NOT_APPLICABLE_GLOBAL_BASELINE,HF9g-P5,,,,X 全窗基线 · 不参与实体赏罚,3921855,393,A168_HF9F_20260827_0900,2026-08-27 09:00:00
2026-04-05,148260825,-1,1,21.0823688150,-21.0823688150,-21.0823688150,0E-7,1,1,0.50665070000000000,0.506650700000,-1.013391052207602,-1.013391052207602,-1.013391052207602,0E-17,SENTINEL_DEALER,R03b_20260811_FULL_v1,L1_ELIGIBILITY,v2026-08-11,2026-03-21..2026-08-06,baccarat_bet02_101_all_pairs_incl_sentinel,round_win = game_pnl > 0 (decisive only),COMPATIBILITY_ONLY_NOT_PRODUCTION,309.9108,299.3696,-62.2984,31,19,0.20102041,,0.20102041,0.20102041,62.2984,309.9108,OK,0.0000,-2.4919,4.0000,96.0000,AG03-UNRESOLVED,ALL5_LEVELS_bet23_to_bet27,-2.4919,-2.4919,-2.4919,-2.4919,-2.4919,4.000000,4.000000,4.000000,4.000000,4.000000,96.000000,96.000000,96.000000,96.000000,96.000000,5.0,-12.4597,-11.502,-49.8387,-50.7964,PENDING_AG03,FALSE,NOT_FOR_ENFORCEMENT,-59.8065,287.3949,-62.2984,-59.8065,-2.4919,-0.20102041,-0.19297959,-2.4919,-59.8065,-0.19297959,-2.4919,-2.4919,-2.4919,-2.4919,-2.4919,-59.8065,-0.19297959,-12.4597,-11.502,-49.8387,-50.7964,-0.16081633,-0.16390655,-0.00804082,9.9971,15.7563,-3.2789,-62.2984,-31.1492,309.9108,19.0000,,9.9971,4.7435,10.5412,10.5412,21.0824,21.0824,21.0824,10.5412,-10.5412,2.0,2.0,0.948387,2,3,1,8,0E-8,-0.20102041,,0E-8,0.000000,0.965986,0.000000,,2026-04-05,2026-04-05,1,2,2,1,1.000000,,,0.000000,,,,,,,,GLOBAL_BASELINE_NO_ENTITY_RANKING,,,NOT_APPLICABLE_GLOBAL_BASELINE,HF9g-P5,,,,X 全窗基线 · 不参与实体赏罚,3921856,393,A168_HF9F_20260827_0900,2026-08-27 09:00:00
2026-04-05,148260825,1306,0,65.3553433265,-29.9369637173,-29.9369637173,0.4444444,10,10,0.50396966000000000,0.503969660000,-0.35716254998887953,-0.35716254998887953,-0.35716254998887953,0E-17,ELIGIBLE,R03b_20260811_FULL_v1,L1_ELIGIBILITY,v2026-08-11,2026-03-21..2026-08-06,baccarat_bet02_101_all_pairs_incl_sentinel,round_win = game_pnl > 0 (decisive only),COMPATIBILITY_ONLY_NOT_PRODUCTION,309.9108,299.3696,-62.2984,31,19,0.20102041,,0.20102041,0.20102041,62.2984,309.9108,OK,0.0000,-2.4919,4.0000,96.0000,AG03-UNRESOLVED,ALL5_LEVELS_bet23_to_bet27,-2.4919,-2.4919,-2.4919,-2.4919,-2.4919,4.000000,4.000000,4.000000,4.000000,4.000000,96.000000,96.000000,96.000000,96.000000,96.000000,5.0,-12.4597,-11.502,-49.8387,-50.7964,PENDING_AG03,FALSE,NOT_FOR_ENFORCEMENT,-59.8065,287.3949,-62.2984,-59.8065,-2.4919,-0.20102041,-0.19297959,-2.4919,-59.8065,-0.19297959,-2.4919,-2.4919,-2.4919,-2.4919,-2.4919,-59.8065,-0.19297959,-12.4597,-11.502,-49.8387,-50.7964,-0.16081633,-0.16390655,-0.00804082,9.9971,15.7563,-3.2789,-62.2984,-31.1492,309.9108,19.0000,,9.9971,4.7435,10.5412,10.5412,21.0824,21.0824,21.0824,10.5412,-10.5412,2.0,2.0,0.948387,2,3,1,8,0E-8,-0.20102041,,0E-8,0.000000,0.965986,0.000000,,2026-04-05,2026-04-05,1,2,2,1,1.000000,,,0.000000,,,,,,,,GLOBAL_BASELINE_NO_ENTITY_RANKING,,,NOT_APPLICABLE_GLOBAL_BASELINE,HF9g-P5,,,,X 全窗基线 · 不参与实体赏罚,3921857,393,A168_HF9F_20260827_0900,2026-08-27 09:00:00
2026-04-05,148260825,1330,0,223.4731094389,113.3177323803,113.3177323803,0.5000000,20,8,0.34396121439817190,0.317115627083,0.9290905876078406,1.1115760521493148,0.9290905876078406,0.02684558731517190,ELIGIBLE,R03b_20260811_FULL_v1,L1_ELIGIBILITY,v2026-08-11,2026-03-21..2026-08-06,baccarat_bet02_101_all_pairs_incl_sentinel,round_win = game_pnl > 0 (decisive only),COMPATIBILITY_ONLY_NOT_PRODUCTION,309.9108,299.3696,-62.2984,31,19,0.20102041,,0.20102041,0.20102041,62.2984,309.9108,OK,0.0000,-2.4919,4.0000,96.0000,AG03-UNRESOLVED,ALL5_LEVELS_bet23_to_bet27,-2.4919,-2.4919,-2.4919,-2.4919,-2.4919,4.000000,4.000000,4.000000,4.000000,4.000000,96.000000,96.000000,96.000000,96.000000,96.000000,5.0,-12.4597,-11.502,-49.8387,-50.7964,PENDING_AG03,FALSE,NOT_FOR_ENFORCEMENT,-59.8065,287.3949,-62.2984,-59.8065,-2.4919,-0.20102041,-0.19297959,-2.4919,-59.8065,-0.19297959,-2.4919,-2.4919,-2.4919,-2.4919,-2.4919,-59.8065,-0.19297959,-12.4597,-11.502,-49.8387,-50.7964,-0.16081633,-0.16390655,-0.00804082,9.9971,15.7563,-3.2789,-62.2984,-31.1492,309.9108,19.0000,,9.9971,4.7435,10.5412,10.5412,21.0824,21.0824,21.0824,10.5412,-10.5412,2.0,2.0,0.948387,2,3,1,8,0E-8,-0.20102041,,0E-8,0.000000,0.965986,0.000000,,2026-04-05,2026-04-05,1,2,2,1,1.000000,,,0.000000,,,,,,,,GLOBAL_BASELINE_NO_ENTITY_RANKING,,,NOT_APPLICABLE_GLOBAL_BASELINE,HF9g-P5,,,,X 全窗基线 · 不参与实体赏罚,3921858,393,A168_HF9F_20260827_0900,2026-08-27 09:00:00
2026-07-09,152771416,1318,0,65.5771564299,62.2982986084,62.2982986084,1.0000000,1,1,0.50665070000000000,0.506650700000,0.9867858985152569,0.9867858985152569,0.9867858985152569,0E-17,ELIGIBLE,R03b_20260811_FULL_v1,L1_ELIGIBILITY,v2026-08-11,2026-03-21..2026-08-06,baccarat_bet02_101_all_pairs_incl_sentinel,round_win = game_pnl > 0 (decisive only),COMPATIBILITY_ONLY_NOT_PRODUCTION,65.5772,65.5772,-62.2983,1,1,0.95000000,0.95000000,,0.95000000,62.2983,65.5772,THIN_EXPOSURE,0.0000,-2.4919,4.0000,96.0000,AG03-UNRESOLVED,ALL5_LEVELS_bet23_to_bet27,-2.4919,-2.4919,-2.4919,-3.1149,-3.1149,4.000000,4.000000,4.000000,5.000000,5.000000,96.000000,96.000000,96.000000,95.000000,95.000000,5.0,-13.7056,-12.5547,-48.5927,-49.7436,PENDING_AG03,FALSE,NOT_FOR_ENFORCEMENT,-59.8064,62.9541,-62.2983,-59.8064,-2.4919,-0.95000000,-0.91200000,-2.4919,-59.8064,-0.91200000,-2.4919,-2.4919,-2.4919,-3.1149,-3.1149,-59.8064,-0.91200000,-13.7056,-12.5547,-48.5927,-49.7436,-0.74100000,-0.75855053,-0.03800000,65.5772,65.5772,-62.2983,-62.2983,-62.2983,65.5772,1.0000,65.5772,,65.5772,65.5772,65.5772,65.5772,65.5772,65.5772,65.5772,62.2983,1.0,1.0,1.0,1,1,1,1,1.00000000,-0.95000000,-0.95000000,0E-8,0.000000,1.000000,0.000000,,2026-07-09,2026-07-09,1,1,1,1,1.000000,,1.000000,3.333333,,,,,,,,GLOBAL_BASELINE_NO_ENTITY_RANKING,,,NOT_APPLICABLE_GLOBAL_BASELINE,HF9g-P5,,,,X 全窗基线 · 不参与实体赏罚,3921859,393,A168_HF9F_20260827_0900,2026-08-27 09:00:00
2026-04-15,146396160,2145,0,104.7038190718,-104.7038190718,-104.7038190718,0E-7,1,1,0.49324550000000000,0.493245500000,-0.9865810262130424,-0.9865810262130424,-0.9865810262130424,0E-17,ELIGIBLE,R03b_20260811_FULL_v1,L1_ELIGIBILITY,v2026-08-11,2026-03-21..2026-08-06,baccarat_bet02_101_all_pairs_incl_sentinel,round_win = game_pnl > 0 (decisive only),COMPATIBILITY_ONLY_NOT_PRODUCTION,991.0861,949.5730,-62.2977,21,21,0.06285803,,0.06285803,0.06285803,62.2977,991.0861,THIN_EXPOSURE,0.0000,-2.4919,4.0000,96.0000,AG03-UNRESOLVED,ALL5_LEVELS_bet23_to_bet27,-2.4919,-2.4919,-2.4919,-2.4919,-2.4919,4.000000,4.000000,4.000000,4.000000,4.000000,96.000000,96.000000,96.000000,96.000000,96.000000,5.0,-12.4595,-11.5019,-49.8382,-50.7959,PENDING_AG03,FALSE,NOT_FOR_ENFORCEMENT,-59.8058,911.5901,-62.2977,-59.8058,-2.4919,-0.06285803,-0.06034371,-2.4919,-59.8058,-0.06034371,-2.4919,-2.4919,-2.4919,-2.4919,-2.4919,-59.8058,-0.06034371,-12.4595,-11.5019,-49.8382,-50.7959,-0.05028643,-0.05125272,-0.00251432,47.1946,45.2178,-2.9666,-6.2298,-4.7921,99.1086,2.1000,,47.1946,19.0701,39.2639,53.1776,105.9603,141.7689,183.2317,38.9186,0.0,3.610665,4.666667,1.201983,8,14,11,2,0E-8,-0.06285803,,0E-8,0.000000,0.958113,0.000000,,2026-04-15,2026-05-20,10,13,13,36,0.277778,,,0.000000,,,,,,,,GLOBAL_BASELINE_NO_ENTITY_RANKING,,,NOT_APPLICABLE_GLOBAL_BASELINE,HF9g-P5,,,,X 全窗基线 · 不参与实体赏罚,3921860,393,A168_HF9F_20260827_0900,2026-08-27 09:00:00
2026-04-15,146396160,2252,0,183.2316833757,183.2316833757,183.2316833757,1.0000000,1,1,0.49324550000000000,0.493245500000,1.01360149184955,1.01360149184955,1.01360149184955,0E-17,ELIGIBLE,R03b_20260811_FULL_v1,L1_ELIGIBILITY,v2026-08-11,2026-03-21..2026-08-06,baccarat_bet02_101_all_pairs_incl_sentinel,round_win = game_pnl > 0 (decisive only),COMPATIBILITY_ONLY_NOT_PRODUCTION,991.0861,949.5730,-62.2977,21,21,0.06285803,,0.06285803,0.06285803,62.2977,991.0861,THIN_EXPOSURE,0.0000,-2.4919,4.0000,96.0000,AG03-UNRESOLVED,ALL5_LEVELS_bet23_to_bet27,-2.4919,-2.4919,-2.4919,-2.4919,-2.4919,4.000000,4.000000,4.000000,4.000000,4.000000,96.000000,96.000000,96.000000,96.000000,96.000000,5.0,-12.4595,-11.5019,-49.8382,-50.7959,PENDING_AG03,FALSE,NOT_FOR_ENFORCEMENT,-59.8058,911.5901,-62.2977,-59.8058,-2.4919,-0.06285803,-0.06034371,-2.4919,-59.8058,-0.06034371,-2.4919,-2.4919,-2.4919,-2.4919,-2.4919,-59.8058,-0.06034371,-12.4595,-11.5019,-49.8382,-50.7959,-0.05028643,-0.05125272,-0.00251432,47.1946,45.2178,-2.9666,-6.2298,-4.7921,99.1086,2.1000,,47.1946,19.0701,39.2639,53.1776,105.9603,141.7689,183.2317,38.9186,0.0,3.610665,4.666667,1.201983,8,14,11,2,0E-8,-0.06285803,,0E-8,0.000000,0.958113,0.000000,,2026-04-15,2026-05-20,10,13,13,36,0.277778,,,0.000000,,,,,,,,GLOBAL_BASELINE_NO_ENTITY_RANKING,,,NOT_APPLICABLE_GLOBAL_BASELINE,HF9g-P5,,,,X 全窗基线 · 不参与实体赏罚,3921861,393,A168_HF9F_20260827_0900,2026-08-27 09:00:00
2026-04-21,146396160,2222,0,161.7674004660,-53.9224668220,-53.9224668220,0.5000000,2,2,0.49994810000000000,0.499948100000,0.00014679536856514622,0.00014679536856514622,0.00014679536856514622,0E-17,ELIGIBLE,R03b_20260811_FULL_v1,L1_ELIGIBILITY,v2026-08-11,2026-03-21..2026-08-06,baccarat_bet02_101_all_pairs_incl_sentinel,round_win = game_pnl > 0 (decisive only),COMPATIBILITY_ONLY_NOT_PRODUCTION,991.0861,949.5730,-62.2977,21,21,0.06285803,,0.06285803,0.06285803,62.2977,991.0861,THIN_EXPOSURE,0.0000,-2.4919,4.0000,96.0000,AG03-UNRESOLVED,ALL5_LEVELS_bet23_to_bet27,-2.4919,-2.4919,-2.4919,-2.4919,-2.4919,4.000000,4.000000,4.000000,4.000000,4.000000,96.000000,96.000000,96.000000,96.000000,96.000000,5.0,-12.4595,-11.5019,-49.8382,-50.7959,PENDING_AG03,FALSE,NOT_FOR_ENFORCEMENT,-59.8058,911.5901,-62.2977,-59.8058,-2.4919,-0.06285803,-0.06034371,-2.4919,-59.8058,-0.06034371,-2.4919,-2.4919,-2.4919,-2.4919,-2.4919,-59.8058,-0.06034371,-12.4595,-11.5019,-49.8382,-50.7959,-0.05028643,-0.05125272,-0.00251432,47.1946,45.2178,-2.9666,-6.2298,-4.7921,99.1086,2.1000,,47.1946,19.0701,39.2639,53.1776,105.9603,141.7689,183.2317,38.9186,0.0,3.610665,4.666667,1.201983,8,14,11,2,0E-8,-0.06285803,,0E-8,0.000000,0.958113,0.000000,,2026-04-15,2026-05-20,10,13,13,36,0.277778,,,0.000000,,,,,,,,GLOBAL_BASELINE_NO_ENTITY_RANKING,,,NOT_APPLICABLE_GLOBAL_BASELINE,HF9g-P5,,,,X 全窗基线 · 不参与实体赏罚,3921862,393,A168_HF9F_20260827_0900,2026-08-27 09:00:00
2026-04-21,146396160,994,0,165.1702745857,80.3470931603,80.3470931603,0.6666667,3,3,0.50665070000000000,0.506650700000,0.5543606114942035,0.5543606114942035,0.5543606114942035,0E-17,ELIGIBLE,R03b_20260811_FULL_v1,L1_ELIGIBILITY,v2026-08-11,2026-03-21..2026-08-06,baccarat_bet02_101_all_pairs_incl_sentinel,round_win = game_pnl > 0 (decisive only),COMPATIBILITY_ONLY_NOT_PRODUCTION,991.0861,949.5730,-62.2977,21,21,0.06285803,,0.06285803,0.06285803,62.2977,991.0861,THIN_EXPOSURE,0.0000,-2.4919,4.0000,96.0000,AG03-UNRESOLVED,ALL5_LEVELS_bet23_to_bet27,-2.4919,-2.4919,-2.4919,-2.4919,-2.4919,4.000000,4.000000,4.000000,4.000000,4.000000,96.000000,96.000000,96.000000,96.000000,96.000000,5.0,-12.4595,-11.5019,-49.8382,-50.7959,PENDING_AG03,FALSE,NOT_FOR_ENFORCEMENT,-59.8058,911.5901,-62.2977,-59.8058,-2.4919,-0.06285803,-0.06034371,-2.4919,-59.8058,-0.06034371,-2.4919,-2.4919,-2.4919,-2.4919,-2.4919,-59.8058,-0.06034371,-12.4595,-11.5019,-49.8382,-50.7959,-0.05028643,-0.05125272,-0.00251432,47.1946,45.2178,-2.9666,-6.2298,-4.7921,99.1086,2.1000,,47.1946,19.0701,39.2639,53.1776,105.9603,141.7689,183.2317,38.9186,0.0,3.610665,4.666667,1.201983,8,14,11,2,0E-8,-0.06285803,,0E-8,0.000000,0.958113,0.000000,,2026-04-15,2026-05-20,10,13,13,36,0.277778,,,0.000000,,,,,,,,GLOBAL_BASELINE_NO_ENTITY_RANKING,,,NOT_APPLICABLE_GLOBAL_BASELINE,HF9g-P5,,,,X 全窗基线 · 不参与实体赏罚,3921863,393,A168_HF9F_20260827_0900,2026-08-27 09:00:00
2026-04-30,146396160,2170,0,7.5242592496,-7.5242592496,-7.5242592496,0E-7,1,1,0.50665070000000000,0.506650700000,-1.013391052207602,-1.013391052207602,-1.013391052207602,0E-17,ELIGIBLE,R03b_20260811_FULL_v1,L1_ELIGIBILITY,v2026-08-11,2026-03-21..2026-08-06,baccarat_bet02_101_all_pairs_incl_sentinel,round_win = game_pnl > 0 (decisive only),COMPATIBILITY_ONLY_NOT_PRODUCTION,991.0861,949.5730,-62.2977,21,21,0.06285803,,0.06285803,0.06285803,62.2977,991.0861,THIN_EXPOSURE,0.0000,-2.4919,4.0000,96.0000,AG03-UNRESOLVED,ALL5_LEVELS_bet23_to_bet27,-2.4919,-2.4919,-2.4919,-2.4919,-2.4919,4.000000,4.000000,4.000000,4.000000,4.000000,96.000000,96.000000,96.000000,96.000000,96.000000,5.0,-12.4595,-11.5019,-49.8382,-50.7959,PENDING_AG03,FALSE,NOT_FOR_ENFORCEMENT,-59.8058,911.5901,-62.2977,-59.8058,-2.4919,-0.06285803,-0.06034371,-2.4919,-59.8058,-0.06034371,-2.4919,-2.4919,-2.4919,-2.4919,-2.4919,-59.8058,-0.06034371,-12.4595,-11.5019,-49.8382,-50.7959,-0.05028643,-0.05125272,-0.00251432,47.1946,45.2178,-2.9666,-6.2298,-4.7921,99.1086,2.1000,,47.1946,19.0701,39.2639,53.1776,105.9603,141.7689,183.2317,38.9186,0.0,3.610665,4.666667,1.201983,8,14,11,2,0E-8,-0.06285803,,0E-8,0.000000,0.958113,0.000000,,2026-04-15,2026-05-20,10,13,13,36,0.277778,,,0.000000,,,,,,,,GLOBAL_BASELINE_NO_ENTITY_RANKING,,,NOT_APPLICABLE_GLOBAL_BASELINE,HF9g-P5,,,,X 全窗基线 · 不参与实体赏罚,3921864,393,A168_HF9F_20260827_0900,2026-08-27 09:00:00
2026-05-08,146396160,1374,0,10.6377458357,10.1058585439,10.1058585439,1.0000000,1,1,0.50665070000000000,0.506650700000,0.9867858985152569,0.9867858985152569,0.9867858985152569,0E-17,ELIGIBLE,R03b_20260811_FULL_v1,L1_ELIGIBILITY,v2026-08-11,2026-03-21..2026-08-06,baccarat_bet02_101_all_pairs_incl_sentinel,round_win = game_pnl > 0 (decisive only),COMPATIBILITY_ONLY_NOT_PRODUCTION,991.0861,949.5730,-62.2977,21,21,0.06285803,,0.06285803,0.06285803,62.2977,991.0861,THIN_EXPOSURE,0.0000,-2.4919,4.0000,96.0000,AG03-UNRESOLVED,ALL5_LEVELS_bet23_to_bet27,-2.4919,-2.4919,-2.4919,-2.4919,-2.4919,4.000000,4.000000,4.000000,4.000000,4.000000,96.000000,96.000000,96.000000,96.000000,96.000000,5.0,-12.4595,-11.5019,-49.8382,-50.7959,PENDING_AG03,FALSE,NOT_FOR_ENFORCEMENT,-59.8058,911.5901,-62.2977,-59.8058,-2.4919,-0.06285803,-0.06034371,-2.4919,-59.8058,-0.06034371,-2.4919,-2.4919,-2.4919,-2.4919,-2.4919,-59.8058,-0.06034371,-12.4595,-11.5019,-49.8382,-50.7959,-0.05028643,-0.05125272,-0.00251432,47.1946,45.2178,-2.9666,-6.2298,-4.7921,99.1086,2.1000,,47.1946,19.0701,39.2639,53.1776,105.9603,141.7689,183.2317,38.9186,0.0,3.610665,4.666667,1.201983,8,14,11,2,0E-8,-0.06285803,,0E-8,0.000000,0.958113,0.000000,,2026-04-15,2026-05-20,10,13,13,36,0.277778,,,0.000000,,,,,,,,GLOBAL_BASELINE_NO_ENTITY_RANKING,,,NOT_APPLICABLE_GLOBAL_BASELINE,HF9g-P5,,,,X 全窗基线 · 不参与实体赏罚,3921865,393,A168_HF9F_20260827_0900,2026-08-27 09:00:00
2026-05-08,146396160,1400,0,20.7565772404,-20.7565772404,-20.7565772404,0E-7,1,1,0.49324550000000000,0.493245500000,-0.9865810262130424,-0.9865810262130424,-0.9865810262130424,0E-17,ELIGIBLE,R03b_20260811_FULL_v1,L1_ELIGIBILITY,v2026-08-11,2026-03-21..2026-08-06,baccarat_bet02_101_all_pairs_incl_sentinel,round_win = game_pnl > 0 (decisive only),COMPATIBILITY_ONLY_NOT_PRODUCTION,991.0861,949.5730,-62.2977,21,21,0.06285803,,0.06285803,0.06285803,62.2977,991.0861,THIN_EXPOSURE,0.0000,-2.4919,4.0000,96.0000,AG03-UNRESOLVED,ALL5_LEVELS_bet23_to_bet27,-2.4919,-2.4919,-2.4919,-2.4919,-2.4919,4.000000,4.000000,4.000000,4.000000,4.000000,96.000000,96.000000,96.000000,96.000000,96.000000,5.0,-12.4595,-11.5019,-49.8382,-50.7959,PENDING_AG03,FALSE,NOT_FOR_ENFORCEMENT,-59.8058,911.5901,-62.2977,-59.8058,-2.4919,-0.06285803,-0.06034371,-2.4919,-59.8058,-0.06034371,-2.4919,-2.4919,-2.4919,-2.4919,-2.4919,-59.8058,-0.06034371,-12.4595,-11.5019,-49.8382,-50.7959,-0.05028643,-0.05125272,-0.00251432,47.1946,45.2178,-2.9666,-6.2298,-4.7921,99.1086,2.1000,,47.1946,19.0701,39.2639,53.1776,105.9603,141.7689,183.2317,38.9186,0.0,3.610665,4.666667,1.201983,8,14,11,2,0E-8,-0.06285803,,0E-8,0.000000,0.958113,0.000000,,2026-04-15,2026-05-20,10,13,13,36,0.277778,,,0.000000,,,,,,,,GLOBAL_BASELINE_NO_ENTITY_RANKING,,,NOT_APPLICABLE_GLOBAL_BASELINE,HF9g-P5,,,,X 全窗基线 · 不参与实体赏罚,3921866,393,A168_HF9F_20260827_0900,2026-08-27 09:00:00
2026-05-09,146396160,2224,0,27.2430076280,-27.2430076280,-27.2430076280,0E-7,1,1,0.50665070000000000,0.506650700000,-1.013391052207602,-1.013391052207602,-1.013391052207602,0E-17,ELIGIBLE,R03b_20260811_FULL_v1,L1_ELIGIBILITY,v2026-08-11,2026-03-21..2026-08-06,baccarat_bet02_101_all_pairs_incl_sentinel,round_win = game_pnl > 0 (decisive only),COMPATIBILITY_ONLY_NOT_PRODUCTION,991.0861,949.5730,-62.2977,21,21,0.06285803,,0.06285803,0.06285803,62.2977,991.0861,THIN_EXPOSURE,0.0000,-2.4919,4.0000,96.0000,AG03-UNRESOLVED,ALL5_LEVELS_bet23_to_bet27,-2.4919,-2.4919,-2.4919,-2.4919,-2.4919,4.000000,4.000000,4.000000,4.000000,4.000000,96.000000,96.000000,96.000000,96.000000,96.000000,5.0,-12.4595,-11.5019,-49.8382,-50.7959,PENDING_AG03,FALSE,NOT_FOR_ENFORCEMENT,-59.8058,911.5901,-62.2977,-59.8058,-2.4919,-0.06285803,-0.06034371,-2.4919,-59.8058,-0.06034371,-2.4919,-2.4919,-2.4919,-2.4919,-2.4919,-59.8058,-0.06034371,-12.4595,-11.5019,-49.8382,-50.7959,-0.05028643,-0.05125272,-0.00251432,47.1946,45.2178,-2.9666,-6.2298,-4.7921,99.1086,2.1000,,47.1946,19.0701,39.2639,53.1776,105.9603,141.7689,183.2317,38.9186,0.0,3.610665,4.666667,1.201983,8,14,11,2,0E-8,-0.06285803,,0E-8,0.000000,0.958113,0.000000,,2026-04-15,2026-05-20,10,13,13,36,0.277778,,,0.000000,,,,,,,,GLOBAL_BASELINE_NO_ENTITY_RANKING,,,NOT_APPLICABLE_GLOBAL_BASELINE,HF9g-P5,,,,X 全窗基线 · 不参与实体赏罚,3921867,393,A168_HF9F_20260827_0900,2026-08-27 09:00:00
2026-05-14,146396160,925,0,38.9185823258,38.9185823258,38.9185823258,1.0000000,1,1,0.49324550000000000,0.493245500000,1.01360149184955,1.01360149184955,1.01360149184955,0E-17,ELIGIBLE,R03b_20260811_FULL_v1,L1_ELIGIBILITY,v2026-08-11,2026-03-21..2026-08-06,baccarat_bet02_101_all_pairs_incl_sentinel,round_win = game_pnl > 0 (decisive only),COMPATIBILITY_ONLY_NOT_PRODUCTION,991.0861,949.5730,-62.2977,21,21,0.06285803,,0.06285803,0.06285803,62.2977,991.0861,THIN_EXPOSURE,0.0000,-2.4919,4.0000,96.0000,AG03-UNRESOLVED,ALL5_LEVELS_bet23_to_bet27,-2.4919,-2.4919,-2.4919,-2.4919,-2.4919,4.000000,4.000000,4.000000,4.000000,4.000000,96.000000,96.000000,96.000000,96.000000,96.000000,5.0,-12.4595,-11.5019,-49.8382,-50.7959,PENDING_AG03,FALSE,NOT_FOR_ENFORCEMENT,-59.8058,911.5901,-62.2977,-59.8058,-2.4919,-0.06285803,-0.06034371,-2.4919,-59.8058,-0.06034371,-2.4919,-2.4919,-2.4919,-2.4919,-2.4919,-59.8058,-0.06034371,-12.4595,-11.5019,-49.8382,-50.7959,-0.05028643,-0.05125272,-0.00251432,47.1946,45.2178,-2.9666,-6.2298,-4.7921,99.1086,2.1000,,47.1946,19.0701,39.2639,53.1776,105.9603,141.7689,183.2317,38.9186,0.0,3.610665,4.666667,1.201983,8,14,11,2,0E-8,-0.06285803,,0E-8,0.000000,0.958113,0.000000,,2026-04-15,2026-05-20,10,13,13,36,0.277778,,,0.000000,,,,,,,,GLOBAL_BASELINE_NO_ENTITY_RANKING,,,NOT_APPLICABLE_GLOBAL_BASELINE,HF9g-P5,,,,X 全窗基线 · 不参与实体赏罚,3921868,393,A168_HF9F_20260827_0900,2026-08-27 09:00:00
2026-05-15,146396160,2103,0,75.2425924965,25.9457215505,25.9457215505,0.5000000,2,2,0.49994810000000000,0.499948100000,0.00014679536856514622,0.00014679536856514622,0.00014679536856514622,0E-17,ELIGIBLE,R03b_20260811_FULL_v1,L1_ELIGIBILITY,v2026-08-11,2026-03-21..2026-08-06,baccarat_bet02_101_all_pairs_incl_sentinel,round_win = game_pnl > 0 (decisive only),COMPATIBILITY_ONLY_NOT_PRODUCTION,991.0861,949.5730,-62.2977,21,21,0.06285803,,0.06285803,0.06285803,62.2977,991.0861,THIN_EXPOSURE,0.0000,-2.4919,4.0000,96.0000,AG03-UNRESOLVED,ALL5_LEVELS_bet23_to_bet27,-2.4919,-2.4919,-2.4919,-2.4919,-2.4919,4.000000,4.000000,4.000000,4.000000,4.000000,96.000000,96.000000,96.000000,96.000000,96.000000,5.0,-12.4595,-11.5019,-49.8382,-50.7959,PENDING_AG03,FALSE,NOT_FOR_ENFORCEMENT,-59.8058,911.5901,-62.2977,-59.8058,-2.4919,-0.06285803,-0.06034371,-2.4919,-59.8058,-0.06034371,-2.4919,-2.4919,-2.4919,-2.4919,-2.4919,-59.8058,-0.06034371,-12.4595,-11.5019,-49.8382,-50.7959,-0.05028643,-0.05125272,-0.00251432,47.1946,45.2178,-2.9666,-6.2298,-4.7921,99.1086,2.1000,,47.1946,19.0701,39.2639,53.1776,105.9603,141.7689,183.2317,38.9186,0.0,3.610665,4.666667,1.201983,8,14,11,2,0E-8,-0.06285803,,0E-8,0.000000,0.958113,0.000000,,2026-04-15,2026-05-20,10,13,13,36,0.277778,,,0.000000,,,,,,,,GLOBAL_BASELINE_NO_ENTITY_RANKING,,,NOT_APPLICABLE_GLOBAL_BASELINE,HF9g-P5,,,,X 全窗基线 · 不参与实体赏罚,3921869,393,A168_HF9F_20260827_0900,2026-08-27 09:00:00
2026-05-17,146396160,1210,0,117.2746614083,-34.2742981682,-34.2742981682,0.3333333,4,4,0.49994810000000000,0.499948100000,-0.5771704854251445,-0.5771704854251445,-0.5771704854251445,0E-17,ELIGIBLE,R03b_20260811_FULL_v1,L1_ELIGIBILITY,v2026-08-11,2026-03-21..2026-08-06,baccarat_bet02_101_all_pairs_incl_sentinel,round_win = game_pnl > 0 (decisive only),COMPATIBILITY_ONLY_NOT_PRODUCTION,991.0861,949.5730,-62.2977,21,21,0.06285803,,0.06285803,0.06285803,62.2977,991.0861,THIN_EXPOSURE,0.0000,-2.4919,4.0000,96.0000,AG03-UNRESOLVED,ALL5_LEVELS_bet23_to_bet27,-2.4919,-2.4919,-2.4919,-2.4919,-2.4919,4.000000,4.000000,4.000000,4.000000,4.000000,96.000000,96.000000,96.000000,96.000000,96.000000,5.0,-12.4595,-11.5019,-49.8382,-50.7959,PENDING_AG03,FALSE,NOT_FOR_ENFORCEMENT,-59.8058,911.5901,-62.2977,-59.8058,-2.4919,-0.06285803,-0.06034371,-2.4919,-59.8058,-0.06034371,-2.4919,-2.4919,-2.4919,-2.4919,-2.4919,-59.8058,-0.06034371,-12.4595,-11.5019,-49.8382,-50.7959,-0.05028643,-0.05125272,-0.00251432,47.1946,45.2178,-2.9666,-6.2298,-4.7921,99.1086,2.1000,,47.1946,19.0701,39.2639,53.1776,105.9603,141.7689,183.2317,38.9186,0.0,3.610665,4.666667,1.201983,8,14,11,2,0E-8,-0.06285803,,0E-8,0.000000,0.958113,0.000000,,2026-04-15,2026-05-20,10,13,13,36,0.277778,,,0.000000,,,,,,,,GLOBAL_BASELINE_NO_ENTITY_RANKING,,,NOT_APPLICABLE_GLOBAL_BASELINE,HF9g-P5,,,,X 全窗基线 · 不参与实体赏罚,3921870,393,A168_HF9F_20260827_0900,2026-08-27 09:00:00
2026-05-17,146396160,2235,0,14.0106896373,14.0106896373,14.0106896373,1.0000000,1,1,0.49324550000000000,0.493245500000,1.01360149184955,1.01360149184955,1.01360149184955,0E-17,ELIGIBLE,R03b_20260811_FULL_v1,L1_ELIGIBILITY,v2026-08-11,2026-03-21..2026-08-06,baccarat_bet02_101_all_pairs_incl_sentinel,round_win = game_pnl > 0 (decisive only),COMPATIBILITY_ONLY_NOT_PRODUCTION,991.0861,949.5730,-62.2977,21,21,0.06285803,,0.06285803,0.06285803,62.2977,991.0861,THIN_EXPOSURE,0.0000,-2.4919,4.0000,96.0000,AG03-UNRESOLVED,ALL5_LEVELS_bet23_to_bet27,-2.4919,-2.4919,-2.4919,-2.4919,-2.4919,4.000000,4.000000,4.000000,4.000000,4.000000,96.000000,96.000000,96.000000,96.000000,96.000000,5.0,-12.4595,-11.5019,-49.8382,-50.7959,PENDING_AG03,FALSE,NOT_FOR_ENFORCEMENT,-59.8058,911.5901,-62.2977,-59.8058,-2.4919,-0.06285803,-0.06034371,-2.4919,-59.8058,-0.06034371,-2.4919,-2.4919,-2.4919,-2.4919,-2.4919,-59.8058,-0.06034371,-12.4595,-11.5019,-49.8382,-50.7959,-0.05028643,-0.05125272,-0.00251432,47.1946,45.2178,-2.9666,-6.2298,-4.7921,99.1086,2.1000,,47.1946,19.0701,39.2639,53.1776,105.9603,141.7689,183.2317,38.9186,0.0,3.610665,4.666667,1.201983,8,14,11,2,0E-8,-0.06285803,,0E-8,0.000000,0.958113,0.000000,,2026-04-15,2026-05-20,10,13,13,36,0.277778,,,0.000000,,,,,,,,GLOBAL_BASELINE_NO_ENTITY_RANKING,,,NOT_APPLICABLE_GLOBAL_BASELINE,HF9g-P5,,,,X 全窗基线 · 不参与实体赏罚,3921871,393,A168_HF9F_20260827_0900,2026-08-27 09:00:00
2026-05-18,146396160,1384,0,11.6755746977,11.0917959628,11.0917959628,1.0000000,1,1,0.50665070000000000,0.506650700000,0.9867858985152569,0.9867858985152569,0.9867858985152569,0E-17,ELIGIBLE,R03b_20260811_FULL_v1,L1_ELIGIBILITY,v2026-08-11,2026-03-21..2026-08-06,baccarat_bet02_101_all_pairs_incl_sentinel,round_win = game_pnl > 0 (decisive only),COMPATIBILITY_ONLY_NOT_PRODUCTION,991.0861,949.5730,-62.2977,21,21,0.06285803,,0.06285803,0.06285803,62.2977,991.0861,THIN_EXPOSURE,0.0000,-2.4919,4.0000,96.0000,AG03-UNRESOLVED,ALL5_LEVELS_bet23_to_bet27,-2.4919,-2.4919,-2.4919,-2.4919,-2.4919,4.000000,4.000000,4.000000,4.000000,4.000000,96.000000,96.000000,96.000000,96.000000,96.000000,5.0,-12.4595,-11.5019,-49.8382,-50.7959,PENDING_AG03,FALSE,NOT_FOR_ENFORCEMENT,-59.8058,911.5901,-62.2977,-59.8058,-2.4919,-0.06285803,-0.06034371,-2.4919,-59.8058,-0.06034371,-2.4919,-2.4919,-2.4919,-2.4919,-2.4919,-59.8058,-0.06034371,-12.4595,-11.5019,-49.8382,-50.7959,-0.05028643,-0.05125272,-0.00251432,47.1946,45.2178,-2.9666,-6.2298,-4.7921,99.1086,2.1000,,47.1946,19.0701,39.2639,53.1776,105.9603,141.7689,183.2317,38.9186,0.0,3.610665,4.666667,1.201983,8,14,11,2,0E-8,-0.06285803,,0E-8,0.000000,0.958113,0.000000,,2026-04-15,2026-05-20,10,13,13,36,0.277778,,,0.000000,,,,,,,,GLOBAL_BASELINE_NO_ENTITY_RANKING,,,NOT_APPLICABLE_GLOBAL_BASELINE,HF9g-P5,,,,X 全窗基线 · 不参与实体赏罚,3921872,393,A168_HF9F_20260827_0900,2026-08-27 09:00:00
2026-05-20,146396160,1078,0,52.9292719631,-52.9292719631,-52.9292719631,0E-7,1,1,0.49324550000000000,0.493245500000,-0.9865810262130424,-0.9865810262130424,-0.9865810262130424,0E-17,ELIGIBLE,R03b_20260811_FULL_v1,L1_ELIGIBILITY,v2026-08-11,2026-03-21..2026-08-06,baccarat_bet02_101_all_pairs_incl_sentinel,round_win = game_pnl > 0 (decisive only),COMPATIBILITY_ONLY_NOT_PRODUCTION,991.0861,949.5730,-62.2977,21,21,0.06285803,,0.06285803,0.06285803,62.2977,991.0861,THIN_EXPOSURE,0.0000,-2.4919,4.0000,96.0000,AG03-UNRESOLVED,ALL5_LEVELS_bet23_to_bet27,-2.4919,-2.4919,-2.4919,-2.4919,-2.4919,4.000000,4.000000,4.000000,4.000000,4.000000,96.000000,96.000000,96.000000,96.000000,96.000000,5.0,-12.4595,-11.5019,-49.8382,-50.7959,PENDING_AG03,FALSE,NOT_FOR_ENFORCEMENT,-59.8058,911.5901,-62.2977,-59.8058,-2.4919,-0.06285803,-0.06034371,-2.4919,-59.8058,-0.06034371,-2.4919,-2.4919,-2.4919,-2.4919,-2.4919,-59.8058,-0.06034371,-12.4595,-11.5019,-49.8382,-50.7959,-0.05028643,-0.05125272,-0.00251432,47.1946,45.2178,-2.9666,-6.2298,-4.7921,99.1086,2.1000,,47.1946,19.0701,39.2639,53.1776,105.9603,141.7689,183.2317,38.9186,0.0,3.610665,4.666667,1.201983,8,14,11,2,0E-8,-0.06285803,,0E-8,0.000000,0.958113,0.000000,,2026-04-15,2026-05-20,10,13,13,36,0.277778,,,0.000000,,,,,,,,GLOBAL_BASELINE_NO_ENTITY_RANKING,,,NOT_APPLICABLE_GLOBAL_BASELINE,HF9g-P5,,,,X 全窗基线 · 不参与实体赏罚,3921873,393,A168_HF9F_20260827_0900,2026-08-27 09:00:00
2026-04-02,147900144,2233,0,62.2956841139,62.2956841139,62.2956841139,1.0000000,1,1,0.49324550000000000,0.493245500000,1.01360149184955,1.01360149184955,1.01360149184955,0E-17,ELIGIBLE,R03b_20260811_FULL_v1,L1_ELIGIBILITY,v2026-08-11,2026-03-21..2026-08-06,baccarat_bet02_101_all_pairs_incl_sentinel,round_win = game_pnl > 0 (decisive only),COMPATIBILITY_ONLY_NOT_PRODUCTION,62.2957,62.2957,-62.2957,1,1,1.00000000,,1.00000000,1.00000000,62.2957,62.2957,THIN_EXPOSURE,0.0000,-2.4918,4.0000,96.0000,AG03-UNRESOLVED,ALL5_LEVELS_bet23_to_bet27,-2.4918,-2.4918,-2.4918,-2.4918,-2.4918,4.000000,4.000000,4.000000,4.000000,4.000000,96.000000,96.000000,96.000000,96.000000,96.000000,5.0,-12.4591,-11.5015,-49.8365,-50.7942,PENDING_AG03,FALSE,NOT_FOR_ENFORCEMENT,-59.8039,59.8039,-62.2957,-59.8039,-2.4918,-1.00000000,-0.96000000,-2.4918,-59.8039,-0.96000000,-2.4918,-2.4918,-2.4918,-2.4918,-2.4918,-59.8039,-0.96000000,-12.4591,-11.5015,-49.8365,-50.7942,-0.80000000,-0.8153727,-0.04000000,62.2957,62.2957,-62.2957,-62.2957,-62.2957,62.2957,1.0000,,62.2957,62.2957,62.2957,62.2957,62.2957,62.2957,62.2957,62.2957,62.2957,1.0,1.0,1.0,1,1,1,1,0E-8,-1.00000000,,0E-8,0.000000,1.000000,0.000000,,2026-04-02,2026-04-02,1,1,1,1,1.000000,,,0.000000,,,,,,,,GLOBAL_BASELINE_NO_ENTITY_RANKING,,,NOT_APPLICABLE_GLOBAL_BASELINE,HF9g-P5,,,,X 全窗基线 · 不参与实体赏罚,3921874,393,A168_HF9F_20260827_0900,2026-08-27 09:00:00
2026-05-18,150233064,-1,1,66.7997059132,23.1278227077,23.1278227077,0.6666667,6,6,0.50441650000000000,0.504416500000,0.7948912480929629,0.7948912480929629,0.7948912480929629,0E-17,SENTINEL_DEALER,R03b_20260811_FULL_v1,L1_ELIGIBILITY,v2026-08-11,2026-03-21..2026-08-06,baccarat_bet02_101_all_pairs_incl_sentinel,round_win = game_pnl > 0 (decisive only),COMPATIBILITY_ONLY_NOT_PRODUCTION,179.6030,161.1175,-62.2939,18,18,0.34684211,,0.34684211,0.34684211,62.2939,179.6030,THIN_EXPOSURE,0.0000,-2.4918,4.0000,96.0000,AG03-UNRESOLVED,ALL5_LEVELS_bet23_to_bet27,-2.4918,-2.4918,-3.1147,0.0000,0.0000,4.000000,4.000000,5.000000,0.000000,0.000000,96.000000,96.000000,95.000000,100.000000,100.000000,5.0,-8.0982,-7.7543,-54.1957,-54.5395,PENDING_AG03,FALSE,NOT_FOR_ENFORCEMENT,-59.8021,154.6728,-62.2939,-59.8021,-2.4918,-0.34684211,-0.33296842,-2.4918,-59.8021,-0.33296842,-2.4918,-2.4918,-3.1147,0.0000,0.0000,-59.8021,-0.33296842,-8.0982,-7.7543,-54.1957,-54.5395,-0.30175263,-0.3036672,-0.01387368,9.9779,8.9510,-3.4608,-62.2939,-4.4496,179.6030,18.0000,,9.9779,2.7308,8.5075,18.4855,20.7331,20.9222,21.0062,3.1509,0.9978,2.459259,2.469136,1.17284,14,10,1,3,0E-8,-0.34684211,,0E-8,0.000000,0.897076,0.000000,,2026-05-18,2026-05-18,1,14,14,1,1.000000,,,0.000000,,,,,,,,GLOBAL_BASELINE_NO_ENTITY_RANKING,,,NOT_APPLICABLE_GLOBAL_BASELINE,HF9g-P5,,,,X 全窗基线 · 不参与实体赏罚,3921875,393,A168_HF9F_20260827_0900,2026-08-27 09:00:00
2026-05-18,150233064,1210,0,13.8640899065,13.8640899065,13.8640899065,1.0000000,1,1,0.49324550000000000,0.493245500000,1.01360149184955,1.01360149184955,1.01360149184955,0E-17,ELIGIBLE,R03b_20260811_FULL_v1,L1_ELIGIBILITY,v2026-08-11,2026-03-21..2026-08-06,baccarat_bet02_101_all_pairs_incl_sentinel,round_win = game_pnl > 0 (decisive only),COMPATIBILITY_ONLY_NOT_PRODUCTION,179.6030,161.1175,-62.2939,18,18,0.34684211,,0.34684211,0.34684211,62.2939,179.6030,THIN_EXPOSURE,0.0000,-2.4918,4.0000,96.0000,AG03-UNRESOLVED,ALL5_LEVELS_bet23_to_bet27,-2.4918,-2.4918,-3.1147,0.0000,0.0000,4.000000,4.000000,5.000000,0.000000,0.000000,96.000000,96.000000,95.000000,100.000000,100.000000,5.0,-8.0982,-7.7543,-54.1957,-54.5395,PENDING_AG03,FALSE,NOT_FOR_ENFORCEMENT,-59.8021,154.6728,-62.2939,-59.8021,-2.4918,-0.34684211,-0.33296842,-2.4918,-59.8021,-0.33296842,-2.4918,-2.4918,-3.1147,0.0000,0.0000,-59.8021,-0.33296842,-8.0982,-7.7543,-54.1957,-54.5395,-0.30175263,-0.3036672,-0.01387368,9.9779,8.9510,-3.4608,-62.2939,-4.4496,179.6030,18.0000,,9.9779,2.7308,8.5075,18.4855,20.7331,20.9222,21.0062,3.1509,0.9978,2.459259,2.469136,1.17284,14,10,1,3,0E-8,-0.34684211,,0E-8,0.000000,0.897076,0.000000,,2026-05-18,2026-05-18,1,14,14,1,1.000000,,,0.000000,,,,,,,,GLOBAL_BASELINE_NO_ENTITY_RANKING,,,NOT_APPLICABLE_GLOBAL_BASELINE,HF9g-P5,,,,X 全窗基线 · 不参与实体赏罚,3921876,393,A168_HF9F_20260827_0900,2026-08-27 09:00:00
2026-05-18,150233064,1325,0,3.1509295242,3.1509295242,3.1509295242,1.0000000,1,1,0.49324550000000000,0.493245500000,1.01360149184955,1.01360149184955,1.01360149184955,0E-17,ELIGIBLE,R03b_20260811_FULL_v1,L1_ELIGIBILITY,v2026-08-11,2026-03-21..2026-08-06,baccarat_bet02_101_all_pairs_incl_sentinel,round_win = game_pnl > 0 (decisive only),COMPATIBILITY_ONLY_NOT_PRODUCTION,179.6030,161.1175,-62.2939,18,18,0.34684211,,0.34684211,0.34684211,62.2939,179.6030,THIN_EXPOSURE,0.0000,-2.4918,4.0000,96.0000,AG03-UNRESOLVED,ALL5_LEVELS_bet23_to_bet27,-2.4918,-2.4918,-3.1147,0.0000,0.0000,4.000000,4.000000,5.000000,0.000000,0.000000,96.000000,96.000000,95.000000,100.000000,100.000000,5.0,-8.0982,-7.7543,-54.1957,-54.5395,PENDING_AG03,FALSE,NOT_FOR_ENFORCEMENT,-59.8021,154.6728,-62.2939,-59.8021,-2.4918,-0.34684211,-0.33296842,-2.4918,-59.8021,-0.33296842,-2.4918,-2.4918,-3.1147,0.0000,0.0000,-59.8021,-0.33296842,-8.0982,-7.7543,-54.1957,-54.5395,-0.30175263,-0.3036672,-0.01387368,9.9779,8.9510,-3.4608,-62.2939,-4.4496,179.6030,18.0000,,9.9779,2.7308,8.5075,18.4855,20.7331,20.9222,21.0062,3.1509,0.9978,2.459259,2.469136,1.17284,14,10,1,3,0E-8,-0.34684211,,0E-8,0.000000,0.897076,0.000000,,2026-05-18,2026-05-18,1,14,14,1,1.000000,,,0.000000,,,,,,,,GLOBAL_BASELINE_NO_ENTITY_RANKING,,,NOT_APPLICABLE_GLOBAL_BASELINE,HF9g-P5,,,,X 全窗基线 · 不参与实体赏罚,3921877,393,A168_HF9F_20260827_0900,2026-08-27 09:00:00
2026-05-18,150233064,1507,0,4.2012393656,-4.2012393656,-4.2012393656,0E-7,2,2,0.50665070000000000,0.506650700000,-1.4331513700195317,-1.4331513700195317,-1.4331513700195317,0E-17,ELIGIBLE,R03b_20260811_FULL_v1,L1_ELIGIBILITY,v2026-08-11,2026-03-21..2026-08-06,baccarat_bet02_101_all_pairs_incl_sentinel,round_win = game_pnl > 0 (decisive only),COMPATIBILITY_ONLY_NOT_PRODUCTION,179.6030,161.1175,-62.2939,18,18,0.34684211,,0.34684211,0.34684211,62.2939,179.6030,THIN_EXPOSURE,0.0000,-2.4918,4.0000,96.0000,AG03-UNRESOLVED,ALL5_LEVELS_bet23_to_bet27,-2.4918,-2.4918,-3.1147,0.0000,0.0000,4.000000,4.000000,5.000000,0.000000,0.000000,96.000000,96.000000,95.000000,100.000000,100.000000,5.0,-8.0982,-7.7543,-54.1957,-54.5395,PENDING_AG03,FALSE,NOT_FOR_ENFORCEMENT,-59.8021,154.6728,-62.2939,-59.8021,-2.4918,-0.34684211,-0.33296842,-2.4918,-59.8021,-0.33296842,-2.4918,-2.4918,-3.1147,0.0000,0.0000,-59.8021,-0.33296842,-8.0982,-7.7543,-54.1957,-54.5395,-0.30175263,-0.3036672,-0.01387368,9.9779,8.9510,-3.4608,-62.2939,-4.4496,179.6030,18.0000,,9.9779,2.7308,8.5075,18.4855,20.7331,20.9222,21.0062,3.1509,0.9978,2.459259,2.469136,1.17284,14,10,1,3,0E-8,-0.34684211,,0E-8,0.000000,0.897076,0.000000,,2026-05-18,2026-05-18,1,14,14,1,1.000000,,,0.000000,,,,,,,,GLOBAL_BASELINE_NO_ENTITY_RANKING,,,NOT_APPLICABLE_GLOBAL_BASELINE,HF9g-P5,,,,X 全窗基线 · 不参与实体赏罚,3921878,393,A168_HF9F_20260827_0900,2026-08-27 09:00:00
2026-05-18,150233064,2160,0,18.2753912404,-18.2753912404,-18.2753912404,0E-7,1,1,0.50665070000000000,0.506650700000,-1.013391052207602,-1.013391052207602,-1.013391052207602,0E-17,ELIGIBLE,R03b_20260811_FULL_v1,L1_ELIGIBILITY,v2026-08-11,2026-03-21..2026-08-06,baccarat_bet02_101_all_pairs_incl_sentinel,round_win = game_pnl > 0 (decisive only),COMPATIBILITY_ONLY_NOT_PRODUCTION,179.6030,161.1175,-62.2939,18,18,0.34684211,,0.34684211,0.34684211,62.2939,179.6030,THIN_EXPOSURE,0.0000,-2.4918,4.0000,96.0000,AG03-UNRESOLVED,ALL5_LEVELS_bet23_to_bet27,-2.4918,-2.4918,-3.1147,0.0000,0.0000,4.000000,4.000000,5.000000,0.000000,0.000000,96.000000,96.000000,95.000000,100.000000,100.000000,5.0,-8.0982,-7.7543,-54.1957,-54.5395,PENDING_AG03,FALSE,NOT_FOR_ENFORCEMENT,-59.8021,154.6728,-62.2939,-59.8021,-2.4918,-0.34684211,-0.33296842,-2.4918,-59.8021,-0.33296842,-2.4918,-2.4918,-3.1147,0.0000,0.0000,-59.8021,-0.33296842,-8.0982,-7.7543,-54.1957,-54.5395,-0.30175263,-0.3036672,-0.01387368,9.9779,8.9510,-3.4608,-62.2939,-4.4496,179.6030,18.0000,,9.9779,2.7308,8.5075,18.4855,20.7331,20.9222,21.0062,3.1509,0.9978,2.459259,2.469136,1.17284,14,10,1,3,0E-8,-0.34684211,,0E-8,0.000000,0.897076,0.000000,,2026-05-18,2026-05-18,1,14,14,1,1.000000,,,0.000000,,,,,,,,GLOBAL_BASELINE_NO_ENTITY_RANKING,,,NOT_APPLICABLE_GLOBAL_BASELINE,HF9g-P5,,,,X 全窗基线 · 不参与实体赏罚,3921879,393,A168_HF9F_20260827_0900,2026-08-27 09:00:00
2026-05-18,150233064,2201,0,2.1006196828,-0.0525154921,-0.0525154921,0.5000000,2,2,0.30062675000000000,0.300626750000,0.6149128471998733,0.6149128471998733,0.6149128471998733,0E-17,ELIGIBLE,R03b_20260811_FULL_v1,L1_ELIGIBILITY,v2026-08-11,2026-03-21..2026-08-06,baccarat_bet02_101_all_pairs_incl_sentinel,round_win = game_pnl > 0 (decisive only),COMPATIBILITY_ONLY_NOT_PRODUCTION,179.6030,161.1175,-62.2939,18,18,0.34684211,,0.34684211,0.34684211,62.2939,179.6030,THIN_EXPOSURE,0.0000,-2.4918,4.0000,96.0000,AG03-UNRESOLVED,ALL5_LEVELS_bet23_to_bet27,-2.4918,-2.4918,-3.1147,0.0000,0.0000,4.000000,4.000000,5.000000,0.000000,0.000000,96.000000,96.000000,95.000000,100.000000,100.000000,5.0,-8.0982,-7.7543,-54.1957,-54.5395,PENDING_AG03,FALSE,NOT_FOR_ENFORCEMENT,-59.8021,154.6728,-62.2939,-59.8021,-2.4918,-0.34684211,-0.33296842,-2.4918,-59.8021,-0.33296842,-2.4918,-2.4918,-3.1147,0.0000,0.0000,-59.8021,-0.33296842,-8.0982,-7.7543,-54.1957,-54.5395,-0.30175263,-0.3036672,-0.01387368,9.9779,8.9510,-3.4608,-62.2939,-4.4496,179.6030,18.0000,,9.9779,2.7308,8.5075,18.4855,20.7331,20.9222,21.0062,3.1509,0.9978,2.459259,2.469136,1.17284,14,10,1,3,0E-8,-0.34684211,,0E-8,0.000000,0.897076,0.000000,,2026-05-18,2026-05-18,1,14,14,1,1.000000,,,0.000000,,,,,,,,GLOBAL_BASELINE_NO_ENTITY_RANKING,,,NOT_APPLICABLE_GLOBAL_BASELINE,HF9g-P5,,,,X 全窗基线 · 不参与实体赏罚,3921880,393,A168_HF9F_20260827_0900,2026-08-27 09:00:00
2026-05-18,150233064,2234,0,21.0061968281,19.9558869867,19.9558869867,1.0000000,1,1,0.50665070000000000,0.506650700000,0.9867858985152569,0.9867858985152569,0.9867858985152569,0E-17,ELIGIBLE,R03b_20260811_FULL_v1,L1_ELIGIBILITY,v2026-08-11,2026-03-21..2026-08-06,baccarat_bet02_101_all_pairs_incl_sentinel,round_win = game_pnl > 0 (decisive only),COMPATIBILITY_ONLY_NOT_PRODUCTION,179.6030,161.1175,-62.2939,18,18,0.34684211,,0.34684211,0.34684211,62.2939,179.6030,THIN_EXPOSURE,0.0000,-2.4918,4.0000,96.0000,AG03-UNRESOLVED,ALL5_LEVELS_bet23_to_bet27,-2.4918,-2.4918,-3.1147,0.0000,0.0000,4.000000,4.000000,5.000000,0.000000,0.000000,96.000000,96.000000,95.000000,100.000000,100.000000,5.0,-8.0982,-7.7543,-54.1957,-54.5395,PENDING_AG03,FALSE,NOT_FOR_ENFORCEMENT,-59.8021,154.6728,-62.2939,-59.8021,-2.4918,-0.34684211,-0.33296842,-2.4918,-59.8021,-0.33296842,-2.4918,-2.4918,-3.1147,0.0000,0.0000,-59.8021,-0.33296842,-8.0982,-7.7543,-54.1957,-54.5395,-0.30175263,-0.3036672,-0.01387368,9.9779,8.9510,-3.4608,-62.2939,-4.4496,179.6030,18.0000,,9.9779,2.7308,8.5075,18.4855,20.7331,20.9222,21.0062,3.1509,0.9978,2.459259,2.469136,1.17284,14,10,1,3,0E-8,-0.34684211,,0E-8,0.000000,0.897076,0.000000,,2026-05-18,2026-05-18,1,14,14,1,1.000000,,,0.000000,,,,,,,,GLOBAL_BASELINE_NO_ENTITY_RANKING,,,NOT_APPLICABLE_GLOBAL_BASELINE,HF9g-P5,,,,X 全窗基线 · 不参与实体赏罚,3921881,393,A168_HF9F_20260827_0900,2026-08-27 09:00:00
2026-05-18,150233064,2258,0,21.6363827329,-3.1509295242,-3.1509295242,0E-7,2,2,0.50665070000000000,0.506650700000,-1.013391052207602,-1.013391052207602,-1.013391052207602,0E-17,ELIGIBLE,R03b_20260811_FULL_v1,L1_ELIGIBILITY,v2026-08-11,2026-03-21..2026-08-06,baccarat_bet02_101_all_pairs_incl_sentinel,round_win = game_pnl > 0 (decisive only),COMPATIBILITY_ONLY_NOT_PRODUCTION,179.6030,161.1175,-62.2939,18,18,0.34684211,,0.34684211,0.34684211,62.2939,179.6030,THIN_EXPOSURE,0.0000,-2.4918,4.0000,96.0000,AG03-UNRESOLVED,ALL5_LEVELS_bet23_to_bet27,-2.4918,-2.4918,-3.1147,0.0000,0.0000,4.000000,4.000000,5.000000,0.000000,0.000000,96.000000,96.000000,95.000000,100.000000,100.000000,5.0,-8.0982,-7.7543,-54.1957,-54.5395,PENDING_AG03,FALSE,NOT_FOR_ENFORCEMENT,-59.8021,154.6728,-62.2939,-59.8021,-2.4918,-0.34684211,-0.33296842,-2.4918,-59.8021,-0.33296842,-2.4918,-2.4918,-3.1147,0.0000,0.0000,-59.8021,-0.33296842,-8.0982,-7.7543,-54.1957,-54.5395,-0.30175263,-0.3036672,-0.01387368,9.9779,8.9510,-3.4608,-62.2939,-4.4496,179.6030,18.0000,,9.9779,2.7308,8.5075,18.4855,20.7331,20.9222,21.0062,3.1509,0.9978,2.459259,2.469136,1.17284,14,10,1,3,0E-8,-0.34684211,,0E-8,0.000000,0.897076,0.000000,,2026-05-18,2026-05-18,1,14,14,1,1.000000,,,0.000000,,,,,,,,GLOBAL_BASELINE_NO_ENTITY_RANKING,,,NOT_APPLICABLE_GLOBAL_BASELINE,HF9g-P5,,,,X 全窗基线 · 不参与实体赏罚,3921882,393,A168_HF9F_20260827_0900,2026-08-27 09:00:00
2026-05-18,150233064,462,0,14.7043377796,14.7043377796,14.7043377796,1.0000000,1,1,0.49324550000000000,0.493245500000,1.01360149184955,1.01360149184955,1.01360149184955,0E-17,ELIGIBLE,R03b_20260811_FULL_v1,L1_ELIGIBILITY,v2026-08-11,2026-03-21..2026-08-06,baccarat_bet02_101_all_pairs_incl_sentinel,round_win = game_pnl > 0 (decisive only),COMPATIBILITY_ONLY_NOT_PRODUCTION,179.6030,161.1175,-62.2939,18,18,0.34684211,,0.34684211,0.34684211,62.2939,179.6030,THIN_EXPOSURE,0.0000,-2.4918,4.0000,96.0000,AG03-UNRESOLVED,ALL5_LEVELS_bet23_to_bet27,-2.4918,-2.4918,-3.1147,0.0000,0.0000,4.000000,4.000000,5.000000,0.000000,0.000000,96.000000,96.000000,95.000000,100.000000,100.000000,5.0,-8.0982,-7.7543,-54.1957,-54.5395,PENDING_AG03,FALSE,NOT_FOR_ENFORCEMENT,-59.8021,154.6728,-62.2939,-59.8021,-2.4918,-0.34684211,-0.33296842,-2.4918,-59.8021,-0.33296842,-2.4918,-2.4918,-3.1147,0.0000,0.0000,-59.8021,-0.33296842,-8.0982,-7.7543,-54.1957,-54.5395,-0.30175263,-0.3036672,-0.01387368,9.9779,8.9510,-3.4608,-62.2939,-4.4496,179.6030,18.0000,,9.9779,2.7308,8.5075,18.4855,20.7331,20.9222,21.0062,3.1509,0.9978,2.459259,2.469136,1.17284,14,10,1,3,0E-8,-0.34684211,,0E-8,0.000000,0.897076,0.000000,,2026-05-18,2026-05-18,1,14,14,1,1.000000,,,0.000000,,,,,,,,GLOBAL_BASELINE_NO_ENTITY_RANKING,,,NOT_APPLICABLE_GLOBAL_BASELINE,HF9g-P5,,,,X 全窗基线 · 不参与实体赏罚,3921883,393,A168_HF9F_20260827_0900,2026-08-27 09:00:00
2026-05-18,150233064,526,0,13.8640899065,13.1708854112,13.1708854112,1.0000000,1,1,0.50665070000000000,0.506650700000,0.9867858985152569,0.9867858985152569,0.9867858985152569,0E-17,ELIGIBLE,R03b_20260811_FULL_v1,L1_ELIGIBILITY,v2026-08-11,2026-03-21..2026-08-06,baccarat_bet02_101_all_pairs_incl_sentinel,round_win = game_pnl > 0 (decisive only),COMPATIBILITY_ONLY_NOT_PRODUCTION,179.6030,161.1175,-62.2939,18,18,0.34684211,,0.34684211,0.34684211,62.2939,179.6030,THIN_EXPOSURE,0.0000,-2.4918,4.0000,96.0000,AG03-UNRESOLVED,ALL5_LEVELS_bet23_to_bet27,-2.4918,-2.4918,-3.1147,0.0000,0.0000,4.000000,4.000000,5.000000,0.000000,0.000000,96.000000,96.000000,95.000000,100.000000,100.000000,5.0,-8.0982,-7.7543,-54.1957,-54.5395,PENDING_AG03,FALSE,NOT_FOR_ENFORCEMENT,-59.8021,154.6728,-62.2939,-59.8021,-2.4918,-0.34684211,-0.33296842,-2.4918,-59.8021,-0.33296842,-2.4918,-2.4918,-3.1147,0.0000,0.0000,-59.8021,-0.33296842,-8.0982,-7.7543,-54.1957,-54.5395,-0.30175263,-0.3036672,-0.01387368,9.9779,8.9510,-3.4608,-62.2939,-4.4496,179.6030,18.0000,,9.9779,2.7308,8.5075,18.4855,20.7331,20.9222,21.0062,3.1509,0.9978,2.459259,2.469136,1.17284,14,10,1,3,0E-8,-0.34684211,,0E-8,0.000000,0.897076,0.000000,,2026-05-18,2026-05-18,1,14,14,1,1.000000,,,0.000000,,,,,,,,GLOBAL_BASELINE_NO_ENTITY_RANKING,,,NOT_APPLICABLE_GLOBAL_BASELINE,HF9g-P5,,,,X 全窗基线 · 不参与实体赏罚,3921884,393,A168_HF9F_20260827_0900,2026-08-27 09:00:00
2026-05-19,148462603,1299,0,38.9185823258,38.9185823258,38.9185823258,1.0000000,2,2,0.49324550000000000,0.493245500000,1.4334489766152358,1.4334489766152358,1.4334489766152358,0E-17,ELIGIBLE,R03b_20260811_FULL_v1,L1_ELIGIBILITY,v2026-08-11,2026-03-21..2026-08-06,baccarat_bet02_101_all_pairs_incl_sentinel,round_win = game_pnl > 0 (decisive only),COMPATIBILITY_ONLY_NOT_PRODUCTION,163.4350,137.4893,-62.2928,9,8,0.38114688,,0.38114688,0.38114688,62.2928,163.4350,THIN_EXPOSURE,0.0000,-2.4917,4.0000,96.0000,AG03-UNRESOLVED,ALL5_LEVELS_bet23_to_bet27,-2.4917,-2.4917,-2.4917,-3.1146,-3.1146,4.000000,4.000000,4.000000,5.000000,5.000000,96.000000,96.000000,96.000000,95.000000,95.000000,5.0,-13.7044,-12.5536,-48.5883,-49.7392,PENDING_AG03,FALSE,NOT_FOR_ENFORCEMENT,-59.8010,131.9897,-62.2928,-59.8010,-2.4917,-0.38114688,-0.36590100,-2.4917,-59.8010,-0.36590100,-2.4917,-2.4917,-2.4917,-3.1146,-3.1146,-59.8010,-0.36590100,-13.7044,-12.5536,-48.5883,-49.7392,-0.29729457,-0.30433596,-0.01524588,18.1594,17.1862,-7.7866,-31.1464,-15.5732,81.7175,4.0000,,18.1594,11.9999,23.3511,25.9457,25.9457,25.9457,25.9457,12.9729,12.9729,1.111111,1.111111,0.777668,3,5,2,2,0E-8,-0.38114688,,0E-8,0.000000,0.841247,0.000000,,2026-05-19,2026-06-19,2,4,4,32,0.062500,,,0.000000,,,,,,,,GLOBAL_BASELINE_NO_ENTITY_RANKING,,,NOT_APPLICABLE_GLOBAL_BASELINE,HF9g-P5,,,,X 全窗基线 · 不参与实体赏罚,3921885,393,A168_HF9F_20260827_0900,2026-08-27 09:00:00
2026-05-19,148462603,2141,0,9.0810025427,-9.0810025427,-9.0810025427,0E-7,1,1,0.50665070000000000,0.506650700000,-1.013391052207602,-1.013391052207602,-1.013391052207602,0E-17,ELIGIBLE,R03b_20260811_FULL_v1,L1_ELIGIBILITY,v2026-08-11,2026-03-21..2026-08-06,baccarat_bet02_101_all_pairs_incl_sentinel,round_win = game_pnl > 0 (decisive only),COMPATIBILITY_ONLY_NOT_PRODUCTION,163.4350,137.4893,-62.2928,9,8,0.38114688,,0.38114688,0.38114688,62.2928,163.4350,THIN_EXPOSURE,0.0000,-2.4917,4.0000,96.0000,AG03-UNRESOLVED,ALL5_LEVELS_bet23_to_bet27,-2.4917,-2.4917,-2.4917,-3.1146,-3.1146,4.000000,4.000000,4.000000,5.000000,5.000000,96.000000,96.000000,96.000000,95.000000,95.000000,5.0,-13.7044,-12.5536,-48.5883,-49.7392,PENDING_AG03,FALSE,NOT_FOR_ENFORCEMENT,-59.8010,131.9897,-62.2928,-59.8010,-2.4917,-0.38114688,-0.36590100,-2.4917,-59.8010,-0.36590100,-2.4917,-2.4917,-2.4917,-3.1146,-3.1146,-59.8010,-0.36590100,-13.7044,-12.5536,-48.5883,-49.7392,-0.29729457,-0.30433596,-0.01524588,18.1594,17.1862,-7.7866,-31.1464,-15.5732,81.7175,4.0000,,18.1594,11.9999,23.3511,25.9457,25.9457,25.9457,25.9457,12.9729,12.9729,1.111111,1.111111,0.777668,3,5,2,2,0E-8,-0.38114688,,0E-8,0.000000,0.841247,0.000000,,2026-05-19,2026-06-19,2,4,4,32,0.062500,,,0.000000,,,,,,,,GLOBAL_BASELINE_NO_ENTITY_RANKING,,,NOT_APPLICABLE_GLOBAL_BASELINE,HF9g-P5,,,,X 全窗基线 · 不参与实体赏罚,3921886,393,A168_HF9F_20260827_0900,2026-08-27 09:00:00
2026-05-19,148462603,2145,0,62.2697317213,35.0267240932,35.0267240932,1.0000000,3,2,0.50234188571428835,0.503299400000,1.4076051492005794,1.4049120381089935,1.4076051492005794,-0.00095751428571165,ELIGIBLE,R03b_20260811_FULL_v1,L1_ELIGIBILITY,v2026-08-11,2026-03-21..2026-08-06,baccarat_bet02_101_all_pairs_incl_sentinel,round_win = game_pnl > 0 (decisive only),COMPATIBILITY_ONLY_NOT_PRODUCTION,163.4350,137.4893,-62.2928,9,8,0.38114688,,0.38114688,0.38114688,62.2928,163.4350,THIN_EXPOSURE,0.0000,-2.4917,4.0000,96.0000,AG03-UNRESOLVED,ALL5_LEVELS_bet23_to_bet27,-2.4917,-2.4917,-2.4917,-3.1146,-3.1146,4.000000,4.000000,4.000000,5.000000,5.000000,96.000000,96.000000,96.000000,95.000000,95.000000,5.0,-13.7044,-12.5536,-48.5883,-49.7392,PENDING_AG03,FALSE,NOT_FOR_ENFORCEMENT,-59.8010,131.9897,-62.2928,-59.8010,-2.4917,-0.38114688,-0.36590100,-2.4917,-59.8010,-0.36590100,-2.4917,-2.4917,-2.4917,-3.1146,-3.1146,-59.8010,-0.36590100,-13.7044,-12.5536,-48.5883,-49.7392,-0.29729457,-0.30433596,-0.01524588,18.1594,17.1862,-7.7866,-31.1464,-15.5732,81.7175,4.0000,,18.1594,11.9999,23.3511,25.9457,25.9457,25.9457,25.9457,12.9729,12.9729,1.111111,1.111111,0.777668,3,5,2,2,0E-8,-0.38114688,,0E-8,0.000000,0.841247,0.000000,,2026-05-19,2026-06-19,2,4,4,32,0.062500,,,0.000000,,,,,,,,GLOBAL_BASELINE_NO_ENTITY_RANKING,,,NOT_APPLICABLE_GLOBAL_BASELINE,HF9g-P5,,,,X 全窗基线 · 不参与实体赏罚,3921887,393,A168_HF9F_20260827_0900,2026-08-27 09:00:00
2026-05-19,148462603,2233,0,50.5941570235,0E-10,0E-10,0.5000000,2,2,0.50665070000000000,0.506650700000,-0.018812684590367487,-0.018812684590367487,-0.018812684590367487,0E-17,ELIGIBLE,R03b_20260811_FULL_v1,L1_ELIGIBILITY,v2026-08-11,2026-03-21..2026-08-06,baccarat_bet02_101_all_pairs_incl_sentinel,round_win = game_pnl > 0 (decisive only),COMPATIBILITY_ONLY_NOT_PRODUCTION,163.4350,137.4893,-62.2928,9,8,0.38114688,,0.38114688,0.38114688,62.2928,163.4350,THIN_EXPOSURE,0.0000,-2.4917,4.0000,96.0000,AG03-UNRESOLVED,ALL5_LEVELS_bet23_to_bet27,-2.4917,-2.4917,-2.4917,-3.1146,-3.1146,4.000000,4.000000,4.000000,5.000000,5.000000,96.000000,96.000000,96.000000,95.000000,95.000000,5.0,-13.7044,-12.5536,-48.5883,-49.7392,PENDING_AG03,FALSE,NOT_FOR_ENFORCEMENT,-59.8010,131.9897,-62.2928,-59.8010,-2.4917,-0.38114688,-0.36590100,-2.4917,-59.8010,-0.36590100,-2.4917,-2.4917,-2.4917,-3.1146,-3.1146,-59.8010,-0.36590100,-13.7044,-12.5536,-48.5883,-49.7392,-0.29729457,-0.30433596,-0.01524588,18.1594,17.1862,-7.7866,-31.1464,-15.5732,81.7175,4.0000,,18.1594,11.9999,23.3511,25.9457,25.9457,25.9457,25.9457,12.9729,12.9729,1.111111,1.111111,0.777668,3,5,2,2,0E-8,-0.38114688,,0E-8,0.000000,0.841247,0.000000,,2026-05-19,2026-06-19,2,4,4,32,0.062500,,,0.000000,,,,,,,,GLOBAL_BASELINE_NO_ENTITY_RANKING,,,NOT_APPLICABLE_GLOBAL_BASELINE,HF9g-P5,,,,X 全窗基线 · 不参与实体赏罚,3921888,393,A168_HF9F_20260827_0900,2026-08-27 09:00:00
2026-06-19,148462603,2155,0,2.5715534755,-2.5715534755,-2.5715534755,0E-7,1,1,0.50665070000000000,0.506650700000,-1.013391052207602,-1.013391052207602,-1.013391052207602,0E-17,ELIGIBLE,R03b_20260811_FULL_v1,L1_ELIGIBILITY,v2026-08-11,2026-03-21..2026-08-06,baccarat_bet02_101_all_pairs_incl_sentinel,round_win = game_pnl > 0 (decisive only),COMPATIBILITY_ONLY_NOT_PRODUCTION,163.4350,137.4893,-62.2928,9,8,0.38114688,,0.38114688,0.38114688,62.2928,163.4350,THIN_EXPOSURE,0.0000,-2.4917,4.0000,96.0000,AG03-UNRESOLVED,ALL5_LEVELS_bet23_to_bet27,-2.4917,-2.4917,-2.4917,-3.1146,-3.1146,4.000000,4.000000,4.000000,5.000000,5.000000,96.000000,96.000000,96.000000,95.000000,95.000000,5.0,-13.7044,-12.5536,-48.5883,-49.7392,PENDING_AG03,FALSE,NOT_FOR_ENFORCEMENT,-59.8010,131.9897,-62.2928,-59.8010,-2.4917,-0.38114688,-0.36590100,-2.4917,-59.8010,-0.36590100,-2.4917,-2.4917,-2.4917,-3.1146,-3.1146,-59.8010,-0.36590100,-13.7044,-12.5536,-48.5883,-49.7392,-0.29729457,-0.30433596,-0.01524588,18.1594,17.1862,-7.7866,-31.1464,-15.5732,81.7175,4.0000,,18.1594,11.9999,23.3511,25.9457,25.9457,25.9457,25.9457,12.9729,12.9729,1.111111,1.111111,0.777668,3,5,2,2,0E-8,-0.38114688,,0E-8,0.000000,0.841247,0.000000,,2026-05-19,2026-06-19,2,4,4,32,0.062500,,,0.000000,,,,,,,,GLOBAL_BASELINE_NO_ENTITY_RANKING,,,NOT_APPLICABLE_GLOBAL_BASELINE,HF9g-P5,,,,X 全窗基线 · 不参与实体赏罚,3921889,393,A168_HF9F_20260827_0900,2026-08-27 09:00:00
2026-03-23,73022251,1396,0,22.0000000000,20.9000000000,20.9000000000,1.0000000,1,1,0.50665070000000000,0.506650700000,0.9867858985152569,0.9867858985152569,0.9867858985152569,0E-17,ELIGIBLE,R03b_20260811_FULL_v1,L1_ELIGIBILITY,v2026-08-11,2026-03-21..2026-08-06,baccarat_bet02_101_all_pairs_incl_sentinel,round_win = game_pnl > 0 (decisive only),COMPATIBILITY_ONLY_NOT_PRODUCTION,1236.0000,1100.0000,-61.6500,18,18,0.04987864,,0.04987864,0.04987864,61.6500,1236.0000,THIN_EXPOSURE,0.0000,-1.8495,3.0000,97.0000,AG03-UNRESOLVED,ALL5_LEVELS_bet23_to_bet27,-1.8495,-1.8495,-1.8495,-1.8495,-1.8495,3.000000,3.000000,3.000000,3.000000,3.000000,97.000000,97.000000,97.000000,97.000000,97.000000,5.0,-9.2475,-8.709,-52.4025,-52.941,PENDING_AG03,FALSE,NOT_FOR_ENFORCEMENT,-59.8005,1067.0000,-61.6500,-59.8005,-1.8495,-0.04987864,-0.04838228,-1.8495,-59.8005,-0.04838228,-1.8495,-1.8495,-1.8495,-1.8495,-1.8495,-59.8005,-0.04838228,-9.2475,-8.709,-52.4025,-52.941,-0.04239684,-0.04283249,-0.00149636,68.6667,61.1111,-3.4250,-10.2750,-6.1650,206.0000,3.0000,,68.6667,41.0,61.5,81.0,136.0,150.4,160.0,56.0,23.275,2.445529,2.601626,1.116531,10,7,7,2,0E-8,-0.04987864,,0E-8,0.000000,0.889968,0.000000,,2026-03-23,2026-04-25,6,10,10,34,0.176471,,,0.000000,,,,,,,,GLOBAL_BASELINE_NO_ENTITY_RANKING,,,NOT_APPLICABLE_GLOBAL_BASELINE,HF9g-P5,,,,X 全窗基线 · 不参与实体赏罚,3921890,393,A168_HF9F_20260827_0900,2026-08-27 09:00:00
2026-03-23,73022251,2218,0,218.0000000000,61.0000000000,61.0000000000,0.6666667,3,3,0.50218230000000000,0.502182300000,0.5697959874915163,0.5697959874915164,0.5697959874915163,0E-17,ELIGIBLE,R03b_20260811_FULL_v1,L1_ELIGIBILITY,v2026-08-11,2026-03-21..2026-08-06,baccarat_bet02_101_all_pairs_incl_sentinel,round_win = game_pnl > 0 (decisive only),COMPATIBILITY_ONLY_NOT_PRODUCTION,1236.0000,1100.0000,-61.6500,18,18,0.04987864,,0.04987864,0.04987864,61.6500,1236.0000,THIN_EXPOSURE,0.0000,-1.8495,3.0000,97.0000,AG03-UNRESOLVED,ALL5_LEVELS_bet23_to_bet27,-1.8495,-1.8495,-1.8495,-1.8495,-1.8495,3.000000,3.000000,3.000000,3.000000,3.000000,97.000000,97.000000,97.000000,97.000000,97.000000,5.0,-9.2475,-8.709,-52.4025,-52.941,PENDING_AG03,FALSE,NOT_FOR_ENFORCEMENT,-59.8005,1067.0000,-61.6500,-59.8005,-1.8495,-0.04987864,-0.04838228,-1.8495,-59.8005,-0.04838228,-1.8495,-1.8495,-1.8495,-1.8495,-1.8495,-59.8005,-0.04838228,-9.2475,-8.709,-52.4025,-52.941,-0.04239684,-0.04283249,-0.00149636,68.6667,61.1111,-3.4250,-10.2750,-6.1650,206.0000,3.0000,,68.6667,41.0,61.5,81.0,136.0,150.4,160.0,56.0,23.275,2.445529,2.601626,1.116531,10,7,7,2,0E-8,-0.04987864,,0E-8,0.000000,0.889968,0.000000,,2026-03-23,2026-04-25,6,10,10,34,0.176471,,,0.000000,,,,,,,,GLOBAL_BASELINE_NO_ENTITY_RANKING,,,NOT_APPLICABLE_GLOBAL_BASELINE,HF9g-P5,,,,X 全窗基线 · 不参与实体赏罚,3921891,393,A168_HF9F_20260827_0900,2026-08-27 09:00:00
2026-03-23,73022251,2233,0,189.0000000000,181.6500000000,181.6500000000,1.0000000,3,3,0.50218230000000000,0.502182300000,1.724507524396475,1.7245075243964754,1.724507524396475,0E-17,ELIGIBLE,R03b_20260811_FULL_v1,L1_ELIGIBILITY,v2026-08-11,2026-03-21..2026-08-06,baccarat_bet02_101_all_pairs_incl_sentinel,round_win = game_pnl > 0 (decisive only),COMPATIBILITY_ONLY_NOT_PRODUCTION,1236.0000,1100.0000,-61.6500,18,18,0.04987864,,0.04987864,0.04987864,61.6500,1236.0000,THIN_EXPOSURE,0.0000,-1.8495,3.0000,97.0000,AG03-UNRESOLVED,ALL5_LEVELS_bet23_to_bet27,-1.8495,-1.8495,-1.8495,-1.8495,-1.8495,3.000000,3.000000,3.000000,3.000000,3.000000,97.000000,97.000000,97.000000,97.000000,97.000000,5.0,-9.2475,-8.709,-52.4025,-52.941,PENDING_AG03,FALSE,NOT_FOR_ENFORCEMENT,-59.8005,1067.0000,-61.6500,-59.8005,-1.8495,-0.04987864,-0.04838228,-1.8495,-59.8005,-0.04838228,-1.8495,-1.8495,-1.8495,-1.8495,-1.8495,-59.8005,-0.04838228,-9.2475,-8.709,-52.4025,-52.941,-0.04239684,-0.04283249,-0.00149636,68.6667,61.1111,-3.4250,-10.2750,-6.1650,206.0000,3.0000,,68.6667,41.0,61.5,81.0,136.0,150.4,160.0,56.0,23.275,2.445529,2.601626,1.116531,10,7,7,2,0E-8,-0.04987864,,0E-8,0.000000,0.889968,0.000000,,2026-03-23,2026-04-25,6,10,10,34,0.176471,,,0.000000,,,,,,,,GLOBAL_BASELINE_NO_ENTITY_RANKING,,,NOT_APPLICABLE_GLOBAL_BASELINE,HF9g-P5,,,,X 全窗基线 · 不参与实体赏罚,3921892,393,A168_HF9F_20260827_0900,2026-08-27 09:00:00
2026-03-24,73022251,1401,0,51.0000000000,-51.0000000000,-51.0000000000,0E-7,1,1,0.50665070000000000,0.506650700000,-1.013391052207602,-1.013391052207602,-1.013391052207602,0E-17,ELIGIBLE,R03b_20260811_FULL_v1,L1_ELIGIBILITY,v2026-08-11,2026-03-21..2026-08-06,baccarat_bet02_101_all_pairs_incl_sentinel,round_win = game_pnl > 0 (decisive only),COMPATIBILITY_ONLY_NOT_PRODUCTION,1236.0000,1100.0000,-61.6500,18,18,0.04987864,,0.04987864,0.04987864,61.6500,1236.0000,THIN_EXPOSURE,0.0000,-1.8495,3.0000,97.0000,AG03-UNRESOLVED,ALL5_LEVELS_bet23_to_bet27,-1.8495,-1.8495,-1.8495,-1.8495,-1.8495,3.000000,3.000000,3.000000,3.000000,3.000000,97.000000,97.000000,97.000000,97.000000,97.000000,5.0,-9.2475,-8.709,-52.4025,-52.941,PENDING_AG03,FALSE,NOT_FOR_ENFORCEMENT,-59.8005,1067.0000,-61.6500,-59.8005,-1.8495,-0.04987864,-0.04838228,-1.8495,-59.8005,-0.04838228,-1.8495,-1.8495,-1.8495,-1.8495,-1.8495,-59.8005,-0.04838228,-9.2475,-8.709,-52.4025,-52.941,-0.04239684,-0.04283249,-0.00149636,68.6667,61.1111,-3.4250,-10.2750,-6.1650,206.0000,3.0000,,68.6667,41.0,61.5,81.0,136.0,150.4,160.0,56.0,23.275,2.445529,2.601626,1.116531,10,7,7,2,0E-8,-0.04987864,,0E-8,0.000000,0.889968,0.000000,,2026-03-23,2026-04-25,6,10,10,34,0.176471,,,0.000000,,,,,,,,GLOBAL_BASELINE_NO_ENTITY_RANKING,,,NOT_APPLICABLE_GLOBAL_BASELINE,HF9g-P5,,,,X 全窗基线 · 不参与实体赏罚,3921893,393,A168_HF9F_20260827_0900,2026-08-27 09:00:00
2026-04-01,73022251,2175,0,52.0000000000,-52.0000000000,-52.0000000000,0E-7,1,1,0.49324550000000000,0.493245500000,-0.9865810262130424,-0.9865810262130424,-0.9865810262130424,0E-17,ELIGIBLE,R03b_20260811_FULL_v1,L1_ELIGIBILITY,v2026-08-11,2026-03-21..2026-08-06,baccarat_bet02_101_all_pairs_incl_sentinel,round_win = game_pnl > 0 (decisive only),COMPATIBILITY_ONLY_NOT_PRODUCTION,1236.0000,1100.0000,-61.6500,18,18,0.04987864,,0.04987864,0.04987864,61.6500,1236.0000,THIN_EXPOSURE,0.0000,-1.8495,3.0000,97.0000,AG03-UNRESOLVED,ALL5_LEVELS_bet23_to_bet27,-1.8495,-1.8495,-1.8495,-1.8495,-1.8495,3.000000,3.000000,3.000000,3.000000,3.000000,97.000000,97.000000,97.000000,97.000000,97.000000,5.0,-9.2475,-8.709,-52.4025,-52.941,PENDING_AG03,FALSE,NOT_FOR_ENFORCEMENT,-59.8005,1067.0000,-61.6500,-59.8005,-1.8495,-0.04987864,-0.04838228,-1.8495,-59.8005,-0.04838228,-1.8495,-1.8495,-1.8495,-1.8495,-1.8495,-59.8005,-0.04838228,-9.2475,-8.709,-52.4025,-52.941,-0.04239684,-0.04283249,-0.00149636,68.6667,61.1111,-3.4250,-10.2750,-6.1650,206.0000,3.0000,,68.6667,41.0,61.5,81.0,136.0,150.4,160.0,56.0,23.275,2.445529,2.601626,1.116531,10,7,7,2,0E-8,-0.04987864,,0E-8,0.000000,0.889968,0.000000,,2026-03-23,2026-04-25,6,10,10,34,0.176471,,,0.000000,,,,,,,,GLOBAL_BASELINE_NO_ENTITY_RANKING,,,NOT_APPLICABLE_GLOBAL_BASELINE,HF9g-P5,,,,X 全窗基线 · 不参与实体赏罚,3921894,393,A168_HF9F_20260827_0900,2026-08-27 09:00:00
2026-04-01,73022251,2233,0,27.0000000000,25.6500000000,25.6500000000,1.0000000,1,1,0.50665070000000000,0.506650700000,0.9867858985152569,0.9867858985152569,0.9867858985152569,0E-17,ELIGIBLE,R03b_20260811_FULL_v1,L1_ELIGIBILITY,v2026-08-11,2026-03-21..2026-08-06,baccarat_bet02_101_all_pairs_incl_sentinel,round_win = game_pnl > 0 (decisive only),COMPATIBILITY_ONLY_NOT_PRODUCTION,1236.0000,1100.0000,-61.6500,18,18,0.04987864,,0.04987864,0.04987864,61.6500,1236.0000,THIN_EXPOSURE,0.0000,-1.8495,3.0000,97.0000,AG03-UNRESOLVED,ALL5_LEVELS_bet23_to_bet27,-1.8495,-1.8495,-1.8495,-1.8495,-1.8495,3.000000,3.000000,3.000000,3.000000,3.000000,97.000000,97.000000,97.000000,97.000000,97.000000,5.0,-9.2475,-8.709,-52.4025,-52.941,PENDING_AG03,FALSE,NOT_FOR_ENFORCEMENT,-59.8005,1067.0000,-61.6500,-59.8005,-1.8495,-0.04987864,-0.04838228,-1.8495,-59.8005,-0.04838228,-1.8495,-1.8495,-1.8495,-1.8495,-1.8495,-59.8005,-0.04838228,-9.2475,-8.709,-52.4025,-52.941,-0.04239684,-0.04283249,-0.00149636,68.6667,61.1111,-3.4250,-10.2750,-6.1650,206.0000,3.0000,,68.6667,41.0,61.5,81.0,136.0,150.4,160.0,56.0,23.275,2.445529,2.601626,1.116531,10,7,7,2,0E-8,-0.04987864,,0E-8,0.000000,0.889968,0.000000,,2026-03-23,2026-04-25,6,10,10,34,0.176471,,,0.000000,,,,,,,,GLOBAL_BASELINE_NO_ENTITY_RANKING,,,NOT_APPLICABLE_GLOBAL_BASELINE,HF9g-P5,,,,X 全窗基线 · 不参与实体赏罚,3921895,393,A168_HF9F_20260827_0900,2026-08-27 09:00:00
2026-04-21,73022251,-1,1,34.0000000000,-34.0000000000,-34.0000000000,0E-7,1,1,0.50665070000000000,0.506650700000,-1.013391052207602,-1.013391052207602,-1.013391052207602,0E-17,SENTINEL_DEALER,R03b_20260811_FULL_v1,L1_ELIGIBILITY,v2026-08-11,2026-03-21..2026-08-06,baccarat_bet02_101_all_pairs_incl_sentinel,round_win = game_pnl > 0 (decisive only),COMPATIBILITY_ONLY_NOT_PRODUCTION,1236.0000,1100.0000,-61.6500,18,18,0.04987864,,0.04987864,0.04987864,61.6500,1236.0000,THIN_EXPOSURE,0.0000,-1.8495,3.0000,97.0000,AG03-UNRESOLVED,ALL5_LEVELS_bet23_to_bet27,-1.8495,-1.8495,-1.8495,-1.8495,-1.8495,3.000000,3.000000,3.000000,3.000000,3.000000,97.000000,97.000000,97.000000,97.000000,97.000000,5.0,-9.2475,-8.709,-52.4025,-52.941,PENDING_AG03,FALSE,NOT_FOR_ENFORCEMENT,-59.8005,1067.0000,-61.6500,-59.8005,-1.8495,-0.04987864,-0.04838228,-1.8495,-59.8005,-0.04838228,-1.8495,-1.8495,-1.8495,-1.8495,-1.8495,-59.8005,-0.04838228,-9.2475,-8.709,-52.4025,-52.941,-0.04239684,-0.04283249,-0.00149636,68.6667,61.1111,-3.4250,-10.2750,-6.1650,206.0000,3.0000,,68.6667,41.0,61.5,81.0,136.0,150.4,160.0,56.0,23.275,2.445529,2.601626,1.116531,10,7,7,2,0E-8,-0.04987864,,0E-8,0.000000,0.889968,0.000000,,2026-03-23,2026-04-25,6,10,10,34,0.176471,,,0.000000,,,,,,,,GLOBAL_BASELINE_NO_ENTITY_RANKING,,,NOT_APPLICABLE_GLOBAL_BASELINE,HF9g-P5,,,,X 全窗基线 · 不参与实体赏罚,3921896,393,A168_HF9F_20260827_0900,2026-08-27 09:00:00
2026-04-23,73022251,-1,1,301.0000000000,-21.0500000000,-21.0500000000,0.7500000,4,4,0.49659680000000000,0.496596800000,1.0136362796769356,1.0136362796769358,1.0136362796769356,0E-17,SENTINEL_DEALER,R03b_20260811_FULL_v1,L1_ELIGIBILITY,v2026-08-11,2026-03-21..2026-08-06,baccarat_bet02_101_all_pairs_incl_sentinel,round_win = game_pnl > 0 (decisive only),COMPATIBILITY_ONLY_NOT_PRODUCTION,1236.0000,1100.0000,-61.6500,18,18,0.04987864,,0.04987864,0.04987864,61.6500,1236.0000,THIN_EXPOSURE,0.0000,-1.8495,3.0000,97.0000,AG03-UNRESOLVED,ALL5_LEVELS_bet23_to_bet27,-1.8495,-1.8495,-1.8495,-1.8495,-1.8495,3.000000,3.000000,3.000000,3.000000,3.000000,97.000000,97.000000,97.000000,97.000000,97.000000,5.0,-9.2475,-8.709,-52.4025,-52.941,PENDING_AG03,FALSE,NOT_FOR_ENFORCEMENT,-59.8005,1067.0000,-61.6500,-59.8005,-1.8495,-0.04987864,-0.04838228,-1.8495,-59.8005,-0.04838228,-1.8495,-1.8495,-1.8495,-1.8495,-1.8495,-59.8005,-0.04838228,-9.2475,-8.709,-52.4025,-52.941,-0.04239684,-0.04283249,-0.00149636,68.6667,61.1111,-3.4250,-10.2750,-6.1650,206.0000,3.0000,,68.6667,41.0,61.5,81.0,136.0,150.4,160.0,56.0,23.275,2.445529,2.601626,1.116531,10,7,7,2,0E-8,-0.04987864,,0E-8,0.000000,0.889968,0.000000,,2026-03-23,2026-04-25,6,10,10,34,0.176471,,,0.000000,,,,,,,,GLOBAL_BASELINE_NO_ENTITY_RANKING,,,NOT_APPLICABLE_GLOBAL_BASELINE,HF9g-P5,,,,X 全窗基线 · 不参与实体赏罚,3921897,393,A168_HF9F_20260827_0900,2026-08-27 09:00:00
2026-04-25,73022251,-1,1,206.0000000000,66.5000000000,66.5000000000,1.0000000,2,2,0.50665070000000000,0.506650700000,0.9867858985152569,0.9867858985152569,0.9867858985152569,0E-17,SENTINEL_DEALER,R03b_20260811_FULL_v1,L1_ELIGIBILITY,v2026-08-11,2026-03-21..2026-08-06,baccarat_bet02_101_all_pairs_incl_sentinel,round_win = game_pnl > 0 (decisive only),COMPATIBILITY_ONLY_NOT_PRODUCTION,1236.0000,1100.0000,-61.6500,18,18,0.04987864,,0.04987864,0.04987864,61.6500,1236.0000,THIN_EXPOSURE,0.0000,-1.8495,3.0000,97.0000,AG03-UNRESOLVED,ALL5_LEVELS_bet23_to_bet27,-1.8495,-1.8495,-1.8495,-1.8495,-1.8495,3.000000,3.000000,3.000000,3.000000,3.000000,97.000000,97.000000,97.000000,97.000000,97.000000,5.0,-9.2475,-8.709,-52.4025,-52.941,PENDING_AG03,FALSE,NOT_FOR_ENFORCEMENT,-59.8005,1067.0000,-61.6500,-59.8005,-1.8495,-0.04987864,-0.04838228,-1.8495,-59.8005,-0.04838228,-1.8495,-1.8495,-1.8495,-1.8495,-1.8495,-59.8005,-0.04838228,-9.2475,-8.709,-52.4025,-52.941,-0.04239684,-0.04283249,-0.00149636,68.6667,61.1111,-3.4250,-10.2750,-6.1650,206.0000,3.0000,,68.6667,41.0,61.5,81.0,136.0,150.4,160.0,56.0,23.275,2.445529,2.601626,1.116531,10,7,7,2,0E-8,-0.04987864,,0E-8,0.000000,0.889968,0.000000,,2026-03-23,2026-04-25,6,10,10,34,0.176471,,,0.000000,,,,,,,,GLOBAL_BASELINE_NO_ENTITY_RANKING,,,NOT_APPLICABLE_GLOBAL_BASELINE,HF9g-P5,,,,X 全窗基线 · 不参与实体赏罚,3921898,393,A168_HF9F_20260827_0900,2026-08-27 09:00:00
2026-04-25,73022251,2261,0,136.0000000000,-136.0000000000,-136.0000000000,0E-7,1,1,0.50665070000000000,0.506650700000,-1.013391052207602,-1.013391052207602,-1.013391052207602,0E-17,ELIGIBLE,R03b_20260811_FULL_v1,L1_ELIGIBILITY,v2026-08-11,2026-03-21..2026-08-06,baccarat_bet02_101_all_pairs_incl_sentinel,round_win = game_pnl > 0 (decisive only),COMPATIBILITY_ONLY_NOT_PRODUCTION,1236.0000,1100.0000,-61.6500,18,18,0.04987864,,0.04987864,0.04987864,61.6500,1236.0000,THIN_EXPOSURE,0.0000,-1.8495,3.0000,97.0000,AG03-UNRESOLVED,ALL5_LEVELS_bet23_to_bet27,-1.8495,-1.8495,-1.8495,-1.8495,-1.8495,3.000000,3.000000,3.000000,3.000000,3.000000,97.000000,97.000000,97.000000,97.000000,97.000000,5.0,-9.2475,-8.709,-52.4025,-52.941,PENDING_AG03,FALSE,NOT_FOR_ENFORCEMENT,-59.8005,1067.0000,-61.6500,-59.8005,-1.8495,-0.04987864,-0.04838228,-1.8495,-59.8005,-0.04838228,-1.8495,-1.8495,-1.8495,-1.8495,-1.8495,-59.8005,-0.04838228,-9.2475,-8.709,-52.4025,-52.941,-0.04239684,-0.04283249,-0.00149636,68.6667,61.1111,-3.4250,-10.2750,-6.1650,206.0000,3.0000,,68.6667,41.0,61.5,81.0,136.0,150.4,160.0,56.0,23.275,2.445529,2.601626,1.116531,10,7,7,2,0E-8,-0.04987864,,0E-8,0.000000,0.889968,0.000000,,2026-03-23,2026-04-25,6,10,10,34,0.176471,,,0.000000,,,,,,,,GLOBAL_BASELINE_NO_ENTITY_RANKING,,,NOT_APPLICABLE_GLOBAL_BASELINE,HF9g-P5,,,,X 全窗基线 · 不参与实体赏罚,3921899,393,A168_HF9F_20260827_0900,2026-08-27 09:00:00
2026-08-06,153905283,1645,0,61.6443633935,61.6443633935,61.6443633935,1.0000000,1,1,0.49324550000000000,0.493245500000,1.01360149184955,1.01360149184955,1.01360149184955,0E-17,ELIGIBLE,R03b_20260811_FULL_v1,L1_ELIGIBILITY,v2026-08-11,2026-03-21..2026-08-06,baccarat_bet02_101_all_pairs_incl_sentinel,round_win = game_pnl > 0 (decisive only),COMPATIBILITY_ONLY_NOT_PRODUCTION,61.6444,61.6444,-61.6444,1,1,1.00000000,1.00000000,,1.00000000,61.6444,61.6444,THIN_EXPOSURE,0.0000,-1.8493,3.0000,97.0000,AG03-UNRESOLVED,ALL5_LEVELS_bet23_to_bet27,-1.8493,-1.8493,-1.8493,-2.4658,-2.4658,3.000000,3.000000,3.000000,4.000000,4.000000,97.000000,97.000000,97.000000,96.000000,96.000000,5.0,-10.4795,-9.7941,-51.1648,-51.8503,PENDING_AG03,FALSE,NOT_FOR_ENFORCEMENT,-59.7950,59.7950,-61.6444,-59.7950,-1.8493,-1.00000000,-0.97000000,-1.8493,-59.7950,-0.97000000,-1.8493,-1.8493,-1.8493,-2.4658,-2.4658,-59.7950,-0.97000000,-10.4795,-9.7941,-51.1648,-51.8503,-0.83000000,-0.84111944,-0.03000000,61.6444,61.6444,-61.6444,-61.6444,-61.6444,61.6444,1.0000,61.6444,,61.6444,61.6444,61.6444,61.6444,61.6444,61.6444,61.6444,61.6444,1.0,1.0,1.0,1,1,1,1,1.00000000,-1.00000000,-1.00000000,0E-8,0.000000,1.000000,0.000000,,2026-08-06,2026-08-06,1,1,1,1,1.000000,,1.000000,3.333333,,,,,,,,GLOBAL_BASELINE_NO_ENTITY_RANKING,,,NOT_APPLICABLE_GLOBAL_BASELINE,HF9g-P5,,,,X 全窗基线 · 不参与实体赏罚,3921900,393,A168_HF9F_20260827_0900,2026-08-27 09:00:00
2026-08-04,153822979,1307,0,25.6851514140,-25.6851514140,-25.6851514140,0E-7,2,2,0.49324550000000000,0.493245500000,-1.3952362676504506,-1.3952362676504506,-1.3952362676504506,0E-17,ELIGIBLE,R03b_20260811_FULL_v1,L1_ELIGIBILITY,v2026-08-11,2026-03-21..2026-08-06,baccarat_bet02_101_all_pairs_incl_sentinel,round_win = game_pnl > 0 (decisive only),COMPATIBILITY_ONLY_NOT_PRODUCTION,115.5832,115.5832,-61.6444,8,8,0.53333333,0.53333333,,0.53333333,61.6444,115.5832,THIN_EXPOSURE,0.0000,-1.8493,3.0000,97.0000,AG03-UNRESOLVED,ALL5_LEVELS_bet23_to_bet27,-1.8493,-1.8493,-1.8493,-2.4658,-2.4658,3.000000,3.000000,3.000000,4.000000,4.000000,97.000000,97.000000,97.000000,96.000000,96.000000,5.0,-10.4795,-9.7941,-51.1648,-51.8503,PENDING_AG03,FALSE,NOT_FOR_ENFORCEMENT,-59.7950,112.1157,-61.6444,-59.7950,-1.8493,-0.53333333,-0.51733333,-1.8493,-59.7950,-0.51733333,-1.8493,-1.8493,-1.8493,-2.4658,-2.4658,-59.7950,-0.51733333,-10.4795,-9.7941,-51.1648,-51.8503,-0.44266667,-0.44859703,-0.01600000,14.4479,14.4479,-7.7055,-61.6444,-61.6444,115.5832,8.0000,14.4479,,12.8426,12.8426,12.8426,21.8324,25.6852,25.6852,12.8426,12.2004,2.0,2.0,1.125,1,2,1,2,1.00000000,-0.53333333,-0.53333333,0E-8,0.000000,1.000000,0.000000,,2026-08-04,2026-08-04,1,1,1,1,1.000000,,1.000000,3.333333,,,,,,,,GLOBAL_BASELINE_NO_ENTITY_RANKING,,,NOT_APPLICABLE_GLOBAL_BASELINE,HF9g-P5,,,,X 全窗基线 · 不参与实体赏罚,3921901,393,A168_HF9F_20260827_0900,2026-08-27 09:00:00
2026-08-04,153822979,2252,0,89.8980299490,87.3295148074,87.3295148074,1.0000000,6,6,0.50218230000000000,0.502182300000,2.4388219294159463,2.4388219294159463,2.4388219294159463,0E-17,ELIGIBLE,R03b_20260811_FULL_v1,L1_ELIGIBILITY,v2026-08-11,2026-03-21..2026-08-06,baccarat_bet02_101_all_pairs_incl_sentinel,round_win = game_pnl > 0 (decisive only),COMPATIBILITY_ONLY_NOT_PRODUCTION,115.5832,115.5832,-61.6444,8,8,0.53333333,0.53333333,,0.53333333,61.6444,115.5832,THIN_EXPOSURE,0.0000,-1.8493,3.0000,97.0000,AG03-UNRESOLVED,ALL5_LEVELS_bet23_to_bet27,-1.8493,-1.8493,-1.8493,-2.4658,-2.4658,3.000000,3.000000,3.000000,4.000000,4.000000,97.000000,97.000000,97.000000,96.000000,96.000000,5.0,-10.4795,-9.7941,-51.1648,-51.8503,PENDING_AG03,FALSE,NOT_FOR_ENFORCEMENT,-59.7950,112.1157,-61.6444,-59.7950,-1.8493,-0.53333333,-0.51733333,-1.8493,-59.7950,-0.51733333,-1.8493,-1.8493,-1.8493,-2.4658,-2.4658,-59.7950,-0.51733333,-10.4795,-9.7941,-51.1648,-51.8503,-0.44266667,-0.44859703,-0.01600000,14.4479,14.4479,-7.7055,-61.6444,-61.6444,115.5832,8.0000,14.4479,,12.8426,12.8426,12.8426,21.8324,25.6852,25.6852,12.8426,12.2004,2.0,2.0,1.125,1,2,1,2,1.00000000,-0.53333333,-0.53333333,0E-8,0.000000,1.000000,0.000000,,2026-08-04,2026-08-04,1,1,1,1,1.000000,,1.000000,3.333333,,,,,,,,GLOBAL_BASELINE_NO_ENTITY_RANKING,,,NOT_APPLICABLE_GLOBAL_BASELINE,HF9g-P5,,,,X 全窗基线 · 不参与实体赏罚,3921902,393,A168_HF9F_20260827_0900,2026-08-27 09:00:00
2026-08-06,153920796,1017,0,10.2740605656,5.1370302828,5.1370302828,1.0000000,2,2,0.49324550000000000,0.493245500000,1.01360149184955,1.01360149184955,1.01360149184955,0E-17,ELIGIBLE,R03b_20260811_FULL_v1,L1_ELIGIBILITY,v2026-08-11,2026-03-21..2026-08-06,baccarat_bet02_101_all_pairs_incl_sentinel,round_win = game_pnl > 0 (decisive only),COMPATIBILITY_ONLY_NOT_PRODUCTION,148.9739,143.8368,-61.6444,29,29,0.41379310,0.41379310,,0.41379310,61.6444,148.9739,THIN_EXPOSURE,0.0000,-1.8493,3.0000,97.0000,AG03-UNRESOLVED,ALL5_LEVELS_bet23_to_bet27,-1.8493,-1.8493,-1.8493,-2.4658,-2.4658,3.000000,3.000000,3.000000,4.000000,4.000000,97.000000,97.000000,97.000000,96.000000,96.000000,5.0,-10.4795,-9.7941,-51.1648,-51.8503,PENDING_AG03,FALSE,NOT_FOR_ENFORCEMENT,-59.7950,139.5217,-61.6444,-59.7950,-1.8493,-0.41379310,-0.40137931,-1.8493,-59.7950,-0.40137931,-1.8493,-1.8493,-1.8493,-2.4658,-2.4658,-59.7950,-0.40137931,-10.4795,-9.7941,-51.1648,-51.8503,-0.34344828,-0.34804942,-0.01241379,5.1370,4.9599,-2.1257,-61.6444,-8.8063,148.9739,29.0000,5.1370,,5.137,5.137,5.137,5.137,5.137,5.137,5.137,5.137,1.0,1.0,1.0,6,6,1,1,1.00000000,-0.41379310,-0.41379310,0E-8,0.000000,0.965517,0.000000,,2026-08-06,2026-08-06,1,7,6,1,1.000000,,1.000000,3.333333,,,,,,,,GLOBAL_BASELINE_NO_ENTITY_RANKING,,,NOT_APPLICABLE_GLOBAL_BASELINE,HF9g-P5,,,,X 全窗基线 · 不参与实体赏罚,3921903,393,A168_HF9F_20260827_0900,2026-08-27 09:00:00
2026-08-06,153920796,1325,0,30.8221816968,20.5481211312,20.5481211312,0.8333333,6,6,0.49324550000000000,0.493245500000,1.666235363940442,1.6662353639404415,1.666235363940442,0E-17,ELIGIBLE,R03b_20260811_FULL_v1,L1_ELIGIBILITY,v2026-08-11,2026-03-21..2026-08-06,baccarat_bet02_101_all_pairs_incl_sentinel,round_win = game_pnl > 0 (decisive only),COMPATIBILITY_ONLY_NOT_PRODUCTION,148.9739,143.8368,-61.6444,29,29,0.41379310,0.41379310,,0.41379310,61.6444,148.9739,THIN_EXPOSURE,0.0000,-1.8493,3.0000,97.0000,AG03-UNRESOLVED,ALL5_LEVELS_bet23_to_bet27,-1.8493,-1.8493,-1.8493,-2.4658,-2.4658,3.000000,3.000000,3.000000,4.000000,4.000000,97.000000,97.000000,97.000000,96.000000,96.000000,5.0,-10.4795,-9.7941,-51.1648,-51.8503,PENDING_AG03,FALSE,NOT_FOR_ENFORCEMENT,-59.7950,139.5217,-61.6444,-59.7950,-1.8493,-0.41379310,-0.40137931,-1.8493,-59.7950,-0.40137931,-1.8493,-1.8493,-1.8493,-2.4658,-2.4658,-59.7950,-0.40137931,-10.4795,-9.7941,-51.1648,-51.8503,-0.34344828,-0.34804942,-0.01241379,5.1370,4.9599,-2.1257,-61.6444,-8.8063,148.9739,29.0000,5.1370,,5.137,5.137,5.137,5.137,5.137,5.137,5.137,5.137,1.0,1.0,1.0,6,6,1,1,1.00000000,-0.41379310,-0.41379310,0E-8,0.000000,0.965517,0.000000,,2026-08-06,2026-08-06,1,7,6,1,1.000000,,1.000000,3.333333,,,,,,,,GLOBAL_BASELINE_NO_ENTITY_RANKING,,,NOT_APPLICABLE_GLOBAL_BASELINE,HF9g-P5,,,,X 全窗基线 · 不参与实体赏罚,3921904,393,A168_HF9F_20260827_0900,2026-08-27 09:00:00
2026-08-06,153920796,1384,0,35.9592119796,25.6851514140,25.6851514140,0.8571429,7,7,0.49324550000000000,0.493245500000,1.925739544596175,1.9257395445961751,1.925739544596175,0E-17,ELIGIBLE,R03b_20260811_FULL_v1,L1_ELIGIBILITY,v2026-08-11,2026-03-21..2026-08-06,baccarat_bet02_101_all_pairs_incl_sentinel,round_win = game_pnl > 0 (decisive only),COMPATIBILITY_ONLY_NOT_PRODUCTION,148.9739,143.8368,-61.6444,29,29,0.41379310,0.41379310,,0.41379310,61.6444,148.9739,THIN_EXPOSURE,0.0000,-1.8493,3.0000,97.0000,AG03-UNRESOLVED,ALL5_LEVELS_bet23_to_bet27,-1.8493,-1.8493,-1.8493,-2.4658,-2.4658,3.000000,3.000000,3.000000,4.000000,4.000000,97.000000,97.000000,97.000000,96.000000,96.000000,5.0,-10.4795,-9.7941,-51.1648,-51.8503,PENDING_AG03,FALSE,NOT_FOR_ENFORCEMENT,-59.7950,139.5217,-61.6444,-59.7950,-1.8493,-0.41379310,-0.40137931,-1.8493,-59.7950,-0.40137931,-1.8493,-1.8493,-1.8493,-2.4658,-2.4658,-59.7950,-0.40137931,-10.4795,-9.7941,-51.1648,-51.8503,-0.34344828,-0.34804942,-0.01241379,5.1370,4.9599,-2.1257,-61.6444,-8.8063,148.9739,29.0000,5.1370,,5.137,5.137,5.137,5.137,5.137,5.137,5.137,5.137,1.0,1.0,1.0,6,6,1,1,1.00000000,-0.41379310,-0.41379310,0E-8,0.000000,0.965517,0.000000,,2026-08-06,2026-08-06,1,7,6,1,1.000000,,1.000000,3.333333,,,,,,,,GLOBAL_BASELINE_NO_ENTITY_RANKING,,,NOT_APPLICABLE_GLOBAL_BASELINE,HF9g-P5,,,,X 全窗基线 · 不参与实体赏罚,3921905,393,A168_HF9F_20260827_0900,2026-08-27 09:00:00
2026-08-06,153920796,2155,0,20.5481211312,20.5481211312,20.5481211312,1.0000000,4,4,0.49324550000000000,0.493245500000,2.0272029836991,2.0272029836991,2.0272029836991,0E-17,ELIGIBLE,R03b_20260811_FULL_v1,L1_ELIGIBILITY,v2026-08-11,2026-03-21..2026-08-06,baccarat_bet02_101_all_pairs_incl_sentinel,round_win = game_pnl > 0 (decisive only),COMPATIBILITY_ONLY_NOT_PRODUCTION,148.9739,143.8368,-61.6444,29,29,0.41379310,0.41379310,,0.41379310,61.6444,148.9739,THIN_EXPOSURE,0.0000,-1.8493,3.0000,97.0000,AG03-UNRESOLVED,ALL5_LEVELS_bet23_to_bet27,-1.8493,-1.8493,-1.8493,-2.4658,-2.4658,3.000000,3.000000,3.000000,4.000000,4.000000,97.000000,97.000000,97.000000,96.000000,96.000000,5.0,-10.4795,-9.7941,-51.1648,-51.8503,PENDING_AG03,FALSE,NOT_FOR_ENFORCEMENT,-59.7950,139.5217,-61.6444,-59.7950,-1.8493,-0.41379310,-0.40137931,-1.8493,-59.7950,-0.40137931,-1.8493,-1.8493,-1.8493,-2.4658,-2.4658,-59.7950,-0.40137931,-10.4795,-9.7941,-51.1648,-51.8503,-0.34344828,-0.34804942,-0.01241379,5.1370,4.9599,-2.1257,-61.6444,-8.8063,148.9739,29.0000,5.1370,,5.137,5.137,5.137,5.137,5.137,5.137,5.137,5.137,1.0,1.0,1.0,6,6,1,1,1.00000000,-0.41379310,-0.41379310,0E-8,0.000000,0.965517,0.000000,,2026-08-06,2026-08-06,1,7,6,1,1.000000,,1.000000,3.333333,,,,,,,,GLOBAL_BASELINE_NO_ENTITY_RANKING,,,NOT_APPLICABLE_GLOBAL_BASELINE,HF9g-P5,,,,X 全窗基线 · 不参与实体赏罚,3921906,393,A168_HF9F_20260827_0900,2026-08-27 09:00:00
2026-08-06,153920796,2196,0,25.6851514140,-5.1370302828,-5.1370302828,0.4000000,5,5,0.49324550000000000,0.493245500000,-0.4170446088060018,-0.4170446088060018,-0.4170446088060018,0E-17,ELIGIBLE,R03b_20260811_FULL_v1,L1_ELIGIBILITY,v2026-08-11,2026-03-21..2026-08-06,baccarat_bet02_101_all_pairs_incl_sentinel,round_win = game_pnl > 0 (decisive only),COMPATIBILITY_ONLY_NOT_PRODUCTION,148.9739,143.8368,-61.6444,29,29,0.41379310,0.41379310,,0.41379310,61.6444,148.9739,THIN_EXPOSURE,0.0000,-1.8493,3.0000,97.0000,AG03-UNRESOLVED,ALL5_LEVELS_bet23_to_bet27,-1.8493,-1.8493,-1.8493,-2.4658,-2.4658,3.000000,3.000000,3.000000,4.000000,4.000000,97.000000,97.000000,97.000000,96.000000,96.000000,5.0,-10.4795,-9.7941,-51.1648,-51.8503,PENDING_AG03,FALSE,NOT_FOR_ENFORCEMENT,-59.7950,139.5217,-61.6444,-59.7950,-1.8493,-0.41379310,-0.40137931,-1.8493,-59.7950,-0.40137931,-1.8493,-1.8493,-1.8493,-2.4658,-2.4658,-59.7950,-0.40137931,-10.4795,-9.7941,-51.1648,-51.8503,-0.34344828,-0.34804942,-0.01241379,5.1370,4.9599,-2.1257,-61.6444,-8.8063,148.9739,29.0000,5.1370,,5.137,5.137,5.137,5.137,5.137,5.137,5.137,5.137,1.0,1.0,1.0,6,6,1,1,1.00000000,-0.41379310,-0.41379310,0E-8,0.000000,0.965517,0.000000,,2026-08-06,2026-08-06,1,7,6,1,1.000000,,1.000000,3.333333,,,,,,,,GLOBAL_BASELINE_NO_ENTITY_RANKING,,,NOT_APPLICABLE_GLOBAL_BASELINE,HF9g-P5,,,,X 全窗基线 · 不参与实体赏罚,3921907,393,A168_HF9F_20260827_0900,2026-08-27 09:00:00
2026-08-06,153920796,2233,0,25.6851514140,-5.1370302828,-5.1370302828,0.4000000,5,5,0.49324550000000000,0.493245500000,-0.4170446088060018,-0.4170446088060018,-0.4170446088060018,0E-17,ELIGIBLE,R03b_20260811_FULL_v1,L1_ELIGIBILITY,v2026-08-11,2026-03-21..2026-08-06,baccarat_bet02_101_all_pairs_incl_sentinel,round_win = game_pnl > 0 (decisive only),COMPATIBILITY_ONLY_NOT_PRODUCTION,148.9739,143.8368,-61.6444,29,29,0.41379310,0.41379310,,0.41379310,61.6444,148.9739,THIN_EXPOSURE,0.0000,-1.8493,3.0000,97.0000,AG03-UNRESOLVED,ALL5_LEVELS_bet23_to_bet27,-1.8493,-1.8493,-1.8493,-2.4658,-2.4658,3.000000,3.000000,3.000000,4.000000,4.000000,97.000000,97.000000,97.000000,96.000000,96.000000,5.0,-10.4795,-9.7941,-51.1648,-51.8503,PENDING_AG03,FALSE,NOT_FOR_ENFORCEMENT,-59.7950,139.5217,-61.6444,-59.7950,-1.8493,-0.41379310,-0.40137931,-1.8493,-59.7950,-0.40137931,-1.8493,-1.8493,-1.8493,-2.4658,-2.4658,-59.7950,-0.40137931,-10.4795,-9.7941,-51.1648,-51.8503,-0.34344828,-0.34804942,-0.01241379,5.1370,4.9599,-2.1257,-61.6444,-8.8063,148.9739,29.0000,5.1370,,5.137,5.137,5.137,5.137,5.137,5.137,5.137,5.137,1.0,1.0,1.0,6,6,1,1,1.00000000,-0.41379310,-0.41379310,0E-8,0.000000,0.965517,0.000000,,2026-08-06,2026-08-06,1,7,6,1,1.000000,,1.000000,3.333333,,,,,,,,GLOBAL_BASELINE_NO_ENTITY_RANKING,,,NOT_APPLICABLE_GLOBAL_BASELINE,HF9g-P5,,,,X 全窗基线 · 不参与实体赏罚,3921908,393,A168_HF9F_20260827_0900,2026-08-27 09:00:00
2026-04-23,149072952,1299,0,51.0431117976,-22.2495615528,-22.2495615528,0.3333333,3,3,0.49324550000000000,0.493245500000,-0.5540025479526107,-0.5540025479526106,-0.5540025479526107,0E-17,ELIGIBLE,R03b_20260811_FULL_v1,L1_ELIGIBILITY,v2026-08-11,2026-03-21..2026-08-06,baccarat_bet02_101_all_pairs_incl_sentinel,round_win = game_pnl > 0 (decisive only),COMPATIBILITY_ONLY_NOT_PRODUCTION,154.4381,146.5853,-61.6444,11,11,0.39915254,,0.39915254,0.39915254,61.6444,154.4381,THIN_EXPOSURE,0.0000,-1.8493,3.0000,97.0000,AG03-UNRESOLVED,ALL5_LEVELS_bet23_to_bet27,-1.8493,-1.8493,-1.8493,-2.4658,-2.4658,3.000000,3.000000,3.000000,4.000000,4.000000,97.000000,97.000000,97.000000,96.000000,96.000000,5.0,-10.4795,-9.7941,-51.1648,-51.8503,PENDING_AG03,FALSE,NOT_FOR_ENFORCEMENT,-59.7950,142.1878,-61.6444,-59.7950,-1.8493,-0.39915254,-0.38717797,-1.8493,-59.7950,-0.38717797,-1.8493,-1.8493,-1.8493,-2.4658,-2.4658,-59.7950,-0.38717797,-10.4795,-9.7941,-51.1648,-51.8503,-0.33129661,-0.33573496,-0.01197458,14.0398,13.3259,-5.6040,-61.6444,-12.3289,154.4381,11.0000,,14.0398,8.5072,13.088,15.3784,26.176,26.176,26.176,13.088,12.4336,2.0,2.0,1.072727,5,6,1,2,0E-8,-0.39915254,,0E-8,0.000000,0.949153,0.000000,,2026-04-23,2026-04-23,1,5,5,1,1.000000,,,0.000000,,,,,,,,GLOBAL_BASELINE_NO_ENTITY_RANKING,,,NOT_APPLICABLE_GLOBAL_BASELINE,HF9g-P5,,,,X 全窗基线 · 不参与实体赏罚,3921909,393,A168_HF9F_20260827_0900,2026-08-27 09:00:00
2026-04-23,149072952,1994,0,23.5583592912,23.5583592912,23.5583592912,1.0000000,2,2,0.49324550000000000,0.493245500000,1.4334489766152358,1.4334489766152358,1.4334489766152358,0E-17,ELIGIBLE,R03b_20260811_FULL_v1,L1_ELIGIBILITY,v2026-08-11,2026-03-21..2026-08-06,baccarat_bet02_101_all_pairs_incl_sentinel,round_win = game_pnl > 0 (decisive only),COMPATIBILITY_ONLY_NOT_PRODUCTION,154.4381,146.5853,-61.6444,11,11,0.39915254,,0.39915254,0.39915254,61.6444,154.4381,THIN_EXPOSURE,0.0000,-1.8493,3.0000,97.0000,AG03-UNRESOLVED,ALL5_LEVELS_bet23_to_bet27,-1.8493,-1.8493,-1.8493,-2.4658,-2.4658,3.000000,3.000000,3.000000,4.000000,4.000000,97.000000,97.000000,97.000000,96.000000,96.000000,5.0,-10.4795,-9.7941,-51.1648,-51.8503,PENDING_AG03,FALSE,NOT_FOR_ENFORCEMENT,-59.7950,142.1878,-61.6444,-59.7950,-1.8493,-0.39915254,-0.38717797,-1.8493,-59.7950,-0.38717797,-1.8493,-1.8493,-1.8493,-2.4658,-2.4658,-59.7950,-0.38717797,-10.4795,-9.7941,-51.1648,-51.8503,-0.33129661,-0.33573496,-0.01197458,14.0398,13.3259,-5.6040,-61.6444,-12.3289,154.4381,11.0000,,14.0398,8.5072,13.088,15.3784,26.176,26.176,26.176,13.088,12.4336,2.0,2.0,1.072727,5,6,1,2,0E-8,-0.39915254,,0E-8,0.000000,0.949153,0.000000,,2026-04-23,2026-04-23,1,5,5,1,1.000000,,,0.000000,,,,,,,,GLOBAL_BASELINE_NO_ENTITY_RANKING,,,NOT_APPLICABLE_GLOBAL_BASELINE,HF9g-P5,,,,X 全窗基线 · 不参与实体赏罚,3921910,393,A168_HF9F_20260827_0900,2026-08-27 09:00:00
2026-04-23,149072952,2130,0,26.1759547680,25.5215558988,25.5215558988,1.0000000,2,2,0.49994810000000000,0.499948100000,1.4143603653603398,1.4143603653603398,1.4143603653603398,0E-17,ELIGIBLE,R03b_20260811_FULL_v1,L1_ELIGIBILITY,v2026-08-11,2026-03-21..2026-08-06,baccarat_bet02_101_all_pairs_incl_sentinel,round_win = game_pnl > 0 (decisive only),COMPATIBILITY_ONLY_NOT_PRODUCTION,154.4381,146.5853,-61.6444,11,11,0.39915254,,0.39915254,0.39915254,61.6444,154.4381,THIN_EXPOSURE,0.0000,-1.8493,3.0000,97.0000,AG03-UNRESOLVED,ALL5_LEVELS_bet23_to_bet27,-1.8493,-1.8493,-1.8493,-2.4658,-2.4658,3.000000,3.000000,3.000000,4.000000,4.000000,97.000000,97.000000,97.000000,96.000000,96.000000,5.0,-10.4795,-9.7941,-51.1648,-51.8503,PENDING_AG03,FALSE,NOT_FOR_ENFORCEMENT,-59.7950,142.1878,-61.6444,-59.7950,-1.8493,-0.39915254,-0.38717797,-1.8493,-59.7950,-0.38717797,-1.8493,-1.8493,-1.8493,-2.4658,-2.4658,-59.7950,-0.38717797,-10.4795,-9.7941,-51.1648,-51.8503,-0.33129661,-0.33573496,-0.01197458,14.0398,13.3259,-5.6040,-61.6444,-12.3289,154.4381,11.0000,,14.0398,8.5072,13.088,15.3784,26.176,26.176,26.176,13.088,12.4336,2.0,2.0,1.072727,5,6,1,2,0E-8,-0.39915254,,0E-8,0.000000,0.949153,0.000000,,2026-04-23,2026-04-23,1,5,5,1,1.000000,,,0.000000,,,,,,,,GLOBAL_BASELINE_NO_ENTITY_RANKING,,,NOT_APPLICABLE_GLOBAL_BASELINE,HF9g-P5,,,,X 全窗基线 · 不参与实体赏罚,3921911,393,A168_HF9F_20260827_0900,2026-08-27 09:00:00
2026-04-23,149072952,2202,0,7.8527864304,0E-10,0E-10,,1,1,0.50665070000000000,0.506650700000,,,,0E-17,NO_DECISIVE_ROUND,R03b_20260811_FULL_v1,L1_ELIGIBILITY,v2026-08-11,2026-03-21..2026-08-06,baccarat_bet02_101_all_pairs_incl_sentinel,round_win = game_pnl > 0 (decisive only),COMPATIBILITY_ONLY_NOT_PRODUCTION,154.4381,146.5853,-61.6444,11,11,0.39915254,,0.39915254,0.39915254,61.6444,154.4381,THIN_EXPOSURE,0.0000,-1.8493,3.0000,97.0000,AG03-UNRESOLVED,ALL5_LEVELS_bet23_to_bet27,-1.8493,-1.8493,-1.8493,-2.4658,-2.4658,3.000000,3.000000,3.000000,4.000000,4.000000,97.000000,97.000000,97.000000,96.000000,96.000000,5.0,-10.4795,-9.7941,-51.1648,-51.8503,PENDING_AG03,FALSE,NOT_FOR_ENFORCEMENT,-59.7950,142.1878,-61.6444,-59.7950,-1.8493,-0.39915254,-0.38717797,-1.8493,-59.7950,-0.38717797,-1.8493,-1.8493,-1.8493,-2.4658,-2.4658,-59.7950,-0.38717797,-10.4795,-9.7941,-51.1648,-51.8503,-0.33129661,-0.33573496,-0.01197458,14.0398,13.3259,-5.6040,-61.6444,-12.3289,154.4381,11.0000,,14.0398,8.5072,13.088,15.3784,26.176,26.176,26.176,13.088,12.4336,2.0,2.0,1.072727,5,6,1,2,0E-8,-0.39915254,,0E-8,0.000000,0.949153,0.000000,,2026-04-23,2026-04-23,1,5,5,1,1.000000,,,0.000000,,,,,,,,GLOBAL_BASELINE_NO_ENTITY_RANKING,,,NOT_APPLICABLE_GLOBAL_BASELINE,HF9g-P5,,,,X 全窗基线 · 不参与实体赏罚,3921912,393,A168_HF9F_20260827_0900,2026-08-27 09:00:00
2026-04-23,149072952,2271,0,40.3109703427,40.3109703427,40.3109703427,1.0000000,2,2,0.49324550000000000,0.493245500000,1.4334489766152358,1.4334489766152358,1.4334489766152358,0E-17,ELIGIBLE,R03b_20260811_FULL_v1,L1_ELIGIBILITY,v2026-08-11,2026-03-21..2026-08-06,baccarat_bet02_101_all_pairs_incl_sentinel,round_win = game_pnl > 0 (decisive only),COMPATIBILITY_ONLY_NOT_PRODUCTION,154.4381,146.5853,-61.6444,11,11,0.39915254,,0.39915254,0.39915254,61.6444,154.4381,THIN_EXPOSURE,0.0000,-1.8493,3.0000,97.0000,AG03-UNRESOLVED,ALL5_LEVELS_bet23_to_bet27,-1.8493,-1.8493,-1.8493,-2.4658,-2.4658,3.000000,3.000000,3.000000,4.000000,4.000000,97.000000,97.000000,97.000000,96.000000,96.000000,5.0,-10.4795,-9.7941,-51.1648,-51.8503,PENDING_AG03,FALSE,NOT_FOR_ENFORCEMENT,-59.7950,142.1878,-61.6444,-59.7950,-1.8493,-0.39915254,-0.38717797,-1.8493,-59.7950,-0.38717797,-1.8493,-1.8493,-1.8493,-2.4658,-2.4658,-59.7950,-0.38717797,-10.4795,-9.7941,-51.1648,-51.8503,-0.33129661,-0.33573496,-0.01197458,14.0398,13.3259,-5.6040,-61.6444,-12.3289,154.4381,11.0000,,14.0398,8.5072,13.088,15.3784,26.176,26.176,26.176,13.088,12.4336,2.0,2.0,1.072727,5,6,1,2,0E-8,-0.39915254,,0E-8,0.000000,0.949153,0.000000,,2026-04-23,2026-04-23,1,5,5,1,1.000000,,,0.000000,,,,,,,,GLOBAL_BASELINE_NO_ENTITY_RANKING,,,NOT_APPLICABLE_GLOBAL_BASELINE,HF9g-P5,,,,X 全窗基线 · 不参与实体赏罚,3921913,393,A168_HF9F_20260827_0900,2026-08-27 09:00:00
2026-04-23,149072952,595,0,5.4969505013,-5.4969505013,-5.4969505013,0E-7,1,1,0.49324550000000000,0.493245500000,-0.9865810262130424,-0.9865810262130424,-0.9865810262130424,0E-17,ELIGIBLE,R03b_20260811_FULL_v1,L1_ELIGIBILITY,v2026-08-11,2026-03-21..2026-08-06,baccarat_bet02_101_all_pairs_incl_sentinel,round_win = game_pnl > 0 (decisive only),COMPATIBILITY_ONLY_NOT_PRODUCTION,154.4381,146.5853,-61.6444,11,11,0.39915254,,0.39915254,0.39915254,61.6444,154.4381,THIN_EXPOSURE,0.0000,-1.8493,3.0000,97.0000,AG03-UNRESOLVED,ALL5_LEVELS_bet23_to_bet27,-1.8493,-1.8493,-1.8493,-2.4658,-2.4658,3.000000,3.000000,3.000000,4.000000,4.000000,97.000000,97.000000,97.000000,96.000000,96.000000,5.0,-10.4795,-9.7941,-51.1648,-51.8503,PENDING_AG03,FALSE,NOT_FOR_ENFORCEMENT,-59.7950,142.1878,-61.6444,-59.7950,-1.8493,-0.39915254,-0.38717797,-1.8493,-59.7950,-0.38717797,-1.8493,-1.8493,-1.8493,-2.4658,-2.4658,-59.7950,-0.38717797,-10.4795,-9.7941,-51.1648,-51.8503,-0.33129661,-0.33573496,-0.01197458,14.0398,13.3259,-5.6040,-61.6444,-12.3289,154.4381,11.0000,,14.0398,8.5072,13.088,15.3784,26.176,26.176,26.176,13.088,12.4336,2.0,2.0,1.072727,5,6,1,2,0E-8,-0.39915254,,0E-8,0.000000,0.949153,0.000000,,2026-04-23,2026-04-23,1,5,5,1,1.000000,,,0.000000,,,,,,,,GLOBAL_BASELINE_NO_ENTITY_RANKING,,,NOT_APPLICABLE_GLOBAL_BASELINE,HF9g-P5,,,,X 全窗基线 · 不参与实体赏罚,3921914,393,A168_HF9F_20260827_0900,2026-08-27 09:00:00
2026-08-06,153923954,1325,0,38.5277271210,11.5583181362,11.5583181362,0.6666667,3,3,0.50665070000000000,0.506650700000,0.5543606114942035,0.5543606114942035,0.5543606114942035,0E-17,ELIGIBLE,R03b_20260811_FULL_v1,L1_ELIGIBILITY,v2026-08-11,2026-03-21..2026-08-06,baccarat_bet02_101_all_pairs_incl_sentinel,round_win = game_pnl > 0 (decisive only),COMPATIBILITY_ONLY_NOT_PRODUCTION,269.6941,244.0089,-61.6444,13,13,0.22857143,0.22857143,,0.22857143,61.6444,269.6941,THIN_EXPOSURE,0.0000,-1.8493,3.0000,97.0000,AG03-UNRESOLVED,ALL5_LEVELS_bet23_to_bet27,-1.8493,-1.8493,-1.8493,-2.4658,-2.4658,3.000000,3.000000,3.000000,4.000000,4.000000,97.000000,97.000000,97.000000,96.000000,96.000000,5.0,-10.4795,-9.7941,-51.1648,-51.8503,PENDING_AG03,FALSE,NOT_FOR_ENFORCEMENT,-59.7950,236.6887,-61.6444,-59.7950,-1.8493,-0.22857143,-0.22171429,-1.8493,-59.7950,-0.22171429,-1.8493,-1.8493,-1.8493,-2.4658,-2.4658,-59.7950,-0.22171429,-10.4795,-9.7941,-51.1648,-51.8503,-0.18971429,-0.19225587,-0.00685714,20.7457,18.7699,-4.7419,-61.6444,-61.6444,269.6941,13.0000,20.7457,,12.8426,12.8426,25.6852,35.9592,69.3499,77.0555,12.8426,0.0,5.399997,6.0,1.615385,1,2,1,2,1.00000000,-0.22857143,-0.22857143,0E-8,0.000000,0.904762,0.000000,,2026-08-06,2026-08-06,1,1,1,1,1.000000,,1.000000,3.333333,,,,,,,,GLOBAL_BASELINE_NO_ENTITY_RANKING,,,NOT_APPLICABLE_GLOBAL_BASELINE,HF9g-P5,,,,X 全窗基线 · 不参与实体赏罚,3921915,393,A168_HF9F_20260827_0900,2026-08-27 09:00:00
2026-08-06,153923954,2101,0,231.1663627259,50.0860452571,50.0860452571,0.5000000,10,10,0.50128862000000000,0.501288620000,-0.00728955973225404,-0.00728955973225404,-0.00728955973225404,0E-17,ELIGIBLE,R03b_20260811_FULL_v1,L1_ELIGIBILITY,v2026-08-11,2026-03-21..2026-08-06,baccarat_bet02_101_all_pairs_incl_sentinel,round_win = game_pnl > 0 (decisive only),COMPATIBILITY_ONLY_NOT_PRODUCTION,269.6941,244.0089,-61.6444,13,13,0.22857143,0.22857143,,0.22857143,61.6444,269.6941,THIN_EXPOSURE,0.0000,-1.8493,3.0000,97.0000,AG03-UNRESOLVED,ALL5_LEVELS_bet23_to_bet27,-1.8493,-1.8493,-1.8493,-2.4658,-2.4658,3.000000,3.000000,3.000000,4.000000,4.000000,97.000000,97.000000,97.000000,96.000000,96.000000,5.0,-10.4795,-9.7941,-51.1648,-51.8503,PENDING_AG03,FALSE,NOT_FOR_ENFORCEMENT,-59.7950,236.6887,-61.6444,-59.7950,-1.8493,-0.22857143,-0.22171429,-1.8493,-59.7950,-0.22171429,-1.8493,-1.8493,-1.8493,-2.4658,-2.4658,-59.7950,-0.22171429,-10.4795,-9.7941,-51.1648,-51.8503,-0.18971429,-0.19225587,-0.00685714,20.7457,18.7699,-4.7419,-61.6444,-61.6444,269.6941,13.0000,20.7457,,12.8426,12.8426,25.6852,35.9592,69.3499,77.0555,12.8426,0.0,5.399997,6.0,1.615385,1,2,1,2,1.00000000,-0.22857143,-0.22857143,0E-8,0.000000,0.904762,0.000000,,2026-08-06,2026-08-06,1,1,1,1,1.000000,,1.000000,3.333333,,,,,,,,GLOBAL_BASELINE_NO_ENTITY_RANKING,,,NOT_APPLICABLE_GLOBAL_BASELINE,HF9g-P5,,,,X 全窗基线 · 不参与实体赏罚,3921916,393,A168_HF9F_20260827_0900,2026-08-27 09:00:00
2026-08-05,153874256,-1,1,267.1255747055,51.3703028278,51.3703028278,0.5555556,13,13,0.49840134615384615,0.498401346154,0.3429270092478183,0.34292700924689484,0.3429270092478183,-1.5385E-13,SENTINEL_DEALER,R03b_20260811_FULL_v1,L1_ELIGIBILITY,v2026-08-11,2026-03-21..2026-08-06,baccarat_bet02_101_all_pairs_incl_sentinel,round_win = game_pnl > 0 (decisive only),COMPATIBILITY_ONLY_NOT_PRODUCTION,377.5717,313.3588,-62.2865,18,17,0.16496599,0.16496599,,0.16496599,62.2865,377.5717,THIN_EXPOSURE,0.0000,-2.4915,4.0000,96.0000,AG03-UNRESOLVED,ALL5_LEVELS_bet23_to_bet27,-2.4915,-2.4915,-2.4915,-2.4915,-2.4915,4.000000,4.000000,4.000000,4.000000,4.000000,96.000000,96.000000,96.000000,96.000000,96.000000,5.0,-12.4573,-11.4998,-49.8292,-50.7867,PENDING_AG03,FALSE,NOT_FOR_ENFORCEMENT,-59.7950,300.8245,-62.2865,-59.7950,-2.4915,-0.16496599,-0.15836735,-2.4915,-59.7950,-0.15836735,-2.4915,-2.4915,-2.4915,-2.4915,-2.4915,-59.7950,-0.15836735,-12.4573,-11.4998,-49.8292,-50.7867,-0.13197279,-0.13450876,-0.00659864,20.9762,18.4329,-3.6639,-62.2865,-20.7622,377.5717,17.0000,20.9762,,12.8426,16.6953,25.6852,38.5277,46.2333,51.3703,12.8426,0.0,2.769231,3.076923,1.25641,3,2,1,3,1.00000000,-0.16496599,-0.16496599,0E-8,0.000000,0.829932,0.000000,,2026-08-05,2026-08-05,1,3,3,1,1.000000,,1.000000,3.333333,,,,,,,,GLOBAL_BASELINE_NO_ENTITY_RANKING,,,NOT_APPLICABLE_GLOBAL_BASELINE,HF9g-P5,,,,X 全窗基线 · 不参与实体赏罚,3921917,393,A168_HF9F_20260827_0900,2026-08-27 09:00:00
2026-08-05,153874256,2145,0,110.4461510802,10.9161893509,10.9161893509,0.5000000,5,4,0.49686115156250000,0.451793412500,0.012555641158069916,0.1937288555254134,0.012555641158069916,0.04506773906250000,ELIGIBLE,R03b_20260811_FULL_v1,L1_ELIGIBILITY,v2026-08-11,2026-03-21..2026-08-06,baccarat_bet02_101_all_pairs_incl_sentinel,round_win = game_pnl > 0 (decisive only),COMPATIBILITY_ONLY_NOT_PRODUCTION,377.5717,313.3588,-62.2865,18,17,0.16496599,0.16496599,,0.16496599,62.2865,377.5717,THIN_EXPOSURE,0.0000,-2.4915,4.0000,96.0000,AG03-UNRESOLVED,ALL5_LEVELS_bet23_to_bet27,-2.4915,-2.4915,-2.4915,-2.4915,-2.4915,4.000000,4.000000,4.000000,4.000000,4.000000,96.000000,96.000000,96.000000,96.000000,96.000000,5.0,-12.4573,-11.4998,-49.8292,-50.7867,PENDING_AG03,FALSE,NOT_FOR_ENFORCEMENT,-59.7950,300.8245,-62.2865,-59.7950,-2.4915,-0.16496599,-0.15836735,-2.4915,-59.7950,-0.15836735,-2.4915,-2.4915,-2.4915,-2.4915,-2.4915,-59.7950,-0.15836735,-12.4573,-11.4998,-49.8292,-50.7867,-0.13197279,-0.13450876,-0.00659864,20.9762,18.4329,-3.6639,-62.2865,-20.7622,377.5717,17.0000,20.9762,,12.8426,16.6953,25.6852,38.5277,46.2333,51.3703,12.8426,0.0,2.769231,3.076923,1.25641,3,2,1,3,1.00000000,-0.16496599,-0.16496599,0E-8,0.000000,0.829932,0.000000,,2026-08-05,2026-08-05,1,3,3,1,1.000000,,1.000000,3.333333,,,,,,,,GLOBAL_BASELINE_NO_ENTITY_RANKING,,,NOT_APPLICABLE_GLOBAL_BASELINE,HF9g-P5,,,,X 全窗基线 · 不参与实体赏罚,3921918,393,A168_HF9F_20260827_0900,2026-08-27 09:00:00
2026-08-04,153820279,1017,0,30.8221816968,-5.1370302828,-5.1370302828,0.4000000,12,12,0.49324550000000000,0.493245500000,-0.5897901418880297,-0.5897901418880297,-0.5897901418880297,0E-17,ELIGIBLE,R03b_20260811_FULL_v1,L1_ELIGIBILITY,v2026-08-11,2026-03-21..2026-08-06,baccarat_bet02_101_all_pairs_incl_sentinel,round_win = game_pnl > 0 (decisive only),COMPATIBILITY_ONLY_NOT_PRODUCTION,405.8254,364.7292,-61.6444,158,158,0.15189873,0.15189873,,0.15189873,61.6444,405.8254,OK,0.0000,-1.8493,3.0000,97.0000,AG03-UNRESOLVED,ALL5_LEVELS_bet23_to_bet27,-1.8493,-1.8493,-1.8493,-2.4658,-2.4658,3.000000,3.000000,3.000000,4.000000,4.000000,97.000000,97.000000,97.000000,96.000000,96.000000,5.0,-10.4795,-9.7941,-51.1648,-51.8503,PENDING_AG03,FALSE,NOT_FOR_ENFORCEMENT,-59.7950,353.7873,-61.6444,-59.7950,-1.8493,-0.15189873,-0.14734177,-1.8493,-59.7950,-0.14734177,-1.8493,-1.8493,-1.8493,-2.4658,-2.4658,-59.7950,-0.14734177,-10.4795,-9.7941,-51.1648,-51.8503,-0.12607595,-0.12776498,-0.00455696,2.5685,2.3084,-0.3902,-61.6444,-2.9354,405.8254,158.0000,2.5685,,2.5685,2.5685,2.5685,2.5685,2.5685,2.5685,2.5685,2.5685,1.0,1.0,1.0,17,17,1,1,1.00000000,-0.15189873,-0.15189873,0E-8,0.000000,0.898734,0.000000,,2026-08-04,2026-08-04,1,21,17,1,1.000000,,1.000000,3.333333,,,,,,,,GLOBAL_BASELINE_NO_ENTITY_RANKING,,,NOT_APPLICABLE_GLOBAL_BASELINE,HF9g-P5,,,,X 全窗基线 · 不参与实体赏罚,3921919,393,A168_HF9F_20260827_0900,2026-08-27 09:00:00
2026-08-04,153820279,1150,0,20.5481211312,7.7055454242,7.7055454242,0.7142857,8,8,0.49324550000000000,0.493245500000,1.169741613234378,1.1697416132343783,1.169741613234378,0E-17,ELIGIBLE,R03b_20260811_FULL_v1,L1_ELIGIBILITY,v2026-08-11,2026-03-21..2026-08-06,baccarat_bet02_101_all_pairs_incl_sentinel,round_win = game_pnl > 0 (decisive only),COMPATIBILITY_ONLY_NOT_PRODUCTION,405.8254,364.7292,-61.6444,158,158,0.15189873,0.15189873,,0.15189873,61.6444,405.8254,OK,0.0000,-1.8493,3.0000,97.0000,AG03-UNRESOLVED,ALL5_LEVELS_bet23_to_bet27,-1.8493,-1.8493,-1.8493,-2.4658,-2.4658,3.000000,3.000000,3.000000,4.000000,4.000000,97.000000,97.000000,97.000000,96.000000,96.000000,5.0,-10.4795,-9.7941,-51.1648,-51.8503,PENDING_AG03,FALSE,NOT_FOR_ENFORCEMENT,-59.7950,353.7873,-61.6444,-59.7950,-1.8493,-0.15189873,-0.14734177,-1.8493,-59.7950,-0.14734177,-1.8493,-1.8493,-1.8493,-2.4658,-2.4658,-59.7950,-0.14734177,-10.4795,-9.7941,-51.1648,-51.8503,-0.12607595,-0.12776498,-0.00455696,2.5685,2.3084,-0.3902,-61.6444,-2.9354,405.8254,158.0000,2.5685,,2.5685,2.5685,2.5685,2.5685,2.5685,2.5685,2.5685,2.5685,1.0,1.0,1.0,17,17,1,1,1.00000000,-0.15189873,-0.15189873,0E-8,0.000000,0.898734,0.000000,,2026-08-04,2026-08-04,1,21,17,1,1.000000,,1.000000,3.333333,,,,,,,,GLOBAL_BASELINE_NO_ENTITY_RANKING,,,NOT_APPLICABLE_GLOBAL_BASELINE,HF9g-P5,,,,X 全窗基线 · 不参与实体赏罚,3921920,393,A168_HF9F_20260827_0900,2026-08-27 09:00:00
2026-08-04,153820279,1382,0,33.3906968382,0E-10,0E-10,0.5000000,13,13,0.49324550000000000,0.493245500000,0.046800819326600025,0.04680081932660002,0.046800819326600025,0E-17,ELIGIBLE,R03b_20260811_FULL_v1,L1_ELIGIBILITY,v2026-08-11,2026-03-21..2026-08-06,baccarat_bet02_101_all_pairs_incl_sentinel,round_win = game_pnl > 0 (decisive only),COMPATIBILITY_ONLY_NOT_PRODUCTION,405.8254,364.7292,-61.6444,158,158,0.15189873,0.15189873,,0.15189873,61.6444,405.8254,OK,0.0000,-1.8493,3.0000,97.0000,AG03-UNRESOLVED,ALL5_LEVELS_bet23_to_bet27,-1.8493,-1.8493,-1.8493,-2.4658,-2.4658,3.000000,3.000000,3.000000,4.000000,4.000000,97.000000,97.000000,97.000000,96.000000,96.000000,5.0,-10.4795,-9.7941,-51.1648,-51.8503,PENDING_AG03,FALSE,NOT_FOR_ENFORCEMENT,-59.7950,353.7873,-61.6444,-59.7950,-1.8493,-0.15189873,-0.14734177,-1.8493,-59.7950,-0.14734177,-1.8493,-1.8493,-1.8493,-2.4658,-2.4658,-59.7950,-0.14734177,-10.4795,-9.7941,-51.1648,-51.8503,-0.12607595,-0.12776498,-0.00455696,2.5685,2.3084,-0.3902,-61.6444,-2.9354,405.8254,158.0000,2.5685,,2.5685,2.5685,2.5685,2.5685,2.5685,2.5685,2.5685,2.5685,1.0,1.0,1.0,17,17,1,1,1.00000000,-0.15189873,-0.15189873,0E-8,0.000000,0.898734,0.000000,,2026-08-04,2026-08-04,1,21,17,1,1.000000,,1.000000,3.333333,,,,,,,,GLOBAL_BASELINE_NO_ENTITY_RANKING,,,NOT_APPLICABLE_GLOBAL_BASELINE,HF9g-P5,,,,X 全窗基线 · 不参与实体赏罚,3921921,393,A168_HF9F_20260827_0900,2026-08-27 09:00:00
2026-08-04,153820279,1646,0,28.2536665554,-2.5685151414,-2.5685151414,0.4444444,11,11,0.49324550000000000,0.493245500000,-0.29283305455567077,-0.29283305455567077,-0.29283305455567077,0E-17,ELIGIBLE,R03b_20260811_FULL_v1,L1_ELIGIBILITY,v2026-08-11,2026-03-21..2026-08-06,baccarat_bet02_101_all_pairs_incl_sentinel,round_win = game_pnl > 0 (decisive only),COMPATIBILITY_ONLY_NOT_PRODUCTION,405.8254,364.7292,-61.6444,158,158,0.15189873,0.15189873,,0.15189873,61.6444,405.8254,OK,0.0000,-1.8493,3.0000,97.0000,AG03-UNRESOLVED,ALL5_LEVELS_bet23_to_bet27,-1.8493,-1.8493,-1.8493,-2.4658,-2.4658,3.000000,3.000000,3.000000,4.000000,4.000000,97.000000,97.000000,97.000000,96.000000,96.000000,5.0,-10.4795,-9.7941,-51.1648,-51.8503,PENDING_AG03,FALSE,NOT_FOR_ENFORCEMENT,-59.7950,353.7873,-61.6444,-59.7950,-1.8493,-0.15189873,-0.14734177,-1.8493,-59.7950,-0.14734177,-1.8493,-1.8493,-1.8493,-2.4658,-2.4658,-59.7950,-0.14734177,-10.4795,-9.7941,-51.1648,-51.8503,-0.12607595,-0.12776498,-0.00455696,2.5685,2.3084,-0.3902,-61.6444,-2.9354,405.8254,158.0000,2.5685,,2.5685,2.5685,2.5685,2.5685,2.5685,2.5685,2.5685,2.5685,1.0,1.0,1.0,17,17,1,1,1.00000000,-0.15189873,-0.15189873,0E-8,0.000000,0.898734,0.000000,,2026-08-04,2026-08-04,1,21,17,1,1.000000,,1.000000,3.333333,,,,,,,,GLOBAL_BASELINE_NO_ENTITY_RANKING,,,NOT_APPLICABLE_GLOBAL_BASELINE,HF9g-P5,,,,X 全窗基线 · 不参与实体赏罚,3921922,393,A168_HF9F_20260827_0900,2026-08-27 09:00:00
2026-08-04,153820279,1935,0,23.1166362726,2.5685151414,2.5685151414,0.5714286,9,9,0.49324550000000000,0.493245500000,0.4137436818725812,0.41374368187258126,0.4137436818725812,0E-17,ELIGIBLE,R03b_20260811_FULL_v1,L1_ELIGIBILITY,v2026-08-11,2026-03-21..2026-08-06,baccarat_bet02_101_all_pairs_incl_sentinel,round_win = game_pnl > 0 (decisive only),COMPATIBILITY_ONLY_NOT_PRODUCTION,405.8254,364.7292,-61.6444,158,158,0.15189873,0.15189873,,0.15189873,61.6444,405.8254,OK,0.0000,-1.8493,3.0000,97.0000,AG03-UNRESOLVED,ALL5_LEVELS_bet23_to_bet27,-1.8493,-1.8493,-1.8493,-2.4658,-2.4658,3.000000,3.000000,3.000000,4.000000,4.000000,97.000000,97.000000,97.000000,96.000000,96.000000,5.0,-10.4795,-9.7941,-51.1648,-51.8503,PENDING_AG03,FALSE,NOT_FOR_ENFORCEMENT,-59.7950,353.7873,-61.6444,-59.7950,-1.8493,-0.15189873,-0.14734177,-1.8493,-59.7950,-0.14734177,-1.8493,-1.8493,-1.8493,-2.4658,-2.4658,-59.7950,-0.14734177,-10.4795,-9.7941,-51.1648,-51.8503,-0.12607595,-0.12776498,-0.00455696,2.5685,2.3084,-0.3902,-61.6444,-2.9354,405.8254,158.0000,2.5685,,2.5685,2.5685,2.5685,2.5685,2.5685,2.5685,2.5685,2.5685,1.0,1.0,1.0,17,17,1,1,1.00000000,-0.15189873,-0.15189873,0E-8,0.000000,0.898734,0.000000,,2026-08-04,2026-08-04,1,21,17,1,1.000000,,1.000000,3.333333,,,,,,,,GLOBAL_BASELINE_NO_ENTITY_RANKING,,,NOT_APPLICABLE_GLOBAL_BASELINE,HF9g-P5,,,,X 全窗基线 · 不参与实体赏罚,3921923,393,A168_HF9F_20260827_0900,2026-08-27 09:00:00
2026-08-04,153820279,2089,0,17.9796059898,-2.5685151414,-2.5685151414,0.4285714,7,7,0.49324550000000000,0.493245500000,-0.3422542494892156,-0.3422542494892157,-0.3422542494892156,0E-17,ELIGIBLE,R03b_20260811_FULL_v1,L1_ELIGIBILITY,v2026-08-11,2026-03-21..2026-08-06,baccarat_bet02_101_all_pairs_incl_sentinel,round_win = game_pnl > 0 (decisive only),COMPATIBILITY_ONLY_NOT_PRODUCTION,405.8254,364.7292,-61.6444,158,158,0.15189873,0.15189873,,0.15189873,61.6444,405.8254,OK,0.0000,-1.8493,3.0000,97.0000,AG03-UNRESOLVED,ALL5_LEVELS_bet23_to_bet27,-1.8493,-1.8493,-1.8493,-2.4658,-2.4658,3.000000,3.000000,3.000000,4.000000,4.000000,97.000000,97.000000,97.000000,96.000000,96.000000,5.0,-10.4795,-9.7941,-51.1648,-51.8503,PENDING_AG03,FALSE,NOT_FOR_ENFORCEMENT,-59.7950,353.7873,-61.6444,-59.7950,-1.8493,-0.15189873,-0.14734177,-1.8493,-59.7950,-0.14734177,-1.8493,-1.8493,-1.8493,-2.4658,-2.4658,-59.7950,-0.14734177,-10.4795,-9.7941,-51.1648,-51.8503,-0.12607595,-0.12776498,-0.00455696,2.5685,2.3084,-0.3902,-61.6444,-2.9354,405.8254,158.0000,2.5685,,2.5685,2.5685,2.5685,2.5685,2.5685,2.5685,2.5685,2.5685,1.0,1.0,1.0,17,17,1,1,1.00000000,-0.15189873,-0.15189873,0E-8,0.000000,0.898734,0.000000,,2026-08-04,2026-08-04,1,21,17,1,1.000000,,1.000000,3.333333,,,,,,,,GLOBAL_BASELINE_NO_ENTITY_RANKING,,,NOT_APPLICABLE_GLOBAL_BASELINE,HF9g-P5,,,,X 全窗基线 · 不参与实体赏罚,3921924,393,A168_HF9F_20260827_0900,2026-08-27 09:00:00
2026-08-04,153820279,2106,0,25.6851514140,10.2740605656,10.2740605656,0.7000000,10,10,0.49324550000000000,0.493245500000,1.307749606050572,1.307749606050572,1.307749606050572,0E-17,ELIGIBLE,R03b_20260811_FULL_v1,L1_ELIGIBILITY,v2026-08-11,2026-03-21..2026-08-06,baccarat_bet02_101_all_pairs_incl_sentinel,round_win = game_pnl > 0 (decisive only),COMPATIBILITY_ONLY_NOT_PRODUCTION,405.8254,364.7292,-61.6444,158,158,0.15189873,0.15189873,,0.15189873,61.6444,405.8254,OK,0.0000,-1.8493,3.0000,97.0000,AG03-UNRESOLVED,ALL5_LEVELS_bet23_to_bet27,-1.8493,-1.8493,-1.8493,-2.4658,-2.4658,3.000000,3.000000,3.000000,4.000000,4.000000,97.000000,97.000000,97.000000,96.000000,96.000000,5.0,-10.4795,-9.7941,-51.1648,-51.8503,PENDING_AG03,FALSE,NOT_FOR_ENFORCEMENT,-59.7950,353.7873,-61.6444,-59.7950,-1.8493,-0.15189873,-0.14734177,-1.8493,-59.7950,-0.14734177,-1.8493,-1.8493,-1.8493,-2.4658,-2.4658,-59.7950,-0.14734177,-10.4795,-9.7941,-51.1648,-51.8503,-0.12607595,-0.12776498,-0.00455696,2.5685,2.3084,-0.3902,-61.6444,-2.9354,405.8254,158.0000,2.5685,,2.5685,2.5685,2.5685,2.5685,2.5685,2.5685,2.5685,2.5685,1.0,1.0,1.0,17,17,1,1,1.00000000,-0.15189873,-0.15189873,0E-8,0.000000,0.898734,0.000000,,2026-08-04,2026-08-04,1,21,17,1,1.000000,,1.000000,3.333333,,,,,,,,GLOBAL_BASELINE_NO_ENTITY_RANKING,,,NOT_APPLICABLE_GLOBAL_BASELINE,HF9g-P5,,,,X 全窗基线 · 不参与实体赏罚,3921925,393,A168_HF9F_20260827_0900,2026-08-27 09:00:00
2026-08-04,153820279,2115,0,25.6851514140,10.2740605656,10.2740605656,0.7500000,10,10,0.49324550000000000,0.493245500000,1.4525553310976282,1.4525553310976282,1.4525553310976282,0E-17,ELIGIBLE,R03b_20260811_FULL_v1,L1_ELIGIBILITY,v2026-08-11,2026-03-21..2026-08-06,baccarat_bet02_101_all_pairs_incl_sentinel,round_win = game_pnl > 0 (decisive only),COMPATIBILITY_ONLY_NOT_PRODUCTION,405.8254,364.7292,-61.6444,158,158,0.15189873,0.15189873,,0.15189873,61.6444,405.8254,OK,0.0000,-1.8493,3.0000,97.0000,AG03-UNRESOLVED,ALL5_LEVELS_bet23_to_bet27,-1.8493,-1.8493,-1.8493,-2.4658,-2.4658,3.000000,3.000000,3.000000,4.000000,4.000000,97.000000,97.000000,97.000000,96.000000,96.000000,5.0,-10.4795,-9.7941,-51.1648,-51.8503,PENDING_AG03,FALSE,NOT_FOR_ENFORCEMENT,-59.7950,353.7873,-61.6444,-59.7950,-1.8493,-0.15189873,-0.14734177,-1.8493,-59.7950,-0.14734177,-1.8493,-1.8493,-1.8493,-2.4658,-2.4658,-59.7950,-0.14734177,-10.4795,-9.7941,-51.1648,-51.8503,-0.12607595,-0.12776498,-0.00455696,2.5685,2.3084,-0.3902,-61.6444,-2.9354,405.8254,158.0000,2.5685,,2.5685,2.5685,2.5685,2.5685,2.5685,2.5685,2.5685,2.5685,1.0,1.0,1.0,17,17,1,1,1.00000000,-0.15189873,-0.15189873,0E-8,0.000000,0.898734,0.000000,,2026-08-04,2026-08-04,1,21,17,1,1.000000,,1.000000,3.333333,,,,,,,,GLOBAL_BASELINE_NO_ENTITY_RANKING,,,NOT_APPLICABLE_GLOBAL_BASELINE,HF9g-P5,,,,X 全窗基线 · 不参与实体赏罚,3921926,393,A168_HF9F_20260827_0900,2026-08-27 09:00:00
2026-08-04,153820279,2117,0,20.5481211312,2.5685151414,2.5685151414,0.5714286,8,8,0.49324550000000000,0.493245500000,0.4137436818725812,0.41374368187258126,0.4137436818725812,0E-17,ELIGIBLE,R03b_20260811_FULL_v1,L1_ELIGIBILITY,v2026-08-11,2026-03-21..2026-08-06,baccarat_bet02_101_all_pairs_incl_sentinel,round_win = game_pnl > 0 (decisive only),COMPATIBILITY_ONLY_NOT_PRODUCTION,405.8254,364.7292,-61.6444,158,158,0.15189873,0.15189873,,0.15189873,61.6444,405.8254,OK,0.0000,-1.8493,3.0000,97.0000,AG03-UNRESOLVED,ALL5_LEVELS_bet23_to_bet27,-1.8493,-1.8493,-1.8493,-2.4658,-2.4658,3.000000,3.000000,3.000000,4.000000,4.000000,97.000000,97.000000,97.000000,96.000000,96.000000,5.0,-10.4795,-9.7941,-51.1648,-51.8503,PENDING_AG03,FALSE,NOT_FOR_ENFORCEMENT,-59.7950,353.7873,-61.6444,-59.7950,-1.8493,-0.15189873,-0.14734177,-1.8493,-59.7950,-0.14734177,-1.8493,-1.8493,-1.8493,-2.4658,-2.4658,-59.7950,-0.14734177,-10.4795,-9.7941,-51.1648,-51.8503,-0.12607595,-0.12776498,-0.00455696,2.5685,2.3084,-0.3902,-61.6444,-2.9354,405.8254,158.0000,2.5685,,2.5685,2.5685,2.5685,2.5685,2.5685,2.5685,2.5685,2.5685,1.0,1.0,1.0,17,17,1,1,1.00000000,-0.15189873,-0.15189873,0E-8,0.000000,0.898734,0.000000,,2026-08-04,2026-08-04,1,21,17,1,1.000000,,1.000000,3.333333,,,,,,,,GLOBAL_BASELINE_NO_ENTITY_RANKING,,,NOT_APPLICABLE_GLOBAL_BASELINE,HF9g-P5,,,,X 全窗基线 · 不参与实体赏罚,3921927,393,A168_HF9F_20260827_0900,2026-08-27 09:00:00
2026-08-04,153820279,2123,0,17.9796059898,17.9796059898,17.9796059898,1.0000000,7,7,0.49324550000000000,0.493245500000,2.6817374759579717,2.681737475957972,2.6817374759579717,0E-17,ELIGIBLE,R03b_20260811_FULL_v1,L1_ELIGIBILITY,v2026-08-11,2026-03-21..2026-08-06,baccarat_bet02_101_all_pairs_incl_sentinel,round_win = game_pnl > 0 (decisive only),COMPATIBILITY_ONLY_NOT_PRODUCTION,405.8254,364.7292,-61.6444,158,158,0.15189873,0.15189873,,0.15189873,61.6444,405.8254,OK,0.0000,-1.8493,3.0000,97.0000,AG03-UNRESOLVED,ALL5_LEVELS_bet23_to_bet27,-1.8493,-1.8493,-1.8493,-2.4658,-2.4658,3.000000,3.000000,3.000000,4.000000,4.000000,97.000000,97.000000,97.000000,96.000000,96.000000,5.0,-10.4795,-9.7941,-51.1648,-51.8503,PENDING_AG03,FALSE,NOT_FOR_ENFORCEMENT,-59.7950,353.7873,-61.6444,-59.7950,-1.8493,-0.15189873,-0.14734177,-1.8493,-59.7950,-0.14734177,-1.8493,-1.8493,-1.8493,-2.4658,-2.4658,-59.7950,-0.14734177,-10.4795,-9.7941,-51.1648,-51.8503,-0.12607595,-0.12776498,-0.00455696,2.5685,2.3084,-0.3902,-61.6444,-2.9354,405.8254,158.0000,2.5685,,2.5685,2.5685,2.5685,2.5685,2.5685,2.5685,2.5685,2.5685,1.0,1.0,1.0,17,17,1,1,1.00000000,-0.15189873,-0.15189873,0E-8,0.000000,0.898734,0.000000,,2026-08-04,2026-08-04,1,21,17,1,1.000000,,1.000000,3.333333,,,,,,,,GLOBAL_BASELINE_NO_ENTITY_RANKING,,,NOT_APPLICABLE_GLOBAL_BASELINE,HF9g-P5,,,,X 全窗基线 · 不参与实体赏罚,3921928,393,A168_HF9F_20260827_0900,2026-08-27 09:00:00
2026-08-04,153820279,2134,0,28.2536665554,-12.8425757070,-12.8425757070,0.2222222,11,11,0.49324550000000000,0.493245500000,-1.6262880665973993,-1.6262880665973993,-1.6262880665973993,0E-17,ELIGIBLE,R03b_20260811_FULL_v1,L1_ELIGIBILITY,v2026-08-11,2026-03-21..2026-08-06,baccarat_bet02_101_all_pairs_incl_sentinel,round_win = game_pnl > 0 (decisive only),COMPATIBILITY_ONLY_NOT_PRODUCTION,405.8254,364.7292,-61.6444,158,158,0.15189873,0.15189873,,0.15189873,61.6444,405.8254,OK,0.0000,-1.8493,3.0000,97.0000,AG03-UNRESOLVED,ALL5_LEVELS_bet23_to_bet27,-1.8493,-1.8493,-1.8493,-2.4658,-2.4658,3.000000,3.000000,3.000000,4.000000,4.000000,97.000000,97.000000,97.000000,96.000000,96.000000,5.0,-10.4795,-9.7941,-51.1648,-51.8503,PENDING_AG03,FALSE,NOT_FOR_ENFORCEMENT,-59.7950,353.7873,-61.6444,-59.7950,-1.8493,-0.15189873,-0.14734177,-1.8493,-59.7950,-0.14734177,-1.8493,-1.8493,-1.8493,-2.4658,-2.4658,-59.7950,-0.14734177,-10.4795,-9.7941,-51.1648,-51.8503,-0.12607595,-0.12776498,-0.00455696,2.5685,2.3084,-0.3902,-61.6444,-2.9354,405.8254,158.0000,2.5685,,2.5685,2.5685,2.5685,2.5685,2.5685,2.5685,2.5685,2.5685,1.0,1.0,1.0,17,17,1,1,1.00000000,-0.15189873,-0.15189873,0E-8,0.000000,0.898734,0.000000,,2026-08-04,2026-08-04,1,21,17,1,1.000000,,1.000000,3.333333,,,,,,,,GLOBAL_BASELINE_NO_ENTITY_RANKING,,,NOT_APPLICABLE_GLOBAL_BASELINE,HF9g-P5,,,,X 全窗基线 · 不参与实体赏罚,3921929,393,A168_HF9F_20260827_0900,2026-08-27 09:00:00
2026-08-04,153820279,2152,0,23.1166362726,0E-10,0E-10,0.5000000,9,9,0.49324550000000000,0.493245500000,0.03821270896478516,0.03821270896478516,0.03821270896478516,0E-17,ELIGIBLE,R03b_20260811_FULL_v1,L1_ELIGIBILITY,v2026-08-11,2026-03-21..2026-08-06,baccarat_bet02_101_all_pairs_incl_sentinel,round_win = game_pnl > 0 (decisive only),COMPATIBILITY_ONLY_NOT_PRODUCTION,405.8254,364.7292,-61.6444,158,158,0.15189873,0.15189873,,0.15189873,61.6444,405.8254,OK,0.0000,-1.8493,3.0000,97.0000,AG03-UNRESOLVED,ALL5_LEVELS_bet23_to_bet27,-1.8493,-1.8493,-1.8493,-2.4658,-2.4658,3.000000,3.000000,3.000000,4.000000,4.000000,97.000000,97.000000,97.000000,96.000000,96.000000,5.0,-10.4795,-9.7941,-51.1648,-51.8503,PENDING_AG03,FALSE,NOT_FOR_ENFORCEMENT,-59.7950,353.7873,-61.6444,-59.7950,-1.8493,-0.15189873,-0.14734177,-1.8493,-59.7950,-0.14734177,-1.8493,-1.8493,-1.8493,-2.4658,-2.4658,-59.7950,-0.14734177,-10.4795,-9.7941,-51.1648,-51.8503,-0.12607595,-0.12776498,-0.00455696,2.5685,2.3084,-0.3902,-61.6444,-2.9354,405.8254,158.0000,2.5685,,2.5685,2.5685,2.5685,2.5685,2.5685,2.5685,2.5685,2.5685,1.0,1.0,1.0,17,17,1,1,1.00000000,-0.15189873,-0.15189873,0E-8,0.000000,0.898734,0.000000,,2026-08-04,2026-08-04,1,21,17,1,1.000000,,1.000000,3.333333,,,,,,,,GLOBAL_BASELINE_NO_ENTITY_RANKING,,,NOT_APPLICABLE_GLOBAL_BASELINE,HF9g-P5,,,,X 全窗基线 · 不参与实体赏罚,3921930,393,A168_HF9F_20260827_0900,2026-08-27 09:00:00
2026-08-04,153820279,2170,0,23.1166362726,7.7055454242,7.7055454242,0.6666667,9,9,0.49324550000000000,0.493245500000,1.0406219574860578,1.0406219574860578,1.0406219574860578,0E-17,ELIGIBLE,R03b_20260811_FULL_v1,L1_ELIGIBILITY,v2026-08-11,2026-03-21..2026-08-06,baccarat_bet02_101_all_pairs_incl_sentinel,round_win = game_pnl > 0 (decisive only),COMPATIBILITY_ONLY_NOT_PRODUCTION,405.8254,364.7292,-61.6444,158,158,0.15189873,0.15189873,,0.15189873,61.6444,405.8254,OK,0.0000,-1.8493,3.0000,97.0000,AG03-UNRESOLVED,ALL5_LEVELS_bet23_to_bet27,-1.8493,-1.8493,-1.8493,-2.4658,-2.4658,3.000000,3.000000,3.000000,4.000000,4.000000,97.000000,97.000000,97.000000,96.000000,96.000000,5.0,-10.4795,-9.7941,-51.1648,-51.8503,PENDING_AG03,FALSE,NOT_FOR_ENFORCEMENT,-59.7950,353.7873,-61.6444,-59.7950,-1.8493,-0.15189873,-0.14734177,-1.8493,-59.7950,-0.14734177,-1.8493,-1.8493,-1.8493,-2.4658,-2.4658,-59.7950,-0.14734177,-10.4795,-9.7941,-51.1648,-51.8503,-0.12607595,-0.12776498,-0.00455696,2.5685,2.3084,-0.3902,-61.6444,-2.9354,405.8254,158.0000,2.5685,,2.5685,2.5685,2.5685,2.5685,2.5685,2.5685,2.5685,2.5685,1.0,1.0,1.0,17,17,1,1,1.00000000,-0.15189873,-0.15189873,0E-8,0.000000,0.898734,0.000000,,2026-08-04,2026-08-04,1,21,17,1,1.000000,,1.000000,3.333333,,,,,,,,GLOBAL_BASELINE_NO_ENTITY_RANKING,,,NOT_APPLICABLE_GLOBAL_BASELINE,HF9g-P5,,,,X 全窗基线 · 不参与实体赏罚,3921931,393,A168_HF9F_20260827_0900,2026-08-27 09:00:00
2026-08-04,153820279,2223,0,20.5481211312,10.2740605656,10.2740605656,0.7500000,8,8,0.49324550000000000,0.493245500000,1.4525553310976282,1.4525553310976282,1.4525553310976282,0E-17,ELIGIBLE,R03b_20260811_FULL_v1,L1_ELIGIBILITY,v2026-08-11,2026-03-21..2026-08-06,baccarat_bet02_101_all_pairs_incl_sentinel,round_win = game_pnl > 0 (decisive only),COMPATIBILITY_ONLY_NOT_PRODUCTION,405.8254,364.7292,-61.6444,158,158,0.15189873,0.15189873,,0.15189873,61.6444,405.8254,OK,0.0000,-1.8493,3.0000,97.0000,AG03-UNRESOLVED,ALL5_LEVELS_bet23_to_bet27,-1.8493,-1.8493,-1.8493,-2.4658,-2.4658,3.000000,3.000000,3.000000,4.000000,4.000000,97.000000,97.000000,97.000000,96.000000,96.000000,5.0,-10.4795,-9.7941,-51.1648,-51.8503,PENDING_AG03,FALSE,NOT_FOR_ENFORCEMENT,-59.7950,353.7873,-61.6444,-59.7950,-1.8493,-0.15189873,-0.14734177,-1.8493,-59.7950,-0.14734177,-1.8493,-1.8493,-1.8493,-2.4658,-2.4658,-59.7950,-0.14734177,-10.4795,-9.7941,-51.1648,-51.8503,-0.12607595,-0.12776498,-0.00455696,2.5685,2.3084,-0.3902,-61.6444,-2.9354,405.8254,158.0000,2.5685,,2.5685,2.5685,2.5685,2.5685,2.5685,2.5685,2.5685,2.5685,1.0,1.0,1.0,17,17,1,1,1.00000000,-0.15189873,-0.15189873,0E-8,0.000000,0.898734,0.000000,,2026-08-04,2026-08-04,1,21,17,1,1.000000,,1.000000,3.333333,,,,,,,,GLOBAL_BASELINE_NO_ENTITY_RANKING,,,NOT_APPLICABLE_GLOBAL_BASELINE,HF9g-P5,,,,X 全窗基线 · 不参与实体赏罚,3921932,393,A168_HF9F_20260827_0900,2026-08-27 09:00:00
2026-08-04,153820279,2252,0,23.1166362726,5.1370302828,5.1370302828,0.6250000,9,9,0.49324550000000000,0.493245500000,0.7453840200312067,0.7453840200312067,0.7453840200312067,0E-17,ELIGIBLE,R03b_20260811_FULL_v1,L1_ELIGIBILITY,v2026-08-11,2026-03-21..2026-08-06,baccarat_bet02_101_all_pairs_incl_sentinel,round_win = game_pnl > 0 (decisive only),COMPATIBILITY_ONLY_NOT_PRODUCTION,405.8254,364.7292,-61.6444,158,158,0.15189873,0.15189873,,0.15189873,61.6444,405.8254,OK,0.0000,-1.8493,3.0000,97.0000,AG03-UNRESOLVED,ALL5_LEVELS_bet23_to_bet27,-1.8493,-1.8493,-1.8493,-2.4658,-2.4658,3.000000,3.000000,3.000000,4.000000,4.000000,97.000000,97.000000,97.000000,96.000000,96.000000,5.0,-10.4795,-9.7941,-51.1648,-51.8503,PENDING_AG03,FALSE,NOT_FOR_ENFORCEMENT,-59.7950,353.7873,-61.6444,-59.7950,-1.8493,-0.15189873,-0.14734177,-1.8493,-59.7950,-0.14734177,-1.8493,-1.8493,-1.8493,-2.4658,-2.4658,-59.7950,-0.14734177,-10.4795,-9.7941,-51.1648,-51.8503,-0.12607595,-0.12776498,-0.00455696,2.5685,2.3084,-0.3902,-61.6444,-2.9354,405.8254,158.0000,2.5685,,2.5685,2.5685,2.5685,2.5685,2.5685,2.5685,2.5685,2.5685,1.0,1.0,1.0,17,17,1,1,1.00000000,-0.15189873,-0.15189873,0E-8,0.000000,0.898734,0.000000,,2026-08-04,2026-08-04,1,21,17,1,1.000000,,1.000000,3.333333,,,,,,,,GLOBAL_BASELINE_NO_ENTITY_RANKING,,,NOT_APPLICABLE_GLOBAL_BASELINE,HF9g-P5,,,,X 全窗基线 · 不参与实体赏罚,3921933,393,A168_HF9F_20260827_0900,2026-08-27 09:00:00
2026-08-04,153820279,2256,0,7.7055454242,-2.5685151414,-2.5685151414,0.3333333,3,3,0.49324550000000000,0.493245500000,-0.5540025479526107,-0.5540025479526106,-0.5540025479526107,0E-17,ELIGIBLE,R03b_20260811_FULL_v1,L1_ELIGIBILITY,v2026-08-11,2026-03-21..2026-08-06,baccarat_bet02_101_all_pairs_incl_sentinel,round_win = game_pnl > 0 (decisive only),COMPATIBILITY_ONLY_NOT_PRODUCTION,405.8254,364.7292,-61.6444,158,158,0.15189873,0.15189873,,0.15189873,61.6444,405.8254,OK,0.0000,-1.8493,3.0000,97.0000,AG03-UNRESOLVED,ALL5_LEVELS_bet23_to_bet27,-1.8493,-1.8493,-1.8493,-2.4658,-2.4658,3.000000,3.000000,3.000000,4.000000,4.000000,97.000000,97.000000,97.000000,96.000000,96.000000,5.0,-10.4795,-9.7941,-51.1648,-51.8503,PENDING_AG03,FALSE,NOT_FOR_ENFORCEMENT,-59.7950,353.7873,-61.6444,-59.7950,-1.8493,-0.15189873,-0.14734177,-1.8493,-59.7950,-0.14734177,-1.8493,-1.8493,-1.8493,-2.4658,-2.4658,-59.7950,-0.14734177,-10.4795,-9.7941,-51.1648,-51.8503,-0.12607595,-0.12776498,-0.00455696,2.5685,2.3084,-0.3902,-61.6444,-2.9354,405.8254,158.0000,2.5685,,2.5685,2.5685,2.5685,2.5685,2.5685,2.5685,2.5685,2.5685,1.0,1.0,1.0,17,17,1,1,1.00000000,-0.15189873,-0.15189873,0E-8,0.000000,0.898734,0.000000,,2026-08-04,2026-08-04,1,21,17,1,1.000000,,1.000000,3.333333,,,,,,,,GLOBAL_BASELINE_NO_ENTITY_RANKING,,,NOT_APPLICABLE_GLOBAL_BASELINE,HF9g-P5,,,,X 全窗基线 · 不参与实体赏罚,3921934,393,A168_HF9F_20260827_0900,2026-08-27 09:00:00
2026-08-04,153820279,526,0,35.9592119796,12.8425757070,12.8425757070,0.6923077,14,14,0.49324550000000000,0.493245500000,1.4355888812391617,1.4355888812391615,1.4355888812391617,0E-17,ELIGIBLE,R03b_20260811_FULL_v1,L1_ELIGIBILITY,v2026-08-11,2026-03-21..2026-08-06,baccarat_bet02_101_all_pairs_incl_sentinel,round_win = game_pnl > 0 (decisive only),COMPATIBILITY_ONLY_NOT_PRODUCTION,405.8254,364.7292,-61.6444,158,158,0.15189873,0.15189873,,0.15189873,61.6444,405.8254,OK,0.0000,-1.8493,3.0000,97.0000,AG03-UNRESOLVED,ALL5_LEVELS_bet23_to_bet27,-1.8493,-1.8493,-1.8493,-2.4658,-2.4658,3.000000,3.000000,3.000000,4.000000,4.000000,97.000000,97.000000,97.000000,96.000000,96.000000,5.0,-10.4795,-9.7941,-51.1648,-51.8503,PENDING_AG03,FALSE,NOT_FOR_ENFORCEMENT,-59.7950,353.7873,-61.6444,-59.7950,-1.8493,-0.15189873,-0.14734177,-1.8493,-59.7950,-0.14734177,-1.8493,-1.8493,-1.8493,-2.4658,-2.4658,-59.7950,-0.14734177,-10.4795,-9.7941,-51.1648,-51.8503,-0.12607595,-0.12776498,-0.00455696,2.5685,2.3084,-0.3902,-61.6444,-2.9354,405.8254,158.0000,2.5685,,2.5685,2.5685,2.5685,2.5685,2.5685,2.5685,2.5685,2.5685,1.0,1.0,1.0,17,17,1,1,1.00000000,-0.15189873,-0.15189873,0E-8,0.000000,0.898734,0.000000,,2026-08-04,2026-08-04,1,21,17,1,1.000000,,1.000000,3.333333,,,,,,,,GLOBAL_BASELINE_NO_ENTITY_RANKING,,,NOT_APPLICABLE_GLOBAL_BASELINE,HF9g-P5,,,,X 全窗基线 · 不参与实体赏罚,3921935,393,A168_HF9F_20260827_0900,2026-08-27 09:00:00
2026-08-01,153723621,1318,0,634.4232399251,24.4008938432,24.4008938432,0.3636364,22,11,0.48249792754069589,0.323796554545,-0.788921896195213,0.2823831574728303,-0.788921896195213,0.15870137299569589,ELIGIBLE,R03b_20260811_FULL_v1,L1_ELIGIBILITY,v2026-08-11,2026-03-21..2026-08-06,baccarat_bet02_101_all_pairs_incl_sentinel,round_win = game_pnl > 0 (decisive only),COMPATIBILITY_ONLY_NOT_PRODUCTION,927.2340,770.5545,-61.6444,40,26,0.06648199,0.06648199,,0.06648199,61.6444,927.2340,OK,0.0000,-1.8493,3.0000,97.0000,AG03-UNRESOLVED,ALL5_LEVELS_bet23_to_bet27,-1.8493,-1.8493,-1.8493,-2.4658,-2.4658,3.000000,3.000000,3.000000,4.000000,4.000000,97.000000,97.000000,97.000000,96.000000,96.000000,5.0,-10.4795,-9.7941,-51.1648,-51.8503,PENDING_AG03,FALSE,NOT_FOR_ENFORCEMENT,-59.7950,747.4379,-61.6444,-59.7950,-1.8493,-0.06648199,-0.06448753,-1.8493,-59.7950,-0.06448753,-1.8493,-1.8493,-1.8493,-2.4658,-2.4658,-59.7950,-0.06448753,-10.4795,-9.7941,-51.1648,-51.8503,-0.05518006,-0.0559193,-0.00199446,23.1808,29.6367,-2.3709,-61.6444,-30.8222,927.2340,26.0000,23.1808,,2.5685,12.8426,25.6852,77.0555,77.0555,77.0555,12.8426,-2.5685,6.0,6.0,1.805,2,3,1,6,1.00000000,-0.06648199,-0.06648199,0E-8,0.000000,0.831025,0.000000,,2026-08-01,2026-08-01,1,2,2,1,1.000000,,1.000000,3.333333,,,,,,,,GLOBAL_BASELINE_NO_ENTITY_RANKING,,,NOT_APPLICABLE_GLOBAL_BASELINE,HF9g-P5,,,,X 全窗基线 · 不参与实体赏罚,3921936,393,A168_HF9F_20260827_0900,2026-08-27 09:00:00
2026-08-01,153723621,1505,0,290.2422109782,37.2434695502,37.2434695502,0.6428571,17,14,0.49303671363636364,0.453317846429,1.1212621707181656,1.424604872088005,1.1212621707181656,0.03971886720736364,ELIGIBLE,R03b_20260811_FULL_v1,L1_ELIGIBILITY,v2026-08-11,2026-03-21..2026-08-06,baccarat_bet02_101_all_pairs_incl_sentinel,round_win = game_pnl > 0 (decisive only),COMPATIBILITY_ONLY_NOT_PRODUCTION,927.2340,770.5545,-61.6444,40,26,0.06648199,0.06648199,,0.06648199,61.6444,927.2340,OK,0.0000,-1.8493,3.0000,97.0000,AG03-UNRESOLVED,ALL5_LEVELS_bet23_to_bet27,-1.8493,-1.8493,-1.8493,-2.4658,-2.4658,3.000000,3.000000,3.000000,4.000000,4.000000,97.000000,97.000000,97.000000,96.000000,96.000000,5.0,-10.4795,-9.7941,-51.1648,-51.8503,PENDING_AG03,FALSE,NOT_FOR_ENFORCEMENT,-59.7950,747.4379,-61.6444,-59.7950,-1.8493,-0.06648199,-0.06448753,-1.8493,-59.7950,-0.06448753,-1.8493,-1.8493,-1.8493,-2.4658,-2.4658,-59.7950,-0.06448753,-10.4795,-9.7941,-51.1648,-51.8503,-0.05518006,-0.0559193,-0.00199446,23.1808,29.6367,-2.3709,-61.6444,-30.8222,927.2340,26.0000,23.1808,,2.5685,12.8426,25.6852,77.0555,77.0555,77.0555,12.8426,-2.5685,6.0,6.0,1.805,2,3,1,6,1.00000000,-0.06648199,-0.06648199,0E-8,0.000000,0.831025,0.000000,,2026-08-01,2026-08-01,1,2,2,1,1.000000,,1.000000,3.333333,,,,,,,,GLOBAL_BASELINE_NO_ENTITY_RANKING,,,NOT_APPLICABLE_GLOBAL_BASELINE,HF9g-P5,,,,X 全窗基线 · 不参与实体赏罚,3921937,393,A168_HF9F_20260827_0900,2026-08-27 09:00:00
2026-08-01,153723621,2242,0,2.5685151414,0E-10,0E-10,,1,1,0.50665070000000000,0.506650700000,,,,0E-17,NO_DECISIVE_ROUND,R03b_20260811_FULL_v1,L1_ELIGIBILITY,v2026-08-11,2026-03-21..2026-08-06,baccarat_bet02_101_all_pairs_incl_sentinel,round_win = game_pnl > 0 (decisive only),COMPATIBILITY_ONLY_NOT_PRODUCTION,927.2340,770.5545,-61.6444,40,26,0.06648199,0.06648199,,0.06648199,61.6444,927.2340,OK,0.0000,-1.8493,3.0000,97.0000,AG03-UNRESOLVED,ALL5_LEVELS_bet23_to_bet27,-1.8493,-1.8493,-1.8493,-2.4658,-2.4658,3.000000,3.000000,3.000000,4.000000,4.000000,97.000000,97.000000,97.000000,96.000000,96.000000,5.0,-10.4795,-9.7941,-51.1648,-51.8503,PENDING_AG03,FALSE,NOT_FOR_ENFORCEMENT,-59.7950,747.4379,-61.6444,-59.7950,-1.8493,-0.06648199,-0.06448753,-1.8493,-59.7950,-0.06448753,-1.8493,-1.8493,-1.8493,-2.4658,-2.4658,-59.7950,-0.06448753,-10.4795,-9.7941,-51.1648,-51.8503,-0.05518006,-0.0559193,-0.00199446,23.1808,29.6367,-2.3709,-61.6444,-30.8222,927.2340,26.0000,23.1808,,2.5685,12.8426,25.6852,77.0555,77.0555,77.0555,12.8426,-2.5685,6.0,6.0,1.805,2,3,1,6,1.00000000,-0.06648199,-0.06648199,0E-8,0.000000,0.831025,0.000000,,2026-08-01,2026-08-01,1,2,2,1,1.000000,,1.000000,3.333333,,,,,,,,GLOBAL_BASELINE_NO_ENTITY_RANKING,,,NOT_APPLICABLE_GLOBAL_BASELINE,HF9g-P5,,,,X 全窗基线 · 不参与实体赏罚,3921938,393,A168_HF9F_20260827_0900,2026-08-27 09:00:00
2026-03-26,129442686,2177,0,52.6634541960,-52.6634541960,-52.6634541960,0E-7,1,1,0.50665070000000000,0.506650700000,-1.013391052207602,-1.013391052207602,-1.013391052207602,0E-17,ELIGIBLE,R03b_20260811_FULL_v1,L1_ELIGIBILITY,v2026-08-11,2026-03-21..2026-08-06,baccarat_bet02_101_all_pairs_incl_sentinel,round_win = game_pnl > 0 (decisive only),COMPATIBILITY_ONLY_NOT_PRODUCTION,10249.8215,9018.3749,-62.2849,127,127,0.00607668,,0.00607668,0.00607668,62.2849,10249.8215,OK,0.0000,-2.4914,4.0000,96.0000,AG03-UNRESOLVED,ALL5_LEVELS_bet23_to_bet27,-2.4914,-2.4914,-2.4914,-2.4914,-2.4914,4.000000,4.000000,4.000000,4.000000,4.000000,96.000000,96.000000,96.000000,96.000000,96.000000,5.0,-12.4570,-11.4995,-49.8279,-50.7854,PENDING_AG03,FALSE,NOT_FOR_ENFORCEMENT,-59.7935,8657.6399,-62.2849,-59.7935,-2.4914,-0.00607668,-0.00583361,-2.4914,-59.7935,-0.00583361,-2.4914,-2.4914,-2.4914,-2.4914,-2.4914,-59.7935,-0.00583361,-12.4570,-11.4995,-49.8279,-50.7854,-0.00486134,-0.00495476,-0.00024307,80.7073,71.0108,-0.4904,-5.6623,-0.8532,931.8020,11.5455,,80.7073,51.4311,73.2927,112.9492,130.8798,132.2867,178.1147,52.3519,0.0,1.804911,2.430184,1.101164,29,48,12,2,0E-8,-0.00607668,,0E-8,0.000000,0.879857,0.330709,,2026-03-26,2026-06-26,11,73,68,93,0.118280,,,0.000000,,,,,,,,GLOBAL_BASELINE_NO_ENTITY_RANKING,,,NOT_APPLICABLE_GLOBAL_BASELINE,HF9g-P5,,,,X 全窗基线 · 不参与实体赏罚,3921939,393,A168_HF9F_20260827_0900,2026-08-27 09:00:00
2026-03-26,129442686,2248,0,52.6634541960,-52.6634541960,-52.6634541960,0E-7,1,1,0.49324550000000000,0.493245500000,-0.9865810262130424,-0.9865810262130424,-0.9865810262130424,0E-17,ELIGIBLE,R03b_20260811_FULL_v1,L1_ELIGIBILITY,v2026-08-11,2026-03-21..2026-08-06,baccarat_bet02_101_all_pairs_incl_sentinel,round_win = game_pnl > 0 (decisive only),COMPATIBILITY_ONLY_NOT_PRODUCTION,10249.8215,9018.3749,-62.2849,127,127,0.00607668,,0.00607668,0.00607668,62.2849,10249.8215,OK,0.0000,-2.4914,4.0000,96.0000,AG03-UNRESOLVED,ALL5_LEVELS_bet23_to_bet27,-2.4914,-2.4914,-2.4914,-2.4914,-2.4914,4.000000,4.000000,4.000000,4.000000,4.000000,96.000000,96.000000,96.000000,96.000000,96.000000,5.0,-12.4570,-11.4995,-49.8279,-50.7854,PENDING_AG03,FALSE,NOT_FOR_ENFORCEMENT,-59.7935,8657.6399,-62.2849,-59.7935,-2.4914,-0.00607668,-0.00583361,-2.4914,-59.7935,-0.00583361,-2.4914,-2.4914,-2.4914,-2.4914,-2.4914,-59.7935,-0.00583361,-12.4570,-11.4995,-49.8279,-50.7854,-0.00486134,-0.00495476,-0.00024307,80.7073,71.0108,-0.4904,-5.6623,-0.8532,931.8020,11.5455,,80.7073,51.4311,73.2927,112.9492,130.8798,132.2867,178.1147,52.3519,0.0,1.804911,2.430184,1.101164,29,48,12,2,0E-8,-0.00607668,,0E-8,0.000000,0.879857,0.330709,,2026-03-26,2026-06-26,11,73,68,93,0.118280,,,0.000000,,,,,,,,GLOBAL_BASELINE_NO_ENTITY_RANKING,,,NOT_APPLICABLE_GLOBAL_BASELINE,HF9g-P5,,,,X 全窗基线 · 不参与实体赏罚,3921940,393,A168_HF9F_20260827_0900,2026-08-27 09:00:00
2026-04-09,129442686,1382,0,24.3436379342,-24.3436379342,-24.3436379342,0E-7,1,1,0.50665070000000000,0.506650700000,-1.013391052207602,-1.013391052207602,-1.013391052207602,0E-17,ELIGIBLE,R03b_20260811_FULL_v1,L1_ELIGIBILITY,v2026-08-11,2026-03-21..2026-08-06,baccarat_bet02_101_all_pairs_incl_sentinel,round_win = game_pnl > 0 (decisive only),COMPATIBILITY_ONLY_NOT_PRODUCTION,10249.8215,9018.3749,-62.2849,127,127,0.00607668,,0.00607668,0.00607668,62.2849,10249.8215,OK,0.0000,-2.4914,4.0000,96.0000,AG03-UNRESOLVED,ALL5_LEVELS_bet23_to_bet27,-2.4914,-2.4914,-2.4914,-2.4914,-2.4914,4.000000,4.000000,4.000000,4.000000,4.000000,96.000000,96.000000,96.000000,96.000000,96.000000,5.0,-12.4570,-11.4995,-49.8279,-50.7854,PENDING_AG03,FALSE,NOT_FOR_ENFORCEMENT,-59.7935,8657.6399,-62.2849,-59.7935,-2.4914,-0.00607668,-0.00583361,-2.4914,-59.7935,-0.00583361,-2.4914,-2.4914,-2.4914,-2.4914,-2.4914,-59.7935,-0.00583361,-12.4570,-11.4995,-49.8279,-50.7854,-0.00486134,-0.00495476,-0.00024307,80.7073,71.0108,-0.4904,-5.6623,-0.8532,931.8020,11.5455,,80.7073,51.4311,73.2927,112.9492,130.8798,132.2867,178.1147,52.3519,0.0,1.804911,2.430184,1.101164,29,48,12,2,0E-8,-0.00607668,,0E-8,0.000000,0.879857,0.330709,,2026-03-26,2026-06-26,11,73,68,93,0.118280,,,0.000000,,,,,,,,GLOBAL_BASELINE_NO_ENTITY_RANKING,,,NOT_APPLICABLE_GLOBAL_BASELINE,HF9g-P5,,,,X 全窗基线 · 不参与实体赏罚,3921941,393,A168_HF9F_20260827_0900,2026-08-27 09:00:00
2026-04-17,129442686,-1,1,1546.4754076909,-27.5632803707,-27.5632803707,0.5263158,19,19,0.49959533157894737,0.499595331579,0.2329436276686762,0.23294362766821733,0.2329436276686762,-5.263E-14,SENTINEL_DEALER,R03b_20260811_FULL_v1,L1_ELIGIBILITY,v2026-08-11,2026-03-21..2026-08-06,baccarat_bet02_101_all_pairs_incl_sentinel,round_win = game_pnl > 0 (decisive only),COMPATIBILITY_ONLY_NOT_PRODUCTION,10249.8215,9018.3749,-62.2849,127,127,0.00607668,,0.00607668,0.00607668,62.2849,10249.8215,OK,0.0000,-2.4914,4.0000,96.0000,AG03-UNRESOLVED,ALL5_LEVELS_bet23_to_bet27,-2.4914,-2.4914,-2.4914,-2.4914,-2.4914,4.000000,4.000000,4.000000,4.000000,4.000000,96.000000,96.000000,96.000000,96.000000,96.000000,5.0,-12.4570,-11.4995,-49.8279,-50.7854,PENDING_AG03,FALSE,NOT_FOR_ENFORCEMENT,-59.7935,8657.6399,-62.2849,-59.7935,-2.4914,-0.00607668,-0.00583361,-2.4914,-59.7935,-0.00583361,-2.4914,-2.4914,-2.4914,-2.4914,-2.4914,-59.7935,-0.00583361,-12.4570,-11.4995,-49.8279,-50.7854,-0.00486134,-0.00495476,-0.00024307,80.7073,71.0108,-0.4904,-5.6623,-0.8532,931.8020,11.5455,,80.7073,51.4311,73.2927,112.9492,130.8798,132.2867,178.1147,52.3519,0.0,1.804911,2.430184,1.101164,29,48,12,2,0E-8,-0.00607668,,0E-8,0.000000,0.879857,0.330709,,2026-03-26,2026-06-26,11,73,68,93,0.118280,,,0.000000,,,,,,,,GLOBAL_BASELINE_NO_ENTITY_RANKING,,,NOT_APPLICABLE_GLOBAL_BASELINE,HF9g-P5,,,,X 全窗基线 · 不参与实体赏罚,3921942,393,A168_HF9F_20260827_0900,2026-08-27 09:00:00
2026-04-17,129442686,1151,0,392.6393215194,121.7181896710,121.7181896710,0.7500000,4,4,0.49994810000000000,0.499948100000,1.0002076053883384,1.0002076053883384,1.0002076053883384,0E-17,ELIGIBLE,R03b_20260811_FULL_v1,L1_ELIGIBILITY,v2026-08-11,2026-03-21..2026-08-06,baccarat_bet02_101_all_pairs_incl_sentinel,round_win = game_pnl > 0 (decisive only),COMPATIBILITY_ONLY_NOT_PRODUCTION,10249.8215,9018.3749,-62.2849,127,127,0.00607668,,0.00607668,0.00607668,62.2849,10249.8215,OK,0.0000,-2.4914,4.0000,96.0000,AG03-UNRESOLVED,ALL5_LEVELS_bet23_to_bet27,-2.4914,-2.4914,-2.4914,-2.4914,-2.4914,4.000000,4.000000,4.000000,4.000000,4.000000,96.000000,96.000000,96.000000,96.000000,96.000000,5.0,-12.4570,-11.4995,-49.8279,-50.7854,PENDING_AG03,FALSE,NOT_FOR_ENFORCEMENT,-59.7935,8657.6399,-62.2849,-59.7935,-2.4914,-0.00607668,-0.00583361,-2.4914,-59.7935,-0.00583361,-2.4914,-2.4914,-2.4914,-2.4914,-2.4914,-59.7935,-0.00583361,-12.4570,-11.4995,-49.8279,-50.7854,-0.00486134,-0.00495476,-0.00024307,80.7073,71.0108,-0.4904,-5.6623,-0.8532,931.8020,11.5455,,80.7073,51.4311,73.2927,112.9492,130.8798,132.2867,178.1147,52.3519,0.0,1.804911,2.430184,1.101164,29,48,12,2,0E-8,-0.00607668,,0E-8,0.000000,0.879857,0.330709,,2026-03-26,2026-06-26,11,73,68,93,0.118280,,,0.000000,,,,,,,,GLOBAL_BASELINE_NO_ENTITY_RANKING,,,NOT_APPLICABLE_GLOBAL_BASELINE,HF9g-P5,,,,X 全窗基线 · 不参与实体赏罚,3921943,393,A168_HF9F_20260827_0900,2026-08-27 09:00:00
2026-04-17,129442686,1205,0,78.5278643039,0E-10,0E-10,,1,1,0.49324550000000000,0.493245500000,,,,0E-17,NO_DECISIVE_ROUND,R03b_20260811_FULL_v1,L1_ELIGIBILITY,v2026-08-11,2026-03-21..2026-08-06,baccarat_bet02_101_all_pairs_incl_sentinel,round_win = game_pnl > 0 (decisive only),COMPATIBILITY_ONLY_NOT_PRODUCTION,10249.8215,9018.3749,-62.2849,127,127,0.00607668,,0.00607668,0.00607668,62.2849,10249.8215,OK,0.0000,-2.4914,4.0000,96.0000,AG03-UNRESOLVED,ALL5_LEVELS_bet23_to_bet27,-2.4914,-2.4914,-2.4914,-2.4914,-2.4914,4.000000,4.000000,4.000000,4.000000,4.000000,96.000000,96.000000,96.000000,96.000000,96.000000,5.0,-12.4570,-11.4995,-49.8279,-50.7854,PENDING_AG03,FALSE,NOT_FOR_ENFORCEMENT,-59.7935,8657.6399,-62.2849,-59.7935,-2.4914,-0.00607668,-0.00583361,-2.4914,-59.7935,-0.00583361,-2.4914,-2.4914,-2.4914,-2.4914,-2.4914,-59.7935,-0.00583361,-12.4570,-11.4995,-49.8279,-50.7854,-0.00486134,-0.00495476,-0.00024307,80.7073,71.0108,-0.4904,-5.6623,-0.8532,931.8020,11.5455,,80.7073,51.4311,73.2927,112.9492,130.8798,132.2867,178.1147,52.3519,0.0,1.804911,2.430184,1.101164,29,48,12,2,0E-8,-0.00607668,,0E-8,0.000000,0.879857,0.330709,,2026-03-26,2026-06-26,11,73,68,93,0.118280,,,0.000000,,,,,,,,GLOBAL_BASELINE_NO_ENTITY_RANKING,,,NOT_APPLICABLE_GLOBAL_BASELINE,HF9g-P5,,,,X 全窗基线 · 不参与实体赏罚,3921944,393,A168_HF9F_20260827_0900,2026-08-27 09:00:00
2026-04-17,129442686,1323,0,52.3519095359,49.7343140591,49.7343140591,1.0000000,1,1,0.50665070000000000,0.506650700000,0.9867858985152569,0.9867858985152569,0.9867858985152569,0E-17,ELIGIBLE,R03b_20260811_FULL_v1,L1_ELIGIBILITY,v2026-08-11,2026-03-21..2026-08-06,baccarat_bet02_101_all_pairs_incl_sentinel,round_win = game_pnl > 0 (decisive only),COMPATIBILITY_ONLY_NOT_PRODUCTION,10249.8215,9018.3749,-62.2849,127,127,0.00607668,,0.00607668,0.00607668,62.2849,10249.8215,OK,0.0000,-2.4914,4.0000,96.0000,AG03-UNRESOLVED,ALL5_LEVELS_bet23_to_bet27,-2.4914,-2.4914,-2.4914,-2.4914,-2.4914,4.000000,4.000000,4.000000,4.000000,4.000000,96.000000,96.000000,96.000000,96.000000,96.000000,5.0,-12.4570,-11.4995,-49.8279,-50.7854,PENDING_AG03,FALSE,NOT_FOR_ENFORCEMENT,-59.7935,8657.6399,-62.2849,-59.7935,-2.4914,-0.00607668,-0.00583361,-2.4914,-59.7935,-0.00583361,-2.4914,-2.4914,-2.4914,-2.4914,-2.4914,-59.7935,-0.00583361,-12.4570,-11.4995,-49.8279,-50.7854,-0.00486134,-0.00495476,-0.00024307,80.7073,71.0108,-0.4904,-5.6623,-0.8532,931.8020,11.5455,,80.7073,51.4311,73.2927,112.9492,130.8798,132.2867,178.1147,52.3519,0.0,1.804911,2.430184,1.101164,29,48,12,2,0E-8,-0.00607668,,0E-8,0.000000,0.879857,0.330709,,2026-03-26,2026-06-26,11,73,68,93,0.118280,,,0.000000,,,,,,,,GLOBAL_BASELINE_NO_ENTITY_RANKING,,,NOT_APPLICABLE_GLOBAL_BASELINE,HF9g-P5,,,,X 全窗基线 · 不参与实体赏罚,3921945,393,A168_HF9F_20260827_0900,2026-08-27 09:00:00
2026-04-17,129442686,1374,0,248.6715702955,32.0655445907,32.0655445907,0.3333333,3,3,0.50218230000000000,0.502182300000,-0.5849155494134425,-0.5849155494134426,-0.5849155494134425,0E-17,ELIGIBLE,R03b_20260811_FULL_v1,L1_ELIGIBILITY,v2026-08-11,2026-03-21..2026-08-06,baccarat_bet02_101_all_pairs_incl_sentinel,round_win = game_pnl > 0 (decisive only),COMPATIBILITY_ONLY_NOT_PRODUCTION,10249.8215,9018.3749,-62.2849,127,127,0.00607668,,0.00607668,0.00607668,62.2849,10249.8215,OK,0.0000,-2.4914,4.0000,96.0000,AG03-UNRESOLVED,ALL5_LEVELS_bet23_to_bet27,-2.4914,-2.4914,-2.4914,-2.4914,-2.4914,4.000000,4.000000,4.000000,4.000000,4.000000,96.000000,96.000000,96.000000,96.000000,96.000000,5.0,-12.4570,-11.4995,-49.8279,-50.7854,PENDING_AG03,FALSE,NOT_FOR_ENFORCEMENT,-59.7935,8657.6399,-62.2849,-59.7935,-2.4914,-0.00607668,-0.00583361,-2.4914,-59.7935,-0.00583361,-2.4914,-2.4914,-2.4914,-2.4914,-2.4914,-59.7935,-0.00583361,-12.4570,-11.4995,-49.8279,-50.7854,-0.00486134,-0.00495476,-0.00024307,80.7073,71.0108,-0.4904,-5.6623,-0.8532,931.8020,11.5455,,80.7073,51.4311,73.2927,112.9492,130.8798,132.2867,178.1147,52.3519,0.0,1.804911,2.430184,1.101164,29,48,12,2,0E-8,-0.00607668,,0E-8,0.000000,0.879857,0.330709,,2026-03-26,2026-06-26,11,73,68,93,0.118280,,,0.000000,,,,,,,,GLOBAL_BASELINE_NO_ENTITY_RANKING,,,NOT_APPLICABLE_GLOBAL_BASELINE,HF9g-P5,,,,X 全窗基线 · 不参与实体赏罚,3921946,393,A168_HF9F_20260827_0900,2026-08-27 09:00:00
2026-04-17,129442686,1383,0,78.5278643039,-78.5278643039,-78.5278643039,0E-7,1,1,0.49324550000000000,0.493245500000,-0.9865810262130424,-0.9865810262130424,-0.9865810262130424,0E-17,ELIGIBLE,R03b_20260811_FULL_v1,L1_ELIGIBILITY,v2026-08-11,2026-03-21..2026-08-06,baccarat_bet02_101_all_pairs_incl_sentinel,round_win = game_pnl > 0 (decisive only),COMPATIBILITY_ONLY_NOT_PRODUCTION,10249.8215,9018.3749,-62.2849,127,127,0.00607668,,0.00607668,0.00607668,62.2849,10249.8215,OK,0.0000,-2.4914,4.0000,96.0000,AG03-UNRESOLVED,ALL5_LEVELS_bet23_to_bet27,-2.4914,-2.4914,-2.4914,-2.4914,-2.4914,4.000000,4.000000,4.000000,4.000000,4.000000,96.000000,96.000000,96.000000,96.000000,96.000000,5.0,-12.4570,-11.4995,-49.8279,-50.7854,PENDING_AG03,FALSE,NOT_FOR_ENFORCEMENT,-59.7935,8657.6399,-62.2849,-59.7935,-2.4914,-0.00607668,-0.00583361,-2.4914,-59.7935,-0.00583361,-2.4914,-2.4914,-2.4914,-2.4914,-2.4914,-59.7935,-0.00583361,-12.4570,-11.4995,-49.8279,-50.7854,-0.00486134,-0.00495476,-0.00024307,80.7073,71.0108,-0.4904,-5.6623,-0.8532,931.8020,11.5455,,80.7073,51.4311,73.2927,112.9492,130.8798,132.2867,178.1147,52.3519,0.0,1.804911,2.430184,1.101164,29,48,12,2,0E-8,-0.00607668,,0E-8,0.000000,0.879857,0.330709,,2026-03-26,2026-06-26,11,73,68,93,0.118280,,,0.000000,,,,,,,,GLOBAL_BASELINE_NO_ENTITY_RANKING,,,NOT_APPLICABLE_GLOBAL_BASELINE,HF9g-P5,,,,X 全窗基线 · 不参与实体赏罚,3921947,393,A168_HF9F_20260827_0900,2026-08-27 09:00:00
2026-04-17,129442686,1384,0,78.5278643039,78.5278643039,78.5278643039,1.0000000,1,1,0.49324550000000000,0.493245500000,1.01360149184955,1.01360149184955,1.01360149184955,0E-17,ELIGIBLE,R03b_20260811_FULL_v1,L1_ELIGIBILITY,v2026-08-11,2026-03-21..2026-08-06,baccarat_bet02_101_all_pairs_incl_sentinel,round_win = game_pnl > 0 (decisive only),COMPATIBILITY_ONLY_NOT_PRODUCTION,10249.8215,9018.3749,-62.2849,127,127,0.00607668,,0.00607668,0.00607668,62.2849,10249.8215,OK,0.0000,-2.4914,4.0000,96.0000,AG03-UNRESOLVED,ALL5_LEVELS_bet23_to_bet27,-2.4914,-2.4914,-2.4914,-2.4914,-2.4914,4.000000,4.000000,4.000000,4.000000,4.000000,96.000000,96.000000,96.000000,96.000000,96.000000,5.0,-12.4570,-11.4995,-49.8279,-50.7854,PENDING_AG03,FALSE,NOT_FOR_ENFORCEMENT,-59.7935,8657.6399,-62.2849,-59.7935,-2.4914,-0.00607668,-0.00583361,-2.4914,-59.7935,-0.00583361,-2.4914,-2.4914,-2.4914,-2.4914,-2.4914,-59.7935,-0.00583361,-12.4570,-11.4995,-49.8279,-50.7854,-0.00486134,-0.00495476,-0.00024307,80.7073,71.0108,-0.4904,-5.6623,-0.8532,931.8020,11.5455,,80.7073,51.4311,73.2927,112.9492,130.8798,132.2867,178.1147,52.3519,0.0,1.804911,2.430184,1.101164,29,48,12,2,0E-8,-0.00607668,,0E-8,0.000000,0.879857,0.330709,,2026-03-26,2026-06-26,11,73,68,93,0.118280,,,0.000000,,,,,,,,GLOBAL_BASELINE_NO_ENTITY_RANKING,,,NOT_APPLICABLE_GLOBAL_BASELINE,HF9g-P5,,,,X 全窗基线 · 不参与实体赏罚,3921948,393,A168_HF9F_20260827_0900,2026-08-27 09:00:00
2026-04-17,129442686,1400,0,130.8797738398,-26.1759547680,-26.1759547680,0.5000000,2,2,0.49324550000000000,0.493245500000,0.01910635448239258,0.01910635448239258,0.01910635448239258,0E-17,ELIGIBLE,R03b_20260811_FULL_v1,L1_ELIGIBILITY,v2026-08-11,2026-03-21..2026-08-06,baccarat_bet02_101_all_pairs_incl_sentinel,round_win = game_pnl > 0 (decisive only),COMPATIBILITY_ONLY_NOT_PRODUCTION,10249.8215,9018.3749,-62.2849,127,127,0.00607668,,0.00607668,0.00607668,62.2849,10249.8215,OK,0.0000,-2.4914,4.0000,96.0000,AG03-UNRESOLVED,ALL5_LEVELS_bet23_to_bet27,-2.4914,-2.4914,-2.4914,-2.4914,-2.4914,4.000000,4.000000,4.000000,4.000000,4.000000,96.000000,96.000000,96.000000,96.000000,96.000000,5.0,-12.4570,-11.4995,-49.8279,-50.7854,PENDING_AG03,FALSE,NOT_FOR_ENFORCEMENT,-59.7935,8657.6399,-62.2849,-59.7935,-2.4914,-0.00607668,-0.00583361,-2.4914,-59.7935,-0.00583361,-2.4914,-2.4914,-2.4914,-2.4914,-2.4914,-59.7935,-0.00583361,-12.4570,-11.4995,-49.8279,-50.7854,-0.00486134,-0.00495476,-0.00024307,80.7073,71.0108,-0.4904,-5.6623,-0.8532,931.8020,11.5455,,80.7073,51.4311,73.2927,112.9492,130.8798,132.2867,178.1147,52.3519,0.0,1.804911,2.430184,1.101164,29,48,12,2,0E-8,-0.00607668,,0E-8,0.000000,0.879857,0.330709,,2026-03-26,2026-06-26,11,73,68,93,0.118280,,,0.000000,,,,,,,,GLOBAL_BASELINE_NO_ENTITY_RANKING,,,NOT_APPLICABLE_GLOBAL_BASELINE,HF9g-P5,,,,X 全窗基线 · 不参与实体赏罚,3921949,393,A168_HF9F_20260827_0900,2026-08-27 09:00:00
2026-04-17,129442686,1654,0,104.7038190718,-104.7038190718,-104.7038190718,0E-7,1,1,0.49324550000000000,0.493245500000,-0.9865810262130424,-0.9865810262130424,-0.9865810262130424,0E-17,ELIGIBLE,R03b_20260811_FULL_v1,L1_ELIGIBILITY,v2026-08-11,2026-03-21..2026-08-06,baccarat_bet02_101_all_pairs_incl_sentinel,round_win = game_pnl > 0 (decisive only),COMPATIBILITY_ONLY_NOT_PRODUCTION,10249.8215,9018.3749,-62.2849,127,127,0.00607668,,0.00607668,0.00607668,62.2849,10249.8215,OK,0.0000,-2.4914,4.0000,96.0000,AG03-UNRESOLVED,ALL5_LEVELS_bet23_to_bet27,-2.4914,-2.4914,-2.4914,-2.4914,-2.4914,4.000000,4.000000,4.000000,4.000000,4.000000,96.000000,96.000000,96.000000,96.000000,96.000000,5.0,-12.4570,-11.4995,-49.8279,-50.7854,PENDING_AG03,FALSE,NOT_FOR_ENFORCEMENT,-59.7935,8657.6399,-62.2849,-59.7935,-2.4914,-0.00607668,-0.00583361,-2.4914,-59.7935,-0.00583361,-2.4914,-2.4914,-2.4914,-2.4914,-2.4914,-59.7935,-0.00583361,-12.4570,-11.4995,-49.8279,-50.7854,-0.00486134,-0.00495476,-0.00024307,80.7073,71.0108,-0.4904,-5.6623,-0.8532,931.8020,11.5455,,80.7073,51.4311,73.2927,112.9492,130.8798,132.2867,178.1147,52.3519,0.0,1.804911,2.430184,1.101164,29,48,12,2,0E-8,-0.00607668,,0E-8,0.000000,0.879857,0.330709,,2026-03-26,2026-06-26,11,73,68,93,0.118280,,,0.000000,,,,,,,,GLOBAL_BASELINE_NO_ENTITY_RANKING,,,NOT_APPLICABLE_GLOBAL_BASELINE,HF9g-P5,,,,X 全窗基线 · 不参与实体赏罚,3921950,393,A168_HF9F_20260827_0900,2026-08-27 09:00:00
2026-04-17,129442686,1704,0,104.7038190718,99.4686281182,99.4686281182,1.0000000,1,1,0.50665070000000000,0.506650700000,0.9867858985152569,0.9867858985152569,0.9867858985152569,0E-17,ELIGIBLE,R03b_20260811_FULL_v1,L1_ELIGIBILITY,v2026-08-11,2026-03-21..2026-08-06,baccarat_bet02_101_all_pairs_incl_sentinel,round_win = game_pnl > 0 (decisive only),COMPATIBILITY_ONLY_NOT_PRODUCTION,10249.8215,9018.3749,-62.2849,127,127,0.00607668,,0.00607668,0.00607668,62.2849,10249.8215,OK,0.0000,-2.4914,4.0000,96.0000,AG03-UNRESOLVED,ALL5_LEVELS_bet23_to_bet27,-2.4914,-2.4914,-2.4914,-2.4914,-2.4914,4.000000,4.000000,4.000000,4.000000,4.000000,96.000000,96.000000,96.000000,96.000000,96.000000,5.0,-12.4570,-11.4995,-49.8279,-50.7854,PENDING_AG03,FALSE,NOT_FOR_ENFORCEMENT,-59.7935,8657.6399,-62.2849,-59.7935,-2.4914,-0.00607668,-0.00583361,-2.4914,-59.7935,-0.00583361,-2.4914,-2.4914,-2.4914,-2.4914,-2.4914,-59.7935,-0.00583361,-12.4570,-11.4995,-49.8279,-50.7854,-0.00486134,-0.00495476,-0.00024307,80.7073,71.0108,-0.4904,-5.6623,-0.8532,931.8020,11.5455,,80.7073,51.4311,73.2927,112.9492,130.8798,132.2867,178.1147,52.3519,0.0,1.804911,2.430184,1.101164,29,48,12,2,0E-8,-0.00607668,,0E-8,0.000000,0.879857,0.330709,,2026-03-26,2026-06-26,11,73,68,93,0.118280,,,0.000000,,,,,,,,GLOBAL_BASELINE_NO_ENTITY_RANKING,,,NOT_APPLICABLE_GLOBAL_BASELINE,HF9g-P5,,,,X 全窗基线 · 不参与实体赏罚,3921951,393,A168_HF9F_20260827_0900,2026-08-27 09:00:00
2026-04-17,129442686,1942,0,52.3519095359,-52.3519095359,-52.3519095359,0E-7,1,1,0.49324550000000000,0.493245500000,-0.9865810262130424,-0.9865810262130424,-0.9865810262130424,0E-17,ELIGIBLE,R03b_20260811_FULL_v1,L1_ELIGIBILITY,v2026-08-11,2026-03-21..2026-08-06,baccarat_bet02_101_all_pairs_incl_sentinel,round_win = game_pnl > 0 (decisive only),COMPATIBILITY_ONLY_NOT_PRODUCTION,10249.8215,9018.3749,-62.2849,127,127,0.00607668,,0.00607668,0.00607668,62.2849,10249.8215,OK,0.0000,-2.4914,4.0000,96.0000,AG03-UNRESOLVED,ALL5_LEVELS_bet23_to_bet27,-2.4914,-2.4914,-2.4914,-2.4914,-2.4914,4.000000,4.000000,4.000000,4.000000,4.000000,96.000000,96.000000,96.000000,96.000000,96.000000,5.0,-12.4570,-11.4995,-49.8279,-50.7854,PENDING_AG03,FALSE,NOT_FOR_ENFORCEMENT,-59.7935,8657.6399,-62.2849,-59.7935,-2.4914,-0.00607668,-0.00583361,-2.4914,-59.7935,-0.00583361,-2.4914,-2.4914,-2.4914,-2.4914,-2.4914,-59.7935,-0.00583361,-12.4570,-11.4995,-49.8279,-50.7854,-0.00486134,-0.00495476,-0.00024307,80.7073,71.0108,-0.4904,-5.6623,-0.8532,931.8020,11.5455,,80.7073,51.4311,73.2927,112.9492,130.8798,132.2867,178.1147,52.3519,0.0,1.804911,2.430184,1.101164,29,48,12,2,0E-8,-0.00607668,,0E-8,0.000000,0.879857,0.330709,,2026-03-26,2026-06-26,11,73,68,93,0.118280,,,0.000000,,,,,,,,GLOBAL_BASELINE_NO_ENTITY_RANKING,,,NOT_APPLICABLE_GLOBAL_BASELINE,HF9g-P5,,,,X 全窗基线 · 不参与实体赏罚,3921952,393,A168_HF9F_20260827_0900,2026-08-27 09:00:00
2026-04-17,129442686,2084,0,52.3519095359,0E-10,0E-10,,1,1,0.49324550000000000,0.493245500000,,,,0E-17,NO_DECISIVE_ROUND,R03b_20260811_FULL_v1,L1_ELIGIBILITY,v2026-08-11,2026-03-21..2026-08-06,baccarat_bet02_101_all_pairs_incl_sentinel,round_win = game_pnl > 0 (decisive only),COMPATIBILITY_ONLY_NOT_PRODUCTION,10249.8215,9018.3749,-62.2849,127,127,0.00607668,,0.00607668,0.00607668,62.2849,10249.8215,OK,0.0000,-2.4914,4.0000,96.0000,AG03-UNRESOLVED,ALL5_LEVELS_bet23_to_bet27,-2.4914,-2.4914,-2.4914,-2.4914,-2.4914,4.000000,4.000000,4.000000,4.000000,4.000000,96.000000,96.000000,96.000000,96.000000,96.000000,5.0,-12.4570,-11.4995,-49.8279,-50.7854,PENDING_AG03,FALSE,NOT_FOR_ENFORCEMENT,-59.7935,8657.6399,-62.2849,-59.7935,-2.4914,-0.00607668,-0.00583361,-2.4914,-59.7935,-0.00583361,-2.4914,-2.4914,-2.4914,-2.4914,-2.4914,-59.7935,-0.00583361,-12.4570,-11.4995,-49.8279,-50.7854,-0.00486134,-0.00495476,-0.00024307,80.7073,71.0108,-0.4904,-5.6623,-0.8532,931.8020,11.5455,,80.7073,51.4311,73.2927,112.9492,130.8798,132.2867,178.1147,52.3519,0.0,1.804911,2.430184,1.101164,29,48,12,2,0E-8,-0.00607668,,0E-8,0.000000,0.879857,0.330709,,2026-03-26,2026-06-26,11,73,68,93,0.118280,,,0.000000,,,,,,,,GLOBAL_BASELINE_NO_ENTITY_RANKING,,,NOT_APPLICABLE_GLOBAL_BASELINE,HF9g-P5,,,,X 全窗基线 · 不参与实体赏罚,3921953,393,A168_HF9F_20260827_0900,2026-08-27 09:00:00
2026-04-17,129442686,2107,0,71.1985969688,71.1985969688,71.1985969688,1.0000000,1,1,0.49324550000000000,0.493245500000,1.01360149184955,1.01360149184955,1.01360149184955,0E-17,ELIGIBLE,R03b_20260811_FULL_v1,L1_ELIGIBILITY,v2026-08-11,2026-03-21..2026-08-06,baccarat_bet02_101_all_pairs_incl_sentinel,round_win = game_pnl > 0 (decisive only),COMPATIBILITY_ONLY_NOT_PRODUCTION,10249.8215,9018.3749,-62.2849,127,127,0.00607668,,0.00607668,0.00607668,62.2849,10249.8215,OK,0.0000,-2.4914,4.0000,96.0000,AG03-UNRESOLVED,ALL5_LEVELS_bet23_to_bet27,-2.4914,-2.4914,-2.4914,-2.4914,-2.4914,4.000000,4.000000,4.000000,4.000000,4.000000,96.000000,96.000000,96.000000,96.000000,96.000000,5.0,-12.4570,-11.4995,-49.8279,-50.7854,PENDING_AG03,FALSE,NOT_FOR_ENFORCEMENT,-59.7935,8657.6399,-62.2849,-59.7935,-2.4914,-0.00607668,-0.00583361,-2.4914,-59.7935,-0.00583361,-2.4914,-2.4914,-2.4914,-2.4914,-2.4914,-59.7935,-0.00583361,-12.4570,-11.4995,-49.8279,-50.7854,-0.00486134,-0.00495476,-0.00024307,80.7073,71.0108,-0.4904,-5.6623,-0.8532,931.8020,11.5455,,80.7073,51.4311,73.2927,112.9492,130.8798,132.2867,178.1147,52.3519,0.0,1.804911,2.430184,1.101164,29,48,12,2,0E-8,-0.00607668,,0E-8,0.000000,0.879857,0.330709,,2026-03-26,2026-06-26,11,73,68,93,0.118280,,,0.000000,,,,,,,,GLOBAL_BASELINE_NO_ENTITY_RANKING,,,NOT_APPLICABLE_GLOBAL_BASELINE,HF9g-P5,,,,X 全窗基线 · 不参与实体赏罚,3921954,393,A168_HF9F_20260827_0900,2026-08-27 09:00:00
2026-04-17,129442686,2152,0,52.3519095359,52.3519095359,52.3519095359,1.0000000,1,1,0.49324550000000000,0.493245500000,1.01360149184955,1.01360149184955,1.01360149184955,0E-17,ELIGIBLE,R03b_20260811_FULL_v1,L1_ELIGIBILITY,v2026-08-11,2026-03-21..2026-08-06,baccarat_bet02_101_all_pairs_incl_sentinel,round_win = game_pnl > 0 (decisive only),COMPATIBILITY_ONLY_NOT_PRODUCTION,10249.8215,9018.3749,-62.2849,127,127,0.00607668,,0.00607668,0.00607668,62.2849,10249.8215,OK,0.0000,-2.4914,4.0000,96.0000,AG03-UNRESOLVED,ALL5_LEVELS_bet23_to_bet27,-2.4914,-2.4914,-2.4914,-2.4914,-2.4914,4.000000,4.000000,4.000000,4.000000,4.000000,96.000000,96.000000,96.000000,96.000000,96.000000,5.0,-12.4570,-11.4995,-49.8279,-50.7854,PENDING_AG03,FALSE,NOT_FOR_ENFORCEMENT,-59.7935,8657.6399,-62.2849,-59.7935,-2.4914,-0.00607668,-0.00583361,-2.4914,-59.7935,-0.00583361,-2.4914,-2.4914,-2.4914,-2.4914,-2.4914,-59.7935,-0.00583361,-12.4570,-11.4995,-49.8279,-50.7854,-0.00486134,-0.00495476,-0.00024307,80.7073,71.0108,-0.4904,-5.6623,-0.8532,931.8020,11.5455,,80.7073,51.4311,73.2927,112.9492,130.8798,132.2867,178.1147,52.3519,0.0,1.804911,2.430184,1.101164,29,48,12,2,0E-8,-0.00607668,,0E-8,0.000000,0.879857,0.330709,,2026-03-26,2026-06-26,11,73,68,93,0.118280,,,0.000000,,,,,,,,GLOBAL_BASELINE_NO_ENTITY_RANKING,,,NOT_APPLICABLE_GLOBAL_BASELINE,HF9g-P5,,,,X 全窗基线 · 不参与实体赏罚,3921955,393,A168_HF9F_20260827_0900,2026-08-27 09:00:00
2026-04-17,129442686,2160,0,183.2316833757,-130.8797738398,-130.8797738398,0E-7,3,3,0.50665070000000000,0.506650700000,-1.4331513700195317,-1.4331513700195317,-1.4331513700195317,0E-17,ELIGIBLE,R03b_20260811_FULL_v1,L1_ELIGIBILITY,v2026-08-11,2026-03-21..2026-08-06,baccarat_bet02_101_all_pairs_incl_sentinel,round_win = game_pnl > 0 (decisive only),COMPATIBILITY_ONLY_NOT_PRODUCTION,10249.8215,9018.3749,-62.2849,127,127,0.00607668,,0.00607668,0.00607668,62.2849,10249.8215,OK,0.0000,-2.4914,4.0000,96.0000,AG03-UNRESOLVED,ALL5_LEVELS_bet23_to_bet27,-2.4914,-2.4914,-2.4914,-2.4914,-2.4914,4.000000,4.000000,4.000000,4.000000,4.000000,96.000000,96.000000,96.000000,96.000000,96.000000,5.0,-12.4570,-11.4995,-49.8279,-50.7854,PENDING_AG03,FALSE,NOT_FOR_ENFORCEMENT,-59.7935,8657.6399,-62.2849,-59.7935,-2.4914,-0.00607668,-0.00583361,-2.4914,-59.7935,-0.00583361,-2.4914,-2.4914,-2.4914,-2.4914,-2.4914,-59.7935,-0.00583361,-12.4570,-11.4995,-49.8279,-50.7854,-0.00486134,-0.00495476,-0.00024307,80.7073,71.0108,-0.4904,-5.6623,-0.8532,931.8020,11.5455,,80.7073,51.4311,73.2927,112.9492,130.8798,132.2867,178.1147,52.3519,0.0,1.804911,2.430184,1.101164,29,48,12,2,0E-8,-0.00607668,,0E-8,0.000000,0.879857,0.330709,,2026-03-26,2026-06-26,11,73,68,93,0.118280,,,0.000000,,,,,,,,GLOBAL_BASELINE_NO_ENTITY_RANKING,,,NOT_APPLICABLE_GLOBAL_BASELINE,HF9g-P5,,,,X 全窗基线 · 不参与实体赏罚,3921956,393,A168_HF9F_20260827_0900,2026-08-27 09:00:00
2026-04-17,129442686,2212,0,254.6920398922,194.7491034736,194.7491034736,0.7500000,4,4,0.49994810000000000,0.499948100000,1.0002076053883384,1.0002076053883384,1.0002076053883384,0E-17,ELIGIBLE,R03b_20260811_FULL_v1,L1_ELIGIBILITY,v2026-08-11,2026-03-21..2026-08-06,baccarat_bet02_101_all_pairs_incl_sentinel,round_win = game_pnl > 0 (decisive only),COMPATIBILITY_ONLY_NOT_PRODUCTION,10249.8215,9018.3749,-62.2849,127,127,0.00607668,,0.00607668,0.00607668,62.2849,10249.8215,OK,0.0000,-2.4914,4.0000,96.0000,AG03-UNRESOLVED,ALL5_LEVELS_bet23_to_bet27,-2.4914,-2.4914,-2.4914,-2.4914,-2.4914,4.000000,4.000000,4.000000,4.000000,4.000000,96.000000,96.000000,96.000000,96.000000,96.000000,5.0,-12.4570,-11.4995,-49.8279,-50.7854,PENDING_AG03,FALSE,NOT_FOR_ENFORCEMENT,-59.7935,8657.6399,-62.2849,-59.7935,-2.4914,-0.00607668,-0.00583361,-2.4914,-59.7935,-0.00583361,-2.4914,-2.4914,-2.4914,-2.4914,-2.4914,-59.7935,-0.00583361,-12.4570,-11.4995,-49.8279,-50.7854,-0.00486134,-0.00495476,-0.00024307,80.7073,71.0108,-0.4904,-5.6623,-0.8532,931.8020,11.5455,,80.7073,51.4311,73.2927,112.9492,130.8798,132.2867,178.1147,52.3519,0.0,1.804911,2.430184,1.101164,29,48,12,2,0E-8,-0.00607668,,0E-8,0.000000,0.879857,0.330709,,2026-03-26,2026-06-26,11,73,68,93,0.118280,,,0.000000,,,,,,,,GLOBAL_BASELINE_NO_ENTITY_RANKING,,,NOT_APPLICABLE_GLOBAL_BASELINE,HF9g-P5,,,,X 全窗基线 · 不参与实体赏罚,3921957,393,A168_HF9F_20260827_0900,2026-08-27 09:00:00
2026-04-17,129442686,2224,0,73.2926733503,69.6280396827,69.6280396827,1.0000000,1,1,0.50665070000000000,0.506650700000,0.9867858985152569,0.9867858985152569,0.9867858985152569,0E-17,ELIGIBLE,R03b_20260811_FULL_v1,L1_ELIGIBILITY,v2026-08-11,2026-03-21..2026-08-06,baccarat_bet02_101_all_pairs_incl_sentinel,round_win = game_pnl > 0 (decisive only),COMPATIBILITY_ONLY_NOT_PRODUCTION,10249.8215,9018.3749,-62.2849,127,127,0.00607668,,0.00607668,0.00607668,62.2849,10249.8215,OK,0.0000,-2.4914,4.0000,96.0000,AG03-UNRESOLVED,ALL5_LEVELS_bet23_to_bet27,-2.4914,-2.4914,-2.4914,-2.4914,-2.4914,4.000000,4.000000,4.000000,4.000000,4.000000,96.000000,96.000000,96.000000,96.000000,96.000000,5.0,-12.4570,-11.4995,-49.8279,-50.7854,PENDING_AG03,FALSE,NOT_FOR_ENFORCEMENT,-59.7935,8657.6399,-62.2849,-59.7935,-2.4914,-0.00607668,-0.00583361,-2.4914,-59.7935,-0.00583361,-2.4914,-2.4914,-2.4914,-2.4914,-2.4914,-59.7935,-0.00583361,-12.4570,-11.4995,-49.8279,-50.7854,-0.00486134,-0.00495476,-0.00024307,80.7073,71.0108,-0.4904,-5.6623,-0.8532,931.8020,11.5455,,80.7073,51.4311,73.2927,112.9492,130.8798,132.2867,178.1147,52.3519,0.0,1.804911,2.430184,1.101164,29,48,12,2,0E-8,-0.00607668,,0E-8,0.000000,0.879857,0.330709,,2026-03-26,2026-06-26,11,73,68,93,0.118280,,,0.000000,,,,,,,,GLOBAL_BASELINE_NO_ENTITY_RANKING,,,NOT_APPLICABLE_GLOBAL_BASELINE,HF9g-P5,,,,X 全窗基线 · 不参与实体赏罚,3921958,393,A168_HF9F_20260827_0900,2026-08-27 09:00:00
2026-04-17,129442686,2248,0,52.3519095359,-52.3519095359,-52.3519095359,0E-7,1,1,0.49324550000000000,0.493245500000,-0.9865810262130424,-0.9865810262130424,-0.9865810262130424,0E-17,ELIGIBLE,R03b_20260811_FULL_v1,L1_ELIGIBILITY,v2026-08-11,2026-03-21..2026-08-06,baccarat_bet02_101_all_pairs_incl_sentinel,round_win = game_pnl > 0 (decisive only),COMPATIBILITY_ONLY_NOT_PRODUCTION,10249.8215,9018.3749,-62.2849,127,127,0.00607668,,0.00607668,0.00607668,62.2849,10249.8215,OK,0.0000,-2.4914,4.0000,96.0000,AG03-UNRESOLVED,ALL5_LEVELS_bet23_to_bet27,-2.4914,-2.4914,-2.4914,-2.4914,-2.4914,4.000000,4.000000,4.000000,4.000000,4.000000,96.000000,96.000000,96.000000,96.000000,96.000000,5.0,-12.4570,-11.4995,-49.8279,-50.7854,PENDING_AG03,FALSE,NOT_FOR_ENFORCEMENT,-59.7935,8657.6399,-62.2849,-59.7935,-2.4914,-0.00607668,-0.00583361,-2.4914,-59.7935,-0.00583361,-2.4914,-2.4914,-2.4914,-2.4914,-2.4914,-59.7935,-0.00583361,-12.4570,-11.4995,-49.8279,-50.7854,-0.00486134,-0.00495476,-0.00024307,80.7073,71.0108,-0.4904,-5.6623,-0.8532,931.8020,11.5455,,80.7073,51.4311,73.2927,112.9492,130.8798,132.2867,178.1147,52.3519,0.0,1.804911,2.430184,1.101164,29,48,12,2,0E-8,-0.00607668,,0E-8,0.000000,0.879857,0.330709,,2026-03-26,2026-06-26,11,73,68,93,0.118280,,,0.000000,,,,,,,,GLOBAL_BASELINE_NO_ENTITY_RANKING,,,NOT_APPLICABLE_GLOBAL_BASELINE,HF9g-P5,,,,X 全窗基线 · 不参与实体赏罚,3921959,393,A168_HF9F_20260827_0900,2026-08-27 09:00:00
2026-04-17,129442686,2258,0,104.7038190718,-104.7038190718,-104.7038190718,0E-7,2,2,0.50665070000000000,0.506650700000,-1.4331513700195317,-1.4331513700195317,-1.4331513700195317,0E-17,ELIGIBLE,R03b_20260811_FULL_v1,L1_ELIGIBILITY,v2026-08-11,2026-03-21..2026-08-06,baccarat_bet02_101_all_pairs_incl_sentinel,round_win = game_pnl > 0 (decisive only),COMPATIBILITY_ONLY_NOT_PRODUCTION,10249.8215,9018.3749,-62.2849,127,127,0.00607668,,0.00607668,0.00607668,62.2849,10249.8215,OK,0.0000,-2.4914,4.0000,96.0000,AG03-UNRESOLVED,ALL5_LEVELS_bet23_to_bet27,-2.4914,-2.4914,-2.4914,-2.4914,-2.4914,4.000000,4.000000,4.000000,4.000000,4.000000,96.000000,96.000000,96.000000,96.000000,96.000000,5.0,-12.4570,-11.4995,-49.8279,-50.7854,PENDING_AG03,FALSE,NOT_FOR_ENFORCEMENT,-59.7935,8657.6399,-62.2849,-59.7935,-2.4914,-0.00607668,-0.00583361,-2.4914,-59.7935,-0.00583361,-2.4914,-2.4914,-2.4914,-2.4914,-2.4914,-59.7935,-0.00583361,-12.4570,-11.4995,-49.8279,-50.7854,-0.00486134,-0.00495476,-0.00024307,80.7073,71.0108,-0.4904,-5.6623,-0.8532,931.8020,11.5455,,80.7073,51.4311,73.2927,112.9492,130.8798,132.2867,178.1147,52.3519,0.0,1.804911,2.430184,1.101164,29,48,12,2,0E-8,-0.00607668,,0E-8,0.000000,0.879857,0.330709,,2026-03-26,2026-06-26,11,73,68,93,0.118280,,,0.000000,,,,,,,,GLOBAL_BASELINE_NO_ENTITY_RANKING,,,NOT_APPLICABLE_GLOBAL_BASELINE,HF9g-P5,,,,X 全窗基线 · 不参与实体赏罚,3921960,393,A168_HF9F_20260827_0900,2026-08-27 09:00:00
2026-04-17,129442686,462,0,142.3971939376,135.2773342408,135.2773342408,1.0000000,1,1,0.50665070000000000,0.506650700000,0.9867858985152569,0.9867858985152569,0.9867858985152569,0E-17,ELIGIBLE,R03b_20260811_FULL_v1,L1_ELIGIBILITY,v2026-08-11,2026-03-21..2026-08-06,baccarat_bet02_101_all_pairs_incl_sentinel,round_win = game_pnl > 0 (decisive only),COMPATIBILITY_ONLY_NOT_PRODUCTION,10249.8215,9018.3749,-62.2849,127,127,0.00607668,,0.00607668,0.00607668,62.2849,10249.8215,OK,0.0000,-2.4914,4.0000,96.0000,AG03-UNRESOLVED,ALL5_LEVELS_bet23_to_bet27,-2.4914,-2.4914,-2.4914,-2.4914,-2.4914,4.000000,4.000000,4.000000,4.000000,4.000000,96.000000,96.000000,96.000000,96.000000,96.000000,5.0,-12.4570,-11.4995,-49.8279,-50.7854,PENDING_AG03,FALSE,NOT_FOR_ENFORCEMENT,-59.7935,8657.6399,-62.2849,-59.7935,-2.4914,-0.00607668,-0.00583361,-2.4914,-59.7935,-0.00583361,-2.4914,-2.4914,-2.4914,-2.4914,-2.4914,-59.7935,-0.00583361,-12.4570,-11.4995,-49.8279,-50.7854,-0.00486134,-0.00495476,-0.00024307,80.7073,71.0108,-0.4904,-5.6623,-0.8532,931.8020,11.5455,,80.7073,51.4311,73.2927,112.9492,130.8798,132.2867,178.1147,52.3519,0.0,1.804911,2.430184,1.101164,29,48,12,2,0E-8,-0.00607668,,0E-8,0.000000,0.879857,0.330709,,2026-03-26,2026-06-26,11,73,68,93,0.118280,,,0.000000,,,,,,,,GLOBAL_BASELINE_NO_ENTITY_RANKING,,,NOT_APPLICABLE_GLOBAL_BASELINE,HF9g-P5,,,,X 全窗基线 · 不参与实体赏罚,3921961,393,A168_HF9F_20260827_0900,2026-08-27 09:00:00
2026-04-17,129442686,919,0,52.3519095359,52.3519095359,52.3519095359,1.0000000,1,1,0.49324550000000000,0.493245500000,1.01360149184955,1.01360149184955,1.01360149184955,0E-17,ELIGIBLE,R03b_20260811_FULL_v1,L1_ELIGIBILITY,v2026-08-11,2026-03-21..2026-08-06,baccarat_bet02_101_all_pairs_incl_sentinel,round_win = game_pnl > 0 (decisive only),COMPATIBILITY_ONLY_NOT_PRODUCTION,10249.8215,9018.3749,-62.2849,127,127,0.00607668,,0.00607668,0.00607668,62.2849,10249.8215,OK,0.0000,-2.4914,4.0000,96.0000,AG03-UNRESOLVED,ALL5_LEVELS_bet23_to_bet27,-2.4914,-2.4914,-2.4914,-2.4914,-2.4914,4.000000,4.000000,4.000000,4.000000,4.000000,96.000000,96.000000,96.000000,96.000000,96.000000,5.0,-12.4570,-11.4995,-49.8279,-50.7854,PENDING_AG03,FALSE,NOT_FOR_ENFORCEMENT,-59.7935,8657.6399,-62.2849,-59.7935,-2.4914,-0.00607668,-0.00583361,-2.4914,-59.7935,-0.00583361,-2.4914,-2.4914,-2.4914,-2.4914,-2.4914,-59.7935,-0.00583361,-12.4570,-11.4995,-49.8279,-50.7854,-0.00486134,-0.00495476,-0.00024307,80.7073,71.0108,-0.4904,-5.6623,-0.8532,931.8020,11.5455,,80.7073,51.4311,73.2927,112.9492,130.8798,132.2867,178.1147,52.3519,0.0,1.804911,2.430184,1.101164,29,48,12,2,0E-8,-0.00607668,,0E-8,0.000000,0.879857,0.330709,,2026-03-26,2026-06-26,11,73,68,93,0.118280,,,0.000000,,,,,,,,GLOBAL_BASELINE_NO_ENTITY_RANKING,,,NOT_APPLICABLE_GLOBAL_BASELINE,HF9g-P5,,,,X 全窗基线 · 不参与实体赏罚,3921962,393,A168_HF9F_20260827_0900,2026-08-27 09:00:00
2026-04-18,129442686,-1,1,78.5278643039,74.6014710887,74.6014710887,1.0000000,1,1,0.50665070000000000,0.506650700000,0.9867858985152569,0.9867858985152569,0.9867858985152569,0E-17,SENTINEL_DEALER,R03b_20260811_FULL_v1,L1_ELIGIBILITY,v2026-08-11,2026-03-21..2026-08-06,baccarat_bet02_101_all_pairs_incl_sentinel,round_win = game_pnl > 0 (decisive only),COMPATIBILITY_ONLY_NOT_PRODUCTION,10249.8215,9018.3749,-62.2849,127,127,0.00607668,,0.00607668,0.00607668,62.2849,10249.8215,OK,0.0000,-2.4914,4.0000,96.0000,AG03-UNRESOLVED,ALL5_LEVELS_bet23_to_bet27,-2.4914,-2.4914,-2.4914,-2.4914,-2.4914,4.000000,4.000000,4.000000,4.000000,4.000000,96.000000,96.000000,96.000000,96.000000,96.000000,5.0,-12.4570,-11.4995,-49.8279,-50.7854,PENDING_AG03,FALSE,NOT_FOR_ENFORCEMENT,-59.7935,8657.6399,-62.2849,-59.7935,-2.4914,-0.00607668,-0.00583361,-2.4914,-59.7935,-0.00583361,-2.4914,-2.4914,-2.4914,-2.4914,-2.4914,-59.7935,-0.00583361,-12.4570,-11.4995,-49.8279,-50.7854,-0.00486134,-0.00495476,-0.00024307,80.7073,71.0108,-0.4904,-5.6623,-0.8532,931.8020,11.5455,,80.7073,51.4311,73.2927,112.9492,130.8798,132.2867,178.1147,52.3519,0.0,1.804911,2.430184,1.101164,29,48,12,2,0E-8,-0.00607668,,0E-8,0.000000,0.879857,0.330709,,2026-03-26,2026-06-26,11,73,68,93,0.118280,,,0.000000,,,,,,,,GLOBAL_BASELINE_NO_ENTITY_RANKING,,,NOT_APPLICABLE_GLOBAL_BASELINE,HF9g-P5,,,,X 全窗基线 · 不参与实体赏罚,3921963,393,A168_HF9F_20260827_0900,2026-08-27 09:00:00
2026-04-19,129442686,1017,0,104.7038190718,99.4686281182,99.4686281182,1.0000000,1,1,0.50665070000000000,0.506650700000,0.9867858985152569,0.9867858985152569,0.9867858985152569,0E-17,ELIGIBLE,R03b_20260811_FULL_v1,L1_ELIGIBILITY,v2026-08-11,2026-03-21..2026-08-06,baccarat_bet02_101_all_pairs_incl_sentinel,round_win = game_pnl > 0 (decisive only),COMPATIBILITY_ONLY_NOT_PRODUCTION,10249.8215,9018.3749,-62.2849,127,127,0.00607668,,0.00607668,0.00607668,62.2849,10249.8215,OK,0.0000,-2.4914,4.0000,96.0000,AG03-UNRESOLVED,ALL5_LEVELS_bet23_to_bet27,-2.4914,-2.4914,-2.4914,-2.4914,-2.4914,4.000000,4.000000,4.000000,4.000000,4.000000,96.000000,96.000000,96.000000,96.000000,96.000000,5.0,-12.4570,-11.4995,-49.8279,-50.7854,PENDING_AG03,FALSE,NOT_FOR_ENFORCEMENT,-59.7935,8657.6399,-62.2849,-59.7935,-2.4914,-0.00607668,-0.00583361,-2.4914,-59.7935,-0.00583361,-2.4914,-2.4914,-2.4914,-2.4914,-2.4914,-59.7935,-0.00583361,-12.4570,-11.4995,-49.8279,-50.7854,-0.00486134,-0.00495476,-0.00024307,80.7073,71.0108,-0.4904,-5.6623,-0.8532,931.8020,11.5455,,80.7073,51.4311,73.2927,112.9492,130.8798,132.2867,178.1147,52.3519,0.0,1.804911,2.430184,1.101164,29,48,12,2,0E-8,-0.00607668,,0E-8,0.000000,0.879857,0.330709,,2026-03-26,2026-06-26,11,73,68,93,0.118280,,,0.000000,,,,,,,,GLOBAL_BASELINE_NO_ENTITY_RANKING,,,NOT_APPLICABLE_GLOBAL_BASELINE,HF9g-P5,,,,X 全窗基线 · 不参与实体赏罚,3921964,393,A168_HF9F_20260827_0900,2026-08-27 09:00:00
2026-04-20,129442686,-1,1,261.7595476796,255.2155589876,255.2155589876,1.0000000,2,2,0.49994810000000000,0.499948100000,1.4143603653603398,1.4143603653603398,1.4143603653603398,0E-17,SENTINEL_DEALER,R03b_20260811_FULL_v1,L1_ELIGIBILITY,v2026-08-11,2026-03-21..2026-08-06,baccarat_bet02_101_all_pairs_incl_sentinel,round_win = game_pnl > 0 (decisive only),COMPATIBILITY_ONLY_NOT_PRODUCTION,10249.8215,9018.3749,-62.2849,127,127,0.00607668,,0.00607668,0.00607668,62.2849,10249.8215,OK,0.0000,-2.4914,4.0000,96.0000,AG03-UNRESOLVED,ALL5_LEVELS_bet23_to_bet27,-2.4914,-2.4914,-2.4914,-2.4914,-2.4914,4.000000,4.000000,4.000000,4.000000,4.000000,96.000000,96.000000,96.000000,96.000000,96.000000,5.0,-12.4570,-11.4995,-49.8279,-50.7854,PENDING_AG03,FALSE,NOT_FOR_ENFORCEMENT,-59.7935,8657.6399,-62.2849,-59.7935,-2.4914,-0.00607668,-0.00583361,-2.4914,-59.7935,-0.00583361,-2.4914,-2.4914,-2.4914,-2.4914,-2.4914,-59.7935,-0.00583361,-12.4570,-11.4995,-49.8279,-50.7854,-0.00486134,-0.00495476,-0.00024307,80.7073,71.0108,-0.4904,-5.6623,-0.8532,931.8020,11.5455,,80.7073,51.4311,73.2927,112.9492,130.8798,132.2867,178.1147,52.3519,0.0,1.804911,2.430184,1.101164,29,48,12,2,0E-8,-0.00607668,,0E-8,0.000000,0.879857,0.330709,,2026-03-26,2026-06-26,11,73,68,93,0.118280,,,0.000000,,,,,,,,GLOBAL_BASELINE_NO_ENTITY_RANKING,,,NOT_APPLICABLE_GLOBAL_BASELINE,HF9g-P5,,,,X 全窗基线 · 不参与实体赏罚,3921965,393,A168_HF9F_20260827_0900,2026-08-27 09:00:00
2026-04-20,129442686,1094,0,257.8331544644,-257.8331544644,-257.8331544644,0E-7,2,2,0.49994810000000000,0.499948100000,-1.4140667746232096,-1.4140667746232096,-1.4140667746232096,0E-17,ELIGIBLE,R03b_20260811_FULL_v1,L1_ELIGIBILITY,v2026-08-11,2026-03-21..2026-08-06,baccarat_bet02_101_all_pairs_incl_sentinel,round_win = game_pnl > 0 (decisive only),COMPATIBILITY_ONLY_NOT_PRODUCTION,10249.8215,9018.3749,-62.2849,127,127,0.00607668,,0.00607668,0.00607668,62.2849,10249.8215,OK,0.0000,-2.4914,4.0000,96.0000,AG03-UNRESOLVED,ALL5_LEVELS_bet23_to_bet27,-2.4914,-2.4914,-2.4914,-2.4914,-2.4914,4.000000,4.000000,4.000000,4.000000,4.000000,96.000000,96.000000,96.000000,96.000000,96.000000,5.0,-12.4570,-11.4995,-49.8279,-50.7854,PENDING_AG03,FALSE,NOT_FOR_ENFORCEMENT,-59.7935,8657.6399,-62.2849,-59.7935,-2.4914,-0.00607668,-0.00583361,-2.4914,-59.7935,-0.00583361,-2.4914,-2.4914,-2.4914,-2.4914,-2.4914,-59.7935,-0.00583361,-12.4570,-11.4995,-49.8279,-50.7854,-0.00486134,-0.00495476,-0.00024307,80.7073,71.0108,-0.4904,-5.6623,-0.8532,931.8020,11.5455,,80.7073,51.4311,73.2927,112.9492,130.8798,132.2867,178.1147,52.3519,0.0,1.804911,2.430184,1.101164,29,48,12,2,0E-8,-0.00607668,,0E-8,0.000000,0.879857,0.330709,,2026-03-26,2026-06-26,11,73,68,93,0.118280,,,0.000000,,,,,,,,GLOBAL_BASELINE_NO_ENTITY_RANKING,,,NOT_APPLICABLE_GLOBAL_BASELINE,HF9g-P5,,,,X 全窗基线 · 不参与实体赏罚,3921966,393,A168_HF9F_20260827_0900,2026-08-27 09:00:00
2026-04-20,129442686,1323,0,143.9677512237,0E-10,0E-10,,1,1,0.49324550000000000,0.493245500000,,,,0E-17,NO_DECISIVE_ROUND,R03b_20260811_FULL_v1,L1_ELIGIBILITY,v2026-08-11,2026-03-21..2026-08-06,baccarat_bet02_101_all_pairs_incl_sentinel,round_win = game_pnl > 0 (decisive only),COMPATIBILITY_ONLY_NOT_PRODUCTION,10249.8215,9018.3749,-62.2849,127,127,0.00607668,,0.00607668,0.00607668,62.2849,10249.8215,OK,0.0000,-2.4914,4.0000,96.0000,AG03-UNRESOLVED,ALL5_LEVELS_bet23_to_bet27,-2.4914,-2.4914,-2.4914,-2.4914,-2.4914,4.000000,4.000000,4.000000,4.000000,4.000000,96.000000,96.000000,96.000000,96.000000,96.000000,5.0,-12.4570,-11.4995,-49.8279,-50.7854,PENDING_AG03,FALSE,NOT_FOR_ENFORCEMENT,-59.7935,8657.6399,-62.2849,-59.7935,-2.4914,-0.00607668,-0.00583361,-2.4914,-59.7935,-0.00583361,-2.4914,-2.4914,-2.4914,-2.4914,-2.4914,-59.7935,-0.00583361,-12.4570,-11.4995,-49.8279,-50.7854,-0.00486134,-0.00495476,-0.00024307,80.7073,71.0108,-0.4904,-5.6623,-0.8532,931.8020,11.5455,,80.7073,51.4311,73.2927,112.9492,130.8798,132.2867,178.1147,52.3519,0.0,1.804911,2.430184,1.101164,29,48,12,2,0E-8,-0.00607668,,0E-8,0.000000,0.879857,0.330709,,2026-03-26,2026-06-26,11,73,68,93,0.118280,,,0.000000,,,,,,,,GLOBAL_BASELINE_NO_ENTITY_RANKING,,,NOT_APPLICABLE_GLOBAL_BASELINE,HF9g-P5,,,,X 全窗基线 · 不参与实体赏罚,3921967,393,A168_HF9F_20260827_0900,2026-08-27 09:00:00
2026-04-20,129442686,1400,0,130.8797738398,-130.8797738398,-130.8797738398,0E-7,1,1,0.50665070000000000,0.506650700000,-1.013391052207602,-1.013391052207602,-1.013391052207602,0E-17,ELIGIBLE,R03b_20260811_FULL_v1,L1_ELIGIBILITY,v2026-08-11,2026-03-21..2026-08-06,baccarat_bet02_101_all_pairs_incl_sentinel,round_win = game_pnl > 0 (decisive only),COMPATIBILITY_ONLY_NOT_PRODUCTION,10249.8215,9018.3749,-62.2849,127,127,0.00607668,,0.00607668,0.00607668,62.2849,10249.8215,OK,0.0000,-2.4914,4.0000,96.0000,AG03-UNRESOLVED,ALL5_LEVELS_bet23_to_bet27,-2.4914,-2.4914,-2.4914,-2.4914,-2.4914,4.000000,4.000000,4.000000,4.000000,4.000000,96.000000,96.000000,96.000000,96.000000,96.000000,5.0,-12.4570,-11.4995,-49.8279,-50.7854,PENDING_AG03,FALSE,NOT_FOR_ENFORCEMENT,-59.7935,8657.6399,-62.2849,-59.7935,-2.4914,-0.00607668,-0.00583361,-2.4914,-59.7935,-0.00583361,-2.4914,-2.4914,-2.4914,-2.4914,-2.4914,-59.7935,-0.00583361,-12.4570,-11.4995,-49.8279,-50.7854,-0.00486134,-0.00495476,-0.00024307,80.7073,71.0108,-0.4904,-5.6623,-0.8532,931.8020,11.5455,,80.7073,51.4311,73.2927,112.9492,130.8798,132.2867,178.1147,52.3519,0.0,1.804911,2.430184,1.101164,29,48,12,2,0E-8,-0.00607668,,0E-8,0.000000,0.879857,0.330709,,2026-03-26,2026-06-26,11,73,68,93,0.118280,,,0.000000,,,,,,,,GLOBAL_BASELINE_NO_ENTITY_RANKING,,,NOT_APPLICABLE_GLOBAL_BASELINE,HF9g-P5,,,,X 全窗基线 · 不参与实体赏罚,3921968,393,A168_HF9F_20260827_0900,2026-08-27 09:00:00
2026-04-20,129442686,2117,0,130.8797738398,-130.8797738398,-130.8797738398,0E-7,1,1,0.50665070000000000,0.506650700000,-1.013391052207602,-1.013391052207602,-1.013391052207602,0E-17,ELIGIBLE,R03b_20260811_FULL_v1,L1_ELIGIBILITY,v2026-08-11,2026-03-21..2026-08-06,baccarat_bet02_101_all_pairs_incl_sentinel,round_win = game_pnl > 0 (decisive only),COMPATIBILITY_ONLY_NOT_PRODUCTION,10249.8215,9018.3749,-62.2849,127,127,0.00607668,,0.00607668,0.00607668,62.2849,10249.8215,OK,0.0000,-2.4914,4.0000,96.0000,AG03-UNRESOLVED,ALL5_LEVELS_bet23_to_bet27,-2.4914,-2.4914,-2.4914,-2.4914,-2.4914,4.000000,4.000000,4.000000,4.000000,4.000000,96.000000,96.000000,96.000000,96.000000,96.000000,5.0,-12.4570,-11.4995,-49.8279,-50.7854,PENDING_AG03,FALSE,NOT_FOR_ENFORCEMENT,-59.7935,8657.6399,-62.2849,-59.7935,-2.4914,-0.00607668,-0.00583361,-2.4914,-59.7935,-0.00583361,-2.4914,-2.4914,-2.4914,-2.4914,-2.4914,-59.7935,-0.00583361,-12.4570,-11.4995,-49.8279,-50.7854,-0.00486134,-0.00495476,-0.00024307,80.7073,71.0108,-0.4904,-5.6623,-0.8532,931.8020,11.5455,,80.7073,51.4311,73.2927,112.9492,130.8798,132.2867,178.1147,52.3519,0.0,1.804911,2.430184,1.101164,29,48,12,2,0E-8,-0.00607668,,0E-8,0.000000,0.879857,0.330709,,2026-03-26,2026-06-26,11,73,68,93,0.118280,,,0.000000,,,,,,,,GLOBAL_BASELINE_NO_ENTITY_RANKING,,,NOT_APPLICABLE_GLOBAL_BASELINE,HF9g-P5,,,,X 全窗基线 · 不参与实体赏罚,3921969,393,A168_HF9F_20260827_0900,2026-08-27 09:00:00
2026-04-20,129442686,2145,0,392.6393215193,-130.8797738398,-130.8797738398,0E-7,2,2,0.50665070000000000,0.506650700000,-1.013391052207602,-1.013391052207602,-1.013391052207602,0E-17,ELIGIBLE,R03b_20260811_FULL_v1,L1_ELIGIBILITY,v2026-08-11,2026-03-21..2026-08-06,baccarat_bet02_101_all_pairs_incl_sentinel,round_win = game_pnl > 0 (decisive only),COMPATIBILITY_ONLY_NOT_PRODUCTION,10249.8215,9018.3749,-62.2849,127,127,0.00607668,,0.00607668,0.00607668,62.2849,10249.8215,OK,0.0000,-2.4914,4.0000,96.0000,AG03-UNRESOLVED,ALL5_LEVELS_bet23_to_bet27,-2.4914,-2.4914,-2.4914,-2.4914,-2.4914,4.000000,4.000000,4.000000,4.000000,4.000000,96.000000,96.000000,96.000000,96.000000,96.000000,5.0,-12.4570,-11.4995,-49.8279,-50.7854,PENDING_AG03,FALSE,NOT_FOR_ENFORCEMENT,-59.7935,8657.6399,-62.2849,-59.7935,-2.4914,-0.00607668,-0.00583361,-2.4914,-59.7935,-0.00583361,-2.4914,-2.4914,-2.4914,-2.4914,-2.4914,-59.7935,-0.00583361,-12.4570,-11.4995,-49.8279,-50.7854,-0.00486134,-0.00495476,-0.00024307,80.7073,71.0108,-0.4904,-5.6623,-0.8532,931.8020,11.5455,,80.7073,51.4311,73.2927,112.9492,130.8798,132.2867,178.1147,52.3519,0.0,1.804911,2.430184,1.101164,29,48,12,2,0E-8,-0.00607668,,0E-8,0.000000,0.879857,0.330709,,2026-03-26,2026-06-26,11,73,68,93,0.118280,,,0.000000,,,,,,,,GLOBAL_BASELINE_NO_ENTITY_RANKING,,,NOT_APPLICABLE_GLOBAL_BASELINE,HF9g-P5,,,,X 全窗基线 · 不参与实体赏罚,3921970,393,A168_HF9F_20260827_0900,2026-08-27 09:00:00
2026-04-20,129442686,2188,0,261.7595476796,-6.5439886920,-6.5439886920,0.5000000,2,2,0.50665070000000000,0.506650700000,-0.018812684590367487,-0.018812684590367487,-0.018812684590367487,0E-17,ELIGIBLE,R03b_20260811_FULL_v1,L1_ELIGIBILITY,v2026-08-11,2026-03-21..2026-08-06,baccarat_bet02_101_all_pairs_incl_sentinel,round_win = game_pnl > 0 (decisive only),COMPATIBILITY_ONLY_NOT_PRODUCTION,10249.8215,9018.3749,-62.2849,127,127,0.00607668,,0.00607668,0.00607668,62.2849,10249.8215,OK,0.0000,-2.4914,4.0000,96.0000,AG03-UNRESOLVED,ALL5_LEVELS_bet23_to_bet27,-2.4914,-2.4914,-2.4914,-2.4914,-2.4914,4.000000,4.000000,4.000000,4.000000,4.000000,96.000000,96.000000,96.000000,96.000000,96.000000,5.0,-12.4570,-11.4995,-49.8279,-50.7854,PENDING_AG03,FALSE,NOT_FOR_ENFORCEMENT,-59.7935,8657.6399,-62.2849,-59.7935,-2.4914,-0.00607668,-0.00583361,-2.4914,-59.7935,-0.00583361,-2.4914,-2.4914,-2.4914,-2.4914,-2.4914,-59.7935,-0.00583361,-12.4570,-11.4995,-49.8279,-50.7854,-0.00486134,-0.00495476,-0.00024307,80.7073,71.0108,-0.4904,-5.6623,-0.8532,931.8020,11.5455,,80.7073,51.4311,73.2927,112.9492,130.8798,132.2867,178.1147,52.3519,0.0,1.804911,2.430184,1.101164,29,48,12,2,0E-8,-0.00607668,,0E-8,0.000000,0.879857,0.330709,,2026-03-26,2026-06-26,11,73,68,93,0.118280,,,0.000000,,,,,,,,GLOBAL_BASELINE_NO_ENTITY_RANKING,,,NOT_APPLICABLE_GLOBAL_BASELINE,HF9g-P5,,,,X 全窗基线 · 不参与实体赏罚,3921971,393,A168_HF9F_20260827_0900,2026-08-27 09:00:00
2026-04-20,129442686,2222,0,130.8797738398,-130.8797738398,-130.8797738398,0E-7,1,1,0.50665070000000000,0.506650700000,-1.013391052207602,-1.013391052207602,-1.013391052207602,0E-17,ELIGIBLE,R03b_20260811_FULL_v1,L1_ELIGIBILITY,v2026-08-11,2026-03-21..2026-08-06,baccarat_bet02_101_all_pairs_incl_sentinel,round_win = game_pnl > 0 (decisive only),COMPATIBILITY_ONLY_NOT_PRODUCTION,10249.8215,9018.3749,-62.2849,127,127,0.00607668,,0.00607668,0.00607668,62.2849,10249.8215,OK,0.0000,-2.4914,4.0000,96.0000,AG03-UNRESOLVED,ALL5_LEVELS_bet23_to_bet27,-2.4914,-2.4914,-2.4914,-2.4914,-2.4914,4.000000,4.000000,4.000000,4.000000,4.000000,96.000000,96.000000,96.000000,96.000000,96.000000,5.0,-12.4570,-11.4995,-49.8279,-50.7854,PENDING_AG03,FALSE,NOT_FOR_ENFORCEMENT,-59.7935,8657.6399,-62.2849,-59.7935,-2.4914,-0.00607668,-0.00583361,-2.4914,-59.7935,-0.00583361,-2.4914,-2.4914,-2.4914,-2.4914,-2.4914,-59.7935,-0.00583361,-12.4570,-11.4995,-49.8279,-50.7854,-0.00486134,-0.00495476,-0.00024307,80.7073,71.0108,-0.4904,-5.6623,-0.8532,931.8020,11.5455,,80.7073,51.4311,73.2927,112.9492,130.8798,132.2867,178.1147,52.3519,0.0,1.804911,2.430184,1.101164,29,48,12,2,0E-8,-0.00607668,,0E-8,0.000000,0.879857,0.330709,,2026-03-26,2026-06-26,11,73,68,93,0.118280,,,0.000000,,,,,,,,GLOBAL_BASELINE_NO_ENTITY_RANKING,,,NOT_APPLICABLE_GLOBAL_BASELINE,HF9g-P5,,,,X 全窗基线 · 不参与实体赏罚,3921972,393,A168_HF9F_20260827_0900,2026-08-27 09:00:00
2026-04-20,129442686,2246,0,269.6123341099,0E-10,0E-10,,2,2,0.49994810000000000,0.499948100000,,,,0E-17,NO_DECISIVE_ROUND,R03b_20260811_FULL_v1,L1_ELIGIBILITY,v2026-08-11,2026-03-21..2026-08-06,baccarat_bet02_101_all_pairs_incl_sentinel,round_win = game_pnl > 0 (decisive only),COMPATIBILITY_ONLY_NOT_PRODUCTION,10249.8215,9018.3749,-62.2849,127,127,0.00607668,,0.00607668,0.00607668,62.2849,10249.8215,OK,0.0000,-2.4914,4.0000,96.0000,AG03-UNRESOLVED,ALL5_LEVELS_bet23_to_bet27,-2.4914,-2.4914,-2.4914,-2.4914,-2.4914,4.000000,4.000000,4.000000,4.000000,4.000000,96.000000,96.000000,96.000000,96.000000,96.000000,5.0,-12.4570,-11.4995,-49.8279,-50.7854,PENDING_AG03,FALSE,NOT_FOR_ENFORCEMENT,-59.7935,8657.6399,-62.2849,-59.7935,-2.4914,-0.00607668,-0.00583361,-2.4914,-59.7935,-0.00583361,-2.4914,-2.4914,-2.4914,-2.4914,-2.4914,-59.7935,-0.00583361,-12.4570,-11.4995,-49.8279,-50.7854,-0.00486134,-0.00495476,-0.00024307,80.7073,71.0108,-0.4904,-5.6623,-0.8532,931.8020,11.5455,,80.7073,51.4311,73.2927,112.9492,130.8798,132.2867,178.1147,52.3519,0.0,1.804911,2.430184,1.101164,29,48,12,2,0E-8,-0.00607668,,0E-8,0.000000,0.879857,0.330709,,2026-03-26,2026-06-26,11,73,68,93,0.118280,,,0.000000,,,,,,,,GLOBAL_BASELINE_NO_ENTITY_RANKING,,,NOT_APPLICABLE_GLOBAL_BASELINE,HF9g-P5,,,,X 全窗基线 · 不参与实体赏罚,3921973,393,A168_HF9F_20260827_0900,2026-08-27 09:00:00
2026-04-21,129442686,1330,0,3.9263932152,-3.9263932152,-3.9263932152,0E-7,1,1,0.49324550000000000,0.493245500000,-0.9865810262130424,-0.9865810262130424,-0.9865810262130424,0E-17,ELIGIBLE,R03b_20260811_FULL_v1,L1_ELIGIBILITY,v2026-08-11,2026-03-21..2026-08-06,baccarat_bet02_101_all_pairs_incl_sentinel,round_win = game_pnl > 0 (decisive only),COMPATIBILITY_ONLY_NOT_PRODUCTION,10249.8215,9018.3749,-62.2849,127,127,0.00607668,,0.00607668,0.00607668,62.2849,10249.8215,OK,0.0000,-2.4914,4.0000,96.0000,AG03-UNRESOLVED,ALL5_LEVELS_bet23_to_bet27,-2.4914,-2.4914,-2.4914,-2.4914,-2.4914,4.000000,4.000000,4.000000,4.000000,4.000000,96.000000,96.000000,96.000000,96.000000,96.000000,5.0,-12.4570,-11.4995,-49.8279,-50.7854,PENDING_AG03,FALSE,NOT_FOR_ENFORCEMENT,-59.7935,8657.6399,-62.2849,-59.7935,-2.4914,-0.00607668,-0.00583361,-2.4914,-59.7935,-0.00583361,-2.4914,-2.4914,-2.4914,-2.4914,-2.4914,-59.7935,-0.00583361,-12.4570,-11.4995,-49.8279,-50.7854,-0.00486134,-0.00495476,-0.00024307,80.7073,71.0108,-0.4904,-5.6623,-0.8532,931.8020,11.5455,,80.7073,51.4311,73.2927,112.9492,130.8798,132.2867,178.1147,52.3519,0.0,1.804911,2.430184,1.101164,29,48,12,2,0E-8,-0.00607668,,0E-8,0.000000,0.879857,0.330709,,2026-03-26,2026-06-26,11,73,68,93,0.118280,,,0.000000,,,,,,,,GLOBAL_BASELINE_NO_ENTITY_RANKING,,,NOT_APPLICABLE_GLOBAL_BASELINE,HF9g-P5,,,,X 全窗基线 · 不参与实体赏罚,3921974,393,A168_HF9F_20260827_0900,2026-08-27 09:00:00
2026-04-28,129442686,1157,0,52.3519095359,-52.3519095359,-52.3519095359,0E-7,1,1,0.50665070000000000,0.506650700000,-1.013391052207602,-1.013391052207602,-1.013391052207602,0E-17,ELIGIBLE,R03b_20260811_FULL_v1,L1_ELIGIBILITY,v2026-08-11,2026-03-21..2026-08-06,baccarat_bet02_101_all_pairs_incl_sentinel,round_win = game_pnl > 0 (decisive only),COMPATIBILITY_ONLY_NOT_PRODUCTION,10249.8215,9018.3749,-62.2849,127,127,0.00607668,,0.00607668,0.00607668,62.2849,10249.8215,OK,0.0000,-2.4914,4.0000,96.0000,AG03-UNRESOLVED,ALL5_LEVELS_bet23_to_bet27,-2.4914,-2.4914,-2.4914,-2.4914,-2.4914,4.000000,4.000000,4.000000,4.000000,4.000000,96.000000,96.000000,96.000000,96.000000,96.000000,5.0,-12.4570,-11.4995,-49.8279,-50.7854,PENDING_AG03,FALSE,NOT_FOR_ENFORCEMENT,-59.7935,8657.6399,-62.2849,-59.7935,-2.4914,-0.00607668,-0.00583361,-2.4914,-59.7935,-0.00583361,-2.4914,-2.4914,-2.4914,-2.4914,-2.4914,-59.7935,-0.00583361,-12.4570,-11.4995,-49.8279,-50.7854,-0.00486134,-0.00495476,-0.00024307,80.7073,71.0108,-0.4904,-5.6623,-0.8532,931.8020,11.5455,,80.7073,51.4311,73.2927,112.9492,130.8798,132.2867,178.1147,52.3519,0.0,1.804911,2.430184,1.101164,29,48,12,2,0E-8,-0.00607668,,0E-8,0.000000,0.879857,0.330709,,2026-03-26,2026-06-26,11,73,68,93,0.118280,,,0.000000,,,,,,,,GLOBAL_BASELINE_NO_ENTITY_RANKING,,,NOT_APPLICABLE_GLOBAL_BASELINE,HF9g-P5,,,,X 全窗基线 · 不参与实体赏罚,3921975,393,A168_HF9F_20260827_0900,2026-08-27 09:00:00
2026-04-28,129442686,1935,0,52.0901499882,-52.0901499882,-52.0901499882,0E-7,1,1,0.50665070000000000,0.506650700000,-1.013391052207602,-1.013391052207602,-1.013391052207602,0E-17,ELIGIBLE,R03b_20260811_FULL_v1,L1_ELIGIBILITY,v2026-08-11,2026-03-21..2026-08-06,baccarat_bet02_101_all_pairs_incl_sentinel,round_win = game_pnl > 0 (decisive only),COMPATIBILITY_ONLY_NOT_PRODUCTION,10249.8215,9018.3749,-62.2849,127,127,0.00607668,,0.00607668,0.00607668,62.2849,10249.8215,OK,0.0000,-2.4914,4.0000,96.0000,AG03-UNRESOLVED,ALL5_LEVELS_bet23_to_bet27,-2.4914,-2.4914,-2.4914,-2.4914,-2.4914,4.000000,4.000000,4.000000,4.000000,4.000000,96.000000,96.000000,96.000000,96.000000,96.000000,5.0,-12.4570,-11.4995,-49.8279,-50.7854,PENDING_AG03,FALSE,NOT_FOR_ENFORCEMENT,-59.7935,8657.6399,-62.2849,-59.7935,-2.4914,-0.00607668,-0.00583361,-2.4914,-59.7935,-0.00583361,-2.4914,-2.4914,-2.4914,-2.4914,-2.4914,-59.7935,-0.00583361,-12.4570,-11.4995,-49.8279,-50.7854,-0.00486134,-0.00495476,-0.00024307,80.7073,71.0108,-0.4904,-5.6623,-0.8532,931.8020,11.5455,,80.7073,51.4311,73.2927,112.9492,130.8798,132.2867,178.1147,52.3519,0.0,1.804911,2.430184,1.101164,29,48,12,2,0E-8,-0.00607668,,0E-8,0.000000,0.879857,0.330709,,2026-03-26,2026-06-26,11,73,68,93,0.118280,,,0.000000,,,,,,,,GLOBAL_BASELINE_NO_ENTITY_RANKING,,,NOT_APPLICABLE_GLOBAL_BASELINE,HF9g-P5,,,,X 全窗基线 · 不参与实体赏罚,3921976,393,A168_HF9F_20260827_0900,2026-08-27 09:00:00
2026-04-28,129442686,2242,0,52.3519095359,-52.3519095359,-52.3519095359,0E-7,1,1,0.50665070000000000,0.506650700000,-1.013391052207602,-1.013391052207602,-1.013391052207602,0E-17,ELIGIBLE,R03b_20260811_FULL_v1,L1_ELIGIBILITY,v2026-08-11,2026-03-21..2026-08-06,baccarat_bet02_101_all_pairs_incl_sentinel,round_win = game_pnl > 0 (decisive only),COMPATIBILITY_ONLY_NOT_PRODUCTION,10249.8215,9018.3749,-62.2849,127,127,0.00607668,,0.00607668,0.00607668,62.2849,10249.8215,OK,0.0000,-2.4914,4.0000,96.0000,AG03-UNRESOLVED,ALL5_LEVELS_bet23_to_bet27,-2.4914,-2.4914,-2.4914,-2.4914,-2.4914,4.000000,4.000000,4.000000,4.000000,4.000000,96.000000,96.000000,96.000000,96.000000,96.000000,5.0,-12.4570,-11.4995,-49.8279,-50.7854,PENDING_AG03,FALSE,NOT_FOR_ENFORCEMENT,-59.7935,8657.6399,-62.2849,-59.7935,-2.4914,-0.00607668,-0.00583361,-2.4914,-59.7935,-0.00583361,-2.4914,-2.4914,-2.4914,-2.4914,-2.4914,-59.7935,-0.00583361,-12.4570,-11.4995,-49.8279,-50.7854,-0.00486134,-0.00495476,-0.00024307,80.7073,71.0108,-0.4904,-5.6623,-0.8532,931.8020,11.5455,,80.7073,51.4311,73.2927,112.9492,130.8798,132.2867,178.1147,52.3519,0.0,1.804911,2.430184,1.101164,29,48,12,2,0E-8,-0.00607668,,0E-8,0.000000,0.879857,0.330709,,2026-03-26,2026-06-26,11,73,68,93,0.118280,,,0.000000,,,,,,,,GLOBAL_BASELINE_NO_ENTITY_RANKING,,,NOT_APPLICABLE_GLOBAL_BASELINE,HF9g-P5,,,,X 全窗基线 · 不参与实体赏罚,3921977,393,A168_HF9F_20260827_0900,2026-08-27 09:00:00
2026-06-11,129442686,1396,0,388.3045747936,306.0148635791,306.0148635791,1.0000000,4,4,0.50665070000000000,0.506650700000,1.7091633124209307,1.7091633124209307,1.7091633124209307,0E-17,ELIGIBLE,R03b_20260811_FULL_v1,L1_ELIGIBILITY,v2026-08-11,2026-03-21..2026-08-06,baccarat_bet02_101_all_pairs_incl_sentinel,round_win = game_pnl > 0 (decisive only),COMPATIBILITY_ONLY_NOT_PRODUCTION,10249.8215,9018.3749,-62.2849,127,127,0.00607668,,0.00607668,0.00607668,62.2849,10249.8215,OK,0.0000,-2.4914,4.0000,96.0000,AG03-UNRESOLVED,ALL5_LEVELS_bet23_to_bet27,-2.4914,-2.4914,-2.4914,-2.4914,-2.4914,4.000000,4.000000,4.000000,4.000000,4.000000,96.000000,96.000000,96.000000,96.000000,96.000000,5.0,-12.4570,-11.4995,-49.8279,-50.7854,PENDING_AG03,FALSE,NOT_FOR_ENFORCEMENT,-59.7935,8657.6399,-62.2849,-59.7935,-2.4914,-0.00607668,-0.00583361,-2.4914,-59.7935,-0.00583361,-2.4914,-2.4914,-2.4914,-2.4914,-2.4914,-59.7935,-0.00583361,-12.4570,-11.4995,-49.8279,-50.7854,-0.00486134,-0.00495476,-0.00024307,80.7073,71.0108,-0.4904,-5.6623,-0.8532,931.8020,11.5455,,80.7073,51.4311,73.2927,112.9492,130.8798,132.2867,178.1147,52.3519,0.0,1.804911,2.430184,1.101164,29,48,12,2,0E-8,-0.00607668,,0E-8,0.000000,0.879857,0.330709,,2026-03-26,2026-06-26,11,73,68,93,0.118280,,,0.000000,,,,,,,,GLOBAL_BASELINE_NO_ENTITY_RANKING,,,NOT_APPLICABLE_GLOBAL_BASELINE,HF9g-P5,,,,X 全窗基线 · 不参与实体赏罚,3921978,393,A168_HF9F_20260827_0900,2026-08-27 09:00:00
2026-06-23,129442686,-1,1,373.3895646360,169.4653740324,169.4653740324,0.7142857,7,7,0.50473567142857143,0.504735671429,1.1088843393366314,1.1088843393343726,1.1088843393366314,-4.2857E-13,SENTINEL_DEALER,R03b_20260811_FULL_v1,L1_ELIGIBILITY,v2026-08-11,2026-03-21..2026-08-06,baccarat_bet02_101_all_pairs_incl_sentinel,round_win = game_pnl > 0 (decisive only),COMPATIBILITY_ONLY_NOT_PRODUCTION,10249.8215,9018.3749,-62.2849,127,127,0.00607668,,0.00607668,0.00607668,62.2849,10249.8215,OK,0.0000,-2.4914,4.0000,96.0000,AG03-UNRESOLVED,ALL5_LEVELS_bet23_to_bet27,-2.4914,-2.4914,-2.4914,-2.4914,-2.4914,4.000000,4.000000,4.000000,4.000000,4.000000,96.000000,96.000000,96.000000,96.000000,96.000000,5.0,-12.4570,-11.4995,-49.8279,-50.7854,PENDING_AG03,FALSE,NOT_FOR_ENFORCEMENT,-59.7935,8657.6399,-62.2849,-59.7935,-2.4914,-0.00607668,-0.00583361,-2.4914,-59.7935,-0.00583361,-2.4914,-2.4914,-2.4914,-2.4914,-2.4914,-59.7935,-0.00583361,-12.4570,-11.4995,-49.8279,-50.7854,-0.00486134,-0.00495476,-0.00024307,80.7073,71.0108,-0.4904,-5.6623,-0.8532,931.8020,11.5455,,80.7073,51.4311,73.2927,112.9492,130.8798,132.2867,178.1147,52.3519,0.0,1.804911,2.430184,1.101164,29,48,12,2,0E-8,-0.00607668,,0E-8,0.000000,0.879857,0.330709,,2026-03-26,2026-06-26,11,73,68,93,0.118280,,,0.000000,,,,,,,,GLOBAL_BASELINE_NO_ENTITY_RANKING,,,NOT_APPLICABLE_GLOBAL_BASELINE,HF9g-P5,,,,X 全窗基线 · 不参与实体赏罚,3921979,393,A168_HF9F_20260827_0900,2026-08-27 09:00:00
2026-06-23,129442686,1318,0,36.0017486564,-36.0017486564,-36.0017486564,0E-7,1,1,0.49324550000000000,0.493245500000,-0.9865810262130424,-0.9865810262130424,-0.9865810262130424,0E-17,ELIGIBLE,R03b_20260811_FULL_v1,L1_ELIGIBILITY,v2026-08-11,2026-03-21..2026-08-06,baccarat_bet02_101_all_pairs_incl_sentinel,round_win = game_pnl > 0 (decisive only),COMPATIBILITY_ONLY_NOT_PRODUCTION,10249.8215,9018.3749,-62.2849,127,127,0.00607668,,0.00607668,0.00607668,62.2849,10249.8215,OK,0.0000,-2.4914,4.0000,96.0000,AG03-UNRESOLVED,ALL5_LEVELS_bet23_to_bet27,-2.4914,-2.4914,-2.4914,-2.4914,-2.4914,4.000000,4.000000,4.000000,4.000000,4.000000,96.000000,96.000000,96.000000,96.000000,96.000000,5.0,-12.4570,-11.4995,-49.8279,-50.7854,PENDING_AG03,FALSE,NOT_FOR_ENFORCEMENT,-59.7935,8657.6399,-62.2849,-59.7935,-2.4914,-0.00607668,-0.00583361,-2.4914,-59.7935,-0.00583361,-2.4914,-2.4914,-2.4914,-2.4914,-2.4914,-59.7935,-0.00583361,-12.4570,-11.4995,-49.8279,-50.7854,-0.00486134,-0.00495476,-0.00024307,80.7073,71.0108,-0.4904,-5.6623,-0.8532,931.8020,11.5455,,80.7073,51.4311,73.2927,112.9492,130.8798,132.2867,178.1147,52.3519,0.0,1.804911,2.430184,1.101164,29,48,12,2,0E-8,-0.00607668,,0E-8,0.000000,0.879857,0.330709,,2026-03-26,2026-06-26,11,73,68,93,0.118280,,,0.000000,,,,,,,,GLOBAL_BASELINE_NO_ENTITY_RANKING,,,NOT_APPLICABLE_GLOBAL_BASELINE,HF9g-P5,,,,X 全窗基线 · 不参与实体赏罚,3921980,393,A168_HF9F_20260827_0900,2026-08-27 09:00:00
2026-06-23,129442686,1940,0,51.4310695091,-51.4310695091,-51.4310695091,0E-7,1,1,0.49324550000000000,0.493245500000,-0.9865810262130424,-0.9865810262130424,-0.9865810262130424,0E-17,ELIGIBLE,R03b_20260811_FULL_v1,L1_ELIGIBILITY,v2026-08-11,2026-03-21..2026-08-06,baccarat_bet02_101_all_pairs_incl_sentinel,round_win = game_pnl > 0 (decisive only),COMPATIBILITY_ONLY_NOT_PRODUCTION,10249.8215,9018.3749,-62.2849,127,127,0.00607668,,0.00607668,0.00607668,62.2849,10249.8215,OK,0.0000,-2.4914,4.0000,96.0000,AG03-UNRESOLVED,ALL5_LEVELS_bet23_to_bet27,-2.4914,-2.4914,-2.4914,-2.4914,-2.4914,4.000000,4.000000,4.000000,4.000000,4.000000,96.000000,96.000000,96.000000,96.000000,96.000000,5.0,-12.4570,-11.4995,-49.8279,-50.7854,PENDING_AG03,FALSE,NOT_FOR_ENFORCEMENT,-59.7935,8657.6399,-62.2849,-59.7935,-2.4914,-0.00607668,-0.00583361,-2.4914,-59.7935,-0.00583361,-2.4914,-2.4914,-2.4914,-2.4914,-2.4914,-59.7935,-0.00583361,-12.4570,-11.4995,-49.8279,-50.7854,-0.00486134,-0.00495476,-0.00024307,80.7073,71.0108,-0.4904,-5.6623,-0.8532,931.8020,11.5455,,80.7073,51.4311,73.2927,112.9492,130.8798,132.2867,178.1147,52.3519,0.0,1.804911,2.430184,1.101164,29,48,12,2,0E-8,-0.00607668,,0E-8,0.000000,0.879857,0.330709,,2026-03-26,2026-06-26,11,73,68,93,0.118280,,,0.000000,,,,,,,,GLOBAL_BASELINE_NO_ENTITY_RANKING,,,NOT_APPLICABLE_GLOBAL_BASELINE,HF9g-P5,,,,X 全窗基线 · 不参与实体赏罚,3921981,393,A168_HF9F_20260827_0900,2026-08-27 09:00:00
2026-06-23,129442686,2134,0,38.5733021318,38.5733021318,38.5733021318,1.0000000,1,1,0.50665070000000000,0.506650700000,0.9867858985152569,0.9867858985152569,0.9867858985152569,0E-17,ELIGIBLE,R03b_20260811_FULL_v1,L1_ELIGIBILITY,v2026-08-11,2026-03-21..2026-08-06,baccarat_bet02_101_all_pairs_incl_sentinel,round_win = game_pnl > 0 (decisive only),COMPATIBILITY_ONLY_NOT_PRODUCTION,10249.8215,9018.3749,-62.2849,127,127,0.00607668,,0.00607668,0.00607668,62.2849,10249.8215,OK,0.0000,-2.4914,4.0000,96.0000,AG03-UNRESOLVED,ALL5_LEVELS_bet23_to_bet27,-2.4914,-2.4914,-2.4914,-2.4914,-2.4914,4.000000,4.000000,4.000000,4.000000,4.000000,96.000000,96.000000,96.000000,96.000000,96.000000,5.0,-12.4570,-11.4995,-49.8279,-50.7854,PENDING_AG03,FALSE,NOT_FOR_ENFORCEMENT,-59.7935,8657.6399,-62.2849,-59.7935,-2.4914,-0.00607668,-0.00583361,-2.4914,-59.7935,-0.00583361,-2.4914,-2.4914,-2.4914,-2.4914,-2.4914,-59.7935,-0.00583361,-12.4570,-11.4995,-49.8279,-50.7854,-0.00486134,-0.00495476,-0.00024307,80.7073,71.0108,-0.4904,-5.6623,-0.8532,931.8020,11.5455,,80.7073,51.4311,73.2927,112.9492,130.8798,132.2867,178.1147,52.3519,0.0,1.804911,2.430184,1.101164,29,48,12,2,0E-8,-0.00607668,,0E-8,0.000000,0.879857,0.330709,,2026-03-26,2026-06-26,11,73,68,93,0.118280,,,0.000000,,,,,,,,GLOBAL_BASELINE_NO_ENTITY_RANKING,,,NOT_APPLICABLE_GLOBAL_BASELINE,HF9g-P5,,,,X 全窗基线 · 不参与实体赏罚,3921982,393,A168_HF9F_20260827_0900,2026-08-27 09:00:00
2026-06-23,129442686,970,0,51.4310695091,-51.4310695091,-51.4310695091,0E-7,1,1,0.49324550000000000,0.493245500000,-0.9865810262130424,-0.9865810262130424,-0.9865810262130424,0E-17,ELIGIBLE,R03b_20260811_FULL_v1,L1_ELIGIBILITY,v2026-08-11,2026-03-21..2026-08-06,baccarat_bet02_101_all_pairs_incl_sentinel,round_win = game_pnl > 0 (decisive only),COMPATIBILITY_ONLY_NOT_PRODUCTION,10249.8215,9018.3749,-62.2849,127,127,0.00607668,,0.00607668,0.00607668,62.2849,10249.8215,OK,0.0000,-2.4914,4.0000,96.0000,AG03-UNRESOLVED,ALL5_LEVELS_bet23_to_bet27,-2.4914,-2.4914,-2.4914,-2.4914,-2.4914,4.000000,4.000000,4.000000,4.000000,4.000000,96.000000,96.000000,96.000000,96.000000,96.000000,5.0,-12.4570,-11.4995,-49.8279,-50.7854,PENDING_AG03,FALSE,NOT_FOR_ENFORCEMENT,-59.7935,8657.6399,-62.2849,-59.7935,-2.4914,-0.00607668,-0.00583361,-2.4914,-59.7935,-0.00583361,-2.4914,-2.4914,-2.4914,-2.4914,-2.4914,-59.7935,-0.00583361,-12.4570,-11.4995,-49.8279,-50.7854,-0.00486134,-0.00495476,-0.00024307,80.7073,71.0108,-0.4904,-5.6623,-0.8532,931.8020,11.5455,,80.7073,51.4311,73.2927,112.9492,130.8798,132.2867,178.1147,52.3519,0.0,1.804911,2.430184,1.101164,29,48,12,2,0E-8,-0.00607668,,0E-8,0.000000,0.879857,0.330709,,2026-03-26,2026-06-26,11,73,68,93,0.118280,,,0.000000,,,,,,,,GLOBAL_BASELINE_NO_ENTITY_RANKING,,,NOT_APPLICABLE_GLOBAL_BASELINE,HF9g-P5,,,,X 全窗基线 · 不参与实体赏罚,3921983,393,A168_HF9F_20260827_0900,2026-08-27 09:00:00
2026-06-23,129442686,987,0,69.4319438373,-69.4319438373,-69.4319438373,0E-7,1,1,0.50665070000000000,0.506650700000,-1.013391052207602,-1.013391052207602,-1.013391052207602,0E-17,ELIGIBLE,R03b_20260811_FULL_v1,L1_ELIGIBILITY,v2026-08-11,2026-03-21..2026-08-06,baccarat_bet02_101_all_pairs_incl_sentinel,round_win = game_pnl > 0 (decisive only),COMPATIBILITY_ONLY_NOT_PRODUCTION,10249.8215,9018.3749,-62.2849,127,127,0.00607668,,0.00607668,0.00607668,62.2849,10249.8215,OK,0.0000,-2.4914,4.0000,96.0000,AG03-UNRESOLVED,ALL5_LEVELS_bet23_to_bet27,-2.4914,-2.4914,-2.4914,-2.4914,-2.4914,4.000000,4.000000,4.000000,4.000000,4.000000,96.000000,96.000000,96.000000,96.000000,96.000000,5.0,-12.4570,-11.4995,-49.8279,-50.7854,PENDING_AG03,FALSE,NOT_FOR_ENFORCEMENT,-59.7935,8657.6399,-62.2849,-59.7935,-2.4914,-0.00607668,-0.00583361,-2.4914,-59.7935,-0.00583361,-2.4914,-2.4914,-2.4914,-2.4914,-2.4914,-59.7935,-0.00583361,-12.4570,-11.4995,-49.8279,-50.7854,-0.00486134,-0.00495476,-0.00024307,80.7073,71.0108,-0.4904,-5.6623,-0.8532,931.8020,11.5455,,80.7073,51.4311,73.2927,112.9492,130.8798,132.2867,178.1147,52.3519,0.0,1.804911,2.430184,1.101164,29,48,12,2,0E-8,-0.00607668,,0E-8,0.000000,0.879857,0.330709,,2026-03-26,2026-06-26,11,73,68,93,0.118280,,,0.000000,,,,,,,,GLOBAL_BASELINE_NO_ENTITY_RANKING,,,NOT_APPLICABLE_GLOBAL_BASELINE,HF9g-P5,,,,X 全窗基线 · 不参与实体赏罚,3921984,393,A168_HF9F_20260827_0900,2026-08-27 09:00:00
2026-06-26,129442686,-1,1,771.4660426363,-360.0174865636,-360.0174865636,0.2500000,9,9,0.49920336666666667,0.499203366667,-1.4097089129893778,-1.4097089129912617,-1.4097089129893778,-3.3333E-13,SENTINEL_DEALER,R03b_20260811_FULL_v1,L1_ELIGIBILITY,v2026-08-11,2026-03-21..2026-08-06,baccarat_bet02_101_all_pairs_incl_sentinel,round_win = game_pnl > 0 (decisive only),COMPATIBILITY_ONLY_NOT_PRODUCTION,10249.8215,9018.3749,-62.2849,127,127,0.00607668,,0.00607668,0.00607668,62.2849,10249.8215,OK,0.0000,-2.4914,4.0000,96.0000,AG03-UNRESOLVED,ALL5_LEVELS_bet23_to_bet27,-2.4914,-2.4914,-2.4914,-2.4914,-2.4914,4.000000,4.000000,4.000000,4.000000,4.000000,96.000000,96.000000,96.000000,96.000000,96.000000,5.0,-12.4570,-11.4995,-49.8279,-50.7854,PENDING_AG03,FALSE,NOT_FOR_ENFORCEMENT,-59.7935,8657.6399,-62.2849,-59.7935,-2.4914,-0.00607668,-0.00583361,-2.4914,-59.7935,-0.00583361,-2.4914,-2.4914,-2.4914,-2.4914,-2.4914,-59.7935,-0.00583361,-12.4570,-11.4995,-49.8279,-50.7854,-0.00486134,-0.00495476,-0.00024307,80.7073,71.0108,-0.4904,-5.6623,-0.8532,931.8020,11.5455,,80.7073,51.4311,73.2927,112.9492,130.8798,132.2867,178.1147,52.3519,0.0,1.804911,2.430184,1.101164,29,48,12,2,0E-8,-0.00607668,,0E-8,0.000000,0.879857,0.330709,,2026-03-26,2026-06-26,11,73,68,93,0.118280,,,0.000000,,,,,,,,GLOBAL_BASELINE_NO_ENTITY_RANKING,,,NOT_APPLICABLE_GLOBAL_BASELINE,HF9g-P5,,,,X 全窗基线 · 不参与实体赏罚,3921985,393,A168_HF9F_20260827_0900,2026-08-27 09:00:00
2026-06-26,129442686,1109,0,308.5864170545,167.1509759045,167.1509759045,0.7500000,4,4,0.50329940000000000,0.503299400000,0.9868238854431842,0.9868238854431842,0.9868238854431842,0E-17,ELIGIBLE,R03b_20260811_FULL_v1,L1_ELIGIBILITY,v2026-08-11,2026-03-21..2026-08-06,baccarat_bet02_101_all_pairs_incl_sentinel,round_win = game_pnl > 0 (decisive only),COMPATIBILITY_ONLY_NOT_PRODUCTION,10249.8215,9018.3749,-62.2849,127,127,0.00607668,,0.00607668,0.00607668,62.2849,10249.8215,OK,0.0000,-2.4914,4.0000,96.0000,AG03-UNRESOLVED,ALL5_LEVELS_bet23_to_bet27,-2.4914,-2.4914,-2.4914,-2.4914,-2.4914,4.000000,4.000000,4.000000,4.000000,4.000000,96.000000,96.000000,96.000000,96.000000,96.000000,5.0,-12.4570,-11.4995,-49.8279,-50.7854,PENDING_AG03,FALSE,NOT_FOR_ENFORCEMENT,-59.7935,8657.6399,-62.2849,-59.7935,-2.4914,-0.00607668,-0.00583361,-2.4914,-59.7935,-0.00583361,-2.4914,-2.4914,-2.4914,-2.4914,-2.4914,-59.7935,-0.00583361,-12.4570,-11.4995,-49.8279,-50.7854,-0.00486134,-0.00495476,-0.00024307,80.7073,71.0108,-0.4904,-5.6623,-0.8532,931.8020,11.5455,,80.7073,51.4311,73.2927,112.9492,130.8798,132.2867,178.1147,52.3519,0.0,1.804911,2.430184,1.101164,29,48,12,2,0E-8,-0.00607668,,0E-8,0.000000,0.879857,0.330709,,2026-03-26,2026-06-26,11,73,68,93,0.118280,,,0.000000,,,,,,,,GLOBAL_BASELINE_NO_ENTITY_RANKING,,,NOT_APPLICABLE_GLOBAL_BASELINE,HF9g-P5,,,,X 全窗基线 · 不参与实体赏罚,3921986,393,A168_HF9F_20260827_0900,2026-08-27 09:00:00
2026-06-26,129442686,1148,0,167.1509759046,-167.1509759046,-167.1509759046,0E-7,2,2,0.49324550000000000,0.493245500000,-1.3952362676504506,-1.3952362676504506,-1.3952362676504506,0E-17,ELIGIBLE,R03b_20260811_FULL_v1,L1_ELIGIBILITY,v2026-08-11,2026-03-21..2026-08-06,baccarat_bet02_101_all_pairs_incl_sentinel,round_win = game_pnl > 0 (decisive only),COMPATIBILITY_ONLY_NOT_PRODUCTION,10249.8215,9018.3749,-62.2849,127,127,0.00607668,,0.00607668,0.00607668,62.2849,10249.8215,OK,0.0000,-2.4914,4.0000,96.0000,AG03-UNRESOLVED,ALL5_LEVELS_bet23_to_bet27,-2.4914,-2.4914,-2.4914,-2.4914,-2.4914,4.000000,4.000000,4.000000,4.000000,4.000000,96.000000,96.000000,96.000000,96.000000,96.000000,5.0,-12.4570,-11.4995,-49.8279,-50.7854,PENDING_AG03,FALSE,NOT_FOR_ENFORCEMENT,-59.7935,8657.6399,-62.2849,-59.7935,-2.4914,-0.00607668,-0.00583361,-2.4914,-59.7935,-0.00583361,-2.4914,-2.4914,-2.4914,-2.4914,-2.4914,-59.7935,-0.00583361,-12.4570,-11.4995,-49.8279,-50.7854,-0.00486134,-0.00495476,-0.00024307,80.7073,71.0108,-0.4904,-5.6623,-0.8532,931.8020,11.5455,,80.7073,51.4311,73.2927,112.9492,130.8798,132.2867,178.1147,52.3519,0.0,1.804911,2.430184,1.101164,29,48,12,2,0E-8,-0.00607668,,0E-8,0.000000,0.879857,0.330709,,2026-03-26,2026-06-26,11,73,68,93,0.118280,,,0.000000,,,,,,,,GLOBAL_BASELINE_NO_ENTITY_RANKING,,,NOT_APPLICABLE_GLOBAL_BASELINE,HF9g-P5,,,,X 全窗基线 · 不参与实体赏罚,3921987,393,A168_HF9F_20260827_0900,2026-08-27 09:00:00
2026-06-26,129442686,1151,0,128.5776737727,128.5776737727,128.5776737727,1.0000000,1,1,0.49324550000000000,0.493245500000,1.01360149184955,1.01360149184955,1.01360149184955,0E-17,ELIGIBLE,R03b_20260811_FULL_v1,L1_ELIGIBILITY,v2026-08-11,2026-03-21..2026-08-06,baccarat_bet02_101_all_pairs_incl_sentinel,round_win = game_pnl > 0 (decisive only),COMPATIBILITY_ONLY_NOT_PRODUCTION,10249.8215,9018.3749,-62.2849,127,127,0.00607668,,0.00607668,0.00607668,62.2849,10249.8215,OK,0.0000,-2.4914,4.0000,96.0000,AG03-UNRESOLVED,ALL5_LEVELS_bet23_to_bet27,-2.4914,-2.4914,-2.4914,-2.4914,-2.4914,4.000000,4.000000,4.000000,4.000000,4.000000,96.000000,96.000000,96.000000,96.000000,96.000000,5.0,-12.4570,-11.4995,-49.8279,-50.7854,PENDING_AG03,FALSE,NOT_FOR_ENFORCEMENT,-59.7935,8657.6399,-62.2849,-59.7935,-2.4914,-0.00607668,-0.00583361,-2.4914,-59.7935,-0.00583361,-2.4914,-2.4914,-2.4914,-2.4914,-2.4914,-59.7935,-0.00583361,-12.4570,-11.4995,-49.8279,-50.7854,-0.00486134,-0.00495476,-0.00024307,80.7073,71.0108,-0.4904,-5.6623,-0.8532,931.8020,11.5455,,80.7073,51.4311,73.2927,112.9492,130.8798,132.2867,178.1147,52.3519,0.0,1.804911,2.430184,1.101164,29,48,12,2,0E-8,-0.00607668,,0E-8,0.000000,0.879857,0.330709,,2026-03-26,2026-06-26,11,73,68,93,0.118280,,,0.000000,,,,,,,,GLOBAL_BASELINE_NO_ENTITY_RANKING,,,NOT_APPLICABLE_GLOBAL_BASELINE,HF9g-P5,,,,X 全窗基线 · 不参与实体赏罚,3921988,393,A168_HF9F_20260827_0900,2026-08-27 09:00:00
2026-06-26,129442686,1363,0,51.4310695091,51.4310695091,51.4310695091,1.0000000,1,1,0.49324550000000000,0.493245500000,1.01360149184955,1.01360149184955,1.01360149184955,0E-17,ELIGIBLE,R03b_20260811_FULL_v1,L1_ELIGIBILITY,v2026-08-11,2026-03-21..2026-08-06,baccarat_bet02_101_all_pairs_incl_sentinel,round_win = game_pnl > 0 (decisive only),COMPATIBILITY_ONLY_NOT_PRODUCTION,10249.8215,9018.3749,-62.2849,127,127,0.00607668,,0.00607668,0.00607668,62.2849,10249.8215,OK,0.0000,-2.4914,4.0000,96.0000,AG03-UNRESOLVED,ALL5_LEVELS_bet23_to_bet27,-2.4914,-2.4914,-2.4914,-2.4914,-2.4914,4.000000,4.000000,4.000000,4.000000,4.000000,96.000000,96.000000,96.000000,96.000000,96.000000,5.0,-12.4570,-11.4995,-49.8279,-50.7854,PENDING_AG03,FALSE,NOT_FOR_ENFORCEMENT,-59.7935,8657.6399,-62.2849,-59.7935,-2.4914,-0.00607668,-0.00583361,-2.4914,-59.7935,-0.00583361,-2.4914,-2.4914,-2.4914,-2.4914,-2.4914,-59.7935,-0.00583361,-12.4570,-11.4995,-49.8279,-50.7854,-0.00486134,-0.00495476,-0.00024307,80.7073,71.0108,-0.4904,-5.6623,-0.8532,931.8020,11.5455,,80.7073,51.4311,73.2927,112.9492,130.8798,132.2867,178.1147,52.3519,0.0,1.804911,2.430184,1.101164,29,48,12,2,0E-8,-0.00607668,,0E-8,0.000000,0.879857,0.330709,,2026-03-26,2026-06-26,11,73,68,93,0.118280,,,0.000000,,,,,,,,GLOBAL_BASELINE_NO_ENTITY_RANKING,,,NOT_APPLICABLE_GLOBAL_BASELINE,HF9g-P5,,,,X 全窗基线 · 不参与实体赏罚,3921989,393,A168_HF9F_20260827_0900,2026-08-27 09:00:00
2026-06-26,129442686,1704,0,758.6082752591,12.8577673773,12.8577673773,0.6363636,11,11,0.50055742727272727,0.500557427273,0.900837039335844,0.9008370393340356,0.900837039335844,-2.7273E-13,ELIGIBLE,R03b_20260811_FULL_v1,L1_ELIGIBILITY,v2026-08-11,2026-03-21..2026-08-06,baccarat_bet02_101_all_pairs_incl_sentinel,round_win = game_pnl > 0 (decisive only),COMPATIBILITY_ONLY_NOT_PRODUCTION,10249.8215,9018.3749,-62.2849,127,127,0.00607668,,0.00607668,0.00607668,62.2849,10249.8215,OK,0.0000,-2.4914,4.0000,96.0000,AG03-UNRESOLVED,ALL5_LEVELS_bet23_to_bet27,-2.4914,-2.4914,-2.4914,-2.4914,-2.4914,4.000000,4.000000,4.000000,4.000000,4.000000,96.000000,96.000000,96.000000,96.000000,96.000000,5.0,-12.4570,-11.4995,-49.8279,-50.7854,PENDING_AG03,FALSE,NOT_FOR_ENFORCEMENT,-59.7935,8657.6399,-62.2849,-59.7935,-2.4914,-0.00607668,-0.00583361,-2.4914,-59.7935,-0.00583361,-2.4914,-2.4914,-2.4914,-2.4914,-2.4914,-59.7935,-0.00583361,-12.4570,-11.4995,-49.8279,-50.7854,-0.00486134,-0.00495476,-0.00024307,80.7073,71.0108,-0.4904,-5.6623,-0.8532,931.8020,11.5455,,80.7073,51.4311,73.2927,112.9492,130.8798,132.2867,178.1147,52.3519,0.0,1.804911,2.430184,1.101164,29,48,12,2,0E-8,-0.00607668,,0E-8,0.000000,0.879857,0.330709,,2026-03-26,2026-06-26,11,73,68,93,0.118280,,,0.000000,,,,,,,,GLOBAL_BASELINE_NO_ENTITY_RANKING,,,NOT_APPLICABLE_GLOBAL_BASELINE,HF9g-P5,,,,X 全窗基线 · 不参与实体赏罚,3921990,393,A168_HF9F_20260827_0900,2026-08-27 09:00:00
2026-06-26,129442686,2129,0,51.4310695091,51.4310695091,51.4310695091,1.0000000,1,1,0.49324550000000000,0.493245500000,1.01360149184955,1.01360149184955,1.01360149184955,0E-17,ELIGIBLE,R03b_20260811_FULL_v1,L1_ELIGIBILITY,v2026-08-11,2026-03-21..2026-08-06,baccarat_bet02_101_all_pairs_incl_sentinel,round_win = game_pnl > 0 (decisive only),COMPATIBILITY_ONLY_NOT_PRODUCTION,10249.8215,9018.3749,-62.2849,127,127,0.00607668,,0.00607668,0.00607668,62.2849,10249.8215,OK,0.0000,-2.4914,4.0000,96.0000,AG03-UNRESOLVED,ALL5_LEVELS_bet23_to_bet27,-2.4914,-2.4914,-2.4914,-2.4914,-2.4914,4.000000,4.000000,4.000000,4.000000,4.000000,96.000000,96.000000,96.000000,96.000000,96.000000,5.0,-12.4570,-11.4995,-49.8279,-50.7854,PENDING_AG03,FALSE,NOT_FOR_ENFORCEMENT,-59.7935,8657.6399,-62.2849,-59.7935,-2.4914,-0.00607668,-0.00583361,-2.4914,-59.7935,-0.00583361,-2.4914,-2.4914,-2.4914,-2.4914,-2.4914,-59.7935,-0.00583361,-12.4570,-11.4995,-49.8279,-50.7854,-0.00486134,-0.00495476,-0.00024307,80.7073,71.0108,-0.4904,-5.6623,-0.8532,931.8020,11.5455,,80.7073,51.4311,73.2927,112.9492,130.8798,132.2867,178.1147,52.3519,0.0,1.804911,2.430184,1.101164,29,48,12,2,0E-8,-0.00607668,,0E-8,0.000000,0.879857,0.330709,,2026-03-26,2026-06-26,11,73,68,93,0.118280,,,0.000000,,,,,,,,GLOBAL_BASELINE_NO_ENTITY_RANKING,,,NOT_APPLICABLE_GLOBAL_BASELINE,HF9g-P5,,,,X 全窗基线 · 不参与实体赏罚,3921991,393,A168_HF9F_20260827_0900,2026-08-27 09:00:00
2026-06-26,129442686,2145,0,102.8621390182,-51.4310695091,-51.4310695091,0E-7,2,2,0.49994810000000000,0.499948100000,-0.9998962053866608,-0.9998962053866608,-0.9998962053866608,0E-17,ELIGIBLE,R03b_20260811_FULL_v1,L1_ELIGIBILITY,v2026-08-11,2026-03-21..2026-08-06,baccarat_bet02_101_all_pairs_incl_sentinel,round_win = game_pnl > 0 (decisive only),COMPATIBILITY_ONLY_NOT_PRODUCTION,10249.8215,9018.3749,-62.2849,127,127,0.00607668,,0.00607668,0.00607668,62.2849,10249.8215,OK,0.0000,-2.4914,4.0000,96.0000,AG03-UNRESOLVED,ALL5_LEVELS_bet23_to_bet27,-2.4914,-2.4914,-2.4914,-2.4914,-2.4914,4.000000,4.000000,4.000000,4.000000,4.000000,96.000000,96.000000,96.000000,96.000000,96.000000,5.0,-12.4570,-11.4995,-49.8279,-50.7854,PENDING_AG03,FALSE,NOT_FOR_ENFORCEMENT,-59.7935,8657.6399,-62.2849,-59.7935,-2.4914,-0.00607668,-0.00583361,-2.4914,-59.7935,-0.00583361,-2.4914,-2.4914,-2.4914,-2.4914,-2.4914,-59.7935,-0.00583361,-12.4570,-11.4995,-49.8279,-50.7854,-0.00486134,-0.00495476,-0.00024307,80.7073,71.0108,-0.4904,-5.6623,-0.8532,931.8020,11.5455,,80.7073,51.4311,73.2927,112.9492,130.8798,132.2867,178.1147,52.3519,0.0,1.804911,2.430184,1.101164,29,48,12,2,0E-8,-0.00607668,,0E-8,0.000000,0.879857,0.330709,,2026-03-26,2026-06-26,11,73,68,93,0.118280,,,0.000000,,,,,,,,GLOBAL_BASELINE_NO_ENTITY_RANKING,,,NOT_APPLICABLE_GLOBAL_BASELINE,HF9g-P5,,,,X 全窗基线 · 不参与实体赏罚,3921992,393,A168_HF9F_20260827_0900,2026-08-27 09:00:00
2026-06-26,129442686,2171,0,257.1553475454,244.2975801682,244.2975801682,1.0000000,2,2,0.50665070000000000,0.506650700000,1.3955260008387969,1.3955260008387969,1.3955260008387969,0E-17,ELIGIBLE,R03b_20260811_FULL_v1,L1_ELIGIBILITY,v2026-08-11,2026-03-21..2026-08-06,baccarat_bet02_101_all_pairs_incl_sentinel,round_win = game_pnl > 0 (decisive only),COMPATIBILITY_ONLY_NOT_PRODUCTION,10249.8215,9018.3749,-62.2849,127,127,0.00607668,,0.00607668,0.00607668,62.2849,10249.8215,OK,0.0000,-2.4914,4.0000,96.0000,AG03-UNRESOLVED,ALL5_LEVELS_bet23_to_bet27,-2.4914,-2.4914,-2.4914,-2.4914,-2.4914,4.000000,4.000000,4.000000,4.000000,4.000000,96.000000,96.000000,96.000000,96.000000,96.000000,5.0,-12.4570,-11.4995,-49.8279,-50.7854,PENDING_AG03,FALSE,NOT_FOR_ENFORCEMENT,-59.7935,8657.6399,-62.2849,-59.7935,-2.4914,-0.00607668,-0.00583361,-2.4914,-59.7935,-0.00583361,-2.4914,-2.4914,-2.4914,-2.4914,-2.4914,-59.7935,-0.00583361,-12.4570,-11.4995,-49.8279,-50.7854,-0.00486134,-0.00495476,-0.00024307,80.7073,71.0108,-0.4904,-5.6623,-0.8532,931.8020,11.5455,,80.7073,51.4311,73.2927,112.9492,130.8798,132.2867,178.1147,52.3519,0.0,1.804911,2.430184,1.101164,29,48,12,2,0E-8,-0.00607668,,0E-8,0.000000,0.879857,0.330709,,2026-03-26,2026-06-26,11,73,68,93,0.118280,,,0.000000,,,,,,,,GLOBAL_BASELINE_NO_ENTITY_RANKING,,,NOT_APPLICABLE_GLOBAL_BASELINE,HF9g-P5,,,,X 全窗基线 · 不参与实体赏罚,3921993,393,A168_HF9F_20260827_0900,2026-08-27 09:00:00
2026-06-26,129442686,2175,0,128.5776737727,0E-10,0E-10,,1,1,0.50665070000000000,0.506650700000,,,,0E-17,NO_DECISIVE_ROUND,R03b_20260811_FULL_v1,L1_ELIGIBILITY,v2026-08-11,2026-03-21..2026-08-06,baccarat_bet02_101_all_pairs_incl_sentinel,round_win = game_pnl > 0 (decisive only),COMPATIBILITY_ONLY_NOT_PRODUCTION,10249.8215,9018.3749,-62.2849,127,127,0.00607668,,0.00607668,0.00607668,62.2849,10249.8215,OK,0.0000,-2.4914,4.0000,96.0000,AG03-UNRESOLVED,ALL5_LEVELS_bet23_to_bet27,-2.4914,-2.4914,-2.4914,-2.4914,-2.4914,4.000000,4.000000,4.000000,4.000000,4.000000,96.000000,96.000000,96.000000,96.000000,96.000000,5.0,-12.4570,-11.4995,-49.8279,-50.7854,PENDING_AG03,FALSE,NOT_FOR_ENFORCEMENT,-59.7935,8657.6399,-62.2849,-59.7935,-2.4914,-0.00607668,-0.00583361,-2.4914,-59.7935,-0.00583361,-2.4914,-2.4914,-2.4914,-2.4914,-2.4914,-59.7935,-0.00583361,-12.4570,-11.4995,-49.8279,-50.7854,-0.00486134,-0.00495476,-0.00024307,80.7073,71.0108,-0.4904,-5.6623,-0.8532,931.8020,11.5455,,80.7073,51.4311,73.2927,112.9492,130.8798,132.2867,178.1147,52.3519,0.0,1.804911,2.430184,1.101164,29,48,12,2,0E-8,-0.00607668,,0E-8,0.000000,0.879857,0.330709,,2026-03-26,2026-06-26,11,73,68,93,0.118280,,,0.000000,,,,,,,,GLOBAL_BASELINE_NO_ENTITY_RANKING,,,NOT_APPLICABLE_GLOBAL_BASELINE,HF9g-P5,,,,X 全窗基线 · 不参与实体赏罚,3921994,393,A168_HF9F_20260827_0900,2026-08-27 09:00:00
2026-06-26,129442686,2188,0,51.4310695091,-51.4310695091,-51.4310695091,0E-7,1,1,0.50665070000000000,0.506650700000,-1.013391052207602,-1.013391052207602,-1.013391052207602,0E-17,ELIGIBLE,R03b_20260811_FULL_v1,L1_ELIGIBILITY,v2026-08-11,2026-03-21..2026-08-06,baccarat_bet02_101_all_pairs_incl_sentinel,round_win = game_pnl > 0 (decisive only),COMPATIBILITY_ONLY_NOT_PRODUCTION,10249.8215,9018.3749,-62.2849,127,127,0.00607668,,0.00607668,0.00607668,62.2849,10249.8215,OK,0.0000,-2.4914,4.0000,96.0000,AG03-UNRESOLVED,ALL5_LEVELS_bet23_to_bet27,-2.4914,-2.4914,-2.4914,-2.4914,-2.4914,4.000000,4.000000,4.000000,4.000000,4.000000,96.000000,96.000000,96.000000,96.000000,96.000000,5.0,-12.4570,-11.4995,-49.8279,-50.7854,PENDING_AG03,FALSE,NOT_FOR_ENFORCEMENT,-59.7935,8657.6399,-62.2849,-59.7935,-2.4914,-0.00607668,-0.00583361,-2.4914,-59.7935,-0.00583361,-2.4914,-2.4914,-2.4914,-2.4914,-2.4914,-59.7935,-0.00583361,-12.4570,-11.4995,-49.8279,-50.7854,-0.00486134,-0.00495476,-0.00024307,80.7073,71.0108,-0.4904,-5.6623,-0.8532,931.8020,11.5455,,80.7073,51.4311,73.2927,112.9492,130.8798,132.2867,178.1147,52.3519,0.0,1.804911,2.430184,1.101164,29,48,12,2,0E-8,-0.00607668,,0E-8,0.000000,0.879857,0.330709,,2026-03-26,2026-06-26,11,73,68,93,0.118280,,,0.000000,,,,,,,,GLOBAL_BASELINE_NO_ENTITY_RANKING,,,NOT_APPLICABLE_GLOBAL_BASELINE,HF9g-P5,,,,X 全窗基线 · 不参与实体赏罚,3921995,393,A168_HF9F_20260827_0900,2026-08-27 09:00:00
2026-06-26,129442686,2250,0,51.4310695091,-51.4310695091,-51.4310695091,0E-7,1,1,0.50665070000000000,0.506650700000,-1.013391052207602,-1.013391052207602,-1.013391052207602,0E-17,ELIGIBLE,R03b_20260811_FULL_v1,L1_ELIGIBILITY,v2026-08-11,2026-03-21..2026-08-06,baccarat_bet02_101_all_pairs_incl_sentinel,round_win = game_pnl > 0 (decisive only),COMPATIBILITY_ONLY_NOT_PRODUCTION,10249.8215,9018.3749,-62.2849,127,127,0.00607668,,0.00607668,0.00607668,62.2849,10249.8215,OK,0.0000,-2.4914,4.0000,96.0000,AG03-UNRESOLVED,ALL5_LEVELS_bet23_to_bet27,-2.4914,-2.4914,-2.4914,-2.4914,-2.4914,4.000000,4.000000,4.000000,4.000000,4.000000,96.000000,96.000000,96.000000,96.000000,96.000000,5.0,-12.4570,-11.4995,-49.8279,-50.7854,PENDING_AG03,FALSE,NOT_FOR_ENFORCEMENT,-59.7935,8657.6399,-62.2849,-59.7935,-2.4914,-0.00607668,-0.00583361,-2.4914,-59.7935,-0.00583361,-2.4914,-2.4914,-2.4914,-2.4914,-2.4914,-59.7935,-0.00583361,-12.4570,-11.4995,-49.8279,-50.7854,-0.00486134,-0.00495476,-0.00024307,80.7073,71.0108,-0.4904,-5.6623,-0.8532,931.8020,11.5455,,80.7073,51.4311,73.2927,112.9492,130.8798,132.2867,178.1147,52.3519,0.0,1.804911,2.430184,1.101164,29,48,12,2,0E-8,-0.00607668,,0E-8,0.000000,0.879857,0.330709,,2026-03-26,2026-06-26,11,73,68,93,0.118280,,,0.000000,,,,,,,,GLOBAL_BASELINE_NO_ENTITY_RANKING,,,NOT_APPLICABLE_GLOBAL_BASELINE,HF9g-P5,,,,X 全窗基线 · 不参与实体赏罚,3921996,393,A168_HF9F_20260827_0900,2026-08-27 09:00:00
2026-06-26,129442686,2256,0,51.4310695091,51.4310695091,51.4310695091,1.0000000,1,1,0.49324550000000000,0.493245500000,1.01360149184955,1.01360149184955,1.01360149184955,0E-17,ELIGIBLE,R03b_20260811_FULL_v1,L1_ELIGIBILITY,v2026-08-11,2026-03-21..2026-08-06,baccarat_bet02_101_all_pairs_incl_sentinel,round_win = game_pnl > 0 (decisive only),COMPATIBILITY_ONLY_NOT_PRODUCTION,10249.8215,9018.3749,-62.2849,127,127,0.00607668,,0.00607668,0.00607668,62.2849,10249.8215,OK,0.0000,-2.4914,4.0000,96.0000,AG03-UNRESOLVED,ALL5_LEVELS_bet23_to_bet27,-2.4914,-2.4914,-2.4914,-2.4914,-2.4914,4.000000,4.000000,4.000000,4.000000,4.000000,96.000000,96.000000,96.000000,96.000000,96.000000,5.0,-12.4570,-11.4995,-49.8279,-50.7854,PENDING_AG03,FALSE,NOT_FOR_ENFORCEMENT,-59.7935,8657.6399,-62.2849,-59.7935,-2.4914,-0.00607668,-0.00583361,-2.4914,-59.7935,-0.00583361,-2.4914,-2.4914,-2.4914,-2.4914,-2.4914,-59.7935,-0.00583361,-12.4570,-11.4995,-49.8279,-50.7854,-0.00486134,-0.00495476,-0.00024307,80.7073,71.0108,-0.4904,-5.6623,-0.8532,931.8020,11.5455,,80.7073,51.4311,73.2927,112.9492,130.8798,132.2867,178.1147,52.3519,0.0,1.804911,2.430184,1.101164,29,48,12,2,0E-8,-0.00607668,,0E-8,0.000000,0.879857,0.330709,,2026-03-26,2026-06-26,11,73,68,93,0.118280,,,0.000000,,,,,,,,GLOBAL_BASELINE_NO_ENTITY_RANKING,,,NOT_APPLICABLE_GLOBAL_BASELINE,HF9g-P5,,,,X 全窗基线 · 不参与实体赏罚,3921997,393,A168_HF9F_20260827_0900,2026-08-27 09:00:00
2026-07-21,153281232,-1,1,77.8258971579,19.2542240369,19.2542240369,0.5000000,6,6,0.49547970000000000,0.495479700000,0.022145762000773162,0.022145762000773162,0.022145762000773162,0E-17,SENTINEL_DEALER,R03b_20260811_FULL_v1,L1_ELIGIBILITY,v2026-08-11,2026-03-21..2026-08-06,baccarat_bet02_101_all_pairs_incl_sentinel,round_win = game_pnl > 0 (decisive only),COMPATIBILITY_ONLY_NOT_PRODUCTION,293.1723,254.0166,-62.2834,26,26,0.21244633,0.21244633,,0.21244633,62.2834,293.1723,THIN_EXPOSURE,0.0000,-2.4913,4.0000,96.0000,AG03-UNRESOLVED,ALL5_LEVELS_bet23_to_bet27,-2.4913,-2.4913,-2.4913,-2.4913,-2.4913,4.000000,4.000000,4.000000,4.000000,4.000000,96.000000,96.000000,96.000000,96.000000,96.000000,5.0,-12.4567,-11.4992,-49.8267,-50.7842,PENDING_AG03,FALSE,NOT_FOR_ENFORCEMENT,-59.7920,243.8559,-62.2834,-59.7920,-2.4913,-0.21244633,-0.20394848,-2.4913,-59.7920,-0.20394848,-2.4913,-2.4913,-2.4913,-2.4913,-2.4913,-59.7920,-0.20394848,-12.4567,-11.4992,-49.8267,-50.7842,-0.16995706,-0.17322294,-0.00849785,11.2759,9.7699,-2.3955,-31.1417,-5.1903,146.5861,13.0000,11.2759,,9.708,11.326,12.944,16.18,16.9385,19.416,10.517,0.0,1.495542,1.714286,0.995571,10,7,3,2,1.00000000,-0.21244633,-0.21244633,0E-8,0.000000,0.866441,0.230769,,2026-07-21,2026-07-22,2,12,12,2,1.000000,,1.000000,3.333333,,,,,,,,GLOBAL_BASELINE_NO_ENTITY_RANKING,,,NOT_APPLICABLE_GLOBAL_BASELINE,HF9g-P5,,,,X 全窗基线 · 不参与实体赏罚,3921998,393,A168_HF9F_20260827_0900,2026-08-27 09:00:00
2026-07-21,153281232,1704,0,1.9416024239,0E-10,0E-10,,1,1,0.50665070000000000,0.506650700000,,,,0E-17,NO_DECISIVE_ROUND,R03b_20260811_FULL_v1,L1_ELIGIBILITY,v2026-08-11,2026-03-21..2026-08-06,baccarat_bet02_101_all_pairs_incl_sentinel,round_win = game_pnl > 0 (decisive only),COMPATIBILITY_ONLY_NOT_PRODUCTION,293.1723,254.0166,-62.2834,26,26,0.21244633,0.21244633,,0.21244633,62.2834,293.1723,THIN_EXPOSURE,0.0000,-2.4913,4.0000,96.0000,AG03-UNRESOLVED,ALL5_LEVELS_bet23_to_bet27,-2.4913,-2.4913,-2.4913,-2.4913,-2.4913,4.000000,4.000000,4.000000,4.000000,4.000000,96.000000,96.000000,96.000000,96.000000,96.000000,5.0,-12.4567,-11.4992,-49.8267,-50.7842,PENDING_AG03,FALSE,NOT_FOR_ENFORCEMENT,-59.7920,243.8559,-62.2834,-59.7920,-2.4913,-0.21244633,-0.20394848,-2.4913,-59.7920,-0.20394848,-2.4913,-2.4913,-2.4913,-2.4913,-2.4913,-59.7920,-0.20394848,-12.4567,-11.4992,-49.8267,-50.7842,-0.16995706,-0.17322294,-0.00849785,11.2759,9.7699,-2.3955,-31.1417,-5.1903,146.5861,13.0000,11.2759,,9.708,11.326,12.944,16.18,16.9385,19.416,10.517,0.0,1.495542,1.714286,0.995571,10,7,3,2,1.00000000,-0.21244633,-0.21244633,0E-8,0.000000,0.866441,0.230769,,2026-07-21,2026-07-22,2,12,12,2,1.000000,,1.000000,3.333333,,,,,,,,GLOBAL_BASELINE_NO_ENTITY_RANKING,,,NOT_APPLICABLE_GLOBAL_BASELINE,HF9g-P5,,,,X 全窗基线 · 不参与实体赏罚,3921999,393,A168_HF9F_20260827_0900,2026-08-27 09:00:00
2026-07-21,153281232,2287,0,16.3191683728,16.3191683728,16.3191683728,1.0000000,1,1,0.49324550000000000,0.493245500000,1.01360149184955,1.01360149184955,1.01360149184955,0E-17,ELIGIBLE,R03b_20260811_FULL_v1,L1_ELIGIBILITY,v2026-08-11,2026-03-21..2026-08-06,baccarat_bet02_101_all_pairs_incl_sentinel,round_win = game_pnl > 0 (decisive only),COMPATIBILITY_ONLY_NOT_PRODUCTION,293.1723,254.0166,-62.2834,26,26,0.21244633,0.21244633,,0.21244633,62.2834,293.1723,THIN_EXPOSURE,0.0000,-2.4913,4.0000,96.0000,AG03-UNRESOLVED,ALL5_LEVELS_bet23_to_bet27,-2.4913,-2.4913,-2.4913,-2.4913,-2.4913,4.000000,4.000000,4.000000,4.000000,4.000000,96.000000,96.000000,96.000000,96.000000,96.000000,5.0,-12.4567,-11.4992,-49.8267,-50.7842,PENDING_AG03,FALSE,NOT_FOR_ENFORCEMENT,-59.7920,243.8559,-62.2834,-59.7920,-2.4913,-0.21244633,-0.20394848,-2.4913,-59.7920,-0.20394848,-2.4913,-2.4913,-2.4913,-2.4913,-2.4913,-59.7920,-0.20394848,-12.4567,-11.4992,-49.8267,-50.7842,-0.16995706,-0.17322294,-0.00849785,11.2759,9.7699,-2.3955,-31.1417,-5.1903,146.5861,13.0000,11.2759,,9.708,11.326,12.944,16.18,16.9385,19.416,10.517,0.0,1.495542,1.714286,0.995571,10,7,3,2,1.00000000,-0.21244633,-0.21244633,0E-8,0.000000,0.866441,0.230769,,2026-07-21,2026-07-22,2,12,12,2,1.000000,,1.000000,3.333333,,,,,,,,GLOBAL_BASELINE_NO_ENTITY_RANKING,,,NOT_APPLICABLE_GLOBAL_BASELINE,HF9g-P5,,,,X 全窗基线 · 不参与实体赏罚,3922000,393,A168_HF9F_20260827_0900,2026-08-27 09:00:00
2026-07-22,153281232,-1,1,60.5262195610,-7.9152658815,-7.9152658815,0.4000000,6,6,0.50441650000000000,0.504416500000,-0.466983001748531,-0.466983001748531,-0.466983001748531,0E-17,SENTINEL_DEALER,R03b_20260811_FULL_v1,L1_ELIGIBILITY,v2026-08-11,2026-03-21..2026-08-06,baccarat_bet02_101_all_pairs_incl_sentinel,round_win = game_pnl > 0 (decisive only),COMPATIBILITY_ONLY_NOT_PRODUCTION,293.1723,254.0166,-62.2834,26,26,0.21244633,0.21244633,,0.21244633,62.2834,293.1723,THIN_EXPOSURE,0.0000,-2.4913,4.0000,96.0000,AG03-UNRESOLVED,ALL5_LEVELS_bet23_to_bet27,-2.4913,-2.4913,-2.4913,-2.4913,-2.4913,4.000000,4.000000,4.000000,4.000000,4.000000,96.000000,96.000000,96.000000,96.000000,96.000000,5.0,-12.4567,-11.4992,-49.8267,-50.7842,PENDING_AG03,FALSE,NOT_FOR_ENFORCEMENT,-59.7920,243.8559,-62.2834,-59.7920,-2.4913,-0.21244633,-0.20394848,-2.4913,-59.7920,-0.20394848,-2.4913,-2.4913,-2.4913,-2.4913,-2.4913,-59.7920,-0.20394848,-12.4567,-11.4992,-49.8267,-50.7842,-0.16995706,-0.17322294,-0.00849785,11.2759,9.7699,-2.3955,-31.1417,-5.1903,146.5861,13.0000,11.2759,,9.708,11.326,12.944,16.18,16.9385,19.416,10.517,0.0,1.495542,1.714286,0.995571,10,7,3,2,1.00000000,-0.21244633,-0.21244633,0E-8,0.000000,0.866441,0.230769,,2026-07-21,2026-07-22,2,12,12,2,1.000000,,1.000000,3.333333,,,,,,,,GLOBAL_BASELINE_NO_ENTITY_RANKING,,,NOT_APPLICABLE_GLOBAL_BASELINE,HF9g-P5,,,,X 全窗基线 · 不参与实体赏罚,3922001,393,A168_HF9F_20260827_0900,2026-08-27 09:00:00
2026-07-22,153281232,1330,0,59.8660747368,30.7420383783,30.7420383783,0.7500000,5,5,0.49324550000000000,0.493245500000,1.0271117246678039,1.0271117246678039,1.0271117246678039,0E-17,ELIGIBLE,R03b_20260811_FULL_v1,L1_ELIGIBILITY,v2026-08-11,2026-03-21..2026-08-06,baccarat_bet02_101_all_pairs_incl_sentinel,round_win = game_pnl > 0 (decisive only),COMPATIBILITY_ONLY_NOT_PRODUCTION,293.1723,254.0166,-62.2834,26,26,0.21244633,0.21244633,,0.21244633,62.2834,293.1723,THIN_EXPOSURE,0.0000,-2.4913,4.0000,96.0000,AG03-UNRESOLVED,ALL5_LEVELS_bet23_to_bet27,-2.4913,-2.4913,-2.4913,-2.4913,-2.4913,4.000000,4.000000,4.000000,4.000000,4.000000,96.000000,96.000000,96.000000,96.000000,96.000000,5.0,-12.4567,-11.4992,-49.8267,-50.7842,PENDING_AG03,FALSE,NOT_FOR_ENFORCEMENT,-59.7920,243.8559,-62.2834,-59.7920,-2.4913,-0.21244633,-0.20394848,-2.4913,-59.7920,-0.20394848,-2.4913,-2.4913,-2.4913,-2.4913,-2.4913,-59.7920,-0.20394848,-12.4567,-11.4992,-49.8267,-50.7842,-0.16995706,-0.17322294,-0.00849785,11.2759,9.7699,-2.3955,-31.1417,-5.1903,146.5861,13.0000,11.2759,,9.708,11.326,12.944,16.18,16.9385,19.416,10.517,0.0,1.495542,1.714286,0.995571,10,7,3,2,1.00000000,-0.21244633,-0.21244633,0E-8,0.000000,0.866441,0.230769,,2026-07-21,2026-07-22,2,12,12,2,1.000000,,1.000000,3.333333,,,,,,,,GLOBAL_BASELINE_NO_ENTITY_RANKING,,,NOT_APPLICABLE_GLOBAL_BASELINE,HF9g-P5,,,,X 全窗基线 · 不参与实体赏罚,3922002,393,A168_HF9F_20260827_0900,2026-08-27 09:00:00
2026-07-22,153281232,1363,0,8.7372109075,8.7372109075,8.7372109075,1.0000000,1,1,0.50665070000000000,0.506650700000,0.9867858985152569,0.9867858985152569,0.9867858985152569,0E-17,ELIGIBLE,R03b_20260811_FULL_v1,L1_ELIGIBILITY,v2026-08-11,2026-03-21..2026-08-06,baccarat_bet02_101_all_pairs_incl_sentinel,round_win = game_pnl > 0 (decisive only),COMPATIBILITY_ONLY_NOT_PRODUCTION,293.1723,254.0166,-62.2834,26,26,0.21244633,0.21244633,,0.21244633,62.2834,293.1723,THIN_EXPOSURE,0.0000,-2.4913,4.0000,96.0000,AG03-UNRESOLVED,ALL5_LEVELS_bet23_to_bet27,-2.4913,-2.4913,-2.4913,-2.4913,-2.4913,4.000000,4.000000,4.000000,4.000000,4.000000,96.000000,96.000000,96.000000,96.000000,96.000000,5.0,-12.4567,-11.4992,-49.8267,-50.7842,PENDING_AG03,FALSE,NOT_FOR_ENFORCEMENT,-59.7920,243.8559,-62.2834,-59.7920,-2.4913,-0.21244633,-0.20394848,-2.4913,-59.7920,-0.20394848,-2.4913,-2.4913,-2.4913,-2.4913,-2.4913,-59.7920,-0.20394848,-12.4567,-11.4992,-49.8267,-50.7842,-0.16995706,-0.17322294,-0.00849785,11.2759,9.7699,-2.3955,-31.1417,-5.1903,146.5861,13.0000,11.2759,,9.708,11.326,12.944,16.18,16.9385,19.416,10.517,0.0,1.495542,1.714286,0.995571,10,7,3,2,1.00000000,-0.21244633,-0.21244633,0E-8,0.000000,0.866441,0.230769,,2026-07-21,2026-07-22,2,12,12,2,1.000000,,1.000000,3.333333,,,,,,,,GLOBAL_BASELINE_NO_ENTITY_RANKING,,,NOT_APPLICABLE_GLOBAL_BASELINE,HF9g-P5,,,,X 全窗基线 · 不参与实体赏罚,3922003,393,A168_HF9F_20260827_0900,2026-08-27 09:00:00
2026-07-22,153281232,2251,0,33.9780424182,-8.0900100996,-8.0900100996,0.3333333,3,3,0.49324550000000000,0.493245500000,-0.5540025479526107,-0.5540025479526106,-0.5540025479526107,0E-17,ELIGIBLE,R03b_20260811_FULL_v1,L1_ELIGIBILITY,v2026-08-11,2026-03-21..2026-08-06,baccarat_bet02_101_all_pairs_incl_sentinel,round_win = game_pnl > 0 (decisive only),COMPATIBILITY_ONLY_NOT_PRODUCTION,293.1723,254.0166,-62.2834,26,26,0.21244633,0.21244633,,0.21244633,62.2834,293.1723,THIN_EXPOSURE,0.0000,-2.4913,4.0000,96.0000,AG03-UNRESOLVED,ALL5_LEVELS_bet23_to_bet27,-2.4913,-2.4913,-2.4913,-2.4913,-2.4913,4.000000,4.000000,4.000000,4.000000,4.000000,96.000000,96.000000,96.000000,96.000000,96.000000,5.0,-12.4567,-11.4992,-49.8267,-50.7842,PENDING_AG03,FALSE,NOT_FOR_ENFORCEMENT,-59.7920,243.8559,-62.2834,-59.7920,-2.4913,-0.21244633,-0.20394848,-2.4913,-59.7920,-0.20394848,-2.4913,-2.4913,-2.4913,-2.4913,-2.4913,-59.7920,-0.20394848,-12.4567,-11.4992,-49.8267,-50.7842,-0.16995706,-0.17322294,-0.00849785,11.2759,9.7699,-2.3955,-31.1417,-5.1903,146.5861,13.0000,11.2759,,9.708,11.326,12.944,16.18,16.9385,19.416,10.517,0.0,1.495542,1.714286,0.995571,10,7,3,2,1.00000000,-0.21244633,-0.21244633,0E-8,0.000000,0.866441,0.230769,,2026-07-21,2026-07-22,2,12,12,2,1.000000,,1.000000,3.333333,,,,,,,,GLOBAL_BASELINE_NO_ENTITY_RANKING,,,NOT_APPLICABLE_GLOBAL_BASELINE,HF9g-P5,,,,X 全窗基线 · 不参与实体赏罚,3922004,393,A168_HF9F_20260827_0900,2026-08-27 09:00:00
2026-07-22,153281232,2252,0,33.9780424182,3.2360040398,3.2360040398,0.5000000,3,3,0.50218230000000000,0.502182300000,-0.00617253530718887,-0.00617253530718887,-0.00617253530718887,0E-17,ELIGIBLE,R03b_20260811_FULL_v1,L1_ELIGIBILITY,v2026-08-11,2026-03-21..2026-08-06,baccarat_bet02_101_all_pairs_incl_sentinel,round_win = game_pnl > 0 (decisive only),COMPATIBILITY_ONLY_NOT_PRODUCTION,293.1723,254.0166,-62.2834,26,26,0.21244633,0.21244633,,0.21244633,62.2834,293.1723,THIN_EXPOSURE,0.0000,-2.4913,4.0000,96.0000,AG03-UNRESOLVED,ALL5_LEVELS_bet23_to_bet27,-2.4913,-2.4913,-2.4913,-2.4913,-2.4913,4.000000,4.000000,4.000000,4.000000,4.000000,96.000000,96.000000,96.000000,96.000000,96.000000,5.0,-12.4567,-11.4992,-49.8267,-50.7842,PENDING_AG03,FALSE,NOT_FOR_ENFORCEMENT,-59.7920,243.8559,-62.2834,-59.7920,-2.4913,-0.21244633,-0.20394848,-2.4913,-59.7920,-0.20394848,-2.4913,-2.4913,-2.4913,-2.4913,-2.4913,-59.7920,-0.20394848,-12.4567,-11.4992,-49.8267,-50.7842,-0.16995706,-0.17322294,-0.00849785,11.2759,9.7699,-2.3955,-31.1417,-5.1903,146.5861,13.0000,11.2759,,9.708,11.326,12.944,16.18,16.9385,19.416,10.517,0.0,1.495542,1.714286,0.995571,10,7,3,2,1.00000000,-0.21244633,-0.21244633,0E-8,0.000000,0.866441,0.230769,,2026-07-21,2026-07-22,2,12,12,2,1.000000,,1.000000,3.333333,,,,,,,,GLOBAL_BASELINE_NO_ENTITY_RANKING,,,NOT_APPLICABLE_GLOBAL_BASELINE,HF9g-P5,,,,X 全窗基线 · 不参与实体赏罚,3922005,393,A168_HF9F_20260827_0900,2026-08-27 09:00:00
2026-08-04,153818809,-1,1,93.4175978938,62.2783985958,62.2783985958,1.0000000,6,2,0.42406073333141889,0.216506433333,1.6481218320356128,2.6902789431323586,1.6481218320356128,0.20755429999841889,SENTINEL_DEALER,R03b_20260811_FULL_v1,L1_ELIGIBILITY,v2026-08-11,2026-03-21..2026-08-06,baccarat_bet02_101_all_pairs_incl_sentinel,round_win = game_pnl > 0 (decisive only),COMPATIBILITY_ONLY_NOT_PRODUCTION,93.4176,93.4176,-62.2784,6,2,0.66666667,0.66666667,,0.66666667,62.2784,93.4176,THIN_EXPOSURE,0.0000,-2.4911,4.0000,96.0000,AG03-UNRESOLVED,ALL5_LEVELS_bet23_to_bet27,-2.4911,-2.4911,-3.1139,-3.1139,-3.1139,4.000000,4.000000,5.000000,5.000000,5.000000,96.000000,96.000000,95.000000,95.000000,95.000000,5.0,-14.3240,-13.0687,-47.9544,-49.2097,PENDING_AG03,FALSE,NOT_FOR_ENFORCEMENT,-59.7873,89.6809,-62.2784,-59.7873,-2.4911,-0.66666667,-0.64000000,-2.4911,-59.7873,-0.64000000,-2.4911,-2.4911,-3.1139,-3.1139,-3.1139,-59.7873,-0.64000000,-14.3240,-13.0687,-47.9544,-49.2097,-0.51333333,-0.5267712,-0.02666667,15.5696,46.7088,-31.1392,-62.2784,-31.1392,93.4176,2.0000,15.5696,,0.7077,7.0771,7.0771,64.4015,70.7709,70.7709,7.0771,-0.7077,10.0,10.0,2.2,2,1,1,3,1.00000000,-0.66666667,-0.66666667,0E-8,0.000000,1.000000,0.000000,,2026-08-04,2026-08-04,1,2,2,1,1.000000,,1.000000,3.333333,,,,,,,,GLOBAL_BASELINE_NO_ENTITY_RANKING,,,NOT_APPLICABLE_GLOBAL_BASELINE,HF9g-P5,,,,X 全窗基线 · 不参与实体赏罚,3922006,393,A168_HF9F_20260827_0900,2026-08-27 09:00:00
2026-03-31,148017468,970,0,313.3475524661,62.2745345867,62.2745345867,0.5714286,8,8,0.49994810000000000,0.499948100000,0.37823910403297295,0.37823910403297295,0.37823910403297295,0E-17,ELIGIBLE,R03b_20260811_FULL_v1,L1_ELIGIBILITY,v2026-08-11,2026-03-21..2026-08-06,baccarat_bet02_101_all_pairs_incl_sentinel,round_win = game_pnl > 0 (decisive only),COMPATIBILITY_ONLY_NOT_PRODUCTION,313.3476,284.3827,-62.2745,8,8,0.19873950,,0.19873950,0.19873950,62.2745,313.3476,THIN_EXPOSURE,0.0000,-2.4910,4.0000,96.0000,AG03-UNRESOLVED,ALL5_LEVELS_bet23_to_bet27,-2.4910,-2.4910,-2.4910,-3.1137,-3.1137,4.000000,4.000000,4.000000,5.000000,5.000000,96.000000,96.000000,96.000000,95.000000,95.000000,5.0,-13.7004,-12.5499,-48.5741,-49.7246,PENDING_AG03,FALSE,NOT_FOR_ENFORCEMENT,-59.7836,273.0073,-62.2745,-59.7836,-2.4910,-0.19873950,-0.19078992,-2.4910,-59.7836,-0.19078992,-2.4910,-2.4910,-2.4910,-3.1137,-3.1137,-59.7836,-0.19078992,-13.7004,-12.5499,-48.5741,-49.7246,-0.15501681,-0.15868837,-0.00794958,39.1684,35.5478,-7.7843,-62.2745,-62.2745,313.3476,8.0000,,39.1684,27.6483,34.2312,47.3971,63.7228,68.4625,68.4625,34.2312,12.5076,2.0,2.0,1.144231,1,1,1,2,0E-8,-0.19873950,,0E-8,0.000000,0.907563,0.000000,,2026-03-31,2026-03-31,1,1,1,1,1.000000,,,0.000000,,,,,,,,GLOBAL_BASELINE_NO_ENTITY_RANKING,,,NOT_APPLICABLE_GLOBAL_BASELINE,HF9g-P5,,,,X 全窗基线 · 不参与实体赏罚,3922007,393,A168_HF9F_20260827_0900,2026-08-27 09:00:00
2026-05-01,149409980,1704,0,58.8173511185,7.2366348075,7.2366348075,0.6666667,6,6,0.49994810000000000,0.499948100000,0.8167508423630434,0.8167508423630434,0.8167508423630434,0E-17,ELIGIBLE,R03b_20260811_FULL_v1,L1_ELIGIBILITY,v2026-08-11,2026-03-21..2026-08-06,baccarat_bet02_101_all_pairs_incl_sentinel,round_win = game_pnl > 0 (decisive only),COMPATIBILITY_ONLY_NOT_PRODUCTION,207.9613,195.3576,-62.2729,16,16,0.29944444,,0.29944444,0.29944444,62.2729,207.9613,THIN_EXPOSURE,0.0000,-2.4909,4.0000,96.0000,AG03-UNRESOLVED,ALL5_LEVELS_bet23_to_bet27,-2.4909,-2.4909,-2.4909,-2.4909,-2.4909,4.000000,4.000000,4.000000,4.000000,4.000000,96.000000,96.000000,96.000000,96.000000,96.000000,5.0,-12.4546,-11.4973,-49.8183,-50.7756,PENDING_AG03,FALSE,NOT_FOR_ENFORCEMENT,-59.7820,187.5433,-62.2729,-59.7820,-2.4909,-0.29944444,-0.28746667,-2.4909,-59.7820,-0.28746667,-2.4909,-2.4909,-2.4909,-2.4909,-2.4909,-59.7820,-0.28746667,-12.4546,-11.4973,-49.8183,-50.7756,-0.23955556,-0.24415882,-0.01197778,12.9976,12.2099,-3.8921,-62.2729,-62.2729,207.9613,16.0000,,12.9976,9.3478,12.6037,15.7546,20.7961,21.0062,21.0062,12.6037,7.9824,1.666667,1.666667,1.03125,1,2,1,2,0E-8,-0.29944444,,0E-8,0.000000,0.939394,0.062500,,2026-05-01,2026-05-01,1,1,1,1,1.000000,,,0.000000,,,,,,,,GLOBAL_BASELINE_NO_ENTITY_RANKING,,,NOT_APPLICABLE_GLOBAL_BASELINE,HF9g-P5,,,,X 全窗基线 · 不参与实体赏罚,3922008,393,A168_HF9F_20260827_0900,2026-08-27 09:00:00
2026-05-01,149409980,1947,0,149.1439974792,55.0362356896,55.0362356896,0.6666667,10,10,0.49994810000000000,0.499948100000,1.0003114053888977,1.0003114053888977,1.0003114053888977,0E-17,ELIGIBLE,R03b_20260811_FULL_v1,L1_ELIGIBILITY,v2026-08-11,2026-03-21..2026-08-06,baccarat_bet02_101_all_pairs_incl_sentinel,round_win = game_pnl > 0 (decisive only),COMPATIBILITY_ONLY_NOT_PRODUCTION,207.9613,195.3576,-62.2729,16,16,0.29944444,,0.29944444,0.29944444,62.2729,207.9613,THIN_EXPOSURE,0.0000,-2.4909,4.0000,96.0000,AG03-UNRESOLVED,ALL5_LEVELS_bet23_to_bet27,-2.4909,-2.4909,-2.4909,-2.4909,-2.4909,4.000000,4.000000,4.000000,4.000000,4.000000,96.000000,96.000000,96.000000,96.000000,96.000000,5.0,-12.4546,-11.4973,-49.8183,-50.7756,PENDING_AG03,FALSE,NOT_FOR_ENFORCEMENT,-59.7820,187.5433,-62.2729,-59.7820,-2.4909,-0.29944444,-0.28746667,-2.4909,-59.7820,-0.28746667,-2.4909,-2.4909,-2.4909,-2.4909,-2.4909,-59.7820,-0.28746667,-12.4546,-11.4973,-49.8183,-50.7756,-0.23955556,-0.24415882,-0.01197778,12.9976,12.2099,-3.8921,-62.2729,-62.2729,207.9613,16.0000,,12.9976,9.3478,12.6037,15.7546,20.7961,21.0062,21.0062,12.6037,7.9824,1.666667,1.666667,1.03125,1,2,1,2,0E-8,-0.29944444,,0E-8,0.000000,0.939394,0.062500,,2026-05-01,2026-05-01,1,1,1,1,1.000000,,,0.000000,,,,,,,,GLOBAL_BASELINE_NO_ENTITY_RANKING,,,NOT_APPLICABLE_GLOBAL_BASELINE,HF9g-P5,,,,X 全窗基线 · 不参与实体赏罚,3922009,393,A168_HF9F_20260827_0900,2026-08-27 09:00:00
2026-05-21,138071513,1306,0,16.8049574624,-8.6125406995,-8.6125406995,0.3333333,3,3,0.50665070000000000,0.506650700000,-0.6004420894325239,-0.6004420894325239,-0.6004420894325239,0E-17,ELIGIBLE,R03b_20260811_FULL_v1,L1_ELIGIBILITY,v2026-08-11,2026-03-21..2026-08-06,baccarat_bet02_101_all_pairs_incl_sentinel,round_win = game_pnl > 0 (decisive only),COMPATIBILITY_ONLY_NOT_PRODUCTION,245.9183,214.7611,-62.2728,18,18,0.25322571,-0.64220183,0.34129812,0.25322571,62.2728,245.9183,THIN_EXPOSURE,0.0000,-2.4909,4.0000,96.0000,AG03-UNRESOLVED,ALL5_LEVELS_bet23_to_bet27,-2.4909,-2.4909,-2.4909,-3.7364,-3.7364,4.000000,4.000000,4.000000,6.000000,6.000000,96.000000,96.000000,96.000000,94.000000,94.000000,5.0,-14.9455,-13.5909,-47.3274,-48.682,PENDING_AG03,FALSE,NOT_FOR_ENFORCEMENT,-59.7819,206.1707,-62.2728,-59.7819,-2.4909,-0.25322571,-0.24309668,-2.4909,-59.7819,-0.24309668,-2.4909,-2.4909,-2.4909,-3.7364,-3.7364,-59.7819,-0.24309668,-14.9455,-13.5909,-47.3274,-48.682,-0.19245154,-0.19795989,-0.01012903,13.6621,11.9312,-3.4596,-12.4546,-6.9192,49.1837,3.6000,7.3407,14.9264,9.8998,10.3857,20.7715,20.7715,33.6082,42.166,10.3857,0.0,3.236001,4.06,1.315472,8,9,6,2,0.08954999,-0.25322571,0.64220183,0E-8,0.000000,0.873303,0.000000,-0.98349995,2026-05-21,2026-08-05,5,9,9,77,0.064935,0.491790,0.537300,0.298500,,,,,,,,GLOBAL_BASELINE_NO_ENTITY_RANKING,,,NOT_APPLICABLE_GLOBAL_BASELINE,HF9g-P5,,,,X 全窗基线 · 不参与实体赏罚,3922010,393,A168_HF9F_20260827_0900,2026-08-27 09:00:00
2026-06-03,138071513,2115,0,20.7714517168,-0.5192862929,-0.5192862929,0.5000000,2,2,0.50665070000000000,0.506650700000,-0.018812684590367487,-0.018812684590367487,-0.018812684590367487,0E-17,ELIGIBLE,R03b_20260811_FULL_v1,L1_ELIGIBILITY,v2026-08-11,2026-03-21..2026-08-06,baccarat_bet02_101_all_pairs_incl_sentinel,round_win = game_pnl > 0 (decisive only),COMPATIBILITY_ONLY_NOT_PRODUCTION,245.9183,214.7611,-62.2728,18,18,0.25322571,-0.64220183,0.34129812,0.25322571,62.2728,245.9183,THIN_EXPOSURE,0.0000,-2.4909,4.0000,96.0000,AG03-UNRESOLVED,ALL5_LEVELS_bet23_to_bet27,-2.4909,-2.4909,-2.4909,-3.7364,-3.7364,4.000000,4.000000,4.000000,6.000000,6.000000,96.000000,96.000000,96.000000,94.000000,94.000000,5.0,-14.9455,-13.5909,-47.3274,-48.682,PENDING_AG03,FALSE,NOT_FOR_ENFORCEMENT,-59.7819,206.1707,-62.2728,-59.7819,-2.4909,-0.25322571,-0.24309668,-2.4909,-59.7819,-0.24309668,-2.4909,-2.4909,-2.4909,-3.7364,-3.7364,-59.7819,-0.24309668,-14.9455,-13.5909,-47.3274,-48.682,-0.19245154,-0.19795989,-0.01012903,13.6621,11.9312,-3.4596,-12.4546,-6.9192,49.1837,3.6000,7.3407,14.9264,9.8998,10.3857,20.7715,20.7715,33.6082,42.166,10.3857,0.0,3.236001,4.06,1.315472,8,9,6,2,0.08954999,-0.25322571,0.64220183,0E-8,0.000000,0.873303,0.000000,-0.98349995,2026-05-21,2026-08-05,5,9,9,77,0.064935,0.491790,0.537300,0.298500,,,,,,,,GLOBAL_BASELINE_NO_ENTITY_RANKING,,,NOT_APPLICABLE_GLOBAL_BASELINE,HF9g-P5,,,,X 全窗基线 · 不参与实体赏罚,3922011,393,A168_HF9F_20260827_0900,2026-08-27 09:00:00
2026-06-22,138071513,-1,1,12.4628710301,-12.4628710301,-12.4628710301,0E-7,1,1,0.50665070000000000,0.506650700000,-1.013391052207602,-1.013391052207602,-1.013391052207602,0E-17,SENTINEL_DEALER,R03b_20260811_FULL_v1,L1_ELIGIBILITY,v2026-08-11,2026-03-21..2026-08-06,baccarat_bet02_101_all_pairs_incl_sentinel,round_win = game_pnl > 0 (decisive only),COMPATIBILITY_ONLY_NOT_PRODUCTION,245.9183,214.7611,-62.2728,18,18,0.25322571,-0.64220183,0.34129812,0.25322571,62.2728,245.9183,THIN_EXPOSURE,0.0000,-2.4909,4.0000,96.0000,AG03-UNRESOLVED,ALL5_LEVELS_bet23_to_bet27,-2.4909,-2.4909,-2.4909,-3.7364,-3.7364,4.000000,4.000000,4.000000,6.000000,6.000000,96.000000,96.000000,96.000000,94.000000,94.000000,5.0,-14.9455,-13.5909,-47.3274,-48.682,PENDING_AG03,FALSE,NOT_FOR_ENFORCEMENT,-59.7819,206.1707,-62.2728,-59.7819,-2.4909,-0.25322571,-0.24309668,-2.4909,-59.7819,-0.24309668,-2.4909,-2.4909,-2.4909,-3.7364,-3.7364,-59.7819,-0.24309668,-14.9455,-13.5909,-47.3274,-48.682,-0.19245154,-0.19795989,-0.01012903,13.6621,11.9312,-3.4596,-12.4546,-6.9192,49.1837,3.6000,7.3407,14.9264,9.8998,10.3857,20.7715,20.7715,33.6082,42.166,10.3857,0.0,3.236001,4.06,1.315472,8,9,6,2,0.08954999,-0.25322571,0.64220183,0E-8,0.000000,0.873303,0.000000,-0.98349995,2026-05-21,2026-08-05,5,9,9,77,0.064935,0.491790,0.537300,0.298500,,,,,,,,GLOBAL_BASELINE_NO_ENTITY_RANKING,,,NOT_APPLICABLE_GLOBAL_BASELINE,HF9g-P5,,,,X 全窗基线 · 不参与实体赏罚,3922012,393,A168_HF9F_20260827_0900,2026-08-27 09:00:00
2026-06-22,138071513,1363,0,17.4480194421,17.4480194421,17.4480194421,1.0000000,1,1,0.49324550000000000,0.493245500000,1.01360149184955,1.01360149184955,1.01360149184955,0E-17,ELIGIBLE,R03b_20260811_FULL_v1,L1_ELIGIBILITY,v2026-08-11,2026-03-21..2026-08-06,baccarat_bet02_101_all_pairs_incl_sentinel,round_win = game_pnl > 0 (decisive only),COMPATIBILITY_ONLY_NOT_PRODUCTION,245.9183,214.7611,-62.2728,18,18,0.25322571,-0.64220183,0.34129812,0.25322571,62.2728,245.9183,THIN_EXPOSURE,0.0000,-2.4909,4.0000,96.0000,AG03-UNRESOLVED,ALL5_LEVELS_bet23_to_bet27,-2.4909,-2.4909,-2.4909,-3.7364,-3.7364,4.000000,4.000000,4.000000,6.000000,6.000000,96.000000,96.000000,96.000000,94.000000,94.000000,5.0,-14.9455,-13.5909,-47.3274,-48.682,PENDING_AG03,FALSE,NOT_FOR_ENFORCEMENT,-59.7819,206.1707,-62.2728,-59.7819,-2.4909,-0.25322571,-0.24309668,-2.4909,-59.7819,-0.24309668,-2.4909,-2.4909,-2.4909,-3.7364,-3.7364,-59.7819,-0.24309668,-14.9455,-13.5909,-47.3274,-48.682,-0.19245154,-0.19795989,-0.01012903,13.6621,11.9312,-3.4596,-12.4546,-6.9192,49.1837,3.6000,7.3407,14.9264,9.8998,10.3857,20.7715,20.7715,33.6082,42.166,10.3857,0.0,3.236001,4.06,1.315472,8,9,6,2,0.08954999,-0.25322571,0.64220183,0E-8,0.000000,0.873303,0.000000,-0.98349995,2026-05-21,2026-08-05,5,9,9,77,0.064935,0.491790,0.537300,0.298500,,,,,,,,GLOBAL_BASELINE_NO_ENTITY_RANKING,,,NOT_APPLICABLE_GLOBAL_BASELINE,HF9g-P5,,,,X 全窗基线 · 不参与实体赏罚,3922013,393,A168_HF9F_20260827_0900,2026-08-27 09:00:00
2026-06-22,138071513,2224,0,20.7714517168,20.7714517168,20.7714517168,1.0000000,1,1,0.49324550000000000,0.493245500000,1.01360149184955,1.01360149184955,1.01360149184955,0E-17,ELIGIBLE,R03b_20260811_FULL_v1,L1_ELIGIBILITY,v2026-08-11,2026-03-21..2026-08-06,baccarat_bet02_101_all_pairs_incl_sentinel,round_win = game_pnl > 0 (decisive only),COMPATIBILITY_ONLY_NOT_PRODUCTION,245.9183,214.7611,-62.2728,18,18,0.25322571,-0.64220183,0.34129812,0.25322571,62.2728,245.9183,THIN_EXPOSURE,0.0000,-2.4909,4.0000,96.0000,AG03-UNRESOLVED,ALL5_LEVELS_bet23_to_bet27,-2.4909,-2.4909,-2.4909,-3.7364,-3.7364,4.000000,4.000000,4.000000,6.000000,6.000000,96.000000,96.000000,96.000000,94.000000,94.000000,5.0,-14.9455,-13.5909,-47.3274,-48.682,PENDING_AG03,FALSE,NOT_FOR_ENFORCEMENT,-59.7819,206.1707,-62.2728,-59.7819,-2.4909,-0.25322571,-0.24309668,-2.4909,-59.7819,-0.24309668,-2.4909,-2.4909,-2.4909,-3.7364,-3.7364,-59.7819,-0.24309668,-14.9455,-13.5909,-47.3274,-48.682,-0.19245154,-0.19795989,-0.01012903,13.6621,11.9312,-3.4596,-12.4546,-6.9192,49.1837,3.6000,7.3407,14.9264,9.8998,10.3857,20.7715,20.7715,33.6082,42.166,10.3857,0.0,3.236001,4.06,1.315472,8,9,6,2,0.08954999,-0.25322571,0.64220183,0E-8,0.000000,0.873303,0.000000,-0.98349995,2026-05-21,2026-08-05,5,9,9,77,0.064935,0.491790,0.537300,0.298500,,,,,,,,GLOBAL_BASELINE_NO_ENTITY_RANKING,,,NOT_APPLICABLE_GLOBAL_BASELINE,HF9g-P5,,,,X 全窗基线 · 不参与实体赏罚,3922014,393,A168_HF9F_20260827_0900,2026-08-27 09:00:00
2026-06-22,138071513,2234,0,41.5429034336,20.7714517168,20.7714517168,1.0000000,2,2,0.49324550000000000,0.493245500000,1.01360149184955,1.01360149184955,1.01360149184955,0E-17,ELIGIBLE,R03b_20260811_FULL_v1,L1_ELIGIBILITY,v2026-08-11,2026-03-21..2026-08-06,baccarat_bet02_101_all_pairs_incl_sentinel,round_win = game_pnl > 0 (decisive only),COMPATIBILITY_ONLY_NOT_PRODUCTION,245.9183,214.7611,-62.2728,18,18,0.25322571,-0.64220183,0.34129812,0.25322571,62.2728,245.9183,THIN_EXPOSURE,0.0000,-2.4909,4.0000,96.0000,AG03-UNRESOLVED,ALL5_LEVELS_bet23_to_bet27,-2.4909,-2.4909,-2.4909,-3.7364,-3.7364,4.000000,4.000000,4.000000,6.000000,6.000000,96.000000,96.000000,96.000000,94.000000,94.000000,5.0,-14.9455,-13.5909,-47.3274,-48.682,PENDING_AG03,FALSE,NOT_FOR_ENFORCEMENT,-59.7819,206.1707,-62.2728,-59.7819,-2.4909,-0.25322571,-0.24309668,-2.4909,-59.7819,-0.24309668,-2.4909,-2.4909,-2.4909,-3.7364,-3.7364,-59.7819,-0.24309668,-14.9455,-13.5909,-47.3274,-48.682,-0.19245154,-0.19795989,-0.01012903,13.6621,11.9312,-3.4596,-12.4546,-6.9192,49.1837,3.6000,7.3407,14.9264,9.8998,10.3857,20.7715,20.7715,33.6082,42.166,10.3857,0.0,3.236001,4.06,1.315472,8,9,6,2,0.08954999,-0.25322571,0.64220183,0E-8,0.000000,0.873303,0.000000,-0.98349995,2026-05-21,2026-08-05,5,9,9,77,0.064935,0.491790,0.537300,0.298500,,,,,,,,GLOBAL_BASELINE_NO_ENTITY_RANKING,,,NOT_APPLICABLE_GLOBAL_BASELINE,HF9g-P5,,,,X 全窗基线 · 不参与实体赏罚,3922015,393,A168_HF9F_20260827_0900,2026-08-27 09:00:00
2026-06-22,138071513,994,0,62.9374987018,59.7906237667,59.7906237667,1.0000000,2,2,0.50665070000000000,0.506650700000,1.3955260008387969,1.3955260008387969,1.3955260008387969,0E-17,ELIGIBLE,R03b_20260811_FULL_v1,L1_ELIGIBILITY,v2026-08-11,2026-03-21..2026-08-06,baccarat_bet02_101_all_pairs_incl_sentinel,round_win = game_pnl > 0 (decisive only),COMPATIBILITY_ONLY_NOT_PRODUCTION,245.9183,214.7611,-62.2728,18,18,0.25322571,-0.64220183,0.34129812,0.25322571,62.2728,245.9183,THIN_EXPOSURE,0.0000,-2.4909,4.0000,96.0000,AG03-UNRESOLVED,ALL5_LEVELS_bet23_to_bet27,-2.4909,-2.4909,-2.4909,-3.7364,-3.7364,4.000000,4.000000,4.000000,6.000000,6.000000,96.000000,96.000000,96.000000,94.000000,94.000000,5.0,-14.9455,-13.5909,-47.3274,-48.682,PENDING_AG03,FALSE,NOT_FOR_ENFORCEMENT,-59.7819,206.1707,-62.2728,-59.7819,-2.4909,-0.25322571,-0.24309668,-2.4909,-59.7819,-0.24309668,-2.4909,-2.4909,-2.4909,-3.7364,-3.7364,-59.7819,-0.24309668,-14.9455,-13.5909,-47.3274,-48.682,-0.19245154,-0.19795989,-0.01012903,13.6621,11.9312,-3.4596,-12.4546,-6.9192,49.1837,3.6000,7.3407,14.9264,9.8998,10.3857,20.7715,20.7715,33.6082,42.166,10.3857,0.0,3.236001,4.06,1.315472,8,9,6,2,0.08954999,-0.25322571,0.64220183,0E-8,0.000000,0.873303,0.000000,-0.98349995,2026-05-21,2026-08-05,5,9,9,77,0.064935,0.491790,0.537300,0.298500,,,,,,,,GLOBAL_BASELINE_NO_ENTITY_RANKING,,,NOT_APPLICABLE_GLOBAL_BASELINE,HF9g-P5,,,,X 全窗基线 · 不参与实体赏罚,3922016,393,A168_HF9F_20260827_0900,2026-08-27 09:00:00
2026-06-25,138071513,2246,0,31.1571775752,-20.7714517168,-20.7714517168,0E-7,3,3,0.49771390000000000,0.497713900000,-1.4077622098436522,-1.4077622098436524,-1.4077622098436522,0E-17,ELIGIBLE,R03b_20260811_FULL_v1,L1_ELIGIBILITY,v2026-08-11,2026-03-21..2026-08-06,baccarat_bet02_101_all_pairs_incl_sentinel,round_win = game_pnl > 0 (decisive only),COMPATIBILITY_ONLY_NOT_PRODUCTION,245.9183,214.7611,-62.2728,18,18,0.25322571,-0.64220183,0.34129812,0.25322571,62.2728,245.9183,THIN_EXPOSURE,0.0000,-2.4909,4.0000,96.0000,AG03-UNRESOLVED,ALL5_LEVELS_bet23_to_bet27,-2.4909,-2.4909,-2.4909,-3.7364,-3.7364,4.000000,4.000000,4.000000,6.000000,6.000000,96.000000,96.000000,96.000000,94.000000,94.000000,5.0,-14.9455,-13.5909,-47.3274,-48.682,PENDING_AG03,FALSE,NOT_FOR_ENFORCEMENT,-59.7819,206.1707,-62.2728,-59.7819,-2.4909,-0.25322571,-0.24309668,-2.4909,-59.7819,-0.24309668,-2.4909,-2.4909,-2.4909,-3.7364,-3.7364,-59.7819,-0.24309668,-14.9455,-13.5909,-47.3274,-48.682,-0.19245154,-0.19795989,-0.01012903,13.6621,11.9312,-3.4596,-12.4546,-6.9192,49.1837,3.6000,7.3407,14.9264,9.8998,10.3857,20.7715,20.7715,33.6082,42.166,10.3857,0.0,3.236001,4.06,1.315472,8,9,6,2,0.08954999,-0.25322571,0.64220183,0E-8,0.000000,0.873303,0.000000,-0.98349995,2026-05-21,2026-08-05,5,9,9,77,0.064935,0.491790,0.537300,0.298500,,,,,,,,GLOBAL_BASELINE_NO_ENTITY_RANKING,,,NOT_APPLICABLE_GLOBAL_BASELINE,HF9g-P5,,,,X 全窗基线 · 不参与实体赏罚,3922017,393,A168_HF9F_20260827_0900,2026-08-27 09:00:00
2026-08-05,138071513,970,0,22.0219815743,-14.1425569743,-14.1425569743,0.3333333,3,3,0.50665070000000000,0.506650700000,-0.6004420894325239,-0.6004420894325239,-0.6004420894325239,0E-17,ELIGIBLE,R03b_20260811_FULL_v1,L1_ELIGIBILITY,v2026-08-11,2026-03-21..2026-08-06,baccarat_bet02_101_all_pairs_incl_sentinel,round_win = game_pnl > 0 (decisive only),COMPATIBILITY_ONLY_NOT_PRODUCTION,245.9183,214.7611,-62.2728,18,18,0.25322571,-0.64220183,0.34129812,0.25322571,62.2728,245.9183,THIN_EXPOSURE,0.0000,-2.4909,4.0000,96.0000,AG03-UNRESOLVED,ALL5_LEVELS_bet23_to_bet27,-2.4909,-2.4909,-2.4909,-3.7364,-3.7364,4.000000,4.000000,4.000000,6.000000,6.000000,96.000000,96.000000,96.000000,94.000000,94.000000,5.0,-14.9455,-13.5909,-47.3274,-48.682,PENDING_AG03,FALSE,NOT_FOR_ENFORCEMENT,-59.7819,206.1707,-62.2728,-59.7819,-2.4909,-0.25322571,-0.24309668,-2.4909,-59.7819,-0.24309668,-2.4909,-2.4909,-2.4909,-3.7364,-3.7364,-59.7819,-0.24309668,-14.9455,-13.5909,-47.3274,-48.682,-0.19245154,-0.19795989,-0.01012903,13.6621,11.9312,-3.4596,-12.4546,-6.9192,49.1837,3.6000,7.3407,14.9264,9.8998,10.3857,20.7715,20.7715,33.6082,42.166,10.3857,0.0,3.236001,4.06,1.315472,8,9,6,2,0.08954999,-0.25322571,0.64220183,0E-8,0.000000,0.873303,0.000000,-0.98349995,2026-05-21,2026-08-05,5,9,9,77,0.064935,0.491790,0.537300,0.298500,,,,,,,,GLOBAL_BASELINE_NO_ENTITY_RANKING,,,NOT_APPLICABLE_GLOBAL_BASELINE,HF9g-P5,,,,X 全窗基线 · 不参与实体赏罚,3922018,393,A168_HF9F_20260827_0900,2026-08-27 09:00:00
2026-03-25,139541475,1654,0,118.2294546700,61.6294072728,61.6294072728,0.6000000,5,5,0.49860758000000000,0.498607580000,0.4534424453485946,0.4534424453485946,0.4534424453485946,0E-17,ELIGIBLE,R03b_20260811_FULL_v1,L1_ELIGIBILITY,v2026-08-11,2026-03-21..2026-08-06,baccarat_bet02_101_all_pairs_incl_sentinel,round_win = game_pnl > 0 (decisive only),COMPATIBILITY_ONLY_NOT_PRODUCTION,118.2295,118.2295,-61.6294,5,5,0.52126949,,0.52126949,0.52126949,61.6294,118.2295,THIN_EXPOSURE,0.0000,-1.8489,3.0000,97.0000,AG03-UNRESOLVED,ALL5_LEVELS_bet23_to_bet27,-1.8489,-1.8489,-1.8489,-2.4652,-2.4652,3.000000,3.000000,3.000000,4.000000,4.000000,97.000000,97.000000,97.000000,96.000000,96.000000,5.0,-10.4770,-9.7917,-51.1524,-51.8377,PENDING_AG03,FALSE,NOT_FOR_ENFORCEMENT,-59.7805,114.6826,-61.6294,-59.7805,-1.8489,-0.52126949,-0.50563140,-1.8489,-59.7805,-0.50563140,-1.8489,-1.8489,-1.8489,-2.4652,-2.4652,-59.7805,-0.50563140,-10.4770,-9.7917,-51.1524,-51.8377,-0.43265367,-0.4384499,-0.01563808,23.6459,23.6459,-12.3259,-61.6294,-61.6294,118.2295,5.0000,,23.6459,13.1659,13.1659,26.2659,65.566,65.566,65.566,13.1659,12.5076,4.98,4.98,1.796,1,1,1,2,0E-8,-0.52126949,,0E-8,0.000000,1.000000,0.000000,,2026-03-25,2026-03-25,1,1,1,1,1.000000,,,0.000000,,,,,,,,GLOBAL_BASELINE_NO_ENTITY_RANKING,,,NOT_APPLICABLE_GLOBAL_BASELINE,HF9g-P5,,,,X 全窗基线 · 不参与实体赏罚,3922019,393,A168_HF9F_20260827_0900,2026-08-27 09:00:00
2026-05-19,150290385,1957,0,7.7837164652,62.2697317212,62.2697317212,1.0000000,1,1,0.09460280000000000,0.094602800000,3.0936243558399505,3.0936243558399505,3.0936243558399505,0E-17,ELIGIBLE,R03b_20260811_FULL_v1,L1_ELIGIBILITY,v2026-08-11,2026-03-21..2026-08-06,baccarat_bet02_101_all_pairs_incl_sentinel,round_win = game_pnl > 0 (decisive only),COMPATIBILITY_ONLY_NOT_PRODUCTION,7.7837,7.7837,-62.2697,1,1,8.00000000,,8.00000000,8.00000000,62.2697,7.7837,THIN_EXPOSURE,0.0000,-2.4908,4.0000,96.0000,AG03-UNRESOLVED,ALL5_LEVELS_bet23_to_bet27,-2.4908,-2.4908,-2.4908,-3.1135,-3.1135,4.000000,4.000000,4.000000,5.000000,5.000000,96.000000,96.000000,96.000000,95.000000,95.000000,5.0,-13.6993,-12.549,-48.5704,-49.7208,PENDING_AG03,FALSE,NOT_FOR_ENFORCEMENT,-59.7789,7.4724,-62.2697,-59.7789,-2.4908,-8.00000000,-7.68000000,-2.4908,-59.7789,-7.68000000,-2.4908,-2.4908,-2.4908,-3.1135,-3.1135,-59.7789,-7.68000000,-13.6993,-12.549,-48.5704,-49.7208,-6.24000000,-6.38779392,-0.32000000,7.7837,7.7837,-62.2697,-62.2697,-62.2697,7.7837,1.0000,,7.7837,7.7837,7.7837,7.7837,7.7837,7.7837,7.7837,7.7837,62.2697,1.0,1.0,1.0,1,1,1,1,0E-8,-8.00000000,,0E-8,0.000000,1.000000,0.000000,,2026-05-19,2026-05-19,1,1,1,1,1.000000,,,0.000000,,,,,,,,GLOBAL_BASELINE_NO_ENTITY_RANKING,,,NOT_APPLICABLE_GLOBAL_BASELINE,HF9g-P5,,,,X 全窗基线 · 不参与实体赏罚,3922020,393,A168_HF9F_20260827_0900,2026-08-27 09:00:00
2026-05-10,149849027,2101,0,7.7837164652,-7.7837164652,-7.7837164652,0E-7,1,1,0.07471040000000000,0.074710400000,-0.2841526367669771,-0.2841526367669771,-0.2841526367669771,0E-17,ELIGIBLE,R03b_20260811_FULL_v1,L1_ELIGIBILITY,v2026-08-11,2026-03-21..2026-08-06,baccarat_bet02_101_all_pairs_incl_sentinel,round_win = game_pnl > 0 (decisive only),COMPATIBILITY_ONLY_NOT_PRODUCTION,46.7023,46.7023,-62.2697,6,4,1.33333333,,1.33333333,1.33333333,62.2697,46.7023,THIN_EXPOSURE,0.0000,-2.4908,4.0000,96.0000,AG03-UNRESOLVED,ALL5_LEVELS_bet23_to_bet27,-2.4908,-2.4908,-3.1135,-3.1135,-3.1135,4.000000,4.000000,5.000000,5.000000,5.000000,96.000000,96.000000,95.000000,95.000000,95.000000,5.0,-14.3220,-13.0669,-47.9477,-49.2029,PENDING_AG03,FALSE,NOT_FOR_ENFORCEMENT,-59.7789,44.8342,-62.2697,-59.7789,-2.4908,-1.33333333,-1.28000000,-2.4908,-59.7789,-1.28000000,-2.4908,-2.4908,-3.1135,-3.1135,-3.1135,-59.7789,-1.28000000,-14.3220,-13.0669,-47.9477,-49.2029,-1.02666667,-1.0535424,-0.05333333,7.7837,11.6756,-15.5674,-62.2697,-31.1349,46.7023,4.0000,,7.7837,7.7837,7.7837,7.7837,7.7837,7.7837,7.7837,7.7837,-7.7837,1.0,1.0,1.0,2,2,1,2,0E-8,-1.33333333,,0E-8,0.000000,1.000000,0.000000,,2026-05-10,2026-05-10,1,2,2,1,1.000000,,,0.000000,,,,,,,,GLOBAL_BASELINE_NO_ENTITY_RANKING,,,NOT_APPLICABLE_GLOBAL_BASELINE,HF9g-P5,,,,X 全窗基线 · 不参与实体赏罚,3922021,393,A168_HF9F_20260827_0900,2026-08-27 09:00:00
2026-05-10,149849027,2106,0,38.9185823260,70.0534481863,70.0534481863,0.5000000,5,3,0.21422210000000000,0.214222100000,0.9850575344314721,0.9850575344314724,0.9850575344314721,0E-17,ELIGIBLE,R03b_20260811_FULL_v1,L1_ELIGIBILITY,v2026-08-11,2026-03-21..2026-08-06,baccarat_bet02_101_all_pairs_incl_sentinel,round_win = game_pnl > 0 (decisive only),COMPATIBILITY_ONLY_NOT_PRODUCTION,46.7023,46.7023,-62.2697,6,4,1.33333333,,1.33333333,1.33333333,62.2697,46.7023,THIN_EXPOSURE,0.0000,-2.4908,4.0000,96.0000,AG03-UNRESOLVED,ALL5_LEVELS_bet23_to_bet27,-2.4908,-2.4908,-3.1135,-3.1135,-3.1135,4.000000,4.000000,5.000000,5.000000,5.000000,96.000000,96.000000,95.000000,95.000000,95.000000,5.0,-14.3220,-13.0669,-47.9477,-49.2029,PENDING_AG03,FALSE,NOT_FOR_ENFORCEMENT,-59.7789,44.8342,-62.2697,-59.7789,-2.4908,-1.33333333,-1.28000000,-2.4908,-59.7789,-1.28000000,-2.4908,-2.4908,-3.1135,-3.1135,-3.1135,-59.7789,-1.28000000,-14.3220,-13.0669,-47.9477,-49.2029,-1.02666667,-1.0535424,-0.05333333,7.7837,11.6756,-15.5674,-62.2697,-31.1349,46.7023,4.0000,,7.7837,7.7837,7.7837,7.7837,7.7837,7.7837,7.7837,7.7837,-7.7837,1.0,1.0,1.0,2,2,1,2,0E-8,-1.33333333,,0E-8,0.000000,1.000000,0.000000,,2026-05-10,2026-05-10,1,2,2,1,1.000000,,,0.000000,,,,,,,,GLOBAL_BASELINE_NO_ENTITY_RANKING,,,NOT_APPLICABLE_GLOBAL_BASELINE,HF9g-P5,,,,X 全窗基线 · 不参与实体赏罚,3922022,393,A168_HF9F_20260827_0900,2026-08-27 09:00:00
2026-05-27,149835595,1210,0,59.6751595663,62.2697317211,62.2697317211,0.6666667,8,7,0.40877957857142857,0.408779578571,1.2849490702030832,1.2849490702054265,1.2849490702030832,4.2857E-13,ELIGIBLE,R03b_20260811_FULL_v1,L1_ELIGIBILITY,v2026-08-11,2026-03-21..2026-08-06,baccarat_bet02_101_all_pairs_incl_sentinel,round_win = game_pnl > 0 (decisive only),COMPATIBILITY_ONLY_NOT_PRODUCTION,59.6752,57.0806,-62.2697,8,7,1.04347826,,1.04347826,1.04347826,62.2697,59.6752,THIN_EXPOSURE,0.0000,-2.4908,4.0000,96.0000,AG03-UNRESOLVED,ALL5_LEVELS_bet23_to_bet27,-2.4908,-2.4908,-3.1135,-3.1135,-3.1135,4.000000,4.000000,5.000000,5.000000,5.000000,96.000000,96.000000,95.000000,95.000000,95.000000,5.0,-14.3220,-13.0669,-47.9477,-49.2029,PENDING_AG03,FALSE,NOT_FOR_ENFORCEMENT,-59.7789,54.7974,-62.2697,-59.7789,-2.4908,-1.04347826,-1.00173913,-2.4908,-59.7789,-1.00173913,-2.4908,-2.4908,-3.1135,-3.1135,-3.1135,-59.7789,-1.00173913,-14.3220,-13.0669,-47.9477,-49.2029,-0.80347826,-0.82451144,-0.04173913,7.4594,8.1544,-8.8957,-62.2697,-62.2697,59.6752,7.0000,,7.4594,2.5946,5.1891,7.7837,21.2755,25.9457,25.9457,5.1891,2.5946,5.0,5.0,1.4375,1,1,1,3,0E-8,-1.04347826,,0E-8,0.000000,0.956522,0.000000,,2026-05-27,2026-05-27,1,1,1,1,1.000000,,,0.000000,,,,,,,,GLOBAL_BASELINE_NO_ENTITY_RANKING,,,NOT_APPLICABLE_GLOBAL_BASELINE,HF9g-P5,,,,X 全窗基线 · 不参与实体赏罚,3922023,393,A168_HF9F_20260827_0900,2026-08-27 09:00:00
2026-05-26,149831045,1330,0,41.5131544808,41.5131544808,41.5131544808,1.0000000,1,1,0.49324550000000000,0.493245500000,1.01360149184955,1.01360149184955,1.01360149184955,0E-17,ELIGIBLE,R03b_20260811_FULL_v1,L1_ELIGIBILITY,v2026-08-11,2026-03-21..2026-08-06,baccarat_bet02_101_all_pairs_incl_sentinel,round_win = game_pnl > 0 (decisive only),COMPATIBILITY_ONLY_NOT_PRODUCTION,62.2697,62.2697,-62.2697,2,2,1.00000000,,1.00000000,1.00000000,62.2697,62.2697,THIN_EXPOSURE,0.0000,-2.4908,4.0000,96.0000,AG03-UNRESOLVED,ALL5_LEVELS_bet23_to_bet27,-2.4908,-2.4908,-2.4908,-3.1135,-3.1135,4.000000,4.000000,4.000000,5.000000,5.000000,96.000000,96.000000,96.000000,95.000000,95.000000,5.0,-13.6993,-12.549,-48.5704,-49.7208,PENDING_AG03,FALSE,NOT_FOR_ENFORCEMENT,-59.7789,59.7789,-62.2697,-59.7789,-2.4908,-1.00000000,-0.96000000,-2.4908,-59.7789,-0.96000000,-2.4908,-2.4908,-2.4908,-3.1135,-3.1135,-59.7789,-0.96000000,-13.6993,-12.549,-48.5704,-49.7208,-0.78000000,-0.79847424,-0.04000000,31.1349,31.1349,-31.1349,-62.2697,-31.1349,62.2697,2.0000,,31.1349,20.7566,31.1349,41.5132,41.5132,41.5132,41.5132,31.1349,31.1349,1.333333,1.333333,1.0,2,2,1,1,0E-8,-1.00000000,,0E-8,0.000000,1.000000,1.000000,,2026-05-26,2026-05-26,1,2,2,1,1.000000,,,0.000000,,,,,,,,GLOBAL_BASELINE_NO_ENTITY_RANKING,,,NOT_APPLICABLE_GLOBAL_BASELINE,HF9g-P5,,,,X 全窗基线 · 不参与实体赏罚,3922024,393,A168_HF9F_20260827_0900,2026-08-27 09:00:00
2026-05-26,149831045,2142,0,20.7565772404,20.7565772404,20.7565772404,1.0000000,1,1,0.49324550000000000,0.493245500000,1.01360149184955,1.01360149184955,1.01360149184955,0E-17,ELIGIBLE,R03b_20260811_FULL_v1,L1_ELIGIBILITY,v2026-08-11,2026-03-21..2026-08-06,baccarat_bet02_101_all_pairs_incl_sentinel,round_win = game_pnl > 0 (decisive only),COMPATIBILITY_ONLY_NOT_PRODUCTION,62.2697,62.2697,-62.2697,2,2,1.00000000,,1.00000000,1.00000000,62.2697,62.2697,THIN_EXPOSURE,0.0000,-2.4908,4.0000,96.0000,AG03-UNRESOLVED,ALL5_LEVELS_bet23_to_bet27,-2.4908,-2.4908,-2.4908,-3.1135,-3.1135,4.000000,4.000000,4.000000,5.000000,5.000000,96.000000,96.000000,96.000000,95.000000,95.000000,5.0,-13.6993,-12.549,-48.5704,-49.7208,PENDING_AG03,FALSE,NOT_FOR_ENFORCEMENT,-59.7789,59.7789,-62.2697,-59.7789,-2.4908,-1.00000000,-0.96000000,-2.4908,-59.7789,-0.96000000,-2.4908,-2.4908,-2.4908,-3.1135,-3.1135,-59.7789,-0.96000000,-13.6993,-12.549,-48.5704,-49.7208,-0.78000000,-0.79847424,-0.04000000,31.1349,31.1349,-31.1349,-62.2697,-31.1349,62.2697,2.0000,,31.1349,20.7566,31.1349,41.5132,41.5132,41.5132,41.5132,31.1349,31.1349,1.333333,1.333333,1.0,2,2,1,1,0E-8,-1.00000000,,0E-8,0.000000,1.000000,1.000000,,2026-05-26,2026-05-26,1,2,2,1,1.000000,,,0.000000,,,,,,,,GLOBAL_BASELINE_NO_ENTITY_RANKING,,,NOT_APPLICABLE_GLOBAL_BASELINE,HF9g-P5,,,,X 全窗基线 · 不参与实体赏罚,3922025,393,A168_HF9F_20260827_0900,2026-08-27 09:00:00
2026-05-16,150098430,550,0,64.8643038763,62.2697317213,62.2697317213,1.0000000,3,3,0.50218230000000000,0.502182300000,1.724507524396475,1.7245075243964754,1.724507524396475,0E-17,ELIGIBLE,R03b_20260811_FULL_v1,L1_ELIGIBILITY,v2026-08-11,2026-03-21..2026-08-06,baccarat_bet02_101_all_pairs_incl_sentinel,round_win = game_pnl > 0 (decisive only),COMPATIBILITY_ONLY_NOT_PRODUCTION,64.8643,64.8643,-62.2697,3,3,0.96000000,,0.96000000,0.96000000,62.2697,64.8643,THIN_EXPOSURE,0.0000,-2.4908,4.0000,96.0000,AG03-UNRESOLVED,ALL5_LEVELS_bet23_to_bet27,-2.4908,-2.4908,-2.4908,-3.1135,-3.1135,4.000000,4.000000,4.000000,5.000000,5.000000,96.000000,96.000000,96.000000,95.000000,95.000000,5.0,-13.6993,-12.549,-48.5704,-49.7208,PENDING_AG03,FALSE,NOT_FOR_ENFORCEMENT,-59.7789,62.2697,-62.2697,-59.7789,-2.4908,-0.96000000,-0.92160000,-2.4908,-59.7789,-0.92160000,-2.4908,-2.4908,-2.4908,-3.1135,-3.1135,-59.7789,-0.92160000,-13.6993,-12.549,-48.5704,-49.7208,-0.74880000,-0.76653527,-0.03840000,21.6214,21.6214,-20.7566,-62.2697,-62.2697,64.8643,3.0000,,21.6214,16.2161,25.9457,25.9457,25.9457,25.9457,25.9457,25.9457,24.6484,1.0,1.0,0.833333,1,1,1,2,0E-8,-0.96000000,,0E-8,0.000000,1.000000,0.000000,,2026-05-16,2026-05-16,1,1,1,1,1.000000,,,0.000000,,,,,,,,GLOBAL_BASELINE_NO_ENTITY_RANKING,,,NOT_APPLICABLE_GLOBAL_BASELINE,HF9g-P5,,,,X 全窗基线 · 不参与实体赏罚,3922026,393,A168_HF9F_20260827_0900,2026-08-27 09:00:00
2026-05-30,150755408,1307,0,31.1348658606,31.1348658606,31.1348658606,1.0000000,1,1,0.49324550000000000,0.493245500000,1.01360149184955,1.01360149184955,1.01360149184955,0E-17,ELIGIBLE,R03b_20260811_FULL_v1,L1_ELIGIBILITY,v2026-08-11,2026-03-21..2026-08-06,baccarat_bet02_101_all_pairs_incl_sentinel,round_win = game_pnl > 0 (decisive only),COMPATIBILITY_ONLY_NOT_PRODUCTION,67.4589,62.2697,-62.2697,3,3,0.92307692,,0.92307692,0.92307692,62.2697,67.4589,THIN_EXPOSURE,0.0000,-2.4908,4.0000,96.0000,AG03-UNRESOLVED,ALL5_LEVELS_bet23_to_bet27,-2.4908,-2.4908,-2.4908,-3.1135,-3.1135,4.000000,4.000000,4.000000,5.000000,5.000000,96.000000,96.000000,96.000000,95.000000,95.000000,5.0,-13.6993,-12.549,-48.5704,-49.7208,PENDING_AG03,FALSE,NOT_FOR_ENFORCEMENT,-59.7789,59.7789,-62.2697,-59.7789,-2.4908,-0.92307692,-0.88615385,-2.4908,-59.7789,-0.88615385,-2.4908,-2.4908,-2.4908,-3.1135,-3.1135,-59.7789,-0.88615385,-13.6993,-12.549,-48.5704,-49.7208,-0.72000000,-0.73705314,-0.03692308,22.4863,20.7566,-20.7566,-62.2697,-20.7566,67.4589,3.0000,,22.4863,11.6756,31.1349,31.1349,31.1349,31.1349,31.1349,31.1349,31.1349,1.0,1.0,0.722222,3,3,1,1,0E-8,-0.92307692,,0E-8,0.000000,0.923077,0.000000,,2026-05-30,2026-05-30,1,3,3,1,1.000000,,,0.000000,,,,,,,,GLOBAL_BASELINE_NO_ENTITY_RANKING,,,NOT_APPLICABLE_GLOBAL_BASELINE,HF9g-P5,,,,X 全窗基线 · 不参与实体赏罚,3922027,393,A168_HF9F_20260827_0900,2026-08-27 09:00:00
2026-05-30,150755408,1994,0,31.1348658606,31.1348658606,31.1348658606,1.0000000,1,1,0.49324550000000000,0.493245500000,1.01360149184955,1.01360149184955,1.01360149184955,0E-17,ELIGIBLE,R03b_20260811_FULL_v1,L1_ELIGIBILITY,v2026-08-11,2026-03-21..2026-08-06,baccarat_bet02_101_all_pairs_incl_sentinel,round_win = game_pnl > 0 (decisive only),COMPATIBILITY_ONLY_NOT_PRODUCTION,67.4589,62.2697,-62.2697,3,3,0.92307692,,0.92307692,0.92307692,62.2697,67.4589,THIN_EXPOSURE,0.0000,-2.4908,4.0000,96.0000,AG03-UNRESOLVED,ALL5_LEVELS_bet23_to_bet27,-2.4908,-2.4908,-2.4908,-3.1135,-3.1135,4.000000,4.000000,4.000000,5.000000,5.000000,96.000000,96.000000,96.000000,95.000000,95.000000,5.0,-13.6993,-12.549,-48.5704,-49.7208,PENDING_AG03,FALSE,NOT_FOR_ENFORCEMENT,-59.7789,59.7789,-62.2697,-59.7789,-2.4908,-0.92307692,-0.88615385,-2.4908,-59.7789,-0.88615385,-2.4908,-2.4908,-2.4908,-3.1135,-3.1135,-59.7789,-0.88615385,-13.6993,-12.549,-48.5704,-49.7208,-0.72000000,-0.73705314,-0.03692308,22.4863,20.7566,-20.7566,-62.2697,-20.7566,67.4589,3.0000,,22.4863,11.6756,31.1349,31.1349,31.1349,31.1349,31.1349,31.1349,31.1349,1.0,1.0,0.722222,3,3,1,1,0E-8,-0.92307692,,0E-8,0.000000,0.923077,0.000000,,2026-05-30,2026-05-30,1,3,3,1,1.000000,,,0.000000,,,,,,,,GLOBAL_BASELINE_NO_ENTITY_RANKING,,,NOT_APPLICABLE_GLOBAL_BASELINE,HF9g-P5,,,,X 全窗基线 · 不参与实体赏罚,3922028,393,A168_HF9F_20260827_0900,2026-08-27 09:00:00
2026-05-30,150755408,2101,0,5.1891443101,0E-10,0E-10,,1,1,0.49324550000000000,0.493245500000,,,,0E-17,NO_DECISIVE_ROUND,R03b_20260811_FULL_v1,L1_ELIGIBILITY,v2026-08-11,2026-03-21..2026-08-06,baccarat_bet02_101_all_pairs_incl_sentinel,round_win = game_pnl > 0 (decisive only),COMPATIBILITY_ONLY_NOT_PRODUCTION,67.4589,62.2697,-62.2697,3,3,0.92307692,,0.92307692,0.92307692,62.2697,67.4589,THIN_EXPOSURE,0.0000,-2.4908,4.0000,96.0000,AG03-UNRESOLVED,ALL5_LEVELS_bet23_to_bet27,-2.4908,-2.4908,-2.4908,-3.1135,-3.1135,4.000000,4.000000,4.000000,5.000000,5.000000,96.000000,96.000000,96.000000,95.000000,95.000000,5.0,-13.6993,-12.549,-48.5704,-49.7208,PENDING_AG03,FALSE,NOT_FOR_ENFORCEMENT,-59.7789,59.7789,-62.2697,-59.7789,-2.4908,-0.92307692,-0.88615385,-2.4908,-59.7789,-0.88615385,-2.4908,-2.4908,-2.4908,-3.1135,-3.1135,-59.7789,-0.88615385,-13.6993,-12.549,-48.5704,-49.7208,-0.72000000,-0.73705314,-0.03692308,22.4863,20.7566,-20.7566,-62.2697,-20.7566,67.4589,3.0000,,22.4863,11.6756,31.1349,31.1349,31.1349,31.1349,31.1349,31.1349,31.1349,1.0,1.0,0.722222,3,3,1,1,0E-8,-0.92307692,,0E-8,0.000000,0.923077,0.000000,,2026-05-30,2026-05-30,1,3,3,1,1.000000,,,0.000000,,,,,,,,GLOBAL_BASELINE_NO_ENTITY_RANKING,,,NOT_APPLICABLE_GLOBAL_BASELINE,HF9g-P5,,,,X 全窗基线 · 不参与实体赏罚,3922029,393,A168_HF9F_20260827_0900,2026-08-27 09:00:00
2026-05-05,149595270,2142,0,68.4967048934,62.2697317212,62.2697317212,1.0000000,2,1,0.44794519318158010,0.293924150000,1.1101423167456244,1.549915577879723,1.1101423167456244,0.15402104318158010,ELIGIBLE,R03b_20260811_FULL_v1,L1_ELIGIBILITY,v2026-08-11,2026-03-21..2026-08-06,baccarat_bet02_101_all_pairs_incl_sentinel,round_win = game_pnl > 0 (decisive only),COMPATIBILITY_ONLY_NOT_PRODUCTION,68.4967,7.7837,-62.2697,2,1,0.90909091,,0.90909091,0.90909091,62.2697,68.4967,THIN_EXPOSURE,0.0000,-2.4908,4.0000,96.0000,AG03-UNRESOLVED,ALL5_LEVELS_bet23_to_bet27,-2.4908,-2.4908,-3.1135,-3.1135,-3.1135,4.000000,4.000000,5.000000,5.000000,5.000000,96.000000,96.000000,95.000000,95.000000,95.000000,5.0,-14.3220,-13.0669,-47.9477,-49.2029,PENDING_AG03,FALSE,NOT_FOR_ENFORCEMENT,-59.7789,7.4724,-62.2697,-59.7789,-2.4908,-0.90909091,-0.87272727,-2.4908,-59.7789,-0.87272727,-2.4908,-2.4908,-3.1135,-3.1135,-3.1135,-59.7789,-0.87272727,-14.3220,-13.0669,-47.9477,-49.2029,-0.70000000,-0.71832436,-0.03636364,34.2484,7.7837,-62.2697,-62.2697,-62.2697,68.4967,1.0000,,34.2484,7.7837,34.2484,60.713,60.713,60.713,60.713,3.8919,31.1349,1.772727,1.772727,1.0,1,1,1,2,0E-8,-0.90909091,,0E-8,0.000000,0.113636,0.000000,,2026-05-05,2026-05-05,1,1,1,1,1.000000,,,0.000000,,,,,,,,GLOBAL_BASELINE_NO_ENTITY_RANKING,,,NOT_APPLICABLE_GLOBAL_BASELINE,HF9g-P5,,,,X 全窗基线 · 不参与实体赏罚,3922030,393,A168_HF9F_20260827_0900,2026-08-27 09:00:00
2026-05-10,149840662,1325,0,70.0534481865,62.2697317212,62.2697317212,0.5000000,3,3,0.49324550000000000,0.493245500000,0.01910635448239258,0.01910635448239258,0.01910635448239258,0E-17,ELIGIBLE,R03b_20260811_FULL_v1,L1_ELIGIBILITY,v2026-08-11,2026-03-21..2026-08-06,baccarat_bet02_101_all_pairs_incl_sentinel,round_win = game_pnl > 0 (decisive only),COMPATIBILITY_ONLY_NOT_PRODUCTION,70.0534,67.4589,-62.2697,3,3,0.88888889,,0.88888889,0.88888889,62.2697,70.0534,THIN_EXPOSURE,0.0000,-2.4908,4.0000,96.0000,AG03-UNRESOLVED,ALL5_LEVELS_bet23_to_bet27,-2.4908,-2.4908,-3.1135,-3.1135,-3.1135,4.000000,4.000000,5.000000,5.000000,5.000000,96.000000,96.000000,95.000000,95.000000,95.000000,5.0,-14.3220,-13.0669,-47.9477,-49.2029,PENDING_AG03,FALSE,NOT_FOR_ENFORCEMENT,-59.7789,64.7605,-62.2697,-59.7789,-2.4908,-0.88888889,-0.85333333,-2.4908,-59.7789,-0.85333333,-2.4908,-2.4908,-3.1135,-3.1135,-3.1135,-59.7789,-0.85333333,-14.3220,-13.0669,-47.9477,-49.2029,-0.68444444,-0.7023616,-0.03555556,23.3511,22.4863,-20.7566,-62.2697,-62.2697,70.0534,3.0000,,23.3511,2.5946,2.5946,49.2969,64.8643,64.8643,64.8643,2.5946,0.0,25.000001,25.000001,9.0,1,1,1,1,0E-8,-0.88888889,,0E-8,0.000000,0.962963,0.000000,,2026-05-10,2026-05-10,1,1,1,1,1.000000,,,0.000000,,,,,,,,GLOBAL_BASELINE_NO_ENTITY_RANKING,,,NOT_APPLICABLE_GLOBAL_BASELINE,HF9g-P5,,,,X 全窗基线 · 不参与实体赏罚,3922031,393,A168_HF9F_20260827_0900,2026-08-27 09:00:00
2026-05-17,150198992,-1,1,85.6208811174,62.2697317208,62.2697317208,0.6666667,18,6,0.34133662166507562,0.211699000000,1.6806473570742086,2.7280398925089164,1.6806473570742086,0.12963762166507562,SENTINEL_DEALER,R03b_20260811_FULL_v1,L1_ELIGIBILITY,v2026-08-11,2026-03-21..2026-08-06,baccarat_bet02_101_all_pairs_incl_sentinel,round_win = game_pnl > 0 (decisive only),COMPATIBILITY_ONLY_NOT_PRODUCTION,85.6209,77.8372,-62.2697,18,6,0.72727273,,0.72727273,0.72727273,62.2697,85.6209,THIN_EXPOSURE,0.0000,-2.4908,4.0000,96.0000,AG03-UNRESOLVED,ALL5_LEVELS_bet23_to_bet27,-2.4908,-2.4908,-2.4908,-2.4908,-2.4908,4.000000,4.000000,4.000000,4.000000,4.000000,96.000000,96.000000,96.000000,96.000000,96.000000,5.0,-12.4539,-11.4967,-49.8158,-50.773,PENDING_AG03,FALSE,NOT_FOR_ENFORCEMENT,-59.7789,74.7237,-62.2697,-59.7789,-2.4908,-0.72727273,-0.69818182,-2.4908,-59.7789,-0.69818182,-2.4908,-2.4908,-2.4908,-2.4908,-2.4908,-59.7789,-0.69818182,-12.4539,-11.4967,-49.8158,-50.773,-0.58181818,-0.59299833,-0.02909091,4.7567,12.9729,-10.3783,-62.2697,-62.2697,85.6209,6.0000,,4.7567,2.5946,2.5946,7.7837,10.3783,10.3783,10.3783,2.5946,-2.5946,4.0,4.0,1.833333,1,1,1,4,0E-8,-0.72727273,,0E-8,0.000000,0.909091,0.000000,,2026-05-17,2026-05-17,1,1,1,1,1.000000,,,0.000000,,,,,,,,GLOBAL_BASELINE_NO_ENTITY_RANKING,,,NOT_APPLICABLE_GLOBAL_BASELINE,HF9g-P5,,,,X 全窗基线 · 不参与实体赏罚,3922032,393,A168_HF9F_20260827_0900,2026-08-27 09:00:00
2026-05-01,149434355,2258,0,90.8100254268,62.2697317212,62.2697317212,0.6666667,3,3,0.50218230000000000,0.502182300000,0.5697959874915163,0.5697959874915164,0.5697959874915163,0E-17,ELIGIBLE,R03b_20260811_FULL_v1,L1_ELIGIBILITY,v2026-08-11,2026-03-21..2026-08-06,baccarat_bet02_101_all_pairs_incl_sentinel,round_win = game_pnl > 0 (decisive only),COMPATIBILITY_ONLY_NOT_PRODUCTION,90.8100,90.8100,-62.2697,3,3,0.68571429,,0.68571429,0.68571429,62.2697,90.8100,THIN_EXPOSURE,0.0000,-2.4908,4.0000,96.0000,AG03-UNRESOLVED,ALL5_LEVELS_bet23_to_bet27,-2.4908,-2.4908,-2.4908,-3.1135,-3.1135,4.000000,4.000000,4.000000,5.000000,5.000000,96.000000,96.000000,96.000000,95.000000,95.000000,5.0,-13.6993,-12.549,-48.5704,-49.7208,PENDING_AG03,FALSE,NOT_FOR_ENFORCEMENT,-59.7789,87.1776,-62.2697,-59.7789,-2.4908,-0.68571429,-0.65828571,-2.4908,-59.7789,-0.65828571,-2.4908,-2.4908,-2.4908,-3.1135,-3.1135,-59.7789,-0.65828571,-13.6993,-12.549,-48.5704,-49.7208,-0.53485714,-0.54752519,-0.02742857,30.2700,30.2700,-20.7566,-62.2697,-62.2697,90.8100,3.0000,,30.2700,16.2161,25.9457,45.405,51.8914,51.8914,51.8914,25.9457,25.9457,2.0,2.0,1.166667,1,1,1,2,0E-8,-0.68571429,,0E-8,0.000000,1.000000,0.000000,,2026-05-01,2026-05-01,1,1,1,1,1.000000,,,0.000000,,,,,,,,GLOBAL_BASELINE_NO_ENTITY_RANKING,,,NOT_APPLICABLE_GLOBAL_BASELINE,HF9g-P5,,,,X 全窗基线 · 不参与实体赏罚,3922033,393,A168_HF9F_20260827_0900,2026-08-27 09:00:00
2026-05-15,39674707,-1,1,67.4588760314,36.9726532095,36.9726532095,1.0000000,3,3,0.50218230000000000,0.502182300000,1.4080544974538591,1.4080544974538591,1.4080544974538591,0E-17,SENTINEL_DEALER,R03b_20260811_FULL_v1,L1_ELIGIBILITY,v2026-08-11,2026-03-21..2026-08-06,baccarat_bet02_101_all_pairs_incl_sentinel,round_win = game_pnl > 0 (decisive only),COMPATIBILITY_ONLY_NOT_PRODUCTION,93.4046,64.8643,-62.2697,5,5,0.66666667,,0.66666667,0.66666667,62.2697,93.4046,THIN_EXPOSURE,0.0000,-2.4908,4.0000,96.0000,AG03-UNRESOLVED,ALL5_LEVELS_bet23_to_bet27,-2.4908,-2.4908,-3.1135,0.0000,0.0000,4.000000,4.000000,5.000000,0.000000,0.000000,96.000000,96.000000,95.000000,100.000000,100.000000,5.0,-8.0951,-7.7513,-54.1747,-54.5184,PENDING_AG03,FALSE,NOT_FOR_ENFORCEMENT,-59.7789,62.2697,-62.2697,-59.7789,-2.4908,-0.66666667,-0.64000000,-2.4908,-59.7789,-0.64000000,-2.4908,-2.4908,-3.1135,0.0000,0.0000,-59.7789,-0.64000000,-8.0951,-7.7513,-54.1747,-54.5184,-0.58000000,-0.58368,-0.02666667,18.6809,12.9729,-12.4539,-62.2697,-15.5674,93.4046,5.0000,,18.6809,12.9729,12.9729,26.5944,28.5403,28.5403,28.5403,12.9729,12.3242,2.2,2.2,1.44,4,2,1,2,0E-8,-0.66666667,,0E-8,0.000000,0.694444,0.000000,,2026-05-15,2026-05-15,1,4,4,1,1.000000,,,0.000000,,,,,,,,GLOBAL_BASELINE_NO_ENTITY_RANKING,,,NOT_APPLICABLE_GLOBAL_BASELINE,HF9g-P5,,,,X 全窗基线 · 不参与实体赏罚,3922034,393,A168_HF9F_20260827_0900,2026-08-27 09:00:00
2026-05-15,39674707,2170,0,25.9457215506,25.2970785118,25.2970785118,1.0000000,2,2,0.49994810000000000,0.499948100000,1.4143603653603398,1.4143603653603398,1.4143603653603398,0E-17,ELIGIBLE,R03b_20260811_FULL_v1,L1_ELIGIBILITY,v2026-08-11,2026-03-21..2026-08-06,baccarat_bet02_101_all_pairs_incl_sentinel,round_win = game_pnl > 0 (decisive only),COMPATIBILITY_ONLY_NOT_PRODUCTION,93.4046,64.8643,-62.2697,5,5,0.66666667,,0.66666667,0.66666667,62.2697,93.4046,THIN_EXPOSURE,0.0000,-2.4908,4.0000,96.0000,AG03-UNRESOLVED,ALL5_LEVELS_bet23_to_bet27,-2.4908,-2.4908,-3.1135,0.0000,0.0000,4.000000,4.000000,5.000000,0.000000,0.000000,96.000000,96.000000,95.000000,100.000000,100.000000,5.0,-8.0951,-7.7513,-54.1747,-54.5184,PENDING_AG03,FALSE,NOT_FOR_ENFORCEMENT,-59.7789,62.2697,-62.2697,-59.7789,-2.4908,-0.66666667,-0.64000000,-2.4908,-59.7789,-0.64000000,-2.4908,-2.4908,-3.1135,0.0000,0.0000,-59.7789,-0.64000000,-8.0951,-7.7513,-54.1747,-54.5184,-0.58000000,-0.58368,-0.02666667,18.6809,12.9729,-12.4539,-62.2697,-15.5674,93.4046,5.0000,,18.6809,12.9729,12.9729,26.5944,28.5403,28.5403,28.5403,12.9729,12.3242,2.2,2.2,1.44,4,2,1,2,0E-8,-0.66666667,,0E-8,0.000000,0.694444,0.000000,,2026-05-15,2026-05-15,1,4,4,1,1.000000,,,0.000000,,,,,,,,GLOBAL_BASELINE_NO_ENTITY_RANKING,,,NOT_APPLICABLE_GLOBAL_BASELINE,HF9g-P5,,,,X 全窗基线 · 不参与实体赏罚,3922035,393,A168_HF9F_20260827_0900,2026-08-27 09:00:00
2026-05-08,149756663,1384,0,142.7014685278,62.2697317212,62.2697317212,0.7500000,4,4,0.49994810000000000,0.499948100000,1.0002076053883384,1.0002076053883384,1.0002076053883384,0E-17,ELIGIBLE,R03b_20260811_FULL_v1,L1_ELIGIBILITY,v2026-08-11,2026-03-21..2026-08-06,baccarat_bet02_101_all_pairs_incl_sentinel,round_win = game_pnl > 0 (decisive only),COMPATIBILITY_ONLY_NOT_PRODUCTION,142.7015,142.7015,-62.2697,4,4,0.43636364,,0.43636364,0.43636364,62.2697,142.7015,THIN_EXPOSURE,0.0000,-2.4908,4.0000,96.0000,AG03-UNRESOLVED,ALL5_LEVELS_bet23_to_bet27,-2.4908,-2.4908,-2.4908,-3.1135,-3.1135,4.000000,4.000000,4.000000,5.000000,5.000000,96.000000,96.000000,96.000000,95.000000,95.000000,5.0,-13.6993,-12.549,-48.5704,-49.7208,PENDING_AG03,FALSE,NOT_FOR_ENFORCEMENT,-59.7789,136.9934,-62.2697,-59.7789,-2.4908,-0.43636364,-0.41890909,-2.4908,-59.7789,-0.41890909,-2.4908,-2.4908,-2.4908,-3.1135,-3.1135,-59.7789,-0.41890909,-13.6993,-12.549,-48.5704,-49.7208,-0.34036364,-0.34842512,-0.01745455,35.6754,35.6754,-15.5674,-62.2697,-62.2697,142.7015,4.0000,,35.6754,25.9457,32.4322,45.405,51.8914,51.8914,51.8914,32.4322,24.6484,1.6,1.6,1.1,1,1,1,2,0E-8,-0.43636364,,0E-8,0.000000,1.000000,0.000000,,2026-05-08,2026-05-08,1,1,1,1,1.000000,,,0.000000,,,,,,,,GLOBAL_BASELINE_NO_ENTITY_RANKING,,,NOT_APPLICABLE_GLOBAL_BASELINE,HF9g-P5,,,,X 全窗基线 · 不参与实体赏罚,3922036,393,A168_HF9F_20260827_0900,2026-08-27 09:00:00
2026-05-26,150000479,1330,0,51.8914431010,51.8914431010,51.8914431010,1.0000000,1,1,0.49324550000000000,0.493245500000,1.01360149184955,1.01360149184955,1.01360149184955,0E-17,ELIGIBLE,R03b_20260811_FULL_v1,L1_ELIGIBILITY,v2026-08-11,2026-03-21..2026-08-06,baccarat_bet02_101_all_pairs_incl_sentinel,round_win = game_pnl > 0 (decisive only),COMPATIBILITY_ONLY_NOT_PRODUCTION,142.7015,142.7015,-62.2697,3,3,0.43636364,,0.43636364,0.43636364,62.2697,142.7015,THIN_EXPOSURE,0.0000,-2.4908,4.0000,96.0000,AG03-UNRESOLVED,ALL5_LEVELS_bet23_to_bet27,-2.4908,-2.4908,-3.1135,-3.1135,-3.1135,4.000000,4.000000,5.000000,5.000000,5.000000,96.000000,96.000000,95.000000,95.000000,95.000000,5.0,-14.3220,-13.0669,-47.9477,-49.2029,PENDING_AG03,FALSE,NOT_FOR_ENFORCEMENT,-59.7789,136.9934,-62.2697,-59.7789,-2.4908,-0.43636364,-0.41890909,-2.4908,-59.7789,-0.41890909,-2.4908,-2.4908,-3.1135,-3.1135,-3.1135,-59.7789,-0.41890909,-14.3220,-13.0669,-47.9477,-49.2029,-0.33600000,-0.34479569,-0.01745455,47.5672,47.5672,-20.7566,-62.2697,-20.7566,142.7015,3.0000,,47.5672,42.1618,51.8914,51.8914,51.8914,51.8914,51.8914,51.8914,49.2969,1.0,1.0,0.916667,3,3,1,2,0E-8,-0.43636364,,0E-8,0.000000,1.000000,0.000000,,2026-05-26,2026-05-26,1,3,3,1,1.000000,,,0.000000,,,,,,,,GLOBAL_BASELINE_NO_ENTITY_RANKING,,,NOT_APPLICABLE_GLOBAL_BASELINE,HF9g-P5,,,,X 全窗基线 · 不参与实体赏罚,3922037,393,A168_HF9F_20260827_0900,2026-08-27 09:00:00
2026-05-26,150000479,1401,0,51.8914431010,49.2968709460,49.2968709460,1.0000000,1,1,0.50665070000000000,0.506650700000,0.9867858985152569,0.9867858985152569,0.9867858985152569,0E-17,ELIGIBLE,R03b_20260811_FULL_v1,L1_ELIGIBILITY,v2026-08-11,2026-03-21..2026-08-06,baccarat_bet02_101_all_pairs_incl_sentinel,round_win = game_pnl > 0 (decisive only),COMPATIBILITY_ONLY_NOT_PRODUCTION,142.7015,142.7015,-62.2697,3,3,0.43636364,,0.43636364,0.43636364,62.2697,142.7015,THIN_EXPOSURE,0.0000,-2.4908,4.0000,96.0000,AG03-UNRESOLVED,ALL5_LEVELS_bet23_to_bet27,-2.4908,-2.4908,-3.1135,-3.1135,-3.1135,4.000000,4.000000,5.000000,5.000000,5.000000,96.000000,96.000000,95.000000,95.000000,95.000000,5.0,-14.3220,-13.0669,-47.9477,-49.2029,PENDING_AG03,FALSE,NOT_FOR_ENFORCEMENT,-59.7789,136.9934,-62.2697,-59.7789,-2.4908,-0.43636364,-0.41890909,-2.4908,-59.7789,-0.41890909,-2.4908,-2.4908,-3.1135,-3.1135,-3.1135,-59.7789,-0.41890909,-14.3220,-13.0669,-47.9477,-49.2029,-0.33600000,-0.34479569,-0.01745455,47.5672,47.5672,-20.7566,-62.2697,-20.7566,142.7015,3.0000,,47.5672,42.1618,51.8914,51.8914,51.8914,51.8914,51.8914,51.8914,49.2969,1.0,1.0,0.916667,3,3,1,2,0E-8,-0.43636364,,0E-8,0.000000,1.000000,0.000000,,2026-05-26,2026-05-26,1,3,3,1,1.000000,,,0.000000,,,,,,,,GLOBAL_BASELINE_NO_ENTITY_RANKING,,,NOT_APPLICABLE_GLOBAL_BASELINE,HF9g-P5,,,,X 全窗基线 · 不参与实体赏罚,3922038,393,A168_HF9F_20260827_0900,2026-08-27 09:00:00
2026-05-26,150000479,2093,0,38.9185823258,-38.9185823258,-38.9185823258,0E-7,1,1,0.50665070000000000,0.506650700000,-1.013391052207602,-1.013391052207602,-1.013391052207602,0E-17,ELIGIBLE,R03b_20260811_FULL_v1,L1_ELIGIBILITY,v2026-08-11,2026-03-21..2026-08-06,baccarat_bet02_101_all_pairs_incl_sentinel,round_win = game_pnl > 0 (decisive only),COMPATIBILITY_ONLY_NOT_PRODUCTION,142.7015,142.7015,-62.2697,3,3,0.43636364,,0.43636364,0.43636364,62.2697,142.7015,THIN_EXPOSURE,0.0000,-2.4908,4.0000,96.0000,AG03-UNRESOLVED,ALL5_LEVELS_bet23_to_bet27,-2.4908,-2.4908,-3.1135,-3.1135,-3.1135,4.000000,4.000000,5.000000,5.000000,5.000000,96.000000,96.000000,95.000000,95.000000,95.000000,5.0,-14.3220,-13.0669,-47.9477,-49.2029,PENDING_AG03,FALSE,NOT_FOR_ENFORCEMENT,-59.7789,136.9934,-62.2697,-59.7789,-2.4908,-0.43636364,-0.41890909,-2.4908,-59.7789,-0.41890909,-2.4908,-2.4908,-3.1135,-3.1135,-3.1135,-59.7789,-0.41890909,-14.3220,-13.0669,-47.9477,-49.2029,-0.33600000,-0.34479569,-0.01745455,47.5672,47.5672,-20.7566,-62.2697,-20.7566,142.7015,3.0000,,47.5672,42.1618,51.8914,51.8914,51.8914,51.8914,51.8914,51.8914,49.2969,1.0,1.0,0.916667,3,3,1,2,0E-8,-0.43636364,,0E-8,0.000000,1.000000,0.000000,,2026-05-26,2026-05-26,1,3,3,1,1.000000,,,0.000000,,,,,,,,GLOBAL_BASELINE_NO_ENTITY_RANKING,,,NOT_APPLICABLE_GLOBAL_BASELINE,HF9g-P5,,,,X 全窗基线 · 不参与实体赏罚,3922039,393,A168_HF9F_20260827_0900,2026-08-27 09:00:00
2026-05-22,150403182,-1,1,38.9185823260,23.3511493956,23.3511493956,0.8000000,5,5,0.49324550000000000,0.493245500000,1.3719730223118614,1.3719730223118614,1.3719730223118614,0E-17,SENTINEL_DEALER,R03b_20260811_FULL_v1,L1_ELIGIBILITY,v2026-08-11,2026-03-21..2026-08-06,baccarat_bet02_101_all_pairs_incl_sentinel,round_win = game_pnl > 0 (decisive only),COMPATIBILITY_ONLY_NOT_PRODUCTION,163.4580,155.6743,-62.2697,21,21,0.38095238,,0.38095238,0.38095238,62.2697,163.4580,THIN_EXPOSURE,0.0000,-2.4908,4.0000,96.0000,AG03-UNRESOLVED,ALL5_LEVELS_bet23_to_bet27,-2.4908,-2.4908,-3.1135,-3.1135,-3.1135,4.000000,4.000000,5.000000,5.000000,5.000000,96.000000,96.000000,95.000000,95.000000,95.000000,5.0,-14.3220,-13.0669,-47.9477,-49.2029,PENDING_AG03,FALSE,NOT_FOR_ENFORCEMENT,-59.7789,149.4474,-62.2697,-59.7789,-2.4908,-0.38095238,-0.36571429,-2.4908,-59.7789,-0.36571429,-2.4908,-2.4908,-3.1135,-3.1135,-3.1135,-59.7789,-0.36571429,-14.3220,-13.0669,-47.9477,-49.2029,-0.29333333,-0.30101211,-0.01523810,7.7837,7.4131,-2.9652,-62.2697,-2.9652,163.4580,21.0000,,7.7837,7.7837,7.7837,7.7837,7.7837,7.7837,7.7837,7.7837,7.7837,1.0,1.0,1.0,21,17,1,1,0E-8,-0.38095238,,0E-8,0.000000,0.952381,0.000000,,2026-05-22,2026-05-22,1,21,21,1,1.000000,,,0.000000,,,,,,,,GLOBAL_BASELINE_NO_ENTITY_RANKING,,,NOT_APPLICABLE_GLOBAL_BASELINE,HF9g-P5,,,,X 全窗基线 · 不参与实体赏罚,3922040,393,A168_HF9F_20260827_0900,2026-08-27 09:00:00
2026-05-22,150403182,1304,0,7.7837164652,7.7837164652,7.7837164652,1.0000000,1,1,0.49324550000000000,0.493245500000,1.01360149184955,1.01360149184955,1.01360149184955,0E-17,ELIGIBLE,R03b_20260811_FULL_v1,L1_ELIGIBILITY,v2026-08-11,2026-03-21..2026-08-06,baccarat_bet02_101_all_pairs_incl_sentinel,round_win = game_pnl > 0 (decisive only),COMPATIBILITY_ONLY_NOT_PRODUCTION,163.4580,155.6743,-62.2697,21,21,0.38095238,,0.38095238,0.38095238,62.2697,163.4580,THIN_EXPOSURE,0.0000,-2.4908,4.0000,96.0000,AG03-UNRESOLVED,ALL5_LEVELS_bet23_to_bet27,-2.4908,-2.4908,-3.1135,-3.1135,-3.1135,4.000000,4.000000,5.000000,5.000000,5.000000,96.000000,96.000000,95.000000,95.000000,95.000000,5.0,-14.3220,-13.0669,-47.9477,-49.2029,PENDING_AG03,FALSE,NOT_FOR_ENFORCEMENT,-59.7789,149.4474,-62.2697,-59.7789,-2.4908,-0.38095238,-0.36571429,-2.4908,-59.7789,-0.36571429,-2.4908,-2.4908,-3.1135,-3.1135,-3.1135,-59.7789,-0.36571429,-14.3220,-13.0669,-47.9477,-49.2029,-0.29333333,-0.30101211,-0.01523810,7.7837,7.4131,-2.9652,-62.2697,-2.9652,163.4580,21.0000,,7.7837,7.7837,7.7837,7.7837,7.7837,7.7837,7.7837,7.7837,7.7837,1.0,1.0,1.0,21,17,1,1,0E-8,-0.38095238,,0E-8,0.000000,0.952381,0.000000,,2026-05-22,2026-05-22,1,21,21,1,1.000000,,,0.000000,,,,,,,,GLOBAL_BASELINE_NO_ENTITY_RANKING,,,NOT_APPLICABLE_GLOBAL_BASELINE,HF9g-P5,,,,X 全窗基线 · 不参与实体赏罚,3922041,393,A168_HF9F_20260827_0900,2026-08-27 09:00:00
2026-05-22,150403182,1374,0,7.7837164652,-7.7837164652,-7.7837164652,0E-7,1,1,0.49324550000000000,0.493245500000,-0.9865810262130424,-0.9865810262130424,-0.9865810262130424,0E-17,ELIGIBLE,R03b_20260811_FULL_v1,L1_ELIGIBILITY,v2026-08-11,2026-03-21..2026-08-06,baccarat_bet02_101_all_pairs_incl_sentinel,round_win = game_pnl > 0 (decisive only),COMPATIBILITY_ONLY_NOT_PRODUCTION,163.4580,155.6743,-62.2697,21,21,0.38095238,,0.38095238,0.38095238,62.2697,163.4580,THIN_EXPOSURE,0.0000,-2.4908,4.0000,96.0000,AG03-UNRESOLVED,ALL5_LEVELS_bet23_to_bet27,-2.4908,-2.4908,-3.1135,-3.1135,-3.1135,4.000000,4.000000,5.000000,5.000000,5.000000,96.000000,96.000000,95.000000,95.000000,95.000000,5.0,-14.3220,-13.0669,-47.9477,-49.2029,PENDING_AG03,FALSE,NOT_FOR_ENFORCEMENT,-59.7789,149.4474,-62.2697,-59.7789,-2.4908,-0.38095238,-0.36571429,-2.4908,-59.7789,-0.36571429,-2.4908,-2.4908,-3.1135,-3.1135,-3.1135,-59.7789,-0.36571429,-14.3220,-13.0669,-47.9477,-49.2029,-0.29333333,-0.30101211,-0.01523810,7.7837,7.4131,-2.9652,-62.2697,-2.9652,163.4580,21.0000,,7.7837,7.7837,7.7837,7.7837,7.7837,7.7837,7.7837,7.7837,7.7837,1.0,1.0,1.0,21,17,1,1,0E-8,-0.38095238,,0E-8,0.000000,0.952381,0.000000,,2026-05-22,2026-05-22,1,21,21,1,1.000000,,,0.000000,,,,,,,,GLOBAL_BASELINE_NO_ENTITY_RANKING,,,NOT_APPLICABLE_GLOBAL_BASELINE,HF9g-P5,,,,X 全窗基线 · 不参与实体赏罚,3922042,393,A168_HF9F_20260827_0900,2026-08-27 09:00:00
2026-05-22,150403182,1405,0,7.7837164652,0E-10,0E-10,,1,1,0.49324550000000000,0.493245500000,,,,0E-17,NO_DECISIVE_ROUND,R03b_20260811_FULL_v1,L1_ELIGIBILITY,v2026-08-11,2026-03-21..2026-08-06,baccarat_bet02_101_all_pairs_incl_sentinel,round_win = game_pnl > 0 (decisive only),COMPATIBILITY_ONLY_NOT_PRODUCTION,163.4580,155.6743,-62.2697,21,21,0.38095238,,0.38095238,0.38095238,62.2697,163.4580,THIN_EXPOSURE,0.0000,-2.4908,4.0000,96.0000,AG03-UNRESOLVED,ALL5_LEVELS_bet23_to_bet27,-2.4908,-2.4908,-3.1135,-3.1135,-3.1135,4.000000,4.000000,5.000000,5.000000,5.000000,96.000000,96.000000,95.000000,95.000000,95.000000,5.0,-14.3220,-13.0669,-47.9477,-49.2029,PENDING_AG03,FALSE,NOT_FOR_ENFORCEMENT,-59.7789,149.4474,-62.2697,-59.7789,-2.4908,-0.38095238,-0.36571429,-2.4908,-59.7789,-0.36571429,-2.4908,-2.4908,-3.1135,-3.1135,-3.1135,-59.7789,-0.36571429,-14.3220,-13.0669,-47.9477,-49.2029,-0.29333333,-0.30101211,-0.01523810,7.7837,7.4131,-2.9652,-62.2697,-2.9652,163.4580,21.0000,,7.7837,7.7837,7.7837,7.7837,7.7837,7.7837,7.7837,7.7837,7.7837,1.0,1.0,1.0,21,17,1,1,0E-8,-0.38095238,,0E-8,0.000000,0.952381,0.000000,,2026-05-22,2026-05-22,1,21,21,1,1.000000,,,0.000000,,,,,,,,GLOBAL_BASELINE_NO_ENTITY_RANKING,,,NOT_APPLICABLE_GLOBAL_BASELINE,HF9g-P5,,,,X 全窗基线 · 不参与实体赏罚,3922043,393,A168_HF9F_20260827_0900,2026-08-27 09:00:00
2026-05-22,150403182,1509,0,7.7837164652,7.7837164652,7.7837164652,1.0000000,1,1,0.49324550000000000,0.493245500000,1.01360149184955,1.01360149184955,1.01360149184955,0E-17,ELIGIBLE,R03b_20260811_FULL_v1,L1_ELIGIBILITY,v2026-08-11,2026-03-21..2026-08-06,baccarat_bet02_101_all_pairs_incl_sentinel,round_win = game_pnl > 0 (decisive only),COMPATIBILITY_ONLY_NOT_PRODUCTION,163.4580,155.6743,-62.2697,21,21,0.38095238,,0.38095238,0.38095238,62.2697,163.4580,THIN_EXPOSURE,0.0000,-2.4908,4.0000,96.0000,AG03-UNRESOLVED,ALL5_LEVELS_bet23_to_bet27,-2.4908,-2.4908,-3.1135,-3.1135,-3.1135,4.000000,4.000000,5.000000,5.000000,5.000000,96.000000,96.000000,95.000000,95.000000,95.000000,5.0,-14.3220,-13.0669,-47.9477,-49.2029,PENDING_AG03,FALSE,NOT_FOR_ENFORCEMENT,-59.7789,149.4474,-62.2697,-59.7789,-2.4908,-0.38095238,-0.36571429,-2.4908,-59.7789,-0.36571429,-2.4908,-2.4908,-3.1135,-3.1135,-3.1135,-59.7789,-0.36571429,-14.3220,-13.0669,-47.9477,-49.2029,-0.29333333,-0.30101211,-0.01523810,7.7837,7.4131,-2.9652,-62.2697,-2.9652,163.4580,21.0000,,7.7837,7.7837,7.7837,7.7837,7.7837,7.7837,7.7837,7.7837,7.7837,1.0,1.0,1.0,21,17,1,1,0E-8,-0.38095238,,0E-8,0.000000,0.952381,0.000000,,2026-05-22,2026-05-22,1,21,21,1,1.000000,,,0.000000,,,,,,,,GLOBAL_BASELINE_NO_ENTITY_RANKING,,,NOT_APPLICABLE_GLOBAL_BASELINE,HF9g-P5,,,,X 全窗基线 · 不参与实体赏罚,3922044,393,A168_HF9F_20260827_0900,2026-08-27 09:00:00
2026-05-22,150403182,1957,0,7.7837164652,7.7837164652,7.7837164652,1.0000000,1,1,0.49324550000000000,0.493245500000,1.01360149184955,1.01360149184955,1.01360149184955,0E-17,ELIGIBLE,R03b_20260811_FULL_v1,L1_ELIGIBILITY,v2026-08-11,2026-03-21..2026-08-06,baccarat_bet02_101_all_pairs_incl_sentinel,round_win = game_pnl > 0 (decisive only),COMPATIBILITY_ONLY_NOT_PRODUCTION,163.4580,155.6743,-62.2697,21,21,0.38095238,,0.38095238,0.38095238,62.2697,163.4580,THIN_EXPOSURE,0.0000,-2.4908,4.0000,96.0000,AG03-UNRESOLVED,ALL5_LEVELS_bet23_to_bet27,-2.4908,-2.4908,-3.1135,-3.1135,-3.1135,4.000000,4.000000,5.000000,5.000000,5.000000,96.000000,96.000000,95.000000,95.000000,95.000000,5.0,-14.3220,-13.0669,-47.9477,-49.2029,PENDING_AG03,FALSE,NOT_FOR_ENFORCEMENT,-59.7789,149.4474,-62.2697,-59.7789,-2.4908,-0.38095238,-0.36571429,-2.4908,-59.7789,-0.36571429,-2.4908,-2.4908,-3.1135,-3.1135,-3.1135,-59.7789,-0.36571429,-14.3220,-13.0669,-47.9477,-49.2029,-0.29333333,-0.30101211,-0.01523810,7.7837,7.4131,-2.9652,-62.2697,-2.9652,163.4580,21.0000,,7.7837,7.7837,7.7837,7.7837,7.7837,7.7837,7.7837,7.7837,7.7837,1.0,1.0,1.0,21,17,1,1,0E-8,-0.38095238,,0E-8,0.000000,0.952381,0.000000,,2026-05-22,2026-05-22,1,21,21,1,1.000000,,,0.000000,,,,,,,,GLOBAL_BASELINE_NO_ENTITY_RANKING,,,NOT_APPLICABLE_GLOBAL_BASELINE,HF9g-P5,,,,X 全窗基线 · 不参与实体赏罚,3922045,393,A168_HF9F_20260827_0900,2026-08-27 09:00:00
2026-05-22,150403182,1966,0,7.7837164652,7.7837164652,7.7837164652,1.0000000,1,1,0.49324550000000000,0.493245500000,1.01360149184955,1.01360149184955,1.01360149184955,0E-17,ELIGIBLE,R03b_20260811_FULL_v1,L1_ELIGIBILITY,v2026-08-11,2026-03-21..2026-08-06,baccarat_bet02_101_all_pairs_incl_sentinel,round_win = game_pnl > 0 (decisive only),COMPATIBILITY_ONLY_NOT_PRODUCTION,163.4580,155.6743,-62.2697,21,21,0.38095238,,0.38095238,0.38095238,62.2697,163.4580,THIN_EXPOSURE,0.0000,-2.4908,4.0000,96.0000,AG03-UNRESOLVED,ALL5_LEVELS_bet23_to_bet27,-2.4908,-2.4908,-3.1135,-3.1135,-3.1135,4.000000,4.000000,5.000000,5.000000,5.000000,96.000000,96.000000,95.000000,95.000000,95.000000,5.0,-14.3220,-13.0669,-47.9477,-49.2029,PENDING_AG03,FALSE,NOT_FOR_ENFORCEMENT,-59.7789,149.4474,-62.2697,-59.7789,-2.4908,-0.38095238,-0.36571429,-2.4908,-59.7789,-0.36571429,-2.4908,-2.4908,-3.1135,-3.1135,-3.1135,-59.7789,-0.36571429,-14.3220,-13.0669,-47.9477,-49.2029,-0.29333333,-0.30101211,-0.01523810,7.7837,7.4131,-2.9652,-62.2697,-2.9652,163.4580,21.0000,,7.7837,7.7837,7.7837,7.7837,7.7837,7.7837,7.7837,7.7837,7.7837,1.0,1.0,1.0,21,17,1,1,0E-8,-0.38095238,,0E-8,0.000000,0.952381,0.000000,,2026-05-22,2026-05-22,1,21,21,1,1.000000,,,0.000000,,,,,,,,GLOBAL_BASELINE_NO_ENTITY_RANKING,,,NOT_APPLICABLE_GLOBAL_BASELINE,HF9g-P5,,,,X 全窗基线 · 不参与实体赏罚,3922046,393,A168_HF9F_20260827_0900,2026-08-27 09:00:00
2026-05-22,150403182,2101,0,7.7837164652,7.7837164652,7.7837164652,1.0000000,1,1,0.49324550000000000,0.493245500000,1.01360149184955,1.01360149184955,1.01360149184955,0E-17,ELIGIBLE,R03b_20260811_FULL_v1,L1_ELIGIBILITY,v2026-08-11,2026-03-21..2026-08-06,baccarat_bet02_101_all_pairs_incl_sentinel,round_win = game_pnl > 0 (decisive only),COMPATIBILITY_ONLY_NOT_PRODUCTION,163.4580,155.6743,-62.2697,21,21,0.38095238,,0.38095238,0.38095238,62.2697,163.4580,THIN_EXPOSURE,0.0000,-2.4908,4.0000,96.0000,AG03-UNRESOLVED,ALL5_LEVELS_bet23_to_bet27,-2.4908,-2.4908,-3.1135,-3.1135,-3.1135,4.000000,4.000000,5.000000,5.000000,5.000000,96.000000,96.000000,95.000000,95.000000,95.000000,5.0,-14.3220,-13.0669,-47.9477,-49.2029,PENDING_AG03,FALSE,NOT_FOR_ENFORCEMENT,-59.7789,149.4474,-62.2697,-59.7789,-2.4908,-0.38095238,-0.36571429,-2.4908,-59.7789,-0.36571429,-2.4908,-2.4908,-3.1135,-3.1135,-3.1135,-59.7789,-0.36571429,-14.3220,-13.0669,-47.9477,-49.2029,-0.29333333,-0.30101211,-0.01523810,7.7837,7.4131,-2.9652,-62.2697,-2.9652,163.4580,21.0000,,7.7837,7.7837,7.7837,7.7837,7.7837,7.7837,7.7837,7.7837,7.7837,1.0,1.0,1.0,21,17,1,1,0E-8,-0.38095238,,0E-8,0.000000,0.952381,0.000000,,2026-05-22,2026-05-22,1,21,21,1,1.000000,,,0.000000,,,,,,,,GLOBAL_BASELINE_NO_ENTITY_RANKING,,,NOT_APPLICABLE_GLOBAL_BASELINE,HF9g-P5,,,,X 全窗基线 · 不参与实体赏罚,3922047,393,A168_HF9F_20260827_0900,2026-08-27 09:00:00
2026-05-22,150403182,2115,0,7.7837164652,-7.7837164652,-7.7837164652,0E-7,1,1,0.49324550000000000,0.493245500000,-0.9865810262130424,-0.9865810262130424,-0.9865810262130424,0E-17,ELIGIBLE,R03b_20260811_FULL_v1,L1_ELIGIBILITY,v2026-08-11,2026-03-21..2026-08-06,baccarat_bet02_101_all_pairs_incl_sentinel,round_win = game_pnl > 0 (decisive only),COMPATIBILITY_ONLY_NOT_PRODUCTION,163.4580,155.6743,-62.2697,21,21,0.38095238,,0.38095238,0.38095238,62.2697,163.4580,THIN_EXPOSURE,0.0000,-2.4908,4.0000,96.0000,AG03-UNRESOLVED,ALL5_LEVELS_bet23_to_bet27,-2.4908,-2.4908,-3.1135,-3.1135,-3.1135,4.000000,4.000000,5.000000,5.000000,5.000000,96.000000,96.000000,95.000000,95.000000,95.000000,5.0,-14.3220,-13.0669,-47.9477,-49.2029,PENDING_AG03,FALSE,NOT_FOR_ENFORCEMENT,-59.7789,149.4474,-62.2697,-59.7789,-2.4908,-0.38095238,-0.36571429,-2.4908,-59.7789,-0.36571429,-2.4908,-2.4908,-3.1135,-3.1135,-3.1135,-59.7789,-0.36571429,-14.3220,-13.0669,-47.9477,-49.2029,-0.29333333,-0.30101211,-0.01523810,7.7837,7.4131,-2.9652,-62.2697,-2.9652,163.4580,21.0000,,7.7837,7.7837,7.7837,7.7837,7.7837,7.7837,7.7837,7.7837,7.7837,1.0,1.0,1.0,21,17,1,1,0E-8,-0.38095238,,0E-8,0.000000,0.952381,0.000000,,2026-05-22,2026-05-22,1,21,21,1,1.000000,,,0.000000,,,,,,,,GLOBAL_BASELINE_NO_ENTITY_RANKING,,,NOT_APPLICABLE_GLOBAL_BASELINE,HF9g-P5,,,,X 全窗基线 · 不参与实体赏罚,3922048,393,A168_HF9F_20260827_0900,2026-08-27 09:00:00
2026-05-22,150403182,2121,0,7.7837164652,7.7837164652,7.7837164652,1.0000000,1,1,0.49324550000000000,0.493245500000,1.01360149184955,1.01360149184955,1.01360149184955,0E-17,ELIGIBLE,R03b_20260811_FULL_v1,L1_ELIGIBILITY,v2026-08-11,2026-03-21..2026-08-06,baccarat_bet02_101_all_pairs_incl_sentinel,round_win = game_pnl > 0 (decisive only),COMPATIBILITY_ONLY_NOT_PRODUCTION,163.4580,155.6743,-62.2697,21,21,0.38095238,,0.38095238,0.38095238,62.2697,163.4580,THIN_EXPOSURE,0.0000,-2.4908,4.0000,96.0000,AG03-UNRESOLVED,ALL5_LEVELS_bet23_to_bet27,-2.4908,-2.4908,-3.1135,-3.1135,-3.1135,4.000000,4.000000,5.000000,5.000000,5.000000,96.000000,96.000000,95.000000,95.000000,95.000000,5.0,-14.3220,-13.0669,-47.9477,-49.2029,PENDING_AG03,FALSE,NOT_FOR_ENFORCEMENT,-59.7789,149.4474,-62.2697,-59.7789,-2.4908,-0.38095238,-0.36571429,-2.4908,-59.7789,-0.36571429,-2.4908,-2.4908,-3.1135,-3.1135,-3.1135,-59.7789,-0.36571429,-14.3220,-13.0669,-47.9477,-49.2029,-0.29333333,-0.30101211,-0.01523810,7.7837,7.4131,-2.9652,-62.2697,-2.9652,163.4580,21.0000,,7.7837,7.7837,7.7837,7.7837,7.7837,7.7837,7.7837,7.7837,7.7837,1.0,1.0,1.0,21,17,1,1,0E-8,-0.38095238,,0E-8,0.000000,0.952381,0.000000,,2026-05-22,2026-05-22,1,21,21,1,1.000000,,,0.000000,,,,,,,,GLOBAL_BASELINE_NO_ENTITY_RANKING,,,NOT_APPLICABLE_GLOBAL_BASELINE,HF9g-P5,,,,X 全窗基线 · 不参与实体赏罚,3922049,393,A168_HF9F_20260827_0900,2026-08-27 09:00:00
2026-05-22,150403182,2167,0,7.7837164652,7.7837164652,7.7837164652,1.0000000,1,1,0.49324550000000000,0.493245500000,1.01360149184955,1.01360149184955,1.01360149184955,0E-17,ELIGIBLE,R03b_20260811_FULL_v1,L1_ELIGIBILITY,v2026-08-11,2026-03-21..2026-08-06,baccarat_bet02_101_all_pairs_incl_sentinel,round_win = game_pnl > 0 (decisive only),COMPATIBILITY_ONLY_NOT_PRODUCTION,163.4580,155.6743,-62.2697,21,21,0.38095238,,0.38095238,0.38095238,62.2697,163.4580,THIN_EXPOSURE,0.0000,-2.4908,4.0000,96.0000,AG03-UNRESOLVED,ALL5_LEVELS_bet23_to_bet27,-2.4908,-2.4908,-3.1135,-3.1135,-3.1135,4.000000,4.000000,5.000000,5.000000,5.000000,96.000000,96.000000,95.000000,95.000000,95.000000,5.0,-14.3220,-13.0669,-47.9477,-49.2029,PENDING_AG03,FALSE,NOT_FOR_ENFORCEMENT,-59.7789,149.4474,-62.2697,-59.7789,-2.4908,-0.38095238,-0.36571429,-2.4908,-59.7789,-0.36571429,-2.4908,-2.4908,-3.1135,-3.1135,-3.1135,-59.7789,-0.36571429,-14.3220,-13.0669,-47.9477,-49.2029,-0.29333333,-0.30101211,-0.01523810,7.7837,7.4131,-2.9652,-62.2697,-2.9652,163.4580,21.0000,,7.7837,7.7837,7.7837,7.7837,7.7837,7.7837,7.7837,7.7837,7.7837,1.0,1.0,1.0,21,17,1,1,0E-8,-0.38095238,,0E-8,0.000000,0.952381,0.000000,,2026-05-22,2026-05-22,1,21,21,1,1.000000,,,0.000000,,,,,,,,GLOBAL_BASELINE_NO_ENTITY_RANKING,,,NOT_APPLICABLE_GLOBAL_BASELINE,HF9g-P5,,,,X 全窗基线 · 不参与实体赏罚,3922050,393,A168_HF9F_20260827_0900,2026-08-27 09:00:00
2026-05-22,150403182,2170,0,7.7837164652,-7.7837164652,-7.7837164652,0E-7,1,1,0.49324550000000000,0.493245500000,-0.9865810262130424,-0.9865810262130424,-0.9865810262130424,0E-17,ELIGIBLE,R03b_20260811_FULL_v1,L1_ELIGIBILITY,v2026-08-11,2026-03-21..2026-08-06,baccarat_bet02_101_all_pairs_incl_sentinel,round_win = game_pnl > 0 (decisive only),COMPATIBILITY_ONLY_NOT_PRODUCTION,163.4580,155.6743,-62.2697,21,21,0.38095238,,0.38095238,0.38095238,62.2697,163.4580,THIN_EXPOSURE,0.0000,-2.4908,4.0000,96.0000,AG03-UNRESOLVED,ALL5_LEVELS_bet23_to_bet27,-2.4908,-2.4908,-3.1135,-3.1135,-3.1135,4.000000,4.000000,5.000000,5.000000,5.000000,96.000000,96.000000,95.000000,95.000000,95.000000,5.0,-14.3220,-13.0669,-47.9477,-49.2029,PENDING_AG03,FALSE,NOT_FOR_ENFORCEMENT,-59.7789,149.4474,-62.2697,-59.7789,-2.4908,-0.38095238,-0.36571429,-2.4908,-59.7789,-0.36571429,-2.4908,-2.4908,-3.1135,-3.1135,-3.1135,-59.7789,-0.36571429,-14.3220,-13.0669,-47.9477,-49.2029,-0.29333333,-0.30101211,-0.01523810,7.7837,7.4131,-2.9652,-62.2697,-2.9652,163.4580,21.0000,,7.7837,7.7837,7.7837,7.7837,7.7837,7.7837,7.7837,7.7837,7.7837,1.0,1.0,1.0,21,17,1,1,0E-8,-0.38095238,,0E-8,0.000000,0.952381,0.000000,,2026-05-22,2026-05-22,1,21,21,1,1.000000,,,0.000000,,,,,,,,GLOBAL_BASELINE_NO_ENTITY_RANKING,,,NOT_APPLICABLE_GLOBAL_BASELINE,HF9g-P5,,,,X 全窗基线 · 不参与实体赏罚,3922051,393,A168_HF9F_20260827_0900,2026-08-27 09:00:00
2026-05-22,150403182,2177,0,7.7837164652,7.7837164652,7.7837164652,1.0000000,1,1,0.49324550000000000,0.493245500000,1.01360149184955,1.01360149184955,1.01360149184955,0E-17,ELIGIBLE,R03b_20260811_FULL_v1,L1_ELIGIBILITY,v2026-08-11,2026-03-21..2026-08-06,baccarat_bet02_101_all_pairs_incl_sentinel,round_win = game_pnl > 0 (decisive only),COMPATIBILITY_ONLY_NOT_PRODUCTION,163.4580,155.6743,-62.2697,21,21,0.38095238,,0.38095238,0.38095238,62.2697,163.4580,THIN_EXPOSURE,0.0000,-2.4908,4.0000,96.0000,AG03-UNRESOLVED,ALL5_LEVELS_bet23_to_bet27,-2.4908,-2.4908,-3.1135,-3.1135,-3.1135,4.000000,4.000000,5.000000,5.000000,5.000000,96.000000,96.000000,95.000000,95.000000,95.000000,5.0,-14.3220,-13.0669,-47.9477,-49.2029,PENDING_AG03,FALSE,NOT_FOR_ENFORCEMENT,-59.7789,149.4474,-62.2697,-59.7789,-2.4908,-0.38095238,-0.36571429,-2.4908,-59.7789,-0.36571429,-2.4908,-2.4908,-3.1135,-3.1135,-3.1135,-59.7789,-0.36571429,-14.3220,-13.0669,-47.9477,-49.2029,-0.29333333,-0.30101211,-0.01523810,7.7837,7.4131,-2.9652,-62.2697,-2.9652,163.4580,21.0000,,7.7837,7.7837,7.7837,7.7837,7.7837,7.7837,7.7837,7.7837,7.7837,1.0,1.0,1.0,21,17,1,1,0E-8,-0.38095238,,0E-8,0.000000,0.952381,0.000000,,2026-05-22,2026-05-22,1,21,21,1,1.000000,,,0.000000,,,,,,,,GLOBAL_BASELINE_NO_ENTITY_RANKING,,,NOT_APPLICABLE_GLOBAL_BASELINE,HF9g-P5,,,,X 全窗基线 · 不参与实体赏罚,3922052,393,A168_HF9F_20260827_0900,2026-08-27 09:00:00
2026-05-22,150403182,2188,0,7.7837164652,-7.7837164652,-7.7837164652,0E-7,1,1,0.49324550000000000,0.493245500000,-0.9865810262130424,-0.9865810262130424,-0.9865810262130424,0E-17,ELIGIBLE,R03b_20260811_FULL_v1,L1_ELIGIBILITY,v2026-08-11,2026-03-21..2026-08-06,baccarat_bet02_101_all_pairs_incl_sentinel,round_win = game_pnl > 0 (decisive only),COMPATIBILITY_ONLY_NOT_PRODUCTION,163.4580,155.6743,-62.2697,21,21,0.38095238,,0.38095238,0.38095238,62.2697,163.4580,THIN_EXPOSURE,0.0000,-2.4908,4.0000,96.0000,AG03-UNRESOLVED,ALL5_LEVELS_bet23_to_bet27,-2.4908,-2.4908,-3.1135,-3.1135,-3.1135,4.000000,4.000000,5.000000,5.000000,5.000000,96.000000,96.000000,95.000000,95.000000,95.000000,5.0,-14.3220,-13.0669,-47.9477,-49.2029,PENDING_AG03,FALSE,NOT_FOR_ENFORCEMENT,-59.7789,149.4474,-62.2697,-59.7789,-2.4908,-0.38095238,-0.36571429,-2.4908,-59.7789,-0.36571429,-2.4908,-2.4908,-3.1135,-3.1135,-3.1135,-59.7789,-0.36571429,-14.3220,-13.0669,-47.9477,-49.2029,-0.29333333,-0.30101211,-0.01523810,7.7837,7.4131,-2.9652,-62.2697,-2.9652,163.4580,21.0000,,7.7837,7.7837,7.7837,7.7837,7.7837,7.7837,7.7837,7.7837,7.7837,1.0,1.0,1.0,21,17,1,1,0E-8,-0.38095238,,0E-8,0.000000,0.952381,0.000000,,2026-05-22,2026-05-22,1,21,21,1,1.000000,,,0.000000,,,,,,,,GLOBAL_BASELINE_NO_ENTITY_RANKING,,,NOT_APPLICABLE_GLOBAL_BASELINE,HF9g-P5,,,,X 全窗基线 · 不参与实体赏罚,3922053,393,A168_HF9F_20260827_0900,2026-08-27 09:00:00
2026-05-22,150403182,2239,0,7.7837164652,7.7837164652,7.7837164652,1.0000000,1,1,0.49324550000000000,0.493245500000,1.01360149184955,1.01360149184955,1.01360149184955,0E-17,ELIGIBLE,R03b_20260811_FULL_v1,L1_ELIGIBILITY,v2026-08-11,2026-03-21..2026-08-06,baccarat_bet02_101_all_pairs_incl_sentinel,round_win = game_pnl > 0 (decisive only),COMPATIBILITY_ONLY_NOT_PRODUCTION,163.4580,155.6743,-62.2697,21,21,0.38095238,,0.38095238,0.38095238,62.2697,163.4580,THIN_EXPOSURE,0.0000,-2.4908,4.0000,96.0000,AG03-UNRESOLVED,ALL5_LEVELS_bet23_to_bet27,-2.4908,-2.4908,-3.1135,-3.1135,-3.1135,4.000000,4.000000,5.000000,5.000000,5.000000,96.000000,96.000000,95.000000,95.000000,95.000000,5.0,-14.3220,-13.0669,-47.9477,-49.2029,PENDING_AG03,FALSE,NOT_FOR_ENFORCEMENT,-59.7789,149.4474,-62.2697,-59.7789,-2.4908,-0.38095238,-0.36571429,-2.4908,-59.7789,-0.36571429,-2.4908,-2.4908,-3.1135,-3.1135,-3.1135,-59.7789,-0.36571429,-14.3220,-13.0669,-47.9477,-49.2029,-0.29333333,-0.30101211,-0.01523810,7.7837,7.4131,-2.9652,-62.2697,-2.9652,163.4580,21.0000,,7.7837,7.7837,7.7837,7.7837,7.7837,7.7837,7.7837,7.7837,7.7837,1.0,1.0,1.0,21,17,1,1,0E-8,-0.38095238,,0E-8,0.000000,0.952381,0.000000,,2026-05-22,2026-05-22,1,21,21,1,1.000000,,,0.000000,,,,,,,,GLOBAL_BASELINE_NO_ENTITY_RANKING,,,NOT_APPLICABLE_GLOBAL_BASELINE,HF9g-P5,,,,X 全窗基线 · 不参与实体赏罚,3922054,393,A168_HF9F_20260827_0900,2026-08-27 09:00:00
2026-05-22,150403182,2267,0,7.7837164652,7.7837164652,7.7837164652,1.0000000,1,1,0.49324550000000000,0.493245500000,1.01360149184955,1.01360149184955,1.01360149184955,0E-17,ELIGIBLE,R03b_20260811_FULL_v1,L1_ELIGIBILITY,v2026-08-11,2026-03-21..2026-08-06,baccarat_bet02_101_all_pairs_incl_sentinel,round_win = game_pnl > 0 (decisive only),COMPATIBILITY_ONLY_NOT_PRODUCTION,163.4580,155.6743,-62.2697,21,21,0.38095238,,0.38095238,0.38095238,62.2697,163.4580,THIN_EXPOSURE,0.0000,-2.4908,4.0000,96.0000,AG03-UNRESOLVED,ALL5_LEVELS_bet23_to_bet27,-2.4908,-2.4908,-3.1135,-3.1135,-3.1135,4.000000,4.000000,5.000000,5.000000,5.000000,96.000000,96.000000,95.000000,95.000000,95.000000,5.0,-14.3220,-13.0669,-47.9477,-49.2029,PENDING_AG03,FALSE,NOT_FOR_ENFORCEMENT,-59.7789,149.4474,-62.2697,-59.7789,-2.4908,-0.38095238,-0.36571429,-2.4908,-59.7789,-0.36571429,-2.4908,-2.4908,-3.1135,-3.1135,-3.1135,-59.7789,-0.36571429,-14.3220,-13.0669,-47.9477,-49.2029,-0.29333333,-0.30101211,-0.01523810,7.7837,7.4131,-2.9652,-62.2697,-2.9652,163.4580,21.0000,,7.7837,7.7837,7.7837,7.7837,7.7837,7.7837,7.7837,7.7837,7.7837,1.0,1.0,1.0,21,17,1,1,0E-8,-0.38095238,,0E-8,0.000000,0.952381,0.000000,,2026-05-22,2026-05-22,1,21,21,1,1.000000,,,0.000000,,,,,,,,GLOBAL_BASELINE_NO_ENTITY_RANKING,,,NOT_APPLICABLE_GLOBAL_BASELINE,HF9g-P5,,,,X 全窗基线 · 不参与实体赏罚,3922055,393,A168_HF9F_20260827_0900,2026-08-27 09:00:00
2026-05-22,150403182,2271,0,7.7837164652,-7.7837164652,-7.7837164652,0E-7,1,1,0.49324550000000000,0.493245500000,-0.9865810262130424,-0.9865810262130424,-0.9865810262130424,0E-17,ELIGIBLE,R03b_20260811_FULL_v1,L1_ELIGIBILITY,v2026-08-11,2026-03-21..2026-08-06,baccarat_bet02_101_all_pairs_incl_sentinel,round_win = game_pnl > 0 (decisive only),COMPATIBILITY_ONLY_NOT_PRODUCTION,163.4580,155.6743,-62.2697,21,21,0.38095238,,0.38095238,0.38095238,62.2697,163.4580,THIN_EXPOSURE,0.0000,-2.4908,4.0000,96.0000,AG03-UNRESOLVED,ALL5_LEVELS_bet23_to_bet27,-2.4908,-2.4908,-3.1135,-3.1135,-3.1135,4.000000,4.000000,5.000000,5.000000,5.000000,96.000000,96.000000,95.000000,95.000000,95.000000,5.0,-14.3220,-13.0669,-47.9477,-49.2029,PENDING_AG03,FALSE,NOT_FOR_ENFORCEMENT,-59.7789,149.4474,-62.2697,-59.7789,-2.4908,-0.38095238,-0.36571429,-2.4908,-59.7789,-0.36571429,-2.4908,-2.4908,-3.1135,-3.1135,-3.1135,-59.7789,-0.36571429,-14.3220,-13.0669,-47.9477,-49.2029,-0.29333333,-0.30101211,-0.01523810,7.7837,7.4131,-2.9652,-62.2697,-2.9652,163.4580,21.0000,,7.7837,7.7837,7.7837,7.7837,7.7837,7.7837,7.7837,7.7837,7.7837,1.0,1.0,1.0,21,17,1,1,0E-8,-0.38095238,,0E-8,0.000000,0.952381,0.000000,,2026-05-22,2026-05-22,1,21,21,1,1.000000,,,0.000000,,,,,,,,GLOBAL_BASELINE_NO_ENTITY_RANKING,,,NOT_APPLICABLE_GLOBAL_BASELINE,HF9g-P5,,,,X 全窗基线 · 不参与实体赏罚,3922056,393,A168_HF9F_20260827_0900,2026-08-27 09:00:00
2026-05-05,149610336,-1,1,25.9457215505,-25.9457215505,-25.9457215505,0E-7,1,1,0.49324550000000000,0.493245500000,-0.9865810262130424,-0.9865810262130424,-0.9865810262130424,0E-17,SENTINEL_DEALER,R03b_20260811_FULL_v1,L1_ELIGIBILITY,v2026-08-11,2026-03-21..2026-08-06,baccarat_bet02_101_all_pairs_incl_sentinel,round_win = game_pnl > 0 (decisive only),COMPATIBILITY_ONLY_NOT_PRODUCTION,181.6201,168.6472,-62.2697,8,8,0.34285714,,0.34285714,0.34285714,62.2697,181.6201,THIN_EXPOSURE,0.0000,-2.4908,4.0000,96.0000,AG03-UNRESOLVED,ALL5_LEVELS_bet23_to_bet27,-2.4908,-2.4908,-2.4908,-3.1135,-3.1135,4.000000,4.000000,4.000000,5.000000,5.000000,96.000000,96.000000,96.000000,95.000000,95.000000,5.0,-13.6993,-12.549,-48.5704,-49.7208,PENDING_AG03,FALSE,NOT_FOR_ENFORCEMENT,-59.7789,161.9013,-62.2697,-59.7789,-2.4908,-0.34285714,-0.32914286,-2.4908,-59.7789,-0.32914286,-2.4908,-2.4908,-2.4908,-3.1135,-3.1135,-59.7789,-0.32914286,-13.6993,-12.549,-48.5704,-49.7208,-0.26742857,-0.2737626,-0.01371429,22.7025,21.0809,-7.7837,-62.2697,-15.5674,181.6201,8.0000,,22.7025,19.4593,25.9457,25.9457,25.9457,25.9457,25.9457,25.9457,18.8106,1.0,1.0,0.875,4,4,1,2,0E-8,-0.34285714,,0E-8,0.000000,0.928571,0.000000,,2026-05-05,2026-05-05,1,4,4,1,1.000000,,,0.000000,,,,,,,,GLOBAL_BASELINE_NO_ENTITY_RANKING,,,NOT_APPLICABLE_GLOBAL_BASELINE,HF9g-P5,,,,X 全窗基线 · 不参与实体赏罚,3922057,393,A168_HF9F_20260827_0900,2026-08-27 09:00:00
2026-05-05,149610336,1485,0,25.9457215505,24.6484354730,24.6484354730,1.0000000,1,1,0.50665070000000000,0.506650700000,0.9867858985152569,0.9867858985152569,0.9867858985152569,0E-17,ELIGIBLE,R03b_20260811_FULL_v1,L1_ELIGIBILITY,v2026-08-11,2026-03-21..2026-08-06,baccarat_bet02_101_all_pairs_incl_sentinel,round_win = game_pnl > 0 (decisive only),COMPATIBILITY_ONLY_NOT_PRODUCTION,181.6201,168.6472,-62.2697,8,8,0.34285714,,0.34285714,0.34285714,62.2697,181.6201,THIN_EXPOSURE,0.0000,-2.4908,4.0000,96.0000,AG03-UNRESOLVED,ALL5_LEVELS_bet23_to_bet27,-2.4908,-2.4908,-2.4908,-3.1135,-3.1135,4.000000,4.000000,4.000000,5.000000,5.000000,96.000000,96.000000,96.000000,95.000000,95.000000,5.0,-13.6993,-12.549,-48.5704,-49.7208,PENDING_AG03,FALSE,NOT_FOR_ENFORCEMENT,-59.7789,161.9013,-62.2697,-59.7789,-2.4908,-0.34285714,-0.32914286,-2.4908,-59.7789,-0.32914286,-2.4908,-2.4908,-2.4908,-3.1135,-3.1135,-59.7789,-0.32914286,-13.6993,-12.549,-48.5704,-49.7208,-0.26742857,-0.2737626,-0.01371429,22.7025,21.0809,-7.7837,-62.2697,-15.5674,181.6201,8.0000,,22.7025,19.4593,25.9457,25.9457,25.9457,25.9457,25.9457,25.9457,18.8106,1.0,1.0,0.875,4,4,1,2,0E-8,-0.34285714,,0E-8,0.000000,0.928571,0.000000,,2026-05-05,2026-05-05,1,4,4,1,1.000000,,,0.000000,,,,,,,,GLOBAL_BASELINE_NO_ENTITY_RANKING,,,NOT_APPLICABLE_GLOBAL_BASELINE,HF9g-P5,,,,X 全窗基线 · 不参与实体赏罚,3922058,393,A168_HF9F_20260827_0900,2026-08-27 09:00:00
2026-05-05,149610336,2222,0,116.7557469773,63.5670177988,63.5670177988,0.8000000,5,5,0.49592654000000000,0.495926540000,1.359902984124143,1.359902984124143,1.359902984124143,0E-17,ELIGIBLE,R03b_20260811_FULL_v1,L1_ELIGIBILITY,v2026-08-11,2026-03-21..2026-08-06,baccarat_bet02_101_all_pairs_incl_sentinel,round_win = game_pnl > 0 (decisive only),COMPATIBILITY_ONLY_NOT_PRODUCTION,181.6201,168.6472,-62.2697,8,8,0.34285714,,0.34285714,0.34285714,62.2697,181.6201,THIN_EXPOSURE,0.0000,-2.4908,4.0000,96.0000,AG03-UNRESOLVED,ALL5_LEVELS_bet23_to_bet27,-2.4908,-2.4908,-2.4908,-3.1135,-3.1135,4.000000,4.000000,4.000000,5.000000,5.000000,96.000000,96.000000,96.000000,95.000000,95.000000,5.0,-13.6993,-12.549,-48.5704,-49.7208,PENDING_AG03,FALSE,NOT_FOR_ENFORCEMENT,-59.7789,161.9013,-62.2697,-59.7789,-2.4908,-0.34285714,-0.32914286,-2.4908,-59.7789,-0.32914286,-2.4908,-2.4908,-2.4908,-3.1135,-3.1135,-59.7789,-0.32914286,-13.6993,-12.549,-48.5704,-49.7208,-0.26742857,-0.2737626,-0.01371429,22.7025,21.0809,-7.7837,-62.2697,-15.5674,181.6201,8.0000,,22.7025,19.4593,25.9457,25.9457,25.9457,25.9457,25.9457,25.9457,18.8106,1.0,1.0,0.875,4,4,1,2,0E-8,-0.34285714,,0E-8,0.000000,0.928571,0.000000,,2026-05-05,2026-05-05,1,4,4,1,1.000000,,,0.000000,,,,,,,,GLOBAL_BASELINE_NO_ENTITY_RANKING,,,NOT_APPLICABLE_GLOBAL_BASELINE,HF9g-P5,,,,X 全窗基线 · 不参与实体赏罚,3922059,393,A168_HF9F_20260827_0900,2026-08-27 09:00:00
2026-05-05,149610336,789,0,12.9728607753,0E-10,0E-10,,1,1,0.50665070000000000,0.506650700000,,,,0E-17,NO_DECISIVE_ROUND,R03b_20260811_FULL_v1,L1_ELIGIBILITY,v2026-08-11,2026-03-21..2026-08-06,baccarat_bet02_101_all_pairs_incl_sentinel,round_win = game_pnl > 0 (decisive only),COMPATIBILITY_ONLY_NOT_PRODUCTION,181.6201,168.6472,-62.2697,8,8,0.34285714,,0.34285714,0.34285714,62.2697,181.6201,THIN_EXPOSURE,0.0000,-2.4908,4.0000,96.0000,AG03-UNRESOLVED,ALL5_LEVELS_bet23_to_bet27,-2.4908,-2.4908,-2.4908,-3.1135,-3.1135,4.000000,4.000000,4.000000,5.000000,5.000000,96.000000,96.000000,96.000000,95.000000,95.000000,5.0,-13.6993,-12.549,-48.5704,-49.7208,PENDING_AG03,FALSE,NOT_FOR_ENFORCEMENT,-59.7789,161.9013,-62.2697,-59.7789,-2.4908,-0.34285714,-0.32914286,-2.4908,-59.7789,-0.32914286,-2.4908,-2.4908,-2.4908,-3.1135,-3.1135,-59.7789,-0.32914286,-13.6993,-12.549,-48.5704,-49.7208,-0.26742857,-0.2737626,-0.01371429,22.7025,21.0809,-7.7837,-62.2697,-15.5674,181.6201,8.0000,,22.7025,19.4593,25.9457,25.9457,25.9457,25.9457,25.9457,25.9457,18.8106,1.0,1.0,0.875,4,4,1,2,0E-8,-0.34285714,,0E-8,0.000000,0.928571,0.000000,,2026-05-05,2026-05-05,1,4,4,1,1.000000,,,0.000000,,,,,,,,GLOBAL_BASELINE_NO_ENTITY_RANKING,,,NOT_APPLICABLE_GLOBAL_BASELINE,HF9g-P5,,,,X 全窗基线 · 不参与实体赏罚,3922060,393,A168_HF9F_20260827_0900,2026-08-27 09:00:00
2026-05-13,147804339,-1,1,124.5394634424,31.1348658606,31.1348658606,0.7272727,15,15,0.49324550000000000,0.493245500000,1.5525026741434669,1.5525026741434669,1.5525026741434669,0E-17,SENTINEL_DEALER,R03b_20260811_FULL_v1,L1_ELIGIBILITY,v2026-08-11,2026-03-21..2026-08-06,baccarat_bet02_101_all_pairs_incl_sentinel,round_win = game_pnl > 0 (decisive only),COMPATIBILITY_ONLY_NOT_PRODUCTION,477.4013,363.2401,-62.2697,66,66,0.13043478,,0.13043478,0.13043478,62.2697,477.4013,OK,0.0000,-2.4908,4.0000,96.0000,AG03-UNRESOLVED,ALL5_LEVELS_bet23_to_bet27,-2.4908,-2.4908,-2.4908,-2.4908,-2.4908,4.000000,4.000000,4.000000,4.000000,4.000000,96.000000,96.000000,96.000000,96.000000,96.000000,5.0,-12.4539,-11.4967,-49.8158,-50.773,PENDING_AG03,FALSE,NOT_FOR_ENFORCEMENT,-59.7789,348.7105,-62.2697,-59.7789,-2.4908,-0.13043478,-0.12521739,-2.4908,-59.7789,-0.12521739,-2.4908,-2.4908,-2.4908,-2.4908,-2.4908,-59.7789,-0.12521739,-12.4539,-11.4967,-49.8158,-50.773,-0.10434783,-0.10635296,-0.00521739,7.2334,5.5036,-0.9435,-62.2697,-12.4539,477.4013,66.0000,,7.2334,5.1891,5.1891,10.3783,10.3783,10.3783,19.0961,5.1891,0.0,2.0,3.680008,1.393939,5,7,1,1,0E-8,-0.13043478,,0E-8,0.000000,0.760870,0.000000,,2026-05-13,2026-05-13,1,5,5,1,1.000000,,,0.000000,,,,,,,,GLOBAL_BASELINE_NO_ENTITY_RANKING,,,NOT_APPLICABLE_GLOBAL_BASELINE,HF9g-P5,,,,X 全窗基线 · 不参与实体赏罚,3922061,393,A168_HF9F_20260827_0900,2026-08-27 09:00:00
2026-05-13,147804339,1306,0,15.5674329303,5.1891443101,5.1891443101,0.5000000,2,2,0.49324550000000000,0.493245500000,0.01910635448239258,0.01910635448239258,0.01910635448239258,0E-17,ELIGIBLE,R03b_20260811_FULL_v1,L1_ELIGIBILITY,v2026-08-11,2026-03-21..2026-08-06,baccarat_bet02_101_all_pairs_incl_sentinel,round_win = game_pnl > 0 (decisive only),COMPATIBILITY_ONLY_NOT_PRODUCTION,477.4013,363.2401,-62.2697,66,66,0.13043478,,0.13043478,0.13043478,62.2697,477.4013,OK,0.0000,-2.4908,4.0000,96.0000,AG03-UNRESOLVED,ALL5_LEVELS_bet23_to_bet27,-2.4908,-2.4908,-2.4908,-2.4908,-2.4908,4.000000,4.000000,4.000000,4.000000,4.000000,96.000000,96.000000,96.000000,96.000000,96.000000,5.0,-12.4539,-11.4967,-49.8158,-50.773,PENDING_AG03,FALSE,NOT_FOR_ENFORCEMENT,-59.7789,348.7105,-62.2697,-59.7789,-2.4908,-0.13043478,-0.12521739,-2.4908,-59.7789,-0.12521739,-2.4908,-2.4908,-2.4908,-2.4908,-2.4908,-59.7789,-0.12521739,-12.4539,-11.4967,-49.8158,-50.773,-0.10434783,-0.10635296,-0.00521739,7.2334,5.5036,-0.9435,-62.2697,-12.4539,477.4013,66.0000,,7.2334,5.1891,5.1891,10.3783,10.3783,10.3783,19.0961,5.1891,0.0,2.0,3.680008,1.393939,5,7,1,1,0E-8,-0.13043478,,0E-8,0.000000,0.760870,0.000000,,2026-05-13,2026-05-13,1,5,5,1,1.000000,,,0.000000,,,,,,,,GLOBAL_BASELINE_NO_ENTITY_RANKING,,,NOT_APPLICABLE_GLOBAL_BASELINE,HF9g-P5,,,,X 全窗基线 · 不参与实体赏罚,3922062,393,A168_HF9F_20260827_0900,2026-08-27 09:00:00
2026-05-13,147804339,1940,0,108.9720305121,10.3782886202,10.3782886202,0.5454545,16,16,0.49324550000000000,0.493245500000,0.3463472332994882,0.3463472332994882,0.3463472332994882,0E-17,ELIGIBLE,R03b_20260811_FULL_v1,L1_ELIGIBILITY,v2026-08-11,2026-03-21..2026-08-06,baccarat_bet02_101_all_pairs_incl_sentinel,round_win = game_pnl > 0 (decisive only),COMPATIBILITY_ONLY_NOT_PRODUCTION,477.4013,363.2401,-62.2697,66,66,0.13043478,,0.13043478,0.13043478,62.2697,477.4013,OK,0.0000,-2.4908,4.0000,96.0000,AG03-UNRESOLVED,ALL5_LEVELS_bet23_to_bet27,-2.4908,-2.4908,-2.4908,-2.4908,-2.4908,4.000000,4.000000,4.000000,4.000000,4.000000,96.000000,96.000000,96.000000,96.000000,96.000000,5.0,-12.4539,-11.4967,-49.8158,-50.773,PENDING_AG03,FALSE,NOT_FOR_ENFORCEMENT,-59.7789,348.7105,-62.2697,-59.7789,-2.4908,-0.13043478,-0.12521739,-2.4908,-59.7789,-0.12521739,-2.4908,-2.4908,-2.4908,-2.4908,-2.4908,-59.7789,-0.12521739,-12.4539,-11.4967,-49.8158,-50.773,-0.10434783,-0.10635296,-0.00521739,7.2334,5.5036,-0.9435,-62.2697,-12.4539,477.4013,66.0000,,7.2334,5.1891,5.1891,10.3783,10.3783,10.3783,19.0961,5.1891,0.0,2.0,3.680008,1.393939,5,7,1,1,0E-8,-0.13043478,,0E-8,0.000000,0.760870,0.000000,,2026-05-13,2026-05-13,1,5,5,1,1.000000,,,0.000000,,,,,,,,GLOBAL_BASELINE_NO_ENTITY_RANKING,,,NOT_APPLICABLE_GLOBAL_BASELINE,HF9g-P5,,,,X 全窗基线 · 不参与实体赏罚,3922063,393,A168_HF9F_20260827_0900,2026-08-27 09:00:00
2026-05-13,147804339,2155,0,83.0263089616,-5.1891443101,-5.1891443101,0.5000000,12,12,0.49324550000000000,0.493245500000,0.04272310742483761,0.04272310742483761,0.04272310742483761,0E-17,ELIGIBLE,R03b_20260811_FULL_v1,L1_ELIGIBILITY,v2026-08-11,2026-03-21..2026-08-06,baccarat_bet02_101_all_pairs_incl_sentinel,round_win = game_pnl > 0 (decisive only),COMPATIBILITY_ONLY_NOT_PRODUCTION,477.4013,363.2401,-62.2697,66,66,0.13043478,,0.13043478,0.13043478,62.2697,477.4013,OK,0.0000,-2.4908,4.0000,96.0000,AG03-UNRESOLVED,ALL5_LEVELS_bet23_to_bet27,-2.4908,-2.4908,-2.4908,-2.4908,-2.4908,4.000000,4.000000,4.000000,4.000000,4.000000,96.000000,96.000000,96.000000,96.000000,96.000000,5.0,-12.4539,-11.4967,-49.8158,-50.773,PENDING_AG03,FALSE,NOT_FOR_ENFORCEMENT,-59.7789,348.7105,-62.2697,-59.7789,-2.4908,-0.13043478,-0.12521739,-2.4908,-59.7789,-0.12521739,-2.4908,-2.4908,-2.4908,-2.4908,-2.4908,-59.7789,-0.12521739,-12.4539,-11.4967,-49.8158,-50.773,-0.10434783,-0.10635296,-0.00521739,7.2334,5.5036,-0.9435,-62.2697,-12.4539,477.4013,66.0000,,7.2334,5.1891,5.1891,10.3783,10.3783,10.3783,19.0961,5.1891,0.0,2.0,3.680008,1.393939,5,7,1,1,0E-8,-0.13043478,,0E-8,0.000000,0.760870,0.000000,,2026-05-13,2026-05-13,1,5,5,1,1.000000,,,0.000000,,,,,,,,GLOBAL_BASELINE_NO_ENTITY_RANKING,,,NOT_APPLICABLE_GLOBAL_BASELINE,HF9g-P5,,,,X 全窗基线 · 不参与实体赏罚,3922064,393,A168_HF9F_20260827_0900,2026-08-27 09:00:00
2026-05-13,147804339,2242,0,46.7022987909,15.5674329303,15.5674329303,0.5714286,7,7,0.49324550000000000,0.493245500000,0.4137436818725812,0.41374368187258126,0.4137436818725812,0E-17,ELIGIBLE,R03b_20260811_FULL_v1,L1_ELIGIBILITY,v2026-08-11,2026-03-21..2026-08-06,baccarat_bet02_101_all_pairs_incl_sentinel,round_win = game_pnl > 0 (decisive only),COMPATIBILITY_ONLY_NOT_PRODUCTION,477.4013,363.2401,-62.2697,66,66,0.13043478,,0.13043478,0.13043478,62.2697,477.4013,OK,0.0000,-2.4908,4.0000,96.0000,AG03-UNRESOLVED,ALL5_LEVELS_bet23_to_bet27,-2.4908,-2.4908,-2.4908,-2.4908,-2.4908,4.000000,4.000000,4.000000,4.000000,4.000000,96.000000,96.000000,96.000000,96.000000,96.000000,5.0,-12.4539,-11.4967,-49.8158,-50.773,PENDING_AG03,FALSE,NOT_FOR_ENFORCEMENT,-59.7789,348.7105,-62.2697,-59.7789,-2.4908,-0.13043478,-0.12521739,-2.4908,-59.7789,-0.12521739,-2.4908,-2.4908,-2.4908,-2.4908,-2.4908,-59.7789,-0.12521739,-12.4539,-11.4967,-49.8158,-50.773,-0.10434783,-0.10635296,-0.00521739,7.2334,5.5036,-0.9435,-62.2697,-12.4539,477.4013,66.0000,,7.2334,5.1891,5.1891,10.3783,10.3783,10.3783,19.0961,5.1891,0.0,2.0,3.680008,1.393939,5,7,1,1,0E-8,-0.13043478,,0E-8,0.000000,0.760870,0.000000,,2026-05-13,2026-05-13,1,5,5,1,1.000000,,,0.000000,,,,,,,,GLOBAL_BASELINE_NO_ENTITY_RANKING,,,NOT_APPLICABLE_GLOBAL_BASELINE,HF9g-P5,,,,X 全窗基线 · 不参与实体赏罚,3922065,393,A168_HF9F_20260827_0900,2026-08-27 09:00:00
2026-05-13,147804339,772,0,57.0805874111,5.1891443101,5.1891443101,0.5000000,8,8,0.49324550000000000,0.493245500000,0.03309317671092531,0.03309317671092531,0.03309317671092531,0E-17,ELIGIBLE,R03b_20260811_FULL_v1,L1_ELIGIBILITY,v2026-08-11,2026-03-21..2026-08-06,baccarat_bet02_101_all_pairs_incl_sentinel,round_win = game_pnl > 0 (decisive only),COMPATIBILITY_ONLY_NOT_PRODUCTION,477.4013,363.2401,-62.2697,66,66,0.13043478,,0.13043478,0.13043478,62.2697,477.4013,OK,0.0000,-2.4908,4.0000,96.0000,AG03-UNRESOLVED,ALL5_LEVELS_bet23_to_bet27,-2.4908,-2.4908,-2.4908,-2.4908,-2.4908,4.000000,4.000000,4.000000,4.000000,4.000000,96.000000,96.000000,96.000000,96.000000,96.000000,5.0,-12.4539,-11.4967,-49.8158,-50.773,PENDING_AG03,FALSE,NOT_FOR_ENFORCEMENT,-59.7789,348.7105,-62.2697,-59.7789,-2.4908,-0.13043478,-0.12521739,-2.4908,-59.7789,-0.12521739,-2.4908,-2.4908,-2.4908,-2.4908,-2.4908,-59.7789,-0.12521739,-12.4539,-11.4967,-49.8158,-50.773,-0.10434783,-0.10635296,-0.00521739,7.2334,5.5036,-0.9435,-62.2697,-12.4539,477.4013,66.0000,,7.2334,5.1891,5.1891,10.3783,10.3783,10.3783,19.0961,5.1891,0.0,2.0,3.680008,1.393939,5,7,1,1,0E-8,-0.13043478,,0E-8,0.000000,0.760870,0.000000,,2026-05-13,2026-05-13,1,5,5,1,1.000000,,,0.000000,,,,,,,,GLOBAL_BASELINE_NO_ENTITY_RANKING,,,NOT_APPLICABLE_GLOBAL_BASELINE,HF9g-P5,,,,X 全窗基线 · 不参与实体赏罚,3922066,393,A168_HF9F_20260827_0900,2026-08-27 09:00:00
2026-05-13,147804339,987,0,41.5131544808,0E-10,0E-10,0.5000000,6,6,0.49324550000000000,0.493245500000,0.03309317671092531,0.03309317671092531,0.03309317671092531,0E-17,ELIGIBLE,R03b_20260811_FULL_v1,L1_ELIGIBILITY,v2026-08-11,2026-03-21..2026-08-06,baccarat_bet02_101_all_pairs_incl_sentinel,round_win = game_pnl > 0 (decisive only),COMPATIBILITY_ONLY_NOT_PRODUCTION,477.4013,363.2401,-62.2697,66,66,0.13043478,,0.13043478,0.13043478,62.2697,477.4013,OK,0.0000,-2.4908,4.0000,96.0000,AG03-UNRESOLVED,ALL5_LEVELS_bet23_to_bet27,-2.4908,-2.4908,-2.4908,-2.4908,-2.4908,4.000000,4.000000,4.000000,4.000000,4.000000,96.000000,96.000000,96.000000,96.000000,96.000000,5.0,-12.4539,-11.4967,-49.8158,-50.773,PENDING_AG03,FALSE,NOT_FOR_ENFORCEMENT,-59.7789,348.7105,-62.2697,-59.7789,-2.4908,-0.13043478,-0.12521739,-2.4908,-59.7789,-0.12521739,-2.4908,-2.4908,-2.4908,-2.4908,-2.4908,-59.7789,-0.12521739,-12.4539,-11.4967,-49.8158,-50.773,-0.10434783,-0.10635296,-0.00521739,7.2334,5.5036,-0.9435,-62.2697,-12.4539,477.4013,66.0000,,7.2334,5.1891,5.1891,10.3783,10.3783,10.3783,19.0961,5.1891,0.0,2.0,3.680008,1.393939,5,7,1,1,0E-8,-0.13043478,,0E-8,0.000000,0.760870,0.000000,,2026-05-13,2026-05-13,1,5,5,1,1.000000,,,0.000000,,,,,,,,GLOBAL_BASELINE_NO_ENTITY_RANKING,,,NOT_APPLICABLE_GLOBAL_BASELINE,HF9g-P5,,,,X 全窗基线 · 不参与实体赏罚,3922067,393,A168_HF9F_20260827_0900,2026-08-27 09:00:00
2026-05-19,96240595,1505,0,51.8914431010,51.8914431010,51.8914431010,1.0000000,1,1,0.49324550000000000,0.493245500000,1.01360149184955,1.01360149184955,1.01360149184955,0E-17,ELIGIBLE,R03b_20260811_FULL_v1,L1_ELIGIBILITY,v2026-08-11,2026-03-21..2026-08-06,baccarat_bet02_101_all_pairs_incl_sentinel,round_win = game_pnl > 0 (decisive only),COMPATIBILITY_ONLY_NOT_PRODUCTION,1043.0180,900.3165,-62.2697,22,17,0.05970149,,0.05970149,0.05970149,62.2697,1043.0180,THIN_EXPOSURE,0.0000,-2.4908,4.0000,96.0000,AG03-UNRESOLVED,ALL5_LEVELS_bet23_to_bet27,-2.4908,-2.4908,-3.1135,0.0000,0.0000,4.000000,4.000000,5.000000,0.000000,0.000000,96.000000,96.000000,95.000000,100.000000,100.000000,5.0,-8.0951,-7.7513,-54.1747,-54.5184,PENDING_AG03,FALSE,NOT_FOR_ENFORCEMENT,-59.7789,864.3039,-62.2697,-59.7789,-2.4908,-0.05970149,-0.05731343,-2.4908,-59.7789,-0.05731343,-2.4908,-2.4908,-3.1135,0.0000,0.0000,-59.7789,-0.05731343,-8.0951,-7.7513,-54.1747,-54.5184,-0.05194030,-0.05226985,-0.00238806,47.4099,52.9598,-3.6629,-62.2697,-6.9189,1043.0180,17.0000,,47.4099,10.3783,45.405,77.8372,129.7286,129.7286,129.7286,25.9457,-2.5946,2.857143,2.857143,1.044156,9,9,1,4,0E-8,-0.05970149,,0E-8,0.000000,0.863184,0.000000,,2026-05-19,2026-05-19,1,9,9,1,1.000000,,,0.000000,,,,,,,,GLOBAL_BASELINE_NO_ENTITY_RANKING,,,NOT_APPLICABLE_GLOBAL_BASELINE,HF9g-P5,,,,X 全窗基线 · 不参与实体赏罚,3922068,393,A168_HF9F_20260827_0900,2026-08-27 09:00:00
2026-05-19,96240595,1507,0,25.9457215505,-25.9457215505,-25.9457215505,0E-7,1,1,0.49324550000000000,0.493245500000,-0.9865810262130424,-0.9865810262130424,-0.9865810262130424,0E-17,ELIGIBLE,R03b_20260811_FULL_v1,L1_ELIGIBILITY,v2026-08-11,2026-03-21..2026-08-06,baccarat_bet02_101_all_pairs_incl_sentinel,round_win = game_pnl > 0 (decisive only),COMPATIBILITY_ONLY_NOT_PRODUCTION,1043.0180,900.3165,-62.2697,22,17,0.05970149,,0.05970149,0.05970149,62.2697,1043.0180,THIN_EXPOSURE,0.0000,-2.4908,4.0000,96.0000,AG03-UNRESOLVED,ALL5_LEVELS_bet23_to_bet27,-2.4908,-2.4908,-3.1135,0.0000,0.0000,4.000000,4.000000,5.000000,0.000000,0.000000,96.000000,96.000000,95.000000,100.000000,100.000000,5.0,-8.0951,-7.7513,-54.1747,-54.5184,PENDING_AG03,FALSE,NOT_FOR_ENFORCEMENT,-59.7789,864.3039,-62.2697,-59.7789,-2.4908,-0.05970149,-0.05731343,-2.4908,-59.7789,-0.05731343,-2.4908,-2.4908,-3.1135,0.0000,0.0000,-59.7789,-0.05731343,-8.0951,-7.7513,-54.1747,-54.5184,-0.05194030,-0.05226985,-0.00238806,47.4099,52.9598,-3.6629,-62.2697,-6.9189,1043.0180,17.0000,,47.4099,10.3783,45.405,77.8372,129.7286,129.7286,129.7286,25.9457,-2.5946,2.857143,2.857143,1.044156,9,9,1,4,0E-8,-0.05970149,,0E-8,0.000000,0.863184,0.000000,,2026-05-19,2026-05-19,1,9,9,1,1.000000,,,0.000000,,,,,,,,GLOBAL_BASELINE_NO_ENTITY_RANKING,,,NOT_APPLICABLE_GLOBAL_BASELINE,HF9g-P5,,,,X 全窗基线 · 不参与实体赏罚,3922069,393,A168_HF9F_20260827_0900,2026-08-27 09:00:00
2026-05-19,96240595,1994,0,207.5657724040,-25.9457215505,-25.9457215505,0.3333333,4,4,0.49994810000000000,0.499948100000,-0.5771704854251445,-0.5771704854251445,-0.5771704854251445,0E-17,ELIGIBLE,R03b_20260811_FULL_v1,L1_ELIGIBILITY,v2026-08-11,2026-03-21..2026-08-06,baccarat_bet02_101_all_pairs_incl_sentinel,round_win = game_pnl > 0 (decisive only),COMPATIBILITY_ONLY_NOT_PRODUCTION,1043.0180,900.3165,-62.2697,22,17,0.05970149,,0.05970149,0.05970149,62.2697,1043.0180,THIN_EXPOSURE,0.0000,-2.4908,4.0000,96.0000,AG03-UNRESOLVED,ALL5_LEVELS_bet23_to_bet27,-2.4908,-2.4908,-3.1135,0.0000,0.0000,4.000000,4.000000,5.000000,0.000000,0.000000,96.000000,96.000000,95.000000,100.000000,100.000000,5.0,-8.0951,-7.7513,-54.1747,-54.5184,PENDING_AG03,FALSE,NOT_FOR_ENFORCEMENT,-59.7789,864.3039,-62.2697,-59.7789,-2.4908,-0.05970149,-0.05731343,-2.4908,-59.7789,-0.05731343,-2.4908,-2.4908,-3.1135,0.0000,0.0000,-59.7789,-0.05731343,-8.0951,-7.7513,-54.1747,-54.5184,-0.05194030,-0.05226985,-0.00238806,47.4099,52.9598,-3.6629,-62.2697,-6.9189,1043.0180,17.0000,,47.4099,10.3783,45.405,77.8372,129.7286,129.7286,129.7286,25.9457,-2.5946,2.857143,2.857143,1.044156,9,9,1,4,0E-8,-0.05970149,,0E-8,0.000000,0.863184,0.000000,,2026-05-19,2026-05-19,1,9,9,1,1.000000,,,0.000000,,,,,,,,GLOBAL_BASELINE_NO_ENTITY_RANKING,,,NOT_APPLICABLE_GLOBAL_BASELINE,HF9g-P5,,,,X 全窗基线 · 不参与实体赏罚,3922070,393,A168_HF9F_20260827_0900,2026-08-27 09:00:00
2026-05-19,96240595,2088,0,51.8914431010,-51.8914431010,-51.8914431010,0E-7,1,1,0.50665070000000000,0.506650700000,-1.013391052207602,-1.013391052207602,-1.013391052207602,0E-17,ELIGIBLE,R03b_20260811_FULL_v1,L1_ELIGIBILITY,v2026-08-11,2026-03-21..2026-08-06,baccarat_bet02_101_all_pairs_incl_sentinel,round_win = game_pnl > 0 (decisive only),COMPATIBILITY_ONLY_NOT_PRODUCTION,1043.0180,900.3165,-62.2697,22,17,0.05970149,,0.05970149,0.05970149,62.2697,1043.0180,THIN_EXPOSURE,0.0000,-2.4908,4.0000,96.0000,AG03-UNRESOLVED,ALL5_LEVELS_bet23_to_bet27,-2.4908,-2.4908,-3.1135,0.0000,0.0000,4.000000,4.000000,5.000000,0.000000,0.000000,96.000000,96.000000,95.000000,100.000000,100.000000,5.0,-8.0951,-7.7513,-54.1747,-54.5184,PENDING_AG03,FALSE,NOT_FOR_ENFORCEMENT,-59.7789,864.3039,-62.2697,-59.7789,-2.4908,-0.05970149,-0.05731343,-2.4908,-59.7789,-0.05731343,-2.4908,-2.4908,-3.1135,0.0000,0.0000,-59.7789,-0.05731343,-8.0951,-7.7513,-54.1747,-54.5184,-0.05194030,-0.05226985,-0.00238806,47.4099,52.9598,-3.6629,-62.2697,-6.9189,1043.0180,17.0000,,47.4099,10.3783,45.405,77.8372,129.7286,129.7286,129.7286,25.9457,-2.5946,2.857143,2.857143,1.044156,9,9,1,4,0E-8,-0.05970149,,0E-8,0.000000,0.863184,0.000000,,2026-05-19,2026-05-19,1,9,9,1,1.000000,,,0.000000,,,,,,,,GLOBAL_BASELINE_NO_ENTITY_RANKING,,,NOT_APPLICABLE_GLOBAL_BASELINE,HF9g-P5,,,,X 全窗基线 · 不参与实体赏罚,3922071,393,A168_HF9F_20260827_0900,2026-08-27 09:00:00
2026-05-19,96240595,2152,0,10.3782886202,-10.3782886202,-10.3782886202,0E-7,1,1,0.50665070000000000,0.506650700000,-1.013391052207602,-1.013391052207602,-1.013391052207602,0E-17,ELIGIBLE,R03b_20260811_FULL_v1,L1_ELIGIBILITY,v2026-08-11,2026-03-21..2026-08-06,baccarat_bet02_101_all_pairs_incl_sentinel,round_win = game_pnl > 0 (decisive only),COMPATIBILITY_ONLY_NOT_PRODUCTION,1043.0180,900.3165,-62.2697,22,17,0.05970149,,0.05970149,0.05970149,62.2697,1043.0180,THIN_EXPOSURE,0.0000,-2.4908,4.0000,96.0000,AG03-UNRESOLVED,ALL5_LEVELS_bet23_to_bet27,-2.4908,-2.4908,-3.1135,0.0000,0.0000,4.000000,4.000000,5.000000,0.000000,0.000000,96.000000,96.000000,95.000000,100.000000,100.000000,5.0,-8.0951,-7.7513,-54.1747,-54.5184,PENDING_AG03,FALSE,NOT_FOR_ENFORCEMENT,-59.7789,864.3039,-62.2697,-59.7789,-2.4908,-0.05970149,-0.05731343,-2.4908,-59.7789,-0.05731343,-2.4908,-2.4908,-3.1135,0.0000,0.0000,-59.7789,-0.05731343,-8.0951,-7.7513,-54.1747,-54.5184,-0.05194030,-0.05226985,-0.00238806,47.4099,52.9598,-3.6629,-62.2697,-6.9189,1043.0180,17.0000,,47.4099,10.3783,45.405,77.8372,129.7286,129.7286,129.7286,25.9457,-2.5946,2.857143,2.857143,1.044156,9,9,1,4,0E-8,-0.05970149,,0E-8,0.000000,0.863184,0.000000,,2026-05-19,2026-05-19,1,9,9,1,1.000000,,,0.000000,,,,,,,,GLOBAL_BASELINE_NO_ENTITY_RANKING,,,NOT_APPLICABLE_GLOBAL_BASELINE,HF9g-P5,,,,X 全窗基线 · 不参与实体赏罚,3922072,393,A168_HF9F_20260827_0900,2026-08-27 09:00:00
2026-05-19,96240595,2212,0,108.9720305122,103.7828862020,103.7828862020,1.0000000,4,3,0.47609308333308543,0.424635833333,1.8169449003998959,2.0161540515183694,1.8169449003998959,0.05145725000008543,ELIGIBLE,R03b_20260811_FULL_v1,L1_ELIGIBILITY,v2026-08-11,2026-03-21..2026-08-06,baccarat_bet02_101_all_pairs_incl_sentinel,round_win = game_pnl > 0 (decisive only),COMPATIBILITY_ONLY_NOT_PRODUCTION,1043.0180,900.3165,-62.2697,22,17,0.05970149,,0.05970149,0.05970149,62.2697,1043.0180,THIN_EXPOSURE,0.0000,-2.4908,4.0000,96.0000,AG03-UNRESOLVED,ALL5_LEVELS_bet23_to_bet27,-2.4908,-2.4908,-3.1135,0.0000,0.0000,4.000000,4.000000,5.000000,0.000000,0.000000,96.000000,96.000000,95.000000,100.000000,100.000000,5.0,-8.0951,-7.7513,-54.1747,-54.5184,PENDING_AG03,FALSE,NOT_FOR_ENFORCEMENT,-59.7789,864.3039,-62.2697,-59.7789,-2.4908,-0.05970149,-0.05731343,-2.4908,-59.7789,-0.05731343,-2.4908,-2.4908,-3.1135,0.0000,0.0000,-59.7789,-0.05731343,-8.0951,-7.7513,-54.1747,-54.5184,-0.05194030,-0.05226985,-0.00238806,47.4099,52.9598,-3.6629,-62.2697,-6.9189,1043.0180,17.0000,,47.4099,10.3783,45.405,77.8372,129.7286,129.7286,129.7286,25.9457,-2.5946,2.857143,2.857143,1.044156,9,9,1,4,0E-8,-0.05970149,,0E-8,0.000000,0.863184,0.000000,,2026-05-19,2026-05-19,1,9,9,1,1.000000,,,0.000000,,,,,,,,GLOBAL_BASELINE_NO_ENTITY_RANKING,,,NOT_APPLICABLE_GLOBAL_BASELINE,HF9g-P5,,,,X 全窗基线 · 不参与实体赏罚,3922073,393,A168_HF9F_20260827_0900,2026-08-27 09:00:00
2026-05-19,96240595,2234,0,119.3503191324,-119.3503191324,-119.3503191324,0E-7,3,2,0.48078791562478994,0.393584825000,-1.3608785648337447,-1.1393289695942557,-1.3608785648337447,0.08720309062478994,ELIGIBLE,R03b_20260811_FULL_v1,L1_ELIGIBILITY,v2026-08-11,2026-03-21..2026-08-06,baccarat_bet02_101_all_pairs_incl_sentinel,round_win = game_pnl > 0 (decisive only),COMPATIBILITY_ONLY_NOT_PRODUCTION,1043.0180,900.3165,-62.2697,22,17,0.05970149,,0.05970149,0.05970149,62.2697,1043.0180,THIN_EXPOSURE,0.0000,-2.4908,4.0000,96.0000,AG03-UNRESOLVED,ALL5_LEVELS_bet23_to_bet27,-2.4908,-2.4908,-3.1135,0.0000,0.0000,4.000000,4.000000,5.000000,0.000000,0.000000,96.000000,96.000000,95.000000,100.000000,100.000000,5.0,-8.0951,-7.7513,-54.1747,-54.5184,PENDING_AG03,FALSE,NOT_FOR_ENFORCEMENT,-59.7789,864.3039,-62.2697,-59.7789,-2.4908,-0.05970149,-0.05731343,-2.4908,-59.7789,-0.05731343,-2.4908,-2.4908,-3.1135,0.0000,0.0000,-59.7789,-0.05731343,-8.0951,-7.7513,-54.1747,-54.5184,-0.05194030,-0.05226985,-0.00238806,47.4099,52.9598,-3.6629,-62.2697,-6.9189,1043.0180,17.0000,,47.4099,10.3783,45.405,77.8372,129.7286,129.7286,129.7286,25.9457,-2.5946,2.857143,2.857143,1.044156,9,9,1,4,0E-8,-0.05970149,,0E-8,0.000000,0.863184,0.000000,,2026-05-19,2026-05-19,1,9,9,1,1.000000,,,0.000000,,,,,,,,GLOBAL_BASELINE_NO_ENTITY_RANKING,,,NOT_APPLICABLE_GLOBAL_BASELINE,HF9g-P5,,,,X 全窗基线 · 不参与实体赏罚,3922074,393,A168_HF9F_20260827_0900,2026-08-27 09:00:00
2026-05-19,96240595,526,0,129.7286077526,-129.7286077526,-129.7286077526,0E-7,1,1,0.49324550000000000,0.493245500000,-0.9865810262130424,-0.9865810262130424,-0.9865810262130424,0E-17,ELIGIBLE,R03b_20260811_FULL_v1,L1_ELIGIBILITY,v2026-08-11,2026-03-21..2026-08-06,baccarat_bet02_101_all_pairs_incl_sentinel,round_win = game_pnl > 0 (decisive only),COMPATIBILITY_ONLY_NOT_PRODUCTION,1043.0180,900.3165,-62.2697,22,17,0.05970149,,0.05970149,0.05970149,62.2697,1043.0180,THIN_EXPOSURE,0.0000,-2.4908,4.0000,96.0000,AG03-UNRESOLVED,ALL5_LEVELS_bet23_to_bet27,-2.4908,-2.4908,-3.1135,0.0000,0.0000,4.000000,4.000000,5.000000,0.000000,0.000000,96.000000,96.000000,95.000000,100.000000,100.000000,5.0,-8.0951,-7.7513,-54.1747,-54.5184,PENDING_AG03,FALSE,NOT_FOR_ENFORCEMENT,-59.7789,864.3039,-62.2697,-59.7789,-2.4908,-0.05970149,-0.05731343,-2.4908,-59.7789,-0.05731343,-2.4908,-2.4908,-3.1135,0.0000,0.0000,-59.7789,-0.05731343,-8.0951,-7.7513,-54.1747,-54.5184,-0.05194030,-0.05226985,-0.00238806,47.4099,52.9598,-3.6629,-62.2697,-6.9189,1043.0180,17.0000,,47.4099,10.3783,45.405,77.8372,129.7286,129.7286,129.7286,25.9457,-2.5946,2.857143,2.857143,1.044156,9,9,1,4,0E-8,-0.05970149,,0E-8,0.000000,0.863184,0.000000,,2026-05-19,2026-05-19,1,9,9,1,1.000000,,,0.000000,,,,,,,,GLOBAL_BASELINE_NO_ENTITY_RANKING,,,NOT_APPLICABLE_GLOBAL_BASELINE,HF9g-P5,,,,X 全窗基线 · 不参与实体赏罚,3922075,393,A168_HF9F_20260827_0900,2026-08-27 09:00:00
2026-05-19,96240595,925,0,337.2943801568,269.8355041254,269.8355041254,1.0000000,6,3,0.48204276410247783,0.293989133333,1.7954147783007661,2.684112293528575,1.7954147783007661,0.18805363076947783,ELIGIBLE,R03b_20260811_FULL_v1,L1_ELIGIBILITY,v2026-08-11,2026-03-21..2026-08-06,baccarat_bet02_101_all_pairs_incl_sentinel,round_win = game_pnl > 0 (decisive only),COMPATIBILITY_ONLY_NOT_PRODUCTION,1043.0180,900.3165,-62.2697,22,17,0.05970149,,0.05970149,0.05970149,62.2697,1043.0180,THIN_EXPOSURE,0.0000,-2.4908,4.0000,96.0000,AG03-UNRESOLVED,ALL5_LEVELS_bet23_to_bet27,-2.4908,-2.4908,-3.1135,0.0000,0.0000,4.000000,4.000000,5.000000,0.000000,0.000000,96.000000,96.000000,95.000000,100.000000,100.000000,5.0,-8.0951,-7.7513,-54.1747,-54.5184,PENDING_AG03,FALSE,NOT_FOR_ENFORCEMENT,-59.7789,864.3039,-62.2697,-59.7789,-2.4908,-0.05970149,-0.05731343,-2.4908,-59.7789,-0.05731343,-2.4908,-2.4908,-3.1135,0.0000,0.0000,-59.7789,-0.05731343,-8.0951,-7.7513,-54.1747,-54.5184,-0.05194030,-0.05226985,-0.00238806,47.4099,52.9598,-3.6629,-62.2697,-6.9189,1043.0180,17.0000,,47.4099,10.3783,45.405,77.8372,129.7286,129.7286,129.7286,25.9457,-2.5946,2.857143,2.857143,1.044156,9,9,1,4,0E-8,-0.05970149,,0E-8,0.000000,0.863184,0.000000,,2026-05-19,2026-05-19,1,9,9,1,1.000000,,,0.000000,,,,,,,,GLOBAL_BASELINE_NO_ENTITY_RANKING,,,NOT_APPLICABLE_GLOBAL_BASELINE,HF9g-P5,,,,X 全窗基线 · 不参与实体赏罚,3922076,393,A168_HF9F_20260827_0900,2026-08-27 09:00:00
2026-05-04,149556072,1399,0,77.8371646515,-77.8371646515,-77.8371646515,0E-7,1,1,0.49324550000000000,0.493245500000,-0.9865810262130424,-0.9865810262130424,-0.9865810262130424,0E-17,ELIGIBLE,R03b_20260811_FULL_v1,L1_ELIGIBILITY,v2026-08-11,2026-03-21..2026-08-06,baccarat_bet02_101_all_pairs_incl_sentinel,round_win = game_pnl > 0 (decisive only),COMPATIBILITY_ONLY_NOT_PRODUCTION,1131.2335,1131.2335,-62.2697,4,4,0.05504587,,0.05504587,0.05504587,62.2697,1131.2335,THIN_EXPOSURE,0.0000,-2.4908,4.0000,96.0000,AG03-UNRESOLVED,ALL5_LEVELS_bet23_to_bet27,-2.4908,-2.4908,-2.4908,-2.4908,-2.4908,4.000000,4.000000,4.000000,4.000000,4.000000,96.000000,96.000000,96.000000,96.000000,96.000000,5.0,-12.4539,-11.4967,-49.8158,-50.773,PENDING_AG03,FALSE,NOT_FOR_ENFORCEMENT,-59.7789,1085.9841,-62.2697,-59.7789,-2.4908,-0.05504587,-0.05284404,-2.4908,-59.7789,-0.05284404,-2.4908,-2.4908,-2.4908,-2.4908,-2.4908,-59.7789,-0.05284404,-12.4539,-11.4967,-49.8158,-50.773,-0.04403670,-0.0448829,-0.00220183,282.8084,282.8084,-15.5674,-62.2697,-62.2697,1131.2335,4.0000,,282.8084,118.053,228.3224,447.5637,596.7516,596.7516,596.7516,228.3224,-118.053,2.613636,2.613636,1.238636,1,2,1,1,0E-8,-0.05504587,,0E-8,0.000000,1.000000,0.000000,,2026-05-04,2026-05-04,1,1,1,1,1.000000,,,0.000000,,,,,,,,GLOBAL_BASELINE_NO_ENTITY_RANKING,,,NOT_APPLICABLE_GLOBAL_BASELINE,HF9g-P5,,,,X 全窗基线 · 不参与实体赏罚,3922077,393,A168_HF9F_20260827_0900,2026-08-27 09:00:00
2026-05-04,149556072,2220,0,1053.3962949509,140.1068963729,140.1068963729,0.3333333,3,3,0.49324550000000000,0.493245500000,-0.5540025479526107,-0.5540025479526106,-0.5540025479526107,0E-17,ELIGIBLE,R03b_20260811_FULL_v1,L1_ELIGIBILITY,v2026-08-11,2026-03-21..2026-08-06,baccarat_bet02_101_all_pairs_incl_sentinel,round_win = game_pnl > 0 (decisive only),COMPATIBILITY_ONLY_NOT_PRODUCTION,1131.2335,1131.2335,-62.2697,4,4,0.05504587,,0.05504587,0.05504587,62.2697,1131.2335,THIN_EXPOSURE,0.0000,-2.4908,4.0000,96.0000,AG03-UNRESOLVED,ALL5_LEVELS_bet23_to_bet27,-2.4908,-2.4908,-2.4908,-2.4908,-2.4908,4.000000,4.000000,4.000000,4.000000,4.000000,96.000000,96.000000,96.000000,96.000000,96.000000,5.0,-12.4539,-11.4967,-49.8158,-50.773,PENDING_AG03,FALSE,NOT_FOR_ENFORCEMENT,-59.7789,1085.9841,-62.2697,-59.7789,-2.4908,-0.05504587,-0.05284404,-2.4908,-59.7789,-0.05284404,-2.4908,-2.4908,-2.4908,-2.4908,-2.4908,-59.7789,-0.05284404,-12.4539,-11.4967,-49.8158,-50.773,-0.04403670,-0.0448829,-0.00220183,282.8084,282.8084,-15.5674,-62.2697,-62.2697,1131.2335,4.0000,,282.8084,118.053,228.3224,447.5637,596.7516,596.7516,596.7516,228.3224,-118.053,2.613636,2.613636,1.238636,1,2,1,1,0E-8,-0.05504587,,0E-8,0.000000,1.000000,0.000000,,2026-05-04,2026-05-04,1,1,1,1,1.000000,,,0.000000,,,,,,,,GLOBAL_BASELINE_NO_ENTITY_RANKING,,,NOT_APPLICABLE_GLOBAL_BASELINE,HF9g-P5,,,,X 全窗基线 · 不参与实体赏罚,3922078,393,A168_HF9F_20260827_0900,2026-08-27 09:00:00
2026-05-16,150110926,1306,0,207.5657724040,-105.0801722795,-105.0801722795,0.2857143,7,7,0.49899058571428571,0.498990585714,-1.1285544004973334,-1.1285544004958228,-1.1285544004973334,2.8571E-13,ELIGIBLE,R03b_20260811_FULL_v1,L1_ELIGIBILITY,v2026-08-11,2026-03-21..2026-08-06,baccarat_bet02_101_all_pairs_incl_sentinel,round_win = game_pnl > 0 (decisive only),COMPATIBILITY_ONLY_NOT_PRODUCTION,1504.8518,1427.0147,-62.2697,46,46,0.04137931,,0.04137931,0.04137931,62.2697,1504.8518,OK,0.0000,-2.4908,4.0000,96.0000,AG03-UNRESOLVED,ALL5_LEVELS_bet23_to_bet27,-2.4908,-2.4908,-3.1135,-3.1135,-3.1135,4.000000,4.000000,5.000000,5.000000,5.000000,96.000000,96.000000,95.000000,95.000000,95.000000,5.0,-14.3220,-13.0669,-47.9477,-49.2029,PENDING_AG03,FALSE,NOT_FOR_ENFORCEMENT,-59.7789,1369.9341,-62.2697,-59.7789,-2.4908,-0.04137931,-0.03972414,-2.4908,-59.7789,-0.03972414,-2.4908,-2.4908,-3.1135,-3.1135,-3.1135,-59.7789,-0.03972414,-14.3220,-13.0669,-47.9477,-49.2029,-0.03186207,-0.03269614,-0.00165517,32.7142,31.0221,-1.3537,-62.2697,-5.1891,1504.8518,46.0000,,32.7142,25.9457,25.9457,25.9457,51.8914,57.0806,103.7829,25.9457,12.3242,2.200001,4.0,1.26087,10,15,1,3,0E-8,-0.04137931,,0E-8,0.000000,0.948276,0.000000,,2026-05-16,2026-05-16,1,12,10,1,1.000000,,,0.000000,,,,,,,,GLOBAL_BASELINE_NO_ENTITY_RANKING,,,NOT_APPLICABLE_GLOBAL_BASELINE,HF9g-P5,,,,X 全窗基线 · 不参与实体赏罚,3922079,393,A168_HF9F_20260827_0900,2026-08-27 09:00:00
2026-05-16,150110926,1399,0,51.8914431010,-51.8914431010,-51.8914431010,0E-7,2,2,0.28010605000000000,0.280106050000,-0.8821490699244685,-0.8821490699244685,-0.8821490699244685,0E-17,ELIGIBLE,R03b_20260811_FULL_v1,L1_ELIGIBILITY,v2026-08-11,2026-03-21..2026-08-06,baccarat_bet02_101_all_pairs_incl_sentinel,round_win = game_pnl > 0 (decisive only),COMPATIBILITY_ONLY_NOT_PRODUCTION,1504.8518,1427.0147,-62.2697,46,46,0.04137931,,0.04137931,0.04137931,62.2697,1504.8518,OK,0.0000,-2.4908,4.0000,96.0000,AG03-UNRESOLVED,ALL5_LEVELS_bet23_to_bet27,-2.4908,-2.4908,-3.1135,-3.1135,-3.1135,4.000000,4.000000,5.000000,5.000000,5.000000,96.000000,96.000000,95.000000,95.000000,95.000000,5.0,-14.3220,-13.0669,-47.9477,-49.2029,PENDING_AG03,FALSE,NOT_FOR_ENFORCEMENT,-59.7789,1369.9341,-62.2697,-59.7789,-2.4908,-0.04137931,-0.03972414,-2.4908,-59.7789,-0.03972414,-2.4908,-2.4908,-3.1135,-3.1135,-3.1135,-59.7789,-0.03972414,-14.3220,-13.0669,-47.9477,-49.2029,-0.03186207,-0.03269614,-0.00165517,32.7142,31.0221,-1.3537,-62.2697,-5.1891,1504.8518,46.0000,,32.7142,25.9457,25.9457,25.9457,51.8914,57.0806,103.7829,25.9457,12.3242,2.200001,4.0,1.26087,10,15,1,3,0E-8,-0.04137931,,0E-8,0.000000,0.948276,0.000000,,2026-05-16,2026-05-16,1,12,10,1,1.000000,,,0.000000,,,,,,,,GLOBAL_BASELINE_NO_ENTITY_RANKING,,,NOT_APPLICABLE_GLOBAL_BASELINE,HF9g-P5,,,,X 全窗基线 · 不参与实体赏罚,3922080,393,A168_HF9F_20260827_0900,2026-08-27 09:00:00
2026-05-16,150110926,1401,0,103.7828862020,24.6484354730,24.6484354730,0.6666667,4,4,0.49994810000000000,0.499948100000,0.5775300591747329,0.5775300591747329,0.5775300591747329,0E-17,ELIGIBLE,R03b_20260811_FULL_v1,L1_ELIGIBILITY,v2026-08-11,2026-03-21..2026-08-06,baccarat_bet02_101_all_pairs_incl_sentinel,round_win = game_pnl > 0 (decisive only),COMPATIBILITY_ONLY_NOT_PRODUCTION,1504.8518,1427.0147,-62.2697,46,46,0.04137931,,0.04137931,0.04137931,62.2697,1504.8518,OK,0.0000,-2.4908,4.0000,96.0000,AG03-UNRESOLVED,ALL5_LEVELS_bet23_to_bet27,-2.4908,-2.4908,-3.1135,-3.1135,-3.1135,4.000000,4.000000,5.000000,5.000000,5.000000,96.000000,96.000000,95.000000,95.000000,95.000000,5.0,-14.3220,-13.0669,-47.9477,-49.2029,PENDING_AG03,FALSE,NOT_FOR_ENFORCEMENT,-59.7789,1369.9341,-62.2697,-59.7789,-2.4908,-0.04137931,-0.03972414,-2.4908,-59.7789,-0.03972414,-2.4908,-2.4908,-3.1135,-3.1135,-3.1135,-59.7789,-0.03972414,-14.3220,-13.0669,-47.9477,-49.2029,-0.03186207,-0.03269614,-0.00165517,32.7142,31.0221,-1.3537,-62.2697,-5.1891,1504.8518,46.0000,,32.7142,25.9457,25.9457,25.9457,51.8914,57.0806,103.7829,25.9457,12.3242,2.200001,4.0,1.26087,10,15,1,3,0E-8,-0.04137931,,0E-8,0.000000,0.948276,0.000000,,2026-05-16,2026-05-16,1,12,10,1,1.000000,,,0.000000,,,,,,,,GLOBAL_BASELINE_NO_ENTITY_RANKING,,,NOT_APPLICABLE_GLOBAL_BASELINE,HF9g-P5,,,,X 全窗基线 · 不参与实体赏罚,3922081,393,A168_HF9F_20260827_0900,2026-08-27 09:00:00
2026-05-16,150110926,1505,0,77.8371646515,25.9457215505,25.9457215505,0.6666667,3,3,0.49771390000000000,0.497713900000,0.5852756695216578,0.5852756695216578,0.5852756695216578,0E-17,ELIGIBLE,R03b_20260811_FULL_v1,L1_ELIGIBILITY,v2026-08-11,2026-03-21..2026-08-06,baccarat_bet02_101_all_pairs_incl_sentinel,round_win = game_pnl > 0 (decisive only),COMPATIBILITY_ONLY_NOT_PRODUCTION,1504.8518,1427.0147,-62.2697,46,46,0.04137931,,0.04137931,0.04137931,62.2697,1504.8518,OK,0.0000,-2.4908,4.0000,96.0000,AG03-UNRESOLVED,ALL5_LEVELS_bet23_to_bet27,-2.4908,-2.4908,-3.1135,-3.1135,-3.1135,4.000000,4.000000,5.000000,5.000000,5.000000,96.000000,96.000000,95.000000,95.000000,95.000000,5.0,-14.3220,-13.0669,-47.9477,-49.2029,PENDING_AG03,FALSE,NOT_FOR_ENFORCEMENT,-59.7789,1369.9341,-62.2697,-59.7789,-2.4908,-0.04137931,-0.03972414,-2.4908,-59.7789,-0.03972414,-2.4908,-2.4908,-3.1135,-3.1135,-3.1135,-59.7789,-0.03972414,-14.3220,-13.0669,-47.9477,-49.2029,-0.03186207,-0.03269614,-0.00165517,32.7142,31.0221,-1.3537,-62.2697,-5.1891,1504.8518,46.0000,,32.7142,25.9457,25.9457,25.9457,51.8914,57.0806,103.7829,25.9457,12.3242,2.200001,4.0,1.26087,10,15,1,3,0E-8,-0.04137931,,0E-8,0.000000,0.948276,0.000000,,2026-05-16,2026-05-16,1,12,10,1,1.000000,,,0.000000,,,,,,,,GLOBAL_BASELINE_NO_ENTITY_RANKING,,,NOT_APPLICABLE_GLOBAL_BASELINE,HF9g-P5,,,,X 全窗基线 · 不参与实体赏罚,3922082,393,A168_HF9F_20260827_0900,2026-08-27 09:00:00
2026-05-16,150110926,2103,0,77.8371646515,76.5398785740,76.5398785740,1.0000000,3,3,0.49771390000000000,0.497713900000,1.739988277604938,1.739988277604938,1.739988277604938,0E-17,ELIGIBLE,R03b_20260811_FULL_v1,L1_ELIGIBILITY,v2026-08-11,2026-03-21..2026-08-06,baccarat_bet02_101_all_pairs_incl_sentinel,round_win = game_pnl > 0 (decisive only),COMPATIBILITY_ONLY_NOT_PRODUCTION,1504.8518,1427.0147,-62.2697,46,46,0.04137931,,0.04137931,0.04137931,62.2697,1504.8518,OK,0.0000,-2.4908,4.0000,96.0000,AG03-UNRESOLVED,ALL5_LEVELS_bet23_to_bet27,-2.4908,-2.4908,-3.1135,-3.1135,-3.1135,4.000000,4.000000,5.000000,5.000000,5.000000,96.000000,96.000000,95.000000,95.000000,95.000000,5.0,-14.3220,-13.0669,-47.9477,-49.2029,PENDING_AG03,FALSE,NOT_FOR_ENFORCEMENT,-59.7789,1369.9341,-62.2697,-59.7789,-2.4908,-0.04137931,-0.03972414,-2.4908,-59.7789,-0.03972414,-2.4908,-2.4908,-3.1135,-3.1135,-3.1135,-59.7789,-0.03972414,-14.3220,-13.0669,-47.9477,-49.2029,-0.03186207,-0.03269614,-0.00165517,32.7142,31.0221,-1.3537,-62.2697,-5.1891,1504.8518,46.0000,,32.7142,25.9457,25.9457,25.9457,51.8914,57.0806,103.7829,25.9457,12.3242,2.200001,4.0,1.26087,10,15,1,3,0E-8,-0.04137931,,0E-8,0.000000,0.948276,0.000000,,2026-05-16,2026-05-16,1,12,10,1,1.000000,,,0.000000,,,,,,,,GLOBAL_BASELINE_NO_ENTITY_RANKING,,,NOT_APPLICABLE_GLOBAL_BASELINE,HF9g-P5,,,,X 全窗基线 · 不参与实体赏罚,3922083,393,A168_HF9F_20260827_0900,2026-08-27 09:00:00
2026-05-16,150110926,2115,0,25.9457215505,-25.9457215505,-25.9457215505,0E-7,1,1,0.50665070000000000,0.506650700000,-1.013391052207602,-1.013391052207602,-1.013391052207602,0E-17,ELIGIBLE,R03b_20260811_FULL_v1,L1_ELIGIBILITY,v2026-08-11,2026-03-21..2026-08-06,baccarat_bet02_101_all_pairs_incl_sentinel,round_win = game_pnl > 0 (decisive only),COMPATIBILITY_ONLY_NOT_PRODUCTION,1504.8518,1427.0147,-62.2697,46,46,0.04137931,,0.04137931,0.04137931,62.2697,1504.8518,OK,0.0000,-2.4908,4.0000,96.0000,AG03-UNRESOLVED,ALL5_LEVELS_bet23_to_bet27,-2.4908,-2.4908,-3.1135,-3.1135,-3.1135,4.000000,4.000000,5.000000,5.000000,5.000000,96.000000,96.000000,95.000000,95.000000,95.000000,5.0,-14.3220,-13.0669,-47.9477,-49.2029,PENDING_AG03,FALSE,NOT_FOR_ENFORCEMENT,-59.7789,1369.9341,-62.2697,-59.7789,-2.4908,-0.04137931,-0.03972414,-2.4908,-59.7789,-0.03972414,-2.4908,-2.4908,-3.1135,-3.1135,-3.1135,-59.7789,-0.03972414,-14.3220,-13.0669,-47.9477,-49.2029,-0.03186207,-0.03269614,-0.00165517,32.7142,31.0221,-1.3537,-62.2697,-5.1891,1504.8518,46.0000,,32.7142,25.9457,25.9457,25.9457,51.8914,57.0806,103.7829,25.9457,12.3242,2.200001,4.0,1.26087,10,15,1,3,0E-8,-0.04137931,,0E-8,0.000000,0.948276,0.000000,,2026-05-16,2026-05-16,1,12,10,1,1.000000,,,0.000000,,,,,,,,GLOBAL_BASELINE_NO_ENTITY_RANKING,,,NOT_APPLICABLE_GLOBAL_BASELINE,HF9g-P5,,,,X 全窗基线 · 不参与实体赏罚,3922084,393,A168_HF9F_20260827_0900,2026-08-27 09:00:00
2026-05-16,150110926,2117,0,25.9457215505,-25.9457215505,-25.9457215505,0E-7,1,1,0.49324550000000000,0.493245500000,-0.9865810262130424,-0.9865810262130424,-0.9865810262130424,0E-17,ELIGIBLE,R03b_20260811_FULL_v1,L1_ELIGIBILITY,v2026-08-11,2026-03-21..2026-08-06,baccarat_bet02_101_all_pairs_incl_sentinel,round_win = game_pnl > 0 (decisive only),COMPATIBILITY_ONLY_NOT_PRODUCTION,1504.8518,1427.0147,-62.2697,46,46,0.04137931,,0.04137931,0.04137931,62.2697,1504.8518,OK,0.0000,-2.4908,4.0000,96.0000,AG03-UNRESOLVED,ALL5_LEVELS_bet23_to_bet27,-2.4908,-2.4908,-3.1135,-3.1135,-3.1135,4.000000,4.000000,5.000000,5.000000,5.000000,96.000000,96.000000,95.000000,95.000000,95.000000,5.0,-14.3220,-13.0669,-47.9477,-49.2029,PENDING_AG03,FALSE,NOT_FOR_ENFORCEMENT,-59.7789,1369.9341,-62.2697,-59.7789,-2.4908,-0.04137931,-0.03972414,-2.4908,-59.7789,-0.03972414,-2.4908,-2.4908,-3.1135,-3.1135,-3.1135,-59.7789,-0.03972414,-14.3220,-13.0669,-47.9477,-49.2029,-0.03186207,-0.03269614,-0.00165517,32.7142,31.0221,-1.3537,-62.2697,-5.1891,1504.8518,46.0000,,32.7142,25.9457,25.9457,25.9457,51.8914,57.0806,103.7829,25.9457,12.3242,2.200001,4.0,1.26087,10,15,1,3,0E-8,-0.04137931,,0E-8,0.000000,0.948276,0.000000,,2026-05-16,2026-05-16,1,12,10,1,1.000000,,,0.000000,,,,,,,,GLOBAL_BASELINE_NO_ENTITY_RANKING,,,NOT_APPLICABLE_GLOBAL_BASELINE,HF9g-P5,,,,X 全窗基线 · 不参与实体赏罚,3922085,393,A168_HF9F_20260827_0900,2026-08-27 09:00:00
2026-05-16,150110926,2127,0,181.6200508536,25.9457215506,25.9457215506,0.5000000,2,2,0.49994810000000000,0.499948100000,0.00014679536856514622,0.00014679536856514622,0.00014679536856514622,0E-17,ELIGIBLE,R03b_20260811_FULL_v1,L1_ELIGIBILITY,v2026-08-11,2026-03-21..2026-08-06,baccarat_bet02_101_all_pairs_incl_sentinel,round_win = game_pnl > 0 (decisive only),COMPATIBILITY_ONLY_NOT_PRODUCTION,1504.8518,1427.0147,-62.2697,46,46,0.04137931,,0.04137931,0.04137931,62.2697,1504.8518,OK,0.0000,-2.4908,4.0000,96.0000,AG03-UNRESOLVED,ALL5_LEVELS_bet23_to_bet27,-2.4908,-2.4908,-3.1135,-3.1135,-3.1135,4.000000,4.000000,5.000000,5.000000,5.000000,96.000000,96.000000,95.000000,95.000000,95.000000,5.0,-14.3220,-13.0669,-47.9477,-49.2029,PENDING_AG03,FALSE,NOT_FOR_ENFORCEMENT,-59.7789,1369.9341,-62.2697,-59.7789,-2.4908,-0.04137931,-0.03972414,-2.4908,-59.7789,-0.03972414,-2.4908,-2.4908,-3.1135,-3.1135,-3.1135,-59.7789,-0.03972414,-14.3220,-13.0669,-47.9477,-49.2029,-0.03186207,-0.03269614,-0.00165517,32.7142,31.0221,-1.3537,-62.2697,-5.1891,1504.8518,46.0000,,32.7142,25.9457,25.9457,25.9457,51.8914,57.0806,103.7829,25.9457,12.3242,2.200001,4.0,1.26087,10,15,1,3,0E-8,-0.04137931,,0E-8,0.000000,0.948276,0.000000,,2026-05-16,2026-05-16,1,12,10,1,1.000000,,,0.000000,,,,,,,,GLOBAL_BASELINE_NO_ENTITY_RANKING,,,NOT_APPLICABLE_GLOBAL_BASELINE,HF9g-P5,,,,X 全窗基线 · 不参与实体赏罚,3922086,393,A168_HF9F_20260827_0900,2026-08-27 09:00:00
2026-05-16,150110926,2130,0,25.9457215505,25.9457215505,25.9457215505,1.0000000,1,1,0.49324550000000000,0.493245500000,1.01360149184955,1.01360149184955,1.01360149184955,0E-17,ELIGIBLE,R03b_20260811_FULL_v1,L1_ELIGIBILITY,v2026-08-11,2026-03-21..2026-08-06,baccarat_bet02_101_all_pairs_incl_sentinel,round_win = game_pnl > 0 (decisive only),COMPATIBILITY_ONLY_NOT_PRODUCTION,1504.8518,1427.0147,-62.2697,46,46,0.04137931,,0.04137931,0.04137931,62.2697,1504.8518,OK,0.0000,-2.4908,4.0000,96.0000,AG03-UNRESOLVED,ALL5_LEVELS_bet23_to_bet27,-2.4908,-2.4908,-3.1135,-3.1135,-3.1135,4.000000,4.000000,5.000000,5.000000,5.000000,96.000000,96.000000,95.000000,95.000000,95.000000,5.0,-14.3220,-13.0669,-47.9477,-49.2029,PENDING_AG03,FALSE,NOT_FOR_ENFORCEMENT,-59.7789,1369.9341,-62.2697,-59.7789,-2.4908,-0.04137931,-0.03972414,-2.4908,-59.7789,-0.03972414,-2.4908,-2.4908,-3.1135,-3.1135,-3.1135,-59.7789,-0.03972414,-14.3220,-13.0669,-47.9477,-49.2029,-0.03186207,-0.03269614,-0.00165517,32.7142,31.0221,-1.3537,-62.2697,-5.1891,1504.8518,46.0000,,32.7142,25.9457,25.9457,25.9457,51.8914,57.0806,103.7829,25.9457,12.3242,2.200001,4.0,1.26087,10,15,1,3,0E-8,-0.04137931,,0E-8,0.000000,0.948276,0.000000,,2026-05-16,2026-05-16,1,12,10,1,1.000000,,,0.000000,,,,,,,,GLOBAL_BASELINE_NO_ENTITY_RANKING,,,NOT_APPLICABLE_GLOBAL_BASELINE,HF9g-P5,,,,X 全窗基线 · 不参与实体赏罚,3922087,393,A168_HF9F_20260827_0900,2026-08-27 09:00:00
2026-05-16,150110926,2153,0,51.8914431010,0E-10,0E-10,0.5000000,2,2,0.49994810000000000,0.499948100000,0.00014679536856514622,0.00014679536856514622,0.00014679536856514622,0E-17,ELIGIBLE,R03b_20260811_FULL_v1,L1_ELIGIBILITY,v2026-08-11,2026-03-21..2026-08-06,baccarat_bet02_101_all_pairs_incl_sentinel,round_win = game_pnl > 0 (decisive only),COMPATIBILITY_ONLY_NOT_PRODUCTION,1504.8518,1427.0147,-62.2697,46,46,0.04137931,,0.04137931,0.04137931,62.2697,1504.8518,OK,0.0000,-2.4908,4.0000,96.0000,AG03-UNRESOLVED,ALL5_LEVELS_bet23_to_bet27,-2.4908,-2.4908,-3.1135,-3.1135,-3.1135,4.000000,4.000000,5.000000,5.000000,5.000000,96.000000,96.000000,95.000000,95.000000,95.000000,5.0,-14.3220,-13.0669,-47.9477,-49.2029,PENDING_AG03,FALSE,NOT_FOR_ENFORCEMENT,-59.7789,1369.9341,-62.2697,-59.7789,-2.4908,-0.04137931,-0.03972414,-2.4908,-59.7789,-0.03972414,-2.4908,-2.4908,-3.1135,-3.1135,-3.1135,-59.7789,-0.03972414,-14.3220,-13.0669,-47.9477,-49.2029,-0.03186207,-0.03269614,-0.00165517,32.7142,31.0221,-1.3537,-62.2697,-5.1891,1504.8518,46.0000,,32.7142,25.9457,25.9457,25.9457,51.8914,57.0806,103.7829,25.9457,12.3242,2.200001,4.0,1.26087,10,15,1,3,0E-8,-0.04137931,,0E-8,0.000000,0.948276,0.000000,,2026-05-16,2026-05-16,1,12,10,1,1.000000,,,0.000000,,,,,,,,GLOBAL_BASELINE_NO_ENTITY_RANKING,,,NOT_APPLICABLE_GLOBAL_BASELINE,HF9g-P5,,,,X 全窗基线 · 不参与实体赏罚,3922088,393,A168_HF9F_20260827_0900,2026-08-27 09:00:00
2026-05-16,150110926,2196,0,207.5657724040,-106.3774583570,-106.3774583570,0.3333333,6,6,0.50218230000000000,0.502182300000,-0.8271955028234007,-0.8271955028234007,-0.8271955028234007,0E-17,ELIGIBLE,R03b_20260811_FULL_v1,L1_ELIGIBILITY,v2026-08-11,2026-03-21..2026-08-06,baccarat_bet02_101_all_pairs_incl_sentinel,round_win = game_pnl > 0 (decisive only),COMPATIBILITY_ONLY_NOT_PRODUCTION,1504.8518,1427.0147,-62.2697,46,46,0.04137931,,0.04137931,0.04137931,62.2697,1504.8518,OK,0.0000,-2.4908,4.0000,96.0000,AG03-UNRESOLVED,ALL5_LEVELS_bet23_to_bet27,-2.4908,-2.4908,-3.1135,-3.1135,-3.1135,4.000000,4.000000,5.000000,5.000000,5.000000,96.000000,96.000000,95.000000,95.000000,95.000000,5.0,-14.3220,-13.0669,-47.9477,-49.2029,PENDING_AG03,FALSE,NOT_FOR_ENFORCEMENT,-59.7789,1369.9341,-62.2697,-59.7789,-2.4908,-0.04137931,-0.03972414,-2.4908,-59.7789,-0.03972414,-2.4908,-2.4908,-3.1135,-3.1135,-3.1135,-59.7789,-0.03972414,-14.3220,-13.0669,-47.9477,-49.2029,-0.03186207,-0.03269614,-0.00165517,32.7142,31.0221,-1.3537,-62.2697,-5.1891,1504.8518,46.0000,,32.7142,25.9457,25.9457,25.9457,51.8914,57.0806,103.7829,25.9457,12.3242,2.200001,4.0,1.26087,10,15,1,3,0E-8,-0.04137931,,0E-8,0.000000,0.948276,0.000000,,2026-05-16,2026-05-16,1,12,10,1,1.000000,,,0.000000,,,,,,,,GLOBAL_BASELINE_NO_ENTITY_RANKING,,,NOT_APPLICABLE_GLOBAL_BASELINE,HF9g-P5,,,,X 全窗基线 · 不参与实体赏罚,3922089,393,A168_HF9F_20260827_0900,2026-08-27 09:00:00
2026-05-16,150110926,2220,0,25.9457215505,24.6484354730,24.6484354730,1.0000000,1,1,0.50665070000000000,0.506650700000,0.9867858985152569,0.9867858985152569,0.9867858985152569,0E-17,ELIGIBLE,R03b_20260811_FULL_v1,L1_ELIGIBILITY,v2026-08-11,2026-03-21..2026-08-06,baccarat_bet02_101_all_pairs_incl_sentinel,round_win = game_pnl > 0 (decisive only),COMPATIBILITY_ONLY_NOT_PRODUCTION,1504.8518,1427.0147,-62.2697,46,46,0.04137931,,0.04137931,0.04137931,62.2697,1504.8518,OK,0.0000,-2.4908,4.0000,96.0000,AG03-UNRESOLVED,ALL5_LEVELS_bet23_to_bet27,-2.4908,-2.4908,-3.1135,-3.1135,-3.1135,4.000000,4.000000,5.000000,5.000000,5.000000,96.000000,96.000000,95.000000,95.000000,95.000000,5.0,-14.3220,-13.0669,-47.9477,-49.2029,PENDING_AG03,FALSE,NOT_FOR_ENFORCEMENT,-59.7789,1369.9341,-62.2697,-59.7789,-2.4908,-0.04137931,-0.03972414,-2.4908,-59.7789,-0.03972414,-2.4908,-2.4908,-3.1135,-3.1135,-3.1135,-59.7789,-0.03972414,-14.3220,-13.0669,-47.9477,-49.2029,-0.03186207,-0.03269614,-0.00165517,32.7142,31.0221,-1.3537,-62.2697,-5.1891,1504.8518,46.0000,,32.7142,25.9457,25.9457,25.9457,51.8914,57.0806,103.7829,25.9457,12.3242,2.200001,4.0,1.26087,10,15,1,3,0E-8,-0.04137931,,0E-8,0.000000,0.948276,0.000000,,2026-05-16,2026-05-16,1,12,10,1,1.000000,,,0.000000,,,,,,,,GLOBAL_BASELINE_NO_ENTITY_RANKING,,,NOT_APPLICABLE_GLOBAL_BASELINE,HF9g-P5,,,,X 全窗基线 · 不参与实体赏罚,3922090,393,A168_HF9F_20260827_0900,2026-08-27 09:00:00
2026-05-16,150110926,2233,0,363.2401017070,199.7820559390,199.7820559390,0.7777778,10,10,0.50262914000000000,0.502629140000,1.65091465031381,1.6509146503138101,1.65091465031381,0E-17,ELIGIBLE,R03b_20260811_FULL_v1,L1_ELIGIBILITY,v2026-08-11,2026-03-21..2026-08-06,baccarat_bet02_101_all_pairs_incl_sentinel,round_win = game_pnl > 0 (decisive only),COMPATIBILITY_ONLY_NOT_PRODUCTION,1504.8518,1427.0147,-62.2697,46,46,0.04137931,,0.04137931,0.04137931,62.2697,1504.8518,OK,0.0000,-2.4908,4.0000,96.0000,AG03-UNRESOLVED,ALL5_LEVELS_bet23_to_bet27,-2.4908,-2.4908,-3.1135,-3.1135,-3.1135,4.000000,4.000000,5.000000,5.000000,5.000000,96.000000,96.000000,95.000000,95.000000,95.000000,5.0,-14.3220,-13.0669,-47.9477,-49.2029,PENDING_AG03,FALSE,NOT_FOR_ENFORCEMENT,-59.7789,1369.9341,-62.2697,-59.7789,-2.4908,-0.04137931,-0.03972414,-2.4908,-59.7789,-0.03972414,-2.4908,-2.4908,-3.1135,-3.1135,-3.1135,-59.7789,-0.03972414,-14.3220,-13.0669,-47.9477,-49.2029,-0.03186207,-0.03269614,-0.00165517,32.7142,31.0221,-1.3537,-62.2697,-5.1891,1504.8518,46.0000,,32.7142,25.9457,25.9457,25.9457,51.8914,57.0806,103.7829,25.9457,12.3242,2.200001,4.0,1.26087,10,15,1,3,0E-8,-0.04137931,,0E-8,0.000000,0.948276,0.000000,,2026-05-16,2026-05-16,1,12,10,1,1.000000,,,0.000000,,,,,,,,GLOBAL_BASELINE_NO_ENTITY_RANKING,,,NOT_APPLICABLE_GLOBAL_BASELINE,HF9g-P5,,,,X 全窗基线 · 不参与实体赏罚,3922091,393,A168_HF9F_20260827_0900,2026-08-27 09:00:00
2026-05-16,150110926,948,0,51.8914431010,0E-10,0E-10,0.5000000,2,2,0.49324550000000000,0.493245500000,0.01910635448239258,0.01910635448239258,0.01910635448239258,0E-17,ELIGIBLE,R03b_20260811_FULL_v1,L1_ELIGIBILITY,v2026-08-11,2026-03-21..2026-08-06,baccarat_bet02_101_all_pairs_incl_sentinel,round_win = game_pnl > 0 (decisive only),COMPATIBILITY_ONLY_NOT_PRODUCTION,1504.8518,1427.0147,-62.2697,46,46,0.04137931,,0.04137931,0.04137931,62.2697,1504.8518,OK,0.0000,-2.4908,4.0000,96.0000,AG03-UNRESOLVED,ALL5_LEVELS_bet23_to_bet27,-2.4908,-2.4908,-3.1135,-3.1135,-3.1135,4.000000,4.000000,5.000000,5.000000,5.000000,96.000000,96.000000,95.000000,95.000000,95.000000,5.0,-14.3220,-13.0669,-47.9477,-49.2029,PENDING_AG03,FALSE,NOT_FOR_ENFORCEMENT,-59.7789,1369.9341,-62.2697,-59.7789,-2.4908,-0.04137931,-0.03972414,-2.4908,-59.7789,-0.03972414,-2.4908,-2.4908,-3.1135,-3.1135,-3.1135,-59.7789,-0.03972414,-14.3220,-13.0669,-47.9477,-49.2029,-0.03186207,-0.03269614,-0.00165517,32.7142,31.0221,-1.3537,-62.2697,-5.1891,1504.8518,46.0000,,32.7142,25.9457,25.9457,25.9457,51.8914,57.0806,103.7829,25.9457,12.3242,2.200001,4.0,1.26087,10,15,1,3,0E-8,-0.04137931,,0E-8,0.000000,0.948276,0.000000,,2026-05-16,2026-05-16,1,12,10,1,1.000000,,,0.000000,,,,,,,,GLOBAL_BASELINE_NO_ENTITY_RANKING,,,NOT_APPLICABLE_GLOBAL_BASELINE,HF9g-P5,,,,X 全窗基线 · 不参与实体赏罚,3922092,393,A168_HF9F_20260827_0900,2026-08-27 09:00:00
2026-05-16,150110926,987,0,25.9457215505,-25.9457215505,-25.9457215505,0E-7,1,1,0.49324550000000000,0.493245500000,-0.9865810262130424,-0.9865810262130424,-0.9865810262130424,0E-17,ELIGIBLE,R03b_20260811_FULL_v1,L1_ELIGIBILITY,v2026-08-11,2026-03-21..2026-08-06,baccarat_bet02_101_all_pairs_incl_sentinel,round_win = game_pnl > 0 (decisive only),COMPATIBILITY_ONLY_NOT_PRODUCTION,1504.8518,1427.0147,-62.2697,46,46,0.04137931,,0.04137931,0.04137931,62.2697,1504.8518,OK,0.0000,-2.4908,4.0000,96.0000,AG03-UNRESOLVED,ALL5_LEVELS_bet23_to_bet27,-2.4908,-2.4908,-3.1135,-3.1135,-3.1135,4.000000,4.000000,5.000000,5.000000,5.000000,96.000000,96.000000,95.000000,95.000000,95.000000,5.0,-14.3220,-13.0669,-47.9477,-49.2029,PENDING_AG03,FALSE,NOT_FOR_ENFORCEMENT,-59.7789,1369.9341,-62.2697,-59.7789,-2.4908,-0.04137931,-0.03972414,-2.4908,-59.7789,-0.03972414,-2.4908,-2.4908,-3.1135,-3.1135,-3.1135,-59.7789,-0.03972414,-14.3220,-13.0669,-47.9477,-49.2029,-0.03186207,-0.03269614,-0.00165517,32.7142,31.0221,-1.3537,-62.2697,-5.1891,1504.8518,46.0000,,32.7142,25.9457,25.9457,25.9457,51.8914,57.0806,103.7829,25.9457,12.3242,2.200001,4.0,1.26087,10,15,1,3,0E-8,-0.04137931,,0E-8,0.000000,0.948276,0.000000,,2026-05-16,2026-05-16,1,12,10,1,1.000000,,,0.000000,,,,,,,,GLOBAL_BASELINE_NO_ENTITY_RANKING,,,NOT_APPLICABLE_GLOBAL_BASELINE,HF9g-P5,,,,X 全窗基线 · 不参与实体赏罚,3922093,393,A168_HF9F_20260827_0900,2026-08-27 09:00:00
2026-04-10,148449835,2145,0,4.7116718582,-4.7116718582,-4.7116718582,0E-7,1,1,0.50665070000000000,0.506650700000,-1.013391052207602,-1.013391052207602,-1.013391052207602,0E-17,ELIGIBLE,R03b_20260811_FULL_v1,L1_ELIGIBILITY,v2026-08-11,2026-03-21..2026-08-06,baccarat_bet02_101_all_pairs_incl_sentinel,round_win = game_pnl > 0 (decisive only),COMPATIBILITY_ONLY_NOT_PRODUCTION,328.5688,300.1692,-62.2681,42,42,0.18951301,,0.18951301,0.18951301,62.2681,328.5688,OK,0.0000,-2.4907,4.0000,96.0000,AG03-UNRESOLVED,ALL5_LEVELS_bet23_to_bet27,-2.4907,-2.4907,-3.1134,-3.1134,-3.1134,4.000000,4.000000,5.000000,5.000000,5.000000,96.000000,96.000000,95.000000,95.000000,95.000000,5.0,-14.3217,-13.0665,-47.9464,-49.2015,PENDING_AG03,FALSE,NOT_FOR_ENFORCEMENT,-59.7773,288.1624,-62.2681,-59.7773,-2.4907,-0.18951301,-0.18193249,-2.4907,-59.7773,-0.18193249,-2.4907,-2.4907,-3.1134,-3.1134,-3.1134,-59.7773,-0.18193249,-14.3217,-13.0665,-47.9464,-49.2015,-0.14592502,-0.14974499,-0.00758052,7.8231,7.1469,-1.4826,-15.5670,-2.9651,82.1422,10.5000,,7.8231,5.1636,6.3254,9.2944,13.6834,16.4201,25.8178,5.809,3.395,2.595918,4.081633,1.236779,17,17,5,2,0E-8,-0.18951301,,0E-8,0.000000,0.913566,0.000000,,2026-04-10,2026-07-03,4,21,19,85,0.047059,,,0.000000,,,,,,,,GLOBAL_BASELINE_NO_ENTITY_RANKING,,,NOT_APPLICABLE_GLOBAL_BASELINE,HF9g-P5,,,,X 全窗基线 · 不参与实体赏罚,3922094,393,A168_HF9F_20260827_0900,2026-08-27 09:00:00
2026-05-06,148449835,2103,0,10.3782886202,-10.3782886202,-10.3782886202,0E-7,1,1,0.49324550000000000,0.493245500000,-0.9865810262130424,-0.9865810262130424,-0.9865810262130424,0E-17,ELIGIBLE,R03b_20260811_FULL_v1,L1_ELIGIBILITY,v2026-08-11,2026-03-21..2026-08-06,baccarat_bet02_101_all_pairs_incl_sentinel,round_win = game_pnl > 0 (decisive only),COMPATIBILITY_ONLY_NOT_PRODUCTION,328.5688,300.1692,-62.2681,42,42,0.18951301,,0.18951301,0.18951301,62.2681,328.5688,OK,0.0000,-2.4907,4.0000,96.0000,AG03-UNRESOLVED,ALL5_LEVELS_bet23_to_bet27,-2.4907,-2.4907,-3.1134,-3.1134,-3.1134,4.000000,4.000000,5.000000,5.000000,5.000000,96.000000,96.000000,95.000000,95.000000,95.000000,5.0,-14.3217,-13.0665,-47.9464,-49.2015,PENDING_AG03,FALSE,NOT_FOR_ENFORCEMENT,-59.7773,288.1624,-62.2681,-59.7773,-2.4907,-0.18951301,-0.18193249,-2.4907,-59.7773,-0.18193249,-2.4907,-2.4907,-3.1134,-3.1134,-3.1134,-59.7773,-0.18193249,-14.3217,-13.0665,-47.9464,-49.2015,-0.14592502,-0.14974499,-0.00758052,7.8231,7.1469,-1.4826,-15.5670,-2.9651,82.1422,10.5000,,7.8231,5.1636,6.3254,9.2944,13.6834,16.4201,25.8178,5.809,3.395,2.595918,4.081633,1.236779,17,17,5,2,0E-8,-0.18951301,,0E-8,0.000000,0.913566,0.000000,,2026-04-10,2026-07-03,4,21,19,85,0.047059,,,0.000000,,,,,,,,GLOBAL_BASELINE_NO_ENTITY_RANKING,,,NOT_APPLICABLE_GLOBAL_BASELINE,HF9g-P5,,,,X 全窗基线 · 不参与实体赏罚,3922095,393,A168_HF9F_20260827_0900,2026-08-27 09:00:00
2026-05-06,148449835,2241,0,7.7837164652,-7.7837164652,-7.7837164652,0E-7,1,1,0.49324550000000000,0.493245500000,-0.9865810262130424,-0.9865810262130424,-0.9865810262130424,0E-17,ELIGIBLE,R03b_20260811_FULL_v1,L1_ELIGIBILITY,v2026-08-11,2026-03-21..2026-08-06,baccarat_bet02_101_all_pairs_incl_sentinel,round_win = game_pnl > 0 (decisive only),COMPATIBILITY_ONLY_NOT_PRODUCTION,328.5688,300.1692,-62.2681,42,42,0.18951301,,0.18951301,0.18951301,62.2681,328.5688,OK,0.0000,-2.4907,4.0000,96.0000,AG03-UNRESOLVED,ALL5_LEVELS_bet23_to_bet27,-2.4907,-2.4907,-3.1134,-3.1134,-3.1134,4.000000,4.000000,5.000000,5.000000,5.000000,96.000000,96.000000,95.000000,95.000000,95.000000,5.0,-14.3217,-13.0665,-47.9464,-49.2015,PENDING_AG03,FALSE,NOT_FOR_ENFORCEMENT,-59.7773,288.1624,-62.2681,-59.7773,-2.4907,-0.18951301,-0.18193249,-2.4907,-59.7773,-0.18193249,-2.4907,-2.4907,-3.1134,-3.1134,-3.1134,-59.7773,-0.18193249,-14.3217,-13.0665,-47.9464,-49.2015,-0.14592502,-0.14974499,-0.00758052,7.8231,7.1469,-1.4826,-15.5670,-2.9651,82.1422,10.5000,,7.8231,5.1636,6.3254,9.2944,13.6834,16.4201,25.8178,5.809,3.395,2.595918,4.081633,1.236779,17,17,5,2,0E-8,-0.18951301,,0E-8,0.000000,0.913566,0.000000,,2026-04-10,2026-07-03,4,21,19,85,0.047059,,,0.000000,,,,,,,,GLOBAL_BASELINE_NO_ENTITY_RANKING,,,NOT_APPLICABLE_GLOBAL_BASELINE,HF9g-P5,,,,X 全窗基线 · 不参与实体赏罚,3922096,393,A168_HF9F_20260827_0900,2026-08-27 09:00:00
2026-05-06,148449835,2261,0,13.7512324218,13.5177209278,13.5177209278,1.0000000,2,2,0.49994810000000000,0.499948100000,1.4143603653603398,1.4143603653603398,1.4143603653603398,0E-17,ELIGIBLE,R03b_20260811_FULL_v1,L1_ELIGIBILITY,v2026-08-11,2026-03-21..2026-08-06,baccarat_bet02_101_all_pairs_incl_sentinel,round_win = game_pnl > 0 (decisive only),COMPATIBILITY_ONLY_NOT_PRODUCTION,328.5688,300.1692,-62.2681,42,42,0.18951301,,0.18951301,0.18951301,62.2681,328.5688,OK,0.0000,-2.4907,4.0000,96.0000,AG03-UNRESOLVED,ALL5_LEVELS_bet23_to_bet27,-2.4907,-2.4907,-3.1134,-3.1134,-3.1134,4.000000,4.000000,5.000000,5.000000,5.000000,96.000000,96.000000,95.000000,95.000000,95.000000,5.0,-14.3217,-13.0665,-47.9464,-49.2015,PENDING_AG03,FALSE,NOT_FOR_ENFORCEMENT,-59.7773,288.1624,-62.2681,-59.7773,-2.4907,-0.18951301,-0.18193249,-2.4907,-59.7773,-0.18193249,-2.4907,-2.4907,-3.1134,-3.1134,-3.1134,-59.7773,-0.18193249,-14.3217,-13.0665,-47.9464,-49.2015,-0.14592502,-0.14974499,-0.00758052,7.8231,7.1469,-1.4826,-15.5670,-2.9651,82.1422,10.5000,,7.8231,5.1636,6.3254,9.2944,13.6834,16.4201,25.8178,5.809,3.395,2.595918,4.081633,1.236779,17,17,5,2,0E-8,-0.18951301,,0E-8,0.000000,0.913566,0.000000,,2026-04-10,2026-07-03,4,21,19,85,0.047059,,,0.000000,,,,,,,,GLOBAL_BASELINE_NO_ENTITY_RANKING,,,NOT_APPLICABLE_GLOBAL_BASELINE,HF9g-P5,,,,X 全窗基线 · 不参与实体赏罚,3922097,393,A168_HF9F_20260827_0900,2026-08-27 09:00:00
2026-06-01,148449835,1331,0,9.2575925116,-9.2575925116,-9.2575925116,0E-7,1,1,0.50665070000000000,0.506650700000,-1.013391052207602,-1.013391052207602,-1.013391052207602,0E-17,ELIGIBLE,R03b_20260811_FULL_v1,L1_ELIGIBILITY,v2026-08-11,2026-03-21..2026-08-06,baccarat_bet02_101_all_pairs_incl_sentinel,round_win = game_pnl > 0 (decisive only),COMPATIBILITY_ONLY_NOT_PRODUCTION,328.5688,300.1692,-62.2681,42,42,0.18951301,,0.18951301,0.18951301,62.2681,328.5688,OK,0.0000,-2.4907,4.0000,96.0000,AG03-UNRESOLVED,ALL5_LEVELS_bet23_to_bet27,-2.4907,-2.4907,-3.1134,-3.1134,-3.1134,4.000000,4.000000,5.000000,5.000000,5.000000,96.000000,96.000000,95.000000,95.000000,95.000000,5.0,-14.3217,-13.0665,-47.9464,-49.2015,PENDING_AG03,FALSE,NOT_FOR_ENFORCEMENT,-59.7773,288.1624,-62.2681,-59.7773,-2.4907,-0.18951301,-0.18193249,-2.4907,-59.7773,-0.18193249,-2.4907,-2.4907,-3.1134,-3.1134,-3.1134,-59.7773,-0.18193249,-14.3217,-13.0665,-47.9464,-49.2015,-0.14592502,-0.14974499,-0.00758052,7.8231,7.1469,-1.4826,-15.5670,-2.9651,82.1422,10.5000,,7.8231,5.1636,6.3254,9.2944,13.6834,16.4201,25.8178,5.809,3.395,2.595918,4.081633,1.236779,17,17,5,2,0E-8,-0.18951301,,0E-8,0.000000,0.913566,0.000000,,2026-04-10,2026-07-03,4,21,19,85,0.047059,,,0.000000,,,,,,,,GLOBAL_BASELINE_NO_ENTITY_RANKING,,,NOT_APPLICABLE_GLOBAL_BASELINE,HF9g-P5,,,,X 全窗基线 · 不参与实体赏罚,3922098,393,A168_HF9F_20260827_0900,2026-08-27 09:00:00
2026-06-01,148449835,1505,0,4.6287962558,4.6287962558,4.6287962558,1.0000000,1,1,0.49324550000000000,0.493245500000,1.01360149184955,1.01360149184955,1.01360149184955,0E-17,ELIGIBLE,R03b_20260811_FULL_v1,L1_ELIGIBILITY,v2026-08-11,2026-03-21..2026-08-06,baccarat_bet02_101_all_pairs_incl_sentinel,round_win = game_pnl > 0 (decisive only),COMPATIBILITY_ONLY_NOT_PRODUCTION,328.5688,300.1692,-62.2681,42,42,0.18951301,,0.18951301,0.18951301,62.2681,328.5688,OK,0.0000,-2.4907,4.0000,96.0000,AG03-UNRESOLVED,ALL5_LEVELS_bet23_to_bet27,-2.4907,-2.4907,-3.1134,-3.1134,-3.1134,4.000000,4.000000,5.000000,5.000000,5.000000,96.000000,96.000000,95.000000,95.000000,95.000000,5.0,-14.3217,-13.0665,-47.9464,-49.2015,PENDING_AG03,FALSE,NOT_FOR_ENFORCEMENT,-59.7773,288.1624,-62.2681,-59.7773,-2.4907,-0.18951301,-0.18193249,-2.4907,-59.7773,-0.18193249,-2.4907,-2.4907,-3.1134,-3.1134,-3.1134,-59.7773,-0.18193249,-14.3217,-13.0665,-47.9464,-49.2015,-0.14592502,-0.14974499,-0.00758052,7.8231,7.1469,-1.4826,-15.5670,-2.9651,82.1422,10.5000,,7.8231,5.1636,6.3254,9.2944,13.6834,16.4201,25.8178,5.809,3.395,2.595918,4.081633,1.236779,17,17,5,2,0E-8,-0.18951301,,0E-8,0.000000,0.913566,0.000000,,2026-04-10,2026-07-03,4,21,19,85,0.047059,,,0.000000,,,,,,,,GLOBAL_BASELINE_NO_ENTITY_RANKING,,,NOT_APPLICABLE_GLOBAL_BASELINE,HF9g-P5,,,,X 全窗基线 · 不参与实体赏罚,3922099,393,A168_HF9F_20260827_0900,2026-08-27 09:00:00
2026-07-03,148449835,-1,1,86.7477344900,24.7334314409,24.7334314409,0.5555556,11,11,0.49933877272727273,0.499338772727,0.33730099192032137,0.337300991921958,0.33730099192032137,2.7273E-13,SENTINEL_DEALER,R03b_20260811_FULL_v1,L1_ELIGIBILITY,v2026-08-11,2026-03-21..2026-08-06,baccarat_bet02_101_all_pairs_incl_sentinel,round_win = game_pnl > 0 (decisive only),COMPATIBILITY_ONLY_NOT_PRODUCTION,328.5688,300.1692,-62.2681,42,42,0.18951301,,0.18951301,0.18951301,62.2681,328.5688,OK,0.0000,-2.4907,4.0000,96.0000,AG03-UNRESOLVED,ALL5_LEVELS_bet23_to_bet27,-2.4907,-2.4907,-3.1134,-3.1134,-3.1134,4.000000,4.000000,5.000000,5.000000,5.000000,96.000000,96.000000,95.000000,95.000000,95.000000,5.0,-14.3217,-13.0665,-47.9464,-49.2015,PENDING_AG03,FALSE,NOT_FOR_ENFORCEMENT,-59.7773,288.1624,-62.2681,-59.7773,-2.4907,-0.18951301,-0.18193249,-2.4907,-59.7773,-0.18193249,-2.4907,-2.4907,-3.1134,-3.1134,-3.1134,-59.7773,-0.18193249,-14.3217,-13.0665,-47.9464,-49.2015,-0.14592502,-0.14974499,-0.00758052,7.8231,7.1469,-1.4826,-15.5670,-2.9651,82.1422,10.5000,,7.8231,5.1636,6.3254,9.2944,13.6834,16.4201,25.8178,5.809,3.395,2.595918,4.081633,1.236779,17,17,5,2,0E-8,-0.18951301,,0E-8,0.000000,0.913566,0.000000,,2026-04-10,2026-07-03,4,21,19,85,0.047059,,,0.000000,,,,,,,,GLOBAL_BASELINE_NO_ENTITY_RANKING,,,NOT_APPLICABLE_GLOBAL_BASELINE,HF9g-P5,,,,X 全窗基线 · 不参与实体赏罚,3922100,393,A168_HF9F_20260827_0900,2026-08-27 09:00:00
2026-07-03,148449835,1325,0,10.8434668112,-10.8434668112,-10.8434668112,0E-7,2,2,0.49324550000000000,0.493245500000,-1.3952362676504506,-1.3952362676504506,-1.3952362676504506,0E-17,ELIGIBLE,R03b_20260811_FULL_v1,L1_ELIGIBILITY,v2026-08-11,2026-03-21..2026-08-06,baccarat_bet02_101_all_pairs_incl_sentinel,round_win = game_pnl > 0 (decisive only),COMPATIBILITY_ONLY_NOT_PRODUCTION,328.5688,300.1692,-62.2681,42,42,0.18951301,,0.18951301,0.18951301,62.2681,328.5688,OK,0.0000,-2.4907,4.0000,96.0000,AG03-UNRESOLVED,ALL5_LEVELS_bet23_to_bet27,-2.4907,-2.4907,-3.1134,-3.1134,-3.1134,4.000000,4.000000,5.000000,5.000000,5.000000,96.000000,96.000000,95.000000,95.000000,95.000000,5.0,-14.3217,-13.0665,-47.9464,-49.2015,PENDING_AG03,FALSE,NOT_FOR_ENFORCEMENT,-59.7773,288.1624,-62.2681,-59.7773,-2.4907,-0.18951301,-0.18193249,-2.4907,-59.7773,-0.18193249,-2.4907,-2.4907,-3.1134,-3.1134,-3.1134,-59.7773,-0.18193249,-14.3217,-13.0665,-47.9464,-49.2015,-0.14592502,-0.14974499,-0.00758052,7.8231,7.1469,-1.4826,-15.5670,-2.9651,82.1422,10.5000,,7.8231,5.1636,6.3254,9.2944,13.6834,16.4201,25.8178,5.809,3.395,2.595918,4.081633,1.236779,17,17,5,2,0E-8,-0.18951301,,0E-8,0.000000,0.913566,0.000000,,2026-04-10,2026-07-03,4,21,19,85,0.047059,,,0.000000,,,,,,,,GLOBAL_BASELINE_NO_ENTITY_RANKING,,,NOT_APPLICABLE_GLOBAL_BASELINE,HF9g-P5,,,,X 全窗基线 · 不参与实体赏罚,3922101,393,A168_HF9F_20260827_0900,2026-08-27 09:00:00
2026-07-03,148449835,1330,0,5.1635556244,-5.1635556244,-5.1635556244,0E-7,1,1,0.50665070000000000,0.506650700000,-1.013391052207602,-1.013391052207602,-1.013391052207602,0E-17,ELIGIBLE,R03b_20260811_FULL_v1,L1_ELIGIBILITY,v2026-08-11,2026-03-21..2026-08-06,baccarat_bet02_101_all_pairs_incl_sentinel,round_win = game_pnl > 0 (decisive only),COMPATIBILITY_ONLY_NOT_PRODUCTION,328.5688,300.1692,-62.2681,42,42,0.18951301,,0.18951301,0.18951301,62.2681,328.5688,OK,0.0000,-2.4907,4.0000,96.0000,AG03-UNRESOLVED,ALL5_LEVELS_bet23_to_bet27,-2.4907,-2.4907,-3.1134,-3.1134,-3.1134,4.000000,4.000000,5.000000,5.000000,5.000000,96.000000,96.000000,95.000000,95.000000,95.000000,5.0,-14.3217,-13.0665,-47.9464,-49.2015,PENDING_AG03,FALSE,NOT_FOR_ENFORCEMENT,-59.7773,288.1624,-62.2681,-59.7773,-2.4907,-0.18951301,-0.18193249,-2.4907,-59.7773,-0.18193249,-2.4907,-2.4907,-3.1134,-3.1134,-3.1134,-59.7773,-0.18193249,-14.3217,-13.0665,-47.9464,-49.2015,-0.14592502,-0.14974499,-0.00758052,7.8231,7.1469,-1.4826,-15.5670,-2.9651,82.1422,10.5000,,7.8231,5.1636,6.3254,9.2944,13.6834,16.4201,25.8178,5.809,3.395,2.595918,4.081633,1.236779,17,17,5,2,0E-8,-0.18951301,,0E-8,0.000000,0.913566,0.000000,,2026-04-10,2026-07-03,4,21,19,85,0.047059,,,0.000000,,,,,,,,GLOBAL_BASELINE_NO_ENTITY_RANKING,,,NOT_APPLICABLE_GLOBAL_BASELINE,HF9g-P5,,,,X 全窗基线 · 不参与实体赏罚,3922102,393,A168_HF9F_20260827_0900,2026-08-27 09:00:00
2026-07-03,148449835,1384,0,42.5993339014,14.3030490796,14.3030490796,0.8333333,7,7,0.49516052857142857,0.495160528571,1.656779240065042,1.6567792400671557,1.656779240065042,4.2857E-13,ELIGIBLE,R03b_20260811_FULL_v1,L1_ELIGIBILITY,v2026-08-11,2026-03-21..2026-08-06,baccarat_bet02_101_all_pairs_incl_sentinel,round_win = game_pnl > 0 (decisive only),COMPATIBILITY_ONLY_NOT_PRODUCTION,328.5688,300.1692,-62.2681,42,42,0.18951301,,0.18951301,0.18951301,62.2681,328.5688,OK,0.0000,-2.4907,4.0000,96.0000,AG03-UNRESOLVED,ALL5_LEVELS_bet23_to_bet27,-2.4907,-2.4907,-3.1134,-3.1134,-3.1134,4.000000,4.000000,5.000000,5.000000,5.000000,96.000000,96.000000,95.000000,95.000000,95.000000,5.0,-14.3217,-13.0665,-47.9464,-49.2015,PENDING_AG03,FALSE,NOT_FOR_ENFORCEMENT,-59.7773,288.1624,-62.2681,-59.7773,-2.4907,-0.18951301,-0.18193249,-2.4907,-59.7773,-0.18193249,-2.4907,-2.4907,-3.1134,-3.1134,-3.1134,-59.7773,-0.18193249,-14.3217,-13.0665,-47.9464,-49.2015,-0.14592502,-0.14974499,-0.00758052,7.8231,7.1469,-1.4826,-15.5670,-2.9651,82.1422,10.5000,,7.8231,5.1636,6.3254,9.2944,13.6834,16.4201,25.8178,5.809,3.395,2.595918,4.081633,1.236779,17,17,5,2,0E-8,-0.18951301,,0E-8,0.000000,0.913566,0.000000,,2026-04-10,2026-07-03,4,21,19,85,0.047059,,,0.000000,,,,,,,,GLOBAL_BASELINE_NO_ENTITY_RANKING,,,NOT_APPLICABLE_GLOBAL_BASELINE,HF9g-P5,,,,X 全窗基线 · 不参与实体赏罚,3922103,393,A168_HF9F_20260827_0900,2026-08-27 09:00:00
2026-07-03,148449835,1942,0,35.3703560271,24.0492603206,24.0492603206,1.0000000,4,4,0.50329940000000000,0.503299400000,1.7206588134302945,1.7206588134302945,1.7206588134302945,0E-17,ELIGIBLE,R03b_20260811_FULL_v1,L1_ELIGIBILITY,v2026-08-11,2026-03-21..2026-08-06,baccarat_bet02_101_all_pairs_incl_sentinel,round_win = game_pnl > 0 (decisive only),COMPATIBILITY_ONLY_NOT_PRODUCTION,328.5688,300.1692,-62.2681,42,42,0.18951301,,0.18951301,0.18951301,62.2681,328.5688,OK,0.0000,-2.4907,4.0000,96.0000,AG03-UNRESOLVED,ALL5_LEVELS_bet23_to_bet27,-2.4907,-2.4907,-3.1134,-3.1134,-3.1134,4.000000,4.000000,5.000000,5.000000,5.000000,96.000000,96.000000,95.000000,95.000000,95.000000,5.0,-14.3217,-13.0665,-47.9464,-49.2015,PENDING_AG03,FALSE,NOT_FOR_ENFORCEMENT,-59.7773,288.1624,-62.2681,-59.7773,-2.4907,-0.18951301,-0.18193249,-2.4907,-59.7773,-0.18193249,-2.4907,-2.4907,-3.1134,-3.1134,-3.1134,-59.7773,-0.18193249,-14.3217,-13.0665,-47.9464,-49.2015,-0.14592502,-0.14974499,-0.00758052,7.8231,7.1469,-1.4826,-15.5670,-2.9651,82.1422,10.5000,,7.8231,5.1636,6.3254,9.2944,13.6834,16.4201,25.8178,5.809,3.395,2.595918,4.081633,1.236779,17,17,5,2,0E-8,-0.18951301,,0E-8,0.000000,0.913566,0.000000,,2026-04-10,2026-07-03,4,21,19,85,0.047059,,,0.000000,,,,,,,,GLOBAL_BASELINE_NO_ENTITY_RANKING,,,NOT_APPLICABLE_GLOBAL_BASELINE,HF9g-P5,,,,X 全窗基线 · 不参与实体赏罚,3922104,393,A168_HF9F_20260827_0900,2026-08-27 09:00:00
2026-07-03,148449835,1966,0,17.0397335605,1.5490666873,1.5490666873,0.5000000,2,2,0.49994810000000000,0.499948100000,0.00014679536856514622,0.00014679536856514622,0.00014679536856514622,0E-17,ELIGIBLE,R03b_20260811_FULL_v1,L1_ELIGIBILITY,v2026-08-11,2026-03-21..2026-08-06,baccarat_bet02_101_all_pairs_incl_sentinel,round_win = game_pnl > 0 (decisive only),COMPATIBILITY_ONLY_NOT_PRODUCTION,328.5688,300.1692,-62.2681,42,42,0.18951301,,0.18951301,0.18951301,62.2681,328.5688,OK,0.0000,-2.4907,4.0000,96.0000,AG03-UNRESOLVED,ALL5_LEVELS_bet23_to_bet27,-2.4907,-2.4907,-3.1134,-3.1134,-3.1134,4.000000,4.000000,5.000000,5.000000,5.000000,96.000000,96.000000,95.000000,95.000000,95.000000,5.0,-14.3217,-13.0665,-47.9464,-49.2015,PENDING_AG03,FALSE,NOT_FOR_ENFORCEMENT,-59.7773,288.1624,-62.2681,-59.7773,-2.4907,-0.18951301,-0.18193249,-2.4907,-59.7773,-0.18193249,-2.4907,-2.4907,-3.1134,-3.1134,-3.1134,-59.7773,-0.18193249,-14.3217,-13.0665,-47.9464,-49.2015,-0.14592502,-0.14974499,-0.00758052,7.8231,7.1469,-1.4826,-15.5670,-2.9651,82.1422,10.5000,,7.8231,5.1636,6.3254,9.2944,13.6834,16.4201,25.8178,5.809,3.395,2.595918,4.081633,1.236779,17,17,5,2,0E-8,-0.18951301,,0E-8,0.000000,0.913566,0.000000,,2026-04-10,2026-07-03,4,21,19,85,0.047059,,,0.000000,,,,,,,,GLOBAL_BASELINE_NO_ENTITY_RANKING,,,NOT_APPLICABLE_GLOBAL_BASELINE,HF9g-P5,,,,X 全窗基线 · 不参与实体赏罚,3922105,393,A168_HF9F_20260827_0900,2026-08-27 09:00:00
2026-07-03,148449835,2084,0,33.3049337774,-3.0981333747,-3.0981333747,0.5000000,2,2,0.50665070000000000,0.506650700000,-0.018812684590367487,-0.018812684590367487,-0.018812684590367487,0E-17,ELIGIBLE,R03b_20260811_FULL_v1,L1_ELIGIBILITY,v2026-08-11,2026-03-21..2026-08-06,baccarat_bet02_101_all_pairs_incl_sentinel,round_win = game_pnl > 0 (decisive only),COMPATIBILITY_ONLY_NOT_PRODUCTION,328.5688,300.1692,-62.2681,42,42,0.18951301,,0.18951301,0.18951301,62.2681,328.5688,OK,0.0000,-2.4907,4.0000,96.0000,AG03-UNRESOLVED,ALL5_LEVELS_bet23_to_bet27,-2.4907,-2.4907,-3.1134,-3.1134,-3.1134,4.000000,4.000000,5.000000,5.000000,5.000000,96.000000,96.000000,95.000000,95.000000,95.000000,5.0,-14.3217,-13.0665,-47.9464,-49.2015,PENDING_AG03,FALSE,NOT_FOR_ENFORCEMENT,-59.7773,288.1624,-62.2681,-59.7773,-2.4907,-0.18951301,-0.18193249,-2.4907,-59.7773,-0.18193249,-2.4907,-2.4907,-3.1134,-3.1134,-3.1134,-59.7773,-0.18193249,-14.3217,-13.0665,-47.9464,-49.2015,-0.14592502,-0.14974499,-0.00758052,7.8231,7.1469,-1.4826,-15.5670,-2.9651,82.1422,10.5000,,7.8231,5.1636,6.3254,9.2944,13.6834,16.4201,25.8178,5.809,3.395,2.595918,4.081633,1.236779,17,17,5,2,0E-8,-0.18951301,,0E-8,0.000000,0.913566,0.000000,,2026-04-10,2026-07-03,4,21,19,85,0.047059,,,0.000000,,,,,,,,GLOBAL_BASELINE_NO_ENTITY_RANKING,,,NOT_APPLICABLE_GLOBAL_BASELINE,HF9g-P5,,,,X 全窗基线 · 不参与实体赏罚,3922106,393,A168_HF9F_20260827_0900,2026-08-27 09:00:00
2026-07-03,148449835,2155,0,10.8434668112,10.8434668112,10.8434668112,1.0000000,1,1,0.49324550000000000,0.493245500000,1.01360149184955,1.01360149184955,1.01360149184955,0E-17,ELIGIBLE,R03b_20260811_FULL_v1,L1_ELIGIBILITY,v2026-08-11,2026-03-21..2026-08-06,baccarat_bet02_101_all_pairs_incl_sentinel,round_win = game_pnl > 0 (decisive only),COMPATIBILITY_ONLY_NOT_PRODUCTION,328.5688,300.1692,-62.2681,42,42,0.18951301,,0.18951301,0.18951301,62.2681,328.5688,OK,0.0000,-2.4907,4.0000,96.0000,AG03-UNRESOLVED,ALL5_LEVELS_bet23_to_bet27,-2.4907,-2.4907,-3.1134,-3.1134,-3.1134,4.000000,4.000000,5.000000,5.000000,5.000000,96.000000,96.000000,95.000000,95.000000,95.000000,5.0,-14.3217,-13.0665,-47.9464,-49.2015,PENDING_AG03,FALSE,NOT_FOR_ENFORCEMENT,-59.7773,288.1624,-62.2681,-59.7773,-2.4907,-0.18951301,-0.18193249,-2.4907,-59.7773,-0.18193249,-2.4907,-2.4907,-3.1134,-3.1134,-3.1134,-59.7773,-0.18193249,-14.3217,-13.0665,-47.9464,-49.2015,-0.14592502,-0.14974499,-0.00758052,7.8231,7.1469,-1.4826,-15.5670,-2.9651,82.1422,10.5000,,7.8231,5.1636,6.3254,9.2944,13.6834,16.4201,25.8178,5.809,3.395,2.595918,4.081633,1.236779,17,17,5,2,0E-8,-0.18951301,,0E-8,0.000000,0.913566,0.000000,,2026-04-10,2026-07-03,4,21,19,85,0.047059,,,0.000000,,,,,,,,GLOBAL_BASELINE_NO_ENTITY_RANKING,,,NOT_APPLICABLE_GLOBAL_BASELINE,HF9g-P5,,,,X 全窗基线 · 不参与实体赏罚,3922107,393,A168_HF9F_20260827_0900,2026-08-27 09:00:00
2026-07-03,148449835,2175,0,20.9124002788,4.9053778432,4.9053778432,0.5000000,2,2,0.49994810000000000,0.499948100000,0.00014679536856514622,0.00014679536856514622,0.00014679536856514622,0E-17,ELIGIBLE,R03b_20260811_FULL_v1,L1_ELIGIBILITY,v2026-08-11,2026-03-21..2026-08-06,baccarat_bet02_101_all_pairs_incl_sentinel,round_win = game_pnl > 0 (decisive only),COMPATIBILITY_ONLY_NOT_PRODUCTION,328.5688,300.1692,-62.2681,42,42,0.18951301,,0.18951301,0.18951301,62.2681,328.5688,OK,0.0000,-2.4907,4.0000,96.0000,AG03-UNRESOLVED,ALL5_LEVELS_bet23_to_bet27,-2.4907,-2.4907,-3.1134,-3.1134,-3.1134,4.000000,4.000000,5.000000,5.000000,5.000000,96.000000,96.000000,95.000000,95.000000,95.000000,5.0,-14.3217,-13.0665,-47.9464,-49.2015,PENDING_AG03,FALSE,NOT_FOR_ENFORCEMENT,-59.7773,288.1624,-62.2681,-59.7773,-2.4907,-0.18951301,-0.18193249,-2.4907,-59.7773,-0.18193249,-2.4907,-2.4907,-3.1134,-3.1134,-3.1134,-59.7773,-0.18193249,-14.3217,-13.0665,-47.9464,-49.2015,-0.14592502,-0.14974499,-0.00758052,7.8231,7.1469,-1.4826,-15.5670,-2.9651,82.1422,10.5000,,7.8231,5.1636,6.3254,9.2944,13.6834,16.4201,25.8178,5.809,3.395,2.595918,4.081633,1.236779,17,17,5,2,0E-8,-0.18951301,,0E-8,0.000000,0.913566,0.000000,,2026-04-10,2026-07-03,4,21,19,85,0.047059,,,0.000000,,,,,,,,GLOBAL_BASELINE_NO_ENTITY_RANKING,,,NOT_APPLICABLE_GLOBAL_BASELINE,HF9g-P5,,,,X 全窗基线 · 不参与实体赏罚,3922108,393,A168_HF9F_20260827_0900,2026-08-27 09:00:00
2026-07-03,148449835,2210,0,5.4217334056,5.4217334056,5.4217334056,1.0000000,1,1,0.49324550000000000,0.493245500000,1.01360149184955,1.01360149184955,1.01360149184955,0E-17,ELIGIBLE,R03b_20260811_FULL_v1,L1_ELIGIBILITY,v2026-08-11,2026-03-21..2026-08-06,baccarat_bet02_101_all_pairs_incl_sentinel,round_win = game_pnl > 0 (decisive only),COMPATIBILITY_ONLY_NOT_PRODUCTION,328.5688,300.1692,-62.2681,42,42,0.18951301,,0.18951301,0.18951301,62.2681,328.5688,OK,0.0000,-2.4907,4.0000,96.0000,AG03-UNRESOLVED,ALL5_LEVELS_bet23_to_bet27,-2.4907,-2.4907,-3.1134,-3.1134,-3.1134,4.000000,4.000000,5.000000,5.000000,5.000000,96.000000,96.000000,95.000000,95.000000,95.000000,5.0,-14.3217,-13.0665,-47.9464,-49.2015,PENDING_AG03,FALSE,NOT_FOR_ENFORCEMENT,-59.7773,288.1624,-62.2681,-59.7773,-2.4907,-0.18951301,-0.18193249,-2.4907,-59.7773,-0.18193249,-2.4907,-2.4907,-3.1134,-3.1134,-3.1134,-59.7773,-0.18193249,-14.3217,-13.0665,-47.9464,-49.2015,-0.14592502,-0.14974499,-0.00758052,7.8231,7.1469,-1.4826,-15.5670,-2.9651,82.1422,10.5000,,7.8231,5.1636,6.3254,9.2944,13.6834,16.4201,25.8178,5.809,3.395,2.595918,4.081633,1.236779,17,17,5,2,0E-8,-0.18951301,,0E-8,0.000000,0.913566,0.000000,,2026-04-10,2026-07-03,4,21,19,85,0.047059,,,0.000000,,,,,,,,GLOBAL_BASELINE_NO_ENTITY_RANKING,,,NOT_APPLICABLE_GLOBAL_BASELINE,HF9g-P5,,,,X 全窗基线 · 不参与实体赏罚,3922109,393,A168_HF9F_20260827_0900,2026-08-27 09:00:00
2026-07-03,148449835,471,0,9.8107556864,9.5525779052,9.5525779052,1.0000000,2,2,0.49994810000000000,0.499948100000,1.4143603653603398,1.4143603653603398,1.4143603653603398,0E-17,ELIGIBLE,R03b_20260811_FULL_v1,L1_ELIGIBILITY,v2026-08-11,2026-03-21..2026-08-06,baccarat_bet02_101_all_pairs_incl_sentinel,round_win = game_pnl > 0 (decisive only),COMPATIBILITY_ONLY_NOT_PRODUCTION,328.5688,300.1692,-62.2681,42,42,0.18951301,,0.18951301,0.18951301,62.2681,328.5688,OK,0.0000,-2.4907,4.0000,96.0000,AG03-UNRESOLVED,ALL5_LEVELS_bet23_to_bet27,-2.4907,-2.4907,-3.1134,-3.1134,-3.1134,4.000000,4.000000,5.000000,5.000000,5.000000,96.000000,96.000000,95.000000,95.000000,95.000000,5.0,-14.3217,-13.0665,-47.9464,-49.2015,PENDING_AG03,FALSE,NOT_FOR_ENFORCEMENT,-59.7773,288.1624,-62.2681,-59.7773,-2.4907,-0.18951301,-0.18193249,-2.4907,-59.7773,-0.18193249,-2.4907,-2.4907,-3.1134,-3.1134,-3.1134,-59.7773,-0.18193249,-14.3217,-13.0665,-47.9464,-49.2015,-0.14592502,-0.14974499,-0.00758052,7.8231,7.1469,-1.4826,-15.5670,-2.9651,82.1422,10.5000,,7.8231,5.1636,6.3254,9.2944,13.6834,16.4201,25.8178,5.809,3.395,2.595918,4.081633,1.236779,17,17,5,2,0E-8,-0.18951301,,0E-8,0.000000,0.913566,0.000000,,2026-04-10,2026-07-03,4,21,19,85,0.047059,,,0.000000,,,,,,,,GLOBAL_BASELINE_NO_ENTITY_RANKING,,,NOT_APPLICABLE_GLOBAL_BASELINE,HF9g-P5,,,,X 全窗基线 · 不参与实体赏罚,3922110,393,A168_HF9F_20260827_0900,2026-08-27 09:00:00
2026-03-28,106205347,1654,0,65.5436848660,62.2665006227,62.2665006227,1.0000000,1,1,0.50665070000000000,0.506650700000,0.9867858985152569,0.9867858985152569,0.9867858985152569,0E-17,ELIGIBLE,R03b_20260811_FULL_v1,L1_ELIGIBILITY,v2026-08-11,2026-03-21..2026-08-06,baccarat_bet02_101_all_pairs_incl_sentinel,round_win = game_pnl > 0 (decisive only),COMPATIBILITY_ONLY_NOT_PRODUCTION,65.5437,65.5437,-62.2665,1,1,0.95000000,,0.95000000,0.95000000,62.2665,65.5437,THIN_EXPOSURE,0.0000,-2.4907,4.0000,96.0000,AG03-UNRESOLVED,ALL5_LEVELS_bet23_to_bet27,-2.4907,-2.4907,-2.4907,-2.8020,0.0000,4.000000,4.000000,4.000000,4.500000,0.000000,96.000000,96.000000,96.000000,95.500000,100.000000,5.0,-10.2740,-9.6561,-51.9925,-52.6104,PENDING_AG03,FALSE,NOT_FOR_ENFORCEMENT,-59.7758,62.9219,-62.2665,-59.7758,-2.4907,-0.95000000,-0.91200000,-2.4907,-59.7758,-0.91200000,-2.4907,-2.4907,-2.4907,-2.8020,0.0000,-59.7758,-0.91200000,-10.2740,-9.6561,-51.9925,-52.6104,-0.79325000,-0.80267674,-0.03800000,65.5437,65.5437,-62.2665,-62.2665,-62.2665,65.5437,1.0000,,65.5437,65.5437,65.5437,65.5437,65.5437,65.5437,65.5437,65.5437,62.2665,1.0,1.0,1.0,1,1,1,1,0E-8,-0.95000000,,0E-8,0.000000,1.000000,0.000000,,2026-03-28,2026-03-28,1,1,1,1,1.000000,,,0.000000,,,,,,,,GLOBAL_BASELINE_NO_ENTITY_RANKING,,,NOT_APPLICABLE_GLOBAL_BASELINE,HF9g-P5,,,,X 全窗基线 · 不参与实体赏罚,3922111,393,A168_HF9F_20260827_0900,2026-08-27 09:00:00
2026-05-06,149634541,-1,1,45.6644699289,43.3812464325,43.3812464325,1.0000000,1,1,0.50665070000000000,0.506650700000,0.9867858985152569,0.9867858985152569,0.9867858985152569,0E-17,SENTINEL_DEALER,R03b_20260811_FULL_v1,L1_ELIGIBILITY,v2026-08-11,2026-03-21..2026-08-06,baccarat_bet02_101_all_pairs_incl_sentinel,round_win = game_pnl > 0 (decisive only),COMPATIBILITY_ONLY_NOT_PRODUCTION,64.8643,64.8643,-61.6211,2,2,0.95000000,,0.95000000,0.95000000,61.6211,64.8643,THIN_EXPOSURE,0.0000,-1.8486,3.0000,97.0000,AG03-UNRESOLVED,ALL5_LEVELS_bet23_to_bet27,-1.8486,-1.8486,-1.8486,-2.4648,-2.4648,3.000000,3.000000,3.000000,4.000000,4.000000,97.000000,97.000000,97.000000,96.000000,96.000000,5.0,-10.4756,-9.7904,-51.1455,-51.8307,PENDING_AG03,FALSE,NOT_FOR_ENFORCEMENT,-59.7725,62.9184,-61.6211,-59.7725,-1.8486,-0.95000000,-0.92150000,-1.8486,-59.7725,-0.92150000,-1.8486,-1.8486,-1.8486,-2.4648,-2.4648,-59.7725,-0.92150000,-10.4756,-9.7904,-51.1455,-51.8307,-0.78850000,-0.79906346,-0.02850000,32.4322,32.4322,-30.8105,-30.8105,-30.8105,32.4322,1.0000,,32.4322,19.1998,32.4322,45.6645,45.6645,45.6645,45.6645,32.4322,30.8105,1.408,1.408,1.0,2,2,2,1,0E-8,-0.95000000,,0E-8,0.000000,1.000000,0.000000,,2026-05-06,2026-05-16,2,2,2,11,0.181818,,,0.000000,,,,,,,,GLOBAL_BASELINE_NO_ENTITY_RANKING,,,NOT_APPLICABLE_GLOBAL_BASELINE,HF9g-P5,,,,X 全窗基线 · 不参与实体赏罚,3922112,393,A168_HF9F_20260827_0900,2026-08-27 09:00:00
2026-05-10,149853120,2235,0,64.8643038763,61.6210886825,61.6210886825,1.0000000,2,2,0.50665070000000000,0.506650700000,1.3955260008387969,1.3955260008387969,1.3955260008387969,0E-17,ELIGIBLE,R03b_20260811_FULL_v1,L1_ELIGIBILITY,v2026-08-11,2026-03-21..2026-08-06,baccarat_bet02_101_all_pairs_incl_sentinel,round_win = game_pnl > 0 (decisive only),COMPATIBILITY_ONLY_NOT_PRODUCTION,64.8643,64.8643,-61.6211,2,2,0.95000000,,0.95000000,0.95000000,61.6211,64.8643,THIN_EXPOSURE,0.0000,-1.8486,3.0000,97.0000,AG03-UNRESOLVED,ALL5_LEVELS_bet23_to_bet27,-1.8486,-1.8486,-1.8486,-2.4648,-2.4648,3.000000,3.000000,3.000000,4.000000,4.000000,97.000000,97.000000,97.000000,96.000000,96.000000,5.0,-10.4756,-9.7904,-51.1455,-51.8307,PENDING_AG03,FALSE,NOT_FOR_ENFORCEMENT,-59.7725,62.9184,-61.6211,-59.7725,-1.8486,-0.95000000,-0.92150000,-1.8486,-59.7725,-0.92150000,-1.8486,-1.8486,-1.8486,-2.4648,-2.4648,-59.7725,-0.92150000,-10.4756,-9.7904,-51.1455,-51.8307,-0.78850000,-0.79906346,-0.02850000,32.4322,32.4322,-30.8105,-61.6211,-61.6211,64.8643,2.0000,,32.4322,25.9457,32.4322,38.9186,38.9186,38.9186,38.9186,32.4322,30.8105,1.2,1.2,1.0,1,1,1,1,0E-8,-0.95000000,,0E-8,0.000000,1.000000,0.000000,,2026-05-10,2026-05-10,1,1,1,1,1.000000,,,0.000000,,,,,,,,GLOBAL_BASELINE_NO_ENTITY_RANKING,,,NOT_APPLICABLE_GLOBAL_BASELINE,HF9g-P5,,,,X 全窗基线 · 不参与实体赏罚,3922113,393,A168_HF9F_20260827_0900,2026-08-27 09:00:00
2026-05-12,149911383,-1,1,64.8643038764,61.6210886824,61.6210886824,1.0000000,3,3,0.50665070000000000,0.506650700000,1.7091633124209307,1.7091633124209307,1.7091633124209307,0E-17,SENTINEL_DEALER,R03b_20260811_FULL_v1,L1_ELIGIBILITY,v2026-08-11,2026-03-21..2026-08-06,baccarat_bet02_101_all_pairs_incl_sentinel,round_win = game_pnl > 0 (decisive only),COMPATIBILITY_ONLY_NOT_PRODUCTION,64.8643,64.8643,-61.6211,3,3,0.95000000,,0.95000000,0.95000000,61.6211,64.8643,THIN_EXPOSURE,0.0000,-1.8486,3.0000,97.0000,AG03-UNRESOLVED,ALL5_LEVELS_bet23_to_bet27,-1.8486,-1.8486,-1.8486,-2.4648,-2.4648,3.000000,3.000000,3.000000,4.000000,4.000000,97.000000,97.000000,97.000000,96.000000,96.000000,5.0,-10.4756,-9.7904,-51.1455,-51.8307,PENDING_AG03,FALSE,NOT_FOR_ENFORCEMENT,-59.7725,62.9184,-61.6211,-59.7725,-1.8486,-0.95000000,-0.92150000,-1.8486,-59.7725,-0.92150000,-1.8486,-1.8486,-1.8486,-2.4648,-2.4648,-59.7725,-0.92150000,-10.4756,-9.7904,-51.1455,-51.8307,-0.78850000,-0.79906346,-0.02850000,21.6214,21.6214,-20.5404,-61.6211,-61.6211,64.8643,3.0000,,21.6214,14.1404,17.6431,30.097,34.2484,34.2484,34.2484,17.6431,16.7609,1.941176,1.941176,1.22549,1,1,1,1,0E-8,-0.95000000,,0E-8,0.000000,1.000000,0.000000,,2026-05-12,2026-05-12,1,1,1,1,1.000000,,,0.000000,,,,,,,,GLOBAL_BASELINE_NO_ENTITY_RANKING,,,NOT_APPLICABLE_GLOBAL_BASELINE,HF9g-P5,,,,X 全窗基线 · 不参与实体赏罚,3922114,393,A168_HF9F_20260827_0900,2026-08-27 09:00:00
2026-05-16,149634541,1400,0,19.1998339474,18.2398422500,18.2398422500,1.0000000,1,1,0.50665070000000000,0.506650700000,0.9867858985152569,0.9867858985152569,0.9867858985152569,0E-17,ELIGIBLE,R03b_20260811_FULL_v1,L1_ELIGIBILITY,v2026-08-11,2026-03-21..2026-08-06,baccarat_bet02_101_all_pairs_incl_sentinel,round_win = game_pnl > 0 (decisive only),COMPATIBILITY_ONLY_NOT_PRODUCTION,64.8643,64.8643,-61.6211,2,2,0.95000000,,0.95000000,0.95000000,61.6211,64.8643,THIN_EXPOSURE,0.0000,-1.8486,3.0000,97.0000,AG03-UNRESOLVED,ALL5_LEVELS_bet23_to_bet27,-1.8486,-1.8486,-1.8486,-2.4648,-2.4648,3.000000,3.000000,3.000000,4.000000,4.000000,97.000000,97.000000,97.000000,96.000000,96.000000,5.0,-10.4756,-9.7904,-51.1455,-51.8307,PENDING_AG03,FALSE,NOT_FOR_ENFORCEMENT,-59.7725,62.9184,-61.6211,-59.7725,-1.8486,-0.95000000,-0.92150000,-1.8486,-59.7725,-0.92150000,-1.8486,-1.8486,-1.8486,-2.4648,-2.4648,-59.7725,-0.92150000,-10.4756,-9.7904,-51.1455,-51.8307,-0.78850000,-0.79906346,-0.02850000,32.4322,32.4322,-30.8105,-30.8105,-30.8105,32.4322,1.0000,,32.4322,19.1998,32.4322,45.6645,45.6645,45.6645,45.6645,32.4322,30.8105,1.408,1.408,1.0,2,2,2,1,0E-8,-0.95000000,,0E-8,0.000000,1.000000,0.000000,,2026-05-06,2026-05-16,2,2,2,11,0.181818,,,0.000000,,,,,,,,GLOBAL_BASELINE_NO_ENTITY_RANKING,,,NOT_APPLICABLE_GLOBAL_BASELINE,HF9g-P5,,,,X 全窗基线 · 不参与实体赏罚,3922115,393,A168_HF9F_20260827_0900,2026-08-27 09:00:00
2026-05-30,150757226,2106,0,64.8643038763,61.6210886825,61.6210886825,1.0000000,1,1,0.50665070000000000,0.506650700000,0.9867858985152569,0.9867858985152569,0.9867858985152569,0E-17,ELIGIBLE,R03b_20260811_FULL_v1,L1_ELIGIBILITY,v2026-08-11,2026-03-21..2026-08-06,baccarat_bet02_101_all_pairs_incl_sentinel,round_win = game_pnl > 0 (decisive only),COMPATIBILITY_ONLY_NOT_PRODUCTION,64.8643,64.8643,-61.6211,1,1,0.95000000,,0.95000000,0.95000000,61.6211,64.8643,THIN_EXPOSURE,0.0000,-1.8486,3.0000,97.0000,AG03-UNRESOLVED,ALL5_LEVELS_bet23_to_bet27,-1.8486,-1.8486,-1.8486,-2.4648,-2.4648,3.000000,3.000000,3.000000,4.000000,4.000000,97.000000,97.000000,97.000000,96.000000,96.000000,5.0,-10.4756,-9.7904,-51.1455,-51.8307,PENDING_AG03,FALSE,NOT_FOR_ENFORCEMENT,-59.7725,62.9184,-61.6211,-59.7725,-1.8486,-0.95000000,-0.92150000,-1.8486,-59.7725,-0.92150000,-1.8486,-1.8486,-1.8486,-2.4648,-2.4648,-59.7725,-0.92150000,-10.4756,-9.7904,-51.1455,-51.8307,-0.78850000,-0.79906346,-0.02850000,64.8643,64.8643,-61.6211,-61.6211,-61.6211,64.8643,1.0000,,64.8643,64.8643,64.8643,64.8643,64.8643,64.8643,64.8643,64.8643,61.6211,1.0,1.0,1.0,1,1,1,1,0E-8,-0.95000000,,0E-8,0.000000,1.000000,0.000000,,2026-05-30,2026-05-30,1,1,1,1,1.000000,,,0.000000,,,,,,,,GLOBAL_BASELINE_NO_ENTITY_RANKING,,,NOT_APPLICABLE_GLOBAL_BASELINE,HF9g-P5,,,,X 全窗基线 · 不参与实体赏罚,3922116,393,A168_HF9F_20260827_0900,2026-08-27 09:00:00
2026-05-16,146021496,2142,0,90.8100254269,61.6210886825,61.6210886825,0.7500000,4,4,0.50329940000000000,0.503299400000,0.9868238854431842,0.9868238854431842,0.9868238854431842,0E-17,ELIGIBLE,R03b_20260811_FULL_v1,L1_ELIGIBILITY,v2026-08-11,2026-03-21..2026-08-06,baccarat_bet02_101_all_pairs_incl_sentinel,round_win = game_pnl > 0 (decisive only),COMPATIBILITY_ONLY_NOT_PRODUCTION,90.8100,90.8100,-61.6211,4,4,0.67857143,,0.67857143,0.67857143,61.6211,90.8100,THIN_EXPOSURE,0.0000,-1.8486,3.0000,97.0000,AG03-UNRESOLVED,ALL5_LEVELS_bet23_to_bet27,-1.8486,-1.8486,-1.8486,-2.4648,-2.4648,3.000000,3.000000,3.000000,4.000000,4.000000,97.000000,97.000000,97.000000,96.000000,96.000000,5.0,-10.4756,-9.7904,-51.1455,-51.8307,PENDING_AG03,FALSE,NOT_FOR_ENFORCEMENT,-59.7725,88.0857,-61.6211,-59.7725,-1.8486,-0.67857143,-0.65821429,-1.8486,-59.7725,-0.65821429,-1.8486,-1.8486,-1.8486,-2.4648,-2.4648,-59.7725,-0.65821429,-10.4756,-9.7904,-51.1455,-51.8307,-0.56321429,-0.57075962,-0.02035714,22.7025,22.7025,-15.4053,-61.6211,-61.6211,90.8100,4.0000,,22.7025,12.9729,19.4593,32.4322,38.9186,38.9186,38.9186,19.4593,18.8106,2.0,2.0,1.166667,1,1,2,2,0E-8,-0.67857143,,0E-8,0.000000,1.000000,0.000000,,2026-05-16,2026-05-16,1,1,1,1,1.000000,,,0.000000,,,,,,,,GLOBAL_BASELINE_NO_ENTITY_RANKING,,,NOT_APPLICABLE_GLOBAL_BASELINE,HF9g-P5,,,,X 全窗基线 · 不参与实体赏罚,3922117,393,A168_HF9F_20260827_0900,2026-08-27 09:00:00
2026-05-22,149783768,-1,1,77.8371646516,77.1885216128,77.1885216128,1.0000000,2,2,0.49994810000000000,0.499948100000,1.4143603653603398,1.4143603653603398,1.4143603653603398,0E-17,SENTINEL_DEALER,R03b_20260811_FULL_v1,L1_ELIGIBILITY,v2026-08-11,2026-03-21..2026-08-06,baccarat_bet02_101_all_pairs_incl_sentinel,round_win = game_pnl > 0 (decisive only),COMPATIBILITY_ONLY_NOT_PRODUCTION,98.5937,98.5937,-61.6211,5,5,0.62500000,,0.62500000,0.62500000,61.6211,98.5937,THIN_EXPOSURE,0.0000,-1.8486,3.0000,97.0000,AG03-UNRESOLVED,ALL5_LEVELS_bet23_to_bet27,-1.8486,-1.8486,-1.8486,-2.4648,-2.4648,3.000000,3.000000,3.000000,4.000000,4.000000,97.000000,97.000000,97.000000,96.000000,96.000000,5.0,-10.4756,-9.7904,-51.1455,-51.8307,PENDING_AG03,FALSE,NOT_FOR_ENFORCEMENT,-59.7725,95.6359,-61.6211,-59.7725,-1.8486,-0.62500000,-0.60625000,-1.8486,-59.7725,-0.60625000,-1.8486,-1.8486,-1.8486,-2.4648,-2.4648,-59.7725,-0.60625000,-10.4756,-9.7904,-51.1455,-51.8307,-0.51875000,-0.52569965,-0.01875000,19.7187,19.7187,-12.3242,-61.6211,-12.3242,98.5937,5.0000,,19.7187,4.5405,12.9729,25.9457,64.8643,64.8643,64.8643,12.9729,2.5946,5.0,5.0,1.52,5,4,4,2,0E-8,-0.62500000,,0E-8,0.000000,1.000000,0.000000,,2026-05-22,2026-05-22,1,5,5,1,1.000000,,,0.000000,,,,,,,,GLOBAL_BASELINE_NO_ENTITY_RANKING,,,NOT_APPLICABLE_GLOBAL_BASELINE,HF9g-P5,,,,X 全窗基线 · 不参与实体赏罚,3922118,393,A168_HF9F_20260827_0900,2026-08-27 09:00:00
2026-05-22,149783768,1363,0,5.1891443101,-5.1891443101,-5.1891443101,0E-7,1,1,0.50665070000000000,0.506650700000,-1.013391052207602,-1.013391052207602,-1.013391052207602,0E-17,ELIGIBLE,R03b_20260811_FULL_v1,L1_ELIGIBILITY,v2026-08-11,2026-03-21..2026-08-06,baccarat_bet02_101_all_pairs_incl_sentinel,round_win = game_pnl > 0 (decisive only),COMPATIBILITY_ONLY_NOT_PRODUCTION,98.5937,98.5937,-61.6211,5,5,0.62500000,,0.62500000,0.62500000,61.6211,98.5937,THIN_EXPOSURE,0.0000,-1.8486,3.0000,97.0000,AG03-UNRESOLVED,ALL5_LEVELS_bet23_to_bet27,-1.8486,-1.8486,-1.8486,-2.4648,-2.4648,3.000000,3.000000,3.000000,4.000000,4.000000,97.000000,97.000000,97.000000,96.000000,96.000000,5.0,-10.4756,-9.7904,-51.1455,-51.8307,PENDING_AG03,FALSE,NOT_FOR_ENFORCEMENT,-59.7725,95.6359,-61.6211,-59.7725,-1.8486,-0.62500000,-0.60625000,-1.8486,-59.7725,-0.60625000,-1.8486,-1.8486,-1.8486,-2.4648,-2.4648,-59.7725,-0.60625000,-10.4756,-9.7904,-51.1455,-51.8307,-0.51875000,-0.52569965,-0.01875000,19.7187,19.7187,-12.3242,-61.6211,-12.3242,98.5937,5.0000,,19.7187,4.5405,12.9729,25.9457,64.8643,64.8643,64.8643,12.9729,2.5946,5.0,5.0,1.52,5,4,4,2,0E-8,-0.62500000,,0E-8,0.000000,1.000000,0.000000,,2026-05-22,2026-05-22,1,5,5,1,1.000000,,,0.000000,,,,,,,,GLOBAL_BASELINE_NO_ENTITY_RANKING,,,NOT_APPLICABLE_GLOBAL_BASELINE,HF9g-P5,,,,X 全窗基线 · 不参与实体赏罚,3922119,393,A168_HF9F_20260827_0900,2026-08-27 09:00:00
2026-05-22,149783768,1374,0,12.9728607753,-12.9728607753,-12.9728607753,0E-7,1,1,0.49324550000000000,0.493245500000,-0.9865810262130424,-0.9865810262130424,-0.9865810262130424,0E-17,ELIGIBLE,R03b_20260811_FULL_v1,L1_ELIGIBILITY,v2026-08-11,2026-03-21..2026-08-06,baccarat_bet02_101_all_pairs_incl_sentinel,round_win = game_pnl > 0 (decisive only),COMPATIBILITY_ONLY_NOT_PRODUCTION,98.5937,98.5937,-61.6211,5,5,0.62500000,,0.62500000,0.62500000,61.6211,98.5937,THIN_EXPOSURE,0.0000,-1.8486,3.0000,97.0000,AG03-UNRESOLVED,ALL5_LEVELS_bet23_to_bet27,-1.8486,-1.8486,-1.8486,-2.4648,-2.4648,3.000000,3.000000,3.000000,4.000000,4.000000,97.000000,97.000000,97.000000,96.000000,96.000000,5.0,-10.4756,-9.7904,-51.1455,-51.8307,PENDING_AG03,FALSE,NOT_FOR_ENFORCEMENT,-59.7725,95.6359,-61.6211,-59.7725,-1.8486,-0.62500000,-0.60625000,-1.8486,-59.7725,-0.60625000,-1.8486,-1.8486,-1.8486,-2.4648,-2.4648,-59.7725,-0.60625000,-10.4756,-9.7904,-51.1455,-51.8307,-0.51875000,-0.52569965,-0.01875000,19.7187,19.7187,-12.3242,-61.6211,-12.3242,98.5937,5.0000,,19.7187,4.5405,12.9729,25.9457,64.8643,64.8643,64.8643,12.9729,2.5946,5.0,5.0,1.52,5,4,4,2,0E-8,-0.62500000,,0E-8,0.000000,1.000000,0.000000,,2026-05-22,2026-05-22,1,5,5,1,1.000000,,,0.000000,,,,,,,,GLOBAL_BASELINE_NO_ENTITY_RANKING,,,NOT_APPLICABLE_GLOBAL_BASELINE,HF9g-P5,,,,X 全窗基线 · 不参与实体赏罚,3922120,393,A168_HF9F_20260827_0900,2026-08-27 09:00:00
2026-05-22,149783768,2115,0,2.5945721551,2.5945721551,2.5945721551,1.0000000,1,1,0.49324550000000000,0.493245500000,1.01360149184955,1.01360149184955,1.01360149184955,0E-17,ELIGIBLE,R03b_20260811_FULL_v1,L1_ELIGIBILITY,v2026-08-11,2026-03-21..2026-08-06,baccarat_bet02_101_all_pairs_incl_sentinel,round_win = game_pnl > 0 (decisive only),COMPATIBILITY_ONLY_NOT_PRODUCTION,98.5937,98.5937,-61.6211,5,5,0.62500000,,0.62500000,0.62500000,61.6211,98.5937,THIN_EXPOSURE,0.0000,-1.8486,3.0000,97.0000,AG03-UNRESOLVED,ALL5_LEVELS_bet23_to_bet27,-1.8486,-1.8486,-1.8486,-2.4648,-2.4648,3.000000,3.000000,3.000000,4.000000,4.000000,97.000000,97.000000,97.000000,96.000000,96.000000,5.0,-10.4756,-9.7904,-51.1455,-51.8307,PENDING_AG03,FALSE,NOT_FOR_ENFORCEMENT,-59.7725,95.6359,-61.6211,-59.7725,-1.8486,-0.62500000,-0.60625000,-1.8486,-59.7725,-0.60625000,-1.8486,-1.8486,-1.8486,-2.4648,-2.4648,-59.7725,-0.60625000,-10.4756,-9.7904,-51.1455,-51.8307,-0.51875000,-0.52569965,-0.01875000,19.7187,19.7187,-12.3242,-61.6211,-12.3242,98.5937,5.0000,,19.7187,4.5405,12.9729,25.9457,64.8643,64.8643,64.8643,12.9729,2.5946,5.0,5.0,1.52,5,4,4,2,0E-8,-0.62500000,,0E-8,0.000000,1.000000,0.000000,,2026-05-22,2026-05-22,1,5,5,1,1.000000,,,0.000000,,,,,,,,GLOBAL_BASELINE_NO_ENTITY_RANKING,,,NOT_APPLICABLE_GLOBAL_BASELINE,HF9g-P5,,,,X 全窗基线 · 不参与实体赏罚,3922121,393,A168_HF9F_20260827_0900,2026-08-27 09:00:00
2026-05-23,150439307,2142,0,25.9457215505,25.9457215505,25.9457215505,1.0000000,1,1,0.49324550000000000,0.493245500000,1.01360149184955,1.01360149184955,1.01360149184955,0E-17,ELIGIBLE,R03b_20260811_FULL_v1,L1_ELIGIBILITY,v2026-08-11,2026-03-21..2026-08-06,baccarat_bet02_101_all_pairs_incl_sentinel,round_win = game_pnl > 0 (decisive only),COMPATIBILITY_ONLY_NOT_PRODUCTION,220.5386,142.7015,-61.6211,10,10,0.27941176,,0.27941176,0.27941176,61.6211,220.5386,THIN_EXPOSURE,0.0000,-1.8486,3.0000,97.0000,AG03-UNRESOLVED,ALL5_LEVELS_bet23_to_bet27,-1.8486,-1.8486,-1.8486,-2.4648,-2.4648,3.000000,3.000000,3.000000,4.000000,4.000000,97.000000,97.000000,97.000000,96.000000,96.000000,5.0,-10.4756,-9.7904,-51.1455,-51.8307,PENDING_AG03,FALSE,NOT_FOR_ENFORCEMENT,-59.7725,138.4204,-61.6211,-59.7725,-1.8486,-0.27941176,-0.27102941,-1.8486,-59.7725,-0.27102941,-1.8486,-1.8486,-1.8486,-2.4648,-2.4648,-59.7725,-0.27102941,-10.4756,-9.7904,-51.1455,-51.8307,-0.23191176,-0.23501867,-0.00838235,22.0539,14.2701,-6.1621,-61.6211,-20.5404,220.5386,10.0000,,22.0539,12.9729,12.9729,25.9457,51.8914,51.8914,51.8914,12.9729,0.0,4.0,4.0,1.7,3,2,1,2,0E-8,-0.27941176,,0E-8,0.000000,0.647059,0.000000,,2026-05-23,2026-05-23,1,3,3,1,1.000000,,,0.000000,,,,,,,,GLOBAL_BASELINE_NO_ENTITY_RANKING,,,NOT_APPLICABLE_GLOBAL_BASELINE,HF9g-P5,,,,X 全窗基线 · 不参与实体赏罚,3922122,393,A168_HF9F_20260827_0900,2026-08-27 09:00:00
2026-05-23,150439307,2246,0,194.5929116291,35.6753671319,35.6753671319,0.5000000,9,9,0.50069283333333333,0.500692833333,-0.003394179545452848,-0.0033941795438198656,-0.003394179545452848,3.3333E-13,ELIGIBLE,R03b_20260811_FULL_v1,L1_ELIGIBILITY,v2026-08-11,2026-03-21..2026-08-06,baccarat_bet02_101_all_pairs_incl_sentinel,round_win = game_pnl > 0 (decisive only),COMPATIBILITY_ONLY_NOT_PRODUCTION,220.5386,142.7015,-61.6211,10,10,0.27941176,,0.27941176,0.27941176,61.6211,220.5386,THIN_EXPOSURE,0.0000,-1.8486,3.0000,97.0000,AG03-UNRESOLVED,ALL5_LEVELS_bet23_to_bet27,-1.8486,-1.8486,-1.8486,-2.4648,-2.4648,3.000000,3.000000,3.000000,4.000000,4.000000,97.000000,97.000000,97.000000,96.000000,96.000000,5.0,-10.4756,-9.7904,-51.1455,-51.8307,PENDING_AG03,FALSE,NOT_FOR_ENFORCEMENT,-59.7725,138.4204,-61.6211,-59.7725,-1.8486,-0.27941176,-0.27102941,-1.8486,-59.7725,-0.27102941,-1.8486,-1.8486,-1.8486,-2.4648,-2.4648,-59.7725,-0.27102941,-10.4756,-9.7904,-51.1455,-51.8307,-0.23191176,-0.23501867,-0.00838235,22.0539,14.2701,-6.1621,-61.6211,-20.5404,220.5386,10.0000,,22.0539,12.9729,12.9729,25.9457,51.8914,51.8914,51.8914,12.9729,0.0,4.0,4.0,1.7,3,2,1,2,0E-8,-0.27941176,,0E-8,0.000000,0.647059,0.000000,,2026-05-23,2026-05-23,1,3,3,1,1.000000,,,0.000000,,,,,,,,GLOBAL_BASELINE_NO_ENTITY_RANKING,,,NOT_APPLICABLE_GLOBAL_BASELINE,HF9g-P5,,,,X 全窗基线 · 不参与实体赏罚,3922123,393,A168_HF9F_20260827_0900,2026-08-27 09:00:00
2026-03-31,148038406,-1,1,45.0226422009,16.9096667801,16.9096667801,1.0000000,2,2,0.49994810000000000,0.499948100000,1.0001038053877793,1.0001038053877793,1.0001038053877793,0E-17,SENTINEL_DEALER,R03b_20260811_FULL_v1,L1_ELIGIBILITY,v2026-08-11,2026-03-21..2026-08-06,baccarat_bet02_101_all_pairs_incl_sentinel,round_win = game_pnl > 0 (decisive only),COMPATIBILITY_ONLY_NOT_PRODUCTION,174.8554,147.6324,-61.6182,7,7,0.35239521,,0.35239521,0.35239521,61.6182,174.8554,THIN_EXPOSURE,0.0000,-1.8485,3.0000,97.0000,AG03-UNRESOLVED,ALL5_LEVELS_bet23_to_bet27,-1.8485,-1.8485,-1.8485,-2.4647,-2.4647,3.000000,3.000000,3.000000,4.000000,4.000000,97.000000,97.000000,97.000000,96.000000,96.000000,5.0,-10.4751,-9.7899,-51.1431,-51.8283,PENDING_AG03,FALSE,NOT_FOR_ENFORCEMENT,-59.7697,143.2034,-61.6182,-59.7697,-1.8485,-0.35239521,-0.34182335,-1.8485,-59.7697,-0.34182335,-1.8485,-1.8485,-1.8485,-2.4647,-2.4647,-59.7697,-0.34182335,-10.4751,-9.7899,-51.1431,-51.8283,-0.29248802,-0.29640646,-0.01057186,24.9793,21.0903,-8.8026,-61.6182,-10.2697,174.8554,7.0000,,24.9793,19.8937,26.176,27.223,33.0864,34.5523,34.5523,26.176,16.9097,1.32,1.32,0.954286,6,5,1,2,0E-8,-0.35239521,,0E-8,0.000000,0.844311,0.000000,,2026-03-31,2026-03-31,1,6,6,1,1.000000,,,0.000000,,,,,,,,GLOBAL_BASELINE_NO_ENTITY_RANKING,,,NOT_APPLICABLE_GLOBAL_BASELINE,HF9g-P5,,,,X 全窗基线 · 不参与实体赏罚,3922124,393,A168_HF9F_20260827_0900,2026-08-27 09:00:00
2026-03-31,148038406,1374,0,34.5522602937,34.5522602937,34.5522602937,1.0000000,1,1,0.49324550000000000,0.493245500000,1.01360149184955,1.01360149184955,1.01360149184955,0E-17,ELIGIBLE,R03b_20260811_FULL_v1,L1_ELIGIBILITY,v2026-08-11,2026-03-21..2026-08-06,baccarat_bet02_101_all_pairs_incl_sentinel,round_win = game_pnl > 0 (decisive only),COMPATIBILITY_ONLY_NOT_PRODUCTION,174.8554,147.6324,-61.6182,7,7,0.35239521,,0.35239521,0.35239521,61.6182,174.8554,THIN_EXPOSURE,0.0000,-1.8485,3.0000,97.0000,AG03-UNRESOLVED,ALL5_LEVELS_bet23_to_bet27,-1.8485,-1.8485,-1.8485,-2.4647,-2.4647,3.000000,3.000000,3.000000,4.000000,4.000000,97.000000,97.000000,97.000000,96.000000,96.000000,5.0,-10.4751,-9.7899,-51.1431,-51.8283,PENDING_AG03,FALSE,NOT_FOR_ENFORCEMENT,-59.7697,143.2034,-61.6182,-59.7697,-1.8485,-0.35239521,-0.34182335,-1.8485,-59.7697,-0.34182335,-1.8485,-1.8485,-1.8485,-2.4647,-2.4647,-59.7697,-0.34182335,-10.4751,-9.7899,-51.1431,-51.8283,-0.29248802,-0.29640646,-0.01057186,24.9793,21.0903,-8.8026,-61.6182,-10.2697,174.8554,7.0000,,24.9793,19.8937,26.176,27.223,33.0864,34.5523,34.5523,26.176,16.9097,1.32,1.32,0.954286,6,5,1,2,0E-8,-0.35239521,,0E-8,0.000000,0.844311,0.000000,,2026-03-31,2026-03-31,1,6,6,1,1.000000,,,0.000000,,,,,,,,GLOBAL_BASELINE_NO_ENTITY_RANKING,,,NOT_APPLICABLE_GLOBAL_BASELINE,HF9g-P5,,,,X 全窗基线 · 不参与实体赏罚,3922125,393,A168_HF9F_20260827_0900,2026-08-27 09:00:00
2026-03-31,148038406,1405,0,53.3989477267,-0.3141114573,-0.3141114573,0.5000000,2,2,0.50665070000000000,0.506650700000,-0.018812684590367487,-0.018812684590367487,-0.018812684590367487,0E-17,ELIGIBLE,R03b_20260811_FULL_v1,L1_ELIGIBILITY,v2026-08-11,2026-03-21..2026-08-06,baccarat_bet02_101_all_pairs_incl_sentinel,round_win = game_pnl > 0 (decisive only),COMPATIBILITY_ONLY_NOT_PRODUCTION,174.8554,147.6324,-61.6182,7,7,0.35239521,,0.35239521,0.35239521,61.6182,174.8554,THIN_EXPOSURE,0.0000,-1.8485,3.0000,97.0000,AG03-UNRESOLVED,ALL5_LEVELS_bet23_to_bet27,-1.8485,-1.8485,-1.8485,-2.4647,-2.4647,3.000000,3.000000,3.000000,4.000000,4.000000,97.000000,97.000000,97.000000,96.000000,96.000000,5.0,-10.4751,-9.7899,-51.1431,-51.8283,PENDING_AG03,FALSE,NOT_FOR_ENFORCEMENT,-59.7697,143.2034,-61.6182,-59.7697,-1.8485,-0.35239521,-0.34182335,-1.8485,-59.7697,-0.34182335,-1.8485,-1.8485,-1.8485,-2.4647,-2.4647,-59.7697,-0.34182335,-10.4751,-9.7899,-51.1431,-51.8283,-0.29248802,-0.29640646,-0.01057186,24.9793,21.0903,-8.8026,-61.6182,-10.2697,174.8554,7.0000,,24.9793,19.8937,26.176,27.223,33.0864,34.5523,34.5523,26.176,16.9097,1.32,1.32,0.954286,6,5,1,2,0E-8,-0.35239521,,0E-8,0.000000,0.844311,0.000000,,2026-03-31,2026-03-31,1,6,6,1,1.000000,,,0.000000,,,,,,,,GLOBAL_BASELINE_NO_ENTITY_RANKING,,,NOT_APPLICABLE_GLOBAL_BASELINE,HF9g-P5,,,,X 全窗基线 · 不参与实体赏罚,3922126,393,A168_HF9F_20260827_0900,2026-08-27 09:00:00
2026-03-31,148038406,2170,0,15.7055728608,-15.7055728608,-15.7055728608,0E-7,1,1,0.50665070000000000,0.506650700000,-1.013391052207602,-1.013391052207602,-1.013391052207602,0E-17,ELIGIBLE,R03b_20260811_FULL_v1,L1_ELIGIBILITY,v2026-08-11,2026-03-21..2026-08-06,baccarat_bet02_101_all_pairs_incl_sentinel,round_win = game_pnl > 0 (decisive only),COMPATIBILITY_ONLY_NOT_PRODUCTION,174.8554,147.6324,-61.6182,7,7,0.35239521,,0.35239521,0.35239521,61.6182,174.8554,THIN_EXPOSURE,0.0000,-1.8485,3.0000,97.0000,AG03-UNRESOLVED,ALL5_LEVELS_bet23_to_bet27,-1.8485,-1.8485,-1.8485,-2.4647,-2.4647,3.000000,3.000000,3.000000,4.000000,4.000000,97.000000,97.000000,97.000000,96.000000,96.000000,5.0,-10.4751,-9.7899,-51.1431,-51.8283,PENDING_AG03,FALSE,NOT_FOR_ENFORCEMENT,-59.7697,143.2034,-61.6182,-59.7697,-1.8485,-0.35239521,-0.34182335,-1.8485,-59.7697,-0.34182335,-1.8485,-1.8485,-1.8485,-2.4647,-2.4647,-59.7697,-0.34182335,-10.4751,-9.7899,-51.1431,-51.8283,-0.29248802,-0.29640646,-0.01057186,24.9793,21.0903,-8.8026,-61.6182,-10.2697,174.8554,7.0000,,24.9793,19.8937,26.176,27.223,33.0864,34.5523,34.5523,26.176,16.9097,1.32,1.32,0.954286,6,5,1,2,0E-8,-0.35239521,,0E-8,0.000000,0.844311,0.000000,,2026-03-31,2026-03-31,1,6,6,1,1.000000,,,0.000000,,,,,,,,GLOBAL_BASELINE_NO_ENTITY_RANKING,,,NOT_APPLICABLE_GLOBAL_BASELINE,HF9g-P5,,,,X 全窗基线 · 不参与实体赏罚,3922127,393,A168_HF9F_20260827_0900,2026-08-27 09:00:00
2026-03-31,148038406,987,0,26.1759547680,26.1759547680,26.1759547680,1.0000000,1,1,0.49324550000000000,0.493245500000,1.01360149184955,1.01360149184955,1.01360149184955,0E-17,ELIGIBLE,R03b_20260811_FULL_v1,L1_ELIGIBILITY,v2026-08-11,2026-03-21..2026-08-06,baccarat_bet02_101_all_pairs_incl_sentinel,round_win = game_pnl > 0 (decisive only),COMPATIBILITY_ONLY_NOT_PRODUCTION,174.8554,147.6324,-61.6182,7,7,0.35239521,,0.35239521,0.35239521,61.6182,174.8554,THIN_EXPOSURE,0.0000,-1.8485,3.0000,97.0000,AG03-UNRESOLVED,ALL5_LEVELS_bet23_to_bet27,-1.8485,-1.8485,-1.8485,-2.4647,-2.4647,3.000000,3.000000,3.000000,4.000000,4.000000,97.000000,97.000000,97.000000,96.000000,96.000000,5.0,-10.4751,-9.7899,-51.1431,-51.8283,PENDING_AG03,FALSE,NOT_FOR_ENFORCEMENT,-59.7697,143.2034,-61.6182,-59.7697,-1.8485,-0.35239521,-0.34182335,-1.8485,-59.7697,-0.34182335,-1.8485,-1.8485,-1.8485,-2.4647,-2.4647,-59.7697,-0.34182335,-10.4751,-9.7899,-51.1431,-51.8283,-0.29248802,-0.29640646,-0.01057186,24.9793,21.0903,-8.8026,-61.6182,-10.2697,174.8554,7.0000,,24.9793,19.8937,26.176,27.223,33.0864,34.5523,34.5523,26.176,16.9097,1.32,1.32,0.954286,6,5,1,2,0E-8,-0.35239521,,0E-8,0.000000,0.844311,0.000000,,2026-03-31,2026-03-31,1,6,6,1,1.000000,,,0.000000,,,,,,,,GLOBAL_BASELINE_NO_ENTITY_RANKING,,,NOT_APPLICABLE_GLOBAL_BASELINE,HF9g-P5,,,,X 全窗基线 · 不参与实体赏罚,3922128,393,A168_HF9F_20260827_0900,2026-08-27 09:00:00
2026-07-16,153095493,1384,0,715.3660630342,57.0248947392,57.0248947392,0.5952381,69,43,0.44184294938098269,0.367039965116,2.001815694027336,3.0682582060648973,2.001815694027336,0.07480298426498269,ELIGIBLE,R03b_20260811_FULL_v1,L1_ELIGIBILITY,v2026-08-11,2026-03-21..2026-08-06,baccarat_bet02_101_all_pairs_incl_sentinel,round_win = game_pnl > 0 (decisive only),COMPATIBILITY_ONLY_NOT_PRODUCTION,2530.6356,2408.0014,-62.2598,323,237,0.02460243,0.02460243,,0.02460243,62.2598,2530.6356,OK,0.0000,-2.4904,4.0000,96.0000,AG03-UNRESOLVED,ALL5_LEVELS_bet23_to_bet27,-2.4904,-2.4904,-2.4904,-2.4904,-2.4904,4.000000,4.000000,4.000000,4.000000,4.000000,96.000000,96.000000,96.000000,96.000000,96.000000,5.0,-12.4520,-11.4949,-49.8078,-50.7649,PENDING_AG03,FALSE,NOT_FOR_ENFORCEMENT,-59.7694,2311.6814,-62.2598,-59.7694,-2.4904,-0.02460243,-0.02361833,-2.4904,-59.7694,-0.02361833,-2.4904,-2.4904,-2.4904,-2.4904,-2.4904,-59.7694,-0.02361833,-12.4520,-11.4949,-49.8078,-50.7649,-0.01968195,-0.02006015,-0.00098410,7.8348,10.1603,-0.2627,-12.4520,-4.4471,506.1271,47.4000,7.8348,,4.0878,4.0878,10.2195,20.439,20.439,28.9415,4.0878,-2.0439,5.0,7.079956,1.916623,7,15,2,4,1.00000000,-0.02460243,-0.02460243,0E-8,0.000000,0.951540,0.000000,,2026-07-16,2026-08-04,5,14,10,20,0.250000,,1.000000,3.333333,,,,,,,,GLOBAL_BASELINE_NO_ENTITY_RANKING,,,NOT_APPLICABLE_GLOBAL_BASELINE,HF9g-P5,,,,X 全窗基线 · 不参与实体赏罚,3922129,393,A168_HF9F_20260827_0900,2026-08-27 09:00:00
2026-07-16,153095493,1994,0,429.2196378203,51.1997710835,51.1997710835,0.5853659,54,41,0.47634709729015845,0.436585169512,1.3976860567348988,1.9208340824203463,1.3976860567348988,0.03976192777815845,ELIGIBLE,R03b_20260811_FULL_v1,L1_ELIGIBILITY,v2026-08-11,2026-03-21..2026-08-06,baccarat_bet02_101_all_pairs_incl_sentinel,round_win = game_pnl > 0 (decisive only),COMPATIBILITY_ONLY_NOT_PRODUCTION,2530.6356,2408.0014,-62.2598,323,237,0.02460243,0.02460243,,0.02460243,62.2598,2530.6356,OK,0.0000,-2.4904,4.0000,96.0000,AG03-UNRESOLVED,ALL5_LEVELS_bet23_to_bet27,-2.4904,-2.4904,-2.4904,-2.4904,-2.4904,4.000000,4.000000,4.000000,4.000000,4.000000,96.000000,96.000000,96.000000,96.000000,96.000000,5.0,-12.4520,-11.4949,-49.8078,-50.7649,PENDING_AG03,FALSE,NOT_FOR_ENFORCEMENT,-59.7694,2311.6814,-62.2598,-59.7694,-2.4904,-0.02460243,-0.02361833,-2.4904,-59.7694,-0.02361833,-2.4904,-2.4904,-2.4904,-2.4904,-2.4904,-59.7694,-0.02361833,-12.4520,-11.4949,-49.8078,-50.7649,-0.01968195,-0.02006015,-0.00098410,7.8348,10.1603,-0.2627,-12.4520,-4.4471,506.1271,47.4000,7.8348,,4.0878,4.0878,10.2195,20.439,20.439,28.9415,4.0878,-2.0439,5.0,7.079956,1.916623,7,15,2,4,1.00000000,-0.02460243,-0.02460243,0E-8,0.000000,0.951540,0.000000,,2026-07-16,2026-08-04,5,14,10,20,0.250000,,1.000000,3.333333,,,,,,,,GLOBAL_BASELINE_NO_ENTITY_RANKING,,,NOT_APPLICABLE_GLOBAL_BASELINE,HF9g-P5,,,,X 全窗基线 · 不参与实体赏罚,3922130,393,A168_HF9F_20260827_0900,2026-08-27 09:00:00
2026-07-16,153095493,2170,0,713.3221599966,46.0900134903,46.0900134903,0.5689655,89,62,0.45673510304240582,0.410768525000,1.7158785487587134,2.4488978552845215,1.7158785487587134,0.04596657804240582,ELIGIBLE,R03b_20260811_FULL_v1,L1_ELIGIBILITY,v2026-08-11,2026-03-21..2026-08-06,baccarat_bet02_101_all_pairs_incl_sentinel,round_win = game_pnl > 0 (decisive only),COMPATIBILITY_ONLY_NOT_PRODUCTION,2530.6356,2408.0014,-62.2598,323,237,0.02460243,0.02460243,,0.02460243,62.2598,2530.6356,OK,0.0000,-2.4904,4.0000,96.0000,AG03-UNRESOLVED,ALL5_LEVELS_bet23_to_bet27,-2.4904,-2.4904,-2.4904,-2.4904,-2.4904,4.000000,4.000000,4.000000,4.000000,4.000000,96.000000,96.000000,96.000000,96.000000,96.000000,5.0,-12.4520,-11.4949,-49.8078,-50.7649,PENDING_AG03,FALSE,NOT_FOR_ENFORCEMENT,-59.7694,2311.6814,-62.2598,-59.7694,-2.4904,-0.02460243,-0.02361833,-2.4904,-59.7694,-0.02361833,-2.4904,-2.4904,-2.4904,-2.4904,-2.4904,-59.7694,-0.02361833,-12.4520,-11.4949,-49.8078,-50.7649,-0.01968195,-0.02006015,-0.00098410,7.8348,10.1603,-0.2627,-12.4520,-4.4471,506.1271,47.4000,7.8348,,4.0878,4.0878,10.2195,20.439,20.439,28.9415,4.0878,-2.0439,5.0,7.079956,1.916623,7,15,2,4,1.00000000,-0.02460243,-0.02460243,0E-8,0.000000,0.951540,0.000000,,2026-07-16,2026-08-04,5,14,10,20,0.250000,,1.000000,3.333333,,,,,,,,GLOBAL_BASELINE_NO_ENTITY_RANKING,,,NOT_APPLICABLE_GLOBAL_BASELINE,HF9g-P5,,,,X 全窗基线 · 不参与实体赏罚,3922131,393,A168_HF9F_20260827_0900,2026-08-27 09:00:00
2026-07-19,153095493,2121,0,4.0878060745,-4.0878060745,-4.0878060745,0E-7,1,1,0.49324550000000000,0.493245500000,-0.9865810262130424,-0.9865810262130424,-0.9865810262130424,0E-17,ELIGIBLE,R03b_20260811_FULL_v1,L1_ELIGIBILITY,v2026-08-11,2026-03-21..2026-08-06,baccarat_bet02_101_all_pairs_incl_sentinel,round_win = game_pnl > 0 (decisive only),COMPATIBILITY_ONLY_NOT_PRODUCTION,2530.6356,2408.0014,-62.2598,323,237,0.02460243,0.02460243,,0.02460243,62.2598,2530.6356,OK,0.0000,-2.4904,4.0000,96.0000,AG03-UNRESOLVED,ALL5_LEVELS_bet23_to_bet27,-2.4904,-2.4904,-2.4904,-2.4904,-2.4904,4.000000,4.000000,4.000000,4.000000,4.000000,96.000000,96.000000,96.000000,96.000000,96.000000,5.0,-12.4520,-11.4949,-49.8078,-50.7649,PENDING_AG03,FALSE,NOT_FOR_ENFORCEMENT,-59.7694,2311.6814,-62.2598,-59.7694,-2.4904,-0.02460243,-0.02361833,-2.4904,-59.7694,-0.02361833,-2.4904,-2.4904,-2.4904,-2.4904,-2.4904,-59.7694,-0.02361833,-12.4520,-11.4949,-49.8078,-50.7649,-0.01968195,-0.02006015,-0.00098410,7.8348,10.1603,-0.2627,-12.4520,-4.4471,506.1271,47.4000,7.8348,,4.0878,4.0878,10.2195,20.439,20.439,28.9415,4.0878,-2.0439,5.0,7.079956,1.916623,7,15,2,4,1.00000000,-0.02460243,-0.02460243,0E-8,0.000000,0.951540,0.000000,,2026-07-16,2026-08-04,5,14,10,20,0.250000,,1.000000,3.333333,,,,,,,,GLOBAL_BASELINE_NO_ENTITY_RANKING,,,NOT_APPLICABLE_GLOBAL_BASELINE,HF9g-P5,,,,X 全窗基线 · 不参与实体赏罚,3922132,393,A168_HF9F_20260827_0900,2026-08-27 09:00:00
2026-07-19,153095493,2251,0,12.2634182235,-4.0878060745,-4.0878060745,0.5000000,2,2,0.49324550000000000,0.493245500000,0.01910635448239258,0.01910635448239258,0.01910635448239258,0E-17,ELIGIBLE,R03b_20260811_FULL_v1,L1_ELIGIBILITY,v2026-08-11,2026-03-21..2026-08-06,baccarat_bet02_101_all_pairs_incl_sentinel,round_win = game_pnl > 0 (decisive only),COMPATIBILITY_ONLY_NOT_PRODUCTION,2530.6356,2408.0014,-62.2598,323,237,0.02460243,0.02460243,,0.02460243,62.2598,2530.6356,OK,0.0000,-2.4904,4.0000,96.0000,AG03-UNRESOLVED,ALL5_LEVELS_bet23_to_bet27,-2.4904,-2.4904,-2.4904,-2.4904,-2.4904,4.000000,4.000000,4.000000,4.000000,4.000000,96.000000,96.000000,96.000000,96.000000,96.000000,5.0,-12.4520,-11.4949,-49.8078,-50.7649,PENDING_AG03,FALSE,NOT_FOR_ENFORCEMENT,-59.7694,2311.6814,-62.2598,-59.7694,-2.4904,-0.02460243,-0.02361833,-2.4904,-59.7694,-0.02361833,-2.4904,-2.4904,-2.4904,-2.4904,-2.4904,-59.7694,-0.02361833,-12.4520,-11.4949,-49.8078,-50.7649,-0.01968195,-0.02006015,-0.00098410,7.8348,10.1603,-0.2627,-12.4520,-4.4471,506.1271,47.4000,7.8348,,4.0878,4.0878,10.2195,20.439,20.439,28.9415,4.0878,-2.0439,5.0,7.079956,1.916623,7,15,2,4,1.00000000,-0.02460243,-0.02460243,0E-8,0.000000,0.951540,0.000000,,2026-07-16,2026-08-04,5,14,10,20,0.250000,,1.000000,3.333333,,,,,,,,GLOBAL_BASELINE_NO_ENTITY_RANKING,,,NOT_APPLICABLE_GLOBAL_BASELINE,HF9g-P5,,,,X 全窗基线 · 不参与实体赏罚,3922133,393,A168_HF9F_20260827_0900,2026-08-27 09:00:00
2026-07-19,153095493,925,0,20.4390303725,-4.0878060745,-4.0878060745,0.3333333,5,5,0.49592654000000000,0.495926540000,-0.5632580825033607,-0.5632580825033607,-0.5632580825033607,0E-17,ELIGIBLE,R03b_20260811_FULL_v1,L1_ELIGIBILITY,v2026-08-11,2026-03-21..2026-08-06,baccarat_bet02_101_all_pairs_incl_sentinel,round_win = game_pnl > 0 (decisive only),COMPATIBILITY_ONLY_NOT_PRODUCTION,2530.6356,2408.0014,-62.2598,323,237,0.02460243,0.02460243,,0.02460243,62.2598,2530.6356,OK,0.0000,-2.4904,4.0000,96.0000,AG03-UNRESOLVED,ALL5_LEVELS_bet23_to_bet27,-2.4904,-2.4904,-2.4904,-2.4904,-2.4904,4.000000,4.000000,4.000000,4.000000,4.000000,96.000000,96.000000,96.000000,96.000000,96.000000,5.0,-12.4520,-11.4949,-49.8078,-50.7649,PENDING_AG03,FALSE,NOT_FOR_ENFORCEMENT,-59.7694,2311.6814,-62.2598,-59.7694,-2.4904,-0.02460243,-0.02361833,-2.4904,-59.7694,-0.02361833,-2.4904,-2.4904,-2.4904,-2.4904,-2.4904,-59.7694,-0.02361833,-12.4520,-11.4949,-49.8078,-50.7649,-0.01968195,-0.02006015,-0.00098410,7.8348,10.1603,-0.2627,-12.4520,-4.4471,506.1271,47.4000,7.8348,,4.0878,4.0878,10.2195,20.439,20.439,28.9415,4.0878,-2.0439,5.0,7.079956,1.916623,7,15,2,4,1.00000000,-0.02460243,-0.02460243,0E-8,0.000000,0.951540,0.000000,,2026-07-16,2026-08-04,5,14,10,20,0.250000,,1.000000,3.333333,,,,,,,,GLOBAL_BASELINE_NO_ENTITY_RANKING,,,NOT_APPLICABLE_GLOBAL_BASELINE,HF9g-P5,,,,X 全窗基线 · 不参与实体赏罚,3922134,393,A168_HF9F_20260827_0900,2026-08-27 09:00:00
2026-07-19,153095493,994,0,8.1756121490,3.8834157708,3.8834157708,1.0000000,2,2,0.49994810000000000,0.499948100000,1.0001038053877793,1.0001038053877793,1.0001038053877793,0E-17,ELIGIBLE,R03b_20260811_FULL_v1,L1_ELIGIBILITY,v2026-08-11,2026-03-21..2026-08-06,baccarat_bet02_101_all_pairs_incl_sentinel,round_win = game_pnl > 0 (decisive only),COMPATIBILITY_ONLY_NOT_PRODUCTION,2530.6356,2408.0014,-62.2598,323,237,0.02460243,0.02460243,,0.02460243,62.2598,2530.6356,OK,0.0000,-2.4904,4.0000,96.0000,AG03-UNRESOLVED,ALL5_LEVELS_bet23_to_bet27,-2.4904,-2.4904,-2.4904,-2.4904,-2.4904,4.000000,4.000000,4.000000,4.000000,4.000000,96.000000,96.000000,96.000000,96.000000,96.000000,5.0,-12.4520,-11.4949,-49.8078,-50.7649,PENDING_AG03,FALSE,NOT_FOR_ENFORCEMENT,-59.7694,2311.6814,-62.2598,-59.7694,-2.4904,-0.02460243,-0.02361833,-2.4904,-59.7694,-0.02361833,-2.4904,-2.4904,-2.4904,-2.4904,-2.4904,-59.7694,-0.02361833,-12.4520,-11.4949,-49.8078,-50.7649,-0.01968195,-0.02006015,-0.00098410,7.8348,10.1603,-0.2627,-12.4520,-4.4471,506.1271,47.4000,7.8348,,4.0878,4.0878,10.2195,20.439,20.439,28.9415,4.0878,-2.0439,5.0,7.079956,1.916623,7,15,2,4,1.00000000,-0.02460243,-0.02460243,0E-8,0.000000,0.951540,0.000000,,2026-07-16,2026-08-04,5,14,10,20,0.250000,,1.000000,3.333333,,,,,,,,GLOBAL_BASELINE_NO_ENTITY_RANKING,,,NOT_APPLICABLE_GLOBAL_BASELINE,HF9g-P5,,,,X 全窗基线 · 不参与实体赏罚,3922135,393,A168_HF9F_20260827_0900,2026-08-27 09:00:00
2026-07-21,153095493,1385,0,134.8976004579,26.7751297878,26.7751297878,0.6153846,17,13,0.43695981197819877,0.405375707692,1.296989492985343,1.5422657302971392,1.296989492985343,0.03158410428619877,ELIGIBLE,R03b_20260811_FULL_v1,L1_ELIGIBILITY,v2026-08-11,2026-03-21..2026-08-06,baccarat_bet02_101_all_pairs_incl_sentinel,round_win = game_pnl > 0 (decisive only),COMPATIBILITY_ONLY_NOT_PRODUCTION,2530.6356,2408.0014,-62.2598,323,237,0.02460243,0.02460243,,0.02460243,62.2598,2530.6356,OK,0.0000,-2.4904,4.0000,96.0000,AG03-UNRESOLVED,ALL5_LEVELS_bet23_to_bet27,-2.4904,-2.4904,-2.4904,-2.4904,-2.4904,4.000000,4.000000,4.000000,4.000000,4.000000,96.000000,96.000000,96.000000,96.000000,96.000000,5.0,-12.4520,-11.4949,-49.8078,-50.7649,PENDING_AG03,FALSE,NOT_FOR_ENFORCEMENT,-59.7694,2311.6814,-62.2598,-59.7694,-2.4904,-0.02460243,-0.02361833,-2.4904,-59.7694,-0.02361833,-2.4904,-2.4904,-2.4904,-2.4904,-2.4904,-59.7694,-0.02361833,-12.4520,-11.4949,-49.8078,-50.7649,-0.01968195,-0.02006015,-0.00098410,7.8348,10.1603,-0.2627,-12.4520,-4.4471,506.1271,47.4000,7.8348,,4.0878,4.0878,10.2195,20.439,20.439,28.9415,4.0878,-2.0439,5.0,7.079956,1.916623,7,15,2,4,1.00000000,-0.02460243,-0.02460243,0E-8,0.000000,0.951540,0.000000,,2026-07-16,2026-08-04,5,14,10,20,0.250000,,1.000000,3.333333,,,,,,,,GLOBAL_BASELINE_NO_ENTITY_RANKING,,,NOT_APPLICABLE_GLOBAL_BASELINE,HF9g-P5,,,,X 全窗基线 · 不参与实体赏罚,3922136,393,A168_HF9F_20260827_0900,2026-08-27 09:00:00
2026-07-21,153095493,1485,0,59.2731880802,-2.4526836447,-2.4526836447,0.5714286,10,8,0.46337657500027089,0.446766462500,0.5732973899348576,0.6634206075231689,0.5732973899348576,0.01661011250027089,ELIGIBLE,R03b_20260811_FULL_v1,L1_ELIGIBILITY,v2026-08-11,2026-03-21..2026-08-06,baccarat_bet02_101_all_pairs_incl_sentinel,round_win = game_pnl > 0 (decisive only),COMPATIBILITY_ONLY_NOT_PRODUCTION,2530.6356,2408.0014,-62.2598,323,237,0.02460243,0.02460243,,0.02460243,62.2598,2530.6356,OK,0.0000,-2.4904,4.0000,96.0000,AG03-UNRESOLVED,ALL5_LEVELS_bet23_to_bet27,-2.4904,-2.4904,-2.4904,-2.4904,-2.4904,4.000000,4.000000,4.000000,4.000000,4.000000,96.000000,96.000000,96.000000,96.000000,96.000000,5.0,-12.4520,-11.4949,-49.8078,-50.7649,PENDING_AG03,FALSE,NOT_FOR_ENFORCEMENT,-59.7694,2311.6814,-62.2598,-59.7694,-2.4904,-0.02460243,-0.02361833,-2.4904,-59.7694,-0.02361833,-2.4904,-2.4904,-2.4904,-2.4904,-2.4904,-59.7694,-0.02361833,-12.4520,-11.4949,-49.8078,-50.7649,-0.01968195,-0.02006015,-0.00098410,7.8348,10.1603,-0.2627,-12.4520,-4.4471,506.1271,47.4000,7.8348,,4.0878,4.0878,10.2195,20.439,20.439,28.9415,4.0878,-2.0439,5.0,7.079956,1.916623,7,15,2,4,1.00000000,-0.02460243,-0.02460243,0E-8,0.000000,0.951540,0.000000,,2026-07-16,2026-08-04,5,14,10,20,0.250000,,1.000000,3.333333,,,,,,,,GLOBAL_BASELINE_NO_ENTITY_RANKING,,,NOT_APPLICABLE_GLOBAL_BASELINE,HF9g-P5,,,,X 全窗基线 · 不参与实体赏罚,3922137,393,A168_HF9F_20260827_0900,2026-08-27 09:00:00
2026-07-21,153095493,1947,0,8.1756121490,7.7668315415,7.7668315415,1.0000000,1,1,0.50665070000000000,0.506650700000,0.9867858985152569,0.9867858985152569,0.9867858985152569,0E-17,ELIGIBLE,R03b_20260811_FULL_v1,L1_ELIGIBILITY,v2026-08-11,2026-03-21..2026-08-06,baccarat_bet02_101_all_pairs_incl_sentinel,round_win = game_pnl > 0 (decisive only),COMPATIBILITY_ONLY_NOT_PRODUCTION,2530.6356,2408.0014,-62.2598,323,237,0.02460243,0.02460243,,0.02460243,62.2598,2530.6356,OK,0.0000,-2.4904,4.0000,96.0000,AG03-UNRESOLVED,ALL5_LEVELS_bet23_to_bet27,-2.4904,-2.4904,-2.4904,-2.4904,-2.4904,4.000000,4.000000,4.000000,4.000000,4.000000,96.000000,96.000000,96.000000,96.000000,96.000000,5.0,-12.4520,-11.4949,-49.8078,-50.7649,PENDING_AG03,FALSE,NOT_FOR_ENFORCEMENT,-59.7694,2311.6814,-62.2598,-59.7694,-2.4904,-0.02460243,-0.02361833,-2.4904,-59.7694,-0.02361833,-2.4904,-2.4904,-2.4904,-2.4904,-2.4904,-59.7694,-0.02361833,-12.4520,-11.4949,-49.8078,-50.7649,-0.01968195,-0.02006015,-0.00098410,7.8348,10.1603,-0.2627,-12.4520,-4.4471,506.1271,47.4000,7.8348,,4.0878,4.0878,10.2195,20.439,20.439,28.9415,4.0878,-2.0439,5.0,7.079956,1.916623,7,15,2,4,1.00000000,-0.02460243,-0.02460243,0E-8,0.000000,0.951540,0.000000,,2026-07-16,2026-08-04,5,14,10,20,0.250000,,1.000000,3.333333,,,,,,,,GLOBAL_BASELINE_NO_ENTITY_RANKING,,,NOT_APPLICABLE_GLOBAL_BASELINE,HF9g-P5,,,,X 全窗基线 · 不参与实体赏罚,3922138,393,A168_HF9F_20260827_0900,2026-08-27 09:00:00
2026-07-21,153095493,1966,0,8.1756121490,4.0878060745,4.0878060745,1.0000000,2,2,0.49994810000000000,0.499948100000,1.0001038053877793,1.0001038053877793,1.0001038053877793,0E-17,ELIGIBLE,R03b_20260811_FULL_v1,L1_ELIGIBILITY,v2026-08-11,2026-03-21..2026-08-06,baccarat_bet02_101_all_pairs_incl_sentinel,round_win = game_pnl > 0 (decisive only),COMPATIBILITY_ONLY_NOT_PRODUCTION,2530.6356,2408.0014,-62.2598,323,237,0.02460243,0.02460243,,0.02460243,62.2598,2530.6356,OK,0.0000,-2.4904,4.0000,96.0000,AG03-UNRESOLVED,ALL5_LEVELS_bet23_to_bet27,-2.4904,-2.4904,-2.4904,-2.4904,-2.4904,4.000000,4.000000,4.000000,4.000000,4.000000,96.000000,96.000000,96.000000,96.000000,96.000000,5.0,-12.4520,-11.4949,-49.8078,-50.7649,PENDING_AG03,FALSE,NOT_FOR_ENFORCEMENT,-59.7694,2311.6814,-62.2598,-59.7694,-2.4904,-0.02460243,-0.02361833,-2.4904,-59.7694,-0.02361833,-2.4904,-2.4904,-2.4904,-2.4904,-2.4904,-59.7694,-0.02361833,-12.4520,-11.4949,-49.8078,-50.7649,-0.01968195,-0.02006015,-0.00098410,7.8348,10.1603,-0.2627,-12.4520,-4.4471,506.1271,47.4000,7.8348,,4.0878,4.0878,10.2195,20.439,20.439,28.9415,4.0878,-2.0439,5.0,7.079956,1.916623,7,15,2,4,1.00000000,-0.02460243,-0.02460243,0E-8,0.000000,0.951540,0.000000,,2026-07-16,2026-08-04,5,14,10,20,0.250000,,1.000000,3.333333,,,,,,,,GLOBAL_BASELINE_NO_ENTITY_RANKING,,,NOT_APPLICABLE_GLOBAL_BASELINE,HF9g-P5,,,,X 全窗基线 · 不参与实体赏罚,3922139,393,A168_HF9F_20260827_0900,2026-08-27 09:00:00
2026-07-21,153095493,2134,0,194.1707885378,-7.7668315412,-7.7668315412,0.5555556,27,20,0.46668211100052317,0.426834327500,0.7557960413514004,1.104121002644343,0.7557960413514004,0.03984778350052317,ELIGIBLE,R03b_20260811_FULL_v1,L1_ELIGIBILITY,v2026-08-11,2026-03-21..2026-08-06,baccarat_bet02_101_all_pairs_incl_sentinel,round_win = game_pnl > 0 (decisive only),COMPATIBILITY_ONLY_NOT_PRODUCTION,2530.6356,2408.0014,-62.2598,323,237,0.02460243,0.02460243,,0.02460243,62.2598,2530.6356,OK,0.0000,-2.4904,4.0000,96.0000,AG03-UNRESOLVED,ALL5_LEVELS_bet23_to_bet27,-2.4904,-2.4904,-2.4904,-2.4904,-2.4904,4.000000,4.000000,4.000000,4.000000,4.000000,96.000000,96.000000,96.000000,96.000000,96.000000,5.0,-12.4520,-11.4949,-49.8078,-50.7649,PENDING_AG03,FALSE,NOT_FOR_ENFORCEMENT,-59.7694,2311.6814,-62.2598,-59.7694,-2.4904,-0.02460243,-0.02361833,-2.4904,-59.7694,-0.02361833,-2.4904,-2.4904,-2.4904,-2.4904,-2.4904,-59.7694,-0.02361833,-12.4520,-11.4949,-49.8078,-50.7649,-0.01968195,-0.02006015,-0.00098410,7.8348,10.1603,-0.2627,-12.4520,-4.4471,506.1271,47.4000,7.8348,,4.0878,4.0878,10.2195,20.439,20.439,28.9415,4.0878,-2.0439,5.0,7.079956,1.916623,7,15,2,4,1.00000000,-0.02460243,-0.02460243,0E-8,0.000000,0.951540,0.000000,,2026-07-16,2026-08-04,5,14,10,20,0.250000,,1.000000,3.333333,,,,,,,,GLOBAL_BASELINE_NO_ENTITY_RANKING,,,NOT_APPLICABLE_GLOBAL_BASELINE,HF9g-P5,,,,X 全窗基线 · 不参与实体赏罚,3922140,393,A168_HF9F_20260827_0900,2026-08-27 09:00:00
2026-07-24,153095493,-1,1,26.5707394842,-26.5707394842,-26.5707394842,0E-7,4,3,0.42903925000000000,0.429039250000,-1.501433192342098,-1.501433192342098,-1.501433192342098,0E-17,SENTINEL_DEALER,R03b_20260811_FULL_v1,L1_ELIGIBILITY,v2026-08-11,2026-03-21..2026-08-06,baccarat_bet02_101_all_pairs_incl_sentinel,round_win = game_pnl > 0 (decisive only),COMPATIBILITY_ONLY_NOT_PRODUCTION,2530.6356,2408.0014,-62.2598,323,237,0.02460243,0.02460243,,0.02460243,62.2598,2530.6356,OK,0.0000,-2.4904,4.0000,96.0000,AG03-UNRESOLVED,ALL5_LEVELS_bet23_to_bet27,-2.4904,-2.4904,-2.4904,-2.4904,-2.4904,4.000000,4.000000,4.000000,4.000000,4.000000,96.000000,96.000000,96.000000,96.000000,96.000000,5.0,-12.4520,-11.4949,-49.8078,-50.7649,PENDING_AG03,FALSE,NOT_FOR_ENFORCEMENT,-59.7694,2311.6814,-62.2598,-59.7694,-2.4904,-0.02460243,-0.02361833,-2.4904,-59.7694,-0.02361833,-2.4904,-2.4904,-2.4904,-2.4904,-2.4904,-59.7694,-0.02361833,-12.4520,-11.4949,-49.8078,-50.7649,-0.01968195,-0.02006015,-0.00098410,7.8348,10.1603,-0.2627,-12.4520,-4.4471,506.1271,47.4000,7.8348,,4.0878,4.0878,10.2195,20.439,20.439,28.9415,4.0878,-2.0439,5.0,7.079956,1.916623,7,15,2,4,1.00000000,-0.02460243,-0.02460243,0E-8,0.000000,0.951540,0.000000,,2026-07-16,2026-08-04,5,14,10,20,0.250000,,1.000000,3.333333,,,,,,,,GLOBAL_BASELINE_NO_ENTITY_RANKING,,,NOT_APPLICABLE_GLOBAL_BASELINE,HF9g-P5,,,,X 全窗基线 · 不参与实体赏罚,3922141,393,A168_HF9F_20260827_0900,2026-08-27 09:00:00
2026-07-24,153095493,1385,0,61.3170911173,-36.7902546705,-36.7902546705,0.1428571,8,7,0.48566903571444051,0.466686050000,-1.8147355913276522,-1.7173576644592572,-1.8147355913276522,0.01898298571444051,ELIGIBLE,R03b_20260811_FULL_v1,L1_ELIGIBILITY,v2026-08-11,2026-03-21..2026-08-06,baccarat_bet02_101_all_pairs_incl_sentinel,round_win = game_pnl > 0 (decisive only),COMPATIBILITY_ONLY_NOT_PRODUCTION,2530.6356,2408.0014,-62.2598,323,237,0.02460243,0.02460243,,0.02460243,62.2598,2530.6356,OK,0.0000,-2.4904,4.0000,96.0000,AG03-UNRESOLVED,ALL5_LEVELS_bet23_to_bet27,-2.4904,-2.4904,-2.4904,-2.4904,-2.4904,4.000000,4.000000,4.000000,4.000000,4.000000,96.000000,96.000000,96.000000,96.000000,96.000000,5.0,-12.4520,-11.4949,-49.8078,-50.7649,PENDING_AG03,FALSE,NOT_FOR_ENFORCEMENT,-59.7694,2311.6814,-62.2598,-59.7694,-2.4904,-0.02460243,-0.02361833,-2.4904,-59.7694,-0.02361833,-2.4904,-2.4904,-2.4904,-2.4904,-2.4904,-59.7694,-0.02361833,-12.4520,-11.4949,-49.8078,-50.7649,-0.01968195,-0.02006015,-0.00098410,7.8348,10.1603,-0.2627,-12.4520,-4.4471,506.1271,47.4000,7.8348,,4.0878,4.0878,10.2195,20.439,20.439,28.9415,4.0878,-2.0439,5.0,7.079956,1.916623,7,15,2,4,1.00000000,-0.02460243,-0.02460243,0E-8,0.000000,0.951540,0.000000,,2026-07-16,2026-08-04,5,14,10,20,0.250000,,1.000000,3.333333,,,,,,,,GLOBAL_BASELINE_NO_ENTITY_RANKING,,,NOT_APPLICABLE_GLOBAL_BASELINE,HF9g-P5,,,,X 全窗基线 · 不参与实体赏罚,3922142,393,A168_HF9F_20260827_0900,2026-08-27 09:00:00
2026-07-24,153095493,2108,0,106.8961288480,-20.4390303723,-20.4390303723,0.4285714,26,23,0.48047950347853005,0.468514108696,-0.47610834521341394,-0.3668087126528701,-0.47610834521341394,0.01196539478253005,ELIGIBLE,R03b_20260811_FULL_v1,L1_ELIGIBILITY,v2026-08-11,2026-03-21..2026-08-06,baccarat_bet02_101_all_pairs_incl_sentinel,round_win = game_pnl > 0 (decisive only),COMPATIBILITY_ONLY_NOT_PRODUCTION,2530.6356,2408.0014,-62.2598,323,237,0.02460243,0.02460243,,0.02460243,62.2598,2530.6356,OK,0.0000,-2.4904,4.0000,96.0000,AG03-UNRESOLVED,ALL5_LEVELS_bet23_to_bet27,-2.4904,-2.4904,-2.4904,-2.4904,-2.4904,4.000000,4.000000,4.000000,4.000000,4.000000,96.000000,96.000000,96.000000,96.000000,96.000000,5.0,-12.4520,-11.4949,-49.8078,-50.7649,PENDING_AG03,FALSE,NOT_FOR_ENFORCEMENT,-59.7694,2311.6814,-62.2598,-59.7694,-2.4904,-0.02460243,-0.02361833,-2.4904,-59.7694,-0.02361833,-2.4904,-2.4904,-2.4904,-2.4904,-2.4904,-59.7694,-0.02361833,-12.4520,-11.4949,-49.8078,-50.7649,-0.01968195,-0.02006015,-0.00098410,7.8348,10.1603,-0.2627,-12.4520,-4.4471,506.1271,47.4000,7.8348,,4.0878,4.0878,10.2195,20.439,20.439,28.9415,4.0878,-2.0439,5.0,7.079956,1.916623,7,15,2,4,1.00000000,-0.02460243,-0.02460243,0E-8,0.000000,0.951540,0.000000,,2026-07-16,2026-08-04,5,14,10,20,0.250000,,1.000000,3.333333,,,,,,,,GLOBAL_BASELINE_NO_ENTITY_RANKING,,,NOT_APPLICABLE_GLOBAL_BASELINE,HF9g-P5,,,,X 全窗基线 · 不参与实体赏罚,3922143,393,A168_HF9F_20260827_0900,2026-08-27 09:00:00
2026-08-04,153095493,915,0,28.2851139486,-28.2851139486,-28.2851139486,0E-7,6,4,0.43630040000028326,0.401963075000,-1.7595391642680014,-1.6396799106850715,-1.7595391642680014,0.03433732500028326,ELIGIBLE,R03b_20260811_FULL_v1,L1_ELIGIBILITY,v2026-08-11,2026-03-21..2026-08-06,baccarat_bet02_101_all_pairs_incl_sentinel,round_win = game_pnl > 0 (decisive only),COMPATIBILITY_ONLY_NOT_PRODUCTION,2530.6356,2408.0014,-62.2598,323,237,0.02460243,0.02460243,,0.02460243,62.2598,2530.6356,OK,0.0000,-2.4904,4.0000,96.0000,AG03-UNRESOLVED,ALL5_LEVELS_bet23_to_bet27,-2.4904,-2.4904,-2.4904,-2.4904,-2.4904,4.000000,4.000000,4.000000,4.000000,4.000000,96.000000,96.000000,96.000000,96.000000,96.000000,5.0,-12.4520,-11.4949,-49.8078,-50.7649,PENDING_AG03,FALSE,NOT_FOR_ENFORCEMENT,-59.7694,2311.6814,-62.2598,-59.7694,-2.4904,-0.02460243,-0.02361833,-2.4904,-59.7694,-0.02361833,-2.4904,-2.4904,-2.4904,-2.4904,-2.4904,-59.7694,-0.02361833,-12.4520,-11.4949,-49.8078,-50.7649,-0.01968195,-0.02006015,-0.00098410,7.8348,10.1603,-0.2627,-12.4520,-4.4471,506.1271,47.4000,7.8348,,4.0878,4.0878,10.2195,20.439,20.439,28.9415,4.0878,-2.0439,5.0,7.079956,1.916623,7,15,2,4,1.00000000,-0.02460243,-0.02460243,0E-8,0.000000,0.951540,0.000000,,2026-07-16,2026-08-04,5,14,10,20,0.250000,,1.000000,3.333333,,,,,,,,GLOBAL_BASELINE_NO_ENTITY_RANKING,,,NOT_APPLICABLE_GLOBAL_BASELINE,HF9g-P5,,,,X 全窗基线 · 不参与实体赏罚,3922144,393,A168_HF9F_20260827_0900,2026-08-27 09:00:00
2026-06-24,151984889,1004,0,64.5366975023,62.2589317081,62.2589317081,1.0000000,3,3,0.50218230000000000,0.502182300000,1.724507524396475,1.7245075243964754,1.724507524396475,0E-17,ELIGIBLE,R03b_20260811_FULL_v1,L1_ELIGIBILITY,v2026-08-11,2026-03-21..2026-08-06,baccarat_bet02_101_all_pairs_incl_sentinel,round_win = game_pnl > 0 (decisive only),COMPATIBILITY_ONLY_NOT_PRODUCTION,64.5367,64.5367,-62.2589,3,3,0.96470588,,0.96470588,0.96470588,62.2589,64.5367,THIN_EXPOSURE,0.0000,-2.4904,4.0000,96.0000,AG03-UNRESOLVED,ALL5_LEVELS_bet23_to_bet27,-2.4904,-2.4904,-2.4904,-3.7355,-3.7355,4.000000,4.000000,4.000000,6.000000,6.000000,96.000000,96.000000,96.000000,94.000000,94.000000,5.0,-14.9421,-13.5878,-47.3168,-48.6711,PENDING_AG03,FALSE,NOT_FOR_ENFORCEMENT,-59.7686,61.9552,-62.2589,-59.7686,-2.4904,-0.96470588,-0.92611765,-2.4904,-59.7686,-0.92611765,-2.4904,-2.4904,-2.4904,-3.7355,-3.7355,-59.7686,-0.92611765,-14.9421,-13.5878,-47.3168,-48.6711,-0.73317647,-0.75416146,-0.03858824,21.5122,21.5122,-20.7530,-62.2589,-62.2589,64.5367,3.0000,,21.5122,18.9814,18.9814,24.6758,26.5739,26.5739,26.5739,18.9814,18.9814,1.4,1.4,1.133333,1,1,1,2,0E-8,-0.96470588,,0E-8,0.000000,1.000000,0.000000,,2026-06-24,2026-06-24,1,1,1,1,1.000000,,,0.000000,,,,,,,,GLOBAL_BASELINE_NO_ENTITY_RANKING,,,NOT_APPLICABLE_GLOBAL_BASELINE,HF9g-P5,,,,X 全窗基线 · 不参与实体赏罚,3922145,393,A168_HF9F_20260827_0900,2026-08-27 09:00:00
2026-03-28,147903268,1405,0,35.8111488533,35.8111488533,35.8111488533,1.0000000,1,1,0.49324550000000000,0.493245500000,1.01360149184955,1.01360149184955,1.01360149184955,0E-17,ELIGIBLE,R03b_20260811_FULL_v1,L1_ELIGIBILITY,v2026-08-11,2026-03-21..2026-08-06,baccarat_bet02_101_all_pairs_incl_sentinel,round_win = game_pnl > 0 (decisive only),COMPATIBILITY_ONLY_NOT_PRODUCTION,61.6162,61.6162,-61.6162,3,3,1.00000000,,1.00000000,1.00000000,61.6162,61.6162,THIN_EXPOSURE,0.0000,-1.8485,3.0000,97.0000,AG03-UNRESOLVED,ALL5_LEVELS_bet23_to_bet27,-1.8485,-1.8485,-1.8485,-2.4646,-2.4646,3.000000,3.000000,3.000000,4.000000,4.000000,97.000000,97.000000,97.000000,96.000000,96.000000,5.0,-10.4748,-9.7896,-51.1415,-51.8266,PENDING_AG03,FALSE,NOT_FOR_ENFORCEMENT,-59.7678,59.7678,-61.6162,-59.7678,-1.8485,-1.00000000,-0.97000000,-1.8485,-59.7678,-0.97000000,-1.8485,-1.8485,-1.8485,-2.4646,-2.4646,-59.7678,-0.97000000,-10.4748,-9.7896,-51.1415,-51.8266,-0.83000000,-0.84111944,-0.03000000,20.5387,20.5387,-20.5387,-61.6162,-20.5387,61.6162,3.0000,,20.5387,10.401,17.9056,31.3348,35.8111,35.8111,35.8111,17.9056,17.9056,2.0,2.0,1.147059,3,3,1,1,0E-8,-1.00000000,,0E-8,0.000000,1.000000,0.000000,,2026-03-28,2026-03-28,1,3,3,1,1.000000,,,0.000000,,,,,,,,GLOBAL_BASELINE_NO_ENTITY_RANKING,,,NOT_APPLICABLE_GLOBAL_BASELINE,HF9g-P5,,,,X 全窗基线 · 不参与实体赏罚,3922146,393,A168_HF9F_20260827_0900,2026-08-27 09:00:00
2026-03-28,147903268,1711,0,7.8995181294,7.8995181294,7.8995181294,1.0000000,1,1,0.49324550000000000,0.493245500000,1.01360149184955,1.01360149184955,1.01360149184955,0E-17,ELIGIBLE,R03b_20260811_FULL_v1,L1_ELIGIBILITY,v2026-08-11,2026-03-21..2026-08-06,baccarat_bet02_101_all_pairs_incl_sentinel,round_win = game_pnl > 0 (decisive only),COMPATIBILITY_ONLY_NOT_PRODUCTION,61.6162,61.6162,-61.6162,3,3,1.00000000,,1.00000000,1.00000000,61.6162,61.6162,THIN_EXPOSURE,0.0000,-1.8485,3.0000,97.0000,AG03-UNRESOLVED,ALL5_LEVELS_bet23_to_bet27,-1.8485,-1.8485,-1.8485,-2.4646,-2.4646,3.000000,3.000000,3.000000,4.000000,4.000000,97.000000,97.000000,97.000000,96.000000,96.000000,5.0,-10.4748,-9.7896,-51.1415,-51.8266,PENDING_AG03,FALSE,NOT_FOR_ENFORCEMENT,-59.7678,59.7678,-61.6162,-59.7678,-1.8485,-1.00000000,-0.97000000,-1.8485,-59.7678,-0.97000000,-1.8485,-1.8485,-1.8485,-2.4646,-2.4646,-59.7678,-0.97000000,-10.4748,-9.7896,-51.1415,-51.8266,-0.83000000,-0.84111944,-0.03000000,20.5387,20.5387,-20.5387,-61.6162,-20.5387,61.6162,3.0000,,20.5387,10.401,17.9056,31.3348,35.8111,35.8111,35.8111,17.9056,17.9056,2.0,2.0,1.147059,3,3,1,1,0E-8,-1.00000000,,0E-8,0.000000,1.000000,0.000000,,2026-03-28,2026-03-28,1,3,3,1,1.000000,,,0.000000,,,,,,,,GLOBAL_BASELINE_NO_ENTITY_RANKING,,,NOT_APPLICABLE_GLOBAL_BASELINE,HF9g-P5,,,,X 全窗基线 · 不参与实体赏罚,3922147,393,A168_HF9F_20260827_0900,2026-08-27 09:00:00
2026-03-28,147903268,2216,0,17.9055744266,17.9055744266,17.9055744266,1.0000000,1,1,0.49324550000000000,0.493245500000,1.01360149184955,1.01360149184955,1.01360149184955,0E-17,ELIGIBLE,R03b_20260811_FULL_v1,L1_ELIGIBILITY,v2026-08-11,2026-03-21..2026-08-06,baccarat_bet02_101_all_pairs_incl_sentinel,round_win = game_pnl > 0 (decisive only),COMPATIBILITY_ONLY_NOT_PRODUCTION,61.6162,61.6162,-61.6162,3,3,1.00000000,,1.00000000,1.00000000,61.6162,61.6162,THIN_EXPOSURE,0.0000,-1.8485,3.0000,97.0000,AG03-UNRESOLVED,ALL5_LEVELS_bet23_to_bet27,-1.8485,-1.8485,-1.8485,-2.4646,-2.4646,3.000000,3.000000,3.000000,4.000000,4.000000,97.000000,97.000000,97.000000,96.000000,96.000000,5.0,-10.4748,-9.7896,-51.1415,-51.8266,PENDING_AG03,FALSE,NOT_FOR_ENFORCEMENT,-59.7678,59.7678,-61.6162,-59.7678,-1.8485,-1.00000000,-0.97000000,-1.8485,-59.7678,-0.97000000,-1.8485,-1.8485,-1.8485,-2.4646,-2.4646,-59.7678,-0.97000000,-10.4748,-9.7896,-51.1415,-51.8266,-0.83000000,-0.84111944,-0.03000000,20.5387,20.5387,-20.5387,-61.6162,-20.5387,61.6162,3.0000,,20.5387,10.401,17.9056,31.3348,35.8111,35.8111,35.8111,17.9056,17.9056,2.0,2.0,1.147059,3,3,1,1,0E-8,-1.00000000,,0E-8,0.000000,1.000000,0.000000,,2026-03-28,2026-03-28,1,3,3,1,1.000000,,,0.000000,,,,,,,,GLOBAL_BASELINE_NO_ENTITY_RANKING,,,NOT_APPLICABLE_GLOBAL_BASELINE,HF9g-P5,,,,X 全窗基线 · 不参与实体赏罚,3922148,393,A168_HF9F_20260827_0900,2026-08-27 09:00:00
2026-03-29,147952711,1330,0,35.8111488533,35.8111488533,35.8111488533,1.0000000,1,1,0.49324550000000000,0.493245500000,1.01360149184955,1.01360149184955,1.01360149184955,0E-17,ELIGIBLE,R03b_20260811_FULL_v1,L1_ELIGIBILITY,v2026-08-11,2026-03-21..2026-08-06,baccarat_bet02_101_all_pairs_incl_sentinel,round_win = game_pnl > 0 (decisive only),COMPATIBILITY_ONLY_NOT_PRODUCTION,61.6162,61.6162,-61.6162,3,3,1.00000000,,1.00000000,1.00000000,61.6162,61.6162,THIN_EXPOSURE,0.0000,-1.8485,3.0000,97.0000,AG03-UNRESOLVED,ALL5_LEVELS_bet23_to_bet27,-1.8485,-1.8485,-1.8485,-2.4646,-2.4646,3.000000,3.000000,3.000000,4.000000,4.000000,97.000000,97.000000,97.000000,96.000000,96.000000,5.0,-10.4748,-9.7896,-51.1415,-51.8266,PENDING_AG03,FALSE,NOT_FOR_ENFORCEMENT,-59.7678,59.7678,-61.6162,-59.7678,-1.8485,-1.00000000,-0.97000000,-1.8485,-59.7678,-0.97000000,-1.8485,-1.8485,-1.8485,-2.4646,-2.4646,-59.7678,-0.97000000,-10.4748,-9.7896,-51.1415,-51.8266,-0.83000000,-0.84111944,-0.03000000,20.5387,20.5387,-20.5387,-61.6162,-20.5387,61.6162,3.0000,,20.5387,10.401,17.9056,31.3348,35.8111,35.8111,35.8111,17.9056,17.9056,2.0,2.0,1.147059,3,3,1,1,0E-8,-1.00000000,,0E-8,0.000000,1.000000,0.000000,,2026-03-29,2026-03-29,1,3,3,1,1.000000,,,0.000000,,,,,,,,GLOBAL_BASELINE_NO_ENTITY_RANKING,,,NOT_APPLICABLE_GLOBAL_BASELINE,HF9g-P5,,,,X 全窗基线 · 不参与实体赏罚,3922149,393,A168_HF9F_20260827_0900,2026-08-27 09:00:00
2026-03-29,147952711,2123,0,7.8995181294,7.8995181294,7.8995181294,1.0000000,1,1,0.49324550000000000,0.493245500000,1.01360149184955,1.01360149184955,1.01360149184955,0E-17,ELIGIBLE,R03b_20260811_FULL_v1,L1_ELIGIBILITY,v2026-08-11,2026-03-21..2026-08-06,baccarat_bet02_101_all_pairs_incl_sentinel,round_win = game_pnl > 0 (decisive only),COMPATIBILITY_ONLY_NOT_PRODUCTION,61.6162,61.6162,-61.6162,3,3,1.00000000,,1.00000000,1.00000000,61.6162,61.6162,THIN_EXPOSURE,0.0000,-1.8485,3.0000,97.0000,AG03-UNRESOLVED,ALL5_LEVELS_bet23_to_bet27,-1.8485,-1.8485,-1.8485,-2.4646,-2.4646,3.000000,3.000000,3.000000,4.000000,4.000000,97.000000,97.000000,97.000000,96.000000,96.000000,5.0,-10.4748,-9.7896,-51.1415,-51.8266,PENDING_AG03,FALSE,NOT_FOR_ENFORCEMENT,-59.7678,59.7678,-61.6162,-59.7678,-1.8485,-1.00000000,-0.97000000,-1.8485,-59.7678,-0.97000000,-1.8485,-1.8485,-1.8485,-2.4646,-2.4646,-59.7678,-0.97000000,-10.4748,-9.7896,-51.1415,-51.8266,-0.83000000,-0.84111944,-0.03000000,20.5387,20.5387,-20.5387,-61.6162,-20.5387,61.6162,3.0000,,20.5387,10.401,17.9056,31.3348,35.8111,35.8111,35.8111,17.9056,17.9056,2.0,2.0,1.147059,3,3,1,1,0E-8,-1.00000000,,0E-8,0.000000,1.000000,0.000000,,2026-03-29,2026-03-29,1,3,3,1,1.000000,,,0.000000,,,,,,,,GLOBAL_BASELINE_NO_ENTITY_RANKING,,,NOT_APPLICABLE_GLOBAL_BASELINE,HF9g-P5,,,,X 全窗基线 · 不参与实体赏罚,3922150,393,A168_HF9F_20260827_0900,2026-08-27 09:00:00
2026-03-29,147952711,772,0,17.9055744266,17.9055744266,17.9055744266,1.0000000,1,1,0.49324550000000000,0.493245500000,1.01360149184955,1.01360149184955,1.01360149184955,0E-17,ELIGIBLE,R03b_20260811_FULL_v1,L1_ELIGIBILITY,v2026-08-11,2026-03-21..2026-08-06,baccarat_bet02_101_all_pairs_incl_sentinel,round_win = game_pnl > 0 (decisive only),COMPATIBILITY_ONLY_NOT_PRODUCTION,61.6162,61.6162,-61.6162,3,3,1.00000000,,1.00000000,1.00000000,61.6162,61.6162,THIN_EXPOSURE,0.0000,-1.8485,3.0000,97.0000,AG03-UNRESOLVED,ALL5_LEVELS_bet23_to_bet27,-1.8485,-1.8485,-1.8485,-2.4646,-2.4646,3.000000,3.000000,3.000000,4.000000,4.000000,97.000000,97.000000,97.000000,96.000000,96.000000,5.0,-10.4748,-9.7896,-51.1415,-51.8266,PENDING_AG03,FALSE,NOT_FOR_ENFORCEMENT,-59.7678,59.7678,-61.6162,-59.7678,-1.8485,-1.00000000,-0.97000000,-1.8485,-59.7678,-0.97000000,-1.8485,-1.8485,-1.8485,-2.4646,-2.4646,-59.7678,-0.97000000,-10.4748,-9.7896,-51.1415,-51.8266,-0.83000000,-0.84111944,-0.03000000,20.5387,20.5387,-20.5387,-61.6162,-20.5387,61.6162,3.0000,,20.5387,10.401,17.9056,31.3348,35.8111,35.8111,35.8111,17.9056,17.9056,2.0,2.0,1.147059,3,3,1,1,0E-8,-1.00000000,,0E-8,0.000000,1.000000,0.000000,,2026-03-29,2026-03-29,1,3,3,1,1.000000,,,0.000000,,,,,,,,GLOBAL_BASELINE_NO_ENTITY_RANKING,,,NOT_APPLICABLE_GLOBAL_BASELINE,HF9g-P5,,,,X 全窗基线 · 不参与实体赏罚,3922151,393,A168_HF9F_20260827_0900,2026-08-27 09:00:00
2026-03-27,147834284,1330,0,69.5157595387,69.5157595387,69.5157595387,1.0000000,3,3,0.49324550000000000,0.493245500000,1.755609282511032,1.7556092825110319,1.755609282511032,0E-17,ELIGIBLE,R03b_20260811_FULL_v1,L1_ELIGIBILITY,v2026-08-11,2026-03-21..2026-08-06,baccarat_bet02_101_all_pairs_incl_sentinel,round_win = game_pnl > 0 (decisive only),COMPATIBILITY_ONLY_NOT_PRODUCTION,93.2143,77.4153,-61.6162,5,5,0.66101695,,0.66101695,0.66101695,61.6162,93.2143,THIN_EXPOSURE,0.0000,-1.8485,3.0000,97.0000,AG03-UNRESOLVED,ALL5_LEVELS_bet23_to_bet27,-1.8485,-1.8485,-1.8485,-2.4646,-2.4646,3.000000,3.000000,3.000000,4.000000,4.000000,97.000000,97.000000,97.000000,96.000000,96.000000,5.0,-10.4748,-9.7896,-51.1415,-51.8266,PENDING_AG03,FALSE,NOT_FOR_ENFORCEMENT,-59.7678,75.0928,-61.6162,-59.7678,-1.8485,-0.66101695,-0.64118644,-1.8485,-59.7678,-0.64118644,-1.8485,-1.8485,-1.8485,-2.4646,-2.4646,-59.7678,-0.64118644,-10.4748,-9.7896,-51.1415,-51.8266,-0.54864407,-0.5559942,-0.01983051,18.6429,15.4831,-12.3232,-61.6162,-20.5387,93.2143,5.0000,,18.6429,13.8242,15.799,22.382,35.8111,35.8111,35.8111,15.799,15.799,2.266667,2.266667,1.18,3,3,1,2,0E-8,-0.66101695,,0E-8,0.000000,0.830508,0.000000,,2026-03-27,2026-03-27,1,3,3,1,1.000000,,,0.000000,,,,,,,,GLOBAL_BASELINE_NO_ENTITY_RANKING,,,NOT_APPLICABLE_GLOBAL_BASELINE,HF9g-P5,,,,X 全窗基线 · 不参与实体赏罚,3922152,393,A168_HF9F_20260827_0900,2026-08-27 09:00:00
2026-03-27,147834284,2088,0,7.8995181294,-7.8995181294,-7.8995181294,0E-7,1,1,0.50665070000000000,0.506650700000,-1.013391052207602,-1.013391052207602,-1.013391052207602,0E-17,ELIGIBLE,R03b_20260811_FULL_v1,L1_ELIGIBILITY,v2026-08-11,2026-03-21..2026-08-06,baccarat_bet02_101_all_pairs_incl_sentinel,round_win = game_pnl > 0 (decisive only),COMPATIBILITY_ONLY_NOT_PRODUCTION,93.2143,77.4153,-61.6162,5,5,0.66101695,,0.66101695,0.66101695,61.6162,93.2143,THIN_EXPOSURE,0.0000,-1.8485,3.0000,97.0000,AG03-UNRESOLVED,ALL5_LEVELS_bet23_to_bet27,-1.8485,-1.8485,-1.8485,-2.4646,-2.4646,3.000000,3.000000,3.000000,4.000000,4.000000,97.000000,97.000000,97.000000,96.000000,96.000000,5.0,-10.4748,-9.7896,-51.1415,-51.8266,PENDING_AG03,FALSE,NOT_FOR_ENFORCEMENT,-59.7678,75.0928,-61.6162,-59.7678,-1.8485,-0.66101695,-0.64118644,-1.8485,-59.7678,-0.64118644,-1.8485,-1.8485,-1.8485,-2.4646,-2.4646,-59.7678,-0.64118644,-10.4748,-9.7896,-51.1415,-51.8266,-0.54864407,-0.5559942,-0.01983051,18.6429,15.4831,-12.3232,-61.6162,-20.5387,93.2143,5.0000,,18.6429,13.8242,15.799,22.382,35.8111,35.8111,35.8111,15.799,15.799,2.266667,2.266667,1.18,3,3,1,2,0E-8,-0.66101695,,0E-8,0.000000,0.830508,0.000000,,2026-03-27,2026-03-27,1,3,3,1,1.000000,,,0.000000,,,,,,,,GLOBAL_BASELINE_NO_ENTITY_RANKING,,,NOT_APPLICABLE_GLOBAL_BASELINE,HF9g-P5,,,,X 全窗基线 · 不参与实体赏罚,3922153,393,A168_HF9F_20260827_0900,2026-08-27 09:00:00
2026-03-27,147834284,2258,0,15.7990362588,0E-10,0E-10,,1,1,0.49324550000000000,0.493245500000,,,,0E-17,NO_DECISIVE_ROUND,R03b_20260811_FULL_v1,L1_ELIGIBILITY,v2026-08-11,2026-03-21..2026-08-06,baccarat_bet02_101_all_pairs_incl_sentinel,round_win = game_pnl > 0 (decisive only),COMPATIBILITY_ONLY_NOT_PRODUCTION,93.2143,77.4153,-61.6162,5,5,0.66101695,,0.66101695,0.66101695,61.6162,93.2143,THIN_EXPOSURE,0.0000,-1.8485,3.0000,97.0000,AG03-UNRESOLVED,ALL5_LEVELS_bet23_to_bet27,-1.8485,-1.8485,-1.8485,-2.4646,-2.4646,3.000000,3.000000,3.000000,4.000000,4.000000,97.000000,97.000000,97.000000,96.000000,96.000000,5.0,-10.4748,-9.7896,-51.1415,-51.8266,PENDING_AG03,FALSE,NOT_FOR_ENFORCEMENT,-59.7678,75.0928,-61.6162,-59.7678,-1.8485,-0.66101695,-0.64118644,-1.8485,-59.7678,-0.64118644,-1.8485,-1.8485,-1.8485,-2.4646,-2.4646,-59.7678,-0.64118644,-10.4748,-9.7896,-51.1415,-51.8266,-0.54864407,-0.5559942,-0.01983051,18.6429,15.4831,-12.3232,-61.6162,-20.5387,93.2143,5.0000,,18.6429,13.8242,15.799,22.382,35.8111,35.8111,35.8111,15.799,15.799,2.266667,2.266667,1.18,3,3,1,2,0E-8,-0.66101695,,0E-8,0.000000,0.830508,0.000000,,2026-03-27,2026-03-27,1,3,3,1,1.000000,,,0.000000,,,,,,,,GLOBAL_BASELINE_NO_ENTITY_RANKING,,,NOT_APPLICABLE_GLOBAL_BASELINE,HF9g-P5,,,,X 全窗基线 · 不参与实体赏罚,3922154,393,A168_HF9F_20260827_0900,2026-08-27 09:00:00
2026-04-29,132207972,986,0,57.3253409417,57.3253409417,57.3253409417,1.0000000,5,5,0.49324550000000000,0.493245500000,2.266481837870793,2.266481837870793,2.266481837870793,0E-17,ELIGIBLE,R03b_20260811_FULL_v1,L1_ELIGIBILITY,v2026-08-11,2026-03-21..2026-08-06,baccarat_bet02_101_all_pairs_incl_sentinel,round_win = game_pnl > 0 (decisive only),COMPATIBILITY_ONLY_NOT_PRODUCTION,62.2550,62.2550,-62.2550,6,6,1.00000000,,1.00000000,1.00000000,62.2550,62.2550,THIN_EXPOSURE,0.0000,-2.4902,4.0000,96.0000,AG03-UNRESOLVED,ALL5_LEVELS_bet23_to_bet27,-2.4902,-2.4902,-2.4902,-3.1128,-3.1128,4.000000,4.000000,4.000000,5.000000,5.000000,96.000000,96.000000,96.000000,95.000000,95.000000,5.0,-13.6961,-12.546,-48.5589,-49.709,PENDING_AG03,FALSE,NOT_FOR_ENFORCEMENT,-59.7648,59.7648,-62.2550,-59.7648,-2.4902,-1.00000000,-0.96000000,-2.4902,-59.7648,-0.96000000,-2.4902,-2.4902,-2.4902,-3.1128,-3.1128,-59.7648,-0.96000000,-13.6961,-12.546,-48.5589,-49.709,-0.78000000,-0.79847424,-0.04000000,10.3758,10.3758,-10.3758,-31.1275,-31.1275,31.1275,3.0000,,10.3758,4.9734,9.4233,13.6115,19.2655,19.8937,19.8937,9.4233,9.4233,2.111111,2.111111,1.101078,1,2,1,1,0E-8,-1.00000000,,0E-8,0.000000,1.000000,0.000000,,2026-04-29,2026-05-10,2,2,2,12,0.166667,,,0.000000,,,,,,,,GLOBAL_BASELINE_NO_ENTITY_RANKING,,,NOT_APPLICABLE_GLOBAL_BASELINE,HF9g-P5,,,,X 全窗基线 · 不参与实体赏罚,3922155,393,A168_HF9F_20260827_0900,2026-08-27 09:00:00
2026-05-10,132207972,1994,0,4.9296870946,4.9296870946,4.9296870946,1.0000000,1,1,0.49324550000000000,0.493245500000,1.01360149184955,1.01360149184955,1.01360149184955,0E-17,ELIGIBLE,R03b_20260811_FULL_v1,L1_ELIGIBILITY,v2026-08-11,2026-03-21..2026-08-06,baccarat_bet02_101_all_pairs_incl_sentinel,round_win = game_pnl > 0 (decisive only),COMPATIBILITY_ONLY_NOT_PRODUCTION,62.2550,62.2550,-62.2550,6,6,1.00000000,,1.00000000,1.00000000,62.2550,62.2550,THIN_EXPOSURE,0.0000,-2.4902,4.0000,96.0000,AG03-UNRESOLVED,ALL5_LEVELS_bet23_to_bet27,-2.4902,-2.4902,-2.4902,-3.1128,-3.1128,4.000000,4.000000,4.000000,5.000000,5.000000,96.000000,96.000000,96.000000,95.000000,95.000000,5.0,-13.6961,-12.546,-48.5589,-49.709,PENDING_AG03,FALSE,NOT_FOR_ENFORCEMENT,-59.7648,59.7648,-62.2550,-59.7648,-2.4902,-1.00000000,-0.96000000,-2.4902,-59.7648,-0.96000000,-2.4902,-2.4902,-2.4902,-3.1128,-3.1128,-59.7648,-0.96000000,-13.6961,-12.546,-48.5589,-49.709,-0.78000000,-0.79847424,-0.04000000,10.3758,10.3758,-10.3758,-31.1275,-31.1275,31.1275,3.0000,,10.3758,4.9734,9.4233,13.6115,19.2655,19.8937,19.8937,9.4233,9.4233,2.111111,2.111111,1.101078,1,2,1,1,0E-8,-1.00000000,,0E-8,0.000000,1.000000,0.000000,,2026-04-29,2026-05-10,2,2,2,12,0.166667,,,0.000000,,,,,,,,GLOBAL_BASELINE_NO_ENTITY_RANKING,,,NOT_APPLICABLE_GLOBAL_BASELINE,HF9g-P5,,,,X 全窗基线 · 不参与实体赏罚,3922156,393,A168_HF9F_20260827_0900,2026-08-27 09:00:00
2026-03-26,146776946,2258,0,3.1598072518,-3.1598072518,-3.1598072518,0E-7,1,1,0.49324550000000000,0.493245500000,-0.9865810262130424,-0.9865810262130424,-0.9865810262130424,0E-17,ELIGIBLE,R03b_20260811_FULL_v1,L1_ELIGIBILITY,v2026-08-11,2026-03-21..2026-08-06,baccarat_bet02_101_all_pairs_incl_sentinel,round_win = game_pnl > 0 (decisive only),COMPATIBILITY_ONLY_NOT_PRODUCTION,99.4062,88.8735,-62.2514,17,13,0.62623247,,0.62623247,0.62623247,62.2514,99.4062,THIN_EXPOSURE,0.0000,-2.4901,4.0000,96.0000,AG03-UNRESOLVED,ALL5_LEVELS_bet23_to_bet27,-2.4901,-2.4901,-2.4901,-3.7351,-3.7351,4.000000,4.000000,4.000000,6.000000,6.000000,96.000000,96.000000,96.000000,94.000000,94.000000,5.0,-14.9403,-13.5862,-47.3111,-48.6652,PENDING_AG03,FALSE,NOT_FOR_ENFORCEMENT,-59.7613,85.3186,-62.2514,-59.7613,-2.4901,-0.62623247,-0.60118317,-2.4901,-59.7613,-0.60118317,-2.4901,-2.4901,-2.4901,-3.7351,-3.7351,-59.7613,-0.60118317,-14.9403,-13.5862,-47.3111,-48.6652,-0.47593668,-0.48955894,-0.02504930,5.8474,6.8364,-4.7886,-12.4503,-7.7814,19.8812,2.6000,,5.8474,2.8307,5.2352,7.7219,12.0073,13.574,14.2191,3.1598,-2.6332,2.592839,2.716068,1.116946,7,8,4,6,0E-8,-0.62623247,,0E-8,0.000000,0.894044,0.000000,,2026-03-26,2026-03-31,5,8,8,6,0.833333,,,0.000000,,,,,,,,GLOBAL_BASELINE_NO_ENTITY_RANKING,,,NOT_APPLICABLE_GLOBAL_BASELINE,HF9g-P5,,,,X 全窗基线 · 不参与实体赏罚,3922157,393,A168_HF9F_20260827_0900,2026-08-27 09:00:00
2026-03-27,146776946,1714,0,9.4794217553,9.1634410301,9.1634410301,1.0000000,2,2,0.49994810000000000,0.499948100000,1.4143603653603398,1.4143603653603398,1.4143603653603398,0E-17,ELIGIBLE,R03b_20260811_FULL_v1,L1_ELIGIBILITY,v2026-08-11,2026-03-21..2026-08-06,baccarat_bet02_101_all_pairs_incl_sentinel,round_win = game_pnl > 0 (decisive only),COMPATIBILITY_ONLY_NOT_PRODUCTION,99.4062,88.8735,-62.2514,17,13,0.62623247,,0.62623247,0.62623247,62.2514,99.4062,THIN_EXPOSURE,0.0000,-2.4901,4.0000,96.0000,AG03-UNRESOLVED,ALL5_LEVELS_bet23_to_bet27,-2.4901,-2.4901,-2.4901,-3.7351,-3.7351,4.000000,4.000000,4.000000,6.000000,6.000000,96.000000,96.000000,96.000000,94.000000,94.000000,5.0,-14.9403,-13.5862,-47.3111,-48.6652,PENDING_AG03,FALSE,NOT_FOR_ENFORCEMENT,-59.7613,85.3186,-62.2514,-59.7613,-2.4901,-0.62623247,-0.60118317,-2.4901,-59.7613,-0.60118317,-2.4901,-2.4901,-2.4901,-3.7351,-3.7351,-59.7613,-0.60118317,-14.9403,-13.5862,-47.3111,-48.6652,-0.47593668,-0.48955894,-0.02504930,5.8474,6.8364,-4.7886,-12.4503,-7.7814,19.8812,2.6000,,5.8474,2.8307,5.2352,7.7219,12.0073,13.574,14.2191,3.1598,-2.6332,2.592839,2.716068,1.116946,7,8,4,6,0E-8,-0.62623247,,0E-8,0.000000,0.894044,0.000000,,2026-03-26,2026-03-31,5,8,8,6,0.833333,,,0.000000,,,,,,,,GLOBAL_BASELINE_NO_ENTITY_RANKING,,,NOT_APPLICABLE_GLOBAL_BASELINE,HF9g-P5,,,,X 全窗基线 · 不参与实体赏罚,3922158,393,A168_HF9F_20260827_0900,2026-08-27 09:00:00
2026-03-27,146776946,2156,0,47.6604260474,69.2524422677,69.2524422677,1.0000000,7,3,0.43888821134746659,0.383189413333,1.599052550795942,1.794254963933321,1.599052550795942,0.05569879801446659,ELIGIBLE,R03b_20260811_FULL_v1,L1_ELIGIBILITY,v2026-08-11,2026-03-21..2026-08-06,baccarat_bet02_101_all_pairs_incl_sentinel,round_win = game_pnl > 0 (decisive only),COMPATIBILITY_ONLY_NOT_PRODUCTION,99.4062,88.8735,-62.2514,17,13,0.62623247,,0.62623247,0.62623247,62.2514,99.4062,THIN_EXPOSURE,0.0000,-2.4901,4.0000,96.0000,AG03-UNRESOLVED,ALL5_LEVELS_bet23_to_bet27,-2.4901,-2.4901,-2.4901,-3.7351,-3.7351,4.000000,4.000000,4.000000,6.000000,6.000000,96.000000,96.000000,96.000000,94.000000,94.000000,5.0,-14.9403,-13.5862,-47.3111,-48.6652,PENDING_AG03,FALSE,NOT_FOR_ENFORCEMENT,-59.7613,85.3186,-62.2514,-59.7613,-2.4901,-0.62623247,-0.60118317,-2.4901,-59.7613,-0.60118317,-2.4901,-2.4901,-2.4901,-3.7351,-3.7351,-59.7613,-0.60118317,-14.9403,-13.5862,-47.3111,-48.6652,-0.47593668,-0.48955894,-0.02504930,5.8474,6.8364,-4.7886,-12.4503,-7.7814,19.8812,2.6000,,5.8474,2.8307,5.2352,7.7219,12.0073,13.574,14.2191,3.1598,-2.6332,2.592839,2.716068,1.116946,7,8,4,6,0E-8,-0.62623247,,0E-8,0.000000,0.894044,0.000000,,2026-03-26,2026-03-31,5,8,8,6,0.833333,,,0.000000,,,,,,,,GLOBAL_BASELINE_NO_ENTITY_RANKING,,,NOT_APPLICABLE_GLOBAL_BASELINE,HF9g-P5,,,,X 全窗基线 · 不参与实体赏罚,3922159,393,A168_HF9F_20260827_0900,2026-08-27 09:00:00
2026-03-29,146776946,994,0,9.2161044843,-3.0544803433,-3.0544803433,0.5000000,2,2,0.50665070000000000,0.506650700000,-0.018812684590367487,-0.018812684590367487,-0.018812684590367487,0E-17,ELIGIBLE,R03b_20260811_FULL_v1,L1_ELIGIBILITY,v2026-08-11,2026-03-21..2026-08-06,baccarat_bet02_101_all_pairs_incl_sentinel,round_win = game_pnl > 0 (decisive only),COMPATIBILITY_ONLY_NOT_PRODUCTION,99.4062,88.8735,-62.2514,17,13,0.62623247,,0.62623247,0.62623247,62.2514,99.4062,THIN_EXPOSURE,0.0000,-2.4901,4.0000,96.0000,AG03-UNRESOLVED,ALL5_LEVELS_bet23_to_bet27,-2.4901,-2.4901,-2.4901,-3.7351,-3.7351,4.000000,4.000000,4.000000,6.000000,6.000000,96.000000,96.000000,96.000000,94.000000,94.000000,5.0,-14.9403,-13.5862,-47.3111,-48.6652,PENDING_AG03,FALSE,NOT_FOR_ENFORCEMENT,-59.7613,85.3186,-62.2514,-59.7613,-2.4901,-0.62623247,-0.60118317,-2.4901,-59.7613,-0.60118317,-2.4901,-2.4901,-2.4901,-3.7351,-3.7351,-59.7613,-0.60118317,-14.9403,-13.5862,-47.3111,-48.6652,-0.47593668,-0.48955894,-0.02504930,5.8474,6.8364,-4.7886,-12.4503,-7.7814,19.8812,2.6000,,5.8474,2.8307,5.2352,7.7219,12.0073,13.574,14.2191,3.1598,-2.6332,2.592839,2.716068,1.116946,7,8,4,6,0E-8,-0.62623247,,0E-8,0.000000,0.894044,0.000000,,2026-03-26,2026-03-31,5,8,8,6,0.833333,,,0.000000,,,,,,,,GLOBAL_BASELINE_NO_ENTITY_RANKING,,,NOT_APPLICABLE_GLOBAL_BASELINE,HF9g-P5,,,,X 全窗基线 · 不参与实体赏罚,3922160,393,A168_HF9F_20260827_0900,2026-08-27 09:00:00
2026-03-30,146776946,1396,0,8.4261526714,-2.7779972089,-2.7779972089,0.5000000,2,2,0.50665070000000000,0.506650700000,-0.018812684590367487,-0.018812684590367487,-0.018812684590367487,0E-17,ELIGIBLE,R03b_20260811_FULL_v1,L1_ELIGIBILITY,v2026-08-11,2026-03-21..2026-08-06,baccarat_bet02_101_all_pairs_incl_sentinel,round_win = game_pnl > 0 (decisive only),COMPATIBILITY_ONLY_NOT_PRODUCTION,99.4062,88.8735,-62.2514,17,13,0.62623247,,0.62623247,0.62623247,62.2514,99.4062,THIN_EXPOSURE,0.0000,-2.4901,4.0000,96.0000,AG03-UNRESOLVED,ALL5_LEVELS_bet23_to_bet27,-2.4901,-2.4901,-2.4901,-3.7351,-3.7351,4.000000,4.000000,4.000000,6.000000,6.000000,96.000000,96.000000,96.000000,94.000000,94.000000,5.0,-14.9403,-13.5862,-47.3111,-48.6652,PENDING_AG03,FALSE,NOT_FOR_ENFORCEMENT,-59.7613,85.3186,-62.2514,-59.7613,-2.4901,-0.62623247,-0.60118317,-2.4901,-59.7613,-0.60118317,-2.4901,-2.4901,-2.4901,-3.7351,-3.7351,-59.7613,-0.60118317,-14.9403,-13.5862,-47.3111,-48.6652,-0.47593668,-0.48955894,-0.02504930,5.8474,6.8364,-4.7886,-12.4503,-7.7814,19.8812,2.6000,,5.8474,2.8307,5.2352,7.7219,12.0073,13.574,14.2191,3.1598,-2.6332,2.592839,2.716068,1.116946,7,8,4,6,0E-8,-0.62623247,,0E-8,0.000000,0.894044,0.000000,,2026-03-26,2026-03-31,5,8,8,6,0.833333,,,0.000000,,,,,,,,GLOBAL_BASELINE_NO_ENTITY_RANKING,,,NOT_APPLICABLE_GLOBAL_BASELINE,HF9g-P5,,,,X 全窗基线 · 不参与实体赏罚,3922161,393,A168_HF9F_20260827_0900,2026-08-27 09:00:00
2026-03-31,146776946,1402,0,8.8998246211,-8.8998246211,-8.8998246211,0E-7,1,1,0.50665070000000000,0.506650700000,-1.013391052207602,-1.013391052207602,-1.013391052207602,0E-17,ELIGIBLE,R03b_20260811_FULL_v1,L1_ELIGIBILITY,v2026-08-11,2026-03-21..2026-08-06,baccarat_bet02_101_all_pairs_incl_sentinel,round_win = game_pnl > 0 (decisive only),COMPATIBILITY_ONLY_NOT_PRODUCTION,99.4062,88.8735,-62.2514,17,13,0.62623247,,0.62623247,0.62623247,62.2514,99.4062,THIN_EXPOSURE,0.0000,-2.4901,4.0000,96.0000,AG03-UNRESOLVED,ALL5_LEVELS_bet23_to_bet27,-2.4901,-2.4901,-2.4901,-3.7351,-3.7351,4.000000,4.000000,4.000000,6.000000,6.000000,96.000000,96.000000,96.000000,94.000000,94.000000,5.0,-14.9403,-13.5862,-47.3111,-48.6652,PENDING_AG03,FALSE,NOT_FOR_ENFORCEMENT,-59.7613,85.3186,-62.2514,-59.7613,-2.4901,-0.62623247,-0.60118317,-2.4901,-59.7613,-0.60118317,-2.4901,-2.4901,-2.4901,-3.7351,-3.7351,-59.7613,-0.60118317,-14.9403,-13.5862,-47.3111,-48.6652,-0.47593668,-0.48955894,-0.02504930,5.8474,6.8364,-4.7886,-12.4503,-7.7814,19.8812,2.6000,,5.8474,2.8307,5.2352,7.7219,12.0073,13.574,14.2191,3.1598,-2.6332,2.592839,2.716068,1.116946,7,8,4,6,0E-8,-0.62623247,,0E-8,0.000000,0.894044,0.000000,,2026-03-26,2026-03-31,5,8,8,6,0.833333,,,0.000000,,,,,,,,GLOBAL_BASELINE_NO_ENTITY_RANKING,,,NOT_APPLICABLE_GLOBAL_BASELINE,HF9g-P5,,,,X 全窗基线 · 不参与实体赏罚,3922162,393,A168_HF9F_20260827_0900,2026-08-27 09:00:00
2026-03-31,146776946,1951,0,7.3292673350,6.9628039683,6.9628039683,1.0000000,1,1,0.50665070000000000,0.506650700000,0.9867858985152569,0.9867858985152569,0.9867858985152569,0E-17,ELIGIBLE,R03b_20260811_FULL_v1,L1_ELIGIBILITY,v2026-08-11,2026-03-21..2026-08-06,baccarat_bet02_101_all_pairs_incl_sentinel,round_win = game_pnl > 0 (decisive only),COMPATIBILITY_ONLY_NOT_PRODUCTION,99.4062,88.8735,-62.2514,17,13,0.62623247,,0.62623247,0.62623247,62.2514,99.4062,THIN_EXPOSURE,0.0000,-2.4901,4.0000,96.0000,AG03-UNRESOLVED,ALL5_LEVELS_bet23_to_bet27,-2.4901,-2.4901,-2.4901,-3.7351,-3.7351,4.000000,4.000000,4.000000,6.000000,6.000000,96.000000,96.000000,96.000000,94.000000,94.000000,5.0,-14.9403,-13.5862,-47.3111,-48.6652,PENDING_AG03,FALSE,NOT_FOR_ENFORCEMENT,-59.7613,85.3186,-62.2514,-59.7613,-2.4901,-0.62623247,-0.60118317,-2.4901,-59.7613,-0.60118317,-2.4901,-2.4901,-2.4901,-3.7351,-3.7351,-59.7613,-0.60118317,-14.9403,-13.5862,-47.3111,-48.6652,-0.47593668,-0.48955894,-0.02504930,5.8474,6.8364,-4.7886,-12.4503,-7.7814,19.8812,2.6000,,5.8474,2.8307,5.2352,7.7219,12.0073,13.574,14.2191,3.1598,-2.6332,2.592839,2.716068,1.116946,7,8,4,6,0E-8,-0.62623247,,0E-8,0.000000,0.894044,0.000000,,2026-03-26,2026-03-31,5,8,8,6,0.833333,,,0.000000,,,,,,,,GLOBAL_BASELINE_NO_ENTITY_RANKING,,,NOT_APPLICABLE_GLOBAL_BASELINE,HF9g-P5,,,,X 全窗基线 · 不参与实体赏罚,3922163,393,A168_HF9F_20260827_0900,2026-08-27 09:00:00
2026-03-31,146776946,2088,0,5.2351909536,-5.2351909536,-5.2351909536,0E-7,1,1,0.49324550000000000,0.493245500000,-0.9865810262130424,-0.9865810262130424,-0.9865810262130424,0E-17,ELIGIBLE,R03b_20260811_FULL_v1,L1_ELIGIBILITY,v2026-08-11,2026-03-21..2026-08-06,baccarat_bet02_101_all_pairs_incl_sentinel,round_win = game_pnl > 0 (decisive only),COMPATIBILITY_ONLY_NOT_PRODUCTION,99.4062,88.8735,-62.2514,17,13,0.62623247,,0.62623247,0.62623247,62.2514,99.4062,THIN_EXPOSURE,0.0000,-2.4901,4.0000,96.0000,AG03-UNRESOLVED,ALL5_LEVELS_bet23_to_bet27,-2.4901,-2.4901,-2.4901,-3.7351,-3.7351,4.000000,4.000000,4.000000,6.000000,6.000000,96.000000,96.000000,96.000000,94.000000,94.000000,5.0,-14.9403,-13.5862,-47.3111,-48.6652,PENDING_AG03,FALSE,NOT_FOR_ENFORCEMENT,-59.7613,85.3186,-62.2514,-59.7613,-2.4901,-0.62623247,-0.60118317,-2.4901,-59.7613,-0.60118317,-2.4901,-2.4901,-2.4901,-3.7351,-3.7351,-59.7613,-0.60118317,-14.9403,-13.5862,-47.3111,-48.6652,-0.47593668,-0.48955894,-0.02504930,5.8474,6.8364,-4.7886,-12.4503,-7.7814,19.8812,2.6000,,5.8474,2.8307,5.2352,7.7219,12.0073,13.574,14.2191,3.1598,-2.6332,2.592839,2.716068,1.116946,7,8,4,6,0E-8,-0.62623247,,0E-8,0.000000,0.894044,0.000000,,2026-03-26,2026-03-31,5,8,8,6,0.833333,,,0.000000,,,,,,,,GLOBAL_BASELINE_NO_ENTITY_RANKING,,,NOT_APPLICABLE_GLOBAL_BASELINE,HF9g-P5,,,,X 全窗基线 · 不参与实体赏罚,3922164,393,A168_HF9F_20260827_0900,2026-08-27 09:00:00
2026-03-23,147686290,1405,0,36.8644179372,-15.7990362588,-15.7990362588,0.5000000,2,2,0.49324550000000000,0.493245500000,0.01910635448239258,0.01910635448239258,0.01910635448239258,0E-17,ELIGIBLE,R03b_20260811_FULL_v1,L1_ELIGIBILITY,v2026-08-11,2026-03-21..2026-08-06,baccarat_bet02_101_all_pairs_incl_sentinel,round_win = game_pnl > 0 (decisive only),COMPATIBILITY_ONLY_NOT_PRODUCTION,2926.8590,2520.6691,-62.2503,165,154,0.02126864,0.09567100,0.00235100,0.02126864,62.2503,2926.8590,OK,0.0000,-2.4900,4.0000,96.0000,AG03-UNRESOLVED,ALL5_LEVELS_bet23_to_bet27,-2.4900,-3.1125,-3.1125,-3.1125,-3.1125,4.000000,5.000000,5.000000,5.000000,5.000000,96.000000,95.000000,95.000000,95.000000,95.000000,5.0,-14.9401,-13.5752,-47.3102,-48.6751,PENDING_AG03,FALSE,NOT_FOR_ENFORCEMENT,-59.7603,2419.8423,-62.2503,-59.7603,-2.4900,-0.02126864,-0.02041790,-2.4900,-59.7603,-0.02041790,-2.4900,-3.1125,-3.1125,-3.1125,-3.1125,-59.7603,-0.02041790,-14.9401,-13.5752,-47.3102,-48.6751,-0.01616417,-0.0166305,-0.00085075,17.7385,16.3680,-0.4042,-4.1500,-0.9577,195.1239,10.2667,19.7776,17.2854,5.2352,10.5327,23.6986,39.4976,52.0066,91.4171,10.4704,0.0,4.937633,8.679371,1.684141,20,52,16,4,0.20271800,-0.02126864,-0.09567100,0E-8,0.000000,0.861220,0.103030,0.09332000,2026-03-23,2026-08-06,15,65,64,137,0.109489,1.144176,1.114949,0.675727,,,,,,,,GLOBAL_BASELINE_NO_ENTITY_RANKING,,,NOT_APPLICABLE_GLOBAL_BASELINE,HF9g-P5,,,,X 全窗基线 · 不参与实体赏罚,3922165,393,A168_HF9F_20260827_0900,2026-08-27 09:00:00
2026-03-23,147686290,2160,0,24.7518234721,-24.7518234721,-24.7518234721,0E-7,1,1,0.50665070000000000,0.506650700000,-1.013391052207602,-1.013391052207602,-1.013391052207602,0E-17,ELIGIBLE,R03b_20260811_FULL_v1,L1_ELIGIBILITY,v2026-08-11,2026-03-21..2026-08-06,baccarat_bet02_101_all_pairs_incl_sentinel,round_win = game_pnl > 0 (decisive only),COMPATIBILITY_ONLY_NOT_PRODUCTION,2926.8590,2520.6691,-62.2503,165,154,0.02126864,0.09567100,0.00235100,0.02126864,62.2503,2926.8590,OK,0.0000,-2.4900,4.0000,96.0000,AG03-UNRESOLVED,ALL5_LEVELS_bet23_to_bet27,-2.4900,-3.1125,-3.1125,-3.1125,-3.1125,4.000000,5.000000,5.000000,5.000000,5.000000,96.000000,95.000000,95.000000,95.000000,95.000000,5.0,-14.9401,-13.5752,-47.3102,-48.6751,PENDING_AG03,FALSE,NOT_FOR_ENFORCEMENT,-59.7603,2419.8423,-62.2503,-59.7603,-2.4900,-0.02126864,-0.02041790,-2.4900,-59.7603,-0.02041790,-2.4900,-3.1125,-3.1125,-3.1125,-3.1125,-59.7603,-0.02041790,-14.9401,-13.5752,-47.3102,-48.6751,-0.01616417,-0.0166305,-0.00085075,17.7385,16.3680,-0.4042,-4.1500,-0.9577,195.1239,10.2667,19.7776,17.2854,5.2352,10.5327,23.6986,39.4976,52.0066,91.4171,10.4704,0.0,4.937633,8.679371,1.684141,20,52,16,4,0.20271800,-0.02126864,-0.09567100,0E-8,0.000000,0.861220,0.103030,0.09332000,2026-03-23,2026-08-06,15,65,64,137,0.109489,1.144176,1.114949,0.675727,,,,,,,,GLOBAL_BASELINE_NO_ENTITY_RANKING,,,NOT_APPLICABLE_GLOBAL_BASELINE,HF9g-P5,,,,X 全窗基线 · 不参与实体赏罚,3922166,393,A168_HF9F_20260827_0900,2026-08-27 09:00:00
2026-03-23,147686290,752,0,39.4975906470,-7.8995181294,-7.8995181294,0.5000000,2,2,0.49324550000000000,0.493245500000,0.01910635448239258,0.01910635448239258,0.01910635448239258,0E-17,ELIGIBLE,R03b_20260811_FULL_v1,L1_ELIGIBILITY,v2026-08-11,2026-03-21..2026-08-06,baccarat_bet02_101_all_pairs_incl_sentinel,round_win = game_pnl > 0 (decisive only),COMPATIBILITY_ONLY_NOT_PRODUCTION,2926.8590,2520.6691,-62.2503,165,154,0.02126864,0.09567100,0.00235100,0.02126864,62.2503,2926.8590,OK,0.0000,-2.4900,4.0000,96.0000,AG03-UNRESOLVED,ALL5_LEVELS_bet23_to_bet27,-2.4900,-3.1125,-3.1125,-3.1125,-3.1125,4.000000,5.000000,5.000000,5.000000,5.000000,96.000000,95.000000,95.000000,95.000000,95.000000,5.0,-14.9401,-13.5752,-47.3102,-48.6751,PENDING_AG03,FALSE,NOT_FOR_ENFORCEMENT,-59.7603,2419.8423,-62.2503,-59.7603,-2.4900,-0.02126864,-0.02041790,-2.4900,-59.7603,-0.02041790,-2.4900,-3.1125,-3.1125,-3.1125,-3.1125,-59.7603,-0.02041790,-14.9401,-13.5752,-47.3102,-48.6751,-0.01616417,-0.0166305,-0.00085075,17.7385,16.3680,-0.4042,-4.1500,-0.9577,195.1239,10.2667,19.7776,17.2854,5.2352,10.5327,23.6986,39.4976,52.0066,91.4171,10.4704,0.0,4.937633,8.679371,1.684141,20,52,16,4,0.20271800,-0.02126864,-0.09567100,0E-8,0.000000,0.861220,0.103030,0.09332000,2026-03-23,2026-08-06,15,65,64,137,0.109489,1.144176,1.114949,0.675727,,,,,,,,GLOBAL_BASELINE_NO_ENTITY_RANKING,,,NOT_APPLICABLE_GLOBAL_BASELINE,HF9g-P5,,,,X 全窗基线 · 不参与实体赏罚,3922167,393,A168_HF9F_20260827_0900,2026-08-27 09:00:00
2026-03-23,147686290,925,0,42.1307633568,0E-10,0E-10,0.5000000,3,3,0.50218230000000000,0.502182300000,-0.00617253530718887,-0.00617253530718887,-0.00617253530718887,0E-17,ELIGIBLE,R03b_20260811_FULL_v1,L1_ELIGIBILITY,v2026-08-11,2026-03-21..2026-08-06,baccarat_bet02_101_all_pairs_incl_sentinel,round_win = game_pnl > 0 (decisive only),COMPATIBILITY_ONLY_NOT_PRODUCTION,2926.8590,2520.6691,-62.2503,165,154,0.02126864,0.09567100,0.00235100,0.02126864,62.2503,2926.8590,OK,0.0000,-2.4900,4.0000,96.0000,AG03-UNRESOLVED,ALL5_LEVELS_bet23_to_bet27,-2.4900,-3.1125,-3.1125,-3.1125,-3.1125,4.000000,5.000000,5.000000,5.000000,5.000000,96.000000,95.000000,95.000000,95.000000,95.000000,5.0,-14.9401,-13.5752,-47.3102,-48.6751,PENDING_AG03,FALSE,NOT_FOR_ENFORCEMENT,-59.7603,2419.8423,-62.2503,-59.7603,-2.4900,-0.02126864,-0.02041790,-2.4900,-59.7603,-0.02041790,-2.4900,-3.1125,-3.1125,-3.1125,-3.1125,-59.7603,-0.02041790,-14.9401,-13.5752,-47.3102,-48.6751,-0.01616417,-0.0166305,-0.00085075,17.7385,16.3680,-0.4042,-4.1500,-0.9577,195.1239,10.2667,19.7776,17.2854,5.2352,10.5327,23.6986,39.4976,52.0066,91.4171,10.4704,0.0,4.937633,8.679371,1.684141,20,52,16,4,0.20271800,-0.02126864,-0.09567100,0E-8,0.000000,0.861220,0.103030,0.09332000,2026-03-23,2026-08-06,15,65,64,137,0.109489,1.144176,1.114949,0.675727,,,,,,,,GLOBAL_BASELINE_NO_ENTITY_RANKING,,,NOT_APPLICABLE_GLOBAL_BASELINE,HF9g-P5,,,,X 全窗基线 · 不参与实体赏罚,3922168,393,A168_HF9F_20260827_0900,2026-08-27 09:00:00
2026-03-28,147686290,1078,0,5.2663454196,-5.2663454196,-5.2663454196,0E-7,1,1,0.50665070000000000,0.506650700000,-1.013391052207602,-1.013391052207602,-1.013391052207602,0E-17,ELIGIBLE,R03b_20260811_FULL_v1,L1_ELIGIBILITY,v2026-08-11,2026-03-21..2026-08-06,baccarat_bet02_101_all_pairs_incl_sentinel,round_win = game_pnl > 0 (decisive only),COMPATIBILITY_ONLY_NOT_PRODUCTION,2926.8590,2520.6691,-62.2503,165,154,0.02126864,0.09567100,0.00235100,0.02126864,62.2503,2926.8590,OK,0.0000,-2.4900,4.0000,96.0000,AG03-UNRESOLVED,ALL5_LEVELS_bet23_to_bet27,-2.4900,-3.1125,-3.1125,-3.1125,-3.1125,4.000000,5.000000,5.000000,5.000000,5.000000,96.000000,95.000000,95.000000,95.000000,95.000000,5.0,-14.9401,-13.5752,-47.3102,-48.6751,PENDING_AG03,FALSE,NOT_FOR_ENFORCEMENT,-59.7603,2419.8423,-62.2503,-59.7603,-2.4900,-0.02126864,-0.02041790,-2.4900,-59.7603,-0.02041790,-2.4900,-3.1125,-3.1125,-3.1125,-3.1125,-59.7603,-0.02041790,-14.9401,-13.5752,-47.3102,-48.6751,-0.01616417,-0.0166305,-0.00085075,17.7385,16.3680,-0.4042,-4.1500,-0.9577,195.1239,10.2667,19.7776,17.2854,5.2352,10.5327,23.6986,39.4976,52.0066,91.4171,10.4704,0.0,4.937633,8.679371,1.684141,20,52,16,4,0.20271800,-0.02126864,-0.09567100,0E-8,0.000000,0.861220,0.103030,0.09332000,2026-03-23,2026-08-06,15,65,64,137,0.109489,1.144176,1.114949,0.675727,,,,,,,,GLOBAL_BASELINE_NO_ENTITY_RANKING,,,NOT_APPLICABLE_GLOBAL_BASELINE,HF9g-P5,,,,X 全窗基线 · 不参与实体赏罚,3922169,393,A168_HF9F_20260827_0900,2026-08-27 09:00:00
2026-03-28,147686290,1210,0,92.1610448430,39.4975906470,39.4975906470,0.6666667,3,3,0.49324550000000000,0.493245500000,0.6008033672792107,0.6008033672792106,0.6008033672792107,0E-17,ELIGIBLE,R03b_20260811_FULL_v1,L1_ELIGIBILITY,v2026-08-11,2026-03-21..2026-08-06,baccarat_bet02_101_all_pairs_incl_sentinel,round_win = game_pnl > 0 (decisive only),COMPATIBILITY_ONLY_NOT_PRODUCTION,2926.8590,2520.6691,-62.2503,165,154,0.02126864,0.09567100,0.00235100,0.02126864,62.2503,2926.8590,OK,0.0000,-2.4900,4.0000,96.0000,AG03-UNRESOLVED,ALL5_LEVELS_bet23_to_bet27,-2.4900,-3.1125,-3.1125,-3.1125,-3.1125,4.000000,5.000000,5.000000,5.000000,5.000000,96.000000,95.000000,95.000000,95.000000,95.000000,5.0,-14.9401,-13.5752,-47.3102,-48.6751,PENDING_AG03,FALSE,NOT_FOR_ENFORCEMENT,-59.7603,2419.8423,-62.2503,-59.7603,-2.4900,-0.02126864,-0.02041790,-2.4900,-59.7603,-0.02041790,-2.4900,-3.1125,-3.1125,-3.1125,-3.1125,-59.7603,-0.02041790,-14.9401,-13.5752,-47.3102,-48.6751,-0.01616417,-0.0166305,-0.00085075,17.7385,16.3680,-0.4042,-4.1500,-0.9577,195.1239,10.2667,19.7776,17.2854,5.2352,10.5327,23.6986,39.4976,52.0066,91.4171,10.4704,0.0,4.937633,8.679371,1.684141,20,52,16,4,0.20271800,-0.02126864,-0.09567100,0E-8,0.000000,0.861220,0.103030,0.09332000,2026-03-23,2026-08-06,15,65,64,137,0.109489,1.144176,1.114949,0.675727,,,,,,,,GLOBAL_BASELINE_NO_ENTITY_RANKING,,,NOT_APPLICABLE_GLOBAL_BASELINE,HF9g-P5,,,,X 全窗基线 · 不参与实体赏罚,3922170,393,A168_HF9F_20260827_0900,2026-08-27 09:00:00
2026-03-28,147686290,1307,0,26.3317270980,-10.5326908392,-10.5326908392,0.3333333,3,3,0.49771390000000000,0.497713900000,-0.5694369385616226,-0.5694369385616226,-0.5694369385616226,0E-17,ELIGIBLE,R03b_20260811_FULL_v1,L1_ELIGIBILITY,v2026-08-11,2026-03-21..2026-08-06,baccarat_bet02_101_all_pairs_incl_sentinel,round_win = game_pnl > 0 (decisive only),COMPATIBILITY_ONLY_NOT_PRODUCTION,2926.8590,2520.6691,-62.2503,165,154,0.02126864,0.09567100,0.00235100,0.02126864,62.2503,2926.8590,OK,0.0000,-2.4900,4.0000,96.0000,AG03-UNRESOLVED,ALL5_LEVELS_bet23_to_bet27,-2.4900,-3.1125,-3.1125,-3.1125,-3.1125,4.000000,5.000000,5.000000,5.000000,5.000000,96.000000,95.000000,95.000000,95.000000,95.000000,5.0,-14.9401,-13.5752,-47.3102,-48.6751,PENDING_AG03,FALSE,NOT_FOR_ENFORCEMENT,-59.7603,2419.8423,-62.2503,-59.7603,-2.4900,-0.02126864,-0.02041790,-2.4900,-59.7603,-0.02041790,-2.4900,-3.1125,-3.1125,-3.1125,-3.1125,-59.7603,-0.02041790,-14.9401,-13.5752,-47.3102,-48.6751,-0.01616417,-0.0166305,-0.00085075,17.7385,16.3680,-0.4042,-4.1500,-0.9577,195.1239,10.2667,19.7776,17.2854,5.2352,10.5327,23.6986,39.4976,52.0066,91.4171,10.4704,0.0,4.937633,8.679371,1.684141,20,52,16,4,0.20271800,-0.02126864,-0.09567100,0E-8,0.000000,0.861220,0.103030,0.09332000,2026-03-23,2026-08-06,15,65,64,137,0.109489,1.144176,1.114949,0.675727,,,,,,,,GLOBAL_BASELINE_NO_ENTITY_RANKING,,,NOT_APPLICABLE_GLOBAL_BASELINE,HF9g-P5,,,,X 全窗基线 · 不参与实体赏罚,3922171,393,A168_HF9F_20260827_0900,2026-08-27 09:00:00
2026-03-28,147686290,1994,0,210.6538167840,149.0375753746,149.0375753746,0.8571429,8,8,0.49994810000000000,0.499948100000,1.890097004214593,1.890097004214593,1.890097004214593,0E-17,ELIGIBLE,R03b_20260811_FULL_v1,L1_ELIGIBILITY,v2026-08-11,2026-03-21..2026-08-06,baccarat_bet02_101_all_pairs_incl_sentinel,round_win = game_pnl > 0 (decisive only),COMPATIBILITY_ONLY_NOT_PRODUCTION,2926.8590,2520.6691,-62.2503,165,154,0.02126864,0.09567100,0.00235100,0.02126864,62.2503,2926.8590,OK,0.0000,-2.4900,4.0000,96.0000,AG03-UNRESOLVED,ALL5_LEVELS_bet23_to_bet27,-2.4900,-3.1125,-3.1125,-3.1125,-3.1125,4.000000,5.000000,5.000000,5.000000,5.000000,96.000000,95.000000,95.000000,95.000000,95.000000,5.0,-14.9401,-13.5752,-47.3102,-48.6751,PENDING_AG03,FALSE,NOT_FOR_ENFORCEMENT,-59.7603,2419.8423,-62.2503,-59.7603,-2.4900,-0.02126864,-0.02041790,-2.4900,-59.7603,-0.02041790,-2.4900,-3.1125,-3.1125,-3.1125,-3.1125,-59.7603,-0.02041790,-14.9401,-13.5752,-47.3102,-48.6751,-0.01616417,-0.0166305,-0.00085075,17.7385,16.3680,-0.4042,-4.1500,-0.9577,195.1239,10.2667,19.7776,17.2854,5.2352,10.5327,23.6986,39.4976,52.0066,91.4171,10.4704,0.0,4.937633,8.679371,1.684141,20,52,16,4,0.20271800,-0.02126864,-0.09567100,0E-8,0.000000,0.861220,0.103030,0.09332000,2026-03-23,2026-08-06,15,65,64,137,0.109489,1.144176,1.114949,0.675727,,,,,,,,GLOBAL_BASELINE_NO_ENTITY_RANKING,,,NOT_APPLICABLE_GLOBAL_BASELINE,HF9g-P5,,,,X 全窗基线 · 不参与实体赏罚,3922172,393,A168_HF9F_20260827_0900,2026-08-27 09:00:00
2026-03-28,147686290,2088,0,73.7288358744,25.1467993786,25.1467993786,0.7500000,4,4,0.49659680000000000,0.496596800000,1.0136362796769356,1.0136362796769358,1.0136362796769356,0E-17,ELIGIBLE,R03b_20260811_FULL_v1,L1_ELIGIBILITY,v2026-08-11,2026-03-21..2026-08-06,baccarat_bet02_101_all_pairs_incl_sentinel,round_win = game_pnl > 0 (decisive only),COMPATIBILITY_ONLY_NOT_PRODUCTION,2926.8590,2520.6691,-62.2503,165,154,0.02126864,0.09567100,0.00235100,0.02126864,62.2503,2926.8590,OK,0.0000,-2.4900,4.0000,96.0000,AG03-UNRESOLVED,ALL5_LEVELS_bet23_to_bet27,-2.4900,-3.1125,-3.1125,-3.1125,-3.1125,4.000000,5.000000,5.000000,5.000000,5.000000,96.000000,95.000000,95.000000,95.000000,95.000000,5.0,-14.9401,-13.5752,-47.3102,-48.6751,PENDING_AG03,FALSE,NOT_FOR_ENFORCEMENT,-59.7603,2419.8423,-62.2503,-59.7603,-2.4900,-0.02126864,-0.02041790,-2.4900,-59.7603,-0.02041790,-2.4900,-3.1125,-3.1125,-3.1125,-3.1125,-59.7603,-0.02041790,-14.9401,-13.5752,-47.3102,-48.6751,-0.01616417,-0.0166305,-0.00085075,17.7385,16.3680,-0.4042,-4.1500,-0.9577,195.1239,10.2667,19.7776,17.2854,5.2352,10.5327,23.6986,39.4976,52.0066,91.4171,10.4704,0.0,4.937633,8.679371,1.684141,20,52,16,4,0.20271800,-0.02126864,-0.09567100,0E-8,0.000000,0.861220,0.103030,0.09332000,2026-03-23,2026-08-06,15,65,64,137,0.109489,1.144176,1.114949,0.675727,,,,,,,,GLOBAL_BASELINE_NO_ENTITY_RANKING,,,NOT_APPLICABLE_GLOBAL_BASELINE,HF9g-P5,,,,X 全窗基线 · 不参与实体赏罚,3922173,393,A168_HF9F_20260827_0900,2026-08-27 09:00:00
2026-03-28,147686290,986,0,55.2966269058,-7.8995181294,-7.8995181294,0E-7,3,3,0.50218230000000000,0.502182300000,-1.0043741665754933,-1.0043741665754933,-1.0043741665754933,0E-17,ELIGIBLE,R03b_20260811_FULL_v1,L1_ELIGIBILITY,v2026-08-11,2026-03-21..2026-08-06,baccarat_bet02_101_all_pairs_incl_sentinel,round_win = game_pnl > 0 (decisive only),COMPATIBILITY_ONLY_NOT_PRODUCTION,2926.8590,2520.6691,-62.2503,165,154,0.02126864,0.09567100,0.00235100,0.02126864,62.2503,2926.8590,OK,0.0000,-2.4900,4.0000,96.0000,AG03-UNRESOLVED,ALL5_LEVELS_bet23_to_bet27,-2.4900,-3.1125,-3.1125,-3.1125,-3.1125,4.000000,5.000000,5.000000,5.000000,5.000000,96.000000,95.000000,95.000000,95.000000,95.000000,5.0,-14.9401,-13.5752,-47.3102,-48.6751,PENDING_AG03,FALSE,NOT_FOR_ENFORCEMENT,-59.7603,2419.8423,-62.2503,-59.7603,-2.4900,-0.02126864,-0.02041790,-2.4900,-59.7603,-0.02041790,-2.4900,-3.1125,-3.1125,-3.1125,-3.1125,-59.7603,-0.02041790,-14.9401,-13.5752,-47.3102,-48.6751,-0.01616417,-0.0166305,-0.00085075,17.7385,16.3680,-0.4042,-4.1500,-0.9577,195.1239,10.2667,19.7776,17.2854,5.2352,10.5327,23.6986,39.4976,52.0066,91.4171,10.4704,0.0,4.937633,8.679371,1.684141,20,52,16,4,0.20271800,-0.02126864,-0.09567100,0E-8,0.000000,0.861220,0.103030,0.09332000,2026-03-23,2026-08-06,15,65,64,137,0.109489,1.144176,1.114949,0.675727,,,,,,,,GLOBAL_BASELINE_NO_ENTITY_RANKING,,,NOT_APPLICABLE_GLOBAL_BASELINE,HF9g-P5,,,,X 全窗基线 · 不参与实体赏罚,3922174,393,A168_HF9F_20260827_0900,2026-08-27 09:00:00
2026-04-05,147686290,-1,1,13.0879773840,-13.0879773840,-13.0879773840,0E-7,1,1,0.49324550000000000,0.493245500000,-0.9865810262130424,-0.9865810262130424,-0.9865810262130424,0E-17,SENTINEL_DEALER,R03b_20260811_FULL_v1,L1_ELIGIBILITY,v2026-08-11,2026-03-21..2026-08-06,baccarat_bet02_101_all_pairs_incl_sentinel,round_win = game_pnl > 0 (decisive only),COMPATIBILITY_ONLY_NOT_PRODUCTION,2926.8590,2520.6691,-62.2503,165,154,0.02126864,0.09567100,0.00235100,0.02126864,62.2503,2926.8590,OK,0.0000,-2.4900,4.0000,96.0000,AG03-UNRESOLVED,ALL5_LEVELS_bet23_to_bet27,-2.4900,-3.1125,-3.1125,-3.1125,-3.1125,4.000000,5.000000,5.000000,5.000000,5.000000,96.000000,95.000000,95.000000,95.000000,95.000000,5.0,-14.9401,-13.5752,-47.3102,-48.6751,PENDING_AG03,FALSE,NOT_FOR_ENFORCEMENT,-59.7603,2419.8423,-62.2503,-59.7603,-2.4900,-0.02126864,-0.02041790,-2.4900,-59.7603,-0.02041790,-2.4900,-3.1125,-3.1125,-3.1125,-3.1125,-59.7603,-0.02041790,-14.9401,-13.5752,-47.3102,-48.6751,-0.01616417,-0.0166305,-0.00085075,17.7385,16.3680,-0.4042,-4.1500,-0.9577,195.1239,10.2667,19.7776,17.2854,5.2352,10.5327,23.6986,39.4976,52.0066,91.4171,10.4704,0.0,4.937633,8.679371,1.684141,20,52,16,4,0.20271800,-0.02126864,-0.09567100,0E-8,0.000000,0.861220,0.103030,0.09332000,2026-03-23,2026-08-06,15,65,64,137,0.109489,1.144176,1.114949,0.675727,,,,,,,,GLOBAL_BASELINE_NO_ENTITY_RANKING,,,NOT_APPLICABLE_GLOBAL_BASELINE,HF9g-P5,,,,X 全窗基线 · 不参与实体赏罚,3922175,393,A168_HF9F_20260827_0900,2026-08-27 09:00:00
2026-04-05,147686290,1109,0,39.2639321520,37.9551344136,37.9551344136,1.0000000,2,2,0.49994810000000000,0.499948100000,1.4143603653603398,1.4143603653603398,1.4143603653603398,0E-17,ELIGIBLE,R03b_20260811_FULL_v1,L1_ELIGIBILITY,v2026-08-11,2026-03-21..2026-08-06,baccarat_bet02_101_all_pairs_incl_sentinel,round_win = game_pnl > 0 (decisive only),COMPATIBILITY_ONLY_NOT_PRODUCTION,2926.8590,2520.6691,-62.2503,165,154,0.02126864,0.09567100,0.00235100,0.02126864,62.2503,2926.8590,OK,0.0000,-2.4900,4.0000,96.0000,AG03-UNRESOLVED,ALL5_LEVELS_bet23_to_bet27,-2.4900,-3.1125,-3.1125,-3.1125,-3.1125,4.000000,5.000000,5.000000,5.000000,5.000000,96.000000,95.000000,95.000000,95.000000,95.000000,5.0,-14.9401,-13.5752,-47.3102,-48.6751,PENDING_AG03,FALSE,NOT_FOR_ENFORCEMENT,-59.7603,2419.8423,-62.2503,-59.7603,-2.4900,-0.02126864,-0.02041790,-2.4900,-59.7603,-0.02041790,-2.4900,-3.1125,-3.1125,-3.1125,-3.1125,-59.7603,-0.02041790,-14.9401,-13.5752,-47.3102,-48.6751,-0.01616417,-0.0166305,-0.00085075,17.7385,16.3680,-0.4042,-4.1500,-0.9577,195.1239,10.2667,19.7776,17.2854,5.2352,10.5327,23.6986,39.4976,52.0066,91.4171,10.4704,0.0,4.937633,8.679371,1.684141,20,52,16,4,0.20271800,-0.02126864,-0.09567100,0E-8,0.000000,0.861220,0.103030,0.09332000,2026-03-23,2026-08-06,15,65,64,137,0.109489,1.144176,1.114949,0.675727,,,,,,,,GLOBAL_BASELINE_NO_ENTITY_RANKING,,,NOT_APPLICABLE_GLOBAL_BASELINE,HF9g-P5,,,,X 全窗基线 · 不参与实体赏罚,3922176,393,A168_HF9F_20260827_0900,2026-08-27 09:00:00
2026-04-07,147686290,-1,1,65.4398869200,13.0879773840,13.0879773840,0.5000000,4,4,0.49994810000000000,0.499948100000,0.00020760000111838688,0.00020760000111838688,0.00020760000111838688,0E-17,SENTINEL_DEALER,R03b_20260811_FULL_v1,L1_ELIGIBILITY,v2026-08-11,2026-03-21..2026-08-06,baccarat_bet02_101_all_pairs_incl_sentinel,round_win = game_pnl > 0 (decisive only),COMPATIBILITY_ONLY_NOT_PRODUCTION,2926.8590,2520.6691,-62.2503,165,154,0.02126864,0.09567100,0.00235100,0.02126864,62.2503,2926.8590,OK,0.0000,-2.4900,4.0000,96.0000,AG03-UNRESOLVED,ALL5_LEVELS_bet23_to_bet27,-2.4900,-3.1125,-3.1125,-3.1125,-3.1125,4.000000,5.000000,5.000000,5.000000,5.000000,96.000000,95.000000,95.000000,95.000000,95.000000,5.0,-14.9401,-13.5752,-47.3102,-48.6751,PENDING_AG03,FALSE,NOT_FOR_ENFORCEMENT,-59.7603,2419.8423,-62.2503,-59.7603,-2.4900,-0.02126864,-0.02041790,-2.4900,-59.7603,-0.02041790,-2.4900,-3.1125,-3.1125,-3.1125,-3.1125,-59.7603,-0.02041790,-14.9401,-13.5752,-47.3102,-48.6751,-0.01616417,-0.0166305,-0.00085075,17.7385,16.3680,-0.4042,-4.1500,-0.9577,195.1239,10.2667,19.7776,17.2854,5.2352,10.5327,23.6986,39.4976,52.0066,91.4171,10.4704,0.0,4.937633,8.679371,1.684141,20,52,16,4,0.20271800,-0.02126864,-0.09567100,0E-8,0.000000,0.861220,0.103030,0.09332000,2026-03-23,2026-08-06,15,65,64,137,0.109489,1.144176,1.114949,0.675727,,,,,,,,GLOBAL_BASELINE_NO_ENTITY_RANKING,,,NOT_APPLICABLE_GLOBAL_BASELINE,HF9g-P5,,,,X 全窗基线 · 不参与实体赏罚,3922177,393,A168_HF9F_20260827_0900,2026-08-27 09:00:00
2026-04-07,147686290,2169,0,54.9695050128,33.3743423292,33.3743423292,0.8000000,5,5,0.49860758000000000,0.498607580000,1.3478731046594083,1.3478731046594083,1.3478731046594083,0E-17,ELIGIBLE,R03b_20260811_FULL_v1,L1_ELIGIBILITY,v2026-08-11,2026-03-21..2026-08-06,baccarat_bet02_101_all_pairs_incl_sentinel,round_win = game_pnl > 0 (decisive only),COMPATIBILITY_ONLY_NOT_PRODUCTION,2926.8590,2520.6691,-62.2503,165,154,0.02126864,0.09567100,0.00235100,0.02126864,62.2503,2926.8590,OK,0.0000,-2.4900,4.0000,96.0000,AG03-UNRESOLVED,ALL5_LEVELS_bet23_to_bet27,-2.4900,-3.1125,-3.1125,-3.1125,-3.1125,4.000000,5.000000,5.000000,5.000000,5.000000,96.000000,95.000000,95.000000,95.000000,95.000000,5.0,-14.9401,-13.5752,-47.3102,-48.6751,PENDING_AG03,FALSE,NOT_FOR_ENFORCEMENT,-59.7603,2419.8423,-62.2503,-59.7603,-2.4900,-0.02126864,-0.02041790,-2.4900,-59.7603,-0.02041790,-2.4900,-3.1125,-3.1125,-3.1125,-3.1125,-59.7603,-0.02041790,-14.9401,-13.5752,-47.3102,-48.6751,-0.01616417,-0.0166305,-0.00085075,17.7385,16.3680,-0.4042,-4.1500,-0.9577,195.1239,10.2667,19.7776,17.2854,5.2352,10.5327,23.6986,39.4976,52.0066,91.4171,10.4704,0.0,4.937633,8.679371,1.684141,20,52,16,4,0.20271800,-0.02126864,-0.09567100,0E-8,0.000000,0.861220,0.103030,0.09332000,2026-03-23,2026-08-06,15,65,64,137,0.109489,1.144176,1.114949,0.675727,,,,,,,,GLOBAL_BASELINE_NO_ENTITY_RANKING,,,NOT_APPLICABLE_GLOBAL_BASELINE,HF9g-P5,,,,X 全窗基线 · 不参与实体赏罚,3922178,393,A168_HF9F_20260827_0900,2026-08-27 09:00:00
2026-04-08,147686290,1405,0,15.7055728608,-5.2351909536,-5.2351909536,0.5000000,2,2,0.49324550000000000,0.493245500000,0.01910635448239258,0.01910635448239258,0.01910635448239258,0E-17,ELIGIBLE,R03b_20260811_FULL_v1,L1_ELIGIBILITY,v2026-08-11,2026-03-21..2026-08-06,baccarat_bet02_101_all_pairs_incl_sentinel,round_win = game_pnl > 0 (decisive only),COMPATIBILITY_ONLY_NOT_PRODUCTION,2926.8590,2520.6691,-62.2503,165,154,0.02126864,0.09567100,0.00235100,0.02126864,62.2503,2926.8590,OK,0.0000,-2.4900,4.0000,96.0000,AG03-UNRESOLVED,ALL5_LEVELS_bet23_to_bet27,-2.4900,-3.1125,-3.1125,-3.1125,-3.1125,4.000000,5.000000,5.000000,5.000000,5.000000,96.000000,95.000000,95.000000,95.000000,95.000000,5.0,-14.9401,-13.5752,-47.3102,-48.6751,PENDING_AG03,FALSE,NOT_FOR_ENFORCEMENT,-59.7603,2419.8423,-62.2503,-59.7603,-2.4900,-0.02126864,-0.02041790,-2.4900,-59.7603,-0.02041790,-2.4900,-3.1125,-3.1125,-3.1125,-3.1125,-59.7603,-0.02041790,-14.9401,-13.5752,-47.3102,-48.6751,-0.01616417,-0.0166305,-0.00085075,17.7385,16.3680,-0.4042,-4.1500,-0.9577,195.1239,10.2667,19.7776,17.2854,5.2352,10.5327,23.6986,39.4976,52.0066,91.4171,10.4704,0.0,4.937633,8.679371,1.684141,20,52,16,4,0.20271800,-0.02126864,-0.09567100,0E-8,0.000000,0.861220,0.103030,0.09332000,2026-03-23,2026-08-06,15,65,64,137,0.109489,1.144176,1.114949,0.675727,,,,,,,,GLOBAL_BASELINE_NO_ENTITY_RANKING,,,NOT_APPLICABLE_GLOBAL_BASELINE,HF9g-P5,,,,X 全窗基线 · 不参与实体赏罚,3922179,393,A168_HF9F_20260827_0900,2026-08-27 09:00:00
2026-04-08,147686290,2145,0,2.6175954768,2.4867157030,2.4867157030,1.0000000,1,1,0.50665070000000000,0.506650700000,0.9867858985152569,0.9867858985152569,0.9867858985152569,0E-17,ELIGIBLE,R03b_20260811_FULL_v1,L1_ELIGIBILITY,v2026-08-11,2026-03-21..2026-08-06,baccarat_bet02_101_all_pairs_incl_sentinel,round_win = game_pnl > 0 (decisive only),COMPATIBILITY_ONLY_NOT_PRODUCTION,2926.8590,2520.6691,-62.2503,165,154,0.02126864,0.09567100,0.00235100,0.02126864,62.2503,2926.8590,OK,0.0000,-2.4900,4.0000,96.0000,AG03-UNRESOLVED,ALL5_LEVELS_bet23_to_bet27,-2.4900,-3.1125,-3.1125,-3.1125,-3.1125,4.000000,5.000000,5.000000,5.000000,5.000000,96.000000,95.000000,95.000000,95.000000,95.000000,5.0,-14.9401,-13.5752,-47.3102,-48.6751,PENDING_AG03,FALSE,NOT_FOR_ENFORCEMENT,-59.7603,2419.8423,-62.2503,-59.7603,-2.4900,-0.02126864,-0.02041790,-2.4900,-59.7603,-0.02041790,-2.4900,-3.1125,-3.1125,-3.1125,-3.1125,-59.7603,-0.02041790,-14.9401,-13.5752,-47.3102,-48.6751,-0.01616417,-0.0166305,-0.00085075,17.7385,16.3680,-0.4042,-4.1500,-0.9577,195.1239,10.2667,19.7776,17.2854,5.2352,10.5327,23.6986,39.4976,52.0066,91.4171,10.4704,0.0,4.937633,8.679371,1.684141,20,52,16,4,0.20271800,-0.02126864,-0.09567100,0E-8,0.000000,0.861220,0.103030,0.09332000,2026-03-23,2026-08-06,15,65,64,137,0.109489,1.144176,1.114949,0.675727,,,,,,,,GLOBAL_BASELINE_NO_ENTITY_RANKING,,,NOT_APPLICABLE_GLOBAL_BASELINE,HF9g-P5,,,,X 全窗基线 · 不参与实体赏罚,3922180,393,A168_HF9F_20260827_0900,2026-08-27 09:00:00
2026-04-09,147686290,1401,0,11.7791796456,-11.7791796456,-11.7791796456,0E-7,1,1,0.50665070000000000,0.506650700000,-1.013391052207602,-1.013391052207602,-1.013391052207602,0E-17,ELIGIBLE,R03b_20260811_FULL_v1,L1_ELIGIBILITY,v2026-08-11,2026-03-21..2026-08-06,baccarat_bet02_101_all_pairs_incl_sentinel,round_win = game_pnl > 0 (decisive only),COMPATIBILITY_ONLY_NOT_PRODUCTION,2926.8590,2520.6691,-62.2503,165,154,0.02126864,0.09567100,0.00235100,0.02126864,62.2503,2926.8590,OK,0.0000,-2.4900,4.0000,96.0000,AG03-UNRESOLVED,ALL5_LEVELS_bet23_to_bet27,-2.4900,-3.1125,-3.1125,-3.1125,-3.1125,4.000000,5.000000,5.000000,5.000000,5.000000,96.000000,95.000000,95.000000,95.000000,95.000000,5.0,-14.9401,-13.5752,-47.3102,-48.6751,PENDING_AG03,FALSE,NOT_FOR_ENFORCEMENT,-59.7603,2419.8423,-62.2503,-59.7603,-2.4900,-0.02126864,-0.02041790,-2.4900,-59.7603,-0.02041790,-2.4900,-3.1125,-3.1125,-3.1125,-3.1125,-59.7603,-0.02041790,-14.9401,-13.5752,-47.3102,-48.6751,-0.01616417,-0.0166305,-0.00085075,17.7385,16.3680,-0.4042,-4.1500,-0.9577,195.1239,10.2667,19.7776,17.2854,5.2352,10.5327,23.6986,39.4976,52.0066,91.4171,10.4704,0.0,4.937633,8.679371,1.684141,20,52,16,4,0.20271800,-0.02126864,-0.09567100,0E-8,0.000000,0.861220,0.103030,0.09332000,2026-03-23,2026-08-06,15,65,64,137,0.109489,1.144176,1.114949,0.675727,,,,,,,,GLOBAL_BASELINE_NO_ENTITY_RANKING,,,NOT_APPLICABLE_GLOBAL_BASELINE,HF9g-P5,,,,X 全窗基线 · 不参与实体赏罚,3922181,393,A168_HF9F_20260827_0900,2026-08-27 09:00:00
2026-04-09,147686290,1985,0,7.8527864304,7.4601471089,7.4601471089,1.0000000,1,1,0.50665070000000000,0.506650700000,0.9867858985152569,0.9867858985152569,0.9867858985152569,0E-17,ELIGIBLE,R03b_20260811_FULL_v1,L1_ELIGIBILITY,v2026-08-11,2026-03-21..2026-08-06,baccarat_bet02_101_all_pairs_incl_sentinel,round_win = game_pnl > 0 (decisive only),COMPATIBILITY_ONLY_NOT_PRODUCTION,2926.8590,2520.6691,-62.2503,165,154,0.02126864,0.09567100,0.00235100,0.02126864,62.2503,2926.8590,OK,0.0000,-2.4900,4.0000,96.0000,AG03-UNRESOLVED,ALL5_LEVELS_bet23_to_bet27,-2.4900,-3.1125,-3.1125,-3.1125,-3.1125,4.000000,5.000000,5.000000,5.000000,5.000000,96.000000,95.000000,95.000000,95.000000,95.000000,5.0,-14.9401,-13.5752,-47.3102,-48.6751,PENDING_AG03,FALSE,NOT_FOR_ENFORCEMENT,-59.7603,2419.8423,-62.2503,-59.7603,-2.4900,-0.02126864,-0.02041790,-2.4900,-59.7603,-0.02041790,-2.4900,-3.1125,-3.1125,-3.1125,-3.1125,-59.7603,-0.02041790,-14.9401,-13.5752,-47.3102,-48.6751,-0.01616417,-0.0166305,-0.00085075,17.7385,16.3680,-0.4042,-4.1500,-0.9577,195.1239,10.2667,19.7776,17.2854,5.2352,10.5327,23.6986,39.4976,52.0066,91.4171,10.4704,0.0,4.937633,8.679371,1.684141,20,52,16,4,0.20271800,-0.02126864,-0.09567100,0E-8,0.000000,0.861220,0.103030,0.09332000,2026-03-23,2026-08-06,15,65,64,137,0.109489,1.144176,1.114949,0.675727,,,,,,,,GLOBAL_BASELINE_NO_ENTITY_RANKING,,,NOT_APPLICABLE_GLOBAL_BASELINE,HF9g-P5,,,,X 全窗基线 · 不参与实体赏罚,3922182,393,A168_HF9F_20260827_0900,2026-08-27 09:00:00
2026-04-09,147686290,789,0,36.3845771275,36.3845771275,36.3845771275,1.0000000,1,1,0.49324550000000000,0.493245500000,1.01360149184955,1.01360149184955,1.01360149184955,0E-17,ELIGIBLE,R03b_20260811_FULL_v1,L1_ELIGIBILITY,v2026-08-11,2026-03-21..2026-08-06,baccarat_bet02_101_all_pairs_incl_sentinel,round_win = game_pnl > 0 (decisive only),COMPATIBILITY_ONLY_NOT_PRODUCTION,2926.8590,2520.6691,-62.2503,165,154,0.02126864,0.09567100,0.00235100,0.02126864,62.2503,2926.8590,OK,0.0000,-2.4900,4.0000,96.0000,AG03-UNRESOLVED,ALL5_LEVELS_bet23_to_bet27,-2.4900,-3.1125,-3.1125,-3.1125,-3.1125,4.000000,5.000000,5.000000,5.000000,5.000000,96.000000,95.000000,95.000000,95.000000,95.000000,5.0,-14.9401,-13.5752,-47.3102,-48.6751,PENDING_AG03,FALSE,NOT_FOR_ENFORCEMENT,-59.7603,2419.8423,-62.2503,-59.7603,-2.4900,-0.02126864,-0.02041790,-2.4900,-59.7603,-0.02041790,-2.4900,-3.1125,-3.1125,-3.1125,-3.1125,-59.7603,-0.02041790,-14.9401,-13.5752,-47.3102,-48.6751,-0.01616417,-0.0166305,-0.00085075,17.7385,16.3680,-0.4042,-4.1500,-0.9577,195.1239,10.2667,19.7776,17.2854,5.2352,10.5327,23.6986,39.4976,52.0066,91.4171,10.4704,0.0,4.937633,8.679371,1.684141,20,52,16,4,0.20271800,-0.02126864,-0.09567100,0E-8,0.000000,0.861220,0.103030,0.09332000,2026-03-23,2026-08-06,15,65,64,137,0.109489,1.144176,1.114949,0.675727,,,,,,,,GLOBAL_BASELINE_NO_ENTITY_RANKING,,,NOT_APPLICABLE_GLOBAL_BASELINE,HF9g-P5,,,,X 全窗基线 · 不参与实体赏罚,3922183,393,A168_HF9F_20260827_0900,2026-08-27 09:00:00
2026-04-10,147686290,-1,1,15.7055728608,-15.7055728608,-15.7055728608,0E-7,1,1,0.50665070000000000,0.506650700000,-1.013391052207602,-1.013391052207602,-1.013391052207602,0E-17,SENTINEL_DEALER,R03b_20260811_FULL_v1,L1_ELIGIBILITY,v2026-08-11,2026-03-21..2026-08-06,baccarat_bet02_101_all_pairs_incl_sentinel,round_win = game_pnl > 0 (decisive only),COMPATIBILITY_ONLY_NOT_PRODUCTION,2926.8590,2520.6691,-62.2503,165,154,0.02126864,0.09567100,0.00235100,0.02126864,62.2503,2926.8590,OK,0.0000,-2.4900,4.0000,96.0000,AG03-UNRESOLVED,ALL5_LEVELS_bet23_to_bet27,-2.4900,-3.1125,-3.1125,-3.1125,-3.1125,4.000000,5.000000,5.000000,5.000000,5.000000,96.000000,95.000000,95.000000,95.000000,95.000000,5.0,-14.9401,-13.5752,-47.3102,-48.6751,PENDING_AG03,FALSE,NOT_FOR_ENFORCEMENT,-59.7603,2419.8423,-62.2503,-59.7603,-2.4900,-0.02126864,-0.02041790,-2.4900,-59.7603,-0.02041790,-2.4900,-3.1125,-3.1125,-3.1125,-3.1125,-59.7603,-0.02041790,-14.9401,-13.5752,-47.3102,-48.6751,-0.01616417,-0.0166305,-0.00085075,17.7385,16.3680,-0.4042,-4.1500,-0.9577,195.1239,10.2667,19.7776,17.2854,5.2352,10.5327,23.6986,39.4976,52.0066,91.4171,10.4704,0.0,4.937633,8.679371,1.684141,20,52,16,4,0.20271800,-0.02126864,-0.09567100,0E-8,0.000000,0.861220,0.103030,0.09332000,2026-03-23,2026-08-06,15,65,64,137,0.109489,1.144176,1.114949,0.675727,,,,,,,,GLOBAL_BASELINE_NO_ENTITY_RANKING,,,NOT_APPLICABLE_GLOBAL_BASELINE,HF9g-P5,,,,X 全窗基线 · 不参与实体赏罚,3922184,393,A168_HF9F_20260827_0900,2026-08-27 09:00:00
2026-04-10,147686290,1078,0,81.1454597808,17.7996492422,17.7996492422,0.6000000,7,7,0.49899058571428571,0.498990585714,0.4517287539699235,0.45172875397120177,0.4517287539699235,2.8571E-13,ELIGIBLE,R03b_20260811_FULL_v1,L1_ELIGIBILITY,v2026-08-11,2026-03-21..2026-08-06,baccarat_bet02_101_all_pairs_incl_sentinel,round_win = game_pnl > 0 (decisive only),COMPATIBILITY_ONLY_NOT_PRODUCTION,2926.8590,2520.6691,-62.2503,165,154,0.02126864,0.09567100,0.00235100,0.02126864,62.2503,2926.8590,OK,0.0000,-2.4900,4.0000,96.0000,AG03-UNRESOLVED,ALL5_LEVELS_bet23_to_bet27,-2.4900,-3.1125,-3.1125,-3.1125,-3.1125,4.000000,5.000000,5.000000,5.000000,5.000000,96.000000,95.000000,95.000000,95.000000,95.000000,5.0,-14.9401,-13.5752,-47.3102,-48.6751,PENDING_AG03,FALSE,NOT_FOR_ENFORCEMENT,-59.7603,2419.8423,-62.2503,-59.7603,-2.4900,-0.02126864,-0.02041790,-2.4900,-59.7603,-0.02041790,-2.4900,-3.1125,-3.1125,-3.1125,-3.1125,-59.7603,-0.02041790,-14.9401,-13.5752,-47.3102,-48.6751,-0.01616417,-0.0166305,-0.00085075,17.7385,16.3680,-0.4042,-4.1500,-0.9577,195.1239,10.2667,19.7776,17.2854,5.2352,10.5327,23.6986,39.4976,52.0066,91.4171,10.4704,0.0,4.937633,8.679371,1.684141,20,52,16,4,0.20271800,-0.02126864,-0.09567100,0E-8,0.000000,0.861220,0.103030,0.09332000,2026-03-23,2026-08-06,15,65,64,137,0.109489,1.144176,1.114949,0.675727,,,,,,,,GLOBAL_BASELINE_NO_ENTITY_RANKING,,,NOT_APPLICABLE_GLOBAL_BASELINE,HF9g-P5,,,,X 全窗基线 · 不参与实体赏罚,3922185,393,A168_HF9F_20260827_0900,2026-08-27 09:00:00
2026-04-10,147686290,1940,0,151.8205376544,-21.4642829098,-21.4642829098,0.4000000,7,6,0.49911027500000000,0.498831000000,-0.44323532607749466,-0.4419868765742703,-0.44323532607749466,0.00027927500000000,ELIGIBLE,R03b_20260811_FULL_v1,L1_ELIGIBILITY,v2026-08-11,2026-03-21..2026-08-06,baccarat_bet02_101_all_pairs_incl_sentinel,round_win = game_pnl > 0 (decisive only),COMPATIBILITY_ONLY_NOT_PRODUCTION,2926.8590,2520.6691,-62.2503,165,154,0.02126864,0.09567100,0.00235100,0.02126864,62.2503,2926.8590,OK,0.0000,-2.4900,4.0000,96.0000,AG03-UNRESOLVED,ALL5_LEVELS_bet23_to_bet27,-2.4900,-3.1125,-3.1125,-3.1125,-3.1125,4.000000,5.000000,5.000000,5.000000,5.000000,96.000000,95.000000,95.000000,95.000000,95.000000,5.0,-14.9401,-13.5752,-47.3102,-48.6751,PENDING_AG03,FALSE,NOT_FOR_ENFORCEMENT,-59.7603,2419.8423,-62.2503,-59.7603,-2.4900,-0.02126864,-0.02041790,-2.4900,-59.7603,-0.02041790,-2.4900,-3.1125,-3.1125,-3.1125,-3.1125,-59.7603,-0.02041790,-14.9401,-13.5752,-47.3102,-48.6751,-0.01616417,-0.0166305,-0.00085075,17.7385,16.3680,-0.4042,-4.1500,-0.9577,195.1239,10.2667,19.7776,17.2854,5.2352,10.5327,23.6986,39.4976,52.0066,91.4171,10.4704,0.0,4.937633,8.679371,1.684141,20,52,16,4,0.20271800,-0.02126864,-0.09567100,0E-8,0.000000,0.861220,0.103030,0.09332000,2026-03-23,2026-08-06,15,65,64,137,0.109489,1.144176,1.114949,0.675727,,,,,,,,GLOBAL_BASELINE_NO_ENTITY_RANKING,,,NOT_APPLICABLE_GLOBAL_BASELINE,HF9g-P5,,,,X 全窗基线 · 不参与实体赏罚,3922186,393,A168_HF9F_20260827_0900,2026-08-27 09:00:00
2026-04-10,147686290,2115,0,39.2639321519,-39.2639321519,-39.2639321519,0E-7,3,2,0.47714799615379885,0.388611725000,-1.3509900845482747,-1.127494403497198,-1.3509900845482747,0.08853627115379885,ELIGIBLE,R03b_20260811_FULL_v1,L1_ELIGIBILITY,v2026-08-11,2026-03-21..2026-08-06,baccarat_bet02_101_all_pairs_incl_sentinel,round_win = game_pnl > 0 (decisive only),COMPATIBILITY_ONLY_NOT_PRODUCTION,2926.8590,2520.6691,-62.2503,165,154,0.02126864,0.09567100,0.00235100,0.02126864,62.2503,2926.8590,OK,0.0000,-2.4900,4.0000,96.0000,AG03-UNRESOLVED,ALL5_LEVELS_bet23_to_bet27,-2.4900,-3.1125,-3.1125,-3.1125,-3.1125,4.000000,5.000000,5.000000,5.000000,5.000000,96.000000,95.000000,95.000000,95.000000,95.000000,5.0,-14.9401,-13.5752,-47.3102,-48.6751,PENDING_AG03,FALSE,NOT_FOR_ENFORCEMENT,-59.7603,2419.8423,-62.2503,-59.7603,-2.4900,-0.02126864,-0.02041790,-2.4900,-59.7603,-0.02041790,-2.4900,-3.1125,-3.1125,-3.1125,-3.1125,-59.7603,-0.02041790,-14.9401,-13.5752,-47.3102,-48.6751,-0.01616417,-0.0166305,-0.00085075,17.7385,16.3680,-0.4042,-4.1500,-0.9577,195.1239,10.2667,19.7776,17.2854,5.2352,10.5327,23.6986,39.4976,52.0066,91.4171,10.4704,0.0,4.937633,8.679371,1.684141,20,52,16,4,0.20271800,-0.02126864,-0.09567100,0E-8,0.000000,0.861220,0.103030,0.09332000,2026-03-23,2026-08-06,15,65,64,137,0.109489,1.144176,1.114949,0.675727,,,,,,,,GLOBAL_BASELINE_NO_ENTITY_RANKING,,,NOT_APPLICABLE_GLOBAL_BASELINE,HF9g-P5,,,,X 全窗基线 · 不参与实体赏罚,3922187,393,A168_HF9F_20260827_0900,2026-08-27 09:00:00
2026-04-11,147686290,1323,0,31.9346648169,10.4442059524,10.4442059524,0.5000000,4,4,0.49659680000000000,0.496596800000,0.013613115331600182,0.013613115331600183,0.013613115331600182,0E-17,ELIGIBLE,R03b_20260811_FULL_v1,L1_ELIGIBILITY,v2026-08-11,2026-03-21..2026-08-06,baccarat_bet02_101_all_pairs_incl_sentinel,round_win = game_pnl > 0 (decisive only),COMPATIBILITY_ONLY_NOT_PRODUCTION,2926.8590,2520.6691,-62.2503,165,154,0.02126864,0.09567100,0.00235100,0.02126864,62.2503,2926.8590,OK,0.0000,-2.4900,4.0000,96.0000,AG03-UNRESOLVED,ALL5_LEVELS_bet23_to_bet27,-2.4900,-3.1125,-3.1125,-3.1125,-3.1125,4.000000,5.000000,5.000000,5.000000,5.000000,96.000000,95.000000,95.000000,95.000000,95.000000,5.0,-14.9401,-13.5752,-47.3102,-48.6751,PENDING_AG03,FALSE,NOT_FOR_ENFORCEMENT,-59.7603,2419.8423,-62.2503,-59.7603,-2.4900,-0.02126864,-0.02041790,-2.4900,-59.7603,-0.02041790,-2.4900,-3.1125,-3.1125,-3.1125,-3.1125,-59.7603,-0.02041790,-14.9401,-13.5752,-47.3102,-48.6751,-0.01616417,-0.0166305,-0.00085075,17.7385,16.3680,-0.4042,-4.1500,-0.9577,195.1239,10.2667,19.7776,17.2854,5.2352,10.5327,23.6986,39.4976,52.0066,91.4171,10.4704,0.0,4.937633,8.679371,1.684141,20,52,16,4,0.20271800,-0.02126864,-0.09567100,0E-8,0.000000,0.861220,0.103030,0.09332000,2026-03-23,2026-08-06,15,65,64,137,0.109489,1.144176,1.114949,0.675727,,,,,,,,GLOBAL_BASELINE_NO_ENTITY_RANKING,,,NOT_APPLICABLE_GLOBAL_BASELINE,HF9g-P5,,,,X 全窗基线 · 不参与实体赏罚,3922188,393,A168_HF9F_20260827_0900,2026-08-27 09:00:00
2026-04-11,147686290,1383,0,15.7055728608,4.7116718582,4.7116718582,0.5000000,2,2,0.49994810000000000,0.499948100000,0.00014679536856514622,0.00014679536856514622,0.00014679536856514622,0E-17,ELIGIBLE,R03b_20260811_FULL_v1,L1_ELIGIBILITY,v2026-08-11,2026-03-21..2026-08-06,baccarat_bet02_101_all_pairs_incl_sentinel,round_win = game_pnl > 0 (decisive only),COMPATIBILITY_ONLY_NOT_PRODUCTION,2926.8590,2520.6691,-62.2503,165,154,0.02126864,0.09567100,0.00235100,0.02126864,62.2503,2926.8590,OK,0.0000,-2.4900,4.0000,96.0000,AG03-UNRESOLVED,ALL5_LEVELS_bet23_to_bet27,-2.4900,-3.1125,-3.1125,-3.1125,-3.1125,4.000000,5.000000,5.000000,5.000000,5.000000,96.000000,95.000000,95.000000,95.000000,95.000000,5.0,-14.9401,-13.5752,-47.3102,-48.6751,PENDING_AG03,FALSE,NOT_FOR_ENFORCEMENT,-59.7603,2419.8423,-62.2503,-59.7603,-2.4900,-0.02126864,-0.02041790,-2.4900,-59.7603,-0.02041790,-2.4900,-3.1125,-3.1125,-3.1125,-3.1125,-59.7603,-0.02041790,-14.9401,-13.5752,-47.3102,-48.6751,-0.01616417,-0.0166305,-0.00085075,17.7385,16.3680,-0.4042,-4.1500,-0.9577,195.1239,10.2667,19.7776,17.2854,5.2352,10.5327,23.6986,39.4976,52.0066,91.4171,10.4704,0.0,4.937633,8.679371,1.684141,20,52,16,4,0.20271800,-0.02126864,-0.09567100,0E-8,0.000000,0.861220,0.103030,0.09332000,2026-03-23,2026-08-06,15,65,64,137,0.109489,1.144176,1.114949,0.675727,,,,,,,,GLOBAL_BASELINE_NO_ENTITY_RANKING,,,NOT_APPLICABLE_GLOBAL_BASELINE,HF9g-P5,,,,X 全窗基线 · 不参与实体赏罚,3922189,393,A168_HF9F_20260827_0900,2026-08-27 09:00:00
2026-04-11,147686290,1509,0,34.2905007460,-34.2905007460,-34.2905007460,0E-7,2,2,0.49994810000000000,0.499948100000,-1.4140667746232096,-1.4140667746232096,-1.4140667746232096,0E-17,ELIGIBLE,R03b_20260811_FULL_v1,L1_ELIGIBILITY,v2026-08-11,2026-03-21..2026-08-06,baccarat_bet02_101_all_pairs_incl_sentinel,round_win = game_pnl > 0 (decisive only),COMPATIBILITY_ONLY_NOT_PRODUCTION,2926.8590,2520.6691,-62.2503,165,154,0.02126864,0.09567100,0.00235100,0.02126864,62.2503,2926.8590,OK,0.0000,-2.4900,4.0000,96.0000,AG03-UNRESOLVED,ALL5_LEVELS_bet23_to_bet27,-2.4900,-3.1125,-3.1125,-3.1125,-3.1125,4.000000,5.000000,5.000000,5.000000,5.000000,96.000000,95.000000,95.000000,95.000000,95.000000,5.0,-14.9401,-13.5752,-47.3102,-48.6751,PENDING_AG03,FALSE,NOT_FOR_ENFORCEMENT,-59.7603,2419.8423,-62.2503,-59.7603,-2.4900,-0.02126864,-0.02041790,-2.4900,-59.7603,-0.02041790,-2.4900,-3.1125,-3.1125,-3.1125,-3.1125,-59.7603,-0.02041790,-14.9401,-13.5752,-47.3102,-48.6751,-0.01616417,-0.0166305,-0.00085075,17.7385,16.3680,-0.4042,-4.1500,-0.9577,195.1239,10.2667,19.7776,17.2854,5.2352,10.5327,23.6986,39.4976,52.0066,91.4171,10.4704,0.0,4.937633,8.679371,1.684141,20,52,16,4,0.20271800,-0.02126864,-0.09567100,0E-8,0.000000,0.861220,0.103030,0.09332000,2026-03-23,2026-08-06,15,65,64,137,0.109489,1.144176,1.114949,0.675727,,,,,,,,GLOBAL_BASELINE_NO_ENTITY_RANKING,,,NOT_APPLICABLE_GLOBAL_BASELINE,HF9g-P5,,,,X 全窗基线 · 不参与实体赏罚,3922190,393,A168_HF9F_20260827_0900,2026-08-27 09:00:00
2026-04-11,147686290,1710,0,21.4642829097,-0.2617595477,-0.2617595477,0.5000000,3,3,0.50665070000000000,0.506650700000,-0.018812684590367487,-0.018812684590367487,-0.018812684590367487,0E-17,ELIGIBLE,R03b_20260811_FULL_v1,L1_ELIGIBILITY,v2026-08-11,2026-03-21..2026-08-06,baccarat_bet02_101_all_pairs_incl_sentinel,round_win = game_pnl > 0 (decisive only),COMPATIBILITY_ONLY_NOT_PRODUCTION,2926.8590,2520.6691,-62.2503,165,154,0.02126864,0.09567100,0.00235100,0.02126864,62.2503,2926.8590,OK,0.0000,-2.4900,4.0000,96.0000,AG03-UNRESOLVED,ALL5_LEVELS_bet23_to_bet27,-2.4900,-3.1125,-3.1125,-3.1125,-3.1125,4.000000,5.000000,5.000000,5.000000,5.000000,96.000000,95.000000,95.000000,95.000000,95.000000,5.0,-14.9401,-13.5752,-47.3102,-48.6751,PENDING_AG03,FALSE,NOT_FOR_ENFORCEMENT,-59.7603,2419.8423,-62.2503,-59.7603,-2.4900,-0.02126864,-0.02041790,-2.4900,-59.7603,-0.02041790,-2.4900,-3.1125,-3.1125,-3.1125,-3.1125,-59.7603,-0.02041790,-14.9401,-13.5752,-47.3102,-48.6751,-0.01616417,-0.0166305,-0.00085075,17.7385,16.3680,-0.4042,-4.1500,-0.9577,195.1239,10.2667,19.7776,17.2854,5.2352,10.5327,23.6986,39.4976,52.0066,91.4171,10.4704,0.0,4.937633,8.679371,1.684141,20,52,16,4,0.20271800,-0.02126864,-0.09567100,0E-8,0.000000,0.861220,0.103030,0.09332000,2026-03-23,2026-08-06,15,65,64,137,0.109489,1.144176,1.114949,0.675727,,,,,,,,GLOBAL_BASELINE_NO_ENTITY_RANKING,,,NOT_APPLICABLE_GLOBAL_BASELINE,HF9g-P5,,,,X 全窗基线 · 不参与实体赏罚,3922191,393,A168_HF9F_20260827_0900,2026-08-27 09:00:00
2026-04-11,147686290,1966,0,25.3906761249,13.9125199592,13.9125199592,0.5000000,2,2,0.49994810000000000,0.499948100000,0.00014679536856514622,0.00014679536856514622,0.00014679536856514622,0E-17,ELIGIBLE,R03b_20260811_FULL_v1,L1_ELIGIBILITY,v2026-08-11,2026-03-21..2026-08-06,baccarat_bet02_101_all_pairs_incl_sentinel,round_win = game_pnl > 0 (decisive only),COMPATIBILITY_ONLY_NOT_PRODUCTION,2926.8590,2520.6691,-62.2503,165,154,0.02126864,0.09567100,0.00235100,0.02126864,62.2503,2926.8590,OK,0.0000,-2.4900,4.0000,96.0000,AG03-UNRESOLVED,ALL5_LEVELS_bet23_to_bet27,-2.4900,-3.1125,-3.1125,-3.1125,-3.1125,4.000000,5.000000,5.000000,5.000000,5.000000,96.000000,95.000000,95.000000,95.000000,95.000000,5.0,-14.9401,-13.5752,-47.3102,-48.6751,PENDING_AG03,FALSE,NOT_FOR_ENFORCEMENT,-59.7603,2419.8423,-62.2503,-59.7603,-2.4900,-0.02126864,-0.02041790,-2.4900,-59.7603,-0.02041790,-2.4900,-3.1125,-3.1125,-3.1125,-3.1125,-59.7603,-0.02041790,-14.9401,-13.5752,-47.3102,-48.6751,-0.01616417,-0.0166305,-0.00085075,17.7385,16.3680,-0.4042,-4.1500,-0.9577,195.1239,10.2667,19.7776,17.2854,5.2352,10.5327,23.6986,39.4976,52.0066,91.4171,10.4704,0.0,4.937633,8.679371,1.684141,20,52,16,4,0.20271800,-0.02126864,-0.09567100,0E-8,0.000000,0.861220,0.103030,0.09332000,2026-03-23,2026-08-06,15,65,64,137,0.109489,1.144176,1.114949,0.675727,,,,,,,,GLOBAL_BASELINE_NO_ENTITY_RANKING,,,NOT_APPLICABLE_GLOBAL_BASELINE,HF9g-P5,,,,X 全窗基线 · 不参与实体赏罚,3922192,393,A168_HF9F_20260827_0900,2026-08-27 09:00:00
2026-04-11,147686290,2188,0,10.4703819072,-10.4703819072,-10.4703819072,0E-7,1,1,0.49324550000000000,0.493245500000,-0.9865810262130424,-0.9865810262130424,-0.9865810262130424,0E-17,ELIGIBLE,R03b_20260811_FULL_v1,L1_ELIGIBILITY,v2026-08-11,2026-03-21..2026-08-06,baccarat_bet02_101_all_pairs_incl_sentinel,round_win = game_pnl > 0 (decisive only),COMPATIBILITY_ONLY_NOT_PRODUCTION,2926.8590,2520.6691,-62.2503,165,154,0.02126864,0.09567100,0.00235100,0.02126864,62.2503,2926.8590,OK,0.0000,-2.4900,4.0000,96.0000,AG03-UNRESOLVED,ALL5_LEVELS_bet23_to_bet27,-2.4900,-3.1125,-3.1125,-3.1125,-3.1125,4.000000,5.000000,5.000000,5.000000,5.000000,96.000000,95.000000,95.000000,95.000000,95.000000,5.0,-14.9401,-13.5752,-47.3102,-48.6751,PENDING_AG03,FALSE,NOT_FOR_ENFORCEMENT,-59.7603,2419.8423,-62.2503,-59.7603,-2.4900,-0.02126864,-0.02041790,-2.4900,-59.7603,-0.02041790,-2.4900,-3.1125,-3.1125,-3.1125,-3.1125,-59.7603,-0.02041790,-14.9401,-13.5752,-47.3102,-48.6751,-0.01616417,-0.0166305,-0.00085075,17.7385,16.3680,-0.4042,-4.1500,-0.9577,195.1239,10.2667,19.7776,17.2854,5.2352,10.5327,23.6986,39.4976,52.0066,91.4171,10.4704,0.0,4.937633,8.679371,1.684141,20,52,16,4,0.20271800,-0.02126864,-0.09567100,0E-8,0.000000,0.861220,0.103030,0.09332000,2026-03-23,2026-08-06,15,65,64,137,0.109489,1.144176,1.114949,0.675727,,,,,,,,GLOBAL_BASELINE_NO_ENTITY_RANKING,,,NOT_APPLICABLE_GLOBAL_BASELINE,HF9g-P5,,,,X 全窗基线 · 不参与实体赏罚,3922193,393,A168_HF9F_20260827_0900,2026-08-27 09:00:00
2026-04-11,147686290,2256,0,26.1759547680,4.7116718582,4.7116718582,0.5000000,4,4,0.49659680000000000,0.496596800000,0.009625926164049043,0.009625926164049045,0.009625926164049043,0E-17,ELIGIBLE,R03b_20260811_FULL_v1,L1_ELIGIBILITY,v2026-08-11,2026-03-21..2026-08-06,baccarat_bet02_101_all_pairs_incl_sentinel,round_win = game_pnl > 0 (decisive only),COMPATIBILITY_ONLY_NOT_PRODUCTION,2926.8590,2520.6691,-62.2503,165,154,0.02126864,0.09567100,0.00235100,0.02126864,62.2503,2926.8590,OK,0.0000,-2.4900,4.0000,96.0000,AG03-UNRESOLVED,ALL5_LEVELS_bet23_to_bet27,-2.4900,-3.1125,-3.1125,-3.1125,-3.1125,4.000000,5.000000,5.000000,5.000000,5.000000,96.000000,95.000000,95.000000,95.000000,95.000000,5.0,-14.9401,-13.5752,-47.3102,-48.6751,PENDING_AG03,FALSE,NOT_FOR_ENFORCEMENT,-59.7603,2419.8423,-62.2503,-59.7603,-2.4900,-0.02126864,-0.02041790,-2.4900,-59.7603,-0.02041790,-2.4900,-3.1125,-3.1125,-3.1125,-3.1125,-59.7603,-0.02041790,-14.9401,-13.5752,-47.3102,-48.6751,-0.01616417,-0.0166305,-0.00085075,17.7385,16.3680,-0.4042,-4.1500,-0.9577,195.1239,10.2667,19.7776,17.2854,5.2352,10.5327,23.6986,39.4976,52.0066,91.4171,10.4704,0.0,4.937633,8.679371,1.684141,20,52,16,4,0.20271800,-0.02126864,-0.09567100,0E-8,0.000000,0.861220,0.103030,0.09332000,2026-03-23,2026-08-06,15,65,64,137,0.109489,1.144176,1.114949,0.675727,,,,,,,,GLOBAL_BASELINE_NO_ENTITY_RANKING,,,NOT_APPLICABLE_GLOBAL_BASELINE,HF9g-P5,,,,X 全窗基线 · 不参与实体赏罚,3922194,393,A168_HF9F_20260827_0900,2026-08-27 09:00:00
2026-04-13,147686290,1304,0,7.8527864304,7.8527864304,7.8527864304,1.0000000,1,1,0.50665070000000000,0.506650700000,0.9867858985152569,0.9867858985152569,0.9867858985152569,0E-17,ELIGIBLE,R03b_20260811_FULL_v1,L1_ELIGIBILITY,v2026-08-11,2026-03-21..2026-08-06,baccarat_bet02_101_all_pairs_incl_sentinel,round_win = game_pnl > 0 (decisive only),COMPATIBILITY_ONLY_NOT_PRODUCTION,2926.8590,2520.6691,-62.2503,165,154,0.02126864,0.09567100,0.00235100,0.02126864,62.2503,2926.8590,OK,0.0000,-2.4900,4.0000,96.0000,AG03-UNRESOLVED,ALL5_LEVELS_bet23_to_bet27,-2.4900,-3.1125,-3.1125,-3.1125,-3.1125,4.000000,5.000000,5.000000,5.000000,5.000000,96.000000,95.000000,95.000000,95.000000,95.000000,5.0,-14.9401,-13.5752,-47.3102,-48.6751,PENDING_AG03,FALSE,NOT_FOR_ENFORCEMENT,-59.7603,2419.8423,-62.2503,-59.7603,-2.4900,-0.02126864,-0.02041790,-2.4900,-59.7603,-0.02041790,-2.4900,-3.1125,-3.1125,-3.1125,-3.1125,-59.7603,-0.02041790,-14.9401,-13.5752,-47.3102,-48.6751,-0.01616417,-0.0166305,-0.00085075,17.7385,16.3680,-0.4042,-4.1500,-0.9577,195.1239,10.2667,19.7776,17.2854,5.2352,10.5327,23.6986,39.4976,52.0066,91.4171,10.4704,0.0,4.937633,8.679371,1.684141,20,52,16,4,0.20271800,-0.02126864,-0.09567100,0E-8,0.000000,0.861220,0.103030,0.09332000,2026-03-23,2026-08-06,15,65,64,137,0.109489,1.144176,1.114949,0.675727,,,,,,,,GLOBAL_BASELINE_NO_ENTITY_RANKING,,,NOT_APPLICABLE_GLOBAL_BASELINE,HF9g-P5,,,,X 全窗基线 · 不参与实体赏罚,3922195,393,A168_HF9F_20260827_0900,2026-08-27 09:00:00
2026-04-13,147686290,1374,0,7.8527864304,7.8527864304,7.8527864304,1.0000000,1,1,0.49324550000000000,0.493245500000,1.01360149184955,1.01360149184955,1.01360149184955,0E-17,ELIGIBLE,R03b_20260811_FULL_v1,L1_ELIGIBILITY,v2026-08-11,2026-03-21..2026-08-06,baccarat_bet02_101_all_pairs_incl_sentinel,round_win = game_pnl > 0 (decisive only),COMPATIBILITY_ONLY_NOT_PRODUCTION,2926.8590,2520.6691,-62.2503,165,154,0.02126864,0.09567100,0.00235100,0.02126864,62.2503,2926.8590,OK,0.0000,-2.4900,4.0000,96.0000,AG03-UNRESOLVED,ALL5_LEVELS_bet23_to_bet27,-2.4900,-3.1125,-3.1125,-3.1125,-3.1125,4.000000,5.000000,5.000000,5.000000,5.000000,96.000000,95.000000,95.000000,95.000000,95.000000,5.0,-14.9401,-13.5752,-47.3102,-48.6751,PENDING_AG03,FALSE,NOT_FOR_ENFORCEMENT,-59.7603,2419.8423,-62.2503,-59.7603,-2.4900,-0.02126864,-0.02041790,-2.4900,-59.7603,-0.02041790,-2.4900,-3.1125,-3.1125,-3.1125,-3.1125,-59.7603,-0.02041790,-14.9401,-13.5752,-47.3102,-48.6751,-0.01616417,-0.0166305,-0.00085075,17.7385,16.3680,-0.4042,-4.1500,-0.9577,195.1239,10.2667,19.7776,17.2854,5.2352,10.5327,23.6986,39.4976,52.0066,91.4171,10.4704,0.0,4.937633,8.679371,1.684141,20,52,16,4,0.20271800,-0.02126864,-0.09567100,0E-8,0.000000,0.861220,0.103030,0.09332000,2026-03-23,2026-08-06,15,65,64,137,0.109489,1.144176,1.114949,0.675727,,,,,,,,GLOBAL_BASELINE_NO_ENTITY_RANKING,,,NOT_APPLICABLE_GLOBAL_BASELINE,HF9g-P5,,,,X 全窗基线 · 不参与实体赏罚,3922196,393,A168_HF9F_20260827_0900,2026-08-27 09:00:00
2026-04-13,147686290,1402,0,31.4111457216,15.7055728608,15.7055728608,0.5000000,2,2,0.49994810000000000,0.499948100000,0.00014679536856514622,0.00014679536856514622,0.00014679536856514622,0E-17,ELIGIBLE,R03b_20260811_FULL_v1,L1_ELIGIBILITY,v2026-08-11,2026-03-21..2026-08-06,baccarat_bet02_101_all_pairs_incl_sentinel,round_win = game_pnl > 0 (decisive only),COMPATIBILITY_ONLY_NOT_PRODUCTION,2926.8590,2520.6691,-62.2503,165,154,0.02126864,0.09567100,0.00235100,0.02126864,62.2503,2926.8590,OK,0.0000,-2.4900,4.0000,96.0000,AG03-UNRESOLVED,ALL5_LEVELS_bet23_to_bet27,-2.4900,-3.1125,-3.1125,-3.1125,-3.1125,4.000000,5.000000,5.000000,5.000000,5.000000,96.000000,95.000000,95.000000,95.000000,95.000000,5.0,-14.9401,-13.5752,-47.3102,-48.6751,PENDING_AG03,FALSE,NOT_FOR_ENFORCEMENT,-59.7603,2419.8423,-62.2503,-59.7603,-2.4900,-0.02126864,-0.02041790,-2.4900,-59.7603,-0.02041790,-2.4900,-3.1125,-3.1125,-3.1125,-3.1125,-59.7603,-0.02041790,-14.9401,-13.5752,-47.3102,-48.6751,-0.01616417,-0.0166305,-0.00085075,17.7385,16.3680,-0.4042,-4.1500,-0.9577,195.1239,10.2667,19.7776,17.2854,5.2352,10.5327,23.6986,39.4976,52.0066,91.4171,10.4704,0.0,4.937633,8.679371,1.684141,20,52,16,4,0.20271800,-0.02126864,-0.09567100,0E-8,0.000000,0.861220,0.103030,0.09332000,2026-03-23,2026-08-06,15,65,64,137,0.109489,1.144176,1.114949,0.675727,,,,,,,,GLOBAL_BASELINE_NO_ENTITY_RANKING,,,NOT_APPLICABLE_GLOBAL_BASELINE,HF9g-P5,,,,X 全窗基线 · 不参与实体赏罚,3922197,393,A168_HF9F_20260827_0900,2026-08-27 09:00:00
2026-04-13,147686290,1704,0,31.4111457216,15.7055728608,15.7055728608,0.5000000,2,2,0.49994810000000000,0.499948100000,0.00014679536856514622,0.00014679536856514622,0.00014679536856514622,0E-17,ELIGIBLE,R03b_20260811_FULL_v1,L1_ELIGIBILITY,v2026-08-11,2026-03-21..2026-08-06,baccarat_bet02_101_all_pairs_incl_sentinel,round_win = game_pnl > 0 (decisive only),COMPATIBILITY_ONLY_NOT_PRODUCTION,2926.8590,2520.6691,-62.2503,165,154,0.02126864,0.09567100,0.00235100,0.02126864,62.2503,2926.8590,OK,0.0000,-2.4900,4.0000,96.0000,AG03-UNRESOLVED,ALL5_LEVELS_bet23_to_bet27,-2.4900,-3.1125,-3.1125,-3.1125,-3.1125,4.000000,5.000000,5.000000,5.000000,5.000000,96.000000,95.000000,95.000000,95.000000,95.000000,5.0,-14.9401,-13.5752,-47.3102,-48.6751,PENDING_AG03,FALSE,NOT_FOR_ENFORCEMENT,-59.7603,2419.8423,-62.2503,-59.7603,-2.4900,-0.02126864,-0.02041790,-2.4900,-59.7603,-0.02041790,-2.4900,-3.1125,-3.1125,-3.1125,-3.1125,-59.7603,-0.02041790,-14.9401,-13.5752,-47.3102,-48.6751,-0.01616417,-0.0166305,-0.00085075,17.7385,16.3680,-0.4042,-4.1500,-0.9577,195.1239,10.2667,19.7776,17.2854,5.2352,10.5327,23.6986,39.4976,52.0066,91.4171,10.4704,0.0,4.937633,8.679371,1.684141,20,52,16,4,0.20271800,-0.02126864,-0.09567100,0E-8,0.000000,0.861220,0.103030,0.09332000,2026-03-23,2026-08-06,15,65,64,137,0.109489,1.144176,1.114949,0.675727,,,,,,,,GLOBAL_BASELINE_NO_ENTITY_RANKING,,,NOT_APPLICABLE_GLOBAL_BASELINE,HF9g-P5,,,,X 全窗基线 · 不参与实体赏罚,3922198,393,A168_HF9F_20260827_0900,2026-08-27 09:00:00
2026-04-13,147686290,1710,0,34.0287411984,18.3231683376,18.3231683376,0.5000000,2,2,0.49994810000000000,0.499948100000,0.00014679536856514622,0.00014679536856514622,0.00014679536856514622,0E-17,ELIGIBLE,R03b_20260811_FULL_v1,L1_ELIGIBILITY,v2026-08-11,2026-03-21..2026-08-06,baccarat_bet02_101_all_pairs_incl_sentinel,round_win = game_pnl > 0 (decisive only),COMPATIBILITY_ONLY_NOT_PRODUCTION,2926.8590,2520.6691,-62.2503,165,154,0.02126864,0.09567100,0.00235100,0.02126864,62.2503,2926.8590,OK,0.0000,-2.4900,4.0000,96.0000,AG03-UNRESOLVED,ALL5_LEVELS_bet23_to_bet27,-2.4900,-3.1125,-3.1125,-3.1125,-3.1125,4.000000,5.000000,5.000000,5.000000,5.000000,96.000000,95.000000,95.000000,95.000000,95.000000,5.0,-14.9401,-13.5752,-47.3102,-48.6751,PENDING_AG03,FALSE,NOT_FOR_ENFORCEMENT,-59.7603,2419.8423,-62.2503,-59.7603,-2.4900,-0.02126864,-0.02041790,-2.4900,-59.7603,-0.02041790,-2.4900,-3.1125,-3.1125,-3.1125,-3.1125,-59.7603,-0.02041790,-14.9401,-13.5752,-47.3102,-48.6751,-0.01616417,-0.0166305,-0.00085075,17.7385,16.3680,-0.4042,-4.1500,-0.9577,195.1239,10.2667,19.7776,17.2854,5.2352,10.5327,23.6986,39.4976,52.0066,91.4171,10.4704,0.0,4.937633,8.679371,1.684141,20,52,16,4,0.20271800,-0.02126864,-0.09567100,0E-8,0.000000,0.861220,0.103030,0.09332000,2026-03-23,2026-08-06,15,65,64,137,0.109489,1.144176,1.114949,0.675727,,,,,,,,GLOBAL_BASELINE_NO_ENTITY_RANKING,,,NOT_APPLICABLE_GLOBAL_BASELINE,HF9g-P5,,,,X 全窗基线 · 不参与实体赏罚,3922199,393,A168_HF9F_20260827_0900,2026-08-27 09:00:00
2026-04-13,147686290,2103,0,7.8527864304,-7.8527864304,-7.8527864304,0E-7,1,1,0.50665070000000000,0.506650700000,-1.013391052207602,-1.013391052207602,-1.013391052207602,0E-17,ELIGIBLE,R03b_20260811_FULL_v1,L1_ELIGIBILITY,v2026-08-11,2026-03-21..2026-08-06,baccarat_bet02_101_all_pairs_incl_sentinel,round_win = game_pnl > 0 (decisive only),COMPATIBILITY_ONLY_NOT_PRODUCTION,2926.8590,2520.6691,-62.2503,165,154,0.02126864,0.09567100,0.00235100,0.02126864,62.2503,2926.8590,OK,0.0000,-2.4900,4.0000,96.0000,AG03-UNRESOLVED,ALL5_LEVELS_bet23_to_bet27,-2.4900,-3.1125,-3.1125,-3.1125,-3.1125,4.000000,5.000000,5.000000,5.000000,5.000000,96.000000,95.000000,95.000000,95.000000,95.000000,5.0,-14.9401,-13.5752,-47.3102,-48.6751,PENDING_AG03,FALSE,NOT_FOR_ENFORCEMENT,-59.7603,2419.8423,-62.2503,-59.7603,-2.4900,-0.02126864,-0.02041790,-2.4900,-59.7603,-0.02041790,-2.4900,-3.1125,-3.1125,-3.1125,-3.1125,-59.7603,-0.02041790,-14.9401,-13.5752,-47.3102,-48.6751,-0.01616417,-0.0166305,-0.00085075,17.7385,16.3680,-0.4042,-4.1500,-0.9577,195.1239,10.2667,19.7776,17.2854,5.2352,10.5327,23.6986,39.4976,52.0066,91.4171,10.4704,0.0,4.937633,8.679371,1.684141,20,52,16,4,0.20271800,-0.02126864,-0.09567100,0E-8,0.000000,0.861220,0.103030,0.09332000,2026-03-23,2026-08-06,15,65,64,137,0.109489,1.144176,1.114949,0.675727,,,,,,,,GLOBAL_BASELINE_NO_ENTITY_RANKING,,,NOT_APPLICABLE_GLOBAL_BASELINE,HF9g-P5,,,,X 全窗基线 · 不参与实体赏罚,3922200,393,A168_HF9F_20260827_0900,2026-08-27 09:00:00
2026-04-13,147686290,2145,0,135.5914456981,61.1208543831,61.1208543831,0.5000000,6,4,0.49315350340907911,0.430190241667,0.027388554134466617,0.28200117093113275,0.027388554134466617,0.06296326174207911,ELIGIBLE,R03b_20260811_FULL_v1,L1_ELIGIBILITY,v2026-08-11,2026-03-21..2026-08-06,baccarat_bet02_101_all_pairs_incl_sentinel,round_win = game_pnl > 0 (decisive only),COMPATIBILITY_ONLY_NOT_PRODUCTION,2926.8590,2520.6691,-62.2503,165,154,0.02126864,0.09567100,0.00235100,0.02126864,62.2503,2926.8590,OK,0.0000,-2.4900,4.0000,96.0000,AG03-UNRESOLVED,ALL5_LEVELS_bet23_to_bet27,-2.4900,-3.1125,-3.1125,-3.1125,-3.1125,4.000000,5.000000,5.000000,5.000000,5.000000,96.000000,95.000000,95.000000,95.000000,95.000000,5.0,-14.9401,-13.5752,-47.3102,-48.6751,PENDING_AG03,FALSE,NOT_FOR_ENFORCEMENT,-59.7603,2419.8423,-62.2503,-59.7603,-2.4900,-0.02126864,-0.02041790,-2.4900,-59.7603,-0.02041790,-2.4900,-3.1125,-3.1125,-3.1125,-3.1125,-59.7603,-0.02041790,-14.9401,-13.5752,-47.3102,-48.6751,-0.01616417,-0.0166305,-0.00085075,17.7385,16.3680,-0.4042,-4.1500,-0.9577,195.1239,10.2667,19.7776,17.2854,5.2352,10.5327,23.6986,39.4976,52.0066,91.4171,10.4704,0.0,4.937633,8.679371,1.684141,20,52,16,4,0.20271800,-0.02126864,-0.09567100,0E-8,0.000000,0.861220,0.103030,0.09332000,2026-03-23,2026-08-06,15,65,64,137,0.109489,1.144176,1.114949,0.675727,,,,,,,,GLOBAL_BASELINE_NO_ENTITY_RANKING,,,NOT_APPLICABLE_GLOBAL_BASELINE,HF9g-P5,,,,X 全窗基线 · 不参与实体赏罚,3922201,393,A168_HF9F_20260827_0900,2026-08-27 09:00:00
2026-04-13,147686290,2167,0,31.4111457216,15.7055728608,15.7055728608,0.5000000,2,2,0.49994810000000000,0.499948100000,0.00014679536856514622,0.00014679536856514622,0.00014679536856514622,0E-17,ELIGIBLE,R03b_20260811_FULL_v1,L1_ELIGIBILITY,v2026-08-11,2026-03-21..2026-08-06,baccarat_bet02_101_all_pairs_incl_sentinel,round_win = game_pnl > 0 (decisive only),COMPATIBILITY_ONLY_NOT_PRODUCTION,2926.8590,2520.6691,-62.2503,165,154,0.02126864,0.09567100,0.00235100,0.02126864,62.2503,2926.8590,OK,0.0000,-2.4900,4.0000,96.0000,AG03-UNRESOLVED,ALL5_LEVELS_bet23_to_bet27,-2.4900,-3.1125,-3.1125,-3.1125,-3.1125,4.000000,5.000000,5.000000,5.000000,5.000000,96.000000,95.000000,95.000000,95.000000,95.000000,5.0,-14.9401,-13.5752,-47.3102,-48.6751,PENDING_AG03,FALSE,NOT_FOR_ENFORCEMENT,-59.7603,2419.8423,-62.2503,-59.7603,-2.4900,-0.02126864,-0.02041790,-2.4900,-59.7603,-0.02041790,-2.4900,-3.1125,-3.1125,-3.1125,-3.1125,-59.7603,-0.02041790,-14.9401,-13.5752,-47.3102,-48.6751,-0.01616417,-0.0166305,-0.00085075,17.7385,16.3680,-0.4042,-4.1500,-0.9577,195.1239,10.2667,19.7776,17.2854,5.2352,10.5327,23.6986,39.4976,52.0066,91.4171,10.4704,0.0,4.937633,8.679371,1.684141,20,52,16,4,0.20271800,-0.02126864,-0.09567100,0E-8,0.000000,0.861220,0.103030,0.09332000,2026-03-23,2026-08-06,15,65,64,137,0.109489,1.144176,1.114949,0.675727,,,,,,,,GLOBAL_BASELINE_NO_ENTITY_RANKING,,,NOT_APPLICABLE_GLOBAL_BASELINE,HF9g-P5,,,,X 全窗基线 · 不参与实体赏罚,3922202,393,A168_HF9F_20260827_0900,2026-08-27 09:00:00
2026-04-13,147686290,763,0,177.9964924221,5.2351909535,5.2351909535,0.2500000,6,4,0.49411090608106903,0.427956041667,-0.9765113602888138,-0.7193304588599093,-0.9765113602888138,0.06615486441406903,ELIGIBLE,R03b_20260811_FULL_v1,L1_ELIGIBILITY,v2026-08-11,2026-03-21..2026-08-06,baccarat_bet02_101_all_pairs_incl_sentinel,round_win = game_pnl > 0 (decisive only),COMPATIBILITY_ONLY_NOT_PRODUCTION,2926.8590,2520.6691,-62.2503,165,154,0.02126864,0.09567100,0.00235100,0.02126864,62.2503,2926.8590,OK,0.0000,-2.4900,4.0000,96.0000,AG03-UNRESOLVED,ALL5_LEVELS_bet23_to_bet27,-2.4900,-3.1125,-3.1125,-3.1125,-3.1125,4.000000,5.000000,5.000000,5.000000,5.000000,96.000000,95.000000,95.000000,95.000000,95.000000,5.0,-14.9401,-13.5752,-47.3102,-48.6751,PENDING_AG03,FALSE,NOT_FOR_ENFORCEMENT,-59.7603,2419.8423,-62.2503,-59.7603,-2.4900,-0.02126864,-0.02041790,-2.4900,-59.7603,-0.02041790,-2.4900,-3.1125,-3.1125,-3.1125,-3.1125,-59.7603,-0.02041790,-14.9401,-13.5752,-47.3102,-48.6751,-0.01616417,-0.0166305,-0.00085075,17.7385,16.3680,-0.4042,-4.1500,-0.9577,195.1239,10.2667,19.7776,17.2854,5.2352,10.5327,23.6986,39.4976,52.0066,91.4171,10.4704,0.0,4.937633,8.679371,1.684141,20,52,16,4,0.20271800,-0.02126864,-0.09567100,0E-8,0.000000,0.861220,0.103030,0.09332000,2026-03-23,2026-08-06,15,65,64,137,0.109489,1.144176,1.114949,0.675727,,,,,,,,GLOBAL_BASELINE_NO_ENTITY_RANKING,,,NOT_APPLICABLE_GLOBAL_BASELINE,HF9g-P5,,,,X 全窗基线 · 不参与实体赏罚,3922203,393,A168_HF9F_20260827_0900,2026-08-27 09:00:00
2026-04-13,147686290,948,0,7.8527864304,7.8527864304,7.8527864304,1.0000000,1,1,0.49324550000000000,0.493245500000,1.01360149184955,1.01360149184955,1.01360149184955,0E-17,ELIGIBLE,R03b_20260811_FULL_v1,L1_ELIGIBILITY,v2026-08-11,2026-03-21..2026-08-06,baccarat_bet02_101_all_pairs_incl_sentinel,round_win = game_pnl > 0 (decisive only),COMPATIBILITY_ONLY_NOT_PRODUCTION,2926.8590,2520.6691,-62.2503,165,154,0.02126864,0.09567100,0.00235100,0.02126864,62.2503,2926.8590,OK,0.0000,-2.4900,4.0000,96.0000,AG03-UNRESOLVED,ALL5_LEVELS_bet23_to_bet27,-2.4900,-3.1125,-3.1125,-3.1125,-3.1125,4.000000,5.000000,5.000000,5.000000,5.000000,96.000000,95.000000,95.000000,95.000000,95.000000,5.0,-14.9401,-13.5752,-47.3102,-48.6751,PENDING_AG03,FALSE,NOT_FOR_ENFORCEMENT,-59.7603,2419.8423,-62.2503,-59.7603,-2.4900,-0.02126864,-0.02041790,-2.4900,-59.7603,-0.02041790,-2.4900,-3.1125,-3.1125,-3.1125,-3.1125,-59.7603,-0.02041790,-14.9401,-13.5752,-47.3102,-48.6751,-0.01616417,-0.0166305,-0.00085075,17.7385,16.3680,-0.4042,-4.1500,-0.9577,195.1239,10.2667,19.7776,17.2854,5.2352,10.5327,23.6986,39.4976,52.0066,91.4171,10.4704,0.0,4.937633,8.679371,1.684141,20,52,16,4,0.20271800,-0.02126864,-0.09567100,0E-8,0.000000,0.861220,0.103030,0.09332000,2026-03-23,2026-08-06,15,65,64,137,0.109489,1.144176,1.114949,0.675727,,,,,,,,GLOBAL_BASELINE_NO_ENTITY_RANKING,,,NOT_APPLICABLE_GLOBAL_BASELINE,HF9g-P5,,,,X 全窗基线 · 不参与实体赏罚,3922204,393,A168_HF9F_20260827_0900,2026-08-27 09:00:00
2026-04-24,147686290,1400,0,154.6998926786,-154.6998926786,-154.6998926786,0E-7,4,2,0.48924356930944409,0.360432383334,-1.3841101044043764,-1.0616556287556003,-1.3841101044043764,0.12881118597544409,ELIGIBLE,R03b_20260811_FULL_v1,L1_ELIGIBILITY,v2026-08-11,2026-03-21..2026-08-06,baccarat_bet02_101_all_pairs_incl_sentinel,round_win = game_pnl > 0 (decisive only),COMPATIBILITY_ONLY_NOT_PRODUCTION,2926.8590,2520.6691,-62.2503,165,154,0.02126864,0.09567100,0.00235100,0.02126864,62.2503,2926.8590,OK,0.0000,-2.4900,4.0000,96.0000,AG03-UNRESOLVED,ALL5_LEVELS_bet23_to_bet27,-2.4900,-3.1125,-3.1125,-3.1125,-3.1125,4.000000,5.000000,5.000000,5.000000,5.000000,96.000000,95.000000,95.000000,95.000000,95.000000,5.0,-14.9401,-13.5752,-47.3102,-48.6751,PENDING_AG03,FALSE,NOT_FOR_ENFORCEMENT,-59.7603,2419.8423,-62.2503,-59.7603,-2.4900,-0.02126864,-0.02041790,-2.4900,-59.7603,-0.02041790,-2.4900,-3.1125,-3.1125,-3.1125,-3.1125,-59.7603,-0.02041790,-14.9401,-13.5752,-47.3102,-48.6751,-0.01616417,-0.0166305,-0.00085075,17.7385,16.3680,-0.4042,-4.1500,-0.9577,195.1239,10.2667,19.7776,17.2854,5.2352,10.5327,23.6986,39.4976,52.0066,91.4171,10.4704,0.0,4.937633,8.679371,1.684141,20,52,16,4,0.20271800,-0.02126864,-0.09567100,0E-8,0.000000,0.861220,0.103030,0.09332000,2026-03-23,2026-08-06,15,65,64,137,0.109489,1.144176,1.114949,0.675727,,,,,,,,GLOBAL_BASELINE_NO_ENTITY_RANKING,,,NOT_APPLICABLE_GLOBAL_BASELINE,HF9g-P5,,,,X 全窗基线 · 不参与实体赏罚,3922205,393,A168_HF9F_20260827_0900,2026-08-27 09:00:00
2026-04-24,147686290,1505,0,68.0574823968,-26.1759547680,-26.1759547680,0E-7,4,4,0.49659680000000000,0.496596800000,-1.4046203955403829,-1.4046203955403829,-1.4046203955403829,0E-17,ELIGIBLE,R03b_20260811_FULL_v1,L1_ELIGIBILITY,v2026-08-11,2026-03-21..2026-08-06,baccarat_bet02_101_all_pairs_incl_sentinel,round_win = game_pnl > 0 (decisive only),COMPATIBILITY_ONLY_NOT_PRODUCTION,2926.8590,2520.6691,-62.2503,165,154,0.02126864,0.09567100,0.00235100,0.02126864,62.2503,2926.8590,OK,0.0000,-2.4900,4.0000,96.0000,AG03-UNRESOLVED,ALL5_LEVELS_bet23_to_bet27,-2.4900,-3.1125,-3.1125,-3.1125,-3.1125,4.000000,5.000000,5.000000,5.000000,5.000000,96.000000,95.000000,95.000000,95.000000,95.000000,5.0,-14.9401,-13.5752,-47.3102,-48.6751,PENDING_AG03,FALSE,NOT_FOR_ENFORCEMENT,-59.7603,2419.8423,-62.2503,-59.7603,-2.4900,-0.02126864,-0.02041790,-2.4900,-59.7603,-0.02041790,-2.4900,-3.1125,-3.1125,-3.1125,-3.1125,-59.7603,-0.02041790,-14.9401,-13.5752,-47.3102,-48.6751,-0.01616417,-0.0166305,-0.00085075,17.7385,16.3680,-0.4042,-4.1500,-0.9577,195.1239,10.2667,19.7776,17.2854,5.2352,10.5327,23.6986,39.4976,52.0066,91.4171,10.4704,0.0,4.937633,8.679371,1.684141,20,52,16,4,0.20271800,-0.02126864,-0.09567100,0E-8,0.000000,0.861220,0.103030,0.09332000,2026-03-23,2026-08-06,15,65,64,137,0.109489,1.144176,1.114949,0.675727,,,,,,,,GLOBAL_BASELINE_NO_ENTITY_RANKING,,,NOT_APPLICABLE_GLOBAL_BASELINE,HF9g-P5,,,,X 全窗基线 · 不参与实体赏罚,3922206,393,A168_HF9F_20260827_0900,2026-08-27 09:00:00
2026-04-24,147686290,2093,0,26.1759547680,14.6585346700,14.6585346700,0.5000000,2,2,0.49994810000000000,0.499948100000,0.00014679536856514622,0.00014679536856514622,0.00014679536856514622,0E-17,ELIGIBLE,R03b_20260811_FULL_v1,L1_ELIGIBILITY,v2026-08-11,2026-03-21..2026-08-06,baccarat_bet02_101_all_pairs_incl_sentinel,round_win = game_pnl > 0 (decisive only),COMPATIBILITY_ONLY_NOT_PRODUCTION,2926.8590,2520.6691,-62.2503,165,154,0.02126864,0.09567100,0.00235100,0.02126864,62.2503,2926.8590,OK,0.0000,-2.4900,4.0000,96.0000,AG03-UNRESOLVED,ALL5_LEVELS_bet23_to_bet27,-2.4900,-3.1125,-3.1125,-3.1125,-3.1125,4.000000,5.000000,5.000000,5.000000,5.000000,96.000000,95.000000,95.000000,95.000000,95.000000,5.0,-14.9401,-13.5752,-47.3102,-48.6751,PENDING_AG03,FALSE,NOT_FOR_ENFORCEMENT,-59.7603,2419.8423,-62.2503,-59.7603,-2.4900,-0.02126864,-0.02041790,-2.4900,-59.7603,-0.02041790,-2.4900,-3.1125,-3.1125,-3.1125,-3.1125,-59.7603,-0.02041790,-14.9401,-13.5752,-47.3102,-48.6751,-0.01616417,-0.0166305,-0.00085075,17.7385,16.3680,-0.4042,-4.1500,-0.9577,195.1239,10.2667,19.7776,17.2854,5.2352,10.5327,23.6986,39.4976,52.0066,91.4171,10.4704,0.0,4.937633,8.679371,1.684141,20,52,16,4,0.20271800,-0.02126864,-0.09567100,0E-8,0.000000,0.861220,0.103030,0.09332000,2026-03-23,2026-08-06,15,65,64,137,0.109489,1.144176,1.114949,0.675727,,,,,,,,GLOBAL_BASELINE_NO_ENTITY_RANKING,,,NOT_APPLICABLE_GLOBAL_BASELINE,HF9g-P5,,,,X 全窗基线 · 不参与实体赏罚,3922207,393,A168_HF9F_20260827_0900,2026-08-27 09:00:00
2026-04-24,147686290,2145,0,10.4703819072,5.2351909536,5.2351909536,1.0000000,2,2,0.49324550000000000,0.493245500000,1.01360149184955,1.01360149184955,1.01360149184955,0E-17,ELIGIBLE,R03b_20260811_FULL_v1,L1_ELIGIBILITY,v2026-08-11,2026-03-21..2026-08-06,baccarat_bet02_101_all_pairs_incl_sentinel,round_win = game_pnl > 0 (decisive only),COMPATIBILITY_ONLY_NOT_PRODUCTION,2926.8590,2520.6691,-62.2503,165,154,0.02126864,0.09567100,0.00235100,0.02126864,62.2503,2926.8590,OK,0.0000,-2.4900,4.0000,96.0000,AG03-UNRESOLVED,ALL5_LEVELS_bet23_to_bet27,-2.4900,-3.1125,-3.1125,-3.1125,-3.1125,4.000000,5.000000,5.000000,5.000000,5.000000,96.000000,95.000000,95.000000,95.000000,95.000000,5.0,-14.9401,-13.5752,-47.3102,-48.6751,PENDING_AG03,FALSE,NOT_FOR_ENFORCEMENT,-59.7603,2419.8423,-62.2503,-59.7603,-2.4900,-0.02126864,-0.02041790,-2.4900,-59.7603,-0.02041790,-2.4900,-3.1125,-3.1125,-3.1125,-3.1125,-59.7603,-0.02041790,-14.9401,-13.5752,-47.3102,-48.6751,-0.01616417,-0.0166305,-0.00085075,17.7385,16.3680,-0.4042,-4.1500,-0.9577,195.1239,10.2667,19.7776,17.2854,5.2352,10.5327,23.6986,39.4976,52.0066,91.4171,10.4704,0.0,4.937633,8.679371,1.684141,20,52,16,4,0.20271800,-0.02126864,-0.09567100,0E-8,0.000000,0.861220,0.103030,0.09332000,2026-03-23,2026-08-06,15,65,64,137,0.109489,1.144176,1.114949,0.675727,,,,,,,,GLOBAL_BASELINE_NO_ENTITY_RANKING,,,NOT_APPLICABLE_GLOBAL_BASELINE,HF9g-P5,,,,X 全窗基线 · 不参与实体赏罚,3922208,393,A168_HF9F_20260827_0900,2026-08-27 09:00:00
2026-04-26,147686290,1374,0,10.9939010025,-10.9939010025,-10.9939010025,0E-7,1,1,0.50665070000000000,0.506650700000,-1.013391052207602,-1.013391052207602,-1.013391052207602,0E-17,ELIGIBLE,R03b_20260811_FULL_v1,L1_ELIGIBILITY,v2026-08-11,2026-03-21..2026-08-06,baccarat_bet02_101_all_pairs_incl_sentinel,round_win = game_pnl > 0 (decisive only),COMPATIBILITY_ONLY_NOT_PRODUCTION,2926.8590,2520.6691,-62.2503,165,154,0.02126864,0.09567100,0.00235100,0.02126864,62.2503,2926.8590,OK,0.0000,-2.4900,4.0000,96.0000,AG03-UNRESOLVED,ALL5_LEVELS_bet23_to_bet27,-2.4900,-3.1125,-3.1125,-3.1125,-3.1125,4.000000,5.000000,5.000000,5.000000,5.000000,96.000000,95.000000,95.000000,95.000000,95.000000,5.0,-14.9401,-13.5752,-47.3102,-48.6751,PENDING_AG03,FALSE,NOT_FOR_ENFORCEMENT,-59.7603,2419.8423,-62.2503,-59.7603,-2.4900,-0.02126864,-0.02041790,-2.4900,-59.7603,-0.02041790,-2.4900,-3.1125,-3.1125,-3.1125,-3.1125,-59.7603,-0.02041790,-14.9401,-13.5752,-47.3102,-48.6751,-0.01616417,-0.0166305,-0.00085075,17.7385,16.3680,-0.4042,-4.1500,-0.9577,195.1239,10.2667,19.7776,17.2854,5.2352,10.5327,23.6986,39.4976,52.0066,91.4171,10.4704,0.0,4.937633,8.679371,1.684141,20,52,16,4,0.20271800,-0.02126864,-0.09567100,0E-8,0.000000,0.861220,0.103030,0.09332000,2026-03-23,2026-08-06,15,65,64,137,0.109489,1.144176,1.114949,0.675727,,,,,,,,GLOBAL_BASELINE_NO_ENTITY_RANKING,,,NOT_APPLICABLE_GLOBAL_BASELINE,HF9g-P5,,,,X 全窗基线 · 不参与实体赏罚,3922209,393,A168_HF9F_20260827_0900,2026-08-27 09:00:00
2026-04-27,147686290,2261,0,24.3436379342,-8.1145459780,-8.1145459780,0.5000000,2,2,0.49994810000000000,0.499948100000,0.00014679536856514622,0.00014679536856514622,0.00014679536856514622,0E-17,ELIGIBLE,R03b_20260811_FULL_v1,L1_ELIGIBILITY,v2026-08-11,2026-03-21..2026-08-06,baccarat_bet02_101_all_pairs_incl_sentinel,round_win = game_pnl > 0 (decisive only),COMPATIBILITY_ONLY_NOT_PRODUCTION,2926.8590,2520.6691,-62.2503,165,154,0.02126864,0.09567100,0.00235100,0.02126864,62.2503,2926.8590,OK,0.0000,-2.4900,4.0000,96.0000,AG03-UNRESOLVED,ALL5_LEVELS_bet23_to_bet27,-2.4900,-3.1125,-3.1125,-3.1125,-3.1125,4.000000,5.000000,5.000000,5.000000,5.000000,96.000000,95.000000,95.000000,95.000000,95.000000,5.0,-14.9401,-13.5752,-47.3102,-48.6751,PENDING_AG03,FALSE,NOT_FOR_ENFORCEMENT,-59.7603,2419.8423,-62.2503,-59.7603,-2.4900,-0.02126864,-0.02041790,-2.4900,-59.7603,-0.02041790,-2.4900,-3.1125,-3.1125,-3.1125,-3.1125,-59.7603,-0.02041790,-14.9401,-13.5752,-47.3102,-48.6751,-0.01616417,-0.0166305,-0.00085075,17.7385,16.3680,-0.4042,-4.1500,-0.9577,195.1239,10.2667,19.7776,17.2854,5.2352,10.5327,23.6986,39.4976,52.0066,91.4171,10.4704,0.0,4.937633,8.679371,1.684141,20,52,16,4,0.20271800,-0.02126864,-0.09567100,0E-8,0.000000,0.861220,0.103030,0.09332000,2026-03-23,2026-08-06,15,65,64,137,0.109489,1.144176,1.114949,0.675727,,,,,,,,GLOBAL_BASELINE_NO_ENTITY_RANKING,,,NOT_APPLICABLE_GLOBAL_BASELINE,HF9g-P5,,,,X 全窗基线 · 不参与实体赏罚,3922210,393,A168_HF9F_20260827_0900,2026-08-27 09:00:00
2026-05-15,147686290,-1,1,194.0739971978,-173.3174199574,-173.3174199574,0.2000000,6,5,0.48869594347826373,0.451389580000,-1.2914175901296603,-1.1295994799481353,-1.2914175901296603,0.03730636347826373,SENTINEL_DEALER,R03b_20260811_FULL_v1,L1_ELIGIBILITY,v2026-08-11,2026-03-21..2026-08-06,baccarat_bet02_101_all_pairs_incl_sentinel,round_win = game_pnl > 0 (decisive only),COMPATIBILITY_ONLY_NOT_PRODUCTION,2926.8590,2520.6691,-62.2503,165,154,0.02126864,0.09567100,0.00235100,0.02126864,62.2503,2926.8590,OK,0.0000,-2.4900,4.0000,96.0000,AG03-UNRESOLVED,ALL5_LEVELS_bet23_to_bet27,-2.4900,-3.1125,-3.1125,-3.1125,-3.1125,4.000000,5.000000,5.000000,5.000000,5.000000,96.000000,95.000000,95.000000,95.000000,95.000000,5.0,-14.9401,-13.5752,-47.3102,-48.6751,PENDING_AG03,FALSE,NOT_FOR_ENFORCEMENT,-59.7603,2419.8423,-62.2503,-59.7603,-2.4900,-0.02126864,-0.02041790,-2.4900,-59.7603,-0.02041790,-2.4900,-3.1125,-3.1125,-3.1125,-3.1125,-59.7603,-0.02041790,-14.9401,-13.5752,-47.3102,-48.6751,-0.01616417,-0.0166305,-0.00085075,17.7385,16.3680,-0.4042,-4.1500,-0.9577,195.1239,10.2667,19.7776,17.2854,5.2352,10.5327,23.6986,39.4976,52.0066,91.4171,10.4704,0.0,4.937633,8.679371,1.684141,20,52,16,4,0.20271800,-0.02126864,-0.09567100,0E-8,0.000000,0.861220,0.103030,0.09332000,2026-03-23,2026-08-06,15,65,64,137,0.109489,1.144176,1.114949,0.675727,,,,,,,,GLOBAL_BASELINE_NO_ENTITY_RANKING,,,NOT_APPLICABLE_GLOBAL_BASELINE,HF9g-P5,,,,X 全窗基线 · 不参与实体赏罚,3922211,393,A168_HF9F_20260827_0900,2026-08-27 09:00:00
2026-05-15,147686290,2107,0,10.3782886202,10.3782886202,10.3782886202,1.0000000,1,1,0.49324550000000000,0.493245500000,1.01360149184955,1.01360149184955,1.01360149184955,0E-17,ELIGIBLE,R03b_20260811_FULL_v1,L1_ELIGIBILITY,v2026-08-11,2026-03-21..2026-08-06,baccarat_bet02_101_all_pairs_incl_sentinel,round_win = game_pnl > 0 (decisive only),COMPATIBILITY_ONLY_NOT_PRODUCTION,2926.8590,2520.6691,-62.2503,165,154,0.02126864,0.09567100,0.00235100,0.02126864,62.2503,2926.8590,OK,0.0000,-2.4900,4.0000,96.0000,AG03-UNRESOLVED,ALL5_LEVELS_bet23_to_bet27,-2.4900,-3.1125,-3.1125,-3.1125,-3.1125,4.000000,5.000000,5.000000,5.000000,5.000000,96.000000,95.000000,95.000000,95.000000,95.000000,5.0,-14.9401,-13.5752,-47.3102,-48.6751,PENDING_AG03,FALSE,NOT_FOR_ENFORCEMENT,-59.7603,2419.8423,-62.2503,-59.7603,-2.4900,-0.02126864,-0.02041790,-2.4900,-59.7603,-0.02041790,-2.4900,-3.1125,-3.1125,-3.1125,-3.1125,-59.7603,-0.02041790,-14.9401,-13.5752,-47.3102,-48.6751,-0.01616417,-0.0166305,-0.00085075,17.7385,16.3680,-0.4042,-4.1500,-0.9577,195.1239,10.2667,19.7776,17.2854,5.2352,10.5327,23.6986,39.4976,52.0066,91.4171,10.4704,0.0,4.937633,8.679371,1.684141,20,52,16,4,0.20271800,-0.02126864,-0.09567100,0E-8,0.000000,0.861220,0.103030,0.09332000,2026-03-23,2026-08-06,15,65,64,137,0.109489,1.144176,1.114949,0.675727,,,,,,,,GLOBAL_BASELINE_NO_ENTITY_RANKING,,,NOT_APPLICABLE_GLOBAL_BASELINE,HF9g-P5,,,,X 全窗基线 · 不参与实体赏罚,3922212,393,A168_HF9F_20260827_0900,2026-08-27 09:00:00
2026-05-15,147686290,2234,0,7.7837164652,7.7837164652,7.7837164652,1.0000000,1,1,0.49324550000000000,0.493245500000,1.01360149184955,1.01360149184955,1.01360149184955,0E-17,ELIGIBLE,R03b_20260811_FULL_v1,L1_ELIGIBILITY,v2026-08-11,2026-03-21..2026-08-06,baccarat_bet02_101_all_pairs_incl_sentinel,round_win = game_pnl > 0 (decisive only),COMPATIBILITY_ONLY_NOT_PRODUCTION,2926.8590,2520.6691,-62.2503,165,154,0.02126864,0.09567100,0.00235100,0.02126864,62.2503,2926.8590,OK,0.0000,-2.4900,4.0000,96.0000,AG03-UNRESOLVED,ALL5_LEVELS_bet23_to_bet27,-2.4900,-3.1125,-3.1125,-3.1125,-3.1125,4.000000,5.000000,5.000000,5.000000,5.000000,96.000000,95.000000,95.000000,95.000000,95.000000,5.0,-14.9401,-13.5752,-47.3102,-48.6751,PENDING_AG03,FALSE,NOT_FOR_ENFORCEMENT,-59.7603,2419.8423,-62.2503,-59.7603,-2.4900,-0.02126864,-0.02041790,-2.4900,-59.7603,-0.02041790,-2.4900,-3.1125,-3.1125,-3.1125,-3.1125,-59.7603,-0.02041790,-14.9401,-13.5752,-47.3102,-48.6751,-0.01616417,-0.0166305,-0.00085075,17.7385,16.3680,-0.4042,-4.1500,-0.9577,195.1239,10.2667,19.7776,17.2854,5.2352,10.5327,23.6986,39.4976,52.0066,91.4171,10.4704,0.0,4.937633,8.679371,1.684141,20,52,16,4,0.20271800,-0.02126864,-0.09567100,0E-8,0.000000,0.861220,0.103030,0.09332000,2026-03-23,2026-08-06,15,65,64,137,0.109489,1.144176,1.114949,0.675727,,,,,,,,GLOBAL_BASELINE_NO_ENTITY_RANKING,,,NOT_APPLICABLE_GLOBAL_BASELINE,HF9g-P5,,,,X 全窗基线 · 不参与实体赏罚,3922213,393,A168_HF9F_20260827_0900,2026-08-27 09:00:00
2026-05-15,147686290,2244,0,7.7837164652,7.3945306419,7.3945306419,1.0000000,1,1,0.50665070000000000,0.506650700000,0.9867858985152569,0.9867858985152569,0.9867858985152569,0E-17,ELIGIBLE,R03b_20260811_FULL_v1,L1_ELIGIBILITY,v2026-08-11,2026-03-21..2026-08-06,baccarat_bet02_101_all_pairs_incl_sentinel,round_win = game_pnl > 0 (decisive only),COMPATIBILITY_ONLY_NOT_PRODUCTION,2926.8590,2520.6691,-62.2503,165,154,0.02126864,0.09567100,0.00235100,0.02126864,62.2503,2926.8590,OK,0.0000,-2.4900,4.0000,96.0000,AG03-UNRESOLVED,ALL5_LEVELS_bet23_to_bet27,-2.4900,-3.1125,-3.1125,-3.1125,-3.1125,4.000000,5.000000,5.000000,5.000000,5.000000,96.000000,95.000000,95.000000,95.000000,95.000000,5.0,-14.9401,-13.5752,-47.3102,-48.6751,PENDING_AG03,FALSE,NOT_FOR_ENFORCEMENT,-59.7603,2419.8423,-62.2503,-59.7603,-2.4900,-0.02126864,-0.02041790,-2.4900,-59.7603,-0.02041790,-2.4900,-3.1125,-3.1125,-3.1125,-3.1125,-59.7603,-0.02041790,-14.9401,-13.5752,-47.3102,-48.6751,-0.01616417,-0.0166305,-0.00085075,17.7385,16.3680,-0.4042,-4.1500,-0.9577,195.1239,10.2667,19.7776,17.2854,5.2352,10.5327,23.6986,39.4976,52.0066,91.4171,10.4704,0.0,4.937633,8.679371,1.684141,20,52,16,4,0.20271800,-0.02126864,-0.09567100,0E-8,0.000000,0.861220,0.103030,0.09332000,2026-03-23,2026-08-06,15,65,64,137,0.109489,1.144176,1.114949,0.675727,,,,,,,,GLOBAL_BASELINE_NO_ENTITY_RANKING,,,NOT_APPLICABLE_GLOBAL_BASELINE,HF9g-P5,,,,X 全窗基线 · 不参与实体赏罚,3922214,393,A168_HF9F_20260827_0900,2026-08-27 09:00:00
2026-05-15,147686290,2248,0,33.7294380157,18.1620050853,18.1620050853,0.5000000,2,2,0.49994810000000000,0.499948100000,0.00014679536856514622,0.00014679536856514622,0.00014679536856514622,0E-17,ELIGIBLE,R03b_20260811_FULL_v1,L1_ELIGIBILITY,v2026-08-11,2026-03-21..2026-08-06,baccarat_bet02_101_all_pairs_incl_sentinel,round_win = game_pnl > 0 (decisive only),COMPATIBILITY_ONLY_NOT_PRODUCTION,2926.8590,2520.6691,-62.2503,165,154,0.02126864,0.09567100,0.00235100,0.02126864,62.2503,2926.8590,OK,0.0000,-2.4900,4.0000,96.0000,AG03-UNRESOLVED,ALL5_LEVELS_bet23_to_bet27,-2.4900,-3.1125,-3.1125,-3.1125,-3.1125,4.000000,5.000000,5.000000,5.000000,5.000000,96.000000,95.000000,95.000000,95.000000,95.000000,5.0,-14.9401,-13.5752,-47.3102,-48.6751,PENDING_AG03,FALSE,NOT_FOR_ENFORCEMENT,-59.7603,2419.8423,-62.2503,-59.7603,-2.4900,-0.02126864,-0.02041790,-2.4900,-59.7603,-0.02041790,-2.4900,-3.1125,-3.1125,-3.1125,-3.1125,-59.7603,-0.02041790,-14.9401,-13.5752,-47.3102,-48.6751,-0.01616417,-0.0166305,-0.00085075,17.7385,16.3680,-0.4042,-4.1500,-0.9577,195.1239,10.2667,19.7776,17.2854,5.2352,10.5327,23.6986,39.4976,52.0066,91.4171,10.4704,0.0,4.937633,8.679371,1.684141,20,52,16,4,0.20271800,-0.02126864,-0.09567100,0E-8,0.000000,0.861220,0.103030,0.09332000,2026-03-23,2026-08-06,15,65,64,137,0.109489,1.144176,1.114949,0.675727,,,,,,,,GLOBAL_BASELINE_NO_ENTITY_RANKING,,,NOT_APPLICABLE_GLOBAL_BASELINE,HF9g-P5,,,,X 全窗基线 · 不参与实体赏罚,3922215,393,A168_HF9F_20260827_0900,2026-08-27 09:00:00
2026-05-31,147686290,1401,0,4.6287962558,-4.6287962558,-4.6287962558,0E-7,1,1,0.50665070000000000,0.506650700000,-1.013391052207602,-1.013391052207602,-1.013391052207602,0E-17,ELIGIBLE,R03b_20260811_FULL_v1,L1_ELIGIBILITY,v2026-08-11,2026-03-21..2026-08-06,baccarat_bet02_101_all_pairs_incl_sentinel,round_win = game_pnl > 0 (decisive only),COMPATIBILITY_ONLY_NOT_PRODUCTION,2926.8590,2520.6691,-62.2503,165,154,0.02126864,0.09567100,0.00235100,0.02126864,62.2503,2926.8590,OK,0.0000,-2.4900,4.0000,96.0000,AG03-UNRESOLVED,ALL5_LEVELS_bet23_to_bet27,-2.4900,-3.1125,-3.1125,-3.1125,-3.1125,4.000000,5.000000,5.000000,5.000000,5.000000,96.000000,95.000000,95.000000,95.000000,95.000000,5.0,-14.9401,-13.5752,-47.3102,-48.6751,PENDING_AG03,FALSE,NOT_FOR_ENFORCEMENT,-59.7603,2419.8423,-62.2503,-59.7603,-2.4900,-0.02126864,-0.02041790,-2.4900,-59.7603,-0.02041790,-2.4900,-3.1125,-3.1125,-3.1125,-3.1125,-59.7603,-0.02041790,-14.9401,-13.5752,-47.3102,-48.6751,-0.01616417,-0.0166305,-0.00085075,17.7385,16.3680,-0.4042,-4.1500,-0.9577,195.1239,10.2667,19.7776,17.2854,5.2352,10.5327,23.6986,39.4976,52.0066,91.4171,10.4704,0.0,4.937633,8.679371,1.684141,20,52,16,4,0.20271800,-0.02126864,-0.09567100,0E-8,0.000000,0.861220,0.103030,0.09332000,2026-03-23,2026-08-06,15,65,64,137,0.109489,1.144176,1.114949,0.675727,,,,,,,,GLOBAL_BASELINE_NO_ENTITY_RANKING,,,NOT_APPLICABLE_GLOBAL_BASELINE,HF9g-P5,,,,X 全窗基线 · 不参与实体赏罚,3922216,393,A168_HF9F_20260827_0900,2026-08-27 09:00:00
2026-08-06,147686290,1115,0,5.1370302828,5.1370302828,5.1370302828,1.0000000,1,1,0.49324550000000000,0.493245500000,1.01360149184955,1.01360149184955,1.01360149184955,0E-17,ELIGIBLE,R03b_20260811_FULL_v1,L1_ELIGIBILITY,v2026-08-11,2026-03-21..2026-08-06,baccarat_bet02_101_all_pairs_incl_sentinel,round_win = game_pnl > 0 (decisive only),COMPATIBILITY_ONLY_NOT_PRODUCTION,2926.8590,2520.6691,-62.2503,165,154,0.02126864,0.09567100,0.00235100,0.02126864,62.2503,2926.8590,OK,0.0000,-2.4900,4.0000,96.0000,AG03-UNRESOLVED,ALL5_LEVELS_bet23_to_bet27,-2.4900,-3.1125,-3.1125,-3.1125,-3.1125,4.000000,5.000000,5.000000,5.000000,5.000000,96.000000,95.000000,95.000000,95.000000,95.000000,5.0,-14.9401,-13.5752,-47.3102,-48.6751,PENDING_AG03,FALSE,NOT_FOR_ENFORCEMENT,-59.7603,2419.8423,-62.2503,-59.7603,-2.4900,-0.02126864,-0.02041790,-2.4900,-59.7603,-0.02041790,-2.4900,-3.1125,-3.1125,-3.1125,-3.1125,-59.7603,-0.02041790,-14.9401,-13.5752,-47.3102,-48.6751,-0.01616417,-0.0166305,-0.00085075,17.7385,16.3680,-0.4042,-4.1500,-0.9577,195.1239,10.2667,19.7776,17.2854,5.2352,10.5327,23.6986,39.4976,52.0066,91.4171,10.4704,0.0,4.937633,8.679371,1.684141,20,52,16,4,0.20271800,-0.02126864,-0.09567100,0E-8,0.000000,0.861220,0.103030,0.09332000,2026-03-23,2026-08-06,15,65,64,137,0.109489,1.144176,1.114949,0.675727,,,,,,,,GLOBAL_BASELINE_NO_ENTITY_RANKING,,,NOT_APPLICABLE_GLOBAL_BASELINE,HF9g-P5,,,,X 全窗基线 · 不参与实体赏罚,3922217,393,A168_HF9F_20260827_0900,2026-08-27 09:00:00
2026-08-06,147686290,1205,0,7.7055454242,7.3202681530,7.3202681530,1.0000000,1,1,0.50665070000000000,0.506650700000,0.9867858985152569,0.9867858985152569,0.9867858985152569,0E-17,ELIGIBLE,R03b_20260811_FULL_v1,L1_ELIGIBILITY,v2026-08-11,2026-03-21..2026-08-06,baccarat_bet02_101_all_pairs_incl_sentinel,round_win = game_pnl > 0 (decisive only),COMPATIBILITY_ONLY_NOT_PRODUCTION,2926.8590,2520.6691,-62.2503,165,154,0.02126864,0.09567100,0.00235100,0.02126864,62.2503,2926.8590,OK,0.0000,-2.4900,4.0000,96.0000,AG03-UNRESOLVED,ALL5_LEVELS_bet23_to_bet27,-2.4900,-3.1125,-3.1125,-3.1125,-3.1125,4.000000,5.000000,5.000000,5.000000,5.000000,96.000000,95.000000,95.000000,95.000000,95.000000,5.0,-14.9401,-13.5752,-47.3102,-48.6751,PENDING_AG03,FALSE,NOT_FOR_ENFORCEMENT,-59.7603,2419.8423,-62.2503,-59.7603,-2.4900,-0.02126864,-0.02041790,-2.4900,-59.7603,-0.02041790,-2.4900,-3.1125,-3.1125,-3.1125,-3.1125,-59.7603,-0.02041790,-14.9401,-13.5752,-47.3102,-48.6751,-0.01616417,-0.0166305,-0.00085075,17.7385,16.3680,-0.4042,-4.1500,-0.9577,195.1239,10.2667,19.7776,17.2854,5.2352,10.5327,23.6986,39.4976,52.0066,91.4171,10.4704,0.0,4.937633,8.679371,1.684141,20,52,16,4,0.20271800,-0.02126864,-0.09567100,0E-8,0.000000,0.861220,0.103030,0.09332000,2026-03-23,2026-08-06,15,65,64,137,0.109489,1.144176,1.114949,0.675727,,,,,,,,GLOBAL_BASELINE_NO_ENTITY_RANKING,,,NOT_APPLICABLE_GLOBAL_BASELINE,HF9g-P5,,,,X 全窗基线 · 不参与实体赏罚,3922218,393,A168_HF9F_20260827_0900,2026-08-27 09:00:00
2026-08-06,147686290,1323,0,20.5481211312,9.5035060232,9.5035060232,0.5000000,2,2,0.50665070000000000,0.506650700000,-0.018812684590367487,-0.018812684590367487,-0.018812684590367487,0E-17,ELIGIBLE,R03b_20260811_FULL_v1,L1_ELIGIBILITY,v2026-08-11,2026-03-21..2026-08-06,baccarat_bet02_101_all_pairs_incl_sentinel,round_win = game_pnl > 0 (decisive only),COMPATIBILITY_ONLY_NOT_PRODUCTION,2926.8590,2520.6691,-62.2503,165,154,0.02126864,0.09567100,0.00235100,0.02126864,62.2503,2926.8590,OK,0.0000,-2.4900,4.0000,96.0000,AG03-UNRESOLVED,ALL5_LEVELS_bet23_to_bet27,-2.4900,-3.1125,-3.1125,-3.1125,-3.1125,4.000000,5.000000,5.000000,5.000000,5.000000,96.000000,95.000000,95.000000,95.000000,95.000000,5.0,-14.9401,-13.5752,-47.3102,-48.6751,PENDING_AG03,FALSE,NOT_FOR_ENFORCEMENT,-59.7603,2419.8423,-62.2503,-59.7603,-2.4900,-0.02126864,-0.02041790,-2.4900,-59.7603,-0.02041790,-2.4900,-3.1125,-3.1125,-3.1125,-3.1125,-59.7603,-0.02041790,-14.9401,-13.5752,-47.3102,-48.6751,-0.01616417,-0.0166305,-0.00085075,17.7385,16.3680,-0.4042,-4.1500,-0.9577,195.1239,10.2667,19.7776,17.2854,5.2352,10.5327,23.6986,39.4976,52.0066,91.4171,10.4704,0.0,4.937633,8.679371,1.684141,20,52,16,4,0.20271800,-0.02126864,-0.09567100,0E-8,0.000000,0.861220,0.103030,0.09332000,2026-03-23,2026-08-06,15,65,64,137,0.109489,1.144176,1.114949,0.675727,,,,,,,,GLOBAL_BASELINE_NO_ENTITY_RANKING,,,NOT_APPLICABLE_GLOBAL_BASELINE,HF9g-P5,,,,X 全窗基线 · 不参与实体赏罚,3922219,393,A168_HF9F_20260827_0900,2026-08-27 09:00:00
2026-08-06,147686290,1399,0,5.1370302828,5.1370302828,5.1370302828,1.0000000,1,1,0.49324550000000000,0.493245500000,1.01360149184955,1.01360149184955,1.01360149184955,0E-17,ELIGIBLE,R03b_20260811_FULL_v1,L1_ELIGIBILITY,v2026-08-11,2026-03-21..2026-08-06,baccarat_bet02_101_all_pairs_incl_sentinel,round_win = game_pnl > 0 (decisive only),COMPATIBILITY_ONLY_NOT_PRODUCTION,2926.8590,2520.6691,-62.2503,165,154,0.02126864,0.09567100,0.00235100,0.02126864,62.2503,2926.8590,OK,0.0000,-2.4900,4.0000,96.0000,AG03-UNRESOLVED,ALL5_LEVELS_bet23_to_bet27,-2.4900,-3.1125,-3.1125,-3.1125,-3.1125,4.000000,5.000000,5.000000,5.000000,5.000000,96.000000,95.000000,95.000000,95.000000,95.000000,5.0,-14.9401,-13.5752,-47.3102,-48.6751,PENDING_AG03,FALSE,NOT_FOR_ENFORCEMENT,-59.7603,2419.8423,-62.2503,-59.7603,-2.4900,-0.02126864,-0.02041790,-2.4900,-59.7603,-0.02041790,-2.4900,-3.1125,-3.1125,-3.1125,-3.1125,-59.7603,-0.02041790,-14.9401,-13.5752,-47.3102,-48.6751,-0.01616417,-0.0166305,-0.00085075,17.7385,16.3680,-0.4042,-4.1500,-0.9577,195.1239,10.2667,19.7776,17.2854,5.2352,10.5327,23.6986,39.4976,52.0066,91.4171,10.4704,0.0,4.937633,8.679371,1.684141,20,52,16,4,0.20271800,-0.02126864,-0.09567100,0E-8,0.000000,0.861220,0.103030,0.09332000,2026-03-23,2026-08-06,15,65,64,137,0.109489,1.144176,1.114949,0.675727,,,,,,,,GLOBAL_BASELINE_NO_ENTITY_RANKING,,,NOT_APPLICABLE_GLOBAL_BASELINE,HF9g-P5,,,,X 全窗基线 · 不参与实体赏罚,3922220,393,A168_HF9F_20260827_0900,2026-08-27 09:00:00
2026-08-06,147686290,1402,0,161.8164539080,25.0430226286,25.0430226286,0.2500000,6,4,0.49817755215383321,0.398659600000,-0.9927168028899381,-0.6072417891301573,-0.9927168028899381,0.09951795215383321,ELIGIBLE,R03b_20260811_FULL_v1,L1_ELIGIBILITY,v2026-08-11,2026-03-21..2026-08-06,baccarat_bet02_101_all_pairs_incl_sentinel,round_win = game_pnl > 0 (decisive only),COMPATIBILITY_ONLY_NOT_PRODUCTION,2926.8590,2520.6691,-62.2503,165,154,0.02126864,0.09567100,0.00235100,0.02126864,62.2503,2926.8590,OK,0.0000,-2.4900,4.0000,96.0000,AG03-UNRESOLVED,ALL5_LEVELS_bet23_to_bet27,-2.4900,-3.1125,-3.1125,-3.1125,-3.1125,4.000000,5.000000,5.000000,5.000000,5.000000,96.000000,95.000000,95.000000,95.000000,95.000000,5.0,-14.9401,-13.5752,-47.3102,-48.6751,PENDING_AG03,FALSE,NOT_FOR_ENFORCEMENT,-59.7603,2419.8423,-62.2503,-59.7603,-2.4900,-0.02126864,-0.02041790,-2.4900,-59.7603,-0.02041790,-2.4900,-3.1125,-3.1125,-3.1125,-3.1125,-59.7603,-0.02041790,-14.9401,-13.5752,-47.3102,-48.6751,-0.01616417,-0.0166305,-0.00085075,17.7385,16.3680,-0.4042,-4.1500,-0.9577,195.1239,10.2667,19.7776,17.2854,5.2352,10.5327,23.6986,39.4976,52.0066,91.4171,10.4704,0.0,4.937633,8.679371,1.684141,20,52,16,4,0.20271800,-0.02126864,-0.09567100,0E-8,0.000000,0.861220,0.103030,0.09332000,2026-03-23,2026-08-06,15,65,64,137,0.109489,1.144176,1.114949,0.675727,,,,,,,,GLOBAL_BASELINE_NO_ENTITY_RANKING,,,NOT_APPLICABLE_GLOBAL_BASELINE,HF9g-P5,,,,X 全窗基线 · 不参与实体赏罚,3922221,393,A168_HF9F_20260827_0900,2026-08-27 09:00:00
2026-08-06,147686290,1507,0,123.2887267870,30.8221816967,30.8221816967,0.3333333,4,4,0.49324550000000000,0.493245500000,-0.5540025479526107,-0.5540025479526106,-0.5540025479526107,0E-17,ELIGIBLE,R03b_20260811_FULL_v1,L1_ELIGIBILITY,v2026-08-11,2026-03-21..2026-08-06,baccarat_bet02_101_all_pairs_incl_sentinel,round_win = game_pnl > 0 (decisive only),COMPATIBILITY_ONLY_NOT_PRODUCTION,2926.8590,2520.6691,-62.2503,165,154,0.02126864,0.09567100,0.00235100,0.02126864,62.2503,2926.8590,OK,0.0000,-2.4900,4.0000,96.0000,AG03-UNRESOLVED,ALL5_LEVELS_bet23_to_bet27,-2.4900,-3.1125,-3.1125,-3.1125,-3.1125,4.000000,5.000000,5.000000,5.000000,5.000000,96.000000,95.000000,95.000000,95.000000,95.000000,5.0,-14.9401,-13.5752,-47.3102,-48.6751,PENDING_AG03,FALSE,NOT_FOR_ENFORCEMENT,-59.7603,2419.8423,-62.2503,-59.7603,-2.4900,-0.02126864,-0.02041790,-2.4900,-59.7603,-0.02041790,-2.4900,-3.1125,-3.1125,-3.1125,-3.1125,-59.7603,-0.02041790,-14.9401,-13.5752,-47.3102,-48.6751,-0.01616417,-0.0166305,-0.00085075,17.7385,16.3680,-0.4042,-4.1500,-0.9577,195.1239,10.2667,19.7776,17.2854,5.2352,10.5327,23.6986,39.4976,52.0066,91.4171,10.4704,0.0,4.937633,8.679371,1.684141,20,52,16,4,0.20271800,-0.02126864,-0.09567100,0E-8,0.000000,0.861220,0.103030,0.09332000,2026-03-23,2026-08-06,15,65,64,137,0.109489,1.144176,1.114949,0.675727,,,,,,,,GLOBAL_BASELINE_NO_ENTITY_RANKING,,,NOT_APPLICABLE_GLOBAL_BASELINE,HF9g-P5,,,,X 全窗基线 · 不参与实体赏罚,3922222,393,A168_HF9F_20260827_0900,2026-08-27 09:00:00
2026-08-06,147686290,1710,0,5.1370302828,5.1370302828,5.1370302828,1.0000000,1,1,0.49324550000000000,0.493245500000,1.01360149184955,1.01360149184955,1.01360149184955,0E-17,ELIGIBLE,R03b_20260811_FULL_v1,L1_ELIGIBILITY,v2026-08-11,2026-03-21..2026-08-06,baccarat_bet02_101_all_pairs_incl_sentinel,round_win = game_pnl > 0 (decisive only),COMPATIBILITY_ONLY_NOT_PRODUCTION,2926.8590,2520.6691,-62.2503,165,154,0.02126864,0.09567100,0.00235100,0.02126864,62.2503,2926.8590,OK,0.0000,-2.4900,4.0000,96.0000,AG03-UNRESOLVED,ALL5_LEVELS_bet23_to_bet27,-2.4900,-3.1125,-3.1125,-3.1125,-3.1125,4.000000,5.000000,5.000000,5.000000,5.000000,96.000000,95.000000,95.000000,95.000000,95.000000,5.0,-14.9401,-13.5752,-47.3102,-48.6751,PENDING_AG03,FALSE,NOT_FOR_ENFORCEMENT,-59.7603,2419.8423,-62.2503,-59.7603,-2.4900,-0.02126864,-0.02041790,-2.4900,-59.7603,-0.02041790,-2.4900,-3.1125,-3.1125,-3.1125,-3.1125,-59.7603,-0.02041790,-14.9401,-13.5752,-47.3102,-48.6751,-0.01616417,-0.0166305,-0.00085075,17.7385,16.3680,-0.4042,-4.1500,-0.9577,195.1239,10.2667,19.7776,17.2854,5.2352,10.5327,23.6986,39.4976,52.0066,91.4171,10.4704,0.0,4.937633,8.679371,1.684141,20,52,16,4,0.20271800,-0.02126864,-0.09567100,0E-8,0.000000,0.861220,0.103030,0.09332000,2026-03-23,2026-08-06,15,65,64,137,0.109489,1.144176,1.114949,0.675727,,,,,,,,GLOBAL_BASELINE_NO_ENTITY_RANKING,,,NOT_APPLICABLE_GLOBAL_BASELINE,HF9g-P5,,,,X 全窗基线 · 不参与实体赏罚,3922223,393,A168_HF9F_20260827_0900,2026-08-27 09:00:00
2026-08-06,147686290,1963,0,5.1370302828,4.8801787687,4.8801787687,1.0000000,1,1,0.50665070000000000,0.506650700000,0.9867858985152569,0.9867858985152569,0.9867858985152569,0E-17,ELIGIBLE,R03b_20260811_FULL_v1,L1_ELIGIBILITY,v2026-08-11,2026-03-21..2026-08-06,baccarat_bet02_101_all_pairs_incl_sentinel,round_win = game_pnl > 0 (decisive only),COMPATIBILITY_ONLY_NOT_PRODUCTION,2926.8590,2520.6691,-62.2503,165,154,0.02126864,0.09567100,0.00235100,0.02126864,62.2503,2926.8590,OK,0.0000,-2.4900,4.0000,96.0000,AG03-UNRESOLVED,ALL5_LEVELS_bet23_to_bet27,-2.4900,-3.1125,-3.1125,-3.1125,-3.1125,4.000000,5.000000,5.000000,5.000000,5.000000,96.000000,95.000000,95.000000,95.000000,95.000000,5.0,-14.9401,-13.5752,-47.3102,-48.6751,PENDING_AG03,FALSE,NOT_FOR_ENFORCEMENT,-59.7603,2419.8423,-62.2503,-59.7603,-2.4900,-0.02126864,-0.02041790,-2.4900,-59.7603,-0.02041790,-2.4900,-3.1125,-3.1125,-3.1125,-3.1125,-59.7603,-0.02041790,-14.9401,-13.5752,-47.3102,-48.6751,-0.01616417,-0.0166305,-0.00085075,17.7385,16.3680,-0.4042,-4.1500,-0.9577,195.1239,10.2667,19.7776,17.2854,5.2352,10.5327,23.6986,39.4976,52.0066,91.4171,10.4704,0.0,4.937633,8.679371,1.684141,20,52,16,4,0.20271800,-0.02126864,-0.09567100,0E-8,0.000000,0.861220,0.103030,0.09332000,2026-03-23,2026-08-06,15,65,64,137,0.109489,1.144176,1.114949,0.675727,,,,,,,,GLOBAL_BASELINE_NO_ENTITY_RANKING,,,NOT_APPLICABLE_GLOBAL_BASELINE,HF9g-P5,,,,X 全窗基线 · 不参与实体赏罚,3922224,393,A168_HF9F_20260827_0900,2026-08-27 09:00:00
2026-08-06,147686290,2101,0,5.1370302828,4.8801787687,4.8801787687,1.0000000,1,1,0.50665070000000000,0.506650700000,0.9867858985152569,0.9867858985152569,0.9867858985152569,0E-17,ELIGIBLE,R03b_20260811_FULL_v1,L1_ELIGIBILITY,v2026-08-11,2026-03-21..2026-08-06,baccarat_bet02_101_all_pairs_incl_sentinel,round_win = game_pnl > 0 (decisive only),COMPATIBILITY_ONLY_NOT_PRODUCTION,2926.8590,2520.6691,-62.2503,165,154,0.02126864,0.09567100,0.00235100,0.02126864,62.2503,2926.8590,OK,0.0000,-2.4900,4.0000,96.0000,AG03-UNRESOLVED,ALL5_LEVELS_bet23_to_bet27,-2.4900,-3.1125,-3.1125,-3.1125,-3.1125,4.000000,5.000000,5.000000,5.000000,5.000000,96.000000,95.000000,95.000000,95.000000,95.000000,5.0,-14.9401,-13.5752,-47.3102,-48.6751,PENDING_AG03,FALSE,NOT_FOR_ENFORCEMENT,-59.7603,2419.8423,-62.2503,-59.7603,-2.4900,-0.02126864,-0.02041790,-2.4900,-59.7603,-0.02041790,-2.4900,-3.1125,-3.1125,-3.1125,-3.1125,-59.7603,-0.02041790,-14.9401,-13.5752,-47.3102,-48.6751,-0.01616417,-0.0166305,-0.00085075,17.7385,16.3680,-0.4042,-4.1500,-0.9577,195.1239,10.2667,19.7776,17.2854,5.2352,10.5327,23.6986,39.4976,52.0066,91.4171,10.4704,0.0,4.937633,8.679371,1.684141,20,52,16,4,0.20271800,-0.02126864,-0.09567100,0E-8,0.000000,0.861220,0.103030,0.09332000,2026-03-23,2026-08-06,15,65,64,137,0.109489,1.144176,1.114949,0.675727,,,,,,,,GLOBAL_BASELINE_NO_ENTITY_RANKING,,,NOT_APPLICABLE_GLOBAL_BASELINE,HF9g-P5,,,,X 全窗基线 · 不参与实体赏罚,3922225,393,A168_HF9F_20260827_0900,2026-08-27 09:00:00
2026-08-06,147686290,2196,0,7.7055454242,7.7055454242,7.7055454242,1.0000000,1,1,0.49324550000000000,0.493245500000,1.01360149184955,1.01360149184955,1.01360149184955,0E-17,ELIGIBLE,R03b_20260811_FULL_v1,L1_ELIGIBILITY,v2026-08-11,2026-03-21..2026-08-06,baccarat_bet02_101_all_pairs_incl_sentinel,round_win = game_pnl > 0 (decisive only),COMPATIBILITY_ONLY_NOT_PRODUCTION,2926.8590,2520.6691,-62.2503,165,154,0.02126864,0.09567100,0.00235100,0.02126864,62.2503,2926.8590,OK,0.0000,-2.4900,4.0000,96.0000,AG03-UNRESOLVED,ALL5_LEVELS_bet23_to_bet27,-2.4900,-3.1125,-3.1125,-3.1125,-3.1125,4.000000,5.000000,5.000000,5.000000,5.000000,96.000000,95.000000,95.000000,95.000000,95.000000,5.0,-14.9401,-13.5752,-47.3102,-48.6751,PENDING_AG03,FALSE,NOT_FOR_ENFORCEMENT,-59.7603,2419.8423,-62.2503,-59.7603,-2.4900,-0.02126864,-0.02041790,-2.4900,-59.7603,-0.02041790,-2.4900,-3.1125,-3.1125,-3.1125,-3.1125,-59.7603,-0.02041790,-14.9401,-13.5752,-47.3102,-48.6751,-0.01616417,-0.0166305,-0.00085075,17.7385,16.3680,-0.4042,-4.1500,-0.9577,195.1239,10.2667,19.7776,17.2854,5.2352,10.5327,23.6986,39.4976,52.0066,91.4171,10.4704,0.0,4.937633,8.679371,1.684141,20,52,16,4,0.20271800,-0.02126864,-0.09567100,0E-8,0.000000,0.861220,0.103030,0.09332000,2026-03-23,2026-08-06,15,65,64,137,0.109489,1.144176,1.114949,0.675727,,,,,,,,GLOBAL_BASELINE_NO_ENTITY_RANKING,,,NOT_APPLICABLE_GLOBAL_BASELINE,HF9g-P5,,,,X 全窗基线 · 不参与实体赏罚,3922226,393,A168_HF9F_20260827_0900,2026-08-27 09:00:00
2026-08-06,147686290,2212,0,5.1370302828,5.1370302828,5.1370302828,1.0000000,1,1,0.49324550000000000,0.493245500000,1.01360149184955,1.01360149184955,1.01360149184955,0E-17,ELIGIBLE,R03b_20260811_FULL_v1,L1_ELIGIBILITY,v2026-08-11,2026-03-21..2026-08-06,baccarat_bet02_101_all_pairs_incl_sentinel,round_win = game_pnl > 0 (decisive only),COMPATIBILITY_ONLY_NOT_PRODUCTION,2926.8590,2520.6691,-62.2503,165,154,0.02126864,0.09567100,0.00235100,0.02126864,62.2503,2926.8590,OK,0.0000,-2.4900,4.0000,96.0000,AG03-UNRESOLVED,ALL5_LEVELS_bet23_to_bet27,-2.4900,-3.1125,-3.1125,-3.1125,-3.1125,4.000000,5.000000,5.000000,5.000000,5.000000,96.000000,95.000000,95.000000,95.000000,95.000000,5.0,-14.9401,-13.5752,-47.3102,-48.6751,PENDING_AG03,FALSE,NOT_FOR_ENFORCEMENT,-59.7603,2419.8423,-62.2503,-59.7603,-2.4900,-0.02126864,-0.02041790,-2.4900,-59.7603,-0.02041790,-2.4900,-3.1125,-3.1125,-3.1125,-3.1125,-59.7603,-0.02041790,-14.9401,-13.5752,-47.3102,-48.6751,-0.01616417,-0.0166305,-0.00085075,17.7385,16.3680,-0.4042,-4.1500,-0.9577,195.1239,10.2667,19.7776,17.2854,5.2352,10.5327,23.6986,39.4976,52.0066,91.4171,10.4704,0.0,4.937633,8.679371,1.684141,20,52,16,4,0.20271800,-0.02126864,-0.09567100,0E-8,0.000000,0.861220,0.103030,0.09332000,2026-03-23,2026-08-06,15,65,64,137,0.109489,1.144176,1.114949,0.675727,,,,,,,,GLOBAL_BASELINE_NO_ENTITY_RANKING,,,NOT_APPLICABLE_GLOBAL_BASELINE,HF9g-P5,,,,X 全窗基线 · 不参与实体赏罚,3922227,393,A168_HF9F_20260827_0900,2026-08-27 09:00:00
2026-08-06,147686290,2233,0,25.6851514140,10.2740605656,10.2740605656,0.5000000,3,3,0.50218230000000000,0.502182300000,-0.00617253530718887,-0.00617253530718887,-0.00617253530718887,0E-17,ELIGIBLE,R03b_20260811_FULL_v1,L1_ELIGIBILITY,v2026-08-11,2026-03-21..2026-08-06,baccarat_bet02_101_all_pairs_incl_sentinel,round_win = game_pnl > 0 (decisive only),COMPATIBILITY_ONLY_NOT_PRODUCTION,2926.8590,2520.6691,-62.2503,165,154,0.02126864,0.09567100,0.00235100,0.02126864,62.2503,2926.8590,OK,0.0000,-2.4900,4.0000,96.0000,AG03-UNRESOLVED,ALL5_LEVELS_bet23_to_bet27,-2.4900,-3.1125,-3.1125,-3.1125,-3.1125,4.000000,5.000000,5.000000,5.000000,5.000000,96.000000,95.000000,95.000000,95.000000,95.000000,5.0,-14.9401,-13.5752,-47.3102,-48.6751,PENDING_AG03,FALSE,NOT_FOR_ENFORCEMENT,-59.7603,2419.8423,-62.2503,-59.7603,-2.4900,-0.02126864,-0.02041790,-2.4900,-59.7603,-0.02041790,-2.4900,-3.1125,-3.1125,-3.1125,-3.1125,-59.7603,-0.02041790,-14.9401,-13.5752,-47.3102,-48.6751,-0.01616417,-0.0166305,-0.00085075,17.7385,16.3680,-0.4042,-4.1500,-0.9577,195.1239,10.2667,19.7776,17.2854,5.2352,10.5327,23.6986,39.4976,52.0066,91.4171,10.4704,0.0,4.937633,8.679371,1.684141,20,52,16,4,0.20271800,-0.02126864,-0.09567100,0E-8,0.000000,0.861220,0.103030,0.09332000,2026-03-23,2026-08-06,15,65,64,137,0.109489,1.144176,1.114949,0.675727,,,,,,,,GLOBAL_BASELINE_NO_ENTITY_RANKING,,,NOT_APPLICABLE_GLOBAL_BASELINE,HF9g-P5,,,,X 全窗基线 · 不参与实体赏罚,3922228,393,A168_HF9F_20260827_0900,2026-08-27 09:00:00
2026-08-06,147686290,2266,0,136.1313024940,-84.7609996661,-84.7609996661,0E-7,4,4,0.49994810000000000,0.499948100000,-1.7318710300250217,-1.7318710300250217,-1.7318710300250217,0E-17,ELIGIBLE,R03b_20260811_FULL_v1,L1_ELIGIBILITY,v2026-08-11,2026-03-21..2026-08-06,baccarat_bet02_101_all_pairs_incl_sentinel,round_win = game_pnl > 0 (decisive only),COMPATIBILITY_ONLY_NOT_PRODUCTION,2926.8590,2520.6691,-62.2503,165,154,0.02126864,0.09567100,0.00235100,0.02126864,62.2503,2926.8590,OK,0.0000,-2.4900,4.0000,96.0000,AG03-UNRESOLVED,ALL5_LEVELS_bet23_to_bet27,-2.4900,-3.1125,-3.1125,-3.1125,-3.1125,4.000000,5.000000,5.000000,5.000000,5.000000,96.000000,95.000000,95.000000,95.000000,95.000000,5.0,-14.9401,-13.5752,-47.3102,-48.6751,PENDING_AG03,FALSE,NOT_FOR_ENFORCEMENT,-59.7603,2419.8423,-62.2503,-59.7603,-2.4900,-0.02126864,-0.02041790,-2.4900,-59.7603,-0.02041790,-2.4900,-3.1125,-3.1125,-3.1125,-3.1125,-59.7603,-0.02041790,-14.9401,-13.5752,-47.3102,-48.6751,-0.01616417,-0.0166305,-0.00085075,17.7385,16.3680,-0.4042,-4.1500,-0.9577,195.1239,10.2667,19.7776,17.2854,5.2352,10.5327,23.6986,39.4976,52.0066,91.4171,10.4704,0.0,4.937633,8.679371,1.684141,20,52,16,4,0.20271800,-0.02126864,-0.09567100,0E-8,0.000000,0.861220,0.103030,0.09332000,2026-03-23,2026-08-06,15,65,64,137,0.109489,1.144176,1.114949,0.675727,,,,,,,,GLOBAL_BASELINE_NO_ENTITY_RANKING,,,NOT_APPLICABLE_GLOBAL_BASELINE,HF9g-P5,,,,X 全窗基线 · 不参与实体赏罚,3922229,393,A168_HF9F_20260827_0900,2026-08-27 09:00:00
2026-08-06,147686290,789,0,79.6239693833,20.5481211311,20.5481211311,0.3333333,3,3,0.50218230000000000,0.502182300000,-0.5849155494134425,-0.5849155494134426,-0.5849155494134425,0E-17,ELIGIBLE,R03b_20260811_FULL_v1,L1_ELIGIBILITY,v2026-08-11,2026-03-21..2026-08-06,baccarat_bet02_101_all_pairs_incl_sentinel,round_win = game_pnl > 0 (decisive only),COMPATIBILITY_ONLY_NOT_PRODUCTION,2926.8590,2520.6691,-62.2503,165,154,0.02126864,0.09567100,0.00235100,0.02126864,62.2503,2926.8590,OK,0.0000,-2.4900,4.0000,96.0000,AG03-UNRESOLVED,ALL5_LEVELS_bet23_to_bet27,-2.4900,-3.1125,-3.1125,-3.1125,-3.1125,4.000000,5.000000,5.000000,5.000000,5.000000,96.000000,95.000000,95.000000,95.000000,95.000000,5.0,-14.9401,-13.5752,-47.3102,-48.6751,PENDING_AG03,FALSE,NOT_FOR_ENFORCEMENT,-59.7603,2419.8423,-62.2503,-59.7603,-2.4900,-0.02126864,-0.02041790,-2.4900,-59.7603,-0.02041790,-2.4900,-3.1125,-3.1125,-3.1125,-3.1125,-59.7603,-0.02041790,-14.9401,-13.5752,-47.3102,-48.6751,-0.01616417,-0.0166305,-0.00085075,17.7385,16.3680,-0.4042,-4.1500,-0.9577,195.1239,10.2667,19.7776,17.2854,5.2352,10.5327,23.6986,39.4976,52.0066,91.4171,10.4704,0.0,4.937633,8.679371,1.684141,20,52,16,4,0.20271800,-0.02126864,-0.09567100,0E-8,0.000000,0.861220,0.103030,0.09332000,2026-03-23,2026-08-06,15,65,64,137,0.109489,1.144176,1.114949,0.675727,,,,,,,,GLOBAL_BASELINE_NO_ENTITY_RANKING,,,NOT_APPLICABLE_GLOBAL_BASELINE,HF9g-P5,,,,X 全窗基线 · 不参与实体赏罚,3922230,393,A168_HF9F_20260827_0900,2026-08-27 09:00:00
2026-04-17,125672090,986,0,64.3928487291,62.2464204382,62.2464204382,1.0000000,2,2,0.49994810000000000,0.499948100000,1.4143603653603398,1.4143603653603398,1.4143603653603398,0E-17,ELIGIBLE,R03b_20260811_FULL_v1,L1_ELIGIBILITY,v2026-08-11,2026-03-21..2026-08-06,baccarat_bet02_101_all_pairs_incl_sentinel,round_win = game_pnl > 0 (decisive only),COMPATIBILITY_ONLY_NOT_PRODUCTION,64.3928,64.3928,-62.2464,2,2,0.96666667,,0.96666667,0.96666667,62.2464,64.3928,THIN_EXPOSURE,0.0000,-2.4899,4.0000,96.0000,AG03-UNRESOLVED,ALL5_LEVELS_bet23_to_bet27,-2.4899,-2.4899,-2.4899,-2.4899,-2.4899,4.000000,4.000000,4.000000,4.000000,4.000000,96.000000,96.000000,96.000000,96.000000,96.000000,5.0,-12.4493,-11.4924,-49.7971,-50.754,PENDING_AG03,FALSE,NOT_FOR_ENFORCEMENT,-59.7566,61.8171,-62.2464,-59.7566,-2.4899,-0.96666667,-0.92800000,-2.4899,-59.7566,-0.92800000,-2.4899,-2.4899,-2.4899,-2.4899,-2.4899,-59.7566,-0.92800000,-12.4493,-11.4924,-49.7971,-50.754,-0.77333333,-0.78819361,-0.03866667,32.1964,32.1964,-31.1232,-62.2464,-62.2464,64.3928,2.0000,,32.1964,21.4643,32.1964,42.9286,42.9286,42.9286,42.9286,32.1964,31.1232,1.333333,1.333333,1.0,1,1,1,2,0E-8,-0.96666667,,0E-8,0.000000,1.000000,0.000000,,2026-04-17,2026-04-17,1,1,1,1,1.000000,,,0.000000,,,,,,,,GLOBAL_BASELINE_NO_ENTITY_RANKING,,,NOT_APPLICABLE_GLOBAL_BASELINE,HF9g-P5,,,,X 全窗基线 · 不参与实体赏罚,3922231,393,A168_HF9F_20260827_0900,2026-08-27 09:00:00
2026-04-23,149072423,2234,0,107.3214145485,62.2464204382,62.2464204382,1.0000000,3,3,0.50218230000000000,0.502182300000,1.4080544974538591,1.4080544974538591,1.4080544974538591,0E-17,ELIGIBLE,R03b_20260811_FULL_v1,L1_ELIGIBILITY,v2026-08-11,2026-03-21..2026-08-06,baccarat_bet02_101_all_pairs_incl_sentinel,round_win = game_pnl > 0 (decisive only),COMPATIBILITY_ONLY_NOT_PRODUCTION,107.3214,64.3928,-62.2464,3,3,0.58000000,,0.58000000,0.58000000,62.2464,107.3214,THIN_EXPOSURE,0.0000,-2.4899,4.0000,96.0000,AG03-UNRESOLVED,ALL5_LEVELS_bet23_to_bet27,-2.4899,-2.4899,-2.4899,-3.1123,-3.1123,4.000000,4.000000,4.000000,5.000000,5.000000,96.000000,96.000000,96.000000,95.000000,95.000000,5.0,-13.6942,-12.5443,-48.5522,-49.7022,PENDING_AG03,FALSE,NOT_FOR_ENFORCEMENT,-59.7566,61.8171,-62.2464,-59.7566,-2.4899,-0.58000000,-0.55680000,-2.4899,-59.7566,-0.55680000,-2.4899,-2.4899,-2.4899,-3.1123,-3.1123,-59.7566,-0.55680000,-13.6942,-12.5443,-48.5522,-49.7022,-0.45240000,-0.46311506,-0.02320000,35.7738,21.4643,-20.7488,-62.2464,-62.2464,107.3214,3.0000,,35.7738,26.8304,42.9286,42.9286,42.9286,42.9286,42.9286,21.4643,21.4643,1.0,1.0,0.833333,1,1,1,2,0E-8,-0.58000000,,0E-8,0.000000,0.600000,0.000000,,2026-04-23,2026-04-23,1,1,1,1,1.000000,,,0.000000,,,,,,,,GLOBAL_BASELINE_NO_ENTITY_RANKING,,,NOT_APPLICABLE_GLOBAL_BASELINE,HF9g-P5,,,,X 全窗基线 · 不参与实体赏罚,3922232,393,A168_HF9F_20260827_0900,2026-08-27 09:00:00
2026-04-08,137873736,1400,0,42.1647376300,0E-10,0E-10,0.5000000,2,2,0.49994810000000000,0.499948100000,0.00014679536856514622,0.00014679536856514622,0.00014679536856514622,0E-17,ELIGIBLE,R03b_20260811_FULL_v1,L1_ELIGIBILITY,v2026-08-11,2026-03-21..2026-08-06,baccarat_bet02_101_all_pairs_incl_sentinel,round_win = game_pnl > 0 (decisive only),COMPATIBILITY_ONLY_NOT_PRODUCTION,574.4946,547.0875,-62.2457,35,35,0.10834862,,0.10834862,0.10834862,62.2457,574.4946,OK,0.0000,-2.4898,4.0000,96.0000,AG03-UNRESOLVED,ALL5_LEVELS_bet23_to_bet27,-2.4898,-2.4898,-2.4898,-2.4898,-2.4898,4.000000,4.000000,4.000000,4.000000,4.000000,96.000000,96.000000,96.000000,96.000000,96.000000,5.0,-12.4491,-11.4923,-49.7966,-50.7534,PENDING_AG03,FALSE,NOT_FOR_ENFORCEMENT,-59.7559,525.2040,-62.2457,-59.7559,-2.4898,-0.10834862,-0.10401468,-2.4898,-59.7559,-0.10401468,-2.4898,-2.4898,-2.4898,-2.4898,-2.4898,-59.7559,-0.10401468,-12.4491,-11.4923,-49.7966,-50.7534,-0.08667890,-0.08834451,-0.00433394,16.4141,15.6311,-1.7784,-20.7486,-6.9162,191.4982,11.6667,,16.4141,12.6494,16.8659,21.0824,21.0824,21.0824,21.0824,16.8659,11.0155,1.25,1.25,0.973214,4,10,4,2,0E-8,-0.10834862,,0E-8,0.000000,0.952294,0.000000,,2026-04-08,2026-04-21,3,9,7,14,0.214286,,,0.000000,,,,,,,,GLOBAL_BASELINE_NO_ENTITY_RANKING,,,NOT_APPLICABLE_GLOBAL_BASELINE,HF9g-P5,,,,X 全窗基线 · 不参与实体赏罚,3922233,393,A168_HF9F_20260827_0900,2026-08-27 09:00:00
2026-04-08,137873736,1490,0,56.9223958005,-25.7204899543,-25.7204899543,0.3333333,4,4,0.49659680000000000,0.496596800000,-0.5655743394288276,-0.5655743394288276,-0.5655743394288276,0E-17,ELIGIBLE,R03b_20260811_FULL_v1,L1_ELIGIBILITY,v2026-08-11,2026-03-21..2026-08-06,baccarat_bet02_101_all_pairs_incl_sentinel,round_win = game_pnl > 0 (decisive only),COMPATIBILITY_ONLY_NOT_PRODUCTION,574.4946,547.0875,-62.2457,35,35,0.10834862,,0.10834862,0.10834862,62.2457,574.4946,OK,0.0000,-2.4898,4.0000,96.0000,AG03-UNRESOLVED,ALL5_LEVELS_bet23_to_bet27,-2.4898,-2.4898,-2.4898,-2.4898,-2.4898,4.000000,4.000000,4.000000,4.000000,4.000000,96.000000,96.000000,96.000000,96.000000,96.000000,5.0,-12.4491,-11.4923,-49.7966,-50.7534,PENDING_AG03,FALSE,NOT_FOR_ENFORCEMENT,-59.7559,525.2040,-62.2457,-59.7559,-2.4898,-0.10834862,-0.10401468,-2.4898,-59.7559,-0.10401468,-2.4898,-2.4898,-2.4898,-2.4898,-2.4898,-59.7559,-0.10401468,-12.4491,-11.4923,-49.7966,-50.7534,-0.08667890,-0.08834451,-0.00433394,16.4141,15.6311,-1.7784,-20.7486,-6.9162,191.4982,11.6667,,16.4141,12.6494,16.8659,21.0824,21.0824,21.0824,21.0824,16.8659,11.0155,1.25,1.25,0.973214,4,10,4,2,0E-8,-0.10834862,,0E-8,0.000000,0.952294,0.000000,,2026-04-08,2026-04-21,3,9,7,14,0.214286,,,0.000000,,,,,,,,GLOBAL_BASELINE_NO_ENTITY_RANKING,,,NOT_APPLICABLE_GLOBAL_BASELINE,HF9g-P5,,,,X 全窗基线 · 不参与实体赏罚,3922234,393,A168_HF9F_20260827_0900,2026-08-27 09:00:00
2026-04-08,137873736,1646,0,137.0353972975,13.0710686652,13.0710686652,0.5714286,7,7,0.49707555714285714,0.497075557143,0.39344589990031587,0.3934458998995593,0.39344589990031587,-1.4286E-13,ELIGIBLE,R03b_20260811_FULL_v1,L1_ELIGIBILITY,v2026-08-11,2026-03-21..2026-08-06,baccarat_bet02_101_all_pairs_incl_sentinel,round_win = game_pnl > 0 (decisive only),COMPATIBILITY_ONLY_NOT_PRODUCTION,574.4946,547.0875,-62.2457,35,35,0.10834862,,0.10834862,0.10834862,62.2457,574.4946,OK,0.0000,-2.4898,4.0000,96.0000,AG03-UNRESOLVED,ALL5_LEVELS_bet23_to_bet27,-2.4898,-2.4898,-2.4898,-2.4898,-2.4898,4.000000,4.000000,4.000000,4.000000,4.000000,96.000000,96.000000,96.000000,96.000000,96.000000,5.0,-12.4491,-11.4923,-49.7966,-50.7534,PENDING_AG03,FALSE,NOT_FOR_ENFORCEMENT,-59.7559,525.2040,-62.2457,-59.7559,-2.4898,-0.10834862,-0.10401468,-2.4898,-59.7559,-0.10401468,-2.4898,-2.4898,-2.4898,-2.4898,-2.4898,-59.7559,-0.10401468,-12.4491,-11.4923,-49.7966,-50.7534,-0.08667890,-0.08834451,-0.00433394,16.4141,15.6311,-1.7784,-20.7486,-6.9162,191.4982,11.6667,,16.4141,12.6494,16.8659,21.0824,21.0824,21.0824,21.0824,16.8659,11.0155,1.25,1.25,0.973214,4,10,4,2,0E-8,-0.10834862,,0E-8,0.000000,0.952294,0.000000,,2026-04-08,2026-04-21,3,9,7,14,0.214286,,,0.000000,,,,,,,,GLOBAL_BASELINE_NO_ENTITY_RANKING,,,NOT_APPLICABLE_GLOBAL_BASELINE,HF9g-P5,,,,X 全窗基线 · 不参与实体赏罚,3922235,393,A168_HF9F_20260827_0900,2026-08-27 09:00:00
2026-04-08,137873736,1985,0,78.0047646155,33.9426137921,33.9426137921,0.6000000,5,5,0.50128862000000000,0.501288620000,0.4414521777673877,0.4414521777673877,0.4414521777673877,0E-17,ELIGIBLE,R03b_20260811_FULL_v1,L1_ELIGIBILITY,v2026-08-11,2026-03-21..2026-08-06,baccarat_bet02_101_all_pairs_incl_sentinel,round_win = game_pnl > 0 (decisive only),COMPATIBILITY_ONLY_NOT_PRODUCTION,574.4946,547.0875,-62.2457,35,35,0.10834862,,0.10834862,0.10834862,62.2457,574.4946,OK,0.0000,-2.4898,4.0000,96.0000,AG03-UNRESOLVED,ALL5_LEVELS_bet23_to_bet27,-2.4898,-2.4898,-2.4898,-2.4898,-2.4898,4.000000,4.000000,4.000000,4.000000,4.000000,96.000000,96.000000,96.000000,96.000000,96.000000,5.0,-12.4491,-11.4923,-49.7966,-50.7534,PENDING_AG03,FALSE,NOT_FOR_ENFORCEMENT,-59.7559,525.2040,-62.2457,-59.7559,-2.4898,-0.10834862,-0.10401468,-2.4898,-59.7559,-0.10401468,-2.4898,-2.4898,-2.4898,-2.4898,-2.4898,-59.7559,-0.10401468,-12.4491,-11.4923,-49.7966,-50.7534,-0.08667890,-0.08834451,-0.00433394,16.4141,15.6311,-1.7784,-20.7486,-6.9162,191.4982,11.6667,,16.4141,12.6494,16.8659,21.0824,21.0824,21.0824,21.0824,16.8659,11.0155,1.25,1.25,0.973214,4,10,4,2,0E-8,-0.10834862,,0E-8,0.000000,0.952294,0.000000,,2026-04-08,2026-04-21,3,9,7,14,0.214286,,,0.000000,,,,,,,,GLOBAL_BASELINE_NO_ENTITY_RANKING,,,NOT_APPLICABLE_GLOBAL_BASELINE,HF9g-P5,,,,X 全窗基线 · 不参与实体赏罚,3922236,393,A168_HF9F_20260827_0900,2026-08-27 09:00:00
2026-04-08,137873736,2145,0,33.7317901040,-9.0654185905,-9.0654185905,0.5000000,2,2,0.49994810000000000,0.499948100000,0.00014679536856514622,0.00014679536856514622,0.00014679536856514622,0E-17,ELIGIBLE,R03b_20260811_FULL_v1,L1_ELIGIBILITY,v2026-08-11,2026-03-21..2026-08-06,baccarat_bet02_101_all_pairs_incl_sentinel,round_win = game_pnl > 0 (decisive only),COMPATIBILITY_ONLY_NOT_PRODUCTION,574.4946,547.0875,-62.2457,35,35,0.10834862,,0.10834862,0.10834862,62.2457,574.4946,OK,0.0000,-2.4898,4.0000,96.0000,AG03-UNRESOLVED,ALL5_LEVELS_bet23_to_bet27,-2.4898,-2.4898,-2.4898,-2.4898,-2.4898,4.000000,4.000000,4.000000,4.000000,4.000000,96.000000,96.000000,96.000000,96.000000,96.000000,5.0,-12.4491,-11.4923,-49.7966,-50.7534,PENDING_AG03,FALSE,NOT_FOR_ENFORCEMENT,-59.7559,525.2040,-62.2457,-59.7559,-2.4898,-0.10834862,-0.10401468,-2.4898,-59.7559,-0.10401468,-2.4898,-2.4898,-2.4898,-2.4898,-2.4898,-59.7559,-0.10401468,-12.4491,-11.4923,-49.7966,-50.7534,-0.08667890,-0.08834451,-0.00433394,16.4141,15.6311,-1.7784,-20.7486,-6.9162,191.4982,11.6667,,16.4141,12.6494,16.8659,21.0824,21.0824,21.0824,21.0824,16.8659,11.0155,1.25,1.25,0.973214,4,10,4,2,0E-8,-0.10834862,,0E-8,0.000000,0.952294,0.000000,,2026-04-08,2026-04-21,3,9,7,14,0.214286,,,0.000000,,,,,,,,GLOBAL_BASELINE_NO_ENTITY_RANKING,,,NOT_APPLICABLE_GLOBAL_BASELINE,HF9g-P5,,,,X 全窗基线 · 不参与实体赏罚,3922237,393,A168_HF9F_20260827_0900,2026-08-27 09:00:00
2026-04-08,137873736,2267,0,84.3294752600,33.0993190395,33.0993190395,0.6666667,6,6,0.49547970000000000,0.495479700000,0.83867571210634,0.83867571210634,0.83867571210634,0E-17,ELIGIBLE,R03b_20260811_FULL_v1,L1_ELIGIBILITY,v2026-08-11,2026-03-21..2026-08-06,baccarat_bet02_101_all_pairs_incl_sentinel,round_win = game_pnl > 0 (decisive only),COMPATIBILITY_ONLY_NOT_PRODUCTION,574.4946,547.0875,-62.2457,35,35,0.10834862,,0.10834862,0.10834862,62.2457,574.4946,OK,0.0000,-2.4898,4.0000,96.0000,AG03-UNRESOLVED,ALL5_LEVELS_bet23_to_bet27,-2.4898,-2.4898,-2.4898,-2.4898,-2.4898,4.000000,4.000000,4.000000,4.000000,4.000000,96.000000,96.000000,96.000000,96.000000,96.000000,5.0,-12.4491,-11.4923,-49.7966,-50.7534,PENDING_AG03,FALSE,NOT_FOR_ENFORCEMENT,-59.7559,525.2040,-62.2457,-59.7559,-2.4898,-0.10834862,-0.10401468,-2.4898,-59.7559,-0.10401468,-2.4898,-2.4898,-2.4898,-2.4898,-2.4898,-59.7559,-0.10401468,-12.4491,-11.4923,-49.7966,-50.7534,-0.08667890,-0.08834451,-0.00433394,16.4141,15.6311,-1.7784,-20.7486,-6.9162,191.4982,11.6667,,16.4141,12.6494,16.8659,21.0824,21.0824,21.0824,21.0824,16.8659,11.0155,1.25,1.25,0.973214,4,10,4,2,0E-8,-0.10834862,,0E-8,0.000000,0.952294,0.000000,,2026-04-08,2026-04-21,3,9,7,14,0.214286,,,0.000000,,,,,,,,GLOBAL_BASELINE_NO_ENTITY_RANKING,,,NOT_APPLICABLE_GLOBAL_BASELINE,HF9g-P5,,,,X 全窗基线 · 不参与实体赏罚,3922238,393,A168_HF9F_20260827_0900,2026-08-27 09:00:00
2026-04-11,137873736,1078,0,16.8658950520,16.0226002994,16.0226002994,1.0000000,1,1,0.50665070000000000,0.506650700000,0.9867858985152569,0.9867858985152569,0.9867858985152569,0E-17,ELIGIBLE,R03b_20260811_FULL_v1,L1_ELIGIBILITY,v2026-08-11,2026-03-21..2026-08-06,baccarat_bet02_101_all_pairs_incl_sentinel,round_win = game_pnl > 0 (decisive only),COMPATIBILITY_ONLY_NOT_PRODUCTION,574.4946,547.0875,-62.2457,35,35,0.10834862,,0.10834862,0.10834862,62.2457,574.4946,OK,0.0000,-2.4898,4.0000,96.0000,AG03-UNRESOLVED,ALL5_LEVELS_bet23_to_bet27,-2.4898,-2.4898,-2.4898,-2.4898,-2.4898,4.000000,4.000000,4.000000,4.000000,4.000000,96.000000,96.000000,96.000000,96.000000,96.000000,5.0,-12.4491,-11.4923,-49.7966,-50.7534,PENDING_AG03,FALSE,NOT_FOR_ENFORCEMENT,-59.7559,525.2040,-62.2457,-59.7559,-2.4898,-0.10834862,-0.10401468,-2.4898,-59.7559,-0.10401468,-2.4898,-2.4898,-2.4898,-2.4898,-2.4898,-59.7559,-0.10401468,-12.4491,-11.4923,-49.7966,-50.7534,-0.08667890,-0.08834451,-0.00433394,16.4141,15.6311,-1.7784,-20.7486,-6.9162,191.4982,11.6667,,16.4141,12.6494,16.8659,21.0824,21.0824,21.0824,21.0824,16.8659,11.0155,1.25,1.25,0.973214,4,10,4,2,0E-8,-0.10834862,,0E-8,0.000000,0.952294,0.000000,,2026-04-08,2026-04-21,3,9,7,14,0.214286,,,0.000000,,,,,,,,GLOBAL_BASELINE_NO_ENTITY_RANKING,,,NOT_APPLICABLE_GLOBAL_BASELINE,HF9g-P5,,,,X 全窗基线 · 不参与实体赏罚,3922239,393,A168_HF9F_20260827_0900,2026-08-27 09:00:00
2026-04-11,137873736,1940,0,42.1647376300,-42.1647376300,-42.1647376300,0E-7,2,2,0.49324550000000000,0.493245500000,-1.3952362676504506,-1.3952362676504506,-1.3952362676504506,0E-17,ELIGIBLE,R03b_20260811_FULL_v1,L1_ELIGIBILITY,v2026-08-11,2026-03-21..2026-08-06,baccarat_bet02_101_all_pairs_incl_sentinel,round_win = game_pnl > 0 (decisive only),COMPATIBILITY_ONLY_NOT_PRODUCTION,574.4946,547.0875,-62.2457,35,35,0.10834862,,0.10834862,0.10834862,62.2457,574.4946,OK,0.0000,-2.4898,4.0000,96.0000,AG03-UNRESOLVED,ALL5_LEVELS_bet23_to_bet27,-2.4898,-2.4898,-2.4898,-2.4898,-2.4898,4.000000,4.000000,4.000000,4.000000,4.000000,96.000000,96.000000,96.000000,96.000000,96.000000,5.0,-12.4491,-11.4923,-49.7966,-50.7534,PENDING_AG03,FALSE,NOT_FOR_ENFORCEMENT,-59.7559,525.2040,-62.2457,-59.7559,-2.4898,-0.10834862,-0.10401468,-2.4898,-59.7559,-0.10401468,-2.4898,-2.4898,-2.4898,-2.4898,-2.4898,-59.7559,-0.10401468,-12.4491,-11.4923,-49.7966,-50.7534,-0.08667890,-0.08834451,-0.00433394,16.4141,15.6311,-1.7784,-20.7486,-6.9162,191.4982,11.6667,,16.4141,12.6494,16.8659,21.0824,21.0824,21.0824,21.0824,16.8659,11.0155,1.25,1.25,0.973214,4,10,4,2,0E-8,-0.10834862,,0E-8,0.000000,0.952294,0.000000,,2026-04-08,2026-04-21,3,9,7,14,0.214286,,,0.000000,,,,,,,,GLOBAL_BASELINE_NO_ENTITY_RANKING,,,NOT_APPLICABLE_GLOBAL_BASELINE,HF9g-P5,,,,X 全窗基线 · 不参与实体赏罚,3922240,393,A168_HF9F_20260827_0900,2026-08-27 09:00:00
2026-04-21,137873736,1942,0,37.9482638670,-0.6324710645,-0.6324710645,0.5000000,3,3,0.50665070000000000,0.506650700000,-0.018812684590367487,-0.018812684590367487,-0.018812684590367487,0E-17,ELIGIBLE,R03b_20260811_FULL_v1,L1_ELIGIBILITY,v2026-08-11,2026-03-21..2026-08-06,baccarat_bet02_101_all_pairs_incl_sentinel,round_win = game_pnl > 0 (decisive only),COMPATIBILITY_ONLY_NOT_PRODUCTION,574.4946,547.0875,-62.2457,35,35,0.10834862,,0.10834862,0.10834862,62.2457,574.4946,OK,0.0000,-2.4898,4.0000,96.0000,AG03-UNRESOLVED,ALL5_LEVELS_bet23_to_bet27,-2.4898,-2.4898,-2.4898,-2.4898,-2.4898,4.000000,4.000000,4.000000,4.000000,4.000000,96.000000,96.000000,96.000000,96.000000,96.000000,5.0,-12.4491,-11.4923,-49.7966,-50.7534,PENDING_AG03,FALSE,NOT_FOR_ENFORCEMENT,-59.7559,525.2040,-62.2457,-59.7559,-2.4898,-0.10834862,-0.10401468,-2.4898,-59.7559,-0.10401468,-2.4898,-2.4898,-2.4898,-2.4898,-2.4898,-59.7559,-0.10401468,-12.4491,-11.4923,-49.7966,-50.7534,-0.08667890,-0.08834451,-0.00433394,16.4141,15.6311,-1.7784,-20.7486,-6.9162,191.4982,11.6667,,16.4141,12.6494,16.8659,21.0824,21.0824,21.0824,21.0824,16.8659,11.0155,1.25,1.25,0.973214,4,10,4,2,0E-8,-0.10834862,,0E-8,0.000000,0.952294,0.000000,,2026-04-08,2026-04-21,3,9,7,14,0.214286,,,0.000000,,,,,,,,GLOBAL_BASELINE_NO_ENTITY_RANKING,,,NOT_APPLICABLE_GLOBAL_BASELINE,HF9g-P5,,,,X 全窗基线 · 不参与实体赏罚,3922241,393,A168_HF9F_20260827_0900,2026-08-27 09:00:00
2026-04-21,137873736,595,0,45.3270929522,43.6932093690,43.6932093690,1.0000000,3,3,0.50218230000000000,0.502182300000,1.724507524396475,1.7245075243964754,1.724507524396475,0E-17,ELIGIBLE,R03b_20260811_FULL_v1,L1_ELIGIBILITY,v2026-08-11,2026-03-21..2026-08-06,baccarat_bet02_101_all_pairs_incl_sentinel,round_win = game_pnl > 0 (decisive only),COMPATIBILITY_ONLY_NOT_PRODUCTION,574.4946,547.0875,-62.2457,35,35,0.10834862,,0.10834862,0.10834862,62.2457,574.4946,OK,0.0000,-2.4898,4.0000,96.0000,AG03-UNRESOLVED,ALL5_LEVELS_bet23_to_bet27,-2.4898,-2.4898,-2.4898,-2.4898,-2.4898,4.000000,4.000000,4.000000,4.000000,4.000000,96.000000,96.000000,96.000000,96.000000,96.000000,5.0,-12.4491,-11.4923,-49.7966,-50.7534,PENDING_AG03,FALSE,NOT_FOR_ENFORCEMENT,-59.7559,525.2040,-62.2457,-59.7559,-2.4898,-0.10834862,-0.10401468,-2.4898,-59.7559,-0.10401468,-2.4898,-2.4898,-2.4898,-2.4898,-2.4898,-59.7559,-0.10401468,-12.4491,-11.4923,-49.7966,-50.7534,-0.08667890,-0.08834451,-0.00433394,16.4141,15.6311,-1.7784,-20.7486,-6.9162,191.4982,11.6667,,16.4141,12.6494,16.8659,21.0824,21.0824,21.0824,21.0824,16.8659,11.0155,1.25,1.25,0.973214,4,10,4,2,0E-8,-0.10834862,,0E-8,0.000000,0.952294,0.000000,,2026-04-08,2026-04-21,3,9,7,14,0.214286,,,0.000000,,,,,,,,GLOBAL_BASELINE_NO_ENTITY_RANKING,,,NOT_APPLICABLE_GLOBAL_BASELINE,HF9g-P5,,,,X 全窗基线 · 不参与实体赏罚,3922242,393,A168_HF9F_20260827_0900,2026-08-27 09:00:00
2026-06-25,147869917,1210,0,20.7714517168,19.7328791309,19.9198221964,1.0000000,1,1,0.50665070000000000,0.506650700000,0.9867858985152569,0.9867858985152569,0.9867858985152569,0E-17,ELIGIBLE,R03b_20260811_FULL_v1,L1_ELIGIBILITY,v2026-08-11,2026-03-21..2026-08-06,baccarat_bet02_101_all_pairs_incl_sentinel,round_win = game_pnl > 0 (decisive only),COMPATIBILITY_ONLY_NOT_PRODUCTION,280.4146,228.4860,-60.7357,11,11,0.21659259,,0.21659259,0.20925926,60.7357,280.4146,THIN_EXPOSURE,2.0564,-3.0368,5.0000,95.0000,AG03-UNRESOLVED,ALL5_LEVELS_bet23_to_bet27,-3.0368,-3.0368,-3.0368,-3.0368,-3.0368,5.000000,5.000000,5.000000,5.000000,5.000000,95.000000,95.000000,95.000000,95.000000,95.000000,5.0,-15.1839,-13.7396,-47.6082,-49.0525,PENDING_AG03,FALSE,NOT_FOR_ENFORCEMENT,-57.6989,217.0617,-62.7921,-59.7553,-5.0932,-0.22392593,-0.21309630,-3.0368,-59.7553,-0.21309630,-3.0368,-3.0368,-3.0368,-3.0368,-3.0368,-59.7553,-0.21309630,-15.1839,-13.7396,-47.6082,-49.0525,-0.16977778,-0.17492855,-0.01816296,25.4922,20.7715,-5.5214,-60.7357,-8.6765,280.4146,11.0000,,25.4922,20.7715,20.7715,31.1572,41.5429,41.5429,41.5429,20.7715,10.4792,2.0,2.0,1.227273,6,10,1,2,0E-8,-0.21659259,,0.00900000,0.900000,0.814815,0.000000,,2026-06-25,2026-06-25,1,7,6,1,1.000000,,,0.000000,,,,,,,,GLOBAL_BASELINE_NO_ENTITY_RANKING,,,NOT_APPLICABLE_GLOBAL_BASELINE,HF9g-P5,,,,X 全窗基线 · 不参与实体赏罚,3922243,393,A168_HF9F_20260827_0900,2026-08-27 09:00:00
2026-06-25,147869917,1325,0,41.5429034335,39.9850445548,40.3589306857,1.0000000,2,2,0.49994810000000000,0.499948100000,1.4143603653603398,1.4143603653603398,1.4143603653603398,0E-17,ELIGIBLE,R03b_20260811_FULL_v1,L1_ELIGIBILITY,v2026-08-11,2026-03-21..2026-08-06,baccarat_bet02_101_all_pairs_incl_sentinel,round_win = game_pnl > 0 (decisive only),COMPATIBILITY_ONLY_NOT_PRODUCTION,280.4146,228.4860,-60.7357,11,11,0.21659259,,0.21659259,0.20925926,60.7357,280.4146,THIN_EXPOSURE,2.0564,-3.0368,5.0000,95.0000,AG03-UNRESOLVED,ALL5_LEVELS_bet23_to_bet27,-3.0368,-3.0368,-3.0368,-3.0368,-3.0368,5.000000,5.000000,5.000000,5.000000,5.000000,95.000000,95.000000,95.000000,95.000000,95.000000,5.0,-15.1839,-13.7396,-47.6082,-49.0525,PENDING_AG03,FALSE,NOT_FOR_ENFORCEMENT,-57.6989,217.0617,-62.7921,-59.7553,-5.0932,-0.22392593,-0.21309630,-3.0368,-59.7553,-0.21309630,-3.0368,-3.0368,-3.0368,-3.0368,-3.0368,-59.7553,-0.21309630,-15.1839,-13.7396,-47.6082,-49.0525,-0.16977778,-0.17492855,-0.01816296,25.4922,20.7715,-5.5214,-60.7357,-8.6765,280.4146,11.0000,,25.4922,20.7715,20.7715,31.1572,41.5429,41.5429,41.5429,20.7715,10.4792,2.0,2.0,1.227273,6,10,1,2,0E-8,-0.21659259,,0.00900000,0.900000,0.814815,0.000000,,2026-06-25,2026-06-25,1,7,6,1,1.000000,,,0.000000,,,,,,,,GLOBAL_BASELINE_NO_ENTITY_RANKING,,,NOT_APPLICABLE_GLOBAL_BASELINE,HF9g-P5,,,,X 全窗基线 · 不参与实体赏罚,3922244,393,A168_HF9F_20260827_0900,2026-08-27 09:00:00
2026-06-25,147869917,1985,0,20.7714517168,19.7328791309,19.9198221964,1.0000000,1,1,0.50665070000000000,0.506650700000,0.9867858985152569,0.9867858985152569,0.9867858985152569,0E-17,ELIGIBLE,R03b_20260811_FULL_v1,L1_ELIGIBILITY,v2026-08-11,2026-03-21..2026-08-06,baccarat_bet02_101_all_pairs_incl_sentinel,round_win = game_pnl > 0 (decisive only),COMPATIBILITY_ONLY_NOT_PRODUCTION,280.4146,228.4860,-60.7357,11,11,0.21659259,,0.21659259,0.20925926,60.7357,280.4146,THIN_EXPOSURE,2.0564,-3.0368,5.0000,95.0000,AG03-UNRESOLVED,ALL5_LEVELS_bet23_to_bet27,-3.0368,-3.0368,-3.0368,-3.0368,-3.0368,5.000000,5.000000,5.000000,5.000000,5.000000,95.000000,95.000000,95.000000,95.000000,95.000000,5.0,-15.1839,-13.7396,-47.6082,-49.0525,PENDING_AG03,FALSE,NOT_FOR_ENFORCEMENT,-57.6989,217.0617,-62.7921,-59.7553,-5.0932,-0.22392593,-0.21309630,-3.0368,-59.7553,-0.21309630,-3.0368,-3.0368,-3.0368,-3.0368,-3.0368,-59.7553,-0.21309630,-15.1839,-13.7396,-47.6082,-49.0525,-0.16977778,-0.17492855,-0.01816296,25.4922,20.7715,-5.5214,-60.7357,-8.6765,280.4146,11.0000,,25.4922,20.7715,20.7715,31.1572,41.5429,41.5429,41.5429,20.7715,10.4792,2.0,2.0,1.227273,6,10,1,2,0E-8,-0.21659259,,0.00900000,0.900000,0.814815,0.000000,,2026-06-25,2026-06-25,1,7,6,1,1.000000,,,0.000000,,,,,,,,GLOBAL_BASELINE_NO_ENTITY_RANKING,,,NOT_APPLICABLE_GLOBAL_BASELINE,HF9g-P5,,,,X 全窗基线 · 不参与实体赏罚,3922245,393,A168_HF9F_20260827_0900,2026-08-27 09:00:00
2026-06-25,147869917,1990,0,41.5429034335,41.5429034335,41.9167895644,1.0000000,1,1,0.49324550000000000,0.493245500000,1.01360149184955,1.01360149184955,1.01360149184955,0E-17,ELIGIBLE,R03b_20260811_FULL_v1,L1_ELIGIBILITY,v2026-08-11,2026-03-21..2026-08-06,baccarat_bet02_101_all_pairs_incl_sentinel,round_win = game_pnl > 0 (decisive only),COMPATIBILITY_ONLY_NOT_PRODUCTION,280.4146,228.4860,-60.7357,11,11,0.21659259,,0.21659259,0.20925926,60.7357,280.4146,THIN_EXPOSURE,2.0564,-3.0368,5.0000,95.0000,AG03-UNRESOLVED,ALL5_LEVELS_bet23_to_bet27,-3.0368,-3.0368,-3.0368,-3.0368,-3.0368,5.000000,5.000000,5.000000,5.000000,5.000000,95.000000,95.000000,95.000000,95.000000,95.000000,5.0,-15.1839,-13.7396,-47.6082,-49.0525,PENDING_AG03,FALSE,NOT_FOR_ENFORCEMENT,-57.6989,217.0617,-62.7921,-59.7553,-5.0932,-0.22392593,-0.21309630,-3.0368,-59.7553,-0.21309630,-3.0368,-3.0368,-3.0368,-3.0368,-3.0368,-59.7553,-0.21309630,-15.1839,-13.7396,-47.6082,-49.0525,-0.16977778,-0.17492855,-0.01816296,25.4922,20.7715,-5.5214,-60.7357,-8.6765,280.4146,11.0000,,25.4922,20.7715,20.7715,31.1572,41.5429,41.5429,41.5429,20.7715,10.4792,2.0,2.0,1.227273,6,10,1,2,0E-8,-0.21659259,,0.00900000,0.900000,0.814815,0.000000,,2026-06-25,2026-06-25,1,7,6,1,1.000000,,,0.000000,,,,,,,,GLOBAL_BASELINE_NO_ENTITY_RANKING,,,NOT_APPLICABLE_GLOBAL_BASELINE,HF9g-P5,,,,X 全窗基线 · 不参与实体赏罚,3922246,393,A168_HF9F_20260827_0900,2026-08-27 09:00:00
2026-06-25,147869917,2088,0,31.1571775751,-31.1571775751,-30.8767629770,0E-7,1,1,0.49324550000000000,0.493245500000,-0.9865810262130424,-0.9865810262130424,-0.9865810262130424,0E-17,ELIGIBLE,R03b_20260811_FULL_v1,L1_ELIGIBILITY,v2026-08-11,2026-03-21..2026-08-06,baccarat_bet02_101_all_pairs_incl_sentinel,round_win = game_pnl > 0 (decisive only),COMPATIBILITY_ONLY_NOT_PRODUCTION,280.4146,228.4860,-60.7357,11,11,0.21659259,,0.21659259,0.20925926,60.7357,280.4146,THIN_EXPOSURE,2.0564,-3.0368,5.0000,95.0000,AG03-UNRESOLVED,ALL5_LEVELS_bet23_to_bet27,-3.0368,-3.0368,-3.0368,-3.0368,-3.0368,5.000000,5.000000,5.000000,5.000000,5.000000,95.000000,95.000000,95.000000,95.000000,95.000000,5.0,-15.1839,-13.7396,-47.6082,-49.0525,PENDING_AG03,FALSE,NOT_FOR_ENFORCEMENT,-57.6989,217.0617,-62.7921,-59.7553,-5.0932,-0.22392593,-0.21309630,-3.0368,-59.7553,-0.21309630,-3.0368,-3.0368,-3.0368,-3.0368,-3.0368,-59.7553,-0.21309630,-15.1839,-13.7396,-47.6082,-49.0525,-0.16977778,-0.17492855,-0.01816296,25.4922,20.7715,-5.5214,-60.7357,-8.6765,280.4146,11.0000,,25.4922,20.7715,20.7715,31.1572,41.5429,41.5429,41.5429,20.7715,10.4792,2.0,2.0,1.227273,6,10,1,2,0E-8,-0.21659259,,0.00900000,0.900000,0.814815,0.000000,,2026-06-25,2026-06-25,1,7,6,1,1.000000,,,0.000000,,,,,,,,GLOBAL_BASELINE_NO_ENTITY_RANKING,,,NOT_APPLICABLE_GLOBAL_BASELINE,HF9g-P5,,,,X 全窗基线 · 不参与实体赏罚,3922247,393,A168_HF9F_20260827_0900,2026-08-27 09:00:00
2026-06-25,147869917,2103,0,20.7714517168,-20.7714517168,-20.5845086513,0E-7,1,1,0.49324550000000000,0.493245500000,-0.9865810262130424,-0.9865810262130424,-0.9865810262130424,0E-17,ELIGIBLE,R03b_20260811_FULL_v1,L1_ELIGIBILITY,v2026-08-11,2026-03-21..2026-08-06,baccarat_bet02_101_all_pairs_incl_sentinel,round_win = game_pnl > 0 (decisive only),COMPATIBILITY_ONLY_NOT_PRODUCTION,280.4146,228.4860,-60.7357,11,11,0.21659259,,0.21659259,0.20925926,60.7357,280.4146,THIN_EXPOSURE,2.0564,-3.0368,5.0000,95.0000,AG03-UNRESOLVED,ALL5_LEVELS_bet23_to_bet27,-3.0368,-3.0368,-3.0368,-3.0368,-3.0368,5.000000,5.000000,5.000000,5.000000,5.000000,95.000000,95.000000,95.000000,95.000000,95.000000,5.0,-15.1839,-13.7396,-47.6082,-49.0525,PENDING_AG03,FALSE,NOT_FOR_ENFORCEMENT,-57.6989,217.0617,-62.7921,-59.7553,-5.0932,-0.22392593,-0.21309630,-3.0368,-59.7553,-0.21309630,-3.0368,-3.0368,-3.0368,-3.0368,-3.0368,-59.7553,-0.21309630,-15.1839,-13.7396,-47.6082,-49.0525,-0.16977778,-0.17492855,-0.01816296,25.4922,20.7715,-5.5214,-60.7357,-8.6765,280.4146,11.0000,,25.4922,20.7715,20.7715,31.1572,41.5429,41.5429,41.5429,20.7715,10.4792,2.0,2.0,1.227273,6,10,1,2,0E-8,-0.21659259,,0.00900000,0.900000,0.814815,0.000000,,2026-06-25,2026-06-25,1,7,6,1,1.000000,,,0.000000,,,,,,,,GLOBAL_BASELINE_NO_ENTITY_RANKING,,,NOT_APPLICABLE_GLOBAL_BASELINE,HF9g-P5,,,,X 全窗基线 · 不参与实体赏罚,3922248,393,A168_HF9F_20260827_0900,2026-08-27 09:00:00
2026-06-25,147869917,2108,0,41.5429034335,0E-10,0E-10,,1,1,0.50665070000000000,0.506650700000,,,,0E-17,NO_DECISIVE_ROUND,R03b_20260811_FULL_v1,L1_ELIGIBILITY,v2026-08-11,2026-03-21..2026-08-06,baccarat_bet02_101_all_pairs_incl_sentinel,round_win = game_pnl > 0 (decisive only),COMPATIBILITY_ONLY_NOT_PRODUCTION,280.4146,228.4860,-60.7357,11,11,0.21659259,,0.21659259,0.20925926,60.7357,280.4146,THIN_EXPOSURE,2.0564,-3.0368,5.0000,95.0000,AG03-UNRESOLVED,ALL5_LEVELS_bet23_to_bet27,-3.0368,-3.0368,-3.0368,-3.0368,-3.0368,5.000000,5.000000,5.000000,5.000000,5.000000,95.000000,95.000000,95.000000,95.000000,95.000000,5.0,-15.1839,-13.7396,-47.6082,-49.0525,PENDING_AG03,FALSE,NOT_FOR_ENFORCEMENT,-57.6989,217.0617,-62.7921,-59.7553,-5.0932,-0.22392593,-0.21309630,-3.0368,-59.7553,-0.21309630,-3.0368,-3.0368,-3.0368,-3.0368,-3.0368,-59.7553,-0.21309630,-15.1839,-13.7396,-47.6082,-49.0525,-0.16977778,-0.17492855,-0.01816296,25.4922,20.7715,-5.5214,-60.7357,-8.6765,280.4146,11.0000,,25.4922,20.7715,20.7715,31.1572,41.5429,41.5429,41.5429,20.7715,10.4792,2.0,2.0,1.227273,6,10,1,2,0E-8,-0.21659259,,0.00900000,0.900000,0.814815,0.000000,,2026-06-25,2026-06-25,1,7,6,1,1.000000,,,0.000000,,,,,,,,GLOBAL_BASELINE_NO_ENTITY_RANKING,,,NOT_APPLICABLE_GLOBAL_BASELINE,HF9g-P5,,,,X 全窗基线 · 不参与实体赏罚,3922249,393,A168_HF9F_20260827_0900,2026-08-27 09:00:00
2026-06-25,147869917,2170,0,10.3857258584,0E-10,0E-10,,1,1,0.50665070000000000,0.506650700000,,,,0E-17,NO_DECISIVE_ROUND,R03b_20260811_FULL_v1,L1_ELIGIBILITY,v2026-08-11,2026-03-21..2026-08-06,baccarat_bet02_101_all_pairs_incl_sentinel,round_win = game_pnl > 0 (decisive only),COMPATIBILITY_ONLY_NOT_PRODUCTION,280.4146,228.4860,-60.7357,11,11,0.21659259,,0.21659259,0.20925926,60.7357,280.4146,THIN_EXPOSURE,2.0564,-3.0368,5.0000,95.0000,AG03-UNRESOLVED,ALL5_LEVELS_bet23_to_bet27,-3.0368,-3.0368,-3.0368,-3.0368,-3.0368,5.000000,5.000000,5.000000,5.000000,5.000000,95.000000,95.000000,95.000000,95.000000,95.000000,5.0,-15.1839,-13.7396,-47.6082,-49.0525,PENDING_AG03,FALSE,NOT_FOR_ENFORCEMENT,-57.6989,217.0617,-62.7921,-59.7553,-5.0932,-0.22392593,-0.21309630,-3.0368,-59.7553,-0.21309630,-3.0368,-3.0368,-3.0368,-3.0368,-3.0368,-59.7553,-0.21309630,-15.1839,-13.7396,-47.6082,-49.0525,-0.16977778,-0.17492855,-0.01816296,25.4922,20.7715,-5.5214,-60.7357,-8.6765,280.4146,11.0000,,25.4922,20.7715,20.7715,31.1572,41.5429,41.5429,41.5429,20.7715,10.4792,2.0,2.0,1.227273,6,10,1,2,0E-8,-0.21659259,,0.00900000,0.900000,0.814815,0.000000,,2026-06-25,2026-06-25,1,7,6,1,1.000000,,,0.000000,,,,,,,,GLOBAL_BASELINE_NO_ENTITY_RANKING,,,NOT_APPLICABLE_GLOBAL_BASELINE,HF9g-P5,,,,X 全窗基线 · 不参与实体赏罚,3922250,393,A168_HF9F_20260827_0900,2026-08-27 09:00:00
2026-06-25,147869917,2252,0,31.1571775751,-31.1571775751,-30.8767629770,0E-7,1,1,0.50665070000000000,0.506650700000,-1.013391052207602,-1.013391052207602,-1.013391052207602,0E-17,ELIGIBLE,R03b_20260811_FULL_v1,L1_ELIGIBILITY,v2026-08-11,2026-03-21..2026-08-06,baccarat_bet02_101_all_pairs_incl_sentinel,round_win = game_pnl > 0 (decisive only),COMPATIBILITY_ONLY_NOT_PRODUCTION,280.4146,228.4860,-60.7357,11,11,0.21659259,,0.21659259,0.20925926,60.7357,280.4146,THIN_EXPOSURE,2.0564,-3.0368,5.0000,95.0000,AG03-UNRESOLVED,ALL5_LEVELS_bet23_to_bet27,-3.0368,-3.0368,-3.0368,-3.0368,-3.0368,5.000000,5.000000,5.000000,5.000000,5.000000,95.000000,95.000000,95.000000,95.000000,95.000000,5.0,-15.1839,-13.7396,-47.6082,-49.0525,PENDING_AG03,FALSE,NOT_FOR_ENFORCEMENT,-57.6989,217.0617,-62.7921,-59.7553,-5.0932,-0.22392593,-0.21309630,-3.0368,-59.7553,-0.21309630,-3.0368,-3.0368,-3.0368,-3.0368,-3.0368,-59.7553,-0.21309630,-15.1839,-13.7396,-47.6082,-49.0525,-0.16977778,-0.17492855,-0.01816296,25.4922,20.7715,-5.5214,-60.7357,-8.6765,280.4146,11.0000,,25.4922,20.7715,20.7715,31.1572,41.5429,41.5429,41.5429,20.7715,10.4792,2.0,2.0,1.227273,6,10,1,2,0E-8,-0.21659259,,0.00900000,0.900000,0.814815,0.000000,,2026-06-25,2026-06-25,1,7,6,1,1.000000,,,0.000000,,,,,,,,GLOBAL_BASELINE_NO_ENTITY_RANKING,,,NOT_APPLICABLE_GLOBAL_BASELINE,HF9g-P5,,,,X 全窗基线 · 不参与实体赏罚,3922251,393,A168_HF9F_20260827_0900,2026-08-27 09:00:00
2026-06-25,147869917,2267,0,20.7714517168,20.7714517168,20.9583947822,1.0000000,1,1,0.49324550000000000,0.493245500000,1.01360149184955,1.01360149184955,1.01360149184955,0E-17,ELIGIBLE,R03b_20260811_FULL_v1,L1_ELIGIBILITY,v2026-08-11,2026-03-21..2026-08-06,baccarat_bet02_101_all_pairs_incl_sentinel,round_win = game_pnl > 0 (decisive only),COMPATIBILITY_ONLY_NOT_PRODUCTION,280.4146,228.4860,-60.7357,11,11,0.21659259,,0.21659259,0.20925926,60.7357,280.4146,THIN_EXPOSURE,2.0564,-3.0368,5.0000,95.0000,AG03-UNRESOLVED,ALL5_LEVELS_bet23_to_bet27,-3.0368,-3.0368,-3.0368,-3.0368,-3.0368,5.000000,5.000000,5.000000,5.000000,5.000000,95.000000,95.000000,95.000000,95.000000,95.000000,5.0,-15.1839,-13.7396,-47.6082,-49.0525,PENDING_AG03,FALSE,NOT_FOR_ENFORCEMENT,-57.6989,217.0617,-62.7921,-59.7553,-5.0932,-0.22392593,-0.21309630,-3.0368,-59.7553,-0.21309630,-3.0368,-3.0368,-3.0368,-3.0368,-3.0368,-59.7553,-0.21309630,-15.1839,-13.7396,-47.6082,-49.0525,-0.16977778,-0.17492855,-0.01816296,25.4922,20.7715,-5.5214,-60.7357,-8.6765,280.4146,11.0000,,25.4922,20.7715,20.7715,31.1572,41.5429,41.5429,41.5429,20.7715,10.4792,2.0,2.0,1.227273,6,10,1,2,0E-8,-0.21659259,,0.00900000,0.900000,0.814815,0.000000,,2026-06-25,2026-06-25,1,7,6,1,1.000000,,,0.000000,,,,,,,,GLOBAL_BASELINE_NO_ENTITY_RANKING,,,NOT_APPLICABLE_GLOBAL_BASELINE,HF9g-P5,,,,X 全窗基线 · 不参与实体赏罚,3922252,393,A168_HF9F_20260827_0900,2026-08-27 09:00:00
2026-06-13,151432907,2145,0,65.5195989061,62.2436189608,62.2436189608,1.0000000,2,2,0.50665070000000000,0.506650700000,1.3955260008387969,1.3955260008387969,1.3955260008387969,0E-17,ELIGIBLE,R03b_20260811_FULL_v1,L1_ELIGIBILITY,v2026-08-11,2026-03-21..2026-08-06,baccarat_bet02_101_all_pairs_incl_sentinel,round_win = game_pnl > 0 (decisive only),COMPATIBILITY_ONLY_NOT_PRODUCTION,65.5196,65.5196,-62.2436,2,2,0.95000000,,0.95000000,0.95000000,62.2436,65.5196,THIN_EXPOSURE,0.0000,-2.4897,4.0000,96.0000,AG03-UNRESOLVED,ALL5_LEVELS_bet23_to_bet27,-2.4897,-2.4897,-2.4897,-2.4897,-2.4897,4.000000,4.000000,4.000000,4.000000,4.000000,96.000000,96.000000,96.000000,96.000000,96.000000,5.0,-12.4487,-11.4919,-49.7949,-50.7517,PENDING_AG03,FALSE,NOT_FOR_ENFORCEMENT,-59.7539,62.8988,-62.2436,-59.7539,-2.4897,-0.95000000,-0.91200000,-2.4897,-59.7539,-0.91200000,-2.4897,-2.4897,-2.4897,-2.4897,-2.4897,-59.7539,-0.91200000,-12.4487,-11.4919,-49.7949,-50.7517,-0.76000000,-0.77460406,-0.03800000,32.7598,32.7598,-31.1218,-62.2436,-62.2436,65.5196,2.0000,,32.7598,22.0773,32.7598,43.4423,43.4423,43.4423,43.4423,32.7598,31.1218,1.326087,1.326087,1.0,1,1,1,1,0E-8,-0.95000000,,0E-8,0.000000,1.000000,0.000000,,2026-06-13,2026-06-13,1,1,1,1,1.000000,,,0.000000,,,,,,,,GLOBAL_BASELINE_NO_ENTITY_RANKING,,,NOT_APPLICABLE_GLOBAL_BASELINE,HF9g-P5,,,,X 全窗基线 · 不参与实体赏罚,3922253,393,A168_HF9F_20260827_0900,2026-08-27 09:00:00
2026-06-13,151452042,1994,0,22.0772561531,20.9733933455,20.9733933455,1.0000000,1,1,0.50665070000000000,0.506650700000,0.9867858985152569,0.9867858985152569,0.9867858985152569,0E-17,ELIGIBLE,R03b_20260811_FULL_v1,L1_ELIGIBILITY,v2026-08-11,2026-03-21..2026-08-06,baccarat_bet02_101_all_pairs_incl_sentinel,round_win = game_pnl > 0 (decisive only),COMPATIBILITY_ONLY_NOT_PRODUCTION,65.5196,65.5196,-62.2436,2,2,0.95000000,,0.95000000,0.95000000,62.2436,65.5196,THIN_EXPOSURE,0.0000,-2.4897,4.0000,96.0000,AG03-UNRESOLVED,ALL5_LEVELS_bet23_to_bet27,-2.4897,-2.4897,-2.4897,-2.4897,-2.4897,4.000000,4.000000,4.000000,4.000000,4.000000,96.000000,96.000000,96.000000,96.000000,96.000000,5.0,-12.4487,-11.4919,-49.7949,-50.7517,PENDING_AG03,FALSE,NOT_FOR_ENFORCEMENT,-59.7539,62.8988,-62.2436,-59.7539,-2.4897,-0.95000000,-0.91200000,-2.4897,-59.7539,-0.91200000,-2.4897,-2.4897,-2.4897,-2.4897,-2.4897,-59.7539,-0.91200000,-12.4487,-11.4919,-49.7949,-50.7517,-0.76000000,-0.77460406,-0.03800000,32.7598,32.7598,-31.1218,-62.2436,-31.1218,65.5196,2.0000,,32.7598,22.0773,32.7598,43.4423,43.4423,43.4423,43.4423,32.7598,31.1218,1.326087,1.326087,1.0,2,2,2,1,0E-8,-0.95000000,,0E-8,0.000000,1.000000,0.000000,,2026-06-13,2026-06-13,1,2,2,1,1.000000,,,0.000000,,,,,,,,GLOBAL_BASELINE_NO_ENTITY_RANKING,,,NOT_APPLICABLE_GLOBAL_BASELINE,HF9g-P5,,,,X 全窗基线 · 不参与实体赏罚,3922254,393,A168_HF9F_20260827_0900,2026-08-27 09:00:00
2026-06-13,151452042,2235,0,43.4423427530,41.2702256153,41.2702256153,1.0000000,1,1,0.50665070000000000,0.506650700000,0.9867858985152569,0.9867858985152569,0.9867858985152569,0E-17,ELIGIBLE,R03b_20260811_FULL_v1,L1_ELIGIBILITY,v2026-08-11,2026-03-21..2026-08-06,baccarat_bet02_101_all_pairs_incl_sentinel,round_win = game_pnl > 0 (decisive only),COMPATIBILITY_ONLY_NOT_PRODUCTION,65.5196,65.5196,-62.2436,2,2,0.95000000,,0.95000000,0.95000000,62.2436,65.5196,THIN_EXPOSURE,0.0000,-2.4897,4.0000,96.0000,AG03-UNRESOLVED,ALL5_LEVELS_bet23_to_bet27,-2.4897,-2.4897,-2.4897,-2.4897,-2.4897,4.000000,4.000000,4.000000,4.000000,4.000000,96.000000,96.000000,96.000000,96.000000,96.000000,5.0,-12.4487,-11.4919,-49.7949,-50.7517,PENDING_AG03,FALSE,NOT_FOR_ENFORCEMENT,-59.7539,62.8988,-62.2436,-59.7539,-2.4897,-0.95000000,-0.91200000,-2.4897,-59.7539,-0.91200000,-2.4897,-2.4897,-2.4897,-2.4897,-2.4897,-59.7539,-0.91200000,-12.4487,-11.4919,-49.7949,-50.7517,-0.76000000,-0.77460406,-0.03800000,32.7598,32.7598,-31.1218,-62.2436,-31.1218,65.5196,2.0000,,32.7598,22.0773,32.7598,43.4423,43.4423,43.4423,43.4423,32.7598,31.1218,1.326087,1.326087,1.0,2,2,2,1,0E-8,-0.95000000,,0E-8,0.000000,1.000000,0.000000,,2026-06-13,2026-06-13,1,2,2,1,1.000000,,,0.000000,,,,,,,,GLOBAL_BASELINE_NO_ENTITY_RANKING,,,NOT_APPLICABLE_GLOBAL_BASELINE,HF9g-P5,,,,X 全窗基线 · 不参与实体赏罚,3922255,393,A168_HF9F_20260827_0900,2026-08-27 09:00:00
2026-06-17,151664557,1400,0,86.8846855059,40.8785323610,40.8785323610,0.6666667,3,3,0.50665070000000000,0.506650700000,0.5543606114942035,0.5543606114942035,0.5543606114942035,0E-17,ELIGIBLE,R03b_20260811_FULL_v1,L1_ELIGIBILITY,v2026-08-11,2026-03-21..2026-08-06,baccarat_bet02_101_all_pairs_incl_sentinel,round_win = game_pnl > 0 (decisive only),COMPATIBILITY_ONLY_NOT_PRODUCTION,108.2498,108.2498,-62.2436,4,4,0.57500000,,0.57500000,0.57500000,62.2436,108.2498,THIN_EXPOSURE,0.0000,-2.4897,4.0000,96.0000,AG03-UNRESOLVED,ALL5_LEVELS_bet23_to_bet27,-2.4897,-2.4897,-2.4897,-2.4897,-2.4897,4.000000,4.000000,4.000000,4.000000,4.000000,96.000000,96.000000,96.000000,96.000000,96.000000,5.0,-12.4487,-11.4919,-49.7949,-50.7517,PENDING_AG03,FALSE,NOT_FOR_ENFORCEMENT,-59.7539,103.9198,-62.2436,-59.7539,-2.4897,-0.57500000,-0.55200000,-2.4897,-59.7539,-0.55200000,-2.4897,-2.4897,-2.4897,-2.4897,-2.4897,-59.7539,-0.55200000,-12.4487,-11.4919,-49.7949,-50.7517,-0.46000000,-0.4688393,-0.02300000,27.0624,27.0624,-15.5609,-62.2436,-31.1218,108.2498,4.0000,,27.0624,21.3651,21.7212,32.7598,43.4423,43.4423,43.4423,21.7212,21.1692,2.0,2.0,1.245902,2,2,2,2,0E-8,-0.57500000,,0E-8,0.000000,1.000000,0.000000,,2026-06-17,2026-06-17,1,2,2,1,1.000000,,,0.000000,,,,,,,,GLOBAL_BASELINE_NO_ENTITY_RANKING,,,NOT_APPLICABLE_GLOBAL_BASELINE,HF9g-P5,,,,X 全窗基线 · 不参与实体赏罚,3922256,393,A168_HF9F_20260827_0900,2026-08-27 09:00:00
2026-06-17,151664557,1994,0,21.3650865998,21.3650865998,21.3650865998,1.0000000,1,1,0.49324550000000000,0.493245500000,1.01360149184955,1.01360149184955,1.01360149184955,0E-17,ELIGIBLE,R03b_20260811_FULL_v1,L1_ELIGIBILITY,v2026-08-11,2026-03-21..2026-08-06,baccarat_bet02_101_all_pairs_incl_sentinel,round_win = game_pnl > 0 (decisive only),COMPATIBILITY_ONLY_NOT_PRODUCTION,108.2498,108.2498,-62.2436,4,4,0.57500000,,0.57500000,0.57500000,62.2436,108.2498,THIN_EXPOSURE,0.0000,-2.4897,4.0000,96.0000,AG03-UNRESOLVED,ALL5_LEVELS_bet23_to_bet27,-2.4897,-2.4897,-2.4897,-2.4897,-2.4897,4.000000,4.000000,4.000000,4.000000,4.000000,96.000000,96.000000,96.000000,96.000000,96.000000,5.0,-12.4487,-11.4919,-49.7949,-50.7517,PENDING_AG03,FALSE,NOT_FOR_ENFORCEMENT,-59.7539,103.9198,-62.2436,-59.7539,-2.4897,-0.57500000,-0.55200000,-2.4897,-59.7539,-0.55200000,-2.4897,-2.4897,-2.4897,-2.4897,-2.4897,-59.7539,-0.55200000,-12.4487,-11.4919,-49.7949,-50.7517,-0.46000000,-0.4688393,-0.02300000,27.0624,27.0624,-15.5609,-62.2436,-31.1218,108.2498,4.0000,,27.0624,21.3651,21.7212,32.7598,43.4423,43.4423,43.4423,21.7212,21.1692,2.0,2.0,1.245902,2,2,2,2,0E-8,-0.57500000,,0E-8,0.000000,1.000000,0.000000,,2026-06-17,2026-06-17,1,2,2,1,1.000000,,,0.000000,,,,,,,,GLOBAL_BASELINE_NO_ENTITY_RANKING,,,NOT_APPLICABLE_GLOBAL_BASELINE,HF9g-P5,,,,X 全窗基线 · 不参与实体赏罚,3922257,393,A168_HF9F_20260827_0900,2026-08-27 09:00:00
2026-07-05,152596907,-1,1,480.3172137514,64.7917262804,64.7917262804,0.5750000,42,42,0.49962892857142857,0.499628928571,0.9533772841548158,0.9533772841602377,0.9533772841548158,4.2857E-13,SENTINEL_DEALER,R03b_20260811_FULL_v1,L1_ELIGIBILITY,v2026-08-11,2026-03-21..2026-08-06,baccarat_bet02_101_all_pairs_incl_sentinel,round_win = game_pnl > 0 (decisive only),COMPATIBILITY_ONLY_NOT_PRODUCTION,765.6461,702.2851,-62.2368,66,66,0.08128671,,0.08128671,0.08128671,62.2368,765.6461,OK,0.0000,-2.4895,4.0000,96.0000,AG03-UNRESOLVED,ALL5_LEVELS_bet23_to_bet27,-2.4895,-2.4895,-3.1118,0.0000,0.0000,4.000000,4.000000,5.000000,0.000000,0.000000,96.000000,96.000000,95.000000,100.000000,100.000000,5.0,-8.0908,-7.7472,-54.1461,-54.4896,PENDING_AG03,FALSE,NOT_FOR_ENFORCEMENT,-59.7474,674.1937,-62.2368,-59.7474,-2.4895,-0.08128671,-0.07803524,-2.4895,-59.7474,-0.07803524,-2.4895,-2.4895,-3.1118,0.0000,0.0000,-59.7474,-0.07803524,-8.0908,-7.7472,-54.1461,-54.4896,-0.07071943,-0.07116814,-0.00325147,11.6007,10.6407,-0.9430,-62.2368,-3.2756,765.6461,66.0000,,11.6007,10.2195,10.2195,12.2634,16.3512,16.3512,18.0681,10.2195,3.8834,1.6,1.768001,1.135152,17,9,1,2,0E-8,-0.08128671,,0E-8,0.000000,0.917245,0.000000,,2026-07-05,2026-07-05,1,19,17,1,1.000000,,,0.000000,,,,,,,,GLOBAL_BASELINE_NO_ENTITY_RANKING,,,NOT_APPLICABLE_GLOBAL_BASELINE,HF9g-P5,,,,X 全窗基线 · 不参与实体赏罚,3922258,393,A168_HF9F_20260827_0900,2026-08-27 09:00:00
2026-07-05,152596907,1157,0,44.9658668193,-24.5268364469,-24.5268364469,0.2500000,4,4,0.49994810000000000,0.499948100000,-0.9997924053861017,-0.9997924053861017,-0.9997924053861017,0E-17,ELIGIBLE,R03b_20260811_FULL_v1,L1_ELIGIBILITY,v2026-08-11,2026-03-21..2026-08-06,baccarat_bet02_101_all_pairs_incl_sentinel,round_win = game_pnl > 0 (decisive only),COMPATIBILITY_ONLY_NOT_PRODUCTION,765.6461,702.2851,-62.2368,66,66,0.08128671,,0.08128671,0.08128671,62.2368,765.6461,OK,0.0000,-2.4895,4.0000,96.0000,AG03-UNRESOLVED,ALL5_LEVELS_bet23_to_bet27,-2.4895,-2.4895,-3.1118,0.0000,0.0000,4.000000,4.000000,5.000000,0.000000,0.000000,96.000000,96.000000,95.000000,100.000000,100.000000,5.0,-8.0908,-7.7472,-54.1461,-54.4896,PENDING_AG03,FALSE,NOT_FOR_ENFORCEMENT,-59.7474,674.1937,-62.2368,-59.7474,-2.4895,-0.08128671,-0.07803524,-2.4895,-59.7474,-0.07803524,-2.4895,-2.4895,-3.1118,0.0000,0.0000,-59.7474,-0.07803524,-8.0908,-7.7472,-54.1461,-54.4896,-0.07071943,-0.07116814,-0.00325147,11.6007,10.6407,-0.9430,-62.2368,-3.2756,765.6461,66.0000,,11.6007,10.2195,10.2195,12.2634,16.3512,16.3512,18.0681,10.2195,3.8834,1.6,1.768001,1.135152,17,9,1,2,0E-8,-0.08128671,,0E-8,0.000000,0.917245,0.000000,,2026-07-05,2026-07-05,1,19,17,1,1.000000,,,0.000000,,,,,,,,GLOBAL_BASELINE_NO_ENTITY_RANKING,,,NOT_APPLICABLE_GLOBAL_BASELINE,HF9g-P5,,,,X 全窗基线 · 不参与实体赏罚,3922259,393,A168_HF9F_20260827_0900,2026-08-27 09:00:00
2026-07-05,152596907,1951,0,10.2195151862,-10.2195151862,-10.2195151862,0E-7,1,1,0.49324550000000000,0.493245500000,-0.9865810262130424,-0.9865810262130424,-0.9865810262130424,0E-17,ELIGIBLE,R03b_20260811_FULL_v1,L1_ELIGIBILITY,v2026-08-11,2026-03-21..2026-08-06,baccarat_bet02_101_all_pairs_incl_sentinel,round_win = game_pnl > 0 (decisive only),COMPATIBILITY_ONLY_NOT_PRODUCTION,765.6461,702.2851,-62.2368,66,66,0.08128671,,0.08128671,0.08128671,62.2368,765.6461,OK,0.0000,-2.4895,4.0000,96.0000,AG03-UNRESOLVED,ALL5_LEVELS_bet23_to_bet27,-2.4895,-2.4895,-3.1118,0.0000,0.0000,4.000000,4.000000,5.000000,0.000000,0.000000,96.000000,96.000000,95.000000,100.000000,100.000000,5.0,-8.0908,-7.7472,-54.1461,-54.4896,PENDING_AG03,FALSE,NOT_FOR_ENFORCEMENT,-59.7474,674.1937,-62.2368,-59.7474,-2.4895,-0.08128671,-0.07803524,-2.4895,-59.7474,-0.07803524,-2.4895,-2.4895,-3.1118,0.0000,0.0000,-59.7474,-0.07803524,-8.0908,-7.7472,-54.1461,-54.4896,-0.07071943,-0.07116814,-0.00325147,11.6007,10.6407,-0.9430,-62.2368,-3.2756,765.6461,66.0000,,11.6007,10.2195,10.2195,12.2634,16.3512,16.3512,18.0681,10.2195,3.8834,1.6,1.768001,1.135152,17,9,1,2,0E-8,-0.08128671,,0E-8,0.000000,0.917245,0.000000,,2026-07-05,2026-07-05,1,19,17,1,1.000000,,,0.000000,,,,,,,,GLOBAL_BASELINE_NO_ENTITY_RANKING,,,NOT_APPLICABLE_GLOBAL_BASELINE,HF9g-P5,,,,X 全窗基线 · 不参与实体赏罚,3922260,393,A168_HF9F_20260827_0900,2026-08-27 09:00:00
2026-07-05,152596907,1957,0,36.7902546703,-24.5268364469,-24.5268364469,0E-7,3,3,0.49771390000000000,0.497713900000,-1.4077622098436522,-1.4077622098436524,-1.4077622098436522,0E-17,ELIGIBLE,R03b_20260811_FULL_v1,L1_ELIGIBILITY,v2026-08-11,2026-03-21..2026-08-06,baccarat_bet02_101_all_pairs_incl_sentinel,round_win = game_pnl > 0 (decisive only),COMPATIBILITY_ONLY_NOT_PRODUCTION,765.6461,702.2851,-62.2368,66,66,0.08128671,,0.08128671,0.08128671,62.2368,765.6461,OK,0.0000,-2.4895,4.0000,96.0000,AG03-UNRESOLVED,ALL5_LEVELS_bet23_to_bet27,-2.4895,-2.4895,-3.1118,0.0000,0.0000,4.000000,4.000000,5.000000,0.000000,0.000000,96.000000,96.000000,95.000000,100.000000,100.000000,5.0,-8.0908,-7.7472,-54.1461,-54.4896,PENDING_AG03,FALSE,NOT_FOR_ENFORCEMENT,-59.7474,674.1937,-62.2368,-59.7474,-2.4895,-0.08128671,-0.07803524,-2.4895,-59.7474,-0.07803524,-2.4895,-2.4895,-3.1118,0.0000,0.0000,-59.7474,-0.07803524,-8.0908,-7.7472,-54.1461,-54.4896,-0.07071943,-0.07116814,-0.00325147,11.6007,10.6407,-0.9430,-62.2368,-3.2756,765.6461,66.0000,,11.6007,10.2195,10.2195,12.2634,16.3512,16.3512,18.0681,10.2195,3.8834,1.6,1.768001,1.135152,17,9,1,2,0E-8,-0.08128671,,0E-8,0.000000,0.917245,0.000000,,2026-07-05,2026-07-05,1,19,17,1,1.000000,,,0.000000,,,,,,,,GLOBAL_BASELINE_NO_ENTITY_RANKING,,,NOT_APPLICABLE_GLOBAL_BASELINE,HF9g-P5,,,,X 全窗基线 · 不参与实体赏罚,3922261,393,A168_HF9F_20260827_0900,2026-08-27 09:00:00
2026-07-05,152596907,2123,0,36.7902546703,15.5336630830,15.5336630830,0.6666667,3,3,0.49771390000000000,0.497713900000,0.5852756695216578,0.5852756695216578,0.5852756695216578,0E-17,ELIGIBLE,R03b_20260811_FULL_v1,L1_ELIGIBILITY,v2026-08-11,2026-03-21..2026-08-06,baccarat_bet02_101_all_pairs_incl_sentinel,round_win = game_pnl > 0 (decisive only),COMPATIBILITY_ONLY_NOT_PRODUCTION,765.6461,702.2851,-62.2368,66,66,0.08128671,,0.08128671,0.08128671,62.2368,765.6461,OK,0.0000,-2.4895,4.0000,96.0000,AG03-UNRESOLVED,ALL5_LEVELS_bet23_to_bet27,-2.4895,-2.4895,-3.1118,0.0000,0.0000,4.000000,4.000000,5.000000,0.000000,0.000000,96.000000,96.000000,95.000000,100.000000,100.000000,5.0,-8.0908,-7.7472,-54.1461,-54.4896,PENDING_AG03,FALSE,NOT_FOR_ENFORCEMENT,-59.7474,674.1937,-62.2368,-59.7474,-2.4895,-0.08128671,-0.07803524,-2.4895,-59.7474,-0.07803524,-2.4895,-2.4895,-3.1118,0.0000,0.0000,-59.7474,-0.07803524,-8.0908,-7.7472,-54.1461,-54.4896,-0.07071943,-0.07116814,-0.00325147,11.6007,10.6407,-0.9430,-62.2368,-3.2756,765.6461,66.0000,,11.6007,10.2195,10.2195,12.2634,16.3512,16.3512,18.0681,10.2195,3.8834,1.6,1.768001,1.135152,17,9,1,2,0E-8,-0.08128671,,0E-8,0.000000,0.917245,0.000000,,2026-07-05,2026-07-05,1,19,17,1,1.000000,,,0.000000,,,,,,,,GLOBAL_BASELINE_NO_ENTITY_RANKING,,,NOT_APPLICABLE_GLOBAL_BASELINE,HF9g-P5,,,,X 全窗基线 · 不参与实体赏罚,3922262,393,A168_HF9F_20260827_0900,2026-08-27 09:00:00
2026-07-05,152596907,2167,0,74.8068511629,40.4692801374,40.4692801374,0.8333333,6,6,0.49994810000000000,0.499948100000,1.6332474276894162,1.6332474276894162,1.6332474276894162,0E-17,ELIGIBLE,R03b_20260811_FULL_v1,L1_ELIGIBILITY,v2026-08-11,2026-03-21..2026-08-06,baccarat_bet02_101_all_pairs_incl_sentinel,round_win = game_pnl > 0 (decisive only),COMPATIBILITY_ONLY_NOT_PRODUCTION,765.6461,702.2851,-62.2368,66,66,0.08128671,,0.08128671,0.08128671,62.2368,765.6461,OK,0.0000,-2.4895,4.0000,96.0000,AG03-UNRESOLVED,ALL5_LEVELS_bet23_to_bet27,-2.4895,-2.4895,-3.1118,0.0000,0.0000,4.000000,4.000000,5.000000,0.000000,0.000000,96.000000,96.000000,95.000000,100.000000,100.000000,5.0,-8.0908,-7.7472,-54.1461,-54.4896,PENDING_AG03,FALSE,NOT_FOR_ENFORCEMENT,-59.7474,674.1937,-62.2368,-59.7474,-2.4895,-0.08128671,-0.07803524,-2.4895,-59.7474,-0.07803524,-2.4895,-2.4895,-3.1118,0.0000,0.0000,-59.7474,-0.07803524,-8.0908,-7.7472,-54.1461,-54.4896,-0.07071943,-0.07116814,-0.00325147,11.6007,10.6407,-0.9430,-62.2368,-3.2756,765.6461,66.0000,,11.6007,10.2195,10.2195,12.2634,16.3512,16.3512,18.0681,10.2195,3.8834,1.6,1.768001,1.135152,17,9,1,2,0E-8,-0.08128671,,0E-8,0.000000,0.917245,0.000000,,2026-07-05,2026-07-05,1,19,17,1,1.000000,,,0.000000,,,,,,,,GLOBAL_BASELINE_NO_ENTITY_RANKING,,,NOT_APPLICABLE_GLOBAL_BASELINE,HF9g-P5,,,,X 全窗基线 · 不参与实体赏罚,3922263,393,A168_HF9F_20260827_0900,2026-08-27 09:00:00
2026-07-05,152596907,2196,0,26.5707394841,5.3141478968,5.3141478968,0.5000000,2,2,0.49994810000000000,0.499948100000,0.00014679536856514622,0.00014679536856514622,0.00014679536856514622,0E-17,ELIGIBLE,R03b_20260811_FULL_v1,L1_ELIGIBILITY,v2026-08-11,2026-03-21..2026-08-06,baccarat_bet02_101_all_pairs_incl_sentinel,round_win = game_pnl > 0 (decisive only),COMPATIBILITY_ONLY_NOT_PRODUCTION,765.6461,702.2851,-62.2368,66,66,0.08128671,,0.08128671,0.08128671,62.2368,765.6461,OK,0.0000,-2.4895,4.0000,96.0000,AG03-UNRESOLVED,ALL5_LEVELS_bet23_to_bet27,-2.4895,-2.4895,-3.1118,0.0000,0.0000,4.000000,4.000000,5.000000,0.000000,0.000000,96.000000,96.000000,95.000000,100.000000,100.000000,5.0,-8.0908,-7.7472,-54.1461,-54.4896,PENDING_AG03,FALSE,NOT_FOR_ENFORCEMENT,-59.7474,674.1937,-62.2368,-59.7474,-2.4895,-0.08128671,-0.07803524,-2.4895,-59.7474,-0.07803524,-2.4895,-2.4895,-3.1118,0.0000,0.0000,-59.7474,-0.07803524,-8.0908,-7.7472,-54.1461,-54.4896,-0.07071943,-0.07116814,-0.00325147,11.6007,10.6407,-0.9430,-62.2368,-3.2756,765.6461,66.0000,,11.6007,10.2195,10.2195,12.2634,16.3512,16.3512,18.0681,10.2195,3.8834,1.6,1.768001,1.135152,17,9,1,2,0E-8,-0.08128671,,0E-8,0.000000,0.917245,0.000000,,2026-07-05,2026-07-05,1,19,17,1,1.000000,,,0.000000,,,,,,,,GLOBAL_BASELINE_NO_ENTITY_RANKING,,,NOT_APPLICABLE_GLOBAL_BASELINE,HF9g-P5,,,,X 全窗基线 · 不参与实体赏罚,3922264,393,A168_HF9F_20260827_0900,2026-08-27 09:00:00
2026-07-05,152596907,2235,0,34.7463516331,-4.5987818338,-4.5987818338,0.5000000,3,3,0.50218230000000000,0.502182300000,-0.00617253530718887,-0.00617253530718887,-0.00617253530718887,0E-17,ELIGIBLE,R03b_20260811_FULL_v1,L1_ELIGIBILITY,v2026-08-11,2026-03-21..2026-08-06,baccarat_bet02_101_all_pairs_incl_sentinel,round_win = game_pnl > 0 (decisive only),COMPATIBILITY_ONLY_NOT_PRODUCTION,765.6461,702.2851,-62.2368,66,66,0.08128671,,0.08128671,0.08128671,62.2368,765.6461,OK,0.0000,-2.4895,4.0000,96.0000,AG03-UNRESOLVED,ALL5_LEVELS_bet23_to_bet27,-2.4895,-2.4895,-3.1118,0.0000,0.0000,4.000000,4.000000,5.000000,0.000000,0.000000,96.000000,96.000000,95.000000,100.000000,100.000000,5.0,-8.0908,-7.7472,-54.1461,-54.4896,PENDING_AG03,FALSE,NOT_FOR_ENFORCEMENT,-59.7474,674.1937,-62.2368,-59.7474,-2.4895,-0.08128671,-0.07803524,-2.4895,-59.7474,-0.07803524,-2.4895,-2.4895,-3.1118,0.0000,0.0000,-59.7474,-0.07803524,-8.0908,-7.7472,-54.1461,-54.4896,-0.07071943,-0.07116814,-0.00325147,11.6007,10.6407,-0.9430,-62.2368,-3.2756,765.6461,66.0000,,11.6007,10.2195,10.2195,12.2634,16.3512,16.3512,18.0681,10.2195,3.8834,1.6,1.768001,1.135152,17,9,1,2,0E-8,-0.08128671,,0E-8,0.000000,0.917245,0.000000,,2026-07-05,2026-07-05,1,19,17,1,1.000000,,,0.000000,,,,,,,,GLOBAL_BASELINE_NO_ENTITY_RANKING,,,NOT_APPLICABLE_GLOBAL_BASELINE,HF9g-P5,,,,X 全窗基线 · 不参与实体赏罚,3922265,393,A168_HF9F_20260827_0900,2026-08-27 09:00:00
2026-07-05,152596907,2281,0,20.4390303724,0E-10,0E-10,,2,2,0.49324550000000000,0.493245500000,,,,0E-17,NO_DECISIVE_ROUND,R03b_20260811_FULL_v1,L1_ELIGIBILITY,v2026-08-11,2026-03-21..2026-08-06,baccarat_bet02_101_all_pairs_incl_sentinel,round_win = game_pnl > 0 (decisive only),COMPATIBILITY_ONLY_NOT_PRODUCTION,765.6461,702.2851,-62.2368,66,66,0.08128671,,0.08128671,0.08128671,62.2368,765.6461,OK,0.0000,-2.4895,4.0000,96.0000,AG03-UNRESOLVED,ALL5_LEVELS_bet23_to_bet27,-2.4895,-2.4895,-3.1118,0.0000,0.0000,4.000000,4.000000,5.000000,0.000000,0.000000,96.000000,96.000000,95.000000,100.000000,100.000000,5.0,-8.0908,-7.7472,-54.1461,-54.4896,PENDING_AG03,FALSE,NOT_FOR_ENFORCEMENT,-59.7474,674.1937,-62.2368,-59.7474,-2.4895,-0.08128671,-0.07803524,-2.4895,-59.7474,-0.07803524,-2.4895,-2.4895,-3.1118,0.0000,0.0000,-59.7474,-0.07803524,-8.0908,-7.7472,-54.1461,-54.4896,-0.07071943,-0.07116814,-0.00325147,11.6007,10.6407,-0.9430,-62.2368,-3.2756,765.6461,66.0000,,11.6007,10.2195,10.2195,12.2634,16.3512,16.3512,18.0681,10.2195,3.8834,1.6,1.768001,1.135152,17,9,1,2,0E-8,-0.08128671,,0E-8,0.000000,0.917245,0.000000,,2026-07-05,2026-07-05,1,19,17,1,1.000000,,,0.000000,,,,,,,,GLOBAL_BASELINE_NO_ENTITY_RANKING,,,NOT_APPLICABLE_GLOBAL_BASELINE,HF9g-P5,,,,X 全窗基线 · 不参与实体赏罚,3922266,393,A168_HF9F_20260827_0900,2026-08-27 09:00:00
2026-05-05,149570540,2129,0,54.7454724716,-54.7454724716,-54.7454724716,0E-7,1,1,0.49324550000000000,0.493245500000,-0.9865810262130424,-0.9865810262130424,-0.9865810262130424,0E-17,ELIGIBLE,R03b_20260811_FULL_v1,L1_ELIGIBILITY,v2026-08-11,2026-03-21..2026-08-06,baccarat_bet02_101_all_pairs_incl_sentinel,round_win = game_pnl > 0 (decisive only),COMPATIBILITY_ONLY_NOT_PRODUCTION,177.2093,177.2093,-61.5951,3,3,0.34758419,,0.34758419,0.34758419,61.5951,177.2093,THIN_EXPOSURE,0.0000,-1.8479,3.0000,97.0000,AG03-UNRESOLVED,ALL5_LEVELS_bet23_to_bet27,-1.8479,-1.8479,-1.8479,-2.4638,-2.4638,3.000000,3.000000,3.000000,4.000000,4.000000,97.000000,97.000000,97.000000,96.000000,96.000000,5.0,-10.4712,-9.7863,-51.1240,-51.8089,PENDING_AG03,FALSE,NOT_FOR_ENFORCEMENT,-59.7473,171.8930,-61.5951,-59.7473,-1.8479,-0.34758419,-0.33715666,-1.8479,-59.7473,-0.33715666,-1.8479,-1.8479,-1.8479,-2.4638,-2.4638,-59.7473,-0.33715666,-10.4712,-9.7863,-51.1240,-51.8089,-0.28849488,-0.29235982,-0.01042753,59.0698,59.0698,-20.5317,-30.7976,-20.5317,88.6046,1.5000,,59.0698,44.8212,54.7455,74.3994,80.9507,80.9507,80.9507,54.7455,39.4375,1.478673,1.478673,1.078989,3,3,2,2,0E-8,-0.34758419,,0E-8,0.000000,1.000000,0.000000,,2026-05-05,2026-05-06,2,3,3,2,1.000000,,,0.000000,,,,,,,,GLOBAL_BASELINE_NO_ENTITY_RANKING,,,NOT_APPLICABLE_GLOBAL_BASELINE,HF9g-P5,,,,X 全窗基线 · 不参与实体赏罚,3922267,393,A168_HF9F_20260827_0900,2026-08-27 09:00:00
2026-05-06,149570540,1507,0,41.5131544808,39.4374967568,39.4374967568,1.0000000,1,1,0.50665070000000000,0.506650700000,0.9867858985152569,0.9867858985152569,0.9867858985152569,0E-17,ELIGIBLE,R03b_20260811_FULL_v1,L1_ELIGIBILITY,v2026-08-11,2026-03-21..2026-08-06,baccarat_bet02_101_all_pairs_incl_sentinel,round_win = game_pnl > 0 (decisive only),COMPATIBILITY_ONLY_NOT_PRODUCTION,177.2093,177.2093,-61.5951,3,3,0.34758419,,0.34758419,0.34758419,61.5951,177.2093,THIN_EXPOSURE,0.0000,-1.8479,3.0000,97.0000,AG03-UNRESOLVED,ALL5_LEVELS_bet23_to_bet27,-1.8479,-1.8479,-1.8479,-2.4638,-2.4638,3.000000,3.000000,3.000000,4.000000,4.000000,97.000000,97.000000,97.000000,96.000000,96.000000,5.0,-10.4712,-9.7863,-51.1240,-51.8089,PENDING_AG03,FALSE,NOT_FOR_ENFORCEMENT,-59.7473,171.8930,-61.5951,-59.7473,-1.8479,-0.34758419,-0.33715666,-1.8479,-59.7473,-0.33715666,-1.8479,-1.8479,-1.8479,-2.4638,-2.4638,-59.7473,-0.33715666,-10.4712,-9.7863,-51.1240,-51.8089,-0.28849488,-0.29235982,-0.01042753,59.0698,59.0698,-20.5317,-30.7976,-20.5317,88.6046,1.5000,,59.0698,44.8212,54.7455,74.3994,80.9507,80.9507,80.9507,54.7455,39.4375,1.478673,1.478673,1.078989,3,3,2,2,0E-8,-0.34758419,,0E-8,0.000000,1.000000,0.000000,,2026-05-05,2026-05-06,2,3,3,2,1.000000,,,0.000000,,,,,,,,GLOBAL_BASELINE_NO_ENTITY_RANKING,,,NOT_APPLICABLE_GLOBAL_BASELINE,HF9g-P5,,,,X 全窗基线 · 不参与实体赏罚,3922268,393,A168_HF9F_20260827_0900,2026-08-27 09:00:00
2026-05-06,149570540,970,0,80.9506512376,76.9031186757,76.9031186757,1.0000000,1,1,0.50665070000000000,0.506650700000,0.9867858985152569,0.9867858985152569,0.9867858985152569,0E-17,ELIGIBLE,R03b_20260811_FULL_v1,L1_ELIGIBILITY,v2026-08-11,2026-03-21..2026-08-06,baccarat_bet02_101_all_pairs_incl_sentinel,round_win = game_pnl > 0 (decisive only),COMPATIBILITY_ONLY_NOT_PRODUCTION,177.2093,177.2093,-61.5951,3,3,0.34758419,,0.34758419,0.34758419,61.5951,177.2093,THIN_EXPOSURE,0.0000,-1.8479,3.0000,97.0000,AG03-UNRESOLVED,ALL5_LEVELS_bet23_to_bet27,-1.8479,-1.8479,-1.8479,-2.4638,-2.4638,3.000000,3.000000,3.000000,4.000000,4.000000,97.000000,97.000000,97.000000,96.000000,96.000000,5.0,-10.4712,-9.7863,-51.1240,-51.8089,PENDING_AG03,FALSE,NOT_FOR_ENFORCEMENT,-59.7473,171.8930,-61.5951,-59.7473,-1.8479,-0.34758419,-0.33715666,-1.8479,-59.7473,-0.33715666,-1.8479,-1.8479,-1.8479,-2.4638,-2.4638,-59.7473,-0.33715666,-10.4712,-9.7863,-51.1240,-51.8089,-0.28849488,-0.29235982,-0.01042753,59.0698,59.0698,-20.5317,-30.7976,-20.5317,88.6046,1.5000,,59.0698,44.8212,54.7455,74.3994,80.9507,80.9507,80.9507,54.7455,39.4375,1.478673,1.478673,1.078989,3,3,2,2,0E-8,-0.34758419,,0E-8,0.000000,1.000000,0.000000,,2026-05-05,2026-05-06,2,3,3,2,1.000000,,,0.000000,,,,,,,,GLOBAL_BASELINE_NO_ENTITY_RANKING,,,NOT_APPLICABLE_GLOBAL_BASELINE,HF9g-P5,,,,X 全窗基线 · 不参与实体赏罚,3922269,393,A168_HF9F_20260827_0900,2026-08-27 09:00:00
2026-03-22,136398808,1374,0,45.5538878796,21.7105089921,21.7105089921,0.7142857,7,7,0.50473567142857143,0.504735671429,1.1088843393366314,1.1088843393343726,1.1088843393366314,-4.2857E-13,ELIGIBLE,R03b_20260811_FULL_v1,L1_ELIGIBILITY,v2026-08-11,2026-03-21..2026-08-06,baccarat_bet02_101_all_pairs_incl_sentinel,round_win = game_pnl > 0 (decisive only),COMPATIBILITY_ONLY_NOT_PRODUCTION,353.3718,309.3978,-62.2350,59,59,0.17611773,,0.17611773,0.17611773,62.2350,353.3718,OK,0.0000,-2.4894,4.0000,96.0000,AG03-UNRESOLVED,ALL5_LEVELS_bet23_to_bet27,-2.4894,-2.4894,-2.4894,-3.1118,-3.1118,4.000000,4.000000,4.000000,5.000000,5.000000,96.000000,96.000000,96.000000,95.000000,95.000000,5.0,-13.6917,-12.542,-48.5433,-49.6931,PENDING_AG03,FALSE,NOT_FOR_ENFORCEMENT,-59.7456,297.0219,-62.2350,-59.7456,-2.4894,-0.17611773,-0.16907303,-2.4894,-59.7456,-0.16907303,-2.4894,-2.4894,-2.4894,-3.1118,-3.1118,-59.7456,-0.16907303,-13.6917,-12.542,-48.5433,-49.6931,-0.13737183,-0.14062547,-0.00704471,5.9894,5.2440,-1.0548,-62.2350,-7.7794,353.3718,59.0000,,5.9894,5.2663,5.2663,7.5704,7.8995,9.2161,11.7308,5.2663,2.6332,1.75,2.2275,1.137288,4,6,1,2,0E-8,-0.17611773,,0E-8,0.000000,0.875559,0.000000,,2026-03-22,2026-03-22,1,8,4,1,1.000000,,,0.000000,,,,,,,,GLOBAL_BASELINE_NO_ENTITY_RANKING,,,NOT_APPLICABLE_GLOBAL_BASELINE,HF9g-P5,,,,X 全窗基线 · 不参与实体赏罚,3922270,393,A168_HF9F_20260827_0900,2026-08-27 09:00:00
2026-03-22,136398808,1384,0,81.8916712749,24.0013692498,24.0013692498,0.5833333,13,13,0.49943251538461538,0.499432515385,0.5812822923260763,0.5812822923234111,0.5812822923260763,-3.8462E-13,ELIGIBLE,R03b_20260811_FULL_v1,L1_ELIGIBILITY,v2026-08-11,2026-03-21..2026-08-06,baccarat_bet02_101_all_pairs_incl_sentinel,round_win = game_pnl > 0 (decisive only),COMPATIBILITY_ONLY_NOT_PRODUCTION,353.3718,309.3978,-62.2350,59,59,0.17611773,,0.17611773,0.17611773,62.2350,353.3718,OK,0.0000,-2.4894,4.0000,96.0000,AG03-UNRESOLVED,ALL5_LEVELS_bet23_to_bet27,-2.4894,-2.4894,-2.4894,-3.1118,-3.1118,4.000000,4.000000,4.000000,5.000000,5.000000,96.000000,96.000000,96.000000,95.000000,95.000000,5.0,-13.6917,-12.542,-48.5433,-49.6931,PENDING_AG03,FALSE,NOT_FOR_ENFORCEMENT,-59.7456,297.0219,-62.2350,-59.7456,-2.4894,-0.17611773,-0.16907303,-2.4894,-59.7456,-0.16907303,-2.4894,-2.4894,-2.4894,-3.1118,-3.1118,-59.7456,-0.16907303,-13.6917,-12.542,-48.5433,-49.6931,-0.13737183,-0.14062547,-0.00704471,5.9894,5.2440,-1.0548,-62.2350,-7.7794,353.3718,59.0000,,5.9894,5.2663,5.2663,7.5704,7.8995,9.2161,11.7308,5.2663,2.6332,1.75,2.2275,1.137288,4,6,1,2,0E-8,-0.17611773,,0E-8,0.000000,0.875559,0.000000,,2026-03-22,2026-03-22,1,8,4,1,1.000000,,,0.000000,,,,,,,,GLOBAL_BASELINE_NO_ENTITY_RANKING,,,NOT_APPLICABLE_GLOBAL_BASELINE,HF9g-P5,,,,X 全窗基线 · 不参与实体赏罚,3922271,393,A168_HF9F_20260827_0900,2026-08-27 09:00:00
2026-03-22,136398808,2101,0,50.5569160281,-26.8583616400,-26.8583616400,0.1428571,9,9,0.49920336666666667,0.499203366667,-1.8856093709838873,-1.8856093709856494,-1.8856093709838873,-3.3333E-13,ELIGIBLE,R03b_20260811_FULL_v1,L1_ELIGIBILITY,v2026-08-11,2026-03-21..2026-08-06,baccarat_bet02_101_all_pairs_incl_sentinel,round_win = game_pnl > 0 (decisive only),COMPATIBILITY_ONLY_NOT_PRODUCTION,353.3718,309.3978,-62.2350,59,59,0.17611773,,0.17611773,0.17611773,62.2350,353.3718,OK,0.0000,-2.4894,4.0000,96.0000,AG03-UNRESOLVED,ALL5_LEVELS_bet23_to_bet27,-2.4894,-2.4894,-2.4894,-3.1118,-3.1118,4.000000,4.000000,4.000000,5.000000,5.000000,96.000000,96.000000,96.000000,95.000000,95.000000,5.0,-13.6917,-12.542,-48.5433,-49.6931,PENDING_AG03,FALSE,NOT_FOR_ENFORCEMENT,-59.7456,297.0219,-62.2350,-59.7456,-2.4894,-0.17611773,-0.16907303,-2.4894,-59.7456,-0.16907303,-2.4894,-2.4894,-2.4894,-3.1118,-3.1118,-59.7456,-0.16907303,-13.6917,-12.542,-48.5433,-49.6931,-0.13737183,-0.14062547,-0.00704471,5.9894,5.2440,-1.0548,-62.2350,-7.7794,353.3718,59.0000,,5.9894,5.2663,5.2663,7.5704,7.8995,9.2161,11.7308,5.2663,2.6332,1.75,2.2275,1.137288,4,6,1,2,0E-8,-0.17611773,,0E-8,0.000000,0.875559,0.000000,,2026-03-22,2026-03-22,1,8,4,1,1.000000,,,0.000000,,,,,,,,GLOBAL_BASELINE_NO_ENTITY_RANKING,,,NOT_APPLICABLE_GLOBAL_BASELINE,HF9g-P5,,,,X 全窗基线 · 不参与实体赏罚,3922272,393,A168_HF9F_20260827_0900,2026-08-27 09:00:00
2026-03-22,136398808,2103,0,85.5781130685,28.8332411722,28.8332411722,0.7500000,14,14,0.49899058571428571,0.498990585714,1.7390477787788476,1.7390477787808292,1.7390477787788476,2.8571E-13,ELIGIBLE,R03b_20260811_FULL_v1,L1_ELIGIBILITY,v2026-08-11,2026-03-21..2026-08-06,baccarat_bet02_101_all_pairs_incl_sentinel,round_win = game_pnl > 0 (decisive only),COMPATIBILITY_ONLY_NOT_PRODUCTION,353.3718,309.3978,-62.2350,59,59,0.17611773,,0.17611773,0.17611773,62.2350,353.3718,OK,0.0000,-2.4894,4.0000,96.0000,AG03-UNRESOLVED,ALL5_LEVELS_bet23_to_bet27,-2.4894,-2.4894,-2.4894,-3.1118,-3.1118,4.000000,4.000000,4.000000,5.000000,5.000000,96.000000,96.000000,96.000000,95.000000,95.000000,5.0,-13.6917,-12.542,-48.5433,-49.6931,PENDING_AG03,FALSE,NOT_FOR_ENFORCEMENT,-59.7456,297.0219,-62.2350,-59.7456,-2.4894,-0.17611773,-0.16907303,-2.4894,-59.7456,-0.16907303,-2.4894,-2.4894,-2.4894,-3.1118,-3.1118,-59.7456,-0.16907303,-13.6917,-12.542,-48.5433,-49.6931,-0.13737183,-0.14062547,-0.00704471,5.9894,5.2440,-1.0548,-62.2350,-7.7794,353.3718,59.0000,,5.9894,5.2663,5.2663,7.5704,7.8995,9.2161,11.7308,5.2663,2.6332,1.75,2.2275,1.137288,4,6,1,2,0E-8,-0.17611773,,0E-8,0.000000,0.875559,0.000000,,2026-03-22,2026-03-22,1,8,4,1,1.000000,,,0.000000,,,,,,,,GLOBAL_BASELINE_NO_ENTITY_RANKING,,,NOT_APPLICABLE_GLOBAL_BASELINE,HF9g-P5,,,,X 全窗基线 · 不参与实体赏罚,3922273,393,A168_HF9F_20260827_0900,2026-08-27 09:00:00
2026-03-22,136398808,2170,0,50.2935987571,6.9120783632,6.9120783632,0.6000000,8,8,0.49994810000000000,0.499948100000,0.44744570176651083,0.44744570176651083,0.44744570176651083,0E-17,ELIGIBLE,R03b_20260811_FULL_v1,L1_ELIGIBILITY,v2026-08-11,2026-03-21..2026-08-06,baccarat_bet02_101_all_pairs_incl_sentinel,round_win = game_pnl > 0 (decisive only),COMPATIBILITY_ONLY_NOT_PRODUCTION,353.3718,309.3978,-62.2350,59,59,0.17611773,,0.17611773,0.17611773,62.2350,353.3718,OK,0.0000,-2.4894,4.0000,96.0000,AG03-UNRESOLVED,ALL5_LEVELS_bet23_to_bet27,-2.4894,-2.4894,-2.4894,-3.1118,-3.1118,4.000000,4.000000,4.000000,5.000000,5.000000,96.000000,96.000000,96.000000,95.000000,95.000000,5.0,-13.6917,-12.542,-48.5433,-49.6931,PENDING_AG03,FALSE,NOT_FOR_ENFORCEMENT,-59.7456,297.0219,-62.2350,-59.7456,-2.4894,-0.17611773,-0.16907303,-2.4894,-59.7456,-0.16907303,-2.4894,-2.4894,-2.4894,-3.1118,-3.1118,-59.7456,-0.16907303,-13.6917,-12.542,-48.5433,-49.6931,-0.13737183,-0.14062547,-0.00704471,5.9894,5.2440,-1.0548,-62.2350,-7.7794,353.3718,59.0000,,5.9894,5.2663,5.2663,7.5704,7.8995,9.2161,11.7308,5.2663,2.6332,1.75,2.2275,1.137288,4,6,1,2,0E-8,-0.17611773,,0E-8,0.000000,0.875559,0.000000,,2026-03-22,2026-03-22,1,8,4,1,1.000000,,,0.000000,,,,,,,,GLOBAL_BASELINE_NO_ENTITY_RANKING,,,NOT_APPLICABLE_GLOBAL_BASELINE,HF9g-P5,,,,X 全窗基线 · 不参与实体赏罚,3922274,393,A168_HF9F_20260827_0900,2026-08-27 09:00:00
2026-03-22,136398808,2171,0,39.4975906470,7.6362008584,7.6362008584,0.6250000,8,8,0.49827245000000000,0.498272450000,0.7168835587341966,0.7168835587341966,0.7168835587341966,0E-17,ELIGIBLE,R03b_20260811_FULL_v1,L1_ELIGIBILITY,v2026-08-11,2026-03-21..2026-08-06,baccarat_bet02_101_all_pairs_incl_sentinel,round_win = game_pnl > 0 (decisive only),COMPATIBILITY_ONLY_NOT_PRODUCTION,353.3718,309.3978,-62.2350,59,59,0.17611773,,0.17611773,0.17611773,62.2350,353.3718,OK,0.0000,-2.4894,4.0000,96.0000,AG03-UNRESOLVED,ALL5_LEVELS_bet23_to_bet27,-2.4894,-2.4894,-2.4894,-3.1118,-3.1118,4.000000,4.000000,4.000000,5.000000,5.000000,96.000000,96.000000,96.000000,95.000000,95.000000,5.0,-13.6917,-12.542,-48.5433,-49.6931,PENDING_AG03,FALSE,NOT_FOR_ENFORCEMENT,-59.7456,297.0219,-62.2350,-59.7456,-2.4894,-0.17611773,-0.16907303,-2.4894,-59.7456,-0.16907303,-2.4894,-2.4894,-2.4894,-3.1118,-3.1118,-59.7456,-0.16907303,-13.6917,-12.542,-48.5433,-49.6931,-0.13737183,-0.14062547,-0.00704471,5.9894,5.2440,-1.0548,-62.2350,-7.7794,353.3718,59.0000,,5.9894,5.2663,5.2663,7.5704,7.8995,9.2161,11.7308,5.2663,2.6332,1.75,2.2275,1.137288,4,6,1,2,0E-8,-0.17611773,,0E-8,0.000000,0.875559,0.000000,,2026-03-22,2026-03-22,1,8,4,1,1.000000,,,0.000000,,,,,,,,GLOBAL_BASELINE_NO_ENTITY_RANKING,,,NOT_APPLICABLE_GLOBAL_BASELINE,HF9g-P5,,,,X 全窗基线 · 不参与实体赏罚,3922275,393,A168_HF9F_20260827_0900,2026-08-27 09:00:00
2026-06-10,151255181,1318,0,62.2315941060,62.2315941060,62.2315941060,1.0000000,1,1,0.49324550000000000,0.493245500000,1.01360149184955,1.01360149184955,1.01360149184955,0E-17,ELIGIBLE,R03b_20260811_FULL_v1,L1_ELIGIBILITY,v2026-08-11,2026-03-21..2026-08-06,baccarat_bet02_101_all_pairs_incl_sentinel,round_win = game_pnl > 0 (decisive only),COMPATIBILITY_ONLY_NOT_PRODUCTION,62.2316,62.2316,-62.2316,1,1,1.00000000,,1.00000000,1.00000000,62.2316,62.2316,THIN_EXPOSURE,0.0000,-2.4893,4.0000,96.0000,AG03-UNRESOLVED,ALL5_LEVELS_bet23_to_bet27,-2.4893,-2.4893,-3.1116,-3.1116,-3.1116,4.000000,4.000000,5.000000,5.000000,5.000000,96.000000,96.000000,95.000000,95.000000,95.000000,5.0,-14.3133,-13.0589,-47.9183,-49.1727,PENDING_AG03,FALSE,NOT_FOR_ENFORCEMENT,-59.7423,59.7423,-62.2316,-59.7423,-2.4893,-1.00000000,-0.96000000,-2.4893,-59.7423,-0.96000000,-2.4893,-2.4893,-3.1116,-3.1116,-3.1116,-59.7423,-0.96000000,-14.3133,-13.0589,-47.9183,-49.1727,-0.77000000,-0.7901568,-0.04000000,62.2316,62.2316,-62.2316,-62.2316,-62.2316,62.2316,1.0000,,62.2316,62.2316,62.2316,62.2316,62.2316,62.2316,62.2316,62.2316,62.2316,1.0,1.0,1.0,1,1,1,1,0E-8,-1.00000000,,0E-8,0.000000,1.000000,0.000000,,2026-06-10,2026-06-10,1,1,1,1,1.000000,,,0.000000,,,,,,,,GLOBAL_BASELINE_NO_ENTITY_RANKING,,,NOT_APPLICABLE_GLOBAL_BASELINE,HF9g-P5,,,,X 全窗基线 · 不参与实体赏罚,3922276,393,A168_HF9F_20260827_0900,2026-08-27 09:00:00
2026-06-09,106893231,1353,0,295.7286496776,99.2619641523,99.2619641523,0.6190476,26,22,0.48639506590898120,0.466449827273,1.2162310498439193,1.4017410624121074,1.2162310498439193,0.01994523863598120,ELIGIBLE,R03b_20260811_FULL_v1,L1_ELIGIBILITY,v2026-08-11,2026-03-21..2026-08-06,baccarat_bet02_101_all_pairs_incl_sentinel,round_win = game_pnl > 0 (decisive only),COMPATIBILITY_ONLY_NOT_PRODUCTION,372.8753,354.8744,-62.2316,38,29,0.16689655,,0.16689655,0.16689655,62.2316,372.8753,OK,0.0000,-2.4893,4.0000,96.0000,AG03-UNRESOLVED,ALL5_LEVELS_bet23_to_bet27,-2.4893,-2.4893,-2.4893,-3.1116,-3.1116,4.000000,4.000000,4.000000,5.000000,5.000000,96.000000,96.000000,96.000000,95.000000,95.000000,5.0,-13.6910,-12.5413,-48.5406,-49.6903,PENDING_AG03,FALSE,NOT_FOR_ENFORCEMENT,-59.7423,340.6794,-62.2316,-59.7423,-2.4893,-0.16689655,-0.16022069,-2.4893,-59.7423,-0.16022069,-2.4893,-2.4893,-2.4893,-3.1116,-3.1116,-59.7423,-0.16022069,-13.6910,-12.5413,-48.5406,-49.6903,-0.13017931,-0.1332626,-0.00667586,9.8125,12.2370,-2.1459,-62.2316,-31.1158,372.8753,29.0000,,9.8125,2.5716,12.8578,12.8578,21.8582,25.7155,25.7155,10.2862,-2.5716,2.0,2.0,0.763158,2,2,2,3,0E-8,-0.16689655,,0E-8,0.000000,0.951724,0.000000,,2026-06-09,2026-06-09,1,2,2,1,1.000000,,,0.000000,,,,,,,,GLOBAL_BASELINE_NO_ENTITY_RANKING,,,NOT_APPLICABLE_GLOBAL_BASELINE,HF9g-P5,,,,X 全窗基线 · 不参与实体赏罚,3922277,393,A168_HF9F_20260827_0900,2026-08-27 09:00:00
2026-06-09,106893231,2103,0,77.1466042641,-37.0303700470,-37.0303700470,0.2857143,12,7,0.29572141785674545,0.241762764286,-0.05801563152695302,0.2715974404810473,-0.05801563152695302,0.05395865357074545,ELIGIBLE,R03b_20260811_FULL_v1,L1_ELIGIBILITY,v2026-08-11,2026-03-21..2026-08-06,baccarat_bet02_101_all_pairs_incl_sentinel,round_win = game_pnl > 0 (decisive only),COMPATIBILITY_ONLY_NOT_PRODUCTION,372.8753,354.8744,-62.2316,38,29,0.16689655,,0.16689655,0.16689655,62.2316,372.8753,OK,0.0000,-2.4893,4.0000,96.0000,AG03-UNRESOLVED,ALL5_LEVELS_bet23_to_bet27,-2.4893,-2.4893,-2.4893,-3.1116,-3.1116,4.000000,4.000000,4.000000,5.000000,5.000000,96.000000,96.000000,96.000000,95.000000,95.000000,5.0,-13.6910,-12.5413,-48.5406,-49.6903,PENDING_AG03,FALSE,NOT_FOR_ENFORCEMENT,-59.7423,340.6794,-62.2316,-59.7423,-2.4893,-0.16689655,-0.16022069,-2.4893,-59.7423,-0.16022069,-2.4893,-2.4893,-2.4893,-3.1116,-3.1116,-59.7423,-0.16022069,-13.6910,-12.5413,-48.5406,-49.6903,-0.13017931,-0.1332626,-0.00667586,9.8125,12.2370,-2.1459,-62.2316,-31.1158,372.8753,29.0000,,9.8125,2.5716,12.8578,12.8578,21.8582,25.7155,25.7155,10.2862,-2.5716,2.0,2.0,0.763158,2,2,2,3,0E-8,-0.16689655,,0E-8,0.000000,0.951724,0.000000,,2026-06-09,2026-06-09,1,2,2,1,1.000000,,,0.000000,,,,,,,,GLOBAL_BASELINE_NO_ENTITY_RANKING,,,NOT_APPLICABLE_GLOBAL_BASELINE,HF9g-P5,,,,X 全窗基线 · 不参与实体赏罚,3922278,393,A168_HF9F_20260827_0900,2026-08-27 09:00:00
2026-06-25,152053654,1318,0,491.1667138119,62.2315941060,62.2315941060,0.5714286,14,7,0.42920949342845040,0.297754207143,0.7602104733013909,1.5834691682397142,0.7602104733013909,0.13145528628545040,ELIGIBLE,R03b_20260811_FULL_v1,L1_ELIGIBILITY,v2026-08-11,2026-03-21..2026-08-06,baccarat_bet02_101_all_pairs_incl_sentinel,round_win = game_pnl > 0 (decisive only),COMPATIBILITY_ONLY_NOT_PRODUCTION,491.1667,424.3063,-62.2316,14,7,0.12670157,,0.12670157,0.12670157,62.2316,491.1667,THIN_EXPOSURE,0.0000,-2.4893,4.0000,96.0000,AG03-UNRESOLVED,ALL5_LEVELS_bet23_to_bet27,-2.4893,-2.4893,-3.1116,-3.1116,-3.1116,4.000000,4.000000,5.000000,5.000000,5.000000,96.000000,96.000000,95.000000,95.000000,95.000000,5.0,-14.3133,-13.0589,-47.9183,-49.1727,PENDING_AG03,FALSE,NOT_FOR_ENFORCEMENT,-59.7423,407.3341,-62.2316,-59.7423,-2.4893,-0.12670157,-0.12163351,-2.4893,-59.7423,-0.12163351,-2.4893,-2.4893,-3.1116,-3.1116,-3.1116,-59.7423,-0.12163351,-14.3133,-13.0589,-47.9183,-49.1727,-0.09756021,-0.10011411,-0.00506806,35.0833,60.6152,-8.8902,-62.2316,-62.2316,491.1667,7.0000,,35.0833,10.2862,27.0013,64.2888,69.4319,87.4328,92.5759,15.4293,-10.2862,3.238096,3.428572,1.29932,1,1,1,3,0E-8,-0.12670157,,0E-8,0.000000,0.863874,0.000000,,2026-06-25,2026-06-25,1,1,1,1,1.000000,,,0.000000,,,,,,,,GLOBAL_BASELINE_NO_ENTITY_RANKING,,,NOT_APPLICABLE_GLOBAL_BASELINE,HF9g-P5,,,,X 全窗基线 · 不参与实体赏罚,3922279,393,A168_HF9F_20260827_0900,2026-08-27 09:00:00
2026-06-02,150887485,1017,0,25.7155347546,0E-10,0E-10,0.5000000,2,2,0.49994810000000000,0.499948100000,0.00014679536856514622,0.00014679536856514622,0.00014679536856514622,0E-17,ELIGIBLE,R03b_20260811_FULL_v1,L1_ELIGIBILITY,v2026-08-11,2026-03-21..2026-08-06,baccarat_bet02_101_all_pairs_incl_sentinel,round_win = game_pnl > 0 (decisive only),COMPATIBILITY_ONLY_NOT_PRODUCTION,666.0324,586.3142,-61.5887,51,51,0.09247104,,0.09247104,0.09247104,61.5887,666.0324,OK,0.0000,-1.8477,3.0000,97.0000,AG03-UNRESOLVED,ALL5_LEVELS_bet23_to_bet27,-1.8477,-1.8477,-1.8477,-2.4635,-2.4635,3.000000,3.000000,3.000000,4.000000,4.000000,97.000000,97.000000,97.000000,96.000000,96.000000,5.0,-10.4701,-9.7852,-51.1186,-51.8035,PENDING_AG03,FALSE,NOT_FOR_ENFORCEMENT,-59.7410,568.7248,-61.5887,-59.7410,-1.8477,-0.09247104,-0.08969691,-1.8477,-59.7410,-0.08969691,-1.8477,-1.8477,-1.8477,-2.4635,-2.4635,-59.7410,-0.08969691,-10.4701,-9.7852,-51.1186,-51.8035,-0.07675097,-0.07777919,-0.00277413,13.0595,11.4964,-1.2076,-61.5887,-3.4216,666.0324,51.0000,,13.0595,12.8578,12.8578,12.8578,12.8578,15.4293,15.4293,12.8578,0.0,1.2,1.2,1.015686,16,16,1,2,0E-8,-0.09247104,,0E-8,0.000000,0.880309,0.000000,,2026-06-02,2026-06-02,1,18,16,1,1.000000,,,0.000000,,,,,,,,GLOBAL_BASELINE_NO_ENTITY_RANKING,,,NOT_APPLICABLE_GLOBAL_BASELINE,HF9g-P5,,,,X 全窗基线 · 不参与实体赏罚,3922280,393,A168_HF9F_20260827_0900,2026-08-27 09:00:00
2026-06-02,150887485,1221,0,38.5733021319,12.8577673773,12.8577673773,0.6666667,3,3,0.49324550000000000,0.493245500000,0.6008033672792107,0.6008033672792106,0.6008033672792107,0E-17,ELIGIBLE,R03b_20260811_FULL_v1,L1_ELIGIBILITY,v2026-08-11,2026-03-21..2026-08-06,baccarat_bet02_101_all_pairs_incl_sentinel,round_win = game_pnl > 0 (decisive only),COMPATIBILITY_ONLY_NOT_PRODUCTION,666.0324,586.3142,-61.5887,51,51,0.09247104,,0.09247104,0.09247104,61.5887,666.0324,OK,0.0000,-1.8477,3.0000,97.0000,AG03-UNRESOLVED,ALL5_LEVELS_bet23_to_bet27,-1.8477,-1.8477,-1.8477,-2.4635,-2.4635,3.000000,3.000000,3.000000,4.000000,4.000000,97.000000,97.000000,97.000000,96.000000,96.000000,5.0,-10.4701,-9.7852,-51.1186,-51.8035,PENDING_AG03,FALSE,NOT_FOR_ENFORCEMENT,-59.7410,568.7248,-61.5887,-59.7410,-1.8477,-0.09247104,-0.08969691,-1.8477,-59.7410,-0.08969691,-1.8477,-1.8477,-1.8477,-2.4635,-2.4635,-59.7410,-0.08969691,-10.4701,-9.7852,-51.1186,-51.8035,-0.07675097,-0.07777919,-0.00277413,13.0595,11.4964,-1.2076,-61.5887,-3.4216,666.0324,51.0000,,13.0595,12.8578,12.8578,12.8578,12.8578,15.4293,15.4293,12.8578,0.0,1.2,1.2,1.015686,16,16,1,2,0E-8,-0.09247104,,0E-8,0.000000,0.880309,0.000000,,2026-06-02,2026-06-02,1,18,16,1,1.000000,,,0.000000,,,,,,,,GLOBAL_BASELINE_NO_ENTITY_RANKING,,,NOT_APPLICABLE_GLOBAL_BASELINE,HF9g-P5,,,,X 全窗基线 · 不参与实体赏罚,3922281,393,A168_HF9F_20260827_0900,2026-08-27 09:00:00
2026-06-02,150887485,1330,0,41.1448556073,2.5715534754,2.5715534754,0.5000000,3,3,0.49771390000000000,0.497713900000,0.006466134837551399,0.0064661348375514,0.006466134837551399,0E-17,ELIGIBLE,R03b_20260811_FULL_v1,L1_ELIGIBILITY,v2026-08-11,2026-03-21..2026-08-06,baccarat_bet02_101_all_pairs_incl_sentinel,round_win = game_pnl > 0 (decisive only),COMPATIBILITY_ONLY_NOT_PRODUCTION,666.0324,586.3142,-61.5887,51,51,0.09247104,,0.09247104,0.09247104,61.5887,666.0324,OK,0.0000,-1.8477,3.0000,97.0000,AG03-UNRESOLVED,ALL5_LEVELS_bet23_to_bet27,-1.8477,-1.8477,-1.8477,-2.4635,-2.4635,3.000000,3.000000,3.000000,4.000000,4.000000,97.000000,97.000000,97.000000,96.000000,96.000000,5.0,-10.4701,-9.7852,-51.1186,-51.8035,PENDING_AG03,FALSE,NOT_FOR_ENFORCEMENT,-59.7410,568.7248,-61.5887,-59.7410,-1.8477,-0.09247104,-0.08969691,-1.8477,-59.7410,-0.08969691,-1.8477,-1.8477,-1.8477,-2.4635,-2.4635,-59.7410,-0.08969691,-10.4701,-9.7852,-51.1186,-51.8035,-0.07675097,-0.07777919,-0.00277413,13.0595,11.4964,-1.2076,-61.5887,-3.4216,666.0324,51.0000,,13.0595,12.8578,12.8578,12.8578,12.8578,15.4293,15.4293,12.8578,0.0,1.2,1.2,1.015686,16,16,1,2,0E-8,-0.09247104,,0E-8,0.000000,0.880309,0.000000,,2026-06-02,2026-06-02,1,18,16,1,1.000000,,,0.000000,,,,,,,,GLOBAL_BASELINE_NO_ENTITY_RANKING,,,NOT_APPLICABLE_GLOBAL_BASELINE,HF9g-P5,,,,X 全窗基线 · 不参与实体赏罚,3922282,393,A168_HF9F_20260827_0900,2026-08-27 09:00:00
2026-06-02,150887485,1385,0,64.2888368865,-0.6428883689,-0.6428883689,0.5000000,5,5,0.49860758000000000,0.498607580000,0.005569701597489473,0.005569701597489473,0.005569701597489473,0E-17,ELIGIBLE,R03b_20260811_FULL_v1,L1_ELIGIBILITY,v2026-08-11,2026-03-21..2026-08-06,baccarat_bet02_101_all_pairs_incl_sentinel,round_win = game_pnl > 0 (decisive only),COMPATIBILITY_ONLY_NOT_PRODUCTION,666.0324,586.3142,-61.5887,51,51,0.09247104,,0.09247104,0.09247104,61.5887,666.0324,OK,0.0000,-1.8477,3.0000,97.0000,AG03-UNRESOLVED,ALL5_LEVELS_bet23_to_bet27,-1.8477,-1.8477,-1.8477,-2.4635,-2.4635,3.000000,3.000000,3.000000,4.000000,4.000000,97.000000,97.000000,97.000000,96.000000,96.000000,5.0,-10.4701,-9.7852,-51.1186,-51.8035,PENDING_AG03,FALSE,NOT_FOR_ENFORCEMENT,-59.7410,568.7248,-61.5887,-59.7410,-1.8477,-0.09247104,-0.08969691,-1.8477,-59.7410,-0.08969691,-1.8477,-1.8477,-1.8477,-2.4635,-2.4635,-59.7410,-0.08969691,-10.4701,-9.7852,-51.1186,-51.8035,-0.07675097,-0.07777919,-0.00277413,13.0595,11.4964,-1.2076,-61.5887,-3.4216,666.0324,51.0000,,13.0595,12.8578,12.8578,12.8578,12.8578,15.4293,15.4293,12.8578,0.0,1.2,1.2,1.015686,16,16,1,2,0E-8,-0.09247104,,0E-8,0.000000,0.880309,0.000000,,2026-06-02,2026-06-02,1,18,16,1,1.000000,,,0.000000,,,,,,,,GLOBAL_BASELINE_NO_ENTITY_RANKING,,,NOT_APPLICABLE_GLOBAL_BASELINE,HF9g-P5,,,,X 全窗基线 · 不参与实体赏罚,3922283,393,A168_HF9F_20260827_0900,2026-08-27 09:00:00
2026-06-02,150887485,1507,0,38.5733021319,-13.5006557462,-13.5006557462,0.3333333,3,3,0.49771390000000000,0.497713900000,-0.5694369385616226,-0.5694369385616226,-0.5694369385616226,0E-17,ELIGIBLE,R03b_20260811_FULL_v1,L1_ELIGIBILITY,v2026-08-11,2026-03-21..2026-08-06,baccarat_bet02_101_all_pairs_incl_sentinel,round_win = game_pnl > 0 (decisive only),COMPATIBILITY_ONLY_NOT_PRODUCTION,666.0324,586.3142,-61.5887,51,51,0.09247104,,0.09247104,0.09247104,61.5887,666.0324,OK,0.0000,-1.8477,3.0000,97.0000,AG03-UNRESOLVED,ALL5_LEVELS_bet23_to_bet27,-1.8477,-1.8477,-1.8477,-2.4635,-2.4635,3.000000,3.000000,3.000000,4.000000,4.000000,97.000000,97.000000,97.000000,96.000000,96.000000,5.0,-10.4701,-9.7852,-51.1186,-51.8035,PENDING_AG03,FALSE,NOT_FOR_ENFORCEMENT,-59.7410,568.7248,-61.5887,-59.7410,-1.8477,-0.09247104,-0.08969691,-1.8477,-59.7410,-0.08969691,-1.8477,-1.8477,-1.8477,-2.4635,-2.4635,-59.7410,-0.08969691,-10.4701,-9.7852,-51.1186,-51.8035,-0.07675097,-0.07777919,-0.00277413,13.0595,11.4964,-1.2076,-61.5887,-3.4216,666.0324,51.0000,,13.0595,12.8578,12.8578,12.8578,12.8578,15.4293,15.4293,12.8578,0.0,1.2,1.2,1.015686,16,16,1,2,0E-8,-0.09247104,,0E-8,0.000000,0.880309,0.000000,,2026-06-02,2026-06-02,1,18,16,1,1.000000,,,0.000000,,,,,,,,GLOBAL_BASELINE_NO_ENTITY_RANKING,,,NOT_APPLICABLE_GLOBAL_BASELINE,HF9g-P5,,,,X 全窗基线 · 不参与实体赏罚,3922284,393,A168_HF9F_20260827_0900,2026-08-27 09:00:00
2026-06-02,150887485,1704,0,25.7155347546,12.8577673773,12.8577673773,1.0000000,2,2,0.49994810000000000,0.499948100000,1.0001038053877793,1.0001038053877793,1.0001038053877793,0E-17,ELIGIBLE,R03b_20260811_FULL_v1,L1_ELIGIBILITY,v2026-08-11,2026-03-21..2026-08-06,baccarat_bet02_101_all_pairs_incl_sentinel,round_win = game_pnl > 0 (decisive only),COMPATIBILITY_ONLY_NOT_PRODUCTION,666.0324,586.3142,-61.5887,51,51,0.09247104,,0.09247104,0.09247104,61.5887,666.0324,OK,0.0000,-1.8477,3.0000,97.0000,AG03-UNRESOLVED,ALL5_LEVELS_bet23_to_bet27,-1.8477,-1.8477,-1.8477,-2.4635,-2.4635,3.000000,3.000000,3.000000,4.000000,4.000000,97.000000,97.000000,97.000000,96.000000,96.000000,5.0,-10.4701,-9.7852,-51.1186,-51.8035,PENDING_AG03,FALSE,NOT_FOR_ENFORCEMENT,-59.7410,568.7248,-61.5887,-59.7410,-1.8477,-0.09247104,-0.08969691,-1.8477,-59.7410,-0.08969691,-1.8477,-1.8477,-1.8477,-2.4635,-2.4635,-59.7410,-0.08969691,-10.4701,-9.7852,-51.1186,-51.8035,-0.07675097,-0.07777919,-0.00277413,13.0595,11.4964,-1.2076,-61.5887,-3.4216,666.0324,51.0000,,13.0595,12.8578,12.8578,12.8578,12.8578,15.4293,15.4293,12.8578,0.0,1.2,1.2,1.015686,16,16,1,2,0E-8,-0.09247104,,0E-8,0.000000,0.880309,0.000000,,2026-06-02,2026-06-02,1,18,16,1,1.000000,,,0.000000,,,,,,,,GLOBAL_BASELINE_NO_ENTITY_RANKING,,,NOT_APPLICABLE_GLOBAL_BASELINE,HF9g-P5,,,,X 全窗基线 · 不参与实体赏罚,3922285,393,A168_HF9F_20260827_0900,2026-08-27 09:00:00
2026-06-02,150887485,1714,0,51.4310695092,-0.6428883689,-0.6428883689,0.5000000,4,4,0.49994810000000000,0.499948100000,0.00020760000111838688,0.00020760000111838688,0.00020760000111838688,0E-17,ELIGIBLE,R03b_20260811_FULL_v1,L1_ELIGIBILITY,v2026-08-11,2026-03-21..2026-08-06,baccarat_bet02_101_all_pairs_incl_sentinel,round_win = game_pnl > 0 (decisive only),COMPATIBILITY_ONLY_NOT_PRODUCTION,666.0324,586.3142,-61.5887,51,51,0.09247104,,0.09247104,0.09247104,61.5887,666.0324,OK,0.0000,-1.8477,3.0000,97.0000,AG03-UNRESOLVED,ALL5_LEVELS_bet23_to_bet27,-1.8477,-1.8477,-1.8477,-2.4635,-2.4635,3.000000,3.000000,3.000000,4.000000,4.000000,97.000000,97.000000,97.000000,96.000000,96.000000,5.0,-10.4701,-9.7852,-51.1186,-51.8035,PENDING_AG03,FALSE,NOT_FOR_ENFORCEMENT,-59.7410,568.7248,-61.5887,-59.7410,-1.8477,-0.09247104,-0.08969691,-1.8477,-59.7410,-0.08969691,-1.8477,-1.8477,-1.8477,-2.4635,-2.4635,-59.7410,-0.08969691,-10.4701,-9.7852,-51.1186,-51.8035,-0.07675097,-0.07777919,-0.00277413,13.0595,11.4964,-1.2076,-61.5887,-3.4216,666.0324,51.0000,,13.0595,12.8578,12.8578,12.8578,12.8578,15.4293,15.4293,12.8578,0.0,1.2,1.2,1.015686,16,16,1,2,0E-8,-0.09247104,,0E-8,0.000000,0.880309,0.000000,,2026-06-02,2026-06-02,1,18,16,1,1.000000,,,0.000000,,,,,,,,GLOBAL_BASELINE_NO_ENTITY_RANKING,,,NOT_APPLICABLE_GLOBAL_BASELINE,HF9g-P5,,,,X 全窗基线 · 不参与实体赏罚,3922286,393,A168_HF9F_20260827_0900,2026-08-27 09:00:00
2026-06-02,150887485,1942,0,38.5733021319,12.2148790084,12.2148790084,0.6666667,3,3,0.49771390000000000,0.497713900000,0.5852756695216578,0.5852756695216578,0.5852756695216578,0E-17,ELIGIBLE,R03b_20260811_FULL_v1,L1_ELIGIBILITY,v2026-08-11,2026-03-21..2026-08-06,baccarat_bet02_101_all_pairs_incl_sentinel,round_win = game_pnl > 0 (decisive only),COMPATIBILITY_ONLY_NOT_PRODUCTION,666.0324,586.3142,-61.5887,51,51,0.09247104,,0.09247104,0.09247104,61.5887,666.0324,OK,0.0000,-1.8477,3.0000,97.0000,AG03-UNRESOLVED,ALL5_LEVELS_bet23_to_bet27,-1.8477,-1.8477,-1.8477,-2.4635,-2.4635,3.000000,3.000000,3.000000,4.000000,4.000000,97.000000,97.000000,97.000000,96.000000,96.000000,5.0,-10.4701,-9.7852,-51.1186,-51.8035,PENDING_AG03,FALSE,NOT_FOR_ENFORCEMENT,-59.7410,568.7248,-61.5887,-59.7410,-1.8477,-0.09247104,-0.08969691,-1.8477,-59.7410,-0.08969691,-1.8477,-1.8477,-1.8477,-2.4635,-2.4635,-59.7410,-0.08969691,-10.4701,-9.7852,-51.1186,-51.8035,-0.07675097,-0.07777919,-0.00277413,13.0595,11.4964,-1.2076,-61.5887,-3.4216,666.0324,51.0000,,13.0595,12.8578,12.8578,12.8578,12.8578,15.4293,15.4293,12.8578,0.0,1.2,1.2,1.015686,16,16,1,2,0E-8,-0.09247104,,0E-8,0.000000,0.880309,0.000000,,2026-06-02,2026-06-02,1,18,16,1,1.000000,,,0.000000,,,,,,,,GLOBAL_BASELINE_NO_ENTITY_RANKING,,,NOT_APPLICABLE_GLOBAL_BASELINE,HF9g-P5,,,,X 全窗基线 · 不参与实体赏罚,3922287,393,A168_HF9F_20260827_0900,2026-08-27 09:00:00
2026-06-02,150887485,2106,0,51.4310695092,12.2148790084,12.2148790084,0.6666667,4,4,0.50329940000000000,0.503299400000,0.5659331339966515,0.5659331339966515,0.5659331339966515,0E-17,ELIGIBLE,R03b_20260811_FULL_v1,L1_ELIGIBILITY,v2026-08-11,2026-03-21..2026-08-06,baccarat_bet02_101_all_pairs_incl_sentinel,round_win = game_pnl > 0 (decisive only),COMPATIBILITY_ONLY_NOT_PRODUCTION,666.0324,586.3142,-61.5887,51,51,0.09247104,,0.09247104,0.09247104,61.5887,666.0324,OK,0.0000,-1.8477,3.0000,97.0000,AG03-UNRESOLVED,ALL5_LEVELS_bet23_to_bet27,-1.8477,-1.8477,-1.8477,-2.4635,-2.4635,3.000000,3.000000,3.000000,4.000000,4.000000,97.000000,97.000000,97.000000,96.000000,96.000000,5.0,-10.4701,-9.7852,-51.1186,-51.8035,PENDING_AG03,FALSE,NOT_FOR_ENFORCEMENT,-59.7410,568.7248,-61.5887,-59.7410,-1.8477,-0.09247104,-0.08969691,-1.8477,-59.7410,-0.08969691,-1.8477,-1.8477,-1.8477,-2.4635,-2.4635,-59.7410,-0.08969691,-10.4701,-9.7852,-51.1186,-51.8035,-0.07675097,-0.07777919,-0.00277413,13.0595,11.4964,-1.2076,-61.5887,-3.4216,666.0324,51.0000,,13.0595,12.8578,12.8578,12.8578,12.8578,15.4293,15.4293,12.8578,0.0,1.2,1.2,1.015686,16,16,1,2,0E-8,-0.09247104,,0E-8,0.000000,0.880309,0.000000,,2026-06-02,2026-06-02,1,18,16,1,1.000000,,,0.000000,,,,,,,,GLOBAL_BASELINE_NO_ENTITY_RANKING,,,NOT_APPLICABLE_GLOBAL_BASELINE,HF9g-P5,,,,X 全窗基线 · 不参与实体赏罚,3922288,393,A168_HF9F_20260827_0900,2026-08-27 09:00:00
2026-06-02,150887485,2142,0,51.4310695092,11.5719906395,11.5719906395,0.6666667,4,4,0.50329940000000000,0.503299400000,0.5659331339966515,0.5659331339966515,0.5659331339966515,0E-17,ELIGIBLE,R03b_20260811_FULL_v1,L1_ELIGIBILITY,v2026-08-11,2026-03-21..2026-08-06,baccarat_bet02_101_all_pairs_incl_sentinel,round_win = game_pnl > 0 (decisive only),COMPATIBILITY_ONLY_NOT_PRODUCTION,666.0324,586.3142,-61.5887,51,51,0.09247104,,0.09247104,0.09247104,61.5887,666.0324,OK,0.0000,-1.8477,3.0000,97.0000,AG03-UNRESOLVED,ALL5_LEVELS_bet23_to_bet27,-1.8477,-1.8477,-1.8477,-2.4635,-2.4635,3.000000,3.000000,3.000000,4.000000,4.000000,97.000000,97.000000,97.000000,96.000000,96.000000,5.0,-10.4701,-9.7852,-51.1186,-51.8035,PENDING_AG03,FALSE,NOT_FOR_ENFORCEMENT,-59.7410,568.7248,-61.5887,-59.7410,-1.8477,-0.09247104,-0.08969691,-1.8477,-59.7410,-0.08969691,-1.8477,-1.8477,-1.8477,-2.4635,-2.4635,-59.7410,-0.08969691,-10.4701,-9.7852,-51.1186,-51.8035,-0.07675097,-0.07777919,-0.00277413,13.0595,11.4964,-1.2076,-61.5887,-3.4216,666.0324,51.0000,,13.0595,12.8578,12.8578,12.8578,12.8578,15.4293,15.4293,12.8578,0.0,1.2,1.2,1.015686,16,16,1,2,0E-8,-0.09247104,,0E-8,0.000000,0.880309,0.000000,,2026-06-02,2026-06-02,1,18,16,1,1.000000,,,0.000000,,,,,,,,GLOBAL_BASELINE_NO_ENTITY_RANKING,,,NOT_APPLICABLE_GLOBAL_BASELINE,HF9g-P5,,,,X 全窗基线 · 不参与实体赏罚,3922289,393,A168_HF9F_20260827_0900,2026-08-27 09:00:00
2026-06-02,150887485,2169,0,41.1448556073,14.6578548101,14.6578548101,0.6666667,3,3,0.50218230000000000,0.502182300000,0.5697959874915163,0.5697959874915164,0.5697959874915163,0E-17,ELIGIBLE,R03b_20260811_FULL_v1,L1_ELIGIBILITY,v2026-08-11,2026-03-21..2026-08-06,baccarat_bet02_101_all_pairs_incl_sentinel,round_win = game_pnl > 0 (decisive only),COMPATIBILITY_ONLY_NOT_PRODUCTION,666.0324,586.3142,-61.5887,51,51,0.09247104,,0.09247104,0.09247104,61.5887,666.0324,OK,0.0000,-1.8477,3.0000,97.0000,AG03-UNRESOLVED,ALL5_LEVELS_bet23_to_bet27,-1.8477,-1.8477,-1.8477,-2.4635,-2.4635,3.000000,3.000000,3.000000,4.000000,4.000000,97.000000,97.000000,97.000000,96.000000,96.000000,5.0,-10.4701,-9.7852,-51.1186,-51.8035,PENDING_AG03,FALSE,NOT_FOR_ENFORCEMENT,-59.7410,568.7248,-61.5887,-59.7410,-1.8477,-0.09247104,-0.08969691,-1.8477,-59.7410,-0.08969691,-1.8477,-1.8477,-1.8477,-2.4635,-2.4635,-59.7410,-0.08969691,-10.4701,-9.7852,-51.1186,-51.8035,-0.07675097,-0.07777919,-0.00277413,13.0595,11.4964,-1.2076,-61.5887,-3.4216,666.0324,51.0000,,13.0595,12.8578,12.8578,12.8578,12.8578,15.4293,15.4293,12.8578,0.0,1.2,1.2,1.015686,16,16,1,2,0E-8,-0.09247104,,0E-8,0.000000,0.880309,0.000000,,2026-06-02,2026-06-02,1,18,16,1,1.000000,,,0.000000,,,,,,,,GLOBAL_BASELINE_NO_ENTITY_RANKING,,,NOT_APPLICABLE_GLOBAL_BASELINE,HF9g-P5,,,,X 全窗基线 · 不参与实体赏罚,3922290,393,A168_HF9F_20260827_0900,2026-08-27 09:00:00
2026-06-02,150887485,2196,0,64.2888368865,12.8577673773,12.8577673773,0.6000000,5,5,0.49860758000000000,0.498607580000,0.4534424453485946,0.4534424453485946,0.4534424453485946,0E-17,ELIGIBLE,R03b_20260811_FULL_v1,L1_ELIGIBILITY,v2026-08-11,2026-03-21..2026-08-06,baccarat_bet02_101_all_pairs_incl_sentinel,round_win = game_pnl > 0 (decisive only),COMPATIBILITY_ONLY_NOT_PRODUCTION,666.0324,586.3142,-61.5887,51,51,0.09247104,,0.09247104,0.09247104,61.5887,666.0324,OK,0.0000,-1.8477,3.0000,97.0000,AG03-UNRESOLVED,ALL5_LEVELS_bet23_to_bet27,-1.8477,-1.8477,-1.8477,-2.4635,-2.4635,3.000000,3.000000,3.000000,4.000000,4.000000,97.000000,97.000000,97.000000,96.000000,96.000000,5.0,-10.4701,-9.7852,-51.1186,-51.8035,PENDING_AG03,FALSE,NOT_FOR_ENFORCEMENT,-59.7410,568.7248,-61.5887,-59.7410,-1.8477,-0.09247104,-0.08969691,-1.8477,-59.7410,-0.08969691,-1.8477,-1.8477,-1.8477,-2.4635,-2.4635,-59.7410,-0.08969691,-10.4701,-9.7852,-51.1186,-51.8035,-0.07675097,-0.07777919,-0.00277413,13.0595,11.4964,-1.2076,-61.5887,-3.4216,666.0324,51.0000,,13.0595,12.8578,12.8578,12.8578,12.8578,15.4293,15.4293,12.8578,0.0,1.2,1.2,1.015686,16,16,1,2,0E-8,-0.09247104,,0E-8,0.000000,0.880309,0.000000,,2026-06-02,2026-06-02,1,18,16,1,1.000000,,,0.000000,,,,,,,,GLOBAL_BASELINE_NO_ENTITY_RANKING,,,NOT_APPLICABLE_GLOBAL_BASELINE,HF9g-P5,,,,X 全窗基线 · 不参与实体赏罚,3922291,393,A168_HF9F_20260827_0900,2026-08-27 09:00:00
2026-06-02,150887485,2222,0,25.7155347546,25.7155347546,25.7155347546,1.0000000,2,2,0.49324550000000000,0.493245500000,1.4334489766152358,1.4334489766152358,1.4334489766152358,0E-17,ELIGIBLE,R03b_20260811_FULL_v1,L1_ELIGIBILITY,v2026-08-11,2026-03-21..2026-08-06,baccarat_bet02_101_all_pairs_incl_sentinel,round_win = game_pnl > 0 (decisive only),COMPATIBILITY_ONLY_NOT_PRODUCTION,666.0324,586.3142,-61.5887,51,51,0.09247104,,0.09247104,0.09247104,61.5887,666.0324,OK,0.0000,-1.8477,3.0000,97.0000,AG03-UNRESOLVED,ALL5_LEVELS_bet23_to_bet27,-1.8477,-1.8477,-1.8477,-2.4635,-2.4635,3.000000,3.000000,3.000000,4.000000,4.000000,97.000000,97.000000,97.000000,96.000000,96.000000,5.0,-10.4701,-9.7852,-51.1186,-51.8035,PENDING_AG03,FALSE,NOT_FOR_ENFORCEMENT,-59.7410,568.7248,-61.5887,-59.7410,-1.8477,-0.09247104,-0.08969691,-1.8477,-59.7410,-0.08969691,-1.8477,-1.8477,-1.8477,-2.4635,-2.4635,-59.7410,-0.08969691,-10.4701,-9.7852,-51.1186,-51.8035,-0.07675097,-0.07777919,-0.00277413,13.0595,11.4964,-1.2076,-61.5887,-3.4216,666.0324,51.0000,,13.0595,12.8578,12.8578,12.8578,12.8578,15.4293,15.4293,12.8578,0.0,1.2,1.2,1.015686,16,16,1,2,0E-8,-0.09247104,,0E-8,0.000000,0.880309,0.000000,,2026-06-02,2026-06-02,1,18,16,1,1.000000,,,0.000000,,,,,,,,GLOBAL_BASELINE_NO_ENTITY_RANKING,,,NOT_APPLICABLE_GLOBAL_BASELINE,HF9g-P5,,,,X 全窗基线 · 不参与实体赏罚,3922292,393,A168_HF9F_20260827_0900,2026-08-27 09:00:00
2026-06-02,150887485,2234,0,25.7155347546,0E-10,0E-10,0.5000000,2,2,0.49324550000000000,0.493245500000,0.01910635448239258,0.01910635448239258,0.01910635448239258,0E-17,ELIGIBLE,R03b_20260811_FULL_v1,L1_ELIGIBILITY,v2026-08-11,2026-03-21..2026-08-06,baccarat_bet02_101_all_pairs_incl_sentinel,round_win = game_pnl > 0 (decisive only),COMPATIBILITY_ONLY_NOT_PRODUCTION,666.0324,586.3142,-61.5887,51,51,0.09247104,,0.09247104,0.09247104,61.5887,666.0324,OK,0.0000,-1.8477,3.0000,97.0000,AG03-UNRESOLVED,ALL5_LEVELS_bet23_to_bet27,-1.8477,-1.8477,-1.8477,-2.4635,-2.4635,3.000000,3.000000,3.000000,4.000000,4.000000,97.000000,97.000000,97.000000,96.000000,96.000000,5.0,-10.4701,-9.7852,-51.1186,-51.8035,PENDING_AG03,FALSE,NOT_FOR_ENFORCEMENT,-59.7410,568.7248,-61.5887,-59.7410,-1.8477,-0.09247104,-0.08969691,-1.8477,-59.7410,-0.08969691,-1.8477,-1.8477,-1.8477,-2.4635,-2.4635,-59.7410,-0.08969691,-10.4701,-9.7852,-51.1186,-51.8035,-0.07675097,-0.07777919,-0.00277413,13.0595,11.4964,-1.2076,-61.5887,-3.4216,666.0324,51.0000,,13.0595,12.8578,12.8578,12.8578,12.8578,15.4293,15.4293,12.8578,0.0,1.2,1.2,1.015686,16,16,1,2,0E-8,-0.09247104,,0E-8,0.000000,0.880309,0.000000,,2026-06-02,2026-06-02,1,18,16,1,1.000000,,,0.000000,,,,,,,,GLOBAL_BASELINE_NO_ENTITY_RANKING,,,NOT_APPLICABLE_GLOBAL_BASELINE,HF9g-P5,,,,X 全窗基线 · 不参与实体赏罚,3922293,393,A168_HF9F_20260827_0900,2026-08-27 09:00:00
2026-06-02,150887485,2244,0,43.7164090827,-28.2870882300,-28.2870882300,0E-7,3,3,0.50665070000000000,0.506650700000,-1.4331513700195317,-1.4331513700195317,-1.4331513700195317,0E-17,ELIGIBLE,R03b_20260811_FULL_v1,L1_ELIGIBILITY,v2026-08-11,2026-03-21..2026-08-06,baccarat_bet02_101_all_pairs_incl_sentinel,round_win = game_pnl > 0 (decisive only),COMPATIBILITY_ONLY_NOT_PRODUCTION,666.0324,586.3142,-61.5887,51,51,0.09247104,,0.09247104,0.09247104,61.5887,666.0324,OK,0.0000,-1.8477,3.0000,97.0000,AG03-UNRESOLVED,ALL5_LEVELS_bet23_to_bet27,-1.8477,-1.8477,-1.8477,-2.4635,-2.4635,3.000000,3.000000,3.000000,4.000000,4.000000,97.000000,97.000000,97.000000,96.000000,96.000000,5.0,-10.4701,-9.7852,-51.1186,-51.8035,PENDING_AG03,FALSE,NOT_FOR_ENFORCEMENT,-59.7410,568.7248,-61.5887,-59.7410,-1.8477,-0.09247104,-0.08969691,-1.8477,-59.7410,-0.08969691,-1.8477,-1.8477,-1.8477,-2.4635,-2.4635,-59.7410,-0.08969691,-10.4701,-9.7852,-51.1186,-51.8035,-0.07675097,-0.07777919,-0.00277413,13.0595,11.4964,-1.2076,-61.5887,-3.4216,666.0324,51.0000,,13.0595,12.8578,12.8578,12.8578,12.8578,15.4293,15.4293,12.8578,0.0,1.2,1.2,1.015686,16,16,1,2,0E-8,-0.09247104,,0E-8,0.000000,0.880309,0.000000,,2026-06-02,2026-06-02,1,18,16,1,1.000000,,,0.000000,,,,,,,,GLOBAL_BASELINE_NO_ENTITY_RANKING,,,NOT_APPLICABLE_GLOBAL_BASELINE,HF9g-P5,,,,X 全窗基线 · 不参与实体赏罚,3922294,393,A168_HF9F_20260827_0900,2026-08-27 09:00:00
2026-06-02,150887485,2250,0,38.5733021319,-12.8577673773,-12.8577673773,0.3333333,3,3,0.50218230000000000,0.502182300000,-0.5849155494134425,-0.5849155494134426,-0.5849155494134425,0E-17,ELIGIBLE,R03b_20260811_FULL_v1,L1_ELIGIBILITY,v2026-08-11,2026-03-21..2026-08-06,baccarat_bet02_101_all_pairs_incl_sentinel,round_win = game_pnl > 0 (decisive only),COMPATIBILITY_ONLY_NOT_PRODUCTION,666.0324,586.3142,-61.5887,51,51,0.09247104,,0.09247104,0.09247104,61.5887,666.0324,OK,0.0000,-1.8477,3.0000,97.0000,AG03-UNRESOLVED,ALL5_LEVELS_bet23_to_bet27,-1.8477,-1.8477,-1.8477,-2.4635,-2.4635,3.000000,3.000000,3.000000,4.000000,4.000000,97.000000,97.000000,97.000000,96.000000,96.000000,5.0,-10.4701,-9.7852,-51.1186,-51.8035,PENDING_AG03,FALSE,NOT_FOR_ENFORCEMENT,-59.7410,568.7248,-61.5887,-59.7410,-1.8477,-0.09247104,-0.08969691,-1.8477,-59.7410,-0.08969691,-1.8477,-1.8477,-1.8477,-2.4635,-2.4635,-59.7410,-0.08969691,-10.4701,-9.7852,-51.1186,-51.8035,-0.07675097,-0.07777919,-0.00277413,13.0595,11.4964,-1.2076,-61.5887,-3.4216,666.0324,51.0000,,13.0595,12.8578,12.8578,12.8578,12.8578,15.4293,15.4293,12.8578,0.0,1.2,1.2,1.015686,16,16,1,2,0E-8,-0.09247104,,0E-8,0.000000,0.880309,0.000000,,2026-06-02,2026-06-02,1,18,16,1,1.000000,,,0.000000,,,,,,,,GLOBAL_BASELINE_NO_ENTITY_RANKING,,,NOT_APPLICABLE_GLOBAL_BASELINE,HF9g-P5,,,,X 全窗基线 · 不参与实体赏罚,3922295,393,A168_HF9F_20260827_0900,2026-08-27 09:00:00
2026-03-23,142977957,1400,0,5.2663454196,-5.2663454196,-5.2663454196,0E-7,1,1,0.50665070000000000,0.506650700000,-1.013391052207602,-1.013391052207602,-1.013391052207602,0E-17,ELIGIBLE,R03b_20260811_FULL_v1,L1_ELIGIBILITY,v2026-08-11,2026-03-21..2026-08-06,baccarat_bet02_101_all_pairs_incl_sentinel,round_win = game_pnl > 0 (decisive only),COMPATIBILITY_ONLY_NOT_PRODUCTION,84.8412,84.8412,-62.2284,5,5,0.73346816,,0.73346816,0.73346816,62.2284,84.8412,THIN_EXPOSURE,0.0000,-2.4891,4.0000,96.0000,AG03-UNRESOLVED,ALL5_LEVELS_bet23_to_bet27,-2.4891,-2.4891,-3.1114,-3.1114,-3.1114,4.000000,4.000000,5.000000,5.000000,5.000000,96.000000,96.000000,95.000000,95.000000,95.000000,5.0,-14.3125,-13.0582,-47.9158,-49.1702,PENDING_AG03,FALSE,NOT_FOR_ENFORCEMENT,-59.7392,81.4476,-62.2284,-59.7392,-2.4891,-0.73346816,-0.70412943,-2.4891,-59.7392,-0.70412943,-2.4891,-2.4891,-3.1114,-3.1114,-3.1114,-59.7392,-0.70412943,-14.3125,-13.0582,-47.9158,-49.1702,-0.56477048,-0.57955485,-0.02933873,16.9682,16.9682,-12.4457,-20.7428,-20.7428,28.2804,1.6667,,16.9682,5.2586,13.088,29.8406,32.1964,32.1964,32.1964,13.088,13.088,2.46,2.46,1.296476,2,3,3,2,0E-8,-0.73346816,,0E-8,0.000000,1.000000,0.000000,,2026-03-23,2026-04-08,3,3,3,17,0.176471,,,0.000000,,,,,,,,GLOBAL_BASELINE_NO_ENTITY_RANKING,,,NOT_APPLICABLE_GLOBAL_BASELINE,HF9g-P5,,,,X 全窗基线 · 不参与实体赏罚,3922296,393,A168_HF9F_20260827_0900,2026-08-27 09:00:00
2026-04-07,142977957,2170,0,32.1964243646,30.5866031463,30.5866031463,1.0000000,1,1,0.50665070000000000,0.506650700000,0.9867858985152569,0.9867858985152569,0.9867858985152569,0E-17,ELIGIBLE,R03b_20260811_FULL_v1,L1_ELIGIBILITY,v2026-08-11,2026-03-21..2026-08-06,baccarat_bet02_101_all_pairs_incl_sentinel,round_win = game_pnl > 0 (decisive only),COMPATIBILITY_ONLY_NOT_PRODUCTION,84.8412,84.8412,-62.2284,5,5,0.73346816,,0.73346816,0.73346816,62.2284,84.8412,THIN_EXPOSURE,0.0000,-2.4891,4.0000,96.0000,AG03-UNRESOLVED,ALL5_LEVELS_bet23_to_bet27,-2.4891,-2.4891,-3.1114,-3.1114,-3.1114,4.000000,4.000000,5.000000,5.000000,5.000000,96.000000,96.000000,95.000000,95.000000,95.000000,5.0,-14.3125,-13.0582,-47.9158,-49.1702,PENDING_AG03,FALSE,NOT_FOR_ENFORCEMENT,-59.7392,81.4476,-62.2284,-59.7392,-2.4891,-0.73346816,-0.70412943,-2.4891,-59.7392,-0.70412943,-2.4891,-2.4891,-3.1114,-3.1114,-3.1114,-59.7392,-0.70412943,-14.3125,-13.0582,-47.9158,-49.1702,-0.56477048,-0.57955485,-0.02933873,16.9682,16.9682,-12.4457,-20.7428,-20.7428,28.2804,1.6667,,16.9682,5.2586,13.088,29.8406,32.1964,32.1964,32.1964,13.088,13.088,2.46,2.46,1.296476,2,3,3,2,0E-8,-0.73346816,,0E-8,0.000000,1.000000,0.000000,,2026-03-23,2026-04-08,3,3,3,17,0.176471,,,0.000000,,,,,,,,GLOBAL_BASELINE_NO_ENTITY_RANKING,,,NOT_APPLICABLE_GLOBAL_BASELINE,HF9g-P5,,,,X 全窗基线 · 不参与实体赏罚,3922297,393,A168_HF9F_20260827_0900,2026-08-27 09:00:00
2026-04-08,142977957,986,0,47.3784781300,36.9080962228,36.9080962228,0.6666667,3,3,0.49324550000000000,0.493245500000,0.6008033672792107,0.6008033672792106,0.6008033672792107,0E-17,ELIGIBLE,R03b_20260811_FULL_v1,L1_ELIGIBILITY,v2026-08-11,2026-03-21..2026-08-06,baccarat_bet02_101_all_pairs_incl_sentinel,round_win = game_pnl > 0 (decisive only),COMPATIBILITY_ONLY_NOT_PRODUCTION,84.8412,84.8412,-62.2284,5,5,0.73346816,,0.73346816,0.73346816,62.2284,84.8412,THIN_EXPOSURE,0.0000,-2.4891,4.0000,96.0000,AG03-UNRESOLVED,ALL5_LEVELS_bet23_to_bet27,-2.4891,-2.4891,-3.1114,-3.1114,-3.1114,4.000000,4.000000,5.000000,5.000000,5.000000,96.000000,96.000000,95.000000,95.000000,95.000000,5.0,-14.3125,-13.0582,-47.9158,-49.1702,PENDING_AG03,FALSE,NOT_FOR_ENFORCEMENT,-59.7392,81.4476,-62.2284,-59.7392,-2.4891,-0.73346816,-0.70412943,-2.4891,-59.7392,-0.70412943,-2.4891,-2.4891,-3.1114,-3.1114,-3.1114,-59.7392,-0.70412943,-14.3125,-13.0582,-47.9158,-49.1702,-0.56477048,-0.57955485,-0.02933873,16.9682,16.9682,-12.4457,-20.7428,-20.7428,28.2804,1.6667,,16.9682,5.2586,13.088,29.8406,32.1964,32.1964,32.1964,13.088,13.088,2.46,2.46,1.296476,2,3,3,2,0E-8,-0.73346816,,0E-8,0.000000,1.000000,0.000000,,2026-03-23,2026-04-08,3,3,3,17,0.176471,,,0.000000,,,,,,,,GLOBAL_BASELINE_NO_ENTITY_RANKING,,,NOT_APPLICABLE_GLOBAL_BASELINE,HF9g-P5,,,,X 全窗基线 · 不参与实体赏罚,3922298,393,A168_HF9F_20260827_0900,2026-08-27 09:00:00
2026-03-30,133512629,2169,0,325.1968296602,-1.3165863550,-1.3165863550,0.3333333,14,3,0.39164232975918033,0.162521375000,-0.20690542950563037,0.801930607330779,-0.20690542950563037,0.22912095475918033,ELIGIBLE,R03b_20260811_FULL_v1,L1_ELIGIBILITY,v2026-08-11,2026-03-21..2026-08-06,baccarat_bet02_101_all_pairs_incl_sentinel,round_win = game_pnl > 0 (decisive only),COMPATIBILITY_ONLY_NOT_PRODUCTION,5702.5880,5414.6525,-62.2257,159,43,0.01091183,,0.01091183,0.01091183,62.2257,5702.5880,OK,0.0000,-2.4890,4.0000,96.0000,AG03-UNRESOLVED,ALL5_LEVELS_bet23_to_bet27,-2.4890,-2.4890,-2.4890,0.0000,0.0000,4.000000,4.000000,4.000000,0.000000,0.000000,96.000000,96.000000,96.000000,100.000000,100.000000,5.0,-7.4671,-7.1724,-54.7586,-55.0533,PENDING_AG03,FALSE,NOT_FOR_ENFORCEMENT,-59.7367,5198.0664,-62.2257,-59.7367,-2.4890,-0.01091183,-0.01047536,-2.4890,-59.7367,-0.01047536,-2.4890,-2.4890,-2.4890,0.0000,0.0000,-59.7367,-0.01047536,-7.4671,-7.1724,-54.7586,-55.0533,-0.00960241,-0.00965409,-0.00043647,35.8653,125.9222,-1.4471,-15.5564,-5.6569,1425.6470,10.7500,,35.8653,5.2352,10.4704,36.7772,121.9799,198.1389,261.7596,7.8995,-5.2663,18.923753,25.000001,3.425408,9,10,5,8,0E-8,-0.01091183,,0E-8,0.000000,0.949508,0.000000,,2026-03-30,2026-04-07,4,11,11,9,0.444444,,,0.000000,,,,,,,,GLOBAL_BASELINE_NO_ENTITY_RANKING,,,NOT_APPLICABLE_GLOBAL_BASELINE,HF9g-P5,,,,X 全窗基线 · 不参与实体赏罚,3922299,393,A168_HF9F_20260827_0900,2026-08-27 09:00:00
2026-03-31,133512629,2222,0,453.4323406273,-110.5932538115,-110.5932538115,0.5000000,21,5,0.40555510814319451,0.176423340000,0.3847049121147056,1.6977633279005049,0.3847049121147056,0.22913176814319451,ELIGIBLE,R03b_20260811_FULL_v1,L1_ELIGIBILITY,v2026-08-11,2026-03-21..2026-08-06,baccarat_bet02_101_all_pairs_incl_sentinel,round_win = game_pnl > 0 (decisive only),COMPATIBILITY_ONLY_NOT_PRODUCTION,5702.5880,5414.6525,-62.2257,159,43,0.01091183,,0.01091183,0.01091183,62.2257,5702.5880,OK,0.0000,-2.4890,4.0000,96.0000,AG03-UNRESOLVED,ALL5_LEVELS_bet23_to_bet27,-2.4890,-2.4890,-2.4890,0.0000,0.0000,4.000000,4.000000,4.000000,0.000000,0.000000,96.000000,96.000000,96.000000,100.000000,100.000000,5.0,-7.4671,-7.1724,-54.7586,-55.0533,PENDING_AG03,FALSE,NOT_FOR_ENFORCEMENT,-59.7367,5198.0664,-62.2257,-59.7367,-2.4890,-0.01091183,-0.01047536,-2.4890,-59.7367,-0.01047536,-2.4890,-2.4890,-2.4890,0.0000,0.0000,-59.7367,-0.01047536,-7.4671,-7.1724,-54.7586,-55.0533,-0.00960241,-0.00965409,-0.00043647,35.8653,125.9222,-1.4471,-15.5564,-5.6569,1425.6470,10.7500,,35.8653,5.2352,10.4704,36.7772,121.9799,198.1389,261.7596,7.8995,-5.2663,18.923753,25.000001,3.425408,9,10,5,8,0E-8,-0.01091183,,0E-8,0.000000,0.949508,0.000000,,2026-03-30,2026-04-07,4,11,11,9,0.444444,,,0.000000,,,,,,,,GLOBAL_BASELINE_NO_ENTITY_RANKING,,,NOT_APPLICABLE_GLOBAL_BASELINE,HF9g-P5,,,,X 全窗基线 · 不参与实体赏罚,3922300,393,A168_HF9F_20260827_0900,2026-08-27 09:00:00
2026-04-02,133512629,-1,1,790.2520744447,136.9656833232,136.9656833232,0.5714286,28,7,0.44675087373115320,0.215938410714,0.6635057950673363,2.2857912462185905,0.6635057950673363,0.23081246301715320,SENTINEL_DEALER,R03b_20260811_FULL_v1,L1_ELIGIBILITY,v2026-08-11,2026-03-21..2026-08-06,baccarat_bet02_101_all_pairs_incl_sentinel,round_win = game_pnl > 0 (decisive only),COMPATIBILITY_ONLY_NOT_PRODUCTION,5702.5880,5414.6525,-62.2257,159,43,0.01091183,,0.01091183,0.01091183,62.2257,5702.5880,OK,0.0000,-2.4890,4.0000,96.0000,AG03-UNRESOLVED,ALL5_LEVELS_bet23_to_bet27,-2.4890,-2.4890,-2.4890,0.0000,0.0000,4.000000,4.000000,4.000000,0.000000,0.000000,96.000000,96.000000,96.000000,100.000000,100.000000,5.0,-7.4671,-7.1724,-54.7586,-55.0533,PENDING_AG03,FALSE,NOT_FOR_ENFORCEMENT,-59.7367,5198.0664,-62.2257,-59.7367,-2.4890,-0.01091183,-0.01047536,-2.4890,-59.7367,-0.01047536,-2.4890,-2.4890,-2.4890,0.0000,0.0000,-59.7367,-0.01047536,-7.4671,-7.1724,-54.7586,-55.0533,-0.00960241,-0.00965409,-0.00043647,35.8653,125.9222,-1.4471,-15.5564,-5.6569,1425.6470,10.7500,,35.8653,5.2352,10.4704,36.7772,121.9799,198.1389,261.7596,7.8995,-5.2663,18.923753,25.000001,3.425408,9,10,5,8,0E-8,-0.01091183,,0E-8,0.000000,0.949508,0.000000,,2026-03-30,2026-04-07,4,11,11,9,0.444444,,,0.000000,,,,,,,,GLOBAL_BASELINE_NO_ENTITY_RANKING,,,NOT_APPLICABLE_GLOBAL_BASELINE,HF9g-P5,,,,X 全窗基线 · 不参与实体赏罚,3922301,393,A168_HF9F_20260827_0900,2026-08-27 09:00:00
2026-04-02,133512629,1318,0,293.1706934011,-293.1706934011,-293.1706934011,0E-7,4,1,0.46032650357134957,0.182381325000,-0.9235649549530444,-0.47229655960434547,-0.9235649549530444,0.27794517857134957,ELIGIBLE,R03b_20260811_FULL_v1,L1_ELIGIBILITY,v2026-08-11,2026-03-21..2026-08-06,baccarat_bet02_101_all_pairs_incl_sentinel,round_win = game_pnl > 0 (decisive only),COMPATIBILITY_ONLY_NOT_PRODUCTION,5702.5880,5414.6525,-62.2257,159,43,0.01091183,,0.01091183,0.01091183,62.2257,5702.5880,OK,0.0000,-2.4890,4.0000,96.0000,AG03-UNRESOLVED,ALL5_LEVELS_bet23_to_bet27,-2.4890,-2.4890,-2.4890,0.0000,0.0000,4.000000,4.000000,4.000000,0.000000,0.000000,96.000000,96.000000,96.000000,100.000000,100.000000,5.0,-7.4671,-7.1724,-54.7586,-55.0533,PENDING_AG03,FALSE,NOT_FOR_ENFORCEMENT,-59.7367,5198.0664,-62.2257,-59.7367,-2.4890,-0.01091183,-0.01047536,-2.4890,-59.7367,-0.01047536,-2.4890,-2.4890,-2.4890,0.0000,0.0000,-59.7367,-0.01047536,-7.4671,-7.1724,-54.7586,-55.0533,-0.00960241,-0.00965409,-0.00043647,35.8653,125.9222,-1.4471,-15.5564,-5.6569,1425.6470,10.7500,,35.8653,5.2352,10.4704,36.7772,121.9799,198.1389,261.7596,7.8995,-5.2663,18.923753,25.000001,3.425408,9,10,5,8,0E-8,-0.01091183,,0E-8,0.000000,0.949508,0.000000,,2026-03-30,2026-04-07,4,11,11,9,0.444444,,,0.000000,,,,,,,,GLOBAL_BASELINE_NO_ENTITY_RANKING,,,NOT_APPLICABLE_GLOBAL_BASELINE,HF9g-P5,,,,X 全窗基线 · 不参与实体赏罚,3922302,393,A168_HF9F_20260827_0900,2026-08-27 09:00:00
2026-04-02,133512629,1323,0,698.8979923046,365.1545690129,365.1545690129,0.5714286,20,7,0.44767954842301701,0.313789467857,0.6584330302852575,1.4689700062190865,0.6584330302852575,0.13389008056601701,ELIGIBLE,R03b_20260811_FULL_v1,L1_ELIGIBILITY,v2026-08-11,2026-03-21..2026-08-06,baccarat_bet02_101_all_pairs_incl_sentinel,round_win = game_pnl > 0 (decisive only),COMPATIBILITY_ONLY_NOT_PRODUCTION,5702.5880,5414.6525,-62.2257,159,43,0.01091183,,0.01091183,0.01091183,62.2257,5702.5880,OK,0.0000,-2.4890,4.0000,96.0000,AG03-UNRESOLVED,ALL5_LEVELS_bet23_to_bet27,-2.4890,-2.4890,-2.4890,0.0000,0.0000,4.000000,4.000000,4.000000,0.000000,0.000000,96.000000,96.000000,96.000000,100.000000,100.000000,5.0,-7.4671,-7.1724,-54.7586,-55.0533,PENDING_AG03,FALSE,NOT_FOR_ENFORCEMENT,-59.7367,5198.0664,-62.2257,-59.7367,-2.4890,-0.01091183,-0.01047536,-2.4890,-59.7367,-0.01047536,-2.4890,-2.4890,-2.4890,0.0000,0.0000,-59.7367,-0.01047536,-7.4671,-7.1724,-54.7586,-55.0533,-0.00960241,-0.00965409,-0.00043647,35.8653,125.9222,-1.4471,-15.5564,-5.6569,1425.6470,10.7500,,35.8653,5.2352,10.4704,36.7772,121.9799,198.1389,261.7596,7.8995,-5.2663,18.923753,25.000001,3.425408,9,10,5,8,0E-8,-0.01091183,,0E-8,0.000000,0.949508,0.000000,,2026-03-30,2026-04-07,4,11,11,9,0.444444,,,0.000000,,,,,,,,GLOBAL_BASELINE_NO_ENTITY_RANKING,,,NOT_APPLICABLE_GLOBAL_BASELINE,HF9g-P5,,,,X 全窗基线 · 不参与实体赏罚,3922303,393,A168_HF9F_20260827_0900,2026-08-27 09:00:00
2026-04-02,133512629,2101,0,740.2560008380,-325.2362379921,-325.2362379921,0.5000000,24,6,0.41230477654367200,0.182381325000,0.43638146977506265,2.0147263679934855,0.43638146977506265,0.22992345154367200,ELIGIBLE,R03b_20260811_FULL_v1,L1_ELIGIBILITY,v2026-08-11,2026-03-21..2026-08-06,baccarat_bet02_101_all_pairs_incl_sentinel,round_win = game_pnl > 0 (decisive only),COMPATIBILITY_ONLY_NOT_PRODUCTION,5702.5880,5414.6525,-62.2257,159,43,0.01091183,,0.01091183,0.01091183,62.2257,5702.5880,OK,0.0000,-2.4890,4.0000,96.0000,AG03-UNRESOLVED,ALL5_LEVELS_bet23_to_bet27,-2.4890,-2.4890,-2.4890,0.0000,0.0000,4.000000,4.000000,4.000000,0.000000,0.000000,96.000000,96.000000,96.000000,100.000000,100.000000,5.0,-7.4671,-7.1724,-54.7586,-55.0533,PENDING_AG03,FALSE,NOT_FOR_ENFORCEMENT,-59.7367,5198.0664,-62.2257,-59.7367,-2.4890,-0.01091183,-0.01047536,-2.4890,-59.7367,-0.01047536,-2.4890,-2.4890,-2.4890,0.0000,0.0000,-59.7367,-0.01047536,-7.4671,-7.1724,-54.7586,-55.0533,-0.00960241,-0.00965409,-0.00043647,35.8653,125.9222,-1.4471,-15.5564,-5.6569,1425.6470,10.7500,,35.8653,5.2352,10.4704,36.7772,121.9799,198.1389,261.7596,7.8995,-5.2663,18.923753,25.000001,3.425408,9,10,5,8,0E-8,-0.01091183,,0E-8,0.000000,0.949508,0.000000,,2026-03-30,2026-04-07,4,11,11,9,0.444444,,,0.000000,,,,,,,,GLOBAL_BASELINE_NO_ENTITY_RANKING,,,NOT_APPLICABLE_GLOBAL_BASELINE,HF9g-P5,,,,X 全窗基线 · 不参与实体赏罚,3922304,393,A168_HF9F_20260827_0900,2026-08-27 09:00:00
2026-04-02,133512629,2142,0,932.1257492869,401.1465068185,401.1465068185,0.8000000,21,5,0.42564452070880981,0.176423340000,1.6929934911733997,3.6580094125738873,1.6929934911733997,0.24922118070880981,ELIGIBLE,R03b_20260811_FULL_v1,L1_ELIGIBILITY,v2026-08-11,2026-03-21..2026-08-06,baccarat_bet02_101_all_pairs_incl_sentinel,round_win = game_pnl > 0 (decisive only),COMPATIBILITY_ONLY_NOT_PRODUCTION,5702.5880,5414.6525,-62.2257,159,43,0.01091183,,0.01091183,0.01091183,62.2257,5702.5880,OK,0.0000,-2.4890,4.0000,96.0000,AG03-UNRESOLVED,ALL5_LEVELS_bet23_to_bet27,-2.4890,-2.4890,-2.4890,0.0000,0.0000,4.000000,4.000000,4.000000,0.000000,0.000000,96.000000,96.000000,96.000000,100.000000,100.000000,5.0,-7.4671,-7.1724,-54.7586,-55.0533,PENDING_AG03,FALSE,NOT_FOR_ENFORCEMENT,-59.7367,5198.0664,-62.2257,-59.7367,-2.4890,-0.01091183,-0.01047536,-2.4890,-59.7367,-0.01047536,-2.4890,-2.4890,-2.4890,0.0000,0.0000,-59.7367,-0.01047536,-7.4671,-7.1724,-54.7586,-55.0533,-0.00960241,-0.00965409,-0.00043647,35.8653,125.9222,-1.4471,-15.5564,-5.6569,1425.6470,10.7500,,35.8653,5.2352,10.4704,36.7772,121.9799,198.1389,261.7596,7.8995,-5.2663,18.923753,25.000001,3.425408,9,10,5,8,0E-8,-0.01091183,,0E-8,0.000000,0.949508,0.000000,,2026-03-30,2026-04-07,4,11,11,9,0.444444,,,0.000000,,,,,,,,GLOBAL_BASELINE_NO_ENTITY_RANKING,,,NOT_APPLICABLE_GLOBAL_BASELINE,HF9g-P5,,,,X 全窗基线 · 不参与实体赏罚,3922305,393,A168_HF9F_20260827_0900,2026-08-27 09:00:00
2026-04-02,133512629,2241,0,299.7146820932,-53.6607072744,-53.6607072744,0.2500000,12,4,0.45610211180617691,0.322918450000,-0.8276042449770695,-0.3118893208138928,-0.8276042449770695,0.13318366180617691,ELIGIBLE,R03b_20260811_FULL_v1,L1_ELIGIBILITY,v2026-08-11,2026-03-21..2026-08-06,baccarat_bet02_101_all_pairs_incl_sentinel,round_win = game_pnl > 0 (decisive only),COMPATIBILITY_ONLY_NOT_PRODUCTION,5702.5880,5414.6525,-62.2257,159,43,0.01091183,,0.01091183,0.01091183,62.2257,5702.5880,OK,0.0000,-2.4890,4.0000,96.0000,AG03-UNRESOLVED,ALL5_LEVELS_bet23_to_bet27,-2.4890,-2.4890,-2.4890,0.0000,0.0000,4.000000,4.000000,4.000000,0.000000,0.000000,96.000000,96.000000,96.000000,100.000000,100.000000,5.0,-7.4671,-7.1724,-54.7586,-55.0533,PENDING_AG03,FALSE,NOT_FOR_ENFORCEMENT,-59.7367,5198.0664,-62.2257,-59.7367,-2.4890,-0.01091183,-0.01047536,-2.4890,-59.7367,-0.01047536,-2.4890,-2.4890,-2.4890,0.0000,0.0000,-59.7367,-0.01047536,-7.4671,-7.1724,-54.7586,-55.0533,-0.00960241,-0.00965409,-0.00043647,35.8653,125.9222,-1.4471,-15.5564,-5.6569,1425.6470,10.7500,,35.8653,5.2352,10.4704,36.7772,121.9799,198.1389,261.7596,7.8995,-5.2663,18.923753,25.000001,3.425408,9,10,5,8,0E-8,-0.01091183,,0E-8,0.000000,0.949508,0.000000,,2026-03-30,2026-04-07,4,11,11,9,0.444444,,,0.000000,,,,,,,,GLOBAL_BASELINE_NO_ENTITY_RANKING,,,NOT_APPLICABLE_GLOBAL_BASELINE,HF9g-P5,,,,X 全窗基线 · 不参与实体赏罚,3922306,393,A168_HF9F_20260827_0900,2026-08-27 09:00:00
2026-04-02,133512629,994,0,253.3832421538,-253.3832421538,-253.3832421538,0E-7,4,1,0.45305245619825403,0.182381325000,-0.910125759419113,-0.47229655960434547,-0.910125759419113,0.27067113119825403,ELIGIBLE,R03b_20260811_FULL_v1,L1_ELIGIBILITY,v2026-08-11,2026-03-21..2026-08-06,baccarat_bet02_101_all_pairs_incl_sentinel,round_win = game_pnl > 0 (decisive only),COMPATIBILITY_ONLY_NOT_PRODUCTION,5702.5880,5414.6525,-62.2257,159,43,0.01091183,,0.01091183,0.01091183,62.2257,5702.5880,OK,0.0000,-2.4890,4.0000,96.0000,AG03-UNRESOLVED,ALL5_LEVELS_bet23_to_bet27,-2.4890,-2.4890,-2.4890,0.0000,0.0000,4.000000,4.000000,4.000000,0.000000,0.000000,96.000000,96.000000,96.000000,100.000000,100.000000,5.0,-7.4671,-7.1724,-54.7586,-55.0533,PENDING_AG03,FALSE,NOT_FOR_ENFORCEMENT,-59.7367,5198.0664,-62.2257,-59.7367,-2.4890,-0.01091183,-0.01047536,-2.4890,-59.7367,-0.01047536,-2.4890,-2.4890,-2.4890,0.0000,0.0000,-59.7367,-0.01047536,-7.4671,-7.1724,-54.7586,-55.0533,-0.00960241,-0.00965409,-0.00043647,35.8653,125.9222,-1.4471,-15.5564,-5.6569,1425.6470,10.7500,,35.8653,5.2352,10.4704,36.7772,121.9799,198.1389,261.7596,7.8995,-5.2663,18.923753,25.000001,3.425408,9,10,5,8,0E-8,-0.01091183,,0E-8,0.000000,0.949508,0.000000,,2026-03-30,2026-04-07,4,11,11,9,0.444444,,,0.000000,,,,,,,,GLOBAL_BASELINE_NO_ENTITY_RANKING,,,NOT_APPLICABLE_GLOBAL_BASELINE,HF9g-P5,,,,X 全窗基线 · 不参与实体赏罚,3922307,393,A168_HF9F_20260827_0900,2026-08-27 09:00:00
2026-04-07,133512629,-1,1,602.0469596630,196.3196607595,196.3196607595,0.3333333,7,3,0.45783106825390458,0.311599322222,-0.43281483051324765,0.08127961079124428,-0.43281483051324765,0.14623174603190458,SENTINEL_DEALER,R03b_20260811_FULL_v1,L1_ELIGIBILITY,v2026-08-11,2026-03-21..2026-08-06,baccarat_bet02_101_all_pairs_incl_sentinel,round_win = game_pnl > 0 (decisive only),COMPATIBILITY_ONLY_NOT_PRODUCTION,5702.5880,5414.6525,-62.2257,159,43,0.01091183,,0.01091183,0.01091183,62.2257,5702.5880,OK,0.0000,-2.4890,4.0000,96.0000,AG03-UNRESOLVED,ALL5_LEVELS_bet23_to_bet27,-2.4890,-2.4890,-2.4890,0.0000,0.0000,4.000000,4.000000,4.000000,0.000000,0.000000,96.000000,96.000000,96.000000,100.000000,100.000000,5.0,-7.4671,-7.1724,-54.7586,-55.0533,PENDING_AG03,FALSE,NOT_FOR_ENFORCEMENT,-59.7367,5198.0664,-62.2257,-59.7367,-2.4890,-0.01091183,-0.01047536,-2.4890,-59.7367,-0.01047536,-2.4890,-2.4890,-2.4890,0.0000,0.0000,-59.7367,-0.01047536,-7.4671,-7.1724,-54.7586,-55.0533,-0.00960241,-0.00965409,-0.00043647,35.8653,125.9222,-1.4471,-15.5564,-5.6569,1425.6470,10.7500,,35.8653,5.2352,10.4704,36.7772,121.9799,198.1389,261.7596,7.8995,-5.2663,18.923753,25.000001,3.425408,9,10,5,8,0E-8,-0.01091183,,0E-8,0.000000,0.949508,0.000000,,2026-03-30,2026-04-07,4,11,11,9,0.444444,,,0.000000,,,,,,,,GLOBAL_BASELINE_NO_ENTITY_RANKING,,,NOT_APPLICABLE_GLOBAL_BASELINE,HF9g-P5,,,,X 全窗基线 · 不参与实体赏罚,3922308,393,A168_HF9F_20260827_0900,2026-08-27 09:00:00
2026-04-07,133512629,1402,0,314.1114572155,0E-10,0E-10,,4,1,0.43460829166655199,0.182381325000,,,,0.25222696666655199,NO_DECISIVE_ROUND,R03b_20260811_FULL_v1,L1_ELIGIBILITY,v2026-08-11,2026-03-21..2026-08-06,baccarat_bet02_101_all_pairs_incl_sentinel,round_win = game_pnl > 0 (decisive only),COMPATIBILITY_ONLY_NOT_PRODUCTION,5702.5880,5414.6525,-62.2257,159,43,0.01091183,,0.01091183,0.01091183,62.2257,5702.5880,OK,0.0000,-2.4890,4.0000,96.0000,AG03-UNRESOLVED,ALL5_LEVELS_bet23_to_bet27,-2.4890,-2.4890,-2.4890,0.0000,0.0000,4.000000,4.000000,4.000000,0.000000,0.000000,96.000000,96.000000,96.000000,100.000000,100.000000,5.0,-7.4671,-7.1724,-54.7586,-55.0533,PENDING_AG03,FALSE,NOT_FOR_ENFORCEMENT,-59.7367,5198.0664,-62.2257,-59.7367,-2.4890,-0.01091183,-0.01047536,-2.4890,-59.7367,-0.01047536,-2.4890,-2.4890,-2.4890,0.0000,0.0000,-59.7367,-0.01047536,-7.4671,-7.1724,-54.7586,-55.0533,-0.00960241,-0.00965409,-0.00043647,35.8653,125.9222,-1.4471,-15.5564,-5.6569,1425.6470,10.7500,,35.8653,5.2352,10.4704,36.7772,121.9799,198.1389,261.7596,7.8995,-5.2663,18.923753,25.000001,3.425408,9,10,5,8,0E-8,-0.01091183,,0E-8,0.000000,0.949508,0.000000,,2026-03-30,2026-04-07,4,11,11,9,0.444444,,,0.000000,,,,,,,,GLOBAL_BASELINE_NO_ENTITY_RANKING,,,NOT_APPLICABLE_GLOBAL_BASELINE,HF9g-P5,,,,X 全窗基线 · 不参与实体赏罚,3922309,393,A168_HF9F_20260827_0900,2026-08-27 09:00:00
2026-07-11,144189642,2196,0,118.7617793612,62.2208452741,62.2208452741,0.6250000,19,8,0.37761326704365079,0.241709968750,1.4433365626036776,2.53225573378775,1.4433365626036776,0.13590329829365079,ELIGIBLE,R03b_20260811_FULL_v1,L1_ELIGIBILITY,v2026-08-11,2026-03-21..2026-08-06,baccarat_bet02_101_all_pairs_incl_sentinel,round_win = game_pnl > 0 (decisive only),COMPATIBILITY_ONLY_NOT_PRODUCTION,118.7618,118.7618,-62.2208,19,8,0.52391304,0.52391304,,0.52391304,62.2208,118.7618,THIN_EXPOSURE,0.0000,-2.4888,4.0000,96.0000,AG03-UNRESOLVED,ALL5_LEVELS_bet23_to_bet27,-2.4888,-2.4888,-3.1110,-3.1110,-3.1110,4.000000,4.000000,5.000000,5.000000,5.000000,96.000000,96.000000,95.000000,95.000000,95.000000,5.0,-14.3108,-13.0566,-47.9101,-49.1642,PENDING_AG03,FALSE,NOT_FOR_ENFORCEMENT,-59.7320,114.0113,-62.2208,-59.7320,-2.4888,-0.52391304,-0.50295652,-2.4888,-59.7320,-0.50295652,-2.4888,-2.4888,-3.1110,-3.1110,-3.1110,-59.7320,-0.50295652,-14.3108,-13.0566,-47.9101,-49.1642,-0.40341304,-0.41397345,-0.02095652,6.2506,14.8452,-7.7776,-62.2208,-62.2208,118.7618,8.0000,6.2506,,2.5818,2.5818,11.618,12.9089,17.1688,20.6542,2.5818,-2.5818,6.649998,8.0,2.421053,1,1,1,4,1.00000000,-0.52391304,-0.52391304,0E-8,0.000000,1.000000,0.000000,,2026-07-11,2026-07-11,1,1,1,1,1.000000,,1.000000,3.333333,,,,,,,,GLOBAL_BASELINE_NO_ENTITY_RANKING,,,NOT_APPLICABLE_GLOBAL_BASELINE,HF9g-P5,,,,X 全窗基线 · 不参与实体赏罚,3922310,393,A168_HF9F_20260827_0900,2026-08-27 09:00:00
2026-07-29,153621909,1400,0,23.2360003098,1.9363333592,1.9363333592,0.5000000,2,2,0.50665070000000000,0.506650700000,-0.018812684590367487,-0.018812684590367487,-0.018812684590367487,0E-17,ELIGIBLE,R03b_20260811_FULL_v1,L1_ELIGIBILITY,v2026-08-11,2026-03-21..2026-08-06,baccarat_bet02_101_all_pairs_incl_sentinel,round_win = game_pnl > 0 (decisive only),COMPATIBILITY_ONLY_NOT_PRODUCTION,129.0889,129.0889,-62.2208,9,9,0.48200000,0.48200000,,0.48200000,62.2208,129.0889,THIN_EXPOSURE,0.0000,-2.4888,4.0000,96.0000,AG03-UNRESOLVED,ALL5_LEVELS_bet23_to_bet27,-2.4888,-2.4888,-2.4888,-3.1110,-3.1110,4.000000,4.000000,4.000000,5.000000,5.000000,96.000000,96.000000,96.000000,95.000000,95.000000,5.0,-13.6886,-12.5391,-48.5323,-49.6817,PENDING_AG03,FALSE,NOT_FOR_ENFORCEMENT,-59.7320,123.9253,-62.2208,-59.7320,-2.4888,-0.48200000,-0.46272000,-2.4888,-59.7320,-0.46272000,-2.4888,-2.4888,-2.4888,-3.1110,-3.1110,-59.7320,-0.46272000,-13.6886,-12.5391,-48.5323,-49.6817,-0.37596000,-0.38486458,-0.01928000,14.3432,14.3432,-6.9134,-62.2208,-15.5552,129.0889,9.0000,14.3432,,10.3271,10.3271,16.1361,25.8178,25.8178,25.8178,10.3271,9.8108,2.5,2.5,1.388889,4,4,1,1,1.00000000,-0.48200000,-0.48200000,0E-8,0.000000,1.000000,0.000000,,2026-07-29,2026-07-29,1,4,4,1,1.000000,,1.000000,3.333333,,,,,,,,GLOBAL_BASELINE_NO_ENTITY_RANKING,,,NOT_APPLICABLE_GLOBAL_BASELINE,HF9g-P5,,,,X 全窗基线 · 不参与实体赏罚,3922311,393,A168_HF9F_20260827_0900,2026-08-27 09:00:00
2026-07-29,153621909,2145,0,61.9626674928,38.7266671830,38.7266671830,0.6666667,3,3,0.50665070000000000,0.506650700000,0.5543606114942035,0.5543606114942035,0.5543606114942035,0E-17,ELIGIBLE,R03b_20260811_FULL_v1,L1_ELIGIBILITY,v2026-08-11,2026-03-21..2026-08-06,baccarat_bet02_101_all_pairs_incl_sentinel,round_win = game_pnl > 0 (decisive only),COMPATIBILITY_ONLY_NOT_PRODUCTION,129.0889,129.0889,-62.2208,9,9,0.48200000,0.48200000,,0.48200000,62.2208,129.0889,THIN_EXPOSURE,0.0000,-2.4888,4.0000,96.0000,AG03-UNRESOLVED,ALL5_LEVELS_bet23_to_bet27,-2.4888,-2.4888,-2.4888,-3.1110,-3.1110,4.000000,4.000000,4.000000,5.000000,5.000000,96.000000,96.000000,96.000000,95.000000,95.000000,5.0,-13.6886,-12.5391,-48.5323,-49.6817,PENDING_AG03,FALSE,NOT_FOR_ENFORCEMENT,-59.7320,123.9253,-62.2208,-59.7320,-2.4888,-0.48200000,-0.46272000,-2.4888,-59.7320,-0.46272000,-2.4888,-2.4888,-2.4888,-3.1110,-3.1110,-59.7320,-0.46272000,-13.6886,-12.5391,-48.5323,-49.6817,-0.37596000,-0.38486458,-0.01928000,14.3432,14.3432,-6.9134,-62.2208,-15.5552,129.0889,9.0000,14.3432,,10.3271,10.3271,16.1361,25.8178,25.8178,25.8178,10.3271,9.8108,2.5,2.5,1.388889,4,4,1,1,1.00000000,-0.48200000,-0.48200000,0E-8,0.000000,1.000000,0.000000,,2026-07-29,2026-07-29,1,4,4,1,1.000000,,1.000000,3.333333,,,,,,,,GLOBAL_BASELINE_NO_ENTITY_RANKING,,,NOT_APPLICABLE_GLOBAL_BASELINE,HF9g-P5,,,,X 全窗基线 · 不参与实体赏罚,3922312,393,A168_HF9F_20260827_0900,2026-08-27 09:00:00
2026-07-29,153621909,2196,0,12.9088890610,12.2634446080,12.2634446080,1.0000000,1,1,0.50665070000000000,0.506650700000,0.9867858985152569,0.9867858985152569,0.9867858985152569,0E-17,ELIGIBLE,R03b_20260811_FULL_v1,L1_ELIGIBILITY,v2026-08-11,2026-03-21..2026-08-06,baccarat_bet02_101_all_pairs_incl_sentinel,round_win = game_pnl > 0 (decisive only),COMPATIBILITY_ONLY_NOT_PRODUCTION,129.0889,129.0889,-62.2208,9,9,0.48200000,0.48200000,,0.48200000,62.2208,129.0889,THIN_EXPOSURE,0.0000,-2.4888,4.0000,96.0000,AG03-UNRESOLVED,ALL5_LEVELS_bet23_to_bet27,-2.4888,-2.4888,-2.4888,-3.1110,-3.1110,4.000000,4.000000,4.000000,5.000000,5.000000,96.000000,96.000000,96.000000,95.000000,95.000000,5.0,-13.6886,-12.5391,-48.5323,-49.6817,PENDING_AG03,FALSE,NOT_FOR_ENFORCEMENT,-59.7320,123.9253,-62.2208,-59.7320,-2.4888,-0.48200000,-0.46272000,-2.4888,-59.7320,-0.46272000,-2.4888,-2.4888,-2.4888,-3.1110,-3.1110,-59.7320,-0.46272000,-13.6886,-12.5391,-48.5323,-49.6817,-0.37596000,-0.38486458,-0.01928000,14.3432,14.3432,-6.9134,-62.2208,-15.5552,129.0889,9.0000,14.3432,,10.3271,10.3271,16.1361,25.8178,25.8178,25.8178,10.3271,9.8108,2.5,2.5,1.388889,4,4,1,1,1.00000000,-0.48200000,-0.48200000,0E-8,0.000000,1.000000,0.000000,,2026-07-29,2026-07-29,1,4,4,1,1.000000,,1.000000,3.333333,,,,,,,,GLOBAL_BASELINE_NO_ENTITY_RANKING,,,NOT_APPLICABLE_GLOBAL_BASELINE,HF9g-P5,,,,X 全窗基线 · 不参与实体赏罚,3922313,393,A168_HF9F_20260827_0900,2026-08-27 09:00:00
2026-07-29,153621909,2223,0,30.9813337464,9.2944001240,9.2944001240,0.6666667,3,3,0.50665070000000000,0.506650700000,0.5543606114942035,0.5543606114942035,0.5543606114942035,0E-17,ELIGIBLE,R03b_20260811_FULL_v1,L1_ELIGIBILITY,v2026-08-11,2026-03-21..2026-08-06,baccarat_bet02_101_all_pairs_incl_sentinel,round_win = game_pnl > 0 (decisive only),COMPATIBILITY_ONLY_NOT_PRODUCTION,129.0889,129.0889,-62.2208,9,9,0.48200000,0.48200000,,0.48200000,62.2208,129.0889,THIN_EXPOSURE,0.0000,-2.4888,4.0000,96.0000,AG03-UNRESOLVED,ALL5_LEVELS_bet23_to_bet27,-2.4888,-2.4888,-2.4888,-3.1110,-3.1110,4.000000,4.000000,4.000000,5.000000,5.000000,96.000000,96.000000,96.000000,95.000000,95.000000,5.0,-13.6886,-12.5391,-48.5323,-49.6817,PENDING_AG03,FALSE,NOT_FOR_ENFORCEMENT,-59.7320,123.9253,-62.2208,-59.7320,-2.4888,-0.48200000,-0.46272000,-2.4888,-59.7320,-0.46272000,-2.4888,-2.4888,-2.4888,-3.1110,-3.1110,-59.7320,-0.46272000,-13.6886,-12.5391,-48.5323,-49.6817,-0.37596000,-0.38486458,-0.01928000,14.3432,14.3432,-6.9134,-62.2208,-15.5552,129.0889,9.0000,14.3432,,10.3271,10.3271,16.1361,25.8178,25.8178,25.8178,10.3271,9.8108,2.5,2.5,1.388889,4,4,1,1,1.00000000,-0.48200000,-0.48200000,0E-8,0.000000,1.000000,0.000000,,2026-07-29,2026-07-29,1,4,4,1,1.000000,,1.000000,3.333333,,,,,,,,GLOBAL_BASELINE_NO_ENTITY_RANKING,,,NOT_APPLICABLE_GLOBAL_BASELINE,HF9g-P5,,,,X 全窗基线 · 不参与实体赏罚,3922314,393,A168_HF9F_20260827_0900,2026-08-27 09:00:00
2026-07-21,132505708,1353,0,182.0153357602,62.2208452741,62.2208452741,0.6666667,4,4,0.49324550000000000,0.493245500000,0.6008033672792107,0.6008033672792106,0.6008033672792107,0E-17,ELIGIBLE,R03b_20260811_FULL_v1,L1_ELIGIBILITY,v2026-08-11,2026-03-21..2026-08-06,baccarat_bet02_101_all_pairs_incl_sentinel,round_win = game_pnl > 0 (decisive only),COMPATIBILITY_ONLY_NOT_PRODUCTION,182.0153,129.3471,-62.2208,4,4,0.34184397,0.34184397,,0.34184397,62.2208,182.0153,THIN_EXPOSURE,0.0000,-2.4888,4.0000,96.0000,AG03-UNRESOLVED,ALL5_LEVELS_bet23_to_bet27,-2.4888,-2.4888,-2.4888,-3.1110,-3.1110,4.000000,4.000000,4.000000,5.000000,5.000000,96.000000,96.000000,96.000000,95.000000,95.000000,5.0,-13.6886,-12.5391,-48.5323,-49.6817,PENDING_AG03,FALSE,NOT_FOR_ENFORCEMENT,-59.7320,124.1732,-62.2208,-59.7320,-2.4888,-0.34184397,-0.32817021,-2.4888,-59.7320,-0.32817021,-2.4888,-2.4888,-2.4888,-3.1110,-3.1110,-59.7320,-0.32817021,-13.6886,-12.5391,-48.5323,-49.6817,-0.26663830,-0.27295361,-0.01367376,45.5038,32.3368,-15.5552,-62.2208,-62.2208,182.0153,4.0000,45.5038,,38.3394,47.892,52.6683,52.6683,52.6683,52.6683,38.3394,21.5578,1.099731,1.099731,0.950135,1,1,1,1,1.00000000,-0.34184397,-0.34184397,0E-8,0.000000,0.710638,0.000000,,2026-07-21,2026-07-21,1,1,1,1,1.000000,,1.000000,3.333333,,,,,,,,GLOBAL_BASELINE_NO_ENTITY_RANKING,,,NOT_APPLICABLE_GLOBAL_BASELINE,HF9g-P5,,,,X 全窗基线 · 不参与实体赏罚,3922315,393,A168_HF9F_20260827_0900,2026-08-27 09:00:00
2026-07-28,153583407,-1,1,402.7573387032,-23.2360003098,-23.2360003098,0.4696970,76,76,0.50665070000000000,0.506650700000,-0.6004801713528708,-0.6004801713528708,-0.6004801713528708,0E-17,SENTINEL_DEALER,R03b_20260811_FULL_v1,L1_ELIGIBILITY,v2026-08-11,2026-03-21..2026-08-06,baccarat_bet02_101_all_pairs_incl_sentinel,round_win = game_pnl > 0 (decisive only),COMPATIBILITY_ONLY_NOT_PRODUCTION,1399.3236,1218.5991,-61.5754,330,328,0.04400369,0.04400369,,0.04400369,61.5754,1399.3236,OK,0.0000,-1.8473,3.0000,97.0000,AG03-UNRESOLVED,ALL5_LEVELS_bet23_to_bet27,-1.8473,-1.8473,-1.8473,-2.4630,-2.4630,3.000000,3.000000,3.000000,4.000000,4.000000,97.000000,97.000000,97.000000,96.000000,96.000000,5.0,-10.4678,-9.7831,-51.1076,-51.7923,PENDING_AG03,FALSE,NOT_FOR_ENFORCEMENT,-59.7281,1182.0412,-61.5754,-59.7281,-1.8473,-0.04400369,-0.04268358,-1.8473,-59.7281,-0.04268358,-1.8473,-1.8473,-1.8473,-2.4630,-2.4630,-59.7281,-0.04268358,-10.4678,-9.7831,-51.1076,-51.7923,-0.03652306,-0.03701236,-0.00132011,4.2404,3.7152,-0.1877,-30.7877,-1.0094,699.6618,164.0000,4.2404,,2.5818,5.1636,5.1636,5.1636,5.1636,5.1636,5.1636,0.0,1.0,1.0,0.821212,29,36,1,2,1.00000000,-0.04400369,-0.04400369,0E-8,0.000000,0.870849,0.621212,,2026-07-28,2026-07-29,2,61,57,2,1.000000,,1.000000,3.333333,,,,,,,,GLOBAL_BASELINE_NO_ENTITY_RANKING,,,NOT_APPLICABLE_GLOBAL_BASELINE,HF9g-P5,,,,X 全窗基线 · 不参与实体赏罚,3922316,393,A168_HF9F_20260827_0900,2026-08-27 09:00:00
2026-07-28,153583407,1004,0,46.4720006196,15.4906668732,15.4906668732,0.6666667,9,9,0.50665070000000000,0.506650700000,0.9601807448229117,0.9601807448229117,0.9601807448229117,0E-17,ELIGIBLE,R03b_20260811_FULL_v1,L1_ELIGIBILITY,v2026-08-11,2026-03-21..2026-08-06,baccarat_bet02_101_all_pairs_incl_sentinel,round_win = game_pnl > 0 (decisive only),COMPATIBILITY_ONLY_NOT_PRODUCTION,1399.3236,1218.5991,-61.5754,330,328,0.04400369,0.04400369,,0.04400369,61.5754,1399.3236,OK,0.0000,-1.8473,3.0000,97.0000,AG03-UNRESOLVED,ALL5_LEVELS_bet23_to_bet27,-1.8473,-1.8473,-1.8473,-2.4630,-2.4630,3.000000,3.000000,3.000000,4.000000,4.000000,97.000000,97.000000,97.000000,96.000000,96.000000,5.0,-10.4678,-9.7831,-51.1076,-51.7923,PENDING_AG03,FALSE,NOT_FOR_ENFORCEMENT,-59.7281,1182.0412,-61.5754,-59.7281,-1.8473,-0.04400369,-0.04268358,-1.8473,-59.7281,-0.04268358,-1.8473,-1.8473,-1.8473,-2.4630,-2.4630,-59.7281,-0.04268358,-10.4678,-9.7831,-51.1076,-51.7923,-0.03652306,-0.03701236,-0.00132011,4.2404,3.7152,-0.1877,-30.7877,-1.0094,699.6618,164.0000,4.2404,,2.5818,5.1636,5.1636,5.1636,5.1636,5.1636,5.1636,0.0,1.0,1.0,0.821212,29,36,1,2,1.00000000,-0.04400369,-0.04400369,0E-8,0.000000,0.870849,0.621212,,2026-07-28,2026-07-29,2,61,57,2,1.000000,,1.000000,3.333333,,,,,,,,GLOBAL_BASELINE_NO_ENTITY_RANKING,,,NOT_APPLICABLE_GLOBAL_BASELINE,HF9g-P5,,,,X 全窗基线 · 不参与实体赏罚,3922317,393,A168_HF9F_20260827_0900,2026-08-27 09:00:00
2026-07-28,153583407,1210,0,41.3084449952,-5.1635556244,-5.1635556244,0.4285714,8,8,0.50665070000000000,0.506650700000,-0.4131932236838825,-0.4131932236838825,-0.4131932236838825,0E-17,ELIGIBLE,R03b_20260811_FULL_v1,L1_ELIGIBILITY,v2026-08-11,2026-03-21..2026-08-06,baccarat_bet02_101_all_pairs_incl_sentinel,round_win = game_pnl > 0 (decisive only),COMPATIBILITY_ONLY_NOT_PRODUCTION,1399.3236,1218.5991,-61.5754,330,328,0.04400369,0.04400369,,0.04400369,61.5754,1399.3236,OK,0.0000,-1.8473,3.0000,97.0000,AG03-UNRESOLVED,ALL5_LEVELS_bet23_to_bet27,-1.8473,-1.8473,-1.8473,-2.4630,-2.4630,3.000000,3.000000,3.000000,4.000000,4.000000,97.000000,97.000000,97.000000,96.000000,96.000000,5.0,-10.4678,-9.7831,-51.1076,-51.7923,PENDING_AG03,FALSE,NOT_FOR_ENFORCEMENT,-59.7281,1182.0412,-61.5754,-59.7281,-1.8473,-0.04400369,-0.04268358,-1.8473,-59.7281,-0.04268358,-1.8473,-1.8473,-1.8473,-2.4630,-2.4630,-59.7281,-0.04268358,-10.4678,-9.7831,-51.1076,-51.7923,-0.03652306,-0.03701236,-0.00132011,4.2404,3.7152,-0.1877,-30.7877,-1.0094,699.6618,164.0000,4.2404,,2.5818,5.1636,5.1636,5.1636,5.1636,5.1636,5.1636,0.0,1.0,1.0,0.821212,29,36,1,2,1.00000000,-0.04400369,-0.04400369,0E-8,0.000000,0.870849,0.621212,,2026-07-28,2026-07-29,2,61,57,2,1.000000,,1.000000,3.333333,,,,,,,,GLOBAL_BASELINE_NO_ENTITY_RANKING,,,NOT_APPLICABLE_GLOBAL_BASELINE,HF9g-P5,,,,X 全窗基线 · 不参与实体赏罚,3922318,393,A168_HF9F_20260827_0900,2026-08-27 09:00:00
2026-07-28,153583407,1302,0,36.1448893708,15.4906668732,15.4906668732,0.7142857,7,7,0.50665070000000000,0.506650700000,1.098798430526454,1.098798430526454,1.098798430526454,0E-17,ELIGIBLE,R03b_20260811_FULL_v1,L1_ELIGIBILITY,v2026-08-11,2026-03-21..2026-08-06,baccarat_bet02_101_all_pairs_incl_sentinel,round_win = game_pnl > 0 (decisive only),COMPATIBILITY_ONLY_NOT_PRODUCTION,1399.3236,1218.5991,-61.5754,330,328,0.04400369,0.04400369,,0.04400369,61.5754,1399.3236,OK,0.0000,-1.8473,3.0000,97.0000,AG03-UNRESOLVED,ALL5_LEVELS_bet23_to_bet27,-1.8473,-1.8473,-1.8473,-2.4630,-2.4630,3.000000,3.000000,3.000000,4.000000,4.000000,97.000000,97.000000,97.000000,96.000000,96.000000,5.0,-10.4678,-9.7831,-51.1076,-51.7923,PENDING_AG03,FALSE,NOT_FOR_ENFORCEMENT,-59.7281,1182.0412,-61.5754,-59.7281,-1.8473,-0.04400369,-0.04268358,-1.8473,-59.7281,-0.04268358,-1.8473,-1.8473,-1.8473,-2.4630,-2.4630,-59.7281,-0.04268358,-10.4678,-9.7831,-51.1076,-51.7923,-0.03652306,-0.03701236,-0.00132011,4.2404,3.7152,-0.1877,-30.7877,-1.0094,699.6618,164.0000,4.2404,,2.5818,5.1636,5.1636,5.1636,5.1636,5.1636,5.1636,0.0,1.0,1.0,0.821212,29,36,1,2,1.00000000,-0.04400369,-0.04400369,0E-8,0.000000,0.870849,0.621212,,2026-07-28,2026-07-29,2,61,57,2,1.000000,,1.000000,3.333333,,,,,,,,GLOBAL_BASELINE_NO_ENTITY_RANKING,,,NOT_APPLICABLE_GLOBAL_BASELINE,HF9g-P5,,,,X 全窗基线 · 不参与实体赏罚,3922319,393,A168_HF9F_20260827_0900,2026-08-27 09:00:00
2026-07-28,153583407,1353,0,51.6355562440,0E-10,0E-10,0.5555556,10,10,0.50665070000000000,0.506650700000,0.2934550945819589,0.2934550945819589,0.2934550945819589,0E-17,ELIGIBLE,R03b_20260811_FULL_v1,L1_ELIGIBILITY,v2026-08-11,2026-03-21..2026-08-06,baccarat_bet02_101_all_pairs_incl_sentinel,round_win = game_pnl > 0 (decisive only),COMPATIBILITY_ONLY_NOT_PRODUCTION,1399.3236,1218.5991,-61.5754,330,328,0.04400369,0.04400369,,0.04400369,61.5754,1399.3236,OK,0.0000,-1.8473,3.0000,97.0000,AG03-UNRESOLVED,ALL5_LEVELS_bet23_to_bet27,-1.8473,-1.8473,-1.8473,-2.4630,-2.4630,3.000000,3.000000,3.000000,4.000000,4.000000,97.000000,97.000000,97.000000,96.000000,96.000000,5.0,-10.4678,-9.7831,-51.1076,-51.7923,PENDING_AG03,FALSE,NOT_FOR_ENFORCEMENT,-59.7281,1182.0412,-61.5754,-59.7281,-1.8473,-0.04400369,-0.04268358,-1.8473,-59.7281,-0.04268358,-1.8473,-1.8473,-1.8473,-2.4630,-2.4630,-59.7281,-0.04268358,-10.4678,-9.7831,-51.1076,-51.7923,-0.03652306,-0.03701236,-0.00132011,4.2404,3.7152,-0.1877,-30.7877,-1.0094,699.6618,164.0000,4.2404,,2.5818,5.1636,5.1636,5.1636,5.1636,5.1636,5.1636,0.0,1.0,1.0,0.821212,29,36,1,2,1.00000000,-0.04400369,-0.04400369,0E-8,0.000000,0.870849,0.621212,,2026-07-28,2026-07-29,2,61,57,2,1.000000,,1.000000,3.333333,,,,,,,,GLOBAL_BASELINE_NO_ENTITY_RANKING,,,NOT_APPLICABLE_GLOBAL_BASELINE,HF9g-P5,,,,X 全窗基线 · 不参与实体赏罚,3922320,393,A168_HF9F_20260827_0900,2026-08-27 09:00:00
2026-07-28,153583407,1383,0,36.1448893708,25.8177781220,25.8177781220,0.8571429,7,7,0.50665070000000000,0.506650700000,1.8547942576316225,1.8547942576316225,1.8547942576316225,0E-17,ELIGIBLE,R03b_20260811_FULL_v1,L1_ELIGIBILITY,v2026-08-11,2026-03-21..2026-08-06,baccarat_bet02_101_all_pairs_incl_sentinel,round_win = game_pnl > 0 (decisive only),COMPATIBILITY_ONLY_NOT_PRODUCTION,1399.3236,1218.5991,-61.5754,330,328,0.04400369,0.04400369,,0.04400369,61.5754,1399.3236,OK,0.0000,-1.8473,3.0000,97.0000,AG03-UNRESOLVED,ALL5_LEVELS_bet23_to_bet27,-1.8473,-1.8473,-1.8473,-2.4630,-2.4630,3.000000,3.000000,3.000000,4.000000,4.000000,97.000000,97.000000,97.000000,96.000000,96.000000,5.0,-10.4678,-9.7831,-51.1076,-51.7923,PENDING_AG03,FALSE,NOT_FOR_ENFORCEMENT,-59.7281,1182.0412,-61.5754,-59.7281,-1.8473,-0.04400369,-0.04268358,-1.8473,-59.7281,-0.04268358,-1.8473,-1.8473,-1.8473,-2.4630,-2.4630,-59.7281,-0.04268358,-10.4678,-9.7831,-51.1076,-51.7923,-0.03652306,-0.03701236,-0.00132011,4.2404,3.7152,-0.1877,-30.7877,-1.0094,699.6618,164.0000,4.2404,,2.5818,5.1636,5.1636,5.1636,5.1636,5.1636,5.1636,0.0,1.0,1.0,0.821212,29,36,1,2,1.00000000,-0.04400369,-0.04400369,0E-8,0.000000,0.870849,0.621212,,2026-07-28,2026-07-29,2,61,57,2,1.000000,,1.000000,3.333333,,,,,,,,GLOBAL_BASELINE_NO_ENTITY_RANKING,,,NOT_APPLICABLE_GLOBAL_BASELINE,HF9g-P5,,,,X 全窗基线 · 不参与实体赏罚,3922321,393,A168_HF9F_20260827_0900,2026-08-27 09:00:00
2026-07-28,153583407,1385,0,51.6355562440,-2.5817778122,-2.5817778122,0.5000000,10,10,0.50665070000000000,0.506650700000,-0.04206644158332448,-0.04206644158332448,-0.04206644158332448,0E-17,ELIGIBLE,R03b_20260811_FULL_v1,L1_ELIGIBILITY,v2026-08-11,2026-03-21..2026-08-06,baccarat_bet02_101_all_pairs_incl_sentinel,round_win = game_pnl > 0 (decisive only),COMPATIBILITY_ONLY_NOT_PRODUCTION,1399.3236,1218.5991,-61.5754,330,328,0.04400369,0.04400369,,0.04400369,61.5754,1399.3236,OK,0.0000,-1.8473,3.0000,97.0000,AG03-UNRESOLVED,ALL5_LEVELS_bet23_to_bet27,-1.8473,-1.8473,-1.8473,-2.4630,-2.4630,3.000000,3.000000,3.000000,4.000000,4.000000,97.000000,97.000000,97.000000,96.000000,96.000000,5.0,-10.4678,-9.7831,-51.1076,-51.7923,PENDING_AG03,FALSE,NOT_FOR_ENFORCEMENT,-59.7281,1182.0412,-61.5754,-59.7281,-1.8473,-0.04400369,-0.04268358,-1.8473,-59.7281,-0.04268358,-1.8473,-1.8473,-1.8473,-2.4630,-2.4630,-59.7281,-0.04268358,-10.4678,-9.7831,-51.1076,-51.7923,-0.03652306,-0.03701236,-0.00132011,4.2404,3.7152,-0.1877,-30.7877,-1.0094,699.6618,164.0000,4.2404,,2.5818,5.1636,5.1636,5.1636,5.1636,5.1636,5.1636,0.0,1.0,1.0,0.821212,29,36,1,2,1.00000000,-0.04400369,-0.04400369,0E-8,0.000000,0.870849,0.621212,,2026-07-28,2026-07-29,2,61,57,2,1.000000,,1.000000,3.333333,,,,,,,,GLOBAL_BASELINE_NO_ENTITY_RANKING,,,NOT_APPLICABLE_GLOBAL_BASELINE,HF9g-P5,,,,X 全窗基线 · 不参与实体赏罚,3922322,393,A168_HF9F_20260827_0900,2026-08-27 09:00:00
2026-07-28,153583407,1957,0,41.3084449952,-15.4906668732,-15.4906668732,0.2857143,8,8,0.50665070000000000,0.506650700000,-1.169189050789051,-1.169189050789051,-1.169189050789051,0E-17,ELIGIBLE,R03b_20260811_FULL_v1,L1_ELIGIBILITY,v2026-08-11,2026-03-21..2026-08-06,baccarat_bet02_101_all_pairs_incl_sentinel,round_win = game_pnl > 0 (decisive only),COMPATIBILITY_ONLY_NOT_PRODUCTION,1399.3236,1218.5991,-61.5754,330,328,0.04400369,0.04400369,,0.04400369,61.5754,1399.3236,OK,0.0000,-1.8473,3.0000,97.0000,AG03-UNRESOLVED,ALL5_LEVELS_bet23_to_bet27,-1.8473,-1.8473,-1.8473,-2.4630,-2.4630,3.000000,3.000000,3.000000,4.000000,4.000000,97.000000,97.000000,97.000000,96.000000,96.000000,5.0,-10.4678,-9.7831,-51.1076,-51.7923,PENDING_AG03,FALSE,NOT_FOR_ENFORCEMENT,-59.7281,1182.0412,-61.5754,-59.7281,-1.8473,-0.04400369,-0.04268358,-1.8473,-59.7281,-0.04268358,-1.8473,-1.8473,-1.8473,-2.4630,-2.4630,-59.7281,-0.04268358,-10.4678,-9.7831,-51.1076,-51.7923,-0.03652306,-0.03701236,-0.00132011,4.2404,3.7152,-0.1877,-30.7877,-1.0094,699.6618,164.0000,4.2404,,2.5818,5.1636,5.1636,5.1636,5.1636,5.1636,5.1636,0.0,1.0,1.0,0.821212,29,36,1,2,1.00000000,-0.04400369,-0.04400369,0E-8,0.000000,0.870849,0.621212,,2026-07-28,2026-07-29,2,61,57,2,1.000000,,1.000000,3.333333,,,,,,,,GLOBAL_BASELINE_NO_ENTITY_RANKING,,,NOT_APPLICABLE_GLOBAL_BASELINE,HF9g-P5,,,,X 全窗基线 · 不参与实体赏罚,3922323,393,A168_HF9F_20260827_0900,2026-08-27 09:00:00
2026-07-28,153583407,2089,0,36.1448893708,-30.9813337464,-30.9813337464,0E-7,7,7,0.50665070000000000,0.506650700000,-2.4822909878107726,-2.4822909878107726,-2.4822909878107726,0E-17,ELIGIBLE,R03b_20260811_FULL_v1,L1_ELIGIBILITY,v2026-08-11,2026-03-21..2026-08-06,baccarat_bet02_101_all_pairs_incl_sentinel,round_win = game_pnl > 0 (decisive only),COMPATIBILITY_ONLY_NOT_PRODUCTION,1399.3236,1218.5991,-61.5754,330,328,0.04400369,0.04400369,,0.04400369,61.5754,1399.3236,OK,0.0000,-1.8473,3.0000,97.0000,AG03-UNRESOLVED,ALL5_LEVELS_bet23_to_bet27,-1.8473,-1.8473,-1.8473,-2.4630,-2.4630,3.000000,3.000000,3.000000,4.000000,4.000000,97.000000,97.000000,97.000000,96.000000,96.000000,5.0,-10.4678,-9.7831,-51.1076,-51.7923,PENDING_AG03,FALSE,NOT_FOR_ENFORCEMENT,-59.7281,1182.0412,-61.5754,-59.7281,-1.8473,-0.04400369,-0.04268358,-1.8473,-59.7281,-0.04268358,-1.8473,-1.8473,-1.8473,-2.4630,-2.4630,-59.7281,-0.04268358,-10.4678,-9.7831,-51.1076,-51.7923,-0.03652306,-0.03701236,-0.00132011,4.2404,3.7152,-0.1877,-30.7877,-1.0094,699.6618,164.0000,4.2404,,2.5818,5.1636,5.1636,5.1636,5.1636,5.1636,5.1636,0.0,1.0,1.0,0.821212,29,36,1,2,1.00000000,-0.04400369,-0.04400369,0E-8,0.000000,0.870849,0.621212,,2026-07-28,2026-07-29,2,61,57,2,1.000000,,1.000000,3.333333,,,,,,,,GLOBAL_BASELINE_NO_ENTITY_RANKING,,,NOT_APPLICABLE_GLOBAL_BASELINE,HF9g-P5,,,,X 全窗基线 · 不参与实体赏罚,3922324,393,A168_HF9F_20260827_0900,2026-08-27 09:00:00
2026-07-28,153583407,2121,0,41.3084449952,10.3271112488,10.3271112488,0.6666667,8,8,0.50665070000000000,0.506650700000,0.7839842952205449,0.7839842952205449,0.7839842952205449,0E-17,ELIGIBLE,R03b_20260811_FULL_v1,L1_ELIGIBILITY,v2026-08-11,2026-03-21..2026-08-06,baccarat_bet02_101_all_pairs_incl_sentinel,round_win = game_pnl > 0 (decisive only),COMPATIBILITY_ONLY_NOT_PRODUCTION,1399.3236,1218.5991,-61.5754,330,328,0.04400369,0.04400369,,0.04400369,61.5754,1399.3236,OK,0.0000,-1.8473,3.0000,97.0000,AG03-UNRESOLVED,ALL5_LEVELS_bet23_to_bet27,-1.8473,-1.8473,-1.8473,-2.4630,-2.4630,3.000000,3.000000,3.000000,4.000000,4.000000,97.000000,97.000000,97.000000,96.000000,96.000000,5.0,-10.4678,-9.7831,-51.1076,-51.7923,PENDING_AG03,FALSE,NOT_FOR_ENFORCEMENT,-59.7281,1182.0412,-61.5754,-59.7281,-1.8473,-0.04400369,-0.04268358,-1.8473,-59.7281,-0.04268358,-1.8473,-1.8473,-1.8473,-2.4630,-2.4630,-59.7281,-0.04268358,-10.4678,-9.7831,-51.1076,-51.7923,-0.03652306,-0.03701236,-0.00132011,4.2404,3.7152,-0.1877,-30.7877,-1.0094,699.6618,164.0000,4.2404,,2.5818,5.1636,5.1636,5.1636,5.1636,5.1636,5.1636,0.0,1.0,1.0,0.821212,29,36,1,2,1.00000000,-0.04400369,-0.04400369,0E-8,0.000000,0.870849,0.621212,,2026-07-28,2026-07-29,2,61,57,2,1.000000,,1.000000,3.333333,,,,,,,,GLOBAL_BASELINE_NO_ENTITY_RANKING,,,NOT_APPLICABLE_GLOBAL_BASELINE,HF9g-P5,,,,X 全窗基线 · 不参与实体赏罚,3922325,393,A168_HF9F_20260827_0900,2026-08-27 09:00:00
2026-07-28,153583407,2156,0,36.1448893708,15.4906668732,15.4906668732,0.8333333,7,7,0.50665070000000000,0.506650700000,1.6005531159783741,1.6005531159783741,1.6005531159783741,0E-17,ELIGIBLE,R03b_20260811_FULL_v1,L1_ELIGIBILITY,v2026-08-11,2026-03-21..2026-08-06,baccarat_bet02_101_all_pairs_incl_sentinel,round_win = game_pnl > 0 (decisive only),COMPATIBILITY_ONLY_NOT_PRODUCTION,1399.3236,1218.5991,-61.5754,330,328,0.04400369,0.04400369,,0.04400369,61.5754,1399.3236,OK,0.0000,-1.8473,3.0000,97.0000,AG03-UNRESOLVED,ALL5_LEVELS_bet23_to_bet27,-1.8473,-1.8473,-1.8473,-2.4630,-2.4630,3.000000,3.000000,3.000000,4.000000,4.000000,97.000000,97.000000,97.000000,96.000000,96.000000,5.0,-10.4678,-9.7831,-51.1076,-51.7923,PENDING_AG03,FALSE,NOT_FOR_ENFORCEMENT,-59.7281,1182.0412,-61.5754,-59.7281,-1.8473,-0.04400369,-0.04268358,-1.8473,-59.7281,-0.04268358,-1.8473,-1.8473,-1.8473,-2.4630,-2.4630,-59.7281,-0.04268358,-10.4678,-9.7831,-51.1076,-51.7923,-0.03652306,-0.03701236,-0.00132011,4.2404,3.7152,-0.1877,-30.7877,-1.0094,699.6618,164.0000,4.2404,,2.5818,5.1636,5.1636,5.1636,5.1636,5.1636,5.1636,0.0,1.0,1.0,0.821212,29,36,1,2,1.00000000,-0.04400369,-0.04400369,0E-8,0.000000,0.870849,0.621212,,2026-07-28,2026-07-29,2,61,57,2,1.000000,,1.000000,3.333333,,,,,,,,GLOBAL_BASELINE_NO_ENTITY_RANKING,,,NOT_APPLICABLE_GLOBAL_BASELINE,HF9g-P5,,,,X 全窗基线 · 不参与实体赏罚,3922326,393,A168_HF9F_20260827_0900,2026-08-27 09:00:00
2026-07-28,153583407,2169,0,41.3084449952,0E-10,0E-10,0.5000000,8,8,0.50665070000000000,0.506650700000,-0.032584525537284574,-0.032584525537284574,-0.032584525537284574,0E-17,ELIGIBLE,R03b_20260811_FULL_v1,L1_ELIGIBILITY,v2026-08-11,2026-03-21..2026-08-06,baccarat_bet02_101_all_pairs_incl_sentinel,round_win = game_pnl > 0 (decisive only),COMPATIBILITY_ONLY_NOT_PRODUCTION,1399.3236,1218.5991,-61.5754,330,328,0.04400369,0.04400369,,0.04400369,61.5754,1399.3236,OK,0.0000,-1.8473,3.0000,97.0000,AG03-UNRESOLVED,ALL5_LEVELS_bet23_to_bet27,-1.8473,-1.8473,-1.8473,-2.4630,-2.4630,3.000000,3.000000,3.000000,4.000000,4.000000,97.000000,97.000000,97.000000,96.000000,96.000000,5.0,-10.4678,-9.7831,-51.1076,-51.7923,PENDING_AG03,FALSE,NOT_FOR_ENFORCEMENT,-59.7281,1182.0412,-61.5754,-59.7281,-1.8473,-0.04400369,-0.04268358,-1.8473,-59.7281,-0.04268358,-1.8473,-1.8473,-1.8473,-2.4630,-2.4630,-59.7281,-0.04268358,-10.4678,-9.7831,-51.1076,-51.7923,-0.03652306,-0.03701236,-0.00132011,4.2404,3.7152,-0.1877,-30.7877,-1.0094,699.6618,164.0000,4.2404,,2.5818,5.1636,5.1636,5.1636,5.1636,5.1636,5.1636,0.0,1.0,1.0,0.821212,29,36,1,2,1.00000000,-0.04400369,-0.04400369,0E-8,0.000000,0.870849,0.621212,,2026-07-28,2026-07-29,2,61,57,2,1.000000,,1.000000,3.333333,,,,,,,,GLOBAL_BASELINE_NO_ENTITY_RANKING,,,NOT_APPLICABLE_GLOBAL_BASELINE,HF9g-P5,,,,X 全窗基线 · 不参与实体赏罚,3922327,393,A168_HF9F_20260827_0900,2026-08-27 09:00:00
2026-07-28,153583407,2170,0,30.9813337464,0E-10,0E-10,0.5000000,6,6,0.50665070000000000,0.506650700000,-0.032584525537284574,-0.032584525537284574,-0.032584525537284574,0E-17,ELIGIBLE,R03b_20260811_FULL_v1,L1_ELIGIBILITY,v2026-08-11,2026-03-21..2026-08-06,baccarat_bet02_101_all_pairs_incl_sentinel,round_win = game_pnl > 0 (decisive only),COMPATIBILITY_ONLY_NOT_PRODUCTION,1399.3236,1218.5991,-61.5754,330,328,0.04400369,0.04400369,,0.04400369,61.5754,1399.3236,OK,0.0000,-1.8473,3.0000,97.0000,AG03-UNRESOLVED,ALL5_LEVELS_bet23_to_bet27,-1.8473,-1.8473,-1.8473,-2.4630,-2.4630,3.000000,3.000000,3.000000,4.000000,4.000000,97.000000,97.000000,97.000000,96.000000,96.000000,5.0,-10.4678,-9.7831,-51.1076,-51.7923,PENDING_AG03,FALSE,NOT_FOR_ENFORCEMENT,-59.7281,1182.0412,-61.5754,-59.7281,-1.8473,-0.04400369,-0.04268358,-1.8473,-59.7281,-0.04268358,-1.8473,-1.8473,-1.8473,-2.4630,-2.4630,-59.7281,-0.04268358,-10.4678,-9.7831,-51.1076,-51.7923,-0.03652306,-0.03701236,-0.00132011,4.2404,3.7152,-0.1877,-30.7877,-1.0094,699.6618,164.0000,4.2404,,2.5818,5.1636,5.1636,5.1636,5.1636,5.1636,5.1636,0.0,1.0,1.0,0.821212,29,36,1,2,1.00000000,-0.04400369,-0.04400369,0E-8,0.000000,0.870849,0.621212,,2026-07-28,2026-07-29,2,61,57,2,1.000000,,1.000000,3.333333,,,,,,,,GLOBAL_BASELINE_NO_ENTITY_RANKING,,,NOT_APPLICABLE_GLOBAL_BASELINE,HF9g-P5,,,,X 全窗基线 · 不参与实体赏罚,3922328,393,A168_HF9F_20260827_0900,2026-08-27 09:00:00
2026-07-28,153583407,2266,0,20.6542224976,-15.4906668732,-15.4906668732,0E-7,4,4,0.50665070000000000,0.506650700000,-1.7552447903592512,-1.7552447903592512,-1.7552447903592512,0E-17,ELIGIBLE,R03b_20260811_FULL_v1,L1_ELIGIBILITY,v2026-08-11,2026-03-21..2026-08-06,baccarat_bet02_101_all_pairs_incl_sentinel,round_win = game_pnl > 0 (decisive only),COMPATIBILITY_ONLY_NOT_PRODUCTION,1399.3236,1218.5991,-61.5754,330,328,0.04400369,0.04400369,,0.04400369,61.5754,1399.3236,OK,0.0000,-1.8473,3.0000,97.0000,AG03-UNRESOLVED,ALL5_LEVELS_bet23_to_bet27,-1.8473,-1.8473,-1.8473,-2.4630,-2.4630,3.000000,3.000000,3.000000,4.000000,4.000000,97.000000,97.000000,97.000000,96.000000,96.000000,5.0,-10.4678,-9.7831,-51.1076,-51.7923,PENDING_AG03,FALSE,NOT_FOR_ENFORCEMENT,-59.7281,1182.0412,-61.5754,-59.7281,-1.8473,-0.04400369,-0.04268358,-1.8473,-59.7281,-0.04268358,-1.8473,-1.8473,-1.8473,-2.4630,-2.4630,-59.7281,-0.04268358,-10.4678,-9.7831,-51.1076,-51.7923,-0.03652306,-0.03701236,-0.00132011,4.2404,3.7152,-0.1877,-30.7877,-1.0094,699.6618,164.0000,4.2404,,2.5818,5.1636,5.1636,5.1636,5.1636,5.1636,5.1636,0.0,1.0,1.0,0.821212,29,36,1,2,1.00000000,-0.04400369,-0.04400369,0E-8,0.000000,0.870849,0.621212,,2026-07-28,2026-07-29,2,61,57,2,1.000000,,1.000000,3.333333,,,,,,,,GLOBAL_BASELINE_NO_ENTITY_RANKING,,,NOT_APPLICABLE_GLOBAL_BASELINE,HF9g-P5,,,,X 全窗基线 · 不参与实体赏罚,3922329,393,A168_HF9F_20260827_0900,2026-08-27 09:00:00
2026-07-28,153583407,2287,0,36.1448893708,36.1448893708,36.1448893708,1.0000000,7,7,0.50665070000000000,0.506650700000,2.6107900847367906,2.6107900847367906,2.6107900847367906,0E-17,ELIGIBLE,R03b_20260811_FULL_v1,L1_ELIGIBILITY,v2026-08-11,2026-03-21..2026-08-06,baccarat_bet02_101_all_pairs_incl_sentinel,round_win = game_pnl > 0 (decisive only),COMPATIBILITY_ONLY_NOT_PRODUCTION,1399.3236,1218.5991,-61.5754,330,328,0.04400369,0.04400369,,0.04400369,61.5754,1399.3236,OK,0.0000,-1.8473,3.0000,97.0000,AG03-UNRESOLVED,ALL5_LEVELS_bet23_to_bet27,-1.8473,-1.8473,-1.8473,-2.4630,-2.4630,3.000000,3.000000,3.000000,4.000000,4.000000,97.000000,97.000000,97.000000,96.000000,96.000000,5.0,-10.4678,-9.7831,-51.1076,-51.7923,PENDING_AG03,FALSE,NOT_FOR_ENFORCEMENT,-59.7281,1182.0412,-61.5754,-59.7281,-1.8473,-0.04400369,-0.04268358,-1.8473,-59.7281,-0.04268358,-1.8473,-1.8473,-1.8473,-2.4630,-2.4630,-59.7281,-0.04268358,-10.4678,-9.7831,-51.1076,-51.7923,-0.03652306,-0.03701236,-0.00132011,4.2404,3.7152,-0.1877,-30.7877,-1.0094,699.6618,164.0000,4.2404,,2.5818,5.1636,5.1636,5.1636,5.1636,5.1636,5.1636,0.0,1.0,1.0,0.821212,29,36,1,2,1.00000000,-0.04400369,-0.04400369,0E-8,0.000000,0.870849,0.621212,,2026-07-28,2026-07-29,2,61,57,2,1.000000,,1.000000,3.333333,,,,,,,,GLOBAL_BASELINE_NO_ENTITY_RANKING,,,NOT_APPLICABLE_GLOBAL_BASELINE,HF9g-P5,,,,X 全窗基线 · 不参与实体赏罚,3922330,393,A168_HF9F_20260827_0900,2026-08-27 09:00:00
2026-07-28,153583407,2288,0,5.1635556244,5.1635556244,5.1635556244,1.0000000,1,1,0.50665070000000000,0.506650700000,0.9867858985152569,0.9867858985152569,0.9867858985152569,0E-17,ELIGIBLE,R03b_20260811_FULL_v1,L1_ELIGIBILITY,v2026-08-11,2026-03-21..2026-08-06,baccarat_bet02_101_all_pairs_incl_sentinel,round_win = game_pnl > 0 (decisive only),COMPATIBILITY_ONLY_NOT_PRODUCTION,1399.3236,1218.5991,-61.5754,330,328,0.04400369,0.04400369,,0.04400369,61.5754,1399.3236,OK,0.0000,-1.8473,3.0000,97.0000,AG03-UNRESOLVED,ALL5_LEVELS_bet23_to_bet27,-1.8473,-1.8473,-1.8473,-2.4630,-2.4630,3.000000,3.000000,3.000000,4.000000,4.000000,97.000000,97.000000,97.000000,96.000000,96.000000,5.0,-10.4678,-9.7831,-51.1076,-51.7923,PENDING_AG03,FALSE,NOT_FOR_ENFORCEMENT,-59.7281,1182.0412,-61.5754,-59.7281,-1.8473,-0.04400369,-0.04268358,-1.8473,-59.7281,-0.04268358,-1.8473,-1.8473,-1.8473,-2.4630,-2.4630,-59.7281,-0.04268358,-10.4678,-9.7831,-51.1076,-51.7923,-0.03652306,-0.03701236,-0.00132011,4.2404,3.7152,-0.1877,-30.7877,-1.0094,699.6618,164.0000,4.2404,,2.5818,5.1636,5.1636,5.1636,5.1636,5.1636,5.1636,0.0,1.0,1.0,0.821212,29,36,1,2,1.00000000,-0.04400369,-0.04400369,0E-8,0.000000,0.870849,0.621212,,2026-07-28,2026-07-29,2,61,57,2,1.000000,,1.000000,3.333333,,,,,,,,GLOBAL_BASELINE_NO_ENTITY_RANKING,,,NOT_APPLICABLE_GLOBAL_BASELINE,HF9g-P5,,,,X 全窗基线 · 不参与实体赏罚,3922331,393,A168_HF9F_20260827_0900,2026-08-27 09:00:00
2026-07-28,153583407,763,0,56.7991118684,7.7453334366,7.7453334366,0.6000000,11,11,0.50665070000000000,0.506650700000,0.5904450471821361,0.5904450471821361,0.5904450471821361,0E-17,ELIGIBLE,R03b_20260811_FULL_v1,L1_ELIGIBILITY,v2026-08-11,2026-03-21..2026-08-06,baccarat_bet02_101_all_pairs_incl_sentinel,round_win = game_pnl > 0 (decisive only),COMPATIBILITY_ONLY_NOT_PRODUCTION,1399.3236,1218.5991,-61.5754,330,328,0.04400369,0.04400369,,0.04400369,61.5754,1399.3236,OK,0.0000,-1.8473,3.0000,97.0000,AG03-UNRESOLVED,ALL5_LEVELS_bet23_to_bet27,-1.8473,-1.8473,-1.8473,-2.4630,-2.4630,3.000000,3.000000,3.000000,4.000000,4.000000,97.000000,97.000000,97.000000,96.000000,96.000000,5.0,-10.4678,-9.7831,-51.1076,-51.7923,PENDING_AG03,FALSE,NOT_FOR_ENFORCEMENT,-59.7281,1182.0412,-61.5754,-59.7281,-1.8473,-0.04400369,-0.04268358,-1.8473,-59.7281,-0.04268358,-1.8473,-1.8473,-1.8473,-2.4630,-2.4630,-59.7281,-0.04268358,-10.4678,-9.7831,-51.1076,-51.7923,-0.03652306,-0.03701236,-0.00132011,4.2404,3.7152,-0.1877,-30.7877,-1.0094,699.6618,164.0000,4.2404,,2.5818,5.1636,5.1636,5.1636,5.1636,5.1636,5.1636,0.0,1.0,1.0,0.821212,29,36,1,2,1.00000000,-0.04400369,-0.04400369,0E-8,0.000000,0.870849,0.621212,,2026-07-28,2026-07-29,2,61,57,2,1.000000,,1.000000,3.333333,,,,,,,,GLOBAL_BASELINE_NO_ENTITY_RANKING,,,NOT_APPLICABLE_GLOBAL_BASELINE,HF9g-P5,,,,X 全窗基线 · 不参与实体赏罚,3922332,393,A168_HF9F_20260827_0900,2026-08-27 09:00:00
2026-07-28,153583407,987,0,56.7991118684,15.4906668732,15.4906668732,0.6363636,11,11,0.50665070000000000,0.506650700000,0.860494406565227,0.860494406565227,0.860494406565227,0E-17,ELIGIBLE,R03b_20260811_FULL_v1,L1_ELIGIBILITY,v2026-08-11,2026-03-21..2026-08-06,baccarat_bet02_101_all_pairs_incl_sentinel,round_win = game_pnl > 0 (decisive only),COMPATIBILITY_ONLY_NOT_PRODUCTION,1399.3236,1218.5991,-61.5754,330,328,0.04400369,0.04400369,,0.04400369,61.5754,1399.3236,OK,0.0000,-1.8473,3.0000,97.0000,AG03-UNRESOLVED,ALL5_LEVELS_bet23_to_bet27,-1.8473,-1.8473,-1.8473,-2.4630,-2.4630,3.000000,3.000000,3.000000,4.000000,4.000000,97.000000,97.000000,97.000000,96.000000,96.000000,5.0,-10.4678,-9.7831,-51.1076,-51.7923,PENDING_AG03,FALSE,NOT_FOR_ENFORCEMENT,-59.7281,1182.0412,-61.5754,-59.7281,-1.8473,-0.04400369,-0.04268358,-1.8473,-59.7281,-0.04268358,-1.8473,-1.8473,-1.8473,-2.4630,-2.4630,-59.7281,-0.04268358,-10.4678,-9.7831,-51.1076,-51.7923,-0.03652306,-0.03701236,-0.00132011,4.2404,3.7152,-0.1877,-30.7877,-1.0094,699.6618,164.0000,4.2404,,2.5818,5.1636,5.1636,5.1636,5.1636,5.1636,5.1636,0.0,1.0,1.0,0.821212,29,36,1,2,1.00000000,-0.04400369,-0.04400369,0E-8,0.000000,0.870849,0.621212,,2026-07-28,2026-07-29,2,61,57,2,1.000000,,1.000000,3.333333,,,,,,,,GLOBAL_BASELINE_NO_ENTITY_RANKING,,,NOT_APPLICABLE_GLOBAL_BASELINE,HF9g-P5,,,,X 全窗基线 · 不参与实体赏罚,3922333,393,A168_HF9F_20260827_0900,2026-08-27 09:00:00
2026-07-29,153583407,-1,1,116.1800015490,-13.1670668422,-13.1670668422,0.4500000,44,44,0.49385482727272727,0.493854827273,-0.5547664633386808,-0.5547664633421272,-0.5547664633386808,-2.7273E-13,SENTINEL_DEALER,R03b_20260811_FULL_v1,L1_ELIGIBILITY,v2026-08-11,2026-03-21..2026-08-06,baccarat_bet02_101_all_pairs_incl_sentinel,round_win = game_pnl > 0 (decisive only),COMPATIBILITY_ONLY_NOT_PRODUCTION,1399.3236,1218.5991,-61.5754,330,328,0.04400369,0.04400369,,0.04400369,61.5754,1399.3236,OK,0.0000,-1.8473,3.0000,97.0000,AG03-UNRESOLVED,ALL5_LEVELS_bet23_to_bet27,-1.8473,-1.8473,-1.8473,-2.4630,-2.4630,3.000000,3.000000,3.000000,4.000000,4.000000,97.000000,97.000000,97.000000,96.000000,96.000000,5.0,-10.4678,-9.7831,-51.1076,-51.7923,PENDING_AG03,FALSE,NOT_FOR_ENFORCEMENT,-59.7281,1182.0412,-61.5754,-59.7281,-1.8473,-0.04400369,-0.04268358,-1.8473,-59.7281,-0.04268358,-1.8473,-1.8473,-1.8473,-2.4630,-2.4630,-59.7281,-0.04268358,-10.4678,-9.7831,-51.1076,-51.7923,-0.03652306,-0.03701236,-0.00132011,4.2404,3.7152,-0.1877,-30.7877,-1.0094,699.6618,164.0000,4.2404,,2.5818,5.1636,5.1636,5.1636,5.1636,5.1636,5.1636,0.0,1.0,1.0,0.821212,29,36,1,2,1.00000000,-0.04400369,-0.04400369,0E-8,0.000000,0.870849,0.621212,,2026-07-28,2026-07-29,2,61,57,2,1.000000,,1.000000,3.333333,,,,,,,,GLOBAL_BASELINE_NO_ENTITY_RANKING,,,NOT_APPLICABLE_GLOBAL_BASELINE,HF9g-P5,,,,X 全窗基线 · 不参与实体赏罚,3922334,393,A168_HF9F_20260827_0900,2026-08-27 09:00:00
2026-07-29,153583407,1094,0,7.7453334366,-2.5817778122,-2.5817778122,0.3333333,3,3,0.49324550000000000,0.493245500000,-0.5540025479526107,-0.5540025479526106,-0.5540025479526107,0E-17,ELIGIBLE,R03b_20260811_FULL_v1,L1_ELIGIBILITY,v2026-08-11,2026-03-21..2026-08-06,baccarat_bet02_101_all_pairs_incl_sentinel,round_win = game_pnl > 0 (decisive only),COMPATIBILITY_ONLY_NOT_PRODUCTION,1399.3236,1218.5991,-61.5754,330,328,0.04400369,0.04400369,,0.04400369,61.5754,1399.3236,OK,0.0000,-1.8473,3.0000,97.0000,AG03-UNRESOLVED,ALL5_LEVELS_bet23_to_bet27,-1.8473,-1.8473,-1.8473,-2.4630,-2.4630,3.000000,3.000000,3.000000,4.000000,4.000000,97.000000,97.000000,97.000000,96.000000,96.000000,5.0,-10.4678,-9.7831,-51.1076,-51.7923,PENDING_AG03,FALSE,NOT_FOR_ENFORCEMENT,-59.7281,1182.0412,-61.5754,-59.7281,-1.8473,-0.04400369,-0.04268358,-1.8473,-59.7281,-0.04268358,-1.8473,-1.8473,-1.8473,-2.4630,-2.4630,-59.7281,-0.04268358,-10.4678,-9.7831,-51.1076,-51.7923,-0.03652306,-0.03701236,-0.00132011,4.2404,3.7152,-0.1877,-30.7877,-1.0094,699.6618,164.0000,4.2404,,2.5818,5.1636,5.1636,5.1636,5.1636,5.1636,5.1636,0.0,1.0,1.0,0.821212,29,36,1,2,1.00000000,-0.04400369,-0.04400369,0E-8,0.000000,0.870849,0.621212,,2026-07-28,2026-07-29,2,61,57,2,1.000000,,1.000000,3.333333,,,,,,,,GLOBAL_BASELINE_NO_ENTITY_RANKING,,,NOT_APPLICABLE_GLOBAL_BASELINE,HF9g-P5,,,,X 全窗基线 · 不参与实体赏罚,3922335,393,A168_HF9F_20260827_0900,2026-08-27 09:00:00
2026-07-29,153583407,1210,0,10.3271112488,0E-10,0E-10,0.5000000,4,4,0.49324550000000000,0.493245500000,0.01910635448239258,0.01910635448239258,0.01910635448239258,0E-17,ELIGIBLE,R03b_20260811_FULL_v1,L1_ELIGIBILITY,v2026-08-11,2026-03-21..2026-08-06,baccarat_bet02_101_all_pairs_incl_sentinel,round_win = game_pnl > 0 (decisive only),COMPATIBILITY_ONLY_NOT_PRODUCTION,1399.3236,1218.5991,-61.5754,330,328,0.04400369,0.04400369,,0.04400369,61.5754,1399.3236,OK,0.0000,-1.8473,3.0000,97.0000,AG03-UNRESOLVED,ALL5_LEVELS_bet23_to_bet27,-1.8473,-1.8473,-1.8473,-2.4630,-2.4630,3.000000,3.000000,3.000000,4.000000,4.000000,97.000000,97.000000,97.000000,96.000000,96.000000,5.0,-10.4678,-9.7831,-51.1076,-51.7923,PENDING_AG03,FALSE,NOT_FOR_ENFORCEMENT,-59.7281,1182.0412,-61.5754,-59.7281,-1.8473,-0.04400369,-0.04268358,-1.8473,-59.7281,-0.04268358,-1.8473,-1.8473,-1.8473,-2.4630,-2.4630,-59.7281,-0.04268358,-10.4678,-9.7831,-51.1076,-51.7923,-0.03652306,-0.03701236,-0.00132011,4.2404,3.7152,-0.1877,-30.7877,-1.0094,699.6618,164.0000,4.2404,,2.5818,5.1636,5.1636,5.1636,5.1636,5.1636,5.1636,0.0,1.0,1.0,0.821212,29,36,1,2,1.00000000,-0.04400369,-0.04400369,0E-8,0.000000,0.870849,0.621212,,2026-07-28,2026-07-29,2,61,57,2,1.000000,,1.000000,3.333333,,,,,,,,GLOBAL_BASELINE_NO_ENTITY_RANKING,,,NOT_APPLICABLE_GLOBAL_BASELINE,HF9g-P5,,,,X 全窗基线 · 不参与实体赏罚,3922336,393,A168_HF9F_20260827_0900,2026-08-27 09:00:00
2026-07-29,153583407,1304,0,7.7453334366,0E-10,0E-10,0.5000000,3,3,0.49324550000000000,0.493245500000,0.01910635448239258,0.01910635448239258,0.01910635448239258,0E-17,ELIGIBLE,R03b_20260811_FULL_v1,L1_ELIGIBILITY,v2026-08-11,2026-03-21..2026-08-06,baccarat_bet02_101_all_pairs_incl_sentinel,round_win = game_pnl > 0 (decisive only),COMPATIBILITY_ONLY_NOT_PRODUCTION,1399.3236,1218.5991,-61.5754,330,328,0.04400369,0.04400369,,0.04400369,61.5754,1399.3236,OK,0.0000,-1.8473,3.0000,97.0000,AG03-UNRESOLVED,ALL5_LEVELS_bet23_to_bet27,-1.8473,-1.8473,-1.8473,-2.4630,-2.4630,3.000000,3.000000,3.000000,4.000000,4.000000,97.000000,97.000000,97.000000,96.000000,96.000000,5.0,-10.4678,-9.7831,-51.1076,-51.7923,PENDING_AG03,FALSE,NOT_FOR_ENFORCEMENT,-59.7281,1182.0412,-61.5754,-59.7281,-1.8473,-0.04400369,-0.04268358,-1.8473,-59.7281,-0.04268358,-1.8473,-1.8473,-1.8473,-2.4630,-2.4630,-59.7281,-0.04268358,-10.4678,-9.7831,-51.1076,-51.7923,-0.03652306,-0.03701236,-0.00132011,4.2404,3.7152,-0.1877,-30.7877,-1.0094,699.6618,164.0000,4.2404,,2.5818,5.1636,5.1636,5.1636,5.1636,5.1636,5.1636,0.0,1.0,1.0,0.821212,29,36,1,2,1.00000000,-0.04400369,-0.04400369,0E-8,0.000000,0.870849,0.621212,,2026-07-28,2026-07-29,2,61,57,2,1.000000,,1.000000,3.333333,,,,,,,,GLOBAL_BASELINE_NO_ENTITY_RANKING,,,NOT_APPLICABLE_GLOBAL_BASELINE,HF9g-P5,,,,X 全窗基线 · 不参与实体赏罚,3922337,393,A168_HF9F_20260827_0900,2026-08-27 09:00:00
2026-07-29,153583407,1382,0,7.7453334366,5.1635556244,5.1635556244,1.0000000,3,3,0.49324550000000000,0.493245500000,1.4334489766152358,1.4334489766152358,1.4334489766152358,0E-17,ELIGIBLE,R03b_20260811_FULL_v1,L1_ELIGIBILITY,v2026-08-11,2026-03-21..2026-08-06,baccarat_bet02_101_all_pairs_incl_sentinel,round_win = game_pnl > 0 (decisive only),COMPATIBILITY_ONLY_NOT_PRODUCTION,1399.3236,1218.5991,-61.5754,330,328,0.04400369,0.04400369,,0.04400369,61.5754,1399.3236,OK,0.0000,-1.8473,3.0000,97.0000,AG03-UNRESOLVED,ALL5_LEVELS_bet23_to_bet27,-1.8473,-1.8473,-1.8473,-2.4630,-2.4630,3.000000,3.000000,3.000000,4.000000,4.000000,97.000000,97.000000,97.000000,96.000000,96.000000,5.0,-10.4678,-9.7831,-51.1076,-51.7923,PENDING_AG03,FALSE,NOT_FOR_ENFORCEMENT,-59.7281,1182.0412,-61.5754,-59.7281,-1.8473,-0.04400369,-0.04268358,-1.8473,-59.7281,-0.04268358,-1.8473,-1.8473,-1.8473,-2.4630,-2.4630,-59.7281,-0.04268358,-10.4678,-9.7831,-51.1076,-51.7923,-0.03652306,-0.03701236,-0.00132011,4.2404,3.7152,-0.1877,-30.7877,-1.0094,699.6618,164.0000,4.2404,,2.5818,5.1636,5.1636,5.1636,5.1636,5.1636,5.1636,0.0,1.0,1.0,0.821212,29,36,1,2,1.00000000,-0.04400369,-0.04400369,0E-8,0.000000,0.870849,0.621212,,2026-07-28,2026-07-29,2,61,57,2,1.000000,,1.000000,3.333333,,,,,,,,GLOBAL_BASELINE_NO_ENTITY_RANKING,,,NOT_APPLICABLE_GLOBAL_BASELINE,HF9g-P5,,,,X 全窗基线 · 不参与实体赏罚,3922338,393,A168_HF9F_20260827_0900,2026-08-27 09:00:00
2026-07-29,153583407,1385,0,7.7453334366,2.5817778122,2.5817778122,0.6666667,3,3,0.49324550000000000,0.493245500000,0.6008033672792107,0.6008033672792106,0.6008033672792107,0E-17,ELIGIBLE,R03b_20260811_FULL_v1,L1_ELIGIBILITY,v2026-08-11,2026-03-21..2026-08-06,baccarat_bet02_101_all_pairs_incl_sentinel,round_win = game_pnl > 0 (decisive only),COMPATIBILITY_ONLY_NOT_PRODUCTION,1399.3236,1218.5991,-61.5754,330,328,0.04400369,0.04400369,,0.04400369,61.5754,1399.3236,OK,0.0000,-1.8473,3.0000,97.0000,AG03-UNRESOLVED,ALL5_LEVELS_bet23_to_bet27,-1.8473,-1.8473,-1.8473,-2.4630,-2.4630,3.000000,3.000000,3.000000,4.000000,4.000000,97.000000,97.000000,97.000000,96.000000,96.000000,5.0,-10.4678,-9.7831,-51.1076,-51.7923,PENDING_AG03,FALSE,NOT_FOR_ENFORCEMENT,-59.7281,1182.0412,-61.5754,-59.7281,-1.8473,-0.04400369,-0.04268358,-1.8473,-59.7281,-0.04268358,-1.8473,-1.8473,-1.8473,-2.4630,-2.4630,-59.7281,-0.04268358,-10.4678,-9.7831,-51.1076,-51.7923,-0.03652306,-0.03701236,-0.00132011,4.2404,3.7152,-0.1877,-30.7877,-1.0094,699.6618,164.0000,4.2404,,2.5818,5.1636,5.1636,5.1636,5.1636,5.1636,5.1636,0.0,1.0,1.0,0.821212,29,36,1,2,1.00000000,-0.04400369,-0.04400369,0E-8,0.000000,0.870849,0.621212,,2026-07-28,2026-07-29,2,61,57,2,1.000000,,1.000000,3.333333,,,,,,,,GLOBAL_BASELINE_NO_ENTITY_RANKING,,,NOT_APPLICABLE_GLOBAL_BASELINE,HF9g-P5,,,,X 全窗基线 · 不参与实体赏罚,3922339,393,A168_HF9F_20260827_0900,2026-08-27 09:00:00
2026-07-29,153583407,1509,0,5.1635556244,0E-10,0E-10,0.5000000,2,2,0.49324550000000000,0.493245500000,0.01910635448239258,0.01910635448239258,0.01910635448239258,0E-17,ELIGIBLE,R03b_20260811_FULL_v1,L1_ELIGIBILITY,v2026-08-11,2026-03-21..2026-08-06,baccarat_bet02_101_all_pairs_incl_sentinel,round_win = game_pnl > 0 (decisive only),COMPATIBILITY_ONLY_NOT_PRODUCTION,1399.3236,1218.5991,-61.5754,330,328,0.04400369,0.04400369,,0.04400369,61.5754,1399.3236,OK,0.0000,-1.8473,3.0000,97.0000,AG03-UNRESOLVED,ALL5_LEVELS_bet23_to_bet27,-1.8473,-1.8473,-1.8473,-2.4630,-2.4630,3.000000,3.000000,3.000000,4.000000,4.000000,97.000000,97.000000,97.000000,96.000000,96.000000,5.0,-10.4678,-9.7831,-51.1076,-51.7923,PENDING_AG03,FALSE,NOT_FOR_ENFORCEMENT,-59.7281,1182.0412,-61.5754,-59.7281,-1.8473,-0.04400369,-0.04268358,-1.8473,-59.7281,-0.04268358,-1.8473,-1.8473,-1.8473,-2.4630,-2.4630,-59.7281,-0.04268358,-10.4678,-9.7831,-51.1076,-51.7923,-0.03652306,-0.03701236,-0.00132011,4.2404,3.7152,-0.1877,-30.7877,-1.0094,699.6618,164.0000,4.2404,,2.5818,5.1636,5.1636,5.1636,5.1636,5.1636,5.1636,0.0,1.0,1.0,0.821212,29,36,1,2,1.00000000,-0.04400369,-0.04400369,0E-8,0.000000,0.870849,0.621212,,2026-07-28,2026-07-29,2,61,57,2,1.000000,,1.000000,3.333333,,,,,,,,GLOBAL_BASELINE_NO_ENTITY_RANKING,,,NOT_APPLICABLE_GLOBAL_BASELINE,HF9g-P5,,,,X 全窗基线 · 不参与实体赏罚,3922340,393,A168_HF9F_20260827_0900,2026-08-27 09:00:00
2026-07-29,153583407,1623,0,7.7453334366,2.5817778122,2.5817778122,0.6666667,3,3,0.49324550000000000,0.493245500000,0.6008033672792107,0.6008033672792106,0.6008033672792107,0E-17,ELIGIBLE,R03b_20260811_FULL_v1,L1_ELIGIBILITY,v2026-08-11,2026-03-21..2026-08-06,baccarat_bet02_101_all_pairs_incl_sentinel,round_win = game_pnl > 0 (decisive only),COMPATIBILITY_ONLY_NOT_PRODUCTION,1399.3236,1218.5991,-61.5754,330,328,0.04400369,0.04400369,,0.04400369,61.5754,1399.3236,OK,0.0000,-1.8473,3.0000,97.0000,AG03-UNRESOLVED,ALL5_LEVELS_bet23_to_bet27,-1.8473,-1.8473,-1.8473,-2.4630,-2.4630,3.000000,3.000000,3.000000,4.000000,4.000000,97.000000,97.000000,97.000000,96.000000,96.000000,5.0,-10.4678,-9.7831,-51.1076,-51.7923,PENDING_AG03,FALSE,NOT_FOR_ENFORCEMENT,-59.7281,1182.0412,-61.5754,-59.7281,-1.8473,-0.04400369,-0.04268358,-1.8473,-59.7281,-0.04268358,-1.8473,-1.8473,-1.8473,-2.4630,-2.4630,-59.7281,-0.04268358,-10.4678,-9.7831,-51.1076,-51.7923,-0.03652306,-0.03701236,-0.00132011,4.2404,3.7152,-0.1877,-30.7877,-1.0094,699.6618,164.0000,4.2404,,2.5818,5.1636,5.1636,5.1636,5.1636,5.1636,5.1636,0.0,1.0,1.0,0.821212,29,36,1,2,1.00000000,-0.04400369,-0.04400369,0E-8,0.000000,0.870849,0.621212,,2026-07-28,2026-07-29,2,61,57,2,1.000000,,1.000000,3.333333,,,,,,,,GLOBAL_BASELINE_NO_ENTITY_RANKING,,,NOT_APPLICABLE_GLOBAL_BASELINE,HF9g-P5,,,,X 全窗基线 · 不参与实体赏罚,3922341,393,A168_HF9F_20260827_0900,2026-08-27 09:00:00
2026-07-29,153583407,1704,0,5.1635556244,-5.1635556244,-5.1635556244,0E-7,2,2,0.49324550000000000,0.493245500000,-1.3952362676504506,-1.3952362676504506,-1.3952362676504506,0E-17,ELIGIBLE,R03b_20260811_FULL_v1,L1_ELIGIBILITY,v2026-08-11,2026-03-21..2026-08-06,baccarat_bet02_101_all_pairs_incl_sentinel,round_win = game_pnl > 0 (decisive only),COMPATIBILITY_ONLY_NOT_PRODUCTION,1399.3236,1218.5991,-61.5754,330,328,0.04400369,0.04400369,,0.04400369,61.5754,1399.3236,OK,0.0000,-1.8473,3.0000,97.0000,AG03-UNRESOLVED,ALL5_LEVELS_bet23_to_bet27,-1.8473,-1.8473,-1.8473,-2.4630,-2.4630,3.000000,3.000000,3.000000,4.000000,4.000000,97.000000,97.000000,97.000000,96.000000,96.000000,5.0,-10.4678,-9.7831,-51.1076,-51.7923,PENDING_AG03,FALSE,NOT_FOR_ENFORCEMENT,-59.7281,1182.0412,-61.5754,-59.7281,-1.8473,-0.04400369,-0.04268358,-1.8473,-59.7281,-0.04268358,-1.8473,-1.8473,-1.8473,-2.4630,-2.4630,-59.7281,-0.04268358,-10.4678,-9.7831,-51.1076,-51.7923,-0.03652306,-0.03701236,-0.00132011,4.2404,3.7152,-0.1877,-30.7877,-1.0094,699.6618,164.0000,4.2404,,2.5818,5.1636,5.1636,5.1636,5.1636,5.1636,5.1636,0.0,1.0,1.0,0.821212,29,36,1,2,1.00000000,-0.04400369,-0.04400369,0E-8,0.000000,0.870849,0.621212,,2026-07-28,2026-07-29,2,61,57,2,1.000000,,1.000000,3.333333,,,,,,,,GLOBAL_BASELINE_NO_ENTITY_RANKING,,,NOT_APPLICABLE_GLOBAL_BASELINE,HF9g-P5,,,,X 全窗基线 · 不参与实体赏罚,3922342,393,A168_HF9F_20260827_0900,2026-08-27 09:00:00
2026-07-29,153583407,1935,0,2.5817778122,2.5817778122,2.5817778122,1.0000000,1,1,0.49324550000000000,0.493245500000,1.01360149184955,1.01360149184955,1.01360149184955,0E-17,ELIGIBLE,R03b_20260811_FULL_v1,L1_ELIGIBILITY,v2026-08-11,2026-03-21..2026-08-06,baccarat_bet02_101_all_pairs_incl_sentinel,round_win = game_pnl > 0 (decisive only),COMPATIBILITY_ONLY_NOT_PRODUCTION,1399.3236,1218.5991,-61.5754,330,328,0.04400369,0.04400369,,0.04400369,61.5754,1399.3236,OK,0.0000,-1.8473,3.0000,97.0000,AG03-UNRESOLVED,ALL5_LEVELS_bet23_to_bet27,-1.8473,-1.8473,-1.8473,-2.4630,-2.4630,3.000000,3.000000,3.000000,4.000000,4.000000,97.000000,97.000000,97.000000,96.000000,96.000000,5.0,-10.4678,-9.7831,-51.1076,-51.7923,PENDING_AG03,FALSE,NOT_FOR_ENFORCEMENT,-59.7281,1182.0412,-61.5754,-59.7281,-1.8473,-0.04400369,-0.04268358,-1.8473,-59.7281,-0.04268358,-1.8473,-1.8473,-1.8473,-2.4630,-2.4630,-59.7281,-0.04268358,-10.4678,-9.7831,-51.1076,-51.7923,-0.03652306,-0.03701236,-0.00132011,4.2404,3.7152,-0.1877,-30.7877,-1.0094,699.6618,164.0000,4.2404,,2.5818,5.1636,5.1636,5.1636,5.1636,5.1636,5.1636,0.0,1.0,1.0,0.821212,29,36,1,2,1.00000000,-0.04400369,-0.04400369,0E-8,0.000000,0.870849,0.621212,,2026-07-28,2026-07-29,2,61,57,2,1.000000,,1.000000,3.333333,,,,,,,,GLOBAL_BASELINE_NO_ENTITY_RANKING,,,NOT_APPLICABLE_GLOBAL_BASELINE,HF9g-P5,,,,X 全窗基线 · 不参与实体赏罚,3922343,393,A168_HF9F_20260827_0900,2026-08-27 09:00:00
2026-07-29,153583407,1957,0,7.7453334366,0E-10,0E-10,,2,1,0.50218230000000000,0.499948100000,,,,0.00223420000000000,NO_DECISIVE_ROUND,R03b_20260811_FULL_v1,L1_ELIGIBILITY,v2026-08-11,2026-03-21..2026-08-06,baccarat_bet02_101_all_pairs_incl_sentinel,round_win = game_pnl > 0 (decisive only),COMPATIBILITY_ONLY_NOT_PRODUCTION,1399.3236,1218.5991,-61.5754,330,328,0.04400369,0.04400369,,0.04400369,61.5754,1399.3236,OK,0.0000,-1.8473,3.0000,97.0000,AG03-UNRESOLVED,ALL5_LEVELS_bet23_to_bet27,-1.8473,-1.8473,-1.8473,-2.4630,-2.4630,3.000000,3.000000,3.000000,4.000000,4.000000,97.000000,97.000000,97.000000,96.000000,96.000000,5.0,-10.4678,-9.7831,-51.1076,-51.7923,PENDING_AG03,FALSE,NOT_FOR_ENFORCEMENT,-59.7281,1182.0412,-61.5754,-59.7281,-1.8473,-0.04400369,-0.04268358,-1.8473,-59.7281,-0.04268358,-1.8473,-1.8473,-1.8473,-2.4630,-2.4630,-59.7281,-0.04268358,-10.4678,-9.7831,-51.1076,-51.7923,-0.03652306,-0.03701236,-0.00132011,4.2404,3.7152,-0.1877,-30.7877,-1.0094,699.6618,164.0000,4.2404,,2.5818,5.1636,5.1636,5.1636,5.1636,5.1636,5.1636,0.0,1.0,1.0,0.821212,29,36,1,2,1.00000000,-0.04400369,-0.04400369,0E-8,0.000000,0.870849,0.621212,,2026-07-28,2026-07-29,2,61,57,2,1.000000,,1.000000,3.333333,,,,,,,,GLOBAL_BASELINE_NO_ENTITY_RANKING,,,NOT_APPLICABLE_GLOBAL_BASELINE,HF9g-P5,,,,X 全窗基线 · 不参与实体赏罚,3922344,393,A168_HF9F_20260827_0900,2026-08-27 09:00:00
2026-07-29,153583407,2089,0,2.5817778122,2.5817778122,2.5817778122,1.0000000,1,1,0.49324550000000000,0.493245500000,1.01360149184955,1.01360149184955,1.01360149184955,0E-17,ELIGIBLE,R03b_20260811_FULL_v1,L1_ELIGIBILITY,v2026-08-11,2026-03-21..2026-08-06,baccarat_bet02_101_all_pairs_incl_sentinel,round_win = game_pnl > 0 (decisive only),COMPATIBILITY_ONLY_NOT_PRODUCTION,1399.3236,1218.5991,-61.5754,330,328,0.04400369,0.04400369,,0.04400369,61.5754,1399.3236,OK,0.0000,-1.8473,3.0000,97.0000,AG03-UNRESOLVED,ALL5_LEVELS_bet23_to_bet27,-1.8473,-1.8473,-1.8473,-2.4630,-2.4630,3.000000,3.000000,3.000000,4.000000,4.000000,97.000000,97.000000,97.000000,96.000000,96.000000,5.0,-10.4678,-9.7831,-51.1076,-51.7923,PENDING_AG03,FALSE,NOT_FOR_ENFORCEMENT,-59.7281,1182.0412,-61.5754,-59.7281,-1.8473,-0.04400369,-0.04268358,-1.8473,-59.7281,-0.04268358,-1.8473,-1.8473,-1.8473,-2.4630,-2.4630,-59.7281,-0.04268358,-10.4678,-9.7831,-51.1076,-51.7923,-0.03652306,-0.03701236,-0.00132011,4.2404,3.7152,-0.1877,-30.7877,-1.0094,699.6618,164.0000,4.2404,,2.5818,5.1636,5.1636,5.1636,5.1636,5.1636,5.1636,0.0,1.0,1.0,0.821212,29,36,1,2,1.00000000,-0.04400369,-0.04400369,0E-8,0.000000,0.870849,0.621212,,2026-07-28,2026-07-29,2,61,57,2,1.000000,,1.000000,3.333333,,,,,,,,GLOBAL_BASELINE_NO_ENTITY_RANKING,,,NOT_APPLICABLE_GLOBAL_BASELINE,HF9g-P5,,,,X 全窗基线 · 不参与实体赏罚,3922345,393,A168_HF9F_20260827_0900,2026-08-27 09:00:00
2026-07-29,153583407,2101,0,15.4906668732,0E-10,0E-10,0.5000000,6,6,0.49324550000000000,0.493245500000,0.03309317671092531,0.03309317671092531,0.03309317671092531,0E-17,ELIGIBLE,R03b_20260811_FULL_v1,L1_ELIGIBILITY,v2026-08-11,2026-03-21..2026-08-06,baccarat_bet02_101_all_pairs_incl_sentinel,round_win = game_pnl > 0 (decisive only),COMPATIBILITY_ONLY_NOT_PRODUCTION,1399.3236,1218.5991,-61.5754,330,328,0.04400369,0.04400369,,0.04400369,61.5754,1399.3236,OK,0.0000,-1.8473,3.0000,97.0000,AG03-UNRESOLVED,ALL5_LEVELS_bet23_to_bet27,-1.8473,-1.8473,-1.8473,-2.4630,-2.4630,3.000000,3.000000,3.000000,4.000000,4.000000,97.000000,97.000000,97.000000,96.000000,96.000000,5.0,-10.4678,-9.7831,-51.1076,-51.7923,PENDING_AG03,FALSE,NOT_FOR_ENFORCEMENT,-59.7281,1182.0412,-61.5754,-59.7281,-1.8473,-0.04400369,-0.04268358,-1.8473,-59.7281,-0.04268358,-1.8473,-1.8473,-1.8473,-2.4630,-2.4630,-59.7281,-0.04268358,-10.4678,-9.7831,-51.1076,-51.7923,-0.03652306,-0.03701236,-0.00132011,4.2404,3.7152,-0.1877,-30.7877,-1.0094,699.6618,164.0000,4.2404,,2.5818,5.1636,5.1636,5.1636,5.1636,5.1636,5.1636,0.0,1.0,1.0,0.821212,29,36,1,2,1.00000000,-0.04400369,-0.04400369,0E-8,0.000000,0.870849,0.621212,,2026-07-28,2026-07-29,2,61,57,2,1.000000,,1.000000,3.333333,,,,,,,,GLOBAL_BASELINE_NO_ENTITY_RANKING,,,NOT_APPLICABLE_GLOBAL_BASELINE,HF9g-P5,,,,X 全窗基线 · 不参与实体赏罚,3922346,393,A168_HF9F_20260827_0900,2026-08-27 09:00:00
2026-07-29,153583407,2103,0,5.1635556244,0E-10,0E-10,0.5000000,2,2,0.49324550000000000,0.493245500000,0.01910635448239258,0.01910635448239258,0.01910635448239258,0E-17,ELIGIBLE,R03b_20260811_FULL_v1,L1_ELIGIBILITY,v2026-08-11,2026-03-21..2026-08-06,baccarat_bet02_101_all_pairs_incl_sentinel,round_win = game_pnl > 0 (decisive only),COMPATIBILITY_ONLY_NOT_PRODUCTION,1399.3236,1218.5991,-61.5754,330,328,0.04400369,0.04400369,,0.04400369,61.5754,1399.3236,OK,0.0000,-1.8473,3.0000,97.0000,AG03-UNRESOLVED,ALL5_LEVELS_bet23_to_bet27,-1.8473,-1.8473,-1.8473,-2.4630,-2.4630,3.000000,3.000000,3.000000,4.000000,4.000000,97.000000,97.000000,97.000000,96.000000,96.000000,5.0,-10.4678,-9.7831,-51.1076,-51.7923,PENDING_AG03,FALSE,NOT_FOR_ENFORCEMENT,-59.7281,1182.0412,-61.5754,-59.7281,-1.8473,-0.04400369,-0.04268358,-1.8473,-59.7281,-0.04268358,-1.8473,-1.8473,-1.8473,-2.4630,-2.4630,-59.7281,-0.04268358,-10.4678,-9.7831,-51.1076,-51.7923,-0.03652306,-0.03701236,-0.00132011,4.2404,3.7152,-0.1877,-30.7877,-1.0094,699.6618,164.0000,4.2404,,2.5818,5.1636,5.1636,5.1636,5.1636,5.1636,5.1636,0.0,1.0,1.0,0.821212,29,36,1,2,1.00000000,-0.04400369,-0.04400369,0E-8,0.000000,0.870849,0.621212,,2026-07-28,2026-07-29,2,61,57,2,1.000000,,1.000000,3.333333,,,,,,,,GLOBAL_BASELINE_NO_ENTITY_RANKING,,,NOT_APPLICABLE_GLOBAL_BASELINE,HF9g-P5,,,,X 全窗基线 · 不参与实体赏罚,3922347,393,A168_HF9F_20260827_0900,2026-08-27 09:00:00
2026-07-29,153583407,2106,0,5.1635556244,5.1635556244,5.1635556244,1.0000000,2,2,0.49324550000000000,0.493245500000,1.4334489766152358,1.4334489766152358,1.4334489766152358,0E-17,ELIGIBLE,R03b_20260811_FULL_v1,L1_ELIGIBILITY,v2026-08-11,2026-03-21..2026-08-06,baccarat_bet02_101_all_pairs_incl_sentinel,round_win = game_pnl > 0 (decisive only),COMPATIBILITY_ONLY_NOT_PRODUCTION,1399.3236,1218.5991,-61.5754,330,328,0.04400369,0.04400369,,0.04400369,61.5754,1399.3236,OK,0.0000,-1.8473,3.0000,97.0000,AG03-UNRESOLVED,ALL5_LEVELS_bet23_to_bet27,-1.8473,-1.8473,-1.8473,-2.4630,-2.4630,3.000000,3.000000,3.000000,4.000000,4.000000,97.000000,97.000000,97.000000,96.000000,96.000000,5.0,-10.4678,-9.7831,-51.1076,-51.7923,PENDING_AG03,FALSE,NOT_FOR_ENFORCEMENT,-59.7281,1182.0412,-61.5754,-59.7281,-1.8473,-0.04400369,-0.04268358,-1.8473,-59.7281,-0.04268358,-1.8473,-1.8473,-1.8473,-2.4630,-2.4630,-59.7281,-0.04268358,-10.4678,-9.7831,-51.1076,-51.7923,-0.03652306,-0.03701236,-0.00132011,4.2404,3.7152,-0.1877,-30.7877,-1.0094,699.6618,164.0000,4.2404,,2.5818,5.1636,5.1636,5.1636,5.1636,5.1636,5.1636,0.0,1.0,1.0,0.821212,29,36,1,2,1.00000000,-0.04400369,-0.04400369,0E-8,0.000000,0.870849,0.621212,,2026-07-28,2026-07-29,2,61,57,2,1.000000,,1.000000,3.333333,,,,,,,,GLOBAL_BASELINE_NO_ENTITY_RANKING,,,NOT_APPLICABLE_GLOBAL_BASELINE,HF9g-P5,,,,X 全窗基线 · 不参与实体赏罚,3922348,393,A168_HF9F_20260827_0900,2026-08-27 09:00:00
2026-07-29,153583407,2130,0,7.7453334366,0E-10,0E-10,0.5000000,3,3,0.49324550000000000,0.493245500000,0.01910635448239258,0.01910635448239258,0.01910635448239258,0E-17,ELIGIBLE,R03b_20260811_FULL_v1,L1_ELIGIBILITY,v2026-08-11,2026-03-21..2026-08-06,baccarat_bet02_101_all_pairs_incl_sentinel,round_win = game_pnl > 0 (decisive only),COMPATIBILITY_ONLY_NOT_PRODUCTION,1399.3236,1218.5991,-61.5754,330,328,0.04400369,0.04400369,,0.04400369,61.5754,1399.3236,OK,0.0000,-1.8473,3.0000,97.0000,AG03-UNRESOLVED,ALL5_LEVELS_bet23_to_bet27,-1.8473,-1.8473,-1.8473,-2.4630,-2.4630,3.000000,3.000000,3.000000,4.000000,4.000000,97.000000,97.000000,97.000000,96.000000,96.000000,5.0,-10.4678,-9.7831,-51.1076,-51.7923,PENDING_AG03,FALSE,NOT_FOR_ENFORCEMENT,-59.7281,1182.0412,-61.5754,-59.7281,-1.8473,-0.04400369,-0.04268358,-1.8473,-59.7281,-0.04268358,-1.8473,-1.8473,-1.8473,-2.4630,-2.4630,-59.7281,-0.04268358,-10.4678,-9.7831,-51.1076,-51.7923,-0.03652306,-0.03701236,-0.00132011,4.2404,3.7152,-0.1877,-30.7877,-1.0094,699.6618,164.0000,4.2404,,2.5818,5.1636,5.1636,5.1636,5.1636,5.1636,5.1636,0.0,1.0,1.0,0.821212,29,36,1,2,1.00000000,-0.04400369,-0.04400369,0E-8,0.000000,0.870849,0.621212,,2026-07-28,2026-07-29,2,61,57,2,1.000000,,1.000000,3.333333,,,,,,,,GLOBAL_BASELINE_NO_ENTITY_RANKING,,,NOT_APPLICABLE_GLOBAL_BASELINE,HF9g-P5,,,,X 全窗基线 · 不参与实体赏罚,3922349,393,A168_HF9F_20260827_0900,2026-08-27 09:00:00
2026-07-29,153583407,2152,0,18.0724446854,-7.8744223272,-7.8744223272,0.2000000,6,5,0.49771390000000000,0.497267060000,-1.3314309533564708,-1.3294385664610713,-1.3314309533564708,0.00044684000000000,ELIGIBLE,R03b_20260811_FULL_v1,L1_ELIGIBILITY,v2026-08-11,2026-03-21..2026-08-06,baccarat_bet02_101_all_pairs_incl_sentinel,round_win = game_pnl > 0 (decisive only),COMPATIBILITY_ONLY_NOT_PRODUCTION,1399.3236,1218.5991,-61.5754,330,328,0.04400369,0.04400369,,0.04400369,61.5754,1399.3236,OK,0.0000,-1.8473,3.0000,97.0000,AG03-UNRESOLVED,ALL5_LEVELS_bet23_to_bet27,-1.8473,-1.8473,-1.8473,-2.4630,-2.4630,3.000000,3.000000,3.000000,4.000000,4.000000,97.000000,97.000000,97.000000,96.000000,96.000000,5.0,-10.4678,-9.7831,-51.1076,-51.7923,PENDING_AG03,FALSE,NOT_FOR_ENFORCEMENT,-59.7281,1182.0412,-61.5754,-59.7281,-1.8473,-0.04400369,-0.04268358,-1.8473,-59.7281,-0.04268358,-1.8473,-1.8473,-1.8473,-2.4630,-2.4630,-59.7281,-0.04268358,-10.4678,-9.7831,-51.1076,-51.7923,-0.03652306,-0.03701236,-0.00132011,4.2404,3.7152,-0.1877,-30.7877,-1.0094,699.6618,164.0000,4.2404,,2.5818,5.1636,5.1636,5.1636,5.1636,5.1636,5.1636,0.0,1.0,1.0,0.821212,29,36,1,2,1.00000000,-0.04400369,-0.04400369,0E-8,0.000000,0.870849,0.621212,,2026-07-28,2026-07-29,2,61,57,2,1.000000,,1.000000,3.333333,,,,,,,,GLOBAL_BASELINE_NO_ENTITY_RANKING,,,NOT_APPLICABLE_GLOBAL_BASELINE,HF9g-P5,,,,X 全窗基线 · 不参与实体赏罚,3922350,393,A168_HF9F_20260827_0900,2026-08-27 09:00:00
2026-07-29,153583407,2155,0,5.1635556244,-5.1635556244,-5.1635556244,0E-7,2,2,0.49324550000000000,0.493245500000,-1.3952362676504506,-1.3952362676504506,-1.3952362676504506,0E-17,ELIGIBLE,R03b_20260811_FULL_v1,L1_ELIGIBILITY,v2026-08-11,2026-03-21..2026-08-06,baccarat_bet02_101_all_pairs_incl_sentinel,round_win = game_pnl > 0 (decisive only),COMPATIBILITY_ONLY_NOT_PRODUCTION,1399.3236,1218.5991,-61.5754,330,328,0.04400369,0.04400369,,0.04400369,61.5754,1399.3236,OK,0.0000,-1.8473,3.0000,97.0000,AG03-UNRESOLVED,ALL5_LEVELS_bet23_to_bet27,-1.8473,-1.8473,-1.8473,-2.4630,-2.4630,3.000000,3.000000,3.000000,4.000000,4.000000,97.000000,97.000000,97.000000,96.000000,96.000000,5.0,-10.4678,-9.7831,-51.1076,-51.7923,PENDING_AG03,FALSE,NOT_FOR_ENFORCEMENT,-59.7281,1182.0412,-61.5754,-59.7281,-1.8473,-0.04400369,-0.04268358,-1.8473,-59.7281,-0.04268358,-1.8473,-1.8473,-1.8473,-2.4630,-2.4630,-59.7281,-0.04268358,-10.4678,-9.7831,-51.1076,-51.7923,-0.03652306,-0.03701236,-0.00132011,4.2404,3.7152,-0.1877,-30.7877,-1.0094,699.6618,164.0000,4.2404,,2.5818,5.1636,5.1636,5.1636,5.1636,5.1636,5.1636,0.0,1.0,1.0,0.821212,29,36,1,2,1.00000000,-0.04400369,-0.04400369,0E-8,0.000000,0.870849,0.621212,,2026-07-28,2026-07-29,2,61,57,2,1.000000,,1.000000,3.333333,,,,,,,,GLOBAL_BASELINE_NO_ENTITY_RANKING,,,NOT_APPLICABLE_GLOBAL_BASELINE,HF9g-P5,,,,X 全窗基线 · 不参与实体赏罚,3922351,393,A168_HF9F_20260827_0900,2026-08-27 09:00:00
2026-07-29,153583407,2156,0,10.3271112488,5.1635556244,5.1635556244,1.0000000,4,4,0.49324550000000000,0.493245500000,1.4334489766152358,1.4334489766152358,1.4334489766152358,0E-17,ELIGIBLE,R03b_20260811_FULL_v1,L1_ELIGIBILITY,v2026-08-11,2026-03-21..2026-08-06,baccarat_bet02_101_all_pairs_incl_sentinel,round_win = game_pnl > 0 (decisive only),COMPATIBILITY_ONLY_NOT_PRODUCTION,1399.3236,1218.5991,-61.5754,330,328,0.04400369,0.04400369,,0.04400369,61.5754,1399.3236,OK,0.0000,-1.8473,3.0000,97.0000,AG03-UNRESOLVED,ALL5_LEVELS_bet23_to_bet27,-1.8473,-1.8473,-1.8473,-2.4630,-2.4630,3.000000,3.000000,3.000000,4.000000,4.000000,97.000000,97.000000,97.000000,96.000000,96.000000,5.0,-10.4678,-9.7831,-51.1076,-51.7923,PENDING_AG03,FALSE,NOT_FOR_ENFORCEMENT,-59.7281,1182.0412,-61.5754,-59.7281,-1.8473,-0.04400369,-0.04268358,-1.8473,-59.7281,-0.04268358,-1.8473,-1.8473,-1.8473,-2.4630,-2.4630,-59.7281,-0.04268358,-10.4678,-9.7831,-51.1076,-51.7923,-0.03652306,-0.03701236,-0.00132011,4.2404,3.7152,-0.1877,-30.7877,-1.0094,699.6618,164.0000,4.2404,,2.5818,5.1636,5.1636,5.1636,5.1636,5.1636,5.1636,0.0,1.0,1.0,0.821212,29,36,1,2,1.00000000,-0.04400369,-0.04400369,0E-8,0.000000,0.870849,0.621212,,2026-07-28,2026-07-29,2,61,57,2,1.000000,,1.000000,3.333333,,,,,,,,GLOBAL_BASELINE_NO_ENTITY_RANKING,,,NOT_APPLICABLE_GLOBAL_BASELINE,HF9g-P5,,,,X 全窗基线 · 不参与实体赏罚,3922352,393,A168_HF9F_20260827_0900,2026-08-27 09:00:00
2026-07-29,153583407,2160,0,7.7453334366,-2.5817778122,-2.5817778122,0.3333333,3,3,0.49324550000000000,0.493245500000,-0.5540025479526107,-0.5540025479526106,-0.5540025479526107,0E-17,ELIGIBLE,R03b_20260811_FULL_v1,L1_ELIGIBILITY,v2026-08-11,2026-03-21..2026-08-06,baccarat_bet02_101_all_pairs_incl_sentinel,round_win = game_pnl > 0 (decisive only),COMPATIBILITY_ONLY_NOT_PRODUCTION,1399.3236,1218.5991,-61.5754,330,328,0.04400369,0.04400369,,0.04400369,61.5754,1399.3236,OK,0.0000,-1.8473,3.0000,97.0000,AG03-UNRESOLVED,ALL5_LEVELS_bet23_to_bet27,-1.8473,-1.8473,-1.8473,-2.4630,-2.4630,3.000000,3.000000,3.000000,4.000000,4.000000,97.000000,97.000000,97.000000,96.000000,96.000000,5.0,-10.4678,-9.7831,-51.1076,-51.7923,PENDING_AG03,FALSE,NOT_FOR_ENFORCEMENT,-59.7281,1182.0412,-61.5754,-59.7281,-1.8473,-0.04400369,-0.04268358,-1.8473,-59.7281,-0.04268358,-1.8473,-1.8473,-1.8473,-2.4630,-2.4630,-59.7281,-0.04268358,-10.4678,-9.7831,-51.1076,-51.7923,-0.03652306,-0.03701236,-0.00132011,4.2404,3.7152,-0.1877,-30.7877,-1.0094,699.6618,164.0000,4.2404,,2.5818,5.1636,5.1636,5.1636,5.1636,5.1636,5.1636,0.0,1.0,1.0,0.821212,29,36,1,2,1.00000000,-0.04400369,-0.04400369,0E-8,0.000000,0.870849,0.621212,,2026-07-28,2026-07-29,2,61,57,2,1.000000,,1.000000,3.333333,,,,,,,,GLOBAL_BASELINE_NO_ENTITY_RANKING,,,NOT_APPLICABLE_GLOBAL_BASELINE,HF9g-P5,,,,X 全窗基线 · 不参与实体赏罚,3922353,393,A168_HF9F_20260827_0900,2026-08-27 09:00:00
2026-07-29,153583407,2169,0,5.1635556244,5.1635556244,5.1635556244,1.0000000,2,2,0.49324550000000000,0.493245500000,1.4334489766152358,1.4334489766152358,1.4334489766152358,0E-17,ELIGIBLE,R03b_20260811_FULL_v1,L1_ELIGIBILITY,v2026-08-11,2026-03-21..2026-08-06,baccarat_bet02_101_all_pairs_incl_sentinel,round_win = game_pnl > 0 (decisive only),COMPATIBILITY_ONLY_NOT_PRODUCTION,1399.3236,1218.5991,-61.5754,330,328,0.04400369,0.04400369,,0.04400369,61.5754,1399.3236,OK,0.0000,-1.8473,3.0000,97.0000,AG03-UNRESOLVED,ALL5_LEVELS_bet23_to_bet27,-1.8473,-1.8473,-1.8473,-2.4630,-2.4630,3.000000,3.000000,3.000000,4.000000,4.000000,97.000000,97.000000,97.000000,96.000000,96.000000,5.0,-10.4678,-9.7831,-51.1076,-51.7923,PENDING_AG03,FALSE,NOT_FOR_ENFORCEMENT,-59.7281,1182.0412,-61.5754,-59.7281,-1.8473,-0.04400369,-0.04268358,-1.8473,-59.7281,-0.04268358,-1.8473,-1.8473,-1.8473,-2.4630,-2.4630,-59.7281,-0.04268358,-10.4678,-9.7831,-51.1076,-51.7923,-0.03652306,-0.03701236,-0.00132011,4.2404,3.7152,-0.1877,-30.7877,-1.0094,699.6618,164.0000,4.2404,,2.5818,5.1636,5.1636,5.1636,5.1636,5.1636,5.1636,0.0,1.0,1.0,0.821212,29,36,1,2,1.00000000,-0.04400369,-0.04400369,0E-8,0.000000,0.870849,0.621212,,2026-07-28,2026-07-29,2,61,57,2,1.000000,,1.000000,3.333333,,,,,,,,GLOBAL_BASELINE_NO_ENTITY_RANKING,,,NOT_APPLICABLE_GLOBAL_BASELINE,HF9g-P5,,,,X 全窗基线 · 不参与实体赏罚,3922354,393,A168_HF9F_20260827_0900,2026-08-27 09:00:00
2026-07-29,153583407,2170,0,7.7453334366,2.5817778122,2.5817778122,0.6666667,3,3,0.49324550000000000,0.493245500000,0.6008033672792107,0.6008033672792106,0.6008033672792107,0E-17,ELIGIBLE,R03b_20260811_FULL_v1,L1_ELIGIBILITY,v2026-08-11,2026-03-21..2026-08-06,baccarat_bet02_101_all_pairs_incl_sentinel,round_win = game_pnl > 0 (decisive only),COMPATIBILITY_ONLY_NOT_PRODUCTION,1399.3236,1218.5991,-61.5754,330,328,0.04400369,0.04400369,,0.04400369,61.5754,1399.3236,OK,0.0000,-1.8473,3.0000,97.0000,AG03-UNRESOLVED,ALL5_LEVELS_bet23_to_bet27,-1.8473,-1.8473,-1.8473,-2.4630,-2.4630,3.000000,3.000000,3.000000,4.000000,4.000000,97.000000,97.000000,97.000000,96.000000,96.000000,5.0,-10.4678,-9.7831,-51.1076,-51.7923,PENDING_AG03,FALSE,NOT_FOR_ENFORCEMENT,-59.7281,1182.0412,-61.5754,-59.7281,-1.8473,-0.04400369,-0.04268358,-1.8473,-59.7281,-0.04268358,-1.8473,-1.8473,-1.8473,-2.4630,-2.4630,-59.7281,-0.04268358,-10.4678,-9.7831,-51.1076,-51.7923,-0.03652306,-0.03701236,-0.00132011,4.2404,3.7152,-0.1877,-30.7877,-1.0094,699.6618,164.0000,4.2404,,2.5818,5.1636,5.1636,5.1636,5.1636,5.1636,5.1636,0.0,1.0,1.0,0.821212,29,36,1,2,1.00000000,-0.04400369,-0.04400369,0E-8,0.000000,0.870849,0.621212,,2026-07-28,2026-07-29,2,61,57,2,1.000000,,1.000000,3.333333,,,,,,,,GLOBAL_BASELINE_NO_ENTITY_RANKING,,,NOT_APPLICABLE_GLOBAL_BASELINE,HF9g-P5,,,,X 全窗基线 · 不参与实体赏罚,3922355,393,A168_HF9F_20260827_0900,2026-08-27 09:00:00
2026-07-29,153583407,2229,0,2.5817778122,2.5817778122,2.5817778122,1.0000000,1,1,0.49324550000000000,0.493245500000,1.01360149184955,1.01360149184955,1.01360149184955,0E-17,ELIGIBLE,R03b_20260811_FULL_v1,L1_ELIGIBILITY,v2026-08-11,2026-03-21..2026-08-06,baccarat_bet02_101_all_pairs_incl_sentinel,round_win = game_pnl > 0 (decisive only),COMPATIBILITY_ONLY_NOT_PRODUCTION,1399.3236,1218.5991,-61.5754,330,328,0.04400369,0.04400369,,0.04400369,61.5754,1399.3236,OK,0.0000,-1.8473,3.0000,97.0000,AG03-UNRESOLVED,ALL5_LEVELS_bet23_to_bet27,-1.8473,-1.8473,-1.8473,-2.4630,-2.4630,3.000000,3.000000,3.000000,4.000000,4.000000,97.000000,97.000000,97.000000,96.000000,96.000000,5.0,-10.4678,-9.7831,-51.1076,-51.7923,PENDING_AG03,FALSE,NOT_FOR_ENFORCEMENT,-59.7281,1182.0412,-61.5754,-59.7281,-1.8473,-0.04400369,-0.04268358,-1.8473,-59.7281,-0.04268358,-1.8473,-1.8473,-1.8473,-2.4630,-2.4630,-59.7281,-0.04268358,-10.4678,-9.7831,-51.1076,-51.7923,-0.03652306,-0.03701236,-0.00132011,4.2404,3.7152,-0.1877,-30.7877,-1.0094,699.6618,164.0000,4.2404,,2.5818,5.1636,5.1636,5.1636,5.1636,5.1636,5.1636,0.0,1.0,1.0,0.821212,29,36,1,2,1.00000000,-0.04400369,-0.04400369,0E-8,0.000000,0.870849,0.621212,,2026-07-28,2026-07-29,2,61,57,2,1.000000,,1.000000,3.333333,,,,,,,,GLOBAL_BASELINE_NO_ENTITY_RANKING,,,NOT_APPLICABLE_GLOBAL_BASELINE,HF9g-P5,,,,X 全窗基线 · 不参与实体赏罚,3922356,393,A168_HF9F_20260827_0900,2026-08-27 09:00:00
2026-07-29,153583407,2239,0,7.7453334366,-2.5817778122,-2.5817778122,0.3333333,3,3,0.49324550000000000,0.493245500000,-0.5540025479526107,-0.5540025479526106,-0.5540025479526107,0E-17,ELIGIBLE,R03b_20260811_FULL_v1,L1_ELIGIBILITY,v2026-08-11,2026-03-21..2026-08-06,baccarat_bet02_101_all_pairs_incl_sentinel,round_win = game_pnl > 0 (decisive only),COMPATIBILITY_ONLY_NOT_PRODUCTION,1399.3236,1218.5991,-61.5754,330,328,0.04400369,0.04400369,,0.04400369,61.5754,1399.3236,OK,0.0000,-1.8473,3.0000,97.0000,AG03-UNRESOLVED,ALL5_LEVELS_bet23_to_bet27,-1.8473,-1.8473,-1.8473,-2.4630,-2.4630,3.000000,3.000000,3.000000,4.000000,4.000000,97.000000,97.000000,97.000000,96.000000,96.000000,5.0,-10.4678,-9.7831,-51.1076,-51.7923,PENDING_AG03,FALSE,NOT_FOR_ENFORCEMENT,-59.7281,1182.0412,-61.5754,-59.7281,-1.8473,-0.04400369,-0.04268358,-1.8473,-59.7281,-0.04268358,-1.8473,-1.8473,-1.8473,-2.4630,-2.4630,-59.7281,-0.04268358,-10.4678,-9.7831,-51.1076,-51.7923,-0.03652306,-0.03701236,-0.00132011,4.2404,3.7152,-0.1877,-30.7877,-1.0094,699.6618,164.0000,4.2404,,2.5818,5.1636,5.1636,5.1636,5.1636,5.1636,5.1636,0.0,1.0,1.0,0.821212,29,36,1,2,1.00000000,-0.04400369,-0.04400369,0E-8,0.000000,0.870849,0.621212,,2026-07-28,2026-07-29,2,61,57,2,1.000000,,1.000000,3.333333,,,,,,,,GLOBAL_BASELINE_NO_ENTITY_RANKING,,,NOT_APPLICABLE_GLOBAL_BASELINE,HF9g-P5,,,,X 全窗基线 · 不参与实体赏罚,3922357,393,A168_HF9F_20260827_0900,2026-08-27 09:00:00
2026-07-29,153583407,2261,0,5.1635556244,0E-10,0E-10,0.5000000,2,2,0.49324550000000000,0.493245500000,0.01910635448239258,0.01910635448239258,0.01910635448239258,0E-17,ELIGIBLE,R03b_20260811_FULL_v1,L1_ELIGIBILITY,v2026-08-11,2026-03-21..2026-08-06,baccarat_bet02_101_all_pairs_incl_sentinel,round_win = game_pnl > 0 (decisive only),COMPATIBILITY_ONLY_NOT_PRODUCTION,1399.3236,1218.5991,-61.5754,330,328,0.04400369,0.04400369,,0.04400369,61.5754,1399.3236,OK,0.0000,-1.8473,3.0000,97.0000,AG03-UNRESOLVED,ALL5_LEVELS_bet23_to_bet27,-1.8473,-1.8473,-1.8473,-2.4630,-2.4630,3.000000,3.000000,3.000000,4.000000,4.000000,97.000000,97.000000,97.000000,96.000000,96.000000,5.0,-10.4678,-9.7831,-51.1076,-51.7923,PENDING_AG03,FALSE,NOT_FOR_ENFORCEMENT,-59.7281,1182.0412,-61.5754,-59.7281,-1.8473,-0.04400369,-0.04268358,-1.8473,-59.7281,-0.04268358,-1.8473,-1.8473,-1.8473,-2.4630,-2.4630,-59.7281,-0.04268358,-10.4678,-9.7831,-51.1076,-51.7923,-0.03652306,-0.03701236,-0.00132011,4.2404,3.7152,-0.1877,-30.7877,-1.0094,699.6618,164.0000,4.2404,,2.5818,5.1636,5.1636,5.1636,5.1636,5.1636,5.1636,0.0,1.0,1.0,0.821212,29,36,1,2,1.00000000,-0.04400369,-0.04400369,0E-8,0.000000,0.870849,0.621212,,2026-07-28,2026-07-29,2,61,57,2,1.000000,,1.000000,3.333333,,,,,,,,GLOBAL_BASELINE_NO_ENTITY_RANKING,,,NOT_APPLICABLE_GLOBAL_BASELINE,HF9g-P5,,,,X 全窗基线 · 不参与实体赏罚,3922358,393,A168_HF9F_20260827_0900,2026-08-27 09:00:00
2026-07-29,153583407,2266,0,10.3271112488,5.1635556244,5.1635556244,0.7500000,4,4,0.49324550000000000,0.493245500000,1.0271117246678039,1.0271117246678039,1.0271117246678039,0E-17,ELIGIBLE,R03b_20260811_FULL_v1,L1_ELIGIBILITY,v2026-08-11,2026-03-21..2026-08-06,baccarat_bet02_101_all_pairs_incl_sentinel,round_win = game_pnl > 0 (decisive only),COMPATIBILITY_ONLY_NOT_PRODUCTION,1399.3236,1218.5991,-61.5754,330,328,0.04400369,0.04400369,,0.04400369,61.5754,1399.3236,OK,0.0000,-1.8473,3.0000,97.0000,AG03-UNRESOLVED,ALL5_LEVELS_bet23_to_bet27,-1.8473,-1.8473,-1.8473,-2.4630,-2.4630,3.000000,3.000000,3.000000,4.000000,4.000000,97.000000,97.000000,97.000000,96.000000,96.000000,5.0,-10.4678,-9.7831,-51.1076,-51.7923,PENDING_AG03,FALSE,NOT_FOR_ENFORCEMENT,-59.7281,1182.0412,-61.5754,-59.7281,-1.8473,-0.04400369,-0.04268358,-1.8473,-59.7281,-0.04268358,-1.8473,-1.8473,-1.8473,-2.4630,-2.4630,-59.7281,-0.04268358,-10.4678,-9.7831,-51.1076,-51.7923,-0.03652306,-0.03701236,-0.00132011,4.2404,3.7152,-0.1877,-30.7877,-1.0094,699.6618,164.0000,4.2404,,2.5818,5.1636,5.1636,5.1636,5.1636,5.1636,5.1636,0.0,1.0,1.0,0.821212,29,36,1,2,1.00000000,-0.04400369,-0.04400369,0E-8,0.000000,0.870849,0.621212,,2026-07-28,2026-07-29,2,61,57,2,1.000000,,1.000000,3.333333,,,,,,,,GLOBAL_BASELINE_NO_ENTITY_RANKING,,,NOT_APPLICABLE_GLOBAL_BASELINE,HF9g-P5,,,,X 全窗基线 · 不参与实体赏罚,3922359,393,A168_HF9F_20260827_0900,2026-08-27 09:00:00
2026-07-29,153583407,2288,0,12.9088890610,10.3271112488,10.3271112488,1.0000000,5,5,0.49324550000000000,0.493245500000,2.0272029836991,2.0272029836991,2.0272029836991,0E-17,ELIGIBLE,R03b_20260811_FULL_v1,L1_ELIGIBILITY,v2026-08-11,2026-03-21..2026-08-06,baccarat_bet02_101_all_pairs_incl_sentinel,round_win = game_pnl > 0 (decisive only),COMPATIBILITY_ONLY_NOT_PRODUCTION,1399.3236,1218.5991,-61.5754,330,328,0.04400369,0.04400369,,0.04400369,61.5754,1399.3236,OK,0.0000,-1.8473,3.0000,97.0000,AG03-UNRESOLVED,ALL5_LEVELS_bet23_to_bet27,-1.8473,-1.8473,-1.8473,-2.4630,-2.4630,3.000000,3.000000,3.000000,4.000000,4.000000,97.000000,97.000000,97.000000,96.000000,96.000000,5.0,-10.4678,-9.7831,-51.1076,-51.7923,PENDING_AG03,FALSE,NOT_FOR_ENFORCEMENT,-59.7281,1182.0412,-61.5754,-59.7281,-1.8473,-0.04400369,-0.04268358,-1.8473,-59.7281,-0.04268358,-1.8473,-1.8473,-1.8473,-2.4630,-2.4630,-59.7281,-0.04268358,-10.4678,-9.7831,-51.1076,-51.7923,-0.03652306,-0.03701236,-0.00132011,4.2404,3.7152,-0.1877,-30.7877,-1.0094,699.6618,164.0000,4.2404,,2.5818,5.1636,5.1636,5.1636,5.1636,5.1636,5.1636,0.0,1.0,1.0,0.821212,29,36,1,2,1.00000000,-0.04400369,-0.04400369,0E-8,0.000000,0.870849,0.621212,,2026-07-28,2026-07-29,2,61,57,2,1.000000,,1.000000,3.333333,,,,,,,,GLOBAL_BASELINE_NO_ENTITY_RANKING,,,NOT_APPLICABLE_GLOBAL_BASELINE,HF9g-P5,,,,X 全窗基线 · 不参与实体赏罚,3922360,393,A168_HF9F_20260827_0900,2026-08-27 09:00:00
2026-07-29,153583407,763,0,5.1635556244,-5.1635556244,-5.1635556244,0E-7,2,2,0.49324550000000000,0.493245500000,-1.3952362676504506,-1.3952362676504506,-1.3952362676504506,0E-17,ELIGIBLE,R03b_20260811_FULL_v1,L1_ELIGIBILITY,v2026-08-11,2026-03-21..2026-08-06,baccarat_bet02_101_all_pairs_incl_sentinel,round_win = game_pnl > 0 (decisive only),COMPATIBILITY_ONLY_NOT_PRODUCTION,1399.3236,1218.5991,-61.5754,330,328,0.04400369,0.04400369,,0.04400369,61.5754,1399.3236,OK,0.0000,-1.8473,3.0000,97.0000,AG03-UNRESOLVED,ALL5_LEVELS_bet23_to_bet27,-1.8473,-1.8473,-1.8473,-2.4630,-2.4630,3.000000,3.000000,3.000000,4.000000,4.000000,97.000000,97.000000,97.000000,96.000000,96.000000,5.0,-10.4678,-9.7831,-51.1076,-51.7923,PENDING_AG03,FALSE,NOT_FOR_ENFORCEMENT,-59.7281,1182.0412,-61.5754,-59.7281,-1.8473,-0.04400369,-0.04268358,-1.8473,-59.7281,-0.04268358,-1.8473,-1.8473,-1.8473,-2.4630,-2.4630,-59.7281,-0.04268358,-10.4678,-9.7831,-51.1076,-51.7923,-0.03652306,-0.03701236,-0.00132011,4.2404,3.7152,-0.1877,-30.7877,-1.0094,699.6618,164.0000,4.2404,,2.5818,5.1636,5.1636,5.1636,5.1636,5.1636,5.1636,0.0,1.0,1.0,0.821212,29,36,1,2,1.00000000,-0.04400369,-0.04400369,0E-8,0.000000,0.870849,0.621212,,2026-07-28,2026-07-29,2,61,57,2,1.000000,,1.000000,3.333333,,,,,,,,GLOBAL_BASELINE_NO_ENTITY_RANKING,,,NOT_APPLICABLE_GLOBAL_BASELINE,HF9g-P5,,,,X 全窗基线 · 不参与实体赏罚,3922361,393,A168_HF9F_20260827_0900,2026-08-27 09:00:00
2026-07-29,153583407,772,0,10.3271112488,0E-10,0E-10,0.5000000,4,4,0.49324550000000000,0.493245500000,0.027020465636507562,0.027020465636507562,0.027020465636507562,0E-17,ELIGIBLE,R03b_20260811_FULL_v1,L1_ELIGIBILITY,v2026-08-11,2026-03-21..2026-08-06,baccarat_bet02_101_all_pairs_incl_sentinel,round_win = game_pnl > 0 (decisive only),COMPATIBILITY_ONLY_NOT_PRODUCTION,1399.3236,1218.5991,-61.5754,330,328,0.04400369,0.04400369,,0.04400369,61.5754,1399.3236,OK,0.0000,-1.8473,3.0000,97.0000,AG03-UNRESOLVED,ALL5_LEVELS_bet23_to_bet27,-1.8473,-1.8473,-1.8473,-2.4630,-2.4630,3.000000,3.000000,3.000000,4.000000,4.000000,97.000000,97.000000,97.000000,96.000000,96.000000,5.0,-10.4678,-9.7831,-51.1076,-51.7923,PENDING_AG03,FALSE,NOT_FOR_ENFORCEMENT,-59.7281,1182.0412,-61.5754,-59.7281,-1.8473,-0.04400369,-0.04268358,-1.8473,-59.7281,-0.04268358,-1.8473,-1.8473,-1.8473,-2.4630,-2.4630,-59.7281,-0.04268358,-10.4678,-9.7831,-51.1076,-51.7923,-0.03652306,-0.03701236,-0.00132011,4.2404,3.7152,-0.1877,-30.7877,-1.0094,699.6618,164.0000,4.2404,,2.5818,5.1636,5.1636,5.1636,5.1636,5.1636,5.1636,0.0,1.0,1.0,0.821212,29,36,1,2,1.00000000,-0.04400369,-0.04400369,0E-8,0.000000,0.870849,0.621212,,2026-07-28,2026-07-29,2,61,57,2,1.000000,,1.000000,3.333333,,,,,,,,GLOBAL_BASELINE_NO_ENTITY_RANKING,,,NOT_APPLICABLE_GLOBAL_BASELINE,HF9g-P5,,,,X 全窗基线 · 不参与实体赏罚,3922362,393,A168_HF9F_20260827_0900,2026-08-27 09:00:00
2026-07-28,153573248,-1,1,5.1097575930,-5.1097575930,-5.1097575930,0E-7,4,1,0.45476760000507687,0.182381325000,-0.9132799642594714,-0.47229655960434547,-0.9132799642594714,0.27238627500507687,SENTINEL_DEALER,R03b_20260811_FULL_v1,L1_ELIGIBILITY,v2026-08-11,2026-03-21..2026-08-06,baccarat_bet02_101_all_pairs_incl_sentinel,round_win = game_pnl > 0 (decisive only),COMPATIBILITY_ONLY_NOT_PRODUCTION,833.0164,752.2507,-62.2163,266,83,0.07468792,0.07468792,,0.07468792,62.2163,833.0164,OK,0.0000,-2.4887,4.0000,96.0000,AG03-UNRESOLVED,ALL5_LEVELS_bet23_to_bet27,-2.4887,-2.4887,-2.4887,0.0000,0.0000,4.000000,4.000000,4.000000,0.000000,0.000000,96.000000,96.000000,96.000000,100.000000,100.000000,5.0,-7.4660,-7.1713,-54.7503,-55.045,PENDING_AG03,FALSE,NOT_FOR_ENFORCEMENT,-59.7276,722.1606,-62.2163,-59.7276,-2.4887,-0.07468792,-0.07170041,-2.4887,-59.7276,-0.07170041,-2.4887,-2.4887,-2.4887,0.0000,0.0000,-59.7276,-0.07170041,-7.4660,-7.1713,-54.7503,-55.045,-0.06572537,-0.06607909,-0.00298752,3.1316,9.0633,-0.7496,-15.5541,-2.0070,208.2541,20.7500,3.1316,,0.8176,1.022,4.0878,10.2077,12.2634,20.439,1.022,-1.022,12.0,19.999999,3.064373,19,22,7,8,1.00000000,-0.07468792,-0.07468792,0E-8,0.000000,0.903044,0.342105,,2026-07-28,2026-08-01,4,31,28,5,0.800000,,1.000000,3.333333,,,,,,,,GLOBAL_BASELINE_NO_ENTITY_RANKING,,,NOT_APPLICABLE_GLOBAL_BASELINE,HF9g-P5,,,,X 全窗基线 · 不参与实体赏罚,3922363,393,A168_HF9F_20260827_0900,2026-08-27 09:00:00
2026-07-28,153573248,1157,0,17.7819564240,11.0370764011,11.0370764011,0.6666667,5,3,0.49950892460400655,0.406665844444,0.5790516835445774,0.9167835774804971,0.5790516835445774,0.09284308016000655,ELIGIBLE,R03b_20260811_FULL_v1,L1_ELIGIBILITY,v2026-08-11,2026-03-21..2026-08-06,baccarat_bet02_101_all_pairs_incl_sentinel,round_win = game_pnl > 0 (decisive only),COMPATIBILITY_ONLY_NOT_PRODUCTION,833.0164,752.2507,-62.2163,266,83,0.07468792,0.07468792,,0.07468792,62.2163,833.0164,OK,0.0000,-2.4887,4.0000,96.0000,AG03-UNRESOLVED,ALL5_LEVELS_bet23_to_bet27,-2.4887,-2.4887,-2.4887,0.0000,0.0000,4.000000,4.000000,4.000000,0.000000,0.000000,96.000000,96.000000,96.000000,100.000000,100.000000,5.0,-7.4660,-7.1713,-54.7503,-55.045,PENDING_AG03,FALSE,NOT_FOR_ENFORCEMENT,-59.7276,722.1606,-62.2163,-59.7276,-2.4887,-0.07468792,-0.07170041,-2.4887,-59.7276,-0.07170041,-2.4887,-2.4887,-2.4887,0.0000,0.0000,-59.7276,-0.07170041,-7.4660,-7.1713,-54.7503,-55.045,-0.06572537,-0.06607909,-0.00298752,3.1316,9.0633,-0.7496,-15.5541,-2.0070,208.2541,20.7500,3.1316,,0.8176,1.022,4.0878,10.2077,12.2634,20.439,1.022,-1.022,12.0,19.999999,3.064373,19,22,7,8,1.00000000,-0.07468792,-0.07468792,0E-8,0.000000,0.903044,0.342105,,2026-07-28,2026-08-01,4,31,28,5,0.800000,,1.000000,3.333333,,,,,,,,GLOBAL_BASELINE_NO_ENTITY_RANKING,,,NOT_APPLICABLE_GLOBAL_BASELINE,HF9g-P5,,,,X 全窗基线 · 不参与实体赏罚,3922364,393,A168_HF9F_20260827_0900,2026-08-27 09:00:00
2026-07-28,153573248,1323,0,10.0151248825,7.9712218453,7.9712218453,1.0000000,3,2,0.45491447115442320,0.393584825000,1.5480409609627606,1.7554192453407476,1.5480409609627606,0.06132964615442320,ELIGIBLE,R03b_20260811_FULL_v1,L1_ELIGIBILITY,v2026-08-11,2026-03-21..2026-08-06,baccarat_bet02_101_all_pairs_incl_sentinel,round_win = game_pnl > 0 (decisive only),COMPATIBILITY_ONLY_NOT_PRODUCTION,833.0164,752.2507,-62.2163,266,83,0.07468792,0.07468792,,0.07468792,62.2163,833.0164,OK,0.0000,-2.4887,4.0000,96.0000,AG03-UNRESOLVED,ALL5_LEVELS_bet23_to_bet27,-2.4887,-2.4887,-2.4887,0.0000,0.0000,4.000000,4.000000,4.000000,0.000000,0.000000,96.000000,96.000000,96.000000,100.000000,100.000000,5.0,-7.4660,-7.1713,-54.7503,-55.045,PENDING_AG03,FALSE,NOT_FOR_ENFORCEMENT,-59.7276,722.1606,-62.2163,-59.7276,-2.4887,-0.07468792,-0.07170041,-2.4887,-59.7276,-0.07170041,-2.4887,-2.4887,-2.4887,0.0000,0.0000,-59.7276,-0.07170041,-7.4660,-7.1713,-54.7503,-55.045,-0.06572537,-0.06607909,-0.00298752,3.1316,9.0633,-0.7496,-15.5541,-2.0070,208.2541,20.7500,3.1316,,0.8176,1.022,4.0878,10.2077,12.2634,20.439,1.022,-1.022,12.0,19.999999,3.064373,19,22,7,8,1.00000000,-0.07468792,-0.07468792,0E-8,0.000000,0.903044,0.342105,,2026-07-28,2026-08-01,4,31,28,5,0.800000,,1.000000,3.333333,,,,,,,,GLOBAL_BASELINE_NO_ENTITY_RANKING,,,NOT_APPLICABLE_GLOBAL_BASELINE,HF9g-P5,,,,X 全窗基线 · 不参与实体赏罚,3922365,393,A168_HF9F_20260827_0900,2026-08-27 09:00:00
2026-07-28,153573248,1396,0,10.2195151862,1.8395127336,1.8395127336,0.5000000,3,3,0.49771390000000000,0.497713900000,0.006466134837551399,0.0064661348375514,0.006466134837551399,0E-17,ELIGIBLE,R03b_20260811_FULL_v1,L1_ELIGIBILITY,v2026-08-11,2026-03-21..2026-08-06,baccarat_bet02_101_all_pairs_incl_sentinel,round_win = game_pnl > 0 (decisive only),COMPATIBILITY_ONLY_NOT_PRODUCTION,833.0164,752.2507,-62.2163,266,83,0.07468792,0.07468792,,0.07468792,62.2163,833.0164,OK,0.0000,-2.4887,4.0000,96.0000,AG03-UNRESOLVED,ALL5_LEVELS_bet23_to_bet27,-2.4887,-2.4887,-2.4887,0.0000,0.0000,4.000000,4.000000,4.000000,0.000000,0.000000,96.000000,96.000000,96.000000,100.000000,100.000000,5.0,-7.4660,-7.1713,-54.7503,-55.045,PENDING_AG03,FALSE,NOT_FOR_ENFORCEMENT,-59.7276,722.1606,-62.2163,-59.7276,-2.4887,-0.07468792,-0.07170041,-2.4887,-59.7276,-0.07170041,-2.4887,-2.4887,-2.4887,0.0000,0.0000,-59.7276,-0.07170041,-7.4660,-7.1713,-54.7503,-55.045,-0.06572537,-0.06607909,-0.00298752,3.1316,9.0633,-0.7496,-15.5541,-2.0070,208.2541,20.7500,3.1316,,0.8176,1.022,4.0878,10.2077,12.2634,20.439,1.022,-1.022,12.0,19.999999,3.064373,19,22,7,8,1.00000000,-0.07468792,-0.07468792,0E-8,0.000000,0.903044,0.342105,,2026-07-28,2026-08-01,4,31,28,5,0.800000,,1.000000,3.333333,,,,,,,,GLOBAL_BASELINE_NO_ENTITY_RANKING,,,NOT_APPLICABLE_GLOBAL_BASELINE,HF9g-P5,,,,X 全窗基线 · 不参与实体赏罚,3922366,393,A168_HF9F_20260827_0900,2026-08-27 09:00:00
2026-07-28,153573248,2088,0,10.2195151862,10.2195151862,10.2195151862,1.0000000,1,1,0.49324550000000000,0.493245500000,1.01360149184955,1.01360149184955,1.01360149184955,0E-17,ELIGIBLE,R03b_20260811_FULL_v1,L1_ELIGIBILITY,v2026-08-11,2026-03-21..2026-08-06,baccarat_bet02_101_all_pairs_incl_sentinel,round_win = game_pnl > 0 (decisive only),COMPATIBILITY_ONLY_NOT_PRODUCTION,833.0164,752.2507,-62.2163,266,83,0.07468792,0.07468792,,0.07468792,62.2163,833.0164,OK,0.0000,-2.4887,4.0000,96.0000,AG03-UNRESOLVED,ALL5_LEVELS_bet23_to_bet27,-2.4887,-2.4887,-2.4887,0.0000,0.0000,4.000000,4.000000,4.000000,0.000000,0.000000,96.000000,96.000000,96.000000,100.000000,100.000000,5.0,-7.4660,-7.1713,-54.7503,-55.045,PENDING_AG03,FALSE,NOT_FOR_ENFORCEMENT,-59.7276,722.1606,-62.2163,-59.7276,-2.4887,-0.07468792,-0.07170041,-2.4887,-59.7276,-0.07170041,-2.4887,-2.4887,-2.4887,0.0000,0.0000,-59.7276,-0.07170041,-7.4660,-7.1713,-54.7503,-55.045,-0.06572537,-0.06607909,-0.00298752,3.1316,9.0633,-0.7496,-15.5541,-2.0070,208.2541,20.7500,3.1316,,0.8176,1.022,4.0878,10.2077,12.2634,20.439,1.022,-1.022,12.0,19.999999,3.064373,19,22,7,8,1.00000000,-0.07468792,-0.07468792,0E-8,0.000000,0.903044,0.342105,,2026-07-28,2026-08-01,4,31,28,5,0.800000,,1.000000,3.333333,,,,,,,,GLOBAL_BASELINE_NO_ENTITY_RANKING,,,NOT_APPLICABLE_GLOBAL_BASELINE,HF9g-P5,,,,X 全窗基线 · 不参与实体赏罚,3922367,393,A168_HF9F_20260827_0900,2026-08-27 09:00:00
2026-07-28,153573248,2188,0,27.5926910027,-22.6873237133,-22.6873237133,0E-7,12,3,0.45177686951789684,0.187808401111,-1.5723308862726129,-0.8328923795509048,-1.5723308862726129,0.26396846840689684,ELIGIBLE,R03b_20260811_FULL_v1,L1_ELIGIBILITY,v2026-08-11,2026-03-21..2026-08-06,baccarat_bet02_101_all_pairs_incl_sentinel,round_win = game_pnl > 0 (decisive only),COMPATIBILITY_ONLY_NOT_PRODUCTION,833.0164,752.2507,-62.2163,266,83,0.07468792,0.07468792,,0.07468792,62.2163,833.0164,OK,0.0000,-2.4887,4.0000,96.0000,AG03-UNRESOLVED,ALL5_LEVELS_bet23_to_bet27,-2.4887,-2.4887,-2.4887,0.0000,0.0000,4.000000,4.000000,4.000000,0.000000,0.000000,96.000000,96.000000,96.000000,100.000000,100.000000,5.0,-7.4660,-7.1713,-54.7503,-55.045,PENDING_AG03,FALSE,NOT_FOR_ENFORCEMENT,-59.7276,722.1606,-62.2163,-59.7276,-2.4887,-0.07468792,-0.07170041,-2.4887,-59.7276,-0.07170041,-2.4887,-2.4887,-2.4887,0.0000,0.0000,-59.7276,-0.07170041,-7.4660,-7.1713,-54.7503,-55.045,-0.06572537,-0.06607909,-0.00298752,3.1316,9.0633,-0.7496,-15.5541,-2.0070,208.2541,20.7500,3.1316,,0.8176,1.022,4.0878,10.2077,12.2634,20.439,1.022,-1.022,12.0,19.999999,3.064373,19,22,7,8,1.00000000,-0.07468792,-0.07468792,0E-8,0.000000,0.903044,0.342105,,2026-07-28,2026-08-01,4,31,28,5,0.800000,,1.000000,3.333333,,,,,,,,GLOBAL_BASELINE_NO_ENTITY_RANKING,,,NOT_APPLICABLE_GLOBAL_BASELINE,HF9g-P5,,,,X 全窗基线 · 不参与实体赏罚,3922368,393,A168_HF9F_20260827_0900,2026-08-27 09:00:00
2026-07-28,153573248,2212,0,12.2634182234,-12.2634182234,-12.2634182234,0E-7,3,1,0.43455593333450910,0.218271633333,-0.8766535915345236,-0.5284096173047961,-0.8766535915345236,0.21628430000150910,ELIGIBLE,R03b_20260811_FULL_v1,L1_ELIGIBILITY,v2026-08-11,2026-03-21..2026-08-06,baccarat_bet02_101_all_pairs_incl_sentinel,round_win = game_pnl > 0 (decisive only),COMPATIBILITY_ONLY_NOT_PRODUCTION,833.0164,752.2507,-62.2163,266,83,0.07468792,0.07468792,,0.07468792,62.2163,833.0164,OK,0.0000,-2.4887,4.0000,96.0000,AG03-UNRESOLVED,ALL5_LEVELS_bet23_to_bet27,-2.4887,-2.4887,-2.4887,0.0000,0.0000,4.000000,4.000000,4.000000,0.000000,0.000000,96.000000,96.000000,96.000000,100.000000,100.000000,5.0,-7.4660,-7.1713,-54.7503,-55.045,PENDING_AG03,FALSE,NOT_FOR_ENFORCEMENT,-59.7276,722.1606,-62.2163,-59.7276,-2.4887,-0.07468792,-0.07170041,-2.4887,-59.7276,-0.07170041,-2.4887,-2.4887,-2.4887,0.0000,0.0000,-59.7276,-0.07170041,-7.4660,-7.1713,-54.7503,-55.045,-0.06572537,-0.06607909,-0.00298752,3.1316,9.0633,-0.7496,-15.5541,-2.0070,208.2541,20.7500,3.1316,,0.8176,1.022,4.0878,10.2077,12.2634,20.439,1.022,-1.022,12.0,19.999999,3.064373,19,22,7,8,1.00000000,-0.07468792,-0.07468792,0E-8,0.000000,0.903044,0.342105,,2026-07-28,2026-08-01,4,31,28,5,0.800000,,1.000000,3.333333,,,,,,,,GLOBAL_BASELINE_NO_ENTITY_RANKING,,,NOT_APPLICABLE_GLOBAL_BASELINE,HF9g-P5,,,,X 全窗基线 · 不参与实体赏罚,3922369,393,A168_HF9F_20260827_0900,2026-08-27 09:00:00
2026-07-28,153573248,550,0,9.8107345788,-1.8395127335,-1.8395127335,0.5000000,3,2,0.47859224107055786,0.400287425000,0.06060586189830644,0.2878109933178697,0.06060586189830644,0.07830481607055786,ELIGIBLE,R03b_20260811_FULL_v1,L1_ELIGIBILITY,v2026-08-11,2026-03-21..2026-08-06,baccarat_bet02_101_all_pairs_incl_sentinel,round_win = game_pnl > 0 (decisive only),COMPATIBILITY_ONLY_NOT_PRODUCTION,833.0164,752.2507,-62.2163,266,83,0.07468792,0.07468792,,0.07468792,62.2163,833.0164,OK,0.0000,-2.4887,4.0000,96.0000,AG03-UNRESOLVED,ALL5_LEVELS_bet23_to_bet27,-2.4887,-2.4887,-2.4887,0.0000,0.0000,4.000000,4.000000,4.000000,0.000000,0.000000,96.000000,96.000000,96.000000,100.000000,100.000000,5.0,-7.4660,-7.1713,-54.7503,-55.045,PENDING_AG03,FALSE,NOT_FOR_ENFORCEMENT,-59.7276,722.1606,-62.2163,-59.7276,-2.4887,-0.07468792,-0.07170041,-2.4887,-59.7276,-0.07170041,-2.4887,-2.4887,-2.4887,0.0000,0.0000,-59.7276,-0.07170041,-7.4660,-7.1713,-54.7503,-55.045,-0.06572537,-0.06607909,-0.00298752,3.1316,9.0633,-0.7496,-15.5541,-2.0070,208.2541,20.7500,3.1316,,0.8176,1.022,4.0878,10.2077,12.2634,20.439,1.022,-1.022,12.0,19.999999,3.064373,19,22,7,8,1.00000000,-0.07468792,-0.07468792,0E-8,0.000000,0.903044,0.342105,,2026-07-28,2026-08-01,4,31,28,5,0.800000,,1.000000,3.333333,,,,,,,,GLOBAL_BASELINE_NO_ENTITY_RANKING,,,NOT_APPLICABLE_GLOBAL_BASELINE,HF9g-P5,,,,X 全窗基线 · 不参与实体赏罚,3922370,393,A168_HF9F_20260827_0900,2026-08-27 09:00:00
2026-07-29,153573248,-1,1,45.5790377302,-31.2717164696,-31.2717164696,0E-7,15,5,0.43446559568603735,0.316173740667,-1.7529849040748733,-1.359940812607327,-1.7529849040748733,0.11829185501903735,SENTINEL_DEALER,R03b_20260811_FULL_v1,L1_ELIGIBILITY,v2026-08-11,2026-03-21..2026-08-06,baccarat_bet02_101_all_pairs_incl_sentinel,round_win = game_pnl > 0 (decisive only),COMPATIBILITY_ONLY_NOT_PRODUCTION,833.0164,752.2507,-62.2163,266,83,0.07468792,0.07468792,,0.07468792,62.2163,833.0164,OK,0.0000,-2.4887,4.0000,96.0000,AG03-UNRESOLVED,ALL5_LEVELS_bet23_to_bet27,-2.4887,-2.4887,-2.4887,0.0000,0.0000,4.000000,4.000000,4.000000,0.000000,0.000000,96.000000,96.000000,96.000000,100.000000,100.000000,5.0,-7.4660,-7.1713,-54.7503,-55.045,PENDING_AG03,FALSE,NOT_FOR_ENFORCEMENT,-59.7276,722.1606,-62.2163,-59.7276,-2.4887,-0.07468792,-0.07170041,-2.4887,-59.7276,-0.07170041,-2.4887,-2.4887,-2.4887,0.0000,0.0000,-59.7276,-0.07170041,-7.4660,-7.1713,-54.7503,-55.045,-0.06572537,-0.06607909,-0.00298752,3.1316,9.0633,-0.7496,-15.5541,-2.0070,208.2541,20.7500,3.1316,,0.8176,1.022,4.0878,10.2077,12.2634,20.439,1.022,-1.022,12.0,19.999999,3.064373,19,22,7,8,1.00000000,-0.07468792,-0.07468792,0E-8,0.000000,0.903044,0.342105,,2026-07-28,2026-08-01,4,31,28,5,0.800000,,1.000000,3.333333,,,,,,,,GLOBAL_BASELINE_NO_ENTITY_RANKING,,,NOT_APPLICABLE_GLOBAL_BASELINE,HF9g-P5,,,,X 全窗基线 · 不参与实体赏罚,3922371,393,A168_HF9F_20260827_0900,2026-08-27 09:00:00
2026-07-29,153573248,1150,0,24.5268364469,22.4829334097,22.4829334097,1.0000000,3,2,0.44341516250121900,0.393584825000,1.58443859793952,1.7554192453407476,1.58443859793952,0.04983033750121900,ELIGIBLE,R03b_20260811_FULL_v1,L1_ELIGIBILITY,v2026-08-11,2026-03-21..2026-08-06,baccarat_bet02_101_all_pairs_incl_sentinel,round_win = game_pnl > 0 (decisive only),COMPATIBILITY_ONLY_NOT_PRODUCTION,833.0164,752.2507,-62.2163,266,83,0.07468792,0.07468792,,0.07468792,62.2163,833.0164,OK,0.0000,-2.4887,4.0000,96.0000,AG03-UNRESOLVED,ALL5_LEVELS_bet23_to_bet27,-2.4887,-2.4887,-2.4887,0.0000,0.0000,4.000000,4.000000,4.000000,0.000000,0.000000,96.000000,96.000000,96.000000,100.000000,100.000000,5.0,-7.4660,-7.1713,-54.7503,-55.045,PENDING_AG03,FALSE,NOT_FOR_ENFORCEMENT,-59.7276,722.1606,-62.2163,-59.7276,-2.4887,-0.07468792,-0.07170041,-2.4887,-59.7276,-0.07170041,-2.4887,-2.4887,-2.4887,0.0000,0.0000,-59.7276,-0.07170041,-7.4660,-7.1713,-54.7503,-55.045,-0.06572537,-0.06607909,-0.00298752,3.1316,9.0633,-0.7496,-15.5541,-2.0070,208.2541,20.7500,3.1316,,0.8176,1.022,4.0878,10.2077,12.2634,20.439,1.022,-1.022,12.0,19.999999,3.064373,19,22,7,8,1.00000000,-0.07468792,-0.07468792,0E-8,0.000000,0.903044,0.342105,,2026-07-28,2026-08-01,4,31,28,5,0.800000,,1.000000,3.333333,,,,,,,,GLOBAL_BASELINE_NO_ENTITY_RANKING,,,NOT_APPLICABLE_GLOBAL_BASELINE,HF9g-P5,,,,X 全窗基线 · 不参与实体赏罚,3922372,393,A168_HF9F_20260827_0900,2026-08-27 09:00:00
2026-07-29,153573248,1307,0,96.8810039646,40.7247680175,40.7247680175,0.8888889,36,9,0.37710015711257272,0.212303767778,3.1679221976769334,4.963470702276866,3.1679221976769334,0.16479638933457272,ELIGIBLE,R03b_20260811_FULL_v1,L1_ELIGIBILITY,v2026-08-11,2026-03-21..2026-08-06,baccarat_bet02_101_all_pairs_incl_sentinel,round_win = game_pnl > 0 (decisive only),COMPATIBILITY_ONLY_NOT_PRODUCTION,833.0164,752.2507,-62.2163,266,83,0.07468792,0.07468792,,0.07468792,62.2163,833.0164,OK,0.0000,-2.4887,4.0000,96.0000,AG03-UNRESOLVED,ALL5_LEVELS_bet23_to_bet27,-2.4887,-2.4887,-2.4887,0.0000,0.0000,4.000000,4.000000,4.000000,0.000000,0.000000,96.000000,96.000000,96.000000,100.000000,100.000000,5.0,-7.4660,-7.1713,-54.7503,-55.045,PENDING_AG03,FALSE,NOT_FOR_ENFORCEMENT,-59.7276,722.1606,-62.2163,-59.7276,-2.4887,-0.07468792,-0.07170041,-2.4887,-59.7276,-0.07170041,-2.4887,-2.4887,-2.4887,0.0000,0.0000,-59.7276,-0.07170041,-7.4660,-7.1713,-54.7503,-55.045,-0.06572537,-0.06607909,-0.00298752,3.1316,9.0633,-0.7496,-15.5541,-2.0070,208.2541,20.7500,3.1316,,0.8176,1.022,4.0878,10.2077,12.2634,20.439,1.022,-1.022,12.0,19.999999,3.064373,19,22,7,8,1.00000000,-0.07468792,-0.07468792,0E-8,0.000000,0.903044,0.342105,,2026-07-28,2026-08-01,4,31,28,5,0.800000,,1.000000,3.333333,,,,,,,,GLOBAL_BASELINE_NO_ENTITY_RANKING,,,NOT_APPLICABLE_GLOBAL_BASELINE,HF9g-P5,,,,X 全窗基线 · 不参与实体赏罚,3922373,393,A168_HF9F_20260827_0900,2026-08-27 09:00:00
2026-07-29,153573248,1963,0,12.2634182234,-12.2634182234,-12.2634182234,0E-7,4,1,0.39026741666834610,0.184311250000,-0.80003952796732,-0.47535020548684115,-0.80003952796732,0.20595616666834610,ELIGIBLE,R03b_20260811_FULL_v1,L1_ELIGIBILITY,v2026-08-11,2026-03-21..2026-08-06,baccarat_bet02_101_all_pairs_incl_sentinel,round_win = game_pnl > 0 (decisive only),COMPATIBILITY_ONLY_NOT_PRODUCTION,833.0164,752.2507,-62.2163,266,83,0.07468792,0.07468792,,0.07468792,62.2163,833.0164,OK,0.0000,-2.4887,4.0000,96.0000,AG03-UNRESOLVED,ALL5_LEVELS_bet23_to_bet27,-2.4887,-2.4887,-2.4887,0.0000,0.0000,4.000000,4.000000,4.000000,0.000000,0.000000,96.000000,96.000000,96.000000,100.000000,100.000000,5.0,-7.4660,-7.1713,-54.7503,-55.045,PENDING_AG03,FALSE,NOT_FOR_ENFORCEMENT,-59.7276,722.1606,-62.2163,-59.7276,-2.4887,-0.07468792,-0.07170041,-2.4887,-59.7276,-0.07170041,-2.4887,-2.4887,-2.4887,0.0000,0.0000,-59.7276,-0.07170041,-7.4660,-7.1713,-54.7503,-55.045,-0.06572537,-0.06607909,-0.00298752,3.1316,9.0633,-0.7496,-15.5541,-2.0070,208.2541,20.7500,3.1316,,0.8176,1.022,4.0878,10.2077,12.2634,20.439,1.022,-1.022,12.0,19.999999,3.064373,19,22,7,8,1.00000000,-0.07468792,-0.07468792,0E-8,0.000000,0.903044,0.342105,,2026-07-28,2026-08-01,4,31,28,5,0.800000,,1.000000,3.333333,,,,,,,,GLOBAL_BASELINE_NO_ENTITY_RANKING,,,NOT_APPLICABLE_GLOBAL_BASELINE,HF9g-P5,,,,X 全窗基线 · 不参与实体赏罚,3922374,393,A168_HF9F_20260827_0900,2026-08-27 09:00:00
2026-07-29,153573248,2123,0,3.8834157707,-3.8834157707,-3.8834157707,0E-7,4,1,0.42820671053301492,0.184311250000,-0.8653807043450097,-0.47535020548684115,-0.8653807043450097,0.24389546053301492,ELIGIBLE,R03b_20260811_FULL_v1,L1_ELIGIBILITY,v2026-08-11,2026-03-21..2026-08-06,baccarat_bet02_101_all_pairs_incl_sentinel,round_win = game_pnl > 0 (decisive only),COMPATIBILITY_ONLY_NOT_PRODUCTION,833.0164,752.2507,-62.2163,266,83,0.07468792,0.07468792,,0.07468792,62.2163,833.0164,OK,0.0000,-2.4887,4.0000,96.0000,AG03-UNRESOLVED,ALL5_LEVELS_bet23_to_bet27,-2.4887,-2.4887,-2.4887,0.0000,0.0000,4.000000,4.000000,4.000000,0.000000,0.000000,96.000000,96.000000,96.000000,100.000000,100.000000,5.0,-7.4660,-7.1713,-54.7503,-55.045,PENDING_AG03,FALSE,NOT_FOR_ENFORCEMENT,-59.7276,722.1606,-62.2163,-59.7276,-2.4887,-0.07468792,-0.07170041,-2.4887,-59.7276,-0.07170041,-2.4887,-2.4887,-2.4887,0.0000,0.0000,-59.7276,-0.07170041,-7.4660,-7.1713,-54.7503,-55.045,-0.06572537,-0.06607909,-0.00298752,3.1316,9.0633,-0.7496,-15.5541,-2.0070,208.2541,20.7500,3.1316,,0.8176,1.022,4.0878,10.2077,12.2634,20.439,1.022,-1.022,12.0,19.999999,3.064373,19,22,7,8,1.00000000,-0.07468792,-0.07468792,0E-8,0.000000,0.903044,0.342105,,2026-07-28,2026-08-01,4,31,28,5,0.800000,,1.000000,3.333333,,,,,,,,GLOBAL_BASELINE_NO_ENTITY_RANKING,,,NOT_APPLICABLE_GLOBAL_BASELINE,HF9g-P5,,,,X 全窗基线 · 不参与实体赏罚,3922375,393,A168_HF9F_20260827_0900,2026-08-27 09:00:00
2026-07-29,153573248,2188,0,38.8341577074,-14.3073212606,-14.3073212606,0.5000000,7,2,0.43545191517955694,0.227383235000,0.1841101734470285,0.9198272542853562,0.1841101734470285,0.20806868017955694,ELIGIBLE,R03b_20260811_FULL_v1,L1_ELIGIBILITY,v2026-08-11,2026-03-21..2026-08-06,baccarat_bet02_101_all_pairs_incl_sentinel,round_win = game_pnl > 0 (decisive only),COMPATIBILITY_ONLY_NOT_PRODUCTION,833.0164,752.2507,-62.2163,266,83,0.07468792,0.07468792,,0.07468792,62.2163,833.0164,OK,0.0000,-2.4887,4.0000,96.0000,AG03-UNRESOLVED,ALL5_LEVELS_bet23_to_bet27,-2.4887,-2.4887,-2.4887,0.0000,0.0000,4.000000,4.000000,4.000000,0.000000,0.000000,96.000000,96.000000,96.000000,100.000000,100.000000,5.0,-7.4660,-7.1713,-54.7503,-55.045,PENDING_AG03,FALSE,NOT_FOR_ENFORCEMENT,-59.7276,722.1606,-62.2163,-59.7276,-2.4887,-0.07468792,-0.07170041,-2.4887,-59.7276,-0.07170041,-2.4887,-2.4887,-2.4887,0.0000,0.0000,-59.7276,-0.07170041,-7.4660,-7.1713,-54.7503,-55.045,-0.06572537,-0.06607909,-0.00298752,3.1316,9.0633,-0.7496,-15.5541,-2.0070,208.2541,20.7500,3.1316,,0.8176,1.022,4.0878,10.2077,12.2634,20.439,1.022,-1.022,12.0,19.999999,3.064373,19,22,7,8,1.00000000,-0.07468792,-0.07468792,0E-8,0.000000,0.903044,0.342105,,2026-07-28,2026-08-01,4,31,28,5,0.800000,,1.000000,3.333333,,,,,,,,GLOBAL_BASELINE_NO_ENTITY_RANKING,,,NOT_APPLICABLE_GLOBAL_BASELINE,HF9g-P5,,,,X 全窗基线 · 不参与实体赏罚,3922376,393,A168_HF9F_20260827_0900,2026-08-27 09:00:00
2026-07-29,153573248,2205,0,77.4639251110,16.4534194501,16.4534194501,0.6000000,20,5,0.42471880738947884,0.235145350667,0.7929202097976104,1.9237438010159262,0.7929202097976104,0.18957345672247884,ELIGIBLE,R03b_20260811_FULL_v1,L1_ELIGIBILITY,v2026-08-11,2026-03-21..2026-08-06,baccarat_bet02_101_all_pairs_incl_sentinel,round_win = game_pnl > 0 (decisive only),COMPATIBILITY_ONLY_NOT_PRODUCTION,833.0164,752.2507,-62.2163,266,83,0.07468792,0.07468792,,0.07468792,62.2163,833.0164,OK,0.0000,-2.4887,4.0000,96.0000,AG03-UNRESOLVED,ALL5_LEVELS_bet23_to_bet27,-2.4887,-2.4887,-2.4887,0.0000,0.0000,4.000000,4.000000,4.000000,0.000000,0.000000,96.000000,96.000000,96.000000,100.000000,100.000000,5.0,-7.4660,-7.1713,-54.7503,-55.045,PENDING_AG03,FALSE,NOT_FOR_ENFORCEMENT,-59.7276,722.1606,-62.2163,-59.7276,-2.4887,-0.07468792,-0.07170041,-2.4887,-59.7276,-0.07170041,-2.4887,-2.4887,-2.4887,0.0000,0.0000,-59.7276,-0.07170041,-7.4660,-7.1713,-54.7503,-55.045,-0.06572537,-0.06607909,-0.00298752,3.1316,9.0633,-0.7496,-15.5541,-2.0070,208.2541,20.7500,3.1316,,0.8176,1.022,4.0878,10.2077,12.2634,20.439,1.022,-1.022,12.0,19.999999,3.064373,19,22,7,8,1.00000000,-0.07468792,-0.07468792,0E-8,0.000000,0.903044,0.342105,,2026-07-28,2026-08-01,4,31,28,5,0.800000,,1.000000,3.333333,,,,,,,,GLOBAL_BASELINE_NO_ENTITY_RANKING,,,NOT_APPLICABLE_GLOBAL_BASELINE,HF9g-P5,,,,X 全窗基线 · 不参与实体赏罚,3922377,393,A168_HF9F_20260827_0900,2026-08-27 09:00:00
2026-07-29,153573248,2252,0,22.2785431057,-2.3504884926,-2.3504884926,0.6666667,11,3,0.37080086196861158,0.199128528889,1.0609403670528914,2.0278205305213564,1.0609403670528914,0.17167233307961158,ELIGIBLE,R03b_20260811_FULL_v1,L1_ELIGIBILITY,v2026-08-11,2026-03-21..2026-08-06,baccarat_bet02_101_all_pairs_incl_sentinel,round_win = game_pnl > 0 (decisive only),COMPATIBILITY_ONLY_NOT_PRODUCTION,833.0164,752.2507,-62.2163,266,83,0.07468792,0.07468792,,0.07468792,62.2163,833.0164,OK,0.0000,-2.4887,4.0000,96.0000,AG03-UNRESOLVED,ALL5_LEVELS_bet23_to_bet27,-2.4887,-2.4887,-2.4887,0.0000,0.0000,4.000000,4.000000,4.000000,0.000000,0.000000,96.000000,96.000000,96.000000,100.000000,100.000000,5.0,-7.4660,-7.1713,-54.7503,-55.045,PENDING_AG03,FALSE,NOT_FOR_ENFORCEMENT,-59.7276,722.1606,-62.2163,-59.7276,-2.4887,-0.07468792,-0.07170041,-2.4887,-59.7276,-0.07170041,-2.4887,-2.4887,-2.4887,0.0000,0.0000,-59.7276,-0.07170041,-7.4660,-7.1713,-54.7503,-55.045,-0.06572537,-0.06607909,-0.00298752,3.1316,9.0633,-0.7496,-15.5541,-2.0070,208.2541,20.7500,3.1316,,0.8176,1.022,4.0878,10.2077,12.2634,20.439,1.022,-1.022,12.0,19.999999,3.064373,19,22,7,8,1.00000000,-0.07468792,-0.07468792,0E-8,0.000000,0.903044,0.342105,,2026-07-28,2026-08-01,4,31,28,5,0.800000,,1.000000,3.333333,,,,,,,,GLOBAL_BASELINE_NO_ENTITY_RANKING,,,NOT_APPLICABLE_GLOBAL_BASELINE,HF9g-P5,,,,X 全窗基线 · 不参与实体赏罚,3922378,393,A168_HF9F_20260827_0900,2026-08-27 09:00:00
2026-07-29,153573248,2271,0,41.9000122633,14.9204921720,14.9204921720,0.6666667,10,3,0.40391692129757719,0.279466356667,0.9274777733662791,1.4945292706735869,0.9274777733662791,0.12445056463057719,ELIGIBLE,R03b_20260811_FULL_v1,L1_ELIGIBILITY,v2026-08-11,2026-03-21..2026-08-06,baccarat_bet02_101_all_pairs_incl_sentinel,round_win = game_pnl > 0 (decisive only),COMPATIBILITY_ONLY_NOT_PRODUCTION,833.0164,752.2507,-62.2163,266,83,0.07468792,0.07468792,,0.07468792,62.2163,833.0164,OK,0.0000,-2.4887,4.0000,96.0000,AG03-UNRESOLVED,ALL5_LEVELS_bet23_to_bet27,-2.4887,-2.4887,-2.4887,0.0000,0.0000,4.000000,4.000000,4.000000,0.000000,0.000000,96.000000,96.000000,96.000000,100.000000,100.000000,5.0,-7.4660,-7.1713,-54.7503,-55.045,PENDING_AG03,FALSE,NOT_FOR_ENFORCEMENT,-59.7276,722.1606,-62.2163,-59.7276,-2.4887,-0.07468792,-0.07170041,-2.4887,-59.7276,-0.07170041,-2.4887,-2.4887,-2.4887,0.0000,0.0000,-59.7276,-0.07170041,-7.4660,-7.1713,-54.7503,-55.045,-0.06572537,-0.06607909,-0.00298752,3.1316,9.0633,-0.7496,-15.5541,-2.0070,208.2541,20.7500,3.1316,,0.8176,1.022,4.0878,10.2077,12.2634,20.439,1.022,-1.022,12.0,19.999999,3.064373,19,22,7,8,1.00000000,-0.07468792,-0.07468792,0E-8,0.000000,0.903044,0.342105,,2026-07-28,2026-08-01,4,31,28,5,0.800000,,1.000000,3.333333,,,,,,,,GLOBAL_BASELINE_NO_ENTITY_RANKING,,,NOT_APPLICABLE_GLOBAL_BASELINE,HF9g-P5,,,,X 全窗基线 · 不参与实体赏罚,3922379,393,A168_HF9F_20260827_0900,2026-08-27 09:00:00
2026-07-29,153573248,526,0,8.1756121489,-8.1756121489,-8.1756121489,0E-7,4,1,0.33877837500188936,0.184311250000,-0.7157878396396969,-0.47535020548684115,-0.7157878396396969,0.15446712500188936,ELIGIBLE,R03b_20260811_FULL_v1,L1_ELIGIBILITY,v2026-08-11,2026-03-21..2026-08-06,baccarat_bet02_101_all_pairs_incl_sentinel,round_win = game_pnl > 0 (decisive only),COMPATIBILITY_ONLY_NOT_PRODUCTION,833.0164,752.2507,-62.2163,266,83,0.07468792,0.07468792,,0.07468792,62.2163,833.0164,OK,0.0000,-2.4887,4.0000,96.0000,AG03-UNRESOLVED,ALL5_LEVELS_bet23_to_bet27,-2.4887,-2.4887,-2.4887,0.0000,0.0000,4.000000,4.000000,4.000000,0.000000,0.000000,96.000000,96.000000,96.000000,100.000000,100.000000,5.0,-7.4660,-7.1713,-54.7503,-55.045,PENDING_AG03,FALSE,NOT_FOR_ENFORCEMENT,-59.7276,722.1606,-62.2163,-59.7276,-2.4887,-0.07468792,-0.07170041,-2.4887,-59.7276,-0.07170041,-2.4887,-2.4887,-2.4887,0.0000,0.0000,-59.7276,-0.07170041,-7.4660,-7.1713,-54.7503,-55.045,-0.06572537,-0.06607909,-0.00298752,3.1316,9.0633,-0.7496,-15.5541,-2.0070,208.2541,20.7500,3.1316,,0.8176,1.022,4.0878,10.2077,12.2634,20.439,1.022,-1.022,12.0,19.999999,3.064373,19,22,7,8,1.00000000,-0.07468792,-0.07468792,0E-8,0.000000,0.903044,0.342105,,2026-07-28,2026-08-01,4,31,28,5,0.800000,,1.000000,3.333333,,,,,,,,GLOBAL_BASELINE_NO_ENTITY_RANKING,,,NOT_APPLICABLE_GLOBAL_BASELINE,HF9g-P5,,,,X 全窗基线 · 不参与实体赏罚,3922380,393,A168_HF9F_20260827_0900,2026-08-27 09:00:00
2026-07-30,153573248,-1,1,59.6819686870,-1.8395127332,-1.8395127332,0.6666667,19,6,0.42806084900900248,0.254069108333,1.181215089179617,2.3215447015391355,1.181215089179617,0.17399174067600248,SENTINEL_DEALER,R03b_20260811_FULL_v1,L1_ELIGIBILITY,v2026-08-11,2026-03-21..2026-08-06,baccarat_bet02_101_all_pairs_incl_sentinel,round_win = game_pnl > 0 (decisive only),COMPATIBILITY_ONLY_NOT_PRODUCTION,833.0164,752.2507,-62.2163,266,83,0.07468792,0.07468792,,0.07468792,62.2163,833.0164,OK,0.0000,-2.4887,4.0000,96.0000,AG03-UNRESOLVED,ALL5_LEVELS_bet23_to_bet27,-2.4887,-2.4887,-2.4887,0.0000,0.0000,4.000000,4.000000,4.000000,0.000000,0.000000,96.000000,96.000000,96.000000,100.000000,100.000000,5.0,-7.4660,-7.1713,-54.7503,-55.045,PENDING_AG03,FALSE,NOT_FOR_ENFORCEMENT,-59.7276,722.1606,-62.2163,-59.7276,-2.4887,-0.07468792,-0.07170041,-2.4887,-59.7276,-0.07170041,-2.4887,-2.4887,-2.4887,0.0000,0.0000,-59.7276,-0.07170041,-7.4660,-7.1713,-54.7503,-55.045,-0.06572537,-0.06607909,-0.00298752,3.1316,9.0633,-0.7496,-15.5541,-2.0070,208.2541,20.7500,3.1316,,0.8176,1.022,4.0878,10.2077,12.2634,20.439,1.022,-1.022,12.0,19.999999,3.064373,19,22,7,8,1.00000000,-0.07468792,-0.07468792,0E-8,0.000000,0.903044,0.342105,,2026-07-28,2026-08-01,4,31,28,5,0.800000,,1.000000,3.333333,,,,,,,,GLOBAL_BASELINE_NO_ENTITY_RANKING,,,NOT_APPLICABLE_GLOBAL_BASELINE,HF9g-P5,,,,X 全窗基线 · 不参与实体赏罚,3922381,393,A168_HF9F_20260827_0900,2026-08-27 09:00:00
2026-07-30,153573248,1318,0,12.2634182234,-12.2634182234,-12.2634182234,0E-7,2,1,0.46002527500054178,0.293924150000,-0.9230051640514235,-0.6451964315166089,-0.9230051640514235,0.16610112500054178,ELIGIBLE,R03b_20260811_FULL_v1,L1_ELIGIBILITY,v2026-08-11,2026-03-21..2026-08-06,baccarat_bet02_101_all_pairs_incl_sentinel,round_win = game_pnl > 0 (decisive only),COMPATIBILITY_ONLY_NOT_PRODUCTION,833.0164,752.2507,-62.2163,266,83,0.07468792,0.07468792,,0.07468792,62.2163,833.0164,OK,0.0000,-2.4887,4.0000,96.0000,AG03-UNRESOLVED,ALL5_LEVELS_bet23_to_bet27,-2.4887,-2.4887,-2.4887,0.0000,0.0000,4.000000,4.000000,4.000000,0.000000,0.000000,96.000000,96.000000,96.000000,100.000000,100.000000,5.0,-7.4660,-7.1713,-54.7503,-55.045,PENDING_AG03,FALSE,NOT_FOR_ENFORCEMENT,-59.7276,722.1606,-62.2163,-59.7276,-2.4887,-0.07468792,-0.07170041,-2.4887,-59.7276,-0.07170041,-2.4887,-2.4887,-2.4887,0.0000,0.0000,-59.7276,-0.07170041,-7.4660,-7.1713,-54.7503,-55.045,-0.06572537,-0.06607909,-0.00298752,3.1316,9.0633,-0.7496,-15.5541,-2.0070,208.2541,20.7500,3.1316,,0.8176,1.022,4.0878,10.2077,12.2634,20.439,1.022,-1.022,12.0,19.999999,3.064373,19,22,7,8,1.00000000,-0.07468792,-0.07468792,0E-8,0.000000,0.903044,0.342105,,2026-07-28,2026-08-01,4,31,28,5,0.800000,,1.000000,3.333333,,,,,,,,GLOBAL_BASELINE_NO_ENTITY_RANKING,,,NOT_APPLICABLE_GLOBAL_BASELINE,HF9g-P5,,,,X 全窗基线 · 不参与实体赏罚,3922382,393,A168_HF9F_20260827_0900,2026-08-27 09:00:00
2026-07-30,153573248,1330,0,70.1058741771,13.1831745904,13.1831745904,0.6666667,14,3,0.41792144535137285,0.168665296667,0.8735288348324234,2.303511276057414,0.8735288348324234,0.24925614868437285,ELIGIBLE,R03b_20260811_FULL_v1,L1_ELIGIBILITY,v2026-08-11,2026-03-21..2026-08-06,baccarat_bet02_101_all_pairs_incl_sentinel,round_win = game_pnl > 0 (decisive only),COMPATIBILITY_ONLY_NOT_PRODUCTION,833.0164,752.2507,-62.2163,266,83,0.07468792,0.07468792,,0.07468792,62.2163,833.0164,OK,0.0000,-2.4887,4.0000,96.0000,AG03-UNRESOLVED,ALL5_LEVELS_bet23_to_bet27,-2.4887,-2.4887,-2.4887,0.0000,0.0000,4.000000,4.000000,4.000000,0.000000,0.000000,96.000000,96.000000,96.000000,100.000000,100.000000,5.0,-7.4660,-7.1713,-54.7503,-55.045,PENDING_AG03,FALSE,NOT_FOR_ENFORCEMENT,-59.7276,722.1606,-62.2163,-59.7276,-2.4887,-0.07468792,-0.07170041,-2.4887,-59.7276,-0.07170041,-2.4887,-2.4887,-2.4887,0.0000,0.0000,-59.7276,-0.07170041,-7.4660,-7.1713,-54.7503,-55.045,-0.06572537,-0.06607909,-0.00298752,3.1316,9.0633,-0.7496,-15.5541,-2.0070,208.2541,20.7500,3.1316,,0.8176,1.022,4.0878,10.2077,12.2634,20.439,1.022,-1.022,12.0,19.999999,3.064373,19,22,7,8,1.00000000,-0.07468792,-0.07468792,0E-8,0.000000,0.903044,0.342105,,2026-07-28,2026-08-01,4,31,28,5,0.800000,,1.000000,3.333333,,,,,,,,GLOBAL_BASELINE_NO_ENTITY_RANKING,,,NOT_APPLICABLE_GLOBAL_BASELINE,HF9g-P5,,,,X 全窗基线 · 不参与实体赏罚,3922383,393,A168_HF9F_20260827_0900,2026-08-27 09:00:00
2026-07-30,153573248,2212,0,56.8205044348,20.0915668564,20.0915668564,0.8888889,27,9,0.41779926898742117,0.233334728148,2.8655274865574034,4.649831835379329,2.8655274865574034,0.18446454083942117,ELIGIBLE,R03b_20260811_FULL_v1,L1_ELIGIBILITY,v2026-08-11,2026-03-21..2026-08-06,baccarat_bet02_101_all_pairs_incl_sentinel,round_win = game_pnl > 0 (decisive only),COMPATIBILITY_ONLY_NOT_PRODUCTION,833.0164,752.2507,-62.2163,266,83,0.07468792,0.07468792,,0.07468792,62.2163,833.0164,OK,0.0000,-2.4887,4.0000,96.0000,AG03-UNRESOLVED,ALL5_LEVELS_bet23_to_bet27,-2.4887,-2.4887,-2.4887,0.0000,0.0000,4.000000,4.000000,4.000000,0.000000,0.000000,96.000000,96.000000,96.000000,100.000000,100.000000,5.0,-7.4660,-7.1713,-54.7503,-55.045,PENDING_AG03,FALSE,NOT_FOR_ENFORCEMENT,-59.7276,722.1606,-62.2163,-59.7276,-2.4887,-0.07468792,-0.07170041,-2.4887,-59.7276,-0.07170041,-2.4887,-2.4887,-2.4887,0.0000,0.0000,-59.7276,-0.07170041,-7.4660,-7.1713,-54.7503,-55.045,-0.06572537,-0.06607909,-0.00298752,3.1316,9.0633,-0.7496,-15.5541,-2.0070,208.2541,20.7500,3.1316,,0.8176,1.022,4.0878,10.2077,12.2634,20.439,1.022,-1.022,12.0,19.999999,3.064373,19,22,7,8,1.00000000,-0.07468792,-0.07468792,0E-8,0.000000,0.903044,0.342105,,2026-07-28,2026-08-01,4,31,28,5,0.800000,,1.000000,3.333333,,,,,,,,GLOBAL_BASELINE_NO_ENTITY_RANKING,,,NOT_APPLICABLE_GLOBAL_BASELINE,HF9g-P5,,,,X 全窗基线 · 不参与实体赏罚,3922384,393,A168_HF9F_20260827_0900,2026-08-27 09:00:00
2026-07-30,153573248,2234,0,92.1800269789,48.0317213755,48.0317213755,0.8571429,29,7,0.39709891364089998,0.216948925714,2.4875736904363968,4.109479101525272,2.4875736904363968,0.18014998792689998,ELIGIBLE,R03b_20260811_FULL_v1,L1_ELIGIBILITY,v2026-08-11,2026-03-21..2026-08-06,baccarat_bet02_101_all_pairs_incl_sentinel,round_win = game_pnl > 0 (decisive only),COMPATIBILITY_ONLY_NOT_PRODUCTION,833.0164,752.2507,-62.2163,266,83,0.07468792,0.07468792,,0.07468792,62.2163,833.0164,OK,0.0000,-2.4887,4.0000,96.0000,AG03-UNRESOLVED,ALL5_LEVELS_bet23_to_bet27,-2.4887,-2.4887,-2.4887,0.0000,0.0000,4.000000,4.000000,4.000000,0.000000,0.000000,96.000000,96.000000,96.000000,100.000000,100.000000,5.0,-7.4660,-7.1713,-54.7503,-55.045,PENDING_AG03,FALSE,NOT_FOR_ENFORCEMENT,-59.7276,722.1606,-62.2163,-59.7276,-2.4887,-0.07468792,-0.07170041,-2.4887,-59.7276,-0.07170041,-2.4887,-2.4887,-2.4887,0.0000,0.0000,-59.7276,-0.07170041,-7.4660,-7.1713,-54.7503,-55.045,-0.06572537,-0.06607909,-0.00298752,3.1316,9.0633,-0.7496,-15.5541,-2.0070,208.2541,20.7500,3.1316,,0.8176,1.022,4.0878,10.2077,12.2634,20.439,1.022,-1.022,12.0,19.999999,3.064373,19,22,7,8,1.00000000,-0.07468792,-0.07468792,0E-8,0.000000,0.903044,0.342105,,2026-07-28,2026-08-01,4,31,28,5,0.800000,,1.000000,3.333333,,,,,,,,GLOBAL_BASELINE_NO_ENTITY_RANKING,,,NOT_APPLICABLE_GLOBAL_BASELINE,HF9g-P5,,,,X 全窗基线 · 不参与实体赏罚,3922385,393,A168_HF9F_20260827_0900,2026-08-27 09:00:00
2026-07-30,153573248,2250,0,4.9053672893,3.6790254671,3.6790254671,1.0000000,4,1,0.44175645833858157,0.184311250000,1.1241399960737304,2.103712144135556,1.1241399960737304,0.25744520833858157,ELIGIBLE,R03b_20260811_FULL_v1,L1_ELIGIBILITY,v2026-08-11,2026-03-21..2026-08-06,baccarat_bet02_101_all_pairs_incl_sentinel,round_win = game_pnl > 0 (decisive only),COMPATIBILITY_ONLY_NOT_PRODUCTION,833.0164,752.2507,-62.2163,266,83,0.07468792,0.07468792,,0.07468792,62.2163,833.0164,OK,0.0000,-2.4887,4.0000,96.0000,AG03-UNRESOLVED,ALL5_LEVELS_bet23_to_bet27,-2.4887,-2.4887,-2.4887,0.0000,0.0000,4.000000,4.000000,4.000000,0.000000,0.000000,96.000000,96.000000,96.000000,100.000000,100.000000,5.0,-7.4660,-7.1713,-54.7503,-55.045,PENDING_AG03,FALSE,NOT_FOR_ENFORCEMENT,-59.7276,722.1606,-62.2163,-59.7276,-2.4887,-0.07468792,-0.07170041,-2.4887,-59.7276,-0.07170041,-2.4887,-2.4887,-2.4887,0.0000,0.0000,-59.7276,-0.07170041,-7.4660,-7.1713,-54.7503,-55.045,-0.06572537,-0.06607909,-0.00298752,3.1316,9.0633,-0.7496,-15.5541,-2.0070,208.2541,20.7500,3.1316,,0.8176,1.022,4.0878,10.2077,12.2634,20.439,1.022,-1.022,12.0,19.999999,3.064373,19,22,7,8,1.00000000,-0.07468792,-0.07468792,0E-8,0.000000,0.903044,0.342105,,2026-07-28,2026-08-01,4,31,28,5,0.800000,,1.000000,3.333333,,,,,,,,GLOBAL_BASELINE_NO_ENTITY_RANKING,,,NOT_APPLICABLE_GLOBAL_BASELINE,HF9g-P5,,,,X 全窗基线 · 不参与实体赏罚,3922386,393,A168_HF9F_20260827_0900,2026-08-27 09:00:00
2026-07-30,153573248,529,0,20.4390303724,0E-10,0E-10,,1,1,0.49324550000000000,0.493245500000,,,,0E-17,NO_DECISIVE_ROUND,R03b_20260811_FULL_v1,L1_ELIGIBILITY,v2026-08-11,2026-03-21..2026-08-06,baccarat_bet02_101_all_pairs_incl_sentinel,round_win = game_pnl > 0 (decisive only),COMPATIBILITY_ONLY_NOT_PRODUCTION,833.0164,752.2507,-62.2163,266,83,0.07468792,0.07468792,,0.07468792,62.2163,833.0164,OK,0.0000,-2.4887,4.0000,96.0000,AG03-UNRESOLVED,ALL5_LEVELS_bet23_to_bet27,-2.4887,-2.4887,-2.4887,0.0000,0.0000,4.000000,4.000000,4.000000,0.000000,0.000000,96.000000,96.000000,96.000000,100.000000,100.000000,5.0,-7.4660,-7.1713,-54.7503,-55.045,PENDING_AG03,FALSE,NOT_FOR_ENFORCEMENT,-59.7276,722.1606,-62.2163,-59.7276,-2.4887,-0.07468792,-0.07170041,-2.4887,-59.7276,-0.07170041,-2.4887,-2.4887,-2.4887,0.0000,0.0000,-59.7276,-0.07170041,-7.4660,-7.1713,-54.7503,-55.045,-0.06572537,-0.06607909,-0.00298752,3.1316,9.0633,-0.7496,-15.5541,-2.0070,208.2541,20.7500,3.1316,,0.8176,1.022,4.0878,10.2077,12.2634,20.439,1.022,-1.022,12.0,19.999999,3.064373,19,22,7,8,1.00000000,-0.07468792,-0.07468792,0E-8,0.000000,0.903044,0.342105,,2026-07-28,2026-08-01,4,31,28,5,0.800000,,1.000000,3.333333,,,,,,,,GLOBAL_BASELINE_NO_ENTITY_RANKING,,,NOT_APPLICABLE_GLOBAL_BASELINE,HF9g-P5,,,,X 全窗基线 · 不参与实体赏罚,3922387,393,A168_HF9F_20260827_0900,2026-08-27 09:00:00
2026-08-01,153573248,-1,1,25.6586390819,-10.0614191045,-10.0614191045,0.4000000,20,5,0.43621086341207049,0.232214388000,-0.16327409762640915,0.888536292300757,-0.16327409762640915,0.20399647541207049,SENTINEL_DEALER,R03b_20260811_FULL_v1,L1_ELIGIBILITY,v2026-08-11,2026-03-21..2026-08-06,baccarat_bet02_101_all_pairs_incl_sentinel,round_win = game_pnl > 0 (decisive only),COMPATIBILITY_ONLY_NOT_PRODUCTION,833.0164,752.2507,-62.2163,266,83,0.07468792,0.07468792,,0.07468792,62.2163,833.0164,OK,0.0000,-2.4887,4.0000,96.0000,AG03-UNRESOLVED,ALL5_LEVELS_bet23_to_bet27,-2.4887,-2.4887,-2.4887,0.0000,0.0000,4.000000,4.000000,4.000000,0.000000,0.000000,96.000000,96.000000,96.000000,100.000000,100.000000,5.0,-7.4660,-7.1713,-54.7503,-55.045,PENDING_AG03,FALSE,NOT_FOR_ENFORCEMENT,-59.7276,722.1606,-62.2163,-59.7276,-2.4887,-0.07468792,-0.07170041,-2.4887,-59.7276,-0.07170041,-2.4887,-2.4887,-2.4887,0.0000,0.0000,-59.7276,-0.07170041,-7.4660,-7.1713,-54.7503,-55.045,-0.06572537,-0.06607909,-0.00298752,3.1316,9.0633,-0.7496,-15.5541,-2.0070,208.2541,20.7500,3.1316,,0.8176,1.022,4.0878,10.2077,12.2634,20.439,1.022,-1.022,12.0,19.999999,3.064373,19,22,7,8,1.00000000,-0.07468792,-0.07468792,0E-8,0.000000,0.903044,0.342105,,2026-07-28,2026-08-01,4,31,28,5,0.800000,,1.000000,3.333333,,,,,,,,GLOBAL_BASELINE_NO_ENTITY_RANKING,,,NOT_APPLICABLE_GLOBAL_BASELINE,HF9g-P5,,,,X 全窗基线 · 不参与实体赏罚,3922388,393,A168_HF9F_20260827_0900,2026-08-27 09:00:00
2026-08-01,153573248,1318,0,6.0610958461,0E-10,0E-10,,1,1,0.50665070000000000,0.506650700000,,,,0E-17,NO_DECISIVE_ROUND,R03b_20260811_FULL_v1,L1_ELIGIBILITY,v2026-08-11,2026-03-21..2026-08-06,baccarat_bet02_101_all_pairs_incl_sentinel,round_win = game_pnl > 0 (decisive only),COMPATIBILITY_ONLY_NOT_PRODUCTION,833.0164,752.2507,-62.2163,266,83,0.07468792,0.07468792,,0.07468792,62.2163,833.0164,OK,0.0000,-2.4887,4.0000,96.0000,AG03-UNRESOLVED,ALL5_LEVELS_bet23_to_bet27,-2.4887,-2.4887,-2.4887,0.0000,0.0000,4.000000,4.000000,4.000000,0.000000,0.000000,96.000000,96.000000,96.000000,100.000000,100.000000,5.0,-7.4660,-7.1713,-54.7503,-55.045,PENDING_AG03,FALSE,NOT_FOR_ENFORCEMENT,-59.7276,722.1606,-62.2163,-59.7276,-2.4887,-0.07468792,-0.07170041,-2.4887,-59.7276,-0.07170041,-2.4887,-2.4887,-2.4887,0.0000,0.0000,-59.7276,-0.07170041,-7.4660,-7.1713,-54.7503,-55.045,-0.06572537,-0.06607909,-0.00298752,3.1316,9.0633,-0.7496,-15.5541,-2.0070,208.2541,20.7500,3.1316,,0.8176,1.022,4.0878,10.2077,12.2634,20.439,1.022,-1.022,12.0,19.999999,3.064373,19,22,7,8,1.00000000,-0.07468792,-0.07468792,0E-8,0.000000,0.903044,0.342105,,2026-07-28,2026-08-01,4,31,28,5,0.800000,,1.000000,3.333333,,,,,,,,GLOBAL_BASELINE_NO_ENTITY_RANKING,,,NOT_APPLICABLE_GLOBAL_BASELINE,HF9g-P5,,,,X 全窗基线 · 不参与实体赏罚,3922389,393,A168_HF9F_20260827_0900,2026-08-27 09:00:00
2026-08-01,153573248,583,0,10.1018264102,-10.1018264102,-10.1018264102,0E-7,1,1,0.49324550000000000,0.493245500000,-0.9865810262130424,-0.9865810262130424,-0.9865810262130424,0E-17,ELIGIBLE,R03b_20260811_FULL_v1,L1_ELIGIBILITY,v2026-08-11,2026-03-21..2026-08-06,baccarat_bet02_101_all_pairs_incl_sentinel,round_win = game_pnl > 0 (decisive only),COMPATIBILITY_ONLY_NOT_PRODUCTION,833.0164,752.2507,-62.2163,266,83,0.07468792,0.07468792,,0.07468792,62.2163,833.0164,OK,0.0000,-2.4887,4.0000,96.0000,AG03-UNRESOLVED,ALL5_LEVELS_bet23_to_bet27,-2.4887,-2.4887,-2.4887,0.0000,0.0000,4.000000,4.000000,4.000000,0.000000,0.000000,96.000000,96.000000,96.000000,100.000000,100.000000,5.0,-7.4660,-7.1713,-54.7503,-55.045,PENDING_AG03,FALSE,NOT_FOR_ENFORCEMENT,-59.7276,722.1606,-62.2163,-59.7276,-2.4887,-0.07468792,-0.07170041,-2.4887,-59.7276,-0.07170041,-2.4887,-2.4887,-2.4887,0.0000,0.0000,-59.7276,-0.07170041,-7.4660,-7.1713,-54.7503,-55.045,-0.06572537,-0.06607909,-0.00298752,3.1316,9.0633,-0.7496,-15.5541,-2.0070,208.2541,20.7500,3.1316,,0.8176,1.022,4.0878,10.2077,12.2634,20.439,1.022,-1.022,12.0,19.999999,3.064373,19,22,7,8,1.00000000,-0.07468792,-0.07468792,0E-8,0.000000,0.903044,0.342105,,2026-07-28,2026-08-01,4,31,28,5,0.800000,,1.000000,3.333333,,,,,,,,GLOBAL_BASELINE_NO_ENTITY_RANKING,,,NOT_APPLICABLE_GLOBAL_BASELINE,HF9g-P5,,,,X 全窗基线 · 不参与实体赏罚,3922390,393,A168_HF9F_20260827_0900,2026-08-27 09:00:00
2026-06-22,151886879,2196,0,64.3915003220,62.2104978917,62.2104978917,1.0000000,2,2,0.49994810000000000,0.499948100000,1.4143603653603398,1.4143603653603398,1.4143603653603398,0E-17,ELIGIBLE,R03b_20260811_FULL_v1,L1_ELIGIBILITY,v2026-08-11,2026-03-21..2026-08-06,baccarat_bet02_101_all_pairs_incl_sentinel,round_win = game_pnl > 0 (decisive only),COMPATIBILITY_ONLY_NOT_PRODUCTION,64.3915,64.3915,-62.2105,2,2,0.96612903,,0.96612903,0.96612903,62.2105,64.3915,THIN_EXPOSURE,0.0000,-2.4884,4.0000,96.0000,AG03-UNRESOLVED,ALL5_LEVELS_bet23_to_bet27,-2.4884,-2.4884,-2.4884,-2.4884,-2.4884,4.000000,4.000000,4.000000,4.000000,4.000000,96.000000,96.000000,96.000000,96.000000,96.000000,5.0,-12.4421,-11.4858,-49.7684,-50.7247,PENDING_AG03,FALSE,NOT_FOR_ENFORCEMENT,-59.7221,61.8158,-62.2105,-59.7221,-2.4884,-0.96612903,-0.92748387,-2.4884,-59.7221,-0.92748387,-2.4884,-2.4884,-2.4884,-2.4884,-2.4884,-59.7221,-0.92748387,-12.4421,-11.4858,-49.7684,-50.7247,-0.77290323,-0.78775524,-0.03864516,32.1958,32.1958,-31.1052,-62.2105,-62.2105,64.3915,2.0000,,32.1958,20.7715,32.1958,43.62,43.62,43.62,43.62,32.1958,31.1052,1.354839,1.354839,1.0,1,1,1,2,0E-8,-0.96612903,,0E-8,0.000000,1.000000,0.000000,,2026-06-22,2026-06-22,1,1,1,1,1.000000,,,0.000000,,,,,,,,GLOBAL_BASELINE_NO_ENTITY_RANKING,,,NOT_APPLICABLE_GLOBAL_BASELINE,HF9g-P5,,,,X 全窗基线 · 不参与实体赏罚,3922391,393,A168_HF9F_20260827_0900,2026-08-27 09:00:00
2026-06-09,151235540,1645,0,131.6910038843,62.2104978916,62.2104978916,0.6666667,9,9,0.49771390000000000,0.497713900000,1.0137271960454026,1.0137271960454026,1.0137271960454026,0E-17,ELIGIBLE,R03b_20260811_FULL_v1,L1_ELIGIBILITY,v2026-08-11,2026-03-21..2026-08-06,baccarat_bet02_101_all_pairs_incl_sentinel,round_win = game_pnl > 0 (decisive only),COMPATIBILITY_ONLY_NOT_PRODUCTION,131.6910,131.6910,-62.2105,9,9,0.47239748,,0.47239748,0.47239748,62.2105,131.6910,THIN_EXPOSURE,0.0000,-2.4884,4.0000,96.0000,AG03-UNRESOLVED,ALL5_LEVELS_bet23_to_bet27,-2.4884,-2.4884,-3.1105,0.0000,0.0000,4.000000,4.000000,5.000000,0.000000,0.000000,96.000000,96.000000,95.000000,100.000000,100.000000,5.0,-8.0874,-7.744,-54.1231,-54.4665,PENDING_AG03,FALSE,NOT_FOR_ENFORCEMENT,-59.7221,126.4234,-62.2105,-59.7221,-2.4884,-0.47239748,-0.45350158,-2.4884,-59.7221,-0.45350158,-2.4884,-2.4884,-3.1105,0.0000,0.0000,-59.7221,-0.45350158,-8.0874,-7.744,-54.1231,-54.4665,-0.41098580,-0.41359344,-0.01889590,14.6323,14.6323,-6.9123,-62.2105,-62.2105,131.6910,9.0000,,14.6323,5.7121,9.9703,16.0979,39.4657,51.9286,51.9286,9.9703,6.2314,5.208333,5.208333,1.467593,1,1,1,2,0E-8,-0.47239748,,0E-8,0.000000,1.000000,0.000000,,2026-06-09,2026-06-09,1,1,1,1,1.000000,,,0.000000,,,,,,,,GLOBAL_BASELINE_NO_ENTITY_RANKING,,,NOT_APPLICABLE_GLOBAL_BASELINE,HF9g-P5,,,,X 全窗基线 · 不参与实体赏罚,3922392,393,A168_HF9F_20260827_0900,2026-08-27 09:00:00
2026-06-12,151389814,1400,0,341.2749517066,-40.6081881061,-40.6081881061,0.6000000,11,11,0.49568280909090909,0.495682809091,0.6597844395310902,0.6597844395305142,0.6597844395310902,-9.091E-14,ELIGIBLE,R03b_20260811_FULL_v1,L1_ELIGIBILITY,v2026-08-11,2026-03-21..2026-08-06,baccarat_bet02_101_all_pairs_incl_sentinel,round_win = game_pnl > 0 (decisive only),COMPATIBILITY_ONLY_NOT_PRODUCTION,694.3896,642.4610,-62.2105,28,28,0.08959019,,0.08959019,0.08959019,62.2105,694.3896,THIN_EXPOSURE,0.0000,-2.4884,4.0000,96.0000,AG03-UNRESOLVED,ALL5_LEVELS_bet23_to_bet27,-2.4884,-2.4884,-2.4884,-3.7326,-3.7326,4.000000,4.000000,4.000000,6.000000,6.000000,96.000000,96.000000,96.000000,94.000000,94.000000,5.0,-14.9305,-13.5773,-47.2800,-48.6332,PENDING_AG03,FALSE,NOT_FOR_ENFORCEMENT,-59.7221,616.7626,-62.2105,-59.7221,-2.4884,-0.08959019,-0.08600658,-2.4884,-59.7221,-0.08600658,-2.4884,-2.4884,-2.4884,-3.7326,-3.7326,-59.7221,-0.08600658,-14.9305,-13.5773,-47.2800,-48.6332,-0.06808854,-0.07003737,-0.00358361,24.7996,22.9450,-2.2218,-62.2105,-15.5526,694.3896,28.0000,,24.7996,10.3857,20.7715,20.7715,62.3144,66.4687,103.8573,20.7715,10.1261,3.200001,5.0,1.193929,3,6,1,2,0E-8,-0.08959019,,0E-8,0.000000,0.925217,0.000000,,2026-06-12,2026-06-12,1,4,3,1,1.000000,,,0.000000,,,,,,,,GLOBAL_BASELINE_NO_ENTITY_RANKING,,,NOT_APPLICABLE_GLOBAL_BASELINE,HF9g-P5,,,,X 全窗基线 · 不参与实体赏罚,3922393,393,A168_HF9F_20260827_0900,2026-08-27 09:00:00
2026-06-12,151389814,2123,0,20.7714517168,0E-10,0E-10,,1,1,0.49324550000000000,0.493245500000,,,,0E-17,NO_DECISIVE_ROUND,R03b_20260811_FULL_v1,L1_ELIGIBILITY,v2026-08-11,2026-03-21..2026-08-06,baccarat_bet02_101_all_pairs_incl_sentinel,round_win = game_pnl > 0 (decisive only),COMPATIBILITY_ONLY_NOT_PRODUCTION,694.3896,642.4610,-62.2105,28,28,0.08959019,,0.08959019,0.08959019,62.2105,694.3896,THIN_EXPOSURE,0.0000,-2.4884,4.0000,96.0000,AG03-UNRESOLVED,ALL5_LEVELS_bet23_to_bet27,-2.4884,-2.4884,-2.4884,-3.7326,-3.7326,4.000000,4.000000,4.000000,6.000000,6.000000,96.000000,96.000000,96.000000,94.000000,94.000000,5.0,-14.9305,-13.5773,-47.2800,-48.6332,PENDING_AG03,FALSE,NOT_FOR_ENFORCEMENT,-59.7221,616.7626,-62.2105,-59.7221,-2.4884,-0.08959019,-0.08600658,-2.4884,-59.7221,-0.08600658,-2.4884,-2.4884,-2.4884,-3.7326,-3.7326,-59.7221,-0.08600658,-14.9305,-13.5773,-47.2800,-48.6332,-0.06808854,-0.07003737,-0.00358361,24.7996,22.9450,-2.2218,-62.2105,-15.5526,694.3896,28.0000,,24.7996,10.3857,20.7715,20.7715,62.3144,66.4687,103.8573,20.7715,10.1261,3.200001,5.0,1.193929,3,6,1,2,0E-8,-0.08959019,,0E-8,0.000000,0.925217,0.000000,,2026-06-12,2026-06-12,1,4,3,1,1.000000,,,0.000000,,,,,,,,GLOBAL_BASELINE_NO_ENTITY_RANKING,,,NOT_APPLICABLE_GLOBAL_BASELINE,HF9g-P5,,,,X 全窗基线 · 不参与实体赏罚,3922394,393,A168_HF9F_20260827_0900,2026-08-27 09:00:00
2026-06-12,151389814,2174,0,238.8716947431,92.4329601396,92.4329601396,0.6000000,11,11,0.49812011818181818,0.498120118182,0.644349502809689,0.6443495028085383,0.644349502809689,-1.8182E-13,ELIGIBLE,R03b_20260811_FULL_v1,L1_ELIGIBILITY,v2026-08-11,2026-03-21..2026-08-06,baccarat_bet02_101_all_pairs_incl_sentinel,round_win = game_pnl > 0 (decisive only),COMPATIBILITY_ONLY_NOT_PRODUCTION,694.3896,642.4610,-62.2105,28,28,0.08959019,,0.08959019,0.08959019,62.2105,694.3896,THIN_EXPOSURE,0.0000,-2.4884,4.0000,96.0000,AG03-UNRESOLVED,ALL5_LEVELS_bet23_to_bet27,-2.4884,-2.4884,-2.4884,-3.7326,-3.7326,4.000000,4.000000,4.000000,6.000000,6.000000,96.000000,96.000000,96.000000,94.000000,94.000000,5.0,-14.9305,-13.5773,-47.2800,-48.6332,PENDING_AG03,FALSE,NOT_FOR_ENFORCEMENT,-59.7221,616.7626,-62.2105,-59.7221,-2.4884,-0.08959019,-0.08600658,-2.4884,-59.7221,-0.08600658,-2.4884,-2.4884,-2.4884,-3.7326,-3.7326,-59.7221,-0.08600658,-14.9305,-13.5773,-47.2800,-48.6332,-0.06808854,-0.07003737,-0.00358361,24.7996,22.9450,-2.2218,-62.2105,-15.5526,694.3896,28.0000,,24.7996,10.3857,20.7715,20.7715,62.3144,66.4687,103.8573,20.7715,10.1261,3.200001,5.0,1.193929,3,6,1,2,0E-8,-0.08959019,,0E-8,0.000000,0.925217,0.000000,,2026-06-12,2026-06-12,1,4,3,1,1.000000,,,0.000000,,,,,,,,GLOBAL_BASELINE_NO_ENTITY_RANKING,,,NOT_APPLICABLE_GLOBAL_BASELINE,HF9g-P5,,,,X 全窗基线 · 不参与实体赏罚,3922395,393,A168_HF9F_20260827_0900,2026-08-27 09:00:00
2026-06-12,151389814,2223,0,20.7714517168,20.7714517168,20.7714517168,1.0000000,1,1,0.49324550000000000,0.493245500000,1.01360149184955,1.01360149184955,1.01360149184955,0E-17,ELIGIBLE,R03b_20260811_FULL_v1,L1_ELIGIBILITY,v2026-08-11,2026-03-21..2026-08-06,baccarat_bet02_101_all_pairs_incl_sentinel,round_win = game_pnl > 0 (decisive only),COMPATIBILITY_ONLY_NOT_PRODUCTION,694.3896,642.4610,-62.2105,28,28,0.08959019,,0.08959019,0.08959019,62.2105,694.3896,THIN_EXPOSURE,0.0000,-2.4884,4.0000,96.0000,AG03-UNRESOLVED,ALL5_LEVELS_bet23_to_bet27,-2.4884,-2.4884,-2.4884,-3.7326,-3.7326,4.000000,4.000000,4.000000,6.000000,6.000000,96.000000,96.000000,96.000000,94.000000,94.000000,5.0,-14.9305,-13.5773,-47.2800,-48.6332,PENDING_AG03,FALSE,NOT_FOR_ENFORCEMENT,-59.7221,616.7626,-62.2105,-59.7221,-2.4884,-0.08959019,-0.08600658,-2.4884,-59.7221,-0.08600658,-2.4884,-2.4884,-2.4884,-3.7326,-3.7326,-59.7221,-0.08600658,-14.9305,-13.5773,-47.2800,-48.6332,-0.06808854,-0.07003737,-0.00358361,24.7996,22.9450,-2.2218,-62.2105,-15.5526,694.3896,28.0000,,24.7996,10.3857,20.7715,20.7715,62.3144,66.4687,103.8573,20.7715,10.1261,3.200001,5.0,1.193929,3,6,1,2,0E-8,-0.08959019,,0E-8,0.000000,0.925217,0.000000,,2026-06-12,2026-06-12,1,4,3,1,1.000000,,,0.000000,,,,,,,,GLOBAL_BASELINE_NO_ENTITY_RANKING,,,NOT_APPLICABLE_GLOBAL_BASELINE,HF9g-P5,,,,X 全窗基线 · 不参与实体赏罚,3922396,393,A168_HF9F_20260827_0900,2026-08-27 09:00:00
2026-06-12,151389814,2244,0,62.3143551503,-20.7714517167,-20.7714517167,0.3333333,3,3,0.49771390000000000,0.497713900000,-0.5694369385616226,-0.5694369385616226,-0.5694369385616226,0E-17,ELIGIBLE,R03b_20260811_FULL_v1,L1_ELIGIBILITY,v2026-08-11,2026-03-21..2026-08-06,baccarat_bet02_101_all_pairs_incl_sentinel,round_win = game_pnl > 0 (decisive only),COMPATIBILITY_ONLY_NOT_PRODUCTION,694.3896,642.4610,-62.2105,28,28,0.08959019,,0.08959019,0.08959019,62.2105,694.3896,THIN_EXPOSURE,0.0000,-2.4884,4.0000,96.0000,AG03-UNRESOLVED,ALL5_LEVELS_bet23_to_bet27,-2.4884,-2.4884,-2.4884,-3.7326,-3.7326,4.000000,4.000000,4.000000,6.000000,6.000000,96.000000,96.000000,96.000000,94.000000,94.000000,5.0,-14.9305,-13.5773,-47.2800,-48.6332,PENDING_AG03,FALSE,NOT_FOR_ENFORCEMENT,-59.7221,616.7626,-62.2105,-59.7221,-2.4884,-0.08959019,-0.08600658,-2.4884,-59.7221,-0.08600658,-2.4884,-2.4884,-2.4884,-3.7326,-3.7326,-59.7221,-0.08600658,-14.9305,-13.5773,-47.2800,-48.6332,-0.06808854,-0.07003737,-0.00358361,24.7996,22.9450,-2.2218,-62.2105,-15.5526,694.3896,28.0000,,24.7996,10.3857,20.7715,20.7715,62.3144,66.4687,103.8573,20.7715,10.1261,3.200001,5.0,1.193929,3,6,1,2,0E-8,-0.08959019,,0E-8,0.000000,0.925217,0.000000,,2026-06-12,2026-06-12,1,4,3,1,1.000000,,,0.000000,,,,,,,,GLOBAL_BASELINE_NO_ENTITY_RANKING,,,NOT_APPLICABLE_GLOBAL_BASELINE,HF9g-P5,,,,X 全窗基线 · 不参与实体赏罚,3922397,393,A168_HF9F_20260827_0900,2026-08-27 09:00:00
2026-06-12,151389814,994,0,10.3857258584,10.3857258584,10.3857258584,1.0000000,1,1,0.49324550000000000,0.493245500000,1.01360149184955,1.01360149184955,1.01360149184955,0E-17,ELIGIBLE,R03b_20260811_FULL_v1,L1_ELIGIBILITY,v2026-08-11,2026-03-21..2026-08-06,baccarat_bet02_101_all_pairs_incl_sentinel,round_win = game_pnl > 0 (decisive only),COMPATIBILITY_ONLY_NOT_PRODUCTION,694.3896,642.4610,-62.2105,28,28,0.08959019,,0.08959019,0.08959019,62.2105,694.3896,THIN_EXPOSURE,0.0000,-2.4884,4.0000,96.0000,AG03-UNRESOLVED,ALL5_LEVELS_bet23_to_bet27,-2.4884,-2.4884,-2.4884,-3.7326,-3.7326,4.000000,4.000000,4.000000,6.000000,6.000000,96.000000,96.000000,96.000000,94.000000,94.000000,5.0,-14.9305,-13.5773,-47.2800,-48.6332,PENDING_AG03,FALSE,NOT_FOR_ENFORCEMENT,-59.7221,616.7626,-62.2105,-59.7221,-2.4884,-0.08959019,-0.08600658,-2.4884,-59.7221,-0.08600658,-2.4884,-2.4884,-2.4884,-3.7326,-3.7326,-59.7221,-0.08600658,-14.9305,-13.5773,-47.2800,-48.6332,-0.06808854,-0.07003737,-0.00358361,24.7996,22.9450,-2.2218,-62.2105,-15.5526,694.3896,28.0000,,24.7996,10.3857,20.7715,20.7715,62.3144,66.4687,103.8573,20.7715,10.1261,3.200001,5.0,1.193929,3,6,1,2,0E-8,-0.08959019,,0E-8,0.000000,0.925217,0.000000,,2026-06-12,2026-06-12,1,4,3,1,1.000000,,,0.000000,,,,,,,,GLOBAL_BASELINE_NO_ENTITY_RANKING,,,NOT_APPLICABLE_GLOBAL_BASELINE,HF9g-P5,,,,X 全窗基线 · 不参与实体赏罚,3922398,393,A168_HF9F_20260827_0900,2026-08-27 09:00:00
2026-03-23,76032556,-1,1,131.0204081633,-43.6734693877,-43.6734693877,0.5000000,2,2,0.49324550000000000,0.493245500000,0.01910635448239258,0.01910635448239258,0.01910635448239258,0E-17,SENTINEL_DEALER,R03b_20260811_FULL_v1,L1_ELIGIBILITY,v2026-08-11,2026-03-21..2026-08-06,baccarat_bet02_101_all_pairs_incl_sentinel,round_win = game_pnl > 0 (decisive only),COMPATIBILITY_ONLY_NOT_PRODUCTION,4260.7382,3529.2038,-62.2073,73,73,0.01460013,-0.63868254,0.04138937,0.01460013,62.2073,4260.7382,OK,0.0000,-2.4883,4.0000,96.0000,AG03-UNRESOLVED,ALL5_LEVELS_bet23_to_bet27,-2.4883,-2.4883,-2.4883,-4.3545,-4.3545,4.000000,4.000000,4.000000,7.000000,7.000000,96.000000,96.000000,96.000000,93.000000,93.000000,5.0,-16.1739,-14.6058,-46.0334,-47.6016,PENDING_AG03,FALSE,NOT_FOR_ENFORCEMENT,-59.7191,3388.0356,-62.2073,-59.7191,-2.4883,-0.01460013,-0.01401613,-2.4883,-59.7191,-0.01401613,-2.4883,-2.4883,-2.4883,-4.3545,-4.3545,-59.7191,-0.01401613,-16.1739,-14.6058,-46.0334,-47.6016,-0.01080410,-0.01117214,-0.00058401,58.3663,48.3453,-0.8522,-1.7280,-1.5173,118.3538,2.0278,33.5676,60.1897,25.1409,45.4675,81.9629,100.6329,149.5302,211.8339,40.5959,0.0,3.288729,4.659022,1.283693,12,36,22,2,0.03939177,-0.01460013,0.63868254,0E-8,0.000000,0.828308,0.000000,-0.68007191,2026-03-23,2026-08-06,36,41,41,137,0.262774,0.557697,0.575120,0.131306,,,,,,,,GLOBAL_BASELINE_NO_ENTITY_RANKING,,,NOT_APPLICABLE_GLOBAL_BASELINE,HF9g-P5,,,,X 全窗基线 · 不参与实体赏罚,3922399,393,A168_HF9F_20260827_0900,2026-08-27 09:00:00
2026-03-24,76032556,1957,0,255.9183673470,-24.0000000000,-24.0000000000,0.6666667,4,4,0.50329940000000000,0.503299400000,0.5659331339966515,0.5659331339966515,0.5659331339966515,0E-17,ELIGIBLE,R03b_20260811_FULL_v1,L1_ELIGIBILITY,v2026-08-11,2026-03-21..2026-08-06,baccarat_bet02_101_all_pairs_incl_sentinel,round_win = game_pnl > 0 (decisive only),COMPATIBILITY_ONLY_NOT_PRODUCTION,4260.7382,3529.2038,-62.2073,73,73,0.01460013,-0.63868254,0.04138937,0.01460013,62.2073,4260.7382,OK,0.0000,-2.4883,4.0000,96.0000,AG03-UNRESOLVED,ALL5_LEVELS_bet23_to_bet27,-2.4883,-2.4883,-2.4883,-4.3545,-4.3545,4.000000,4.000000,4.000000,7.000000,7.000000,96.000000,96.000000,96.000000,93.000000,93.000000,5.0,-16.1739,-14.6058,-46.0334,-47.6016,PENDING_AG03,FALSE,NOT_FOR_ENFORCEMENT,-59.7191,3388.0356,-62.2073,-59.7191,-2.4883,-0.01460013,-0.01401613,-2.4883,-59.7191,-0.01401613,-2.4883,-2.4883,-2.4883,-4.3545,-4.3545,-59.7191,-0.01401613,-16.1739,-14.6058,-46.0334,-47.6016,-0.01080410,-0.01117214,-0.00058401,58.3663,48.3453,-0.8522,-1.7280,-1.5173,118.3538,2.0278,33.5676,60.1897,25.1409,45.4675,81.9629,100.6329,149.5302,211.8339,40.5959,0.0,3.288729,4.659022,1.283693,12,36,22,2,0.03939177,-0.01460013,0.63868254,0E-8,0.000000,0.828308,0.000000,-0.68007191,2026-03-23,2026-08-06,36,41,41,137,0.262774,0.557697,0.575120,0.131306,,,,,,,,GLOBAL_BASELINE_NO_ENTITY_RANKING,,,NOT_APPLICABLE_GLOBAL_BASELINE,HF9g-P5,,,,X 全窗基线 · 不参与实体赏罚,3922400,393,A168_HF9F_20260827_0900,2026-08-27 09:00:00
2026-03-24,76032556,2177,0,75.1020408163,71.3469387755,71.3469387755,1.0000000,1,1,0.50665070000000000,0.506650700000,0.9867858985152569,0.9867858985152569,0.9867858985152569,0E-17,ELIGIBLE,R03b_20260811_FULL_v1,L1_ELIGIBILITY,v2026-08-11,2026-03-21..2026-08-06,baccarat_bet02_101_all_pairs_incl_sentinel,round_win = game_pnl > 0 (decisive only),COMPATIBILITY_ONLY_NOT_PRODUCTION,4260.7382,3529.2038,-62.2073,73,73,0.01460013,-0.63868254,0.04138937,0.01460013,62.2073,4260.7382,OK,0.0000,-2.4883,4.0000,96.0000,AG03-UNRESOLVED,ALL5_LEVELS_bet23_to_bet27,-2.4883,-2.4883,-2.4883,-4.3545,-4.3545,4.000000,4.000000,4.000000,7.000000,7.000000,96.000000,96.000000,96.000000,93.000000,93.000000,5.0,-16.1739,-14.6058,-46.0334,-47.6016,PENDING_AG03,FALSE,NOT_FOR_ENFORCEMENT,-59.7191,3388.0356,-62.2073,-59.7191,-2.4883,-0.01460013,-0.01401613,-2.4883,-59.7191,-0.01401613,-2.4883,-2.4883,-2.4883,-4.3545,-4.3545,-59.7191,-0.01401613,-16.1739,-14.6058,-46.0334,-47.6016,-0.01080410,-0.01117214,-0.00058401,58.3663,48.3453,-0.8522,-1.7280,-1.5173,118.3538,2.0278,33.5676,60.1897,25.1409,45.4675,81.9629,100.6329,149.5302,211.8339,40.5959,0.0,3.288729,4.659022,1.283693,12,36,22,2,0.03939177,-0.01460013,0.63868254,0E-8,0.000000,0.828308,0.000000,-0.68007191,2026-03-23,2026-08-06,36,41,41,137,0.262774,0.557697,0.575120,0.131306,,,,,,,,GLOBAL_BASELINE_NO_ENTITY_RANKING,,,NOT_APPLICABLE_GLOBAL_BASELINE,HF9g-P5,,,,X 全窗基线 · 不参与实体赏罚,3922401,393,A168_HF9F_20260827_0900,2026-08-27 09:00:00
2026-03-26,76032556,1384,0,75.5102040816,-75.5102040816,-75.5102040816,0E-7,1,1,0.49324550000000000,0.493245500000,-0.9865810262130424,-0.9865810262130424,-0.9865810262130424,0E-17,ELIGIBLE,R03b_20260811_FULL_v1,L1_ELIGIBILITY,v2026-08-11,2026-03-21..2026-08-06,baccarat_bet02_101_all_pairs_incl_sentinel,round_win = game_pnl > 0 (decisive only),COMPATIBILITY_ONLY_NOT_PRODUCTION,4260.7382,3529.2038,-62.2073,73,73,0.01460013,-0.63868254,0.04138937,0.01460013,62.2073,4260.7382,OK,0.0000,-2.4883,4.0000,96.0000,AG03-UNRESOLVED,ALL5_LEVELS_bet23_to_bet27,-2.4883,-2.4883,-2.4883,-4.3545,-4.3545,4.000000,4.000000,4.000000,7.000000,7.000000,96.000000,96.000000,96.000000,93.000000,93.000000,5.0,-16.1739,-14.6058,-46.0334,-47.6016,PENDING_AG03,FALSE,NOT_FOR_ENFORCEMENT,-59.7191,3388.0356,-62.2073,-59.7191,-2.4883,-0.01460013,-0.01401613,-2.4883,-59.7191,-0.01401613,-2.4883,-2.4883,-2.4883,-4.3545,-4.3545,-59.7191,-0.01401613,-16.1739,-14.6058,-46.0334,-47.6016,-0.01080410,-0.01117214,-0.00058401,58.3663,48.3453,-0.8522,-1.7280,-1.5173,118.3538,2.0278,33.5676,60.1897,25.1409,45.4675,81.9629,100.6329,149.5302,211.8339,40.5959,0.0,3.288729,4.659022,1.283693,12,36,22,2,0.03939177,-0.01460013,0.63868254,0E-8,0.000000,0.828308,0.000000,-0.68007191,2026-03-23,2026-08-06,36,41,41,137,0.262774,0.557697,0.575120,0.131306,,,,,,,,GLOBAL_BASELINE_NO_ENTITY_RANKING,,,NOT_APPLICABLE_GLOBAL_BASELINE,HF9g-P5,,,,X 全窗基线 · 不参与实体赏罚,3922402,393,A168_HF9F_20260827_0900,2026-08-27 09:00:00
2026-03-30,76032556,1151,0,12.2448979592,-4.2857142857,-4.2857142857,0.5000000,2,2,0.50665070000000000,0.506650700000,-0.018812684590367487,-0.018812684590367487,-0.018812684590367487,0E-17,ELIGIBLE,R03b_20260811_FULL_v1,L1_ELIGIBILITY,v2026-08-11,2026-03-21..2026-08-06,baccarat_bet02_101_all_pairs_incl_sentinel,round_win = game_pnl > 0 (decisive only),COMPATIBILITY_ONLY_NOT_PRODUCTION,4260.7382,3529.2038,-62.2073,73,73,0.01460013,-0.63868254,0.04138937,0.01460013,62.2073,4260.7382,OK,0.0000,-2.4883,4.0000,96.0000,AG03-UNRESOLVED,ALL5_LEVELS_bet23_to_bet27,-2.4883,-2.4883,-2.4883,-4.3545,-4.3545,4.000000,4.000000,4.000000,7.000000,7.000000,96.000000,96.000000,96.000000,93.000000,93.000000,5.0,-16.1739,-14.6058,-46.0334,-47.6016,PENDING_AG03,FALSE,NOT_FOR_ENFORCEMENT,-59.7191,3388.0356,-62.2073,-59.7191,-2.4883,-0.01460013,-0.01401613,-2.4883,-59.7191,-0.01401613,-2.4883,-2.4883,-2.4883,-4.3545,-4.3545,-59.7191,-0.01401613,-16.1739,-14.6058,-46.0334,-47.6016,-0.01080410,-0.01117214,-0.00058401,58.3663,48.3453,-0.8522,-1.7280,-1.5173,118.3538,2.0278,33.5676,60.1897,25.1409,45.4675,81.9629,100.6329,149.5302,211.8339,40.5959,0.0,3.288729,4.659022,1.283693,12,36,22,2,0.03939177,-0.01460013,0.63868254,0E-8,0.000000,0.828308,0.000000,-0.68007191,2026-03-23,2026-08-06,36,41,41,137,0.262774,0.557697,0.575120,0.131306,,,,,,,,GLOBAL_BASELINE_NO_ENTITY_RANKING,,,NOT_APPLICABLE_GLOBAL_BASELINE,HF9g-P5,,,,X 全窗基线 · 不参与实体赏罚,3922403,393,A168_HF9F_20260827_0900,2026-08-27 09:00:00
2026-03-31,76032556,1306,0,28.9795918367,-28.9795918367,-28.9795918367,0E-7,1,1,0.49324550000000000,0.493245500000,-0.9865810262130424,-0.9865810262130424,-0.9865810262130424,0E-17,ELIGIBLE,R03b_20260811_FULL_v1,L1_ELIGIBILITY,v2026-08-11,2026-03-21..2026-08-06,baccarat_bet02_101_all_pairs_incl_sentinel,round_win = game_pnl > 0 (decisive only),COMPATIBILITY_ONLY_NOT_PRODUCTION,4260.7382,3529.2038,-62.2073,73,73,0.01460013,-0.63868254,0.04138937,0.01460013,62.2073,4260.7382,OK,0.0000,-2.4883,4.0000,96.0000,AG03-UNRESOLVED,ALL5_LEVELS_bet23_to_bet27,-2.4883,-2.4883,-2.4883,-4.3545,-4.3545,4.000000,4.000000,4.000000,7.000000,7.000000,96.000000,96.000000,96.000000,93.000000,93.000000,5.0,-16.1739,-14.6058,-46.0334,-47.6016,PENDING_AG03,FALSE,NOT_FOR_ENFORCEMENT,-59.7191,3388.0356,-62.2073,-59.7191,-2.4883,-0.01460013,-0.01401613,-2.4883,-59.7191,-0.01401613,-2.4883,-2.4883,-2.4883,-4.3545,-4.3545,-59.7191,-0.01401613,-16.1739,-14.6058,-46.0334,-47.6016,-0.01080410,-0.01117214,-0.00058401,58.3663,48.3453,-0.8522,-1.7280,-1.5173,118.3538,2.0278,33.5676,60.1897,25.1409,45.4675,81.9629,100.6329,149.5302,211.8339,40.5959,0.0,3.288729,4.659022,1.283693,12,36,22,2,0.03939177,-0.01460013,0.63868254,0E-8,0.000000,0.828308,0.000000,-0.68007191,2026-03-23,2026-08-06,36,41,41,137,0.262774,0.557697,0.575120,0.131306,,,,,,,,GLOBAL_BASELINE_NO_ENTITY_RANKING,,,NOT_APPLICABLE_GLOBAL_BASELINE,HF9g-P5,,,,X 全窗基线 · 不参与实体赏罚,3922404,393,A168_HF9F_20260827_0900,2026-08-27 09:00:00
2026-04-05,76032556,2252,0,60.8939227865,-60.8939227865,-60.8939227865,0E-7,1,1,0.49324550000000000,0.493245500000,-0.9865810262130424,-0.9865810262130424,-0.9865810262130424,0E-17,ELIGIBLE,R03b_20260811_FULL_v1,L1_ELIGIBILITY,v2026-08-11,2026-03-21..2026-08-06,baccarat_bet02_101_all_pairs_incl_sentinel,round_win = game_pnl > 0 (decisive only),COMPATIBILITY_ONLY_NOT_PRODUCTION,4260.7382,3529.2038,-62.2073,73,73,0.01460013,-0.63868254,0.04138937,0.01460013,62.2073,4260.7382,OK,0.0000,-2.4883,4.0000,96.0000,AG03-UNRESOLVED,ALL5_LEVELS_bet23_to_bet27,-2.4883,-2.4883,-2.4883,-4.3545,-4.3545,4.000000,4.000000,4.000000,7.000000,7.000000,96.000000,96.000000,96.000000,93.000000,93.000000,5.0,-16.1739,-14.6058,-46.0334,-47.6016,PENDING_AG03,FALSE,NOT_FOR_ENFORCEMENT,-59.7191,3388.0356,-62.2073,-59.7191,-2.4883,-0.01460013,-0.01401613,-2.4883,-59.7191,-0.01401613,-2.4883,-2.4883,-2.4883,-4.3545,-4.3545,-59.7191,-0.01401613,-16.1739,-14.6058,-46.0334,-47.6016,-0.01080410,-0.01117214,-0.00058401,58.3663,48.3453,-0.8522,-1.7280,-1.5173,118.3538,2.0278,33.5676,60.1897,25.1409,45.4675,81.9629,100.6329,149.5302,211.8339,40.5959,0.0,3.288729,4.659022,1.283693,12,36,22,2,0.03939177,-0.01460013,0.63868254,0E-8,0.000000,0.828308,0.000000,-0.68007191,2026-03-23,2026-08-06,36,41,41,137,0.262774,0.557697,0.575120,0.131306,,,,,,,,GLOBAL_BASELINE_NO_ENTITY_RANKING,,,NOT_APPLICABLE_GLOBAL_BASELINE,HF9g-P5,,,,X 全窗基线 · 不参与实体赏罚,3922405,393,A168_HF9F_20260827_0900,2026-08-27 09:00:00
2026-04-10,76032556,1401,0,40.5959485243,-40.5959485243,-40.5959485243,0E-7,1,1,0.49324550000000000,0.493245500000,-0.9865810262130424,-0.9865810262130424,-0.9865810262130424,0E-17,ELIGIBLE,R03b_20260811_FULL_v1,L1_ELIGIBILITY,v2026-08-11,2026-03-21..2026-08-06,baccarat_bet02_101_all_pairs_incl_sentinel,round_win = game_pnl > 0 (decisive only),COMPATIBILITY_ONLY_NOT_PRODUCTION,4260.7382,3529.2038,-62.2073,73,73,0.01460013,-0.63868254,0.04138937,0.01460013,62.2073,4260.7382,OK,0.0000,-2.4883,4.0000,96.0000,AG03-UNRESOLVED,ALL5_LEVELS_bet23_to_bet27,-2.4883,-2.4883,-2.4883,-4.3545,-4.3545,4.000000,4.000000,4.000000,7.000000,7.000000,96.000000,96.000000,96.000000,93.000000,93.000000,5.0,-16.1739,-14.6058,-46.0334,-47.6016,PENDING_AG03,FALSE,NOT_FOR_ENFORCEMENT,-59.7191,3388.0356,-62.2073,-59.7191,-2.4883,-0.01460013,-0.01401613,-2.4883,-59.7191,-0.01401613,-2.4883,-2.4883,-2.4883,-4.3545,-4.3545,-59.7191,-0.01401613,-16.1739,-14.6058,-46.0334,-47.6016,-0.01080410,-0.01117214,-0.00058401,58.3663,48.3453,-0.8522,-1.7280,-1.5173,118.3538,2.0278,33.5676,60.1897,25.1409,45.4675,81.9629,100.6329,149.5302,211.8339,40.5959,0.0,3.288729,4.659022,1.283693,12,36,22,2,0.03939177,-0.01460013,0.63868254,0E-8,0.000000,0.828308,0.000000,-0.68007191,2026-03-23,2026-08-06,36,41,41,137,0.262774,0.557697,0.575120,0.131306,,,,,,,,GLOBAL_BASELINE_NO_ENTITY_RANKING,,,NOT_APPLICABLE_GLOBAL_BASELINE,HF9g-P5,,,,X 全窗基线 · 不参与实体赏罚,3922406,393,A168_HF9F_20260827_0900,2026-08-27 09:00:00
2026-04-11,76032556,2088,0,40.5959485243,38.5661510981,38.5661510981,1.0000000,1,1,0.50665070000000000,0.506650700000,0.9867858985152569,0.9867858985152569,0.9867858985152569,0E-17,ELIGIBLE,R03b_20260811_FULL_v1,L1_ELIGIBILITY,v2026-08-11,2026-03-21..2026-08-06,baccarat_bet02_101_all_pairs_incl_sentinel,round_win = game_pnl > 0 (decisive only),COMPATIBILITY_ONLY_NOT_PRODUCTION,4260.7382,3529.2038,-62.2073,73,73,0.01460013,-0.63868254,0.04138937,0.01460013,62.2073,4260.7382,OK,0.0000,-2.4883,4.0000,96.0000,AG03-UNRESOLVED,ALL5_LEVELS_bet23_to_bet27,-2.4883,-2.4883,-2.4883,-4.3545,-4.3545,4.000000,4.000000,4.000000,7.000000,7.000000,96.000000,96.000000,96.000000,93.000000,93.000000,5.0,-16.1739,-14.6058,-46.0334,-47.6016,PENDING_AG03,FALSE,NOT_FOR_ENFORCEMENT,-59.7191,3388.0356,-62.2073,-59.7191,-2.4883,-0.01460013,-0.01401613,-2.4883,-59.7191,-0.01401613,-2.4883,-2.4883,-2.4883,-4.3545,-4.3545,-59.7191,-0.01401613,-16.1739,-14.6058,-46.0334,-47.6016,-0.01080410,-0.01117214,-0.00058401,58.3663,48.3453,-0.8522,-1.7280,-1.5173,118.3538,2.0278,33.5676,60.1897,25.1409,45.4675,81.9629,100.6329,149.5302,211.8339,40.5959,0.0,3.288729,4.659022,1.283693,12,36,22,2,0.03939177,-0.01460013,0.63868254,0E-8,0.000000,0.828308,0.000000,-0.68007191,2026-03-23,2026-08-06,36,41,41,137,0.262774,0.557697,0.575120,0.131306,,,,,,,,GLOBAL_BASELINE_NO_ENTITY_RANKING,,,NOT_APPLICABLE_GLOBAL_BASELINE,HF9g-P5,,,,X 全窗基线 · 不参与实体赏罚,3922407,393,A168_HF9F_20260827_0900,2026-08-27 09:00:00
2026-04-14,76032556,2177,0,169.2851053465,116.6727560589,116.6727560589,0.7500000,4,4,0.49994810000000000,0.499948100000,1.0002076053883384,1.0002076053883384,1.0002076053883384,0E-17,ELIGIBLE,R03b_20260811_FULL_v1,L1_ELIGIBILITY,v2026-08-11,2026-03-21..2026-08-06,baccarat_bet02_101_all_pairs_incl_sentinel,round_win = game_pnl > 0 (decisive only),COMPATIBILITY_ONLY_NOT_PRODUCTION,4260.7382,3529.2038,-62.2073,73,73,0.01460013,-0.63868254,0.04138937,0.01460013,62.2073,4260.7382,OK,0.0000,-2.4883,4.0000,96.0000,AG03-UNRESOLVED,ALL5_LEVELS_bet23_to_bet27,-2.4883,-2.4883,-2.4883,-4.3545,-4.3545,4.000000,4.000000,4.000000,7.000000,7.000000,96.000000,96.000000,96.000000,93.000000,93.000000,5.0,-16.1739,-14.6058,-46.0334,-47.6016,PENDING_AG03,FALSE,NOT_FOR_ENFORCEMENT,-59.7191,3388.0356,-62.2073,-59.7191,-2.4883,-0.01460013,-0.01401613,-2.4883,-59.7191,-0.01401613,-2.4883,-2.4883,-2.4883,-4.3545,-4.3545,-59.7191,-0.01401613,-16.1739,-14.6058,-46.0334,-47.6016,-0.01080410,-0.01117214,-0.00058401,58.3663,48.3453,-0.8522,-1.7280,-1.5173,118.3538,2.0278,33.5676,60.1897,25.1409,45.4675,81.9629,100.6329,149.5302,211.8339,40.5959,0.0,3.288729,4.659022,1.283693,12,36,22,2,0.03939177,-0.01460013,0.63868254,0E-8,0.000000,0.828308,0.000000,-0.68007191,2026-03-23,2026-08-06,36,41,41,137,0.262774,0.557697,0.575120,0.131306,,,,,,,,GLOBAL_BASELINE_NO_ENTITY_RANKING,,,NOT_APPLICABLE_GLOBAL_BASELINE,HF9g-P5,,,,X 全窗基线 · 不参与实体赏罚,3922408,393,A168_HF9F_20260827_0900,2026-08-27 09:00:00
2026-04-17,76032556,1306,0,81.1918970487,-81.1918970487,-81.1918970487,0E-7,1,1,0.49324550000000000,0.493245500000,-0.9865810262130424,-0.9865810262130424,-0.9865810262130424,0E-17,ELIGIBLE,R03b_20260811_FULL_v1,L1_ELIGIBILITY,v2026-08-11,2026-03-21..2026-08-06,baccarat_bet02_101_all_pairs_incl_sentinel,round_win = game_pnl > 0 (decisive only),COMPATIBILITY_ONLY_NOT_PRODUCTION,4260.7382,3529.2038,-62.2073,73,73,0.01460013,-0.63868254,0.04138937,0.01460013,62.2073,4260.7382,OK,0.0000,-2.4883,4.0000,96.0000,AG03-UNRESOLVED,ALL5_LEVELS_bet23_to_bet27,-2.4883,-2.4883,-2.4883,-4.3545,-4.3545,4.000000,4.000000,4.000000,7.000000,7.000000,96.000000,96.000000,96.000000,93.000000,93.000000,5.0,-16.1739,-14.6058,-46.0334,-47.6016,PENDING_AG03,FALSE,NOT_FOR_ENFORCEMENT,-59.7191,3388.0356,-62.2073,-59.7191,-2.4883,-0.01460013,-0.01401613,-2.4883,-59.7191,-0.01401613,-2.4883,-2.4883,-2.4883,-4.3545,-4.3545,-59.7191,-0.01401613,-16.1739,-14.6058,-46.0334,-47.6016,-0.01080410,-0.01117214,-0.00058401,58.3663,48.3453,-0.8522,-1.7280,-1.5173,118.3538,2.0278,33.5676,60.1897,25.1409,45.4675,81.9629,100.6329,149.5302,211.8339,40.5959,0.0,3.288729,4.659022,1.283693,12,36,22,2,0.03939177,-0.01460013,0.63868254,0E-8,0.000000,0.828308,0.000000,-0.68007191,2026-03-23,2026-08-06,36,41,41,137,0.262774,0.557697,0.575120,0.131306,,,,,,,,GLOBAL_BASELINE_NO_ENTITY_RANKING,,,NOT_APPLICABLE_GLOBAL_BASELINE,HF9g-P5,,,,X 全窗基线 · 不参与实体赏罚,3922409,393,A168_HF9F_20260827_0900,2026-08-27 09:00:00
2026-04-18,76032556,2103,0,60.8939227865,-60.8939227865,-60.8939227865,0E-7,1,1,0.50665070000000000,0.506650700000,-1.013391052207602,-1.013391052207602,-1.013391052207602,0E-17,ELIGIBLE,R03b_20260811_FULL_v1,L1_ELIGIBILITY,v2026-08-11,2026-03-21..2026-08-06,baccarat_bet02_101_all_pairs_incl_sentinel,round_win = game_pnl > 0 (decisive only),COMPATIBILITY_ONLY_NOT_PRODUCTION,4260.7382,3529.2038,-62.2073,73,73,0.01460013,-0.63868254,0.04138937,0.01460013,62.2073,4260.7382,OK,0.0000,-2.4883,4.0000,96.0000,AG03-UNRESOLVED,ALL5_LEVELS_bet23_to_bet27,-2.4883,-2.4883,-2.4883,-4.3545,-4.3545,4.000000,4.000000,4.000000,7.000000,7.000000,96.000000,96.000000,96.000000,93.000000,93.000000,5.0,-16.1739,-14.6058,-46.0334,-47.6016,PENDING_AG03,FALSE,NOT_FOR_ENFORCEMENT,-59.7191,3388.0356,-62.2073,-59.7191,-2.4883,-0.01460013,-0.01401613,-2.4883,-59.7191,-0.01401613,-2.4883,-2.4883,-2.4883,-4.3545,-4.3545,-59.7191,-0.01401613,-16.1739,-14.6058,-46.0334,-47.6016,-0.01080410,-0.01117214,-0.00058401,58.3663,48.3453,-0.8522,-1.7280,-1.5173,118.3538,2.0278,33.5676,60.1897,25.1409,45.4675,81.9629,100.6329,149.5302,211.8339,40.5959,0.0,3.288729,4.659022,1.283693,12,36,22,2,0.03939177,-0.01460013,0.63868254,0E-8,0.000000,0.828308,0.000000,-0.68007191,2026-03-23,2026-08-06,36,41,41,137,0.262774,0.557697,0.575120,0.131306,,,,,,,,GLOBAL_BASELINE_NO_ENTITY_RANKING,,,NOT_APPLICABLE_GLOBAL_BASELINE,HF9g-P5,,,,X 全窗基线 · 不参与实体赏罚,3922410,393,A168_HF9F_20260827_0900,2026-08-27 09:00:00
2026-04-19,76032556,2101,0,200.1380262249,-50.4404660414,-50.4404660414,0.5000000,3,3,0.50218230000000000,0.502182300000,-0.00617253530718887,-0.00617253530718887,-0.00617253530718887,0E-17,ELIGIBLE,R03b_20260811_FULL_v1,L1_ELIGIBILITY,v2026-08-11,2026-03-21..2026-08-06,baccarat_bet02_101_all_pairs_incl_sentinel,round_win = game_pnl > 0 (decisive only),COMPATIBILITY_ONLY_NOT_PRODUCTION,4260.7382,3529.2038,-62.2073,73,73,0.01460013,-0.63868254,0.04138937,0.01460013,62.2073,4260.7382,OK,0.0000,-2.4883,4.0000,96.0000,AG03-UNRESOLVED,ALL5_LEVELS_bet23_to_bet27,-2.4883,-2.4883,-2.4883,-4.3545,-4.3545,4.000000,4.000000,4.000000,7.000000,7.000000,96.000000,96.000000,96.000000,93.000000,93.000000,5.0,-16.1739,-14.6058,-46.0334,-47.6016,PENDING_AG03,FALSE,NOT_FOR_ENFORCEMENT,-59.7191,3388.0356,-62.2073,-59.7191,-2.4883,-0.01460013,-0.01401613,-2.4883,-59.7191,-0.01401613,-2.4883,-2.4883,-2.4883,-4.3545,-4.3545,-59.7191,-0.01401613,-16.1739,-14.6058,-46.0334,-47.6016,-0.01080410,-0.01117214,-0.00058401,58.3663,48.3453,-0.8522,-1.7280,-1.5173,118.3538,2.0278,33.5676,60.1897,25.1409,45.4675,81.9629,100.6329,149.5302,211.8339,40.5959,0.0,3.288729,4.659022,1.283693,12,36,22,2,0.03939177,-0.01460013,0.63868254,0E-8,0.000000,0.828308,0.000000,-0.68007191,2026-03-23,2026-08-06,36,41,41,137,0.262774,0.557697,0.575120,0.131306,,,,,,,,GLOBAL_BASELINE_NO_ENTITY_RANKING,,,NOT_APPLICABLE_GLOBAL_BASELINE,HF9g-P5,,,,X 全窗基线 · 不参与实体赏罚,3922411,393,A168_HF9F_20260827_0900,2026-08-27 09:00:00
2026-04-21,76032556,1157,0,69.0131124914,69.0131124914,69.0131124914,1.0000000,1,1,0.49324550000000000,0.493245500000,1.01360149184955,1.01360149184955,1.01360149184955,0E-17,ELIGIBLE,R03b_20260811_FULL_v1,L1_ELIGIBILITY,v2026-08-11,2026-03-21..2026-08-06,baccarat_bet02_101_all_pairs_incl_sentinel,round_win = game_pnl > 0 (decisive only),COMPATIBILITY_ONLY_NOT_PRODUCTION,4260.7382,3529.2038,-62.2073,73,73,0.01460013,-0.63868254,0.04138937,0.01460013,62.2073,4260.7382,OK,0.0000,-2.4883,4.0000,96.0000,AG03-UNRESOLVED,ALL5_LEVELS_bet23_to_bet27,-2.4883,-2.4883,-2.4883,-4.3545,-4.3545,4.000000,4.000000,4.000000,7.000000,7.000000,96.000000,96.000000,96.000000,93.000000,93.000000,5.0,-16.1739,-14.6058,-46.0334,-47.6016,PENDING_AG03,FALSE,NOT_FOR_ENFORCEMENT,-59.7191,3388.0356,-62.2073,-59.7191,-2.4883,-0.01460013,-0.01401613,-2.4883,-59.7191,-0.01401613,-2.4883,-2.4883,-2.4883,-4.3545,-4.3545,-59.7191,-0.01401613,-16.1739,-14.6058,-46.0334,-47.6016,-0.01080410,-0.01117214,-0.00058401,58.3663,48.3453,-0.8522,-1.7280,-1.5173,118.3538,2.0278,33.5676,60.1897,25.1409,45.4675,81.9629,100.6329,149.5302,211.8339,40.5959,0.0,3.288729,4.659022,1.283693,12,36,22,2,0.03939177,-0.01460013,0.63868254,0E-8,0.000000,0.828308,0.000000,-0.68007191,2026-03-23,2026-08-06,36,41,41,137,0.262774,0.557697,0.575120,0.131306,,,,,,,,GLOBAL_BASELINE_NO_ENTITY_RANKING,,,NOT_APPLICABLE_GLOBAL_BASELINE,HF9g-P5,,,,X 全窗基线 · 不参与实体赏罚,3922412,393,A168_HF9F_20260827_0900,2026-08-27 09:00:00
2026-05-05,76032556,2169,0,66.2983425414,-22.0994475138,-22.0994475138,0.5000000,2,2,0.49994810000000000,0.499948100000,0.00014679536856514622,0.00014679536856514622,0.00014679536856514622,0E-17,ELIGIBLE,R03b_20260811_FULL_v1,L1_ELIGIBILITY,v2026-08-11,2026-03-21..2026-08-06,baccarat_bet02_101_all_pairs_incl_sentinel,round_win = game_pnl > 0 (decisive only),COMPATIBILITY_ONLY_NOT_PRODUCTION,4260.7382,3529.2038,-62.2073,73,73,0.01460013,-0.63868254,0.04138937,0.01460013,62.2073,4260.7382,OK,0.0000,-2.4883,4.0000,96.0000,AG03-UNRESOLVED,ALL5_LEVELS_bet23_to_bet27,-2.4883,-2.4883,-2.4883,-4.3545,-4.3545,4.000000,4.000000,4.000000,7.000000,7.000000,96.000000,96.000000,96.000000,93.000000,93.000000,5.0,-16.1739,-14.6058,-46.0334,-47.6016,PENDING_AG03,FALSE,NOT_FOR_ENFORCEMENT,-59.7191,3388.0356,-62.2073,-59.7191,-2.4883,-0.01460013,-0.01401613,-2.4883,-59.7191,-0.01401613,-2.4883,-2.4883,-2.4883,-4.3545,-4.3545,-59.7191,-0.01401613,-16.1739,-14.6058,-46.0334,-47.6016,-0.01080410,-0.01117214,-0.00058401,58.3663,48.3453,-0.8522,-1.7280,-1.5173,118.3538,2.0278,33.5676,60.1897,25.1409,45.4675,81.9629,100.6329,149.5302,211.8339,40.5959,0.0,3.288729,4.659022,1.283693,12,36,22,2,0.03939177,-0.01460013,0.63868254,0E-8,0.000000,0.828308,0.000000,-0.68007191,2026-03-23,2026-08-06,36,41,41,137,0.262774,0.557697,0.575120,0.131306,,,,,,,,GLOBAL_BASELINE_NO_ENTITY_RANKING,,,NOT_APPLICABLE_GLOBAL_BASELINE,HF9g-P5,,,,X 全窗基线 · 不参与实体赏罚,3922413,393,A168_HF9F_20260827_0900,2026-08-27 09:00:00
2026-05-12,76032556,1210,0,20.5209155485,-20.5209155485,-20.5209155485,0E-7,1,1,0.49324550000000000,0.493245500000,-0.9865810262130424,-0.9865810262130424,-0.9865810262130424,0E-17,ELIGIBLE,R03b_20260811_FULL_v1,L1_ELIGIBILITY,v2026-08-11,2026-03-21..2026-08-06,baccarat_bet02_101_all_pairs_incl_sentinel,round_win = game_pnl > 0 (decisive only),COMPATIBILITY_ONLY_NOT_PRODUCTION,4260.7382,3529.2038,-62.2073,73,73,0.01460013,-0.63868254,0.04138937,0.01460013,62.2073,4260.7382,OK,0.0000,-2.4883,4.0000,96.0000,AG03-UNRESOLVED,ALL5_LEVELS_bet23_to_bet27,-2.4883,-2.4883,-2.4883,-4.3545,-4.3545,4.000000,4.000000,4.000000,7.000000,7.000000,96.000000,96.000000,96.000000,93.000000,93.000000,5.0,-16.1739,-14.6058,-46.0334,-47.6016,PENDING_AG03,FALSE,NOT_FOR_ENFORCEMENT,-59.7191,3388.0356,-62.2073,-59.7191,-2.4883,-0.01460013,-0.01401613,-2.4883,-59.7191,-0.01401613,-2.4883,-2.4883,-2.4883,-4.3545,-4.3545,-59.7191,-0.01401613,-16.1739,-14.6058,-46.0334,-47.6016,-0.01080410,-0.01117214,-0.00058401,58.3663,48.3453,-0.8522,-1.7280,-1.5173,118.3538,2.0278,33.5676,60.1897,25.1409,45.4675,81.9629,100.6329,149.5302,211.8339,40.5959,0.0,3.288729,4.659022,1.283693,12,36,22,2,0.03939177,-0.01460013,0.63868254,0E-8,0.000000,0.828308,0.000000,-0.68007191,2026-03-23,2026-08-06,36,41,41,137,0.262774,0.557697,0.575120,0.131306,,,,,,,,GLOBAL_BASELINE_NO_ENTITY_RANKING,,,NOT_APPLICABLE_GLOBAL_BASELINE,HF9g-P5,,,,X 全窗基线 · 不参与实体赏罚,3922414,393,A168_HF9F_20260827_0900,2026-08-27 09:00:00
2026-05-15,76032556,2174,0,19.7316495659,-19.7316495659,-19.7316495659,0E-7,1,1,0.50665070000000000,0.506650700000,-1.013391052207602,-1.013391052207602,-1.013391052207602,0E-17,ELIGIBLE,R03b_20260811_FULL_v1,L1_ELIGIBILITY,v2026-08-11,2026-03-21..2026-08-06,baccarat_bet02_101_all_pairs_incl_sentinel,round_win = game_pnl > 0 (decisive only),COMPATIBILITY_ONLY_NOT_PRODUCTION,4260.7382,3529.2038,-62.2073,73,73,0.01460013,-0.63868254,0.04138937,0.01460013,62.2073,4260.7382,OK,0.0000,-2.4883,4.0000,96.0000,AG03-UNRESOLVED,ALL5_LEVELS_bet23_to_bet27,-2.4883,-2.4883,-2.4883,-4.3545,-4.3545,4.000000,4.000000,4.000000,7.000000,7.000000,96.000000,96.000000,96.000000,93.000000,93.000000,5.0,-16.1739,-14.6058,-46.0334,-47.6016,PENDING_AG03,FALSE,NOT_FOR_ENFORCEMENT,-59.7191,3388.0356,-62.2073,-59.7191,-2.4883,-0.01460013,-0.01401613,-2.4883,-59.7191,-0.01401613,-2.4883,-2.4883,-2.4883,-4.3545,-4.3545,-59.7191,-0.01401613,-16.1739,-14.6058,-46.0334,-47.6016,-0.01080410,-0.01117214,-0.00058401,58.3663,48.3453,-0.8522,-1.7280,-1.5173,118.3538,2.0278,33.5676,60.1897,25.1409,45.4675,81.9629,100.6329,149.5302,211.8339,40.5959,0.0,3.288729,4.659022,1.283693,12,36,22,2,0.03939177,-0.01460013,0.63868254,0E-8,0.000000,0.828308,0.000000,-0.68007191,2026-03-23,2026-08-06,36,41,41,137,0.262774,0.557697,0.575120,0.131306,,,,,,,,GLOBAL_BASELINE_NO_ENTITY_RANKING,,,NOT_APPLICABLE_GLOBAL_BASELINE,HF9g-P5,,,,X 全窗基线 · 不参与实体赏罚,3922415,393,A168_HF9F_20260827_0900,2026-08-27 09:00:00
2026-05-16,76032556,2093,0,39.4632991318,-39.4632991318,-39.4632991318,0E-7,1,1,0.50665070000000000,0.506650700000,-1.013391052207602,-1.013391052207602,-1.013391052207602,0E-17,ELIGIBLE,R03b_20260811_FULL_v1,L1_ELIGIBILITY,v2026-08-11,2026-03-21..2026-08-06,baccarat_bet02_101_all_pairs_incl_sentinel,round_win = game_pnl > 0 (decisive only),COMPATIBILITY_ONLY_NOT_PRODUCTION,4260.7382,3529.2038,-62.2073,73,73,0.01460013,-0.63868254,0.04138937,0.01460013,62.2073,4260.7382,OK,0.0000,-2.4883,4.0000,96.0000,AG03-UNRESOLVED,ALL5_LEVELS_bet23_to_bet27,-2.4883,-2.4883,-2.4883,-4.3545,-4.3545,4.000000,4.000000,4.000000,7.000000,7.000000,96.000000,96.000000,96.000000,93.000000,93.000000,5.0,-16.1739,-14.6058,-46.0334,-47.6016,PENDING_AG03,FALSE,NOT_FOR_ENFORCEMENT,-59.7191,3388.0356,-62.2073,-59.7191,-2.4883,-0.01460013,-0.01401613,-2.4883,-59.7191,-0.01401613,-2.4883,-2.4883,-2.4883,-4.3545,-4.3545,-59.7191,-0.01401613,-16.1739,-14.6058,-46.0334,-47.6016,-0.01080410,-0.01117214,-0.00058401,58.3663,48.3453,-0.8522,-1.7280,-1.5173,118.3538,2.0278,33.5676,60.1897,25.1409,45.4675,81.9629,100.6329,149.5302,211.8339,40.5959,0.0,3.288729,4.659022,1.283693,12,36,22,2,0.03939177,-0.01460013,0.63868254,0E-8,0.000000,0.828308,0.000000,-0.68007191,2026-03-23,2026-08-06,36,41,41,137,0.262774,0.557697,0.575120,0.131306,,,,,,,,GLOBAL_BASELINE_NO_ENTITY_RANKING,,,NOT_APPLICABLE_GLOBAL_BASELINE,HF9g-P5,,,,X 全窗基线 · 不参与实体赏罚,3922416,393,A168_HF9F_20260827_0900,2026-08-27 09:00:00
2026-05-20,76032556,1396,0,20.5209155485,-20.5209155485,-20.5209155485,0E-7,1,1,0.50665070000000000,0.506650700000,-1.013391052207602,-1.013391052207602,-1.013391052207602,0E-17,ELIGIBLE,R03b_20260811_FULL_v1,L1_ELIGIBILITY,v2026-08-11,2026-03-21..2026-08-06,baccarat_bet02_101_all_pairs_incl_sentinel,round_win = game_pnl > 0 (decisive only),COMPATIBILITY_ONLY_NOT_PRODUCTION,4260.7382,3529.2038,-62.2073,73,73,0.01460013,-0.63868254,0.04138937,0.01460013,62.2073,4260.7382,OK,0.0000,-2.4883,4.0000,96.0000,AG03-UNRESOLVED,ALL5_LEVELS_bet23_to_bet27,-2.4883,-2.4883,-2.4883,-4.3545,-4.3545,4.000000,4.000000,4.000000,7.000000,7.000000,96.000000,96.000000,96.000000,93.000000,93.000000,5.0,-16.1739,-14.6058,-46.0334,-47.6016,PENDING_AG03,FALSE,NOT_FOR_ENFORCEMENT,-59.7191,3388.0356,-62.2073,-59.7191,-2.4883,-0.01460013,-0.01401613,-2.4883,-59.7191,-0.01401613,-2.4883,-2.4883,-2.4883,-4.3545,-4.3545,-59.7191,-0.01401613,-16.1739,-14.6058,-46.0334,-47.6016,-0.01080410,-0.01117214,-0.00058401,58.3663,48.3453,-0.8522,-1.7280,-1.5173,118.3538,2.0278,33.5676,60.1897,25.1409,45.4675,81.9629,100.6329,149.5302,211.8339,40.5959,0.0,3.288729,4.659022,1.283693,12,36,22,2,0.03939177,-0.01460013,0.63868254,0E-8,0.000000,0.828308,0.000000,-0.68007191,2026-03-23,2026-08-06,36,41,41,137,0.262774,0.557697,0.575120,0.131306,,,,,,,,GLOBAL_BASELINE_NO_ENTITY_RANKING,,,NOT_APPLICABLE_GLOBAL_BASELINE,HF9g-P5,,,,X 全窗基线 · 不参与实体赏罚,3922417,393,A168_HF9F_20260827_0900,2026-08-27 09:00:00
2026-05-20,76032556,2142,0,136.1483820048,136.1483820048,136.1483820048,1.0000000,2,2,0.49324550000000000,0.493245500000,1.4334489766152358,1.4334489766152358,1.4334489766152358,0E-17,ELIGIBLE,R03b_20260811_FULL_v1,L1_ELIGIBILITY,v2026-08-11,2026-03-21..2026-08-06,baccarat_bet02_101_all_pairs_incl_sentinel,round_win = game_pnl > 0 (decisive only),COMPATIBILITY_ONLY_NOT_PRODUCTION,4260.7382,3529.2038,-62.2073,73,73,0.01460013,-0.63868254,0.04138937,0.01460013,62.2073,4260.7382,OK,0.0000,-2.4883,4.0000,96.0000,AG03-UNRESOLVED,ALL5_LEVELS_bet23_to_bet27,-2.4883,-2.4883,-2.4883,-4.3545,-4.3545,4.000000,4.000000,4.000000,7.000000,7.000000,96.000000,96.000000,96.000000,93.000000,93.000000,5.0,-16.1739,-14.6058,-46.0334,-47.6016,PENDING_AG03,FALSE,NOT_FOR_ENFORCEMENT,-59.7191,3388.0356,-62.2073,-59.7191,-2.4883,-0.01460013,-0.01401613,-2.4883,-59.7191,-0.01401613,-2.4883,-2.4883,-2.4883,-4.3545,-4.3545,-59.7191,-0.01401613,-16.1739,-14.6058,-46.0334,-47.6016,-0.01080410,-0.01117214,-0.00058401,58.3663,48.3453,-0.8522,-1.7280,-1.5173,118.3538,2.0278,33.5676,60.1897,25.1409,45.4675,81.9629,100.6329,149.5302,211.8339,40.5959,0.0,3.288729,4.659022,1.283693,12,36,22,2,0.03939177,-0.01460013,0.63868254,0E-8,0.000000,0.828308,0.000000,-0.68007191,2026-03-23,2026-08-06,36,41,41,137,0.262774,0.557697,0.575120,0.131306,,,,,,,,GLOBAL_BASELINE_NO_ENTITY_RANKING,,,NOT_APPLICABLE_GLOBAL_BASELINE,HF9g-P5,,,,X 全窗基线 · 不参与实体赏罚,3922418,393,A168_HF9F_20260827_0900,2026-08-27 09:00:00
2026-05-22,76032556,970,0,115.2328334649,-39.0489344909,-39.0489344909,0.5000000,2,2,0.50665070000000000,0.506650700000,-0.018812684590367487,-0.018812684590367487,-0.018812684590367487,0E-17,ELIGIBLE,R03b_20260811_FULL_v1,L1_ELIGIBILITY,v2026-08-11,2026-03-21..2026-08-06,baccarat_bet02_101_all_pairs_incl_sentinel,round_win = game_pnl > 0 (decisive only),COMPATIBILITY_ONLY_NOT_PRODUCTION,4260.7382,3529.2038,-62.2073,73,73,0.01460013,-0.63868254,0.04138937,0.01460013,62.2073,4260.7382,OK,0.0000,-2.4883,4.0000,96.0000,AG03-UNRESOLVED,ALL5_LEVELS_bet23_to_bet27,-2.4883,-2.4883,-2.4883,-4.3545,-4.3545,4.000000,4.000000,4.000000,7.000000,7.000000,96.000000,96.000000,96.000000,93.000000,93.000000,5.0,-16.1739,-14.6058,-46.0334,-47.6016,PENDING_AG03,FALSE,NOT_FOR_ENFORCEMENT,-59.7191,3388.0356,-62.2073,-59.7191,-2.4883,-0.01460013,-0.01401613,-2.4883,-59.7191,-0.01401613,-2.4883,-2.4883,-2.4883,-4.3545,-4.3545,-59.7191,-0.01401613,-16.1739,-14.6058,-46.0334,-47.6016,-0.01080410,-0.01117214,-0.00058401,58.3663,48.3453,-0.8522,-1.7280,-1.5173,118.3538,2.0278,33.5676,60.1897,25.1409,45.4675,81.9629,100.6329,149.5302,211.8339,40.5959,0.0,3.288729,4.659022,1.283693,12,36,22,2,0.03939177,-0.01460013,0.63868254,0E-8,0.000000,0.828308,0.000000,-0.68007191,2026-03-23,2026-08-06,36,41,41,137,0.262774,0.557697,0.575120,0.131306,,,,,,,,GLOBAL_BASELINE_NO_ENTITY_RANKING,,,NOT_APPLICABLE_GLOBAL_BASELINE,HF9g-P5,,,,X 全窗基线 · 不参与实体赏罚,3922419,393,A168_HF9F_20260827_0900,2026-08-27 09:00:00
2026-05-27,76032556,2142,0,102.6045777427,-34.8855564325,-34.8855564325,0.5000000,2,2,0.50665070000000000,0.506650700000,-0.018812684590367487,-0.018812684590367487,-0.018812684590367487,0E-17,ELIGIBLE,R03b_20260811_FULL_v1,L1_ELIGIBILITY,v2026-08-11,2026-03-21..2026-08-06,baccarat_bet02_101_all_pairs_incl_sentinel,round_win = game_pnl > 0 (decisive only),COMPATIBILITY_ONLY_NOT_PRODUCTION,4260.7382,3529.2038,-62.2073,73,73,0.01460013,-0.63868254,0.04138937,0.01460013,62.2073,4260.7382,OK,0.0000,-2.4883,4.0000,96.0000,AG03-UNRESOLVED,ALL5_LEVELS_bet23_to_bet27,-2.4883,-2.4883,-2.4883,-4.3545,-4.3545,4.000000,4.000000,4.000000,7.000000,7.000000,96.000000,96.000000,96.000000,93.000000,93.000000,5.0,-16.1739,-14.6058,-46.0334,-47.6016,PENDING_AG03,FALSE,NOT_FOR_ENFORCEMENT,-59.7191,3388.0356,-62.2073,-59.7191,-2.4883,-0.01460013,-0.01401613,-2.4883,-59.7191,-0.01401613,-2.4883,-2.4883,-2.4883,-4.3545,-4.3545,-59.7191,-0.01401613,-16.1739,-14.6058,-46.0334,-47.6016,-0.01080410,-0.01117214,-0.00058401,58.3663,48.3453,-0.8522,-1.7280,-1.5173,118.3538,2.0278,33.5676,60.1897,25.1409,45.4675,81.9629,100.6329,149.5302,211.8339,40.5959,0.0,3.288729,4.659022,1.283693,12,36,22,2,0.03939177,-0.01460013,0.63868254,0E-8,0.000000,0.828308,0.000000,-0.68007191,2026-03-23,2026-08-06,36,41,41,137,0.262774,0.557697,0.575120,0.131306,,,,,,,,GLOBAL_BASELINE_NO_ENTITY_RANKING,,,NOT_APPLICABLE_GLOBAL_BASELINE,HF9g-P5,,,,X 全窗基线 · 不参与实体赏罚,3922420,393,A168_HF9F_20260827_0900,2026-08-27 09:00:00
2026-06-02,76032556,2252,0,41.7584086250,-41.7584086250,-41.7584086250,0E-7,1,1,0.49324550000000000,0.493245500000,-0.9865810262130424,-0.9865810262130424,-0.9865810262130424,0E-17,ELIGIBLE,R03b_20260811_FULL_v1,L1_ELIGIBILITY,v2026-08-11,2026-03-21..2026-08-06,baccarat_bet02_101_all_pairs_incl_sentinel,round_win = game_pnl > 0 (decisive only),COMPATIBILITY_ONLY_NOT_PRODUCTION,4260.7382,3529.2038,-62.2073,73,73,0.01460013,-0.63868254,0.04138937,0.01460013,62.2073,4260.7382,OK,0.0000,-2.4883,4.0000,96.0000,AG03-UNRESOLVED,ALL5_LEVELS_bet23_to_bet27,-2.4883,-2.4883,-2.4883,-4.3545,-4.3545,4.000000,4.000000,4.000000,7.000000,7.000000,96.000000,96.000000,96.000000,93.000000,93.000000,5.0,-16.1739,-14.6058,-46.0334,-47.6016,PENDING_AG03,FALSE,NOT_FOR_ENFORCEMENT,-59.7191,3388.0356,-62.2073,-59.7191,-2.4883,-0.01460013,-0.01401613,-2.4883,-59.7191,-0.01401613,-2.4883,-2.4883,-2.4883,-4.3545,-4.3545,-59.7191,-0.01401613,-16.1739,-14.6058,-46.0334,-47.6016,-0.01080410,-0.01117214,-0.00058401,58.3663,48.3453,-0.8522,-1.7280,-1.5173,118.3538,2.0278,33.5676,60.1897,25.1409,45.4675,81.9629,100.6329,149.5302,211.8339,40.5959,0.0,3.288729,4.659022,1.283693,12,36,22,2,0.03939177,-0.01460013,0.63868254,0E-8,0.000000,0.828308,0.000000,-0.68007191,2026-03-23,2026-08-06,36,41,41,137,0.262774,0.557697,0.575120,0.131306,,,,,,,,GLOBAL_BASELINE_NO_ENTITY_RANKING,,,NOT_APPLICABLE_GLOBAL_BASELINE,HF9g-P5,,,,X 全窗基线 · 不参与实体赏罚,3922421,393,A168_HF9F_20260827_0900,2026-08-27 09:00:00
2026-06-02,76032556,471,0,20.8792043125,20.8792043125,20.8792043125,1.0000000,1,1,0.49324550000000000,0.493245500000,1.01360149184955,1.01360149184955,1.01360149184955,0E-17,ELIGIBLE,R03b_20260811_FULL_v1,L1_ELIGIBILITY,v2026-08-11,2026-03-21..2026-08-06,baccarat_bet02_101_all_pairs_incl_sentinel,round_win = game_pnl > 0 (decisive only),COMPATIBILITY_ONLY_NOT_PRODUCTION,4260.7382,3529.2038,-62.2073,73,73,0.01460013,-0.63868254,0.04138937,0.01460013,62.2073,4260.7382,OK,0.0000,-2.4883,4.0000,96.0000,AG03-UNRESOLVED,ALL5_LEVELS_bet23_to_bet27,-2.4883,-2.4883,-2.4883,-4.3545,-4.3545,4.000000,4.000000,4.000000,7.000000,7.000000,96.000000,96.000000,96.000000,93.000000,93.000000,5.0,-16.1739,-14.6058,-46.0334,-47.6016,PENDING_AG03,FALSE,NOT_FOR_ENFORCEMENT,-59.7191,3388.0356,-62.2073,-59.7191,-2.4883,-0.01460013,-0.01401613,-2.4883,-59.7191,-0.01401613,-2.4883,-2.4883,-2.4883,-4.3545,-4.3545,-59.7191,-0.01401613,-16.1739,-14.6058,-46.0334,-47.6016,-0.01080410,-0.01117214,-0.00058401,58.3663,48.3453,-0.8522,-1.7280,-1.5173,118.3538,2.0278,33.5676,60.1897,25.1409,45.4675,81.9629,100.6329,149.5302,211.8339,40.5959,0.0,3.288729,4.659022,1.283693,12,36,22,2,0.03939177,-0.01460013,0.63868254,0E-8,0.000000,0.828308,0.000000,-0.68007191,2026-03-23,2026-08-06,36,41,41,137,0.262774,0.557697,0.575120,0.131306,,,,,,,,GLOBAL_BASELINE_NO_ENTITY_RANKING,,,NOT_APPLICABLE_GLOBAL_BASELINE,HF9g-P5,,,,X 全窗基线 · 不参与实体赏罚,3922422,393,A168_HF9F_20260827_0900,2026-08-27 09:00:00
2026-06-03,76032556,2145,0,133.6269076000,66.8134538000,66.8134538000,1.0000000,2,2,0.49324550000000000,0.493245500000,1.01360149184955,1.01360149184955,1.01360149184955,0E-17,ELIGIBLE,R03b_20260811_FULL_v1,L1_ELIGIBILITY,v2026-08-11,2026-03-21..2026-08-06,baccarat_bet02_101_all_pairs_incl_sentinel,round_win = game_pnl > 0 (decisive only),COMPATIBILITY_ONLY_NOT_PRODUCTION,4260.7382,3529.2038,-62.2073,73,73,0.01460013,-0.63868254,0.04138937,0.01460013,62.2073,4260.7382,OK,0.0000,-2.4883,4.0000,96.0000,AG03-UNRESOLVED,ALL5_LEVELS_bet23_to_bet27,-2.4883,-2.4883,-2.4883,-4.3545,-4.3545,4.000000,4.000000,4.000000,7.000000,7.000000,96.000000,96.000000,96.000000,93.000000,93.000000,5.0,-16.1739,-14.6058,-46.0334,-47.6016,PENDING_AG03,FALSE,NOT_FOR_ENFORCEMENT,-59.7191,3388.0356,-62.2073,-59.7191,-2.4883,-0.01460013,-0.01401613,-2.4883,-59.7191,-0.01401613,-2.4883,-2.4883,-2.4883,-4.3545,-4.3545,-59.7191,-0.01401613,-16.1739,-14.6058,-46.0334,-47.6016,-0.01080410,-0.01117214,-0.00058401,58.3663,48.3453,-0.8522,-1.7280,-1.5173,118.3538,2.0278,33.5676,60.1897,25.1409,45.4675,81.9629,100.6329,149.5302,211.8339,40.5959,0.0,3.288729,4.659022,1.283693,12,36,22,2,0.03939177,-0.01460013,0.63868254,0E-8,0.000000,0.828308,0.000000,-0.68007191,2026-03-23,2026-08-06,36,41,41,137,0.262774,0.557697,0.575120,0.131306,,,,,,,,GLOBAL_BASELINE_NO_ENTITY_RANKING,,,NOT_APPLICABLE_GLOBAL_BASELINE,HF9g-P5,,,,X 全窗基线 · 不参与实体赏罚,3922423,393,A168_HF9F_20260827_0900,2026-08-27 09:00:00
2026-06-09,76032556,2171,0,15.9441196569,-15.9441196569,-15.9441196569,0E-7,2,2,0.50665070000000000,0.506650700000,-1.4331513700195317,-1.4331513700195317,-1.4331513700195317,0E-17,ELIGIBLE,R03b_20260811_FULL_v1,L1_ELIGIBILITY,v2026-08-11,2026-03-21..2026-08-06,baccarat_bet02_101_all_pairs_incl_sentinel,round_win = game_pnl > 0 (decisive only),COMPATIBILITY_ONLY_NOT_PRODUCTION,4260.7382,3529.2038,-62.2073,73,73,0.01460013,-0.63868254,0.04138937,0.01460013,62.2073,4260.7382,OK,0.0000,-2.4883,4.0000,96.0000,AG03-UNRESOLVED,ALL5_LEVELS_bet23_to_bet27,-2.4883,-2.4883,-2.4883,-4.3545,-4.3545,4.000000,4.000000,4.000000,7.000000,7.000000,96.000000,96.000000,96.000000,93.000000,93.000000,5.0,-16.1739,-14.6058,-46.0334,-47.6016,PENDING_AG03,FALSE,NOT_FOR_ENFORCEMENT,-59.7191,3388.0356,-62.2073,-59.7191,-2.4883,-0.01460013,-0.01401613,-2.4883,-59.7191,-0.01401613,-2.4883,-2.4883,-2.4883,-4.3545,-4.3545,-59.7191,-0.01401613,-16.1739,-14.6058,-46.0334,-47.6016,-0.01080410,-0.01117214,-0.00058401,58.3663,48.3453,-0.8522,-1.7280,-1.5173,118.3538,2.0278,33.5676,60.1897,25.1409,45.4675,81.9629,100.6329,149.5302,211.8339,40.5959,0.0,3.288729,4.659022,1.283693,12,36,22,2,0.03939177,-0.01460013,0.63868254,0E-8,0.000000,0.828308,0.000000,-0.68007191,2026-03-23,2026-08-06,36,41,41,137,0.262774,0.557697,0.575120,0.131306,,,,,,,,GLOBAL_BASELINE_NO_ENTITY_RANKING,,,NOT_APPLICABLE_GLOBAL_BASELINE,HF9g-P5,,,,X 全窗基线 · 不参与实体赏罚,3922424,393,A168_HF9F_20260827_0900,2026-08-27 09:00:00
2026-06-13,76032556,1374,0,169.3113658795,166.4452205603,166.4452205603,1.0000000,2,2,0.49994810000000000,0.499948100000,1.4143603653603398,1.4143603653603398,1.4143603653603398,0E-17,ELIGIBLE,R03b_20260811_FULL_v1,L1_ELIGIBILITY,v2026-08-11,2026-03-21..2026-08-06,baccarat_bet02_101_all_pairs_incl_sentinel,round_win = game_pnl > 0 (decisive only),COMPATIBILITY_ONLY_NOT_PRODUCTION,4260.7382,3529.2038,-62.2073,73,73,0.01460013,-0.63868254,0.04138937,0.01460013,62.2073,4260.7382,OK,0.0000,-2.4883,4.0000,96.0000,AG03-UNRESOLVED,ALL5_LEVELS_bet23_to_bet27,-2.4883,-2.4883,-2.4883,-4.3545,-4.3545,4.000000,4.000000,4.000000,7.000000,7.000000,96.000000,96.000000,96.000000,93.000000,93.000000,5.0,-16.1739,-14.6058,-46.0334,-47.6016,PENDING_AG03,FALSE,NOT_FOR_ENFORCEMENT,-59.7191,3388.0356,-62.2073,-59.7191,-2.4883,-0.01460013,-0.01401613,-2.4883,-59.7191,-0.01401613,-2.4883,-2.4883,-2.4883,-4.3545,-4.3545,-59.7191,-0.01401613,-16.1739,-14.6058,-46.0334,-47.6016,-0.01080410,-0.01117214,-0.00058401,58.3663,48.3453,-0.8522,-1.7280,-1.5173,118.3538,2.0278,33.5676,60.1897,25.1409,45.4675,81.9629,100.6329,149.5302,211.8339,40.5959,0.0,3.288729,4.659022,1.283693,12,36,22,2,0.03939177,-0.01460013,0.63868254,0E-8,0.000000,0.828308,0.000000,-0.68007191,2026-03-23,2026-08-06,36,41,41,137,0.262774,0.557697,0.575120,0.131306,,,,,,,,GLOBAL_BASELINE_NO_ENTITY_RANKING,,,NOT_APPLICABLE_GLOBAL_BASELINE,HF9g-P5,,,,X 全窗基线 · 不参与实体赏罚,3922425,393,A168_HF9F_20260827_0900,2026-08-27 09:00:00
2026-06-13,76032556,1994,0,37.5825677625,-12.5275225875,-12.5275225875,0.5000000,2,2,0.49324550000000000,0.493245500000,0.01910635448239258,0.01910635448239258,0.01910635448239258,0E-17,ELIGIBLE,R03b_20260811_FULL_v1,L1_ELIGIBILITY,v2026-08-11,2026-03-21..2026-08-06,baccarat_bet02_101_all_pairs_incl_sentinel,round_win = game_pnl > 0 (decisive only),COMPATIBILITY_ONLY_NOT_PRODUCTION,4260.7382,3529.2038,-62.2073,73,73,0.01460013,-0.63868254,0.04138937,0.01460013,62.2073,4260.7382,OK,0.0000,-2.4883,4.0000,96.0000,AG03-UNRESOLVED,ALL5_LEVELS_bet23_to_bet27,-2.4883,-2.4883,-2.4883,-4.3545,-4.3545,4.000000,4.000000,4.000000,7.000000,7.000000,96.000000,96.000000,96.000000,93.000000,93.000000,5.0,-16.1739,-14.6058,-46.0334,-47.6016,PENDING_AG03,FALSE,NOT_FOR_ENFORCEMENT,-59.7191,3388.0356,-62.2073,-59.7191,-2.4883,-0.01460013,-0.01401613,-2.4883,-59.7191,-0.01401613,-2.4883,-2.4883,-2.4883,-4.3545,-4.3545,-59.7191,-0.01401613,-16.1739,-14.6058,-46.0334,-47.6016,-0.01080410,-0.01117214,-0.00058401,58.3663,48.3453,-0.8522,-1.7280,-1.5173,118.3538,2.0278,33.5676,60.1897,25.1409,45.4675,81.9629,100.6329,149.5302,211.8339,40.5959,0.0,3.288729,4.659022,1.283693,12,36,22,2,0.03939177,-0.01460013,0.63868254,0E-8,0.000000,0.828308,0.000000,-0.68007191,2026-03-23,2026-08-06,36,41,41,137,0.262774,0.557697,0.575120,0.131306,,,,,,,,GLOBAL_BASELINE_NO_ENTITY_RANKING,,,NOT_APPLICABLE_GLOBAL_BASELINE,HF9g-P5,,,,X 全窗基线 · 不参与实体赏罚,3922426,393,A168_HF9F_20260827_0900,2026-08-27 09:00:00
2026-06-17,76032556,2145,0,217.1437248500,217.1437248500,217.1437248500,1.0000000,1,1,0.49324550000000000,0.493245500000,1.01360149184955,1.01360149184955,1.01360149184955,0E-17,ELIGIBLE,R03b_20260811_FULL_v1,L1_ELIGIBILITY,v2026-08-11,2026-03-21..2026-08-06,baccarat_bet02_101_all_pairs_incl_sentinel,round_win = game_pnl > 0 (decisive only),COMPATIBILITY_ONLY_NOT_PRODUCTION,4260.7382,3529.2038,-62.2073,73,73,0.01460013,-0.63868254,0.04138937,0.01460013,62.2073,4260.7382,OK,0.0000,-2.4883,4.0000,96.0000,AG03-UNRESOLVED,ALL5_LEVELS_bet23_to_bet27,-2.4883,-2.4883,-2.4883,-4.3545,-4.3545,4.000000,4.000000,4.000000,7.000000,7.000000,96.000000,96.000000,96.000000,93.000000,93.000000,5.0,-16.1739,-14.6058,-46.0334,-47.6016,PENDING_AG03,FALSE,NOT_FOR_ENFORCEMENT,-59.7191,3388.0356,-62.2073,-59.7191,-2.4883,-0.01460013,-0.01401613,-2.4883,-59.7191,-0.01401613,-2.4883,-2.4883,-2.4883,-4.3545,-4.3545,-59.7191,-0.01401613,-16.1739,-14.6058,-46.0334,-47.6016,-0.01080410,-0.01117214,-0.00058401,58.3663,48.3453,-0.8522,-1.7280,-1.5173,118.3538,2.0278,33.5676,60.1897,25.1409,45.4675,81.9629,100.6329,149.5302,211.8339,40.5959,0.0,3.288729,4.659022,1.283693,12,36,22,2,0.03939177,-0.01460013,0.63868254,0E-8,0.000000,0.828308,0.000000,-0.68007191,2026-03-23,2026-08-06,36,41,41,137,0.262774,0.557697,0.575120,0.131306,,,,,,,,GLOBAL_BASELINE_NO_ENTITY_RANKING,,,NOT_APPLICABLE_GLOBAL_BASELINE,HF9g-P5,,,,X 全窗基线 · 不参与实体赏罚,3922427,393,A168_HF9F_20260827_0900,2026-08-27 09:00:00
2026-06-17,76032556,2233,0,217.1437248500,108.5718624250,108.5718624250,1.0000000,2,2,0.49324550000000000,0.493245500000,1.01360149184955,1.01360149184955,1.01360149184955,0E-17,ELIGIBLE,R03b_20260811_FULL_v1,L1_ELIGIBILITY,v2026-08-11,2026-03-21..2026-08-06,baccarat_bet02_101_all_pairs_incl_sentinel,round_win = game_pnl > 0 (decisive only),COMPATIBILITY_ONLY_NOT_PRODUCTION,4260.7382,3529.2038,-62.2073,73,73,0.01460013,-0.63868254,0.04138937,0.01460013,62.2073,4260.7382,OK,0.0000,-2.4883,4.0000,96.0000,AG03-UNRESOLVED,ALL5_LEVELS_bet23_to_bet27,-2.4883,-2.4883,-2.4883,-4.3545,-4.3545,4.000000,4.000000,4.000000,7.000000,7.000000,96.000000,96.000000,96.000000,93.000000,93.000000,5.0,-16.1739,-14.6058,-46.0334,-47.6016,PENDING_AG03,FALSE,NOT_FOR_ENFORCEMENT,-59.7191,3388.0356,-62.2073,-59.7191,-2.4883,-0.01460013,-0.01401613,-2.4883,-59.7191,-0.01401613,-2.4883,-2.4883,-2.4883,-4.3545,-4.3545,-59.7191,-0.01401613,-16.1739,-14.6058,-46.0334,-47.6016,-0.01080410,-0.01117214,-0.00058401,58.3663,48.3453,-0.8522,-1.7280,-1.5173,118.3538,2.0278,33.5676,60.1897,25.1409,45.4675,81.9629,100.6329,149.5302,211.8339,40.5959,0.0,3.288729,4.659022,1.283693,12,36,22,2,0.03939177,-0.01460013,0.63868254,0E-8,0.000000,0.828308,0.000000,-0.68007191,2026-03-23,2026-08-06,36,41,41,137,0.262774,0.557697,0.575120,0.131306,,,,,,,,GLOBAL_BASELINE_NO_ENTITY_RANKING,,,NOT_APPLICABLE_GLOBAL_BASELINE,HF9g-P5,,,,X 全窗基线 · 不参与实体赏罚,3922428,393,A168_HF9F_20260827_0900,2026-08-27 09:00:00
2026-06-18,76032556,1325,0,445.2964847013,-89.9134462075,-89.9134462075,0.3333333,5,5,0.50128862000000000,0.501288620000,-0.5818161120757372,-0.5818161120757372,-0.5818161120757372,0E-17,ELIGIBLE,R03b_20260811_FULL_v1,L1_ELIGIBILITY,v2026-08-11,2026-03-21..2026-08-06,baccarat_bet02_101_all_pairs_incl_sentinel,round_win = game_pnl > 0 (decisive only),COMPATIBILITY_ONLY_NOT_PRODUCTION,4260.7382,3529.2038,-62.2073,73,73,0.01460013,-0.63868254,0.04138937,0.01460013,62.2073,4260.7382,OK,0.0000,-2.4883,4.0000,96.0000,AG03-UNRESOLVED,ALL5_LEVELS_bet23_to_bet27,-2.4883,-2.4883,-2.4883,-4.3545,-4.3545,4.000000,4.000000,4.000000,7.000000,7.000000,96.000000,96.000000,96.000000,93.000000,93.000000,5.0,-16.1739,-14.6058,-46.0334,-47.6016,PENDING_AG03,FALSE,NOT_FOR_ENFORCEMENT,-59.7191,3388.0356,-62.2073,-59.7191,-2.4883,-0.01460013,-0.01401613,-2.4883,-59.7191,-0.01401613,-2.4883,-2.4883,-2.4883,-4.3545,-4.3545,-59.7191,-0.01401613,-16.1739,-14.6058,-46.0334,-47.6016,-0.01080410,-0.01117214,-0.00058401,58.3663,48.3453,-0.8522,-1.7280,-1.5173,118.3538,2.0278,33.5676,60.1897,25.1409,45.4675,81.9629,100.6329,149.5302,211.8339,40.5959,0.0,3.288729,4.659022,1.283693,12,36,22,2,0.03939177,-0.01460013,0.63868254,0E-8,0.000000,0.828308,0.000000,-0.68007191,2026-03-23,2026-08-06,36,41,41,137,0.262774,0.557697,0.575120,0.131306,,,,,,,,GLOBAL_BASELINE_NO_ENTITY_RANKING,,,NOT_APPLICABLE_GLOBAL_BASELINE,HF9g-P5,,,,X 全窗基线 · 不参与实体赏罚,3922429,393,A168_HF9F_20260827_0900,2026-08-27 09:00:00
2026-06-22,76032556,1109,0,154.1264900160,-77.0632450080,-77.0632450080,0E-7,2,2,0.49324550000000000,0.493245500000,-0.9865810262130424,-0.9865810262130424,-0.9865810262130424,0E-17,ELIGIBLE,R03b_20260811_FULL_v1,L1_ELIGIBILITY,v2026-08-11,2026-03-21..2026-08-06,baccarat_bet02_101_all_pairs_incl_sentinel,round_win = game_pnl > 0 (decisive only),COMPATIBILITY_ONLY_NOT_PRODUCTION,4260.7382,3529.2038,-62.2073,73,73,0.01460013,-0.63868254,0.04138937,0.01460013,62.2073,4260.7382,OK,0.0000,-2.4883,4.0000,96.0000,AG03-UNRESOLVED,ALL5_LEVELS_bet23_to_bet27,-2.4883,-2.4883,-2.4883,-4.3545,-4.3545,4.000000,4.000000,4.000000,7.000000,7.000000,96.000000,96.000000,96.000000,93.000000,93.000000,5.0,-16.1739,-14.6058,-46.0334,-47.6016,PENDING_AG03,FALSE,NOT_FOR_ENFORCEMENT,-59.7191,3388.0356,-62.2073,-59.7191,-2.4883,-0.01460013,-0.01401613,-2.4883,-59.7191,-0.01401613,-2.4883,-2.4883,-2.4883,-4.3545,-4.3545,-59.7191,-0.01401613,-16.1739,-14.6058,-46.0334,-47.6016,-0.01080410,-0.01117214,-0.00058401,58.3663,48.3453,-0.8522,-1.7280,-1.5173,118.3538,2.0278,33.5676,60.1897,25.1409,45.4675,81.9629,100.6329,149.5302,211.8339,40.5959,0.0,3.288729,4.659022,1.283693,12,36,22,2,0.03939177,-0.01460013,0.63868254,0E-8,0.000000,0.828308,0.000000,-0.68007191,2026-03-23,2026-08-06,36,41,41,137,0.262774,0.557697,0.575120,0.131306,,,,,,,,GLOBAL_BASELINE_NO_ENTITY_RANKING,,,NOT_APPLICABLE_GLOBAL_BASELINE,HF9g-P5,,,,X 全窗基线 · 不参与实体赏罚,3922430,393,A168_HF9F_20260827_0900,2026-08-27 09:00:00
2026-06-29,76032556,1994,0,84.2760610432,80.0622579910,80.0622579910,1.0000000,1,1,0.50665070000000000,0.506650700000,0.9867858985152569,0.9867858985152569,0.9867858985152569,0E-17,ELIGIBLE,R03b_20260811_FULL_v1,L1_ELIGIBILITY,v2026-08-11,2026-03-21..2026-08-06,baccarat_bet02_101_all_pairs_incl_sentinel,round_win = game_pnl > 0 (decisive only),COMPATIBILITY_ONLY_NOT_PRODUCTION,4260.7382,3529.2038,-62.2073,73,73,0.01460013,-0.63868254,0.04138937,0.01460013,62.2073,4260.7382,OK,0.0000,-2.4883,4.0000,96.0000,AG03-UNRESOLVED,ALL5_LEVELS_bet23_to_bet27,-2.4883,-2.4883,-2.4883,-4.3545,-4.3545,4.000000,4.000000,4.000000,7.000000,7.000000,96.000000,96.000000,96.000000,93.000000,93.000000,5.0,-16.1739,-14.6058,-46.0334,-47.6016,PENDING_AG03,FALSE,NOT_FOR_ENFORCEMENT,-59.7191,3388.0356,-62.2073,-59.7191,-2.4883,-0.01460013,-0.01401613,-2.4883,-59.7191,-0.01401613,-2.4883,-2.4883,-2.4883,-4.3545,-4.3545,-59.7191,-0.01401613,-16.1739,-14.6058,-46.0334,-47.6016,-0.01080410,-0.01117214,-0.00058401,58.3663,48.3453,-0.8522,-1.7280,-1.5173,118.3538,2.0278,33.5676,60.1897,25.1409,45.4675,81.9629,100.6329,149.5302,211.8339,40.5959,0.0,3.288729,4.659022,1.283693,12,36,22,2,0.03939177,-0.01460013,0.63868254,0E-8,0.000000,0.828308,0.000000,-0.68007191,2026-03-23,2026-08-06,36,41,41,137,0.262774,0.557697,0.575120,0.131306,,,,,,,,GLOBAL_BASELINE_NO_ENTITY_RANKING,,,NOT_APPLICABLE_GLOBAL_BASELINE,HF9g-P5,,,,X 全窗基线 · 不参与实体赏罚,3922431,393,A168_HF9F_20260827_0900,2026-08-27 09:00:00
2026-06-29,76032556,2093,0,43.2768962114,41.1130514008,41.1130514008,1.0000000,1,1,0.50665070000000000,0.506650700000,0.9867858985152569,0.9867858985152569,0.9867858985152569,0E-17,ELIGIBLE,R03b_20260811_FULL_v1,L1_ELIGIBILITY,v2026-08-11,2026-03-21..2026-08-06,baccarat_bet02_101_all_pairs_incl_sentinel,round_win = game_pnl > 0 (decisive only),COMPATIBILITY_ONLY_NOT_PRODUCTION,4260.7382,3529.2038,-62.2073,73,73,0.01460013,-0.63868254,0.04138937,0.01460013,62.2073,4260.7382,OK,0.0000,-2.4883,4.0000,96.0000,AG03-UNRESOLVED,ALL5_LEVELS_bet23_to_bet27,-2.4883,-2.4883,-2.4883,-4.3545,-4.3545,4.000000,4.000000,4.000000,7.000000,7.000000,96.000000,96.000000,96.000000,93.000000,93.000000,5.0,-16.1739,-14.6058,-46.0334,-47.6016,PENDING_AG03,FALSE,NOT_FOR_ENFORCEMENT,-59.7191,3388.0356,-62.2073,-59.7191,-2.4883,-0.01460013,-0.01401613,-2.4883,-59.7191,-0.01401613,-2.4883,-2.4883,-2.4883,-4.3545,-4.3545,-59.7191,-0.01401613,-16.1739,-14.6058,-46.0334,-47.6016,-0.01080410,-0.01117214,-0.00058401,58.3663,48.3453,-0.8522,-1.7280,-1.5173,118.3538,2.0278,33.5676,60.1897,25.1409,45.4675,81.9629,100.6329,149.5302,211.8339,40.5959,0.0,3.288729,4.659022,1.283693,12,36,22,2,0.03939177,-0.01460013,0.63868254,0E-8,0.000000,0.828308,0.000000,-0.68007191,2026-03-23,2026-08-06,36,41,41,137,0.262774,0.557697,0.575120,0.131306,,,,,,,,GLOBAL_BASELINE_NO_ENTITY_RANKING,,,NOT_APPLICABLE_GLOBAL_BASELINE,HF9g-P5,,,,X 全窗基线 · 不参与实体赏罚,3922432,393,A168_HF9F_20260827_0900,2026-08-27 09:00:00
2026-06-30,76032556,2246,0,37.5825677625,-12.5275225875,-12.5275225875,0.5000000,2,2,0.49324550000000000,0.493245500000,0.01910635448239258,0.01910635448239258,0.01910635448239258,0E-17,ELIGIBLE,R03b_20260811_FULL_v1,L1_ELIGIBILITY,v2026-08-11,2026-03-21..2026-08-06,baccarat_bet02_101_all_pairs_incl_sentinel,round_win = game_pnl > 0 (decisive only),COMPATIBILITY_ONLY_NOT_PRODUCTION,4260.7382,3529.2038,-62.2073,73,73,0.01460013,-0.63868254,0.04138937,0.01460013,62.2073,4260.7382,OK,0.0000,-2.4883,4.0000,96.0000,AG03-UNRESOLVED,ALL5_LEVELS_bet23_to_bet27,-2.4883,-2.4883,-2.4883,-4.3545,-4.3545,4.000000,4.000000,4.000000,7.000000,7.000000,96.000000,96.000000,96.000000,93.000000,93.000000,5.0,-16.1739,-14.6058,-46.0334,-47.6016,PENDING_AG03,FALSE,NOT_FOR_ENFORCEMENT,-59.7191,3388.0356,-62.2073,-59.7191,-2.4883,-0.01460013,-0.01401613,-2.4883,-59.7191,-0.01401613,-2.4883,-2.4883,-2.4883,-4.3545,-4.3545,-59.7191,-0.01401613,-16.1739,-14.6058,-46.0334,-47.6016,-0.01080410,-0.01117214,-0.00058401,58.3663,48.3453,-0.8522,-1.7280,-1.5173,118.3538,2.0278,33.5676,60.1897,25.1409,45.4675,81.9629,100.6329,149.5302,211.8339,40.5959,0.0,3.288729,4.659022,1.283693,12,36,22,2,0.03939177,-0.01460013,0.63868254,0E-8,0.000000,0.828308,0.000000,-0.68007191,2026-03-23,2026-08-06,36,41,41,137,0.262774,0.557697,0.575120,0.131306,,,,,,,,GLOBAL_BASELINE_NO_ENTITY_RANKING,,,NOT_APPLICABLE_GLOBAL_BASELINE,HF9g-P5,,,,X 全窗基线 · 不参与实体赏罚,3922433,393,A168_HF9F_20260827_0900,2026-08-27 09:00:00
2026-07-03,76032556,2196,0,31.4584596725,-31.4584596725,-31.4584596725,0E-7,1,1,0.49324550000000000,0.493245500000,-0.9865810262130424,-0.9865810262130424,-0.9865810262130424,0E-17,ELIGIBLE,R03b_20260811_FULL_v1,L1_ELIGIBILITY,v2026-08-11,2026-03-21..2026-08-06,baccarat_bet02_101_all_pairs_incl_sentinel,round_win = game_pnl > 0 (decisive only),COMPATIBILITY_ONLY_NOT_PRODUCTION,4260.7382,3529.2038,-62.2073,73,73,0.01460013,-0.63868254,0.04138937,0.01460013,62.2073,4260.7382,OK,0.0000,-2.4883,4.0000,96.0000,AG03-UNRESOLVED,ALL5_LEVELS_bet23_to_bet27,-2.4883,-2.4883,-2.4883,-4.3545,-4.3545,4.000000,4.000000,4.000000,7.000000,7.000000,96.000000,96.000000,96.000000,93.000000,93.000000,5.0,-16.1739,-14.6058,-46.0334,-47.6016,PENDING_AG03,FALSE,NOT_FOR_ENFORCEMENT,-59.7191,3388.0356,-62.2073,-59.7191,-2.4883,-0.01460013,-0.01401613,-2.4883,-59.7191,-0.01401613,-2.4883,-2.4883,-2.4883,-4.3545,-4.3545,-59.7191,-0.01401613,-16.1739,-14.6058,-46.0334,-47.6016,-0.01080410,-0.01117214,-0.00058401,58.3663,48.3453,-0.8522,-1.7280,-1.5173,118.3538,2.0278,33.5676,60.1897,25.1409,45.4675,81.9629,100.6329,149.5302,211.8339,40.5959,0.0,3.288729,4.659022,1.283693,12,36,22,2,0.03939177,-0.01460013,0.63868254,0E-8,0.000000,0.828308,0.000000,-0.68007191,2026-03-23,2026-08-06,36,41,41,137,0.262774,0.557697,0.575120,0.131306,,,,,,,,GLOBAL_BASELINE_NO_ENTITY_RANKING,,,NOT_APPLICABLE_GLOBAL_BASELINE,HF9g-P5,,,,X 全窗基线 · 不参与实体赏罚,3922434,393,A168_HF9F_20260827_0900,2026-08-27 09:00:00
2026-07-06,76032556,1402,0,43.5870224378,-43.5870224378,-43.5870224378,0E-7,1,1,0.50665070000000000,0.506650700000,-1.013391052207602,-1.013391052207602,-1.013391052207602,0E-17,ELIGIBLE,R03b_20260811_FULL_v1,L1_ELIGIBILITY,v2026-08-11,2026-03-21..2026-08-06,baccarat_bet02_101_all_pairs_incl_sentinel,round_win = game_pnl > 0 (decisive only),COMPATIBILITY_ONLY_NOT_PRODUCTION,4260.7382,3529.2038,-62.2073,73,73,0.01460013,-0.63868254,0.04138937,0.01460013,62.2073,4260.7382,OK,0.0000,-2.4883,4.0000,96.0000,AG03-UNRESOLVED,ALL5_LEVELS_bet23_to_bet27,-2.4883,-2.4883,-2.4883,-4.3545,-4.3545,4.000000,4.000000,4.000000,7.000000,7.000000,96.000000,96.000000,96.000000,93.000000,93.000000,5.0,-16.1739,-14.6058,-46.0334,-47.6016,PENDING_AG03,FALSE,NOT_FOR_ENFORCEMENT,-59.7191,3388.0356,-62.2073,-59.7191,-2.4883,-0.01460013,-0.01401613,-2.4883,-59.7191,-0.01401613,-2.4883,-2.4883,-2.4883,-4.3545,-4.3545,-59.7191,-0.01401613,-16.1739,-14.6058,-46.0334,-47.6016,-0.01080410,-0.01117214,-0.00058401,58.3663,48.3453,-0.8522,-1.7280,-1.5173,118.3538,2.0278,33.5676,60.1897,25.1409,45.4675,81.9629,100.6329,149.5302,211.8339,40.5959,0.0,3.288729,4.659022,1.283693,12,36,22,2,0.03939177,-0.01460013,0.63868254,0E-8,0.000000,0.828308,0.000000,-0.68007191,2026-03-23,2026-08-06,36,41,41,137,0.262774,0.557697,0.575120,0.131306,,,,,,,,GLOBAL_BASELINE_NO_ENTITY_RANKING,,,NOT_APPLICABLE_GLOBAL_BASELINE,HF9g-P5,,,,X 全窗基线 · 不参与实体赏罚,3922435,393,A168_HF9F_20260827_0900,2026-08-27 09:00:00
2026-07-06,76032556,1645,0,130.7610673135,125.1705579139,125.1705579139,1.0000000,3,3,0.50218230000000000,0.502182300000,1.724507524396475,1.7245075243964754,1.724507524396475,0E-17,ELIGIBLE,R03b_20260811_FULL_v1,L1_ELIGIBILITY,v2026-08-11,2026-03-21..2026-08-06,baccarat_bet02_101_all_pairs_incl_sentinel,round_win = game_pnl > 0 (decisive only),COMPATIBILITY_ONLY_NOT_PRODUCTION,4260.7382,3529.2038,-62.2073,73,73,0.01460013,-0.63868254,0.04138937,0.01460013,62.2073,4260.7382,OK,0.0000,-2.4883,4.0000,96.0000,AG03-UNRESOLVED,ALL5_LEVELS_bet23_to_bet27,-2.4883,-2.4883,-2.4883,-4.3545,-4.3545,4.000000,4.000000,4.000000,7.000000,7.000000,96.000000,96.000000,96.000000,93.000000,93.000000,5.0,-16.1739,-14.6058,-46.0334,-47.6016,PENDING_AG03,FALSE,NOT_FOR_ENFORCEMENT,-59.7191,3388.0356,-62.2073,-59.7191,-2.4883,-0.01460013,-0.01401613,-2.4883,-59.7191,-0.01401613,-2.4883,-2.4883,-2.4883,-4.3545,-4.3545,-59.7191,-0.01401613,-16.1739,-14.6058,-46.0334,-47.6016,-0.01080410,-0.01117214,-0.00058401,58.3663,48.3453,-0.8522,-1.7280,-1.5173,118.3538,2.0278,33.5676,60.1897,25.1409,45.4675,81.9629,100.6329,149.5302,211.8339,40.5959,0.0,3.288729,4.659022,1.283693,12,36,22,2,0.03939177,-0.01460013,0.63868254,0E-8,0.000000,0.828308,0.000000,-0.68007191,2026-03-23,2026-08-06,36,41,41,137,0.262774,0.557697,0.575120,0.131306,,,,,,,,GLOBAL_BASELINE_NO_ENTITY_RANKING,,,NOT_APPLICABLE_GLOBAL_BASELINE,HF9g-P5,,,,X 全窗基线 · 不参与实体赏罚,3922436,393,A168_HF9F_20260827_0900,2026-08-27 09:00:00
2026-07-07,76032556,2223,0,447.2407519709,-97.0285021225,-97.0285021225,0.5000000,3,3,0.49771390000000000,0.497713900000,0.006466134837551399,0.0064661348375514,0.006466134837551399,0E-17,ELIGIBLE,R03b_20260811_FULL_v1,L1_ELIGIBILITY,v2026-08-11,2026-03-21..2026-08-06,baccarat_bet02_101_all_pairs_incl_sentinel,round_win = game_pnl > 0 (decisive only),COMPATIBILITY_ONLY_NOT_PRODUCTION,4260.7382,3529.2038,-62.2073,73,73,0.01460013,-0.63868254,0.04138937,0.01460013,62.2073,4260.7382,OK,0.0000,-2.4883,4.0000,96.0000,AG03-UNRESOLVED,ALL5_LEVELS_bet23_to_bet27,-2.4883,-2.4883,-2.4883,-4.3545,-4.3545,4.000000,4.000000,4.000000,7.000000,7.000000,96.000000,96.000000,96.000000,93.000000,93.000000,5.0,-16.1739,-14.6058,-46.0334,-47.6016,PENDING_AG03,FALSE,NOT_FOR_ENFORCEMENT,-59.7191,3388.0356,-62.2073,-59.7191,-2.4883,-0.01460013,-0.01401613,-2.4883,-59.7191,-0.01401613,-2.4883,-2.4883,-2.4883,-4.3545,-4.3545,-59.7191,-0.01401613,-16.1739,-14.6058,-46.0334,-47.6016,-0.01080410,-0.01117214,-0.00058401,58.3663,48.3453,-0.8522,-1.7280,-1.5173,118.3538,2.0278,33.5676,60.1897,25.1409,45.4675,81.9629,100.6329,149.5302,211.8339,40.5959,0.0,3.288729,4.659022,1.283693,12,36,22,2,0.03939177,-0.01460013,0.63868254,0E-8,0.000000,0.828308,0.000000,-0.68007191,2026-03-23,2026-08-06,36,41,41,137,0.262774,0.557697,0.575120,0.131306,,,,,,,,GLOBAL_BASELINE_NO_ENTITY_RANKING,,,NOT_APPLICABLE_GLOBAL_BASELINE,HF9g-P5,,,,X 全窗基线 · 不参与实体赏罚,3922437,393,A168_HF9F_20260827_0900,2026-08-27 09:00:00
2026-07-20,76032556,2230,0,92.4802910855,-31.8374772589,-31.8374772589,0.5000000,2,2,0.49324550000000000,0.493245500000,0.01910635448239258,0.01910635448239258,0.01910635448239258,0E-17,ELIGIBLE,R03b_20260811_FULL_v1,L1_ELIGIBILITY,v2026-08-11,2026-03-21..2026-08-06,baccarat_bet02_101_all_pairs_incl_sentinel,round_win = game_pnl > 0 (decisive only),COMPATIBILITY_ONLY_NOT_PRODUCTION,4260.7382,3529.2038,-62.2073,73,73,0.01460013,-0.63868254,0.04138937,0.01460013,62.2073,4260.7382,OK,0.0000,-2.4883,4.0000,96.0000,AG03-UNRESOLVED,ALL5_LEVELS_bet23_to_bet27,-2.4883,-2.4883,-2.4883,-4.3545,-4.3545,4.000000,4.000000,4.000000,7.000000,7.000000,96.000000,96.000000,96.000000,93.000000,93.000000,5.0,-16.1739,-14.6058,-46.0334,-47.6016,PENDING_AG03,FALSE,NOT_FOR_ENFORCEMENT,-59.7191,3388.0356,-62.2073,-59.7191,-2.4883,-0.01460013,-0.01401613,-2.4883,-59.7191,-0.01401613,-2.4883,-2.4883,-2.4883,-4.3545,-4.3545,-59.7191,-0.01401613,-16.1739,-14.6058,-46.0334,-47.6016,-0.01080410,-0.01117214,-0.00058401,58.3663,48.3453,-0.8522,-1.7280,-1.5173,118.3538,2.0278,33.5676,60.1897,25.1409,45.4675,81.9629,100.6329,149.5302,211.8339,40.5959,0.0,3.288729,4.659022,1.283693,12,36,22,2,0.03939177,-0.01460013,0.63868254,0E-8,0.000000,0.828308,0.000000,-0.68007191,2026-03-23,2026-08-06,36,41,41,137,0.262774,0.557697,0.575120,0.131306,,,,,,,,GLOBAL_BASELINE_NO_ENTITY_RANKING,,,NOT_APPLICABLE_GLOBAL_BASELINE,HF9g-P5,,,,X 全窗基线 · 不参与实体赏罚,3922438,393,A168_HF9F_20260827_0900,2026-08-27 09:00:00
2026-07-25,76032556,550,0,30.3214069133,-30.3214069133,-30.3214069133,0E-7,1,1,0.49324550000000000,0.493245500000,-0.9865810262130424,-0.9865810262130424,-0.9865810262130424,0E-17,ELIGIBLE,R03b_20260811_FULL_v1,L1_ELIGIBILITY,v2026-08-11,2026-03-21..2026-08-06,baccarat_bet02_101_all_pairs_incl_sentinel,round_win = game_pnl > 0 (decisive only),COMPATIBILITY_ONLY_NOT_PRODUCTION,4260.7382,3529.2038,-62.2073,73,73,0.01460013,-0.63868254,0.04138937,0.01460013,62.2073,4260.7382,OK,0.0000,-2.4883,4.0000,96.0000,AG03-UNRESOLVED,ALL5_LEVELS_bet23_to_bet27,-2.4883,-2.4883,-2.4883,-4.3545,-4.3545,4.000000,4.000000,4.000000,7.000000,7.000000,96.000000,96.000000,96.000000,93.000000,93.000000,5.0,-16.1739,-14.6058,-46.0334,-47.6016,PENDING_AG03,FALSE,NOT_FOR_ENFORCEMENT,-59.7191,3388.0356,-62.2073,-59.7191,-2.4883,-0.01460013,-0.01401613,-2.4883,-59.7191,-0.01401613,-2.4883,-2.4883,-2.4883,-4.3545,-4.3545,-59.7191,-0.01401613,-16.1739,-14.6058,-46.0334,-47.6016,-0.01080410,-0.01117214,-0.00058401,58.3663,48.3453,-0.8522,-1.7280,-1.5173,118.3538,2.0278,33.5676,60.1897,25.1409,45.4675,81.9629,100.6329,149.5302,211.8339,40.5959,0.0,3.288729,4.659022,1.283693,12,36,22,2,0.03939177,-0.01460013,0.63868254,0E-8,0.000000,0.828308,0.000000,-0.68007191,2026-03-23,2026-08-06,36,41,41,137,0.262774,0.557697,0.575120,0.131306,,,,,,,,GLOBAL_BASELINE_NO_ENTITY_RANKING,,,NOT_APPLICABLE_GLOBAL_BASELINE,HF9g-P5,,,,X 全窗基线 · 不参与实体赏罚,3922439,393,A168_HF9F_20260827_0900,2026-08-27 09:00:00
2026-07-27,76032556,801,0,7.5803517283,-7.5803517283,-7.5803517283,0E-7,1,1,0.50665070000000000,0.506650700000,-1.013391052207602,-1.013391052207602,-1.013391052207602,0E-17,ELIGIBLE,R03b_20260811_FULL_v1,L1_ELIGIBILITY,v2026-08-11,2026-03-21..2026-08-06,baccarat_bet02_101_all_pairs_incl_sentinel,round_win = game_pnl > 0 (decisive only),COMPATIBILITY_ONLY_NOT_PRODUCTION,4260.7382,3529.2038,-62.2073,73,73,0.01460013,-0.63868254,0.04138937,0.01460013,62.2073,4260.7382,OK,0.0000,-2.4883,4.0000,96.0000,AG03-UNRESOLVED,ALL5_LEVELS_bet23_to_bet27,-2.4883,-2.4883,-2.4883,-4.3545,-4.3545,4.000000,4.000000,4.000000,7.000000,7.000000,96.000000,96.000000,96.000000,93.000000,93.000000,5.0,-16.1739,-14.6058,-46.0334,-47.6016,PENDING_AG03,FALSE,NOT_FOR_ENFORCEMENT,-59.7191,3388.0356,-62.2073,-59.7191,-2.4883,-0.01460013,-0.01401613,-2.4883,-59.7191,-0.01401613,-2.4883,-2.4883,-2.4883,-4.3545,-4.3545,-59.7191,-0.01401613,-16.1739,-14.6058,-46.0334,-47.6016,-0.01080410,-0.01117214,-0.00058401,58.3663,48.3453,-0.8522,-1.7280,-1.5173,118.3538,2.0278,33.5676,60.1897,25.1409,45.4675,81.9629,100.6329,149.5302,211.8339,40.5959,0.0,3.288729,4.659022,1.283693,12,36,22,2,0.03939177,-0.01460013,0.63868254,0E-8,0.000000,0.828308,0.000000,-0.68007191,2026-03-23,2026-08-06,36,41,41,137,0.262774,0.557697,0.575120,0.131306,,,,,,,,GLOBAL_BASELINE_NO_ENTITY_RANKING,,,NOT_APPLICABLE_GLOBAL_BASELINE,HF9g-P5,,,,X 全窗基线 · 不参与实体赏罚,3922440,393,A168_HF9F_20260827_0900,2026-08-27 09:00:00
2026-08-06,76032556,2123,0,37.4559892127,-37.4559892127,-37.4559892127,0E-7,1,1,0.49324550000000000,0.493245500000,-0.9865810262130424,-0.9865810262130424,-0.9865810262130424,0E-17,ELIGIBLE,R03b_20260811_FULL_v1,L1_ELIGIBILITY,v2026-08-11,2026-03-21..2026-08-06,baccarat_bet02_101_all_pairs_incl_sentinel,round_win = game_pnl > 0 (decisive only),COMPATIBILITY_ONLY_NOT_PRODUCTION,4260.7382,3529.2038,-62.2073,73,73,0.01460013,-0.63868254,0.04138937,0.01460013,62.2073,4260.7382,OK,0.0000,-2.4883,4.0000,96.0000,AG03-UNRESOLVED,ALL5_LEVELS_bet23_to_bet27,-2.4883,-2.4883,-2.4883,-4.3545,-4.3545,4.000000,4.000000,4.000000,7.000000,7.000000,96.000000,96.000000,96.000000,93.000000,93.000000,5.0,-16.1739,-14.6058,-46.0334,-47.6016,PENDING_AG03,FALSE,NOT_FOR_ENFORCEMENT,-59.7191,3388.0356,-62.2073,-59.7191,-2.4883,-0.01460013,-0.01401613,-2.4883,-59.7191,-0.01401613,-2.4883,-2.4883,-2.4883,-4.3545,-4.3545,-59.7191,-0.01401613,-16.1739,-14.6058,-46.0334,-47.6016,-0.01080410,-0.01117214,-0.00058401,58.3663,48.3453,-0.8522,-1.7280,-1.5173,118.3538,2.0278,33.5676,60.1897,25.1409,45.4675,81.9629,100.6329,149.5302,211.8339,40.5959,0.0,3.288729,4.659022,1.283693,12,36,22,2,0.03939177,-0.01460013,0.63868254,0E-8,0.000000,0.828308,0.000000,-0.68007191,2026-03-23,2026-08-06,36,41,41,137,0.262774,0.557697,0.575120,0.131306,,,,,,,,GLOBAL_BASELINE_NO_ENTITY_RANKING,,,NOT_APPLICABLE_GLOBAL_BASELINE,HF9g-P5,,,,X 全窗基线 · 不参与实体赏罚,3922441,393,A168_HF9F_20260827_0900,2026-08-27 09:00:00
2026-03-31,148038477,1256,0,17.7996492422,17.7996492422,17.7996492422,1.0000000,1,1,0.49324550000000000,0.493245500000,1.01360149184955,1.01360149184955,1.01360149184955,0E-17,ELIGIBLE,R03b_20260811_FULL_v1,L1_ELIGIBILITY,v2026-08-11,2026-03-21..2026-08-06,baccarat_bet02_101_all_pairs_incl_sentinel,round_win = game_pnl > 0 (decisive only),COMPATIBILITY_ONLY_NOT_PRODUCTION,63.8693,63.8693,-61.5658,3,3,0.96393443,,0.96393443,0.96393443,61.5658,63.8693,THIN_EXPOSURE,0.0000,-1.8470,3.0000,97.0000,AG03-UNRESOLVED,ALL5_LEVELS_bet23_to_bet27,-1.8470,-1.8470,-1.8470,-2.4626,-2.4626,3.000000,3.000000,3.000000,4.000000,4.000000,97.000000,97.000000,97.000000,96.000000,96.000000,5.0,-10.4662,-9.7816,-51.0997,-51.7842,PENDING_AG03,FALSE,NOT_FOR_ENFORCEMENT,-59.7189,61.9532,-61.5658,-59.7189,-1.8470,-0.96393443,-0.93501639,-1.8470,-59.7189,-0.93501639,-1.8470,-1.8470,-1.8470,-2.4626,-2.4626,-59.7189,-0.93501639,-10.4662,-9.7816,-51.0997,-51.7842,-0.80006557,-0.81078398,-0.02891803,21.2898,21.2898,-20.5219,-61.5658,-20.5219,63.8693,3.0000,,21.2898,12.3027,17.7997,31.1494,35.5993,35.5993,35.5993,17.7997,17.7997,2.0,2.0,1.196078,3,3,1,2,0E-8,-0.96393443,,0E-8,0.000000,1.000000,0.000000,,2026-03-31,2026-03-31,1,3,3,1,1.000000,,,0.000000,,,,,,,,GLOBAL_BASELINE_NO_ENTITY_RANKING,,,NOT_APPLICABLE_GLOBAL_BASELINE,HF9g-P5,,,,X 全窗基线 · 不参与实体赏罚,3922442,393,A168_HF9F_20260827_0900,2026-08-27 09:00:00
2026-03-31,148038477,1750,0,10.4703819072,9.9468628118,9.9468628118,1.0000000,1,1,0.50665070000000000,0.506650700000,0.9867858985152569,0.9867858985152569,0.9867858985152569,0E-17,ELIGIBLE,R03b_20260811_FULL_v1,L1_ELIGIBILITY,v2026-08-11,2026-03-21..2026-08-06,baccarat_bet02_101_all_pairs_incl_sentinel,round_win = game_pnl > 0 (decisive only),COMPATIBILITY_ONLY_NOT_PRODUCTION,63.8693,63.8693,-61.5658,3,3,0.96393443,,0.96393443,0.96393443,61.5658,63.8693,THIN_EXPOSURE,0.0000,-1.8470,3.0000,97.0000,AG03-UNRESOLVED,ALL5_LEVELS_bet23_to_bet27,-1.8470,-1.8470,-1.8470,-2.4626,-2.4626,3.000000,3.000000,3.000000,4.000000,4.000000,97.000000,97.000000,97.000000,96.000000,96.000000,5.0,-10.4662,-9.7816,-51.0997,-51.7842,PENDING_AG03,FALSE,NOT_FOR_ENFORCEMENT,-59.7189,61.9532,-61.5658,-59.7189,-1.8470,-0.96393443,-0.93501639,-1.8470,-59.7189,-0.93501639,-1.8470,-1.8470,-1.8470,-2.4626,-2.4626,-59.7189,-0.93501639,-10.4662,-9.7816,-51.0997,-51.7842,-0.80006557,-0.81078398,-0.02891803,21.2898,21.2898,-20.5219,-61.5658,-20.5219,63.8693,3.0000,,21.2898,12.3027,17.7997,31.1494,35.5993,35.5993,35.5993,17.7997,17.7997,2.0,2.0,1.196078,3,3,1,2,0E-8,-0.96393443,,0E-8,0.000000,1.000000,0.000000,,2026-03-31,2026-03-31,1,3,3,1,1.000000,,,0.000000,,,,,,,,GLOBAL_BASELINE_NO_ENTITY_RANKING,,,NOT_APPLICABLE_GLOBAL_BASELINE,HF9g-P5,,,,X 全窗基线 · 不参与实体赏罚,3922443,393,A168_HF9F_20260827_0900,2026-08-27 09:00:00
2026-03-31,148038477,2248,0,35.5992984844,33.8193335602,33.8193335602,1.0000000,1,1,0.50665070000000000,0.506650700000,0.9867858985152569,0.9867858985152569,0.9867858985152569,0E-17,ELIGIBLE,R03b_20260811_FULL_v1,L1_ELIGIBILITY,v2026-08-11,2026-03-21..2026-08-06,baccarat_bet02_101_all_pairs_incl_sentinel,round_win = game_pnl > 0 (decisive only),COMPATIBILITY_ONLY_NOT_PRODUCTION,63.8693,63.8693,-61.5658,3,3,0.96393443,,0.96393443,0.96393443,61.5658,63.8693,THIN_EXPOSURE,0.0000,-1.8470,3.0000,97.0000,AG03-UNRESOLVED,ALL5_LEVELS_bet23_to_bet27,-1.8470,-1.8470,-1.8470,-2.4626,-2.4626,3.000000,3.000000,3.000000,4.000000,4.000000,97.000000,97.000000,97.000000,96.000000,96.000000,5.0,-10.4662,-9.7816,-51.0997,-51.7842,PENDING_AG03,FALSE,NOT_FOR_ENFORCEMENT,-59.7189,61.9532,-61.5658,-59.7189,-1.8470,-0.96393443,-0.93501639,-1.8470,-59.7189,-0.93501639,-1.8470,-1.8470,-1.8470,-2.4626,-2.4626,-59.7189,-0.93501639,-10.4662,-9.7816,-51.0997,-51.7842,-0.80006557,-0.81078398,-0.02891803,21.2898,21.2898,-20.5219,-61.5658,-20.5219,63.8693,3.0000,,21.2898,12.3027,17.7997,31.1494,35.5993,35.5993,35.5993,17.7997,17.7997,2.0,2.0,1.196078,3,3,1,2,0E-8,-0.96393443,,0E-8,0.000000,1.000000,0.000000,,2026-03-31,2026-03-31,1,3,3,1,1.000000,,,0.000000,,,,,,,,GLOBAL_BASELINE_NO_ENTITY_RANKING,,,NOT_APPLICABLE_GLOBAL_BASELINE,HF9g-P5,,,,X 全窗基线 · 不参与实体赏罚,3922444,393,A168_HF9F_20260827_0900,2026-08-27 09:00:00
2026-04-02,148102216,-1,1,11.3618288000,-11.3618288000,-11.3618288000,0E-7,1,1,0.49324550000000000,0.493245500000,-0.9865810262130424,-0.9865810262130424,-0.9865810262130424,0E-17,SENTINEL_DEALER,R03b_20260811_FULL_v1,L1_ELIGIBILITY,v2026-08-11,2026-03-21..2026-08-06,baccarat_bet02_101_all_pairs_incl_sentinel,round_win = game_pnl > 0 (decisive only),COMPATIBILITY_ONLY_NOT_PRODUCTION,511.2823,494.2396,-62.2060,56,53,0.12166667,,0.12166667,0.12166667,62.2060,511.2823,OK,0.0000,-2.4882,4.0000,96.0000,AG03-UNRESOLVED,ALL5_LEVELS_bet23_to_bet27,-2.4882,-2.4882,-2.4882,-3.1103,-3.1103,4.000000,4.000000,4.000000,5.000000,5.000000,96.000000,96.000000,96.000000,95.000000,95.000000,5.0,-13.6853,-12.5361,-48.5207,-49.6699,PENDING_AG03,FALSE,NOT_FOR_ENFORCEMENT,-59.7178,474.4700,-62.2060,-59.7178,-2.4882,-0.12166667,-0.11680000,-2.4882,-59.7178,-0.11680000,-2.4882,-2.4882,-2.4882,-3.1103,-3.1103,-59.7178,-0.11680000,-13.6853,-12.5361,-48.5207,-49.6699,-0.09490000,-0.0971477,-0.00486667,9.1300,9.3253,-1.1737,-62.2060,-8.8866,511.2823,53.0000,,9.1300,5.6809,5.6809,5.6809,11.3618,30.6769,56.8091,5.6809,0.0,5.400002,10.0,1.607143,6,10,1,4,0E-8,-0.12166667,,0E-8,0.000000,0.966667,0.000000,,2026-04-02,2026-04-02,1,7,6,1,1.000000,,,0.000000,,,,,,,,GLOBAL_BASELINE_NO_ENTITY_RANKING,,,NOT_APPLICABLE_GLOBAL_BASELINE,HF9g-P5,,,,X 全窗基线 · 不参与实体赏罚,3922445,393,A168_HF9F_20260827_0900,2026-08-27 09:00:00
2026-04-02,148102216,1331,0,56.8091440000,-5.6809144000,-5.6809144000,0.4444444,10,10,0.49324550000000000,0.493245500000,-0.29283305455567077,-0.29283305455567077,-0.29283305455567077,0E-17,ELIGIBLE,R03b_20260811_FULL_v1,L1_ELIGIBILITY,v2026-08-11,2026-03-21..2026-08-06,baccarat_bet02_101_all_pairs_incl_sentinel,round_win = game_pnl > 0 (decisive only),COMPATIBILITY_ONLY_NOT_PRODUCTION,511.2823,494.2396,-62.2060,56,53,0.12166667,,0.12166667,0.12166667,62.2060,511.2823,OK,0.0000,-2.4882,4.0000,96.0000,AG03-UNRESOLVED,ALL5_LEVELS_bet23_to_bet27,-2.4882,-2.4882,-2.4882,-3.1103,-3.1103,4.000000,4.000000,4.000000,5.000000,5.000000,96.000000,96.000000,96.000000,95.000000,95.000000,5.0,-13.6853,-12.5361,-48.5207,-49.6699,PENDING_AG03,FALSE,NOT_FOR_ENFORCEMENT,-59.7178,474.4700,-62.2060,-59.7178,-2.4882,-0.12166667,-0.11680000,-2.4882,-59.7178,-0.11680000,-2.4882,-2.4882,-2.4882,-3.1103,-3.1103,-59.7178,-0.11680000,-13.6853,-12.5361,-48.5207,-49.6699,-0.09490000,-0.0971477,-0.00486667,9.1300,9.3253,-1.1737,-62.2060,-8.8866,511.2823,53.0000,,9.1300,5.6809,5.6809,5.6809,11.3618,30.6769,56.8091,5.6809,0.0,5.400002,10.0,1.607143,6,10,1,4,0E-8,-0.12166667,,0E-8,0.000000,0.966667,0.000000,,2026-04-02,2026-04-02,1,7,6,1,1.000000,,,0.000000,,,,,,,,GLOBAL_BASELINE_NO_ENTITY_RANKING,,,NOT_APPLICABLE_GLOBAL_BASELINE,HF9g-P5,,,,X 全窗基线 · 不参与实体赏罚,3922446,393,A168_HF9F_20260827_0900,2026-08-27 09:00:00
2026-04-02,148102216,1490,0,5.6809144000,-5.6809144000,-5.6809144000,0E-7,1,1,0.49324550000000000,0.493245500000,-0.9865810262130424,-0.9865810262130424,-0.9865810262130424,0E-17,ELIGIBLE,R03b_20260811_FULL_v1,L1_ELIGIBILITY,v2026-08-11,2026-03-21..2026-08-06,baccarat_bet02_101_all_pairs_incl_sentinel,round_win = game_pnl > 0 (decisive only),COMPATIBILITY_ONLY_NOT_PRODUCTION,511.2823,494.2396,-62.2060,56,53,0.12166667,,0.12166667,0.12166667,62.2060,511.2823,OK,0.0000,-2.4882,4.0000,96.0000,AG03-UNRESOLVED,ALL5_LEVELS_bet23_to_bet27,-2.4882,-2.4882,-2.4882,-3.1103,-3.1103,4.000000,4.000000,4.000000,5.000000,5.000000,96.000000,96.000000,96.000000,95.000000,95.000000,5.0,-13.6853,-12.5361,-48.5207,-49.6699,PENDING_AG03,FALSE,NOT_FOR_ENFORCEMENT,-59.7178,474.4700,-62.2060,-59.7178,-2.4882,-0.12166667,-0.11680000,-2.4882,-59.7178,-0.11680000,-2.4882,-2.4882,-2.4882,-3.1103,-3.1103,-59.7178,-0.11680000,-13.6853,-12.5361,-48.5207,-49.6699,-0.09490000,-0.0971477,-0.00486667,9.1300,9.3253,-1.1737,-62.2060,-8.8866,511.2823,53.0000,,9.1300,5.6809,5.6809,5.6809,11.3618,30.6769,56.8091,5.6809,0.0,5.400002,10.0,1.607143,6,10,1,4,0E-8,-0.12166667,,0E-8,0.000000,0.966667,0.000000,,2026-04-02,2026-04-02,1,7,6,1,1.000000,,,0.000000,,,,,,,,GLOBAL_BASELINE_NO_ENTITY_RANKING,,,NOT_APPLICABLE_GLOBAL_BASELINE,HF9g-P5,,,,X 全窗基线 · 不参与实体赏罚,3922447,393,A168_HF9F_20260827_0900,2026-08-27 09:00:00
2026-04-02,148102216,2141,0,5.6809144000,5.6809144000,5.6809144000,1.0000000,1,1,0.49324550000000000,0.493245500000,1.01360149184955,1.01360149184955,1.01360149184955,0E-17,ELIGIBLE,R03b_20260811_FULL_v1,L1_ELIGIBILITY,v2026-08-11,2026-03-21..2026-08-06,baccarat_bet02_101_all_pairs_incl_sentinel,round_win = game_pnl > 0 (decisive only),COMPATIBILITY_ONLY_NOT_PRODUCTION,511.2823,494.2396,-62.2060,56,53,0.12166667,,0.12166667,0.12166667,62.2060,511.2823,OK,0.0000,-2.4882,4.0000,96.0000,AG03-UNRESOLVED,ALL5_LEVELS_bet23_to_bet27,-2.4882,-2.4882,-2.4882,-3.1103,-3.1103,4.000000,4.000000,4.000000,5.000000,5.000000,96.000000,96.000000,96.000000,95.000000,95.000000,5.0,-13.6853,-12.5361,-48.5207,-49.6699,PENDING_AG03,FALSE,NOT_FOR_ENFORCEMENT,-59.7178,474.4700,-62.2060,-59.7178,-2.4882,-0.12166667,-0.11680000,-2.4882,-59.7178,-0.11680000,-2.4882,-2.4882,-2.4882,-3.1103,-3.1103,-59.7178,-0.11680000,-13.6853,-12.5361,-48.5207,-49.6699,-0.09490000,-0.0971477,-0.00486667,9.1300,9.3253,-1.1737,-62.2060,-8.8866,511.2823,53.0000,,9.1300,5.6809,5.6809,5.6809,11.3618,30.6769,56.8091,5.6809,0.0,5.400002,10.0,1.607143,6,10,1,4,0E-8,-0.12166667,,0E-8,0.000000,0.966667,0.000000,,2026-04-02,2026-04-02,1,7,6,1,1.000000,,,0.000000,,,,,,,,GLOBAL_BASELINE_NO_ENTITY_RANKING,,,NOT_APPLICABLE_GLOBAL_BASELINE,HF9g-P5,,,,X 全窗基线 · 不参与实体赏罚,3922448,393,A168_HF9F_20260827_0900,2026-08-27 09:00:00
2026-04-02,148102216,2142,0,62.4900584000,-5.6809144000,-5.6809144000,0.4444444,11,11,0.45822390909090909,0.458223909091,-0.08296688962606254,-0.08296688962660864,-0.08296688962606254,-9.091E-14,ELIGIBLE,R03b_20260811_FULL_v1,L1_ELIGIBILITY,v2026-08-11,2026-03-21..2026-08-06,baccarat_bet02_101_all_pairs_incl_sentinel,round_win = game_pnl > 0 (decisive only),COMPATIBILITY_ONLY_NOT_PRODUCTION,511.2823,494.2396,-62.2060,56,53,0.12166667,,0.12166667,0.12166667,62.2060,511.2823,OK,0.0000,-2.4882,4.0000,96.0000,AG03-UNRESOLVED,ALL5_LEVELS_bet23_to_bet27,-2.4882,-2.4882,-2.4882,-3.1103,-3.1103,4.000000,4.000000,4.000000,5.000000,5.000000,96.000000,96.000000,96.000000,95.000000,95.000000,5.0,-13.6853,-12.5361,-48.5207,-49.6699,PENDING_AG03,FALSE,NOT_FOR_ENFORCEMENT,-59.7178,474.4700,-62.2060,-59.7178,-2.4882,-0.12166667,-0.11680000,-2.4882,-59.7178,-0.11680000,-2.4882,-2.4882,-2.4882,-3.1103,-3.1103,-59.7178,-0.11680000,-13.6853,-12.5361,-48.5207,-49.6699,-0.09490000,-0.0971477,-0.00486667,9.1300,9.3253,-1.1737,-62.2060,-8.8866,511.2823,53.0000,,9.1300,5.6809,5.6809,5.6809,11.3618,30.6769,56.8091,5.6809,0.0,5.400002,10.0,1.607143,6,10,1,4,0E-8,-0.12166667,,0E-8,0.000000,0.966667,0.000000,,2026-04-02,2026-04-02,1,7,6,1,1.000000,,,0.000000,,,,,,,,GLOBAL_BASELINE_NO_ENTITY_RANKING,,,NOT_APPLICABLE_GLOBAL_BASELINE,HF9g-P5,,,,X 全窗基线 · 不参与实体赏罚,3922449,393,A168_HF9F_20260827_0900,2026-08-27 09:00:00
2026-04-02,148102216,2152,0,17.0427432000,73.8518871998,73.8518871998,1.0000000,2,2,0.28396590000000000,0.283965900000,2.245684570241855,2.245684570241855,2.245684570241855,0E-17,ELIGIBLE,R03b_20260811_FULL_v1,L1_ELIGIBILITY,v2026-08-11,2026-03-21..2026-08-06,baccarat_bet02_101_all_pairs_incl_sentinel,round_win = game_pnl > 0 (decisive only),COMPATIBILITY_ONLY_NOT_PRODUCTION,511.2823,494.2396,-62.2060,56,53,0.12166667,,0.12166667,0.12166667,62.2060,511.2823,OK,0.0000,-2.4882,4.0000,96.0000,AG03-UNRESOLVED,ALL5_LEVELS_bet23_to_bet27,-2.4882,-2.4882,-2.4882,-3.1103,-3.1103,4.000000,4.000000,4.000000,5.000000,5.000000,96.000000,96.000000,96.000000,95.000000,95.000000,5.0,-13.6853,-12.5361,-48.5207,-49.6699,PENDING_AG03,FALSE,NOT_FOR_ENFORCEMENT,-59.7178,474.4700,-62.2060,-59.7178,-2.4882,-0.12166667,-0.11680000,-2.4882,-59.7178,-0.11680000,-2.4882,-2.4882,-2.4882,-3.1103,-3.1103,-59.7178,-0.11680000,-13.6853,-12.5361,-48.5207,-49.6699,-0.09490000,-0.0971477,-0.00486667,9.1300,9.3253,-1.1737,-62.2060,-8.8866,511.2823,53.0000,,9.1300,5.6809,5.6809,5.6809,11.3618,30.6769,56.8091,5.6809,0.0,5.400002,10.0,1.607143,6,10,1,4,0E-8,-0.12166667,,0E-8,0.000000,0.966667,0.000000,,2026-04-02,2026-04-02,1,7,6,1,1.000000,,,0.000000,,,,,,,,GLOBAL_BASELINE_NO_ENTITY_RANKING,,,NOT_APPLICABLE_GLOBAL_BASELINE,HF9g-P5,,,,X 全窗基线 · 不参与实体赏罚,3922450,393,A168_HF9F_20260827_0900,2026-08-27 09:00:00
2026-04-02,148102216,2196,0,153.3846887995,28.4045719999,28.4045719999,0.6666667,4,3,0.47426251428566655,0.426805050000,0.6673923070827292,0.8399538622850082,0.6673923070827292,0.04745746428566655,ELIGIBLE,R03b_20260811_FULL_v1,L1_ELIGIBILITY,v2026-08-11,2026-03-21..2026-08-06,baccarat_bet02_101_all_pairs_incl_sentinel,round_win = game_pnl > 0 (decisive only),COMPATIBILITY_ONLY_NOT_PRODUCTION,511.2823,494.2396,-62.2060,56,53,0.12166667,,0.12166667,0.12166667,62.2060,511.2823,OK,0.0000,-2.4882,4.0000,96.0000,AG03-UNRESOLVED,ALL5_LEVELS_bet23_to_bet27,-2.4882,-2.4882,-2.4882,-3.1103,-3.1103,4.000000,4.000000,4.000000,5.000000,5.000000,96.000000,96.000000,96.000000,95.000000,95.000000,5.0,-13.6853,-12.5361,-48.5207,-49.6699,PENDING_AG03,FALSE,NOT_FOR_ENFORCEMENT,-59.7178,474.4700,-62.2060,-59.7178,-2.4882,-0.12166667,-0.11680000,-2.4882,-59.7178,-0.11680000,-2.4882,-2.4882,-2.4882,-3.1103,-3.1103,-59.7178,-0.11680000,-13.6853,-12.5361,-48.5207,-49.6699,-0.09490000,-0.0971477,-0.00486667,9.1300,9.3253,-1.1737,-62.2060,-8.8866,511.2823,53.0000,,9.1300,5.6809,5.6809,5.6809,11.3618,30.6769,56.8091,5.6809,0.0,5.400002,10.0,1.607143,6,10,1,4,0E-8,-0.12166667,,0E-8,0.000000,0.966667,0.000000,,2026-04-02,2026-04-02,1,7,6,1,1.000000,,,0.000000,,,,,,,,GLOBAL_BASELINE_NO_ENTITY_RANKING,,,NOT_APPLICABLE_GLOBAL_BASELINE,HF9g-P5,,,,X 全窗基线 · 不参与实体赏罚,3922451,393,A168_HF9F_20260827_0900,2026-08-27 09:00:00
2026-04-02,148102216,2218,0,181.7892607999,-11.6458745199,-11.6458745199,0.5909091,24,22,0.47952073181818182,0.476500711364,1.0457930101601738,1.074433028390505,1.0457930101601738,0.00302002045418182,ELIGIBLE,R03b_20260811_FULL_v1,L1_ELIGIBILITY,v2026-08-11,2026-03-21..2026-08-06,baccarat_bet02_101_all_pairs_incl_sentinel,round_win = game_pnl > 0 (decisive only),COMPATIBILITY_ONLY_NOT_PRODUCTION,511.2823,494.2396,-62.2060,56,53,0.12166667,,0.12166667,0.12166667,62.2060,511.2823,OK,0.0000,-2.4882,4.0000,96.0000,AG03-UNRESOLVED,ALL5_LEVELS_bet23_to_bet27,-2.4882,-2.4882,-2.4882,-3.1103,-3.1103,4.000000,4.000000,4.000000,5.000000,5.000000,96.000000,96.000000,96.000000,95.000000,95.000000,5.0,-13.6853,-12.5361,-48.5207,-49.6699,PENDING_AG03,FALSE,NOT_FOR_ENFORCEMENT,-59.7178,474.4700,-62.2060,-59.7178,-2.4882,-0.12166667,-0.11680000,-2.4882,-59.7178,-0.11680000,-2.4882,-2.4882,-2.4882,-3.1103,-3.1103,-59.7178,-0.11680000,-13.6853,-12.5361,-48.5207,-49.6699,-0.09490000,-0.0971477,-0.00486667,9.1300,9.3253,-1.1737,-62.2060,-8.8866,511.2823,53.0000,,9.1300,5.6809,5.6809,5.6809,11.3618,30.6769,56.8091,5.6809,0.0,5.400002,10.0,1.607143,6,10,1,4,0E-8,-0.12166667,,0E-8,0.000000,0.966667,0.000000,,2026-04-02,2026-04-02,1,7,6,1,1.000000,,,0.000000,,,,,,,,GLOBAL_BASELINE_NO_ENTITY_RANKING,,,NOT_APPLICABLE_GLOBAL_BASELINE,HF9g-P5,,,,X 全窗基线 · 不参与实体赏罚,3922452,393,A168_HF9F_20260827_0900,2026-08-27 09:00:00
2026-04-02,148102216,2220,0,5.6809144000,5.6809144000,5.6809144000,1.0000000,1,1,0.49324550000000000,0.493245500000,1.01360149184955,1.01360149184955,1.01360149184955,0E-17,ELIGIBLE,R03b_20260811_FULL_v1,L1_ELIGIBILITY,v2026-08-11,2026-03-21..2026-08-06,baccarat_bet02_101_all_pairs_incl_sentinel,round_win = game_pnl > 0 (decisive only),COMPATIBILITY_ONLY_NOT_PRODUCTION,511.2823,494.2396,-62.2060,56,53,0.12166667,,0.12166667,0.12166667,62.2060,511.2823,OK,0.0000,-2.4882,4.0000,96.0000,AG03-UNRESOLVED,ALL5_LEVELS_bet23_to_bet27,-2.4882,-2.4882,-2.4882,-3.1103,-3.1103,4.000000,4.000000,4.000000,5.000000,5.000000,96.000000,96.000000,96.000000,95.000000,95.000000,5.0,-13.6853,-12.5361,-48.5207,-49.6699,PENDING_AG03,FALSE,NOT_FOR_ENFORCEMENT,-59.7178,474.4700,-62.2060,-59.7178,-2.4882,-0.12166667,-0.11680000,-2.4882,-59.7178,-0.11680000,-2.4882,-2.4882,-2.4882,-3.1103,-3.1103,-59.7178,-0.11680000,-13.6853,-12.5361,-48.5207,-49.6699,-0.09490000,-0.0971477,-0.00486667,9.1300,9.3253,-1.1737,-62.2060,-8.8866,511.2823,53.0000,,9.1300,5.6809,5.6809,5.6809,11.3618,30.6769,56.8091,5.6809,0.0,5.400002,10.0,1.607143,6,10,1,4,0E-8,-0.12166667,,0E-8,0.000000,0.966667,0.000000,,2026-04-02,2026-04-02,1,7,6,1,1.000000,,,0.000000,,,,,,,,GLOBAL_BASELINE_NO_ENTITY_RANKING,,,NOT_APPLICABLE_GLOBAL_BASELINE,HF9g-P5,,,,X 全窗基线 · 不参与实体赏罚,3922453,393,A168_HF9F_20260827_0900,2026-08-27 09:00:00
2026-04-02,148102216,752,0,11.3618288000,-11.3618288000,-11.3618288000,0E-7,1,1,0.49324550000000000,0.493245500000,-0.9865810262130424,-0.9865810262130424,-0.9865810262130424,0E-17,ELIGIBLE,R03b_20260811_FULL_v1,L1_ELIGIBILITY,v2026-08-11,2026-03-21..2026-08-06,baccarat_bet02_101_all_pairs_incl_sentinel,round_win = game_pnl > 0 (decisive only),COMPATIBILITY_ONLY_NOT_PRODUCTION,511.2823,494.2396,-62.2060,56,53,0.12166667,,0.12166667,0.12166667,62.2060,511.2823,OK,0.0000,-2.4882,4.0000,96.0000,AG03-UNRESOLVED,ALL5_LEVELS_bet23_to_bet27,-2.4882,-2.4882,-2.4882,-3.1103,-3.1103,4.000000,4.000000,4.000000,5.000000,5.000000,96.000000,96.000000,96.000000,95.000000,95.000000,5.0,-13.6853,-12.5361,-48.5207,-49.6699,PENDING_AG03,FALSE,NOT_FOR_ENFORCEMENT,-59.7178,474.4700,-62.2060,-59.7178,-2.4882,-0.12166667,-0.11680000,-2.4882,-59.7178,-0.11680000,-2.4882,-2.4882,-2.4882,-3.1103,-3.1103,-59.7178,-0.11680000,-13.6853,-12.5361,-48.5207,-49.6699,-0.09490000,-0.0971477,-0.00486667,9.1300,9.3253,-1.1737,-62.2060,-8.8866,511.2823,53.0000,,9.1300,5.6809,5.6809,5.6809,11.3618,30.6769,56.8091,5.6809,0.0,5.400002,10.0,1.607143,6,10,1,4,0E-8,-0.12166667,,0E-8,0.000000,0.966667,0.000000,,2026-04-02,2026-04-02,1,7,6,1,1.000000,,,0.000000,,,,,,,,GLOBAL_BASELINE_NO_ENTITY_RANKING,,,NOT_APPLICABLE_GLOBAL_BASELINE,HF9g-P5,,,,X 全窗基线 · 不参与实体赏罚,3922454,393,A168_HF9F_20260827_0900,2026-08-27 09:00:00
2026-04-03,24073718,2232,0,6.9571817089,-6.9571817089,-6.9571817089,0E-7,2,1,0.36850065151425500,0.287416500000,-0.7638932572439737,-0.6350939377956173,-0.7638932572439737,0.08108415151425500,ELIGIBLE,R03b_20260811_FULL_v1,L1_ELIGIBILITY,v2026-08-11,2026-03-21..2026-08-06,baccarat_bet02_101_all_pairs_incl_sentinel,round_win = game_pnl > 0 (decisive only),COMPATIBILITY_ONLY_NOT_PRODUCTION,1545.2809,1444.8638,-62.2029,202,85,0.04025344,-0.00969557,0.07351286,0.04025344,62.2029,1545.2809,OK,0.0000,-2.4881,4.0000,96.0000,AG03-UNRESOLVED,ALL5_LEVELS_bet23_to_bet27,-2.4881,-2.4881,-2.4881,-3.7322,-3.7322,4.000000,4.000000,4.000000,6.000000,6.000000,96.000000,96.000000,96.000000,94.000000,94.000000,5.0,-14.9287,-13.5756,-47.2742,-48.6273,PENDING_AG03,FALSE,NOT_FOR_ENFORCEMENT,-59.7148,1387.0692,-62.2029,-59.7148,-2.4881,-0.04025344,-0.03864331,-2.4881,-59.7148,-0.03864331,-2.4881,-2.4881,-2.4881,-3.7322,-3.7322,-59.7148,-0.03864331,-14.9287,-13.5756,-47.2742,-48.6273,-0.03059262,-0.03146824,-0.00161014,7.6499,16.9984,-0.7318,-4.4431,-1.1736,110.3772,6.0714,6.5709,8.5890,2.0771,4.0878,10.2195,20.7715,27.3883,38.3025,3.7812,-2.0771,6.699997,9.369947,1.871396,27,36,17,5,0.39971210,-0.04025344,0.00969557,0E-8,0.000000,0.935017,0.024753,-0.08320842,2026-04-03,2026-07-25,14,53,52,114,0.122807,0.765039,0.858956,1.332374,,,,,,,,GLOBAL_BASELINE_NO_ENTITY_RANKING,,,NOT_APPLICABLE_GLOBAL_BASELINE,HF9g-P5,,,,X 全窗基线 · 不参与实体赏罚,3922455,393,A168_HF9F_20260827_0900,2026-08-27 09:00:00
2026-04-11,24073718,-1,1,22.7689583202,-22.7689583202,-22.7689583202,0E-7,3,1,0.38010117592592593,0.223145266667,-0.7830494707023015,-0.535949575687865,-0.7830494707023015,0.15695590925892593,SENTINEL_DEALER,R03b_20260811_FULL_v1,L1_ELIGIBILITY,v2026-08-11,2026-03-21..2026-08-06,baccarat_bet02_101_all_pairs_incl_sentinel,round_win = game_pnl > 0 (decisive only),COMPATIBILITY_ONLY_NOT_PRODUCTION,1545.2809,1444.8638,-62.2029,202,85,0.04025344,-0.00969557,0.07351286,0.04025344,62.2029,1545.2809,OK,0.0000,-2.4881,4.0000,96.0000,AG03-UNRESOLVED,ALL5_LEVELS_bet23_to_bet27,-2.4881,-2.4881,-2.4881,-3.7322,-3.7322,4.000000,4.000000,4.000000,6.000000,6.000000,96.000000,96.000000,96.000000,94.000000,94.000000,5.0,-14.9287,-13.5756,-47.2742,-48.6273,PENDING_AG03,FALSE,NOT_FOR_ENFORCEMENT,-59.7148,1387.0692,-62.2029,-59.7148,-2.4881,-0.04025344,-0.03864331,-2.4881,-59.7148,-0.03864331,-2.4881,-2.4881,-2.4881,-3.7322,-3.7322,-59.7148,-0.03864331,-14.9287,-13.5756,-47.2742,-48.6273,-0.03059262,-0.03146824,-0.00161014,7.6499,16.9984,-0.7318,-4.4431,-1.1736,110.3772,6.0714,6.5709,8.5890,2.0771,4.0878,10.2195,20.7715,27.3883,38.3025,3.7812,-2.0771,6.699997,9.369947,1.871396,27,36,17,5,0.39971210,-0.04025344,0.00969557,0E-8,0.000000,0.935017,0.024753,-0.08320842,2026-04-03,2026-07-25,14,53,52,114,0.122807,0.765039,0.858956,1.332374,,,,,,,,GLOBAL_BASELINE_NO_ENTITY_RANKING,,,NOT_APPLICABLE_GLOBAL_BASELINE,HF9g-P5,,,,X 全窗基线 · 不参与实体赏罚,3922456,393,A168_HF9F_20260827_0900,2026-08-27 09:00:00
2026-04-11,24073718,1109,0,40.0565007484,-40.0565007484,-40.0565007484,0E-7,4,1,0.40579061578925536,0.180749300000,-0.8263827566602883,-0.46971010292323057,-0.8263827566602883,0.22504131578925536,ELIGIBLE,R03b_20260811_FULL_v1,L1_ELIGIBILITY,v2026-08-11,2026-03-21..2026-08-06,baccarat_bet02_101_all_pairs_incl_sentinel,round_win = game_pnl > 0 (decisive only),COMPATIBILITY_ONLY_NOT_PRODUCTION,1545.2809,1444.8638,-62.2029,202,85,0.04025344,-0.00969557,0.07351286,0.04025344,62.2029,1545.2809,OK,0.0000,-2.4881,4.0000,96.0000,AG03-UNRESOLVED,ALL5_LEVELS_bet23_to_bet27,-2.4881,-2.4881,-2.4881,-3.7322,-3.7322,4.000000,4.000000,4.000000,6.000000,6.000000,96.000000,96.000000,96.000000,94.000000,94.000000,5.0,-14.9287,-13.5756,-47.2742,-48.6273,PENDING_AG03,FALSE,NOT_FOR_ENFORCEMENT,-59.7148,1387.0692,-62.2029,-59.7148,-2.4881,-0.04025344,-0.03864331,-2.4881,-59.7148,-0.03864331,-2.4881,-2.4881,-2.4881,-3.7322,-3.7322,-59.7148,-0.03864331,-14.9287,-13.5756,-47.2742,-48.6273,-0.03059262,-0.03146824,-0.00161014,7.6499,16.9984,-0.7318,-4.4431,-1.1736,110.3772,6.0714,6.5709,8.5890,2.0771,4.0878,10.2195,20.7715,27.3883,38.3025,3.7812,-2.0771,6.699997,9.369947,1.871396,27,36,17,5,0.39971210,-0.04025344,0.00969557,0E-8,0.000000,0.935017,0.024753,-0.08320842,2026-04-03,2026-07-25,14,53,52,114,0.122807,0.765039,0.858956,1.332374,,,,,,,,GLOBAL_BASELINE_NO_ENTITY_RANKING,,,NOT_APPLICABLE_GLOBAL_BASELINE,HF9g-P5,,,,X 全窗基线 · 不参与实体赏罚,3922457,393,A168_HF9F_20260827_0900,2026-08-27 09:00:00
2026-05-29,24073718,2115,0,37.8111542905,-37.8111542905,-37.8111542905,0E-7,3,1,0.43341589444463813,0.218271633333,-0.8746216499410882,-0.5284096173047961,-0.8746216499410882,0.21514426111163813,ELIGIBLE,R03b_20260811_FULL_v1,L1_ELIGIBILITY,v2026-08-11,2026-03-21..2026-08-06,baccarat_bet02_101_all_pairs_incl_sentinel,round_win = game_pnl > 0 (decisive only),COMPATIBILITY_ONLY_NOT_PRODUCTION,1545.2809,1444.8638,-62.2029,202,85,0.04025344,-0.00969557,0.07351286,0.04025344,62.2029,1545.2809,OK,0.0000,-2.4881,4.0000,96.0000,AG03-UNRESOLVED,ALL5_LEVELS_bet23_to_bet27,-2.4881,-2.4881,-2.4881,-3.7322,-3.7322,4.000000,4.000000,4.000000,6.000000,6.000000,96.000000,96.000000,96.000000,94.000000,94.000000,5.0,-14.9287,-13.5756,-47.2742,-48.6273,PENDING_AG03,FALSE,NOT_FOR_ENFORCEMENT,-59.7148,1387.0692,-62.2029,-59.7148,-2.4881,-0.04025344,-0.03864331,-2.4881,-59.7148,-0.03864331,-2.4881,-2.4881,-2.4881,-3.7322,-3.7322,-59.7148,-0.03864331,-14.9287,-13.5756,-47.2742,-48.6273,-0.03059262,-0.03146824,-0.00161014,7.6499,16.9984,-0.7318,-4.4431,-1.1736,110.3772,6.0714,6.5709,8.5890,2.0771,4.0878,10.2195,20.7715,27.3883,38.3025,3.7812,-2.0771,6.699997,9.369947,1.871396,27,36,17,5,0.39971210,-0.04025344,0.00969557,0E-8,0.000000,0.935017,0.024753,-0.08320842,2026-04-03,2026-07-25,14,53,52,114,0.122807,0.765039,0.858956,1.332374,,,,,,,,GLOBAL_BASELINE_NO_ENTITY_RANKING,,,NOT_APPLICABLE_GLOBAL_BASELINE,HF9g-P5,,,,X 全窗基线 · 不参与实体赏罚,3922458,393,A168_HF9F_20260827_0900,2026-08-27 09:00:00
2026-05-29,24073718,772,0,8.1924167629,-2.7308055877,-2.7308055877,0.5000000,2,2,0.49994810000000000,0.499948100000,0.00014679536856514622,0.00014679536856514622,0.00014679536856514622,0E-17,ELIGIBLE,R03b_20260811_FULL_v1,L1_ELIGIBILITY,v2026-08-11,2026-03-21..2026-08-06,baccarat_bet02_101_all_pairs_incl_sentinel,round_win = game_pnl > 0 (decisive only),COMPATIBILITY_ONLY_NOT_PRODUCTION,1545.2809,1444.8638,-62.2029,202,85,0.04025344,-0.00969557,0.07351286,0.04025344,62.2029,1545.2809,OK,0.0000,-2.4881,4.0000,96.0000,AG03-UNRESOLVED,ALL5_LEVELS_bet23_to_bet27,-2.4881,-2.4881,-2.4881,-3.7322,-3.7322,4.000000,4.000000,4.000000,6.000000,6.000000,96.000000,96.000000,96.000000,94.000000,94.000000,5.0,-14.9287,-13.5756,-47.2742,-48.6273,PENDING_AG03,FALSE,NOT_FOR_ENFORCEMENT,-59.7148,1387.0692,-62.2029,-59.7148,-2.4881,-0.04025344,-0.03864331,-2.4881,-59.7148,-0.03864331,-2.4881,-2.4881,-2.4881,-3.7322,-3.7322,-59.7148,-0.03864331,-14.9287,-13.5756,-47.2742,-48.6273,-0.03059262,-0.03146824,-0.00161014,7.6499,16.9984,-0.7318,-4.4431,-1.1736,110.3772,6.0714,6.5709,8.5890,2.0771,4.0878,10.2195,20.7715,27.3883,38.3025,3.7812,-2.0771,6.699997,9.369947,1.871396,27,36,17,5,0.39971210,-0.04025344,0.00969557,0E-8,0.000000,0.935017,0.024753,-0.08320842,2026-04-03,2026-07-25,14,53,52,114,0.122807,0.765039,0.858956,1.332374,,,,,,,,GLOBAL_BASELINE_NO_ENTITY_RANKING,,,NOT_APPLICABLE_GLOBAL_BASELINE,HF9g-P5,,,,X 全窗基线 · 不参与实体赏罚,3922459,393,A168_HF9F_20260827_0900,2026-08-27 09:00:00
2026-06-14,24073718,-1,1,258.6045738739,-3.7388613094,-3.7388613094,0.6250000,22,8,0.41407151774202660,0.235066200000,1.2112122015411844,2.6009311527831724,1.2112122015411844,0.17900531774202660,SENTINEL_DEALER,R03b_20260811_FULL_v1,L1_ELIGIBILITY,v2026-08-11,2026-03-21..2026-08-06,baccarat_bet02_101_all_pairs_incl_sentinel,round_win = game_pnl > 0 (decisive only),COMPATIBILITY_ONLY_NOT_PRODUCTION,1545.2809,1444.8638,-62.2029,202,85,0.04025344,-0.00969557,0.07351286,0.04025344,62.2029,1545.2809,OK,0.0000,-2.4881,4.0000,96.0000,AG03-UNRESOLVED,ALL5_LEVELS_bet23_to_bet27,-2.4881,-2.4881,-2.4881,-3.7322,-3.7322,4.000000,4.000000,4.000000,6.000000,6.000000,96.000000,96.000000,96.000000,94.000000,94.000000,5.0,-14.9287,-13.5756,-47.2742,-48.6273,PENDING_AG03,FALSE,NOT_FOR_ENFORCEMENT,-59.7148,1387.0692,-62.2029,-59.7148,-2.4881,-0.04025344,-0.03864331,-2.4881,-59.7148,-0.03864331,-2.4881,-2.4881,-2.4881,-3.7322,-3.7322,-59.7148,-0.03864331,-14.9287,-13.5756,-47.2742,-48.6273,-0.03059262,-0.03146824,-0.00161014,7.6499,16.9984,-0.7318,-4.4431,-1.1736,110.3772,6.0714,6.5709,8.5890,2.0771,4.0878,10.2195,20.7715,27.3883,38.3025,3.7812,-2.0771,6.699997,9.369947,1.871396,27,36,17,5,0.39971210,-0.04025344,0.00969557,0E-8,0.000000,0.935017,0.024753,-0.08320842,2026-04-03,2026-07-25,14,53,52,114,0.122807,0.765039,0.858956,1.332374,,,,,,,,GLOBAL_BASELINE_NO_ENTITY_RANKING,,,NOT_APPLICABLE_GLOBAL_BASELINE,HF9g-P5,,,,X 全窗基线 · 不参与实体赏罚,3922460,393,A168_HF9F_20260827_0900,2026-08-27 09:00:00
2026-06-14,24073718,1017,0,47.7743389486,35.3114679184,35.3114679184,1.0000000,3,1,0.44011686086900918,0.223145266667,1.1278846629025367,1.8658471717540757,1.1278846629025367,0.21697159420200918,ELIGIBLE,R03b_20260811_FULL_v1,L1_ELIGIBILITY,v2026-08-11,2026-03-21..2026-08-06,baccarat_bet02_101_all_pairs_incl_sentinel,round_win = game_pnl > 0 (decisive only),COMPATIBILITY_ONLY_NOT_PRODUCTION,1545.2809,1444.8638,-62.2029,202,85,0.04025344,-0.00969557,0.07351286,0.04025344,62.2029,1545.2809,OK,0.0000,-2.4881,4.0000,96.0000,AG03-UNRESOLVED,ALL5_LEVELS_bet23_to_bet27,-2.4881,-2.4881,-2.4881,-3.7322,-3.7322,4.000000,4.000000,4.000000,6.000000,6.000000,96.000000,96.000000,96.000000,94.000000,94.000000,5.0,-14.9287,-13.5756,-47.2742,-48.6273,PENDING_AG03,FALSE,NOT_FOR_ENFORCEMENT,-59.7148,1387.0692,-62.2029,-59.7148,-2.4881,-0.04025344,-0.03864331,-2.4881,-59.7148,-0.03864331,-2.4881,-2.4881,-2.4881,-3.7322,-3.7322,-59.7148,-0.03864331,-14.9287,-13.5756,-47.2742,-48.6273,-0.03059262,-0.03146824,-0.00161014,7.6499,16.9984,-0.7318,-4.4431,-1.1736,110.3772,6.0714,6.5709,8.5890,2.0771,4.0878,10.2195,20.7715,27.3883,38.3025,3.7812,-2.0771,6.699997,9.369947,1.871396,27,36,17,5,0.39971210,-0.04025344,0.00969557,0E-8,0.000000,0.935017,0.024753,-0.08320842,2026-04-03,2026-07-25,14,53,52,114,0.122807,0.765039,0.858956,1.332374,,,,,,,,GLOBAL_BASELINE_NO_ENTITY_RANKING,,,NOT_APPLICABLE_GLOBAL_BASELINE,HF9g-P5,,,,X 全窗基线 · 不参与实体赏罚,3922461,393,A168_HF9F_20260827_0900,2026-08-27 09:00:00
2026-06-14,24073718,1401,0,30.3263195065,15.3708742703,15.3708742703,1.0000000,3,1,0.39263224657455229,0.223145266667,1.2437493957117567,1.8658471717540757,1.2437493957117567,0.16948697990755229,ELIGIBLE,R03b_20260811_FULL_v1,L1_ELIGIBILITY,v2026-08-11,2026-03-21..2026-08-06,baccarat_bet02_101_all_pairs_incl_sentinel,round_win = game_pnl > 0 (decisive only),COMPATIBILITY_ONLY_NOT_PRODUCTION,1545.2809,1444.8638,-62.2029,202,85,0.04025344,-0.00969557,0.07351286,0.04025344,62.2029,1545.2809,OK,0.0000,-2.4881,4.0000,96.0000,AG03-UNRESOLVED,ALL5_LEVELS_bet23_to_bet27,-2.4881,-2.4881,-2.4881,-3.7322,-3.7322,4.000000,4.000000,4.000000,6.000000,6.000000,96.000000,96.000000,96.000000,94.000000,94.000000,5.0,-14.9287,-13.5756,-47.2742,-48.6273,PENDING_AG03,FALSE,NOT_FOR_ENFORCEMENT,-59.7148,1387.0692,-62.2029,-59.7148,-2.4881,-0.04025344,-0.03864331,-2.4881,-59.7148,-0.03864331,-2.4881,-2.4881,-2.4881,-3.7322,-3.7322,-59.7148,-0.03864331,-14.9287,-13.5756,-47.2742,-48.6273,-0.03059262,-0.03146824,-0.00161014,7.6499,16.9984,-0.7318,-4.4431,-1.1736,110.3772,6.0714,6.5709,8.5890,2.0771,4.0878,10.2195,20.7715,27.3883,38.3025,3.7812,-2.0771,6.699997,9.369947,1.871396,27,36,17,5,0.39971210,-0.04025344,0.00969557,0E-8,0.000000,0.935017,0.024753,-0.08320842,2026-04-03,2026-07-25,14,53,52,114,0.122807,0.765039,0.858956,1.332374,,,,,,,,GLOBAL_BASELINE_NO_ENTITY_RANKING,,,NOT_APPLICABLE_GLOBAL_BASELINE,HF9g-P5,,,,X 全窗基线 · 不参与实体赏罚,3922462,393,A168_HF9F_20260827_0900,2026-08-27 09:00:00
2026-06-14,24073718,1951,0,22.8485968885,-22.8485968885,-22.8485968885,0E-7,2,1,0.45582204545421788,0.287416500000,-0.9152235590031784,-0.6350939377956173,-0.9152235590031784,0.16840554545421788,ELIGIBLE,R03b_20260811_FULL_v1,L1_ELIGIBILITY,v2026-08-11,2026-03-21..2026-08-06,baccarat_bet02_101_all_pairs_incl_sentinel,round_win = game_pnl > 0 (decisive only),COMPATIBILITY_ONLY_NOT_PRODUCTION,1545.2809,1444.8638,-62.2029,202,85,0.04025344,-0.00969557,0.07351286,0.04025344,62.2029,1545.2809,OK,0.0000,-2.4881,4.0000,96.0000,AG03-UNRESOLVED,ALL5_LEVELS_bet23_to_bet27,-2.4881,-2.4881,-2.4881,-3.7322,-3.7322,4.000000,4.000000,4.000000,6.000000,6.000000,96.000000,96.000000,96.000000,94.000000,94.000000,5.0,-14.9287,-13.5756,-47.2742,-48.6273,PENDING_AG03,FALSE,NOT_FOR_ENFORCEMENT,-59.7148,1387.0692,-62.2029,-59.7148,-2.4881,-0.04025344,-0.03864331,-2.4881,-59.7148,-0.03864331,-2.4881,-2.4881,-2.4881,-3.7322,-3.7322,-59.7148,-0.03864331,-14.9287,-13.5756,-47.2742,-48.6273,-0.03059262,-0.03146824,-0.00161014,7.6499,16.9984,-0.7318,-4.4431,-1.1736,110.3772,6.0714,6.5709,8.5890,2.0771,4.0878,10.2195,20.7715,27.3883,38.3025,3.7812,-2.0771,6.699997,9.369947,1.871396,27,36,17,5,0.39971210,-0.04025344,0.00969557,0E-8,0.000000,0.935017,0.024753,-0.08320842,2026-04-03,2026-07-25,14,53,52,114,0.122807,0.765039,0.858956,1.332374,,,,,,,,GLOBAL_BASELINE_NO_ENTITY_RANKING,,,NOT_APPLICABLE_GLOBAL_BASELINE,HF9g-P5,,,,X 全窗基线 · 不参与实体赏罚,3922463,393,A168_HF9F_20260827_0900,2026-08-27 09:00:00
2026-06-14,24073718,1966,0,58.1600648070,4.1542903432,4.1542903432,0.5000000,7,2,0.39680296277681286,0.201947283334,0.2983081877946183,1.0499612825248006,0.2983081877946183,0.19485567944281286,ELIGIBLE,R03b_20260811_FULL_v1,L1_ELIGIBILITY,v2026-08-11,2026-03-21..2026-08-06,baccarat_bet02_101_all_pairs_incl_sentinel,round_win = game_pnl > 0 (decisive only),COMPATIBILITY_ONLY_NOT_PRODUCTION,1545.2809,1444.8638,-62.2029,202,85,0.04025344,-0.00969557,0.07351286,0.04025344,62.2029,1545.2809,OK,0.0000,-2.4881,4.0000,96.0000,AG03-UNRESOLVED,ALL5_LEVELS_bet23_to_bet27,-2.4881,-2.4881,-2.4881,-3.7322,-3.7322,4.000000,4.000000,4.000000,6.000000,6.000000,96.000000,96.000000,96.000000,94.000000,94.000000,5.0,-14.9287,-13.5756,-47.2742,-48.6273,PENDING_AG03,FALSE,NOT_FOR_ENFORCEMENT,-59.7148,1387.0692,-62.2029,-59.7148,-2.4881,-0.04025344,-0.03864331,-2.4881,-59.7148,-0.03864331,-2.4881,-2.4881,-2.4881,-3.7322,-3.7322,-59.7148,-0.03864331,-14.9287,-13.5756,-47.2742,-48.6273,-0.03059262,-0.03146824,-0.00161014,7.6499,16.9984,-0.7318,-4.4431,-1.1736,110.3772,6.0714,6.5709,8.5890,2.0771,4.0878,10.2195,20.7715,27.3883,38.3025,3.7812,-2.0771,6.699997,9.369947,1.871396,27,36,17,5,0.39971210,-0.04025344,0.00969557,0E-8,0.000000,0.935017,0.024753,-0.08320842,2026-04-03,2026-07-25,14,53,52,114,0.122807,0.765039,0.858956,1.332374,,,,,,,,GLOBAL_BASELINE_NO_ENTITY_RANKING,,,NOT_APPLICABLE_GLOBAL_BASELINE,HF9g-P5,,,,X 全窗基线 · 不参与实体赏罚,3922464,393,A168_HF9F_20260827_0900,2026-08-27 09:00:00
2026-06-14,24073718,2101,0,77.2698003864,70.2075068025,70.2075068025,1.0000000,9,3,0.39869129834129212,0.223145266667,2.127115112644959,3.2317421006367524,2.127115112644959,0.17554603167429212,ELIGIBLE,R03b_20260811_FULL_v1,L1_ELIGIBILITY,v2026-08-11,2026-03-21..2026-08-06,baccarat_bet02_101_all_pairs_incl_sentinel,round_win = game_pnl > 0 (decisive only),COMPATIBILITY_ONLY_NOT_PRODUCTION,1545.2809,1444.8638,-62.2029,202,85,0.04025344,-0.00969557,0.07351286,0.04025344,62.2029,1545.2809,OK,0.0000,-2.4881,4.0000,96.0000,AG03-UNRESOLVED,ALL5_LEVELS_bet23_to_bet27,-2.4881,-2.4881,-2.4881,-3.7322,-3.7322,4.000000,4.000000,4.000000,6.000000,6.000000,96.000000,96.000000,96.000000,94.000000,94.000000,5.0,-14.9287,-13.5756,-47.2742,-48.6273,PENDING_AG03,FALSE,NOT_FOR_ENFORCEMENT,-59.7148,1387.0692,-62.2029,-59.7148,-2.4881,-0.04025344,-0.03864331,-2.4881,-59.7148,-0.03864331,-2.4881,-2.4881,-2.4881,-3.7322,-3.7322,-59.7148,-0.03864331,-14.9287,-13.5756,-47.2742,-48.6273,-0.03059262,-0.03146824,-0.00161014,7.6499,16.9984,-0.7318,-4.4431,-1.1736,110.3772,6.0714,6.5709,8.5890,2.0771,4.0878,10.2195,20.7715,27.3883,38.3025,3.7812,-2.0771,6.699997,9.369947,1.871396,27,36,17,5,0.39971210,-0.04025344,0.00969557,0E-8,0.000000,0.935017,0.024753,-0.08320842,2026-04-03,2026-07-25,14,53,52,114,0.122807,0.765039,0.858956,1.332374,,,,,,,,GLOBAL_BASELINE_NO_ENTITY_RANKING,,,NOT_APPLICABLE_GLOBAL_BASELINE,HF9g-P5,,,,X 全窗基线 · 不参与实体赏罚,3922465,393,A168_HF9F_20260827_0900,2026-08-27 09:00:00
2026-06-14,24073718,2234,0,12.4628710301,-12.4628710301,-12.4628710301,0E-7,2,1,0.42463583333278282,0.287416500000,-0.85908653967374,-0.6350939377956173,-0.85908653967374,0.13721933333278282,ELIGIBLE,R03b_20260811_FULL_v1,L1_ELIGIBILITY,v2026-08-11,2026-03-21..2026-08-06,baccarat_bet02_101_all_pairs_incl_sentinel,round_win = game_pnl > 0 (decisive only),COMPATIBILITY_ONLY_NOT_PRODUCTION,1545.2809,1444.8638,-62.2029,202,85,0.04025344,-0.00969557,0.07351286,0.04025344,62.2029,1545.2809,OK,0.0000,-2.4881,4.0000,96.0000,AG03-UNRESOLVED,ALL5_LEVELS_bet23_to_bet27,-2.4881,-2.4881,-2.4881,-3.7322,-3.7322,4.000000,4.000000,4.000000,6.000000,6.000000,96.000000,96.000000,96.000000,94.000000,94.000000,5.0,-14.9287,-13.5756,-47.2742,-48.6273,PENDING_AG03,FALSE,NOT_FOR_ENFORCEMENT,-59.7148,1387.0692,-62.2029,-59.7148,-2.4881,-0.04025344,-0.03864331,-2.4881,-59.7148,-0.03864331,-2.4881,-2.4881,-2.4881,-3.7322,-3.7322,-59.7148,-0.03864331,-14.9287,-13.5756,-47.2742,-48.6273,-0.03059262,-0.03146824,-0.00161014,7.6499,16.9984,-0.7318,-4.4431,-1.1736,110.3772,6.0714,6.5709,8.5890,2.0771,4.0878,10.2195,20.7715,27.3883,38.3025,3.7812,-2.0771,6.699997,9.369947,1.871396,27,36,17,5,0.39971210,-0.04025344,0.00969557,0E-8,0.000000,0.935017,0.024753,-0.08320842,2026-04-03,2026-07-25,14,53,52,114,0.122807,0.765039,0.858956,1.332374,,,,,,,,GLOBAL_BASELINE_NO_ENTITY_RANKING,,,NOT_APPLICABLE_GLOBAL_BASELINE,HF9g-P5,,,,X 全窗基线 · 不参与实体赏罚,3922466,393,A168_HF9F_20260827_0900,2026-08-27 09:00:00
2026-06-14,24073718,2239,0,41.7506179507,9.1394387553,9.1394387553,0.5000000,6,2,0.39283594890716036,0.220708450000,0.31031693973807084,0.9523867180878657,0.31031693973807084,0.17212749890716036,ELIGIBLE,R03b_20260811_FULL_v1,L1_ELIGIBILITY,v2026-08-11,2026-03-21..2026-08-06,baccarat_bet02_101_all_pairs_incl_sentinel,round_win = game_pnl > 0 (decisive only),COMPATIBILITY_ONLY_NOT_PRODUCTION,1545.2809,1444.8638,-62.2029,202,85,0.04025344,-0.00969557,0.07351286,0.04025344,62.2029,1545.2809,OK,0.0000,-2.4881,4.0000,96.0000,AG03-UNRESOLVED,ALL5_LEVELS_bet23_to_bet27,-2.4881,-2.4881,-2.4881,-3.7322,-3.7322,4.000000,4.000000,4.000000,6.000000,6.000000,96.000000,96.000000,96.000000,94.000000,94.000000,5.0,-14.9287,-13.5756,-47.2742,-48.6273,PENDING_AG03,FALSE,NOT_FOR_ENFORCEMENT,-59.7148,1387.0692,-62.2029,-59.7148,-2.4881,-0.04025344,-0.03864331,-2.4881,-59.7148,-0.03864331,-2.4881,-2.4881,-2.4881,-3.7322,-3.7322,-59.7148,-0.03864331,-14.9287,-13.5756,-47.2742,-48.6273,-0.03059262,-0.03146824,-0.00161014,7.6499,16.9984,-0.7318,-4.4431,-1.1736,110.3772,6.0714,6.5709,8.5890,2.0771,4.0878,10.2195,20.7715,27.3883,38.3025,3.7812,-2.0771,6.699997,9.369947,1.871396,27,36,17,5,0.39971210,-0.04025344,0.00969557,0E-8,0.000000,0.935017,0.024753,-0.08320842,2026-04-03,2026-07-25,14,53,52,114,0.122807,0.765039,0.858956,1.332374,,,,,,,,GLOBAL_BASELINE_NO_ENTITY_RANKING,,,NOT_APPLICABLE_GLOBAL_BASELINE,HF9g-P5,,,,X 全窗基线 · 不参与实体赏罚,3922467,393,A168_HF9F_20260827_0900,2026-08-27 09:00:00
2026-06-14,24073718,595,0,33.2343227470,8.3085806866,8.3085806866,0.5000000,5,2,0.23324527179452370,0.148613683334,0.8920567177509643,1.3970344362231335,0.8920567177509643,0.08463158846052370,ELIGIBLE,R03b_20260811_FULL_v1,L1_ELIGIBILITY,v2026-08-11,2026-03-21..2026-08-06,baccarat_bet02_101_all_pairs_incl_sentinel,round_win = game_pnl > 0 (decisive only),COMPATIBILITY_ONLY_NOT_PRODUCTION,1545.2809,1444.8638,-62.2029,202,85,0.04025344,-0.00969557,0.07351286,0.04025344,62.2029,1545.2809,OK,0.0000,-2.4881,4.0000,96.0000,AG03-UNRESOLVED,ALL5_LEVELS_bet23_to_bet27,-2.4881,-2.4881,-2.4881,-3.7322,-3.7322,4.000000,4.000000,4.000000,6.000000,6.000000,96.000000,96.000000,96.000000,94.000000,94.000000,5.0,-14.9287,-13.5756,-47.2742,-48.6273,PENDING_AG03,FALSE,NOT_FOR_ENFORCEMENT,-59.7148,1387.0692,-62.2029,-59.7148,-2.4881,-0.04025344,-0.03864331,-2.4881,-59.7148,-0.03864331,-2.4881,-2.4881,-2.4881,-3.7322,-3.7322,-59.7148,-0.03864331,-14.9287,-13.5756,-47.2742,-48.6273,-0.03059262,-0.03146824,-0.00161014,7.6499,16.9984,-0.7318,-4.4431,-1.1736,110.3772,6.0714,6.5709,8.5890,2.0771,4.0878,10.2195,20.7715,27.3883,38.3025,3.7812,-2.0771,6.699997,9.369947,1.871396,27,36,17,5,0.39971210,-0.04025344,0.00969557,0E-8,0.000000,0.935017,0.024753,-0.08320842,2026-04-03,2026-07-25,14,53,52,114,0.122807,0.765039,0.858956,1.332374,,,,,,,,GLOBAL_BASELINE_NO_ENTITY_RANKING,,,NOT_APPLICABLE_GLOBAL_BASELINE,HF9g-P5,,,,X 全窗基线 · 不参与实体赏罚,3922468,393,A168_HF9F_20260827_0900,2026-08-27 09:00:00
2026-06-15,24073718,462,0,4.3620048605,-4.3620048605,-4.3620048605,0E-7,1,1,0.50665070000000000,0.506650700000,-1.013391052207602,-1.013391052207602,-1.013391052207602,0E-17,ELIGIBLE,R03b_20260811_FULL_v1,L1_ELIGIBILITY,v2026-08-11,2026-03-21..2026-08-06,baccarat_bet02_101_all_pairs_incl_sentinel,round_win = game_pnl > 0 (decisive only),COMPATIBILITY_ONLY_NOT_PRODUCTION,1545.2809,1444.8638,-62.2029,202,85,0.04025344,-0.00969557,0.07351286,0.04025344,62.2029,1545.2809,OK,0.0000,-2.4881,4.0000,96.0000,AG03-UNRESOLVED,ALL5_LEVELS_bet23_to_bet27,-2.4881,-2.4881,-2.4881,-3.7322,-3.7322,4.000000,4.000000,4.000000,6.000000,6.000000,96.000000,96.000000,96.000000,94.000000,94.000000,5.0,-14.9287,-13.5756,-47.2742,-48.6273,PENDING_AG03,FALSE,NOT_FOR_ENFORCEMENT,-59.7148,1387.0692,-62.2029,-59.7148,-2.4881,-0.04025344,-0.03864331,-2.4881,-59.7148,-0.03864331,-2.4881,-2.4881,-2.4881,-3.7322,-3.7322,-59.7148,-0.03864331,-14.9287,-13.5756,-47.2742,-48.6273,-0.03059262,-0.03146824,-0.00161014,7.6499,16.9984,-0.7318,-4.4431,-1.1736,110.3772,6.0714,6.5709,8.5890,2.0771,4.0878,10.2195,20.7715,27.3883,38.3025,3.7812,-2.0771,6.699997,9.369947,1.871396,27,36,17,5,0.39971210,-0.04025344,0.00969557,0E-8,0.000000,0.935017,0.024753,-0.08320842,2026-04-03,2026-07-25,14,53,52,114,0.122807,0.765039,0.858956,1.332374,,,,,,,,GLOBAL_BASELINE_NO_ENTITY_RANKING,,,NOT_APPLICABLE_GLOBAL_BASELINE,HF9g-P5,,,,X 全窗基线 · 不参与实体赏罚,3922469,393,A168_HF9F_20260827_0900,2026-08-27 09:00:00
2026-07-01,24073718,1396,0,11.4458570085,21.6653721947,21.6653721947,1.0000000,2,1,0.41973514285829890,0.287416500000,1.1757783745701647,1.5745702178656522,1.1757783745701647,0.13231864285829890,ELIGIBLE,R03b_20260811_FULL_v1,L1_ELIGIBILITY,v2026-08-11,2026-03-21..2026-08-06,baccarat_bet02_101_all_pairs_incl_sentinel,round_win = game_pnl > 0 (decisive only),COMPATIBILITY_ONLY_NOT_PRODUCTION,1545.2809,1444.8638,-62.2029,202,85,0.04025344,-0.00969557,0.07351286,0.04025344,62.2029,1545.2809,OK,0.0000,-2.4881,4.0000,96.0000,AG03-UNRESOLVED,ALL5_LEVELS_bet23_to_bet27,-2.4881,-2.4881,-2.4881,-3.7322,-3.7322,4.000000,4.000000,4.000000,6.000000,6.000000,96.000000,96.000000,96.000000,94.000000,94.000000,5.0,-14.9287,-13.5756,-47.2742,-48.6273,PENDING_AG03,FALSE,NOT_FOR_ENFORCEMENT,-59.7148,1387.0692,-62.2029,-59.7148,-2.4881,-0.04025344,-0.03864331,-2.4881,-59.7148,-0.03864331,-2.4881,-2.4881,-2.4881,-3.7322,-3.7322,-59.7148,-0.03864331,-14.9287,-13.5756,-47.2742,-48.6273,-0.03059262,-0.03146824,-0.00161014,7.6499,16.9984,-0.7318,-4.4431,-1.1736,110.3772,6.0714,6.5709,8.5890,2.0771,4.0878,10.2195,20.7715,27.3883,38.3025,3.7812,-2.0771,6.699997,9.369947,1.871396,27,36,17,5,0.39971210,-0.04025344,0.00969557,0E-8,0.000000,0.935017,0.024753,-0.08320842,2026-04-03,2026-07-25,14,53,52,114,0.122807,0.765039,0.858956,1.332374,,,,,,,,GLOBAL_BASELINE_NO_ENTITY_RANKING,,,NOT_APPLICABLE_GLOBAL_BASELINE,HF9g-P5,,,,X 全窗基线 · 不参与实体赏罚,3922470,393,A168_HF9F_20260827_0900,2026-08-27 09:00:00
2026-07-01,24073718,1985,0,12.2634182234,-12.2634182234,-12.2634182234,0E-7,2,1,0.43113581666789821,0.280106050000,-0.8705681140114535,-0.6237735893609975,-0.8705681140114535,0.15102976666789821,ELIGIBLE,R03b_20260811_FULL_v1,L1_ELIGIBILITY,v2026-08-11,2026-03-21..2026-08-06,baccarat_bet02_101_all_pairs_incl_sentinel,round_win = game_pnl > 0 (decisive only),COMPATIBILITY_ONLY_NOT_PRODUCTION,1545.2809,1444.8638,-62.2029,202,85,0.04025344,-0.00969557,0.07351286,0.04025344,62.2029,1545.2809,OK,0.0000,-2.4881,4.0000,96.0000,AG03-UNRESOLVED,ALL5_LEVELS_bet23_to_bet27,-2.4881,-2.4881,-2.4881,-3.7322,-3.7322,4.000000,4.000000,4.000000,6.000000,6.000000,96.000000,96.000000,96.000000,94.000000,94.000000,5.0,-14.9287,-13.5756,-47.2742,-48.6273,PENDING_AG03,FALSE,NOT_FOR_ENFORCEMENT,-59.7148,1387.0692,-62.2029,-59.7148,-2.4881,-0.04025344,-0.03864331,-2.4881,-59.7148,-0.03864331,-2.4881,-2.4881,-2.4881,-3.7322,-3.7322,-59.7148,-0.03864331,-14.9287,-13.5756,-47.2742,-48.6273,-0.03059262,-0.03146824,-0.00161014,7.6499,16.9984,-0.7318,-4.4431,-1.1736,110.3772,6.0714,6.5709,8.5890,2.0771,4.0878,10.2195,20.7715,27.3883,38.3025,3.7812,-2.0771,6.699997,9.369947,1.871396,27,36,17,5,0.39971210,-0.04025344,0.00969557,0E-8,0.000000,0.935017,0.024753,-0.08320842,2026-04-03,2026-07-25,14,53,52,114,0.122807,0.765039,0.858956,1.332374,,,,,,,,GLOBAL_BASELINE_NO_ENTITY_RANKING,,,NOT_APPLICABLE_GLOBAL_BASELINE,HF9g-P5,,,,X 全窗基线 · 不参与实体赏罚,3922471,393,A168_HF9F_20260827_0900,2026-08-27 09:00:00
2026-07-01,24073718,2241,0,17.1687855128,-17.1687855128,-17.1687855128,0E-7,3,2,0.45894066666722614,0.390331000000,-1.3024792775056948,-1.1315779169514892,-1.3024792775056948,0.06860966666722614,ELIGIBLE,R03b_20260811_FULL_v1,L1_ELIGIBILITY,v2026-08-11,2026-03-21..2026-08-06,baccarat_bet02_101_all_pairs_incl_sentinel,round_win = game_pnl > 0 (decisive only),COMPATIBILITY_ONLY_NOT_PRODUCTION,1545.2809,1444.8638,-62.2029,202,85,0.04025344,-0.00969557,0.07351286,0.04025344,62.2029,1545.2809,OK,0.0000,-2.4881,4.0000,96.0000,AG03-UNRESOLVED,ALL5_LEVELS_bet23_to_bet27,-2.4881,-2.4881,-2.4881,-3.7322,-3.7322,4.000000,4.000000,4.000000,6.000000,6.000000,96.000000,96.000000,96.000000,94.000000,94.000000,5.0,-14.9287,-13.5756,-47.2742,-48.6273,PENDING_AG03,FALSE,NOT_FOR_ENFORCEMENT,-59.7148,1387.0692,-62.2029,-59.7148,-2.4881,-0.04025344,-0.03864331,-2.4881,-59.7148,-0.03864331,-2.4881,-2.4881,-2.4881,-3.7322,-3.7322,-59.7148,-0.03864331,-14.9287,-13.5756,-47.2742,-48.6273,-0.03059262,-0.03146824,-0.00161014,7.6499,16.9984,-0.7318,-4.4431,-1.1736,110.3772,6.0714,6.5709,8.5890,2.0771,4.0878,10.2195,20.7715,27.3883,38.3025,3.7812,-2.0771,6.699997,9.369947,1.871396,27,36,17,5,0.39971210,-0.04025344,0.00969557,0E-8,0.000000,0.935017,0.024753,-0.08320842,2026-04-03,2026-07-25,14,53,52,114,0.122807,0.765039,0.858956,1.332374,,,,,,,,GLOBAL_BASELINE_NO_ENTITY_RANKING,,,NOT_APPLICABLE_GLOBAL_BASELINE,HF9g-P5,,,,X 全窗基线 · 不参与实体赏罚,3922472,393,A168_HF9F_20260827_0900,2026-08-27 09:00:00
2026-07-01,24073718,919,0,20.8478109798,-3.6790254670,-3.6790254670,0.5000000,3,2,0.46002527500054178,0.393584825000,0.11342869089011262,0.308045137873246,0.11342869089011262,0.06644045000054178,ELIGIBLE,R03b_20260811_FULL_v1,L1_ELIGIBILITY,v2026-08-11,2026-03-21..2026-08-06,baccarat_bet02_101_all_pairs_incl_sentinel,round_win = game_pnl > 0 (decisive only),COMPATIBILITY_ONLY_NOT_PRODUCTION,1545.2809,1444.8638,-62.2029,202,85,0.04025344,-0.00969557,0.07351286,0.04025344,62.2029,1545.2809,OK,0.0000,-2.4881,4.0000,96.0000,AG03-UNRESOLVED,ALL5_LEVELS_bet23_to_bet27,-2.4881,-2.4881,-2.4881,-3.7322,-3.7322,4.000000,4.000000,4.000000,6.000000,6.000000,96.000000,96.000000,96.000000,94.000000,94.000000,5.0,-14.9287,-13.5756,-47.2742,-48.6273,PENDING_AG03,FALSE,NOT_FOR_ENFORCEMENT,-59.7148,1387.0692,-62.2029,-59.7148,-2.4881,-0.04025344,-0.03864331,-2.4881,-59.7148,-0.03864331,-2.4881,-2.4881,-2.4881,-3.7322,-3.7322,-59.7148,-0.03864331,-14.9287,-13.5756,-47.2742,-48.6273,-0.03059262,-0.03146824,-0.00161014,7.6499,16.9984,-0.7318,-4.4431,-1.1736,110.3772,6.0714,6.5709,8.5890,2.0771,4.0878,10.2195,20.7715,27.3883,38.3025,3.7812,-2.0771,6.699997,9.369947,1.871396,27,36,17,5,0.39971210,-0.04025344,0.00969557,0E-8,0.000000,0.935017,0.024753,-0.08320842,2026-04-03,2026-07-25,14,53,52,114,0.122807,0.765039,0.858956,1.332374,,,,,,,,GLOBAL_BASELINE_NO_ENTITY_RANKING,,,NOT_APPLICABLE_GLOBAL_BASELINE,HF9g-P5,,,,X 全窗基线 · 不参与实体赏罚,3922473,393,A168_HF9F_20260827_0900,2026-08-27 09:00:00
2026-07-05,24073718,-1,1,50.4844050198,25.0684707518,25.0684707518,1.0000000,6,2,0.39661522264981871,0.220708450000,1.7443253121840614,2.657391252037901,1.7443253121840614,0.17590677264981871,SENTINEL_DEALER,R03b_20260811_FULL_v1,L1_ELIGIBILITY,v2026-08-11,2026-03-21..2026-08-06,baccarat_bet02_101_all_pairs_incl_sentinel,round_win = game_pnl > 0 (decisive only),COMPATIBILITY_ONLY_NOT_PRODUCTION,1545.2809,1444.8638,-62.2029,202,85,0.04025344,-0.00969557,0.07351286,0.04025344,62.2029,1545.2809,OK,0.0000,-2.4881,4.0000,96.0000,AG03-UNRESOLVED,ALL5_LEVELS_bet23_to_bet27,-2.4881,-2.4881,-2.4881,-3.7322,-3.7322,4.000000,4.000000,4.000000,6.000000,6.000000,96.000000,96.000000,96.000000,94.000000,94.000000,5.0,-14.9287,-13.5756,-47.2742,-48.6273,PENDING_AG03,FALSE,NOT_FOR_ENFORCEMENT,-59.7148,1387.0692,-62.2029,-59.7148,-2.4881,-0.04025344,-0.03864331,-2.4881,-59.7148,-0.03864331,-2.4881,-2.4881,-2.4881,-3.7322,-3.7322,-59.7148,-0.03864331,-14.9287,-13.5756,-47.2742,-48.6273,-0.03059262,-0.03146824,-0.00161014,7.6499,16.9984,-0.7318,-4.4431,-1.1736,110.3772,6.0714,6.5709,8.5890,2.0771,4.0878,10.2195,20.7715,27.3883,38.3025,3.7812,-2.0771,6.699997,9.369947,1.871396,27,36,17,5,0.39971210,-0.04025344,0.00969557,0E-8,0.000000,0.935017,0.024753,-0.08320842,2026-04-03,2026-07-25,14,53,52,114,0.122807,0.765039,0.858956,1.332374,,,,,,,,GLOBAL_BASELINE_NO_ENTITY_RANKING,,,NOT_APPLICABLE_GLOBAL_BASELINE,HF9g-P5,,,,X 全窗基线 · 不参与实体赏罚,3922474,393,A168_HF9F_20260827_0900,2026-08-27 09:00:00
2026-07-05,24073718,1205,0,29.4322037361,31.3739116217,31.3739116217,0.6666667,6,3,0.42782120833387992,0.337446277778,0.8361430452207815,1.2059643811543974,0.8361430452207815,0.09037493055587992,ELIGIBLE,R03b_20260811_FULL_v1,L1_ELIGIBILITY,v2026-08-11,2026-03-21..2026-08-06,baccarat_bet02_101_all_pairs_incl_sentinel,round_win = game_pnl > 0 (decisive only),COMPATIBILITY_ONLY_NOT_PRODUCTION,1545.2809,1444.8638,-62.2029,202,85,0.04025344,-0.00969557,0.07351286,0.04025344,62.2029,1545.2809,OK,0.0000,-2.4881,4.0000,96.0000,AG03-UNRESOLVED,ALL5_LEVELS_bet23_to_bet27,-2.4881,-2.4881,-2.4881,-3.7322,-3.7322,4.000000,4.000000,4.000000,6.000000,6.000000,96.000000,96.000000,96.000000,94.000000,94.000000,5.0,-14.9287,-13.5756,-47.2742,-48.6273,PENDING_AG03,FALSE,NOT_FOR_ENFORCEMENT,-59.7148,1387.0692,-62.2029,-59.7148,-2.4881,-0.04025344,-0.03864331,-2.4881,-59.7148,-0.03864331,-2.4881,-2.4881,-2.4881,-3.7322,-3.7322,-59.7148,-0.03864331,-14.9287,-13.5756,-47.2742,-48.6273,-0.03059262,-0.03146824,-0.00161014,7.6499,16.9984,-0.7318,-4.4431,-1.1736,110.3772,6.0714,6.5709,8.5890,2.0771,4.0878,10.2195,20.7715,27.3883,38.3025,3.7812,-2.0771,6.699997,9.369947,1.871396,27,36,17,5,0.39971210,-0.04025344,0.00969557,0E-8,0.000000,0.935017,0.024753,-0.08320842,2026-04-03,2026-07-25,14,53,52,114,0.122807,0.765039,0.858956,1.332374,,,,,,,,GLOBAL_BASELINE_NO_ENTITY_RANKING,,,NOT_APPLICABLE_GLOBAL_BASELINE,HF9g-P5,,,,X 全窗基线 · 不参与实体赏罚,3922475,393,A168_HF9F_20260827_0900,2026-08-27 09:00:00
2026-07-05,24073718,1990,0,14.3073212606,-14.3073212606,-14.3073212606,0E-7,3,1,0.37748825714447530,0.223145266667,-0.7787139396006482,-0.535949575687865,-0.7787139396006482,0.15434299047747530,ELIGIBLE,R03b_20260811_FULL_v1,L1_ELIGIBILITY,v2026-08-11,2026-03-21..2026-08-06,baccarat_bet02_101_all_pairs_incl_sentinel,round_win = game_pnl > 0 (decisive only),COMPATIBILITY_ONLY_NOT_PRODUCTION,1545.2809,1444.8638,-62.2029,202,85,0.04025344,-0.00969557,0.07351286,0.04025344,62.2029,1545.2809,OK,0.0000,-2.4881,4.0000,96.0000,AG03-UNRESOLVED,ALL5_LEVELS_bet23_to_bet27,-2.4881,-2.4881,-2.4881,-3.7322,-3.7322,4.000000,4.000000,4.000000,6.000000,6.000000,96.000000,96.000000,96.000000,94.000000,94.000000,5.0,-14.9287,-13.5756,-47.2742,-48.6273,PENDING_AG03,FALSE,NOT_FOR_ENFORCEMENT,-59.7148,1387.0692,-62.2029,-59.7148,-2.4881,-0.04025344,-0.03864331,-2.4881,-59.7148,-0.03864331,-2.4881,-2.4881,-2.4881,-3.7322,-3.7322,-59.7148,-0.03864331,-14.9287,-13.5756,-47.2742,-48.6273,-0.03059262,-0.03146824,-0.00161014,7.6499,16.9984,-0.7318,-4.4431,-1.1736,110.3772,6.0714,6.5709,8.5890,2.0771,4.0878,10.2195,20.7715,27.3883,38.3025,3.7812,-2.0771,6.699997,9.369947,1.871396,27,36,17,5,0.39971210,-0.04025344,0.00969557,0E-8,0.000000,0.935017,0.024753,-0.08320842,2026-04-03,2026-07-25,14,53,52,114,0.122807,0.765039,0.858956,1.332374,,,,,,,,GLOBAL_BASELINE_NO_ENTITY_RANKING,,,NOT_APPLICABLE_GLOBAL_BASELINE,HF9g-P5,,,,X 全窗基线 · 不参与实体赏罚,3922476,393,A168_HF9F_20260827_0900,2026-08-27 09:00:00
2026-07-05,24073718,2103,0,4.7009769857,-4.7009769857,-4.7009769857,0E-7,1,1,0.50665070000000000,0.506650700000,-1.013391052207602,-1.013391052207602,-1.013391052207602,0E-17,ELIGIBLE,R03b_20260811_FULL_v1,L1_ELIGIBILITY,v2026-08-11,2026-03-21..2026-08-06,baccarat_bet02_101_all_pairs_incl_sentinel,round_win = game_pnl > 0 (decisive only),COMPATIBILITY_ONLY_NOT_PRODUCTION,1545.2809,1444.8638,-62.2029,202,85,0.04025344,-0.00969557,0.07351286,0.04025344,62.2029,1545.2809,OK,0.0000,-2.4881,4.0000,96.0000,AG03-UNRESOLVED,ALL5_LEVELS_bet23_to_bet27,-2.4881,-2.4881,-2.4881,-3.7322,-3.7322,4.000000,4.000000,4.000000,6.000000,6.000000,96.000000,96.000000,96.000000,94.000000,94.000000,5.0,-14.9287,-13.5756,-47.2742,-48.6273,PENDING_AG03,FALSE,NOT_FOR_ENFORCEMENT,-59.7148,1387.0692,-62.2029,-59.7148,-2.4881,-0.04025344,-0.03864331,-2.4881,-59.7148,-0.03864331,-2.4881,-2.4881,-2.4881,-3.7322,-3.7322,-59.7148,-0.03864331,-14.9287,-13.5756,-47.2742,-48.6273,-0.03059262,-0.03146824,-0.00161014,7.6499,16.9984,-0.7318,-4.4431,-1.1736,110.3772,6.0714,6.5709,8.5890,2.0771,4.0878,10.2195,20.7715,27.3883,38.3025,3.7812,-2.0771,6.699997,9.369947,1.871396,27,36,17,5,0.39971210,-0.04025344,0.00969557,0E-8,0.000000,0.935017,0.024753,-0.08320842,2026-04-03,2026-07-25,14,53,52,114,0.122807,0.765039,0.858956,1.332374,,,,,,,,GLOBAL_BASELINE_NO_ENTITY_RANKING,,,NOT_APPLICABLE_GLOBAL_BASELINE,HF9g-P5,,,,X 全窗基线 · 不参与实体赏罚,3922477,393,A168_HF9F_20260827_0900,2026-08-27 09:00:00
2026-07-05,24073718,2155,0,27.5926910027,0.3065854556,0.3065854556,0.5000000,5,2,0.39103391052696210,0.252844066667,0.31579307193941103,0.8041814118069085,0.31579307193941103,0.13818984385996210,ELIGIBLE,R03b_20260811_FULL_v1,L1_ELIGIBILITY,v2026-08-11,2026-03-21..2026-08-06,baccarat_bet02_101_all_pairs_incl_sentinel,round_win = game_pnl > 0 (decisive only),COMPATIBILITY_ONLY_NOT_PRODUCTION,1545.2809,1444.8638,-62.2029,202,85,0.04025344,-0.00969557,0.07351286,0.04025344,62.2029,1545.2809,OK,0.0000,-2.4881,4.0000,96.0000,AG03-UNRESOLVED,ALL5_LEVELS_bet23_to_bet27,-2.4881,-2.4881,-2.4881,-3.7322,-3.7322,4.000000,4.000000,4.000000,6.000000,6.000000,96.000000,96.000000,96.000000,94.000000,94.000000,5.0,-14.9287,-13.5756,-47.2742,-48.6273,PENDING_AG03,FALSE,NOT_FOR_ENFORCEMENT,-59.7148,1387.0692,-62.2029,-59.7148,-2.4881,-0.04025344,-0.03864331,-2.4881,-59.7148,-0.03864331,-2.4881,-2.4881,-2.4881,-3.7322,-3.7322,-59.7148,-0.03864331,-14.9287,-13.5756,-47.2742,-48.6273,-0.03059262,-0.03146824,-0.00161014,7.6499,16.9984,-0.7318,-4.4431,-1.1736,110.3772,6.0714,6.5709,8.5890,2.0771,4.0878,10.2195,20.7715,27.3883,38.3025,3.7812,-2.0771,6.699997,9.369947,1.871396,27,36,17,5,0.39971210,-0.04025344,0.00969557,0E-8,0.000000,0.935017,0.024753,-0.08320842,2026-04-03,2026-07-25,14,53,52,114,0.122807,0.765039,0.858956,1.332374,,,,,,,,GLOBAL_BASELINE_NO_ENTITY_RANKING,,,NOT_APPLICABLE_GLOBAL_BASELINE,HF9g-P5,,,,X 全窗基线 · 不参与实体赏罚,3922478,393,A168_HF9F_20260827_0900,2026-08-27 09:00:00
2026-07-05,24073718,2261,0,36.7902546703,53.1414789683,53.1414789683,1.0000000,3,1,0.42535890555572829,0.223145266667,1.1623062559769877,1.8658471717540757,1.1623062559769877,0.20221363888872829,ELIGIBLE,R03b_20260811_FULL_v1,L1_ELIGIBILITY,v2026-08-11,2026-03-21..2026-08-06,baccarat_bet02_101_all_pairs_incl_sentinel,round_win = game_pnl > 0 (decisive only),COMPATIBILITY_ONLY_NOT_PRODUCTION,1545.2809,1444.8638,-62.2029,202,85,0.04025344,-0.00969557,0.07351286,0.04025344,62.2029,1545.2809,OK,0.0000,-2.4881,4.0000,96.0000,AG03-UNRESOLVED,ALL5_LEVELS_bet23_to_bet27,-2.4881,-2.4881,-2.4881,-3.7322,-3.7322,4.000000,4.000000,4.000000,6.000000,6.000000,96.000000,96.000000,96.000000,94.000000,94.000000,5.0,-14.9287,-13.5756,-47.2742,-48.6273,PENDING_AG03,FALSE,NOT_FOR_ENFORCEMENT,-59.7148,1387.0692,-62.2029,-59.7148,-2.4881,-0.04025344,-0.03864331,-2.4881,-59.7148,-0.03864331,-2.4881,-2.4881,-2.4881,-3.7322,-3.7322,-59.7148,-0.03864331,-14.9287,-13.5756,-47.2742,-48.6273,-0.03059262,-0.03146824,-0.00161014,7.6499,16.9984,-0.7318,-4.4431,-1.1736,110.3772,6.0714,6.5709,8.5890,2.0771,4.0878,10.2195,20.7715,27.3883,38.3025,3.7812,-2.0771,6.699997,9.369947,1.871396,27,36,17,5,0.39971210,-0.04025344,0.00969557,0E-8,0.000000,0.935017,0.024753,-0.08320842,2026-04-03,2026-07-25,14,53,52,114,0.122807,0.765039,0.858956,1.332374,,,,,,,,GLOBAL_BASELINE_NO_ENTITY_RANKING,,,NOT_APPLICABLE_GLOBAL_BASELINE,HF9g-P5,,,,X 全窗基线 · 不参与实体赏罚,3922479,393,A168_HF9F_20260827_0900,2026-08-27 09:00:00
2026-07-08,24073718,-1,1,11.4458570085,-3.8731962555,-3.8731962555,0.5000000,3,2,0.44542241621670200,0.393378375000,0.15529665897264028,0.3086711997975373,0.15529665897264028,0.05204404121670200,SENTINEL_DEALER,R03b_20260811_FULL_v1,L1_ELIGIBILITY,v2026-08-11,2026-03-21..2026-08-06,baccarat_bet02_101_all_pairs_incl_sentinel,round_win = game_pnl > 0 (decisive only),COMPATIBILITY_ONLY_NOT_PRODUCTION,1545.2809,1444.8638,-62.2029,202,85,0.04025344,-0.00969557,0.07351286,0.04025344,62.2029,1545.2809,OK,0.0000,-2.4881,4.0000,96.0000,AG03-UNRESOLVED,ALL5_LEVELS_bet23_to_bet27,-2.4881,-2.4881,-2.4881,-3.7322,-3.7322,4.000000,4.000000,4.000000,6.000000,6.000000,96.000000,96.000000,96.000000,94.000000,94.000000,5.0,-14.9287,-13.5756,-47.2742,-48.6273,PENDING_AG03,FALSE,NOT_FOR_ENFORCEMENT,-59.7148,1387.0692,-62.2029,-59.7148,-2.4881,-0.04025344,-0.03864331,-2.4881,-59.7148,-0.03864331,-2.4881,-2.4881,-2.4881,-3.7322,-3.7322,-59.7148,-0.03864331,-14.9287,-13.5756,-47.2742,-48.6273,-0.03059262,-0.03146824,-0.00161014,7.6499,16.9984,-0.7318,-4.4431,-1.1736,110.3772,6.0714,6.5709,8.5890,2.0771,4.0878,10.2195,20.7715,27.3883,38.3025,3.7812,-2.0771,6.699997,9.369947,1.871396,27,36,17,5,0.39971210,-0.04025344,0.00969557,0E-8,0.000000,0.935017,0.024753,-0.08320842,2026-04-03,2026-07-25,14,53,52,114,0.122807,0.765039,0.858956,1.332374,,,,,,,,GLOBAL_BASELINE_NO_ENTITY_RANKING,,,NOT_APPLICABLE_GLOBAL_BASELINE,HF9g-P5,,,,X 全窗基线 · 不参与实体赏罚,3922480,393,A168_HF9F_20260827_0900,2026-08-27 09:00:00
2026-07-09,24073718,-1,1,8.1756121489,-8.1756121489,-8.1756121489,0E-7,2,1,0.39033100000125880,0.287416500000,-0.8001464185194623,-0.6350939377956173,-0.8001464185194623,0.10291450000125880,SENTINEL_DEALER,R03b_20260811_FULL_v1,L1_ELIGIBILITY,v2026-08-11,2026-03-21..2026-08-06,baccarat_bet02_101_all_pairs_incl_sentinel,round_win = game_pnl > 0 (decisive only),COMPATIBILITY_ONLY_NOT_PRODUCTION,1545.2809,1444.8638,-62.2029,202,85,0.04025344,-0.00969557,0.07351286,0.04025344,62.2029,1545.2809,OK,0.0000,-2.4881,4.0000,96.0000,AG03-UNRESOLVED,ALL5_LEVELS_bet23_to_bet27,-2.4881,-2.4881,-2.4881,-3.7322,-3.7322,4.000000,4.000000,4.000000,6.000000,6.000000,96.000000,96.000000,96.000000,94.000000,94.000000,5.0,-14.9287,-13.5756,-47.2742,-48.6273,PENDING_AG03,FALSE,NOT_FOR_ENFORCEMENT,-59.7148,1387.0692,-62.2029,-59.7148,-2.4881,-0.04025344,-0.03864331,-2.4881,-59.7148,-0.03864331,-2.4881,-2.4881,-2.4881,-3.7322,-3.7322,-59.7148,-0.03864331,-14.9287,-13.5756,-47.2742,-48.6273,-0.03059262,-0.03146824,-0.00161014,7.6499,16.9984,-0.7318,-4.4431,-1.1736,110.3772,6.0714,6.5709,8.5890,2.0771,4.0878,10.2195,20.7715,27.3883,38.3025,3.7812,-2.0771,6.699997,9.369947,1.871396,27,36,17,5,0.39971210,-0.04025344,0.00969557,0E-8,0.000000,0.935017,0.024753,-0.08320842,2026-04-03,2026-07-25,14,53,52,114,0.122807,0.765039,0.858956,1.332374,,,,,,,,GLOBAL_BASELINE_NO_ENTITY_RANKING,,,NOT_APPLICABLE_GLOBAL_BASELINE,HF9g-P5,,,,X 全窗基线 · 不参与实体赏罚,3922481,393,A168_HF9F_20260827_0900,2026-08-27 09:00:00
2026-07-09,24073718,1507,0,16.3512242979,-8.3800024526,-8.3800024526,0.5000000,3,2,0.46889325833394911,0.393378375000,0.08815391793055545,0.3086711997975373,0.08815391793055545,0.07551488333394911,ELIGIBLE,R03b_20260811_FULL_v1,L1_ELIGIBILITY,v2026-08-11,2026-03-21..2026-08-06,baccarat_bet02_101_all_pairs_incl_sentinel,round_win = game_pnl > 0 (decisive only),COMPATIBILITY_ONLY_NOT_PRODUCTION,1545.2809,1444.8638,-62.2029,202,85,0.04025344,-0.00969557,0.07351286,0.04025344,62.2029,1545.2809,OK,0.0000,-2.4881,4.0000,96.0000,AG03-UNRESOLVED,ALL5_LEVELS_bet23_to_bet27,-2.4881,-2.4881,-2.4881,-3.7322,-3.7322,4.000000,4.000000,4.000000,6.000000,6.000000,96.000000,96.000000,96.000000,94.000000,94.000000,5.0,-14.9287,-13.5756,-47.2742,-48.6273,PENDING_AG03,FALSE,NOT_FOR_ENFORCEMENT,-59.7148,1387.0692,-62.2029,-59.7148,-2.4881,-0.04025344,-0.03864331,-2.4881,-59.7148,-0.03864331,-2.4881,-2.4881,-2.4881,-3.7322,-3.7322,-59.7148,-0.03864331,-14.9287,-13.5756,-47.2742,-48.6273,-0.03059262,-0.03146824,-0.00161014,7.6499,16.9984,-0.7318,-4.4431,-1.1736,110.3772,6.0714,6.5709,8.5890,2.0771,4.0878,10.2195,20.7715,27.3883,38.3025,3.7812,-2.0771,6.699997,9.369947,1.871396,27,36,17,5,0.39971210,-0.04025344,0.00969557,0E-8,0.000000,0.935017,0.024753,-0.08320842,2026-04-03,2026-07-25,14,53,52,114,0.122807,0.765039,0.858956,1.332374,,,,,,,,GLOBAL_BASELINE_NO_ENTITY_RANKING,,,NOT_APPLICABLE_GLOBAL_BASELINE,HF9g-P5,,,,X 全窗基线 · 不参与实体赏罚,3922482,393,A168_HF9F_20260827_0900,2026-08-27 09:00:00
2026-07-11,24073718,-1,1,73.3761190369,-25.0275926909,-25.0275926909,0.6000000,13,5,0.37876831105096251,0.248205836667,1.019808712365088,1.8210344514187102,1.019808712365088,0.13056247438396251,SENTINEL_DEALER,R03b_20260811_FULL_v1,L1_ELIGIBILITY,v2026-08-11,2026-03-21..2026-08-06,baccarat_bet02_101_all_pairs_incl_sentinel,round_win = game_pnl > 0 (decisive only),COMPATIBILITY_ONLY_NOT_PRODUCTION,1545.2809,1444.8638,-62.2029,202,85,0.04025344,-0.00969557,0.07351286,0.04025344,62.2029,1545.2809,OK,0.0000,-2.4881,4.0000,96.0000,AG03-UNRESOLVED,ALL5_LEVELS_bet23_to_bet27,-2.4881,-2.4881,-2.4881,-3.7322,-3.7322,4.000000,4.000000,4.000000,6.000000,6.000000,96.000000,96.000000,96.000000,94.000000,94.000000,5.0,-14.9287,-13.5756,-47.2742,-48.6273,PENDING_AG03,FALSE,NOT_FOR_ENFORCEMENT,-59.7148,1387.0692,-62.2029,-59.7148,-2.4881,-0.04025344,-0.03864331,-2.4881,-59.7148,-0.03864331,-2.4881,-2.4881,-2.4881,-3.7322,-3.7322,-59.7148,-0.03864331,-14.9287,-13.5756,-47.2742,-48.6273,-0.03059262,-0.03146824,-0.00161014,7.6499,16.9984,-0.7318,-4.4431,-1.1736,110.3772,6.0714,6.5709,8.5890,2.0771,4.0878,10.2195,20.7715,27.3883,38.3025,3.7812,-2.0771,6.699997,9.369947,1.871396,27,36,17,5,0.39971210,-0.04025344,0.00969557,0E-8,0.000000,0.935017,0.024753,-0.08320842,2026-04-03,2026-07-25,14,53,52,114,0.122807,0.765039,0.858956,1.332374,,,,,,,,GLOBAL_BASELINE_NO_ENTITY_RANKING,,,NOT_APPLICABLE_GLOBAL_BASELINE,HF9g-P5,,,,X 全窗基线 · 不参与实体赏罚,3922483,393,A168_HF9F_20260827_0900,2026-08-27 09:00:00
2026-07-11,24073718,1210,0,33.7244001143,-7.8179291172,-7.8179291172,0.6666667,8,3,0.37337470928154149,0.240507650000,1.050229886889576,1.7270549655469603,1.050229886889576,0.13286705928154149,ELIGIBLE,R03b_20260811_FULL_v1,L1_ELIGIBILITY,v2026-08-11,2026-03-21..2026-08-06,baccarat_bet02_101_all_pairs_incl_sentinel,round_win = game_pnl > 0 (decisive only),COMPATIBILITY_ONLY_NOT_PRODUCTION,1545.2809,1444.8638,-62.2029,202,85,0.04025344,-0.00969557,0.07351286,0.04025344,62.2029,1545.2809,OK,0.0000,-2.4881,4.0000,96.0000,AG03-UNRESOLVED,ALL5_LEVELS_bet23_to_bet27,-2.4881,-2.4881,-2.4881,-3.7322,-3.7322,4.000000,4.000000,4.000000,6.000000,6.000000,96.000000,96.000000,96.000000,94.000000,94.000000,5.0,-14.9287,-13.5756,-47.2742,-48.6273,PENDING_AG03,FALSE,NOT_FOR_ENFORCEMENT,-59.7148,1387.0692,-62.2029,-59.7148,-2.4881,-0.04025344,-0.03864331,-2.4881,-59.7148,-0.03864331,-2.4881,-2.4881,-2.4881,-3.7322,-3.7322,-59.7148,-0.03864331,-14.9287,-13.5756,-47.2742,-48.6273,-0.03059262,-0.03146824,-0.00161014,7.6499,16.9984,-0.7318,-4.4431,-1.1736,110.3772,6.0714,6.5709,8.5890,2.0771,4.0878,10.2195,20.7715,27.3883,38.3025,3.7812,-2.0771,6.699997,9.369947,1.871396,27,36,17,5,0.39971210,-0.04025344,0.00969557,0E-8,0.000000,0.935017,0.024753,-0.08320842,2026-04-03,2026-07-25,14,53,52,114,0.122807,0.765039,0.858956,1.332374,,,,,,,,GLOBAL_BASELINE_NO_ENTITY_RANKING,,,NOT_APPLICABLE_GLOBAL_BASELINE,HF9g-P5,,,,X 全窗基线 · 不参与实体赏罚,3922484,393,A168_HF9F_20260827_0900,2026-08-27 09:00:00
2026-07-11,24073718,1646,0,11.6502473122,-11.6502473122,-11.6502473122,0E-7,2,1,0.42716134912389869,0.280106050000,-0.8635347483658508,-0.6237735893609975,-0.8635347483658508,0.14705529912389869,ELIGIBLE,R03b_20260811_FULL_v1,L1_ELIGIBILITY,v2026-08-11,2026-03-21..2026-08-06,baccarat_bet02_101_all_pairs_incl_sentinel,round_win = game_pnl > 0 (decisive only),COMPATIBILITY_ONLY_NOT_PRODUCTION,1545.2809,1444.8638,-62.2029,202,85,0.04025344,-0.00969557,0.07351286,0.04025344,62.2029,1545.2809,OK,0.0000,-2.4881,4.0000,96.0000,AG03-UNRESOLVED,ALL5_LEVELS_bet23_to_bet27,-2.4881,-2.4881,-2.4881,-3.7322,-3.7322,4.000000,4.000000,4.000000,6.000000,6.000000,96.000000,96.000000,96.000000,94.000000,94.000000,5.0,-14.9287,-13.5756,-47.2742,-48.6273,PENDING_AG03,FALSE,NOT_FOR_ENFORCEMENT,-59.7148,1387.0692,-62.2029,-59.7148,-2.4881,-0.04025344,-0.03864331,-2.4881,-59.7148,-0.03864331,-2.4881,-2.4881,-2.4881,-3.7322,-3.7322,-59.7148,-0.03864331,-14.9287,-13.5756,-47.2742,-48.6273,-0.03059262,-0.03146824,-0.00161014,7.6499,16.9984,-0.7318,-4.4431,-1.1736,110.3772,6.0714,6.5709,8.5890,2.0771,4.0878,10.2195,20.7715,27.3883,38.3025,3.7812,-2.0771,6.699997,9.369947,1.871396,27,36,17,5,0.39971210,-0.04025344,0.00969557,0E-8,0.000000,0.935017,0.024753,-0.08320842,2026-04-03,2026-07-25,14,53,52,114,0.122807,0.765039,0.858956,1.332374,,,,,,,,GLOBAL_BASELINE_NO_ENTITY_RANKING,,,NOT_APPLICABLE_GLOBAL_BASELINE,HF9g-P5,,,,X 全窗基线 · 不参与实体赏罚,3922485,393,A168_HF9F_20260827_0900,2026-08-27 09:00:00
2026-07-11,24073718,2171,0,4.0878060745,3.8834157708,3.8834157708,1.0000000,1,1,0.50665070000000000,0.506650700000,0.9867858985152569,0.9867858985152569,0.9867858985152569,0E-17,ELIGIBLE,R03b_20260811_FULL_v1,L1_ELIGIBILITY,v2026-08-11,2026-03-21..2026-08-06,baccarat_bet02_101_all_pairs_incl_sentinel,round_win = game_pnl > 0 (decisive only),COMPATIBILITY_ONLY_NOT_PRODUCTION,1545.2809,1444.8638,-62.2029,202,85,0.04025344,-0.00969557,0.07351286,0.04025344,62.2029,1545.2809,OK,0.0000,-2.4881,4.0000,96.0000,AG03-UNRESOLVED,ALL5_LEVELS_bet23_to_bet27,-2.4881,-2.4881,-2.4881,-3.7322,-3.7322,4.000000,4.000000,4.000000,6.000000,6.000000,96.000000,96.000000,96.000000,94.000000,94.000000,5.0,-14.9287,-13.5756,-47.2742,-48.6273,PENDING_AG03,FALSE,NOT_FOR_ENFORCEMENT,-59.7148,1387.0692,-62.2029,-59.7148,-2.4881,-0.04025344,-0.03864331,-2.4881,-59.7148,-0.03864331,-2.4881,-2.4881,-2.4881,-3.7322,-3.7322,-59.7148,-0.03864331,-14.9287,-13.5756,-47.2742,-48.6273,-0.03059262,-0.03146824,-0.00161014,7.6499,16.9984,-0.7318,-4.4431,-1.1736,110.3772,6.0714,6.5709,8.5890,2.0771,4.0878,10.2195,20.7715,27.3883,38.3025,3.7812,-2.0771,6.699997,9.369947,1.871396,27,36,17,5,0.39971210,-0.04025344,0.00969557,0E-8,0.000000,0.935017,0.024753,-0.08320842,2026-04-03,2026-07-25,14,53,52,114,0.122807,0.765039,0.858956,1.332374,,,,,,,,GLOBAL_BASELINE_NO_ENTITY_RANKING,,,NOT_APPLICABLE_GLOBAL_BASELINE,HF9g-P5,,,,X 全窗基线 · 不参与实体赏罚,3922486,393,A168_HF9F_20260827_0900,2026-08-27 09:00:00
2026-07-11,24073718,2280,0,55.1853820054,-16.0446388423,-16.0446388423,0.3333333,8,3,0.40157498215579687,0.238883105555,-0.24111373122575497,0.3836588650860658,-0.24111373122575497,0.16269187660079687,ELIGIBLE,R03b_20260811_FULL_v1,L1_ELIGIBILITY,v2026-08-11,2026-03-21..2026-08-06,baccarat_bet02_101_all_pairs_incl_sentinel,round_win = game_pnl > 0 (decisive only),COMPATIBILITY_ONLY_NOT_PRODUCTION,1545.2809,1444.8638,-62.2029,202,85,0.04025344,-0.00969557,0.07351286,0.04025344,62.2029,1545.2809,OK,0.0000,-2.4881,4.0000,96.0000,AG03-UNRESOLVED,ALL5_LEVELS_bet23_to_bet27,-2.4881,-2.4881,-2.4881,-3.7322,-3.7322,4.000000,4.000000,4.000000,6.000000,6.000000,96.000000,96.000000,96.000000,94.000000,94.000000,5.0,-14.9287,-13.5756,-47.2742,-48.6273,PENDING_AG03,FALSE,NOT_FOR_ENFORCEMENT,-59.7148,1387.0692,-62.2029,-59.7148,-2.4881,-0.04025344,-0.03864331,-2.4881,-59.7148,-0.03864331,-2.4881,-2.4881,-2.4881,-3.7322,-3.7322,-59.7148,-0.03864331,-14.9287,-13.5756,-47.2742,-48.6273,-0.03059262,-0.03146824,-0.00161014,7.6499,16.9984,-0.7318,-4.4431,-1.1736,110.3772,6.0714,6.5709,8.5890,2.0771,4.0878,10.2195,20.7715,27.3883,38.3025,3.7812,-2.0771,6.699997,9.369947,1.871396,27,36,17,5,0.39971210,-0.04025344,0.00969557,0E-8,0.000000,0.935017,0.024753,-0.08320842,2026-04-03,2026-07-25,14,53,52,114,0.122807,0.765039,0.858956,1.332374,,,,,,,,GLOBAL_BASELINE_NO_ENTITY_RANKING,,,NOT_APPLICABLE_GLOBAL_BASELINE,HF9g-P5,,,,X 全窗基线 · 不参与实体赏罚,3922487,393,A168_HF9F_20260827_0900,2026-08-27 09:00:00
2026-07-11,24073718,919,0,16.1468339942,13.2853697420,13.2853697420,1.0000000,3,1,0.36846312405056547,0.218271633333,1.3091889836600055,1.8924712330191793,1.3091889836600055,0.15019149071756547,ELIGIBLE,R03b_20260811_FULL_v1,L1_ELIGIBILITY,v2026-08-11,2026-03-21..2026-08-06,baccarat_bet02_101_all_pairs_incl_sentinel,round_win = game_pnl > 0 (decisive only),COMPATIBILITY_ONLY_NOT_PRODUCTION,1545.2809,1444.8638,-62.2029,202,85,0.04025344,-0.00969557,0.07351286,0.04025344,62.2029,1545.2809,OK,0.0000,-2.4881,4.0000,96.0000,AG03-UNRESOLVED,ALL5_LEVELS_bet23_to_bet27,-2.4881,-2.4881,-2.4881,-3.7322,-3.7322,4.000000,4.000000,4.000000,6.000000,6.000000,96.000000,96.000000,96.000000,94.000000,94.000000,5.0,-14.9287,-13.5756,-47.2742,-48.6273,PENDING_AG03,FALSE,NOT_FOR_ENFORCEMENT,-59.7148,1387.0692,-62.2029,-59.7148,-2.4881,-0.04025344,-0.03864331,-2.4881,-59.7148,-0.03864331,-2.4881,-2.4881,-2.4881,-3.7322,-3.7322,-59.7148,-0.03864331,-14.9287,-13.5756,-47.2742,-48.6273,-0.03059262,-0.03146824,-0.00161014,7.6499,16.9984,-0.7318,-4.4431,-1.1736,110.3772,6.0714,6.5709,8.5890,2.0771,4.0878,10.2195,20.7715,27.3883,38.3025,3.7812,-2.0771,6.699997,9.369947,1.871396,27,36,17,5,0.39971210,-0.04025344,0.00969557,0E-8,0.000000,0.935017,0.024753,-0.08320842,2026-04-03,2026-07-25,14,53,52,114,0.122807,0.765039,0.858956,1.332374,,,,,,,,GLOBAL_BASELINE_NO_ENTITY_RANKING,,,NOT_APPLICABLE_GLOBAL_BASELINE,HF9g-P5,,,,X 全窗基线 · 不参与实体赏罚,3922488,393,A168_HF9F_20260827_0900,2026-08-27 09:00:00
2026-07-12,24073718,-1,1,10.2195151862,-10.2195151862,-10.2195151862,0E-7,2,1,0.41091390000161126,0.287416500000,-0.8351914285029132,-0.6350939377956173,-0.8351914285029132,0.12349740000161126,SENTINEL_DEALER,R03b_20260811_FULL_v1,L1_ELIGIBILITY,v2026-08-11,2026-03-21..2026-08-06,baccarat_bet02_101_all_pairs_incl_sentinel,round_win = game_pnl > 0 (decisive only),COMPATIBILITY_ONLY_NOT_PRODUCTION,1545.2809,1444.8638,-62.2029,202,85,0.04025344,-0.00969557,0.07351286,0.04025344,62.2029,1545.2809,OK,0.0000,-2.4881,4.0000,96.0000,AG03-UNRESOLVED,ALL5_LEVELS_bet23_to_bet27,-2.4881,-2.4881,-2.4881,-3.7322,-3.7322,4.000000,4.000000,4.000000,6.000000,6.000000,96.000000,96.000000,96.000000,94.000000,94.000000,5.0,-14.9287,-13.5756,-47.2742,-48.6273,PENDING_AG03,FALSE,NOT_FOR_ENFORCEMENT,-59.7148,1387.0692,-62.2029,-59.7148,-2.4881,-0.04025344,-0.03864331,-2.4881,-59.7148,-0.03864331,-2.4881,-2.4881,-2.4881,-3.7322,-3.7322,-59.7148,-0.03864331,-14.9287,-13.5756,-47.2742,-48.6273,-0.03059262,-0.03146824,-0.00161014,7.6499,16.9984,-0.7318,-4.4431,-1.1736,110.3772,6.0714,6.5709,8.5890,2.0771,4.0878,10.2195,20.7715,27.3883,38.3025,3.7812,-2.0771,6.699997,9.369947,1.871396,27,36,17,5,0.39971210,-0.04025344,0.00969557,0E-8,0.000000,0.935017,0.024753,-0.08320842,2026-04-03,2026-07-25,14,53,52,114,0.122807,0.765039,0.858956,1.332374,,,,,,,,GLOBAL_BASELINE_NO_ENTITY_RANKING,,,NOT_APPLICABLE_GLOBAL_BASELINE,HF9g-P5,,,,X 全窗基线 · 不参与实体赏罚,3922489,393,A168_HF9F_20260827_0900,2026-08-27 09:00:00
2026-07-14,24073718,-1,1,32.7024485958,-32.7024485958,-32.7024485958,0E-7,3,1,0.42426154375012612,0.218271633333,-0.858428671164569,-0.5284096173047961,-0.858428671164569,0.20598991041712612,SENTINEL_DEALER,R03b_20260811_FULL_v1,L1_ELIGIBILITY,v2026-08-11,2026-03-21..2026-08-06,baccarat_bet02_101_all_pairs_incl_sentinel,round_win = game_pnl > 0 (decisive only),COMPATIBILITY_ONLY_NOT_PRODUCTION,1545.2809,1444.8638,-62.2029,202,85,0.04025344,-0.00969557,0.07351286,0.04025344,62.2029,1545.2809,OK,0.0000,-2.4881,4.0000,96.0000,AG03-UNRESOLVED,ALL5_LEVELS_bet23_to_bet27,-2.4881,-2.4881,-2.4881,-3.7322,-3.7322,4.000000,4.000000,4.000000,6.000000,6.000000,96.000000,96.000000,96.000000,94.000000,94.000000,5.0,-14.9287,-13.5756,-47.2742,-48.6273,PENDING_AG03,FALSE,NOT_FOR_ENFORCEMENT,-59.7148,1387.0692,-62.2029,-59.7148,-2.4881,-0.04025344,-0.03864331,-2.4881,-59.7148,-0.03864331,-2.4881,-2.4881,-2.4881,-3.7322,-3.7322,-59.7148,-0.03864331,-14.9287,-13.5756,-47.2742,-48.6273,-0.03059262,-0.03146824,-0.00161014,7.6499,16.9984,-0.7318,-4.4431,-1.1736,110.3772,6.0714,6.5709,8.5890,2.0771,4.0878,10.2195,20.7715,27.3883,38.3025,3.7812,-2.0771,6.699997,9.369947,1.871396,27,36,17,5,0.39971210,-0.04025344,0.00969557,0E-8,0.000000,0.935017,0.024753,-0.08320842,2026-04-03,2026-07-25,14,53,52,114,0.122807,0.765039,0.858956,1.332374,,,,,,,,GLOBAL_BASELINE_NO_ENTITY_RANKING,,,NOT_APPLICABLE_GLOBAL_BASELINE,HF9g-P5,,,,X 全窗基线 · 不参与实体赏罚,3922490,393,A168_HF9F_20260827_0900,2026-08-27 09:00:00
2026-07-14,24073718,1115,0,30.8629358622,24.0056411725,24.0056411725,0.5000000,5,2,0.41810825567893075,0.252844066667,0.2347954358036565,0.8041814118069085,0.2347954358036565,0.16526418901193075,ELIGIBLE,R03b_20260811_FULL_v1,L1_ELIGIBILITY,v2026-08-11,2026-03-21..2026-08-06,baccarat_bet02_101_all_pairs_incl_sentinel,round_win = game_pnl > 0 (decisive only),COMPATIBILITY_ONLY_NOT_PRODUCTION,1545.2809,1444.8638,-62.2029,202,85,0.04025344,-0.00969557,0.07351286,0.04025344,62.2029,1545.2809,OK,0.0000,-2.4881,4.0000,96.0000,AG03-UNRESOLVED,ALL5_LEVELS_bet23_to_bet27,-2.4881,-2.4881,-2.4881,-3.7322,-3.7322,4.000000,4.000000,4.000000,6.000000,6.000000,96.000000,96.000000,96.000000,94.000000,94.000000,5.0,-14.9287,-13.5756,-47.2742,-48.6273,PENDING_AG03,FALSE,NOT_FOR_ENFORCEMENT,-59.7148,1387.0692,-62.2029,-59.7148,-2.4881,-0.04025344,-0.03864331,-2.4881,-59.7148,-0.03864331,-2.4881,-2.4881,-2.4881,-3.7322,-3.7322,-59.7148,-0.03864331,-14.9287,-13.5756,-47.2742,-48.6273,-0.03059262,-0.03146824,-0.00161014,7.6499,16.9984,-0.7318,-4.4431,-1.1736,110.3772,6.0714,6.5709,8.5890,2.0771,4.0878,10.2195,20.7715,27.3883,38.3025,3.7812,-2.0771,6.699997,9.369947,1.871396,27,36,17,5,0.39971210,-0.04025344,0.00969557,0E-8,0.000000,0.935017,0.024753,-0.08320842,2026-04-03,2026-07-25,14,53,52,114,0.122807,0.765039,0.858956,1.332374,,,,,,,,GLOBAL_BASELINE_NO_ENTITY_RANKING,,,NOT_APPLICABLE_GLOBAL_BASELINE,HF9g-P5,,,,X 全窗基线 · 不参与实体赏罚,3922491,393,A168_HF9F_20260827_0900,2026-08-27 09:00:00
2026-07-14,24073718,2156,0,41.9000122633,-10.0151248824,-10.0151248824,0.5000000,6,2,0.41140899000054822,0.218271633333,0.2546014951822224,0.964537218427919,0.2546014951822224,0.19313735666754822,ELIGIBLE,R03b_20260811_FULL_v1,L1_ELIGIBILITY,v2026-08-11,2026-03-21..2026-08-06,baccarat_bet02_101_all_pairs_incl_sentinel,round_win = game_pnl > 0 (decisive only),COMPATIBILITY_ONLY_NOT_PRODUCTION,1545.2809,1444.8638,-62.2029,202,85,0.04025344,-0.00969557,0.07351286,0.04025344,62.2029,1545.2809,OK,0.0000,-2.4881,4.0000,96.0000,AG03-UNRESOLVED,ALL5_LEVELS_bet23_to_bet27,-2.4881,-2.4881,-2.4881,-3.7322,-3.7322,4.000000,4.000000,4.000000,6.000000,6.000000,96.000000,96.000000,96.000000,94.000000,94.000000,5.0,-14.9287,-13.5756,-47.2742,-48.6273,PENDING_AG03,FALSE,NOT_FOR_ENFORCEMENT,-59.7148,1387.0692,-62.2029,-59.7148,-2.4881,-0.04025344,-0.03864331,-2.4881,-59.7148,-0.03864331,-2.4881,-2.4881,-2.4881,-3.7322,-3.7322,-59.7148,-0.03864331,-14.9287,-13.5756,-47.2742,-48.6273,-0.03059262,-0.03146824,-0.00161014,7.6499,16.9984,-0.7318,-4.4431,-1.1736,110.3772,6.0714,6.5709,8.5890,2.0771,4.0878,10.2195,20.7715,27.3883,38.3025,3.7812,-2.0771,6.699997,9.369947,1.871396,27,36,17,5,0.39971210,-0.04025344,0.00969557,0E-8,0.000000,0.935017,0.024753,-0.08320842,2026-04-03,2026-07-25,14,53,52,114,0.122807,0.765039,0.858956,1.332374,,,,,,,,GLOBAL_BASELINE_NO_ENTITY_RANKING,,,NOT_APPLICABLE_GLOBAL_BASELINE,HF9g-P5,,,,X 全窗基线 · 不参与实体赏罚,3922492,393,A168_HF9F_20260827_0900,2026-08-27 09:00:00
2026-07-18,24073718,-1,1,8.5843927564,4.4965866820,4.4965866820,1.0000000,2,1,0.39523169047801730,0.287416500000,1.2369969614859957,1.5745702178656522,1.2369969614859957,0.10781519047801730,SENTINEL_DEALER,R03b_20260811_FULL_v1,L1_ELIGIBILITY,v2026-08-11,2026-03-21..2026-08-06,baccarat_bet02_101_all_pairs_incl_sentinel,round_win = game_pnl > 0 (decisive only),COMPATIBILITY_ONLY_NOT_PRODUCTION,1545.2809,1444.8638,-62.2029,202,85,0.04025344,-0.00969557,0.07351286,0.04025344,62.2029,1545.2809,OK,0.0000,-2.4881,4.0000,96.0000,AG03-UNRESOLVED,ALL5_LEVELS_bet23_to_bet27,-2.4881,-2.4881,-2.4881,-3.7322,-3.7322,4.000000,4.000000,4.000000,6.000000,6.000000,96.000000,96.000000,96.000000,94.000000,94.000000,5.0,-14.9287,-13.5756,-47.2742,-48.6273,PENDING_AG03,FALSE,NOT_FOR_ENFORCEMENT,-59.7148,1387.0692,-62.2029,-59.7148,-2.4881,-0.04025344,-0.03864331,-2.4881,-59.7148,-0.03864331,-2.4881,-2.4881,-2.4881,-3.7322,-3.7322,-59.7148,-0.03864331,-14.9287,-13.5756,-47.2742,-48.6273,-0.03059262,-0.03146824,-0.00161014,7.6499,16.9984,-0.7318,-4.4431,-1.1736,110.3772,6.0714,6.5709,8.5890,2.0771,4.0878,10.2195,20.7715,27.3883,38.3025,3.7812,-2.0771,6.699997,9.369947,1.871396,27,36,17,5,0.39971210,-0.04025344,0.00969557,0E-8,0.000000,0.935017,0.024753,-0.08320842,2026-04-03,2026-07-25,14,53,52,114,0.122807,0.765039,0.858956,1.332374,,,,,,,,GLOBAL_BASELINE_NO_ENTITY_RANKING,,,NOT_APPLICABLE_GLOBAL_BASELINE,HF9g-P5,,,,X 全窗基线 · 不参与实体赏罚,3922493,393,A168_HF9F_20260827_0900,2026-08-27 09:00:00
2026-07-18,24073718,1645,0,45.3746474267,-16.5556146017,-16.5556146017,0.5000000,5,2,0.38862034778031035,0.255280883334,0.32314883680518075,0.7937385914118444,0.32314883680518075,0.13333946444631035,ELIGIBLE,R03b_20260811_FULL_v1,L1_ELIGIBILITY,v2026-08-11,2026-03-21..2026-08-06,baccarat_bet02_101_all_pairs_incl_sentinel,round_win = game_pnl > 0 (decisive only),COMPATIBILITY_ONLY_NOT_PRODUCTION,1545.2809,1444.8638,-62.2029,202,85,0.04025344,-0.00969557,0.07351286,0.04025344,62.2029,1545.2809,OK,0.0000,-2.4881,4.0000,96.0000,AG03-UNRESOLVED,ALL5_LEVELS_bet23_to_bet27,-2.4881,-2.4881,-2.4881,-3.7322,-3.7322,4.000000,4.000000,4.000000,6.000000,6.000000,96.000000,96.000000,96.000000,94.000000,94.000000,5.0,-14.9287,-13.5756,-47.2742,-48.6273,PENDING_AG03,FALSE,NOT_FOR_ENFORCEMENT,-59.7148,1387.0692,-62.2029,-59.7148,-2.4881,-0.04025344,-0.03864331,-2.4881,-59.7148,-0.03864331,-2.4881,-2.4881,-2.4881,-3.7322,-3.7322,-59.7148,-0.03864331,-14.9287,-13.5756,-47.2742,-48.6273,-0.03059262,-0.03146824,-0.00161014,7.6499,16.9984,-0.7318,-4.4431,-1.1736,110.3772,6.0714,6.5709,8.5890,2.0771,4.0878,10.2195,20.7715,27.3883,38.3025,3.7812,-2.0771,6.699997,9.369947,1.871396,27,36,17,5,0.39971210,-0.04025344,0.00969557,0E-8,0.000000,0.935017,0.024753,-0.08320842,2026-04-03,2026-07-25,14,53,52,114,0.122807,0.765039,0.858956,1.332374,,,,,,,,GLOBAL_BASELINE_NO_ENTITY_RANKING,,,NOT_APPLICABLE_GLOBAL_BASELINE,HF9g-P5,,,,X 全窗基线 · 不参与实体赏罚,3922494,393,A168_HF9F_20260827_0900,2026-08-27 09:00:00
2026-07-18,24073718,2222,0,11.6502473123,5.0893185627,5.0893185627,1.0000000,2,1,0.38741667368298239,0.280106050000,1.257457836817266,1.6031457840727341,1.257457836817266,0.10731062368298239,ELIGIBLE,R03b_20260811_FULL_v1,L1_ELIGIBILITY,v2026-08-11,2026-03-21..2026-08-06,baccarat_bet02_101_all_pairs_incl_sentinel,round_win = game_pnl > 0 (decisive only),COMPATIBILITY_ONLY_NOT_PRODUCTION,1545.2809,1444.8638,-62.2029,202,85,0.04025344,-0.00969557,0.07351286,0.04025344,62.2029,1545.2809,OK,0.0000,-2.4881,4.0000,96.0000,AG03-UNRESOLVED,ALL5_LEVELS_bet23_to_bet27,-2.4881,-2.4881,-2.4881,-3.7322,-3.7322,4.000000,4.000000,4.000000,6.000000,6.000000,96.000000,96.000000,96.000000,94.000000,94.000000,5.0,-14.9287,-13.5756,-47.2742,-48.6273,PENDING_AG03,FALSE,NOT_FOR_ENFORCEMENT,-59.7148,1387.0692,-62.2029,-59.7148,-2.4881,-0.04025344,-0.03864331,-2.4881,-59.7148,-0.03864331,-2.4881,-2.4881,-2.4881,-3.7322,-3.7322,-59.7148,-0.03864331,-14.9287,-13.5756,-47.2742,-48.6273,-0.03059262,-0.03146824,-0.00161014,7.6499,16.9984,-0.7318,-4.4431,-1.1736,110.3772,6.0714,6.5709,8.5890,2.0771,4.0878,10.2195,20.7715,27.3883,38.3025,3.7812,-2.0771,6.699997,9.369947,1.871396,27,36,17,5,0.39971210,-0.04025344,0.00969557,0E-8,0.000000,0.935017,0.024753,-0.08320842,2026-04-03,2026-07-25,14,53,52,114,0.122807,0.765039,0.858956,1.332374,,,,,,,,GLOBAL_BASELINE_NO_ENTITY_RANKING,,,NOT_APPLICABLE_GLOBAL_BASELINE,HF9g-P5,,,,X 全窗基线 · 不参与实体赏罚,3922495,393,A168_HF9F_20260827_0900,2026-08-27 09:00:00
2026-07-18,24073718,2251,0,37.1990352777,30.9651310143,30.9651310143,1.0000000,6,2,0.38462604255990065,0.220708450000,1.7888141067710226,2.657391252037901,1.7888141067710226,0.16391759255990065,ELIGIBLE,R03b_20260811_FULL_v1,L1_ELIGIBILITY,v2026-08-11,2026-03-21..2026-08-06,baccarat_bet02_101_all_pairs_incl_sentinel,round_win = game_pnl > 0 (decisive only),COMPATIBILITY_ONLY_NOT_PRODUCTION,1545.2809,1444.8638,-62.2029,202,85,0.04025344,-0.00969557,0.07351286,0.04025344,62.2029,1545.2809,OK,0.0000,-2.4881,4.0000,96.0000,AG03-UNRESOLVED,ALL5_LEVELS_bet23_to_bet27,-2.4881,-2.4881,-2.4881,-3.7322,-3.7322,4.000000,4.000000,4.000000,6.000000,6.000000,96.000000,96.000000,96.000000,94.000000,94.000000,5.0,-14.9287,-13.5756,-47.2742,-48.6273,PENDING_AG03,FALSE,NOT_FOR_ENFORCEMENT,-59.7148,1387.0692,-62.2029,-59.7148,-2.4881,-0.04025344,-0.03864331,-2.4881,-59.7148,-0.03864331,-2.4881,-2.4881,-2.4881,-3.7322,-3.7322,-59.7148,-0.03864331,-14.9287,-13.5756,-47.2742,-48.6273,-0.03059262,-0.03146824,-0.00161014,7.6499,16.9984,-0.7318,-4.4431,-1.1736,110.3772,6.0714,6.5709,8.5890,2.0771,4.0878,10.2195,20.7715,27.3883,38.3025,3.7812,-2.0771,6.699997,9.369947,1.871396,27,36,17,5,0.39971210,-0.04025344,0.00969557,0E-8,0.000000,0.935017,0.024753,-0.08320842,2026-04-03,2026-07-25,14,53,52,114,0.122807,0.765039,0.858956,1.332374,,,,,,,,GLOBAL_BASELINE_NO_ENTITY_RANKING,,,NOT_APPLICABLE_GLOBAL_BASELINE,HF9g-P5,,,,X 全窗基线 · 不参与实体赏罚,3922496,393,A168_HF9F_20260827_0900,2026-08-27 09:00:00
2026-07-18,24073718,2258,0,36.7902546701,59.2731880800,59.2731880800,0.7500000,7,4,0.24319955079422339,0.161427666667,2.3626256359304882,3.199415096500357,2.3626256359304882,0.08177188412722339,ELIGIBLE,R03b_20260811_FULL_v1,L1_ELIGIBILITY,v2026-08-11,2026-03-21..2026-08-06,baccarat_bet02_101_all_pairs_incl_sentinel,round_win = game_pnl > 0 (decisive only),COMPATIBILITY_ONLY_NOT_PRODUCTION,1545.2809,1444.8638,-62.2029,202,85,0.04025344,-0.00969557,0.07351286,0.04025344,62.2029,1545.2809,OK,0.0000,-2.4881,4.0000,96.0000,AG03-UNRESOLVED,ALL5_LEVELS_bet23_to_bet27,-2.4881,-2.4881,-2.4881,-3.7322,-3.7322,4.000000,4.000000,4.000000,6.000000,6.000000,96.000000,96.000000,96.000000,94.000000,94.000000,5.0,-14.9287,-13.5756,-47.2742,-48.6273,PENDING_AG03,FALSE,NOT_FOR_ENFORCEMENT,-59.7148,1387.0692,-62.2029,-59.7148,-2.4881,-0.04025344,-0.03864331,-2.4881,-59.7148,-0.03864331,-2.4881,-2.4881,-2.4881,-3.7322,-3.7322,-59.7148,-0.03864331,-14.9287,-13.5756,-47.2742,-48.6273,-0.03059262,-0.03146824,-0.00161014,7.6499,16.9984,-0.7318,-4.4431,-1.1736,110.3772,6.0714,6.5709,8.5890,2.0771,4.0878,10.2195,20.7715,27.3883,38.3025,3.7812,-2.0771,6.699997,9.369947,1.871396,27,36,17,5,0.39971210,-0.04025344,0.00969557,0E-8,0.000000,0.935017,0.024753,-0.08320842,2026-04-03,2026-07-25,14,53,52,114,0.122807,0.765039,0.858956,1.332374,,,,,,,,GLOBAL_BASELINE_NO_ENTITY_RANKING,,,NOT_APPLICABLE_GLOBAL_BASELINE,HF9g-P5,,,,X 全窗基线 · 不参与实体赏罚,3922497,393,A168_HF9F_20260827_0900,2026-08-27 09:00:00
2026-07-18,24073718,2271,0,27.7970813065,13.0809794383,13.0809794383,1.0000000,3,1,0.38580841764667232,0.223145266667,1.2617289866528618,1.8658471717540757,1.2617289866528618,0.16266315097967232,ELIGIBLE,R03b_20260811_FULL_v1,L1_ELIGIBILITY,v2026-08-11,2026-03-21..2026-08-06,baccarat_bet02_101_all_pairs_incl_sentinel,round_win = game_pnl > 0 (decisive only),COMPATIBILITY_ONLY_NOT_PRODUCTION,1545.2809,1444.8638,-62.2029,202,85,0.04025344,-0.00969557,0.07351286,0.04025344,62.2029,1545.2809,OK,0.0000,-2.4881,4.0000,96.0000,AG03-UNRESOLVED,ALL5_LEVELS_bet23_to_bet27,-2.4881,-2.4881,-2.4881,-3.7322,-3.7322,4.000000,4.000000,4.000000,6.000000,6.000000,96.000000,96.000000,96.000000,94.000000,94.000000,5.0,-14.9287,-13.5756,-47.2742,-48.6273,PENDING_AG03,FALSE,NOT_FOR_ENFORCEMENT,-59.7148,1387.0692,-62.2029,-59.7148,-2.4881,-0.04025344,-0.03864331,-2.4881,-59.7148,-0.03864331,-2.4881,-2.4881,-2.4881,-3.7322,-3.7322,-59.7148,-0.03864331,-14.9287,-13.5756,-47.2742,-48.6273,-0.03059262,-0.03146824,-0.00161014,7.6499,16.9984,-0.7318,-4.4431,-1.1736,110.3772,6.0714,6.5709,8.5890,2.0771,4.0878,10.2195,20.7715,27.3883,38.3025,3.7812,-2.0771,6.699997,9.369947,1.871396,27,36,17,5,0.39971210,-0.04025344,0.00969557,0E-8,0.000000,0.935017,0.024753,-0.08320842,2026-04-03,2026-07-25,14,53,52,114,0.122807,0.765039,0.858956,1.332374,,,,,,,,GLOBAL_BASELINE_NO_ENTITY_RANKING,,,NOT_APPLICABLE_GLOBAL_BASELINE,HF9g-P5,,,,X 全窗基线 · 不参与实体赏罚,3922498,393,A168_HF9F_20260827_0900,2026-08-27 09:00:00
2026-07-18,24073718,752,0,63.3609941544,6.1317091117,6.1317091117,0.3333333,6,3,0.31095552549016468,0.197383088889,0.08373468699245407,0.5916045379176011,0.08373468699245407,0.11357243660116468,ELIGIBLE,R03b_20260811_FULL_v1,L1_ELIGIBILITY,v2026-08-11,2026-03-21..2026-08-06,baccarat_bet02_101_all_pairs_incl_sentinel,round_win = game_pnl > 0 (decisive only),COMPATIBILITY_ONLY_NOT_PRODUCTION,1545.2809,1444.8638,-62.2029,202,85,0.04025344,-0.00969557,0.07351286,0.04025344,62.2029,1545.2809,OK,0.0000,-2.4881,4.0000,96.0000,AG03-UNRESOLVED,ALL5_LEVELS_bet23_to_bet27,-2.4881,-2.4881,-2.4881,-3.7322,-3.7322,4.000000,4.000000,4.000000,6.000000,6.000000,96.000000,96.000000,96.000000,94.000000,94.000000,5.0,-14.9287,-13.5756,-47.2742,-48.6273,PENDING_AG03,FALSE,NOT_FOR_ENFORCEMENT,-59.7148,1387.0692,-62.2029,-59.7148,-2.4881,-0.04025344,-0.03864331,-2.4881,-59.7148,-0.03864331,-2.4881,-2.4881,-2.4881,-3.7322,-3.7322,-59.7148,-0.03864331,-14.9287,-13.5756,-47.2742,-48.6273,-0.03059262,-0.03146824,-0.00161014,7.6499,16.9984,-0.7318,-4.4431,-1.1736,110.3772,6.0714,6.5709,8.5890,2.0771,4.0878,10.2195,20.7715,27.3883,38.3025,3.7812,-2.0771,6.699997,9.369947,1.871396,27,36,17,5,0.39971210,-0.04025344,0.00969557,0E-8,0.000000,0.935017,0.024753,-0.08320842,2026-04-03,2026-07-25,14,53,52,114,0.122807,0.765039,0.858956,1.332374,,,,,,,,GLOBAL_BASELINE_NO_ENTITY_RANKING,,,NOT_APPLICABLE_GLOBAL_BASELINE,HF9g-P5,,,,X 全窗基线 · 不参与实体赏罚,3922499,393,A168_HF9F_20260827_0900,2026-08-27 09:00:00
2026-07-25,24073718,-1,1,41.0824510486,-15.7380533868,-15.7380533868,0.5000000,4,2,0.41995071575146831,0.287416500000,0.22937223184877986,0.6643100484014338,0.22937223184877986,0.13253421575146831,SENTINEL_DEALER,R03b_20260811_FULL_v1,L1_ELIGIBILITY,v2026-08-11,2026-03-21..2026-08-06,baccarat_bet02_101_all_pairs_incl_sentinel,round_win = game_pnl > 0 (decisive only),COMPATIBILITY_ONLY_NOT_PRODUCTION,1545.2809,1444.8638,-62.2029,202,85,0.04025344,-0.00969557,0.07351286,0.04025344,62.2029,1545.2809,OK,0.0000,-2.4881,4.0000,96.0000,AG03-UNRESOLVED,ALL5_LEVELS_bet23_to_bet27,-2.4881,-2.4881,-2.4881,-3.7322,-3.7322,4.000000,4.000000,4.000000,6.000000,6.000000,96.000000,96.000000,96.000000,94.000000,94.000000,5.0,-14.9287,-13.5756,-47.2742,-48.6273,PENDING_AG03,FALSE,NOT_FOR_ENFORCEMENT,-59.7148,1387.0692,-62.2029,-59.7148,-2.4881,-0.04025344,-0.03864331,-2.4881,-59.7148,-0.03864331,-2.4881,-2.4881,-2.4881,-3.7322,-3.7322,-59.7148,-0.03864331,-14.9287,-13.5756,-47.2742,-48.6273,-0.03059262,-0.03146824,-0.00161014,7.6499,16.9984,-0.7318,-4.4431,-1.1736,110.3772,6.0714,6.5709,8.5890,2.0771,4.0878,10.2195,20.7715,27.3883,38.3025,3.7812,-2.0771,6.699997,9.369947,1.871396,27,36,17,5,0.39971210,-0.04025344,0.00969557,0E-8,0.000000,0.935017,0.024753,-0.08320842,2026-04-03,2026-07-25,14,53,52,114,0.122807,0.765039,0.858956,1.332374,,,,,,,,GLOBAL_BASELINE_NO_ENTITY_RANKING,,,NOT_APPLICABLE_GLOBAL_BASELINE,HF9g-P5,,,,X 全窗基线 · 不参与实体赏罚,3922500,393,A168_HF9F_20260827_0900,2026-08-27 09:00:00
2026-04-22,149002295,1318,0,47.1167185824,22.3804413266,22.3804413266,1.0000000,2,2,0.49994810000000000,0.499948100000,1.0001038053877793,1.0001038053877793,1.0001038053877793,0E-17,ELIGIBLE,R03b_20260811_FULL_v1,L1_ELIGIBILITY,v2026-08-11,2026-03-21..2026-08-06,baccarat_bet02_101_all_pairs_incl_sentinel,round_win = game_pnl > 0 (decisive only),COMPATIBILITY_ONLY_NOT_PRODUCTION,278.5122,223.8044,-61.5528,18,18,0.22100564,,0.22100564,0.22100564,61.5528,278.5122,THIN_EXPOSURE,0.0000,-1.8466,3.0000,97.0000,AG03-UNRESOLVED,ALL5_LEVELS_bet23_to_bet27,-1.8466,-1.8466,-1.8466,-2.4621,-2.4621,3.000000,3.000000,3.000000,4.000000,4.000000,97.000000,97.000000,97.000000,96.000000,96.000000,5.0,-10.4640,-9.7795,-51.0888,-51.7732,PENDING_AG03,FALSE,NOT_FOR_ENFORCEMENT,-59.7062,217.0903,-61.5528,-59.7062,-1.8466,-0.22100564,-0.21437547,-1.8466,-59.7062,-0.21437547,-1.8466,-1.8466,-1.8466,-2.4621,-2.4621,-59.7062,-0.21437547,-10.4640,-9.7795,-51.0888,-51.7732,-0.18343468,-0.18589214,-0.00663017,15.4729,12.4336,-3.4196,-20.5176,-6.1553,92.8374,6.0000,,15.4729,11.7792,13.088,20.1555,23.5584,25.1289,26.176,13.088,7.9837,1.92,2.0,1.182222,3,7,5,2,0E-8,-0.22100564,,0E-8,0.000000,0.803571,0.000000,,2026-04-22,2026-04-28,3,10,5,7,0.428571,,,0.000000,,,,,,,,GLOBAL_BASELINE_NO_ENTITY_RANKING,,,NOT_APPLICABLE_GLOBAL_BASELINE,HF9g-P5,,,,X 全窗基线 · 不参与实体赏罚,3922501,393,A168_HF9F_20260827_0900,2026-08-27 09:00:00
2026-04-22,149002295,2170,0,40.3109703426,28.4009109232,28.4009109232,1.0000000,3,3,0.49771390000000000,0.497713900000,1.4206944795187548,1.420694479518755,1.4206944795187548,0E-17,ELIGIBLE,R03b_20260811_FULL_v1,L1_ELIGIBILITY,v2026-08-11,2026-03-21..2026-08-06,baccarat_bet02_101_all_pairs_incl_sentinel,round_win = game_pnl > 0 (decisive only),COMPATIBILITY_ONLY_NOT_PRODUCTION,278.5122,223.8044,-61.5528,18,18,0.22100564,,0.22100564,0.22100564,61.5528,278.5122,THIN_EXPOSURE,0.0000,-1.8466,3.0000,97.0000,AG03-UNRESOLVED,ALL5_LEVELS_bet23_to_bet27,-1.8466,-1.8466,-1.8466,-2.4621,-2.4621,3.000000,3.000000,3.000000,4.000000,4.000000,97.000000,97.000000,97.000000,96.000000,96.000000,5.0,-10.4640,-9.7795,-51.0888,-51.7732,PENDING_AG03,FALSE,NOT_FOR_ENFORCEMENT,-59.7062,217.0903,-61.5528,-59.7062,-1.8466,-0.22100564,-0.21437547,-1.8466,-59.7062,-0.21437547,-1.8466,-1.8466,-1.8466,-2.4621,-2.4621,-59.7062,-0.21437547,-10.4640,-9.7795,-51.0888,-51.7732,-0.18343468,-0.18589214,-0.00663017,15.4729,12.4336,-3.4196,-20.5176,-6.1553,92.8374,6.0000,,15.4729,11.7792,13.088,20.1555,23.5584,25.1289,26.176,13.088,7.9837,1.92,2.0,1.182222,3,7,5,2,0E-8,-0.22100564,,0E-8,0.000000,0.803571,0.000000,,2026-04-22,2026-04-28,3,10,5,7,0.428571,,,0.000000,,,,,,,,GLOBAL_BASELINE_NO_ENTITY_RANKING,,,NOT_APPLICABLE_GLOBAL_BASELINE,HF9g-P5,,,,X 全窗基线 · 不参与实体赏罚,3922502,393,A168_HF9F_20260827_0900,2026-08-27 09:00:00
2026-04-22,149002295,2252,0,34.0287411984,-7.8527864304,-7.8527864304,0.5000000,2,2,0.49324550000000000,0.493245500000,0.01910635448239258,0.01910635448239258,0.01910635448239258,0E-17,ELIGIBLE,R03b_20260811_FULL_v1,L1_ELIGIBILITY,v2026-08-11,2026-03-21..2026-08-06,baccarat_bet02_101_all_pairs_incl_sentinel,round_win = game_pnl > 0 (decisive only),COMPATIBILITY_ONLY_NOT_PRODUCTION,278.5122,223.8044,-61.5528,18,18,0.22100564,,0.22100564,0.22100564,61.5528,278.5122,THIN_EXPOSURE,0.0000,-1.8466,3.0000,97.0000,AG03-UNRESOLVED,ALL5_LEVELS_bet23_to_bet27,-1.8466,-1.8466,-1.8466,-2.4621,-2.4621,3.000000,3.000000,3.000000,4.000000,4.000000,97.000000,97.000000,97.000000,96.000000,96.000000,5.0,-10.4640,-9.7795,-51.0888,-51.7732,PENDING_AG03,FALSE,NOT_FOR_ENFORCEMENT,-59.7062,217.0903,-61.5528,-59.7062,-1.8466,-0.22100564,-0.21437547,-1.8466,-59.7062,-0.21437547,-1.8466,-1.8466,-1.8466,-2.4621,-2.4621,-59.7062,-0.21437547,-10.4640,-9.7795,-51.0888,-51.7732,-0.18343468,-0.18589214,-0.00663017,15.4729,12.4336,-3.4196,-20.5176,-6.1553,92.8374,6.0000,,15.4729,11.7792,13.088,20.1555,23.5584,25.1289,26.176,13.088,7.9837,1.92,2.0,1.182222,3,7,5,2,0E-8,-0.22100564,,0E-8,0.000000,0.803571,0.000000,,2026-04-22,2026-04-28,3,10,5,7,0.428571,,,0.000000,,,,,,,,GLOBAL_BASELINE_NO_ENTITY_RANKING,,,NOT_APPLICABLE_GLOBAL_BASELINE,HF9g-P5,,,,X 全窗基线 · 不参与实体赏罚,3922503,393,A168_HF9F_20260827_0900,2026-08-27 09:00:00
2026-04-24,149002295,1396,0,52.3519095360,-26.1759547680,-26.1759547680,0.3333333,3,3,0.50218230000000000,0.502182300000,-0.5849155494134425,-0.5849155494134426,-0.5849155494134425,0E-17,ELIGIBLE,R03b_20260811_FULL_v1,L1_ELIGIBILITY,v2026-08-11,2026-03-21..2026-08-06,baccarat_bet02_101_all_pairs_incl_sentinel,round_win = game_pnl > 0 (decisive only),COMPATIBILITY_ONLY_NOT_PRODUCTION,278.5122,223.8044,-61.5528,18,18,0.22100564,,0.22100564,0.22100564,61.5528,278.5122,THIN_EXPOSURE,0.0000,-1.8466,3.0000,97.0000,AG03-UNRESOLVED,ALL5_LEVELS_bet23_to_bet27,-1.8466,-1.8466,-1.8466,-2.4621,-2.4621,3.000000,3.000000,3.000000,4.000000,4.000000,97.000000,97.000000,97.000000,96.000000,96.000000,5.0,-10.4640,-9.7795,-51.0888,-51.7732,PENDING_AG03,FALSE,NOT_FOR_ENFORCEMENT,-59.7062,217.0903,-61.5528,-59.7062,-1.8466,-0.22100564,-0.21437547,-1.8466,-59.7062,-0.21437547,-1.8466,-1.8466,-1.8466,-2.4621,-2.4621,-59.7062,-0.21437547,-10.4640,-9.7795,-51.0888,-51.7732,-0.18343468,-0.18589214,-0.00663017,15.4729,12.4336,-3.4196,-20.5176,-6.1553,92.8374,6.0000,,15.4729,11.7792,13.088,20.1555,23.5584,25.1289,26.176,13.088,7.9837,1.92,2.0,1.182222,3,7,5,2,0E-8,-0.22100564,,0E-8,0.000000,0.803571,0.000000,,2026-04-22,2026-04-28,3,10,5,7,0.428571,,,0.000000,,,,,,,,GLOBAL_BASELINE_NO_ENTITY_RANKING,,,NOT_APPLICABLE_GLOBAL_BASELINE,HF9g-P5,,,,X 全窗基线 · 不参与实体赏罚,3922504,393,A168_HF9F_20260827_0900,2026-08-27 09:00:00
2026-04-24,149002295,1401,0,14.9202942177,14.1742795068,14.1742795068,1.0000000,1,1,0.50665070000000000,0.506650700000,0.9867858985152569,0.9867858985152569,0.9867858985152569,0E-17,ELIGIBLE,R03b_20260811_FULL_v1,L1_ELIGIBILITY,v2026-08-11,2026-03-21..2026-08-06,baccarat_bet02_101_all_pairs_incl_sentinel,round_win = game_pnl > 0 (decisive only),COMPATIBILITY_ONLY_NOT_PRODUCTION,278.5122,223.8044,-61.5528,18,18,0.22100564,,0.22100564,0.22100564,61.5528,278.5122,THIN_EXPOSURE,0.0000,-1.8466,3.0000,97.0000,AG03-UNRESOLVED,ALL5_LEVELS_bet23_to_bet27,-1.8466,-1.8466,-1.8466,-2.4621,-2.4621,3.000000,3.000000,3.000000,4.000000,4.000000,97.000000,97.000000,97.000000,96.000000,96.000000,5.0,-10.4640,-9.7795,-51.0888,-51.7732,PENDING_AG03,FALSE,NOT_FOR_ENFORCEMENT,-59.7062,217.0903,-61.5528,-59.7062,-1.8466,-0.22100564,-0.21437547,-1.8466,-59.7062,-0.21437547,-1.8466,-1.8466,-1.8466,-2.4621,-2.4621,-59.7062,-0.21437547,-10.4640,-9.7795,-51.0888,-51.7732,-0.18343468,-0.18589214,-0.00663017,15.4729,12.4336,-3.4196,-20.5176,-6.1553,92.8374,6.0000,,15.4729,11.7792,13.088,20.1555,23.5584,25.1289,26.176,13.088,7.9837,1.92,2.0,1.182222,3,7,5,2,0E-8,-0.22100564,,0E-8,0.000000,0.803571,0.000000,,2026-04-22,2026-04-28,3,10,5,7,0.428571,,,0.000000,,,,,,,,GLOBAL_BASELINE_NO_ENTITY_RANKING,,,NOT_APPLICABLE_GLOBAL_BASELINE,HF9g-P5,,,,X 全窗基线 · 不参与实体赏罚,3922505,393,A168_HF9F_20260827_0900,2026-08-27 09:00:00
2026-04-24,149002295,2088,0,18.3231683376,18.0614087899,18.0614087899,1.0000000,2,2,0.49994810000000000,0.499948100000,1.4143603653603398,1.4143603653603398,1.4143603653603398,0E-17,ELIGIBLE,R03b_20260811_FULL_v1,L1_ELIGIBILITY,v2026-08-11,2026-03-21..2026-08-06,baccarat_bet02_101_all_pairs_incl_sentinel,round_win = game_pnl > 0 (decisive only),COMPATIBILITY_ONLY_NOT_PRODUCTION,278.5122,223.8044,-61.5528,18,18,0.22100564,,0.22100564,0.22100564,61.5528,278.5122,THIN_EXPOSURE,0.0000,-1.8466,3.0000,97.0000,AG03-UNRESOLVED,ALL5_LEVELS_bet23_to_bet27,-1.8466,-1.8466,-1.8466,-2.4621,-2.4621,3.000000,3.000000,3.000000,4.000000,4.000000,97.000000,97.000000,97.000000,96.000000,96.000000,5.0,-10.4640,-9.7795,-51.0888,-51.7732,PENDING_AG03,FALSE,NOT_FOR_ENFORCEMENT,-59.7062,217.0903,-61.5528,-59.7062,-1.8466,-0.22100564,-0.21437547,-1.8466,-59.7062,-0.21437547,-1.8466,-1.8466,-1.8466,-2.4621,-2.4621,-59.7062,-0.21437547,-10.4640,-9.7795,-51.0888,-51.7732,-0.18343468,-0.18589214,-0.00663017,15.4729,12.4336,-3.4196,-20.5176,-6.1553,92.8374,6.0000,,15.4729,11.7792,13.088,20.1555,23.5584,25.1289,26.176,13.088,7.9837,1.92,2.0,1.182222,3,7,5,2,0E-8,-0.22100564,,0E-8,0.000000,0.803571,0.000000,,2026-04-22,2026-04-28,3,10,5,7,0.428571,,,0.000000,,,,,,,,GLOBAL_BASELINE_NO_ENTITY_RANKING,,,NOT_APPLICABLE_GLOBAL_BASELINE,HF9g-P5,,,,X 全窗基线 · 不参与实体赏罚,3922506,393,A168_HF9F_20260827_0900,2026-08-27 09:00:00
2026-04-28,149002295,1307,0,71.4603565165,12.5644582886,12.5644582886,0.5000000,5,5,0.49592654000000000,0.495926540000,0.016294380756781617,0.016294380756781617,0.016294380756781617,0E-17,ELIGIBLE,R03b_20260811_FULL_v1,L1_ELIGIBILITY,v2026-08-11,2026-03-21..2026-08-06,baccarat_bet02_101_all_pairs_incl_sentinel,round_win = game_pnl > 0 (decisive only),COMPATIBILITY_ONLY_NOT_PRODUCTION,278.5122,223.8044,-61.5528,18,18,0.22100564,,0.22100564,0.22100564,61.5528,278.5122,THIN_EXPOSURE,0.0000,-1.8466,3.0000,97.0000,AG03-UNRESOLVED,ALL5_LEVELS_bet23_to_bet27,-1.8466,-1.8466,-1.8466,-2.4621,-2.4621,3.000000,3.000000,3.000000,4.000000,4.000000,97.000000,97.000000,97.000000,96.000000,96.000000,5.0,-10.4640,-9.7795,-51.0888,-51.7732,PENDING_AG03,FALSE,NOT_FOR_ENFORCEMENT,-59.7062,217.0903,-61.5528,-59.7062,-1.8466,-0.22100564,-0.21437547,-1.8466,-59.7062,-0.21437547,-1.8466,-1.8466,-1.8466,-2.4621,-2.4621,-59.7062,-0.21437547,-10.4640,-9.7795,-51.0888,-51.7732,-0.18343468,-0.18589214,-0.00663017,15.4729,12.4336,-3.4196,-20.5176,-6.1553,92.8374,6.0000,,15.4729,11.7792,13.088,20.1555,23.5584,25.1289,26.176,13.088,7.9837,1.92,2.0,1.182222,3,7,5,2,0E-8,-0.22100564,,0E-8,0.000000,0.803571,0.000000,,2026-04-22,2026-04-28,3,10,5,7,0.428571,,,0.000000,,,,,,,,GLOBAL_BASELINE_NO_ENTITY_RANKING,,,NOT_APPLICABLE_GLOBAL_BASELINE,HF9g-P5,,,,X 全窗基线 · 不参与实体赏罚,3922507,393,A168_HF9F_20260827_0900,2026-08-27 09:00:00
2026-04-03,148155246,1383,0,63.2471064449,62.1929880041,62.1929880041,1.0000000,2,2,0.49994810000000000,0.499948100000,1.4143603653603398,1.4143603653603398,1.4143603653603398,0E-17,ELIGIBLE,R03b_20260811_FULL_v1,L1_ELIGIBILITY,v2026-08-11,2026-03-21..2026-08-06,baccarat_bet02_101_all_pairs_incl_sentinel,round_win = game_pnl > 0 (decisive only),COMPATIBILITY_ONLY_NOT_PRODUCTION,63.2471,63.2471,-62.1930,2,2,0.98333333,,0.98333333,0.98333333,62.1930,63.2471,THIN_EXPOSURE,0.0000,-2.4877,4.0000,96.0000,AG03-UNRESOLVED,ALL5_LEVELS_bet23_to_bet27,-2.4877,-2.4877,-2.4877,-2.4877,-2.4877,4.000000,4.000000,4.000000,4.000000,4.000000,96.000000,96.000000,96.000000,96.000000,96.000000,5.0,-12.4386,-11.4825,-49.7544,-50.7105,PENDING_AG03,FALSE,NOT_FOR_ENFORCEMENT,-59.7053,60.7172,-62.1930,-59.7053,-2.4877,-0.98333333,-0.94400000,-2.4877,-59.7053,-0.94400000,-2.4877,-2.4877,-2.4877,-2.4877,-2.4877,-59.7053,-0.94400000,-12.4386,-11.4825,-49.7544,-50.7105,-0.78666667,-0.80178315,-0.03933333,31.6236,31.6236,-31.0965,-62.1930,-62.1930,63.2471,2.0000,,31.6236,21.0824,31.6236,42.1647,42.1647,42.1647,42.1647,31.6236,31.0965,1.333333,1.333333,1.0,1,1,1,2,0E-8,-0.98333333,,0E-8,0.000000,1.000000,0.000000,,2026-04-03,2026-04-03,1,1,1,1,1.000000,,,0.000000,,,,,,,,GLOBAL_BASELINE_NO_ENTITY_RANKING,,,NOT_APPLICABLE_GLOBAL_BASELINE,HF9g-P5,,,,X 全窗基线 · 不参与实体赏罚,3922508,393,A168_HF9F_20260827_0900,2026-08-27 09:00:00
2026-04-15,125548717,1325,0,42.1647376300,41.1106191892,41.1106191892,1.0000000,2,2,0.49994810000000000,0.499948100000,1.4143603653603398,1.4143603653603398,1.4143603653603398,0E-17,ELIGIBLE,R03b_20260811_FULL_v1,L1_ELIGIBILITY,v2026-08-11,2026-03-21..2026-08-06,baccarat_bet02_101_all_pairs_incl_sentinel,round_win = game_pnl > 0 (decisive only),COMPATIBILITY_ONLY_NOT_PRODUCTION,84.3295,63.2471,-62.1930,4,4,0.73750000,,0.73750000,0.73750000,62.1930,84.3295,THIN_EXPOSURE,0.0000,-2.4877,4.0000,96.0000,AG03-UNRESOLVED,ALL5_LEVELS_bet23_to_bet27,-2.4877,-2.4877,-2.4877,-3.7316,-3.7316,4.000000,4.000000,4.000000,6.000000,6.000000,96.000000,96.000000,96.000000,94.000000,94.000000,5.0,-14.9263,-13.5734,-47.2667,-48.6195,PENDING_AG03,FALSE,NOT_FOR_ENFORCEMENT,-59.7053,60.7172,-62.1930,-59.7053,-2.4877,-0.73750000,-0.70800000,-2.4877,-59.7053,-0.70800000,-2.4877,-2.4877,-2.4877,-3.7316,-3.7316,-59.7053,-0.70800000,-14.9263,-13.5734,-47.2667,-48.6195,-0.56050000,-0.57654264,-0.02950000,21.0824,15.8118,-15.5482,-62.1930,-62.1930,84.3295,4.0000,,21.0824,21.0824,21.0824,21.0824,21.0824,21.0824,21.0824,21.0824,20.5553,1.0,1.0,1.0,1,2,1,2,0E-8,-0.73750000,,0E-8,0.000000,0.750000,0.000000,,2026-04-15,2026-04-15,1,1,1,1,1.000000,,,0.000000,,,,,,,,GLOBAL_BASELINE_NO_ENTITY_RANKING,,,NOT_APPLICABLE_GLOBAL_BASELINE,HF9g-P5,,,,X 全窗基线 · 不参与实体赏罚,3922509,393,A168_HF9F_20260827_0900,2026-08-27 09:00:00
2026-04-15,125548717,1384,0,42.1647376300,21.0823688150,21.0823688150,1.0000000,2,2,0.49324550000000000,0.493245500000,1.01360149184955,1.01360149184955,1.01360149184955,0E-17,ELIGIBLE,R03b_20260811_FULL_v1,L1_ELIGIBILITY,v2026-08-11,2026-03-21..2026-08-06,baccarat_bet02_101_all_pairs_incl_sentinel,round_win = game_pnl > 0 (decisive only),COMPATIBILITY_ONLY_NOT_PRODUCTION,84.3295,63.2471,-62.1930,4,4,0.73750000,,0.73750000,0.73750000,62.1930,84.3295,THIN_EXPOSURE,0.0000,-2.4877,4.0000,96.0000,AG03-UNRESOLVED,ALL5_LEVELS_bet23_to_bet27,-2.4877,-2.4877,-2.4877,-3.7316,-3.7316,4.000000,4.000000,4.000000,6.000000,6.000000,96.000000,96.000000,96.000000,94.000000,94.000000,5.0,-14.9263,-13.5734,-47.2667,-48.6195,PENDING_AG03,FALSE,NOT_FOR_ENFORCEMENT,-59.7053,60.7172,-62.1930,-59.7053,-2.4877,-0.73750000,-0.70800000,-2.4877,-59.7053,-0.70800000,-2.4877,-2.4877,-2.4877,-3.7316,-3.7316,-59.7053,-0.70800000,-14.9263,-13.5734,-47.2667,-48.6195,-0.56050000,-0.57654264,-0.02950000,21.0824,15.8118,-15.5482,-62.1930,-62.1930,84.3295,4.0000,,21.0824,21.0824,21.0824,21.0824,21.0824,21.0824,21.0824,21.0824,20.5553,1.0,1.0,1.0,1,2,1,2,0E-8,-0.73750000,,0E-8,0.000000,0.750000,0.000000,,2026-04-15,2026-04-15,1,1,1,1,1.000000,,,0.000000,,,,,,,,GLOBAL_BASELINE_NO_ENTITY_RANKING,,,NOT_APPLICABLE_GLOBAL_BASELINE,HF9g-P5,,,,X 全窗基线 · 不参与实体赏罚,3922510,393,A168_HF9F_20260827_0900,2026-08-27 09:00:00
2026-04-03,148157259,2170,0,105.4118440749,62.1929880041,62.1929880041,0.7500000,4,4,0.49659680000000000,0.496596800000,1.0136362796769356,1.0136362796769358,1.0136362796769356,0E-17,ELIGIBLE,R03b_20260811_FULL_v1,L1_ELIGIBILITY,v2026-08-11,2026-03-21..2026-08-06,baccarat_bet02_101_all_pairs_incl_sentinel,round_win = game_pnl > 0 (decisive only),COMPATIBILITY_ONLY_NOT_PRODUCTION,105.4118,105.4118,-62.1930,4,4,0.59000000,,0.59000000,0.59000000,62.1930,105.4118,THIN_EXPOSURE,0.0000,-2.4877,4.0000,96.0000,AG03-UNRESOLVED,ALL5_LEVELS_bet23_to_bet27,-2.4877,-2.4877,-2.4877,-2.4877,-2.4877,4.000000,4.000000,4.000000,4.000000,4.000000,96.000000,96.000000,96.000000,96.000000,96.000000,5.0,-12.4386,-11.4825,-49.7544,-50.7105,PENDING_AG03,FALSE,NOT_FOR_ENFORCEMENT,-59.7053,101.1954,-62.1930,-59.7053,-2.4877,-0.59000000,-0.56640000,-2.4877,-59.7053,-0.56640000,-2.4877,-2.4877,-2.4877,-2.4877,-2.4877,-59.7053,-0.56640000,-12.4386,-11.4825,-49.7544,-50.7105,-0.47200000,-0.48106989,-0.02360000,26.3530,26.3530,-15.5482,-62.1930,-62.1930,105.4118,4.0000,,26.3530,21.0824,21.0824,31.6236,42.1647,42.1647,42.1647,21.0824,20.5553,2.0,2.0,1.25,1,1,1,2,0E-8,-0.59000000,,0E-8,0.000000,1.000000,0.000000,,2026-04-03,2026-04-03,1,1,1,1,1.000000,,,0.000000,,,,,,,,GLOBAL_BASELINE_NO_ENTITY_RANKING,,,NOT_APPLICABLE_GLOBAL_BASELINE,HF9g-P5,,,,X 全窗基线 · 不参与实体赏罚,3922511,393,A168_HF9F_20260827_0900,2026-08-27 09:00:00
2026-04-21,148957054,1963,0,129.6565682122,53.7600404782,53.7600404782,0.8333333,9,7,0.48108287500000000,0.466686050000,1.726904183411155,1.8001977522531583,1.726904183411155,0.01439682500000000,ELIGIBLE,R03b_20260811_FULL_v1,L1_ELIGIBILITY,v2026-08-11,2026-03-21..2026-08-06,baccarat_bet02_101_all_pairs_incl_sentinel,round_win = game_pnl > 0 (decisive only),COMPATIBILITY_ONLY_NOT_PRODUCTION,138.0895,95.9248,-62.1930,10,8,0.45038168,,0.45038168,0.45038168,62.1930,138.0895,THIN_EXPOSURE,0.0000,-2.4877,4.0000,96.0000,AG03-UNRESOLVED,ALL5_LEVELS_bet23_to_bet27,-2.4877,-3.1096,-3.1096,-3.1096,-3.1096,4.000000,5.000000,5.000000,5.000000,5.000000,96.000000,95.000000,95.000000,95.000000,95.000000,5.0,-14.9263,-13.5627,-47.2667,-48.6303,PENDING_AG03,FALSE,NOT_FOR_ENFORCEMENT,-59.7053,92.0878,-62.1930,-59.7053,-2.4877,-0.45038168,-0.43236641,-2.4877,-59.7053,-0.43236641,-2.4877,-3.1096,-3.1096,-3.1096,-3.1096,-59.7053,-0.43236641,-14.9263,-13.5627,-47.2667,-48.6303,-0.34229008,-0.35216515,-0.01801527,13.8090,11.9906,-7.7741,-62.1930,-31.0965,138.0895,8.0000,,13.8090,8.4329,11.5953,21.0824,21.0824,21.0824,21.0824,8.96,8.4329,1.818182,1.818182,1.190909,1,2,1,3,0E-8,-0.45038168,,0E-8,0.000000,0.694656,0.000000,,2026-04-21,2026-04-21,1,2,1,1,1.000000,,,0.000000,,,,,,,,GLOBAL_BASELINE_NO_ENTITY_RANKING,,,NOT_APPLICABLE_GLOBAL_BASELINE,HF9g-P5,,,,X 全窗基线 · 不参与实体赏罚,3922512,393,A168_HF9F_20260827_0900,2026-08-27 09:00:00
2026-04-21,148957054,2117,0,8.4329475260,8.4329475260,8.4329475260,1.0000000,1,1,0.49324550000000000,0.493245500000,1.01360149184955,1.01360149184955,1.01360149184955,0E-17,ELIGIBLE,R03b_20260811_FULL_v1,L1_ELIGIBILITY,v2026-08-11,2026-03-21..2026-08-06,baccarat_bet02_101_all_pairs_incl_sentinel,round_win = game_pnl > 0 (decisive only),COMPATIBILITY_ONLY_NOT_PRODUCTION,138.0895,95.9248,-62.1930,10,8,0.45038168,,0.45038168,0.45038168,62.1930,138.0895,THIN_EXPOSURE,0.0000,-2.4877,4.0000,96.0000,AG03-UNRESOLVED,ALL5_LEVELS_bet23_to_bet27,-2.4877,-3.1096,-3.1096,-3.1096,-3.1096,4.000000,5.000000,5.000000,5.000000,5.000000,96.000000,95.000000,95.000000,95.000000,95.000000,5.0,-14.9263,-13.5627,-47.2667,-48.6303,PENDING_AG03,FALSE,NOT_FOR_ENFORCEMENT,-59.7053,92.0878,-62.1930,-59.7053,-2.4877,-0.45038168,-0.43236641,-2.4877,-59.7053,-0.43236641,-2.4877,-3.1096,-3.1096,-3.1096,-3.1096,-59.7053,-0.43236641,-14.9263,-13.5627,-47.2667,-48.6303,-0.34229008,-0.35216515,-0.01801527,13.8090,11.9906,-7.7741,-62.1930,-31.0965,138.0895,8.0000,,13.8090,8.4329,11.5953,21.0824,21.0824,21.0824,21.0824,8.96,8.4329,1.818182,1.818182,1.190909,1,2,1,3,0E-8,-0.45038168,,0E-8,0.000000,0.694656,0.000000,,2026-04-21,2026-04-21,1,2,1,1,1.000000,,,0.000000,,,,,,,,GLOBAL_BASELINE_NO_ENTITY_RANKING,,,NOT_APPLICABLE_GLOBAL_BASELINE,HF9g-P5,,,,X 全窗基线 · 不参与实体赏罚,3922513,393,A168_HF9F_20260827_0900,2026-08-27 09:00:00
2026-04-02,148031232,2160,0,242.4472413721,209.7695697088,209.7695697088,1.0000000,2,1,0.48873557391301392,0.300626750000,1.0227884428347882,1.5252488199758223,1.0227884428347882,0.18810882391301392,ELIGIBLE,R03b_20260811_FULL_v1,L1_ELIGIBILITY,v2026-08-11,2026-03-21..2026-08-06,baccarat_bet02_101_all_pairs_incl_sentinel,round_win = game_pnl > 0 (decisive only),COMPATIBILITY_ONLY_NOT_PRODUCTION,390.0238,390.0238,-62.1930,3,2,0.15945946,,0.15945946,0.15945946,62.1930,390.0238,THIN_EXPOSURE,0.0000,-2.4877,4.0000,96.0000,AG03-UNRESOLVED,ALL5_LEVELS_bet23_to_bet27,-2.4877,-2.4877,-2.4877,-3.7316,-3.7316,4.000000,4.000000,4.000000,6.000000,6.000000,96.000000,96.000000,96.000000,94.000000,94.000000,5.0,-14.9263,-13.5734,-47.2667,-48.6195,PENDING_AG03,FALSE,NOT_FOR_ENFORCEMENT,-59.7053,374.4229,-62.1930,-59.7053,-2.4877,-0.15945946,-0.15308108,-2.4877,-59.7053,-0.15308108,-2.4877,-2.4877,-2.4877,-3.7316,-3.7316,-59.7053,-0.15308108,-14.9263,-13.5734,-47.2667,-48.6195,-0.12118919,-0.12465787,-0.00637838,130.0079,195.0119,-31.0965,-31.0965,-31.0965,195.0119,1.0000,,130.0079,44.8,147.5766,210.8237,231.9061,231.9061,231.9061,147.5766,-10.5412,1.571429,1.571429,0.880952,2,2,2,2,0E-8,-0.15945946,,0E-8,0.000000,1.000000,0.000000,,2026-04-02,2026-04-25,2,2,2,24,0.083333,,,0.000000,,,,,,,,GLOBAL_BASELINE_NO_ENTITY_RANKING,,,NOT_APPLICABLE_GLOBAL_BASELINE,HF9g-P5,,,,X 全窗基线 · 不参与实体赏罚,3922514,393,A168_HF9F_20260827_0900,2026-08-27 09:00:00
2026-04-25,148031232,1400,0,147.5765817047,-147.5765817047,-147.5765817047,0E-7,1,1,0.50665070000000000,0.506650700000,-1.013391052207602,-1.013391052207602,-1.013391052207602,0E-17,ELIGIBLE,R03b_20260811_FULL_v1,L1_ELIGIBILITY,v2026-08-11,2026-03-21..2026-08-06,baccarat_bet02_101_all_pairs_incl_sentinel,round_win = game_pnl > 0 (decisive only),COMPATIBILITY_ONLY_NOT_PRODUCTION,390.0238,390.0238,-62.1930,3,2,0.15945946,,0.15945946,0.15945946,62.1930,390.0238,THIN_EXPOSURE,0.0000,-2.4877,4.0000,96.0000,AG03-UNRESOLVED,ALL5_LEVELS_bet23_to_bet27,-2.4877,-2.4877,-2.4877,-3.7316,-3.7316,4.000000,4.000000,4.000000,6.000000,6.000000,96.000000,96.000000,96.000000,94.000000,94.000000,5.0,-14.9263,-13.5734,-47.2667,-48.6195,PENDING_AG03,FALSE,NOT_FOR_ENFORCEMENT,-59.7053,374.4229,-62.1930,-59.7053,-2.4877,-0.15945946,-0.15308108,-2.4877,-59.7053,-0.15308108,-2.4877,-2.4877,-2.4877,-3.7316,-3.7316,-59.7053,-0.15308108,-14.9263,-13.5734,-47.2667,-48.6195,-0.12118919,-0.12465787,-0.00637838,130.0079,195.0119,-31.0965,-31.0965,-31.0965,195.0119,1.0000,,130.0079,44.8,147.5766,210.8237,231.9061,231.9061,231.9061,147.5766,-10.5412,1.571429,1.571429,0.880952,2,2,2,2,0E-8,-0.15945946,,0E-8,0.000000,1.000000,0.000000,,2026-04-02,2026-04-25,2,2,2,24,0.083333,,,0.000000,,,,,,,,GLOBAL_BASELINE_NO_ENTITY_RANKING,,,NOT_APPLICABLE_GLOBAL_BASELINE,HF9g-P5,,,,X 全窗基线 · 不参与实体赏罚,3922515,393,A168_HF9F_20260827_0900,2026-08-27 09:00:00
2026-07-07,152700912,-1,1,19.3633335915,-19.3633335915,-19.3633335915,0E-7,1,1,0.49324550000000000,0.493245500000,-0.9865810262130424,-0.9865810262130424,-0.9865810262130424,0E-17,SENTINEL_DEALER,R03b_20260811_FULL_v1,L1_ELIGIBILITY,v2026-08-11,2026-03-21..2026-08-06,baccarat_bet02_101_all_pairs_incl_sentinel,round_win = game_pnl > 0 (decisive only),COMPATIBILITY_ONLY_NOT_PRODUCTION,182.0153,182.0153,-61.5496,9,9,0.33815603,,0.33815603,0.33815603,61.5496,182.0153,THIN_EXPOSURE,0.0000,-1.8465,3.0000,97.0000,AG03-UNRESOLVED,ALL5_LEVELS_bet23_to_bet27,-1.8465,-1.8465,-1.8465,-2.4620,-2.4620,3.000000,3.000000,3.000000,4.000000,4.000000,97.000000,97.000000,97.000000,96.000000,96.000000,5.0,-10.4634,-9.779,-51.0862,-51.7706,PENDING_AG03,FALSE,NOT_FOR_ENFORCEMENT,-59.7031,176.5549,-61.5496,-59.7031,-1.8465,-0.33815603,-0.32801135,-1.8465,-59.7031,-0.32801135,-1.8465,-1.8465,-1.8465,-2.4620,-2.4620,-59.7031,-0.32801135,-10.4634,-9.779,-51.0862,-51.7706,-0.28066950,-0.28442961,-0.01014468,20.2239,20.2239,-6.8388,-61.5496,-8.7928,182.0153,9.0000,,20.2239,12.9089,19.3633,23.5587,33.0467,37.694,37.694,19.3633,15.4907,1.946667,1.946667,1.044444,7,7,1,2,0E-8,-0.33815603,,0E-8,0.000000,1.000000,0.000000,,2026-07-07,2026-07-07,1,7,7,1,1.000000,,,0.000000,,,,,,,,GLOBAL_BASELINE_NO_ENTITY_RANKING,,,NOT_APPLICABLE_GLOBAL_BASELINE,HF9g-P5,,,,X 全窗基线 · 不参与实体赏罚,3922516,393,A168_HF9F_20260827_0900,2026-08-27 09:00:00
2026-07-07,152700912,1391,0,37.6939560581,35.8092582552,35.8092582552,1.0000000,1,1,0.50665070000000000,0.506650700000,0.9867858985152569,0.9867858985152569,0.9867858985152569,0E-17,ELIGIBLE,R03b_20260811_FULL_v1,L1_ELIGIBILITY,v2026-08-11,2026-03-21..2026-08-06,baccarat_bet02_101_all_pairs_incl_sentinel,round_win = game_pnl > 0 (decisive only),COMPATIBILITY_ONLY_NOT_PRODUCTION,182.0153,182.0153,-61.5496,9,9,0.33815603,,0.33815603,0.33815603,61.5496,182.0153,THIN_EXPOSURE,0.0000,-1.8465,3.0000,97.0000,AG03-UNRESOLVED,ALL5_LEVELS_bet23_to_bet27,-1.8465,-1.8465,-1.8465,-2.4620,-2.4620,3.000000,3.000000,3.000000,4.000000,4.000000,97.000000,97.000000,97.000000,96.000000,96.000000,5.0,-10.4634,-9.779,-51.0862,-51.7706,PENDING_AG03,FALSE,NOT_FOR_ENFORCEMENT,-59.7031,176.5549,-61.5496,-59.7031,-1.8465,-0.33815603,-0.32801135,-1.8465,-59.7031,-0.32801135,-1.8465,-1.8465,-1.8465,-2.4620,-2.4620,-59.7031,-0.32801135,-10.4634,-9.779,-51.0862,-51.7706,-0.28066950,-0.28442961,-0.01014468,20.2239,20.2239,-6.8388,-61.5496,-8.7928,182.0153,9.0000,,20.2239,12.9089,19.3633,23.5587,33.0467,37.694,37.694,19.3633,15.4907,1.946667,1.946667,1.044444,7,7,1,2,0E-8,-0.33815603,,0E-8,0.000000,1.000000,0.000000,,2026-07-07,2026-07-07,1,7,7,1,1.000000,,,0.000000,,,,,,,,GLOBAL_BASELINE_NO_ENTITY_RANKING,,,NOT_APPLICABLE_GLOBAL_BASELINE,HF9g-P5,,,,X 全窗基线 · 不参与实体赏罚,3922517,393,A168_HF9F_20260827_0900,2026-08-27 09:00:00
2026-07-07,152700912,1957,0,12.9088890610,-12.9088890610,-12.9088890610,0E-7,1,1,0.49324550000000000,0.493245500000,-0.9865810262130424,-0.9865810262130424,-0.9865810262130424,0E-17,ELIGIBLE,R03b_20260811_FULL_v1,L1_ELIGIBILITY,v2026-08-11,2026-03-21..2026-08-06,baccarat_bet02_101_all_pairs_incl_sentinel,round_win = game_pnl > 0 (decisive only),COMPATIBILITY_ONLY_NOT_PRODUCTION,182.0153,182.0153,-61.5496,9,9,0.33815603,,0.33815603,0.33815603,61.5496,182.0153,THIN_EXPOSURE,0.0000,-1.8465,3.0000,97.0000,AG03-UNRESOLVED,ALL5_LEVELS_bet23_to_bet27,-1.8465,-1.8465,-1.8465,-2.4620,-2.4620,3.000000,3.000000,3.000000,4.000000,4.000000,97.000000,97.000000,97.000000,96.000000,96.000000,5.0,-10.4634,-9.779,-51.0862,-51.7706,PENDING_AG03,FALSE,NOT_FOR_ENFORCEMENT,-59.7031,176.5549,-61.5496,-59.7031,-1.8465,-0.33815603,-0.32801135,-1.8465,-59.7031,-0.32801135,-1.8465,-1.8465,-1.8465,-2.4620,-2.4620,-59.7031,-0.32801135,-10.4634,-9.779,-51.0862,-51.7706,-0.28066950,-0.28442961,-0.01014468,20.2239,20.2239,-6.8388,-61.5496,-8.7928,182.0153,9.0000,,20.2239,12.9089,19.3633,23.5587,33.0467,37.694,37.694,19.3633,15.4907,1.946667,1.946667,1.044444,7,7,1,2,0E-8,-0.33815603,,0E-8,0.000000,1.000000,0.000000,,2026-07-07,2026-07-07,1,7,7,1,1.000000,,,0.000000,,,,,,,,GLOBAL_BASELINE_NO_ENTITY_RANKING,,,NOT_APPLICABLE_GLOBAL_BASELINE,HF9g-P5,,,,X 全窗基线 · 不参与实体赏罚,3922518,393,A168_HF9F_20260827_0900,2026-08-27 09:00:00
2026-07-07,152700912,2167,0,15.4906668732,15.4906668732,15.4906668732,1.0000000,1,1,0.49324550000000000,0.493245500000,1.01360149184955,1.01360149184955,1.01360149184955,0E-17,ELIGIBLE,R03b_20260811_FULL_v1,L1_ELIGIBILITY,v2026-08-11,2026-03-21..2026-08-06,baccarat_bet02_101_all_pairs_incl_sentinel,round_win = game_pnl > 0 (decisive only),COMPATIBILITY_ONLY_NOT_PRODUCTION,182.0153,182.0153,-61.5496,9,9,0.33815603,,0.33815603,0.33815603,61.5496,182.0153,THIN_EXPOSURE,0.0000,-1.8465,3.0000,97.0000,AG03-UNRESOLVED,ALL5_LEVELS_bet23_to_bet27,-1.8465,-1.8465,-1.8465,-2.4620,-2.4620,3.000000,3.000000,3.000000,4.000000,4.000000,97.000000,97.000000,97.000000,96.000000,96.000000,5.0,-10.4634,-9.779,-51.0862,-51.7706,PENDING_AG03,FALSE,NOT_FOR_ENFORCEMENT,-59.7031,176.5549,-61.5496,-59.7031,-1.8465,-0.33815603,-0.32801135,-1.8465,-59.7031,-0.32801135,-1.8465,-1.8465,-1.8465,-2.4620,-2.4620,-59.7031,-0.32801135,-10.4634,-9.779,-51.0862,-51.7706,-0.28066950,-0.28442961,-0.01014468,20.2239,20.2239,-6.8388,-61.5496,-8.7928,182.0153,9.0000,,20.2239,12.9089,19.3633,23.5587,33.0467,37.694,37.694,19.3633,15.4907,1.946667,1.946667,1.044444,7,7,1,2,0E-8,-0.33815603,,0E-8,0.000000,1.000000,0.000000,,2026-07-07,2026-07-07,1,7,7,1,1.000000,,,0.000000,,,,,,,,GLOBAL_BASELINE_NO_ENTITY_RANKING,,,NOT_APPLICABLE_GLOBAL_BASELINE,HF9g-P5,,,,X 全窗基线 · 不参与实体赏罚,3922519,393,A168_HF9F_20260827_0900,2026-08-27 09:00:00
2026-07-07,152700912,2223,0,22.7196447474,22.7196447474,22.7196447474,1.0000000,1,1,0.49324550000000000,0.493245500000,1.01360149184955,1.01360149184955,1.01360149184955,0E-17,ELIGIBLE,R03b_20260811_FULL_v1,L1_ELIGIBILITY,v2026-08-11,2026-03-21..2026-08-06,baccarat_bet02_101_all_pairs_incl_sentinel,round_win = game_pnl > 0 (decisive only),COMPATIBILITY_ONLY_NOT_PRODUCTION,182.0153,182.0153,-61.5496,9,9,0.33815603,,0.33815603,0.33815603,61.5496,182.0153,THIN_EXPOSURE,0.0000,-1.8465,3.0000,97.0000,AG03-UNRESOLVED,ALL5_LEVELS_bet23_to_bet27,-1.8465,-1.8465,-1.8465,-2.4620,-2.4620,3.000000,3.000000,3.000000,4.000000,4.000000,97.000000,97.000000,97.000000,96.000000,96.000000,5.0,-10.4634,-9.779,-51.0862,-51.7706,PENDING_AG03,FALSE,NOT_FOR_ENFORCEMENT,-59.7031,176.5549,-61.5496,-59.7031,-1.8465,-0.33815603,-0.32801135,-1.8465,-59.7031,-0.32801135,-1.8465,-1.8465,-1.8465,-2.4620,-2.4620,-59.7031,-0.32801135,-10.4634,-9.779,-51.0862,-51.7706,-0.28066950,-0.28442961,-0.01014468,20.2239,20.2239,-6.8388,-61.5496,-8.7928,182.0153,9.0000,,20.2239,12.9089,19.3633,23.5587,33.0467,37.694,37.694,19.3633,15.4907,1.946667,1.946667,1.044444,7,7,1,2,0E-8,-0.33815603,,0E-8,0.000000,1.000000,0.000000,,2026-07-07,2026-07-07,1,7,7,1,1.000000,,,0.000000,,,,,,,,GLOBAL_BASELINE_NO_ENTITY_RANKING,,,NOT_APPLICABLE_GLOBAL_BASELINE,HF9g-P5,,,,X 全窗基线 · 不参与实体赏罚,3922520,393,A168_HF9F_20260827_0900,2026-08-27 09:00:00
2026-07-07,152700912,2251,0,34.8540004647,7.9389667725,7.9389667725,0.5000000,2,2,0.50665070000000000,0.506650700000,-0.018812684590367487,-0.018812684590367487,-0.018812684590367487,0E-17,ELIGIBLE,R03b_20260811_FULL_v1,L1_ELIGIBILITY,v2026-08-11,2026-03-21..2026-08-06,baccarat_bet02_101_all_pairs_incl_sentinel,round_win = game_pnl > 0 (decisive only),COMPATIBILITY_ONLY_NOT_PRODUCTION,182.0153,182.0153,-61.5496,9,9,0.33815603,,0.33815603,0.33815603,61.5496,182.0153,THIN_EXPOSURE,0.0000,-1.8465,3.0000,97.0000,AG03-UNRESOLVED,ALL5_LEVELS_bet23_to_bet27,-1.8465,-1.8465,-1.8465,-2.4620,-2.4620,3.000000,3.000000,3.000000,4.000000,4.000000,97.000000,97.000000,97.000000,96.000000,96.000000,5.0,-10.4634,-9.779,-51.0862,-51.7706,PENDING_AG03,FALSE,NOT_FOR_ENFORCEMENT,-59.7031,176.5549,-61.5496,-59.7031,-1.8465,-0.33815603,-0.32801135,-1.8465,-59.7031,-0.32801135,-1.8465,-1.8465,-1.8465,-2.4620,-2.4620,-59.7031,-0.32801135,-10.4634,-9.779,-51.0862,-51.7706,-0.28066950,-0.28442961,-0.01014468,20.2239,20.2239,-6.8388,-61.5496,-8.7928,182.0153,9.0000,,20.2239,12.9089,19.3633,23.5587,33.0467,37.694,37.694,19.3633,15.4907,1.946667,1.946667,1.044444,7,7,1,2,0E-8,-0.33815603,,0E-8,0.000000,1.000000,0.000000,,2026-07-07,2026-07-07,1,7,7,1,1.000000,,,0.000000,,,,,,,,GLOBAL_BASELINE_NO_ENTITY_RANKING,,,NOT_APPLICABLE_GLOBAL_BASELINE,HF9g-P5,,,,X 全窗基线 · 不参与实体赏罚,3922521,393,A168_HF9F_20260827_0900,2026-08-27 09:00:00
2026-07-07,152700912,2271,0,38.9848449642,11.8632690471,11.8632690471,0.5000000,2,2,0.49994810000000000,0.499948100000,0.00014679536856514622,0.00014679536856514622,0.00014679536856514622,0E-17,ELIGIBLE,R03b_20260811_FULL_v1,L1_ELIGIBILITY,v2026-08-11,2026-03-21..2026-08-06,baccarat_bet02_101_all_pairs_incl_sentinel,round_win = game_pnl > 0 (decisive only),COMPATIBILITY_ONLY_NOT_PRODUCTION,182.0153,182.0153,-61.5496,9,9,0.33815603,,0.33815603,0.33815603,61.5496,182.0153,THIN_EXPOSURE,0.0000,-1.8465,3.0000,97.0000,AG03-UNRESOLVED,ALL5_LEVELS_bet23_to_bet27,-1.8465,-1.8465,-1.8465,-2.4620,-2.4620,3.000000,3.000000,3.000000,4.000000,4.000000,97.000000,97.000000,97.000000,96.000000,96.000000,5.0,-10.4634,-9.779,-51.0862,-51.7706,PENDING_AG03,FALSE,NOT_FOR_ENFORCEMENT,-59.7031,176.5549,-61.5496,-59.7031,-1.8465,-0.33815603,-0.32801135,-1.8465,-59.7031,-0.32801135,-1.8465,-1.8465,-1.8465,-2.4620,-2.4620,-59.7031,-0.32801135,-10.4634,-9.779,-51.0862,-51.7706,-0.28066950,-0.28442961,-0.01014468,20.2239,20.2239,-6.8388,-61.5496,-8.7928,182.0153,9.0000,,20.2239,12.9089,19.3633,23.5587,33.0467,37.694,37.694,19.3633,15.4907,1.946667,1.946667,1.044444,7,7,1,2,0E-8,-0.33815603,,0E-8,0.000000,1.000000,0.000000,,2026-07-07,2026-07-07,1,7,7,1,1.000000,,,0.000000,,,,,,,,GLOBAL_BASELINE_NO_ENTITY_RANKING,,,NOT_APPLICABLE_GLOBAL_BASELINE,HF9g-P5,,,,X 全窗基线 · 不参与实体赏罚,3922522,393,A168_HF9F_20260827_0900,2026-08-27 09:00:00
2026-04-26,131452097,1505,0,25.6524356726,24.8933329843,24.8933329843,1.0000000,2,2,0.49994810000000000,0.499948100000,1.4143603653603398,1.4143603653603398,1.4143603653603398,0E-17,ELIGIBLE,R03b_20260811_FULL_v1,L1_ELIGIBILITY,v2026-08-11,2026-03-21..2026-08-06,baccarat_bet02_101_all_pairs_incl_sentinel,round_win = game_pnl > 0 (decisive only),COMPATIBILITY_ONLY_NOT_PRODUCTION,110.3506,110.3506,-62.1899,20,20,0.56356654,,0.56356654,0.56356654,62.1899,110.3506,THIN_EXPOSURE,0.0000,-2.4876,4.0000,96.0000,AG03-UNRESOLVED,ALL5_LEVELS_bet23_to_bet27,-2.4876,-2.4876,-2.4876,-2.4876,-3.1095,4.000000,4.000000,4.000000,4.000000,5.000000,96.000000,96.000000,96.000000,96.000000,95.000000,5.0,-13.0599,-12.0102,-49.1300,-50.1797,PENDING_AG03,FALSE,NOT_FOR_ENFORCEMENT,-59.7023,105.9366,-62.1899,-59.7023,-2.4876,-0.56356654,-0.54102388,-2.4876,-59.7023,-0.54102388,-2.4876,-2.4876,-2.4876,-2.4876,-3.1095,-59.7023,-0.54102388,-13.0599,-12.0102,-49.1300,-50.1797,-0.44521757,-0.45473014,-0.02254266,5.5175,5.5175,-3.1095,-12.4380,-6.9100,22.0701,4.0000,,5.5175,2.6061,5.2122,7.1351,10.2946,12.8262,15.1821,5.2122,3.784,2.460822,2.91281,1.058586,3,8,6,2,0E-8,-0.56356654,,0E-8,0.000000,1.000000,0.000000,,2026-04-26,2026-05-18,5,9,9,23,0.217391,,,0.000000,,,,,,,,GLOBAL_BASELINE_NO_ENTITY_RANKING,,,NOT_APPLICABLE_GLOBAL_BASELINE,HF9g-P5,,,,X 全窗基线 · 不参与实体赏罚,3922523,393,A168_HF9F_20260827_0900,2026-08-27 09:00:00
2026-04-26,131452097,2123,0,5.2351909536,4.9734314059,4.9734314059,1.0000000,1,1,0.50665070000000000,0.506650700000,0.9867858985152569,0.9867858985152569,0.9867858985152569,0E-17,ELIGIBLE,R03b_20260811_FULL_v1,L1_ELIGIBILITY,v2026-08-11,2026-03-21..2026-08-06,baccarat_bet02_101_all_pairs_incl_sentinel,round_win = game_pnl > 0 (decisive only),COMPATIBILITY_ONLY_NOT_PRODUCTION,110.3506,110.3506,-62.1899,20,20,0.56356654,,0.56356654,0.56356654,62.1899,110.3506,THIN_EXPOSURE,0.0000,-2.4876,4.0000,96.0000,AG03-UNRESOLVED,ALL5_LEVELS_bet23_to_bet27,-2.4876,-2.4876,-2.4876,-2.4876,-3.1095,4.000000,4.000000,4.000000,4.000000,5.000000,96.000000,96.000000,96.000000,96.000000,95.000000,5.0,-13.0599,-12.0102,-49.1300,-50.1797,PENDING_AG03,FALSE,NOT_FOR_ENFORCEMENT,-59.7023,105.9366,-62.1899,-59.7023,-2.4876,-0.56356654,-0.54102388,-2.4876,-59.7023,-0.54102388,-2.4876,-2.4876,-2.4876,-2.4876,-3.1095,-59.7023,-0.54102388,-13.0599,-12.0102,-49.1300,-50.1797,-0.44521757,-0.45473014,-0.02254266,5.5175,5.5175,-3.1095,-12.4380,-6.9100,22.0701,4.0000,,5.5175,2.6061,5.2122,7.1351,10.2946,12.8262,15.1821,5.2122,3.784,2.460822,2.91281,1.058586,3,8,6,2,0E-8,-0.56356654,,0E-8,0.000000,1.000000,0.000000,,2026-04-26,2026-05-18,5,9,9,23,0.217391,,,0.000000,,,,,,,,GLOBAL_BASELINE_NO_ENTITY_RANKING,,,NOT_APPLICABLE_GLOBAL_BASELINE,HF9g-P5,,,,X 全窗基线 · 不参与实体赏罚,3922524,393,A168_HF9F_20260827_0900,2026-08-27 09:00:00
2026-04-26,131452097,2145,0,5.2351909536,4.9734314059,4.9734314059,1.0000000,1,1,0.50665070000000000,0.506650700000,0.9867858985152569,0.9867858985152569,0.9867858985152569,0E-17,ELIGIBLE,R03b_20260811_FULL_v1,L1_ELIGIBILITY,v2026-08-11,2026-03-21..2026-08-06,baccarat_bet02_101_all_pairs_incl_sentinel,round_win = game_pnl > 0 (decisive only),COMPATIBILITY_ONLY_NOT_PRODUCTION,110.3506,110.3506,-62.1899,20,20,0.56356654,,0.56356654,0.56356654,62.1899,110.3506,THIN_EXPOSURE,0.0000,-2.4876,4.0000,96.0000,AG03-UNRESOLVED,ALL5_LEVELS_bet23_to_bet27,-2.4876,-2.4876,-2.4876,-2.4876,-3.1095,4.000000,4.000000,4.000000,4.000000,5.000000,96.000000,96.000000,96.000000,96.000000,95.000000,5.0,-13.0599,-12.0102,-49.1300,-50.1797,PENDING_AG03,FALSE,NOT_FOR_ENFORCEMENT,-59.7023,105.9366,-62.1899,-59.7023,-2.4876,-0.56356654,-0.54102388,-2.4876,-59.7023,-0.54102388,-2.4876,-2.4876,-2.4876,-2.4876,-3.1095,-59.7023,-0.54102388,-13.0599,-12.0102,-49.1300,-50.1797,-0.44521757,-0.45473014,-0.02254266,5.5175,5.5175,-3.1095,-12.4380,-6.9100,22.0701,4.0000,,5.5175,2.6061,5.2122,7.1351,10.2946,12.8262,15.1821,5.2122,3.784,2.460822,2.91281,1.058586,3,8,6,2,0E-8,-0.56356654,,0E-8,0.000000,1.000000,0.000000,,2026-04-26,2026-05-18,5,9,9,23,0.217391,,,0.000000,,,,,,,,GLOBAL_BASELINE_NO_ENTITY_RANKING,,,NOT_APPLICABLE_GLOBAL_BASELINE,HF9g-P5,,,,X 全窗基线 · 不参与实体赏罚,3922525,393,A168_HF9F_20260827_0900,2026-08-27 09:00:00
2026-04-28,131452097,986,0,2.6175954768,-2.6175954768,-2.6175954768,0E-7,1,1,0.50665070000000000,0.506650700000,-1.013391052207602,-1.013391052207602,-1.013391052207602,0E-17,ELIGIBLE,R03b_20260811_FULL_v1,L1_ELIGIBILITY,v2026-08-11,2026-03-21..2026-08-06,baccarat_bet02_101_all_pairs_incl_sentinel,round_win = game_pnl > 0 (decisive only),COMPATIBILITY_ONLY_NOT_PRODUCTION,110.3506,110.3506,-62.1899,20,20,0.56356654,,0.56356654,0.56356654,62.1899,110.3506,THIN_EXPOSURE,0.0000,-2.4876,4.0000,96.0000,AG03-UNRESOLVED,ALL5_LEVELS_bet23_to_bet27,-2.4876,-2.4876,-2.4876,-2.4876,-3.1095,4.000000,4.000000,4.000000,4.000000,5.000000,96.000000,96.000000,96.000000,96.000000,95.000000,5.0,-13.0599,-12.0102,-49.1300,-50.1797,PENDING_AG03,FALSE,NOT_FOR_ENFORCEMENT,-59.7023,105.9366,-62.1899,-59.7023,-2.4876,-0.56356654,-0.54102388,-2.4876,-59.7023,-0.54102388,-2.4876,-2.4876,-2.4876,-2.4876,-3.1095,-59.7023,-0.54102388,-13.0599,-12.0102,-49.1300,-50.1797,-0.44521757,-0.45473014,-0.02254266,5.5175,5.5175,-3.1095,-12.4380,-6.9100,22.0701,4.0000,,5.5175,2.6061,5.2122,7.1351,10.2946,12.8262,15.1821,5.2122,3.784,2.460822,2.91281,1.058586,3,8,6,2,0E-8,-0.56356654,,0E-8,0.000000,1.000000,0.000000,,2026-04-26,2026-05-18,5,9,9,23,0.217391,,,0.000000,,,,,,,,GLOBAL_BASELINE_NO_ENTITY_RANKING,,,NOT_APPLICABLE_GLOBAL_BASELINE,HF9g-P5,,,,X 全窗基线 · 不参与实体赏罚,3922526,393,A168_HF9F_20260827_0900,2026-08-27 09:00:00
2026-05-02,131452097,2093,0,4.1513154481,-4.1513154481,-4.1513154481,0E-7,1,1,0.50665070000000000,0.506650700000,-1.013391052207602,-1.013391052207602,-1.013391052207602,0E-17,ELIGIBLE,R03b_20260811_FULL_v1,L1_ELIGIBILITY,v2026-08-11,2026-03-21..2026-08-06,baccarat_bet02_101_all_pairs_incl_sentinel,round_win = game_pnl > 0 (decisive only),COMPATIBILITY_ONLY_NOT_PRODUCTION,110.3506,110.3506,-62.1899,20,20,0.56356654,,0.56356654,0.56356654,62.1899,110.3506,THIN_EXPOSURE,0.0000,-2.4876,4.0000,96.0000,AG03-UNRESOLVED,ALL5_LEVELS_bet23_to_bet27,-2.4876,-2.4876,-2.4876,-2.4876,-3.1095,4.000000,4.000000,4.000000,4.000000,5.000000,96.000000,96.000000,96.000000,96.000000,95.000000,5.0,-13.0599,-12.0102,-49.1300,-50.1797,PENDING_AG03,FALSE,NOT_FOR_ENFORCEMENT,-59.7023,105.9366,-62.1899,-59.7023,-2.4876,-0.56356654,-0.54102388,-2.4876,-59.7023,-0.54102388,-2.4876,-2.4876,-2.4876,-2.4876,-3.1095,-59.7023,-0.54102388,-13.0599,-12.0102,-49.1300,-50.1797,-0.44521757,-0.45473014,-0.02254266,5.5175,5.5175,-3.1095,-12.4380,-6.9100,22.0701,4.0000,,5.5175,2.6061,5.2122,7.1351,10.2946,12.8262,15.1821,5.2122,3.784,2.460822,2.91281,1.058586,3,8,6,2,0E-8,-0.56356654,,0E-8,0.000000,1.000000,0.000000,,2026-04-26,2026-05-18,5,9,9,23,0.217391,,,0.000000,,,,,,,,GLOBAL_BASELINE_NO_ENTITY_RANKING,,,NOT_APPLICABLE_GLOBAL_BASELINE,HF9g-P5,,,,X 全窗基线 · 不参与实体赏罚,3922527,393,A168_HF9F_20260827_0900,2026-08-27 09:00:00
2026-05-15,131452097,1307,0,11.4161174823,-6.2269731721,-6.2269731721,0.2500000,4,4,0.49659680000000000,0.496596800000,-0.9864100490137353,-0.9864100490137354,-0.9864100490137353,0E-17,ELIGIBLE,R03b_20260811_FULL_v1,L1_ELIGIBILITY,v2026-08-11,2026-03-21..2026-08-06,baccarat_bet02_101_all_pairs_incl_sentinel,round_win = game_pnl > 0 (decisive only),COMPATIBILITY_ONLY_NOT_PRODUCTION,110.3506,110.3506,-62.1899,20,20,0.56356654,,0.56356654,0.56356654,62.1899,110.3506,THIN_EXPOSURE,0.0000,-2.4876,4.0000,96.0000,AG03-UNRESOLVED,ALL5_LEVELS_bet23_to_bet27,-2.4876,-2.4876,-2.4876,-2.4876,-3.1095,4.000000,4.000000,4.000000,4.000000,5.000000,96.000000,96.000000,96.000000,96.000000,95.000000,5.0,-13.0599,-12.0102,-49.1300,-50.1797,PENDING_AG03,FALSE,NOT_FOR_ENFORCEMENT,-59.7023,105.9366,-62.1899,-59.7023,-2.4876,-0.56356654,-0.54102388,-2.4876,-59.7023,-0.54102388,-2.4876,-2.4876,-2.4876,-2.4876,-3.1095,-59.7023,-0.54102388,-13.0599,-12.0102,-49.1300,-50.1797,-0.44521757,-0.45473014,-0.02254266,5.5175,5.5175,-3.1095,-12.4380,-6.9100,22.0701,4.0000,,5.5175,2.6061,5.2122,7.1351,10.2946,12.8262,15.1821,5.2122,3.784,2.460822,2.91281,1.058586,3,8,6,2,0E-8,-0.56356654,,0E-8,0.000000,1.000000,0.000000,,2026-04-26,2026-05-18,5,9,9,23,0.217391,,,0.000000,,,,,,,,GLOBAL_BASELINE_NO_ENTITY_RANKING,,,NOT_APPLICABLE_GLOBAL_BASELINE,HF9g-P5,,,,X 全窗基线 · 不参与实体赏罚,3922528,393,A168_HF9F_20260827_0900,2026-08-27 09:00:00
2026-05-15,131452097,2169,0,2.5945721551,2.4648435473,2.4648435473,1.0000000,1,1,0.50665070000000000,0.506650700000,0.9867858985152569,0.9867858985152569,0.9867858985152569,0E-17,ELIGIBLE,R03b_20260811_FULL_v1,L1_ELIGIBILITY,v2026-08-11,2026-03-21..2026-08-06,baccarat_bet02_101_all_pairs_incl_sentinel,round_win = game_pnl > 0 (decisive only),COMPATIBILITY_ONLY_NOT_PRODUCTION,110.3506,110.3506,-62.1899,20,20,0.56356654,,0.56356654,0.56356654,62.1899,110.3506,THIN_EXPOSURE,0.0000,-2.4876,4.0000,96.0000,AG03-UNRESOLVED,ALL5_LEVELS_bet23_to_bet27,-2.4876,-2.4876,-2.4876,-2.4876,-3.1095,4.000000,4.000000,4.000000,4.000000,5.000000,96.000000,96.000000,96.000000,96.000000,95.000000,5.0,-13.0599,-12.0102,-49.1300,-50.1797,PENDING_AG03,FALSE,NOT_FOR_ENFORCEMENT,-59.7023,105.9366,-62.1899,-59.7023,-2.4876,-0.56356654,-0.54102388,-2.4876,-59.7023,-0.54102388,-2.4876,-2.4876,-2.4876,-2.4876,-3.1095,-59.7023,-0.54102388,-13.0599,-12.0102,-49.1300,-50.1797,-0.44521757,-0.45473014,-0.02254266,5.5175,5.5175,-3.1095,-12.4380,-6.9100,22.0701,4.0000,,5.5175,2.6061,5.2122,7.1351,10.2946,12.8262,15.1821,5.2122,3.784,2.460822,2.91281,1.058586,3,8,6,2,0E-8,-0.56356654,,0E-8,0.000000,1.000000,0.000000,,2026-04-26,2026-05-18,5,9,9,23,0.217391,,,0.000000,,,,,,,,GLOBAL_BASELINE_NO_ENTITY_RANKING,,,NOT_APPLICABLE_GLOBAL_BASELINE,HF9g-P5,,,,X 全窗基线 · 不参与实体赏罚,3922529,393,A168_HF9F_20260827_0900,2026-08-27 09:00:00
2026-05-15,131452097,2174,0,1.2972860775,1.2972860775,1.2972860775,1.0000000,1,1,0.49324550000000000,0.493245500000,1.01360149184955,1.01360149184955,1.01360149184955,0E-17,ELIGIBLE,R03b_20260811_FULL_v1,L1_ELIGIBILITY,v2026-08-11,2026-03-21..2026-08-06,baccarat_bet02_101_all_pairs_incl_sentinel,round_win = game_pnl > 0 (decisive only),COMPATIBILITY_ONLY_NOT_PRODUCTION,110.3506,110.3506,-62.1899,20,20,0.56356654,,0.56356654,0.56356654,62.1899,110.3506,THIN_EXPOSURE,0.0000,-2.4876,4.0000,96.0000,AG03-UNRESOLVED,ALL5_LEVELS_bet23_to_bet27,-2.4876,-2.4876,-2.4876,-2.4876,-3.1095,4.000000,4.000000,4.000000,4.000000,5.000000,96.000000,96.000000,96.000000,96.000000,95.000000,5.0,-13.0599,-12.0102,-49.1300,-50.1797,PENDING_AG03,FALSE,NOT_FOR_ENFORCEMENT,-59.7023,105.9366,-62.1899,-59.7023,-2.4876,-0.56356654,-0.54102388,-2.4876,-59.7023,-0.54102388,-2.4876,-2.4876,-2.4876,-2.4876,-3.1095,-59.7023,-0.54102388,-13.0599,-12.0102,-49.1300,-50.1797,-0.44521757,-0.45473014,-0.02254266,5.5175,5.5175,-3.1095,-12.4380,-6.9100,22.0701,4.0000,,5.5175,2.6061,5.2122,7.1351,10.2946,12.8262,15.1821,5.2122,3.784,2.460822,2.91281,1.058586,3,8,6,2,0E-8,-0.56356654,,0E-8,0.000000,1.000000,0.000000,,2026-04-26,2026-05-18,5,9,9,23,0.217391,,,0.000000,,,,,,,,GLOBAL_BASELINE_NO_ENTITY_RANKING,,,NOT_APPLICABLE_GLOBAL_BASELINE,HF9g-P5,,,,X 全窗基线 · 不参与实体赏罚,3922530,393,A168_HF9F_20260827_0900,2026-08-27 09:00:00
2026-05-18,131452097,1307,0,16.8647190079,16.8647190079,16.8647190079,1.0000000,3,3,0.49324550000000000,0.493245500000,1.755609282511032,1.7556092825110319,1.755609282511032,0E-17,ELIGIBLE,R03b_20260811_FULL_v1,L1_ELIGIBILITY,v2026-08-11,2026-03-21..2026-08-06,baccarat_bet02_101_all_pairs_incl_sentinel,round_win = game_pnl > 0 (decisive only),COMPATIBILITY_ONLY_NOT_PRODUCTION,110.3506,110.3506,-62.1899,20,20,0.56356654,,0.56356654,0.56356654,62.1899,110.3506,THIN_EXPOSURE,0.0000,-2.4876,4.0000,96.0000,AG03-UNRESOLVED,ALL5_LEVELS_bet23_to_bet27,-2.4876,-2.4876,-2.4876,-2.4876,-3.1095,4.000000,4.000000,4.000000,4.000000,5.000000,96.000000,96.000000,96.000000,96.000000,95.000000,5.0,-13.0599,-12.0102,-49.1300,-50.1797,PENDING_AG03,FALSE,NOT_FOR_ENFORCEMENT,-59.7023,105.9366,-62.1899,-59.7023,-2.4876,-0.56356654,-0.54102388,-2.4876,-59.7023,-0.54102388,-2.4876,-2.4876,-2.4876,-2.4876,-3.1095,-59.7023,-0.54102388,-13.0599,-12.0102,-49.1300,-50.1797,-0.44521757,-0.45473014,-0.02254266,5.5175,5.5175,-3.1095,-12.4380,-6.9100,22.0701,4.0000,,5.5175,2.6061,5.2122,7.1351,10.2946,12.8262,15.1821,5.2122,3.784,2.460822,2.91281,1.058586,3,8,6,2,0E-8,-0.56356654,,0E-8,0.000000,1.000000,0.000000,,2026-04-26,2026-05-18,5,9,9,23,0.217391,,,0.000000,,,,,,,,GLOBAL_BASELINE_NO_ENTITY_RANKING,,,NOT_APPLICABLE_GLOBAL_BASELINE,HF9g-P5,,,,X 全窗基线 · 不参与实体赏罚,3922531,393,A168_HF9F_20260827_0900,2026-08-27 09:00:00
2026-05-18,131452097,2093,0,35.2861813087,19.7187483783,19.7187483783,0.8000000,5,5,0.49324550000000000,0.493245500000,1.3719730223118614,1.3719730223118614,1.3719730223118614,0E-17,ELIGIBLE,R03b_20260811_FULL_v1,L1_ELIGIBILITY,v2026-08-11,2026-03-21..2026-08-06,baccarat_bet02_101_all_pairs_incl_sentinel,round_win = game_pnl > 0 (decisive only),COMPATIBILITY_ONLY_NOT_PRODUCTION,110.3506,110.3506,-62.1899,20,20,0.56356654,,0.56356654,0.56356654,62.1899,110.3506,THIN_EXPOSURE,0.0000,-2.4876,4.0000,96.0000,AG03-UNRESOLVED,ALL5_LEVELS_bet23_to_bet27,-2.4876,-2.4876,-2.4876,-2.4876,-3.1095,4.000000,4.000000,4.000000,4.000000,5.000000,96.000000,96.000000,96.000000,96.000000,95.000000,5.0,-13.0599,-12.0102,-49.1300,-50.1797,PENDING_AG03,FALSE,NOT_FOR_ENFORCEMENT,-59.7023,105.9366,-62.1899,-59.7023,-2.4876,-0.56356654,-0.54102388,-2.4876,-59.7023,-0.54102388,-2.4876,-2.4876,-2.4876,-2.4876,-3.1095,-59.7023,-0.54102388,-13.0599,-12.0102,-49.1300,-50.1797,-0.44521757,-0.45473014,-0.02254266,5.5175,5.5175,-3.1095,-12.4380,-6.9100,22.0701,4.0000,,5.5175,2.6061,5.2122,7.1351,10.2946,12.8262,15.1821,5.2122,3.784,2.460822,2.91281,1.058586,3,8,6,2,0E-8,-0.56356654,,0E-8,0.000000,1.000000,0.000000,,2026-04-26,2026-05-18,5,9,9,23,0.217391,,,0.000000,,,,,,,,GLOBAL_BASELINE_NO_ENTITY_RANKING,,,NOT_APPLICABLE_GLOBAL_BASELINE,HF9g-P5,,,,X 全窗基线 · 不参与实体赏罚,3922532,393,A168_HF9F_20260827_0900,2026-08-27 09:00:00
2026-03-31,148040232,-1,1,31.6235532225,10.0141251871,10.0141251871,0.6666667,3,3,0.50218230000000000,0.502182300000,0.5697959874915163,0.5697959874915164,0.5697959874915163,0E-17,SENTINEL_DEALER,R03b_20260811_FULL_v1,L1_ELIGIBILITY,v2026-08-11,2026-03-21..2026-08-06,baccarat_bet02_101_all_pairs_incl_sentinel,round_win = game_pnl > 0 (decisive only),COMPATIBILITY_ONLY_NOT_PRODUCTION,410.5928,368.4661,-62.1883,39,39,0.15145981,,0.15145981,0.15145981,62.1883,410.5928,OK,0.0000,-2.4875,4.0000,96.0000,AG03-UNRESOLVED,ALL5_LEVELS_bet23_to_bet27,-2.4875,-2.4875,-2.4875,0.0000,0.0000,4.000000,4.000000,4.000000,0.000000,0.000000,96.000000,96.000000,96.000000,100.000000,100.000000,5.0,-7.4626,-7.1681,-54.7257,-55.0202,PENDING_AG03,FALSE,NOT_FOR_ENFORCEMENT,-59.7008,353.7275,-62.1883,-59.7008,-2.4875,-0.15145981,-0.14540142,-2.4875,-59.7008,-0.14540142,-2.4875,-2.4875,-2.4875,0.0000,0.0000,-59.7008,-0.14540142,-7.4626,-7.1681,-54.7257,-55.0202,-0.13328463,-0.13400195,-0.00605839,10.5280,9.4478,-1.5946,-31.0942,-7.7735,205.2964,19.5000,,10.5280,10.5031,10.5412,10.5412,10.5412,12.2256,21.0062,10.5412,9.213,1.159794,1.992774,0.998751,8,8,2,2,0E-8,-0.15145981,,0E-8,0.000000,0.897400,0.000000,,2026-03-31,2026-05-07,2,8,8,38,0.052632,,,0.000000,,,,,,,,GLOBAL_BASELINE_NO_ENTITY_RANKING,,,NOT_APPLICABLE_GLOBAL_BASELINE,HF9g-P5,,,,X 全窗基线 · 不参与实体赏罚,3922533,393,A168_HF9F_20260827_0900,2026-08-27 09:00:00
2026-03-31,148040232,1646,0,18.7633082453,-18.7633082453,-18.7633082453,0E-7,2,2,0.50665070000000000,0.506650700000,-1.4331513700195317,-1.4331513700195317,-1.4331513700195317,0E-17,ELIGIBLE,R03b_20260811_FULL_v1,L1_ELIGIBILITY,v2026-08-11,2026-03-21..2026-08-06,baccarat_bet02_101_all_pairs_incl_sentinel,round_win = game_pnl > 0 (decisive only),COMPATIBILITY_ONLY_NOT_PRODUCTION,410.5928,368.4661,-62.1883,39,39,0.15145981,,0.15145981,0.15145981,62.1883,410.5928,OK,0.0000,-2.4875,4.0000,96.0000,AG03-UNRESOLVED,ALL5_LEVELS_bet23_to_bet27,-2.4875,-2.4875,-2.4875,0.0000,0.0000,4.000000,4.000000,4.000000,0.000000,0.000000,96.000000,96.000000,96.000000,100.000000,100.000000,5.0,-7.4626,-7.1681,-54.7257,-55.0202,PENDING_AG03,FALSE,NOT_FOR_ENFORCEMENT,-59.7008,353.7275,-62.1883,-59.7008,-2.4875,-0.15145981,-0.14540142,-2.4875,-59.7008,-0.14540142,-2.4875,-2.4875,-2.4875,0.0000,0.0000,-59.7008,-0.14540142,-7.4626,-7.1681,-54.7257,-55.0202,-0.13328463,-0.13400195,-0.00605839,10.5280,9.4478,-1.5946,-31.0942,-7.7735,205.2964,19.5000,,10.5280,10.5031,10.5412,10.5412,10.5412,12.2256,21.0062,10.5412,9.213,1.159794,1.992774,0.998751,8,8,2,2,0E-8,-0.15145981,,0E-8,0.000000,0.897400,0.000000,,2026-03-31,2026-05-07,2,8,8,38,0.052632,,,0.000000,,,,,,,,GLOBAL_BASELINE_NO_ENTITY_RANKING,,,NOT_APPLICABLE_GLOBAL_BASELINE,HF9g-P5,,,,X 全窗基线 · 不参与实体赏罚,3922534,393,A168_HF9F_20260827_0900,2026-08-27 09:00:00
2026-03-31,148040232,1711,0,19.6066029979,0.2108236881,0.2108236881,0.5000000,2,2,0.49994810000000000,0.499948100000,0.00014679536856514622,0.00014679536856514622,0.00014679536856514622,0E-17,ELIGIBLE,R03b_20260811_FULL_v1,L1_ELIGIBILITY,v2026-08-11,2026-03-21..2026-08-06,baccarat_bet02_101_all_pairs_incl_sentinel,round_win = game_pnl > 0 (decisive only),COMPATIBILITY_ONLY_NOT_PRODUCTION,410.5928,368.4661,-62.1883,39,39,0.15145981,,0.15145981,0.15145981,62.1883,410.5928,OK,0.0000,-2.4875,4.0000,96.0000,AG03-UNRESOLVED,ALL5_LEVELS_bet23_to_bet27,-2.4875,-2.4875,-2.4875,0.0000,0.0000,4.000000,4.000000,4.000000,0.000000,0.000000,96.000000,96.000000,96.000000,100.000000,100.000000,5.0,-7.4626,-7.1681,-54.7257,-55.0202,PENDING_AG03,FALSE,NOT_FOR_ENFORCEMENT,-59.7008,353.7275,-62.1883,-59.7008,-2.4875,-0.15145981,-0.14540142,-2.4875,-59.7008,-0.14540142,-2.4875,-2.4875,-2.4875,0.0000,0.0000,-59.7008,-0.14540142,-7.4626,-7.1681,-54.7257,-55.0202,-0.13328463,-0.13400195,-0.00605839,10.5280,9.4478,-1.5946,-31.0942,-7.7735,205.2964,19.5000,,10.5280,10.5031,10.5412,10.5412,10.5412,12.2256,21.0062,10.5412,9.213,1.159794,1.992774,0.998751,8,8,2,2,0E-8,-0.15145981,,0E-8,0.000000,0.897400,0.000000,,2026-03-31,2026-05-07,2,8,8,38,0.052632,,,0.000000,,,,,,,,GLOBAL_BASELINE_NO_ENTITY_RANKING,,,NOT_APPLICABLE_GLOBAL_BASELINE,HF9g-P5,,,,X 全窗基线 · 不参与实体赏罚,3922535,393,A168_HF9F_20260827_0900,2026-08-27 09:00:00
2026-03-31,148040232,2101,0,21.0823688150,20.0282503742,20.0282503742,1.0000000,2,2,0.50665070000000000,0.506650700000,1.3955260008387969,1.3955260008387969,1.3955260008387969,0E-17,ELIGIBLE,R03b_20260811_FULL_v1,L1_ELIGIBILITY,v2026-08-11,2026-03-21..2026-08-06,baccarat_bet02_101_all_pairs_incl_sentinel,round_win = game_pnl > 0 (decisive only),COMPATIBILITY_ONLY_NOT_PRODUCTION,410.5928,368.4661,-62.1883,39,39,0.15145981,,0.15145981,0.15145981,62.1883,410.5928,OK,0.0000,-2.4875,4.0000,96.0000,AG03-UNRESOLVED,ALL5_LEVELS_bet23_to_bet27,-2.4875,-2.4875,-2.4875,0.0000,0.0000,4.000000,4.000000,4.000000,0.000000,0.000000,96.000000,96.000000,96.000000,100.000000,100.000000,5.0,-7.4626,-7.1681,-54.7257,-55.0202,PENDING_AG03,FALSE,NOT_FOR_ENFORCEMENT,-59.7008,353.7275,-62.1883,-59.7008,-2.4875,-0.15145981,-0.14540142,-2.4875,-59.7008,-0.14540142,-2.4875,-2.4875,-2.4875,0.0000,0.0000,-59.7008,-0.14540142,-7.4626,-7.1681,-54.7257,-55.0202,-0.13328463,-0.13400195,-0.00605839,10.5280,9.4478,-1.5946,-31.0942,-7.7735,205.2964,19.5000,,10.5280,10.5031,10.5412,10.5412,10.5412,12.2256,21.0062,10.5412,9.213,1.159794,1.992774,0.998751,8,8,2,2,0E-8,-0.15145981,,0E-8,0.000000,0.897400,0.000000,,2026-03-31,2026-05-07,2,8,8,38,0.052632,,,0.000000,,,,,,,,GLOBAL_BASELINE_NO_ENTITY_RANKING,,,NOT_APPLICABLE_GLOBAL_BASELINE,HF9g-P5,,,,X 全窗基线 · 不参与实体赏罚,3922536,393,A168_HF9F_20260827_0900,2026-08-27 09:00:00
2026-03-31,148040232,2134,0,10.5411844075,-10.5411844075,-10.5411844075,0E-7,1,1,0.49324550000000000,0.493245500000,-0.9865810262130424,-0.9865810262130424,-0.9865810262130424,0E-17,ELIGIBLE,R03b_20260811_FULL_v1,L1_ELIGIBILITY,v2026-08-11,2026-03-21..2026-08-06,baccarat_bet02_101_all_pairs_incl_sentinel,round_win = game_pnl > 0 (decisive only),COMPATIBILITY_ONLY_NOT_PRODUCTION,410.5928,368.4661,-62.1883,39,39,0.15145981,,0.15145981,0.15145981,62.1883,410.5928,OK,0.0000,-2.4875,4.0000,96.0000,AG03-UNRESOLVED,ALL5_LEVELS_bet23_to_bet27,-2.4875,-2.4875,-2.4875,0.0000,0.0000,4.000000,4.000000,4.000000,0.000000,0.000000,96.000000,96.000000,96.000000,100.000000,100.000000,5.0,-7.4626,-7.1681,-54.7257,-55.0202,PENDING_AG03,FALSE,NOT_FOR_ENFORCEMENT,-59.7008,353.7275,-62.1883,-59.7008,-2.4875,-0.15145981,-0.14540142,-2.4875,-59.7008,-0.14540142,-2.4875,-2.4875,-2.4875,0.0000,0.0000,-59.7008,-0.14540142,-7.4626,-7.1681,-54.7257,-55.0202,-0.13328463,-0.13400195,-0.00605839,10.5280,9.4478,-1.5946,-31.0942,-7.7735,205.2964,19.5000,,10.5280,10.5031,10.5412,10.5412,10.5412,12.2256,21.0062,10.5412,9.213,1.159794,1.992774,0.998751,8,8,2,2,0E-8,-0.15145981,,0E-8,0.000000,0.897400,0.000000,,2026-03-31,2026-05-07,2,8,8,38,0.052632,,,0.000000,,,,,,,,GLOBAL_BASELINE_NO_ENTITY_RANKING,,,NOT_APPLICABLE_GLOBAL_BASELINE,HF9g-P5,,,,X 全窗基线 · 不参与实体赏罚,3922537,393,A168_HF9F_20260827_0900,2026-08-27 09:00:00
2026-03-31,148040232,2142,0,157.6961187362,39.1077941517,39.1077941517,0.6666667,15,15,0.50128862000000000,0.501288620000,1.1457765223579128,1.1457765223579128,1.1457765223579128,0E-17,ELIGIBLE,R03b_20260811_FULL_v1,L1_ELIGIBILITY,v2026-08-11,2026-03-21..2026-08-06,baccarat_bet02_101_all_pairs_incl_sentinel,round_win = game_pnl > 0 (decisive only),COMPATIBILITY_ONLY_NOT_PRODUCTION,410.5928,368.4661,-62.1883,39,39,0.15145981,,0.15145981,0.15145981,62.1883,410.5928,OK,0.0000,-2.4875,4.0000,96.0000,AG03-UNRESOLVED,ALL5_LEVELS_bet23_to_bet27,-2.4875,-2.4875,-2.4875,0.0000,0.0000,4.000000,4.000000,4.000000,0.000000,0.000000,96.000000,96.000000,96.000000,100.000000,100.000000,5.0,-7.4626,-7.1681,-54.7257,-55.0202,PENDING_AG03,FALSE,NOT_FOR_ENFORCEMENT,-59.7008,353.7275,-62.1883,-59.7008,-2.4875,-0.15145981,-0.14540142,-2.4875,-59.7008,-0.14540142,-2.4875,-2.4875,-2.4875,0.0000,0.0000,-59.7008,-0.14540142,-7.4626,-7.1681,-54.7257,-55.0202,-0.13328463,-0.13400195,-0.00605839,10.5280,9.4478,-1.5946,-31.0942,-7.7735,205.2964,19.5000,,10.5280,10.5031,10.5412,10.5412,10.5412,12.2256,21.0062,10.5412,9.213,1.159794,1.992774,0.998751,8,8,2,2,0E-8,-0.15145981,,0E-8,0.000000,0.897400,0.000000,,2026-03-31,2026-05-07,2,8,8,38,0.052632,,,0.000000,,,,,,,,GLOBAL_BASELINE_NO_ENTITY_RANKING,,,NOT_APPLICABLE_GLOBAL_BASELINE,HF9g-P5,,,,X 全窗基线 · 不参与实体赏罚,3922538,393,A168_HF9F_20260827_0900,2026-08-27 09:00:00
2026-03-31,148040232,2216,0,9.6978896549,9.2129951721,9.2129951721,1.0000000,1,1,0.50665070000000000,0.506650700000,0.9867858985152569,0.9867858985152569,0.9867858985152569,0E-17,ELIGIBLE,R03b_20260811_FULL_v1,L1_ELIGIBILITY,v2026-08-11,2026-03-21..2026-08-06,baccarat_bet02_101_all_pairs_incl_sentinel,round_win = game_pnl > 0 (decisive only),COMPATIBILITY_ONLY_NOT_PRODUCTION,410.5928,368.4661,-62.1883,39,39,0.15145981,,0.15145981,0.15145981,62.1883,410.5928,OK,0.0000,-2.4875,4.0000,96.0000,AG03-UNRESOLVED,ALL5_LEVELS_bet23_to_bet27,-2.4875,-2.4875,-2.4875,0.0000,0.0000,4.000000,4.000000,4.000000,0.000000,0.000000,96.000000,96.000000,96.000000,100.000000,100.000000,5.0,-7.4626,-7.1681,-54.7257,-55.0202,PENDING_AG03,FALSE,NOT_FOR_ENFORCEMENT,-59.7008,353.7275,-62.1883,-59.7008,-2.4875,-0.15145981,-0.14540142,-2.4875,-59.7008,-0.14540142,-2.4875,-2.4875,-2.4875,0.0000,0.0000,-59.7008,-0.14540142,-7.4626,-7.1681,-54.7257,-55.0202,-0.13328463,-0.13400195,-0.00605839,10.5280,9.4478,-1.5946,-31.0942,-7.7735,205.2964,19.5000,,10.5280,10.5031,10.5412,10.5412,10.5412,12.2256,21.0062,10.5412,9.213,1.159794,1.992774,0.998751,8,8,2,2,0E-8,-0.15145981,,0E-8,0.000000,0.897400,0.000000,,2026-03-31,2026-05-07,2,8,8,38,0.052632,,,0.000000,,,,,,,,GLOBAL_BASELINE_NO_ENTITY_RANKING,,,NOT_APPLICABLE_GLOBAL_BASELINE,HF9g-P5,,,,X 全窗基线 · 不参与实体赏罚,3922539,393,A168_HF9F_20260827_0900,2026-08-27 09:00:00
2026-05-07,148040232,1325,0,21.0061968280,21.0061968280,21.0061968280,1.0000000,2,2,0.49324550000000000,0.493245500000,1.4334489766152358,1.4334489766152358,1.4334489766152358,0E-17,ELIGIBLE,R03b_20260811_FULL_v1,L1_ELIGIBILITY,v2026-08-11,2026-03-21..2026-08-06,baccarat_bet02_101_all_pairs_incl_sentinel,round_win = game_pnl > 0 (decisive only),COMPATIBILITY_ONLY_NOT_PRODUCTION,410.5928,368.4661,-62.1883,39,39,0.15145981,,0.15145981,0.15145981,62.1883,410.5928,OK,0.0000,-2.4875,4.0000,96.0000,AG03-UNRESOLVED,ALL5_LEVELS_bet23_to_bet27,-2.4875,-2.4875,-2.4875,0.0000,0.0000,4.000000,4.000000,4.000000,0.000000,0.000000,96.000000,96.000000,96.000000,100.000000,100.000000,5.0,-7.4626,-7.1681,-54.7257,-55.0202,PENDING_AG03,FALSE,NOT_FOR_ENFORCEMENT,-59.7008,353.7275,-62.1883,-59.7008,-2.4875,-0.15145981,-0.14540142,-2.4875,-59.7008,-0.14540142,-2.4875,-2.4875,-2.4875,0.0000,0.0000,-59.7008,-0.14540142,-7.4626,-7.1681,-54.7257,-55.0202,-0.13328463,-0.13400195,-0.00605839,10.5280,9.4478,-1.5946,-31.0942,-7.7735,205.2964,19.5000,,10.5280,10.5031,10.5412,10.5412,10.5412,12.2256,21.0062,10.5412,9.213,1.159794,1.992774,0.998751,8,8,2,2,0E-8,-0.15145981,,0E-8,0.000000,0.897400,0.000000,,2026-03-31,2026-05-07,2,8,8,38,0.052632,,,0.000000,,,,,,,,GLOBAL_BASELINE_NO_ENTITY_RANKING,,,NOT_APPLICABLE_GLOBAL_BASELINE,HF9g-P5,,,,X 全窗基线 · 不参与实体赏罚,3922540,393,A168_HF9F_20260827_0900,2026-08-27 09:00:00
2026-05-07,148040232,2142,0,120.5755697929,-8.0873857788,-8.0873857788,0.5000000,11,11,0.49690146363636364,0.496901463636,0.019597240950889116,0.019597240953189113,0.019597240950889116,3.6364E-13,ELIGIBLE,R03b_20260811_FULL_v1,L1_ELIGIBILITY,v2026-08-11,2026-03-21..2026-08-06,baccarat_bet02_101_all_pairs_incl_sentinel,round_win = game_pnl > 0 (decisive only),COMPATIBILITY_ONLY_NOT_PRODUCTION,410.5928,368.4661,-62.1883,39,39,0.15145981,,0.15145981,0.15145981,62.1883,410.5928,OK,0.0000,-2.4875,4.0000,96.0000,AG03-UNRESOLVED,ALL5_LEVELS_bet23_to_bet27,-2.4875,-2.4875,-2.4875,0.0000,0.0000,4.000000,4.000000,4.000000,0.000000,0.000000,96.000000,96.000000,96.000000,100.000000,100.000000,5.0,-7.4626,-7.1681,-54.7257,-55.0202,PENDING_AG03,FALSE,NOT_FOR_ENFORCEMENT,-59.7008,353.7275,-62.1883,-59.7008,-2.4875,-0.15145981,-0.14540142,-2.4875,-59.7008,-0.14540142,-2.4875,-2.4875,-2.4875,0.0000,0.0000,-59.7008,-0.14540142,-7.4626,-7.1681,-54.7257,-55.0202,-0.13328463,-0.13400195,-0.00605839,10.5280,9.4478,-1.5946,-31.0942,-7.7735,205.2964,19.5000,,10.5280,10.5031,10.5412,10.5412,10.5412,12.2256,21.0062,10.5412,9.213,1.159794,1.992774,0.998751,8,8,2,2,0E-8,-0.15145981,,0E-8,0.000000,0.897400,0.000000,,2026-03-31,2026-05-07,2,8,8,38,0.052632,,,0.000000,,,,,,,,GLOBAL_BASELINE_NO_ENTITY_RANKING,,,NOT_APPLICABLE_GLOBAL_BASELINE,HF9g-P5,,,,X 全窗基线 · 不参与实体赏罚,3922541,393,A168_HF9F_20260827_0900,2026-08-27 09:00:00
2026-03-24,147715900,1105,0,2.6331727098,-2.6331727098,-2.6331727098,0E-7,1,1,0.49324550000000000,0.493245500000,-0.9865810262130424,-0.9865810262130424,-0.9865810262130424,0E-17,ELIGIBLE,R03b_20260811_FULL_v1,L1_ELIGIBILITY,v2026-08-11,2026-03-21..2026-08-06,baccarat_bet02_101_all_pairs_incl_sentinel,round_win = game_pnl > 0 (decisive only),COMPATIBILITY_ONLY_NOT_PRODUCTION,378.9136,344.6823,-62.1824,89,89,0.16410702,,0.16410702,0.16410702,62.1824,378.9136,OK,0.0000,-2.4873,4.0000,96.0000,AG03-UNRESOLVED,ALL5_LEVELS_bet23_to_bet27,-2.4873,-2.4873,-2.4873,-3.1091,-3.1091,4.000000,4.000000,4.000000,5.000000,5.000000,96.000000,96.000000,96.000000,95.000000,95.000000,5.0,-13.6801,-12.5314,-48.5023,-49.651,PENDING_AG03,FALSE,NOT_FOR_ENFORCEMENT,-59.6951,330.8950,-62.1824,-59.6951,-2.4873,-0.16410702,-0.15754274,-2.4873,-59.6951,-0.15754274,-2.4873,-2.4873,-2.4873,-3.1091,-3.1091,-59.6951,-0.15754274,-13.6801,-12.5314,-48.5023,-49.651,-0.12800347,-0.13103523,-0.00656428,4.2575,3.8728,-0.6987,-20.7275,-3.2728,126.3045,29.6667,,4.2575,2.6332,3.9498,5.2663,6.6883,7.8995,11.4964,2.6332,2.5015,2.0,2.910667,1.077903,6,16,5,2,0E-8,-0.16410702,,0E-8,0.000000,0.909659,0.000000,,2026-03-24,2026-03-26,3,19,10,3,1.000000,,,0.000000,,,,,,,,GLOBAL_BASELINE_NO_ENTITY_RANKING,,,NOT_APPLICABLE_GLOBAL_BASELINE,HF9g-P5,,,,X 全窗基线 · 不参与实体赏罚,3922542,393,A168_HF9F_20260827_0900,2026-08-27 09:00:00
2026-03-24,147715900,1210,0,18.4322089686,7.5045422229,7.5045422229,0.8000000,5,5,0.49860758000000000,0.498607580000,1.3478731046594083,1.3478731046594083,1.3478731046594083,0E-17,ELIGIBLE,R03b_20260811_FULL_v1,L1_ELIGIBILITY,v2026-08-11,2026-03-21..2026-08-06,baccarat_bet02_101_all_pairs_incl_sentinel,round_win = game_pnl > 0 (decisive only),COMPATIBILITY_ONLY_NOT_PRODUCTION,378.9136,344.6823,-62.1824,89,89,0.16410702,,0.16410702,0.16410702,62.1824,378.9136,OK,0.0000,-2.4873,4.0000,96.0000,AG03-UNRESOLVED,ALL5_LEVELS_bet23_to_bet27,-2.4873,-2.4873,-2.4873,-3.1091,-3.1091,4.000000,4.000000,4.000000,5.000000,5.000000,96.000000,96.000000,96.000000,95.000000,95.000000,5.0,-13.6801,-12.5314,-48.5023,-49.651,PENDING_AG03,FALSE,NOT_FOR_ENFORCEMENT,-59.6951,330.8950,-62.1824,-59.6951,-2.4873,-0.16410702,-0.15754274,-2.4873,-59.6951,-0.15754274,-2.4873,-2.4873,-2.4873,-3.1091,-3.1091,-59.6951,-0.15754274,-13.6801,-12.5314,-48.5023,-49.651,-0.12800347,-0.13103523,-0.00656428,4.2575,3.8728,-0.6987,-20.7275,-3.2728,126.3045,29.6667,,4.2575,2.6332,3.9498,5.2663,6.6883,7.8995,11.4964,2.6332,2.5015,2.0,2.910667,1.077903,6,16,5,2,0E-8,-0.16410702,,0E-8,0.000000,0.909659,0.000000,,2026-03-24,2026-03-26,3,19,10,3,1.000000,,,0.000000,,,,,,,,GLOBAL_BASELINE_NO_ENTITY_RANKING,,,NOT_APPLICABLE_GLOBAL_BASELINE,HF9g-P5,,,,X 全窗基线 · 不参与实体赏罚,3922543,393,A168_HF9F_20260827_0900,2026-08-27 09:00:00
2026-03-24,147715900,1325,0,140.8747399743,49.3719883086,49.3719883086,0.6785714,32,32,0.49911027500000000,0.499110275000,1.8992413363085194,1.8992413363085194,1.8992413363085194,0E-17,ELIGIBLE,R03b_20260811_FULL_v1,L1_ELIGIBILITY,v2026-08-11,2026-03-21..2026-08-06,baccarat_bet02_101_all_pairs_incl_sentinel,round_win = game_pnl > 0 (decisive only),COMPATIBILITY_ONLY_NOT_PRODUCTION,378.9136,344.6823,-62.1824,89,89,0.16410702,,0.16410702,0.16410702,62.1824,378.9136,OK,0.0000,-2.4873,4.0000,96.0000,AG03-UNRESOLVED,ALL5_LEVELS_bet23_to_bet27,-2.4873,-2.4873,-2.4873,-3.1091,-3.1091,4.000000,4.000000,4.000000,5.000000,5.000000,96.000000,96.000000,96.000000,95.000000,95.000000,5.0,-13.6801,-12.5314,-48.5023,-49.651,PENDING_AG03,FALSE,NOT_FOR_ENFORCEMENT,-59.6951,330.8950,-62.1824,-59.6951,-2.4873,-0.16410702,-0.15754274,-2.4873,-59.6951,-0.15754274,-2.4873,-2.4873,-2.4873,-3.1091,-3.1091,-59.6951,-0.15754274,-13.6801,-12.5314,-48.5023,-49.651,-0.12800347,-0.13103523,-0.00656428,4.2575,3.8728,-0.6987,-20.7275,-3.2728,126.3045,29.6667,,4.2575,2.6332,3.9498,5.2663,6.6883,7.8995,11.4964,2.6332,2.5015,2.0,2.910667,1.077903,6,16,5,2,0E-8,-0.16410702,,0E-8,0.000000,0.909659,0.000000,,2026-03-24,2026-03-26,3,19,10,3,1.000000,,,0.000000,,,,,,,,GLOBAL_BASELINE_NO_ENTITY_RANKING,,,NOT_APPLICABLE_GLOBAL_BASELINE,HF9g-P5,,,,X 全窗基线 · 不参与实体赏罚,3922544,393,A168_HF9F_20260827_0900,2026-08-27 09:00:00
2026-03-24,147715900,1401,0,7.8995181294,7.8995181294,7.8995181294,1.0000000,2,2,0.49324550000000000,0.493245500000,1.4334489766152358,1.4334489766152358,1.4334489766152358,0E-17,ELIGIBLE,R03b_20260811_FULL_v1,L1_ELIGIBILITY,v2026-08-11,2026-03-21..2026-08-06,baccarat_bet02_101_all_pairs_incl_sentinel,round_win = game_pnl > 0 (decisive only),COMPATIBILITY_ONLY_NOT_PRODUCTION,378.9136,344.6823,-62.1824,89,89,0.16410702,,0.16410702,0.16410702,62.1824,378.9136,OK,0.0000,-2.4873,4.0000,96.0000,AG03-UNRESOLVED,ALL5_LEVELS_bet23_to_bet27,-2.4873,-2.4873,-2.4873,-3.1091,-3.1091,4.000000,4.000000,4.000000,5.000000,5.000000,96.000000,96.000000,96.000000,95.000000,95.000000,5.0,-13.6801,-12.5314,-48.5023,-49.651,PENDING_AG03,FALSE,NOT_FOR_ENFORCEMENT,-59.6951,330.8950,-62.1824,-59.6951,-2.4873,-0.16410702,-0.15754274,-2.4873,-59.6951,-0.15754274,-2.4873,-2.4873,-2.4873,-3.1091,-3.1091,-59.6951,-0.15754274,-13.6801,-12.5314,-48.5023,-49.651,-0.12800347,-0.13103523,-0.00656428,4.2575,3.8728,-0.6987,-20.7275,-3.2728,126.3045,29.6667,,4.2575,2.6332,3.9498,5.2663,6.6883,7.8995,11.4964,2.6332,2.5015,2.0,2.910667,1.077903,6,16,5,2,0E-8,-0.16410702,,0E-8,0.000000,0.909659,0.000000,,2026-03-24,2026-03-26,3,19,10,3,1.000000,,,0.000000,,,,,,,,GLOBAL_BASELINE_NO_ENTITY_RANKING,,,NOT_APPLICABLE_GLOBAL_BASELINE,HF9g-P5,,,,X 全窗基线 · 不参与实体赏罚,3922545,393,A168_HF9F_20260827_0900,2026-08-27 09:00:00
2026-03-24,147715900,2101,0,31.3347552466,-0.2633172710,-0.2633172710,0.4285714,8,8,0.49659680000000000,0.496596800000,-0.3599647694406772,-0.3599647694406772,-0.3599647694406772,0E-17,ELIGIBLE,R03b_20260811_FULL_v1,L1_ELIGIBILITY,v2026-08-11,2026-03-21..2026-08-06,baccarat_bet02_101_all_pairs_incl_sentinel,round_win = game_pnl > 0 (decisive only),COMPATIBILITY_ONLY_NOT_PRODUCTION,378.9136,344.6823,-62.1824,89,89,0.16410702,,0.16410702,0.16410702,62.1824,378.9136,OK,0.0000,-2.4873,4.0000,96.0000,AG03-UNRESOLVED,ALL5_LEVELS_bet23_to_bet27,-2.4873,-2.4873,-2.4873,-3.1091,-3.1091,4.000000,4.000000,4.000000,5.000000,5.000000,96.000000,96.000000,96.000000,95.000000,95.000000,5.0,-13.6801,-12.5314,-48.5023,-49.651,PENDING_AG03,FALSE,NOT_FOR_ENFORCEMENT,-59.6951,330.8950,-62.1824,-59.6951,-2.4873,-0.16410702,-0.15754274,-2.4873,-59.6951,-0.15754274,-2.4873,-2.4873,-2.4873,-3.1091,-3.1091,-59.6951,-0.15754274,-13.6801,-12.5314,-48.5023,-49.651,-0.12800347,-0.13103523,-0.00656428,4.2575,3.8728,-0.6987,-20.7275,-3.2728,126.3045,29.6667,,4.2575,2.6332,3.9498,5.2663,6.6883,7.8995,11.4964,2.6332,2.5015,2.0,2.910667,1.077903,6,16,5,2,0E-8,-0.16410702,,0E-8,0.000000,0.909659,0.000000,,2026-03-24,2026-03-26,3,19,10,3,1.000000,,,0.000000,,,,,,,,GLOBAL_BASELINE_NO_ENTITY_RANKING,,,NOT_APPLICABLE_GLOBAL_BASELINE,HF9g-P5,,,,X 全窗基线 · 不参与实体赏罚,3922546,393,A168_HF9F_20260827_0900,2026-08-27 09:00:00
2026-03-24,147715900,2141,0,26.3317270980,-0.2633172710,-0.2633172710,0.5714286,7,7,0.49516052857142857,0.495160528571,0.40359145382014583,0.40359145382241707,0.40359145382014583,4.2857E-13,ELIGIBLE,R03b_20260811_FULL_v1,L1_ELIGIBILITY,v2026-08-11,2026-03-21..2026-08-06,baccarat_bet02_101_all_pairs_incl_sentinel,round_win = game_pnl > 0 (decisive only),COMPATIBILITY_ONLY_NOT_PRODUCTION,378.9136,344.6823,-62.1824,89,89,0.16410702,,0.16410702,0.16410702,62.1824,378.9136,OK,0.0000,-2.4873,4.0000,96.0000,AG03-UNRESOLVED,ALL5_LEVELS_bet23_to_bet27,-2.4873,-2.4873,-2.4873,-3.1091,-3.1091,4.000000,4.000000,4.000000,5.000000,5.000000,96.000000,96.000000,96.000000,95.000000,95.000000,5.0,-13.6801,-12.5314,-48.5023,-49.651,PENDING_AG03,FALSE,NOT_FOR_ENFORCEMENT,-59.6951,330.8950,-62.1824,-59.6951,-2.4873,-0.16410702,-0.15754274,-2.4873,-59.6951,-0.15754274,-2.4873,-2.4873,-2.4873,-3.1091,-3.1091,-59.6951,-0.15754274,-13.6801,-12.5314,-48.5023,-49.651,-0.12800347,-0.13103523,-0.00656428,4.2575,3.8728,-0.6987,-20.7275,-3.2728,126.3045,29.6667,,4.2575,2.6332,3.9498,5.2663,6.6883,7.8995,11.4964,2.6332,2.5015,2.0,2.910667,1.077903,6,16,5,2,0E-8,-0.16410702,,0E-8,0.000000,0.909659,0.000000,,2026-03-24,2026-03-26,3,19,10,3,1.000000,,,0.000000,,,,,,,,GLOBAL_BASELINE_NO_ENTITY_RANKING,,,NOT_APPLICABLE_GLOBAL_BASELINE,HF9g-P5,,,,X 全窗基线 · 不参与实体赏罚,3922547,393,A168_HF9F_20260827_0900,2026-08-27 09:00:00
2026-03-24,147715900,2145,0,38.7076388341,-1.1454301288,-1.1454301288,0.5000000,5,5,0.49860758000000000,0.498607580000,0.005569701597489473,0.005569701597489473,0.005569701597489473,0E-17,ELIGIBLE,R03b_20260811_FULL_v1,L1_ELIGIBILITY,v2026-08-11,2026-03-21..2026-08-06,baccarat_bet02_101_all_pairs_incl_sentinel,round_win = game_pnl > 0 (decisive only),COMPATIBILITY_ONLY_NOT_PRODUCTION,378.9136,344.6823,-62.1824,89,89,0.16410702,,0.16410702,0.16410702,62.1824,378.9136,OK,0.0000,-2.4873,4.0000,96.0000,AG03-UNRESOLVED,ALL5_LEVELS_bet23_to_bet27,-2.4873,-2.4873,-2.4873,-3.1091,-3.1091,4.000000,4.000000,4.000000,5.000000,5.000000,96.000000,96.000000,96.000000,95.000000,95.000000,5.0,-13.6801,-12.5314,-48.5023,-49.651,PENDING_AG03,FALSE,NOT_FOR_ENFORCEMENT,-59.6951,330.8950,-62.1824,-59.6951,-2.4873,-0.16410702,-0.15754274,-2.4873,-59.6951,-0.15754274,-2.4873,-2.4873,-2.4873,-3.1091,-3.1091,-59.6951,-0.15754274,-13.6801,-12.5314,-48.5023,-49.651,-0.12800347,-0.13103523,-0.00656428,4.2575,3.8728,-0.6987,-20.7275,-3.2728,126.3045,29.6667,,4.2575,2.6332,3.9498,5.2663,6.6883,7.8995,11.4964,2.6332,2.5015,2.0,2.910667,1.077903,6,16,5,2,0E-8,-0.16410702,,0E-8,0.000000,0.909659,0.000000,,2026-03-24,2026-03-26,3,19,10,3,1.000000,,,0.000000,,,,,,,,GLOBAL_BASELINE_NO_ENTITY_RANKING,,,NOT_APPLICABLE_GLOBAL_BASELINE,HF9g-P5,,,,X 全窗基线 · 不参与实体赏罚,3922548,393,A168_HF9F_20260827_0900,2026-08-27 09:00:00
2026-03-24,147715900,2174,0,31.3347552466,20.4070885009,20.4070885009,0.7500000,4,4,0.49659680000000000,0.496596800000,1.0136362796769356,1.0136362796769358,1.0136362796769356,0E-17,ELIGIBLE,R03b_20260811_FULL_v1,L1_ELIGIBILITY,v2026-08-11,2026-03-21..2026-08-06,baccarat_bet02_101_all_pairs_incl_sentinel,round_win = game_pnl > 0 (decisive only),COMPATIBILITY_ONLY_NOT_PRODUCTION,378.9136,344.6823,-62.1824,89,89,0.16410702,,0.16410702,0.16410702,62.1824,378.9136,OK,0.0000,-2.4873,4.0000,96.0000,AG03-UNRESOLVED,ALL5_LEVELS_bet23_to_bet27,-2.4873,-2.4873,-2.4873,-3.1091,-3.1091,4.000000,4.000000,4.000000,5.000000,5.000000,96.000000,96.000000,96.000000,95.000000,95.000000,5.0,-13.6801,-12.5314,-48.5023,-49.651,PENDING_AG03,FALSE,NOT_FOR_ENFORCEMENT,-59.6951,330.8950,-62.1824,-59.6951,-2.4873,-0.16410702,-0.15754274,-2.4873,-59.6951,-0.15754274,-2.4873,-2.4873,-2.4873,-3.1091,-3.1091,-59.6951,-0.15754274,-13.6801,-12.5314,-48.5023,-49.651,-0.12800347,-0.13103523,-0.00656428,4.2575,3.8728,-0.6987,-20.7275,-3.2728,126.3045,29.6667,,4.2575,2.6332,3.9498,5.2663,6.6883,7.8995,11.4964,2.6332,2.5015,2.0,2.910667,1.077903,6,16,5,2,0E-8,-0.16410702,,0E-8,0.000000,0.909659,0.000000,,2026-03-24,2026-03-26,3,19,10,3,1.000000,,,0.000000,,,,,,,,GLOBAL_BASELINE_NO_ENTITY_RANKING,,,NOT_APPLICABLE_GLOBAL_BASELINE,HF9g-P5,,,,X 全窗基线 · 不参与实体赏罚,3922549,393,A168_HF9F_20260827_0900,2026-08-27 09:00:00
2026-03-24,147715900,948,0,2.6331727098,0E-10,0E-10,,1,1,0.49324550000000000,0.493245500000,,,,0E-17,NO_DECISIVE_ROUND,R03b_20260811_FULL_v1,L1_ELIGIBILITY,v2026-08-11,2026-03-21..2026-08-06,baccarat_bet02_101_all_pairs_incl_sentinel,round_win = game_pnl > 0 (decisive only),COMPATIBILITY_ONLY_NOT_PRODUCTION,378.9136,344.6823,-62.1824,89,89,0.16410702,,0.16410702,0.16410702,62.1824,378.9136,OK,0.0000,-2.4873,4.0000,96.0000,AG03-UNRESOLVED,ALL5_LEVELS_bet23_to_bet27,-2.4873,-2.4873,-2.4873,-3.1091,-3.1091,4.000000,4.000000,4.000000,5.000000,5.000000,96.000000,96.000000,96.000000,95.000000,95.000000,5.0,-13.6801,-12.5314,-48.5023,-49.651,PENDING_AG03,FALSE,NOT_FOR_ENFORCEMENT,-59.6951,330.8950,-62.1824,-59.6951,-2.4873,-0.16410702,-0.15754274,-2.4873,-59.6951,-0.15754274,-2.4873,-2.4873,-2.4873,-3.1091,-3.1091,-59.6951,-0.15754274,-13.6801,-12.5314,-48.5023,-49.651,-0.12800347,-0.13103523,-0.00656428,4.2575,3.8728,-0.6987,-20.7275,-3.2728,126.3045,29.6667,,4.2575,2.6332,3.9498,5.2663,6.6883,7.8995,11.4964,2.6332,2.5015,2.0,2.910667,1.077903,6,16,5,2,0E-8,-0.16410702,,0E-8,0.000000,0.909659,0.000000,,2026-03-24,2026-03-26,3,19,10,3,1.000000,,,0.000000,,,,,,,,GLOBAL_BASELINE_NO_ENTITY_RANKING,,,NOT_APPLICABLE_GLOBAL_BASELINE,HF9g-P5,,,,X 全窗基线 · 不参与实体赏罚,3922550,393,A168_HF9F_20260827_0900,2026-08-27 09:00:00
2026-03-24,147715900,970,0,26.3317270980,2.2381968033,2.2381968033,0.5714286,8,8,0.49827245000000000,0.498272450000,0.3871081189643771,0.3871081189643771,0.3871081189643771,0E-17,ELIGIBLE,R03b_20260811_FULL_v1,L1_ELIGIBILITY,v2026-08-11,2026-03-21..2026-08-06,baccarat_bet02_101_all_pairs_incl_sentinel,round_win = game_pnl > 0 (decisive only),COMPATIBILITY_ONLY_NOT_PRODUCTION,378.9136,344.6823,-62.1824,89,89,0.16410702,,0.16410702,0.16410702,62.1824,378.9136,OK,0.0000,-2.4873,4.0000,96.0000,AG03-UNRESOLVED,ALL5_LEVELS_bet23_to_bet27,-2.4873,-2.4873,-2.4873,-3.1091,-3.1091,4.000000,4.000000,4.000000,5.000000,5.000000,96.000000,96.000000,96.000000,95.000000,95.000000,5.0,-13.6801,-12.5314,-48.5023,-49.651,PENDING_AG03,FALSE,NOT_FOR_ENFORCEMENT,-59.6951,330.8950,-62.1824,-59.6951,-2.4873,-0.16410702,-0.15754274,-2.4873,-59.6951,-0.15754274,-2.4873,-2.4873,-2.4873,-3.1091,-3.1091,-59.6951,-0.15754274,-13.6801,-12.5314,-48.5023,-49.651,-0.12800347,-0.13103523,-0.00656428,4.2575,3.8728,-0.6987,-20.7275,-3.2728,126.3045,29.6667,,4.2575,2.6332,3.9498,5.2663,6.6883,7.8995,11.4964,2.6332,2.5015,2.0,2.910667,1.077903,6,16,5,2,0E-8,-0.16410702,,0E-8,0.000000,0.909659,0.000000,,2026-03-24,2026-03-26,3,19,10,3,1.000000,,,0.000000,,,,,,,,GLOBAL_BASELINE_NO_ENTITY_RANKING,,,NOT_APPLICABLE_GLOBAL_BASELINE,HF9g-P5,,,,X 全窗基线 · 不参与实体赏罚,3922551,393,A168_HF9F_20260827_0900,2026-08-27 09:00:00
2026-03-25,147715900,1396,0,7.8995181294,-7.8995181294,-7.8995181294,0E-7,3,3,0.49771390000000000,0.497713900000,-1.724149546644903,-1.724149546644903,-1.724149546644903,0E-17,ELIGIBLE,R03b_20260811_FULL_v1,L1_ELIGIBILITY,v2026-08-11,2026-03-21..2026-08-06,baccarat_bet02_101_all_pairs_incl_sentinel,round_win = game_pnl > 0 (decisive only),COMPATIBILITY_ONLY_NOT_PRODUCTION,378.9136,344.6823,-62.1824,89,89,0.16410702,,0.16410702,0.16410702,62.1824,378.9136,OK,0.0000,-2.4873,4.0000,96.0000,AG03-UNRESOLVED,ALL5_LEVELS_bet23_to_bet27,-2.4873,-2.4873,-2.4873,-3.1091,-3.1091,4.000000,4.000000,4.000000,5.000000,5.000000,96.000000,96.000000,96.000000,95.000000,95.000000,5.0,-13.6801,-12.5314,-48.5023,-49.651,PENDING_AG03,FALSE,NOT_FOR_ENFORCEMENT,-59.6951,330.8950,-62.1824,-59.6951,-2.4873,-0.16410702,-0.15754274,-2.4873,-59.6951,-0.15754274,-2.4873,-2.4873,-2.4873,-3.1091,-3.1091,-59.6951,-0.15754274,-13.6801,-12.5314,-48.5023,-49.651,-0.12800347,-0.13103523,-0.00656428,4.2575,3.8728,-0.6987,-20.7275,-3.2728,126.3045,29.6667,,4.2575,2.6332,3.9498,5.2663,6.6883,7.8995,11.4964,2.6332,2.5015,2.0,2.910667,1.077903,6,16,5,2,0E-8,-0.16410702,,0E-8,0.000000,0.909659,0.000000,,2026-03-24,2026-03-26,3,19,10,3,1.000000,,,0.000000,,,,,,,,GLOBAL_BASELINE_NO_ENTITY_RANKING,,,NOT_APPLICABLE_GLOBAL_BASELINE,HF9g-P5,,,,X 全窗基线 · 不参与实体赏罚,3922552,393,A168_HF9F_20260827_0900,2026-08-27 09:00:00
2026-03-25,147715900,2189,0,2.6331727098,-2.6331727098,-2.6331727098,0E-7,1,1,0.49324550000000000,0.493245500000,-0.9865810262130424,-0.9865810262130424,-0.9865810262130424,0E-17,ELIGIBLE,R03b_20260811_FULL_v1,L1_ELIGIBILITY,v2026-08-11,2026-03-21..2026-08-06,baccarat_bet02_101_all_pairs_incl_sentinel,round_win = game_pnl > 0 (decisive only),COMPATIBILITY_ONLY_NOT_PRODUCTION,378.9136,344.6823,-62.1824,89,89,0.16410702,,0.16410702,0.16410702,62.1824,378.9136,OK,0.0000,-2.4873,4.0000,96.0000,AG03-UNRESOLVED,ALL5_LEVELS_bet23_to_bet27,-2.4873,-2.4873,-2.4873,-3.1091,-3.1091,4.000000,4.000000,4.000000,5.000000,5.000000,96.000000,96.000000,96.000000,95.000000,95.000000,5.0,-13.6801,-12.5314,-48.5023,-49.651,PENDING_AG03,FALSE,NOT_FOR_ENFORCEMENT,-59.6951,330.8950,-62.1824,-59.6951,-2.4873,-0.16410702,-0.15754274,-2.4873,-59.6951,-0.15754274,-2.4873,-2.4873,-2.4873,-3.1091,-3.1091,-59.6951,-0.15754274,-13.6801,-12.5314,-48.5023,-49.651,-0.12800347,-0.13103523,-0.00656428,4.2575,3.8728,-0.6987,-20.7275,-3.2728,126.3045,29.6667,,4.2575,2.6332,3.9498,5.2663,6.6883,7.8995,11.4964,2.6332,2.5015,2.0,2.910667,1.077903,6,16,5,2,0E-8,-0.16410702,,0E-8,0.000000,0.909659,0.000000,,2026-03-24,2026-03-26,3,19,10,3,1.000000,,,0.000000,,,,,,,,GLOBAL_BASELINE_NO_ENTITY_RANKING,,,NOT_APPLICABLE_GLOBAL_BASELINE,HF9g-P5,,,,X 全窗基线 · 不参与实体赏罚,3922553,393,A168_HF9F_20260827_0900,2026-08-27 09:00:00
2026-03-25,147715900,2235,0,10.2693735682,-5.1346867841,-5.1346867841,0.3333333,3,3,0.49771390000000000,0.497713900000,-0.5694369385616226,-0.5694369385616226,-0.5694369385616226,0E-17,ELIGIBLE,R03b_20260811_FULL_v1,L1_ELIGIBILITY,v2026-08-11,2026-03-21..2026-08-06,baccarat_bet02_101_all_pairs_incl_sentinel,round_win = game_pnl > 0 (decisive only),COMPATIBILITY_ONLY_NOT_PRODUCTION,378.9136,344.6823,-62.1824,89,89,0.16410702,,0.16410702,0.16410702,62.1824,378.9136,OK,0.0000,-2.4873,4.0000,96.0000,AG03-UNRESOLVED,ALL5_LEVELS_bet23_to_bet27,-2.4873,-2.4873,-2.4873,-3.1091,-3.1091,4.000000,4.000000,4.000000,5.000000,5.000000,96.000000,96.000000,96.000000,95.000000,95.000000,5.0,-13.6801,-12.5314,-48.5023,-49.651,PENDING_AG03,FALSE,NOT_FOR_ENFORCEMENT,-59.6951,330.8950,-62.1824,-59.6951,-2.4873,-0.16410702,-0.15754274,-2.4873,-59.6951,-0.15754274,-2.4873,-2.4873,-2.4873,-3.1091,-3.1091,-59.6951,-0.15754274,-13.6801,-12.5314,-48.5023,-49.651,-0.12800347,-0.13103523,-0.00656428,4.2575,3.8728,-0.6987,-20.7275,-3.2728,126.3045,29.6667,,4.2575,2.6332,3.9498,5.2663,6.6883,7.8995,11.4964,2.6332,2.5015,2.0,2.910667,1.077903,6,16,5,2,0E-8,-0.16410702,,0E-8,0.000000,0.909659,0.000000,,2026-03-24,2026-03-26,3,19,10,3,1.000000,,,0.000000,,,,,,,,GLOBAL_BASELINE_NO_ENTITY_RANKING,,,NOT_APPLICABLE_GLOBAL_BASELINE,HF9g-P5,,,,X 全窗基线 · 不参与实体赏罚,3922554,393,A168_HF9F_20260827_0900,2026-08-27 09:00:00
2026-03-25,147715900,986,0,2.6331727098,-2.6331727098,-2.6331727098,0E-7,1,1,0.50665070000000000,0.506650700000,-1.013391052207602,-1.013391052207602,-1.013391052207602,0E-17,ELIGIBLE,R03b_20260811_FULL_v1,L1_ELIGIBILITY,v2026-08-11,2026-03-21..2026-08-06,baccarat_bet02_101_all_pairs_incl_sentinel,round_win = game_pnl > 0 (decisive only),COMPATIBILITY_ONLY_NOT_PRODUCTION,378.9136,344.6823,-62.1824,89,89,0.16410702,,0.16410702,0.16410702,62.1824,378.9136,OK,0.0000,-2.4873,4.0000,96.0000,AG03-UNRESOLVED,ALL5_LEVELS_bet23_to_bet27,-2.4873,-2.4873,-2.4873,-3.1091,-3.1091,4.000000,4.000000,4.000000,5.000000,5.000000,96.000000,96.000000,96.000000,95.000000,95.000000,5.0,-13.6801,-12.5314,-48.5023,-49.651,PENDING_AG03,FALSE,NOT_FOR_ENFORCEMENT,-59.6951,330.8950,-62.1824,-59.6951,-2.4873,-0.16410702,-0.15754274,-2.4873,-59.6951,-0.15754274,-2.4873,-2.4873,-2.4873,-3.1091,-3.1091,-59.6951,-0.15754274,-13.6801,-12.5314,-48.5023,-49.651,-0.12800347,-0.13103523,-0.00656428,4.2575,3.8728,-0.6987,-20.7275,-3.2728,126.3045,29.6667,,4.2575,2.6332,3.9498,5.2663,6.6883,7.8995,11.4964,2.6332,2.5015,2.0,2.910667,1.077903,6,16,5,2,0E-8,-0.16410702,,0E-8,0.000000,0.909659,0.000000,,2026-03-24,2026-03-26,3,19,10,3,1.000000,,,0.000000,,,,,,,,GLOBAL_BASELINE_NO_ENTITY_RANKING,,,NOT_APPLICABLE_GLOBAL_BASELINE,HF9g-P5,,,,X 全窗基线 · 不参与实体赏罚,3922555,393,A168_HF9F_20260827_0900,2026-08-27 09:00:00
2026-03-26,147715900,1307,0,21.0653816784,0E-10,0E-10,0.5000000,6,6,0.49547970000000000,0.495479700000,0.022145762000773162,0.022145762000773162,0.022145762000773162,0E-17,ELIGIBLE,R03b_20260811_FULL_v1,L1_ELIGIBILITY,v2026-08-11,2026-03-21..2026-08-06,baccarat_bet02_101_all_pairs_incl_sentinel,round_win = game_pnl > 0 (decisive only),COMPATIBILITY_ONLY_NOT_PRODUCTION,378.9136,344.6823,-62.1824,89,89,0.16410702,,0.16410702,0.16410702,62.1824,378.9136,OK,0.0000,-2.4873,4.0000,96.0000,AG03-UNRESOLVED,ALL5_LEVELS_bet23_to_bet27,-2.4873,-2.4873,-2.4873,-3.1091,-3.1091,4.000000,4.000000,4.000000,5.000000,5.000000,96.000000,96.000000,96.000000,95.000000,95.000000,5.0,-13.6801,-12.5314,-48.5023,-49.651,PENDING_AG03,FALSE,NOT_FOR_ENFORCEMENT,-59.6951,330.8950,-62.1824,-59.6951,-2.4873,-0.16410702,-0.15754274,-2.4873,-59.6951,-0.15754274,-2.4873,-2.4873,-2.4873,-3.1091,-3.1091,-59.6951,-0.15754274,-13.6801,-12.5314,-48.5023,-49.651,-0.12800347,-0.13103523,-0.00656428,4.2575,3.8728,-0.6987,-20.7275,-3.2728,126.3045,29.6667,,4.2575,2.6332,3.9498,5.2663,6.6883,7.8995,11.4964,2.6332,2.5015,2.0,2.910667,1.077903,6,16,5,2,0E-8,-0.16410702,,0E-8,0.000000,0.909659,0.000000,,2026-03-24,2026-03-26,3,19,10,3,1.000000,,,0.000000,,,,,,,,GLOBAL_BASELINE_NO_ENTITY_RANKING,,,NOT_APPLICABLE_GLOBAL_BASELINE,HF9g-P5,,,,X 全窗基线 · 不参与实体赏罚,3922556,393,A168_HF9F_20260827_0900,2026-08-27 09:00:00
2026-03-26,147715900,2233,0,7.8995181294,-2.6331727098,-2.6331727098,0.5000000,2,2,0.49324550000000000,0.493245500000,0.01910635448239258,0.01910635448239258,0.01910635448239258,0E-17,ELIGIBLE,R03b_20260811_FULL_v1,L1_ELIGIBILITY,v2026-08-11,2026-03-21..2026-08-06,baccarat_bet02_101_all_pairs_incl_sentinel,round_win = game_pnl > 0 (decisive only),COMPATIBILITY_ONLY_NOT_PRODUCTION,378.9136,344.6823,-62.1824,89,89,0.16410702,,0.16410702,0.16410702,62.1824,378.9136,OK,0.0000,-2.4873,4.0000,96.0000,AG03-UNRESOLVED,ALL5_LEVELS_bet23_to_bet27,-2.4873,-2.4873,-2.4873,-3.1091,-3.1091,4.000000,4.000000,4.000000,5.000000,5.000000,96.000000,96.000000,96.000000,95.000000,95.000000,5.0,-13.6801,-12.5314,-48.5023,-49.651,PENDING_AG03,FALSE,NOT_FOR_ENFORCEMENT,-59.6951,330.8950,-62.1824,-59.6951,-2.4873,-0.16410702,-0.15754274,-2.4873,-59.6951,-0.15754274,-2.4873,-2.4873,-2.4873,-3.1091,-3.1091,-59.6951,-0.15754274,-13.6801,-12.5314,-48.5023,-49.651,-0.12800347,-0.13103523,-0.00656428,4.2575,3.8728,-0.6987,-20.7275,-3.2728,126.3045,29.6667,,4.2575,2.6332,3.9498,5.2663,6.6883,7.8995,11.4964,2.6332,2.5015,2.0,2.910667,1.077903,6,16,5,2,0E-8,-0.16410702,,0E-8,0.000000,0.909659,0.000000,,2026-03-24,2026-03-26,3,19,10,3,1.000000,,,0.000000,,,,,,,,GLOBAL_BASELINE_NO_ENTITY_RANKING,,,NOT_APPLICABLE_GLOBAL_BASELINE,HF9g-P5,,,,X 全窗基线 · 不参与实体赏罚,3922557,393,A168_HF9F_20260827_0900,2026-08-27 09:00:00
2026-04-10,148498319,2103,0,17.7996492422,16.9096667801,16.9096667801,1.0000000,1,1,0.50665070000000000,0.506650700000,0.9867858985152569,0.9867858985152569,0.9867858985152569,0E-17,ELIGIBLE,R03b_20260811_FULL_v1,L1_ELIGIBILITY,v2026-08-11,2026-03-21..2026-08-06,baccarat_bet02_101_all_pairs_incl_sentinel,round_win = game_pnl > 0 (decisive only),COMPATIBILITY_ONLY_NOT_PRODUCTION,73.2927,73.2927,-61.5397,6,6,0.83964286,,0.83964286,0.83964286,61.5397,73.2927,THIN_EXPOSURE,0.0000,-1.8462,3.0000,97.0000,AG03-UNRESOLVED,ALL5_LEVELS_bet23_to_bet27,-1.8462,-1.8462,-1.8462,-2.4616,-2.4616,3.000000,3.000000,3.000000,4.000000,4.000000,97.000000,97.000000,97.000000,96.000000,96.000000,5.0,-10.4617,-9.7775,-51.0779,-51.7622,PENDING_AG03,FALSE,NOT_FOR_ENFORCEMENT,-59.6935,71.0939,-61.5397,-59.6935,-1.8462,-0.83964286,-0.81445357,-1.8462,-59.6935,-0.81445357,-1.8462,-1.8462,-1.8462,-2.4616,-2.4616,-59.6935,-0.81445357,-10.4617,-9.7775,-51.0779,-51.7622,-0.69690357,-0.70623993,-0.02518929,12.2154,12.2154,-10.2566,-61.5397,-30.7698,73.2927,6.0000,,12.2154,5.2352,6.544,17.7997,32.877,34.5523,34.5523,6.544,6.3477,5.28,5.28,1.866667,2,2,1,2,0E-8,-0.83964286,,0E-8,0.000000,1.000000,0.000000,,2026-04-10,2026-04-10,1,2,2,1,1.000000,,,0.000000,,,,,,,,GLOBAL_BASELINE_NO_ENTITY_RANKING,,,NOT_APPLICABLE_GLOBAL_BASELINE,HF9g-P5,,,,X 全窗基线 · 不参与实体赏罚,3922558,393,A168_HF9F_20260827_0900,2026-08-27 09:00:00
2026-04-10,148498319,2216,0,55.4930241081,44.6300028794,44.6300028794,0.8000000,5,5,0.49860758000000000,0.498607580000,1.3478731046594083,1.3478731046594083,1.3478731046594083,0E-17,ELIGIBLE,R03b_20260811_FULL_v1,L1_ELIGIBILITY,v2026-08-11,2026-03-21..2026-08-06,baccarat_bet02_101_all_pairs_incl_sentinel,round_win = game_pnl > 0 (decisive only),COMPATIBILITY_ONLY_NOT_PRODUCTION,73.2927,73.2927,-61.5397,6,6,0.83964286,,0.83964286,0.83964286,61.5397,73.2927,THIN_EXPOSURE,0.0000,-1.8462,3.0000,97.0000,AG03-UNRESOLVED,ALL5_LEVELS_bet23_to_bet27,-1.8462,-1.8462,-1.8462,-2.4616,-2.4616,3.000000,3.000000,3.000000,4.000000,4.000000,97.000000,97.000000,97.000000,96.000000,96.000000,5.0,-10.4617,-9.7775,-51.0779,-51.7622,PENDING_AG03,FALSE,NOT_FOR_ENFORCEMENT,-59.6935,71.0939,-61.5397,-59.6935,-1.8462,-0.83964286,-0.81445357,-1.8462,-59.6935,-0.81445357,-1.8462,-1.8462,-1.8462,-2.4616,-2.4616,-59.6935,-0.81445357,-10.4617,-9.7775,-51.0779,-51.7622,-0.69690357,-0.70623993,-0.02518929,12.2154,12.2154,-10.2566,-61.5397,-30.7698,73.2927,6.0000,,12.2154,5.2352,6.544,17.7997,32.877,34.5523,34.5523,6.544,6.3477,5.28,5.28,1.866667,2,2,1,2,0E-8,-0.83964286,,0E-8,0.000000,1.000000,0.000000,,2026-04-10,2026-04-10,1,2,2,1,1.000000,,,0.000000,,,,,,,,GLOBAL_BASELINE_NO_ENTITY_RANKING,,,NOT_APPLICABLE_GLOBAL_BASELINE,HF9g-P5,,,,X 全窗基线 · 不参与实体赏罚,3922559,393,A168_HF9F_20260827_0900,2026-08-27 09:00:00
2026-05-08,149756383,-1,1,105.0309841403,42.0123936562,42.0123936562,1.0000000,3,3,0.50665070000000000,0.506650700000,1.3955260008387969,1.3955260008387969,1.3955260008387969,0E-17,SENTINEL_DEALER,R03b_20260811_FULL_v1,L1_ELIGIBILITY,v2026-08-11,2026-03-21..2026-08-06,baccarat_bet02_101_all_pairs_incl_sentinel,round_win = game_pnl > 0 (decisive only),COMPATIBILITY_ONLY_NOT_PRODUCTION,324.3357,244.5121,-62.1783,15,15,0.19170984,,0.19170984,0.19170984,62.1783,324.3357,THIN_EXPOSURE,0.0000,-2.4871,4.0000,96.0000,AG03-UNRESOLVED,ALL5_LEVELS_bet23_to_bet27,-2.4871,-2.4871,-2.4871,-3.7307,-3.7307,4.000000,4.000000,4.000000,6.000000,6.000000,96.000000,96.000000,96.000000,94.000000,94.000000,5.0,-14.9228,-13.5703,-47.2555,-48.6081,PENDING_AG03,FALSE,NOT_FOR_ENFORCEMENT,-59.6912,234.7316,-62.1783,-59.6912,-2.4871,-0.19170984,-0.18404145,-2.4871,-59.6912,-0.18404145,-2.4871,-2.4871,-2.4871,-3.7307,-3.7307,-59.6912,-0.18404145,-14.9228,-13.5703,-47.2555,-48.6081,-0.14569948,-0.14986969,-0.00766839,21.6224,16.3008,-4.1452,-31.0892,-4.4413,162.1678,7.5000,,21.6224,10.5031,10.5031,42.0124,42.0124,42.0124,42.0124,10.5031,0.0,4.0,4.0,2.058667,11,9,2,2,0E-8,-0.19170984,,0E-8,0.000000,0.753886,0.866667,,2026-05-08,2026-05-11,2,14,14,4,0.500000,,,0.000000,,,,,,,,GLOBAL_BASELINE_NO_ENTITY_RANKING,,,NOT_APPLICABLE_GLOBAL_BASELINE,HF9g-P5,,,,X 全窗基线 · 不参与实体赏罚,3922560,393,A168_HF9F_20260827_0900,2026-08-27 09:00:00
2026-05-08,149756383,1157,0,42.0123936561,42.0123936561,42.0123936561,1.0000000,1,1,0.50665070000000000,0.506650700000,0.9867858985152569,0.9867858985152569,0.9867858985152569,0E-17,ELIGIBLE,R03b_20260811_FULL_v1,L1_ELIGIBILITY,v2026-08-11,2026-03-21..2026-08-06,baccarat_bet02_101_all_pairs_incl_sentinel,round_win = game_pnl > 0 (decisive only),COMPATIBILITY_ONLY_NOT_PRODUCTION,324.3357,244.5121,-62.1783,15,15,0.19170984,,0.19170984,0.19170984,62.1783,324.3357,THIN_EXPOSURE,0.0000,-2.4871,4.0000,96.0000,AG03-UNRESOLVED,ALL5_LEVELS_bet23_to_bet27,-2.4871,-2.4871,-2.4871,-3.7307,-3.7307,4.000000,4.000000,4.000000,6.000000,6.000000,96.000000,96.000000,96.000000,94.000000,94.000000,5.0,-14.9228,-13.5703,-47.2555,-48.6081,PENDING_AG03,FALSE,NOT_FOR_ENFORCEMENT,-59.6912,234.7316,-62.1783,-59.6912,-2.4871,-0.19170984,-0.18404145,-2.4871,-59.6912,-0.18404145,-2.4871,-2.4871,-2.4871,-3.7307,-3.7307,-59.6912,-0.18404145,-14.9228,-13.5703,-47.2555,-48.6081,-0.14569948,-0.14986969,-0.00766839,21.6224,16.3008,-4.1452,-31.0892,-4.4413,162.1678,7.5000,,21.6224,10.5031,10.5031,42.0124,42.0124,42.0124,42.0124,10.5031,0.0,4.0,4.0,2.058667,11,9,2,2,0E-8,-0.19170984,,0E-8,0.000000,0.753886,0.866667,,2026-05-08,2026-05-11,2,14,14,4,0.500000,,,0.000000,,,,,,,,GLOBAL_BASELINE_NO_ENTITY_RANKING,,,NOT_APPLICABLE_GLOBAL_BASELINE,HF9g-P5,,,,X 全窗基线 · 不参与实体赏罚,3922561,393,A168_HF9F_20260827_0900,2026-08-27 09:00:00
2026-05-08,149756383,1307,0,42.0123936561,-42.0123936561,-42.0123936561,0E-7,1,1,0.50665070000000000,0.506650700000,-1.013391052207602,-1.013391052207602,-1.013391052207602,0E-17,ELIGIBLE,R03b_20260811_FULL_v1,L1_ELIGIBILITY,v2026-08-11,2026-03-21..2026-08-06,baccarat_bet02_101_all_pairs_incl_sentinel,round_win = game_pnl > 0 (decisive only),COMPATIBILITY_ONLY_NOT_PRODUCTION,324.3357,244.5121,-62.1783,15,15,0.19170984,,0.19170984,0.19170984,62.1783,324.3357,THIN_EXPOSURE,0.0000,-2.4871,4.0000,96.0000,AG03-UNRESOLVED,ALL5_LEVELS_bet23_to_bet27,-2.4871,-2.4871,-2.4871,-3.7307,-3.7307,4.000000,4.000000,4.000000,6.000000,6.000000,96.000000,96.000000,96.000000,94.000000,94.000000,5.0,-14.9228,-13.5703,-47.2555,-48.6081,PENDING_AG03,FALSE,NOT_FOR_ENFORCEMENT,-59.6912,234.7316,-62.1783,-59.6912,-2.4871,-0.19170984,-0.18404145,-2.4871,-59.6912,-0.18404145,-2.4871,-2.4871,-2.4871,-3.7307,-3.7307,-59.6912,-0.18404145,-14.9228,-13.5703,-47.2555,-48.6081,-0.14569948,-0.14986969,-0.00766839,21.6224,16.3008,-4.1452,-31.0892,-4.4413,162.1678,7.5000,,21.6224,10.5031,10.5031,42.0124,42.0124,42.0124,42.0124,10.5031,0.0,4.0,4.0,2.058667,11,9,2,2,0E-8,-0.19170984,,0E-8,0.000000,0.753886,0.866667,,2026-05-08,2026-05-11,2,14,14,4,0.500000,,,0.000000,,,,,,,,GLOBAL_BASELINE_NO_ENTITY_RANKING,,,NOT_APPLICABLE_GLOBAL_BASELINE,HF9g-P5,,,,X 全窗基线 · 不参与实体赏罚,3922562,393,A168_HF9F_20260827_0900,2026-08-27 09:00:00
2026-05-08,149756383,1405,0,42.0123936561,42.0123936561,42.0123936561,1.0000000,1,1,0.49324550000000000,0.493245500000,1.01360149184955,1.01360149184955,1.01360149184955,0E-17,ELIGIBLE,R03b_20260811_FULL_v1,L1_ELIGIBILITY,v2026-08-11,2026-03-21..2026-08-06,baccarat_bet02_101_all_pairs_incl_sentinel,round_win = game_pnl > 0 (decisive only),COMPATIBILITY_ONLY_NOT_PRODUCTION,324.3357,244.5121,-62.1783,15,15,0.19170984,,0.19170984,0.19170984,62.1783,324.3357,THIN_EXPOSURE,0.0000,-2.4871,4.0000,96.0000,AG03-UNRESOLVED,ALL5_LEVELS_bet23_to_bet27,-2.4871,-2.4871,-2.4871,-3.7307,-3.7307,4.000000,4.000000,4.000000,6.000000,6.000000,96.000000,96.000000,96.000000,94.000000,94.000000,5.0,-14.9228,-13.5703,-47.2555,-48.6081,PENDING_AG03,FALSE,NOT_FOR_ENFORCEMENT,-59.6912,234.7316,-62.1783,-59.6912,-2.4871,-0.19170984,-0.18404145,-2.4871,-59.6912,-0.18404145,-2.4871,-2.4871,-2.4871,-3.7307,-3.7307,-59.6912,-0.18404145,-14.9228,-13.5703,-47.2555,-48.6081,-0.14569948,-0.14986969,-0.00766839,21.6224,16.3008,-4.1452,-31.0892,-4.4413,162.1678,7.5000,,21.6224,10.5031,10.5031,42.0124,42.0124,42.0124,42.0124,10.5031,0.0,4.0,4.0,2.058667,11,9,2,2,0E-8,-0.19170984,,0E-8,0.000000,0.753886,0.866667,,2026-05-08,2026-05-11,2,14,14,4,0.500000,,,0.000000,,,,,,,,GLOBAL_BASELINE_NO_ENTITY_RANKING,,,NOT_APPLICABLE_GLOBAL_BASELINE,HF9g-P5,,,,X 全窗基线 · 不参与实体赏罚,3922563,393,A168_HF9F_20260827_0900,2026-08-27 09:00:00
2026-05-08,149756383,2174,0,21.0061968281,-21.0061968281,-21.0061968281,0E-7,1,1,0.50665070000000000,0.506650700000,-1.013391052207602,-1.013391052207602,-1.013391052207602,0E-17,ELIGIBLE,R03b_20260811_FULL_v1,L1_ELIGIBILITY,v2026-08-11,2026-03-21..2026-08-06,baccarat_bet02_101_all_pairs_incl_sentinel,round_win = game_pnl > 0 (decisive only),COMPATIBILITY_ONLY_NOT_PRODUCTION,324.3357,244.5121,-62.1783,15,15,0.19170984,,0.19170984,0.19170984,62.1783,324.3357,THIN_EXPOSURE,0.0000,-2.4871,4.0000,96.0000,AG03-UNRESOLVED,ALL5_LEVELS_bet23_to_bet27,-2.4871,-2.4871,-2.4871,-3.7307,-3.7307,4.000000,4.000000,4.000000,6.000000,6.000000,96.000000,96.000000,96.000000,94.000000,94.000000,5.0,-14.9228,-13.5703,-47.2555,-48.6081,PENDING_AG03,FALSE,NOT_FOR_ENFORCEMENT,-59.6912,234.7316,-62.1783,-59.6912,-2.4871,-0.19170984,-0.18404145,-2.4871,-59.6912,-0.18404145,-2.4871,-2.4871,-2.4871,-3.7307,-3.7307,-59.6912,-0.18404145,-14.9228,-13.5703,-47.2555,-48.6081,-0.14569948,-0.14986969,-0.00766839,21.6224,16.3008,-4.1452,-31.0892,-4.4413,162.1678,7.5000,,21.6224,10.5031,10.5031,42.0124,42.0124,42.0124,42.0124,10.5031,0.0,4.0,4.0,2.058667,11,9,2,2,0E-8,-0.19170984,,0E-8,0.000000,0.753886,0.866667,,2026-05-08,2026-05-11,2,14,14,4,0.500000,,,0.000000,,,,,,,,GLOBAL_BASELINE_NO_ENTITY_RANKING,,,NOT_APPLICABLE_GLOBAL_BASELINE,HF9g-P5,,,,X 全窗基线 · 不参与实体赏罚,3922564,393,A168_HF9F_20260827_0900,2026-08-27 09:00:00
2026-05-11,149756383,-1,1,37.8111542904,6.3018590484,6.3018590484,0.6666667,4,4,0.50665070000000000,0.506650700000,0.5543606114942035,0.5543606114942035,0.5543606114942035,0E-17,SENTINEL_DEALER,R03b_20260811_FULL_v1,L1_ELIGIBILITY,v2026-08-11,2026-03-21..2026-08-06,baccarat_bet02_101_all_pairs_incl_sentinel,round_win = game_pnl > 0 (decisive only),COMPATIBILITY_ONLY_NOT_PRODUCTION,324.3357,244.5121,-62.1783,15,15,0.19170984,,0.19170984,0.19170984,62.1783,324.3357,THIN_EXPOSURE,0.0000,-2.4871,4.0000,96.0000,AG03-UNRESOLVED,ALL5_LEVELS_bet23_to_bet27,-2.4871,-2.4871,-2.4871,-3.7307,-3.7307,4.000000,4.000000,4.000000,6.000000,6.000000,96.000000,96.000000,96.000000,94.000000,94.000000,5.0,-14.9228,-13.5703,-47.2555,-48.6081,PENDING_AG03,FALSE,NOT_FOR_ENFORCEMENT,-59.6912,234.7316,-62.1783,-59.6912,-2.4871,-0.19170984,-0.18404145,-2.4871,-59.6912,-0.18404145,-2.4871,-2.4871,-2.4871,-3.7307,-3.7307,-59.6912,-0.18404145,-14.9228,-13.5703,-47.2555,-48.6081,-0.14569948,-0.14986969,-0.00766839,21.6224,16.3008,-4.1452,-31.0892,-4.4413,162.1678,7.5000,,21.6224,10.5031,10.5031,42.0124,42.0124,42.0124,42.0124,10.5031,0.0,4.0,4.0,2.058667,11,9,2,2,0E-8,-0.19170984,,0E-8,0.000000,0.753886,0.866667,,2026-05-08,2026-05-11,2,14,14,4,0.500000,,,0.000000,,,,,,,,GLOBAL_BASELINE_NO_ENTITY_RANKING,,,NOT_APPLICABLE_GLOBAL_BASELINE,HF9g-P5,,,,X 全窗基线 · 不参与实体赏罚,3922565,393,A168_HF9F_20260827_0900,2026-08-27 09:00:00
2026-05-11,149756383,1325,0,6.3018590484,0E-10,0E-10,,1,1,0.50665070000000000,0.506650700000,,,,0E-17,NO_DECISIVE_ROUND,R03b_20260811_FULL_v1,L1_ELIGIBILITY,v2026-08-11,2026-03-21..2026-08-06,baccarat_bet02_101_all_pairs_incl_sentinel,round_win = game_pnl > 0 (decisive only),COMPATIBILITY_ONLY_NOT_PRODUCTION,324.3357,244.5121,-62.1783,15,15,0.19170984,,0.19170984,0.19170984,62.1783,324.3357,THIN_EXPOSURE,0.0000,-2.4871,4.0000,96.0000,AG03-UNRESOLVED,ALL5_LEVELS_bet23_to_bet27,-2.4871,-2.4871,-2.4871,-3.7307,-3.7307,4.000000,4.000000,4.000000,6.000000,6.000000,96.000000,96.000000,96.000000,94.000000,94.000000,5.0,-14.9228,-13.5703,-47.2555,-48.6081,PENDING_AG03,FALSE,NOT_FOR_ENFORCEMENT,-59.6912,234.7316,-62.1783,-59.6912,-2.4871,-0.19170984,-0.18404145,-2.4871,-59.6912,-0.18404145,-2.4871,-2.4871,-2.4871,-3.7307,-3.7307,-59.6912,-0.18404145,-14.9228,-13.5703,-47.2555,-48.6081,-0.14569948,-0.14986969,-0.00766839,21.6224,16.3008,-4.1452,-31.0892,-4.4413,162.1678,7.5000,,21.6224,10.5031,10.5031,42.0124,42.0124,42.0124,42.0124,10.5031,0.0,4.0,4.0,2.058667,11,9,2,2,0E-8,-0.19170984,,0E-8,0.000000,0.753886,0.866667,,2026-05-08,2026-05-11,2,14,14,4,0.500000,,,0.000000,,,,,,,,GLOBAL_BASELINE_NO_ENTITY_RANKING,,,NOT_APPLICABLE_GLOBAL_BASELINE,HF9g-P5,,,,X 全窗基线 · 不参与实体赏罚,3922566,393,A168_HF9F_20260827_0900,2026-08-27 09:00:00
2026-05-11,149756383,2090,0,10.5030984140,10.5030984140,10.5030984140,1.0000000,1,1,0.49324550000000000,0.493245500000,1.01360149184955,1.01360149184955,1.01360149184955,0E-17,ELIGIBLE,R03b_20260811_FULL_v1,L1_ELIGIBILITY,v2026-08-11,2026-03-21..2026-08-06,baccarat_bet02_101_all_pairs_incl_sentinel,round_win = game_pnl > 0 (decisive only),COMPATIBILITY_ONLY_NOT_PRODUCTION,324.3357,244.5121,-62.1783,15,15,0.19170984,,0.19170984,0.19170984,62.1783,324.3357,THIN_EXPOSURE,0.0000,-2.4871,4.0000,96.0000,AG03-UNRESOLVED,ALL5_LEVELS_bet23_to_bet27,-2.4871,-2.4871,-2.4871,-3.7307,-3.7307,4.000000,4.000000,4.000000,6.000000,6.000000,96.000000,96.000000,96.000000,94.000000,94.000000,5.0,-14.9228,-13.5703,-47.2555,-48.6081,PENDING_AG03,FALSE,NOT_FOR_ENFORCEMENT,-59.6912,234.7316,-62.1783,-59.6912,-2.4871,-0.19170984,-0.18404145,-2.4871,-59.6912,-0.18404145,-2.4871,-2.4871,-2.4871,-3.7307,-3.7307,-59.6912,-0.18404145,-14.9228,-13.5703,-47.2555,-48.6081,-0.14569948,-0.14986969,-0.00766839,21.6224,16.3008,-4.1452,-31.0892,-4.4413,162.1678,7.5000,,21.6224,10.5031,10.5031,42.0124,42.0124,42.0124,42.0124,10.5031,0.0,4.0,4.0,2.058667,11,9,2,2,0E-8,-0.19170984,,0E-8,0.000000,0.753886,0.866667,,2026-05-08,2026-05-11,2,14,14,4,0.500000,,,0.000000,,,,,,,,GLOBAL_BASELINE_NO_ENTITY_RANKING,,,NOT_APPLICABLE_GLOBAL_BASELINE,HF9g-P5,,,,X 全窗基线 · 不参与实体赏罚,3922567,393,A168_HF9F_20260827_0900,2026-08-27 09:00:00
2026-05-11,149756383,2145,0,7.1421069215,-7.1421069215,-7.1421069215,0E-7,1,1,0.50665070000000000,0.506650700000,-1.013391052207602,-1.013391052207602,-1.013391052207602,0E-17,ELIGIBLE,R03b_20260811_FULL_v1,L1_ELIGIBILITY,v2026-08-11,2026-03-21..2026-08-06,baccarat_bet02_101_all_pairs_incl_sentinel,round_win = game_pnl > 0 (decisive only),COMPATIBILITY_ONLY_NOT_PRODUCTION,324.3357,244.5121,-62.1783,15,15,0.19170984,,0.19170984,0.19170984,62.1783,324.3357,THIN_EXPOSURE,0.0000,-2.4871,4.0000,96.0000,AG03-UNRESOLVED,ALL5_LEVELS_bet23_to_bet27,-2.4871,-2.4871,-2.4871,-3.7307,-3.7307,4.000000,4.000000,4.000000,6.000000,6.000000,96.000000,96.000000,96.000000,94.000000,94.000000,5.0,-14.9228,-13.5703,-47.2555,-48.6081,PENDING_AG03,FALSE,NOT_FOR_ENFORCEMENT,-59.6912,234.7316,-62.1783,-59.6912,-2.4871,-0.19170984,-0.18404145,-2.4871,-59.6912,-0.18404145,-2.4871,-2.4871,-2.4871,-3.7307,-3.7307,-59.6912,-0.18404145,-14.9228,-13.5703,-47.2555,-48.6081,-0.14569948,-0.14986969,-0.00766839,21.6224,16.3008,-4.1452,-31.0892,-4.4413,162.1678,7.5000,,21.6224,10.5031,10.5031,42.0124,42.0124,42.0124,42.0124,10.5031,0.0,4.0,4.0,2.058667,11,9,2,2,0E-8,-0.19170984,,0E-8,0.000000,0.753886,0.866667,,2026-05-08,2026-05-11,2,14,14,4,0.500000,,,0.000000,,,,,,,,GLOBAL_BASELINE_NO_ENTITY_RANKING,,,NOT_APPLICABLE_GLOBAL_BASELINE,HF9g-P5,,,,X 全窗基线 · 不参与实体赏罚,3922568,393,A168_HF9F_20260827_0900,2026-08-27 09:00:00
2026-05-11,149756383,752,0,10.5030984140,-10.5030984140,-10.5030984140,0E-7,1,1,0.49324550000000000,0.493245500000,-0.9865810262130424,-0.9865810262130424,-0.9865810262130424,0E-17,ELIGIBLE,R03b_20260811_FULL_v1,L1_ELIGIBILITY,v2026-08-11,2026-03-21..2026-08-06,baccarat_bet02_101_all_pairs_incl_sentinel,round_win = game_pnl > 0 (decisive only),COMPATIBILITY_ONLY_NOT_PRODUCTION,324.3357,244.5121,-62.1783,15,15,0.19170984,,0.19170984,0.19170984,62.1783,324.3357,THIN_EXPOSURE,0.0000,-2.4871,4.0000,96.0000,AG03-UNRESOLVED,ALL5_LEVELS_bet23_to_bet27,-2.4871,-2.4871,-2.4871,-3.7307,-3.7307,4.000000,4.000000,4.000000,6.000000,6.000000,96.000000,96.000000,96.000000,94.000000,94.000000,5.0,-14.9228,-13.5703,-47.2555,-48.6081,PENDING_AG03,FALSE,NOT_FOR_ENFORCEMENT,-59.6912,234.7316,-62.1783,-59.6912,-2.4871,-0.19170984,-0.18404145,-2.4871,-59.6912,-0.18404145,-2.4871,-2.4871,-2.4871,-3.7307,-3.7307,-59.6912,-0.18404145,-14.9228,-13.5703,-47.2555,-48.6081,-0.14569948,-0.14986969,-0.00766839,21.6224,16.3008,-4.1452,-31.0892,-4.4413,162.1678,7.5000,,21.6224,10.5031,10.5031,42.0124,42.0124,42.0124,42.0124,10.5031,0.0,4.0,4.0,2.058667,11,9,2,2,0E-8,-0.19170984,,0E-8,0.000000,0.753886,0.866667,,2026-05-08,2026-05-11,2,14,14,4,0.500000,,,0.000000,,,,,,,,GLOBAL_BASELINE_NO_ENTITY_RANKING,,,NOT_APPLICABLE_GLOBAL_BASELINE,HF9g-P5,,,,X 全窗基线 · 不参与实体赏罚,3922569,393,A168_HF9F_20260827_0900,2026-08-27 09:00:00
2026-05-16,137760578,-1,1,186.9551517695,-43.7979203863,-43.7979203863,0.3333333,23,13,0.38960491512824028,0.361115851282,-0.3997256513453183,-0.20036778348144946,-0.3997256513453183,0.02848906384624028,SENTINEL_DEALER,R03b_20260811_FULL_v1,L1_ELIGIBILITY,v2026-08-11,2026-03-21..2026-08-06,baccarat_bet02_101_all_pairs_incl_sentinel,round_win = game_pnl > 0 (decisive only),COMPATIBILITY_ONLY_NOT_PRODUCTION,861.2541,760.4243,-62.1783,79,46,0.07219512,,0.07219512,0.07219512,62.1783,861.2541,OK,0.0000,-2.4871,4.0000,96.0000,AG03-UNRESOLVED,ALL5_LEVELS_bet23_to_bet27,-2.4871,-2.4871,-3.1089,-3.1089,-3.1089,4.000000,4.000000,5.000000,5.000000,5.000000,96.000000,96.000000,95.000000,95.000000,95.000000,5.0,-14.3010,-13.0477,-47.8773,-49.1306,PENDING_AG03,FALSE,NOT_FOR_ENFORCEMENT,-59.6912,730.0074,-62.1783,-59.6912,-2.4871,-0.07219512,-0.06930732,-2.4871,-59.6912,-0.06930732,-2.4871,-2.4871,-3.1089,-3.1089,-3.1089,-59.6912,-0.06930732,-14.3010,-13.0477,-47.8773,-49.1306,-0.05559024,-0.05704547,-0.00288780,10.9020,16.5310,-1.3517,-62.1783,-4.7829,861.2541,46.0000,,10.9020,4.2012,8.4025,12.0786,21.0062,31.5093,38.9665,8.4025,-4.2012,3.75,4.637498,1.297468,12,11,1,5,0E-8,-0.07219512,,0E-8,0.000000,0.882927,0.000000,,2026-05-16,2026-05-16,1,13,12,1,1.000000,,,0.000000,,,,,,,,GLOBAL_BASELINE_NO_ENTITY_RANKING,,,NOT_APPLICABLE_GLOBAL_BASELINE,HF9g-P5,,,,X 全窗基线 · 不参与实体赏罚,3922570,393,A168_HF9F_20260827_0900,2026-08-27 09:00:00
2026-05-16,137760578,1299,0,21.0061968281,-21.0061968281,-21.0061968281,0E-7,1,1,0.50665070000000000,0.506650700000,-1.013391052207602,-1.013391052207602,-1.013391052207602,0E-17,ELIGIBLE,R03b_20260811_FULL_v1,L1_ELIGIBILITY,v2026-08-11,2026-03-21..2026-08-06,baccarat_bet02_101_all_pairs_incl_sentinel,round_win = game_pnl > 0 (decisive only),COMPATIBILITY_ONLY_NOT_PRODUCTION,861.2541,760.4243,-62.1783,79,46,0.07219512,,0.07219512,0.07219512,62.1783,861.2541,OK,0.0000,-2.4871,4.0000,96.0000,AG03-UNRESOLVED,ALL5_LEVELS_bet23_to_bet27,-2.4871,-2.4871,-3.1089,-3.1089,-3.1089,4.000000,4.000000,5.000000,5.000000,5.000000,96.000000,96.000000,95.000000,95.000000,95.000000,5.0,-14.3010,-13.0477,-47.8773,-49.1306,PENDING_AG03,FALSE,NOT_FOR_ENFORCEMENT,-59.6912,730.0074,-62.1783,-59.6912,-2.4871,-0.07219512,-0.06930732,-2.4871,-59.6912,-0.06930732,-2.4871,-2.4871,-3.1089,-3.1089,-3.1089,-59.6912,-0.06930732,-14.3010,-13.0477,-47.8773,-49.1306,-0.05559024,-0.05704547,-0.00288780,10.9020,16.5310,-1.3517,-62.1783,-4.7829,861.2541,46.0000,,10.9020,4.2012,8.4025,12.0786,21.0062,31.5093,38.9665,8.4025,-4.2012,3.75,4.637498,1.297468,12,11,1,5,0E-8,-0.07219512,,0E-8,0.000000,0.882927,0.000000,,2026-05-16,2026-05-16,1,13,12,1,1.000000,,,0.000000,,,,,,,,GLOBAL_BASELINE_NO_ENTITY_RANKING,,,NOT_APPLICABLE_GLOBAL_BASELINE,HF9g-P5,,,,X 全窗基线 · 不参与实体赏罚,3922571,393,A168_HF9F_20260827_0900,2026-08-27 09:00:00
2026-05-16,137760578,1306,0,10.5030984140,-10.5030984140,-10.5030984140,0E-7,1,1,0.50665070000000000,0.506650700000,-1.013391052207602,-1.013391052207602,-1.013391052207602,0E-17,ELIGIBLE,R03b_20260811_FULL_v1,L1_ELIGIBILITY,v2026-08-11,2026-03-21..2026-08-06,baccarat_bet02_101_all_pairs_incl_sentinel,round_win = game_pnl > 0 (decisive only),COMPATIBILITY_ONLY_NOT_PRODUCTION,861.2541,760.4243,-62.1783,79,46,0.07219512,,0.07219512,0.07219512,62.1783,861.2541,OK,0.0000,-2.4871,4.0000,96.0000,AG03-UNRESOLVED,ALL5_LEVELS_bet23_to_bet27,-2.4871,-2.4871,-3.1089,-3.1089,-3.1089,4.000000,4.000000,5.000000,5.000000,5.000000,96.000000,96.000000,95.000000,95.000000,95.000000,5.0,-14.3010,-13.0477,-47.8773,-49.1306,PENDING_AG03,FALSE,NOT_FOR_ENFORCEMENT,-59.6912,730.0074,-62.1783,-59.6912,-2.4871,-0.07219512,-0.06930732,-2.4871,-59.6912,-0.06930732,-2.4871,-2.4871,-3.1089,-3.1089,-3.1089,-59.6912,-0.06930732,-14.3010,-13.0477,-47.8773,-49.1306,-0.05559024,-0.05704547,-0.00288780,10.9020,16.5310,-1.3517,-62.1783,-4.7829,861.2541,46.0000,,10.9020,4.2012,8.4025,12.0786,21.0062,31.5093,38.9665,8.4025,-4.2012,3.75,4.637498,1.297468,12,11,1,5,0E-8,-0.07219512,,0E-8,0.000000,0.882927,0.000000,,2026-05-16,2026-05-16,1,13,12,1,1.000000,,,0.000000,,,,,,,,GLOBAL_BASELINE_NO_ENTITY_RANKING,,,NOT_APPLICABLE_GLOBAL_BASELINE,HF9g-P5,,,,X 全窗基线 · 不参与实体赏罚,3922572,393,A168_HF9F_20260827_0900,2026-08-27 09:00:00
2026-05-16,137760578,1331,0,42.0123936562,-5.1465182229,-5.1465182229,0.5000000,4,2,0.45742312500020245,0.287323225000,0.12086458971004105,0.6646658944612645,0.12086458971004105,0.17009990000020245,ELIGIBLE,R03b_20260811_FULL_v1,L1_ELIGIBILITY,v2026-08-11,2026-03-21..2026-08-06,baccarat_bet02_101_all_pairs_incl_sentinel,round_win = game_pnl > 0 (decisive only),COMPATIBILITY_ONLY_NOT_PRODUCTION,861.2541,760.4243,-62.1783,79,46,0.07219512,,0.07219512,0.07219512,62.1783,861.2541,OK,0.0000,-2.4871,4.0000,96.0000,AG03-UNRESOLVED,ALL5_LEVELS_bet23_to_bet27,-2.4871,-2.4871,-3.1089,-3.1089,-3.1089,4.000000,4.000000,5.000000,5.000000,5.000000,96.000000,96.000000,95.000000,95.000000,95.000000,5.0,-14.3010,-13.0477,-47.8773,-49.1306,PENDING_AG03,FALSE,NOT_FOR_ENFORCEMENT,-59.6912,730.0074,-62.1783,-59.6912,-2.4871,-0.07219512,-0.06930732,-2.4871,-59.6912,-0.06930732,-2.4871,-2.4871,-3.1089,-3.1089,-3.1089,-59.6912,-0.06930732,-14.3010,-13.0477,-47.8773,-49.1306,-0.05559024,-0.05704547,-0.00288780,10.9020,16.5310,-1.3517,-62.1783,-4.7829,861.2541,46.0000,,10.9020,4.2012,8.4025,12.0786,21.0062,31.5093,38.9665,8.4025,-4.2012,3.75,4.637498,1.297468,12,11,1,5,0E-8,-0.07219512,,0E-8,0.000000,0.882927,0.000000,,2026-05-16,2026-05-16,1,13,12,1,1.000000,,,0.000000,,,,,,,,GLOBAL_BASELINE_NO_ENTITY_RANKING,,,NOT_APPLICABLE_GLOBAL_BASELINE,HF9g-P5,,,,X 全窗基线 · 不参与实体赏罚,3922573,393,A168_HF9F_20260827_0900,2026-08-27 09:00:00
2026-05-16,137760578,1385,0,25.2074361937,-25.2074361937,-25.2074361937,0E-7,2,1,0.42348563333361008,0.283965900000,-0.8570660132837954,-0.6297471965178028,-0.8570660132837954,0.13951973333361008,ELIGIBLE,R03b_20260811_FULL_v1,L1_ELIGIBILITY,v2026-08-11,2026-03-21..2026-08-06,baccarat_bet02_101_all_pairs_incl_sentinel,round_win = game_pnl > 0 (decisive only),COMPATIBILITY_ONLY_NOT_PRODUCTION,861.2541,760.4243,-62.1783,79,46,0.07219512,,0.07219512,0.07219512,62.1783,861.2541,OK,0.0000,-2.4871,4.0000,96.0000,AG03-UNRESOLVED,ALL5_LEVELS_bet23_to_bet27,-2.4871,-2.4871,-3.1089,-3.1089,-3.1089,4.000000,4.000000,5.000000,5.000000,5.000000,96.000000,96.000000,95.000000,95.000000,95.000000,5.0,-14.3010,-13.0477,-47.8773,-49.1306,PENDING_AG03,FALSE,NOT_FOR_ENFORCEMENT,-59.6912,730.0074,-62.1783,-59.6912,-2.4871,-0.07219512,-0.06930732,-2.4871,-59.6912,-0.06930732,-2.4871,-2.4871,-3.1089,-3.1089,-3.1089,-59.6912,-0.06930732,-14.3010,-13.0477,-47.8773,-49.1306,-0.05559024,-0.05704547,-0.00288780,10.9020,16.5310,-1.3517,-62.1783,-4.7829,861.2541,46.0000,,10.9020,4.2012,8.4025,12.0786,21.0062,31.5093,38.9665,8.4025,-4.2012,3.75,4.637498,1.297468,12,11,1,5,0E-8,-0.07219512,,0E-8,0.000000,0.882927,0.000000,,2026-05-16,2026-05-16,1,13,12,1,1.000000,,,0.000000,,,,,,,,GLOBAL_BASELINE_NO_ENTITY_RANKING,,,NOT_APPLICABLE_GLOBAL_BASELINE,HF9g-P5,,,,X 全窗基线 · 不参与实体赏罚,3922574,393,A168_HF9F_20260827_0900,2026-08-27 09:00:00
2026-05-16,137760578,1505,0,63.0185904841,-31.5092952420,-31.5092952420,0E-7,4,2,0.33628580000012454,0.283965900000,-1.006650486463003,-0.8905970261819115,-1.006650486463003,0.05231990000012454,ELIGIBLE,R03b_20260811_FULL_v1,L1_ELIGIBILITY,v2026-08-11,2026-03-21..2026-08-06,baccarat_bet02_101_all_pairs_incl_sentinel,round_win = game_pnl > 0 (decisive only),COMPATIBILITY_ONLY_NOT_PRODUCTION,861.2541,760.4243,-62.1783,79,46,0.07219512,,0.07219512,0.07219512,62.1783,861.2541,OK,0.0000,-2.4871,4.0000,96.0000,AG03-UNRESOLVED,ALL5_LEVELS_bet23_to_bet27,-2.4871,-2.4871,-3.1089,-3.1089,-3.1089,4.000000,4.000000,5.000000,5.000000,5.000000,96.000000,96.000000,95.000000,95.000000,95.000000,5.0,-14.3010,-13.0477,-47.8773,-49.1306,PENDING_AG03,FALSE,NOT_FOR_ENFORCEMENT,-59.6912,730.0074,-62.1783,-59.6912,-2.4871,-0.07219512,-0.06930732,-2.4871,-59.6912,-0.06930732,-2.4871,-2.4871,-3.1089,-3.1089,-3.1089,-59.6912,-0.06930732,-14.3010,-13.0477,-47.8773,-49.1306,-0.05559024,-0.05704547,-0.00288780,10.9020,16.5310,-1.3517,-62.1783,-4.7829,861.2541,46.0000,,10.9020,4.2012,8.4025,12.0786,21.0062,31.5093,38.9665,8.4025,-4.2012,3.75,4.637498,1.297468,12,11,1,5,0E-8,-0.07219512,,0E-8,0.000000,0.882927,0.000000,,2026-05-16,2026-05-16,1,13,12,1,1.000000,,,0.000000,,,,,,,,GLOBAL_BASELINE_NO_ENTITY_RANKING,,,NOT_APPLICABLE_GLOBAL_BASELINE,HF9g-P5,,,,X 全窗基线 · 不参与实体赏罚,3922575,393,A168_HF9F_20260827_0900,2026-08-27 09:00:00
2026-05-16,137760578,1702,0,4.2012393656,-4.2012393656,-4.2012393656,0E-7,1,1,0.09460280000000000,0.094602800000,-0.32324545095860213,-0.32324545095860213,-0.32324545095860213,0E-17,ELIGIBLE,R03b_20260811_FULL_v1,L1_ELIGIBILITY,v2026-08-11,2026-03-21..2026-08-06,baccarat_bet02_101_all_pairs_incl_sentinel,round_win = game_pnl > 0 (decisive only),COMPATIBILITY_ONLY_NOT_PRODUCTION,861.2541,760.4243,-62.1783,79,46,0.07219512,,0.07219512,0.07219512,62.1783,861.2541,OK,0.0000,-2.4871,4.0000,96.0000,AG03-UNRESOLVED,ALL5_LEVELS_bet23_to_bet27,-2.4871,-2.4871,-3.1089,-3.1089,-3.1089,4.000000,4.000000,5.000000,5.000000,5.000000,96.000000,96.000000,95.000000,95.000000,95.000000,5.0,-14.3010,-13.0477,-47.8773,-49.1306,PENDING_AG03,FALSE,NOT_FOR_ENFORCEMENT,-59.6912,730.0074,-62.1783,-59.6912,-2.4871,-0.07219512,-0.06930732,-2.4871,-59.6912,-0.06930732,-2.4871,-2.4871,-3.1089,-3.1089,-3.1089,-59.6912,-0.06930732,-14.3010,-13.0477,-47.8773,-49.1306,-0.05559024,-0.05704547,-0.00288780,10.9020,16.5310,-1.3517,-62.1783,-4.7829,861.2541,46.0000,,10.9020,4.2012,8.4025,12.0786,21.0062,31.5093,38.9665,8.4025,-4.2012,3.75,4.637498,1.297468,12,11,1,5,0E-8,-0.07219512,,0E-8,0.000000,0.882927,0.000000,,2026-05-16,2026-05-16,1,13,12,1,1.000000,,,0.000000,,,,,,,,GLOBAL_BASELINE_NO_ENTITY_RANKING,,,NOT_APPLICABLE_GLOBAL_BASELINE,HF9g-P5,,,,X 全窗基线 · 不参与实体赏罚,3922576,393,A168_HF9F_20260827_0900,2026-08-27 09:00:00
2026-05-16,137760578,1710,0,84.0247873123,21.0061968280,21.0061968280,0.5000000,3,3,0.50218230000000000,0.502182300000,-0.00617253530718887,-0.00617253530718887,-0.00617253530718887,0E-17,ELIGIBLE,R03b_20260811_FULL_v1,L1_ELIGIBILITY,v2026-08-11,2026-03-21..2026-08-06,baccarat_bet02_101_all_pairs_incl_sentinel,round_win = game_pnl > 0 (decisive only),COMPATIBILITY_ONLY_NOT_PRODUCTION,861.2541,760.4243,-62.1783,79,46,0.07219512,,0.07219512,0.07219512,62.1783,861.2541,OK,0.0000,-2.4871,4.0000,96.0000,AG03-UNRESOLVED,ALL5_LEVELS_bet23_to_bet27,-2.4871,-2.4871,-3.1089,-3.1089,-3.1089,4.000000,4.000000,5.000000,5.000000,5.000000,96.000000,96.000000,95.000000,95.000000,95.000000,5.0,-14.3010,-13.0477,-47.8773,-49.1306,PENDING_AG03,FALSE,NOT_FOR_ENFORCEMENT,-59.6912,730.0074,-62.1783,-59.6912,-2.4871,-0.07219512,-0.06930732,-2.4871,-59.6912,-0.06930732,-2.4871,-2.4871,-3.1089,-3.1089,-3.1089,-59.6912,-0.06930732,-14.3010,-13.0477,-47.8773,-49.1306,-0.05559024,-0.05704547,-0.00288780,10.9020,16.5310,-1.3517,-62.1783,-4.7829,861.2541,46.0000,,10.9020,4.2012,8.4025,12.0786,21.0062,31.5093,38.9665,8.4025,-4.2012,3.75,4.637498,1.297468,12,11,1,5,0E-8,-0.07219512,,0E-8,0.000000,0.882927,0.000000,,2026-05-16,2026-05-16,1,13,12,1,1.000000,,,0.000000,,,,,,,,GLOBAL_BASELINE_NO_ENTITY_RANKING,,,NOT_APPLICABLE_GLOBAL_BASELINE,HF9g-P5,,,,X 全窗基线 · 不参与实体赏罚,3922577,393,A168_HF9F_20260827_0900,2026-08-27 09:00:00
2026-05-16,137760578,2088,0,31.5092952421,-10.5030984140,-10.5030984140,0E-7,2,1,0.35372576666710946,0.283965900000,-0.7398180580541522,-0.6297471965178028,-0.7398180580541522,0.06975986666710946,ELIGIBLE,R03b_20260811_FULL_v1,L1_ELIGIBILITY,v2026-08-11,2026-03-21..2026-08-06,baccarat_bet02_101_all_pairs_incl_sentinel,round_win = game_pnl > 0 (decisive only),COMPATIBILITY_ONLY_NOT_PRODUCTION,861.2541,760.4243,-62.1783,79,46,0.07219512,,0.07219512,0.07219512,62.1783,861.2541,OK,0.0000,-2.4871,4.0000,96.0000,AG03-UNRESOLVED,ALL5_LEVELS_bet23_to_bet27,-2.4871,-2.4871,-3.1089,-3.1089,-3.1089,4.000000,4.000000,5.000000,5.000000,5.000000,96.000000,96.000000,95.000000,95.000000,95.000000,5.0,-14.3010,-13.0477,-47.8773,-49.1306,PENDING_AG03,FALSE,NOT_FOR_ENFORCEMENT,-59.6912,730.0074,-62.1783,-59.6912,-2.4871,-0.07219512,-0.06930732,-2.4871,-59.6912,-0.06930732,-2.4871,-2.4871,-3.1089,-3.1089,-3.1089,-59.6912,-0.06930732,-14.3010,-13.0477,-47.8773,-49.1306,-0.05559024,-0.05704547,-0.00288780,10.9020,16.5310,-1.3517,-62.1783,-4.7829,861.2541,46.0000,,10.9020,4.2012,8.4025,12.0786,21.0062,31.5093,38.9665,8.4025,-4.2012,3.75,4.637498,1.297468,12,11,1,5,0E-8,-0.07219512,,0E-8,0.000000,0.882927,0.000000,,2026-05-16,2026-05-16,1,13,12,1,1.000000,,,0.000000,,,,,,,,GLOBAL_BASELINE_NO_ENTITY_RANKING,,,NOT_APPLICABLE_GLOBAL_BASELINE,HF9g-P5,,,,X 全窗基线 · 不参与实体赏罚,3922578,393,A168_HF9F_20260827_0900,2026-08-27 09:00:00
2026-05-16,137760578,970,0,25.2074361936,4.0962083815,4.0962083815,0.3333333,5,3,0.39084391666666667,0.355963983333,-0.20414673048796964,-0.08186524176371132,-0.20414673048796964,0.03487993333366667,ELIGIBLE,R03b_20260811_FULL_v1,L1_ELIGIBILITY,v2026-08-11,2026-03-21..2026-08-06,baccarat_bet02_101_all_pairs_incl_sentinel,round_win = game_pnl > 0 (decisive only),COMPATIBILITY_ONLY_NOT_PRODUCTION,861.2541,760.4243,-62.1783,79,46,0.07219512,,0.07219512,0.07219512,62.1783,861.2541,OK,0.0000,-2.4871,4.0000,96.0000,AG03-UNRESOLVED,ALL5_LEVELS_bet23_to_bet27,-2.4871,-2.4871,-3.1089,-3.1089,-3.1089,4.000000,4.000000,5.000000,5.000000,5.000000,96.000000,96.000000,95.000000,95.000000,95.000000,5.0,-14.3010,-13.0477,-47.8773,-49.1306,PENDING_AG03,FALSE,NOT_FOR_ENFORCEMENT,-59.6912,730.0074,-62.1783,-59.6912,-2.4871,-0.07219512,-0.06930732,-2.4871,-59.6912,-0.06930732,-2.4871,-2.4871,-3.1089,-3.1089,-3.1089,-59.6912,-0.06930732,-14.3010,-13.0477,-47.8773,-49.1306,-0.05559024,-0.05704547,-0.00288780,10.9020,16.5310,-1.3517,-62.1783,-4.7829,861.2541,46.0000,,10.9020,4.2012,8.4025,12.0786,21.0062,31.5093,38.9665,8.4025,-4.2012,3.75,4.637498,1.297468,12,11,1,5,0E-8,-0.07219512,,0E-8,0.000000,0.882927,0.000000,,2026-05-16,2026-05-16,1,13,12,1,1.000000,,,0.000000,,,,,,,,GLOBAL_BASELINE_NO_ENTITY_RANKING,,,NOT_APPLICABLE_GLOBAL_BASELINE,HF9g-P5,,,,X 全窗基线 · 不参与实体赏罚,3922579,393,A168_HF9F_20260827_0900,2026-08-27 09:00:00
2026-05-16,137760578,986,0,367.6084444906,188.9507404689,188.9507404689,0.4117647,33,18,0.37391864305562761,0.323692625000,0.32250854152481245,0.7761117424398041,0.32250854152481245,0.05022601805562761,ELIGIBLE,R03b_20260811_FULL_v1,L1_ELIGIBILITY,v2026-08-11,2026-03-21..2026-08-06,baccarat_bet02_101_all_pairs_incl_sentinel,round_win = game_pnl > 0 (decisive only),COMPATIBILITY_ONLY_NOT_PRODUCTION,861.2541,760.4243,-62.1783,79,46,0.07219512,,0.07219512,0.07219512,62.1783,861.2541,OK,0.0000,-2.4871,4.0000,96.0000,AG03-UNRESOLVED,ALL5_LEVELS_bet23_to_bet27,-2.4871,-2.4871,-3.1089,-3.1089,-3.1089,4.000000,4.000000,5.000000,5.000000,5.000000,96.000000,96.000000,95.000000,95.000000,95.000000,5.0,-14.3010,-13.0477,-47.8773,-49.1306,PENDING_AG03,FALSE,NOT_FOR_ENFORCEMENT,-59.6912,730.0074,-62.1783,-59.6912,-2.4871,-0.07219512,-0.06930732,-2.4871,-59.6912,-0.06930732,-2.4871,-2.4871,-3.1089,-3.1089,-3.1089,-59.6912,-0.06930732,-14.3010,-13.0477,-47.8773,-49.1306,-0.05559024,-0.05704547,-0.00288780,10.9020,16.5310,-1.3517,-62.1783,-4.7829,861.2541,46.0000,,10.9020,4.2012,8.4025,12.0786,21.0062,31.5093,38.9665,8.4025,-4.2012,3.75,4.637498,1.297468,12,11,1,5,0E-8,-0.07219512,,0E-8,0.000000,0.882927,0.000000,,2026-05-16,2026-05-16,1,13,12,1,1.000000,,,0.000000,,,,,,,,GLOBAL_BASELINE_NO_ENTITY_RANKING,,,NOT_APPLICABLE_GLOBAL_BASELINE,HF9g-P5,,,,X 全窗基线 · 不参与实体赏罚,3922580,393,A168_HF9F_20260827_0900,2026-08-27 09:00:00
2026-03-28,147905205,-1,1,18.4322089686,17.5105985202,17.5105985202,1.0000000,1,1,0.50665070000000000,0.506650700000,0.9867858985152569,0.9867858985152569,0.9867858985152569,0E-17,SENTINEL_DEALER,R03b_20260811_FULL_v1,L1_ELIGIBILITY,v2026-08-11,2026-03-21..2026-08-06,baccarat_bet02_101_all_pairs_incl_sentinel,round_win = game_pnl > 0 (decisive only),COMPATIBILITY_ONLY_NOT_PRODUCTION,80.0485,80.0485,-61.5372,4,4,0.76875000,,0.76875000,0.76875000,61.5372,80.0485,THIN_EXPOSURE,0.0000,-1.8461,3.0000,97.0000,AG03-UNRESOLVED,ALL5_LEVELS_bet23_to_bet27,-1.8461,-1.8461,-1.8461,-2.4615,-2.4615,3.000000,3.000000,3.000000,4.000000,4.000000,97.000000,97.000000,97.000000,96.000000,96.000000,5.0,-10.4613,-9.7771,-51.0759,-51.7602,PENDING_AG03,FALSE,NOT_FOR_ENFORCEMENT,-59.6911,77.6470,-61.5372,-59.6911,-1.8461,-0.76875000,-0.74568750,-1.8461,-59.6911,-0.74568750,-1.8461,-1.8461,-1.8461,-2.4615,-2.4615,-59.6911,-0.74568750,-10.4613,-9.7771,-51.0759,-51.7602,-0.63806250,-0.64661057,-0.02306250,20.0121,20.0121,-15.3843,-61.5372,-20.5124,80.0485,4.0000,,20.0121,12.9025,18.1689,27.1217,35.8111,35.8111,35.8111,18.1689,17.7081,1.971015,1.971015,1.101449,3,3,1,2,0E-8,-0.76875000,,0E-8,0.000000,1.000000,0.000000,,2026-03-28,2026-03-28,1,3,3,1,1.000000,,,0.000000,,,,,,,,GLOBAL_BASELINE_NO_ENTITY_RANKING,,,NOT_APPLICABLE_GLOBAL_BASELINE,HF9g-P5,,,,X 全窗基线 · 不参与实体赏罚,3922581,393,A168_HF9F_20260827_0900,2026-08-27 09:00:00
2026-03-28,147905205,1750,0,53.7167232799,51.9261658372,51.9261658372,1.0000000,2,2,0.49994810000000000,0.499948100000,1.4143603653603398,1.4143603653603398,1.4143603653603398,0E-17,ELIGIBLE,R03b_20260811_FULL_v1,L1_ELIGIBILITY,v2026-08-11,2026-03-21..2026-08-06,baccarat_bet02_101_all_pairs_incl_sentinel,round_win = game_pnl > 0 (decisive only),COMPATIBILITY_ONLY_NOT_PRODUCTION,80.0485,80.0485,-61.5372,4,4,0.76875000,,0.76875000,0.76875000,61.5372,80.0485,THIN_EXPOSURE,0.0000,-1.8461,3.0000,97.0000,AG03-UNRESOLVED,ALL5_LEVELS_bet23_to_bet27,-1.8461,-1.8461,-1.8461,-2.4615,-2.4615,3.000000,3.000000,3.000000,4.000000,4.000000,97.000000,97.000000,97.000000,96.000000,96.000000,5.0,-10.4613,-9.7771,-51.0759,-51.7602,PENDING_AG03,FALSE,NOT_FOR_ENFORCEMENT,-59.6911,77.6470,-61.5372,-59.6911,-1.8461,-0.76875000,-0.74568750,-1.8461,-59.6911,-0.74568750,-1.8461,-1.8461,-1.8461,-2.4615,-2.4615,-59.6911,-0.74568750,-10.4613,-9.7771,-51.0759,-51.7602,-0.63806250,-0.64661057,-0.02306250,20.0121,20.0121,-15.3843,-61.5372,-20.5124,80.0485,4.0000,,20.0121,12.9025,18.1689,27.1217,35.8111,35.8111,35.8111,18.1689,17.7081,1.971015,1.971015,1.101449,3,3,1,2,0E-8,-0.76875000,,0E-8,0.000000,1.000000,0.000000,,2026-03-28,2026-03-28,1,3,3,1,1.000000,,,0.000000,,,,,,,,GLOBAL_BASELINE_NO_ENTITY_RANKING,,,NOT_APPLICABLE_GLOBAL_BASELINE,HF9g-P5,,,,X 全窗基线 · 不参与实体赏罚,3922582,393,A168_HF9F_20260827_0900,2026-08-27 09:00:00
2026-03-28,147905205,2209,0,7.8995181294,-7.8995181294,-7.8995181294,0E-7,1,1,0.49324550000000000,0.493245500000,-0.9865810262130424,-0.9865810262130424,-0.9865810262130424,0E-17,ELIGIBLE,R03b_20260811_FULL_v1,L1_ELIGIBILITY,v2026-08-11,2026-03-21..2026-08-06,baccarat_bet02_101_all_pairs_incl_sentinel,round_win = game_pnl > 0 (decisive only),COMPATIBILITY_ONLY_NOT_PRODUCTION,80.0485,80.0485,-61.5372,4,4,0.76875000,,0.76875000,0.76875000,61.5372,80.0485,THIN_EXPOSURE,0.0000,-1.8461,3.0000,97.0000,AG03-UNRESOLVED,ALL5_LEVELS_bet23_to_bet27,-1.8461,-1.8461,-1.8461,-2.4615,-2.4615,3.000000,3.000000,3.000000,4.000000,4.000000,97.000000,97.000000,97.000000,96.000000,96.000000,5.0,-10.4613,-9.7771,-51.0759,-51.7602,PENDING_AG03,FALSE,NOT_FOR_ENFORCEMENT,-59.6911,77.6470,-61.5372,-59.6911,-1.8461,-0.76875000,-0.74568750,-1.8461,-59.6911,-0.74568750,-1.8461,-1.8461,-1.8461,-2.4615,-2.4615,-59.6911,-0.74568750,-10.4613,-9.7771,-51.0759,-51.7602,-0.63806250,-0.64661057,-0.02306250,20.0121,20.0121,-15.3843,-61.5372,-20.5124,80.0485,4.0000,,20.0121,12.9025,18.1689,27.1217,35.8111,35.8111,35.8111,18.1689,17.7081,1.971015,1.971015,1.101449,3,3,1,2,0E-8,-0.76875000,,0E-8,0.000000,1.000000,0.000000,,2026-03-28,2026-03-28,1,3,3,1,1.000000,,,0.000000,,,,,,,,GLOBAL_BASELINE_NO_ENTITY_RANKING,,,NOT_APPLICABLE_GLOBAL_BASELINE,HF9g-P5,,,,X 全窗基线 · 不参与实体赏罚,3922583,393,A168_HF9F_20260827_0900,2026-08-27 09:00:00
2026-04-01,148080559,994,0,65.4398869199,62.1678925739,62.1678925739,1.0000000,1,1,0.50665070000000000,0.506650700000,0.9867858985152569,0.9867858985152569,0.9867858985152569,0E-17,ELIGIBLE,R03b_20260811_FULL_v1,L1_ELIGIBILITY,v2026-08-11,2026-03-21..2026-08-06,baccarat_bet02_101_all_pairs_incl_sentinel,round_win = game_pnl > 0 (decisive only),COMPATIBILITY_ONLY_NOT_PRODUCTION,65.4399,65.4399,-62.1679,1,1,0.95000000,,0.95000000,0.95000000,62.1679,65.4399,THIN_EXPOSURE,0.0000,-2.4867,4.0000,96.0000,AG03-UNRESOLVED,ALL5_LEVELS_bet23_to_bet27,-2.4867,-2.4867,-3.1084,-3.1084,-3.1084,4.000000,4.000000,5.000000,5.000000,5.000000,96.000000,96.000000,95.000000,95.000000,95.000000,5.0,-14.2986,-13.0455,-47.8693,-49.1224,PENDING_AG03,FALSE,NOT_FOR_ENFORCEMENT,-59.6812,62.8223,-62.1679,-59.6812,-2.4867,-0.95000000,-0.91200000,-2.4867,-59.6812,-0.91200000,-2.4867,-2.4867,-3.1084,-3.1084,-3.1084,-59.6812,-0.91200000,-14.2986,-13.0455,-47.8693,-49.1224,-0.73150000,-0.75064896,-0.03800000,65.4399,65.4399,-62.1679,-62.1679,-62.1679,65.4399,1.0000,,65.4399,65.4399,65.4399,65.4399,65.4399,65.4399,65.4399,65.4399,62.1679,1.0,1.0,1.0,1,1,1,1,0E-8,-0.95000000,,0E-8,0.000000,1.000000,0.000000,,2026-04-01,2026-04-01,1,1,1,1,1.000000,,,0.000000,,,,,,,,GLOBAL_BASELINE_NO_ENTITY_RANKING,,,NOT_APPLICABLE_GLOBAL_BASELINE,HF9g-P5,,,,X 全窗基线 · 不参与实体赏罚,3922584,393,A168_HF9F_20260827_0900,2026-08-27 09:00:00
2026-04-04,148216812,2222,0,17.7996492422,16.9096667801,16.9096667801,1.0000000,1,1,0.50665070000000000,0.506650700000,0.9867858985152569,0.9867858985152569,0.9867858985152569,0E-17,ELIGIBLE,R03b_20260811_FULL_v1,L1_ELIGIBILITY,v2026-08-11,2026-03-21..2026-08-06,baccarat_bet02_101_all_pairs_incl_sentinel,round_win = game_pnl > 0 (decisive only),COMPATIBILITY_ONLY_NOT_PRODUCTION,65.4399,65.4399,-62.1679,3,3,0.95000000,,0.95000000,0.95000000,62.1679,65.4399,THIN_EXPOSURE,0.0000,-2.4867,4.0000,96.0000,AG03-UNRESOLVED,ALL5_LEVELS_bet23_to_bet27,-2.4867,-2.4867,-3.1084,-3.1084,-3.1084,4.000000,4.000000,5.000000,5.000000,5.000000,96.000000,96.000000,95.000000,95.000000,95.000000,5.0,-14.2986,-13.0455,-47.8693,-49.1224,PENDING_AG03,FALSE,NOT_FOR_ENFORCEMENT,-59.6812,62.8223,-62.1679,-59.6812,-2.4867,-0.95000000,-0.91200000,-2.4867,-59.6812,-0.91200000,-2.4867,-2.4867,-3.1084,-3.1084,-3.1084,-59.6812,-0.91200000,-14.2986,-13.0455,-47.8693,-49.1224,-0.73150000,-0.75064896,-0.03800000,21.8133,21.8133,-20.7226,-62.1679,-20.7226,65.4399,3.0000,,21.8133,14.2659,17.7997,30.3641,34.5523,34.5523,34.5523,17.7997,16.9097,1.941176,1.941176,1.22549,3,3,1,1,0E-8,-0.95000000,,0E-8,0.000000,1.000000,0.000000,,2026-04-04,2026-04-04,1,3,3,1,1.000000,,,0.000000,,,,,,,,GLOBAL_BASELINE_NO_ENTITY_RANKING,,,NOT_APPLICABLE_GLOBAL_BASELINE,HF9g-P5,,,,X 全窗基线 · 不参与实体赏罚,3922585,393,A168_HF9F_20260827_0900,2026-08-27 09:00:00
2026-04-04,148216812,2248,0,34.5522602937,32.8246472790,32.8246472790,1.0000000,1,1,0.50665070000000000,0.506650700000,0.9867858985152569,0.9867858985152569,0.9867858985152569,0E-17,ELIGIBLE,R03b_20260811_FULL_v1,L1_ELIGIBILITY,v2026-08-11,2026-03-21..2026-08-06,baccarat_bet02_101_all_pairs_incl_sentinel,round_win = game_pnl > 0 (decisive only),COMPATIBILITY_ONLY_NOT_PRODUCTION,65.4399,65.4399,-62.1679,3,3,0.95000000,,0.95000000,0.95000000,62.1679,65.4399,THIN_EXPOSURE,0.0000,-2.4867,4.0000,96.0000,AG03-UNRESOLVED,ALL5_LEVELS_bet23_to_bet27,-2.4867,-2.4867,-3.1084,-3.1084,-3.1084,4.000000,4.000000,5.000000,5.000000,5.000000,96.000000,96.000000,95.000000,95.000000,95.000000,5.0,-14.2986,-13.0455,-47.8693,-49.1224,PENDING_AG03,FALSE,NOT_FOR_ENFORCEMENT,-59.6812,62.8223,-62.1679,-59.6812,-2.4867,-0.95000000,-0.91200000,-2.4867,-59.6812,-0.91200000,-2.4867,-2.4867,-3.1084,-3.1084,-3.1084,-59.6812,-0.91200000,-14.2986,-13.0455,-47.8693,-49.1224,-0.73150000,-0.75064896,-0.03800000,21.8133,21.8133,-20.7226,-62.1679,-20.7226,65.4399,3.0000,,21.8133,14.2659,17.7997,30.3641,34.5523,34.5523,34.5523,17.7997,16.9097,1.941176,1.941176,1.22549,3,3,1,1,0E-8,-0.95000000,,0E-8,0.000000,1.000000,0.000000,,2026-04-04,2026-04-04,1,3,3,1,1.000000,,,0.000000,,,,,,,,GLOBAL_BASELINE_NO_ENTITY_RANKING,,,NOT_APPLICABLE_GLOBAL_BASELINE,HF9g-P5,,,,X 全窗基线 · 不参与实体赏罚,3922586,393,A168_HF9F_20260827_0900,2026-08-27 09:00:00
2026-04-04,148216812,763,0,13.0879773840,12.4335785148,12.4335785148,1.0000000,1,1,0.50665070000000000,0.506650700000,0.9867858985152569,0.9867858985152569,0.9867858985152569,0E-17,ELIGIBLE,R03b_20260811_FULL_v1,L1_ELIGIBILITY,v2026-08-11,2026-03-21..2026-08-06,baccarat_bet02_101_all_pairs_incl_sentinel,round_win = game_pnl > 0 (decisive only),COMPATIBILITY_ONLY_NOT_PRODUCTION,65.4399,65.4399,-62.1679,3,3,0.95000000,,0.95000000,0.95000000,62.1679,65.4399,THIN_EXPOSURE,0.0000,-2.4867,4.0000,96.0000,AG03-UNRESOLVED,ALL5_LEVELS_bet23_to_bet27,-2.4867,-2.4867,-3.1084,-3.1084,-3.1084,4.000000,4.000000,5.000000,5.000000,5.000000,96.000000,96.000000,95.000000,95.000000,95.000000,5.0,-14.2986,-13.0455,-47.8693,-49.1224,PENDING_AG03,FALSE,NOT_FOR_ENFORCEMENT,-59.6812,62.8223,-62.1679,-59.6812,-2.4867,-0.95000000,-0.91200000,-2.4867,-59.6812,-0.91200000,-2.4867,-2.4867,-3.1084,-3.1084,-3.1084,-59.6812,-0.91200000,-14.2986,-13.0455,-47.8693,-49.1224,-0.73150000,-0.75064896,-0.03800000,21.8133,21.8133,-20.7226,-62.1679,-20.7226,65.4399,3.0000,,21.8133,14.2659,17.7997,30.3641,34.5523,34.5523,34.5523,17.7997,16.9097,1.941176,1.941176,1.22549,3,3,1,1,0E-8,-0.95000000,,0E-8,0.000000,1.000000,0.000000,,2026-04-04,2026-04-04,1,3,3,1,1.000000,,,0.000000,,,,,,,,GLOBAL_BASELINE_NO_ENTITY_RANKING,,,NOT_APPLICABLE_GLOBAL_BASELINE,HF9g-P5,,,,X 全窗基线 · 不参与实体赏罚,3922587,393,A168_HF9F_20260827_0900,2026-08-27 09:00:00
2026-04-06,148275943,2233,0,65.4398869199,62.1678925739,62.1678925739,1.0000000,2,2,0.50665070000000000,0.506650700000,1.3955260008387969,1.3955260008387969,1.3955260008387969,0E-17,ELIGIBLE,R03b_20260811_FULL_v1,L1_ELIGIBILITY,v2026-08-11,2026-03-21..2026-08-06,baccarat_bet02_101_all_pairs_incl_sentinel,round_win = game_pnl > 0 (decisive only),COMPATIBILITY_ONLY_NOT_PRODUCTION,65.4399,65.4399,-62.1679,2,2,0.95000000,,0.95000000,0.95000000,62.1679,65.4399,THIN_EXPOSURE,0.0000,-2.4867,4.0000,96.0000,AG03-UNRESOLVED,ALL5_LEVELS_bet23_to_bet27,-2.4867,-2.4867,-2.4867,-3.1084,-3.1084,4.000000,4.000000,4.000000,5.000000,5.000000,96.000000,96.000000,96.000000,95.000000,95.000000,5.0,-13.6769,-12.5284,-48.4910,-49.6395,PENDING_AG03,FALSE,NOT_FOR_ENFORCEMENT,-59.6812,62.8223,-62.1679,-59.6812,-2.4867,-0.95000000,-0.91200000,-2.4867,-59.6812,-0.91200000,-2.4867,-2.4867,-2.4867,-3.1084,-3.1084,-59.6812,-0.91200000,-13.6769,-12.5284,-48.4910,-49.6395,-0.74100000,-0.75855053,-0.03800000,32.7199,32.7199,-31.0839,-62.1679,-62.1679,65.4399,2.0000,,32.7199,26.176,32.7199,39.2639,39.2639,39.2639,39.2639,32.7199,31.0839,1.2,1.2,1.0,1,1,1,1,0E-8,-0.95000000,,0E-8,0.000000,1.000000,0.000000,,2026-04-06,2026-04-06,1,1,1,1,1.000000,,,0.000000,,,,,,,,GLOBAL_BASELINE_NO_ENTITY_RANKING,,,NOT_APPLICABLE_GLOBAL_BASELINE,HF9g-P5,,,,X 全窗基线 · 不参与实体赏罚,3922588,393,A168_HF9F_20260827_0900,2026-08-27 09:00:00
2026-04-07,148317150,2108,0,65.4398869199,62.1678925739,62.1678925739,1.0000000,1,1,0.50665070000000000,0.506650700000,0.9867858985152569,0.9867858985152569,0.9867858985152569,0E-17,ELIGIBLE,R03b_20260811_FULL_v1,L1_ELIGIBILITY,v2026-08-11,2026-03-21..2026-08-06,baccarat_bet02_101_all_pairs_incl_sentinel,round_win = game_pnl > 0 (decisive only),COMPATIBILITY_ONLY_NOT_PRODUCTION,65.4399,65.4399,-62.1679,1,1,0.95000000,,0.95000000,0.95000000,62.1679,65.4399,THIN_EXPOSURE,0.0000,-2.4867,4.0000,96.0000,AG03-UNRESOLVED,ALL5_LEVELS_bet23_to_bet27,-2.4867,-2.4867,-2.4867,-2.4867,-2.4867,4.000000,4.000000,4.000000,4.000000,4.000000,96.000000,96.000000,96.000000,96.000000,96.000000,5.0,-12.4336,-11.4779,-49.7343,-50.69,PENDING_AG03,FALSE,NOT_FOR_ENFORCEMENT,-59.6812,62.8223,-62.1679,-59.6812,-2.4867,-0.95000000,-0.91200000,-2.4867,-59.6812,-0.91200000,-2.4867,-2.4867,-2.4867,-2.4867,-2.4867,-59.6812,-0.91200000,-12.4336,-11.4779,-49.7343,-50.69,-0.76000000,-0.77460406,-0.03800000,65.4399,65.4399,-62.1679,-62.1679,-62.1679,65.4399,1.0000,,65.4399,65.4399,65.4399,65.4399,65.4399,65.4399,65.4399,65.4399,62.1679,1.0,1.0,1.0,1,1,1,1,0E-8,-0.95000000,,0E-8,0.000000,1.000000,0.000000,,2026-04-07,2026-04-07,1,1,1,1,1.000000,,,0.000000,,,,,,,,GLOBAL_BASELINE_NO_ENTITY_RANKING,,,NOT_APPLICABLE_GLOBAL_BASELINE,HF9g-P5,,,,X 全窗基线 · 不参与实体赏罚,3922589,393,A168_HF9F_20260827_0900,2026-08-27 09:00:00
2026-04-08,142757402,986,0,65.4398869199,62.1678925739,62.1678925739,1.0000000,1,1,0.50665070000000000,0.506650700000,0.9867858985152569,0.9867858985152569,0.9867858985152569,0E-17,ELIGIBLE,R03b_20260811_FULL_v1,L1_ELIGIBILITY,v2026-08-11,2026-03-21..2026-08-06,baccarat_bet02_101_all_pairs_incl_sentinel,round_win = game_pnl > 0 (decisive only),COMPATIBILITY_ONLY_NOT_PRODUCTION,65.4399,65.4399,-62.1679,1,1,0.95000000,,0.95000000,0.95000000,62.1679,65.4399,THIN_EXPOSURE,0.0000,-2.4867,4.0000,96.0000,AG03-UNRESOLVED,ALL5_LEVELS_bet23_to_bet27,-2.4867,-2.4867,-3.1084,-3.1084,-3.1084,4.000000,4.000000,5.000000,5.000000,5.000000,96.000000,96.000000,95.000000,95.000000,95.000000,5.0,-14.2986,-13.0455,-47.8693,-49.1224,PENDING_AG03,FALSE,NOT_FOR_ENFORCEMENT,-59.6812,62.8223,-62.1679,-59.6812,-2.4867,-0.95000000,-0.91200000,-2.4867,-59.6812,-0.91200000,-2.4867,-2.4867,-3.1084,-3.1084,-3.1084,-59.6812,-0.91200000,-14.2986,-13.0455,-47.8693,-49.1224,-0.73150000,-0.75064896,-0.03800000,65.4399,65.4399,-62.1679,-62.1679,-62.1679,65.4399,1.0000,,65.4399,65.4399,65.4399,65.4399,65.4399,65.4399,65.4399,65.4399,62.1679,1.0,1.0,1.0,1,1,1,1,0E-8,-0.95000000,,0E-8,0.000000,1.000000,0.000000,,2026-04-08,2026-04-08,1,1,1,1,1.000000,,,0.000000,,,,,,,,GLOBAL_BASELINE_NO_ENTITY_RANKING,,,NOT_APPLICABLE_GLOBAL_BASELINE,HF9g-P5,,,,X 全窗基线 · 不参与实体赏罚,3922590,393,A168_HF9F_20260827_0900,2026-08-27 09:00:00
2026-04-10,86115135,1330,0,65.4398869199,62.1678925739,62.1678925739,1.0000000,1,1,0.50665070000000000,0.506650700000,0.9867858985152569,0.9867858985152569,0.9867858985152569,0E-17,ELIGIBLE,R03b_20260811_FULL_v1,L1_ELIGIBILITY,v2026-08-11,2026-03-21..2026-08-06,baccarat_bet02_101_all_pairs_incl_sentinel,round_win = game_pnl > 0 (decisive only),COMPATIBILITY_ONLY_NOT_PRODUCTION,65.4399,65.4399,-62.1679,1,1,0.95000000,,0.95000000,0.95000000,62.1679,65.4399,THIN_EXPOSURE,0.0000,-2.4867,4.0000,96.0000,AG03-UNRESOLVED,ALL5_LEVELS_bet23_to_bet27,-2.4867,-2.4867,-2.4867,-3.1084,-3.1084,4.000000,4.000000,4.000000,5.000000,5.000000,96.000000,96.000000,96.000000,95.000000,95.000000,5.0,-13.6769,-12.5284,-48.4910,-49.6395,PENDING_AG03,FALSE,NOT_FOR_ENFORCEMENT,-59.6812,62.8223,-62.1679,-59.6812,-2.4867,-0.95000000,-0.91200000,-2.4867,-59.6812,-0.91200000,-2.4867,-2.4867,-2.4867,-3.1084,-3.1084,-59.6812,-0.91200000,-13.6769,-12.5284,-48.4910,-49.6395,-0.74100000,-0.75855053,-0.03800000,65.4399,65.4399,-62.1679,-62.1679,-62.1679,65.4399,1.0000,,65.4399,65.4399,65.4399,65.4399,65.4399,65.4399,65.4399,65.4399,62.1679,1.0,1.0,1.0,1,1,1,1,0E-8,-0.95000000,,0E-8,0.000000,1.000000,0.000000,,2026-04-10,2026-04-10,1,1,1,1,1.000000,,,0.000000,,,,,,,,GLOBAL_BASELINE_NO_ENTITY_RANKING,,,NOT_APPLICABLE_GLOBAL_BASELINE,HF9g-P5,,,,X 全窗基线 · 不参与实体赏罚,3922591,393,A168_HF9F_20260827_0900,2026-08-27 09:00:00
2026-04-12,148574806,925,0,65.4398869199,62.1678925739,62.1678925739,1.0000000,1,1,0.50665070000000000,0.506650700000,0.9867858985152569,0.9867858985152569,0.9867858985152569,0E-17,ELIGIBLE,R03b_20260811_FULL_v1,L1_ELIGIBILITY,v2026-08-11,2026-03-21..2026-08-06,baccarat_bet02_101_all_pairs_incl_sentinel,round_win = game_pnl > 0 (decisive only),COMPATIBILITY_ONLY_NOT_PRODUCTION,65.4399,65.4399,-62.1679,1,1,0.95000000,,0.95000000,0.95000000,62.1679,65.4399,THIN_EXPOSURE,0.0000,-2.4867,4.0000,96.0000,AG03-UNRESOLVED,ALL5_LEVELS_bet23_to_bet27,-2.4867,-2.4867,-3.1084,-3.1084,-3.1084,4.000000,4.000000,5.000000,5.000000,5.000000,96.000000,96.000000,95.000000,95.000000,95.000000,5.0,-14.2986,-13.0455,-47.8693,-49.1224,PENDING_AG03,FALSE,NOT_FOR_ENFORCEMENT,-59.6812,62.8223,-62.1679,-59.6812,-2.4867,-0.95000000,-0.91200000,-2.4867,-59.6812,-0.91200000,-2.4867,-2.4867,-3.1084,-3.1084,-3.1084,-59.6812,-0.91200000,-14.2986,-13.0455,-47.8693,-49.1224,-0.73150000,-0.75064896,-0.03800000,65.4399,65.4399,-62.1679,-62.1679,-62.1679,65.4399,1.0000,,65.4399,65.4399,65.4399,65.4399,65.4399,65.4399,65.4399,65.4399,62.1679,1.0,1.0,1.0,1,1,1,1,0E-8,-0.95000000,,0E-8,0.000000,1.000000,0.000000,,2026-04-12,2026-04-12,1,1,1,1,1.000000,,,0.000000,,,,,,,,GLOBAL_BASELINE_NO_ENTITY_RANKING,,,NOT_APPLICABLE_GLOBAL_BASELINE,HF9g-P5,,,,X 全窗基线 · 不参与实体赏罚,3922592,393,A168_HF9F_20260827_0900,2026-08-27 09:00:00
2026-04-15,135107308,1399,0,65.4398869199,62.1678925739,62.1678925739,1.0000000,1,1,0.50665070000000000,0.506650700000,0.9867858985152569,0.9867858985152569,0.9867858985152569,0E-17,ELIGIBLE,R03b_20260811_FULL_v1,L1_ELIGIBILITY,v2026-08-11,2026-03-21..2026-08-06,baccarat_bet02_101_all_pairs_incl_sentinel,round_win = game_pnl > 0 (decisive only),COMPATIBILITY_ONLY_NOT_PRODUCTION,65.4399,65.4399,-62.1679,1,1,0.95000000,,0.95000000,0.95000000,62.1679,65.4399,THIN_EXPOSURE,0.0000,-2.4867,4.0000,96.0000,AG03-UNRESOLVED,ALL5_LEVELS_bet23_to_bet27,-2.4867,-3.1084,-3.1084,-3.1084,-3.1084,4.000000,5.000000,5.000000,5.000000,5.000000,96.000000,95.000000,95.000000,95.000000,95.000000,5.0,-14.9203,-13.5572,-47.2476,-48.6107,PENDING_AG03,FALSE,NOT_FOR_ENFORCEMENT,-59.6812,62.8223,-62.1679,-59.6812,-2.4867,-0.95000000,-0.91200000,-2.4867,-59.6812,-0.91200000,-2.4867,-3.1084,-3.1084,-3.1084,-3.1084,-59.6812,-0.91200000,-14.9203,-13.5572,-47.2476,-48.6107,-0.72200000,-0.7428297,-0.03800000,65.4399,65.4399,-62.1679,-62.1679,-62.1679,65.4399,1.0000,,65.4399,65.4399,65.4399,65.4399,65.4399,65.4399,65.4399,65.4399,62.1679,1.0,1.0,1.0,1,1,1,1,0E-8,-0.95000000,,0E-8,0.000000,1.000000,0.000000,,2026-04-15,2026-04-15,1,1,1,1,1.000000,,,0.000000,,,,,,,,GLOBAL_BASELINE_NO_ENTITY_RANKING,,,NOT_APPLICABLE_GLOBAL_BASELINE,HF9g-P5,,,,X 全窗基线 · 不参与实体赏罚,3922593,393,A168_HF9F_20260827_0900,2026-08-27 09:00:00
2026-04-17,110633487,1402,0,65.4398869199,62.1678925739,62.1678925739,1.0000000,1,1,0.50665070000000000,0.506650700000,0.9867858985152569,0.9867858985152569,0.9867858985152569,0E-17,ELIGIBLE,R03b_20260811_FULL_v1,L1_ELIGIBILITY,v2026-08-11,2026-03-21..2026-08-06,baccarat_bet02_101_all_pairs_incl_sentinel,round_win = game_pnl > 0 (decisive only),COMPATIBILITY_ONLY_NOT_PRODUCTION,65.4399,65.4399,-62.1679,1,1,0.95000000,,0.95000000,0.95000000,62.1679,65.4399,THIN_EXPOSURE,0.0000,-2.4867,4.0000,96.0000,AG03-UNRESOLVED,ALL5_LEVELS_bet23_to_bet27,-2.4867,-2.4867,-2.4867,-3.1084,-3.1084,4.000000,4.000000,4.000000,5.000000,5.000000,96.000000,96.000000,96.000000,95.000000,95.000000,5.0,-13.6769,-12.5284,-48.4910,-49.6395,PENDING_AG03,FALSE,NOT_FOR_ENFORCEMENT,-59.6812,62.8223,-62.1679,-59.6812,-2.4867,-0.95000000,-0.91200000,-2.4867,-59.6812,-0.91200000,-2.4867,-2.4867,-2.4867,-3.1084,-3.1084,-59.6812,-0.91200000,-13.6769,-12.5284,-48.4910,-49.6395,-0.74100000,-0.75855053,-0.03800000,65.4399,65.4399,-62.1679,-62.1679,-62.1679,65.4399,1.0000,,65.4399,65.4399,65.4399,65.4399,65.4399,65.4399,65.4399,65.4399,62.1679,1.0,1.0,1.0,1,1,1,1,0E-8,-0.95000000,,0E-8,0.000000,1.000000,0.000000,,2026-04-17,2026-04-17,1,1,1,1,1.000000,,,0.000000,,,,,,,,GLOBAL_BASELINE_NO_ENTITY_RANKING,,,NOT_APPLICABLE_GLOBAL_BASELINE,HF9g-P5,,,,X 全窗基线 · 不参与实体赏罚,3922594,393,A168_HF9F_20260827_0900,2026-08-27 09:00:00
2026-04-21,143564891,1307,0,65.4398869199,62.1678925739,62.1678925739,1.0000000,1,1,0.50665070000000000,0.506650700000,0.9867858985152569,0.9867858985152569,0.9867858985152569,0E-17,ELIGIBLE,R03b_20260811_FULL_v1,L1_ELIGIBILITY,v2026-08-11,2026-03-21..2026-08-06,baccarat_bet02_101_all_pairs_incl_sentinel,round_win = game_pnl > 0 (decisive only),COMPATIBILITY_ONLY_NOT_PRODUCTION,65.4399,65.4399,-62.1679,1,1,0.95000000,,0.95000000,0.95000000,62.1679,65.4399,THIN_EXPOSURE,0.0000,-2.4867,4.0000,96.0000,AG03-UNRESOLVED,ALL5_LEVELS_bet23_to_bet27,-2.4867,-2.4867,-2.4867,-3.1084,-3.1084,4.000000,4.000000,4.000000,5.000000,5.000000,96.000000,96.000000,96.000000,95.000000,95.000000,5.0,-13.6769,-12.5284,-48.4910,-49.6395,PENDING_AG03,FALSE,NOT_FOR_ENFORCEMENT,-59.6812,62.8223,-62.1679,-59.6812,-2.4867,-0.95000000,-0.91200000,-2.4867,-59.6812,-0.91200000,-2.4867,-2.4867,-2.4867,-3.1084,-3.1084,-59.6812,-0.91200000,-13.6769,-12.5284,-48.4910,-49.6395,-0.74100000,-0.75855053,-0.03800000,65.4399,65.4399,-62.1679,-62.1679,-62.1679,65.4399,1.0000,,65.4399,65.4399,65.4399,65.4399,65.4399,65.4399,65.4399,65.4399,62.1679,1.0,1.0,1.0,1,1,1,1,0E-8,-0.95000000,,0E-8,0.000000,1.000000,0.000000,,2026-04-21,2026-04-21,1,1,1,1,1.000000,,,0.000000,,,,,,,,GLOBAL_BASELINE_NO_ENTITY_RANKING,,,NOT_APPLICABLE_GLOBAL_BASELINE,HF9g-P5,,,,X 全窗基线 · 不参与实体赏罚,3922595,393,A168_HF9F_20260827_0900,2026-08-27 09:00:00
2026-04-24,139380738,-1,1,65.4398869199,62.1678925739,62.1678925739,1.0000000,2,2,0.50665070000000000,0.506650700000,1.3955260008387969,1.3955260008387969,1.3955260008387969,0E-17,SENTINEL_DEALER,R03b_20260811_FULL_v1,L1_ELIGIBILITY,v2026-08-11,2026-03-21..2026-08-06,baccarat_bet02_101_all_pairs_incl_sentinel,round_win = game_pnl > 0 (decisive only),COMPATIBILITY_ONLY_NOT_PRODUCTION,65.4399,65.4399,-62.1679,2,2,0.95000000,,0.95000000,0.95000000,62.1679,65.4399,THIN_EXPOSURE,0.0000,-2.4867,4.0000,96.0000,AG03-UNRESOLVED,ALL5_LEVELS_bet23_to_bet27,-2.4867,-2.4867,-2.4867,-3.1084,-3.1084,4.000000,4.000000,4.000000,5.000000,5.000000,96.000000,96.000000,96.000000,95.000000,95.000000,5.0,-13.6769,-12.5284,-48.4910,-49.6395,PENDING_AG03,FALSE,NOT_FOR_ENFORCEMENT,-59.6812,62.8223,-62.1679,-59.6812,-2.4867,-0.95000000,-0.91200000,-2.4867,-59.6812,-0.91200000,-2.4867,-2.4867,-2.4867,-3.1084,-3.1084,-59.6812,-0.91200000,-13.6769,-12.5284,-48.4910,-49.6395,-0.74100000,-0.75855053,-0.03800000,32.7199,32.7199,-31.0839,-62.1679,-31.0839,65.4399,2.0000,,32.7199,13.088,32.7199,52.3519,52.3519,52.3519,52.3519,32.7199,31.0839,1.6,1.6,1.0,2,1,1,1,0E-8,-0.95000000,,0E-8,0.000000,1.000000,0.000000,,2026-04-24,2026-04-24,1,2,2,1,1.000000,,,0.000000,,,,,,,,GLOBAL_BASELINE_NO_ENTITY_RANKING,,,NOT_APPLICABLE_GLOBAL_BASELINE,HF9g-P5,,,,X 全窗基线 · 不参与实体赏罚,3922596,393,A168_HF9F_20260827_0900,2026-08-27 09:00:00
2026-04-25,149132698,1994,0,65.4398869199,62.1678925739,62.1678925739,1.0000000,1,1,0.50665070000000000,0.506650700000,0.9867858985152569,0.9867858985152569,0.9867858985152569,0E-17,ELIGIBLE,R03b_20260811_FULL_v1,L1_ELIGIBILITY,v2026-08-11,2026-03-21..2026-08-06,baccarat_bet02_101_all_pairs_incl_sentinel,round_win = game_pnl > 0 (decisive only),COMPATIBILITY_ONLY_NOT_PRODUCTION,65.4399,65.4399,-62.1679,1,1,0.95000000,,0.95000000,0.95000000,62.1679,65.4399,THIN_EXPOSURE,0.0000,-2.4867,4.0000,96.0000,AG03-UNRESOLVED,ALL5_LEVELS_bet23_to_bet27,-2.4867,-2.4867,-2.4867,-3.1084,-3.1084,4.000000,4.000000,4.000000,5.000000,5.000000,96.000000,96.000000,96.000000,95.000000,95.000000,5.0,-13.6769,-12.5284,-48.4910,-49.6395,PENDING_AG03,FALSE,NOT_FOR_ENFORCEMENT,-59.6812,62.8223,-62.1679,-59.6812,-2.4867,-0.95000000,-0.91200000,-2.4867,-59.6812,-0.91200000,-2.4867,-2.4867,-2.4867,-3.1084,-3.1084,-59.6812,-0.91200000,-13.6769,-12.5284,-48.4910,-49.6395,-0.74100000,-0.75855053,-0.03800000,65.4399,65.4399,-62.1679,-62.1679,-62.1679,65.4399,1.0000,,65.4399,65.4399,65.4399,65.4399,65.4399,65.4399,65.4399,65.4399,62.1679,1.0,1.0,1.0,1,1,1,1,0E-8,-0.95000000,,0E-8,0.000000,1.000000,0.000000,,2026-04-25,2026-04-25,1,1,1,1,1.000000,,,0.000000,,,,,,,,GLOBAL_BASELINE_NO_ENTITY_RANKING,,,NOT_APPLICABLE_GLOBAL_BASELINE,HF9g-P5,,,,X 全窗基线 · 不参与实体赏罚,3922597,393,A168_HF9F_20260827_0900,2026-08-27 09:00:00
2026-04-28,136160582,2147,0,65.4398869199,62.1678925739,62.1678925739,1.0000000,1,1,0.50665070000000000,0.506650700000,0.9867858985152569,0.9867858985152569,0.9867858985152569,0E-17,ELIGIBLE,R03b_20260811_FULL_v1,L1_ELIGIBILITY,v2026-08-11,2026-03-21..2026-08-06,baccarat_bet02_101_all_pairs_incl_sentinel,round_win = game_pnl > 0 (decisive only),COMPATIBILITY_ONLY_NOT_PRODUCTION,65.4399,65.4399,-62.1679,1,1,0.95000000,,0.95000000,0.95000000,62.1679,65.4399,THIN_EXPOSURE,0.0000,-2.4867,4.0000,96.0000,AG03-UNRESOLVED,ALL5_LEVELS_bet23_to_bet27,-2.4867,-2.4867,-2.4867,-3.1084,-3.1084,4.000000,4.000000,4.000000,5.000000,5.000000,96.000000,96.000000,96.000000,95.000000,95.000000,5.0,-13.6769,-12.5284,-48.4910,-49.6395,PENDING_AG03,FALSE,NOT_FOR_ENFORCEMENT,-59.6812,62.8223,-62.1679,-59.6812,-2.4867,-0.95000000,-0.91200000,-2.4867,-59.6812,-0.91200000,-2.4867,-2.4867,-2.4867,-3.1084,-3.1084,-59.6812,-0.91200000,-13.6769,-12.5284,-48.4910,-49.6395,-0.74100000,-0.75855053,-0.03800000,65.4399,65.4399,-62.1679,-62.1679,-62.1679,65.4399,1.0000,,65.4399,65.4399,65.4399,65.4399,65.4399,65.4399,65.4399,65.4399,62.1679,1.0,1.0,1.0,1,1,1,1,0E-8,-0.95000000,,0E-8,0.000000,1.000000,0.000000,,2026-04-28,2026-04-28,1,1,1,1,1.000000,,,0.000000,,,,,,,,GLOBAL_BASELINE_NO_ENTITY_RANKING,,,NOT_APPLICABLE_GLOBAL_BASELINE,HF9g-P5,,,,X 全窗基线 · 不参与实体赏罚,3922598,393,A168_HF9F_20260827_0900,2026-08-27 09:00:00
2026-04-29,149318951,2145,0,65.4398869199,62.1678925739,62.1678925739,1.0000000,1,1,0.50665070000000000,0.506650700000,0.9867858985152569,0.9867858985152569,0.9867858985152569,0E-17,ELIGIBLE,R03b_20260811_FULL_v1,L1_ELIGIBILITY,v2026-08-11,2026-03-21..2026-08-06,baccarat_bet02_101_all_pairs_incl_sentinel,round_win = game_pnl > 0 (decisive only),COMPATIBILITY_ONLY_NOT_PRODUCTION,65.4399,65.4399,-62.1679,1,1,0.95000000,,0.95000000,0.95000000,62.1679,65.4399,THIN_EXPOSURE,0.0000,-2.4867,4.0000,96.0000,AG03-UNRESOLVED,ALL5_LEVELS_bet23_to_bet27,-2.4867,-2.4867,-2.4867,-3.1084,-3.1084,4.000000,4.000000,4.000000,5.000000,5.000000,96.000000,96.000000,96.000000,95.000000,95.000000,5.0,-13.6769,-12.5284,-48.4910,-49.6395,PENDING_AG03,FALSE,NOT_FOR_ENFORCEMENT,-59.6812,62.8223,-62.1679,-59.6812,-2.4867,-0.95000000,-0.91200000,-2.4867,-59.6812,-0.91200000,-2.4867,-2.4867,-2.4867,-3.1084,-3.1084,-59.6812,-0.91200000,-13.6769,-12.5284,-48.4910,-49.6395,-0.74100000,-0.75855053,-0.03800000,65.4399,65.4399,-62.1679,-62.1679,-62.1679,65.4399,1.0000,,65.4399,65.4399,65.4399,65.4399,65.4399,65.4399,65.4399,65.4399,62.1679,1.0,1.0,1.0,1,1,1,1,0E-8,-0.95000000,,0E-8,0.000000,1.000000,0.000000,,2026-04-29,2026-04-29,1,1,1,1,1.000000,,,0.000000,,,,,,,,GLOBAL_BASELINE_NO_ENTITY_RANKING,,,NOT_APPLICABLE_GLOBAL_BASELINE,HF9g-P5,,,,X 全窗基线 · 不参与实体赏罚,3922599,393,A168_HF9F_20260827_0900,2026-08-27 09:00:00
2026-04-19,148891650,-1,1,91.6158416879,62.1678925739,62.1678925739,1.0000000,3,3,0.50665070000000000,0.506650700000,1.3955260008387969,1.3955260008387969,1.3955260008387969,0E-17,SENTINEL_DEALER,R03b_20260811_FULL_v1,L1_ELIGIBILITY,v2026-08-11,2026-03-21..2026-08-06,baccarat_bet02_101_all_pairs_incl_sentinel,round_win = game_pnl > 0 (decisive only),COMPATIBILITY_ONLY_NOT_PRODUCTION,91.6158,65.4399,-62.1679,3,3,0.67857143,,0.67857143,0.67857143,62.1679,91.6158,THIN_EXPOSURE,0.0000,-2.4867,4.0000,96.0000,AG03-UNRESOLVED,ALL5_LEVELS_bet23_to_bet27,-2.4867,-2.4867,-2.4867,-3.7301,-3.7301,4.000000,4.000000,4.000000,6.000000,6.000000,96.000000,96.000000,96.000000,94.000000,94.000000,5.0,-14.9203,-13.568,-47.2476,-48.5999,PENDING_AG03,FALSE,NOT_FOR_ENFORCEMENT,-59.6812,62.8223,-62.1679,-59.6812,-2.4867,-0.67857143,-0.65142857,-2.4867,-59.6812,-0.65142857,-2.4867,-2.4867,-2.4867,-3.7301,-3.7301,-59.6812,-0.65142857,-14.9203,-13.568,-47.2476,-48.5999,-0.51571429,-0.53047507,-0.02714286,30.5386,21.8133,-20.7226,-62.1679,-62.1679,91.6158,3.0000,,30.5386,26.176,26.176,35.9919,39.2639,39.2639,39.2639,26.176,24.8672,1.5,1.5,1.166667,1,1,1,1,0E-8,-0.67857143,,0E-8,0.000000,0.714286,0.000000,,2026-04-19,2026-04-19,1,1,1,1,1.000000,,,0.000000,,,,,,,,GLOBAL_BASELINE_NO_ENTITY_RANKING,,,NOT_APPLICABLE_GLOBAL_BASELINE,HF9g-P5,,,,X 全窗基线 · 不参与实体赏罚,3922600,393,A168_HF9F_20260827_0900,2026-08-27 09:00:00
2026-04-16,148734062,1935,0,99.4686281184,62.1678925738,62.1678925738,0.5714286,18,7,0.26280254940476190,0.193605253571,1.8551321922669668,2.529911700724517,1.8551321922669668,0.06919729583376190,ELIGIBLE,R03b_20260811_FULL_v1,L1_ELIGIBILITY,v2026-08-11,2026-03-21..2026-08-06,baccarat_bet02_101_all_pairs_incl_sentinel,round_win = game_pnl > 0 (decisive only),COMPATIBILITY_ONLY_NOT_PRODUCTION,99.4686,86.3807,-62.1679,18,7,0.62500000,,0.62500000,0.62500000,62.1679,99.4686,THIN_EXPOSURE,0.0000,-2.4867,4.0000,96.0000,AG03-UNRESOLVED,ALL5_LEVELS_bet23_to_bet27,-2.4867,-2.4867,-2.4867,-3.7301,-3.7301,4.000000,4.000000,4.000000,6.000000,6.000000,96.000000,96.000000,96.000000,94.000000,94.000000,5.0,-14.9203,-13.568,-47.2476,-48.5999,PENDING_AG03,FALSE,NOT_FOR_ENFORCEMENT,-59.6812,82.9254,-62.1679,-59.6812,-2.4867,-0.62500000,-0.60000000,-2.4867,-59.6812,-0.60000000,-2.4867,-2.4867,-2.4867,-3.7301,-3.7301,-59.6812,-0.60000000,-14.9203,-13.568,-47.2476,-48.5999,-0.47500000,-0.48859546,-0.02500000,5.5260,12.3401,-8.8811,-62.1679,-62.1679,99.4686,7.0000,,5.5260,2.6176,2.6176,2.6176,13.088,19.3702,23.5584,2.6176,-2.6176,7.400002,9.0,2.111111,1,1,1,5,0E-8,-0.62500000,,0E-8,0.000000,0.868421,0.000000,,2026-04-16,2026-04-16,1,1,1,1,1.000000,,,0.000000,,,,,,,,GLOBAL_BASELINE_NO_ENTITY_RANKING,,,NOT_APPLICABLE_GLOBAL_BASELINE,HF9g-P5,,,,X 全窗基线 · 不参与实体赏罚,3922601,393,A168_HF9F_20260827_0900,2026-08-27 09:00:00
2026-03-30,137523176,2223,0,7.3728835874,0E-10,0E-10,,1,1,0.49324550000000000,0.493245500000,,,,0E-17,NO_DECISIVE_ROUND,R03b_20260811_FULL_v1,L1_ELIGIBILITY,v2026-08-11,2026-03-21..2026-08-06,baccarat_bet02_101_all_pairs_incl_sentinel,round_win = game_pnl > 0 (decisive only),COMPATIBILITY_ONLY_NOT_PRODUCTION,101.6063,94.2334,-62.1679,6,6,0.61185064,,0.61185064,0.61185064,62.1679,101.6063,THIN_EXPOSURE,0.0000,-2.4867,4.0000,96.0000,AG03-UNRESOLVED,ALL5_LEVELS_bet23_to_bet27,-2.4867,-2.4867,-2.4867,-2.4867,-2.4867,4.000000,4.000000,4.000000,4.000000,4.000000,96.000000,96.000000,96.000000,96.000000,96.000000,5.0,-12.4336,-11.4779,-49.7343,-50.69,PENDING_AG03,FALSE,NOT_FOR_ENFORCEMENT,-59.6812,90.4641,-62.1679,-59.6812,-2.4867,-0.61185064,-0.58737662,-2.4867,-59.6812,-0.58737662,-2.4867,-2.4867,-2.4867,-2.4867,-2.4867,-59.6812,-0.58737662,-12.4336,-11.4779,-49.7343,-50.69,-0.48948051,-0.49888631,-0.02447403,16.9344,15.7056,-10.3613,-31.0839,-15.5420,50.8032,3.0000,,16.9344,13.088,17.0144,20.9408,25.6524,26.176,26.176,17.0144,15.3784,1.538462,1.538462,0.995299,4,4,2,2,0E-8,-0.61185064,,0E-8,0.000000,0.927437,0.000000,,2026-03-30,2026-04-26,2,4,4,28,0.071429,,,0.000000,,,,,,,,GLOBAL_BASELINE_NO_ENTITY_RANKING,,,NOT_APPLICABLE_GLOBAL_BASELINE,HF9g-P5,,,,X 全窗基线 · 不参与实体赏罚,3922602,393,A168_HF9F_20260827_0900,2026-08-27 09:00:00
2026-04-26,137523176,-1,1,18.3231683376,18.3231683376,18.3231683376,1.0000000,1,1,0.49324550000000000,0.493245500000,1.01360149184955,1.01360149184955,1.01360149184955,0E-17,SENTINEL_DEALER,R03b_20260811_FULL_v1,L1_ELIGIBILITY,v2026-08-11,2026-03-21..2026-08-06,baccarat_bet02_101_all_pairs_incl_sentinel,round_win = game_pnl > 0 (decisive only),COMPATIBILITY_ONLY_NOT_PRODUCTION,101.6063,94.2334,-62.1679,6,6,0.61185064,,0.61185064,0.61185064,62.1679,101.6063,THIN_EXPOSURE,0.0000,-2.4867,4.0000,96.0000,AG03-UNRESOLVED,ALL5_LEVELS_bet23_to_bet27,-2.4867,-2.4867,-2.4867,-2.4867,-2.4867,4.000000,4.000000,4.000000,4.000000,4.000000,96.000000,96.000000,96.000000,96.000000,96.000000,5.0,-12.4336,-11.4779,-49.7343,-50.69,PENDING_AG03,FALSE,NOT_FOR_ENFORCEMENT,-59.6812,90.4641,-62.1679,-59.6812,-2.4867,-0.61185064,-0.58737662,-2.4867,-59.6812,-0.58737662,-2.4867,-2.4867,-2.4867,-2.4867,-2.4867,-59.6812,-0.58737662,-12.4336,-11.4779,-49.7343,-50.69,-0.48948051,-0.49888631,-0.02447403,16.9344,15.7056,-10.3613,-31.0839,-15.5420,50.8032,3.0000,,16.9344,13.088,17.0144,20.9408,25.6524,26.176,26.176,17.0144,15.3784,1.538462,1.538462,0.995299,4,4,2,2,0E-8,-0.61185064,,0E-8,0.000000,0.927437,0.000000,,2026-03-30,2026-04-26,2,4,4,28,0.071429,,,0.000000,,,,,,,,GLOBAL_BASELINE_NO_ENTITY_RANKING,,,NOT_APPLICABLE_GLOBAL_BASELINE,HF9g-P5,,,,X 全窗基线 · 不参与实体赏罚,3922603,393,A168_HF9F_20260827_0900,2026-08-27 09:00:00
2026-04-26,137523176,1291,0,39.2639321520,38.6095332828,38.6095332828,1.0000000,2,2,0.49994810000000000,0.499948100000,1.4143603653603398,1.4143603653603398,1.4143603653603398,0E-17,ELIGIBLE,R03b_20260811_FULL_v1,L1_ELIGIBILITY,v2026-08-11,2026-03-21..2026-08-06,baccarat_bet02_101_all_pairs_incl_sentinel,round_win = game_pnl > 0 (decisive only),COMPATIBILITY_ONLY_NOT_PRODUCTION,101.6063,94.2334,-62.1679,6,6,0.61185064,,0.61185064,0.61185064,62.1679,101.6063,THIN_EXPOSURE,0.0000,-2.4867,4.0000,96.0000,AG03-UNRESOLVED,ALL5_LEVELS_bet23_to_bet27,-2.4867,-2.4867,-2.4867,-2.4867,-2.4867,4.000000,4.000000,4.000000,4.000000,4.000000,96.000000,96.000000,96.000000,96.000000,96.000000,5.0,-12.4336,-11.4779,-49.7343,-50.69,PENDING_AG03,FALSE,NOT_FOR_ENFORCEMENT,-59.6812,90.4641,-62.1679,-59.6812,-2.4867,-0.61185064,-0.58737662,-2.4867,-59.6812,-0.58737662,-2.4867,-2.4867,-2.4867,-2.4867,-2.4867,-59.6812,-0.58737662,-12.4336,-11.4779,-49.7343,-50.69,-0.48948051,-0.49888631,-0.02447403,16.9344,15.7056,-10.3613,-31.0839,-15.5420,50.8032,3.0000,,16.9344,13.088,17.0144,20.9408,25.6524,26.176,26.176,17.0144,15.3784,1.538462,1.538462,0.995299,4,4,2,2,0E-8,-0.61185064,,0E-8,0.000000,0.927437,0.000000,,2026-03-30,2026-04-26,2,4,4,28,0.071429,,,0.000000,,,,,,,,GLOBAL_BASELINE_NO_ENTITY_RANKING,,,NOT_APPLICABLE_GLOBAL_BASELINE,HF9g-P5,,,,X 全窗基线 · 不参与实体赏罚,3922604,393,A168_HF9F_20260827_0900,2026-08-27 09:00:00
2026-04-26,137523176,948,0,36.6463366752,5.2351909536,5.2351909536,0.5000000,2,2,0.49324550000000000,0.493245500000,0.01910635448239258,0.01910635448239258,0.01910635448239258,0E-17,ELIGIBLE,R03b_20260811_FULL_v1,L1_ELIGIBILITY,v2026-08-11,2026-03-21..2026-08-06,baccarat_bet02_101_all_pairs_incl_sentinel,round_win = game_pnl > 0 (decisive only),COMPATIBILITY_ONLY_NOT_PRODUCTION,101.6063,94.2334,-62.1679,6,6,0.61185064,,0.61185064,0.61185064,62.1679,101.6063,THIN_EXPOSURE,0.0000,-2.4867,4.0000,96.0000,AG03-UNRESOLVED,ALL5_LEVELS_bet23_to_bet27,-2.4867,-2.4867,-2.4867,-2.4867,-2.4867,4.000000,4.000000,4.000000,4.000000,4.000000,96.000000,96.000000,96.000000,96.000000,96.000000,5.0,-12.4336,-11.4779,-49.7343,-50.69,PENDING_AG03,FALSE,NOT_FOR_ENFORCEMENT,-59.6812,90.4641,-62.1679,-59.6812,-2.4867,-0.61185064,-0.58737662,-2.4867,-59.6812,-0.58737662,-2.4867,-2.4867,-2.4867,-2.4867,-2.4867,-59.6812,-0.58737662,-12.4336,-11.4779,-49.7343,-50.69,-0.48948051,-0.49888631,-0.02447403,16.9344,15.7056,-10.3613,-31.0839,-15.5420,50.8032,3.0000,,16.9344,13.088,17.0144,20.9408,25.6524,26.176,26.176,17.0144,15.3784,1.538462,1.538462,0.995299,4,4,2,2,0E-8,-0.61185064,,0E-8,0.000000,0.927437,0.000000,,2026-03-30,2026-04-26,2,4,4,28,0.071429,,,0.000000,,,,,,,,GLOBAL_BASELINE_NO_ENTITY_RANKING,,,NOT_APPLICABLE_GLOBAL_BASELINE,HF9g-P5,,,,X 全窗基线 · 不参与实体赏罚,3922605,393,A168_HF9F_20260827_0900,2026-08-27 09:00:00
2026-04-14,148676301,1384,0,157.0557286078,62.1678925739,62.1678925739,0.7500000,5,5,0.50396966000000000,0.503969660000,0.9841523774297893,0.9841523774297894,0.9841523774297893,0E-17,ELIGIBLE,R03b_20260811_FULL_v1,L1_ELIGIBILITY,v2026-08-11,2026-03-21..2026-08-06,baccarat_bet02_101_all_pairs_incl_sentinel,round_win = game_pnl > 0 (decisive only),COMPATIBILITY_ONLY_NOT_PRODUCTION,157.0557,117.7918,-62.1679,5,5,0.39583333,,0.39583333,0.39583333,62.1679,157.0557,THIN_EXPOSURE,0.0000,-2.4867,4.0000,96.0000,AG03-UNRESOLVED,ALL5_LEVELS_bet23_to_bet27,-2.4867,-2.4867,-2.4867,-3.1084,-3.1084,4.000000,4.000000,4.000000,5.000000,5.000000,96.000000,96.000000,96.000000,95.000000,95.000000,5.0,-13.6769,-12.5284,-48.4910,-49.6395,PENDING_AG03,FALSE,NOT_FOR_ENFORCEMENT,-59.6812,113.0801,-62.1679,-59.6812,-2.4867,-0.39583333,-0.38000000,-2.4867,-59.6812,-0.38000000,-2.4867,-2.4867,-2.4867,-3.1084,-3.1084,-59.6812,-0.38000000,-13.6769,-12.5284,-48.4910,-49.6395,-0.30875000,-0.31606272,-0.01583333,31.4111,23.5584,-12.4336,-62.1679,-62.1679,157.0557,5.0000,,31.4111,26.176,26.176,39.2639,39.2639,39.2639,39.2639,26.176,24.8672,1.5,1.5,1.2,1,1,1,2,0E-8,-0.39583333,,0E-8,0.000000,0.750000,0.000000,,2026-04-14,2026-04-14,1,1,1,1,1.000000,,,0.000000,,,,,,,,GLOBAL_BASELINE_NO_ENTITY_RANKING,,,NOT_APPLICABLE_GLOBAL_BASELINE,HF9g-P5,,,,X 全窗基线 · 不参与实体赏罚,3922606,393,A168_HF9F_20260827_0900,2026-08-27 09:00:00
2026-04-09,148409368,2224,0,170.1437059919,62.1678925739,62.1678925739,0.6250000,8,8,0.49994810000000000,0.499948100000,0.7074003757330176,0.7074003757330176,0.7074003757330176,0E-17,ELIGIBLE,R03b_20260811_FULL_v1,L1_ELIGIBILITY,v2026-08-11,2026-03-21..2026-08-06,baccarat_bet02_101_all_pairs_incl_sentinel,round_win = game_pnl > 0 (decisive only),COMPATIBILITY_ONLY_NOT_PRODUCTION,170.1437,170.1437,-62.1679,8,8,0.36538462,,0.36538462,0.36538462,62.1679,170.1437,THIN_EXPOSURE,0.0000,-2.4867,4.0000,96.0000,AG03-UNRESOLVED,ALL5_LEVELS_bet23_to_bet27,-2.4867,-2.4867,-2.4867,-3.1084,-3.1084,4.000000,4.000000,4.000000,5.000000,5.000000,96.000000,96.000000,96.000000,95.000000,95.000000,5.0,-13.6769,-12.5284,-48.4910,-49.6395,PENDING_AG03,FALSE,NOT_FOR_ENFORCEMENT,-59.6812,163.3380,-62.1679,-59.6812,-2.4867,-0.36538462,-0.35076923,-2.4867,-59.6812,-0.35076923,-2.4867,-2.4867,-2.4867,-3.1084,-3.1084,-59.6812,-0.35076923,-13.6769,-12.5284,-48.4910,-49.6395,-0.28500000,-0.2917502,-0.01461538,21.2680,21.2680,-7.7710,-62.1679,-62.1679,170.1437,8.0000,,21.2680,13.088,13.088,26.176,44.4991,52.3519,52.3519,13.088,12.7608,4.0,4.0,1.625,1,1,1,2,0E-8,-0.36538462,,0E-8,0.000000,1.000000,0.000000,,2026-04-09,2026-04-09,1,1,1,1,1.000000,,,0.000000,,,,,,,,GLOBAL_BASELINE_NO_ENTITY_RANKING,,,NOT_APPLICABLE_GLOBAL_BASELINE,HF9g-P5,,,,X 全窗基线 · 不参与实体赏罚,3922607,393,A168_HF9F_20260827_0900,2026-08-27 09:00:00
2026-04-30,148643341,-1,1,170.1437059920,62.1678925740,62.1678925740,0.7272727,11,11,0.50177608181818182,0.501776081818,1.4957849657503288,1.4957849657515327,1.4957849657503288,1.8182E-13,SENTINEL_DEALER,R03b_20260811_FULL_v1,L1_ELIGIBILITY,v2026-08-11,2026-03-21..2026-08-06,baccarat_bet02_101_all_pairs_incl_sentinel,round_win = game_pnl > 0 (decisive only),COMPATIBILITY_ONLY_NOT_PRODUCTION,170.1437,170.1437,-62.1679,11,11,0.36538462,,0.36538462,0.36538462,62.1679,170.1437,THIN_EXPOSURE,0.0000,-2.4867,4.0000,96.0000,AG03-UNRESOLVED,ALL5_LEVELS_bet23_to_bet27,-2.4867,-2.4867,-2.4867,0.0000,0.0000,4.000000,4.000000,4.000000,0.000000,0.000000,96.000000,96.000000,96.000000,100.000000,100.000000,5.0,-7.4601,-7.1657,-54.7077,-55.0022,PENDING_AG03,FALSE,NOT_FOR_ENFORCEMENT,-59.6812,163.3380,-62.1679,-59.6812,-2.4867,-0.36538462,-0.35076923,-2.4867,-59.6812,-0.35076923,-2.4867,-2.4867,-2.4867,0.0000,0.0000,-59.6812,-0.35076923,-7.4601,-7.1657,-54.7077,-55.0022,-0.32153846,-0.32326892,-0.01461538,15.4676,15.4676,-5.6516,-62.1679,-62.1679,170.1437,11.0000,,15.4676,13.088,13.088,13.088,26.176,26.176,26.176,13.088,12.4336,2.0,2.0,1.181818,1,1,1,2,0E-8,-0.36538462,,0E-8,0.000000,1.000000,0.000000,,2026-04-30,2026-04-30,1,1,1,1,1.000000,,,0.000000,,,,,,,,GLOBAL_BASELINE_NO_ENTITY_RANKING,,,NOT_APPLICABLE_GLOBAL_BASELINE,HF9g-P5,,,,X 全窗基线 · 不参与实体赏罚,3922608,393,A168_HF9F_20260827_0900,2026-08-27 09:00:00
2026-04-02,115621609,1947,0,196.3196607597,62.1678925739,62.1678925739,0.6666667,3,3,0.49771390000000000,0.497713900000,0.5852756695216578,0.5852756695216578,0.5852756695216578,0E-17,ELIGIBLE,R03b_20260811_FULL_v1,L1_ELIGIBILITY,v2026-08-11,2026-03-21..2026-08-06,baccarat_bet02_101_all_pairs_incl_sentinel,round_win = game_pnl > 0 (decisive only),COMPATIBILITY_ONLY_NOT_PRODUCTION,196.3197,196.3197,-62.1679,3,3,0.31666667,,0.31666667,0.31666667,62.1679,196.3197,THIN_EXPOSURE,0.0000,-2.4867,4.0000,96.0000,AG03-UNRESOLVED,ALL5_LEVELS_bet23_to_bet27,-2.4867,-2.4867,-2.4867,-3.1084,-3.1084,4.000000,4.000000,4.000000,5.000000,5.000000,96.000000,96.000000,96.000000,95.000000,95.000000,5.0,-13.6769,-12.5284,-48.4910,-49.6395,PENDING_AG03,FALSE,NOT_FOR_ENFORCEMENT,-59.6812,188.4669,-62.1679,-59.6812,-2.4867,-0.31666667,-0.30400000,-2.4867,-59.6812,-0.30400000,-2.4867,-2.4867,-2.4867,-3.1084,-3.1084,-59.6812,-0.30400000,-13.6769,-12.5284,-48.4910,-49.6395,-0.24700000,-0.25285018,-0.01266667,65.4399,65.4399,-20.7226,-62.1679,-62.1679,196.3197,3.0000,,65.4399,65.4399,65.4399,65.4399,65.4399,65.4399,65.4399,65.4399,62.1679,1.0,1.0,1.0,1,1,1,2,0E-8,-0.31666667,,0E-8,0.000000,1.000000,0.000000,,2026-04-02,2026-04-02,1,1,1,1,1.000000,,,0.000000,,,,,,,,GLOBAL_BASELINE_NO_ENTITY_RANKING,,,NOT_APPLICABLE_GLOBAL_BASELINE,HF9g-P5,,,,X 全窗基线 · 不参与实体赏罚,3922609,393,A168_HF9F_20260827_0900,2026-08-27 09:00:00
2026-04-21,148988825,-1,1,143.9677512240,37.9551344136,37.9551344136,0.7142857,11,11,0.49812011818181818,0.498120118182,1.1438489032490442,1.1438489032480805,1.1438489032490442,-1.8182E-13,SENTINEL_DEALER,R03b_20260811_FULL_v1,L1_ELIGIBILITY,v2026-08-11,2026-03-21..2026-08-06,baccarat_bet02_101_all_pairs_incl_sentinel,round_win = game_pnl > 0 (decisive only),COMPATIBILITY_ONLY_NOT_PRODUCTION,196.3197,143.9678,-62.1679,15,15,0.31666667,,0.31666667,0.31666667,62.1679,196.3197,THIN_EXPOSURE,0.0000,-2.4867,4.0000,96.0000,AG03-UNRESOLVED,ALL5_LEVELS_bet23_to_bet27,-2.4867,-2.4867,-2.4867,-3.1084,-3.1084,4.000000,4.000000,4.000000,5.000000,5.000000,96.000000,96.000000,96.000000,95.000000,95.000000,5.0,-13.6769,-12.5284,-48.4910,-49.6395,PENDING_AG03,FALSE,NOT_FOR_ENFORCEMENT,-59.6812,138.2090,-62.1679,-59.6812,-2.4867,-0.31666667,-0.30400000,-2.4867,-59.6812,-0.30400000,-2.4867,-2.4867,-2.4867,-3.1084,-3.1084,-59.6812,-0.30400000,-13.6769,-12.5284,-48.4910,-49.6395,-0.24700000,-0.25285018,-0.01266667,13.0880,9.5979,-4.1445,-62.1679,-5.6516,196.3197,15.0000,,13.0880,13.088,13.088,13.088,13.088,13.088,13.088,13.088,12.4336,1.0,1.0,1.0,11,5,1,2,0E-8,-0.31666667,,0E-8,0.000000,0.733333,0.000000,,2026-04-21,2026-04-21,1,11,11,1,1.000000,,,0.000000,,,,,,,,GLOBAL_BASELINE_NO_ENTITY_RANKING,,,NOT_APPLICABLE_GLOBAL_BASELINE,HF9g-P5,,,,X 全窗基线 · 不参与实体赏罚,3922610,393,A168_HF9F_20260827_0900,2026-08-27 09:00:00
2026-04-21,148988825,1966,0,13.0879773840,12.4335785148,12.4335785148,1.0000000,1,1,0.50665070000000000,0.506650700000,0.9867858985152569,0.9867858985152569,0.9867858985152569,0E-17,ELIGIBLE,R03b_20260811_FULL_v1,L1_ELIGIBILITY,v2026-08-11,2026-03-21..2026-08-06,baccarat_bet02_101_all_pairs_incl_sentinel,round_win = game_pnl > 0 (decisive only),COMPATIBILITY_ONLY_NOT_PRODUCTION,196.3197,143.9678,-62.1679,15,15,0.31666667,,0.31666667,0.31666667,62.1679,196.3197,THIN_EXPOSURE,0.0000,-2.4867,4.0000,96.0000,AG03-UNRESOLVED,ALL5_LEVELS_bet23_to_bet27,-2.4867,-2.4867,-2.4867,-3.1084,-3.1084,4.000000,4.000000,4.000000,5.000000,5.000000,96.000000,96.000000,96.000000,95.000000,95.000000,5.0,-13.6769,-12.5284,-48.4910,-49.6395,PENDING_AG03,FALSE,NOT_FOR_ENFORCEMENT,-59.6812,138.2090,-62.1679,-59.6812,-2.4867,-0.31666667,-0.30400000,-2.4867,-59.6812,-0.30400000,-2.4867,-2.4867,-2.4867,-3.1084,-3.1084,-59.6812,-0.30400000,-13.6769,-12.5284,-48.4910,-49.6395,-0.24700000,-0.25285018,-0.01266667,13.0880,9.5979,-4.1445,-62.1679,-5.6516,196.3197,15.0000,,13.0880,13.088,13.088,13.088,13.088,13.088,13.088,13.088,12.4336,1.0,1.0,1.0,11,5,1,2,0E-8,-0.31666667,,0E-8,0.000000,0.733333,0.000000,,2026-04-21,2026-04-21,1,11,11,1,1.000000,,,0.000000,,,,,,,,GLOBAL_BASELINE_NO_ENTITY_RANKING,,,NOT_APPLICABLE_GLOBAL_BASELINE,HF9g-P5,,,,X 全窗基线 · 不参与实体赏罚,3922611,393,A168_HF9F_20260827_0900,2026-08-27 09:00:00
2026-04-21,148988825,2117,0,13.0879773840,12.4335785148,12.4335785148,1.0000000,1,1,0.50665070000000000,0.506650700000,0.9867858985152569,0.9867858985152569,0.9867858985152569,0E-17,ELIGIBLE,R03b_20260811_FULL_v1,L1_ELIGIBILITY,v2026-08-11,2026-03-21..2026-08-06,baccarat_bet02_101_all_pairs_incl_sentinel,round_win = game_pnl > 0 (decisive only),COMPATIBILITY_ONLY_NOT_PRODUCTION,196.3197,143.9678,-62.1679,15,15,0.31666667,,0.31666667,0.31666667,62.1679,196.3197,THIN_EXPOSURE,0.0000,-2.4867,4.0000,96.0000,AG03-UNRESOLVED,ALL5_LEVELS_bet23_to_bet27,-2.4867,-2.4867,-2.4867,-3.1084,-3.1084,4.000000,4.000000,4.000000,5.000000,5.000000,96.000000,96.000000,96.000000,95.000000,95.000000,5.0,-13.6769,-12.5284,-48.4910,-49.6395,PENDING_AG03,FALSE,NOT_FOR_ENFORCEMENT,-59.6812,138.2090,-62.1679,-59.6812,-2.4867,-0.31666667,-0.30400000,-2.4867,-59.6812,-0.30400000,-2.4867,-2.4867,-2.4867,-3.1084,-3.1084,-59.6812,-0.30400000,-13.6769,-12.5284,-48.4910,-49.6395,-0.24700000,-0.25285018,-0.01266667,13.0880,9.5979,-4.1445,-62.1679,-5.6516,196.3197,15.0000,,13.0880,13.088,13.088,13.088,13.088,13.088,13.088,13.088,12.4336,1.0,1.0,1.0,11,5,1,2,0E-8,-0.31666667,,0E-8,0.000000,0.733333,0.000000,,2026-04-21,2026-04-21,1,11,11,1,1.000000,,,0.000000,,,,,,,,GLOBAL_BASELINE_NO_ENTITY_RANKING,,,NOT_APPLICABLE_GLOBAL_BASELINE,HF9g-P5,,,,X 全窗基线 · 不参与实体赏罚,3922612,393,A168_HF9F_20260827_0900,2026-08-27 09:00:00
2026-04-21,148988825,925,0,13.0879773840,12.4335785148,12.4335785148,1.0000000,1,1,0.50665070000000000,0.506650700000,0.9867858985152569,0.9867858985152569,0.9867858985152569,0E-17,ELIGIBLE,R03b_20260811_FULL_v1,L1_ELIGIBILITY,v2026-08-11,2026-03-21..2026-08-06,baccarat_bet02_101_all_pairs_incl_sentinel,round_win = game_pnl > 0 (decisive only),COMPATIBILITY_ONLY_NOT_PRODUCTION,196.3197,143.9678,-62.1679,15,15,0.31666667,,0.31666667,0.31666667,62.1679,196.3197,THIN_EXPOSURE,0.0000,-2.4867,4.0000,96.0000,AG03-UNRESOLVED,ALL5_LEVELS_bet23_to_bet27,-2.4867,-2.4867,-2.4867,-3.1084,-3.1084,4.000000,4.000000,4.000000,5.000000,5.000000,96.000000,96.000000,96.000000,95.000000,95.000000,5.0,-13.6769,-12.5284,-48.4910,-49.6395,PENDING_AG03,FALSE,NOT_FOR_ENFORCEMENT,-59.6812,138.2090,-62.1679,-59.6812,-2.4867,-0.31666667,-0.30400000,-2.4867,-59.6812,-0.30400000,-2.4867,-2.4867,-2.4867,-3.1084,-3.1084,-59.6812,-0.30400000,-13.6769,-12.5284,-48.4910,-49.6395,-0.24700000,-0.25285018,-0.01266667,13.0880,9.5979,-4.1445,-62.1679,-5.6516,196.3197,15.0000,,13.0880,13.088,13.088,13.088,13.088,13.088,13.088,13.088,12.4336,1.0,1.0,1.0,11,5,1,2,0E-8,-0.31666667,,0E-8,0.000000,0.733333,0.000000,,2026-04-21,2026-04-21,1,11,11,1,1.000000,,,0.000000,,,,,,,,GLOBAL_BASELINE_NO_ENTITY_RANKING,,,NOT_APPLICABLE_GLOBAL_BASELINE,HF9g-P5,,,,X 全窗基线 · 不参与实体赏罚,3922613,393,A168_HF9F_20260827_0900,2026-08-27 09:00:00
2026-04-21,148988825,994,0,13.0879773840,-13.0879773840,-13.0879773840,0E-7,1,1,0.50665070000000000,0.506650700000,-1.013391052207602,-1.013391052207602,-1.013391052207602,0E-17,ELIGIBLE,R03b_20260811_FULL_v1,L1_ELIGIBILITY,v2026-08-11,2026-03-21..2026-08-06,baccarat_bet02_101_all_pairs_incl_sentinel,round_win = game_pnl > 0 (decisive only),COMPATIBILITY_ONLY_NOT_PRODUCTION,196.3197,143.9678,-62.1679,15,15,0.31666667,,0.31666667,0.31666667,62.1679,196.3197,THIN_EXPOSURE,0.0000,-2.4867,4.0000,96.0000,AG03-UNRESOLVED,ALL5_LEVELS_bet23_to_bet27,-2.4867,-2.4867,-2.4867,-3.1084,-3.1084,4.000000,4.000000,4.000000,5.000000,5.000000,96.000000,96.000000,96.000000,95.000000,95.000000,5.0,-13.6769,-12.5284,-48.4910,-49.6395,PENDING_AG03,FALSE,NOT_FOR_ENFORCEMENT,-59.6812,138.2090,-62.1679,-59.6812,-2.4867,-0.31666667,-0.30400000,-2.4867,-59.6812,-0.30400000,-2.4867,-2.4867,-2.4867,-3.1084,-3.1084,-59.6812,-0.30400000,-13.6769,-12.5284,-48.4910,-49.6395,-0.24700000,-0.25285018,-0.01266667,13.0880,9.5979,-4.1445,-62.1679,-5.6516,196.3197,15.0000,,13.0880,13.088,13.088,13.088,13.088,13.088,13.088,13.088,12.4336,1.0,1.0,1.0,11,5,1,2,0E-8,-0.31666667,,0E-8,0.000000,0.733333,0.000000,,2026-04-21,2026-04-21,1,11,11,1,1.000000,,,0.000000,,,,,,,,GLOBAL_BASELINE_NO_ENTITY_RANKING,,,NOT_APPLICABLE_GLOBAL_BASELINE,HF9g-P5,,,,X 全窗基线 · 不参与实体赏罚,3922614,393,A168_HF9F_20260827_0900,2026-08-27 09:00:00
2026-04-24,131975408,550,0,196.3196607597,62.1678925739,62.1678925739,0.7500000,6,6,0.50218230000000000,0.502182300000,0.9912802418570135,0.9912802418570135,0.9912802418570135,0E-17,ELIGIBLE,R03b_20260811_FULL_v1,L1_ELIGIBILITY,v2026-08-11,2026-03-21..2026-08-06,baccarat_bet02_101_all_pairs_incl_sentinel,round_win = game_pnl > 0 (decisive only),COMPATIBILITY_ONLY_NOT_PRODUCTION,196.3197,91.6158,-62.1679,6,6,0.31666667,,0.31666667,0.31666667,62.1679,196.3197,THIN_EXPOSURE,0.0000,-2.4867,4.0000,96.0000,AG03-UNRESOLVED,ALL5_LEVELS_bet23_to_bet27,-2.4867,-2.4867,-2.4867,-2.4867,-2.4867,4.000000,4.000000,4.000000,4.000000,4.000000,96.000000,96.000000,96.000000,96.000000,96.000000,5.0,-12.4336,-11.4779,-49.7343,-50.69,PENDING_AG03,FALSE,NOT_FOR_ENFORCEMENT,-59.6812,87.9512,-62.1679,-59.6812,-2.4867,-0.31666667,-0.30400000,-2.4867,-59.6812,-0.30400000,-2.4867,-2.4867,-2.4867,-2.4867,-2.4867,-59.6812,-0.30400000,-12.4336,-11.4779,-49.7343,-50.69,-0.25333333,-0.25820135,-0.01266667,32.7199,15.2693,-10.3613,-62.1679,-62.1679,196.3197,6.0000,,32.7199,13.088,32.7199,52.3519,52.3519,52.3519,52.3519,13.088,6.2168,1.6,1.6,1.0,1,1,1,2,0E-8,-0.31666667,,0E-8,0.000000,0.466667,0.000000,,2026-04-24,2026-04-24,1,1,1,1,1.000000,,,0.000000,,,,,,,,GLOBAL_BASELINE_NO_ENTITY_RANKING,,,NOT_APPLICABLE_GLOBAL_BASELINE,HF9g-P5,,,,X 全窗基线 · 不参与实体赏罚,3922615,393,A168_HF9F_20260827_0900,2026-08-27 09:00:00
2026-04-23,149058179,1318,0,26.1759547680,0E-10,0E-10,,1,1,0.50665070000000000,0.506650700000,,,,0E-17,NO_DECISIVE_ROUND,R03b_20260811_FULL_v1,L1_ELIGIBILITY,v2026-08-11,2026-03-21..2026-08-06,baccarat_bet02_101_all_pairs_incl_sentinel,round_win = game_pnl > 0 (decisive only),COMPATIBILITY_ONLY_NOT_PRODUCTION,222.4956,170.1437,-62.1679,9,9,0.27941176,,0.27941176,0.27941176,62.1679,222.4956,THIN_EXPOSURE,0.0000,-2.4867,4.0000,96.0000,AG03-UNRESOLVED,ALL5_LEVELS_bet23_to_bet27,-2.4867,-2.4867,-2.4867,-3.1084,-3.1084,4.000000,4.000000,4.000000,5.000000,5.000000,96.000000,96.000000,96.000000,95.000000,95.000000,5.0,-13.6769,-12.5284,-48.4910,-49.6395,PENDING_AG03,FALSE,NOT_FOR_ENFORCEMENT,-59.6812,163.3380,-62.1679,-59.6812,-2.4867,-0.27941176,-0.26823529,-2.4867,-59.6812,-0.26823529,-2.4867,-2.4867,-2.4867,-3.1084,-3.1084,-59.6812,-0.26823529,-13.6769,-12.5284,-48.4910,-49.6395,-0.21794118,-0.2231031,-0.01117647,24.7217,18.9049,-6.9075,-62.1679,-62.1679,222.4956,9.0000,,24.7217,26.176,26.176,26.176,26.176,26.176,26.176,26.176,12.4336,1.0,1.0,0.944444,1,2,1,2,0E-8,-0.27941176,,0E-8,0.000000,0.764706,0.000000,,2026-04-23,2026-04-23,1,1,1,1,1.000000,,,0.000000,,,,,,,,GLOBAL_BASELINE_NO_ENTITY_RANKING,,,NOT_APPLICABLE_GLOBAL_BASELINE,HF9g-P5,,,,X 全窗基线 · 不参与实体赏罚,3922616,393,A168_HF9F_20260827_0900,2026-08-27 09:00:00
2026-04-23,149058179,2093,0,196.3196607600,62.1678925740,62.1678925740,0.7142857,8,8,0.50329940000000000,0.503299400000,1.1164589431750795,1.1164589431750798,1.1164589431750795,0E-17,ELIGIBLE,R03b_20260811_FULL_v1,L1_ELIGIBILITY,v2026-08-11,2026-03-21..2026-08-06,baccarat_bet02_101_all_pairs_incl_sentinel,round_win = game_pnl > 0 (decisive only),COMPATIBILITY_ONLY_NOT_PRODUCTION,222.4956,170.1437,-62.1679,9,9,0.27941176,,0.27941176,0.27941176,62.1679,222.4956,THIN_EXPOSURE,0.0000,-2.4867,4.0000,96.0000,AG03-UNRESOLVED,ALL5_LEVELS_bet23_to_bet27,-2.4867,-2.4867,-2.4867,-3.1084,-3.1084,4.000000,4.000000,4.000000,5.000000,5.000000,96.000000,96.000000,96.000000,95.000000,95.000000,5.0,-13.6769,-12.5284,-48.4910,-49.6395,PENDING_AG03,FALSE,NOT_FOR_ENFORCEMENT,-59.6812,163.3380,-62.1679,-59.6812,-2.4867,-0.27941176,-0.26823529,-2.4867,-59.6812,-0.26823529,-2.4867,-2.4867,-2.4867,-3.1084,-3.1084,-59.6812,-0.26823529,-13.6769,-12.5284,-48.4910,-49.6395,-0.21794118,-0.2231031,-0.01117647,24.7217,18.9049,-6.9075,-62.1679,-62.1679,222.4956,9.0000,,24.7217,26.176,26.176,26.176,26.176,26.176,26.176,26.176,12.4336,1.0,1.0,0.944444,1,2,1,2,0E-8,-0.27941176,,0E-8,0.000000,0.764706,0.000000,,2026-04-23,2026-04-23,1,1,1,1,1.000000,,,0.000000,,,,,,,,GLOBAL_BASELINE_NO_ENTITY_RANKING,,,NOT_APPLICABLE_GLOBAL_BASELINE,HF9g-P5,,,,X 全窗基线 · 不参与实体赏罚,3922617,393,A168_HF9F_20260827_0900,2026-08-27 09:00:00
2026-04-14,148677466,2141,0,274.8475250635,62.1678925739,62.1678925739,0.5000000,4,4,0.49994810000000000,0.499948100000,0.00020760000111838688,0.00020760000111838688,0.00020760000111838688,0E-17,ELIGIBLE,R03b_20260811_FULL_v1,L1_ELIGIBILITY,v2026-08-11,2026-03-21..2026-08-06,baccarat_bet02_101_all_pairs_incl_sentinel,round_win = game_pnl > 0 (decisive only),COMPATIBILITY_ONLY_NOT_PRODUCTION,274.8475,274.8475,-62.1679,4,4,0.22619048,,0.22619048,0.22619048,62.1679,274.8475,THIN_EXPOSURE,0.0000,-2.4867,4.0000,96.0000,AG03-UNRESOLVED,ALL5_LEVELS_bet23_to_bet27,-2.4867,-2.4867,-3.1084,-3.1084,-3.1084,4.000000,4.000000,5.000000,5.000000,5.000000,96.000000,96.000000,95.000000,95.000000,95.000000,5.0,-14.2986,-13.0455,-47.8693,-49.1224,PENDING_AG03,FALSE,NOT_FOR_ENFORCEMENT,-59.6812,263.8536,-62.1679,-59.6812,-2.4867,-0.22619048,-0.21714286,-2.4867,-59.6812,-0.21714286,-2.4867,-2.4867,-3.1084,-3.1084,-3.1084,-59.6812,-0.21714286,-14.2986,-13.0455,-47.8693,-49.1224,-0.17416667,-0.17872594,-0.00904762,68.7119,68.7119,-15.5420,-62.1679,-62.1679,274.8475,4.0000,,68.7119,52.3519,58.8959,85.0719,104.7038,104.7038,104.7038,58.8959,4.908,1.777778,1.777778,1.166667,1,1,1,2,0E-8,-0.22619048,,0E-8,0.000000,1.000000,0.000000,,2026-04-14,2026-04-14,1,1,1,1,1.000000,,,0.000000,,,,,,,,GLOBAL_BASELINE_NO_ENTITY_RANKING,,,NOT_APPLICABLE_GLOBAL_BASELINE,HF9g-P5,,,,X 全窗基线 · 不参与实体赏罚,3922618,393,A168_HF9F_20260827_0900,2026-08-27 09:00:00
2026-04-24,149099698,1318,0,138.7325602704,-55.7547836558,-55.7547836558,0E-7,31,8,0.25460171599702381,0.172886134375,-1.546270565843582,-1.2096130156459362,-1.546270565843582,0.08171558162202381,ELIGIBLE,R03b_20260811_FULL_v1,L1_ELIGIBILITY,v2026-08-11,2026-03-21..2026-08-06,baccarat_bet02_101_all_pairs_incl_sentinel,round_win = game_pnl > 0 (decisive only),COMPATIBILITY_ONLY_NOT_PRODUCTION,324.5818,324.5818,-62.1679,64,24,0.19153226,,0.19153226,0.19153226,62.1679,324.5818,OK,0.0000,-2.4867,4.0000,96.0000,AG03-UNRESOLVED,ALL5_LEVELS_bet23_to_bet27,-2.4867,-2.4867,-3.1084,-3.1084,-3.1084,4.000000,4.000000,5.000000,5.000000,5.000000,96.000000,96.000000,95.000000,95.000000,95.000000,5.0,-14.2986,-13.0455,-47.8693,-49.1224,PENDING_AG03,FALSE,NOT_FOR_ENFORCEMENT,-59.6812,311.5986,-62.1679,-59.6812,-2.4867,-0.19153226,-0.18387097,-2.4867,-59.6812,-0.18387097,-2.4867,-2.4867,-3.1084,-3.1084,-3.1084,-59.6812,-0.18387097,-14.2986,-13.0455,-47.8693,-49.1224,-0.14747984,-0.15134052,-0.00766129,5.0716,13.5242,-2.5903,-62.1679,-62.1679,324.5818,24.0000,,5.0716,2.6176,2.6176,6.544,10.4704,12.0409,20.2078,2.6176,-2.6176,4.599999,7.720001,1.9375,1,2,1,7,0E-8,-0.19153226,,0E-8,0.000000,1.000000,0.000000,,2026-04-24,2026-04-24,1,1,1,1,1.000000,,,0.000000,,,,,,,,GLOBAL_BASELINE_NO_ENTITY_RANKING,,,NOT_APPLICABLE_GLOBAL_BASELINE,HF9g-P5,,,,X 全窗基线 · 不参与实体赏罚,3922619,393,A168_HF9F_20260827_0900,2026-08-27 09:00:00
2026-04-24,149099698,2141,0,185.8492788528,117.9226762293,117.9226762293,0.6250000,33,16,0.40582447598958333,0.364586984063,1.7853589609693807,2.1641833186807657,1.7853589609693807,0.04123749192658333,ELIGIBLE,R03b_20260811_FULL_v1,L1_ELIGIBILITY,v2026-08-11,2026-03-21..2026-08-06,baccarat_bet02_101_all_pairs_incl_sentinel,round_win = game_pnl > 0 (decisive only),COMPATIBILITY_ONLY_NOT_PRODUCTION,324.5818,324.5818,-62.1679,64,24,0.19153226,,0.19153226,0.19153226,62.1679,324.5818,OK,0.0000,-2.4867,4.0000,96.0000,AG03-UNRESOLVED,ALL5_LEVELS_bet23_to_bet27,-2.4867,-2.4867,-3.1084,-3.1084,-3.1084,4.000000,4.000000,5.000000,5.000000,5.000000,96.000000,96.000000,95.000000,95.000000,95.000000,5.0,-14.2986,-13.0455,-47.8693,-49.1224,PENDING_AG03,FALSE,NOT_FOR_ENFORCEMENT,-59.6812,311.5986,-62.1679,-59.6812,-2.4867,-0.19153226,-0.18387097,-2.4867,-59.6812,-0.18387097,-2.4867,-2.4867,-3.1084,-3.1084,-3.1084,-59.6812,-0.18387097,-14.2986,-13.0455,-47.8693,-49.1224,-0.14747984,-0.15134052,-0.00766129,5.0716,13.5242,-2.5903,-62.1679,-62.1679,324.5818,24.0000,,5.0716,2.6176,2.6176,6.544,10.4704,12.0409,20.2078,2.6176,-2.6176,4.599999,7.720001,1.9375,1,2,1,7,0E-8,-0.19153226,,0E-8,0.000000,1.000000,0.000000,,2026-04-24,2026-04-24,1,1,1,1,1.000000,,,0.000000,,,,,,,,GLOBAL_BASELINE_NO_ENTITY_RANKING,,,NOT_APPLICABLE_GLOBAL_BASELINE,HF9g-P5,,,,X 全窗基线 · 不参与实体赏罚,3922620,393,A168_HF9F_20260827_0900,2026-08-27 09:00:00
2026-04-01,136587799,1382,0,117.7917964560,-27.4847525064,-27.4847525064,0.3750000,9,9,0.49920336666666667,0.499203366667,-0.7026012343063094,-0.7026012343081942,-0.7026012343063094,-3.3333E-13,ELIGIBLE,R03b_20260811_FULL_v1,L1_ELIGIBILITY,v2026-08-11,2026-03-21..2026-08-06,baccarat_bet02_101_all_pairs_incl_sentinel,round_win = game_pnl > 0 (decisive only),COMPATIBILITY_ONLY_NOT_PRODUCTION,327.1994,274.8475,-62.1679,25,25,0.19000000,,0.19000000,0.19000000,62.1679,327.1994,THIN_EXPOSURE,0.0000,-2.4867,4.0000,96.0000,AG03-UNRESOLVED,ALL5_LEVELS_bet23_to_bet27,-2.4867,-2.4867,-2.4867,-2.4867,-2.4867,4.000000,4.000000,4.000000,4.000000,4.000000,96.000000,96.000000,96.000000,96.000000,96.000000,5.0,-12.4336,-11.4779,-49.7343,-50.69,PENDING_AG03,FALSE,NOT_FOR_ENFORCEMENT,-59.6812,263.8536,-62.1679,-59.6812,-2.4867,-0.19000000,-0.18240000,-2.4867,-59.6812,-0.18240000,-2.4867,-2.4867,-2.4867,-2.4867,-2.4867,-59.6812,-0.18240000,-12.4336,-11.4779,-49.7343,-50.69,-0.15200000,-0.15492081,-0.00760000,13.0880,10.9939,-2.4867,-62.1679,-20.7226,327.1994,25.0000,,13.0880,13.088,13.088,13.088,13.088,13.088,13.088,13.088,12.4336,1.0,1.0,1.0,3,4,1,2,0E-8,-0.19000000,,0E-8,0.000000,0.840000,0.000000,,2026-04-01,2026-04-01,1,3,3,1,1.000000,,,0.000000,,,,,,,,GLOBAL_BASELINE_NO_ENTITY_RANKING,,,NOT_APPLICABLE_GLOBAL_BASELINE,HF9g-P5,,,,X 全窗基线 · 不参与实体赏罚,3922621,393,A168_HF9F_20260827_0900,2026-08-27 09:00:00
2026-04-01,136587799,1402,0,39.2639321520,13.0879773840,13.0879773840,0.6666667,3,3,0.49324550000000000,0.493245500000,0.6008033672792107,0.6008033672792106,0.6008033672792107,0E-17,ELIGIBLE,R03b_20260811_FULL_v1,L1_ELIGIBILITY,v2026-08-11,2026-03-21..2026-08-06,baccarat_bet02_101_all_pairs_incl_sentinel,round_win = game_pnl > 0 (decisive only),COMPATIBILITY_ONLY_NOT_PRODUCTION,327.1994,274.8475,-62.1679,25,25,0.19000000,,0.19000000,0.19000000,62.1679,327.1994,THIN_EXPOSURE,0.0000,-2.4867,4.0000,96.0000,AG03-UNRESOLVED,ALL5_LEVELS_bet23_to_bet27,-2.4867,-2.4867,-2.4867,-2.4867,-2.4867,4.000000,4.000000,4.000000,4.000000,4.000000,96.000000,96.000000,96.000000,96.000000,96.000000,5.0,-12.4336,-11.4779,-49.7343,-50.69,PENDING_AG03,FALSE,NOT_FOR_ENFORCEMENT,-59.6812,263.8536,-62.1679,-59.6812,-2.4867,-0.19000000,-0.18240000,-2.4867,-59.6812,-0.18240000,-2.4867,-2.4867,-2.4867,-2.4867,-2.4867,-59.6812,-0.18240000,-12.4336,-11.4779,-49.7343,-50.69,-0.15200000,-0.15492081,-0.00760000,13.0880,10.9939,-2.4867,-62.1679,-20.7226,327.1994,25.0000,,13.0880,13.088,13.088,13.088,13.088,13.088,13.088,13.088,12.4336,1.0,1.0,1.0,3,4,1,2,0E-8,-0.19000000,,0E-8,0.000000,0.840000,0.000000,,2026-04-01,2026-04-01,1,3,3,1,1.000000,,,0.000000,,,,,,,,GLOBAL_BASELINE_NO_ENTITY_RANKING,,,NOT_APPLICABLE_GLOBAL_BASELINE,HF9g-P5,,,,X 全窗基线 · 不参与实体赏罚,3922622,393,A168_HF9F_20260827_0900,2026-08-27 09:00:00
2026-04-01,136587799,1990,0,52.3519095360,24.8671570296,24.8671570296,0.7500000,4,4,0.50329940000000000,0.503299400000,0.9868238854431842,0.9868238854431842,0.9868238854431842,0E-17,ELIGIBLE,R03b_20260811_FULL_v1,L1_ELIGIBILITY,v2026-08-11,2026-03-21..2026-08-06,baccarat_bet02_101_all_pairs_incl_sentinel,round_win = game_pnl > 0 (decisive only),COMPATIBILITY_ONLY_NOT_PRODUCTION,327.1994,274.8475,-62.1679,25,25,0.19000000,,0.19000000,0.19000000,62.1679,327.1994,THIN_EXPOSURE,0.0000,-2.4867,4.0000,96.0000,AG03-UNRESOLVED,ALL5_LEVELS_bet23_to_bet27,-2.4867,-2.4867,-2.4867,-2.4867,-2.4867,4.000000,4.000000,4.000000,4.000000,4.000000,96.000000,96.000000,96.000000,96.000000,96.000000,5.0,-12.4336,-11.4779,-49.7343,-50.69,PENDING_AG03,FALSE,NOT_FOR_ENFORCEMENT,-59.6812,263.8536,-62.1679,-59.6812,-2.4867,-0.19000000,-0.18240000,-2.4867,-59.6812,-0.18240000,-2.4867,-2.4867,-2.4867,-2.4867,-2.4867,-59.6812,-0.18240000,-12.4336,-11.4779,-49.7343,-50.69,-0.15200000,-0.15492081,-0.00760000,13.0880,10.9939,-2.4867,-62.1679,-20.7226,327.1994,25.0000,,13.0880,13.088,13.088,13.088,13.088,13.088,13.088,13.088,12.4336,1.0,1.0,1.0,3,4,1,2,0E-8,-0.19000000,,0E-8,0.000000,0.840000,0.000000,,2026-04-01,2026-04-01,1,3,3,1,1.000000,,,0.000000,,,,,,,,GLOBAL_BASELINE_NO_ENTITY_RANKING,,,NOT_APPLICABLE_GLOBAL_BASELINE,HF9g-P5,,,,X 全窗基线 · 不参与实体赏罚,3922623,393,A168_HF9F_20260827_0900,2026-08-27 09:00:00
2026-04-01,136587799,2088,0,117.7917964560,51.6975106668,51.6975106668,0.8333333,9,9,0.49622443333333333,0.496224433333,1.6515366711653097,1.6515366711669512,1.6515366711653097,3.3333E-13,ELIGIBLE,R03b_20260811_FULL_v1,L1_ELIGIBILITY,v2026-08-11,2026-03-21..2026-08-06,baccarat_bet02_101_all_pairs_incl_sentinel,round_win = game_pnl > 0 (decisive only),COMPATIBILITY_ONLY_NOT_PRODUCTION,327.1994,274.8475,-62.1679,25,25,0.19000000,,0.19000000,0.19000000,62.1679,327.1994,THIN_EXPOSURE,0.0000,-2.4867,4.0000,96.0000,AG03-UNRESOLVED,ALL5_LEVELS_bet23_to_bet27,-2.4867,-2.4867,-2.4867,-2.4867,-2.4867,4.000000,4.000000,4.000000,4.000000,4.000000,96.000000,96.000000,96.000000,96.000000,96.000000,5.0,-12.4336,-11.4779,-49.7343,-50.69,PENDING_AG03,FALSE,NOT_FOR_ENFORCEMENT,-59.6812,263.8536,-62.1679,-59.6812,-2.4867,-0.19000000,-0.18240000,-2.4867,-59.6812,-0.18240000,-2.4867,-2.4867,-2.4867,-2.4867,-2.4867,-59.6812,-0.18240000,-12.4336,-11.4779,-49.7343,-50.69,-0.15200000,-0.15492081,-0.00760000,13.0880,10.9939,-2.4867,-62.1679,-20.7226,327.1994,25.0000,,13.0880,13.088,13.088,13.088,13.088,13.088,13.088,13.088,12.4336,1.0,1.0,1.0,3,4,1,2,0E-8,-0.19000000,,0E-8,0.000000,0.840000,0.000000,,2026-04-01,2026-04-01,1,3,3,1,1.000000,,,0.000000,,,,,,,,GLOBAL_BASELINE_NO_ENTITY_RANKING,,,NOT_APPLICABLE_GLOBAL_BASELINE,HF9g-P5,,,,X 全窗基线 · 不参与实体赏罚,3922624,393,A168_HF9F_20260827_0900,2026-08-27 09:00:00
2026-06-16,151573853,-1,1,5.1431069509,-5.1431069509,-5.1431069509,0E-7,1,1,0.49324550000000000,0.493245500000,-0.9865810262130424,-0.9865810262130424,-0.9865810262130424,0E-17,SENTINEL_DEALER,R03b_20260811_FULL_v1,L1_ELIGIBILITY,v2026-08-11,2026-03-21..2026-08-06,baccarat_bet02_101_all_pairs_incl_sentinel,round_win = game_pnl > 0 (decisive only),COMPATIBILITY_ONLY_NOT_PRODUCTION,831.8975,716.1776,-62.1673,52,51,0.07472952,,0.07472952,0.07472952,62.1673,831.8975,OK,0.0000,-2.4867,4.0000,96.0000,AG03-UNRESOLVED,ALL5_LEVELS_bet23_to_bet27,-2.4867,-2.4867,-2.4867,-3.1084,-3.1084,4.000000,4.000000,4.000000,5.000000,5.000000,96.000000,96.000000,96.000000,95.000000,95.000000,5.0,-13.6768,-12.5283,-48.4905,-49.639,PENDING_AG03,FALSE,NOT_FOR_ENFORCEMENT,-59.6806,687.5305,-62.1673,-59.6806,-2.4867,-0.07472952,-0.07174034,-2.4867,-59.6806,-0.07174034,-2.4867,-2.4867,-2.4867,-3.1084,-3.1084,-59.6806,-0.07174034,-13.6768,-12.5283,-48.4905,-49.639,-0.05828903,-0.0596696,-0.00298918,15.9980,14.0427,-1.2190,-62.1673,-5.6516,831.8975,51.0000,,15.9980,8.8719,12.8578,20.5724,30.01,38.5733,51.1739,12.8578,0.0,3.0,3.98,1.244231,9,13,2,3,0E-8,-0.07472952,,0E-8,0.000000,0.860896,0.000000,,2026-06-16,2026-06-16,1,11,9,1,1.000000,,,0.000000,,,,,,,,GLOBAL_BASELINE_NO_ENTITY_RANKING,,,NOT_APPLICABLE_GLOBAL_BASELINE,HF9g-P5,,,,X 全窗基线 · 不参与实体赏罚,3922625,393,A168_HF9F_20260827_0900,2026-08-27 09:00:00
2026-06-16,151573853,1004,0,68.4033224472,-25.6126726155,-25.6126726155,0.3333333,6,6,0.49771390000000000,0.497713900000,-0.8053054414300617,-0.8053054414300617,-0.8053054414300617,0E-17,ELIGIBLE,R03b_20260811_FULL_v1,L1_ELIGIBILITY,v2026-08-11,2026-03-21..2026-08-06,baccarat_bet02_101_all_pairs_incl_sentinel,round_win = game_pnl > 0 (decisive only),COMPATIBILITY_ONLY_NOT_PRODUCTION,831.8975,716.1776,-62.1673,52,51,0.07472952,,0.07472952,0.07472952,62.1673,831.8975,OK,0.0000,-2.4867,4.0000,96.0000,AG03-UNRESOLVED,ALL5_LEVELS_bet23_to_bet27,-2.4867,-2.4867,-2.4867,-3.1084,-3.1084,4.000000,4.000000,4.000000,5.000000,5.000000,96.000000,96.000000,96.000000,95.000000,95.000000,5.0,-13.6768,-12.5283,-48.4905,-49.639,PENDING_AG03,FALSE,NOT_FOR_ENFORCEMENT,-59.6806,687.5305,-62.1673,-59.6806,-2.4867,-0.07472952,-0.07174034,-2.4867,-59.6806,-0.07174034,-2.4867,-2.4867,-2.4867,-3.1084,-3.1084,-59.6806,-0.07174034,-13.6768,-12.5283,-48.4905,-49.639,-0.05828903,-0.0596696,-0.00298918,15.9980,14.0427,-1.2190,-62.1673,-5.6516,831.8975,51.0000,,15.9980,8.8719,12.8578,20.5724,30.01,38.5733,51.1739,12.8578,0.0,3.0,3.98,1.244231,9,13,2,3,0E-8,-0.07472952,,0E-8,0.000000,0.860896,0.000000,,2026-06-16,2026-06-16,1,11,9,1,1.000000,,,0.000000,,,,,,,,GLOBAL_BASELINE_NO_ENTITY_RANKING,,,NOT_APPLICABLE_GLOBAL_BASELINE,HF9g-P5,,,,X 全窗基线 · 不参与实体赏罚,3922626,393,A168_HF9F_20260827_0900,2026-08-27 09:00:00
2026-06-16,151573853,1323,0,10.8005245969,10.2604983671,10.2604983671,1.0000000,1,1,0.50665070000000000,0.506650700000,0.9867858985152569,0.9867858985152569,0.9867858985152569,0E-17,ELIGIBLE,R03b_20260811_FULL_v1,L1_ELIGIBILITY,v2026-08-11,2026-03-21..2026-08-06,baccarat_bet02_101_all_pairs_incl_sentinel,round_win = game_pnl > 0 (decisive only),COMPATIBILITY_ONLY_NOT_PRODUCTION,831.8975,716.1776,-62.1673,52,51,0.07472952,,0.07472952,0.07472952,62.1673,831.8975,OK,0.0000,-2.4867,4.0000,96.0000,AG03-UNRESOLVED,ALL5_LEVELS_bet23_to_bet27,-2.4867,-2.4867,-2.4867,-3.1084,-3.1084,4.000000,4.000000,4.000000,5.000000,5.000000,96.000000,96.000000,96.000000,95.000000,95.000000,5.0,-13.6768,-12.5283,-48.4905,-49.639,PENDING_AG03,FALSE,NOT_FOR_ENFORCEMENT,-59.6806,687.5305,-62.1673,-59.6806,-2.4867,-0.07472952,-0.07174034,-2.4867,-59.6806,-0.07174034,-2.4867,-2.4867,-2.4867,-3.1084,-3.1084,-59.6806,-0.07174034,-13.6768,-12.5283,-48.4905,-49.639,-0.05828903,-0.0596696,-0.00298918,15.9980,14.0427,-1.2190,-62.1673,-5.6516,831.8975,51.0000,,15.9980,8.8719,12.8578,20.5724,30.01,38.5733,51.1739,12.8578,0.0,3.0,3.98,1.244231,9,13,2,3,0E-8,-0.07472952,,0E-8,0.000000,0.860896,0.000000,,2026-06-16,2026-06-16,1,11,9,1,1.000000,,,0.000000,,,,,,,,GLOBAL_BASELINE_NO_ENTITY_RANKING,,,NOT_APPLICABLE_GLOBAL_BASELINE,HF9g-P5,,,,X 全窗基线 · 不参与实体赏罚,3922627,393,A168_HF9F_20260827_0900,2026-08-27 09:00:00
2026-06-16,151573853,1363,0,33.1730398334,4.9373826729,4.9373826729,0.6000000,5,5,0.50396966000000000,0.503969660000,0.4294742719815242,0.4294742719815242,0.4294742719815242,0E-17,ELIGIBLE,R03b_20260811_FULL_v1,L1_ELIGIBILITY,v2026-08-11,2026-03-21..2026-08-06,baccarat_bet02_101_all_pairs_incl_sentinel,round_win = game_pnl > 0 (decisive only),COMPATIBILITY_ONLY_NOT_PRODUCTION,831.8975,716.1776,-62.1673,52,51,0.07472952,,0.07472952,0.07472952,62.1673,831.8975,OK,0.0000,-2.4867,4.0000,96.0000,AG03-UNRESOLVED,ALL5_LEVELS_bet23_to_bet27,-2.4867,-2.4867,-2.4867,-3.1084,-3.1084,4.000000,4.000000,4.000000,5.000000,5.000000,96.000000,96.000000,96.000000,95.000000,95.000000,5.0,-13.6768,-12.5283,-48.4905,-49.639,PENDING_AG03,FALSE,NOT_FOR_ENFORCEMENT,-59.6806,687.5305,-62.1673,-59.6806,-2.4867,-0.07472952,-0.07174034,-2.4867,-59.6806,-0.07174034,-2.4867,-2.4867,-2.4867,-3.1084,-3.1084,-59.6806,-0.07174034,-13.6768,-12.5283,-48.4905,-49.639,-0.05828903,-0.0596696,-0.00298918,15.9980,14.0427,-1.2190,-62.1673,-5.6516,831.8975,51.0000,,15.9980,8.8719,12.8578,20.5724,30.01,38.5733,51.1739,12.8578,0.0,3.0,3.98,1.244231,9,13,2,3,0E-8,-0.07472952,,0E-8,0.000000,0.860896,0.000000,,2026-06-16,2026-06-16,1,11,9,1,1.000000,,,0.000000,,,,,,,,GLOBAL_BASELINE_NO_ENTITY_RANKING,,,NOT_APPLICABLE_GLOBAL_BASELINE,HF9g-P5,,,,X 全窗基线 · 不参与实体赏罚,3922628,393,A168_HF9F_20260827_0900,2026-08-27 09:00:00
2026-06-16,151573853,1396,0,64.2888368863,10.9291022707,10.9291022707,0.5000000,2,2,0.50665070000000000,0.506650700000,-0.018812684590367487,-0.018812684590367487,-0.018812684590367487,0E-17,ELIGIBLE,R03b_20260811_FULL_v1,L1_ELIGIBILITY,v2026-08-11,2026-03-21..2026-08-06,baccarat_bet02_101_all_pairs_incl_sentinel,round_win = game_pnl > 0 (decisive only),COMPATIBILITY_ONLY_NOT_PRODUCTION,831.8975,716.1776,-62.1673,52,51,0.07472952,,0.07472952,0.07472952,62.1673,831.8975,OK,0.0000,-2.4867,4.0000,96.0000,AG03-UNRESOLVED,ALL5_LEVELS_bet23_to_bet27,-2.4867,-2.4867,-2.4867,-3.1084,-3.1084,4.000000,4.000000,4.000000,5.000000,5.000000,96.000000,96.000000,96.000000,95.000000,95.000000,5.0,-13.6768,-12.5283,-48.4905,-49.639,PENDING_AG03,FALSE,NOT_FOR_ENFORCEMENT,-59.6806,687.5305,-62.1673,-59.6806,-2.4867,-0.07472952,-0.07174034,-2.4867,-59.6806,-0.07174034,-2.4867,-2.4867,-2.4867,-3.1084,-3.1084,-59.6806,-0.07174034,-13.6768,-12.5283,-48.4905,-49.639,-0.05828903,-0.0596696,-0.00298918,15.9980,14.0427,-1.2190,-62.1673,-5.6516,831.8975,51.0000,,15.9980,8.8719,12.8578,20.5724,30.01,38.5733,51.1739,12.8578,0.0,3.0,3.98,1.244231,9,13,2,3,0E-8,-0.07472952,,0E-8,0.000000,0.860896,0.000000,,2026-06-16,2026-06-16,1,11,9,1,1.000000,,,0.000000,,,,,,,,GLOBAL_BASELINE_NO_ENTITY_RANKING,,,NOT_APPLICABLE_GLOBAL_BASELINE,HF9g-P5,,,,X 全窗基线 · 不参与实体赏罚,3922629,393,A168_HF9F_20260827_0900,2026-08-27 09:00:00
2026-06-16,151573853,1710,0,77.1466042636,11.5719906395,11.5719906395,0.5000000,4,4,0.50665070000000000,0.506650700000,-0.018812684590367487,-0.018812684590367487,-0.018812684590367487,0E-17,ELIGIBLE,R03b_20260811_FULL_v1,L1_ELIGIBILITY,v2026-08-11,2026-03-21..2026-08-06,baccarat_bet02_101_all_pairs_incl_sentinel,round_win = game_pnl > 0 (decisive only),COMPATIBILITY_ONLY_NOT_PRODUCTION,831.8975,716.1776,-62.1673,52,51,0.07472952,,0.07472952,0.07472952,62.1673,831.8975,OK,0.0000,-2.4867,4.0000,96.0000,AG03-UNRESOLVED,ALL5_LEVELS_bet23_to_bet27,-2.4867,-2.4867,-2.4867,-3.1084,-3.1084,4.000000,4.000000,4.000000,5.000000,5.000000,96.000000,96.000000,96.000000,95.000000,95.000000,5.0,-13.6768,-12.5283,-48.4905,-49.639,PENDING_AG03,FALSE,NOT_FOR_ENFORCEMENT,-59.6806,687.5305,-62.1673,-59.6806,-2.4867,-0.07472952,-0.07174034,-2.4867,-59.6806,-0.07174034,-2.4867,-2.4867,-2.4867,-3.1084,-3.1084,-59.6806,-0.07174034,-13.6768,-12.5283,-48.4905,-49.639,-0.05828903,-0.0596696,-0.00298918,15.9980,14.0427,-1.2190,-62.1673,-5.6516,831.8975,51.0000,,15.9980,8.8719,12.8578,20.5724,30.01,38.5733,51.1739,12.8578,0.0,3.0,3.98,1.244231,9,13,2,3,0E-8,-0.07472952,,0E-8,0.000000,0.860896,0.000000,,2026-06-16,2026-06-16,1,11,9,1,1.000000,,,0.000000,,,,,,,,GLOBAL_BASELINE_NO_ENTITY_RANKING,,,NOT_APPLICABLE_GLOBAL_BASELINE,HF9g-P5,,,,X 全窗基线 · 不参与实体赏罚,3922630,393,A168_HF9F_20260827_0900,2026-08-27 09:00:00
2026-06-16,151573853,1941,0,214.2104045053,-78.6895363488,-78.6895363488,0.2857143,17,16,0.49459345089279583,0.485395953125,-1.5631999324236983,-1.494918574840895,-1.5631999324236983,0.00919749776779583,ELIGIBLE,R03b_20260811_FULL_v1,L1_ELIGIBILITY,v2026-08-11,2026-03-21..2026-08-06,baccarat_bet02_101_all_pairs_incl_sentinel,round_win = game_pnl > 0 (decisive only),COMPATIBILITY_ONLY_NOT_PRODUCTION,831.8975,716.1776,-62.1673,52,51,0.07472952,,0.07472952,0.07472952,62.1673,831.8975,OK,0.0000,-2.4867,4.0000,96.0000,AG03-UNRESOLVED,ALL5_LEVELS_bet23_to_bet27,-2.4867,-2.4867,-2.4867,-3.1084,-3.1084,4.000000,4.000000,4.000000,5.000000,5.000000,96.000000,96.000000,96.000000,95.000000,95.000000,5.0,-13.6768,-12.5283,-48.4905,-49.639,PENDING_AG03,FALSE,NOT_FOR_ENFORCEMENT,-59.6806,687.5305,-62.1673,-59.6806,-2.4867,-0.07472952,-0.07174034,-2.4867,-59.6806,-0.07174034,-2.4867,-2.4867,-2.4867,-3.1084,-3.1084,-59.6806,-0.07174034,-13.6768,-12.5283,-48.4905,-49.639,-0.05828903,-0.0596696,-0.00298918,15.9980,14.0427,-1.2190,-62.1673,-5.6516,831.8975,51.0000,,15.9980,8.8719,12.8578,20.5724,30.01,38.5733,51.1739,12.8578,0.0,3.0,3.98,1.244231,9,13,2,3,0E-8,-0.07472952,,0E-8,0.000000,0.860896,0.000000,,2026-06-16,2026-06-16,1,11,9,1,1.000000,,,0.000000,,,,,,,,GLOBAL_BASELINE_NO_ENTITY_RANKING,,,NOT_APPLICABLE_GLOBAL_BASELINE,HF9g-P5,,,,X 全窗基线 · 不参与实体赏罚,3922631,393,A168_HF9F_20260827_0900,2026-08-27 09:00:00
2026-06-16,151573853,2115,0,198.0096176099,39.6019235220,39.6019235220,0.7142857,8,8,0.50162375000000000,0.501623750000,1.1253072755500886,1.1253072755500886,1.1253072755500886,0E-17,ELIGIBLE,R03b_20260811_FULL_v1,L1_ELIGIBILITY,v2026-08-11,2026-03-21..2026-08-06,baccarat_bet02_101_all_pairs_incl_sentinel,round_win = game_pnl > 0 (decisive only),COMPATIBILITY_ONLY_NOT_PRODUCTION,831.8975,716.1776,-62.1673,52,51,0.07472952,,0.07472952,0.07472952,62.1673,831.8975,OK,0.0000,-2.4867,4.0000,96.0000,AG03-UNRESOLVED,ALL5_LEVELS_bet23_to_bet27,-2.4867,-2.4867,-2.4867,-3.1084,-3.1084,4.000000,4.000000,4.000000,5.000000,5.000000,96.000000,96.000000,96.000000,95.000000,95.000000,5.0,-13.6768,-12.5283,-48.4905,-49.639,PENDING_AG03,FALSE,NOT_FOR_ENFORCEMENT,-59.6806,687.5305,-62.1673,-59.6806,-2.4867,-0.07472952,-0.07174034,-2.4867,-59.6806,-0.07174034,-2.4867,-2.4867,-2.4867,-3.1084,-3.1084,-59.6806,-0.07174034,-13.6768,-12.5283,-48.4905,-49.639,-0.05828903,-0.0596696,-0.00298918,15.9980,14.0427,-1.2190,-62.1673,-5.6516,831.8975,51.0000,,15.9980,8.8719,12.8578,20.5724,30.01,38.5733,51.1739,12.8578,0.0,3.0,3.98,1.244231,9,13,2,3,0E-8,-0.07472952,,0E-8,0.000000,0.860896,0.000000,,2026-06-16,2026-06-16,1,11,9,1,1.000000,,,0.000000,,,,,,,,GLOBAL_BASELINE_NO_ENTITY_RANKING,,,NOT_APPLICABLE_GLOBAL_BASELINE,HF9g-P5,,,,X 全窗基线 · 不参与实体赏罚,3922632,393,A168_HF9F_20260827_0900,2026-08-27 09:00:00
2026-06-16,151573853,2123,0,5.1431069509,-5.1431069509,-5.1431069509,0E-7,1,1,0.49324550000000000,0.493245500000,-0.9865810262130424,-0.9865810262130424,-0.9865810262130424,0E-17,ELIGIBLE,R03b_20260811_FULL_v1,L1_ELIGIBILITY,v2026-08-11,2026-03-21..2026-08-06,baccarat_bet02_101_all_pairs_incl_sentinel,round_win = game_pnl > 0 (decisive only),COMPATIBILITY_ONLY_NOT_PRODUCTION,831.8975,716.1776,-62.1673,52,51,0.07472952,,0.07472952,0.07472952,62.1673,831.8975,OK,0.0000,-2.4867,4.0000,96.0000,AG03-UNRESOLVED,ALL5_LEVELS_bet23_to_bet27,-2.4867,-2.4867,-2.4867,-3.1084,-3.1084,4.000000,4.000000,4.000000,5.000000,5.000000,96.000000,96.000000,96.000000,95.000000,95.000000,5.0,-13.6768,-12.5283,-48.4905,-49.639,PENDING_AG03,FALSE,NOT_FOR_ENFORCEMENT,-59.6806,687.5305,-62.1673,-59.6806,-2.4867,-0.07472952,-0.07174034,-2.4867,-59.6806,-0.07174034,-2.4867,-2.4867,-2.4867,-3.1084,-3.1084,-59.6806,-0.07174034,-13.6768,-12.5283,-48.4905,-49.639,-0.05828903,-0.0596696,-0.00298918,15.9980,14.0427,-1.2190,-62.1673,-5.6516,831.8975,51.0000,,15.9980,8.8719,12.8578,20.5724,30.01,38.5733,51.1739,12.8578,0.0,3.0,3.98,1.244231,9,13,2,3,0E-8,-0.07472952,,0E-8,0.000000,0.860896,0.000000,,2026-06-16,2026-06-16,1,11,9,1,1.000000,,,0.000000,,,,,,,,GLOBAL_BASELINE_NO_ENTITY_RANKING,,,NOT_APPLICABLE_GLOBAL_BASELINE,HF9g-P5,,,,X 全窗基线 · 不参与实体赏罚,3922633,393,A168_HF9F_20260827_0900,2026-08-27 09:00:00
2026-06-16,151573853,2147,0,90.0043716409,51.4310695091,51.4310695091,1.0000000,2,2,0.49994810000000000,0.499948100000,1.0001038053877793,1.0001038053877793,1.0001038053877793,0E-17,ELIGIBLE,R03b_20260811_FULL_v1,L1_ELIGIBILITY,v2026-08-11,2026-03-21..2026-08-06,baccarat_bet02_101_all_pairs_incl_sentinel,round_win = game_pnl > 0 (decisive only),COMPATIBILITY_ONLY_NOT_PRODUCTION,831.8975,716.1776,-62.1673,52,51,0.07472952,,0.07472952,0.07472952,62.1673,831.8975,OK,0.0000,-2.4867,4.0000,96.0000,AG03-UNRESOLVED,ALL5_LEVELS_bet23_to_bet27,-2.4867,-2.4867,-2.4867,-3.1084,-3.1084,4.000000,4.000000,4.000000,5.000000,5.000000,96.000000,96.000000,96.000000,95.000000,95.000000,5.0,-13.6768,-12.5283,-48.4905,-49.639,PENDING_AG03,FALSE,NOT_FOR_ENFORCEMENT,-59.6806,687.5305,-62.1673,-59.6806,-2.4867,-0.07472952,-0.07174034,-2.4867,-59.6806,-0.07174034,-2.4867,-2.4867,-2.4867,-3.1084,-3.1084,-59.6806,-0.07174034,-13.6768,-12.5283,-48.4905,-49.639,-0.05828903,-0.0596696,-0.00298918,15.9980,14.0427,-1.2190,-62.1673,-5.6516,831.8975,51.0000,,15.9980,8.8719,12.8578,20.5724,30.01,38.5733,51.1739,12.8578,0.0,3.0,3.98,1.244231,9,13,2,3,0E-8,-0.07472952,,0E-8,0.000000,0.860896,0.000000,,2026-06-16,2026-06-16,1,11,9,1,1.000000,,,0.000000,,,,,,,,GLOBAL_BASELINE_NO_ENTITY_RANKING,,,NOT_APPLICABLE_GLOBAL_BASELINE,HF9g-P5,,,,X 全窗基线 · 不参与实体赏罚,3922634,393,A168_HF9F_20260827_0900,2026-08-27 09:00:00
2026-06-16,151573853,2153,0,15.4293208527,15.4293208527,15.4293208527,1.0000000,1,1,0.49324550000000000,0.493245500000,1.01360149184955,1.01360149184955,1.01360149184955,0E-17,ELIGIBLE,R03b_20260811_FULL_v1,L1_ELIGIBILITY,v2026-08-11,2026-03-21..2026-08-06,baccarat_bet02_101_all_pairs_incl_sentinel,round_win = game_pnl > 0 (decisive only),COMPATIBILITY_ONLY_NOT_PRODUCTION,831.8975,716.1776,-62.1673,52,51,0.07472952,,0.07472952,0.07472952,62.1673,831.8975,OK,0.0000,-2.4867,4.0000,96.0000,AG03-UNRESOLVED,ALL5_LEVELS_bet23_to_bet27,-2.4867,-2.4867,-2.4867,-3.1084,-3.1084,4.000000,4.000000,4.000000,5.000000,5.000000,96.000000,96.000000,96.000000,95.000000,95.000000,5.0,-13.6768,-12.5283,-48.4905,-49.639,PENDING_AG03,FALSE,NOT_FOR_ENFORCEMENT,-59.6806,687.5305,-62.1673,-59.6806,-2.4867,-0.07472952,-0.07174034,-2.4867,-59.6806,-0.07174034,-2.4867,-2.4867,-2.4867,-3.1084,-3.1084,-59.6806,-0.07174034,-13.6768,-12.5283,-48.4905,-49.639,-0.05828903,-0.0596696,-0.00298918,15.9980,14.0427,-1.2190,-62.1673,-5.6516,831.8975,51.0000,,15.9980,8.8719,12.8578,20.5724,30.01,38.5733,51.1739,12.8578,0.0,3.0,3.98,1.244231,9,13,2,3,0E-8,-0.07472952,,0E-8,0.000000,0.860896,0.000000,,2026-06-16,2026-06-16,1,11,9,1,1.000000,,,0.000000,,,,,,,,GLOBAL_BASELINE_NO_ENTITY_RANKING,,,NOT_APPLICABLE_GLOBAL_BASELINE,HF9g-P5,,,,X 全窗基线 · 不参与实体赏罚,3922635,393,A168_HF9F_20260827_0900,2026-08-27 09:00:00
2026-06-16,151573853,2276,0,21.3438938463,5.2331113225,5.2331113225,0.5000000,2,2,0.49994810000000000,0.499948100000,0.00014679536856514622,0.00014679536856514622,0.00014679536856514622,0E-17,ELIGIBLE,R03b_20260811_FULL_v1,L1_ELIGIBILITY,v2026-08-11,2026-03-21..2026-08-06,baccarat_bet02_101_all_pairs_incl_sentinel,round_win = game_pnl > 0 (decisive only),COMPATIBILITY_ONLY_NOT_PRODUCTION,831.8975,716.1776,-62.1673,52,51,0.07472952,,0.07472952,0.07472952,62.1673,831.8975,OK,0.0000,-2.4867,4.0000,96.0000,AG03-UNRESOLVED,ALL5_LEVELS_bet23_to_bet27,-2.4867,-2.4867,-2.4867,-3.1084,-3.1084,4.000000,4.000000,4.000000,5.000000,5.000000,96.000000,96.000000,96.000000,95.000000,95.000000,5.0,-13.6768,-12.5283,-48.4905,-49.639,PENDING_AG03,FALSE,NOT_FOR_ENFORCEMENT,-59.6806,687.5305,-62.1673,-59.6806,-2.4867,-0.07472952,-0.07174034,-2.4867,-59.6806,-0.07174034,-2.4867,-2.4867,-2.4867,-3.1084,-3.1084,-59.6806,-0.07174034,-13.6768,-12.5283,-48.4905,-49.639,-0.05828903,-0.0596696,-0.00298918,15.9980,14.0427,-1.2190,-62.1673,-5.6516,831.8975,51.0000,,15.9980,8.8719,12.8578,20.5724,30.01,38.5733,51.1739,12.8578,0.0,3.0,3.98,1.244231,9,13,2,3,0E-8,-0.07472952,,0E-8,0.000000,0.860896,0.000000,,2026-06-16,2026-06-16,1,11,9,1,1.000000,,,0.000000,,,,,,,,GLOBAL_BASELINE_NO_ENTITY_RANKING,,,NOT_APPLICABLE_GLOBAL_BASELINE,HF9g-P5,,,,X 全窗基线 · 不参与实体赏罚,3922636,393,A168_HF9F_20260827_0900,2026-08-27 09:00:00
2026-06-16,151573853,986,0,28.8013989251,27.3613289788,27.3613289788,1.0000000,2,2,0.50665070000000000,0.506650700000,1.3955260008387969,1.3955260008387969,1.3955260008387969,0E-17,ELIGIBLE,R03b_20260811_FULL_v1,L1_ELIGIBILITY,v2026-08-11,2026-03-21..2026-08-06,baccarat_bet02_101_all_pairs_incl_sentinel,round_win = game_pnl > 0 (decisive only),COMPATIBILITY_ONLY_NOT_PRODUCTION,831.8975,716.1776,-62.1673,52,51,0.07472952,,0.07472952,0.07472952,62.1673,831.8975,OK,0.0000,-2.4867,4.0000,96.0000,AG03-UNRESOLVED,ALL5_LEVELS_bet23_to_bet27,-2.4867,-2.4867,-2.4867,-3.1084,-3.1084,4.000000,4.000000,4.000000,5.000000,5.000000,96.000000,96.000000,96.000000,95.000000,95.000000,5.0,-13.6768,-12.5283,-48.4905,-49.639,PENDING_AG03,FALSE,NOT_FOR_ENFORCEMENT,-59.6806,687.5305,-62.1673,-59.6806,-2.4867,-0.07472952,-0.07174034,-2.4867,-59.6806,-0.07174034,-2.4867,-2.4867,-2.4867,-3.1084,-3.1084,-59.6806,-0.07174034,-13.6768,-12.5283,-48.4905,-49.639,-0.05828903,-0.0596696,-0.00298918,15.9980,14.0427,-1.2190,-62.1673,-5.6516,831.8975,51.0000,,15.9980,8.8719,12.8578,20.5724,30.01,38.5733,51.1739,12.8578,0.0,3.0,3.98,1.244231,9,13,2,3,0E-8,-0.07472952,,0E-8,0.000000,0.860896,0.000000,,2026-06-16,2026-06-16,1,11,9,1,1.000000,,,0.000000,,,,,,,,GLOBAL_BASELINE_NO_ENTITY_RANKING,,,NOT_APPLICABLE_GLOBAL_BASELINE,HF9g-P5,,,,X 全窗基线 · 不参与实体赏罚,3922637,393,A168_HF9F_20260827_0900,2026-08-27 09:00:00
2026-05-16,95397069,1490,0,251.1545846090,36.2202272845,36.2202272845,0.5000000,2,2,0.50665070000000000,0.506650700000,-0.018812684590367487,-0.018812684590367487,-0.018812684590367487,0E-17,ELIGIBLE,R03b_20260811_FULL_v1,L1_ELIGIBILITY,v2026-08-11,2026-03-21..2026-08-06,baccarat_bet02_101_all_pairs_incl_sentinel,round_win = game_pnl > 0 (decisive only),COMPATIBILITY_ONLY_NOT_PRODUCTION,796.0147,796.0147,-62.1659,6,6,0.07809648,,0.07809648,0.07809648,62.1659,796.0147,THIN_EXPOSURE,0.0000,-2.4866,4.0000,96.0000,AG03-UNRESOLVED,ALL5_LEVELS_bet23_to_bet27,-2.4866,-2.4866,-2.4866,-3.1083,-3.1083,4.000000,4.000000,4.000000,5.000000,5.000000,96.000000,96.000000,96.000000,95.000000,95.000000,5.0,-13.6765,-12.528,-48.4894,-49.6379,PENDING_AG03,FALSE,NOT_FOR_ENFORCEMENT,-59.6793,764.1741,-62.1659,-59.6793,-2.4866,-0.07809648,-0.07497262,-2.4866,-59.6793,-0.07497262,-2.4866,-2.4866,-2.4866,-3.1083,-3.1083,-59.6793,-0.07497262,-13.6765,-12.528,-48.4894,-49.6379,-0.06091525,-0.06235803,-0.00312386,132.6691,132.6691,-10.3610,-31.0830,-20.7220,398.0074,3.0000,,132.6691,77.8372,125.5773,207.5658,207.5658,207.5658,207.5658,125.5773,12.9729,1.652892,1.652892,1.056474,3,3,3,2,0E-8,-0.07809648,,0E-8,0.000000,1.000000,0.000000,,2026-05-16,2026-05-18,2,3,3,3,0.666667,,,0.000000,,,,,,,,GLOBAL_BASELINE_NO_ENTITY_RANKING,,,NOT_APPLICABLE_GLOBAL_BASELINE,HF9g-P5,,,,X 全窗基线 · 不参与实体赏罚,3922638,393,A168_HF9F_20260827_0900,2026-08-27 09:00:00
2026-05-18,95397069,1221,0,285.4029370556,285.4029370556,285.4029370556,1.0000000,2,2,0.49324550000000000,0.493245500000,1.4334489766152358,1.4334489766152358,1.4334489766152358,0E-17,ELIGIBLE,R03b_20260811_FULL_v1,L1_ELIGIBILITY,v2026-08-11,2026-03-21..2026-08-06,baccarat_bet02_101_all_pairs_incl_sentinel,round_win = game_pnl > 0 (decisive only),COMPATIBILITY_ONLY_NOT_PRODUCTION,796.0147,796.0147,-62.1659,6,6,0.07809648,,0.07809648,0.07809648,62.1659,796.0147,THIN_EXPOSURE,0.0000,-2.4866,4.0000,96.0000,AG03-UNRESOLVED,ALL5_LEVELS_bet23_to_bet27,-2.4866,-2.4866,-2.4866,-3.1083,-3.1083,4.000000,4.000000,4.000000,5.000000,5.000000,96.000000,96.000000,96.000000,95.000000,95.000000,5.0,-13.6765,-12.528,-48.4894,-49.6379,PENDING_AG03,FALSE,NOT_FOR_ENFORCEMENT,-59.6793,764.1741,-62.1659,-59.6793,-2.4866,-0.07809648,-0.07497262,-2.4866,-59.6793,-0.07497262,-2.4866,-2.4866,-2.4866,-3.1083,-3.1083,-59.6793,-0.07497262,-13.6765,-12.528,-48.4894,-49.6379,-0.06091525,-0.06235803,-0.00312386,132.6691,132.6691,-10.3610,-31.0830,-20.7220,398.0074,3.0000,,132.6691,77.8372,125.5773,207.5658,207.5658,207.5658,207.5658,125.5773,12.9729,1.652892,1.652892,1.056474,3,3,3,2,0E-8,-0.07809648,,0E-8,0.000000,1.000000,0.000000,,2026-05-16,2026-05-18,2,3,3,3,0.666667,,,0.000000,,,,,,,,GLOBAL_BASELINE_NO_ENTITY_RANKING,,,NOT_APPLICABLE_GLOBAL_BASELINE,HF9g-P5,,,,X 全窗基线 · 不参与实体赏罚,3922639,393,A168_HF9F_20260827_0900,2026-08-27 09:00:00
2026-05-18,95397069,1396,0,259.4572155051,-259.4572155051,-259.4572155051,0E-7,2,2,0.50665070000000000,0.506650700000,-1.4331513700195317,-1.4331513700195317,-1.4331513700195317,0E-17,ELIGIBLE,R03b_20260811_FULL_v1,L1_ELIGIBILITY,v2026-08-11,2026-03-21..2026-08-06,baccarat_bet02_101_all_pairs_incl_sentinel,round_win = game_pnl > 0 (decisive only),COMPATIBILITY_ONLY_NOT_PRODUCTION,796.0147,796.0147,-62.1659,6,6,0.07809648,,0.07809648,0.07809648,62.1659,796.0147,THIN_EXPOSURE,0.0000,-2.4866,4.0000,96.0000,AG03-UNRESOLVED,ALL5_LEVELS_bet23_to_bet27,-2.4866,-2.4866,-2.4866,-3.1083,-3.1083,4.000000,4.000000,4.000000,5.000000,5.000000,96.000000,96.000000,96.000000,95.000000,95.000000,5.0,-13.6765,-12.528,-48.4894,-49.6379,PENDING_AG03,FALSE,NOT_FOR_ENFORCEMENT,-59.6793,764.1741,-62.1659,-59.6793,-2.4866,-0.07809648,-0.07497262,-2.4866,-59.6793,-0.07497262,-2.4866,-2.4866,-2.4866,-3.1083,-3.1083,-59.6793,-0.07497262,-13.6765,-12.528,-48.4894,-49.6379,-0.06091525,-0.06235803,-0.00312386,132.6691,132.6691,-10.3610,-31.0830,-20.7220,398.0074,3.0000,,132.6691,77.8372,125.5773,207.5658,207.5658,207.5658,207.5658,125.5773,12.9729,1.652892,1.652892,1.056474,3,3,3,2,0E-8,-0.07809648,,0E-8,0.000000,1.000000,0.000000,,2026-05-16,2026-05-18,2,3,3,3,0.666667,,,0.000000,,,,,,,,GLOBAL_BASELINE_NO_ENTITY_RANKING,,,NOT_APPLICABLE_GLOBAL_BASELINE,HF9g-P5,,,,X 全窗基线 · 不参与实体赏罚,3922640,393,A168_HF9F_20260827_0900,2026-08-27 09:00:00
2026-07-21,153313241,2103,0,197.0891449363,62.1588841722,62.1588841722,0.7500000,8,8,0.50329940000000000,0.503299400000,0.9868238854431842,0.9868238854431842,0.9868238854431842,0E-17,ELIGIBLE,R03b_20260811_FULL_v1,L1_ELIGIBILITY,v2026-08-11,2026-03-21..2026-08-06,baccarat_bet02_101_all_pairs_incl_sentinel,round_win = game_pnl > 0 (decisive only),COMPATIBILITY_ONLY_NOT_PRODUCTION,197.0891,102.3347,-62.1589,8,8,0.31538462,0.31538462,,0.31538462,62.1589,197.0891,THIN_EXPOSURE,0.0000,-2.4864,4.0000,96.0000,AG03-UNRESOLVED,ALL5_LEVELS_bet23_to_bet27,-2.4864,-2.4864,-2.4864,0.0000,0.0000,4.000000,4.000000,4.000000,0.000000,0.000000,96.000000,96.000000,96.000000,100.000000,100.000000,5.0,-7.4591,-7.1647,-54.6998,-54.9942,PENDING_AG03,FALSE,NOT_FOR_ENFORCEMENT,-59.6725,98.2414,-62.1589,-59.6725,-2.4864,-0.31538462,-0.30276923,-2.4864,-59.6725,-0.30276923,-2.4864,-2.4864,-2.4864,0.0000,0.0000,-59.6725,-0.30276923,-7.4591,-7.1647,-54.6998,-54.9942,-0.27753846,-0.27903212,-0.01261538,24.6361,12.7918,-7.7699,-62.1589,-62.1589,197.0891,8.0000,24.6361,,18.9509,18.9509,37.9018,37.9018,37.9018,37.9018,3.7902,0.0,2.0,2.0,1.3,1,1,2,2,1.00000000,-0.31538462,-0.31538462,0E-8,0.000000,0.519231,0.000000,,2026-07-21,2026-07-21,1,1,1,1,1.000000,,1.000000,3.333333,,,,,,,,GLOBAL_BASELINE_NO_ENTITY_RANKING,,,NOT_APPLICABLE_GLOBAL_BASELINE,HF9g-P5,,,,X 全窗基线 · 不参与实体赏罚,3922641,393,A168_HF9F_20260827_0900,2026-08-27 09:00:00
2026-08-05,153868679,1401,0,16.4384969049,62.1580664218,62.1580664218,0.5000000,2,2,0.29392415000000000,0.293924150000,0.6397330434626627,0.6397330434626627,0.6397330434626627,0E-17,ELIGIBLE,R03b_20260811_FULL_v1,L1_ELIGIBILITY,v2026-08-11,2026-03-21..2026-08-06,baccarat_bet02_101_all_pairs_incl_sentinel,round_win = game_pnl > 0 (decisive only),COMPATIBILITY_ONLY_NOT_PRODUCTION,16.4385,16.4385,-62.1581,2,2,3.78125000,3.78125000,,3.78125000,62.1581,16.4385,THIN_EXPOSURE,0.0000,-2.4863,4.0000,96.0000,AG03-UNRESOLVED,ALL5_LEVELS_bet23_to_bet27,-2.4863,-2.4863,-2.4863,-3.1079,-3.1079,4.000000,4.000000,4.000000,5.000000,5.000000,96.000000,96.000000,96.000000,95.000000,95.000000,5.0,-13.6748,-12.5265,-48.4833,-49.6316,PENDING_AG03,FALSE,NOT_FOR_ENFORCEMENT,-59.6717,15.7810,-62.1581,-59.6717,-2.4863,-3.78125000,-3.63000000,-2.4863,-59.6717,-3.63000000,-2.4863,-2.4863,-2.4863,-3.1079,-3.1079,-59.6717,-3.63000000,-13.6748,-12.5265,-48.4833,-49.6316,-2.94937500,-3.01923072,-0.15125000,8.2192,8.2192,-31.0790,-62.1581,-62.1581,16.4385,2.0000,8.2192,,7.7055,8.2192,8.733,8.733,8.733,8.733,8.2192,31.079,1.0625,1.0625,1.0,1,1,1,2,1.00000000,-3.78125000,-3.78125000,0E-8,0.000000,1.000000,0.000000,,2026-08-05,2026-08-05,1,1,1,1,1.000000,,1.000000,3.333333,,,,,,,,GLOBAL_BASELINE_NO_ENTITY_RANKING,,,NOT_APPLICABLE_GLOBAL_BASELINE,HF9g-P5,,,,X 全窗基线 · 不参与实体赏罚,3922642,393,A168_HF9F_20260827_0900,2026-08-27 09:00:00
2026-04-27,149233823,1331,0,66.4869251106,63.1625788550,63.1625788550,1.0000000,2,2,0.50665070000000000,0.506650700000,1.3955260008387969,1.3955260008387969,1.3955260008387969,0E-17,ELIGIBLE,R03b_20260811_FULL_v1,L1_ELIGIBILITY,v2026-08-11,2026-03-21..2026-08-06,baccarat_bet02_101_all_pairs_incl_sentinel,round_win = game_pnl > 0 (decisive only),COMPATIBILITY_ONLY_NOT_PRODUCTION,301.0235,256.0008,-62.1548,10,10,0.20647826,,0.20647826,0.20647826,62.1548,301.0235,THIN_EXPOSURE,0.0000,-2.4862,4.0000,96.0000,AG03-UNRESOLVED,ALL5_LEVELS_bet23_to_bet27,-2.4862,-2.4862,-2.4862,-2.4862,-2.4862,4.000000,4.000000,4.000000,4.000000,4.000000,96.000000,96.000000,96.000000,96.000000,96.000000,5.0,-12.4310,-11.4755,-49.7238,-50.6793,PENDING_AG03,FALSE,NOT_FOR_ENFORCEMENT,-59.6686,245.7608,-62.1548,-59.6686,-2.4862,-0.20647826,-0.19821913,-2.4862,-59.6686,-0.19821913,-2.4862,-2.4862,-2.4862,-2.4862,-2.4862,-59.6686,-0.19821913,-12.4310,-11.4755,-49.7238,-50.6793,-0.16518261,-0.16835674,-0.00825913,30.1023,25.6001,-6.2155,-62.1548,-31.0774,301.0235,10.0000,,30.1023,22.5113,23.5584,43.9756,51.0431,54.1842,54.1842,23.5584,11.7792,2.3,2.3,1.277778,2,3,1,2,0E-8,-0.20647826,,0E-8,0.000000,0.850435,0.000000,,2026-04-27,2026-04-27,1,2,2,1,1.000000,,,0.000000,,,,,,,,GLOBAL_BASELINE_NO_ENTITY_RANKING,,,NOT_APPLICABLE_GLOBAL_BASELINE,HF9g-P5,,,,X 全窗基线 · 不参与实体赏罚,3922643,393,A168_HF9F_20260827_0900,2026-08-27 09:00:00
2026-04-27,149233823,1505,0,178.2582519697,-12.2634348088,-12.2634348088,0.6000000,5,5,0.49860758000000000,0.498607580000,0.4534424453485946,0.4534424453485946,0.4534424453485946,0E-17,ELIGIBLE,R03b_20260811_FULL_v1,L1_ELIGIBILITY,v2026-08-11,2026-03-21..2026-08-06,baccarat_bet02_101_all_pairs_incl_sentinel,round_win = game_pnl > 0 (decisive only),COMPATIBILITY_ONLY_NOT_PRODUCTION,301.0235,256.0008,-62.1548,10,10,0.20647826,,0.20647826,0.20647826,62.1548,301.0235,THIN_EXPOSURE,0.0000,-2.4862,4.0000,96.0000,AG03-UNRESOLVED,ALL5_LEVELS_bet23_to_bet27,-2.4862,-2.4862,-2.4862,-2.4862,-2.4862,4.000000,4.000000,4.000000,4.000000,4.000000,96.000000,96.000000,96.000000,96.000000,96.000000,5.0,-12.4310,-11.4755,-49.7238,-50.6793,PENDING_AG03,FALSE,NOT_FOR_ENFORCEMENT,-59.6686,245.7608,-62.1548,-59.6686,-2.4862,-0.20647826,-0.19821913,-2.4862,-59.6686,-0.19821913,-2.4862,-2.4862,-2.4862,-2.4862,-2.4862,-59.6686,-0.19821913,-12.4310,-11.4755,-49.7238,-50.6793,-0.16518261,-0.16835674,-0.00825913,30.1023,25.6001,-6.2155,-62.1548,-31.0774,301.0235,10.0000,,30.1023,22.5113,23.5584,43.9756,51.0431,54.1842,54.1842,23.5584,11.7792,2.3,2.3,1.277778,2,3,1,2,0E-8,-0.20647826,,0E-8,0.000000,0.850435,0.000000,,2026-04-27,2026-04-27,1,2,2,1,1.000000,,,0.000000,,,,,,,,GLOBAL_BASELINE_NO_ENTITY_RANKING,,,NOT_APPLICABLE_GLOBAL_BASELINE,HF9g-P5,,,,X 全窗基线 · 不参与实体赏罚,3922644,393,A168_HF9F_20260827_0900,2026-08-27 09:00:00
2026-04-27,149233823,2103,0,56.2783027510,11.2556605502,11.2556605502,1.0000000,3,3,0.49771390000000000,0.497713900000,1.0045827004620043,1.0045827004620043,1.0045827004620043,0E-17,ELIGIBLE,R03b_20260811_FULL_v1,L1_ELIGIBILITY,v2026-08-11,2026-03-21..2026-08-06,baccarat_bet02_101_all_pairs_incl_sentinel,round_win = game_pnl > 0 (decisive only),COMPATIBILITY_ONLY_NOT_PRODUCTION,301.0235,256.0008,-62.1548,10,10,0.20647826,,0.20647826,0.20647826,62.1548,301.0235,THIN_EXPOSURE,0.0000,-2.4862,4.0000,96.0000,AG03-UNRESOLVED,ALL5_LEVELS_bet23_to_bet27,-2.4862,-2.4862,-2.4862,-2.4862,-2.4862,4.000000,4.000000,4.000000,4.000000,4.000000,96.000000,96.000000,96.000000,96.000000,96.000000,5.0,-12.4310,-11.4755,-49.7238,-50.6793,PENDING_AG03,FALSE,NOT_FOR_ENFORCEMENT,-59.6686,245.7608,-62.1548,-59.6686,-2.4862,-0.20647826,-0.19821913,-2.4862,-59.6686,-0.19821913,-2.4862,-2.4862,-2.4862,-2.4862,-2.4862,-59.6686,-0.19821913,-12.4310,-11.4755,-49.7238,-50.6793,-0.16518261,-0.16835674,-0.00825913,30.1023,25.6001,-6.2155,-62.1548,-31.0774,301.0235,10.0000,,30.1023,22.5113,23.5584,43.9756,51.0431,54.1842,54.1842,23.5584,11.7792,2.3,2.3,1.277778,2,3,1,2,0E-8,-0.20647826,,0E-8,0.000000,0.850435,0.000000,,2026-04-27,2026-04-27,1,2,2,1,1.000000,,,0.000000,,,,,,,,GLOBAL_BASELINE_NO_ENTITY_RANKING,,,NOT_APPLICABLE_GLOBAL_BASELINE,HF9g-P5,,,,X 全窗基线 · 不参与实体赏罚,3922645,393,A168_HF9F_20260827_0900,2026-08-27 09:00:00
2026-04-21,141646118,1396,0,13.0879773840,-13.0879773840,-13.0879773840,0E-7,1,1,0.49324550000000000,0.493245500000,-0.9865810262130424,-0.9865810262130424,-0.9865810262130424,0E-17,ELIGIBLE,R03b_20260811_FULL_v1,L1_ELIGIBILITY,v2026-08-11,2026-03-21..2026-08-06,baccarat_bet02_101_all_pairs_incl_sentinel,round_win = game_pnl > 0 (decisive only),COMPATIBILITY_ONLY_NOT_PRODUCTION,142.8166,142.8166,-62.1546,5,4,0.43520586,,0.43520586,0.43520586,62.1546,142.8166,THIN_EXPOSURE,0.0000,-2.4862,4.0000,96.0000,AG03-UNRESOLVED,ALL5_LEVELS_bet23_to_bet27,-2.4862,-2.4862,-3.1077,-3.1077,-3.1077,4.000000,4.000000,5.000000,5.000000,5.000000,96.000000,96.000000,95.000000,95.000000,95.000000,5.0,-14.2956,-13.0427,-47.8591,-49.1119,PENDING_AG03,FALSE,NOT_FOR_ENFORCEMENT,-59.6684,137.1039,-62.1546,-59.6684,-2.4862,-0.43520586,-0.41779763,-2.4862,-59.6684,-0.41779763,-2.4862,-2.4862,-3.1077,-3.1077,-3.1077,-59.6684,-0.41779763,-14.2956,-13.0427,-47.8591,-49.1119,-0.33510851,-0.34388087,-0.01740823,28.5633,35.7041,-15.5387,-31.0773,-31.0773,71.4083,2.0000,,28.5633,11.1133,20.7566,51.8914,51.8914,51.8914,51.8914,20.7566,-5.1891,2.5,2.5,1.376109,2,2,1,3,0E-8,-0.43520586,,0E-8,0.000000,1.000000,0.000000,,2026-04-21,2026-05-31,2,2,2,41,0.048781,,,0.000000,,,,,,,,GLOBAL_BASELINE_NO_ENTITY_RANKING,,,NOT_APPLICABLE_GLOBAL_BASELINE,HF9g-P5,,,,X 全窗基线 · 不参与实体赏罚,3922646,393,A168_HF9F_20260827_0900,2026-08-27 09:00:00
2026-05-31,141646118,1374,0,129.7286077525,75.2425924965,75.2425924965,0.6666667,4,3,0.47113772000000000,0.431273450000,0.6784634455991728,0.8232399886073292,0.6784634455991728,0.03986427000000000,ELIGIBLE,R03b_20260811_FULL_v1,L1_ELIGIBILITY,v2026-08-11,2026-03-21..2026-08-06,baccarat_bet02_101_all_pairs_incl_sentinel,round_win = game_pnl > 0 (decisive only),COMPATIBILITY_ONLY_NOT_PRODUCTION,142.8166,142.8166,-62.1546,5,4,0.43520586,,0.43520586,0.43520586,62.1546,142.8166,THIN_EXPOSURE,0.0000,-2.4862,4.0000,96.0000,AG03-UNRESOLVED,ALL5_LEVELS_bet23_to_bet27,-2.4862,-2.4862,-3.1077,-3.1077,-3.1077,4.000000,4.000000,5.000000,5.000000,5.000000,96.000000,96.000000,95.000000,95.000000,95.000000,5.0,-14.2956,-13.0427,-47.8591,-49.1119,PENDING_AG03,FALSE,NOT_FOR_ENFORCEMENT,-59.6684,137.1039,-62.1546,-59.6684,-2.4862,-0.43520586,-0.41779763,-2.4862,-59.6684,-0.41779763,-2.4862,-2.4862,-3.1077,-3.1077,-3.1077,-59.6684,-0.41779763,-14.2956,-13.0427,-47.8591,-49.1119,-0.33510851,-0.34388087,-0.01740823,28.5633,35.7041,-15.5387,-31.0773,-31.0773,71.4083,2.0000,,28.5633,11.1133,20.7566,51.8914,51.8914,51.8914,51.8914,20.7566,-5.1891,2.5,2.5,1.376109,2,2,1,3,0E-8,-0.43520586,,0E-8,0.000000,1.000000,0.000000,,2026-04-21,2026-05-31,2,2,2,41,0.048781,,,0.000000,,,,,,,,GLOBAL_BASELINE_NO_ENTITY_RANKING,,,NOT_APPLICABLE_GLOBAL_BASELINE,HF9g-P5,,,,X 全窗基线 · 不参与实体赏罚,3922647,393,A168_HF9F_20260827_0900,2026-08-27 09:00:00
2026-04-12,148552516,-1,1,2.6175954768,2.6175954768,2.6175954768,1.0000000,1,1,0.50665070000000000,0.506650700000,0.9867858985152569,0.9867858985152569,0.9867858985152569,0E-17,SENTINEL_DEALER,R03b_20260811_FULL_v1,L1_ELIGIBILITY,v2026-08-11,2026-03-21..2026-08-06,baccarat_bet02_101_all_pairs_incl_sentinel,round_win = game_pnl > 0 (decisive only),COMPATIBILITY_ONLY_NOT_PRODUCTION,115.1742,103.3950,-61.5135,18,18,0.53409091,,0.53409091,0.53409091,61.5135,115.1742,THIN_EXPOSURE,0.0000,-1.8454,3.0000,97.0000,AG03-UNRESOLVED,ALL5_LEVELS_bet23_to_bet27,-1.8454,-1.8454,-1.8454,-2.4605,-2.4605,3.000000,3.000000,3.000000,4.000000,4.000000,97.000000,97.000000,97.000000,96.000000,96.000000,5.0,-10.4573,-9.7733,-51.0562,-51.7402,PENDING_AG03,FALSE,NOT_FOR_ENFORCEMENT,-59.6681,100.2932,-61.5135,-59.6681,-1.8454,-0.53409091,-0.51806818,-1.8454,-59.6681,-0.51806818,-1.8454,-1.8454,-1.8454,-2.4605,-2.4605,-59.6681,-0.51806818,-10.4573,-9.7733,-51.0562,-51.7402,-0.44329545,-0.44923424,-0.01602273,6.3986,5.7442,-3.4174,-61.5135,-8.7876,115.1742,18.0000,,6.3986,5.2352,5.2352,7.8528,9.6851,12.0409,13.088,5.2352,5.2352,2.3,2.5,1.222222,7,7,1,2,0E-8,-0.53409091,,0E-8,0.000000,0.897727,1.000000,,2026-04-12,2026-04-12,1,7,7,1,1.000000,,,0.000000,,,,,,,,GLOBAL_BASELINE_NO_ENTITY_RANKING,,,NOT_APPLICABLE_GLOBAL_BASELINE,HF9g-P5,,,,X 全窗基线 · 不参与实体赏罚,3922648,393,A168_HF9F_20260827_0900,2026-08-27 09:00:00
2026-04-12,148552516,1374,0,7.8527864304,7.8527864304,7.8527864304,1.0000000,1,1,0.50665070000000000,0.506650700000,0.9867858985152569,0.9867858985152569,0.9867858985152569,0E-17,ELIGIBLE,R03b_20260811_FULL_v1,L1_ELIGIBILITY,v2026-08-11,2026-03-21..2026-08-06,baccarat_bet02_101_all_pairs_incl_sentinel,round_win = game_pnl > 0 (decisive only),COMPATIBILITY_ONLY_NOT_PRODUCTION,115.1742,103.3950,-61.5135,18,18,0.53409091,,0.53409091,0.53409091,61.5135,115.1742,THIN_EXPOSURE,0.0000,-1.8454,3.0000,97.0000,AG03-UNRESOLVED,ALL5_LEVELS_bet23_to_bet27,-1.8454,-1.8454,-1.8454,-2.4605,-2.4605,3.000000,3.000000,3.000000,4.000000,4.000000,97.000000,97.000000,97.000000,96.000000,96.000000,5.0,-10.4573,-9.7733,-51.0562,-51.7402,PENDING_AG03,FALSE,NOT_FOR_ENFORCEMENT,-59.6681,100.2932,-61.5135,-59.6681,-1.8454,-0.53409091,-0.51806818,-1.8454,-59.6681,-0.51806818,-1.8454,-1.8454,-1.8454,-2.4605,-2.4605,-59.6681,-0.51806818,-10.4573,-9.7733,-51.0562,-51.7402,-0.44329545,-0.44923424,-0.01602273,6.3986,5.7442,-3.4174,-61.5135,-8.7876,115.1742,18.0000,,6.3986,5.2352,5.2352,7.8528,9.6851,12.0409,13.088,5.2352,5.2352,2.3,2.5,1.222222,7,7,1,2,0E-8,-0.53409091,,0E-8,0.000000,0.897727,1.000000,,2026-04-12,2026-04-12,1,7,7,1,1.000000,,,0.000000,,,,,,,,GLOBAL_BASELINE_NO_ENTITY_RANKING,,,NOT_APPLICABLE_GLOBAL_BASELINE,HF9g-P5,,,,X 全窗基线 · 不参与实体赏罚,3922649,393,A168_HF9F_20260827_0900,2026-08-27 09:00:00
2026-04-12,148552516,1385,0,13.0879773840,6.5439886920,6.5439886920,1.0000000,1,1,0.50665070000000000,0.506650700000,0.9867858985152569,0.9867858985152569,0.9867858985152569,0E-17,ELIGIBLE,R03b_20260811_FULL_v1,L1_ELIGIBILITY,v2026-08-11,2026-03-21..2026-08-06,baccarat_bet02_101_all_pairs_incl_sentinel,round_win = game_pnl > 0 (decisive only),COMPATIBILITY_ONLY_NOT_PRODUCTION,115.1742,103.3950,-61.5135,18,18,0.53409091,,0.53409091,0.53409091,61.5135,115.1742,THIN_EXPOSURE,0.0000,-1.8454,3.0000,97.0000,AG03-UNRESOLVED,ALL5_LEVELS_bet23_to_bet27,-1.8454,-1.8454,-1.8454,-2.4605,-2.4605,3.000000,3.000000,3.000000,4.000000,4.000000,97.000000,97.000000,97.000000,96.000000,96.000000,5.0,-10.4573,-9.7733,-51.0562,-51.7402,PENDING_AG03,FALSE,NOT_FOR_ENFORCEMENT,-59.6681,100.2932,-61.5135,-59.6681,-1.8454,-0.53409091,-0.51806818,-1.8454,-59.6681,-0.51806818,-1.8454,-1.8454,-1.8454,-2.4605,-2.4605,-59.6681,-0.51806818,-10.4573,-9.7733,-51.0562,-51.7402,-0.44329545,-0.44923424,-0.01602273,6.3986,5.7442,-3.4174,-61.5135,-8.7876,115.1742,18.0000,,6.3986,5.2352,5.2352,7.8528,9.6851,12.0409,13.088,5.2352,5.2352,2.3,2.5,1.222222,7,7,1,2,0E-8,-0.53409091,,0E-8,0.000000,0.897727,1.000000,,2026-04-12,2026-04-12,1,7,7,1,1.000000,,,0.000000,,,,,,,,GLOBAL_BASELINE_NO_ENTITY_RANKING,,,NOT_APPLICABLE_GLOBAL_BASELINE,HF9g-P5,,,,X 全窗基线 · 不参与实体赏罚,3922650,393,A168_HF9F_20260827_0900,2026-08-27 09:00:00
2026-04-12,148552516,1951,0,15.7055728608,10.4703819072,10.4703819072,0.6666667,3,3,0.50218230000000000,0.502182300000,0.5697959874915163,0.5697959874915164,0.5697959874915163,0E-17,ELIGIBLE,R03b_20260811_FULL_v1,L1_ELIGIBILITY,v2026-08-11,2026-03-21..2026-08-06,baccarat_bet02_101_all_pairs_incl_sentinel,round_win = game_pnl > 0 (decisive only),COMPATIBILITY_ONLY_NOT_PRODUCTION,115.1742,103.3950,-61.5135,18,18,0.53409091,,0.53409091,0.53409091,61.5135,115.1742,THIN_EXPOSURE,0.0000,-1.8454,3.0000,97.0000,AG03-UNRESOLVED,ALL5_LEVELS_bet23_to_bet27,-1.8454,-1.8454,-1.8454,-2.4605,-2.4605,3.000000,3.000000,3.000000,4.000000,4.000000,97.000000,97.000000,97.000000,96.000000,96.000000,5.0,-10.4573,-9.7733,-51.0562,-51.7402,PENDING_AG03,FALSE,NOT_FOR_ENFORCEMENT,-59.6681,100.2932,-61.5135,-59.6681,-1.8454,-0.53409091,-0.51806818,-1.8454,-59.6681,-0.51806818,-1.8454,-1.8454,-1.8454,-2.4605,-2.4605,-59.6681,-0.51806818,-10.4573,-9.7733,-51.0562,-51.7402,-0.44329545,-0.44923424,-0.01602273,6.3986,5.7442,-3.4174,-61.5135,-8.7876,115.1742,18.0000,,6.3986,5.2352,5.2352,7.8528,9.6851,12.0409,13.088,5.2352,5.2352,2.3,2.5,1.222222,7,7,1,2,0E-8,-0.53409091,,0E-8,0.000000,0.897727,1.000000,,2026-04-12,2026-04-12,1,7,7,1,1.000000,,,0.000000,,,,,,,,GLOBAL_BASELINE_NO_ENTITY_RANKING,,,NOT_APPLICABLE_GLOBAL_BASELINE,HF9g-P5,,,,X 全窗基线 · 不参与实体赏罚,3922651,393,A168_HF9F_20260827_0900,2026-08-27 09:00:00
2026-04-12,148552516,2145,0,31.4111457216,10.4703819072,10.4703819072,0.5000000,5,5,0.49592654000000000,0.495926540000,0.016294380756781617,0.016294380756781617,0.016294380756781617,0E-17,ELIGIBLE,R03b_20260811_FULL_v1,L1_ELIGIBILITY,v2026-08-11,2026-03-21..2026-08-06,baccarat_bet02_101_all_pairs_incl_sentinel,round_win = game_pnl > 0 (decisive only),COMPATIBILITY_ONLY_NOT_PRODUCTION,115.1742,103.3950,-61.5135,18,18,0.53409091,,0.53409091,0.53409091,61.5135,115.1742,THIN_EXPOSURE,0.0000,-1.8454,3.0000,97.0000,AG03-UNRESOLVED,ALL5_LEVELS_bet23_to_bet27,-1.8454,-1.8454,-1.8454,-2.4605,-2.4605,3.000000,3.000000,3.000000,4.000000,4.000000,97.000000,97.000000,97.000000,96.000000,96.000000,5.0,-10.4573,-9.7733,-51.0562,-51.7402,PENDING_AG03,FALSE,NOT_FOR_ENFORCEMENT,-59.6681,100.2932,-61.5135,-59.6681,-1.8454,-0.53409091,-0.51806818,-1.8454,-59.6681,-0.51806818,-1.8454,-1.8454,-1.8454,-2.4605,-2.4605,-59.6681,-0.51806818,-10.4573,-9.7733,-51.0562,-51.7402,-0.44329545,-0.44923424,-0.01602273,6.3986,5.7442,-3.4174,-61.5135,-8.7876,115.1742,18.0000,,6.3986,5.2352,5.2352,7.8528,9.6851,12.0409,13.088,5.2352,5.2352,2.3,2.5,1.222222,7,7,1,2,0E-8,-0.53409091,,0E-8,0.000000,0.897727,1.000000,,2026-04-12,2026-04-12,1,7,7,1,1.000000,,,0.000000,,,,,,,,GLOBAL_BASELINE_NO_ENTITY_RANKING,,,NOT_APPLICABLE_GLOBAL_BASELINE,HF9g-P5,,,,X 全窗基线 · 不参与实体赏罚,3922652,393,A168_HF9F_20260827_0900,2026-08-27 09:00:00
2026-04-12,148552516,2171,0,18.3231683376,7.8527864304,7.8527864304,0.6666667,3,3,0.49771390000000000,0.497713900000,0.5852756695216578,0.5852756695216578,0.5852756695216578,0E-17,ELIGIBLE,R03b_20260811_FULL_v1,L1_ELIGIBILITY,v2026-08-11,2026-03-21..2026-08-06,baccarat_bet02_101_all_pairs_incl_sentinel,round_win = game_pnl > 0 (decisive only),COMPATIBILITY_ONLY_NOT_PRODUCTION,115.1742,103.3950,-61.5135,18,18,0.53409091,,0.53409091,0.53409091,61.5135,115.1742,THIN_EXPOSURE,0.0000,-1.8454,3.0000,97.0000,AG03-UNRESOLVED,ALL5_LEVELS_bet23_to_bet27,-1.8454,-1.8454,-1.8454,-2.4605,-2.4605,3.000000,3.000000,3.000000,4.000000,4.000000,97.000000,97.000000,97.000000,96.000000,96.000000,5.0,-10.4573,-9.7733,-51.0562,-51.7402,PENDING_AG03,FALSE,NOT_FOR_ENFORCEMENT,-59.6681,100.2932,-61.5135,-59.6681,-1.8454,-0.53409091,-0.51806818,-1.8454,-59.6681,-0.51806818,-1.8454,-1.8454,-1.8454,-2.4605,-2.4605,-59.6681,-0.51806818,-10.4573,-9.7733,-51.0562,-51.7402,-0.44329545,-0.44923424,-0.01602273,6.3986,5.7442,-3.4174,-61.5135,-8.7876,115.1742,18.0000,,6.3986,5.2352,5.2352,7.8528,9.6851,12.0409,13.088,5.2352,5.2352,2.3,2.5,1.222222,7,7,1,2,0E-8,-0.53409091,,0E-8,0.000000,0.897727,1.000000,,2026-04-12,2026-04-12,1,7,7,1,1.000000,,,0.000000,,,,,,,,GLOBAL_BASELINE_NO_ENTITY_RANKING,,,NOT_APPLICABLE_GLOBAL_BASELINE,HF9g-P5,,,,X 全窗基线 · 不参与实体赏罚,3922653,393,A168_HF9F_20260827_0900,2026-08-27 09:00:00
2026-04-12,148552516,2233,0,26.1759547680,15.7055728608,15.7055728608,0.7500000,4,4,0.49659680000000000,0.496596800000,1.0136362796769356,1.0136362796769358,1.0136362796769356,0E-17,ELIGIBLE,R03b_20260811_FULL_v1,L1_ELIGIBILITY,v2026-08-11,2026-03-21..2026-08-06,baccarat_bet02_101_all_pairs_incl_sentinel,round_win = game_pnl > 0 (decisive only),COMPATIBILITY_ONLY_NOT_PRODUCTION,115.1742,103.3950,-61.5135,18,18,0.53409091,,0.53409091,0.53409091,61.5135,115.1742,THIN_EXPOSURE,0.0000,-1.8454,3.0000,97.0000,AG03-UNRESOLVED,ALL5_LEVELS_bet23_to_bet27,-1.8454,-1.8454,-1.8454,-2.4605,-2.4605,3.000000,3.000000,3.000000,4.000000,4.000000,97.000000,97.000000,97.000000,96.000000,96.000000,5.0,-10.4573,-9.7733,-51.0562,-51.7402,PENDING_AG03,FALSE,NOT_FOR_ENFORCEMENT,-59.6681,100.2932,-61.5135,-59.6681,-1.8454,-0.53409091,-0.51806818,-1.8454,-59.6681,-0.51806818,-1.8454,-1.8454,-1.8454,-2.4605,-2.4605,-59.6681,-0.51806818,-10.4573,-9.7733,-51.0562,-51.7402,-0.44329545,-0.44923424,-0.01602273,6.3986,5.7442,-3.4174,-61.5135,-8.7876,115.1742,18.0000,,6.3986,5.2352,5.2352,7.8528,9.6851,12.0409,13.088,5.2352,5.2352,2.3,2.5,1.222222,7,7,1,2,0E-8,-0.53409091,,0E-8,0.000000,0.897727,1.000000,,2026-04-12,2026-04-12,1,7,7,1,1.000000,,,0.000000,,,,,,,,GLOBAL_BASELINE_NO_ENTITY_RANKING,,,NOT_APPLICABLE_GLOBAL_BASELINE,HF9g-P5,,,,X 全窗基线 · 不参与实体赏罚,3922654,393,A168_HF9F_20260827_0900,2026-08-27 09:00:00
2026-04-21,148943847,1330,0,63.8693296339,9.6327513545,9.6327513545,0.5000000,4,4,0.49994810000000000,0.499948100000,0.00020760000111838688,0.00020760000111838688,0.00020760000111838688,0E-17,ELIGIBLE,R03b_20260811_FULL_v1,L1_ELIGIBILITY,v2026-08-11,2026-03-21..2026-08-06,baccarat_bet02_101_all_pairs_incl_sentinel,round_win = game_pnl > 0 (decisive only),COMPATIBILITY_ONLY_NOT_PRODUCTION,235.5836,235.5836,-61.5135,16,16,0.26111111,,0.26111111,0.26111111,61.5135,235.5836,THIN_EXPOSURE,0.0000,-1.8454,3.0000,97.0000,AG03-UNRESOLVED,ALL5_LEVELS_bet23_to_bet27,-1.8454,-1.8454,-1.8454,-2.4605,-2.4605,3.000000,3.000000,3.000000,4.000000,4.000000,97.000000,97.000000,97.000000,96.000000,96.000000,5.0,-10.4573,-9.7733,-51.0562,-51.7402,PENDING_AG03,FALSE,NOT_FOR_ENFORCEMENT,-59.6681,228.5161,-61.5135,-59.6681,-1.8454,-0.26111111,-0.25327778,-1.8454,-59.6681,-0.25327778,-1.8454,-1.8454,-1.8454,-2.4605,-2.4605,-59.6681,-0.25327778,-10.4573,-9.7733,-51.0562,-51.7402,-0.21672222,-0.21962563,-0.00783333,14.7240,14.7240,-3.8446,-61.5135,-10.2522,235.5836,16.0000,,14.7240,10.4704,10.4704,20.9408,26.176,26.9089,27.223,10.4704,9.9469,2.57,2.6,1.40625,6,6,1,2,0E-8,-0.26111111,,0E-8,0.000000,1.000000,0.000000,,2026-04-21,2026-04-21,1,6,6,1,1.000000,,,0.000000,,,,,,,,GLOBAL_BASELINE_NO_ENTITY_RANKING,,,NOT_APPLICABLE_GLOBAL_BASELINE,HF9g-P5,,,,X 全窗基线 · 不参与实体赏罚,3922655,393,A168_HF9F_20260827_0900,2026-08-27 09:00:00
2026-04-21,148943847,1384,0,40.8344894381,18.3755202471,18.3755202471,0.7500000,4,4,0.50665070000000000,0.506650700000,0.9734833216690844,0.9734833216690844,0.9734833216690844,0E-17,ELIGIBLE,R03b_20260811_FULL_v1,L1_ELIGIBILITY,v2026-08-11,2026-03-21..2026-08-06,baccarat_bet02_101_all_pairs_incl_sentinel,round_win = game_pnl > 0 (decisive only),COMPATIBILITY_ONLY_NOT_PRODUCTION,235.5836,235.5836,-61.5135,16,16,0.26111111,,0.26111111,0.26111111,61.5135,235.5836,THIN_EXPOSURE,0.0000,-1.8454,3.0000,97.0000,AG03-UNRESOLVED,ALL5_LEVELS_bet23_to_bet27,-1.8454,-1.8454,-1.8454,-2.4605,-2.4605,3.000000,3.000000,3.000000,4.000000,4.000000,97.000000,97.000000,97.000000,96.000000,96.000000,5.0,-10.4573,-9.7733,-51.0562,-51.7402,PENDING_AG03,FALSE,NOT_FOR_ENFORCEMENT,-59.6681,228.5161,-61.5135,-59.6681,-1.8454,-0.26111111,-0.25327778,-1.8454,-59.6681,-0.25327778,-1.8454,-1.8454,-1.8454,-2.4605,-2.4605,-59.6681,-0.25327778,-10.4573,-9.7733,-51.0562,-51.7402,-0.21672222,-0.21962563,-0.00783333,14.7240,14.7240,-3.8446,-61.5135,-10.2522,235.5836,16.0000,,14.7240,10.4704,10.4704,20.9408,26.176,26.9089,27.223,10.4704,9.9469,2.57,2.6,1.40625,6,6,1,2,0E-8,-0.26111111,,0E-8,0.000000,1.000000,0.000000,,2026-04-21,2026-04-21,1,6,6,1,1.000000,,,0.000000,,,,,,,,GLOBAL_BASELINE_NO_ENTITY_RANKING,,,NOT_APPLICABLE_GLOBAL_BASELINE,HF9g-P5,,,,X 全窗基线 · 不参与实体赏罚,3922656,393,A168_HF9F_20260827_0900,2026-08-27 09:00:00
2026-04-21,148943847,2117,0,20.9407638144,-0.5235190954,-0.5235190954,0.5000000,2,2,0.50665070000000000,0.506650700000,-0.018812684590367487,-0.018812684590367487,-0.018812684590367487,0E-17,ELIGIBLE,R03b_20260811_FULL_v1,L1_ELIGIBILITY,v2026-08-11,2026-03-21..2026-08-06,baccarat_bet02_101_all_pairs_incl_sentinel,round_win = game_pnl > 0 (decisive only),COMPATIBILITY_ONLY_NOT_PRODUCTION,235.5836,235.5836,-61.5135,16,16,0.26111111,,0.26111111,0.26111111,61.5135,235.5836,THIN_EXPOSURE,0.0000,-1.8454,3.0000,97.0000,AG03-UNRESOLVED,ALL5_LEVELS_bet23_to_bet27,-1.8454,-1.8454,-1.8454,-2.4605,-2.4605,3.000000,3.000000,3.000000,4.000000,4.000000,97.000000,97.000000,97.000000,96.000000,96.000000,5.0,-10.4573,-9.7733,-51.0562,-51.7402,PENDING_AG03,FALSE,NOT_FOR_ENFORCEMENT,-59.6681,228.5161,-61.5135,-59.6681,-1.8454,-0.26111111,-0.25327778,-1.8454,-59.6681,-0.25327778,-1.8454,-1.8454,-1.8454,-2.4605,-2.4605,-59.6681,-0.25327778,-10.4573,-9.7733,-51.0562,-51.7402,-0.21672222,-0.21962563,-0.00783333,14.7240,14.7240,-3.8446,-61.5135,-10.2522,235.5836,16.0000,,14.7240,10.4704,10.4704,20.9408,26.176,26.9089,27.223,10.4704,9.9469,2.57,2.6,1.40625,6,6,1,2,0E-8,-0.26111111,,0E-8,0.000000,1.000000,0.000000,,2026-04-21,2026-04-21,1,6,6,1,1.000000,,,0.000000,,,,,,,,GLOBAL_BASELINE_NO_ENTITY_RANKING,,,NOT_APPLICABLE_GLOBAL_BASELINE,HF9g-P5,,,,X 全窗基线 · 不参与实体赏罚,3922657,393,A168_HF9F_20260827_0900,2026-08-27 09:00:00
2026-04-21,148943847,2134,0,10.4703819072,-10.4703819072,-10.4703819072,0E-7,1,1,0.49324550000000000,0.493245500000,-0.9865810262130424,-0.9865810262130424,-0.9865810262130424,0E-17,ELIGIBLE,R03b_20260811_FULL_v1,L1_ELIGIBILITY,v2026-08-11,2026-03-21..2026-08-06,baccarat_bet02_101_all_pairs_incl_sentinel,round_win = game_pnl > 0 (decisive only),COMPATIBILITY_ONLY_NOT_PRODUCTION,235.5836,235.5836,-61.5135,16,16,0.26111111,,0.26111111,0.26111111,61.5135,235.5836,THIN_EXPOSURE,0.0000,-1.8454,3.0000,97.0000,AG03-UNRESOLVED,ALL5_LEVELS_bet23_to_bet27,-1.8454,-1.8454,-1.8454,-2.4605,-2.4605,3.000000,3.000000,3.000000,4.000000,4.000000,97.000000,97.000000,97.000000,96.000000,96.000000,5.0,-10.4573,-9.7733,-51.0562,-51.7402,PENDING_AG03,FALSE,NOT_FOR_ENFORCEMENT,-59.6681,228.5161,-61.5135,-59.6681,-1.8454,-0.26111111,-0.25327778,-1.8454,-59.6681,-0.25327778,-1.8454,-1.8454,-1.8454,-2.4605,-2.4605,-59.6681,-0.25327778,-10.4573,-9.7733,-51.0562,-51.7402,-0.21672222,-0.21962563,-0.00783333,14.7240,14.7240,-3.8446,-61.5135,-10.2522,235.5836,16.0000,,14.7240,10.4704,10.4704,20.9408,26.176,26.9089,27.223,10.4704,9.9469,2.57,2.6,1.40625,6,6,1,2,0E-8,-0.26111111,,0E-8,0.000000,1.000000,0.000000,,2026-04-21,2026-04-21,1,6,6,1,1.000000,,,0.000000,,,,,,,,GLOBAL_BASELINE_NO_ENTITY_RANKING,,,NOT_APPLICABLE_GLOBAL_BASELINE,HF9g-P5,,,,X 全窗基线 · 不参与实体赏罚,3922658,393,A168_HF9F_20260827_0900,2026-08-27 09:00:00
2026-04-21,148943847,2160,0,20.9407638144,20.9407638144,20.9407638144,1.0000000,2,2,0.49324550000000000,0.493245500000,1.4334489766152358,1.4334489766152358,1.4334489766152358,0E-17,ELIGIBLE,R03b_20260811_FULL_v1,L1_ELIGIBILITY,v2026-08-11,2026-03-21..2026-08-06,baccarat_bet02_101_all_pairs_incl_sentinel,round_win = game_pnl > 0 (decisive only),COMPATIBILITY_ONLY_NOT_PRODUCTION,235.5836,235.5836,-61.5135,16,16,0.26111111,,0.26111111,0.26111111,61.5135,235.5836,THIN_EXPOSURE,0.0000,-1.8454,3.0000,97.0000,AG03-UNRESOLVED,ALL5_LEVELS_bet23_to_bet27,-1.8454,-1.8454,-1.8454,-2.4605,-2.4605,3.000000,3.000000,3.000000,4.000000,4.000000,97.000000,97.000000,97.000000,96.000000,96.000000,5.0,-10.4573,-9.7733,-51.0562,-51.7402,PENDING_AG03,FALSE,NOT_FOR_ENFORCEMENT,-59.6681,228.5161,-61.5135,-59.6681,-1.8454,-0.26111111,-0.25327778,-1.8454,-59.6681,-0.25327778,-1.8454,-1.8454,-1.8454,-2.4605,-2.4605,-59.6681,-0.25327778,-10.4573,-9.7733,-51.0562,-51.7402,-0.21672222,-0.21962563,-0.00783333,14.7240,14.7240,-3.8446,-61.5135,-10.2522,235.5836,16.0000,,14.7240,10.4704,10.4704,20.9408,26.176,26.9089,27.223,10.4704,9.9469,2.57,2.6,1.40625,6,6,1,2,0E-8,-0.26111111,,0E-8,0.000000,1.000000,0.000000,,2026-04-21,2026-04-21,1,6,6,1,1.000000,,,0.000000,,,,,,,,GLOBAL_BASELINE_NO_ENTITY_RANKING,,,NOT_APPLICABLE_GLOBAL_BASELINE,HF9g-P5,,,,X 全窗基线 · 不参与实体赏罚,3922659,393,A168_HF9F_20260827_0900,2026-08-27 09:00:00
2026-04-21,148943847,2223,0,78.5278643040,23.5583592912,23.5583592912,0.6666667,3,3,0.50218230000000000,0.502182300000,0.5697959874915163,0.5697959874915164,0.5697959874915163,0E-17,ELIGIBLE,R03b_20260811_FULL_v1,L1_ELIGIBILITY,v2026-08-11,2026-03-21..2026-08-06,baccarat_bet02_101_all_pairs_incl_sentinel,round_win = game_pnl > 0 (decisive only),COMPATIBILITY_ONLY_NOT_PRODUCTION,235.5836,235.5836,-61.5135,16,16,0.26111111,,0.26111111,0.26111111,61.5135,235.5836,THIN_EXPOSURE,0.0000,-1.8454,3.0000,97.0000,AG03-UNRESOLVED,ALL5_LEVELS_bet23_to_bet27,-1.8454,-1.8454,-1.8454,-2.4605,-2.4605,3.000000,3.000000,3.000000,4.000000,4.000000,97.000000,97.000000,97.000000,96.000000,96.000000,5.0,-10.4573,-9.7733,-51.0562,-51.7402,PENDING_AG03,FALSE,NOT_FOR_ENFORCEMENT,-59.6681,228.5161,-61.5135,-59.6681,-1.8454,-0.26111111,-0.25327778,-1.8454,-59.6681,-0.25327778,-1.8454,-1.8454,-1.8454,-2.4605,-2.4605,-59.6681,-0.25327778,-10.4573,-9.7733,-51.0562,-51.7402,-0.21672222,-0.21962563,-0.00783333,14.7240,14.7240,-3.8446,-61.5135,-10.2522,235.5836,16.0000,,14.7240,10.4704,10.4704,20.9408,26.176,26.9089,27.223,10.4704,9.9469,2.57,2.6,1.40625,6,6,1,2,0E-8,-0.26111111,,0E-8,0.000000,1.000000,0.000000,,2026-04-21,2026-04-21,1,6,6,1,1.000000,,,0.000000,,,,,,,,GLOBAL_BASELINE_NO_ENTITY_RANKING,,,NOT_APPLICABLE_GLOBAL_BASELINE,HF9g-P5,,,,X 全窗基线 · 不参与实体赏罚,3922660,393,A168_HF9F_20260827_0900,2026-08-27 09:00:00
2026-04-03,148177977,-1,1,65.4398869200,25.5215558988,25.5215558988,0.7500000,5,5,0.49860758000000000,0.498607580000,1.005573579286957,1.005573579286957,1.005573579286957,0E-17,SENTINEL_DEALER,R03b_20260811_FULL_v1,L1_ELIGIBILITY,v2026-08-11,2026-03-21..2026-08-06,baccarat_bet02_101_all_pairs_incl_sentinel,round_win = game_pnl > 0 (decisive only),COMPATIBILITY_ONLY_NOT_PRODUCTION,261.7595,248.6716,-61.5135,20,20,0.23500000,,0.23500000,0.23500000,61.5135,261.7595,THIN_EXPOSURE,0.0000,-1.8454,3.0000,97.0000,AG03-UNRESOLVED,ALL5_LEVELS_bet23_to_bet27,-1.8454,-1.8454,-1.8454,-2.4605,-2.4605,3.000000,3.000000,3.000000,4.000000,4.000000,97.000000,97.000000,97.000000,96.000000,96.000000,5.0,-10.4573,-9.7733,-51.0562,-51.7402,PENDING_AG03,FALSE,NOT_FOR_ENFORCEMENT,-59.6681,241.2114,-61.5135,-59.6681,-1.8454,-0.23500000,-0.22795000,-1.8454,-59.6681,-0.22795000,-1.8454,-1.8454,-1.8454,-2.4605,-2.4605,-59.6681,-0.22795000,-10.4573,-9.7733,-51.0562,-51.7402,-0.19505000,-0.19766307,-0.00705000,13.0880,12.4336,-3.0757,-61.5135,-4.3938,261.7595,20.0000,,13.0880,13.088,13.088,13.088,13.088,13.088,13.088,13.088,12.4336,1.0,1.0,1.0,14,12,1,2,0E-8,-0.23500000,,0E-8,0.000000,0.950000,0.000000,,2026-04-03,2026-04-03,1,14,14,1,1.000000,,,0.000000,,,,,,,,GLOBAL_BASELINE_NO_ENTITY_RANKING,,,NOT_APPLICABLE_GLOBAL_BASELINE,HF9g-P5,,,,X 全窗基线 · 不参与实体赏罚,3922661,393,A168_HF9F_20260827_0900,2026-08-27 09:00:00
2026-04-03,148177977,1306,0,13.0879773840,-13.0879773840,-13.0879773840,0E-7,1,1,0.50665070000000000,0.506650700000,-1.013391052207602,-1.013391052207602,-1.013391052207602,0E-17,ELIGIBLE,R03b_20260811_FULL_v1,L1_ELIGIBILITY,v2026-08-11,2026-03-21..2026-08-06,baccarat_bet02_101_all_pairs_incl_sentinel,round_win = game_pnl > 0 (decisive only),COMPATIBILITY_ONLY_NOT_PRODUCTION,261.7595,248.6716,-61.5135,20,20,0.23500000,,0.23500000,0.23500000,61.5135,261.7595,THIN_EXPOSURE,0.0000,-1.8454,3.0000,97.0000,AG03-UNRESOLVED,ALL5_LEVELS_bet23_to_bet27,-1.8454,-1.8454,-1.8454,-2.4605,-2.4605,3.000000,3.000000,3.000000,4.000000,4.000000,97.000000,97.000000,97.000000,96.000000,96.000000,5.0,-10.4573,-9.7733,-51.0562,-51.7402,PENDING_AG03,FALSE,NOT_FOR_ENFORCEMENT,-59.6681,241.2114,-61.5135,-59.6681,-1.8454,-0.23500000,-0.22795000,-1.8454,-59.6681,-0.22795000,-1.8454,-1.8454,-1.8454,-2.4605,-2.4605,-59.6681,-0.22795000,-10.4573,-9.7733,-51.0562,-51.7402,-0.19505000,-0.19766307,-0.00705000,13.0880,12.4336,-3.0757,-61.5135,-4.3938,261.7595,20.0000,,13.0880,13.088,13.088,13.088,13.088,13.088,13.088,13.088,12.4336,1.0,1.0,1.0,14,12,1,2,0E-8,-0.23500000,,0E-8,0.000000,0.950000,0.000000,,2026-04-03,2026-04-03,1,14,14,1,1.000000,,,0.000000,,,,,,,,GLOBAL_BASELINE_NO_ENTITY_RANKING,,,NOT_APPLICABLE_GLOBAL_BASELINE,HF9g-P5,,,,X 全窗基线 · 不参与实体赏罚,3922662,393,A168_HF9F_20260827_0900,2026-08-27 09:00:00
2026-04-03,148177977,1318,0,26.1759547680,25.5215558988,25.5215558988,1.0000000,2,2,0.49994810000000000,0.499948100000,1.4143603653603398,1.4143603653603398,1.4143603653603398,0E-17,ELIGIBLE,R03b_20260811_FULL_v1,L1_ELIGIBILITY,v2026-08-11,2026-03-21..2026-08-06,baccarat_bet02_101_all_pairs_incl_sentinel,round_win = game_pnl > 0 (decisive only),COMPATIBILITY_ONLY_NOT_PRODUCTION,261.7595,248.6716,-61.5135,20,20,0.23500000,,0.23500000,0.23500000,61.5135,261.7595,THIN_EXPOSURE,0.0000,-1.8454,3.0000,97.0000,AG03-UNRESOLVED,ALL5_LEVELS_bet23_to_bet27,-1.8454,-1.8454,-1.8454,-2.4605,-2.4605,3.000000,3.000000,3.000000,4.000000,4.000000,97.000000,97.000000,97.000000,96.000000,96.000000,5.0,-10.4573,-9.7733,-51.0562,-51.7402,PENDING_AG03,FALSE,NOT_FOR_ENFORCEMENT,-59.6681,241.2114,-61.5135,-59.6681,-1.8454,-0.23500000,-0.22795000,-1.8454,-59.6681,-0.22795000,-1.8454,-1.8454,-1.8454,-2.4605,-2.4605,-59.6681,-0.22795000,-10.4573,-9.7733,-51.0562,-51.7402,-0.19505000,-0.19766307,-0.00705000,13.0880,12.4336,-3.0757,-61.5135,-4.3938,261.7595,20.0000,,13.0880,13.088,13.088,13.088,13.088,13.088,13.088,13.088,12.4336,1.0,1.0,1.0,14,12,1,2,0E-8,-0.23500000,,0E-8,0.000000,0.950000,0.000000,,2026-04-03,2026-04-03,1,14,14,1,1.000000,,,0.000000,,,,,,,,GLOBAL_BASELINE_NO_ENTITY_RANKING,,,NOT_APPLICABLE_GLOBAL_BASELINE,HF9g-P5,,,,X 全窗基线 · 不参与实体赏罚,3922663,393,A168_HF9F_20260827_0900,2026-08-27 09:00:00
2026-04-03,148177977,1646,0,26.1759547680,0E-10,0E-10,0.5000000,2,2,0.49994810000000000,0.499948100000,0.00014679536856514622,0.00014679536856514622,0.00014679536856514622,0E-17,ELIGIBLE,R03b_20260811_FULL_v1,L1_ELIGIBILITY,v2026-08-11,2026-03-21..2026-08-06,baccarat_bet02_101_all_pairs_incl_sentinel,round_win = game_pnl > 0 (decisive only),COMPATIBILITY_ONLY_NOT_PRODUCTION,261.7595,248.6716,-61.5135,20,20,0.23500000,,0.23500000,0.23500000,61.5135,261.7595,THIN_EXPOSURE,0.0000,-1.8454,3.0000,97.0000,AG03-UNRESOLVED,ALL5_LEVELS_bet23_to_bet27,-1.8454,-1.8454,-1.8454,-2.4605,-2.4605,3.000000,3.000000,3.000000,4.000000,4.000000,97.000000,97.000000,97.000000,96.000000,96.000000,5.0,-10.4573,-9.7733,-51.0562,-51.7402,PENDING_AG03,FALSE,NOT_FOR_ENFORCEMENT,-59.6681,241.2114,-61.5135,-59.6681,-1.8454,-0.23500000,-0.22795000,-1.8454,-59.6681,-0.22795000,-1.8454,-1.8454,-1.8454,-2.4605,-2.4605,-59.6681,-0.22795000,-10.4573,-9.7733,-51.0562,-51.7402,-0.19505000,-0.19766307,-0.00705000,13.0880,12.4336,-3.0757,-61.5135,-4.3938,261.7595,20.0000,,13.0880,13.088,13.088,13.088,13.088,13.088,13.088,13.088,12.4336,1.0,1.0,1.0,14,12,1,2,0E-8,-0.23500000,,0E-8,0.000000,0.950000,0.000000,,2026-04-03,2026-04-03,1,14,14,1,1.000000,,,0.000000,,,,,,,,GLOBAL_BASELINE_NO_ENTITY_RANKING,,,NOT_APPLICABLE_GLOBAL_BASELINE,HF9g-P5,,,,X 全窗基线 · 不参与实体赏罚,3922664,393,A168_HF9F_20260827_0900,2026-08-27 09:00:00
2026-04-03,148177977,1966,0,13.0879773840,13.0879773840,13.0879773840,1.0000000,1,1,0.49324550000000000,0.493245500000,1.01360149184955,1.01360149184955,1.01360149184955,0E-17,ELIGIBLE,R03b_20260811_FULL_v1,L1_ELIGIBILITY,v2026-08-11,2026-03-21..2026-08-06,baccarat_bet02_101_all_pairs_incl_sentinel,round_win = game_pnl > 0 (decisive only),COMPATIBILITY_ONLY_NOT_PRODUCTION,261.7595,248.6716,-61.5135,20,20,0.23500000,,0.23500000,0.23500000,61.5135,261.7595,THIN_EXPOSURE,0.0000,-1.8454,3.0000,97.0000,AG03-UNRESOLVED,ALL5_LEVELS_bet23_to_bet27,-1.8454,-1.8454,-1.8454,-2.4605,-2.4605,3.000000,3.000000,3.000000,4.000000,4.000000,97.000000,97.000000,97.000000,96.000000,96.000000,5.0,-10.4573,-9.7733,-51.0562,-51.7402,PENDING_AG03,FALSE,NOT_FOR_ENFORCEMENT,-59.6681,241.2114,-61.5135,-59.6681,-1.8454,-0.23500000,-0.22795000,-1.8454,-59.6681,-0.22795000,-1.8454,-1.8454,-1.8454,-2.4605,-2.4605,-59.6681,-0.22795000,-10.4573,-9.7733,-51.0562,-51.7402,-0.19505000,-0.19766307,-0.00705000,13.0880,12.4336,-3.0757,-61.5135,-4.3938,261.7595,20.0000,,13.0880,13.088,13.088,13.088,13.088,13.088,13.088,13.088,12.4336,1.0,1.0,1.0,14,12,1,2,0E-8,-0.23500000,,0E-8,0.000000,0.950000,0.000000,,2026-04-03,2026-04-03,1,14,14,1,1.000000,,,0.000000,,,,,,,,GLOBAL_BASELINE_NO_ENTITY_RANKING,,,NOT_APPLICABLE_GLOBAL_BASELINE,HF9g-P5,,,,X 全窗基线 · 不参与实体赏罚,3922665,393,A168_HF9F_20260827_0900,2026-08-27 09:00:00
2026-04-03,148177977,2093,0,26.1759547680,-0.6543988692,-0.6543988692,0.5000000,2,2,0.49994810000000000,0.499948100000,0.00014679536856514622,0.00014679536856514622,0.00014679536856514622,0E-17,ELIGIBLE,R03b_20260811_FULL_v1,L1_ELIGIBILITY,v2026-08-11,2026-03-21..2026-08-06,baccarat_bet02_101_all_pairs_incl_sentinel,round_win = game_pnl > 0 (decisive only),COMPATIBILITY_ONLY_NOT_PRODUCTION,261.7595,248.6716,-61.5135,20,20,0.23500000,,0.23500000,0.23500000,61.5135,261.7595,THIN_EXPOSURE,0.0000,-1.8454,3.0000,97.0000,AG03-UNRESOLVED,ALL5_LEVELS_bet23_to_bet27,-1.8454,-1.8454,-1.8454,-2.4605,-2.4605,3.000000,3.000000,3.000000,4.000000,4.000000,97.000000,97.000000,97.000000,96.000000,96.000000,5.0,-10.4573,-9.7733,-51.0562,-51.7402,PENDING_AG03,FALSE,NOT_FOR_ENFORCEMENT,-59.6681,241.2114,-61.5135,-59.6681,-1.8454,-0.23500000,-0.22795000,-1.8454,-59.6681,-0.22795000,-1.8454,-1.8454,-1.8454,-2.4605,-2.4605,-59.6681,-0.22795000,-10.4573,-9.7733,-51.0562,-51.7402,-0.19505000,-0.19766307,-0.00705000,13.0880,12.4336,-3.0757,-61.5135,-4.3938,261.7595,20.0000,,13.0880,13.088,13.088,13.088,13.088,13.088,13.088,13.088,12.4336,1.0,1.0,1.0,14,12,1,2,0E-8,-0.23500000,,0E-8,0.000000,0.950000,0.000000,,2026-04-03,2026-04-03,1,14,14,1,1.000000,,,0.000000,,,,,,,,GLOBAL_BASELINE_NO_ENTITY_RANKING,,,NOT_APPLICABLE_GLOBAL_BASELINE,HF9g-P5,,,,X 全窗基线 · 不参与实体赏罚,3922666,393,A168_HF9F_20260827_0900,2026-08-27 09:00:00
2026-04-03,148177977,2115,0,13.0879773840,-13.0879773840,-13.0879773840,0E-7,1,1,0.49324550000000000,0.493245500000,-0.9865810262130424,-0.9865810262130424,-0.9865810262130424,0E-17,ELIGIBLE,R03b_20260811_FULL_v1,L1_ELIGIBILITY,v2026-08-11,2026-03-21..2026-08-06,baccarat_bet02_101_all_pairs_incl_sentinel,round_win = game_pnl > 0 (decisive only),COMPATIBILITY_ONLY_NOT_PRODUCTION,261.7595,248.6716,-61.5135,20,20,0.23500000,,0.23500000,0.23500000,61.5135,261.7595,THIN_EXPOSURE,0.0000,-1.8454,3.0000,97.0000,AG03-UNRESOLVED,ALL5_LEVELS_bet23_to_bet27,-1.8454,-1.8454,-1.8454,-2.4605,-2.4605,3.000000,3.000000,3.000000,4.000000,4.000000,97.000000,97.000000,97.000000,96.000000,96.000000,5.0,-10.4573,-9.7733,-51.0562,-51.7402,PENDING_AG03,FALSE,NOT_FOR_ENFORCEMENT,-59.6681,241.2114,-61.5135,-59.6681,-1.8454,-0.23500000,-0.22795000,-1.8454,-59.6681,-0.22795000,-1.8454,-1.8454,-1.8454,-2.4605,-2.4605,-59.6681,-0.22795000,-10.4573,-9.7733,-51.0562,-51.7402,-0.19505000,-0.19766307,-0.00705000,13.0880,12.4336,-3.0757,-61.5135,-4.3938,261.7595,20.0000,,13.0880,13.088,13.088,13.088,13.088,13.088,13.088,13.088,12.4336,1.0,1.0,1.0,14,12,1,2,0E-8,-0.23500000,,0E-8,0.000000,0.950000,0.000000,,2026-04-03,2026-04-03,1,14,14,1,1.000000,,,0.000000,,,,,,,,GLOBAL_BASELINE_NO_ENTITY_RANKING,,,NOT_APPLICABLE_GLOBAL_BASELINE,HF9g-P5,,,,X 全窗基线 · 不参与实体赏罚,3922667,393,A168_HF9F_20260827_0900,2026-08-27 09:00:00
2026-04-03,148177977,2141,0,26.1759547680,-0.6543988692,-0.6543988692,0.5000000,2,2,0.50665070000000000,0.506650700000,-0.018812684590367487,-0.018812684590367487,-0.018812684590367487,0E-17,ELIGIBLE,R03b_20260811_FULL_v1,L1_ELIGIBILITY,v2026-08-11,2026-03-21..2026-08-06,baccarat_bet02_101_all_pairs_incl_sentinel,round_win = game_pnl > 0 (decisive only),COMPATIBILITY_ONLY_NOT_PRODUCTION,261.7595,248.6716,-61.5135,20,20,0.23500000,,0.23500000,0.23500000,61.5135,261.7595,THIN_EXPOSURE,0.0000,-1.8454,3.0000,97.0000,AG03-UNRESOLVED,ALL5_LEVELS_bet23_to_bet27,-1.8454,-1.8454,-1.8454,-2.4605,-2.4605,3.000000,3.000000,3.000000,4.000000,4.000000,97.000000,97.000000,97.000000,96.000000,96.000000,5.0,-10.4573,-9.7733,-51.0562,-51.7402,PENDING_AG03,FALSE,NOT_FOR_ENFORCEMENT,-59.6681,241.2114,-61.5135,-59.6681,-1.8454,-0.23500000,-0.22795000,-1.8454,-59.6681,-0.22795000,-1.8454,-1.8454,-1.8454,-2.4605,-2.4605,-59.6681,-0.22795000,-10.4573,-9.7733,-51.0562,-51.7402,-0.19505000,-0.19766307,-0.00705000,13.0880,12.4336,-3.0757,-61.5135,-4.3938,261.7595,20.0000,,13.0880,13.088,13.088,13.088,13.088,13.088,13.088,13.088,12.4336,1.0,1.0,1.0,14,12,1,2,0E-8,-0.23500000,,0E-8,0.000000,0.950000,0.000000,,2026-04-03,2026-04-03,1,14,14,1,1.000000,,,0.000000,,,,,,,,GLOBAL_BASELINE_NO_ENTITY_RANKING,,,NOT_APPLICABLE_GLOBAL_BASELINE,HF9g-P5,,,,X 全窗基线 · 不参与实体赏罚,3922668,393,A168_HF9F_20260827_0900,2026-08-27 09:00:00
2026-04-03,148177977,2216,0,13.0879773840,-13.0879773840,-13.0879773840,0E-7,1,1,0.50665070000000000,0.506650700000,-1.013391052207602,-1.013391052207602,-1.013391052207602,0E-17,ELIGIBLE,R03b_20260811_FULL_v1,L1_ELIGIBILITY,v2026-08-11,2026-03-21..2026-08-06,baccarat_bet02_101_all_pairs_incl_sentinel,round_win = game_pnl > 0 (decisive only),COMPATIBILITY_ONLY_NOT_PRODUCTION,261.7595,248.6716,-61.5135,20,20,0.23500000,,0.23500000,0.23500000,61.5135,261.7595,THIN_EXPOSURE,0.0000,-1.8454,3.0000,97.0000,AG03-UNRESOLVED,ALL5_LEVELS_bet23_to_bet27,-1.8454,-1.8454,-1.8454,-2.4605,-2.4605,3.000000,3.000000,3.000000,4.000000,4.000000,97.000000,97.000000,97.000000,96.000000,96.000000,5.0,-10.4573,-9.7733,-51.0562,-51.7402,PENDING_AG03,FALSE,NOT_FOR_ENFORCEMENT,-59.6681,241.2114,-61.5135,-59.6681,-1.8454,-0.23500000,-0.22795000,-1.8454,-59.6681,-0.22795000,-1.8454,-1.8454,-1.8454,-2.4605,-2.4605,-59.6681,-0.22795000,-10.4573,-9.7733,-51.0562,-51.7402,-0.19505000,-0.19766307,-0.00705000,13.0880,12.4336,-3.0757,-61.5135,-4.3938,261.7595,20.0000,,13.0880,13.088,13.088,13.088,13.088,13.088,13.088,13.088,12.4336,1.0,1.0,1.0,14,12,1,2,0E-8,-0.23500000,,0E-8,0.000000,0.950000,0.000000,,2026-04-03,2026-04-03,1,14,14,1,1.000000,,,0.000000,,,,,,,,GLOBAL_BASELINE_NO_ENTITY_RANKING,,,NOT_APPLICABLE_GLOBAL_BASELINE,HF9g-P5,,,,X 全窗基线 · 不参与实体赏罚,3922669,393,A168_HF9F_20260827_0900,2026-08-27 09:00:00
2026-04-03,148177977,2244,0,13.0879773840,12.4335785148,12.4335785148,1.0000000,1,1,0.50665070000000000,0.506650700000,0.9867858985152569,0.9867858985152569,0.9867858985152569,0E-17,ELIGIBLE,R03b_20260811_FULL_v1,L1_ELIGIBILITY,v2026-08-11,2026-03-21..2026-08-06,baccarat_bet02_101_all_pairs_incl_sentinel,round_win = game_pnl > 0 (decisive only),COMPATIBILITY_ONLY_NOT_PRODUCTION,261.7595,248.6716,-61.5135,20,20,0.23500000,,0.23500000,0.23500000,61.5135,261.7595,THIN_EXPOSURE,0.0000,-1.8454,3.0000,97.0000,AG03-UNRESOLVED,ALL5_LEVELS_bet23_to_bet27,-1.8454,-1.8454,-1.8454,-2.4605,-2.4605,3.000000,3.000000,3.000000,4.000000,4.000000,97.000000,97.000000,97.000000,96.000000,96.000000,5.0,-10.4573,-9.7733,-51.0562,-51.7402,PENDING_AG03,FALSE,NOT_FOR_ENFORCEMENT,-59.6681,241.2114,-61.5135,-59.6681,-1.8454,-0.23500000,-0.22795000,-1.8454,-59.6681,-0.22795000,-1.8454,-1.8454,-1.8454,-2.4605,-2.4605,-59.6681,-0.22795000,-10.4573,-9.7733,-51.0562,-51.7402,-0.19505000,-0.19766307,-0.00705000,13.0880,12.4336,-3.0757,-61.5135,-4.3938,261.7595,20.0000,,13.0880,13.088,13.088,13.088,13.088,13.088,13.088,13.088,12.4336,1.0,1.0,1.0,14,12,1,2,0E-8,-0.23500000,,0E-8,0.000000,0.950000,0.000000,,2026-04-03,2026-04-03,1,14,14,1,1.000000,,,0.000000,,,,,,,,GLOBAL_BASELINE_NO_ENTITY_RANKING,,,NOT_APPLICABLE_GLOBAL_BASELINE,HF9g-P5,,,,X 全窗基线 · 不参与实体赏罚,3922670,393,A168_HF9F_20260827_0900,2026-08-27 09:00:00
2026-04-03,148177977,462,0,13.0879773840,13.0879773840,13.0879773840,1.0000000,1,1,0.49324550000000000,0.493245500000,1.01360149184955,1.01360149184955,1.01360149184955,0E-17,ELIGIBLE,R03b_20260811_FULL_v1,L1_ELIGIBILITY,v2026-08-11,2026-03-21..2026-08-06,baccarat_bet02_101_all_pairs_incl_sentinel,round_win = game_pnl > 0 (decisive only),COMPATIBILITY_ONLY_NOT_PRODUCTION,261.7595,248.6716,-61.5135,20,20,0.23500000,,0.23500000,0.23500000,61.5135,261.7595,THIN_EXPOSURE,0.0000,-1.8454,3.0000,97.0000,AG03-UNRESOLVED,ALL5_LEVELS_bet23_to_bet27,-1.8454,-1.8454,-1.8454,-2.4605,-2.4605,3.000000,3.000000,3.000000,4.000000,4.000000,97.000000,97.000000,97.000000,96.000000,96.000000,5.0,-10.4573,-9.7733,-51.0562,-51.7402,PENDING_AG03,FALSE,NOT_FOR_ENFORCEMENT,-59.6681,241.2114,-61.5135,-59.6681,-1.8454,-0.23500000,-0.22795000,-1.8454,-59.6681,-0.22795000,-1.8454,-1.8454,-1.8454,-2.4605,-2.4605,-59.6681,-0.22795000,-10.4573,-9.7733,-51.0562,-51.7402,-0.19505000,-0.19766307,-0.00705000,13.0880,12.4336,-3.0757,-61.5135,-4.3938,261.7595,20.0000,,13.0880,13.088,13.088,13.088,13.088,13.088,13.088,13.088,12.4336,1.0,1.0,1.0,14,12,1,2,0E-8,-0.23500000,,0E-8,0.000000,0.950000,0.000000,,2026-04-03,2026-04-03,1,14,14,1,1.000000,,,0.000000,,,,,,,,GLOBAL_BASELINE_NO_ENTITY_RANKING,,,NOT_APPLICABLE_GLOBAL_BASELINE,HF9g-P5,,,,X 全窗基线 · 不参与实体赏罚,3922671,393,A168_HF9F_20260827_0900,2026-08-27 09:00:00
2026-04-03,148177977,763,0,13.0879773840,12.4335785148,12.4335785148,1.0000000,1,1,0.50665070000000000,0.506650700000,0.9867858985152569,0.9867858985152569,0.9867858985152569,0E-17,ELIGIBLE,R03b_20260811_FULL_v1,L1_ELIGIBILITY,v2026-08-11,2026-03-21..2026-08-06,baccarat_bet02_101_all_pairs_incl_sentinel,round_win = game_pnl > 0 (decisive only),COMPATIBILITY_ONLY_NOT_PRODUCTION,261.7595,248.6716,-61.5135,20,20,0.23500000,,0.23500000,0.23500000,61.5135,261.7595,THIN_EXPOSURE,0.0000,-1.8454,3.0000,97.0000,AG03-UNRESOLVED,ALL5_LEVELS_bet23_to_bet27,-1.8454,-1.8454,-1.8454,-2.4605,-2.4605,3.000000,3.000000,3.000000,4.000000,4.000000,97.000000,97.000000,97.000000,96.000000,96.000000,5.0,-10.4573,-9.7733,-51.0562,-51.7402,PENDING_AG03,FALSE,NOT_FOR_ENFORCEMENT,-59.6681,241.2114,-61.5135,-59.6681,-1.8454,-0.23500000,-0.22795000,-1.8454,-59.6681,-0.22795000,-1.8454,-1.8454,-1.8454,-2.4605,-2.4605,-59.6681,-0.22795000,-10.4573,-9.7733,-51.0562,-51.7402,-0.19505000,-0.19766307,-0.00705000,13.0880,12.4336,-3.0757,-61.5135,-4.3938,261.7595,20.0000,,13.0880,13.088,13.088,13.088,13.088,13.088,13.088,13.088,12.4336,1.0,1.0,1.0,14,12,1,2,0E-8,-0.23500000,,0E-8,0.000000,0.950000,0.000000,,2026-04-03,2026-04-03,1,14,14,1,1.000000,,,0.000000,,,,,,,,GLOBAL_BASELINE_NO_ENTITY_RANKING,,,NOT_APPLICABLE_GLOBAL_BASELINE,HF9g-P5,,,,X 全窗基线 · 不参与实体赏罚,3922672,393,A168_HF9F_20260827_0900,2026-08-27 09:00:00
2026-04-20,148940291,1325,0,248.6715702959,48.4255163207,48.4255163207,0.5555556,18,10,0.46050287919191919,0.341788991667,0.5721038413175603,1.3520707729554198,0.5721038413175603,0.11871388752491919,ELIGIBLE,R03b_20260811_FULL_v1,L1_ELIGIBILITY,v2026-08-11,2026-03-21..2026-08-06,baccarat_bet02_101_all_pairs_incl_sentinel,round_win = game_pnl > 0 (decisive only),COMPATIBILITY_ONLY_NOT_PRODUCTION,353.3754,270.9211,-61.5135,26,18,0.17407407,,0.17407407,0.17407407,61.5135,353.3754,THIN_EXPOSURE,0.0000,-1.8454,3.0000,97.0000,AG03-UNRESOLVED,ALL5_LEVELS_bet23_to_bet27,-1.8454,-1.8454,-1.8454,-2.4605,-2.4605,3.000000,3.000000,3.000000,4.000000,4.000000,97.000000,97.000000,97.000000,96.000000,96.000000,5.0,-10.4573,-9.7733,-51.0562,-51.7402,PENDING_AG03,FALSE,NOT_FOR_ENFORCEMENT,-59.6681,262.7935,-61.5135,-59.6681,-1.8454,-0.17407407,-0.16885185,-1.8454,-59.6681,-0.16885185,-1.8454,-1.8454,-1.8454,-2.4605,-2.4605,-59.6681,-0.16885185,-10.4573,-9.7733,-51.0562,-51.7402,-0.14448148,-0.14641709,-0.00522222,13.5914,15.0512,-3.4174,-30.7567,-15.3784,176.6877,9.0000,,13.5914,2.6176,13.088,18.3232,26.176,26.6995,28.7936,9.816,-1.3088,2.04,2.2,1.038462,3,4,2,4,0E-8,-0.17407407,,0E-8,0.000000,0.766667,0.846154,,2026-04-20,2026-04-21,2,4,4,2,1.000000,,,0.000000,,,,,,,,GLOBAL_BASELINE_NO_ENTITY_RANKING,,,NOT_APPLICABLE_GLOBAL_BASELINE,HF9g-P5,,,,X 全窗基线 · 不参与实体赏罚,3922673,393,A168_HF9F_20260827_0900,2026-08-27 09:00:00
2026-04-20,148940291,2174,0,18.3231683376,18.3231683376,18.3231683376,1.0000000,1,1,0.50665070000000000,0.506650700000,0.9867858985152569,0.9867858985152569,0.9867858985152569,0E-17,ELIGIBLE,R03b_20260811_FULL_v1,L1_ELIGIBILITY,v2026-08-11,2026-03-21..2026-08-06,baccarat_bet02_101_all_pairs_incl_sentinel,round_win = game_pnl > 0 (decisive only),COMPATIBILITY_ONLY_NOT_PRODUCTION,353.3754,270.9211,-61.5135,26,18,0.17407407,,0.17407407,0.17407407,61.5135,353.3754,THIN_EXPOSURE,0.0000,-1.8454,3.0000,97.0000,AG03-UNRESOLVED,ALL5_LEVELS_bet23_to_bet27,-1.8454,-1.8454,-1.8454,-2.4605,-2.4605,3.000000,3.000000,3.000000,4.000000,4.000000,97.000000,97.000000,97.000000,96.000000,96.000000,5.0,-10.4573,-9.7733,-51.0562,-51.7402,PENDING_AG03,FALSE,NOT_FOR_ENFORCEMENT,-59.6681,262.7935,-61.5135,-59.6681,-1.8454,-0.17407407,-0.16885185,-1.8454,-59.6681,-0.16885185,-1.8454,-1.8454,-1.8454,-2.4605,-2.4605,-59.6681,-0.16885185,-10.4573,-9.7733,-51.0562,-51.7402,-0.14448148,-0.14641709,-0.00522222,13.5914,15.0512,-3.4174,-30.7567,-15.3784,176.6877,9.0000,,13.5914,2.6176,13.088,18.3232,26.176,26.6995,28.7936,9.816,-1.3088,2.04,2.2,1.038462,3,4,2,4,0E-8,-0.17407407,,0E-8,0.000000,0.766667,0.846154,,2026-04-20,2026-04-21,2,4,4,2,1.000000,,,0.000000,,,,,,,,GLOBAL_BASELINE_NO_ENTITY_RANKING,,,NOT_APPLICABLE_GLOBAL_BASELINE,HF9g-P5,,,,X 全窗基线 · 不参与实体赏罚,3922674,393,A168_HF9F_20260827_0900,2026-08-27 09:00:00
2026-04-20,148940291,2177,0,60.2046959664,20.9407638144,20.9407638144,0.7500000,5,5,0.49860758000000000,0.498607580000,1.005573579286957,1.005573579286957,1.005573579286957,0E-17,ELIGIBLE,R03b_20260811_FULL_v1,L1_ELIGIBILITY,v2026-08-11,2026-03-21..2026-08-06,baccarat_bet02_101_all_pairs_incl_sentinel,round_win = game_pnl > 0 (decisive only),COMPATIBILITY_ONLY_NOT_PRODUCTION,353.3754,270.9211,-61.5135,26,18,0.17407407,,0.17407407,0.17407407,61.5135,353.3754,THIN_EXPOSURE,0.0000,-1.8454,3.0000,97.0000,AG03-UNRESOLVED,ALL5_LEVELS_bet23_to_bet27,-1.8454,-1.8454,-1.8454,-2.4605,-2.4605,3.000000,3.000000,3.000000,4.000000,4.000000,97.000000,97.000000,97.000000,96.000000,96.000000,5.0,-10.4573,-9.7733,-51.0562,-51.7402,PENDING_AG03,FALSE,NOT_FOR_ENFORCEMENT,-59.6681,262.7935,-61.5135,-59.6681,-1.8454,-0.17407407,-0.16885185,-1.8454,-59.6681,-0.16885185,-1.8454,-1.8454,-1.8454,-2.4605,-2.4605,-59.6681,-0.16885185,-10.4573,-9.7733,-51.0562,-51.7402,-0.14448148,-0.14641709,-0.00522222,13.5914,15.0512,-3.4174,-30.7567,-15.3784,176.6877,9.0000,,13.5914,2.6176,13.088,18.3232,26.176,26.6995,28.7936,9.816,-1.3088,2.04,2.2,1.038462,3,4,2,4,0E-8,-0.17407407,,0E-8,0.000000,0.766667,0.846154,,2026-04-20,2026-04-21,2,4,4,2,1.000000,,,0.000000,,,,,,,,GLOBAL_BASELINE_NO_ENTITY_RANKING,,,NOT_APPLICABLE_GLOBAL_BASELINE,HF9g-P5,,,,X 全窗基线 · 不参与实体赏罚,3922675,393,A168_HF9F_20260827_0900,2026-08-27 09:00:00
2026-04-21,148940291,1384,0,10.4703819072,-10.4703819072,-10.4703819072,0E-7,1,1,0.50665070000000000,0.506650700000,-1.013391052207602,-1.013391052207602,-1.013391052207602,0E-17,ELIGIBLE,R03b_20260811_FULL_v1,L1_ELIGIBILITY,v2026-08-11,2026-03-21..2026-08-06,baccarat_bet02_101_all_pairs_incl_sentinel,round_win = game_pnl > 0 (decisive only),COMPATIBILITY_ONLY_NOT_PRODUCTION,353.3754,270.9211,-61.5135,26,18,0.17407407,,0.17407407,0.17407407,61.5135,353.3754,THIN_EXPOSURE,0.0000,-1.8454,3.0000,97.0000,AG03-UNRESOLVED,ALL5_LEVELS_bet23_to_bet27,-1.8454,-1.8454,-1.8454,-2.4605,-2.4605,3.000000,3.000000,3.000000,4.000000,4.000000,97.000000,97.000000,97.000000,96.000000,96.000000,5.0,-10.4573,-9.7733,-51.0562,-51.7402,PENDING_AG03,FALSE,NOT_FOR_ENFORCEMENT,-59.6681,262.7935,-61.5135,-59.6681,-1.8454,-0.17407407,-0.16885185,-1.8454,-59.6681,-0.16885185,-1.8454,-1.8454,-1.8454,-2.4605,-2.4605,-59.6681,-0.16885185,-10.4573,-9.7733,-51.0562,-51.7402,-0.14448148,-0.14641709,-0.00522222,13.5914,15.0512,-3.4174,-30.7567,-15.3784,176.6877,9.0000,,13.5914,2.6176,13.088,18.3232,26.176,26.6995,28.7936,9.816,-1.3088,2.04,2.2,1.038462,3,4,2,4,0E-8,-0.17407407,,0E-8,0.000000,0.766667,0.846154,,2026-04-20,2026-04-21,2,4,4,2,1.000000,,,0.000000,,,,,,,,GLOBAL_BASELINE_NO_ENTITY_RANKING,,,NOT_APPLICABLE_GLOBAL_BASELINE,HF9g-P5,,,,X 全窗基线 · 不参与实体赏罚,3922676,393,A168_HF9F_20260827_0900,2026-08-27 09:00:00
2026-04-21,148940291,2174,0,15.7055728608,-15.7055728608,-15.7055728608,0E-7,1,1,0.50665070000000000,0.506650700000,-1.013391052207602,-1.013391052207602,-1.013391052207602,0E-17,ELIGIBLE,R03b_20260811_FULL_v1,L1_ELIGIBILITY,v2026-08-11,2026-03-21..2026-08-06,baccarat_bet02_101_all_pairs_incl_sentinel,round_win = game_pnl > 0 (decisive only),COMPATIBILITY_ONLY_NOT_PRODUCTION,353.3754,270.9211,-61.5135,26,18,0.17407407,,0.17407407,0.17407407,61.5135,353.3754,THIN_EXPOSURE,0.0000,-1.8454,3.0000,97.0000,AG03-UNRESOLVED,ALL5_LEVELS_bet23_to_bet27,-1.8454,-1.8454,-1.8454,-2.4605,-2.4605,3.000000,3.000000,3.000000,4.000000,4.000000,97.000000,97.000000,97.000000,96.000000,96.000000,5.0,-10.4573,-9.7733,-51.0562,-51.7402,PENDING_AG03,FALSE,NOT_FOR_ENFORCEMENT,-59.6681,262.7935,-61.5135,-59.6681,-1.8454,-0.17407407,-0.16885185,-1.8454,-59.6681,-0.16885185,-1.8454,-1.8454,-1.8454,-2.4605,-2.4605,-59.6681,-0.16885185,-10.4573,-9.7733,-51.0562,-51.7402,-0.14448148,-0.14641709,-0.00522222,13.5914,15.0512,-3.4174,-30.7567,-15.3784,176.6877,9.0000,,13.5914,2.6176,13.088,18.3232,26.176,26.6995,28.7936,9.816,-1.3088,2.04,2.2,1.038462,3,4,2,4,0E-8,-0.17407407,,0E-8,0.000000,0.766667,0.846154,,2026-04-20,2026-04-21,2,4,4,2,1.000000,,,0.000000,,,,,,,,GLOBAL_BASELINE_NO_ENTITY_RANKING,,,NOT_APPLICABLE_GLOBAL_BASELINE,HF9g-P5,,,,X 全窗基线 · 不参与实体赏罚,3922677,393,A168_HF9F_20260827_0900,2026-08-27 09:00:00
2026-04-21,148984616,1330,0,287.9355024476,-184.5404811140,-184.5404811140,0.3333333,6,6,0.49547970000000000,0.495479700000,-0.7943841881047936,-0.7943841881047936,-0.7943841881047936,0E-17,ELIGIBLE,R03b_20260811_FULL_v1,L1_ELIGIBILITY,v2026-08-11,2026-03-21..2026-08-06,baccarat_bet02_101_all_pairs_incl_sentinel,round_win = game_pnl > 0 (decisive only),COMPATIBILITY_ONLY_NOT_PRODUCTION,1463.2359,1253.8282,-61.5135,33,33,0.04203936,,0.04203936,0.04203936,61.5135,1463.2359,OK,0.0000,-1.8454,3.0000,97.0000,AG03-UNRESOLVED,ALL5_LEVELS_bet23_to_bet27,-1.8454,-1.8454,-1.8454,-2.4605,-2.4605,3.000000,3.000000,3.000000,4.000000,4.000000,97.000000,97.000000,97.000000,96.000000,96.000000,5.0,-10.4573,-9.7733,-51.0562,-51.7402,PENDING_AG03,FALSE,NOT_FOR_ENFORCEMENT,-59.6681,1216.2134,-61.5135,-59.6681,-1.8454,-0.04203936,-0.04077818,-1.8454,-59.6681,-0.04077818,-1.8454,-1.8454,-1.8454,-2.4605,-2.4605,-59.6681,-0.04077818,-10.4573,-9.7733,-51.0562,-51.7402,-0.03489267,-0.03536012,-0.00126118,44.3405,37.9948,-1.8640,-61.5135,-12.3027,1463.2359,33.0000,,44.3405,26.176,52.3519,52.3519,57.5871,78.5279,104.7038,36.6463,24.8672,1.5,2.0,0.84697,3,5,1,2,0E-8,-0.04203936,,0E-8,0.000000,0.856887,0.000000,,2026-04-21,2026-04-21,1,5,3,1,1.000000,,,0.000000,,,,,,,,GLOBAL_BASELINE_NO_ENTITY_RANKING,,,NOT_APPLICABLE_GLOBAL_BASELINE,HF9g-P5,,,,X 全窗基线 · 不参与实体赏罚,3922678,393,A168_HF9F_20260827_0900,2026-08-27 09:00:00
2026-04-21,148984616,1384,0,52.3519095359,-52.3519095359,-52.3519095359,0E-7,1,1,0.50665070000000000,0.506650700000,-1.013391052207602,-1.013391052207602,-1.013391052207602,0E-17,ELIGIBLE,R03b_20260811_FULL_v1,L1_ELIGIBILITY,v2026-08-11,2026-03-21..2026-08-06,baccarat_bet02_101_all_pairs_incl_sentinel,round_win = game_pnl > 0 (decisive only),COMPATIBILITY_ONLY_NOT_PRODUCTION,1463.2359,1253.8282,-61.5135,33,33,0.04203936,,0.04203936,0.04203936,61.5135,1463.2359,OK,0.0000,-1.8454,3.0000,97.0000,AG03-UNRESOLVED,ALL5_LEVELS_bet23_to_bet27,-1.8454,-1.8454,-1.8454,-2.4605,-2.4605,3.000000,3.000000,3.000000,4.000000,4.000000,97.000000,97.000000,97.000000,96.000000,96.000000,5.0,-10.4573,-9.7733,-51.0562,-51.7402,PENDING_AG03,FALSE,NOT_FOR_ENFORCEMENT,-59.6681,1216.2134,-61.5135,-59.6681,-1.8454,-0.04203936,-0.04077818,-1.8454,-59.6681,-0.04077818,-1.8454,-1.8454,-1.8454,-2.4605,-2.4605,-59.6681,-0.04077818,-10.4573,-9.7733,-51.0562,-51.7402,-0.03489267,-0.03536012,-0.00126118,44.3405,37.9948,-1.8640,-61.5135,-12.3027,1463.2359,33.0000,,44.3405,26.176,52.3519,52.3519,57.5871,78.5279,104.7038,36.6463,24.8672,1.5,2.0,0.84697,3,5,1,2,0E-8,-0.04203936,,0E-8,0.000000,0.856887,0.000000,,2026-04-21,2026-04-21,1,5,3,1,1.000000,,,0.000000,,,,,,,,GLOBAL_BASELINE_NO_ENTITY_RANKING,,,NOT_APPLICABLE_GLOBAL_BASELINE,HF9g-P5,,,,X 全窗基线 · 不参与实体赏罚,3922679,393,A168_HF9F_20260827_0900,2026-08-27 09:00:00
2026-04-21,148984616,2169,0,52.3519095360,-1.3087977384,-1.3087977384,0.5000000,2,2,0.49994810000000000,0.499948100000,0.00014679536856514622,0.00014679536856514622,0.00014679536856514622,0E-17,ELIGIBLE,R03b_20260811_FULL_v1,L1_ELIGIBILITY,v2026-08-11,2026-03-21..2026-08-06,baccarat_bet02_101_all_pairs_incl_sentinel,round_win = game_pnl > 0 (decisive only),COMPATIBILITY_ONLY_NOT_PRODUCTION,1463.2359,1253.8282,-61.5135,33,33,0.04203936,,0.04203936,0.04203936,61.5135,1463.2359,OK,0.0000,-1.8454,3.0000,97.0000,AG03-UNRESOLVED,ALL5_LEVELS_bet23_to_bet27,-1.8454,-1.8454,-1.8454,-2.4605,-2.4605,3.000000,3.000000,3.000000,4.000000,4.000000,97.000000,97.000000,97.000000,96.000000,96.000000,5.0,-10.4573,-9.7733,-51.0562,-51.7402,PENDING_AG03,FALSE,NOT_FOR_ENFORCEMENT,-59.6681,1216.2134,-61.5135,-59.6681,-1.8454,-0.04203936,-0.04077818,-1.8454,-59.6681,-0.04077818,-1.8454,-1.8454,-1.8454,-2.4605,-2.4605,-59.6681,-0.04077818,-10.4573,-9.7733,-51.0562,-51.7402,-0.03489267,-0.03536012,-0.00126118,44.3405,37.9948,-1.8640,-61.5135,-12.3027,1463.2359,33.0000,,44.3405,26.176,52.3519,52.3519,57.5871,78.5279,104.7038,36.6463,24.8672,1.5,2.0,0.84697,3,5,1,2,0E-8,-0.04203936,,0E-8,0.000000,0.856887,0.000000,,2026-04-21,2026-04-21,1,5,3,1,1.000000,,,0.000000,,,,,,,,GLOBAL_BASELINE_NO_ENTITY_RANKING,,,NOT_APPLICABLE_GLOBAL_BASELINE,HF9g-P5,,,,X 全窗基线 · 不参与实体赏罚,3922680,393,A168_HF9F_20260827_0900,2026-08-27 09:00:00
2026-04-21,148984616,2174,0,130.8797738398,24.8671570296,24.8671570296,0.6666667,3,3,0.50218230000000000,0.502182300000,0.5697959874915163,0.5697959874915164,0.5697959874915163,0E-17,ELIGIBLE,R03b_20260811_FULL_v1,L1_ELIGIBILITY,v2026-08-11,2026-03-21..2026-08-06,baccarat_bet02_101_all_pairs_incl_sentinel,round_win = game_pnl > 0 (decisive only),COMPATIBILITY_ONLY_NOT_PRODUCTION,1463.2359,1253.8282,-61.5135,33,33,0.04203936,,0.04203936,0.04203936,61.5135,1463.2359,OK,0.0000,-1.8454,3.0000,97.0000,AG03-UNRESOLVED,ALL5_LEVELS_bet23_to_bet27,-1.8454,-1.8454,-1.8454,-2.4605,-2.4605,3.000000,3.000000,3.000000,4.000000,4.000000,97.000000,97.000000,97.000000,96.000000,96.000000,5.0,-10.4573,-9.7733,-51.0562,-51.7402,PENDING_AG03,FALSE,NOT_FOR_ENFORCEMENT,-59.6681,1216.2134,-61.5135,-59.6681,-1.8454,-0.04203936,-0.04077818,-1.8454,-59.6681,-0.04077818,-1.8454,-1.8454,-1.8454,-2.4605,-2.4605,-59.6681,-0.04077818,-10.4573,-9.7733,-51.0562,-51.7402,-0.03489267,-0.03536012,-0.00126118,44.3405,37.9948,-1.8640,-61.5135,-12.3027,1463.2359,33.0000,,44.3405,26.176,52.3519,52.3519,57.5871,78.5279,104.7038,36.6463,24.8672,1.5,2.0,0.84697,3,5,1,2,0E-8,-0.04203936,,0E-8,0.000000,0.856887,0.000000,,2026-04-21,2026-04-21,1,5,3,1,1.000000,,,0.000000,,,,,,,,GLOBAL_BASELINE_NO_ENTITY_RANKING,,,NOT_APPLICABLE_GLOBAL_BASELINE,HF9g-P5,,,,X 全窗基线 · 不参与实体赏罚,3922681,393,A168_HF9F_20260827_0900,2026-08-27 09:00:00
2026-04-21,148984616,994,0,939.7167761698,274.8475250637,274.8475250637,0.7058824,21,21,0.49835224285714286,0.498352242857,1.7113464217359615,1.711346421737141,1.7113464217359615,1.4286E-13,ELIGIBLE,R03b_20260811_FULL_v1,L1_ELIGIBILITY,v2026-08-11,2026-03-21..2026-08-06,baccarat_bet02_101_all_pairs_incl_sentinel,round_win = game_pnl > 0 (decisive only),COMPATIBILITY_ONLY_NOT_PRODUCTION,1463.2359,1253.8282,-61.5135,33,33,0.04203936,,0.04203936,0.04203936,61.5135,1463.2359,OK,0.0000,-1.8454,3.0000,97.0000,AG03-UNRESOLVED,ALL5_LEVELS_bet23_to_bet27,-1.8454,-1.8454,-1.8454,-2.4605,-2.4605,3.000000,3.000000,3.000000,4.000000,4.000000,97.000000,97.000000,97.000000,96.000000,96.000000,5.0,-10.4573,-9.7733,-51.0562,-51.7402,PENDING_AG03,FALSE,NOT_FOR_ENFORCEMENT,-59.6681,1216.2134,-61.5135,-59.6681,-1.8454,-0.04203936,-0.04077818,-1.8454,-59.6681,-0.04077818,-1.8454,-1.8454,-1.8454,-2.4605,-2.4605,-59.6681,-0.04077818,-10.4573,-9.7733,-51.0562,-51.7402,-0.03489267,-0.03536012,-0.00126118,44.3405,37.9948,-1.8640,-61.5135,-12.3027,1463.2359,33.0000,,44.3405,26.176,52.3519,52.3519,57.5871,78.5279,104.7038,36.6463,24.8672,1.5,2.0,0.84697,3,5,1,2,0E-8,-0.04203936,,0E-8,0.000000,0.856887,0.000000,,2026-04-21,2026-04-21,1,5,3,1,1.000000,,,0.000000,,,,,,,,GLOBAL_BASELINE_NO_ENTITY_RANKING,,,NOT_APPLICABLE_GLOBAL_BASELINE,HF9g-P5,,,,X 全窗基线 · 不参与实体赏罚,3922682,393,A168_HF9F_20260827_0900,2026-08-27 09:00:00
2026-05-25,150554671,-1,1,2959.7731330735,944.2285474216,965.3859888666,0.6538462,53,29,0.47708517324156696,0.390939416724,1.8045114340495407,2.747283082957544,1.8045114340495407,0.08614575651756696,SENTINEL_DEALER,R03b_20260811_FULL_v1,L1_ELIGIBILITY,v2026-08-11,2026-03-21..2026-08-06,baccarat_bet02_101_all_pairs_incl_sentinel,round_win = game_pnl > 0 (decisive only),COMPATIBILITY_ONLY_NOT_PRODUCTION,55468.4231,51499.7495,374.8205,2782,1234,-0.00675737,,-0.00675737,-0.01418498,-374.8205,55468.4231,OK,411.9980,22.4892,6.0000,94.0000,AG03-UNRESOLVED,ALL5_LEVELS_bet23_to_bet27,22.4892,22.4892,22.4892,22.4892,22.4892,6.000000,6.000000,6.000000,6.000000,6.000000,94.000000,94.000000,94.000000,94.000000,94.000000,5.0,112.4461,99.7382,-149.6237,-136.9157,PENDING_AG03,FALSE,NOT_FOR_ENFORCEMENT,352.3312,48409.7645,-37.1775,-59.6668,-389.5088,-0.00067025,-0.00107569,22.4892,-59.6668,-0.00107569,22.4892,22.4892,22.4892,22.4892,22.4892,-59.6668,-0.00107569,112.4461,99.7382,-149.6237,-136.9157,-0.00269746,-0.00246835,-0.00702217,19.9383,41.7340,0.3037,20.8234,0.7306,3081.5791,68.5556,,19.9383,3.9466,10.3857,27.3081,58.8174,79.8235,105.031,10.3857,-4.1211,7.68589,10.113013,1.919782,29,128,38,10,0E-8,0.00675737,,0.00800000,0.800000,0.928452,0.002516,,2026-05-25,2026-06-16,18,513,239,23,0.782609,,,0.000000,,,,,,,,GLOBAL_BASELINE_NO_ENTITY_RANKING,,,NOT_APPLICABLE_GLOBAL_BASELINE,HF9g-P5,,,,X 全窗基线 · 不参与实体赏罚,3922683,393,A168_HF9F_20260827_0900,2026-08-27 09:00:00
2026-05-25,150554671,1017,0,242.6215733641,-242.6215733641,-240.6806007773,0E-7,7,3,0.42669117311848398,0.378285806667,-1.494249580415913,-1.3510619393892374,-1.494249580415913,0.04840536645148398,ELIGIBLE,R03b_20260811_FULL_v1,L1_ELIGIBILITY,v2026-08-11,2026-03-21..2026-08-06,baccarat_bet02_101_all_pairs_incl_sentinel,round_win = game_pnl > 0 (decisive only),COMPATIBILITY_ONLY_NOT_PRODUCTION,55468.4231,51499.7495,374.8205,2782,1234,-0.00675737,,-0.00675737,-0.01418498,-374.8205,55468.4231,OK,411.9980,22.4892,6.0000,94.0000,AG03-UNRESOLVED,ALL5_LEVELS_bet23_to_bet27,22.4892,22.4892,22.4892,22.4892,22.4892,6.000000,6.000000,6.000000,6.000000,6.000000,94.000000,94.000000,94.000000,94.000000,94.000000,5.0,112.4461,99.7382,-149.6237,-136.9157,PENDING_AG03,FALSE,NOT_FOR_ENFORCEMENT,352.3312,48409.7645,-37.1775,-59.6668,-389.5088,-0.00067025,-0.00107569,22.4892,-59.6668,-0.00107569,22.4892,22.4892,22.4892,22.4892,22.4892,-59.6668,-0.00107569,112.4461,99.7382,-149.6237,-136.9157,-0.00269746,-0.00246835,-0.00702217,19.9383,41.7340,0.3037,20.8234,0.7306,3081.5791,68.5556,,19.9383,3.9466,10.3857,27.3081,58.8174,79.8235,105.031,10.3857,-4.1211,7.68589,10.113013,1.919782,29,128,38,10,0E-8,0.00675737,,0.00800000,0.800000,0.928452,0.002516,,2026-05-25,2026-06-16,18,513,239,23,0.782609,,,0.000000,,,,,,,,GLOBAL_BASELINE_NO_ENTITY_RANKING,,,NOT_APPLICABLE_GLOBAL_BASELINE,HF9g-P5,,,,X 全窗基线 · 不参与实体赏罚,3922684,393,A168_HF9F_20260827_0900,2026-08-27 09:00:00
2026-05-25,150554671,1109,0,105.0309841403,-105.0309841403,-104.1907362672,0E-7,1,1,0.49324550000000000,0.493245500000,-0.9865810262130424,-0.9865810262130424,-0.9865810262130424,0E-17,ELIGIBLE,R03b_20260811_FULL_v1,L1_ELIGIBILITY,v2026-08-11,2026-03-21..2026-08-06,baccarat_bet02_101_all_pairs_incl_sentinel,round_win = game_pnl > 0 (decisive only),COMPATIBILITY_ONLY_NOT_PRODUCTION,55468.4231,51499.7495,374.8205,2782,1234,-0.00675737,,-0.00675737,-0.01418498,-374.8205,55468.4231,OK,411.9980,22.4892,6.0000,94.0000,AG03-UNRESOLVED,ALL5_LEVELS_bet23_to_bet27,22.4892,22.4892,22.4892,22.4892,22.4892,6.000000,6.000000,6.000000,6.000000,6.000000,94.000000,94.000000,94.000000,94.000000,94.000000,5.0,112.4461,99.7382,-149.6237,-136.9157,PENDING_AG03,FALSE,NOT_FOR_ENFORCEMENT,352.3312,48409.7645,-37.1775,-59.6668,-389.5088,-0.00067025,-0.00107569,22.4892,-59.6668,-0.00107569,22.4892,22.4892,22.4892,22.4892,22.4892,-59.6668,-0.00107569,112.4461,99.7382,-149.6237,-136.9157,-0.00269746,-0.00246835,-0.00702217,19.9383,41.7340,0.3037,20.8234,0.7306,3081.5791,68.5556,,19.9383,3.9466,10.3857,27.3081,58.8174,79.8235,105.031,10.3857,-4.1211,7.68589,10.113013,1.919782,29,128,38,10,0E-8,0.00675737,,0.00800000,0.800000,0.928452,0.002516,,2026-05-25,2026-06-16,18,513,239,23,0.782609,,,0.000000,,,,,,,,GLOBAL_BASELINE_NO_ENTITY_RANKING,,,NOT_APPLICABLE_GLOBAL_BASELINE,HF9g-P5,,,,X 全窗基线 · 不参与实体赏罚,3922685,393,A168_HF9F_20260827_0900,2026-08-27 09:00:00
2026-05-25,150554671,1318,0,1568.1125932147,-413.1918916080,-401.4872387355,0.3529412,30,18,0.46019915762136393,0.373547491667,-0.887287555175278,-0.17563368391070416,-0.887287555175278,0.08665166595436393,ELIGIBLE,R03b_20260811_FULL_v1,L1_ELIGIBILITY,v2026-08-11,2026-03-21..2026-08-06,baccarat_bet02_101_all_pairs_incl_sentinel,round_win = game_pnl > 0 (decisive only),COMPATIBILITY_ONLY_NOT_PRODUCTION,55468.4231,51499.7495,374.8205,2782,1234,-0.00675737,,-0.00675737,-0.01418498,-374.8205,55468.4231,OK,411.9980,22.4892,6.0000,94.0000,AG03-UNRESOLVED,ALL5_LEVELS_bet23_to_bet27,22.4892,22.4892,22.4892,22.4892,22.4892,6.000000,6.000000,6.000000,6.000000,6.000000,94.000000,94.000000,94.000000,94.000000,94.000000,5.0,112.4461,99.7382,-149.6237,-136.9157,PENDING_AG03,FALSE,NOT_FOR_ENFORCEMENT,352.3312,48409.7645,-37.1775,-59.6668,-389.5088,-0.00067025,-0.00107569,22.4892,-59.6668,-0.00107569,22.4892,22.4892,22.4892,22.4892,22.4892,-59.6668,-0.00107569,112.4461,99.7382,-149.6237,-136.9157,-0.00269746,-0.00246835,-0.00702217,19.9383,41.7340,0.3037,20.8234,0.7306,3081.5791,68.5556,,19.9383,3.9466,10.3857,27.3081,58.8174,79.8235,105.031,10.3857,-4.1211,7.68589,10.113013,1.919782,29,128,38,10,0E-8,0.00675737,,0.00800000,0.800000,0.928452,0.002516,,2026-05-25,2026-06-16,18,513,239,23,0.782609,,,0.000000,,,,,,,,GLOBAL_BASELINE_NO_ENTITY_RANKING,,,NOT_APPLICABLE_GLOBAL_BASELINE,HF9g-P5,,,,X 全窗基线 · 不参与实体赏罚,3922686,393,A168_HF9F_20260827_0900,2026-08-27 09:00:00
2026-05-25,150554671,1330,0,145.9930679550,-145.9930679550,-144.8251234114,0E-7,2,2,0.49324550000000000,0.493245500000,-1.3952362676504506,-1.3952362676504506,-1.3952362676504506,0E-17,ELIGIBLE,R03b_20260811_FULL_v1,L1_ELIGIBILITY,v2026-08-11,2026-03-21..2026-08-06,baccarat_bet02_101_all_pairs_incl_sentinel,round_win = game_pnl > 0 (decisive only),COMPATIBILITY_ONLY_NOT_PRODUCTION,55468.4231,51499.7495,374.8205,2782,1234,-0.00675737,,-0.00675737,-0.01418498,-374.8205,55468.4231,OK,411.9980,22.4892,6.0000,94.0000,AG03-UNRESOLVED,ALL5_LEVELS_bet23_to_bet27,22.4892,22.4892,22.4892,22.4892,22.4892,6.000000,6.000000,6.000000,6.000000,6.000000,94.000000,94.000000,94.000000,94.000000,94.000000,5.0,112.4461,99.7382,-149.6237,-136.9157,PENDING_AG03,FALSE,NOT_FOR_ENFORCEMENT,352.3312,48409.7645,-37.1775,-59.6668,-389.5088,-0.00067025,-0.00107569,22.4892,-59.6668,-0.00107569,22.4892,22.4892,22.4892,22.4892,22.4892,-59.6668,-0.00107569,112.4461,99.7382,-149.6237,-136.9157,-0.00269746,-0.00246835,-0.00702217,19.9383,41.7340,0.3037,20.8234,0.7306,3081.5791,68.5556,,19.9383,3.9466,10.3857,27.3081,58.8174,79.8235,105.031,10.3857,-4.1211,7.68589,10.113013,1.919782,29,128,38,10,0E-8,0.00675737,,0.00800000,0.800000,0.928452,0.002516,,2026-05-25,2026-06-16,18,513,239,23,0.782609,,,0.000000,,,,,,,,GLOBAL_BASELINE_NO_ENTITY_RANKING,,,NOT_APPLICABLE_GLOBAL_BASELINE,HF9g-P5,,,,X 全窗基线 · 不参与实体赏罚,3922687,393,A168_HF9F_20260827_0900,2026-08-27 09:00:00
2026-05-25,150554671,1383,0,463.8168259635,97.4687532823,101.1792878899,0.6000000,7,5,0.47802560363640316,0.437439213333,0.5460136501332962,0.7327523337530804,0.5460136501332962,0.04058639030340316,ELIGIBLE,R03b_20260811_FULL_v1,L1_ELIGIBILITY,v2026-08-11,2026-03-21..2026-08-06,baccarat_bet02_101_all_pairs_incl_sentinel,round_win = game_pnl > 0 (decisive only),COMPATIBILITY_ONLY_NOT_PRODUCTION,55468.4231,51499.7495,374.8205,2782,1234,-0.00675737,,-0.00675737,-0.01418498,-374.8205,55468.4231,OK,411.9980,22.4892,6.0000,94.0000,AG03-UNRESOLVED,ALL5_LEVELS_bet23_to_bet27,22.4892,22.4892,22.4892,22.4892,22.4892,6.000000,6.000000,6.000000,6.000000,6.000000,94.000000,94.000000,94.000000,94.000000,94.000000,5.0,112.4461,99.7382,-149.6237,-136.9157,PENDING_AG03,FALSE,NOT_FOR_ENFORCEMENT,352.3312,48409.7645,-37.1775,-59.6668,-389.5088,-0.00067025,-0.00107569,22.4892,-59.6668,-0.00107569,22.4892,22.4892,22.4892,22.4892,22.4892,-59.6668,-0.00107569,112.4461,99.7382,-149.6237,-136.9157,-0.00269746,-0.00246835,-0.00702217,19.9383,41.7340,0.3037,20.8234,0.7306,3081.5791,68.5556,,19.9383,3.9466,10.3857,27.3081,58.8174,79.8235,105.031,10.3857,-4.1211,7.68589,10.113013,1.919782,29,128,38,10,0E-8,0.00675737,,0.00800000,0.800000,0.928452,0.002516,,2026-05-25,2026-06-16,18,513,239,23,0.782609,,,0.000000,,,,,,,,GLOBAL_BASELINE_NO_ENTITY_RANKING,,,NOT_APPLICABLE_GLOBAL_BASELINE,HF9g-P5,,,,X 全窗基线 · 不参与实体赏罚,3922688,393,A168_HF9F_20260827_0900,2026-08-27 09:00:00
2026-05-25,150554671,1401,0,96.6285054090,81.6090746770,82.3821027205,1.0000000,5,2,0.47500430192312260,0.337813412500,1.4867710592906602,1.980007081054747,1.4867710592906602,0.13719088942312260,ELIGIBLE,R03b_20260811_FULL_v1,L1_ELIGIBILITY,v2026-08-11,2026-03-21..2026-08-06,baccarat_bet02_101_all_pairs_incl_sentinel,round_win = game_pnl > 0 (decisive only),COMPATIBILITY_ONLY_NOT_PRODUCTION,55468.4231,51499.7495,374.8205,2782,1234,-0.00675737,,-0.00675737,-0.01418498,-374.8205,55468.4231,OK,411.9980,22.4892,6.0000,94.0000,AG03-UNRESOLVED,ALL5_LEVELS_bet23_to_bet27,22.4892,22.4892,22.4892,22.4892,22.4892,6.000000,6.000000,6.000000,6.000000,6.000000,94.000000,94.000000,94.000000,94.000000,94.000000,5.0,112.4461,99.7382,-149.6237,-136.9157,PENDING_AG03,FALSE,NOT_FOR_ENFORCEMENT,352.3312,48409.7645,-37.1775,-59.6668,-389.5088,-0.00067025,-0.00107569,22.4892,-59.6668,-0.00107569,22.4892,22.4892,22.4892,22.4892,22.4892,-59.6668,-0.00107569,112.4461,99.7382,-149.6237,-136.9157,-0.00269746,-0.00246835,-0.00702217,19.9383,41.7340,0.3037,20.8234,0.7306,3081.5791,68.5556,,19.9383,3.9466,10.3857,27.3081,58.8174,79.8235,105.031,10.3857,-4.1211,7.68589,10.113013,1.919782,29,128,38,10,0E-8,0.00675737,,0.00800000,0.800000,0.928452,0.002516,,2026-05-25,2026-06-16,18,513,239,23,0.782609,,,0.000000,,,,,,,,GLOBAL_BASELINE_NO_ENTITY_RANKING,,,NOT_APPLICABLE_GLOBAL_BASELINE,HF9g-P5,,,,X 全窗基线 · 不参与实体赏罚,3922689,393,A168_HF9F_20260827_0900,2026-08-27 09:00:00
2026-05-25,150554671,1490,0,210.0619682806,-210.0619682806,-208.3814725344,0E-7,2,2,0.49324550000000000,0.493245500000,-1.3952362676504506,-1.3952362676504506,-1.3952362676504506,0E-17,ELIGIBLE,R03b_20260811_FULL_v1,L1_ELIGIBILITY,v2026-08-11,2026-03-21..2026-08-06,baccarat_bet02_101_all_pairs_incl_sentinel,round_win = game_pnl > 0 (decisive only),COMPATIBILITY_ONLY_NOT_PRODUCTION,55468.4231,51499.7495,374.8205,2782,1234,-0.00675737,,-0.00675737,-0.01418498,-374.8205,55468.4231,OK,411.9980,22.4892,6.0000,94.0000,AG03-UNRESOLVED,ALL5_LEVELS_bet23_to_bet27,22.4892,22.4892,22.4892,22.4892,22.4892,6.000000,6.000000,6.000000,6.000000,6.000000,94.000000,94.000000,94.000000,94.000000,94.000000,5.0,112.4461,99.7382,-149.6237,-136.9157,PENDING_AG03,FALSE,NOT_FOR_ENFORCEMENT,352.3312,48409.7645,-37.1775,-59.6668,-389.5088,-0.00067025,-0.00107569,22.4892,-59.6668,-0.00107569,22.4892,22.4892,22.4892,22.4892,22.4892,-59.6668,-0.00107569,112.4461,99.7382,-149.6237,-136.9157,-0.00269746,-0.00246835,-0.00702217,19.9383,41.7340,0.3037,20.8234,0.7306,3081.5791,68.5556,,19.9383,3.9466,10.3857,27.3081,58.8174,79.8235,105.031,10.3857,-4.1211,7.68589,10.113013,1.919782,29,128,38,10,0E-8,0.00675737,,0.00800000,0.800000,0.928452,0.002516,,2026-05-25,2026-06-16,18,513,239,23,0.782609,,,0.000000,,,,,,,,GLOBAL_BASELINE_NO_ENTITY_RANKING,,,NOT_APPLICABLE_GLOBAL_BASELINE,HF9g-P5,,,,X 全窗基线 · 不参与实体赏罚,3922690,393,A168_HF9F_20260827_0900,2026-08-27 09:00:00
2026-05-25,150554671,1951,0,105.0309841403,99.7794349333,100.6196828064,1.0000000,1,1,0.50665070000000000,0.506650700000,0.9867858985152569,0.9867858985152569,0.9867858985152569,0E-17,ELIGIBLE,R03b_20260811_FULL_v1,L1_ELIGIBILITY,v2026-08-11,2026-03-21..2026-08-06,baccarat_bet02_101_all_pairs_incl_sentinel,round_win = game_pnl > 0 (decisive only),COMPATIBILITY_ONLY_NOT_PRODUCTION,55468.4231,51499.7495,374.8205,2782,1234,-0.00675737,,-0.00675737,-0.01418498,-374.8205,55468.4231,OK,411.9980,22.4892,6.0000,94.0000,AG03-UNRESOLVED,ALL5_LEVELS_bet23_to_bet27,22.4892,22.4892,22.4892,22.4892,22.4892,6.000000,6.000000,6.000000,6.000000,6.000000,94.000000,94.000000,94.000000,94.000000,94.000000,5.0,112.4461,99.7382,-149.6237,-136.9157,PENDING_AG03,FALSE,NOT_FOR_ENFORCEMENT,352.3312,48409.7645,-37.1775,-59.6668,-389.5088,-0.00067025,-0.00107569,22.4892,-59.6668,-0.00107569,22.4892,22.4892,22.4892,22.4892,22.4892,-59.6668,-0.00107569,112.4461,99.7382,-149.6237,-136.9157,-0.00269746,-0.00246835,-0.00702217,19.9383,41.7340,0.3037,20.8234,0.7306,3081.5791,68.5556,,19.9383,3.9466,10.3857,27.3081,58.8174,79.8235,105.031,10.3857,-4.1211,7.68589,10.113013,1.919782,29,128,38,10,0E-8,0.00675737,,0.00800000,0.800000,0.928452,0.002516,,2026-05-25,2026-06-16,18,513,239,23,0.782609,,,0.000000,,,,,,,,GLOBAL_BASELINE_NO_ENTITY_RANKING,,,NOT_APPLICABLE_GLOBAL_BASELINE,HF9g-P5,,,,X 全窗基线 · 不参与实体赏罚,3922691,393,A168_HF9F_20260827_0900,2026-08-27 09:00:00
2026-05-25,150554671,1963,0,674.2989181808,-60.9179708013,-56.3638273288,0.5714286,19,8,0.47070026898935791,0.350385594792,0.5339215806542158,1.2258146161633856,0.5339215806542158,0.12031467419735791,ELIGIBLE,R03b_20260811_FULL_v1,L1_ELIGIBILITY,v2026-08-11,2026-03-21..2026-08-06,baccarat_bet02_101_all_pairs_incl_sentinel,round_win = game_pnl > 0 (decisive only),COMPATIBILITY_ONLY_NOT_PRODUCTION,55468.4231,51499.7495,374.8205,2782,1234,-0.00675737,,-0.00675737,-0.01418498,-374.8205,55468.4231,OK,411.9980,22.4892,6.0000,94.0000,AG03-UNRESOLVED,ALL5_LEVELS_bet23_to_bet27,22.4892,22.4892,22.4892,22.4892,22.4892,6.000000,6.000000,6.000000,6.000000,6.000000,94.000000,94.000000,94.000000,94.000000,94.000000,5.0,112.4461,99.7382,-149.6237,-136.9157,PENDING_AG03,FALSE,NOT_FOR_ENFORCEMENT,352.3312,48409.7645,-37.1775,-59.6668,-389.5088,-0.00067025,-0.00107569,22.4892,-59.6668,-0.00107569,22.4892,22.4892,22.4892,22.4892,22.4892,-59.6668,-0.00107569,112.4461,99.7382,-149.6237,-136.9157,-0.00269746,-0.00246835,-0.00702217,19.9383,41.7340,0.3037,20.8234,0.7306,3081.5791,68.5556,,19.9383,3.9466,10.3857,27.3081,58.8174,79.8235,105.031,10.3857,-4.1211,7.68589,10.113013,1.919782,29,128,38,10,0E-8,0.00675737,,0.00800000,0.800000,0.928452,0.002516,,2026-05-25,2026-06-16,18,513,239,23,0.782609,,,0.000000,,,,,,,,GLOBAL_BASELINE_NO_ENTITY_RANKING,,,NOT_APPLICABLE_GLOBAL_BASELINE,HF9g-P5,,,,X 全窗基线 · 不参与实体赏罚,3922692,393,A168_HF9F_20260827_0900,2026-08-27 09:00:00
2026-05-25,150554671,1985,0,184.8545320869,32.3495431152,33.4418653503,0.7500000,7,4,0.47630277760996264,0.379698645833,1.0960205405633525,1.5260346934194844,1.0960205405633525,0.09660413177696264,ELIGIBLE,R03b_20260811_FULL_v1,L1_ELIGIBILITY,v2026-08-11,2026-03-21..2026-08-06,baccarat_bet02_101_all_pairs_incl_sentinel,round_win = game_pnl > 0 (decisive only),COMPATIBILITY_ONLY_NOT_PRODUCTION,55468.4231,51499.7495,374.8205,2782,1234,-0.00675737,,-0.00675737,-0.01418498,-374.8205,55468.4231,OK,411.9980,22.4892,6.0000,94.0000,AG03-UNRESOLVED,ALL5_LEVELS_bet23_to_bet27,22.4892,22.4892,22.4892,22.4892,22.4892,6.000000,6.000000,6.000000,6.000000,6.000000,94.000000,94.000000,94.000000,94.000000,94.000000,5.0,112.4461,99.7382,-149.6237,-136.9157,PENDING_AG03,FALSE,NOT_FOR_ENFORCEMENT,352.3312,48409.7645,-37.1775,-59.6668,-389.5088,-0.00067025,-0.00107569,22.4892,-59.6668,-0.00107569,22.4892,22.4892,22.4892,22.4892,22.4892,-59.6668,-0.00107569,112.4461,99.7382,-149.6237,-136.9157,-0.00269746,-0.00246835,-0.00702217,19.9383,41.7340,0.3037,20.8234,0.7306,3081.5791,68.5556,,19.9383,3.9466,10.3857,27.3081,58.8174,79.8235,105.031,10.3857,-4.1211,7.68589,10.113013,1.919782,29,128,38,10,0E-8,0.00675737,,0.00800000,0.800000,0.928452,0.002516,,2026-05-25,2026-06-16,18,513,239,23,0.782609,,,0.000000,,,,,,,,GLOBAL_BASELINE_NO_ENTITY_RANKING,,,NOT_APPLICABLE_GLOBAL_BASELINE,HF9g-P5,,,,X 全窗基线 · 不参与实体赏罚,3922693,393,A168_HF9F_20260827_0900,2026-08-27 09:00:00
2026-05-25,150554671,2103,0,356.0550362357,286.7345867031,289.5830269932,1.0000000,11,4,0.45575726869487787,0.303466200000,2.1855437899616175,3.0300230365088696,2.1855437899616175,0.15229106869487787,ELIGIBLE,R03b_20260811_FULL_v1,L1_ELIGIBILITY,v2026-08-11,2026-03-21..2026-08-06,baccarat_bet02_101_all_pairs_incl_sentinel,round_win = game_pnl > 0 (decisive only),COMPATIBILITY_ONLY_NOT_PRODUCTION,55468.4231,51499.7495,374.8205,2782,1234,-0.00675737,,-0.00675737,-0.01418498,-374.8205,55468.4231,OK,411.9980,22.4892,6.0000,94.0000,AG03-UNRESOLVED,ALL5_LEVELS_bet23_to_bet27,22.4892,22.4892,22.4892,22.4892,22.4892,6.000000,6.000000,6.000000,6.000000,6.000000,94.000000,94.000000,94.000000,94.000000,94.000000,5.0,112.4461,99.7382,-149.6237,-136.9157,PENDING_AG03,FALSE,NOT_FOR_ENFORCEMENT,352.3312,48409.7645,-37.1775,-59.6668,-389.5088,-0.00067025,-0.00107569,22.4892,-59.6668,-0.00107569,22.4892,22.4892,22.4892,22.4892,22.4892,-59.6668,-0.00107569,112.4461,99.7382,-149.6237,-136.9157,-0.00269746,-0.00246835,-0.00702217,19.9383,41.7340,0.3037,20.8234,0.7306,3081.5791,68.5556,,19.9383,3.9466,10.3857,27.3081,58.8174,79.8235,105.031,10.3857,-4.1211,7.68589,10.113013,1.919782,29,128,38,10,0E-8,0.00675737,,0.00800000,0.800000,0.928452,0.002516,,2026-05-25,2026-06-16,18,513,239,23,0.782609,,,0.000000,,,,,,,,GLOBAL_BASELINE_NO_ENTITY_RANKING,,,NOT_APPLICABLE_GLOBAL_BASELINE,HF9g-P5,,,,X 全窗基线 · 不参与实体赏罚,3922694,393,A168_HF9F_20260827_0900,2026-08-27 09:00:00
2026-05-25,150554671,2123,0,604.9784686482,155.4458565277,160.2856842769,0.6250000,12,8,0.49052625190844324,0.409435916667,0.7608349783709647,1.2399235570021778,0.7608349783709647,0.08109033524144324,ELIGIBLE,R03b_20260811_FULL_v1,L1_ELIGIBILITY,v2026-08-11,2026-03-21..2026-08-06,baccarat_bet02_101_all_pairs_incl_sentinel,round_win = game_pnl > 0 (decisive only),COMPATIBILITY_ONLY_NOT_PRODUCTION,55468.4231,51499.7495,374.8205,2782,1234,-0.00675737,,-0.00675737,-0.01418498,-374.8205,55468.4231,OK,411.9980,22.4892,6.0000,94.0000,AG03-UNRESOLVED,ALL5_LEVELS_bet23_to_bet27,22.4892,22.4892,22.4892,22.4892,22.4892,6.000000,6.000000,6.000000,6.000000,6.000000,94.000000,94.000000,94.000000,94.000000,94.000000,5.0,112.4461,99.7382,-149.6237,-136.9157,PENDING_AG03,FALSE,NOT_FOR_ENFORCEMENT,352.3312,48409.7645,-37.1775,-59.6668,-389.5088,-0.00067025,-0.00107569,22.4892,-59.6668,-0.00107569,22.4892,22.4892,22.4892,22.4892,22.4892,-59.6668,-0.00107569,112.4461,99.7382,-149.6237,-136.9157,-0.00269746,-0.00246835,-0.00702217,19.9383,41.7340,0.3037,20.8234,0.7306,3081.5791,68.5556,,19.9383,3.9466,10.3857,27.3081,58.8174,79.8235,105.031,10.3857,-4.1211,7.68589,10.113013,1.919782,29,128,38,10,0E-8,0.00675737,,0.00800000,0.800000,0.928452,0.002516,,2026-05-25,2026-06-16,18,513,239,23,0.782609,,,0.000000,,,,,,,,GLOBAL_BASELINE_NO_ENTITY_RANKING,,,NOT_APPLICABLE_GLOBAL_BASELINE,HF9g-P5,,,,X 全窗基线 · 不参与实体赏罚,3922695,393,A168_HF9F_20260827_0900,2026-08-27 09:00:00
2026-05-25,150554671,2201,0,441.5502573257,122.7602142633,125.9397122154,0.7142857,23,7,0.40379648523398067,0.258948939286,1.6742373483865005,2.75011346497219,1.6742373483865005,0.14484754594798067,ELIGIBLE,R03b_20260811_FULL_v1,L1_ELIGIBILITY,v2026-08-11,2026-03-21..2026-08-06,baccarat_bet02_101_all_pairs_incl_sentinel,round_win = game_pnl > 0 (decisive only),COMPATIBILITY_ONLY_NOT_PRODUCTION,55468.4231,51499.7495,374.8205,2782,1234,-0.00675737,,-0.00675737,-0.01418498,-374.8205,55468.4231,OK,411.9980,22.4892,6.0000,94.0000,AG03-UNRESOLVED,ALL5_LEVELS_bet23_to_bet27,22.4892,22.4892,22.4892,22.4892,22.4892,6.000000,6.000000,6.000000,6.000000,6.000000,94.000000,94.000000,94.000000,94.000000,94.000000,5.0,112.4461,99.7382,-149.6237,-136.9157,PENDING_AG03,FALSE,NOT_FOR_ENFORCEMENT,352.3312,48409.7645,-37.1775,-59.6668,-389.5088,-0.00067025,-0.00107569,22.4892,-59.6668,-0.00107569,22.4892,22.4892,22.4892,22.4892,22.4892,-59.6668,-0.00107569,112.4461,99.7382,-149.6237,-136.9157,-0.00269746,-0.00246835,-0.00702217,19.9383,41.7340,0.3037,20.8234,0.7306,3081.5791,68.5556,,19.9383,3.9466,10.3857,27.3081,58.8174,79.8235,105.031,10.3857,-4.1211,7.68589,10.113013,1.919782,29,128,38,10,0E-8,0.00675737,,0.00800000,0.800000,0.928452,0.002516,,2026-05-25,2026-06-16,18,513,239,23,0.782609,,,0.000000,,,,,,,,GLOBAL_BASELINE_NO_ENTITY_RANKING,,,NOT_APPLICABLE_GLOBAL_BASELINE,HF9g-P5,,,,X 全窗基线 · 不参与实体赏罚,3922696,393,A168_HF9F_20260827_0900,2026-08-27 09:00:00
2026-05-25,150554671,2233,0,105.0309841403,99.7794349333,100.6196828064,1.0000000,1,1,0.50665070000000000,0.506650700000,0.9867858985152569,0.9867858985152569,0.9867858985152569,0E-17,ELIGIBLE,R03b_20260811_FULL_v1,L1_ELIGIBILITY,v2026-08-11,2026-03-21..2026-08-06,baccarat_bet02_101_all_pairs_incl_sentinel,round_win = game_pnl > 0 (decisive only),COMPATIBILITY_ONLY_NOT_PRODUCTION,55468.4231,51499.7495,374.8205,2782,1234,-0.00675737,,-0.00675737,-0.01418498,-374.8205,55468.4231,OK,411.9980,22.4892,6.0000,94.0000,AG03-UNRESOLVED,ALL5_LEVELS_bet23_to_bet27,22.4892,22.4892,22.4892,22.4892,22.4892,6.000000,6.000000,6.000000,6.000000,6.000000,94.000000,94.000000,94.000000,94.000000,94.000000,5.0,112.4461,99.7382,-149.6237,-136.9157,PENDING_AG03,FALSE,NOT_FOR_ENFORCEMENT,352.3312,48409.7645,-37.1775,-59.6668,-389.5088,-0.00067025,-0.00107569,22.4892,-59.6668,-0.00107569,22.4892,22.4892,22.4892,22.4892,22.4892,-59.6668,-0.00107569,112.4461,99.7382,-149.6237,-136.9157,-0.00269746,-0.00246835,-0.00702217,19.9383,41.7340,0.3037,20.8234,0.7306,3081.5791,68.5556,,19.9383,3.9466,10.3857,27.3081,58.8174,79.8235,105.031,10.3857,-4.1211,7.68589,10.113013,1.919782,29,128,38,10,0E-8,0.00675737,,0.00800000,0.800000,0.928452,0.002516,,2026-05-25,2026-06-16,18,513,239,23,0.782609,,,0.000000,,,,,,,,GLOBAL_BASELINE_NO_ENTITY_RANKING,,,NOT_APPLICABLE_GLOBAL_BASELINE,HF9g-P5,,,,X 全窗基线 · 不参与实体赏罚,3922697,393,A168_HF9F_20260827_0900,2026-08-27 09:00:00
2026-05-25,150554671,2250,0,255.2252914609,68.2701396913,70.3119420230,0.7500000,15,4,0.45299826688800061,0.191476305000,1.1932909800338707,2.8390151041008895,1.1932909800338707,0.26152196188800061,ELIGIBLE,R03b_20260811_FULL_v1,L1_ELIGIBILITY,v2026-08-11,2026-03-21..2026-08-06,baccarat_bet02_101_all_pairs_incl_sentinel,round_win = game_pnl > 0 (decisive only),COMPATIBILITY_ONLY_NOT_PRODUCTION,55468.4231,51499.7495,374.8205,2782,1234,-0.00675737,,-0.00675737,-0.01418498,-374.8205,55468.4231,OK,411.9980,22.4892,6.0000,94.0000,AG03-UNRESOLVED,ALL5_LEVELS_bet23_to_bet27,22.4892,22.4892,22.4892,22.4892,22.4892,6.000000,6.000000,6.000000,6.000000,6.000000,94.000000,94.000000,94.000000,94.000000,94.000000,5.0,112.4461,99.7382,-149.6237,-136.9157,PENDING_AG03,FALSE,NOT_FOR_ENFORCEMENT,352.3312,48409.7645,-37.1775,-59.6668,-389.5088,-0.00067025,-0.00107569,22.4892,-59.6668,-0.00107569,22.4892,22.4892,22.4892,22.4892,22.4892,-59.6668,-0.00107569,112.4461,99.7382,-149.6237,-136.9157,-0.00269746,-0.00246835,-0.00702217,19.9383,41.7340,0.3037,20.8234,0.7306,3081.5791,68.5556,,19.9383,3.9466,10.3857,27.3081,58.8174,79.8235,105.031,10.3857,-4.1211,7.68589,10.113013,1.919782,29,128,38,10,0E-8,0.00675737,,0.00800000,0.800000,0.928452,0.002516,,2026-05-25,2026-06-16,18,513,239,23,0.782609,,,0.000000,,,,,,,,GLOBAL_BASELINE_NO_ENTITY_RANKING,,,NOT_APPLICABLE_GLOBAL_BASELINE,HF9g-P5,,,,X 全窗基线 · 不参与实体赏罚,3922698,393,A168_HF9F_20260827_0900,2026-08-27 09:00:00
2026-05-25,150554671,2258,0,205.8607289150,94.5278857263,95.4521583867,1.0000000,3,2,0.47453377272732132,0.390331000000,1.0522982321418566,1.249771262930825,1.0522982321418566,0.08420277272732132,ELIGIBLE,R03b_20260811_FULL_v1,L1_ELIGIBILITY,v2026-08-11,2026-03-21..2026-08-06,baccarat_bet02_101_all_pairs_incl_sentinel,round_win = game_pnl > 0 (decisive only),COMPATIBILITY_ONLY_NOT_PRODUCTION,55468.4231,51499.7495,374.8205,2782,1234,-0.00675737,,-0.00675737,-0.01418498,-374.8205,55468.4231,OK,411.9980,22.4892,6.0000,94.0000,AG03-UNRESOLVED,ALL5_LEVELS_bet23_to_bet27,22.4892,22.4892,22.4892,22.4892,22.4892,6.000000,6.000000,6.000000,6.000000,6.000000,94.000000,94.000000,94.000000,94.000000,94.000000,5.0,112.4461,99.7382,-149.6237,-136.9157,PENDING_AG03,FALSE,NOT_FOR_ENFORCEMENT,352.3312,48409.7645,-37.1775,-59.6668,-389.5088,-0.00067025,-0.00107569,22.4892,-59.6668,-0.00107569,22.4892,22.4892,22.4892,22.4892,22.4892,-59.6668,-0.00107569,112.4461,99.7382,-149.6237,-136.9157,-0.00269746,-0.00246835,-0.00702217,19.9383,41.7340,0.3037,20.8234,0.7306,3081.5791,68.5556,,19.9383,3.9466,10.3857,27.3081,58.8174,79.8235,105.031,10.3857,-4.1211,7.68589,10.113013,1.919782,29,128,38,10,0E-8,0.00675737,,0.00800000,0.800000,0.928452,0.002516,,2026-05-25,2026-06-16,18,513,239,23,0.782609,,,0.000000,,,,,,,,GLOBAL_BASELINE_NO_ENTITY_RANKING,,,NOT_APPLICABLE_GLOBAL_BASELINE,HF9g-P5,,,,X 全窗基线 · 不参与实体赏罚,3922699,393,A168_HF9F_20260827_0900,2026-08-27 09:00:00
2026-05-26,150554671,-1,1,1008.0873857787,-88.6881630079,-82.0014704334,0.4000000,51,16,0.47711229226769716,0.267546653125,-0.5979360301806692,1.158827575183696,-0.5979360301806692,0.20956563914269716,SENTINEL_DEALER,R03b_20260811_FULL_v1,L1_ELIGIBILITY,v2026-08-11,2026-03-21..2026-08-06,baccarat_bet02_101_all_pairs_incl_sentinel,round_win = game_pnl > 0 (decisive only),COMPATIBILITY_ONLY_NOT_PRODUCTION,55468.4231,51499.7495,374.8205,2782,1234,-0.00675737,,-0.00675737,-0.01418498,-374.8205,55468.4231,OK,411.9980,22.4892,6.0000,94.0000,AG03-UNRESOLVED,ALL5_LEVELS_bet23_to_bet27,22.4892,22.4892,22.4892,22.4892,22.4892,6.000000,6.000000,6.000000,6.000000,6.000000,94.000000,94.000000,94.000000,94.000000,94.000000,5.0,112.4461,99.7382,-149.6237,-136.9157,PENDING_AG03,FALSE,NOT_FOR_ENFORCEMENT,352.3312,48409.7645,-37.1775,-59.6668,-389.5088,-0.00067025,-0.00107569,22.4892,-59.6668,-0.00107569,22.4892,22.4892,22.4892,22.4892,22.4892,-59.6668,-0.00107569,112.4461,99.7382,-149.6237,-136.9157,-0.00269746,-0.00246835,-0.00702217,19.9383,41.7340,0.3037,20.8234,0.7306,3081.5791,68.5556,,19.9383,3.9466,10.3857,27.3081,58.8174,79.8235,105.031,10.3857,-4.1211,7.68589,10.113013,1.919782,29,128,38,10,0E-8,0.00675737,,0.00800000,0.800000,0.928452,0.002516,,2026-05-25,2026-06-16,18,513,239,23,0.782609,,,0.000000,,,,,,,,GLOBAL_BASELINE_NO_ENTITY_RANKING,,,NOT_APPLICABLE_GLOBAL_BASELINE,HF9g-P5,,,,X 全窗基线 · 不参与实体赏罚,3922700,393,A168_HF9F_20260827_0900,2026-08-27 09:00:00
2026-05-26,150554671,1374,0,21.0061968281,-21.0061968281,-20.8381472534,0E-7,1,1,0.49324550000000000,0.493245500000,-0.9865810262130424,-0.9865810262130424,-0.9865810262130424,0E-17,ELIGIBLE,R03b_20260811_FULL_v1,L1_ELIGIBILITY,v2026-08-11,2026-03-21..2026-08-06,baccarat_bet02_101_all_pairs_incl_sentinel,round_win = game_pnl > 0 (decisive only),COMPATIBILITY_ONLY_NOT_PRODUCTION,55468.4231,51499.7495,374.8205,2782,1234,-0.00675737,,-0.00675737,-0.01418498,-374.8205,55468.4231,OK,411.9980,22.4892,6.0000,94.0000,AG03-UNRESOLVED,ALL5_LEVELS_bet23_to_bet27,22.4892,22.4892,22.4892,22.4892,22.4892,6.000000,6.000000,6.000000,6.000000,6.000000,94.000000,94.000000,94.000000,94.000000,94.000000,5.0,112.4461,99.7382,-149.6237,-136.9157,PENDING_AG03,FALSE,NOT_FOR_ENFORCEMENT,352.3312,48409.7645,-37.1775,-59.6668,-389.5088,-0.00067025,-0.00107569,22.4892,-59.6668,-0.00107569,22.4892,22.4892,22.4892,22.4892,22.4892,-59.6668,-0.00107569,112.4461,99.7382,-149.6237,-136.9157,-0.00269746,-0.00246835,-0.00702217,19.9383,41.7340,0.3037,20.8234,0.7306,3081.5791,68.5556,,19.9383,3.9466,10.3857,27.3081,58.8174,79.8235,105.031,10.3857,-4.1211,7.68589,10.113013,1.919782,29,128,38,10,0E-8,0.00675737,,0.00800000,0.800000,0.928452,0.002516,,2026-05-25,2026-06-16,18,513,239,23,0.782609,,,0.000000,,,,,,,,GLOBAL_BASELINE_NO_ENTITY_RANKING,,,NOT_APPLICABLE_GLOBAL_BASELINE,HF9g-P5,,,,X 全窗基线 · 不参与实体赏罚,3922701,393,A168_HF9F_20260827_0900,2026-08-27 09:00:00
2026-05-26,150554671,1645,0,63.0185904842,-63.0185904842,-62.5144417603,0E-7,1,1,0.49324550000000000,0.493245500000,-0.9865810262130424,-0.9865810262130424,-0.9865810262130424,0E-17,ELIGIBLE,R03b_20260811_FULL_v1,L1_ELIGIBILITY,v2026-08-11,2026-03-21..2026-08-06,baccarat_bet02_101_all_pairs_incl_sentinel,round_win = game_pnl > 0 (decisive only),COMPATIBILITY_ONLY_NOT_PRODUCTION,55468.4231,51499.7495,374.8205,2782,1234,-0.00675737,,-0.00675737,-0.01418498,-374.8205,55468.4231,OK,411.9980,22.4892,6.0000,94.0000,AG03-UNRESOLVED,ALL5_LEVELS_bet23_to_bet27,22.4892,22.4892,22.4892,22.4892,22.4892,6.000000,6.000000,6.000000,6.000000,6.000000,94.000000,94.000000,94.000000,94.000000,94.000000,5.0,112.4461,99.7382,-149.6237,-136.9157,PENDING_AG03,FALSE,NOT_FOR_ENFORCEMENT,352.3312,48409.7645,-37.1775,-59.6668,-389.5088,-0.00067025,-0.00107569,22.4892,-59.6668,-0.00107569,22.4892,22.4892,22.4892,22.4892,22.4892,-59.6668,-0.00107569,112.4461,99.7382,-149.6237,-136.9157,-0.00269746,-0.00246835,-0.00702217,19.9383,41.7340,0.3037,20.8234,0.7306,3081.5791,68.5556,,19.9383,3.9466,10.3857,27.3081,58.8174,79.8235,105.031,10.3857,-4.1211,7.68589,10.113013,1.919782,29,128,38,10,0E-8,0.00675737,,0.00800000,0.800000,0.928452,0.002516,,2026-05-25,2026-06-16,18,513,239,23,0.782609,,,0.000000,,,,,,,,GLOBAL_BASELINE_NO_ENTITY_RANKING,,,NOT_APPLICABLE_GLOBAL_BASELINE,HF9g-P5,,,,X 全窗基线 · 不参与实体赏罚,3922702,393,A168_HF9F_20260827_0900,2026-08-27 09:00:00
2026-05-26,150554671,1966,0,76.6726184224,-61.9682806428,-61.3548996954,0E-7,4,1,0.47590931917816238,0.165158625000,-0.9529253622752696,-0.4447834784488191,-0.9529253622752696,0.31075069417816238,ELIGIBLE,R03b_20260811_FULL_v1,L1_ELIGIBILITY,v2026-08-11,2026-03-21..2026-08-06,baccarat_bet02_101_all_pairs_incl_sentinel,round_win = game_pnl > 0 (decisive only),COMPATIBILITY_ONLY_NOT_PRODUCTION,55468.4231,51499.7495,374.8205,2782,1234,-0.00675737,,-0.00675737,-0.01418498,-374.8205,55468.4231,OK,411.9980,22.4892,6.0000,94.0000,AG03-UNRESOLVED,ALL5_LEVELS_bet23_to_bet27,22.4892,22.4892,22.4892,22.4892,22.4892,6.000000,6.000000,6.000000,6.000000,6.000000,94.000000,94.000000,94.000000,94.000000,94.000000,5.0,112.4461,99.7382,-149.6237,-136.9157,PENDING_AG03,FALSE,NOT_FOR_ENFORCEMENT,352.3312,48409.7645,-37.1775,-59.6668,-389.5088,-0.00067025,-0.00107569,22.4892,-59.6668,-0.00107569,22.4892,22.4892,22.4892,22.4892,22.4892,-59.6668,-0.00107569,112.4461,99.7382,-149.6237,-136.9157,-0.00269746,-0.00246835,-0.00702217,19.9383,41.7340,0.3037,20.8234,0.7306,3081.5791,68.5556,,19.9383,3.9466,10.3857,27.3081,58.8174,79.8235,105.031,10.3857,-4.1211,7.68589,10.113013,1.919782,29,128,38,10,0E-8,0.00675737,,0.00800000,0.800000,0.928452,0.002516,,2026-05-25,2026-06-16,18,513,239,23,0.782609,,,0.000000,,,,,,,,GLOBAL_BASELINE_NO_ENTITY_RANKING,,,NOT_APPLICABLE_GLOBAL_BASELINE,HF9g-P5,,,,X 全窗基线 · 不参与实体赏罚,3922703,393,A168_HF9F_20260827_0900,2026-08-27 09:00:00
2026-05-26,150554671,1985,0,21.0061968281,-21.0061968281,-20.8381472534,0E-7,1,1,0.50665070000000000,0.506650700000,-1.013391052207602,-1.013391052207602,-1.013391052207602,0E-17,ELIGIBLE,R03b_20260811_FULL_v1,L1_ELIGIBILITY,v2026-08-11,2026-03-21..2026-08-06,baccarat_bet02_101_all_pairs_incl_sentinel,round_win = game_pnl > 0 (decisive only),COMPATIBILITY_ONLY_NOT_PRODUCTION,55468.4231,51499.7495,374.8205,2782,1234,-0.00675737,,-0.00675737,-0.01418498,-374.8205,55468.4231,OK,411.9980,22.4892,6.0000,94.0000,AG03-UNRESOLVED,ALL5_LEVELS_bet23_to_bet27,22.4892,22.4892,22.4892,22.4892,22.4892,6.000000,6.000000,6.000000,6.000000,6.000000,94.000000,94.000000,94.000000,94.000000,94.000000,5.0,112.4461,99.7382,-149.6237,-136.9157,PENDING_AG03,FALSE,NOT_FOR_ENFORCEMENT,352.3312,48409.7645,-37.1775,-59.6668,-389.5088,-0.00067025,-0.00107569,22.4892,-59.6668,-0.00107569,22.4892,22.4892,22.4892,22.4892,22.4892,-59.6668,-0.00107569,112.4461,99.7382,-149.6237,-136.9157,-0.00269746,-0.00246835,-0.00702217,19.9383,41.7340,0.3037,20.8234,0.7306,3081.5791,68.5556,,19.9383,3.9466,10.3857,27.3081,58.8174,79.8235,105.031,10.3857,-4.1211,7.68589,10.113013,1.919782,29,128,38,10,0E-8,0.00675737,,0.00800000,0.800000,0.928452,0.002516,,2026-05-25,2026-06-16,18,513,239,23,0.782609,,,0.000000,,,,,,,,GLOBAL_BASELINE_NO_ENTITY_RANKING,,,NOT_APPLICABLE_GLOBAL_BASELINE,HF9g-P5,,,,X 全窗基线 · 不参与实体赏罚,3922704,393,A168_HF9F_20260827_0900,2026-08-27 09:00:00
2026-05-26,150554671,2101,0,193.2570108182,-84.0247873122,-82.4787312256,0.3333333,12,3,0.46168369627138809,0.162924425000,-0.4459300021386501,0.7992405100042203,-0.4459300021386501,0.29875927127138809,ELIGIBLE,R03b_20260811_FULL_v1,L1_ELIGIBILITY,v2026-08-11,2026-03-21..2026-08-06,baccarat_bet02_101_all_pairs_incl_sentinel,round_win = game_pnl > 0 (decisive only),COMPATIBILITY_ONLY_NOT_PRODUCTION,55468.4231,51499.7495,374.8205,2782,1234,-0.00675737,,-0.00675737,-0.01418498,-374.8205,55468.4231,OK,411.9980,22.4892,6.0000,94.0000,AG03-UNRESOLVED,ALL5_LEVELS_bet23_to_bet27,22.4892,22.4892,22.4892,22.4892,22.4892,6.000000,6.000000,6.000000,6.000000,6.000000,94.000000,94.000000,94.000000,94.000000,94.000000,5.0,112.4461,99.7382,-149.6237,-136.9157,PENDING_AG03,FALSE,NOT_FOR_ENFORCEMENT,352.3312,48409.7645,-37.1775,-59.6668,-389.5088,-0.00067025,-0.00107569,22.4892,-59.6668,-0.00107569,22.4892,22.4892,22.4892,22.4892,22.4892,-59.6668,-0.00107569,112.4461,99.7382,-149.6237,-136.9157,-0.00269746,-0.00246835,-0.00702217,19.9383,41.7340,0.3037,20.8234,0.7306,3081.5791,68.5556,,19.9383,3.9466,10.3857,27.3081,58.8174,79.8235,105.031,10.3857,-4.1211,7.68589,10.113013,1.919782,29,128,38,10,0E-8,0.00675737,,0.00800000,0.800000,0.928452,0.002516,,2026-05-25,2026-06-16,18,513,239,23,0.782609,,,0.000000,,,,,,,,GLOBAL_BASELINE_NO_ENTITY_RANKING,,,NOT_APPLICABLE_GLOBAL_BASELINE,HF9g-P5,,,,X 全窗基线 · 不参与实体赏罚,3922705,393,A168_HF9F_20260827_0900,2026-08-27 09:00:00
2026-05-26,150554671,2117,0,63.0185904842,15.7546476211,15.9647095894,0.5000000,5,2,0.47189659000006677,0.329202062500,0.07961430564406057,0.51400872005676,0.07961430564406057,0.14269452750006677,ELIGIBLE,R03b_20260811_FULL_v1,L1_ELIGIBILITY,v2026-08-11,2026-03-21..2026-08-06,baccarat_bet02_101_all_pairs_incl_sentinel,round_win = game_pnl > 0 (decisive only),COMPATIBILITY_ONLY_NOT_PRODUCTION,55468.4231,51499.7495,374.8205,2782,1234,-0.00675737,,-0.00675737,-0.01418498,-374.8205,55468.4231,OK,411.9980,22.4892,6.0000,94.0000,AG03-UNRESOLVED,ALL5_LEVELS_bet23_to_bet27,22.4892,22.4892,22.4892,22.4892,22.4892,6.000000,6.000000,6.000000,6.000000,6.000000,94.000000,94.000000,94.000000,94.000000,94.000000,5.0,112.4461,99.7382,-149.6237,-136.9157,PENDING_AG03,FALSE,NOT_FOR_ENFORCEMENT,352.3312,48409.7645,-37.1775,-59.6668,-389.5088,-0.00067025,-0.00107569,22.4892,-59.6668,-0.00107569,22.4892,22.4892,22.4892,22.4892,22.4892,-59.6668,-0.00107569,112.4461,99.7382,-149.6237,-136.9157,-0.00269746,-0.00246835,-0.00702217,19.9383,41.7340,0.3037,20.8234,0.7306,3081.5791,68.5556,,19.9383,3.9466,10.3857,27.3081,58.8174,79.8235,105.031,10.3857,-4.1211,7.68589,10.113013,1.919782,29,128,38,10,0E-8,0.00675737,,0.00800000,0.800000,0.928452,0.002516,,2026-05-25,2026-06-16,18,513,239,23,0.782609,,,0.000000,,,,,,,,GLOBAL_BASELINE_NO_ENTITY_RANKING,,,NOT_APPLICABLE_GLOBAL_BASELINE,HF9g-P5,,,,X 全窗基线 · 不参与实体赏罚,3922706,393,A168_HF9F_20260827_0900,2026-08-27 09:00:00
2026-05-26,150554671,2188,0,298.2879949584,-42.0123936560,-39.6260896962,0.5000000,17,4,0.45855710006045452,0.158447098750,0.1663439807414138,1.8707041852612314,0.1663439807414138,0.30011000131045452,ELIGIBLE,R03b_20260811_FULL_v1,L1_ELIGIBILITY,v2026-08-11,2026-03-21..2026-08-06,baccarat_bet02_101_all_pairs_incl_sentinel,round_win = game_pnl > 0 (decisive only),COMPATIBILITY_ONLY_NOT_PRODUCTION,55468.4231,51499.7495,374.8205,2782,1234,-0.00675737,,-0.00675737,-0.01418498,-374.8205,55468.4231,OK,411.9980,22.4892,6.0000,94.0000,AG03-UNRESOLVED,ALL5_LEVELS_bet23_to_bet27,22.4892,22.4892,22.4892,22.4892,22.4892,6.000000,6.000000,6.000000,6.000000,6.000000,94.000000,94.000000,94.000000,94.000000,94.000000,5.0,112.4461,99.7382,-149.6237,-136.9157,PENDING_AG03,FALSE,NOT_FOR_ENFORCEMENT,352.3312,48409.7645,-37.1775,-59.6668,-389.5088,-0.00067025,-0.00107569,22.4892,-59.6668,-0.00107569,22.4892,22.4892,22.4892,22.4892,22.4892,-59.6668,-0.00107569,112.4461,99.7382,-149.6237,-136.9157,-0.00269746,-0.00246835,-0.00702217,19.9383,41.7340,0.3037,20.8234,0.7306,3081.5791,68.5556,,19.9383,3.9466,10.3857,27.3081,58.8174,79.8235,105.031,10.3857,-4.1211,7.68589,10.113013,1.919782,29,128,38,10,0E-8,0.00675737,,0.00800000,0.800000,0.928452,0.002516,,2026-05-25,2026-06-16,18,513,239,23,0.782609,,,0.000000,,,,,,,,GLOBAL_BASELINE_NO_ENTITY_RANKING,,,NOT_APPLICABLE_GLOBAL_BASELINE,HF9g-P5,,,,X 全窗基线 · 不参与实体赏罚,3922707,393,A168_HF9F_20260827_0900,2026-08-27 09:00:00
2026-05-26,150554671,2212,0,81.9241676295,-81.9241676295,-81.2687742884,0E-7,1,1,0.50665070000000000,0.506650700000,-1.013391052207602,-1.013391052207602,-1.013391052207602,0E-17,ELIGIBLE,R03b_20260811_FULL_v1,L1_ELIGIBILITY,v2026-08-11,2026-03-21..2026-08-06,baccarat_bet02_101_all_pairs_incl_sentinel,round_win = game_pnl > 0 (decisive only),COMPATIBILITY_ONLY_NOT_PRODUCTION,55468.4231,51499.7495,374.8205,2782,1234,-0.00675737,,-0.00675737,-0.01418498,-374.8205,55468.4231,OK,411.9980,22.4892,6.0000,94.0000,AG03-UNRESOLVED,ALL5_LEVELS_bet23_to_bet27,22.4892,22.4892,22.4892,22.4892,22.4892,6.000000,6.000000,6.000000,6.000000,6.000000,94.000000,94.000000,94.000000,94.000000,94.000000,5.0,112.4461,99.7382,-149.6237,-136.9157,PENDING_AG03,FALSE,NOT_FOR_ENFORCEMENT,352.3312,48409.7645,-37.1775,-59.6668,-389.5088,-0.00067025,-0.00107569,22.4892,-59.6668,-0.00107569,22.4892,22.4892,22.4892,22.4892,22.4892,-59.6668,-0.00107569,112.4461,99.7382,-149.6237,-136.9157,-0.00269746,-0.00246835,-0.00702217,19.9383,41.7340,0.3037,20.8234,0.7306,3081.5791,68.5556,,19.9383,3.9466,10.3857,27.3081,58.8174,79.8235,105.031,10.3857,-4.1211,7.68589,10.113013,1.919782,29,128,38,10,0E-8,0.00675737,,0.00800000,0.800000,0.928452,0.002516,,2026-05-25,2026-06-16,18,513,239,23,0.782609,,,0.000000,,,,,,,,GLOBAL_BASELINE_NO_ENTITY_RANKING,,,NOT_APPLICABLE_GLOBAL_BASELINE,HF9g-P5,,,,X 全窗基线 · 不参与实体赏罚,3922708,393,A168_HF9F_20260827_0900,2026-08-27 09:00:00
2026-05-26,150554671,2262,0,21.0061968281,0E-10,0E-10,,1,1,0.50665070000000000,0.506650700000,,,,0E-17,NO_DECISIVE_ROUND,R03b_20260811_FULL_v1,L1_ELIGIBILITY,v2026-08-11,2026-03-21..2026-08-06,baccarat_bet02_101_all_pairs_incl_sentinel,round_win = game_pnl > 0 (decisive only),COMPATIBILITY_ONLY_NOT_PRODUCTION,55468.4231,51499.7495,374.8205,2782,1234,-0.00675737,,-0.00675737,-0.01418498,-374.8205,55468.4231,OK,411.9980,22.4892,6.0000,94.0000,AG03-UNRESOLVED,ALL5_LEVELS_bet23_to_bet27,22.4892,22.4892,22.4892,22.4892,22.4892,6.000000,6.000000,6.000000,6.000000,6.000000,94.000000,94.000000,94.000000,94.000000,94.000000,5.0,112.4461,99.7382,-149.6237,-136.9157,PENDING_AG03,FALSE,NOT_FOR_ENFORCEMENT,352.3312,48409.7645,-37.1775,-59.6668,-389.5088,-0.00067025,-0.00107569,22.4892,-59.6668,-0.00107569,22.4892,22.4892,22.4892,22.4892,22.4892,-59.6668,-0.00107569,112.4461,99.7382,-149.6237,-136.9157,-0.00269746,-0.00246835,-0.00702217,19.9383,41.7340,0.3037,20.8234,0.7306,3081.5791,68.5556,,19.9383,3.9466,10.3857,27.3081,58.8174,79.8235,105.031,10.3857,-4.1211,7.68589,10.113013,1.919782,29,128,38,10,0E-8,0.00675737,,0.00800000,0.800000,0.928452,0.002516,,2026-05-25,2026-06-16,18,513,239,23,0.782609,,,0.000000,,,,,,,,GLOBAL_BASELINE_NO_ENTITY_RANKING,,,NOT_APPLICABLE_GLOBAL_BASELINE,HF9g-P5,,,,X 全窗基线 · 不参与实体赏罚,3922709,393,A168_HF9F_20260827_0900,2026-08-27 09:00:00
2026-05-26,150554671,2266,0,36.7608444491,0E-10,0E-10,,1,1,0.50665070000000000,0.506650700000,,,,0E-17,NO_DECISIVE_ROUND,R03b_20260811_FULL_v1,L1_ELIGIBILITY,v2026-08-11,2026-03-21..2026-08-06,baccarat_bet02_101_all_pairs_incl_sentinel,round_win = game_pnl > 0 (decisive only),COMPATIBILITY_ONLY_NOT_PRODUCTION,55468.4231,51499.7495,374.8205,2782,1234,-0.00675737,,-0.00675737,-0.01418498,-374.8205,55468.4231,OK,411.9980,22.4892,6.0000,94.0000,AG03-UNRESOLVED,ALL5_LEVELS_bet23_to_bet27,22.4892,22.4892,22.4892,22.4892,22.4892,6.000000,6.000000,6.000000,6.000000,6.000000,94.000000,94.000000,94.000000,94.000000,94.000000,5.0,112.4461,99.7382,-149.6237,-136.9157,PENDING_AG03,FALSE,NOT_FOR_ENFORCEMENT,352.3312,48409.7645,-37.1775,-59.6668,-389.5088,-0.00067025,-0.00107569,22.4892,-59.6668,-0.00107569,22.4892,22.4892,22.4892,22.4892,22.4892,-59.6668,-0.00107569,112.4461,99.7382,-149.6237,-136.9157,-0.00269746,-0.00246835,-0.00702217,19.9383,41.7340,0.3037,20.8234,0.7306,3081.5791,68.5556,,19.9383,3.9466,10.3857,27.3081,58.8174,79.8235,105.031,10.3857,-4.1211,7.68589,10.113013,1.919782,29,128,38,10,0E-8,0.00675737,,0.00800000,0.800000,0.928452,0.002516,,2026-05-25,2026-06-16,18,513,239,23,0.782609,,,0.000000,,,,,,,,GLOBAL_BASELINE_NO_ENTITY_RANKING,,,NOT_APPLICABLE_GLOBAL_BASELINE,HF9g-P5,,,,X 全窗基线 · 不参与实体赏罚,3922710,393,A168_HF9F_20260827_0900,2026-08-27 09:00:00
2026-05-26,150554671,772,0,14.7043377796,-14.7043377796,-14.5867030774,0E-7,1,1,0.49324550000000000,0.493245500000,-0.9865810262130424,-0.9865810262130424,-0.9865810262130424,0E-17,ELIGIBLE,R03b_20260811_FULL_v1,L1_ELIGIBILITY,v2026-08-11,2026-03-21..2026-08-06,baccarat_bet02_101_all_pairs_incl_sentinel,round_win = game_pnl > 0 (decisive only),COMPATIBILITY_ONLY_NOT_PRODUCTION,55468.4231,51499.7495,374.8205,2782,1234,-0.00675737,,-0.00675737,-0.01418498,-374.8205,55468.4231,OK,411.9980,22.4892,6.0000,94.0000,AG03-UNRESOLVED,ALL5_LEVELS_bet23_to_bet27,22.4892,22.4892,22.4892,22.4892,22.4892,6.000000,6.000000,6.000000,6.000000,6.000000,94.000000,94.000000,94.000000,94.000000,94.000000,5.0,112.4461,99.7382,-149.6237,-136.9157,PENDING_AG03,FALSE,NOT_FOR_ENFORCEMENT,352.3312,48409.7645,-37.1775,-59.6668,-389.5088,-0.00067025,-0.00107569,22.4892,-59.6668,-0.00107569,22.4892,22.4892,22.4892,22.4892,22.4892,-59.6668,-0.00107569,112.4461,99.7382,-149.6237,-136.9157,-0.00269746,-0.00246835,-0.00702217,19.9383,41.7340,0.3037,20.8234,0.7306,3081.5791,68.5556,,19.9383,3.9466,10.3857,27.3081,58.8174,79.8235,105.031,10.3857,-4.1211,7.68589,10.113013,1.919782,29,128,38,10,0E-8,0.00675737,,0.00800000,0.800000,0.928452,0.002516,,2026-05-25,2026-06-16,18,513,239,23,0.782609,,,0.000000,,,,,,,,GLOBAL_BASELINE_NO_ENTITY_RANKING,,,NOT_APPLICABLE_GLOBAL_BASELINE,HF9g-P5,,,,X 全窗基线 · 不参与实体赏罚,3922711,393,A168_HF9F_20260827_0900,2026-08-27 09:00:00
2026-05-26,150554671,987,0,63.0185904842,-63.0185904842,-62.5144417603,0E-7,1,1,0.50665070000000000,0.506650700000,-1.013391052207602,-1.013391052207602,-1.013391052207602,0E-17,ELIGIBLE,R03b_20260811_FULL_v1,L1_ELIGIBILITY,v2026-08-11,2026-03-21..2026-08-06,baccarat_bet02_101_all_pairs_incl_sentinel,round_win = game_pnl > 0 (decisive only),COMPATIBILITY_ONLY_NOT_PRODUCTION,55468.4231,51499.7495,374.8205,2782,1234,-0.00675737,,-0.00675737,-0.01418498,-374.8205,55468.4231,OK,411.9980,22.4892,6.0000,94.0000,AG03-UNRESOLVED,ALL5_LEVELS_bet23_to_bet27,22.4892,22.4892,22.4892,22.4892,22.4892,6.000000,6.000000,6.000000,6.000000,6.000000,94.000000,94.000000,94.000000,94.000000,94.000000,5.0,112.4461,99.7382,-149.6237,-136.9157,PENDING_AG03,FALSE,NOT_FOR_ENFORCEMENT,352.3312,48409.7645,-37.1775,-59.6668,-389.5088,-0.00067025,-0.00107569,22.4892,-59.6668,-0.00107569,22.4892,22.4892,22.4892,22.4892,22.4892,-59.6668,-0.00107569,112.4461,99.7382,-149.6237,-136.9157,-0.00269746,-0.00246835,-0.00702217,19.9383,41.7340,0.3037,20.8234,0.7306,3081.5791,68.5556,,19.9383,3.9466,10.3857,27.3081,58.8174,79.8235,105.031,10.3857,-4.1211,7.68589,10.113013,1.919782,29,128,38,10,0E-8,0.00675737,,0.00800000,0.800000,0.928452,0.002516,,2026-05-25,2026-06-16,18,513,239,23,0.782609,,,0.000000,,,,,,,,GLOBAL_BASELINE_NO_ENTITY_RANKING,,,NOT_APPLICABLE_GLOBAL_BASELINE,HF9g-P5,,,,X 全窗基线 · 不参与实体赏罚,3922712,393,A168_HF9F_20260827_0900,2026-08-27 09:00:00
2026-05-29,150554671,-1,1,9583.8672408310,847.8101039859,919.4059447559,0.5294118,340,159,0.38411281021904457,0.273112343239,3.695117250215184,7.115231421349885,3.695117250215184,0.11100046698004457,SENTINEL_DEALER,R03b_20260811_FULL_v1,L1_ELIGIBILITY,v2026-08-11,2026-03-21..2026-08-06,baccarat_bet02_101_all_pairs_incl_sentinel,round_win = game_pnl > 0 (decisive only),COMPATIBILITY_ONLY_NOT_PRODUCTION,55468.4231,51499.7495,374.8205,2782,1234,-0.00675737,,-0.00675737,-0.01418498,-374.8205,55468.4231,OK,411.9980,22.4892,6.0000,94.0000,AG03-UNRESOLVED,ALL5_LEVELS_bet23_to_bet27,22.4892,22.4892,22.4892,22.4892,22.4892,6.000000,6.000000,6.000000,6.000000,6.000000,94.000000,94.000000,94.000000,94.000000,94.000000,5.0,112.4461,99.7382,-149.6237,-136.9157,PENDING_AG03,FALSE,NOT_FOR_ENFORCEMENT,352.3312,48409.7645,-37.1775,-59.6668,-389.5088,-0.00067025,-0.00107569,22.4892,-59.6668,-0.00107569,22.4892,22.4892,22.4892,22.4892,22.4892,-59.6668,-0.00107569,112.4461,99.7382,-149.6237,-136.9157,-0.00269746,-0.00246835,-0.00702217,19.9383,41.7340,0.3037,20.8234,0.7306,3081.5791,68.5556,,19.9383,3.9466,10.3857,27.3081,58.8174,79.8235,105.031,10.3857,-4.1211,7.68589,10.113013,1.919782,29,128,38,10,0E-8,0.00675737,,0.00800000,0.800000,0.928452,0.002516,,2026-05-25,2026-06-16,18,513,239,23,0.782609,,,0.000000,,,,,,,,GLOBAL_BASELINE_NO_ENTITY_RANKING,,,NOT_APPLICABLE_GLOBAL_BASELINE,HF9g-P5,,,,X 全窗基线 · 不参与实体赏罚,3922713,393,A168_HF9F_20260827_0900,2026-08-27 09:00:00
2026-05-29,150554671,1109,0,189.0557714526,-84.0247873122,-82.5123411407,0.3333333,4,3,0.47995741000003795,0.426805050000,-0.5083292622198912,-0.3273217721103076,-0.5083292622198912,0.05315236000003795,ELIGIBLE,R03b_20260811_FULL_v1,L1_ELIGIBILITY,v2026-08-11,2026-03-21..2026-08-06,baccarat_bet02_101_all_pairs_incl_sentinel,round_win = game_pnl > 0 (decisive only),COMPATIBILITY_ONLY_NOT_PRODUCTION,55468.4231,51499.7495,374.8205,2782,1234,-0.00675737,,-0.00675737,-0.01418498,-374.8205,55468.4231,OK,411.9980,22.4892,6.0000,94.0000,AG03-UNRESOLVED,ALL5_LEVELS_bet23_to_bet27,22.4892,22.4892,22.4892,22.4892,22.4892,6.000000,6.000000,6.000000,6.000000,6.000000,94.000000,94.000000,94.000000,94.000000,94.000000,5.0,112.4461,99.7382,-149.6237,-136.9157,PENDING_AG03,FALSE,NOT_FOR_ENFORCEMENT,352.3312,48409.7645,-37.1775,-59.6668,-389.5088,-0.00067025,-0.00107569,22.4892,-59.6668,-0.00107569,22.4892,22.4892,22.4892,22.4892,22.4892,-59.6668,-0.00107569,112.4461,99.7382,-149.6237,-136.9157,-0.00269746,-0.00246835,-0.00702217,19.9383,41.7340,0.3037,20.8234,0.7306,3081.5791,68.5556,,19.9383,3.9466,10.3857,27.3081,58.8174,79.8235,105.031,10.3857,-4.1211,7.68589,10.113013,1.919782,29,128,38,10,0E-8,0.00675737,,0.00800000,0.800000,0.928452,0.002516,,2026-05-25,2026-06-16,18,513,239,23,0.782609,,,0.000000,,,,,,,,GLOBAL_BASELINE_NO_ENTITY_RANKING,,,NOT_APPLICABLE_GLOBAL_BASELINE,HF9g-P5,,,,X 全窗基线 · 不参与实体赏罚,3922714,393,A168_HF9F_20260827_0900,2026-08-27 09:00:00
2026-05-29,150554671,1115,0,497.8468648248,-30.6690473689,-27.5769351958,0.2500000,21,8,0.37962719758802937,0.213523442708,-0.7555028226099528,0.251763729404222,-0.7555028226099528,0.16610375488002937,ELIGIBLE,R03b_20260811_FULL_v1,L1_ELIGIBILITY,v2026-08-11,2026-03-21..2026-08-06,baccarat_bet02_101_all_pairs_incl_sentinel,round_win = game_pnl > 0 (decisive only),COMPATIBILITY_ONLY_NOT_PRODUCTION,55468.4231,51499.7495,374.8205,2782,1234,-0.00675737,,-0.00675737,-0.01418498,-374.8205,55468.4231,OK,411.9980,22.4892,6.0000,94.0000,AG03-UNRESOLVED,ALL5_LEVELS_bet23_to_bet27,22.4892,22.4892,22.4892,22.4892,22.4892,6.000000,6.000000,6.000000,6.000000,6.000000,94.000000,94.000000,94.000000,94.000000,94.000000,5.0,112.4461,99.7382,-149.6237,-136.9157,PENDING_AG03,FALSE,NOT_FOR_ENFORCEMENT,352.3312,48409.7645,-37.1775,-59.6668,-389.5088,-0.00067025,-0.00107569,22.4892,-59.6668,-0.00107569,22.4892,22.4892,22.4892,22.4892,22.4892,-59.6668,-0.00107569,112.4461,99.7382,-149.6237,-136.9157,-0.00269746,-0.00246835,-0.00702217,19.9383,41.7340,0.3037,20.8234,0.7306,3081.5791,68.5556,,19.9383,3.9466,10.3857,27.3081,58.8174,79.8235,105.031,10.3857,-4.1211,7.68589,10.113013,1.919782,29,128,38,10,0E-8,0.00675737,,0.00800000,0.800000,0.928452,0.002516,,2026-05-25,2026-06-16,18,513,239,23,0.782609,,,0.000000,,,,,,,,GLOBAL_BASELINE_NO_ENTITY_RANKING,,,NOT_APPLICABLE_GLOBAL_BASELINE,HF9g-P5,,,,X 全窗基线 · 不参与实体赏罚,3922715,393,A168_HF9F_20260827_0900,2026-08-27 09:00:00
2026-05-29,150554671,1304,0,31.5092952421,-31.5092952421,-31.2572208802,0E-7,1,1,0.49324550000000000,0.493245500000,-0.9865810262130424,-0.9865810262130424,-0.9865810262130424,0E-17,ELIGIBLE,R03b_20260811_FULL_v1,L1_ELIGIBILITY,v2026-08-11,2026-03-21..2026-08-06,baccarat_bet02_101_all_pairs_incl_sentinel,round_win = game_pnl > 0 (decisive only),COMPATIBILITY_ONLY_NOT_PRODUCTION,55468.4231,51499.7495,374.8205,2782,1234,-0.00675737,,-0.00675737,-0.01418498,-374.8205,55468.4231,OK,411.9980,22.4892,6.0000,94.0000,AG03-UNRESOLVED,ALL5_LEVELS_bet23_to_bet27,22.4892,22.4892,22.4892,22.4892,22.4892,6.000000,6.000000,6.000000,6.000000,6.000000,94.000000,94.000000,94.000000,94.000000,94.000000,5.0,112.4461,99.7382,-149.6237,-136.9157,PENDING_AG03,FALSE,NOT_FOR_ENFORCEMENT,352.3312,48409.7645,-37.1775,-59.6668,-389.5088,-0.00067025,-0.00107569,22.4892,-59.6668,-0.00107569,22.4892,22.4892,22.4892,22.4892,22.4892,-59.6668,-0.00107569,112.4461,99.7382,-149.6237,-136.9157,-0.00269746,-0.00246835,-0.00702217,19.9383,41.7340,0.3037,20.8234,0.7306,3081.5791,68.5556,,19.9383,3.9466,10.3857,27.3081,58.8174,79.8235,105.031,10.3857,-4.1211,7.68589,10.113013,1.919782,29,128,38,10,0E-8,0.00675737,,0.00800000,0.800000,0.928452,0.002516,,2026-05-25,2026-06-16,18,513,239,23,0.782609,,,0.000000,,,,,,,,GLOBAL_BASELINE_NO_ENTITY_RANKING,,,NOT_APPLICABLE_GLOBAL_BASELINE,HF9g-P5,,,,X 全窗基线 · 不参与实体赏罚,3922716,393,A168_HF9F_20260827_0900,2026-08-27 09:00:00
2026-05-29,150554671,1307,0,254.1749816195,-119.7353219199,-118.1220460035,0.2000000,10,5,0.36691916649687872,0.233402136667,-0.7744197633163641,-0.1765724873318511,-0.7744197633163641,0.13351702982987872,ELIGIBLE,R03b_20260811_FULL_v1,L1_ELIGIBILITY,v2026-08-11,2026-03-21..2026-08-06,baccarat_bet02_101_all_pairs_incl_sentinel,round_win = game_pnl > 0 (decisive only),COMPATIBILITY_ONLY_NOT_PRODUCTION,55468.4231,51499.7495,374.8205,2782,1234,-0.00675737,,-0.00675737,-0.01418498,-374.8205,55468.4231,OK,411.9980,22.4892,6.0000,94.0000,AG03-UNRESOLVED,ALL5_LEVELS_bet23_to_bet27,22.4892,22.4892,22.4892,22.4892,22.4892,6.000000,6.000000,6.000000,6.000000,6.000000,94.000000,94.000000,94.000000,94.000000,94.000000,5.0,112.4461,99.7382,-149.6237,-136.9157,PENDING_AG03,FALSE,NOT_FOR_ENFORCEMENT,352.3312,48409.7645,-37.1775,-59.6668,-389.5088,-0.00067025,-0.00107569,22.4892,-59.6668,-0.00107569,22.4892,22.4892,22.4892,22.4892,22.4892,-59.6668,-0.00107569,112.4461,99.7382,-149.6237,-136.9157,-0.00269746,-0.00246835,-0.00702217,19.9383,41.7340,0.3037,20.8234,0.7306,3081.5791,68.5556,,19.9383,3.9466,10.3857,27.3081,58.8174,79.8235,105.031,10.3857,-4.1211,7.68589,10.113013,1.919782,29,128,38,10,0E-8,0.00675737,,0.00800000,0.800000,0.928452,0.002516,,2026-05-25,2026-06-16,18,513,239,23,0.782609,,,0.000000,,,,,,,,GLOBAL_BASELINE_NO_ENTITY_RANKING,,,NOT_APPLICABLE_GLOBAL_BASELINE,HF9g-P5,,,,X 全窗基线 · 不参与实体赏罚,3922717,393,A168_HF9F_20260827_0900,2026-08-27 09:00:00
2026-05-29,150554671,1325,0,221.4053145677,-177.7124251653,-175.9411826488,0.2000000,7,5,0.30893502542863253,0.240324360000,-0.5271807282468255,-0.2110277109226363,-0.5271807282468255,0.06861066542863253,ELIGIBLE,R03b_20260811_FULL_v1,L1_ELIGIBILITY,v2026-08-11,2026-03-21..2026-08-06,baccarat_bet02_101_all_pairs_incl_sentinel,round_win = game_pnl > 0 (decisive only),COMPATIBILITY_ONLY_NOT_PRODUCTION,55468.4231,51499.7495,374.8205,2782,1234,-0.00675737,,-0.00675737,-0.01418498,-374.8205,55468.4231,OK,411.9980,22.4892,6.0000,94.0000,AG03-UNRESOLVED,ALL5_LEVELS_bet23_to_bet27,22.4892,22.4892,22.4892,22.4892,22.4892,6.000000,6.000000,6.000000,6.000000,6.000000,94.000000,94.000000,94.000000,94.000000,94.000000,5.0,112.4461,99.7382,-149.6237,-136.9157,PENDING_AG03,FALSE,NOT_FOR_ENFORCEMENT,352.3312,48409.7645,-37.1775,-59.6668,-389.5088,-0.00067025,-0.00107569,22.4892,-59.6668,-0.00107569,22.4892,22.4892,22.4892,22.4892,22.4892,-59.6668,-0.00107569,112.4461,99.7382,-149.6237,-136.9157,-0.00269746,-0.00246835,-0.00702217,19.9383,41.7340,0.3037,20.8234,0.7306,3081.5791,68.5556,,19.9383,3.9466,10.3857,27.3081,58.8174,79.8235,105.031,10.3857,-4.1211,7.68589,10.113013,1.919782,29,128,38,10,0E-8,0.00675737,,0.00800000,0.800000,0.928452,0.002516,,2026-05-25,2026-06-16,18,513,239,23,0.782609,,,0.000000,,,,,,,,GLOBAL_BASELINE_NO_ENTITY_RANKING,,,NOT_APPLICABLE_GLOBAL_BASELINE,HF9g-P5,,,,X 全窗基线 · 不参与实体赏罚,3922718,393,A168_HF9F_20260827_0900,2026-08-27 09:00:00
2026-05-29,150554671,1330,0,142.8421384307,-24.0520953680,-22.9093582607,0.2500000,8,4,0.27758505984852261,0.218682466667,-0.12320051486499599,0.1515293557888238,-0.12320051486499599,0.05890259318152261,ELIGIBLE,R03b_20260811_FULL_v1,L1_ELIGIBILITY,v2026-08-11,2026-03-21..2026-08-06,baccarat_bet02_101_all_pairs_incl_sentinel,round_win = game_pnl > 0 (decisive only),COMPATIBILITY_ONLY_NOT_PRODUCTION,55468.4231,51499.7495,374.8205,2782,1234,-0.00675737,,-0.00675737,-0.01418498,-374.8205,55468.4231,OK,411.9980,22.4892,6.0000,94.0000,AG03-UNRESOLVED,ALL5_LEVELS_bet23_to_bet27,22.4892,22.4892,22.4892,22.4892,22.4892,6.000000,6.000000,6.000000,6.000000,6.000000,94.000000,94.000000,94.000000,94.000000,94.000000,5.0,112.4461,99.7382,-149.6237,-136.9157,PENDING_AG03,FALSE,NOT_FOR_ENFORCEMENT,352.3312,48409.7645,-37.1775,-59.6668,-389.5088,-0.00067025,-0.00107569,22.4892,-59.6668,-0.00107569,22.4892,22.4892,22.4892,22.4892,22.4892,-59.6668,-0.00107569,112.4461,99.7382,-149.6237,-136.9157,-0.00269746,-0.00246835,-0.00702217,19.9383,41.7340,0.3037,20.8234,0.7306,3081.5791,68.5556,,19.9383,3.9466,10.3857,27.3081,58.8174,79.8235,105.031,10.3857,-4.1211,7.68589,10.113013,1.919782,29,128,38,10,0E-8,0.00675737,,0.00800000,0.800000,0.928452,0.002516,,2026-05-25,2026-06-16,18,513,239,23,0.782609,,,0.000000,,,,,,,,GLOBAL_BASELINE_NO_ENTITY_RANKING,,,NOT_APPLICABLE_GLOBAL_BASELINE,HF9g-P5,,,,X 全窗基线 · 不参与实体赏罚,3922719,393,A168_HF9F_20260827_0900,2026-08-27 09:00:00
2026-05-29,150554671,1331,0,63.0185904842,0E-10,0E-10,,1,1,0.49324550000000000,0.493245500000,,,,0E-17,NO_DECISIVE_ROUND,R03b_20260811_FULL_v1,L1_ELIGIBILITY,v2026-08-11,2026-03-21..2026-08-06,baccarat_bet02_101_all_pairs_incl_sentinel,round_win = game_pnl > 0 (decisive only),COMPATIBILITY_ONLY_NOT_PRODUCTION,55468.4231,51499.7495,374.8205,2782,1234,-0.00675737,,-0.00675737,-0.01418498,-374.8205,55468.4231,OK,411.9980,22.4892,6.0000,94.0000,AG03-UNRESOLVED,ALL5_LEVELS_bet23_to_bet27,22.4892,22.4892,22.4892,22.4892,22.4892,6.000000,6.000000,6.000000,6.000000,6.000000,94.000000,94.000000,94.000000,94.000000,94.000000,5.0,112.4461,99.7382,-149.6237,-136.9157,PENDING_AG03,FALSE,NOT_FOR_ENFORCEMENT,352.3312,48409.7645,-37.1775,-59.6668,-389.5088,-0.00067025,-0.00107569,22.4892,-59.6668,-0.00107569,22.4892,22.4892,22.4892,22.4892,22.4892,-59.6668,-0.00107569,112.4461,99.7382,-149.6237,-136.9157,-0.00269746,-0.00246835,-0.00702217,19.9383,41.7340,0.3037,20.8234,0.7306,3081.5791,68.5556,,19.9383,3.9466,10.3857,27.3081,58.8174,79.8235,105.031,10.3857,-4.1211,7.68589,10.113013,1.919782,29,128,38,10,0E-8,0.00675737,,0.00800000,0.800000,0.928452,0.002516,,2026-05-25,2026-06-16,18,513,239,23,0.782609,,,0.000000,,,,,,,,GLOBAL_BASELINE_NO_ENTITY_RANKING,,,NOT_APPLICABLE_GLOBAL_BASELINE,HF9g-P5,,,,X 全窗基线 · 不参与实体赏罚,3922720,393,A168_HF9F_20260827_0900,2026-08-27 09:00:00
2026-05-29,150554671,1353,0,98.7291250918,-48.3142527045,-47.5244197038,0.5000000,6,2,0.40147840636385218,0.228754125000,0.2842336017433967,0.9132659082138368,0.2842336017433967,0.17272428136385218,ELIGIBLE,R03b_20260811_FULL_v1,L1_ELIGIBILITY,v2026-08-11,2026-03-21..2026-08-06,baccarat_bet02_101_all_pairs_incl_sentinel,round_win = game_pnl > 0 (decisive only),COMPATIBILITY_ONLY_NOT_PRODUCTION,55468.4231,51499.7495,374.8205,2782,1234,-0.00675737,,-0.00675737,-0.01418498,-374.8205,55468.4231,OK,411.9980,22.4892,6.0000,94.0000,AG03-UNRESOLVED,ALL5_LEVELS_bet23_to_bet27,22.4892,22.4892,22.4892,22.4892,22.4892,6.000000,6.000000,6.000000,6.000000,6.000000,94.000000,94.000000,94.000000,94.000000,94.000000,5.0,112.4461,99.7382,-149.6237,-136.9157,PENDING_AG03,FALSE,NOT_FOR_ENFORCEMENT,352.3312,48409.7645,-37.1775,-59.6668,-389.5088,-0.00067025,-0.00107569,22.4892,-59.6668,-0.00107569,22.4892,22.4892,22.4892,22.4892,22.4892,-59.6668,-0.00107569,112.4461,99.7382,-149.6237,-136.9157,-0.00269746,-0.00246835,-0.00702217,19.9383,41.7340,0.3037,20.8234,0.7306,3081.5791,68.5556,,19.9383,3.9466,10.3857,27.3081,58.8174,79.8235,105.031,10.3857,-4.1211,7.68589,10.113013,1.919782,29,128,38,10,0E-8,0.00675737,,0.00800000,0.800000,0.928452,0.002516,,2026-05-25,2026-06-16,18,513,239,23,0.782609,,,0.000000,,,,,,,,GLOBAL_BASELINE_NO_ENTITY_RANKING,,,NOT_APPLICABLE_GLOBAL_BASELINE,HF9g-P5,,,,X 全窗基线 · 不参与实体赏罚,3922721,393,A168_HF9F_20260827_0900,2026-08-27 09:00:00
2026-05-29,150554671,1363,0,117.6347022371,-19.3257010817,-18.3846234640,0.5000000,5,2,0.42720766071447581,0.249188841667,0.20810502053481164,0.8200346373869942,0.20810502053481164,0.17801881904747581,ELIGIBLE,R03b_20260811_FULL_v1,L1_ELIGIBILITY,v2026-08-11,2026-03-21..2026-08-06,baccarat_bet02_101_all_pairs_incl_sentinel,round_win = game_pnl > 0 (decisive only),COMPATIBILITY_ONLY_NOT_PRODUCTION,55468.4231,51499.7495,374.8205,2782,1234,-0.00675737,,-0.00675737,-0.01418498,-374.8205,55468.4231,OK,411.9980,22.4892,6.0000,94.0000,AG03-UNRESOLVED,ALL5_LEVELS_bet23_to_bet27,22.4892,22.4892,22.4892,22.4892,22.4892,6.000000,6.000000,6.000000,6.000000,6.000000,94.000000,94.000000,94.000000,94.000000,94.000000,5.0,112.4461,99.7382,-149.6237,-136.9157,PENDING_AG03,FALSE,NOT_FOR_ENFORCEMENT,352.3312,48409.7645,-37.1775,-59.6668,-389.5088,-0.00067025,-0.00107569,22.4892,-59.6668,-0.00107569,22.4892,22.4892,22.4892,22.4892,22.4892,-59.6668,-0.00107569,112.4461,99.7382,-149.6237,-136.9157,-0.00269746,-0.00246835,-0.00702217,19.9383,41.7340,0.3037,20.8234,0.7306,3081.5791,68.5556,,19.9383,3.9466,10.3857,27.3081,58.8174,79.8235,105.031,10.3857,-4.1211,7.68589,10.113013,1.919782,29,128,38,10,0E-8,0.00675737,,0.00800000,0.800000,0.928452,0.002516,,2026-05-25,2026-06-16,18,513,239,23,0.782609,,,0.000000,,,,,,,,GLOBAL_BASELINE_NO_ENTITY_RANKING,,,NOT_APPLICABLE_GLOBAL_BASELINE,HF9g-P5,,,,X 全窗基线 · 不参与实体赏罚,3922722,393,A168_HF9F_20260827_0900,2026-08-27 09:00:00
2026-05-29,150554671,1399,0,550.3623568950,37.8111542908,41.6426845918,0.5555556,29,9,0.42830789557734686,0.219182434630,0.7714573516033489,2.4392981067975175,0.7714573516033489,0.20912546094734686,ELIGIBLE,R03b_20260811_FULL_v1,L1_ELIGIBILITY,v2026-08-11,2026-03-21..2026-08-06,baccarat_bet02_101_all_pairs_incl_sentinel,round_win = game_pnl > 0 (decisive only),COMPATIBILITY_ONLY_NOT_PRODUCTION,55468.4231,51499.7495,374.8205,2782,1234,-0.00675737,,-0.00675737,-0.01418498,-374.8205,55468.4231,OK,411.9980,22.4892,6.0000,94.0000,AG03-UNRESOLVED,ALL5_LEVELS_bet23_to_bet27,22.4892,22.4892,22.4892,22.4892,22.4892,6.000000,6.000000,6.000000,6.000000,6.000000,94.000000,94.000000,94.000000,94.000000,94.000000,5.0,112.4461,99.7382,-149.6237,-136.9157,PENDING_AG03,FALSE,NOT_FOR_ENFORCEMENT,352.3312,48409.7645,-37.1775,-59.6668,-389.5088,-0.00067025,-0.00107569,22.4892,-59.6668,-0.00107569,22.4892,22.4892,22.4892,22.4892,22.4892,-59.6668,-0.00107569,112.4461,99.7382,-149.6237,-136.9157,-0.00269746,-0.00246835,-0.00702217,19.9383,41.7340,0.3037,20.8234,0.7306,3081.5791,68.5556,,19.9383,3.9466,10.3857,27.3081,58.8174,79.8235,105.031,10.3857,-4.1211,7.68589,10.113013,1.919782,29,128,38,10,0E-8,0.00675737,,0.00800000,0.800000,0.928452,0.002516,,2026-05-25,2026-06-16,18,513,239,23,0.782609,,,0.000000,,,,,,,,GLOBAL_BASELINE_NO_ENTITY_RANKING,,,NOT_APPLICABLE_GLOBAL_BASELINE,HF9g-P5,,,,X 全窗基线 · 不参与实体赏罚,3922723,393,A168_HF9F_20260827_0900,2026-08-27 09:00:00
2026-05-29,150554671,1401,0,94.5278857262,57.0318243883,57.7880474739,1.0000000,5,2,0.42792721225313107,0.249188841667,1.6351428154438552,2.454799698952239,1.6351428154438552,0.17873837058613107,ELIGIBLE,R03b_20260811_FULL_v1,L1_ELIGIBILITY,v2026-08-11,2026-03-21..2026-08-06,baccarat_bet02_101_all_pairs_incl_sentinel,round_win = game_pnl > 0 (decisive only),COMPATIBILITY_ONLY_NOT_PRODUCTION,55468.4231,51499.7495,374.8205,2782,1234,-0.00675737,,-0.00675737,-0.01418498,-374.8205,55468.4231,OK,411.9980,22.4892,6.0000,94.0000,AG03-UNRESOLVED,ALL5_LEVELS_bet23_to_bet27,22.4892,22.4892,22.4892,22.4892,22.4892,6.000000,6.000000,6.000000,6.000000,6.000000,94.000000,94.000000,94.000000,94.000000,94.000000,5.0,112.4461,99.7382,-149.6237,-136.9157,PENDING_AG03,FALSE,NOT_FOR_ENFORCEMENT,352.3312,48409.7645,-37.1775,-59.6668,-389.5088,-0.00067025,-0.00107569,22.4892,-59.6668,-0.00107569,22.4892,22.4892,22.4892,22.4892,22.4892,-59.6668,-0.00107569,112.4461,99.7382,-149.6237,-136.9157,-0.00269746,-0.00246835,-0.00702217,19.9383,41.7340,0.3037,20.8234,0.7306,3081.5791,68.5556,,19.9383,3.9466,10.3857,27.3081,58.8174,79.8235,105.031,10.3857,-4.1211,7.68589,10.113013,1.919782,29,128,38,10,0E-8,0.00675737,,0.00800000,0.800000,0.928452,0.002516,,2026-05-25,2026-06-16,18,513,239,23,0.782609,,,0.000000,,,,,,,,GLOBAL_BASELINE_NO_ENTITY_RANKING,,,NOT_APPLICABLE_GLOBAL_BASELINE,HF9g-P5,,,,X 全窗基线 · 不参与实体赏罚,3922724,393,A168_HF9F_20260827_0900,2026-08-27 09:00:00
2026-05-29,150554671,1402,0,409.6208381470,445.4364037394,448.7133704444,0.8333333,15,6,0.41337185547675952,0.253924475000,2.088974703049186,3.260746806794407,2.088974703049186,0.15944738047675952,ELIGIBLE,R03b_20260811_FULL_v1,L1_ELIGIBILITY,v2026-08-11,2026-03-21..2026-08-06,baccarat_bet02_101_all_pairs_incl_sentinel,round_win = game_pnl > 0 (decisive only),COMPATIBILITY_ONLY_NOT_PRODUCTION,55468.4231,51499.7495,374.8205,2782,1234,-0.00675737,,-0.00675737,-0.01418498,-374.8205,55468.4231,OK,411.9980,22.4892,6.0000,94.0000,AG03-UNRESOLVED,ALL5_LEVELS_bet23_to_bet27,22.4892,22.4892,22.4892,22.4892,22.4892,6.000000,6.000000,6.000000,6.000000,6.000000,94.000000,94.000000,94.000000,94.000000,94.000000,5.0,112.4461,99.7382,-149.6237,-136.9157,PENDING_AG03,FALSE,NOT_FOR_ENFORCEMENT,352.3312,48409.7645,-37.1775,-59.6668,-389.5088,-0.00067025,-0.00107569,22.4892,-59.6668,-0.00107569,22.4892,22.4892,22.4892,22.4892,22.4892,-59.6668,-0.00107569,112.4461,99.7382,-149.6237,-136.9157,-0.00269746,-0.00246835,-0.00702217,19.9383,41.7340,0.3037,20.8234,0.7306,3081.5791,68.5556,,19.9383,3.9466,10.3857,27.3081,58.8174,79.8235,105.031,10.3857,-4.1211,7.68589,10.113013,1.919782,29,128,38,10,0E-8,0.00675737,,0.00800000,0.800000,0.928452,0.002516,,2026-05-25,2026-06-16,18,513,239,23,0.782609,,,0.000000,,,,,,,,GLOBAL_BASELINE_NO_ENTITY_RANKING,,,NOT_APPLICABLE_GLOBAL_BASELINE,HF9g-P5,,,,X 全窗基线 · 不参与实体赏罚,3922725,393,A168_HF9F_20260827_0900,2026-08-27 09:00:00
2026-05-29,150554671,1507,0,60.9179708013,-60.9179708013,-60.4306270350,0E-7,4,1,0.41582352758635599,0.177402200000,-0.8436892164751729,-0.46439306844574846,-0.8436892164751729,0.23842132758635599,ELIGIBLE,R03b_20260811_FULL_v1,L1_ELIGIBILITY,v2026-08-11,2026-03-21..2026-08-06,baccarat_bet02_101_all_pairs_incl_sentinel,round_win = game_pnl > 0 (decisive only),COMPATIBILITY_ONLY_NOT_PRODUCTION,55468.4231,51499.7495,374.8205,2782,1234,-0.00675737,,-0.00675737,-0.01418498,-374.8205,55468.4231,OK,411.9980,22.4892,6.0000,94.0000,AG03-UNRESOLVED,ALL5_LEVELS_bet23_to_bet27,22.4892,22.4892,22.4892,22.4892,22.4892,6.000000,6.000000,6.000000,6.000000,6.000000,94.000000,94.000000,94.000000,94.000000,94.000000,5.0,112.4461,99.7382,-149.6237,-136.9157,PENDING_AG03,FALSE,NOT_FOR_ENFORCEMENT,352.3312,48409.7645,-37.1775,-59.6668,-389.5088,-0.00067025,-0.00107569,22.4892,-59.6668,-0.00107569,22.4892,22.4892,22.4892,22.4892,22.4892,-59.6668,-0.00107569,112.4461,99.7382,-149.6237,-136.9157,-0.00269746,-0.00246835,-0.00702217,19.9383,41.7340,0.3037,20.8234,0.7306,3081.5791,68.5556,,19.9383,3.9466,10.3857,27.3081,58.8174,79.8235,105.031,10.3857,-4.1211,7.68589,10.113013,1.919782,29,128,38,10,0E-8,0.00675737,,0.00800000,0.800000,0.928452,0.002516,,2026-05-25,2026-06-16,18,513,239,23,0.782609,,,0.000000,,,,,,,,GLOBAL_BASELINE_NO_ENTITY_RANKING,,,NOT_APPLICABLE_GLOBAL_BASELINE,HF9g-P5,,,,X 全窗基线 · 不参与实体赏罚,3922726,393,A168_HF9F_20260827_0900,2026-08-27 09:00:00
2026-05-29,150554671,1509,0,73.5216888982,-73.5216888982,-72.9335153870,0E-7,3,2,0.25961931666677554,0.191009650000,-0.8374443548637962,-0.6871807445251034,-0.8374443548637962,0.06860966666677554,ELIGIBLE,R03b_20260811_FULL_v1,L1_ELIGIBILITY,v2026-08-11,2026-03-21..2026-08-06,baccarat_bet02_101_all_pairs_incl_sentinel,round_win = game_pnl > 0 (decisive only),COMPATIBILITY_ONLY_NOT_PRODUCTION,55468.4231,51499.7495,374.8205,2782,1234,-0.00675737,,-0.00675737,-0.01418498,-374.8205,55468.4231,OK,411.9980,22.4892,6.0000,94.0000,AG03-UNRESOLVED,ALL5_LEVELS_bet23_to_bet27,22.4892,22.4892,22.4892,22.4892,22.4892,6.000000,6.000000,6.000000,6.000000,6.000000,94.000000,94.000000,94.000000,94.000000,94.000000,5.0,112.4461,99.7382,-149.6237,-136.9157,PENDING_AG03,FALSE,NOT_FOR_ENFORCEMENT,352.3312,48409.7645,-37.1775,-59.6668,-389.5088,-0.00067025,-0.00107569,22.4892,-59.6668,-0.00107569,22.4892,22.4892,22.4892,22.4892,22.4892,-59.6668,-0.00107569,112.4461,99.7382,-149.6237,-136.9157,-0.00269746,-0.00246835,-0.00702217,19.9383,41.7340,0.3037,20.8234,0.7306,3081.5791,68.5556,,19.9383,3.9466,10.3857,27.3081,58.8174,79.8235,105.031,10.3857,-4.1211,7.68589,10.113013,1.919782,29,128,38,10,0E-8,0.00675737,,0.00800000,0.800000,0.928452,0.002516,,2026-05-25,2026-06-16,18,513,239,23,0.782609,,,0.000000,,,,,,,,GLOBAL_BASELINE_NO_ENTITY_RANKING,,,NOT_APPLICABLE_GLOBAL_BASELINE,HF9g-P5,,,,X 全窗基线 · 不参与实体赏罚,3922727,393,A168_HF9F_20260827_0900,2026-08-27 09:00:00
2026-05-29,150554671,1645,0,31.5092952421,-31.5092952421,-31.2572208802,0E-7,1,1,0.50665070000000000,0.506650700000,-1.013391052207602,-1.013391052207602,-1.013391052207602,0E-17,ELIGIBLE,R03b_20260811_FULL_v1,L1_ELIGIBILITY,v2026-08-11,2026-03-21..2026-08-06,baccarat_bet02_101_all_pairs_incl_sentinel,round_win = game_pnl > 0 (decisive only),COMPATIBILITY_ONLY_NOT_PRODUCTION,55468.4231,51499.7495,374.8205,2782,1234,-0.00675737,,-0.00675737,-0.01418498,-374.8205,55468.4231,OK,411.9980,22.4892,6.0000,94.0000,AG03-UNRESOLVED,ALL5_LEVELS_bet23_to_bet27,22.4892,22.4892,22.4892,22.4892,22.4892,6.000000,6.000000,6.000000,6.000000,6.000000,94.000000,94.000000,94.000000,94.000000,94.000000,5.0,112.4461,99.7382,-149.6237,-136.9157,PENDING_AG03,FALSE,NOT_FOR_ENFORCEMENT,352.3312,48409.7645,-37.1775,-59.6668,-389.5088,-0.00067025,-0.00107569,22.4892,-59.6668,-0.00107569,22.4892,22.4892,22.4892,22.4892,22.4892,-59.6668,-0.00107569,112.4461,99.7382,-149.6237,-136.9157,-0.00269746,-0.00246835,-0.00702217,19.9383,41.7340,0.3037,20.8234,0.7306,3081.5791,68.5556,,19.9383,3.9466,10.3857,27.3081,58.8174,79.8235,105.031,10.3857,-4.1211,7.68589,10.113013,1.919782,29,128,38,10,0E-8,0.00675737,,0.00800000,0.800000,0.928452,0.002516,,2026-05-25,2026-06-16,18,513,239,23,0.782609,,,0.000000,,,,,,,,GLOBAL_BASELINE_NO_ENTITY_RANKING,,,NOT_APPLICABLE_GLOBAL_BASELINE,HF9g-P5,,,,X 全窗基线 · 不参与实体赏罚,3922728,393,A168_HF9F_20260827_0900,2026-08-27 09:00:00
2026-05-29,150554671,1704,0,115.5340825544,7.3521688898,8.2764415503,0.5000000,2,2,0.49994810000000000,0.499948100000,0.00014679536856514622,0.00014679536856514622,0.00014679536856514622,0E-17,ELIGIBLE,R03b_20260811_FULL_v1,L1_ELIGIBILITY,v2026-08-11,2026-03-21..2026-08-06,baccarat_bet02_101_all_pairs_incl_sentinel,round_win = game_pnl > 0 (decisive only),COMPATIBILITY_ONLY_NOT_PRODUCTION,55468.4231,51499.7495,374.8205,2782,1234,-0.00675737,,-0.00675737,-0.01418498,-374.8205,55468.4231,OK,411.9980,22.4892,6.0000,94.0000,AG03-UNRESOLVED,ALL5_LEVELS_bet23_to_bet27,22.4892,22.4892,22.4892,22.4892,22.4892,6.000000,6.000000,6.000000,6.000000,6.000000,94.000000,94.000000,94.000000,94.000000,94.000000,5.0,112.4461,99.7382,-149.6237,-136.9157,PENDING_AG03,FALSE,NOT_FOR_ENFORCEMENT,352.3312,48409.7645,-37.1775,-59.6668,-389.5088,-0.00067025,-0.00107569,22.4892,-59.6668,-0.00107569,22.4892,22.4892,22.4892,22.4892,22.4892,-59.6668,-0.00107569,112.4461,99.7382,-149.6237,-136.9157,-0.00269746,-0.00246835,-0.00702217,19.9383,41.7340,0.3037,20.8234,0.7306,3081.5791,68.5556,,19.9383,3.9466,10.3857,27.3081,58.8174,79.8235,105.031,10.3857,-4.1211,7.68589,10.113013,1.919782,29,128,38,10,0E-8,0.00675737,,0.00800000,0.800000,0.928452,0.002516,,2026-05-25,2026-06-16,18,513,239,23,0.782609,,,0.000000,,,,,,,,GLOBAL_BASELINE_NO_ENTITY_RANKING,,,NOT_APPLICABLE_GLOBAL_BASELINE,HF9g-P5,,,,X 全窗基线 · 不参与实体赏罚,3922729,393,A168_HF9F_20260827_0900,2026-08-27 09:00:00
2026-05-29,150554671,1714,0,157.5464762104,81.3990127089,82.6593845185,0.2500000,7,4,0.25789319583345317,0.182378312500,-0.03608525053220588,0.3502298855707465,-0.03608525053220588,0.07551488333345317,ELIGIBLE,R03b_20260811_FULL_v1,L1_ELIGIBILITY,v2026-08-11,2026-03-21..2026-08-06,baccarat_bet02_101_all_pairs_incl_sentinel,round_win = game_pnl > 0 (decisive only),COMPATIBILITY_ONLY_NOT_PRODUCTION,55468.4231,51499.7495,374.8205,2782,1234,-0.00675737,,-0.00675737,-0.01418498,-374.8205,55468.4231,OK,411.9980,22.4892,6.0000,94.0000,AG03-UNRESOLVED,ALL5_LEVELS_bet23_to_bet27,22.4892,22.4892,22.4892,22.4892,22.4892,6.000000,6.000000,6.000000,6.000000,6.000000,94.000000,94.000000,94.000000,94.000000,94.000000,5.0,112.4461,99.7382,-149.6237,-136.9157,PENDING_AG03,FALSE,NOT_FOR_ENFORCEMENT,352.3312,48409.7645,-37.1775,-59.6668,-389.5088,-0.00067025,-0.00107569,22.4892,-59.6668,-0.00107569,22.4892,22.4892,22.4892,22.4892,22.4892,-59.6668,-0.00107569,112.4461,99.7382,-149.6237,-136.9157,-0.00269746,-0.00246835,-0.00702217,19.9383,41.7340,0.3037,20.8234,0.7306,3081.5791,68.5556,,19.9383,3.9466,10.3857,27.3081,58.8174,79.8235,105.031,10.3857,-4.1211,7.68589,10.113013,1.919782,29,128,38,10,0E-8,0.00675737,,0.00800000,0.800000,0.928452,0.002516,,2026-05-25,2026-06-16,18,513,239,23,0.782609,,,0.000000,,,,,,,,GLOBAL_BASELINE_NO_ENTITY_RANKING,,,NOT_APPLICABLE_GLOBAL_BASELINE,HF9g-P5,,,,X 全窗基线 · 不参与实体赏罚,3922730,393,A168_HF9F_20260827_0900,2026-08-27 09:00:00
2026-05-29,150554671,1941,0,94.5278857263,138.8509610336,139.6071841193,1.0000000,3,2,0.47729363500005393,0.386675775000,1.4799637251376598,1.7810929101020572,1.4799637251376598,0.09061786000005393,ELIGIBLE,R03b_20260811_FULL_v1,L1_ELIGIBILITY,v2026-08-11,2026-03-21..2026-08-06,baccarat_bet02_101_all_pairs_incl_sentinel,round_win = game_pnl > 0 (decisive only),COMPATIBILITY_ONLY_NOT_PRODUCTION,55468.4231,51499.7495,374.8205,2782,1234,-0.00675737,,-0.00675737,-0.01418498,-374.8205,55468.4231,OK,411.9980,22.4892,6.0000,94.0000,AG03-UNRESOLVED,ALL5_LEVELS_bet23_to_bet27,22.4892,22.4892,22.4892,22.4892,22.4892,6.000000,6.000000,6.000000,6.000000,6.000000,94.000000,94.000000,94.000000,94.000000,94.000000,5.0,112.4461,99.7382,-149.6237,-136.9157,PENDING_AG03,FALSE,NOT_FOR_ENFORCEMENT,352.3312,48409.7645,-37.1775,-59.6668,-389.5088,-0.00067025,-0.00107569,22.4892,-59.6668,-0.00107569,22.4892,22.4892,22.4892,22.4892,22.4892,-59.6668,-0.00107569,112.4461,99.7382,-149.6237,-136.9157,-0.00269746,-0.00246835,-0.00702217,19.9383,41.7340,0.3037,20.8234,0.7306,3081.5791,68.5556,,19.9383,3.9466,10.3857,27.3081,58.8174,79.8235,105.031,10.3857,-4.1211,7.68589,10.113013,1.919782,29,128,38,10,0E-8,0.00675737,,0.00800000,0.800000,0.928452,0.002516,,2026-05-25,2026-06-16,18,513,239,23,0.782609,,,0.000000,,,,,,,,GLOBAL_BASELINE_NO_ENTITY_RANKING,,,NOT_APPLICABLE_GLOBAL_BASELINE,HF9g-P5,,,,X 全窗基线 · 不参与实体赏罚,3922731,393,A168_HF9F_20260827_0900,2026-08-27 09:00:00
2026-05-29,150554671,1957,0,42.0123936561,-42.0123936561,-41.6762945069,0E-7,1,1,0.50665070000000000,0.506650700000,-1.013391052207602,-1.013391052207602,-1.013391052207602,0E-17,ELIGIBLE,R03b_20260811_FULL_v1,L1_ELIGIBILITY,v2026-08-11,2026-03-21..2026-08-06,baccarat_bet02_101_all_pairs_incl_sentinel,round_win = game_pnl > 0 (decisive only),COMPATIBILITY_ONLY_NOT_PRODUCTION,55468.4231,51499.7495,374.8205,2782,1234,-0.00675737,,-0.00675737,-0.01418498,-374.8205,55468.4231,OK,411.9980,22.4892,6.0000,94.0000,AG03-UNRESOLVED,ALL5_LEVELS_bet23_to_bet27,22.4892,22.4892,22.4892,22.4892,22.4892,6.000000,6.000000,6.000000,6.000000,6.000000,94.000000,94.000000,94.000000,94.000000,94.000000,5.0,112.4461,99.7382,-149.6237,-136.9157,PENDING_AG03,FALSE,NOT_FOR_ENFORCEMENT,352.3312,48409.7645,-37.1775,-59.6668,-389.5088,-0.00067025,-0.00107569,22.4892,-59.6668,-0.00107569,22.4892,22.4892,22.4892,22.4892,22.4892,-59.6668,-0.00107569,112.4461,99.7382,-149.6237,-136.9157,-0.00269746,-0.00246835,-0.00702217,19.9383,41.7340,0.3037,20.8234,0.7306,3081.5791,68.5556,,19.9383,3.9466,10.3857,27.3081,58.8174,79.8235,105.031,10.3857,-4.1211,7.68589,10.113013,1.919782,29,128,38,10,0E-8,0.00675737,,0.00800000,0.800000,0.928452,0.002516,,2026-05-25,2026-06-16,18,513,239,23,0.782609,,,0.000000,,,,,,,,GLOBAL_BASELINE_NO_ENTITY_RANKING,,,NOT_APPLICABLE_GLOBAL_BASELINE,HF9g-P5,,,,X 全窗基线 · 不参与实体赏罚,3922732,393,A168_HF9F_20260827_0900,2026-08-27 09:00:00
2026-05-29,150554671,1963,0,49.1545005777,-49.1545005777,-48.7612645731,0E-7,3,2,0.46157950000011596,0.390331000000,-1.3094154487769254,-1.1315779169514892,-1.3094154487769254,0.07124850000011596,ELIGIBLE,R03b_20260811_FULL_v1,L1_ELIGIBILITY,v2026-08-11,2026-03-21..2026-08-06,baccarat_bet02_101_all_pairs_incl_sentinel,round_win = game_pnl > 0 (decisive only),COMPATIBILITY_ONLY_NOT_PRODUCTION,55468.4231,51499.7495,374.8205,2782,1234,-0.00675737,,-0.00675737,-0.01418498,-374.8205,55468.4231,OK,411.9980,22.4892,6.0000,94.0000,AG03-UNRESOLVED,ALL5_LEVELS_bet23_to_bet27,22.4892,22.4892,22.4892,22.4892,22.4892,6.000000,6.000000,6.000000,6.000000,6.000000,94.000000,94.000000,94.000000,94.000000,94.000000,5.0,112.4461,99.7382,-149.6237,-136.9157,PENDING_AG03,FALSE,NOT_FOR_ENFORCEMENT,352.3312,48409.7645,-37.1775,-59.6668,-389.5088,-0.00067025,-0.00107569,22.4892,-59.6668,-0.00107569,22.4892,22.4892,22.4892,22.4892,22.4892,-59.6668,-0.00107569,112.4461,99.7382,-149.6237,-136.9157,-0.00269746,-0.00246835,-0.00702217,19.9383,41.7340,0.3037,20.8234,0.7306,3081.5791,68.5556,,19.9383,3.9466,10.3857,27.3081,58.8174,79.8235,105.031,10.3857,-4.1211,7.68589,10.113013,1.919782,29,128,38,10,0E-8,0.00675737,,0.00800000,0.800000,0.928452,0.002516,,2026-05-25,2026-06-16,18,513,239,23,0.782609,,,0.000000,,,,,,,,GLOBAL_BASELINE_NO_ENTITY_RANKING,,,NOT_APPLICABLE_GLOBAL_BASELINE,HF9g-P5,,,,X 全窗基线 · 不参与实体赏罚,3922733,393,A168_HF9F_20260827_0900,2026-08-27 09:00:00
2026-05-29,150554671,1966,0,527.2555403839,-180.6532927208,-176.4352483980,0.2727273,22,11,0.30517190797999217,0.228460815151,-0.2336836233162199,0.3496924506154342,-0.2336836233162199,0.07671109282899217,ELIGIBLE,R03b_20260811_FULL_v1,L1_ELIGIBILITY,v2026-08-11,2026-03-21..2026-08-06,baccarat_bet02_101_all_pairs_incl_sentinel,round_win = game_pnl > 0 (decisive only),COMPATIBILITY_ONLY_NOT_PRODUCTION,55468.4231,51499.7495,374.8205,2782,1234,-0.00675737,,-0.00675737,-0.01418498,-374.8205,55468.4231,OK,411.9980,22.4892,6.0000,94.0000,AG03-UNRESOLVED,ALL5_LEVELS_bet23_to_bet27,22.4892,22.4892,22.4892,22.4892,22.4892,6.000000,6.000000,6.000000,6.000000,6.000000,94.000000,94.000000,94.000000,94.000000,94.000000,5.0,112.4461,99.7382,-149.6237,-136.9157,PENDING_AG03,FALSE,NOT_FOR_ENFORCEMENT,352.3312,48409.7645,-37.1775,-59.6668,-389.5088,-0.00067025,-0.00107569,22.4892,-59.6668,-0.00107569,22.4892,22.4892,22.4892,22.4892,22.4892,-59.6668,-0.00107569,112.4461,99.7382,-149.6237,-136.9157,-0.00269746,-0.00246835,-0.00702217,19.9383,41.7340,0.3037,20.8234,0.7306,3081.5791,68.5556,,19.9383,3.9466,10.3857,27.3081,58.8174,79.8235,105.031,10.3857,-4.1211,7.68589,10.113013,1.919782,29,128,38,10,0E-8,0.00675737,,0.00800000,0.800000,0.928452,0.002516,,2026-05-25,2026-06-16,18,513,239,23,0.782609,,,0.000000,,,,,,,,GLOBAL_BASELINE_NO_ENTITY_RANKING,,,NOT_APPLICABLE_GLOBAL_BASELINE,HF9g-P5,,,,X 全窗基线 · 不参与实体赏罚,3922734,393,A168_HF9F_20260827_0900,2026-08-27 09:00:00
2026-05-29,150554671,1994,0,164.8986451002,-72.4713790568,-71.1521898961,0.3333333,7,3,0.42778573730510207,0.252700466667,-0.33065961336697336,0.3213825926868887,-0.33065961336697336,0.17508527063810207,ELIGIBLE,R03b_20260811_FULL_v1,L1_ELIGIBILITY,v2026-08-11,2026-03-21..2026-08-06,baccarat_bet02_101_all_pairs_incl_sentinel,round_win = game_pnl > 0 (decisive only),COMPATIBILITY_ONLY_NOT_PRODUCTION,55468.4231,51499.7495,374.8205,2782,1234,-0.00675737,,-0.00675737,-0.01418498,-374.8205,55468.4231,OK,411.9980,22.4892,6.0000,94.0000,AG03-UNRESOLVED,ALL5_LEVELS_bet23_to_bet27,22.4892,22.4892,22.4892,22.4892,22.4892,6.000000,6.000000,6.000000,6.000000,6.000000,94.000000,94.000000,94.000000,94.000000,94.000000,5.0,112.4461,99.7382,-149.6237,-136.9157,PENDING_AG03,FALSE,NOT_FOR_ENFORCEMENT,352.3312,48409.7645,-37.1775,-59.6668,-389.5088,-0.00067025,-0.00107569,22.4892,-59.6668,-0.00107569,22.4892,22.4892,22.4892,22.4892,22.4892,-59.6668,-0.00107569,112.4461,99.7382,-149.6237,-136.9157,-0.00269746,-0.00246835,-0.00702217,19.9383,41.7340,0.3037,20.8234,0.7306,3081.5791,68.5556,,19.9383,3.9466,10.3857,27.3081,58.8174,79.8235,105.031,10.3857,-4.1211,7.68589,10.113013,1.919782,29,128,38,10,0E-8,0.00675737,,0.00800000,0.800000,0.928452,0.002516,,2026-05-25,2026-06-16,18,513,239,23,0.782609,,,0.000000,,,,,,,,GLOBAL_BASELINE_NO_ENTITY_RANKING,,,NOT_APPLICABLE_GLOBAL_BASELINE,HF9g-P5,,,,X 全窗基线 · 不参与实体赏罚,3922735,393,A168_HF9F_20260827_0900,2026-08-27 09:00:00
2026-05-29,150554671,2084,0,689.0032559602,-235.2694044740,-229.7573784263,0.3333333,18,9,0.32928048264729549,0.214471831481,0.02587190403818398,0.8687532780402003,0.02587190403818398,0.11480865116629549,ELIGIBLE,R03b_20260811_FULL_v1,L1_ELIGIBILITY,v2026-08-11,2026-03-21..2026-08-06,baccarat_bet02_101_all_pairs_incl_sentinel,round_win = game_pnl > 0 (decisive only),COMPATIBILITY_ONLY_NOT_PRODUCTION,55468.4231,51499.7495,374.8205,2782,1234,-0.00675737,,-0.00675737,-0.01418498,-374.8205,55468.4231,OK,411.9980,22.4892,6.0000,94.0000,AG03-UNRESOLVED,ALL5_LEVELS_bet23_to_bet27,22.4892,22.4892,22.4892,22.4892,22.4892,6.000000,6.000000,6.000000,6.000000,6.000000,94.000000,94.000000,94.000000,94.000000,94.000000,5.0,112.4461,99.7382,-149.6237,-136.9157,PENDING_AG03,FALSE,NOT_FOR_ENFORCEMENT,352.3312,48409.7645,-37.1775,-59.6668,-389.5088,-0.00067025,-0.00107569,22.4892,-59.6668,-0.00107569,22.4892,22.4892,22.4892,22.4892,22.4892,-59.6668,-0.00107569,112.4461,99.7382,-149.6237,-136.9157,-0.00269746,-0.00246835,-0.00702217,19.9383,41.7340,0.3037,20.8234,0.7306,3081.5791,68.5556,,19.9383,3.9466,10.3857,27.3081,58.8174,79.8235,105.031,10.3857,-4.1211,7.68589,10.113013,1.919782,29,128,38,10,0E-8,0.00675737,,0.00800000,0.800000,0.928452,0.002516,,2026-05-25,2026-06-16,18,513,239,23,0.782609,,,0.000000,,,,,,,,GLOBAL_BASELINE_NO_ENTITY_RANKING,,,NOT_APPLICABLE_GLOBAL_BASELINE,HF9g-P5,,,,X 全窗基线 · 不参与实体赏罚,3922736,393,A168_HF9F_20260827_0900,2026-08-27 09:00:00
2026-05-29,150554671,2092,0,470.5388089485,-46.2136330215,-42.4493225502,0.5714286,19,7,0.44167267465750814,0.261883910714,0.6913236531944071,1.8627543767505585,0.6913236531944071,0.17978876394350814,ELIGIBLE,R03b_20260811_FULL_v1,L1_ELIGIBILITY,v2026-08-11,2026-03-21..2026-08-06,baccarat_bet02_101_all_pairs_incl_sentinel,round_win = game_pnl > 0 (decisive only),COMPATIBILITY_ONLY_NOT_PRODUCTION,55468.4231,51499.7495,374.8205,2782,1234,-0.00675737,,-0.00675737,-0.01418498,-374.8205,55468.4231,OK,411.9980,22.4892,6.0000,94.0000,AG03-UNRESOLVED,ALL5_LEVELS_bet23_to_bet27,22.4892,22.4892,22.4892,22.4892,22.4892,6.000000,6.000000,6.000000,6.000000,6.000000,94.000000,94.000000,94.000000,94.000000,94.000000,5.0,112.4461,99.7382,-149.6237,-136.9157,PENDING_AG03,FALSE,NOT_FOR_ENFORCEMENT,352.3312,48409.7645,-37.1775,-59.6668,-389.5088,-0.00067025,-0.00107569,22.4892,-59.6668,-0.00107569,22.4892,22.4892,22.4892,22.4892,22.4892,-59.6668,-0.00107569,112.4461,99.7382,-149.6237,-136.9157,-0.00269746,-0.00246835,-0.00702217,19.9383,41.7340,0.3037,20.8234,0.7306,3081.5791,68.5556,,19.9383,3.9466,10.3857,27.3081,58.8174,79.8235,105.031,10.3857,-4.1211,7.68589,10.113013,1.919782,29,128,38,10,0E-8,0.00675737,,0.00800000,0.800000,0.928452,0.002516,,2026-05-25,2026-06-16,18,513,239,23,0.782609,,,0.000000,,,,,,,,GLOBAL_BASELINE_NO_ENTITY_RANKING,,,NOT_APPLICABLE_GLOBAL_BASELINE,HF9g-P5,,,,X 全窗基线 · 不参与实体赏罚,3922737,393,A168_HF9F_20260827_0900,2026-08-27 09:00:00
2026-05-29,150554671,2101,0,788.7826908934,-28.3583657175,-22.4682281271,0.3846154,27,13,0.33463951166250519,0.231070161539,0.38186948238127966,1.3133869441827064,0.38186948238127966,0.10356935012350519,ELIGIBLE,R03b_20260811_FULL_v1,L1_ELIGIBILITY,v2026-08-11,2026-03-21..2026-08-06,baccarat_bet02_101_all_pairs_incl_sentinel,round_win = game_pnl > 0 (decisive only),COMPATIBILITY_ONLY_NOT_PRODUCTION,55468.4231,51499.7495,374.8205,2782,1234,-0.00675737,,-0.00675737,-0.01418498,-374.8205,55468.4231,OK,411.9980,22.4892,6.0000,94.0000,AG03-UNRESOLVED,ALL5_LEVELS_bet23_to_bet27,22.4892,22.4892,22.4892,22.4892,22.4892,6.000000,6.000000,6.000000,6.000000,6.000000,94.000000,94.000000,94.000000,94.000000,94.000000,5.0,112.4461,99.7382,-149.6237,-136.9157,PENDING_AG03,FALSE,NOT_FOR_ENFORCEMENT,352.3312,48409.7645,-37.1775,-59.6668,-389.5088,-0.00067025,-0.00107569,22.4892,-59.6668,-0.00107569,22.4892,22.4892,22.4892,22.4892,22.4892,-59.6668,-0.00107569,112.4461,99.7382,-149.6237,-136.9157,-0.00269746,-0.00246835,-0.00702217,19.9383,41.7340,0.3037,20.8234,0.7306,3081.5791,68.5556,,19.9383,3.9466,10.3857,27.3081,58.8174,79.8235,105.031,10.3857,-4.1211,7.68589,10.113013,1.919782,29,128,38,10,0E-8,0.00675737,,0.00800000,0.800000,0.928452,0.002516,,2026-05-25,2026-06-16,18,513,239,23,0.782609,,,0.000000,,,,,,,,GLOBAL_BASELINE_NO_ENTITY_RANKING,,,NOT_APPLICABLE_GLOBAL_BASELINE,HF9g-P5,,,,X 全窗基线 · 不参与实体赏罚,3922738,393,A168_HF9F_20260827_0900,2026-08-27 09:00:00
2026-05-29,150554671,2117,0,31.5092952421,-31.5092952421,-31.2572208802,0E-7,1,1,0.49324550000000000,0.493245500000,-0.9865810262130424,-0.9865810262130424,-0.9865810262130424,0E-17,ELIGIBLE,R03b_20260811_FULL_v1,L1_ELIGIBILITY,v2026-08-11,2026-03-21..2026-08-06,baccarat_bet02_101_all_pairs_incl_sentinel,round_win = game_pnl > 0 (decisive only),COMPATIBILITY_ONLY_NOT_PRODUCTION,55468.4231,51499.7495,374.8205,2782,1234,-0.00675737,,-0.00675737,-0.01418498,-374.8205,55468.4231,OK,411.9980,22.4892,6.0000,94.0000,AG03-UNRESOLVED,ALL5_LEVELS_bet23_to_bet27,22.4892,22.4892,22.4892,22.4892,22.4892,6.000000,6.000000,6.000000,6.000000,6.000000,94.000000,94.000000,94.000000,94.000000,94.000000,5.0,112.4461,99.7382,-149.6237,-136.9157,PENDING_AG03,FALSE,NOT_FOR_ENFORCEMENT,352.3312,48409.7645,-37.1775,-59.6668,-389.5088,-0.00067025,-0.00107569,22.4892,-59.6668,-0.00107569,22.4892,22.4892,22.4892,22.4892,22.4892,-59.6668,-0.00107569,112.4461,99.7382,-149.6237,-136.9157,-0.00269746,-0.00246835,-0.00702217,19.9383,41.7340,0.3037,20.8234,0.7306,3081.5791,68.5556,,19.9383,3.9466,10.3857,27.3081,58.8174,79.8235,105.031,10.3857,-4.1211,7.68589,10.113013,1.919782,29,128,38,10,0E-8,0.00675737,,0.00800000,0.800000,0.928452,0.002516,,2026-05-25,2026-06-16,18,513,239,23,0.782609,,,0.000000,,,,,,,,GLOBAL_BASELINE_NO_ENTITY_RANKING,,,NOT_APPLICABLE_GLOBAL_BASELINE,HF9g-P5,,,,X 全窗基线 · 不参与实体赏罚,3922739,393,A168_HF9F_20260827_0900,2026-08-27 09:00:00
2026-05-29,150554671,2123,0,193.2570108181,142.8421384309,144.3881945174,0.6666667,6,3,0.33073513125008171,0.262071827778,1.2367223904901243,1.5935428703408654,1.2367223904901243,0.06866330347208171,ELIGIBLE,R03b_20260811_FULL_v1,L1_ELIGIBILITY,v2026-08-11,2026-03-21..2026-08-06,baccarat_bet02_101_all_pairs_incl_sentinel,round_win = game_pnl > 0 (decisive only),COMPATIBILITY_ONLY_NOT_PRODUCTION,55468.4231,51499.7495,374.8205,2782,1234,-0.00675737,,-0.00675737,-0.01418498,-374.8205,55468.4231,OK,411.9980,22.4892,6.0000,94.0000,AG03-UNRESOLVED,ALL5_LEVELS_bet23_to_bet27,22.4892,22.4892,22.4892,22.4892,22.4892,6.000000,6.000000,6.000000,6.000000,6.000000,94.000000,94.000000,94.000000,94.000000,94.000000,5.0,112.4461,99.7382,-149.6237,-136.9157,PENDING_AG03,FALSE,NOT_FOR_ENFORCEMENT,352.3312,48409.7645,-37.1775,-59.6668,-389.5088,-0.00067025,-0.00107569,22.4892,-59.6668,-0.00107569,22.4892,22.4892,22.4892,22.4892,22.4892,-59.6668,-0.00107569,112.4461,99.7382,-149.6237,-136.9157,-0.00269746,-0.00246835,-0.00702217,19.9383,41.7340,0.3037,20.8234,0.7306,3081.5791,68.5556,,19.9383,3.9466,10.3857,27.3081,58.8174,79.8235,105.031,10.3857,-4.1211,7.68589,10.113013,1.919782,29,128,38,10,0E-8,0.00675737,,0.00800000,0.800000,0.928452,0.002516,,2026-05-25,2026-06-16,18,513,239,23,0.782609,,,0.000000,,,,,,,,GLOBAL_BASELINE_NO_ENTITY_RANKING,,,NOT_APPLICABLE_GLOBAL_BASELINE,HF9g-P5,,,,X 全窗基线 · 不参与实体赏罚,3922740,393,A168_HF9F_20260827_0900,2026-08-27 09:00:00
2026-05-29,150554671,2127,0,93.8976998215,-52.5154920702,-52.0953681336,0E-7,4,4,0.49994810000000000,0.499948100000,-1.4140667746232096,-1.4140667746232096,-1.4140667746232096,0E-17,ELIGIBLE,R03b_20260811_FULL_v1,L1_ELIGIBILITY,v2026-08-11,2026-03-21..2026-08-06,baccarat_bet02_101_all_pairs_incl_sentinel,round_win = game_pnl > 0 (decisive only),COMPATIBILITY_ONLY_NOT_PRODUCTION,55468.4231,51499.7495,374.8205,2782,1234,-0.00675737,,-0.00675737,-0.01418498,-374.8205,55468.4231,OK,411.9980,22.4892,6.0000,94.0000,AG03-UNRESOLVED,ALL5_LEVELS_bet23_to_bet27,22.4892,22.4892,22.4892,22.4892,22.4892,6.000000,6.000000,6.000000,6.000000,6.000000,94.000000,94.000000,94.000000,94.000000,94.000000,5.0,112.4461,99.7382,-149.6237,-136.9157,PENDING_AG03,FALSE,NOT_FOR_ENFORCEMENT,352.3312,48409.7645,-37.1775,-59.6668,-389.5088,-0.00067025,-0.00107569,22.4892,-59.6668,-0.00107569,22.4892,22.4892,22.4892,22.4892,22.4892,-59.6668,-0.00107569,112.4461,99.7382,-149.6237,-136.9157,-0.00269746,-0.00246835,-0.00702217,19.9383,41.7340,0.3037,20.8234,0.7306,3081.5791,68.5556,,19.9383,3.9466,10.3857,27.3081,58.8174,79.8235,105.031,10.3857,-4.1211,7.68589,10.113013,1.919782,29,128,38,10,0E-8,0.00675737,,0.00800000,0.800000,0.928452,0.002516,,2026-05-25,2026-06-16,18,513,239,23,0.782609,,,0.000000,,,,,,,,GLOBAL_BASELINE_NO_ENTITY_RANKING,,,NOT_APPLICABLE_GLOBAL_BASELINE,HF9g-P5,,,,X 全窗基线 · 不参与实体赏罚,3922741,393,A168_HF9F_20260827_0900,2026-08-27 09:00:00
2026-05-29,150554671,2140,0,84.0247873122,-42.0123936561,-41.6762945069,0E-7,3,2,0.44331193750013481,0.386675775000,-0.8923778024151241,-0.7940144808571835,-0.8923778024151241,0.05663616250013481,ELIGIBLE,R03b_20260811_FULL_v1,L1_ELIGIBILITY,v2026-08-11,2026-03-21..2026-08-06,baccarat_bet02_101_all_pairs_incl_sentinel,round_win = game_pnl > 0 (decisive only),COMPATIBILITY_ONLY_NOT_PRODUCTION,55468.4231,51499.7495,374.8205,2782,1234,-0.00675737,,-0.00675737,-0.01418498,-374.8205,55468.4231,OK,411.9980,22.4892,6.0000,94.0000,AG03-UNRESOLVED,ALL5_LEVELS_bet23_to_bet27,22.4892,22.4892,22.4892,22.4892,22.4892,6.000000,6.000000,6.000000,6.000000,6.000000,94.000000,94.000000,94.000000,94.000000,94.000000,5.0,112.4461,99.7382,-149.6237,-136.9157,PENDING_AG03,FALSE,NOT_FOR_ENFORCEMENT,352.3312,48409.7645,-37.1775,-59.6668,-389.5088,-0.00067025,-0.00107569,22.4892,-59.6668,-0.00107569,22.4892,22.4892,22.4892,22.4892,22.4892,-59.6668,-0.00107569,112.4461,99.7382,-149.6237,-136.9157,-0.00269746,-0.00246835,-0.00702217,19.9383,41.7340,0.3037,20.8234,0.7306,3081.5791,68.5556,,19.9383,3.9466,10.3857,27.3081,58.8174,79.8235,105.031,10.3857,-4.1211,7.68589,10.113013,1.919782,29,128,38,10,0E-8,0.00675737,,0.00800000,0.800000,0.928452,0.002516,,2026-05-25,2026-06-16,18,513,239,23,0.782609,,,0.000000,,,,,,,,GLOBAL_BASELINE_NO_ENTITY_RANKING,,,NOT_APPLICABLE_GLOBAL_BASELINE,HF9g-P5,,,,X 全窗基线 · 不参与实体赏罚,3922742,393,A168_HF9F_20260827_0900,2026-08-27 09:00:00
2026-05-29,150554671,2153,0,199.5588698664,48.9444386096,50.5409095684,0.4000000,11,5,0.34524468485471354,0.226739793333,0.2575184016629805,0.9252458086836453,0.2575184016629805,0.11850489152171354,ELIGIBLE,R03b_20260811_FULL_v1,L1_ELIGIBILITY,v2026-08-11,2026-03-21..2026-08-06,baccarat_bet02_101_all_pairs_incl_sentinel,round_win = game_pnl > 0 (decisive only),COMPATIBILITY_ONLY_NOT_PRODUCTION,55468.4231,51499.7495,374.8205,2782,1234,-0.00675737,,-0.00675737,-0.01418498,-374.8205,55468.4231,OK,411.9980,22.4892,6.0000,94.0000,AG03-UNRESOLVED,ALL5_LEVELS_bet23_to_bet27,22.4892,22.4892,22.4892,22.4892,22.4892,6.000000,6.000000,6.000000,6.000000,6.000000,94.000000,94.000000,94.000000,94.000000,94.000000,5.0,112.4461,99.7382,-149.6237,-136.9157,PENDING_AG03,FALSE,NOT_FOR_ENFORCEMENT,352.3312,48409.7645,-37.1775,-59.6668,-389.5088,-0.00067025,-0.00107569,22.4892,-59.6668,-0.00107569,22.4892,22.4892,22.4892,22.4892,22.4892,-59.6668,-0.00107569,112.4461,99.7382,-149.6237,-136.9157,-0.00269746,-0.00246835,-0.00702217,19.9383,41.7340,0.3037,20.8234,0.7306,3081.5791,68.5556,,19.9383,3.9466,10.3857,27.3081,58.8174,79.8235,105.031,10.3857,-4.1211,7.68589,10.113013,1.919782,29,128,38,10,0E-8,0.00675737,,0.00800000,0.800000,0.928452,0.002516,,2026-05-25,2026-06-16,18,513,239,23,0.782609,,,0.000000,,,,,,,,GLOBAL_BASELINE_NO_ENTITY_RANKING,,,NOT_APPLICABLE_GLOBAL_BASELINE,HF9g-P5,,,,X 全窗基线 · 不参与实体赏罚,3922743,393,A168_HF9F_20260827_0900,2026-08-27 09:00:00
2026-05-29,150554671,2155,0,42.0123936561,42.0123936561,42.3484928054,1.0000000,1,1,0.49324550000000000,0.493245500000,1.01360149184955,1.01360149184955,1.01360149184955,0E-17,ELIGIBLE,R03b_20260811_FULL_v1,L1_ELIGIBILITY,v2026-08-11,2026-03-21..2026-08-06,baccarat_bet02_101_all_pairs_incl_sentinel,round_win = game_pnl > 0 (decisive only),COMPATIBILITY_ONLY_NOT_PRODUCTION,55468.4231,51499.7495,374.8205,2782,1234,-0.00675737,,-0.00675737,-0.01418498,-374.8205,55468.4231,OK,411.9980,22.4892,6.0000,94.0000,AG03-UNRESOLVED,ALL5_LEVELS_bet23_to_bet27,22.4892,22.4892,22.4892,22.4892,22.4892,6.000000,6.000000,6.000000,6.000000,6.000000,94.000000,94.000000,94.000000,94.000000,94.000000,5.0,112.4461,99.7382,-149.6237,-136.9157,PENDING_AG03,FALSE,NOT_FOR_ENFORCEMENT,352.3312,48409.7645,-37.1775,-59.6668,-389.5088,-0.00067025,-0.00107569,22.4892,-59.6668,-0.00107569,22.4892,22.4892,22.4892,22.4892,22.4892,-59.6668,-0.00107569,112.4461,99.7382,-149.6237,-136.9157,-0.00269746,-0.00246835,-0.00702217,19.9383,41.7340,0.3037,20.8234,0.7306,3081.5791,68.5556,,19.9383,3.9466,10.3857,27.3081,58.8174,79.8235,105.031,10.3857,-4.1211,7.68589,10.113013,1.919782,29,128,38,10,0E-8,0.00675737,,0.00800000,0.800000,0.928452,0.002516,,2026-05-25,2026-06-16,18,513,239,23,0.782609,,,0.000000,,,,,,,,GLOBAL_BASELINE_NO_ENTITY_RANKING,,,NOT_APPLICABLE_GLOBAL_BASELINE,HF9g-P5,,,,X 全窗基线 · 不参与实体赏罚,3922744,393,A168_HF9F_20260827_0900,2026-08-27 09:00:00
2026-05-29,150554671,2156,0,873.8577880469,268.3541644792,274.6896334421,0.6428571,43,14,0.36054810771538191,0.199907963571,2.1999015556899133,4.144125487746351,2.1999015556899133,0.16064014414438191,ELIGIBLE,R03b_20260811_FULL_v1,L1_ELIGIBILITY,v2026-08-11,2026-03-21..2026-08-06,baccarat_bet02_101_all_pairs_incl_sentinel,round_win = game_pnl > 0 (decisive only),COMPATIBILITY_ONLY_NOT_PRODUCTION,55468.4231,51499.7495,374.8205,2782,1234,-0.00675737,,-0.00675737,-0.01418498,-374.8205,55468.4231,OK,411.9980,22.4892,6.0000,94.0000,AG03-UNRESOLVED,ALL5_LEVELS_bet23_to_bet27,22.4892,22.4892,22.4892,22.4892,22.4892,6.000000,6.000000,6.000000,6.000000,6.000000,94.000000,94.000000,94.000000,94.000000,94.000000,5.0,112.4461,99.7382,-149.6237,-136.9157,PENDING_AG03,FALSE,NOT_FOR_ENFORCEMENT,352.3312,48409.7645,-37.1775,-59.6668,-389.5088,-0.00067025,-0.00107569,22.4892,-59.6668,-0.00107569,22.4892,22.4892,22.4892,22.4892,22.4892,-59.6668,-0.00107569,112.4461,99.7382,-149.6237,-136.9157,-0.00269746,-0.00246835,-0.00702217,19.9383,41.7340,0.3037,20.8234,0.7306,3081.5791,68.5556,,19.9383,3.9466,10.3857,27.3081,58.8174,79.8235,105.031,10.3857,-4.1211,7.68589,10.113013,1.919782,29,128,38,10,0E-8,0.00675737,,0.00800000,0.800000,0.928452,0.002516,,2026-05-25,2026-06-16,18,513,239,23,0.782609,,,0.000000,,,,,,,,GLOBAL_BASELINE_NO_ENTITY_RANKING,,,NOT_APPLICABLE_GLOBAL_BASELINE,HF9g-P5,,,,X 全窗基线 · 不参与实体赏罚,3922745,393,A168_HF9F_20260827_0900,2026-08-27 09:00:00
2026-05-29,150554671,2169,0,54.6161117529,27.3080558765,27.7449847705,1.0000000,4,1,0.40534346923095472,0.177402200000,1.2112157410887545,2.1533482473087826,1.2112157410887545,0.22794126923095472,ELIGIBLE,R03b_20260811_FULL_v1,L1_ELIGIBILITY,v2026-08-11,2026-03-21..2026-08-06,baccarat_bet02_101_all_pairs_incl_sentinel,round_win = game_pnl > 0 (decisive only),COMPATIBILITY_ONLY_NOT_PRODUCTION,55468.4231,51499.7495,374.8205,2782,1234,-0.00675737,,-0.00675737,-0.01418498,-374.8205,55468.4231,OK,411.9980,22.4892,6.0000,94.0000,AG03-UNRESOLVED,ALL5_LEVELS_bet23_to_bet27,22.4892,22.4892,22.4892,22.4892,22.4892,6.000000,6.000000,6.000000,6.000000,6.000000,94.000000,94.000000,94.000000,94.000000,94.000000,5.0,112.4461,99.7382,-149.6237,-136.9157,PENDING_AG03,FALSE,NOT_FOR_ENFORCEMENT,352.3312,48409.7645,-37.1775,-59.6668,-389.5088,-0.00067025,-0.00107569,22.4892,-59.6668,-0.00107569,22.4892,22.4892,22.4892,22.4892,22.4892,-59.6668,-0.00107569,112.4461,99.7382,-149.6237,-136.9157,-0.00269746,-0.00246835,-0.00702217,19.9383,41.7340,0.3037,20.8234,0.7306,3081.5791,68.5556,,19.9383,3.9466,10.3857,27.3081,58.8174,79.8235,105.031,10.3857,-4.1211,7.68589,10.113013,1.919782,29,128,38,10,0E-8,0.00675737,,0.00800000,0.800000,0.928452,0.002516,,2026-05-25,2026-06-16,18,513,239,23,0.782609,,,0.000000,,,,,,,,GLOBAL_BASELINE_NO_ENTITY_RANKING,,,NOT_APPLICABLE_GLOBAL_BASELINE,HF9g-P5,,,,X 全窗基线 · 不参与实体赏罚,3922746,393,A168_HF9F_20260827_0900,2026-08-27 09:00:00
2026-05-29,150554671,2174,0,265.7283898749,19.9558869867,22.0817141055,0.6666667,12,3,0.44847815581549997,0.172067675000,0.7598721003920247,2.2696912803366134,0.7598721003920247,0.27641048081549997,ELIGIBLE,R03b_20260811_FULL_v1,L1_ELIGIBILITY,v2026-08-11,2026-03-21..2026-08-06,baccarat_bet02_101_all_pairs_incl_sentinel,round_win = game_pnl > 0 (decisive only),COMPATIBILITY_ONLY_NOT_PRODUCTION,55468.4231,51499.7495,374.8205,2782,1234,-0.00675737,,-0.00675737,-0.01418498,-374.8205,55468.4231,OK,411.9980,22.4892,6.0000,94.0000,AG03-UNRESOLVED,ALL5_LEVELS_bet23_to_bet27,22.4892,22.4892,22.4892,22.4892,22.4892,6.000000,6.000000,6.000000,6.000000,6.000000,94.000000,94.000000,94.000000,94.000000,94.000000,5.0,112.4461,99.7382,-149.6237,-136.9157,PENDING_AG03,FALSE,NOT_FOR_ENFORCEMENT,352.3312,48409.7645,-37.1775,-59.6668,-389.5088,-0.00067025,-0.00107569,22.4892,-59.6668,-0.00107569,22.4892,22.4892,22.4892,22.4892,22.4892,-59.6668,-0.00107569,112.4461,99.7382,-149.6237,-136.9157,-0.00269746,-0.00246835,-0.00702217,19.9383,41.7340,0.3037,20.8234,0.7306,3081.5791,68.5556,,19.9383,3.9466,10.3857,27.3081,58.8174,79.8235,105.031,10.3857,-4.1211,7.68589,10.113013,1.919782,29,128,38,10,0E-8,0.00675737,,0.00800000,0.800000,0.928452,0.002516,,2026-05-25,2026-06-16,18,513,239,23,0.782609,,,0.000000,,,,,,,,GLOBAL_BASELINE_NO_ENTITY_RANKING,,,NOT_APPLICABLE_GLOBAL_BASELINE,HF9g-P5,,,,X 全窗基线 · 不参与实体赏罚,3922747,393,A168_HF9F_20260827_0900,2026-08-27 09:00:00
2026-05-29,150554671,2177,0,955.7819556763,267.3038546380,274.4459615590,0.6923077,34,13,0.39828771559272550,0.251444026923,2.165487195867483,3.6638963695597093,2.165487195867483,0.14684368866972550,ELIGIBLE,R03b_20260811_FULL_v1,L1_ELIGIBILITY,v2026-08-11,2026-03-21..2026-08-06,baccarat_bet02_101_all_pairs_incl_sentinel,round_win = game_pnl > 0 (decisive only),COMPATIBILITY_ONLY_NOT_PRODUCTION,55468.4231,51499.7495,374.8205,2782,1234,-0.00675737,,-0.00675737,-0.01418498,-374.8205,55468.4231,OK,411.9980,22.4892,6.0000,94.0000,AG03-UNRESOLVED,ALL5_LEVELS_bet23_to_bet27,22.4892,22.4892,22.4892,22.4892,22.4892,6.000000,6.000000,6.000000,6.000000,6.000000,94.000000,94.000000,94.000000,94.000000,94.000000,5.0,112.4461,99.7382,-149.6237,-136.9157,PENDING_AG03,FALSE,NOT_FOR_ENFORCEMENT,352.3312,48409.7645,-37.1775,-59.6668,-389.5088,-0.00067025,-0.00107569,22.4892,-59.6668,-0.00107569,22.4892,22.4892,22.4892,22.4892,22.4892,-59.6668,-0.00107569,112.4461,99.7382,-149.6237,-136.9157,-0.00269746,-0.00246835,-0.00702217,19.9383,41.7340,0.3037,20.8234,0.7306,3081.5791,68.5556,,19.9383,3.9466,10.3857,27.3081,58.8174,79.8235,105.031,10.3857,-4.1211,7.68589,10.113013,1.919782,29,128,38,10,0E-8,0.00675737,,0.00800000,0.800000,0.928452,0.002516,,2026-05-25,2026-06-16,18,513,239,23,0.782609,,,0.000000,,,,,,,,GLOBAL_BASELINE_NO_ENTITY_RANKING,,,NOT_APPLICABLE_GLOBAL_BASELINE,HF9g-P5,,,,X 全窗基线 · 不参与实体赏罚,3922748,393,A168_HF9F_20260827_0900,2026-08-27 09:00:00
2026-05-29,150554671,2201,0,327.6966705176,-54.6161117528,-51.9945383887,0.4000000,12,5,0.43137695552085053,0.261547446667,-0.14166256647727923,0.7044487956836543,-0.14166256647727923,0.16982950885385053,ELIGIBLE,R03b_20260811_FULL_v1,L1_ELIGIBILITY,v2026-08-11,2026-03-21..2026-08-06,baccarat_bet02_101_all_pairs_incl_sentinel,round_win = game_pnl > 0 (decisive only),COMPATIBILITY_ONLY_NOT_PRODUCTION,55468.4231,51499.7495,374.8205,2782,1234,-0.00675737,,-0.00675737,-0.01418498,-374.8205,55468.4231,OK,411.9980,22.4892,6.0000,94.0000,AG03-UNRESOLVED,ALL5_LEVELS_bet23_to_bet27,22.4892,22.4892,22.4892,22.4892,22.4892,6.000000,6.000000,6.000000,6.000000,6.000000,94.000000,94.000000,94.000000,94.000000,94.000000,5.0,112.4461,99.7382,-149.6237,-136.9157,PENDING_AG03,FALSE,NOT_FOR_ENFORCEMENT,352.3312,48409.7645,-37.1775,-59.6668,-389.5088,-0.00067025,-0.00107569,22.4892,-59.6668,-0.00107569,22.4892,22.4892,22.4892,22.4892,22.4892,-59.6668,-0.00107569,112.4461,99.7382,-149.6237,-136.9157,-0.00269746,-0.00246835,-0.00702217,19.9383,41.7340,0.3037,20.8234,0.7306,3081.5791,68.5556,,19.9383,3.9466,10.3857,27.3081,58.8174,79.8235,105.031,10.3857,-4.1211,7.68589,10.113013,1.919782,29,128,38,10,0E-8,0.00675737,,0.00800000,0.800000,0.928452,0.002516,,2026-05-25,2026-06-16,18,513,239,23,0.782609,,,0.000000,,,,,,,,GLOBAL_BASELINE_NO_ENTITY_RANKING,,,NOT_APPLICABLE_GLOBAL_BASELINE,HF9g-P5,,,,X 全窗基线 · 不参与实体赏罚,3922749,393,A168_HF9F_20260827_0900,2026-08-27 09:00:00
2026-05-29,150554671,2205,0,159.6470958932,1.2603718098,2.1678395127,0.2500000,6,4,0.36227535537506801,0.276754750000,-0.46717375644585163,-0.1196025822032639,-0.46717375644585163,0.08552060537506801,ELIGIBLE,R03b_20260811_FULL_v1,L1_ELIGIBILITY,v2026-08-11,2026-03-21..2026-08-06,baccarat_bet02_101_all_pairs_incl_sentinel,round_win = game_pnl > 0 (decisive only),COMPATIBILITY_ONLY_NOT_PRODUCTION,55468.4231,51499.7495,374.8205,2782,1234,-0.00675737,,-0.00675737,-0.01418498,-374.8205,55468.4231,OK,411.9980,22.4892,6.0000,94.0000,AG03-UNRESOLVED,ALL5_LEVELS_bet23_to_bet27,22.4892,22.4892,22.4892,22.4892,22.4892,6.000000,6.000000,6.000000,6.000000,6.000000,94.000000,94.000000,94.000000,94.000000,94.000000,5.0,112.4461,99.7382,-149.6237,-136.9157,PENDING_AG03,FALSE,NOT_FOR_ENFORCEMENT,352.3312,48409.7645,-37.1775,-59.6668,-389.5088,-0.00067025,-0.00107569,22.4892,-59.6668,-0.00107569,22.4892,22.4892,22.4892,22.4892,22.4892,-59.6668,-0.00107569,112.4461,99.7382,-149.6237,-136.9157,-0.00269746,-0.00246835,-0.00702217,19.9383,41.7340,0.3037,20.8234,0.7306,3081.5791,68.5556,,19.9383,3.9466,10.3857,27.3081,58.8174,79.8235,105.031,10.3857,-4.1211,7.68589,10.113013,1.919782,29,128,38,10,0E-8,0.00675737,,0.00800000,0.800000,0.928452,0.002516,,2026-05-25,2026-06-16,18,513,239,23,0.782609,,,0.000000,,,,,,,,GLOBAL_BASELINE_NO_ENTITY_RANKING,,,NOT_APPLICABLE_GLOBAL_BASELINE,HF9g-P5,,,,X 全窗基线 · 不参与实体赏罚,3922750,393,A168_HF9F_20260827_0900,2026-08-27 09:00:00
2026-05-29,150554671,2209,0,123.9365612854,16.8049574626,17.4267408886,0.3333333,7,3,0.30492363580256689,0.189861458333,0.10688467282142793,0.6336206873454574,0.10688467282142793,0.11506217746956689,ELIGIBLE,R03b_20260811_FULL_v1,L1_ELIGIBILITY,v2026-08-11,2026-03-21..2026-08-06,baccarat_bet02_101_all_pairs_incl_sentinel,round_win = game_pnl > 0 (decisive only),COMPATIBILITY_ONLY_NOT_PRODUCTION,55468.4231,51499.7495,374.8205,2782,1234,-0.00675737,,-0.00675737,-0.01418498,-374.8205,55468.4231,OK,411.9980,22.4892,6.0000,94.0000,AG03-UNRESOLVED,ALL5_LEVELS_bet23_to_bet27,22.4892,22.4892,22.4892,22.4892,22.4892,6.000000,6.000000,6.000000,6.000000,6.000000,94.000000,94.000000,94.000000,94.000000,94.000000,5.0,112.4461,99.7382,-149.6237,-136.9157,PENDING_AG03,FALSE,NOT_FOR_ENFORCEMENT,352.3312,48409.7645,-37.1775,-59.6668,-389.5088,-0.00067025,-0.00107569,22.4892,-59.6668,-0.00107569,22.4892,22.4892,22.4892,22.4892,22.4892,-59.6668,-0.00107569,112.4461,99.7382,-149.6237,-136.9157,-0.00269746,-0.00246835,-0.00702217,19.9383,41.7340,0.3037,20.8234,0.7306,3081.5791,68.5556,,19.9383,3.9466,10.3857,27.3081,58.8174,79.8235,105.031,10.3857,-4.1211,7.68589,10.113013,1.919782,29,128,38,10,0E-8,0.00675737,,0.00800000,0.800000,0.928452,0.002516,,2026-05-25,2026-06-16,18,513,239,23,0.782609,,,0.000000,,,,,,,,GLOBAL_BASELINE_NO_ENTITY_RANKING,,,NOT_APPLICABLE_GLOBAL_BASELINE,HF9g-P5,,,,X 全窗基线 · 不参与实体赏罚,3922751,393,A168_HF9F_20260827_0900,2026-08-27 09:00:00
2026-05-29,150554671,2212,0,82.7644155025,36.0256275602,36.6877428841,0.5000000,5,2,0.47019491142867060,0.347156625000,0.084451698700947,0.45404028474569474,0.084451698700947,0.12303828642867060,ELIGIBLE,R03b_20260811_FULL_v1,L1_ELIGIBILITY,v2026-08-11,2026-03-21..2026-08-06,baccarat_bet02_101_all_pairs_incl_sentinel,round_win = game_pnl > 0 (decisive only),COMPATIBILITY_ONLY_NOT_PRODUCTION,55468.4231,51499.7495,374.8205,2782,1234,-0.00675737,,-0.00675737,-0.01418498,-374.8205,55468.4231,OK,411.9980,22.4892,6.0000,94.0000,AG03-UNRESOLVED,ALL5_LEVELS_bet23_to_bet27,22.4892,22.4892,22.4892,22.4892,22.4892,6.000000,6.000000,6.000000,6.000000,6.000000,94.000000,94.000000,94.000000,94.000000,94.000000,5.0,112.4461,99.7382,-149.6237,-136.9157,PENDING_AG03,FALSE,NOT_FOR_ENFORCEMENT,352.3312,48409.7645,-37.1775,-59.6668,-389.5088,-0.00067025,-0.00107569,22.4892,-59.6668,-0.00107569,22.4892,22.4892,22.4892,22.4892,22.4892,-59.6668,-0.00107569,112.4461,99.7382,-149.6237,-136.9157,-0.00269746,-0.00246835,-0.00702217,19.9383,41.7340,0.3037,20.8234,0.7306,3081.5791,68.5556,,19.9383,3.9466,10.3857,27.3081,58.8174,79.8235,105.031,10.3857,-4.1211,7.68589,10.113013,1.919782,29,128,38,10,0E-8,0.00675737,,0.00800000,0.800000,0.928452,0.002516,,2026-05-25,2026-06-16,18,513,239,23,0.782609,,,0.000000,,,,,,,,GLOBAL_BASELINE_NO_ENTITY_RANKING,,,NOT_APPLICABLE_GLOBAL_BASELINE,HF9g-P5,,,,X 全窗基线 · 不参与实体赏罚,3922752,393,A168_HF9F_20260827_0900,2026-08-27 09:00:00
2026-05-29,150554671,2216,0,798.2354794662,179.0778279597,183.3462871549,0.5000000,24,10,0.39573716854442578,0.240098237500,0.6742378873223169,1.9241370967131703,0.6742378873223169,0.15563893104442578,ELIGIBLE,R03b_20260811_FULL_v1,L1_ELIGIBILITY,v2026-08-11,2026-03-21..2026-08-06,baccarat_bet02_101_all_pairs_incl_sentinel,round_win = game_pnl > 0 (decisive only),COMPATIBILITY_ONLY_NOT_PRODUCTION,55468.4231,51499.7495,374.8205,2782,1234,-0.00675737,,-0.00675737,-0.01418498,-374.8205,55468.4231,OK,411.9980,22.4892,6.0000,94.0000,AG03-UNRESOLVED,ALL5_LEVELS_bet23_to_bet27,22.4892,22.4892,22.4892,22.4892,22.4892,6.000000,6.000000,6.000000,6.000000,6.000000,94.000000,94.000000,94.000000,94.000000,94.000000,5.0,112.4461,99.7382,-149.6237,-136.9157,PENDING_AG03,FALSE,NOT_FOR_ENFORCEMENT,352.3312,48409.7645,-37.1775,-59.6668,-389.5088,-0.00067025,-0.00107569,22.4892,-59.6668,-0.00107569,22.4892,22.4892,22.4892,22.4892,22.4892,-59.6668,-0.00107569,112.4461,99.7382,-149.6237,-136.9157,-0.00269746,-0.00246835,-0.00702217,19.9383,41.7340,0.3037,20.8234,0.7306,3081.5791,68.5556,,19.9383,3.9466,10.3857,27.3081,58.8174,79.8235,105.031,10.3857,-4.1211,7.68589,10.113013,1.919782,29,128,38,10,0E-8,0.00675737,,0.00800000,0.800000,0.928452,0.002516,,2026-05-25,2026-06-16,18,513,239,23,0.782609,,,0.000000,,,,,,,,GLOBAL_BASELINE_NO_ENTITY_RANKING,,,NOT_APPLICABLE_GLOBAL_BASELINE,HF9g-P5,,,,X 全窗基线 · 不参与实体赏罚,3922753,393,A168_HF9F_20260827_0900,2026-08-27 09:00:00
2026-05-29,150554671,2218,0,217.4141371704,-16.6999264781,-14.9606133809,0.4000000,10,5,0.35716996293945210,0.239024510000,0.1998701356552549,0.8439917572203589,0.1998701356552549,0.11814545293945210,ELIGIBLE,R03b_20260811_FULL_v1,L1_ELIGIBILITY,v2026-08-11,2026-03-21..2026-08-06,baccarat_bet02_101_all_pairs_incl_sentinel,round_win = game_pnl > 0 (decisive only),COMPATIBILITY_ONLY_NOT_PRODUCTION,55468.4231,51499.7495,374.8205,2782,1234,-0.00675737,,-0.00675737,-0.01418498,-374.8205,55468.4231,OK,411.9980,22.4892,6.0000,94.0000,AG03-UNRESOLVED,ALL5_LEVELS_bet23_to_bet27,22.4892,22.4892,22.4892,22.4892,22.4892,6.000000,6.000000,6.000000,6.000000,6.000000,94.000000,94.000000,94.000000,94.000000,94.000000,5.0,112.4461,99.7382,-149.6237,-136.9157,PENDING_AG03,FALSE,NOT_FOR_ENFORCEMENT,352.3312,48409.7645,-37.1775,-59.6668,-389.5088,-0.00067025,-0.00107569,22.4892,-59.6668,-0.00107569,22.4892,22.4892,22.4892,22.4892,22.4892,-59.6668,-0.00107569,112.4461,99.7382,-149.6237,-136.9157,-0.00269746,-0.00246835,-0.00702217,19.9383,41.7340,0.3037,20.8234,0.7306,3081.5791,68.5556,,19.9383,3.9466,10.3857,27.3081,58.8174,79.8235,105.031,10.3857,-4.1211,7.68589,10.113013,1.919782,29,128,38,10,0E-8,0.00675737,,0.00800000,0.800000,0.928452,0.002516,,2026-05-25,2026-06-16,18,513,239,23,0.782609,,,0.000000,,,,,,,,GLOBAL_BASELINE_NO_ENTITY_RANKING,,,NOT_APPLICABLE_GLOBAL_BASELINE,HF9g-P5,,,,X 全窗基线 · 不参与实体赏罚,3922754,393,A168_HF9F_20260827_0900,2026-08-27 09:00:00
2026-05-29,150554671,2220,0,52.5154920701,-52.5154920701,-52.0953681336,0E-7,2,1,0.41603284000017255,0.280106050000,-0.8440527600281679,-0.6237735893609975,-0.8440527600281679,0.13592679000017255,ELIGIBLE,R03b_20260811_FULL_v1,L1_ELIGIBILITY,v2026-08-11,2026-03-21..2026-08-06,baccarat_bet02_101_all_pairs_incl_sentinel,round_win = game_pnl > 0 (decisive only),COMPATIBILITY_ONLY_NOT_PRODUCTION,55468.4231,51499.7495,374.8205,2782,1234,-0.00675737,,-0.00675737,-0.01418498,-374.8205,55468.4231,OK,411.9980,22.4892,6.0000,94.0000,AG03-UNRESOLVED,ALL5_LEVELS_bet23_to_bet27,22.4892,22.4892,22.4892,22.4892,22.4892,6.000000,6.000000,6.000000,6.000000,6.000000,94.000000,94.000000,94.000000,94.000000,94.000000,5.0,112.4461,99.7382,-149.6237,-136.9157,PENDING_AG03,FALSE,NOT_FOR_ENFORCEMENT,352.3312,48409.7645,-37.1775,-59.6668,-389.5088,-0.00067025,-0.00107569,22.4892,-59.6668,-0.00107569,22.4892,22.4892,22.4892,22.4892,22.4892,-59.6668,-0.00107569,112.4461,99.7382,-149.6237,-136.9157,-0.00269746,-0.00246835,-0.00702217,19.9383,41.7340,0.3037,20.8234,0.7306,3081.5791,68.5556,,19.9383,3.9466,10.3857,27.3081,58.8174,79.8235,105.031,10.3857,-4.1211,7.68589,10.113013,1.919782,29,128,38,10,0E-8,0.00675737,,0.00800000,0.800000,0.928452,0.002516,,2026-05-25,2026-06-16,18,513,239,23,0.782609,,,0.000000,,,,,,,,GLOBAL_BASELINE_NO_ENTITY_RANKING,,,NOT_APPLICABLE_GLOBAL_BASELINE,HF9g-P5,,,,X 全窗基线 · 不参与实体赏罚,3922755,393,A168_HF9F_20260827_0900,2026-08-27 09:00:00
2026-05-29,150554671,2224,0,63.0185904842,-63.0185904842,-62.5144417603,0E-7,2,1,0.43113581666690633,0.280106050000,-0.870568114009693,-0.6237735893609975,-0.870568114009693,0.15102976666690633,ELIGIBLE,R03b_20260811_FULL_v1,L1_ELIGIBILITY,v2026-08-11,2026-03-21..2026-08-06,baccarat_bet02_101_all_pairs_incl_sentinel,round_win = game_pnl > 0 (decisive only),COMPATIBILITY_ONLY_NOT_PRODUCTION,55468.4231,51499.7495,374.8205,2782,1234,-0.00675737,,-0.00675737,-0.01418498,-374.8205,55468.4231,OK,411.9980,22.4892,6.0000,94.0000,AG03-UNRESOLVED,ALL5_LEVELS_bet23_to_bet27,22.4892,22.4892,22.4892,22.4892,22.4892,6.000000,6.000000,6.000000,6.000000,6.000000,94.000000,94.000000,94.000000,94.000000,94.000000,5.0,112.4461,99.7382,-149.6237,-136.9157,PENDING_AG03,FALSE,NOT_FOR_ENFORCEMENT,352.3312,48409.7645,-37.1775,-59.6668,-389.5088,-0.00067025,-0.00107569,22.4892,-59.6668,-0.00107569,22.4892,22.4892,22.4892,22.4892,22.4892,-59.6668,-0.00107569,112.4461,99.7382,-149.6237,-136.9157,-0.00269746,-0.00246835,-0.00702217,19.9383,41.7340,0.3037,20.8234,0.7306,3081.5791,68.5556,,19.9383,3.9466,10.3857,27.3081,58.8174,79.8235,105.031,10.3857,-4.1211,7.68589,10.113013,1.919782,29,128,38,10,0E-8,0.00675737,,0.00800000,0.800000,0.928452,0.002516,,2026-05-25,2026-06-16,18,513,239,23,0.782609,,,0.000000,,,,,,,,GLOBAL_BASELINE_NO_ENTITY_RANKING,,,NOT_APPLICABLE_GLOBAL_BASELINE,HF9g-P5,,,,X 全窗基线 · 不参与实体赏罚,3922756,393,A168_HF9F_20260827_0900,2026-08-27 09:00:00
2026-05-29,150554671,2229,0,123.9365612856,94.7379476946,95.7294401847,1.0000000,6,3,0.46140873682553112,0.330678005556,1.8713170415568698,2.4641975464647308,1.8713170415568698,0.13073073126953112,ELIGIBLE,R03b_20260811_FULL_v1,L1_ELIGIBILITY,v2026-08-11,2026-03-21..2026-08-06,baccarat_bet02_101_all_pairs_incl_sentinel,round_win = game_pnl > 0 (decisive only),COMPATIBILITY_ONLY_NOT_PRODUCTION,55468.4231,51499.7495,374.8205,2782,1234,-0.00675737,,-0.00675737,-0.01418498,-374.8205,55468.4231,OK,411.9980,22.4892,6.0000,94.0000,AG03-UNRESOLVED,ALL5_LEVELS_bet23_to_bet27,22.4892,22.4892,22.4892,22.4892,22.4892,6.000000,6.000000,6.000000,6.000000,6.000000,94.000000,94.000000,94.000000,94.000000,94.000000,5.0,112.4461,99.7382,-149.6237,-136.9157,PENDING_AG03,FALSE,NOT_FOR_ENFORCEMENT,352.3312,48409.7645,-37.1775,-59.6668,-389.5088,-0.00067025,-0.00107569,22.4892,-59.6668,-0.00107569,22.4892,22.4892,22.4892,22.4892,22.4892,-59.6668,-0.00107569,112.4461,99.7382,-149.6237,-136.9157,-0.00269746,-0.00246835,-0.00702217,19.9383,41.7340,0.3037,20.8234,0.7306,3081.5791,68.5556,,19.9383,3.9466,10.3857,27.3081,58.8174,79.8235,105.031,10.3857,-4.1211,7.68589,10.113013,1.919782,29,128,38,10,0E-8,0.00675737,,0.00800000,0.800000,0.928452,0.002516,,2026-05-25,2026-06-16,18,513,239,23,0.782609,,,0.000000,,,,,,,,GLOBAL_BASELINE_NO_ENTITY_RANKING,,,NOT_APPLICABLE_GLOBAL_BASELINE,HF9g-P5,,,,X 全窗基线 · 不参与实体赏罚,3922757,393,A168_HF9F_20260827_0900,2026-08-27 09:00:00
2026-05-29,150554671,2244,0,420.1239365610,-34.8702867342,-31.9294191785,0.5000000,18,6,0.35856065515681361,0.198639572778,0.7224149870296542,1.8501844035177133,0.7224149870296542,0.15992108237881361,ELIGIBLE,R03b_20260811_FULL_v1,L1_ELIGIBILITY,v2026-08-11,2026-03-21..2026-08-06,baccarat_bet02_101_all_pairs_incl_sentinel,round_win = game_pnl > 0 (decisive only),COMPATIBILITY_ONLY_NOT_PRODUCTION,55468.4231,51499.7495,374.8205,2782,1234,-0.00675737,,-0.00675737,-0.01418498,-374.8205,55468.4231,OK,411.9980,22.4892,6.0000,94.0000,AG03-UNRESOLVED,ALL5_LEVELS_bet23_to_bet27,22.4892,22.4892,22.4892,22.4892,22.4892,6.000000,6.000000,6.000000,6.000000,6.000000,94.000000,94.000000,94.000000,94.000000,94.000000,5.0,112.4461,99.7382,-149.6237,-136.9157,PENDING_AG03,FALSE,NOT_FOR_ENFORCEMENT,352.3312,48409.7645,-37.1775,-59.6668,-389.5088,-0.00067025,-0.00107569,22.4892,-59.6668,-0.00107569,22.4892,22.4892,22.4892,22.4892,22.4892,-59.6668,-0.00107569,112.4461,99.7382,-149.6237,-136.9157,-0.00269746,-0.00246835,-0.00702217,19.9383,41.7340,0.3037,20.8234,0.7306,3081.5791,68.5556,,19.9383,3.9466,10.3857,27.3081,58.8174,79.8235,105.031,10.3857,-4.1211,7.68589,10.113013,1.919782,29,128,38,10,0E-8,0.00675737,,0.00800000,0.800000,0.928452,0.002516,,2026-05-25,2026-06-16,18,513,239,23,0.782609,,,0.000000,,,,,,,,GLOBAL_BASELINE_NO_ENTITY_RANKING,,,NOT_APPLICABLE_GLOBAL_BASELINE,HF9g-P5,,,,X 全窗基线 · 不参与实体赏罚,3922758,393,A168_HF9F_20260827_0900,2026-08-27 09:00:00
2026-05-29,150554671,2250,0,1027.2030248920,-356.4751601720,-348.2575359730,0.3846154,26,13,0.42840030866295224,0.284402592308,-0.31902549890171555,0.8009283841147354,-0.31902549890171555,0.14399771635495224,ELIGIBLE,R03b_20260811_FULL_v1,L1_ELIGIBILITY,v2026-08-11,2026-03-21..2026-08-06,baccarat_bet02_101_all_pairs_incl_sentinel,round_win = game_pnl > 0 (decisive only),COMPATIBILITY_ONLY_NOT_PRODUCTION,55468.4231,51499.7495,374.8205,2782,1234,-0.00675737,,-0.00675737,-0.01418498,-374.8205,55468.4231,OK,411.9980,22.4892,6.0000,94.0000,AG03-UNRESOLVED,ALL5_LEVELS_bet23_to_bet27,22.4892,22.4892,22.4892,22.4892,22.4892,6.000000,6.000000,6.000000,6.000000,6.000000,94.000000,94.000000,94.000000,94.000000,94.000000,5.0,112.4461,99.7382,-149.6237,-136.9157,PENDING_AG03,FALSE,NOT_FOR_ENFORCEMENT,352.3312,48409.7645,-37.1775,-59.6668,-389.5088,-0.00067025,-0.00107569,22.4892,-59.6668,-0.00107569,22.4892,22.4892,22.4892,22.4892,22.4892,-59.6668,-0.00107569,112.4461,99.7382,-149.6237,-136.9157,-0.00269746,-0.00246835,-0.00702217,19.9383,41.7340,0.3037,20.8234,0.7306,3081.5791,68.5556,,19.9383,3.9466,10.3857,27.3081,58.8174,79.8235,105.031,10.3857,-4.1211,7.68589,10.113013,1.919782,29,128,38,10,0E-8,0.00675737,,0.00800000,0.800000,0.928452,0.002516,,2026-05-25,2026-06-16,18,513,239,23,0.782609,,,0.000000,,,,,,,,GLOBAL_BASELINE_NO_ENTITY_RANKING,,,NOT_APPLICABLE_GLOBAL_BASELINE,HF9g-P5,,,,X 全窗基线 · 不参与实体赏罚,3922759,393,A168_HF9F_20260827_0900,2026-08-27 09:00:00
2026-05-29,150554671,2251,0,222.6656863774,5.9867660961,7.3479676505,0.2000000,7,5,0.31814423208340681,0.255317820000,-0.5672039409799733,-0.2836769275121443,-0.5672039409799733,0.06282641208340681,ELIGIBLE,R03b_20260811_FULL_v1,L1_ELIGIBILITY,v2026-08-11,2026-03-21..2026-08-06,baccarat_bet02_101_all_pairs_incl_sentinel,round_win = game_pnl > 0 (decisive only),COMPATIBILITY_ONLY_NOT_PRODUCTION,55468.4231,51499.7495,374.8205,2782,1234,-0.00675737,,-0.00675737,-0.01418498,-374.8205,55468.4231,OK,411.9980,22.4892,6.0000,94.0000,AG03-UNRESOLVED,ALL5_LEVELS_bet23_to_bet27,22.4892,22.4892,22.4892,22.4892,22.4892,6.000000,6.000000,6.000000,6.000000,6.000000,94.000000,94.000000,94.000000,94.000000,94.000000,5.0,112.4461,99.7382,-149.6237,-136.9157,PENDING_AG03,FALSE,NOT_FOR_ENFORCEMENT,352.3312,48409.7645,-37.1775,-59.6668,-389.5088,-0.00067025,-0.00107569,22.4892,-59.6668,-0.00107569,22.4892,22.4892,22.4892,22.4892,22.4892,-59.6668,-0.00107569,112.4461,99.7382,-149.6237,-136.9157,-0.00269746,-0.00246835,-0.00702217,19.9383,41.7340,0.3037,20.8234,0.7306,3081.5791,68.5556,,19.9383,3.9466,10.3857,27.3081,58.8174,79.8235,105.031,10.3857,-4.1211,7.68589,10.113013,1.919782,29,128,38,10,0E-8,0.00675737,,0.00800000,0.800000,0.928452,0.002516,,2026-05-25,2026-06-16,18,513,239,23,0.782609,,,0.000000,,,,,,,,GLOBAL_BASELINE_NO_ENTITY_RANKING,,,NOT_APPLICABLE_GLOBAL_BASELINE,HF9g-P5,,,,X 全窗基线 · 不参与实体赏罚,3922760,393,A168_HF9F_20260827_0900,2026-08-27 09:00:00
2026-05-29,150554671,2254,0,42.0123936561,-42.0123936561,-41.6762945069,0E-7,1,1,0.50665070000000000,0.506650700000,-1.013391052207602,-1.013391052207602,-1.013391052207602,0E-17,ELIGIBLE,R03b_20260811_FULL_v1,L1_ELIGIBILITY,v2026-08-11,2026-03-21..2026-08-06,baccarat_bet02_101_all_pairs_incl_sentinel,round_win = game_pnl > 0 (decisive only),COMPATIBILITY_ONLY_NOT_PRODUCTION,55468.4231,51499.7495,374.8205,2782,1234,-0.00675737,,-0.00675737,-0.01418498,-374.8205,55468.4231,OK,411.9980,22.4892,6.0000,94.0000,AG03-UNRESOLVED,ALL5_LEVELS_bet23_to_bet27,22.4892,22.4892,22.4892,22.4892,22.4892,6.000000,6.000000,6.000000,6.000000,6.000000,94.000000,94.000000,94.000000,94.000000,94.000000,5.0,112.4461,99.7382,-149.6237,-136.9157,PENDING_AG03,FALSE,NOT_FOR_ENFORCEMENT,352.3312,48409.7645,-37.1775,-59.6668,-389.5088,-0.00067025,-0.00107569,22.4892,-59.6668,-0.00107569,22.4892,22.4892,22.4892,22.4892,22.4892,-59.6668,-0.00107569,112.4461,99.7382,-149.6237,-136.9157,-0.00269746,-0.00246835,-0.00702217,19.9383,41.7340,0.3037,20.8234,0.7306,3081.5791,68.5556,,19.9383,3.9466,10.3857,27.3081,58.8174,79.8235,105.031,10.3857,-4.1211,7.68589,10.113013,1.919782,29,128,38,10,0E-8,0.00675737,,0.00800000,0.800000,0.928452,0.002516,,2026-05-25,2026-06-16,18,513,239,23,0.782609,,,0.000000,,,,,,,,GLOBAL_BASELINE_NO_ENTITY_RANKING,,,NOT_APPLICABLE_GLOBAL_BASELINE,HF9g-P5,,,,X 全窗基线 · 不参与实体赏罚,3922761,393,A168_HF9F_20260827_0900,2026-08-27 09:00:00
2026-05-29,150554671,2256,0,22.0565066695,20.9536813360,21.1301333893,1.0000000,1,1,0.50665070000000000,0.506650700000,0.9867858985152569,0.9867858985152569,0.9867858985152569,0E-17,ELIGIBLE,R03b_20260811_FULL_v1,L1_ELIGIBILITY,v2026-08-11,2026-03-21..2026-08-06,baccarat_bet02_101_all_pairs_incl_sentinel,round_win = game_pnl > 0 (decisive only),COMPATIBILITY_ONLY_NOT_PRODUCTION,55468.4231,51499.7495,374.8205,2782,1234,-0.00675737,,-0.00675737,-0.01418498,-374.8205,55468.4231,OK,411.9980,22.4892,6.0000,94.0000,AG03-UNRESOLVED,ALL5_LEVELS_bet23_to_bet27,22.4892,22.4892,22.4892,22.4892,22.4892,6.000000,6.000000,6.000000,6.000000,6.000000,94.000000,94.000000,94.000000,94.000000,94.000000,5.0,112.4461,99.7382,-149.6237,-136.9157,PENDING_AG03,FALSE,NOT_FOR_ENFORCEMENT,352.3312,48409.7645,-37.1775,-59.6668,-389.5088,-0.00067025,-0.00107569,22.4892,-59.6668,-0.00107569,22.4892,22.4892,22.4892,22.4892,22.4892,-59.6668,-0.00107569,112.4461,99.7382,-149.6237,-136.9157,-0.00269746,-0.00246835,-0.00702217,19.9383,41.7340,0.3037,20.8234,0.7306,3081.5791,68.5556,,19.9383,3.9466,10.3857,27.3081,58.8174,79.8235,105.031,10.3857,-4.1211,7.68589,10.113013,1.919782,29,128,38,10,0E-8,0.00675737,,0.00800000,0.800000,0.928452,0.002516,,2026-05-25,2026-06-16,18,513,239,23,0.782609,,,0.000000,,,,,,,,GLOBAL_BASELINE_NO_ENTITY_RANKING,,,NOT_APPLICABLE_GLOBAL_BASELINE,HF9g-P5,,,,X 全窗基线 · 不参与实体赏罚,3922762,393,A168_HF9F_20260827_0900,2026-08-27 09:00:00
2026-05-29,150554671,2261,0,31.5092952420,94.5278857264,94.7799600883,1.0000000,3,1,0.08133316666666667,0.081333166667,3.360819418252763,3.360819418245266,3.360819418252763,-3.3333E-13,ELIGIBLE,R03b_20260811_FULL_v1,L1_ELIGIBILITY,v2026-08-11,2026-03-21..2026-08-06,baccarat_bet02_101_all_pairs_incl_sentinel,round_win = game_pnl > 0 (decisive only),COMPATIBILITY_ONLY_NOT_PRODUCTION,55468.4231,51499.7495,374.8205,2782,1234,-0.00675737,,-0.00675737,-0.01418498,-374.8205,55468.4231,OK,411.9980,22.4892,6.0000,94.0000,AG03-UNRESOLVED,ALL5_LEVELS_bet23_to_bet27,22.4892,22.4892,22.4892,22.4892,22.4892,6.000000,6.000000,6.000000,6.000000,6.000000,94.000000,94.000000,94.000000,94.000000,94.000000,5.0,112.4461,99.7382,-149.6237,-136.9157,PENDING_AG03,FALSE,NOT_FOR_ENFORCEMENT,352.3312,48409.7645,-37.1775,-59.6668,-389.5088,-0.00067025,-0.00107569,22.4892,-59.6668,-0.00107569,22.4892,22.4892,22.4892,22.4892,22.4892,-59.6668,-0.00107569,112.4461,99.7382,-149.6237,-136.9157,-0.00269746,-0.00246835,-0.00702217,19.9383,41.7340,0.3037,20.8234,0.7306,3081.5791,68.5556,,19.9383,3.9466,10.3857,27.3081,58.8174,79.8235,105.031,10.3857,-4.1211,7.68589,10.113013,1.919782,29,128,38,10,0E-8,0.00675737,,0.00800000,0.800000,0.928452,0.002516,,2026-05-25,2026-06-16,18,513,239,23,0.782609,,,0.000000,,,,,,,,GLOBAL_BASELINE_NO_ENTITY_RANKING,,,NOT_APPLICABLE_GLOBAL_BASELINE,HF9g-P5,,,,X 全窗基线 · 不参与实体赏罚,3922763,393,A168_HF9F_20260827_0900,2026-08-27 09:00:00
2026-05-29,150554671,2266,0,270.9799390820,-270.9799390820,-268.8120995694,0E-7,3,2,0.48344411904764571,0.390331000000,-1.3681366701452702,-1.1315779169514892,-1.3681366701452702,0.09311311904764571,ELIGIBLE,R03b_20260811_FULL_v1,L1_ELIGIBILITY,v2026-08-11,2026-03-21..2026-08-06,baccarat_bet02_101_all_pairs_incl_sentinel,round_win = game_pnl > 0 (decisive only),COMPATIBILITY_ONLY_NOT_PRODUCTION,55468.4231,51499.7495,374.8205,2782,1234,-0.00675737,,-0.00675737,-0.01418498,-374.8205,55468.4231,OK,411.9980,22.4892,6.0000,94.0000,AG03-UNRESOLVED,ALL5_LEVELS_bet23_to_bet27,22.4892,22.4892,22.4892,22.4892,22.4892,6.000000,6.000000,6.000000,6.000000,6.000000,94.000000,94.000000,94.000000,94.000000,94.000000,5.0,112.4461,99.7382,-149.6237,-136.9157,PENDING_AG03,FALSE,NOT_FOR_ENFORCEMENT,352.3312,48409.7645,-37.1775,-59.6668,-389.5088,-0.00067025,-0.00107569,22.4892,-59.6668,-0.00107569,22.4892,22.4892,22.4892,22.4892,22.4892,-59.6668,-0.00107569,112.4461,99.7382,-149.6237,-136.9157,-0.00269746,-0.00246835,-0.00702217,19.9383,41.7340,0.3037,20.8234,0.7306,3081.5791,68.5556,,19.9383,3.9466,10.3857,27.3081,58.8174,79.8235,105.031,10.3857,-4.1211,7.68589,10.113013,1.919782,29,128,38,10,0E-8,0.00675737,,0.00800000,0.800000,0.928452,0.002516,,2026-05-25,2026-06-16,18,513,239,23,0.782609,,,0.000000,,,,,,,,GLOBAL_BASELINE_NO_ENTITY_RANKING,,,NOT_APPLICABLE_GLOBAL_BASELINE,HF9g-P5,,,,X 全窗基线 · 不参与实体赏罚,3922764,393,A168_HF9F_20260827_0900,2026-08-27 09:00:00
2026-05-29,150554671,471,0,42.0123936560,-42.0123936560,-41.6762945068,0E-7,4,2,0.07469835000000000,0.074698350000,-0.40181748768993447,-0.4018174876899344,-0.40181748768993447,0E-17,ELIGIBLE,R03b_20260811_FULL_v1,L1_ELIGIBILITY,v2026-08-11,2026-03-21..2026-08-06,baccarat_bet02_101_all_pairs_incl_sentinel,round_win = game_pnl > 0 (decisive only),COMPATIBILITY_ONLY_NOT_PRODUCTION,55468.4231,51499.7495,374.8205,2782,1234,-0.00675737,,-0.00675737,-0.01418498,-374.8205,55468.4231,OK,411.9980,22.4892,6.0000,94.0000,AG03-UNRESOLVED,ALL5_LEVELS_bet23_to_bet27,22.4892,22.4892,22.4892,22.4892,22.4892,6.000000,6.000000,6.000000,6.000000,6.000000,94.000000,94.000000,94.000000,94.000000,94.000000,5.0,112.4461,99.7382,-149.6237,-136.9157,PENDING_AG03,FALSE,NOT_FOR_ENFORCEMENT,352.3312,48409.7645,-37.1775,-59.6668,-389.5088,-0.00067025,-0.00107569,22.4892,-59.6668,-0.00107569,22.4892,22.4892,22.4892,22.4892,22.4892,-59.6668,-0.00107569,112.4461,99.7382,-149.6237,-136.9157,-0.00269746,-0.00246835,-0.00702217,19.9383,41.7340,0.3037,20.8234,0.7306,3081.5791,68.5556,,19.9383,3.9466,10.3857,27.3081,58.8174,79.8235,105.031,10.3857,-4.1211,7.68589,10.113013,1.919782,29,128,38,10,0E-8,0.00675737,,0.00800000,0.800000,0.928452,0.002516,,2026-05-25,2026-06-16,18,513,239,23,0.782609,,,0.000000,,,,,,,,GLOBAL_BASELINE_NO_ENTITY_RANKING,,,NOT_APPLICABLE_GLOBAL_BASELINE,HF9g-P5,,,,X 全窗基线 · 不参与实体赏罚,3922765,393,A168_HF9F_20260827_0900,2026-08-27 09:00:00
2026-05-29,150554671,526,0,63.0185904842,-63.0185904842,-62.5144417603,0E-7,2,1,0.43113581666690633,0.280106050000,-0.870568114009693,-0.6237735893609975,-0.870568114009693,0.15102976666690633,ELIGIBLE,R03b_20260811_FULL_v1,L1_ELIGIBILITY,v2026-08-11,2026-03-21..2026-08-06,baccarat_bet02_101_all_pairs_incl_sentinel,round_win = game_pnl > 0 (decisive only),COMPATIBILITY_ONLY_NOT_PRODUCTION,55468.4231,51499.7495,374.8205,2782,1234,-0.00675737,,-0.00675737,-0.01418498,-374.8205,55468.4231,OK,411.9980,22.4892,6.0000,94.0000,AG03-UNRESOLVED,ALL5_LEVELS_bet23_to_bet27,22.4892,22.4892,22.4892,22.4892,22.4892,6.000000,6.000000,6.000000,6.000000,6.000000,94.000000,94.000000,94.000000,94.000000,94.000000,5.0,112.4461,99.7382,-149.6237,-136.9157,PENDING_AG03,FALSE,NOT_FOR_ENFORCEMENT,352.3312,48409.7645,-37.1775,-59.6668,-389.5088,-0.00067025,-0.00107569,22.4892,-59.6668,-0.00107569,22.4892,22.4892,22.4892,22.4892,22.4892,-59.6668,-0.00107569,112.4461,99.7382,-149.6237,-136.9157,-0.00269746,-0.00246835,-0.00702217,19.9383,41.7340,0.3037,20.8234,0.7306,3081.5791,68.5556,,19.9383,3.9466,10.3857,27.3081,58.8174,79.8235,105.031,10.3857,-4.1211,7.68589,10.113013,1.919782,29,128,38,10,0E-8,0.00675737,,0.00800000,0.800000,0.928452,0.002516,,2026-05-25,2026-06-16,18,513,239,23,0.782609,,,0.000000,,,,,,,,GLOBAL_BASELINE_NO_ENTITY_RANKING,,,NOT_APPLICABLE_GLOBAL_BASELINE,HF9g-P5,,,,X 全窗基线 · 不参与实体赏罚,3922766,393,A168_HF9F_20260827_0900,2026-08-27 09:00:00
2026-05-29,150554671,772,0,31.5092952421,-31.5092952421,-31.2572208802,0E-7,1,1,0.49324550000000000,0.493245500000,-0.9865810262130424,-0.9865810262130424,-0.9865810262130424,0E-17,ELIGIBLE,R03b_20260811_FULL_v1,L1_ELIGIBILITY,v2026-08-11,2026-03-21..2026-08-06,baccarat_bet02_101_all_pairs_incl_sentinel,round_win = game_pnl > 0 (decisive only),COMPATIBILITY_ONLY_NOT_PRODUCTION,55468.4231,51499.7495,374.8205,2782,1234,-0.00675737,,-0.00675737,-0.01418498,-374.8205,55468.4231,OK,411.9980,22.4892,6.0000,94.0000,AG03-UNRESOLVED,ALL5_LEVELS_bet23_to_bet27,22.4892,22.4892,22.4892,22.4892,22.4892,6.000000,6.000000,6.000000,6.000000,6.000000,94.000000,94.000000,94.000000,94.000000,94.000000,5.0,112.4461,99.7382,-149.6237,-136.9157,PENDING_AG03,FALSE,NOT_FOR_ENFORCEMENT,352.3312,48409.7645,-37.1775,-59.6668,-389.5088,-0.00067025,-0.00107569,22.4892,-59.6668,-0.00107569,22.4892,22.4892,22.4892,22.4892,22.4892,-59.6668,-0.00107569,112.4461,99.7382,-149.6237,-136.9157,-0.00269746,-0.00246835,-0.00702217,19.9383,41.7340,0.3037,20.8234,0.7306,3081.5791,68.5556,,19.9383,3.9466,10.3857,27.3081,58.8174,79.8235,105.031,10.3857,-4.1211,7.68589,10.113013,1.919782,29,128,38,10,0E-8,0.00675737,,0.00800000,0.800000,0.928452,0.002516,,2026-05-25,2026-06-16,18,513,239,23,0.782609,,,0.000000,,,,,,,,GLOBAL_BASELINE_NO_ENTITY_RANKING,,,NOT_APPLICABLE_GLOBAL_BASELINE,HF9g-P5,,,,X 全窗基线 · 不参与实体赏罚,3922767,393,A168_HF9F_20260827_0900,2026-08-27 09:00:00
2026-05-29,150554671,919,0,167.8395126561,33.5784056298,34.7429891818,0.5000000,9,7,0.37561866190478772,0.347146066667,0.6291182911543315,0.7864807676762278,0.6291182911543315,0.02847259523778772,ELIGIBLE,R03b_20260811_FULL_v1,L1_ELIGIBILITY,v2026-08-11,2026-03-21..2026-08-06,baccarat_bet02_101_all_pairs_incl_sentinel,round_win = game_pnl > 0 (decisive only),COMPATIBILITY_ONLY_NOT_PRODUCTION,55468.4231,51499.7495,374.8205,2782,1234,-0.00675737,,-0.00675737,-0.01418498,-374.8205,55468.4231,OK,411.9980,22.4892,6.0000,94.0000,AG03-UNRESOLVED,ALL5_LEVELS_bet23_to_bet27,22.4892,22.4892,22.4892,22.4892,22.4892,6.000000,6.000000,6.000000,6.000000,6.000000,94.000000,94.000000,94.000000,94.000000,94.000000,5.0,112.4461,99.7382,-149.6237,-136.9157,PENDING_AG03,FALSE,NOT_FOR_ENFORCEMENT,352.3312,48409.7645,-37.1775,-59.6668,-389.5088,-0.00067025,-0.00107569,22.4892,-59.6668,-0.00107569,22.4892,22.4892,22.4892,22.4892,22.4892,-59.6668,-0.00107569,112.4461,99.7382,-149.6237,-136.9157,-0.00269746,-0.00246835,-0.00702217,19.9383,41.7340,0.3037,20.8234,0.7306,3081.5791,68.5556,,19.9383,3.9466,10.3857,27.3081,58.8174,79.8235,105.031,10.3857,-4.1211,7.68589,10.113013,1.919782,29,128,38,10,0E-8,0.00675737,,0.00800000,0.800000,0.928452,0.002516,,2026-05-25,2026-06-16,18,513,239,23,0.782609,,,0.000000,,,,,,,,GLOBAL_BASELINE_NO_ENTITY_RANKING,,,NOT_APPLICABLE_GLOBAL_BASELINE,HF9g-P5,,,,X 全窗基线 · 不参与实体赏罚,3922768,393,A168_HF9F_20260827_0900,2026-08-27 09:00:00
2026-05-29,150554671,925,0,37.8111542905,-37.8111542905,-37.5086650562,0E-7,2,1,0.45630744444457759,0.280106050000,-0.9161194080857653,-0.6237735893609975,-0.9161194080857653,0.17620139444457759,ELIGIBLE,R03b_20260811_FULL_v1,L1_ELIGIBILITY,v2026-08-11,2026-03-21..2026-08-06,baccarat_bet02_101_all_pairs_incl_sentinel,round_win = game_pnl > 0 (decisive only),COMPATIBILITY_ONLY_NOT_PRODUCTION,55468.4231,51499.7495,374.8205,2782,1234,-0.00675737,,-0.00675737,-0.01418498,-374.8205,55468.4231,OK,411.9980,22.4892,6.0000,94.0000,AG03-UNRESOLVED,ALL5_LEVELS_bet23_to_bet27,22.4892,22.4892,22.4892,22.4892,22.4892,6.000000,6.000000,6.000000,6.000000,6.000000,94.000000,94.000000,94.000000,94.000000,94.000000,5.0,112.4461,99.7382,-149.6237,-136.9157,PENDING_AG03,FALSE,NOT_FOR_ENFORCEMENT,352.3312,48409.7645,-37.1775,-59.6668,-389.5088,-0.00067025,-0.00107569,22.4892,-59.6668,-0.00107569,22.4892,22.4892,22.4892,22.4892,22.4892,-59.6668,-0.00107569,112.4461,99.7382,-149.6237,-136.9157,-0.00269746,-0.00246835,-0.00702217,19.9383,41.7340,0.3037,20.8234,0.7306,3081.5791,68.5556,,19.9383,3.9466,10.3857,27.3081,58.8174,79.8235,105.031,10.3857,-4.1211,7.68589,10.113013,1.919782,29,128,38,10,0E-8,0.00675737,,0.00800000,0.800000,0.928452,0.002516,,2026-05-25,2026-06-16,18,513,239,23,0.782609,,,0.000000,,,,,,,,GLOBAL_BASELINE_NO_ENTITY_RANKING,,,NOT_APPLICABLE_GLOBAL_BASELINE,HF9g-P5,,,,X 全窗基线 · 不参与实体赏罚,3922769,393,A168_HF9F_20260827_0900,2026-08-27 09:00:00
2026-05-29,150554671,948,0,71.4210692154,51.4651822288,52.0365507825,0.5000000,3,2,0.29067452500000000,0.290674525000,0.6519447895314049,0.6519447895314049,0.6519447895314049,0E-17,ELIGIBLE,R03b_20260811_FULL_v1,L1_ELIGIBILITY,v2026-08-11,2026-03-21..2026-08-06,baccarat_bet02_101_all_pairs_incl_sentinel,round_win = game_pnl > 0 (decisive only),COMPATIBILITY_ONLY_NOT_PRODUCTION,55468.4231,51499.7495,374.8205,2782,1234,-0.00675737,,-0.00675737,-0.01418498,-374.8205,55468.4231,OK,411.9980,22.4892,6.0000,94.0000,AG03-UNRESOLVED,ALL5_LEVELS_bet23_to_bet27,22.4892,22.4892,22.4892,22.4892,22.4892,6.000000,6.000000,6.000000,6.000000,6.000000,94.000000,94.000000,94.000000,94.000000,94.000000,5.0,112.4461,99.7382,-149.6237,-136.9157,PENDING_AG03,FALSE,NOT_FOR_ENFORCEMENT,352.3312,48409.7645,-37.1775,-59.6668,-389.5088,-0.00067025,-0.00107569,22.4892,-59.6668,-0.00107569,22.4892,22.4892,22.4892,22.4892,22.4892,-59.6668,-0.00107569,112.4461,99.7382,-149.6237,-136.9157,-0.00269746,-0.00246835,-0.00702217,19.9383,41.7340,0.3037,20.8234,0.7306,3081.5791,68.5556,,19.9383,3.9466,10.3857,27.3081,58.8174,79.8235,105.031,10.3857,-4.1211,7.68589,10.113013,1.919782,29,128,38,10,0E-8,0.00675737,,0.00800000,0.800000,0.928452,0.002516,,2026-05-25,2026-06-16,18,513,239,23,0.782609,,,0.000000,,,,,,,,GLOBAL_BASELINE_NO_ENTITY_RANKING,,,NOT_APPLICABLE_GLOBAL_BASELINE,HF9g-P5,,,,X 全窗基线 · 不参与实体赏罚,3922770,393,A168_HF9F_20260827_0900,2026-08-27 09:00:00
2026-05-29,150554671,970,0,117.0045163322,30.0388614642,30.9748975948,0.5000000,4,2,0.44617374016729176,0.287015100000,0.15313357667925928,0.6658421334608081,0.15313357667925928,0.15915864016729176,ELIGIBLE,R03b_20260811_FULL_v1,L1_ELIGIBILITY,v2026-08-11,2026-03-21..2026-08-06,baccarat_bet02_101_all_pairs_incl_sentinel,round_win = game_pnl > 0 (decisive only),COMPATIBILITY_ONLY_NOT_PRODUCTION,55468.4231,51499.7495,374.8205,2782,1234,-0.00675737,,-0.00675737,-0.01418498,-374.8205,55468.4231,OK,411.9980,22.4892,6.0000,94.0000,AG03-UNRESOLVED,ALL5_LEVELS_bet23_to_bet27,22.4892,22.4892,22.4892,22.4892,22.4892,6.000000,6.000000,6.000000,6.000000,6.000000,94.000000,94.000000,94.000000,94.000000,94.000000,5.0,112.4461,99.7382,-149.6237,-136.9157,PENDING_AG03,FALSE,NOT_FOR_ENFORCEMENT,352.3312,48409.7645,-37.1775,-59.6668,-389.5088,-0.00067025,-0.00107569,22.4892,-59.6668,-0.00107569,22.4892,22.4892,22.4892,22.4892,22.4892,-59.6668,-0.00107569,112.4461,99.7382,-149.6237,-136.9157,-0.00269746,-0.00246835,-0.00702217,19.9383,41.7340,0.3037,20.8234,0.7306,3081.5791,68.5556,,19.9383,3.9466,10.3857,27.3081,58.8174,79.8235,105.031,10.3857,-4.1211,7.68589,10.113013,1.919782,29,128,38,10,0E-8,0.00675737,,0.00800000,0.800000,0.928452,0.002516,,2026-05-25,2026-06-16,18,513,239,23,0.782609,,,0.000000,,,,,,,,GLOBAL_BASELINE_NO_ENTITY_RANKING,,,NOT_APPLICABLE_GLOBAL_BASELINE,HF9g-P5,,,,X 全窗基线 · 不参与实体赏罚,3922771,393,A168_HF9F_20260827_0900,2026-08-27 09:00:00
2026-05-30,150554671,-1,1,2005.8817351109,-343.3462871537,-328.5982564842,0.4406780,137,62,0.41478792741777406,0.294948546694,0.4036351814576469,2.4546507222080556,0.4036351814576469,0.11983938072377406,SENTINEL_DEALER,R03b_20260811_FULL_v1,L1_ELIGIBILITY,v2026-08-11,2026-03-21..2026-08-06,baccarat_bet02_101_all_pairs_incl_sentinel,round_win = game_pnl > 0 (decisive only),COMPATIBILITY_ONLY_NOT_PRODUCTION,55468.4231,51499.7495,374.8205,2782,1234,-0.00675737,,-0.00675737,-0.01418498,-374.8205,55468.4231,OK,411.9980,22.4892,6.0000,94.0000,AG03-UNRESOLVED,ALL5_LEVELS_bet23_to_bet27,22.4892,22.4892,22.4892,22.4892,22.4892,6.000000,6.000000,6.000000,6.000000,6.000000,94.000000,94.000000,94.000000,94.000000,94.000000,5.0,112.4461,99.7382,-149.6237,-136.9157,PENDING_AG03,FALSE,NOT_FOR_ENFORCEMENT,352.3312,48409.7645,-37.1775,-59.6668,-389.5088,-0.00067025,-0.00107569,22.4892,-59.6668,-0.00107569,22.4892,22.4892,22.4892,22.4892,22.4892,-59.6668,-0.00107569,112.4461,99.7382,-149.6237,-136.9157,-0.00269746,-0.00246835,-0.00702217,19.9383,41.7340,0.3037,20.8234,0.7306,3081.5791,68.5556,,19.9383,3.9466,10.3857,27.3081,58.8174,79.8235,105.031,10.3857,-4.1211,7.68589,10.113013,1.919782,29,128,38,10,0E-8,0.00675737,,0.00800000,0.800000,0.928452,0.002516,,2026-05-25,2026-06-16,18,513,239,23,0.782609,,,0.000000,,,,,,,,GLOBAL_BASELINE_NO_ENTITY_RANKING,,,NOT_APPLICABLE_GLOBAL_BASELINE,HF9g-P5,,,,X 全窗基线 · 不参与实体赏罚,3922772,393,A168_HF9F_20260827_0900,2026-08-27 09:00:00
2026-05-30,150554671,1158,0,29.4086755593,29.4086755593,29.6439449638,1.0000000,1,1,0.49324550000000000,0.493245500000,1.01360149184955,1.01360149184955,1.01360149184955,0E-17,ELIGIBLE,R03b_20260811_FULL_v1,L1_ELIGIBILITY,v2026-08-11,2026-03-21..2026-08-06,baccarat_bet02_101_all_pairs_incl_sentinel,round_win = game_pnl > 0 (decisive only),COMPATIBILITY_ONLY_NOT_PRODUCTION,55468.4231,51499.7495,374.8205,2782,1234,-0.00675737,,-0.00675737,-0.01418498,-374.8205,55468.4231,OK,411.9980,22.4892,6.0000,94.0000,AG03-UNRESOLVED,ALL5_LEVELS_bet23_to_bet27,22.4892,22.4892,22.4892,22.4892,22.4892,6.000000,6.000000,6.000000,6.000000,6.000000,94.000000,94.000000,94.000000,94.000000,94.000000,5.0,112.4461,99.7382,-149.6237,-136.9157,PENDING_AG03,FALSE,NOT_FOR_ENFORCEMENT,352.3312,48409.7645,-37.1775,-59.6668,-389.5088,-0.00067025,-0.00107569,22.4892,-59.6668,-0.00107569,22.4892,22.4892,22.4892,22.4892,22.4892,-59.6668,-0.00107569,112.4461,99.7382,-149.6237,-136.9157,-0.00269746,-0.00246835,-0.00702217,19.9383,41.7340,0.3037,20.8234,0.7306,3081.5791,68.5556,,19.9383,3.9466,10.3857,27.3081,58.8174,79.8235,105.031,10.3857,-4.1211,7.68589,10.113013,1.919782,29,128,38,10,0E-8,0.00675737,,0.00800000,0.800000,0.928452,0.002516,,2026-05-25,2026-06-16,18,513,239,23,0.782609,,,0.000000,,,,,,,,GLOBAL_BASELINE_NO_ENTITY_RANKING,,,NOT_APPLICABLE_GLOBAL_BASELINE,HF9g-P5,,,,X 全窗基线 · 不参与实体赏罚,3922773,393,A168_HF9F_20260827_0900,2026-08-27 09:00:00
2026-05-30,150554671,1302,0,100.8297447748,32.6646360678,33.3368343666,0.6000000,15,5,0.33827243818212566,0.186226663333,1.2369767670112688,2.3767026185954307,1.2369767670112688,0.15204577484912566,ELIGIBLE,R03b_20260811_FULL_v1,L1_ELIGIBILITY,v2026-08-11,2026-03-21..2026-08-06,baccarat_bet02_101_all_pairs_incl_sentinel,round_win = game_pnl > 0 (decisive only),COMPATIBILITY_ONLY_NOT_PRODUCTION,55468.4231,51499.7495,374.8205,2782,1234,-0.00675737,,-0.00675737,-0.01418498,-374.8205,55468.4231,OK,411.9980,22.4892,6.0000,94.0000,AG03-UNRESOLVED,ALL5_LEVELS_bet23_to_bet27,22.4892,22.4892,22.4892,22.4892,22.4892,6.000000,6.000000,6.000000,6.000000,6.000000,94.000000,94.000000,94.000000,94.000000,94.000000,5.0,112.4461,99.7382,-149.6237,-136.9157,PENDING_AG03,FALSE,NOT_FOR_ENFORCEMENT,352.3312,48409.7645,-37.1775,-59.6668,-389.5088,-0.00067025,-0.00107569,22.4892,-59.6668,-0.00107569,22.4892,22.4892,22.4892,22.4892,22.4892,-59.6668,-0.00107569,112.4461,99.7382,-149.6237,-136.9157,-0.00269746,-0.00246835,-0.00702217,19.9383,41.7340,0.3037,20.8234,0.7306,3081.5791,68.5556,,19.9383,3.9466,10.3857,27.3081,58.8174,79.8235,105.031,10.3857,-4.1211,7.68589,10.113013,1.919782,29,128,38,10,0E-8,0.00675737,,0.00800000,0.800000,0.928452,0.002516,,2026-05-25,2026-06-16,18,513,239,23,0.782609,,,0.000000,,,,,,,,GLOBAL_BASELINE_NO_ENTITY_RANKING,,,NOT_APPLICABLE_GLOBAL_BASELINE,HF9g-P5,,,,X 全窗基线 · 不参与实体赏罚,3922774,393,A168_HF9F_20260827_0900,2026-08-27 09:00:00
2026-05-30,150554671,1304,0,128.1378006511,8.4024787313,9.4275811367,0.2500000,13,4,0.40924616233994364,0.221556805000,-0.6477439826400563,0.1369784868166167,-0.6477439826400563,0.18768935733994364,ELIGIBLE,R03b_20260811_FULL_v1,L1_ELIGIBILITY,v2026-08-11,2026-03-21..2026-08-06,baccarat_bet02_101_all_pairs_incl_sentinel,round_win = game_pnl > 0 (decisive only),COMPATIBILITY_ONLY_NOT_PRODUCTION,55468.4231,51499.7495,374.8205,2782,1234,-0.00675737,,-0.00675737,-0.01418498,-374.8205,55468.4231,OK,411.9980,22.4892,6.0000,94.0000,AG03-UNRESOLVED,ALL5_LEVELS_bet23_to_bet27,22.4892,22.4892,22.4892,22.4892,22.4892,6.000000,6.000000,6.000000,6.000000,6.000000,94.000000,94.000000,94.000000,94.000000,94.000000,5.0,112.4461,99.7382,-149.6237,-136.9157,PENDING_AG03,FALSE,NOT_FOR_ENFORCEMENT,352.3312,48409.7645,-37.1775,-59.6668,-389.5088,-0.00067025,-0.00107569,22.4892,-59.6668,-0.00107569,22.4892,22.4892,22.4892,22.4892,22.4892,-59.6668,-0.00107569,112.4461,99.7382,-149.6237,-136.9157,-0.00269746,-0.00246835,-0.00702217,19.9383,41.7340,0.3037,20.8234,0.7306,3081.5791,68.5556,,19.9383,3.9466,10.3857,27.3081,58.8174,79.8235,105.031,10.3857,-4.1211,7.68589,10.113013,1.919782,29,128,38,10,0E-8,0.00675737,,0.00800000,0.800000,0.928452,0.002516,,2026-05-25,2026-06-16,18,513,239,23,0.782609,,,0.000000,,,,,,,,GLOBAL_BASELINE_NO_ENTITY_RANKING,,,NOT_APPLICABLE_GLOBAL_BASELINE,HF9g-P5,,,,X 全窗基线 · 不参与实体赏罚,3922775,393,A168_HF9F_20260827_0900,2026-08-27 09:00:00
2026-05-30,150554671,1307,0,35.7105346077,-35.7105346077,-35.4248503309,0E-7,2,1,0.45583419411778936,0.290680550000,-0.9152459716841428,-0.6401578158977228,-0.9152459716841428,0.16515364411778936,ELIGIBLE,R03b_20260811_FULL_v1,L1_ELIGIBILITY,v2026-08-11,2026-03-21..2026-08-06,baccarat_bet02_101_all_pairs_incl_sentinel,round_win = game_pnl > 0 (decisive only),COMPATIBILITY_ONLY_NOT_PRODUCTION,55468.4231,51499.7495,374.8205,2782,1234,-0.00675737,,-0.00675737,-0.01418498,-374.8205,55468.4231,OK,411.9980,22.4892,6.0000,94.0000,AG03-UNRESOLVED,ALL5_LEVELS_bet23_to_bet27,22.4892,22.4892,22.4892,22.4892,22.4892,6.000000,6.000000,6.000000,6.000000,6.000000,94.000000,94.000000,94.000000,94.000000,94.000000,5.0,112.4461,99.7382,-149.6237,-136.9157,PENDING_AG03,FALSE,NOT_FOR_ENFORCEMENT,352.3312,48409.7645,-37.1775,-59.6668,-389.5088,-0.00067025,-0.00107569,22.4892,-59.6668,-0.00107569,22.4892,22.4892,22.4892,22.4892,22.4892,-59.6668,-0.00107569,112.4461,99.7382,-149.6237,-136.9157,-0.00269746,-0.00246835,-0.00702217,19.9383,41.7340,0.3037,20.8234,0.7306,3081.5791,68.5556,,19.9383,3.9466,10.3857,27.3081,58.8174,79.8235,105.031,10.3857,-4.1211,7.68589,10.113013,1.919782,29,128,38,10,0E-8,0.00675737,,0.00800000,0.800000,0.928452,0.002516,,2026-05-25,2026-06-16,18,513,239,23,0.782609,,,0.000000,,,,,,,,GLOBAL_BASELINE_NO_ENTITY_RANKING,,,NOT_APPLICABLE_GLOBAL_BASELINE,HF9g-P5,,,,X 全窗基线 · 不参与实体赏罚,3922776,393,A168_HF9F_20260827_0900,2026-08-27 09:00:00
2026-05-30,150554671,1354,0,239.4706438397,-79.7185169623,-77.8027518118,0.2857143,11,7,0.34550990559532821,0.262459157143,-0.33268759076991444,0.13984400795076163,-0.33268759076991444,0.08305074845232821,ELIGIBLE,R03b_20260811_FULL_v1,L1_ELIGIBILITY,v2026-08-11,2026-03-21..2026-08-06,baccarat_bet02_101_all_pairs_incl_sentinel,round_win = game_pnl > 0 (decisive only),COMPATIBILITY_ONLY_NOT_PRODUCTION,55468.4231,51499.7495,374.8205,2782,1234,-0.00675737,,-0.00675737,-0.01418498,-374.8205,55468.4231,OK,411.9980,22.4892,6.0000,94.0000,AG03-UNRESOLVED,ALL5_LEVELS_bet23_to_bet27,22.4892,22.4892,22.4892,22.4892,22.4892,6.000000,6.000000,6.000000,6.000000,6.000000,94.000000,94.000000,94.000000,94.000000,94.000000,5.0,112.4461,99.7382,-149.6237,-136.9157,PENDING_AG03,FALSE,NOT_FOR_ENFORCEMENT,352.3312,48409.7645,-37.1775,-59.6668,-389.5088,-0.00067025,-0.00107569,22.4892,-59.6668,-0.00107569,22.4892,22.4892,22.4892,22.4892,22.4892,-59.6668,-0.00107569,112.4461,99.7382,-149.6237,-136.9157,-0.00269746,-0.00246835,-0.00702217,19.9383,41.7340,0.3037,20.8234,0.7306,3081.5791,68.5556,,19.9383,3.9466,10.3857,27.3081,58.8174,79.8235,105.031,10.3857,-4.1211,7.68589,10.113013,1.919782,29,128,38,10,0E-8,0.00675737,,0.00800000,0.800000,0.928452,0.002516,,2026-05-25,2026-06-16,18,513,239,23,0.782609,,,0.000000,,,,,,,,GLOBAL_BASELINE_NO_ENTITY_RANKING,,,NOT_APPLICABLE_GLOBAL_BASELINE,HF9g-P5,,,,X 全窗基线 · 不参与实体赏罚,3922777,393,A168_HF9F_20260827_0900,2026-08-27 09:00:00
2026-05-30,150554671,1382,0,42.0123936561,19.4307320660,19.7668312152,1.0000000,2,1,0.39337837500026962,0.280106050000,1.241805854663161,1.6031457840727341,1.241805854663161,0.11327232500026962,ELIGIBLE,R03b_20260811_FULL_v1,L1_ELIGIBILITY,v2026-08-11,2026-03-21..2026-08-06,baccarat_bet02_101_all_pairs_incl_sentinel,round_win = game_pnl > 0 (decisive only),COMPATIBILITY_ONLY_NOT_PRODUCTION,55468.4231,51499.7495,374.8205,2782,1234,-0.00675737,,-0.00675737,-0.01418498,-374.8205,55468.4231,OK,411.9980,22.4892,6.0000,94.0000,AG03-UNRESOLVED,ALL5_LEVELS_bet23_to_bet27,22.4892,22.4892,22.4892,22.4892,22.4892,6.000000,6.000000,6.000000,6.000000,6.000000,94.000000,94.000000,94.000000,94.000000,94.000000,5.0,112.4461,99.7382,-149.6237,-136.9157,PENDING_AG03,FALSE,NOT_FOR_ENFORCEMENT,352.3312,48409.7645,-37.1775,-59.6668,-389.5088,-0.00067025,-0.00107569,22.4892,-59.6668,-0.00107569,22.4892,22.4892,22.4892,22.4892,22.4892,-59.6668,-0.00107569,112.4461,99.7382,-149.6237,-136.9157,-0.00269746,-0.00246835,-0.00702217,19.9383,41.7340,0.3037,20.8234,0.7306,3081.5791,68.5556,,19.9383,3.9466,10.3857,27.3081,58.8174,79.8235,105.031,10.3857,-4.1211,7.68589,10.113013,1.919782,29,128,38,10,0E-8,0.00675737,,0.00800000,0.800000,0.928452,0.002516,,2026-05-25,2026-06-16,18,513,239,23,0.782609,,,0.000000,,,,,,,,GLOBAL_BASELINE_NO_ENTITY_RANKING,,,NOT_APPLICABLE_GLOBAL_BASELINE,HF9g-P5,,,,X 全窗基线 · 不参与实体赏罚,3922778,393,A168_HF9F_20260827_0900,2026-08-27 09:00:00
2026-05-30,150554671,1384,0,24.1571263523,-24.1571263523,-23.9638693414,0E-7,3,1,0.43682260434805965,0.197889300000,-0.8807039503169579,-0.4966998184331015,-0.8807039503169579,0.23893330434805965,ELIGIBLE,R03b_20260811_FULL_v1,L1_ELIGIBILITY,v2026-08-11,2026-03-21..2026-08-06,baccarat_bet02_101_all_pairs_incl_sentinel,round_win = game_pnl > 0 (decisive only),COMPATIBILITY_ONLY_NOT_PRODUCTION,55468.4231,51499.7495,374.8205,2782,1234,-0.00675737,,-0.00675737,-0.01418498,-374.8205,55468.4231,OK,411.9980,22.4892,6.0000,94.0000,AG03-UNRESOLVED,ALL5_LEVELS_bet23_to_bet27,22.4892,22.4892,22.4892,22.4892,22.4892,6.000000,6.000000,6.000000,6.000000,6.000000,94.000000,94.000000,94.000000,94.000000,94.000000,5.0,112.4461,99.7382,-149.6237,-136.9157,PENDING_AG03,FALSE,NOT_FOR_ENFORCEMENT,352.3312,48409.7645,-37.1775,-59.6668,-389.5088,-0.00067025,-0.00107569,22.4892,-59.6668,-0.00107569,22.4892,22.4892,22.4892,22.4892,22.4892,-59.6668,-0.00107569,112.4461,99.7382,-149.6237,-136.9157,-0.00269746,-0.00246835,-0.00702217,19.9383,41.7340,0.3037,20.8234,0.7306,3081.5791,68.5556,,19.9383,3.9466,10.3857,27.3081,58.8174,79.8235,105.031,10.3857,-4.1211,7.68589,10.113013,1.919782,29,128,38,10,0E-8,0.00675737,,0.00800000,0.800000,0.928452,0.002516,,2026-05-25,2026-06-16,18,513,239,23,0.782609,,,0.000000,,,,,,,,GLOBAL_BASELINE_NO_ENTITY_RANKING,,,NOT_APPLICABLE_GLOBAL_BASELINE,HF9g-P5,,,,X 全窗基线 · 不参与实体赏罚,3922779,393,A168_HF9F_20260827_0900,2026-08-27 09:00:00
2026-05-30,150554671,1385,0,13.2339040016,-10.5030984140,-10.4190736267,0E-7,3,2,0.46134177000000000,0.393378375000,-0.9254537912579688,-0.8052788575962098,-0.9254537912579688,0.06796339500000000,ELIGIBLE,R03b_20260811_FULL_v1,L1_ELIGIBILITY,v2026-08-11,2026-03-21..2026-08-06,baccarat_bet02_101_all_pairs_incl_sentinel,round_win = game_pnl > 0 (decisive only),COMPATIBILITY_ONLY_NOT_PRODUCTION,55468.4231,51499.7495,374.8205,2782,1234,-0.00675737,,-0.00675737,-0.01418498,-374.8205,55468.4231,OK,411.9980,22.4892,6.0000,94.0000,AG03-UNRESOLVED,ALL5_LEVELS_bet23_to_bet27,22.4892,22.4892,22.4892,22.4892,22.4892,6.000000,6.000000,6.000000,6.000000,6.000000,94.000000,94.000000,94.000000,94.000000,94.000000,5.0,112.4461,99.7382,-149.6237,-136.9157,PENDING_AG03,FALSE,NOT_FOR_ENFORCEMENT,352.3312,48409.7645,-37.1775,-59.6668,-389.5088,-0.00067025,-0.00107569,22.4892,-59.6668,-0.00107569,22.4892,22.4892,22.4892,22.4892,22.4892,-59.6668,-0.00107569,112.4461,99.7382,-149.6237,-136.9157,-0.00269746,-0.00246835,-0.00702217,19.9383,41.7340,0.3037,20.8234,0.7306,3081.5791,68.5556,,19.9383,3.9466,10.3857,27.3081,58.8174,79.8235,105.031,10.3857,-4.1211,7.68589,10.113013,1.919782,29,128,38,10,0E-8,0.00675737,,0.00800000,0.800000,0.928452,0.002516,,2026-05-25,2026-06-16,18,513,239,23,0.782609,,,0.000000,,,,,,,,GLOBAL_BASELINE_NO_ENTITY_RANKING,,,NOT_APPLICABLE_GLOBAL_BASELINE,HF9g-P5,,,,X 全窗基线 · 不参与实体赏罚,3922780,393,A168_HF9F_20260827_0900,2026-08-27 09:00:00
2026-05-30,150554671,1396,0,42.0123936561,-16.8049574624,-16.4688583131,0E-7,5,1,0.40708735500020508,0.148612920000,-0.8286067177695249,-0.4177964601561955,-0.8286067177695249,0.25847443500020508,ELIGIBLE,R03b_20260811_FULL_v1,L1_ELIGIBILITY,v2026-08-11,2026-03-21..2026-08-06,baccarat_bet02_101_all_pairs_incl_sentinel,round_win = game_pnl > 0 (decisive only),COMPATIBILITY_ONLY_NOT_PRODUCTION,55468.4231,51499.7495,374.8205,2782,1234,-0.00675737,,-0.00675737,-0.01418498,-374.8205,55468.4231,OK,411.9980,22.4892,6.0000,94.0000,AG03-UNRESOLVED,ALL5_LEVELS_bet23_to_bet27,22.4892,22.4892,22.4892,22.4892,22.4892,6.000000,6.000000,6.000000,6.000000,6.000000,94.000000,94.000000,94.000000,94.000000,94.000000,5.0,112.4461,99.7382,-149.6237,-136.9157,PENDING_AG03,FALSE,NOT_FOR_ENFORCEMENT,352.3312,48409.7645,-37.1775,-59.6668,-389.5088,-0.00067025,-0.00107569,22.4892,-59.6668,-0.00107569,22.4892,22.4892,22.4892,22.4892,22.4892,-59.6668,-0.00107569,112.4461,99.7382,-149.6237,-136.9157,-0.00269746,-0.00246835,-0.00702217,19.9383,41.7340,0.3037,20.8234,0.7306,3081.5791,68.5556,,19.9383,3.9466,10.3857,27.3081,58.8174,79.8235,105.031,10.3857,-4.1211,7.68589,10.113013,1.919782,29,128,38,10,0E-8,0.00675737,,0.00800000,0.800000,0.928452,0.002516,,2026-05-25,2026-06-16,18,513,239,23,0.782609,,,0.000000,,,,,,,,GLOBAL_BASELINE_NO_ENTITY_RANKING,,,NOT_APPLICABLE_GLOBAL_BASELINE,HF9g-P5,,,,X 全窗基线 · 不参与实体赏罚,3922781,393,A168_HF9F_20260827_0900,2026-08-27 09:00:00
2026-05-30,150554671,1505,0,63.0185904843,18.0653292721,18.5694779962,0.6666667,9,3,0.41396282666706536,0.218543655556,0.8886468675685202,1.8781765356501126,0.8886468675685202,0.19541917111106536,ELIGIBLE,R03b_20260811_FULL_v1,L1_ELIGIBILITY,v2026-08-11,2026-03-21..2026-08-06,baccarat_bet02_101_all_pairs_incl_sentinel,round_win = game_pnl > 0 (decisive only),COMPATIBILITY_ONLY_NOT_PRODUCTION,55468.4231,51499.7495,374.8205,2782,1234,-0.00675737,,-0.00675737,-0.01418498,-374.8205,55468.4231,OK,411.9980,22.4892,6.0000,94.0000,AG03-UNRESOLVED,ALL5_LEVELS_bet23_to_bet27,22.4892,22.4892,22.4892,22.4892,22.4892,6.000000,6.000000,6.000000,6.000000,6.000000,94.000000,94.000000,94.000000,94.000000,94.000000,5.0,112.4461,99.7382,-149.6237,-136.9157,PENDING_AG03,FALSE,NOT_FOR_ENFORCEMENT,352.3312,48409.7645,-37.1775,-59.6668,-389.5088,-0.00067025,-0.00107569,22.4892,-59.6668,-0.00107569,22.4892,22.4892,22.4892,22.4892,22.4892,-59.6668,-0.00107569,112.4461,99.7382,-149.6237,-136.9157,-0.00269746,-0.00246835,-0.00702217,19.9383,41.7340,0.3037,20.8234,0.7306,3081.5791,68.5556,,19.9383,3.9466,10.3857,27.3081,58.8174,79.8235,105.031,10.3857,-4.1211,7.68589,10.113013,1.919782,29,128,38,10,0E-8,0.00675737,,0.00800000,0.800000,0.928452,0.002516,,2026-05-25,2026-06-16,18,513,239,23,0.782609,,,0.000000,,,,,,,,GLOBAL_BASELINE_NO_ENTITY_RANKING,,,NOT_APPLICABLE_GLOBAL_BASELINE,HF9g-P5,,,,X 全窗基线 · 不参与实体赏罚,3922782,393,A168_HF9F_20260827_0900,2026-08-27 09:00:00
2026-05-30,150554671,1507,0,33.6099149249,7.3521688899,7.6210482093,0.5000000,3,2,0.47935313181827095,0.386675775000,0.058448015246322454,0.3290934312765982,0.058448015246322454,0.09267735681827095,ELIGIBLE,R03b_20260811_FULL_v1,L1_ELIGIBILITY,v2026-08-11,2026-03-21..2026-08-06,baccarat_bet02_101_all_pairs_incl_sentinel,round_win = game_pnl > 0 (decisive only),COMPATIBILITY_ONLY_NOT_PRODUCTION,55468.4231,51499.7495,374.8205,2782,1234,-0.00675737,,-0.00675737,-0.01418498,-374.8205,55468.4231,OK,411.9980,22.4892,6.0000,94.0000,AG03-UNRESOLVED,ALL5_LEVELS_bet23_to_bet27,22.4892,22.4892,22.4892,22.4892,22.4892,6.000000,6.000000,6.000000,6.000000,6.000000,94.000000,94.000000,94.000000,94.000000,94.000000,5.0,112.4461,99.7382,-149.6237,-136.9157,PENDING_AG03,FALSE,NOT_FOR_ENFORCEMENT,352.3312,48409.7645,-37.1775,-59.6668,-389.5088,-0.00067025,-0.00107569,22.4892,-59.6668,-0.00107569,22.4892,22.4892,22.4892,22.4892,22.4892,-59.6668,-0.00107569,112.4461,99.7382,-149.6237,-136.9157,-0.00269746,-0.00246835,-0.00702217,19.9383,41.7340,0.3037,20.8234,0.7306,3081.5791,68.5556,,19.9383,3.9466,10.3857,27.3081,58.8174,79.8235,105.031,10.3857,-4.1211,7.68589,10.113013,1.919782,29,128,38,10,0E-8,0.00675737,,0.00800000,0.800000,0.928452,0.002516,,2026-05-25,2026-06-16,18,513,239,23,0.782609,,,0.000000,,,,,,,,GLOBAL_BASELINE_NO_ENTITY_RANKING,,,NOT_APPLICABLE_GLOBAL_BASELINE,HF9g-P5,,,,X 全窗基线 · 不参与实体赏罚,3922783,393,A168_HF9F_20260827_0900,2026-08-27 09:00:00
2026-05-30,150554671,1509,0,277.2817981303,-88.2260266777,-86.0077722928,0.3750000,14,8,0.43245057228046836,0.355478333333,-0.32799654538040146,0.11535503572442635,-0.32799654538040146,0.07697223894746836,ELIGIBLE,R03b_20260811_FULL_v1,L1_ELIGIBILITY,v2026-08-11,2026-03-21..2026-08-06,baccarat_bet02_101_all_pairs_incl_sentinel,round_win = game_pnl > 0 (decisive only),COMPATIBILITY_ONLY_NOT_PRODUCTION,55468.4231,51499.7495,374.8205,2782,1234,-0.00675737,,-0.00675737,-0.01418498,-374.8205,55468.4231,OK,411.9980,22.4892,6.0000,94.0000,AG03-UNRESOLVED,ALL5_LEVELS_bet23_to_bet27,22.4892,22.4892,22.4892,22.4892,22.4892,6.000000,6.000000,6.000000,6.000000,6.000000,94.000000,94.000000,94.000000,94.000000,94.000000,5.0,112.4461,99.7382,-149.6237,-136.9157,PENDING_AG03,FALSE,NOT_FOR_ENFORCEMENT,352.3312,48409.7645,-37.1775,-59.6668,-389.5088,-0.00067025,-0.00107569,22.4892,-59.6668,-0.00107569,22.4892,22.4892,22.4892,22.4892,22.4892,-59.6668,-0.00107569,112.4461,99.7382,-149.6237,-136.9157,-0.00269746,-0.00246835,-0.00702217,19.9383,41.7340,0.3037,20.8234,0.7306,3081.5791,68.5556,,19.9383,3.9466,10.3857,27.3081,58.8174,79.8235,105.031,10.3857,-4.1211,7.68589,10.113013,1.919782,29,128,38,10,0E-8,0.00675737,,0.00800000,0.800000,0.928452,0.002516,,2026-05-25,2026-06-16,18,513,239,23,0.782609,,,0.000000,,,,,,,,GLOBAL_BASELINE_NO_ENTITY_RANKING,,,NOT_APPLICABLE_GLOBAL_BASELINE,HF9g-P5,,,,X 全窗基线 · 不参与实体赏罚,3922784,393,A168_HF9F_20260827_0900,2026-08-27 09:00:00
2026-05-30,150554671,1714,0,14.7043377796,-14.7043377796,-14.5867030774,0E-7,2,1,0.44192365714285714,0.280106050000,-0.889870518912438,-0.6237735893609975,-0.889870518912438,0.16181760714285714,ELIGIBLE,R03b_20260811_FULL_v1,L1_ELIGIBILITY,v2026-08-11,2026-03-21..2026-08-06,baccarat_bet02_101_all_pairs_incl_sentinel,round_win = game_pnl > 0 (decisive only),COMPATIBILITY_ONLY_NOT_PRODUCTION,55468.4231,51499.7495,374.8205,2782,1234,-0.00675737,,-0.00675737,-0.01418498,-374.8205,55468.4231,OK,411.9980,22.4892,6.0000,94.0000,AG03-UNRESOLVED,ALL5_LEVELS_bet23_to_bet27,22.4892,22.4892,22.4892,22.4892,22.4892,6.000000,6.000000,6.000000,6.000000,6.000000,94.000000,94.000000,94.000000,94.000000,94.000000,5.0,112.4461,99.7382,-149.6237,-136.9157,PENDING_AG03,FALSE,NOT_FOR_ENFORCEMENT,352.3312,48409.7645,-37.1775,-59.6668,-389.5088,-0.00067025,-0.00107569,22.4892,-59.6668,-0.00107569,22.4892,22.4892,22.4892,22.4892,22.4892,-59.6668,-0.00107569,112.4461,99.7382,-149.6237,-136.9157,-0.00269746,-0.00246835,-0.00702217,19.9383,41.7340,0.3037,20.8234,0.7306,3081.5791,68.5556,,19.9383,3.9466,10.3857,27.3081,58.8174,79.8235,105.031,10.3857,-4.1211,7.68589,10.113013,1.919782,29,128,38,10,0E-8,0.00675737,,0.00800000,0.800000,0.928452,0.002516,,2026-05-25,2026-06-16,18,513,239,23,0.782609,,,0.000000,,,,,,,,GLOBAL_BASELINE_NO_ENTITY_RANKING,,,NOT_APPLICABLE_GLOBAL_BASELINE,HF9g-P5,,,,X 全窗基线 · 不参与实体赏罚,3922785,393,A168_HF9F_20260827_0900,2026-08-27 09:00:00
2026-05-30,150554671,1966,0,341.1406364875,80.7268144105,83.1702552254,0.6250000,14,8,0.38139309805372605,0.285287837500,1.4185373879182057,2.127888534678254,1.4185373879182057,0.09610526055372605,ELIGIBLE,R03b_20260811_FULL_v1,L1_ELIGIBILITY,v2026-08-11,2026-03-21..2026-08-06,baccarat_bet02_101_all_pairs_incl_sentinel,round_win = game_pnl > 0 (decisive only),COMPATIBILITY_ONLY_NOT_PRODUCTION,55468.4231,51499.7495,374.8205,2782,1234,-0.00675737,,-0.00675737,-0.01418498,-374.8205,55468.4231,OK,411.9980,22.4892,6.0000,94.0000,AG03-UNRESOLVED,ALL5_LEVELS_bet23_to_bet27,22.4892,22.4892,22.4892,22.4892,22.4892,6.000000,6.000000,6.000000,6.000000,6.000000,94.000000,94.000000,94.000000,94.000000,94.000000,5.0,112.4461,99.7382,-149.6237,-136.9157,PENDING_AG03,FALSE,NOT_FOR_ENFORCEMENT,352.3312,48409.7645,-37.1775,-59.6668,-389.5088,-0.00067025,-0.00107569,22.4892,-59.6668,-0.00107569,22.4892,22.4892,22.4892,22.4892,22.4892,-59.6668,-0.00107569,112.4461,99.7382,-149.6237,-136.9157,-0.00269746,-0.00246835,-0.00702217,19.9383,41.7340,0.3037,20.8234,0.7306,3081.5791,68.5556,,19.9383,3.9466,10.3857,27.3081,58.8174,79.8235,105.031,10.3857,-4.1211,7.68589,10.113013,1.919782,29,128,38,10,0E-8,0.00675737,,0.00800000,0.800000,0.928452,0.002516,,2026-05-25,2026-06-16,18,513,239,23,0.782609,,,0.000000,,,,,,,,GLOBAL_BASELINE_NO_ENTITY_RANKING,,,NOT_APPLICABLE_GLOBAL_BASELINE,HF9g-P5,,,,X 全窗基线 · 不参与实体赏罚,3922786,393,A168_HF9F_20260827_0900,2026-08-27 09:00:00
2026-05-30,150554671,1994,0,216.9940132338,5.9867660961,7.7227182020,0.6000000,8,5,0.44928788840770460,0.365361830000,0.6774987328191688,1.089579650512198,0.6774987328191688,0.08392605840770460,ELIGIBLE,R03b_20260811_FULL_v1,L1_ELIGIBILITY,v2026-08-11,2026-03-21..2026-08-06,baccarat_bet02_101_all_pairs_incl_sentinel,round_win = game_pnl > 0 (decisive only),COMPATIBILITY_ONLY_NOT_PRODUCTION,55468.4231,51499.7495,374.8205,2782,1234,-0.00675737,,-0.00675737,-0.01418498,-374.8205,55468.4231,OK,411.9980,22.4892,6.0000,94.0000,AG03-UNRESOLVED,ALL5_LEVELS_bet23_to_bet27,22.4892,22.4892,22.4892,22.4892,22.4892,6.000000,6.000000,6.000000,6.000000,6.000000,94.000000,94.000000,94.000000,94.000000,94.000000,5.0,112.4461,99.7382,-149.6237,-136.9157,PENDING_AG03,FALSE,NOT_FOR_ENFORCEMENT,352.3312,48409.7645,-37.1775,-59.6668,-389.5088,-0.00067025,-0.00107569,22.4892,-59.6668,-0.00107569,22.4892,22.4892,22.4892,22.4892,22.4892,-59.6668,-0.00107569,112.4461,99.7382,-149.6237,-136.9157,-0.00269746,-0.00246835,-0.00702217,19.9383,41.7340,0.3037,20.8234,0.7306,3081.5791,68.5556,,19.9383,3.9466,10.3857,27.3081,58.8174,79.8235,105.031,10.3857,-4.1211,7.68589,10.113013,1.919782,29,128,38,10,0E-8,0.00675737,,0.00800000,0.800000,0.928452,0.002516,,2026-05-25,2026-06-16,18,513,239,23,0.782609,,,0.000000,,,,,,,,GLOBAL_BASELINE_NO_ENTITY_RANKING,,,NOT_APPLICABLE_GLOBAL_BASELINE,HF9g-P5,,,,X 全窗基线 · 不参与实体赏罚,3922787,393,A168_HF9F_20260827_0900,2026-08-27 09:00:00
2026-05-30,150554671,2078,0,366.7681966177,53.0406469910,55.0337149458,0.5000000,18,8,0.44735029742284377,0.301562020834,0.29949672665032356,1.222974898148235,0.29949672665032356,0.14578827658884377,ELIGIBLE,R03b_20260811_FULL_v1,L1_ELIGIBILITY,v2026-08-11,2026-03-21..2026-08-06,baccarat_bet02_101_all_pairs_incl_sentinel,round_win = game_pnl > 0 (decisive only),COMPATIBILITY_ONLY_NOT_PRODUCTION,55468.4231,51499.7495,374.8205,2782,1234,-0.00675737,,-0.00675737,-0.01418498,-374.8205,55468.4231,OK,411.9980,22.4892,6.0000,94.0000,AG03-UNRESOLVED,ALL5_LEVELS_bet23_to_bet27,22.4892,22.4892,22.4892,22.4892,22.4892,6.000000,6.000000,6.000000,6.000000,6.000000,94.000000,94.000000,94.000000,94.000000,94.000000,5.0,112.4461,99.7382,-149.6237,-136.9157,PENDING_AG03,FALSE,NOT_FOR_ENFORCEMENT,352.3312,48409.7645,-37.1775,-59.6668,-389.5088,-0.00067025,-0.00107569,22.4892,-59.6668,-0.00107569,22.4892,22.4892,22.4892,22.4892,22.4892,-59.6668,-0.00107569,112.4461,99.7382,-149.6237,-136.9157,-0.00269746,-0.00246835,-0.00702217,19.9383,41.7340,0.3037,20.8234,0.7306,3081.5791,68.5556,,19.9383,3.9466,10.3857,27.3081,58.8174,79.8235,105.031,10.3857,-4.1211,7.68589,10.113013,1.919782,29,128,38,10,0E-8,0.00675737,,0.00800000,0.800000,0.928452,0.002516,,2026-05-25,2026-06-16,18,513,239,23,0.782609,,,0.000000,,,,,,,,GLOBAL_BASELINE_NO_ENTITY_RANKING,,,NOT_APPLICABLE_GLOBAL_BASELINE,HF9g-P5,,,,X 全窗基线 · 不参与实体赏罚,3922788,393,A168_HF9F_20260827_0900,2026-08-27 09:00:00
2026-05-30,150554671,2093,0,84.0247873122,12.6037180968,13.2759163956,0.6666667,9,3,0.42826826822622269,0.224566080556,0.8344683395643482,1.835004955188621,0.8344683395643482,0.20370218767022269,ELIGIBLE,R03b_20260811_FULL_v1,L1_ELIGIBILITY,v2026-08-11,2026-03-21..2026-08-06,baccarat_bet02_101_all_pairs_incl_sentinel,round_win = game_pnl > 0 (decisive only),COMPATIBILITY_ONLY_NOT_PRODUCTION,55468.4231,51499.7495,374.8205,2782,1234,-0.00675737,,-0.00675737,-0.01418498,-374.8205,55468.4231,OK,411.9980,22.4892,6.0000,94.0000,AG03-UNRESOLVED,ALL5_LEVELS_bet23_to_bet27,22.4892,22.4892,22.4892,22.4892,22.4892,6.000000,6.000000,6.000000,6.000000,6.000000,94.000000,94.000000,94.000000,94.000000,94.000000,5.0,112.4461,99.7382,-149.6237,-136.9157,PENDING_AG03,FALSE,NOT_FOR_ENFORCEMENT,352.3312,48409.7645,-37.1775,-59.6668,-389.5088,-0.00067025,-0.00107569,22.4892,-59.6668,-0.00107569,22.4892,22.4892,22.4892,22.4892,22.4892,-59.6668,-0.00107569,112.4461,99.7382,-149.6237,-136.9157,-0.00269746,-0.00246835,-0.00702217,19.9383,41.7340,0.3037,20.8234,0.7306,3081.5791,68.5556,,19.9383,3.9466,10.3857,27.3081,58.8174,79.8235,105.031,10.3857,-4.1211,7.68589,10.113013,1.919782,29,128,38,10,0E-8,0.00675737,,0.00800000,0.800000,0.928452,0.002516,,2026-05-25,2026-06-16,18,513,239,23,0.782609,,,0.000000,,,,,,,,GLOBAL_BASELINE_NO_ENTITY_RANKING,,,NOT_APPLICABLE_GLOBAL_BASELINE,HF9g-P5,,,,X 全窗基线 · 不参与实体赏罚,3922789,393,A168_HF9F_20260827_0900,2026-08-27 09:00:00
2026-05-30,150554671,2101,0,105.0309841403,-48.3142527045,-47.9277386830,0E-7,5,2,0.44937429142870901,0.335323850000,-1.2775881265933977,-1.0044820305258921,-1.2775881265933977,0.11405044142870901,ELIGIBLE,R03b_20260811_FULL_v1,L1_ELIGIBILITY,v2026-08-11,2026-03-21..2026-08-06,baccarat_bet02_101_all_pairs_incl_sentinel,round_win = game_pnl > 0 (decisive only),COMPATIBILITY_ONLY_NOT_PRODUCTION,55468.4231,51499.7495,374.8205,2782,1234,-0.00675737,,-0.00675737,-0.01418498,-374.8205,55468.4231,OK,411.9980,22.4892,6.0000,94.0000,AG03-UNRESOLVED,ALL5_LEVELS_bet23_to_bet27,22.4892,22.4892,22.4892,22.4892,22.4892,6.000000,6.000000,6.000000,6.000000,6.000000,94.000000,94.000000,94.000000,94.000000,94.000000,5.0,112.4461,99.7382,-149.6237,-136.9157,PENDING_AG03,FALSE,NOT_FOR_ENFORCEMENT,352.3312,48409.7645,-37.1775,-59.6668,-389.5088,-0.00067025,-0.00107569,22.4892,-59.6668,-0.00107569,22.4892,22.4892,22.4892,22.4892,22.4892,-59.6668,-0.00107569,112.4461,99.7382,-149.6237,-136.9157,-0.00269746,-0.00246835,-0.00702217,19.9383,41.7340,0.3037,20.8234,0.7306,3081.5791,68.5556,,19.9383,3.9466,10.3857,27.3081,58.8174,79.8235,105.031,10.3857,-4.1211,7.68589,10.113013,1.919782,29,128,38,10,0E-8,0.00675737,,0.00800000,0.800000,0.928452,0.002516,,2026-05-25,2026-06-16,18,513,239,23,0.782609,,,0.000000,,,,,,,,GLOBAL_BASELINE_NO_ENTITY_RANKING,,,NOT_APPLICABLE_GLOBAL_BASELINE,HF9g-P5,,,,X 全窗基线 · 不参与实体赏罚,3922790,393,A168_HF9F_20260827_0900,2026-08-27 09:00:00
2026-05-30,150554671,2124,0,144.9427581137,113.0133389351,114.1728810004,0.7142857,22,7,0.35487130567594815,0.193220262381,1.9874027291799645,3.491704432954359,1.9874027291799645,0.16165104329494815,ELIGIBLE,R03b_20260811_FULL_v1,L1_ELIGIBILITY,v2026-08-11,2026-03-21..2026-08-06,baccarat_bet02_101_all_pairs_incl_sentinel,round_win = game_pnl > 0 (decisive only),COMPATIBILITY_ONLY_NOT_PRODUCTION,55468.4231,51499.7495,374.8205,2782,1234,-0.00675737,,-0.00675737,-0.01418498,-374.8205,55468.4231,OK,411.9980,22.4892,6.0000,94.0000,AG03-UNRESOLVED,ALL5_LEVELS_bet23_to_bet27,22.4892,22.4892,22.4892,22.4892,22.4892,6.000000,6.000000,6.000000,6.000000,6.000000,94.000000,94.000000,94.000000,94.000000,94.000000,5.0,112.4461,99.7382,-149.6237,-136.9157,PENDING_AG03,FALSE,NOT_FOR_ENFORCEMENT,352.3312,48409.7645,-37.1775,-59.6668,-389.5088,-0.00067025,-0.00107569,22.4892,-59.6668,-0.00107569,22.4892,22.4892,22.4892,22.4892,22.4892,-59.6668,-0.00107569,112.4461,99.7382,-149.6237,-136.9157,-0.00269746,-0.00246835,-0.00702217,19.9383,41.7340,0.3037,20.8234,0.7306,3081.5791,68.5556,,19.9383,3.9466,10.3857,27.3081,58.8174,79.8235,105.031,10.3857,-4.1211,7.68589,10.113013,1.919782,29,128,38,10,0E-8,0.00675737,,0.00800000,0.800000,0.928452,0.002516,,2026-05-25,2026-06-16,18,513,239,23,0.782609,,,0.000000,,,,,,,,GLOBAL_BASELINE_NO_ENTITY_RANKING,,,NOT_APPLICABLE_GLOBAL_BASELINE,HF9g-P5,,,,X 全窗基线 · 不参与实体赏罚,3922791,393,A168_HF9F_20260827_0900,2026-08-27 09:00:00
2026-05-30,150554671,2134,0,31.9294191787,31.9294191787,32.1848545321,1.0000000,1,1,0.49324550000000000,0.493245500000,1.01360149184955,1.01360149184955,1.01360149184955,0E-17,ELIGIBLE,R03b_20260811_FULL_v1,L1_ELIGIBILITY,v2026-08-11,2026-03-21..2026-08-06,baccarat_bet02_101_all_pairs_incl_sentinel,round_win = game_pnl > 0 (decisive only),COMPATIBILITY_ONLY_NOT_PRODUCTION,55468.4231,51499.7495,374.8205,2782,1234,-0.00675737,,-0.00675737,-0.01418498,-374.8205,55468.4231,OK,411.9980,22.4892,6.0000,94.0000,AG03-UNRESOLVED,ALL5_LEVELS_bet23_to_bet27,22.4892,22.4892,22.4892,22.4892,22.4892,6.000000,6.000000,6.000000,6.000000,6.000000,94.000000,94.000000,94.000000,94.000000,94.000000,5.0,112.4461,99.7382,-149.6237,-136.9157,PENDING_AG03,FALSE,NOT_FOR_ENFORCEMENT,352.3312,48409.7645,-37.1775,-59.6668,-389.5088,-0.00067025,-0.00107569,22.4892,-59.6668,-0.00107569,22.4892,22.4892,22.4892,22.4892,22.4892,-59.6668,-0.00107569,112.4461,99.7382,-149.6237,-136.9157,-0.00269746,-0.00246835,-0.00702217,19.9383,41.7340,0.3037,20.8234,0.7306,3081.5791,68.5556,,19.9383,3.9466,10.3857,27.3081,58.8174,79.8235,105.031,10.3857,-4.1211,7.68589,10.113013,1.919782,29,128,38,10,0E-8,0.00675737,,0.00800000,0.800000,0.928452,0.002516,,2026-05-25,2026-06-16,18,513,239,23,0.782609,,,0.000000,,,,,,,,GLOBAL_BASELINE_NO_ENTITY_RANKING,,,NOT_APPLICABLE_GLOBAL_BASELINE,HF9g-P5,,,,X 全窗基线 · 不参与实体赏罚,3922792,393,A168_HF9F_20260827_0900,2026-08-27 09:00:00
2026-05-30,150554671,2152,0,88.2260266778,-14.4942758113,-13.7884675977,0.5000000,8,2,0.42760115159107259,0.174734937500,0.20695591685165315,1.2113393089781719,0.20695591685165315,0.25286621409107259,ELIGIBLE,R03b_20260811_FULL_v1,L1_ELIGIBILITY,v2026-08-11,2026-03-21..2026-08-06,baccarat_bet02_101_all_pairs_incl_sentinel,round_win = game_pnl > 0 (decisive only),COMPATIBILITY_ONLY_NOT_PRODUCTION,55468.4231,51499.7495,374.8205,2782,1234,-0.00675737,,-0.00675737,-0.01418498,-374.8205,55468.4231,OK,411.9980,22.4892,6.0000,94.0000,AG03-UNRESOLVED,ALL5_LEVELS_bet23_to_bet27,22.4892,22.4892,22.4892,22.4892,22.4892,6.000000,6.000000,6.000000,6.000000,6.000000,94.000000,94.000000,94.000000,94.000000,94.000000,5.0,112.4461,99.7382,-149.6237,-136.9157,PENDING_AG03,FALSE,NOT_FOR_ENFORCEMENT,352.3312,48409.7645,-37.1775,-59.6668,-389.5088,-0.00067025,-0.00107569,22.4892,-59.6668,-0.00107569,22.4892,22.4892,22.4892,22.4892,22.4892,-59.6668,-0.00107569,112.4461,99.7382,-149.6237,-136.9157,-0.00269746,-0.00246835,-0.00702217,19.9383,41.7340,0.3037,20.8234,0.7306,3081.5791,68.5556,,19.9383,3.9466,10.3857,27.3081,58.8174,79.8235,105.031,10.3857,-4.1211,7.68589,10.113013,1.919782,29,128,38,10,0E-8,0.00675737,,0.00800000,0.800000,0.928452,0.002516,,2026-05-25,2026-06-16,18,513,239,23,0.782609,,,0.000000,,,,,,,,GLOBAL_BASELINE_NO_ENTITY_RANKING,,,NOT_APPLICABLE_GLOBAL_BASELINE,HF9g-P5,,,,X 全窗基线 · 不参与实体赏罚,3922793,393,A168_HF9F_20260827_0900,2026-08-27 09:00:00
2026-05-30,150554671,2153,0,29.4086755593,-29.4086755593,-29.1734061548,0E-7,2,1,0.47428717857153862,0.280106050000,-0.9498311488013307,-0.6237735893609975,-0.9498311488013307,0.19418112857153862,ELIGIBLE,R03b_20260811_FULL_v1,L1_ELIGIBILITY,v2026-08-11,2026-03-21..2026-08-06,baccarat_bet02_101_all_pairs_incl_sentinel,round_win = game_pnl > 0 (decisive only),COMPATIBILITY_ONLY_NOT_PRODUCTION,55468.4231,51499.7495,374.8205,2782,1234,-0.00675737,,-0.00675737,-0.01418498,-374.8205,55468.4231,OK,411.9980,22.4892,6.0000,94.0000,AG03-UNRESOLVED,ALL5_LEVELS_bet23_to_bet27,22.4892,22.4892,22.4892,22.4892,22.4892,6.000000,6.000000,6.000000,6.000000,6.000000,94.000000,94.000000,94.000000,94.000000,94.000000,5.0,112.4461,99.7382,-149.6237,-136.9157,PENDING_AG03,FALSE,NOT_FOR_ENFORCEMENT,352.3312,48409.7645,-37.1775,-59.6668,-389.5088,-0.00067025,-0.00107569,22.4892,-59.6668,-0.00107569,22.4892,22.4892,22.4892,22.4892,22.4892,-59.6668,-0.00107569,112.4461,99.7382,-149.6237,-136.9157,-0.00269746,-0.00246835,-0.00702217,19.9383,41.7340,0.3037,20.8234,0.7306,3081.5791,68.5556,,19.9383,3.9466,10.3857,27.3081,58.8174,79.8235,105.031,10.3857,-4.1211,7.68589,10.113013,1.919782,29,128,38,10,0E-8,0.00675737,,0.00800000,0.800000,0.928452,0.002516,,2026-05-25,2026-06-16,18,513,239,23,0.782609,,,0.000000,,,,,,,,GLOBAL_BASELINE_NO_ENTITY_RANKING,,,NOT_APPLICABLE_GLOBAL_BASELINE,HF9g-P5,,,,X 全窗基线 · 不参与实体赏罚,3922794,393,A168_HF9F_20260827_0900,2026-08-27 09:00:00
2026-05-30,150554671,2156,0,52.5154920701,29.4086755593,29.8287994959,1.0000000,2,1,0.41603284000017255,0.280106050000,1.184760061641914,1.6031457840727341,1.184760061641914,0.13592679000017255,ELIGIBLE,R03b_20260811_FULL_v1,L1_ELIGIBILITY,v2026-08-11,2026-03-21..2026-08-06,baccarat_bet02_101_all_pairs_incl_sentinel,round_win = game_pnl > 0 (decisive only),COMPATIBILITY_ONLY_NOT_PRODUCTION,55468.4231,51499.7495,374.8205,2782,1234,-0.00675737,,-0.00675737,-0.01418498,-374.8205,55468.4231,OK,411.9980,22.4892,6.0000,94.0000,AG03-UNRESOLVED,ALL5_LEVELS_bet23_to_bet27,22.4892,22.4892,22.4892,22.4892,22.4892,6.000000,6.000000,6.000000,6.000000,6.000000,94.000000,94.000000,94.000000,94.000000,94.000000,5.0,112.4461,99.7382,-149.6237,-136.9157,PENDING_AG03,FALSE,NOT_FOR_ENFORCEMENT,352.3312,48409.7645,-37.1775,-59.6668,-389.5088,-0.00067025,-0.00107569,22.4892,-59.6668,-0.00107569,22.4892,22.4892,22.4892,22.4892,22.4892,-59.6668,-0.00107569,112.4461,99.7382,-149.6237,-136.9157,-0.00269746,-0.00246835,-0.00702217,19.9383,41.7340,0.3037,20.8234,0.7306,3081.5791,68.5556,,19.9383,3.9466,10.3857,27.3081,58.8174,79.8235,105.031,10.3857,-4.1211,7.68589,10.113013,1.919782,29,128,38,10,0E-8,0.00675737,,0.00800000,0.800000,0.928452,0.002516,,2026-05-25,2026-06-16,18,513,239,23,0.782609,,,0.000000,,,,,,,,GLOBAL_BASELINE_NO_ENTITY_RANKING,,,NOT_APPLICABLE_GLOBAL_BASELINE,HF9g-P5,,,,X 全窗基线 · 不参与实体赏罚,3922795,393,A168_HF9F_20260827_0900,2026-08-27 09:00:00
2026-05-30,150554671,2170,0,21.0061968281,11.7634702237,11.9315197983,1.0000000,2,1,0.41603284000043139,0.280106050000,1.184760061641283,1.6031457840727341,1.184760061641283,0.13592679000043139,ELIGIBLE,R03b_20260811_FULL_v1,L1_ELIGIBILITY,v2026-08-11,2026-03-21..2026-08-06,baccarat_bet02_101_all_pairs_incl_sentinel,round_win = game_pnl > 0 (decisive only),COMPATIBILITY_ONLY_NOT_PRODUCTION,55468.4231,51499.7495,374.8205,2782,1234,-0.00675737,,-0.00675737,-0.01418498,-374.8205,55468.4231,OK,411.9980,22.4892,6.0000,94.0000,AG03-UNRESOLVED,ALL5_LEVELS_bet23_to_bet27,22.4892,22.4892,22.4892,22.4892,22.4892,6.000000,6.000000,6.000000,6.000000,6.000000,94.000000,94.000000,94.000000,94.000000,94.000000,5.0,112.4461,99.7382,-149.6237,-136.9157,PENDING_AG03,FALSE,NOT_FOR_ENFORCEMENT,352.3312,48409.7645,-37.1775,-59.6668,-389.5088,-0.00067025,-0.00107569,22.4892,-59.6668,-0.00107569,22.4892,22.4892,22.4892,22.4892,22.4892,-59.6668,-0.00107569,112.4461,99.7382,-149.6237,-136.9157,-0.00269746,-0.00246835,-0.00702217,19.9383,41.7340,0.3037,20.8234,0.7306,3081.5791,68.5556,,19.9383,3.9466,10.3857,27.3081,58.8174,79.8235,105.031,10.3857,-4.1211,7.68589,10.113013,1.919782,29,128,38,10,0E-8,0.00675737,,0.00800000,0.800000,0.928452,0.002516,,2026-05-25,2026-06-16,18,513,239,23,0.782609,,,0.000000,,,,,,,,GLOBAL_BASELINE_NO_ENTITY_RANKING,,,NOT_APPLICABLE_GLOBAL_BASELINE,HF9g-P5,,,,X 全窗基线 · 不参与实体赏罚,3922796,393,A168_HF9F_20260827_0900,2026-08-27 09:00:00
2026-05-30,150554671,2175,0,35.7105346077,-35.7105346077,-35.4248503309,0E-7,2,1,0.44634635882366074,0.293924150000,-0.8978771469553815,-0.6451964315166089,-0.8978771469553815,0.15242220882366074,ELIGIBLE,R03b_20260811_FULL_v1,L1_ELIGIBILITY,v2026-08-11,2026-03-21..2026-08-06,baccarat_bet02_101_all_pairs_incl_sentinel,round_win = game_pnl > 0 (decisive only),COMPATIBILITY_ONLY_NOT_PRODUCTION,55468.4231,51499.7495,374.8205,2782,1234,-0.00675737,,-0.00675737,-0.01418498,-374.8205,55468.4231,OK,411.9980,22.4892,6.0000,94.0000,AG03-UNRESOLVED,ALL5_LEVELS_bet23_to_bet27,22.4892,22.4892,22.4892,22.4892,22.4892,6.000000,6.000000,6.000000,6.000000,6.000000,94.000000,94.000000,94.000000,94.000000,94.000000,5.0,112.4461,99.7382,-149.6237,-136.9157,PENDING_AG03,FALSE,NOT_FOR_ENFORCEMENT,352.3312,48409.7645,-37.1775,-59.6668,-389.5088,-0.00067025,-0.00107569,22.4892,-59.6668,-0.00107569,22.4892,22.4892,22.4892,22.4892,22.4892,-59.6668,-0.00107569,112.4461,99.7382,-149.6237,-136.9157,-0.00269746,-0.00246835,-0.00702217,19.9383,41.7340,0.3037,20.8234,0.7306,3081.5791,68.5556,,19.9383,3.9466,10.3857,27.3081,58.8174,79.8235,105.031,10.3857,-4.1211,7.68589,10.113013,1.919782,29,128,38,10,0E-8,0.00675737,,0.00800000,0.800000,0.928452,0.002516,,2026-05-25,2026-06-16,18,513,239,23,0.782609,,,0.000000,,,,,,,,GLOBAL_BASELINE_NO_ENTITY_RANKING,,,NOT_APPLICABLE_GLOBAL_BASELINE,HF9g-P5,,,,X 全窗基线 · 不参与实体赏罚,3922797,393,A168_HF9F_20260827_0900,2026-08-27 09:00:00
2026-05-30,150554671,2177,0,85.9153450268,-24.4722193047,-23.7848965445,0.5000000,3,2,0.46291621158315628,0.393378375000,0.10517847640101548,0.3086711997975373,0.10517847640101548,0.06953783658315628,ELIGIBLE,R03b_20260811_FULL_v1,L1_ELIGIBILITY,v2026-08-11,2026-03-21..2026-08-06,baccarat_bet02_101_all_pairs_incl_sentinel,round_win = game_pnl > 0 (decisive only),COMPATIBILITY_ONLY_NOT_PRODUCTION,55468.4231,51499.7495,374.8205,2782,1234,-0.00675737,,-0.00675737,-0.01418498,-374.8205,55468.4231,OK,411.9980,22.4892,6.0000,94.0000,AG03-UNRESOLVED,ALL5_LEVELS_bet23_to_bet27,22.4892,22.4892,22.4892,22.4892,22.4892,6.000000,6.000000,6.000000,6.000000,6.000000,94.000000,94.000000,94.000000,94.000000,94.000000,5.0,112.4461,99.7382,-149.6237,-136.9157,PENDING_AG03,FALSE,NOT_FOR_ENFORCEMENT,352.3312,48409.7645,-37.1775,-59.6668,-389.5088,-0.00067025,-0.00107569,22.4892,-59.6668,-0.00107569,22.4892,22.4892,22.4892,22.4892,22.4892,-59.6668,-0.00107569,112.4461,99.7382,-149.6237,-136.9157,-0.00269746,-0.00246835,-0.00702217,19.9383,41.7340,0.3037,20.8234,0.7306,3081.5791,68.5556,,19.9383,3.9466,10.3857,27.3081,58.8174,79.8235,105.031,10.3857,-4.1211,7.68589,10.113013,1.919782,29,128,38,10,0E-8,0.00675737,,0.00800000,0.800000,0.928452,0.002516,,2026-05-25,2026-06-16,18,513,239,23,0.782609,,,0.000000,,,,,,,,GLOBAL_BASELINE_NO_ENTITY_RANKING,,,NOT_APPLICABLE_GLOBAL_BASELINE,HF9g-P5,,,,X 全窗基线 · 不参与实体赏罚,3922798,393,A168_HF9F_20260827_0900,2026-08-27 09:00:00
2026-05-30,150554671,2201,0,117.6347022371,-117.6347022371,-116.6936246192,0E-7,10,3,0.41802886888910183,0.218387478889,-1.4679560187567469,-0.915542987895519,-1.4679560187567469,0.19964139000010183,ELIGIBLE,R03b_20260811_FULL_v1,L1_ELIGIBILITY,v2026-08-11,2026-03-21..2026-08-06,baccarat_bet02_101_all_pairs_incl_sentinel,round_win = game_pnl > 0 (decisive only),COMPATIBILITY_ONLY_NOT_PRODUCTION,55468.4231,51499.7495,374.8205,2782,1234,-0.00675737,,-0.00675737,-0.01418498,-374.8205,55468.4231,OK,411.9980,22.4892,6.0000,94.0000,AG03-UNRESOLVED,ALL5_LEVELS_bet23_to_bet27,22.4892,22.4892,22.4892,22.4892,22.4892,6.000000,6.000000,6.000000,6.000000,6.000000,94.000000,94.000000,94.000000,94.000000,94.000000,5.0,112.4461,99.7382,-149.6237,-136.9157,PENDING_AG03,FALSE,NOT_FOR_ENFORCEMENT,352.3312,48409.7645,-37.1775,-59.6668,-389.5088,-0.00067025,-0.00107569,22.4892,-59.6668,-0.00107569,22.4892,22.4892,22.4892,22.4892,22.4892,-59.6668,-0.00107569,112.4461,99.7382,-149.6237,-136.9157,-0.00269746,-0.00246835,-0.00702217,19.9383,41.7340,0.3037,20.8234,0.7306,3081.5791,68.5556,,19.9383,3.9466,10.3857,27.3081,58.8174,79.8235,105.031,10.3857,-4.1211,7.68589,10.113013,1.919782,29,128,38,10,0E-8,0.00675737,,0.00800000,0.800000,0.928452,0.002516,,2026-05-25,2026-06-16,18,513,239,23,0.782609,,,0.000000,,,,,,,,GLOBAL_BASELINE_NO_ENTITY_RANKING,,,NOT_APPLICABLE_GLOBAL_BASELINE,HF9g-P5,,,,X 全窗基线 · 不参与实体赏罚,3922799,393,A168_HF9F_20260827_0900,2026-08-27 09:00:00
2026-05-30,150554671,2220,0,75.6223085810,50.4148723874,51.0198508562,1.0000000,8,2,0.42287151111129723,0.176562550000,1.652140739707489,3.054084219623074,1.652140739707489,0.24630896111129723,ELIGIBLE,R03b_20260811_FULL_v1,L1_ELIGIBILITY,v2026-08-11,2026-03-21..2026-08-06,baccarat_bet02_101_all_pairs_incl_sentinel,round_win = game_pnl > 0 (decisive only),COMPATIBILITY_ONLY_NOT_PRODUCTION,55468.4231,51499.7495,374.8205,2782,1234,-0.00675737,,-0.00675737,-0.01418498,-374.8205,55468.4231,OK,411.9980,22.4892,6.0000,94.0000,AG03-UNRESOLVED,ALL5_LEVELS_bet23_to_bet27,22.4892,22.4892,22.4892,22.4892,22.4892,6.000000,6.000000,6.000000,6.000000,6.000000,94.000000,94.000000,94.000000,94.000000,94.000000,5.0,112.4461,99.7382,-149.6237,-136.9157,PENDING_AG03,FALSE,NOT_FOR_ENFORCEMENT,352.3312,48409.7645,-37.1775,-59.6668,-389.5088,-0.00067025,-0.00107569,22.4892,-59.6668,-0.00107569,22.4892,22.4892,22.4892,22.4892,22.4892,-59.6668,-0.00107569,112.4461,99.7382,-149.6237,-136.9157,-0.00269746,-0.00246835,-0.00702217,19.9383,41.7340,0.3037,20.8234,0.7306,3081.5791,68.5556,,19.9383,3.9466,10.3857,27.3081,58.8174,79.8235,105.031,10.3857,-4.1211,7.68589,10.113013,1.919782,29,128,38,10,0E-8,0.00675737,,0.00800000,0.800000,0.928452,0.002516,,2026-05-25,2026-06-16,18,513,239,23,0.782609,,,0.000000,,,,,,,,GLOBAL_BASELINE_NO_ENTITY_RANKING,,,NOT_APPLICABLE_GLOBAL_BASELINE,HF9g-P5,,,,X 全窗基线 · 不参与实体赏罚,3922800,393,A168_HF9F_20260827_0900,2026-08-27 09:00:00
2026-05-30,150554671,2222,0,21.0061968281,21.0061968281,21.1742464027,1.0000000,1,1,0.49324550000000000,0.493245500000,1.01360149184955,1.01360149184955,1.01360149184955,0E-17,ELIGIBLE,R03b_20260811_FULL_v1,L1_ELIGIBILITY,v2026-08-11,2026-03-21..2026-08-06,baccarat_bet02_101_all_pairs_incl_sentinel,round_win = game_pnl > 0 (decisive only),COMPATIBILITY_ONLY_NOT_PRODUCTION,55468.4231,51499.7495,374.8205,2782,1234,-0.00675737,,-0.00675737,-0.01418498,-374.8205,55468.4231,OK,411.9980,22.4892,6.0000,94.0000,AG03-UNRESOLVED,ALL5_LEVELS_bet23_to_bet27,22.4892,22.4892,22.4892,22.4892,22.4892,6.000000,6.000000,6.000000,6.000000,6.000000,94.000000,94.000000,94.000000,94.000000,94.000000,5.0,112.4461,99.7382,-149.6237,-136.9157,PENDING_AG03,FALSE,NOT_FOR_ENFORCEMENT,352.3312,48409.7645,-37.1775,-59.6668,-389.5088,-0.00067025,-0.00107569,22.4892,-59.6668,-0.00107569,22.4892,22.4892,22.4892,22.4892,22.4892,-59.6668,-0.00107569,112.4461,99.7382,-149.6237,-136.9157,-0.00269746,-0.00246835,-0.00702217,19.9383,41.7340,0.3037,20.8234,0.7306,3081.5791,68.5556,,19.9383,3.9466,10.3857,27.3081,58.8174,79.8235,105.031,10.3857,-4.1211,7.68589,10.113013,1.919782,29,128,38,10,0E-8,0.00675737,,0.00800000,0.800000,0.928452,0.002516,,2026-05-25,2026-06-16,18,513,239,23,0.782609,,,0.000000,,,,,,,,GLOBAL_BASELINE_NO_ENTITY_RANKING,,,NOT_APPLICABLE_GLOBAL_BASELINE,HF9g-P5,,,,X 全窗基线 · 不参与实体赏罚,3922801,393,A168_HF9F_20260827_0900,2026-08-27 09:00:00
2026-05-30,150554671,2223,0,21.6363827329,-21.6363827329,-21.4632916710,0E-7,1,1,0.49324550000000000,0.493245500000,-0.9865810262130424,-0.9865810262130424,-0.9865810262130424,0E-17,ELIGIBLE,R03b_20260811_FULL_v1,L1_ELIGIBILITY,v2026-08-11,2026-03-21..2026-08-06,baccarat_bet02_101_all_pairs_incl_sentinel,round_win = game_pnl > 0 (decisive only),COMPATIBILITY_ONLY_NOT_PRODUCTION,55468.4231,51499.7495,374.8205,2782,1234,-0.00675737,,-0.00675737,-0.01418498,-374.8205,55468.4231,OK,411.9980,22.4892,6.0000,94.0000,AG03-UNRESOLVED,ALL5_LEVELS_bet23_to_bet27,22.4892,22.4892,22.4892,22.4892,22.4892,6.000000,6.000000,6.000000,6.000000,6.000000,94.000000,94.000000,94.000000,94.000000,94.000000,5.0,112.4461,99.7382,-149.6237,-136.9157,PENDING_AG03,FALSE,NOT_FOR_ENFORCEMENT,352.3312,48409.7645,-37.1775,-59.6668,-389.5088,-0.00067025,-0.00107569,22.4892,-59.6668,-0.00107569,22.4892,22.4892,22.4892,22.4892,22.4892,-59.6668,-0.00107569,112.4461,99.7382,-149.6237,-136.9157,-0.00269746,-0.00246835,-0.00702217,19.9383,41.7340,0.3037,20.8234,0.7306,3081.5791,68.5556,,19.9383,3.9466,10.3857,27.3081,58.8174,79.8235,105.031,10.3857,-4.1211,7.68589,10.113013,1.919782,29,128,38,10,0E-8,0.00675737,,0.00800000,0.800000,0.928452,0.002516,,2026-05-25,2026-06-16,18,513,239,23,0.782609,,,0.000000,,,,,,,,GLOBAL_BASELINE_NO_ENTITY_RANKING,,,NOT_APPLICABLE_GLOBAL_BASELINE,HF9g-P5,,,,X 全窗基线 · 不参与实体赏罚,3922802,393,A168_HF9F_20260827_0900,2026-08-27 09:00:00
2026-05-30,150554671,2224,0,42.0123936561,-42.0123936561,-41.6762945069,0E-7,3,1,0.40953607000019925,0.214214066667,-0.8328166377868165,-0.5221218497722453,-0.8328166377868165,0.19532200333319925,ELIGIBLE,R03b_20260811_FULL_v1,L1_ELIGIBILITY,v2026-08-11,2026-03-21..2026-08-06,baccarat_bet02_101_all_pairs_incl_sentinel,round_win = game_pnl > 0 (decisive only),COMPATIBILITY_ONLY_NOT_PRODUCTION,55468.4231,51499.7495,374.8205,2782,1234,-0.00675737,,-0.00675737,-0.01418498,-374.8205,55468.4231,OK,411.9980,22.4892,6.0000,94.0000,AG03-UNRESOLVED,ALL5_LEVELS_bet23_to_bet27,22.4892,22.4892,22.4892,22.4892,22.4892,6.000000,6.000000,6.000000,6.000000,6.000000,94.000000,94.000000,94.000000,94.000000,94.000000,5.0,112.4461,99.7382,-149.6237,-136.9157,PENDING_AG03,FALSE,NOT_FOR_ENFORCEMENT,352.3312,48409.7645,-37.1775,-59.6668,-389.5088,-0.00067025,-0.00107569,22.4892,-59.6668,-0.00107569,22.4892,22.4892,22.4892,22.4892,22.4892,-59.6668,-0.00107569,112.4461,99.7382,-149.6237,-136.9157,-0.00269746,-0.00246835,-0.00702217,19.9383,41.7340,0.3037,20.8234,0.7306,3081.5791,68.5556,,19.9383,3.9466,10.3857,27.3081,58.8174,79.8235,105.031,10.3857,-4.1211,7.68589,10.113013,1.919782,29,128,38,10,0E-8,0.00675737,,0.00800000,0.800000,0.928452,0.002516,,2026-05-25,2026-06-16,18,513,239,23,0.782609,,,0.000000,,,,,,,,GLOBAL_BASELINE_NO_ENTITY_RANKING,,,NOT_APPLICABLE_GLOBAL_BASELINE,HF9g-P5,,,,X 全窗基线 · 不参与实体赏罚,3922803,393,A168_HF9F_20260827_0900,2026-08-27 09:00:00
2026-05-30,150554671,2229,0,96.6285054091,-55.6664215943,-55.0278332108,0.5000000,6,2,0.44205122541684446,0.282683300000,0.16501589944986464,0.6824998373043596,0.16501589944986464,0.15936792541684446,ELIGIBLE,R03b_20260811_FULL_v1,L1_ELIGIBILITY,v2026-08-11,2026-03-21..2026-08-06,baccarat_bet02_101_all_pairs_incl_sentinel,round_win = game_pnl > 0 (decisive only),COMPATIBILITY_ONLY_NOT_PRODUCTION,55468.4231,51499.7495,374.8205,2782,1234,-0.00675737,,-0.00675737,-0.01418498,-374.8205,55468.4231,OK,411.9980,22.4892,6.0000,94.0000,AG03-UNRESOLVED,ALL5_LEVELS_bet23_to_bet27,22.4892,22.4892,22.4892,22.4892,22.4892,6.000000,6.000000,6.000000,6.000000,6.000000,94.000000,94.000000,94.000000,94.000000,94.000000,5.0,112.4461,99.7382,-149.6237,-136.9157,PENDING_AG03,FALSE,NOT_FOR_ENFORCEMENT,352.3312,48409.7645,-37.1775,-59.6668,-389.5088,-0.00067025,-0.00107569,22.4892,-59.6668,-0.00107569,22.4892,22.4892,22.4892,22.4892,22.4892,-59.6668,-0.00107569,112.4461,99.7382,-149.6237,-136.9157,-0.00269746,-0.00246835,-0.00702217,19.9383,41.7340,0.3037,20.8234,0.7306,3081.5791,68.5556,,19.9383,3.9466,10.3857,27.3081,58.8174,79.8235,105.031,10.3857,-4.1211,7.68589,10.113013,1.919782,29,128,38,10,0E-8,0.00675737,,0.00800000,0.800000,0.928452,0.002516,,2026-05-25,2026-06-16,18,513,239,23,0.782609,,,0.000000,,,,,,,,GLOBAL_BASELINE_NO_ENTITY_RANKING,,,NOT_APPLICABLE_GLOBAL_BASELINE,HF9g-P5,,,,X 全窗基线 · 不参与实体赏罚,3922804,393,A168_HF9F_20260827_0900,2026-08-27 09:00:00
2026-05-30,150554671,2235,0,6.7219829850,6.3858838357,6.4396596996,1.0000000,1,1,0.50665070000000000,0.506650700000,0.9867858985152569,0.9867858985152569,0.9867858985152569,0E-17,ELIGIBLE,R03b_20260811_FULL_v1,L1_ELIGIBILITY,v2026-08-11,2026-03-21..2026-08-06,baccarat_bet02_101_all_pairs_incl_sentinel,round_win = game_pnl > 0 (decisive only),COMPATIBILITY_ONLY_NOT_PRODUCTION,55468.4231,51499.7495,374.8205,2782,1234,-0.00675737,,-0.00675737,-0.01418498,-374.8205,55468.4231,OK,411.9980,22.4892,6.0000,94.0000,AG03-UNRESOLVED,ALL5_LEVELS_bet23_to_bet27,22.4892,22.4892,22.4892,22.4892,22.4892,6.000000,6.000000,6.000000,6.000000,6.000000,94.000000,94.000000,94.000000,94.000000,94.000000,5.0,112.4461,99.7382,-149.6237,-136.9157,PENDING_AG03,FALSE,NOT_FOR_ENFORCEMENT,352.3312,48409.7645,-37.1775,-59.6668,-389.5088,-0.00067025,-0.00107569,22.4892,-59.6668,-0.00107569,22.4892,22.4892,22.4892,22.4892,22.4892,-59.6668,-0.00107569,112.4461,99.7382,-149.6237,-136.9157,-0.00269746,-0.00246835,-0.00702217,19.9383,41.7340,0.3037,20.8234,0.7306,3081.5791,68.5556,,19.9383,3.9466,10.3857,27.3081,58.8174,79.8235,105.031,10.3857,-4.1211,7.68589,10.113013,1.919782,29,128,38,10,0E-8,0.00675737,,0.00800000,0.800000,0.928452,0.002516,,2026-05-25,2026-06-16,18,513,239,23,0.782609,,,0.000000,,,,,,,,GLOBAL_BASELINE_NO_ENTITY_RANKING,,,NOT_APPLICABLE_GLOBAL_BASELINE,HF9g-P5,,,,X 全窗基线 · 不参与实体赏罚,3922805,393,A168_HF9F_20260827_0900,2026-08-27 09:00:00
2026-05-30,150554671,2250,0,266.3585757796,-199.5903791616,-197.4595105556,0.2222222,13,9,0.36970091648155481,0.313043600000,-0.9165410842388912,-0.5875466291943936,-0.9165410842388912,0.05665731648155481,ELIGIBLE,R03b_20260811_FULL_v1,L1_ELIGIBILITY,v2026-08-11,2026-03-21..2026-08-06,baccarat_bet02_101_all_pairs_incl_sentinel,round_win = game_pnl > 0 (decisive only),COMPATIBILITY_ONLY_NOT_PRODUCTION,55468.4231,51499.7495,374.8205,2782,1234,-0.00675737,,-0.00675737,-0.01418498,-374.8205,55468.4231,OK,411.9980,22.4892,6.0000,94.0000,AG03-UNRESOLVED,ALL5_LEVELS_bet23_to_bet27,22.4892,22.4892,22.4892,22.4892,22.4892,6.000000,6.000000,6.000000,6.000000,6.000000,94.000000,94.000000,94.000000,94.000000,94.000000,5.0,112.4461,99.7382,-149.6237,-136.9157,PENDING_AG03,FALSE,NOT_FOR_ENFORCEMENT,352.3312,48409.7645,-37.1775,-59.6668,-389.5088,-0.00067025,-0.00107569,22.4892,-59.6668,-0.00107569,22.4892,22.4892,22.4892,22.4892,22.4892,-59.6668,-0.00107569,112.4461,99.7382,-149.6237,-136.9157,-0.00269746,-0.00246835,-0.00702217,19.9383,41.7340,0.3037,20.8234,0.7306,3081.5791,68.5556,,19.9383,3.9466,10.3857,27.3081,58.8174,79.8235,105.031,10.3857,-4.1211,7.68589,10.113013,1.919782,29,128,38,10,0E-8,0.00675737,,0.00800000,0.800000,0.928452,0.002516,,2026-05-25,2026-06-16,18,513,239,23,0.782609,,,0.000000,,,,,,,,GLOBAL_BASELINE_NO_ENTITY_RANKING,,,NOT_APPLICABLE_GLOBAL_BASELINE,HF9g-P5,,,,X 全窗基线 · 不参与实体赏罚,3922806,393,A168_HF9F_20260827_0900,2026-08-27 09:00:00
2026-05-30,150554671,2254,0,18.9055771452,-18.9055771452,-18.7543325280,0E-7,3,1,0.40023502222222222,0.214214066667,-0.8168964206022068,-0.5221218497722453,-0.8168964206022068,0.18602095555522222,ELIGIBLE,R03b_20260811_FULL_v1,L1_ELIGIBILITY,v2026-08-11,2026-03-21..2026-08-06,baccarat_bet02_101_all_pairs_incl_sentinel,round_win = game_pnl > 0 (decisive only),COMPATIBILITY_ONLY_NOT_PRODUCTION,55468.4231,51499.7495,374.8205,2782,1234,-0.00675737,,-0.00675737,-0.01418498,-374.8205,55468.4231,OK,411.9980,22.4892,6.0000,94.0000,AG03-UNRESOLVED,ALL5_LEVELS_bet23_to_bet27,22.4892,22.4892,22.4892,22.4892,22.4892,6.000000,6.000000,6.000000,6.000000,6.000000,94.000000,94.000000,94.000000,94.000000,94.000000,5.0,112.4461,99.7382,-149.6237,-136.9157,PENDING_AG03,FALSE,NOT_FOR_ENFORCEMENT,352.3312,48409.7645,-37.1775,-59.6668,-389.5088,-0.00067025,-0.00107569,22.4892,-59.6668,-0.00107569,22.4892,22.4892,22.4892,22.4892,22.4892,-59.6668,-0.00107569,112.4461,99.7382,-149.6237,-136.9157,-0.00269746,-0.00246835,-0.00702217,19.9383,41.7340,0.3037,20.8234,0.7306,3081.5791,68.5556,,19.9383,3.9466,10.3857,27.3081,58.8174,79.8235,105.031,10.3857,-4.1211,7.68589,10.113013,1.919782,29,128,38,10,0E-8,0.00675737,,0.00800000,0.800000,0.928452,0.002516,,2026-05-25,2026-06-16,18,513,239,23,0.782609,,,0.000000,,,,,,,,GLOBAL_BASELINE_NO_ENTITY_RANKING,,,NOT_APPLICABLE_GLOBAL_BASELINE,HF9g-P5,,,,X 全窗基线 · 不参与实体赏罚,3922807,393,A168_HF9F_20260827_0900,2026-08-27 09:00:00
2026-05-30,150554671,2256,0,170.1501943073,-43.2727654657,-41.9115639112,0.4000000,15,5,0.42816363147642172,0.218388163333,-0.12727200357711255,0.9829219666530434,-0.12727200357711255,0.20977546814342172,ELIGIBLE,R03b_20260811_FULL_v1,L1_ELIGIBILITY,v2026-08-11,2026-03-21..2026-08-06,baccarat_bet02_101_all_pairs_incl_sentinel,round_win = game_pnl > 0 (decisive only),COMPATIBILITY_ONLY_NOT_PRODUCTION,55468.4231,51499.7495,374.8205,2782,1234,-0.00675737,,-0.00675737,-0.01418498,-374.8205,55468.4231,OK,411.9980,22.4892,6.0000,94.0000,AG03-UNRESOLVED,ALL5_LEVELS_bet23_to_bet27,22.4892,22.4892,22.4892,22.4892,22.4892,6.000000,6.000000,6.000000,6.000000,6.000000,94.000000,94.000000,94.000000,94.000000,94.000000,5.0,112.4461,99.7382,-149.6237,-136.9157,PENDING_AG03,FALSE,NOT_FOR_ENFORCEMENT,352.3312,48409.7645,-37.1775,-59.6668,-389.5088,-0.00067025,-0.00107569,22.4892,-59.6668,-0.00107569,22.4892,22.4892,22.4892,22.4892,22.4892,-59.6668,-0.00107569,112.4461,99.7382,-149.6237,-136.9157,-0.00269746,-0.00246835,-0.00702217,19.9383,41.7340,0.3037,20.8234,0.7306,3081.5791,68.5556,,19.9383,3.9466,10.3857,27.3081,58.8174,79.8235,105.031,10.3857,-4.1211,7.68589,10.113013,1.919782,29,128,38,10,0E-8,0.00675737,,0.00800000,0.800000,0.928452,0.002516,,2026-05-25,2026-06-16,18,513,239,23,0.782609,,,0.000000,,,,,,,,GLOBAL_BASELINE_NO_ENTITY_RANKING,,,NOT_APPLICABLE_GLOBAL_BASELINE,HF9g-P5,,,,X 全窗基线 · 不参与实体赏罚,3922808,393,A168_HF9F_20260827_0900,2026-08-27 09:00:00
2026-05-30,150554671,2266,0,65.1192101668,3.4660224767,3.9029513709,0.5000000,10,4,0.41599298437500000,0.250002062500,0.34087371741015254,1.1546878367257234,0.34087371741015254,0.16599092187500000,ELIGIBLE,R03b_20260811_FULL_v1,L1_ELIGIBILITY,v2026-08-11,2026-03-21..2026-08-06,baccarat_bet02_101_all_pairs_incl_sentinel,round_win = game_pnl > 0 (decisive only),COMPATIBILITY_ONLY_NOT_PRODUCTION,55468.4231,51499.7495,374.8205,2782,1234,-0.00675737,,-0.00675737,-0.01418498,-374.8205,55468.4231,OK,411.9980,22.4892,6.0000,94.0000,AG03-UNRESOLVED,ALL5_LEVELS_bet23_to_bet27,22.4892,22.4892,22.4892,22.4892,22.4892,6.000000,6.000000,6.000000,6.000000,6.000000,94.000000,94.000000,94.000000,94.000000,94.000000,5.0,112.4461,99.7382,-149.6237,-136.9157,PENDING_AG03,FALSE,NOT_FOR_ENFORCEMENT,352.3312,48409.7645,-37.1775,-59.6668,-389.5088,-0.00067025,-0.00107569,22.4892,-59.6668,-0.00107569,22.4892,22.4892,22.4892,22.4892,22.4892,-59.6668,-0.00107569,112.4461,99.7382,-149.6237,-136.9157,-0.00269746,-0.00246835,-0.00702217,19.9383,41.7340,0.3037,20.8234,0.7306,3081.5791,68.5556,,19.9383,3.9466,10.3857,27.3081,58.8174,79.8235,105.031,10.3857,-4.1211,7.68589,10.113013,1.919782,29,128,38,10,0E-8,0.00675737,,0.00800000,0.800000,0.928452,0.002516,,2026-05-25,2026-06-16,18,513,239,23,0.782609,,,0.000000,,,,,,,,GLOBAL_BASELINE_NO_ENTITY_RANKING,,,NOT_APPLICABLE_GLOBAL_BASELINE,HF9g-P5,,,,X 全窗基线 · 不参与实体赏罚,3922809,393,A168_HF9F_20260827_0900,2026-08-27 09:00:00
2026-05-30,150554671,2278,0,50.4148723873,27.4130868607,27.8164058397,1.0000000,2,1,0.41225709583352057,0.280106050000,1.194014573327791,1.6031457840727341,1.194014573327791,0.13215104583352057,ELIGIBLE,R03b_20260811_FULL_v1,L1_ELIGIBILITY,v2026-08-11,2026-03-21..2026-08-06,baccarat_bet02_101_all_pairs_incl_sentinel,round_win = game_pnl > 0 (decisive only),COMPATIBILITY_ONLY_NOT_PRODUCTION,55468.4231,51499.7495,374.8205,2782,1234,-0.00675737,,-0.00675737,-0.01418498,-374.8205,55468.4231,OK,411.9980,22.4892,6.0000,94.0000,AG03-UNRESOLVED,ALL5_LEVELS_bet23_to_bet27,22.4892,22.4892,22.4892,22.4892,22.4892,6.000000,6.000000,6.000000,6.000000,6.000000,94.000000,94.000000,94.000000,94.000000,94.000000,5.0,112.4461,99.7382,-149.6237,-136.9157,PENDING_AG03,FALSE,NOT_FOR_ENFORCEMENT,352.3312,48409.7645,-37.1775,-59.6668,-389.5088,-0.00067025,-0.00107569,22.4892,-59.6668,-0.00107569,22.4892,22.4892,22.4892,22.4892,22.4892,-59.6668,-0.00107569,112.4461,99.7382,-149.6237,-136.9157,-0.00269746,-0.00246835,-0.00702217,19.9383,41.7340,0.3037,20.8234,0.7306,3081.5791,68.5556,,19.9383,3.9466,10.3857,27.3081,58.8174,79.8235,105.031,10.3857,-4.1211,7.68589,10.113013,1.919782,29,128,38,10,0E-8,0.00675737,,0.00800000,0.800000,0.928452,0.002516,,2026-05-25,2026-06-16,18,513,239,23,0.782609,,,0.000000,,,,,,,,GLOBAL_BASELINE_NO_ENTITY_RANKING,,,NOT_APPLICABLE_GLOBAL_BASELINE,HF9g-P5,,,,X 全窗基线 · 不参与实体赏罚,3922810,393,A168_HF9F_20260827_0900,2026-08-27 09:00:00
2026-05-30,150554671,471,0,22.6866925743,9.2637328012,9.4452263418,1.0000000,2,1,0.38079256111144397,0.280106050000,1.27518693562676,1.6031457840727341,1.27518693562676,0.10068651111144397,ELIGIBLE,R03b_20260811_FULL_v1,L1_ELIGIBILITY,v2026-08-11,2026-03-21..2026-08-06,baccarat_bet02_101_all_pairs_incl_sentinel,round_win = game_pnl > 0 (decisive only),COMPATIBILITY_ONLY_NOT_PRODUCTION,55468.4231,51499.7495,374.8205,2782,1234,-0.00675737,,-0.00675737,-0.01418498,-374.8205,55468.4231,OK,411.9980,22.4892,6.0000,94.0000,AG03-UNRESOLVED,ALL5_LEVELS_bet23_to_bet27,22.4892,22.4892,22.4892,22.4892,22.4892,6.000000,6.000000,6.000000,6.000000,6.000000,94.000000,94.000000,94.000000,94.000000,94.000000,5.0,112.4461,99.7382,-149.6237,-136.9157,PENDING_AG03,FALSE,NOT_FOR_ENFORCEMENT,352.3312,48409.7645,-37.1775,-59.6668,-389.5088,-0.00067025,-0.00107569,22.4892,-59.6668,-0.00107569,22.4892,22.4892,22.4892,22.4892,22.4892,-59.6668,-0.00107569,112.4461,99.7382,-149.6237,-136.9157,-0.00269746,-0.00246835,-0.00702217,19.9383,41.7340,0.3037,20.8234,0.7306,3081.5791,68.5556,,19.9383,3.9466,10.3857,27.3081,58.8174,79.8235,105.031,10.3857,-4.1211,7.68589,10.113013,1.919782,29,128,38,10,0E-8,0.00675737,,0.00800000,0.800000,0.928452,0.002516,,2026-05-25,2026-06-16,18,513,239,23,0.782609,,,0.000000,,,,,,,,GLOBAL_BASELINE_NO_ENTITY_RANKING,,,NOT_APPLICABLE_GLOBAL_BASELINE,HF9g-P5,,,,X 全窗基线 · 不参与实体赏罚,3922811,393,A168_HF9F_20260827_0900,2026-08-27 09:00:00
2026-05-30,150554671,526,0,16.8049574624,11.8685012079,12.0029408676,1.0000000,2,1,0.45001453750000000,0.280106050000,1.105509129052271,1.6031457840727341,1.105509129052271,0.16990848750000000,ELIGIBLE,R03b_20260811_FULL_v1,L1_ELIGIBILITY,v2026-08-11,2026-03-21..2026-08-06,baccarat_bet02_101_all_pairs_incl_sentinel,round_win = game_pnl > 0 (decisive only),COMPATIBILITY_ONLY_NOT_PRODUCTION,55468.4231,51499.7495,374.8205,2782,1234,-0.00675737,,-0.00675737,-0.01418498,-374.8205,55468.4231,OK,411.9980,22.4892,6.0000,94.0000,AG03-UNRESOLVED,ALL5_LEVELS_bet23_to_bet27,22.4892,22.4892,22.4892,22.4892,22.4892,6.000000,6.000000,6.000000,6.000000,6.000000,94.000000,94.000000,94.000000,94.000000,94.000000,5.0,112.4461,99.7382,-149.6237,-136.9157,PENDING_AG03,FALSE,NOT_FOR_ENFORCEMENT,352.3312,48409.7645,-37.1775,-59.6668,-389.5088,-0.00067025,-0.00107569,22.4892,-59.6668,-0.00107569,22.4892,22.4892,22.4892,22.4892,22.4892,-59.6668,-0.00107569,112.4461,99.7382,-149.6237,-136.9157,-0.00269746,-0.00246835,-0.00702217,19.9383,41.7340,0.3037,20.8234,0.7306,3081.5791,68.5556,,19.9383,3.9466,10.3857,27.3081,58.8174,79.8235,105.031,10.3857,-4.1211,7.68589,10.113013,1.919782,29,128,38,10,0E-8,0.00675737,,0.00800000,0.800000,0.928452,0.002516,,2026-05-25,2026-06-16,18,513,239,23,0.782609,,,0.000000,,,,,,,,GLOBAL_BASELINE_NO_ENTITY_RANKING,,,NOT_APPLICABLE_GLOBAL_BASELINE,HF9g-P5,,,,X 全窗基线 · 不参与实体赏罚,3922812,393,A168_HF9F_20260827_0900,2026-08-27 09:00:00
2026-05-30,150554671,772,0,67.2198298498,4.2012393657,4.5205335575,0.5000000,9,2,0.38281868373053400,0.169122260000,0.3409340847805333,1.2482845629762784,0.3409340847805333,0.21369642373053400,ELIGIBLE,R03b_20260811_FULL_v1,L1_ELIGIBILITY,v2026-08-11,2026-03-21..2026-08-06,baccarat_bet02_101_all_pairs_incl_sentinel,round_win = game_pnl > 0 (decisive only),COMPATIBILITY_ONLY_NOT_PRODUCTION,55468.4231,51499.7495,374.8205,2782,1234,-0.00675737,,-0.00675737,-0.01418498,-374.8205,55468.4231,OK,411.9980,22.4892,6.0000,94.0000,AG03-UNRESOLVED,ALL5_LEVELS_bet23_to_bet27,22.4892,22.4892,22.4892,22.4892,22.4892,6.000000,6.000000,6.000000,6.000000,6.000000,94.000000,94.000000,94.000000,94.000000,94.000000,5.0,112.4461,99.7382,-149.6237,-136.9157,PENDING_AG03,FALSE,NOT_FOR_ENFORCEMENT,352.3312,48409.7645,-37.1775,-59.6668,-389.5088,-0.00067025,-0.00107569,22.4892,-59.6668,-0.00107569,22.4892,22.4892,22.4892,22.4892,22.4892,-59.6668,-0.00107569,112.4461,99.7382,-149.6237,-136.9157,-0.00269746,-0.00246835,-0.00702217,19.9383,41.7340,0.3037,20.8234,0.7306,3081.5791,68.5556,,19.9383,3.9466,10.3857,27.3081,58.8174,79.8235,105.031,10.3857,-4.1211,7.68589,10.113013,1.919782,29,128,38,10,0E-8,0.00675737,,0.00800000,0.800000,0.928452,0.002516,,2026-05-25,2026-06-16,18,513,239,23,0.782609,,,0.000000,,,,,,,,GLOBAL_BASELINE_NO_ENTITY_RANKING,,,NOT_APPLICABLE_GLOBAL_BASELINE,HF9g-P5,,,,X 全窗基线 · 不参与实体赏罚,3922813,393,A168_HF9F_20260827_0900,2026-08-27 09:00:00
2026-05-31,150554671,-1,1,1384.9449229176,32.4144350843,43.0264603973,0.5111111,98,45,0.41240309831619948,0.275058117407,1.345110482943058,3.5461078571758495,1.345110482943058,0.13734498090919948,SENTINEL_DEALER,R03b_20260811_FULL_v1,L1_ELIGIBILITY,v2026-08-11,2026-03-21..2026-08-06,baccarat_bet02_101_all_pairs_incl_sentinel,round_win = game_pnl > 0 (decisive only),COMPATIBILITY_ONLY_NOT_PRODUCTION,55468.4231,51499.7495,374.8205,2782,1234,-0.00675737,,-0.00675737,-0.01418498,-374.8205,55468.4231,OK,411.9980,22.4892,6.0000,94.0000,AG03-UNRESOLVED,ALL5_LEVELS_bet23_to_bet27,22.4892,22.4892,22.4892,22.4892,22.4892,6.000000,6.000000,6.000000,6.000000,6.000000,94.000000,94.000000,94.000000,94.000000,94.000000,5.0,112.4461,99.7382,-149.6237,-136.9157,PENDING_AG03,FALSE,NOT_FOR_ENFORCEMENT,352.3312,48409.7645,-37.1775,-59.6668,-389.5088,-0.00067025,-0.00107569,22.4892,-59.6668,-0.00107569,22.4892,22.4892,22.4892,22.4892,22.4892,-59.6668,-0.00107569,112.4461,99.7382,-149.6237,-136.9157,-0.00269746,-0.00246835,-0.00702217,19.9383,41.7340,0.3037,20.8234,0.7306,3081.5791,68.5556,,19.9383,3.9466,10.3857,27.3081,58.8174,79.8235,105.031,10.3857,-4.1211,7.68589,10.113013,1.919782,29,128,38,10,0E-8,0.00675737,,0.00800000,0.800000,0.928452,0.002516,,2026-05-25,2026-06-16,18,513,239,23,0.782609,,,0.000000,,,,,,,,GLOBAL_BASELINE_NO_ENTITY_RANKING,,,NOT_APPLICABLE_GLOBAL_BASELINE,HF9g-P5,,,,X 全窗基线 · 不参与实体赏罚,3922814,393,A168_HF9F_20260827_0900,2026-08-27 09:00:00
2026-05-31,150554671,1318,0,46.2136330217,35.7105346077,36.0802436719,1.0000000,2,1,0.46546076363645277,0.280106050000,1.0716383711872184,1.6031457840727341,1.0716383711872184,0.18535471363645277,ELIGIBLE,R03b_20260811_FULL_v1,L1_ELIGIBILITY,v2026-08-11,2026-03-21..2026-08-06,baccarat_bet02_101_all_pairs_incl_sentinel,round_win = game_pnl > 0 (decisive only),COMPATIBILITY_ONLY_NOT_PRODUCTION,55468.4231,51499.7495,374.8205,2782,1234,-0.00675737,,-0.00675737,-0.01418498,-374.8205,55468.4231,OK,411.9980,22.4892,6.0000,94.0000,AG03-UNRESOLVED,ALL5_LEVELS_bet23_to_bet27,22.4892,22.4892,22.4892,22.4892,22.4892,6.000000,6.000000,6.000000,6.000000,6.000000,94.000000,94.000000,94.000000,94.000000,94.000000,5.0,112.4461,99.7382,-149.6237,-136.9157,PENDING_AG03,FALSE,NOT_FOR_ENFORCEMENT,352.3312,48409.7645,-37.1775,-59.6668,-389.5088,-0.00067025,-0.00107569,22.4892,-59.6668,-0.00107569,22.4892,22.4892,22.4892,22.4892,22.4892,-59.6668,-0.00107569,112.4461,99.7382,-149.6237,-136.9157,-0.00269746,-0.00246835,-0.00702217,19.9383,41.7340,0.3037,20.8234,0.7306,3081.5791,68.5556,,19.9383,3.9466,10.3857,27.3081,58.8174,79.8235,105.031,10.3857,-4.1211,7.68589,10.113013,1.919782,29,128,38,10,0E-8,0.00675737,,0.00800000,0.800000,0.928452,0.002516,,2026-05-25,2026-06-16,18,513,239,23,0.782609,,,0.000000,,,,,,,,GLOBAL_BASELINE_NO_ENTITY_RANKING,,,NOT_APPLICABLE_GLOBAL_BASELINE,HF9g-P5,,,,X 全窗基线 · 不参与实体赏罚,3922815,393,A168_HF9F_20260827_0900,2026-08-27 09:00:00
2026-05-31,150554671,1396,0,110.0886940989,-27.0028872319,-26.1221776790,0.5000000,3,2,0.48077101515138776,0.390331000000,0.05442804718163385,0.31793277647471735,0.05442804718163385,0.09044001515138776,ELIGIBLE,R03b_20260811_FULL_v1,L1_ELIGIBILITY,v2026-08-11,2026-03-21..2026-08-06,baccarat_bet02_101_all_pairs_incl_sentinel,round_win = game_pnl > 0 (decisive only),COMPATIBILITY_ONLY_NOT_PRODUCTION,55468.4231,51499.7495,374.8205,2782,1234,-0.00675737,,-0.00675737,-0.01418498,-374.8205,55468.4231,OK,411.9980,22.4892,6.0000,94.0000,AG03-UNRESOLVED,ALL5_LEVELS_bet23_to_bet27,22.4892,22.4892,22.4892,22.4892,22.4892,6.000000,6.000000,6.000000,6.000000,6.000000,94.000000,94.000000,94.000000,94.000000,94.000000,5.0,112.4461,99.7382,-149.6237,-136.9157,PENDING_AG03,FALSE,NOT_FOR_ENFORCEMENT,352.3312,48409.7645,-37.1775,-59.6668,-389.5088,-0.00067025,-0.00107569,22.4892,-59.6668,-0.00107569,22.4892,22.4892,22.4892,22.4892,22.4892,-59.6668,-0.00107569,112.4461,99.7382,-149.6237,-136.9157,-0.00269746,-0.00246835,-0.00702217,19.9383,41.7340,0.3037,20.8234,0.7306,3081.5791,68.5556,,19.9383,3.9466,10.3857,27.3081,58.8174,79.8235,105.031,10.3857,-4.1211,7.68589,10.113013,1.919782,29,128,38,10,0E-8,0.00675737,,0.00800000,0.800000,0.928452,0.002516,,2026-05-25,2026-06-16,18,513,239,23,0.782609,,,0.000000,,,,,,,,GLOBAL_BASELINE_NO_ENTITY_RANKING,,,NOT_APPLICABLE_GLOBAL_BASELINE,HF9g-P5,,,,X 全窗基线 · 不参与实体赏罚,3922816,393,A168_HF9F_20260827_0900,2026-08-27 09:00:00
2026-05-31,150554671,1401,0,29.0800324035,-4.1542903434,-4.1210560206,0E-7,2,1,0.44192365714218940,0.280106050000,-0.8898705189112335,-0.6237735893609975,-0.8898705189112335,0.16181760714218940,ELIGIBLE,R03b_20260811_FULL_v1,L1_ELIGIBILITY,v2026-08-11,2026-03-21..2026-08-06,baccarat_bet02_101_all_pairs_incl_sentinel,round_win = game_pnl > 0 (decisive only),COMPATIBILITY_ONLY_NOT_PRODUCTION,55468.4231,51499.7495,374.8205,2782,1234,-0.00675737,,-0.00675737,-0.01418498,-374.8205,55468.4231,OK,411.9980,22.4892,6.0000,94.0000,AG03-UNRESOLVED,ALL5_LEVELS_bet23_to_bet27,22.4892,22.4892,22.4892,22.4892,22.4892,6.000000,6.000000,6.000000,6.000000,6.000000,94.000000,94.000000,94.000000,94.000000,94.000000,5.0,112.4461,99.7382,-149.6237,-136.9157,PENDING_AG03,FALSE,NOT_FOR_ENFORCEMENT,352.3312,48409.7645,-37.1775,-59.6668,-389.5088,-0.00067025,-0.00107569,22.4892,-59.6668,-0.00107569,22.4892,22.4892,22.4892,22.4892,22.4892,-59.6668,-0.00107569,112.4461,99.7382,-149.6237,-136.9157,-0.00269746,-0.00246835,-0.00702217,19.9383,41.7340,0.3037,20.8234,0.7306,3081.5791,68.5556,,19.9383,3.9466,10.3857,27.3081,58.8174,79.8235,105.031,10.3857,-4.1211,7.68589,10.113013,1.919782,29,128,38,10,0E-8,0.00675737,,0.00800000,0.800000,0.928452,0.002516,,2026-05-25,2026-06-16,18,513,239,23,0.782609,,,0.000000,,,,,,,,GLOBAL_BASELINE_NO_ENTITY_RANKING,,,NOT_APPLICABLE_GLOBAL_BASELINE,HF9g-P5,,,,X 全窗基线 · 不参与实体赏罚,3922817,393,A168_HF9F_20260827_0900,2026-08-27 09:00:00
2026-05-31,150554671,1623,0,46.2136330217,27.5181178448,27.8878269089,1.0000000,2,1,0.42427082727290553,0.280106050000,1.1648970156165313,1.6031457840727341,1.1648970156165313,0.14416477727290553,ELIGIBLE,R03b_20260811_FULL_v1,L1_ELIGIBILITY,v2026-08-11,2026-03-21..2026-08-06,baccarat_bet02_101_all_pairs_incl_sentinel,round_win = game_pnl > 0 (decisive only),COMPATIBILITY_ONLY_NOT_PRODUCTION,55468.4231,51499.7495,374.8205,2782,1234,-0.00675737,,-0.00675737,-0.01418498,-374.8205,55468.4231,OK,411.9980,22.4892,6.0000,94.0000,AG03-UNRESOLVED,ALL5_LEVELS_bet23_to_bet27,22.4892,22.4892,22.4892,22.4892,22.4892,6.000000,6.000000,6.000000,6.000000,6.000000,94.000000,94.000000,94.000000,94.000000,94.000000,5.0,112.4461,99.7382,-149.6237,-136.9157,PENDING_AG03,FALSE,NOT_FOR_ENFORCEMENT,352.3312,48409.7645,-37.1775,-59.6668,-389.5088,-0.00067025,-0.00107569,22.4892,-59.6668,-0.00107569,22.4892,22.4892,22.4892,22.4892,22.4892,-59.6668,-0.00107569,112.4461,99.7382,-149.6237,-136.9157,-0.00269746,-0.00246835,-0.00702217,19.9383,41.7340,0.3037,20.8234,0.7306,3081.5791,68.5556,,19.9383,3.9466,10.3857,27.3081,58.8174,79.8235,105.031,10.3857,-4.1211,7.68589,10.113013,1.919782,29,128,38,10,0E-8,0.00675737,,0.00800000,0.800000,0.928452,0.002516,,2026-05-25,2026-06-16,18,513,239,23,0.782609,,,0.000000,,,,,,,,GLOBAL_BASELINE_NO_ENTITY_RANKING,,,NOT_APPLICABLE_GLOBAL_BASELINE,HF9g-P5,,,,X 全窗基线 · 不参与实体赏罚,3922818,393,A168_HF9F_20260827_0900,2026-08-27 09:00:00
2026-05-31,150554671,1646,0,78.9315165237,-78.9315165237,-78.3000643915,0E-7,3,1,0.39281685789453494,0.218271633333,-0.8043317385395835,-0.5284096173047961,-0.8043317385395835,0.17454522456153494,ELIGIBLE,R03b_20260811_FULL_v1,L1_ELIGIBILITY,v2026-08-11,2026-03-21..2026-08-06,baccarat_bet02_101_all_pairs_incl_sentinel,round_win = game_pnl > 0 (decisive only),COMPATIBILITY_ONLY_NOT_PRODUCTION,55468.4231,51499.7495,374.8205,2782,1234,-0.00675737,,-0.00675737,-0.01418498,-374.8205,55468.4231,OK,411.9980,22.4892,6.0000,94.0000,AG03-UNRESOLVED,ALL5_LEVELS_bet23_to_bet27,22.4892,22.4892,22.4892,22.4892,22.4892,6.000000,6.000000,6.000000,6.000000,6.000000,94.000000,94.000000,94.000000,94.000000,94.000000,5.0,112.4461,99.7382,-149.6237,-136.9157,PENDING_AG03,FALSE,NOT_FOR_ENFORCEMENT,352.3312,48409.7645,-37.1775,-59.6668,-389.5088,-0.00067025,-0.00107569,22.4892,-59.6668,-0.00107569,22.4892,22.4892,22.4892,22.4892,22.4892,-59.6668,-0.00107569,112.4461,99.7382,-149.6237,-136.9157,-0.00269746,-0.00246835,-0.00702217,19.9383,41.7340,0.3037,20.8234,0.7306,3081.5791,68.5556,,19.9383,3.9466,10.3857,27.3081,58.8174,79.8235,105.031,10.3857,-4.1211,7.68589,10.113013,1.919782,29,128,38,10,0E-8,0.00675737,,0.00800000,0.800000,0.928452,0.002516,,2026-05-25,2026-06-16,18,513,239,23,0.782609,,,0.000000,,,,,,,,GLOBAL_BASELINE_NO_ENTITY_RANKING,,,NOT_APPLICABLE_GLOBAL_BASELINE,HF9g-P5,,,,X 全窗基线 · 不参与实体赏罚,3922819,393,A168_HF9F_20260827_0900,2026-08-27 09:00:00
2026-05-31,150554671,1963,0,145.4001620174,36.8693267972,38.0325280935,0.2500000,6,4,0.17105107999997819,0.125742150000,0.41932368497217826,0.7495379374638647,0.41932368497217826,0.04530892999997819,ELIGIBLE,R03b_20260811_FULL_v1,L1_ELIGIBILITY,v2026-08-11,2026-03-21..2026-08-06,baccarat_bet02_101_all_pairs_incl_sentinel,round_win = game_pnl > 0 (decisive only),COMPATIBILITY_ONLY_NOT_PRODUCTION,55468.4231,51499.7495,374.8205,2782,1234,-0.00675737,,-0.00675737,-0.01418498,-374.8205,55468.4231,OK,411.9980,22.4892,6.0000,94.0000,AG03-UNRESOLVED,ALL5_LEVELS_bet23_to_bet27,22.4892,22.4892,22.4892,22.4892,22.4892,6.000000,6.000000,6.000000,6.000000,6.000000,94.000000,94.000000,94.000000,94.000000,94.000000,5.0,112.4461,99.7382,-149.6237,-136.9157,PENDING_AG03,FALSE,NOT_FOR_ENFORCEMENT,352.3312,48409.7645,-37.1775,-59.6668,-389.5088,-0.00067025,-0.00107569,22.4892,-59.6668,-0.00107569,22.4892,22.4892,22.4892,22.4892,22.4892,-59.6668,-0.00107569,112.4461,99.7382,-149.6237,-136.9157,-0.00269746,-0.00246835,-0.00702217,19.9383,41.7340,0.3037,20.8234,0.7306,3081.5791,68.5556,,19.9383,3.9466,10.3857,27.3081,58.8174,79.8235,105.031,10.3857,-4.1211,7.68589,10.113013,1.919782,29,128,38,10,0E-8,0.00675737,,0.00800000,0.800000,0.928452,0.002516,,2026-05-25,2026-06-16,18,513,239,23,0.782609,,,0.000000,,,,,,,,GLOBAL_BASELINE_NO_ENTITY_RANKING,,,NOT_APPLICABLE_GLOBAL_BASELINE,HF9g-P5,,,,X 全窗基线 · 不参与实体赏罚,3922820,393,A168_HF9F_20260827_0900,2026-08-27 09:00:00
2026-05-31,150554671,1966,0,58.8173511185,37.8111542907,38.1640583973,0.6666667,9,3,0.40062396339046685,0.229187522222,0.9403593130860328,1.8028024043530444,0.9403593130860328,0.17143644116846685,ELIGIBLE,R03b_20260811_FULL_v1,L1_ELIGIBILITY,v2026-08-11,2026-03-21..2026-08-06,baccarat_bet02_101_all_pairs_incl_sentinel,round_win = game_pnl > 0 (decisive only),COMPATIBILITY_ONLY_NOT_PRODUCTION,55468.4231,51499.7495,374.8205,2782,1234,-0.00675737,,-0.00675737,-0.01418498,-374.8205,55468.4231,OK,411.9980,22.4892,6.0000,94.0000,AG03-UNRESOLVED,ALL5_LEVELS_bet23_to_bet27,22.4892,22.4892,22.4892,22.4892,22.4892,6.000000,6.000000,6.000000,6.000000,6.000000,94.000000,94.000000,94.000000,94.000000,94.000000,5.0,112.4461,99.7382,-149.6237,-136.9157,PENDING_AG03,FALSE,NOT_FOR_ENFORCEMENT,352.3312,48409.7645,-37.1775,-59.6668,-389.5088,-0.00067025,-0.00107569,22.4892,-59.6668,-0.00107569,22.4892,22.4892,22.4892,22.4892,22.4892,-59.6668,-0.00107569,112.4461,99.7382,-149.6237,-136.9157,-0.00269746,-0.00246835,-0.00702217,19.9383,41.7340,0.3037,20.8234,0.7306,3081.5791,68.5556,,19.9383,3.9466,10.3857,27.3081,58.8174,79.8235,105.031,10.3857,-4.1211,7.68589,10.113013,1.919782,29,128,38,10,0E-8,0.00675737,,0.00800000,0.800000,0.928452,0.002516,,2026-05-25,2026-06-16,18,513,239,23,0.782609,,,0.000000,,,,,,,,GLOBAL_BASELINE_NO_ENTITY_RANKING,,,NOT_APPLICABLE_GLOBAL_BASELINE,HF9g-P5,,,,X 全窗基线 · 不参与实体赏罚,3922821,393,A168_HF9F_20260827_0900,2026-08-27 09:00:00
2026-05-31,150554671,1990,0,58.1600648069,37.3886130901,37.8538936086,1.0000000,2,1,0.41973514285696591,0.287416500000,1.175778374573382,1.5745702178656522,1.175778374573382,0.13231864285696591,ELIGIBLE,R03b_20260811_FULL_v1,L1_ELIGIBILITY,v2026-08-11,2026-03-21..2026-08-06,baccarat_bet02_101_all_pairs_incl_sentinel,round_win = game_pnl > 0 (decisive only),COMPATIBILITY_ONLY_NOT_PRODUCTION,55468.4231,51499.7495,374.8205,2782,1234,-0.00675737,,-0.00675737,-0.01418498,-374.8205,55468.4231,OK,411.9980,22.4892,6.0000,94.0000,AG03-UNRESOLVED,ALL5_LEVELS_bet23_to_bet27,22.4892,22.4892,22.4892,22.4892,22.4892,6.000000,6.000000,6.000000,6.000000,6.000000,94.000000,94.000000,94.000000,94.000000,94.000000,5.0,112.4461,99.7382,-149.6237,-136.9157,PENDING_AG03,FALSE,NOT_FOR_ENFORCEMENT,352.3312,48409.7645,-37.1775,-59.6668,-389.5088,-0.00067025,-0.00107569,22.4892,-59.6668,-0.00107569,22.4892,22.4892,22.4892,22.4892,22.4892,-59.6668,-0.00107569,112.4461,99.7382,-149.6237,-136.9157,-0.00269746,-0.00246835,-0.00702217,19.9383,41.7340,0.3037,20.8234,0.7306,3081.5791,68.5556,,19.9383,3.9466,10.3857,27.3081,58.8174,79.8235,105.031,10.3857,-4.1211,7.68589,10.113013,1.919782,29,128,38,10,0E-8,0.00675737,,0.00800000,0.800000,0.928452,0.002516,,2026-05-25,2026-06-16,18,513,239,23,0.782609,,,0.000000,,,,,,,,GLOBAL_BASELINE_NO_ENTITY_RANKING,,,NOT_APPLICABLE_GLOBAL_BASELINE,HF9g-P5,,,,X 全窗基线 · 不参与实体赏罚,3922822,393,A168_HF9F_20260827_0900,2026-08-27 09:00:00
2026-05-31,150554671,2093,0,24.9257420603,-24.9257420603,-24.7263361236,0E-7,5,2,0.23332813124969523,0.148921808334,-0.7801781536561502,-0.5915744618655051,-0.7801781536561502,0.08440632291569523,ELIGIBLE,R03b_20260811_FULL_v1,L1_ELIGIBILITY,v2026-08-11,2026-03-21..2026-08-06,baccarat_bet02_101_all_pairs_incl_sentinel,round_win = game_pnl > 0 (decisive only),COMPATIBILITY_ONLY_NOT_PRODUCTION,55468.4231,51499.7495,374.8205,2782,1234,-0.00675737,,-0.00675737,-0.01418498,-374.8205,55468.4231,OK,411.9980,22.4892,6.0000,94.0000,AG03-UNRESOLVED,ALL5_LEVELS_bet23_to_bet27,22.4892,22.4892,22.4892,22.4892,22.4892,6.000000,6.000000,6.000000,6.000000,6.000000,94.000000,94.000000,94.000000,94.000000,94.000000,5.0,112.4461,99.7382,-149.6237,-136.9157,PENDING_AG03,FALSE,NOT_FOR_ENFORCEMENT,352.3312,48409.7645,-37.1775,-59.6668,-389.5088,-0.00067025,-0.00107569,22.4892,-59.6668,-0.00107569,22.4892,22.4892,22.4892,22.4892,22.4892,-59.6668,-0.00107569,112.4461,99.7382,-149.6237,-136.9157,-0.00269746,-0.00246835,-0.00702217,19.9383,41.7340,0.3037,20.8234,0.7306,3081.5791,68.5556,,19.9383,3.9466,10.3857,27.3081,58.8174,79.8235,105.031,10.3857,-4.1211,7.68589,10.113013,1.919782,29,128,38,10,0E-8,0.00675737,,0.00800000,0.800000,0.928452,0.002516,,2026-05-25,2026-06-16,18,513,239,23,0.782609,,,0.000000,,,,,,,,GLOBAL_BASELINE_NO_ENTITY_RANKING,,,NOT_APPLICABLE_GLOBAL_BASELINE,HF9g-P5,,,,X 全窗基线 · 不参与实体赏罚,3922823,393,A168_HF9F_20260827_0900,2026-08-27 09:00:00
2026-05-31,150554671,2123,0,42.3737615022,20.0029080032,20.3418980953,1.0000000,2,1,0.39559940098020346,0.280106050000,1.2360459911077695,1.6031457840727341,1.2360459911077695,0.11549335098020346,ELIGIBLE,R03b_20260811_FULL_v1,L1_ELIGIBILITY,v2026-08-11,2026-03-21..2026-08-06,baccarat_bet02_101_all_pairs_incl_sentinel,round_win = game_pnl > 0 (decisive only),COMPATIBILITY_ONLY_NOT_PRODUCTION,55468.4231,51499.7495,374.8205,2782,1234,-0.00675737,,-0.00675737,-0.01418498,-374.8205,55468.4231,OK,411.9980,22.4892,6.0000,94.0000,AG03-UNRESOLVED,ALL5_LEVELS_bet23_to_bet27,22.4892,22.4892,22.4892,22.4892,22.4892,6.000000,6.000000,6.000000,6.000000,6.000000,94.000000,94.000000,94.000000,94.000000,94.000000,5.0,112.4461,99.7382,-149.6237,-136.9157,PENDING_AG03,FALSE,NOT_FOR_ENFORCEMENT,352.3312,48409.7645,-37.1775,-59.6668,-389.5088,-0.00067025,-0.00107569,22.4892,-59.6668,-0.00107569,22.4892,22.4892,22.4892,22.4892,22.4892,-59.6668,-0.00107569,112.4461,99.7382,-149.6237,-136.9157,-0.00269746,-0.00246835,-0.00702217,19.9383,41.7340,0.3037,20.8234,0.7306,3081.5791,68.5556,,19.9383,3.9466,10.3857,27.3081,58.8174,79.8235,105.031,10.3857,-4.1211,7.68589,10.113013,1.919782,29,128,38,10,0E-8,0.00675737,,0.00800000,0.800000,0.928452,0.002516,,2026-05-25,2026-06-16,18,513,239,23,0.782609,,,0.000000,,,,,,,,GLOBAL_BASELINE_NO_ENTITY_RANKING,,,NOT_APPLICABLE_GLOBAL_BASELINE,HF9g-P5,,,,X 全窗基线 · 不参与实体赏罚,3922824,393,A168_HF9F_20260827_0900,2026-08-27 09:00:00
2026-05-31,150554671,2196,0,205.8607289149,-7.0370759374,-5.5918495953,0.4285714,21,7,0.42603401423844783,0.232121886191,0.013576105166401061,1.2311071434971281,0.013576105166401061,0.19391212804744783,ELIGIBLE,R03b_20260811_FULL_v1,L1_ELIGIBILITY,v2026-08-11,2026-03-21..2026-08-06,baccarat_bet02_101_all_pairs_incl_sentinel,round_win = game_pnl > 0 (decisive only),COMPATIBILITY_ONLY_NOT_PRODUCTION,55468.4231,51499.7495,374.8205,2782,1234,-0.00675737,,-0.00675737,-0.01418498,-374.8205,55468.4231,OK,411.9980,22.4892,6.0000,94.0000,AG03-UNRESOLVED,ALL5_LEVELS_bet23_to_bet27,22.4892,22.4892,22.4892,22.4892,22.4892,6.000000,6.000000,6.000000,6.000000,6.000000,94.000000,94.000000,94.000000,94.000000,94.000000,5.0,112.4461,99.7382,-149.6237,-136.9157,PENDING_AG03,FALSE,NOT_FOR_ENFORCEMENT,352.3312,48409.7645,-37.1775,-59.6668,-389.5088,-0.00067025,-0.00107569,22.4892,-59.6668,-0.00107569,22.4892,22.4892,22.4892,22.4892,22.4892,-59.6668,-0.00107569,112.4461,99.7382,-149.6237,-136.9157,-0.00269746,-0.00246835,-0.00702217,19.9383,41.7340,0.3037,20.8234,0.7306,3081.5791,68.5556,,19.9383,3.9466,10.3857,27.3081,58.8174,79.8235,105.031,10.3857,-4.1211,7.68589,10.113013,1.919782,29,128,38,10,0E-8,0.00675737,,0.00800000,0.800000,0.928452,0.002516,,2026-05-25,2026-06-16,18,513,239,23,0.782609,,,0.000000,,,,,,,,GLOBAL_BASELINE_NO_ENTITY_RANKING,,,NOT_APPLICABLE_GLOBAL_BASELINE,HF9g-P5,,,,X 全窗基线 · 不参与实体赏罚,3922825,393,A168_HF9F_20260827_0900,2026-08-27 09:00:00
2026-05-31,150554671,2201,0,103.8572585838,-103.8572585838,-103.0264005151,0E-7,2,1,0.45207969999992073,0.287416500000,-0.9083407700762578,-0.6350939377956173,-0.9083407700762578,0.16466319999992073,ELIGIBLE,R03b_20260811_FULL_v1,L1_ELIGIBILITY,v2026-08-11,2026-03-21..2026-08-06,baccarat_bet02_101_all_pairs_incl_sentinel,round_win = game_pnl > 0 (decisive only),COMPATIBILITY_ONLY_NOT_PRODUCTION,55468.4231,51499.7495,374.8205,2782,1234,-0.00675737,,-0.00675737,-0.01418498,-374.8205,55468.4231,OK,411.9980,22.4892,6.0000,94.0000,AG03-UNRESOLVED,ALL5_LEVELS_bet23_to_bet27,22.4892,22.4892,22.4892,22.4892,22.4892,6.000000,6.000000,6.000000,6.000000,6.000000,94.000000,94.000000,94.000000,94.000000,94.000000,5.0,112.4461,99.7382,-149.6237,-136.9157,PENDING_AG03,FALSE,NOT_FOR_ENFORCEMENT,352.3312,48409.7645,-37.1775,-59.6668,-389.5088,-0.00067025,-0.00107569,22.4892,-59.6668,-0.00107569,22.4892,22.4892,22.4892,22.4892,22.4892,-59.6668,-0.00107569,112.4461,99.7382,-149.6237,-136.9157,-0.00269746,-0.00246835,-0.00702217,19.9383,41.7340,0.3037,20.8234,0.7306,3081.5791,68.5556,,19.9383,3.9466,10.3857,27.3081,58.8174,79.8235,105.031,10.3857,-4.1211,7.68589,10.113013,1.919782,29,128,38,10,0E-8,0.00675737,,0.00800000,0.800000,0.928452,0.002516,,2026-05-25,2026-06-16,18,513,239,23,0.782609,,,0.000000,,,,,,,,GLOBAL_BASELINE_NO_ENTITY_RANKING,,,NOT_APPLICABLE_GLOBAL_BASELINE,HF9g-P5,,,,X 全窗基线 · 不参与实体赏罚,3922826,393,A168_HF9F_20260827_0900,2026-08-27 09:00:00
2026-05-31,150554671,2205,0,182.7887751078,6.2314355147,7.3115510043,0.6666667,11,3,0.41151640269155386,0.193868297222,0.8980404378004121,2.071477397984932,0.8980404378004121,0.21764810546955386,ELIGIBLE,R03b_20260811_FULL_v1,L1_ELIGIBILITY,v2026-08-11,2026-03-21..2026-08-06,baccarat_bet02_101_all_pairs_incl_sentinel,round_win = game_pnl > 0 (decisive only),COMPATIBILITY_ONLY_NOT_PRODUCTION,55468.4231,51499.7495,374.8205,2782,1234,-0.00675737,,-0.00675737,-0.01418498,-374.8205,55468.4231,OK,411.9980,22.4892,6.0000,94.0000,AG03-UNRESOLVED,ALL5_LEVELS_bet23_to_bet27,22.4892,22.4892,22.4892,22.4892,22.4892,6.000000,6.000000,6.000000,6.000000,6.000000,94.000000,94.000000,94.000000,94.000000,94.000000,5.0,112.4461,99.7382,-149.6237,-136.9157,PENDING_AG03,FALSE,NOT_FOR_ENFORCEMENT,352.3312,48409.7645,-37.1775,-59.6668,-389.5088,-0.00067025,-0.00107569,22.4892,-59.6668,-0.00107569,22.4892,22.4892,22.4892,22.4892,22.4892,-59.6668,-0.00107569,112.4461,99.7382,-149.6237,-136.9157,-0.00269746,-0.00246835,-0.00702217,19.9383,41.7340,0.3037,20.8234,0.7306,3081.5791,68.5556,,19.9383,3.9466,10.3857,27.3081,58.8174,79.8235,105.031,10.3857,-4.1211,7.68589,10.113013,1.919782,29,128,38,10,0E-8,0.00675737,,0.00800000,0.800000,0.928452,0.002516,,2026-05-25,2026-06-16,18,513,239,23,0.782609,,,0.000000,,,,,,,,GLOBAL_BASELINE_NO_ENTITY_RANKING,,,NOT_APPLICABLE_GLOBAL_BASELINE,HF9g-P5,,,,X 全窗基线 · 不参与实体赏罚,3922827,393,A168_HF9F_20260827_0900,2026-08-27 09:00:00
2026-05-31,150554671,2209,0,60.4449244958,-19.5355503397,-19.0519909436,0.5000000,3,2,0.47828188947346462,0.397033600000,0.0614861233934377,0.2976119324806302,0.0614861233934377,0.08124828947346462,ELIGIBLE,R03b_20260811_FULL_v1,L1_ELIGIBILITY,v2026-08-11,2026-03-21..2026-08-06,baccarat_bet02_101_all_pairs_incl_sentinel,round_win = game_pnl > 0 (decisive only),COMPATIBILITY_ONLY_NOT_PRODUCTION,55468.4231,51499.7495,374.8205,2782,1234,-0.00675737,,-0.00675737,-0.01418498,-374.8205,55468.4231,OK,411.9980,22.4892,6.0000,94.0000,AG03-UNRESOLVED,ALL5_LEVELS_bet23_to_bet27,22.4892,22.4892,22.4892,22.4892,22.4892,6.000000,6.000000,6.000000,6.000000,6.000000,94.000000,94.000000,94.000000,94.000000,94.000000,5.0,112.4461,99.7382,-149.6237,-136.9157,PENDING_AG03,FALSE,NOT_FOR_ENFORCEMENT,352.3312,48409.7645,-37.1775,-59.6668,-389.5088,-0.00067025,-0.00107569,22.4892,-59.6668,-0.00107569,22.4892,22.4892,22.4892,22.4892,22.4892,-59.6668,-0.00107569,112.4461,99.7382,-149.6237,-136.9157,-0.00269746,-0.00246835,-0.00702217,19.9383,41.7340,0.3037,20.8234,0.7306,3081.5791,68.5556,,19.9383,3.9466,10.3857,27.3081,58.8174,79.8235,105.031,10.3857,-4.1211,7.68589,10.113013,1.919782,29,128,38,10,0E-8,0.00675737,,0.00800000,0.800000,0.928452,0.002516,,2026-05-25,2026-06-16,18,513,239,23,0.782609,,,0.000000,,,,,,,,GLOBAL_BASELINE_NO_ENTITY_RANKING,,,NOT_APPLICABLE_GLOBAL_BASELINE,HF9g-P5,,,,X 全窗基线 · 不参与实体赏罚,3922828,393,A168_HF9F_20260827_0900,2026-08-27 09:00:00
2026-05-31,150554671,2212,0,51.3054857404,-22.2254533370,-21.8150094510,0.5000000,5,2,0.41448295314898943,0.247160058334,0.2454960926367469,0.828934487334113,0.2454960926367469,0.16732289481498943,ELIGIBLE,R03b_20260811_FULL_v1,L1_ELIGIBILITY,v2026-08-11,2026-03-21..2026-08-06,baccarat_bet02_101_all_pairs_incl_sentinel,round_win = game_pnl > 0 (decisive only),COMPATIBILITY_ONLY_NOT_PRODUCTION,55468.4231,51499.7495,374.8205,2782,1234,-0.00675737,,-0.00675737,-0.01418498,-374.8205,55468.4231,OK,411.9980,22.4892,6.0000,94.0000,AG03-UNRESOLVED,ALL5_LEVELS_bet23_to_bet27,22.4892,22.4892,22.4892,22.4892,22.4892,6.000000,6.000000,6.000000,6.000000,6.000000,94.000000,94.000000,94.000000,94.000000,94.000000,5.0,112.4461,99.7382,-149.6237,-136.9157,PENDING_AG03,FALSE,NOT_FOR_ENFORCEMENT,352.3312,48409.7645,-37.1775,-59.6668,-389.5088,-0.00067025,-0.00107569,22.4892,-59.6668,-0.00107569,22.4892,22.4892,22.4892,22.4892,22.4892,-59.6668,-0.00107569,112.4461,99.7382,-149.6237,-136.9157,-0.00269746,-0.00246835,-0.00702217,19.9383,41.7340,0.3037,20.8234,0.7306,3081.5791,68.5556,,19.9383,3.9466,10.3857,27.3081,58.8174,79.8235,105.031,10.3857,-4.1211,7.68589,10.113013,1.919782,29,128,38,10,0E-8,0.00675737,,0.00800000,0.800000,0.928452,0.002516,,2026-05-25,2026-06-16,18,513,239,23,0.782609,,,0.000000,,,,,,,,GLOBAL_BASELINE_NO_ENTITY_RANKING,,,NOT_APPLICABLE_GLOBAL_BASELINE,HF9g-P5,,,,X 全窗基线 · 不参与实体赏罚,3922829,393,A168_HF9F_20260827_0900,2026-08-27 09:00:00
2026-05-31,150554671,2216,0,18.6943065451,14.5400162017,14.6895706541,1.0000000,2,1,0.44750572222173288,0.287416500000,1.1111292892261324,1.5745702178656522,1.1111292892261324,0.16008922222173288,ELIGIBLE,R03b_20260811_FULL_v1,L1_ELIGIBILITY,v2026-08-11,2026-03-21..2026-08-06,baccarat_bet02_101_all_pairs_incl_sentinel,round_win = game_pnl > 0 (decisive only),COMPATIBILITY_ONLY_NOT_PRODUCTION,55468.4231,51499.7495,374.8205,2782,1234,-0.00675737,,-0.00675737,-0.01418498,-374.8205,55468.4231,OK,411.9980,22.4892,6.0000,94.0000,AG03-UNRESOLVED,ALL5_LEVELS_bet23_to_bet27,22.4892,22.4892,22.4892,22.4892,22.4892,6.000000,6.000000,6.000000,6.000000,6.000000,94.000000,94.000000,94.000000,94.000000,94.000000,5.0,112.4461,99.7382,-149.6237,-136.9157,PENDING_AG03,FALSE,NOT_FOR_ENFORCEMENT,352.3312,48409.7645,-37.1775,-59.6668,-389.5088,-0.00067025,-0.00107569,22.4892,-59.6668,-0.00107569,22.4892,22.4892,22.4892,22.4892,22.4892,-59.6668,-0.00107569,112.4461,99.7382,-149.6237,-136.9157,-0.00269746,-0.00246835,-0.00702217,19.9383,41.7340,0.3037,20.8234,0.7306,3081.5791,68.5556,,19.9383,3.9466,10.3857,27.3081,58.8174,79.8235,105.031,10.3857,-4.1211,7.68589,10.113013,1.919782,29,128,38,10,0E-8,0.00675737,,0.00800000,0.800000,0.928452,0.002516,,2026-05-25,2026-06-16,18,513,239,23,0.782609,,,0.000000,,,,,,,,GLOBAL_BASELINE_NO_ENTITY_RANKING,,,NOT_APPLICABLE_GLOBAL_BASELINE,HF9g-P5,,,,X 全窗基线 · 不参与实体赏罚,3922830,393,A168_HF9F_20260827_0900,2026-08-27 09:00:00
2026-05-31,150554671,2218,0,58.8173511184,7.2471379057,7.7176767147,0.7500000,8,4,0.42591487400793651,0.281933662500,1.310809391007364,2.0805667506136563,1.310809391007364,0.14398121150793651,ELIGIBLE,R03b_20260811_FULL_v1,L1_ELIGIBILITY,v2026-08-11,2026-03-21..2026-08-06,baccarat_bet02_101_all_pairs_incl_sentinel,round_win = game_pnl > 0 (decisive only),COMPATIBILITY_ONLY_NOT_PRODUCTION,55468.4231,51499.7495,374.8205,2782,1234,-0.00675737,,-0.00675737,-0.01418498,-374.8205,55468.4231,OK,411.9980,22.4892,6.0000,94.0000,AG03-UNRESOLVED,ALL5_LEVELS_bet23_to_bet27,22.4892,22.4892,22.4892,22.4892,22.4892,6.000000,6.000000,6.000000,6.000000,6.000000,94.000000,94.000000,94.000000,94.000000,94.000000,5.0,112.4461,99.7382,-149.6237,-136.9157,PENDING_AG03,FALSE,NOT_FOR_ENFORCEMENT,352.3312,48409.7645,-37.1775,-59.6668,-389.5088,-0.00067025,-0.00107569,22.4892,-59.6668,-0.00107569,22.4892,22.4892,22.4892,22.4892,22.4892,-59.6668,-0.00107569,112.4461,99.7382,-149.6237,-136.9157,-0.00269746,-0.00246835,-0.00702217,19.9383,41.7340,0.3037,20.8234,0.7306,3081.5791,68.5556,,19.9383,3.9466,10.3857,27.3081,58.8174,79.8235,105.031,10.3857,-4.1211,7.68589,10.113013,1.919782,29,128,38,10,0E-8,0.00675737,,0.00800000,0.800000,0.928452,0.002516,,2026-05-25,2026-06-16,18,513,239,23,0.782609,,,0.000000,,,,,,,,GLOBAL_BASELINE_NO_ENTITY_RANKING,,,NOT_APPLICABLE_GLOBAL_BASELINE,HF9g-P5,,,,X 全窗基线 · 不参与实体赏罚,3922831,393,A168_HF9F_20260827_0900,2026-08-27 09:00:00
2026-05-31,150554671,2222,0,310.5332031658,98.6643956544,101.1486612800,0.5000000,17,8,0.36300213875620350,0.286122137500,0.8058147296205593,1.3385146869754363,0.8058147296205593,0.07688000125620350,ELIGIBLE,R03b_20260811_FULL_v1,L1_ELIGIBILITY,v2026-08-11,2026-03-21..2026-08-06,baccarat_bet02_101_all_pairs_incl_sentinel,round_win = game_pnl > 0 (decisive only),COMPATIBILITY_ONLY_NOT_PRODUCTION,55468.4231,51499.7495,374.8205,2782,1234,-0.00675737,,-0.00675737,-0.01418498,-374.8205,55468.4231,OK,411.9980,22.4892,6.0000,94.0000,AG03-UNRESOLVED,ALL5_LEVELS_bet23_to_bet27,22.4892,22.4892,22.4892,22.4892,22.4892,6.000000,6.000000,6.000000,6.000000,6.000000,94.000000,94.000000,94.000000,94.000000,94.000000,5.0,112.4461,99.7382,-149.6237,-136.9157,PENDING_AG03,FALSE,NOT_FOR_ENFORCEMENT,352.3312,48409.7645,-37.1775,-59.6668,-389.5088,-0.00067025,-0.00107569,22.4892,-59.6668,-0.00107569,22.4892,22.4892,22.4892,22.4892,22.4892,-59.6668,-0.00107569,112.4461,99.7382,-149.6237,-136.9157,-0.00269746,-0.00246835,-0.00702217,19.9383,41.7340,0.3037,20.8234,0.7306,3081.5791,68.5556,,19.9383,3.9466,10.3857,27.3081,58.8174,79.8235,105.031,10.3857,-4.1211,7.68589,10.113013,1.919782,29,128,38,10,0E-8,0.00675737,,0.00800000,0.800000,0.928452,0.002516,,2026-05-25,2026-06-16,18,513,239,23,0.782609,,,0.000000,,,,,,,,GLOBAL_BASELINE_NO_ENTITY_RANKING,,,NOT_APPLICABLE_GLOBAL_BASELINE,HF9g-P5,,,,X 全窗基线 · 不参与实体赏罚,3922832,393,A168_HF9F_20260827_0900,2026-08-27 09:00:00
2026-05-31,150554671,2242,0,20.7714517168,-20.7714517168,-20.6052801030,0E-7,3,1,0.40953606999919400,0.214214066667,-0.8328166377850854,-0.5221218497722453,-0.8328166377850854,0.19532200333219400,ELIGIBLE,R03b_20260811_FULL_v1,L1_ELIGIBILITY,v2026-08-11,2026-03-21..2026-08-06,baccarat_bet02_101_all_pairs_incl_sentinel,round_win = game_pnl > 0 (decisive only),COMPATIBILITY_ONLY_NOT_PRODUCTION,55468.4231,51499.7495,374.8205,2782,1234,-0.00675737,,-0.00675737,-0.01418498,-374.8205,55468.4231,OK,411.9980,22.4892,6.0000,94.0000,AG03-UNRESOLVED,ALL5_LEVELS_bet23_to_bet27,22.4892,22.4892,22.4892,22.4892,22.4892,6.000000,6.000000,6.000000,6.000000,6.000000,94.000000,94.000000,94.000000,94.000000,94.000000,5.0,112.4461,99.7382,-149.6237,-136.9157,PENDING_AG03,FALSE,NOT_FOR_ENFORCEMENT,352.3312,48409.7645,-37.1775,-59.6668,-389.5088,-0.00067025,-0.00107569,22.4892,-59.6668,-0.00107569,22.4892,22.4892,22.4892,22.4892,22.4892,-59.6668,-0.00107569,112.4461,99.7382,-149.6237,-136.9157,-0.00269746,-0.00246835,-0.00702217,19.9383,41.7340,0.3037,20.8234,0.7306,3081.5791,68.5556,,19.9383,3.9466,10.3857,27.3081,58.8174,79.8235,105.031,10.3857,-4.1211,7.68589,10.113013,1.919782,29,128,38,10,0E-8,0.00675737,,0.00800000,0.800000,0.928452,0.002516,,2026-05-25,2026-06-16,18,513,239,23,0.782609,,,0.000000,,,,,,,,GLOBAL_BASELINE_NO_ENTITY_RANKING,,,NOT_APPLICABLE_GLOBAL_BASELINE,HF9g-P5,,,,X 全窗基线 · 不参与实体赏罚,3922833,393,A168_HF9F_20260827_0900,2026-08-27 09:00:00
2026-05-31,150554671,2250,0,23.1068165109,14.7043377797,14.7379476946,1.0000000,3,1,0.42800186363670401,0.218271633333,1.1560443004475154,1.8924712330191793,1.1560443004475154,0.20973023030370401,ELIGIBLE,R03b_20260811_FULL_v1,L1_ELIGIBILITY,v2026-08-11,2026-03-21..2026-08-06,baccarat_bet02_101_all_pairs_incl_sentinel,round_win = game_pnl > 0 (decisive only),COMPATIBILITY_ONLY_NOT_PRODUCTION,55468.4231,51499.7495,374.8205,2782,1234,-0.00675737,,-0.00675737,-0.01418498,-374.8205,55468.4231,OK,411.9980,22.4892,6.0000,94.0000,AG03-UNRESOLVED,ALL5_LEVELS_bet23_to_bet27,22.4892,22.4892,22.4892,22.4892,22.4892,6.000000,6.000000,6.000000,6.000000,6.000000,94.000000,94.000000,94.000000,94.000000,94.000000,5.0,112.4461,99.7382,-149.6237,-136.9157,PENDING_AG03,FALSE,NOT_FOR_ENFORCEMENT,352.3312,48409.7645,-37.1775,-59.6668,-389.5088,-0.00067025,-0.00107569,22.4892,-59.6668,-0.00107569,22.4892,22.4892,22.4892,22.4892,22.4892,-59.6668,-0.00107569,112.4461,99.7382,-149.6237,-136.9157,-0.00269746,-0.00246835,-0.00702217,19.9383,41.7340,0.3037,20.8234,0.7306,3081.5791,68.5556,,19.9383,3.9466,10.3857,27.3081,58.8174,79.8235,105.031,10.3857,-4.1211,7.68589,10.113013,1.919782,29,128,38,10,0E-8,0.00675737,,0.00800000,0.800000,0.928452,0.002516,,2026-05-25,2026-06-16,18,513,239,23,0.782609,,,0.000000,,,,,,,,GLOBAL_BASELINE_NO_ENTITY_RANKING,,,NOT_APPLICABLE_GLOBAL_BASELINE,HF9g-P5,,,,X 全窗基线 · 不参与实体赏罚,3922834,393,A168_HF9F_20260827_0900,2026-08-27 09:00:00
2026-05-31,150554671,2252,0,52.5154920701,-52.5154920701,-52.0953681336,0E-7,2,1,0.47040355600006902,0.280106050000,-0.9424596549366953,-0.6237735893609975,-0.9424596549366953,0.19029750600006902,ELIGIBLE,R03b_20260811_FULL_v1,L1_ELIGIBILITY,v2026-08-11,2026-03-21..2026-08-06,baccarat_bet02_101_all_pairs_incl_sentinel,round_win = game_pnl > 0 (decisive only),COMPATIBILITY_ONLY_NOT_PRODUCTION,55468.4231,51499.7495,374.8205,2782,1234,-0.00675737,,-0.00675737,-0.01418498,-374.8205,55468.4231,OK,411.9980,22.4892,6.0000,94.0000,AG03-UNRESOLVED,ALL5_LEVELS_bet23_to_bet27,22.4892,22.4892,22.4892,22.4892,22.4892,6.000000,6.000000,6.000000,6.000000,6.000000,94.000000,94.000000,94.000000,94.000000,94.000000,5.0,112.4461,99.7382,-149.6237,-136.9157,PENDING_AG03,FALSE,NOT_FOR_ENFORCEMENT,352.3312,48409.7645,-37.1775,-59.6668,-389.5088,-0.00067025,-0.00107569,22.4892,-59.6668,-0.00107569,22.4892,22.4892,22.4892,22.4892,22.4892,-59.6668,-0.00107569,112.4461,99.7382,-149.6237,-136.9157,-0.00269746,-0.00246835,-0.00702217,19.9383,41.7340,0.3037,20.8234,0.7306,3081.5791,68.5556,,19.9383,3.9466,10.3857,27.3081,58.8174,79.8235,105.031,10.3857,-4.1211,7.68589,10.113013,1.919782,29,128,38,10,0E-8,0.00675737,,0.00800000,0.800000,0.928452,0.002516,,2026-05-25,2026-06-16,18,513,239,23,0.782609,,,0.000000,,,,,,,,GLOBAL_BASELINE_NO_ENTITY_RANKING,,,NOT_APPLICABLE_GLOBAL_BASELINE,HF9g-P5,,,,X 全窗基线 · 不参与实体赏罚,3922835,393,A168_HF9F_20260827_0900,2026-08-27 09:00:00
2026-05-31,150554671,2254,0,51.9286292919,-51.9286292919,-51.5132002576,0E-7,2,1,0.41603283999982550,0.280106050000,-0.8440527600275651,-0.6237735893609975,-0.8440527600275651,0.13592678999982550,ELIGIBLE,R03b_20260811_FULL_v1,L1_ELIGIBILITY,v2026-08-11,2026-03-21..2026-08-06,baccarat_bet02_101_all_pairs_incl_sentinel,round_win = game_pnl > 0 (decisive only),COMPATIBILITY_ONLY_NOT_PRODUCTION,55468.4231,51499.7495,374.8205,2782,1234,-0.00675737,,-0.00675737,-0.01418498,-374.8205,55468.4231,OK,411.9980,22.4892,6.0000,94.0000,AG03-UNRESOLVED,ALL5_LEVELS_bet23_to_bet27,22.4892,22.4892,22.4892,22.4892,22.4892,6.000000,6.000000,6.000000,6.000000,6.000000,94.000000,94.000000,94.000000,94.000000,94.000000,5.0,112.4461,99.7382,-149.6237,-136.9157,PENDING_AG03,FALSE,NOT_FOR_ENFORCEMENT,352.3312,48409.7645,-37.1775,-59.6668,-389.5088,-0.00067025,-0.00107569,22.4892,-59.6668,-0.00107569,22.4892,22.4892,22.4892,22.4892,22.4892,-59.6668,-0.00107569,112.4461,99.7382,-149.6237,-136.9157,-0.00269746,-0.00246835,-0.00702217,19.9383,41.7340,0.3037,20.8234,0.7306,3081.5791,68.5556,,19.9383,3.9466,10.3857,27.3081,58.8174,79.8235,105.031,10.3857,-4.1211,7.68589,10.113013,1.919782,29,128,38,10,0E-8,0.00675737,,0.00800000,0.800000,0.928452,0.002516,,2026-05-25,2026-06-16,18,513,239,23,0.782609,,,0.000000,,,,,,,,GLOBAL_BASELINE_NO_ENTITY_RANKING,,,NOT_APPLICABLE_GLOBAL_BASELINE,HF9g-P5,,,,X 全窗基线 · 不参与实体赏罚,3922836,393,A168_HF9F_20260827_0900,2026-08-27 09:00:00
2026-05-31,150554671,2256,0,22.8485968885,-22.8485968885,-22.6658081133,0E-7,3,1,0.41714601818115206,0.214214066667,-0.8459879309585044,-0.5221218497722453,-0.8459879309585044,0.20293195151415206,ELIGIBLE,R03b_20260811_FULL_v1,L1_ELIGIBILITY,v2026-08-11,2026-03-21..2026-08-06,baccarat_bet02_101_all_pairs_incl_sentinel,round_win = game_pnl > 0 (decisive only),COMPATIBILITY_ONLY_NOT_PRODUCTION,55468.4231,51499.7495,374.8205,2782,1234,-0.00675737,,-0.00675737,-0.01418498,-374.8205,55468.4231,OK,411.9980,22.4892,6.0000,94.0000,AG03-UNRESOLVED,ALL5_LEVELS_bet23_to_bet27,22.4892,22.4892,22.4892,22.4892,22.4892,6.000000,6.000000,6.000000,6.000000,6.000000,94.000000,94.000000,94.000000,94.000000,94.000000,5.0,112.4461,99.7382,-149.6237,-136.9157,PENDING_AG03,FALSE,NOT_FOR_ENFORCEMENT,352.3312,48409.7645,-37.1775,-59.6668,-389.5088,-0.00067025,-0.00107569,22.4892,-59.6668,-0.00107569,22.4892,22.4892,22.4892,22.4892,22.4892,-59.6668,-0.00107569,112.4461,99.7382,-149.6237,-136.9157,-0.00269746,-0.00246835,-0.00702217,19.9383,41.7340,0.3037,20.8234,0.7306,3081.5791,68.5556,,19.9383,3.9466,10.3857,27.3081,58.8174,79.8235,105.031,10.3857,-4.1211,7.68589,10.113013,1.919782,29,128,38,10,0E-8,0.00675737,,0.00800000,0.800000,0.928452,0.002516,,2026-05-25,2026-06-16,18,513,239,23,0.782609,,,0.000000,,,,,,,,GLOBAL_BASELINE_NO_ENTITY_RANKING,,,NOT_APPLICABLE_GLOBAL_BASELINE,HF9g-P5,,,,X 全窗基线 · 不参与实体赏罚,3922837,393,A168_HF9F_20260827_0900,2026-08-27 09:00:00
2026-05-31,150554671,2258,0,11.6320129614,-11.6320129614,-11.5389568577,0E-7,2,1,0.44913928571453850,0.287416500000,-0.9029623068048742,-0.6350939377956173,-0.9029623068048742,0.16172278571453850,ELIGIBLE,R03b_20260811_FULL_v1,L1_ELIGIBILITY,v2026-08-11,2026-03-21..2026-08-06,baccarat_bet02_101_all_pairs_incl_sentinel,round_win = game_pnl > 0 (decisive only),COMPATIBILITY_ONLY_NOT_PRODUCTION,55468.4231,51499.7495,374.8205,2782,1234,-0.00675737,,-0.00675737,-0.01418498,-374.8205,55468.4231,OK,411.9980,22.4892,6.0000,94.0000,AG03-UNRESOLVED,ALL5_LEVELS_bet23_to_bet27,22.4892,22.4892,22.4892,22.4892,22.4892,6.000000,6.000000,6.000000,6.000000,6.000000,94.000000,94.000000,94.000000,94.000000,94.000000,5.0,112.4461,99.7382,-149.6237,-136.9157,PENDING_AG03,FALSE,NOT_FOR_ENFORCEMENT,352.3312,48409.7645,-37.1775,-59.6668,-389.5088,-0.00067025,-0.00107569,22.4892,-59.6668,-0.00107569,22.4892,22.4892,22.4892,22.4892,22.4892,-59.6668,-0.00107569,112.4461,99.7382,-149.6237,-136.9157,-0.00269746,-0.00246835,-0.00702217,19.9383,41.7340,0.3037,20.8234,0.7306,3081.5791,68.5556,,19.9383,3.9466,10.3857,27.3081,58.8174,79.8235,105.031,10.3857,-4.1211,7.68589,10.113013,1.919782,29,128,38,10,0E-8,0.00675737,,0.00800000,0.800000,0.928452,0.002516,,2026-05-25,2026-06-16,18,513,239,23,0.782609,,,0.000000,,,,,,,,GLOBAL_BASELINE_NO_ENTITY_RANKING,,,NOT_APPLICABLE_GLOBAL_BASELINE,HF9g-P5,,,,X 全窗基线 · 不参与实体赏罚,3922838,393,A168_HF9F_20260827_0900,2026-08-27 09:00:00
2026-05-31,150554671,2266,0,88.2260266778,18.9055771452,19.1576515072,0.6666667,4,3,0.48261092333338127,0.422199016667,0.6379737354714459,0.8573028709633754,0.6379737354714459,0.06041190666638127,ELIGIBLE,R03b_20260811_FULL_v1,L1_ELIGIBILITY,v2026-08-11,2026-03-21..2026-08-06,baccarat_bet02_101_all_pairs_incl_sentinel,round_win = game_pnl > 0 (decisive only),COMPATIBILITY_ONLY_NOT_PRODUCTION,55468.4231,51499.7495,374.8205,2782,1234,-0.00675737,,-0.00675737,-0.01418498,-374.8205,55468.4231,OK,411.9980,22.4892,6.0000,94.0000,AG03-UNRESOLVED,ALL5_LEVELS_bet23_to_bet27,22.4892,22.4892,22.4892,22.4892,22.4892,6.000000,6.000000,6.000000,6.000000,6.000000,94.000000,94.000000,94.000000,94.000000,94.000000,5.0,112.4461,99.7382,-149.6237,-136.9157,PENDING_AG03,FALSE,NOT_FOR_ENFORCEMENT,352.3312,48409.7645,-37.1775,-59.6668,-389.5088,-0.00067025,-0.00107569,22.4892,-59.6668,-0.00107569,22.4892,22.4892,22.4892,22.4892,22.4892,-59.6668,-0.00107569,112.4461,99.7382,-149.6237,-136.9157,-0.00269746,-0.00246835,-0.00702217,19.9383,41.7340,0.3037,20.8234,0.7306,3081.5791,68.5556,,19.9383,3.9466,10.3857,27.3081,58.8174,79.8235,105.031,10.3857,-4.1211,7.68589,10.113013,1.919782,29,128,38,10,0E-8,0.00675737,,0.00800000,0.800000,0.928452,0.002516,,2026-05-25,2026-06-16,18,513,239,23,0.782609,,,0.000000,,,,,,,,GLOBAL_BASELINE_NO_ENTITY_RANKING,,,NOT_APPLICABLE_GLOBAL_BASELINE,HF9g-P5,,,,X 全窗基线 · 不参与实体赏罚,3922839,393,A168_HF9F_20260827_0900,2026-08-27 09:00:00
2026-05-31,150554671,2267,0,23.1068165109,13.7590589224,13.9439134545,1.0000000,2,1,0.42427082727308379,0.280106050000,1.1648970156161063,1.6031457840727341,1.1648970156161063,0.14416477727308379,ELIGIBLE,R03b_20260811_FULL_v1,L1_ELIGIBILITY,v2026-08-11,2026-03-21..2026-08-06,baccarat_bet02_101_all_pairs_incl_sentinel,round_win = game_pnl > 0 (decisive only),COMPATIBILITY_ONLY_NOT_PRODUCTION,55468.4231,51499.7495,374.8205,2782,1234,-0.00675737,,-0.00675737,-0.01418498,-374.8205,55468.4231,OK,411.9980,22.4892,6.0000,94.0000,AG03-UNRESOLVED,ALL5_LEVELS_bet23_to_bet27,22.4892,22.4892,22.4892,22.4892,22.4892,6.000000,6.000000,6.000000,6.000000,6.000000,94.000000,94.000000,94.000000,94.000000,94.000000,5.0,112.4461,99.7382,-149.6237,-136.9157,PENDING_AG03,FALSE,NOT_FOR_ENFORCEMENT,352.3312,48409.7645,-37.1775,-59.6668,-389.5088,-0.00067025,-0.00107569,22.4892,-59.6668,-0.00107569,22.4892,22.4892,22.4892,22.4892,22.4892,-59.6668,-0.00107569,112.4461,99.7382,-149.6237,-136.9157,-0.00269746,-0.00246835,-0.00702217,19.9383,41.7340,0.3037,20.8234,0.7306,3081.5791,68.5556,,19.9383,3.9466,10.3857,27.3081,58.8174,79.8235,105.031,10.3857,-4.1211,7.68589,10.113013,1.919782,29,128,38,10,0E-8,0.00675737,,0.00800000,0.800000,0.928452,0.002516,,2026-05-25,2026-06-16,18,513,239,23,0.782609,,,0.000000,,,,,,,,GLOBAL_BASELINE_NO_ENTITY_RANKING,,,NOT_APPLICABLE_GLOBAL_BASELINE,HF9g-P5,,,,X 全窗基线 · 不参与实体赏罚,3922840,393,A168_HF9F_20260827_0900,2026-08-27 09:00:00
2026-05-31,150554671,763,0,21.0061968281,-21.0061968281,-20.8381472534,0E-7,1,1,0.49324550000000000,0.493245500000,-0.9865810262130424,-0.9865810262130424,-0.9865810262130424,0E-17,ELIGIBLE,R03b_20260811_FULL_v1,L1_ELIGIBILITY,v2026-08-11,2026-03-21..2026-08-06,baccarat_bet02_101_all_pairs_incl_sentinel,round_win = game_pnl > 0 (decisive only),COMPATIBILITY_ONLY_NOT_PRODUCTION,55468.4231,51499.7495,374.8205,2782,1234,-0.00675737,,-0.00675737,-0.01418498,-374.8205,55468.4231,OK,411.9980,22.4892,6.0000,94.0000,AG03-UNRESOLVED,ALL5_LEVELS_bet23_to_bet27,22.4892,22.4892,22.4892,22.4892,22.4892,6.000000,6.000000,6.000000,6.000000,6.000000,94.000000,94.000000,94.000000,94.000000,94.000000,5.0,112.4461,99.7382,-149.6237,-136.9157,PENDING_AG03,FALSE,NOT_FOR_ENFORCEMENT,352.3312,48409.7645,-37.1775,-59.6668,-389.5088,-0.00067025,-0.00107569,22.4892,-59.6668,-0.00107569,22.4892,22.4892,22.4892,22.4892,22.4892,-59.6668,-0.00107569,112.4461,99.7382,-149.6237,-136.9157,-0.00269746,-0.00246835,-0.00702217,19.9383,41.7340,0.3037,20.8234,0.7306,3081.5791,68.5556,,19.9383,3.9466,10.3857,27.3081,58.8174,79.8235,105.031,10.3857,-4.1211,7.68589,10.113013,1.919782,29,128,38,10,0E-8,0.00675737,,0.00800000,0.800000,0.928452,0.002516,,2026-05-25,2026-06-16,18,513,239,23,0.782609,,,0.000000,,,,,,,,GLOBAL_BASELINE_NO_ENTITY_RANKING,,,NOT_APPLICABLE_GLOBAL_BASELINE,HF9g-P5,,,,X 全窗基线 · 不参与实体赏罚,3922841,393,A168_HF9F_20260827_0900,2026-08-27 09:00:00
2026-05-31,150554671,919,0,41.5429034335,-41.5429034335,-41.2105602061,0E-7,1,1,0.50665070000000000,0.506650700000,-1.013391052207602,-1.013391052207602,-1.013391052207602,0E-17,ELIGIBLE,R03b_20260811_FULL_v1,L1_ELIGIBILITY,v2026-08-11,2026-03-21..2026-08-06,baccarat_bet02_101_all_pairs_incl_sentinel,round_win = game_pnl > 0 (decisive only),COMPATIBILITY_ONLY_NOT_PRODUCTION,55468.4231,51499.7495,374.8205,2782,1234,-0.00675737,,-0.00675737,-0.01418498,-374.8205,55468.4231,OK,411.9980,22.4892,6.0000,94.0000,AG03-UNRESOLVED,ALL5_LEVELS_bet23_to_bet27,22.4892,22.4892,22.4892,22.4892,22.4892,6.000000,6.000000,6.000000,6.000000,6.000000,94.000000,94.000000,94.000000,94.000000,94.000000,5.0,112.4461,99.7382,-149.6237,-136.9157,PENDING_AG03,FALSE,NOT_FOR_ENFORCEMENT,352.3312,48409.7645,-37.1775,-59.6668,-389.5088,-0.00067025,-0.00107569,22.4892,-59.6668,-0.00107569,22.4892,22.4892,22.4892,22.4892,22.4892,-59.6668,-0.00107569,112.4461,99.7382,-149.6237,-136.9157,-0.00269746,-0.00246835,-0.00702217,19.9383,41.7340,0.3037,20.8234,0.7306,3081.5791,68.5556,,19.9383,3.9466,10.3857,27.3081,58.8174,79.8235,105.031,10.3857,-4.1211,7.68589,10.113013,1.919782,29,128,38,10,0E-8,0.00675737,,0.00800000,0.800000,0.928452,0.002516,,2026-05-25,2026-06-16,18,513,239,23,0.782609,,,0.000000,,,,,,,,GLOBAL_BASELINE_NO_ENTITY_RANKING,,,NOT_APPLICABLE_GLOBAL_BASELINE,HF9g-P5,,,,X 全窗基线 · 不参与实体赏罚,3922842,393,A168_HF9F_20260827_0900,2026-08-27 09:00:00
2026-06-01,150554671,-1,1,3900.8786324111,-208.4934466099,-178.0674241315,0.4210526,193,77,0.34997004339760833,0.232756789004,1.2992355853853688,3.8844525579023292,1.2992355853853688,0.11721325439360833,SENTINEL_DEALER,R03b_20260811_FULL_v1,L1_ELIGIBILITY,v2026-08-11,2026-03-21..2026-08-06,baccarat_bet02_101_all_pairs_incl_sentinel,round_win = game_pnl > 0 (decisive only),COMPATIBILITY_ONLY_NOT_PRODUCTION,55468.4231,51499.7495,374.8205,2782,1234,-0.00675737,,-0.00675737,-0.01418498,-374.8205,55468.4231,OK,411.9980,22.4892,6.0000,94.0000,AG03-UNRESOLVED,ALL5_LEVELS_bet23_to_bet27,22.4892,22.4892,22.4892,22.4892,22.4892,6.000000,6.000000,6.000000,6.000000,6.000000,94.000000,94.000000,94.000000,94.000000,94.000000,5.0,112.4461,99.7382,-149.6237,-136.9157,PENDING_AG03,FALSE,NOT_FOR_ENFORCEMENT,352.3312,48409.7645,-37.1775,-59.6668,-389.5088,-0.00067025,-0.00107569,22.4892,-59.6668,-0.00107569,22.4892,22.4892,22.4892,22.4892,22.4892,-59.6668,-0.00107569,112.4461,99.7382,-149.6237,-136.9157,-0.00269746,-0.00246835,-0.00702217,19.9383,41.7340,0.3037,20.8234,0.7306,3081.5791,68.5556,,19.9383,3.9466,10.3857,27.3081,58.8174,79.8235,105.031,10.3857,-4.1211,7.68589,10.113013,1.919782,29,128,38,10,0E-8,0.00675737,,0.00800000,0.800000,0.928452,0.002516,,2026-05-25,2026-06-16,18,513,239,23,0.782609,,,0.000000,,,,,,,,GLOBAL_BASELINE_NO_ENTITY_RANKING,,,NOT_APPLICABLE_GLOBAL_BASELINE,HF9g-P5,,,,X 全窗基线 · 不参与实体赏罚,3922843,393,A168_HF9F_20260827_0900,2026-08-27 09:00:00
2026-06-01,150554671,1205,0,41.5429034335,39.4657582618,39.7981014893,1.0000000,1,1,0.50665070000000000,0.506650700000,0.9867858985152569,0.9867858985152569,0.9867858985152569,0E-17,ELIGIBLE,R03b_20260811_FULL_v1,L1_ELIGIBILITY,v2026-08-11,2026-03-21..2026-08-06,baccarat_bet02_101_all_pairs_incl_sentinel,round_win = game_pnl > 0 (decisive only),COMPATIBILITY_ONLY_NOT_PRODUCTION,55468.4231,51499.7495,374.8205,2782,1234,-0.00675737,,-0.00675737,-0.01418498,-374.8205,55468.4231,OK,411.9980,22.4892,6.0000,94.0000,AG03-UNRESOLVED,ALL5_LEVELS_bet23_to_bet27,22.4892,22.4892,22.4892,22.4892,22.4892,6.000000,6.000000,6.000000,6.000000,6.000000,94.000000,94.000000,94.000000,94.000000,94.000000,5.0,112.4461,99.7382,-149.6237,-136.9157,PENDING_AG03,FALSE,NOT_FOR_ENFORCEMENT,352.3312,48409.7645,-37.1775,-59.6668,-389.5088,-0.00067025,-0.00107569,22.4892,-59.6668,-0.00107569,22.4892,22.4892,22.4892,22.4892,22.4892,-59.6668,-0.00107569,112.4461,99.7382,-149.6237,-136.9157,-0.00269746,-0.00246835,-0.00702217,19.9383,41.7340,0.3037,20.8234,0.7306,3081.5791,68.5556,,19.9383,3.9466,10.3857,27.3081,58.8174,79.8235,105.031,10.3857,-4.1211,7.68589,10.113013,1.919782,29,128,38,10,0E-8,0.00675737,,0.00800000,0.800000,0.928452,0.002516,,2026-05-25,2026-06-16,18,513,239,23,0.782609,,,0.000000,,,,,,,,GLOBAL_BASELINE_NO_ENTITY_RANKING,,,NOT_APPLICABLE_GLOBAL_BASELINE,HF9g-P5,,,,X 全窗基线 · 不参与实体赏罚,3922844,393,A168_HF9F_20260827_0900,2026-08-27 09:00:00
2026-06-01,150554671,1318,0,135.0144361590,108.0115489271,109.0916644164,1.0000000,2,1,0.47179767692302529,0.280106050000,1.0580891338960634,1.6031457840727341,1.0580891338960634,0.19169162692302529,ELIGIBLE,R03b_20260811_FULL_v1,L1_ELIGIBILITY,v2026-08-11,2026-03-21..2026-08-06,baccarat_bet02_101_all_pairs_incl_sentinel,round_win = game_pnl > 0 (decisive only),COMPATIBILITY_ONLY_NOT_PRODUCTION,55468.4231,51499.7495,374.8205,2782,1234,-0.00675737,,-0.00675737,-0.01418498,-374.8205,55468.4231,OK,411.9980,22.4892,6.0000,94.0000,AG03-UNRESOLVED,ALL5_LEVELS_bet23_to_bet27,22.4892,22.4892,22.4892,22.4892,22.4892,6.000000,6.000000,6.000000,6.000000,6.000000,94.000000,94.000000,94.000000,94.000000,94.000000,5.0,112.4461,99.7382,-149.6237,-136.9157,PENDING_AG03,FALSE,NOT_FOR_ENFORCEMENT,352.3312,48409.7645,-37.1775,-59.6668,-389.5088,-0.00067025,-0.00107569,22.4892,-59.6668,-0.00107569,22.4892,22.4892,22.4892,22.4892,22.4892,-59.6668,-0.00107569,112.4461,99.7382,-149.6237,-136.9157,-0.00269746,-0.00246835,-0.00702217,19.9383,41.7340,0.3037,20.8234,0.7306,3081.5791,68.5556,,19.9383,3.9466,10.3857,27.3081,58.8174,79.8235,105.031,10.3857,-4.1211,7.68589,10.113013,1.919782,29,128,38,10,0E-8,0.00675737,,0.00800000,0.800000,0.928452,0.002516,,2026-05-25,2026-06-16,18,513,239,23,0.782609,,,0.000000,,,,,,,,GLOBAL_BASELINE_NO_ENTITY_RANKING,,,NOT_APPLICABLE_GLOBAL_BASELINE,HF9g-P5,,,,X 全窗基线 · 不参与实体赏罚,3922845,393,A168_HF9F_20260827_0900,2026-08-27 09:00:00
2026-06-01,150554671,1323,0,31.1571775752,21.4984525268,21.7477099475,1.0000000,2,1,0.44623879333275165,0.280106050000,1.1139805364285993,1.6031457840727341,1.1139805364285993,0.16613274333275165,ELIGIBLE,R03b_20260811_FULL_v1,L1_ELIGIBILITY,v2026-08-11,2026-03-21..2026-08-06,baccarat_bet02_101_all_pairs_incl_sentinel,round_win = game_pnl > 0 (decisive only),COMPATIBILITY_ONLY_NOT_PRODUCTION,55468.4231,51499.7495,374.8205,2782,1234,-0.00675737,,-0.00675737,-0.01418498,-374.8205,55468.4231,OK,411.9980,22.4892,6.0000,94.0000,AG03-UNRESOLVED,ALL5_LEVELS_bet23_to_bet27,22.4892,22.4892,22.4892,22.4892,22.4892,6.000000,6.000000,6.000000,6.000000,6.000000,94.000000,94.000000,94.000000,94.000000,94.000000,5.0,112.4461,99.7382,-149.6237,-136.9157,PENDING_AG03,FALSE,NOT_FOR_ENFORCEMENT,352.3312,48409.7645,-37.1775,-59.6668,-389.5088,-0.00067025,-0.00107569,22.4892,-59.6668,-0.00107569,22.4892,22.4892,22.4892,22.4892,22.4892,-59.6668,-0.00107569,112.4461,99.7382,-149.6237,-136.9157,-0.00269746,-0.00246835,-0.00702217,19.9383,41.7340,0.3037,20.8234,0.7306,3081.5791,68.5556,,19.9383,3.9466,10.3857,27.3081,58.8174,79.8235,105.031,10.3857,-4.1211,7.68589,10.113013,1.919782,29,128,38,10,0E-8,0.00675737,,0.00800000,0.800000,0.928452,0.002516,,2026-05-25,2026-06-16,18,513,239,23,0.782609,,,0.000000,,,,,,,,GLOBAL_BASELINE_NO_ENTITY_RANKING,,,NOT_APPLICABLE_GLOBAL_BASELINE,HF9g-P5,,,,X 全窗基线 · 不参与实体赏罚,3922846,393,A168_HF9F_20260827_0900,2026-08-27 09:00:00
2026-06-01,150554671,1353,0,60.2372099786,-18.6943065451,-18.5447520927,0E-7,3,2,0.24234860833333334,0.166833725000,-0.7998352684343065,-0.6328358590274967,-0.7998352684343065,0.07551488333333334,ELIGIBLE,R03b_20260811_FULL_v1,L1_ELIGIBILITY,v2026-08-11,2026-03-21..2026-08-06,baccarat_bet02_101_all_pairs_incl_sentinel,round_win = game_pnl > 0 (decisive only),COMPATIBILITY_ONLY_NOT_PRODUCTION,55468.4231,51499.7495,374.8205,2782,1234,-0.00675737,,-0.00675737,-0.01418498,-374.8205,55468.4231,OK,411.9980,22.4892,6.0000,94.0000,AG03-UNRESOLVED,ALL5_LEVELS_bet23_to_bet27,22.4892,22.4892,22.4892,22.4892,22.4892,6.000000,6.000000,6.000000,6.000000,6.000000,94.000000,94.000000,94.000000,94.000000,94.000000,5.0,112.4461,99.7382,-149.6237,-136.9157,PENDING_AG03,FALSE,NOT_FOR_ENFORCEMENT,352.3312,48409.7645,-37.1775,-59.6668,-389.5088,-0.00067025,-0.00107569,22.4892,-59.6668,-0.00107569,22.4892,22.4892,22.4892,22.4892,22.4892,-59.6668,-0.00107569,112.4461,99.7382,-149.6237,-136.9157,-0.00269746,-0.00246835,-0.00702217,19.9383,41.7340,0.3037,20.8234,0.7306,3081.5791,68.5556,,19.9383,3.9466,10.3857,27.3081,58.8174,79.8235,105.031,10.3857,-4.1211,7.68589,10.113013,1.919782,29,128,38,10,0E-8,0.00675737,,0.00800000,0.800000,0.928452,0.002516,,2026-05-25,2026-06-16,18,513,239,23,0.782609,,,0.000000,,,,,,,,GLOBAL_BASELINE_NO_ENTITY_RANKING,,,NOT_APPLICABLE_GLOBAL_BASELINE,HF9g-P5,,,,X 全窗基线 · 不参与实体赏罚,3922847,393,A168_HF9F_20260827_0900,2026-08-27 09:00:00
2026-06-01,150554671,1396,0,58.1600648069,-58.1600648069,-57.6947842885,0E-7,2,1,0.44913928571446266,0.287416500000,-0.9029623068047358,-0.6350939377956173,-0.9029623068047358,0.16172278571446266,ELIGIBLE,R03b_20260811_FULL_v1,L1_ELIGIBILITY,v2026-08-11,2026-03-21..2026-08-06,baccarat_bet02_101_all_pairs_incl_sentinel,round_win = game_pnl > 0 (decisive only),COMPATIBILITY_ONLY_NOT_PRODUCTION,55468.4231,51499.7495,374.8205,2782,1234,-0.00675737,,-0.00675737,-0.01418498,-374.8205,55468.4231,OK,411.9980,22.4892,6.0000,94.0000,AG03-UNRESOLVED,ALL5_LEVELS_bet23_to_bet27,22.4892,22.4892,22.4892,22.4892,22.4892,6.000000,6.000000,6.000000,6.000000,6.000000,94.000000,94.000000,94.000000,94.000000,94.000000,5.0,112.4461,99.7382,-149.6237,-136.9157,PENDING_AG03,FALSE,NOT_FOR_ENFORCEMENT,352.3312,48409.7645,-37.1775,-59.6668,-389.5088,-0.00067025,-0.00107569,22.4892,-59.6668,-0.00107569,22.4892,22.4892,22.4892,22.4892,22.4892,-59.6668,-0.00107569,112.4461,99.7382,-149.6237,-136.9157,-0.00269746,-0.00246835,-0.00702217,19.9383,41.7340,0.3037,20.8234,0.7306,3081.5791,68.5556,,19.9383,3.9466,10.3857,27.3081,58.8174,79.8235,105.031,10.3857,-4.1211,7.68589,10.113013,1.919782,29,128,38,10,0E-8,0.00675737,,0.00800000,0.800000,0.928452,0.002516,,2026-05-25,2026-06-16,18,513,239,23,0.782609,,,0.000000,,,,,,,,GLOBAL_BASELINE_NO_ENTITY_RANKING,,,NOT_APPLICABLE_GLOBAL_BASELINE,HF9g-P5,,,,X 全窗基线 · 不参与实体赏罚,3922848,393,A168_HF9F_20260827_0900,2026-08-27 09:00:00
2026-06-01,150554671,1402,0,58.1600648069,0E-10,0E-10,,1,1,0.49324550000000000,0.493245500000,,,,0E-17,NO_DECISIVE_ROUND,R03b_20260811_FULL_v1,L1_ELIGIBILITY,v2026-08-11,2026-03-21..2026-08-06,baccarat_bet02_101_all_pairs_incl_sentinel,round_win = game_pnl > 0 (decisive only),COMPATIBILITY_ONLY_NOT_PRODUCTION,55468.4231,51499.7495,374.8205,2782,1234,-0.00675737,,-0.00675737,-0.01418498,-374.8205,55468.4231,OK,411.9980,22.4892,6.0000,94.0000,AG03-UNRESOLVED,ALL5_LEVELS_bet23_to_bet27,22.4892,22.4892,22.4892,22.4892,22.4892,6.000000,6.000000,6.000000,6.000000,6.000000,94.000000,94.000000,94.000000,94.000000,94.000000,5.0,112.4461,99.7382,-149.6237,-136.9157,PENDING_AG03,FALSE,NOT_FOR_ENFORCEMENT,352.3312,48409.7645,-37.1775,-59.6668,-389.5088,-0.00067025,-0.00107569,22.4892,-59.6668,-0.00107569,22.4892,22.4892,22.4892,22.4892,22.4892,-59.6668,-0.00107569,112.4461,99.7382,-149.6237,-136.9157,-0.00269746,-0.00246835,-0.00702217,19.9383,41.7340,0.3037,20.8234,0.7306,3081.5791,68.5556,,19.9383,3.9466,10.3857,27.3081,58.8174,79.8235,105.031,10.3857,-4.1211,7.68589,10.113013,1.919782,29,128,38,10,0E-8,0.00675737,,0.00800000,0.800000,0.928452,0.002516,,2026-05-25,2026-06-16,18,513,239,23,0.782609,,,0.000000,,,,,,,,GLOBAL_BASELINE_NO_ENTITY_RANKING,,,NOT_APPLICABLE_GLOBAL_BASELINE,HF9g-P5,,,,X 全窗基线 · 不参与实体赏罚,3922849,393,A168_HF9F_20260827_0900,2026-08-27 09:00:00
2026-06-01,150554671,1505,0,4.1542903434,-4.1542903434,-4.1210560206,0E-7,2,1,0.07469835000000000,0.074698350000,-0.2841278703448948,-0.28412787034489473,-0.2841278703448948,0E-17,ELIGIBLE,R03b_20260811_FULL_v1,L1_ELIGIBILITY,v2026-08-11,2026-03-21..2026-08-06,baccarat_bet02_101_all_pairs_incl_sentinel,round_win = game_pnl > 0 (decisive only),COMPATIBILITY_ONLY_NOT_PRODUCTION,55468.4231,51499.7495,374.8205,2782,1234,-0.00675737,,-0.00675737,-0.01418498,-374.8205,55468.4231,OK,411.9980,22.4892,6.0000,94.0000,AG03-UNRESOLVED,ALL5_LEVELS_bet23_to_bet27,22.4892,22.4892,22.4892,22.4892,22.4892,6.000000,6.000000,6.000000,6.000000,6.000000,94.000000,94.000000,94.000000,94.000000,94.000000,5.0,112.4461,99.7382,-149.6237,-136.9157,PENDING_AG03,FALSE,NOT_FOR_ENFORCEMENT,352.3312,48409.7645,-37.1775,-59.6668,-389.5088,-0.00067025,-0.00107569,22.4892,-59.6668,-0.00107569,22.4892,22.4892,22.4892,22.4892,22.4892,-59.6668,-0.00107569,112.4461,99.7382,-149.6237,-136.9157,-0.00269746,-0.00246835,-0.00702217,19.9383,41.7340,0.3037,20.8234,0.7306,3081.5791,68.5556,,19.9383,3.9466,10.3857,27.3081,58.8174,79.8235,105.031,10.3857,-4.1211,7.68589,10.113013,1.919782,29,128,38,10,0E-8,0.00675737,,0.00800000,0.800000,0.928452,0.002516,,2026-05-25,2026-06-16,18,513,239,23,0.782609,,,0.000000,,,,,,,,GLOBAL_BASELINE_NO_ENTITY_RANKING,,,NOT_APPLICABLE_GLOBAL_BASELINE,HF9g-P5,,,,X 全窗基线 · 不参与实体赏罚,3922850,393,A168_HF9F_20260827_0900,2026-08-27 09:00:00
2026-06-01,150554671,1507,0,74.7772261804,-9.9702968241,-9.3720790145,0.3333333,8,3,0.29841306333298629,0.164643952778,0.1321869426415571,0.7878429776619048,0.1321869426415571,0.13376911055498629,ELIGIBLE,R03b_20260811_FULL_v1,L1_ELIGIBILITY,v2026-08-11,2026-03-21..2026-08-06,baccarat_bet02_101_all_pairs_incl_sentinel,round_win = game_pnl > 0 (decisive only),COMPATIBILITY_ONLY_NOT_PRODUCTION,55468.4231,51499.7495,374.8205,2782,1234,-0.00675737,,-0.00675737,-0.01418498,-374.8205,55468.4231,OK,411.9980,22.4892,6.0000,94.0000,AG03-UNRESOLVED,ALL5_LEVELS_bet23_to_bet27,22.4892,22.4892,22.4892,22.4892,22.4892,6.000000,6.000000,6.000000,6.000000,6.000000,94.000000,94.000000,94.000000,94.000000,94.000000,5.0,112.4461,99.7382,-149.6237,-136.9157,PENDING_AG03,FALSE,NOT_FOR_ENFORCEMENT,352.3312,48409.7645,-37.1775,-59.6668,-389.5088,-0.00067025,-0.00107569,22.4892,-59.6668,-0.00107569,22.4892,22.4892,22.4892,22.4892,22.4892,-59.6668,-0.00107569,112.4461,99.7382,-149.6237,-136.9157,-0.00269746,-0.00246835,-0.00702217,19.9383,41.7340,0.3037,20.8234,0.7306,3081.5791,68.5556,,19.9383,3.9466,10.3857,27.3081,58.8174,79.8235,105.031,10.3857,-4.1211,7.68589,10.113013,1.919782,29,128,38,10,0E-8,0.00675737,,0.00800000,0.800000,0.928452,0.002516,,2026-05-25,2026-06-16,18,513,239,23,0.782609,,,0.000000,,,,,,,,GLOBAL_BASELINE_NO_ENTITY_RANKING,,,NOT_APPLICABLE_GLOBAL_BASELINE,HF9g-P5,,,,X 全窗基线 · 不参与实体赏罚,3922851,393,A168_HF9F_20260827_0900,2026-08-27 09:00:00
2026-06-01,150554671,1509,0,276.2603078330,42.5814760194,44.7915584819,0.5000000,15,6,0.43177014352540536,0.283958195833,0.33741295578297026,1.1735916947858906,0.33741295578297026,0.14781194769240536,ELIGIBLE,R03b_20260811_FULL_v1,L1_ELIGIBILITY,v2026-08-11,2026-03-21..2026-08-06,baccarat_bet02_101_all_pairs_incl_sentinel,round_win = game_pnl > 0 (decisive only),COMPATIBILITY_ONLY_NOT_PRODUCTION,55468.4231,51499.7495,374.8205,2782,1234,-0.00675737,,-0.00675737,-0.01418498,-374.8205,55468.4231,OK,411.9980,22.4892,6.0000,94.0000,AG03-UNRESOLVED,ALL5_LEVELS_bet23_to_bet27,22.4892,22.4892,22.4892,22.4892,22.4892,6.000000,6.000000,6.000000,6.000000,6.000000,94.000000,94.000000,94.000000,94.000000,94.000000,5.0,112.4461,99.7382,-149.6237,-136.9157,PENDING_AG03,FALSE,NOT_FOR_ENFORCEMENT,352.3312,48409.7645,-37.1775,-59.6668,-389.5088,-0.00067025,-0.00107569,22.4892,-59.6668,-0.00107569,22.4892,22.4892,22.4892,22.4892,22.4892,-59.6668,-0.00107569,112.4461,99.7382,-149.6237,-136.9157,-0.00269746,-0.00246835,-0.00702217,19.9383,41.7340,0.3037,20.8234,0.7306,3081.5791,68.5556,,19.9383,3.9466,10.3857,27.3081,58.8174,79.8235,105.031,10.3857,-4.1211,7.68589,10.113013,1.919782,29,128,38,10,0E-8,0.00675737,,0.00800000,0.800000,0.928452,0.002516,,2026-05-25,2026-06-16,18,513,239,23,0.782609,,,0.000000,,,,,,,,GLOBAL_BASELINE_NO_ENTITY_RANKING,,,NOT_APPLICABLE_GLOBAL_BASELINE,HF9g-P5,,,,X 全窗基线 · 不参与实体赏罚,3922852,393,A168_HF9F_20260827_0900,2026-08-27 09:00:00
2026-06-01,150554671,1942,0,83.0858068671,58.6793510998,59.3440375548,1.0000000,2,1,0.45001453749993183,0.280106050000,1.105509129052423,1.6031457840727341,1.105509129052423,0.16990848749993183,ELIGIBLE,R03b_20260811_FULL_v1,L1_ELIGIBILITY,v2026-08-11,2026-03-21..2026-08-06,baccarat_bet02_101_all_pairs_incl_sentinel,round_win = game_pnl > 0 (decisive only),COMPATIBILITY_ONLY_NOT_PRODUCTION,55468.4231,51499.7495,374.8205,2782,1234,-0.00675737,,-0.00675737,-0.01418498,-374.8205,55468.4231,OK,411.9980,22.4892,6.0000,94.0000,AG03-UNRESOLVED,ALL5_LEVELS_bet23_to_bet27,22.4892,22.4892,22.4892,22.4892,22.4892,6.000000,6.000000,6.000000,6.000000,6.000000,94.000000,94.000000,94.000000,94.000000,94.000000,5.0,112.4461,99.7382,-149.6237,-136.9157,PENDING_AG03,FALSE,NOT_FOR_ENFORCEMENT,352.3312,48409.7645,-37.1775,-59.6668,-389.5088,-0.00067025,-0.00107569,22.4892,-59.6668,-0.00107569,22.4892,22.4892,22.4892,22.4892,22.4892,-59.6668,-0.00107569,112.4461,99.7382,-149.6237,-136.9157,-0.00269746,-0.00246835,-0.00702217,19.9383,41.7340,0.3037,20.8234,0.7306,3081.5791,68.5556,,19.9383,3.9466,10.3857,27.3081,58.8174,79.8235,105.031,10.3857,-4.1211,7.68589,10.113013,1.919782,29,128,38,10,0E-8,0.00675737,,0.00800000,0.800000,0.928452,0.002516,,2026-05-25,2026-06-16,18,513,239,23,0.782609,,,0.000000,,,,,,,,GLOBAL_BASELINE_NO_ENTITY_RANKING,,,NOT_APPLICABLE_GLOBAL_BASELINE,HF9g-P5,,,,X 全窗基线 · 不参与实体赏罚,3922853,393,A168_HF9F_20260827_0900,2026-08-27 09:00:00
2026-06-01,150554671,1963,0,20.7714517168,19.7328791309,19.8990507447,1.0000000,1,1,0.50665070000000000,0.506650700000,0.9867858985152569,0.9867858985152569,0.9867858985152569,0E-17,ELIGIBLE,R03b_20260811_FULL_v1,L1_ELIGIBILITY,v2026-08-11,2026-03-21..2026-08-06,baccarat_bet02_101_all_pairs_incl_sentinel,round_win = game_pnl > 0 (decisive only),COMPATIBILITY_ONLY_NOT_PRODUCTION,55468.4231,51499.7495,374.8205,2782,1234,-0.00675737,,-0.00675737,-0.01418498,-374.8205,55468.4231,OK,411.9980,22.4892,6.0000,94.0000,AG03-UNRESOLVED,ALL5_LEVELS_bet23_to_bet27,22.4892,22.4892,22.4892,22.4892,22.4892,6.000000,6.000000,6.000000,6.000000,6.000000,94.000000,94.000000,94.000000,94.000000,94.000000,5.0,112.4461,99.7382,-149.6237,-136.9157,PENDING_AG03,FALSE,NOT_FOR_ENFORCEMENT,352.3312,48409.7645,-37.1775,-59.6668,-389.5088,-0.00067025,-0.00107569,22.4892,-59.6668,-0.00107569,22.4892,22.4892,22.4892,22.4892,22.4892,-59.6668,-0.00107569,112.4461,99.7382,-149.6237,-136.9157,-0.00269746,-0.00246835,-0.00702217,19.9383,41.7340,0.3037,20.8234,0.7306,3081.5791,68.5556,,19.9383,3.9466,10.3857,27.3081,58.8174,79.8235,105.031,10.3857,-4.1211,7.68589,10.113013,1.919782,29,128,38,10,0E-8,0.00675737,,0.00800000,0.800000,0.928452,0.002516,,2026-05-25,2026-06-16,18,513,239,23,0.782609,,,0.000000,,,,,,,,GLOBAL_BASELINE_NO_ENTITY_RANKING,,,NOT_APPLICABLE_GLOBAL_BASELINE,HF9g-P5,,,,X 全窗基线 · 不参与实体赏罚,3922854,393,A168_HF9F_20260827_0900,2026-08-27 09:00:00
2026-06-01,150554671,2089,0,155.7858878760,93.4715327252,94.7178198285,0.6000000,11,5,0.30324730999990063,0.222223225000,1.4435833388916943,2.0318799678156494,1.4435833388916943,0.08102408499990063,ELIGIBLE,R03b_20260811_FULL_v1,L1_ELIGIBILITY,v2026-08-11,2026-03-21..2026-08-06,baccarat_bet02_101_all_pairs_incl_sentinel,round_win = game_pnl > 0 (decisive only),COMPATIBILITY_ONLY_NOT_PRODUCTION,55468.4231,51499.7495,374.8205,2782,1234,-0.00675737,,-0.00675737,-0.01418498,-374.8205,55468.4231,OK,411.9980,22.4892,6.0000,94.0000,AG03-UNRESOLVED,ALL5_LEVELS_bet23_to_bet27,22.4892,22.4892,22.4892,22.4892,22.4892,6.000000,6.000000,6.000000,6.000000,6.000000,94.000000,94.000000,94.000000,94.000000,94.000000,5.0,112.4461,99.7382,-149.6237,-136.9157,PENDING_AG03,FALSE,NOT_FOR_ENFORCEMENT,352.3312,48409.7645,-37.1775,-59.6668,-389.5088,-0.00067025,-0.00107569,22.4892,-59.6668,-0.00107569,22.4892,22.4892,22.4892,22.4892,22.4892,-59.6668,-0.00107569,112.4461,99.7382,-149.6237,-136.9157,-0.00269746,-0.00246835,-0.00702217,19.9383,41.7340,0.3037,20.8234,0.7306,3081.5791,68.5556,,19.9383,3.9466,10.3857,27.3081,58.8174,79.8235,105.031,10.3857,-4.1211,7.68589,10.113013,1.919782,29,128,38,10,0E-8,0.00675737,,0.00800000,0.800000,0.928452,0.002516,,2026-05-25,2026-06-16,18,513,239,23,0.782609,,,0.000000,,,,,,,,GLOBAL_BASELINE_NO_ENTITY_RANKING,,,NOT_APPLICABLE_GLOBAL_BASELINE,HF9g-P5,,,,X 全窗基线 · 不参与实体赏罚,3922855,393,A168_HF9F_20260827_0900,2026-08-27 09:00:00
2026-06-01,150554671,2127,0,62.3143551503,-62.3143551503,-61.8158403091,0E-7,2,1,0.43113581666654548,0.280106050000,-0.8705681140090524,-0.6237735893609975,-0.8705681140090524,0.15102976666654548,ELIGIBLE,R03b_20260811_FULL_v1,L1_ELIGIBILITY,v2026-08-11,2026-03-21..2026-08-06,baccarat_bet02_101_all_pairs_incl_sentinel,round_win = game_pnl > 0 (decisive only),COMPATIBILITY_ONLY_NOT_PRODUCTION,55468.4231,51499.7495,374.8205,2782,1234,-0.00675737,,-0.00675737,-0.01418498,-374.8205,55468.4231,OK,411.9980,22.4892,6.0000,94.0000,AG03-UNRESOLVED,ALL5_LEVELS_bet23_to_bet27,22.4892,22.4892,22.4892,22.4892,22.4892,6.000000,6.000000,6.000000,6.000000,6.000000,94.000000,94.000000,94.000000,94.000000,94.000000,5.0,112.4461,99.7382,-149.6237,-136.9157,PENDING_AG03,FALSE,NOT_FOR_ENFORCEMENT,352.3312,48409.7645,-37.1775,-59.6668,-389.5088,-0.00067025,-0.00107569,22.4892,-59.6668,-0.00107569,22.4892,22.4892,22.4892,22.4892,22.4892,-59.6668,-0.00107569,112.4461,99.7382,-149.6237,-136.9157,-0.00269746,-0.00246835,-0.00702217,19.9383,41.7340,0.3037,20.8234,0.7306,3081.5791,68.5556,,19.9383,3.9466,10.3857,27.3081,58.8174,79.8235,105.031,10.3857,-4.1211,7.68589,10.113013,1.919782,29,128,38,10,0E-8,0.00675737,,0.00800000,0.800000,0.928452,0.002516,,2026-05-25,2026-06-16,18,513,239,23,0.782609,,,0.000000,,,,,,,,GLOBAL_BASELINE_NO_ENTITY_RANKING,,,NOT_APPLICABLE_GLOBAL_BASELINE,HF9g-P5,,,,X 全窗基线 · 不参与实体赏罚,3922856,393,A168_HF9F_20260827_0900,2026-08-27 09:00:00
2026-06-01,150554671,2147,0,41.5429034335,-41.5429034335,-41.2105602061,0E-7,1,1,0.50665070000000000,0.506650700000,-1.013391052207602,-1.013391052207602,-1.013391052207602,0E-17,ELIGIBLE,R03b_20260811_FULL_v1,L1_ELIGIBILITY,v2026-08-11,2026-03-21..2026-08-06,baccarat_bet02_101_all_pairs_incl_sentinel,round_win = game_pnl > 0 (decisive only),COMPATIBILITY_ONLY_NOT_PRODUCTION,55468.4231,51499.7495,374.8205,2782,1234,-0.00675737,,-0.00675737,-0.01418498,-374.8205,55468.4231,OK,411.9980,22.4892,6.0000,94.0000,AG03-UNRESOLVED,ALL5_LEVELS_bet23_to_bet27,22.4892,22.4892,22.4892,22.4892,22.4892,6.000000,6.000000,6.000000,6.000000,6.000000,94.000000,94.000000,94.000000,94.000000,94.000000,5.0,112.4461,99.7382,-149.6237,-136.9157,PENDING_AG03,FALSE,NOT_FOR_ENFORCEMENT,352.3312,48409.7645,-37.1775,-59.6668,-389.5088,-0.00067025,-0.00107569,22.4892,-59.6668,-0.00107569,22.4892,22.4892,22.4892,22.4892,22.4892,-59.6668,-0.00107569,112.4461,99.7382,-149.6237,-136.9157,-0.00269746,-0.00246835,-0.00702217,19.9383,41.7340,0.3037,20.8234,0.7306,3081.5791,68.5556,,19.9383,3.9466,10.3857,27.3081,58.8174,79.8235,105.031,10.3857,-4.1211,7.68589,10.113013,1.919782,29,128,38,10,0E-8,0.00675737,,0.00800000,0.800000,0.928452,0.002516,,2026-05-25,2026-06-16,18,513,239,23,0.782609,,,0.000000,,,,,,,,GLOBAL_BASELINE_NO_ENTITY_RANKING,,,NOT_APPLICABLE_GLOBAL_BASELINE,HF9g-P5,,,,X 全窗基线 · 不参与实体赏罚,3922857,393,A168_HF9F_20260827_0900,2026-08-27 09:00:00
2026-06-01,150554671,2153,0,74.7772261805,77.4775149034,78.0757327130,1.0000000,5,2,0.42901503333270301,0.252844066667,1.6315150316016345,2.4310519484802335,1.6315150316016345,0.17617096666570301,ELIGIBLE,R03b_20260811_FULL_v1,L1_ELIGIBILITY,v2026-08-11,2026-03-21..2026-08-06,baccarat_bet02_101_all_pairs_incl_sentinel,round_win = game_pnl > 0 (decisive only),COMPATIBILITY_ONLY_NOT_PRODUCTION,55468.4231,51499.7495,374.8205,2782,1234,-0.00675737,,-0.00675737,-0.01418498,-374.8205,55468.4231,OK,411.9980,22.4892,6.0000,94.0000,AG03-UNRESOLVED,ALL5_LEVELS_bet23_to_bet27,22.4892,22.4892,22.4892,22.4892,22.4892,6.000000,6.000000,6.000000,6.000000,6.000000,94.000000,94.000000,94.000000,94.000000,94.000000,5.0,112.4461,99.7382,-149.6237,-136.9157,PENDING_AG03,FALSE,NOT_FOR_ENFORCEMENT,352.3312,48409.7645,-37.1775,-59.6668,-389.5088,-0.00067025,-0.00107569,22.4892,-59.6668,-0.00107569,22.4892,22.4892,22.4892,22.4892,22.4892,-59.6668,-0.00107569,112.4461,99.7382,-149.6237,-136.9157,-0.00269746,-0.00246835,-0.00702217,19.9383,41.7340,0.3037,20.8234,0.7306,3081.5791,68.5556,,19.9383,3.9466,10.3857,27.3081,58.8174,79.8235,105.031,10.3857,-4.1211,7.68589,10.113013,1.919782,29,128,38,10,0E-8,0.00675737,,0.00800000,0.800000,0.928452,0.002516,,2026-05-25,2026-06-16,18,513,239,23,0.782609,,,0.000000,,,,,,,,GLOBAL_BASELINE_NO_ENTITY_RANKING,,,NOT_APPLICABLE_GLOBAL_BASELINE,HF9g-P5,,,,X 全窗基线 · 不参与实体赏罚,3922858,393,A168_HF9F_20260827_0900,2026-08-27 09:00:00
2026-06-01,150554671,2156,0,20.7714517168,90.5635294850,90.7297010988,1.0000000,2,1,0.41603283999912748,0.280106050000,1.1847600616444622,1.6031457840727341,1.1847600616444622,0.13592678999912748,ELIGIBLE,R03b_20260811_FULL_v1,L1_ELIGIBILITY,v2026-08-11,2026-03-21..2026-08-06,baccarat_bet02_101_all_pairs_incl_sentinel,round_win = game_pnl > 0 (decisive only),COMPATIBILITY_ONLY_NOT_PRODUCTION,55468.4231,51499.7495,374.8205,2782,1234,-0.00675737,,-0.00675737,-0.01418498,-374.8205,55468.4231,OK,411.9980,22.4892,6.0000,94.0000,AG03-UNRESOLVED,ALL5_LEVELS_bet23_to_bet27,22.4892,22.4892,22.4892,22.4892,22.4892,6.000000,6.000000,6.000000,6.000000,6.000000,94.000000,94.000000,94.000000,94.000000,94.000000,5.0,112.4461,99.7382,-149.6237,-136.9157,PENDING_AG03,FALSE,NOT_FOR_ENFORCEMENT,352.3312,48409.7645,-37.1775,-59.6668,-389.5088,-0.00067025,-0.00107569,22.4892,-59.6668,-0.00107569,22.4892,22.4892,22.4892,22.4892,22.4892,-59.6668,-0.00107569,112.4461,99.7382,-149.6237,-136.9157,-0.00269746,-0.00246835,-0.00702217,19.9383,41.7340,0.3037,20.8234,0.7306,3081.5791,68.5556,,19.9383,3.9466,10.3857,27.3081,58.8174,79.8235,105.031,10.3857,-4.1211,7.68589,10.113013,1.919782,29,128,38,10,0E-8,0.00675737,,0.00800000,0.800000,0.928452,0.002516,,2026-05-25,2026-06-16,18,513,239,23,0.782609,,,0.000000,,,,,,,,GLOBAL_BASELINE_NO_ENTITY_RANKING,,,NOT_APPLICABLE_GLOBAL_BASELINE,HF9g-P5,,,,X 全窗基线 · 不参与实体赏罚,3922859,393,A168_HF9F_20260827_0900,2026-08-27 09:00:00
2026-06-01,150554671,2169,0,41.5429034335,0E-10,0E-10,,1,1,0.50665070000000000,0.506650700000,,,,0E-17,NO_DECISIVE_ROUND,R03b_20260811_FULL_v1,L1_ELIGIBILITY,v2026-08-11,2026-03-21..2026-08-06,baccarat_bet02_101_all_pairs_incl_sentinel,round_win = game_pnl > 0 (decisive only),COMPATIBILITY_ONLY_NOT_PRODUCTION,55468.4231,51499.7495,374.8205,2782,1234,-0.00675737,,-0.00675737,-0.01418498,-374.8205,55468.4231,OK,411.9980,22.4892,6.0000,94.0000,AG03-UNRESOLVED,ALL5_LEVELS_bet23_to_bet27,22.4892,22.4892,22.4892,22.4892,22.4892,6.000000,6.000000,6.000000,6.000000,6.000000,94.000000,94.000000,94.000000,94.000000,94.000000,5.0,112.4461,99.7382,-149.6237,-136.9157,PENDING_AG03,FALSE,NOT_FOR_ENFORCEMENT,352.3312,48409.7645,-37.1775,-59.6668,-389.5088,-0.00067025,-0.00107569,22.4892,-59.6668,-0.00107569,22.4892,22.4892,22.4892,22.4892,22.4892,-59.6668,-0.00107569,112.4461,99.7382,-149.6237,-136.9157,-0.00269746,-0.00246835,-0.00702217,19.9383,41.7340,0.3037,20.8234,0.7306,3081.5791,68.5556,,19.9383,3.9466,10.3857,27.3081,58.8174,79.8235,105.031,10.3857,-4.1211,7.68589,10.113013,1.919782,29,128,38,10,0E-8,0.00675737,,0.00800000,0.800000,0.928452,0.002516,,2026-05-25,2026-06-16,18,513,239,23,0.782609,,,0.000000,,,,,,,,GLOBAL_BASELINE_NO_ENTITY_RANKING,,,NOT_APPLICABLE_GLOBAL_BASELINE,HF9g-P5,,,,X 全窗基线 · 不参与实体赏罚,3922860,393,A168_HF9F_20260827_0900,2026-08-27 09:00:00
2026-06-01,150554671,2171,0,103.8572585840,-2E-10,0.8308580687,0.6666667,10,3,0.43335190483343347,0.212295458333,0.8155033948782151,1.9245066009310547,0.8155033948782151,0.22105644650043347,ELIGIBLE,R03b_20260811_FULL_v1,L1_ELIGIBILITY,v2026-08-11,2026-03-21..2026-08-06,baccarat_bet02_101_all_pairs_incl_sentinel,round_win = game_pnl > 0 (decisive only),COMPATIBILITY_ONLY_NOT_PRODUCTION,55468.4231,51499.7495,374.8205,2782,1234,-0.00675737,,-0.00675737,-0.01418498,-374.8205,55468.4231,OK,411.9980,22.4892,6.0000,94.0000,AG03-UNRESOLVED,ALL5_LEVELS_bet23_to_bet27,22.4892,22.4892,22.4892,22.4892,22.4892,6.000000,6.000000,6.000000,6.000000,6.000000,94.000000,94.000000,94.000000,94.000000,94.000000,5.0,112.4461,99.7382,-149.6237,-136.9157,PENDING_AG03,FALSE,NOT_FOR_ENFORCEMENT,352.3312,48409.7645,-37.1775,-59.6668,-389.5088,-0.00067025,-0.00107569,22.4892,-59.6668,-0.00107569,22.4892,22.4892,22.4892,22.4892,22.4892,-59.6668,-0.00107569,112.4461,99.7382,-149.6237,-136.9157,-0.00269746,-0.00246835,-0.00702217,19.9383,41.7340,0.3037,20.8234,0.7306,3081.5791,68.5556,,19.9383,3.9466,10.3857,27.3081,58.8174,79.8235,105.031,10.3857,-4.1211,7.68589,10.113013,1.919782,29,128,38,10,0E-8,0.00675737,,0.00800000,0.800000,0.928452,0.002516,,2026-05-25,2026-06-16,18,513,239,23,0.782609,,,0.000000,,,,,,,,GLOBAL_BASELINE_NO_ENTITY_RANKING,,,NOT_APPLICABLE_GLOBAL_BASELINE,HF9g-P5,,,,X 全窗基线 · 不参与实体赏罚,3922861,393,A168_HF9F_20260827_0900,2026-08-27 09:00:00
2026-06-01,150554671,2175,0,33.2343227469,-33.2343227469,-32.9684481648,0E-7,4,2,0.24295093666611133,0.156437216667,-0.8011471157256194,-0.6090126764641314,-0.8011471157256194,0.08651371999911133,ELIGIBLE,R03b_20260811_FULL_v1,L1_ELIGIBILITY,v2026-08-11,2026-03-21..2026-08-06,baccarat_bet02_101_all_pairs_incl_sentinel,round_win = game_pnl > 0 (decisive only),COMPATIBILITY_ONLY_NOT_PRODUCTION,55468.4231,51499.7495,374.8205,2782,1234,-0.00675737,,-0.00675737,-0.01418498,-374.8205,55468.4231,OK,411.9980,22.4892,6.0000,94.0000,AG03-UNRESOLVED,ALL5_LEVELS_bet23_to_bet27,22.4892,22.4892,22.4892,22.4892,22.4892,6.000000,6.000000,6.000000,6.000000,6.000000,94.000000,94.000000,94.000000,94.000000,94.000000,5.0,112.4461,99.7382,-149.6237,-136.9157,PENDING_AG03,FALSE,NOT_FOR_ENFORCEMENT,352.3312,48409.7645,-37.1775,-59.6668,-389.5088,-0.00067025,-0.00107569,22.4892,-59.6668,-0.00107569,22.4892,22.4892,22.4892,22.4892,22.4892,-59.6668,-0.00107569,112.4461,99.7382,-149.6237,-136.9157,-0.00269746,-0.00246835,-0.00702217,19.9383,41.7340,0.3037,20.8234,0.7306,3081.5791,68.5556,,19.9383,3.9466,10.3857,27.3081,58.8174,79.8235,105.031,10.3857,-4.1211,7.68589,10.113013,1.919782,29,128,38,10,0E-8,0.00675737,,0.00800000,0.800000,0.928452,0.002516,,2026-05-25,2026-06-16,18,513,239,23,0.782609,,,0.000000,,,,,,,,GLOBAL_BASELINE_NO_ENTITY_RANKING,,,NOT_APPLICABLE_GLOBAL_BASELINE,HF9g-P5,,,,X 全窗基线 · 不参与实体赏罚,3922862,393,A168_HF9F_20260827_0900,2026-08-27 09:00:00
2026-06-01,150554671,2205,0,41.5429034335,41.5429034335,41.8752466610,1.0000000,1,1,0.49324550000000000,0.493245500000,1.01360149184955,1.01360149184955,1.01360149184955,0E-17,ELIGIBLE,R03b_20260811_FULL_v1,L1_ELIGIBILITY,v2026-08-11,2026-03-21..2026-08-06,baccarat_bet02_101_all_pairs_incl_sentinel,round_win = game_pnl > 0 (decisive only),COMPATIBILITY_ONLY_NOT_PRODUCTION,55468.4231,51499.7495,374.8205,2782,1234,-0.00675737,,-0.00675737,-0.01418498,-374.8205,55468.4231,OK,411.9980,22.4892,6.0000,94.0000,AG03-UNRESOLVED,ALL5_LEVELS_bet23_to_bet27,22.4892,22.4892,22.4892,22.4892,22.4892,6.000000,6.000000,6.000000,6.000000,6.000000,94.000000,94.000000,94.000000,94.000000,94.000000,5.0,112.4461,99.7382,-149.6237,-136.9157,PENDING_AG03,FALSE,NOT_FOR_ENFORCEMENT,352.3312,48409.7645,-37.1775,-59.6668,-389.5088,-0.00067025,-0.00107569,22.4892,-59.6668,-0.00107569,22.4892,22.4892,22.4892,22.4892,22.4892,-59.6668,-0.00107569,112.4461,99.7382,-149.6237,-136.9157,-0.00269746,-0.00246835,-0.00702217,19.9383,41.7340,0.3037,20.8234,0.7306,3081.5791,68.5556,,19.9383,3.9466,10.3857,27.3081,58.8174,79.8235,105.031,10.3857,-4.1211,7.68589,10.113013,1.919782,29,128,38,10,0E-8,0.00675737,,0.00800000,0.800000,0.928452,0.002516,,2026-05-25,2026-06-16,18,513,239,23,0.782609,,,0.000000,,,,,,,,GLOBAL_BASELINE_NO_ENTITY_RANKING,,,NOT_APPLICABLE_GLOBAL_BASELINE,HF9g-P5,,,,X 全窗基线 · 不参与实体赏罚,3922863,393,A168_HF9F_20260827_0900,2026-08-27 09:00:00
2026-06-01,150554671,2209,0,153.7087427040,-41.5429034336,-40.5624909125,0.3333333,6,4,0.48388393157871662,0.434555933333,-0.5217936894865407,-0.35368810004416573,-0.5217936894865407,0.04932799824571662,ELIGIBLE,R03b_20260811_FULL_v1,L1_ELIGIBILITY,v2026-08-11,2026-03-21..2026-08-06,baccarat_bet02_101_all_pairs_incl_sentinel,round_win = game_pnl > 0 (decisive only),COMPATIBILITY_ONLY_NOT_PRODUCTION,55468.4231,51499.7495,374.8205,2782,1234,-0.00675737,,-0.00675737,-0.01418498,-374.8205,55468.4231,OK,411.9980,22.4892,6.0000,94.0000,AG03-UNRESOLVED,ALL5_LEVELS_bet23_to_bet27,22.4892,22.4892,22.4892,22.4892,22.4892,6.000000,6.000000,6.000000,6.000000,6.000000,94.000000,94.000000,94.000000,94.000000,94.000000,5.0,112.4461,99.7382,-149.6237,-136.9157,PENDING_AG03,FALSE,NOT_FOR_ENFORCEMENT,352.3312,48409.7645,-37.1775,-59.6668,-389.5088,-0.00067025,-0.00107569,22.4892,-59.6668,-0.00107569,22.4892,22.4892,22.4892,22.4892,22.4892,-59.6668,-0.00107569,112.4461,99.7382,-149.6237,-136.9157,-0.00269746,-0.00246835,-0.00702217,19.9383,41.7340,0.3037,20.8234,0.7306,3081.5791,68.5556,,19.9383,3.9466,10.3857,27.3081,58.8174,79.8235,105.031,10.3857,-4.1211,7.68589,10.113013,1.919782,29,128,38,10,0E-8,0.00675737,,0.00800000,0.800000,0.928452,0.002516,,2026-05-25,2026-06-16,18,513,239,23,0.782609,,,0.000000,,,,,,,,GLOBAL_BASELINE_NO_ENTITY_RANKING,,,NOT_APPLICABLE_GLOBAL_BASELINE,HF9g-P5,,,,X 全窗基线 · 不参与实体赏罚,3922864,393,A168_HF9F_20260827_0900,2026-08-27 09:00:00
2026-06-01,150554671,2218,0,145.4001620174,-20.7714517168,-19.6082504206,0.5000000,3,2,0.47163001874996592,0.386675775000,0.0803719043854037,0.3290934312765982,0.0803719043854037,0.08495424374996592,ELIGIBLE,R03b_20260811_FULL_v1,L1_ELIGIBILITY,v2026-08-11,2026-03-21..2026-08-06,baccarat_bet02_101_all_pairs_incl_sentinel,round_win = game_pnl > 0 (decisive only),COMPATIBILITY_ONLY_NOT_PRODUCTION,55468.4231,51499.7495,374.8205,2782,1234,-0.00675737,,-0.00675737,-0.01418498,-374.8205,55468.4231,OK,411.9980,22.4892,6.0000,94.0000,AG03-UNRESOLVED,ALL5_LEVELS_bet23_to_bet27,22.4892,22.4892,22.4892,22.4892,22.4892,6.000000,6.000000,6.000000,6.000000,6.000000,94.000000,94.000000,94.000000,94.000000,94.000000,5.0,112.4461,99.7382,-149.6237,-136.9157,PENDING_AG03,FALSE,NOT_FOR_ENFORCEMENT,352.3312,48409.7645,-37.1775,-59.6668,-389.5088,-0.00067025,-0.00107569,22.4892,-59.6668,-0.00107569,22.4892,22.4892,22.4892,22.4892,22.4892,-59.6668,-0.00107569,112.4461,99.7382,-149.6237,-136.9157,-0.00269746,-0.00246835,-0.00702217,19.9383,41.7340,0.3037,20.8234,0.7306,3081.5791,68.5556,,19.9383,3.9466,10.3857,27.3081,58.8174,79.8235,105.031,10.3857,-4.1211,7.68589,10.113013,1.919782,29,128,38,10,0E-8,0.00675737,,0.00800000,0.800000,0.928452,0.002516,,2026-05-25,2026-06-16,18,513,239,23,0.782609,,,0.000000,,,,,,,,GLOBAL_BASELINE_NO_ENTITY_RANKING,,,NOT_APPLICABLE_GLOBAL_BASELINE,HF9g-P5,,,,X 全窗基线 · 不参与实体赏罚,3922865,393,A168_HF9F_20260827_0900,2026-08-27 09:00:00
2026-06-01,150554671,2223,0,201.4830816527,44.6586211910,46.2704858443,0.6666667,5,3,0.47116725863082329,0.351152533333,0.6783586299865806,1.1448807041139781,0.6783586299865806,0.12001472529782329,ELIGIBLE,R03b_20260811_FULL_v1,L1_ELIGIBILITY,v2026-08-11,2026-03-21..2026-08-06,baccarat_bet02_101_all_pairs_incl_sentinel,round_win = game_pnl > 0 (decisive only),COMPATIBILITY_ONLY_NOT_PRODUCTION,55468.4231,51499.7495,374.8205,2782,1234,-0.00675737,,-0.00675737,-0.01418498,-374.8205,55468.4231,OK,411.9980,22.4892,6.0000,94.0000,AG03-UNRESOLVED,ALL5_LEVELS_bet23_to_bet27,22.4892,22.4892,22.4892,22.4892,22.4892,6.000000,6.000000,6.000000,6.000000,6.000000,94.000000,94.000000,94.000000,94.000000,94.000000,5.0,112.4461,99.7382,-149.6237,-136.9157,PENDING_AG03,FALSE,NOT_FOR_ENFORCEMENT,352.3312,48409.7645,-37.1775,-59.6668,-389.5088,-0.00067025,-0.00107569,22.4892,-59.6668,-0.00107569,22.4892,22.4892,22.4892,22.4892,22.4892,-59.6668,-0.00107569,112.4461,99.7382,-149.6237,-136.9157,-0.00269746,-0.00246835,-0.00702217,19.9383,41.7340,0.3037,20.8234,0.7306,3081.5791,68.5556,,19.9383,3.9466,10.3857,27.3081,58.8174,79.8235,105.031,10.3857,-4.1211,7.68589,10.113013,1.919782,29,128,38,10,0E-8,0.00675737,,0.00800000,0.800000,0.928452,0.002516,,2026-05-25,2026-06-16,18,513,239,23,0.782609,,,0.000000,,,,,,,,GLOBAL_BASELINE_NO_ENTITY_RANKING,,,NOT_APPLICABLE_GLOBAL_BASELINE,HF9g-P5,,,,X 全窗基线 · 不参与实体赏罚,3922866,393,A168_HF9F_20260827_0900,2026-08-27 09:00:00
2026-06-01,150554671,2229,0,12.2551565129,11.6423986872,11.7404399393,1.0000000,1,1,0.50665070000000000,0.506650700000,0.9867858985152569,0.9867858985152569,0.9867858985152569,0E-17,ELIGIBLE,R03b_20260811_FULL_v1,L1_ELIGIBILITY,v2026-08-11,2026-03-21..2026-08-06,baccarat_bet02_101_all_pairs_incl_sentinel,round_win = game_pnl > 0 (decisive only),COMPATIBILITY_ONLY_NOT_PRODUCTION,55468.4231,51499.7495,374.8205,2782,1234,-0.00675737,,-0.00675737,-0.01418498,-374.8205,55468.4231,OK,411.9980,22.4892,6.0000,94.0000,AG03-UNRESOLVED,ALL5_LEVELS_bet23_to_bet27,22.4892,22.4892,22.4892,22.4892,22.4892,6.000000,6.000000,6.000000,6.000000,6.000000,94.000000,94.000000,94.000000,94.000000,94.000000,5.0,112.4461,99.7382,-149.6237,-136.9157,PENDING_AG03,FALSE,NOT_FOR_ENFORCEMENT,352.3312,48409.7645,-37.1775,-59.6668,-389.5088,-0.00067025,-0.00107569,22.4892,-59.6668,-0.00107569,22.4892,22.4892,22.4892,22.4892,22.4892,-59.6668,-0.00107569,112.4461,99.7382,-149.6237,-136.9157,-0.00269746,-0.00246835,-0.00702217,19.9383,41.7340,0.3037,20.8234,0.7306,3081.5791,68.5556,,19.9383,3.9466,10.3857,27.3081,58.8174,79.8235,105.031,10.3857,-4.1211,7.68589,10.113013,1.919782,29,128,38,10,0E-8,0.00675737,,0.00800000,0.800000,0.928452,0.002516,,2026-05-25,2026-06-16,18,513,239,23,0.782609,,,0.000000,,,,,,,,GLOBAL_BASELINE_NO_ENTITY_RANKING,,,NOT_APPLICABLE_GLOBAL_BASELINE,HF9g-P5,,,,X 全窗基线 · 不参与实体赏罚,3922867,393,A168_HF9F_20260827_0900,2026-08-27 09:00:00
2026-06-01,150554671,2241,0,31.1571775752,21.4984525268,21.7477099475,1.0000000,2,1,0.44623879333275165,0.280106050000,1.1139805364285993,1.6031457840727341,1.1139805364285993,0.16613274333275165,ELIGIBLE,R03b_20260811_FULL_v1,L1_ELIGIBILITY,v2026-08-11,2026-03-21..2026-08-06,baccarat_bet02_101_all_pairs_incl_sentinel,round_win = game_pnl > 0 (decisive only),COMPATIBILITY_ONLY_NOT_PRODUCTION,55468.4231,51499.7495,374.8205,2782,1234,-0.00675737,,-0.00675737,-0.01418498,-374.8205,55468.4231,OK,411.9980,22.4892,6.0000,94.0000,AG03-UNRESOLVED,ALL5_LEVELS_bet23_to_bet27,22.4892,22.4892,22.4892,22.4892,22.4892,6.000000,6.000000,6.000000,6.000000,6.000000,94.000000,94.000000,94.000000,94.000000,94.000000,5.0,112.4461,99.7382,-149.6237,-136.9157,PENDING_AG03,FALSE,NOT_FOR_ENFORCEMENT,352.3312,48409.7645,-37.1775,-59.6668,-389.5088,-0.00067025,-0.00107569,22.4892,-59.6668,-0.00107569,22.4892,22.4892,22.4892,22.4892,22.4892,-59.6668,-0.00107569,112.4461,99.7382,-149.6237,-136.9157,-0.00269746,-0.00246835,-0.00702217,19.9383,41.7340,0.3037,20.8234,0.7306,3081.5791,68.5556,,19.9383,3.9466,10.3857,27.3081,58.8174,79.8235,105.031,10.3857,-4.1211,7.68589,10.113013,1.919782,29,128,38,10,0E-8,0.00675737,,0.00800000,0.800000,0.928452,0.002516,,2026-05-25,2026-06-16,18,513,239,23,0.782609,,,0.000000,,,,,,,,GLOBAL_BASELINE_NO_ENTITY_RANKING,,,NOT_APPLICABLE_GLOBAL_BASELINE,HF9g-P5,,,,X 全窗基线 · 不参与实体赏罚,3922868,393,A168_HF9F_20260827_0900,2026-08-27 09:00:00
2026-06-01,150554671,2244,0,112.1658392707,-35.2076106601,-34.3102839457,0.2500000,11,4,0.31938001371350624,0.182378312500,-0.29761729179029417,0.3502298855707465,-0.29761729179029417,0.13700170121350624,ELIGIBLE,R03b_20260811_FULL_v1,L1_ELIGIBILITY,v2026-08-11,2026-03-21..2026-08-06,baccarat_bet02_101_all_pairs_incl_sentinel,round_win = game_pnl > 0 (decisive only),COMPATIBILITY_ONLY_NOT_PRODUCTION,55468.4231,51499.7495,374.8205,2782,1234,-0.00675737,,-0.00675737,-0.01418498,-374.8205,55468.4231,OK,411.9980,22.4892,6.0000,94.0000,AG03-UNRESOLVED,ALL5_LEVELS_bet23_to_bet27,22.4892,22.4892,22.4892,22.4892,22.4892,6.000000,6.000000,6.000000,6.000000,6.000000,94.000000,94.000000,94.000000,94.000000,94.000000,5.0,112.4461,99.7382,-149.6237,-136.9157,PENDING_AG03,FALSE,NOT_FOR_ENFORCEMENT,352.3312,48409.7645,-37.1775,-59.6668,-389.5088,-0.00067025,-0.00107569,22.4892,-59.6668,-0.00107569,22.4892,22.4892,22.4892,22.4892,22.4892,-59.6668,-0.00107569,112.4461,99.7382,-149.6237,-136.9157,-0.00269746,-0.00246835,-0.00702217,19.9383,41.7340,0.3037,20.8234,0.7306,3081.5791,68.5556,,19.9383,3.9466,10.3857,27.3081,58.8174,79.8235,105.031,10.3857,-4.1211,7.68589,10.113013,1.919782,29,128,38,10,0E-8,0.00675737,,0.00800000,0.800000,0.928452,0.002516,,2026-05-25,2026-06-16,18,513,239,23,0.782609,,,0.000000,,,,,,,,GLOBAL_BASELINE_NO_ENTITY_RANKING,,,NOT_APPLICABLE_GLOBAL_BASELINE,HF9g-P5,,,,X 全窗基线 · 不参与实体赏罚,3922869,393,A168_HF9F_20260827_0900,2026-08-27 09:00:00
2026-06-01,150554671,2248,0,27.0028872318,-27.0028872318,-26.7868641339,0E-7,2,1,0.43694465384537942,0.280106050000,-0.8809224374603022,-0.6237735893609975,-0.8809224374603022,0.15683860384537942,ELIGIBLE,R03b_20260811_FULL_v1,L1_ELIGIBILITY,v2026-08-11,2026-03-21..2026-08-06,baccarat_bet02_101_all_pairs_incl_sentinel,round_win = game_pnl > 0 (decisive only),COMPATIBILITY_ONLY_NOT_PRODUCTION,55468.4231,51499.7495,374.8205,2782,1234,-0.00675737,,-0.00675737,-0.01418498,-374.8205,55468.4231,OK,411.9980,22.4892,6.0000,94.0000,AG03-UNRESOLVED,ALL5_LEVELS_bet23_to_bet27,22.4892,22.4892,22.4892,22.4892,22.4892,6.000000,6.000000,6.000000,6.000000,6.000000,94.000000,94.000000,94.000000,94.000000,94.000000,5.0,112.4461,99.7382,-149.6237,-136.9157,PENDING_AG03,FALSE,NOT_FOR_ENFORCEMENT,352.3312,48409.7645,-37.1775,-59.6668,-389.5088,-0.00067025,-0.00107569,22.4892,-59.6668,-0.00107569,22.4892,22.4892,22.4892,22.4892,22.4892,-59.6668,-0.00107569,112.4461,99.7382,-149.6237,-136.9157,-0.00269746,-0.00246835,-0.00702217,19.9383,41.7340,0.3037,20.8234,0.7306,3081.5791,68.5556,,19.9383,3.9466,10.3857,27.3081,58.8174,79.8235,105.031,10.3857,-4.1211,7.68589,10.113013,1.919782,29,128,38,10,0E-8,0.00675737,,0.00800000,0.800000,0.928452,0.002516,,2026-05-25,2026-06-16,18,513,239,23,0.782609,,,0.000000,,,,,,,,GLOBAL_BASELINE_NO_ENTITY_RANKING,,,NOT_APPLICABLE_GLOBAL_BASELINE,HF9g-P5,,,,X 全窗基线 · 不参与实体赏罚,3922870,393,A168_HF9F_20260827_0900,2026-08-27 09:00:00
2026-06-01,150554671,2256,0,68.5457906653,-68.5457906653,-67.9974243400,0E-7,2,1,0.45582204545470924,0.287416500000,-0.915223559004085,-0.6350939377956173,-0.915223559004085,0.16840554545470924,ELIGIBLE,R03b_20260811_FULL_v1,L1_ELIGIBILITY,v2026-08-11,2026-03-21..2026-08-06,baccarat_bet02_101_all_pairs_incl_sentinel,round_win = game_pnl > 0 (decisive only),COMPATIBILITY_ONLY_NOT_PRODUCTION,55468.4231,51499.7495,374.8205,2782,1234,-0.00675737,,-0.00675737,-0.01418498,-374.8205,55468.4231,OK,411.9980,22.4892,6.0000,94.0000,AG03-UNRESOLVED,ALL5_LEVELS_bet23_to_bet27,22.4892,22.4892,22.4892,22.4892,22.4892,6.000000,6.000000,6.000000,6.000000,6.000000,94.000000,94.000000,94.000000,94.000000,94.000000,5.0,112.4461,99.7382,-149.6237,-136.9157,PENDING_AG03,FALSE,NOT_FOR_ENFORCEMENT,352.3312,48409.7645,-37.1775,-59.6668,-389.5088,-0.00067025,-0.00107569,22.4892,-59.6668,-0.00107569,22.4892,22.4892,22.4892,22.4892,22.4892,-59.6668,-0.00107569,112.4461,99.7382,-149.6237,-136.9157,-0.00269746,-0.00246835,-0.00702217,19.9383,41.7340,0.3037,20.8234,0.7306,3081.5791,68.5556,,19.9383,3.9466,10.3857,27.3081,58.8174,79.8235,105.031,10.3857,-4.1211,7.68589,10.113013,1.919782,29,128,38,10,0E-8,0.00675737,,0.00800000,0.800000,0.928452,0.002516,,2026-05-25,2026-06-16,18,513,239,23,0.782609,,,0.000000,,,,,,,,GLOBAL_BASELINE_NO_ENTITY_RANKING,,,NOT_APPLICABLE_GLOBAL_BASELINE,HF9g-P5,,,,X 全窗基线 · 不参与实体赏罚,3922871,393,A168_HF9F_20260827_0900,2026-08-27 09:00:00
2026-06-01,150554671,2266,0,54.0057744636,-54.0057744636,-53.5737282679,0E-7,3,1,0.40524866153817393,0.218271633333,-0.8254543880129905,-0.5284096173047961,-0.8254543880129905,0.18697702820517393,ELIGIBLE,R03b_20260811_FULL_v1,L1_ELIGIBILITY,v2026-08-11,2026-03-21..2026-08-06,baccarat_bet02_101_all_pairs_incl_sentinel,round_win = game_pnl > 0 (decisive only),COMPATIBILITY_ONLY_NOT_PRODUCTION,55468.4231,51499.7495,374.8205,2782,1234,-0.00675737,,-0.00675737,-0.01418498,-374.8205,55468.4231,OK,411.9980,22.4892,6.0000,94.0000,AG03-UNRESOLVED,ALL5_LEVELS_bet23_to_bet27,22.4892,22.4892,22.4892,22.4892,22.4892,6.000000,6.000000,6.000000,6.000000,6.000000,94.000000,94.000000,94.000000,94.000000,94.000000,5.0,112.4461,99.7382,-149.6237,-136.9157,PENDING_AG03,FALSE,NOT_FOR_ENFORCEMENT,352.3312,48409.7645,-37.1775,-59.6668,-389.5088,-0.00067025,-0.00107569,22.4892,-59.6668,-0.00107569,22.4892,22.4892,22.4892,22.4892,22.4892,-59.6668,-0.00107569,112.4461,99.7382,-149.6237,-136.9157,-0.00269746,-0.00246835,-0.00702217,19.9383,41.7340,0.3037,20.8234,0.7306,3081.5791,68.5556,,19.9383,3.9466,10.3857,27.3081,58.8174,79.8235,105.031,10.3857,-4.1211,7.68589,10.113013,1.919782,29,128,38,10,0E-8,0.00675737,,0.00800000,0.800000,0.928452,0.002516,,2026-05-25,2026-06-16,18,513,239,23,0.782609,,,0.000000,,,,,,,,GLOBAL_BASELINE_NO_ENTITY_RANKING,,,NOT_APPLICABLE_GLOBAL_BASELINE,HF9g-P5,,,,X 全窗基线 · 不参与实体赏罚,3922872,393,A168_HF9F_20260827_0900,2026-08-27 09:00:00
2026-06-01,150554671,595,0,62.3143551503,-62.3143551503,-61.8158403091,0E-7,1,1,0.50665070000000000,0.506650700000,-1.013391052207602,-1.013391052207602,-1.013391052207602,0E-17,ELIGIBLE,R03b_20260811_FULL_v1,L1_ELIGIBILITY,v2026-08-11,2026-03-21..2026-08-06,baccarat_bet02_101_all_pairs_incl_sentinel,round_win = game_pnl > 0 (decisive only),COMPATIBILITY_ONLY_NOT_PRODUCTION,55468.4231,51499.7495,374.8205,2782,1234,-0.00675737,,-0.00675737,-0.01418498,-374.8205,55468.4231,OK,411.9980,22.4892,6.0000,94.0000,AG03-UNRESOLVED,ALL5_LEVELS_bet23_to_bet27,22.4892,22.4892,22.4892,22.4892,22.4892,6.000000,6.000000,6.000000,6.000000,6.000000,94.000000,94.000000,94.000000,94.000000,94.000000,5.0,112.4461,99.7382,-149.6237,-136.9157,PENDING_AG03,FALSE,NOT_FOR_ENFORCEMENT,352.3312,48409.7645,-37.1775,-59.6668,-389.5088,-0.00067025,-0.00107569,22.4892,-59.6668,-0.00107569,22.4892,22.4892,22.4892,22.4892,22.4892,-59.6668,-0.00107569,112.4461,99.7382,-149.6237,-136.9157,-0.00269746,-0.00246835,-0.00702217,19.9383,41.7340,0.3037,20.8234,0.7306,3081.5791,68.5556,,19.9383,3.9466,10.3857,27.3081,58.8174,79.8235,105.031,10.3857,-4.1211,7.68589,10.113013,1.919782,29,128,38,10,0E-8,0.00675737,,0.00800000,0.800000,0.928452,0.002516,,2026-05-25,2026-06-16,18,513,239,23,0.782609,,,0.000000,,,,,,,,GLOBAL_BASELINE_NO_ENTITY_RANKING,,,NOT_APPLICABLE_GLOBAL_BASELINE,HF9g-P5,,,,X 全窗基线 · 不参与实体赏罚,3922873,393,A168_HF9F_20260827_0900,2026-08-27 09:00:00
2026-06-01,150554671,789,0,51.9286292919,49.3321978273,49.7476268616,1.0000000,1,1,0.50665070000000000,0.506650700000,0.9867858985152569,0.9867858985152569,0.9867858985152569,0E-17,ELIGIBLE,R03b_20260811_FULL_v1,L1_ELIGIBILITY,v2026-08-11,2026-03-21..2026-08-06,baccarat_bet02_101_all_pairs_incl_sentinel,round_win = game_pnl > 0 (decisive only),COMPATIBILITY_ONLY_NOT_PRODUCTION,55468.4231,51499.7495,374.8205,2782,1234,-0.00675737,,-0.00675737,-0.01418498,-374.8205,55468.4231,OK,411.9980,22.4892,6.0000,94.0000,AG03-UNRESOLVED,ALL5_LEVELS_bet23_to_bet27,22.4892,22.4892,22.4892,22.4892,22.4892,6.000000,6.000000,6.000000,6.000000,6.000000,94.000000,94.000000,94.000000,94.000000,94.000000,5.0,112.4461,99.7382,-149.6237,-136.9157,PENDING_AG03,FALSE,NOT_FOR_ENFORCEMENT,352.3312,48409.7645,-37.1775,-59.6668,-389.5088,-0.00067025,-0.00107569,22.4892,-59.6668,-0.00107569,22.4892,22.4892,22.4892,22.4892,22.4892,-59.6668,-0.00107569,112.4461,99.7382,-149.6237,-136.9157,-0.00269746,-0.00246835,-0.00702217,19.9383,41.7340,0.3037,20.8234,0.7306,3081.5791,68.5556,,19.9383,3.9466,10.3857,27.3081,58.8174,79.8235,105.031,10.3857,-4.1211,7.68589,10.113013,1.919782,29,128,38,10,0E-8,0.00675737,,0.00800000,0.800000,0.928452,0.002516,,2026-05-25,2026-06-16,18,513,239,23,0.782609,,,0.000000,,,,,,,,GLOBAL_BASELINE_NO_ENTITY_RANKING,,,NOT_APPLICABLE_GLOBAL_BASELINE,HF9g-P5,,,,X 全窗基线 · 不参与实体赏罚,3922874,393,A168_HF9F_20260827_0900,2026-08-27 09:00:00
2026-06-01,150554671,948,0,20.7714517168,-20.7714517168,-20.6052801030,0E-7,1,1,0.49324550000000000,0.493245500000,-0.9865810262130424,-0.9865810262130424,-0.9865810262130424,0E-17,ELIGIBLE,R03b_20260811_FULL_v1,L1_ELIGIBILITY,v2026-08-11,2026-03-21..2026-08-06,baccarat_bet02_101_all_pairs_incl_sentinel,round_win = game_pnl > 0 (decisive only),COMPATIBILITY_ONLY_NOT_PRODUCTION,55468.4231,51499.7495,374.8205,2782,1234,-0.00675737,,-0.00675737,-0.01418498,-374.8205,55468.4231,OK,411.9980,22.4892,6.0000,94.0000,AG03-UNRESOLVED,ALL5_LEVELS_bet23_to_bet27,22.4892,22.4892,22.4892,22.4892,22.4892,6.000000,6.000000,6.000000,6.000000,6.000000,94.000000,94.000000,94.000000,94.000000,94.000000,5.0,112.4461,99.7382,-149.6237,-136.9157,PENDING_AG03,FALSE,NOT_FOR_ENFORCEMENT,352.3312,48409.7645,-37.1775,-59.6668,-389.5088,-0.00067025,-0.00107569,22.4892,-59.6668,-0.00107569,22.4892,22.4892,22.4892,22.4892,22.4892,-59.6668,-0.00107569,112.4461,99.7382,-149.6237,-136.9157,-0.00269746,-0.00246835,-0.00702217,19.9383,41.7340,0.3037,20.8234,0.7306,3081.5791,68.5556,,19.9383,3.9466,10.3857,27.3081,58.8174,79.8235,105.031,10.3857,-4.1211,7.68589,10.113013,1.919782,29,128,38,10,0E-8,0.00675737,,0.00800000,0.800000,0.928452,0.002516,,2026-05-25,2026-06-16,18,513,239,23,0.782609,,,0.000000,,,,,,,,GLOBAL_BASELINE_NO_ENTITY_RANKING,,,NOT_APPLICABLE_GLOBAL_BASELINE,HF9g-P5,,,,X 全窗基线 · 不参与实体赏罚,3922875,393,A168_HF9F_20260827_0900,2026-08-27 09:00:00
2026-06-02,150554671,-1,1,1235.9013771488,-254.2633404666,-244.9942878502,0.3611111,83,36,0.38670556461603788,0.263155186204,-0.3153351534230772,1.3347132681287763,-0.3153351534230772,0.12355037841203788,SENTINEL_DEALER,R03b_20260811_FULL_v1,L1_ELIGIBILITY,v2026-08-11,2026-03-21..2026-08-06,baccarat_bet02_101_all_pairs_incl_sentinel,round_win = game_pnl > 0 (decisive only),COMPATIBILITY_ONLY_NOT_PRODUCTION,55468.4231,51499.7495,374.8205,2782,1234,-0.00675737,,-0.00675737,-0.01418498,-374.8205,55468.4231,OK,411.9980,22.4892,6.0000,94.0000,AG03-UNRESOLVED,ALL5_LEVELS_bet23_to_bet27,22.4892,22.4892,22.4892,22.4892,22.4892,6.000000,6.000000,6.000000,6.000000,6.000000,94.000000,94.000000,94.000000,94.000000,94.000000,5.0,112.4461,99.7382,-149.6237,-136.9157,PENDING_AG03,FALSE,NOT_FOR_ENFORCEMENT,352.3312,48409.7645,-37.1775,-59.6668,-389.5088,-0.00067025,-0.00107569,22.4892,-59.6668,-0.00107569,22.4892,22.4892,22.4892,22.4892,22.4892,-59.6668,-0.00107569,112.4461,99.7382,-149.6237,-136.9157,-0.00269746,-0.00246835,-0.00702217,19.9383,41.7340,0.3037,20.8234,0.7306,3081.5791,68.5556,,19.9383,3.9466,10.3857,27.3081,58.8174,79.8235,105.031,10.3857,-4.1211,7.68589,10.113013,1.919782,29,128,38,10,0E-8,0.00675737,,0.00800000,0.800000,0.928452,0.002516,,2026-05-25,2026-06-16,18,513,239,23,0.782609,,,0.000000,,,,,,,,GLOBAL_BASELINE_NO_ENTITY_RANKING,,,NOT_APPLICABLE_GLOBAL_BASELINE,HF9g-P5,,,,X 全窗基线 · 不参与实体赏罚,3922876,393,A168_HF9F_20260827_0900,2026-08-27 09:00:00
2026-06-02,150554671,1304,0,27.0028872319,-27.0028872319,-26.7868641339,0E-7,3,1,0.40524866153771049,0.218271633333,-0.825454388012197,-0.5284096173047961,-0.825454388012197,0.18697702820471049,ELIGIBLE,R03b_20260811_FULL_v1,L1_ELIGIBILITY,v2026-08-11,2026-03-21..2026-08-06,baccarat_bet02_101_all_pairs_incl_sentinel,round_win = game_pnl > 0 (decisive only),COMPATIBILITY_ONLY_NOT_PRODUCTION,55468.4231,51499.7495,374.8205,2782,1234,-0.00675737,,-0.00675737,-0.01418498,-374.8205,55468.4231,OK,411.9980,22.4892,6.0000,94.0000,AG03-UNRESOLVED,ALL5_LEVELS_bet23_to_bet27,22.4892,22.4892,22.4892,22.4892,22.4892,6.000000,6.000000,6.000000,6.000000,6.000000,94.000000,94.000000,94.000000,94.000000,94.000000,5.0,112.4461,99.7382,-149.6237,-136.9157,PENDING_AG03,FALSE,NOT_FOR_ENFORCEMENT,352.3312,48409.7645,-37.1775,-59.6668,-389.5088,-0.00067025,-0.00107569,22.4892,-59.6668,-0.00107569,22.4892,22.4892,22.4892,22.4892,22.4892,-59.6668,-0.00107569,112.4461,99.7382,-149.6237,-136.9157,-0.00269746,-0.00246835,-0.00702217,19.9383,41.7340,0.3037,20.8234,0.7306,3081.5791,68.5556,,19.9383,3.9466,10.3857,27.3081,58.8174,79.8235,105.031,10.3857,-4.1211,7.68589,10.113013,1.919782,29,128,38,10,0E-8,0.00675737,,0.00800000,0.800000,0.928452,0.002516,,2026-05-25,2026-06-16,18,513,239,23,0.782609,,,0.000000,,,,,,,,GLOBAL_BASELINE_NO_ENTITY_RANKING,,,NOT_APPLICABLE_GLOBAL_BASELINE,HF9g-P5,,,,X 全窗基线 · 不参与实体赏罚,3922877,393,A168_HF9F_20260827_0900,2026-08-27 09:00:00
2026-06-02,150554671,1384,0,21.6023097855,-21.6023097855,-21.4294913071,0E-7,4,1,0.38001666153740637,0.177402200000,-0.7829090440410946,-0.46439306844574846,-0.7829090440410946,0.20261446153740637,ELIGIBLE,R03b_20260811_FULL_v1,L1_ELIGIBILITY,v2026-08-11,2026-03-21..2026-08-06,baccarat_bet02_101_all_pairs_incl_sentinel,round_win = game_pnl > 0 (decisive only),COMPATIBILITY_ONLY_NOT_PRODUCTION,55468.4231,51499.7495,374.8205,2782,1234,-0.00675737,,-0.00675737,-0.01418498,-374.8205,55468.4231,OK,411.9980,22.4892,6.0000,94.0000,AG03-UNRESOLVED,ALL5_LEVELS_bet23_to_bet27,22.4892,22.4892,22.4892,22.4892,22.4892,6.000000,6.000000,6.000000,6.000000,6.000000,94.000000,94.000000,94.000000,94.000000,94.000000,5.0,112.4461,99.7382,-149.6237,-136.9157,PENDING_AG03,FALSE,NOT_FOR_ENFORCEMENT,352.3312,48409.7645,-37.1775,-59.6668,-389.5088,-0.00067025,-0.00107569,22.4892,-59.6668,-0.00107569,22.4892,22.4892,22.4892,22.4892,22.4892,-59.6668,-0.00107569,112.4461,99.7382,-149.6237,-136.9157,-0.00269746,-0.00246835,-0.00702217,19.9383,41.7340,0.3037,20.8234,0.7306,3081.5791,68.5556,,19.9383,3.9466,10.3857,27.3081,58.8174,79.8235,105.031,10.3857,-4.1211,7.68589,10.113013,1.919782,29,128,38,10,0E-8,0.00675737,,0.00800000,0.800000,0.928452,0.002516,,2026-05-25,2026-06-16,18,513,239,23,0.782609,,,0.000000,,,,,,,,GLOBAL_BASELINE_NO_ENTITY_RANKING,,,NOT_APPLICABLE_GLOBAL_BASELINE,HF9g-P5,,,,X 全窗基线 · 不参与实体赏罚,3922878,393,A168_HF9F_20260827_0900,2026-08-27 09:00:00
2026-06-02,150554671,1985,0,35.3114679186,-35.3114679186,-35.0289761751,0E-7,5,1,0.37829004117538006,0.160842320000,-0.7800429966728234,-0.4378026415079444,-0.7800429966728234,0.21744772117538006,ELIGIBLE,R03b_20260811_FULL_v1,L1_ELIGIBILITY,v2026-08-11,2026-03-21..2026-08-06,baccarat_bet02_101_all_pairs_incl_sentinel,round_win = game_pnl > 0 (decisive only),COMPATIBILITY_ONLY_NOT_PRODUCTION,55468.4231,51499.7495,374.8205,2782,1234,-0.00675737,,-0.00675737,-0.01418498,-374.8205,55468.4231,OK,411.9980,22.4892,6.0000,94.0000,AG03-UNRESOLVED,ALL5_LEVELS_bet23_to_bet27,22.4892,22.4892,22.4892,22.4892,22.4892,6.000000,6.000000,6.000000,6.000000,6.000000,94.000000,94.000000,94.000000,94.000000,94.000000,5.0,112.4461,99.7382,-149.6237,-136.9157,PENDING_AG03,FALSE,NOT_FOR_ENFORCEMENT,352.3312,48409.7645,-37.1775,-59.6668,-389.5088,-0.00067025,-0.00107569,22.4892,-59.6668,-0.00107569,22.4892,22.4892,22.4892,22.4892,22.4892,-59.6668,-0.00107569,112.4461,99.7382,-149.6237,-136.9157,-0.00269746,-0.00246835,-0.00702217,19.9383,41.7340,0.3037,20.8234,0.7306,3081.5791,68.5556,,19.9383,3.9466,10.3857,27.3081,58.8174,79.8235,105.031,10.3857,-4.1211,7.68589,10.113013,1.919782,29,128,38,10,0E-8,0.00675737,,0.00800000,0.800000,0.928452,0.002516,,2026-05-25,2026-06-16,18,513,239,23,0.782609,,,0.000000,,,,,,,,GLOBAL_BASELINE_NO_ENTITY_RANKING,,,NOT_APPLICABLE_GLOBAL_BASELINE,HF9g-P5,,,,X 全窗基线 · 不参与实体赏罚,3922879,393,A168_HF9F_20260827_0900,2026-08-27 09:00:00
2026-06-02,150554671,2093,0,86.6169536589,-0.6231435515,0.0697920778,0.5000000,3,2,0.45679673809526283,0.386675775000,0.12265601596278392,0.3290934312765982,0.12265601596278392,0.07012096309526283,ELIGIBLE,R03b_20260811_FULL_v1,L1_ELIGIBILITY,v2026-08-11,2026-03-21..2026-08-06,baccarat_bet02_101_all_pairs_incl_sentinel,round_win = game_pnl > 0 (decisive only),COMPATIBILITY_ONLY_NOT_PRODUCTION,55468.4231,51499.7495,374.8205,2782,1234,-0.00675737,,-0.00675737,-0.01418498,-374.8205,55468.4231,OK,411.9980,22.4892,6.0000,94.0000,AG03-UNRESOLVED,ALL5_LEVELS_bet23_to_bet27,22.4892,22.4892,22.4892,22.4892,22.4892,6.000000,6.000000,6.000000,6.000000,6.000000,94.000000,94.000000,94.000000,94.000000,94.000000,5.0,112.4461,99.7382,-149.6237,-136.9157,PENDING_AG03,FALSE,NOT_FOR_ENFORCEMENT,352.3312,48409.7645,-37.1775,-59.6668,-389.5088,-0.00067025,-0.00107569,22.4892,-59.6668,-0.00107569,22.4892,22.4892,22.4892,22.4892,22.4892,-59.6668,-0.00107569,112.4461,99.7382,-149.6237,-136.9157,-0.00269746,-0.00246835,-0.00702217,19.9383,41.7340,0.3037,20.8234,0.7306,3081.5791,68.5556,,19.9383,3.9466,10.3857,27.3081,58.8174,79.8235,105.031,10.3857,-4.1211,7.68589,10.113013,1.919782,29,128,38,10,0E-8,0.00675737,,0.00800000,0.800000,0.928452,0.002516,,2026-05-25,2026-06-16,18,513,239,23,0.782609,,,0.000000,,,,,,,,GLOBAL_BASELINE_NO_ENTITY_RANKING,,,NOT_APPLICABLE_GLOBAL_BASELINE,HF9g-P5,,,,X 全窗基线 · 不参与实体赏罚,3922880,393,A168_HF9F_20260827_0900,2026-08-27 09:00:00
2026-06-02,150554671,2101,0,122.5515651291,-31.1571775753,-30.1767650541,0.5000000,10,4,0.42875530012750995,0.252234862500,0.2879166060963895,1.1409983871704947,0.2879166060963895,0.17652043762750995,ELIGIBLE,R03b_20260811_FULL_v1,L1_ELIGIBILITY,v2026-08-11,2026-03-21..2026-08-06,baccarat_bet02_101_all_pairs_incl_sentinel,round_win = game_pnl > 0 (decisive only),COMPATIBILITY_ONLY_NOT_PRODUCTION,55468.4231,51499.7495,374.8205,2782,1234,-0.00675737,,-0.00675737,-0.01418498,-374.8205,55468.4231,OK,411.9980,22.4892,6.0000,94.0000,AG03-UNRESOLVED,ALL5_LEVELS_bet23_to_bet27,22.4892,22.4892,22.4892,22.4892,22.4892,6.000000,6.000000,6.000000,6.000000,6.000000,94.000000,94.000000,94.000000,94.000000,94.000000,5.0,112.4461,99.7382,-149.6237,-136.9157,PENDING_AG03,FALSE,NOT_FOR_ENFORCEMENT,352.3312,48409.7645,-37.1775,-59.6668,-389.5088,-0.00067025,-0.00107569,22.4892,-59.6668,-0.00107569,22.4892,22.4892,22.4892,22.4892,22.4892,-59.6668,-0.00107569,112.4461,99.7382,-149.6237,-136.9157,-0.00269746,-0.00246835,-0.00702217,19.9383,41.7340,0.3037,20.8234,0.7306,3081.5791,68.5556,,19.9383,3.9466,10.3857,27.3081,58.8174,79.8235,105.031,10.3857,-4.1211,7.68589,10.113013,1.919782,29,128,38,10,0E-8,0.00675737,,0.00800000,0.800000,0.928452,0.002516,,2026-05-25,2026-06-16,18,513,239,23,0.782609,,,0.000000,,,,,,,,GLOBAL_BASELINE_NO_ENTITY_RANKING,,,NOT_APPLICABLE_GLOBAL_BASELINE,HF9g-P5,,,,X 全窗基线 · 不参与实体赏罚,3922881,393,A168_HF9F_20260827_0900,2026-08-27 09:00:00
2026-06-02,150554671,2106,0,33.2343227469,24.9257420601,25.1916166421,0.6666667,3,3,0.36036460000000000,0.360364600000,1.1050279112830825,1.1050279112830825,1.1050279112830825,0E-17,ELIGIBLE,R03b_20260811_FULL_v1,L1_ELIGIBILITY,v2026-08-11,2026-03-21..2026-08-06,baccarat_bet02_101_all_pairs_incl_sentinel,round_win = game_pnl > 0 (decisive only),COMPATIBILITY_ONLY_NOT_PRODUCTION,55468.4231,51499.7495,374.8205,2782,1234,-0.00675737,,-0.00675737,-0.01418498,-374.8205,55468.4231,OK,411.9980,22.4892,6.0000,94.0000,AG03-UNRESOLVED,ALL5_LEVELS_bet23_to_bet27,22.4892,22.4892,22.4892,22.4892,22.4892,6.000000,6.000000,6.000000,6.000000,6.000000,94.000000,94.000000,94.000000,94.000000,94.000000,5.0,112.4461,99.7382,-149.6237,-136.9157,PENDING_AG03,FALSE,NOT_FOR_ENFORCEMENT,352.3312,48409.7645,-37.1775,-59.6668,-389.5088,-0.00067025,-0.00107569,22.4892,-59.6668,-0.00107569,22.4892,22.4892,22.4892,22.4892,22.4892,-59.6668,-0.00107569,112.4461,99.7382,-149.6237,-136.9157,-0.00269746,-0.00246835,-0.00702217,19.9383,41.7340,0.3037,20.8234,0.7306,3081.5791,68.5556,,19.9383,3.9466,10.3857,27.3081,58.8174,79.8235,105.031,10.3857,-4.1211,7.68589,10.113013,1.919782,29,128,38,10,0E-8,0.00675737,,0.00800000,0.800000,0.928452,0.002516,,2026-05-25,2026-06-16,18,513,239,23,0.782609,,,0.000000,,,,,,,,GLOBAL_BASELINE_NO_ENTITY_RANKING,,,NOT_APPLICABLE_GLOBAL_BASELINE,HF9g-P5,,,,X 全窗基线 · 不参与实体赏罚,3922882,393,A168_HF9F_20260827_0900,2026-08-27 09:00:00
2026-06-02,150554671,2130,0,155.7858878759,-36.5577550217,-35.3114679184,0.6250000,17,8,0.42739744571358121,0.276641177083,1.1297827669434117,2.2026044105038216,1.1297827669434117,0.15075626863058121,ELIGIBLE,R03b_20260811_FULL_v1,L1_ELIGIBILITY,v2026-08-11,2026-03-21..2026-08-06,baccarat_bet02_101_all_pairs_incl_sentinel,round_win = game_pnl > 0 (decisive only),COMPATIBILITY_ONLY_NOT_PRODUCTION,55468.4231,51499.7495,374.8205,2782,1234,-0.00675737,,-0.00675737,-0.01418498,-374.8205,55468.4231,OK,411.9980,22.4892,6.0000,94.0000,AG03-UNRESOLVED,ALL5_LEVELS_bet23_to_bet27,22.4892,22.4892,22.4892,22.4892,22.4892,6.000000,6.000000,6.000000,6.000000,6.000000,94.000000,94.000000,94.000000,94.000000,94.000000,5.0,112.4461,99.7382,-149.6237,-136.9157,PENDING_AG03,FALSE,NOT_FOR_ENFORCEMENT,352.3312,48409.7645,-37.1775,-59.6668,-389.5088,-0.00067025,-0.00107569,22.4892,-59.6668,-0.00107569,22.4892,22.4892,22.4892,22.4892,22.4892,-59.6668,-0.00107569,112.4461,99.7382,-149.6237,-136.9157,-0.00269746,-0.00246835,-0.00702217,19.9383,41.7340,0.3037,20.8234,0.7306,3081.5791,68.5556,,19.9383,3.9466,10.3857,27.3081,58.8174,79.8235,105.031,10.3857,-4.1211,7.68589,10.113013,1.919782,29,128,38,10,0E-8,0.00675737,,0.00800000,0.800000,0.928452,0.002516,,2026-05-25,2026-06-16,18,513,239,23,0.782609,,,0.000000,,,,,,,,GLOBAL_BASELINE_NO_ENTITY_RANKING,,,NOT_APPLICABLE_GLOBAL_BASELINE,HF9g-P5,,,,X 全窗基线 · 不参与实体赏罚,3922883,393,A168_HF9F_20260827_0900,2026-08-27 09:00:00
2026-06-02,150554671,2152,0,15.1631597532,-15.1631597532,-15.0418544752,0E-7,1,1,0.49324550000000000,0.493245500000,-0.9865810262130424,-0.9865810262130424,-0.9865810262130424,0E-17,ELIGIBLE,R03b_20260811_FULL_v1,L1_ELIGIBILITY,v2026-08-11,2026-03-21..2026-08-06,baccarat_bet02_101_all_pairs_incl_sentinel,round_win = game_pnl > 0 (decisive only),COMPATIBILITY_ONLY_NOT_PRODUCTION,55468.4231,51499.7495,374.8205,2782,1234,-0.00675737,,-0.00675737,-0.01418498,-374.8205,55468.4231,OK,411.9980,22.4892,6.0000,94.0000,AG03-UNRESOLVED,ALL5_LEVELS_bet23_to_bet27,22.4892,22.4892,22.4892,22.4892,22.4892,6.000000,6.000000,6.000000,6.000000,6.000000,94.000000,94.000000,94.000000,94.000000,94.000000,5.0,112.4461,99.7382,-149.6237,-136.9157,PENDING_AG03,FALSE,NOT_FOR_ENFORCEMENT,352.3312,48409.7645,-37.1775,-59.6668,-389.5088,-0.00067025,-0.00107569,22.4892,-59.6668,-0.00107569,22.4892,22.4892,22.4892,22.4892,22.4892,-59.6668,-0.00107569,112.4461,99.7382,-149.6237,-136.9157,-0.00269746,-0.00246835,-0.00702217,19.9383,41.7340,0.3037,20.8234,0.7306,3081.5791,68.5556,,19.9383,3.9466,10.3857,27.3081,58.8174,79.8235,105.031,10.3857,-4.1211,7.68589,10.113013,1.919782,29,128,38,10,0E-8,0.00675737,,0.00800000,0.800000,0.928452,0.002516,,2026-05-25,2026-06-16,18,513,239,23,0.782609,,,0.000000,,,,,,,,GLOBAL_BASELINE_NO_ENTITY_RANKING,,,NOT_APPLICABLE_GLOBAL_BASELINE,HF9g-P5,,,,X 全窗基线 · 不参与实体赏罚,3922884,393,A168_HF9F_20260827_0900,2026-08-27 09:00:00
2026-06-02,150554671,2177,0,51.9286292919,51.9286292919,52.3440583262,1.0000000,1,1,0.49324550000000000,0.493245500000,1.01360149184955,1.01360149184955,1.01360149184955,0E-17,ELIGIBLE,R03b_20260811_FULL_v1,L1_ELIGIBILITY,v2026-08-11,2026-03-21..2026-08-06,baccarat_bet02_101_all_pairs_incl_sentinel,round_win = game_pnl > 0 (decisive only),COMPATIBILITY_ONLY_NOT_PRODUCTION,55468.4231,51499.7495,374.8205,2782,1234,-0.00675737,,-0.00675737,-0.01418498,-374.8205,55468.4231,OK,411.9980,22.4892,6.0000,94.0000,AG03-UNRESOLVED,ALL5_LEVELS_bet23_to_bet27,22.4892,22.4892,22.4892,22.4892,22.4892,6.000000,6.000000,6.000000,6.000000,6.000000,94.000000,94.000000,94.000000,94.000000,94.000000,5.0,112.4461,99.7382,-149.6237,-136.9157,PENDING_AG03,FALSE,NOT_FOR_ENFORCEMENT,352.3312,48409.7645,-37.1775,-59.6668,-389.5088,-0.00067025,-0.00107569,22.4892,-59.6668,-0.00107569,22.4892,22.4892,22.4892,22.4892,22.4892,-59.6668,-0.00107569,112.4461,99.7382,-149.6237,-136.9157,-0.00269746,-0.00246835,-0.00702217,19.9383,41.7340,0.3037,20.8234,0.7306,3081.5791,68.5556,,19.9383,3.9466,10.3857,27.3081,58.8174,79.8235,105.031,10.3857,-4.1211,7.68589,10.113013,1.919782,29,128,38,10,0E-8,0.00675737,,0.00800000,0.800000,0.928452,0.002516,,2026-05-25,2026-06-16,18,513,239,23,0.782609,,,0.000000,,,,,,,,GLOBAL_BASELINE_NO_ENTITY_RANKING,,,NOT_APPLICABLE_GLOBAL_BASELINE,HF9g-P5,,,,X 全窗基线 · 不参与实体赏罚,3922885,393,A168_HF9F_20260827_0900,2026-08-27 09:00:00
2026-06-02,150554671,2188,0,4.1542903434,-4.1542903434,-4.1210560206,0E-7,1,1,0.09460280000000000,0.094602800000,-0.32324545095860213,-0.32324545095860213,-0.32324545095860213,0E-17,ELIGIBLE,R03b_20260811_FULL_v1,L1_ELIGIBILITY,v2026-08-11,2026-03-21..2026-08-06,baccarat_bet02_101_all_pairs_incl_sentinel,round_win = game_pnl > 0 (decisive only),COMPATIBILITY_ONLY_NOT_PRODUCTION,55468.4231,51499.7495,374.8205,2782,1234,-0.00675737,,-0.00675737,-0.01418498,-374.8205,55468.4231,OK,411.9980,22.4892,6.0000,94.0000,AG03-UNRESOLVED,ALL5_LEVELS_bet23_to_bet27,22.4892,22.4892,22.4892,22.4892,22.4892,6.000000,6.000000,6.000000,6.000000,6.000000,94.000000,94.000000,94.000000,94.000000,94.000000,5.0,112.4461,99.7382,-149.6237,-136.9157,PENDING_AG03,FALSE,NOT_FOR_ENFORCEMENT,352.3312,48409.7645,-37.1775,-59.6668,-389.5088,-0.00067025,-0.00107569,22.4892,-59.6668,-0.00107569,22.4892,22.4892,22.4892,22.4892,22.4892,-59.6668,-0.00107569,112.4461,99.7382,-149.6237,-136.9157,-0.00269746,-0.00246835,-0.00702217,19.9383,41.7340,0.3037,20.8234,0.7306,3081.5791,68.5556,,19.9383,3.9466,10.3857,27.3081,58.8174,79.8235,105.031,10.3857,-4.1211,7.68589,10.113013,1.919782,29,128,38,10,0E-8,0.00675737,,0.00800000,0.800000,0.928452,0.002516,,2026-05-25,2026-06-16,18,513,239,23,0.782609,,,0.000000,,,,,,,,GLOBAL_BASELINE_NO_ENTITY_RANKING,,,NOT_APPLICABLE_GLOBAL_BASELINE,HF9g-P5,,,,X 全窗基线 · 不参与实体赏罚,3922886,393,A168_HF9F_20260827_0900,2026-08-27 09:00:00
2026-06-02,150554671,2198,0,250.9191367390,27.0028872315,29.0102403260,0.6666667,19,9,0.43610360232303084,0.277026162963,1.394814627398409,2.6119428293051663,1.394814627398409,0.15907743936003084,ELIGIBLE,R03b_20260811_FULL_v1,L1_ELIGIBILITY,v2026-08-11,2026-03-21..2026-08-06,baccarat_bet02_101_all_pairs_incl_sentinel,round_win = game_pnl > 0 (decisive only),COMPATIBILITY_ONLY_NOT_PRODUCTION,55468.4231,51499.7495,374.8205,2782,1234,-0.00675737,,-0.00675737,-0.01418498,-374.8205,55468.4231,OK,411.9980,22.4892,6.0000,94.0000,AG03-UNRESOLVED,ALL5_LEVELS_bet23_to_bet27,22.4892,22.4892,22.4892,22.4892,22.4892,6.000000,6.000000,6.000000,6.000000,6.000000,94.000000,94.000000,94.000000,94.000000,94.000000,5.0,112.4461,99.7382,-149.6237,-136.9157,PENDING_AG03,FALSE,NOT_FOR_ENFORCEMENT,352.3312,48409.7645,-37.1775,-59.6668,-389.5088,-0.00067025,-0.00107569,22.4892,-59.6668,-0.00107569,22.4892,22.4892,22.4892,22.4892,22.4892,-59.6668,-0.00107569,112.4461,99.7382,-149.6237,-136.9157,-0.00269746,-0.00246835,-0.00702217,19.9383,41.7340,0.3037,20.8234,0.7306,3081.5791,68.5556,,19.9383,3.9466,10.3857,27.3081,58.8174,79.8235,105.031,10.3857,-4.1211,7.68589,10.113013,1.919782,29,128,38,10,0E-8,0.00675737,,0.00800000,0.800000,0.928452,0.002516,,2026-05-25,2026-06-16,18,513,239,23,0.782609,,,0.000000,,,,,,,,GLOBAL_BASELINE_NO_ENTITY_RANKING,,,NOT_APPLICABLE_GLOBAL_BASELINE,HF9g-P5,,,,X 全窗基线 · 不参与实体赏罚,3922887,393,A168_HF9F_20260827_0900,2026-08-27 09:00:00
2026-06-02,150554671,2209,0,203.5602268247,237.9369794151,239.2829694868,0.8750000,26,8,0.37381039646722860,0.203974837917,2.9300054807186036,4.710121421180193,2.9300054807186036,0.16983555855022860,ELIGIBLE,R03b_20260811_FULL_v1,L1_ELIGIBILITY,v2026-08-11,2026-03-21..2026-08-06,baccarat_bet02_101_all_pairs_incl_sentinel,round_win = game_pnl > 0 (decisive only),COMPATIBILITY_ONLY_NOT_PRODUCTION,55468.4231,51499.7495,374.8205,2782,1234,-0.00675737,,-0.00675737,-0.01418498,-374.8205,55468.4231,OK,411.9980,22.4892,6.0000,94.0000,AG03-UNRESOLVED,ALL5_LEVELS_bet23_to_bet27,22.4892,22.4892,22.4892,22.4892,22.4892,6.000000,6.000000,6.000000,6.000000,6.000000,94.000000,94.000000,94.000000,94.000000,94.000000,5.0,112.4461,99.7382,-149.6237,-136.9157,PENDING_AG03,FALSE,NOT_FOR_ENFORCEMENT,352.3312,48409.7645,-37.1775,-59.6668,-389.5088,-0.00067025,-0.00107569,22.4892,-59.6668,-0.00107569,22.4892,22.4892,22.4892,22.4892,22.4892,-59.6668,-0.00107569,112.4461,99.7382,-149.6237,-136.9157,-0.00269746,-0.00246835,-0.00702217,19.9383,41.7340,0.3037,20.8234,0.7306,3081.5791,68.5556,,19.9383,3.9466,10.3857,27.3081,58.8174,79.8235,105.031,10.3857,-4.1211,7.68589,10.113013,1.919782,29,128,38,10,0E-8,0.00675737,,0.00800000,0.800000,0.928452,0.002516,,2026-05-25,2026-06-16,18,513,239,23,0.782609,,,0.000000,,,,,,,,GLOBAL_BASELINE_NO_ENTITY_RANKING,,,NOT_APPLICABLE_GLOBAL_BASELINE,HF9g-P5,,,,X 全窗基线 · 不参与实体赏罚,3922888,393,A168_HF9F_20260827_0900,2026-08-27 09:00:00
2026-06-02,150554671,2210,0,57.3292067384,-4.5697193778,-4.1110857238,0.3333333,6,3,0.42226140881143964,0.284979683333,-0.3118481240584336,0.18553410310648483,-0.3118481240584336,0.13728172547843964,ELIGIBLE,R03b_20260811_FULL_v1,L1_ELIGIBILITY,v2026-08-11,2026-03-21..2026-08-06,baccarat_bet02_101_all_pairs_incl_sentinel,round_win = game_pnl > 0 (decisive only),COMPATIBILITY_ONLY_NOT_PRODUCTION,55468.4231,51499.7495,374.8205,2782,1234,-0.00675737,,-0.00675737,-0.01418498,-374.8205,55468.4231,OK,411.9980,22.4892,6.0000,94.0000,AG03-UNRESOLVED,ALL5_LEVELS_bet23_to_bet27,22.4892,22.4892,22.4892,22.4892,22.4892,6.000000,6.000000,6.000000,6.000000,6.000000,94.000000,94.000000,94.000000,94.000000,94.000000,5.0,112.4461,99.7382,-149.6237,-136.9157,PENDING_AG03,FALSE,NOT_FOR_ENFORCEMENT,352.3312,48409.7645,-37.1775,-59.6668,-389.5088,-0.00067025,-0.00107569,22.4892,-59.6668,-0.00107569,22.4892,22.4892,22.4892,22.4892,22.4892,-59.6668,-0.00107569,112.4461,99.7382,-149.6237,-136.9157,-0.00269746,-0.00246835,-0.00702217,19.9383,41.7340,0.3037,20.8234,0.7306,3081.5791,68.5556,,19.9383,3.9466,10.3857,27.3081,58.8174,79.8235,105.031,10.3857,-4.1211,7.68589,10.113013,1.919782,29,128,38,10,0E-8,0.00675737,,0.00800000,0.800000,0.928452,0.002516,,2026-05-25,2026-06-16,18,513,239,23,0.782609,,,0.000000,,,,,,,,GLOBAL_BASELINE_NO_ENTITY_RANKING,,,NOT_APPLICABLE_GLOBAL_BASELINE,HF9g-P5,,,,X 全窗基线 · 不参与实体赏罚,3922889,393,A168_HF9F_20260827_0900,2026-08-27 09:00:00
2026-06-02,150554671,2248,0,11.2165839271,-11.2165839271,-11.1268512556,0E-7,1,1,0.49324550000000000,0.493245500000,-0.9865810262130424,-0.9865810262130424,-0.9865810262130424,0E-17,ELIGIBLE,R03b_20260811_FULL_v1,L1_ELIGIBILITY,v2026-08-11,2026-03-21..2026-08-06,baccarat_bet02_101_all_pairs_incl_sentinel,round_win = game_pnl > 0 (decisive only),COMPATIBILITY_ONLY_NOT_PRODUCTION,55468.4231,51499.7495,374.8205,2782,1234,-0.00675737,,-0.00675737,-0.01418498,-374.8205,55468.4231,OK,411.9980,22.4892,6.0000,94.0000,AG03-UNRESOLVED,ALL5_LEVELS_bet23_to_bet27,22.4892,22.4892,22.4892,22.4892,22.4892,6.000000,6.000000,6.000000,6.000000,6.000000,94.000000,94.000000,94.000000,94.000000,94.000000,5.0,112.4461,99.7382,-149.6237,-136.9157,PENDING_AG03,FALSE,NOT_FOR_ENFORCEMENT,352.3312,48409.7645,-37.1775,-59.6668,-389.5088,-0.00067025,-0.00107569,22.4892,-59.6668,-0.00107569,22.4892,22.4892,22.4892,22.4892,22.4892,-59.6668,-0.00107569,112.4461,99.7382,-149.6237,-136.9157,-0.00269746,-0.00246835,-0.00702217,19.9383,41.7340,0.3037,20.8234,0.7306,3081.5791,68.5556,,19.9383,3.9466,10.3857,27.3081,58.8174,79.8235,105.031,10.3857,-4.1211,7.68589,10.113013,1.919782,29,128,38,10,0E-8,0.00675737,,0.00800000,0.800000,0.928452,0.002516,,2026-05-25,2026-06-16,18,513,239,23,0.782609,,,0.000000,,,,,,,,GLOBAL_BASELINE_NO_ENTITY_RANKING,,,NOT_APPLICABLE_GLOBAL_BASELINE,HF9g-P5,,,,X 全窗基线 · 不参与实体赏罚,3922890,393,A168_HF9F_20260827_0900,2026-08-27 09:00:00
2026-06-02,150554671,2254,0,68.5457906653,-19.9405936481,-19.3922273227,0.5000000,4,2,0.43617014222209835,0.280106050000,0.1820274448992755,0.6925207201862208,0.1820274448992755,0.15606409222209835,ELIGIBLE,R03b_20260811_FULL_v1,L1_ELIGIBILITY,v2026-08-11,2026-03-21..2026-08-06,baccarat_bet02_101_all_pairs_incl_sentinel,round_win = game_pnl > 0 (decisive only),COMPATIBILITY_ONLY_NOT_PRODUCTION,55468.4231,51499.7495,374.8205,2782,1234,-0.00675737,,-0.00675737,-0.01418498,-374.8205,55468.4231,OK,411.9980,22.4892,6.0000,94.0000,AG03-UNRESOLVED,ALL5_LEVELS_bet23_to_bet27,22.4892,22.4892,22.4892,22.4892,22.4892,6.000000,6.000000,6.000000,6.000000,6.000000,94.000000,94.000000,94.000000,94.000000,94.000000,5.0,112.4461,99.7382,-149.6237,-136.9157,PENDING_AG03,FALSE,NOT_FOR_ENFORCEMENT,352.3312,48409.7645,-37.1775,-59.6668,-389.5088,-0.00067025,-0.00107569,22.4892,-59.6668,-0.00107569,22.4892,22.4892,22.4892,22.4892,22.4892,-59.6668,-0.00107569,112.4461,99.7382,-149.6237,-136.9157,-0.00269746,-0.00246835,-0.00702217,19.9383,41.7340,0.3037,20.8234,0.7306,3081.5791,68.5556,,19.9383,3.9466,10.3857,27.3081,58.8174,79.8235,105.031,10.3857,-4.1211,7.68589,10.113013,1.919782,29,128,38,10,0E-8,0.00675737,,0.00800000,0.800000,0.928452,0.002516,,2026-05-25,2026-06-16,18,513,239,23,0.782609,,,0.000000,,,,,,,,GLOBAL_BASELINE_NO_ENTITY_RANKING,,,NOT_APPLICABLE_GLOBAL_BASELINE,HF9g-P5,,,,X 全窗基线 · 不参与实体赏罚,3922891,393,A168_HF9F_20260827_0900,2026-08-27 09:00:00
2026-06-03,150554671,-1,1,142.6998732941,-29.9628191014,-28.8212201155,0.5000000,24,8,0.41219491826618301,0.226560676042,0.504541228332681,1.8475686082993614,0.504541228332681,0.18563424222418301,SENTINEL_DEALER,R03b_20260811_FULL_v1,L1_ELIGIBILITY,v2026-08-11,2026-03-21..2026-08-06,baccarat_bet02_101_all_pairs_incl_sentinel,round_win = game_pnl > 0 (decisive only),COMPATIBILITY_ONLY_NOT_PRODUCTION,55468.4231,51499.7495,374.8205,2782,1234,-0.00675737,,-0.00675737,-0.01418498,-374.8205,55468.4231,OK,411.9980,22.4892,6.0000,94.0000,AG03-UNRESOLVED,ALL5_LEVELS_bet23_to_bet27,22.4892,22.4892,22.4892,22.4892,22.4892,6.000000,6.000000,6.000000,6.000000,6.000000,94.000000,94.000000,94.000000,94.000000,94.000000,5.0,112.4461,99.7382,-149.6237,-136.9157,PENDING_AG03,FALSE,NOT_FOR_ENFORCEMENT,352.3312,48409.7645,-37.1775,-59.6668,-389.5088,-0.00067025,-0.00107569,22.4892,-59.6668,-0.00107569,22.4892,22.4892,22.4892,22.4892,22.4892,-59.6668,-0.00107569,112.4461,99.7382,-149.6237,-136.9157,-0.00269746,-0.00246835,-0.00702217,19.9383,41.7340,0.3037,20.8234,0.7306,3081.5791,68.5556,,19.9383,3.9466,10.3857,27.3081,58.8174,79.8235,105.031,10.3857,-4.1211,7.68589,10.113013,1.919782,29,128,38,10,0E-8,0.00675737,,0.00800000,0.800000,0.928452,0.002516,,2026-05-25,2026-06-16,18,513,239,23,0.782609,,,0.000000,,,,,,,,GLOBAL_BASELINE_NO_ENTITY_RANKING,,,NOT_APPLICABLE_GLOBAL_BASELINE,HF9g-P5,,,,X 全窗基线 · 不参与实体赏罚,3922892,393,A168_HF9F_20260827_0900,2026-08-27 09:00:00
2026-06-03,150554671,1384,0,46.3203373285,-21.3945952684,-21.0905012151,0.2500000,8,4,0.41369095793587407,0.287416500000,-0.6647423921890637,-0.16535579776059978,-0.6647423921890637,0.12627445793587407,ELIGIBLE,R03b_20260811_FULL_v1,L1_ELIGIBILITY,v2026-08-11,2026-03-21..2026-08-06,baccarat_bet02_101_all_pairs_incl_sentinel,round_win = game_pnl > 0 (decisive only),COMPATIBILITY_ONLY_NOT_PRODUCTION,55468.4231,51499.7495,374.8205,2782,1234,-0.00675737,,-0.00675737,-0.01418498,-374.8205,55468.4231,OK,411.9980,22.4892,6.0000,94.0000,AG03-UNRESOLVED,ALL5_LEVELS_bet23_to_bet27,22.4892,22.4892,22.4892,22.4892,22.4892,6.000000,6.000000,6.000000,6.000000,6.000000,94.000000,94.000000,94.000000,94.000000,94.000000,5.0,112.4461,99.7382,-149.6237,-136.9157,PENDING_AG03,FALSE,NOT_FOR_ENFORCEMENT,352.3312,48409.7645,-37.1775,-59.6668,-389.5088,-0.00067025,-0.00107569,22.4892,-59.6668,-0.00107569,22.4892,22.4892,22.4892,22.4892,22.4892,-59.6668,-0.00107569,112.4461,99.7382,-149.6237,-136.9157,-0.00269746,-0.00246835,-0.00702217,19.9383,41.7340,0.3037,20.8234,0.7306,3081.5791,68.5556,,19.9383,3.9466,10.3857,27.3081,58.8174,79.8235,105.031,10.3857,-4.1211,7.68589,10.113013,1.919782,29,128,38,10,0E-8,0.00675737,,0.00800000,0.800000,0.928452,0.002516,,2026-05-25,2026-06-16,18,513,239,23,0.782609,,,0.000000,,,,,,,,GLOBAL_BASELINE_NO_ENTITY_RANKING,,,NOT_APPLICABLE_GLOBAL_BASELINE,HF9g-P5,,,,X 全窗基线 · 不参与实体赏罚,3922893,393,A168_HF9F_20260827_0900,2026-08-27 09:00:00
2026-06-03,150554671,2189,0,14.5400162018,-14.5400162018,-14.4236960721,0E-7,2,1,0.43443721428530983,0.287416500000,-0.8764418313154069,-0.6350939377956173,-0.8764418313154069,0.14702071428530983,ELIGIBLE,R03b_20260811_FULL_v1,L1_ELIGIBILITY,v2026-08-11,2026-03-21..2026-08-06,baccarat_bet02_101_all_pairs_incl_sentinel,round_win = game_pnl > 0 (decisive only),COMPATIBILITY_ONLY_NOT_PRODUCTION,55468.4231,51499.7495,374.8205,2782,1234,-0.00675737,,-0.00675737,-0.01418498,-374.8205,55468.4231,OK,411.9980,22.4892,6.0000,94.0000,AG03-UNRESOLVED,ALL5_LEVELS_bet23_to_bet27,22.4892,22.4892,22.4892,22.4892,22.4892,6.000000,6.000000,6.000000,6.000000,6.000000,94.000000,94.000000,94.000000,94.000000,94.000000,5.0,112.4461,99.7382,-149.6237,-136.9157,PENDING_AG03,FALSE,NOT_FOR_ENFORCEMENT,352.3312,48409.7645,-37.1775,-59.6668,-389.5088,-0.00067025,-0.00107569,22.4892,-59.6668,-0.00107569,22.4892,22.4892,22.4892,22.4892,22.4892,-59.6668,-0.00107569,112.4461,99.7382,-149.6237,-136.9157,-0.00269746,-0.00246835,-0.00702217,19.9383,41.7340,0.3037,20.8234,0.7306,3081.5791,68.5556,,19.9383,3.9466,10.3857,27.3081,58.8174,79.8235,105.031,10.3857,-4.1211,7.68589,10.113013,1.919782,29,128,38,10,0E-8,0.00675737,,0.00800000,0.800000,0.928452,0.002516,,2026-05-25,2026-06-16,18,513,239,23,0.782609,,,0.000000,,,,,,,,GLOBAL_BASELINE_NO_ENTITY_RANKING,,,NOT_APPLICABLE_GLOBAL_BASELINE,HF9g-P5,,,,X 全窗基线 · 不参与实体赏罚,3922894,393,A168_HF9F_20260827_0900,2026-08-27 09:00:00
2026-06-03,150554671,2224,0,62.3143551502,-14.5400162017,-14.0415013609,0.4000000,15,5,0.27376309911151146,0.147391937333,0.6330597703636075,1.5933846499512927,0.6330597703636075,0.12637116177851146,ELIGIBLE,R03b_20260811_FULL_v1,L1_ELIGIBILITY,v2026-08-11,2026-03-21..2026-08-06,baccarat_bet02_101_all_pairs_incl_sentinel,round_win = game_pnl > 0 (decisive only),COMPATIBILITY_ONLY_NOT_PRODUCTION,55468.4231,51499.7495,374.8205,2782,1234,-0.00675737,,-0.00675737,-0.01418498,-374.8205,55468.4231,OK,411.9980,22.4892,6.0000,94.0000,AG03-UNRESOLVED,ALL5_LEVELS_bet23_to_bet27,22.4892,22.4892,22.4892,22.4892,22.4892,6.000000,6.000000,6.000000,6.000000,6.000000,94.000000,94.000000,94.000000,94.000000,94.000000,5.0,112.4461,99.7382,-149.6237,-136.9157,PENDING_AG03,FALSE,NOT_FOR_ENFORCEMENT,352.3312,48409.7645,-37.1775,-59.6668,-389.5088,-0.00067025,-0.00107569,22.4892,-59.6668,-0.00107569,22.4892,22.4892,22.4892,22.4892,22.4892,-59.6668,-0.00107569,112.4461,99.7382,-149.6237,-136.9157,-0.00269746,-0.00246835,-0.00702217,19.9383,41.7340,0.3037,20.8234,0.7306,3081.5791,68.5556,,19.9383,3.9466,10.3857,27.3081,58.8174,79.8235,105.031,10.3857,-4.1211,7.68589,10.113013,1.919782,29,128,38,10,0E-8,0.00675737,,0.00800000,0.800000,0.928452,0.002516,,2026-05-25,2026-06-16,18,513,239,23,0.782609,,,0.000000,,,,,,,,GLOBAL_BASELINE_NO_ENTITY_RANKING,,,NOT_APPLICABLE_GLOBAL_BASELINE,HF9g-P5,,,,X 全窗基线 · 不参与实体赏罚,3922895,393,A168_HF9F_20260827_0900,2026-08-27 09:00:00
2026-06-03,150554671,2266,0,130.8601458153,6.5949359203,7.6418170858,0.6666667,28,9,0.41429239664799718,0.225450655000,1.5369948704991803,3.1675408398538463,1.5369948704991803,0.18884174164799718,ELIGIBLE,R03b_20260811_FULL_v1,L1_ELIGIBILITY,v2026-08-11,2026-03-21..2026-08-06,baccarat_bet02_101_all_pairs_incl_sentinel,round_win = game_pnl > 0 (decisive only),COMPATIBILITY_ONLY_NOT_PRODUCTION,55468.4231,51499.7495,374.8205,2782,1234,-0.00675737,,-0.00675737,-0.01418498,-374.8205,55468.4231,OK,411.9980,22.4892,6.0000,94.0000,AG03-UNRESOLVED,ALL5_LEVELS_bet23_to_bet27,22.4892,22.4892,22.4892,22.4892,22.4892,6.000000,6.000000,6.000000,6.000000,6.000000,94.000000,94.000000,94.000000,94.000000,94.000000,5.0,112.4461,99.7382,-149.6237,-136.9157,PENDING_AG03,FALSE,NOT_FOR_ENFORCEMENT,352.3312,48409.7645,-37.1775,-59.6668,-389.5088,-0.00067025,-0.00107569,22.4892,-59.6668,-0.00107569,22.4892,22.4892,22.4892,22.4892,22.4892,-59.6668,-0.00107569,112.4461,99.7382,-149.6237,-136.9157,-0.00269746,-0.00246835,-0.00702217,19.9383,41.7340,0.3037,20.8234,0.7306,3081.5791,68.5556,,19.9383,3.9466,10.3857,27.3081,58.8174,79.8235,105.031,10.3857,-4.1211,7.68589,10.113013,1.919782,29,128,38,10,0E-8,0.00675737,,0.00800000,0.800000,0.928452,0.002516,,2026-05-25,2026-06-16,18,513,239,23,0.782609,,,0.000000,,,,,,,,GLOBAL_BASELINE_NO_ENTITY_RANKING,,,NOT_APPLICABLE_GLOBAL_BASELINE,HF9g-P5,,,,X 全窗基线 · 不参与实体赏罚,3922896,393,A168_HF9F_20260827_0900,2026-08-27 09:00:00
2026-06-03,150554671,2276,0,20.7714517168,-2.0771451717,-2.0605280103,0E-7,2,1,0.45207969999960363,0.287416500000,-0.9083407700756764,-0.6350939377956173,-0.9083407700756764,0.16466319999960363,ELIGIBLE,R03b_20260811_FULL_v1,L1_ELIGIBILITY,v2026-08-11,2026-03-21..2026-08-06,baccarat_bet02_101_all_pairs_incl_sentinel,round_win = game_pnl > 0 (decisive only),COMPATIBILITY_ONLY_NOT_PRODUCTION,55468.4231,51499.7495,374.8205,2782,1234,-0.00675737,,-0.00675737,-0.01418498,-374.8205,55468.4231,OK,411.9980,22.4892,6.0000,94.0000,AG03-UNRESOLVED,ALL5_LEVELS_bet23_to_bet27,22.4892,22.4892,22.4892,22.4892,22.4892,6.000000,6.000000,6.000000,6.000000,6.000000,94.000000,94.000000,94.000000,94.000000,94.000000,5.0,112.4461,99.7382,-149.6237,-136.9157,PENDING_AG03,FALSE,NOT_FOR_ENFORCEMENT,352.3312,48409.7645,-37.1775,-59.6668,-389.5088,-0.00067025,-0.00107569,22.4892,-59.6668,-0.00107569,22.4892,22.4892,22.4892,22.4892,22.4892,-59.6668,-0.00107569,112.4461,99.7382,-149.6237,-136.9157,-0.00269746,-0.00246835,-0.00702217,19.9383,41.7340,0.3037,20.8234,0.7306,3081.5791,68.5556,,19.9383,3.9466,10.3857,27.3081,58.8174,79.8235,105.031,10.3857,-4.1211,7.68589,10.113013,1.919782,29,128,38,10,0E-8,0.00675737,,0.00800000,0.800000,0.928452,0.002516,,2026-05-25,2026-06-16,18,513,239,23,0.782609,,,0.000000,,,,,,,,GLOBAL_BASELINE_NO_ENTITY_RANKING,,,NOT_APPLICABLE_GLOBAL_BASELINE,HF9g-P5,,,,X 全窗基线 · 不参与实体赏罚,3922897,393,A168_HF9F_20260827_0900,2026-08-27 09:00:00
2026-06-03,150554671,2278,0,114.4506989592,46.2684086992,47.1840142906,0.8750000,19,8,0.43406938144165130,0.260777620833,2.5162516881247554,3.9568347843234903,2.5162516881247554,0.17329176060865130,ELIGIBLE,R03b_20260811_FULL_v1,L1_ELIGIBILITY,v2026-08-11,2026-03-21..2026-08-06,baccarat_bet02_101_all_pairs_incl_sentinel,round_win = game_pnl > 0 (decisive only),COMPATIBILITY_ONLY_NOT_PRODUCTION,55468.4231,51499.7495,374.8205,2782,1234,-0.00675737,,-0.00675737,-0.01418498,-374.8205,55468.4231,OK,411.9980,22.4892,6.0000,94.0000,AG03-UNRESOLVED,ALL5_LEVELS_bet23_to_bet27,22.4892,22.4892,22.4892,22.4892,22.4892,6.000000,6.000000,6.000000,6.000000,6.000000,94.000000,94.000000,94.000000,94.000000,94.000000,5.0,112.4461,99.7382,-149.6237,-136.9157,PENDING_AG03,FALSE,NOT_FOR_ENFORCEMENT,352.3312,48409.7645,-37.1775,-59.6668,-389.5088,-0.00067025,-0.00107569,22.4892,-59.6668,-0.00107569,22.4892,22.4892,22.4892,22.4892,22.4892,-59.6668,-0.00107569,112.4461,99.7382,-149.6237,-136.9157,-0.00269746,-0.00246835,-0.00702217,19.9383,41.7340,0.3037,20.8234,0.7306,3081.5791,68.5556,,19.9383,3.9466,10.3857,27.3081,58.8174,79.8235,105.031,10.3857,-4.1211,7.68589,10.113013,1.919782,29,128,38,10,0E-8,0.00675737,,0.00800000,0.800000,0.928452,0.002516,,2026-05-25,2026-06-16,18,513,239,23,0.782609,,,0.000000,,,,,,,,GLOBAL_BASELINE_NO_ENTITY_RANKING,,,NOT_APPLICABLE_GLOBAL_BASELINE,HF9g-P5,,,,X 全窗基线 · 不参与实体赏罚,3922898,393,A168_HF9F_20260827_0900,2026-08-27 09:00:00
2026-06-04,150554671,-1,1,111.3349812020,-88.6525559273,-87.7618760775,0.1666667,11,6,0.44351268949441140,0.321518716667,-1.365001900797106,-0.8121205846847429,-1.365001900797106,0.12199397282741140,SENTINEL_DEALER,R03b_20260811_FULL_v1,L1_ELIGIBILITY,v2026-08-11,2026-03-21..2026-08-06,baccarat_bet02_101_all_pairs_incl_sentinel,round_win = game_pnl > 0 (decisive only),COMPATIBILITY_ONLY_NOT_PRODUCTION,55468.4231,51499.7495,374.8205,2782,1234,-0.00675737,,-0.00675737,-0.01418498,-374.8205,55468.4231,OK,411.9980,22.4892,6.0000,94.0000,AG03-UNRESOLVED,ALL5_LEVELS_bet23_to_bet27,22.4892,22.4892,22.4892,22.4892,22.4892,6.000000,6.000000,6.000000,6.000000,6.000000,94.000000,94.000000,94.000000,94.000000,94.000000,5.0,112.4461,99.7382,-149.6237,-136.9157,PENDING_AG03,FALSE,NOT_FOR_ENFORCEMENT,352.3312,48409.7645,-37.1775,-59.6668,-389.5088,-0.00067025,-0.00107569,22.4892,-59.6668,-0.00107569,22.4892,22.4892,22.4892,22.4892,22.4892,-59.6668,-0.00107569,112.4461,99.7382,-149.6237,-136.9157,-0.00269746,-0.00246835,-0.00702217,19.9383,41.7340,0.3037,20.8234,0.7306,3081.5791,68.5556,,19.9383,3.9466,10.3857,27.3081,58.8174,79.8235,105.031,10.3857,-4.1211,7.68589,10.113013,1.919782,29,128,38,10,0E-8,0.00675737,,0.00800000,0.800000,0.928452,0.002516,,2026-05-25,2026-06-16,18,513,239,23,0.782609,,,0.000000,,,,,,,,GLOBAL_BASELINE_NO_ENTITY_RANKING,,,NOT_APPLICABLE_GLOBAL_BASELINE,HF9g-P5,,,,X 全窗基线 · 不参与实体赏罚,3922899,393,A168_HF9F_20260827_0900,2026-08-27 09:00:00
2026-06-04,150554671,1115,0,39.4657582619,-39.4657582619,-39.1500321957,0E-7,3,1,0.43727035789403365,0.218271633333,-0.8815056956713879,-0.5284096173047961,-0.8815056956713879,0.21899872456103365,ELIGIBLE,R03b_20260811_FULL_v1,L1_ELIGIBILITY,v2026-08-11,2026-03-21..2026-08-06,baccarat_bet02_101_all_pairs_incl_sentinel,round_win = game_pnl > 0 (decisive only),COMPATIBILITY_ONLY_NOT_PRODUCTION,55468.4231,51499.7495,374.8205,2782,1234,-0.00675737,,-0.00675737,-0.01418498,-374.8205,55468.4231,OK,411.9980,22.4892,6.0000,94.0000,AG03-UNRESOLVED,ALL5_LEVELS_bet23_to_bet27,22.4892,22.4892,22.4892,22.4892,22.4892,6.000000,6.000000,6.000000,6.000000,6.000000,94.000000,94.000000,94.000000,94.000000,94.000000,5.0,112.4461,99.7382,-149.6237,-136.9157,PENDING_AG03,FALSE,NOT_FOR_ENFORCEMENT,352.3312,48409.7645,-37.1775,-59.6668,-389.5088,-0.00067025,-0.00107569,22.4892,-59.6668,-0.00107569,22.4892,22.4892,22.4892,22.4892,22.4892,-59.6668,-0.00107569,112.4461,99.7382,-149.6237,-136.9157,-0.00269746,-0.00246835,-0.00702217,19.9383,41.7340,0.3037,20.8234,0.7306,3081.5791,68.5556,,19.9383,3.9466,10.3857,27.3081,58.8174,79.8235,105.031,10.3857,-4.1211,7.68589,10.113013,1.919782,29,128,38,10,0E-8,0.00675737,,0.00800000,0.800000,0.928452,0.002516,,2026-05-25,2026-06-16,18,513,239,23,0.782609,,,0.000000,,,,,,,,GLOBAL_BASELINE_NO_ENTITY_RANKING,,,NOT_APPLICABLE_GLOBAL_BASELINE,HF9g-P5,,,,X 全窗基线 · 不参与实体赏罚,3922900,393,A168_HF9F_20260827_0900,2026-08-27 09:00:00
2026-06-04,150554671,1325,0,18.4865920280,-4.7151195398,-4.5672268035,0.5000000,4,2,0.40272090176698141,0.283761275000,0.28050705597929637,0.678333096483827,0.28050705597929637,0.11895962676698141,ELIGIBLE,R03b_20260811_FULL_v1,L1_ELIGIBILITY,v2026-08-11,2026-03-21..2026-08-06,baccarat_bet02_101_all_pairs_incl_sentinel,round_win = game_pnl > 0 (decisive only),COMPATIBILITY_ONLY_NOT_PRODUCTION,55468.4231,51499.7495,374.8205,2782,1234,-0.00675737,,-0.00675737,-0.01418498,-374.8205,55468.4231,OK,411.9980,22.4892,6.0000,94.0000,AG03-UNRESOLVED,ALL5_LEVELS_bet23_to_bet27,22.4892,22.4892,22.4892,22.4892,22.4892,6.000000,6.000000,6.000000,6.000000,6.000000,94.000000,94.000000,94.000000,94.000000,94.000000,5.0,112.4461,99.7382,-149.6237,-136.9157,PENDING_AG03,FALSE,NOT_FOR_ENFORCEMENT,352.3312,48409.7645,-37.1775,-59.6668,-389.5088,-0.00067025,-0.00107569,22.4892,-59.6668,-0.00107569,22.4892,22.4892,22.4892,22.4892,22.4892,-59.6668,-0.00107569,112.4461,99.7382,-149.6237,-136.9157,-0.00269746,-0.00246835,-0.00702217,19.9383,41.7340,0.3037,20.8234,0.7306,3081.5791,68.5556,,19.9383,3.9466,10.3857,27.3081,58.8174,79.8235,105.031,10.3857,-4.1211,7.68589,10.113013,1.919782,29,128,38,10,0E-8,0.00675737,,0.00800000,0.800000,0.928452,0.002516,,2026-05-25,2026-06-16,18,513,239,23,0.782609,,,0.000000,,,,,,,,GLOBAL_BASELINE_NO_ENTITY_RANKING,,,NOT_APPLICABLE_GLOBAL_BASELINE,HF9g-P5,,,,X 全窗基线 · 不参与实体赏罚,3922901,393,A168_HF9F_20260827_0900,2026-08-27 09:00:00
2026-06-04,150554671,1331,0,12.8783000644,-4.3723905864,-4.2693641858,0.5000000,3,2,0.45139590731661900,0.393378375000,0.13812729534445803,0.3086711997975373,0.13812729534445803,0.05801753231661900,ELIGIBLE,R03b_20260811_FULL_v1,L1_ELIGIBILITY,v2026-08-11,2026-03-21..2026-08-06,baccarat_bet02_101_all_pairs_incl_sentinel,round_win = game_pnl > 0 (decisive only),COMPATIBILITY_ONLY_NOT_PRODUCTION,55468.4231,51499.7495,374.8205,2782,1234,-0.00675737,,-0.00675737,-0.01418498,-374.8205,55468.4231,OK,411.9980,22.4892,6.0000,94.0000,AG03-UNRESOLVED,ALL5_LEVELS_bet23_to_bet27,22.4892,22.4892,22.4892,22.4892,22.4892,6.000000,6.000000,6.000000,6.000000,6.000000,94.000000,94.000000,94.000000,94.000000,94.000000,5.0,112.4461,99.7382,-149.6237,-136.9157,PENDING_AG03,FALSE,NOT_FOR_ENFORCEMENT,352.3312,48409.7645,-37.1775,-59.6668,-389.5088,-0.00067025,-0.00107569,22.4892,-59.6668,-0.00107569,22.4892,22.4892,22.4892,22.4892,22.4892,-59.6668,-0.00107569,112.4461,99.7382,-149.6237,-136.9157,-0.00269746,-0.00246835,-0.00702217,19.9383,41.7340,0.3037,20.8234,0.7306,3081.5791,68.5556,,19.9383,3.9466,10.3857,27.3081,58.8174,79.8235,105.031,10.3857,-4.1211,7.68589,10.113013,1.919782,29,128,38,10,0E-8,0.00675737,,0.00800000,0.800000,0.928452,0.002516,,2026-05-25,2026-06-16,18,513,239,23,0.782609,,,0.000000,,,,,,,,GLOBAL_BASELINE_NO_ENTITY_RANKING,,,NOT_APPLICABLE_GLOBAL_BASELINE,HF9g-P5,,,,X 全窗基线 · 不参与实体赏罚,3922902,393,A168_HF9F_20260827_0900,2026-08-27 09:00:00
2026-06-04,150554671,1363,0,11.2165839271,10.6557547307,10.7454874021,1.0000000,1,1,0.50665070000000000,0.506650700000,0.9867858985152569,0.9867858985152569,0.9867858985152569,0E-17,ELIGIBLE,R03b_20260811_FULL_v1,L1_ELIGIBILITY,v2026-08-11,2026-03-21..2026-08-06,baccarat_bet02_101_all_pairs_incl_sentinel,round_win = game_pnl > 0 (decisive only),COMPATIBILITY_ONLY_NOT_PRODUCTION,55468.4231,51499.7495,374.8205,2782,1234,-0.00675737,,-0.00675737,-0.01418498,-374.8205,55468.4231,OK,411.9980,22.4892,6.0000,94.0000,AG03-UNRESOLVED,ALL5_LEVELS_bet23_to_bet27,22.4892,22.4892,22.4892,22.4892,22.4892,6.000000,6.000000,6.000000,6.000000,6.000000,94.000000,94.000000,94.000000,94.000000,94.000000,5.0,112.4461,99.7382,-149.6237,-136.9157,PENDING_AG03,FALSE,NOT_FOR_ENFORCEMENT,352.3312,48409.7645,-37.1775,-59.6668,-389.5088,-0.00067025,-0.00107569,22.4892,-59.6668,-0.00107569,22.4892,22.4892,22.4892,22.4892,22.4892,-59.6668,-0.00107569,112.4461,99.7382,-149.6237,-136.9157,-0.00269746,-0.00246835,-0.00702217,19.9383,41.7340,0.3037,20.8234,0.7306,3081.5791,68.5556,,19.9383,3.9466,10.3857,27.3081,58.8174,79.8235,105.031,10.3857,-4.1211,7.68589,10.113013,1.919782,29,128,38,10,0E-8,0.00675737,,0.00800000,0.800000,0.928452,0.002516,,2026-05-25,2026-06-16,18,513,239,23,0.782609,,,0.000000,,,,,,,,GLOBAL_BASELINE_NO_ENTITY_RANKING,,,NOT_APPLICABLE_GLOBAL_BASELINE,HF9g-P5,,,,X 全窗基线 · 不参与实体赏罚,3922903,393,A168_HF9F_20260827_0900,2026-08-27 09:00:00
2026-06-04,150554671,1396,0,31.1571775752,-31.1571775752,-30.9079201545,0E-7,2,1,0.43835776666613817,0.287416500000,-0.883455083378627,-0.6350939377956173,-0.883455083378627,0.15094126666613817,ELIGIBLE,R03b_20260811_FULL_v1,L1_ELIGIBILITY,v2026-08-11,2026-03-21..2026-08-06,baccarat_bet02_101_all_pairs_incl_sentinel,round_win = game_pnl > 0 (decisive only),COMPATIBILITY_ONLY_NOT_PRODUCTION,55468.4231,51499.7495,374.8205,2782,1234,-0.00675737,,-0.00675737,-0.01418498,-374.8205,55468.4231,OK,411.9980,22.4892,6.0000,94.0000,AG03-UNRESOLVED,ALL5_LEVELS_bet23_to_bet27,22.4892,22.4892,22.4892,22.4892,22.4892,6.000000,6.000000,6.000000,6.000000,6.000000,94.000000,94.000000,94.000000,94.000000,94.000000,5.0,112.4461,99.7382,-149.6237,-136.9157,PENDING_AG03,FALSE,NOT_FOR_ENFORCEMENT,352.3312,48409.7645,-37.1775,-59.6668,-389.5088,-0.00067025,-0.00107569,22.4892,-59.6668,-0.00107569,22.4892,22.4892,22.4892,22.4892,22.4892,-59.6668,-0.00107569,112.4461,99.7382,-149.6237,-136.9157,-0.00269746,-0.00246835,-0.00702217,19.9383,41.7340,0.3037,20.8234,0.7306,3081.5791,68.5556,,19.9383,3.9466,10.3857,27.3081,58.8174,79.8235,105.031,10.3857,-4.1211,7.68589,10.113013,1.919782,29,128,38,10,0E-8,0.00675737,,0.00800000,0.800000,0.928452,0.002516,,2026-05-25,2026-06-16,18,513,239,23,0.782609,,,0.000000,,,,,,,,GLOBAL_BASELINE_NO_ENTITY_RANKING,,,NOT_APPLICABLE_GLOBAL_BASELINE,HF9g-P5,,,,X 全窗基线 · 不参与实体赏罚,3922904,393,A168_HF9F_20260827_0900,2026-08-27 09:00:00
2026-06-04,150554671,1401,0,153.7087427043,-51.0977712235,-49.8681012816,0.5000000,11,4,0.42527150623116555,0.236776258333,0.3023094458176225,1.2383974282876196,0.3023094458176225,0.18849524789816555,ELIGIBLE,R03b_20260811_FULL_v1,L1_ELIGIBILITY,v2026-08-11,2026-03-21..2026-08-06,baccarat_bet02_101_all_pairs_incl_sentinel,round_win = game_pnl > 0 (decisive only),COMPATIBILITY_ONLY_NOT_PRODUCTION,55468.4231,51499.7495,374.8205,2782,1234,-0.00675737,,-0.00675737,-0.01418498,-374.8205,55468.4231,OK,411.9980,22.4892,6.0000,94.0000,AG03-UNRESOLVED,ALL5_LEVELS_bet23_to_bet27,22.4892,22.4892,22.4892,22.4892,22.4892,6.000000,6.000000,6.000000,6.000000,6.000000,94.000000,94.000000,94.000000,94.000000,94.000000,5.0,112.4461,99.7382,-149.6237,-136.9157,PENDING_AG03,FALSE,NOT_FOR_ENFORCEMENT,352.3312,48409.7645,-37.1775,-59.6668,-389.5088,-0.00067025,-0.00107569,22.4892,-59.6668,-0.00107569,22.4892,22.4892,22.4892,22.4892,22.4892,-59.6668,-0.00107569,112.4461,99.7382,-149.6237,-136.9157,-0.00269746,-0.00246835,-0.00702217,19.9383,41.7340,0.3037,20.8234,0.7306,3081.5791,68.5556,,19.9383,3.9466,10.3857,27.3081,58.8174,79.8235,105.031,10.3857,-4.1211,7.68589,10.113013,1.919782,29,128,38,10,0E-8,0.00675737,,0.00800000,0.800000,0.928452,0.002516,,2026-05-25,2026-06-16,18,513,239,23,0.782609,,,0.000000,,,,,,,,GLOBAL_BASELINE_NO_ENTITY_RANKING,,,NOT_APPLICABLE_GLOBAL_BASELINE,HF9g-P5,,,,X 全窗基线 · 不参与实体赏罚,3922905,393,A168_HF9F_20260827_0900,2026-08-27 09:00:00
2026-06-04,150554671,1984,0,22.0177388198,18.4865920279,18.6627339385,1.0000000,2,1,0.48100413584921191,0.280106050000,1.038741644001529,1.6031457840727341,1.038741644001529,0.20089808584921191,ELIGIBLE,R03b_20260811_FULL_v1,L1_ELIGIBILITY,v2026-08-11,2026-03-21..2026-08-06,baccarat_bet02_101_all_pairs_incl_sentinel,round_win = game_pnl > 0 (decisive only),COMPATIBILITY_ONLY_NOT_PRODUCTION,55468.4231,51499.7495,374.8205,2782,1234,-0.00675737,,-0.00675737,-0.01418498,-374.8205,55468.4231,OK,411.9980,22.4892,6.0000,94.0000,AG03-UNRESOLVED,ALL5_LEVELS_bet23_to_bet27,22.4892,22.4892,22.4892,22.4892,22.4892,6.000000,6.000000,6.000000,6.000000,6.000000,94.000000,94.000000,94.000000,94.000000,94.000000,5.0,112.4461,99.7382,-149.6237,-136.9157,PENDING_AG03,FALSE,NOT_FOR_ENFORCEMENT,352.3312,48409.7645,-37.1775,-59.6668,-389.5088,-0.00067025,-0.00107569,22.4892,-59.6668,-0.00107569,22.4892,22.4892,22.4892,22.4892,22.4892,-59.6668,-0.00107569,112.4461,99.7382,-149.6237,-136.9157,-0.00269746,-0.00246835,-0.00702217,19.9383,41.7340,0.3037,20.8234,0.7306,3081.5791,68.5556,,19.9383,3.9466,10.3857,27.3081,58.8174,79.8235,105.031,10.3857,-4.1211,7.68589,10.113013,1.919782,29,128,38,10,0E-8,0.00675737,,0.00800000,0.800000,0.928452,0.002516,,2026-05-25,2026-06-16,18,513,239,23,0.782609,,,0.000000,,,,,,,,GLOBAL_BASELINE_NO_ENTITY_RANKING,,,NOT_APPLICABLE_GLOBAL_BASELINE,HF9g-P5,,,,X 全窗基线 · 不参与实体赏罚,3922906,393,A168_HF9F_20260827_0900,2026-08-27 09:00:00
2026-06-04,150554671,2145,0,31.1571775752,10.3857258584,10.6349832790,0.5000000,2,2,0.49994810000000000,0.499948100000,0.00014679536856514622,0.00014679536856514622,0.00014679536856514622,0E-17,ELIGIBLE,R03b_20260811_FULL_v1,L1_ELIGIBILITY,v2026-08-11,2026-03-21..2026-08-06,baccarat_bet02_101_all_pairs_incl_sentinel,round_win = game_pnl > 0 (decisive only),COMPATIBILITY_ONLY_NOT_PRODUCTION,55468.4231,51499.7495,374.8205,2782,1234,-0.00675737,,-0.00675737,-0.01418498,-374.8205,55468.4231,OK,411.9980,22.4892,6.0000,94.0000,AG03-UNRESOLVED,ALL5_LEVELS_bet23_to_bet27,22.4892,22.4892,22.4892,22.4892,22.4892,6.000000,6.000000,6.000000,6.000000,6.000000,94.000000,94.000000,94.000000,94.000000,94.000000,5.0,112.4461,99.7382,-149.6237,-136.9157,PENDING_AG03,FALSE,NOT_FOR_ENFORCEMENT,352.3312,48409.7645,-37.1775,-59.6668,-389.5088,-0.00067025,-0.00107569,22.4892,-59.6668,-0.00107569,22.4892,22.4892,22.4892,22.4892,22.4892,-59.6668,-0.00107569,112.4461,99.7382,-149.6237,-136.9157,-0.00269746,-0.00246835,-0.00702217,19.9383,41.7340,0.3037,20.8234,0.7306,3081.5791,68.5556,,19.9383,3.9466,10.3857,27.3081,58.8174,79.8235,105.031,10.3857,-4.1211,7.68589,10.113013,1.919782,29,128,38,10,0E-8,0.00675737,,0.00800000,0.800000,0.928452,0.002516,,2026-05-25,2026-06-16,18,513,239,23,0.782609,,,0.000000,,,,,,,,GLOBAL_BASELINE_NO_ENTITY_RANKING,,,NOT_APPLICABLE_GLOBAL_BASELINE,HF9g-P5,,,,X 全窗基线 · 不参与实体赏罚,3922907,393,A168_HF9F_20260827_0900,2026-08-27 09:00:00
2026-06-05,150554671,2156,0,17.0325904077,-5.6913777703,-5.5551170472,0.5000000,4,2,0.46665511203832071,0.362666583334,0.09452401884580841,0.4039746443177596,0.09452401884580841,0.10398852870432071,ELIGIBLE,R03b_20260811_FULL_v1,L1_ELIGIBILITY,v2026-08-11,2026-03-21..2026-08-06,baccarat_bet02_101_all_pairs_incl_sentinel,round_win = game_pnl > 0 (decisive only),COMPATIBILITY_ONLY_NOT_PRODUCTION,55468.4231,51499.7495,374.8205,2782,1234,-0.00675737,,-0.00675737,-0.01418498,-374.8205,55468.4231,OK,411.9980,22.4892,6.0000,94.0000,AG03-UNRESOLVED,ALL5_LEVELS_bet23_to_bet27,22.4892,22.4892,22.4892,22.4892,22.4892,6.000000,6.000000,6.000000,6.000000,6.000000,94.000000,94.000000,94.000000,94.000000,94.000000,5.0,112.4461,99.7382,-149.6237,-136.9157,PENDING_AG03,FALSE,NOT_FOR_ENFORCEMENT,352.3312,48409.7645,-37.1775,-59.6668,-389.5088,-0.00067025,-0.00107569,22.4892,-59.6668,-0.00107569,22.4892,22.4892,22.4892,22.4892,22.4892,-59.6668,-0.00107569,112.4461,99.7382,-149.6237,-136.9157,-0.00269746,-0.00246835,-0.00702217,19.9383,41.7340,0.3037,20.8234,0.7306,3081.5791,68.5556,,19.9383,3.9466,10.3857,27.3081,58.8174,79.8235,105.031,10.3857,-4.1211,7.68589,10.113013,1.919782,29,128,38,10,0E-8,0.00675737,,0.00800000,0.800000,0.928452,0.002516,,2026-05-25,2026-06-16,18,513,239,23,0.782609,,,0.000000,,,,,,,,GLOBAL_BASELINE_NO_ENTITY_RANKING,,,NOT_APPLICABLE_GLOBAL_BASELINE,HF9g-P5,,,,X 全窗基线 · 不参与实体赏罚,3922908,393,A168_HF9F_20260827_0900,2026-08-27 09:00:00
2026-06-06,150554671,-1,1,855.3683816981,-133.8200776870,-127.0535695736,0.4736842,99,39,0.41488538382754205,0.264648132009,0.7356579240781459,2.920996464813178,0.7356579240781459,0.15023725181854205,SENTINEL_DEALER,R03b_20260811_FULL_v1,L1_ELIGIBILITY,v2026-08-11,2026-03-21..2026-08-06,baccarat_bet02_101_all_pairs_incl_sentinel,round_win = game_pnl > 0 (decisive only),COMPATIBILITY_ONLY_NOT_PRODUCTION,55468.4231,51499.7495,374.8205,2782,1234,-0.00675737,,-0.00675737,-0.01418498,-374.8205,55468.4231,OK,411.9980,22.4892,6.0000,94.0000,AG03-UNRESOLVED,ALL5_LEVELS_bet23_to_bet27,22.4892,22.4892,22.4892,22.4892,22.4892,6.000000,6.000000,6.000000,6.000000,6.000000,94.000000,94.000000,94.000000,94.000000,94.000000,5.0,112.4461,99.7382,-149.6237,-136.9157,PENDING_AG03,FALSE,NOT_FOR_ENFORCEMENT,352.3312,48409.7645,-37.1775,-59.6668,-389.5088,-0.00067025,-0.00107569,22.4892,-59.6668,-0.00107569,22.4892,22.4892,22.4892,22.4892,22.4892,-59.6668,-0.00107569,112.4461,99.7382,-149.6237,-136.9157,-0.00269746,-0.00246835,-0.00702217,19.9383,41.7340,0.3037,20.8234,0.7306,3081.5791,68.5556,,19.9383,3.9466,10.3857,27.3081,58.8174,79.8235,105.031,10.3857,-4.1211,7.68589,10.113013,1.919782,29,128,38,10,0E-8,0.00675737,,0.00800000,0.800000,0.928452,0.002516,,2026-05-25,2026-06-16,18,513,239,23,0.782609,,,0.000000,,,,,,,,GLOBAL_BASELINE_NO_ENTITY_RANKING,,,NOT_APPLICABLE_GLOBAL_BASELINE,HF9g-P5,,,,X 全窗基线 · 不参与实体赏罚,3922909,393,A168_HF9F_20260827_0900,2026-08-27 09:00:00
2026-06-06,150554671,1109,0,56.0829196353,-24.9257420602,-24.7263361236,0E-7,4,2,0.42786452352874109,0.287416500000,-1.2229781503824488,-0.8981584602114967,-1.2229781503824488,0.14044802352874109,ELIGIBLE,R03b_20260811_FULL_v1,L1_ELIGIBILITY,v2026-08-11,2026-03-21..2026-08-06,baccarat_bet02_101_all_pairs_incl_sentinel,round_win = game_pnl > 0 (decisive only),COMPATIBILITY_ONLY_NOT_PRODUCTION,55468.4231,51499.7495,374.8205,2782,1234,-0.00675737,,-0.00675737,-0.01418498,-374.8205,55468.4231,OK,411.9980,22.4892,6.0000,94.0000,AG03-UNRESOLVED,ALL5_LEVELS_bet23_to_bet27,22.4892,22.4892,22.4892,22.4892,22.4892,6.000000,6.000000,6.000000,6.000000,6.000000,94.000000,94.000000,94.000000,94.000000,94.000000,5.0,112.4461,99.7382,-149.6237,-136.9157,PENDING_AG03,FALSE,NOT_FOR_ENFORCEMENT,352.3312,48409.7645,-37.1775,-59.6668,-389.5088,-0.00067025,-0.00107569,22.4892,-59.6668,-0.00107569,22.4892,22.4892,22.4892,22.4892,22.4892,-59.6668,-0.00107569,112.4461,99.7382,-149.6237,-136.9157,-0.00269746,-0.00246835,-0.00702217,19.9383,41.7340,0.3037,20.8234,0.7306,3081.5791,68.5556,,19.9383,3.9466,10.3857,27.3081,58.8174,79.8235,105.031,10.3857,-4.1211,7.68589,10.113013,1.919782,29,128,38,10,0E-8,0.00675737,,0.00800000,0.800000,0.928452,0.002516,,2026-05-25,2026-06-16,18,513,239,23,0.782609,,,0.000000,,,,,,,,GLOBAL_BASELINE_NO_ENTITY_RANKING,,,NOT_APPLICABLE_GLOBAL_BASELINE,HF9g-P5,,,,X 全窗基线 · 不参与实体赏罚,3922910,393,A168_HF9F_20260827_0900,2026-08-27 09:00:00
2026-06-06,150554671,1115,0,41.5429034335,39.4657582618,39.7981014893,1.0000000,1,1,0.50665070000000000,0.506650700000,0.9867858985152569,0.9867858985152569,0.9867858985152569,0E-17,ELIGIBLE,R03b_20260811_FULL_v1,L1_ELIGIBILITY,v2026-08-11,2026-03-21..2026-08-06,baccarat_bet02_101_all_pairs_incl_sentinel,round_win = game_pnl > 0 (decisive only),COMPATIBILITY_ONLY_NOT_PRODUCTION,55468.4231,51499.7495,374.8205,2782,1234,-0.00675737,,-0.00675737,-0.01418498,-374.8205,55468.4231,OK,411.9980,22.4892,6.0000,94.0000,AG03-UNRESOLVED,ALL5_LEVELS_bet23_to_bet27,22.4892,22.4892,22.4892,22.4892,22.4892,6.000000,6.000000,6.000000,6.000000,6.000000,94.000000,94.000000,94.000000,94.000000,94.000000,5.0,112.4461,99.7382,-149.6237,-136.9157,PENDING_AG03,FALSE,NOT_FOR_ENFORCEMENT,352.3312,48409.7645,-37.1775,-59.6668,-389.5088,-0.00067025,-0.00107569,22.4892,-59.6668,-0.00107569,22.4892,22.4892,22.4892,22.4892,22.4892,-59.6668,-0.00107569,112.4461,99.7382,-149.6237,-136.9157,-0.00269746,-0.00246835,-0.00702217,19.9383,41.7340,0.3037,20.8234,0.7306,3081.5791,68.5556,,19.9383,3.9466,10.3857,27.3081,58.8174,79.8235,105.031,10.3857,-4.1211,7.68589,10.113013,1.919782,29,128,38,10,0E-8,0.00675737,,0.00800000,0.800000,0.928452,0.002516,,2026-05-25,2026-06-16,18,513,239,23,0.782609,,,0.000000,,,,,,,,GLOBAL_BASELINE_NO_ENTITY_RANKING,,,NOT_APPLICABLE_GLOBAL_BASELINE,HF9g-P5,,,,X 全窗基线 · 不参与实体赏罚,3922911,393,A168_HF9F_20260827_0900,2026-08-27 09:00:00
2026-06-06,150554671,1306,0,55.0443470495,25.9643146458,26.4046694223,1.0000000,9,2,0.40023073521683633,0.163000472500,1.7312184935879822,3.2046689505536925,1.7312184935879822,0.23723026271683633,ELIGIBLE,R03b_20260811_FULL_v1,L1_ELIGIBILITY,v2026-08-11,2026-03-21..2026-08-06,baccarat_bet02_101_all_pairs_incl_sentinel,round_win = game_pnl > 0 (decisive only),COMPATIBILITY_ONLY_NOT_PRODUCTION,55468.4231,51499.7495,374.8205,2782,1234,-0.00675737,,-0.00675737,-0.01418498,-374.8205,55468.4231,OK,411.9980,22.4892,6.0000,94.0000,AG03-UNRESOLVED,ALL5_LEVELS_bet23_to_bet27,22.4892,22.4892,22.4892,22.4892,22.4892,6.000000,6.000000,6.000000,6.000000,6.000000,94.000000,94.000000,94.000000,94.000000,94.000000,5.0,112.4461,99.7382,-149.6237,-136.9157,PENDING_AG03,FALSE,NOT_FOR_ENFORCEMENT,352.3312,48409.7645,-37.1775,-59.6668,-389.5088,-0.00067025,-0.00107569,22.4892,-59.6668,-0.00107569,22.4892,22.4892,22.4892,22.4892,22.4892,-59.6668,-0.00107569,112.4461,99.7382,-149.6237,-136.9157,-0.00269746,-0.00246835,-0.00702217,19.9383,41.7340,0.3037,20.8234,0.7306,3081.5791,68.5556,,19.9383,3.9466,10.3857,27.3081,58.8174,79.8235,105.031,10.3857,-4.1211,7.68589,10.113013,1.919782,29,128,38,10,0E-8,0.00675737,,0.00800000,0.800000,0.928452,0.002516,,2026-05-25,2026-06-16,18,513,239,23,0.782609,,,0.000000,,,,,,,,GLOBAL_BASELINE_NO_ENTITY_RANKING,,,NOT_APPLICABLE_GLOBAL_BASELINE,HF9g-P5,,,,X 全窗基线 · 不参与实体赏罚,3922912,393,A168_HF9F_20260827_0900,2026-08-27 09:00:00
2026-06-06,150554671,1318,0,64.3915003221,-64.3915003221,-63.8763683194,0E-7,5,2,0.44308090505904614,0.252844066667,-1.261422172731386,-0.8226891248664164,-1.261422172731386,0.19023683839204614,ELIGIBLE,R03b_20260811_FULL_v1,L1_ELIGIBILITY,v2026-08-11,2026-03-21..2026-08-06,baccarat_bet02_101_all_pairs_incl_sentinel,round_win = game_pnl > 0 (decisive only),COMPATIBILITY_ONLY_NOT_PRODUCTION,55468.4231,51499.7495,374.8205,2782,1234,-0.00675737,,-0.00675737,-0.01418498,-374.8205,55468.4231,OK,411.9980,22.4892,6.0000,94.0000,AG03-UNRESOLVED,ALL5_LEVELS_bet23_to_bet27,22.4892,22.4892,22.4892,22.4892,22.4892,6.000000,6.000000,6.000000,6.000000,6.000000,94.000000,94.000000,94.000000,94.000000,94.000000,5.0,112.4461,99.7382,-149.6237,-136.9157,PENDING_AG03,FALSE,NOT_FOR_ENFORCEMENT,352.3312,48409.7645,-37.1775,-59.6668,-389.5088,-0.00067025,-0.00107569,22.4892,-59.6668,-0.00107569,22.4892,22.4892,22.4892,22.4892,22.4892,-59.6668,-0.00107569,112.4461,99.7382,-149.6237,-136.9157,-0.00269746,-0.00246835,-0.00702217,19.9383,41.7340,0.3037,20.8234,0.7306,3081.5791,68.5556,,19.9383,3.9466,10.3857,27.3081,58.8174,79.8235,105.031,10.3857,-4.1211,7.68589,10.113013,1.919782,29,128,38,10,0E-8,0.00675737,,0.00800000,0.800000,0.928452,0.002516,,2026-05-25,2026-06-16,18,513,239,23,0.782609,,,0.000000,,,,,,,,GLOBAL_BASELINE_NO_ENTITY_RANKING,,,NOT_APPLICABLE_GLOBAL_BASELINE,HF9g-P5,,,,X 全窗基线 · 不参与实体赏罚,3922913,393,A168_HF9F_20260827_0900,2026-08-27 09:00:00
2026-06-06,150554671,1331,0,22.8485968885,-18.6943065451,-18.5447520927,0E-7,4,1,0.42689525454475642,0.287323225000,-0.8630653106726927,-0.634949321119322,-0.8630653106726927,0.13957202954475642,ELIGIBLE,R03b_20260811_FULL_v1,L1_ELIGIBILITY,v2026-08-11,2026-03-21..2026-08-06,baccarat_bet02_101_all_pairs_incl_sentinel,round_win = game_pnl > 0 (decisive only),COMPATIBILITY_ONLY_NOT_PRODUCTION,55468.4231,51499.7495,374.8205,2782,1234,-0.00675737,,-0.00675737,-0.01418498,-374.8205,55468.4231,OK,411.9980,22.4892,6.0000,94.0000,AG03-UNRESOLVED,ALL5_LEVELS_bet23_to_bet27,22.4892,22.4892,22.4892,22.4892,22.4892,6.000000,6.000000,6.000000,6.000000,6.000000,94.000000,94.000000,94.000000,94.000000,94.000000,5.0,112.4461,99.7382,-149.6237,-136.9157,PENDING_AG03,FALSE,NOT_FOR_ENFORCEMENT,352.3312,48409.7645,-37.1775,-59.6668,-389.5088,-0.00067025,-0.00107569,22.4892,-59.6668,-0.00107569,22.4892,22.4892,22.4892,22.4892,22.4892,-59.6668,-0.00107569,112.4461,99.7382,-149.6237,-136.9157,-0.00269746,-0.00246835,-0.00702217,19.9383,41.7340,0.3037,20.8234,0.7306,3081.5791,68.5556,,19.9383,3.9466,10.3857,27.3081,58.8174,79.8235,105.031,10.3857,-4.1211,7.68589,10.113013,1.919782,29,128,38,10,0E-8,0.00675737,,0.00800000,0.800000,0.928452,0.002516,,2026-05-25,2026-06-16,18,513,239,23,0.782609,,,0.000000,,,,,,,,GLOBAL_BASELINE_NO_ENTITY_RANKING,,,NOT_APPLICABLE_GLOBAL_BASELINE,HF9g-P5,,,,X 全窗基线 · 不参与实体赏罚,3922914,393,A168_HF9F_20260827_0900,2026-08-27 09:00:00
2026-06-06,150554671,1353,0,14.5400162018,-14.5400162018,-14.4236960721,0E-7,2,1,0.37562892857061966,0.287416500000,-0.7756363058484872,-0.6350939377956173,-0.7756363058484872,0.08821242857061966,ELIGIBLE,R03b_20260811_FULL_v1,L1_ELIGIBILITY,v2026-08-11,2026-03-21..2026-08-06,baccarat_bet02_101_all_pairs_incl_sentinel,round_win = game_pnl > 0 (decisive only),COMPATIBILITY_ONLY_NOT_PRODUCTION,55468.4231,51499.7495,374.8205,2782,1234,-0.00675737,,-0.00675737,-0.01418498,-374.8205,55468.4231,OK,411.9980,22.4892,6.0000,94.0000,AG03-UNRESOLVED,ALL5_LEVELS_bet23_to_bet27,22.4892,22.4892,22.4892,22.4892,22.4892,6.000000,6.000000,6.000000,6.000000,6.000000,94.000000,94.000000,94.000000,94.000000,94.000000,5.0,112.4461,99.7382,-149.6237,-136.9157,PENDING_AG03,FALSE,NOT_FOR_ENFORCEMENT,352.3312,48409.7645,-37.1775,-59.6668,-389.5088,-0.00067025,-0.00107569,22.4892,-59.6668,-0.00107569,22.4892,22.4892,22.4892,22.4892,22.4892,-59.6668,-0.00107569,112.4461,99.7382,-149.6237,-136.9157,-0.00269746,-0.00246835,-0.00702217,19.9383,41.7340,0.3037,20.8234,0.7306,3081.5791,68.5556,,19.9383,3.9466,10.3857,27.3081,58.8174,79.8235,105.031,10.3857,-4.1211,7.68589,10.113013,1.919782,29,128,38,10,0E-8,0.00675737,,0.00800000,0.800000,0.928452,0.002516,,2026-05-25,2026-06-16,18,513,239,23,0.782609,,,0.000000,,,,,,,,GLOBAL_BASELINE_NO_ENTITY_RANKING,,,NOT_APPLICABLE_GLOBAL_BASELINE,HF9g-P5,,,,X 全窗基线 · 不参与实体赏罚,3922915,393,A168_HF9F_20260827_0900,2026-08-27 09:00:00
2026-06-06,150554671,1402,0,35.3114679186,18.6943065450,18.9767982884,0.5000000,5,2,0.36070858166639800,0.249096008334,0.41021513876350085,0.820440287009137,0.41021513876350085,0.11161257333239800,ELIGIBLE,R03b_20260811_FULL_v1,L1_ELIGIBILITY,v2026-08-11,2026-03-21..2026-08-06,baccarat_bet02_101_all_pairs_incl_sentinel,round_win = game_pnl > 0 (decisive only),COMPATIBILITY_ONLY_NOT_PRODUCTION,55468.4231,51499.7495,374.8205,2782,1234,-0.00675737,,-0.00675737,-0.01418498,-374.8205,55468.4231,OK,411.9980,22.4892,6.0000,94.0000,AG03-UNRESOLVED,ALL5_LEVELS_bet23_to_bet27,22.4892,22.4892,22.4892,22.4892,22.4892,6.000000,6.000000,6.000000,6.000000,6.000000,94.000000,94.000000,94.000000,94.000000,94.000000,5.0,112.4461,99.7382,-149.6237,-136.9157,PENDING_AG03,FALSE,NOT_FOR_ENFORCEMENT,352.3312,48409.7645,-37.1775,-59.6668,-389.5088,-0.00067025,-0.00107569,22.4892,-59.6668,-0.00107569,22.4892,22.4892,22.4892,22.4892,22.4892,-59.6668,-0.00107569,112.4461,99.7382,-149.6237,-136.9157,-0.00269746,-0.00246835,-0.00702217,19.9383,41.7340,0.3037,20.8234,0.7306,3081.5791,68.5556,,19.9383,3.9466,10.3857,27.3081,58.8174,79.8235,105.031,10.3857,-4.1211,7.68589,10.113013,1.919782,29,128,38,10,0E-8,0.00675737,,0.00800000,0.800000,0.928452,0.002516,,2026-05-25,2026-06-16,18,513,239,23,0.782609,,,0.000000,,,,,,,,GLOBAL_BASELINE_NO_ENTITY_RANKING,,,NOT_APPLICABLE_GLOBAL_BASELINE,HF9g-P5,,,,X 全窗基线 · 不参与实体赏罚,3922916,393,A168_HF9F_20260827_0900,2026-08-27 09:00:00
2026-06-06,150554671,1405,0,2.0771451717,-2.0771451717,-2.0605280103,0E-7,1,1,0.09460280000000000,0.094602800000,-0.32324545095860213,-0.32324545095860213,-0.32324545095860213,0E-17,ELIGIBLE,R03b_20260811_FULL_v1,L1_ELIGIBILITY,v2026-08-11,2026-03-21..2026-08-06,baccarat_bet02_101_all_pairs_incl_sentinel,round_win = game_pnl > 0 (decisive only),COMPATIBILITY_ONLY_NOT_PRODUCTION,55468.4231,51499.7495,374.8205,2782,1234,-0.00675737,,-0.00675737,-0.01418498,-374.8205,55468.4231,OK,411.9980,22.4892,6.0000,94.0000,AG03-UNRESOLVED,ALL5_LEVELS_bet23_to_bet27,22.4892,22.4892,22.4892,22.4892,22.4892,6.000000,6.000000,6.000000,6.000000,6.000000,94.000000,94.000000,94.000000,94.000000,94.000000,5.0,112.4461,99.7382,-149.6237,-136.9157,PENDING_AG03,FALSE,NOT_FOR_ENFORCEMENT,352.3312,48409.7645,-37.1775,-59.6668,-389.5088,-0.00067025,-0.00107569,22.4892,-59.6668,-0.00107569,22.4892,22.4892,22.4892,22.4892,22.4892,-59.6668,-0.00107569,112.4461,99.7382,-149.6237,-136.9157,-0.00269746,-0.00246835,-0.00702217,19.9383,41.7340,0.3037,20.8234,0.7306,3081.5791,68.5556,,19.9383,3.9466,10.3857,27.3081,58.8174,79.8235,105.031,10.3857,-4.1211,7.68589,10.113013,1.919782,29,128,38,10,0E-8,0.00675737,,0.00800000,0.800000,0.928452,0.002516,,2026-05-25,2026-06-16,18,513,239,23,0.782609,,,0.000000,,,,,,,,GLOBAL_BASELINE_NO_ENTITY_RANKING,,,NOT_APPLICABLE_GLOBAL_BASELINE,HF9g-P5,,,,X 全窗基线 · 不参与实体赏罚,3922917,393,A168_HF9F_20260827_0900,2026-08-27 09:00:00
2026-06-06,150554671,1505,0,41.5429034336,-8.3085806868,-7.9762374592,0.5000000,5,2,0.24642304499957392,0.143169591667,0.8321858287590423,1.440801082671467,0.8321858287590423,0.10325345333257392,ELIGIBLE,R03b_20260811_FULL_v1,L1_ELIGIBILITY,v2026-08-11,2026-03-21..2026-08-06,baccarat_bet02_101_all_pairs_incl_sentinel,round_win = game_pnl > 0 (decisive only),COMPATIBILITY_ONLY_NOT_PRODUCTION,55468.4231,51499.7495,374.8205,2782,1234,-0.00675737,,-0.00675737,-0.01418498,-374.8205,55468.4231,OK,411.9980,22.4892,6.0000,94.0000,AG03-UNRESOLVED,ALL5_LEVELS_bet23_to_bet27,22.4892,22.4892,22.4892,22.4892,22.4892,6.000000,6.000000,6.000000,6.000000,6.000000,94.000000,94.000000,94.000000,94.000000,94.000000,5.0,112.4461,99.7382,-149.6237,-136.9157,PENDING_AG03,FALSE,NOT_FOR_ENFORCEMENT,352.3312,48409.7645,-37.1775,-59.6668,-389.5088,-0.00067025,-0.00107569,22.4892,-59.6668,-0.00107569,22.4892,22.4892,22.4892,22.4892,22.4892,-59.6668,-0.00107569,112.4461,99.7382,-149.6237,-136.9157,-0.00269746,-0.00246835,-0.00702217,19.9383,41.7340,0.3037,20.8234,0.7306,3081.5791,68.5556,,19.9383,3.9466,10.3857,27.3081,58.8174,79.8235,105.031,10.3857,-4.1211,7.68589,10.113013,1.919782,29,128,38,10,0E-8,0.00675737,,0.00800000,0.800000,0.928452,0.002516,,2026-05-25,2026-06-16,18,513,239,23,0.782609,,,0.000000,,,,,,,,GLOBAL_BASELINE_NO_ENTITY_RANKING,,,NOT_APPLICABLE_GLOBAL_BASELINE,HF9g-P5,,,,X 全窗基线 · 不参与实体赏罚,3922918,393,A168_HF9F_20260827_0900,2026-08-27 09:00:00
2026-06-06,150554671,1509,0,21.8100243027,-13.5014436159,-13.3269634215,0.5000000,5,2,0.34252630000054872,0.238997675000,0.46928521892041597,0.8655049260295123,0.46928521892041597,0.10352862500054872,ELIGIBLE,R03b_20260811_FULL_v1,L1_ELIGIBILITY,v2026-08-11,2026-03-21..2026-08-06,baccarat_bet02_101_all_pairs_incl_sentinel,round_win = game_pnl > 0 (decisive only),COMPATIBILITY_ONLY_NOT_PRODUCTION,55468.4231,51499.7495,374.8205,2782,1234,-0.00675737,,-0.00675737,-0.01418498,-374.8205,55468.4231,OK,411.9980,22.4892,6.0000,94.0000,AG03-UNRESOLVED,ALL5_LEVELS_bet23_to_bet27,22.4892,22.4892,22.4892,22.4892,22.4892,6.000000,6.000000,6.000000,6.000000,6.000000,94.000000,94.000000,94.000000,94.000000,94.000000,5.0,112.4461,99.7382,-149.6237,-136.9157,PENDING_AG03,FALSE,NOT_FOR_ENFORCEMENT,352.3312,48409.7645,-37.1775,-59.6668,-389.5088,-0.00067025,-0.00107569,22.4892,-59.6668,-0.00107569,22.4892,22.4892,22.4892,22.4892,22.4892,-59.6668,-0.00107569,112.4461,99.7382,-149.6237,-136.9157,-0.00269746,-0.00246835,-0.00702217,19.9383,41.7340,0.3037,20.8234,0.7306,3081.5791,68.5556,,19.9383,3.9466,10.3857,27.3081,58.8174,79.8235,105.031,10.3857,-4.1211,7.68589,10.113013,1.919782,29,128,38,10,0E-8,0.00675737,,0.00800000,0.800000,0.928452,0.002516,,2026-05-25,2026-06-16,18,513,239,23,0.782609,,,0.000000,,,,,,,,GLOBAL_BASELINE_NO_ENTITY_RANKING,,,NOT_APPLICABLE_GLOBAL_BASELINE,HF9g-P5,,,,X 全窗基线 · 不参与实体赏罚,3922919,393,A168_HF9F_20260827_0900,2026-08-27 09:00:00
2026-06-06,150554671,1645,0,66.4686454937,57.1214922210,57.6532413851,1.0000000,3,2,0.46219065833303038,0.386675775000,1.5255223927638266,1.7810929101020572,1.5255223927638266,0.07551488333303038,ELIGIBLE,R03b_20260811_FULL_v1,L1_ELIGIBILITY,v2026-08-11,2026-03-21..2026-08-06,baccarat_bet02_101_all_pairs_incl_sentinel,round_win = game_pnl > 0 (decisive only),COMPATIBILITY_ONLY_NOT_PRODUCTION,55468.4231,51499.7495,374.8205,2782,1234,-0.00675737,,-0.00675737,-0.01418498,-374.8205,55468.4231,OK,411.9980,22.4892,6.0000,94.0000,AG03-UNRESOLVED,ALL5_LEVELS_bet23_to_bet27,22.4892,22.4892,22.4892,22.4892,22.4892,6.000000,6.000000,6.000000,6.000000,6.000000,94.000000,94.000000,94.000000,94.000000,94.000000,5.0,112.4461,99.7382,-149.6237,-136.9157,PENDING_AG03,FALSE,NOT_FOR_ENFORCEMENT,352.3312,48409.7645,-37.1775,-59.6668,-389.5088,-0.00067025,-0.00107569,22.4892,-59.6668,-0.00107569,22.4892,22.4892,22.4892,22.4892,22.4892,-59.6668,-0.00107569,112.4461,99.7382,-149.6237,-136.9157,-0.00269746,-0.00246835,-0.00702217,19.9383,41.7340,0.3037,20.8234,0.7306,3081.5791,68.5556,,19.9383,3.9466,10.3857,27.3081,58.8174,79.8235,105.031,10.3857,-4.1211,7.68589,10.113013,1.919782,29,128,38,10,0E-8,0.00675737,,0.00800000,0.800000,0.928452,0.002516,,2026-05-25,2026-06-16,18,513,239,23,0.782609,,,0.000000,,,,,,,,GLOBAL_BASELINE_NO_ENTITY_RANKING,,,NOT_APPLICABLE_GLOBAL_BASELINE,HF9g-P5,,,,X 全窗基线 · 不参与实体赏罚,3922920,393,A168_HF9F_20260827_0900,2026-08-27 09:00:00
2026-06-06,150554671,1646,0,20.7714517168,16.6171613734,16.7833329871,1.0000000,3,2,0.46384135714265492,0.390331000000,1.5204667211759748,1.767443469900924,1.5204667211759748,0.07351035714265492,ELIGIBLE,R03b_20260811_FULL_v1,L1_ELIGIBILITY,v2026-08-11,2026-03-21..2026-08-06,baccarat_bet02_101_all_pairs_incl_sentinel,round_win = game_pnl > 0 (decisive only),COMPATIBILITY_ONLY_NOT_PRODUCTION,55468.4231,51499.7495,374.8205,2782,1234,-0.00675737,,-0.00675737,-0.01418498,-374.8205,55468.4231,OK,411.9980,22.4892,6.0000,94.0000,AG03-UNRESOLVED,ALL5_LEVELS_bet23_to_bet27,22.4892,22.4892,22.4892,22.4892,22.4892,6.000000,6.000000,6.000000,6.000000,6.000000,94.000000,94.000000,94.000000,94.000000,94.000000,5.0,112.4461,99.7382,-149.6237,-136.9157,PENDING_AG03,FALSE,NOT_FOR_ENFORCEMENT,352.3312,48409.7645,-37.1775,-59.6668,-389.5088,-0.00067025,-0.00107569,22.4892,-59.6668,-0.00107569,22.4892,22.4892,22.4892,22.4892,22.4892,-59.6668,-0.00107569,112.4461,99.7382,-149.6237,-136.9157,-0.00269746,-0.00246835,-0.00702217,19.9383,41.7340,0.3037,20.8234,0.7306,3081.5791,68.5556,,19.9383,3.9466,10.3857,27.3081,58.8174,79.8235,105.031,10.3857,-4.1211,7.68589,10.113013,1.919782,29,128,38,10,0E-8,0.00675737,,0.00800000,0.800000,0.928452,0.002516,,2026-05-25,2026-06-16,18,513,239,23,0.782609,,,0.000000,,,,,,,,GLOBAL_BASELINE_NO_ENTITY_RANKING,,,NOT_APPLICABLE_GLOBAL_BASELINE,HF9g-P5,,,,X 全窗基线 · 不参与实体赏罚,3922921,393,A168_HF9F_20260827_0900,2026-08-27 09:00:00
2026-06-06,150554671,1935,0,78.7238020065,-47.9820534657,-47.4187316951,0.4000000,9,5,0.41976586835948309,0.328339160000,-0.08955620945432358,0.34121690645991015,-0.08955620945432358,0.09142670835948309,ELIGIBLE,R03b_20260811_FULL_v1,L1_ELIGIBILITY,v2026-08-11,2026-03-21..2026-08-06,baccarat_bet02_101_all_pairs_incl_sentinel,round_win = game_pnl > 0 (decisive only),COMPATIBILITY_ONLY_NOT_PRODUCTION,55468.4231,51499.7495,374.8205,2782,1234,-0.00675737,,-0.00675737,-0.01418498,-374.8205,55468.4231,OK,411.9980,22.4892,6.0000,94.0000,AG03-UNRESOLVED,ALL5_LEVELS_bet23_to_bet27,22.4892,22.4892,22.4892,22.4892,22.4892,6.000000,6.000000,6.000000,6.000000,6.000000,94.000000,94.000000,94.000000,94.000000,94.000000,5.0,112.4461,99.7382,-149.6237,-136.9157,PENDING_AG03,FALSE,NOT_FOR_ENFORCEMENT,352.3312,48409.7645,-37.1775,-59.6668,-389.5088,-0.00067025,-0.00107569,22.4892,-59.6668,-0.00107569,22.4892,22.4892,22.4892,22.4892,22.4892,-59.6668,-0.00107569,112.4461,99.7382,-149.6237,-136.9157,-0.00269746,-0.00246835,-0.00702217,19.9383,41.7340,0.3037,20.8234,0.7306,3081.5791,68.5556,,19.9383,3.9466,10.3857,27.3081,58.8174,79.8235,105.031,10.3857,-4.1211,7.68589,10.113013,1.919782,29,128,38,10,0E-8,0.00675737,,0.00800000,0.800000,0.928452,0.002516,,2026-05-25,2026-06-16,18,513,239,23,0.782609,,,0.000000,,,,,,,,GLOBAL_BASELINE_NO_ENTITY_RANKING,,,NOT_APPLICABLE_GLOBAL_BASELINE,HF9g-P5,,,,X 全窗基线 · 不参与实体赏罚,3922922,393,A168_HF9F_20260827_0900,2026-08-27 09:00:00
2026-06-06,150554671,1990,0,20.7714517168,20.7714517168,20.9376233305,1.0000000,1,1,0.49324550000000000,0.493245500000,1.01360149184955,1.01360149184955,1.01360149184955,0E-17,ELIGIBLE,R03b_20260811_FULL_v1,L1_ELIGIBILITY,v2026-08-11,2026-03-21..2026-08-06,baccarat_bet02_101_all_pairs_incl_sentinel,round_win = game_pnl > 0 (decisive only),COMPATIBILITY_ONLY_NOT_PRODUCTION,55468.4231,51499.7495,374.8205,2782,1234,-0.00675737,,-0.00675737,-0.01418498,-374.8205,55468.4231,OK,411.9980,22.4892,6.0000,94.0000,AG03-UNRESOLVED,ALL5_LEVELS_bet23_to_bet27,22.4892,22.4892,22.4892,22.4892,22.4892,6.000000,6.000000,6.000000,6.000000,6.000000,94.000000,94.000000,94.000000,94.000000,94.000000,5.0,112.4461,99.7382,-149.6237,-136.9157,PENDING_AG03,FALSE,NOT_FOR_ENFORCEMENT,352.3312,48409.7645,-37.1775,-59.6668,-389.5088,-0.00067025,-0.00107569,22.4892,-59.6668,-0.00107569,22.4892,22.4892,22.4892,22.4892,22.4892,-59.6668,-0.00107569,112.4461,99.7382,-149.6237,-136.9157,-0.00269746,-0.00246835,-0.00702217,19.9383,41.7340,0.3037,20.8234,0.7306,3081.5791,68.5556,,19.9383,3.9466,10.3857,27.3081,58.8174,79.8235,105.031,10.3857,-4.1211,7.68589,10.113013,1.919782,29,128,38,10,0E-8,0.00675737,,0.00800000,0.800000,0.928452,0.002516,,2026-05-25,2026-06-16,18,513,239,23,0.782609,,,0.000000,,,,,,,,GLOBAL_BASELINE_NO_ENTITY_RANKING,,,NOT_APPLICABLE_GLOBAL_BASELINE,HF9g-P5,,,,X 全窗基线 · 不参与实体赏罚,3922923,393,A168_HF9F_20260827_0900,2026-08-27 09:00:00
2026-06-06,150554671,2103,0,120.4744199574,126.0827119205,126.9634214736,0.8000000,13,5,0.42247939971583253,0.263281624000,1.7089885312462154,2.725024690154124,1.7089885312462154,0.15919777571583253,ELIGIBLE,R03b_20260811_FULL_v1,L1_ELIGIBILITY,v2026-08-11,2026-03-21..2026-08-06,baccarat_bet02_101_all_pairs_incl_sentinel,round_win = game_pnl > 0 (decisive only),COMPATIBILITY_ONLY_NOT_PRODUCTION,55468.4231,51499.7495,374.8205,2782,1234,-0.00675737,,-0.00675737,-0.01418498,-374.8205,55468.4231,OK,411.9980,22.4892,6.0000,94.0000,AG03-UNRESOLVED,ALL5_LEVELS_bet23_to_bet27,22.4892,22.4892,22.4892,22.4892,22.4892,6.000000,6.000000,6.000000,6.000000,6.000000,94.000000,94.000000,94.000000,94.000000,94.000000,5.0,112.4461,99.7382,-149.6237,-136.9157,PENDING_AG03,FALSE,NOT_FOR_ENFORCEMENT,352.3312,48409.7645,-37.1775,-59.6668,-389.5088,-0.00067025,-0.00107569,22.4892,-59.6668,-0.00107569,22.4892,22.4892,22.4892,22.4892,22.4892,-59.6668,-0.00107569,112.4461,99.7382,-149.6237,-136.9157,-0.00269746,-0.00246835,-0.00702217,19.9383,41.7340,0.3037,20.8234,0.7306,3081.5791,68.5556,,19.9383,3.9466,10.3857,27.3081,58.8174,79.8235,105.031,10.3857,-4.1211,7.68589,10.113013,1.919782,29,128,38,10,0E-8,0.00675737,,0.00800000,0.800000,0.928452,0.002516,,2026-05-25,2026-06-16,18,513,239,23,0.782609,,,0.000000,,,,,,,,GLOBAL_BASELINE_NO_ENTITY_RANKING,,,NOT_APPLICABLE_GLOBAL_BASELINE,HF9g-P5,,,,X 全窗基线 · 不参与实体赏罚,3922924,393,A168_HF9F_20260827_0900,2026-08-27 09:00:00
2026-06-06,150554671,2127,0,4.1542903434,-4.1542903434,-4.1210560206,0E-7,2,1,0.07469835000000000,0.074698350000,-0.2841278703448948,-0.28412787034489473,-0.2841278703448948,0E-17,ELIGIBLE,R03b_20260811_FULL_v1,L1_ELIGIBILITY,v2026-08-11,2026-03-21..2026-08-06,baccarat_bet02_101_all_pairs_incl_sentinel,round_win = game_pnl > 0 (decisive only),COMPATIBILITY_ONLY_NOT_PRODUCTION,55468.4231,51499.7495,374.8205,2782,1234,-0.00675737,,-0.00675737,-0.01418498,-374.8205,55468.4231,OK,411.9980,22.4892,6.0000,94.0000,AG03-UNRESOLVED,ALL5_LEVELS_bet23_to_bet27,22.4892,22.4892,22.4892,22.4892,22.4892,6.000000,6.000000,6.000000,6.000000,6.000000,94.000000,94.000000,94.000000,94.000000,94.000000,5.0,112.4461,99.7382,-149.6237,-136.9157,PENDING_AG03,FALSE,NOT_FOR_ENFORCEMENT,352.3312,48409.7645,-37.1775,-59.6668,-389.5088,-0.00067025,-0.00107569,22.4892,-59.6668,-0.00107569,22.4892,22.4892,22.4892,22.4892,22.4892,-59.6668,-0.00107569,112.4461,99.7382,-149.6237,-136.9157,-0.00269746,-0.00246835,-0.00702217,19.9383,41.7340,0.3037,20.8234,0.7306,3081.5791,68.5556,,19.9383,3.9466,10.3857,27.3081,58.8174,79.8235,105.031,10.3857,-4.1211,7.68589,10.113013,1.919782,29,128,38,10,0E-8,0.00675737,,0.00800000,0.800000,0.928452,0.002516,,2026-05-25,2026-06-16,18,513,239,23,0.782609,,,0.000000,,,,,,,,GLOBAL_BASELINE_NO_ENTITY_RANKING,,,NOT_APPLICABLE_GLOBAL_BASELINE,HF9g-P5,,,,X 全窗基线 · 不参与实体赏罚,3922925,393,A168_HF9F_20260827_0900,2026-08-27 09:00:00
2026-06-06,150554671,2153,0,24.9257420601,-24.9257420601,-24.7263361236,0E-7,2,1,0.39337837500045444,0.280106050000,-0.8052788575969764,-0.6237735893609975,-0.8052788575969764,0.11327232500045444,ELIGIBLE,R03b_20260811_FULL_v1,L1_ELIGIBILITY,v2026-08-11,2026-03-21..2026-08-06,baccarat_bet02_101_all_pairs_incl_sentinel,round_win = game_pnl > 0 (decisive only),COMPATIBILITY_ONLY_NOT_PRODUCTION,55468.4231,51499.7495,374.8205,2782,1234,-0.00675737,,-0.00675737,-0.01418498,-374.8205,55468.4231,OK,411.9980,22.4892,6.0000,94.0000,AG03-UNRESOLVED,ALL5_LEVELS_bet23_to_bet27,22.4892,22.4892,22.4892,22.4892,22.4892,6.000000,6.000000,6.000000,6.000000,6.000000,94.000000,94.000000,94.000000,94.000000,94.000000,5.0,112.4461,99.7382,-149.6237,-136.9157,PENDING_AG03,FALSE,NOT_FOR_ENFORCEMENT,352.3312,48409.7645,-37.1775,-59.6668,-389.5088,-0.00067025,-0.00107569,22.4892,-59.6668,-0.00107569,22.4892,22.4892,22.4892,22.4892,22.4892,-59.6668,-0.00107569,112.4461,99.7382,-149.6237,-136.9157,-0.00269746,-0.00246835,-0.00702217,19.9383,41.7340,0.3037,20.8234,0.7306,3081.5791,68.5556,,19.9383,3.9466,10.3857,27.3081,58.8174,79.8235,105.031,10.3857,-4.1211,7.68589,10.113013,1.919782,29,128,38,10,0E-8,0.00675737,,0.00800000,0.800000,0.928452,0.002516,,2026-05-25,2026-06-16,18,513,239,23,0.782609,,,0.000000,,,,,,,,GLOBAL_BASELINE_NO_ENTITY_RANKING,,,NOT_APPLICABLE_GLOBAL_BASELINE,HF9g-P5,,,,X 全窗基线 · 不参与实体赏罚,3922926,393,A168_HF9F_20260827_0900,2026-08-27 09:00:00
2026-06-06,150554671,2188,0,233.4711172966,-157.5410755459,-155.9225640279,0.2000000,13,6,0.46293466142254293,0.319759616667,-1.1791238699541937,-0.5741857190654029,-1.1791238699541937,0.14317504475554293,ELIGIBLE,R03b_20260811_FULL_v1,L1_ELIGIBILITY,v2026-08-11,2026-03-21..2026-08-06,baccarat_bet02_101_all_pairs_incl_sentinel,round_win = game_pnl > 0 (decisive only),COMPATIBILITY_ONLY_NOT_PRODUCTION,55468.4231,51499.7495,374.8205,2782,1234,-0.00675737,,-0.00675737,-0.01418498,-374.8205,55468.4231,OK,411.9980,22.4892,6.0000,94.0000,AG03-UNRESOLVED,ALL5_LEVELS_bet23_to_bet27,22.4892,22.4892,22.4892,22.4892,22.4892,6.000000,6.000000,6.000000,6.000000,6.000000,94.000000,94.000000,94.000000,94.000000,94.000000,5.0,112.4461,99.7382,-149.6237,-136.9157,PENDING_AG03,FALSE,NOT_FOR_ENFORCEMENT,352.3312,48409.7645,-37.1775,-59.6668,-389.5088,-0.00067025,-0.00107569,22.4892,-59.6668,-0.00107569,22.4892,22.4892,22.4892,22.4892,22.4892,-59.6668,-0.00107569,112.4461,99.7382,-149.6237,-136.9157,-0.00269746,-0.00246835,-0.00702217,19.9383,41.7340,0.3037,20.8234,0.7306,3081.5791,68.5556,,19.9383,3.9466,10.3857,27.3081,58.8174,79.8235,105.031,10.3857,-4.1211,7.68589,10.113013,1.919782,29,128,38,10,0E-8,0.00675737,,0.00800000,0.800000,0.928452,0.002516,,2026-05-25,2026-06-16,18,513,239,23,0.782609,,,0.000000,,,,,,,,GLOBAL_BASELINE_NO_ENTITY_RANKING,,,NOT_APPLICABLE_GLOBAL_BASELINE,HF9g-P5,,,,X 全窗基线 · 不参与实体赏罚,3922927,393,A168_HF9F_20260827_0900,2026-08-27 09:00:00
2026-06-06,150554671,2201,0,74.7772261805,18.3827347691,18.9809525789,0.6666667,10,3,0.40231314916584554,0.213939833333,0.9337417046011257,1.9121552152799597,0.9337417046011257,0.18837331583284554,ELIGIBLE,R03b_20260811_FULL_v1,L1_ELIGIBILITY,v2026-08-11,2026-03-21..2026-08-06,baccarat_bet02_101_all_pairs_incl_sentinel,round_win = game_pnl > 0 (decisive only),COMPATIBILITY_ONLY_NOT_PRODUCTION,55468.4231,51499.7495,374.8205,2782,1234,-0.00675737,,-0.00675737,-0.01418498,-374.8205,55468.4231,OK,411.9980,22.4892,6.0000,94.0000,AG03-UNRESOLVED,ALL5_LEVELS_bet23_to_bet27,22.4892,22.4892,22.4892,22.4892,22.4892,6.000000,6.000000,6.000000,6.000000,6.000000,94.000000,94.000000,94.000000,94.000000,94.000000,5.0,112.4461,99.7382,-149.6237,-136.9157,PENDING_AG03,FALSE,NOT_FOR_ENFORCEMENT,352.3312,48409.7645,-37.1775,-59.6668,-389.5088,-0.00067025,-0.00107569,22.4892,-59.6668,-0.00107569,22.4892,22.4892,22.4892,22.4892,22.4892,-59.6668,-0.00107569,112.4461,99.7382,-149.6237,-136.9157,-0.00269746,-0.00246835,-0.00702217,19.9383,41.7340,0.3037,20.8234,0.7306,3081.5791,68.5556,,19.9383,3.9466,10.3857,27.3081,58.8174,79.8235,105.031,10.3857,-4.1211,7.68589,10.113013,1.919782,29,128,38,10,0E-8,0.00675737,,0.00800000,0.800000,0.928452,0.002516,,2026-05-25,2026-06-16,18,513,239,23,0.782609,,,0.000000,,,,,,,,GLOBAL_BASELINE_NO_ENTITY_RANKING,,,NOT_APPLICABLE_GLOBAL_BASELINE,HF9g-P5,,,,X 全窗基线 · 不参与实体赏罚,3922928,393,A168_HF9F_20260827_0900,2026-08-27 09:00:00
2026-06-06,150554671,2218,0,152.4624556012,27.7298880417,28.8764721767,0.6666667,13,6,0.43762959851827521,0.294465927778,1.130880797679539,2.00021341177589,1.130880797679539,0.14316367074027521,ELIGIBLE,R03b_20260811_FULL_v1,L1_ELIGIBILITY,v2026-08-11,2026-03-21..2026-08-06,baccarat_bet02_101_all_pairs_incl_sentinel,round_win = game_pnl > 0 (decisive only),COMPATIBILITY_ONLY_NOT_PRODUCTION,55468.4231,51499.7495,374.8205,2782,1234,-0.00675737,,-0.00675737,-0.01418498,-374.8205,55468.4231,OK,411.9980,22.4892,6.0000,94.0000,AG03-UNRESOLVED,ALL5_LEVELS_bet23_to_bet27,22.4892,22.4892,22.4892,22.4892,22.4892,6.000000,6.000000,6.000000,6.000000,6.000000,94.000000,94.000000,94.000000,94.000000,94.000000,5.0,112.4461,99.7382,-149.6237,-136.9157,PENDING_AG03,FALSE,NOT_FOR_ENFORCEMENT,352.3312,48409.7645,-37.1775,-59.6668,-389.5088,-0.00067025,-0.00107569,22.4892,-59.6668,-0.00107569,22.4892,22.4892,22.4892,22.4892,22.4892,-59.6668,-0.00107569,112.4461,99.7382,-149.6237,-136.9157,-0.00269746,-0.00246835,-0.00702217,19.9383,41.7340,0.3037,20.8234,0.7306,3081.5791,68.5556,,19.9383,3.9466,10.3857,27.3081,58.8174,79.8235,105.031,10.3857,-4.1211,7.68589,10.113013,1.919782,29,128,38,10,0E-8,0.00675737,,0.00800000,0.800000,0.928452,0.002516,,2026-05-25,2026-06-16,18,513,239,23,0.782609,,,0.000000,,,,,,,,GLOBAL_BASELINE_NO_ENTITY_RANKING,,,NOT_APPLICABLE_GLOBAL_BASELINE,HF9g-P5,,,,X 全窗基线 · 不参与实体赏罚,3922929,393,A168_HF9F_20260827_0900,2026-08-27 09:00:00
2026-06-06,150554671,2220,0,39.8811872963,-4.8709054276,-4.6017074133,0.6666667,6,4,0.45539887324869811,0.390130300000,0.7347822897372156,0.9819503075893622,0.7347822897372156,0.06526857324869811,ELIGIBLE,R03b_20260811_FULL_v1,L1_ELIGIBILITY,v2026-08-11,2026-03-21..2026-08-06,baccarat_bet02_101_all_pairs_incl_sentinel,round_win = game_pnl > 0 (decisive only),COMPATIBILITY_ONLY_NOT_PRODUCTION,55468.4231,51499.7495,374.8205,2782,1234,-0.00675737,,-0.00675737,-0.01418498,-374.8205,55468.4231,OK,411.9980,22.4892,6.0000,94.0000,AG03-UNRESOLVED,ALL5_LEVELS_bet23_to_bet27,22.4892,22.4892,22.4892,22.4892,22.4892,6.000000,6.000000,6.000000,6.000000,6.000000,94.000000,94.000000,94.000000,94.000000,94.000000,5.0,112.4461,99.7382,-149.6237,-136.9157,PENDING_AG03,FALSE,NOT_FOR_ENFORCEMENT,352.3312,48409.7645,-37.1775,-59.6668,-389.5088,-0.00067025,-0.00107569,22.4892,-59.6668,-0.00107569,22.4892,22.4892,22.4892,22.4892,22.4892,-59.6668,-0.00107569,112.4461,99.7382,-149.6237,-136.9157,-0.00269746,-0.00246835,-0.00702217,19.9383,41.7340,0.3037,20.8234,0.7306,3081.5791,68.5556,,19.9383,3.9466,10.3857,27.3081,58.8174,79.8235,105.031,10.3857,-4.1211,7.68589,10.113013,1.919782,29,128,38,10,0E-8,0.00675737,,0.00800000,0.800000,0.928452,0.002516,,2026-05-25,2026-06-16,18,513,239,23,0.782609,,,0.000000,,,,,,,,GLOBAL_BASELINE_NO_ENTITY_RANKING,,,NOT_APPLICABLE_GLOBAL_BASELINE,HF9g-P5,,,,X 全窗基线 · 不参与实体赏罚,3922930,393,A168_HF9F_20260827_0900,2026-08-27 09:00:00
2026-06-06,150554671,2234,0,51.9286292921,25.5488856115,25.9643146459,1.0000000,5,2,0.43409839999952447,0.335323850000,1.6146982187754144,1.9910759368715722,1.6146982187754144,0.09877454999952447,ELIGIBLE,R03b_20260811_FULL_v1,L1_ELIGIBILITY,v2026-08-11,2026-03-21..2026-08-06,baccarat_bet02_101_all_pairs_incl_sentinel,round_win = game_pnl > 0 (decisive only),COMPATIBILITY_ONLY_NOT_PRODUCTION,55468.4231,51499.7495,374.8205,2782,1234,-0.00675737,,-0.00675737,-0.01418498,-374.8205,55468.4231,OK,411.9980,22.4892,6.0000,94.0000,AG03-UNRESOLVED,ALL5_LEVELS_bet23_to_bet27,22.4892,22.4892,22.4892,22.4892,22.4892,6.000000,6.000000,6.000000,6.000000,6.000000,94.000000,94.000000,94.000000,94.000000,94.000000,5.0,112.4461,99.7382,-149.6237,-136.9157,PENDING_AG03,FALSE,NOT_FOR_ENFORCEMENT,352.3312,48409.7645,-37.1775,-59.6668,-389.5088,-0.00067025,-0.00107569,22.4892,-59.6668,-0.00107569,22.4892,22.4892,22.4892,22.4892,22.4892,-59.6668,-0.00107569,112.4461,99.7382,-149.6237,-136.9157,-0.00269746,-0.00246835,-0.00702217,19.9383,41.7340,0.3037,20.8234,0.7306,3081.5791,68.5556,,19.9383,3.9466,10.3857,27.3081,58.8174,79.8235,105.031,10.3857,-4.1211,7.68589,10.113013,1.919782,29,128,38,10,0E-8,0.00675737,,0.00800000,0.800000,0.928452,0.002516,,2026-05-25,2026-06-16,18,513,239,23,0.782609,,,0.000000,,,,,,,,GLOBAL_BASELINE_NO_ENTITY_RANKING,,,NOT_APPLICABLE_GLOBAL_BASELINE,HF9g-P5,,,,X 全窗基线 · 不参与实体赏罚,3922931,393,A168_HF9F_20260827_0900,2026-08-27 09:00:00
2026-06-06,150554671,2235,0,4.5697193777,-4.5697193777,-4.5331616227,0E-7,1,1,0.49324550000000000,0.493245500000,-0.9865810262130424,-0.9865810262130424,-0.9865810262130424,0E-17,ELIGIBLE,R03b_20260811_FULL_v1,L1_ELIGIBILITY,v2026-08-11,2026-03-21..2026-08-06,baccarat_bet02_101_all_pairs_incl_sentinel,round_win = game_pnl > 0 (decisive only),COMPATIBILITY_ONLY_NOT_PRODUCTION,55468.4231,51499.7495,374.8205,2782,1234,-0.00675737,,-0.00675737,-0.01418498,-374.8205,55468.4231,OK,411.9980,22.4892,6.0000,94.0000,AG03-UNRESOLVED,ALL5_LEVELS_bet23_to_bet27,22.4892,22.4892,22.4892,22.4892,22.4892,6.000000,6.000000,6.000000,6.000000,6.000000,94.000000,94.000000,94.000000,94.000000,94.000000,5.0,112.4461,99.7382,-149.6237,-136.9157,PENDING_AG03,FALSE,NOT_FOR_ENFORCEMENT,352.3312,48409.7645,-37.1775,-59.6668,-389.5088,-0.00067025,-0.00107569,22.4892,-59.6668,-0.00107569,22.4892,22.4892,22.4892,22.4892,22.4892,-59.6668,-0.00107569,112.4461,99.7382,-149.6237,-136.9157,-0.00269746,-0.00246835,-0.00702217,19.9383,41.7340,0.3037,20.8234,0.7306,3081.5791,68.5556,,19.9383,3.9466,10.3857,27.3081,58.8174,79.8235,105.031,10.3857,-4.1211,7.68589,10.113013,1.919782,29,128,38,10,0E-8,0.00675737,,0.00800000,0.800000,0.928452,0.002516,,2026-05-25,2026-06-16,18,513,239,23,0.782609,,,0.000000,,,,,,,,GLOBAL_BASELINE_NO_ENTITY_RANKING,,,NOT_APPLICABLE_GLOBAL_BASELINE,HF9g-P5,,,,X 全窗基线 · 不参与实体赏罚,3922932,393,A168_HF9F_20260827_0900,2026-08-27 09:00:00
2026-06-06,150554671,2241,0,86.2015246247,-32.1957501611,-31.5061379640,0.3333333,9,3,0.43460329872949171,0.230747672222,-0.3538491401289895,0.4217394381485546,-0.3538491401289895,0.20385562650749171,ELIGIBLE,R03b_20260811_FULL_v1,L1_ELIGIBILITY,v2026-08-11,2026-03-21..2026-08-06,baccarat_bet02_101_all_pairs_incl_sentinel,round_win = game_pnl > 0 (decisive only),COMPATIBILITY_ONLY_NOT_PRODUCTION,55468.4231,51499.7495,374.8205,2782,1234,-0.00675737,,-0.00675737,-0.01418498,-374.8205,55468.4231,OK,411.9980,22.4892,6.0000,94.0000,AG03-UNRESOLVED,ALL5_LEVELS_bet23_to_bet27,22.4892,22.4892,22.4892,22.4892,22.4892,6.000000,6.000000,6.000000,6.000000,6.000000,94.000000,94.000000,94.000000,94.000000,94.000000,5.0,112.4461,99.7382,-149.6237,-136.9157,PENDING_AG03,FALSE,NOT_FOR_ENFORCEMENT,352.3312,48409.7645,-37.1775,-59.6668,-389.5088,-0.00067025,-0.00107569,22.4892,-59.6668,-0.00107569,22.4892,22.4892,22.4892,22.4892,22.4892,-59.6668,-0.00107569,112.4461,99.7382,-149.6237,-136.9157,-0.00269746,-0.00246835,-0.00702217,19.9383,41.7340,0.3037,20.8234,0.7306,3081.5791,68.5556,,19.9383,3.9466,10.3857,27.3081,58.8174,79.8235,105.031,10.3857,-4.1211,7.68589,10.113013,1.919782,29,128,38,10,0E-8,0.00675737,,0.00800000,0.800000,0.928452,0.002516,,2026-05-25,2026-06-16,18,513,239,23,0.782609,,,0.000000,,,,,,,,GLOBAL_BASELINE_NO_ENTITY_RANKING,,,NOT_APPLICABLE_GLOBAL_BASELINE,HF9g-P5,,,,X 全窗基线 · 不参与实体赏罚,3922933,393,A168_HF9F_20260827_0900,2026-08-27 09:00:00
2026-06-06,150554671,2246,0,24.9257420602,15.5785887875,15.7779947241,1.0000000,2,1,0.43113581666606075,0.280106050000,1.1486751971604943,1.6031457840727341,1.1486751971604943,0.15102976666606075,ELIGIBLE,R03b_20260811_FULL_v1,L1_ELIGIBILITY,v2026-08-11,2026-03-21..2026-08-06,baccarat_bet02_101_all_pairs_incl_sentinel,round_win = game_pnl > 0 (decisive only),COMPATIBILITY_ONLY_NOT_PRODUCTION,55468.4231,51499.7495,374.8205,2782,1234,-0.00675737,,-0.00675737,-0.01418498,-374.8205,55468.4231,OK,411.9980,22.4892,6.0000,94.0000,AG03-UNRESOLVED,ALL5_LEVELS_bet23_to_bet27,22.4892,22.4892,22.4892,22.4892,22.4892,6.000000,6.000000,6.000000,6.000000,6.000000,94.000000,94.000000,94.000000,94.000000,94.000000,5.0,112.4461,99.7382,-149.6237,-136.9157,PENDING_AG03,FALSE,NOT_FOR_ENFORCEMENT,352.3312,48409.7645,-37.1775,-59.6668,-389.5088,-0.00067025,-0.00107569,22.4892,-59.6668,-0.00107569,22.4892,22.4892,22.4892,22.4892,22.4892,-59.6668,-0.00107569,112.4461,99.7382,-149.6237,-136.9157,-0.00269746,-0.00246835,-0.00702217,19.9383,41.7340,0.3037,20.8234,0.7306,3081.5791,68.5556,,19.9383,3.9466,10.3857,27.3081,58.8174,79.8235,105.031,10.3857,-4.1211,7.68589,10.113013,1.919782,29,128,38,10,0E-8,0.00675737,,0.00800000,0.800000,0.928452,0.002516,,2026-05-25,2026-06-16,18,513,239,23,0.782609,,,0.000000,,,,,,,,GLOBAL_BASELINE_NO_ENTITY_RANKING,,,NOT_APPLICABLE_GLOBAL_BASELINE,HF9g-P5,,,,X 全窗基线 · 不参与实体赏罚,3922934,393,A168_HF9F_20260827_0900,2026-08-27 09:00:00
2026-06-06,150554671,2251,0,10.3857258584,-10.3857258584,-10.3026400515,0E-7,2,1,0.41603283999912748,0.280106050000,-0.8440527600263525,-0.6237735893609975,-0.8440527600263525,0.13592678999912748,ELIGIBLE,R03b_20260811_FULL_v1,L1_ELIGIBILITY,v2026-08-11,2026-03-21..2026-08-06,baccarat_bet02_101_all_pairs_incl_sentinel,round_win = game_pnl > 0 (decisive only),COMPATIBILITY_ONLY_NOT_PRODUCTION,55468.4231,51499.7495,374.8205,2782,1234,-0.00675737,,-0.00675737,-0.01418498,-374.8205,55468.4231,OK,411.9980,22.4892,6.0000,94.0000,AG03-UNRESOLVED,ALL5_LEVELS_bet23_to_bet27,22.4892,22.4892,22.4892,22.4892,22.4892,6.000000,6.000000,6.000000,6.000000,6.000000,94.000000,94.000000,94.000000,94.000000,94.000000,5.0,112.4461,99.7382,-149.6237,-136.9157,PENDING_AG03,FALSE,NOT_FOR_ENFORCEMENT,352.3312,48409.7645,-37.1775,-59.6668,-389.5088,-0.00067025,-0.00107569,22.4892,-59.6668,-0.00107569,22.4892,22.4892,22.4892,22.4892,22.4892,-59.6668,-0.00107569,112.4461,99.7382,-149.6237,-136.9157,-0.00269746,-0.00246835,-0.00702217,19.9383,41.7340,0.3037,20.8234,0.7306,3081.5791,68.5556,,19.9383,3.9466,10.3857,27.3081,58.8174,79.8235,105.031,10.3857,-4.1211,7.68589,10.113013,1.919782,29,128,38,10,0E-8,0.00675737,,0.00800000,0.800000,0.928452,0.002516,,2026-05-25,2026-06-16,18,513,239,23,0.782609,,,0.000000,,,,,,,,GLOBAL_BASELINE_NO_ENTITY_RANKING,,,NOT_APPLICABLE_GLOBAL_BASELINE,HF9g-P5,,,,X 全窗基线 · 不参与实体赏罚,3922935,393,A168_HF9F_20260827_0900,2026-08-27 09:00:00
2026-06-06,150554671,2256,0,12.4628710301,-12.4628710301,-12.3631680618,0E-7,2,1,0.43113581666606075,0.280106050000,-0.8705681140081921,-0.6237735893609975,-0.8705681140081921,0.15102976666606075,ELIGIBLE,R03b_20260811_FULL_v1,L1_ELIGIBILITY,v2026-08-11,2026-03-21..2026-08-06,baccarat_bet02_101_all_pairs_incl_sentinel,round_win = game_pnl > 0 (decisive only),COMPATIBILITY_ONLY_NOT_PRODUCTION,55468.4231,51499.7495,374.8205,2782,1234,-0.00675737,,-0.00675737,-0.01418498,-374.8205,55468.4231,OK,411.9980,22.4892,6.0000,94.0000,AG03-UNRESOLVED,ALL5_LEVELS_bet23_to_bet27,22.4892,22.4892,22.4892,22.4892,22.4892,6.000000,6.000000,6.000000,6.000000,6.000000,94.000000,94.000000,94.000000,94.000000,94.000000,5.0,112.4461,99.7382,-149.6237,-136.9157,PENDING_AG03,FALSE,NOT_FOR_ENFORCEMENT,352.3312,48409.7645,-37.1775,-59.6668,-389.5088,-0.00067025,-0.00107569,22.4892,-59.6668,-0.00107569,22.4892,22.4892,22.4892,22.4892,22.4892,-59.6668,-0.00107569,112.4461,99.7382,-149.6237,-136.9157,-0.00269746,-0.00246835,-0.00702217,19.9383,41.7340,0.3037,20.8234,0.7306,3081.5791,68.5556,,19.9383,3.9466,10.3857,27.3081,58.8174,79.8235,105.031,10.3857,-4.1211,7.68589,10.113013,1.919782,29,128,38,10,0E-8,0.00675737,,0.00800000,0.800000,0.928452,0.002516,,2026-05-25,2026-06-16,18,513,239,23,0.782609,,,0.000000,,,,,,,,GLOBAL_BASELINE_NO_ENTITY_RANKING,,,NOT_APPLICABLE_GLOBAL_BASELINE,HF9g-P5,,,,X 全窗基线 · 不参与实体赏罚,3922936,393,A168_HF9F_20260827_0900,2026-08-27 09:00:00
2026-06-06,150554671,529,0,12.4628710301,-12.4628710301,-12.3631680618,0E-7,1,1,0.49324550000000000,0.493245500000,-0.9865810262130424,-0.9865810262130424,-0.9865810262130424,0E-17,ELIGIBLE,R03b_20260811_FULL_v1,L1_ELIGIBILITY,v2026-08-11,2026-03-21..2026-08-06,baccarat_bet02_101_all_pairs_incl_sentinel,round_win = game_pnl > 0 (decisive only),COMPATIBILITY_ONLY_NOT_PRODUCTION,55468.4231,51499.7495,374.8205,2782,1234,-0.00675737,,-0.00675737,-0.01418498,-374.8205,55468.4231,OK,411.9980,22.4892,6.0000,94.0000,AG03-UNRESOLVED,ALL5_LEVELS_bet23_to_bet27,22.4892,22.4892,22.4892,22.4892,22.4892,6.000000,6.000000,6.000000,6.000000,6.000000,94.000000,94.000000,94.000000,94.000000,94.000000,5.0,112.4461,99.7382,-149.6237,-136.9157,PENDING_AG03,FALSE,NOT_FOR_ENFORCEMENT,352.3312,48409.7645,-37.1775,-59.6668,-389.5088,-0.00067025,-0.00107569,22.4892,-59.6668,-0.00107569,22.4892,22.4892,22.4892,22.4892,22.4892,-59.6668,-0.00107569,112.4461,99.7382,-149.6237,-136.9157,-0.00269746,-0.00246835,-0.00702217,19.9383,41.7340,0.3037,20.8234,0.7306,3081.5791,68.5556,,19.9383,3.9466,10.3857,27.3081,58.8174,79.8235,105.031,10.3857,-4.1211,7.68589,10.113013,1.919782,29,128,38,10,0E-8,0.00675737,,0.00800000,0.800000,0.928452,0.002516,,2026-05-25,2026-06-16,18,513,239,23,0.782609,,,0.000000,,,,,,,,GLOBAL_BASELINE_NO_ENTITY_RANKING,,,NOT_APPLICABLE_GLOBAL_BASELINE,HF9g-P5,,,,X 全窗基线 · 不参与实体赏罚,3922937,393,A168_HF9F_20260827_0900,2026-08-27 09:00:00
2026-06-06,150554671,752,0,8.3085806867,4.1542903433,4.2207589888,1.0000000,2,1,0.39358482499880051,0.293924150000,1.2412688522089337,1.549915577879723,1.2412688522089337,0.09966067499880051,ELIGIBLE,R03b_20260811_FULL_v1,L1_ELIGIBILITY,v2026-08-11,2026-03-21..2026-08-06,baccarat_bet02_101_all_pairs_incl_sentinel,round_win = game_pnl > 0 (decisive only),COMPATIBILITY_ONLY_NOT_PRODUCTION,55468.4231,51499.7495,374.8205,2782,1234,-0.00675737,,-0.00675737,-0.01418498,-374.8205,55468.4231,OK,411.9980,22.4892,6.0000,94.0000,AG03-UNRESOLVED,ALL5_LEVELS_bet23_to_bet27,22.4892,22.4892,22.4892,22.4892,22.4892,6.000000,6.000000,6.000000,6.000000,6.000000,94.000000,94.000000,94.000000,94.000000,94.000000,5.0,112.4461,99.7382,-149.6237,-136.9157,PENDING_AG03,FALSE,NOT_FOR_ENFORCEMENT,352.3312,48409.7645,-37.1775,-59.6668,-389.5088,-0.00067025,-0.00107569,22.4892,-59.6668,-0.00107569,22.4892,22.4892,22.4892,22.4892,22.4892,-59.6668,-0.00107569,112.4461,99.7382,-149.6237,-136.9157,-0.00269746,-0.00246835,-0.00702217,19.9383,41.7340,0.3037,20.8234,0.7306,3081.5791,68.5556,,19.9383,3.9466,10.3857,27.3081,58.8174,79.8235,105.031,10.3857,-4.1211,7.68589,10.113013,1.919782,29,128,38,10,0E-8,0.00675737,,0.00800000,0.800000,0.928452,0.002516,,2026-05-25,2026-06-16,18,513,239,23,0.782609,,,0.000000,,,,,,,,GLOBAL_BASELINE_NO_ENTITY_RANKING,,,NOT_APPLICABLE_GLOBAL_BASELINE,HF9g-P5,,,,X 全窗基线 · 不参与实体赏罚,3922938,393,A168_HF9F_20260827_0900,2026-08-27 09:00:00
2026-06-06,150554671,772,0,11.6320129614,2.9495461437,3.0426022475,1.0000000,2,1,0.34483309285547349,0.280106050000,1.378388076640613,1.6031457840727341,1.378388076640613,0.06472704285547349,ELIGIBLE,R03b_20260811_FULL_v1,L1_ELIGIBILITY,v2026-08-11,2026-03-21..2026-08-06,baccarat_bet02_101_all_pairs_incl_sentinel,round_win = game_pnl > 0 (decisive only),COMPATIBILITY_ONLY_NOT_PRODUCTION,55468.4231,51499.7495,374.8205,2782,1234,-0.00675737,,-0.00675737,-0.01418498,-374.8205,55468.4231,OK,411.9980,22.4892,6.0000,94.0000,AG03-UNRESOLVED,ALL5_LEVELS_bet23_to_bet27,22.4892,22.4892,22.4892,22.4892,22.4892,6.000000,6.000000,6.000000,6.000000,6.000000,94.000000,94.000000,94.000000,94.000000,94.000000,5.0,112.4461,99.7382,-149.6237,-136.9157,PENDING_AG03,FALSE,NOT_FOR_ENFORCEMENT,352.3312,48409.7645,-37.1775,-59.6668,-389.5088,-0.00067025,-0.00107569,22.4892,-59.6668,-0.00107569,22.4892,22.4892,22.4892,22.4892,22.4892,-59.6668,-0.00107569,112.4461,99.7382,-149.6237,-136.9157,-0.00269746,-0.00246835,-0.00702217,19.9383,41.7340,0.3037,20.8234,0.7306,3081.5791,68.5556,,19.9383,3.9466,10.3857,27.3081,58.8174,79.8235,105.031,10.3857,-4.1211,7.68589,10.113013,1.919782,29,128,38,10,0E-8,0.00675737,,0.00800000,0.800000,0.928452,0.002516,,2026-05-25,2026-06-16,18,513,239,23,0.782609,,,0.000000,,,,,,,,GLOBAL_BASELINE_NO_ENTITY_RANKING,,,NOT_APPLICABLE_GLOBAL_BASELINE,HF9g-P5,,,,X 全窗基线 · 不参与实体赏罚,3922939,393,A168_HF9F_20260827_0900,2026-08-27 09:00:00
2026-06-06,150554671,948,0,18.6943065451,-18.6943065451,-18.5447520927,0E-7,2,1,0.40176594444346576,0.287416500000,-0.8195038427576498,-0.6350939377956173,-0.8195038427576498,0.11434944444346576,ELIGIBLE,R03b_20260811_FULL_v1,L1_ELIGIBILITY,v2026-08-11,2026-03-21..2026-08-06,baccarat_bet02_101_all_pairs_incl_sentinel,round_win = game_pnl > 0 (decisive only),COMPATIBILITY_ONLY_NOT_PRODUCTION,55468.4231,51499.7495,374.8205,2782,1234,-0.00675737,,-0.00675737,-0.01418498,-374.8205,55468.4231,OK,411.9980,22.4892,6.0000,94.0000,AG03-UNRESOLVED,ALL5_LEVELS_bet23_to_bet27,22.4892,22.4892,22.4892,22.4892,22.4892,6.000000,6.000000,6.000000,6.000000,6.000000,94.000000,94.000000,94.000000,94.000000,94.000000,5.0,112.4461,99.7382,-149.6237,-136.9157,PENDING_AG03,FALSE,NOT_FOR_ENFORCEMENT,352.3312,48409.7645,-37.1775,-59.6668,-389.5088,-0.00067025,-0.00107569,22.4892,-59.6668,-0.00107569,22.4892,22.4892,22.4892,22.4892,22.4892,-59.6668,-0.00107569,112.4461,99.7382,-149.6237,-136.9157,-0.00269746,-0.00246835,-0.00702217,19.9383,41.7340,0.3037,20.8234,0.7306,3081.5791,68.5556,,19.9383,3.9466,10.3857,27.3081,58.8174,79.8235,105.031,10.3857,-4.1211,7.68589,10.113013,1.919782,29,128,38,10,0E-8,0.00675737,,0.00800000,0.800000,0.928452,0.002516,,2026-05-25,2026-06-16,18,513,239,23,0.782609,,,0.000000,,,,,,,,GLOBAL_BASELINE_NO_ENTITY_RANKING,,,NOT_APPLICABLE_GLOBAL_BASELINE,HF9g-P5,,,,X 全窗基线 · 不参与实体赏罚,3922940,393,A168_HF9F_20260827_0900,2026-08-27 09:00:00
2026-06-06,150554671,970,0,112.1658392707,-9.5548677899,-8.6575410754,0.2000000,10,5,0.36447311833983207,0.241948690000,-0.7641528106978629,-0.21902438337033137,-0.7641528106978629,0.12252442833983207,ELIGIBLE,R03b_20260811_FULL_v1,L1_ELIGIBILITY,v2026-08-11,2026-03-21..2026-08-06,baccarat_bet02_101_all_pairs_incl_sentinel,round_win = game_pnl > 0 (decisive only),COMPATIBILITY_ONLY_NOT_PRODUCTION,55468.4231,51499.7495,374.8205,2782,1234,-0.00675737,,-0.00675737,-0.01418498,-374.8205,55468.4231,OK,411.9980,22.4892,6.0000,94.0000,AG03-UNRESOLVED,ALL5_LEVELS_bet23_to_bet27,22.4892,22.4892,22.4892,22.4892,22.4892,6.000000,6.000000,6.000000,6.000000,6.000000,94.000000,94.000000,94.000000,94.000000,94.000000,5.0,112.4461,99.7382,-149.6237,-136.9157,PENDING_AG03,FALSE,NOT_FOR_ENFORCEMENT,352.3312,48409.7645,-37.1775,-59.6668,-389.5088,-0.00067025,-0.00107569,22.4892,-59.6668,-0.00107569,22.4892,22.4892,22.4892,22.4892,22.4892,-59.6668,-0.00107569,112.4461,99.7382,-149.6237,-136.9157,-0.00269746,-0.00246835,-0.00702217,19.9383,41.7340,0.3037,20.8234,0.7306,3081.5791,68.5556,,19.9383,3.9466,10.3857,27.3081,58.8174,79.8235,105.031,10.3857,-4.1211,7.68589,10.113013,1.919782,29,128,38,10,0E-8,0.00675737,,0.00800000,0.800000,0.928452,0.002516,,2026-05-25,2026-06-16,18,513,239,23,0.782609,,,0.000000,,,,,,,,GLOBAL_BASELINE_NO_ENTITY_RANKING,,,NOT_APPLICABLE_GLOBAL_BASELINE,HF9g-P5,,,,X 全窗基线 · 不参与实体赏罚,3922941,393,A168_HF9F_20260827_0900,2026-08-27 09:00:00
2026-06-06,150554671,987,0,41.5429034335,-41.5429034335,-41.2105602061,0E-7,1,1,0.49324550000000000,0.493245500000,-0.9865810262130424,-0.9865810262130424,-0.9865810262130424,0E-17,ELIGIBLE,R03b_20260811_FULL_v1,L1_ELIGIBILITY,v2026-08-11,2026-03-21..2026-08-06,baccarat_bet02_101_all_pairs_incl_sentinel,round_win = game_pnl > 0 (decisive only),COMPATIBILITY_ONLY_NOT_PRODUCTION,55468.4231,51499.7495,374.8205,2782,1234,-0.00675737,,-0.00675737,-0.01418498,-374.8205,55468.4231,OK,411.9980,22.4892,6.0000,94.0000,AG03-UNRESOLVED,ALL5_LEVELS_bet23_to_bet27,22.4892,22.4892,22.4892,22.4892,22.4892,6.000000,6.000000,6.000000,6.000000,6.000000,94.000000,94.000000,94.000000,94.000000,94.000000,5.0,112.4461,99.7382,-149.6237,-136.9157,PENDING_AG03,FALSE,NOT_FOR_ENFORCEMENT,352.3312,48409.7645,-37.1775,-59.6668,-389.5088,-0.00067025,-0.00107569,22.4892,-59.6668,-0.00107569,22.4892,22.4892,22.4892,22.4892,22.4892,-59.6668,-0.00107569,112.4461,99.7382,-149.6237,-136.9157,-0.00269746,-0.00246835,-0.00702217,19.9383,41.7340,0.3037,20.8234,0.7306,3081.5791,68.5556,,19.9383,3.9466,10.3857,27.3081,58.8174,79.8235,105.031,10.3857,-4.1211,7.68589,10.113013,1.919782,29,128,38,10,0E-8,0.00675737,,0.00800000,0.800000,0.928452,0.002516,,2026-05-25,2026-06-16,18,513,239,23,0.782609,,,0.000000,,,,,,,,GLOBAL_BASELINE_NO_ENTITY_RANKING,,,NOT_APPLICABLE_GLOBAL_BASELINE,HF9g-P5,,,,X 全窗基线 · 不参与实体赏罚,3922942,393,A168_HF9F_20260827_0900,2026-08-27 09:00:00
2026-06-07,150554671,-1,1,38.4271856761,-28.0414598177,-27.8171281391,0E-7,8,5,0.29386837618144713,0.240486600000,-1.2902194704235366,-1.1254020880449838,-1.2902194704235366,0.05338177618144713,SENTINEL_DEALER,R03b_20260811_FULL_v1,L1_ELIGIBILITY,v2026-08-11,2026-03-21..2026-08-06,baccarat_bet02_101_all_pairs_incl_sentinel,round_win = game_pnl > 0 (decisive only),COMPATIBILITY_ONLY_NOT_PRODUCTION,55468.4231,51499.7495,374.8205,2782,1234,-0.00675737,,-0.00675737,-0.01418498,-374.8205,55468.4231,OK,411.9980,22.4892,6.0000,94.0000,AG03-UNRESOLVED,ALL5_LEVELS_bet23_to_bet27,22.4892,22.4892,22.4892,22.4892,22.4892,6.000000,6.000000,6.000000,6.000000,6.000000,94.000000,94.000000,94.000000,94.000000,94.000000,5.0,112.4461,99.7382,-149.6237,-136.9157,PENDING_AG03,FALSE,NOT_FOR_ENFORCEMENT,352.3312,48409.7645,-37.1775,-59.6668,-389.5088,-0.00067025,-0.00107569,22.4892,-59.6668,-0.00107569,22.4892,22.4892,22.4892,22.4892,22.4892,-59.6668,-0.00107569,112.4461,99.7382,-149.6237,-136.9157,-0.00269746,-0.00246835,-0.00702217,19.9383,41.7340,0.3037,20.8234,0.7306,3081.5791,68.5556,,19.9383,3.9466,10.3857,27.3081,58.8174,79.8235,105.031,10.3857,-4.1211,7.68589,10.113013,1.919782,29,128,38,10,0E-8,0.00675737,,0.00800000,0.800000,0.928452,0.002516,,2026-05-25,2026-06-16,18,513,239,23,0.782609,,,0.000000,,,,,,,,GLOBAL_BASELINE_NO_ENTITY_RANKING,,,NOT_APPLICABLE_GLOBAL_BASELINE,HF9g-P5,,,,X 全窗基线 · 不参与实体赏罚,3922943,393,A168_HF9F_20260827_0900,2026-08-27 09:00:00
2026-06-08,150554671,-1,1,78.9315165239,-31.1571775753,-30.5257254430,0.2500000,12,4,0.41740087624948750,0.235814804167,-0.6789317688662292,0.0668313891453203,-0.6789317688662292,0.18158607208248750,SENTINEL_DEALER,R03b_20260811_FULL_v1,L1_ELIGIBILITY,v2026-08-11,2026-03-21..2026-08-06,baccarat_bet02_101_all_pairs_incl_sentinel,round_win = game_pnl > 0 (decisive only),COMPATIBILITY_ONLY_NOT_PRODUCTION,55468.4231,51499.7495,374.8205,2782,1234,-0.00675737,,-0.00675737,-0.01418498,-374.8205,55468.4231,OK,411.9980,22.4892,6.0000,94.0000,AG03-UNRESOLVED,ALL5_LEVELS_bet23_to_bet27,22.4892,22.4892,22.4892,22.4892,22.4892,6.000000,6.000000,6.000000,6.000000,6.000000,94.000000,94.000000,94.000000,94.000000,94.000000,5.0,112.4461,99.7382,-149.6237,-136.9157,PENDING_AG03,FALSE,NOT_FOR_ENFORCEMENT,352.3312,48409.7645,-37.1775,-59.6668,-389.5088,-0.00067025,-0.00107569,22.4892,-59.6668,-0.00107569,22.4892,22.4892,22.4892,22.4892,22.4892,-59.6668,-0.00107569,112.4461,99.7382,-149.6237,-136.9157,-0.00269746,-0.00246835,-0.00702217,19.9383,41.7340,0.3037,20.8234,0.7306,3081.5791,68.5556,,19.9383,3.9466,10.3857,27.3081,58.8174,79.8235,105.031,10.3857,-4.1211,7.68589,10.113013,1.919782,29,128,38,10,0E-8,0.00675737,,0.00800000,0.800000,0.928452,0.002516,,2026-05-25,2026-06-16,18,513,239,23,0.782609,,,0.000000,,,,,,,,GLOBAL_BASELINE_NO_ENTITY_RANKING,,,NOT_APPLICABLE_GLOBAL_BASELINE,HF9g-P5,,,,X 全窗基线 · 不参与实体赏罚,3922944,393,A168_HF9F_20260827_0900,2026-08-27 09:00:00
2026-06-10,150554671,-1,1,315.9337806125,-105.6124462545,-103.6167251728,0.2857143,22,7,0.38340592957757769,0.232322220238,-0.531590673685202,0.3344959640568647,-0.531590673685202,0.15108370933957769,SENTINEL_DEALER,R03b_20260811_FULL_v1,L1_ELIGIBILITY,v2026-08-11,2026-03-21..2026-08-06,baccarat_bet02_101_all_pairs_incl_sentinel,round_win = game_pnl > 0 (decisive only),COMPATIBILITY_ONLY_NOT_PRODUCTION,55468.4231,51499.7495,374.8205,2782,1234,-0.00675737,,-0.00675737,-0.01418498,-374.8205,55468.4231,OK,411.9980,22.4892,6.0000,94.0000,AG03-UNRESOLVED,ALL5_LEVELS_bet23_to_bet27,22.4892,22.4892,22.4892,22.4892,22.4892,6.000000,6.000000,6.000000,6.000000,6.000000,94.000000,94.000000,94.000000,94.000000,94.000000,5.0,112.4461,99.7382,-149.6237,-136.9157,PENDING_AG03,FALSE,NOT_FOR_ENFORCEMENT,352.3312,48409.7645,-37.1775,-59.6668,-389.5088,-0.00067025,-0.00107569,22.4892,-59.6668,-0.00107569,22.4892,22.4892,22.4892,22.4892,22.4892,-59.6668,-0.00107569,112.4461,99.7382,-149.6237,-136.9157,-0.00269746,-0.00246835,-0.00702217,19.9383,41.7340,0.3037,20.8234,0.7306,3081.5791,68.5556,,19.9383,3.9466,10.3857,27.3081,58.8174,79.8235,105.031,10.3857,-4.1211,7.68589,10.113013,1.919782,29,128,38,10,0E-8,0.00675737,,0.00800000,0.800000,0.928452,0.002516,,2026-05-25,2026-06-16,18,513,239,23,0.782609,,,0.000000,,,,,,,,GLOBAL_BASELINE_NO_ENTITY_RANKING,,,NOT_APPLICABLE_GLOBAL_BASELINE,HF9g-P5,,,,X 全窗基线 · 不参与实体赏罚,3922945,393,A168_HF9F_20260827_0900,2026-08-27 09:00:00
2026-06-10,150554671,2224,0,28.0414598176,-9.3471532726,-9.1228215940,0.5000000,3,2,0.44960484444390585,0.386675775000,0.14326859290633814,0.3290934312765982,0.14326859290633814,0.06292906944390585,ELIGIBLE,R03b_20260811_FULL_v1,L1_ELIGIBILITY,v2026-08-11,2026-03-21..2026-08-06,baccarat_bet02_101_all_pairs_incl_sentinel,round_win = game_pnl > 0 (decisive only),COMPATIBILITY_ONLY_NOT_PRODUCTION,55468.4231,51499.7495,374.8205,2782,1234,-0.00675737,,-0.00675737,-0.01418498,-374.8205,55468.4231,OK,411.9980,22.4892,6.0000,94.0000,AG03-UNRESOLVED,ALL5_LEVELS_bet23_to_bet27,22.4892,22.4892,22.4892,22.4892,22.4892,6.000000,6.000000,6.000000,6.000000,6.000000,94.000000,94.000000,94.000000,94.000000,94.000000,5.0,112.4461,99.7382,-149.6237,-136.9157,PENDING_AG03,FALSE,NOT_FOR_ENFORCEMENT,352.3312,48409.7645,-37.1775,-59.6668,-389.5088,-0.00067025,-0.00107569,22.4892,-59.6668,-0.00107569,22.4892,22.4892,22.4892,22.4892,22.4892,-59.6668,-0.00107569,112.4461,99.7382,-149.6237,-136.9157,-0.00269746,-0.00246835,-0.00702217,19.9383,41.7340,0.3037,20.8234,0.7306,3081.5791,68.5556,,19.9383,3.9466,10.3857,27.3081,58.8174,79.8235,105.031,10.3857,-4.1211,7.68589,10.113013,1.919782,29,128,38,10,0E-8,0.00675737,,0.00800000,0.800000,0.928452,0.002516,,2026-05-25,2026-06-16,18,513,239,23,0.782609,,,0.000000,,,,,,,,GLOBAL_BASELINE_NO_ENTITY_RANKING,,,NOT_APPLICABLE_GLOBAL_BASELINE,HF9g-P5,,,,X 全窗基线 · 不参与实体赏罚,3922946,393,A168_HF9F_20260827_0900,2026-08-27 09:00:00
2026-06-11,150554671,-1,1,5.1928629292,-5.1928629292,-5.1513200258,0E-7,2,1,0.32541497999825495,0.280106050000,-0.6945450558682316,-0.6237735893609975,-0.6945450558682316,0.04530892999825495,SENTINEL_DEALER,R03b_20260811_FULL_v1,L1_ELIGIBILITY,v2026-08-11,2026-03-21..2026-08-06,baccarat_bet02_101_all_pairs_incl_sentinel,round_win = game_pnl > 0 (decisive only),COMPATIBILITY_ONLY_NOT_PRODUCTION,55468.4231,51499.7495,374.8205,2782,1234,-0.00675737,,-0.00675737,-0.01418498,-374.8205,55468.4231,OK,411.9980,22.4892,6.0000,94.0000,AG03-UNRESOLVED,ALL5_LEVELS_bet23_to_bet27,22.4892,22.4892,22.4892,22.4892,22.4892,6.000000,6.000000,6.000000,6.000000,6.000000,94.000000,94.000000,94.000000,94.000000,94.000000,5.0,112.4461,99.7382,-149.6237,-136.9157,PENDING_AG03,FALSE,NOT_FOR_ENFORCEMENT,352.3312,48409.7645,-37.1775,-59.6668,-389.5088,-0.00067025,-0.00107569,22.4892,-59.6668,-0.00107569,22.4892,22.4892,22.4892,22.4892,22.4892,-59.6668,-0.00107569,112.4461,99.7382,-149.6237,-136.9157,-0.00269746,-0.00246835,-0.00702217,19.9383,41.7340,0.3037,20.8234,0.7306,3081.5791,68.5556,,19.9383,3.9466,10.3857,27.3081,58.8174,79.8235,105.031,10.3857,-4.1211,7.68589,10.113013,1.919782,29,128,38,10,0E-8,0.00675737,,0.00800000,0.800000,0.928452,0.002516,,2026-05-25,2026-06-16,18,513,239,23,0.782609,,,0.000000,,,,,,,,GLOBAL_BASELINE_NO_ENTITY_RANKING,,,NOT_APPLICABLE_GLOBAL_BASELINE,HF9g-P5,,,,X 全窗基线 · 不参与实体赏罚,3922947,393,A168_HF9F_20260827_0900,2026-08-27 09:00:00
2026-06-13,150554671,-1,1,111.9581247531,-37.4924703486,-36.5968053511,0.3000000,26,10,0.26174672149825433,0.155984022500,0.27518537228240664,1.2551490006586945,0.27518537228240664,0.10576269899825433,SENTINEL_DEALER,R03b_20260811_FULL_v1,L1_ELIGIBILITY,v2026-08-11,2026-03-21..2026-08-06,baccarat_bet02_101_all_pairs_incl_sentinel,round_win = game_pnl > 0 (decisive only),COMPATIBILITY_ONLY_NOT_PRODUCTION,55468.4231,51499.7495,374.8205,2782,1234,-0.00675737,,-0.00675737,-0.01418498,-374.8205,55468.4231,OK,411.9980,22.4892,6.0000,94.0000,AG03-UNRESOLVED,ALL5_LEVELS_bet23_to_bet27,22.4892,22.4892,22.4892,22.4892,22.4892,6.000000,6.000000,6.000000,6.000000,6.000000,94.000000,94.000000,94.000000,94.000000,94.000000,5.0,112.4461,99.7382,-149.6237,-136.9157,PENDING_AG03,FALSE,NOT_FOR_ENFORCEMENT,352.3312,48409.7645,-37.1775,-59.6668,-389.5088,-0.00067025,-0.00107569,22.4892,-59.6668,-0.00107569,22.4892,22.4892,22.4892,22.4892,22.4892,-59.6668,-0.00107569,112.4461,99.7382,-149.6237,-136.9157,-0.00269746,-0.00246835,-0.00702217,19.9383,41.7340,0.3037,20.8234,0.7306,3081.5791,68.5556,,19.9383,3.9466,10.3857,27.3081,58.8174,79.8235,105.031,10.3857,-4.1211,7.68589,10.113013,1.919782,29,128,38,10,0E-8,0.00675737,,0.00800000,0.800000,0.928452,0.002516,,2026-05-25,2026-06-16,18,513,239,23,0.782609,,,0.000000,,,,,,,,GLOBAL_BASELINE_NO_ENTITY_RANKING,,,NOT_APPLICABLE_GLOBAL_BASELINE,HF9g-P5,,,,X 全窗基线 · 不参与实体赏罚,3922948,393,A168_HF9F_20260827_0900,2026-08-27 09:00:00
2026-06-13,150554671,1151,0,6.8545790666,2.7002887232,2.7551253557,1.0000000,2,1,0.36850065151496953,0.287416500000,1.3090834229985655,1.5745702178656522,1.3090834229985655,0.08108415151496953,ELIGIBLE,R03b_20260811_FULL_v1,L1_ELIGIBILITY,v2026-08-11,2026-03-21..2026-08-06,baccarat_bet02_101_all_pairs_incl_sentinel,round_win = game_pnl > 0 (decisive only),COMPATIBILITY_ONLY_NOT_PRODUCTION,55468.4231,51499.7495,374.8205,2782,1234,-0.00675737,,-0.00675737,-0.01418498,-374.8205,55468.4231,OK,411.9980,22.4892,6.0000,94.0000,AG03-UNRESOLVED,ALL5_LEVELS_bet23_to_bet27,22.4892,22.4892,22.4892,22.4892,22.4892,6.000000,6.000000,6.000000,6.000000,6.000000,94.000000,94.000000,94.000000,94.000000,94.000000,5.0,112.4461,99.7382,-149.6237,-136.9157,PENDING_AG03,FALSE,NOT_FOR_ENFORCEMENT,352.3312,48409.7645,-37.1775,-59.6668,-389.5088,-0.00067025,-0.00107569,22.4892,-59.6668,-0.00107569,22.4892,22.4892,22.4892,22.4892,22.4892,-59.6668,-0.00107569,112.4461,99.7382,-149.6237,-136.9157,-0.00269746,-0.00246835,-0.00702217,19.9383,41.7340,0.3037,20.8234,0.7306,3081.5791,68.5556,,19.9383,3.9466,10.3857,27.3081,58.8174,79.8235,105.031,10.3857,-4.1211,7.68589,10.113013,1.919782,29,128,38,10,0E-8,0.00675737,,0.00800000,0.800000,0.928452,0.002516,,2026-05-25,2026-06-16,18,513,239,23,0.782609,,,0.000000,,,,,,,,GLOBAL_BASELINE_NO_ENTITY_RANKING,,,NOT_APPLICABLE_GLOBAL_BASELINE,HF9g-P5,,,,X 全窗基线 · 不参与实体赏罚,3922949,393,A168_HF9F_20260827_0900,2026-08-27 09:00:00
2026-06-13,150554671,2089,0,50.8900567058,-17.6557339590,-17.2486135060,0.5000000,12,2,0.36466766354679209,0.139611233333,0.3976193127141669,1.470546276211667,0.3976193127141669,0.22505643021379209,ELIGIBLE,R03b_20260811_FULL_v1,L1_ELIGIBILITY,v2026-08-11,2026-03-21..2026-08-06,baccarat_bet02_101_all_pairs_incl_sentinel,round_win = game_pnl > 0 (decisive only),COMPATIBILITY_ONLY_NOT_PRODUCTION,55468.4231,51499.7495,374.8205,2782,1234,-0.00675737,,-0.00675737,-0.01418498,-374.8205,55468.4231,OK,411.9980,22.4892,6.0000,94.0000,AG03-UNRESOLVED,ALL5_LEVELS_bet23_to_bet27,22.4892,22.4892,22.4892,22.4892,22.4892,6.000000,6.000000,6.000000,6.000000,6.000000,94.000000,94.000000,94.000000,94.000000,94.000000,5.0,112.4461,99.7382,-149.6237,-136.9157,PENDING_AG03,FALSE,NOT_FOR_ENFORCEMENT,352.3312,48409.7645,-37.1775,-59.6668,-389.5088,-0.00067025,-0.00107569,22.4892,-59.6668,-0.00107569,22.4892,22.4892,22.4892,22.4892,22.4892,-59.6668,-0.00107569,112.4461,99.7382,-149.6237,-136.9157,-0.00269746,-0.00246835,-0.00702217,19.9383,41.7340,0.3037,20.8234,0.7306,3081.5791,68.5556,,19.9383,3.9466,10.3857,27.3081,58.8174,79.8235,105.031,10.3857,-4.1211,7.68589,10.113013,1.919782,29,128,38,10,0E-8,0.00675737,,0.00800000,0.800000,0.928452,0.002516,,2026-05-25,2026-06-16,18,513,239,23,0.782609,,,0.000000,,,,,,,,GLOBAL_BASELINE_NO_ENTITY_RANKING,,,NOT_APPLICABLE_GLOBAL_BASELINE,HF9g-P5,,,,X 全窗基线 · 不参与实体赏罚,3922950,393,A168_HF9F_20260827_0900,2026-08-27 09:00:00
2026-06-13,150554671,2110,0,42.5814760193,-5.1928629291,-4.8522111212,0.6666667,8,3,0.39497653677288860,0.251963475000,0.9626374015682059,1.6545039505215722,0.9626374015682059,0.14301306177288860,ELIGIBLE,R03b_20260811_FULL_v1,L1_ELIGIBILITY,v2026-08-11,2026-03-21..2026-08-06,baccarat_bet02_101_all_pairs_incl_sentinel,round_win = game_pnl > 0 (decisive only),COMPATIBILITY_ONLY_NOT_PRODUCTION,55468.4231,51499.7495,374.8205,2782,1234,-0.00675737,,-0.00675737,-0.01418498,-374.8205,55468.4231,OK,411.9980,22.4892,6.0000,94.0000,AG03-UNRESOLVED,ALL5_LEVELS_bet23_to_bet27,22.4892,22.4892,22.4892,22.4892,22.4892,6.000000,6.000000,6.000000,6.000000,6.000000,94.000000,94.000000,94.000000,94.000000,94.000000,5.0,112.4461,99.7382,-149.6237,-136.9157,PENDING_AG03,FALSE,NOT_FOR_ENFORCEMENT,352.3312,48409.7645,-37.1775,-59.6668,-389.5088,-0.00067025,-0.00107569,22.4892,-59.6668,-0.00107569,22.4892,22.4892,22.4892,22.4892,22.4892,-59.6668,-0.00107569,112.4461,99.7382,-149.6237,-136.9157,-0.00269746,-0.00246835,-0.00702217,19.9383,41.7340,0.3037,20.8234,0.7306,3081.5791,68.5556,,19.9383,3.9466,10.3857,27.3081,58.8174,79.8235,105.031,10.3857,-4.1211,7.68589,10.113013,1.919782,29,128,38,10,0E-8,0.00675737,,0.00800000,0.800000,0.928452,0.002516,,2026-05-25,2026-06-16,18,513,239,23,0.782609,,,0.000000,,,,,,,,GLOBAL_BASELINE_NO_ENTITY_RANKING,,,NOT_APPLICABLE_GLOBAL_BASELINE,HF9g-P5,,,,X 全窗基线 · 不参与实体赏罚,3922951,393,A168_HF9F_20260827_0900,2026-08-27 09:00:00
2026-06-13,150554671,2156,0,107.5961198925,64.1006999982,64.9116174724,1.0000000,23,7,0.38863158378793336,0.210150681428,3.318420924997189,5.129272150677572,3.318420924997189,0.17848090235993336,ELIGIBLE,R03b_20260811_FULL_v1,L1_ELIGIBILITY,v2026-08-11,2026-03-21..2026-08-06,baccarat_bet02_101_all_pairs_incl_sentinel,round_win = game_pnl > 0 (decisive only),COMPATIBILITY_ONLY_NOT_PRODUCTION,55468.4231,51499.7495,374.8205,2782,1234,-0.00675737,,-0.00675737,-0.01418498,-374.8205,55468.4231,OK,411.9980,22.4892,6.0000,94.0000,AG03-UNRESOLVED,ALL5_LEVELS_bet23_to_bet27,22.4892,22.4892,22.4892,22.4892,22.4892,6.000000,6.000000,6.000000,6.000000,6.000000,94.000000,94.000000,94.000000,94.000000,94.000000,5.0,112.4461,99.7382,-149.6237,-136.9157,PENDING_AG03,FALSE,NOT_FOR_ENFORCEMENT,352.3312,48409.7645,-37.1775,-59.6668,-389.5088,-0.00067025,-0.00107569,22.4892,-59.6668,-0.00107569,22.4892,22.4892,22.4892,22.4892,22.4892,-59.6668,-0.00107569,112.4461,99.7382,-149.6237,-136.9157,-0.00269746,-0.00246835,-0.00702217,19.9383,41.7340,0.3037,20.8234,0.7306,3081.5791,68.5556,,19.9383,3.9466,10.3857,27.3081,58.8174,79.8235,105.031,10.3857,-4.1211,7.68589,10.113013,1.919782,29,128,38,10,0E-8,0.00675737,,0.00800000,0.800000,0.928452,0.002516,,2026-05-25,2026-06-16,18,513,239,23,0.782609,,,0.000000,,,,,,,,GLOBAL_BASELINE_NO_ENTITY_RANKING,,,NOT_APPLICABLE_GLOBAL_BASELINE,HF9g-P5,,,,X 全窗基线 · 不参与实体赏罚,3922952,393,A168_HF9F_20260827_0900,2026-08-27 09:00:00
2026-06-13,150554671,2271,0,9.5548677897,-9.5548677897,-9.4784288474,0E-7,2,1,0.40815302608571949,0.280106050000,-0.8304371984773459,-0.6237735893609975,-0.8304371984773459,0.12804697608571949,ELIGIBLE,R03b_20260811_FULL_v1,L1_ELIGIBILITY,v2026-08-11,2026-03-21..2026-08-06,baccarat_bet02_101_all_pairs_incl_sentinel,round_win = game_pnl > 0 (decisive only),COMPATIBILITY_ONLY_NOT_PRODUCTION,55468.4231,51499.7495,374.8205,2782,1234,-0.00675737,,-0.00675737,-0.01418498,-374.8205,55468.4231,OK,411.9980,22.4892,6.0000,94.0000,AG03-UNRESOLVED,ALL5_LEVELS_bet23_to_bet27,22.4892,22.4892,22.4892,22.4892,22.4892,6.000000,6.000000,6.000000,6.000000,6.000000,94.000000,94.000000,94.000000,94.000000,94.000000,5.0,112.4461,99.7382,-149.6237,-136.9157,PENDING_AG03,FALSE,NOT_FOR_ENFORCEMENT,352.3312,48409.7645,-37.1775,-59.6668,-389.5088,-0.00067025,-0.00107569,22.4892,-59.6668,-0.00107569,22.4892,22.4892,22.4892,22.4892,22.4892,-59.6668,-0.00107569,112.4461,99.7382,-149.6237,-136.9157,-0.00269746,-0.00246835,-0.00702217,19.9383,41.7340,0.3037,20.8234,0.7306,3081.5791,68.5556,,19.9383,3.9466,10.3857,27.3081,58.8174,79.8235,105.031,10.3857,-4.1211,7.68589,10.113013,1.919782,29,128,38,10,0E-8,0.00675737,,0.00800000,0.800000,0.928452,0.002516,,2026-05-25,2026-06-16,18,513,239,23,0.782609,,,0.000000,,,,,,,,GLOBAL_BASELINE_NO_ENTITY_RANKING,,,NOT_APPLICABLE_GLOBAL_BASELINE,HF9g-P5,,,,X 全窗基线 · 不参与实体赏罚,3922953,393,A168_HF9F_20260827_0900,2026-08-27 09:00:00
2026-06-13,150554671,986,0,1.2462871030,-1.2462871030,-1.2363168062,0E-7,1,1,0.05356140000000000,0.053561400000,-0.2378919454095156,-0.2378919454095156,-0.2378919454095156,0E-17,ELIGIBLE,R03b_20260811_FULL_v1,L1_ELIGIBILITY,v2026-08-11,2026-03-21..2026-08-06,baccarat_bet02_101_all_pairs_incl_sentinel,round_win = game_pnl > 0 (decisive only),COMPATIBILITY_ONLY_NOT_PRODUCTION,55468.4231,51499.7495,374.8205,2782,1234,-0.00675737,,-0.00675737,-0.01418498,-374.8205,55468.4231,OK,411.9980,22.4892,6.0000,94.0000,AG03-UNRESOLVED,ALL5_LEVELS_bet23_to_bet27,22.4892,22.4892,22.4892,22.4892,22.4892,6.000000,6.000000,6.000000,6.000000,6.000000,94.000000,94.000000,94.000000,94.000000,94.000000,5.0,112.4461,99.7382,-149.6237,-136.9157,PENDING_AG03,FALSE,NOT_FOR_ENFORCEMENT,352.3312,48409.7645,-37.1775,-59.6668,-389.5088,-0.00067025,-0.00107569,22.4892,-59.6668,-0.00107569,22.4892,22.4892,22.4892,22.4892,22.4892,-59.6668,-0.00107569,112.4461,99.7382,-149.6237,-136.9157,-0.00269746,-0.00246835,-0.00702217,19.9383,41.7340,0.3037,20.8234,0.7306,3081.5791,68.5556,,19.9383,3.9466,10.3857,27.3081,58.8174,79.8235,105.031,10.3857,-4.1211,7.68589,10.113013,1.919782,29,128,38,10,0E-8,0.00675737,,0.00800000,0.800000,0.928452,0.002516,,2026-05-25,2026-06-16,18,513,239,23,0.782609,,,0.000000,,,,,,,,GLOBAL_BASELINE_NO_ENTITY_RANKING,,,NOT_APPLICABLE_GLOBAL_BASELINE,HF9g-P5,,,,X 全窗基线 · 不参与实体赏罚,3922954,393,A168_HF9F_20260827_0900,2026-08-27 09:00:00
2026-06-15,150554671,1115,0,1.8694306545,-1.8694306545,-1.8544752093,0E-7,1,1,0.08158750000000000,0.081587500000,-0.29805260355172214,-0.2980526035517222,-0.29805260355172214,0E-17,ELIGIBLE,R03b_20260811_FULL_v1,L1_ELIGIBILITY,v2026-08-11,2026-03-21..2026-08-06,baccarat_bet02_101_all_pairs_incl_sentinel,round_win = game_pnl > 0 (decisive only),COMPATIBILITY_ONLY_NOT_PRODUCTION,55468.4231,51499.7495,374.8205,2782,1234,-0.00675737,,-0.00675737,-0.01418498,-374.8205,55468.4231,OK,411.9980,22.4892,6.0000,94.0000,AG03-UNRESOLVED,ALL5_LEVELS_bet23_to_bet27,22.4892,22.4892,22.4892,22.4892,22.4892,6.000000,6.000000,6.000000,6.000000,6.000000,94.000000,94.000000,94.000000,94.000000,94.000000,5.0,112.4461,99.7382,-149.6237,-136.9157,PENDING_AG03,FALSE,NOT_FOR_ENFORCEMENT,352.3312,48409.7645,-37.1775,-59.6668,-389.5088,-0.00067025,-0.00107569,22.4892,-59.6668,-0.00107569,22.4892,22.4892,22.4892,22.4892,22.4892,-59.6668,-0.00107569,112.4461,99.7382,-149.6237,-136.9157,-0.00269746,-0.00246835,-0.00702217,19.9383,41.7340,0.3037,20.8234,0.7306,3081.5791,68.5556,,19.9383,3.9466,10.3857,27.3081,58.8174,79.8235,105.031,10.3857,-4.1211,7.68589,10.113013,1.919782,29,128,38,10,0E-8,0.00675737,,0.00800000,0.800000,0.928452,0.002516,,2026-05-25,2026-06-16,18,513,239,23,0.782609,,,0.000000,,,,,,,,GLOBAL_BASELINE_NO_ENTITY_RANKING,,,NOT_APPLICABLE_GLOBAL_BASELINE,HF9g-P5,,,,X 全窗基线 · 不参与实体赏罚,3922955,393,A168_HF9F_20260827_0900,2026-08-27 09:00:00
2026-06-16,150554671,526,0,1.8694306545,-1.8694306545,-1.8544752093,0E-7,1,1,0.08158750000000000,0.081587500000,-0.29805260355172214,-0.2980526035517222,-0.29805260355172214,0E-17,ELIGIBLE,R03b_20260811_FULL_v1,L1_ELIGIBILITY,v2026-08-11,2026-03-21..2026-08-06,baccarat_bet02_101_all_pairs_incl_sentinel,round_win = game_pnl > 0 (decisive only),COMPATIBILITY_ONLY_NOT_PRODUCTION,55468.4231,51499.7495,374.8205,2782,1234,-0.00675737,,-0.00675737,-0.01418498,-374.8205,55468.4231,OK,411.9980,22.4892,6.0000,94.0000,AG03-UNRESOLVED,ALL5_LEVELS_bet23_to_bet27,22.4892,22.4892,22.4892,22.4892,22.4892,6.000000,6.000000,6.000000,6.000000,6.000000,94.000000,94.000000,94.000000,94.000000,94.000000,5.0,112.4461,99.7382,-149.6237,-136.9157,PENDING_AG03,FALSE,NOT_FOR_ENFORCEMENT,352.3312,48409.7645,-37.1775,-59.6668,-389.5088,-0.00067025,-0.00107569,22.4892,-59.6668,-0.00107569,22.4892,22.4892,22.4892,22.4892,22.4892,-59.6668,-0.00107569,112.4461,99.7382,-149.6237,-136.9157,-0.00269746,-0.00246835,-0.00702217,19.9383,41.7340,0.3037,20.8234,0.7306,3081.5791,68.5556,,19.9383,3.9466,10.3857,27.3081,58.8174,79.8235,105.031,10.3857,-4.1211,7.68589,10.113013,1.919782,29,128,38,10,0E-8,0.00675737,,0.00800000,0.800000,0.928452,0.002516,,2026-05-25,2026-06-16,18,513,239,23,0.782609,,,0.000000,,,,,,,,GLOBAL_BASELINE_NO_ENTITY_RANKING,,,NOT_APPLICABLE_GLOBAL_BASELINE,HF9g-P5,,,,X 全窗基线 · 不参与实体赏罚,3922956,393,A168_HF9F_20260827_0900,2026-08-27 09:00:00
2026-06-02,150919551,1985,0,63.0030601487,61.5115591329,61.5115591329,1.0000000,3,3,0.50218230000000000,0.502182300000,1.724507524396475,1.7245075243964754,1.724507524396475,0E-17,ELIGIBLE,R03b_20260811_FULL_v1,L1_ELIGIBILITY,v2026-08-11,2026-03-21..2026-08-06,baccarat_bet02_101_all_pairs_incl_sentinel,round_win = game_pnl > 0 (decisive only),COMPATIBILITY_ONLY_NOT_PRODUCTION,63.0031,63.0031,-61.5116,3,3,0.97632653,,0.97632653,0.97632653,61.5116,63.0031,THIN_EXPOSURE,0.0000,-1.8453,3.0000,97.0000,AG03-UNRESOLVED,ALL5_LEVELS_bet23_to_bet27,-1.8453,-1.8453,-1.8453,-2.4605,-2.4605,3.000000,3.000000,3.000000,4.000000,4.000000,97.000000,97.000000,97.000000,96.000000,96.000000,5.0,-10.4570,-9.773,-51.0546,-51.7386,PENDING_AG03,FALSE,NOT_FOR_ENFORCEMENT,-59.6662,61.1130,-61.5116,-59.6662,-1.8453,-0.97632653,-0.94703673,-1.8453,-59.6662,-0.94703673,-1.8453,-1.8453,-1.8453,-2.4605,-2.4605,-59.6662,-0.94703673,-10.4570,-9.773,-51.0546,-51.7386,-0.81035102,-0.82120722,-0.02928980,21.0010,21.0010,-20.5039,-61.5116,-61.5116,63.0031,3.0000,,21.0010,13.8864,16.9723,29.1228,33.173,33.173,33.173,16.9723,16.1236,1.954545,1.954545,1.237374,1,1,1,2,0E-8,-0.97632653,,0E-8,0.000000,1.000000,0.000000,,2026-06-02,2026-06-02,1,1,1,1,1.000000,,,0.000000,,,,,,,,GLOBAL_BASELINE_NO_ENTITY_RANKING,,,NOT_APPLICABLE_GLOBAL_BASELINE,HF9g-P5,,,,X 全窗基线 · 不参与实体赏罚,3922957,393,A168_HF9F_20260827_0900,2026-08-27 09:00:00
2026-04-09,127158661,-1,1,51.0812191384,15.3243657416,15.3243657416,0.5000000,2,2,0.49994810000000000,0.499948100000,0.00014679536856514622,0.00014679536856514622,0.00014679536856514622,0E-17,SENTINEL_DEALER,R03b_20260811_FULL_v1,L1_ELIGIBILITY,v2026-08-11,2026-03-21..2026-08-06,baccarat_bet02_101_all_pairs_incl_sentinel,round_win = game_pnl > 0 (decisive only),COMPATIBILITY_ONLY_NOT_PRODUCTION,1770.8156,1481.3554,-62.1488,57,57,0.03509615,,0.03509615,0.03509615,62.1488,1770.8156,OK,0.0000,-2.4860,4.0000,96.0000,AG03-UNRESOLVED,ALL5_LEVELS_bet23_to_bet27,-2.4860,-2.4860,-2.4860,-2.4860,-2.4860,4.000000,4.000000,4.000000,4.000000,4.000000,96.000000,96.000000,96.000000,96.000000,96.000000,5.0,-12.4298,-11.4744,-49.7191,-50.6744,PENDING_AG03,FALSE,NOT_FOR_ENFORCEMENT,-59.6629,1422.1011,-62.1488,-59.6629,-2.4860,-0.03509615,-0.03369231,-2.4860,-59.6629,-0.03369231,-2.4860,-2.4860,-2.4860,-2.4860,-2.4860,-59.6629,-0.03369231,-12.4298,-11.4744,-49.7191,-50.6744,-0.02807692,-0.02861645,-0.00140385,31.0669,25.9887,-1.0903,-31.0744,-3.4527,885.4078,28.5000,,31.0669,17.0271,17.0271,34.0541,68.1083,68.1083,131.449,17.0271,0.0,4.0,7.720001,1.824561,12,15,3,2,0E-8,-0.03509615,,0E-8,0.000000,0.836538,0.000000,,2026-04-09,2026-04-25,2,18,16,17,0.117647,,,0.000000,,,,,,,,GLOBAL_BASELINE_NO_ENTITY_RANKING,,,NOT_APPLICABLE_GLOBAL_BASELINE,HF9g-P5,,,,X 全窗基线 · 不参与实体赏罚,3922958,393,A168_HF9F_20260827_0900,2026-08-27 09:00:00
2026-04-09,127158661,1017,0,17.0270730461,16.1757193938,16.1757193938,1.0000000,1,1,0.50665070000000000,0.506650700000,0.9867858985152569,0.9867858985152569,0.9867858985152569,0E-17,ELIGIBLE,R03b_20260811_FULL_v1,L1_ELIGIBILITY,v2026-08-11,2026-03-21..2026-08-06,baccarat_bet02_101_all_pairs_incl_sentinel,round_win = game_pnl > 0 (decisive only),COMPATIBILITY_ONLY_NOT_PRODUCTION,1770.8156,1481.3554,-62.1488,57,57,0.03509615,,0.03509615,0.03509615,62.1488,1770.8156,OK,0.0000,-2.4860,4.0000,96.0000,AG03-UNRESOLVED,ALL5_LEVELS_bet23_to_bet27,-2.4860,-2.4860,-2.4860,-2.4860,-2.4860,4.000000,4.000000,4.000000,4.000000,4.000000,96.000000,96.000000,96.000000,96.000000,96.000000,5.0,-12.4298,-11.4744,-49.7191,-50.6744,PENDING_AG03,FALSE,NOT_FOR_ENFORCEMENT,-59.6629,1422.1011,-62.1488,-59.6629,-2.4860,-0.03509615,-0.03369231,-2.4860,-59.6629,-0.03369231,-2.4860,-2.4860,-2.4860,-2.4860,-2.4860,-59.6629,-0.03369231,-12.4298,-11.4744,-49.7191,-50.6744,-0.02807692,-0.02861645,-0.00140385,31.0669,25.9887,-1.0903,-31.0744,-3.4527,885.4078,28.5000,,31.0669,17.0271,17.0271,34.0541,68.1083,68.1083,131.449,17.0271,0.0,4.0,7.720001,1.824561,12,15,3,2,0E-8,-0.03509615,,0E-8,0.000000,0.836538,0.000000,,2026-04-09,2026-04-25,2,18,16,17,0.117647,,,0.000000,,,,,,,,GLOBAL_BASELINE_NO_ENTITY_RANKING,,,NOT_APPLICABLE_GLOBAL_BASELINE,HF9g-P5,,,,X 全窗基线 · 不参与实体赏罚,3922959,393,A168_HF9F_20260827_0900,2026-08-27 09:00:00
2026-04-09,127158661,1485,0,85.1353652307,15.3243657416,15.3243657416,0.5000000,3,3,0.50218230000000000,0.502182300000,-0.00617253530718887,-0.00617253530718887,-0.00617253530718887,0E-17,ELIGIBLE,R03b_20260811_FULL_v1,L1_ELIGIBILITY,v2026-08-11,2026-03-21..2026-08-06,baccarat_bet02_101_all_pairs_incl_sentinel,round_win = game_pnl > 0 (decisive only),COMPATIBILITY_ONLY_NOT_PRODUCTION,1770.8156,1481.3554,-62.1488,57,57,0.03509615,,0.03509615,0.03509615,62.1488,1770.8156,OK,0.0000,-2.4860,4.0000,96.0000,AG03-UNRESOLVED,ALL5_LEVELS_bet23_to_bet27,-2.4860,-2.4860,-2.4860,-2.4860,-2.4860,4.000000,4.000000,4.000000,4.000000,4.000000,96.000000,96.000000,96.000000,96.000000,96.000000,5.0,-12.4298,-11.4744,-49.7191,-50.6744,PENDING_AG03,FALSE,NOT_FOR_ENFORCEMENT,-59.6629,1422.1011,-62.1488,-59.6629,-2.4860,-0.03509615,-0.03369231,-2.4860,-59.6629,-0.03369231,-2.4860,-2.4860,-2.4860,-2.4860,-2.4860,-59.6629,-0.03369231,-12.4298,-11.4744,-49.7191,-50.6744,-0.02807692,-0.02861645,-0.00140385,31.0669,25.9887,-1.0903,-31.0744,-3.4527,885.4078,28.5000,,31.0669,17.0271,17.0271,34.0541,68.1083,68.1083,131.449,17.0271,0.0,4.0,7.720001,1.824561,12,15,3,2,0E-8,-0.03509615,,0E-8,0.000000,0.836538,0.000000,,2026-04-09,2026-04-25,2,18,16,17,0.117647,,,0.000000,,,,,,,,GLOBAL_BASELINE_NO_ENTITY_RANKING,,,NOT_APPLICABLE_GLOBAL_BASELINE,HF9g-P5,,,,X 全窗基线 · 不参与实体赏罚,3922960,393,A168_HF9F_20260827_0900,2026-08-27 09:00:00
2026-04-09,127158661,1942,0,119.1895113230,13.6216584369,13.6216584369,0.3333333,3,3,0.50218230000000000,0.502182300000,-0.5849155494134425,-0.5849155494134426,-0.5849155494134425,0E-17,ELIGIBLE,R03b_20260811_FULL_v1,L1_ELIGIBILITY,v2026-08-11,2026-03-21..2026-08-06,baccarat_bet02_101_all_pairs_incl_sentinel,round_win = game_pnl > 0 (decisive only),COMPATIBILITY_ONLY_NOT_PRODUCTION,1770.8156,1481.3554,-62.1488,57,57,0.03509615,,0.03509615,0.03509615,62.1488,1770.8156,OK,0.0000,-2.4860,4.0000,96.0000,AG03-UNRESOLVED,ALL5_LEVELS_bet23_to_bet27,-2.4860,-2.4860,-2.4860,-2.4860,-2.4860,4.000000,4.000000,4.000000,4.000000,4.000000,96.000000,96.000000,96.000000,96.000000,96.000000,5.0,-12.4298,-11.4744,-49.7191,-50.6744,PENDING_AG03,FALSE,NOT_FOR_ENFORCEMENT,-59.6629,1422.1011,-62.1488,-59.6629,-2.4860,-0.03509615,-0.03369231,-2.4860,-59.6629,-0.03369231,-2.4860,-2.4860,-2.4860,-2.4860,-2.4860,-59.6629,-0.03369231,-12.4298,-11.4744,-49.7191,-50.6744,-0.02807692,-0.02861645,-0.00140385,31.0669,25.9887,-1.0903,-31.0744,-3.4527,885.4078,28.5000,,31.0669,17.0271,17.0271,34.0541,68.1083,68.1083,131.449,17.0271,0.0,4.0,7.720001,1.824561,12,15,3,2,0E-8,-0.03509615,,0E-8,0.000000,0.836538,0.000000,,2026-04-09,2026-04-25,2,18,16,17,0.117647,,,0.000000,,,,,,,,GLOBAL_BASELINE_NO_ENTITY_RANKING,,,NOT_APPLICABLE_GLOBAL_BASELINE,HF9g-P5,,,,X 全窗基线 · 不参与实体赏罚,3922961,393,A168_HF9F_20260827_0900,2026-08-27 09:00:00
2026-04-09,127158661,2174,0,187.2978035076,17.0270730462,17.0270730462,0.3333333,4,4,0.49659680000000000,0.496596800000,-0.5655743394288276,-0.5655743394288276,-0.5655743394288276,0E-17,ELIGIBLE,R03b_20260811_FULL_v1,L1_ELIGIBILITY,v2026-08-11,2026-03-21..2026-08-06,baccarat_bet02_101_all_pairs_incl_sentinel,round_win = game_pnl > 0 (decisive only),COMPATIBILITY_ONLY_NOT_PRODUCTION,1770.8156,1481.3554,-62.1488,57,57,0.03509615,,0.03509615,0.03509615,62.1488,1770.8156,OK,0.0000,-2.4860,4.0000,96.0000,AG03-UNRESOLVED,ALL5_LEVELS_bet23_to_bet27,-2.4860,-2.4860,-2.4860,-2.4860,-2.4860,4.000000,4.000000,4.000000,4.000000,4.000000,96.000000,96.000000,96.000000,96.000000,96.000000,5.0,-12.4298,-11.4744,-49.7191,-50.6744,PENDING_AG03,FALSE,NOT_FOR_ENFORCEMENT,-59.6629,1422.1011,-62.1488,-59.6629,-2.4860,-0.03509615,-0.03369231,-2.4860,-59.6629,-0.03369231,-2.4860,-2.4860,-2.4860,-2.4860,-2.4860,-59.6629,-0.03369231,-12.4298,-11.4744,-49.7191,-50.6744,-0.02807692,-0.02861645,-0.00140385,31.0669,25.9887,-1.0903,-31.0744,-3.4527,885.4078,28.5000,,31.0669,17.0271,17.0271,34.0541,68.1083,68.1083,131.449,17.0271,0.0,4.0,7.720001,1.824561,12,15,3,2,0E-8,-0.03509615,,0E-8,0.000000,0.836538,0.000000,,2026-04-09,2026-04-25,2,18,16,17,0.117647,,,0.000000,,,,,,,,GLOBAL_BASELINE_NO_ENTITY_RANKING,,,NOT_APPLICABLE_GLOBAL_BASELINE,HF9g-P5,,,,X 全窗基线 · 不参与实体赏罚,3922962,393,A168_HF9F_20260827_0900,2026-08-27 09:00:00
2026-04-09,127158661,2175,0,51.0812191384,15.3243657416,15.3243657416,0.5000000,2,2,0.50665070000000000,0.506650700000,-0.018812684590367487,-0.018812684590367487,-0.018812684590367487,0E-17,ELIGIBLE,R03b_20260811_FULL_v1,L1_ELIGIBILITY,v2026-08-11,2026-03-21..2026-08-06,baccarat_bet02_101_all_pairs_incl_sentinel,round_win = game_pnl > 0 (decisive only),COMPATIBILITY_ONLY_NOT_PRODUCTION,1770.8156,1481.3554,-62.1488,57,57,0.03509615,,0.03509615,0.03509615,62.1488,1770.8156,OK,0.0000,-2.4860,4.0000,96.0000,AG03-UNRESOLVED,ALL5_LEVELS_bet23_to_bet27,-2.4860,-2.4860,-2.4860,-2.4860,-2.4860,4.000000,4.000000,4.000000,4.000000,4.000000,96.000000,96.000000,96.000000,96.000000,96.000000,5.0,-12.4298,-11.4744,-49.7191,-50.6744,PENDING_AG03,FALSE,NOT_FOR_ENFORCEMENT,-59.6629,1422.1011,-62.1488,-59.6629,-2.4860,-0.03509615,-0.03369231,-2.4860,-59.6629,-0.03369231,-2.4860,-2.4860,-2.4860,-2.4860,-2.4860,-59.6629,-0.03369231,-12.4298,-11.4744,-49.7191,-50.6744,-0.02807692,-0.02861645,-0.00140385,31.0669,25.9887,-1.0903,-31.0744,-3.4527,885.4078,28.5000,,31.0669,17.0271,17.0271,34.0541,68.1083,68.1083,131.449,17.0271,0.0,4.0,7.720001,1.824561,12,15,3,2,0E-8,-0.03509615,,0E-8,0.000000,0.836538,0.000000,,2026-04-09,2026-04-25,2,18,16,17,0.117647,,,0.000000,,,,,,,,GLOBAL_BASELINE_NO_ENTITY_RANKING,,,NOT_APPLICABLE_GLOBAL_BASELINE,HF9g-P5,,,,X 全窗基线 · 不参与实体赏罚,3922963,393,A168_HF9F_20260827_0900,2026-08-27 09:00:00
2026-04-09,127158661,2233,0,68.1082921845,-51.0812191384,-51.0812191384,0E-7,3,3,0.49771390000000000,0.497713900000,-1.4077622098436522,-1.4077622098436524,-1.4077622098436522,0E-17,ELIGIBLE,R03b_20260811_FULL_v1,L1_ELIGIBILITY,v2026-08-11,2026-03-21..2026-08-06,baccarat_bet02_101_all_pairs_incl_sentinel,round_win = game_pnl > 0 (decisive only),COMPATIBILITY_ONLY_NOT_PRODUCTION,1770.8156,1481.3554,-62.1488,57,57,0.03509615,,0.03509615,0.03509615,62.1488,1770.8156,OK,0.0000,-2.4860,4.0000,96.0000,AG03-UNRESOLVED,ALL5_LEVELS_bet23_to_bet27,-2.4860,-2.4860,-2.4860,-2.4860,-2.4860,4.000000,4.000000,4.000000,4.000000,4.000000,96.000000,96.000000,96.000000,96.000000,96.000000,5.0,-12.4298,-11.4744,-49.7191,-50.6744,PENDING_AG03,FALSE,NOT_FOR_ENFORCEMENT,-59.6629,1422.1011,-62.1488,-59.6629,-2.4860,-0.03509615,-0.03369231,-2.4860,-59.6629,-0.03369231,-2.4860,-2.4860,-2.4860,-2.4860,-2.4860,-59.6629,-0.03369231,-12.4298,-11.4744,-49.7191,-50.6744,-0.02807692,-0.02861645,-0.00140385,31.0669,25.9887,-1.0903,-31.0744,-3.4527,885.4078,28.5000,,31.0669,17.0271,17.0271,34.0541,68.1083,68.1083,131.449,17.0271,0.0,4.0,7.720001,1.824561,12,15,3,2,0E-8,-0.03509615,,0E-8,0.000000,0.836538,0.000000,,2026-04-09,2026-04-25,2,18,16,17,0.117647,,,0.000000,,,,,,,,GLOBAL_BASELINE_NO_ENTITY_RANKING,,,NOT_APPLICABLE_GLOBAL_BASELINE,HF9g-P5,,,,X 全窗基线 · 不参与实体赏罚,3922964,393,A168_HF9F_20260827_0900,2026-08-27 09:00:00
2026-04-09,127158661,583,0,17.0270730461,16.1757193938,16.1757193938,1.0000000,1,1,0.50665070000000000,0.506650700000,0.9867858985152569,0.9867858985152569,0.9867858985152569,0E-17,ELIGIBLE,R03b_20260811_FULL_v1,L1_ELIGIBILITY,v2026-08-11,2026-03-21..2026-08-06,baccarat_bet02_101_all_pairs_incl_sentinel,round_win = game_pnl > 0 (decisive only),COMPATIBILITY_ONLY_NOT_PRODUCTION,1770.8156,1481.3554,-62.1488,57,57,0.03509615,,0.03509615,0.03509615,62.1488,1770.8156,OK,0.0000,-2.4860,4.0000,96.0000,AG03-UNRESOLVED,ALL5_LEVELS_bet23_to_bet27,-2.4860,-2.4860,-2.4860,-2.4860,-2.4860,4.000000,4.000000,4.000000,4.000000,4.000000,96.000000,96.000000,96.000000,96.000000,96.000000,5.0,-12.4298,-11.4744,-49.7191,-50.6744,PENDING_AG03,FALSE,NOT_FOR_ENFORCEMENT,-59.6629,1422.1011,-62.1488,-59.6629,-2.4860,-0.03509615,-0.03369231,-2.4860,-59.6629,-0.03369231,-2.4860,-2.4860,-2.4860,-2.4860,-2.4860,-59.6629,-0.03369231,-12.4298,-11.4744,-49.7191,-50.6744,-0.02807692,-0.02861645,-0.00140385,31.0669,25.9887,-1.0903,-31.0744,-3.4527,885.4078,28.5000,,31.0669,17.0271,17.0271,34.0541,68.1083,68.1083,131.449,17.0271,0.0,4.0,7.720001,1.824561,12,15,3,2,0E-8,-0.03509615,,0E-8,0.000000,0.836538,0.000000,,2026-04-09,2026-04-25,2,18,16,17,0.117647,,,0.000000,,,,,,,,GLOBAL_BASELINE_NO_ENTITY_RANKING,,,NOT_APPLICABLE_GLOBAL_BASELINE,HF9g-P5,,,,X 全窗基线 · 不参与实体赏罚,3922965,393,A168_HF9F_20260827_0900,2026-08-27 09:00:00
2026-04-25,127158661,-1,1,766.2182870762,-160.9058402859,-160.9058402859,0.4117647,21,21,0.50090561428571429,0.500905614286,-0.7350759675484667,-0.7350759675508235,-0.7350759675484667,-2.8571E-13,SENTINEL_DEALER,R03b_20260811_FULL_v1,L1_ELIGIBILITY,v2026-08-11,2026-03-21..2026-08-06,baccarat_bet02_101_all_pairs_incl_sentinel,round_win = game_pnl > 0 (decisive only),COMPATIBILITY_ONLY_NOT_PRODUCTION,1770.8156,1481.3554,-62.1488,57,57,0.03509615,,0.03509615,0.03509615,62.1488,1770.8156,OK,0.0000,-2.4860,4.0000,96.0000,AG03-UNRESOLVED,ALL5_LEVELS_bet23_to_bet27,-2.4860,-2.4860,-2.4860,-2.4860,-2.4860,4.000000,4.000000,4.000000,4.000000,4.000000,96.000000,96.000000,96.000000,96.000000,96.000000,5.0,-12.4298,-11.4744,-49.7191,-50.6744,PENDING_AG03,FALSE,NOT_FOR_ENFORCEMENT,-59.6629,1422.1011,-62.1488,-59.6629,-2.4860,-0.03509615,-0.03369231,-2.4860,-59.6629,-0.03369231,-2.4860,-2.4860,-2.4860,-2.4860,-2.4860,-59.6629,-0.03369231,-12.4298,-11.4744,-49.7191,-50.6744,-0.02807692,-0.02861645,-0.00140385,31.0669,25.9887,-1.0903,-31.0744,-3.4527,885.4078,28.5000,,31.0669,17.0271,17.0271,34.0541,68.1083,68.1083,131.449,17.0271,0.0,4.0,7.720001,1.824561,12,15,3,2,0E-8,-0.03509615,,0E-8,0.000000,0.836538,0.000000,,2026-04-09,2026-04-25,2,18,16,17,0.117647,,,0.000000,,,,,,,,GLOBAL_BASELINE_NO_ENTITY_RANKING,,,NOT_APPLICABLE_GLOBAL_BASELINE,HF9g-P5,,,,X 全窗基线 · 不参与实体赏罚,3922966,393,A168_HF9F_20260827_0900,2026-08-27 09:00:00
2026-04-25,127158661,1151,0,51.0812191384,17.0270730462,17.0270730462,0.5000000,2,2,0.49324550000000000,0.493245500000,0.01910635448239258,0.01910635448239258,0.01910635448239258,0E-17,ELIGIBLE,R03b_20260811_FULL_v1,L1_ELIGIBILITY,v2026-08-11,2026-03-21..2026-08-06,baccarat_bet02_101_all_pairs_incl_sentinel,round_win = game_pnl > 0 (decisive only),COMPATIBILITY_ONLY_NOT_PRODUCTION,1770.8156,1481.3554,-62.1488,57,57,0.03509615,,0.03509615,0.03509615,62.1488,1770.8156,OK,0.0000,-2.4860,4.0000,96.0000,AG03-UNRESOLVED,ALL5_LEVELS_bet23_to_bet27,-2.4860,-2.4860,-2.4860,-2.4860,-2.4860,4.000000,4.000000,4.000000,4.000000,4.000000,96.000000,96.000000,96.000000,96.000000,96.000000,5.0,-12.4298,-11.4744,-49.7191,-50.6744,PENDING_AG03,FALSE,NOT_FOR_ENFORCEMENT,-59.6629,1422.1011,-62.1488,-59.6629,-2.4860,-0.03509615,-0.03369231,-2.4860,-59.6629,-0.03369231,-2.4860,-2.4860,-2.4860,-2.4860,-2.4860,-59.6629,-0.03369231,-12.4298,-11.4744,-49.7191,-50.6744,-0.02807692,-0.02861645,-0.00140385,31.0669,25.9887,-1.0903,-31.0744,-3.4527,885.4078,28.5000,,31.0669,17.0271,17.0271,34.0541,68.1083,68.1083,131.449,17.0271,0.0,4.0,7.720001,1.824561,12,15,3,2,0E-8,-0.03509615,,0E-8,0.000000,0.836538,0.000000,,2026-04-09,2026-04-25,2,18,16,17,0.117647,,,0.000000,,,,,,,,GLOBAL_BASELINE_NO_ENTITY_RANKING,,,NOT_APPLICABLE_GLOBAL_BASELINE,HF9g-P5,,,,X 全窗基线 · 不参与实体赏罚,3922967,393,A168_HF9F_20260827_0900,2026-08-27 09:00:00
2026-04-25,127158661,2064,0,153.2436574152,34.0541460923,34.0541460923,0.5000000,5,5,0.49324550000000000,0.493245500000,0.027020465636507562,0.027020465636507562,0.027020465636507562,0E-17,ELIGIBLE,R03b_20260811_FULL_v1,L1_ELIGIBILITY,v2026-08-11,2026-03-21..2026-08-06,baccarat_bet02_101_all_pairs_incl_sentinel,round_win = game_pnl > 0 (decisive only),COMPATIBILITY_ONLY_NOT_PRODUCTION,1770.8156,1481.3554,-62.1488,57,57,0.03509615,,0.03509615,0.03509615,62.1488,1770.8156,OK,0.0000,-2.4860,4.0000,96.0000,AG03-UNRESOLVED,ALL5_LEVELS_bet23_to_bet27,-2.4860,-2.4860,-2.4860,-2.4860,-2.4860,4.000000,4.000000,4.000000,4.000000,4.000000,96.000000,96.000000,96.000000,96.000000,96.000000,5.0,-12.4298,-11.4744,-49.7191,-50.6744,PENDING_AG03,FALSE,NOT_FOR_ENFORCEMENT,-59.6629,1422.1011,-62.1488,-59.6629,-2.4860,-0.03509615,-0.03369231,-2.4860,-59.6629,-0.03369231,-2.4860,-2.4860,-2.4860,-2.4860,-2.4860,-59.6629,-0.03369231,-12.4298,-11.4744,-49.7191,-50.6744,-0.02807692,-0.02861645,-0.00140385,31.0669,25.9887,-1.0903,-31.0744,-3.4527,885.4078,28.5000,,31.0669,17.0271,17.0271,34.0541,68.1083,68.1083,131.449,17.0271,0.0,4.0,7.720001,1.824561,12,15,3,2,0E-8,-0.03509615,,0E-8,0.000000,0.836538,0.000000,,2026-04-09,2026-04-25,2,18,16,17,0.117647,,,0.000000,,,,,,,,GLOBAL_BASELINE_NO_ENTITY_RANKING,,,NOT_APPLICABLE_GLOBAL_BASELINE,HF9g-P5,,,,X 全窗基线 · 不参与实体赏罚,3922968,393,A168_HF9F_20260827_0900,2026-08-27 09:00:00
2026-04-25,127158661,2127,0,68.1082921845,32.3514387877,32.3514387877,0.6666667,3,3,0.50218230000000000,0.502182300000,0.5697959874915163,0.5697959874915164,0.5697959874915163,0E-17,ELIGIBLE,R03b_20260811_FULL_v1,L1_ELIGIBILITY,v2026-08-11,2026-03-21..2026-08-06,baccarat_bet02_101_all_pairs_incl_sentinel,round_win = game_pnl > 0 (decisive only),COMPATIBILITY_ONLY_NOT_PRODUCTION,1770.8156,1481.3554,-62.1488,57,57,0.03509615,,0.03509615,0.03509615,62.1488,1770.8156,OK,0.0000,-2.4860,4.0000,96.0000,AG03-UNRESOLVED,ALL5_LEVELS_bet23_to_bet27,-2.4860,-2.4860,-2.4860,-2.4860,-2.4860,4.000000,4.000000,4.000000,4.000000,4.000000,96.000000,96.000000,96.000000,96.000000,96.000000,5.0,-12.4298,-11.4744,-49.7191,-50.6744,PENDING_AG03,FALSE,NOT_FOR_ENFORCEMENT,-59.6629,1422.1011,-62.1488,-59.6629,-2.4860,-0.03509615,-0.03369231,-2.4860,-59.6629,-0.03369231,-2.4860,-2.4860,-2.4860,-2.4860,-2.4860,-59.6629,-0.03369231,-12.4298,-11.4744,-49.7191,-50.6744,-0.02807692,-0.02861645,-0.00140385,31.0669,25.9887,-1.0903,-31.0744,-3.4527,885.4078,28.5000,,31.0669,17.0271,17.0271,34.0541,68.1083,68.1083,131.449,17.0271,0.0,4.0,7.720001,1.824561,12,15,3,2,0E-8,-0.03509615,,0E-8,0.000000,0.836538,0.000000,,2026-04-09,2026-04-25,2,18,16,17,0.117647,,,0.000000,,,,,,,,GLOBAL_BASELINE_NO_ENTITY_RANKING,,,NOT_APPLICABLE_GLOBAL_BASELINE,HF9g-P5,,,,X 全窗基线 · 不参与实体赏罚,3922969,393,A168_HF9F_20260827_0900,2026-08-27 09:00:00
2026-04-25,127158661,2141,0,51.0812191384,15.3243657416,15.3243657416,0.5000000,2,2,0.49994810000000000,0.499948100000,0.00014679536856514622,0.00014679536856514622,0.00014679536856514622,0E-17,ELIGIBLE,R03b_20260811_FULL_v1,L1_ELIGIBILITY,v2026-08-11,2026-03-21..2026-08-06,baccarat_bet02_101_all_pairs_incl_sentinel,round_win = game_pnl > 0 (decisive only),COMPATIBILITY_ONLY_NOT_PRODUCTION,1770.8156,1481.3554,-62.1488,57,57,0.03509615,,0.03509615,0.03509615,62.1488,1770.8156,OK,0.0000,-2.4860,4.0000,96.0000,AG03-UNRESOLVED,ALL5_LEVELS_bet23_to_bet27,-2.4860,-2.4860,-2.4860,-2.4860,-2.4860,4.000000,4.000000,4.000000,4.000000,4.000000,96.000000,96.000000,96.000000,96.000000,96.000000,5.0,-12.4298,-11.4744,-49.7191,-50.6744,PENDING_AG03,FALSE,NOT_FOR_ENFORCEMENT,-59.6629,1422.1011,-62.1488,-59.6629,-2.4860,-0.03509615,-0.03369231,-2.4860,-59.6629,-0.03369231,-2.4860,-2.4860,-2.4860,-2.4860,-2.4860,-59.6629,-0.03369231,-12.4298,-11.4744,-49.7191,-50.6744,-0.02807692,-0.02861645,-0.00140385,31.0669,25.9887,-1.0903,-31.0744,-3.4527,885.4078,28.5000,,31.0669,17.0271,17.0271,34.0541,68.1083,68.1083,131.449,17.0271,0.0,4.0,7.720001,1.824561,12,15,3,2,0E-8,-0.03509615,,0E-8,0.000000,0.836538,0.000000,,2026-04-09,2026-04-25,2,18,16,17,0.117647,,,0.000000,,,,,,,,GLOBAL_BASELINE_NO_ENTITY_RANKING,,,NOT_APPLICABLE_GLOBAL_BASELINE,HF9g-P5,,,,X 全窗基线 · 不参与实体赏罚,3922970,393,A168_HF9F_20260827_0900,2026-08-27 09:00:00
2026-04-25,127158661,2155,0,17.0270730461,17.0270730461,17.0270730461,1.0000000,1,1,0.49324550000000000,0.493245500000,1.01360149184955,1.01360149184955,1.01360149184955,0E-17,ELIGIBLE,R03b_20260811_FULL_v1,L1_ELIGIBILITY,v2026-08-11,2026-03-21..2026-08-06,baccarat_bet02_101_all_pairs_incl_sentinel,round_win = game_pnl > 0 (decisive only),COMPATIBILITY_ONLY_NOT_PRODUCTION,1770.8156,1481.3554,-62.1488,57,57,0.03509615,,0.03509615,0.03509615,62.1488,1770.8156,OK,0.0000,-2.4860,4.0000,96.0000,AG03-UNRESOLVED,ALL5_LEVELS_bet23_to_bet27,-2.4860,-2.4860,-2.4860,-2.4860,-2.4860,4.000000,4.000000,4.000000,4.000000,4.000000,96.000000,96.000000,96.000000,96.000000,96.000000,5.0,-12.4298,-11.4744,-49.7191,-50.6744,PENDING_AG03,FALSE,NOT_FOR_ENFORCEMENT,-59.6629,1422.1011,-62.1488,-59.6629,-2.4860,-0.03509615,-0.03369231,-2.4860,-59.6629,-0.03369231,-2.4860,-2.4860,-2.4860,-2.4860,-2.4860,-59.6629,-0.03369231,-12.4298,-11.4744,-49.7191,-50.6744,-0.02807692,-0.02861645,-0.00140385,31.0669,25.9887,-1.0903,-31.0744,-3.4527,885.4078,28.5000,,31.0669,17.0271,17.0271,34.0541,68.1083,68.1083,131.449,17.0271,0.0,4.0,7.720001,1.824561,12,15,3,2,0E-8,-0.03509615,,0E-8,0.000000,0.836538,0.000000,,2026-04-09,2026-04-25,2,18,16,17,0.117647,,,0.000000,,,,,,,,GLOBAL_BASELINE_NO_ENTITY_RANKING,,,NOT_APPLICABLE_GLOBAL_BASELINE,HF9g-P5,,,,X 全窗基线 · 不参与实体赏罚,3922971,393,A168_HF9F_20260827_0900,2026-08-27 09:00:00
2026-04-25,127158661,2254,0,51.0812191383,33.2027924399,33.2027924399,1.0000000,3,3,0.50218230000000000,0.502182300000,1.4080544974538591,1.4080544974538591,1.4080544974538591,0E-17,ELIGIBLE,R03b_20260811_FULL_v1,L1_ELIGIBILITY,v2026-08-11,2026-03-21..2026-08-06,baccarat_bet02_101_all_pairs_incl_sentinel,round_win = game_pnl > 0 (decisive only),COMPATIBILITY_ONLY_NOT_PRODUCTION,1770.8156,1481.3554,-62.1488,57,57,0.03509615,,0.03509615,0.03509615,62.1488,1770.8156,OK,0.0000,-2.4860,4.0000,96.0000,AG03-UNRESOLVED,ALL5_LEVELS_bet23_to_bet27,-2.4860,-2.4860,-2.4860,-2.4860,-2.4860,4.000000,4.000000,4.000000,4.000000,4.000000,96.000000,96.000000,96.000000,96.000000,96.000000,5.0,-12.4298,-11.4744,-49.7191,-50.6744,PENDING_AG03,FALSE,NOT_FOR_ENFORCEMENT,-59.6629,1422.1011,-62.1488,-59.6629,-2.4860,-0.03509615,-0.03369231,-2.4860,-59.6629,-0.03369231,-2.4860,-2.4860,-2.4860,-2.4860,-2.4860,-59.6629,-0.03369231,-12.4298,-11.4744,-49.7191,-50.6744,-0.02807692,-0.02861645,-0.00140385,31.0669,25.9887,-1.0903,-31.0744,-3.4527,885.4078,28.5000,,31.0669,17.0271,17.0271,34.0541,68.1083,68.1083,131.449,17.0271,0.0,4.0,7.720001,1.824561,12,15,3,2,0E-8,-0.03509615,,0E-8,0.000000,0.836538,0.000000,,2026-04-09,2026-04-25,2,18,16,17,0.117647,,,0.000000,,,,,,,,GLOBAL_BASELINE_NO_ENTITY_RANKING,,,NOT_APPLICABLE_GLOBAL_BASELINE,HF9g-P5,,,,X 全窗基线 · 不参与实体赏罚,3922972,393,A168_HF9F_20260827_0900,2026-08-27 09:00:00
2026-04-25,127158661,2267,0,17.0270730461,16.1757193938,16.1757193938,1.0000000,1,1,0.50665070000000000,0.506650700000,0.9867858985152569,0.9867858985152569,0.9867858985152569,0E-17,ELIGIBLE,R03b_20260811_FULL_v1,L1_ELIGIBILITY,v2026-08-11,2026-03-21..2026-08-06,baccarat_bet02_101_all_pairs_incl_sentinel,round_win = game_pnl > 0 (decisive only),COMPATIBILITY_ONLY_NOT_PRODUCTION,1770.8156,1481.3554,-62.1488,57,57,0.03509615,,0.03509615,0.03509615,62.1488,1770.8156,OK,0.0000,-2.4860,4.0000,96.0000,AG03-UNRESOLVED,ALL5_LEVELS_bet23_to_bet27,-2.4860,-2.4860,-2.4860,-2.4860,-2.4860,4.000000,4.000000,4.000000,4.000000,4.000000,96.000000,96.000000,96.000000,96.000000,96.000000,5.0,-12.4298,-11.4744,-49.7191,-50.6744,PENDING_AG03,FALSE,NOT_FOR_ENFORCEMENT,-59.6629,1422.1011,-62.1488,-59.6629,-2.4860,-0.03509615,-0.03369231,-2.4860,-59.6629,-0.03369231,-2.4860,-2.4860,-2.4860,-2.4860,-2.4860,-59.6629,-0.03369231,-12.4298,-11.4744,-49.7191,-50.6744,-0.02807692,-0.02861645,-0.00140385,31.0669,25.9887,-1.0903,-31.0744,-3.4527,885.4078,28.5000,,31.0669,17.0271,17.0271,34.0541,68.1083,68.1083,131.449,17.0271,0.0,4.0,7.720001,1.824561,12,15,3,2,0E-8,-0.03509615,,0E-8,0.000000,0.836538,0.000000,,2026-04-09,2026-04-25,2,18,16,17,0.117647,,,0.000000,,,,,,,,GLOBAL_BASELINE_NO_ENTITY_RANKING,,,NOT_APPLICABLE_GLOBAL_BASELINE,HF9g-P5,,,,X 全窗基线 · 不参与实体赏罚,3922973,393,A168_HF9F_20260827_0900,2026-08-27 09:00:00
2026-05-24,150516937,1994,0,451.5503227749,117.0686022009,117.0686022009,0.5000000,5,5,0.49324550000000000,0.493245500000,0.027020465636507562,0.027020465636507562,0.027020465636507562,0E-17,ELIGIBLE,R03b_20260811_FULL_v1,L1_ELIGIBILITY,v2026-08-11,2026-03-21..2026-08-06,baccarat_bet02_101_all_pairs_incl_sentinel,round_win = game_pnl > 0 (decisive only),COMPATIBILITY_ONLY_NOT_PRODUCTION,818.0765,650.8356,-62.1447,14,14,0.07596443,,0.07596443,0.07596443,62.1447,818.0765,THIN_EXPOSURE,0.0000,-2.4858,4.0000,96.0000,AG03-UNRESOLVED,ALL5_LEVELS_bet23_to_bet27,-2.4858,-2.4858,-2.4858,-3.1072,-3.1072,4.000000,4.000000,4.000000,5.000000,5.000000,96.000000,96.000000,96.000000,95.000000,95.000000,5.0,-13.6718,-12.5238,-48.4729,-49.621,PENDING_AG03,FALSE,NOT_FOR_ENFORCEMENT,-59.6589,624.8022,-62.1447,-59.6589,-2.4858,-0.07596443,-0.07292585,-2.4858,-59.6589,-0.07292585,-2.4858,-2.4858,-2.4858,-3.1072,-3.1072,-59.6589,-0.07292585,-13.6718,-12.5238,-48.4729,-49.621,-0.05925226,-0.06065564,-0.00303858,58.4340,46.4883,-4.4389,-31.0724,-20.7149,409.0382,7.0000,,58.4340,27.517,44.0272,77.0475,117.0686,156.0915,167.2409,31.9197,-11.0068,3.545345,3.798583,1.327227,3,2,2,2,0E-8,-0.07596443,,0E-8,0.000000,0.795568,0.000000,,2026-05-24,2026-06-20,2,3,3,28,0.071429,,,0.000000,,,,,,,,GLOBAL_BASELINE_NO_ENTITY_RANKING,,,NOT_APPLICABLE_GLOBAL_BASELINE,HF9g-P5,,,,X 全窗基线 · 不参与实体赏罚,3922974,393,A168_HF9F_20260827_0900,2026-08-27 09:00:00
2026-06-20,150516937,-1,1,366.5261466325,-54.9238880389,-54.9238880389,0.4444444,9,9,0.50367176666666667,0.503671766667,-0.35537351566192493,-0.3553735156639268,-0.35537351566192493,-3.3333E-13,SENTINEL_DEALER,R03b_20260811_FULL_v1,L1_ELIGIBILITY,v2026-08-11,2026-03-21..2026-08-06,baccarat_bet02_101_all_pairs_incl_sentinel,round_win = game_pnl > 0 (decisive only),COMPATIBILITY_ONLY_NOT_PRODUCTION,818.0765,650.8356,-62.1447,14,14,0.07596443,,0.07596443,0.07596443,62.1447,818.0765,THIN_EXPOSURE,0.0000,-2.4858,4.0000,96.0000,AG03-UNRESOLVED,ALL5_LEVELS_bet23_to_bet27,-2.4858,-2.4858,-2.4858,-3.1072,-3.1072,4.000000,4.000000,4.000000,5.000000,5.000000,96.000000,96.000000,96.000000,95.000000,95.000000,5.0,-13.6718,-12.5238,-48.4729,-49.621,PENDING_AG03,FALSE,NOT_FOR_ENFORCEMENT,-59.6589,624.8022,-62.1447,-59.6589,-2.4858,-0.07596443,-0.07292585,-2.4858,-59.6589,-0.07292585,-2.4858,-2.4858,-2.4858,-3.1072,-3.1072,-59.6589,-0.07292585,-13.6718,-12.5238,-48.4729,-49.621,-0.05925226,-0.06065564,-0.00303858,58.4340,46.4883,-4.4389,-31.0724,-20.7149,409.0382,7.0000,,58.4340,27.517,44.0272,77.0475,117.0686,156.0915,167.2409,31.9197,-11.0068,3.545345,3.798583,1.327227,3,2,2,2,0E-8,-0.07596443,,0E-8,0.000000,0.795568,0.000000,,2026-05-24,2026-06-20,2,3,3,28,0.071429,,,0.000000,,,,,,,,GLOBAL_BASELINE_NO_ENTITY_RANKING,,,NOT_APPLICABLE_GLOBAL_BASELINE,HF9g-P5,,,,X 全窗基线 · 不参与实体赏罚,3922975,393,A168_HF9F_20260827_0900,2026-08-27 09:00:00
2026-03-23,147706073,2201,0,21.0653816784,20.0121125945,20.0121125945,1.0000000,1,1,0.50665070000000000,0.506650700000,0.9867858985152569,0.9867858985152569,0.9867858985152569,0E-17,ELIGIBLE,R03b_20260811_FULL_v1,L1_ELIGIBILITY,v2026-08-11,2026-03-21..2026-08-06,baccarat_bet02_101_all_pairs_incl_sentinel,round_win = game_pnl > 0 (decisive only),COMPATIBILITY_ONLY_NOT_PRODUCTION,81.6284,63.1961,-62.1429,4,4,0.76129032,,0.76129032,0.76129032,62.1429,81.6284,THIN_EXPOSURE,0.0000,-2.4857,4.0000,96.0000,AG03-UNRESOLVED,ALL5_LEVELS_bet23_to_bet27,-2.4857,-2.4857,-2.4857,-3.1071,-3.1071,4.000000,4.000000,4.000000,5.000000,5.000000,96.000000,96.000000,96.000000,95.000000,95.000000,5.0,-13.6714,-12.5234,-48.4714,-49.6195,PENDING_AG03,FALSE,NOT_FOR_ENFORCEMENT,-59.6572,60.6683,-62.1429,-59.6572,-2.4857,-0.76129032,-0.73083871,-2.4857,-59.6572,-0.73083871,-2.4857,-2.4857,-2.4857,-3.1071,-3.1071,-59.6572,-0.73083871,-13.6714,-12.5234,-48.4714,-49.6195,-0.59380645,-0.60787071,-0.03045161,20.4071,15.7990,-15.5357,-62.1429,-31.0714,81.6284,4.0000,,20.4071,18.4322,19.7488,22.382,23.6986,23.6986,23.6986,19.7488,19.2222,1.2,1.2,1.033333,2,2,1,2,0E-8,-0.76129032,,0E-8,0.000000,0.774194,0.000000,,2026-03-23,2026-03-23,1,2,2,1,1.000000,,,0.000000,,,,,,,,GLOBAL_BASELINE_NO_ENTITY_RANKING,,,NOT_APPLICABLE_GLOBAL_BASELINE,HF9g-P5,,,,X 全窗基线 · 不参与实体赏罚,3922976,393,A168_HF9F_20260827_0900,2026-08-27 09:00:00
2026-03-23,147706073,2222,0,60.5629723254,42.1307633568,42.1307633568,1.0000000,3,3,0.49324550000000000,0.493245500000,1.4334489766152358,1.4334489766152358,1.4334489766152358,0E-17,ELIGIBLE,R03b_20260811_FULL_v1,L1_ELIGIBILITY,v2026-08-11,2026-03-21..2026-08-06,baccarat_bet02_101_all_pairs_incl_sentinel,round_win = game_pnl > 0 (decisive only),COMPATIBILITY_ONLY_NOT_PRODUCTION,81.6284,63.1961,-62.1429,4,4,0.76129032,,0.76129032,0.76129032,62.1429,81.6284,THIN_EXPOSURE,0.0000,-2.4857,4.0000,96.0000,AG03-UNRESOLVED,ALL5_LEVELS_bet23_to_bet27,-2.4857,-2.4857,-2.4857,-3.1071,-3.1071,4.000000,4.000000,4.000000,5.000000,5.000000,96.000000,96.000000,96.000000,95.000000,95.000000,5.0,-13.6714,-12.5234,-48.4714,-49.6195,PENDING_AG03,FALSE,NOT_FOR_ENFORCEMENT,-59.6572,60.6683,-62.1429,-59.6572,-2.4857,-0.76129032,-0.73083871,-2.4857,-59.6572,-0.73083871,-2.4857,-2.4857,-2.4857,-3.1071,-3.1071,-59.6572,-0.73083871,-13.6714,-12.5234,-48.4714,-49.6195,-0.59380645,-0.60787071,-0.03045161,20.4071,15.7990,-15.5357,-62.1429,-31.0714,81.6284,4.0000,,20.4071,18.4322,19.7488,22.382,23.6986,23.6986,23.6986,19.7488,19.2222,1.2,1.2,1.033333,2,2,1,2,0E-8,-0.76129032,,0E-8,0.000000,0.774194,0.000000,,2026-03-23,2026-03-23,1,2,2,1,1.000000,,,0.000000,,,,,,,,GLOBAL_BASELINE_NO_ENTITY_RANKING,,,NOT_APPLICABLE_GLOBAL_BASELINE,HF9g-P5,,,,X 全窗基线 · 不参与实体赏罚,3922977,393,A168_HF9F_20260827_0900,2026-08-27 09:00:00
2026-03-29,147344489,1645,0,13.1658635490,13.1658635490,13.1658635490,1.0000000,1,1,0.49324550000000000,0.493245500000,1.01360149184955,1.01360149184955,1.01360149184955,0E-17,ELIGIBLE,R03b_20260811_FULL_v1,L1_ELIGIBILITY,v2026-08-11,2026-03-21..2026-08-06,baccarat_bet02_101_all_pairs_incl_sentinel,round_win = game_pnl > 0 (decisive only),COMPATIBILITY_ONLY_NOT_PRODUCTION,84.2615,84.2615,-62.1429,6,6,0.73750000,,0.73750000,0.73750000,62.1429,84.2615,THIN_EXPOSURE,0.0000,-2.4857,4.0000,96.0000,AG03-UNRESOLVED,ALL5_LEVELS_bet23_to_bet27,-2.4857,-2.4857,-2.4857,-3.1071,-3.1071,4.000000,4.000000,4.000000,5.000000,5.000000,96.000000,96.000000,96.000000,95.000000,95.000000,5.0,-13.6714,-12.5234,-48.4714,-49.6195,PENDING_AG03,FALSE,NOT_FOR_ENFORCEMENT,-59.6572,80.8911,-62.1429,-59.6572,-2.4857,-0.73750000,-0.70800000,-2.4857,-59.6572,-0.70800000,-2.4857,-2.4857,-2.4857,-3.1071,-3.1071,-59.6572,-0.70800000,-13.6714,-12.5234,-48.4714,-49.6195,-0.57525000,-0.58887475,-0.02950000,14.0436,14.0436,-10.3571,-62.1429,-20.7143,84.2615,6.0000,,14.0436,10.5327,14.4825,18.4322,20.8021,21.0654,21.0654,14.4825,14.4825,1.454545,1.454545,0.969697,3,3,2,2,0E-8,-0.73750000,,0E-8,0.000000,1.000000,0.000000,,2026-03-29,2026-03-29,1,3,3,1,1.000000,,,0.000000,,,,,,,,GLOBAL_BASELINE_NO_ENTITY_RANKING,,,NOT_APPLICABLE_GLOBAL_BASELINE,HF9g-P5,,,,X 全窗基线 · 不参与实体赏罚,3922978,393,A168_HF9F_20260827_0900,2026-08-27 09:00:00
2026-03-29,147344489,2171,0,15.7990362588,-5.2663454196,-5.2663454196,0.5000000,2,2,0.49324550000000000,0.493245500000,0.01910635448239258,0.01910635448239258,0.01910635448239258,0E-17,ELIGIBLE,R03b_20260811_FULL_v1,L1_ELIGIBILITY,v2026-08-11,2026-03-21..2026-08-06,baccarat_bet02_101_all_pairs_incl_sentinel,round_win = game_pnl > 0 (decisive only),COMPATIBILITY_ONLY_NOT_PRODUCTION,84.2615,84.2615,-62.1429,6,6,0.73750000,,0.73750000,0.73750000,62.1429,84.2615,THIN_EXPOSURE,0.0000,-2.4857,4.0000,96.0000,AG03-UNRESOLVED,ALL5_LEVELS_bet23_to_bet27,-2.4857,-2.4857,-2.4857,-3.1071,-3.1071,4.000000,4.000000,4.000000,5.000000,5.000000,96.000000,96.000000,96.000000,95.000000,95.000000,5.0,-13.6714,-12.5234,-48.4714,-49.6195,PENDING_AG03,FALSE,NOT_FOR_ENFORCEMENT,-59.6572,80.8911,-62.1429,-59.6572,-2.4857,-0.73750000,-0.70800000,-2.4857,-59.6572,-0.70800000,-2.4857,-2.4857,-2.4857,-3.1071,-3.1071,-59.6572,-0.70800000,-13.6714,-12.5234,-48.4714,-49.6195,-0.57525000,-0.58887475,-0.02950000,14.0436,14.0436,-10.3571,-62.1429,-20.7143,84.2615,6.0000,,14.0436,10.5327,14.4825,18.4322,20.8021,21.0654,21.0654,14.4825,14.4825,1.454545,1.454545,0.969697,3,3,2,2,0E-8,-0.73750000,,0E-8,0.000000,1.000000,0.000000,,2026-03-29,2026-03-29,1,3,3,1,1.000000,,,0.000000,,,,,,,,GLOBAL_BASELINE_NO_ENTITY_RANKING,,,NOT_APPLICABLE_GLOBAL_BASELINE,HF9g-P5,,,,X 全窗基线 · 不参与实体赏罚,3922979,393,A168_HF9F_20260827_0900,2026-08-27 09:00:00
2026-03-29,147344489,2202,0,55.2966269058,54.2433578219,54.2433578219,1.0000000,3,3,0.49771390000000000,0.497713900000,1.739988277604938,1.739988277604938,1.739988277604938,0E-17,ELIGIBLE,R03b_20260811_FULL_v1,L1_ELIGIBILITY,v2026-08-11,2026-03-21..2026-08-06,baccarat_bet02_101_all_pairs_incl_sentinel,round_win = game_pnl > 0 (decisive only),COMPATIBILITY_ONLY_NOT_PRODUCTION,84.2615,84.2615,-62.1429,6,6,0.73750000,,0.73750000,0.73750000,62.1429,84.2615,THIN_EXPOSURE,0.0000,-2.4857,4.0000,96.0000,AG03-UNRESOLVED,ALL5_LEVELS_bet23_to_bet27,-2.4857,-2.4857,-2.4857,-3.1071,-3.1071,4.000000,4.000000,4.000000,5.000000,5.000000,96.000000,96.000000,96.000000,95.000000,95.000000,5.0,-13.6714,-12.5234,-48.4714,-49.6195,PENDING_AG03,FALSE,NOT_FOR_ENFORCEMENT,-59.6572,80.8911,-62.1429,-59.6572,-2.4857,-0.73750000,-0.70800000,-2.4857,-59.6572,-0.70800000,-2.4857,-2.4857,-2.4857,-3.1071,-3.1071,-59.6572,-0.70800000,-13.6714,-12.5234,-48.4714,-49.6195,-0.57525000,-0.58887475,-0.02950000,14.0436,14.0436,-10.3571,-62.1429,-20.7143,84.2615,6.0000,,14.0436,10.5327,14.4825,18.4322,20.8021,21.0654,21.0654,14.4825,14.4825,1.454545,1.454545,0.969697,3,3,2,2,0E-8,-0.73750000,,0E-8,0.000000,1.000000,0.000000,,2026-03-29,2026-03-29,1,3,3,1,1.000000,,,0.000000,,,,,,,,GLOBAL_BASELINE_NO_ENTITY_RANKING,,,NOT_APPLICABLE_GLOBAL_BASELINE,HF9g-P5,,,,X 全窗基线 · 不参与实体赏罚,3922980,393,A168_HF9F_20260827_0900,2026-08-27 09:00:00
2026-07-25,152483320,-1,1,50.0000000000,47.5000000000,47.5000000000,1.0000000,1,1,0.50665070000000000,0.506650700000,0.9867858985152569,0.9867858985152569,0.9867858985152569,0E-17,SENTINEL_DEALER,R03b_20260811_FULL_v1,L1_ELIGIBILITY,v2026-08-11,2026-03-21..2026-08-06,baccarat_bet02_101_all_pairs_incl_sentinel,round_win = game_pnl > 0 (decisive only),COMPATIBILITY_ONLY_NOT_PRODUCTION,108.0000,108.0000,-61.5000,3,3,0.56944444,0.56944444,,0.56944444,61.5000,108.0000,THIN_EXPOSURE,0.0000,-1.8450,3.0000,97.0000,AG03-UNRESOLVED,ALL5_LEVELS_bet23_to_bet27,-1.8450,-1.8450,-1.8450,-1.8450,-1.8450,3.000000,3.000000,3.000000,3.000000,3.000000,97.000000,97.000000,97.000000,97.000000,97.000000,5.0,-9.2250,-8.6879,-52.2750,-52.8121,PENDING_AG03,FALSE,NOT_FOR_ENFORCEMENT,-59.6550,104.7600,-61.5000,-59.6550,-1.8450,-0.56944444,-0.55236111,-1.8450,-59.6550,-0.55236111,-1.8450,-1.8450,-1.8450,-1.8450,-1.8450,-59.6550,-0.55236111,-9.2250,-8.6879,-52.2750,-52.8121,-0.48402778,-0.48900132,-0.01708333,36.0000,36.0000,-20.5000,-61.5000,-20.5000,108.0000,3.0000,36.0000,,25.5,36.0,46.5,50.0,50.0,50.0,36.0,36.0,1.388889,1.388889,1.0,3,3,1,2,1.00000000,-0.56944444,-0.56944444,0E-8,0.000000,1.000000,0.000000,,2026-07-25,2026-07-25,1,3,3,1,1.000000,,1.000000,3.333333,,,,,,,,GLOBAL_BASELINE_NO_ENTITY_RANKING,,,NOT_APPLICABLE_GLOBAL_BASELINE,HF9g-P5,,,,X 全窗基线 · 不参与实体赏罚,3922981,393,A168_HF9F_20260827_0900,2026-08-27 09:00:00
2026-07-25,152483320,1384,0,22.0000000000,-22.0000000000,-22.0000000000,0E-7,1,1,0.50665070000000000,0.506650700000,-1.013391052207602,-1.013391052207602,-1.013391052207602,0E-17,ELIGIBLE,R03b_20260811_FULL_v1,L1_ELIGIBILITY,v2026-08-11,2026-03-21..2026-08-06,baccarat_bet02_101_all_pairs_incl_sentinel,round_win = game_pnl > 0 (decisive only),COMPATIBILITY_ONLY_NOT_PRODUCTION,108.0000,108.0000,-61.5000,3,3,0.56944444,0.56944444,,0.56944444,61.5000,108.0000,THIN_EXPOSURE,0.0000,-1.8450,3.0000,97.0000,AG03-UNRESOLVED,ALL5_LEVELS_bet23_to_bet27,-1.8450,-1.8450,-1.8450,-1.8450,-1.8450,3.000000,3.000000,3.000000,3.000000,3.000000,97.000000,97.000000,97.000000,97.000000,97.000000,5.0,-9.2250,-8.6879,-52.2750,-52.8121,PENDING_AG03,FALSE,NOT_FOR_ENFORCEMENT,-59.6550,104.7600,-61.5000,-59.6550,-1.8450,-0.56944444,-0.55236111,-1.8450,-59.6550,-0.55236111,-1.8450,-1.8450,-1.8450,-1.8450,-1.8450,-59.6550,-0.55236111,-9.2250,-8.6879,-52.2750,-52.8121,-0.48402778,-0.48900132,-0.01708333,36.0000,36.0000,-20.5000,-61.5000,-20.5000,108.0000,3.0000,36.0000,,25.5,36.0,46.5,50.0,50.0,50.0,36.0,36.0,1.388889,1.388889,1.0,3,3,1,2,1.00000000,-0.56944444,-0.56944444,0E-8,0.000000,1.000000,0.000000,,2026-07-25,2026-07-25,1,3,3,1,1.000000,,1.000000,3.333333,,,,,,,,GLOBAL_BASELINE_NO_ENTITY_RANKING,,,NOT_APPLICABLE_GLOBAL_BASELINE,HF9g-P5,,,,X 全窗基线 · 不参与实体赏罚,3922982,393,A168_HF9F_20260827_0900,2026-08-27 09:00:00
2026-07-25,152483320,2280,0,36.0000000000,36.0000000000,36.0000000000,1.0000000,1,1,0.49324550000000000,0.493245500000,1.01360149184955,1.01360149184955,1.01360149184955,0E-17,ELIGIBLE,R03b_20260811_FULL_v1,L1_ELIGIBILITY,v2026-08-11,2026-03-21..2026-08-06,baccarat_bet02_101_all_pairs_incl_sentinel,round_win = game_pnl > 0 (decisive only),COMPATIBILITY_ONLY_NOT_PRODUCTION,108.0000,108.0000,-61.5000,3,3,0.56944444,0.56944444,,0.56944444,61.5000,108.0000,THIN_EXPOSURE,0.0000,-1.8450,3.0000,97.0000,AG03-UNRESOLVED,ALL5_LEVELS_bet23_to_bet27,-1.8450,-1.8450,-1.8450,-1.8450,-1.8450,3.000000,3.000000,3.000000,3.000000,3.000000,97.000000,97.000000,97.000000,97.000000,97.000000,5.0,-9.2250,-8.6879,-52.2750,-52.8121,PENDING_AG03,FALSE,NOT_FOR_ENFORCEMENT,-59.6550,104.7600,-61.5000,-59.6550,-1.8450,-0.56944444,-0.55236111,-1.8450,-59.6550,-0.55236111,-1.8450,-1.8450,-1.8450,-1.8450,-1.8450,-59.6550,-0.55236111,-9.2250,-8.6879,-52.2750,-52.8121,-0.48402778,-0.48900132,-0.01708333,36.0000,36.0000,-20.5000,-61.5000,-20.5000,108.0000,3.0000,36.0000,,25.5,36.0,46.5,50.0,50.0,50.0,36.0,36.0,1.388889,1.388889,1.0,3,3,1,2,1.00000000,-0.56944444,-0.56944444,0E-8,0.000000,1.000000,0.000000,,2026-07-25,2026-07-25,1,3,3,1,1.000000,,1.000000,3.333333,,,,,,,,GLOBAL_BASELINE_NO_ENTITY_RANKING,,,NOT_APPLICABLE_GLOBAL_BASELINE,HF9g-P5,,,,X 全窗基线 · 不参与实体赏罚,3922983,393,A168_HF9F_20260827_0900,2026-08-27 09:00:00
2026-07-19,153221733,1210,0,30.0000000000,28.5000000000,28.5000000000,1.0000000,1,1,0.50665070000000000,0.506650700000,0.9867858985152569,0.9867858985152569,0.9867858985152569,0E-17,ELIGIBLE,R03b_20260811_FULL_v1,L1_ELIGIBILITY,v2026-08-11,2026-03-21..2026-08-06,baccarat_bet02_101_all_pairs_incl_sentinel,round_win = game_pnl > 0 (decisive only),COMPATIBILITY_ONLY_NOT_PRODUCTION,147.0000,147.0000,-61.5000,5,5,0.41836735,0.41836735,,0.41836735,61.5000,147.0000,THIN_EXPOSURE,0.0000,-1.8450,3.0000,97.0000,AG03-UNRESOLVED,ALL5_LEVELS_bet23_to_bet27,-1.8450,-1.8450,-1.8450,-1.8450,-1.8450,3.000000,3.000000,3.000000,3.000000,3.000000,97.000000,97.000000,97.000000,97.000000,97.000000,5.0,-9.2250,-8.6879,-52.2750,-52.8121,PENDING_AG03,FALSE,NOT_FOR_ENFORCEMENT,-59.6550,142.5900,-61.5000,-59.6550,-1.8450,-0.41836735,-0.40581633,-1.8450,-59.6550,-0.40581633,-1.8450,-1.8450,-1.8450,-1.8450,-1.8450,-59.6550,-0.40581633,-9.2250,-8.6879,-52.2750,-52.8121,-0.35561224,-0.35926628,-0.01255102,29.4000,29.4000,-12.3000,-20.5000,-15.3750,49.0000,1.6667,29.4000,,21.5,25.0,35.0,50.0,50.0,50.0,25.0,25.0,2.0,2.0,1.176,4,4,3,2,1.00000000,-0.41836735,-0.41836735,0E-8,0.000000,1.000000,0.000000,,2026-07-19,2026-08-01,3,4,4,14,0.214286,,1.000000,3.333333,,,,,,,,GLOBAL_BASELINE_NO_ENTITY_RANKING,,,NOT_APPLICABLE_GLOBAL_BASELINE,HF9g-P5,,,,X 全窗基线 · 不参与实体赏罚,3922984,393,A168_HF9F_20260827_0900,2026-08-27 09:00:00
2026-07-19,153221733,1325,0,75.0000000000,75.0000000000,75.0000000000,1.0000000,2,2,0.49324550000000000,0.493245500000,1.4334489766152358,1.4334489766152358,1.4334489766152358,0E-17,ELIGIBLE,R03b_20260811_FULL_v1,L1_ELIGIBILITY,v2026-08-11,2026-03-21..2026-08-06,baccarat_bet02_101_all_pairs_incl_sentinel,round_win = game_pnl > 0 (decisive only),COMPATIBILITY_ONLY_NOT_PRODUCTION,147.0000,147.0000,-61.5000,5,5,0.41836735,0.41836735,,0.41836735,61.5000,147.0000,THIN_EXPOSURE,0.0000,-1.8450,3.0000,97.0000,AG03-UNRESOLVED,ALL5_LEVELS_bet23_to_bet27,-1.8450,-1.8450,-1.8450,-1.8450,-1.8450,3.000000,3.000000,3.000000,3.000000,3.000000,97.000000,97.000000,97.000000,97.000000,97.000000,5.0,-9.2250,-8.6879,-52.2750,-52.8121,PENDING_AG03,FALSE,NOT_FOR_ENFORCEMENT,-59.6550,142.5900,-61.5000,-59.6550,-1.8450,-0.41836735,-0.40581633,-1.8450,-59.6550,-0.40581633,-1.8450,-1.8450,-1.8450,-1.8450,-1.8450,-59.6550,-0.40581633,-9.2250,-8.6879,-52.2750,-52.8121,-0.35561224,-0.35926628,-0.01255102,29.4000,29.4000,-12.3000,-20.5000,-15.3750,49.0000,1.6667,29.4000,,21.5,25.0,35.0,50.0,50.0,50.0,25.0,25.0,2.0,2.0,1.176,4,4,3,2,1.00000000,-0.41836735,-0.41836735,0E-8,0.000000,1.000000,0.000000,,2026-07-19,2026-08-01,3,4,4,14,0.214286,,1.000000,3.333333,,,,,,,,GLOBAL_BASELINE_NO_ENTITY_RANKING,,,NOT_APPLICABLE_GLOBAL_BASELINE,HF9g-P5,,,,X 全窗基线 · 不参与实体赏罚,3922985,393,A168_HF9F_20260827_0900,2026-08-27 09:00:00
2026-07-26,153221733,2196,0,22.0000000000,-22.0000000000,-22.0000000000,0E-7,1,1,0.49324550000000000,0.493245500000,-0.9865810262130424,-0.9865810262130424,-0.9865810262130424,0E-17,ELIGIBLE,R03b_20260811_FULL_v1,L1_ELIGIBILITY,v2026-08-11,2026-03-21..2026-08-06,baccarat_bet02_101_all_pairs_incl_sentinel,round_win = game_pnl > 0 (decisive only),COMPATIBILITY_ONLY_NOT_PRODUCTION,147.0000,147.0000,-61.5000,5,5,0.41836735,0.41836735,,0.41836735,61.5000,147.0000,THIN_EXPOSURE,0.0000,-1.8450,3.0000,97.0000,AG03-UNRESOLVED,ALL5_LEVELS_bet23_to_bet27,-1.8450,-1.8450,-1.8450,-1.8450,-1.8450,3.000000,3.000000,3.000000,3.000000,3.000000,97.000000,97.000000,97.000000,97.000000,97.000000,5.0,-9.2250,-8.6879,-52.2750,-52.8121,PENDING_AG03,FALSE,NOT_FOR_ENFORCEMENT,-59.6550,142.5900,-61.5000,-59.6550,-1.8450,-0.41836735,-0.40581633,-1.8450,-59.6550,-0.40581633,-1.8450,-1.8450,-1.8450,-1.8450,-1.8450,-59.6550,-0.40581633,-9.2250,-8.6879,-52.2750,-52.8121,-0.35561224,-0.35926628,-0.01255102,29.4000,29.4000,-12.3000,-20.5000,-15.3750,49.0000,1.6667,29.4000,,21.5,25.0,35.0,50.0,50.0,50.0,25.0,25.0,2.0,2.0,1.176,4,4,3,2,1.00000000,-0.41836735,-0.41836735,0E-8,0.000000,1.000000,0.000000,,2026-07-19,2026-08-01,3,4,4,14,0.214286,,1.000000,3.333333,,,,,,,,GLOBAL_BASELINE_NO_ENTITY_RANKING,,,NOT_APPLICABLE_GLOBAL_BASELINE,HF9g-P5,,,,X 全窗基线 · 不参与实体赏罚,3922986,393,A168_HF9F_20260827_0900,2026-08-27 09:00:00
2026-08-01,153221733,789,0,20.0000000000,-20.0000000000,-20.0000000000,0E-7,1,1,0.50665070000000000,0.506650700000,-1.013391052207602,-1.013391052207602,-1.013391052207602,0E-17,ELIGIBLE,R03b_20260811_FULL_v1,L1_ELIGIBILITY,v2026-08-11,2026-03-21..2026-08-06,baccarat_bet02_101_all_pairs_incl_sentinel,round_win = game_pnl > 0 (decisive only),COMPATIBILITY_ONLY_NOT_PRODUCTION,147.0000,147.0000,-61.5000,5,5,0.41836735,0.41836735,,0.41836735,61.5000,147.0000,THIN_EXPOSURE,0.0000,-1.8450,3.0000,97.0000,AG03-UNRESOLVED,ALL5_LEVELS_bet23_to_bet27,-1.8450,-1.8450,-1.8450,-1.8450,-1.8450,3.000000,3.000000,3.000000,3.000000,3.000000,97.000000,97.000000,97.000000,97.000000,97.000000,5.0,-9.2250,-8.6879,-52.2750,-52.8121,PENDING_AG03,FALSE,NOT_FOR_ENFORCEMENT,-59.6550,142.5900,-61.5000,-59.6550,-1.8450,-0.41836735,-0.40581633,-1.8450,-59.6550,-0.40581633,-1.8450,-1.8450,-1.8450,-1.8450,-1.8450,-59.6550,-0.40581633,-9.2250,-8.6879,-52.2750,-52.8121,-0.35561224,-0.35926628,-0.01255102,29.4000,29.4000,-12.3000,-20.5000,-15.3750,49.0000,1.6667,29.4000,,21.5,25.0,35.0,50.0,50.0,50.0,25.0,25.0,2.0,2.0,1.176,4,4,3,2,1.00000000,-0.41836735,-0.41836735,0E-8,0.000000,1.000000,0.000000,,2026-07-19,2026-08-01,3,4,4,14,0.214286,,1.000000,3.333333,,,,,,,,GLOBAL_BASELINE_NO_ENTITY_RANKING,,,NOT_APPLICABLE_GLOBAL_BASELINE,HF9g-P5,,,,X 全窗基线 · 不参与实体赏罚,3922987,393,A168_HF9F_20260827_0900,2026-08-27 09:00:00
2026-05-24,149709120,-1,1,10.0000000000,10.0000000000,10.0000000000,1.0000000,1,1,0.49324550000000000,0.493245500000,1.01360149184955,1.01360149184955,1.01360149184955,0E-17,SENTINEL_DEALER,R03b_20260811_FULL_v1,L1_ELIGIBILITY,v2026-08-11,2026-03-21..2026-08-06,baccarat_bet02_101_all_pairs_incl_sentinel,round_win = game_pnl > 0 (decisive only),COMPATIBILITY_ONLY_NOT_PRODUCTION,194.0000,184.0000,-61.5000,19,19,0.31701031,0.27272727,0.48750000,0.31701031,61.5000,194.0000,THIN_EXPOSURE,0.0000,-1.8450,3.0000,97.0000,AG03-UNRESOLVED,ALL5_LEVELS_bet23_to_bet27,-1.8450,-1.8450,-1.8450,-2.4600,-2.4600,3.000000,3.000000,3.000000,4.000000,4.000000,97.000000,97.000000,97.000000,96.000000,96.000000,5.0,-10.4550,-9.7712,-51.0450,-51.7288,PENDING_AG03,FALSE,NOT_FOR_ENFORCEMENT,-59.6550,178.4800,-61.5000,-59.6550,-1.8450,-0.31701031,-0.30750000,-1.8450,-59.6550,-0.30750000,-1.8450,-1.8450,-1.8450,-2.4600,-2.4600,-59.6550,-0.30750000,-10.4550,-9.7712,-51.0450,-51.7288,-0.26311856,-0.26664353,-0.00951031,10.2105,9.6842,-3.2368,-15.3750,-3.6176,48.5000,4.7500,10.2667,10.0000,10.0,10.0,10.0,10.0,12.2,14.0,10.0,9.5,1.22,1.4,1.021053,16,8,4,2,0.79381443,-0.31701031,-0.27272727,0E-8,0.000000,0.948454,0.000000,-0.21477273,2026-05-24,2026-07-09,4,17,17,47,0.085106,1.026667,1.005498,2.646048,,,,,,,,GLOBAL_BASELINE_NO_ENTITY_RANKING,,,NOT_APPLICABLE_GLOBAL_BASELINE,HF9g-P5,,,,X 全窗基线 · 不参与实体赏罚,3922988,393,A168_HF9F_20260827_0900,2026-08-27 09:00:00
2026-06-21,149709120,2175,0,10.0000000000,9.5000000000,9.5000000000,1.0000000,1,1,0.50665070000000000,0.506650700000,0.9867858985152569,0.9867858985152569,0.9867858985152569,0E-17,ELIGIBLE,R03b_20260811_FULL_v1,L1_ELIGIBILITY,v2026-08-11,2026-03-21..2026-08-06,baccarat_bet02_101_all_pairs_incl_sentinel,round_win = game_pnl > 0 (decisive only),COMPATIBILITY_ONLY_NOT_PRODUCTION,194.0000,184.0000,-61.5000,19,19,0.31701031,0.27272727,0.48750000,0.31701031,61.5000,194.0000,THIN_EXPOSURE,0.0000,-1.8450,3.0000,97.0000,AG03-UNRESOLVED,ALL5_LEVELS_bet23_to_bet27,-1.8450,-1.8450,-1.8450,-2.4600,-2.4600,3.000000,3.000000,3.000000,4.000000,4.000000,97.000000,97.000000,97.000000,96.000000,96.000000,5.0,-10.4550,-9.7712,-51.0450,-51.7288,PENDING_AG03,FALSE,NOT_FOR_ENFORCEMENT,-59.6550,178.4800,-61.5000,-59.6550,-1.8450,-0.31701031,-0.30750000,-1.8450,-59.6550,-0.30750000,-1.8450,-1.8450,-1.8450,-2.4600,-2.4600,-59.6550,-0.30750000,-10.4550,-9.7712,-51.0450,-51.7288,-0.26311856,-0.26664353,-0.00951031,10.2105,9.6842,-3.2368,-15.3750,-3.6176,48.5000,4.7500,10.2667,10.0000,10.0,10.0,10.0,10.0,12.2,14.0,10.0,9.5,1.22,1.4,1.021053,16,8,4,2,0.79381443,-0.31701031,-0.27272727,0E-8,0.000000,0.948454,0.000000,-0.21477273,2026-05-24,2026-07-09,4,17,17,47,0.085106,1.026667,1.005498,2.646048,,,,,,,,GLOBAL_BASELINE_NO_ENTITY_RANKING,,,NOT_APPLICABLE_GLOBAL_BASELINE,HF9g-P5,,,,X 全窗基线 · 不参与实体赏罚,3922989,393,A168_HF9F_20260827_0900,2026-08-27 09:00:00
2026-06-21,149709120,986,0,20.0000000000,0E-10,0E-10,0.5000000,2,2,0.49324550000000000,0.493245500000,0.01910635448239258,0.01910635448239258,0.01910635448239258,0E-17,ELIGIBLE,R03b_20260811_FULL_v1,L1_ELIGIBILITY,v2026-08-11,2026-03-21..2026-08-06,baccarat_bet02_101_all_pairs_incl_sentinel,round_win = game_pnl > 0 (decisive only),COMPATIBILITY_ONLY_NOT_PRODUCTION,194.0000,184.0000,-61.5000,19,19,0.31701031,0.27272727,0.48750000,0.31701031,61.5000,194.0000,THIN_EXPOSURE,0.0000,-1.8450,3.0000,97.0000,AG03-UNRESOLVED,ALL5_LEVELS_bet23_to_bet27,-1.8450,-1.8450,-1.8450,-2.4600,-2.4600,3.000000,3.000000,3.000000,4.000000,4.000000,97.000000,97.000000,97.000000,96.000000,96.000000,5.0,-10.4550,-9.7712,-51.0450,-51.7288,PENDING_AG03,FALSE,NOT_FOR_ENFORCEMENT,-59.6550,178.4800,-61.5000,-59.6550,-1.8450,-0.31701031,-0.30750000,-1.8450,-59.6550,-0.30750000,-1.8450,-1.8450,-1.8450,-2.4600,-2.4600,-59.6550,-0.30750000,-10.4550,-9.7712,-51.0450,-51.7288,-0.26311856,-0.26664353,-0.00951031,10.2105,9.6842,-3.2368,-15.3750,-3.6176,48.5000,4.7500,10.2667,10.0000,10.0,10.0,10.0,10.0,12.2,14.0,10.0,9.5,1.22,1.4,1.021053,16,8,4,2,0.79381443,-0.31701031,-0.27272727,0E-8,0.000000,0.948454,0.000000,-0.21477273,2026-05-24,2026-07-09,4,17,17,47,0.085106,1.026667,1.005498,2.646048,,,,,,,,GLOBAL_BASELINE_NO_ENTITY_RANKING,,,NOT_APPLICABLE_GLOBAL_BASELINE,HF9g-P5,,,,X 全窗基线 · 不参与实体赏罚,3922990,393,A168_HF9F_20260827_0900,2026-08-27 09:00:00
2026-07-08,149709120,-1,1,50.0000000000,9.5000000000,9.5000000000,0.6000000,5,5,0.49860758000000000,0.498607580000,0.4534424453485946,0.4534424453485946,0.4534424453485946,0E-17,SENTINEL_DEALER,R03b_20260811_FULL_v1,L1_ELIGIBILITY,v2026-08-11,2026-03-21..2026-08-06,baccarat_bet02_101_all_pairs_incl_sentinel,round_win = game_pnl > 0 (decisive only),COMPATIBILITY_ONLY_NOT_PRODUCTION,194.0000,184.0000,-61.5000,19,19,0.31701031,0.27272727,0.48750000,0.31701031,61.5000,194.0000,THIN_EXPOSURE,0.0000,-1.8450,3.0000,97.0000,AG03-UNRESOLVED,ALL5_LEVELS_bet23_to_bet27,-1.8450,-1.8450,-1.8450,-2.4600,-2.4600,3.000000,3.000000,3.000000,4.000000,4.000000,97.000000,97.000000,97.000000,96.000000,96.000000,5.0,-10.4550,-9.7712,-51.0450,-51.7288,PENDING_AG03,FALSE,NOT_FOR_ENFORCEMENT,-59.6550,178.4800,-61.5000,-59.6550,-1.8450,-0.31701031,-0.30750000,-1.8450,-59.6550,-0.30750000,-1.8450,-1.8450,-1.8450,-2.4600,-2.4600,-59.6550,-0.30750000,-10.4550,-9.7712,-51.0450,-51.7288,-0.26311856,-0.26664353,-0.00951031,10.2105,9.6842,-3.2368,-15.3750,-3.6176,48.5000,4.7500,10.2667,10.0000,10.0,10.0,10.0,10.0,12.2,14.0,10.0,9.5,1.22,1.4,1.021053,16,8,4,2,0.79381443,-0.31701031,-0.27272727,0E-8,0.000000,0.948454,0.000000,-0.21477273,2026-05-24,2026-07-09,4,17,17,47,0.085106,1.026667,1.005498,2.646048,,,,,,,,GLOBAL_BASELINE_NO_ENTITY_RANKING,,,NOT_APPLICABLE_GLOBAL_BASELINE,HF9g-P5,,,,X 全窗基线 · 不参与实体赏罚,3922991,393,A168_HF9F_20260827_0900,2026-08-27 09:00:00
2026-07-08,149709120,2108,0,10.0000000000,9.5000000000,9.5000000000,1.0000000,1,1,0.50665070000000000,0.506650700000,0.9867858985152569,0.9867858985152569,0.9867858985152569,0E-17,ELIGIBLE,R03b_20260811_FULL_v1,L1_ELIGIBILITY,v2026-08-11,2026-03-21..2026-08-06,baccarat_bet02_101_all_pairs_incl_sentinel,round_win = game_pnl > 0 (decisive only),COMPATIBILITY_ONLY_NOT_PRODUCTION,194.0000,184.0000,-61.5000,19,19,0.31701031,0.27272727,0.48750000,0.31701031,61.5000,194.0000,THIN_EXPOSURE,0.0000,-1.8450,3.0000,97.0000,AG03-UNRESOLVED,ALL5_LEVELS_bet23_to_bet27,-1.8450,-1.8450,-1.8450,-2.4600,-2.4600,3.000000,3.000000,3.000000,4.000000,4.000000,97.000000,97.000000,97.000000,96.000000,96.000000,5.0,-10.4550,-9.7712,-51.0450,-51.7288,PENDING_AG03,FALSE,NOT_FOR_ENFORCEMENT,-59.6550,178.4800,-61.5000,-59.6550,-1.8450,-0.31701031,-0.30750000,-1.8450,-59.6550,-0.30750000,-1.8450,-1.8450,-1.8450,-2.4600,-2.4600,-59.6550,-0.30750000,-10.4550,-9.7712,-51.0450,-51.7288,-0.26311856,-0.26664353,-0.00951031,10.2105,9.6842,-3.2368,-15.3750,-3.6176,48.5000,4.7500,10.2667,10.0000,10.0,10.0,10.0,10.0,12.2,14.0,10.0,9.5,1.22,1.4,1.021053,16,8,4,2,0.79381443,-0.31701031,-0.27272727,0E-8,0.000000,0.948454,0.000000,-0.21477273,2026-05-24,2026-07-09,4,17,17,47,0.085106,1.026667,1.005498,2.646048,,,,,,,,GLOBAL_BASELINE_NO_ENTITY_RANKING,,,NOT_APPLICABLE_GLOBAL_BASELINE,HF9g-P5,,,,X 全窗基线 · 不参与实体赏罚,3922992,393,A168_HF9F_20260827_0900,2026-08-27 09:00:00
2026-07-08,149709120,2156,0,24.0000000000,4.0000000000,4.0000000000,0.5000000,2,2,0.49324550000000000,0.493245500000,0.01910635448239258,0.01910635448239258,0.01910635448239258,0E-17,ELIGIBLE,R03b_20260811_FULL_v1,L1_ELIGIBILITY,v2026-08-11,2026-03-21..2026-08-06,baccarat_bet02_101_all_pairs_incl_sentinel,round_win = game_pnl > 0 (decisive only),COMPATIBILITY_ONLY_NOT_PRODUCTION,194.0000,184.0000,-61.5000,19,19,0.31701031,0.27272727,0.48750000,0.31701031,61.5000,194.0000,THIN_EXPOSURE,0.0000,-1.8450,3.0000,97.0000,AG03-UNRESOLVED,ALL5_LEVELS_bet23_to_bet27,-1.8450,-1.8450,-1.8450,-2.4600,-2.4600,3.000000,3.000000,3.000000,4.000000,4.000000,97.000000,97.000000,97.000000,96.000000,96.000000,5.0,-10.4550,-9.7712,-51.0450,-51.7288,PENDING_AG03,FALSE,NOT_FOR_ENFORCEMENT,-59.6550,178.4800,-61.5000,-59.6550,-1.8450,-0.31701031,-0.30750000,-1.8450,-59.6550,-0.30750000,-1.8450,-1.8450,-1.8450,-2.4600,-2.4600,-59.6550,-0.30750000,-10.4550,-9.7712,-51.0450,-51.7288,-0.26311856,-0.26664353,-0.00951031,10.2105,9.6842,-3.2368,-15.3750,-3.6176,48.5000,4.7500,10.2667,10.0000,10.0,10.0,10.0,10.0,12.2,14.0,10.0,9.5,1.22,1.4,1.021053,16,8,4,2,0.79381443,-0.31701031,-0.27272727,0E-8,0.000000,0.948454,0.000000,-0.21477273,2026-05-24,2026-07-09,4,17,17,47,0.085106,1.026667,1.005498,2.646048,,,,,,,,GLOBAL_BASELINE_NO_ENTITY_RANKING,,,NOT_APPLICABLE_GLOBAL_BASELINE,HF9g-P5,,,,X 全窗基线 · 不参与实体赏罚,3922993,393,A168_HF9F_20260827_0900,2026-08-27 09:00:00
2026-07-09,149709120,-1,1,30.0000000000,-10.0000000000,-10.0000000000,0.3333333,3,3,0.49324550000000000,0.493245500000,-0.5540025479526107,-0.5540025479526106,-0.5540025479526107,0E-17,SENTINEL_DEALER,R03b_20260811_FULL_v1,L1_ELIGIBILITY,v2026-08-11,2026-03-21..2026-08-06,baccarat_bet02_101_all_pairs_incl_sentinel,round_win = game_pnl > 0 (decisive only),COMPATIBILITY_ONLY_NOT_PRODUCTION,194.0000,184.0000,-61.5000,19,19,0.31701031,0.27272727,0.48750000,0.31701031,61.5000,194.0000,THIN_EXPOSURE,0.0000,-1.8450,3.0000,97.0000,AG03-UNRESOLVED,ALL5_LEVELS_bet23_to_bet27,-1.8450,-1.8450,-1.8450,-2.4600,-2.4600,3.000000,3.000000,3.000000,4.000000,4.000000,97.000000,97.000000,97.000000,96.000000,96.000000,5.0,-10.4550,-9.7712,-51.0450,-51.7288,PENDING_AG03,FALSE,NOT_FOR_ENFORCEMENT,-59.6550,178.4800,-61.5000,-59.6550,-1.8450,-0.31701031,-0.30750000,-1.8450,-59.6550,-0.30750000,-1.8450,-1.8450,-1.8450,-2.4600,-2.4600,-59.6550,-0.30750000,-10.4550,-9.7712,-51.0450,-51.7288,-0.26311856,-0.26664353,-0.00951031,10.2105,9.6842,-3.2368,-15.3750,-3.6176,48.5000,4.7500,10.2667,10.0000,10.0,10.0,10.0,10.0,12.2,14.0,10.0,9.5,1.22,1.4,1.021053,16,8,4,2,0.79381443,-0.31701031,-0.27272727,0E-8,0.000000,0.948454,0.000000,-0.21477273,2026-05-24,2026-07-09,4,17,17,47,0.085106,1.026667,1.005498,2.646048,,,,,,,,GLOBAL_BASELINE_NO_ENTITY_RANKING,,,NOT_APPLICABLE_GLOBAL_BASELINE,HF9g-P5,,,,X 全窗基线 · 不参与实体赏罚,3922994,393,A168_HF9F_20260827_0900,2026-08-27 09:00:00
2026-07-09,149709120,2118,0,10.0000000000,0E-10,0E-10,,1,1,0.49324550000000000,0.493245500000,,,,0E-17,NO_DECISIVE_ROUND,R03b_20260811_FULL_v1,L1_ELIGIBILITY,v2026-08-11,2026-03-21..2026-08-06,baccarat_bet02_101_all_pairs_incl_sentinel,round_win = game_pnl > 0 (decisive only),COMPATIBILITY_ONLY_NOT_PRODUCTION,194.0000,184.0000,-61.5000,19,19,0.31701031,0.27272727,0.48750000,0.31701031,61.5000,194.0000,THIN_EXPOSURE,0.0000,-1.8450,3.0000,97.0000,AG03-UNRESOLVED,ALL5_LEVELS_bet23_to_bet27,-1.8450,-1.8450,-1.8450,-2.4600,-2.4600,3.000000,3.000000,3.000000,4.000000,4.000000,97.000000,97.000000,97.000000,96.000000,96.000000,5.0,-10.4550,-9.7712,-51.0450,-51.7288,PENDING_AG03,FALSE,NOT_FOR_ENFORCEMENT,-59.6550,178.4800,-61.5000,-59.6550,-1.8450,-0.31701031,-0.30750000,-1.8450,-59.6550,-0.30750000,-1.8450,-1.8450,-1.8450,-2.4600,-2.4600,-59.6550,-0.30750000,-10.4550,-9.7712,-51.0450,-51.7288,-0.26311856,-0.26664353,-0.00951031,10.2105,9.6842,-3.2368,-15.3750,-3.6176,48.5000,4.7500,10.2667,10.0000,10.0,10.0,10.0,10.0,12.2,14.0,10.0,9.5,1.22,1.4,1.021053,16,8,4,2,0.79381443,-0.31701031,-0.27272727,0E-8,0.000000,0.948454,0.000000,-0.21477273,2026-05-24,2026-07-09,4,17,17,47,0.085106,1.026667,1.005498,2.646048,,,,,,,,GLOBAL_BASELINE_NO_ENTITY_RANKING,,,NOT_APPLICABLE_GLOBAL_BASELINE,HF9g-P5,,,,X 全窗基线 · 不参与实体赏罚,3922995,393,A168_HF9F_20260827_0900,2026-08-27 09:00:00
2026-07-09,149709120,2156,0,10.0000000000,10.0000000000,10.0000000000,1.0000000,1,1,0.49324550000000000,0.493245500000,1.01360149184955,1.01360149184955,1.01360149184955,0E-17,ELIGIBLE,R03b_20260811_FULL_v1,L1_ELIGIBILITY,v2026-08-11,2026-03-21..2026-08-06,baccarat_bet02_101_all_pairs_incl_sentinel,round_win = game_pnl > 0 (decisive only),COMPATIBILITY_ONLY_NOT_PRODUCTION,194.0000,184.0000,-61.5000,19,19,0.31701031,0.27272727,0.48750000,0.31701031,61.5000,194.0000,THIN_EXPOSURE,0.0000,-1.8450,3.0000,97.0000,AG03-UNRESOLVED,ALL5_LEVELS_bet23_to_bet27,-1.8450,-1.8450,-1.8450,-2.4600,-2.4600,3.000000,3.000000,3.000000,4.000000,4.000000,97.000000,97.000000,97.000000,96.000000,96.000000,5.0,-10.4550,-9.7712,-51.0450,-51.7288,PENDING_AG03,FALSE,NOT_FOR_ENFORCEMENT,-59.6550,178.4800,-61.5000,-59.6550,-1.8450,-0.31701031,-0.30750000,-1.8450,-59.6550,-0.30750000,-1.8450,-1.8450,-1.8450,-2.4600,-2.4600,-59.6550,-0.30750000,-10.4550,-9.7712,-51.0450,-51.7288,-0.26311856,-0.26664353,-0.00951031,10.2105,9.6842,-3.2368,-15.3750,-3.6176,48.5000,4.7500,10.2667,10.0000,10.0,10.0,10.0,10.0,12.2,14.0,10.0,9.5,1.22,1.4,1.021053,16,8,4,2,0.79381443,-0.31701031,-0.27272727,0E-8,0.000000,0.948454,0.000000,-0.21477273,2026-05-24,2026-07-09,4,17,17,47,0.085106,1.026667,1.005498,2.646048,,,,,,,,GLOBAL_BASELINE_NO_ENTITY_RANKING,,,NOT_APPLICABLE_GLOBAL_BASELINE,HF9g-P5,,,,X 全窗基线 · 不参与实体赏罚,3922996,393,A168_HF9F_20260827_0900,2026-08-27 09:00:00
2026-07-09,149709120,2287,0,10.0000000000,9.5000000000,9.5000000000,1.0000000,1,1,0.50665070000000000,0.506650700000,0.9867858985152569,0.9867858985152569,0.9867858985152569,0E-17,ELIGIBLE,R03b_20260811_FULL_v1,L1_ELIGIBILITY,v2026-08-11,2026-03-21..2026-08-06,baccarat_bet02_101_all_pairs_incl_sentinel,round_win = game_pnl > 0 (decisive only),COMPATIBILITY_ONLY_NOT_PRODUCTION,194.0000,184.0000,-61.5000,19,19,0.31701031,0.27272727,0.48750000,0.31701031,61.5000,194.0000,THIN_EXPOSURE,0.0000,-1.8450,3.0000,97.0000,AG03-UNRESOLVED,ALL5_LEVELS_bet23_to_bet27,-1.8450,-1.8450,-1.8450,-2.4600,-2.4600,3.000000,3.000000,3.000000,4.000000,4.000000,97.000000,97.000000,97.000000,96.000000,96.000000,5.0,-10.4550,-9.7712,-51.0450,-51.7288,PENDING_AG03,FALSE,NOT_FOR_ENFORCEMENT,-59.6550,178.4800,-61.5000,-59.6550,-1.8450,-0.31701031,-0.30750000,-1.8450,-59.6550,-0.30750000,-1.8450,-1.8450,-1.8450,-2.4600,-2.4600,-59.6550,-0.30750000,-10.4550,-9.7712,-51.0450,-51.7288,-0.26311856,-0.26664353,-0.00951031,10.2105,9.6842,-3.2368,-15.3750,-3.6176,48.5000,4.7500,10.2667,10.0000,10.0,10.0,10.0,10.0,12.2,14.0,10.0,9.5,1.22,1.4,1.021053,16,8,4,2,0.79381443,-0.31701031,-0.27272727,0E-8,0.000000,0.948454,0.000000,-0.21477273,2026-05-24,2026-07-09,4,17,17,47,0.085106,1.026667,1.005498,2.646048,,,,,,,,GLOBAL_BASELINE_NO_ENTITY_RANKING,,,NOT_APPLICABLE_GLOBAL_BASELINE,HF9g-P5,,,,X 全窗基线 · 不参与实体赏罚,3922997,393,A168_HF9F_20260827_0900,2026-08-27 09:00:00
2026-07-09,149709120,529,0,10.0000000000,9.5000000000,9.5000000000,1.0000000,1,1,0.50665070000000000,0.506650700000,0.9867858985152569,0.9867858985152569,0.9867858985152569,0E-17,ELIGIBLE,R03b_20260811_FULL_v1,L1_ELIGIBILITY,v2026-08-11,2026-03-21..2026-08-06,baccarat_bet02_101_all_pairs_incl_sentinel,round_win = game_pnl > 0 (decisive only),COMPATIBILITY_ONLY_NOT_PRODUCTION,194.0000,184.0000,-61.5000,19,19,0.31701031,0.27272727,0.48750000,0.31701031,61.5000,194.0000,THIN_EXPOSURE,0.0000,-1.8450,3.0000,97.0000,AG03-UNRESOLVED,ALL5_LEVELS_bet23_to_bet27,-1.8450,-1.8450,-1.8450,-2.4600,-2.4600,3.000000,3.000000,3.000000,4.000000,4.000000,97.000000,97.000000,97.000000,96.000000,96.000000,5.0,-10.4550,-9.7712,-51.0450,-51.7288,PENDING_AG03,FALSE,NOT_FOR_ENFORCEMENT,-59.6550,178.4800,-61.5000,-59.6550,-1.8450,-0.31701031,-0.30750000,-1.8450,-59.6550,-0.30750000,-1.8450,-1.8450,-1.8450,-2.4600,-2.4600,-59.6550,-0.30750000,-10.4550,-9.7712,-51.0450,-51.7288,-0.26311856,-0.26664353,-0.00951031,10.2105,9.6842,-3.2368,-15.3750,-3.6176,48.5000,4.7500,10.2667,10.0000,10.0,10.0,10.0,10.0,12.2,14.0,10.0,9.5,1.22,1.4,1.021053,16,8,4,2,0.79381443,-0.31701031,-0.27272727,0E-8,0.000000,0.948454,0.000000,-0.21477273,2026-05-24,2026-07-09,4,17,17,47,0.085106,1.026667,1.005498,2.646048,,,,,,,,GLOBAL_BASELINE_NO_ENTITY_RANKING,,,NOT_APPLICABLE_GLOBAL_BASELINE,HF9g-P5,,,,X 全窗基线 · 不参与实体赏罚,3922998,393,A168_HF9F_20260827_0900,2026-08-27 09:00:00
2026-04-28,149259802,986,0,310.0000000000,61.5000000000,61.5000000000,0.6363636,11,11,0.50299473636363636,0.502994736364,0.8846850686475105,0.8846850686451022,0.8846850686475105,-3.6364E-13,ELIGIBLE,R03b_20260811_FULL_v1,L1_ELIGIBILITY,v2026-08-11,2026-03-21..2026-08-06,baccarat_bet02_101_all_pairs_incl_sentinel,round_win = game_pnl > 0 (decisive only),COMPATIBILITY_ONLY_NOT_PRODUCTION,310.0000,310.0000,-61.5000,11,11,0.19838710,,0.19838710,0.19838710,61.5000,310.0000,THIN_EXPOSURE,0.0000,-1.8450,3.0000,97.0000,AG03-UNRESOLVED,ALL5_LEVELS_bet23_to_bet27,-1.8450,-1.8450,-1.8450,-1.8450,-1.8450,3.000000,3.000000,3.000000,3.000000,3.000000,97.000000,97.000000,97.000000,97.000000,97.000000,5.0,-9.2250,-8.6879,-52.2750,-52.8121,PENDING_AG03,FALSE,NOT_FOR_ENFORCEMENT,-59.6550,300.7000,-61.5000,-59.6550,-1.8450,-0.19838710,-0.19243548,-1.8450,-59.6550,-0.19243548,-1.8450,-1.8450,-1.8450,-1.8450,-1.8450,-59.6550,-0.19243548,-9.2250,-8.6879,-52.2750,-52.8121,-0.16862903,-0.17036175,-0.00595161,28.1818,28.1818,-5.5909,-61.5000,-61.5000,310.0000,11.0000,,28.1818,20.0,20.0,40.0,44.0,49.5,50.0,20.0,19.0,2.475,2.5,1.409091,1,1,1,2,0E-8,-0.19838710,,0E-8,0.000000,1.000000,0.000000,,2026-04-28,2026-04-28,1,1,1,1,1.000000,,,0.000000,,,,,,,,GLOBAL_BASELINE_NO_ENTITY_RANKING,,,NOT_APPLICABLE_GLOBAL_BASELINE,HF9g-P5,,,,X 全窗基线 · 不参与实体赏罚,3922999,393,A168_HF9F_20260827_0900,2026-08-27 09:00:00
2026-04-07,147010980,1299,0,250.0000000000,237.5000000000,237.5000000000,1.0000000,1,1,0.50665070000000000,0.506650700000,0.9867858985152569,0.9867858985152569,0.9867858985152569,0E-17,ELIGIBLE,R03b_20260811_FULL_v1,L1_ELIGIBILITY,v2026-08-11,2026-03-21..2026-08-06,baccarat_bet02_101_all_pairs_incl_sentinel,round_win = game_pnl > 0 (decisive only),COMPATIBILITY_ONLY_NOT_PRODUCTION,7072.0000,6342.0000,-61.5000,35,35,0.00869627,-0.15714286,0.01204559,0.00869627,61.5000,7072.0000,OK,0.0000,-1.8450,3.0000,97.0000,AG03-UNRESOLVED,ALL5_LEVELS_bet23_to_bet27,-1.8450,-1.8450,-1.8450,-1.8450,-1.8450,3.000000,3.000000,3.000000,3.000000,3.000000,97.000000,97.000000,97.000000,97.000000,97.000000,5.0,-9.2250,-8.6879,-52.2750,-52.8121,PENDING_AG03,FALSE,NOT_FOR_ENFORCEMENT,-59.6550,6151.7400,-61.5000,-59.6550,-1.8450,-0.00869627,-0.00843538,-1.8450,-59.6550,-0.00843538,-1.8450,-1.8450,-1.8450,-1.8450,-1.8450,-59.6550,-0.00843538,-9.2250,-8.6879,-52.2750,-52.8121,-0.00739183,-0.00746778,-0.00026089,202.0571,181.2000,-1.7571,-20.5000,-5.5909,2357.3333,11.6667,20.0000,247.5714,104.75,190.0,315.5,380.0,399.5,450.0,172.0,0.0,2.102632,2.368421,1.063459,8,10,3,2,0.01979638,-0.00869627,0.15714286,0E-8,0.000000,0.896776,0.000000,-0.16918844,2026-04-07,2026-07-19,3,11,9,104,0.028846,0.080785,0.098982,0.065988,,,,,,,,GLOBAL_BASELINE_NO_ENTITY_RANKING,,,NOT_APPLICABLE_GLOBAL_BASELINE,HF9g-P5,,,,X 全窗基线 · 不参与实体赏罚,3923000,393,A168_HF9F_20260827_0900,2026-08-27 09:00:00
2026-04-07,147010980,1325,0,160.0000000000,-160.0000000000,-160.0000000000,0E-7,1,1,0.49324550000000000,0.493245500000,-0.9865810262130424,-0.9865810262130424,-0.9865810262130424,0E-17,ELIGIBLE,R03b_20260811_FULL_v1,L1_ELIGIBILITY,v2026-08-11,2026-03-21..2026-08-06,baccarat_bet02_101_all_pairs_incl_sentinel,round_win = game_pnl > 0 (decisive only),COMPATIBILITY_ONLY_NOT_PRODUCTION,7072.0000,6342.0000,-61.5000,35,35,0.00869627,-0.15714286,0.01204559,0.00869627,61.5000,7072.0000,OK,0.0000,-1.8450,3.0000,97.0000,AG03-UNRESOLVED,ALL5_LEVELS_bet23_to_bet27,-1.8450,-1.8450,-1.8450,-1.8450,-1.8450,3.000000,3.000000,3.000000,3.000000,3.000000,97.000000,97.000000,97.000000,97.000000,97.000000,5.0,-9.2250,-8.6879,-52.2750,-52.8121,PENDING_AG03,FALSE,NOT_FOR_ENFORCEMENT,-59.6550,6151.7400,-61.5000,-59.6550,-1.8450,-0.00869627,-0.00843538,-1.8450,-59.6550,-0.00843538,-1.8450,-1.8450,-1.8450,-1.8450,-1.8450,-59.6550,-0.00843538,-9.2250,-8.6879,-52.2750,-52.8121,-0.00739183,-0.00746778,-0.00026089,202.0571,181.2000,-1.7571,-20.5000,-5.5909,2357.3333,11.6667,20.0000,247.5714,104.75,190.0,315.5,380.0,399.5,450.0,172.0,0.0,2.102632,2.368421,1.063459,8,10,3,2,0.01979638,-0.00869627,0.15714286,0E-8,0.000000,0.896776,0.000000,-0.16918844,2026-04-07,2026-07-19,3,11,9,104,0.028846,0.080785,0.098982,0.065988,,,,,,,,GLOBAL_BASELINE_NO_ENTITY_RANKING,,,NOT_APPLICABLE_GLOBAL_BASELINE,HF9g-P5,,,,X 全窗基线 · 不参与实体赏罚,3923001,393,A168_HF9F_20260827_0900,2026-08-27 09:00:00
2026-04-07,147010980,1985,0,3808.0000000000,-499.1000000000,-499.1000000000,0.4545455,12,12,0.50553360000000000,0.505533600000,-0.3382378092684702,-0.3382378092684702,-0.3382378092684702,0E-17,ELIGIBLE,R03b_20260811_FULL_v1,L1_ELIGIBILITY,v2026-08-11,2026-03-21..2026-08-06,baccarat_bet02_101_all_pairs_incl_sentinel,round_win = game_pnl > 0 (decisive only),COMPATIBILITY_ONLY_NOT_PRODUCTION,7072.0000,6342.0000,-61.5000,35,35,0.00869627,-0.15714286,0.01204559,0.00869627,61.5000,7072.0000,OK,0.0000,-1.8450,3.0000,97.0000,AG03-UNRESOLVED,ALL5_LEVELS_bet23_to_bet27,-1.8450,-1.8450,-1.8450,-1.8450,-1.8450,3.000000,3.000000,3.000000,3.000000,3.000000,97.000000,97.000000,97.000000,97.000000,97.000000,5.0,-9.2250,-8.6879,-52.2750,-52.8121,PENDING_AG03,FALSE,NOT_FOR_ENFORCEMENT,-59.6550,6151.7400,-61.5000,-59.6550,-1.8450,-0.00869627,-0.00843538,-1.8450,-59.6550,-0.00843538,-1.8450,-1.8450,-1.8450,-1.8450,-1.8450,-59.6550,-0.00843538,-9.2250,-8.6879,-52.2750,-52.8121,-0.00739183,-0.00746778,-0.00026089,202.0571,181.2000,-1.7571,-20.5000,-5.5909,2357.3333,11.6667,20.0000,247.5714,104.75,190.0,315.5,380.0,399.5,450.0,172.0,0.0,2.102632,2.368421,1.063459,8,10,3,2,0.01979638,-0.00869627,0.15714286,0E-8,0.000000,0.896776,0.000000,-0.16918844,2026-04-07,2026-07-19,3,11,9,104,0.028846,0.080785,0.098982,0.065988,,,,,,,,GLOBAL_BASELINE_NO_ENTITY_RANKING,,,NOT_APPLICABLE_GLOBAL_BASELINE,HF9g-P5,,,,X 全窗基线 · 不参与实体赏罚,3923002,393,A168_HF9F_20260827_0900,2026-08-27 09:00:00
2026-04-07,147010980,2153,0,1339.0000000000,-300.5000000000,-300.5000000000,0.4000000,7,7,0.50090561428571429,0.500905614286,-0.4512643659064873,-0.4512643659077655,-0.4512643659064873,-2.8571E-13,ELIGIBLE,R03b_20260811_FULL_v1,L1_ELIGIBILITY,v2026-08-11,2026-03-21..2026-08-06,baccarat_bet02_101_all_pairs_incl_sentinel,round_win = game_pnl > 0 (decisive only),COMPATIBILITY_ONLY_NOT_PRODUCTION,7072.0000,6342.0000,-61.5000,35,35,0.00869627,-0.15714286,0.01204559,0.00869627,61.5000,7072.0000,OK,0.0000,-1.8450,3.0000,97.0000,AG03-UNRESOLVED,ALL5_LEVELS_bet23_to_bet27,-1.8450,-1.8450,-1.8450,-1.8450,-1.8450,3.000000,3.000000,3.000000,3.000000,3.000000,97.000000,97.000000,97.000000,97.000000,97.000000,5.0,-9.2250,-8.6879,-52.2750,-52.8121,PENDING_AG03,FALSE,NOT_FOR_ENFORCEMENT,-59.6550,6151.7400,-61.5000,-59.6550,-1.8450,-0.00869627,-0.00843538,-1.8450,-59.6550,-0.00843538,-1.8450,-1.8450,-1.8450,-1.8450,-1.8450,-59.6550,-0.00843538,-9.2250,-8.6879,-52.2750,-52.8121,-0.00739183,-0.00746778,-0.00026089,202.0571,181.2000,-1.7571,-20.5000,-5.5909,2357.3333,11.6667,20.0000,247.5714,104.75,190.0,315.5,380.0,399.5,450.0,172.0,0.0,2.102632,2.368421,1.063459,8,10,3,2,0.01979638,-0.00869627,0.15714286,0E-8,0.000000,0.896776,0.000000,-0.16918844,2026-04-07,2026-07-19,3,11,9,104,0.028846,0.080785,0.098982,0.065988,,,,,,,,GLOBAL_BASELINE_NO_ENTITY_RANKING,,,NOT_APPLICABLE_GLOBAL_BASELINE,HF9g-P5,,,,X 全窗基线 · 不参与实体赏罚,3923003,393,A168_HF9F_20260827_0900,2026-08-27 09:00:00
2026-04-07,147010980,2169,0,320.0000000000,320.0000000000,320.0000000000,1.0000000,1,1,0.49324550000000000,0.493245500000,1.01360149184955,1.01360149184955,1.01360149184955,0E-17,ELIGIBLE,R03b_20260811_FULL_v1,L1_ELIGIBILITY,v2026-08-11,2026-03-21..2026-08-06,baccarat_bet02_101_all_pairs_incl_sentinel,round_win = game_pnl > 0 (decisive only),COMPATIBILITY_ONLY_NOT_PRODUCTION,7072.0000,6342.0000,-61.5000,35,35,0.00869627,-0.15714286,0.01204559,0.00869627,61.5000,7072.0000,OK,0.0000,-1.8450,3.0000,97.0000,AG03-UNRESOLVED,ALL5_LEVELS_bet23_to_bet27,-1.8450,-1.8450,-1.8450,-1.8450,-1.8450,3.000000,3.000000,3.000000,3.000000,3.000000,97.000000,97.000000,97.000000,97.000000,97.000000,5.0,-9.2250,-8.6879,-52.2750,-52.8121,PENDING_AG03,FALSE,NOT_FOR_ENFORCEMENT,-59.6550,6151.7400,-61.5000,-59.6550,-1.8450,-0.00869627,-0.00843538,-1.8450,-59.6550,-0.00843538,-1.8450,-1.8450,-1.8450,-1.8450,-1.8450,-59.6550,-0.00843538,-9.2250,-8.6879,-52.2750,-52.8121,-0.00739183,-0.00746778,-0.00026089,202.0571,181.2000,-1.7571,-20.5000,-5.5909,2357.3333,11.6667,20.0000,247.5714,104.75,190.0,315.5,380.0,399.5,450.0,172.0,0.0,2.102632,2.368421,1.063459,8,10,3,2,0.01979638,-0.00869627,0.15714286,0E-8,0.000000,0.896776,0.000000,-0.16918844,2026-04-07,2026-07-19,3,11,9,104,0.028846,0.080785,0.098982,0.065988,,,,,,,,GLOBAL_BASELINE_NO_ENTITY_RANKING,,,NOT_APPLICABLE_GLOBAL_BASELINE,HF9g-P5,,,,X 全窗基线 · 不参与实体赏罚,3923004,393,A168_HF9F_20260827_0900,2026-08-27 09:00:00
2026-04-07,147010980,2170,0,445.0000000000,436.5000000000,436.5000000000,1.0000000,2,2,0.49994810000000000,0.499948100000,1.4143603653603398,1.4143603653603398,1.4143603653603398,0E-17,ELIGIBLE,R03b_20260811_FULL_v1,L1_ELIGIBILITY,v2026-08-11,2026-03-21..2026-08-06,baccarat_bet02_101_all_pairs_incl_sentinel,round_win = game_pnl > 0 (decisive only),COMPATIBILITY_ONLY_NOT_PRODUCTION,7072.0000,6342.0000,-61.5000,35,35,0.00869627,-0.15714286,0.01204559,0.00869627,61.5000,7072.0000,OK,0.0000,-1.8450,3.0000,97.0000,AG03-UNRESOLVED,ALL5_LEVELS_bet23_to_bet27,-1.8450,-1.8450,-1.8450,-1.8450,-1.8450,3.000000,3.000000,3.000000,3.000000,3.000000,97.000000,97.000000,97.000000,97.000000,97.000000,5.0,-9.2250,-8.6879,-52.2750,-52.8121,PENDING_AG03,FALSE,NOT_FOR_ENFORCEMENT,-59.6550,6151.7400,-61.5000,-59.6550,-1.8450,-0.00869627,-0.00843538,-1.8450,-59.6550,-0.00843538,-1.8450,-1.8450,-1.8450,-1.8450,-1.8450,-59.6550,-0.00843538,-9.2250,-8.6879,-52.2750,-52.8121,-0.00739183,-0.00746778,-0.00026089,202.0571,181.2000,-1.7571,-20.5000,-5.5909,2357.3333,11.6667,20.0000,247.5714,104.75,190.0,315.5,380.0,399.5,450.0,172.0,0.0,2.102632,2.368421,1.063459,8,10,3,2,0.01979638,-0.00869627,0.15714286,0E-8,0.000000,0.896776,0.000000,-0.16918844,2026-04-07,2026-07-19,3,11,9,104,0.028846,0.080785,0.098982,0.065988,,,,,,,,GLOBAL_BASELINE_NO_ENTITY_RANKING,,,NOT_APPLICABLE_GLOBAL_BASELINE,HF9g-P5,,,,X 全窗基线 · 不参与实体赏罚,3923005,393,A168_HF9F_20260827_0900,2026-08-27 09:00:00
2026-04-07,147010980,526,0,350.0000000000,137.5000000000,137.5000000000,0.5000000,2,2,0.49994810000000000,0.499948100000,0.00014679536856514622,0.00014679536856514622,0.00014679536856514622,0E-17,ELIGIBLE,R03b_20260811_FULL_v1,L1_ELIGIBILITY,v2026-08-11,2026-03-21..2026-08-06,baccarat_bet02_101_all_pairs_incl_sentinel,round_win = game_pnl > 0 (decisive only),COMPATIBILITY_ONLY_NOT_PRODUCTION,7072.0000,6342.0000,-61.5000,35,35,0.00869627,-0.15714286,0.01204559,0.00869627,61.5000,7072.0000,OK,0.0000,-1.8450,3.0000,97.0000,AG03-UNRESOLVED,ALL5_LEVELS_bet23_to_bet27,-1.8450,-1.8450,-1.8450,-1.8450,-1.8450,3.000000,3.000000,3.000000,3.000000,3.000000,97.000000,97.000000,97.000000,97.000000,97.000000,5.0,-9.2250,-8.6879,-52.2750,-52.8121,PENDING_AG03,FALSE,NOT_FOR_ENFORCEMENT,-59.6550,6151.7400,-61.5000,-59.6550,-1.8450,-0.00869627,-0.00843538,-1.8450,-59.6550,-0.00843538,-1.8450,-1.8450,-1.8450,-1.8450,-1.8450,-59.6550,-0.00843538,-9.2250,-8.6879,-52.2750,-52.8121,-0.00739183,-0.00746778,-0.00026089,202.0571,181.2000,-1.7571,-20.5000,-5.5909,2357.3333,11.6667,20.0000,247.5714,104.75,190.0,315.5,380.0,399.5,450.0,172.0,0.0,2.102632,2.368421,1.063459,8,10,3,2,0.01979638,-0.00869627,0.15714286,0E-8,0.000000,0.896776,0.000000,-0.16918844,2026-04-07,2026-07-19,3,11,9,104,0.028846,0.080785,0.098982,0.065988,,,,,,,,GLOBAL_BASELINE_NO_ENTITY_RANKING,,,NOT_APPLICABLE_GLOBAL_BASELINE,HF9g-P5,,,,X 全窗基线 · 不参与实体赏罚,3923006,393,A168_HF9F_20260827_0900,2026-08-27 09:00:00
2026-04-09,147010980,1353,0,260.0000000000,-88.4000000000,-88.4000000000,0.5000000,2,2,0.49994810000000000,0.499948100000,0.00014679536856514622,0.00014679536856514622,0.00014679536856514622,0E-17,ELIGIBLE,R03b_20260811_FULL_v1,L1_ELIGIBILITY,v2026-08-11,2026-03-21..2026-08-06,baccarat_bet02_101_all_pairs_incl_sentinel,round_win = game_pnl > 0 (decisive only),COMPATIBILITY_ONLY_NOT_PRODUCTION,7072.0000,6342.0000,-61.5000,35,35,0.00869627,-0.15714286,0.01204559,0.00869627,61.5000,7072.0000,OK,0.0000,-1.8450,3.0000,97.0000,AG03-UNRESOLVED,ALL5_LEVELS_bet23_to_bet27,-1.8450,-1.8450,-1.8450,-1.8450,-1.8450,3.000000,3.000000,3.000000,3.000000,3.000000,97.000000,97.000000,97.000000,97.000000,97.000000,5.0,-9.2250,-8.6879,-52.2750,-52.8121,PENDING_AG03,FALSE,NOT_FOR_ENFORCEMENT,-59.6550,6151.7400,-61.5000,-59.6550,-1.8450,-0.00869627,-0.00843538,-1.8450,-59.6550,-0.00843538,-1.8450,-1.8450,-1.8450,-1.8450,-1.8450,-59.6550,-0.00843538,-9.2250,-8.6879,-52.2750,-52.8121,-0.00739183,-0.00746778,-0.00026089,202.0571,181.2000,-1.7571,-20.5000,-5.5909,2357.3333,11.6667,20.0000,247.5714,104.75,190.0,315.5,380.0,399.5,450.0,172.0,0.0,2.102632,2.368421,1.063459,8,10,3,2,0.01979638,-0.00869627,0.15714286,0E-8,0.000000,0.896776,0.000000,-0.16918844,2026-04-07,2026-07-19,3,11,9,104,0.028846,0.080785,0.098982,0.065988,,,,,,,,GLOBAL_BASELINE_NO_ENTITY_RANKING,,,NOT_APPLICABLE_GLOBAL_BASELINE,HF9g-P5,,,,X 全窗基线 · 不参与实体赏罚,3923007,393,A168_HF9F_20260827_0900,2026-08-27 09:00:00
2026-07-19,147010980,2123,0,120.0000000000,-41.0000000000,-41.0000000000,0.3333333,6,6,0.49547970000000000,0.495479700000,-0.7943841881047936,-0.7943841881047936,-0.7943841881047936,0E-17,ELIGIBLE,R03b_20260811_FULL_v1,L1_ELIGIBILITY,v2026-08-11,2026-03-21..2026-08-06,baccarat_bet02_101_all_pairs_incl_sentinel,round_win = game_pnl > 0 (decisive only),COMPATIBILITY_ONLY_NOT_PRODUCTION,7072.0000,6342.0000,-61.5000,35,35,0.00869627,-0.15714286,0.01204559,0.00869627,61.5000,7072.0000,OK,0.0000,-1.8450,3.0000,97.0000,AG03-UNRESOLVED,ALL5_LEVELS_bet23_to_bet27,-1.8450,-1.8450,-1.8450,-1.8450,-1.8450,3.000000,3.000000,3.000000,3.000000,3.000000,97.000000,97.000000,97.000000,97.000000,97.000000,5.0,-9.2250,-8.6879,-52.2750,-52.8121,PENDING_AG03,FALSE,NOT_FOR_ENFORCEMENT,-59.6550,6151.7400,-61.5000,-59.6550,-1.8450,-0.00869627,-0.00843538,-1.8450,-59.6550,-0.00843538,-1.8450,-1.8450,-1.8450,-1.8450,-1.8450,-59.6550,-0.00843538,-9.2250,-8.6879,-52.2750,-52.8121,-0.00739183,-0.00746778,-0.00026089,202.0571,181.2000,-1.7571,-20.5000,-5.5909,2357.3333,11.6667,20.0000,247.5714,104.75,190.0,315.5,380.0,399.5,450.0,172.0,0.0,2.102632,2.368421,1.063459,8,10,3,2,0.01979638,-0.00869627,0.15714286,0E-8,0.000000,0.896776,0.000000,-0.16918844,2026-04-07,2026-07-19,3,11,9,104,0.028846,0.080785,0.098982,0.065988,,,,,,,,GLOBAL_BASELINE_NO_ENTITY_RANKING,,,NOT_APPLICABLE_GLOBAL_BASELINE,HF9g-P5,,,,X 全窗基线 · 不参与实体赏罚,3923008,393,A168_HF9F_20260827_0900,2026-08-27 09:00:00
2026-07-19,147010980,2152,0,20.0000000000,19.0000000000,19.0000000000,1.0000000,1,1,0.50665070000000000,0.506650700000,0.9867858985152569,0.9867858985152569,0.9867858985152569,0E-17,ELIGIBLE,R03b_20260811_FULL_v1,L1_ELIGIBILITY,v2026-08-11,2026-03-21..2026-08-06,baccarat_bet02_101_all_pairs_incl_sentinel,round_win = game_pnl > 0 (decisive only),COMPATIBILITY_ONLY_NOT_PRODUCTION,7072.0000,6342.0000,-61.5000,35,35,0.00869627,-0.15714286,0.01204559,0.00869627,61.5000,7072.0000,OK,0.0000,-1.8450,3.0000,97.0000,AG03-UNRESOLVED,ALL5_LEVELS_bet23_to_bet27,-1.8450,-1.8450,-1.8450,-1.8450,-1.8450,3.000000,3.000000,3.000000,3.000000,3.000000,97.000000,97.000000,97.000000,97.000000,97.000000,5.0,-9.2250,-8.6879,-52.2750,-52.8121,PENDING_AG03,FALSE,NOT_FOR_ENFORCEMENT,-59.6550,6151.7400,-61.5000,-59.6550,-1.8450,-0.00869627,-0.00843538,-1.8450,-59.6550,-0.00843538,-1.8450,-1.8450,-1.8450,-1.8450,-1.8450,-59.6550,-0.00843538,-9.2250,-8.6879,-52.2750,-52.8121,-0.00739183,-0.00746778,-0.00026089,202.0571,181.2000,-1.7571,-20.5000,-5.5909,2357.3333,11.6667,20.0000,247.5714,104.75,190.0,315.5,380.0,399.5,450.0,172.0,0.0,2.102632,2.368421,1.063459,8,10,3,2,0.01979638,-0.00869627,0.15714286,0E-8,0.000000,0.896776,0.000000,-0.16918844,2026-04-07,2026-07-19,3,11,9,104,0.028846,0.080785,0.098982,0.065988,,,,,,,,GLOBAL_BASELINE_NO_ENTITY_RANKING,,,NOT_APPLICABLE_GLOBAL_BASELINE,HF9g-P5,,,,X 全窗基线 · 不参与实体赏罚,3923009,393,A168_HF9F_20260827_0900,2026-08-27 09:00:00
2026-04-10,148462847,-1,1,2.1082368815,2.1082368815,2.1082368815,1.0000000,1,1,0.50665070000000000,0.506650700000,0.9867858985152569,0.9867858985152569,0.9867858985152569,0E-17,SENTINEL_DEALER,R03b_20260811_FULL_v1,L1_ELIGIBILITY,v2026-08-11,2026-03-21..2026-08-06,baccarat_bet02_101_all_pairs_incl_sentinel,round_win = game_pnl > 0 (decisive only),COMPATIBILITY_ONLY_NOT_PRODUCTION,1463.5380,1301.6255,-62.1403,394,393,0.04245895,,0.04245895,0.04245895,62.1403,1463.5380,OK,0.0000,-2.4856,4.0000,96.0000,AG03-UNRESOLVED,ALL5_LEVELS_bet23_to_bet27,-2.4856,-2.4856,-2.4856,-2.4856,-2.4856,4.000000,4.000000,4.000000,4.000000,4.000000,96.000000,96.000000,96.000000,96.000000,96.000000,5.0,-12.4281,-11.4728,-49.7122,-50.6675,PENDING_AG03,FALSE,NOT_FOR_ENFORCEMENT,-59.6547,1249.5604,-62.1403,-59.6547,-2.4856,-0.04245895,-0.04076059,-2.4856,-59.6547,-0.04076059,-2.4856,-2.4856,-2.4856,-2.4856,-2.4856,-59.6547,-0.04076059,-12.4281,-11.4728,-49.7122,-50.6675,-0.03396716,-0.03461986,-0.00169836,3.7146,3.3120,-0.1581,-20.7134,-1.1298,487.8460,131.0000,,3.7146,2.1082,2.1082,4.2165,6.3247,8.4329,15.8202,2.1082,0.0,4.0,7.503998,1.761929,16,41,7,3,0E-8,-0.04245895,,0E-8,0.000000,0.889369,0.154822,,2026-04-10,2026-04-12,3,55,28,3,1.000000,,,0.000000,,,,,,,,GLOBAL_BASELINE_NO_ENTITY_RANKING,,,NOT_APPLICABLE_GLOBAL_BASELINE,HF9g-P5,,,,X 全窗基线 · 不参与实体赏罚,3923010,393,A168_HF9F_20260827_0900,2026-08-27 09:00:00
2026-04-10,148462847,1017,0,4.2164737630,0E-10,0E-10,0.5000000,2,2,0.49324550000000000,0.493245500000,0.01910635448239258,0.01910635448239258,0.01910635448239258,0E-17,ELIGIBLE,R03b_20260811_FULL_v1,L1_ELIGIBILITY,v2026-08-11,2026-03-21..2026-08-06,baccarat_bet02_101_all_pairs_incl_sentinel,round_win = game_pnl > 0 (decisive only),COMPATIBILITY_ONLY_NOT_PRODUCTION,1463.5380,1301.6255,-62.1403,394,393,0.04245895,,0.04245895,0.04245895,62.1403,1463.5380,OK,0.0000,-2.4856,4.0000,96.0000,AG03-UNRESOLVED,ALL5_LEVELS_bet23_to_bet27,-2.4856,-2.4856,-2.4856,-2.4856,-2.4856,4.000000,4.000000,4.000000,4.000000,4.000000,96.000000,96.000000,96.000000,96.000000,96.000000,5.0,-12.4281,-11.4728,-49.7122,-50.6675,PENDING_AG03,FALSE,NOT_FOR_ENFORCEMENT,-59.6547,1249.5604,-62.1403,-59.6547,-2.4856,-0.04245895,-0.04076059,-2.4856,-59.6547,-0.04076059,-2.4856,-2.4856,-2.4856,-2.4856,-2.4856,-59.6547,-0.04076059,-12.4281,-11.4728,-49.7122,-50.6675,-0.03396716,-0.03461986,-0.00169836,3.7146,3.3120,-0.1581,-20.7134,-1.1298,487.8460,131.0000,,3.7146,2.1082,2.1082,4.2165,6.3247,8.4329,15.8202,2.1082,0.0,4.0,7.503998,1.761929,16,41,7,3,0E-8,-0.04245895,,0E-8,0.000000,0.889369,0.154822,,2026-04-10,2026-04-12,3,55,28,3,1.000000,,,0.000000,,,,,,,,GLOBAL_BASELINE_NO_ENTITY_RANKING,,,NOT_APPLICABLE_GLOBAL_BASELINE,HF9g-P5,,,,X 全窗基线 · 不参与实体赏罚,3923011,393,A168_HF9F_20260827_0900,2026-08-27 09:00:00
2026-04-10,148462847,1205,0,16.8658950520,-4.2164737630,-4.2164737630,0.3333333,4,4,0.49659680000000000,0.496596800000,-0.5655743394288276,-0.5655743394288276,-0.5655743394288276,0E-17,ELIGIBLE,R03b_20260811_FULL_v1,L1_ELIGIBILITY,v2026-08-11,2026-03-21..2026-08-06,baccarat_bet02_101_all_pairs_incl_sentinel,round_win = game_pnl > 0 (decisive only),COMPATIBILITY_ONLY_NOT_PRODUCTION,1463.5380,1301.6255,-62.1403,394,393,0.04245895,,0.04245895,0.04245895,62.1403,1463.5380,OK,0.0000,-2.4856,4.0000,96.0000,AG03-UNRESOLVED,ALL5_LEVELS_bet23_to_bet27,-2.4856,-2.4856,-2.4856,-2.4856,-2.4856,4.000000,4.000000,4.000000,4.000000,4.000000,96.000000,96.000000,96.000000,96.000000,96.000000,5.0,-12.4281,-11.4728,-49.7122,-50.6675,PENDING_AG03,FALSE,NOT_FOR_ENFORCEMENT,-59.6547,1249.5604,-62.1403,-59.6547,-2.4856,-0.04245895,-0.04076059,-2.4856,-59.6547,-0.04076059,-2.4856,-2.4856,-2.4856,-2.4856,-2.4856,-59.6547,-0.04076059,-12.4281,-11.4728,-49.7122,-50.6675,-0.03396716,-0.03461986,-0.00169836,3.7146,3.3120,-0.1581,-20.7134,-1.1298,487.8460,131.0000,,3.7146,2.1082,2.1082,4.2165,6.3247,8.4329,15.8202,2.1082,0.0,4.0,7.503998,1.761929,16,41,7,3,0E-8,-0.04245895,,0E-8,0.000000,0.889369,0.154822,,2026-04-10,2026-04-12,3,55,28,3,1.000000,,,0.000000,,,,,,,,GLOBAL_BASELINE_NO_ENTITY_RANKING,,,NOT_APPLICABLE_GLOBAL_BASELINE,HF9g-P5,,,,X 全窗基线 · 不参与实体赏罚,3923012,393,A168_HF9F_20260827_0900,2026-08-27 09:00:00
2026-04-10,148462847,1325,0,6.3247106445,6.3247106445,6.3247106445,1.0000000,3,3,0.50218230000000000,0.502182300000,1.724507524396475,1.7245075243964754,1.724507524396475,0E-17,ELIGIBLE,R03b_20260811_FULL_v1,L1_ELIGIBILITY,v2026-08-11,2026-03-21..2026-08-06,baccarat_bet02_101_all_pairs_incl_sentinel,round_win = game_pnl > 0 (decisive only),COMPATIBILITY_ONLY_NOT_PRODUCTION,1463.5380,1301.6255,-62.1403,394,393,0.04245895,,0.04245895,0.04245895,62.1403,1463.5380,OK,0.0000,-2.4856,4.0000,96.0000,AG03-UNRESOLVED,ALL5_LEVELS_bet23_to_bet27,-2.4856,-2.4856,-2.4856,-2.4856,-2.4856,4.000000,4.000000,4.000000,4.000000,4.000000,96.000000,96.000000,96.000000,96.000000,96.000000,5.0,-12.4281,-11.4728,-49.7122,-50.6675,PENDING_AG03,FALSE,NOT_FOR_ENFORCEMENT,-59.6547,1249.5604,-62.1403,-59.6547,-2.4856,-0.04245895,-0.04076059,-2.4856,-59.6547,-0.04076059,-2.4856,-2.4856,-2.4856,-2.4856,-2.4856,-59.6547,-0.04076059,-12.4281,-11.4728,-49.7122,-50.6675,-0.03396716,-0.03461986,-0.00169836,3.7146,3.3120,-0.1581,-20.7134,-1.1298,487.8460,131.0000,,3.7146,2.1082,2.1082,4.2165,6.3247,8.4329,15.8202,2.1082,0.0,4.0,7.503998,1.761929,16,41,7,3,0E-8,-0.04245895,,0E-8,0.000000,0.889369,0.154822,,2026-04-10,2026-04-12,3,55,28,3,1.000000,,,0.000000,,,,,,,,GLOBAL_BASELINE_NO_ENTITY_RANKING,,,NOT_APPLICABLE_GLOBAL_BASELINE,HF9g-P5,,,,X 全窗基线 · 不参与实体赏罚,3923013,393,A168_HF9F_20260827_0900,2026-08-27 09:00:00
2026-04-10,148462847,1382,0,4.2164737630,-4.2164737630,-4.2164737630,0E-7,2,2,0.49994810000000000,0.499948100000,-1.4140667746232096,-1.4140667746232096,-1.4140667746232096,0E-17,ELIGIBLE,R03b_20260811_FULL_v1,L1_ELIGIBILITY,v2026-08-11,2026-03-21..2026-08-06,baccarat_bet02_101_all_pairs_incl_sentinel,round_win = game_pnl > 0 (decisive only),COMPATIBILITY_ONLY_NOT_PRODUCTION,1463.5380,1301.6255,-62.1403,394,393,0.04245895,,0.04245895,0.04245895,62.1403,1463.5380,OK,0.0000,-2.4856,4.0000,96.0000,AG03-UNRESOLVED,ALL5_LEVELS_bet23_to_bet27,-2.4856,-2.4856,-2.4856,-2.4856,-2.4856,4.000000,4.000000,4.000000,4.000000,4.000000,96.000000,96.000000,96.000000,96.000000,96.000000,5.0,-12.4281,-11.4728,-49.7122,-50.6675,PENDING_AG03,FALSE,NOT_FOR_ENFORCEMENT,-59.6547,1249.5604,-62.1403,-59.6547,-2.4856,-0.04245895,-0.04076059,-2.4856,-59.6547,-0.04076059,-2.4856,-2.4856,-2.4856,-2.4856,-2.4856,-59.6547,-0.04076059,-12.4281,-11.4728,-49.7122,-50.6675,-0.03396716,-0.03461986,-0.00169836,3.7146,3.3120,-0.1581,-20.7134,-1.1298,487.8460,131.0000,,3.7146,2.1082,2.1082,4.2165,6.3247,8.4329,15.8202,2.1082,0.0,4.0,7.503998,1.761929,16,41,7,3,0E-8,-0.04245895,,0E-8,0.000000,0.889369,0.154822,,2026-04-10,2026-04-12,3,55,28,3,1.000000,,,0.000000,,,,,,,,GLOBAL_BASELINE_NO_ENTITY_RANKING,,,NOT_APPLICABLE_GLOBAL_BASELINE,HF9g-P5,,,,X 全窗基线 · 不参与实体赏罚,3923014,393,A168_HF9F_20260827_0900,2026-08-27 09:00:00
2026-04-10,148462847,1396,0,40.0565007485,-2.4244724138,-2.4244724138,0.5000000,18,18,0.49845863333333333,0.498458633333,0.013078992014117987,0.013078992016946428,0.013078992014117987,3.3333E-13,ELIGIBLE,R03b_20260811_FULL_v1,L1_ELIGIBILITY,v2026-08-11,2026-03-21..2026-08-06,baccarat_bet02_101_all_pairs_incl_sentinel,round_win = game_pnl > 0 (decisive only),COMPATIBILITY_ONLY_NOT_PRODUCTION,1463.5380,1301.6255,-62.1403,394,393,0.04245895,,0.04245895,0.04245895,62.1403,1463.5380,OK,0.0000,-2.4856,4.0000,96.0000,AG03-UNRESOLVED,ALL5_LEVELS_bet23_to_bet27,-2.4856,-2.4856,-2.4856,-2.4856,-2.4856,4.000000,4.000000,4.000000,4.000000,4.000000,96.000000,96.000000,96.000000,96.000000,96.000000,5.0,-12.4281,-11.4728,-49.7122,-50.6675,PENDING_AG03,FALSE,NOT_FOR_ENFORCEMENT,-59.6547,1249.5604,-62.1403,-59.6547,-2.4856,-0.04245895,-0.04076059,-2.4856,-59.6547,-0.04076059,-2.4856,-2.4856,-2.4856,-2.4856,-2.4856,-59.6547,-0.04076059,-12.4281,-11.4728,-49.7122,-50.6675,-0.03396716,-0.03461986,-0.00169836,3.7146,3.3120,-0.1581,-20.7134,-1.1298,487.8460,131.0000,,3.7146,2.1082,2.1082,4.2165,6.3247,8.4329,15.8202,2.1082,0.0,4.0,7.503998,1.761929,16,41,7,3,0E-8,-0.04245895,,0E-8,0.000000,0.889369,0.154822,,2026-04-10,2026-04-12,3,55,28,3,1.000000,,,0.000000,,,,,,,,GLOBAL_BASELINE_NO_ENTITY_RANKING,,,NOT_APPLICABLE_GLOBAL_BASELINE,HF9g-P5,,,,X 全窗基线 · 不参与实体赏罚,3923015,393,A168_HF9F_20260827_0900,2026-08-27 09:00:00
2026-04-10,148462847,1401,0,2.1082368815,-2.1082368815,-2.1082368815,0E-7,1,1,0.49324550000000000,0.493245500000,-0.9865810262130424,-0.9865810262130424,-0.9865810262130424,0E-17,ELIGIBLE,R03b_20260811_FULL_v1,L1_ELIGIBILITY,v2026-08-11,2026-03-21..2026-08-06,baccarat_bet02_101_all_pairs_incl_sentinel,round_win = game_pnl > 0 (decisive only),COMPATIBILITY_ONLY_NOT_PRODUCTION,1463.5380,1301.6255,-62.1403,394,393,0.04245895,,0.04245895,0.04245895,62.1403,1463.5380,OK,0.0000,-2.4856,4.0000,96.0000,AG03-UNRESOLVED,ALL5_LEVELS_bet23_to_bet27,-2.4856,-2.4856,-2.4856,-2.4856,-2.4856,4.000000,4.000000,4.000000,4.000000,4.000000,96.000000,96.000000,96.000000,96.000000,96.000000,5.0,-12.4281,-11.4728,-49.7122,-50.6675,PENDING_AG03,FALSE,NOT_FOR_ENFORCEMENT,-59.6547,1249.5604,-62.1403,-59.6547,-2.4856,-0.04245895,-0.04076059,-2.4856,-59.6547,-0.04076059,-2.4856,-2.4856,-2.4856,-2.4856,-2.4856,-59.6547,-0.04076059,-12.4281,-11.4728,-49.7122,-50.6675,-0.03396716,-0.03461986,-0.00169836,3.7146,3.3120,-0.1581,-20.7134,-1.1298,487.8460,131.0000,,3.7146,2.1082,2.1082,4.2165,6.3247,8.4329,15.8202,2.1082,0.0,4.0,7.503998,1.761929,16,41,7,3,0E-8,-0.04245895,,0E-8,0.000000,0.889369,0.154822,,2026-04-10,2026-04-12,3,55,28,3,1.000000,,,0.000000,,,,,,,,GLOBAL_BASELINE_NO_ENTITY_RANKING,,,NOT_APPLICABLE_GLOBAL_BASELINE,HF9g-P5,,,,X 全窗基线 · 不参与实体赏罚,3923016,393,A168_HF9F_20260827_0900,2026-08-27 09:00:00
2026-04-10,148462847,1645,0,8.8545949023,-4.6381211393,-4.6381211393,0.3333333,3,3,0.49771390000000000,0.497713900000,-0.5694369385616226,-0.5694369385616226,-0.5694369385616226,0E-17,ELIGIBLE,R03b_20260811_FULL_v1,L1_ELIGIBILITY,v2026-08-11,2026-03-21..2026-08-06,baccarat_bet02_101_all_pairs_incl_sentinel,round_win = game_pnl > 0 (decisive only),COMPATIBILITY_ONLY_NOT_PRODUCTION,1463.5380,1301.6255,-62.1403,394,393,0.04245895,,0.04245895,0.04245895,62.1403,1463.5380,OK,0.0000,-2.4856,4.0000,96.0000,AG03-UNRESOLVED,ALL5_LEVELS_bet23_to_bet27,-2.4856,-2.4856,-2.4856,-2.4856,-2.4856,4.000000,4.000000,4.000000,4.000000,4.000000,96.000000,96.000000,96.000000,96.000000,96.000000,5.0,-12.4281,-11.4728,-49.7122,-50.6675,PENDING_AG03,FALSE,NOT_FOR_ENFORCEMENT,-59.6547,1249.5604,-62.1403,-59.6547,-2.4856,-0.04245895,-0.04076059,-2.4856,-59.6547,-0.04076059,-2.4856,-2.4856,-2.4856,-2.4856,-2.4856,-59.6547,-0.04076059,-12.4281,-11.4728,-49.7122,-50.6675,-0.03396716,-0.03461986,-0.00169836,3.7146,3.3120,-0.1581,-20.7134,-1.1298,487.8460,131.0000,,3.7146,2.1082,2.1082,4.2165,6.3247,8.4329,15.8202,2.1082,0.0,4.0,7.503998,1.761929,16,41,7,3,0E-8,-0.04245895,,0E-8,0.000000,0.889369,0.154822,,2026-04-10,2026-04-12,3,55,28,3,1.000000,,,0.000000,,,,,,,,GLOBAL_BASELINE_NO_ENTITY_RANKING,,,NOT_APPLICABLE_GLOBAL_BASELINE,HF9g-P5,,,,X 全窗基线 · 不参与实体赏罚,3923017,393,A168_HF9F_20260827_0900,2026-08-27 09:00:00
2026-04-10,148462847,1994,0,18.9741319335,1.8974131933,1.8974131933,0.4285714,7,7,0.49899058571428571,0.498990585714,-0.3726239140161595,-0.3726239140146481,-0.3726239140161595,2.8571E-13,ELIGIBLE,R03b_20260811_FULL_v1,L1_ELIGIBILITY,v2026-08-11,2026-03-21..2026-08-06,baccarat_bet02_101_all_pairs_incl_sentinel,round_win = game_pnl > 0 (decisive only),COMPATIBILITY_ONLY_NOT_PRODUCTION,1463.5380,1301.6255,-62.1403,394,393,0.04245895,,0.04245895,0.04245895,62.1403,1463.5380,OK,0.0000,-2.4856,4.0000,96.0000,AG03-UNRESOLVED,ALL5_LEVELS_bet23_to_bet27,-2.4856,-2.4856,-2.4856,-2.4856,-2.4856,4.000000,4.000000,4.000000,4.000000,4.000000,96.000000,96.000000,96.000000,96.000000,96.000000,5.0,-12.4281,-11.4728,-49.7122,-50.6675,PENDING_AG03,FALSE,NOT_FOR_ENFORCEMENT,-59.6547,1249.5604,-62.1403,-59.6547,-2.4856,-0.04245895,-0.04076059,-2.4856,-59.6547,-0.04076059,-2.4856,-2.4856,-2.4856,-2.4856,-2.4856,-59.6547,-0.04076059,-12.4281,-11.4728,-49.7122,-50.6675,-0.03396716,-0.03461986,-0.00169836,3.7146,3.3120,-0.1581,-20.7134,-1.1298,487.8460,131.0000,,3.7146,2.1082,2.1082,4.2165,6.3247,8.4329,15.8202,2.1082,0.0,4.0,7.503998,1.761929,16,41,7,3,0E-8,-0.04245895,,0E-8,0.000000,0.889369,0.154822,,2026-04-10,2026-04-12,3,55,28,3,1.000000,,,0.000000,,,,,,,,GLOBAL_BASELINE_NO_ENTITY_RANKING,,,NOT_APPLICABLE_GLOBAL_BASELINE,HF9g-P5,,,,X 全窗基线 · 不参与实体赏罚,3923018,393,A168_HF9F_20260827_0900,2026-08-27 09:00:00
2026-04-10,148462847,2088,0,6.3247106445,-2.1082368815,-2.1082368815,0.3333333,3,3,0.49324550000000000,0.493245500000,-0.5540025479526107,-0.5540025479526106,-0.5540025479526107,0E-17,ELIGIBLE,R03b_20260811_FULL_v1,L1_ELIGIBILITY,v2026-08-11,2026-03-21..2026-08-06,baccarat_bet02_101_all_pairs_incl_sentinel,round_win = game_pnl > 0 (decisive only),COMPATIBILITY_ONLY_NOT_PRODUCTION,1463.5380,1301.6255,-62.1403,394,393,0.04245895,,0.04245895,0.04245895,62.1403,1463.5380,OK,0.0000,-2.4856,4.0000,96.0000,AG03-UNRESOLVED,ALL5_LEVELS_bet23_to_bet27,-2.4856,-2.4856,-2.4856,-2.4856,-2.4856,4.000000,4.000000,4.000000,4.000000,4.000000,96.000000,96.000000,96.000000,96.000000,96.000000,5.0,-12.4281,-11.4728,-49.7122,-50.6675,PENDING_AG03,FALSE,NOT_FOR_ENFORCEMENT,-59.6547,1249.5604,-62.1403,-59.6547,-2.4856,-0.04245895,-0.04076059,-2.4856,-59.6547,-0.04076059,-2.4856,-2.4856,-2.4856,-2.4856,-2.4856,-59.6547,-0.04076059,-12.4281,-11.4728,-49.7122,-50.6675,-0.03396716,-0.03461986,-0.00169836,3.7146,3.3120,-0.1581,-20.7134,-1.1298,487.8460,131.0000,,3.7146,2.1082,2.1082,4.2165,6.3247,8.4329,15.8202,2.1082,0.0,4.0,7.503998,1.761929,16,41,7,3,0E-8,-0.04245895,,0E-8,0.000000,0.889369,0.154822,,2026-04-10,2026-04-12,3,55,28,3,1.000000,,,0.000000,,,,,,,,GLOBAL_BASELINE_NO_ENTITY_RANKING,,,NOT_APPLICABLE_GLOBAL_BASELINE,HF9g-P5,,,,X 全窗基线 · 不参与实体赏罚,3923019,393,A168_HF9F_20260827_0900,2026-08-27 09:00:00
2026-04-10,148462847,2093,0,54.8141589190,20.1336622181,20.1336622181,0.6111111,18,18,0.49845863333333333,0.498458633333,0.9558925135006746,0.9558925135035051,0.9558925135006746,3.3333E-13,ELIGIBLE,R03b_20260811_FULL_v1,L1_ELIGIBILITY,v2026-08-11,2026-03-21..2026-08-06,baccarat_bet02_101_all_pairs_incl_sentinel,round_win = game_pnl > 0 (decisive only),COMPATIBILITY_ONLY_NOT_PRODUCTION,1463.5380,1301.6255,-62.1403,394,393,0.04245895,,0.04245895,0.04245895,62.1403,1463.5380,OK,0.0000,-2.4856,4.0000,96.0000,AG03-UNRESOLVED,ALL5_LEVELS_bet23_to_bet27,-2.4856,-2.4856,-2.4856,-2.4856,-2.4856,4.000000,4.000000,4.000000,4.000000,4.000000,96.000000,96.000000,96.000000,96.000000,96.000000,5.0,-12.4281,-11.4728,-49.7122,-50.6675,PENDING_AG03,FALSE,NOT_FOR_ENFORCEMENT,-59.6547,1249.5604,-62.1403,-59.6547,-2.4856,-0.04245895,-0.04076059,-2.4856,-59.6547,-0.04076059,-2.4856,-2.4856,-2.4856,-2.4856,-2.4856,-59.6547,-0.04076059,-12.4281,-11.4728,-49.7122,-50.6675,-0.03396716,-0.03461986,-0.00169836,3.7146,3.3120,-0.1581,-20.7134,-1.1298,487.8460,131.0000,,3.7146,2.1082,2.1082,4.2165,6.3247,8.4329,15.8202,2.1082,0.0,4.0,7.503998,1.761929,16,41,7,3,0E-8,-0.04245895,,0E-8,0.000000,0.889369,0.154822,,2026-04-10,2026-04-12,3,55,28,3,1.000000,,,0.000000,,,,,,,,GLOBAL_BASELINE_NO_ENTITY_RANKING,,,NOT_APPLICABLE_GLOBAL_BASELINE,HF9g-P5,,,,X 全窗基线 · 不参与实体赏罚,3923020,393,A168_HF9F_20260827_0900,2026-08-27 09:00:00
2026-04-10,148462847,2101,0,21.0823688150,-16.8658950520,-16.8658950520,0E-7,6,6,0.50218230000000000,0.502182300000,-2.2458489113075,-2.2458489113075,-2.2458489113075,0E-17,ELIGIBLE,R03b_20260811_FULL_v1,L1_ELIGIBILITY,v2026-08-11,2026-03-21..2026-08-06,baccarat_bet02_101_all_pairs_incl_sentinel,round_win = game_pnl > 0 (decisive only),COMPATIBILITY_ONLY_NOT_PRODUCTION,1463.5380,1301.6255,-62.1403,394,393,0.04245895,,0.04245895,0.04245895,62.1403,1463.5380,OK,0.0000,-2.4856,4.0000,96.0000,AG03-UNRESOLVED,ALL5_LEVELS_bet23_to_bet27,-2.4856,-2.4856,-2.4856,-2.4856,-2.4856,4.000000,4.000000,4.000000,4.000000,4.000000,96.000000,96.000000,96.000000,96.000000,96.000000,5.0,-12.4281,-11.4728,-49.7122,-50.6675,PENDING_AG03,FALSE,NOT_FOR_ENFORCEMENT,-59.6547,1249.5604,-62.1403,-59.6547,-2.4856,-0.04245895,-0.04076059,-2.4856,-59.6547,-0.04076059,-2.4856,-2.4856,-2.4856,-2.4856,-2.4856,-59.6547,-0.04076059,-12.4281,-11.4728,-49.7122,-50.6675,-0.03396716,-0.03461986,-0.00169836,3.7146,3.3120,-0.1581,-20.7134,-1.1298,487.8460,131.0000,,3.7146,2.1082,2.1082,4.2165,6.3247,8.4329,15.8202,2.1082,0.0,4.0,7.503998,1.761929,16,41,7,3,0E-8,-0.04245895,,0E-8,0.000000,0.889369,0.154822,,2026-04-10,2026-04-12,3,55,28,3,1.000000,,,0.000000,,,,,,,,GLOBAL_BASELINE_NO_ENTITY_RANKING,,,NOT_APPLICABLE_GLOBAL_BASELINE,HF9g-P5,,,,X 全窗基线 · 不参与实体赏罚,3923021,393,A168_HF9F_20260827_0900,2026-08-27 09:00:00
2026-04-10,148462847,2169,0,44.2729745115,12.4385976008,12.4385976008,0.6666667,20,20,0.50128862000000000,0.501288620000,1.4032839195187439,1.4032839195187443,1.4032839195187439,0E-17,ELIGIBLE,R03b_20260811_FULL_v1,L1_ELIGIBILITY,v2026-08-11,2026-03-21..2026-08-06,baccarat_bet02_101_all_pairs_incl_sentinel,round_win = game_pnl > 0 (decisive only),COMPATIBILITY_ONLY_NOT_PRODUCTION,1463.5380,1301.6255,-62.1403,394,393,0.04245895,,0.04245895,0.04245895,62.1403,1463.5380,OK,0.0000,-2.4856,4.0000,96.0000,AG03-UNRESOLVED,ALL5_LEVELS_bet23_to_bet27,-2.4856,-2.4856,-2.4856,-2.4856,-2.4856,4.000000,4.000000,4.000000,4.000000,4.000000,96.000000,96.000000,96.000000,96.000000,96.000000,5.0,-12.4281,-11.4728,-49.7122,-50.6675,PENDING_AG03,FALSE,NOT_FOR_ENFORCEMENT,-59.6547,1249.5604,-62.1403,-59.6547,-2.4856,-0.04245895,-0.04076059,-2.4856,-59.6547,-0.04076059,-2.4856,-2.4856,-2.4856,-2.4856,-2.4856,-59.6547,-0.04076059,-12.4281,-11.4728,-49.7122,-50.6675,-0.03396716,-0.03461986,-0.00169836,3.7146,3.3120,-0.1581,-20.7134,-1.1298,487.8460,131.0000,,3.7146,2.1082,2.1082,4.2165,6.3247,8.4329,15.8202,2.1082,0.0,4.0,7.503998,1.761929,16,41,7,3,0E-8,-0.04245895,,0E-8,0.000000,0.889369,0.154822,,2026-04-10,2026-04-12,3,55,28,3,1.000000,,,0.000000,,,,,,,,GLOBAL_BASELINE_NO_ENTITY_RANKING,,,NOT_APPLICABLE_GLOBAL_BASELINE,HF9g-P5,,,,X 全窗基线 · 不参与实体赏罚,3923022,393,A168_HF9F_20260827_0900,2026-08-27 09:00:00
2026-04-10,148462847,2177,0,59.0306326820,25.0880188898,25.0880188898,0.7500000,24,24,0.49827245000000000,0.498272450000,2.2515330935593463,2.2515330935593463,2.2515330935593463,0E-17,ELIGIBLE,R03b_20260811_FULL_v1,L1_ELIGIBILITY,v2026-08-11,2026-03-21..2026-08-06,baccarat_bet02_101_all_pairs_incl_sentinel,round_win = game_pnl > 0 (decisive only),COMPATIBILITY_ONLY_NOT_PRODUCTION,1463.5380,1301.6255,-62.1403,394,393,0.04245895,,0.04245895,0.04245895,62.1403,1463.5380,OK,0.0000,-2.4856,4.0000,96.0000,AG03-UNRESOLVED,ALL5_LEVELS_bet23_to_bet27,-2.4856,-2.4856,-2.4856,-2.4856,-2.4856,4.000000,4.000000,4.000000,4.000000,4.000000,96.000000,96.000000,96.000000,96.000000,96.000000,5.0,-12.4281,-11.4728,-49.7122,-50.6675,PENDING_AG03,FALSE,NOT_FOR_ENFORCEMENT,-59.6547,1249.5604,-62.1403,-59.6547,-2.4856,-0.04245895,-0.04076059,-2.4856,-59.6547,-0.04076059,-2.4856,-2.4856,-2.4856,-2.4856,-2.4856,-59.6547,-0.04076059,-12.4281,-11.4728,-49.7122,-50.6675,-0.03396716,-0.03461986,-0.00169836,3.7146,3.3120,-0.1581,-20.7134,-1.1298,487.8460,131.0000,,3.7146,2.1082,2.1082,4.2165,6.3247,8.4329,15.8202,2.1082,0.0,4.0,7.503998,1.761929,16,41,7,3,0E-8,-0.04245895,,0E-8,0.000000,0.889369,0.154822,,2026-04-10,2026-04-12,3,55,28,3,1.000000,,,0.000000,,,,,,,,GLOBAL_BASELINE_NO_ENTITY_RANKING,,,NOT_APPLICABLE_GLOBAL_BASELINE,HF9g-P5,,,,X 全窗基线 · 不参与实体赏罚,3923023,393,A168_HF9F_20260827_0900,2026-08-27 09:00:00
2026-04-10,148462847,2222,0,16.8658950520,4.2164737630,4.2164737630,0.6000000,5,5,0.49592654000000000,0.495926540000,0.46544610904919037,0.46544610904919037,0.46544610904919037,0E-17,ELIGIBLE,R03b_20260811_FULL_v1,L1_ELIGIBILITY,v2026-08-11,2026-03-21..2026-08-06,baccarat_bet02_101_all_pairs_incl_sentinel,round_win = game_pnl > 0 (decisive only),COMPATIBILITY_ONLY_NOT_PRODUCTION,1463.5380,1301.6255,-62.1403,394,393,0.04245895,,0.04245895,0.04245895,62.1403,1463.5380,OK,0.0000,-2.4856,4.0000,96.0000,AG03-UNRESOLVED,ALL5_LEVELS_bet23_to_bet27,-2.4856,-2.4856,-2.4856,-2.4856,-2.4856,4.000000,4.000000,4.000000,4.000000,4.000000,96.000000,96.000000,96.000000,96.000000,96.000000,5.0,-12.4281,-11.4728,-49.7122,-50.6675,PENDING_AG03,FALSE,NOT_FOR_ENFORCEMENT,-59.6547,1249.5604,-62.1403,-59.6547,-2.4856,-0.04245895,-0.04076059,-2.4856,-59.6547,-0.04076059,-2.4856,-2.4856,-2.4856,-2.4856,-2.4856,-59.6547,-0.04076059,-12.4281,-11.4728,-49.7122,-50.6675,-0.03396716,-0.03461986,-0.00169836,3.7146,3.3120,-0.1581,-20.7134,-1.1298,487.8460,131.0000,,3.7146,2.1082,2.1082,4.2165,6.3247,8.4329,15.8202,2.1082,0.0,4.0,7.503998,1.761929,16,41,7,3,0E-8,-0.04245895,,0E-8,0.000000,0.889369,0.154822,,2026-04-10,2026-04-12,3,55,28,3,1.000000,,,0.000000,,,,,,,,GLOBAL_BASELINE_NO_ENTITY_RANKING,,,NOT_APPLICABLE_GLOBAL_BASELINE,HF9g-P5,,,,X 全窗基线 · 不参与实体赏罚,3923024,393,A168_HF9F_20260827_0900,2026-08-27 09:00:00
2026-04-10,148462847,2232,0,14.7576581705,14.5468344823,14.5468344823,1.0000000,4,4,0.49659680000000000,0.496596800000,2.0136594440222715,2.0136594440222715,2.0136594440222715,0E-17,ELIGIBLE,R03b_20260811_FULL_v1,L1_ELIGIBILITY,v2026-08-11,2026-03-21..2026-08-06,baccarat_bet02_101_all_pairs_incl_sentinel,round_win = game_pnl > 0 (decisive only),COMPATIBILITY_ONLY_NOT_PRODUCTION,1463.5380,1301.6255,-62.1403,394,393,0.04245895,,0.04245895,0.04245895,62.1403,1463.5380,OK,0.0000,-2.4856,4.0000,96.0000,AG03-UNRESOLVED,ALL5_LEVELS_bet23_to_bet27,-2.4856,-2.4856,-2.4856,-2.4856,-2.4856,4.000000,4.000000,4.000000,4.000000,4.000000,96.000000,96.000000,96.000000,96.000000,96.000000,5.0,-12.4281,-11.4728,-49.7122,-50.6675,PENDING_AG03,FALSE,NOT_FOR_ENFORCEMENT,-59.6547,1249.5604,-62.1403,-59.6547,-2.4856,-0.04245895,-0.04076059,-2.4856,-59.6547,-0.04076059,-2.4856,-2.4856,-2.4856,-2.4856,-2.4856,-59.6547,-0.04076059,-12.4281,-11.4728,-49.7122,-50.6675,-0.03396716,-0.03461986,-0.00169836,3.7146,3.3120,-0.1581,-20.7134,-1.1298,487.8460,131.0000,,3.7146,2.1082,2.1082,4.2165,6.3247,8.4329,15.8202,2.1082,0.0,4.0,7.503998,1.761929,16,41,7,3,0E-8,-0.04245895,,0E-8,0.000000,0.889369,0.154822,,2026-04-10,2026-04-12,3,55,28,3,1.000000,,,0.000000,,,,,,,,GLOBAL_BASELINE_NO_ENTITY_RANKING,,,NOT_APPLICABLE_GLOBAL_BASELINE,HF9g-P5,,,,X 全窗基线 · 不参与实体赏罚,3923025,393,A168_HF9F_20260827_0900,2026-08-27 09:00:00
2026-04-10,148462847,2239,0,40.0565007485,18.7633082453,18.7633082453,0.5714286,7,7,0.49516052857142857,0.495160528571,0.40359145382014583,0.40359145382241707,0.40359145382014583,4.2857E-13,ELIGIBLE,R03b_20260811_FULL_v1,L1_ELIGIBILITY,v2026-08-11,2026-03-21..2026-08-06,baccarat_bet02_101_all_pairs_incl_sentinel,round_win = game_pnl > 0 (decisive only),COMPATIBILITY_ONLY_NOT_PRODUCTION,1463.5380,1301.6255,-62.1403,394,393,0.04245895,,0.04245895,0.04245895,62.1403,1463.5380,OK,0.0000,-2.4856,4.0000,96.0000,AG03-UNRESOLVED,ALL5_LEVELS_bet23_to_bet27,-2.4856,-2.4856,-2.4856,-2.4856,-2.4856,4.000000,4.000000,4.000000,4.000000,4.000000,96.000000,96.000000,96.000000,96.000000,96.000000,5.0,-12.4281,-11.4728,-49.7122,-50.6675,PENDING_AG03,FALSE,NOT_FOR_ENFORCEMENT,-59.6547,1249.5604,-62.1403,-59.6547,-2.4856,-0.04245895,-0.04076059,-2.4856,-59.6547,-0.04076059,-2.4856,-2.4856,-2.4856,-2.4856,-2.4856,-59.6547,-0.04076059,-12.4281,-11.4728,-49.7122,-50.6675,-0.03396716,-0.03461986,-0.00169836,3.7146,3.3120,-0.1581,-20.7134,-1.1298,487.8460,131.0000,,3.7146,2.1082,2.1082,4.2165,6.3247,8.4329,15.8202,2.1082,0.0,4.0,7.503998,1.761929,16,41,7,3,0E-8,-0.04245895,,0E-8,0.000000,0.889369,0.154822,,2026-04-10,2026-04-12,3,55,28,3,1.000000,,,0.000000,,,,,,,,GLOBAL_BASELINE_NO_ENTITY_RANKING,,,NOT_APPLICABLE_GLOBAL_BASELINE,HF9g-P5,,,,X 全窗基线 · 不参与实体赏罚,3923026,393,A168_HF9F_20260827_0900,2026-08-27 09:00:00
2026-04-10,148462847,2242,0,18.9741319335,10.1195370311,10.1195370311,0.8000000,5,5,0.50128862000000000,0.501288620000,1.335882339249048,1.335882339249048,1.335882339249048,0E-17,ELIGIBLE,R03b_20260811_FULL_v1,L1_ELIGIBILITY,v2026-08-11,2026-03-21..2026-08-06,baccarat_bet02_101_all_pairs_incl_sentinel,round_win = game_pnl > 0 (decisive only),COMPATIBILITY_ONLY_NOT_PRODUCTION,1463.5380,1301.6255,-62.1403,394,393,0.04245895,,0.04245895,0.04245895,62.1403,1463.5380,OK,0.0000,-2.4856,4.0000,96.0000,AG03-UNRESOLVED,ALL5_LEVELS_bet23_to_bet27,-2.4856,-2.4856,-2.4856,-2.4856,-2.4856,4.000000,4.000000,4.000000,4.000000,4.000000,96.000000,96.000000,96.000000,96.000000,96.000000,5.0,-12.4281,-11.4728,-49.7122,-50.6675,PENDING_AG03,FALSE,NOT_FOR_ENFORCEMENT,-59.6547,1249.5604,-62.1403,-59.6547,-2.4856,-0.04245895,-0.04076059,-2.4856,-59.6547,-0.04076059,-2.4856,-2.4856,-2.4856,-2.4856,-2.4856,-59.6547,-0.04076059,-12.4281,-11.4728,-49.7122,-50.6675,-0.03396716,-0.03461986,-0.00169836,3.7146,3.3120,-0.1581,-20.7134,-1.1298,487.8460,131.0000,,3.7146,2.1082,2.1082,4.2165,6.3247,8.4329,15.8202,2.1082,0.0,4.0,7.503998,1.761929,16,41,7,3,0E-8,-0.04245895,,0E-8,0.000000,0.889369,0.154822,,2026-04-10,2026-04-12,3,55,28,3,1.000000,,,0.000000,,,,,,,,GLOBAL_BASELINE_NO_ENTITY_RANKING,,,NOT_APPLICABLE_GLOBAL_BASELINE,HF9g-P5,,,,X 全窗基线 · 不参与实体赏罚,3923027,393,A168_HF9F_20260827_0900,2026-08-27 09:00:00
2026-04-10,148462847,2251,0,63.2471064450,11.8061265362,11.8061265362,0.5714286,24,24,0.50106520000000000,0.501065200000,0.6448924149048023,0.6448924149048023,0.6448924149048023,0E-17,ELIGIBLE,R03b_20260811_FULL_v1,L1_ELIGIBILITY,v2026-08-11,2026-03-21..2026-08-06,baccarat_bet02_101_all_pairs_incl_sentinel,round_win = game_pnl > 0 (decisive only),COMPATIBILITY_ONLY_NOT_PRODUCTION,1463.5380,1301.6255,-62.1403,394,393,0.04245895,,0.04245895,0.04245895,62.1403,1463.5380,OK,0.0000,-2.4856,4.0000,96.0000,AG03-UNRESOLVED,ALL5_LEVELS_bet23_to_bet27,-2.4856,-2.4856,-2.4856,-2.4856,-2.4856,4.000000,4.000000,4.000000,4.000000,4.000000,96.000000,96.000000,96.000000,96.000000,96.000000,5.0,-12.4281,-11.4728,-49.7122,-50.6675,PENDING_AG03,FALSE,NOT_FOR_ENFORCEMENT,-59.6547,1249.5604,-62.1403,-59.6547,-2.4856,-0.04245895,-0.04076059,-2.4856,-59.6547,-0.04076059,-2.4856,-2.4856,-2.4856,-2.4856,-2.4856,-59.6547,-0.04076059,-12.4281,-11.4728,-49.7122,-50.6675,-0.03396716,-0.03461986,-0.00169836,3.7146,3.3120,-0.1581,-20.7134,-1.1298,487.8460,131.0000,,3.7146,2.1082,2.1082,4.2165,6.3247,8.4329,15.8202,2.1082,0.0,4.0,7.503998,1.761929,16,41,7,3,0E-8,-0.04245895,,0E-8,0.000000,0.889369,0.154822,,2026-04-10,2026-04-12,3,55,28,3,1.000000,,,0.000000,,,,,,,,GLOBAL_BASELINE_NO_ENTITY_RANKING,,,NOT_APPLICABLE_GLOBAL_BASELINE,HF9g-P5,,,,X 全窗基线 · 不参与实体赏罚,3923028,393,A168_HF9F_20260827_0900,2026-08-27 09:00:00
2026-04-10,148462847,2252,0,59.0306326820,3.2677671661,3.2677671661,0.6250000,18,18,0.50069283333333333,0.500692833333,0.994458288049604,0.9944582880522697,0.994458288049604,3.3333E-13,ELIGIBLE,R03b_20260811_FULL_v1,L1_ELIGIBILITY,v2026-08-11,2026-03-21..2026-08-06,baccarat_bet02_101_all_pairs_incl_sentinel,round_win = game_pnl > 0 (decisive only),COMPATIBILITY_ONLY_NOT_PRODUCTION,1463.5380,1301.6255,-62.1403,394,393,0.04245895,,0.04245895,0.04245895,62.1403,1463.5380,OK,0.0000,-2.4856,4.0000,96.0000,AG03-UNRESOLVED,ALL5_LEVELS_bet23_to_bet27,-2.4856,-2.4856,-2.4856,-2.4856,-2.4856,4.000000,4.000000,4.000000,4.000000,4.000000,96.000000,96.000000,96.000000,96.000000,96.000000,5.0,-12.4281,-11.4728,-49.7122,-50.6675,PENDING_AG03,FALSE,NOT_FOR_ENFORCEMENT,-59.6547,1249.5604,-62.1403,-59.6547,-2.4856,-0.04245895,-0.04076059,-2.4856,-59.6547,-0.04076059,-2.4856,-2.4856,-2.4856,-2.4856,-2.4856,-59.6547,-0.04076059,-12.4281,-11.4728,-49.7122,-50.6675,-0.03396716,-0.03461986,-0.00169836,3.7146,3.3120,-0.1581,-20.7134,-1.1298,487.8460,131.0000,,3.7146,2.1082,2.1082,4.2165,6.3247,8.4329,15.8202,2.1082,0.0,4.0,7.503998,1.761929,16,41,7,3,0E-8,-0.04245895,,0E-8,0.000000,0.889369,0.154822,,2026-04-10,2026-04-12,3,55,28,3,1.000000,,,0.000000,,,,,,,,GLOBAL_BASELINE_NO_ENTITY_RANKING,,,NOT_APPLICABLE_GLOBAL_BASELINE,HF9g-P5,,,,X 全窗基线 · 不参与实体赏罚,3923029,393,A168_HF9F_20260827_0900,2026-08-27 09:00:00
2026-04-10,148462847,2258,0,12.6494212890,-12.6494212890,-12.6494212890,0E-7,2,2,0.49994810000000000,0.499948100000,-1.4140667746232096,-1.4140667746232096,-1.4140667746232096,0E-17,ELIGIBLE,R03b_20260811_FULL_v1,L1_ELIGIBILITY,v2026-08-11,2026-03-21..2026-08-06,baccarat_bet02_101_all_pairs_incl_sentinel,round_win = game_pnl > 0 (decisive only),COMPATIBILITY_ONLY_NOT_PRODUCTION,1463.5380,1301.6255,-62.1403,394,393,0.04245895,,0.04245895,0.04245895,62.1403,1463.5380,OK,0.0000,-2.4856,4.0000,96.0000,AG03-UNRESOLVED,ALL5_LEVELS_bet23_to_bet27,-2.4856,-2.4856,-2.4856,-2.4856,-2.4856,4.000000,4.000000,4.000000,4.000000,4.000000,96.000000,96.000000,96.000000,96.000000,96.000000,5.0,-12.4281,-11.4728,-49.7122,-50.6675,PENDING_AG03,FALSE,NOT_FOR_ENFORCEMENT,-59.6547,1249.5604,-62.1403,-59.6547,-2.4856,-0.04245895,-0.04076059,-2.4856,-59.6547,-0.04076059,-2.4856,-2.4856,-2.4856,-2.4856,-2.4856,-59.6547,-0.04076059,-12.4281,-11.4728,-49.7122,-50.6675,-0.03396716,-0.03461986,-0.00169836,3.7146,3.3120,-0.1581,-20.7134,-1.1298,487.8460,131.0000,,3.7146,2.1082,2.1082,4.2165,6.3247,8.4329,15.8202,2.1082,0.0,4.0,7.503998,1.761929,16,41,7,3,0E-8,-0.04245895,,0E-8,0.000000,0.889369,0.154822,,2026-04-10,2026-04-12,3,55,28,3,1.000000,,,0.000000,,,,,,,,GLOBAL_BASELINE_NO_ENTITY_RANKING,,,NOT_APPLICABLE_GLOBAL_BASELINE,HF9g-P5,,,,X 全窗基线 · 不参与实体赏罚,3923030,393,A168_HF9F_20260827_0900,2026-08-27 09:00:00
2026-04-10,148462847,595,0,31.2019058462,-22.9797820084,-22.9797820084,0.1666667,6,6,0.50218230000000000,0.502182300000,-1.6436998608832374,-1.6436998608832374,-1.6436998608832374,0E-17,ELIGIBLE,R03b_20260811_FULL_v1,L1_ELIGIBILITY,v2026-08-11,2026-03-21..2026-08-06,baccarat_bet02_101_all_pairs_incl_sentinel,round_win = game_pnl > 0 (decisive only),COMPATIBILITY_ONLY_NOT_PRODUCTION,1463.5380,1301.6255,-62.1403,394,393,0.04245895,,0.04245895,0.04245895,62.1403,1463.5380,OK,0.0000,-2.4856,4.0000,96.0000,AG03-UNRESOLVED,ALL5_LEVELS_bet23_to_bet27,-2.4856,-2.4856,-2.4856,-2.4856,-2.4856,4.000000,4.000000,4.000000,4.000000,4.000000,96.000000,96.000000,96.000000,96.000000,96.000000,5.0,-12.4281,-11.4728,-49.7122,-50.6675,PENDING_AG03,FALSE,NOT_FOR_ENFORCEMENT,-59.6547,1249.5604,-62.1403,-59.6547,-2.4856,-0.04245895,-0.04076059,-2.4856,-59.6547,-0.04076059,-2.4856,-2.4856,-2.4856,-2.4856,-2.4856,-59.6547,-0.04076059,-12.4281,-11.4728,-49.7122,-50.6675,-0.03396716,-0.03461986,-0.00169836,3.7146,3.3120,-0.1581,-20.7134,-1.1298,487.8460,131.0000,,3.7146,2.1082,2.1082,4.2165,6.3247,8.4329,15.8202,2.1082,0.0,4.0,7.503998,1.761929,16,41,7,3,0E-8,-0.04245895,,0E-8,0.000000,0.889369,0.154822,,2026-04-10,2026-04-12,3,55,28,3,1.000000,,,0.000000,,,,,,,,GLOBAL_BASELINE_NO_ENTITY_RANKING,,,NOT_APPLICABLE_GLOBAL_BASELINE,HF9g-P5,,,,X 全窗基线 · 不参与实体赏罚,3923031,393,A168_HF9F_20260827_0900,2026-08-27 09:00:00
2026-04-10,148462847,772,0,16.8658950520,8.4329475260,8.4329475260,0.8333333,8,8,0.50162375000000000,0.501623750000,1.6250470130194654,1.6250470130194659,1.6250470130194654,0E-17,ELIGIBLE,R03b_20260811_FULL_v1,L1_ELIGIBILITY,v2026-08-11,2026-03-21..2026-08-06,baccarat_bet02_101_all_pairs_incl_sentinel,round_win = game_pnl > 0 (decisive only),COMPATIBILITY_ONLY_NOT_PRODUCTION,1463.5380,1301.6255,-62.1403,394,393,0.04245895,,0.04245895,0.04245895,62.1403,1463.5380,OK,0.0000,-2.4856,4.0000,96.0000,AG03-UNRESOLVED,ALL5_LEVELS_bet23_to_bet27,-2.4856,-2.4856,-2.4856,-2.4856,-2.4856,4.000000,4.000000,4.000000,4.000000,4.000000,96.000000,96.000000,96.000000,96.000000,96.000000,5.0,-12.4281,-11.4728,-49.7122,-50.6675,PENDING_AG03,FALSE,NOT_FOR_ENFORCEMENT,-59.6547,1249.5604,-62.1403,-59.6547,-2.4856,-0.04245895,-0.04076059,-2.4856,-59.6547,-0.04076059,-2.4856,-2.4856,-2.4856,-2.4856,-2.4856,-59.6547,-0.04076059,-12.4281,-11.4728,-49.7122,-50.6675,-0.03396716,-0.03461986,-0.00169836,3.7146,3.3120,-0.1581,-20.7134,-1.1298,487.8460,131.0000,,3.7146,2.1082,2.1082,4.2165,6.3247,8.4329,15.8202,2.1082,0.0,4.0,7.503998,1.761929,16,41,7,3,0E-8,-0.04245895,,0E-8,0.000000,0.889369,0.154822,,2026-04-10,2026-04-12,3,55,28,3,1.000000,,,0.000000,,,,,,,,GLOBAL_BASELINE_NO_ENTITY_RANKING,,,NOT_APPLICABLE_GLOBAL_BASELINE,HF9g-P5,,,,X 全窗基线 · 不参与实体赏罚,3923032,393,A168_HF9F_20260827_0900,2026-08-27 09:00:00
2026-04-10,148462847,925,0,2.1082368815,-2.1082368815,-2.1082368815,0E-7,1,1,0.50665070000000000,0.506650700000,-1.013391052207602,-1.013391052207602,-1.013391052207602,0E-17,ELIGIBLE,R03b_20260811_FULL_v1,L1_ELIGIBILITY,v2026-08-11,2026-03-21..2026-08-06,baccarat_bet02_101_all_pairs_incl_sentinel,round_win = game_pnl > 0 (decisive only),COMPATIBILITY_ONLY_NOT_PRODUCTION,1463.5380,1301.6255,-62.1403,394,393,0.04245895,,0.04245895,0.04245895,62.1403,1463.5380,OK,0.0000,-2.4856,4.0000,96.0000,AG03-UNRESOLVED,ALL5_LEVELS_bet23_to_bet27,-2.4856,-2.4856,-2.4856,-2.4856,-2.4856,4.000000,4.000000,4.000000,4.000000,4.000000,96.000000,96.000000,96.000000,96.000000,96.000000,5.0,-12.4281,-11.4728,-49.7122,-50.6675,PENDING_AG03,FALSE,NOT_FOR_ENFORCEMENT,-59.6547,1249.5604,-62.1403,-59.6547,-2.4856,-0.04245895,-0.04076059,-2.4856,-59.6547,-0.04076059,-2.4856,-2.4856,-2.4856,-2.4856,-2.4856,-59.6547,-0.04076059,-12.4281,-11.4728,-49.7122,-50.6675,-0.03396716,-0.03461986,-0.00169836,3.7146,3.3120,-0.1581,-20.7134,-1.1298,487.8460,131.0000,,3.7146,2.1082,2.1082,4.2165,6.3247,8.4329,15.8202,2.1082,0.0,4.0,7.503998,1.761929,16,41,7,3,0E-8,-0.04245895,,0E-8,0.000000,0.889369,0.154822,,2026-04-10,2026-04-12,3,55,28,3,1.000000,,,0.000000,,,,,,,,GLOBAL_BASELINE_NO_ENTITY_RANKING,,,NOT_APPLICABLE_GLOBAL_BASELINE,HF9g-P5,,,,X 全窗基线 · 不参与实体赏罚,3923033,393,A168_HF9F_20260827_0900,2026-08-27 09:00:00
2026-04-10,148462847,970,0,6.3247106445,0E-10,0E-10,0.5000000,3,3,0.49771390000000000,0.497713900000,0.006466134837551399,0.0064661348375514,0.006466134837551399,0E-17,ELIGIBLE,R03b_20260811_FULL_v1,L1_ELIGIBILITY,v2026-08-11,2026-03-21..2026-08-06,baccarat_bet02_101_all_pairs_incl_sentinel,round_win = game_pnl > 0 (decisive only),COMPATIBILITY_ONLY_NOT_PRODUCTION,1463.5380,1301.6255,-62.1403,394,393,0.04245895,,0.04245895,0.04245895,62.1403,1463.5380,OK,0.0000,-2.4856,4.0000,96.0000,AG03-UNRESOLVED,ALL5_LEVELS_bet23_to_bet27,-2.4856,-2.4856,-2.4856,-2.4856,-2.4856,4.000000,4.000000,4.000000,4.000000,4.000000,96.000000,96.000000,96.000000,96.000000,96.000000,5.0,-12.4281,-11.4728,-49.7122,-50.6675,PENDING_AG03,FALSE,NOT_FOR_ENFORCEMENT,-59.6547,1249.5604,-62.1403,-59.6547,-2.4856,-0.04245895,-0.04076059,-2.4856,-59.6547,-0.04076059,-2.4856,-2.4856,-2.4856,-2.4856,-2.4856,-59.6547,-0.04076059,-12.4281,-11.4728,-49.7122,-50.6675,-0.03396716,-0.03461986,-0.00169836,3.7146,3.3120,-0.1581,-20.7134,-1.1298,487.8460,131.0000,,3.7146,2.1082,2.1082,4.2165,6.3247,8.4329,15.8202,2.1082,0.0,4.0,7.503998,1.761929,16,41,7,3,0E-8,-0.04245895,,0E-8,0.000000,0.889369,0.154822,,2026-04-10,2026-04-12,3,55,28,3,1.000000,,,0.000000,,,,,,,,GLOBAL_BASELINE_NO_ENTITY_RANKING,,,NOT_APPLICABLE_GLOBAL_BASELINE,HF9g-P5,,,,X 全窗基线 · 不参与实体赏罚,3923034,393,A168_HF9F_20260827_0900,2026-08-27 09:00:00
2026-04-10,148462847,986,0,27.4070794595,-2.5298842579,-2.5298842579,0.4615385,13,13,0.50149485384615385,0.501494853846,-0.28813093020660707,-0.28813093020549735,-0.28813093020660707,1.5385E-13,ELIGIBLE,R03b_20260811_FULL_v1,L1_ELIGIBILITY,v2026-08-11,2026-03-21..2026-08-06,baccarat_bet02_101_all_pairs_incl_sentinel,round_win = game_pnl > 0 (decisive only),COMPATIBILITY_ONLY_NOT_PRODUCTION,1463.5380,1301.6255,-62.1403,394,393,0.04245895,,0.04245895,0.04245895,62.1403,1463.5380,OK,0.0000,-2.4856,4.0000,96.0000,AG03-UNRESOLVED,ALL5_LEVELS_bet23_to_bet27,-2.4856,-2.4856,-2.4856,-2.4856,-2.4856,4.000000,4.000000,4.000000,4.000000,4.000000,96.000000,96.000000,96.000000,96.000000,96.000000,5.0,-12.4281,-11.4728,-49.7122,-50.6675,PENDING_AG03,FALSE,NOT_FOR_ENFORCEMENT,-59.6547,1249.5604,-62.1403,-59.6547,-2.4856,-0.04245895,-0.04076059,-2.4856,-59.6547,-0.04076059,-2.4856,-2.4856,-2.4856,-2.4856,-2.4856,-59.6547,-0.04076059,-12.4281,-11.4728,-49.7122,-50.6675,-0.03396716,-0.03461986,-0.00169836,3.7146,3.3120,-0.1581,-20.7134,-1.1298,487.8460,131.0000,,3.7146,2.1082,2.1082,4.2165,6.3247,8.4329,15.8202,2.1082,0.0,4.0,7.503998,1.761929,16,41,7,3,0E-8,-0.04245895,,0E-8,0.000000,0.889369,0.154822,,2026-04-10,2026-04-12,3,55,28,3,1.000000,,,0.000000,,,,,,,,GLOBAL_BASELINE_NO_ENTITY_RANKING,,,NOT_APPLICABLE_GLOBAL_BASELINE,HF9g-P5,,,,X 全窗基线 · 不参与实体赏罚,3923035,393,A168_HF9F_20260827_0900,2026-08-27 09:00:00
2026-04-11,148462847,-1,1,8.4329475260,-8.4329475260,-8.4329475260,0E-7,1,1,0.49324550000000000,0.493245500000,-0.9865810262130424,-0.9865810262130424,-0.9865810262130424,0E-17,SENTINEL_DEALER,R03b_20260811_FULL_v1,L1_ELIGIBILITY,v2026-08-11,2026-03-21..2026-08-06,baccarat_bet02_101_all_pairs_incl_sentinel,round_win = game_pnl > 0 (decisive only),COMPATIBILITY_ONLY_NOT_PRODUCTION,1463.5380,1301.6255,-62.1403,394,393,0.04245895,,0.04245895,0.04245895,62.1403,1463.5380,OK,0.0000,-2.4856,4.0000,96.0000,AG03-UNRESOLVED,ALL5_LEVELS_bet23_to_bet27,-2.4856,-2.4856,-2.4856,-2.4856,-2.4856,4.000000,4.000000,4.000000,4.000000,4.000000,96.000000,96.000000,96.000000,96.000000,96.000000,5.0,-12.4281,-11.4728,-49.7122,-50.6675,PENDING_AG03,FALSE,NOT_FOR_ENFORCEMENT,-59.6547,1249.5604,-62.1403,-59.6547,-2.4856,-0.04245895,-0.04076059,-2.4856,-59.6547,-0.04076059,-2.4856,-2.4856,-2.4856,-2.4856,-2.4856,-59.6547,-0.04076059,-12.4281,-11.4728,-49.7122,-50.6675,-0.03396716,-0.03461986,-0.00169836,3.7146,3.3120,-0.1581,-20.7134,-1.1298,487.8460,131.0000,,3.7146,2.1082,2.1082,4.2165,6.3247,8.4329,15.8202,2.1082,0.0,4.0,7.503998,1.761929,16,41,7,3,0E-8,-0.04245895,,0E-8,0.000000,0.889369,0.154822,,2026-04-10,2026-04-12,3,55,28,3,1.000000,,,0.000000,,,,,,,,GLOBAL_BASELINE_NO_ENTITY_RANKING,,,NOT_APPLICABLE_GLOBAL_BASELINE,HF9g-P5,,,,X 全窗基线 · 不参与实体赏罚,3923036,393,A168_HF9F_20260827_0900,2026-08-27 09:00:00
2026-04-11,148462847,1205,0,12.4385976008,-4.2164737630,-4.2164737630,0.4000000,5,5,0.50128862000000000,0.501288620000,-0.4529779837142727,-0.4529779837142727,-0.4529779837142727,0E-17,ELIGIBLE,R03b_20260811_FULL_v1,L1_ELIGIBILITY,v2026-08-11,2026-03-21..2026-08-06,baccarat_bet02_101_all_pairs_incl_sentinel,round_win = game_pnl > 0 (decisive only),COMPATIBILITY_ONLY_NOT_PRODUCTION,1463.5380,1301.6255,-62.1403,394,393,0.04245895,,0.04245895,0.04245895,62.1403,1463.5380,OK,0.0000,-2.4856,4.0000,96.0000,AG03-UNRESOLVED,ALL5_LEVELS_bet23_to_bet27,-2.4856,-2.4856,-2.4856,-2.4856,-2.4856,4.000000,4.000000,4.000000,4.000000,4.000000,96.000000,96.000000,96.000000,96.000000,96.000000,5.0,-12.4281,-11.4728,-49.7122,-50.6675,PENDING_AG03,FALSE,NOT_FOR_ENFORCEMENT,-59.6547,1249.5604,-62.1403,-59.6547,-2.4856,-0.04245895,-0.04076059,-2.4856,-59.6547,-0.04076059,-2.4856,-2.4856,-2.4856,-2.4856,-2.4856,-59.6547,-0.04076059,-12.4281,-11.4728,-49.7122,-50.6675,-0.03396716,-0.03461986,-0.00169836,3.7146,3.3120,-0.1581,-20.7134,-1.1298,487.8460,131.0000,,3.7146,2.1082,2.1082,4.2165,6.3247,8.4329,15.8202,2.1082,0.0,4.0,7.503998,1.761929,16,41,7,3,0E-8,-0.04245895,,0E-8,0.000000,0.889369,0.154822,,2026-04-10,2026-04-12,3,55,28,3,1.000000,,,0.000000,,,,,,,,GLOBAL_BASELINE_NO_ENTITY_RANKING,,,NOT_APPLICABLE_GLOBAL_BASELINE,HF9g-P5,,,,X 全窗基线 · 不参与实体赏罚,3923037,393,A168_HF9F_20260827_0900,2026-08-27 09:00:00
2026-04-11,148462847,1304,0,2.1082368815,2.1082368815,2.1082368815,1.0000000,1,1,0.49324550000000000,0.493245500000,1.01360149184955,1.01360149184955,1.01360149184955,0E-17,ELIGIBLE,R03b_20260811_FULL_v1,L1_ELIGIBILITY,v2026-08-11,2026-03-21..2026-08-06,baccarat_bet02_101_all_pairs_incl_sentinel,round_win = game_pnl > 0 (decisive only),COMPATIBILITY_ONLY_NOT_PRODUCTION,1463.5380,1301.6255,-62.1403,394,393,0.04245895,,0.04245895,0.04245895,62.1403,1463.5380,OK,0.0000,-2.4856,4.0000,96.0000,AG03-UNRESOLVED,ALL5_LEVELS_bet23_to_bet27,-2.4856,-2.4856,-2.4856,-2.4856,-2.4856,4.000000,4.000000,4.000000,4.000000,4.000000,96.000000,96.000000,96.000000,96.000000,96.000000,5.0,-12.4281,-11.4728,-49.7122,-50.6675,PENDING_AG03,FALSE,NOT_FOR_ENFORCEMENT,-59.6547,1249.5604,-62.1403,-59.6547,-2.4856,-0.04245895,-0.04076059,-2.4856,-59.6547,-0.04076059,-2.4856,-2.4856,-2.4856,-2.4856,-2.4856,-59.6547,-0.04076059,-12.4281,-11.4728,-49.7122,-50.6675,-0.03396716,-0.03461986,-0.00169836,3.7146,3.3120,-0.1581,-20.7134,-1.1298,487.8460,131.0000,,3.7146,2.1082,2.1082,4.2165,6.3247,8.4329,15.8202,2.1082,0.0,4.0,7.503998,1.761929,16,41,7,3,0E-8,-0.04245895,,0E-8,0.000000,0.889369,0.154822,,2026-04-10,2026-04-12,3,55,28,3,1.000000,,,0.000000,,,,,,,,GLOBAL_BASELINE_NO_ENTITY_RANKING,,,NOT_APPLICABLE_GLOBAL_BASELINE,HF9g-P5,,,,X 全窗基线 · 不参与实体赏罚,3923038,393,A168_HF9F_20260827_0900,2026-08-27 09:00:00
2026-04-11,148462847,1330,0,46.3812113930,14.3360107941,14.3360107941,0.6153846,14,14,0.49803307142857143,0.498033071429,0.8462405658866492,0.8462405658835559,0.8462405658866492,-4.2857E-13,ELIGIBLE,R03b_20260811_FULL_v1,L1_ELIGIBILITY,v2026-08-11,2026-03-21..2026-08-06,baccarat_bet02_101_all_pairs_incl_sentinel,round_win = game_pnl > 0 (decisive only),COMPATIBILITY_ONLY_NOT_PRODUCTION,1463.5380,1301.6255,-62.1403,394,393,0.04245895,,0.04245895,0.04245895,62.1403,1463.5380,OK,0.0000,-2.4856,4.0000,96.0000,AG03-UNRESOLVED,ALL5_LEVELS_bet23_to_bet27,-2.4856,-2.4856,-2.4856,-2.4856,-2.4856,4.000000,4.000000,4.000000,4.000000,4.000000,96.000000,96.000000,96.000000,96.000000,96.000000,5.0,-12.4281,-11.4728,-49.7122,-50.6675,PENDING_AG03,FALSE,NOT_FOR_ENFORCEMENT,-59.6547,1249.5604,-62.1403,-59.6547,-2.4856,-0.04245895,-0.04076059,-2.4856,-59.6547,-0.04076059,-2.4856,-2.4856,-2.4856,-2.4856,-2.4856,-59.6547,-0.04076059,-12.4281,-11.4728,-49.7122,-50.6675,-0.03396716,-0.03461986,-0.00169836,3.7146,3.3120,-0.1581,-20.7134,-1.1298,487.8460,131.0000,,3.7146,2.1082,2.1082,4.2165,6.3247,8.4329,15.8202,2.1082,0.0,4.0,7.503998,1.761929,16,41,7,3,0E-8,-0.04245895,,0E-8,0.000000,0.889369,0.154822,,2026-04-10,2026-04-12,3,55,28,3,1.000000,,,0.000000,,,,,,,,GLOBAL_BASELINE_NO_ENTITY_RANKING,,,NOT_APPLICABLE_GLOBAL_BASELINE,HF9g-P5,,,,X 全窗基线 · 不参与实体赏罚,3923039,393,A168_HF9F_20260827_0900,2026-08-27 09:00:00
2026-04-11,148462847,1374,0,14.7576581705,-10.5411844075,-10.5411844075,0E-7,4,4,0.50665070000000000,0.506650700000,-1.7552447903592512,-1.7552447903592512,-1.7552447903592512,0E-17,ELIGIBLE,R03b_20260811_FULL_v1,L1_ELIGIBILITY,v2026-08-11,2026-03-21..2026-08-06,baccarat_bet02_101_all_pairs_incl_sentinel,round_win = game_pnl > 0 (decisive only),COMPATIBILITY_ONLY_NOT_PRODUCTION,1463.5380,1301.6255,-62.1403,394,393,0.04245895,,0.04245895,0.04245895,62.1403,1463.5380,OK,0.0000,-2.4856,4.0000,96.0000,AG03-UNRESOLVED,ALL5_LEVELS_bet23_to_bet27,-2.4856,-2.4856,-2.4856,-2.4856,-2.4856,4.000000,4.000000,4.000000,4.000000,4.000000,96.000000,96.000000,96.000000,96.000000,96.000000,5.0,-12.4281,-11.4728,-49.7122,-50.6675,PENDING_AG03,FALSE,NOT_FOR_ENFORCEMENT,-59.6547,1249.5604,-62.1403,-59.6547,-2.4856,-0.04245895,-0.04076059,-2.4856,-59.6547,-0.04076059,-2.4856,-2.4856,-2.4856,-2.4856,-2.4856,-59.6547,-0.04076059,-12.4281,-11.4728,-49.7122,-50.6675,-0.03396716,-0.03461986,-0.00169836,3.7146,3.3120,-0.1581,-20.7134,-1.1298,487.8460,131.0000,,3.7146,2.1082,2.1082,4.2165,6.3247,8.4329,15.8202,2.1082,0.0,4.0,7.503998,1.761929,16,41,7,3,0E-8,-0.04245895,,0E-8,0.000000,0.889369,0.154822,,2026-04-10,2026-04-12,3,55,28,3,1.000000,,,0.000000,,,,,,,,GLOBAL_BASELINE_NO_ENTITY_RANKING,,,NOT_APPLICABLE_GLOBAL_BASELINE,HF9g-P5,,,,X 全窗基线 · 不参与实体赏罚,3923040,393,A168_HF9F_20260827_0900,2026-08-27 09:00:00
2026-04-11,148462847,1405,0,31.6235532225,5.5868277359,5.5868277359,0.5000000,9,9,0.50218230000000000,0.502182300000,-0.01234507061437774,-0.01234507061437774,-0.01234507061437774,0E-17,ELIGIBLE,R03b_20260811_FULL_v1,L1_ELIGIBILITY,v2026-08-11,2026-03-21..2026-08-06,baccarat_bet02_101_all_pairs_incl_sentinel,round_win = game_pnl > 0 (decisive only),COMPATIBILITY_ONLY_NOT_PRODUCTION,1463.5380,1301.6255,-62.1403,394,393,0.04245895,,0.04245895,0.04245895,62.1403,1463.5380,OK,0.0000,-2.4856,4.0000,96.0000,AG03-UNRESOLVED,ALL5_LEVELS_bet23_to_bet27,-2.4856,-2.4856,-2.4856,-2.4856,-2.4856,4.000000,4.000000,4.000000,4.000000,4.000000,96.000000,96.000000,96.000000,96.000000,96.000000,5.0,-12.4281,-11.4728,-49.7122,-50.6675,PENDING_AG03,FALSE,NOT_FOR_ENFORCEMENT,-59.6547,1249.5604,-62.1403,-59.6547,-2.4856,-0.04245895,-0.04076059,-2.4856,-59.6547,-0.04076059,-2.4856,-2.4856,-2.4856,-2.4856,-2.4856,-59.6547,-0.04076059,-12.4281,-11.4728,-49.7122,-50.6675,-0.03396716,-0.03461986,-0.00169836,3.7146,3.3120,-0.1581,-20.7134,-1.1298,487.8460,131.0000,,3.7146,2.1082,2.1082,4.2165,6.3247,8.4329,15.8202,2.1082,0.0,4.0,7.503998,1.761929,16,41,7,3,0E-8,-0.04245895,,0E-8,0.000000,0.889369,0.154822,,2026-04-10,2026-04-12,3,55,28,3,1.000000,,,0.000000,,,,,,,,GLOBAL_BASELINE_NO_ENTITY_RANKING,,,NOT_APPLICABLE_GLOBAL_BASELINE,HF9g-P5,,,,X 全窗基线 · 不参与实体赏罚,3923041,393,A168_HF9F_20260827_0900,2026-08-27 09:00:00
2026-04-11,148462847,1646,0,72.9449960999,19.1849556216,19.1849556216,0.6923077,14,14,0.50282064285714286,0.502820642857,1.3664322885756406,1.3664322885766684,1.3664322885756406,1.4286E-13,ELIGIBLE,R03b_20260811_FULL_v1,L1_ELIGIBILITY,v2026-08-11,2026-03-21..2026-08-06,baccarat_bet02_101_all_pairs_incl_sentinel,round_win = game_pnl > 0 (decisive only),COMPATIBILITY_ONLY_NOT_PRODUCTION,1463.5380,1301.6255,-62.1403,394,393,0.04245895,,0.04245895,0.04245895,62.1403,1463.5380,OK,0.0000,-2.4856,4.0000,96.0000,AG03-UNRESOLVED,ALL5_LEVELS_bet23_to_bet27,-2.4856,-2.4856,-2.4856,-2.4856,-2.4856,4.000000,4.000000,4.000000,4.000000,4.000000,96.000000,96.000000,96.000000,96.000000,96.000000,5.0,-12.4281,-11.4728,-49.7122,-50.6675,PENDING_AG03,FALSE,NOT_FOR_ENFORCEMENT,-59.6547,1249.5604,-62.1403,-59.6547,-2.4856,-0.04245895,-0.04076059,-2.4856,-59.6547,-0.04076059,-2.4856,-2.4856,-2.4856,-2.4856,-2.4856,-59.6547,-0.04076059,-12.4281,-11.4728,-49.7122,-50.6675,-0.03396716,-0.03461986,-0.00169836,3.7146,3.3120,-0.1581,-20.7134,-1.1298,487.8460,131.0000,,3.7146,2.1082,2.1082,4.2165,6.3247,8.4329,15.8202,2.1082,0.0,4.0,7.503998,1.761929,16,41,7,3,0E-8,-0.04245895,,0E-8,0.000000,0.889369,0.154822,,2026-04-10,2026-04-12,3,55,28,3,1.000000,,,0.000000,,,,,,,,GLOBAL_BASELINE_NO_ENTITY_RANKING,,,NOT_APPLICABLE_GLOBAL_BASELINE,HF9g-P5,,,,X 全窗基线 · 不参与实体赏罚,3923042,393,A168_HF9F_20260827_0900,2026-08-27 09:00:00
2026-04-11,148462847,1951,0,64.3012248856,-1.7498366117,-1.7498366117,0.2000000,10,9,0.47031948002803374,0.477010672222,-1.21104104160963,-1.2401409324566584,-1.21104104160963,-0.00669119219396626,ELIGIBLE,R03b_20260811_FULL_v1,L1_ELIGIBILITY,v2026-08-11,2026-03-21..2026-08-06,baccarat_bet02_101_all_pairs_incl_sentinel,round_win = game_pnl > 0 (decisive only),COMPATIBILITY_ONLY_NOT_PRODUCTION,1463.5380,1301.6255,-62.1403,394,393,0.04245895,,0.04245895,0.04245895,62.1403,1463.5380,OK,0.0000,-2.4856,4.0000,96.0000,AG03-UNRESOLVED,ALL5_LEVELS_bet23_to_bet27,-2.4856,-2.4856,-2.4856,-2.4856,-2.4856,4.000000,4.000000,4.000000,4.000000,4.000000,96.000000,96.000000,96.000000,96.000000,96.000000,5.0,-12.4281,-11.4728,-49.7122,-50.6675,PENDING_AG03,FALSE,NOT_FOR_ENFORCEMENT,-59.6547,1249.5604,-62.1403,-59.6547,-2.4856,-0.04245895,-0.04076059,-2.4856,-59.6547,-0.04076059,-2.4856,-2.4856,-2.4856,-2.4856,-2.4856,-59.6547,-0.04076059,-12.4281,-11.4728,-49.7122,-50.6675,-0.03396716,-0.03461986,-0.00169836,3.7146,3.3120,-0.1581,-20.7134,-1.1298,487.8460,131.0000,,3.7146,2.1082,2.1082,4.2165,6.3247,8.4329,15.8202,2.1082,0.0,4.0,7.503998,1.761929,16,41,7,3,0E-8,-0.04245895,,0E-8,0.000000,0.889369,0.154822,,2026-04-10,2026-04-12,3,55,28,3,1.000000,,,0.000000,,,,,,,,GLOBAL_BASELINE_NO_ENTITY_RANKING,,,NOT_APPLICABLE_GLOBAL_BASELINE,HF9g-P5,,,,X 全窗基线 · 不参与实体赏罚,3923043,393,A168_HF9F_20260827_0900,2026-08-27 09:00:00
2026-04-11,148462847,1966,0,41.7430902537,-0.5270592205,-0.5270592205,0.4285714,8,8,0.50162375000000000,0.501623750000,-0.38655858877025023,-0.38655858877025023,-0.38655858877025023,0E-17,ELIGIBLE,R03b_20260811_FULL_v1,L1_ELIGIBILITY,v2026-08-11,2026-03-21..2026-08-06,baccarat_bet02_101_all_pairs_incl_sentinel,round_win = game_pnl > 0 (decisive only),COMPATIBILITY_ONLY_NOT_PRODUCTION,1463.5380,1301.6255,-62.1403,394,393,0.04245895,,0.04245895,0.04245895,62.1403,1463.5380,OK,0.0000,-2.4856,4.0000,96.0000,AG03-UNRESOLVED,ALL5_LEVELS_bet23_to_bet27,-2.4856,-2.4856,-2.4856,-2.4856,-2.4856,4.000000,4.000000,4.000000,4.000000,4.000000,96.000000,96.000000,96.000000,96.000000,96.000000,5.0,-12.4281,-11.4728,-49.7122,-50.6675,PENDING_AG03,FALSE,NOT_FOR_ENFORCEMENT,-59.6547,1249.5604,-62.1403,-59.6547,-2.4856,-0.04245895,-0.04076059,-2.4856,-59.6547,-0.04076059,-2.4856,-2.4856,-2.4856,-2.4856,-2.4856,-59.6547,-0.04076059,-12.4281,-11.4728,-49.7122,-50.6675,-0.03396716,-0.03461986,-0.00169836,3.7146,3.3120,-0.1581,-20.7134,-1.1298,487.8460,131.0000,,3.7146,2.1082,2.1082,4.2165,6.3247,8.4329,15.8202,2.1082,0.0,4.0,7.503998,1.761929,16,41,7,3,0E-8,-0.04245895,,0E-8,0.000000,0.889369,0.154822,,2026-04-10,2026-04-12,3,55,28,3,1.000000,,,0.000000,,,,,,,,GLOBAL_BASELINE_NO_ENTITY_RANKING,,,NOT_APPLICABLE_GLOBAL_BASELINE,HF9g-P5,,,,X 全窗基线 · 不参与实体赏罚,3923044,393,A168_HF9F_20260827_0900,2026-08-27 09:00:00
2026-04-11,148462847,2145,0,54.1816878545,2.3506841228,2.3506841228,0.4444444,10,10,0.49994810000000000,0.499948100000,-0.33302193512739575,-0.33302193512739575,-0.33302193512739575,0E-17,ELIGIBLE,R03b_20260811_FULL_v1,L1_ELIGIBILITY,v2026-08-11,2026-03-21..2026-08-06,baccarat_bet02_101_all_pairs_incl_sentinel,round_win = game_pnl > 0 (decisive only),COMPATIBILITY_ONLY_NOT_PRODUCTION,1463.5380,1301.6255,-62.1403,394,393,0.04245895,,0.04245895,0.04245895,62.1403,1463.5380,OK,0.0000,-2.4856,4.0000,96.0000,AG03-UNRESOLVED,ALL5_LEVELS_bet23_to_bet27,-2.4856,-2.4856,-2.4856,-2.4856,-2.4856,4.000000,4.000000,4.000000,4.000000,4.000000,96.000000,96.000000,96.000000,96.000000,96.000000,5.0,-12.4281,-11.4728,-49.7122,-50.6675,PENDING_AG03,FALSE,NOT_FOR_ENFORCEMENT,-59.6547,1249.5604,-62.1403,-59.6547,-2.4856,-0.04245895,-0.04076059,-2.4856,-59.6547,-0.04076059,-2.4856,-2.4856,-2.4856,-2.4856,-2.4856,-59.6547,-0.04076059,-12.4281,-11.4728,-49.7122,-50.6675,-0.03396716,-0.03461986,-0.00169836,3.7146,3.3120,-0.1581,-20.7134,-1.1298,487.8460,131.0000,,3.7146,2.1082,2.1082,4.2165,6.3247,8.4329,15.8202,2.1082,0.0,4.0,7.503998,1.761929,16,41,7,3,0E-8,-0.04245895,,0E-8,0.000000,0.889369,0.154822,,2026-04-10,2026-04-12,3,55,28,3,1.000000,,,0.000000,,,,,,,,GLOBAL_BASELINE_NO_ENTITY_RANKING,,,NOT_APPLICABLE_GLOBAL_BASELINE,HF9g-P5,,,,X 全窗基线 · 不参与实体赏罚,3923045,393,A168_HF9F_20260827_0900,2026-08-27 09:00:00
2026-04-11,148462847,2205,0,42.1647376300,-2.4244724137,-2.4244724137,0.5000000,9,9,0.49771390000000000,0.497713900000,0.012932269675102798,0.0129322696751028,0.012932269675102798,0E-17,ELIGIBLE,R03b_20260811_FULL_v1,L1_ELIGIBILITY,v2026-08-11,2026-03-21..2026-08-06,baccarat_bet02_101_all_pairs_incl_sentinel,round_win = game_pnl > 0 (decisive only),COMPATIBILITY_ONLY_NOT_PRODUCTION,1463.5380,1301.6255,-62.1403,394,393,0.04245895,,0.04245895,0.04245895,62.1403,1463.5380,OK,0.0000,-2.4856,4.0000,96.0000,AG03-UNRESOLVED,ALL5_LEVELS_bet23_to_bet27,-2.4856,-2.4856,-2.4856,-2.4856,-2.4856,4.000000,4.000000,4.000000,4.000000,4.000000,96.000000,96.000000,96.000000,96.000000,96.000000,5.0,-12.4281,-11.4728,-49.7122,-50.6675,PENDING_AG03,FALSE,NOT_FOR_ENFORCEMENT,-59.6547,1249.5604,-62.1403,-59.6547,-2.4856,-0.04245895,-0.04076059,-2.4856,-59.6547,-0.04076059,-2.4856,-2.4856,-2.4856,-2.4856,-2.4856,-59.6547,-0.04076059,-12.4281,-11.4728,-49.7122,-50.6675,-0.03396716,-0.03461986,-0.00169836,3.7146,3.3120,-0.1581,-20.7134,-1.1298,487.8460,131.0000,,3.7146,2.1082,2.1082,4.2165,6.3247,8.4329,15.8202,2.1082,0.0,4.0,7.503998,1.761929,16,41,7,3,0E-8,-0.04245895,,0E-8,0.000000,0.889369,0.154822,,2026-04-10,2026-04-12,3,55,28,3,1.000000,,,0.000000,,,,,,,,GLOBAL_BASELINE_NO_ENTITY_RANKING,,,NOT_APPLICABLE_GLOBAL_BASELINE,HF9g-P5,,,,X 全窗基线 · 不参与实体赏罚,3923046,393,A168_HF9F_20260827_0900,2026-08-27 09:00:00
2026-04-11,148462847,2246,0,14.7576581705,0E-10,0E-10,0.4000000,6,6,0.49771390000000000,0.497713900000,-0.4369944132040151,-0.436994413204015,-0.4369944132040151,0E-17,ELIGIBLE,R03b_20260811_FULL_v1,L1_ELIGIBILITY,v2026-08-11,2026-03-21..2026-08-06,baccarat_bet02_101_all_pairs_incl_sentinel,round_win = game_pnl > 0 (decisive only),COMPATIBILITY_ONLY_NOT_PRODUCTION,1463.5380,1301.6255,-62.1403,394,393,0.04245895,,0.04245895,0.04245895,62.1403,1463.5380,OK,0.0000,-2.4856,4.0000,96.0000,AG03-UNRESOLVED,ALL5_LEVELS_bet23_to_bet27,-2.4856,-2.4856,-2.4856,-2.4856,-2.4856,4.000000,4.000000,4.000000,4.000000,4.000000,96.000000,96.000000,96.000000,96.000000,96.000000,5.0,-12.4281,-11.4728,-49.7122,-50.6675,PENDING_AG03,FALSE,NOT_FOR_ENFORCEMENT,-59.6547,1249.5604,-62.1403,-59.6547,-2.4856,-0.04245895,-0.04076059,-2.4856,-59.6547,-0.04076059,-2.4856,-2.4856,-2.4856,-2.4856,-2.4856,-59.6547,-0.04076059,-12.4281,-11.4728,-49.7122,-50.6675,-0.03396716,-0.03461986,-0.00169836,3.7146,3.3120,-0.1581,-20.7134,-1.1298,487.8460,131.0000,,3.7146,2.1082,2.1082,4.2165,6.3247,8.4329,15.8202,2.1082,0.0,4.0,7.503998,1.761929,16,41,7,3,0E-8,-0.04245895,,0E-8,0.000000,0.889369,0.154822,,2026-04-10,2026-04-12,3,55,28,3,1.000000,,,0.000000,,,,,,,,GLOBAL_BASELINE_NO_ENTITY_RANKING,,,NOT_APPLICABLE_GLOBAL_BASELINE,HF9g-P5,,,,X 全窗基线 · 不参与实体赏罚,3923047,393,A168_HF9F_20260827_0900,2026-08-27 09:00:00
2026-04-11,148462847,2254,0,63.2471064450,18.0254253367,18.0254253367,0.6250000,11,11,0.50055742727272727,0.500557427273,0.7039539338225768,0.7039539338210345,0.7039539338225768,-2.7273E-13,ELIGIBLE,R03b_20260811_FULL_v1,L1_ELIGIBILITY,v2026-08-11,2026-03-21..2026-08-06,baccarat_bet02_101_all_pairs_incl_sentinel,round_win = game_pnl > 0 (decisive only),COMPATIBILITY_ONLY_NOT_PRODUCTION,1463.5380,1301.6255,-62.1403,394,393,0.04245895,,0.04245895,0.04245895,62.1403,1463.5380,OK,0.0000,-2.4856,4.0000,96.0000,AG03-UNRESOLVED,ALL5_LEVELS_bet23_to_bet27,-2.4856,-2.4856,-2.4856,-2.4856,-2.4856,4.000000,4.000000,4.000000,4.000000,4.000000,96.000000,96.000000,96.000000,96.000000,96.000000,5.0,-12.4281,-11.4728,-49.7122,-50.6675,PENDING_AG03,FALSE,NOT_FOR_ENFORCEMENT,-59.6547,1249.5604,-62.1403,-59.6547,-2.4856,-0.04245895,-0.04076059,-2.4856,-59.6547,-0.04076059,-2.4856,-2.4856,-2.4856,-2.4856,-2.4856,-59.6547,-0.04076059,-12.4281,-11.4728,-49.7122,-50.6675,-0.03396716,-0.03461986,-0.00169836,3.7146,3.3120,-0.1581,-20.7134,-1.1298,487.8460,131.0000,,3.7146,2.1082,2.1082,4.2165,6.3247,8.4329,15.8202,2.1082,0.0,4.0,7.503998,1.761929,16,41,7,3,0E-8,-0.04245895,,0E-8,0.000000,0.889369,0.154822,,2026-04-10,2026-04-12,3,55,28,3,1.000000,,,0.000000,,,,,,,,GLOBAL_BASELINE_NO_ENTITY_RANKING,,,NOT_APPLICABLE_GLOBAL_BASELINE,HF9g-P5,,,,X 全窗基线 · 不参与实体赏罚,3923048,393,A168_HF9F_20260827_0900,2026-08-27 09:00:00
2026-04-11,148462847,2267,0,23.1906056965,-10.5411844075,-10.5411844075,0.2857143,7,7,0.49707555714285714,0.497075557143,-1.1184378527242427,-1.1184378527249965,-1.1184378527242427,-1.4286E-13,ELIGIBLE,R03b_20260811_FULL_v1,L1_ELIGIBILITY,v2026-08-11,2026-03-21..2026-08-06,baccarat_bet02_101_all_pairs_incl_sentinel,round_win = game_pnl > 0 (decisive only),COMPATIBILITY_ONLY_NOT_PRODUCTION,1463.5380,1301.6255,-62.1403,394,393,0.04245895,,0.04245895,0.04245895,62.1403,1463.5380,OK,0.0000,-2.4856,4.0000,96.0000,AG03-UNRESOLVED,ALL5_LEVELS_bet23_to_bet27,-2.4856,-2.4856,-2.4856,-2.4856,-2.4856,4.000000,4.000000,4.000000,4.000000,4.000000,96.000000,96.000000,96.000000,96.000000,96.000000,5.0,-12.4281,-11.4728,-49.7122,-50.6675,PENDING_AG03,FALSE,NOT_FOR_ENFORCEMENT,-59.6547,1249.5604,-62.1403,-59.6547,-2.4856,-0.04245895,-0.04076059,-2.4856,-59.6547,-0.04076059,-2.4856,-2.4856,-2.4856,-2.4856,-2.4856,-59.6547,-0.04076059,-12.4281,-11.4728,-49.7122,-50.6675,-0.03396716,-0.03461986,-0.00169836,3.7146,3.3120,-0.1581,-20.7134,-1.1298,487.8460,131.0000,,3.7146,2.1082,2.1082,4.2165,6.3247,8.4329,15.8202,2.1082,0.0,4.0,7.503998,1.761929,16,41,7,3,0E-8,-0.04245895,,0E-8,0.000000,0.889369,0.154822,,2026-04-10,2026-04-12,3,55,28,3,1.000000,,,0.000000,,,,,,,,GLOBAL_BASELINE_NO_ENTITY_RANKING,,,NOT_APPLICABLE_GLOBAL_BASELINE,HF9g-P5,,,,X 全窗基线 · 不参与实体赏罚,3923049,393,A168_HF9F_20260827_0900,2026-08-27 09:00:00
2026-04-12,148462847,1205,0,125.6509181373,-29.5153163410,-29.5153163410,0.4545455,13,13,0.50355719230769231,0.503557192308,-0.32511531683485917,-0.32511531683690165,-0.32511531683485917,-3.0769E-13,ELIGIBLE,R03b_20260811_FULL_v1,L1_ELIGIBILITY,v2026-08-11,2026-03-21..2026-08-06,baccarat_bet02_101_all_pairs_incl_sentinel,round_win = game_pnl > 0 (decisive only),COMPATIBILITY_ONLY_NOT_PRODUCTION,1463.5380,1301.6255,-62.1403,394,393,0.04245895,,0.04245895,0.04245895,62.1403,1463.5380,OK,0.0000,-2.4856,4.0000,96.0000,AG03-UNRESOLVED,ALL5_LEVELS_bet23_to_bet27,-2.4856,-2.4856,-2.4856,-2.4856,-2.4856,4.000000,4.000000,4.000000,4.000000,4.000000,96.000000,96.000000,96.000000,96.000000,96.000000,5.0,-12.4281,-11.4728,-49.7122,-50.6675,PENDING_AG03,FALSE,NOT_FOR_ENFORCEMENT,-59.6547,1249.5604,-62.1403,-59.6547,-2.4856,-0.04245895,-0.04076059,-2.4856,-59.6547,-0.04076059,-2.4856,-2.4856,-2.4856,-2.4856,-2.4856,-59.6547,-0.04076059,-12.4281,-11.4728,-49.7122,-50.6675,-0.03396716,-0.03461986,-0.00169836,3.7146,3.3120,-0.1581,-20.7134,-1.1298,487.8460,131.0000,,3.7146,2.1082,2.1082,4.2165,6.3247,8.4329,15.8202,2.1082,0.0,4.0,7.503998,1.761929,16,41,7,3,0E-8,-0.04245895,,0E-8,0.000000,0.889369,0.154822,,2026-04-10,2026-04-12,3,55,28,3,1.000000,,,0.000000,,,,,,,,GLOBAL_BASELINE_NO_ENTITY_RANKING,,,NOT_APPLICABLE_GLOBAL_BASELINE,HF9g-P5,,,,X 全窗基线 · 不参与实体赏罚,3923050,393,A168_HF9F_20260827_0900,2026-08-27 09:00:00
2026-04-12,148462847,1331,0,67.4635802079,-4.1953913942,-4.1953913942,0.4000000,12,12,0.50218230000000000,0.502182300000,-0.6462637647146969,-0.6462637647146969,-0.6462637647146969,0E-17,ELIGIBLE,R03b_20260811_FULL_v1,L1_ELIGIBILITY,v2026-08-11,2026-03-21..2026-08-06,baccarat_bet02_101_all_pairs_incl_sentinel,round_win = game_pnl > 0 (decisive only),COMPATIBILITY_ONLY_NOT_PRODUCTION,1463.5380,1301.6255,-62.1403,394,393,0.04245895,,0.04245895,0.04245895,62.1403,1463.5380,OK,0.0000,-2.4856,4.0000,96.0000,AG03-UNRESOLVED,ALL5_LEVELS_bet23_to_bet27,-2.4856,-2.4856,-2.4856,-2.4856,-2.4856,4.000000,4.000000,4.000000,4.000000,4.000000,96.000000,96.000000,96.000000,96.000000,96.000000,5.0,-12.4281,-11.4728,-49.7122,-50.6675,PENDING_AG03,FALSE,NOT_FOR_ENFORCEMENT,-59.6547,1249.5604,-62.1403,-59.6547,-2.4856,-0.04245895,-0.04076059,-2.4856,-59.6547,-0.04076059,-2.4856,-2.4856,-2.4856,-2.4856,-2.4856,-59.6547,-0.04076059,-12.4281,-11.4728,-49.7122,-50.6675,-0.03396716,-0.03461986,-0.00169836,3.7146,3.3120,-0.1581,-20.7134,-1.1298,487.8460,131.0000,,3.7146,2.1082,2.1082,4.2165,6.3247,8.4329,15.8202,2.1082,0.0,4.0,7.503998,1.761929,16,41,7,3,0E-8,-0.04245895,,0E-8,0.000000,0.889369,0.154822,,2026-04-10,2026-04-12,3,55,28,3,1.000000,,,0.000000,,,,,,,,GLOBAL_BASELINE_NO_ENTITY_RANKING,,,NOT_APPLICABLE_GLOBAL_BASELINE,HF9g-P5,,,,X 全窗基线 · 不参与实体赏罚,3923051,393,A168_HF9F_20260827_0900,2026-08-27 09:00:00
2026-04-12,148462847,1374,0,16.8658950519,11.3844791601,11.3844791601,0.8000000,5,5,0.49324550000000000,0.493245500000,1.3719730223118614,1.3719730223118614,1.3719730223118614,0E-17,ELIGIBLE,R03b_20260811_FULL_v1,L1_ELIGIBILITY,v2026-08-11,2026-03-21..2026-08-06,baccarat_bet02_101_all_pairs_incl_sentinel,round_win = game_pnl > 0 (decisive only),COMPATIBILITY_ONLY_NOT_PRODUCTION,1463.5380,1301.6255,-62.1403,394,393,0.04245895,,0.04245895,0.04245895,62.1403,1463.5380,OK,0.0000,-2.4856,4.0000,96.0000,AG03-UNRESOLVED,ALL5_LEVELS_bet23_to_bet27,-2.4856,-2.4856,-2.4856,-2.4856,-2.4856,4.000000,4.000000,4.000000,4.000000,4.000000,96.000000,96.000000,96.000000,96.000000,96.000000,5.0,-12.4281,-11.4728,-49.7122,-50.6675,PENDING_AG03,FALSE,NOT_FOR_ENFORCEMENT,-59.6547,1249.5604,-62.1403,-59.6547,-2.4856,-0.04245895,-0.04076059,-2.4856,-59.6547,-0.04076059,-2.4856,-2.4856,-2.4856,-2.4856,-2.4856,-59.6547,-0.04076059,-12.4281,-11.4728,-49.7122,-50.6675,-0.03396716,-0.03461986,-0.00169836,3.7146,3.3120,-0.1581,-20.7134,-1.1298,487.8460,131.0000,,3.7146,2.1082,2.1082,4.2165,6.3247,8.4329,15.8202,2.1082,0.0,4.0,7.503998,1.761929,16,41,7,3,0E-8,-0.04245895,,0E-8,0.000000,0.889369,0.154822,,2026-04-10,2026-04-12,3,55,28,3,1.000000,,,0.000000,,,,,,,,GLOBAL_BASELINE_NO_ENTITY_RANKING,,,NOT_APPLICABLE_GLOBAL_BASELINE,HF9g-P5,,,,X 全窗基线 · 不参与实体赏罚,3923052,393,A168_HF9F_20260827_0900,2026-08-27 09:00:00
2026-04-12,148462847,1396,0,16.8658950519,-5.7660278709,-5.7660278709,0.4285714,7,7,0.50473567142857143,0.504735671429,-0.403041368878626,-0.40304136888089725,-0.403041368878626,-4.2857E-13,ELIGIBLE,R03b_20260811_FULL_v1,L1_ELIGIBILITY,v2026-08-11,2026-03-21..2026-08-06,baccarat_bet02_101_all_pairs_incl_sentinel,round_win = game_pnl > 0 (decisive only),COMPATIBILITY_ONLY_NOT_PRODUCTION,1463.5380,1301.6255,-62.1403,394,393,0.04245895,,0.04245895,0.04245895,62.1403,1463.5380,OK,0.0000,-2.4856,4.0000,96.0000,AG03-UNRESOLVED,ALL5_LEVELS_bet23_to_bet27,-2.4856,-2.4856,-2.4856,-2.4856,-2.4856,4.000000,4.000000,4.000000,4.000000,4.000000,96.000000,96.000000,96.000000,96.000000,96.000000,5.0,-12.4281,-11.4728,-49.7122,-50.6675,PENDING_AG03,FALSE,NOT_FOR_ENFORCEMENT,-59.6547,1249.5604,-62.1403,-59.6547,-2.4856,-0.04245895,-0.04076059,-2.4856,-59.6547,-0.04076059,-2.4856,-2.4856,-2.4856,-2.4856,-2.4856,-59.6547,-0.04076059,-12.4281,-11.4728,-49.7122,-50.6675,-0.03396716,-0.03461986,-0.00169836,3.7146,3.3120,-0.1581,-20.7134,-1.1298,487.8460,131.0000,,3.7146,2.1082,2.1082,4.2165,6.3247,8.4329,15.8202,2.1082,0.0,4.0,7.503998,1.761929,16,41,7,3,0E-8,-0.04245895,,0E-8,0.000000,0.889369,0.154822,,2026-04-10,2026-04-12,3,55,28,3,1.000000,,,0.000000,,,,,,,,GLOBAL_BASELINE_NO_ENTITY_RANKING,,,NOT_APPLICABLE_GLOBAL_BASELINE,HF9g-P5,,,,X 全窗基线 · 不参与实体赏罚,3923053,393,A168_HF9F_20260827_0900,2026-08-27 09:00:00
2026-04-12,148462847,1994,0,94.8706596673,8.5805241077,8.5805241077,0.4285714,22,22,0.49872944545454545,0.498729445455,-0.6430109219895449,-0.6430109219937095,-0.6430109219895449,-4.5455E-13,ELIGIBLE,R03b_20260811_FULL_v1,L1_ELIGIBILITY,v2026-08-11,2026-03-21..2026-08-06,baccarat_bet02_101_all_pairs_incl_sentinel,round_win = game_pnl > 0 (decisive only),COMPATIBILITY_ONLY_NOT_PRODUCTION,1463.5380,1301.6255,-62.1403,394,393,0.04245895,,0.04245895,0.04245895,62.1403,1463.5380,OK,0.0000,-2.4856,4.0000,96.0000,AG03-UNRESOLVED,ALL5_LEVELS_bet23_to_bet27,-2.4856,-2.4856,-2.4856,-2.4856,-2.4856,4.000000,4.000000,4.000000,4.000000,4.000000,96.000000,96.000000,96.000000,96.000000,96.000000,5.0,-12.4281,-11.4728,-49.7122,-50.6675,PENDING_AG03,FALSE,NOT_FOR_ENFORCEMENT,-59.6547,1249.5604,-62.1403,-59.6547,-2.4856,-0.04245895,-0.04076059,-2.4856,-59.6547,-0.04076059,-2.4856,-2.4856,-2.4856,-2.4856,-2.4856,-59.6547,-0.04076059,-12.4281,-11.4728,-49.7122,-50.6675,-0.03396716,-0.03461986,-0.00169836,3.7146,3.3120,-0.1581,-20.7134,-1.1298,487.8460,131.0000,,3.7146,2.1082,2.1082,4.2165,6.3247,8.4329,15.8202,2.1082,0.0,4.0,7.503998,1.761929,16,41,7,3,0E-8,-0.04245895,,0E-8,0.000000,0.889369,0.154822,,2026-04-10,2026-04-12,3,55,28,3,1.000000,,,0.000000,,,,,,,,GLOBAL_BASELINE_NO_ENTITY_RANKING,,,NOT_APPLICABLE_GLOBAL_BASELINE,HF9g-P5,,,,X 全窗基线 · 不参与实体赏罚,3923054,393,A168_HF9F_20260827_0900,2026-08-27 09:00:00
2026-04-12,148462847,2101,0,8.4329475260,-4.2164737630,-4.2164737630,0.3333333,3,3,0.49324550000000000,0.493245500000,-0.5540025479526107,-0.5540025479526106,-0.5540025479526107,0E-17,ELIGIBLE,R03b_20260811_FULL_v1,L1_ELIGIBILITY,v2026-08-11,2026-03-21..2026-08-06,baccarat_bet02_101_all_pairs_incl_sentinel,round_win = game_pnl > 0 (decisive only),COMPATIBILITY_ONLY_NOT_PRODUCTION,1463.5380,1301.6255,-62.1403,394,393,0.04245895,,0.04245895,0.04245895,62.1403,1463.5380,OK,0.0000,-2.4856,4.0000,96.0000,AG03-UNRESOLVED,ALL5_LEVELS_bet23_to_bet27,-2.4856,-2.4856,-2.4856,-2.4856,-2.4856,4.000000,4.000000,4.000000,4.000000,4.000000,96.000000,96.000000,96.000000,96.000000,96.000000,5.0,-12.4281,-11.4728,-49.7122,-50.6675,PENDING_AG03,FALSE,NOT_FOR_ENFORCEMENT,-59.6547,1249.5604,-62.1403,-59.6547,-2.4856,-0.04245895,-0.04076059,-2.4856,-59.6547,-0.04076059,-2.4856,-2.4856,-2.4856,-2.4856,-2.4856,-59.6547,-0.04076059,-12.4281,-11.4728,-49.7122,-50.6675,-0.03396716,-0.03461986,-0.00169836,3.7146,3.3120,-0.1581,-20.7134,-1.1298,487.8460,131.0000,,3.7146,2.1082,2.1082,4.2165,6.3247,8.4329,15.8202,2.1082,0.0,4.0,7.503998,1.761929,16,41,7,3,0E-8,-0.04245895,,0E-8,0.000000,0.889369,0.154822,,2026-04-10,2026-04-12,3,55,28,3,1.000000,,,0.000000,,,,,,,,GLOBAL_BASELINE_NO_ENTITY_RANKING,,,NOT_APPLICABLE_GLOBAL_BASELINE,HF9g-P5,,,,X 全窗基线 · 不参与实体赏罚,3923055,393,A168_HF9F_20260827_0900,2026-08-27 09:00:00
2026-04-12,148462847,2170,0,28.6720215883,7.7899352771,7.7899352771,0.7000000,12,12,0.49771390000000000,0.497713900000,1.2793830028141142,1.2793830028141142,1.2793830028141142,0E-17,ELIGIBLE,R03b_20260811_FULL_v1,L1_ELIGIBILITY,v2026-08-11,2026-03-21..2026-08-06,baccarat_bet02_101_all_pairs_incl_sentinel,round_win = game_pnl > 0 (decisive only),COMPATIBILITY_ONLY_NOT_PRODUCTION,1463.5380,1301.6255,-62.1403,394,393,0.04245895,,0.04245895,0.04245895,62.1403,1463.5380,OK,0.0000,-2.4856,4.0000,96.0000,AG03-UNRESOLVED,ALL5_LEVELS_bet23_to_bet27,-2.4856,-2.4856,-2.4856,-2.4856,-2.4856,4.000000,4.000000,4.000000,4.000000,4.000000,96.000000,96.000000,96.000000,96.000000,96.000000,5.0,-12.4281,-11.4728,-49.7122,-50.6675,PENDING_AG03,FALSE,NOT_FOR_ENFORCEMENT,-59.6547,1249.5604,-62.1403,-59.6547,-2.4856,-0.04245895,-0.04076059,-2.4856,-59.6547,-0.04076059,-2.4856,-2.4856,-2.4856,-2.4856,-2.4856,-59.6547,-0.04076059,-12.4281,-11.4728,-49.7122,-50.6675,-0.03396716,-0.03461986,-0.00169836,3.7146,3.3120,-0.1581,-20.7134,-1.1298,487.8460,131.0000,,3.7146,2.1082,2.1082,4.2165,6.3247,8.4329,15.8202,2.1082,0.0,4.0,7.503998,1.761929,16,41,7,3,0E-8,-0.04245895,,0E-8,0.000000,0.889369,0.154822,,2026-04-10,2026-04-12,3,55,28,3,1.000000,,,0.000000,,,,,,,,GLOBAL_BASELINE_NO_ENTITY_RANKING,,,NOT_APPLICABLE_GLOBAL_BASELINE,HF9g-P5,,,,X 全窗基线 · 不参与实体赏罚,3923056,393,A168_HF9F_20260827_0900,2026-08-27 09:00:00
2026-04-12,148462847,2196,0,13.7035397297,-7.3788290852,-7.3788290852,0E-7,3,3,0.49324550000000000,0.493245500000,-1.3952362676504506,-1.3952362676504506,-1.3952362676504506,0E-17,ELIGIBLE,R03b_20260811_FULL_v1,L1_ELIGIBILITY,v2026-08-11,2026-03-21..2026-08-06,baccarat_bet02_101_all_pairs_incl_sentinel,round_win = game_pnl > 0 (decisive only),COMPATIBILITY_ONLY_NOT_PRODUCTION,1463.5380,1301.6255,-62.1403,394,393,0.04245895,,0.04245895,0.04245895,62.1403,1463.5380,OK,0.0000,-2.4856,4.0000,96.0000,AG03-UNRESOLVED,ALL5_LEVELS_bet23_to_bet27,-2.4856,-2.4856,-2.4856,-2.4856,-2.4856,4.000000,4.000000,4.000000,4.000000,4.000000,96.000000,96.000000,96.000000,96.000000,96.000000,5.0,-12.4281,-11.4728,-49.7122,-50.6675,PENDING_AG03,FALSE,NOT_FOR_ENFORCEMENT,-59.6547,1249.5604,-62.1403,-59.6547,-2.4856,-0.04245895,-0.04076059,-2.4856,-59.6547,-0.04076059,-2.4856,-2.4856,-2.4856,-2.4856,-2.4856,-59.6547,-0.04076059,-12.4281,-11.4728,-49.7122,-50.6675,-0.03396716,-0.03461986,-0.00169836,3.7146,3.3120,-0.1581,-20.7134,-1.1298,487.8460,131.0000,,3.7146,2.1082,2.1082,4.2165,6.3247,8.4329,15.8202,2.1082,0.0,4.0,7.503998,1.761929,16,41,7,3,0E-8,-0.04245895,,0E-8,0.000000,0.889369,0.154822,,2026-04-10,2026-04-12,3,55,28,3,1.000000,,,0.000000,,,,,,,,GLOBAL_BASELINE_NO_ENTITY_RANKING,,,NOT_APPLICABLE_GLOBAL_BASELINE,HF9g-P5,,,,X 全窗基线 · 不参与实体赏罚,3923057,393,A168_HF9F_20260827_0900,2026-08-27 09:00:00
2026-05-18,150234102,1221,0,31.1348658607,4.2810440558,4.2810440558,0.5000000,4,4,0.50329940000000000,0.503299400000,-0.01319788734859681,-0.01319788734859681,-0.01319788734859681,0E-17,ELIGIBLE,R03b_20260811_FULL_v1,L1_ELIGIBILITY,v2026-08-11,2026-03-21..2026-08-06,baccarat_bet02_101_all_pairs_incl_sentinel,round_win = game_pnl > 0 (decisive only),COMPATIBILITY_ONLY_NOT_PRODUCTION,99.6316,99.6316,-62.1400,8,8,0.62369792,,0.62369792,0.62369792,62.1400,99.6316,THIN_EXPOSURE,0.0000,-2.4856,4.0000,96.0000,AG03-UNRESOLVED,ALL5_LEVELS_bet23_to_bet27,-2.4856,-2.4856,-2.4856,-2.4856,-2.4856,4.000000,4.000000,4.000000,4.000000,4.000000,96.000000,96.000000,96.000000,96.000000,96.000000,5.0,-12.4280,-11.4727,-49.7120,-50.6673,PENDING_AG03,FALSE,NOT_FOR_ENFORCEMENT,-59.6544,95.6463,-62.1400,-59.6544,-2.4856,-0.62369792,-0.59875000,-2.4856,-59.6544,-0.59875000,-2.4856,-2.4856,-2.4856,-2.4856,-2.4856,-59.6544,-0.59875000,-12.4280,-11.4727,-49.7120,-50.6673,-0.49895833,-0.50854625,-0.02494792,12.4539,12.4539,-7.7675,-62.1400,-31.0700,99.6316,8.0000,,12.4539,5.1891,5.1891,10.3783,40.9423,52.9293,52.9293,5.1891,4.9297,10.2,10.2,2.4,2,2,1,2,0E-8,-0.62369792,,0E-8,0.000000,1.000000,0.000000,,2026-05-18,2026-05-18,1,2,2,1,1.000000,,,0.000000,,,,,,,,GLOBAL_BASELINE_NO_ENTITY_RANKING,,,NOT_APPLICABLE_GLOBAL_BASELINE,HF9g-P5,,,,X 全窗基线 · 不参与实体赏罚,3923058,393,A168_HF9F_20260827_0900,2026-08-27 09:00:00
2026-05-18,150234102,1383,0,68.4967048934,57.8589590577,57.8589590577,0.7500000,4,4,0.49994810000000000,0.499948100000,1.0002076053883384,1.0002076053883384,1.0002076053883384,0E-17,ELIGIBLE,R03b_20260811_FULL_v1,L1_ELIGIBILITY,v2026-08-11,2026-03-21..2026-08-06,baccarat_bet02_101_all_pairs_incl_sentinel,round_win = game_pnl > 0 (decisive only),COMPATIBILITY_ONLY_NOT_PRODUCTION,99.6316,99.6316,-62.1400,8,8,0.62369792,,0.62369792,0.62369792,62.1400,99.6316,THIN_EXPOSURE,0.0000,-2.4856,4.0000,96.0000,AG03-UNRESOLVED,ALL5_LEVELS_bet23_to_bet27,-2.4856,-2.4856,-2.4856,-2.4856,-2.4856,4.000000,4.000000,4.000000,4.000000,4.000000,96.000000,96.000000,96.000000,96.000000,96.000000,5.0,-12.4280,-11.4727,-49.7120,-50.6673,PENDING_AG03,FALSE,NOT_FOR_ENFORCEMENT,-59.6544,95.6463,-62.1400,-59.6544,-2.4856,-0.62369792,-0.59875000,-2.4856,-59.6544,-0.59875000,-2.4856,-2.4856,-2.4856,-2.4856,-2.4856,-59.6544,-0.59875000,-12.4280,-11.4727,-49.7120,-50.6673,-0.49895833,-0.50854625,-0.02494792,12.4539,12.4539,-7.7675,-62.1400,-31.0700,99.6316,8.0000,,12.4539,5.1891,5.1891,10.3783,40.9423,52.9293,52.9293,5.1891,4.9297,10.2,10.2,2.4,2,2,1,2,0E-8,-0.62369792,,0E-8,0.000000,1.000000,0.000000,,2026-05-18,2026-05-18,1,2,2,1,1.000000,,,0.000000,,,,,,,,GLOBAL_BASELINE_NO_ENTITY_RANKING,,,NOT_APPLICABLE_GLOBAL_BASELINE,HF9g-P5,,,,X 全窗基线 · 不参与实体赏罚,3923059,393,A168_HF9F_20260827_0900,2026-08-27 09:00:00
2026-05-21,150369811,986,0,145.2960406832,62.1400031136,62.1400031136,0.7500000,9,9,0.49920336666666667,0.499203366667,1.4187218017428957,1.4187218017410088,1.4187218017428957,-3.3333E-13,ELIGIBLE,R03b_20260811_FULL_v1,L1_ELIGIBILITY,v2026-08-11,2026-03-21..2026-08-06,baccarat_bet02_101_all_pairs_incl_sentinel,round_win = game_pnl > 0 (decisive only),COMPATIBILITY_ONLY_NOT_PRODUCTION,145.2960,132.3232,-62.1400,9,9,0.42767857,,0.42767857,0.42767857,62.1400,145.2960,THIN_EXPOSURE,0.0000,-2.4856,4.0000,96.0000,AG03-UNRESOLVED,ALL5_LEVELS_bet23_to_bet27,-2.4856,-2.4856,-3.1070,-3.1070,-3.1070,4.000000,4.000000,5.000000,5.000000,5.000000,96.000000,96.000000,95.000000,95.000000,95.000000,5.0,-14.2922,-13.0397,-47.8478,-49.1003,PENDING_AG03,FALSE,NOT_FOR_ENFORCEMENT,-59.6544,127.0303,-62.1400,-59.6544,-2.4856,-0.42767857,-0.41057143,-2.4856,-59.6544,-0.41057143,-2.4856,-2.4856,-3.1070,-3.1070,-3.1070,-59.6544,-0.41057143,-14.2922,-13.0397,-47.8478,-49.1003,-0.32931250,-0.33793313,-0.01710714,16.1440,14.7026,-6.9044,-62.1400,-62.1400,145.2960,9.0000,,16.1440,12.3242,18.162,18.162,21.2755,23.3511,23.3511,18.162,17.2539,1.285714,1.285714,0.888889,1,1,1,2,0E-8,-0.42767857,,0E-8,0.000000,0.910714,0.000000,,2026-05-21,2026-05-21,1,1,1,1,1.000000,,,0.000000,,,,,,,,GLOBAL_BASELINE_NO_ENTITY_RANKING,,,NOT_APPLICABLE_GLOBAL_BASELINE,HF9g-P5,,,,X 全窗基线 · 不参与实体赏罚,3923060,393,A168_HF9F_20260827_0900,2026-08-27 09:00:00
2026-05-13,149969683,2123,0,154.8959576570,62.1400031135,62.1400031135,0.7000000,11,11,0.49933877272727273,0.499338772727,1.2690941422840207,1.2690941422857465,1.2690941422840207,2.7273E-13,ELIGIBLE,R03b_20260811_FULL_v1,L1_ELIGIBILITY,v2026-08-11,2026-03-21..2026-08-06,baccarat_bet02_101_all_pairs_incl_sentinel,round_win = game_pnl > 0 (decisive only),COMPATIBILITY_ONLY_NOT_PRODUCTION,154.8960,141.9231,-62.1400,11,11,0.40117253,,0.40117253,0.40117253,62.1400,154.8960,THIN_EXPOSURE,0.0000,-2.4856,4.0000,96.0000,AG03-UNRESOLVED,ALL5_LEVELS_bet23_to_bet27,-2.4856,-2.4856,-2.4856,-2.4856,-2.4856,4.000000,4.000000,4.000000,4.000000,4.000000,96.000000,96.000000,96.000000,96.000000,96.000000,5.0,-12.4280,-11.4727,-49.7120,-50.6673,PENDING_AG03,FALSE,NOT_FOR_ENFORCEMENT,-59.6544,136.2462,-62.1400,-59.6544,-2.4856,-0.40117253,-0.38512563,-2.4856,-59.6544,-0.38512563,-2.4856,-2.4856,-2.4856,-2.4856,-2.4856,-59.6544,-0.38512563,-12.4280,-11.4727,-49.7120,-50.6673,-0.32093802,-0.32710513,-0.01604690,14.0815,12.9021,-5.6491,-62.1400,-62.1400,154.8960,11.0000,,14.0815,12.9729,12.9729,12.9729,17.8507,24.5576,25.1674,12.9729,12.3242,1.893,1.94,1.085455,1,1,1,2,0E-8,-0.40117253,,0E-8,0.000000,0.916248,0.000000,,2026-05-13,2026-05-13,1,1,1,1,1.000000,,,0.000000,,,,,,,,GLOBAL_BASELINE_NO_ENTITY_RANKING,,,NOT_APPLICABLE_GLOBAL_BASELINE,HF9g-P5,,,,X 全窗基线 · 不参与实体赏罚,3923061,393,A168_HF9F_20260827_0900,2026-08-27 09:00:00
2026-05-15,150062754,1318,0,19.9782055939,14.7890612837,14.7890612837,1.0000000,2,1,0.43888716233665561,0.283965900000,1.1307033103548854,1.587938788024013,1.1307033103548854,0.15492126233665561,ELIGIBLE,R03b_20260811_FULL_v1,L1_ELIGIBILITY,v2026-08-11,2026-03-21..2026-08-06,baccarat_bet02_101_all_pairs_incl_sentinel,round_win = game_pnl > 0 (decisive only),COMPATIBILITY_ONLY_NOT_PRODUCTION,1404.9608,1285.6105,-62.1400,31,10,0.04422899,,0.04422899,0.04422899,62.1400,1404.9608,OK,0.0000,-2.4856,4.0000,96.0000,AG03-UNRESOLVED,ALL5_LEVELS_bet23_to_bet27,-2.4856,-2.4856,-2.4856,-3.7284,-3.7284,4.000000,4.000000,4.000000,6.000000,6.000000,96.000000,96.000000,96.000000,94.000000,94.000000,5.0,-14.9136,-13.5619,-47.2264,-48.5781,PENDING_AG03,FALSE,NOT_FOR_ENFORCEMENT,-59.6544,1234.1861,-62.1400,-59.6544,-2.4856,-0.04422899,-0.04245983,-2.4856,-59.6544,-0.04245983,-2.4856,-2.4856,-2.4856,-3.7284,-3.7284,-59.6544,-0.04245983,-14.9136,-13.5619,-47.2264,-48.5781,-0.03361404,-0.03457614,-0.00176916,45.3213,128.5611,-6.2140,-62.1400,-62.1400,1404.9608,10.0000,,45.3213,5.1891,12.9729,43.2645,168.3358,237.9223,259.4572,12.9729,-5.1891,18.340001,20.000001,3.493549,1,2,1,5,0E-8,-0.04422899,,0E-8,0.000000,0.915051,0.000000,,2026-05-15,2026-05-15,1,1,1,1,1.000000,,,0.000000,,,,,,,,GLOBAL_BASELINE_NO_ENTITY_RANKING,,,NOT_APPLICABLE_GLOBAL_BASELINE,HF9g-P5,,,,X 全窗基线 · 不参与实体赏罚,3923062,393,A168_HF9F_20260827_0900,2026-08-27 09:00:00
2026-05-15,150062754,1396,0,1384.9826163668,47.3509418293,47.3509418293,0.6250000,29,9,0.41336435855301277,0.209430829630,1.2155786558569022,2.8886709309371312,1.2155786558569022,0.20393352892301277,ELIGIBLE,R03b_20260811_FULL_v1,L1_ELIGIBILITY,v2026-08-11,2026-03-21..2026-08-06,baccarat_bet02_101_all_pairs_incl_sentinel,round_win = game_pnl > 0 (decisive only),COMPATIBILITY_ONLY_NOT_PRODUCTION,1404.9608,1285.6105,-62.1400,31,10,0.04422899,,0.04422899,0.04422899,62.1400,1404.9608,OK,0.0000,-2.4856,4.0000,96.0000,AG03-UNRESOLVED,ALL5_LEVELS_bet23_to_bet27,-2.4856,-2.4856,-2.4856,-3.7284,-3.7284,4.000000,4.000000,4.000000,6.000000,6.000000,96.000000,96.000000,96.000000,94.000000,94.000000,5.0,-14.9136,-13.5619,-47.2264,-48.5781,PENDING_AG03,FALSE,NOT_FOR_ENFORCEMENT,-59.6544,1234.1861,-62.1400,-59.6544,-2.4856,-0.04422899,-0.04245983,-2.4856,-59.6544,-0.04245983,-2.4856,-2.4856,-2.4856,-3.7284,-3.7284,-59.6544,-0.04245983,-14.9136,-13.5619,-47.2264,-48.5781,-0.03361404,-0.03457614,-0.00176916,45.3213,128.5611,-6.2140,-62.1400,-62.1400,1404.9608,10.0000,,45.3213,5.1891,12.9729,43.2645,168.3358,237.9223,259.4572,12.9729,-5.1891,18.340001,20.000001,3.493549,1,2,1,5,0E-8,-0.04422899,,0E-8,0.000000,0.915051,0.000000,,2026-05-15,2026-05-15,1,1,1,1,1.000000,,,0.000000,,,,,,,,GLOBAL_BASELINE_NO_ENTITY_RANKING,,,NOT_APPLICABLE_GLOBAL_BASELINE,HF9g-P5,,,,X 全窗基线 · 不参与实体赏罚,3923063,393,A168_HF9F_20260827_0900,2026-08-27 09:00:00
2026-06-11,151310518,1485,0,131.6635379432,65.8317689716,65.8317689716,1.0000000,2,2,0.49324550000000000,0.493245500000,1.01360149184955,1.01360149184955,1.01360149184955,0E-17,ELIGIBLE,R03b_20260811_FULL_v1,L1_ELIGIBILITY,v2026-08-11,2026-03-21..2026-08-06,baccarat_bet02_101_all_pairs_incl_sentinel,round_win = game_pnl > 0 (decisive only),COMPATIBILITY_ONLY_NOT_PRODUCTION,178.4658,95.6618,-61.4987,7,7,0.34459654,,0.34459654,0.34459654,61.4987,178.4658,THIN_EXPOSURE,0.0000,-1.8450,3.0000,97.0000,AG03-UNRESOLVED,ALL5_LEVELS_bet23_to_bet27,-1.8450,-1.8450,-1.8450,-2.4599,-2.4599,3.000000,3.000000,3.000000,4.000000,4.000000,97.000000,97.000000,97.000000,96.000000,96.000000,5.0,-10.4548,-9.7709,-51.0439,-51.7278,PENDING_AG03,FALSE,NOT_FOR_ENFORCEMENT,-59.6537,92.7919,-61.4987,-59.6537,-1.8450,-0.34459654,-0.33425865,-1.8450,-59.6537,-0.33425865,-1.8450,-1.8450,-1.8450,-2.4599,-2.4599,-59.6537,-0.33425865,-10.4548,-9.7709,-51.0439,-51.7278,-0.28601513,-0.28984685,-0.01033790,25.4951,13.6660,-8.7855,-30.7494,-15.3747,89.2329,3.5000,,25.4951,8.4861,8.4861,53.6169,65.8318,65.8318,65.8318,4.3716,0.0,7.757576,7.757576,3.004329,3,4,3,2,0E-8,-0.34459654,,0E-8,0.000000,0.536023,0.000000,,2026-06-11,2026-06-14,2,4,4,4,0.500000,,,0.000000,,,,,,,,GLOBAL_BASELINE_NO_ENTITY_RANKING,,,NOT_APPLICABLE_GLOBAL_BASELINE,HF9g-P5,,,,X 全窗基线 · 不参与实体赏罚,3923064,393,A168_HF9F_20260827_0900,2026-08-27 09:00:00
2026-06-14,151310518,1985,0,25.4583794070,-8.4861264690,-8.4861264690,0.5000000,2,2,0.49994810000000000,0.499948100000,0.00014679536856514622,0.00014679536856514622,0.00014679536856514622,0E-17,ELIGIBLE,R03b_20260811_FULL_v1,L1_ELIGIBILITY,v2026-08-11,2026-03-21..2026-08-06,baccarat_bet02_101_all_pairs_incl_sentinel,round_win = game_pnl > 0 (decisive only),COMPATIBILITY_ONLY_NOT_PRODUCTION,178.4658,95.6618,-61.4987,7,7,0.34459654,,0.34459654,0.34459654,61.4987,178.4658,THIN_EXPOSURE,0.0000,-1.8450,3.0000,97.0000,AG03-UNRESOLVED,ALL5_LEVELS_bet23_to_bet27,-1.8450,-1.8450,-1.8450,-2.4599,-2.4599,3.000000,3.000000,3.000000,4.000000,4.000000,97.000000,97.000000,97.000000,96.000000,96.000000,5.0,-10.4548,-9.7709,-51.0439,-51.7278,PENDING_AG03,FALSE,NOT_FOR_ENFORCEMENT,-59.6537,92.7919,-61.4987,-59.6537,-1.8450,-0.34459654,-0.33425865,-1.8450,-59.6537,-0.33425865,-1.8450,-1.8450,-1.8450,-2.4599,-2.4599,-59.6537,-0.33425865,-10.4548,-9.7709,-51.0439,-51.7278,-0.28601513,-0.28984685,-0.01033790,25.4951,13.6660,-8.7855,-30.7494,-15.3747,89.2329,3.5000,,25.4951,8.4861,8.4861,53.6169,65.8318,65.8318,65.8318,4.3716,0.0,7.757576,7.757576,3.004329,3,4,3,2,0E-8,-0.34459654,,0E-8,0.000000,0.536023,0.000000,,2026-06-11,2026-06-14,2,4,4,4,0.500000,,,0.000000,,,,,,,,GLOBAL_BASELINE_NO_ENTITY_RANKING,,,NOT_APPLICABLE_GLOBAL_BASELINE,HF9g-P5,,,,X 全窗基线 · 不参与实体赏罚,3923065,393,A168_HF9F_20260827_0900,2026-08-27 09:00:00
2026-06-14,151310518,772,0,8.4861264690,0E-10,0E-10,,1,1,0.49324550000000000,0.493245500000,,,,0E-17,NO_DECISIVE_ROUND,R03b_20260811_FULL_v1,L1_ELIGIBILITY,v2026-08-11,2026-03-21..2026-08-06,baccarat_bet02_101_all_pairs_incl_sentinel,round_win = game_pnl > 0 (decisive only),COMPATIBILITY_ONLY_NOT_PRODUCTION,178.4658,95.6618,-61.4987,7,7,0.34459654,,0.34459654,0.34459654,61.4987,178.4658,THIN_EXPOSURE,0.0000,-1.8450,3.0000,97.0000,AG03-UNRESOLVED,ALL5_LEVELS_bet23_to_bet27,-1.8450,-1.8450,-1.8450,-2.4599,-2.4599,3.000000,3.000000,3.000000,4.000000,4.000000,97.000000,97.000000,97.000000,96.000000,96.000000,5.0,-10.4548,-9.7709,-51.0439,-51.7278,PENDING_AG03,FALSE,NOT_FOR_ENFORCEMENT,-59.6537,92.7919,-61.4987,-59.6537,-1.8450,-0.34459654,-0.33425865,-1.8450,-59.6537,-0.33425865,-1.8450,-1.8450,-1.8450,-2.4599,-2.4599,-59.6537,-0.33425865,-10.4548,-9.7709,-51.0439,-51.7278,-0.28601513,-0.28984685,-0.01033790,25.4951,13.6660,-8.7855,-30.7494,-15.3747,89.2329,3.5000,,25.4951,8.4861,8.4861,53.6169,65.8318,65.8318,65.8318,4.3716,0.0,7.757576,7.757576,3.004329,3,4,3,2,0E-8,-0.34459654,,0E-8,0.000000,0.536023,0.000000,,2026-06-11,2026-06-14,2,4,4,4,0.500000,,,0.000000,,,,,,,,GLOBAL_BASELINE_NO_ENTITY_RANKING,,,NOT_APPLICABLE_GLOBAL_BASELINE,HF9g-P5,,,,X 全窗基线 · 不参与实体赏罚,3923066,393,A168_HF9F_20260827_0900,2026-08-27 09:00:00
2026-06-14,151310518,919,0,12.8577673773,4.1530588629,4.1530588629,1.0000000,2,2,0.49994810000000000,0.499948100000,1.0001038053877793,1.0001038053877793,1.0001038053877793,0E-17,ELIGIBLE,R03b_20260811_FULL_v1,L1_ELIGIBILITY,v2026-08-11,2026-03-21..2026-08-06,baccarat_bet02_101_all_pairs_incl_sentinel,round_win = game_pnl > 0 (decisive only),COMPATIBILITY_ONLY_NOT_PRODUCTION,178.4658,95.6618,-61.4987,7,7,0.34459654,,0.34459654,0.34459654,61.4987,178.4658,THIN_EXPOSURE,0.0000,-1.8450,3.0000,97.0000,AG03-UNRESOLVED,ALL5_LEVELS_bet23_to_bet27,-1.8450,-1.8450,-1.8450,-2.4599,-2.4599,3.000000,3.000000,3.000000,4.000000,4.000000,97.000000,97.000000,97.000000,96.000000,96.000000,5.0,-10.4548,-9.7709,-51.0439,-51.7278,PENDING_AG03,FALSE,NOT_FOR_ENFORCEMENT,-59.6537,92.7919,-61.4987,-59.6537,-1.8450,-0.34459654,-0.33425865,-1.8450,-59.6537,-0.33425865,-1.8450,-1.8450,-1.8450,-2.4599,-2.4599,-59.6537,-0.33425865,-10.4548,-9.7709,-51.0439,-51.7278,-0.28601513,-0.28984685,-0.01033790,25.4951,13.6660,-8.7855,-30.7494,-15.3747,89.2329,3.5000,,25.4951,8.4861,8.4861,53.6169,65.8318,65.8318,65.8318,4.3716,0.0,7.757576,7.757576,3.004329,3,4,3,2,0E-8,-0.34459654,,0E-8,0.000000,0.536023,0.000000,,2026-06-11,2026-06-14,2,4,4,4,0.500000,,,0.000000,,,,,,,,GLOBAL_BASELINE_NO_ENTITY_RANKING,,,NOT_APPLICABLE_GLOBAL_BASELINE,HF9g-P5,,,,X 全窗基线 · 不参与实体赏罚,3923067,393,A168_HF9F_20260827_0900,2026-08-27 09:00:00
2026-07-08,152723491,-1,1,20.4390303724,20.4390303724,20.4390303724,1.0000000,1,1,0.49324550000000000,0.493245500000,1.01360149184955,1.01360149184955,1.01360149184955,0E-17,SENTINEL_DEALER,R03b_20260811_FULL_v1,L1_ELIGIBILITY,v2026-08-11,2026-03-21..2026-08-06,baccarat_bet02_101_all_pairs_incl_sentinel,round_win = game_pnl > 0 (decisive only),COMPATIBILITY_ONLY_NOT_PRODUCTION,62.1347,62.1347,-62.1347,2,2,1.00000000,1.00000000,,1.00000000,62.1347,62.1347,THIN_EXPOSURE,0.0000,-2.4854,4.0000,96.0000,AG03-UNRESOLVED,ALL5_LEVELS_bet23_to_bet27,-2.4854,-2.4854,-3.1067,-3.1067,-3.1067,4.000000,4.000000,5.000000,5.000000,5.000000,96.000000,96.000000,95.000000,95.000000,95.000000,5.0,-14.2910,-13.0385,-47.8437,-49.0961,PENDING_AG03,FALSE,NOT_FOR_ENFORCEMENT,-59.6493,59.6493,-62.1347,-59.6493,-2.4854,-1.00000000,-0.96000000,-2.4854,-59.6493,-0.96000000,-2.4854,-2.4854,-3.1067,-3.1067,-3.1067,-59.6493,-0.96000000,-14.2910,-13.0385,-47.8437,-49.0961,-0.77000000,-0.7901568,-0.04000000,31.0673,31.0673,-31.0673,-62.1347,-31.0673,62.1347,2.0000,31.0673,,20.439,31.0673,41.6956,41.6956,41.6956,41.6956,31.0673,31.0673,1.342105,1.342105,1.0,2,2,1,1,1.00000000,-1.00000000,-1.00000000,0E-8,0.000000,1.000000,0.000000,,2026-07-08,2026-07-08,1,2,2,1,1.000000,,1.000000,3.333333,,,,,,,,GLOBAL_BASELINE_NO_ENTITY_RANKING,,,NOT_APPLICABLE_GLOBAL_BASELINE,HF9g-P5,,,,X 全窗基线 · 不参与实体赏罚,3923068,393,A168_HF9F_20260827_0900,2026-08-27 09:00:00
2026-07-08,152723491,1115,0,41.6956219597,41.6956219597,41.6956219597,1.0000000,1,1,0.49324550000000000,0.493245500000,1.01360149184955,1.01360149184955,1.01360149184955,0E-17,ELIGIBLE,R03b_20260811_FULL_v1,L1_ELIGIBILITY,v2026-08-11,2026-03-21..2026-08-06,baccarat_bet02_101_all_pairs_incl_sentinel,round_win = game_pnl > 0 (decisive only),COMPATIBILITY_ONLY_NOT_PRODUCTION,62.1347,62.1347,-62.1347,2,2,1.00000000,1.00000000,,1.00000000,62.1347,62.1347,THIN_EXPOSURE,0.0000,-2.4854,4.0000,96.0000,AG03-UNRESOLVED,ALL5_LEVELS_bet23_to_bet27,-2.4854,-2.4854,-3.1067,-3.1067,-3.1067,4.000000,4.000000,5.000000,5.000000,5.000000,96.000000,96.000000,95.000000,95.000000,95.000000,5.0,-14.2910,-13.0385,-47.8437,-49.0961,PENDING_AG03,FALSE,NOT_FOR_ENFORCEMENT,-59.6493,59.6493,-62.1347,-59.6493,-2.4854,-1.00000000,-0.96000000,-2.4854,-59.6493,-0.96000000,-2.4854,-2.4854,-3.1067,-3.1067,-3.1067,-59.6493,-0.96000000,-14.2910,-13.0385,-47.8437,-49.0961,-0.77000000,-0.7901568,-0.04000000,31.0673,31.0673,-31.0673,-62.1347,-31.0673,62.1347,2.0000,31.0673,,20.439,31.0673,41.6956,41.6956,41.6956,41.6956,31.0673,31.0673,1.342105,1.342105,1.0,2,2,1,1,1.00000000,-1.00000000,-1.00000000,0E-8,0.000000,1.000000,0.000000,,2026-07-08,2026-07-08,1,2,2,1,1.000000,,1.000000,3.333333,,,,,,,,GLOBAL_BASELINE_NO_ENTITY_RANKING,,,NOT_APPLICABLE_GLOBAL_BASELINE,HF9g-P5,,,,X 全窗基线 · 不参与实体赏罚,3923069,393,A168_HF9F_20260827_0900,2026-08-27 09:00:00
2026-07-01,152359855,1205,0,65.4048971917,62.1346523321,62.1346523321,1.0000000,1,1,0.50665070000000000,0.506650700000,0.9867858985152569,0.9867858985152569,0.9867858985152569,0E-17,ELIGIBLE,R03b_20260811_FULL_v1,L1_ELIGIBILITY,v2026-08-11,2026-03-21..2026-08-06,baccarat_bet02_101_all_pairs_incl_sentinel,round_win = game_pnl > 0 (decisive only),COMPATIBILITY_ONLY_NOT_PRODUCTION,65.4049,65.4049,-62.1347,1,1,0.95000000,,0.95000000,0.95000000,62.1347,65.4049,THIN_EXPOSURE,0.0000,-2.4854,4.0000,96.0000,AG03-UNRESOLVED,ALL5_LEVELS_bet23_to_bet27,-2.4854,-2.4854,-2.4854,-3.7281,-3.7281,4.000000,4.000000,4.000000,6.000000,6.000000,96.000000,96.000000,96.000000,94.000000,94.000000,5.0,-14.9123,-13.5607,-47.2223,-48.5739,PENDING_AG03,FALSE,NOT_FOR_ENFORCEMENT,-59.6493,62.7887,-62.1347,-59.6493,-2.4854,-0.95000000,-0.91200000,-2.4854,-59.6493,-0.91200000,-2.4854,-2.4854,-2.4854,-3.7281,-3.7281,-59.6493,-0.91200000,-14.9123,-13.5607,-47.2223,-48.5739,-0.72200000,-0.74266509,-0.03800000,65.4049,65.4049,-62.1347,-62.1347,-62.1347,65.4049,1.0000,,65.4049,65.4049,65.4049,65.4049,65.4049,65.4049,65.4049,65.4049,62.1347,1.0,1.0,1.0,1,1,1,1,0E-8,-0.95000000,,0E-8,0.000000,1.000000,0.000000,,2026-07-01,2026-07-01,1,1,1,1,1.000000,,,0.000000,,,,,,,,GLOBAL_BASELINE_NO_ENTITY_RANKING,,,NOT_APPLICABLE_GLOBAL_BASELINE,HF9g-P5,,,,X 全窗基线 · 不参与实体赏罚,3923070,393,A168_HF9F_20260827_0900,2026-08-27 09:00:00
2026-07-05,152610297,2101,0,65.4048971917,62.1346523321,62.1346523321,1.0000000,1,1,0.50665070000000000,0.506650700000,0.9867858985152569,0.9867858985152569,0.9867858985152569,0E-17,ELIGIBLE,R03b_20260811_FULL_v1,L1_ELIGIBILITY,v2026-08-11,2026-03-21..2026-08-06,baccarat_bet02_101_all_pairs_incl_sentinel,round_win = game_pnl > 0 (decisive only),COMPATIBILITY_ONLY_NOT_PRODUCTION,65.4049,65.4049,-62.1347,1,1,0.95000000,,0.95000000,0.95000000,62.1347,65.4049,THIN_EXPOSURE,0.0000,-2.4854,4.0000,96.0000,AG03-UNRESOLVED,ALL5_LEVELS_bet23_to_bet27,-2.4854,-2.4854,-2.4854,-2.4854,-2.4854,4.000000,4.000000,4.000000,4.000000,4.000000,96.000000,96.000000,96.000000,96.000000,96.000000,5.0,-12.4269,-11.4718,-49.7077,-50.6629,PENDING_AG03,FALSE,NOT_FOR_ENFORCEMENT,-59.6493,62.7887,-62.1347,-59.6493,-2.4854,-0.95000000,-0.91200000,-2.4854,-59.6493,-0.91200000,-2.4854,-2.4854,-2.4854,-2.4854,-2.4854,-59.6493,-0.91200000,-12.4269,-11.4718,-49.7077,-50.6629,-0.76000000,-0.77460406,-0.03800000,65.4049,65.4049,-62.1347,-62.1347,-62.1347,65.4049,1.0000,,65.4049,65.4049,65.4049,65.4049,65.4049,65.4049,65.4049,65.4049,62.1347,1.0,1.0,1.0,1,1,1,1,0E-8,-0.95000000,,0E-8,0.000000,1.000000,0.000000,,2026-07-05,2026-07-05,1,1,1,1,1.000000,,,0.000000,,,,,,,,GLOBAL_BASELINE_NO_ENTITY_RANKING,,,NOT_APPLICABLE_GLOBAL_BASELINE,HF9g-P5,,,,X 全窗基线 · 不参与实体赏罚,3923071,393,A168_HF9F_20260827_0900,2026-08-27 09:00:00
2026-07-08,152751054,1017,0,30.6585455586,-30.6585455586,-30.6585455586,0E-7,2,2,0.50665070000000000,0.506650700000,-1.4331513700195317,-1.4331513700195317,-1.4331513700195317,0E-17,ELIGIBLE,R03b_20260811_FULL_v1,L1_ELIGIBILITY,v2026-08-11,2026-03-21..2026-08-06,baccarat_bet02_101_all_pairs_incl_sentinel,round_win = game_pnl > 0 (decisive only),COMPATIBILITY_ONLY_NOT_PRODUCTION,819.6051,768.5075,-62.1347,73,73,0.07581047,0.07581047,,0.07581047,62.1347,819.6051,OK,0.0000,-2.4854,4.0000,96.0000,AG03-UNRESOLVED,ALL5_LEVELS_bet23_to_bet27,-2.4854,-2.4854,-3.1067,-3.7281,-3.7281,4.000000,4.000000,5.000000,6.000000,6.000000,96.000000,96.000000,95.000000,94.000000,94.000000,5.0,-15.5337,-14.0667,-46.6010,-48.068,PENDING_AG03,FALSE,NOT_FOR_ENFORCEMENT,-59.6493,737.7672,-62.1347,-59.6493,-2.4854,-0.07581047,-0.07277805,-2.4854,-59.6493,-0.07277805,-2.4854,-2.4854,-3.1067,-3.7281,-3.7281,-59.6493,-0.07277805,-15.5337,-14.0667,-46.6010,-48.068,-0.05685786,-0.0586477,-0.00303242,11.2275,10.5275,-0.8512,-62.1347,-3.6550,819.6051,73.0000,11.2275,,4.0878,10.2195,12.2634,24.5268,28.6146,46.2331,8.1756,1.9417,2.8,4.524005,1.09863,11,17,1,2,1.00000000,-0.07581047,-0.07581047,0E-8,0.000000,0.937656,0.000000,,2026-07-08,2026-07-08,1,17,11,1,1.000000,,1.000000,3.333333,,,,,,,,GLOBAL_BASELINE_NO_ENTITY_RANKING,,,NOT_APPLICABLE_GLOBAL_BASELINE,HF9g-P5,,,,X 全窗基线 · 不参与实体赏罚,3923072,393,A168_HF9F_20260827_0900,2026-08-27 09:00:00
2026-07-08,152751054,1304,0,4.0878060745,-4.0878060745,-4.0878060745,0E-7,1,1,0.50665070000000000,0.506650700000,-1.013391052207602,-1.013391052207602,-1.013391052207602,0E-17,ELIGIBLE,R03b_20260811_FULL_v1,L1_ELIGIBILITY,v2026-08-11,2026-03-21..2026-08-06,baccarat_bet02_101_all_pairs_incl_sentinel,round_win = game_pnl > 0 (decisive only),COMPATIBILITY_ONLY_NOT_PRODUCTION,819.6051,768.5075,-62.1347,73,73,0.07581047,0.07581047,,0.07581047,62.1347,819.6051,OK,0.0000,-2.4854,4.0000,96.0000,AG03-UNRESOLVED,ALL5_LEVELS_bet23_to_bet27,-2.4854,-2.4854,-3.1067,-3.7281,-3.7281,4.000000,4.000000,5.000000,6.000000,6.000000,96.000000,96.000000,95.000000,94.000000,94.000000,5.0,-15.5337,-14.0667,-46.6010,-48.068,PENDING_AG03,FALSE,NOT_FOR_ENFORCEMENT,-59.6493,737.7672,-62.1347,-59.6493,-2.4854,-0.07581047,-0.07277805,-2.4854,-59.6493,-0.07277805,-2.4854,-2.4854,-3.1067,-3.7281,-3.7281,-59.6493,-0.07277805,-15.5337,-14.0667,-46.6010,-48.068,-0.05685786,-0.0586477,-0.00303242,11.2275,10.5275,-0.8512,-62.1347,-3.6550,819.6051,73.0000,11.2275,,4.0878,10.2195,12.2634,24.5268,28.6146,46.2331,8.1756,1.9417,2.8,4.524005,1.09863,11,17,1,2,1.00000000,-0.07581047,-0.07581047,0E-8,0.000000,0.937656,0.000000,,2026-07-08,2026-07-08,1,17,11,1,1.000000,,1.000000,3.333333,,,,,,,,GLOBAL_BASELINE_NO_ENTITY_RANKING,,,NOT_APPLICABLE_GLOBAL_BASELINE,HF9g-P5,,,,X 全窗基线 · 不参与实体赏罚,3923073,393,A168_HF9F_20260827_0900,2026-08-27 09:00:00
2026-07-08,152751054,1325,0,12.2634182234,12.1612230716,12.1612230716,1.0000000,2,2,0.49994810000000000,0.499948100000,1.4143603653603398,1.4143603653603398,1.4143603653603398,0E-17,ELIGIBLE,R03b_20260811_FULL_v1,L1_ELIGIBILITY,v2026-08-11,2026-03-21..2026-08-06,baccarat_bet02_101_all_pairs_incl_sentinel,round_win = game_pnl > 0 (decisive only),COMPATIBILITY_ONLY_NOT_PRODUCTION,819.6051,768.5075,-62.1347,73,73,0.07581047,0.07581047,,0.07581047,62.1347,819.6051,OK,0.0000,-2.4854,4.0000,96.0000,AG03-UNRESOLVED,ALL5_LEVELS_bet23_to_bet27,-2.4854,-2.4854,-3.1067,-3.7281,-3.7281,4.000000,4.000000,5.000000,6.000000,6.000000,96.000000,96.000000,95.000000,94.000000,94.000000,5.0,-15.5337,-14.0667,-46.6010,-48.068,PENDING_AG03,FALSE,NOT_FOR_ENFORCEMENT,-59.6493,737.7672,-62.1347,-59.6493,-2.4854,-0.07581047,-0.07277805,-2.4854,-59.6493,-0.07277805,-2.4854,-2.4854,-3.1067,-3.7281,-3.7281,-59.6493,-0.07277805,-15.5337,-14.0667,-46.6010,-48.068,-0.05685786,-0.0586477,-0.00303242,11.2275,10.5275,-0.8512,-62.1347,-3.6550,819.6051,73.0000,11.2275,,4.0878,10.2195,12.2634,24.5268,28.6146,46.2331,8.1756,1.9417,2.8,4.524005,1.09863,11,17,1,2,1.00000000,-0.07581047,-0.07581047,0E-8,0.000000,0.937656,0.000000,,2026-07-08,2026-07-08,1,17,11,1,1.000000,,1.000000,3.333333,,,,,,,,GLOBAL_BASELINE_NO_ENTITY_RANKING,,,NOT_APPLICABLE_GLOBAL_BASELINE,HF9g-P5,,,,X 全窗基线 · 不参与实体赏罚,3923074,393,A168_HF9F_20260827_0900,2026-08-27 09:00:00
2026-07-08,152751054,1401,0,47.0097698565,34.5419613294,34.5419613294,0.7500000,8,8,0.49492115000000000,0.494921150000,1.4430183229979692,1.4430183229979692,1.4430183229979692,0E-17,ELIGIBLE,R03b_20260811_FULL_v1,L1_ELIGIBILITY,v2026-08-11,2026-03-21..2026-08-06,baccarat_bet02_101_all_pairs_incl_sentinel,round_win = game_pnl > 0 (decisive only),COMPATIBILITY_ONLY_NOT_PRODUCTION,819.6051,768.5075,-62.1347,73,73,0.07581047,0.07581047,,0.07581047,62.1347,819.6051,OK,0.0000,-2.4854,4.0000,96.0000,AG03-UNRESOLVED,ALL5_LEVELS_bet23_to_bet27,-2.4854,-2.4854,-3.1067,-3.7281,-3.7281,4.000000,4.000000,5.000000,6.000000,6.000000,96.000000,96.000000,95.000000,94.000000,94.000000,5.0,-15.5337,-14.0667,-46.6010,-48.068,PENDING_AG03,FALSE,NOT_FOR_ENFORCEMENT,-59.6493,737.7672,-62.1347,-59.6493,-2.4854,-0.07581047,-0.07277805,-2.4854,-59.6493,-0.07277805,-2.4854,-2.4854,-3.1067,-3.7281,-3.7281,-59.6493,-0.07277805,-15.5337,-14.0667,-46.6010,-48.068,-0.05685786,-0.0586477,-0.00303242,11.2275,10.5275,-0.8512,-62.1347,-3.6550,819.6051,73.0000,11.2275,,4.0878,10.2195,12.2634,24.5268,28.6146,46.2331,8.1756,1.9417,2.8,4.524005,1.09863,11,17,1,2,1.00000000,-0.07581047,-0.07581047,0E-8,0.000000,0.937656,0.000000,,2026-07-08,2026-07-08,1,17,11,1,1.000000,,1.000000,3.333333,,,,,,,,GLOBAL_BASELINE_NO_ENTITY_RANKING,,,NOT_APPLICABLE_GLOBAL_BASELINE,HF9g-P5,,,,X 全窗基线 · 不参与实体赏罚,3923075,393,A168_HF9F_20260827_0900,2026-08-27 09:00:00
2026-07-08,152751054,1485,0,36.7902546703,-36.7902546703,-36.7902546703,0E-7,1,1,0.49324550000000000,0.493245500000,-0.9865810262130424,-0.9865810262130424,-0.9865810262130424,0E-17,ELIGIBLE,R03b_20260811_FULL_v1,L1_ELIGIBILITY,v2026-08-11,2026-03-21..2026-08-06,baccarat_bet02_101_all_pairs_incl_sentinel,round_win = game_pnl > 0 (decisive only),COMPATIBILITY_ONLY_NOT_PRODUCTION,819.6051,768.5075,-62.1347,73,73,0.07581047,0.07581047,,0.07581047,62.1347,819.6051,OK,0.0000,-2.4854,4.0000,96.0000,AG03-UNRESOLVED,ALL5_LEVELS_bet23_to_bet27,-2.4854,-2.4854,-3.1067,-3.7281,-3.7281,4.000000,4.000000,5.000000,6.000000,6.000000,96.000000,96.000000,95.000000,94.000000,94.000000,5.0,-15.5337,-14.0667,-46.6010,-48.068,PENDING_AG03,FALSE,NOT_FOR_ENFORCEMENT,-59.6493,737.7672,-62.1347,-59.6493,-2.4854,-0.07581047,-0.07277805,-2.4854,-59.6493,-0.07277805,-2.4854,-2.4854,-3.1067,-3.7281,-3.7281,-59.6493,-0.07277805,-15.5337,-14.0667,-46.6010,-48.068,-0.05685786,-0.0586477,-0.00303242,11.2275,10.5275,-0.8512,-62.1347,-3.6550,819.6051,73.0000,11.2275,,4.0878,10.2195,12.2634,24.5268,28.6146,46.2331,8.1756,1.9417,2.8,4.524005,1.09863,11,17,1,2,1.00000000,-0.07581047,-0.07581047,0E-8,0.000000,0.937656,0.000000,,2026-07-08,2026-07-08,1,17,11,1,1.000000,,1.000000,3.333333,,,,,,,,GLOBAL_BASELINE_NO_ENTITY_RANKING,,,NOT_APPLICABLE_GLOBAL_BASELINE,HF9g-P5,,,,X 全窗基线 · 不参与实体赏罚,3923076,393,A168_HF9F_20260827_0900,2026-08-27 09:00:00
2026-07-08,152751054,1947,0,28.6146425214,28.6146425214,28.6146425214,1.0000000,1,1,0.49324550000000000,0.493245500000,1.01360149184955,1.01360149184955,1.01360149184955,0E-17,ELIGIBLE,R03b_20260811_FULL_v1,L1_ELIGIBILITY,v2026-08-11,2026-03-21..2026-08-06,baccarat_bet02_101_all_pairs_incl_sentinel,round_win = game_pnl > 0 (decisive only),COMPATIBILITY_ONLY_NOT_PRODUCTION,819.6051,768.5075,-62.1347,73,73,0.07581047,0.07581047,,0.07581047,62.1347,819.6051,OK,0.0000,-2.4854,4.0000,96.0000,AG03-UNRESOLVED,ALL5_LEVELS_bet23_to_bet27,-2.4854,-2.4854,-3.1067,-3.7281,-3.7281,4.000000,4.000000,5.000000,6.000000,6.000000,96.000000,96.000000,95.000000,94.000000,94.000000,5.0,-15.5337,-14.0667,-46.6010,-48.068,PENDING_AG03,FALSE,NOT_FOR_ENFORCEMENT,-59.6493,737.7672,-62.1347,-59.6493,-2.4854,-0.07581047,-0.07277805,-2.4854,-59.6493,-0.07277805,-2.4854,-2.4854,-3.1067,-3.7281,-3.7281,-59.6493,-0.07277805,-15.5337,-14.0667,-46.6010,-48.068,-0.05685786,-0.0586477,-0.00303242,11.2275,10.5275,-0.8512,-62.1347,-3.6550,819.6051,73.0000,11.2275,,4.0878,10.2195,12.2634,24.5268,28.6146,46.2331,8.1756,1.9417,2.8,4.524005,1.09863,11,17,1,2,1.00000000,-0.07581047,-0.07581047,0E-8,0.000000,0.937656,0.000000,,2026-07-08,2026-07-08,1,17,11,1,1.000000,,1.000000,3.333333,,,,,,,,GLOBAL_BASELINE_NO_ENTITY_RANKING,,,NOT_APPLICABLE_GLOBAL_BASELINE,HF9g-P5,,,,X 全窗基线 · 不参与实体赏罚,3923077,393,A168_HF9F_20260827_0900,2026-08-27 09:00:00
2026-07-08,152751054,2093,0,14.3073212607,14.0007358052,14.0007358052,1.0000000,3,3,0.50218230000000000,0.502182300000,1.724507524396475,1.7245075243964754,1.724507524396475,0E-17,ELIGIBLE,R03b_20260811_FULL_v1,L1_ELIGIBILITY,v2026-08-11,2026-03-21..2026-08-06,baccarat_bet02_101_all_pairs_incl_sentinel,round_win = game_pnl > 0 (decisive only),COMPATIBILITY_ONLY_NOT_PRODUCTION,819.6051,768.5075,-62.1347,73,73,0.07581047,0.07581047,,0.07581047,62.1347,819.6051,OK,0.0000,-2.4854,4.0000,96.0000,AG03-UNRESOLVED,ALL5_LEVELS_bet23_to_bet27,-2.4854,-2.4854,-3.1067,-3.7281,-3.7281,4.000000,4.000000,5.000000,6.000000,6.000000,96.000000,96.000000,95.000000,94.000000,94.000000,5.0,-15.5337,-14.0667,-46.6010,-48.068,PENDING_AG03,FALSE,NOT_FOR_ENFORCEMENT,-59.6493,737.7672,-62.1347,-59.6493,-2.4854,-0.07581047,-0.07277805,-2.4854,-59.6493,-0.07277805,-2.4854,-2.4854,-3.1067,-3.7281,-3.7281,-59.6493,-0.07277805,-15.5337,-14.0667,-46.6010,-48.068,-0.05685786,-0.0586477,-0.00303242,11.2275,10.5275,-0.8512,-62.1347,-3.6550,819.6051,73.0000,11.2275,,4.0878,10.2195,12.2634,24.5268,28.6146,46.2331,8.1756,1.9417,2.8,4.524005,1.09863,11,17,1,2,1.00000000,-0.07581047,-0.07581047,0E-8,0.000000,0.937656,0.000000,,2026-07-08,2026-07-08,1,17,11,1,1.000000,,1.000000,3.333333,,,,,,,,GLOBAL_BASELINE_NO_ENTITY_RANKING,,,NOT_APPLICABLE_GLOBAL_BASELINE,HF9g-P5,,,,X 全窗基线 · 不参与实体赏罚,3923078,393,A168_HF9F_20260827_0900,2026-08-27 09:00:00
2026-07-08,152751054,2108,0,40.8780607448,10.2195151862,10.2195151862,0.5000000,3,3,0.49324550000000000,0.493245500000,0.01910635448239258,0.01910635448239258,0.01910635448239258,0E-17,ELIGIBLE,R03b_20260811_FULL_v1,L1_ELIGIBILITY,v2026-08-11,2026-03-21..2026-08-06,baccarat_bet02_101_all_pairs_incl_sentinel,round_win = game_pnl > 0 (decisive only),COMPATIBILITY_ONLY_NOT_PRODUCTION,819.6051,768.5075,-62.1347,73,73,0.07581047,0.07581047,,0.07581047,62.1347,819.6051,OK,0.0000,-2.4854,4.0000,96.0000,AG03-UNRESOLVED,ALL5_LEVELS_bet23_to_bet27,-2.4854,-2.4854,-3.1067,-3.7281,-3.7281,4.000000,4.000000,5.000000,6.000000,6.000000,96.000000,96.000000,95.000000,94.000000,94.000000,5.0,-15.5337,-14.0667,-46.6010,-48.068,PENDING_AG03,FALSE,NOT_FOR_ENFORCEMENT,-59.6493,737.7672,-62.1347,-59.6493,-2.4854,-0.07581047,-0.07277805,-2.4854,-59.6493,-0.07277805,-2.4854,-2.4854,-3.1067,-3.7281,-3.7281,-59.6493,-0.07277805,-15.5337,-14.0667,-46.6010,-48.068,-0.05685786,-0.0586477,-0.00303242,11.2275,10.5275,-0.8512,-62.1347,-3.6550,819.6051,73.0000,11.2275,,4.0878,10.2195,12.2634,24.5268,28.6146,46.2331,8.1756,1.9417,2.8,4.524005,1.09863,11,17,1,2,1.00000000,-0.07581047,-0.07581047,0E-8,0.000000,0.937656,0.000000,,2026-07-08,2026-07-08,1,17,11,1,1.000000,,1.000000,3.333333,,,,,,,,GLOBAL_BASELINE_NO_ENTITY_RANKING,,,NOT_APPLICABLE_GLOBAL_BASELINE,HF9g-P5,,,,X 全窗基线 · 不参与实体赏罚,3923079,393,A168_HF9F_20260827_0900,2026-08-27 09:00:00
2026-07-08,152751054,2129,0,96.0634427503,9.6063442751,9.6063442751,0.4285714,8,8,0.49994810000000000,0.499948100000,-0.377689846057837,-0.377689846057837,-0.377689846057837,0E-17,ELIGIBLE,R03b_20260811_FULL_v1,L1_ELIGIBILITY,v2026-08-11,2026-03-21..2026-08-06,baccarat_bet02_101_all_pairs_incl_sentinel,round_win = game_pnl > 0 (decisive only),COMPATIBILITY_ONLY_NOT_PRODUCTION,819.6051,768.5075,-62.1347,73,73,0.07581047,0.07581047,,0.07581047,62.1347,819.6051,OK,0.0000,-2.4854,4.0000,96.0000,AG03-UNRESOLVED,ALL5_LEVELS_bet23_to_bet27,-2.4854,-2.4854,-3.1067,-3.7281,-3.7281,4.000000,4.000000,5.000000,6.000000,6.000000,96.000000,96.000000,95.000000,94.000000,94.000000,5.0,-15.5337,-14.0667,-46.6010,-48.068,PENDING_AG03,FALSE,NOT_FOR_ENFORCEMENT,-59.6493,737.7672,-62.1347,-59.6493,-2.4854,-0.07581047,-0.07277805,-2.4854,-59.6493,-0.07277805,-2.4854,-2.4854,-3.1067,-3.7281,-3.7281,-59.6493,-0.07277805,-15.5337,-14.0667,-46.6010,-48.068,-0.05685786,-0.0586477,-0.00303242,11.2275,10.5275,-0.8512,-62.1347,-3.6550,819.6051,73.0000,11.2275,,4.0878,10.2195,12.2634,24.5268,28.6146,46.2331,8.1756,1.9417,2.8,4.524005,1.09863,11,17,1,2,1.00000000,-0.07581047,-0.07581047,0E-8,0.000000,0.937656,0.000000,,2026-07-08,2026-07-08,1,17,11,1,1.000000,,1.000000,3.333333,,,,,,,,GLOBAL_BASELINE_NO_ENTITY_RANKING,,,NOT_APPLICABLE_GLOBAL_BASELINE,HF9g-P5,,,,X 全窗基线 · 不参与实体赏罚,3923080,393,A168_HF9F_20260827_0900,2026-08-27 09:00:00
2026-07-08,152751054,2153,0,77.6683154153,19.6214691575,19.6214691575,0.5555556,9,9,0.49920336666666667,0.499203366667,0.33811356248402014,0.33811356248201985,0.33811356248402014,-3.3333E-13,ELIGIBLE,R03b_20260811_FULL_v1,L1_ELIGIBILITY,v2026-08-11,2026-03-21..2026-08-06,baccarat_bet02_101_all_pairs_incl_sentinel,round_win = game_pnl > 0 (decisive only),COMPATIBILITY_ONLY_NOT_PRODUCTION,819.6051,768.5075,-62.1347,73,73,0.07581047,0.07581047,,0.07581047,62.1347,819.6051,OK,0.0000,-2.4854,4.0000,96.0000,AG03-UNRESOLVED,ALL5_LEVELS_bet23_to_bet27,-2.4854,-2.4854,-3.1067,-3.7281,-3.7281,4.000000,4.000000,5.000000,6.000000,6.000000,96.000000,96.000000,95.000000,94.000000,94.000000,5.0,-15.5337,-14.0667,-46.6010,-48.068,PENDING_AG03,FALSE,NOT_FOR_ENFORCEMENT,-59.6493,737.7672,-62.1347,-59.6493,-2.4854,-0.07581047,-0.07277805,-2.4854,-59.6493,-0.07277805,-2.4854,-2.4854,-3.1067,-3.7281,-3.7281,-59.6493,-0.07277805,-15.5337,-14.0667,-46.6010,-48.068,-0.05685786,-0.0586477,-0.00303242,11.2275,10.5275,-0.8512,-62.1347,-3.6550,819.6051,73.0000,11.2275,,4.0878,10.2195,12.2634,24.5268,28.6146,46.2331,8.1756,1.9417,2.8,4.524005,1.09863,11,17,1,2,1.00000000,-0.07581047,-0.07581047,0E-8,0.000000,0.937656,0.000000,,2026-07-08,2026-07-08,1,17,11,1,1.000000,,1.000000,3.333333,,,,,,,,GLOBAL_BASELINE_NO_ENTITY_RANKING,,,NOT_APPLICABLE_GLOBAL_BASELINE,HF9g-P5,,,,X 全窗基线 · 不参与实体赏罚,3923081,393,A168_HF9F_20260827_0900,2026-08-27 09:00:00
2026-07-08,152751054,2209,0,51.0975759309,25.7531782693,25.7531782693,0.6000000,6,6,0.49994810000000000,0.499948100000,0.44744570176651083,0.44744570176651083,0.44744570176651083,0E-17,ELIGIBLE,R03b_20260811_FULL_v1,L1_ELIGIBILITY,v2026-08-11,2026-03-21..2026-08-06,baccarat_bet02_101_all_pairs_incl_sentinel,round_win = game_pnl > 0 (decisive only),COMPATIBILITY_ONLY_NOT_PRODUCTION,819.6051,768.5075,-62.1347,73,73,0.07581047,0.07581047,,0.07581047,62.1347,819.6051,OK,0.0000,-2.4854,4.0000,96.0000,AG03-UNRESOLVED,ALL5_LEVELS_bet23_to_bet27,-2.4854,-2.4854,-3.1067,-3.7281,-3.7281,4.000000,4.000000,5.000000,6.000000,6.000000,96.000000,96.000000,95.000000,94.000000,94.000000,5.0,-15.5337,-14.0667,-46.6010,-48.068,PENDING_AG03,FALSE,NOT_FOR_ENFORCEMENT,-59.6493,737.7672,-62.1347,-59.6493,-2.4854,-0.07581047,-0.07277805,-2.4854,-59.6493,-0.07277805,-2.4854,-2.4854,-3.1067,-3.7281,-3.7281,-59.6493,-0.07277805,-15.5337,-14.0667,-46.6010,-48.068,-0.05685786,-0.0586477,-0.00303242,11.2275,10.5275,-0.8512,-62.1347,-3.6550,819.6051,73.0000,11.2275,,4.0878,10.2195,12.2634,24.5268,28.6146,46.2331,8.1756,1.9417,2.8,4.524005,1.09863,11,17,1,2,1.00000000,-0.07581047,-0.07581047,0E-8,0.000000,0.937656,0.000000,,2026-07-08,2026-07-08,1,17,11,1,1.000000,,1.000000,3.333333,,,,,,,,GLOBAL_BASELINE_NO_ENTITY_RANKING,,,NOT_APPLICABLE_GLOBAL_BASELINE,HF9g-P5,,,,X 全窗基线 · 不参与实体赏罚,3923082,393,A168_HF9F_20260827_0900,2026-08-27 09:00:00
2026-07-08,152751054,2287,0,8.1756121490,8.1756121490,8.1756121490,1.0000000,2,2,0.49324550000000000,0.493245500000,1.4334489766152358,1.4334489766152358,1.4334489766152358,0E-17,ELIGIBLE,R03b_20260811_FULL_v1,L1_ELIGIBILITY,v2026-08-11,2026-03-21..2026-08-06,baccarat_bet02_101_all_pairs_incl_sentinel,round_win = game_pnl > 0 (decisive only),COMPATIBILITY_ONLY_NOT_PRODUCTION,819.6051,768.5075,-62.1347,73,73,0.07581047,0.07581047,,0.07581047,62.1347,819.6051,OK,0.0000,-2.4854,4.0000,96.0000,AG03-UNRESOLVED,ALL5_LEVELS_bet23_to_bet27,-2.4854,-2.4854,-3.1067,-3.7281,-3.7281,4.000000,4.000000,5.000000,6.000000,6.000000,96.000000,96.000000,95.000000,94.000000,94.000000,5.0,-15.5337,-14.0667,-46.6010,-48.068,PENDING_AG03,FALSE,NOT_FOR_ENFORCEMENT,-59.6493,737.7672,-62.1347,-59.6493,-2.4854,-0.07581047,-0.07277805,-2.4854,-59.6493,-0.07277805,-2.4854,-2.4854,-3.1067,-3.7281,-3.7281,-59.6493,-0.07277805,-15.5337,-14.0667,-46.6010,-48.068,-0.05685786,-0.0586477,-0.00303242,11.2275,10.5275,-0.8512,-62.1347,-3.6550,819.6051,73.0000,11.2275,,4.0878,10.2195,12.2634,24.5268,28.6146,46.2331,8.1756,1.9417,2.8,4.524005,1.09863,11,17,1,2,1.00000000,-0.07581047,-0.07581047,0E-8,0.000000,0.937656,0.000000,,2026-07-08,2026-07-08,1,17,11,1,1.000000,,1.000000,3.333333,,,,,,,,GLOBAL_BASELINE_NO_ENTITY_RANKING,,,NOT_APPLICABLE_GLOBAL_BASELINE,HF9g-P5,,,,X 全窗基线 · 不参与实体赏罚,3923083,393,A168_HF9F_20260827_0900,2026-08-27 09:00:00
2026-07-08,152751054,526,0,18.3951273352,-18.3951273352,-18.3951273352,0E-7,2,2,0.49324550000000000,0.493245500000,-1.3952362676504506,-1.3952362676504506,-1.3952362676504506,0E-17,ELIGIBLE,R03b_20260811_FULL_v1,L1_ELIGIBILITY,v2026-08-11,2026-03-21..2026-08-06,baccarat_bet02_101_all_pairs_incl_sentinel,round_win = game_pnl > 0 (decisive only),COMPATIBILITY_ONLY_NOT_PRODUCTION,819.6051,768.5075,-62.1347,73,73,0.07581047,0.07581047,,0.07581047,62.1347,819.6051,OK,0.0000,-2.4854,4.0000,96.0000,AG03-UNRESOLVED,ALL5_LEVELS_bet23_to_bet27,-2.4854,-2.4854,-3.1067,-3.7281,-3.7281,4.000000,4.000000,5.000000,6.000000,6.000000,96.000000,96.000000,95.000000,94.000000,94.000000,5.0,-15.5337,-14.0667,-46.6010,-48.068,PENDING_AG03,FALSE,NOT_FOR_ENFORCEMENT,-59.6493,737.7672,-62.1347,-59.6493,-2.4854,-0.07581047,-0.07277805,-2.4854,-59.6493,-0.07277805,-2.4854,-2.4854,-3.1067,-3.7281,-3.7281,-59.6493,-0.07277805,-15.5337,-14.0667,-46.6010,-48.068,-0.05685786,-0.0586477,-0.00303242,11.2275,10.5275,-0.8512,-62.1347,-3.6550,819.6051,73.0000,11.2275,,4.0878,10.2195,12.2634,24.5268,28.6146,46.2331,8.1756,1.9417,2.8,4.524005,1.09863,11,17,1,2,1.00000000,-0.07581047,-0.07581047,0E-8,0.000000,0.937656,0.000000,,2026-07-08,2026-07-08,1,17,11,1,1.000000,,1.000000,3.333333,,,,,,,,GLOBAL_BASELINE_NO_ENTITY_RANKING,,,NOT_APPLICABLE_GLOBAL_BASELINE,HF9g-P5,,,,X 全窗基线 · 不参与实体赏罚,3923084,393,A168_HF9F_20260827_0900,2026-08-27 09:00:00
2026-07-08,152751054,583,0,16.3512242980,-0.2043903037,-0.2043903037,0.5000000,4,4,0.49659680000000000,0.496596800000,0.013613115331600182,0.013613115331600183,0.013613115331600182,0E-17,ELIGIBLE,R03b_20260811_FULL_v1,L1_ELIGIBILITY,v2026-08-11,2026-03-21..2026-08-06,baccarat_bet02_101_all_pairs_incl_sentinel,round_win = game_pnl > 0 (decisive only),COMPATIBILITY_ONLY_NOT_PRODUCTION,819.6051,768.5075,-62.1347,73,73,0.07581047,0.07581047,,0.07581047,62.1347,819.6051,OK,0.0000,-2.4854,4.0000,96.0000,AG03-UNRESOLVED,ALL5_LEVELS_bet23_to_bet27,-2.4854,-2.4854,-3.1067,-3.7281,-3.7281,4.000000,4.000000,5.000000,6.000000,6.000000,96.000000,96.000000,95.000000,94.000000,94.000000,5.0,-15.5337,-14.0667,-46.6010,-48.068,PENDING_AG03,FALSE,NOT_FOR_ENFORCEMENT,-59.6493,737.7672,-62.1347,-59.6493,-2.4854,-0.07581047,-0.07277805,-2.4854,-59.6493,-0.07277805,-2.4854,-2.4854,-3.1067,-3.7281,-3.7281,-59.6493,-0.07277805,-15.5337,-14.0667,-46.6010,-48.068,-0.05685786,-0.0586477,-0.00303242,11.2275,10.5275,-0.8512,-62.1347,-3.6550,819.6051,73.0000,11.2275,,4.0878,10.2195,12.2634,24.5268,28.6146,46.2331,8.1756,1.9417,2.8,4.524005,1.09863,11,17,1,2,1.00000000,-0.07581047,-0.07581047,0E-8,0.000000,0.937656,0.000000,,2026-07-08,2026-07-08,1,17,11,1,1.000000,,1.000000,3.333333,,,,,,,,GLOBAL_BASELINE_NO_ENTITY_RANKING,,,NOT_APPLICABLE_GLOBAL_BASELINE,HF9g-P5,,,,X 全窗基线 · 不参与实体赏罚,3923085,393,A168_HF9F_20260827_0900,2026-08-27 09:00:00
2026-07-08,152751054,595,0,65.4048971917,-20.4390303725,-20.4390303725,0.5000000,4,4,0.49659680000000000,0.496596800000,0.013613115331600182,0.013613115331600183,0.013613115331600182,0E-17,ELIGIBLE,R03b_20260811_FULL_v1,L1_ELIGIBILITY,v2026-08-11,2026-03-21..2026-08-06,baccarat_bet02_101_all_pairs_incl_sentinel,round_win = game_pnl > 0 (decisive only),COMPATIBILITY_ONLY_NOT_PRODUCTION,819.6051,768.5075,-62.1347,73,73,0.07581047,0.07581047,,0.07581047,62.1347,819.6051,OK,0.0000,-2.4854,4.0000,96.0000,AG03-UNRESOLVED,ALL5_LEVELS_bet23_to_bet27,-2.4854,-2.4854,-3.1067,-3.7281,-3.7281,4.000000,4.000000,5.000000,6.000000,6.000000,96.000000,96.000000,95.000000,94.000000,94.000000,5.0,-15.5337,-14.0667,-46.6010,-48.068,PENDING_AG03,FALSE,NOT_FOR_ENFORCEMENT,-59.6493,737.7672,-62.1347,-59.6493,-2.4854,-0.07581047,-0.07277805,-2.4854,-59.6493,-0.07277805,-2.4854,-2.4854,-3.1067,-3.7281,-3.7281,-59.6493,-0.07277805,-15.5337,-14.0667,-46.6010,-48.068,-0.05685786,-0.0586477,-0.00303242,11.2275,10.5275,-0.8512,-62.1347,-3.6550,819.6051,73.0000,11.2275,,4.0878,10.2195,12.2634,24.5268,28.6146,46.2331,8.1756,1.9417,2.8,4.524005,1.09863,11,17,1,2,1.00000000,-0.07581047,-0.07581047,0E-8,0.000000,0.937656,0.000000,,2026-07-08,2026-07-08,1,17,11,1,1.000000,,1.000000,3.333333,,,,,,,,GLOBAL_BASELINE_NO_ENTITY_RANKING,,,NOT_APPLICABLE_GLOBAL_BASELINE,HF9g-P5,,,,X 全窗基线 · 不参与实体赏罚,3923086,393,A168_HF9F_20260827_0900,2026-08-27 09:00:00
2026-07-08,152751054,789,0,14.3073212607,-6.1317091117,-6.1317091117,0.5000000,2,2,0.49324550000000000,0.493245500000,0.01910635448239258,0.01910635448239258,0.01910635448239258,0E-17,ELIGIBLE,R03b_20260811_FULL_v1,L1_ELIGIBILITY,v2026-08-11,2026-03-21..2026-08-06,baccarat_bet02_101_all_pairs_incl_sentinel,round_win = game_pnl > 0 (decisive only),COMPATIBILITY_ONLY_NOT_PRODUCTION,819.6051,768.5075,-62.1347,73,73,0.07581047,0.07581047,,0.07581047,62.1347,819.6051,OK,0.0000,-2.4854,4.0000,96.0000,AG03-UNRESOLVED,ALL5_LEVELS_bet23_to_bet27,-2.4854,-2.4854,-3.1067,-3.7281,-3.7281,4.000000,4.000000,5.000000,6.000000,6.000000,96.000000,96.000000,95.000000,94.000000,94.000000,5.0,-15.5337,-14.0667,-46.6010,-48.068,PENDING_AG03,FALSE,NOT_FOR_ENFORCEMENT,-59.6493,737.7672,-62.1347,-59.6493,-2.4854,-0.07581047,-0.07277805,-2.4854,-59.6493,-0.07277805,-2.4854,-2.4854,-3.1067,-3.7281,-3.7281,-59.6493,-0.07277805,-15.5337,-14.0667,-46.6010,-48.068,-0.05685786,-0.0586477,-0.00303242,11.2275,10.5275,-0.8512,-62.1347,-3.6550,819.6051,73.0000,11.2275,,4.0878,10.2195,12.2634,24.5268,28.6146,46.2331,8.1756,1.9417,2.8,4.524005,1.09863,11,17,1,2,1.00000000,-0.07581047,-0.07581047,0E-8,0.000000,0.937656,0.000000,,2026-07-08,2026-07-08,1,17,11,1,1.000000,,1.000000,3.333333,,,,,,,,GLOBAL_BASELINE_NO_ENTITY_RANKING,,,NOT_APPLICABLE_GLOBAL_BASELINE,HF9g-P5,,,,X 全窗基线 · 不参与实体赏罚,3923087,393,A168_HF9F_20260827_0900,2026-08-27 09:00:00
2026-07-08,152751054,925,0,257.5317826923,16.1468339944,16.1468339944,0.5000000,15,15,0.49413918000000000,0.494139180000,0.04386137420181407,0.043861374201814074,0.04386137420181407,0E-17,ELIGIBLE,R03b_20260811_FULL_v1,L1_ELIGIBILITY,v2026-08-11,2026-03-21..2026-08-06,baccarat_bet02_101_all_pairs_incl_sentinel,round_win = game_pnl > 0 (decisive only),COMPATIBILITY_ONLY_NOT_PRODUCTION,819.6051,768.5075,-62.1347,73,73,0.07581047,0.07581047,,0.07581047,62.1347,819.6051,OK,0.0000,-2.4854,4.0000,96.0000,AG03-UNRESOLVED,ALL5_LEVELS_bet23_to_bet27,-2.4854,-2.4854,-3.1067,-3.7281,-3.7281,4.000000,4.000000,5.000000,6.000000,6.000000,96.000000,96.000000,95.000000,94.000000,94.000000,5.0,-15.5337,-14.0667,-46.6010,-48.068,PENDING_AG03,FALSE,NOT_FOR_ENFORCEMENT,-59.6493,737.7672,-62.1347,-59.6493,-2.4854,-0.07581047,-0.07277805,-2.4854,-59.6493,-0.07277805,-2.4854,-2.4854,-3.1067,-3.7281,-3.7281,-59.6493,-0.07277805,-15.5337,-14.0667,-46.6010,-48.068,-0.05685786,-0.0586477,-0.00303242,11.2275,10.5275,-0.8512,-62.1347,-3.6550,819.6051,73.0000,11.2275,,4.0878,10.2195,12.2634,24.5268,28.6146,46.2331,8.1756,1.9417,2.8,4.524005,1.09863,11,17,1,2,1.00000000,-0.07581047,-0.07581047,0E-8,0.000000,0.937656,0.000000,,2026-07-08,2026-07-08,1,17,11,1,1.000000,,1.000000,3.333333,,,,,,,,GLOBAL_BASELINE_NO_ENTITY_RANKING,,,NOT_APPLICABLE_GLOBAL_BASELINE,HF9g-P5,,,,X 全窗基线 · 不参与实体赏罚,3923088,393,A168_HF9F_20260827_0900,2026-08-27 09:00:00
2026-08-01,145702262,1307,0,124.5729843579,60.0775691573,60.0775691573,0.7058824,18,18,0.50069283333333333,0.500692833333,1.692037749643793,1.6920377496465402,1.692037749643793,3.3333E-13,ELIGIBLE,R03b_20260811_FULL_v1,L1_ELIGIBILITY,v2026-08-11,2026-03-21..2026-08-06,baccarat_bet02_101_all_pairs_incl_sentinel,round_win = game_pnl > 0 (decisive only),COMPATIBILITY_ONLY_NOT_PRODUCTION,548.6348,510.1071,-62.1324,58,58,0.11324906,0.11324906,,0.11324906,62.1324,548.6348,OK,0.0000,-2.4853,4.0000,96.0000,AG03-UNRESOLVED,ALL5_LEVELS_bet23_to_bet27,-2.4853,-2.4853,-2.4853,-3.1066,-3.1066,4.000000,4.000000,4.000000,5.000000,5.000000,96.000000,96.000000,96.000000,95.000000,95.000000,5.0,-13.6691,-12.5213,-48.4633,-49.6111,PENDING_AG03,FALSE,NOT_FOR_ENFORCEMENT,-59.6471,489.7028,-62.1324,-59.6471,-2.4853,-0.11324906,-0.10871910,-2.4853,-59.6471,-0.10871910,-2.4853,-2.4853,-2.4853,-3.1066,-3.1066,-59.6471,-0.10871910,-13.6691,-12.5213,-48.4633,-49.6111,-0.08833427,-0.09042646,-0.00452996,9.4592,8.7950,-1.0712,-62.1324,-20.7108,548.6348,58.0000,9.4592,,5.137,10.2741,12.8426,17.209,20.5481,25.2742,7.7055,4.8802,2.0,2.460001,0.92069,2,5,1,2,1.00000000,-0.11324906,-0.11324906,0E-8,0.000000,0.929775,0.000000,,2026-08-01,2026-08-01,1,3,2,1,1.000000,,1.000000,3.333333,,,,,,,,GLOBAL_BASELINE_NO_ENTITY_RANKING,,,NOT_APPLICABLE_GLOBAL_BASELINE,HF9g-P5,,,,X 全窗基线 · 不参与实体赏罚,3923089,393,A168_HF9F_20260827_0900,2026-08-27 09:00:00
2026-08-01,145702262,1963,0,43.9216089179,-23.1166362726,-23.1166362726,0.4000000,5,5,0.50128862000000000,0.501288620000,-0.4529779837142727,-0.4529779837142727,-0.4529779837142727,0E-17,ELIGIBLE,R03b_20260811_FULL_v1,L1_ELIGIBILITY,v2026-08-11,2026-03-21..2026-08-06,baccarat_bet02_101_all_pairs_incl_sentinel,round_win = game_pnl > 0 (decisive only),COMPATIBILITY_ONLY_NOT_PRODUCTION,548.6348,510.1071,-62.1324,58,58,0.11324906,0.11324906,,0.11324906,62.1324,548.6348,OK,0.0000,-2.4853,4.0000,96.0000,AG03-UNRESOLVED,ALL5_LEVELS_bet23_to_bet27,-2.4853,-2.4853,-2.4853,-3.1066,-3.1066,4.000000,4.000000,4.000000,5.000000,5.000000,96.000000,96.000000,96.000000,95.000000,95.000000,5.0,-13.6691,-12.5213,-48.4633,-49.6111,PENDING_AG03,FALSE,NOT_FOR_ENFORCEMENT,-59.6471,489.7028,-62.1324,-59.6471,-2.4853,-0.11324906,-0.10871910,-2.4853,-59.6471,-0.10871910,-2.4853,-2.4853,-2.4853,-3.1066,-3.1066,-59.6471,-0.10871910,-13.6691,-12.5213,-48.4633,-49.6111,-0.08833427,-0.09042646,-0.00452996,9.4592,8.7950,-1.0712,-62.1324,-20.7108,548.6348,58.0000,9.4592,,5.137,10.2741,12.8426,17.209,20.5481,25.2742,7.7055,4.8802,2.0,2.460001,0.92069,2,5,1,2,1.00000000,-0.11324906,-0.11324906,0E-8,0.000000,0.929775,0.000000,,2026-08-01,2026-08-01,1,3,2,1,1.000000,,1.000000,3.333333,,,,,,,,GLOBAL_BASELINE_NO_ENTITY_RANKING,,,NOT_APPLICABLE_GLOBAL_BASELINE,HF9g-P5,,,,X 全窗基线 · 不参与实体赏罚,3923090,393,A168_HF9F_20260827_0900,2026-08-27 09:00:00
2026-08-01,145702262,2123,0,66.7813936764,-16.0532196338,-16.0532196338,0.4000000,5,5,0.49860758000000000,0.498607580000,-0.440988213962219,-0.440988213962219,-0.440988213962219,0E-17,ELIGIBLE,R03b_20260811_FULL_v1,L1_ELIGIBILITY,v2026-08-11,2026-03-21..2026-08-06,baccarat_bet02_101_all_pairs_incl_sentinel,round_win = game_pnl > 0 (decisive only),COMPATIBILITY_ONLY_NOT_PRODUCTION,548.6348,510.1071,-62.1324,58,58,0.11324906,0.11324906,,0.11324906,62.1324,548.6348,OK,0.0000,-2.4853,4.0000,96.0000,AG03-UNRESOLVED,ALL5_LEVELS_bet23_to_bet27,-2.4853,-2.4853,-2.4853,-3.1066,-3.1066,4.000000,4.000000,4.000000,5.000000,5.000000,96.000000,96.000000,96.000000,95.000000,95.000000,5.0,-13.6691,-12.5213,-48.4633,-49.6111,PENDING_AG03,FALSE,NOT_FOR_ENFORCEMENT,-59.6471,489.7028,-62.1324,-59.6471,-2.4853,-0.11324906,-0.10871910,-2.4853,-59.6471,-0.10871910,-2.4853,-2.4853,-2.4853,-3.1066,-3.1066,-59.6471,-0.10871910,-13.6691,-12.5213,-48.4633,-49.6111,-0.08833427,-0.09042646,-0.00452996,9.4592,8.7950,-1.0712,-62.1324,-20.7108,548.6348,58.0000,9.4592,,5.137,10.2741,12.8426,17.209,20.5481,25.2742,7.7055,4.8802,2.0,2.460001,0.92069,2,5,1,2,1.00000000,-0.11324906,-0.11324906,0E-8,0.000000,0.929775,0.000000,,2026-08-01,2026-08-01,1,3,2,1,1.000000,,1.000000,3.333333,,,,,,,,GLOBAL_BASELINE_NO_ENTITY_RANKING,,,NOT_APPLICABLE_GLOBAL_BASELINE,HF9g-P5,,,,X 全窗基线 · 不参与实体赏罚,3923091,393,A168_HF9F_20260827_0900,2026-08-27 09:00:00
2026-08-01,145702262,2141,0,105.3091207974,49.9576195002,49.9576195002,0.5454545,12,12,0.49771390000000000,0.497713900000,0.31667892655003893,0.31667892655003893,0.31667892655003893,0E-17,ELIGIBLE,R03b_20260811_FULL_v1,L1_ELIGIBILITY,v2026-08-11,2026-03-21..2026-08-06,baccarat_bet02_101_all_pairs_incl_sentinel,round_win = game_pnl > 0 (decisive only),COMPATIBILITY_ONLY_NOT_PRODUCTION,548.6348,510.1071,-62.1324,58,58,0.11324906,0.11324906,,0.11324906,62.1324,548.6348,OK,0.0000,-2.4853,4.0000,96.0000,AG03-UNRESOLVED,ALL5_LEVELS_bet23_to_bet27,-2.4853,-2.4853,-2.4853,-3.1066,-3.1066,4.000000,4.000000,4.000000,5.000000,5.000000,96.000000,96.000000,96.000000,95.000000,95.000000,5.0,-13.6691,-12.5213,-48.4633,-49.6111,PENDING_AG03,FALSE,NOT_FOR_ENFORCEMENT,-59.6471,489.7028,-62.1324,-59.6471,-2.4853,-0.11324906,-0.10871910,-2.4853,-59.6471,-0.10871910,-2.4853,-2.4853,-2.4853,-3.1066,-3.1066,-59.6471,-0.10871910,-13.6691,-12.5213,-48.4633,-49.6111,-0.08833427,-0.09042646,-0.00452996,9.4592,8.7950,-1.0712,-62.1324,-20.7108,548.6348,58.0000,9.4592,,5.137,10.2741,12.8426,17.209,20.5481,25.2742,7.7055,4.8802,2.0,2.460001,0.92069,2,5,1,2,1.00000000,-0.11324906,-0.11324906,0E-8,0.000000,0.929775,0.000000,,2026-08-01,2026-08-01,1,3,2,1,1.000000,,1.000000,3.333333,,,,,,,,GLOBAL_BASELINE_NO_ENTITY_RANKING,,,NOT_APPLICABLE_GLOBAL_BASELINE,HF9g-P5,,,,X 全窗基线 · 不参与实体赏罚,3923092,393,A168_HF9F_20260827_0900,2026-08-27 09:00:00
2026-08-01,145702262,2201,0,208.0497264534,-8.7329514807,-8.7329514807,0.6470588,18,18,0.49696916666666667,0.496969166667,1.2376937561121353,1.2376937561093815,1.2376937561121353,-3.3333E-13,ELIGIBLE,R03b_20260811_FULL_v1,L1_ELIGIBILITY,v2026-08-11,2026-03-21..2026-08-06,baccarat_bet02_101_all_pairs_incl_sentinel,round_win = game_pnl > 0 (decisive only),COMPATIBILITY_ONLY_NOT_PRODUCTION,548.6348,510.1071,-62.1324,58,58,0.11324906,0.11324906,,0.11324906,62.1324,548.6348,OK,0.0000,-2.4853,4.0000,96.0000,AG03-UNRESOLVED,ALL5_LEVELS_bet23_to_bet27,-2.4853,-2.4853,-2.4853,-3.1066,-3.1066,4.000000,4.000000,4.000000,5.000000,5.000000,96.000000,96.000000,96.000000,95.000000,95.000000,5.0,-13.6691,-12.5213,-48.4633,-49.6111,PENDING_AG03,FALSE,NOT_FOR_ENFORCEMENT,-59.6471,489.7028,-62.1324,-59.6471,-2.4853,-0.11324906,-0.10871910,-2.4853,-59.6471,-0.10871910,-2.4853,-2.4853,-2.4853,-3.1066,-3.1066,-59.6471,-0.10871910,-13.6691,-12.5213,-48.4633,-49.6111,-0.08833427,-0.09042646,-0.00452996,9.4592,8.7950,-1.0712,-62.1324,-20.7108,548.6348,58.0000,9.4592,,5.137,10.2741,12.8426,17.209,20.5481,25.2742,7.7055,4.8802,2.0,2.460001,0.92069,2,5,1,2,1.00000000,-0.11324906,-0.11324906,0E-8,0.000000,0.929775,0.000000,,2026-08-01,2026-08-01,1,3,2,1,1.000000,,1.000000,3.333333,,,,,,,,GLOBAL_BASELINE_NO_ENTITY_RANKING,,,NOT_APPLICABLE_GLOBAL_BASELINE,HF9g-P5,,,,X 全窗基线 · 不参与实体赏罚,3923093,393,A168_HF9F_20260827_0900,2026-08-27 09:00:00
2026-05-13,149975193,1400,0,75.2425924965,23.0916921799,23.0916921799,0.6250000,9,9,0.49622443333333333,0.496224433333,0.7284853808030249,0.7284853808049142,0.7284853808030249,3.3333E-13,ELIGIBLE,R03b_20260811_FULL_v1,L1_ELIGIBILITY,v2026-08-11,2026-03-21..2026-08-06,baccarat_bet02_101_all_pairs_incl_sentinel,round_win = game_pnl > 0 (decisive only),COMPATIBILITY_ONLY_NOT_PRODUCTION,155.6743,134.9178,-61.4914,22,22,0.39500000,,0.39500000,0.39500000,61.4914,155.6743,THIN_EXPOSURE,0.0000,-1.8447,3.0000,97.0000,AG03-UNRESOLVED,ALL5_LEVELS_bet23_to_bet27,-1.8447,-1.8447,-1.8447,-2.4597,-2.4597,3.000000,3.000000,3.000000,4.000000,4.000000,97.000000,97.000000,97.000000,96.000000,96.000000,5.0,-10.4535,-9.7698,-51.0378,-51.7216,PENDING_AG03,FALSE,NOT_FOR_ENFORCEMENT,-59.6466,130.8702,-61.4914,-59.6466,-1.8447,-0.39500000,-0.38315000,-1.8447,-59.6466,-0.38315000,-1.8447,-1.8447,-1.8447,-2.4597,-2.4597,-59.6466,-0.38315000,-10.4535,-9.7698,-51.0378,-51.7216,-0.32785000,-0.33224218,-0.01185000,7.0761,6.1326,-2.7951,-61.4914,-15.3728,155.6743,22.0000,,7.0761,5.1891,5.1891,7.7837,11.935,15.5674,15.5674,5.1891,5.0594,3.0,3.0,1.363636,4,5,1,2,0E-8,-0.39500000,,0E-8,0.000000,0.866667,0.000000,,2026-05-13,2026-05-13,1,4,4,1,1.000000,,,0.000000,,,,,,,,GLOBAL_BASELINE_NO_ENTITY_RANKING,,,NOT_APPLICABLE_GLOBAL_BASELINE,HF9g-P5,,,,X 全窗基线 · 不参与实体赏罚,3923094,393,A168_HF9F_20260827_0900,2026-08-27 09:00:00
2026-05-13,149975193,1490,0,10.3782886202,10.3782886202,10.3782886202,1.0000000,1,1,0.49324550000000000,0.493245500000,1.01360149184955,1.01360149184955,1.01360149184955,0E-17,ELIGIBLE,R03b_20260811_FULL_v1,L1_ELIGIBILITY,v2026-08-11,2026-03-21..2026-08-06,baccarat_bet02_101_all_pairs_incl_sentinel,round_win = game_pnl > 0 (decisive only),COMPATIBILITY_ONLY_NOT_PRODUCTION,155.6743,134.9178,-61.4914,22,22,0.39500000,,0.39500000,0.39500000,61.4914,155.6743,THIN_EXPOSURE,0.0000,-1.8447,3.0000,97.0000,AG03-UNRESOLVED,ALL5_LEVELS_bet23_to_bet27,-1.8447,-1.8447,-1.8447,-2.4597,-2.4597,3.000000,3.000000,3.000000,4.000000,4.000000,97.000000,97.000000,97.000000,96.000000,96.000000,5.0,-10.4535,-9.7698,-51.0378,-51.7216,PENDING_AG03,FALSE,NOT_FOR_ENFORCEMENT,-59.6466,130.8702,-61.4914,-59.6466,-1.8447,-0.39500000,-0.38315000,-1.8447,-59.6466,-0.38315000,-1.8447,-1.8447,-1.8447,-2.4597,-2.4597,-59.6466,-0.38315000,-10.4535,-9.7698,-51.0378,-51.7216,-0.32785000,-0.33224218,-0.01185000,7.0761,6.1326,-2.7951,-61.4914,-15.3728,155.6743,22.0000,,7.0761,5.1891,5.1891,7.7837,11.935,15.5674,15.5674,5.1891,5.0594,3.0,3.0,1.363636,4,5,1,2,0E-8,-0.39500000,,0E-8,0.000000,0.866667,0.000000,,2026-05-13,2026-05-13,1,4,4,1,1.000000,,,0.000000,,,,,,,,GLOBAL_BASELINE_NO_ENTITY_RANKING,,,NOT_APPLICABLE_GLOBAL_BASELINE,HF9g-P5,,,,X 全窗基线 · 不参与实体赏罚,3923095,393,A168_HF9F_20260827_0900,2026-08-27 09:00:00
2026-05-13,149975193,2169,0,33.7294380157,17.6430906543,17.6430906543,0.8000000,5,5,0.50128862000000000,0.501288620000,1.335882339249048,1.335882339249048,1.335882339249048,0E-17,ELIGIBLE,R03b_20260811_FULL_v1,L1_ELIGIBILITY,v2026-08-11,2026-03-21..2026-08-06,baccarat_bet02_101_all_pairs_incl_sentinel,round_win = game_pnl > 0 (decisive only),COMPATIBILITY_ONLY_NOT_PRODUCTION,155.6743,134.9178,-61.4914,22,22,0.39500000,,0.39500000,0.39500000,61.4914,155.6743,THIN_EXPOSURE,0.0000,-1.8447,3.0000,97.0000,AG03-UNRESOLVED,ALL5_LEVELS_bet23_to_bet27,-1.8447,-1.8447,-1.8447,-2.4597,-2.4597,3.000000,3.000000,3.000000,4.000000,4.000000,97.000000,97.000000,97.000000,96.000000,96.000000,5.0,-10.4535,-9.7698,-51.0378,-51.7216,PENDING_AG03,FALSE,NOT_FOR_ENFORCEMENT,-59.6466,130.8702,-61.4914,-59.6466,-1.8447,-0.39500000,-0.38315000,-1.8447,-59.6466,-0.38315000,-1.8447,-1.8447,-1.8447,-2.4597,-2.4597,-59.6466,-0.38315000,-10.4535,-9.7698,-51.0378,-51.7216,-0.32785000,-0.33224218,-0.01185000,7.0761,6.1326,-2.7951,-61.4914,-15.3728,155.6743,22.0000,,7.0761,5.1891,5.1891,7.7837,11.935,15.5674,15.5674,5.1891,5.0594,3.0,3.0,1.363636,4,5,1,2,0E-8,-0.39500000,,0E-8,0.000000,0.866667,0.000000,,2026-05-13,2026-05-13,1,4,4,1,1.000000,,,0.000000,,,,,,,,GLOBAL_BASELINE_NO_ENTITY_RANKING,,,NOT_APPLICABLE_GLOBAL_BASELINE,HF9g-P5,,,,X 全窗基线 · 不参与实体赏罚,3923096,393,A168_HF9F_20260827_0900,2026-08-27 09:00:00
2026-05-13,149975193,2251,0,10.3782886202,0E-10,0E-10,0.5000000,2,2,0.49324550000000000,0.493245500000,0.01910635448239258,0.01910635448239258,0.01910635448239258,0E-17,ELIGIBLE,R03b_20260811_FULL_v1,L1_ELIGIBILITY,v2026-08-11,2026-03-21..2026-08-06,baccarat_bet02_101_all_pairs_incl_sentinel,round_win = game_pnl > 0 (decisive only),COMPATIBILITY_ONLY_NOT_PRODUCTION,155.6743,134.9178,-61.4914,22,22,0.39500000,,0.39500000,0.39500000,61.4914,155.6743,THIN_EXPOSURE,0.0000,-1.8447,3.0000,97.0000,AG03-UNRESOLVED,ALL5_LEVELS_bet23_to_bet27,-1.8447,-1.8447,-1.8447,-2.4597,-2.4597,3.000000,3.000000,3.000000,4.000000,4.000000,97.000000,97.000000,97.000000,96.000000,96.000000,5.0,-10.4535,-9.7698,-51.0378,-51.7216,PENDING_AG03,FALSE,NOT_FOR_ENFORCEMENT,-59.6466,130.8702,-61.4914,-59.6466,-1.8447,-0.39500000,-0.38315000,-1.8447,-59.6466,-0.38315000,-1.8447,-1.8447,-1.8447,-2.4597,-2.4597,-59.6466,-0.38315000,-10.4535,-9.7698,-51.0378,-51.7216,-0.32785000,-0.33224218,-0.01185000,7.0761,6.1326,-2.7951,-61.4914,-15.3728,155.6743,22.0000,,7.0761,5.1891,5.1891,7.7837,11.935,15.5674,15.5674,5.1891,5.0594,3.0,3.0,1.363636,4,5,1,2,0E-8,-0.39500000,,0E-8,0.000000,0.866667,0.000000,,2026-05-13,2026-05-13,1,4,4,1,1.000000,,,0.000000,,,,,,,,GLOBAL_BASELINE_NO_ENTITY_RANKING,,,NOT_APPLICABLE_GLOBAL_BASELINE,HF9g-P5,,,,X 全窗基线 · 不参与实体赏罚,3923097,393,A168_HF9F_20260827_0900,2026-08-27 09:00:00
2026-05-13,149975193,948,0,25.9457215505,10.3782886202,10.3782886202,0.7500000,5,5,0.49592654000000000,0.495926540000,1.0163275685615971,1.0163275685615971,1.0163275685615971,0E-17,ELIGIBLE,R03b_20260811_FULL_v1,L1_ELIGIBILITY,v2026-08-11,2026-03-21..2026-08-06,baccarat_bet02_101_all_pairs_incl_sentinel,round_win = game_pnl > 0 (decisive only),COMPATIBILITY_ONLY_NOT_PRODUCTION,155.6743,134.9178,-61.4914,22,22,0.39500000,,0.39500000,0.39500000,61.4914,155.6743,THIN_EXPOSURE,0.0000,-1.8447,3.0000,97.0000,AG03-UNRESOLVED,ALL5_LEVELS_bet23_to_bet27,-1.8447,-1.8447,-1.8447,-2.4597,-2.4597,3.000000,3.000000,3.000000,4.000000,4.000000,97.000000,97.000000,97.000000,96.000000,96.000000,5.0,-10.4535,-9.7698,-51.0378,-51.7216,PENDING_AG03,FALSE,NOT_FOR_ENFORCEMENT,-59.6466,130.8702,-61.4914,-59.6466,-1.8447,-0.39500000,-0.38315000,-1.8447,-59.6466,-0.38315000,-1.8447,-1.8447,-1.8447,-2.4597,-2.4597,-59.6466,-0.38315000,-10.4535,-9.7698,-51.0378,-51.7216,-0.32785000,-0.33224218,-0.01185000,7.0761,6.1326,-2.7951,-61.4914,-15.3728,155.6743,22.0000,,7.0761,5.1891,5.1891,7.7837,11.935,15.5674,15.5674,5.1891,5.0594,3.0,3.0,1.363636,4,5,1,2,0E-8,-0.39500000,,0E-8,0.000000,0.866667,0.000000,,2026-05-13,2026-05-13,1,4,4,1,1.000000,,,0.000000,,,,,,,,GLOBAL_BASELINE_NO_ENTITY_RANKING,,,NOT_APPLICABLE_GLOBAL_BASELINE,HF9g-P5,,,,X 全窗基线 · 不参与实体赏罚,3923098,393,A168_HF9F_20260827_0900,2026-08-27 09:00:00
2026-05-16,150117492,-1,1,518.9144310100,-27.7619220589,-27.7619220589,0.4767442,100,100,0.50088646400000000,0.500886464000,-0.4477732544432344,-0.4477732544432344,-0.4477732544432344,0E-17,SENTINEL_DEALER,R03b_20260811_FULL_v1,L1_ELIGIBILITY,v2026-08-11,2026-03-21..2026-08-06,baccarat_bet02_101_all_pairs_incl_sentinel,round_win = game_pnl > 0 (decisive only),COMPATIBILITY_ONLY_NOT_PRODUCTION,1561.9324,1328.4209,-61.4914,272,272,0.03936877,,0.03936877,0.03936877,61.4914,1561.9324,OK,0.0000,-1.8447,3.0000,97.0000,AG03-UNRESOLVED,ALL5_LEVELS_bet23_to_bet27,-1.8447,-1.8447,-1.8447,-2.4597,-2.4597,3.000000,3.000000,3.000000,4.000000,4.000000,97.000000,97.000000,97.000000,96.000000,96.000000,5.0,-10.4535,-9.7698,-51.0378,-51.7216,PENDING_AG03,FALSE,NOT_FOR_ENFORCEMENT,-59.6466,1288.5683,-61.4914,-59.6466,-1.8447,-0.03936877,-0.03818771,-1.8447,-59.6466,-0.03818771,-1.8447,-1.8447,-1.8447,-2.4597,-2.4597,-59.6466,-0.03818771,-10.4535,-9.7698,-51.0378,-51.7216,-0.03267608,-0.03311384,-0.00118106,5.7424,4.8839,-0.2261,-61.4914,-1.0249,1561.9324,272.0000,,5.7424,5.1891,5.1891,5.1891,5.1891,5.1891,9.2367,5.1891,0.0,1.0,1.779999,1.106618,29,34,1,2,0E-8,-0.03936877,,0E-8,0.000000,0.850498,0.000000,,2026-05-16,2026-05-16,1,60,29,1,1.000000,,,0.000000,,,,,,,,GLOBAL_BASELINE_NO_ENTITY_RANKING,,,NOT_APPLICABLE_GLOBAL_BASELINE,HF9g-P5,,,,X 全窗基线 · 不参与实体赏罚,3923099,393,A168_HF9F_20260827_0900,2026-08-27 09:00:00
2026-05-16,150117492,1115,0,15.5674329303,-5.1891443101,-5.1891443101,0E-7,3,3,0.49324550000000000,0.493245500000,-0.9865810262130424,-0.9865810262130424,-0.9865810262130424,0E-17,ELIGIBLE,R03b_20260811_FULL_v1,L1_ELIGIBILITY,v2026-08-11,2026-03-21..2026-08-06,baccarat_bet02_101_all_pairs_incl_sentinel,round_win = game_pnl > 0 (decisive only),COMPATIBILITY_ONLY_NOT_PRODUCTION,1561.9324,1328.4209,-61.4914,272,272,0.03936877,,0.03936877,0.03936877,61.4914,1561.9324,OK,0.0000,-1.8447,3.0000,97.0000,AG03-UNRESOLVED,ALL5_LEVELS_bet23_to_bet27,-1.8447,-1.8447,-1.8447,-2.4597,-2.4597,3.000000,3.000000,3.000000,4.000000,4.000000,97.000000,97.000000,97.000000,96.000000,96.000000,5.0,-10.4535,-9.7698,-51.0378,-51.7216,PENDING_AG03,FALSE,NOT_FOR_ENFORCEMENT,-59.6466,1288.5683,-61.4914,-59.6466,-1.8447,-0.03936877,-0.03818771,-1.8447,-59.6466,-0.03818771,-1.8447,-1.8447,-1.8447,-2.4597,-2.4597,-59.6466,-0.03818771,-10.4535,-9.7698,-51.0378,-51.7216,-0.03267608,-0.03311384,-0.00118106,5.7424,4.8839,-0.2261,-61.4914,-1.0249,1561.9324,272.0000,,5.7424,5.1891,5.1891,5.1891,5.1891,5.1891,9.2367,5.1891,0.0,1.0,1.779999,1.106618,29,34,1,2,0E-8,-0.03936877,,0E-8,0.000000,0.850498,0.000000,,2026-05-16,2026-05-16,1,60,29,1,1.000000,,,0.000000,,,,,,,,GLOBAL_BASELINE_NO_ENTITY_RANKING,,,NOT_APPLICABLE_GLOBAL_BASELINE,HF9g-P5,,,,X 全窗基线 · 不参与实体赏罚,3923100,393,A168_HF9F_20260827_0900,2026-08-27 09:00:00
2026-05-16,150117492,1299,0,5.1891443101,5.1891443101,5.1891443101,1.0000000,1,1,0.49324550000000000,0.493245500000,1.01360149184955,1.01360149184955,1.01360149184955,0E-17,ELIGIBLE,R03b_20260811_FULL_v1,L1_ELIGIBILITY,v2026-08-11,2026-03-21..2026-08-06,baccarat_bet02_101_all_pairs_incl_sentinel,round_win = game_pnl > 0 (decisive only),COMPATIBILITY_ONLY_NOT_PRODUCTION,1561.9324,1328.4209,-61.4914,272,272,0.03936877,,0.03936877,0.03936877,61.4914,1561.9324,OK,0.0000,-1.8447,3.0000,97.0000,AG03-UNRESOLVED,ALL5_LEVELS_bet23_to_bet27,-1.8447,-1.8447,-1.8447,-2.4597,-2.4597,3.000000,3.000000,3.000000,4.000000,4.000000,97.000000,97.000000,97.000000,96.000000,96.000000,5.0,-10.4535,-9.7698,-51.0378,-51.7216,PENDING_AG03,FALSE,NOT_FOR_ENFORCEMENT,-59.6466,1288.5683,-61.4914,-59.6466,-1.8447,-0.03936877,-0.03818771,-1.8447,-59.6466,-0.03818771,-1.8447,-1.8447,-1.8447,-2.4597,-2.4597,-59.6466,-0.03818771,-10.4535,-9.7698,-51.0378,-51.7216,-0.03267608,-0.03311384,-0.00118106,5.7424,4.8839,-0.2261,-61.4914,-1.0249,1561.9324,272.0000,,5.7424,5.1891,5.1891,5.1891,5.1891,5.1891,9.2367,5.1891,0.0,1.0,1.779999,1.106618,29,34,1,2,0E-8,-0.03936877,,0E-8,0.000000,0.850498,0.000000,,2026-05-16,2026-05-16,1,60,29,1,1.000000,,,0.000000,,,,,,,,GLOBAL_BASELINE_NO_ENTITY_RANKING,,,NOT_APPLICABLE_GLOBAL_BASELINE,HF9g-P5,,,,X 全窗基线 · 不参与实体赏罚,3923101,393,A168_HF9F_20260827_0900,2026-08-27 09:00:00
2026-05-16,150117492,1353,0,10.3782886202,10.3782886202,10.3782886202,1.0000000,2,2,0.49324550000000000,0.493245500000,1.4334489766152358,1.4334489766152358,1.4334489766152358,0E-17,ELIGIBLE,R03b_20260811_FULL_v1,L1_ELIGIBILITY,v2026-08-11,2026-03-21..2026-08-06,baccarat_bet02_101_all_pairs_incl_sentinel,round_win = game_pnl > 0 (decisive only),COMPATIBILITY_ONLY_NOT_PRODUCTION,1561.9324,1328.4209,-61.4914,272,272,0.03936877,,0.03936877,0.03936877,61.4914,1561.9324,OK,0.0000,-1.8447,3.0000,97.0000,AG03-UNRESOLVED,ALL5_LEVELS_bet23_to_bet27,-1.8447,-1.8447,-1.8447,-2.4597,-2.4597,3.000000,3.000000,3.000000,4.000000,4.000000,97.000000,97.000000,97.000000,96.000000,96.000000,5.0,-10.4535,-9.7698,-51.0378,-51.7216,PENDING_AG03,FALSE,NOT_FOR_ENFORCEMENT,-59.6466,1288.5683,-61.4914,-59.6466,-1.8447,-0.03936877,-0.03818771,-1.8447,-59.6466,-0.03818771,-1.8447,-1.8447,-1.8447,-2.4597,-2.4597,-59.6466,-0.03818771,-10.4535,-9.7698,-51.0378,-51.7216,-0.03267608,-0.03311384,-0.00118106,5.7424,4.8839,-0.2261,-61.4914,-1.0249,1561.9324,272.0000,,5.7424,5.1891,5.1891,5.1891,5.1891,5.1891,9.2367,5.1891,0.0,1.0,1.779999,1.106618,29,34,1,2,0E-8,-0.03936877,,0E-8,0.000000,0.850498,0.000000,,2026-05-16,2026-05-16,1,60,29,1,1.000000,,,0.000000,,,,,,,,GLOBAL_BASELINE_NO_ENTITY_RANKING,,,NOT_APPLICABLE_GLOBAL_BASELINE,HF9g-P5,,,,X 全窗基线 · 不参与实体赏罚,3923102,393,A168_HF9F_20260827_0900,2026-08-27 09:00:00
2026-05-16,150117492,1400,0,41.5131544808,4.6702298791,4.6702298791,0.5714286,8,8,0.50162375000000000,0.501623750000,0.36937434338991915,0.36937434338991915,0.36937434338991915,0E-17,ELIGIBLE,R03b_20260811_FULL_v1,L1_ELIGIBILITY,v2026-08-11,2026-03-21..2026-08-06,baccarat_bet02_101_all_pairs_incl_sentinel,round_win = game_pnl > 0 (decisive only),COMPATIBILITY_ONLY_NOT_PRODUCTION,1561.9324,1328.4209,-61.4914,272,272,0.03936877,,0.03936877,0.03936877,61.4914,1561.9324,OK,0.0000,-1.8447,3.0000,97.0000,AG03-UNRESOLVED,ALL5_LEVELS_bet23_to_bet27,-1.8447,-1.8447,-1.8447,-2.4597,-2.4597,3.000000,3.000000,3.000000,4.000000,4.000000,97.000000,97.000000,97.000000,96.000000,96.000000,5.0,-10.4535,-9.7698,-51.0378,-51.7216,PENDING_AG03,FALSE,NOT_FOR_ENFORCEMENT,-59.6466,1288.5683,-61.4914,-59.6466,-1.8447,-0.03936877,-0.03818771,-1.8447,-59.6466,-0.03818771,-1.8447,-1.8447,-1.8447,-2.4597,-2.4597,-59.6466,-0.03818771,-10.4535,-9.7698,-51.0378,-51.7216,-0.03267608,-0.03311384,-0.00118106,5.7424,4.8839,-0.2261,-61.4914,-1.0249,1561.9324,272.0000,,5.7424,5.1891,5.1891,5.1891,5.1891,5.1891,9.2367,5.1891,0.0,1.0,1.779999,1.106618,29,34,1,2,0E-8,-0.03936877,,0E-8,0.000000,0.850498,0.000000,,2026-05-16,2026-05-16,1,60,29,1,1.000000,,,0.000000,,,,,,,,GLOBAL_BASELINE_NO_ENTITY_RANKING,,,NOT_APPLICABLE_GLOBAL_BASELINE,HF9g-P5,,,,X 全窗基线 · 不参与实体赏罚,3923103,393,A168_HF9F_20260827_0900,2026-08-27 09:00:00
2026-05-16,150117492,1405,0,25.9457215505,-15.8268901458,-15.8268901458,0.2000000,5,5,0.49860758000000000,0.498607580000,-1.3354188732730328,-1.3354188732730328,-1.3354188732730328,0E-17,ELIGIBLE,R03b_20260811_FULL_v1,L1_ELIGIBILITY,v2026-08-11,2026-03-21..2026-08-06,baccarat_bet02_101_all_pairs_incl_sentinel,round_win = game_pnl > 0 (decisive only),COMPATIBILITY_ONLY_NOT_PRODUCTION,1561.9324,1328.4209,-61.4914,272,272,0.03936877,,0.03936877,0.03936877,61.4914,1561.9324,OK,0.0000,-1.8447,3.0000,97.0000,AG03-UNRESOLVED,ALL5_LEVELS_bet23_to_bet27,-1.8447,-1.8447,-1.8447,-2.4597,-2.4597,3.000000,3.000000,3.000000,4.000000,4.000000,97.000000,97.000000,97.000000,96.000000,96.000000,5.0,-10.4535,-9.7698,-51.0378,-51.7216,PENDING_AG03,FALSE,NOT_FOR_ENFORCEMENT,-59.6466,1288.5683,-61.4914,-59.6466,-1.8447,-0.03936877,-0.03818771,-1.8447,-59.6466,-0.03818771,-1.8447,-1.8447,-1.8447,-2.4597,-2.4597,-59.6466,-0.03818771,-10.4535,-9.7698,-51.0378,-51.7216,-0.03267608,-0.03311384,-0.00118106,5.7424,4.8839,-0.2261,-61.4914,-1.0249,1561.9324,272.0000,,5.7424,5.1891,5.1891,5.1891,5.1891,5.1891,9.2367,5.1891,0.0,1.0,1.779999,1.106618,29,34,1,2,0E-8,-0.03936877,,0E-8,0.000000,0.850498,0.000000,,2026-05-16,2026-05-16,1,60,29,1,1.000000,,,0.000000,,,,,,,,GLOBAL_BASELINE_NO_ENTITY_RANKING,,,NOT_APPLICABLE_GLOBAL_BASELINE,HF9g-P5,,,,X 全窗基线 · 不参与实体赏罚,3923104,393,A168_HF9F_20260827_0900,2026-08-27 09:00:00
2026-05-16,150117492,1508,0,46.7022987909,25.1673499040,25.1673499040,0.8571429,9,9,0.50069283333333333,0.500692833333,1.8861580464267045,1.8861580464284666,1.8861580464267045,3.3333E-13,ELIGIBLE,R03b_20260811_FULL_v1,L1_ELIGIBILITY,v2026-08-11,2026-03-21..2026-08-06,baccarat_bet02_101_all_pairs_incl_sentinel,round_win = game_pnl > 0 (decisive only),COMPATIBILITY_ONLY_NOT_PRODUCTION,1561.9324,1328.4209,-61.4914,272,272,0.03936877,,0.03936877,0.03936877,61.4914,1561.9324,OK,0.0000,-1.8447,3.0000,97.0000,AG03-UNRESOLVED,ALL5_LEVELS_bet23_to_bet27,-1.8447,-1.8447,-1.8447,-2.4597,-2.4597,3.000000,3.000000,3.000000,4.000000,4.000000,97.000000,97.000000,97.000000,96.000000,96.000000,5.0,-10.4535,-9.7698,-51.0378,-51.7216,PENDING_AG03,FALSE,NOT_FOR_ENFORCEMENT,-59.6466,1288.5683,-61.4914,-59.6466,-1.8447,-0.03936877,-0.03818771,-1.8447,-59.6466,-0.03818771,-1.8447,-1.8447,-1.8447,-2.4597,-2.4597,-59.6466,-0.03818771,-10.4535,-9.7698,-51.0378,-51.7216,-0.03267608,-0.03311384,-0.00118106,5.7424,4.8839,-0.2261,-61.4914,-1.0249,1561.9324,272.0000,,5.7424,5.1891,5.1891,5.1891,5.1891,5.1891,9.2367,5.1891,0.0,1.0,1.779999,1.106618,29,34,1,2,0E-8,-0.03936877,,0E-8,0.000000,0.850498,0.000000,,2026-05-16,2026-05-16,1,60,29,1,1.000000,,,0.000000,,,,,,,,GLOBAL_BASELINE_NO_ENTITY_RANKING,,,NOT_APPLICABLE_GLOBAL_BASELINE,HF9g-P5,,,,X 全窗基线 · 不参与实体赏罚,3923105,393,A168_HF9F_20260827_0900,2026-08-27 09:00:00
2026-05-16,150117492,1646,0,10.3782886202,9.8593741892,9.8593741892,1.0000000,2,2,0.50665070000000000,0.506650700000,1.3955260008387969,1.3955260008387969,1.3955260008387969,0E-17,ELIGIBLE,R03b_20260811_FULL_v1,L1_ELIGIBILITY,v2026-08-11,2026-03-21..2026-08-06,baccarat_bet02_101_all_pairs_incl_sentinel,round_win = game_pnl > 0 (decisive only),COMPATIBILITY_ONLY_NOT_PRODUCTION,1561.9324,1328.4209,-61.4914,272,272,0.03936877,,0.03936877,0.03936877,61.4914,1561.9324,OK,0.0000,-1.8447,3.0000,97.0000,AG03-UNRESOLVED,ALL5_LEVELS_bet23_to_bet27,-1.8447,-1.8447,-1.8447,-2.4597,-2.4597,3.000000,3.000000,3.000000,4.000000,4.000000,97.000000,97.000000,97.000000,96.000000,96.000000,5.0,-10.4535,-9.7698,-51.0378,-51.7216,PENDING_AG03,FALSE,NOT_FOR_ENFORCEMENT,-59.6466,1288.5683,-61.4914,-59.6466,-1.8447,-0.03936877,-0.03818771,-1.8447,-59.6466,-0.03818771,-1.8447,-1.8447,-1.8447,-2.4597,-2.4597,-59.6466,-0.03818771,-10.4535,-9.7698,-51.0378,-51.7216,-0.03267608,-0.03311384,-0.00118106,5.7424,4.8839,-0.2261,-61.4914,-1.0249,1561.9324,272.0000,,5.7424,5.1891,5.1891,5.1891,5.1891,5.1891,9.2367,5.1891,0.0,1.0,1.779999,1.106618,29,34,1,2,0E-8,-0.03936877,,0E-8,0.000000,0.850498,0.000000,,2026-05-16,2026-05-16,1,60,29,1,1.000000,,,0.000000,,,,,,,,GLOBAL_BASELINE_NO_ENTITY_RANKING,,,NOT_APPLICABLE_GLOBAL_BASELINE,HF9g-P5,,,,X 全窗基线 · 不参与实体赏罚,3923106,393,A168_HF9F_20260827_0900,2026-08-27 09:00:00
2026-05-16,150117492,1710,0,31.1348658606,-10.3782886202,-10.3782886202,0.3333333,6,6,0.49771390000000000,0.497713900000,-0.8053054414300617,-0.8053054414300617,-0.8053054414300617,0E-17,ELIGIBLE,R03b_20260811_FULL_v1,L1_ELIGIBILITY,v2026-08-11,2026-03-21..2026-08-06,baccarat_bet02_101_all_pairs_incl_sentinel,round_win = game_pnl > 0 (decisive only),COMPATIBILITY_ONLY_NOT_PRODUCTION,1561.9324,1328.4209,-61.4914,272,272,0.03936877,,0.03936877,0.03936877,61.4914,1561.9324,OK,0.0000,-1.8447,3.0000,97.0000,AG03-UNRESOLVED,ALL5_LEVELS_bet23_to_bet27,-1.8447,-1.8447,-1.8447,-2.4597,-2.4597,3.000000,3.000000,3.000000,4.000000,4.000000,97.000000,97.000000,97.000000,96.000000,96.000000,5.0,-10.4535,-9.7698,-51.0378,-51.7216,PENDING_AG03,FALSE,NOT_FOR_ENFORCEMENT,-59.6466,1288.5683,-61.4914,-59.6466,-1.8447,-0.03936877,-0.03818771,-1.8447,-59.6466,-0.03818771,-1.8447,-1.8447,-1.8447,-2.4597,-2.4597,-59.6466,-0.03818771,-10.4535,-9.7698,-51.0378,-51.7216,-0.03267608,-0.03311384,-0.00118106,5.7424,4.8839,-0.2261,-61.4914,-1.0249,1561.9324,272.0000,,5.7424,5.1891,5.1891,5.1891,5.1891,5.1891,9.2367,5.1891,0.0,1.0,1.779999,1.106618,29,34,1,2,0E-8,-0.03936877,,0E-8,0.000000,0.850498,0.000000,,2026-05-16,2026-05-16,1,60,29,1,1.000000,,,0.000000,,,,,,,,GLOBAL_BASELINE_NO_ENTITY_RANKING,,,NOT_APPLICABLE_GLOBAL_BASELINE,HF9g-P5,,,,X 全窗基线 · 不参与实体赏罚,3923107,393,A168_HF9F_20260827_0900,2026-08-27 09:00:00
2026-05-16,150117492,1935,0,5.1891443101,5.1891443101,5.1891443101,1.0000000,1,1,0.49324550000000000,0.493245500000,1.01360149184955,1.01360149184955,1.01360149184955,0E-17,ELIGIBLE,R03b_20260811_FULL_v1,L1_ELIGIBILITY,v2026-08-11,2026-03-21..2026-08-06,baccarat_bet02_101_all_pairs_incl_sentinel,round_win = game_pnl > 0 (decisive only),COMPATIBILITY_ONLY_NOT_PRODUCTION,1561.9324,1328.4209,-61.4914,272,272,0.03936877,,0.03936877,0.03936877,61.4914,1561.9324,OK,0.0000,-1.8447,3.0000,97.0000,AG03-UNRESOLVED,ALL5_LEVELS_bet23_to_bet27,-1.8447,-1.8447,-1.8447,-2.4597,-2.4597,3.000000,3.000000,3.000000,4.000000,4.000000,97.000000,97.000000,97.000000,96.000000,96.000000,5.0,-10.4535,-9.7698,-51.0378,-51.7216,PENDING_AG03,FALSE,NOT_FOR_ENFORCEMENT,-59.6466,1288.5683,-61.4914,-59.6466,-1.8447,-0.03936877,-0.03818771,-1.8447,-59.6466,-0.03818771,-1.8447,-1.8447,-1.8447,-2.4597,-2.4597,-59.6466,-0.03818771,-10.4535,-9.7698,-51.0378,-51.7216,-0.03267608,-0.03311384,-0.00118106,5.7424,4.8839,-0.2261,-61.4914,-1.0249,1561.9324,272.0000,,5.7424,5.1891,5.1891,5.1891,5.1891,5.1891,9.2367,5.1891,0.0,1.0,1.779999,1.106618,29,34,1,2,0E-8,-0.03936877,,0E-8,0.000000,0.850498,0.000000,,2026-05-16,2026-05-16,1,60,29,1,1.000000,,,0.000000,,,,,,,,GLOBAL_BASELINE_NO_ENTITY_RANKING,,,NOT_APPLICABLE_GLOBAL_BASELINE,HF9g-P5,,,,X 全窗基线 · 不参与实体赏罚,3923108,393,A168_HF9F_20260827_0900,2026-08-27 09:00:00
2026-05-16,150117492,1963,0,25.9457215505,4.4107726636,4.4107726636,0.6000000,5,5,0.50396966000000000,0.503969660000,0.4294742719815242,0.4294742719815242,0.4294742719815242,0E-17,ELIGIBLE,R03b_20260811_FULL_v1,L1_ELIGIBILITY,v2026-08-11,2026-03-21..2026-08-06,baccarat_bet02_101_all_pairs_incl_sentinel,round_win = game_pnl > 0 (decisive only),COMPATIBILITY_ONLY_NOT_PRODUCTION,1561.9324,1328.4209,-61.4914,272,272,0.03936877,,0.03936877,0.03936877,61.4914,1561.9324,OK,0.0000,-1.8447,3.0000,97.0000,AG03-UNRESOLVED,ALL5_LEVELS_bet23_to_bet27,-1.8447,-1.8447,-1.8447,-2.4597,-2.4597,3.000000,3.000000,3.000000,4.000000,4.000000,97.000000,97.000000,97.000000,96.000000,96.000000,5.0,-10.4535,-9.7698,-51.0378,-51.7216,PENDING_AG03,FALSE,NOT_FOR_ENFORCEMENT,-59.6466,1288.5683,-61.4914,-59.6466,-1.8447,-0.03936877,-0.03818771,-1.8447,-59.6466,-0.03818771,-1.8447,-1.8447,-1.8447,-2.4597,-2.4597,-59.6466,-0.03818771,-10.4535,-9.7698,-51.0378,-51.7216,-0.03267608,-0.03311384,-0.00118106,5.7424,4.8839,-0.2261,-61.4914,-1.0249,1561.9324,272.0000,,5.7424,5.1891,5.1891,5.1891,5.1891,5.1891,9.2367,5.1891,0.0,1.0,1.779999,1.106618,29,34,1,2,0E-8,-0.03936877,,0E-8,0.000000,0.850498,0.000000,,2026-05-16,2026-05-16,1,60,29,1,1.000000,,,0.000000,,,,,,,,GLOBAL_BASELINE_NO_ENTITY_RANKING,,,NOT_APPLICABLE_GLOBAL_BASELINE,HF9g-P5,,,,X 全窗基线 · 不参与实体赏罚,3923109,393,A168_HF9F_20260827_0900,2026-08-27 09:00:00
2026-05-16,150117492,2093,0,197.1874837838,63.0481033678,63.0481033678,0.4444444,10,10,0.50128862000000000,0.501288620000,-0.34106618604432953,-0.3410661860443296,-0.34106618604432953,0E-17,ELIGIBLE,R03b_20260811_FULL_v1,L1_ELIGIBILITY,v2026-08-11,2026-03-21..2026-08-06,baccarat_bet02_101_all_pairs_incl_sentinel,round_win = game_pnl > 0 (decisive only),COMPATIBILITY_ONLY_NOT_PRODUCTION,1561.9324,1328.4209,-61.4914,272,272,0.03936877,,0.03936877,0.03936877,61.4914,1561.9324,OK,0.0000,-1.8447,3.0000,97.0000,AG03-UNRESOLVED,ALL5_LEVELS_bet23_to_bet27,-1.8447,-1.8447,-1.8447,-2.4597,-2.4597,3.000000,3.000000,3.000000,4.000000,4.000000,97.000000,97.000000,97.000000,96.000000,96.000000,5.0,-10.4535,-9.7698,-51.0378,-51.7216,PENDING_AG03,FALSE,NOT_FOR_ENFORCEMENT,-59.6466,1288.5683,-61.4914,-59.6466,-1.8447,-0.03936877,-0.03818771,-1.8447,-59.6466,-0.03818771,-1.8447,-1.8447,-1.8447,-2.4597,-2.4597,-59.6466,-0.03818771,-10.4535,-9.7698,-51.0378,-51.7216,-0.03267608,-0.03311384,-0.00118106,5.7424,4.8839,-0.2261,-61.4914,-1.0249,1561.9324,272.0000,,5.7424,5.1891,5.1891,5.1891,5.1891,5.1891,9.2367,5.1891,0.0,1.0,1.779999,1.106618,29,34,1,2,0E-8,-0.03936877,,0E-8,0.000000,0.850498,0.000000,,2026-05-16,2026-05-16,1,60,29,1,1.000000,,,0.000000,,,,,,,,GLOBAL_BASELINE_NO_ENTITY_RANKING,,,NOT_APPLICABLE_GLOBAL_BASELINE,HF9g-P5,,,,X 全窗基线 · 不参与实体赏罚,3923110,393,A168_HF9F_20260827_0900,2026-08-27 09:00:00
2026-05-16,150117492,2115,0,10.3782886202,-10.3782886202,-10.3782886202,0E-7,2,2,0.49324550000000000,0.493245500000,-1.3952362676504506,-1.3952362676504506,-1.3952362676504506,0E-17,ELIGIBLE,R03b_20260811_FULL_v1,L1_ELIGIBILITY,v2026-08-11,2026-03-21..2026-08-06,baccarat_bet02_101_all_pairs_incl_sentinel,round_win = game_pnl > 0 (decisive only),COMPATIBILITY_ONLY_NOT_PRODUCTION,1561.9324,1328.4209,-61.4914,272,272,0.03936877,,0.03936877,0.03936877,61.4914,1561.9324,OK,0.0000,-1.8447,3.0000,97.0000,AG03-UNRESOLVED,ALL5_LEVELS_bet23_to_bet27,-1.8447,-1.8447,-1.8447,-2.4597,-2.4597,3.000000,3.000000,3.000000,4.000000,4.000000,97.000000,97.000000,97.000000,96.000000,96.000000,5.0,-10.4535,-9.7698,-51.0378,-51.7216,PENDING_AG03,FALSE,NOT_FOR_ENFORCEMENT,-59.6466,1288.5683,-61.4914,-59.6466,-1.8447,-0.03936877,-0.03818771,-1.8447,-59.6466,-0.03818771,-1.8447,-1.8447,-1.8447,-2.4597,-2.4597,-59.6466,-0.03818771,-10.4535,-9.7698,-51.0378,-51.7216,-0.03267608,-0.03311384,-0.00118106,5.7424,4.8839,-0.2261,-61.4914,-1.0249,1561.9324,272.0000,,5.7424,5.1891,5.1891,5.1891,5.1891,5.1891,9.2367,5.1891,0.0,1.0,1.779999,1.106618,29,34,1,2,0E-8,-0.03936877,,0E-8,0.000000,0.850498,0.000000,,2026-05-16,2026-05-16,1,60,29,1,1.000000,,,0.000000,,,,,,,,GLOBAL_BASELINE_NO_ENTITY_RANKING,,,NOT_APPLICABLE_GLOBAL_BASELINE,HF9g-P5,,,,X 全窗基线 · 不参与实体赏罚,3923111,393,A168_HF9F_20260827_0900,2026-08-27 09:00:00
2026-05-16,150117492,2117,0,15.5674329303,15.3079757148,15.3079757148,1.0000000,3,3,0.49771390000000000,0.497713900000,1.739988277604938,1.739988277604938,1.739988277604938,0E-17,ELIGIBLE,R03b_20260811_FULL_v1,L1_ELIGIBILITY,v2026-08-11,2026-03-21..2026-08-06,baccarat_bet02_101_all_pairs_incl_sentinel,round_win = game_pnl > 0 (decisive only),COMPATIBILITY_ONLY_NOT_PRODUCTION,1561.9324,1328.4209,-61.4914,272,272,0.03936877,,0.03936877,0.03936877,61.4914,1561.9324,OK,0.0000,-1.8447,3.0000,97.0000,AG03-UNRESOLVED,ALL5_LEVELS_bet23_to_bet27,-1.8447,-1.8447,-1.8447,-2.4597,-2.4597,3.000000,3.000000,3.000000,4.000000,4.000000,97.000000,97.000000,97.000000,96.000000,96.000000,5.0,-10.4535,-9.7698,-51.0378,-51.7216,PENDING_AG03,FALSE,NOT_FOR_ENFORCEMENT,-59.6466,1288.5683,-61.4914,-59.6466,-1.8447,-0.03936877,-0.03818771,-1.8447,-59.6466,-0.03818771,-1.8447,-1.8447,-1.8447,-2.4597,-2.4597,-59.6466,-0.03818771,-10.4535,-9.7698,-51.0378,-51.7216,-0.03267608,-0.03311384,-0.00118106,5.7424,4.8839,-0.2261,-61.4914,-1.0249,1561.9324,272.0000,,5.7424,5.1891,5.1891,5.1891,5.1891,5.1891,9.2367,5.1891,0.0,1.0,1.779999,1.106618,29,34,1,2,0E-8,-0.03936877,,0E-8,0.000000,0.850498,0.000000,,2026-05-16,2026-05-16,1,60,29,1,1.000000,,,0.000000,,,,,,,,GLOBAL_BASELINE_NO_ENTITY_RANKING,,,NOT_APPLICABLE_GLOBAL_BASELINE,HF9g-P5,,,,X 全窗基线 · 不参与实体赏罚,3923112,393,A168_HF9F_20260827_0900,2026-08-27 09:00:00
2026-05-16,150117492,2127,0,5.1891443101,4.9296870946,4.9296870946,1.0000000,1,1,0.50665070000000000,0.506650700000,0.9867858985152569,0.9867858985152569,0.9867858985152569,0E-17,ELIGIBLE,R03b_20260811_FULL_v1,L1_ELIGIBILITY,v2026-08-11,2026-03-21..2026-08-06,baccarat_bet02_101_all_pairs_incl_sentinel,round_win = game_pnl > 0 (decisive only),COMPATIBILITY_ONLY_NOT_PRODUCTION,1561.9324,1328.4209,-61.4914,272,272,0.03936877,,0.03936877,0.03936877,61.4914,1561.9324,OK,0.0000,-1.8447,3.0000,97.0000,AG03-UNRESOLVED,ALL5_LEVELS_bet23_to_bet27,-1.8447,-1.8447,-1.8447,-2.4597,-2.4597,3.000000,3.000000,3.000000,4.000000,4.000000,97.000000,97.000000,97.000000,96.000000,96.000000,5.0,-10.4535,-9.7698,-51.0378,-51.7216,PENDING_AG03,FALSE,NOT_FOR_ENFORCEMENT,-59.6466,1288.5683,-61.4914,-59.6466,-1.8447,-0.03936877,-0.03818771,-1.8447,-59.6466,-0.03818771,-1.8447,-1.8447,-1.8447,-2.4597,-2.4597,-59.6466,-0.03818771,-10.4535,-9.7698,-51.0378,-51.7216,-0.03267608,-0.03311384,-0.00118106,5.7424,4.8839,-0.2261,-61.4914,-1.0249,1561.9324,272.0000,,5.7424,5.1891,5.1891,5.1891,5.1891,5.1891,9.2367,5.1891,0.0,1.0,1.779999,1.106618,29,34,1,2,0E-8,-0.03936877,,0E-8,0.000000,0.850498,0.000000,,2026-05-16,2026-05-16,1,60,29,1,1.000000,,,0.000000,,,,,,,,GLOBAL_BASELINE_NO_ENTITY_RANKING,,,NOT_APPLICABLE_GLOBAL_BASELINE,HF9g-P5,,,,X 全窗基线 · 不参与实体赏罚,3923113,393,A168_HF9F_20260827_0900,2026-08-27 09:00:00
2026-05-16,150117492,2130,0,36.3240101707,-5.1891443101,-5.1891443101,0.4285714,7,7,0.49707555714285714,0.497075557143,-0.3624959764119633,-0.36249597641271863,-0.3624959764119633,-1.4286E-13,ELIGIBLE,R03b_20260811_FULL_v1,L1_ELIGIBILITY,v2026-08-11,2026-03-21..2026-08-06,baccarat_bet02_101_all_pairs_incl_sentinel,round_win = game_pnl > 0 (decisive only),COMPATIBILITY_ONLY_NOT_PRODUCTION,1561.9324,1328.4209,-61.4914,272,272,0.03936877,,0.03936877,0.03936877,61.4914,1561.9324,OK,0.0000,-1.8447,3.0000,97.0000,AG03-UNRESOLVED,ALL5_LEVELS_bet23_to_bet27,-1.8447,-1.8447,-1.8447,-2.4597,-2.4597,3.000000,3.000000,3.000000,4.000000,4.000000,97.000000,97.000000,97.000000,96.000000,96.000000,5.0,-10.4535,-9.7698,-51.0378,-51.7216,PENDING_AG03,FALSE,NOT_FOR_ENFORCEMENT,-59.6466,1288.5683,-61.4914,-59.6466,-1.8447,-0.03936877,-0.03818771,-1.8447,-59.6466,-0.03818771,-1.8447,-1.8447,-1.8447,-2.4597,-2.4597,-59.6466,-0.03818771,-10.4535,-9.7698,-51.0378,-51.7216,-0.03267608,-0.03311384,-0.00118106,5.7424,4.8839,-0.2261,-61.4914,-1.0249,1561.9324,272.0000,,5.7424,5.1891,5.1891,5.1891,5.1891,5.1891,9.2367,5.1891,0.0,1.0,1.779999,1.106618,29,34,1,2,0E-8,-0.03936877,,0E-8,0.000000,0.850498,0.000000,,2026-05-16,2026-05-16,1,60,29,1,1.000000,,,0.000000,,,,,,,,GLOBAL_BASELINE_NO_ENTITY_RANKING,,,NOT_APPLICABLE_GLOBAL_BASELINE,HF9g-P5,,,,X 全窗基线 · 不参与实体赏罚,3923114,393,A168_HF9F_20260827_0900,2026-08-27 09:00:00
2026-05-16,150117492,2153,0,51.8914431010,-0.5189144310,-0.5189144310,0.5000000,10,10,0.49592654000000000,0.495926540000,0.023043734256711742,0.023043734256711742,0.023043734256711742,0E-17,ELIGIBLE,R03b_20260811_FULL_v1,L1_ELIGIBILITY,v2026-08-11,2026-03-21..2026-08-06,baccarat_bet02_101_all_pairs_incl_sentinel,round_win = game_pnl > 0 (decisive only),COMPATIBILITY_ONLY_NOT_PRODUCTION,1561.9324,1328.4209,-61.4914,272,272,0.03936877,,0.03936877,0.03936877,61.4914,1561.9324,OK,0.0000,-1.8447,3.0000,97.0000,AG03-UNRESOLVED,ALL5_LEVELS_bet23_to_bet27,-1.8447,-1.8447,-1.8447,-2.4597,-2.4597,3.000000,3.000000,3.000000,4.000000,4.000000,97.000000,97.000000,97.000000,96.000000,96.000000,5.0,-10.4535,-9.7698,-51.0378,-51.7216,PENDING_AG03,FALSE,NOT_FOR_ENFORCEMENT,-59.6466,1288.5683,-61.4914,-59.6466,-1.8447,-0.03936877,-0.03818771,-1.8447,-59.6466,-0.03818771,-1.8447,-1.8447,-1.8447,-2.4597,-2.4597,-59.6466,-0.03818771,-10.4535,-9.7698,-51.0378,-51.7216,-0.03267608,-0.03311384,-0.00118106,5.7424,4.8839,-0.2261,-61.4914,-1.0249,1561.9324,272.0000,,5.7424,5.1891,5.1891,5.1891,5.1891,5.1891,9.2367,5.1891,0.0,1.0,1.779999,1.106618,29,34,1,2,0E-8,-0.03936877,,0E-8,0.000000,0.850498,0.000000,,2026-05-16,2026-05-16,1,60,29,1,1.000000,,,0.000000,,,,,,,,GLOBAL_BASELINE_NO_ENTITY_RANKING,,,NOT_APPLICABLE_GLOBAL_BASELINE,HF9g-P5,,,,X 全窗基线 · 不参与实体赏罚,3923115,393,A168_HF9F_20260827_0900,2026-08-27 09:00:00
2026-05-16,150117492,2169,0,41.5131544808,14.7890612838,14.7890612838,0.7142857,8,8,0.50162375000000000,0.501623750000,1.1253072755500886,1.1253072755500886,1.1253072755500886,0E-17,ELIGIBLE,R03b_20260811_FULL_v1,L1_ELIGIBILITY,v2026-08-11,2026-03-21..2026-08-06,baccarat_bet02_101_all_pairs_incl_sentinel,round_win = game_pnl > 0 (decisive only),COMPATIBILITY_ONLY_NOT_PRODUCTION,1561.9324,1328.4209,-61.4914,272,272,0.03936877,,0.03936877,0.03936877,61.4914,1561.9324,OK,0.0000,-1.8447,3.0000,97.0000,AG03-UNRESOLVED,ALL5_LEVELS_bet23_to_bet27,-1.8447,-1.8447,-1.8447,-2.4597,-2.4597,3.000000,3.000000,3.000000,4.000000,4.000000,97.000000,97.000000,97.000000,96.000000,96.000000,5.0,-10.4535,-9.7698,-51.0378,-51.7216,PENDING_AG03,FALSE,NOT_FOR_ENFORCEMENT,-59.6466,1288.5683,-61.4914,-59.6466,-1.8447,-0.03936877,-0.03818771,-1.8447,-59.6466,-0.03818771,-1.8447,-1.8447,-1.8447,-2.4597,-2.4597,-59.6466,-0.03818771,-10.4535,-9.7698,-51.0378,-51.7216,-0.03267608,-0.03311384,-0.00118106,5.7424,4.8839,-0.2261,-61.4914,-1.0249,1561.9324,272.0000,,5.7424,5.1891,5.1891,5.1891,5.1891,5.1891,9.2367,5.1891,0.0,1.0,1.779999,1.106618,29,34,1,2,0E-8,-0.03936877,,0E-8,0.000000,0.850498,0.000000,,2026-05-16,2026-05-16,1,60,29,1,1.000000,,,0.000000,,,,,,,,GLOBAL_BASELINE_NO_ENTITY_RANKING,,,NOT_APPLICABLE_GLOBAL_BASELINE,HF9g-P5,,,,X 全窗基线 · 不参与实体赏罚,3923116,393,A168_HF9F_20260827_0900,2026-08-27 09:00:00
2026-05-16,150117492,2174,0,31.1348658606,-10.6377458357,-10.6377458357,0.3333333,6,6,0.49994810000000000,0.499948100000,-0.8162423282897021,-0.8162423282897021,-0.8162423282897021,0E-17,ELIGIBLE,R03b_20260811_FULL_v1,L1_ELIGIBILITY,v2026-08-11,2026-03-21..2026-08-06,baccarat_bet02_101_all_pairs_incl_sentinel,round_win = game_pnl > 0 (decisive only),COMPATIBILITY_ONLY_NOT_PRODUCTION,1561.9324,1328.4209,-61.4914,272,272,0.03936877,,0.03936877,0.03936877,61.4914,1561.9324,OK,0.0000,-1.8447,3.0000,97.0000,AG03-UNRESOLVED,ALL5_LEVELS_bet23_to_bet27,-1.8447,-1.8447,-1.8447,-2.4597,-2.4597,3.000000,3.000000,3.000000,4.000000,4.000000,97.000000,97.000000,97.000000,96.000000,96.000000,5.0,-10.4535,-9.7698,-51.0378,-51.7216,PENDING_AG03,FALSE,NOT_FOR_ENFORCEMENT,-59.6466,1288.5683,-61.4914,-59.6466,-1.8447,-0.03936877,-0.03818771,-1.8447,-59.6466,-0.03818771,-1.8447,-1.8447,-1.8447,-2.4597,-2.4597,-59.6466,-0.03818771,-10.4535,-9.7698,-51.0378,-51.7216,-0.03267608,-0.03311384,-0.00118106,5.7424,4.8839,-0.2261,-61.4914,-1.0249,1561.9324,272.0000,,5.7424,5.1891,5.1891,5.1891,5.1891,5.1891,9.2367,5.1891,0.0,1.0,1.779999,1.106618,29,34,1,2,0E-8,-0.03936877,,0E-8,0.000000,0.850498,0.000000,,2026-05-16,2026-05-16,1,60,29,1,1.000000,,,0.000000,,,,,,,,GLOBAL_BASELINE_NO_ENTITY_RANKING,,,NOT_APPLICABLE_GLOBAL_BASELINE,HF9g-P5,,,,X 全窗基线 · 不参与实体赏罚,3923117,393,A168_HF9F_20260827_0900,2026-08-27 09:00:00
2026-05-16,150117492,2175,0,25.9457215505,-25.9457215505,-25.9457215505,0E-7,4,4,0.49994810000000000,0.499948100000,-1.9997924107733216,-1.9997924107733216,-1.9997924107733216,0E-17,ELIGIBLE,R03b_20260811_FULL_v1,L1_ELIGIBILITY,v2026-08-11,2026-03-21..2026-08-06,baccarat_bet02_101_all_pairs_incl_sentinel,round_win = game_pnl > 0 (decisive only),COMPATIBILITY_ONLY_NOT_PRODUCTION,1561.9324,1328.4209,-61.4914,272,272,0.03936877,,0.03936877,0.03936877,61.4914,1561.9324,OK,0.0000,-1.8447,3.0000,97.0000,AG03-UNRESOLVED,ALL5_LEVELS_bet23_to_bet27,-1.8447,-1.8447,-1.8447,-2.4597,-2.4597,3.000000,3.000000,3.000000,4.000000,4.000000,97.000000,97.000000,97.000000,96.000000,96.000000,5.0,-10.4535,-9.7698,-51.0378,-51.7216,PENDING_AG03,FALSE,NOT_FOR_ENFORCEMENT,-59.6466,1288.5683,-61.4914,-59.6466,-1.8447,-0.03936877,-0.03818771,-1.8447,-59.6466,-0.03818771,-1.8447,-1.8447,-1.8447,-2.4597,-2.4597,-59.6466,-0.03818771,-10.4535,-9.7698,-51.0378,-51.7216,-0.03267608,-0.03311384,-0.00118106,5.7424,4.8839,-0.2261,-61.4914,-1.0249,1561.9324,272.0000,,5.7424,5.1891,5.1891,5.1891,5.1891,5.1891,9.2367,5.1891,0.0,1.0,1.779999,1.106618,29,34,1,2,0E-8,-0.03936877,,0E-8,0.000000,0.850498,0.000000,,2026-05-16,2026-05-16,1,60,29,1,1.000000,,,0.000000,,,,,,,,GLOBAL_BASELINE_NO_ENTITY_RANKING,,,NOT_APPLICABLE_GLOBAL_BASELINE,HF9g-P5,,,,X 全窗基线 · 不参与实体赏罚,3923118,393,A168_HF9F_20260827_0900,2026-08-27 09:00:00
2026-05-16,150117492,2216,0,31.1348658606,-0.2594572155,-0.2594572155,0.5000000,6,6,0.49994810000000000,0.499948100000,0.00025425703667063243,0.00025425703667063243,0.00025425703667063243,0E-17,ELIGIBLE,R03b_20260811_FULL_v1,L1_ELIGIBILITY,v2026-08-11,2026-03-21..2026-08-06,baccarat_bet02_101_all_pairs_incl_sentinel,round_win = game_pnl > 0 (decisive only),COMPATIBILITY_ONLY_NOT_PRODUCTION,1561.9324,1328.4209,-61.4914,272,272,0.03936877,,0.03936877,0.03936877,61.4914,1561.9324,OK,0.0000,-1.8447,3.0000,97.0000,AG03-UNRESOLVED,ALL5_LEVELS_bet23_to_bet27,-1.8447,-1.8447,-1.8447,-2.4597,-2.4597,3.000000,3.000000,3.000000,4.000000,4.000000,97.000000,97.000000,97.000000,96.000000,96.000000,5.0,-10.4535,-9.7698,-51.0378,-51.7216,PENDING_AG03,FALSE,NOT_FOR_ENFORCEMENT,-59.6466,1288.5683,-61.4914,-59.6466,-1.8447,-0.03936877,-0.03818771,-1.8447,-59.6466,-0.03818771,-1.8447,-1.8447,-1.8447,-2.4597,-2.4597,-59.6466,-0.03818771,-10.4535,-9.7698,-51.0378,-51.7216,-0.03267608,-0.03311384,-0.00118106,5.7424,4.8839,-0.2261,-61.4914,-1.0249,1561.9324,272.0000,,5.7424,5.1891,5.1891,5.1891,5.1891,5.1891,9.2367,5.1891,0.0,1.0,1.779999,1.106618,29,34,1,2,0E-8,-0.03936877,,0E-8,0.000000,0.850498,0.000000,,2026-05-16,2026-05-16,1,60,29,1,1.000000,,,0.000000,,,,,,,,GLOBAL_BASELINE_NO_ENTITY_RANKING,,,NOT_APPLICABLE_GLOBAL_BASELINE,HF9g-P5,,,,X 全窗基线 · 不参与实体赏罚,3923119,393,A168_HF9F_20260827_0900,2026-08-27 09:00:00
2026-05-16,150117492,2220,0,25.9457215505,5.1891443101,5.1891443101,0.6000000,5,5,0.49592654000000000,0.495926540000,0.46544610904919037,0.46544610904919037,0.46544610904919037,0E-17,ELIGIBLE,R03b_20260811_FULL_v1,L1_ELIGIBILITY,v2026-08-11,2026-03-21..2026-08-06,baccarat_bet02_101_all_pairs_incl_sentinel,round_win = game_pnl > 0 (decisive only),COMPATIBILITY_ONLY_NOT_PRODUCTION,1561.9324,1328.4209,-61.4914,272,272,0.03936877,,0.03936877,0.03936877,61.4914,1561.9324,OK,0.0000,-1.8447,3.0000,97.0000,AG03-UNRESOLVED,ALL5_LEVELS_bet23_to_bet27,-1.8447,-1.8447,-1.8447,-2.4597,-2.4597,3.000000,3.000000,3.000000,4.000000,4.000000,97.000000,97.000000,97.000000,96.000000,96.000000,5.0,-10.4535,-9.7698,-51.0378,-51.7216,PENDING_AG03,FALSE,NOT_FOR_ENFORCEMENT,-59.6466,1288.5683,-61.4914,-59.6466,-1.8447,-0.03936877,-0.03818771,-1.8447,-59.6466,-0.03818771,-1.8447,-1.8447,-1.8447,-2.4597,-2.4597,-59.6466,-0.03818771,-10.4535,-9.7698,-51.0378,-51.7216,-0.03267608,-0.03311384,-0.00118106,5.7424,4.8839,-0.2261,-61.4914,-1.0249,1561.9324,272.0000,,5.7424,5.1891,5.1891,5.1891,5.1891,5.1891,9.2367,5.1891,0.0,1.0,1.779999,1.106618,29,34,1,2,0E-8,-0.03936877,,0E-8,0.000000,0.850498,0.000000,,2026-05-16,2026-05-16,1,60,29,1,1.000000,,,0.000000,,,,,,,,GLOBAL_BASELINE_NO_ENTITY_RANKING,,,NOT_APPLICABLE_GLOBAL_BASELINE,HF9g-P5,,,,X 全窗基线 · 不参与实体赏罚,3923120,393,A168_HF9F_20260827_0900,2026-08-27 09:00:00
2026-05-16,150117492,2235,0,41.5131544808,15.3079757148,15.3079757148,0.7142857,8,8,0.49492115000000000,0.494921150000,1.1608280551280008,1.1608280551280008,1.1608280551280008,0E-17,ELIGIBLE,R03b_20260811_FULL_v1,L1_ELIGIBILITY,v2026-08-11,2026-03-21..2026-08-06,baccarat_bet02_101_all_pairs_incl_sentinel,round_win = game_pnl > 0 (decisive only),COMPATIBILITY_ONLY_NOT_PRODUCTION,1561.9324,1328.4209,-61.4914,272,272,0.03936877,,0.03936877,0.03936877,61.4914,1561.9324,OK,0.0000,-1.8447,3.0000,97.0000,AG03-UNRESOLVED,ALL5_LEVELS_bet23_to_bet27,-1.8447,-1.8447,-1.8447,-2.4597,-2.4597,3.000000,3.000000,3.000000,4.000000,4.000000,97.000000,97.000000,97.000000,96.000000,96.000000,5.0,-10.4535,-9.7698,-51.0378,-51.7216,PENDING_AG03,FALSE,NOT_FOR_ENFORCEMENT,-59.6466,1288.5683,-61.4914,-59.6466,-1.8447,-0.03936877,-0.03818771,-1.8447,-59.6466,-0.03818771,-1.8447,-1.8447,-1.8447,-2.4597,-2.4597,-59.6466,-0.03818771,-10.4535,-9.7698,-51.0378,-51.7216,-0.03267608,-0.03311384,-0.00118106,5.7424,4.8839,-0.2261,-61.4914,-1.0249,1561.9324,272.0000,,5.7424,5.1891,5.1891,5.1891,5.1891,5.1891,9.2367,5.1891,0.0,1.0,1.779999,1.106618,29,34,1,2,0E-8,-0.03936877,,0E-8,0.000000,0.850498,0.000000,,2026-05-16,2026-05-16,1,60,29,1,1.000000,,,0.000000,,,,,,,,GLOBAL_BASELINE_NO_ENTITY_RANKING,,,NOT_APPLICABLE_GLOBAL_BASELINE,HF9g-P5,,,,X 全窗基线 · 不参与实体赏罚,3923121,393,A168_HF9F_20260827_0900,2026-08-27 09:00:00
2026-05-16,150117492,2241,0,31.1348658606,-5.7080587411,-5.7080587411,0.4000000,6,6,0.50441650000000000,0.504416500000,-0.466983001748531,-0.466983001748531,-0.466983001748531,0E-17,ELIGIBLE,R03b_20260811_FULL_v1,L1_ELIGIBILITY,v2026-08-11,2026-03-21..2026-08-06,baccarat_bet02_101_all_pairs_incl_sentinel,round_win = game_pnl > 0 (decisive only),COMPATIBILITY_ONLY_NOT_PRODUCTION,1561.9324,1328.4209,-61.4914,272,272,0.03936877,,0.03936877,0.03936877,61.4914,1561.9324,OK,0.0000,-1.8447,3.0000,97.0000,AG03-UNRESOLVED,ALL5_LEVELS_bet23_to_bet27,-1.8447,-1.8447,-1.8447,-2.4597,-2.4597,3.000000,3.000000,3.000000,4.000000,4.000000,97.000000,97.000000,97.000000,96.000000,96.000000,5.0,-10.4535,-9.7698,-51.0378,-51.7216,PENDING_AG03,FALSE,NOT_FOR_ENFORCEMENT,-59.6466,1288.5683,-61.4914,-59.6466,-1.8447,-0.03936877,-0.03818771,-1.8447,-59.6466,-0.03818771,-1.8447,-1.8447,-1.8447,-2.4597,-2.4597,-59.6466,-0.03818771,-10.4535,-9.7698,-51.0378,-51.7216,-0.03267608,-0.03311384,-0.00118106,5.7424,4.8839,-0.2261,-61.4914,-1.0249,1561.9324,272.0000,,5.7424,5.1891,5.1891,5.1891,5.1891,5.1891,9.2367,5.1891,0.0,1.0,1.779999,1.106618,29,34,1,2,0E-8,-0.03936877,,0E-8,0.000000,0.850498,0.000000,,2026-05-16,2026-05-16,1,60,29,1,1.000000,,,0.000000,,,,,,,,GLOBAL_BASELINE_NO_ENTITY_RANKING,,,NOT_APPLICABLE_GLOBAL_BASELINE,HF9g-P5,,,,X 全窗基线 · 不参与实体赏罚,3923122,393,A168_HF9F_20260827_0900,2026-08-27 09:00:00
2026-05-16,150117492,2242,0,31.1348658606,-21.0160344559,-21.0160344559,0.1666667,6,6,0.49771390000000000,0.497713900000,-1.6218105569273533,-1.6218105569273533,-1.6218105569273533,0E-17,ELIGIBLE,R03b_20260811_FULL_v1,L1_ELIGIBILITY,v2026-08-11,2026-03-21..2026-08-06,baccarat_bet02_101_all_pairs_incl_sentinel,round_win = game_pnl > 0 (decisive only),COMPATIBILITY_ONLY_NOT_PRODUCTION,1561.9324,1328.4209,-61.4914,272,272,0.03936877,,0.03936877,0.03936877,61.4914,1561.9324,OK,0.0000,-1.8447,3.0000,97.0000,AG03-UNRESOLVED,ALL5_LEVELS_bet23_to_bet27,-1.8447,-1.8447,-1.8447,-2.4597,-2.4597,3.000000,3.000000,3.000000,4.000000,4.000000,97.000000,97.000000,97.000000,96.000000,96.000000,5.0,-10.4535,-9.7698,-51.0378,-51.7216,PENDING_AG03,FALSE,NOT_FOR_ENFORCEMENT,-59.6466,1288.5683,-61.4914,-59.6466,-1.8447,-0.03936877,-0.03818771,-1.8447,-59.6466,-0.03818771,-1.8447,-1.8447,-1.8447,-2.4597,-2.4597,-59.6466,-0.03818771,-10.4535,-9.7698,-51.0378,-51.7216,-0.03267608,-0.03311384,-0.00118106,5.7424,4.8839,-0.2261,-61.4914,-1.0249,1561.9324,272.0000,,5.7424,5.1891,5.1891,5.1891,5.1891,5.1891,9.2367,5.1891,0.0,1.0,1.779999,1.106618,29,34,1,2,0E-8,-0.03936877,,0E-8,0.000000,0.850498,0.000000,,2026-05-16,2026-05-16,1,60,29,1,1.000000,,,0.000000,,,,,,,,GLOBAL_BASELINE_NO_ENTITY_RANKING,,,NOT_APPLICABLE_GLOBAL_BASELINE,HF9g-P5,,,,X 全窗基线 · 不参与实体赏罚,3923123,393,A168_HF9F_20260827_0900,2026-08-27 09:00:00
2026-05-16,150117492,2246,0,31.1348658606,9.5999169737,9.5999169737,0.6666667,6,6,0.49994810000000000,0.499948100000,0.8167508423630434,0.8167508423630434,0.8167508423630434,0E-17,ELIGIBLE,R03b_20260811_FULL_v1,L1_ELIGIBILITY,v2026-08-11,2026-03-21..2026-08-06,baccarat_bet02_101_all_pairs_incl_sentinel,round_win = game_pnl > 0 (decisive only),COMPATIBILITY_ONLY_NOT_PRODUCTION,1561.9324,1328.4209,-61.4914,272,272,0.03936877,,0.03936877,0.03936877,61.4914,1561.9324,OK,0.0000,-1.8447,3.0000,97.0000,AG03-UNRESOLVED,ALL5_LEVELS_bet23_to_bet27,-1.8447,-1.8447,-1.8447,-2.4597,-2.4597,3.000000,3.000000,3.000000,4.000000,4.000000,97.000000,97.000000,97.000000,96.000000,96.000000,5.0,-10.4535,-9.7698,-51.0378,-51.7216,PENDING_AG03,FALSE,NOT_FOR_ENFORCEMENT,-59.6466,1288.5683,-61.4914,-59.6466,-1.8447,-0.03936877,-0.03818771,-1.8447,-59.6466,-0.03818771,-1.8447,-1.8447,-1.8447,-2.4597,-2.4597,-59.6466,-0.03818771,-10.4535,-9.7698,-51.0378,-51.7216,-0.03267608,-0.03311384,-0.00118106,5.7424,4.8839,-0.2261,-61.4914,-1.0249,1561.9324,272.0000,,5.7424,5.1891,5.1891,5.1891,5.1891,5.1891,9.2367,5.1891,0.0,1.0,1.779999,1.106618,29,34,1,2,0E-8,-0.03936877,,0E-8,0.000000,0.850498,0.000000,,2026-05-16,2026-05-16,1,60,29,1,1.000000,,,0.000000,,,,,,,,GLOBAL_BASELINE_NO_ENTITY_RANKING,,,NOT_APPLICABLE_GLOBAL_BASELINE,HF9g-P5,,,,X 全窗基线 · 不参与实体赏罚,3923124,393,A168_HF9F_20260827_0900,2026-08-27 09:00:00
2026-05-16,150117492,2248,0,10.3782886202,10.1188314047,10.1188314047,1.0000000,2,2,0.49994810000000000,0.499948100000,1.4143603653603398,1.4143603653603398,1.4143603653603398,0E-17,ELIGIBLE,R03b_20260811_FULL_v1,L1_ELIGIBILITY,v2026-08-11,2026-03-21..2026-08-06,baccarat_bet02_101_all_pairs_incl_sentinel,round_win = game_pnl > 0 (decisive only),COMPATIBILITY_ONLY_NOT_PRODUCTION,1561.9324,1328.4209,-61.4914,272,272,0.03936877,,0.03936877,0.03936877,61.4914,1561.9324,OK,0.0000,-1.8447,3.0000,97.0000,AG03-UNRESOLVED,ALL5_LEVELS_bet23_to_bet27,-1.8447,-1.8447,-1.8447,-2.4597,-2.4597,3.000000,3.000000,3.000000,4.000000,4.000000,97.000000,97.000000,97.000000,96.000000,96.000000,5.0,-10.4535,-9.7698,-51.0378,-51.7216,PENDING_AG03,FALSE,NOT_FOR_ENFORCEMENT,-59.6466,1288.5683,-61.4914,-59.6466,-1.8447,-0.03936877,-0.03818771,-1.8447,-59.6466,-0.03818771,-1.8447,-1.8447,-1.8447,-2.4597,-2.4597,-59.6466,-0.03818771,-10.4535,-9.7698,-51.0378,-51.7216,-0.03267608,-0.03311384,-0.00118106,5.7424,4.8839,-0.2261,-61.4914,-1.0249,1561.9324,272.0000,,5.7424,5.1891,5.1891,5.1891,5.1891,5.1891,9.2367,5.1891,0.0,1.0,1.779999,1.106618,29,34,1,2,0E-8,-0.03936877,,0E-8,0.000000,0.850498,0.000000,,2026-05-16,2026-05-16,1,60,29,1,1.000000,,,0.000000,,,,,,,,GLOBAL_BASELINE_NO_ENTITY_RANKING,,,NOT_APPLICABLE_GLOBAL_BASELINE,HF9g-P5,,,,X 全窗基线 · 不参与实体赏罚,3923125,393,A168_HF9F_20260827_0900,2026-08-27 09:00:00
2026-05-16,150117492,2250,0,25.9457215505,-25.9457215505,-25.9457215505,0E-7,5,5,0.49860758000000000,0.498607580000,-2.2298495325838465,-2.2298495325838465,-2.2298495325838465,0E-17,ELIGIBLE,R03b_20260811_FULL_v1,L1_ELIGIBILITY,v2026-08-11,2026-03-21..2026-08-06,baccarat_bet02_101_all_pairs_incl_sentinel,round_win = game_pnl > 0 (decisive only),COMPATIBILITY_ONLY_NOT_PRODUCTION,1561.9324,1328.4209,-61.4914,272,272,0.03936877,,0.03936877,0.03936877,61.4914,1561.9324,OK,0.0000,-1.8447,3.0000,97.0000,AG03-UNRESOLVED,ALL5_LEVELS_bet23_to_bet27,-1.8447,-1.8447,-1.8447,-2.4597,-2.4597,3.000000,3.000000,3.000000,4.000000,4.000000,97.000000,97.000000,97.000000,96.000000,96.000000,5.0,-10.4535,-9.7698,-51.0378,-51.7216,PENDING_AG03,FALSE,NOT_FOR_ENFORCEMENT,-59.6466,1288.5683,-61.4914,-59.6466,-1.8447,-0.03936877,-0.03818771,-1.8447,-59.6466,-0.03818771,-1.8447,-1.8447,-1.8447,-2.4597,-2.4597,-59.6466,-0.03818771,-10.4535,-9.7698,-51.0378,-51.7216,-0.03267608,-0.03311384,-0.00118106,5.7424,4.8839,-0.2261,-61.4914,-1.0249,1561.9324,272.0000,,5.7424,5.1891,5.1891,5.1891,5.1891,5.1891,9.2367,5.1891,0.0,1.0,1.779999,1.106618,29,34,1,2,0E-8,-0.03936877,,0E-8,0.000000,0.850498,0.000000,,2026-05-16,2026-05-16,1,60,29,1,1.000000,,,0.000000,,,,,,,,GLOBAL_BASELINE_NO_ENTITY_RANKING,,,NOT_APPLICABLE_GLOBAL_BASELINE,HF9g-P5,,,,X 全窗基线 · 不参与实体赏罚,3923126,393,A168_HF9F_20260827_0900,2026-08-27 09:00:00
2026-05-16,150117492,2256,0,36.3240101707,4.6702298791,4.6702298791,0.6000000,7,7,0.50282064285714286,0.502820642857,0.434606212694104,0.4346062126947422,0.434606212694104,1.4286E-13,ELIGIBLE,R03b_20260811_FULL_v1,L1_ELIGIBILITY,v2026-08-11,2026-03-21..2026-08-06,baccarat_bet02_101_all_pairs_incl_sentinel,round_win = game_pnl > 0 (decisive only),COMPATIBILITY_ONLY_NOT_PRODUCTION,1561.9324,1328.4209,-61.4914,272,272,0.03936877,,0.03936877,0.03936877,61.4914,1561.9324,OK,0.0000,-1.8447,3.0000,97.0000,AG03-UNRESOLVED,ALL5_LEVELS_bet23_to_bet27,-1.8447,-1.8447,-1.8447,-2.4597,-2.4597,3.000000,3.000000,3.000000,4.000000,4.000000,97.000000,97.000000,97.000000,96.000000,96.000000,5.0,-10.4535,-9.7698,-51.0378,-51.7216,PENDING_AG03,FALSE,NOT_FOR_ENFORCEMENT,-59.6466,1288.5683,-61.4914,-59.6466,-1.8447,-0.03936877,-0.03818771,-1.8447,-59.6466,-0.03818771,-1.8447,-1.8447,-1.8447,-2.4597,-2.4597,-59.6466,-0.03818771,-10.4535,-9.7698,-51.0378,-51.7216,-0.03267608,-0.03311384,-0.00118106,5.7424,4.8839,-0.2261,-61.4914,-1.0249,1561.9324,272.0000,,5.7424,5.1891,5.1891,5.1891,5.1891,5.1891,9.2367,5.1891,0.0,1.0,1.779999,1.106618,29,34,1,2,0E-8,-0.03936877,,0E-8,0.000000,0.850498,0.000000,,2026-05-16,2026-05-16,1,60,29,1,1.000000,,,0.000000,,,,,,,,GLOBAL_BASELINE_NO_ENTITY_RANKING,,,NOT_APPLICABLE_GLOBAL_BASELINE,HF9g-P5,,,,X 全窗基线 · 不参与实体赏罚,3923127,393,A168_HF9F_20260827_0900,2026-08-27 09:00:00
2026-05-16,150117492,2267,0,15.5674329303,0E-10,0E-10,0.5000000,3,3,0.49771390000000000,0.497713900000,0.006466134837551399,0.0064661348375514,0.006466134837551399,0E-17,ELIGIBLE,R03b_20260811_FULL_v1,L1_ELIGIBILITY,v2026-08-11,2026-03-21..2026-08-06,baccarat_bet02_101_all_pairs_incl_sentinel,round_win = game_pnl > 0 (decisive only),COMPATIBILITY_ONLY_NOT_PRODUCTION,1561.9324,1328.4209,-61.4914,272,272,0.03936877,,0.03936877,0.03936877,61.4914,1561.9324,OK,0.0000,-1.8447,3.0000,97.0000,AG03-UNRESOLVED,ALL5_LEVELS_bet23_to_bet27,-1.8447,-1.8447,-1.8447,-2.4597,-2.4597,3.000000,3.000000,3.000000,4.000000,4.000000,97.000000,97.000000,97.000000,96.000000,96.000000,5.0,-10.4535,-9.7698,-51.0378,-51.7216,PENDING_AG03,FALSE,NOT_FOR_ENFORCEMENT,-59.6466,1288.5683,-61.4914,-59.6466,-1.8447,-0.03936877,-0.03818771,-1.8447,-59.6466,-0.03818771,-1.8447,-1.8447,-1.8447,-2.4597,-2.4597,-59.6466,-0.03818771,-10.4535,-9.7698,-51.0378,-51.7216,-0.03267608,-0.03311384,-0.00118106,5.7424,4.8839,-0.2261,-61.4914,-1.0249,1561.9324,272.0000,,5.7424,5.1891,5.1891,5.1891,5.1891,5.1891,9.2367,5.1891,0.0,1.0,1.779999,1.106618,29,34,1,2,0E-8,-0.03936877,,0E-8,0.000000,0.850498,0.000000,,2026-05-16,2026-05-16,1,60,29,1,1.000000,,,0.000000,,,,,,,,GLOBAL_BASELINE_NO_ENTITY_RANKING,,,NOT_APPLICABLE_GLOBAL_BASELINE,HF9g-P5,,,,X 全窗基线 · 不参与实体赏罚,3923128,393,A168_HF9F_20260827_0900,2026-08-27 09:00:00
2026-05-16,150117492,529,0,41.5131544808,-0.5189144310,-0.5189144310,0.5000000,8,8,0.49994810000000000,0.499948100000,0.00029359073713029245,0.00029359073713029245,0.00029359073713029245,0E-17,ELIGIBLE,R03b_20260811_FULL_v1,L1_ELIGIBILITY,v2026-08-11,2026-03-21..2026-08-06,baccarat_bet02_101_all_pairs_incl_sentinel,round_win = game_pnl > 0 (decisive only),COMPATIBILITY_ONLY_NOT_PRODUCTION,1561.9324,1328.4209,-61.4914,272,272,0.03936877,,0.03936877,0.03936877,61.4914,1561.9324,OK,0.0000,-1.8447,3.0000,97.0000,AG03-UNRESOLVED,ALL5_LEVELS_bet23_to_bet27,-1.8447,-1.8447,-1.8447,-2.4597,-2.4597,3.000000,3.000000,3.000000,4.000000,4.000000,97.000000,97.000000,97.000000,96.000000,96.000000,5.0,-10.4535,-9.7698,-51.0378,-51.7216,PENDING_AG03,FALSE,NOT_FOR_ENFORCEMENT,-59.6466,1288.5683,-61.4914,-59.6466,-1.8447,-0.03936877,-0.03818771,-1.8447,-59.6466,-0.03818771,-1.8447,-1.8447,-1.8447,-2.4597,-2.4597,-59.6466,-0.03818771,-10.4535,-9.7698,-51.0378,-51.7216,-0.03267608,-0.03311384,-0.00118106,5.7424,4.8839,-0.2261,-61.4914,-1.0249,1561.9324,272.0000,,5.7424,5.1891,5.1891,5.1891,5.1891,5.1891,9.2367,5.1891,0.0,1.0,1.779999,1.106618,29,34,1,2,0E-8,-0.03936877,,0E-8,0.000000,0.850498,0.000000,,2026-05-16,2026-05-16,1,60,29,1,1.000000,,,0.000000,,,,,,,,GLOBAL_BASELINE_NO_ENTITY_RANKING,,,NOT_APPLICABLE_GLOBAL_BASELINE,HF9g-P5,,,,X 全窗基线 · 不参与实体赏罚,3923129,393,A168_HF9F_20260827_0900,2026-08-27 09:00:00
2026-05-16,150117492,583,0,36.3240101707,24.6484354730,24.6484354730,0.8571429,7,7,0.50473567142857143,0.504735671429,1.8648471934442603,1.8648471934420079,1.8648471934442603,-4.2857E-13,ELIGIBLE,R03b_20260811_FULL_v1,L1_ELIGIBILITY,v2026-08-11,2026-03-21..2026-08-06,baccarat_bet02_101_all_pairs_incl_sentinel,round_win = game_pnl > 0 (decisive only),COMPATIBILITY_ONLY_NOT_PRODUCTION,1561.9324,1328.4209,-61.4914,272,272,0.03936877,,0.03936877,0.03936877,61.4914,1561.9324,OK,0.0000,-1.8447,3.0000,97.0000,AG03-UNRESOLVED,ALL5_LEVELS_bet23_to_bet27,-1.8447,-1.8447,-1.8447,-2.4597,-2.4597,3.000000,3.000000,3.000000,4.000000,4.000000,97.000000,97.000000,97.000000,96.000000,96.000000,5.0,-10.4535,-9.7698,-51.0378,-51.7216,PENDING_AG03,FALSE,NOT_FOR_ENFORCEMENT,-59.6466,1288.5683,-61.4914,-59.6466,-1.8447,-0.03936877,-0.03818771,-1.8447,-59.6466,-0.03818771,-1.8447,-1.8447,-1.8447,-2.4597,-2.4597,-59.6466,-0.03818771,-10.4535,-9.7698,-51.0378,-51.7216,-0.03267608,-0.03311384,-0.00118106,5.7424,4.8839,-0.2261,-61.4914,-1.0249,1561.9324,272.0000,,5.7424,5.1891,5.1891,5.1891,5.1891,5.1891,9.2367,5.1891,0.0,1.0,1.779999,1.106618,29,34,1,2,0E-8,-0.03936877,,0E-8,0.000000,0.850498,0.000000,,2026-05-16,2026-05-16,1,60,29,1,1.000000,,,0.000000,,,,,,,,GLOBAL_BASELINE_NO_ENTITY_RANKING,,,NOT_APPLICABLE_GLOBAL_BASELINE,HF9g-P5,,,,X 全窗基线 · 不参与实体赏罚,3923130,393,A168_HF9F_20260827_0900,2026-08-27 09:00:00
2026-05-16,150117492,763,0,15.5674329303,-0.2594572155,-0.2594572155,0.5000000,3,3,0.50218230000000000,0.502182300000,-0.00617253530718887,-0.00617253530718887,-0.00617253530718887,0E-17,ELIGIBLE,R03b_20260811_FULL_v1,L1_ELIGIBILITY,v2026-08-11,2026-03-21..2026-08-06,baccarat_bet02_101_all_pairs_incl_sentinel,round_win = game_pnl > 0 (decisive only),COMPATIBILITY_ONLY_NOT_PRODUCTION,1561.9324,1328.4209,-61.4914,272,272,0.03936877,,0.03936877,0.03936877,61.4914,1561.9324,OK,0.0000,-1.8447,3.0000,97.0000,AG03-UNRESOLVED,ALL5_LEVELS_bet23_to_bet27,-1.8447,-1.8447,-1.8447,-2.4597,-2.4597,3.000000,3.000000,3.000000,4.000000,4.000000,97.000000,97.000000,97.000000,96.000000,96.000000,5.0,-10.4535,-9.7698,-51.0378,-51.7216,PENDING_AG03,FALSE,NOT_FOR_ENFORCEMENT,-59.6466,1288.5683,-61.4914,-59.6466,-1.8447,-0.03936877,-0.03818771,-1.8447,-59.6466,-0.03818771,-1.8447,-1.8447,-1.8447,-2.4597,-2.4597,-59.6466,-0.03818771,-10.4535,-9.7698,-51.0378,-51.7216,-0.03267608,-0.03311384,-0.00118106,5.7424,4.8839,-0.2261,-61.4914,-1.0249,1561.9324,272.0000,,5.7424,5.1891,5.1891,5.1891,5.1891,5.1891,9.2367,5.1891,0.0,1.0,1.779999,1.106618,29,34,1,2,0E-8,-0.03936877,,0E-8,0.000000,0.850498,0.000000,,2026-05-16,2026-05-16,1,60,29,1,1.000000,,,0.000000,,,,,,,,GLOBAL_BASELINE_NO_ENTITY_RANKING,,,NOT_APPLICABLE_GLOBAL_BASELINE,HF9g-P5,,,,X 全窗基线 · 不参与实体赏罚,3923131,393,A168_HF9F_20260827_0900,2026-08-27 09:00:00
2026-05-16,150117492,948,0,36.3240101707,-5.4486015256,-5.4486015256,0.4000000,7,7,0.50282064285714286,0.502820642857,-0.45983521081771717,-0.4598352108170775,-0.45983521081771717,1.4286E-13,ELIGIBLE,R03b_20260811_FULL_v1,L1_ELIGIBILITY,v2026-08-11,2026-03-21..2026-08-06,baccarat_bet02_101_all_pairs_incl_sentinel,round_win = game_pnl > 0 (decisive only),COMPATIBILITY_ONLY_NOT_PRODUCTION,1561.9324,1328.4209,-61.4914,272,272,0.03936877,,0.03936877,0.03936877,61.4914,1561.9324,OK,0.0000,-1.8447,3.0000,97.0000,AG03-UNRESOLVED,ALL5_LEVELS_bet23_to_bet27,-1.8447,-1.8447,-1.8447,-2.4597,-2.4597,3.000000,3.000000,3.000000,4.000000,4.000000,97.000000,97.000000,97.000000,96.000000,96.000000,5.0,-10.4535,-9.7698,-51.0378,-51.7216,PENDING_AG03,FALSE,NOT_FOR_ENFORCEMENT,-59.6466,1288.5683,-61.4914,-59.6466,-1.8447,-0.03936877,-0.03818771,-1.8447,-59.6466,-0.03818771,-1.8447,-1.8447,-1.8447,-2.4597,-2.4597,-59.6466,-0.03818771,-10.4535,-9.7698,-51.0378,-51.7216,-0.03267608,-0.03311384,-0.00118106,5.7424,4.8839,-0.2261,-61.4914,-1.0249,1561.9324,272.0000,,5.7424,5.1891,5.1891,5.1891,5.1891,5.1891,9.2367,5.1891,0.0,1.0,1.779999,1.106618,29,34,1,2,0E-8,-0.03936877,,0E-8,0.000000,0.850498,0.000000,,2026-05-16,2026-05-16,1,60,29,1,1.000000,,,0.000000,,,,,,,,GLOBAL_BASELINE_NO_ENTITY_RANKING,,,NOT_APPLICABLE_GLOBAL_BASELINE,HF9g-P5,,,,X 全窗基线 · 不参与实体赏罚,3923132,393,A168_HF9F_20260827_0900,2026-08-27 09:00:00
2026-04-03,148177671,1306,0,71.1985969690,61.4873177499,61.4873177499,0.7500000,9,9,0.40912663333333333,0.409126633333,1.9609294998449718,1.960929499847135,1.9609294998449718,3.3333E-13,ELIGIBLE,R03b_20260811_FULL_v1,L1_ELIGIBILITY,v2026-08-11,2026-03-21..2026-08-06,baccarat_bet02_101_all_pairs_incl_sentinel,round_win = game_pnl > 0 (decisive only),COMPATIBILITY_ONLY_NOT_PRODUCTION,71.1986,65.9634,-61.4873,9,9,0.86360294,,0.86360294,0.86360294,61.4873,71.1986,THIN_EXPOSURE,0.0000,-1.8446,3.0000,97.0000,AG03-UNRESOLVED,ALL5_LEVELS_bet23_to_bet27,-1.8446,-1.8446,-1.8446,-2.4595,-2.4595,3.000000,3.000000,3.000000,4.000000,4.000000,97.000000,97.000000,97.000000,96.000000,96.000000,5.0,-10.4528,-9.7691,-51.0345,-51.7182,PENDING_AG03,FALSE,NOT_FOR_ENFORCEMENT,-59.6427,63.9845,-61.4873,-59.6427,-1.8446,-0.86360294,-0.83769485,-1.8446,-59.6427,-0.83769485,-1.8446,-1.8446,-1.8446,-2.4595,-2.4595,-59.6427,-0.83769485,-10.4528,-9.7691,-51.0345,-51.7182,-0.71679044,-0.72639322,-0.02590809,7.9110,7.3293,-6.8319,-61.4873,-61.4873,71.1986,9.0000,,7.9110,4.5808,5.497,10.5358,16.8573,20.9408,20.9408,5.497,5.2352,3.809524,3.809524,1.439153,1,1,1,3,0E-8,-0.86360294,,0E-8,0.000000,0.926471,0.000000,,2026-04-03,2026-04-03,1,1,1,1,1.000000,,,0.000000,,,,,,,,GLOBAL_BASELINE_NO_ENTITY_RANKING,,,NOT_APPLICABLE_GLOBAL_BASELINE,HF9g-P5,,,,X 全窗基线 · 不参与实体赏罚,3923133,393,A168_HF9F_20260827_0900,2026-08-27 09:00:00
2026-08-05,153853490,2123,0,141.4255697430,71.7229675125,71.7229675125,0.8000000,13,5,0.40692480252909261,0.286995825000,1.7891579464500849,2.5358413297390054,1.7891579464500849,0.11992897752909261,ELIGIBLE,R03b_20260811_FULL_v1,L1_ELIGIBILITY,v2026-08-11,2026-03-21..2026-08-06,baccarat_bet02_101_all_pairs_incl_sentinel,round_win = game_pnl > 0 (decisive only),COMPATIBILITY_ONLY_NOT_PRODUCTION,210.1180,191.9347,-62.1262,18,7,0.29567308,0.29567308,,0.29567308,62.1262,210.1180,THIN_EXPOSURE,0.0000,-2.4850,4.0000,96.0000,AG03-UNRESOLVED,ALL5_LEVELS_bet23_to_bet27,-2.4850,-2.4850,-3.1063,0.0000,0.0000,4.000000,4.000000,5.000000,0.000000,0.000000,96.000000,96.000000,95.000000,100.000000,100.000000,5.0,-8.0764,-7.7335,-54.0498,-54.3928,PENDING_AG03,FALSE,NOT_FOR_ENFORCEMENT,-59.6412,184.2573,-62.1262,-59.6412,-2.4850,-0.29567308,-0.28384615,-2.4850,-59.6412,-0.28384615,-2.4850,-2.4850,-3.1063,0.0000,0.0000,-59.6412,-0.28384615,-8.0764,-7.7335,-54.0498,-54.3928,-0.25723558,-0.25886769,-0.01182692,11.6732,27.4192,-8.8752,-62.1262,-31.0631,210.1180,7.0000,11.6732,,4.0407,7.0713,20.2037,27.2749,36.3666,40.4073,4.0407,-4.0407,5.142858,5.714286,1.650794,2,2,1,6,1.00000000,-0.29567308,-0.29567308,0E-8,0.000000,0.913462,0.000000,,2026-08-05,2026-08-05,1,2,2,1,1.000000,,1.000000,3.333333,,,,,,,,GLOBAL_BASELINE_NO_ENTITY_RANKING,,,NOT_APPLICABLE_GLOBAL_BASELINE,HF9g-P5,,,,X 全窗基线 · 不参与实体赏罚,3923134,393,A168_HF9F_20260827_0900,2026-08-27 09:00:00
2026-08-05,153853490,2252,0,68.6924195894,-9.5967350897,-9.5967350897,0.5000000,5,2,0.39334919821406724,0.259449191667,0.3087596926906283,0.7761009719270037,0.3087596926906283,0.13390000654706724,ELIGIBLE,R03b_20260811_FULL_v1,L1_ELIGIBILITY,v2026-08-11,2026-03-21..2026-08-06,baccarat_bet02_101_all_pairs_incl_sentinel,round_win = game_pnl > 0 (decisive only),COMPATIBILITY_ONLY_NOT_PRODUCTION,210.1180,191.9347,-62.1262,18,7,0.29567308,0.29567308,,0.29567308,62.1262,210.1180,THIN_EXPOSURE,0.0000,-2.4850,4.0000,96.0000,AG03-UNRESOLVED,ALL5_LEVELS_bet23_to_bet27,-2.4850,-2.4850,-3.1063,0.0000,0.0000,4.000000,4.000000,5.000000,0.000000,0.000000,96.000000,96.000000,95.000000,100.000000,100.000000,5.0,-8.0764,-7.7335,-54.0498,-54.3928,PENDING_AG03,FALSE,NOT_FOR_ENFORCEMENT,-59.6412,184.2573,-62.1262,-59.6412,-2.4850,-0.29567308,-0.28384615,-2.4850,-59.6412,-0.28384615,-2.4850,-2.4850,-3.1063,0.0000,0.0000,-59.6412,-0.28384615,-8.0764,-7.7335,-54.0498,-54.3928,-0.25723558,-0.25886769,-0.01182692,11.6732,27.4192,-8.8752,-62.1262,-31.0631,210.1180,7.0000,11.6732,,4.0407,7.0713,20.2037,27.2749,36.3666,40.4073,4.0407,-4.0407,5.142858,5.714286,1.650794,2,2,1,6,1.00000000,-0.29567308,-0.29567308,0E-8,0.000000,0.913462,0.000000,,2026-08-05,2026-08-05,1,2,2,1,1.000000,,1.000000,3.333333,,,,,,,,GLOBAL_BASELINE_NO_ENTITY_RANKING,,,NOT_APPLICABLE_GLOBAL_BASELINE,HF9g-P5,,,,X 全窗基线 · 不参与实体赏罚,3923135,393,A168_HF9F_20260827_0900,2026-08-27 09:00:00
2026-08-04,153833796,-1,1,117.1811863581,21.7189267822,21.7189267822,0.6666667,18,6,0.38213865677328916,0.255033916667,1.4343153721713513,2.313227384780791,1.4343153721713513,0.12710474010628916,SENTINEL_DEALER,R03b_20260811_FULL_v1,L1_ELIGIBILITY,v2026-08-11,2026-03-21..2026-08-06,baccarat_bet02_101_all_pairs_incl_sentinel,round_win = game_pnl > 0 (decisive only),COMPATIBILITY_ONLY_NOT_PRODUCTION,399.0221,386.9000,-62.1262,46,18,0.15569620,0.15569620,,0.15569620,62.1262,399.0221,OK,0.0000,-2.4850,4.0000,96.0000,AG03-UNRESOLVED,ALL5_LEVELS_bet23_to_bet27,-2.4850,-2.4850,-2.4850,-2.4850,-2.4850,4.000000,4.000000,4.000000,4.000000,4.000000,96.000000,96.000000,96.000000,96.000000,96.000000,5.0,-12.4252,-11.4702,-49.7010,-50.656,PENDING_AG03,FALSE,NOT_FOR_ENFORCEMENT,-59.6412,371.4240,-62.1262,-59.6412,-2.4850,-0.15569620,-0.14946835,-2.4850,-59.6412,-0.14946835,-2.4850,-2.4850,-2.4850,-2.4850,-2.4850,-59.6412,-0.14946835,-12.4252,-11.4702,-49.7010,-50.656,-0.12455696,-0.12695043,-0.00622785,8.6744,21.4944,-3.4515,-62.1262,-10.3544,399.0221,18.0000,8.6744,,2.0204,4.0407,16.1629,20.2037,28.6892,32.3258,4.0407,-2.0204,7.1,8.0,2.146739,6,6,1,7,1.00000000,-0.15569620,-0.15569620,0E-8,0.000000,0.969620,0.000000,,2026-08-04,2026-08-04,1,6,6,1,1.000000,,1.000000,3.333333,,,,,,,,GLOBAL_BASELINE_NO_ENTITY_RANKING,,,NOT_APPLICABLE_GLOBAL_BASELINE,HF9g-P5,,,,X 全窗基线 · 不参与实体赏罚,3923136,393,A168_HF9F_20260827_0900,2026-08-27 09:00:00
2026-08-04,153833796,1307,0,78.7942459995,42.4276709231,42.4276709231,0.6666667,9,3,0.30408691598473919,0.157636505556,1.3651733617201698,2.4195019422015522,1.3651733617201698,0.14645041042873919,ELIGIBLE,R03b_20260811_FULL_v1,L1_ELIGIBILITY,v2026-08-11,2026-03-21..2026-08-06,baccarat_bet02_101_all_pairs_incl_sentinel,round_win = game_pnl > 0 (decisive only),COMPATIBILITY_ONLY_NOT_PRODUCTION,399.0221,386.9000,-62.1262,46,18,0.15569620,0.15569620,,0.15569620,62.1262,399.0221,OK,0.0000,-2.4850,4.0000,96.0000,AG03-UNRESOLVED,ALL5_LEVELS_bet23_to_bet27,-2.4850,-2.4850,-2.4850,-2.4850,-2.4850,4.000000,4.000000,4.000000,4.000000,4.000000,96.000000,96.000000,96.000000,96.000000,96.000000,5.0,-12.4252,-11.4702,-49.7010,-50.656,PENDING_AG03,FALSE,NOT_FOR_ENFORCEMENT,-59.6412,371.4240,-62.1262,-59.6412,-2.4850,-0.15569620,-0.14946835,-2.4850,-59.6412,-0.14946835,-2.4850,-2.4850,-2.4850,-2.4850,-2.4850,-59.6412,-0.14946835,-12.4252,-11.4702,-49.7010,-50.656,-0.12455696,-0.12695043,-0.00622785,8.6744,21.4944,-3.4515,-62.1262,-10.3544,399.0221,18.0000,8.6744,,2.0204,4.0407,16.1629,20.2037,28.6892,32.3258,4.0407,-2.0204,7.1,8.0,2.146739,6,6,1,7,1.00000000,-0.15569620,-0.15569620,0E-8,0.000000,0.969620,0.000000,,2026-08-04,2026-08-04,1,6,6,1,1.000000,,1.000000,3.333333,,,,,,,,GLOBAL_BASELINE_NO_ENTITY_RANKING,,,NOT_APPLICABLE_GLOBAL_BASELINE,HF9g-P5,,,,X 全窗基线 · 不参与实体赏罚,3923137,393,A168_HF9F_20260827_0900,2026-08-27 09:00:00
2026-08-04,153833796,1490,0,20.2036528204,20.2036528204,20.2036528204,1.0000000,1,1,0.49324550000000000,0.493245500000,1.01360149184955,1.01360149184955,1.01360149184955,0E-17,ELIGIBLE,R03b_20260811_FULL_v1,L1_ELIGIBILITY,v2026-08-11,2026-03-21..2026-08-06,baccarat_bet02_101_all_pairs_incl_sentinel,round_win = game_pnl > 0 (decisive only),COMPATIBILITY_ONLY_NOT_PRODUCTION,399.0221,386.9000,-62.1262,46,18,0.15569620,0.15569620,,0.15569620,62.1262,399.0221,OK,0.0000,-2.4850,4.0000,96.0000,AG03-UNRESOLVED,ALL5_LEVELS_bet23_to_bet27,-2.4850,-2.4850,-2.4850,-2.4850,-2.4850,4.000000,4.000000,4.000000,4.000000,4.000000,96.000000,96.000000,96.000000,96.000000,96.000000,5.0,-12.4252,-11.4702,-49.7010,-50.656,PENDING_AG03,FALSE,NOT_FOR_ENFORCEMENT,-59.6412,371.4240,-62.1262,-59.6412,-2.4850,-0.15569620,-0.14946835,-2.4850,-59.6412,-0.14946835,-2.4850,-2.4850,-2.4850,-2.4850,-2.4850,-59.6412,-0.14946835,-12.4252,-11.4702,-49.7010,-50.656,-0.12455696,-0.12695043,-0.00622785,8.6744,21.4944,-3.4515,-62.1262,-10.3544,399.0221,18.0000,8.6744,,2.0204,4.0407,16.1629,20.2037,28.6892,32.3258,4.0407,-2.0204,7.1,8.0,2.146739,6,6,1,7,1.00000000,-0.15569620,-0.15569620,0E-8,0.000000,0.969620,0.000000,,2026-08-04,2026-08-04,1,6,6,1,1.000000,,1.000000,3.333333,,,,,,,,GLOBAL_BASELINE_NO_ENTITY_RANKING,,,NOT_APPLICABLE_GLOBAL_BASELINE,HF9g-P5,,,,X 全窗基线 · 不参与实体赏罚,3923138,393,A168_HF9F_20260827_0900,2026-08-27 09:00:00
2026-08-04,153833796,1966,0,97.9877161790,-18.1832875383,-18.1832875383,0.5000000,11,4,0.37813096919012277,0.273198016667,0.5026350437612809,1.0179583772717735,0.5026350437612809,0.10493295252312277,ELIGIBLE,R03b_20260811_FULL_v1,L1_ELIGIBILITY,v2026-08-11,2026-03-21..2026-08-06,baccarat_bet02_101_all_pairs_incl_sentinel,round_win = game_pnl > 0 (decisive only),COMPATIBILITY_ONLY_NOT_PRODUCTION,399.0221,386.9000,-62.1262,46,18,0.15569620,0.15569620,,0.15569620,62.1262,399.0221,OK,0.0000,-2.4850,4.0000,96.0000,AG03-UNRESOLVED,ALL5_LEVELS_bet23_to_bet27,-2.4850,-2.4850,-2.4850,-2.4850,-2.4850,4.000000,4.000000,4.000000,4.000000,4.000000,96.000000,96.000000,96.000000,96.000000,96.000000,5.0,-12.4252,-11.4702,-49.7010,-50.656,PENDING_AG03,FALSE,NOT_FOR_ENFORCEMENT,-59.6412,371.4240,-62.1262,-59.6412,-2.4850,-0.15569620,-0.14946835,-2.4850,-59.6412,-0.14946835,-2.4850,-2.4850,-2.4850,-2.4850,-2.4850,-59.6412,-0.14946835,-12.4252,-11.4702,-49.7010,-50.656,-0.12455696,-0.12695043,-0.00622785,8.6744,21.4944,-3.4515,-62.1262,-10.3544,399.0221,18.0000,8.6744,,2.0204,4.0407,16.1629,20.2037,28.6892,32.3258,4.0407,-2.0204,7.1,8.0,2.146739,6,6,1,7,1.00000000,-0.15569620,-0.15569620,0E-8,0.000000,0.969620,0.000000,,2026-08-04,2026-08-04,1,6,6,1,1.000000,,1.000000,3.333333,,,,,,,,GLOBAL_BASELINE_NO_ENTITY_RANKING,,,NOT_APPLICABLE_GLOBAL_BASELINE,HF9g-P5,,,,X 全窗基线 · 不参与实体赏罚,3923139,393,A168_HF9F_20260827_0900,2026-08-27 09:00:00
2026-08-04,153833796,2123,0,60.6109584611,20.2036528205,20.2036528205,0.6666667,6,3,0.45068622000063195,0.386847300000,0.7518438917716856,0.9951402426903061,0.7518438917716856,0.06383892000063195,ELIGIBLE,R03b_20260811_FULL_v1,L1_ELIGIBILITY,v2026-08-11,2026-03-21..2026-08-06,baccarat_bet02_101_all_pairs_incl_sentinel,round_win = game_pnl > 0 (decisive only),COMPATIBILITY_ONLY_NOT_PRODUCTION,399.0221,386.9000,-62.1262,46,18,0.15569620,0.15569620,,0.15569620,62.1262,399.0221,OK,0.0000,-2.4850,4.0000,96.0000,AG03-UNRESOLVED,ALL5_LEVELS_bet23_to_bet27,-2.4850,-2.4850,-2.4850,-2.4850,-2.4850,4.000000,4.000000,4.000000,4.000000,4.000000,96.000000,96.000000,96.000000,96.000000,96.000000,5.0,-12.4252,-11.4702,-49.7010,-50.656,PENDING_AG03,FALSE,NOT_FOR_ENFORCEMENT,-59.6412,371.4240,-62.1262,-59.6412,-2.4850,-0.15569620,-0.14946835,-2.4850,-59.6412,-0.14946835,-2.4850,-2.4850,-2.4850,-2.4850,-2.4850,-59.6412,-0.14946835,-12.4252,-11.4702,-49.7010,-50.656,-0.12455696,-0.12695043,-0.00622785,8.6744,21.4944,-3.4515,-62.1262,-10.3544,399.0221,18.0000,8.6744,,2.0204,4.0407,16.1629,20.2037,28.6892,32.3258,4.0407,-2.0204,7.1,8.0,2.146739,6,6,1,7,1.00000000,-0.15569620,-0.15569620,0E-8,0.000000,0.969620,0.000000,,2026-08-04,2026-08-04,1,6,6,1,1.000000,,1.000000,3.333333,,,,,,,,GLOBAL_BASELINE_NO_ENTITY_RANKING,,,NOT_APPLICABLE_GLOBAL_BASELINE,HF9g-P5,,,,X 全窗基线 · 不参与实体赏罚,3923140,393,A168_HF9F_20260827_0900,2026-08-27 09:00:00
2026-08-04,153833796,2261,0,24.2443833845,-24.2443833845,-24.2443833845,0E-7,1,1,0.50665070000000000,0.506650700000,-1.013391052207602,-1.013391052207602,-1.013391052207602,0E-17,ELIGIBLE,R03b_20260811_FULL_v1,L1_ELIGIBILITY,v2026-08-11,2026-03-21..2026-08-06,baccarat_bet02_101_all_pairs_incl_sentinel,round_win = game_pnl > 0 (decisive only),COMPATIBILITY_ONLY_NOT_PRODUCTION,399.0221,386.9000,-62.1262,46,18,0.15569620,0.15569620,,0.15569620,62.1262,399.0221,OK,0.0000,-2.4850,4.0000,96.0000,AG03-UNRESOLVED,ALL5_LEVELS_bet23_to_bet27,-2.4850,-2.4850,-2.4850,-2.4850,-2.4850,4.000000,4.000000,4.000000,4.000000,4.000000,96.000000,96.000000,96.000000,96.000000,96.000000,5.0,-12.4252,-11.4702,-49.7010,-50.656,PENDING_AG03,FALSE,NOT_FOR_ENFORCEMENT,-59.6412,371.4240,-62.1262,-59.6412,-2.4850,-0.15569620,-0.14946835,-2.4850,-59.6412,-0.14946835,-2.4850,-2.4850,-2.4850,-2.4850,-2.4850,-59.6412,-0.14946835,-12.4252,-11.4702,-49.7010,-50.656,-0.12455696,-0.12695043,-0.00622785,8.6744,21.4944,-3.4515,-62.1262,-10.3544,399.0221,18.0000,8.6744,,2.0204,4.0407,16.1629,20.2037,28.6892,32.3258,4.0407,-2.0204,7.1,8.0,2.146739,6,6,1,7,1.00000000,-0.15569620,-0.15569620,0E-8,0.000000,0.969620,0.000000,,2026-08-04,2026-08-04,1,6,6,1,1.000000,,1.000000,3.333333,,,,,,,,GLOBAL_BASELINE_NO_ENTITY_RANKING,,,NOT_APPLICABLE_GLOBAL_BASELINE,HF9g-P5,,,,X 全窗基线 · 不参与实体赏罚,3923141,393,A168_HF9F_20260827_0900,2026-08-27 09:00:00
2026-05-13,140245995,1941,0,328.7469803591,107.4992122677,107.4992122677,0.6666667,3,3,0.50665070000000000,0.506650700000,0.5543606114942035,0.5543606114942035,0.5543606114942035,0E-17,ELIGIBLE,R03b_20260811_FULL_v1,L1_ELIGIBILITY,v2026-08-11,2026-03-21..2026-08-06,baccarat_bet02_101_all_pairs_incl_sentinel,round_win = game_pnl > 0 (decisive only),COMPATIBILITY_ONLY_NOT_PRODUCTION,559.8151,551.4127,-62.1258,9,8,0.11097561,,0.11097561,0.11097561,62.1258,559.8151,THIN_EXPOSURE,0.0000,-2.4850,4.0000,96.0000,AG03-UNRESOLVED,ALL5_LEVELS_bet23_to_bet27,-2.4850,-2.4850,-2.4850,-4.9701,-4.9701,4.000000,4.000000,4.000000,8.000000,8.000000,96.000000,96.000000,96.000000,92.000000,92.000000,5.0,-17.3952,-15.6035,-44.7306,-46.5223,PENDING_AG03,FALSE,NOT_FOR_ENFORCEMENT,-59.6408,529.3562,-62.1258,-59.6408,-2.4850,-0.11097561,-0.10653659,-2.4850,-59.6408,-0.10653659,-2.4850,-2.4850,-2.4850,-4.9701,-4.9701,-59.6408,-0.10653659,-17.3952,-15.6035,-44.7306,-46.5223,-0.07990244,-0.08310304,-0.00443902,62.2017,68.9266,-7.7657,-62.1258,-31.0629,559.8151,8.0000,,62.2017,8.4025,63.0186,111.0703,119.7353,123.9366,123.9366,63.0186,3.9912,1.966667,1.966667,0.987037,2,2,1,3,0E-8,-0.11097561,,0E-8,0.000000,0.984991,0.000000,,2026-05-13,2026-05-13,1,2,2,1,1.000000,,,0.000000,,,,,,,,GLOBAL_BASELINE_NO_ENTITY_RANKING,,,NOT_APPLICABLE_GLOBAL_BASELINE,HF9g-P5,,,,X 全窗基线 · 不参与实体赏罚,3923142,393,A168_HF9F_20260827_0900,2026-08-27 09:00:00
2026-05-13,140245995,2235,0,231.0681651087,-45.3733851486,-45.3733851486,0.7500000,6,5,0.49062769529414750,0.455979690000,1.0376715331724684,1.1806659010865226,1.0376715331724684,0.03464800529414750,ELIGIBLE,R03b_20260811_FULL_v1,L1_ELIGIBILITY,v2026-08-11,2026-03-21..2026-08-06,baccarat_bet02_101_all_pairs_incl_sentinel,round_win = game_pnl > 0 (decisive only),COMPATIBILITY_ONLY_NOT_PRODUCTION,559.8151,551.4127,-62.1258,9,8,0.11097561,,0.11097561,0.11097561,62.1258,559.8151,THIN_EXPOSURE,0.0000,-2.4850,4.0000,96.0000,AG03-UNRESOLVED,ALL5_LEVELS_bet23_to_bet27,-2.4850,-2.4850,-2.4850,-4.9701,-4.9701,4.000000,4.000000,4.000000,8.000000,8.000000,96.000000,96.000000,96.000000,92.000000,92.000000,5.0,-17.3952,-15.6035,-44.7306,-46.5223,PENDING_AG03,FALSE,NOT_FOR_ENFORCEMENT,-59.6408,529.3562,-62.1258,-59.6408,-2.4850,-0.11097561,-0.10653659,-2.4850,-59.6408,-0.10653659,-2.4850,-2.4850,-2.4850,-4.9701,-4.9701,-59.6408,-0.10653659,-17.3952,-15.6035,-44.7306,-46.5223,-0.07990244,-0.08310304,-0.00443902,62.2017,68.9266,-7.7657,-62.1258,-31.0629,559.8151,8.0000,,62.2017,8.4025,63.0186,111.0703,119.7353,123.9366,123.9366,63.0186,3.9912,1.966667,1.966667,0.987037,2,2,1,3,0E-8,-0.11097561,,0E-8,0.000000,0.984991,0.000000,,2026-05-13,2026-05-13,1,2,2,1,1.000000,,,0.000000,,,,,,,,GLOBAL_BASELINE_NO_ENTITY_RANKING,,,NOT_APPLICABLE_GLOBAL_BASELINE,HF9g-P5,,,,X 全窗基线 · 不参与实体赏罚,3923143,393,A168_HF9F_20260827_0900,2026-08-27 09:00:00
2026-05-30,117753935,-1,1,444.4911248821,68.7952946121,68.7952946121,0.6428571,16,16,0.49994810000000000,0.499948100000,1.0694333574477175,1.0694333574477175,1.0694333574477175,0E-17,SENTINEL_DEALER,R03b_20260811_FULL_v1,L1_ELIGIBILITY,v2026-08-11,2026-03-21..2026-08-06,baccarat_bet02_101_all_pairs_incl_sentinel,round_win = game_pnl > 0 (decisive only),COMPATIBILITY_ONLY_NOT_PRODUCTION,1475.7706,1295.9575,-62.1230,48,48,0.04209531,,0.04209531,0.04209531,62.1230,1475.7706,OK,0.0000,-2.4849,4.0000,96.0000,AG03-UNRESOLVED,ALL5_LEVELS_bet23_to_bet27,-2.4849,-2.4849,-2.4849,-3.7274,0.0000,4.000000,4.000000,4.000000,6.000000,0.000000,96.000000,96.000000,96.000000,94.000000,100.000000,5.0,-11.1821,-10.4583,-50.9409,-51.6647,PENDING_AG03,FALSE,NOT_FOR_ENFORCEMENT,-59.6381,1244.1192,-62.1230,-59.6381,-2.4849,-0.04209531,-0.04041149,-2.4849,-59.6381,-0.04041149,-2.4849,-2.4849,-2.4849,-3.7274,0.0000,-59.6381,-0.04041149,-11.1821,-10.4583,-50.9409,-51.6647,-0.03451815,-0.03500864,-0.00168381,30.7452,26.9991,-1.2942,-20.7077,-1.6790,491.9235,16.0000,,30.7452,21.0062,21.0062,42.0124,42.0124,47.9197,63.0186,21.0062,16.4636,2.281218,3.0,1.463626,23,24,2,2,0E-8,-0.04209531,,0E-8,0.000000,0.878157,0.000000,,2026-05-30,2026-06-19,3,37,25,21,0.142857,,,0.000000,,,,,,,,GLOBAL_BASELINE_NO_ENTITY_RANKING,,,NOT_APPLICABLE_GLOBAL_BASELINE,HF9g-P5,,,,X 全窗基线 · 不参与实体赏罚,3923144,393,A168_HF9F_20260827_0900,2026-08-27 09:00:00
2026-05-30,117753935,1115,0,21.0061968281,21.0061968281,21.0061968281,1.0000000,1,1,0.49324550000000000,0.493245500000,1.01360149184955,1.01360149184955,1.01360149184955,0E-17,ELIGIBLE,R03b_20260811_FULL_v1,L1_ELIGIBILITY,v2026-08-11,2026-03-21..2026-08-06,baccarat_bet02_101_all_pairs_incl_sentinel,round_win = game_pnl > 0 (decisive only),COMPATIBILITY_ONLY_NOT_PRODUCTION,1475.7706,1295.9575,-62.1230,48,48,0.04209531,,0.04209531,0.04209531,62.1230,1475.7706,OK,0.0000,-2.4849,4.0000,96.0000,AG03-UNRESOLVED,ALL5_LEVELS_bet23_to_bet27,-2.4849,-2.4849,-2.4849,-3.7274,0.0000,4.000000,4.000000,4.000000,6.000000,0.000000,96.000000,96.000000,96.000000,94.000000,100.000000,5.0,-11.1821,-10.4583,-50.9409,-51.6647,PENDING_AG03,FALSE,NOT_FOR_ENFORCEMENT,-59.6381,1244.1192,-62.1230,-59.6381,-2.4849,-0.04209531,-0.04041149,-2.4849,-59.6381,-0.04041149,-2.4849,-2.4849,-2.4849,-3.7274,0.0000,-59.6381,-0.04041149,-11.1821,-10.4583,-50.9409,-51.6647,-0.03451815,-0.03500864,-0.00168381,30.7452,26.9991,-1.2942,-20.7077,-1.6790,491.9235,16.0000,,30.7452,21.0062,21.0062,42.0124,42.0124,47.9197,63.0186,21.0062,16.4636,2.281218,3.0,1.463626,23,24,2,2,0E-8,-0.04209531,,0E-8,0.000000,0.878157,0.000000,,2026-05-30,2026-06-19,3,37,25,21,0.142857,,,0.000000,,,,,,,,GLOBAL_BASELINE_NO_ENTITY_RANKING,,,NOT_APPLICABLE_GLOBAL_BASELINE,HF9g-P5,,,,X 全窗基线 · 不参与实体赏罚,3923145,393,A168_HF9F_20260827_0900,2026-08-27 09:00:00
2026-05-30,117753935,1306,0,21.0061968281,-21.0061968281,-21.0061968281,0E-7,1,1,0.49324550000000000,0.493245500000,-0.9865810262130424,-0.9865810262130424,-0.9865810262130424,0E-17,ELIGIBLE,R03b_20260811_FULL_v1,L1_ELIGIBILITY,v2026-08-11,2026-03-21..2026-08-06,baccarat_bet02_101_all_pairs_incl_sentinel,round_win = game_pnl > 0 (decisive only),COMPATIBILITY_ONLY_NOT_PRODUCTION,1475.7706,1295.9575,-62.1230,48,48,0.04209531,,0.04209531,0.04209531,62.1230,1475.7706,OK,0.0000,-2.4849,4.0000,96.0000,AG03-UNRESOLVED,ALL5_LEVELS_bet23_to_bet27,-2.4849,-2.4849,-2.4849,-3.7274,0.0000,4.000000,4.000000,4.000000,6.000000,0.000000,96.000000,96.000000,96.000000,94.000000,100.000000,5.0,-11.1821,-10.4583,-50.9409,-51.6647,PENDING_AG03,FALSE,NOT_FOR_ENFORCEMENT,-59.6381,1244.1192,-62.1230,-59.6381,-2.4849,-0.04209531,-0.04041149,-2.4849,-59.6381,-0.04041149,-2.4849,-2.4849,-2.4849,-3.7274,0.0000,-59.6381,-0.04041149,-11.1821,-10.4583,-50.9409,-51.6647,-0.03451815,-0.03500864,-0.00168381,30.7452,26.9991,-1.2942,-20.7077,-1.6790,491.9235,16.0000,,30.7452,21.0062,21.0062,42.0124,42.0124,47.9197,63.0186,21.0062,16.4636,2.281218,3.0,1.463626,23,24,2,2,0E-8,-0.04209531,,0E-8,0.000000,0.878157,0.000000,,2026-05-30,2026-06-19,3,37,25,21,0.142857,,,0.000000,,,,,,,,GLOBAL_BASELINE_NO_ENTITY_RANKING,,,NOT_APPLICABLE_GLOBAL_BASELINE,HF9g-P5,,,,X 全窗基线 · 不参与实体赏罚,3923146,393,A168_HF9F_20260827_0900,2026-08-27 09:00:00
2026-05-30,117753935,1374,0,42.0123936561,39.9117739733,39.9117739733,1.0000000,1,1,0.50665070000000000,0.506650700000,0.9867858985152569,0.9867858985152569,0.9867858985152569,0E-17,ELIGIBLE,R03b_20260811_FULL_v1,L1_ELIGIBILITY,v2026-08-11,2026-03-21..2026-08-06,baccarat_bet02_101_all_pairs_incl_sentinel,round_win = game_pnl > 0 (decisive only),COMPATIBILITY_ONLY_NOT_PRODUCTION,1475.7706,1295.9575,-62.1230,48,48,0.04209531,,0.04209531,0.04209531,62.1230,1475.7706,OK,0.0000,-2.4849,4.0000,96.0000,AG03-UNRESOLVED,ALL5_LEVELS_bet23_to_bet27,-2.4849,-2.4849,-2.4849,-3.7274,0.0000,4.000000,4.000000,4.000000,6.000000,0.000000,96.000000,96.000000,96.000000,94.000000,100.000000,5.0,-11.1821,-10.4583,-50.9409,-51.6647,PENDING_AG03,FALSE,NOT_FOR_ENFORCEMENT,-59.6381,1244.1192,-62.1230,-59.6381,-2.4849,-0.04209531,-0.04041149,-2.4849,-59.6381,-0.04041149,-2.4849,-2.4849,-2.4849,-3.7274,0.0000,-59.6381,-0.04041149,-11.1821,-10.4583,-50.9409,-51.6647,-0.03451815,-0.03500864,-0.00168381,30.7452,26.9991,-1.2942,-20.7077,-1.6790,491.9235,16.0000,,30.7452,21.0062,21.0062,42.0124,42.0124,47.9197,63.0186,21.0062,16.4636,2.281218,3.0,1.463626,23,24,2,2,0E-8,-0.04209531,,0E-8,0.000000,0.878157,0.000000,,2026-05-30,2026-06-19,3,37,25,21,0.142857,,,0.000000,,,,,,,,GLOBAL_BASELINE_NO_ENTITY_RANKING,,,NOT_APPLICABLE_GLOBAL_BASELINE,HF9g-P5,,,,X 全窗基线 · 不参与实体赏罚,3923147,393,A168_HF9F_20260827_0900,2026-08-27 09:00:00
2026-05-30,117753935,1396,0,42.0123936561,-42.0123936561,-42.0123936561,0E-7,1,1,0.49324550000000000,0.493245500000,-0.9865810262130424,-0.9865810262130424,-0.9865810262130424,0E-17,ELIGIBLE,R03b_20260811_FULL_v1,L1_ELIGIBILITY,v2026-08-11,2026-03-21..2026-08-06,baccarat_bet02_101_all_pairs_incl_sentinel,round_win = game_pnl > 0 (decisive only),COMPATIBILITY_ONLY_NOT_PRODUCTION,1475.7706,1295.9575,-62.1230,48,48,0.04209531,,0.04209531,0.04209531,62.1230,1475.7706,OK,0.0000,-2.4849,4.0000,96.0000,AG03-UNRESOLVED,ALL5_LEVELS_bet23_to_bet27,-2.4849,-2.4849,-2.4849,-3.7274,0.0000,4.000000,4.000000,4.000000,6.000000,0.000000,96.000000,96.000000,96.000000,94.000000,100.000000,5.0,-11.1821,-10.4583,-50.9409,-51.6647,PENDING_AG03,FALSE,NOT_FOR_ENFORCEMENT,-59.6381,1244.1192,-62.1230,-59.6381,-2.4849,-0.04209531,-0.04041149,-2.4849,-59.6381,-0.04041149,-2.4849,-2.4849,-2.4849,-3.7274,0.0000,-59.6381,-0.04041149,-11.1821,-10.4583,-50.9409,-51.6647,-0.03451815,-0.03500864,-0.00168381,30.7452,26.9991,-1.2942,-20.7077,-1.6790,491.9235,16.0000,,30.7452,21.0062,21.0062,42.0124,42.0124,47.9197,63.0186,21.0062,16.4636,2.281218,3.0,1.463626,23,24,2,2,0E-8,-0.04209531,,0E-8,0.000000,0.878157,0.000000,,2026-05-30,2026-06-19,3,37,25,21,0.142857,,,0.000000,,,,,,,,GLOBAL_BASELINE_NO_ENTITY_RANKING,,,NOT_APPLICABLE_GLOBAL_BASELINE,HF9g-P5,,,,X 全窗基线 · 不参与实体赏罚,3923148,393,A168_HF9F_20260827_0900,2026-08-27 09:00:00
2026-05-30,117753935,1505,0,21.0061968281,-21.0061968281,-21.0061968281,0E-7,1,1,0.49324550000000000,0.493245500000,-0.9865810262130424,-0.9865810262130424,-0.9865810262130424,0E-17,ELIGIBLE,R03b_20260811_FULL_v1,L1_ELIGIBILITY,v2026-08-11,2026-03-21..2026-08-06,baccarat_bet02_101_all_pairs_incl_sentinel,round_win = game_pnl > 0 (decisive only),COMPATIBILITY_ONLY_NOT_PRODUCTION,1475.7706,1295.9575,-62.1230,48,48,0.04209531,,0.04209531,0.04209531,62.1230,1475.7706,OK,0.0000,-2.4849,4.0000,96.0000,AG03-UNRESOLVED,ALL5_LEVELS_bet23_to_bet27,-2.4849,-2.4849,-2.4849,-3.7274,0.0000,4.000000,4.000000,4.000000,6.000000,0.000000,96.000000,96.000000,96.000000,94.000000,100.000000,5.0,-11.1821,-10.4583,-50.9409,-51.6647,PENDING_AG03,FALSE,NOT_FOR_ENFORCEMENT,-59.6381,1244.1192,-62.1230,-59.6381,-2.4849,-0.04209531,-0.04041149,-2.4849,-59.6381,-0.04041149,-2.4849,-2.4849,-2.4849,-3.7274,0.0000,-59.6381,-0.04041149,-11.1821,-10.4583,-50.9409,-51.6647,-0.03451815,-0.03500864,-0.00168381,30.7452,26.9991,-1.2942,-20.7077,-1.6790,491.9235,16.0000,,30.7452,21.0062,21.0062,42.0124,42.0124,47.9197,63.0186,21.0062,16.4636,2.281218,3.0,1.463626,23,24,2,2,0E-8,-0.04209531,,0E-8,0.000000,0.878157,0.000000,,2026-05-30,2026-06-19,3,37,25,21,0.142857,,,0.000000,,,,,,,,GLOBAL_BASELINE_NO_ENTITY_RANKING,,,NOT_APPLICABLE_GLOBAL_BASELINE,HF9g-P5,,,,X 全窗基线 · 不参与实体赏罚,3923149,393,A168_HF9F_20260827_0900,2026-08-27 09:00:00
2026-05-30,117753935,1941,0,136.5402793824,29.4086755594,29.4086755594,0.6000000,5,5,0.50128862000000000,0.501288620000,0.4414521777673877,0.4414521777673877,0.4414521777673877,0E-17,ELIGIBLE,R03b_20260811_FULL_v1,L1_ELIGIBILITY,v2026-08-11,2026-03-21..2026-08-06,baccarat_bet02_101_all_pairs_incl_sentinel,round_win = game_pnl > 0 (decisive only),COMPATIBILITY_ONLY_NOT_PRODUCTION,1475.7706,1295.9575,-62.1230,48,48,0.04209531,,0.04209531,0.04209531,62.1230,1475.7706,OK,0.0000,-2.4849,4.0000,96.0000,AG03-UNRESOLVED,ALL5_LEVELS_bet23_to_bet27,-2.4849,-2.4849,-2.4849,-3.7274,0.0000,4.000000,4.000000,4.000000,6.000000,0.000000,96.000000,96.000000,96.000000,94.000000,100.000000,5.0,-11.1821,-10.4583,-50.9409,-51.6647,PENDING_AG03,FALSE,NOT_FOR_ENFORCEMENT,-59.6381,1244.1192,-62.1230,-59.6381,-2.4849,-0.04209531,-0.04041149,-2.4849,-59.6381,-0.04041149,-2.4849,-2.4849,-2.4849,-3.7274,0.0000,-59.6381,-0.04041149,-11.1821,-10.4583,-50.9409,-51.6647,-0.03451815,-0.03500864,-0.00168381,30.7452,26.9991,-1.2942,-20.7077,-1.6790,491.9235,16.0000,,30.7452,21.0062,21.0062,42.0124,42.0124,47.9197,63.0186,21.0062,16.4636,2.281218,3.0,1.463626,23,24,2,2,0E-8,-0.04209531,,0E-8,0.000000,0.878157,0.000000,,2026-05-30,2026-06-19,3,37,25,21,0.142857,,,0.000000,,,,,,,,GLOBAL_BASELINE_NO_ENTITY_RANKING,,,NOT_APPLICABLE_GLOBAL_BASELINE,HF9g-P5,,,,X 全窗基线 · 不参与实体赏罚,3923150,393,A168_HF9F_20260827_0900,2026-08-27 09:00:00
2026-05-30,117753935,2106,0,42.0123936561,42.0123936561,42.0123936561,1.0000000,1,1,0.49324550000000000,0.493245500000,1.01360149184955,1.01360149184955,1.01360149184955,0E-17,ELIGIBLE,R03b_20260811_FULL_v1,L1_ELIGIBILITY,v2026-08-11,2026-03-21..2026-08-06,baccarat_bet02_101_all_pairs_incl_sentinel,round_win = game_pnl > 0 (decisive only),COMPATIBILITY_ONLY_NOT_PRODUCTION,1475.7706,1295.9575,-62.1230,48,48,0.04209531,,0.04209531,0.04209531,62.1230,1475.7706,OK,0.0000,-2.4849,4.0000,96.0000,AG03-UNRESOLVED,ALL5_LEVELS_bet23_to_bet27,-2.4849,-2.4849,-2.4849,-3.7274,0.0000,4.000000,4.000000,4.000000,6.000000,0.000000,96.000000,96.000000,96.000000,94.000000,100.000000,5.0,-11.1821,-10.4583,-50.9409,-51.6647,PENDING_AG03,FALSE,NOT_FOR_ENFORCEMENT,-59.6381,1244.1192,-62.1230,-59.6381,-2.4849,-0.04209531,-0.04041149,-2.4849,-59.6381,-0.04041149,-2.4849,-2.4849,-2.4849,-3.7274,0.0000,-59.6381,-0.04041149,-11.1821,-10.4583,-50.9409,-51.6647,-0.03451815,-0.03500864,-0.00168381,30.7452,26.9991,-1.2942,-20.7077,-1.6790,491.9235,16.0000,,30.7452,21.0062,21.0062,42.0124,42.0124,47.9197,63.0186,21.0062,16.4636,2.281218,3.0,1.463626,23,24,2,2,0E-8,-0.04209531,,0E-8,0.000000,0.878157,0.000000,,2026-05-30,2026-06-19,3,37,25,21,0.142857,,,0.000000,,,,,,,,GLOBAL_BASELINE_NO_ENTITY_RANKING,,,NOT_APPLICABLE_GLOBAL_BASELINE,HF9g-P5,,,,X 全窗基线 · 不参与实体赏罚,3923151,393,A168_HF9F_20260827_0900,2026-08-27 09:00:00
2026-05-30,117753935,2117,0,16.8049574625,15.9647095893,15.9647095893,1.0000000,1,1,0.50665070000000000,0.506650700000,0.9867858985152569,0.9867858985152569,0.9867858985152569,0E-17,ELIGIBLE,R03b_20260811_FULL_v1,L1_ELIGIBILITY,v2026-08-11,2026-03-21..2026-08-06,baccarat_bet02_101_all_pairs_incl_sentinel,round_win = game_pnl > 0 (decisive only),COMPATIBILITY_ONLY_NOT_PRODUCTION,1475.7706,1295.9575,-62.1230,48,48,0.04209531,,0.04209531,0.04209531,62.1230,1475.7706,OK,0.0000,-2.4849,4.0000,96.0000,AG03-UNRESOLVED,ALL5_LEVELS_bet23_to_bet27,-2.4849,-2.4849,-2.4849,-3.7274,0.0000,4.000000,4.000000,4.000000,6.000000,0.000000,96.000000,96.000000,96.000000,94.000000,100.000000,5.0,-11.1821,-10.4583,-50.9409,-51.6647,PENDING_AG03,FALSE,NOT_FOR_ENFORCEMENT,-59.6381,1244.1192,-62.1230,-59.6381,-2.4849,-0.04209531,-0.04041149,-2.4849,-59.6381,-0.04041149,-2.4849,-2.4849,-2.4849,-3.7274,0.0000,-59.6381,-0.04041149,-11.1821,-10.4583,-50.9409,-51.6647,-0.03451815,-0.03500864,-0.00168381,30.7452,26.9991,-1.2942,-20.7077,-1.6790,491.9235,16.0000,,30.7452,21.0062,21.0062,42.0124,42.0124,47.9197,63.0186,21.0062,16.4636,2.281218,3.0,1.463626,23,24,2,2,0E-8,-0.04209531,,0E-8,0.000000,0.878157,0.000000,,2026-05-30,2026-06-19,3,37,25,21,0.142857,,,0.000000,,,,,,,,GLOBAL_BASELINE_NO_ENTITY_RANKING,,,NOT_APPLICABLE_GLOBAL_BASELINE,HF9g-P5,,,,X 全窗基线 · 不参与实体赏罚,3923152,393,A168_HF9F_20260827_0900,2026-08-27 09:00:00
2026-05-30,117753935,2129,0,17.8552673039,16.9625039387,16.9625039387,1.0000000,1,1,0.50665070000000000,0.506650700000,0.9867858985152569,0.9867858985152569,0.9867858985152569,0E-17,ELIGIBLE,R03b_20260811_FULL_v1,L1_ELIGIBILITY,v2026-08-11,2026-03-21..2026-08-06,baccarat_bet02_101_all_pairs_incl_sentinel,round_win = game_pnl > 0 (decisive only),COMPATIBILITY_ONLY_NOT_PRODUCTION,1475.7706,1295.9575,-62.1230,48,48,0.04209531,,0.04209531,0.04209531,62.1230,1475.7706,OK,0.0000,-2.4849,4.0000,96.0000,AG03-UNRESOLVED,ALL5_LEVELS_bet23_to_bet27,-2.4849,-2.4849,-2.4849,-3.7274,0.0000,4.000000,4.000000,4.000000,6.000000,0.000000,96.000000,96.000000,96.000000,94.000000,100.000000,5.0,-11.1821,-10.4583,-50.9409,-51.6647,PENDING_AG03,FALSE,NOT_FOR_ENFORCEMENT,-59.6381,1244.1192,-62.1230,-59.6381,-2.4849,-0.04209531,-0.04041149,-2.4849,-59.6381,-0.04041149,-2.4849,-2.4849,-2.4849,-3.7274,0.0000,-59.6381,-0.04041149,-11.1821,-10.4583,-50.9409,-51.6647,-0.03451815,-0.03500864,-0.00168381,30.7452,26.9991,-1.2942,-20.7077,-1.6790,491.9235,16.0000,,30.7452,21.0062,21.0062,42.0124,42.0124,47.9197,63.0186,21.0062,16.4636,2.281218,3.0,1.463626,23,24,2,2,0E-8,-0.04209531,,0E-8,0.000000,0.878157,0.000000,,2026-05-30,2026-06-19,3,37,25,21,0.142857,,,0.000000,,,,,,,,GLOBAL_BASELINE_NO_ENTITY_RANKING,,,NOT_APPLICABLE_GLOBAL_BASELINE,HF9g-P5,,,,X 全窗基线 · 不参与实体赏罚,3923153,393,A168_HF9F_20260827_0900,2026-08-27 09:00:00
2026-05-30,117753935,2147,0,39.9117739733,0E-10,0E-10,,1,1,0.49324550000000000,0.493245500000,,,,0E-17,NO_DECISIVE_ROUND,R03b_20260811_FULL_v1,L1_ELIGIBILITY,v2026-08-11,2026-03-21..2026-08-06,baccarat_bet02_101_all_pairs_incl_sentinel,round_win = game_pnl > 0 (decisive only),COMPATIBILITY_ONLY_NOT_PRODUCTION,1475.7706,1295.9575,-62.1230,48,48,0.04209531,,0.04209531,0.04209531,62.1230,1475.7706,OK,0.0000,-2.4849,4.0000,96.0000,AG03-UNRESOLVED,ALL5_LEVELS_bet23_to_bet27,-2.4849,-2.4849,-2.4849,-3.7274,0.0000,4.000000,4.000000,4.000000,6.000000,0.000000,96.000000,96.000000,96.000000,94.000000,100.000000,5.0,-11.1821,-10.4583,-50.9409,-51.6647,PENDING_AG03,FALSE,NOT_FOR_ENFORCEMENT,-59.6381,1244.1192,-62.1230,-59.6381,-2.4849,-0.04209531,-0.04041149,-2.4849,-59.6381,-0.04041149,-2.4849,-2.4849,-2.4849,-3.7274,0.0000,-59.6381,-0.04041149,-11.1821,-10.4583,-50.9409,-51.6647,-0.03451815,-0.03500864,-0.00168381,30.7452,26.9991,-1.2942,-20.7077,-1.6790,491.9235,16.0000,,30.7452,21.0062,21.0062,42.0124,42.0124,47.9197,63.0186,21.0062,16.4636,2.281218,3.0,1.463626,23,24,2,2,0E-8,-0.04209531,,0E-8,0.000000,0.878157,0.000000,,2026-05-30,2026-06-19,3,37,25,21,0.142857,,,0.000000,,,,,,,,GLOBAL_BASELINE_NO_ENTITY_RANKING,,,NOT_APPLICABLE_GLOBAL_BASELINE,HF9g-P5,,,,X 全窗基线 · 不参与实体赏罚,3923154,393,A168_HF9F_20260827_0900,2026-08-27 09:00:00
2026-05-30,117753935,2170,0,21.0061968281,-21.0061968281,-21.0061968281,0E-7,1,1,0.49324550000000000,0.493245500000,-0.9865810262130424,-0.9865810262130424,-0.9865810262130424,0E-17,ELIGIBLE,R03b_20260811_FULL_v1,L1_ELIGIBILITY,v2026-08-11,2026-03-21..2026-08-06,baccarat_bet02_101_all_pairs_incl_sentinel,round_win = game_pnl > 0 (decisive only),COMPATIBILITY_ONLY_NOT_PRODUCTION,1475.7706,1295.9575,-62.1230,48,48,0.04209531,,0.04209531,0.04209531,62.1230,1475.7706,OK,0.0000,-2.4849,4.0000,96.0000,AG03-UNRESOLVED,ALL5_LEVELS_bet23_to_bet27,-2.4849,-2.4849,-2.4849,-3.7274,0.0000,4.000000,4.000000,4.000000,6.000000,0.000000,96.000000,96.000000,96.000000,94.000000,100.000000,5.0,-11.1821,-10.4583,-50.9409,-51.6647,PENDING_AG03,FALSE,NOT_FOR_ENFORCEMENT,-59.6381,1244.1192,-62.1230,-59.6381,-2.4849,-0.04209531,-0.04041149,-2.4849,-59.6381,-0.04041149,-2.4849,-2.4849,-2.4849,-3.7274,0.0000,-59.6381,-0.04041149,-11.1821,-10.4583,-50.9409,-51.6647,-0.03451815,-0.03500864,-0.00168381,30.7452,26.9991,-1.2942,-20.7077,-1.6790,491.9235,16.0000,,30.7452,21.0062,21.0062,42.0124,42.0124,47.9197,63.0186,21.0062,16.4636,2.281218,3.0,1.463626,23,24,2,2,0E-8,-0.04209531,,0E-8,0.000000,0.878157,0.000000,,2026-05-30,2026-06-19,3,37,25,21,0.142857,,,0.000000,,,,,,,,GLOBAL_BASELINE_NO_ENTITY_RANKING,,,NOT_APPLICABLE_GLOBAL_BASELINE,HF9g-P5,,,,X 全窗基线 · 不参与实体赏罚,3923155,393,A168_HF9F_20260827_0900,2026-08-27 09:00:00
2026-05-30,117753935,2196,0,63.0185904842,21.0061968281,21.0061968281,1.0000000,2,2,0.49994810000000000,0.499948100000,1.0001038053877793,1.0001038053877793,1.0001038053877793,0E-17,ELIGIBLE,R03b_20260811_FULL_v1,L1_ELIGIBILITY,v2026-08-11,2026-03-21..2026-08-06,baccarat_bet02_101_all_pairs_incl_sentinel,round_win = game_pnl > 0 (decisive only),COMPATIBILITY_ONLY_NOT_PRODUCTION,1475.7706,1295.9575,-62.1230,48,48,0.04209531,,0.04209531,0.04209531,62.1230,1475.7706,OK,0.0000,-2.4849,4.0000,96.0000,AG03-UNRESOLVED,ALL5_LEVELS_bet23_to_bet27,-2.4849,-2.4849,-2.4849,-3.7274,0.0000,4.000000,4.000000,4.000000,6.000000,0.000000,96.000000,96.000000,96.000000,94.000000,100.000000,5.0,-11.1821,-10.4583,-50.9409,-51.6647,PENDING_AG03,FALSE,NOT_FOR_ENFORCEMENT,-59.6381,1244.1192,-62.1230,-59.6381,-2.4849,-0.04209531,-0.04041149,-2.4849,-59.6381,-0.04041149,-2.4849,-2.4849,-2.4849,-3.7274,0.0000,-59.6381,-0.04041149,-11.1821,-10.4583,-50.9409,-51.6647,-0.03451815,-0.03500864,-0.00168381,30.7452,26.9991,-1.2942,-20.7077,-1.6790,491.9235,16.0000,,30.7452,21.0062,21.0062,42.0124,42.0124,47.9197,63.0186,21.0062,16.4636,2.281218,3.0,1.463626,23,24,2,2,0E-8,-0.04209531,,0E-8,0.000000,0.878157,0.000000,,2026-05-30,2026-06-19,3,37,25,21,0.142857,,,0.000000,,,,,,,,GLOBAL_BASELINE_NO_ENTITY_RANKING,,,NOT_APPLICABLE_GLOBAL_BASELINE,HF9g-P5,,,,X 全窗基线 · 不参与实体赏罚,3923156,393,A168_HF9F_20260827_0900,2026-08-27 09:00:00
2026-05-30,117753935,2201,0,21.0061968281,-21.0061968281,-21.0061968281,0E-7,1,1,0.50665070000000000,0.506650700000,-1.013391052207602,-1.013391052207602,-1.013391052207602,0E-17,ELIGIBLE,R03b_20260811_FULL_v1,L1_ELIGIBILITY,v2026-08-11,2026-03-21..2026-08-06,baccarat_bet02_101_all_pairs_incl_sentinel,round_win = game_pnl > 0 (decisive only),COMPATIBILITY_ONLY_NOT_PRODUCTION,1475.7706,1295.9575,-62.1230,48,48,0.04209531,,0.04209531,0.04209531,62.1230,1475.7706,OK,0.0000,-2.4849,4.0000,96.0000,AG03-UNRESOLVED,ALL5_LEVELS_bet23_to_bet27,-2.4849,-2.4849,-2.4849,-3.7274,0.0000,4.000000,4.000000,4.000000,6.000000,0.000000,96.000000,96.000000,96.000000,94.000000,100.000000,5.0,-11.1821,-10.4583,-50.9409,-51.6647,PENDING_AG03,FALSE,NOT_FOR_ENFORCEMENT,-59.6381,1244.1192,-62.1230,-59.6381,-2.4849,-0.04209531,-0.04041149,-2.4849,-59.6381,-0.04041149,-2.4849,-2.4849,-2.4849,-3.7274,0.0000,-59.6381,-0.04041149,-11.1821,-10.4583,-50.9409,-51.6647,-0.03451815,-0.03500864,-0.00168381,30.7452,26.9991,-1.2942,-20.7077,-1.6790,491.9235,16.0000,,30.7452,21.0062,21.0062,42.0124,42.0124,47.9197,63.0186,21.0062,16.4636,2.281218,3.0,1.463626,23,24,2,2,0E-8,-0.04209531,,0E-8,0.000000,0.878157,0.000000,,2026-05-30,2026-06-19,3,37,25,21,0.142857,,,0.000000,,,,,,,,GLOBAL_BASELINE_NO_ENTITY_RANKING,,,NOT_APPLICABLE_GLOBAL_BASELINE,HF9g-P5,,,,X 全窗基线 · 不参与实体赏罚,3923157,393,A168_HF9F_20260827_0900,2026-08-27 09:00:00
2026-05-30,117753935,2222,0,39.9117739733,39.9117739733,39.9117739733,1.0000000,1,1,0.49324550000000000,0.493245500000,1.01360149184955,1.01360149184955,1.01360149184955,0E-17,ELIGIBLE,R03b_20260811_FULL_v1,L1_ELIGIBILITY,v2026-08-11,2026-03-21..2026-08-06,baccarat_bet02_101_all_pairs_incl_sentinel,round_win = game_pnl > 0 (decisive only),COMPATIBILITY_ONLY_NOT_PRODUCTION,1475.7706,1295.9575,-62.1230,48,48,0.04209531,,0.04209531,0.04209531,62.1230,1475.7706,OK,0.0000,-2.4849,4.0000,96.0000,AG03-UNRESOLVED,ALL5_LEVELS_bet23_to_bet27,-2.4849,-2.4849,-2.4849,-3.7274,0.0000,4.000000,4.000000,4.000000,6.000000,0.000000,96.000000,96.000000,96.000000,94.000000,100.000000,5.0,-11.1821,-10.4583,-50.9409,-51.6647,PENDING_AG03,FALSE,NOT_FOR_ENFORCEMENT,-59.6381,1244.1192,-62.1230,-59.6381,-2.4849,-0.04209531,-0.04041149,-2.4849,-59.6381,-0.04041149,-2.4849,-2.4849,-2.4849,-3.7274,0.0000,-59.6381,-0.04041149,-11.1821,-10.4583,-50.9409,-51.6647,-0.03451815,-0.03500864,-0.00168381,30.7452,26.9991,-1.2942,-20.7077,-1.6790,491.9235,16.0000,,30.7452,21.0062,21.0062,42.0124,42.0124,47.9197,63.0186,21.0062,16.4636,2.281218,3.0,1.463626,23,24,2,2,0E-8,-0.04209531,,0E-8,0.000000,0.878157,0.000000,,2026-05-30,2026-06-19,3,37,25,21,0.142857,,,0.000000,,,,,,,,GLOBAL_BASELINE_NO_ENTITY_RANKING,,,NOT_APPLICABLE_GLOBAL_BASELINE,HF9g-P5,,,,X 全窗基线 · 不参与实体赏罚,3923158,393,A168_HF9F_20260827_0900,2026-08-27 09:00:00
2026-05-30,117753935,2229,0,42.0123936561,-42.0123936561,-42.0123936561,0E-7,1,1,0.49324550000000000,0.493245500000,-0.9865810262130424,-0.9865810262130424,-0.9865810262130424,0E-17,ELIGIBLE,R03b_20260811_FULL_v1,L1_ELIGIBILITY,v2026-08-11,2026-03-21..2026-08-06,baccarat_bet02_101_all_pairs_incl_sentinel,round_win = game_pnl > 0 (decisive only),COMPATIBILITY_ONLY_NOT_PRODUCTION,1475.7706,1295.9575,-62.1230,48,48,0.04209531,,0.04209531,0.04209531,62.1230,1475.7706,OK,0.0000,-2.4849,4.0000,96.0000,AG03-UNRESOLVED,ALL5_LEVELS_bet23_to_bet27,-2.4849,-2.4849,-2.4849,-3.7274,0.0000,4.000000,4.000000,4.000000,6.000000,0.000000,96.000000,96.000000,96.000000,94.000000,100.000000,5.0,-11.1821,-10.4583,-50.9409,-51.6647,PENDING_AG03,FALSE,NOT_FOR_ENFORCEMENT,-59.6381,1244.1192,-62.1230,-59.6381,-2.4849,-0.04209531,-0.04041149,-2.4849,-59.6381,-0.04041149,-2.4849,-2.4849,-2.4849,-3.7274,0.0000,-59.6381,-0.04041149,-11.1821,-10.4583,-50.9409,-51.6647,-0.03451815,-0.03500864,-0.00168381,30.7452,26.9991,-1.2942,-20.7077,-1.6790,491.9235,16.0000,,30.7452,21.0062,21.0062,42.0124,42.0124,47.9197,63.0186,21.0062,16.4636,2.281218,3.0,1.463626,23,24,2,2,0E-8,-0.04209531,,0E-8,0.000000,0.878157,0.000000,,2026-05-30,2026-06-19,3,37,25,21,0.142857,,,0.000000,,,,,,,,GLOBAL_BASELINE_NO_ENTITY_RANKING,,,NOT_APPLICABLE_GLOBAL_BASELINE,HF9g-P5,,,,X 全窗基线 · 不参与实体赏罚,3923159,393,A168_HF9F_20260827_0900,2026-08-27 09:00:00
2026-05-30,117753935,2254,0,21.0061968281,21.0061968281,21.0061968281,1.0000000,1,1,0.49324550000000000,0.493245500000,1.01360149184955,1.01360149184955,1.01360149184955,0E-17,ELIGIBLE,R03b_20260811_FULL_v1,L1_ELIGIBILITY,v2026-08-11,2026-03-21..2026-08-06,baccarat_bet02_101_all_pairs_incl_sentinel,round_win = game_pnl > 0 (decisive only),COMPATIBILITY_ONLY_NOT_PRODUCTION,1475.7706,1295.9575,-62.1230,48,48,0.04209531,,0.04209531,0.04209531,62.1230,1475.7706,OK,0.0000,-2.4849,4.0000,96.0000,AG03-UNRESOLVED,ALL5_LEVELS_bet23_to_bet27,-2.4849,-2.4849,-2.4849,-3.7274,0.0000,4.000000,4.000000,4.000000,6.000000,0.000000,96.000000,96.000000,96.000000,94.000000,100.000000,5.0,-11.1821,-10.4583,-50.9409,-51.6647,PENDING_AG03,FALSE,NOT_FOR_ENFORCEMENT,-59.6381,1244.1192,-62.1230,-59.6381,-2.4849,-0.04209531,-0.04041149,-2.4849,-59.6381,-0.04041149,-2.4849,-2.4849,-2.4849,-3.7274,0.0000,-59.6381,-0.04041149,-11.1821,-10.4583,-50.9409,-51.6647,-0.03451815,-0.03500864,-0.00168381,30.7452,26.9991,-1.2942,-20.7077,-1.6790,491.9235,16.0000,,30.7452,21.0062,21.0062,42.0124,42.0124,47.9197,63.0186,21.0062,16.4636,2.281218,3.0,1.463626,23,24,2,2,0E-8,-0.04209531,,0E-8,0.000000,0.878157,0.000000,,2026-05-30,2026-06-19,3,37,25,21,0.142857,,,0.000000,,,,,,,,GLOBAL_BASELINE_NO_ENTITY_RANKING,,,NOT_APPLICABLE_GLOBAL_BASELINE,HF9g-P5,,,,X 全窗基线 · 不参与实体赏罚,3923160,393,A168_HF9F_20260827_0900,2026-08-27 09:00:00
2026-05-30,117753935,2258,0,42.0123936561,42.0123936561,42.0123936561,1.0000000,1,1,0.49324550000000000,0.493245500000,1.01360149184955,1.01360149184955,1.01360149184955,0E-17,ELIGIBLE,R03b_20260811_FULL_v1,L1_ELIGIBILITY,v2026-08-11,2026-03-21..2026-08-06,baccarat_bet02_101_all_pairs_incl_sentinel,round_win = game_pnl > 0 (decisive only),COMPATIBILITY_ONLY_NOT_PRODUCTION,1475.7706,1295.9575,-62.1230,48,48,0.04209531,,0.04209531,0.04209531,62.1230,1475.7706,OK,0.0000,-2.4849,4.0000,96.0000,AG03-UNRESOLVED,ALL5_LEVELS_bet23_to_bet27,-2.4849,-2.4849,-2.4849,-3.7274,0.0000,4.000000,4.000000,4.000000,6.000000,0.000000,96.000000,96.000000,96.000000,94.000000,100.000000,5.0,-11.1821,-10.4583,-50.9409,-51.6647,PENDING_AG03,FALSE,NOT_FOR_ENFORCEMENT,-59.6381,1244.1192,-62.1230,-59.6381,-2.4849,-0.04209531,-0.04041149,-2.4849,-59.6381,-0.04041149,-2.4849,-2.4849,-2.4849,-3.7274,0.0000,-59.6381,-0.04041149,-11.1821,-10.4583,-50.9409,-51.6647,-0.03451815,-0.03500864,-0.00168381,30.7452,26.9991,-1.2942,-20.7077,-1.6790,491.9235,16.0000,,30.7452,21.0062,21.0062,42.0124,42.0124,47.9197,63.0186,21.0062,16.4636,2.281218,3.0,1.463626,23,24,2,2,0E-8,-0.04209531,,0E-8,0.000000,0.878157,0.000000,,2026-05-30,2026-06-19,3,37,25,21,0.142857,,,0.000000,,,,,,,,GLOBAL_BASELINE_NO_ENTITY_RANKING,,,NOT_APPLICABLE_GLOBAL_BASELINE,HF9g-P5,,,,X 全窗基线 · 不参与实体赏罚,3923161,393,A168_HF9F_20260827_0900,2026-08-27 09:00:00
2026-05-30,117753935,772,0,63.0185904842,-63.0185904842,-63.0185904842,0E-7,1,1,0.50665070000000000,0.506650700000,-1.013391052207602,-1.013391052207602,-1.013391052207602,0E-17,ELIGIBLE,R03b_20260811_FULL_v1,L1_ELIGIBILITY,v2026-08-11,2026-03-21..2026-08-06,baccarat_bet02_101_all_pairs_incl_sentinel,round_win = game_pnl > 0 (decisive only),COMPATIBILITY_ONLY_NOT_PRODUCTION,1475.7706,1295.9575,-62.1230,48,48,0.04209531,,0.04209531,0.04209531,62.1230,1475.7706,OK,0.0000,-2.4849,4.0000,96.0000,AG03-UNRESOLVED,ALL5_LEVELS_bet23_to_bet27,-2.4849,-2.4849,-2.4849,-3.7274,0.0000,4.000000,4.000000,4.000000,6.000000,0.000000,96.000000,96.000000,96.000000,94.000000,100.000000,5.0,-11.1821,-10.4583,-50.9409,-51.6647,PENDING_AG03,FALSE,NOT_FOR_ENFORCEMENT,-59.6381,1244.1192,-62.1230,-59.6381,-2.4849,-0.04209531,-0.04041149,-2.4849,-59.6381,-0.04041149,-2.4849,-2.4849,-2.4849,-3.7274,0.0000,-59.6381,-0.04041149,-11.1821,-10.4583,-50.9409,-51.6647,-0.03451815,-0.03500864,-0.00168381,30.7452,26.9991,-1.2942,-20.7077,-1.6790,491.9235,16.0000,,30.7452,21.0062,21.0062,42.0124,42.0124,47.9197,63.0186,21.0062,16.4636,2.281218,3.0,1.463626,23,24,2,2,0E-8,-0.04209531,,0E-8,0.000000,0.878157,0.000000,,2026-05-30,2026-06-19,3,37,25,21,0.142857,,,0.000000,,,,,,,,GLOBAL_BASELINE_NO_ENTITY_RANKING,,,NOT_APPLICABLE_GLOBAL_BASELINE,HF9g-P5,,,,X 全窗基线 · 不参与实体赏罚,3923162,393,A168_HF9F_20260827_0900,2026-08-27 09:00:00
2026-05-30,117753935,789,0,21.0061968281,21.0061968281,21.0061968281,1.0000000,1,1,0.49324550000000000,0.493245500000,1.01360149184955,1.01360149184955,1.01360149184955,0E-17,ELIGIBLE,R03b_20260811_FULL_v1,L1_ELIGIBILITY,v2026-08-11,2026-03-21..2026-08-06,baccarat_bet02_101_all_pairs_incl_sentinel,round_win = game_pnl > 0 (decisive only),COMPATIBILITY_ONLY_NOT_PRODUCTION,1475.7706,1295.9575,-62.1230,48,48,0.04209531,,0.04209531,0.04209531,62.1230,1475.7706,OK,0.0000,-2.4849,4.0000,96.0000,AG03-UNRESOLVED,ALL5_LEVELS_bet23_to_bet27,-2.4849,-2.4849,-2.4849,-3.7274,0.0000,4.000000,4.000000,4.000000,6.000000,0.000000,96.000000,96.000000,96.000000,94.000000,100.000000,5.0,-11.1821,-10.4583,-50.9409,-51.6647,PENDING_AG03,FALSE,NOT_FOR_ENFORCEMENT,-59.6381,1244.1192,-62.1230,-59.6381,-2.4849,-0.04209531,-0.04041149,-2.4849,-59.6381,-0.04041149,-2.4849,-2.4849,-2.4849,-3.7274,0.0000,-59.6381,-0.04041149,-11.1821,-10.4583,-50.9409,-51.6647,-0.03451815,-0.03500864,-0.00168381,30.7452,26.9991,-1.2942,-20.7077,-1.6790,491.9235,16.0000,,30.7452,21.0062,21.0062,42.0124,42.0124,47.9197,63.0186,21.0062,16.4636,2.281218,3.0,1.463626,23,24,2,2,0E-8,-0.04209531,,0E-8,0.000000,0.878157,0.000000,,2026-05-30,2026-06-19,3,37,25,21,0.142857,,,0.000000,,,,,,,,GLOBAL_BASELINE_NO_ENTITY_RANKING,,,NOT_APPLICABLE_GLOBAL_BASELINE,HF9g-P5,,,,X 全窗基线 · 不参与实体赏罚,3923163,393,A168_HF9F_20260827_0900,2026-08-27 09:00:00
2026-05-30,117753935,915,0,21.0061968281,-21.0061968281,-21.0061968281,0E-7,1,1,0.49324550000000000,0.493245500000,-0.9865810262130424,-0.9865810262130424,-0.9865810262130424,0E-17,ELIGIBLE,R03b_20260811_FULL_v1,L1_ELIGIBILITY,v2026-08-11,2026-03-21..2026-08-06,baccarat_bet02_101_all_pairs_incl_sentinel,round_win = game_pnl > 0 (decisive only),COMPATIBILITY_ONLY_NOT_PRODUCTION,1475.7706,1295.9575,-62.1230,48,48,0.04209531,,0.04209531,0.04209531,62.1230,1475.7706,OK,0.0000,-2.4849,4.0000,96.0000,AG03-UNRESOLVED,ALL5_LEVELS_bet23_to_bet27,-2.4849,-2.4849,-2.4849,-3.7274,0.0000,4.000000,4.000000,4.000000,6.000000,0.000000,96.000000,96.000000,96.000000,94.000000,100.000000,5.0,-11.1821,-10.4583,-50.9409,-51.6647,PENDING_AG03,FALSE,NOT_FOR_ENFORCEMENT,-59.6381,1244.1192,-62.1230,-59.6381,-2.4849,-0.04209531,-0.04041149,-2.4849,-59.6381,-0.04041149,-2.4849,-2.4849,-2.4849,-3.7274,0.0000,-59.6381,-0.04041149,-11.1821,-10.4583,-50.9409,-51.6647,-0.03451815,-0.03500864,-0.00168381,30.7452,26.9991,-1.2942,-20.7077,-1.6790,491.9235,16.0000,,30.7452,21.0062,21.0062,42.0124,42.0124,47.9197,63.0186,21.0062,16.4636,2.281218,3.0,1.463626,23,24,2,2,0E-8,-0.04209531,,0E-8,0.000000,0.878157,0.000000,,2026-05-30,2026-06-19,3,37,25,21,0.142857,,,0.000000,,,,,,,,GLOBAL_BASELINE_NO_ENTITY_RANKING,,,NOT_APPLICABLE_GLOBAL_BASELINE,HF9g-P5,,,,X 全窗基线 · 不参与实体赏罚,3923164,393,A168_HF9F_20260827_0900,2026-08-27 09:00:00
2026-05-30,117753935,919,0,42.0123936561,0E-10,0E-10,,1,1,0.49324550000000000,0.493245500000,,,,0E-17,NO_DECISIVE_ROUND,R03b_20260811_FULL_v1,L1_ELIGIBILITY,v2026-08-11,2026-03-21..2026-08-06,baccarat_bet02_101_all_pairs_incl_sentinel,round_win = game_pnl > 0 (decisive only),COMPATIBILITY_ONLY_NOT_PRODUCTION,1475.7706,1295.9575,-62.1230,48,48,0.04209531,,0.04209531,0.04209531,62.1230,1475.7706,OK,0.0000,-2.4849,4.0000,96.0000,AG03-UNRESOLVED,ALL5_LEVELS_bet23_to_bet27,-2.4849,-2.4849,-2.4849,-3.7274,0.0000,4.000000,4.000000,4.000000,6.000000,0.000000,96.000000,96.000000,96.000000,94.000000,100.000000,5.0,-11.1821,-10.4583,-50.9409,-51.6647,PENDING_AG03,FALSE,NOT_FOR_ENFORCEMENT,-59.6381,1244.1192,-62.1230,-59.6381,-2.4849,-0.04209531,-0.04041149,-2.4849,-59.6381,-0.04041149,-2.4849,-2.4849,-2.4849,-3.7274,0.0000,-59.6381,-0.04041149,-11.1821,-10.4583,-50.9409,-51.6647,-0.03451815,-0.03500864,-0.00168381,30.7452,26.9991,-1.2942,-20.7077,-1.6790,491.9235,16.0000,,30.7452,21.0062,21.0062,42.0124,42.0124,47.9197,63.0186,21.0062,16.4636,2.281218,3.0,1.463626,23,24,2,2,0E-8,-0.04209531,,0E-8,0.000000,0.878157,0.000000,,2026-05-30,2026-06-19,3,37,25,21,0.142857,,,0.000000,,,,,,,,GLOBAL_BASELINE_NO_ENTITY_RANKING,,,NOT_APPLICABLE_GLOBAL_BASELINE,HF9g-P5,,,,X 全窗基线 · 不参与实体赏罚,3923165,393,A168_HF9F_20260827_0900,2026-08-27 09:00:00
2026-06-17,117753935,2134,0,40.2966163305,-40.2966163305,-40.2966163305,0E-7,1,1,0.50665070000000000,0.506650700000,-1.013391052207602,-1.013391052207602,-1.013391052207602,0E-17,ELIGIBLE,R03b_20260811_FULL_v1,L1_ELIGIBILITY,v2026-08-11,2026-03-21..2026-08-06,baccarat_bet02_101_all_pairs_incl_sentinel,round_win = game_pnl > 0 (decisive only),COMPATIBILITY_ONLY_NOT_PRODUCTION,1475.7706,1295.9575,-62.1230,48,48,0.04209531,,0.04209531,0.04209531,62.1230,1475.7706,OK,0.0000,-2.4849,4.0000,96.0000,AG03-UNRESOLVED,ALL5_LEVELS_bet23_to_bet27,-2.4849,-2.4849,-2.4849,-3.7274,0.0000,4.000000,4.000000,4.000000,6.000000,0.000000,96.000000,96.000000,96.000000,94.000000,100.000000,5.0,-11.1821,-10.4583,-50.9409,-51.6647,PENDING_AG03,FALSE,NOT_FOR_ENFORCEMENT,-59.6381,1244.1192,-62.1230,-59.6381,-2.4849,-0.04209531,-0.04041149,-2.4849,-59.6381,-0.04041149,-2.4849,-2.4849,-2.4849,-3.7274,0.0000,-59.6381,-0.04041149,-11.1821,-10.4583,-50.9409,-51.6647,-0.03451815,-0.03500864,-0.00168381,30.7452,26.9991,-1.2942,-20.7077,-1.6790,491.9235,16.0000,,30.7452,21.0062,21.0062,42.0124,42.0124,47.9197,63.0186,21.0062,16.4636,2.281218,3.0,1.463626,23,24,2,2,0E-8,-0.04209531,,0E-8,0.000000,0.878157,0.000000,,2026-05-30,2026-06-19,3,37,25,21,0.142857,,,0.000000,,,,,,,,GLOBAL_BASELINE_NO_ENTITY_RANKING,,,NOT_APPLICABLE_GLOBAL_BASELINE,HF9g-P5,,,,X 全窗基线 · 不参与实体赏罚,3923166,393,A168_HF9F_20260827_0900,2026-08-27 09:00:00
2026-06-19,117753935,-1,1,103.8572585839,-21.8100243026,-21.8100243026,0.6666667,3,3,0.49771390000000000,0.497713900000,0.5852756695216578,0.5852756695216578,0.5852756695216578,0E-17,SENTINEL_DEALER,R03b_20260811_FULL_v1,L1_ELIGIBILITY,v2026-08-11,2026-03-21..2026-08-06,baccarat_bet02_101_all_pairs_incl_sentinel,round_win = game_pnl > 0 (decisive only),COMPATIBILITY_ONLY_NOT_PRODUCTION,1475.7706,1295.9575,-62.1230,48,48,0.04209531,,0.04209531,0.04209531,62.1230,1475.7706,OK,0.0000,-2.4849,4.0000,96.0000,AG03-UNRESOLVED,ALL5_LEVELS_bet23_to_bet27,-2.4849,-2.4849,-2.4849,-3.7274,0.0000,4.000000,4.000000,4.000000,6.000000,0.000000,96.000000,96.000000,96.000000,94.000000,100.000000,5.0,-11.1821,-10.4583,-50.9409,-51.6647,PENDING_AG03,FALSE,NOT_FOR_ENFORCEMENT,-59.6381,1244.1192,-62.1230,-59.6381,-2.4849,-0.04209531,-0.04041149,-2.4849,-59.6381,-0.04041149,-2.4849,-2.4849,-2.4849,-3.7274,0.0000,-59.6381,-0.04041149,-11.1821,-10.4583,-50.9409,-51.6647,-0.03451815,-0.03500864,-0.00168381,30.7452,26.9991,-1.2942,-20.7077,-1.6790,491.9235,16.0000,,30.7452,21.0062,21.0062,42.0124,42.0124,47.9197,63.0186,21.0062,16.4636,2.281218,3.0,1.463626,23,24,2,2,0E-8,-0.04209531,,0E-8,0.000000,0.878157,0.000000,,2026-05-30,2026-06-19,3,37,25,21,0.142857,,,0.000000,,,,,,,,GLOBAL_BASELINE_NO_ENTITY_RANKING,,,NOT_APPLICABLE_GLOBAL_BASELINE,HF9g-P5,,,,X 全窗基线 · 不参与实体赏罚,3923167,393,A168_HF9F_20260827_0900,2026-08-27 09:00:00
2026-06-19,117753935,2212,0,89.9403859336,-2.7002887232,-2.7002887232,0.5000000,2,2,0.49324550000000000,0.493245500000,0.01910635448239258,0.01910635448239258,0.01910635448239258,0E-17,ELIGIBLE,R03b_20260811_FULL_v1,L1_ELIGIBILITY,v2026-08-11,2026-03-21..2026-08-06,baccarat_bet02_101_all_pairs_incl_sentinel,round_win = game_pnl > 0 (decisive only),COMPATIBILITY_ONLY_NOT_PRODUCTION,1475.7706,1295.9575,-62.1230,48,48,0.04209531,,0.04209531,0.04209531,62.1230,1475.7706,OK,0.0000,-2.4849,4.0000,96.0000,AG03-UNRESOLVED,ALL5_LEVELS_bet23_to_bet27,-2.4849,-2.4849,-2.4849,-3.7274,0.0000,4.000000,4.000000,4.000000,6.000000,0.000000,96.000000,96.000000,96.000000,94.000000,100.000000,5.0,-11.1821,-10.4583,-50.9409,-51.6647,PENDING_AG03,FALSE,NOT_FOR_ENFORCEMENT,-59.6381,1244.1192,-62.1230,-59.6381,-2.4849,-0.04209531,-0.04041149,-2.4849,-59.6381,-0.04041149,-2.4849,-2.4849,-2.4849,-3.7274,0.0000,-59.6381,-0.04041149,-11.1821,-10.4583,-50.9409,-51.6647,-0.03451815,-0.03500864,-0.00168381,30.7452,26.9991,-1.2942,-20.7077,-1.6790,491.9235,16.0000,,30.7452,21.0062,21.0062,42.0124,42.0124,47.9197,63.0186,21.0062,16.4636,2.281218,3.0,1.463626,23,24,2,2,0E-8,-0.04209531,,0E-8,0.000000,0.878157,0.000000,,2026-05-30,2026-06-19,3,37,25,21,0.142857,,,0.000000,,,,,,,,GLOBAL_BASELINE_NO_ENTITY_RANKING,,,NOT_APPLICABLE_GLOBAL_BASELINE,HF9g-P5,,,,X 全窗基线 · 不参与实体赏罚,3923168,393,A168_HF9F_20260827_0900,2026-08-27 09:00:00
2026-07-14,117546693,1400,0,39.7593783079,42.3411561201,42.3411561201,1.0000000,5,3,0.44009314000000000,0.360364600000,1.953647572749602,2.307574929991937,1.953647572749602,0.07972854000000000,ELIGIBLE,R03b_20260811_FULL_v1,L1_ELIGIBILITY,v2026-08-11,2026-03-21..2026-08-06,baccarat_bet02_101_all_pairs_incl_sentinel,round_win = game_pnl > 0 (decisive only),COMPATIBILITY_ONLY_NOT_PRODUCTION,59.8972,49.5701,-62.1176,7,5,1.03706897,1.03706897,,1.03706897,62.1176,59.8972,THIN_EXPOSURE,0.0000,-2.4847,4.0000,96.0000,AG03-UNRESOLVED,ALL5_LEVELS_bet23_to_bet27,-2.4847,-2.4847,-2.4847,-3.1059,-3.1059,4.000000,4.000000,4.000000,5.000000,5.000000,96.000000,96.000000,96.000000,95.000000,95.000000,5.0,-13.6659,-12.5183,-48.4517,-49.5993,PENDING_AG03,FALSE,NOT_FOR_ENFORCEMENT,-59.6329,47.5873,-62.1176,-59.6329,-2.4847,-1.03706897,-0.99558621,-2.4847,-59.6329,-0.99558621,-2.4847,-2.4847,-2.4847,-3.1059,-3.1059,-59.6329,-0.99558621,-13.6659,-12.5183,-48.4517,-49.5993,-0.80891379,-0.82807285,-0.04148276,8.5567,9.9140,-12.4235,-62.1176,-20.7059,59.8972,5.0000,8.5567,,3.7436,10.3271,12.2634,13.7351,13.9416,13.9416,7.229,10.3271,1.35,1.35,0.828571,2,3,2,3,1.00000000,-1.03706897,-1.03706897,0E-8,0.000000,0.827586,0.000000,,2026-07-14,2026-07-14,1,3,2,1,1.000000,,1.000000,3.333333,,,,,,,,GLOBAL_BASELINE_NO_ENTITY_RANKING,,,NOT_APPLICABLE_GLOBAL_BASELINE,HF9g-P5,,,,X 全窗基线 · 不参与实体赏罚,3923169,393,A168_HF9F_20260827_0900,2026-08-27 09:00:00
2026-07-14,117546693,2233,0,12.9088890610,12.9088890610,12.9088890610,1.0000000,1,1,0.49324550000000000,0.493245500000,1.01360149184955,1.01360149184955,1.01360149184955,0E-17,ELIGIBLE,R03b_20260811_FULL_v1,L1_ELIGIBILITY,v2026-08-11,2026-03-21..2026-08-06,baccarat_bet02_101_all_pairs_incl_sentinel,round_win = game_pnl > 0 (decisive only),COMPATIBILITY_ONLY_NOT_PRODUCTION,59.8972,49.5701,-62.1176,7,5,1.03706897,1.03706897,,1.03706897,62.1176,59.8972,THIN_EXPOSURE,0.0000,-2.4847,4.0000,96.0000,AG03-UNRESOLVED,ALL5_LEVELS_bet23_to_bet27,-2.4847,-2.4847,-2.4847,-3.1059,-3.1059,4.000000,4.000000,4.000000,5.000000,5.000000,96.000000,96.000000,96.000000,95.000000,95.000000,5.0,-13.6659,-12.5183,-48.4517,-49.5993,PENDING_AG03,FALSE,NOT_FOR_ENFORCEMENT,-59.6329,47.5873,-62.1176,-59.6329,-2.4847,-1.03706897,-0.99558621,-2.4847,-59.6329,-0.99558621,-2.4847,-2.4847,-2.4847,-3.1059,-3.1059,-59.6329,-0.99558621,-13.6659,-12.5183,-48.4517,-49.5993,-0.80891379,-0.82807285,-0.04148276,8.5567,9.9140,-12.4235,-62.1176,-20.7059,59.8972,5.0000,8.5567,,3.7436,10.3271,12.2634,13.7351,13.9416,13.9416,7.229,10.3271,1.35,1.35,0.828571,2,3,2,3,1.00000000,-1.03706897,-1.03706897,0E-8,0.000000,0.827586,0.000000,,2026-07-14,2026-07-14,1,3,2,1,1.000000,,1.000000,3.333333,,,,,,,,GLOBAL_BASELINE_NO_ENTITY_RANKING,,,NOT_APPLICABLE_GLOBAL_BASELINE,HF9g-P5,,,,X 全窗基线 · 不参与实体赏罚,3923170,393,A168_HF9F_20260827_0900,2026-08-27 09:00:00
2026-07-14,117546693,2246,0,7.2289778742,6.8675289805,6.8675289805,1.0000000,1,1,0.50665070000000000,0.506650700000,0.9867858985152569,0.9867858985152569,0.9867858985152569,0E-17,ELIGIBLE,R03b_20260811_FULL_v1,L1_ELIGIBILITY,v2026-08-11,2026-03-21..2026-08-06,baccarat_bet02_101_all_pairs_incl_sentinel,round_win = game_pnl > 0 (decisive only),COMPATIBILITY_ONLY_NOT_PRODUCTION,59.8972,49.5701,-62.1176,7,5,1.03706897,1.03706897,,1.03706897,62.1176,59.8972,THIN_EXPOSURE,0.0000,-2.4847,4.0000,96.0000,AG03-UNRESOLVED,ALL5_LEVELS_bet23_to_bet27,-2.4847,-2.4847,-2.4847,-3.1059,-3.1059,4.000000,4.000000,4.000000,5.000000,5.000000,96.000000,96.000000,96.000000,95.000000,95.000000,5.0,-13.6659,-12.5183,-48.4517,-49.5993,PENDING_AG03,FALSE,NOT_FOR_ENFORCEMENT,-59.6329,47.5873,-62.1176,-59.6329,-2.4847,-1.03706897,-0.99558621,-2.4847,-59.6329,-0.99558621,-2.4847,-2.4847,-2.4847,-3.1059,-3.1059,-59.6329,-0.99558621,-13.6659,-12.5183,-48.4517,-49.5993,-0.80891379,-0.82807285,-0.04148276,8.5567,9.9140,-12.4235,-62.1176,-20.7059,59.8972,5.0000,8.5567,,3.7436,10.3271,12.2634,13.7351,13.9416,13.9416,7.229,10.3271,1.35,1.35,0.828571,2,3,2,3,1.00000000,-1.03706897,-1.03706897,0E-8,0.000000,0.827586,0.000000,,2026-07-14,2026-07-14,1,3,2,1,1.000000,,1.000000,3.333333,,,,,,,,GLOBAL_BASELINE_NO_ENTITY_RANKING,,,NOT_APPLICABLE_GLOBAL_BASELINE,HF9g-P5,,,,X 全窗基线 · 不参与实体赏罚,3923171,393,A168_HF9F_20260827_0900,2026-08-27 09:00:00
2026-05-05,135701360,1094,0,630.1859048418,-210.0619682806,-210.0619682806,0.2500000,6,6,0.49771390000000000,0.497713900000,-0.9908659570869067,-0.9908659570869068,-0.9908659570869067,0E-17,ELIGIBLE,R03b_20260811_FULL_v1,L1_ELIGIBILITY,v2026-08-11,2026-03-21..2026-08-06,baccarat_bet02_101_all_pairs_incl_sentinel,round_win = game_pnl > 0 (decisive only),COMPATIBILITY_ONLY_NOT_PRODUCTION,2991.8266,2719.4503,-62.1174,38,37,0.02076236,-1.00000000,0.09561033,0.02076236,62.1174,2991.8266,OK,0.0000,-2.4847,4.0000,96.0000,AG03-UNRESOLVED,ALL5_LEVELS_bet23_to_bet27,-2.4847,-2.4847,-2.4847,-2.4847,-2.4847,4.000000,4.000000,4.000000,4.000000,4.000000,96.000000,96.000000,96.000000,96.000000,96.000000,5.0,-12.4235,-11.4686,-49.6939,-50.6488,PENDING_AG03,FALSE,NOT_FOR_ENFORCEMENT,-59.6327,2610.6723,-62.1174,-59.6327,-2.4847,-0.02076236,-0.01993187,-2.4847,-59.6327,-0.01993187,-2.4847,-2.4847,-2.4847,-2.4847,-2.4847,-59.6327,-0.01993187,-12.4235,-11.4686,-49.6939,-50.6488,-0.01660989,-0.01692906,-0.00083049,78.7323,73.4987,-1.6788,-15.5293,-5.6470,747.9567,9.2500,68.1301,79.6410,62.3144,88.2787,103.8573,105.031,105.031,105.031,82.0472,0.0,1.189766,1.189766,0.891861,10,12,4,3,0.06831623,-0.02076236,1.00000000,0E-8,0.000000,0.908960,1.000000,-1.09561033,2026-05-05,2026-07-09,4,11,11,66,0.060606,0.855465,0.865339,0.227721,,,,,,,,GLOBAL_BASELINE_NO_ENTITY_RANKING,,,NOT_APPLICABLE_GLOBAL_BASELINE,HF9g-P5,,,,X 全窗基线 · 不参与实体赏罚,3923172,393,A168_HF9F_20260827_0900,2026-08-27 09:00:00
2026-05-05,135701360,626,0,105.0309841403,-105.0309841403,-105.0309841403,0E-7,1,1,0.49324550000000000,0.493245500000,-0.9865810262130424,-0.9865810262130424,-0.9865810262130424,0E-17,ELIGIBLE,R03b_20260811_FULL_v1,L1_ELIGIBILITY,v2026-08-11,2026-03-21..2026-08-06,baccarat_bet02_101_all_pairs_incl_sentinel,round_win = game_pnl > 0 (decisive only),COMPATIBILITY_ONLY_NOT_PRODUCTION,2991.8266,2719.4503,-62.1174,38,37,0.02076236,-1.00000000,0.09561033,0.02076236,62.1174,2991.8266,OK,0.0000,-2.4847,4.0000,96.0000,AG03-UNRESOLVED,ALL5_LEVELS_bet23_to_bet27,-2.4847,-2.4847,-2.4847,-2.4847,-2.4847,4.000000,4.000000,4.000000,4.000000,4.000000,96.000000,96.000000,96.000000,96.000000,96.000000,5.0,-12.4235,-11.4686,-49.6939,-50.6488,PENDING_AG03,FALSE,NOT_FOR_ENFORCEMENT,-59.6327,2610.6723,-62.1174,-59.6327,-2.4847,-0.02076236,-0.01993187,-2.4847,-59.6327,-0.01993187,-2.4847,-2.4847,-2.4847,-2.4847,-2.4847,-59.6327,-0.01993187,-12.4235,-11.4686,-49.6939,-50.6488,-0.01660989,-0.01692906,-0.00083049,78.7323,73.4987,-1.6788,-15.5293,-5.6470,747.9567,9.2500,68.1301,79.6410,62.3144,88.2787,103.8573,105.031,105.031,105.031,82.0472,0.0,1.189766,1.189766,0.891861,10,12,4,3,0.06831623,-0.02076236,1.00000000,0E-8,0.000000,0.908960,1.000000,-1.09561033,2026-05-05,2026-07-09,4,11,11,66,0.060606,0.855465,0.865339,0.227721,,,,,,,,GLOBAL_BASELINE_NO_ENTITY_RANKING,,,NOT_APPLICABLE_GLOBAL_BASELINE,HF9g-P5,,,,X 全窗基线 · 不参与实体赏罚,3923173,393,A168_HF9F_20260827_0900,2026-08-27 09:00:00
2026-06-24,135701360,1306,0,186.9430654508,20.7714517168,20.7714517168,0.5000000,2,2,0.49994810000000000,0.499948100000,0.00014679536856514622,0.00014679536856514622,0.00014679536856514622,0E-17,ELIGIBLE,R03b_20260811_FULL_v1,L1_ELIGIBILITY,v2026-08-11,2026-03-21..2026-08-06,baccarat_bet02_101_all_pairs_incl_sentinel,round_win = game_pnl > 0 (decisive only),COMPATIBILITY_ONLY_NOT_PRODUCTION,2991.8266,2719.4503,-62.1174,38,37,0.02076236,-1.00000000,0.09561033,0.02076236,62.1174,2991.8266,OK,0.0000,-2.4847,4.0000,96.0000,AG03-UNRESOLVED,ALL5_LEVELS_bet23_to_bet27,-2.4847,-2.4847,-2.4847,-2.4847,-2.4847,4.000000,4.000000,4.000000,4.000000,4.000000,96.000000,96.000000,96.000000,96.000000,96.000000,5.0,-12.4235,-11.4686,-49.6939,-50.6488,PENDING_AG03,FALSE,NOT_FOR_ENFORCEMENT,-59.6327,2610.6723,-62.1174,-59.6327,-2.4847,-0.02076236,-0.01993187,-2.4847,-59.6327,-0.01993187,-2.4847,-2.4847,-2.4847,-2.4847,-2.4847,-59.6327,-0.01993187,-12.4235,-11.4686,-49.6939,-50.6488,-0.01660989,-0.01692906,-0.00083049,78.7323,73.4987,-1.6788,-15.5293,-5.6470,747.9567,9.2500,68.1301,79.6410,62.3144,88.2787,103.8573,105.031,105.031,105.031,82.0472,0.0,1.189766,1.189766,0.891861,10,12,4,3,0.06831623,-0.02076236,1.00000000,0E-8,0.000000,0.908960,1.000000,-1.09561033,2026-05-05,2026-07-09,4,11,11,66,0.060606,0.855465,0.865339,0.227721,,,,,,,,GLOBAL_BASELINE_NO_ENTITY_RANKING,,,NOT_APPLICABLE_GLOBAL_BASELINE,HF9g-P5,,,,X 全窗基线 · 不参与实体赏罚,3923174,393,A168_HF9F_20260827_0900,2026-08-27 09:00:00
2026-06-24,135701360,1646,0,207.7145171676,0E-10,0E-10,0.5000000,2,2,0.49324550000000000,0.493245500000,0.01910635448239258,0.01910635448239258,0.01910635448239258,0E-17,ELIGIBLE,R03b_20260811_FULL_v1,L1_ELIGIBILITY,v2026-08-11,2026-03-21..2026-08-06,baccarat_bet02_101_all_pairs_incl_sentinel,round_win = game_pnl > 0 (decisive only),COMPATIBILITY_ONLY_NOT_PRODUCTION,2991.8266,2719.4503,-62.1174,38,37,0.02076236,-1.00000000,0.09561033,0.02076236,62.1174,2991.8266,OK,0.0000,-2.4847,4.0000,96.0000,AG03-UNRESOLVED,ALL5_LEVELS_bet23_to_bet27,-2.4847,-2.4847,-2.4847,-2.4847,-2.4847,4.000000,4.000000,4.000000,4.000000,4.000000,96.000000,96.000000,96.000000,96.000000,96.000000,5.0,-12.4235,-11.4686,-49.6939,-50.6488,PENDING_AG03,FALSE,NOT_FOR_ENFORCEMENT,-59.6327,2610.6723,-62.1174,-59.6327,-2.4847,-0.02076236,-0.01993187,-2.4847,-59.6327,-0.01993187,-2.4847,-2.4847,-2.4847,-2.4847,-2.4847,-59.6327,-0.01993187,-12.4235,-11.4686,-49.6939,-50.6488,-0.01660989,-0.01692906,-0.00083049,78.7323,73.4987,-1.6788,-15.5293,-5.6470,747.9567,9.2500,68.1301,79.6410,62.3144,88.2787,103.8573,105.031,105.031,105.031,82.0472,0.0,1.189766,1.189766,0.891861,10,12,4,3,0.06831623,-0.02076236,1.00000000,0E-8,0.000000,0.908960,1.000000,-1.09561033,2026-05-05,2026-07-09,4,11,11,66,0.060606,0.855465,0.865339,0.227721,,,,,,,,GLOBAL_BASELINE_NO_ENTITY_RANKING,,,NOT_APPLICABLE_GLOBAL_BASELINE,HF9g-P5,,,,X 全窗基线 · 不参与实体赏罚,3923175,393,A168_HF9F_20260827_0900,2026-08-27 09:00:00
2026-06-24,135701360,2093,0,228.4859688844,-103.8572585838,-103.8572585838,0.2500000,4,4,0.50329940000000000,0.503299400000,-1.013219660140378,-1.013219660140378,-1.013219660140378,0E-17,ELIGIBLE,R03b_20260811_FULL_v1,L1_ELIGIBILITY,v2026-08-11,2026-03-21..2026-08-06,baccarat_bet02_101_all_pairs_incl_sentinel,round_win = game_pnl > 0 (decisive only),COMPATIBILITY_ONLY_NOT_PRODUCTION,2991.8266,2719.4503,-62.1174,38,37,0.02076236,-1.00000000,0.09561033,0.02076236,62.1174,2991.8266,OK,0.0000,-2.4847,4.0000,96.0000,AG03-UNRESOLVED,ALL5_LEVELS_bet23_to_bet27,-2.4847,-2.4847,-2.4847,-2.4847,-2.4847,4.000000,4.000000,4.000000,4.000000,4.000000,96.000000,96.000000,96.000000,96.000000,96.000000,5.0,-12.4235,-11.4686,-49.6939,-50.6488,PENDING_AG03,FALSE,NOT_FOR_ENFORCEMENT,-59.6327,2610.6723,-62.1174,-59.6327,-2.4847,-0.02076236,-0.01993187,-2.4847,-59.6327,-0.01993187,-2.4847,-2.4847,-2.4847,-2.4847,-2.4847,-59.6327,-0.01993187,-12.4235,-11.4686,-49.6939,-50.6488,-0.01660989,-0.01692906,-0.00083049,78.7323,73.4987,-1.6788,-15.5293,-5.6470,747.9567,9.2500,68.1301,79.6410,62.3144,88.2787,103.8573,105.031,105.031,105.031,82.0472,0.0,1.189766,1.189766,0.891861,10,12,4,3,0.06831623,-0.02076236,1.00000000,0E-8,0.000000,0.908960,1.000000,-1.09561033,2026-05-05,2026-07-09,4,11,11,66,0.060606,0.855465,0.865339,0.227721,,,,,,,,GLOBAL_BASELINE_NO_ENTITY_RANKING,,,NOT_APPLICABLE_GLOBAL_BASELINE,HF9g-P5,,,,X 全窗基线 · 不参与实体赏罚,3923176,393,A168_HF9F_20260827_0900,2026-08-27 09:00:00
2026-06-24,135701360,2127,0,103.8572585838,-103.8572585838,-103.8572585838,0E-7,1,1,0.50665070000000000,0.506650700000,-1.013391052207602,-1.013391052207602,-1.013391052207602,0E-17,ELIGIBLE,R03b_20260811_FULL_v1,L1_ELIGIBILITY,v2026-08-11,2026-03-21..2026-08-06,baccarat_bet02_101_all_pairs_incl_sentinel,round_win = game_pnl > 0 (decisive only),COMPATIBILITY_ONLY_NOT_PRODUCTION,2991.8266,2719.4503,-62.1174,38,37,0.02076236,-1.00000000,0.09561033,0.02076236,62.1174,2991.8266,OK,0.0000,-2.4847,4.0000,96.0000,AG03-UNRESOLVED,ALL5_LEVELS_bet23_to_bet27,-2.4847,-2.4847,-2.4847,-2.4847,-2.4847,4.000000,4.000000,4.000000,4.000000,4.000000,96.000000,96.000000,96.000000,96.000000,96.000000,5.0,-12.4235,-11.4686,-49.6939,-50.6488,PENDING_AG03,FALSE,NOT_FOR_ENFORCEMENT,-59.6327,2610.6723,-62.1174,-59.6327,-2.4847,-0.02076236,-0.01993187,-2.4847,-59.6327,-0.01993187,-2.4847,-2.4847,-2.4847,-2.4847,-2.4847,-59.6327,-0.01993187,-12.4235,-11.4686,-49.6939,-50.6488,-0.01660989,-0.01692906,-0.00083049,78.7323,73.4987,-1.6788,-15.5293,-5.6470,747.9567,9.2500,68.1301,79.6410,62.3144,88.2787,103.8573,105.031,105.031,105.031,82.0472,0.0,1.189766,1.189766,0.891861,10,12,4,3,0.06831623,-0.02076236,1.00000000,0E-8,0.000000,0.908960,1.000000,-1.09561033,2026-05-05,2026-07-09,4,11,11,66,0.060606,0.855465,0.865339,0.227721,,,,,,,,GLOBAL_BASELINE_NO_ENTITY_RANKING,,,NOT_APPLICABLE_GLOBAL_BASELINE,HF9g-P5,,,,X 全窗基线 · 不参与实体赏罚,3923177,393,A168_HF9F_20260827_0900,2026-08-27 09:00:00
2026-06-24,135701360,2145,0,639.7607128762,249.2574206011,249.2574206011,0.7142857,9,8,0.49894847745905268,0.469459612500,1.139460073114336,1.2979214042834677,1.139460073114336,0.02948886495905268,ELIGIBLE,R03b_20260811_FULL_v1,L1_ELIGIBILITY,v2026-08-11,2026-03-21..2026-08-06,baccarat_bet02_101_all_pairs_incl_sentinel,round_win = game_pnl > 0 (decisive only),COMPATIBILITY_ONLY_NOT_PRODUCTION,2991.8266,2719.4503,-62.1174,38,37,0.02076236,-1.00000000,0.09561033,0.02076236,62.1174,2991.8266,OK,0.0000,-2.4847,4.0000,96.0000,AG03-UNRESOLVED,ALL5_LEVELS_bet23_to_bet27,-2.4847,-2.4847,-2.4847,-2.4847,-2.4847,4.000000,4.000000,4.000000,4.000000,4.000000,96.000000,96.000000,96.000000,96.000000,96.000000,5.0,-12.4235,-11.4686,-49.6939,-50.6488,PENDING_AG03,FALSE,NOT_FOR_ENFORCEMENT,-59.6327,2610.6723,-62.1174,-59.6327,-2.4847,-0.02076236,-0.01993187,-2.4847,-59.6327,-0.01993187,-2.4847,-2.4847,-2.4847,-2.4847,-2.4847,-59.6327,-0.01993187,-12.4235,-11.4686,-49.6939,-50.6488,-0.01660989,-0.01692906,-0.00083049,78.7323,73.4987,-1.6788,-15.5293,-5.6470,747.9567,9.2500,68.1301,79.6410,62.3144,88.2787,103.8573,105.031,105.031,105.031,82.0472,0.0,1.189766,1.189766,0.891861,10,12,4,3,0.06831623,-0.02076236,1.00000000,0E-8,0.000000,0.908960,1.000000,-1.09561033,2026-05-05,2026-07-09,4,11,11,66,0.060606,0.855465,0.865339,0.227721,,,,,,,,GLOBAL_BASELINE_NO_ENTITY_RANKING,,,NOT_APPLICABLE_GLOBAL_BASELINE,HF9g-P5,,,,X 全窗基线 · 不参与实体赏罚,3923178,393,A168_HF9F_20260827_0900,2026-08-27 09:00:00
2026-06-24,135701360,2216,0,415.4290343352,415.4290343352,415.4290343352,1.0000000,4,4,0.49324550000000000,0.493245500000,2.0272029836991,2.0272029836991,2.0272029836991,0E-17,ELIGIBLE,R03b_20260811_FULL_v1,L1_ELIGIBILITY,v2026-08-11,2026-03-21..2026-08-06,baccarat_bet02_101_all_pairs_incl_sentinel,round_win = game_pnl > 0 (decisive only),COMPATIBILITY_ONLY_NOT_PRODUCTION,2991.8266,2719.4503,-62.1174,38,37,0.02076236,-1.00000000,0.09561033,0.02076236,62.1174,2991.8266,OK,0.0000,-2.4847,4.0000,96.0000,AG03-UNRESOLVED,ALL5_LEVELS_bet23_to_bet27,-2.4847,-2.4847,-2.4847,-2.4847,-2.4847,4.000000,4.000000,4.000000,4.000000,4.000000,96.000000,96.000000,96.000000,96.000000,96.000000,5.0,-12.4235,-11.4686,-49.6939,-50.6488,PENDING_AG03,FALSE,NOT_FOR_ENFORCEMENT,-59.6327,2610.6723,-62.1174,-59.6327,-2.4847,-0.02076236,-0.01993187,-2.4847,-59.6327,-0.01993187,-2.4847,-2.4847,-2.4847,-2.4847,-2.4847,-59.6327,-0.01993187,-12.4235,-11.4686,-49.6939,-50.6488,-0.01660989,-0.01692906,-0.00083049,78.7323,73.4987,-1.6788,-15.5293,-5.6470,747.9567,9.2500,68.1301,79.6410,62.3144,88.2787,103.8573,105.031,105.031,105.031,82.0472,0.0,1.189766,1.189766,0.891861,10,12,4,3,0.06831623,-0.02076236,1.00000000,0E-8,0.000000,0.908960,1.000000,-1.09561033,2026-05-05,2026-07-09,4,11,11,66,0.060606,0.855465,0.865339,0.227721,,,,,,,,GLOBAL_BASELINE_NO_ENTITY_RANKING,,,NOT_APPLICABLE_GLOBAL_BASELINE,HF9g-P5,,,,X 全窗基线 · 不参与实体赏罚,3923179,393,A168_HF9F_20260827_0900,2026-08-27 09:00:00
2026-06-24,135701360,2223,0,145.4001620173,145.4001620173,145.4001620173,1.0000000,3,3,0.49771390000000000,0.497713900000,1.739988277604938,1.739988277604938,1.739988277604938,0E-17,ELIGIBLE,R03b_20260811_FULL_v1,L1_ELIGIBILITY,v2026-08-11,2026-03-21..2026-08-06,baccarat_bet02_101_all_pairs_incl_sentinel,round_win = game_pnl > 0 (decisive only),COMPATIBILITY_ONLY_NOT_PRODUCTION,2991.8266,2719.4503,-62.1174,38,37,0.02076236,-1.00000000,0.09561033,0.02076236,62.1174,2991.8266,OK,0.0000,-2.4847,4.0000,96.0000,AG03-UNRESOLVED,ALL5_LEVELS_bet23_to_bet27,-2.4847,-2.4847,-2.4847,-2.4847,-2.4847,4.000000,4.000000,4.000000,4.000000,4.000000,96.000000,96.000000,96.000000,96.000000,96.000000,5.0,-12.4235,-11.4686,-49.6939,-50.6488,PENDING_AG03,FALSE,NOT_FOR_ENFORCEMENT,-59.6327,2610.6723,-62.1174,-59.6327,-2.4847,-0.02076236,-0.01993187,-2.4847,-59.6327,-0.01993187,-2.4847,-2.4847,-2.4847,-2.4847,-2.4847,-59.6327,-0.01993187,-12.4235,-11.4686,-49.6939,-50.6488,-0.01660989,-0.01692906,-0.00083049,78.7323,73.4987,-1.6788,-15.5293,-5.6470,747.9567,9.2500,68.1301,79.6410,62.3144,88.2787,103.8573,105.031,105.031,105.031,82.0472,0.0,1.189766,1.189766,0.891861,10,12,4,3,0.06831623,-0.02076236,1.00000000,0E-8,0.000000,0.908960,1.000000,-1.09561033,2026-05-05,2026-07-09,4,11,11,66,0.060606,0.855465,0.865339,0.227721,,,,,,,,GLOBAL_BASELINE_NO_ENTITY_RANKING,,,NOT_APPLICABLE_GLOBAL_BASELINE,HF9g-P5,,,,X 全窗基线 · 不参与实体赏罚,3923180,393,A168_HF9F_20260827_0900,2026-08-27 09:00:00
2026-06-27,135701360,752,0,124.6287103005,-41.5429034335,-41.5429034335,0.3333333,3,3,0.49324550000000000,0.493245500000,-0.5540025479526107,-0.5540025479526106,-0.5540025479526107,0E-17,ELIGIBLE,R03b_20260811_FULL_v1,L1_ELIGIBILITY,v2026-08-11,2026-03-21..2026-08-06,baccarat_bet02_101_all_pairs_incl_sentinel,round_win = game_pnl > 0 (decisive only),COMPATIBILITY_ONLY_NOT_PRODUCTION,2991.8266,2719.4503,-62.1174,38,37,0.02076236,-1.00000000,0.09561033,0.02076236,62.1174,2991.8266,OK,0.0000,-2.4847,4.0000,96.0000,AG03-UNRESOLVED,ALL5_LEVELS_bet23_to_bet27,-2.4847,-2.4847,-2.4847,-2.4847,-2.4847,4.000000,4.000000,4.000000,4.000000,4.000000,96.000000,96.000000,96.000000,96.000000,96.000000,5.0,-12.4235,-11.4686,-49.6939,-50.6488,PENDING_AG03,FALSE,NOT_FOR_ENFORCEMENT,-59.6327,2610.6723,-62.1174,-59.6327,-2.4847,-0.02076236,-0.01993187,-2.4847,-59.6327,-0.01993187,-2.4847,-2.4847,-2.4847,-2.4847,-2.4847,-59.6327,-0.01993187,-12.4235,-11.4686,-49.6939,-50.6488,-0.01660989,-0.01692906,-0.00083049,78.7323,73.4987,-1.6788,-15.5293,-5.6470,747.9567,9.2500,68.1301,79.6410,62.3144,88.2787,103.8573,105.031,105.031,105.031,82.0472,0.0,1.189766,1.189766,0.891861,10,12,4,3,0.06831623,-0.02076236,1.00000000,0E-8,0.000000,0.908960,1.000000,-1.09561033,2026-05-05,2026-07-09,4,11,11,66,0.060606,0.855465,0.865339,0.227721,,,,,,,,GLOBAL_BASELINE_NO_ENTITY_RANKING,,,NOT_APPLICABLE_GLOBAL_BASELINE,HF9g-P5,,,,X 全窗基线 · 不参与实体赏罚,3923181,393,A168_HF9F_20260827_0900,2026-08-27 09:00:00
2026-07-09,135701360,1654,0,102.1951518620,-102.1951518620,-102.1951518620,0E-7,1,1,0.49324550000000000,0.493245500000,-0.9865810262130424,-0.9865810262130424,-0.9865810262130424,0E-17,ELIGIBLE,R03b_20260811_FULL_v1,L1_ELIGIBILITY,v2026-08-11,2026-03-21..2026-08-06,baccarat_bet02_101_all_pairs_incl_sentinel,round_win = game_pnl > 0 (decisive only),COMPATIBILITY_ONLY_NOT_PRODUCTION,2991.8266,2719.4503,-62.1174,38,37,0.02076236,-1.00000000,0.09561033,0.02076236,62.1174,2991.8266,OK,0.0000,-2.4847,4.0000,96.0000,AG03-UNRESOLVED,ALL5_LEVELS_bet23_to_bet27,-2.4847,-2.4847,-2.4847,-2.4847,-2.4847,4.000000,4.000000,4.000000,4.000000,4.000000,96.000000,96.000000,96.000000,96.000000,96.000000,5.0,-12.4235,-11.4686,-49.6939,-50.6488,PENDING_AG03,FALSE,NOT_FOR_ENFORCEMENT,-59.6327,2610.6723,-62.1174,-59.6327,-2.4847,-0.02076236,-0.01993187,-2.4847,-59.6327,-0.01993187,-2.4847,-2.4847,-2.4847,-2.4847,-2.4847,-59.6327,-0.01993187,-12.4235,-11.4686,-49.6939,-50.6488,-0.01660989,-0.01692906,-0.00083049,78.7323,73.4987,-1.6788,-15.5293,-5.6470,747.9567,9.2500,68.1301,79.6410,62.3144,88.2787,103.8573,105.031,105.031,105.031,82.0472,0.0,1.189766,1.189766,0.891861,10,12,4,3,0.06831623,-0.02076236,1.00000000,0E-8,0.000000,0.908960,1.000000,-1.09561033,2026-05-05,2026-07-09,4,11,11,66,0.060606,0.855465,0.865339,0.227721,,,,,,,,GLOBAL_BASELINE_NO_ENTITY_RANKING,,,NOT_APPLICABLE_GLOBAL_BASELINE,HF9g-P5,,,,X 全窗基线 · 不参与实体赏罚,3923182,393,A168_HF9F_20260827_0900,2026-08-27 09:00:00
2026-07-09,135701360,2288,0,102.1951518620,-102.1951518620,-102.1951518620,0E-7,2,2,0.49324550000000000,0.493245500000,-1.3952362676504506,-1.3952362676504506,-1.3952362676504506,0E-17,ELIGIBLE,R03b_20260811_FULL_v1,L1_ELIGIBILITY,v2026-08-11,2026-03-21..2026-08-06,baccarat_bet02_101_all_pairs_incl_sentinel,round_win = game_pnl > 0 (decisive only),COMPATIBILITY_ONLY_NOT_PRODUCTION,2991.8266,2719.4503,-62.1174,38,37,0.02076236,-1.00000000,0.09561033,0.02076236,62.1174,2991.8266,OK,0.0000,-2.4847,4.0000,96.0000,AG03-UNRESOLVED,ALL5_LEVELS_bet23_to_bet27,-2.4847,-2.4847,-2.4847,-2.4847,-2.4847,4.000000,4.000000,4.000000,4.000000,4.000000,96.000000,96.000000,96.000000,96.000000,96.000000,5.0,-12.4235,-11.4686,-49.6939,-50.6488,PENDING_AG03,FALSE,NOT_FOR_ENFORCEMENT,-59.6327,2610.6723,-62.1174,-59.6327,-2.4847,-0.02076236,-0.01993187,-2.4847,-59.6327,-0.01993187,-2.4847,-2.4847,-2.4847,-2.4847,-2.4847,-59.6327,-0.01993187,-12.4235,-11.4686,-49.6939,-50.6488,-0.01660989,-0.01692906,-0.00083049,78.7323,73.4987,-1.6788,-15.5293,-5.6470,747.9567,9.2500,68.1301,79.6410,62.3144,88.2787,103.8573,105.031,105.031,105.031,82.0472,0.0,1.189766,1.189766,0.891861,10,12,4,3,0.06831623,-0.02076236,1.00000000,0E-8,0.000000,0.908960,1.000000,-1.09561033,2026-05-05,2026-07-09,4,11,11,66,0.060606,0.855465,0.865339,0.227721,,,,,,,,GLOBAL_BASELINE_NO_ENTITY_RANKING,,,NOT_APPLICABLE_GLOBAL_BASELINE,HF9g-P5,,,,X 全窗基线 · 不参与实体赏罚,3923183,393,A168_HF9F_20260827_0900,2026-08-27 09:00:00
2026-05-13,149964186,-1,1,41.2536972655,33.7683565980,33.7683565980,1.0000000,6,5,0.48776736838697927,0.462113740000,2.291459847429052,2.412435922300545,2.291459847429052,0.02565362838697927,SENTINEL_DEALER,R03b_20260811_FULL_v1,L1_ELIGIBILITY,v2026-08-11,2026-03-21..2026-08-06,baccarat_bet02_101_all_pairs_incl_sentinel,round_win = game_pnl > 0 (decisive only),COMPATIBILITY_ONLY_NOT_PRODUCTION,71.0913,71.0913,-62.1141,9,8,0.87372263,,0.87372263,0.87372263,62.1141,71.0913,THIN_EXPOSURE,0.0000,-2.4846,4.0000,96.0000,AG03-UNRESOLVED,ALL5_LEVELS_bet23_to_bet27,-2.4846,-2.4846,-2.4846,-2.4846,-2.4846,4.000000,4.000000,4.000000,4.000000,4.000000,96.000000,96.000000,96.000000,96.000000,96.000000,5.0,-12.4228,-11.468,-49.6912,-50.6461,PENDING_AG03,FALSE,NOT_FOR_ENFORCEMENT,-59.6295,68.2476,-62.1141,-59.6295,-2.4846,-0.87372263,-0.83877372,-2.4846,-59.6295,-0.83877372,-2.4846,-2.4846,-2.4846,-2.4846,-2.4846,-59.6295,-0.83877372,-12.4228,-11.468,-49.6912,-50.6461,-0.69897810,-0.71240958,-0.03494891,7.8990,8.8864,-7.7643,-62.1141,-31.0570,71.0913,8.0000,,7.8990,4.9946,7.7837,11.0269,12.9729,12.9729,12.9729,7.7837,7.3945,1.666667,1.666667,1.014815,2,2,1,3,0E-8,-0.87372263,,0E-8,0.000000,1.000000,0.000000,,2026-05-13,2026-05-13,1,2,2,1,1.000000,,,0.000000,,,,,,,,GLOBAL_BASELINE_NO_ENTITY_RANKING,,,NOT_APPLICABLE_GLOBAL_BASELINE,HF9g-P5,,,,X 全窗基线 · 不参与实体赏罚,3923184,393,A168_HF9F_20260827_0900,2026-08-27 09:00:00
2026-05-13,149964186,2141,0,29.8375797831,28.3457007939,28.3457007939,1.0000000,3,3,0.50665070000000000,0.506650700000,1.7091633124209307,1.7091633124209307,1.7091633124209307,0E-17,ELIGIBLE,R03b_20260811_FULL_v1,L1_ELIGIBILITY,v2026-08-11,2026-03-21..2026-08-06,baccarat_bet02_101_all_pairs_incl_sentinel,round_win = game_pnl > 0 (decisive only),COMPATIBILITY_ONLY_NOT_PRODUCTION,71.0913,71.0913,-62.1141,9,8,0.87372263,,0.87372263,0.87372263,62.1141,71.0913,THIN_EXPOSURE,0.0000,-2.4846,4.0000,96.0000,AG03-UNRESOLVED,ALL5_LEVELS_bet23_to_bet27,-2.4846,-2.4846,-2.4846,-2.4846,-2.4846,4.000000,4.000000,4.000000,4.000000,4.000000,96.000000,96.000000,96.000000,96.000000,96.000000,5.0,-12.4228,-11.468,-49.6912,-50.6461,PENDING_AG03,FALSE,NOT_FOR_ENFORCEMENT,-59.6295,68.2476,-62.1141,-59.6295,-2.4846,-0.87372263,-0.83877372,-2.4846,-59.6295,-0.83877372,-2.4846,-2.4846,-2.4846,-2.4846,-2.4846,-59.6295,-0.83877372,-12.4228,-11.468,-49.6912,-50.6461,-0.69897810,-0.71240958,-0.03494891,7.8990,8.8864,-7.7643,-62.1141,-31.0570,71.0913,8.0000,,7.8990,4.9946,7.7837,11.0269,12.9729,12.9729,12.9729,7.7837,7.3945,1.666667,1.666667,1.014815,2,2,1,3,0E-8,-0.87372263,,0E-8,0.000000,1.000000,0.000000,,2026-05-13,2026-05-13,1,2,2,1,1.000000,,,0.000000,,,,,,,,GLOBAL_BASELINE_NO_ENTITY_RANKING,,,NOT_APPLICABLE_GLOBAL_BASELINE,HF9g-P5,,,,X 全窗基线 · 不参与实体赏罚,3923185,393,A168_HF9F_20260827_0900,2026-08-27 09:00:00
2026-04-09,148408944,2115,0,10.5411844075,-10.5411844075,-10.5411844075,0E-7,1,1,0.49324550000000000,0.493245500000,-0.9865810262130424,-0.9865810262130424,-0.9865810262130424,0E-17,ELIGIBLE,R03b_20260811_FULL_v1,L1_ELIGIBILITY,v2026-08-11,2026-03-21..2026-08-06,baccarat_bet02_101_all_pairs_incl_sentinel,round_win = game_pnl > 0 (decisive only),COMPATIBILITY_ONLY_NOT_PRODUCTION,5926.4218,5347.9324,-62.1126,163,161,0.01048063,0.59432773,-0.00425923,0.01048063,62.1126,5926.4218,OK,0.0000,-2.4845,4.0000,96.0000,AG03-UNRESOLVED,ALL5_LEVELS_bet23_to_bet27,-2.4845,-2.4845,-2.4845,-2.4845,-2.4845,4.000000,4.000000,4.000000,4.000000,4.000000,96.000000,96.000000,96.000000,96.000000,96.000000,5.0,-12.4225,-11.4677,-49.6901,-50.6449,PENDING_AG03,FALSE,NOT_FOR_ENFORCEMENT,-59.6281,5134.0151,-62.1126,-59.6281,-2.4845,-0.01048063,-0.01006140,-2.4845,-59.6281,-0.01006140,-2.4845,-2.4845,-2.4845,-2.4845,-2.4845,-59.6281,-0.01006140,-12.4225,-11.4677,-49.6901,-50.6449,-0.00838450,-0.00854562,-0.00041923,36.3584,33.2170,-0.3858,-5.1761,-2.3005,493.8685,13.4167,24.3224,36.8184,10.5412,12.6494,50.1702,105.031,105.031,210.062,10.5412,0.0,8.303224,16.606448,2.874315,16,30,10,3,0.02462442,-0.01048063,-0.59432773,0E-8,0.000000,0.902388,0.000000,0.59858696,2026-04-09,2026-07-23,12,27,27,106,0.113208,0.660606,0.668963,0.082081,,,,,,,,GLOBAL_BASELINE_NO_ENTITY_RANKING,,,NOT_APPLICABLE_GLOBAL_BASELINE,HF9g-P5,,,,X 全窗基线 · 不参与实体赏罚,3923186,393,A168_HF9F_20260827_0900,2026-08-27 09:00:00
2026-04-13,148408944,-1,1,52.0734509730,-10.4357725634,-10.4357725634,0.4000000,5,5,0.49592654000000000,0.495926540000,-0.42901076602576227,-0.42901076602576227,-0.42901076602576227,0E-17,SENTINEL_DEALER,R03b_20260811_FULL_v1,L1_ELIGIBILITY,v2026-08-11,2026-03-21..2026-08-06,baccarat_bet02_101_all_pairs_incl_sentinel,round_win = game_pnl > 0 (decisive only),COMPATIBILITY_ONLY_NOT_PRODUCTION,5926.4218,5347.9324,-62.1126,163,161,0.01048063,0.59432773,-0.00425923,0.01048063,62.1126,5926.4218,OK,0.0000,-2.4845,4.0000,96.0000,AG03-UNRESOLVED,ALL5_LEVELS_bet23_to_bet27,-2.4845,-2.4845,-2.4845,-2.4845,-2.4845,4.000000,4.000000,4.000000,4.000000,4.000000,96.000000,96.000000,96.000000,96.000000,96.000000,5.0,-12.4225,-11.4677,-49.6901,-50.6449,PENDING_AG03,FALSE,NOT_FOR_ENFORCEMENT,-59.6281,5134.0151,-62.1126,-59.6281,-2.4845,-0.01048063,-0.01006140,-2.4845,-59.6281,-0.01006140,-2.4845,-2.4845,-2.4845,-2.4845,-2.4845,-59.6281,-0.01006140,-12.4225,-11.4677,-49.6901,-50.6449,-0.00838450,-0.00854562,-0.00041923,36.3584,33.2170,-0.3858,-5.1761,-2.3005,493.8685,13.4167,24.3224,36.8184,10.5412,12.6494,50.1702,105.031,105.031,210.062,10.5412,0.0,8.303224,16.606448,2.874315,16,30,10,3,0.02462442,-0.01048063,-0.59432773,0E-8,0.000000,0.902388,0.000000,0.59858696,2026-04-09,2026-07-23,12,27,27,106,0.113208,0.660606,0.668963,0.082081,,,,,,,,GLOBAL_BASELINE_NO_ENTITY_RANKING,,,NOT_APPLICABLE_GLOBAL_BASELINE,HF9g-P5,,,,X 全窗基线 · 不参与实体赏罚,3923187,393,A168_HF9F_20260827_0900,2026-08-27 09:00:00
2026-04-13,148408944,1714,0,6.1138869563,-6.1138869563,-6.1138869563,0E-7,1,1,0.49324550000000000,0.493245500000,-0.9865810262130424,-0.9865810262130424,-0.9865810262130424,0E-17,ELIGIBLE,R03b_20260811_FULL_v1,L1_ELIGIBILITY,v2026-08-11,2026-03-21..2026-08-06,baccarat_bet02_101_all_pairs_incl_sentinel,round_win = game_pnl > 0 (decisive only),COMPATIBILITY_ONLY_NOT_PRODUCTION,5926.4218,5347.9324,-62.1126,163,161,0.01048063,0.59432773,-0.00425923,0.01048063,62.1126,5926.4218,OK,0.0000,-2.4845,4.0000,96.0000,AG03-UNRESOLVED,ALL5_LEVELS_bet23_to_bet27,-2.4845,-2.4845,-2.4845,-2.4845,-2.4845,4.000000,4.000000,4.000000,4.000000,4.000000,96.000000,96.000000,96.000000,96.000000,96.000000,5.0,-12.4225,-11.4677,-49.6901,-50.6449,PENDING_AG03,FALSE,NOT_FOR_ENFORCEMENT,-59.6281,5134.0151,-62.1126,-59.6281,-2.4845,-0.01048063,-0.01006140,-2.4845,-59.6281,-0.01006140,-2.4845,-2.4845,-2.4845,-2.4845,-2.4845,-59.6281,-0.01006140,-12.4225,-11.4677,-49.6901,-50.6449,-0.00838450,-0.00854562,-0.00041923,36.3584,33.2170,-0.3858,-5.1761,-2.3005,493.8685,13.4167,24.3224,36.8184,10.5412,12.6494,50.1702,105.031,105.031,210.062,10.5412,0.0,8.303224,16.606448,2.874315,16,30,10,3,0.02462442,-0.01048063,-0.59432773,0E-8,0.000000,0.902388,0.000000,0.59858696,2026-04-09,2026-07-23,12,27,27,106,0.113208,0.660606,0.668963,0.082081,,,,,,,,GLOBAL_BASELINE_NO_ENTITY_RANKING,,,NOT_APPLICABLE_GLOBAL_BASELINE,HF9g-P5,,,,X 全窗基线 · 不参与实体赏罚,3923188,393,A168_HF9F_20260827_0900,2026-08-27 09:00:00
2026-04-13,148408944,2256,0,83.9078278836,-42.2701494740,-42.2701494740,0.3333333,6,6,0.49771390000000000,0.497713900000,-0.8053054414300617,-0.8053054414300617,-0.8053054414300617,0E-17,ELIGIBLE,R03b_20260811_FULL_v1,L1_ELIGIBILITY,v2026-08-11,2026-03-21..2026-08-06,baccarat_bet02_101_all_pairs_incl_sentinel,round_win = game_pnl > 0 (decisive only),COMPATIBILITY_ONLY_NOT_PRODUCTION,5926.4218,5347.9324,-62.1126,163,161,0.01048063,0.59432773,-0.00425923,0.01048063,62.1126,5926.4218,OK,0.0000,-2.4845,4.0000,96.0000,AG03-UNRESOLVED,ALL5_LEVELS_bet23_to_bet27,-2.4845,-2.4845,-2.4845,-2.4845,-2.4845,4.000000,4.000000,4.000000,4.000000,4.000000,96.000000,96.000000,96.000000,96.000000,96.000000,5.0,-12.4225,-11.4677,-49.6901,-50.6449,PENDING_AG03,FALSE,NOT_FOR_ENFORCEMENT,-59.6281,5134.0151,-62.1126,-59.6281,-2.4845,-0.01048063,-0.01006140,-2.4845,-59.6281,-0.01006140,-2.4845,-2.4845,-2.4845,-2.4845,-2.4845,-59.6281,-0.01006140,-12.4225,-11.4677,-49.6901,-50.6449,-0.00838450,-0.00854562,-0.00041923,36.3584,33.2170,-0.3858,-5.1761,-2.3005,493.8685,13.4167,24.3224,36.8184,10.5412,12.6494,50.1702,105.031,105.031,210.062,10.5412,0.0,8.303224,16.606448,2.874315,16,30,10,3,0.02462442,-0.01048063,-0.59432773,0E-8,0.000000,0.902388,0.000000,0.59858696,2026-04-09,2026-07-23,12,27,27,106,0.113208,0.660606,0.668963,0.082081,,,,,,,,GLOBAL_BASELINE_NO_ENTITY_RANKING,,,NOT_APPLICABLE_GLOBAL_BASELINE,HF9g-P5,,,,X 全窗基线 · 不参与实体赏罚,3923189,393,A168_HF9F_20260827_0900,2026-08-27 09:00:00
2026-04-17,148408944,1210,0,51.8626272849,64.0904011974,64.0904011974,0.4000000,5,5,0.41351696000000000,0.413516960000,-0.061374736240864085,-0.061374736240864085,-0.061374736240864085,0E-17,ELIGIBLE,R03b_20260811_FULL_v1,L1_ELIGIBILITY,v2026-08-11,2026-03-21..2026-08-06,baccarat_bet02_101_all_pairs_incl_sentinel,round_win = game_pnl > 0 (decisive only),COMPATIBILITY_ONLY_NOT_PRODUCTION,5926.4218,5347.9324,-62.1126,163,161,0.01048063,0.59432773,-0.00425923,0.01048063,62.1126,5926.4218,OK,0.0000,-2.4845,4.0000,96.0000,AG03-UNRESOLVED,ALL5_LEVELS_bet23_to_bet27,-2.4845,-2.4845,-2.4845,-2.4845,-2.4845,4.000000,4.000000,4.000000,4.000000,4.000000,96.000000,96.000000,96.000000,96.000000,96.000000,5.0,-12.4225,-11.4677,-49.6901,-50.6449,PENDING_AG03,FALSE,NOT_FOR_ENFORCEMENT,-59.6281,5134.0151,-62.1126,-59.6281,-2.4845,-0.01048063,-0.01006140,-2.4845,-59.6281,-0.01006140,-2.4845,-2.4845,-2.4845,-2.4845,-2.4845,-59.6281,-0.01006140,-12.4225,-11.4677,-49.6901,-50.6449,-0.00838450,-0.00854562,-0.00041923,36.3584,33.2170,-0.3858,-5.1761,-2.3005,493.8685,13.4167,24.3224,36.8184,10.5412,12.6494,50.1702,105.031,105.031,210.062,10.5412,0.0,8.303224,16.606448,2.874315,16,30,10,3,0.02462442,-0.01048063,-0.59432773,0E-8,0.000000,0.902388,0.000000,0.59858696,2026-04-09,2026-07-23,12,27,27,106,0.113208,0.660606,0.668963,0.082081,,,,,,,,GLOBAL_BASELINE_NO_ENTITY_RANKING,,,NOT_APPLICABLE_GLOBAL_BASELINE,HF9g-P5,,,,X 全窗基线 · 不参与实体赏罚,3923190,393,A168_HF9F_20260827_0900,2026-08-27 09:00:00
2026-04-17,148408944,1318,0,8.0113001497,-8.0113001497,-8.0113001497,0E-7,1,1,0.50665070000000000,0.506650700000,-1.013391052207602,-1.013391052207602,-1.013391052207602,0E-17,ELIGIBLE,R03b_20260811_FULL_v1,L1_ELIGIBILITY,v2026-08-11,2026-03-21..2026-08-06,baccarat_bet02_101_all_pairs_incl_sentinel,round_win = game_pnl > 0 (decisive only),COMPATIBILITY_ONLY_NOT_PRODUCTION,5926.4218,5347.9324,-62.1126,163,161,0.01048063,0.59432773,-0.00425923,0.01048063,62.1126,5926.4218,OK,0.0000,-2.4845,4.0000,96.0000,AG03-UNRESOLVED,ALL5_LEVELS_bet23_to_bet27,-2.4845,-2.4845,-2.4845,-2.4845,-2.4845,4.000000,4.000000,4.000000,4.000000,4.000000,96.000000,96.000000,96.000000,96.000000,96.000000,5.0,-12.4225,-11.4677,-49.6901,-50.6449,PENDING_AG03,FALSE,NOT_FOR_ENFORCEMENT,-59.6281,5134.0151,-62.1126,-59.6281,-2.4845,-0.01048063,-0.01006140,-2.4845,-59.6281,-0.01006140,-2.4845,-2.4845,-2.4845,-2.4845,-2.4845,-59.6281,-0.01006140,-12.4225,-11.4677,-49.6901,-50.6449,-0.00838450,-0.00854562,-0.00041923,36.3584,33.2170,-0.3858,-5.1761,-2.3005,493.8685,13.4167,24.3224,36.8184,10.5412,12.6494,50.1702,105.031,105.031,210.062,10.5412,0.0,8.303224,16.606448,2.874315,16,30,10,3,0.02462442,-0.01048063,-0.59432773,0E-8,0.000000,0.902388,0.000000,0.59858696,2026-04-09,2026-07-23,12,27,27,106,0.113208,0.660606,0.668963,0.082081,,,,,,,,GLOBAL_BASELINE_NO_ENTITY_RANKING,,,NOT_APPLICABLE_GLOBAL_BASELINE,HF9g-P5,,,,X 全窗基线 · 不参与实体赏罚,3923191,393,A168_HF9F_20260827_0900,2026-08-27 09:00:00
2026-04-17,148408944,1507,0,10.1195370312,10.1195370312,10.1195370312,1.0000000,1,1,0.49324550000000000,0.493245500000,1.01360149184955,1.01360149184955,1.01360149184955,0E-17,ELIGIBLE,R03b_20260811_FULL_v1,L1_ELIGIBILITY,v2026-08-11,2026-03-21..2026-08-06,baccarat_bet02_101_all_pairs_incl_sentinel,round_win = game_pnl > 0 (decisive only),COMPATIBILITY_ONLY_NOT_PRODUCTION,5926.4218,5347.9324,-62.1126,163,161,0.01048063,0.59432773,-0.00425923,0.01048063,62.1126,5926.4218,OK,0.0000,-2.4845,4.0000,96.0000,AG03-UNRESOLVED,ALL5_LEVELS_bet23_to_bet27,-2.4845,-2.4845,-2.4845,-2.4845,-2.4845,4.000000,4.000000,4.000000,4.000000,4.000000,96.000000,96.000000,96.000000,96.000000,96.000000,5.0,-12.4225,-11.4677,-49.6901,-50.6449,PENDING_AG03,FALSE,NOT_FOR_ENFORCEMENT,-59.6281,5134.0151,-62.1126,-59.6281,-2.4845,-0.01048063,-0.01006140,-2.4845,-59.6281,-0.01006140,-2.4845,-2.4845,-2.4845,-2.4845,-2.4845,-59.6281,-0.01006140,-12.4225,-11.4677,-49.6901,-50.6449,-0.00838450,-0.00854562,-0.00041923,36.3584,33.2170,-0.3858,-5.1761,-2.3005,493.8685,13.4167,24.3224,36.8184,10.5412,12.6494,50.1702,105.031,105.031,210.062,10.5412,0.0,8.303224,16.606448,2.874315,16,30,10,3,0.02462442,-0.01048063,-0.59432773,0E-8,0.000000,0.902388,0.000000,0.59858696,2026-04-09,2026-07-23,12,27,27,106,0.113208,0.660606,0.668963,0.082081,,,,,,,,GLOBAL_BASELINE_NO_ENTITY_RANKING,,,NOT_APPLICABLE_GLOBAL_BASELINE,HF9g-P5,,,,X 全窗基线 · 不参与实体赏罚,3923192,393,A168_HF9F_20260827_0900,2026-08-27 09:00:00
2026-04-17,148408944,1702,0,61.3496932516,8.1167119937,8.1167119937,0.6000000,6,6,0.49771390000000000,0.497713900000,0.4574421269484404,0.45744212694844033,0.4574421269484404,0E-17,ELIGIBLE,R03b_20260811_FULL_v1,L1_ELIGIBILITY,v2026-08-11,2026-03-21..2026-08-06,baccarat_bet02_101_all_pairs_incl_sentinel,round_win = game_pnl > 0 (decisive only),COMPATIBILITY_ONLY_NOT_PRODUCTION,5926.4218,5347.9324,-62.1126,163,161,0.01048063,0.59432773,-0.00425923,0.01048063,62.1126,5926.4218,OK,0.0000,-2.4845,4.0000,96.0000,AG03-UNRESOLVED,ALL5_LEVELS_bet23_to_bet27,-2.4845,-2.4845,-2.4845,-2.4845,-2.4845,4.000000,4.000000,4.000000,4.000000,4.000000,96.000000,96.000000,96.000000,96.000000,96.000000,5.0,-12.4225,-11.4677,-49.6901,-50.6449,PENDING_AG03,FALSE,NOT_FOR_ENFORCEMENT,-59.6281,5134.0151,-62.1126,-59.6281,-2.4845,-0.01048063,-0.01006140,-2.4845,-59.6281,-0.01006140,-2.4845,-2.4845,-2.4845,-2.4845,-2.4845,-59.6281,-0.01006140,-12.4225,-11.4677,-49.6901,-50.6449,-0.00838450,-0.00854562,-0.00041923,36.3584,33.2170,-0.3858,-5.1761,-2.3005,493.8685,13.4167,24.3224,36.8184,10.5412,12.6494,50.1702,105.031,105.031,210.062,10.5412,0.0,8.303224,16.606448,2.874315,16,30,10,3,0.02462442,-0.01048063,-0.59432773,0E-8,0.000000,0.902388,0.000000,0.59858696,2026-04-09,2026-07-23,12,27,27,106,0.113208,0.660606,0.668963,0.082081,,,,,,,,GLOBAL_BASELINE_NO_ENTITY_RANKING,,,NOT_APPLICABLE_GLOBAL_BASELINE,HF9g-P5,,,,X 全窗基线 · 不参与实体赏罚,3923193,393,A168_HF9F_20260827_0900,2026-08-27 09:00:00
2026-04-17,148408944,1710,0,113.8447916008,63.2471064448,63.2471064448,0.6666667,7,7,0.49899058571428571,0.498990585714,0.8214433547731099,0.8214433547745106,0.8214433547731099,2.8571E-13,ELIGIBLE,R03b_20260811_FULL_v1,L1_ELIGIBILITY,v2026-08-11,2026-03-21..2026-08-06,baccarat_bet02_101_all_pairs_incl_sentinel,round_win = game_pnl > 0 (decisive only),COMPATIBILITY_ONLY_NOT_PRODUCTION,5926.4218,5347.9324,-62.1126,163,161,0.01048063,0.59432773,-0.00425923,0.01048063,62.1126,5926.4218,OK,0.0000,-2.4845,4.0000,96.0000,AG03-UNRESOLVED,ALL5_LEVELS_bet23_to_bet27,-2.4845,-2.4845,-2.4845,-2.4845,-2.4845,4.000000,4.000000,4.000000,4.000000,4.000000,96.000000,96.000000,96.000000,96.000000,96.000000,5.0,-12.4225,-11.4677,-49.6901,-50.6449,PENDING_AG03,FALSE,NOT_FOR_ENFORCEMENT,-59.6281,5134.0151,-62.1126,-59.6281,-2.4845,-0.01048063,-0.01006140,-2.4845,-59.6281,-0.01006140,-2.4845,-2.4845,-2.4845,-2.4845,-2.4845,-59.6281,-0.01006140,-12.4225,-11.4677,-49.6901,-50.6449,-0.00838450,-0.00854562,-0.00041923,36.3584,33.2170,-0.3858,-5.1761,-2.3005,493.8685,13.4167,24.3224,36.8184,10.5412,12.6494,50.1702,105.031,105.031,210.062,10.5412,0.0,8.303224,16.606448,2.874315,16,30,10,3,0.02462442,-0.01048063,-0.59432773,0E-8,0.000000,0.902388,0.000000,0.59858696,2026-04-09,2026-07-23,12,27,27,106,0.113208,0.660606,0.668963,0.082081,,,,,,,,GLOBAL_BASELINE_NO_ENTITY_RANKING,,,NOT_APPLICABLE_GLOBAL_BASELINE,HF9g-P5,,,,X 全窗基线 · 不参与实体赏罚,3923194,393,A168_HF9F_20260827_0900,2026-08-27 09:00:00
2026-04-18,148408944,1115,0,52.7059220375,0E-10,0E-10,0.5000000,5,5,0.49592654000000000,0.495926540000,0.016294380756781617,0.016294380756781617,0.016294380756781617,0E-17,ELIGIBLE,R03b_20260811_FULL_v1,L1_ELIGIBILITY,v2026-08-11,2026-03-21..2026-08-06,baccarat_bet02_101_all_pairs_incl_sentinel,round_win = game_pnl > 0 (decisive only),COMPATIBILITY_ONLY_NOT_PRODUCTION,5926.4218,5347.9324,-62.1126,163,161,0.01048063,0.59432773,-0.00425923,0.01048063,62.1126,5926.4218,OK,0.0000,-2.4845,4.0000,96.0000,AG03-UNRESOLVED,ALL5_LEVELS_bet23_to_bet27,-2.4845,-2.4845,-2.4845,-2.4845,-2.4845,4.000000,4.000000,4.000000,4.000000,4.000000,96.000000,96.000000,96.000000,96.000000,96.000000,5.0,-12.4225,-11.4677,-49.6901,-50.6449,PENDING_AG03,FALSE,NOT_FOR_ENFORCEMENT,-59.6281,5134.0151,-62.1126,-59.6281,-2.4845,-0.01048063,-0.01006140,-2.4845,-59.6281,-0.01006140,-2.4845,-2.4845,-2.4845,-2.4845,-2.4845,-59.6281,-0.01006140,-12.4225,-11.4677,-49.6901,-50.6449,-0.00838450,-0.00854562,-0.00041923,36.3584,33.2170,-0.3858,-5.1761,-2.3005,493.8685,13.4167,24.3224,36.8184,10.5412,12.6494,50.1702,105.031,105.031,210.062,10.5412,0.0,8.303224,16.606448,2.874315,16,30,10,3,0.02462442,-0.01048063,-0.59432773,0E-8,0.000000,0.902388,0.000000,0.59858696,2026-04-09,2026-07-23,12,27,27,106,0.113208,0.660606,0.668963,0.082081,,,,,,,,GLOBAL_BASELINE_NO_ENTITY_RANKING,,,NOT_APPLICABLE_GLOBAL_BASELINE,HF9g-P5,,,,X 全窗基线 · 不参与实体赏罚,3923195,393,A168_HF9F_20260827_0900,2026-08-27 09:00:00
2026-04-18,148408944,1307,0,5.9030632682,-5.9030632682,-5.9030632682,0E-7,1,1,0.50665070000000000,0.506650700000,-1.013391052207602,-1.013391052207602,-1.013391052207602,0E-17,ELIGIBLE,R03b_20260811_FULL_v1,L1_ELIGIBILITY,v2026-08-11,2026-03-21..2026-08-06,baccarat_bet02_101_all_pairs_incl_sentinel,round_win = game_pnl > 0 (decisive only),COMPATIBILITY_ONLY_NOT_PRODUCTION,5926.4218,5347.9324,-62.1126,163,161,0.01048063,0.59432773,-0.00425923,0.01048063,62.1126,5926.4218,OK,0.0000,-2.4845,4.0000,96.0000,AG03-UNRESOLVED,ALL5_LEVELS_bet23_to_bet27,-2.4845,-2.4845,-2.4845,-2.4845,-2.4845,4.000000,4.000000,4.000000,4.000000,4.000000,96.000000,96.000000,96.000000,96.000000,96.000000,5.0,-12.4225,-11.4677,-49.6901,-50.6449,PENDING_AG03,FALSE,NOT_FOR_ENFORCEMENT,-59.6281,5134.0151,-62.1126,-59.6281,-2.4845,-0.01048063,-0.01006140,-2.4845,-59.6281,-0.01006140,-2.4845,-2.4845,-2.4845,-2.4845,-2.4845,-59.6281,-0.01006140,-12.4225,-11.4677,-49.6901,-50.6449,-0.00838450,-0.00854562,-0.00041923,36.3584,33.2170,-0.3858,-5.1761,-2.3005,493.8685,13.4167,24.3224,36.8184,10.5412,12.6494,50.1702,105.031,105.031,210.062,10.5412,0.0,8.303224,16.606448,2.874315,16,30,10,3,0.02462442,-0.01048063,-0.59432773,0E-8,0.000000,0.902388,0.000000,0.59858696,2026-04-09,2026-07-23,12,27,27,106,0.113208,0.660606,0.668963,0.082081,,,,,,,,GLOBAL_BASELINE_NO_ENTITY_RANKING,,,NOT_APPLICABLE_GLOBAL_BASELINE,HF9g-P5,,,,X 全窗基线 · 不参与实体赏罚,3923196,393,A168_HF9F_20260827_0900,2026-08-27 09:00:00
2026-04-18,148408944,2145,0,23.4014293846,-23.4014293846,-23.4014293846,0E-7,2,2,0.49994810000000000,0.499948100000,-1.4140667746232096,-1.4140667746232096,-1.4140667746232096,0E-17,ELIGIBLE,R03b_20260811_FULL_v1,L1_ELIGIBILITY,v2026-08-11,2026-03-21..2026-08-06,baccarat_bet02_101_all_pairs_incl_sentinel,round_win = game_pnl > 0 (decisive only),COMPATIBILITY_ONLY_NOT_PRODUCTION,5926.4218,5347.9324,-62.1126,163,161,0.01048063,0.59432773,-0.00425923,0.01048063,62.1126,5926.4218,OK,0.0000,-2.4845,4.0000,96.0000,AG03-UNRESOLVED,ALL5_LEVELS_bet23_to_bet27,-2.4845,-2.4845,-2.4845,-2.4845,-2.4845,4.000000,4.000000,4.000000,4.000000,4.000000,96.000000,96.000000,96.000000,96.000000,96.000000,5.0,-12.4225,-11.4677,-49.6901,-50.6449,PENDING_AG03,FALSE,NOT_FOR_ENFORCEMENT,-59.6281,5134.0151,-62.1126,-59.6281,-2.4845,-0.01048063,-0.01006140,-2.4845,-59.6281,-0.01006140,-2.4845,-2.4845,-2.4845,-2.4845,-2.4845,-59.6281,-0.01006140,-12.4225,-11.4677,-49.6901,-50.6449,-0.00838450,-0.00854562,-0.00041923,36.3584,33.2170,-0.3858,-5.1761,-2.3005,493.8685,13.4167,24.3224,36.8184,10.5412,12.6494,50.1702,105.031,105.031,210.062,10.5412,0.0,8.303224,16.606448,2.874315,16,30,10,3,0.02462442,-0.01048063,-0.59432773,0E-8,0.000000,0.902388,0.000000,0.59858696,2026-04-09,2026-07-23,12,27,27,106,0.113208,0.660606,0.668963,0.082081,,,,,,,,GLOBAL_BASELINE_NO_ENTITY_RANKING,,,NOT_APPLICABLE_GLOBAL_BASELINE,HF9g-P5,,,,X 全窗基线 · 不参与实体赏罚,3923197,393,A168_HF9F_20260827_0900,2026-08-27 09:00:00
2026-04-18,148408944,2153,0,163.3883583162,21.0823688149,21.0823688149,0.5294118,19,19,0.49606764736842105,0.496067647368,0.2749711396581012,0.2749711396615752,0.2749711396581012,4.2105E-13,ELIGIBLE,R03b_20260811_FULL_v1,L1_ELIGIBILITY,v2026-08-11,2026-03-21..2026-08-06,baccarat_bet02_101_all_pairs_incl_sentinel,round_win = game_pnl > 0 (decisive only),COMPATIBILITY_ONLY_NOT_PRODUCTION,5926.4218,5347.9324,-62.1126,163,161,0.01048063,0.59432773,-0.00425923,0.01048063,62.1126,5926.4218,OK,0.0000,-2.4845,4.0000,96.0000,AG03-UNRESOLVED,ALL5_LEVELS_bet23_to_bet27,-2.4845,-2.4845,-2.4845,-2.4845,-2.4845,4.000000,4.000000,4.000000,4.000000,4.000000,96.000000,96.000000,96.000000,96.000000,96.000000,5.0,-12.4225,-11.4677,-49.6901,-50.6449,PENDING_AG03,FALSE,NOT_FOR_ENFORCEMENT,-59.6281,5134.0151,-62.1126,-59.6281,-2.4845,-0.01048063,-0.01006140,-2.4845,-59.6281,-0.01006140,-2.4845,-2.4845,-2.4845,-2.4845,-2.4845,-59.6281,-0.01006140,-12.4225,-11.4677,-49.6901,-50.6449,-0.00838450,-0.00854562,-0.00041923,36.3584,33.2170,-0.3858,-5.1761,-2.3005,493.8685,13.4167,24.3224,36.8184,10.5412,12.6494,50.1702,105.031,105.031,210.062,10.5412,0.0,8.303224,16.606448,2.874315,16,30,10,3,0.02462442,-0.01048063,-0.59432773,0E-8,0.000000,0.902388,0.000000,0.59858696,2026-04-09,2026-07-23,12,27,27,106,0.113208,0.660606,0.668963,0.082081,,,,,,,,GLOBAL_BASELINE_NO_ENTITY_RANKING,,,NOT_APPLICABLE_GLOBAL_BASELINE,HF9g-P5,,,,X 全窗基线 · 不参与实体赏罚,3923198,393,A168_HF9F_20260827_0900,2026-08-27 09:00:00
2026-04-18,148408944,2239,0,22.9797820083,5.9030632681,5.9030632681,0.6000000,5,5,0.49860758000000000,0.498607580000,0.4534424453485946,0.4534424453485946,0.4534424453485946,0E-17,ELIGIBLE,R03b_20260811_FULL_v1,L1_ELIGIBILITY,v2026-08-11,2026-03-21..2026-08-06,baccarat_bet02_101_all_pairs_incl_sentinel,round_win = game_pnl > 0 (decisive only),COMPATIBILITY_ONLY_NOT_PRODUCTION,5926.4218,5347.9324,-62.1126,163,161,0.01048063,0.59432773,-0.00425923,0.01048063,62.1126,5926.4218,OK,0.0000,-2.4845,4.0000,96.0000,AG03-UNRESOLVED,ALL5_LEVELS_bet23_to_bet27,-2.4845,-2.4845,-2.4845,-2.4845,-2.4845,4.000000,4.000000,4.000000,4.000000,4.000000,96.000000,96.000000,96.000000,96.000000,96.000000,5.0,-12.4225,-11.4677,-49.6901,-50.6449,PENDING_AG03,FALSE,NOT_FOR_ENFORCEMENT,-59.6281,5134.0151,-62.1126,-59.6281,-2.4845,-0.01048063,-0.01006140,-2.4845,-59.6281,-0.01006140,-2.4845,-2.4845,-2.4845,-2.4845,-2.4845,-59.6281,-0.01006140,-12.4225,-11.4677,-49.6901,-50.6449,-0.00838450,-0.00854562,-0.00041923,36.3584,33.2170,-0.3858,-5.1761,-2.3005,493.8685,13.4167,24.3224,36.8184,10.5412,12.6494,50.1702,105.031,105.031,210.062,10.5412,0.0,8.303224,16.606448,2.874315,16,30,10,3,0.02462442,-0.01048063,-0.59432773,0E-8,0.000000,0.902388,0.000000,0.59858696,2026-04-09,2026-07-23,12,27,27,106,0.113208,0.660606,0.668963,0.082081,,,,,,,,GLOBAL_BASELINE_NO_ENTITY_RANKING,,,NOT_APPLICABLE_GLOBAL_BASELINE,HF9g-P5,,,,X 全窗基线 · 不参与实体赏罚,3923199,393,A168_HF9F_20260827_0900,2026-08-27 09:00:00
2026-04-18,148408944,2248,0,52.7059220375,-10.5411844075,-10.5411844075,0.4000000,5,5,0.49592654000000000,0.495926540000,-0.42901076602576227,-0.42901076602576227,-0.42901076602576227,0E-17,ELIGIBLE,R03b_20260811_FULL_v1,L1_ELIGIBILITY,v2026-08-11,2026-03-21..2026-08-06,baccarat_bet02_101_all_pairs_incl_sentinel,round_win = game_pnl > 0 (decisive only),COMPATIBILITY_ONLY_NOT_PRODUCTION,5926.4218,5347.9324,-62.1126,163,161,0.01048063,0.59432773,-0.00425923,0.01048063,62.1126,5926.4218,OK,0.0000,-2.4845,4.0000,96.0000,AG03-UNRESOLVED,ALL5_LEVELS_bet23_to_bet27,-2.4845,-2.4845,-2.4845,-2.4845,-2.4845,4.000000,4.000000,4.000000,4.000000,4.000000,96.000000,96.000000,96.000000,96.000000,96.000000,5.0,-12.4225,-11.4677,-49.6901,-50.6449,PENDING_AG03,FALSE,NOT_FOR_ENFORCEMENT,-59.6281,5134.0151,-62.1126,-59.6281,-2.4845,-0.01048063,-0.01006140,-2.4845,-59.6281,-0.01006140,-2.4845,-2.4845,-2.4845,-2.4845,-2.4845,-59.6281,-0.01006140,-12.4225,-11.4677,-49.6901,-50.6449,-0.00838450,-0.00854562,-0.00041923,36.3584,33.2170,-0.3858,-5.1761,-2.3005,493.8685,13.4167,24.3224,36.8184,10.5412,12.6494,50.1702,105.031,105.031,210.062,10.5412,0.0,8.303224,16.606448,2.874315,16,30,10,3,0.02462442,-0.01048063,-0.59432773,0E-8,0.000000,0.902388,0.000000,0.59858696,2026-04-09,2026-07-23,12,27,27,106,0.113208,0.660606,0.668963,0.082081,,,,,,,,GLOBAL_BASELINE_NO_ENTITY_RANKING,,,NOT_APPLICABLE_GLOBAL_BASELINE,HF9g-P5,,,,X 全窗基线 · 不参与实体赏罚,3923200,393,A168_HF9F_20260827_0900,2026-08-27 09:00:00
2026-04-30,148408944,1078,0,42.1647376300,-21.0823688150,-21.0823688150,0.2500000,4,4,0.49659680000000000,0.496596800000,-0.9864100490137353,-0.9864100490137354,-0.9864100490137353,0E-17,ELIGIBLE,R03b_20260811_FULL_v1,L1_ELIGIBILITY,v2026-08-11,2026-03-21..2026-08-06,baccarat_bet02_101_all_pairs_incl_sentinel,round_win = game_pnl > 0 (decisive only),COMPATIBILITY_ONLY_NOT_PRODUCTION,5926.4218,5347.9324,-62.1126,163,161,0.01048063,0.59432773,-0.00425923,0.01048063,62.1126,5926.4218,OK,0.0000,-2.4845,4.0000,96.0000,AG03-UNRESOLVED,ALL5_LEVELS_bet23_to_bet27,-2.4845,-2.4845,-2.4845,-2.4845,-2.4845,4.000000,4.000000,4.000000,4.000000,4.000000,96.000000,96.000000,96.000000,96.000000,96.000000,5.0,-12.4225,-11.4677,-49.6901,-50.6449,PENDING_AG03,FALSE,NOT_FOR_ENFORCEMENT,-59.6281,5134.0151,-62.1126,-59.6281,-2.4845,-0.01048063,-0.01006140,-2.4845,-59.6281,-0.01006140,-2.4845,-2.4845,-2.4845,-2.4845,-2.4845,-59.6281,-0.01006140,-12.4225,-11.4677,-49.6901,-50.6449,-0.00838450,-0.00854562,-0.00041923,36.3584,33.2170,-0.3858,-5.1761,-2.3005,493.8685,13.4167,24.3224,36.8184,10.5412,12.6494,50.1702,105.031,105.031,210.062,10.5412,0.0,8.303224,16.606448,2.874315,16,30,10,3,0.02462442,-0.01048063,-0.59432773,0E-8,0.000000,0.902388,0.000000,0.59858696,2026-04-09,2026-07-23,12,27,27,106,0.113208,0.660606,0.668963,0.082081,,,,,,,,GLOBAL_BASELINE_NO_ENTITY_RANKING,,,NOT_APPLICABLE_GLOBAL_BASELINE,HF9g-P5,,,,X 全窗基线 · 不参与实体赏罚,3923201,393,A168_HF9F_20260827_0900,2026-08-27 09:00:00
2026-05-03,148408944,2142,0,11.1332843189,-11.1332843189,-11.1332843189,0E-7,1,1,0.49324550000000000,0.493245500000,-0.9865810262130424,-0.9865810262130424,-0.9865810262130424,0E-17,ELIGIBLE,R03b_20260811_FULL_v1,L1_ELIGIBILITY,v2026-08-11,2026-03-21..2026-08-06,baccarat_bet02_101_all_pairs_incl_sentinel,round_win = game_pnl > 0 (decisive only),COMPATIBILITY_ONLY_NOT_PRODUCTION,5926.4218,5347.9324,-62.1126,163,161,0.01048063,0.59432773,-0.00425923,0.01048063,62.1126,5926.4218,OK,0.0000,-2.4845,4.0000,96.0000,AG03-UNRESOLVED,ALL5_LEVELS_bet23_to_bet27,-2.4845,-2.4845,-2.4845,-2.4845,-2.4845,4.000000,4.000000,4.000000,4.000000,4.000000,96.000000,96.000000,96.000000,96.000000,96.000000,5.0,-12.4225,-11.4677,-49.6901,-50.6449,PENDING_AG03,FALSE,NOT_FOR_ENFORCEMENT,-59.6281,5134.0151,-62.1126,-59.6281,-2.4845,-0.01048063,-0.01006140,-2.4845,-59.6281,-0.01006140,-2.4845,-2.4845,-2.4845,-2.4845,-2.4845,-59.6281,-0.01006140,-12.4225,-11.4677,-49.6901,-50.6449,-0.00838450,-0.00854562,-0.00041923,36.3584,33.2170,-0.3858,-5.1761,-2.3005,493.8685,13.4167,24.3224,36.8184,10.5412,12.6494,50.1702,105.031,105.031,210.062,10.5412,0.0,8.303224,16.606448,2.874315,16,30,10,3,0.02462442,-0.01048063,-0.59432773,0E-8,0.000000,0.902388,0.000000,0.59858696,2026-04-09,2026-07-23,12,27,27,106,0.113208,0.660606,0.668963,0.082081,,,,,,,,GLOBAL_BASELINE_NO_ENTITY_RANKING,,,NOT_APPLICABLE_GLOBAL_BASELINE,HF9g-P5,,,,X 全窗基线 · 不参与实体赏罚,3923202,393,A168_HF9F_20260827_0900,2026-08-27 09:00:00
2026-05-12,148408944,-1,1,37.3910303540,-37.3910303540,-37.3910303540,0E-7,1,1,0.49324550000000000,0.493245500000,-0.9865810262130424,-0.9865810262130424,-0.9865810262130424,0E-17,SENTINEL_DEALER,R03b_20260811_FULL_v1,L1_ELIGIBILITY,v2026-08-11,2026-03-21..2026-08-06,baccarat_bet02_101_all_pairs_incl_sentinel,round_win = game_pnl > 0 (decisive only),COMPATIBILITY_ONLY_NOT_PRODUCTION,5926.4218,5347.9324,-62.1126,163,161,0.01048063,0.59432773,-0.00425923,0.01048063,62.1126,5926.4218,OK,0.0000,-2.4845,4.0000,96.0000,AG03-UNRESOLVED,ALL5_LEVELS_bet23_to_bet27,-2.4845,-2.4845,-2.4845,-2.4845,-2.4845,4.000000,4.000000,4.000000,4.000000,4.000000,96.000000,96.000000,96.000000,96.000000,96.000000,5.0,-12.4225,-11.4677,-49.6901,-50.6449,PENDING_AG03,FALSE,NOT_FOR_ENFORCEMENT,-59.6281,5134.0151,-62.1126,-59.6281,-2.4845,-0.01048063,-0.01006140,-2.4845,-59.6281,-0.01006140,-2.4845,-2.4845,-2.4845,-2.4845,-2.4845,-59.6281,-0.01006140,-12.4225,-11.4677,-49.6901,-50.6449,-0.00838450,-0.00854562,-0.00041923,36.3584,33.2170,-0.3858,-5.1761,-2.3005,493.8685,13.4167,24.3224,36.8184,10.5412,12.6494,50.1702,105.031,105.031,210.062,10.5412,0.0,8.303224,16.606448,2.874315,16,30,10,3,0.02462442,-0.01048063,-0.59432773,0E-8,0.000000,0.902388,0.000000,0.59858696,2026-04-09,2026-07-23,12,27,27,106,0.113208,0.660606,0.668963,0.082081,,,,,,,,GLOBAL_BASELINE_NO_ENTITY_RANKING,,,NOT_APPLICABLE_GLOBAL_BASELINE,HF9g-P5,,,,X 全窗基线 · 不参与实体赏罚,3923203,393,A168_HF9F_20260827_0900,2026-08-27 09:00:00
2026-05-12,148408944,1004,0,315.0929524209,315.0929524209,315.0929524209,1.0000000,3,3,0.49324550000000000,0.493245500000,1.755609282511032,1.7556092825110319,1.755609282511032,0E-17,ELIGIBLE,R03b_20260811_FULL_v1,L1_ELIGIBILITY,v2026-08-11,2026-03-21..2026-08-06,baccarat_bet02_101_all_pairs_incl_sentinel,round_win = game_pnl > 0 (decisive only),COMPATIBILITY_ONLY_NOT_PRODUCTION,5926.4218,5347.9324,-62.1126,163,161,0.01048063,0.59432773,-0.00425923,0.01048063,62.1126,5926.4218,OK,0.0000,-2.4845,4.0000,96.0000,AG03-UNRESOLVED,ALL5_LEVELS_bet23_to_bet27,-2.4845,-2.4845,-2.4845,-2.4845,-2.4845,4.000000,4.000000,4.000000,4.000000,4.000000,96.000000,96.000000,96.000000,96.000000,96.000000,5.0,-12.4225,-11.4677,-49.6901,-50.6449,PENDING_AG03,FALSE,NOT_FOR_ENFORCEMENT,-59.6281,5134.0151,-62.1126,-59.6281,-2.4845,-0.01048063,-0.01006140,-2.4845,-59.6281,-0.01006140,-2.4845,-2.4845,-2.4845,-2.4845,-2.4845,-59.6281,-0.01006140,-12.4225,-11.4677,-49.6901,-50.6449,-0.00838450,-0.00854562,-0.00041923,36.3584,33.2170,-0.3858,-5.1761,-2.3005,493.8685,13.4167,24.3224,36.8184,10.5412,12.6494,50.1702,105.031,105.031,210.062,10.5412,0.0,8.303224,16.606448,2.874315,16,30,10,3,0.02462442,-0.01048063,-0.59432773,0E-8,0.000000,0.902388,0.000000,0.59858696,2026-04-09,2026-07-23,12,27,27,106,0.113208,0.660606,0.668963,0.082081,,,,,,,,GLOBAL_BASELINE_NO_ENTITY_RANKING,,,NOT_APPLICABLE_GLOBAL_BASELINE,HF9g-P5,,,,X 全窗基线 · 不参与实体赏罚,3923204,393,A168_HF9F_20260827_0900,2026-08-27 09:00:00
2026-05-12,148408944,1109,0,252.0743619366,-42.0123936561,-42.0123936561,0.4000000,6,6,0.49547970000000000,0.495479700000,-0.42701565021644644,-0.42701565021644644,-0.42701565021644644,0E-17,ELIGIBLE,R03b_20260811_FULL_v1,L1_ELIGIBILITY,v2026-08-11,2026-03-21..2026-08-06,baccarat_bet02_101_all_pairs_incl_sentinel,round_win = game_pnl > 0 (decisive only),COMPATIBILITY_ONLY_NOT_PRODUCTION,5926.4218,5347.9324,-62.1126,163,161,0.01048063,0.59432773,-0.00425923,0.01048063,62.1126,5926.4218,OK,0.0000,-2.4845,4.0000,96.0000,AG03-UNRESOLVED,ALL5_LEVELS_bet23_to_bet27,-2.4845,-2.4845,-2.4845,-2.4845,-2.4845,4.000000,4.000000,4.000000,4.000000,4.000000,96.000000,96.000000,96.000000,96.000000,96.000000,5.0,-12.4225,-11.4677,-49.6901,-50.6449,PENDING_AG03,FALSE,NOT_FOR_ENFORCEMENT,-59.6281,5134.0151,-62.1126,-59.6281,-2.4845,-0.01048063,-0.01006140,-2.4845,-59.6281,-0.01006140,-2.4845,-2.4845,-2.4845,-2.4845,-2.4845,-59.6281,-0.01006140,-12.4225,-11.4677,-49.6901,-50.6449,-0.00838450,-0.00854562,-0.00041923,36.3584,33.2170,-0.3858,-5.1761,-2.3005,493.8685,13.4167,24.3224,36.8184,10.5412,12.6494,50.1702,105.031,105.031,210.062,10.5412,0.0,8.303224,16.606448,2.874315,16,30,10,3,0.02462442,-0.01048063,-0.59432773,0E-8,0.000000,0.902388,0.000000,0.59858696,2026-04-09,2026-07-23,12,27,27,106,0.113208,0.660606,0.668963,0.082081,,,,,,,,GLOBAL_BASELINE_NO_ENTITY_RANKING,,,NOT_APPLICABLE_GLOBAL_BASELINE,HF9g-P5,,,,X 全窗基线 · 不参与实体赏罚,3923205,393,A168_HF9F_20260827_0900,2026-08-27 09:00:00
2026-05-12,148408944,2106,0,1196.0928473900,188.9507404685,188.9507404685,0.6363636,26,25,0.48902610200000000,0.489026102000,1.382481601161827,1.382481601161827,1.382481601161827,0E-17,ELIGIBLE,R03b_20260811_FULL_v1,L1_ELIGIBILITY,v2026-08-11,2026-03-21..2026-08-06,baccarat_bet02_101_all_pairs_incl_sentinel,round_win = game_pnl > 0 (decisive only),COMPATIBILITY_ONLY_NOT_PRODUCTION,5926.4218,5347.9324,-62.1126,163,161,0.01048063,0.59432773,-0.00425923,0.01048063,62.1126,5926.4218,OK,0.0000,-2.4845,4.0000,96.0000,AG03-UNRESOLVED,ALL5_LEVELS_bet23_to_bet27,-2.4845,-2.4845,-2.4845,-2.4845,-2.4845,4.000000,4.000000,4.000000,4.000000,4.000000,96.000000,96.000000,96.000000,96.000000,96.000000,5.0,-12.4225,-11.4677,-49.6901,-50.6449,PENDING_AG03,FALSE,NOT_FOR_ENFORCEMENT,-59.6281,5134.0151,-62.1126,-59.6281,-2.4845,-0.01048063,-0.01006140,-2.4845,-59.6281,-0.01006140,-2.4845,-2.4845,-2.4845,-2.4845,-2.4845,-59.6281,-0.01006140,-12.4225,-11.4677,-49.6901,-50.6449,-0.00838450,-0.00854562,-0.00041923,36.3584,33.2170,-0.3858,-5.1761,-2.3005,493.8685,13.4167,24.3224,36.8184,10.5412,12.6494,50.1702,105.031,105.031,210.062,10.5412,0.0,8.303224,16.606448,2.874315,16,30,10,3,0.02462442,-0.01048063,-0.59432773,0E-8,0.000000,0.902388,0.000000,0.59858696,2026-04-09,2026-07-23,12,27,27,106,0.113208,0.660606,0.668963,0.082081,,,,,,,,GLOBAL_BASELINE_NO_ENTITY_RANKING,,,NOT_APPLICABLE_GLOBAL_BASELINE,HF9g-P5,,,,X 全窗基线 · 不参与实体赏罚,3923206,393,A168_HF9F_20260827_0900,2026-08-27 09:00:00
2026-05-12,148408944,2130,0,1343.3462871546,168.0495746245,168.0495746245,0.5833333,14,14,0.49516052857142857,0.495160528571,0.6109077269530331,0.6109077269560077,0.6109077269530331,4.2857E-13,ELIGIBLE,R03b_20260811_FULL_v1,L1_ELIGIBILITY,v2026-08-11,2026-03-21..2026-08-06,baccarat_bet02_101_all_pairs_incl_sentinel,round_win = game_pnl > 0 (decisive only),COMPATIBILITY_ONLY_NOT_PRODUCTION,5926.4218,5347.9324,-62.1126,163,161,0.01048063,0.59432773,-0.00425923,0.01048063,62.1126,5926.4218,OK,0.0000,-2.4845,4.0000,96.0000,AG03-UNRESOLVED,ALL5_LEVELS_bet23_to_bet27,-2.4845,-2.4845,-2.4845,-2.4845,-2.4845,4.000000,4.000000,4.000000,4.000000,4.000000,96.000000,96.000000,96.000000,96.000000,96.000000,5.0,-12.4225,-11.4677,-49.6901,-50.6449,PENDING_AG03,FALSE,NOT_FOR_ENFORCEMENT,-59.6281,5134.0151,-62.1126,-59.6281,-2.4845,-0.01048063,-0.01006140,-2.4845,-59.6281,-0.01006140,-2.4845,-2.4845,-2.4845,-2.4845,-2.4845,-59.6281,-0.01006140,-12.4225,-11.4677,-49.6901,-50.6449,-0.00838450,-0.00854562,-0.00041923,36.3584,33.2170,-0.3858,-5.1761,-2.3005,493.8685,13.4167,24.3224,36.8184,10.5412,12.6494,50.1702,105.031,105.031,210.062,10.5412,0.0,8.303224,16.606448,2.874315,16,30,10,3,0.02462442,-0.01048063,-0.59432773,0E-8,0.000000,0.902388,0.000000,0.59858696,2026-04-09,2026-07-23,12,27,27,106,0.113208,0.660606,0.668963,0.082081,,,,,,,,GLOBAL_BASELINE_NO_ENTITY_RANKING,,,NOT_APPLICABLE_GLOBAL_BASELINE,HF9g-P5,,,,X 全窗基线 · 不参与实体赏罚,3923207,393,A168_HF9F_20260827_0900,2026-08-27 09:00:00
2026-05-12,148408944,2134,0,420.1239365612,-420.1239365612,-420.1239365612,0E-7,2,2,0.49324550000000000,0.493245500000,-1.3952362676504506,-1.3952362676504506,-1.3952362676504506,0E-17,ELIGIBLE,R03b_20260811_FULL_v1,L1_ELIGIBILITY,v2026-08-11,2026-03-21..2026-08-06,baccarat_bet02_101_all_pairs_incl_sentinel,round_win = game_pnl > 0 (decisive only),COMPATIBILITY_ONLY_NOT_PRODUCTION,5926.4218,5347.9324,-62.1126,163,161,0.01048063,0.59432773,-0.00425923,0.01048063,62.1126,5926.4218,OK,0.0000,-2.4845,4.0000,96.0000,AG03-UNRESOLVED,ALL5_LEVELS_bet23_to_bet27,-2.4845,-2.4845,-2.4845,-2.4845,-2.4845,4.000000,4.000000,4.000000,4.000000,4.000000,96.000000,96.000000,96.000000,96.000000,96.000000,5.0,-12.4225,-11.4677,-49.6901,-50.6449,PENDING_AG03,FALSE,NOT_FOR_ENFORCEMENT,-59.6281,5134.0151,-62.1126,-59.6281,-2.4845,-0.01048063,-0.01006140,-2.4845,-59.6281,-0.01006140,-2.4845,-2.4845,-2.4845,-2.4845,-2.4845,-59.6281,-0.01006140,-12.4225,-11.4677,-49.6901,-50.6449,-0.00838450,-0.00854562,-0.00041923,36.3584,33.2170,-0.3858,-5.1761,-2.3005,493.8685,13.4167,24.3224,36.8184,10.5412,12.6494,50.1702,105.031,105.031,210.062,10.5412,0.0,8.303224,16.606448,2.874315,16,30,10,3,0.02462442,-0.01048063,-0.59432773,0E-8,0.000000,0.902388,0.000000,0.59858696,2026-04-09,2026-07-23,12,27,27,106,0.113208,0.660606,0.668963,0.082081,,,,,,,,GLOBAL_BASELINE_NO_ENTITY_RANKING,,,NOT_APPLICABLE_GLOBAL_BASELINE,HF9g-P5,,,,X 全窗基线 · 不参与实体赏罚,3923208,393,A168_HF9F_20260827_0900,2026-08-27 09:00:00
2026-05-12,148408944,2218,0,12.1835941603,-12.1835941603,-12.1835941603,0E-7,1,1,0.50665070000000000,0.506650700000,-1.013391052207602,-1.013391052207602,-1.013391052207602,0E-17,ELIGIBLE,R03b_20260811_FULL_v1,L1_ELIGIBILITY,v2026-08-11,2026-03-21..2026-08-06,baccarat_bet02_101_all_pairs_incl_sentinel,round_win = game_pnl > 0 (decisive only),COMPATIBILITY_ONLY_NOT_PRODUCTION,5926.4218,5347.9324,-62.1126,163,161,0.01048063,0.59432773,-0.00425923,0.01048063,62.1126,5926.4218,OK,0.0000,-2.4845,4.0000,96.0000,AG03-UNRESOLVED,ALL5_LEVELS_bet23_to_bet27,-2.4845,-2.4845,-2.4845,-2.4845,-2.4845,4.000000,4.000000,4.000000,4.000000,4.000000,96.000000,96.000000,96.000000,96.000000,96.000000,5.0,-12.4225,-11.4677,-49.6901,-50.6449,PENDING_AG03,FALSE,NOT_FOR_ENFORCEMENT,-59.6281,5134.0151,-62.1126,-59.6281,-2.4845,-0.01048063,-0.01006140,-2.4845,-59.6281,-0.01006140,-2.4845,-2.4845,-2.4845,-2.4845,-2.4845,-59.6281,-0.01006140,-12.4225,-11.4677,-49.6901,-50.6449,-0.00838450,-0.00854562,-0.00041923,36.3584,33.2170,-0.3858,-5.1761,-2.3005,493.8685,13.4167,24.3224,36.8184,10.5412,12.6494,50.1702,105.031,105.031,210.062,10.5412,0.0,8.303224,16.606448,2.874315,16,30,10,3,0.02462442,-0.01048063,-0.59432773,0E-8,0.000000,0.902388,0.000000,0.59858696,2026-04-09,2026-07-23,12,27,27,106,0.113208,0.660606,0.668963,0.082081,,,,,,,,GLOBAL_BASELINE_NO_ENTITY_RANKING,,,NOT_APPLICABLE_GLOBAL_BASELINE,HF9g-P5,,,,X 全窗基线 · 不参与实体赏罚,3923209,393,A168_HF9F_20260827_0900,2026-08-27 09:00:00
2026-05-28,148408944,2266,0,81.9241676293,-50.9400273080,-50.9400273080,0.2000000,7,6,0.46449367500000000,0.464493675000,-1.1858454414449893,-1.1858454414449893,-1.1858454414449893,0E-17,ELIGIBLE,R03b_20260811_FULL_v1,L1_ELIGIBILITY,v2026-08-11,2026-03-21..2026-08-06,baccarat_bet02_101_all_pairs_incl_sentinel,round_win = game_pnl > 0 (decisive only),COMPATIBILITY_ONLY_NOT_PRODUCTION,5926.4218,5347.9324,-62.1126,163,161,0.01048063,0.59432773,-0.00425923,0.01048063,62.1126,5926.4218,OK,0.0000,-2.4845,4.0000,96.0000,AG03-UNRESOLVED,ALL5_LEVELS_bet23_to_bet27,-2.4845,-2.4845,-2.4845,-2.4845,-2.4845,4.000000,4.000000,4.000000,4.000000,4.000000,96.000000,96.000000,96.000000,96.000000,96.000000,5.0,-12.4225,-11.4677,-49.6901,-50.6449,PENDING_AG03,FALSE,NOT_FOR_ENFORCEMENT,-59.6281,5134.0151,-62.1126,-59.6281,-2.4845,-0.01048063,-0.01006140,-2.4845,-59.6281,-0.01006140,-2.4845,-2.4845,-2.4845,-2.4845,-2.4845,-59.6281,-0.01006140,-12.4225,-11.4677,-49.6901,-50.6449,-0.00838450,-0.00854562,-0.00041923,36.3584,33.2170,-0.3858,-5.1761,-2.3005,493.8685,13.4167,24.3224,36.8184,10.5412,12.6494,50.1702,105.031,105.031,210.062,10.5412,0.0,8.303224,16.606448,2.874315,16,30,10,3,0.02462442,-0.01048063,-0.59432773,0E-8,0.000000,0.902388,0.000000,0.59858696,2026-04-09,2026-07-23,12,27,27,106,0.113208,0.660606,0.668963,0.082081,,,,,,,,GLOBAL_BASELINE_NO_ENTITY_RANKING,,,NOT_APPLICABLE_GLOBAL_BASELINE,HF9g-P5,,,,X 全窗基线 · 不参与实体赏罚,3923210,393,A168_HF9F_20260827_0900,2026-08-27 09:00:00
2026-06-19,148408944,1405,0,568.7223480049,-415.5328915938,-415.5328915938,0.2500000,5,5,0.49860758000000000,0.498607580000,-0.9944341760919779,-0.9944341760919779,-0.9944341760919779,0E-17,ELIGIBLE,R03b_20260811_FULL_v1,L1_ELIGIBILITY,v2026-08-11,2026-03-21..2026-08-06,baccarat_bet02_101_all_pairs_incl_sentinel,round_win = game_pnl > 0 (decisive only),COMPATIBILITY_ONLY_NOT_PRODUCTION,5926.4218,5347.9324,-62.1126,163,161,0.01048063,0.59432773,-0.00425923,0.01048063,62.1126,5926.4218,OK,0.0000,-2.4845,4.0000,96.0000,AG03-UNRESOLVED,ALL5_LEVELS_bet23_to_bet27,-2.4845,-2.4845,-2.4845,-2.4845,-2.4845,4.000000,4.000000,4.000000,4.000000,4.000000,96.000000,96.000000,96.000000,96.000000,96.000000,5.0,-12.4225,-11.4677,-49.6901,-50.6449,PENDING_AG03,FALSE,NOT_FOR_ENFORCEMENT,-59.6281,5134.0151,-62.1126,-59.6281,-2.4845,-0.01048063,-0.01006140,-2.4845,-59.6281,-0.01006140,-2.4845,-2.4845,-2.4845,-2.4845,-2.4845,-59.6281,-0.01006140,-12.4225,-11.4677,-49.6901,-50.6449,-0.00838450,-0.00854562,-0.00041923,36.3584,33.2170,-0.3858,-5.1761,-2.3005,493.8685,13.4167,24.3224,36.8184,10.5412,12.6494,50.1702,105.031,105.031,210.062,10.5412,0.0,8.303224,16.606448,2.874315,16,30,10,3,0.02462442,-0.01048063,-0.59432773,0E-8,0.000000,0.902388,0.000000,0.59858696,2026-04-09,2026-07-23,12,27,27,106,0.113208,0.660606,0.668963,0.082081,,,,,,,,GLOBAL_BASELINE_NO_ENTITY_RANKING,,,NOT_APPLICABLE_GLOBAL_BASELINE,HF9g-P5,,,,X 全窗基线 · 不参与实体赏罚,3923211,393,A168_HF9F_20260827_0900,2026-08-27 09:00:00
2026-06-19,148408944,2246,0,750.0571214923,289.6163512868,289.6163512868,0.6250000,16,16,0.45095558750000000,0.450955587500,1.39910224146829,1.39910224146829,1.39910224146829,0E-17,ELIGIBLE,R03b_20260811_FULL_v1,L1_ELIGIBILITY,v2026-08-11,2026-03-21..2026-08-06,baccarat_bet02_101_all_pairs_incl_sentinel,round_win = game_pnl > 0 (decisive only),COMPATIBILITY_ONLY_NOT_PRODUCTION,5926.4218,5347.9324,-62.1126,163,161,0.01048063,0.59432773,-0.00425923,0.01048063,62.1126,5926.4218,OK,0.0000,-2.4845,4.0000,96.0000,AG03-UNRESOLVED,ALL5_LEVELS_bet23_to_bet27,-2.4845,-2.4845,-2.4845,-2.4845,-2.4845,4.000000,4.000000,4.000000,4.000000,4.000000,96.000000,96.000000,96.000000,96.000000,96.000000,5.0,-12.4225,-11.4677,-49.6901,-50.6449,PENDING_AG03,FALSE,NOT_FOR_ENFORCEMENT,-59.6281,5134.0151,-62.1126,-59.6281,-2.4845,-0.01048063,-0.01006140,-2.4845,-59.6281,-0.01006140,-2.4845,-2.4845,-2.4845,-2.4845,-2.4845,-59.6281,-0.01006140,-12.4225,-11.4677,-49.6901,-50.6449,-0.00838450,-0.00854562,-0.00041923,36.3584,33.2170,-0.3858,-5.1761,-2.3005,493.8685,13.4167,24.3224,36.8184,10.5412,12.6494,50.1702,105.031,105.031,210.062,10.5412,0.0,8.303224,16.606448,2.874315,16,30,10,3,0.02462442,-0.01048063,-0.59432773,0E-8,0.000000,0.902388,0.000000,0.59858696,2026-04-09,2026-07-23,12,27,27,106,0.113208,0.660606,0.668963,0.082081,,,,,,,,GLOBAL_BASELINE_NO_ENTITY_RANKING,,,NOT_APPLICABLE_GLOBAL_BASELINE,HF9g-P5,,,,X 全窗基线 · 不参与实体赏罚,3923212,393,A168_HF9F_20260827_0900,2026-08-27 09:00:00
2026-07-01,148408944,2171,0,31.2717164698,-31.2717164698,-31.2717164698,0E-7,1,1,0.50665070000000000,0.506650700000,-1.013391052207602,-1.013391052207602,-1.013391052207602,0E-17,ELIGIBLE,R03b_20260811_FULL_v1,L1_ELIGIBILITY,v2026-08-11,2026-03-21..2026-08-06,baccarat_bet02_101_all_pairs_incl_sentinel,round_win = game_pnl > 0 (decisive only),COMPATIBILITY_ONLY_NOT_PRODUCTION,5926.4218,5347.9324,-62.1126,163,161,0.01048063,0.59432773,-0.00425923,0.01048063,62.1126,5926.4218,OK,0.0000,-2.4845,4.0000,96.0000,AG03-UNRESOLVED,ALL5_LEVELS_bet23_to_bet27,-2.4845,-2.4845,-2.4845,-2.4845,-2.4845,4.000000,4.000000,4.000000,4.000000,4.000000,96.000000,96.000000,96.000000,96.000000,96.000000,5.0,-12.4225,-11.4677,-49.6901,-50.6449,PENDING_AG03,FALSE,NOT_FOR_ENFORCEMENT,-59.6281,5134.0151,-62.1126,-59.6281,-2.4845,-0.01048063,-0.01006140,-2.4845,-59.6281,-0.01006140,-2.4845,-2.4845,-2.4845,-2.4845,-2.4845,-59.6281,-0.01006140,-12.4225,-11.4677,-49.6901,-50.6449,-0.00838450,-0.00854562,-0.00041923,36.3584,33.2170,-0.3858,-5.1761,-2.3005,493.8685,13.4167,24.3224,36.8184,10.5412,12.6494,50.1702,105.031,105.031,210.062,10.5412,0.0,8.303224,16.606448,2.874315,16,30,10,3,0.02462442,-0.01048063,-0.59432773,0E-8,0.000000,0.902388,0.000000,0.59858696,2026-04-09,2026-07-23,12,27,27,106,0.113208,0.660606,0.668963,0.082081,,,,,,,,GLOBAL_BASELINE_NO_ENTITY_RANKING,,,NOT_APPLICABLE_GLOBAL_BASELINE,HF9g-P5,,,,X 全窗基线 · 不参与实体赏罚,3923213,393,A168_HF9F_20260827_0900,2026-08-27 09:00:00
2026-07-13,148408944,2212,0,5.1097575931,-5.1097575931,-5.1097575931,0E-7,1,1,0.49324550000000000,0.493245500000,-0.9865810262130424,-0.9865810262130424,-0.9865810262130424,0E-17,ELIGIBLE,R03b_20260811_FULL_v1,L1_ELIGIBILITY,v2026-08-11,2026-03-21..2026-08-06,baccarat_bet02_101_all_pairs_incl_sentinel,round_win = game_pnl > 0 (decisive only),COMPATIBILITY_ONLY_NOT_PRODUCTION,5926.4218,5347.9324,-62.1126,163,161,0.01048063,0.59432773,-0.00425923,0.01048063,62.1126,5926.4218,OK,0.0000,-2.4845,4.0000,96.0000,AG03-UNRESOLVED,ALL5_LEVELS_bet23_to_bet27,-2.4845,-2.4845,-2.4845,-2.4845,-2.4845,4.000000,4.000000,4.000000,4.000000,4.000000,96.000000,96.000000,96.000000,96.000000,96.000000,5.0,-12.4225,-11.4677,-49.6901,-50.6449,PENDING_AG03,FALSE,NOT_FOR_ENFORCEMENT,-59.6281,5134.0151,-62.1126,-59.6281,-2.4845,-0.01048063,-0.01006140,-2.4845,-59.6281,-0.01006140,-2.4845,-2.4845,-2.4845,-2.4845,-2.4845,-59.6281,-0.01006140,-12.4225,-11.4677,-49.6901,-50.6449,-0.00838450,-0.00854562,-0.00041923,36.3584,33.2170,-0.3858,-5.1761,-2.3005,493.8685,13.4167,24.3224,36.8184,10.5412,12.6494,50.1702,105.031,105.031,210.062,10.5412,0.0,8.303224,16.606448,2.874315,16,30,10,3,0.02462442,-0.01048063,-0.59432773,0E-8,0.000000,0.902388,0.000000,0.59858696,2026-04-09,2026-07-23,12,27,27,106,0.113208,0.660606,0.668963,0.082081,,,,,,,,GLOBAL_BASELINE_NO_ENTITY_RANKING,,,NOT_APPLICABLE_GLOBAL_BASELINE,HF9g-P5,,,,X 全窗基线 · 不参与实体赏罚,3923214,393,A168_HF9F_20260827_0900,2026-08-27 09:00:00
2026-07-23,148408944,2205,0,129.3790622573,80.9692188203,80.9692188203,1.0000000,4,4,0.49994810000000000,0.499948100000,1.7322306037746105,1.7322306037746105,1.7322306037746105,0E-17,ELIGIBLE,R03b_20260811_FULL_v1,L1_ELIGIBILITY,v2026-08-11,2026-03-21..2026-08-06,baccarat_bet02_101_all_pairs_incl_sentinel,round_win = game_pnl > 0 (decisive only),COMPATIBILITY_ONLY_NOT_PRODUCTION,5926.4218,5347.9324,-62.1126,163,161,0.01048063,0.59432773,-0.00425923,0.01048063,62.1126,5926.4218,OK,0.0000,-2.4845,4.0000,96.0000,AG03-UNRESOLVED,ALL5_LEVELS_bet23_to_bet27,-2.4845,-2.4845,-2.4845,-2.4845,-2.4845,4.000000,4.000000,4.000000,4.000000,4.000000,96.000000,96.000000,96.000000,96.000000,96.000000,5.0,-12.4225,-11.4677,-49.6901,-50.6449,PENDING_AG03,FALSE,NOT_FOR_ENFORCEMENT,-59.6281,5134.0151,-62.1126,-59.6281,-2.4845,-0.01048063,-0.01006140,-2.4845,-59.6281,-0.01006140,-2.4845,-2.4845,-2.4845,-2.4845,-2.4845,-59.6281,-0.01006140,-12.4225,-11.4677,-49.6901,-50.6449,-0.00838450,-0.00854562,-0.00041923,36.3584,33.2170,-0.3858,-5.1761,-2.3005,493.8685,13.4167,24.3224,36.8184,10.5412,12.6494,50.1702,105.031,105.031,210.062,10.5412,0.0,8.303224,16.606448,2.874315,16,30,10,3,0.02462442,-0.01048063,-0.59432773,0E-8,0.000000,0.902388,0.000000,0.59858696,2026-04-09,2026-07-23,12,27,27,106,0.113208,0.660606,0.668963,0.082081,,,,,,,,GLOBAL_BASELINE_NO_ENTITY_RANKING,,,NOT_APPLICABLE_GLOBAL_BASELINE,HF9g-P5,,,,X 全窗基线 · 不参与实体赏罚,3923215,393,A168_HF9F_20260827_0900,2026-08-27 09:00:00
2026-07-23,148408944,598,0,11.4458570085,10.8735641581,10.8735641581,1.0000000,1,1,0.50665070000000000,0.506650700000,0.9867858985152569,0.9867858985152569,0.9867858985152569,0E-17,ELIGIBLE,R03b_20260811_FULL_v1,L1_ELIGIBILITY,v2026-08-11,2026-03-21..2026-08-06,baccarat_bet02_101_all_pairs_incl_sentinel,round_win = game_pnl > 0 (decisive only),COMPATIBILITY_ONLY_NOT_PRODUCTION,5926.4218,5347.9324,-62.1126,163,161,0.01048063,0.59432773,-0.00425923,0.01048063,62.1126,5926.4218,OK,0.0000,-2.4845,4.0000,96.0000,AG03-UNRESOLVED,ALL5_LEVELS_bet23_to_bet27,-2.4845,-2.4845,-2.4845,-2.4845,-2.4845,4.000000,4.000000,4.000000,4.000000,4.000000,96.000000,96.000000,96.000000,96.000000,96.000000,5.0,-12.4225,-11.4677,-49.6901,-50.6449,PENDING_AG03,FALSE,NOT_FOR_ENFORCEMENT,-59.6281,5134.0151,-62.1126,-59.6281,-2.4845,-0.01048063,-0.01006140,-2.4845,-59.6281,-0.01006140,-2.4845,-2.4845,-2.4845,-2.4845,-2.4845,-59.6281,-0.01006140,-12.4225,-11.4677,-49.6901,-50.6449,-0.00838450,-0.00854562,-0.00041923,36.3584,33.2170,-0.3858,-5.1761,-2.3005,493.8685,13.4167,24.3224,36.8184,10.5412,12.6494,50.1702,105.031,105.031,210.062,10.5412,0.0,8.303224,16.606448,2.874315,16,30,10,3,0.02462442,-0.01048063,-0.59432773,0E-8,0.000000,0.902388,0.000000,0.59858696,2026-04-09,2026-07-23,12,27,27,106,0.113208,0.660606,0.668963,0.082081,,,,,,,,GLOBAL_BASELINE_NO_ENTITY_RANKING,,,NOT_APPLICABLE_GLOBAL_BASELINE,HF9g-P5,,,,X 全窗基线 · 不参与实体赏罚,3923216,393,A168_HF9F_20260827_0900,2026-08-27 09:00:00
2026-04-11,144152543,1710,0,210.8236881496,205.5530959459,205.5530959459,1.0000000,2,2,0.49994810000000000,0.499948100000,1.4143603653603398,1.4143603653603398,1.4143603653603398,0E-17,ELIGIBLE,R03b_20260811_FULL_v1,L1_ELIGIBILITY,v2026-08-11,2026-03-21..2026-08-06,baccarat_bet02_101_all_pairs_incl_sentinel,round_win = game_pnl > 0 (decisive only),COMPATIBILITY_ONLY_NOT_PRODUCTION,354.2696,354.2696,-62.1072,3,3,0.17531043,-1.00000000,0.97500000,0.17531043,62.1072,354.2696,THIN_EXPOSURE,0.0000,-2.4843,4.0000,96.0000,AG03-UNRESOLVED,ALL5_LEVELS_bet23_to_bet27,-2.4843,-2.4843,-2.4843,-3.7264,-3.7264,4.000000,4.000000,4.000000,6.000000,6.000000,96.000000,96.000000,96.000000,94.000000,94.000000,5.0,-14.9057,-13.5547,-47.2014,-48.5524,PENDING_AG03,FALSE,NOT_FOR_ENFORCEMENT,-59.6229,340.0988,-62.1072,-59.6229,-2.4843,-0.17531043,-0.16829802,-2.4843,-59.6229,-0.16829802,-2.4843,-2.4843,-2.4843,-3.7264,-3.7264,-59.6229,-0.16829802,-14.9057,-13.5547,-47.2014,-48.5524,-0.13323593,-0.13704941,-0.00701242,118.0899,118.0899,-20.7024,-31.0536,-31.0536,177.1348,1.5000,143.4459,105.4118,105.4118,105.4118,133.9374,143.4459,143.4459,143.4459,105.4118,100.1413,1.360814,1.360814,1.120271,2,2,2,2,0.40490611,-0.17531043,1.00000000,0E-8,0.000000,1.000000,0.000000,-1.97500000,2026-04-11,2026-08-01,2,2,2,113,0.017699,1.360814,1.214718,1.349687,,,,,,,,GLOBAL_BASELINE_NO_ENTITY_RANKING,,,NOT_APPLICABLE_GLOBAL_BASELINE,HF9g-P5,,,,X 全窗基线 · 不参与实体赏罚,3923217,393,A168_HF9F_20260827_0900,2026-08-27 09:00:00
2026-08-01,144152543,1307,0,143.4459350251,-143.4459350251,-143.4459350251,0E-7,1,1,0.49324550000000000,0.493245500000,-0.9865810262130424,-0.9865810262130424,-0.9865810262130424,0E-17,ELIGIBLE,R03b_20260811_FULL_v1,L1_ELIGIBILITY,v2026-08-11,2026-03-21..2026-08-06,baccarat_bet02_101_all_pairs_incl_sentinel,round_win = game_pnl > 0 (decisive only),COMPATIBILITY_ONLY_NOT_PRODUCTION,354.2696,354.2696,-62.1072,3,3,0.17531043,-1.00000000,0.97500000,0.17531043,62.1072,354.2696,THIN_EXPOSURE,0.0000,-2.4843,4.0000,96.0000,AG03-UNRESOLVED,ALL5_LEVELS_bet23_to_bet27,-2.4843,-2.4843,-2.4843,-3.7264,-3.7264,4.000000,4.000000,4.000000,6.000000,6.000000,96.000000,96.000000,96.000000,94.000000,94.000000,5.0,-14.9057,-13.5547,-47.2014,-48.5524,PENDING_AG03,FALSE,NOT_FOR_ENFORCEMENT,-59.6229,340.0988,-62.1072,-59.6229,-2.4843,-0.17531043,-0.16829802,-2.4843,-59.6229,-0.16829802,-2.4843,-2.4843,-2.4843,-3.7264,-3.7264,-59.6229,-0.16829802,-14.9057,-13.5547,-47.2014,-48.5524,-0.13323593,-0.13704941,-0.00701242,118.0899,118.0899,-20.7024,-31.0536,-31.0536,177.1348,1.5000,143.4459,105.4118,105.4118,105.4118,133.9374,143.4459,143.4459,143.4459,105.4118,100.1413,1.360814,1.360814,1.120271,2,2,2,2,0.40490611,-0.17531043,1.00000000,0E-8,0.000000,1.000000,0.000000,-1.97500000,2026-04-11,2026-08-01,2,2,2,113,0.017699,1.360814,1.214718,1.349687,,,,,,,,GLOBAL_BASELINE_NO_ENTITY_RANKING,,,NOT_APPLICABLE_GLOBAL_BASELINE,HF9g-P5,,,,X 全窗基线 · 不参与实体赏罚,3923218,393,A168_HF9F_20260827_0900,2026-08-27 09:00:00
2026-06-19,151782754,1299,0,101.7801134126,36.6616122801,36.6616122801,0.5833333,13,13,0.49633900769230769,0.496339007692,0.6027305247696647,0.6027305247717993,0.6027305247696647,3.0769E-13,ELIGIBLE,R03b_20260811_FULL_v1,L1_ELIGIBILITY,v2026-08-11,2026-03-21..2026-08-06,baccarat_bet02_101_all_pairs_incl_sentinel,round_win = game_pnl > 0 (decisive only),COMPATIBILITY_ONLY_NOT_PRODUCTION,527.5949,481.8977,-62.1066,60,60,0.11771654,,0.11771654,0.11771654,62.1066,527.5949,OK,0.0000,-2.4843,4.0000,96.0000,AG03-UNRESOLVED,ALL5_LEVELS_bet23_to_bet27,-2.4843,-2.4843,-3.1053,-3.7264,-3.7264,4.000000,4.000000,5.000000,6.000000,6.000000,96.000000,96.000000,95.000000,94.000000,94.000000,5.0,-15.5267,-14.0604,-46.5800,-48.0463,PENDING_AG03,FALSE,NOT_FOR_ENFORCEMENT,-59.6224,462.6218,-62.1066,-59.6224,-2.4843,-0.11771654,-0.11300787,-2.4843,-59.6224,-0.11300787,-2.4843,-2.4843,-3.1053,-3.7264,-3.7264,-59.6224,-0.11300787,-15.5267,-14.0604,-46.5800,-48.0463,-0.08828740,-0.09106663,-0.00470866,8.7932,8.0316,-1.0351,-31.0533,-12.4213,263.7974,30.0000,,8.7932,4.1543,10.3857,10.3857,15.5786,20.7715,20.7715,9.3472,3.9466,2.0,2.0,0.846667,4,8,1,2,0E-8,-0.11771654,,0E-8,0.000000,0.913386,0.000000,,2026-06-19,2026-06-20,2,5,6,2,1.000000,,,0.000000,,,,,,,,GLOBAL_BASELINE_NO_ENTITY_RANKING,,,NOT_APPLICABLE_GLOBAL_BASELINE,HF9g-P5,,,,X 全窗基线 · 不参与实体赏罚,3923219,393,A168_HF9F_20260827_0900,2026-08-27 09:00:00
2026-06-19,151782754,1405,0,85.1629520390,-25.4450283531,-25.4450283531,0.3333333,9,9,0.49771390000000000,0.497713900000,-0.8053054414300617,-0.8053054414300617,-0.8053054414300617,0E-17,ELIGIBLE,R03b_20260811_FULL_v1,L1_ELIGIBILITY,v2026-08-11,2026-03-21..2026-08-06,baccarat_bet02_101_all_pairs_incl_sentinel,round_win = game_pnl > 0 (decisive only),COMPATIBILITY_ONLY_NOT_PRODUCTION,527.5949,481.8977,-62.1066,60,60,0.11771654,,0.11771654,0.11771654,62.1066,527.5949,OK,0.0000,-2.4843,4.0000,96.0000,AG03-UNRESOLVED,ALL5_LEVELS_bet23_to_bet27,-2.4843,-2.4843,-3.1053,-3.7264,-3.7264,4.000000,4.000000,5.000000,6.000000,6.000000,96.000000,96.000000,95.000000,94.000000,94.000000,5.0,-15.5267,-14.0604,-46.5800,-48.0463,PENDING_AG03,FALSE,NOT_FOR_ENFORCEMENT,-59.6224,462.6218,-62.1066,-59.6224,-2.4843,-0.11771654,-0.11300787,-2.4843,-59.6224,-0.11300787,-2.4843,-2.4843,-3.1053,-3.7264,-3.7264,-59.6224,-0.11300787,-15.5267,-14.0604,-46.5800,-48.0463,-0.08828740,-0.09106663,-0.00470866,8.7932,8.0316,-1.0351,-31.0533,-12.4213,263.7974,30.0000,,8.7932,4.1543,10.3857,10.3857,15.5786,20.7715,20.7715,9.3472,3.9466,2.0,2.0,0.846667,4,8,1,2,0E-8,-0.11771654,,0E-8,0.000000,0.913386,0.000000,,2026-06-19,2026-06-20,2,5,6,2,1.000000,,,0.000000,,,,,,,,GLOBAL_BASELINE_NO_ENTITY_RANKING,,,NOT_APPLICABLE_GLOBAL_BASELINE,HF9g-P5,,,,X 全窗基线 · 不参与实体赏罚,3923220,393,A168_HF9F_20260827_0900,2026-08-27 09:00:00
2026-06-19,151782754,1509,0,12.4628710302,3.9465758262,3.9465758262,0.6666667,3,3,0.49771390000000000,0.497713900000,0.5852756695216578,0.5852756695216578,0.5852756695216578,0E-17,ELIGIBLE,R03b_20260811_FULL_v1,L1_ELIGIBILITY,v2026-08-11,2026-03-21..2026-08-06,baccarat_bet02_101_all_pairs_incl_sentinel,round_win = game_pnl > 0 (decisive only),COMPATIBILITY_ONLY_NOT_PRODUCTION,527.5949,481.8977,-62.1066,60,60,0.11771654,,0.11771654,0.11771654,62.1066,527.5949,OK,0.0000,-2.4843,4.0000,96.0000,AG03-UNRESOLVED,ALL5_LEVELS_bet23_to_bet27,-2.4843,-2.4843,-3.1053,-3.7264,-3.7264,4.000000,4.000000,5.000000,6.000000,6.000000,96.000000,96.000000,95.000000,94.000000,94.000000,5.0,-15.5267,-14.0604,-46.5800,-48.0463,PENDING_AG03,FALSE,NOT_FOR_ENFORCEMENT,-59.6224,462.6218,-62.1066,-59.6224,-2.4843,-0.11771654,-0.11300787,-2.4843,-59.6224,-0.11300787,-2.4843,-2.4843,-3.1053,-3.7264,-3.7264,-59.6224,-0.11300787,-15.5267,-14.0604,-46.5800,-48.0463,-0.08828740,-0.09106663,-0.00470866,8.7932,8.0316,-1.0351,-31.0533,-12.4213,263.7974,30.0000,,8.7932,4.1543,10.3857,10.3857,15.5786,20.7715,20.7715,9.3472,3.9466,2.0,2.0,0.846667,4,8,1,2,0E-8,-0.11771654,,0E-8,0.000000,0.913386,0.000000,,2026-06-19,2026-06-20,2,5,6,2,1.000000,,,0.000000,,,,,,,,GLOBAL_BASELINE_NO_ENTITY_RANKING,,,NOT_APPLICABLE_GLOBAL_BASELINE,HF9g-P5,,,,X 全窗基线 · 不参与实体赏罚,3923221,393,A168_HF9F_20260827_0900,2026-08-27 09:00:00
2026-06-19,151782754,2209,0,12.4628710302,12.0474419958,12.0474419958,1.0000000,3,3,0.50218230000000000,0.502182300000,1.724507524396475,1.7245075243964754,1.724507524396475,0E-17,ELIGIBLE,R03b_20260811_FULL_v1,L1_ELIGIBILITY,v2026-08-11,2026-03-21..2026-08-06,baccarat_bet02_101_all_pairs_incl_sentinel,round_win = game_pnl > 0 (decisive only),COMPATIBILITY_ONLY_NOT_PRODUCTION,527.5949,481.8977,-62.1066,60,60,0.11771654,,0.11771654,0.11771654,62.1066,527.5949,OK,0.0000,-2.4843,4.0000,96.0000,AG03-UNRESOLVED,ALL5_LEVELS_bet23_to_bet27,-2.4843,-2.4843,-3.1053,-3.7264,-3.7264,4.000000,4.000000,5.000000,6.000000,6.000000,96.000000,96.000000,95.000000,94.000000,94.000000,5.0,-15.5267,-14.0604,-46.5800,-48.0463,PENDING_AG03,FALSE,NOT_FOR_ENFORCEMENT,-59.6224,462.6218,-62.1066,-59.6224,-2.4843,-0.11771654,-0.11300787,-2.4843,-59.6224,-0.11300787,-2.4843,-2.4843,-3.1053,-3.7264,-3.7264,-59.6224,-0.11300787,-15.5267,-14.0604,-46.5800,-48.0463,-0.08828740,-0.09106663,-0.00470866,8.7932,8.0316,-1.0351,-31.0533,-12.4213,263.7974,30.0000,,8.7932,4.1543,10.3857,10.3857,15.5786,20.7715,20.7715,9.3472,3.9466,2.0,2.0,0.846667,4,8,1,2,0E-8,-0.11771654,,0E-8,0.000000,0.913386,0.000000,,2026-06-19,2026-06-20,2,5,6,2,1.000000,,,0.000000,,,,,,,,GLOBAL_BASELINE_NO_ENTITY_RANKING,,,NOT_APPLICABLE_GLOBAL_BASELINE,HF9g-P5,,,,X 全窗基线 · 不参与实体赏罚,3923222,393,A168_HF9F_20260827_0900,2026-08-27 09:00:00
2026-06-19,151782754,2242,0,39.4657582620,-31.1571775752,-31.1571775752,0.2500000,4,4,0.49324550000000000,0.493245500000,-0.9730707933947887,-0.9730707933947887,-0.9730707933947887,0E-17,ELIGIBLE,R03b_20260811_FULL_v1,L1_ELIGIBILITY,v2026-08-11,2026-03-21..2026-08-06,baccarat_bet02_101_all_pairs_incl_sentinel,round_win = game_pnl > 0 (decisive only),COMPATIBILITY_ONLY_NOT_PRODUCTION,527.5949,481.8977,-62.1066,60,60,0.11771654,,0.11771654,0.11771654,62.1066,527.5949,OK,0.0000,-2.4843,4.0000,96.0000,AG03-UNRESOLVED,ALL5_LEVELS_bet23_to_bet27,-2.4843,-2.4843,-3.1053,-3.7264,-3.7264,4.000000,4.000000,5.000000,6.000000,6.000000,96.000000,96.000000,95.000000,94.000000,94.000000,5.0,-15.5267,-14.0604,-46.5800,-48.0463,PENDING_AG03,FALSE,NOT_FOR_ENFORCEMENT,-59.6224,462.6218,-62.1066,-59.6224,-2.4843,-0.11771654,-0.11300787,-2.4843,-59.6224,-0.11300787,-2.4843,-2.4843,-3.1053,-3.7264,-3.7264,-59.6224,-0.11300787,-15.5267,-14.0604,-46.5800,-48.0463,-0.08828740,-0.09106663,-0.00470866,8.7932,8.0316,-1.0351,-31.0533,-12.4213,263.7974,30.0000,,8.7932,4.1543,10.3857,10.3857,15.5786,20.7715,20.7715,9.3472,3.9466,2.0,2.0,0.846667,4,8,1,2,0E-8,-0.11771654,,0E-8,0.000000,0.913386,0.000000,,2026-06-19,2026-06-20,2,5,6,2,1.000000,,,0.000000,,,,,,,,GLOBAL_BASELINE_NO_ENTITY_RANKING,,,NOT_APPLICABLE_GLOBAL_BASELINE,HF9g-P5,,,,X 全窗基线 · 不参与实体赏罚,3923223,393,A168_HF9F_20260827_0900,2026-08-27 09:00:00
2026-06-19,151782754,2272,0,18.6943065452,10.3857258584,10.3857258584,0.6666667,3,3,0.49324550000000000,0.493245500000,0.6008033672792107,0.6008033672792106,0.6008033672792107,0E-17,ELIGIBLE,R03b_20260811_FULL_v1,L1_ELIGIBILITY,v2026-08-11,2026-03-21..2026-08-06,baccarat_bet02_101_all_pairs_incl_sentinel,round_win = game_pnl > 0 (decisive only),COMPATIBILITY_ONLY_NOT_PRODUCTION,527.5949,481.8977,-62.1066,60,60,0.11771654,,0.11771654,0.11771654,62.1066,527.5949,OK,0.0000,-2.4843,4.0000,96.0000,AG03-UNRESOLVED,ALL5_LEVELS_bet23_to_bet27,-2.4843,-2.4843,-3.1053,-3.7264,-3.7264,4.000000,4.000000,5.000000,6.000000,6.000000,96.000000,96.000000,95.000000,94.000000,94.000000,5.0,-15.5267,-14.0604,-46.5800,-48.0463,PENDING_AG03,FALSE,NOT_FOR_ENFORCEMENT,-59.6224,462.6218,-62.1066,-59.6224,-2.4843,-0.11771654,-0.11300787,-2.4843,-59.6224,-0.11300787,-2.4843,-2.4843,-3.1053,-3.7264,-3.7264,-59.6224,-0.11300787,-15.5267,-14.0604,-46.5800,-48.0463,-0.08828740,-0.09106663,-0.00470866,8.7932,8.0316,-1.0351,-31.0533,-12.4213,263.7974,30.0000,,8.7932,4.1543,10.3857,10.3857,15.5786,20.7715,20.7715,9.3472,3.9466,2.0,2.0,0.846667,4,8,1,2,0E-8,-0.11771654,,0E-8,0.000000,0.913386,0.000000,,2026-06-19,2026-06-20,2,5,6,2,1.000000,,,0.000000,,,,,,,,GLOBAL_BASELINE_NO_ENTITY_RANKING,,,NOT_APPLICABLE_GLOBAL_BASELINE,HF9g-P5,,,,X 全窗基线 · 不参与实体赏罚,3923224,393,A168_HF9F_20260827_0900,2026-08-27 09:00:00
2026-06-19,151782754,529,0,58.1600648072,-16.6171613734,-16.6171613734,0.5000000,7,7,0.49516052857142857,0.495160528571,0.023709581855318605,0.023709581857418456,0.023709581855318605,4.2857E-13,ELIGIBLE,R03b_20260811_FULL_v1,L1_ELIGIBILITY,v2026-08-11,2026-03-21..2026-08-06,baccarat_bet02_101_all_pairs_incl_sentinel,round_win = game_pnl > 0 (decisive only),COMPATIBILITY_ONLY_NOT_PRODUCTION,527.5949,481.8977,-62.1066,60,60,0.11771654,,0.11771654,0.11771654,62.1066,527.5949,OK,0.0000,-2.4843,4.0000,96.0000,AG03-UNRESOLVED,ALL5_LEVELS_bet23_to_bet27,-2.4843,-2.4843,-3.1053,-3.7264,-3.7264,4.000000,4.000000,5.000000,6.000000,6.000000,96.000000,96.000000,95.000000,94.000000,94.000000,5.0,-15.5267,-14.0604,-46.5800,-48.0463,PENDING_AG03,FALSE,NOT_FOR_ENFORCEMENT,-59.6224,462.6218,-62.1066,-59.6224,-2.4843,-0.11771654,-0.11300787,-2.4843,-59.6224,-0.11300787,-2.4843,-2.4843,-3.1053,-3.7264,-3.7264,-59.6224,-0.11300787,-15.5267,-14.0604,-46.5800,-48.0463,-0.08828740,-0.09106663,-0.00470866,8.7932,8.0316,-1.0351,-31.0533,-12.4213,263.7974,30.0000,,8.7932,4.1543,10.3857,10.3857,15.5786,20.7715,20.7715,9.3472,3.9466,2.0,2.0,0.846667,4,8,1,2,0E-8,-0.11771654,,0E-8,0.000000,0.913386,0.000000,,2026-06-19,2026-06-20,2,5,6,2,1.000000,,,0.000000,,,,,,,,GLOBAL_BASELINE_NO_ENTITY_RANKING,,,NOT_APPLICABLE_GLOBAL_BASELINE,HF9g-P5,,,,X 全窗基线 · 不参与实体赏罚,3923225,393,A168_HF9F_20260827_0900,2026-08-27 09:00:00
2026-06-20,151782754,1004,0,176.5573395928,49.8514841203,49.8514841203,0.6666667,15,15,0.49682022000000000,0.496820220000,1.3156515240813746,1.3156515240813746,1.3156515240813746,0E-17,ELIGIBLE,R03b_20260811_FULL_v1,L1_ELIGIBILITY,v2026-08-11,2026-03-21..2026-08-06,baccarat_bet02_101_all_pairs_incl_sentinel,round_win = game_pnl > 0 (decisive only),COMPATIBILITY_ONLY_NOT_PRODUCTION,527.5949,481.8977,-62.1066,60,60,0.11771654,,0.11771654,0.11771654,62.1066,527.5949,OK,0.0000,-2.4843,4.0000,96.0000,AG03-UNRESOLVED,ALL5_LEVELS_bet23_to_bet27,-2.4843,-2.4843,-3.1053,-3.7264,-3.7264,4.000000,4.000000,5.000000,6.000000,6.000000,96.000000,96.000000,95.000000,94.000000,94.000000,5.0,-15.5267,-14.0604,-46.5800,-48.0463,PENDING_AG03,FALSE,NOT_FOR_ENFORCEMENT,-59.6224,462.6218,-62.1066,-59.6224,-2.4843,-0.11771654,-0.11300787,-2.4843,-59.6224,-0.11300787,-2.4843,-2.4843,-3.1053,-3.7264,-3.7264,-59.6224,-0.11300787,-15.5267,-14.0604,-46.5800,-48.0463,-0.08828740,-0.09106663,-0.00470866,8.7932,8.0316,-1.0351,-31.0533,-12.4213,263.7974,30.0000,,8.7932,4.1543,10.3857,10.3857,15.5786,20.7715,20.7715,9.3472,3.9466,2.0,2.0,0.846667,4,8,1,2,0E-8,-0.11771654,,0E-8,0.000000,0.913386,0.000000,,2026-06-19,2026-06-20,2,5,6,2,1.000000,,,0.000000,,,,,,,,GLOBAL_BASELINE_NO_ENTITY_RANKING,,,NOT_APPLICABLE_GLOBAL_BASELINE,HF9g-P5,,,,X 全窗基线 · 不参与实体赏罚,3923226,393,A168_HF9F_20260827_0900,2026-08-27 09:00:00
2026-06-20,151782754,1405,0,12.4628710301,12.0474419958,12.0474419958,1.0000000,2,2,0.49994810000000000,0.499948100000,1.4143603653603398,1.4143603653603398,1.4143603653603398,0E-17,ELIGIBLE,R03b_20260811_FULL_v1,L1_ELIGIBILITY,v2026-08-11,2026-03-21..2026-08-06,baccarat_bet02_101_all_pairs_incl_sentinel,round_win = game_pnl > 0 (decisive only),COMPATIBILITY_ONLY_NOT_PRODUCTION,527.5949,481.8977,-62.1066,60,60,0.11771654,,0.11771654,0.11771654,62.1066,527.5949,OK,0.0000,-2.4843,4.0000,96.0000,AG03-UNRESOLVED,ALL5_LEVELS_bet23_to_bet27,-2.4843,-2.4843,-3.1053,-3.7264,-3.7264,4.000000,4.000000,5.000000,6.000000,6.000000,96.000000,96.000000,95.000000,94.000000,94.000000,5.0,-15.5267,-14.0604,-46.5800,-48.0463,PENDING_AG03,FALSE,NOT_FOR_ENFORCEMENT,-59.6224,462.6218,-62.1066,-59.6224,-2.4843,-0.11771654,-0.11300787,-2.4843,-59.6224,-0.11300787,-2.4843,-2.4843,-3.1053,-3.7264,-3.7264,-59.6224,-0.11300787,-15.5267,-14.0604,-46.5800,-48.0463,-0.08828740,-0.09106663,-0.00470866,8.7932,8.0316,-1.0351,-31.0533,-12.4213,263.7974,30.0000,,8.7932,4.1543,10.3857,10.3857,15.5786,20.7715,20.7715,9.3472,3.9466,2.0,2.0,0.846667,4,8,1,2,0E-8,-0.11771654,,0E-8,0.000000,0.913386,0.000000,,2026-06-19,2026-06-20,2,5,6,2,1.000000,,,0.000000,,,,,,,,GLOBAL_BASELINE_NO_ENTITY_RANKING,,,NOT_APPLICABLE_GLOBAL_BASELINE,HF9g-P5,,,,X 全窗基线 · 不参与实体赏罚,3923227,393,A168_HF9F_20260827_0900,2026-08-27 09:00:00
2026-06-20,151782754,2242,0,10.3857258584,10.3857258584,10.3857258584,1.0000000,1,1,0.49324550000000000,0.493245500000,1.01360149184955,1.01360149184955,1.01360149184955,0E-17,ELIGIBLE,R03b_20260811_FULL_v1,L1_ELIGIBILITY,v2026-08-11,2026-03-21..2026-08-06,baccarat_bet02_101_all_pairs_incl_sentinel,round_win = game_pnl > 0 (decisive only),COMPATIBILITY_ONLY_NOT_PRODUCTION,527.5949,481.8977,-62.1066,60,60,0.11771654,,0.11771654,0.11771654,62.1066,527.5949,OK,0.0000,-2.4843,4.0000,96.0000,AG03-UNRESOLVED,ALL5_LEVELS_bet23_to_bet27,-2.4843,-2.4843,-3.1053,-3.7264,-3.7264,4.000000,4.000000,5.000000,6.000000,6.000000,96.000000,96.000000,95.000000,94.000000,94.000000,5.0,-15.5267,-14.0604,-46.5800,-48.0463,PENDING_AG03,FALSE,NOT_FOR_ENFORCEMENT,-59.6224,462.6218,-62.1066,-59.6224,-2.4843,-0.11771654,-0.11300787,-2.4843,-59.6224,-0.11300787,-2.4843,-2.4843,-3.1053,-3.7264,-3.7264,-59.6224,-0.11300787,-15.5267,-14.0604,-46.5800,-48.0463,-0.08828740,-0.09106663,-0.00470866,8.7932,8.0316,-1.0351,-31.0533,-12.4213,263.7974,30.0000,,8.7932,4.1543,10.3857,10.3857,15.5786,20.7715,20.7715,9.3472,3.9466,2.0,2.0,0.846667,4,8,1,2,0E-8,-0.11771654,,0E-8,0.000000,0.913386,0.000000,,2026-06-19,2026-06-20,2,5,6,2,1.000000,,,0.000000,,,,,,,,GLOBAL_BASELINE_NO_ENTITY_RANKING,,,NOT_APPLICABLE_GLOBAL_BASELINE,HF9g-P5,,,,X 全窗基线 · 不参与实体赏罚,3923228,393,A168_HF9F_20260827_0900,2026-08-27 09:00:00
2026-06-19,79416641,1396,0,108.0052459694,62.1030164320,62.1030164320,0.8181818,17,12,0.45498498194389106,0.412935116667,2.418998692874761,2.729806547012779,2.418998692874761,0.04204986527689106,ELIGIBLE,R03b_20260811_FULL_v1,L1_ELIGIBILITY,v2026-08-11,2026-03-21..2026-08-06,baccarat_bet02_101_all_pairs_incl_sentinel,round_win = game_pnl > 0 (decisive only),COMPATIBILITY_ONLY_NOT_PRODUCTION,108.0052,97.7190,-62.1030,17,12,0.57500000,,0.57500000,0.57500000,62.1030,108.0052,THIN_EXPOSURE,0.0000,-2.4841,4.0000,96.0000,AG03-UNRESOLVED,ALL5_LEVELS_bet23_to_bet27,-2.4841,-2.4841,-2.4841,-3.1052,-3.1052,4.000000,4.000000,4.000000,5.000000,5.000000,96.000000,96.000000,96.000000,95.000000,95.000000,5.0,-13.6627,-12.5154,-48.4404,-49.5877,PENDING_AG03,FALSE,NOT_FOR_ENFORCEMENT,-59.6189,93.8103,-62.1030,-59.6189,-2.4841,-0.57500000,-0.55200000,-2.4841,-59.6189,-0.55200000,-2.4841,-2.4841,-2.4841,-3.1052,-3.1052,-59.6189,-0.55200000,-13.6627,-12.5154,-48.4404,-49.5877,-0.44850000,-0.45912269,-0.02300000,6.3532,8.1433,-5.1753,-62.1030,-62.1030,108.0052,12.0000,,6.3532,2.5716,5.1431,8.3575,12.3435,12.8578,12.8578,5.1431,4.886,2.5,2.5,1.235294,1,1,1,5,0E-8,-0.57500000,,0E-8,0.000000,0.904762,0.000000,,2026-06-19,2026-06-19,1,1,1,1,1.000000,,,0.000000,,,,,,,,GLOBAL_BASELINE_NO_ENTITY_RANKING,,,NOT_APPLICABLE_GLOBAL_BASELINE,HF9g-P5,,,,X 全窗基线 · 不参与实体赏罚,3923229,393,A168_HF9F_20260827_0900,2026-08-27 09:00:00
2026-06-20,151832778,1402,0,59.1457299355,6.5574613623,6.5574613623,0.6000000,5,5,0.49860758000000000,0.498607580000,0.4534424453485946,0.4534424453485946,0.4534424453485946,0E-17,ELIGIBLE,R03b_20260811_FULL_v1,L1_ELIGIBILITY,v2026-08-11,2026-03-21..2026-08-06,baccarat_bet02_101_all_pairs_incl_sentinel,round_win = game_pnl > 0 (decisive only),COMPATIBILITY_ONLY_NOT_PRODUCTION,1049.1938,912.9015,-62.1030,69,69,0.05919118,,0.05919118,0.05919118,62.1030,1049.1938,OK,0.0000,-2.4841,4.0000,96.0000,AG03-UNRESOLVED,ALL5_LEVELS_bet23_to_bet27,-2.4841,-2.4841,-3.1052,-3.1052,-3.1052,4.000000,4.000000,5.000000,5.000000,5.000000,96.000000,96.000000,95.000000,95.000000,95.000000,5.0,-14.2837,-13.0319,-47.8193,-49.0711,PENDING_AG03,FALSE,NOT_FOR_ENFORCEMENT,-59.6189,876.3854,-62.1030,-59.6189,-2.4841,-0.05919118,-0.05682353,-2.4841,-59.6189,-0.05682353,-2.4841,-2.4841,-3.1052,-3.1052,-3.1052,-59.6189,-0.05682353,-14.2837,-13.0319,-47.8193,-49.0711,-0.04557721,-0.04677031,-0.00236765,15.2057,13.2305,-0.9000,-20.7010,-5.1753,349.7313,23.0000,,15.2057,12.8578,12.8578,18.0009,25.7155,25.7155,25.7155,12.8578,0.0,2.0,2.0,1.182609,6,13,4,2,0E-8,-0.05919118,,0E-8,0.000000,0.870098,0.000000,,2026-06-20,2026-06-22,3,12,9,3,1.000000,,,0.000000,,,,,,,,GLOBAL_BASELINE_NO_ENTITY_RANKING,,,NOT_APPLICABLE_GLOBAL_BASELINE,HF9g-P5,,,,X 全窗基线 · 不参与实体赏罚,3923230,393,A168_HF9F_20260827_0900,2026-08-27 09:00:00
2026-06-20,151832778,1509,0,77.1466042638,50.7881811403,50.7881811403,0.8333333,6,6,0.49771390000000000,0.497713900000,1.6442099050618135,1.6442099050618135,1.6442099050618135,0E-17,ELIGIBLE,R03b_20260811_FULL_v1,L1_ELIGIBILITY,v2026-08-11,2026-03-21..2026-08-06,baccarat_bet02_101_all_pairs_incl_sentinel,round_win = game_pnl > 0 (decisive only),COMPATIBILITY_ONLY_NOT_PRODUCTION,1049.1938,912.9015,-62.1030,69,69,0.05919118,,0.05919118,0.05919118,62.1030,1049.1938,OK,0.0000,-2.4841,4.0000,96.0000,AG03-UNRESOLVED,ALL5_LEVELS_bet23_to_bet27,-2.4841,-2.4841,-3.1052,-3.1052,-3.1052,4.000000,4.000000,5.000000,5.000000,5.000000,96.000000,96.000000,95.000000,95.000000,95.000000,5.0,-14.2837,-13.0319,-47.8193,-49.0711,PENDING_AG03,FALSE,NOT_FOR_ENFORCEMENT,-59.6189,876.3854,-62.1030,-59.6189,-2.4841,-0.05919118,-0.05682353,-2.4841,-59.6189,-0.05682353,-2.4841,-2.4841,-3.1052,-3.1052,-3.1052,-59.6189,-0.05682353,-14.2837,-13.0319,-47.8193,-49.0711,-0.04557721,-0.04677031,-0.00236765,15.2057,13.2305,-0.9000,-20.7010,-5.1753,349.7313,23.0000,,15.2057,12.8578,12.8578,18.0009,25.7155,25.7155,25.7155,12.8578,0.0,2.0,2.0,1.182609,6,13,4,2,0E-8,-0.05919118,,0E-8,0.000000,0.870098,0.000000,,2026-06-20,2026-06-22,3,12,9,3,1.000000,,,0.000000,,,,,,,,GLOBAL_BASELINE_NO_ENTITY_RANKING,,,NOT_APPLICABLE_GLOBAL_BASELINE,HF9g-P5,,,,X 全窗基线 · 不参与实体赏罚,3923231,393,A168_HF9F_20260827_0900,2026-08-27 09:00:00
2026-06-20,151832778,2169,0,25.7155347546,-25.7155347546,-25.7155347546,0E-7,2,2,0.49324550000000000,0.493245500000,-1.3952362676504506,-1.3952362676504506,-1.3952362676504506,0E-17,ELIGIBLE,R03b_20260811_FULL_v1,L1_ELIGIBILITY,v2026-08-11,2026-03-21..2026-08-06,baccarat_bet02_101_all_pairs_incl_sentinel,round_win = game_pnl > 0 (decisive only),COMPATIBILITY_ONLY_NOT_PRODUCTION,1049.1938,912.9015,-62.1030,69,69,0.05919118,,0.05919118,0.05919118,62.1030,1049.1938,OK,0.0000,-2.4841,4.0000,96.0000,AG03-UNRESOLVED,ALL5_LEVELS_bet23_to_bet27,-2.4841,-2.4841,-3.1052,-3.1052,-3.1052,4.000000,4.000000,5.000000,5.000000,5.000000,96.000000,96.000000,95.000000,95.000000,95.000000,5.0,-14.2837,-13.0319,-47.8193,-49.0711,PENDING_AG03,FALSE,NOT_FOR_ENFORCEMENT,-59.6189,876.3854,-62.1030,-59.6189,-2.4841,-0.05919118,-0.05682353,-2.4841,-59.6189,-0.05682353,-2.4841,-2.4841,-3.1052,-3.1052,-3.1052,-59.6189,-0.05682353,-14.2837,-13.0319,-47.8193,-49.0711,-0.04557721,-0.04677031,-0.00236765,15.2057,13.2305,-0.9000,-20.7010,-5.1753,349.7313,23.0000,,15.2057,12.8578,12.8578,18.0009,25.7155,25.7155,25.7155,12.8578,0.0,2.0,2.0,1.182609,6,13,4,2,0E-8,-0.05919118,,0E-8,0.000000,0.870098,0.000000,,2026-06-20,2026-06-22,3,12,9,3,1.000000,,,0.000000,,,,,,,,GLOBAL_BASELINE_NO_ENTITY_RANKING,,,NOT_APPLICABLE_GLOBAL_BASELINE,HF9g-P5,,,,X 全窗基线 · 不参与实体赏罚,3923232,393,A168_HF9F_20260827_0900,2026-08-27 09:00:00
2026-06-21,151832778,1151,0,61.7172834110,24.4297580168,24.4297580168,0.7500000,4,4,0.50329940000000000,0.503299400000,0.9868238854431842,0.9868238854431842,0.9868238854431842,0E-17,ELIGIBLE,R03b_20260811_FULL_v1,L1_ELIGIBILITY,v2026-08-11,2026-03-21..2026-08-06,baccarat_bet02_101_all_pairs_incl_sentinel,round_win = game_pnl > 0 (decisive only),COMPATIBILITY_ONLY_NOT_PRODUCTION,1049.1938,912.9015,-62.1030,69,69,0.05919118,,0.05919118,0.05919118,62.1030,1049.1938,OK,0.0000,-2.4841,4.0000,96.0000,AG03-UNRESOLVED,ALL5_LEVELS_bet23_to_bet27,-2.4841,-2.4841,-3.1052,-3.1052,-3.1052,4.000000,4.000000,5.000000,5.000000,5.000000,96.000000,96.000000,95.000000,95.000000,95.000000,5.0,-14.2837,-13.0319,-47.8193,-49.0711,PENDING_AG03,FALSE,NOT_FOR_ENFORCEMENT,-59.6189,876.3854,-62.1030,-59.6189,-2.4841,-0.05919118,-0.05682353,-2.4841,-59.6189,-0.05682353,-2.4841,-2.4841,-3.1052,-3.1052,-3.1052,-59.6189,-0.05682353,-14.2837,-13.0319,-47.8193,-49.0711,-0.04557721,-0.04677031,-0.00236765,15.2057,13.2305,-0.9000,-20.7010,-5.1753,349.7313,23.0000,,15.2057,12.8578,12.8578,18.0009,25.7155,25.7155,25.7155,12.8578,0.0,2.0,2.0,1.182609,6,13,4,2,0E-8,-0.05919118,,0E-8,0.000000,0.870098,0.000000,,2026-06-20,2026-06-22,3,12,9,3,1.000000,,,0.000000,,,,,,,,GLOBAL_BASELINE_NO_ENTITY_RANKING,,,NOT_APPLICABLE_GLOBAL_BASELINE,HF9g-P5,,,,X 全窗基线 · 不参与实体赏罚,3923233,393,A168_HF9F_20260827_0900,2026-08-27 09:00:00
2026-06-21,151832778,1330,0,102.8621390181,13.1149227248,13.1149227248,0.5000000,5,5,0.50665070000000000,0.506650700000,-0.02660515369234503,-0.02660515369234503,-0.02660515369234503,0E-17,ELIGIBLE,R03b_20260811_FULL_v1,L1_ELIGIBILITY,v2026-08-11,2026-03-21..2026-08-06,baccarat_bet02_101_all_pairs_incl_sentinel,round_win = game_pnl > 0 (decisive only),COMPATIBILITY_ONLY_NOT_PRODUCTION,1049.1938,912.9015,-62.1030,69,69,0.05919118,,0.05919118,0.05919118,62.1030,1049.1938,OK,0.0000,-2.4841,4.0000,96.0000,AG03-UNRESOLVED,ALL5_LEVELS_bet23_to_bet27,-2.4841,-2.4841,-3.1052,-3.1052,-3.1052,4.000000,4.000000,5.000000,5.000000,5.000000,96.000000,96.000000,95.000000,95.000000,95.000000,5.0,-14.2837,-13.0319,-47.8193,-49.0711,PENDING_AG03,FALSE,NOT_FOR_ENFORCEMENT,-59.6189,876.3854,-62.1030,-59.6189,-2.4841,-0.05919118,-0.05682353,-2.4841,-59.6189,-0.05682353,-2.4841,-2.4841,-3.1052,-3.1052,-3.1052,-59.6189,-0.05682353,-14.2837,-13.0319,-47.8193,-49.0711,-0.04557721,-0.04677031,-0.00236765,15.2057,13.2305,-0.9000,-20.7010,-5.1753,349.7313,23.0000,,15.2057,12.8578,12.8578,18.0009,25.7155,25.7155,25.7155,12.8578,0.0,2.0,2.0,1.182609,6,13,4,2,0E-8,-0.05919118,,0E-8,0.000000,0.870098,0.000000,,2026-06-20,2026-06-22,3,12,9,3,1.000000,,,0.000000,,,,,,,,GLOBAL_BASELINE_NO_ENTITY_RANKING,,,NOT_APPLICABLE_GLOBAL_BASELINE,HF9g-P5,,,,X 全窗基线 · 不参与实体赏罚,3923234,393,A168_HF9F_20260827_0900,2026-08-27 09:00:00
2026-06-21,151832778,1374,0,69.4319438373,-69.4319438373,-69.4319438373,0E-7,4,4,0.50665070000000000,0.506650700000,-2.026782104415204,-2.026782104415204,-2.026782104415204,0E-17,ELIGIBLE,R03b_20260811_FULL_v1,L1_ELIGIBILITY,v2026-08-11,2026-03-21..2026-08-06,baccarat_bet02_101_all_pairs_incl_sentinel,round_win = game_pnl > 0 (decisive only),COMPATIBILITY_ONLY_NOT_PRODUCTION,1049.1938,912.9015,-62.1030,69,69,0.05919118,,0.05919118,0.05919118,62.1030,1049.1938,OK,0.0000,-2.4841,4.0000,96.0000,AG03-UNRESOLVED,ALL5_LEVELS_bet23_to_bet27,-2.4841,-2.4841,-3.1052,-3.1052,-3.1052,4.000000,4.000000,5.000000,5.000000,5.000000,96.000000,96.000000,95.000000,95.000000,95.000000,5.0,-14.2837,-13.0319,-47.8193,-49.0711,PENDING_AG03,FALSE,NOT_FOR_ENFORCEMENT,-59.6189,876.3854,-62.1030,-59.6189,-2.4841,-0.05919118,-0.05682353,-2.4841,-59.6189,-0.05682353,-2.4841,-2.4841,-3.1052,-3.1052,-3.1052,-59.6189,-0.05682353,-14.2837,-13.0319,-47.8193,-49.0711,-0.04557721,-0.04677031,-0.00236765,15.2057,13.2305,-0.9000,-20.7010,-5.1753,349.7313,23.0000,,15.2057,12.8578,12.8578,18.0009,25.7155,25.7155,25.7155,12.8578,0.0,2.0,2.0,1.182609,6,13,4,2,0E-8,-0.05919118,,0E-8,0.000000,0.870098,0.000000,,2026-06-20,2026-06-22,3,12,9,3,1.000000,,,0.000000,,,,,,,,GLOBAL_BASELINE_NO_ENTITY_RANKING,,,NOT_APPLICABLE_GLOBAL_BASELINE,HF9g-P5,,,,X 全窗基线 · 不参与实体赏罚,3923235,393,A168_HF9F_20260827_0900,2026-08-27 09:00:00
2026-06-21,151832778,1490,0,54.0026229845,11.5719906395,11.5719906395,0.6666667,4,4,0.50665070000000000,0.506650700000,0.5543606114942035,0.5543606114942035,0.5543606114942035,0E-17,ELIGIBLE,R03b_20260811_FULL_v1,L1_ELIGIBILITY,v2026-08-11,2026-03-21..2026-08-06,baccarat_bet02_101_all_pairs_incl_sentinel,round_win = game_pnl > 0 (decisive only),COMPATIBILITY_ONLY_NOT_PRODUCTION,1049.1938,912.9015,-62.1030,69,69,0.05919118,,0.05919118,0.05919118,62.1030,1049.1938,OK,0.0000,-2.4841,4.0000,96.0000,AG03-UNRESOLVED,ALL5_LEVELS_bet23_to_bet27,-2.4841,-2.4841,-3.1052,-3.1052,-3.1052,4.000000,4.000000,5.000000,5.000000,5.000000,96.000000,96.000000,95.000000,95.000000,95.000000,5.0,-14.2837,-13.0319,-47.8193,-49.0711,PENDING_AG03,FALSE,NOT_FOR_ENFORCEMENT,-59.6189,876.3854,-62.1030,-59.6189,-2.4841,-0.05919118,-0.05682353,-2.4841,-59.6189,-0.05682353,-2.4841,-2.4841,-3.1052,-3.1052,-3.1052,-59.6189,-0.05682353,-14.2837,-13.0319,-47.8193,-49.0711,-0.04557721,-0.04677031,-0.00236765,15.2057,13.2305,-0.9000,-20.7010,-5.1753,349.7313,23.0000,,15.2057,12.8578,12.8578,18.0009,25.7155,25.7155,25.7155,12.8578,0.0,2.0,2.0,1.182609,6,13,4,2,0E-8,-0.05919118,,0E-8,0.000000,0.870098,0.000000,,2026-06-20,2026-06-22,3,12,9,3,1.000000,,,0.000000,,,,,,,,GLOBAL_BASELINE_NO_ENTITY_RANKING,,,NOT_APPLICABLE_GLOBAL_BASELINE,HF9g-P5,,,,X 全窗基线 · 不参与实体赏罚,3923236,393,A168_HF9F_20260827_0900,2026-08-27 09:00:00
2026-06-21,151832778,2209,0,20.5724278036,-0.5143106951,-0.5143106951,0.5000000,2,2,0.50665070000000000,0.506650700000,-0.018812684590367487,-0.018812684590367487,-0.018812684590367487,0E-17,ELIGIBLE,R03b_20260811_FULL_v1,L1_ELIGIBILITY,v2026-08-11,2026-03-21..2026-08-06,baccarat_bet02_101_all_pairs_incl_sentinel,round_win = game_pnl > 0 (decisive only),COMPATIBILITY_ONLY_NOT_PRODUCTION,1049.1938,912.9015,-62.1030,69,69,0.05919118,,0.05919118,0.05919118,62.1030,1049.1938,OK,0.0000,-2.4841,4.0000,96.0000,AG03-UNRESOLVED,ALL5_LEVELS_bet23_to_bet27,-2.4841,-2.4841,-3.1052,-3.1052,-3.1052,4.000000,4.000000,5.000000,5.000000,5.000000,96.000000,96.000000,95.000000,95.000000,95.000000,5.0,-14.2837,-13.0319,-47.8193,-49.0711,PENDING_AG03,FALSE,NOT_FOR_ENFORCEMENT,-59.6189,876.3854,-62.1030,-59.6189,-2.4841,-0.05919118,-0.05682353,-2.4841,-59.6189,-0.05682353,-2.4841,-2.4841,-3.1052,-3.1052,-3.1052,-59.6189,-0.05682353,-14.2837,-13.0319,-47.8193,-49.0711,-0.04557721,-0.04677031,-0.00236765,15.2057,13.2305,-0.9000,-20.7010,-5.1753,349.7313,23.0000,,15.2057,12.8578,12.8578,18.0009,25.7155,25.7155,25.7155,12.8578,0.0,2.0,2.0,1.182609,6,13,4,2,0E-8,-0.05919118,,0E-8,0.000000,0.870098,0.000000,,2026-06-20,2026-06-22,3,12,9,3,1.000000,,,0.000000,,,,,,,,GLOBAL_BASELINE_NO_ENTITY_RANKING,,,NOT_APPLICABLE_GLOBAL_BASELINE,HF9g-P5,,,,X 全窗基线 · 不参与实体赏罚,3923237,393,A168_HF9F_20260827_0900,2026-08-27 09:00:00
2026-06-21,151832778,2251,0,56.5741764600,-25.7155347545,-25.7155347545,0E-7,3,3,0.49771390000000000,0.497713900000,-0.9954382048786059,-0.995438204878606,-0.9954382048786059,0E-17,ELIGIBLE,R03b_20260811_FULL_v1,L1_ELIGIBILITY,v2026-08-11,2026-03-21..2026-08-06,baccarat_bet02_101_all_pairs_incl_sentinel,round_win = game_pnl > 0 (decisive only),COMPATIBILITY_ONLY_NOT_PRODUCTION,1049.1938,912.9015,-62.1030,69,69,0.05919118,,0.05919118,0.05919118,62.1030,1049.1938,OK,0.0000,-2.4841,4.0000,96.0000,AG03-UNRESOLVED,ALL5_LEVELS_bet23_to_bet27,-2.4841,-2.4841,-3.1052,-3.1052,-3.1052,4.000000,4.000000,5.000000,5.000000,5.000000,96.000000,96.000000,95.000000,95.000000,95.000000,5.0,-14.2837,-13.0319,-47.8193,-49.0711,PENDING_AG03,FALSE,NOT_FOR_ENFORCEMENT,-59.6189,876.3854,-62.1030,-59.6189,-2.4841,-0.05919118,-0.05682353,-2.4841,-59.6189,-0.05682353,-2.4841,-2.4841,-3.1052,-3.1052,-3.1052,-59.6189,-0.05682353,-14.2837,-13.0319,-47.8193,-49.0711,-0.04557721,-0.04677031,-0.00236765,15.2057,13.2305,-0.9000,-20.7010,-5.1753,349.7313,23.0000,,15.2057,12.8578,12.8578,18.0009,25.7155,25.7155,25.7155,12.8578,0.0,2.0,2.0,1.182609,6,13,4,2,0E-8,-0.05919118,,0E-8,0.000000,0.870098,0.000000,,2026-06-20,2026-06-22,3,12,9,3,1.000000,,,0.000000,,,,,,,,GLOBAL_BASELINE_NO_ENTITY_RANKING,,,NOT_APPLICABLE_GLOBAL_BASELINE,HF9g-P5,,,,X 全窗基线 · 不参与实体赏罚,3923238,393,A168_HF9F_20260827_0900,2026-08-27 09:00:00
2026-06-21,151832778,529,0,54.0026229845,6.1717283410,6.1717283410,0.6000000,5,5,0.50665070000000000,0.506650700000,0.4175076967804994,0.4175076967804994,0.4175076967804994,0E-17,ELIGIBLE,R03b_20260811_FULL_v1,L1_ELIGIBILITY,v2026-08-11,2026-03-21..2026-08-06,baccarat_bet02_101_all_pairs_incl_sentinel,round_win = game_pnl > 0 (decisive only),COMPATIBILITY_ONLY_NOT_PRODUCTION,1049.1938,912.9015,-62.1030,69,69,0.05919118,,0.05919118,0.05919118,62.1030,1049.1938,OK,0.0000,-2.4841,4.0000,96.0000,AG03-UNRESOLVED,ALL5_LEVELS_bet23_to_bet27,-2.4841,-2.4841,-3.1052,-3.1052,-3.1052,4.000000,4.000000,5.000000,5.000000,5.000000,96.000000,96.000000,95.000000,95.000000,95.000000,5.0,-14.2837,-13.0319,-47.8193,-49.0711,PENDING_AG03,FALSE,NOT_FOR_ENFORCEMENT,-59.6189,876.3854,-62.1030,-59.6189,-2.4841,-0.05919118,-0.05682353,-2.4841,-59.6189,-0.05682353,-2.4841,-2.4841,-3.1052,-3.1052,-3.1052,-59.6189,-0.05682353,-14.2837,-13.0319,-47.8193,-49.0711,-0.04557721,-0.04677031,-0.00236765,15.2057,13.2305,-0.9000,-20.7010,-5.1753,349.7313,23.0000,,15.2057,12.8578,12.8578,18.0009,25.7155,25.7155,25.7155,12.8578,0.0,2.0,2.0,1.182609,6,13,4,2,0E-8,-0.05919118,,0E-8,0.000000,0.870098,0.000000,,2026-06-20,2026-06-22,3,12,9,3,1.000000,,,0.000000,,,,,,,,GLOBAL_BASELINE_NO_ENTITY_RANKING,,,NOT_APPLICABLE_GLOBAL_BASELINE,HF9g-P5,,,,X 全窗基线 · 不参与实体赏罚,3923239,393,A168_HF9F_20260827_0900,2026-08-27 09:00:00
2026-06-21,151832778,986,0,246.8691336436,41.5305886284,41.5305886284,0.5384615,14,14,0.50090561428571429,0.500905614286,0.2708200648463458,0.2708200648442858,0.2708200648463458,-2.8571E-13,ELIGIBLE,R03b_20260811_FULL_v1,L1_ELIGIBILITY,v2026-08-11,2026-03-21..2026-08-06,baccarat_bet02_101_all_pairs_incl_sentinel,round_win = game_pnl > 0 (decisive only),COMPATIBILITY_ONLY_NOT_PRODUCTION,1049.1938,912.9015,-62.1030,69,69,0.05919118,,0.05919118,0.05919118,62.1030,1049.1938,OK,0.0000,-2.4841,4.0000,96.0000,AG03-UNRESOLVED,ALL5_LEVELS_bet23_to_bet27,-2.4841,-2.4841,-3.1052,-3.1052,-3.1052,4.000000,4.000000,5.000000,5.000000,5.000000,96.000000,96.000000,95.000000,95.000000,95.000000,5.0,-14.2837,-13.0319,-47.8193,-49.0711,PENDING_AG03,FALSE,NOT_FOR_ENFORCEMENT,-59.6189,876.3854,-62.1030,-59.6189,-2.4841,-0.05919118,-0.05682353,-2.4841,-59.6189,-0.05682353,-2.4841,-2.4841,-3.1052,-3.1052,-3.1052,-59.6189,-0.05682353,-14.2837,-13.0319,-47.8193,-49.0711,-0.04557721,-0.04677031,-0.00236765,15.2057,13.2305,-0.9000,-20.7010,-5.1753,349.7313,23.0000,,15.2057,12.8578,12.8578,18.0009,25.7155,25.7155,25.7155,12.8578,0.0,2.0,2.0,1.182609,6,13,4,2,0E-8,-0.05919118,,0E-8,0.000000,0.870098,0.000000,,2026-06-20,2026-06-22,3,12,9,3,1.000000,,,0.000000,,,,,,,,GLOBAL_BASELINE_NO_ENTITY_RANKING,,,NOT_APPLICABLE_GLOBAL_BASELINE,HF9g-P5,,,,X 全窗基线 · 不参与实体赏罚,3923240,393,A168_HF9F_20260827_0900,2026-08-27 09:00:00
2026-06-22,151832778,1004,0,159.4363154784,5.7859953197,5.7859953197,0.5555556,11,11,0.50421339090909091,0.504213390909,0.3080639259830636,0.30806392598360854,0.3080639259830636,9.091E-14,ELIGIBLE,R03b_20260811_FULL_v1,L1_ELIGIBILITY,v2026-08-11,2026-03-21..2026-08-06,baccarat_bet02_101_all_pairs_incl_sentinel,round_win = game_pnl > 0 (decisive only),COMPATIBILITY_ONLY_NOT_PRODUCTION,1049.1938,912.9015,-62.1030,69,69,0.05919118,,0.05919118,0.05919118,62.1030,1049.1938,OK,0.0000,-2.4841,4.0000,96.0000,AG03-UNRESOLVED,ALL5_LEVELS_bet23_to_bet27,-2.4841,-2.4841,-3.1052,-3.1052,-3.1052,4.000000,4.000000,5.000000,5.000000,5.000000,96.000000,96.000000,95.000000,95.000000,95.000000,5.0,-14.2837,-13.0319,-47.8193,-49.0711,PENDING_AG03,FALSE,NOT_FOR_ENFORCEMENT,-59.6189,876.3854,-62.1030,-59.6189,-2.4841,-0.05919118,-0.05682353,-2.4841,-59.6189,-0.05682353,-2.4841,-2.4841,-3.1052,-3.1052,-3.1052,-59.6189,-0.05682353,-14.2837,-13.0319,-47.8193,-49.0711,-0.04557721,-0.04677031,-0.00236765,15.2057,13.2305,-0.9000,-20.7010,-5.1753,349.7313,23.0000,,15.2057,12.8578,12.8578,18.0009,25.7155,25.7155,25.7155,12.8578,0.0,2.0,2.0,1.182609,6,13,4,2,0E-8,-0.05919118,,0E-8,0.000000,0.870098,0.000000,,2026-06-20,2026-06-22,3,12,9,3,1.000000,,,0.000000,,,,,,,,GLOBAL_BASELINE_NO_ENTITY_RANKING,,,NOT_APPLICABLE_GLOBAL_BASELINE,HF9g-P5,,,,X 全窗基线 · 不参与实体赏罚,3923241,393,A168_HF9F_20260827_0900,2026-08-27 09:00:00
2026-06-22,151832778,1205,0,61.7172834110,23.5297143004,23.5297143004,0.7500000,4,4,0.50665070000000000,0.506650700000,0.9734833216690844,0.9734833216690844,0.9734833216690844,0E-17,ELIGIBLE,R03b_20260811_FULL_v1,L1_ELIGIBILITY,v2026-08-11,2026-03-21..2026-08-06,baccarat_bet02_101_all_pairs_incl_sentinel,round_win = game_pnl > 0 (decisive only),COMPATIBILITY_ONLY_NOT_PRODUCTION,1049.1938,912.9015,-62.1030,69,69,0.05919118,,0.05919118,0.05919118,62.1030,1049.1938,OK,0.0000,-2.4841,4.0000,96.0000,AG03-UNRESOLVED,ALL5_LEVELS_bet23_to_bet27,-2.4841,-2.4841,-3.1052,-3.1052,-3.1052,4.000000,4.000000,5.000000,5.000000,5.000000,96.000000,96.000000,95.000000,95.000000,95.000000,5.0,-14.2837,-13.0319,-47.8193,-49.0711,PENDING_AG03,FALSE,NOT_FOR_ENFORCEMENT,-59.6189,876.3854,-62.1030,-59.6189,-2.4841,-0.05919118,-0.05682353,-2.4841,-59.6189,-0.05682353,-2.4841,-2.4841,-3.1052,-3.1052,-3.1052,-59.6189,-0.05682353,-14.2837,-13.0319,-47.8193,-49.0711,-0.04557721,-0.04677031,-0.00236765,15.2057,13.2305,-0.9000,-20.7010,-5.1753,349.7313,23.0000,,15.2057,12.8578,12.8578,18.0009,25.7155,25.7155,25.7155,12.8578,0.0,2.0,2.0,1.182609,6,13,4,2,0E-8,-0.05919118,,0E-8,0.000000,0.870098,0.000000,,2026-06-20,2026-06-22,3,12,9,3,1.000000,,,0.000000,,,,,,,,GLOBAL_BASELINE_NO_ENTITY_RANKING,,,NOT_APPLICABLE_GLOBAL_BASELINE,HF9g-P5,,,,X 全窗基线 · 不参与实体赏罚,3923242,393,A168_HF9F_20260827_0900,2026-08-27 09:00:00
2026-04-30,149351898,2123,0,35.5992984844,35.5992984844,35.5992984844,1.0000000,1,1,0.49324550000000000,0.493245500000,1.01360149184955,1.01360149184955,1.01360149184955,0E-17,ELIGIBLE,R03b_20260811_FULL_v1,L1_ELIGIBILITY,v2026-08-11,2026-03-21..2026-08-06,baccarat_bet02_101_all_pairs_incl_sentinel,round_win = game_pnl > 0 (decisive only),COMPATIBILITY_ONLY_NOT_PRODUCTION,98.1598,62.5605,-62.1025,4,4,0.63266667,,0.63266667,0.63266667,62.1025,98.1598,THIN_EXPOSURE,0.0000,-2.4841,4.0000,96.0000,AG03-UNRESOLVED,ALL5_LEVELS_bet23_to_bet27,-2.4841,-2.4841,-2.4841,-3.1051,-3.1051,4.000000,4.000000,4.000000,5.000000,5.000000,96.000000,96.000000,96.000000,95.000000,95.000000,5.0,-13.6625,-12.5152,-48.4399,-49.5872,PENDING_AG03,FALSE,NOT_FOR_ENFORCEMENT,-59.6184,60.0581,-62.1025,-59.6184,-2.4841,-0.63266667,-0.60736000,-2.4841,-59.6184,-0.60736000,-2.4841,-2.4841,-2.4841,-3.1051,-3.1051,-59.6184,-0.60736000,-13.6625,-12.5152,-48.4399,-49.5872,-0.49348000,-0.50516804,-0.02530667,24.5400,15.6401,-15.5256,-62.1025,-62.1025,98.1598,4.0000,,24.5400,13.4806,26.6995,35.5993,35.5993,35.5993,35.5993,13.4806,13.2516,1.333333,1.333333,0.919118,1,2,1,2,0E-8,-0.63266667,,0E-8,0.000000,0.637333,0.250000,,2026-04-30,2026-04-30,1,1,1,1,1.000000,,,0.000000,,,,,,,,GLOBAL_BASELINE_NO_ENTITY_RANKING,,,NOT_APPLICABLE_GLOBAL_BASELINE,HF9g-P5,,,,X 全窗基线 · 不参与实体赏罚,3923243,393,A168_HF9F_20260827_0900,2026-08-27 09:00:00
2026-04-30,149351898,2145,0,62.5605318954,26.5031542025,26.5031542025,1.0000000,3,3,0.50218230000000000,0.502182300000,1.4080544974538591,1.4080544974538591,1.4080544974538591,0E-17,ELIGIBLE,R03b_20260811_FULL_v1,L1_ELIGIBILITY,v2026-08-11,2026-03-21..2026-08-06,baccarat_bet02_101_all_pairs_incl_sentinel,round_win = game_pnl > 0 (decisive only),COMPATIBILITY_ONLY_NOT_PRODUCTION,98.1598,62.5605,-62.1025,4,4,0.63266667,,0.63266667,0.63266667,62.1025,98.1598,THIN_EXPOSURE,0.0000,-2.4841,4.0000,96.0000,AG03-UNRESOLVED,ALL5_LEVELS_bet23_to_bet27,-2.4841,-2.4841,-2.4841,-3.1051,-3.1051,4.000000,4.000000,4.000000,5.000000,5.000000,96.000000,96.000000,96.000000,95.000000,95.000000,5.0,-13.6625,-12.5152,-48.4399,-49.5872,PENDING_AG03,FALSE,NOT_FOR_ENFORCEMENT,-59.6184,60.0581,-62.1025,-59.6184,-2.4841,-0.63266667,-0.60736000,-2.4841,-59.6184,-0.60736000,-2.4841,-2.4841,-2.4841,-3.1051,-3.1051,-59.6184,-0.60736000,-13.6625,-12.5152,-48.4399,-49.5872,-0.49348000,-0.50516804,-0.02530667,24.5400,15.6401,-15.5256,-62.1025,-62.1025,98.1598,4.0000,,24.5400,13.4806,26.6995,35.5993,35.5993,35.5993,35.5993,13.4806,13.2516,1.333333,1.333333,0.919118,1,2,1,2,0E-8,-0.63266667,,0E-8,0.000000,0.637333,0.250000,,2026-04-30,2026-04-30,1,1,1,1,1.000000,,,0.000000,,,,,,,,GLOBAL_BASELINE_NO_ENTITY_RANKING,,,NOT_APPLICABLE_GLOBAL_BASELINE,HF9g-P5,,,,X 全窗基线 · 不参与实体赏罚,3923244,393,A168_HF9F_20260827_0900,2026-08-27 09:00:00
2026-06-20,151793405,-1,1,344.5881657103,6.6860390368,6.6860390368,0.5172414,67,67,0.49864759552238806,0.498647595522,0.28321311301139535,0.2832131130173067,0.28321311301139535,3.8806E-13,SENTINEL_DEALER,R03b_20260811_FULL_v1,L1_ELIGIBILITY,v2026-08-11,2026-03-21..2026-08-06,baccarat_bet02_101_all_pairs_incl_sentinel,round_win = game_pnl > 0 (decisive only),COMPATIBILITY_ONLY_NOT_PRODUCTION,987.4765,853.7558,-61.4601,191,191,0.06223958,,0.06223958,0.06223958,61.4601,987.4765,OK,0.0000,-1.8438,3.0000,97.0000,AG03-UNRESOLVED,ALL5_LEVELS_bet23_to_bet27,-1.8438,-1.8438,-1.8438,-2.4584,-2.4584,3.000000,3.000000,3.000000,4.000000,4.000000,97.000000,97.000000,97.000000,96.000000,96.000000,5.0,-10.4482,-9.7648,-51.0119,-51.6953,PENDING_AG03,FALSE,NOT_FOR_ENFORCEMENT,-59.6163,828.1431,-61.4601,-59.6163,-1.8438,-0.06223958,-0.06037240,-1.8438,-59.6163,-0.06037240,-1.8438,-1.8438,-1.8438,-2.4584,-2.4584,-59.6163,-0.06037240,-10.4482,-9.7648,-51.0119,-51.6953,-0.05165885,-0.05235092,-0.00186719,5.1700,4.4699,-0.3218,-61.4601,-2.0487,987.4765,191.0000,,5.1700,5.1431,5.1431,5.1431,5.1431,5.1431,5.1431,5.1431,0.0,1.0,1.0,1.005236,28,18,1,2,0E-8,-0.06223958,,0E-8,0.000000,0.864583,0.000000,,2026-06-20,2026-06-20,1,30,28,1,1.000000,,,0.000000,,,,,,,,GLOBAL_BASELINE_NO_ENTITY_RANKING,,,NOT_APPLICABLE_GLOBAL_BASELINE,HF9g-P5,,,,X 全窗基线 · 不参与实体赏罚,3923245,393,A168_HF9F_20260827_0900,2026-08-27 09:00:00
2026-06-20,151793405,1004,0,30.8586417054,19.8009617611,19.8009617611,0.8333333,6,6,0.49994810000000000,0.499948100000,1.6332474276894162,1.6332474276894162,1.6332474276894162,0E-17,ELIGIBLE,R03b_20260811_FULL_v1,L1_ELIGIBILITY,v2026-08-11,2026-03-21..2026-08-06,baccarat_bet02_101_all_pairs_incl_sentinel,round_win = game_pnl > 0 (decisive only),COMPATIBILITY_ONLY_NOT_PRODUCTION,987.4765,853.7558,-61.4601,191,191,0.06223958,,0.06223958,0.06223958,61.4601,987.4765,OK,0.0000,-1.8438,3.0000,97.0000,AG03-UNRESOLVED,ALL5_LEVELS_bet23_to_bet27,-1.8438,-1.8438,-1.8438,-2.4584,-2.4584,3.000000,3.000000,3.000000,4.000000,4.000000,97.000000,97.000000,97.000000,96.000000,96.000000,5.0,-10.4482,-9.7648,-51.0119,-51.6953,PENDING_AG03,FALSE,NOT_FOR_ENFORCEMENT,-59.6163,828.1431,-61.4601,-59.6163,-1.8438,-0.06223958,-0.06037240,-1.8438,-59.6163,-0.06037240,-1.8438,-1.8438,-1.8438,-2.4584,-2.4584,-59.6163,-0.06037240,-10.4482,-9.7648,-51.0119,-51.6953,-0.05165885,-0.05235092,-0.00186719,5.1700,4.4699,-0.3218,-61.4601,-2.0487,987.4765,191.0000,,5.1700,5.1431,5.1431,5.1431,5.1431,5.1431,5.1431,5.1431,0.0,1.0,1.0,1.005236,28,18,1,2,0E-8,-0.06223958,,0E-8,0.000000,0.864583,0.000000,,2026-06-20,2026-06-20,1,30,28,1,1.000000,,,0.000000,,,,,,,,GLOBAL_BASELINE_NO_ENTITY_RANKING,,,NOT_APPLICABLE_GLOBAL_BASELINE,HF9g-P5,,,,X 全窗基线 · 不参与实体赏罚,3923246,393,A168_HF9F_20260827_0900,2026-08-27 09:00:00
2026-06-20,151793405,1115,0,51.4310695090,4.3716409084,4.3716409084,0.5555556,10,10,0.50128862000000000,0.501288620000,0.3256026946887059,0.3256026946887059,0.3256026946887059,0E-17,ELIGIBLE,R03b_20260811_FULL_v1,L1_ELIGIBILITY,v2026-08-11,2026-03-21..2026-08-06,baccarat_bet02_101_all_pairs_incl_sentinel,round_win = game_pnl > 0 (decisive only),COMPATIBILITY_ONLY_NOT_PRODUCTION,987.4765,853.7558,-61.4601,191,191,0.06223958,,0.06223958,0.06223958,61.4601,987.4765,OK,0.0000,-1.8438,3.0000,97.0000,AG03-UNRESOLVED,ALL5_LEVELS_bet23_to_bet27,-1.8438,-1.8438,-1.8438,-2.4584,-2.4584,3.000000,3.000000,3.000000,4.000000,4.000000,97.000000,97.000000,97.000000,96.000000,96.000000,5.0,-10.4482,-9.7648,-51.0119,-51.6953,PENDING_AG03,FALSE,NOT_FOR_ENFORCEMENT,-59.6163,828.1431,-61.4601,-59.6163,-1.8438,-0.06223958,-0.06037240,-1.8438,-59.6163,-0.06037240,-1.8438,-1.8438,-1.8438,-2.4584,-2.4584,-59.6163,-0.06037240,-10.4482,-9.7648,-51.0119,-51.6953,-0.05165885,-0.05235092,-0.00186719,5.1700,4.4699,-0.3218,-61.4601,-2.0487,987.4765,191.0000,,5.1700,5.1431,5.1431,5.1431,5.1431,5.1431,5.1431,5.1431,0.0,1.0,1.0,1.005236,28,18,1,2,0E-8,-0.06223958,,0E-8,0.000000,0.864583,0.000000,,2026-06-20,2026-06-20,1,30,28,1,1.000000,,,0.000000,,,,,,,,GLOBAL_BASELINE_NO_ENTITY_RANKING,,,NOT_APPLICABLE_GLOBAL_BASELINE,HF9g-P5,,,,X 全窗基线 · 不参与实体赏罚,3923247,393,A168_HF9F_20260827_0900,2026-08-27 09:00:00
2026-06-20,151793405,1205,0,30.8586417054,-15.4293208527,-15.4293208527,0.2000000,6,6,0.49547970000000000,0.495479700000,-1.3214793953192199,-1.3214793953192199,-1.3214793953192199,0E-17,ELIGIBLE,R03b_20260811_FULL_v1,L1_ELIGIBILITY,v2026-08-11,2026-03-21..2026-08-06,baccarat_bet02_101_all_pairs_incl_sentinel,round_win = game_pnl > 0 (decisive only),COMPATIBILITY_ONLY_NOT_PRODUCTION,987.4765,853.7558,-61.4601,191,191,0.06223958,,0.06223958,0.06223958,61.4601,987.4765,OK,0.0000,-1.8438,3.0000,97.0000,AG03-UNRESOLVED,ALL5_LEVELS_bet23_to_bet27,-1.8438,-1.8438,-1.8438,-2.4584,-2.4584,3.000000,3.000000,3.000000,4.000000,4.000000,97.000000,97.000000,97.000000,96.000000,96.000000,5.0,-10.4482,-9.7648,-51.0119,-51.6953,PENDING_AG03,FALSE,NOT_FOR_ENFORCEMENT,-59.6163,828.1431,-61.4601,-59.6163,-1.8438,-0.06223958,-0.06037240,-1.8438,-59.6163,-0.06037240,-1.8438,-1.8438,-1.8438,-2.4584,-2.4584,-59.6163,-0.06037240,-10.4482,-9.7648,-51.0119,-51.6953,-0.05165885,-0.05235092,-0.00186719,5.1700,4.4699,-0.3218,-61.4601,-2.0487,987.4765,191.0000,,5.1700,5.1431,5.1431,5.1431,5.1431,5.1431,5.1431,5.1431,0.0,1.0,1.0,1.005236,28,18,1,2,0E-8,-0.06223958,,0E-8,0.000000,0.864583,0.000000,,2026-06-20,2026-06-20,1,30,28,1,1.000000,,,0.000000,,,,,,,,GLOBAL_BASELINE_NO_ENTITY_RANKING,,,NOT_APPLICABLE_GLOBAL_BASELINE,HF9g-P5,,,,X 全窗基线 · 不参与实体赏罚,3923248,393,A168_HF9F_20260827_0900,2026-08-27 09:00:00
2026-06-20,151793405,1306,0,36.0017486563,20.3152724561,20.3152724561,0.8333333,7,7,0.49707555714285714,0.497075557143,1.647348125108566,1.6473481251078634,1.647348125108566,-1.4286E-13,ELIGIBLE,R03b_20260811_FULL_v1,L1_ELIGIBILITY,v2026-08-11,2026-03-21..2026-08-06,baccarat_bet02_101_all_pairs_incl_sentinel,round_win = game_pnl > 0 (decisive only),COMPATIBILITY_ONLY_NOT_PRODUCTION,987.4765,853.7558,-61.4601,191,191,0.06223958,,0.06223958,0.06223958,61.4601,987.4765,OK,0.0000,-1.8438,3.0000,97.0000,AG03-UNRESOLVED,ALL5_LEVELS_bet23_to_bet27,-1.8438,-1.8438,-1.8438,-2.4584,-2.4584,3.000000,3.000000,3.000000,4.000000,4.000000,97.000000,97.000000,97.000000,96.000000,96.000000,5.0,-10.4482,-9.7648,-51.0119,-51.6953,PENDING_AG03,FALSE,NOT_FOR_ENFORCEMENT,-59.6163,828.1431,-61.4601,-59.6163,-1.8438,-0.06223958,-0.06037240,-1.8438,-59.6163,-0.06037240,-1.8438,-1.8438,-1.8438,-2.4584,-2.4584,-59.6163,-0.06037240,-10.4482,-9.7648,-51.0119,-51.6953,-0.05165885,-0.05235092,-0.00186719,5.1700,4.4699,-0.3218,-61.4601,-2.0487,987.4765,191.0000,,5.1700,5.1431,5.1431,5.1431,5.1431,5.1431,5.1431,5.1431,0.0,1.0,1.0,1.005236,28,18,1,2,0E-8,-0.06223958,,0E-8,0.000000,0.864583,0.000000,,2026-06-20,2026-06-20,1,30,28,1,1.000000,,,0.000000,,,,,,,,GLOBAL_BASELINE_NO_ENTITY_RANKING,,,NOT_APPLICABLE_GLOBAL_BASELINE,HF9g-P5,,,,X 全窗基线 · 不参与实体赏罚,3923249,393,A168_HF9F_20260827_0900,2026-08-27 09:00:00
2026-06-20,151793405,1325,0,41.1448556072,4.6287962559,4.6287962559,0.6000000,8,8,0.49827245000000000,0.498272450000,0.4549421494622123,0.4549421494622123,0.4549421494622123,0E-17,ELIGIBLE,R03b_20260811_FULL_v1,L1_ELIGIBILITY,v2026-08-11,2026-03-21..2026-08-06,baccarat_bet02_101_all_pairs_incl_sentinel,round_win = game_pnl > 0 (decisive only),COMPATIBILITY_ONLY_NOT_PRODUCTION,987.4765,853.7558,-61.4601,191,191,0.06223958,,0.06223958,0.06223958,61.4601,987.4765,OK,0.0000,-1.8438,3.0000,97.0000,AG03-UNRESOLVED,ALL5_LEVELS_bet23_to_bet27,-1.8438,-1.8438,-1.8438,-2.4584,-2.4584,3.000000,3.000000,3.000000,4.000000,4.000000,97.000000,97.000000,97.000000,96.000000,96.000000,5.0,-10.4482,-9.7648,-51.0119,-51.6953,PENDING_AG03,FALSE,NOT_FOR_ENFORCEMENT,-59.6163,828.1431,-61.4601,-59.6163,-1.8438,-0.06223958,-0.06037240,-1.8438,-59.6163,-0.06037240,-1.8438,-1.8438,-1.8438,-2.4584,-2.4584,-59.6163,-0.06037240,-10.4482,-9.7648,-51.0119,-51.6953,-0.05165885,-0.05235092,-0.00186719,5.1700,4.4699,-0.3218,-61.4601,-2.0487,987.4765,191.0000,,5.1700,5.1431,5.1431,5.1431,5.1431,5.1431,5.1431,5.1431,0.0,1.0,1.0,1.005236,28,18,1,2,0E-8,-0.06223958,,0E-8,0.000000,0.864583,0.000000,,2026-06-20,2026-06-20,1,30,28,1,1.000000,,,0.000000,,,,,,,,GLOBAL_BASELINE_NO_ENTITY_RANKING,,,NOT_APPLICABLE_GLOBAL_BASELINE,HF9g-P5,,,,X 全窗基线 · 不参与实体赏罚,3923250,393,A168_HF9F_20260827_0900,2026-08-27 09:00:00
2026-06-20,151793405,1331,0,41.1448556072,-20.8295831511,-20.8295831511,0.1666667,8,8,0.50329940000000000,0.503299400000,-1.649192761518943,-1.649192761518943,-1.649192761518943,0E-17,ELIGIBLE,R03b_20260811_FULL_v1,L1_ELIGIBILITY,v2026-08-11,2026-03-21..2026-08-06,baccarat_bet02_101_all_pairs_incl_sentinel,round_win = game_pnl > 0 (decisive only),COMPATIBILITY_ONLY_NOT_PRODUCTION,987.4765,853.7558,-61.4601,191,191,0.06223958,,0.06223958,0.06223958,61.4601,987.4765,OK,0.0000,-1.8438,3.0000,97.0000,AG03-UNRESOLVED,ALL5_LEVELS_bet23_to_bet27,-1.8438,-1.8438,-1.8438,-2.4584,-2.4584,3.000000,3.000000,3.000000,4.000000,4.000000,97.000000,97.000000,97.000000,96.000000,96.000000,5.0,-10.4482,-9.7648,-51.0119,-51.6953,PENDING_AG03,FALSE,NOT_FOR_ENFORCEMENT,-59.6163,828.1431,-61.4601,-59.6163,-1.8438,-0.06223958,-0.06037240,-1.8438,-59.6163,-0.06037240,-1.8438,-1.8438,-1.8438,-2.4584,-2.4584,-59.6163,-0.06037240,-10.4482,-9.7648,-51.0119,-51.6953,-0.05165885,-0.05235092,-0.00186719,5.1700,4.4699,-0.3218,-61.4601,-2.0487,987.4765,191.0000,,5.1700,5.1431,5.1431,5.1431,5.1431,5.1431,5.1431,5.1431,0.0,1.0,1.0,1.005236,28,18,1,2,0E-8,-0.06223958,,0E-8,0.000000,0.864583,0.000000,,2026-06-20,2026-06-20,1,30,28,1,1.000000,,,0.000000,,,,,,,,GLOBAL_BASELINE_NO_ENTITY_RANKING,,,NOT_APPLICABLE_GLOBAL_BASELINE,HF9g-P5,,,,X 全窗基线 · 不参与实体赏罚,3923251,393,A168_HF9F_20260827_0900,2026-08-27 09:00:00
2026-06-20,151793405,1399,0,46.2879625581,-5.9145729934,-5.9145729934,0.4285714,9,9,0.50218230000000000,0.502182300000,-0.3895158292854737,-0.3895158292854737,-0.3895158292854737,0E-17,ELIGIBLE,R03b_20260811_FULL_v1,L1_ELIGIBILITY,v2026-08-11,2026-03-21..2026-08-06,baccarat_bet02_101_all_pairs_incl_sentinel,round_win = game_pnl > 0 (decisive only),COMPATIBILITY_ONLY_NOT_PRODUCTION,987.4765,853.7558,-61.4601,191,191,0.06223958,,0.06223958,0.06223958,61.4601,987.4765,OK,0.0000,-1.8438,3.0000,97.0000,AG03-UNRESOLVED,ALL5_LEVELS_bet23_to_bet27,-1.8438,-1.8438,-1.8438,-2.4584,-2.4584,3.000000,3.000000,3.000000,4.000000,4.000000,97.000000,97.000000,97.000000,96.000000,96.000000,5.0,-10.4482,-9.7648,-51.0119,-51.6953,PENDING_AG03,FALSE,NOT_FOR_ENFORCEMENT,-59.6163,828.1431,-61.4601,-59.6163,-1.8438,-0.06223958,-0.06037240,-1.8438,-59.6163,-0.06037240,-1.8438,-1.8438,-1.8438,-2.4584,-2.4584,-59.6163,-0.06037240,-10.4482,-9.7648,-51.0119,-51.6953,-0.05165885,-0.05235092,-0.00186719,5.1700,4.4699,-0.3218,-61.4601,-2.0487,987.4765,191.0000,,5.1700,5.1431,5.1431,5.1431,5.1431,5.1431,5.1431,5.1431,0.0,1.0,1.0,1.005236,28,18,1,2,0E-8,-0.06223958,,0E-8,0.000000,0.864583,0.000000,,2026-06-20,2026-06-20,1,30,28,1,1.000000,,,0.000000,,,,,,,,GLOBAL_BASELINE_NO_ENTITY_RANKING,,,NOT_APPLICABLE_GLOBAL_BASELINE,HF9g-P5,,,,X 全窗基线 · 不参与实体赏罚,3923252,393,A168_HF9F_20260827_0900,2026-08-27 09:00:00
2026-06-20,151793405,1405,0,25.7155347545,-5.1431069509,-5.1431069509,0.5000000,4,4,0.49659680000000000,0.496596800000,0.013613115331600182,0.013613115331600183,0.013613115331600182,0E-17,ELIGIBLE,R03b_20260811_FULL_v1,L1_ELIGIBILITY,v2026-08-11,2026-03-21..2026-08-06,baccarat_bet02_101_all_pairs_incl_sentinel,round_win = game_pnl > 0 (decisive only),COMPATIBILITY_ONLY_NOT_PRODUCTION,987.4765,853.7558,-61.4601,191,191,0.06223958,,0.06223958,0.06223958,61.4601,987.4765,OK,0.0000,-1.8438,3.0000,97.0000,AG03-UNRESOLVED,ALL5_LEVELS_bet23_to_bet27,-1.8438,-1.8438,-1.8438,-2.4584,-2.4584,3.000000,3.000000,3.000000,4.000000,4.000000,97.000000,97.000000,97.000000,96.000000,96.000000,5.0,-10.4482,-9.7648,-51.0119,-51.6953,PENDING_AG03,FALSE,NOT_FOR_ENFORCEMENT,-59.6163,828.1431,-61.4601,-59.6163,-1.8438,-0.06223958,-0.06037240,-1.8438,-59.6163,-0.06037240,-1.8438,-1.8438,-1.8438,-2.4584,-2.4584,-59.6163,-0.06037240,-10.4482,-9.7648,-51.0119,-51.6953,-0.05165885,-0.05235092,-0.00186719,5.1700,4.4699,-0.3218,-61.4601,-2.0487,987.4765,191.0000,,5.1700,5.1431,5.1431,5.1431,5.1431,5.1431,5.1431,5.1431,0.0,1.0,1.0,1.005236,28,18,1,2,0E-8,-0.06223958,,0E-8,0.000000,0.864583,0.000000,,2026-06-20,2026-06-20,1,30,28,1,1.000000,,,0.000000,,,,,,,,GLOBAL_BASELINE_NO_ENTITY_RANKING,,,NOT_APPLICABLE_GLOBAL_BASELINE,HF9g-P5,,,,X 全窗基线 · 不参与实体赏罚,3923253,393,A168_HF9F_20260827_0900,2026-08-27 09:00:00
2026-06-20,151793405,1490,0,36.0017486563,15.4293208527,15.4293208527,0.7142857,7,7,0.49516052857142857,0.495160528571,1.1595558107697723,1.1595558107720498,1.1595558107697723,4.2857E-13,ELIGIBLE,R03b_20260811_FULL_v1,L1_ELIGIBILITY,v2026-08-11,2026-03-21..2026-08-06,baccarat_bet02_101_all_pairs_incl_sentinel,round_win = game_pnl > 0 (decisive only),COMPATIBILITY_ONLY_NOT_PRODUCTION,987.4765,853.7558,-61.4601,191,191,0.06223958,,0.06223958,0.06223958,61.4601,987.4765,OK,0.0000,-1.8438,3.0000,97.0000,AG03-UNRESOLVED,ALL5_LEVELS_bet23_to_bet27,-1.8438,-1.8438,-1.8438,-2.4584,-2.4584,3.000000,3.000000,3.000000,4.000000,4.000000,97.000000,97.000000,97.000000,96.000000,96.000000,5.0,-10.4482,-9.7648,-51.0119,-51.6953,PENDING_AG03,FALSE,NOT_FOR_ENFORCEMENT,-59.6163,828.1431,-61.4601,-59.6163,-1.8438,-0.06223958,-0.06037240,-1.8438,-59.6163,-0.06037240,-1.8438,-1.8438,-1.8438,-2.4584,-2.4584,-59.6163,-0.06037240,-10.4482,-9.7648,-51.0119,-51.6953,-0.05165885,-0.05235092,-0.00186719,5.1700,4.4699,-0.3218,-61.4601,-2.0487,987.4765,191.0000,,5.1700,5.1431,5.1431,5.1431,5.1431,5.1431,5.1431,5.1431,0.0,1.0,1.0,1.005236,28,18,1,2,0E-8,-0.06223958,,0E-8,0.000000,0.864583,0.000000,,2026-06-20,2026-06-20,1,30,28,1,1.000000,,,0.000000,,,,,,,,GLOBAL_BASELINE_NO_ENTITY_RANKING,,,NOT_APPLICABLE_GLOBAL_BASELINE,HF9g-P5,,,,X 全窗基线 · 不参与实体赏罚,3923254,393,A168_HF9F_20260827_0900,2026-08-27 09:00:00
2026-06-20,151793405,2134,0,41.1448556072,-0.5143106950,-0.5143106950,0.5000000,8,8,0.49659680000000000,0.496596800000,0.019251852328098087,0.01925185232809809,0.019251852328098087,0E-17,ELIGIBLE,R03b_20260811_FULL_v1,L1_ELIGIBILITY,v2026-08-11,2026-03-21..2026-08-06,baccarat_bet02_101_all_pairs_incl_sentinel,round_win = game_pnl > 0 (decisive only),COMPATIBILITY_ONLY_NOT_PRODUCTION,987.4765,853.7558,-61.4601,191,191,0.06223958,,0.06223958,0.06223958,61.4601,987.4765,OK,0.0000,-1.8438,3.0000,97.0000,AG03-UNRESOLVED,ALL5_LEVELS_bet23_to_bet27,-1.8438,-1.8438,-1.8438,-2.4584,-2.4584,3.000000,3.000000,3.000000,4.000000,4.000000,97.000000,97.000000,97.000000,96.000000,96.000000,5.0,-10.4482,-9.7648,-51.0119,-51.6953,PENDING_AG03,FALSE,NOT_FOR_ENFORCEMENT,-59.6163,828.1431,-61.4601,-59.6163,-1.8438,-0.06223958,-0.06037240,-1.8438,-59.6163,-0.06037240,-1.8438,-1.8438,-1.8438,-2.4584,-2.4584,-59.6163,-0.06037240,-10.4482,-9.7648,-51.0119,-51.6953,-0.05165885,-0.05235092,-0.00186719,5.1700,4.4699,-0.3218,-61.4601,-2.0487,987.4765,191.0000,,5.1700,5.1431,5.1431,5.1431,5.1431,5.1431,5.1431,5.1431,0.0,1.0,1.0,1.005236,28,18,1,2,0E-8,-0.06223958,,0E-8,0.000000,0.864583,0.000000,,2026-06-20,2026-06-20,1,30,28,1,1.000000,,,0.000000,,,,,,,,GLOBAL_BASELINE_NO_ENTITY_RANKING,,,NOT_APPLICABLE_GLOBAL_BASELINE,HF9g-P5,,,,X 全窗基线 · 不参与实体赏罚,3923255,393,A168_HF9F_20260827_0900,2026-08-27 09:00:00
2026-06-20,151793405,2153,0,36.0017486563,9.7719032068,9.7719032068,0.6666667,7,7,0.49899058571428571,0.498990585714,0.8214433547731099,0.8214433547745106,0.8214433547731099,2.8571E-13,ELIGIBLE,R03b_20260811_FULL_v1,L1_ELIGIBILITY,v2026-08-11,2026-03-21..2026-08-06,baccarat_bet02_101_all_pairs_incl_sentinel,round_win = game_pnl > 0 (decisive only),COMPATIBILITY_ONLY_NOT_PRODUCTION,987.4765,853.7558,-61.4601,191,191,0.06223958,,0.06223958,0.06223958,61.4601,987.4765,OK,0.0000,-1.8438,3.0000,97.0000,AG03-UNRESOLVED,ALL5_LEVELS_bet23_to_bet27,-1.8438,-1.8438,-1.8438,-2.4584,-2.4584,3.000000,3.000000,3.000000,4.000000,4.000000,97.000000,97.000000,97.000000,96.000000,96.000000,5.0,-10.4482,-9.7648,-51.0119,-51.6953,PENDING_AG03,FALSE,NOT_FOR_ENFORCEMENT,-59.6163,828.1431,-61.4601,-59.6163,-1.8438,-0.06223958,-0.06037240,-1.8438,-59.6163,-0.06037240,-1.8438,-1.8438,-1.8438,-2.4584,-2.4584,-59.6163,-0.06037240,-10.4482,-9.7648,-51.0119,-51.6953,-0.05165885,-0.05235092,-0.00186719,5.1700,4.4699,-0.3218,-61.4601,-2.0487,987.4765,191.0000,,5.1700,5.1431,5.1431,5.1431,5.1431,5.1431,5.1431,5.1431,0.0,1.0,1.0,1.005236,28,18,1,2,0E-8,-0.06223958,,0E-8,0.000000,0.864583,0.000000,,2026-06-20,2026-06-20,1,30,28,1,1.000000,,,0.000000,,,,,,,,GLOBAL_BASELINE_NO_ENTITY_RANKING,,,NOT_APPLICABLE_GLOBAL_BASELINE,HF9g-P5,,,,X 全窗基线 · 不参与实体赏罚,3923256,393,A168_HF9F_20260827_0900,2026-08-27 09:00:00
2026-06-20,151793405,2164,0,41.1448556072,4.6287962559,4.6287962559,0.5714286,8,8,0.50162375000000000,0.501623750000,0.36937434338991915,0.36937434338991915,0.36937434338991915,0E-17,ELIGIBLE,R03b_20260811_FULL_v1,L1_ELIGIBILITY,v2026-08-11,2026-03-21..2026-08-06,baccarat_bet02_101_all_pairs_incl_sentinel,round_win = game_pnl > 0 (decisive only),COMPATIBILITY_ONLY_NOT_PRODUCTION,987.4765,853.7558,-61.4601,191,191,0.06223958,,0.06223958,0.06223958,61.4601,987.4765,OK,0.0000,-1.8438,3.0000,97.0000,AG03-UNRESOLVED,ALL5_LEVELS_bet23_to_bet27,-1.8438,-1.8438,-1.8438,-2.4584,-2.4584,3.000000,3.000000,3.000000,4.000000,4.000000,97.000000,97.000000,97.000000,96.000000,96.000000,5.0,-10.4482,-9.7648,-51.0119,-51.6953,PENDING_AG03,FALSE,NOT_FOR_ENFORCEMENT,-59.6163,828.1431,-61.4601,-59.6163,-1.8438,-0.06223958,-0.06037240,-1.8438,-59.6163,-0.06037240,-1.8438,-1.8438,-1.8438,-2.4584,-2.4584,-59.6163,-0.06037240,-10.4482,-9.7648,-51.0119,-51.6953,-0.05165885,-0.05235092,-0.00186719,5.1700,4.4699,-0.3218,-61.4601,-2.0487,987.4765,191.0000,,5.1700,5.1431,5.1431,5.1431,5.1431,5.1431,5.1431,5.1431,0.0,1.0,1.0,1.005236,28,18,1,2,0E-8,-0.06223958,,0E-8,0.000000,0.864583,0.000000,,2026-06-20,2026-06-20,1,30,28,1,1.000000,,,0.000000,,,,,,,,GLOBAL_BASELINE_NO_ENTITY_RANKING,,,NOT_APPLICABLE_GLOBAL_BASELINE,HF9g-P5,,,,X 全窗基线 · 不参与实体赏罚,3923257,393,A168_HF9F_20260827_0900,2026-08-27 09:00:00
2026-06-20,151793405,2209,0,46.2879625581,9.0004371643,9.0004371643,0.6250000,9,9,0.50367176666666667,0.503671766667,0.6863546392532456,0.6863546392513633,0.6863546392532456,-3.3333E-13,ELIGIBLE,R03b_20260811_FULL_v1,L1_ELIGIBILITY,v2026-08-11,2026-03-21..2026-08-06,baccarat_bet02_101_all_pairs_incl_sentinel,round_win = game_pnl > 0 (decisive only),COMPATIBILITY_ONLY_NOT_PRODUCTION,987.4765,853.7558,-61.4601,191,191,0.06223958,,0.06223958,0.06223958,61.4601,987.4765,OK,0.0000,-1.8438,3.0000,97.0000,AG03-UNRESOLVED,ALL5_LEVELS_bet23_to_bet27,-1.8438,-1.8438,-1.8438,-2.4584,-2.4584,3.000000,3.000000,3.000000,4.000000,4.000000,97.000000,97.000000,97.000000,96.000000,96.000000,5.0,-10.4482,-9.7648,-51.0119,-51.6953,PENDING_AG03,FALSE,NOT_FOR_ENFORCEMENT,-59.6163,828.1431,-61.4601,-59.6163,-1.8438,-0.06223958,-0.06037240,-1.8438,-59.6163,-0.06037240,-1.8438,-1.8438,-1.8438,-2.4584,-2.4584,-59.6163,-0.06037240,-10.4482,-9.7648,-51.0119,-51.6953,-0.05165885,-0.05235092,-0.00186719,5.1700,4.4699,-0.3218,-61.4601,-2.0487,987.4765,191.0000,,5.1700,5.1431,5.1431,5.1431,5.1431,5.1431,5.1431,5.1431,0.0,1.0,1.0,1.005236,28,18,1,2,0E-8,-0.06223958,,0E-8,0.000000,0.864583,0.000000,,2026-06-20,2026-06-20,1,30,28,1,1.000000,,,0.000000,,,,,,,,GLOBAL_BASELINE_NO_ENTITY_RANKING,,,NOT_APPLICABLE_GLOBAL_BASELINE,HF9g-P5,,,,X 全窗基线 · 不参与实体赏罚,3923258,393,A168_HF9F_20260827_0900,2026-08-27 09:00:00
2026-06-20,151793405,2223,0,36.0017486563,0E-10,0E-10,0.5000000,7,7,0.49516052857142857,0.495160528571,0.023709581855318605,0.023709581857418456,0.023709581855318605,4.2857E-13,ELIGIBLE,R03b_20260811_FULL_v1,L1_ELIGIBILITY,v2026-08-11,2026-03-21..2026-08-06,baccarat_bet02_101_all_pairs_incl_sentinel,round_win = game_pnl > 0 (decisive only),COMPATIBILITY_ONLY_NOT_PRODUCTION,987.4765,853.7558,-61.4601,191,191,0.06223958,,0.06223958,0.06223958,61.4601,987.4765,OK,0.0000,-1.8438,3.0000,97.0000,AG03-UNRESOLVED,ALL5_LEVELS_bet23_to_bet27,-1.8438,-1.8438,-1.8438,-2.4584,-2.4584,3.000000,3.000000,3.000000,4.000000,4.000000,97.000000,97.000000,97.000000,96.000000,96.000000,5.0,-10.4482,-9.7648,-51.0119,-51.6953,PENDING_AG03,FALSE,NOT_FOR_ENFORCEMENT,-59.6163,828.1431,-61.4601,-59.6163,-1.8438,-0.06223958,-0.06037240,-1.8438,-59.6163,-0.06037240,-1.8438,-1.8438,-1.8438,-2.4584,-2.4584,-59.6163,-0.06037240,-10.4482,-9.7648,-51.0119,-51.6953,-0.05165885,-0.05235092,-0.00186719,5.1700,4.4699,-0.3218,-61.4601,-2.0487,987.4765,191.0000,,5.1700,5.1431,5.1431,5.1431,5.1431,5.1431,5.1431,5.1431,0.0,1.0,1.0,1.005236,28,18,1,2,0E-8,-0.06223958,,0E-8,0.000000,0.864583,0.000000,,2026-06-20,2026-06-20,1,30,28,1,1.000000,,,0.000000,,,,,,,,GLOBAL_BASELINE_NO_ENTITY_RANKING,,,NOT_APPLICABLE_GLOBAL_BASELINE,HF9g-P5,,,,X 全窗基线 · 不参与实体赏罚,3923259,393,A168_HF9F_20260827_0900,2026-08-27 09:00:00
2026-06-20,151793405,2242,0,25.7155347545,-0.5143106950,-0.5143106950,0.5000000,5,5,0.49860758000000000,0.498607580000,0.005569701597489473,0.005569701597489473,0.005569701597489473,0E-17,ELIGIBLE,R03b_20260811_FULL_v1,L1_ELIGIBILITY,v2026-08-11,2026-03-21..2026-08-06,baccarat_bet02_101_all_pairs_incl_sentinel,round_win = game_pnl > 0 (decisive only),COMPATIBILITY_ONLY_NOT_PRODUCTION,987.4765,853.7558,-61.4601,191,191,0.06223958,,0.06223958,0.06223958,61.4601,987.4765,OK,0.0000,-1.8438,3.0000,97.0000,AG03-UNRESOLVED,ALL5_LEVELS_bet23_to_bet27,-1.8438,-1.8438,-1.8438,-2.4584,-2.4584,3.000000,3.000000,3.000000,4.000000,4.000000,97.000000,97.000000,97.000000,96.000000,96.000000,5.0,-10.4482,-9.7648,-51.0119,-51.6953,PENDING_AG03,FALSE,NOT_FOR_ENFORCEMENT,-59.6163,828.1431,-61.4601,-59.6163,-1.8438,-0.06223958,-0.06037240,-1.8438,-59.6163,-0.06037240,-1.8438,-1.8438,-1.8438,-2.4584,-2.4584,-59.6163,-0.06037240,-10.4482,-9.7648,-51.0119,-51.6953,-0.05165885,-0.05235092,-0.00186719,5.1700,4.4699,-0.3218,-61.4601,-2.0487,987.4765,191.0000,,5.1700,5.1431,5.1431,5.1431,5.1431,5.1431,5.1431,5.1431,0.0,1.0,1.0,1.005236,28,18,1,2,0E-8,-0.06223958,,0E-8,0.000000,0.864583,0.000000,,2026-06-20,2026-06-20,1,30,28,1,1.000000,,,0.000000,,,,,,,,GLOBAL_BASELINE_NO_ENTITY_RANKING,,,NOT_APPLICABLE_GLOBAL_BASELINE,HF9g-P5,,,,X 全窗基线 · 不参与实体赏罚,3923260,393,A168_HF9F_20260827_0900,2026-08-27 09:00:00
2026-06-20,151793405,2267,0,30.8586417054,-0.2571553475,-0.2571553475,0.5000000,6,6,0.49771390000000000,0.497713900000,0.011199674067230152,0.011199674067230152,0.011199674067230152,0E-17,ELIGIBLE,R03b_20260811_FULL_v1,L1_ELIGIBILITY,v2026-08-11,2026-03-21..2026-08-06,baccarat_bet02_101_all_pairs_incl_sentinel,round_win = game_pnl > 0 (decisive only),COMPATIBILITY_ONLY_NOT_PRODUCTION,987.4765,853.7558,-61.4601,191,191,0.06223958,,0.06223958,0.06223958,61.4601,987.4765,OK,0.0000,-1.8438,3.0000,97.0000,AG03-UNRESOLVED,ALL5_LEVELS_bet23_to_bet27,-1.8438,-1.8438,-1.8438,-2.4584,-2.4584,3.000000,3.000000,3.000000,4.000000,4.000000,97.000000,97.000000,97.000000,96.000000,96.000000,5.0,-10.4482,-9.7648,-51.0119,-51.6953,PENDING_AG03,FALSE,NOT_FOR_ENFORCEMENT,-59.6163,828.1431,-61.4601,-59.6163,-1.8438,-0.06223958,-0.06037240,-1.8438,-59.6163,-0.06037240,-1.8438,-1.8438,-1.8438,-2.4584,-2.4584,-59.6163,-0.06037240,-10.4482,-9.7648,-51.0119,-51.6953,-0.05165885,-0.05235092,-0.00186719,5.1700,4.4699,-0.3218,-61.4601,-2.0487,987.4765,191.0000,,5.1700,5.1431,5.1431,5.1431,5.1431,5.1431,5.1431,5.1431,0.0,1.0,1.0,1.005236,28,18,1,2,0E-8,-0.06223958,,0E-8,0.000000,0.864583,0.000000,,2026-06-20,2026-06-20,1,30,28,1,1.000000,,,0.000000,,,,,,,,GLOBAL_BASELINE_NO_ENTITY_RANKING,,,NOT_APPLICABLE_GLOBAL_BASELINE,HF9g-P5,,,,X 全窗基线 · 不参与实体赏罚,3923261,393,A168_HF9F_20260827_0900,2026-08-27 09:00:00
2026-06-20,151793405,2287,0,46.2879625581,15.4293208527,15.4293208527,0.7142857,9,9,0.49622443333333333,0.496224433333,1.153904738015071,1.1539047380168408,1.153904738015071,3.3333E-13,ELIGIBLE,R03b_20260811_FULL_v1,L1_ELIGIBILITY,v2026-08-11,2026-03-21..2026-08-06,baccarat_bet02_101_all_pairs_incl_sentinel,round_win = game_pnl > 0 (decisive only),COMPATIBILITY_ONLY_NOT_PRODUCTION,987.4765,853.7558,-61.4601,191,191,0.06223958,,0.06223958,0.06223958,61.4601,987.4765,OK,0.0000,-1.8438,3.0000,97.0000,AG03-UNRESOLVED,ALL5_LEVELS_bet23_to_bet27,-1.8438,-1.8438,-1.8438,-2.4584,-2.4584,3.000000,3.000000,3.000000,4.000000,4.000000,97.000000,97.000000,97.000000,96.000000,96.000000,5.0,-10.4482,-9.7648,-51.0119,-51.6953,PENDING_AG03,FALSE,NOT_FOR_ENFORCEMENT,-59.6163,828.1431,-61.4601,-59.6163,-1.8438,-0.06223958,-0.06037240,-1.8438,-59.6163,-0.06037240,-1.8438,-1.8438,-1.8438,-2.4584,-2.4584,-59.6163,-0.06037240,-10.4482,-9.7648,-51.0119,-51.6953,-0.05165885,-0.05235092,-0.00186719,5.1700,4.4699,-0.3218,-61.4601,-2.0487,987.4765,191.0000,,5.1700,5.1431,5.1431,5.1431,5.1431,5.1431,5.1431,5.1431,0.0,1.0,1.0,1.005236,28,18,1,2,0E-8,-0.06223958,,0E-8,0.000000,0.864583,0.000000,,2026-06-20,2026-06-20,1,30,28,1,1.000000,,,0.000000,,,,,,,,GLOBAL_BASELINE_NO_ENTITY_RANKING,,,NOT_APPLICABLE_GLOBAL_BASELINE,HF9g-P5,,,,X 全窗基线 · 不参与实体赏罚,3923262,393,A168_HF9F_20260827_0900,2026-08-27 09:00:00
2026-06-17,151629663,-1,1,375.4468074157,51.4310695090,51.4310695090,0.5692308,72,72,0.49324550000000000,0.493245500000,1.2253374641306916,1.2253374641306916,1.2253374641306916,0E-17,SENTINEL_DEALER,R03b_20260811_FULL_v1,L1_ELIGIBILITY,v2026-08-11,2026-03-21..2026-08-06,baccarat_bet02_101_all_pairs_incl_sentinel,round_win = game_pnl > 0 (decisive only),COMPATIBILITY_ONLY_NOT_PRODUCTION,1028.6214,915.4730,-61.4601,198,197,0.05975000,,0.05975000,0.05975000,61.4601,1028.6214,OK,0.0000,-1.8438,3.0000,97.0000,AG03-UNRESOLVED,ALL5_LEVELS_bet23_to_bet27,-1.8438,-1.8438,-1.8438,-2.4584,-2.4584,3.000000,3.000000,3.000000,4.000000,4.000000,97.000000,97.000000,97.000000,96.000000,96.000000,5.0,-10.4482,-9.7648,-51.0119,-51.6953,PENDING_AG03,FALSE,NOT_FOR_ENFORCEMENT,-59.6163,888.0088,-61.4601,-59.6163,-1.8438,-0.05975000,-0.05795750,-1.8438,-59.6163,-0.05795750,-1.8438,-1.8438,-1.8438,-2.4584,-2.4584,-59.6163,-0.05795750,-10.4482,-9.7648,-51.0119,-51.6953,-0.04959250,-0.05025689,-0.00179250,5.1951,4.6471,-0.3120,-61.4601,-2.0487,1028.6214,197.0000,,5.1951,5.1431,5.1431,5.1431,5.1431,5.1431,7.8175,5.1431,0.0,1.0,1.520004,1.010101,29,31,1,2,0E-8,-0.05975000,,0E-8,0.000000,0.890000,0.000000,,2026-06-17,2026-06-17,1,30,29,1,1.000000,,,0.000000,,,,,,,,GLOBAL_BASELINE_NO_ENTITY_RANKING,,,NOT_APPLICABLE_GLOBAL_BASELINE,HF9g-P5,,,,X 全窗基线 · 不参与实体赏罚,3923263,393,A168_HF9F_20260827_0900,2026-08-27 09:00:00
2026-06-17,151629663,1017,0,41.1448556072,10.2862139018,10.2862139018,0.6666667,8,8,0.49324550000000000,0.493245500000,0.8496642703256836,0.8496642703256835,0.8496642703256836,0E-17,ELIGIBLE,R03b_20260811_FULL_v1,L1_ELIGIBILITY,v2026-08-11,2026-03-21..2026-08-06,baccarat_bet02_101_all_pairs_incl_sentinel,round_win = game_pnl > 0 (decisive only),COMPATIBILITY_ONLY_NOT_PRODUCTION,1028.6214,915.4730,-61.4601,198,197,0.05975000,,0.05975000,0.05975000,61.4601,1028.6214,OK,0.0000,-1.8438,3.0000,97.0000,AG03-UNRESOLVED,ALL5_LEVELS_bet23_to_bet27,-1.8438,-1.8438,-1.8438,-2.4584,-2.4584,3.000000,3.000000,3.000000,4.000000,4.000000,97.000000,97.000000,97.000000,96.000000,96.000000,5.0,-10.4482,-9.7648,-51.0119,-51.6953,PENDING_AG03,FALSE,NOT_FOR_ENFORCEMENT,-59.6163,888.0088,-61.4601,-59.6163,-1.8438,-0.05975000,-0.05795750,-1.8438,-59.6163,-0.05795750,-1.8438,-1.8438,-1.8438,-2.4584,-2.4584,-59.6163,-0.05795750,-10.4482,-9.7648,-51.0119,-51.6953,-0.04959250,-0.05025689,-0.00179250,5.1951,4.6471,-0.3120,-61.4601,-2.0487,1028.6214,197.0000,,5.1951,5.1431,5.1431,5.1431,5.1431,5.1431,7.8175,5.1431,0.0,1.0,1.520004,1.010101,29,31,1,2,0E-8,-0.05975000,,0E-8,0.000000,0.890000,0.000000,,2026-06-17,2026-06-17,1,30,29,1,1.000000,,,0.000000,,,,,,,,GLOBAL_BASELINE_NO_ENTITY_RANKING,,,NOT_APPLICABLE_GLOBAL_BASELINE,HF9g-P5,,,,X 全窗基线 · 不参与实体赏罚,3923264,393,A168_HF9F_20260827_0900,2026-08-27 09:00:00
2026-06-17,151629663,1094,0,5.1431069509,5.1431069509,5.1431069509,1.0000000,1,1,0.49324550000000000,0.493245500000,1.01360149184955,1.01360149184955,1.01360149184955,0E-17,ELIGIBLE,R03b_20260811_FULL_v1,L1_ELIGIBILITY,v2026-08-11,2026-03-21..2026-08-06,baccarat_bet02_101_all_pairs_incl_sentinel,round_win = game_pnl > 0 (decisive only),COMPATIBILITY_ONLY_NOT_PRODUCTION,1028.6214,915.4730,-61.4601,198,197,0.05975000,,0.05975000,0.05975000,61.4601,1028.6214,OK,0.0000,-1.8438,3.0000,97.0000,AG03-UNRESOLVED,ALL5_LEVELS_bet23_to_bet27,-1.8438,-1.8438,-1.8438,-2.4584,-2.4584,3.000000,3.000000,3.000000,4.000000,4.000000,97.000000,97.000000,97.000000,96.000000,96.000000,5.0,-10.4482,-9.7648,-51.0119,-51.6953,PENDING_AG03,FALSE,NOT_FOR_ENFORCEMENT,-59.6163,888.0088,-61.4601,-59.6163,-1.8438,-0.05975000,-0.05795750,-1.8438,-59.6163,-0.05795750,-1.8438,-1.8438,-1.8438,-2.4584,-2.4584,-59.6163,-0.05795750,-10.4482,-9.7648,-51.0119,-51.6953,-0.04959250,-0.05025689,-0.00179250,5.1951,4.6471,-0.3120,-61.4601,-2.0487,1028.6214,197.0000,,5.1951,5.1431,5.1431,5.1431,5.1431,5.1431,7.8175,5.1431,0.0,1.0,1.520004,1.010101,29,31,1,2,0E-8,-0.05975000,,0E-8,0.000000,0.890000,0.000000,,2026-06-17,2026-06-17,1,30,29,1,1.000000,,,0.000000,,,,,,,,GLOBAL_BASELINE_NO_ENTITY_RANKING,,,NOT_APPLICABLE_GLOBAL_BASELINE,HF9g-P5,,,,X 全窗基线 · 不参与实体赏罚,3923265,393,A168_HF9F_20260827_0900,2026-08-27 09:00:00
2026-06-17,151629663,1299,0,36.0017486563,-10.2862139018,-10.2862139018,0.3333333,7,7,0.49324550000000000,0.493245500000,-0.783477916903833,-0.7834779169038328,-0.783477916903833,0E-17,ELIGIBLE,R03b_20260811_FULL_v1,L1_ELIGIBILITY,v2026-08-11,2026-03-21..2026-08-06,baccarat_bet02_101_all_pairs_incl_sentinel,round_win = game_pnl > 0 (decisive only),COMPATIBILITY_ONLY_NOT_PRODUCTION,1028.6214,915.4730,-61.4601,198,197,0.05975000,,0.05975000,0.05975000,61.4601,1028.6214,OK,0.0000,-1.8438,3.0000,97.0000,AG03-UNRESOLVED,ALL5_LEVELS_bet23_to_bet27,-1.8438,-1.8438,-1.8438,-2.4584,-2.4584,3.000000,3.000000,3.000000,4.000000,4.000000,97.000000,97.000000,97.000000,96.000000,96.000000,5.0,-10.4482,-9.7648,-51.0119,-51.6953,PENDING_AG03,FALSE,NOT_FOR_ENFORCEMENT,-59.6163,888.0088,-61.4601,-59.6163,-1.8438,-0.05975000,-0.05795750,-1.8438,-59.6163,-0.05795750,-1.8438,-1.8438,-1.8438,-2.4584,-2.4584,-59.6163,-0.05795750,-10.4482,-9.7648,-51.0119,-51.6953,-0.04959250,-0.05025689,-0.00179250,5.1951,4.6471,-0.3120,-61.4601,-2.0487,1028.6214,197.0000,,5.1951,5.1431,5.1431,5.1431,5.1431,5.1431,7.8175,5.1431,0.0,1.0,1.520004,1.010101,29,31,1,2,0E-8,-0.05975000,,0E-8,0.000000,0.890000,0.000000,,2026-06-17,2026-06-17,1,30,29,1,1.000000,,,0.000000,,,,,,,,GLOBAL_BASELINE_NO_ENTITY_RANKING,,,NOT_APPLICABLE_GLOBAL_BASELINE,HF9g-P5,,,,X 全窗基线 · 不参与实体赏罚,3923266,393,A168_HF9F_20260827_0900,2026-08-27 09:00:00
2026-06-17,151629663,1307,0,30.8586417054,20.5724278036,20.5724278036,0.8333333,6,6,0.49324550000000000,0.493245500000,1.666235363940442,1.6662353639404415,1.666235363940442,0E-17,ELIGIBLE,R03b_20260811_FULL_v1,L1_ELIGIBILITY,v2026-08-11,2026-03-21..2026-08-06,baccarat_bet02_101_all_pairs_incl_sentinel,round_win = game_pnl > 0 (decisive only),COMPATIBILITY_ONLY_NOT_PRODUCTION,1028.6214,915.4730,-61.4601,198,197,0.05975000,,0.05975000,0.05975000,61.4601,1028.6214,OK,0.0000,-1.8438,3.0000,97.0000,AG03-UNRESOLVED,ALL5_LEVELS_bet23_to_bet27,-1.8438,-1.8438,-1.8438,-2.4584,-2.4584,3.000000,3.000000,3.000000,4.000000,4.000000,97.000000,97.000000,97.000000,96.000000,96.000000,5.0,-10.4482,-9.7648,-51.0119,-51.6953,PENDING_AG03,FALSE,NOT_FOR_ENFORCEMENT,-59.6163,888.0088,-61.4601,-59.6163,-1.8438,-0.05975000,-0.05795750,-1.8438,-59.6163,-0.05795750,-1.8438,-1.8438,-1.8438,-2.4584,-2.4584,-59.6163,-0.05795750,-10.4482,-9.7648,-51.0119,-51.6953,-0.04959250,-0.05025689,-0.00179250,5.1951,4.6471,-0.3120,-61.4601,-2.0487,1028.6214,197.0000,,5.1951,5.1431,5.1431,5.1431,5.1431,5.1431,7.8175,5.1431,0.0,1.0,1.520004,1.010101,29,31,1,2,0E-8,-0.05975000,,0E-8,0.000000,0.890000,0.000000,,2026-06-17,2026-06-17,1,30,29,1,1.000000,,,0.000000,,,,,,,,GLOBAL_BASELINE_NO_ENTITY_RANKING,,,NOT_APPLICABLE_GLOBAL_BASELINE,HF9g-P5,,,,X 全窗基线 · 不参与实体赏罚,3923267,393,A168_HF9F_20260827_0900,2026-08-27 09:00:00
2026-06-17,151629663,1331,0,30.8586417054,-5.1431069509,-5.1431069509,0.4000000,6,6,0.49324550000000000,0.493245500000,-0.4170446088060018,-0.4170446088060018,-0.4170446088060018,0E-17,ELIGIBLE,R03b_20260811_FULL_v1,L1_ELIGIBILITY,v2026-08-11,2026-03-21..2026-08-06,baccarat_bet02_101_all_pairs_incl_sentinel,round_win = game_pnl > 0 (decisive only),COMPATIBILITY_ONLY_NOT_PRODUCTION,1028.6214,915.4730,-61.4601,198,197,0.05975000,,0.05975000,0.05975000,61.4601,1028.6214,OK,0.0000,-1.8438,3.0000,97.0000,AG03-UNRESOLVED,ALL5_LEVELS_bet23_to_bet27,-1.8438,-1.8438,-1.8438,-2.4584,-2.4584,3.000000,3.000000,3.000000,4.000000,4.000000,97.000000,97.000000,97.000000,96.000000,96.000000,5.0,-10.4482,-9.7648,-51.0119,-51.6953,PENDING_AG03,FALSE,NOT_FOR_ENFORCEMENT,-59.6163,888.0088,-61.4601,-59.6163,-1.8438,-0.05975000,-0.05795750,-1.8438,-59.6163,-0.05795750,-1.8438,-1.8438,-1.8438,-2.4584,-2.4584,-59.6163,-0.05795750,-10.4482,-9.7648,-51.0119,-51.6953,-0.04959250,-0.05025689,-0.00179250,5.1951,4.6471,-0.3120,-61.4601,-2.0487,1028.6214,197.0000,,5.1951,5.1431,5.1431,5.1431,5.1431,5.1431,7.8175,5.1431,0.0,1.0,1.520004,1.010101,29,31,1,2,0E-8,-0.05975000,,0E-8,0.000000,0.890000,0.000000,,2026-06-17,2026-06-17,1,30,29,1,1.000000,,,0.000000,,,,,,,,GLOBAL_BASELINE_NO_ENTITY_RANKING,,,NOT_APPLICABLE_GLOBAL_BASELINE,HF9g-P5,,,,X 全窗基线 · 不参与实体赏罚,3923268,393,A168_HF9F_20260827_0900,2026-08-27 09:00:00
2026-06-17,151629663,1396,0,30.8586417054,0E-10,0E-10,0.5000000,6,6,0.49324550000000000,0.493245500000,0.03309317671092531,0.03309317671092531,0.03309317671092531,0E-17,ELIGIBLE,R03b_20260811_FULL_v1,L1_ELIGIBILITY,v2026-08-11,2026-03-21..2026-08-06,baccarat_bet02_101_all_pairs_incl_sentinel,round_win = game_pnl > 0 (decisive only),COMPATIBILITY_ONLY_NOT_PRODUCTION,1028.6214,915.4730,-61.4601,198,197,0.05975000,,0.05975000,0.05975000,61.4601,1028.6214,OK,0.0000,-1.8438,3.0000,97.0000,AG03-UNRESOLVED,ALL5_LEVELS_bet23_to_bet27,-1.8438,-1.8438,-1.8438,-2.4584,-2.4584,3.000000,3.000000,3.000000,4.000000,4.000000,97.000000,97.000000,97.000000,96.000000,96.000000,5.0,-10.4482,-9.7648,-51.0119,-51.6953,PENDING_AG03,FALSE,NOT_FOR_ENFORCEMENT,-59.6163,888.0088,-61.4601,-59.6163,-1.8438,-0.05975000,-0.05795750,-1.8438,-59.6163,-0.05795750,-1.8438,-1.8438,-1.8438,-2.4584,-2.4584,-59.6163,-0.05795750,-10.4482,-9.7648,-51.0119,-51.6953,-0.04959250,-0.05025689,-0.00179250,5.1951,4.6471,-0.3120,-61.4601,-2.0487,1028.6214,197.0000,,5.1951,5.1431,5.1431,5.1431,5.1431,5.1431,7.8175,5.1431,0.0,1.0,1.520004,1.010101,29,31,1,2,0E-8,-0.05975000,,0E-8,0.000000,0.890000,0.000000,,2026-06-17,2026-06-17,1,30,29,1,1.000000,,,0.000000,,,,,,,,GLOBAL_BASELINE_NO_ENTITY_RANKING,,,NOT_APPLICABLE_GLOBAL_BASELINE,HF9g-P5,,,,X 全窗基线 · 不参与实体赏罚,3923269,393,A168_HF9F_20260827_0900,2026-08-27 09:00:00
2026-06-17,151629663,1401,0,10.2862139018,0E-10,0E-10,0.5000000,2,2,0.49324550000000000,0.493245500000,0.01910635448239258,0.01910635448239258,0.01910635448239258,0E-17,ELIGIBLE,R03b_20260811_FULL_v1,L1_ELIGIBILITY,v2026-08-11,2026-03-21..2026-08-06,baccarat_bet02_101_all_pairs_incl_sentinel,round_win = game_pnl > 0 (decisive only),COMPATIBILITY_ONLY_NOT_PRODUCTION,1028.6214,915.4730,-61.4601,198,197,0.05975000,,0.05975000,0.05975000,61.4601,1028.6214,OK,0.0000,-1.8438,3.0000,97.0000,AG03-UNRESOLVED,ALL5_LEVELS_bet23_to_bet27,-1.8438,-1.8438,-1.8438,-2.4584,-2.4584,3.000000,3.000000,3.000000,4.000000,4.000000,97.000000,97.000000,97.000000,96.000000,96.000000,5.0,-10.4482,-9.7648,-51.0119,-51.6953,PENDING_AG03,FALSE,NOT_FOR_ENFORCEMENT,-59.6163,888.0088,-61.4601,-59.6163,-1.8438,-0.05975000,-0.05795750,-1.8438,-59.6163,-0.05795750,-1.8438,-1.8438,-1.8438,-2.4584,-2.4584,-59.6163,-0.05795750,-10.4482,-9.7648,-51.0119,-51.6953,-0.04959250,-0.05025689,-0.00179250,5.1951,4.6471,-0.3120,-61.4601,-2.0487,1028.6214,197.0000,,5.1951,5.1431,5.1431,5.1431,5.1431,5.1431,7.8175,5.1431,0.0,1.0,1.520004,1.010101,29,31,1,2,0E-8,-0.05975000,,0E-8,0.000000,0.890000,0.000000,,2026-06-17,2026-06-17,1,30,29,1,1.000000,,,0.000000,,,,,,,,GLOBAL_BASELINE_NO_ENTITY_RANKING,,,NOT_APPLICABLE_GLOBAL_BASELINE,HF9g-P5,,,,X 全窗基线 · 不参与实体赏罚,3923270,393,A168_HF9F_20260827_0900,2026-08-27 09:00:00
2026-06-17,151629663,1405,0,5.1431069509,-5.1431069509,-5.1431069509,0E-7,1,1,0.49324550000000000,0.493245500000,-0.9865810262130424,-0.9865810262130424,-0.9865810262130424,0E-17,ELIGIBLE,R03b_20260811_FULL_v1,L1_ELIGIBILITY,v2026-08-11,2026-03-21..2026-08-06,baccarat_bet02_101_all_pairs_incl_sentinel,round_win = game_pnl > 0 (decisive only),COMPATIBILITY_ONLY_NOT_PRODUCTION,1028.6214,915.4730,-61.4601,198,197,0.05975000,,0.05975000,0.05975000,61.4601,1028.6214,OK,0.0000,-1.8438,3.0000,97.0000,AG03-UNRESOLVED,ALL5_LEVELS_bet23_to_bet27,-1.8438,-1.8438,-1.8438,-2.4584,-2.4584,3.000000,3.000000,3.000000,4.000000,4.000000,97.000000,97.000000,97.000000,96.000000,96.000000,5.0,-10.4482,-9.7648,-51.0119,-51.6953,PENDING_AG03,FALSE,NOT_FOR_ENFORCEMENT,-59.6163,888.0088,-61.4601,-59.6163,-1.8438,-0.05975000,-0.05795750,-1.8438,-59.6163,-0.05795750,-1.8438,-1.8438,-1.8438,-2.4584,-2.4584,-59.6163,-0.05795750,-10.4482,-9.7648,-51.0119,-51.6953,-0.04959250,-0.05025689,-0.00179250,5.1951,4.6471,-0.3120,-61.4601,-2.0487,1028.6214,197.0000,,5.1951,5.1431,5.1431,5.1431,5.1431,5.1431,7.8175,5.1431,0.0,1.0,1.520004,1.010101,29,31,1,2,0E-8,-0.05975000,,0E-8,0.000000,0.890000,0.000000,,2026-06-17,2026-06-17,1,30,29,1,1.000000,,,0.000000,,,,,,,,GLOBAL_BASELINE_NO_ENTITY_RANKING,,,NOT_APPLICABLE_GLOBAL_BASELINE,HF9g-P5,,,,X 全窗基线 · 不参与实体赏罚,3923271,393,A168_HF9F_20260827_0900,2026-08-27 09:00:00
2026-06-17,151629663,1509,0,41.1448556072,-0.2571553475,-0.2571553475,0.5000000,7,6,0.49399023333333333,0.494362600000,0.02944385055435831,0.027619262503448472,0.02944385055435831,-0.00037236666666667,ELIGIBLE,R03b_20260811_FULL_v1,L1_ELIGIBILITY,v2026-08-11,2026-03-21..2026-08-06,baccarat_bet02_101_all_pairs_incl_sentinel,round_win = game_pnl > 0 (decisive only),COMPATIBILITY_ONLY_NOT_PRODUCTION,1028.6214,915.4730,-61.4601,198,197,0.05975000,,0.05975000,0.05975000,61.4601,1028.6214,OK,0.0000,-1.8438,3.0000,97.0000,AG03-UNRESOLVED,ALL5_LEVELS_bet23_to_bet27,-1.8438,-1.8438,-1.8438,-2.4584,-2.4584,3.000000,3.000000,3.000000,4.000000,4.000000,97.000000,97.000000,97.000000,96.000000,96.000000,5.0,-10.4482,-9.7648,-51.0119,-51.6953,PENDING_AG03,FALSE,NOT_FOR_ENFORCEMENT,-59.6163,888.0088,-61.4601,-59.6163,-1.8438,-0.05975000,-0.05795750,-1.8438,-59.6163,-0.05795750,-1.8438,-1.8438,-1.8438,-2.4584,-2.4584,-59.6163,-0.05795750,-10.4482,-9.7648,-51.0119,-51.6953,-0.04959250,-0.05025689,-0.00179250,5.1951,4.6471,-0.3120,-61.4601,-2.0487,1028.6214,197.0000,,5.1951,5.1431,5.1431,5.1431,5.1431,5.1431,7.8175,5.1431,0.0,1.0,1.520004,1.010101,29,31,1,2,0E-8,-0.05975000,,0E-8,0.000000,0.890000,0.000000,,2026-06-17,2026-06-17,1,30,29,1,1.000000,,,0.000000,,,,,,,,GLOBAL_BASELINE_NO_ENTITY_RANKING,,,NOT_APPLICABLE_GLOBAL_BASELINE,HF9g-P5,,,,X 全窗基线 · 不参与实体赏罚,3923272,393,A168_HF9F_20260827_0900,2026-08-27 09:00:00
2026-06-17,151629663,1646,0,36.0017486563,-20.5724278036,-20.5724278036,0.1666667,7,7,0.49324550000000000,0.493245500000,-1.6000490105185914,-1.600049010518591,-1.6000490105185914,0E-17,ELIGIBLE,R03b_20260811_FULL_v1,L1_ELIGIBILITY,v2026-08-11,2026-03-21..2026-08-06,baccarat_bet02_101_all_pairs_incl_sentinel,round_win = game_pnl > 0 (decisive only),COMPATIBILITY_ONLY_NOT_PRODUCTION,1028.6214,915.4730,-61.4601,198,197,0.05975000,,0.05975000,0.05975000,61.4601,1028.6214,OK,0.0000,-1.8438,3.0000,97.0000,AG03-UNRESOLVED,ALL5_LEVELS_bet23_to_bet27,-1.8438,-1.8438,-1.8438,-2.4584,-2.4584,3.000000,3.000000,3.000000,4.000000,4.000000,97.000000,97.000000,97.000000,96.000000,96.000000,5.0,-10.4482,-9.7648,-51.0119,-51.6953,PENDING_AG03,FALSE,NOT_FOR_ENFORCEMENT,-59.6163,888.0088,-61.4601,-59.6163,-1.8438,-0.05975000,-0.05795750,-1.8438,-59.6163,-0.05795750,-1.8438,-1.8438,-1.8438,-2.4584,-2.4584,-59.6163,-0.05795750,-10.4482,-9.7648,-51.0119,-51.6953,-0.04959250,-0.05025689,-0.00179250,5.1951,4.6471,-0.3120,-61.4601,-2.0487,1028.6214,197.0000,,5.1951,5.1431,5.1431,5.1431,5.1431,5.1431,7.8175,5.1431,0.0,1.0,1.520004,1.010101,29,31,1,2,0E-8,-0.05975000,,0E-8,0.000000,0.890000,0.000000,,2026-06-17,2026-06-17,1,30,29,1,1.000000,,,0.000000,,,,,,,,GLOBAL_BASELINE_NO_ENTITY_RANKING,,,NOT_APPLICABLE_GLOBAL_BASELINE,HF9g-P5,,,,X 全窗基线 · 不参与实体赏罚,3923273,393,A168_HF9F_20260827_0900,2026-08-27 09:00:00
2026-06-17,151629663,1957,0,15.4293208527,0E-10,0E-10,0.5000000,3,3,0.49324550000000000,0.493245500000,0.01910635448239258,0.01910635448239258,0.01910635448239258,0E-17,ELIGIBLE,R03b_20260811_FULL_v1,L1_ELIGIBILITY,v2026-08-11,2026-03-21..2026-08-06,baccarat_bet02_101_all_pairs_incl_sentinel,round_win = game_pnl > 0 (decisive only),COMPATIBILITY_ONLY_NOT_PRODUCTION,1028.6214,915.4730,-61.4601,198,197,0.05975000,,0.05975000,0.05975000,61.4601,1028.6214,OK,0.0000,-1.8438,3.0000,97.0000,AG03-UNRESOLVED,ALL5_LEVELS_bet23_to_bet27,-1.8438,-1.8438,-1.8438,-2.4584,-2.4584,3.000000,3.000000,3.000000,4.000000,4.000000,97.000000,97.000000,97.000000,96.000000,96.000000,5.0,-10.4482,-9.7648,-51.0119,-51.6953,PENDING_AG03,FALSE,NOT_FOR_ENFORCEMENT,-59.6163,888.0088,-61.4601,-59.6163,-1.8438,-0.05975000,-0.05795750,-1.8438,-59.6163,-0.05795750,-1.8438,-1.8438,-1.8438,-2.4584,-2.4584,-59.6163,-0.05795750,-10.4482,-9.7648,-51.0119,-51.6953,-0.04959250,-0.05025689,-0.00179250,5.1951,4.6471,-0.3120,-61.4601,-2.0487,1028.6214,197.0000,,5.1951,5.1431,5.1431,5.1431,5.1431,5.1431,7.8175,5.1431,0.0,1.0,1.520004,1.010101,29,31,1,2,0E-8,-0.05975000,,0E-8,0.000000,0.890000,0.000000,,2026-06-17,2026-06-17,1,30,29,1,1.000000,,,0.000000,,,,,,,,GLOBAL_BASELINE_NO_ENTITY_RANKING,,,NOT_APPLICABLE_GLOBAL_BASELINE,HF9g-P5,,,,X 全窗基线 · 不参与实体赏罚,3923274,393,A168_HF9F_20260827_0900,2026-08-27 09:00:00
2026-06-17,151629663,1963,0,30.8586417054,20.5724278036,20.5724278036,0.8333333,6,6,0.49324550000000000,0.493245500000,1.666235363940442,1.6662353639404415,1.666235363940442,0E-17,ELIGIBLE,R03b_20260811_FULL_v1,L1_ELIGIBILITY,v2026-08-11,2026-03-21..2026-08-06,baccarat_bet02_101_all_pairs_incl_sentinel,round_win = game_pnl > 0 (decisive only),COMPATIBILITY_ONLY_NOT_PRODUCTION,1028.6214,915.4730,-61.4601,198,197,0.05975000,,0.05975000,0.05975000,61.4601,1028.6214,OK,0.0000,-1.8438,3.0000,97.0000,AG03-UNRESOLVED,ALL5_LEVELS_bet23_to_bet27,-1.8438,-1.8438,-1.8438,-2.4584,-2.4584,3.000000,3.000000,3.000000,4.000000,4.000000,97.000000,97.000000,97.000000,96.000000,96.000000,5.0,-10.4482,-9.7648,-51.0119,-51.6953,PENDING_AG03,FALSE,NOT_FOR_ENFORCEMENT,-59.6163,888.0088,-61.4601,-59.6163,-1.8438,-0.05975000,-0.05795750,-1.8438,-59.6163,-0.05795750,-1.8438,-1.8438,-1.8438,-2.4584,-2.4584,-59.6163,-0.05795750,-10.4482,-9.7648,-51.0119,-51.6953,-0.04959250,-0.05025689,-0.00179250,5.1951,4.6471,-0.3120,-61.4601,-2.0487,1028.6214,197.0000,,5.1951,5.1431,5.1431,5.1431,5.1431,5.1431,7.8175,5.1431,0.0,1.0,1.520004,1.010101,29,31,1,2,0E-8,-0.05975000,,0E-8,0.000000,0.890000,0.000000,,2026-06-17,2026-06-17,1,30,29,1,1.000000,,,0.000000,,,,,,,,GLOBAL_BASELINE_NO_ENTITY_RANKING,,,NOT_APPLICABLE_GLOBAL_BASELINE,HF9g-P5,,,,X 全窗基线 · 不参与实体赏罚,3923275,393,A168_HF9F_20260827_0900,2026-08-27 09:00:00
2026-06-17,151629663,1966,0,10.2862139018,0E-10,0E-10,0.5000000,2,2,0.49324550000000000,0.493245500000,0.01910635448239258,0.01910635448239258,0.01910635448239258,0E-17,ELIGIBLE,R03b_20260811_FULL_v1,L1_ELIGIBILITY,v2026-08-11,2026-03-21..2026-08-06,baccarat_bet02_101_all_pairs_incl_sentinel,round_win = game_pnl > 0 (decisive only),COMPATIBILITY_ONLY_NOT_PRODUCTION,1028.6214,915.4730,-61.4601,198,197,0.05975000,,0.05975000,0.05975000,61.4601,1028.6214,OK,0.0000,-1.8438,3.0000,97.0000,AG03-UNRESOLVED,ALL5_LEVELS_bet23_to_bet27,-1.8438,-1.8438,-1.8438,-2.4584,-2.4584,3.000000,3.000000,3.000000,4.000000,4.000000,97.000000,97.000000,97.000000,96.000000,96.000000,5.0,-10.4482,-9.7648,-51.0119,-51.6953,PENDING_AG03,FALSE,NOT_FOR_ENFORCEMENT,-59.6163,888.0088,-61.4601,-59.6163,-1.8438,-0.05975000,-0.05795750,-1.8438,-59.6163,-0.05795750,-1.8438,-1.8438,-1.8438,-2.4584,-2.4584,-59.6163,-0.05795750,-10.4482,-9.7648,-51.0119,-51.6953,-0.04959250,-0.05025689,-0.00179250,5.1951,4.6471,-0.3120,-61.4601,-2.0487,1028.6214,197.0000,,5.1951,5.1431,5.1431,5.1431,5.1431,5.1431,7.8175,5.1431,0.0,1.0,1.520004,1.010101,29,31,1,2,0E-8,-0.05975000,,0E-8,0.000000,0.890000,0.000000,,2026-06-17,2026-06-17,1,30,29,1,1.000000,,,0.000000,,,,,,,,GLOBAL_BASELINE_NO_ENTITY_RANKING,,,NOT_APPLICABLE_GLOBAL_BASELINE,HF9g-P5,,,,X 全窗基线 · 不参与实体赏罚,3923276,393,A168_HF9F_20260827_0900,2026-08-27 09:00:00
2026-06-17,151629663,1985,0,30.8586417054,0E-10,0E-10,0.5000000,6,6,0.49324550000000000,0.493245500000,0.03309317671092531,0.03309317671092531,0.03309317671092531,0E-17,ELIGIBLE,R03b_20260811_FULL_v1,L1_ELIGIBILITY,v2026-08-11,2026-03-21..2026-08-06,baccarat_bet02_101_all_pairs_incl_sentinel,round_win = game_pnl > 0 (decisive only),COMPATIBILITY_ONLY_NOT_PRODUCTION,1028.6214,915.4730,-61.4601,198,197,0.05975000,,0.05975000,0.05975000,61.4601,1028.6214,OK,0.0000,-1.8438,3.0000,97.0000,AG03-UNRESOLVED,ALL5_LEVELS_bet23_to_bet27,-1.8438,-1.8438,-1.8438,-2.4584,-2.4584,3.000000,3.000000,3.000000,4.000000,4.000000,97.000000,97.000000,97.000000,96.000000,96.000000,5.0,-10.4482,-9.7648,-51.0119,-51.6953,PENDING_AG03,FALSE,NOT_FOR_ENFORCEMENT,-59.6163,888.0088,-61.4601,-59.6163,-1.8438,-0.05975000,-0.05795750,-1.8438,-59.6163,-0.05795750,-1.8438,-1.8438,-1.8438,-2.4584,-2.4584,-59.6163,-0.05795750,-10.4482,-9.7648,-51.0119,-51.6953,-0.04959250,-0.05025689,-0.00179250,5.1951,4.6471,-0.3120,-61.4601,-2.0487,1028.6214,197.0000,,5.1951,5.1431,5.1431,5.1431,5.1431,5.1431,7.8175,5.1431,0.0,1.0,1.520004,1.010101,29,31,1,2,0E-8,-0.05975000,,0E-8,0.000000,0.890000,0.000000,,2026-06-17,2026-06-17,1,30,29,1,1.000000,,,0.000000,,,,,,,,GLOBAL_BASELINE_NO_ENTITY_RANKING,,,NOT_APPLICABLE_GLOBAL_BASELINE,HF9g-P5,,,,X 全窗基线 · 不参与实体赏罚,3923277,393,A168_HF9F_20260827_0900,2026-08-27 09:00:00
2026-06-17,151629663,1990,0,41.1448556072,5.1431069509,5.1431069509,0.5714286,8,8,0.49324550000000000,0.493245500000,0.4137436818725812,0.41374368187258126,0.4137436818725812,0E-17,ELIGIBLE,R03b_20260811_FULL_v1,L1_ELIGIBILITY,v2026-08-11,2026-03-21..2026-08-06,baccarat_bet02_101_all_pairs_incl_sentinel,round_win = game_pnl > 0 (decisive only),COMPATIBILITY_ONLY_NOT_PRODUCTION,1028.6214,915.4730,-61.4601,198,197,0.05975000,,0.05975000,0.05975000,61.4601,1028.6214,OK,0.0000,-1.8438,3.0000,97.0000,AG03-UNRESOLVED,ALL5_LEVELS_bet23_to_bet27,-1.8438,-1.8438,-1.8438,-2.4584,-2.4584,3.000000,3.000000,3.000000,4.000000,4.000000,97.000000,97.000000,97.000000,96.000000,96.000000,5.0,-10.4482,-9.7648,-51.0119,-51.6953,PENDING_AG03,FALSE,NOT_FOR_ENFORCEMENT,-59.6163,888.0088,-61.4601,-59.6163,-1.8438,-0.05975000,-0.05795750,-1.8438,-59.6163,-0.05795750,-1.8438,-1.8438,-1.8438,-2.4584,-2.4584,-59.6163,-0.05795750,-10.4482,-9.7648,-51.0119,-51.6953,-0.04959250,-0.05025689,-0.00179250,5.1951,4.6471,-0.3120,-61.4601,-2.0487,1028.6214,197.0000,,5.1951,5.1431,5.1431,5.1431,5.1431,5.1431,7.8175,5.1431,0.0,1.0,1.520004,1.010101,29,31,1,2,0E-8,-0.05975000,,0E-8,0.000000,0.890000,0.000000,,2026-06-17,2026-06-17,1,30,29,1,1.000000,,,0.000000,,,,,,,,GLOBAL_BASELINE_NO_ENTITY_RANKING,,,NOT_APPLICABLE_GLOBAL_BASELINE,HF9g-P5,,,,X 全窗基线 · 不参与实体赏罚,3923278,393,A168_HF9F_20260827_0900,2026-08-27 09:00:00
2026-06-17,151629663,2071,0,30.8586417054,10.2862139018,10.2862139018,0.6666667,6,6,0.49324550000000000,0.493245500000,0.8496642703256836,0.8496642703256835,0.8496642703256836,0E-17,ELIGIBLE,R03b_20260811_FULL_v1,L1_ELIGIBILITY,v2026-08-11,2026-03-21..2026-08-06,baccarat_bet02_101_all_pairs_incl_sentinel,round_win = game_pnl > 0 (decisive only),COMPATIBILITY_ONLY_NOT_PRODUCTION,1028.6214,915.4730,-61.4601,198,197,0.05975000,,0.05975000,0.05975000,61.4601,1028.6214,OK,0.0000,-1.8438,3.0000,97.0000,AG03-UNRESOLVED,ALL5_LEVELS_bet23_to_bet27,-1.8438,-1.8438,-1.8438,-2.4584,-2.4584,3.000000,3.000000,3.000000,4.000000,4.000000,97.000000,97.000000,97.000000,96.000000,96.000000,5.0,-10.4482,-9.7648,-51.0119,-51.6953,PENDING_AG03,FALSE,NOT_FOR_ENFORCEMENT,-59.6163,888.0088,-61.4601,-59.6163,-1.8438,-0.05975000,-0.05795750,-1.8438,-59.6163,-0.05795750,-1.8438,-1.8438,-1.8438,-2.4584,-2.4584,-59.6163,-0.05795750,-10.4482,-9.7648,-51.0119,-51.6953,-0.04959250,-0.05025689,-0.00179250,5.1951,4.6471,-0.3120,-61.4601,-2.0487,1028.6214,197.0000,,5.1951,5.1431,5.1431,5.1431,5.1431,5.1431,7.8175,5.1431,0.0,1.0,1.520004,1.010101,29,31,1,2,0E-8,-0.05975000,,0E-8,0.000000,0.890000,0.000000,,2026-06-17,2026-06-17,1,30,29,1,1.000000,,,0.000000,,,,,,,,GLOBAL_BASELINE_NO_ENTITY_RANKING,,,NOT_APPLICABLE_GLOBAL_BASELINE,HF9g-P5,,,,X 全窗基线 · 不参与实体赏罚,3923279,393,A168_HF9F_20260827_0900,2026-08-27 09:00:00
2026-06-17,151629663,2103,0,5.1431069509,-5.1431069509,-5.1431069509,0E-7,1,1,0.49324550000000000,0.493245500000,-0.9865810262130424,-0.9865810262130424,-0.9865810262130424,0E-17,ELIGIBLE,R03b_20260811_FULL_v1,L1_ELIGIBILITY,v2026-08-11,2026-03-21..2026-08-06,baccarat_bet02_101_all_pairs_incl_sentinel,round_win = game_pnl > 0 (decisive only),COMPATIBILITY_ONLY_NOT_PRODUCTION,1028.6214,915.4730,-61.4601,198,197,0.05975000,,0.05975000,0.05975000,61.4601,1028.6214,OK,0.0000,-1.8438,3.0000,97.0000,AG03-UNRESOLVED,ALL5_LEVELS_bet23_to_bet27,-1.8438,-1.8438,-1.8438,-2.4584,-2.4584,3.000000,3.000000,3.000000,4.000000,4.000000,97.000000,97.000000,97.000000,96.000000,96.000000,5.0,-10.4482,-9.7648,-51.0119,-51.6953,PENDING_AG03,FALSE,NOT_FOR_ENFORCEMENT,-59.6163,888.0088,-61.4601,-59.6163,-1.8438,-0.05975000,-0.05795750,-1.8438,-59.6163,-0.05795750,-1.8438,-1.8438,-1.8438,-2.4584,-2.4584,-59.6163,-0.05795750,-10.4482,-9.7648,-51.0119,-51.6953,-0.04959250,-0.05025689,-0.00179250,5.1951,4.6471,-0.3120,-61.4601,-2.0487,1028.6214,197.0000,,5.1951,5.1431,5.1431,5.1431,5.1431,5.1431,7.8175,5.1431,0.0,1.0,1.520004,1.010101,29,31,1,2,0E-8,-0.05975000,,0E-8,0.000000,0.890000,0.000000,,2026-06-17,2026-06-17,1,30,29,1,1.000000,,,0.000000,,,,,,,,GLOBAL_BASELINE_NO_ENTITY_RANKING,,,NOT_APPLICABLE_GLOBAL_BASELINE,HF9g-P5,,,,X 全窗基线 · 不参与实体赏罚,3923280,393,A168_HF9F_20260827_0900,2026-08-27 09:00:00
2026-06-17,151629663,2108,0,46.2879625581,-15.4293208527,-15.4293208527,0.2857143,9,9,0.49324550000000000,0.493245500000,-1.0982521808510124,-1.0982521808510126,-1.0982521808510124,0E-17,ELIGIBLE,R03b_20260811_FULL_v1,L1_ELIGIBILITY,v2026-08-11,2026-03-21..2026-08-06,baccarat_bet02_101_all_pairs_incl_sentinel,round_win = game_pnl > 0 (decisive only),COMPATIBILITY_ONLY_NOT_PRODUCTION,1028.6214,915.4730,-61.4601,198,197,0.05975000,,0.05975000,0.05975000,61.4601,1028.6214,OK,0.0000,-1.8438,3.0000,97.0000,AG03-UNRESOLVED,ALL5_LEVELS_bet23_to_bet27,-1.8438,-1.8438,-1.8438,-2.4584,-2.4584,3.000000,3.000000,3.000000,4.000000,4.000000,97.000000,97.000000,97.000000,96.000000,96.000000,5.0,-10.4482,-9.7648,-51.0119,-51.6953,PENDING_AG03,FALSE,NOT_FOR_ENFORCEMENT,-59.6163,888.0088,-61.4601,-59.6163,-1.8438,-0.05975000,-0.05795750,-1.8438,-59.6163,-0.05795750,-1.8438,-1.8438,-1.8438,-2.4584,-2.4584,-59.6163,-0.05795750,-10.4482,-9.7648,-51.0119,-51.6953,-0.04959250,-0.05025689,-0.00179250,5.1951,4.6471,-0.3120,-61.4601,-2.0487,1028.6214,197.0000,,5.1951,5.1431,5.1431,5.1431,5.1431,5.1431,7.8175,5.1431,0.0,1.0,1.520004,1.010101,29,31,1,2,0E-8,-0.05975000,,0E-8,0.000000,0.890000,0.000000,,2026-06-17,2026-06-17,1,30,29,1,1.000000,,,0.000000,,,,,,,,GLOBAL_BASELINE_NO_ENTITY_RANKING,,,NOT_APPLICABLE_GLOBAL_BASELINE,HF9g-P5,,,,X 全窗基线 · 不参与实体赏罚,3923281,393,A168_HF9F_20260827_0900,2026-08-27 09:00:00
2026-06-17,151629663,2127,0,5.1431069509,5.1431069509,5.1431069509,1.0000000,1,1,0.49324550000000000,0.493245500000,1.01360149184955,1.01360149184955,1.01360149184955,0E-17,ELIGIBLE,R03b_20260811_FULL_v1,L1_ELIGIBILITY,v2026-08-11,2026-03-21..2026-08-06,baccarat_bet02_101_all_pairs_incl_sentinel,round_win = game_pnl > 0 (decisive only),COMPATIBILITY_ONLY_NOT_PRODUCTION,1028.6214,915.4730,-61.4601,198,197,0.05975000,,0.05975000,0.05975000,61.4601,1028.6214,OK,0.0000,-1.8438,3.0000,97.0000,AG03-UNRESOLVED,ALL5_LEVELS_bet23_to_bet27,-1.8438,-1.8438,-1.8438,-2.4584,-2.4584,3.000000,3.000000,3.000000,4.000000,4.000000,97.000000,97.000000,97.000000,96.000000,96.000000,5.0,-10.4482,-9.7648,-51.0119,-51.6953,PENDING_AG03,FALSE,NOT_FOR_ENFORCEMENT,-59.6163,888.0088,-61.4601,-59.6163,-1.8438,-0.05975000,-0.05795750,-1.8438,-59.6163,-0.05795750,-1.8438,-1.8438,-1.8438,-2.4584,-2.4584,-59.6163,-0.05795750,-10.4482,-9.7648,-51.0119,-51.6953,-0.04959250,-0.05025689,-0.00179250,5.1951,4.6471,-0.3120,-61.4601,-2.0487,1028.6214,197.0000,,5.1951,5.1431,5.1431,5.1431,5.1431,5.1431,7.8175,5.1431,0.0,1.0,1.520004,1.010101,29,31,1,2,0E-8,-0.05975000,,0E-8,0.000000,0.890000,0.000000,,2026-06-17,2026-06-17,1,30,29,1,1.000000,,,0.000000,,,,,,,,GLOBAL_BASELINE_NO_ENTITY_RANKING,,,NOT_APPLICABLE_GLOBAL_BASELINE,HF9g-P5,,,,X 全窗基线 · 不参与实体赏罚,3923282,393,A168_HF9F_20260827_0900,2026-08-27 09:00:00
2026-06-17,151629663,2134,0,5.1431069509,5.1431069509,5.1431069509,1.0000000,1,1,0.49324550000000000,0.493245500000,1.01360149184955,1.01360149184955,1.01360149184955,0E-17,ELIGIBLE,R03b_20260811_FULL_v1,L1_ELIGIBILITY,v2026-08-11,2026-03-21..2026-08-06,baccarat_bet02_101_all_pairs_incl_sentinel,round_win = game_pnl > 0 (decisive only),COMPATIBILITY_ONLY_NOT_PRODUCTION,1028.6214,915.4730,-61.4601,198,197,0.05975000,,0.05975000,0.05975000,61.4601,1028.6214,OK,0.0000,-1.8438,3.0000,97.0000,AG03-UNRESOLVED,ALL5_LEVELS_bet23_to_bet27,-1.8438,-1.8438,-1.8438,-2.4584,-2.4584,3.000000,3.000000,3.000000,4.000000,4.000000,97.000000,97.000000,97.000000,96.000000,96.000000,5.0,-10.4482,-9.7648,-51.0119,-51.6953,PENDING_AG03,FALSE,NOT_FOR_ENFORCEMENT,-59.6163,888.0088,-61.4601,-59.6163,-1.8438,-0.05975000,-0.05795750,-1.8438,-59.6163,-0.05795750,-1.8438,-1.8438,-1.8438,-2.4584,-2.4584,-59.6163,-0.05795750,-10.4482,-9.7648,-51.0119,-51.6953,-0.04959250,-0.05025689,-0.00179250,5.1951,4.6471,-0.3120,-61.4601,-2.0487,1028.6214,197.0000,,5.1951,5.1431,5.1431,5.1431,5.1431,5.1431,7.8175,5.1431,0.0,1.0,1.520004,1.010101,29,31,1,2,0E-8,-0.05975000,,0E-8,0.000000,0.890000,0.000000,,2026-06-17,2026-06-17,1,30,29,1,1.000000,,,0.000000,,,,,,,,GLOBAL_BASELINE_NO_ENTITY_RANKING,,,NOT_APPLICABLE_GLOBAL_BASELINE,HF9g-P5,,,,X 全窗基线 · 不参与实体赏罚,3923283,393,A168_HF9F_20260827_0900,2026-08-27 09:00:00
2026-06-17,151629663,2154,0,25.7155347545,0E-10,0E-10,0.5000000,5,5,0.49324550000000000,0.493245500000,0.027020465636507562,0.027020465636507562,0.027020465636507562,0E-17,ELIGIBLE,R03b_20260811_FULL_v1,L1_ELIGIBILITY,v2026-08-11,2026-03-21..2026-08-06,baccarat_bet02_101_all_pairs_incl_sentinel,round_win = game_pnl > 0 (decisive only),COMPATIBILITY_ONLY_NOT_PRODUCTION,1028.6214,915.4730,-61.4601,198,197,0.05975000,,0.05975000,0.05975000,61.4601,1028.6214,OK,0.0000,-1.8438,3.0000,97.0000,AG03-UNRESOLVED,ALL5_LEVELS_bet23_to_bet27,-1.8438,-1.8438,-1.8438,-2.4584,-2.4584,3.000000,3.000000,3.000000,4.000000,4.000000,97.000000,97.000000,97.000000,96.000000,96.000000,5.0,-10.4482,-9.7648,-51.0119,-51.6953,PENDING_AG03,FALSE,NOT_FOR_ENFORCEMENT,-59.6163,888.0088,-61.4601,-59.6163,-1.8438,-0.05975000,-0.05795750,-1.8438,-59.6163,-0.05795750,-1.8438,-1.8438,-1.8438,-2.4584,-2.4584,-59.6163,-0.05795750,-10.4482,-9.7648,-51.0119,-51.6953,-0.04959250,-0.05025689,-0.00179250,5.1951,4.6471,-0.3120,-61.4601,-2.0487,1028.6214,197.0000,,5.1951,5.1431,5.1431,5.1431,5.1431,5.1431,7.8175,5.1431,0.0,1.0,1.520004,1.010101,29,31,1,2,0E-8,-0.05975000,,0E-8,0.000000,0.890000,0.000000,,2026-06-17,2026-06-17,1,30,29,1,1.000000,,,0.000000,,,,,,,,GLOBAL_BASELINE_NO_ENTITY_RANKING,,,NOT_APPLICABLE_GLOBAL_BASELINE,HF9g-P5,,,,X 全窗基线 · 不参与实体赏罚,3923284,393,A168_HF9F_20260827_0900,2026-08-27 09:00:00
2026-06-17,151629663,2155,0,5.1431069509,0E-10,0E-10,,1,1,0.49324550000000000,0.493245500000,,,,0E-17,NO_DECISIVE_ROUND,R03b_20260811_FULL_v1,L1_ELIGIBILITY,v2026-08-11,2026-03-21..2026-08-06,baccarat_bet02_101_all_pairs_incl_sentinel,round_win = game_pnl > 0 (decisive only),COMPATIBILITY_ONLY_NOT_PRODUCTION,1028.6214,915.4730,-61.4601,198,197,0.05975000,,0.05975000,0.05975000,61.4601,1028.6214,OK,0.0000,-1.8438,3.0000,97.0000,AG03-UNRESOLVED,ALL5_LEVELS_bet23_to_bet27,-1.8438,-1.8438,-1.8438,-2.4584,-2.4584,3.000000,3.000000,3.000000,4.000000,4.000000,97.000000,97.000000,97.000000,96.000000,96.000000,5.0,-10.4482,-9.7648,-51.0119,-51.6953,PENDING_AG03,FALSE,NOT_FOR_ENFORCEMENT,-59.6163,888.0088,-61.4601,-59.6163,-1.8438,-0.05975000,-0.05795750,-1.8438,-59.6163,-0.05795750,-1.8438,-1.8438,-1.8438,-2.4584,-2.4584,-59.6163,-0.05795750,-10.4482,-9.7648,-51.0119,-51.6953,-0.04959250,-0.05025689,-0.00179250,5.1951,4.6471,-0.3120,-61.4601,-2.0487,1028.6214,197.0000,,5.1951,5.1431,5.1431,5.1431,5.1431,5.1431,7.8175,5.1431,0.0,1.0,1.520004,1.010101,29,31,1,2,0E-8,-0.05975000,,0E-8,0.000000,0.890000,0.000000,,2026-06-17,2026-06-17,1,30,29,1,1.000000,,,0.000000,,,,,,,,GLOBAL_BASELINE_NO_ENTITY_RANKING,,,NOT_APPLICABLE_GLOBAL_BASELINE,HF9g-P5,,,,X 全窗基线 · 不参与实体赏罚,3923285,393,A168_HF9F_20260827_0900,2026-08-27 09:00:00
2026-06-17,151629663,2175,0,5.1431069509,-5.1431069509,-5.1431069509,0E-7,1,1,0.49324550000000000,0.493245500000,-0.9865810262130424,-0.9865810262130424,-0.9865810262130424,0E-17,ELIGIBLE,R03b_20260811_FULL_v1,L1_ELIGIBILITY,v2026-08-11,2026-03-21..2026-08-06,baccarat_bet02_101_all_pairs_incl_sentinel,round_win = game_pnl > 0 (decisive only),COMPATIBILITY_ONLY_NOT_PRODUCTION,1028.6214,915.4730,-61.4601,198,197,0.05975000,,0.05975000,0.05975000,61.4601,1028.6214,OK,0.0000,-1.8438,3.0000,97.0000,AG03-UNRESOLVED,ALL5_LEVELS_bet23_to_bet27,-1.8438,-1.8438,-1.8438,-2.4584,-2.4584,3.000000,3.000000,3.000000,4.000000,4.000000,97.000000,97.000000,97.000000,96.000000,96.000000,5.0,-10.4482,-9.7648,-51.0119,-51.6953,PENDING_AG03,FALSE,NOT_FOR_ENFORCEMENT,-59.6163,888.0088,-61.4601,-59.6163,-1.8438,-0.05975000,-0.05795750,-1.8438,-59.6163,-0.05795750,-1.8438,-1.8438,-1.8438,-2.4584,-2.4584,-59.6163,-0.05795750,-10.4482,-9.7648,-51.0119,-51.6953,-0.04959250,-0.05025689,-0.00179250,5.1951,4.6471,-0.3120,-61.4601,-2.0487,1028.6214,197.0000,,5.1951,5.1431,5.1431,5.1431,5.1431,5.1431,7.8175,5.1431,0.0,1.0,1.520004,1.010101,29,31,1,2,0E-8,-0.05975000,,0E-8,0.000000,0.890000,0.000000,,2026-06-17,2026-06-17,1,30,29,1,1.000000,,,0.000000,,,,,,,,GLOBAL_BASELINE_NO_ENTITY_RANKING,,,NOT_APPLICABLE_GLOBAL_BASELINE,HF9g-P5,,,,X 全窗基线 · 不参与实体赏罚,3923286,393,A168_HF9F_20260827_0900,2026-08-27 09:00:00
2026-06-17,151629663,2196,0,30.8586417054,-10.2862139018,-10.2862139018,0.3333333,6,6,0.49324550000000000,0.493245500000,-0.783477916903833,-0.7834779169038328,-0.783477916903833,0E-17,ELIGIBLE,R03b_20260811_FULL_v1,L1_ELIGIBILITY,v2026-08-11,2026-03-21..2026-08-06,baccarat_bet02_101_all_pairs_incl_sentinel,round_win = game_pnl > 0 (decisive only),COMPATIBILITY_ONLY_NOT_PRODUCTION,1028.6214,915.4730,-61.4601,198,197,0.05975000,,0.05975000,0.05975000,61.4601,1028.6214,OK,0.0000,-1.8438,3.0000,97.0000,AG03-UNRESOLVED,ALL5_LEVELS_bet23_to_bet27,-1.8438,-1.8438,-1.8438,-2.4584,-2.4584,3.000000,3.000000,3.000000,4.000000,4.000000,97.000000,97.000000,97.000000,96.000000,96.000000,5.0,-10.4482,-9.7648,-51.0119,-51.6953,PENDING_AG03,FALSE,NOT_FOR_ENFORCEMENT,-59.6163,888.0088,-61.4601,-59.6163,-1.8438,-0.05975000,-0.05795750,-1.8438,-59.6163,-0.05795750,-1.8438,-1.8438,-1.8438,-2.4584,-2.4584,-59.6163,-0.05795750,-10.4482,-9.7648,-51.0119,-51.6953,-0.04959250,-0.05025689,-0.00179250,5.1951,4.6471,-0.3120,-61.4601,-2.0487,1028.6214,197.0000,,5.1951,5.1431,5.1431,5.1431,5.1431,5.1431,7.8175,5.1431,0.0,1.0,1.520004,1.010101,29,31,1,2,0E-8,-0.05975000,,0E-8,0.000000,0.890000,0.000000,,2026-06-17,2026-06-17,1,30,29,1,1.000000,,,0.000000,,,,,,,,GLOBAL_BASELINE_NO_ENTITY_RANKING,,,NOT_APPLICABLE_GLOBAL_BASELINE,HF9g-P5,,,,X 全窗基线 · 不参与实体赏罚,3923287,393,A168_HF9F_20260827_0900,2026-08-27 09:00:00
2026-06-17,151629663,2229,0,10.2862139018,10.2862139018,10.2862139018,1.0000000,2,2,0.49324550000000000,0.493245500000,1.4334489766152358,1.4334489766152358,1.4334489766152358,0E-17,ELIGIBLE,R03b_20260811_FULL_v1,L1_ELIGIBILITY,v2026-08-11,2026-03-21..2026-08-06,baccarat_bet02_101_all_pairs_incl_sentinel,round_win = game_pnl > 0 (decisive only),COMPATIBILITY_ONLY_NOT_PRODUCTION,1028.6214,915.4730,-61.4601,198,197,0.05975000,,0.05975000,0.05975000,61.4601,1028.6214,OK,0.0000,-1.8438,3.0000,97.0000,AG03-UNRESOLVED,ALL5_LEVELS_bet23_to_bet27,-1.8438,-1.8438,-1.8438,-2.4584,-2.4584,3.000000,3.000000,3.000000,4.000000,4.000000,97.000000,97.000000,97.000000,96.000000,96.000000,5.0,-10.4482,-9.7648,-51.0119,-51.6953,PENDING_AG03,FALSE,NOT_FOR_ENFORCEMENT,-59.6163,888.0088,-61.4601,-59.6163,-1.8438,-0.05975000,-0.05795750,-1.8438,-59.6163,-0.05795750,-1.8438,-1.8438,-1.8438,-2.4584,-2.4584,-59.6163,-0.05795750,-10.4482,-9.7648,-51.0119,-51.6953,-0.04959250,-0.05025689,-0.00179250,5.1951,4.6471,-0.3120,-61.4601,-2.0487,1028.6214,197.0000,,5.1951,5.1431,5.1431,5.1431,5.1431,5.1431,7.8175,5.1431,0.0,1.0,1.520004,1.010101,29,31,1,2,0E-8,-0.05975000,,0E-8,0.000000,0.890000,0.000000,,2026-06-17,2026-06-17,1,30,29,1,1.000000,,,0.000000,,,,,,,,GLOBAL_BASELINE_NO_ENTITY_RANKING,,,NOT_APPLICABLE_GLOBAL_BASELINE,HF9g-P5,,,,X 全窗基线 · 不参与实体赏罚,3923288,393,A168_HF9F_20260827_0900,2026-08-27 09:00:00
2026-06-17,151629663,2233,0,10.2862139018,10.2862139018,10.2862139018,1.0000000,2,2,0.49324550000000000,0.493245500000,1.4334489766152358,1.4334489766152358,1.4334489766152358,0E-17,ELIGIBLE,R03b_20260811_FULL_v1,L1_ELIGIBILITY,v2026-08-11,2026-03-21..2026-08-06,baccarat_bet02_101_all_pairs_incl_sentinel,round_win = game_pnl > 0 (decisive only),COMPATIBILITY_ONLY_NOT_PRODUCTION,1028.6214,915.4730,-61.4601,198,197,0.05975000,,0.05975000,0.05975000,61.4601,1028.6214,OK,0.0000,-1.8438,3.0000,97.0000,AG03-UNRESOLVED,ALL5_LEVELS_bet23_to_bet27,-1.8438,-1.8438,-1.8438,-2.4584,-2.4584,3.000000,3.000000,3.000000,4.000000,4.000000,97.000000,97.000000,97.000000,96.000000,96.000000,5.0,-10.4482,-9.7648,-51.0119,-51.6953,PENDING_AG03,FALSE,NOT_FOR_ENFORCEMENT,-59.6163,888.0088,-61.4601,-59.6163,-1.8438,-0.05975000,-0.05795750,-1.8438,-59.6163,-0.05795750,-1.8438,-1.8438,-1.8438,-2.4584,-2.4584,-59.6163,-0.05795750,-10.4482,-9.7648,-51.0119,-51.6953,-0.04959250,-0.05025689,-0.00179250,5.1951,4.6471,-0.3120,-61.4601,-2.0487,1028.6214,197.0000,,5.1951,5.1431,5.1431,5.1431,5.1431,5.1431,7.8175,5.1431,0.0,1.0,1.520004,1.010101,29,31,1,2,0E-8,-0.05975000,,0E-8,0.000000,0.890000,0.000000,,2026-06-17,2026-06-17,1,30,29,1,1.000000,,,0.000000,,,,,,,,GLOBAL_BASELINE_NO_ENTITY_RANKING,,,NOT_APPLICABLE_GLOBAL_BASELINE,HF9g-P5,,,,X 全窗基线 · 不参与实体赏罚,3923289,393,A168_HF9F_20260827_0900,2026-08-27 09:00:00
2026-06-17,151629663,2280,0,30.8586417054,-10.2862139018,-10.2862139018,0.3333333,6,6,0.49324550000000000,0.493245500000,-0.783477916903833,-0.7834779169038328,-0.783477916903833,0E-17,ELIGIBLE,R03b_20260811_FULL_v1,L1_ELIGIBILITY,v2026-08-11,2026-03-21..2026-08-06,baccarat_bet02_101_all_pairs_incl_sentinel,round_win = game_pnl > 0 (decisive only),COMPATIBILITY_ONLY_NOT_PRODUCTION,1028.6214,915.4730,-61.4601,198,197,0.05975000,,0.05975000,0.05975000,61.4601,1028.6214,OK,0.0000,-1.8438,3.0000,97.0000,AG03-UNRESOLVED,ALL5_LEVELS_bet23_to_bet27,-1.8438,-1.8438,-1.8438,-2.4584,-2.4584,3.000000,3.000000,3.000000,4.000000,4.000000,97.000000,97.000000,97.000000,96.000000,96.000000,5.0,-10.4482,-9.7648,-51.0119,-51.6953,PENDING_AG03,FALSE,NOT_FOR_ENFORCEMENT,-59.6163,888.0088,-61.4601,-59.6163,-1.8438,-0.05975000,-0.05795750,-1.8438,-59.6163,-0.05795750,-1.8438,-1.8438,-1.8438,-2.4584,-2.4584,-59.6163,-0.05795750,-10.4482,-9.7648,-51.0119,-51.6953,-0.04959250,-0.05025689,-0.00179250,5.1951,4.6471,-0.3120,-61.4601,-2.0487,1028.6214,197.0000,,5.1951,5.1431,5.1431,5.1431,5.1431,5.1431,7.8175,5.1431,0.0,1.0,1.520004,1.010101,29,31,1,2,0E-8,-0.05975000,,0E-8,0.000000,0.890000,0.000000,,2026-06-17,2026-06-17,1,30,29,1,1.000000,,,0.000000,,,,,,,,GLOBAL_BASELINE_NO_ENTITY_RANKING,,,NOT_APPLICABLE_GLOBAL_BASELINE,HF9g-P5,,,,X 全窗基线 · 不参与实体赏罚,3923290,393,A168_HF9F_20260827_0900,2026-08-27 09:00:00
2026-06-17,151629663,2287,0,5.1431069509,0E-10,0E-10,,1,1,0.49324550000000000,0.493245500000,,,,0E-17,NO_DECISIVE_ROUND,R03b_20260811_FULL_v1,L1_ELIGIBILITY,v2026-08-11,2026-03-21..2026-08-06,baccarat_bet02_101_all_pairs_incl_sentinel,round_win = game_pnl > 0 (decisive only),COMPATIBILITY_ONLY_NOT_PRODUCTION,1028.6214,915.4730,-61.4601,198,197,0.05975000,,0.05975000,0.05975000,61.4601,1028.6214,OK,0.0000,-1.8438,3.0000,97.0000,AG03-UNRESOLVED,ALL5_LEVELS_bet23_to_bet27,-1.8438,-1.8438,-1.8438,-2.4584,-2.4584,3.000000,3.000000,3.000000,4.000000,4.000000,97.000000,97.000000,97.000000,96.000000,96.000000,5.0,-10.4482,-9.7648,-51.0119,-51.6953,PENDING_AG03,FALSE,NOT_FOR_ENFORCEMENT,-59.6163,888.0088,-61.4601,-59.6163,-1.8438,-0.05975000,-0.05795750,-1.8438,-59.6163,-0.05795750,-1.8438,-1.8438,-1.8438,-2.4584,-2.4584,-59.6163,-0.05795750,-10.4482,-9.7648,-51.0119,-51.6953,-0.04959250,-0.05025689,-0.00179250,5.1951,4.6471,-0.3120,-61.4601,-2.0487,1028.6214,197.0000,,5.1951,5.1431,5.1431,5.1431,5.1431,5.1431,7.8175,5.1431,0.0,1.0,1.520004,1.010101,29,31,1,2,0E-8,-0.05975000,,0E-8,0.000000,0.890000,0.000000,,2026-06-17,2026-06-17,1,30,29,1,1.000000,,,0.000000,,,,,,,,GLOBAL_BASELINE_NO_ENTITY_RANKING,,,NOT_APPLICABLE_GLOBAL_BASELINE,HF9g-P5,,,,X 全窗基线 · 不参与实体赏罚,3923291,393,A168_HF9F_20260827_0900,2026-08-27 09:00:00
2026-06-17,151629663,763,0,36.0017486563,0E-10,0E-10,0.5000000,7,7,0.49324550000000000,0.493245500000,0.03309317671092531,0.03309317671092531,0.03309317671092531,0E-17,ELIGIBLE,R03b_20260811_FULL_v1,L1_ELIGIBILITY,v2026-08-11,2026-03-21..2026-08-06,baccarat_bet02_101_all_pairs_incl_sentinel,round_win = game_pnl > 0 (decisive only),COMPATIBILITY_ONLY_NOT_PRODUCTION,1028.6214,915.4730,-61.4601,198,197,0.05975000,,0.05975000,0.05975000,61.4601,1028.6214,OK,0.0000,-1.8438,3.0000,97.0000,AG03-UNRESOLVED,ALL5_LEVELS_bet23_to_bet27,-1.8438,-1.8438,-1.8438,-2.4584,-2.4584,3.000000,3.000000,3.000000,4.000000,4.000000,97.000000,97.000000,97.000000,96.000000,96.000000,5.0,-10.4482,-9.7648,-51.0119,-51.6953,PENDING_AG03,FALSE,NOT_FOR_ENFORCEMENT,-59.6163,888.0088,-61.4601,-59.6163,-1.8438,-0.05975000,-0.05795750,-1.8438,-59.6163,-0.05795750,-1.8438,-1.8438,-1.8438,-2.4584,-2.4584,-59.6163,-0.05795750,-10.4482,-9.7648,-51.0119,-51.6953,-0.04959250,-0.05025689,-0.00179250,5.1951,4.6471,-0.3120,-61.4601,-2.0487,1028.6214,197.0000,,5.1951,5.1431,5.1431,5.1431,5.1431,5.1431,7.8175,5.1431,0.0,1.0,1.520004,1.010101,29,31,1,2,0E-8,-0.05975000,,0E-8,0.000000,0.890000,0.000000,,2026-06-17,2026-06-17,1,30,29,1,1.000000,,,0.000000,,,,,,,,GLOBAL_BASELINE_NO_ENTITY_RANKING,,,NOT_APPLICABLE_GLOBAL_BASELINE,HF9g-P5,,,,X 全窗基线 · 不参与实体赏罚,3923292,393,A168_HF9F_20260827_0900,2026-08-27 09:00:00
2026-06-17,151629663,919,0,5.1431069509,-5.1431069509,-5.1431069509,0E-7,1,1,0.49324550000000000,0.493245500000,-0.9865810262130424,-0.9865810262130424,-0.9865810262130424,0E-17,ELIGIBLE,R03b_20260811_FULL_v1,L1_ELIGIBILITY,v2026-08-11,2026-03-21..2026-08-06,baccarat_bet02_101_all_pairs_incl_sentinel,round_win = game_pnl > 0 (decisive only),COMPATIBILITY_ONLY_NOT_PRODUCTION,1028.6214,915.4730,-61.4601,198,197,0.05975000,,0.05975000,0.05975000,61.4601,1028.6214,OK,0.0000,-1.8438,3.0000,97.0000,AG03-UNRESOLVED,ALL5_LEVELS_bet23_to_bet27,-1.8438,-1.8438,-1.8438,-2.4584,-2.4584,3.000000,3.000000,3.000000,4.000000,4.000000,97.000000,97.000000,97.000000,96.000000,96.000000,5.0,-10.4482,-9.7648,-51.0119,-51.6953,PENDING_AG03,FALSE,NOT_FOR_ENFORCEMENT,-59.6163,888.0088,-61.4601,-59.6163,-1.8438,-0.05975000,-0.05795750,-1.8438,-59.6163,-0.05795750,-1.8438,-1.8438,-1.8438,-2.4584,-2.4584,-59.6163,-0.05795750,-10.4482,-9.7648,-51.0119,-51.6953,-0.04959250,-0.05025689,-0.00179250,5.1951,4.6471,-0.3120,-61.4601,-2.0487,1028.6214,197.0000,,5.1951,5.1431,5.1431,5.1431,5.1431,5.1431,7.8175,5.1431,0.0,1.0,1.520004,1.010101,29,31,1,2,0E-8,-0.05975000,,0E-8,0.000000,0.890000,0.000000,,2026-06-17,2026-06-17,1,30,29,1,1.000000,,,0.000000,,,,,,,,GLOBAL_BASELINE_NO_ENTITY_RANKING,,,NOT_APPLICABLE_GLOBAL_BASELINE,HF9g-P5,,,,X 全窗基线 · 不参与实体赏罚,3923293,393,A168_HF9F_20260827_0900,2026-08-27 09:00:00
2026-06-14,151510673,1485,0,117.0000000000,-117.0000000000,-117.0000000000,0E-7,1,1,0.49324550000000000,0.493245500000,-0.9865810262130424,-0.9865810262130424,-0.9865810262130424,0E-17,ELIGIBLE,R03b_20260811_FULL_v1,L1_ELIGIBILITY,v2026-08-11,2026-03-21..2026-08-06,baccarat_bet02_101_all_pairs_incl_sentinel,round_win = game_pnl > 0 (decisive only),COMPATIBILITY_ONLY_NOT_PRODUCTION,375.0000,345.0000,-62.1000,5,5,0.16560000,,0.16560000,0.16560000,62.1000,375.0000,THIN_EXPOSURE,0.0000,-2.4840,4.0000,96.0000,AG03-UNRESOLVED,ALL5_LEVELS_bet23_to_bet27,-2.4840,-2.4840,-2.4840,-3.7260,-3.7260,4.000000,4.000000,4.000000,6.000000,6.000000,96.000000,96.000000,96.000000,94.000000,94.000000,5.0,-14.9040,-13.5532,-47.1960,-48.5468,PENDING_AG03,FALSE,NOT_FOR_ENFORCEMENT,-59.6160,331.2000,-62.1000,-59.6160,-2.4840,-0.16560000,-0.15897600,-2.4840,-59.6160,-0.15897600,-2.4840,-2.4840,-2.4840,-3.7260,-3.7260,-59.6160,-0.15897600,-14.9040,-13.5532,-47.1960,-48.5468,-0.12585600,-0.12945825,-0.00662400,75.0000,69.0000,-12.4200,-20.7000,-15.5250,125.0000,1.6667,,75.0000,27.5,30.0,132.25,178.0,178.0,178.0,30.0,0.0,5.933333,5.933333,2.5,4,4,2,2,0E-8,-0.16560000,,0E-8,0.000000,0.920000,0.000000,,2026-06-14,2026-06-21,3,4,4,8,0.375000,,,0.000000,,,,,,,,GLOBAL_BASELINE_NO_ENTITY_RANKING,,,NOT_APPLICABLE_GLOBAL_BASELINE,HF9g-P5,,,,X 全窗基线 · 不参与实体赏罚,3923294,393,A168_HF9F_20260827_0900,2026-08-27 09:00:00
2026-06-19,151510673,2101,0,20.0000000000,-20.0000000000,-20.0000000000,0E-7,1,1,0.50665070000000000,0.506650700000,-1.013391052207602,-1.013391052207602,-1.013391052207602,0E-17,ELIGIBLE,R03b_20260811_FULL_v1,L1_ELIGIBILITY,v2026-08-11,2026-03-21..2026-08-06,baccarat_bet02_101_all_pairs_incl_sentinel,round_win = game_pnl > 0 (decisive only),COMPATIBILITY_ONLY_NOT_PRODUCTION,375.0000,345.0000,-62.1000,5,5,0.16560000,,0.16560000,0.16560000,62.1000,375.0000,THIN_EXPOSURE,0.0000,-2.4840,4.0000,96.0000,AG03-UNRESOLVED,ALL5_LEVELS_bet23_to_bet27,-2.4840,-2.4840,-2.4840,-3.7260,-3.7260,4.000000,4.000000,4.000000,6.000000,6.000000,96.000000,96.000000,96.000000,94.000000,94.000000,5.0,-14.9040,-13.5532,-47.1960,-48.5468,PENDING_AG03,FALSE,NOT_FOR_ENFORCEMENT,-59.6160,331.2000,-62.1000,-59.6160,-2.4840,-0.16560000,-0.15897600,-2.4840,-59.6160,-0.15897600,-2.4840,-2.4840,-2.4840,-3.7260,-3.7260,-59.6160,-0.15897600,-14.9040,-13.5532,-47.1960,-48.5468,-0.12585600,-0.12945825,-0.00662400,75.0000,69.0000,-12.4200,-20.7000,-15.5250,125.0000,1.6667,,75.0000,27.5,30.0,132.25,178.0,178.0,178.0,30.0,0.0,5.933333,5.933333,2.5,4,4,2,2,0E-8,-0.16560000,,0E-8,0.000000,0.920000,0.000000,,2026-06-14,2026-06-21,3,4,4,8,0.375000,,,0.000000,,,,,,,,GLOBAL_BASELINE_NO_ENTITY_RANKING,,,NOT_APPLICABLE_GLOBAL_BASELINE,HF9g-P5,,,,X 全窗基线 · 不参与实体赏罚,3923295,393,A168_HF9F_20260827_0900,2026-08-27 09:00:00
2026-06-19,151510673,2266,0,60.0000000000,30.0000000000,30.0000000000,1.0000000,2,2,0.49324550000000000,0.493245500000,1.01360149184955,1.01360149184955,1.01360149184955,0E-17,ELIGIBLE,R03b_20260811_FULL_v1,L1_ELIGIBILITY,v2026-08-11,2026-03-21..2026-08-06,baccarat_bet02_101_all_pairs_incl_sentinel,round_win = game_pnl > 0 (decisive only),COMPATIBILITY_ONLY_NOT_PRODUCTION,375.0000,345.0000,-62.1000,5,5,0.16560000,,0.16560000,0.16560000,62.1000,375.0000,THIN_EXPOSURE,0.0000,-2.4840,4.0000,96.0000,AG03-UNRESOLVED,ALL5_LEVELS_bet23_to_bet27,-2.4840,-2.4840,-2.4840,-3.7260,-3.7260,4.000000,4.000000,4.000000,6.000000,6.000000,96.000000,96.000000,96.000000,94.000000,94.000000,5.0,-14.9040,-13.5532,-47.1960,-48.5468,PENDING_AG03,FALSE,NOT_FOR_ENFORCEMENT,-59.6160,331.2000,-62.1000,-59.6160,-2.4840,-0.16560000,-0.15897600,-2.4840,-59.6160,-0.15897600,-2.4840,-2.4840,-2.4840,-3.7260,-3.7260,-59.6160,-0.15897600,-14.9040,-13.5532,-47.1960,-48.5468,-0.12585600,-0.12945825,-0.00662400,75.0000,69.0000,-12.4200,-20.7000,-15.5250,125.0000,1.6667,,75.0000,27.5,30.0,132.25,178.0,178.0,178.0,30.0,0.0,5.933333,5.933333,2.5,4,4,2,2,0E-8,-0.16560000,,0E-8,0.000000,0.920000,0.000000,,2026-06-14,2026-06-21,3,4,4,8,0.375000,,,0.000000,,,,,,,,GLOBAL_BASELINE_NO_ENTITY_RANKING,,,NOT_APPLICABLE_GLOBAL_BASELINE,HF9g-P5,,,,X 全窗基线 · 不参与实体赏罚,3923296,393,A168_HF9F_20260827_0900,2026-08-27 09:00:00
2026-06-21,151510673,1623,0,178.0000000000,169.1000000000,169.1000000000,1.0000000,1,1,0.50665070000000000,0.506650700000,0.9867858985152569,0.9867858985152569,0.9867858985152569,0E-17,ELIGIBLE,R03b_20260811_FULL_v1,L1_ELIGIBILITY,v2026-08-11,2026-03-21..2026-08-06,baccarat_bet02_101_all_pairs_incl_sentinel,round_win = game_pnl > 0 (decisive only),COMPATIBILITY_ONLY_NOT_PRODUCTION,375.0000,345.0000,-62.1000,5,5,0.16560000,,0.16560000,0.16560000,62.1000,375.0000,THIN_EXPOSURE,0.0000,-2.4840,4.0000,96.0000,AG03-UNRESOLVED,ALL5_LEVELS_bet23_to_bet27,-2.4840,-2.4840,-2.4840,-3.7260,-3.7260,4.000000,4.000000,4.000000,6.000000,6.000000,96.000000,96.000000,96.000000,94.000000,94.000000,5.0,-14.9040,-13.5532,-47.1960,-48.5468,PENDING_AG03,FALSE,NOT_FOR_ENFORCEMENT,-59.6160,331.2000,-62.1000,-59.6160,-2.4840,-0.16560000,-0.15897600,-2.4840,-59.6160,-0.15897600,-2.4840,-2.4840,-2.4840,-3.7260,-3.7260,-59.6160,-0.15897600,-14.9040,-13.5532,-47.1960,-48.5468,-0.12585600,-0.12945825,-0.00662400,75.0000,69.0000,-12.4200,-20.7000,-15.5250,125.0000,1.6667,,75.0000,27.5,30.0,132.25,178.0,178.0,178.0,30.0,0.0,5.933333,5.933333,2.5,4,4,2,2,0E-8,-0.16560000,,0E-8,0.000000,0.920000,0.000000,,2026-06-14,2026-06-21,3,4,4,8,0.375000,,,0.000000,,,,,,,,GLOBAL_BASELINE_NO_ENTITY_RANKING,,,NOT_APPLICABLE_GLOBAL_BASELINE,HF9g-P5,,,,X 全窗基线 · 不参与实体赏罚,3923297,393,A168_HF9F_20260827_0900,2026-08-27 09:00:00
2026-03-22,112339874,1711,0,105.0000000000,-7.5000000000,-7.5000000000,0.5000000,2,2,0.50665070000000000,0.506650700000,-0.018812684590367487,-0.018812684590367487,-0.018812684590367487,0E-17,ELIGIBLE,R03b_20260811_FULL_v1,L1_ELIGIBILITY,v2026-08-11,2026-03-21..2026-08-06,baccarat_bet02_101_all_pairs_incl_sentinel,round_win = game_pnl > 0 (decisive only),COMPATIBILITY_ONLY_NOT_PRODUCTION,13401.0000,12239.0000,-62.1000,128,124,0.00463398,0.14728561,-0.09266349,0.00463398,62.1000,13401.0000,OK,0.0000,-2.4840,4.0000,96.0000,AG03-UNRESOLVED,ALL5_LEVELS_bet23_to_bet27,-2.4840,-2.4840,-3.1050,-3.1050,-3.1050,4.000000,4.000000,5.000000,5.000000,5.000000,96.000000,96.000000,95.000000,95.000000,95.000000,5.0,-14.2830,-13.0313,-47.8170,-49.0687,PENDING_AG03,FALSE,NOT_FOR_ENFORCEMENT,-59.6160,11749.4400,-62.1000,-59.6160,-2.4840,-0.00463398,-0.00444862,-2.4840,-59.6160,-0.00444862,-2.4840,-2.4840,-3.1050,-3.1050,-3.1050,-59.6160,-0.00444862,-14.2830,-13.0313,-47.8170,-49.0687,-0.00356817,-0.00366157,-0.00018536,104.6953,98.7016,-0.5008,-5.6455,-1.1717,1218.2727,11.2727,175.2903,82.1340,50.0,70.0,120.0,200.0,307.8999,420.8002,60.0,-10.0,4.39857,6.011431,1.495647,23,33,11,3,0.40549213,-0.00463398,-0.14728561,0E-8,0.000000,0.913290,0.000000,0.23994910,2026-03-22,2026-07-30,11,53,50,131,0.083970,2.134199,1.674290,1.351640,,,,,,,,GLOBAL_BASELINE_NO_ENTITY_RANKING,,,NOT_APPLICABLE_GLOBAL_BASELINE,HF9g-P5,,,,X 全窗基线 · 不参与实体赏罚,3923298,393,A168_HF9F_20260827_0900,2026-08-27 09:00:00
2026-03-22,112339874,1966,0,140.0000000000,-90.0000000000,-90.0000000000,0E-7,3,3,0.49324550000000000,0.493245500000,-1.3952362676504506,-1.3952362676504506,-1.3952362676504506,0E-17,ELIGIBLE,R03b_20260811_FULL_v1,L1_ELIGIBILITY,v2026-08-11,2026-03-21..2026-08-06,baccarat_bet02_101_all_pairs_incl_sentinel,round_win = game_pnl > 0 (decisive only),COMPATIBILITY_ONLY_NOT_PRODUCTION,13401.0000,12239.0000,-62.1000,128,124,0.00463398,0.14728561,-0.09266349,0.00463398,62.1000,13401.0000,OK,0.0000,-2.4840,4.0000,96.0000,AG03-UNRESOLVED,ALL5_LEVELS_bet23_to_bet27,-2.4840,-2.4840,-3.1050,-3.1050,-3.1050,4.000000,4.000000,5.000000,5.000000,5.000000,96.000000,96.000000,95.000000,95.000000,95.000000,5.0,-14.2830,-13.0313,-47.8170,-49.0687,PENDING_AG03,FALSE,NOT_FOR_ENFORCEMENT,-59.6160,11749.4400,-62.1000,-59.6160,-2.4840,-0.00463398,-0.00444862,-2.4840,-59.6160,-0.00444862,-2.4840,-2.4840,-3.1050,-3.1050,-3.1050,-59.6160,-0.00444862,-14.2830,-13.0313,-47.8170,-49.0687,-0.00356817,-0.00366157,-0.00018536,104.6953,98.7016,-0.5008,-5.6455,-1.1717,1218.2727,11.2727,175.2903,82.1340,50.0,70.0,120.0,200.0,307.8999,420.8002,60.0,-10.0,4.39857,6.011431,1.495647,23,33,11,3,0.40549213,-0.00463398,-0.14728561,0E-8,0.000000,0.913290,0.000000,0.23994910,2026-03-22,2026-07-30,11,53,50,131,0.083970,2.134199,1.674290,1.351640,,,,,,,,GLOBAL_BASELINE_NO_ENTITY_RANKING,,,NOT_APPLICABLE_GLOBAL_BASELINE,HF9g-P5,,,,X 全窗基线 · 不参与实体赏罚,3923299,393,A168_HF9F_20260827_0900,2026-08-27 09:00:00
2026-03-22,112339874,2141,0,150.0000000000,-2.5000000000,-2.5000000000,0.5000000,3,3,0.50665070000000000,0.506650700000,-0.018812684590367487,-0.018812684590367487,-0.018812684590367487,0E-17,ELIGIBLE,R03b_20260811_FULL_v1,L1_ELIGIBILITY,v2026-08-11,2026-03-21..2026-08-06,baccarat_bet02_101_all_pairs_incl_sentinel,round_win = game_pnl > 0 (decisive only),COMPATIBILITY_ONLY_NOT_PRODUCTION,13401.0000,12239.0000,-62.1000,128,124,0.00463398,0.14728561,-0.09266349,0.00463398,62.1000,13401.0000,OK,0.0000,-2.4840,4.0000,96.0000,AG03-UNRESOLVED,ALL5_LEVELS_bet23_to_bet27,-2.4840,-2.4840,-3.1050,-3.1050,-3.1050,4.000000,4.000000,5.000000,5.000000,5.000000,96.000000,96.000000,95.000000,95.000000,95.000000,5.0,-14.2830,-13.0313,-47.8170,-49.0687,PENDING_AG03,FALSE,NOT_FOR_ENFORCEMENT,-59.6160,11749.4400,-62.1000,-59.6160,-2.4840,-0.00463398,-0.00444862,-2.4840,-59.6160,-0.00444862,-2.4840,-2.4840,-3.1050,-3.1050,-3.1050,-59.6160,-0.00444862,-14.2830,-13.0313,-47.8170,-49.0687,-0.00356817,-0.00366157,-0.00018536,104.6953,98.7016,-0.5008,-5.6455,-1.1717,1218.2727,11.2727,175.2903,82.1340,50.0,70.0,120.0,200.0,307.8999,420.8002,60.0,-10.0,4.39857,6.011431,1.495647,23,33,11,3,0.40549213,-0.00463398,-0.14728561,0E-8,0.000000,0.913290,0.000000,0.23994910,2026-03-22,2026-07-30,11,53,50,131,0.083970,2.134199,1.674290,1.351640,,,,,,,,GLOBAL_BASELINE_NO_ENTITY_RANKING,,,NOT_APPLICABLE_GLOBAL_BASELINE,HF9g-P5,,,,X 全窗基线 · 不参与实体赏罚,3923300,393,A168_HF9F_20260827_0900,2026-08-27 09:00:00
2026-03-22,112339874,2177,0,100.0000000000,100.0000000000,100.0000000000,1.0000000,2,2,0.49324550000000000,0.493245500000,1.4334489766152358,1.4334489766152358,1.4334489766152358,0E-17,ELIGIBLE,R03b_20260811_FULL_v1,L1_ELIGIBILITY,v2026-08-11,2026-03-21..2026-08-06,baccarat_bet02_101_all_pairs_incl_sentinel,round_win = game_pnl > 0 (decisive only),COMPATIBILITY_ONLY_NOT_PRODUCTION,13401.0000,12239.0000,-62.1000,128,124,0.00463398,0.14728561,-0.09266349,0.00463398,62.1000,13401.0000,OK,0.0000,-2.4840,4.0000,96.0000,AG03-UNRESOLVED,ALL5_LEVELS_bet23_to_bet27,-2.4840,-2.4840,-3.1050,-3.1050,-3.1050,4.000000,4.000000,5.000000,5.000000,5.000000,96.000000,96.000000,95.000000,95.000000,95.000000,5.0,-14.2830,-13.0313,-47.8170,-49.0687,PENDING_AG03,FALSE,NOT_FOR_ENFORCEMENT,-59.6160,11749.4400,-62.1000,-59.6160,-2.4840,-0.00463398,-0.00444862,-2.4840,-59.6160,-0.00444862,-2.4840,-2.4840,-3.1050,-3.1050,-3.1050,-59.6160,-0.00444862,-14.2830,-13.0313,-47.8170,-49.0687,-0.00356817,-0.00366157,-0.00018536,104.6953,98.7016,-0.5008,-5.6455,-1.1717,1218.2727,11.2727,175.2903,82.1340,50.0,70.0,120.0,200.0,307.8999,420.8002,60.0,-10.0,4.39857,6.011431,1.495647,23,33,11,3,0.40549213,-0.00463398,-0.14728561,0E-8,0.000000,0.913290,0.000000,0.23994910,2026-03-22,2026-07-30,11,53,50,131,0.083970,2.134199,1.674290,1.351640,,,,,,,,GLOBAL_BASELINE_NO_ENTITY_RANKING,,,NOT_APPLICABLE_GLOBAL_BASELINE,HF9g-P5,,,,X 全窗基线 · 不参与实体赏罚,3923301,393,A168_HF9F_20260827_0900,2026-08-27 09:00:00
2026-03-26,112339874,2220,0,100.0000000000,0E-10,0E-10,0.5000000,2,2,0.49324550000000000,0.493245500000,0.01910635448239258,0.01910635448239258,0.01910635448239258,0E-17,ELIGIBLE,R03b_20260811_FULL_v1,L1_ELIGIBILITY,v2026-08-11,2026-03-21..2026-08-06,baccarat_bet02_101_all_pairs_incl_sentinel,round_win = game_pnl > 0 (decisive only),COMPATIBILITY_ONLY_NOT_PRODUCTION,13401.0000,12239.0000,-62.1000,128,124,0.00463398,0.14728561,-0.09266349,0.00463398,62.1000,13401.0000,OK,0.0000,-2.4840,4.0000,96.0000,AG03-UNRESOLVED,ALL5_LEVELS_bet23_to_bet27,-2.4840,-2.4840,-3.1050,-3.1050,-3.1050,4.000000,4.000000,5.000000,5.000000,5.000000,96.000000,96.000000,95.000000,95.000000,95.000000,5.0,-14.2830,-13.0313,-47.8170,-49.0687,PENDING_AG03,FALSE,NOT_FOR_ENFORCEMENT,-59.6160,11749.4400,-62.1000,-59.6160,-2.4840,-0.00463398,-0.00444862,-2.4840,-59.6160,-0.00444862,-2.4840,-2.4840,-3.1050,-3.1050,-3.1050,-59.6160,-0.00444862,-14.2830,-13.0313,-47.8170,-49.0687,-0.00356817,-0.00366157,-0.00018536,104.6953,98.7016,-0.5008,-5.6455,-1.1717,1218.2727,11.2727,175.2903,82.1340,50.0,70.0,120.0,200.0,307.8999,420.8002,60.0,-10.0,4.39857,6.011431,1.495647,23,33,11,3,0.40549213,-0.00463398,-0.14728561,0E-8,0.000000,0.913290,0.000000,0.23994910,2026-03-22,2026-07-30,11,53,50,131,0.083970,2.134199,1.674290,1.351640,,,,,,,,GLOBAL_BASELINE_NO_ENTITY_RANKING,,,NOT_APPLICABLE_GLOBAL_BASELINE,HF9g-P5,,,,X 全窗基线 · 不参与实体赏罚,3923302,393,A168_HF9F_20260827_0900,2026-08-27 09:00:00
2026-03-27,112339874,1157,0,350.0000000000,-250.0000000000,-250.0000000000,0.1428571,7,7,0.49324550000000000,0.493245500000,-1.8542501122128092,-1.8542501122128097,-1.8542501122128092,0E-17,ELIGIBLE,R03b_20260811_FULL_v1,L1_ELIGIBILITY,v2026-08-11,2026-03-21..2026-08-06,baccarat_bet02_101_all_pairs_incl_sentinel,round_win = game_pnl > 0 (decisive only),COMPATIBILITY_ONLY_NOT_PRODUCTION,13401.0000,12239.0000,-62.1000,128,124,0.00463398,0.14728561,-0.09266349,0.00463398,62.1000,13401.0000,OK,0.0000,-2.4840,4.0000,96.0000,AG03-UNRESOLVED,ALL5_LEVELS_bet23_to_bet27,-2.4840,-2.4840,-3.1050,-3.1050,-3.1050,4.000000,4.000000,5.000000,5.000000,5.000000,96.000000,96.000000,95.000000,95.000000,95.000000,5.0,-14.2830,-13.0313,-47.8170,-49.0687,PENDING_AG03,FALSE,NOT_FOR_ENFORCEMENT,-59.6160,11749.4400,-62.1000,-59.6160,-2.4840,-0.00463398,-0.00444862,-2.4840,-59.6160,-0.00444862,-2.4840,-2.4840,-3.1050,-3.1050,-3.1050,-59.6160,-0.00444862,-14.2830,-13.0313,-47.8170,-49.0687,-0.00356817,-0.00366157,-0.00018536,104.6953,98.7016,-0.5008,-5.6455,-1.1717,1218.2727,11.2727,175.2903,82.1340,50.0,70.0,120.0,200.0,307.8999,420.8002,60.0,-10.0,4.39857,6.011431,1.495647,23,33,11,3,0.40549213,-0.00463398,-0.14728561,0E-8,0.000000,0.913290,0.000000,0.23994910,2026-03-22,2026-07-30,11,53,50,131,0.083970,2.134199,1.674290,1.351640,,,,,,,,GLOBAL_BASELINE_NO_ENTITY_RANKING,,,NOT_APPLICABLE_GLOBAL_BASELINE,HF9g-P5,,,,X 全窗基线 · 不参与实体赏罚,3923303,393,A168_HF9F_20260827_0900,2026-08-27 09:00:00
2026-03-27,112339874,1354,0,50.0000000000,50.0000000000,50.0000000000,1.0000000,1,1,0.49324550000000000,0.493245500000,1.01360149184955,1.01360149184955,1.01360149184955,0E-17,ELIGIBLE,R03b_20260811_FULL_v1,L1_ELIGIBILITY,v2026-08-11,2026-03-21..2026-08-06,baccarat_bet02_101_all_pairs_incl_sentinel,round_win = game_pnl > 0 (decisive only),COMPATIBILITY_ONLY_NOT_PRODUCTION,13401.0000,12239.0000,-62.1000,128,124,0.00463398,0.14728561,-0.09266349,0.00463398,62.1000,13401.0000,OK,0.0000,-2.4840,4.0000,96.0000,AG03-UNRESOLVED,ALL5_LEVELS_bet23_to_bet27,-2.4840,-2.4840,-3.1050,-3.1050,-3.1050,4.000000,4.000000,5.000000,5.000000,5.000000,96.000000,96.000000,95.000000,95.000000,95.000000,5.0,-14.2830,-13.0313,-47.8170,-49.0687,PENDING_AG03,FALSE,NOT_FOR_ENFORCEMENT,-59.6160,11749.4400,-62.1000,-59.6160,-2.4840,-0.00463398,-0.00444862,-2.4840,-59.6160,-0.00444862,-2.4840,-2.4840,-3.1050,-3.1050,-3.1050,-59.6160,-0.00444862,-14.2830,-13.0313,-47.8170,-49.0687,-0.00356817,-0.00366157,-0.00018536,104.6953,98.7016,-0.5008,-5.6455,-1.1717,1218.2727,11.2727,175.2903,82.1340,50.0,70.0,120.0,200.0,307.8999,420.8002,60.0,-10.0,4.39857,6.011431,1.495647,23,33,11,3,0.40549213,-0.00463398,-0.14728561,0E-8,0.000000,0.913290,0.000000,0.23994910,2026-03-22,2026-07-30,11,53,50,131,0.083970,2.134199,1.674290,1.351640,,,,,,,,GLOBAL_BASELINE_NO_ENTITY_RANKING,,,NOT_APPLICABLE_GLOBAL_BASELINE,HF9g-P5,,,,X 全窗基线 · 不参与实体赏罚,3923304,393,A168_HF9F_20260827_0900,2026-08-27 09:00:00
2026-03-31,112339874,-1,1,210.0000000000,63.0000000000,63.0000000000,0.5000000,2,2,0.50665070000000000,0.506650700000,-0.018812684590367487,-0.018812684590367487,-0.018812684590367487,0E-17,SENTINEL_DEALER,R03b_20260811_FULL_v1,L1_ELIGIBILITY,v2026-08-11,2026-03-21..2026-08-06,baccarat_bet02_101_all_pairs_incl_sentinel,round_win = game_pnl > 0 (decisive only),COMPATIBILITY_ONLY_NOT_PRODUCTION,13401.0000,12239.0000,-62.1000,128,124,0.00463398,0.14728561,-0.09266349,0.00463398,62.1000,13401.0000,OK,0.0000,-2.4840,4.0000,96.0000,AG03-UNRESOLVED,ALL5_LEVELS_bet23_to_bet27,-2.4840,-2.4840,-3.1050,-3.1050,-3.1050,4.000000,4.000000,5.000000,5.000000,5.000000,96.000000,96.000000,95.000000,95.000000,95.000000,5.0,-14.2830,-13.0313,-47.8170,-49.0687,PENDING_AG03,FALSE,NOT_FOR_ENFORCEMENT,-59.6160,11749.4400,-62.1000,-59.6160,-2.4840,-0.00463398,-0.00444862,-2.4840,-59.6160,-0.00444862,-2.4840,-2.4840,-3.1050,-3.1050,-3.1050,-59.6160,-0.00444862,-14.2830,-13.0313,-47.8170,-49.0687,-0.00356817,-0.00366157,-0.00018536,104.6953,98.7016,-0.5008,-5.6455,-1.1717,1218.2727,11.2727,175.2903,82.1340,50.0,70.0,120.0,200.0,307.8999,420.8002,60.0,-10.0,4.39857,6.011431,1.495647,23,33,11,3,0.40549213,-0.00463398,-0.14728561,0E-8,0.000000,0.913290,0.000000,0.23994910,2026-03-22,2026-07-30,11,53,50,131,0.083970,2.134199,1.674290,1.351640,,,,,,,,GLOBAL_BASELINE_NO_ENTITY_RANKING,,,NOT_APPLICABLE_GLOBAL_BASELINE,HF9g-P5,,,,X 全窗基线 · 不参与实体赏罚,3923305,393,A168_HF9F_20260827_0900,2026-08-27 09:00:00
2026-03-31,112339874,1711,0,70.0000000000,-70.0000000000,-70.0000000000,0E-7,1,1,0.50665070000000000,0.506650700000,-1.013391052207602,-1.013391052207602,-1.013391052207602,0E-17,ELIGIBLE,R03b_20260811_FULL_v1,L1_ELIGIBILITY,v2026-08-11,2026-03-21..2026-08-06,baccarat_bet02_101_all_pairs_incl_sentinel,round_win = game_pnl > 0 (decisive only),COMPATIBILITY_ONLY_NOT_PRODUCTION,13401.0000,12239.0000,-62.1000,128,124,0.00463398,0.14728561,-0.09266349,0.00463398,62.1000,13401.0000,OK,0.0000,-2.4840,4.0000,96.0000,AG03-UNRESOLVED,ALL5_LEVELS_bet23_to_bet27,-2.4840,-2.4840,-3.1050,-3.1050,-3.1050,4.000000,4.000000,5.000000,5.000000,5.000000,96.000000,96.000000,95.000000,95.000000,95.000000,5.0,-14.2830,-13.0313,-47.8170,-49.0687,PENDING_AG03,FALSE,NOT_FOR_ENFORCEMENT,-59.6160,11749.4400,-62.1000,-59.6160,-2.4840,-0.00463398,-0.00444862,-2.4840,-59.6160,-0.00444862,-2.4840,-2.4840,-3.1050,-3.1050,-3.1050,-59.6160,-0.00444862,-14.2830,-13.0313,-47.8170,-49.0687,-0.00356817,-0.00366157,-0.00018536,104.6953,98.7016,-0.5008,-5.6455,-1.1717,1218.2727,11.2727,175.2903,82.1340,50.0,70.0,120.0,200.0,307.8999,420.8002,60.0,-10.0,4.39857,6.011431,1.495647,23,33,11,3,0.40549213,-0.00463398,-0.14728561,0E-8,0.000000,0.913290,0.000000,0.23994910,2026-03-22,2026-07-30,11,53,50,131,0.083970,2.134199,1.674290,1.351640,,,,,,,,GLOBAL_BASELINE_NO_ENTITY_RANKING,,,NOT_APPLICABLE_GLOBAL_BASELINE,HF9g-P5,,,,X 全窗基线 · 不参与实体赏罚,3923306,393,A168_HF9F_20260827_0900,2026-08-27 09:00:00
2026-03-31,112339874,2093,0,800.0000000000,218.0000000000,218.0000000000,0.8000000,7,7,0.50665070000000000,0.506650700000,1.3120140225494112,1.3120140225494112,1.3120140225494112,0E-17,ELIGIBLE,R03b_20260811_FULL_v1,L1_ELIGIBILITY,v2026-08-11,2026-03-21..2026-08-06,baccarat_bet02_101_all_pairs_incl_sentinel,round_win = game_pnl > 0 (decisive only),COMPATIBILITY_ONLY_NOT_PRODUCTION,13401.0000,12239.0000,-62.1000,128,124,0.00463398,0.14728561,-0.09266349,0.00463398,62.1000,13401.0000,OK,0.0000,-2.4840,4.0000,96.0000,AG03-UNRESOLVED,ALL5_LEVELS_bet23_to_bet27,-2.4840,-2.4840,-3.1050,-3.1050,-3.1050,4.000000,4.000000,5.000000,5.000000,5.000000,96.000000,96.000000,95.000000,95.000000,95.000000,5.0,-14.2830,-13.0313,-47.8170,-49.0687,PENDING_AG03,FALSE,NOT_FOR_ENFORCEMENT,-59.6160,11749.4400,-62.1000,-59.6160,-2.4840,-0.00463398,-0.00444862,-2.4840,-59.6160,-0.00444862,-2.4840,-2.4840,-3.1050,-3.1050,-3.1050,-59.6160,-0.00444862,-14.2830,-13.0313,-47.8170,-49.0687,-0.00356817,-0.00366157,-0.00018536,104.6953,98.7016,-0.5008,-5.6455,-1.1717,1218.2727,11.2727,175.2903,82.1340,50.0,70.0,120.0,200.0,307.8999,420.8002,60.0,-10.0,4.39857,6.011431,1.495647,23,33,11,3,0.40549213,-0.00463398,-0.14728561,0E-8,0.000000,0.913290,0.000000,0.23994910,2026-03-22,2026-07-30,11,53,50,131,0.083970,2.134199,1.674290,1.351640,,,,,,,,GLOBAL_BASELINE_NO_ENTITY_RANKING,,,NOT_APPLICABLE_GLOBAL_BASELINE,HF9g-P5,,,,X 全窗基线 · 不参与实体赏罚,3923307,393,A168_HF9F_20260827_0900,2026-08-27 09:00:00
2026-03-31,112339874,529,0,80.0000000000,-80.0000000000,-80.0000000000,0E-7,1,1,0.50665070000000000,0.506650700000,-1.013391052207602,-1.013391052207602,-1.013391052207602,0E-17,ELIGIBLE,R03b_20260811_FULL_v1,L1_ELIGIBILITY,v2026-08-11,2026-03-21..2026-08-06,baccarat_bet02_101_all_pairs_incl_sentinel,round_win = game_pnl > 0 (decisive only),COMPATIBILITY_ONLY_NOT_PRODUCTION,13401.0000,12239.0000,-62.1000,128,124,0.00463398,0.14728561,-0.09266349,0.00463398,62.1000,13401.0000,OK,0.0000,-2.4840,4.0000,96.0000,AG03-UNRESOLVED,ALL5_LEVELS_bet23_to_bet27,-2.4840,-2.4840,-3.1050,-3.1050,-3.1050,4.000000,4.000000,5.000000,5.000000,5.000000,96.000000,96.000000,95.000000,95.000000,95.000000,5.0,-14.2830,-13.0313,-47.8170,-49.0687,PENDING_AG03,FALSE,NOT_FOR_ENFORCEMENT,-59.6160,11749.4400,-62.1000,-59.6160,-2.4840,-0.00463398,-0.00444862,-2.4840,-59.6160,-0.00444862,-2.4840,-2.4840,-3.1050,-3.1050,-3.1050,-59.6160,-0.00444862,-14.2830,-13.0313,-47.8170,-49.0687,-0.00356817,-0.00366157,-0.00018536,104.6953,98.7016,-0.5008,-5.6455,-1.1717,1218.2727,11.2727,175.2903,82.1340,50.0,70.0,120.0,200.0,307.8999,420.8002,60.0,-10.0,4.39857,6.011431,1.495647,23,33,11,3,0.40549213,-0.00463398,-0.14728561,0E-8,0.000000,0.913290,0.000000,0.23994910,2026-03-22,2026-07-30,11,53,50,131,0.083970,2.134199,1.674290,1.351640,,,,,,,,GLOBAL_BASELINE_NO_ENTITY_RANKING,,,NOT_APPLICABLE_GLOBAL_BASELINE,HF9g-P5,,,,X 全窗基线 · 不参与实体赏罚,3923308,393,A168_HF9F_20260827_0900,2026-08-27 09:00:00
2026-04-01,112339874,-1,1,1060.0000000000,-680.0000000000,-680.0000000000,0E-7,4,4,0.50665070000000000,0.506650700000,-1.7552447903592512,-1.7552447903592512,-1.7552447903592512,0E-17,SENTINEL_DEALER,R03b_20260811_FULL_v1,L1_ELIGIBILITY,v2026-08-11,2026-03-21..2026-08-06,baccarat_bet02_101_all_pairs_incl_sentinel,round_win = game_pnl > 0 (decisive only),COMPATIBILITY_ONLY_NOT_PRODUCTION,13401.0000,12239.0000,-62.1000,128,124,0.00463398,0.14728561,-0.09266349,0.00463398,62.1000,13401.0000,OK,0.0000,-2.4840,4.0000,96.0000,AG03-UNRESOLVED,ALL5_LEVELS_bet23_to_bet27,-2.4840,-2.4840,-3.1050,-3.1050,-3.1050,4.000000,4.000000,5.000000,5.000000,5.000000,96.000000,96.000000,95.000000,95.000000,95.000000,5.0,-14.2830,-13.0313,-47.8170,-49.0687,PENDING_AG03,FALSE,NOT_FOR_ENFORCEMENT,-59.6160,11749.4400,-62.1000,-59.6160,-2.4840,-0.00463398,-0.00444862,-2.4840,-59.6160,-0.00444862,-2.4840,-2.4840,-3.1050,-3.1050,-3.1050,-59.6160,-0.00444862,-14.2830,-13.0313,-47.8170,-49.0687,-0.00356817,-0.00366157,-0.00018536,104.6953,98.7016,-0.5008,-5.6455,-1.1717,1218.2727,11.2727,175.2903,82.1340,50.0,70.0,120.0,200.0,307.8999,420.8002,60.0,-10.0,4.39857,6.011431,1.495647,23,33,11,3,0.40549213,-0.00463398,-0.14728561,0E-8,0.000000,0.913290,0.000000,0.23994910,2026-03-22,2026-07-30,11,53,50,131,0.083970,2.134199,1.674290,1.351640,,,,,,,,GLOBAL_BASELINE_NO_ENTITY_RANKING,,,NOT_APPLICABLE_GLOBAL_BASELINE,HF9g-P5,,,,X 全窗基线 · 不参与实体赏罚,3923309,393,A168_HF9F_20260827_0900,2026-08-27 09:00:00
2026-04-01,112339874,2103,0,300.0000000000,90.0000000000,90.0000000000,0.5000000,2,2,0.50665070000000000,0.506650700000,-0.018812684590367487,-0.018812684590367487,-0.018812684590367487,0E-17,ELIGIBLE,R03b_20260811_FULL_v1,L1_ELIGIBILITY,v2026-08-11,2026-03-21..2026-08-06,baccarat_bet02_101_all_pairs_incl_sentinel,round_win = game_pnl > 0 (decisive only),COMPATIBILITY_ONLY_NOT_PRODUCTION,13401.0000,12239.0000,-62.1000,128,124,0.00463398,0.14728561,-0.09266349,0.00463398,62.1000,13401.0000,OK,0.0000,-2.4840,4.0000,96.0000,AG03-UNRESOLVED,ALL5_LEVELS_bet23_to_bet27,-2.4840,-2.4840,-3.1050,-3.1050,-3.1050,4.000000,4.000000,5.000000,5.000000,5.000000,96.000000,96.000000,95.000000,95.000000,95.000000,5.0,-14.2830,-13.0313,-47.8170,-49.0687,PENDING_AG03,FALSE,NOT_FOR_ENFORCEMENT,-59.6160,11749.4400,-62.1000,-59.6160,-2.4840,-0.00463398,-0.00444862,-2.4840,-59.6160,-0.00444862,-2.4840,-2.4840,-3.1050,-3.1050,-3.1050,-59.6160,-0.00444862,-14.2830,-13.0313,-47.8170,-49.0687,-0.00356817,-0.00366157,-0.00018536,104.6953,98.7016,-0.5008,-5.6455,-1.1717,1218.2727,11.2727,175.2903,82.1340,50.0,70.0,120.0,200.0,307.8999,420.8002,60.0,-10.0,4.39857,6.011431,1.495647,23,33,11,3,0.40549213,-0.00463398,-0.14728561,0E-8,0.000000,0.913290,0.000000,0.23994910,2026-03-22,2026-07-30,11,53,50,131,0.083970,2.134199,1.674290,1.351640,,,,,,,,GLOBAL_BASELINE_NO_ENTITY_RANKING,,,NOT_APPLICABLE_GLOBAL_BASELINE,HF9g-P5,,,,X 全窗基线 · 不参与实体赏罚,3923310,393,A168_HF9F_20260827_0900,2026-08-27 09:00:00
2026-04-01,112339874,2129,0,100.0000000000,95.0000000000,95.0000000000,1.0000000,1,1,0.50665070000000000,0.506650700000,0.9867858985152569,0.9867858985152569,0.9867858985152569,0E-17,ELIGIBLE,R03b_20260811_FULL_v1,L1_ELIGIBILITY,v2026-08-11,2026-03-21..2026-08-06,baccarat_bet02_101_all_pairs_incl_sentinel,round_win = game_pnl > 0 (decisive only),COMPATIBILITY_ONLY_NOT_PRODUCTION,13401.0000,12239.0000,-62.1000,128,124,0.00463398,0.14728561,-0.09266349,0.00463398,62.1000,13401.0000,OK,0.0000,-2.4840,4.0000,96.0000,AG03-UNRESOLVED,ALL5_LEVELS_bet23_to_bet27,-2.4840,-2.4840,-3.1050,-3.1050,-3.1050,4.000000,4.000000,5.000000,5.000000,5.000000,96.000000,96.000000,95.000000,95.000000,95.000000,5.0,-14.2830,-13.0313,-47.8170,-49.0687,PENDING_AG03,FALSE,NOT_FOR_ENFORCEMENT,-59.6160,11749.4400,-62.1000,-59.6160,-2.4840,-0.00463398,-0.00444862,-2.4840,-59.6160,-0.00444862,-2.4840,-2.4840,-3.1050,-3.1050,-3.1050,-59.6160,-0.00444862,-14.2830,-13.0313,-47.8170,-49.0687,-0.00356817,-0.00366157,-0.00018536,104.6953,98.7016,-0.5008,-5.6455,-1.1717,1218.2727,11.2727,175.2903,82.1340,50.0,70.0,120.0,200.0,307.8999,420.8002,60.0,-10.0,4.39857,6.011431,1.495647,23,33,11,3,0.40549213,-0.00463398,-0.14728561,0E-8,0.000000,0.913290,0.000000,0.23994910,2026-03-22,2026-07-30,11,53,50,131,0.083970,2.134199,1.674290,1.351640,,,,,,,,GLOBAL_BASELINE_NO_ENTITY_RANKING,,,NOT_APPLICABLE_GLOBAL_BASELINE,HF9g-P5,,,,X 全窗基线 · 不参与实体赏罚,3923311,393,A168_HF9F_20260827_0900,2026-08-27 09:00:00
2026-04-01,112339874,2152,0,300.0000000000,90.0000000000,90.0000000000,0.5000000,2,2,0.50665070000000000,0.506650700000,-0.018812684590367487,-0.018812684590367487,-0.018812684590367487,0E-17,ELIGIBLE,R03b_20260811_FULL_v1,L1_ELIGIBILITY,v2026-08-11,2026-03-21..2026-08-06,baccarat_bet02_101_all_pairs_incl_sentinel,round_win = game_pnl > 0 (decisive only),COMPATIBILITY_ONLY_NOT_PRODUCTION,13401.0000,12239.0000,-62.1000,128,124,0.00463398,0.14728561,-0.09266349,0.00463398,62.1000,13401.0000,OK,0.0000,-2.4840,4.0000,96.0000,AG03-UNRESOLVED,ALL5_LEVELS_bet23_to_bet27,-2.4840,-2.4840,-3.1050,-3.1050,-3.1050,4.000000,4.000000,5.000000,5.000000,5.000000,96.000000,96.000000,95.000000,95.000000,95.000000,5.0,-14.2830,-13.0313,-47.8170,-49.0687,PENDING_AG03,FALSE,NOT_FOR_ENFORCEMENT,-59.6160,11749.4400,-62.1000,-59.6160,-2.4840,-0.00463398,-0.00444862,-2.4840,-59.6160,-0.00444862,-2.4840,-2.4840,-3.1050,-3.1050,-3.1050,-59.6160,-0.00444862,-14.2830,-13.0313,-47.8170,-49.0687,-0.00356817,-0.00366157,-0.00018536,104.6953,98.7016,-0.5008,-5.6455,-1.1717,1218.2727,11.2727,175.2903,82.1340,50.0,70.0,120.0,200.0,307.8999,420.8002,60.0,-10.0,4.39857,6.011431,1.495647,23,33,11,3,0.40549213,-0.00463398,-0.14728561,0E-8,0.000000,0.913290,0.000000,0.23994910,2026-03-22,2026-07-30,11,53,50,131,0.083970,2.134199,1.674290,1.351640,,,,,,,,GLOBAL_BASELINE_NO_ENTITY_RANKING,,,NOT_APPLICABLE_GLOBAL_BASELINE,HF9g-P5,,,,X 全窗基线 · 不参与实体赏罚,3923312,393,A168_HF9F_20260827_0900,2026-08-27 09:00:00
2026-04-01,112339874,2160,0,200.0000000000,95.0000000000,95.0000000000,1.0000000,2,2,0.50665070000000000,0.506650700000,0.9867858985152569,0.9867858985152569,0.9867858985152569,0E-17,ELIGIBLE,R03b_20260811_FULL_v1,L1_ELIGIBILITY,v2026-08-11,2026-03-21..2026-08-06,baccarat_bet02_101_all_pairs_incl_sentinel,round_win = game_pnl > 0 (decisive only),COMPATIBILITY_ONLY_NOT_PRODUCTION,13401.0000,12239.0000,-62.1000,128,124,0.00463398,0.14728561,-0.09266349,0.00463398,62.1000,13401.0000,OK,0.0000,-2.4840,4.0000,96.0000,AG03-UNRESOLVED,ALL5_LEVELS_bet23_to_bet27,-2.4840,-2.4840,-3.1050,-3.1050,-3.1050,4.000000,4.000000,5.000000,5.000000,5.000000,96.000000,96.000000,95.000000,95.000000,95.000000,5.0,-14.2830,-13.0313,-47.8170,-49.0687,PENDING_AG03,FALSE,NOT_FOR_ENFORCEMENT,-59.6160,11749.4400,-62.1000,-59.6160,-2.4840,-0.00463398,-0.00444862,-2.4840,-59.6160,-0.00444862,-2.4840,-2.4840,-3.1050,-3.1050,-3.1050,-59.6160,-0.00444862,-14.2830,-13.0313,-47.8170,-49.0687,-0.00356817,-0.00366157,-0.00018536,104.6953,98.7016,-0.5008,-5.6455,-1.1717,1218.2727,11.2727,175.2903,82.1340,50.0,70.0,120.0,200.0,307.8999,420.8002,60.0,-10.0,4.39857,6.011431,1.495647,23,33,11,3,0.40549213,-0.00463398,-0.14728561,0E-8,0.000000,0.913290,0.000000,0.23994910,2026-03-22,2026-07-30,11,53,50,131,0.083970,2.134199,1.674290,1.351640,,,,,,,,GLOBAL_BASELINE_NO_ENTITY_RANKING,,,NOT_APPLICABLE_GLOBAL_BASELINE,HF9g-P5,,,,X 全窗基线 · 不参与实体赏罚,3923313,393,A168_HF9F_20260827_0900,2026-08-27 09:00:00
2026-04-01,112339874,2212,0,300.0000000000,90.0000000000,90.0000000000,0.5000000,2,2,0.50665070000000000,0.506650700000,-0.018812684590367487,-0.018812684590367487,-0.018812684590367487,0E-17,ELIGIBLE,R03b_20260811_FULL_v1,L1_ELIGIBILITY,v2026-08-11,2026-03-21..2026-08-06,baccarat_bet02_101_all_pairs_incl_sentinel,round_win = game_pnl > 0 (decisive only),COMPATIBILITY_ONLY_NOT_PRODUCTION,13401.0000,12239.0000,-62.1000,128,124,0.00463398,0.14728561,-0.09266349,0.00463398,62.1000,13401.0000,OK,0.0000,-2.4840,4.0000,96.0000,AG03-UNRESOLVED,ALL5_LEVELS_bet23_to_bet27,-2.4840,-2.4840,-3.1050,-3.1050,-3.1050,4.000000,4.000000,5.000000,5.000000,5.000000,96.000000,96.000000,95.000000,95.000000,95.000000,5.0,-14.2830,-13.0313,-47.8170,-49.0687,PENDING_AG03,FALSE,NOT_FOR_ENFORCEMENT,-59.6160,11749.4400,-62.1000,-59.6160,-2.4840,-0.00463398,-0.00444862,-2.4840,-59.6160,-0.00444862,-2.4840,-2.4840,-3.1050,-3.1050,-3.1050,-59.6160,-0.00444862,-14.2830,-13.0313,-47.8170,-49.0687,-0.00356817,-0.00366157,-0.00018536,104.6953,98.7016,-0.5008,-5.6455,-1.1717,1218.2727,11.2727,175.2903,82.1340,50.0,70.0,120.0,200.0,307.8999,420.8002,60.0,-10.0,4.39857,6.011431,1.495647,23,33,11,3,0.40549213,-0.00463398,-0.14728561,0E-8,0.000000,0.913290,0.000000,0.23994910,2026-03-22,2026-07-30,11,53,50,131,0.083970,2.134199,1.674290,1.351640,,,,,,,,GLOBAL_BASELINE_NO_ENTITY_RANKING,,,NOT_APPLICABLE_GLOBAL_BASELINE,HF9g-P5,,,,X 全窗基线 · 不参与实体赏罚,3923314,393,A168_HF9F_20260827_0900,2026-08-27 09:00:00
2026-04-01,112339874,2264,0,300.0000000000,90.0000000000,90.0000000000,0.5000000,2,2,0.50665070000000000,0.506650700000,-0.018812684590367487,-0.018812684590367487,-0.018812684590367487,0E-17,ELIGIBLE,R03b_20260811_FULL_v1,L1_ELIGIBILITY,v2026-08-11,2026-03-21..2026-08-06,baccarat_bet02_101_all_pairs_incl_sentinel,round_win = game_pnl > 0 (decisive only),COMPATIBILITY_ONLY_NOT_PRODUCTION,13401.0000,12239.0000,-62.1000,128,124,0.00463398,0.14728561,-0.09266349,0.00463398,62.1000,13401.0000,OK,0.0000,-2.4840,4.0000,96.0000,AG03-UNRESOLVED,ALL5_LEVELS_bet23_to_bet27,-2.4840,-2.4840,-3.1050,-3.1050,-3.1050,4.000000,4.000000,5.000000,5.000000,5.000000,96.000000,96.000000,95.000000,95.000000,95.000000,5.0,-14.2830,-13.0313,-47.8170,-49.0687,PENDING_AG03,FALSE,NOT_FOR_ENFORCEMENT,-59.6160,11749.4400,-62.1000,-59.6160,-2.4840,-0.00463398,-0.00444862,-2.4840,-59.6160,-0.00444862,-2.4840,-2.4840,-3.1050,-3.1050,-3.1050,-59.6160,-0.00444862,-14.2830,-13.0313,-47.8170,-49.0687,-0.00356817,-0.00366157,-0.00018536,104.6953,98.7016,-0.5008,-5.6455,-1.1717,1218.2727,11.2727,175.2903,82.1340,50.0,70.0,120.0,200.0,307.8999,420.8002,60.0,-10.0,4.39857,6.011431,1.495647,23,33,11,3,0.40549213,-0.00463398,-0.14728561,0E-8,0.000000,0.913290,0.000000,0.23994910,2026-03-22,2026-07-30,11,53,50,131,0.083970,2.134199,1.674290,1.351640,,,,,,,,GLOBAL_BASELINE_NO_ENTITY_RANKING,,,NOT_APPLICABLE_GLOBAL_BASELINE,HF9g-P5,,,,X 全窗基线 · 不参与实体赏罚,3923315,393,A168_HF9F_20260827_0900,2026-08-27 09:00:00
2026-04-05,112339874,2242,0,100.0000000000,0E-10,0E-10,0.5000000,2,2,0.49324550000000000,0.493245500000,0.01910635448239258,0.01910635448239258,0.01910635448239258,0E-17,ELIGIBLE,R03b_20260811_FULL_v1,L1_ELIGIBILITY,v2026-08-11,2026-03-21..2026-08-06,baccarat_bet02_101_all_pairs_incl_sentinel,round_win = game_pnl > 0 (decisive only),COMPATIBILITY_ONLY_NOT_PRODUCTION,13401.0000,12239.0000,-62.1000,128,124,0.00463398,0.14728561,-0.09266349,0.00463398,62.1000,13401.0000,OK,0.0000,-2.4840,4.0000,96.0000,AG03-UNRESOLVED,ALL5_LEVELS_bet23_to_bet27,-2.4840,-2.4840,-3.1050,-3.1050,-3.1050,4.000000,4.000000,5.000000,5.000000,5.000000,96.000000,96.000000,95.000000,95.000000,95.000000,5.0,-14.2830,-13.0313,-47.8170,-49.0687,PENDING_AG03,FALSE,NOT_FOR_ENFORCEMENT,-59.6160,11749.4400,-62.1000,-59.6160,-2.4840,-0.00463398,-0.00444862,-2.4840,-59.6160,-0.00444862,-2.4840,-2.4840,-3.1050,-3.1050,-3.1050,-59.6160,-0.00444862,-14.2830,-13.0313,-47.8170,-49.0687,-0.00356817,-0.00366157,-0.00018536,104.6953,98.7016,-0.5008,-5.6455,-1.1717,1218.2727,11.2727,175.2903,82.1340,50.0,70.0,120.0,200.0,307.8999,420.8002,60.0,-10.0,4.39857,6.011431,1.495647,23,33,11,3,0.40549213,-0.00463398,-0.14728561,0E-8,0.000000,0.913290,0.000000,0.23994910,2026-03-22,2026-07-30,11,53,50,131,0.083970,2.134199,1.674290,1.351640,,,,,,,,GLOBAL_BASELINE_NO_ENTITY_RANKING,,,NOT_APPLICABLE_GLOBAL_BASELINE,HF9g-P5,,,,X 全窗基线 · 不参与实体赏罚,3923316,393,A168_HF9F_20260827_0900,2026-08-27 09:00:00
2026-04-06,112339874,2160,0,30.0000000000,0E-10,0E-10,,1,1,0.49324550000000000,0.493245500000,,,,0E-17,NO_DECISIVE_ROUND,R03b_20260811_FULL_v1,L1_ELIGIBILITY,v2026-08-11,2026-03-21..2026-08-06,baccarat_bet02_101_all_pairs_incl_sentinel,round_win = game_pnl > 0 (decisive only),COMPATIBILITY_ONLY_NOT_PRODUCTION,13401.0000,12239.0000,-62.1000,128,124,0.00463398,0.14728561,-0.09266349,0.00463398,62.1000,13401.0000,OK,0.0000,-2.4840,4.0000,96.0000,AG03-UNRESOLVED,ALL5_LEVELS_bet23_to_bet27,-2.4840,-2.4840,-3.1050,-3.1050,-3.1050,4.000000,4.000000,5.000000,5.000000,5.000000,96.000000,96.000000,95.000000,95.000000,95.000000,5.0,-14.2830,-13.0313,-47.8170,-49.0687,PENDING_AG03,FALSE,NOT_FOR_ENFORCEMENT,-59.6160,11749.4400,-62.1000,-59.6160,-2.4840,-0.00463398,-0.00444862,-2.4840,-59.6160,-0.00444862,-2.4840,-2.4840,-3.1050,-3.1050,-3.1050,-59.6160,-0.00444862,-14.2830,-13.0313,-47.8170,-49.0687,-0.00356817,-0.00366157,-0.00018536,104.6953,98.7016,-0.5008,-5.6455,-1.1717,1218.2727,11.2727,175.2903,82.1340,50.0,70.0,120.0,200.0,307.8999,420.8002,60.0,-10.0,4.39857,6.011431,1.495647,23,33,11,3,0.40549213,-0.00463398,-0.14728561,0E-8,0.000000,0.913290,0.000000,0.23994910,2026-03-22,2026-07-30,11,53,50,131,0.083970,2.134199,1.674290,1.351640,,,,,,,,GLOBAL_BASELINE_NO_ENTITY_RANKING,,,NOT_APPLICABLE_GLOBAL_BASELINE,HF9g-P5,,,,X 全窗基线 · 不参与实体赏罚,3923317,393,A168_HF9F_20260827_0900,2026-08-27 09:00:00
2026-04-12,112339874,-1,1,200.0000000000,-100.0000000000,-100.0000000000,0E-7,4,4,0.50665070000000000,0.506650700000,-1.4331513700195317,-1.4331513700195317,-1.4331513700195317,0E-17,SENTINEL_DEALER,R03b_20260811_FULL_v1,L1_ELIGIBILITY,v2026-08-11,2026-03-21..2026-08-06,baccarat_bet02_101_all_pairs_incl_sentinel,round_win = game_pnl > 0 (decisive only),COMPATIBILITY_ONLY_NOT_PRODUCTION,13401.0000,12239.0000,-62.1000,128,124,0.00463398,0.14728561,-0.09266349,0.00463398,62.1000,13401.0000,OK,0.0000,-2.4840,4.0000,96.0000,AG03-UNRESOLVED,ALL5_LEVELS_bet23_to_bet27,-2.4840,-2.4840,-3.1050,-3.1050,-3.1050,4.000000,4.000000,5.000000,5.000000,5.000000,96.000000,96.000000,95.000000,95.000000,95.000000,5.0,-14.2830,-13.0313,-47.8170,-49.0687,PENDING_AG03,FALSE,NOT_FOR_ENFORCEMENT,-59.6160,11749.4400,-62.1000,-59.6160,-2.4840,-0.00463398,-0.00444862,-2.4840,-59.6160,-0.00444862,-2.4840,-2.4840,-3.1050,-3.1050,-3.1050,-59.6160,-0.00444862,-14.2830,-13.0313,-47.8170,-49.0687,-0.00356817,-0.00366157,-0.00018536,104.6953,98.7016,-0.5008,-5.6455,-1.1717,1218.2727,11.2727,175.2903,82.1340,50.0,70.0,120.0,200.0,307.8999,420.8002,60.0,-10.0,4.39857,6.011431,1.495647,23,33,11,3,0.40549213,-0.00463398,-0.14728561,0E-8,0.000000,0.913290,0.000000,0.23994910,2026-03-22,2026-07-30,11,53,50,131,0.083970,2.134199,1.674290,1.351640,,,,,,,,GLOBAL_BASELINE_NO_ENTITY_RANKING,,,NOT_APPLICABLE_GLOBAL_BASELINE,HF9g-P5,,,,X 全窗基线 · 不参与实体赏罚,3923318,393,A168_HF9F_20260827_0900,2026-08-27 09:00:00
2026-04-14,112339874,-1,1,880.0000000000,192.5000000000,192.5000000000,0.7000000,10,10,0.50665070000000000,0.506650700000,1.2229565359475965,1.2229565359475965,1.2229565359475965,0E-17,SENTINEL_DEALER,R03b_20260811_FULL_v1,L1_ELIGIBILITY,v2026-08-11,2026-03-21..2026-08-06,baccarat_bet02_101_all_pairs_incl_sentinel,round_win = game_pnl > 0 (decisive only),COMPATIBILITY_ONLY_NOT_PRODUCTION,13401.0000,12239.0000,-62.1000,128,124,0.00463398,0.14728561,-0.09266349,0.00463398,62.1000,13401.0000,OK,0.0000,-2.4840,4.0000,96.0000,AG03-UNRESOLVED,ALL5_LEVELS_bet23_to_bet27,-2.4840,-2.4840,-3.1050,-3.1050,-3.1050,4.000000,4.000000,5.000000,5.000000,5.000000,96.000000,96.000000,95.000000,95.000000,95.000000,5.0,-14.2830,-13.0313,-47.8170,-49.0687,PENDING_AG03,FALSE,NOT_FOR_ENFORCEMENT,-59.6160,11749.4400,-62.1000,-59.6160,-2.4840,-0.00463398,-0.00444862,-2.4840,-59.6160,-0.00444862,-2.4840,-2.4840,-3.1050,-3.1050,-3.1050,-59.6160,-0.00444862,-14.2830,-13.0313,-47.8170,-49.0687,-0.00356817,-0.00366157,-0.00018536,104.6953,98.7016,-0.5008,-5.6455,-1.1717,1218.2727,11.2727,175.2903,82.1340,50.0,70.0,120.0,200.0,307.8999,420.8002,60.0,-10.0,4.39857,6.011431,1.495647,23,33,11,3,0.40549213,-0.00463398,-0.14728561,0E-8,0.000000,0.913290,0.000000,0.23994910,2026-03-22,2026-07-30,11,53,50,131,0.083970,2.134199,1.674290,1.351640,,,,,,,,GLOBAL_BASELINE_NO_ENTITY_RANKING,,,NOT_APPLICABLE_GLOBAL_BASELINE,HF9g-P5,,,,X 全窗基线 · 不参与实体赏罚,3923319,393,A168_HF9F_20260827_0900,2026-08-27 09:00:00
2026-04-14,112339874,1004,0,100.0000000000,-50.0000000000,-50.0000000000,0E-7,2,2,0.50665070000000000,0.506650700000,-1.013391052207602,-1.013391052207602,-1.013391052207602,0E-17,ELIGIBLE,R03b_20260811_FULL_v1,L1_ELIGIBILITY,v2026-08-11,2026-03-21..2026-08-06,baccarat_bet02_101_all_pairs_incl_sentinel,round_win = game_pnl > 0 (decisive only),COMPATIBILITY_ONLY_NOT_PRODUCTION,13401.0000,12239.0000,-62.1000,128,124,0.00463398,0.14728561,-0.09266349,0.00463398,62.1000,13401.0000,OK,0.0000,-2.4840,4.0000,96.0000,AG03-UNRESOLVED,ALL5_LEVELS_bet23_to_bet27,-2.4840,-2.4840,-3.1050,-3.1050,-3.1050,4.000000,4.000000,5.000000,5.000000,5.000000,96.000000,96.000000,95.000000,95.000000,95.000000,5.0,-14.2830,-13.0313,-47.8170,-49.0687,PENDING_AG03,FALSE,NOT_FOR_ENFORCEMENT,-59.6160,11749.4400,-62.1000,-59.6160,-2.4840,-0.00463398,-0.00444862,-2.4840,-59.6160,-0.00444862,-2.4840,-2.4840,-3.1050,-3.1050,-3.1050,-59.6160,-0.00444862,-14.2830,-13.0313,-47.8170,-49.0687,-0.00356817,-0.00366157,-0.00018536,104.6953,98.7016,-0.5008,-5.6455,-1.1717,1218.2727,11.2727,175.2903,82.1340,50.0,70.0,120.0,200.0,307.8999,420.8002,60.0,-10.0,4.39857,6.011431,1.495647,23,33,11,3,0.40549213,-0.00463398,-0.14728561,0E-8,0.000000,0.913290,0.000000,0.23994910,2026-03-22,2026-07-30,11,53,50,131,0.083970,2.134199,1.674290,1.351640,,,,,,,,GLOBAL_BASELINE_NO_ENTITY_RANKING,,,NOT_APPLICABLE_GLOBAL_BASELINE,HF9g-P5,,,,X 全窗基线 · 不参与实体赏罚,3923320,393,A168_HF9F_20260827_0900,2026-08-27 09:00:00
2026-04-14,112339874,1985,0,30.0000000000,-30.0000000000,-30.0000000000,0E-7,1,1,0.49324550000000000,0.493245500000,-0.9865810262130424,-0.9865810262130424,-0.9865810262130424,0E-17,ELIGIBLE,R03b_20260811_FULL_v1,L1_ELIGIBILITY,v2026-08-11,2026-03-21..2026-08-06,baccarat_bet02_101_all_pairs_incl_sentinel,round_win = game_pnl > 0 (decisive only),COMPATIBILITY_ONLY_NOT_PRODUCTION,13401.0000,12239.0000,-62.1000,128,124,0.00463398,0.14728561,-0.09266349,0.00463398,62.1000,13401.0000,OK,0.0000,-2.4840,4.0000,96.0000,AG03-UNRESOLVED,ALL5_LEVELS_bet23_to_bet27,-2.4840,-2.4840,-3.1050,-3.1050,-3.1050,4.000000,4.000000,5.000000,5.000000,5.000000,96.000000,96.000000,95.000000,95.000000,95.000000,5.0,-14.2830,-13.0313,-47.8170,-49.0687,PENDING_AG03,FALSE,NOT_FOR_ENFORCEMENT,-59.6160,11749.4400,-62.1000,-59.6160,-2.4840,-0.00463398,-0.00444862,-2.4840,-59.6160,-0.00444862,-2.4840,-2.4840,-3.1050,-3.1050,-3.1050,-59.6160,-0.00444862,-14.2830,-13.0313,-47.8170,-49.0687,-0.00356817,-0.00366157,-0.00018536,104.6953,98.7016,-0.5008,-5.6455,-1.1717,1218.2727,11.2727,175.2903,82.1340,50.0,70.0,120.0,200.0,307.8999,420.8002,60.0,-10.0,4.39857,6.011431,1.495647,23,33,11,3,0.40549213,-0.00463398,-0.14728561,0E-8,0.000000,0.913290,0.000000,0.23994910,2026-03-22,2026-07-30,11,53,50,131,0.083970,2.134199,1.674290,1.351640,,,,,,,,GLOBAL_BASELINE_NO_ENTITY_RANKING,,,NOT_APPLICABLE_GLOBAL_BASELINE,HF9g-P5,,,,X 全窗基线 · 不参与实体赏罚,3923321,393,A168_HF9F_20260827_0900,2026-08-27 09:00:00
2026-04-14,112339874,2108,0,50.0000000000,-50.0000000000,-50.0000000000,0E-7,1,1,0.50665070000000000,0.506650700000,-1.013391052207602,-1.013391052207602,-1.013391052207602,0E-17,ELIGIBLE,R03b_20260811_FULL_v1,L1_ELIGIBILITY,v2026-08-11,2026-03-21..2026-08-06,baccarat_bet02_101_all_pairs_incl_sentinel,round_win = game_pnl > 0 (decisive only),COMPATIBILITY_ONLY_NOT_PRODUCTION,13401.0000,12239.0000,-62.1000,128,124,0.00463398,0.14728561,-0.09266349,0.00463398,62.1000,13401.0000,OK,0.0000,-2.4840,4.0000,96.0000,AG03-UNRESOLVED,ALL5_LEVELS_bet23_to_bet27,-2.4840,-2.4840,-3.1050,-3.1050,-3.1050,4.000000,4.000000,5.000000,5.000000,5.000000,96.000000,96.000000,95.000000,95.000000,95.000000,5.0,-14.2830,-13.0313,-47.8170,-49.0687,PENDING_AG03,FALSE,NOT_FOR_ENFORCEMENT,-59.6160,11749.4400,-62.1000,-59.6160,-2.4840,-0.00463398,-0.00444862,-2.4840,-59.6160,-0.00444862,-2.4840,-2.4840,-3.1050,-3.1050,-3.1050,-59.6160,-0.00444862,-14.2830,-13.0313,-47.8170,-49.0687,-0.00356817,-0.00366157,-0.00018536,104.6953,98.7016,-0.5008,-5.6455,-1.1717,1218.2727,11.2727,175.2903,82.1340,50.0,70.0,120.0,200.0,307.8999,420.8002,60.0,-10.0,4.39857,6.011431,1.495647,23,33,11,3,0.40549213,-0.00463398,-0.14728561,0E-8,0.000000,0.913290,0.000000,0.23994910,2026-03-22,2026-07-30,11,53,50,131,0.083970,2.134199,1.674290,1.351640,,,,,,,,GLOBAL_BASELINE_NO_ENTITY_RANKING,,,NOT_APPLICABLE_GLOBAL_BASELINE,HF9g-P5,,,,X 全窗基线 · 不参与实体赏罚,3923322,393,A168_HF9F_20260827_0900,2026-08-27 09:00:00
2026-04-14,112339874,2152,0,50.0000000000,-50.0000000000,-50.0000000000,0E-7,1,1,0.50665070000000000,0.506650700000,-1.013391052207602,-1.013391052207602,-1.013391052207602,0E-17,ELIGIBLE,R03b_20260811_FULL_v1,L1_ELIGIBILITY,v2026-08-11,2026-03-21..2026-08-06,baccarat_bet02_101_all_pairs_incl_sentinel,round_win = game_pnl > 0 (decisive only),COMPATIBILITY_ONLY_NOT_PRODUCTION,13401.0000,12239.0000,-62.1000,128,124,0.00463398,0.14728561,-0.09266349,0.00463398,62.1000,13401.0000,OK,0.0000,-2.4840,4.0000,96.0000,AG03-UNRESOLVED,ALL5_LEVELS_bet23_to_bet27,-2.4840,-2.4840,-3.1050,-3.1050,-3.1050,4.000000,4.000000,5.000000,5.000000,5.000000,96.000000,96.000000,95.000000,95.000000,95.000000,5.0,-14.2830,-13.0313,-47.8170,-49.0687,PENDING_AG03,FALSE,NOT_FOR_ENFORCEMENT,-59.6160,11749.4400,-62.1000,-59.6160,-2.4840,-0.00463398,-0.00444862,-2.4840,-59.6160,-0.00444862,-2.4840,-2.4840,-3.1050,-3.1050,-3.1050,-59.6160,-0.00444862,-14.2830,-13.0313,-47.8170,-49.0687,-0.00356817,-0.00366157,-0.00018536,104.6953,98.7016,-0.5008,-5.6455,-1.1717,1218.2727,11.2727,175.2903,82.1340,50.0,70.0,120.0,200.0,307.8999,420.8002,60.0,-10.0,4.39857,6.011431,1.495647,23,33,11,3,0.40549213,-0.00463398,-0.14728561,0E-8,0.000000,0.913290,0.000000,0.23994910,2026-03-22,2026-07-30,11,53,50,131,0.083970,2.134199,1.674290,1.351640,,,,,,,,GLOBAL_BASELINE_NO_ENTITY_RANKING,,,NOT_APPLICABLE_GLOBAL_BASELINE,HF9g-P5,,,,X 全窗基线 · 不参与实体赏罚,3923323,393,A168_HF9F_20260827_0900,2026-08-27 09:00:00
2026-04-14,112339874,2220,0,100.0000000000,-2.5000000000,-2.5000000000,0.5000000,2,2,0.50665070000000000,0.506650700000,-0.018812684590367487,-0.018812684590367487,-0.018812684590367487,0E-17,ELIGIBLE,R03b_20260811_FULL_v1,L1_ELIGIBILITY,v2026-08-11,2026-03-21..2026-08-06,baccarat_bet02_101_all_pairs_incl_sentinel,round_win = game_pnl > 0 (decisive only),COMPATIBILITY_ONLY_NOT_PRODUCTION,13401.0000,12239.0000,-62.1000,128,124,0.00463398,0.14728561,-0.09266349,0.00463398,62.1000,13401.0000,OK,0.0000,-2.4840,4.0000,96.0000,AG03-UNRESOLVED,ALL5_LEVELS_bet23_to_bet27,-2.4840,-2.4840,-3.1050,-3.1050,-3.1050,4.000000,4.000000,5.000000,5.000000,5.000000,96.000000,96.000000,95.000000,95.000000,95.000000,5.0,-14.2830,-13.0313,-47.8170,-49.0687,PENDING_AG03,FALSE,NOT_FOR_ENFORCEMENT,-59.6160,11749.4400,-62.1000,-59.6160,-2.4840,-0.00463398,-0.00444862,-2.4840,-59.6160,-0.00444862,-2.4840,-2.4840,-3.1050,-3.1050,-3.1050,-59.6160,-0.00444862,-14.2830,-13.0313,-47.8170,-49.0687,-0.00356817,-0.00366157,-0.00018536,104.6953,98.7016,-0.5008,-5.6455,-1.1717,1218.2727,11.2727,175.2903,82.1340,50.0,70.0,120.0,200.0,307.8999,420.8002,60.0,-10.0,4.39857,6.011431,1.495647,23,33,11,3,0.40549213,-0.00463398,-0.14728561,0E-8,0.000000,0.913290,0.000000,0.23994910,2026-03-22,2026-07-30,11,53,50,131,0.083970,2.134199,1.674290,1.351640,,,,,,,,GLOBAL_BASELINE_NO_ENTITY_RANKING,,,NOT_APPLICABLE_GLOBAL_BASELINE,HF9g-P5,,,,X 全窗基线 · 不参与实体赏罚,3923324,393,A168_HF9F_20260827_0900,2026-08-27 09:00:00
2026-04-14,112339874,2258,0,300.0000000000,41.2500000000,41.2500000000,0.7500000,4,4,0.50665070000000000,0.506650700000,0.9734833216690844,0.9734833216690844,0.9734833216690844,0E-17,ELIGIBLE,R03b_20260811_FULL_v1,L1_ELIGIBILITY,v2026-08-11,2026-03-21..2026-08-06,baccarat_bet02_101_all_pairs_incl_sentinel,round_win = game_pnl > 0 (decisive only),COMPATIBILITY_ONLY_NOT_PRODUCTION,13401.0000,12239.0000,-62.1000,128,124,0.00463398,0.14728561,-0.09266349,0.00463398,62.1000,13401.0000,OK,0.0000,-2.4840,4.0000,96.0000,AG03-UNRESOLVED,ALL5_LEVELS_bet23_to_bet27,-2.4840,-2.4840,-3.1050,-3.1050,-3.1050,4.000000,4.000000,5.000000,5.000000,5.000000,96.000000,96.000000,95.000000,95.000000,95.000000,5.0,-14.2830,-13.0313,-47.8170,-49.0687,PENDING_AG03,FALSE,NOT_FOR_ENFORCEMENT,-59.6160,11749.4400,-62.1000,-59.6160,-2.4840,-0.00463398,-0.00444862,-2.4840,-59.6160,-0.00444862,-2.4840,-2.4840,-3.1050,-3.1050,-3.1050,-59.6160,-0.00444862,-14.2830,-13.0313,-47.8170,-49.0687,-0.00356817,-0.00366157,-0.00018536,104.6953,98.7016,-0.5008,-5.6455,-1.1717,1218.2727,11.2727,175.2903,82.1340,50.0,70.0,120.0,200.0,307.8999,420.8002,60.0,-10.0,4.39857,6.011431,1.495647,23,33,11,3,0.40549213,-0.00463398,-0.14728561,0E-8,0.000000,0.913290,0.000000,0.23994910,2026-03-22,2026-07-30,11,53,50,131,0.083970,2.134199,1.674290,1.351640,,,,,,,,GLOBAL_BASELINE_NO_ENTITY_RANKING,,,NOT_APPLICABLE_GLOBAL_BASELINE,HF9g-P5,,,,X 全窗基线 · 不参与实体赏罚,3923325,393,A168_HF9F_20260827_0900,2026-08-27 09:00:00
2026-04-15,112339874,-1,1,645.0000000000,-411.0000000000,-411.0000000000,0.2222222,9,9,0.50516123333333333,0.505161233333,-1.6977245181665095,-1.6977245181644978,-1.6977245181665095,3.3333E-13,SENTINEL_DEALER,R03b_20260811_FULL_v1,L1_ELIGIBILITY,v2026-08-11,2026-03-21..2026-08-06,baccarat_bet02_101_all_pairs_incl_sentinel,round_win = game_pnl > 0 (decisive only),COMPATIBILITY_ONLY_NOT_PRODUCTION,13401.0000,12239.0000,-62.1000,128,124,0.00463398,0.14728561,-0.09266349,0.00463398,62.1000,13401.0000,OK,0.0000,-2.4840,4.0000,96.0000,AG03-UNRESOLVED,ALL5_LEVELS_bet23_to_bet27,-2.4840,-2.4840,-3.1050,-3.1050,-3.1050,4.000000,4.000000,5.000000,5.000000,5.000000,96.000000,96.000000,95.000000,95.000000,95.000000,5.0,-14.2830,-13.0313,-47.8170,-49.0687,PENDING_AG03,FALSE,NOT_FOR_ENFORCEMENT,-59.6160,11749.4400,-62.1000,-59.6160,-2.4840,-0.00463398,-0.00444862,-2.4840,-59.6160,-0.00444862,-2.4840,-2.4840,-3.1050,-3.1050,-3.1050,-59.6160,-0.00444862,-14.2830,-13.0313,-47.8170,-49.0687,-0.00356817,-0.00366157,-0.00018536,104.6953,98.7016,-0.5008,-5.6455,-1.1717,1218.2727,11.2727,175.2903,82.1340,50.0,70.0,120.0,200.0,307.8999,420.8002,60.0,-10.0,4.39857,6.011431,1.495647,23,33,11,3,0.40549213,-0.00463398,-0.14728561,0E-8,0.000000,0.913290,0.000000,0.23994910,2026-03-22,2026-07-30,11,53,50,131,0.083970,2.134199,1.674290,1.351640,,,,,,,,GLOBAL_BASELINE_NO_ENTITY_RANKING,,,NOT_APPLICABLE_GLOBAL_BASELINE,HF9g-P5,,,,X 全窗基线 · 不参与实体赏罚,3923326,393,A168_HF9F_20260827_0900,2026-08-27 09:00:00
2026-04-15,112339874,1205,0,80.0000000000,76.0000000000,76.0000000000,1.0000000,1,1,0.50665070000000000,0.506650700000,0.9867858985152569,0.9867858985152569,0.9867858985152569,0E-17,ELIGIBLE,R03b_20260811_FULL_v1,L1_ELIGIBILITY,v2026-08-11,2026-03-21..2026-08-06,baccarat_bet02_101_all_pairs_incl_sentinel,round_win = game_pnl > 0 (decisive only),COMPATIBILITY_ONLY_NOT_PRODUCTION,13401.0000,12239.0000,-62.1000,128,124,0.00463398,0.14728561,-0.09266349,0.00463398,62.1000,13401.0000,OK,0.0000,-2.4840,4.0000,96.0000,AG03-UNRESOLVED,ALL5_LEVELS_bet23_to_bet27,-2.4840,-2.4840,-3.1050,-3.1050,-3.1050,4.000000,4.000000,5.000000,5.000000,5.000000,96.000000,96.000000,95.000000,95.000000,95.000000,5.0,-14.2830,-13.0313,-47.8170,-49.0687,PENDING_AG03,FALSE,NOT_FOR_ENFORCEMENT,-59.6160,11749.4400,-62.1000,-59.6160,-2.4840,-0.00463398,-0.00444862,-2.4840,-59.6160,-0.00444862,-2.4840,-2.4840,-3.1050,-3.1050,-3.1050,-59.6160,-0.00444862,-14.2830,-13.0313,-47.8170,-49.0687,-0.00356817,-0.00366157,-0.00018536,104.6953,98.7016,-0.5008,-5.6455,-1.1717,1218.2727,11.2727,175.2903,82.1340,50.0,70.0,120.0,200.0,307.8999,420.8002,60.0,-10.0,4.39857,6.011431,1.495647,23,33,11,3,0.40549213,-0.00463398,-0.14728561,0E-8,0.000000,0.913290,0.000000,0.23994910,2026-03-22,2026-07-30,11,53,50,131,0.083970,2.134199,1.674290,1.351640,,,,,,,,GLOBAL_BASELINE_NO_ENTITY_RANKING,,,NOT_APPLICABLE_GLOBAL_BASELINE,HF9g-P5,,,,X 全窗基线 · 不参与实体赏罚,3923327,393,A168_HF9F_20260827_0900,2026-08-27 09:00:00
2026-04-15,112339874,1396,0,100.0000000000,-2.5000000000,-2.5000000000,0.5000000,2,2,0.50665070000000000,0.506650700000,-0.018812684590367487,-0.018812684590367487,-0.018812684590367487,0E-17,ELIGIBLE,R03b_20260811_FULL_v1,L1_ELIGIBILITY,v2026-08-11,2026-03-21..2026-08-06,baccarat_bet02_101_all_pairs_incl_sentinel,round_win = game_pnl > 0 (decisive only),COMPATIBILITY_ONLY_NOT_PRODUCTION,13401.0000,12239.0000,-62.1000,128,124,0.00463398,0.14728561,-0.09266349,0.00463398,62.1000,13401.0000,OK,0.0000,-2.4840,4.0000,96.0000,AG03-UNRESOLVED,ALL5_LEVELS_bet23_to_bet27,-2.4840,-2.4840,-3.1050,-3.1050,-3.1050,4.000000,4.000000,5.000000,5.000000,5.000000,96.000000,96.000000,95.000000,95.000000,95.000000,5.0,-14.2830,-13.0313,-47.8170,-49.0687,PENDING_AG03,FALSE,NOT_FOR_ENFORCEMENT,-59.6160,11749.4400,-62.1000,-59.6160,-2.4840,-0.00463398,-0.00444862,-2.4840,-59.6160,-0.00444862,-2.4840,-2.4840,-3.1050,-3.1050,-3.1050,-59.6160,-0.00444862,-14.2830,-13.0313,-47.8170,-49.0687,-0.00356817,-0.00366157,-0.00018536,104.6953,98.7016,-0.5008,-5.6455,-1.1717,1218.2727,11.2727,175.2903,82.1340,50.0,70.0,120.0,200.0,307.8999,420.8002,60.0,-10.0,4.39857,6.011431,1.495647,23,33,11,3,0.40549213,-0.00463398,-0.14728561,0E-8,0.000000,0.913290,0.000000,0.23994910,2026-03-22,2026-07-30,11,53,50,131,0.083970,2.134199,1.674290,1.351640,,,,,,,,GLOBAL_BASELINE_NO_ENTITY_RANKING,,,NOT_APPLICABLE_GLOBAL_BASELINE,HF9g-P5,,,,X 全窗基线 · 不参与实体赏罚,3923328,393,A168_HF9F_20260827_0900,2026-08-27 09:00:00
2026-04-15,112339874,1401,0,230.0000000000,4.0000000000,4.0000000000,0.5000000,4,4,0.50665070000000000,0.506650700000,-0.02660515369234503,-0.02660515369234503,-0.02660515369234503,0E-17,ELIGIBLE,R03b_20260811_FULL_v1,L1_ELIGIBILITY,v2026-08-11,2026-03-21..2026-08-06,baccarat_bet02_101_all_pairs_incl_sentinel,round_win = game_pnl > 0 (decisive only),COMPATIBILITY_ONLY_NOT_PRODUCTION,13401.0000,12239.0000,-62.1000,128,124,0.00463398,0.14728561,-0.09266349,0.00463398,62.1000,13401.0000,OK,0.0000,-2.4840,4.0000,96.0000,AG03-UNRESOLVED,ALL5_LEVELS_bet23_to_bet27,-2.4840,-2.4840,-3.1050,-3.1050,-3.1050,4.000000,4.000000,5.000000,5.000000,5.000000,96.000000,96.000000,95.000000,95.000000,95.000000,5.0,-14.2830,-13.0313,-47.8170,-49.0687,PENDING_AG03,FALSE,NOT_FOR_ENFORCEMENT,-59.6160,11749.4400,-62.1000,-59.6160,-2.4840,-0.00463398,-0.00444862,-2.4840,-59.6160,-0.00444862,-2.4840,-2.4840,-3.1050,-3.1050,-3.1050,-59.6160,-0.00444862,-14.2830,-13.0313,-47.8170,-49.0687,-0.00356817,-0.00366157,-0.00018536,104.6953,98.7016,-0.5008,-5.6455,-1.1717,1218.2727,11.2727,175.2903,82.1340,50.0,70.0,120.0,200.0,307.8999,420.8002,60.0,-10.0,4.39857,6.011431,1.495647,23,33,11,3,0.40549213,-0.00463398,-0.14728561,0E-8,0.000000,0.913290,0.000000,0.23994910,2026-03-22,2026-07-30,11,53,50,131,0.083970,2.134199,1.674290,1.351640,,,,,,,,GLOBAL_BASELINE_NO_ENTITY_RANKING,,,NOT_APPLICABLE_GLOBAL_BASELINE,HF9g-P5,,,,X 全窗基线 · 不参与实体赏罚,3923329,393,A168_HF9F_20260827_0900,2026-08-27 09:00:00
2026-04-15,112339874,2106,0,100.0000000000,0E-10,0E-10,0.5000000,2,2,0.49994810000000000,0.499948100000,0.00014679536856514622,0.00014679536856514622,0.00014679536856514622,0E-17,ELIGIBLE,R03b_20260811_FULL_v1,L1_ELIGIBILITY,v2026-08-11,2026-03-21..2026-08-06,baccarat_bet02_101_all_pairs_incl_sentinel,round_win = game_pnl > 0 (decisive only),COMPATIBILITY_ONLY_NOT_PRODUCTION,13401.0000,12239.0000,-62.1000,128,124,0.00463398,0.14728561,-0.09266349,0.00463398,62.1000,13401.0000,OK,0.0000,-2.4840,4.0000,96.0000,AG03-UNRESOLVED,ALL5_LEVELS_bet23_to_bet27,-2.4840,-2.4840,-3.1050,-3.1050,-3.1050,4.000000,4.000000,5.000000,5.000000,5.000000,96.000000,96.000000,95.000000,95.000000,95.000000,5.0,-14.2830,-13.0313,-47.8170,-49.0687,PENDING_AG03,FALSE,NOT_FOR_ENFORCEMENT,-59.6160,11749.4400,-62.1000,-59.6160,-2.4840,-0.00463398,-0.00444862,-2.4840,-59.6160,-0.00444862,-2.4840,-2.4840,-3.1050,-3.1050,-3.1050,-59.6160,-0.00444862,-14.2830,-13.0313,-47.8170,-49.0687,-0.00356817,-0.00366157,-0.00018536,104.6953,98.7016,-0.5008,-5.6455,-1.1717,1218.2727,11.2727,175.2903,82.1340,50.0,70.0,120.0,200.0,307.8999,420.8002,60.0,-10.0,4.39857,6.011431,1.495647,23,33,11,3,0.40549213,-0.00463398,-0.14728561,0E-8,0.000000,0.913290,0.000000,0.23994910,2026-03-22,2026-07-30,11,53,50,131,0.083970,2.134199,1.674290,1.351640,,,,,,,,GLOBAL_BASELINE_NO_ENTITY_RANKING,,,NOT_APPLICABLE_GLOBAL_BASELINE,HF9g-P5,,,,X 全窗基线 · 不参与实体赏罚,3923330,393,A168_HF9F_20260827_0900,2026-08-27 09:00:00
2026-04-15,112339874,2220,0,110.0000000000,-110.0000000000,-110.0000000000,0E-7,2,2,0.50665070000000000,0.506650700000,-1.4331513700195317,-1.4331513700195317,-1.4331513700195317,0E-17,ELIGIBLE,R03b_20260811_FULL_v1,L1_ELIGIBILITY,v2026-08-11,2026-03-21..2026-08-06,baccarat_bet02_101_all_pairs_incl_sentinel,round_win = game_pnl > 0 (decisive only),COMPATIBILITY_ONLY_NOT_PRODUCTION,13401.0000,12239.0000,-62.1000,128,124,0.00463398,0.14728561,-0.09266349,0.00463398,62.1000,13401.0000,OK,0.0000,-2.4840,4.0000,96.0000,AG03-UNRESOLVED,ALL5_LEVELS_bet23_to_bet27,-2.4840,-2.4840,-3.1050,-3.1050,-3.1050,4.000000,4.000000,5.000000,5.000000,5.000000,96.000000,96.000000,95.000000,95.000000,95.000000,5.0,-14.2830,-13.0313,-47.8170,-49.0687,PENDING_AG03,FALSE,NOT_FOR_ENFORCEMENT,-59.6160,11749.4400,-62.1000,-59.6160,-2.4840,-0.00463398,-0.00444862,-2.4840,-59.6160,-0.00444862,-2.4840,-2.4840,-3.1050,-3.1050,-3.1050,-59.6160,-0.00444862,-14.2830,-13.0313,-47.8170,-49.0687,-0.00356817,-0.00366157,-0.00018536,104.6953,98.7016,-0.5008,-5.6455,-1.1717,1218.2727,11.2727,175.2903,82.1340,50.0,70.0,120.0,200.0,307.8999,420.8002,60.0,-10.0,4.39857,6.011431,1.495647,23,33,11,3,0.40549213,-0.00463398,-0.14728561,0E-8,0.000000,0.913290,0.000000,0.23994910,2026-03-22,2026-07-30,11,53,50,131,0.083970,2.134199,1.674290,1.351640,,,,,,,,GLOBAL_BASELINE_NO_ENTITY_RANKING,,,NOT_APPLICABLE_GLOBAL_BASELINE,HF9g-P5,,,,X 全窗基线 · 不参与实体赏罚,3923331,393,A168_HF9F_20260827_0900,2026-08-27 09:00:00
2026-04-15,112339874,2224,0,50.0000000000,50.0000000000,50.0000000000,1.0000000,1,1,0.49324550000000000,0.493245500000,1.01360149184955,1.01360149184955,1.01360149184955,0E-17,ELIGIBLE,R03b_20260811_FULL_v1,L1_ELIGIBILITY,v2026-08-11,2026-03-21..2026-08-06,baccarat_bet02_101_all_pairs_incl_sentinel,round_win = game_pnl > 0 (decisive only),COMPATIBILITY_ONLY_NOT_PRODUCTION,13401.0000,12239.0000,-62.1000,128,124,0.00463398,0.14728561,-0.09266349,0.00463398,62.1000,13401.0000,OK,0.0000,-2.4840,4.0000,96.0000,AG03-UNRESOLVED,ALL5_LEVELS_bet23_to_bet27,-2.4840,-2.4840,-3.1050,-3.1050,-3.1050,4.000000,4.000000,5.000000,5.000000,5.000000,96.000000,96.000000,95.000000,95.000000,95.000000,5.0,-14.2830,-13.0313,-47.8170,-49.0687,PENDING_AG03,FALSE,NOT_FOR_ENFORCEMENT,-59.6160,11749.4400,-62.1000,-59.6160,-2.4840,-0.00463398,-0.00444862,-2.4840,-59.6160,-0.00444862,-2.4840,-2.4840,-3.1050,-3.1050,-3.1050,-59.6160,-0.00444862,-14.2830,-13.0313,-47.8170,-49.0687,-0.00356817,-0.00366157,-0.00018536,104.6953,98.7016,-0.5008,-5.6455,-1.1717,1218.2727,11.2727,175.2903,82.1340,50.0,70.0,120.0,200.0,307.8999,420.8002,60.0,-10.0,4.39857,6.011431,1.495647,23,33,11,3,0.40549213,-0.00463398,-0.14728561,0E-8,0.000000,0.913290,0.000000,0.23994910,2026-03-22,2026-07-30,11,53,50,131,0.083970,2.134199,1.674290,1.351640,,,,,,,,GLOBAL_BASELINE_NO_ENTITY_RANKING,,,NOT_APPLICABLE_GLOBAL_BASELINE,HF9g-P5,,,,X 全窗基线 · 不参与实体赏罚,3923332,393,A168_HF9F_20260827_0900,2026-08-27 09:00:00
2026-04-15,112339874,2234,0,50.0000000000,-50.0000000000,-50.0000000000,0E-7,1,1,0.50665070000000000,0.506650700000,-1.013391052207602,-1.013391052207602,-1.013391052207602,0E-17,ELIGIBLE,R03b_20260811_FULL_v1,L1_ELIGIBILITY,v2026-08-11,2026-03-21..2026-08-06,baccarat_bet02_101_all_pairs_incl_sentinel,round_win = game_pnl > 0 (decisive only),COMPATIBILITY_ONLY_NOT_PRODUCTION,13401.0000,12239.0000,-62.1000,128,124,0.00463398,0.14728561,-0.09266349,0.00463398,62.1000,13401.0000,OK,0.0000,-2.4840,4.0000,96.0000,AG03-UNRESOLVED,ALL5_LEVELS_bet23_to_bet27,-2.4840,-2.4840,-3.1050,-3.1050,-3.1050,4.000000,4.000000,5.000000,5.000000,5.000000,96.000000,96.000000,95.000000,95.000000,95.000000,5.0,-14.2830,-13.0313,-47.8170,-49.0687,PENDING_AG03,FALSE,NOT_FOR_ENFORCEMENT,-59.6160,11749.4400,-62.1000,-59.6160,-2.4840,-0.00463398,-0.00444862,-2.4840,-59.6160,-0.00444862,-2.4840,-2.4840,-3.1050,-3.1050,-3.1050,-59.6160,-0.00444862,-14.2830,-13.0313,-47.8170,-49.0687,-0.00356817,-0.00366157,-0.00018536,104.6953,98.7016,-0.5008,-5.6455,-1.1717,1218.2727,11.2727,175.2903,82.1340,50.0,70.0,120.0,200.0,307.8999,420.8002,60.0,-10.0,4.39857,6.011431,1.495647,23,33,11,3,0.40549213,-0.00463398,-0.14728561,0E-8,0.000000,0.913290,0.000000,0.23994910,2026-03-22,2026-07-30,11,53,50,131,0.083970,2.134199,1.674290,1.351640,,,,,,,,GLOBAL_BASELINE_NO_ENTITY_RANKING,,,NOT_APPLICABLE_GLOBAL_BASELINE,HF9g-P5,,,,X 全窗基线 · 不参与实体赏罚,3923333,393,A168_HF9F_20260827_0900,2026-08-27 09:00:00
2026-04-15,112339874,2254,0,47.0000000000,-47.0000000000,-47.0000000000,0E-7,1,1,0.50665070000000000,0.506650700000,-1.013391052207602,-1.013391052207602,-1.013391052207602,0E-17,ELIGIBLE,R03b_20260811_FULL_v1,L1_ELIGIBILITY,v2026-08-11,2026-03-21..2026-08-06,baccarat_bet02_101_all_pairs_incl_sentinel,round_win = game_pnl > 0 (decisive only),COMPATIBILITY_ONLY_NOT_PRODUCTION,13401.0000,12239.0000,-62.1000,128,124,0.00463398,0.14728561,-0.09266349,0.00463398,62.1000,13401.0000,OK,0.0000,-2.4840,4.0000,96.0000,AG03-UNRESOLVED,ALL5_LEVELS_bet23_to_bet27,-2.4840,-2.4840,-3.1050,-3.1050,-3.1050,4.000000,4.000000,5.000000,5.000000,5.000000,96.000000,96.000000,95.000000,95.000000,95.000000,5.0,-14.2830,-13.0313,-47.8170,-49.0687,PENDING_AG03,FALSE,NOT_FOR_ENFORCEMENT,-59.6160,11749.4400,-62.1000,-59.6160,-2.4840,-0.00463398,-0.00444862,-2.4840,-59.6160,-0.00444862,-2.4840,-2.4840,-3.1050,-3.1050,-3.1050,-59.6160,-0.00444862,-14.2830,-13.0313,-47.8170,-49.0687,-0.00356817,-0.00366157,-0.00018536,104.6953,98.7016,-0.5008,-5.6455,-1.1717,1218.2727,11.2727,175.2903,82.1340,50.0,70.0,120.0,200.0,307.8999,420.8002,60.0,-10.0,4.39857,6.011431,1.495647,23,33,11,3,0.40549213,-0.00463398,-0.14728561,0E-8,0.000000,0.913290,0.000000,0.23994910,2026-03-22,2026-07-30,11,53,50,131,0.083970,2.134199,1.674290,1.351640,,,,,,,,GLOBAL_BASELINE_NO_ENTITY_RANKING,,,NOT_APPLICABLE_GLOBAL_BASELINE,HF9g-P5,,,,X 全窗基线 · 不参与实体赏罚,3923334,393,A168_HF9F_20260827_0900,2026-08-27 09:00:00
2026-07-30,112339874,-1,1,200.0000000000,-200.0000000000,-200.0000000000,0E-7,2,2,0.49994810000000000,0.499948100000,-1.4140667746232096,-1.4140667746232096,-1.4140667746232096,0E-17,SENTINEL_DEALER,R03b_20260811_FULL_v1,L1_ELIGIBILITY,v2026-08-11,2026-03-21..2026-08-06,baccarat_bet02_101_all_pairs_incl_sentinel,round_win = game_pnl > 0 (decisive only),COMPATIBILITY_ONLY_NOT_PRODUCTION,13401.0000,12239.0000,-62.1000,128,124,0.00463398,0.14728561,-0.09266349,0.00463398,62.1000,13401.0000,OK,0.0000,-2.4840,4.0000,96.0000,AG03-UNRESOLVED,ALL5_LEVELS_bet23_to_bet27,-2.4840,-2.4840,-3.1050,-3.1050,-3.1050,4.000000,4.000000,5.000000,5.000000,5.000000,96.000000,96.000000,95.000000,95.000000,95.000000,5.0,-14.2830,-13.0313,-47.8170,-49.0687,PENDING_AG03,FALSE,NOT_FOR_ENFORCEMENT,-59.6160,11749.4400,-62.1000,-59.6160,-2.4840,-0.00463398,-0.00444862,-2.4840,-59.6160,-0.00444862,-2.4840,-2.4840,-3.1050,-3.1050,-3.1050,-59.6160,-0.00444862,-14.2830,-13.0313,-47.8170,-49.0687,-0.00356817,-0.00366157,-0.00018536,104.6953,98.7016,-0.5008,-5.6455,-1.1717,1218.2727,11.2727,175.2903,82.1340,50.0,70.0,120.0,200.0,307.8999,420.8002,60.0,-10.0,4.39857,6.011431,1.495647,23,33,11,3,0.40549213,-0.00463398,-0.14728561,0E-8,0.000000,0.913290,0.000000,0.23994910,2026-03-22,2026-07-30,11,53,50,131,0.083970,2.134199,1.674290,1.351640,,,,,,,,GLOBAL_BASELINE_NO_ENTITY_RANKING,,,NOT_APPLICABLE_GLOBAL_BASELINE,HF9g-P5,,,,X 全窗基线 · 不参与实体赏罚,3923335,393,A168_HF9F_20260827_0900,2026-08-27 09:00:00
2026-07-30,112339874,1330,0,808.0000000000,7.1000000000,7.1000000000,0.6666667,4,3,0.49890558376068376,0.431135816667,0.5811428303775943,0.8237531336100787,0.5811428303775943,0.06776976709368376,ELIGIBLE,R03b_20260811_FULL_v1,L1_ELIGIBILITY,v2026-08-11,2026-03-21..2026-08-06,baccarat_bet02_101_all_pairs_incl_sentinel,round_win = game_pnl > 0 (decisive only),COMPATIBILITY_ONLY_NOT_PRODUCTION,13401.0000,12239.0000,-62.1000,128,124,0.00463398,0.14728561,-0.09266349,0.00463398,62.1000,13401.0000,OK,0.0000,-2.4840,4.0000,96.0000,AG03-UNRESOLVED,ALL5_LEVELS_bet23_to_bet27,-2.4840,-2.4840,-3.1050,-3.1050,-3.1050,4.000000,4.000000,5.000000,5.000000,5.000000,96.000000,96.000000,95.000000,95.000000,95.000000,5.0,-14.2830,-13.0313,-47.8170,-49.0687,PENDING_AG03,FALSE,NOT_FOR_ENFORCEMENT,-59.6160,11749.4400,-62.1000,-59.6160,-2.4840,-0.00463398,-0.00444862,-2.4840,-59.6160,-0.00444862,-2.4840,-2.4840,-3.1050,-3.1050,-3.1050,-59.6160,-0.00444862,-14.2830,-13.0313,-47.8170,-49.0687,-0.00356817,-0.00366157,-0.00018536,104.6953,98.7016,-0.5008,-5.6455,-1.1717,1218.2727,11.2727,175.2903,82.1340,50.0,70.0,120.0,200.0,307.8999,420.8002,60.0,-10.0,4.39857,6.011431,1.495647,23,33,11,3,0.40549213,-0.00463398,-0.14728561,0E-8,0.000000,0.913290,0.000000,0.23994910,2026-03-22,2026-07-30,11,53,50,131,0.083970,2.134199,1.674290,1.351640,,,,,,,,GLOBAL_BASELINE_NO_ENTITY_RANKING,,,NOT_APPLICABLE_GLOBAL_BASELINE,HF9g-P5,,,,X 全窗基线 · 不参与实体赏罚,3923336,393,A168_HF9F_20260827_0900,2026-08-27 09:00:00
2026-07-30,112339874,1374,0,1623.0000000000,1093.0000000000,1093.0000000000,0.6000000,7,6,0.50260525982142857,0.468893258333,0.4355684321563939,0.5874651726993133,0.4355684321563939,0.03371200148842857,ELIGIBLE,R03b_20260811_FULL_v1,L1_ELIGIBILITY,v2026-08-11,2026-03-21..2026-08-06,baccarat_bet02_101_all_pairs_incl_sentinel,round_win = game_pnl > 0 (decisive only),COMPATIBILITY_ONLY_NOT_PRODUCTION,13401.0000,12239.0000,-62.1000,128,124,0.00463398,0.14728561,-0.09266349,0.00463398,62.1000,13401.0000,OK,0.0000,-2.4840,4.0000,96.0000,AG03-UNRESOLVED,ALL5_LEVELS_bet23_to_bet27,-2.4840,-2.4840,-3.1050,-3.1050,-3.1050,4.000000,4.000000,5.000000,5.000000,5.000000,96.000000,96.000000,95.000000,95.000000,95.000000,5.0,-14.2830,-13.0313,-47.8170,-49.0687,PENDING_AG03,FALSE,NOT_FOR_ENFORCEMENT,-59.6160,11749.4400,-62.1000,-59.6160,-2.4840,-0.00463398,-0.00444862,-2.4840,-59.6160,-0.00444862,-2.4840,-2.4840,-3.1050,-3.1050,-3.1050,-59.6160,-0.00444862,-14.2830,-13.0313,-47.8170,-49.0687,-0.00356817,-0.00366157,-0.00018536,104.6953,98.7016,-0.5008,-5.6455,-1.1717,1218.2727,11.2727,175.2903,82.1340,50.0,70.0,120.0,200.0,307.8999,420.8002,60.0,-10.0,4.39857,6.011431,1.495647,23,33,11,3,0.40549213,-0.00463398,-0.14728561,0E-8,0.000000,0.913290,0.000000,0.23994910,2026-03-22,2026-07-30,11,53,50,131,0.083970,2.134199,1.674290,1.351640,,,,,,,,GLOBAL_BASELINE_NO_ENTITY_RANKING,,,NOT_APPLICABLE_GLOBAL_BASELINE,HF9g-P5,,,,X 全窗基线 · 不参与实体赏罚,3923337,393,A168_HF9F_20260827_0900,2026-08-27 09:00:00
2026-07-30,112339874,1966,0,300.0000000000,-200.0000000000,-200.0000000000,0E-7,3,3,0.50665070000000000,0.506650700000,-1.4331513700195317,-1.4331513700195317,-1.4331513700195317,0E-17,ELIGIBLE,R03b_20260811_FULL_v1,L1_ELIGIBILITY,v2026-08-11,2026-03-21..2026-08-06,baccarat_bet02_101_all_pairs_incl_sentinel,round_win = game_pnl > 0 (decisive only),COMPATIBILITY_ONLY_NOT_PRODUCTION,13401.0000,12239.0000,-62.1000,128,124,0.00463398,0.14728561,-0.09266349,0.00463398,62.1000,13401.0000,OK,0.0000,-2.4840,4.0000,96.0000,AG03-UNRESOLVED,ALL5_LEVELS_bet23_to_bet27,-2.4840,-2.4840,-3.1050,-3.1050,-3.1050,4.000000,4.000000,5.000000,5.000000,5.000000,96.000000,96.000000,95.000000,95.000000,95.000000,5.0,-14.2830,-13.0313,-47.8170,-49.0687,PENDING_AG03,FALSE,NOT_FOR_ENFORCEMENT,-59.6160,11749.4400,-62.1000,-59.6160,-2.4840,-0.00463398,-0.00444862,-2.4840,-59.6160,-0.00444862,-2.4840,-2.4840,-3.1050,-3.1050,-3.1050,-59.6160,-0.00444862,-14.2830,-13.0313,-47.8170,-49.0687,-0.00356817,-0.00366157,-0.00018536,104.6953,98.7016,-0.5008,-5.6455,-1.1717,1218.2727,11.2727,175.2903,82.1340,50.0,70.0,120.0,200.0,307.8999,420.8002,60.0,-10.0,4.39857,6.011431,1.495647,23,33,11,3,0.40549213,-0.00463398,-0.14728561,0E-8,0.000000,0.913290,0.000000,0.23994910,2026-03-22,2026-07-30,11,53,50,131,0.083970,2.134199,1.674290,1.351640,,,,,,,,GLOBAL_BASELINE_NO_ENTITY_RANKING,,,NOT_APPLICABLE_GLOBAL_BASELINE,HF9g-P5,,,,X 全窗基线 · 不参与实体赏罚,3923338,393,A168_HF9F_20260827_0900,2026-08-27 09:00:00
2026-07-30,112339874,2147,0,365.0000000000,15.2500000000,15.2500000000,0.6666667,3,3,0.50665070000000000,0.506650700000,0.5543606114942035,0.5543606114942035,0.5543606114942035,0E-17,ELIGIBLE,R03b_20260811_FULL_v1,L1_ELIGIBILITY,v2026-08-11,2026-03-21..2026-08-06,baccarat_bet02_101_all_pairs_incl_sentinel,round_win = game_pnl > 0 (decisive only),COMPATIBILITY_ONLY_NOT_PRODUCTION,13401.0000,12239.0000,-62.1000,128,124,0.00463398,0.14728561,-0.09266349,0.00463398,62.1000,13401.0000,OK,0.0000,-2.4840,4.0000,96.0000,AG03-UNRESOLVED,ALL5_LEVELS_bet23_to_bet27,-2.4840,-2.4840,-3.1050,-3.1050,-3.1050,4.000000,4.000000,5.000000,5.000000,5.000000,96.000000,96.000000,95.000000,95.000000,95.000000,5.0,-14.2830,-13.0313,-47.8170,-49.0687,PENDING_AG03,FALSE,NOT_FOR_ENFORCEMENT,-59.6160,11749.4400,-62.1000,-59.6160,-2.4840,-0.00463398,-0.00444862,-2.4840,-59.6160,-0.00444862,-2.4840,-2.4840,-3.1050,-3.1050,-3.1050,-59.6160,-0.00444862,-14.2830,-13.0313,-47.8170,-49.0687,-0.00356817,-0.00366157,-0.00018536,104.6953,98.7016,-0.5008,-5.6455,-1.1717,1218.2727,11.2727,175.2903,82.1340,50.0,70.0,120.0,200.0,307.8999,420.8002,60.0,-10.0,4.39857,6.011431,1.495647,23,33,11,3,0.40549213,-0.00463398,-0.14728561,0E-8,0.000000,0.913290,0.000000,0.23994910,2026-03-22,2026-07-30,11,53,50,131,0.083970,2.134199,1.674290,1.351640,,,,,,,,GLOBAL_BASELINE_NO_ENTITY_RANKING,,,NOT_APPLICABLE_GLOBAL_BASELINE,HF9g-P5,,,,X 全窗基线 · 不参与实体赏罚,3923339,393,A168_HF9F_20260827_0900,2026-08-27 09:00:00
2026-07-30,112339874,529,0,300.0000000000,-300.0000000000,-300.0000000000,0E-7,1,1,0.50665070000000000,0.506650700000,-1.013391052207602,-1.013391052207602,-1.013391052207602,0E-17,ELIGIBLE,R03b_20260811_FULL_v1,L1_ELIGIBILITY,v2026-08-11,2026-03-21..2026-08-06,baccarat_bet02_101_all_pairs_incl_sentinel,round_win = game_pnl > 0 (decisive only),COMPATIBILITY_ONLY_NOT_PRODUCTION,13401.0000,12239.0000,-62.1000,128,124,0.00463398,0.14728561,-0.09266349,0.00463398,62.1000,13401.0000,OK,0.0000,-2.4840,4.0000,96.0000,AG03-UNRESOLVED,ALL5_LEVELS_bet23_to_bet27,-2.4840,-2.4840,-3.1050,-3.1050,-3.1050,4.000000,4.000000,5.000000,5.000000,5.000000,96.000000,96.000000,95.000000,95.000000,95.000000,5.0,-14.2830,-13.0313,-47.8170,-49.0687,PENDING_AG03,FALSE,NOT_FOR_ENFORCEMENT,-59.6160,11749.4400,-62.1000,-59.6160,-2.4840,-0.00463398,-0.00444862,-2.4840,-59.6160,-0.00444862,-2.4840,-2.4840,-3.1050,-3.1050,-3.1050,-59.6160,-0.00444862,-14.2830,-13.0313,-47.8170,-49.0687,-0.00356817,-0.00366157,-0.00018536,104.6953,98.7016,-0.5008,-5.6455,-1.1717,1218.2727,11.2727,175.2903,82.1340,50.0,70.0,120.0,200.0,307.8999,420.8002,60.0,-10.0,4.39857,6.011431,1.495647,23,33,11,3,0.40549213,-0.00463398,-0.14728561,0E-8,0.000000,0.913290,0.000000,0.23994910,2026-03-22,2026-07-30,11,53,50,131,0.083970,2.134199,1.674290,1.351640,,,,,,,,GLOBAL_BASELINE_NO_ENTITY_RANKING,,,NOT_APPLICABLE_GLOBAL_BASELINE,HF9g-P5,,,,X 全窗基线 · 不参与实体赏罚,3923340,393,A168_HF9F_20260827_0900,2026-08-27 09:00:00
2026-07-30,112339874,550,0,1738.0000000000,485.0000000000,485.0000000000,0.7500000,10,8,0.50022497672474923,0.450014537500,1.412941044862352,1.7055180718867422,1.412941044862352,0.05021043922474923,ELIGIBLE,R03b_20260811_FULL_v1,L1_ELIGIBILITY,v2026-08-11,2026-03-21..2026-08-06,baccarat_bet02_101_all_pairs_incl_sentinel,round_win = game_pnl > 0 (decisive only),COMPATIBILITY_ONLY_NOT_PRODUCTION,13401.0000,12239.0000,-62.1000,128,124,0.00463398,0.14728561,-0.09266349,0.00463398,62.1000,13401.0000,OK,0.0000,-2.4840,4.0000,96.0000,AG03-UNRESOLVED,ALL5_LEVELS_bet23_to_bet27,-2.4840,-2.4840,-3.1050,-3.1050,-3.1050,4.000000,4.000000,5.000000,5.000000,5.000000,96.000000,96.000000,95.000000,95.000000,95.000000,5.0,-14.2830,-13.0313,-47.8170,-49.0687,PENDING_AG03,FALSE,NOT_FOR_ENFORCEMENT,-59.6160,11749.4400,-62.1000,-59.6160,-2.4840,-0.00463398,-0.00444862,-2.4840,-59.6160,-0.00444862,-2.4840,-2.4840,-3.1050,-3.1050,-3.1050,-59.6160,-0.00444862,-14.2830,-13.0313,-47.8170,-49.0687,-0.00356817,-0.00366157,-0.00018536,104.6953,98.7016,-0.5008,-5.6455,-1.1717,1218.2727,11.2727,175.2903,82.1340,50.0,70.0,120.0,200.0,307.8999,420.8002,60.0,-10.0,4.39857,6.011431,1.495647,23,33,11,3,0.40549213,-0.00463398,-0.14728561,0E-8,0.000000,0.913290,0.000000,0.23994910,2026-03-22,2026-07-30,11,53,50,131,0.083970,2.134199,1.674290,1.351640,,,,,,,,GLOBAL_BASELINE_NO_ENTITY_RANKING,,,NOT_APPLICABLE_GLOBAL_BASELINE,HF9g-P5,,,,X 全窗基线 · 不参与实体赏罚,3923341,393,A168_HF9F_20260827_0900,2026-08-27 09:00:00
2026-07-30,112339874,576,0,100.0000000000,-100.0000000000,-100.0000000000,0E-7,1,1,0.50665070000000000,0.506650700000,-1.013391052207602,-1.013391052207602,-1.013391052207602,0E-17,ELIGIBLE,R03b_20260811_FULL_v1,L1_ELIGIBILITY,v2026-08-11,2026-03-21..2026-08-06,baccarat_bet02_101_all_pairs_incl_sentinel,round_win = game_pnl > 0 (decisive only),COMPATIBILITY_ONLY_NOT_PRODUCTION,13401.0000,12239.0000,-62.1000,128,124,0.00463398,0.14728561,-0.09266349,0.00463398,62.1000,13401.0000,OK,0.0000,-2.4840,4.0000,96.0000,AG03-UNRESOLVED,ALL5_LEVELS_bet23_to_bet27,-2.4840,-2.4840,-3.1050,-3.1050,-3.1050,4.000000,4.000000,5.000000,5.000000,5.000000,96.000000,96.000000,95.000000,95.000000,95.000000,5.0,-14.2830,-13.0313,-47.8170,-49.0687,PENDING_AG03,FALSE,NOT_FOR_ENFORCEMENT,-59.6160,11749.4400,-62.1000,-59.6160,-2.4840,-0.00463398,-0.00444862,-2.4840,-59.6160,-0.00444862,-2.4840,-2.4840,-3.1050,-3.1050,-3.1050,-59.6160,-0.00444862,-14.2830,-13.0313,-47.8170,-49.0687,-0.00356817,-0.00366157,-0.00018536,104.6953,98.7016,-0.5008,-5.6455,-1.1717,1218.2727,11.2727,175.2903,82.1340,50.0,70.0,120.0,200.0,307.8999,420.8002,60.0,-10.0,4.39857,6.011431,1.495647,23,33,11,3,0.40549213,-0.00463398,-0.14728561,0E-8,0.000000,0.913290,0.000000,0.23994910,2026-03-22,2026-07-30,11,53,50,131,0.083970,2.134199,1.674290,1.351640,,,,,,,,GLOBAL_BASELINE_NO_ENTITY_RANKING,,,NOT_APPLICABLE_GLOBAL_BASELINE,HF9g-P5,,,,X 全窗基线 · 不参与实体赏罚,3923342,393,A168_HF9F_20260827_0900,2026-08-27 09:00:00
2026-04-24,149114816,1307,0,178.6221735071,62.3147809848,62.8506475054,0.6666667,10,9,0.49287570476194930,0.477056550000,1.0428516378868644,1.1388603282958993,1.0428516378868644,0.01581915476194930,ELIGIBLE,R03b_20260811_FULL_v1,L1_ELIGIBILITY,v2026-08-11,2026-03-21..2026-08-06,baccarat_bet02_101_all_pairs_incl_sentinel,round_win = game_pnl > 0 (decisive only),COMPATIBILITY_ONLY_NOT_PRODUCTION,178.6222,178.6222,-62.8506,10,9,0.35186364,,0.35186364,0.34886364,62.8506,178.6222,THIN_EXPOSURE,0.5359,-3.7710,6.0000,94.0000,AG03-UNRESOLVED,ALL5_LEVELS_bet23_to_bet27,-3.7710,-3.7710,-3.7710,-3.7710,-3.7710,6.000000,6.000000,6.000000,6.000000,6.000000,94.000000,94.000000,94.000000,94.000000,94.000000,5.0,-18.8552,-16.7243,-44.5313,-46.6622,PENDING_AG03,FALSE,NOT_FOR_ENFORCEMENT,-59.0796,167.9048,-63.3865,-59.6155,-4.3069,-0.35486364,-0.33375182,-3.7710,-59.6155,-0.33375182,-3.7710,-3.7710,-3.7710,-3.7710,-3.7710,-59.6155,-0.33375182,-18.8552,-16.7243,-44.5313,-46.6622,-0.24930455,-0.26123414,-0.02411182,17.8622,19.8469,-6.9834,-62.8506,-62.8506,178.6222,9.0000,,17.8622,12.1788,18.2682,20.298,32.4768,40.5959,40.5959,18.2682,9.875,2.222222,2.222222,0.977778,1,1,1,3,0E-8,-0.35186364,,0.00300000,0.300000,1.000000,0.000000,,2026-04-24,2026-04-24,1,1,1,1,1.000000,,,0.000000,,,,,,,,GLOBAL_BASELINE_NO_ENTITY_RANKING,,,NOT_APPLICABLE_GLOBAL_BASELINE,HF9g-P5,,,,X 全窗基线 · 不参与实体赏罚,3923343,393,A168_HF9F_20260827_0900,2026-08-27 09:00:00
2026-04-22,149034032,-1,1,68.9655172414,65.5172413793,65.5172413793,1.0000000,1,1,0.50665070000000000,0.506650700000,0.9867858985152569,0.9867858985152569,0.9867858985152569,0E-17,SENTINEL_DEALER,R03b_20260811_FULL_v1,L1_ELIGIBILITY,v2026-08-11,2026-03-21..2026-08-06,baccarat_bet02_101_all_pairs_incl_sentinel,round_win = game_pnl > 0 (decisive only),COMPATIBILITY_ONLY_NOT_PRODUCTION,205.7644,205.7644,-62.0973,3,3,0.30178817,,0.30178817,0.30178817,62.0973,205.7644,THIN_EXPOSURE,0.0000,-2.4839,4.0000,96.0000,AG03-UNRESOLVED,ALL5_LEVELS_bet23_to_bet27,-2.4839,-2.4839,-2.4839,-2.4839,-2.4839,4.000000,4.000000,4.000000,4.000000,4.000000,96.000000,96.000000,96.000000,96.000000,96.000000,5.0,-12.4195,-11.4649,-49.6778,-50.6324,PENDING_AG03,FALSE,NOT_FOR_ENFORCEMENT,-59.6134,197.5338,-62.0973,-59.6134,-2.4839,-0.30178817,-0.28971664,-2.4839,-59.6134,-0.28971664,-2.4839,-2.4839,-2.4839,-2.4839,-2.4839,-59.6134,-0.28971664,-12.4195,-11.4649,-49.6778,-50.6324,-0.24143054,-0.24606983,-0.01207153,68.5881,68.5881,-20.6991,-31.0486,-31.0486,102.8822,1.5000,,68.5881,68.3995,68.3995,68.824,68.9655,68.9655,68.9655,68.3995,64.9795,1.008276,1.008276,1.002759,2,2,2,1,0E-8,-0.30178817,,0E-8,0.000000,1.000000,0.000000,,2026-04-22,2026-05-26,2,2,2,35,0.057143,,,0.000000,,,,,,,,GLOBAL_BASELINE_NO_ENTITY_RANKING,,,NOT_APPLICABLE_GLOBAL_BASELINE,HF9g-P5,,,,X 全窗基线 · 不参与实体赏罚,3923344,393,A168_HF9F_20260827_0900,2026-08-27 09:00:00
2026-05-26,149034032,550,0,136.7989056088,-3.4199726402,-3.4199726402,0.5000000,2,2,0.50665070000000000,0.506650700000,-0.018812684590367487,-0.018812684590367487,-0.018812684590367487,0E-17,ELIGIBLE,R03b_20260811_FULL_v1,L1_ELIGIBILITY,v2026-08-11,2026-03-21..2026-08-06,baccarat_bet02_101_all_pairs_incl_sentinel,round_win = game_pnl > 0 (decisive only),COMPATIBILITY_ONLY_NOT_PRODUCTION,205.7644,205.7644,-62.0973,3,3,0.30178817,,0.30178817,0.30178817,62.0973,205.7644,THIN_EXPOSURE,0.0000,-2.4839,4.0000,96.0000,AG03-UNRESOLVED,ALL5_LEVELS_bet23_to_bet27,-2.4839,-2.4839,-2.4839,-2.4839,-2.4839,4.000000,4.000000,4.000000,4.000000,4.000000,96.000000,96.000000,96.000000,96.000000,96.000000,5.0,-12.4195,-11.4649,-49.6778,-50.6324,PENDING_AG03,FALSE,NOT_FOR_ENFORCEMENT,-59.6134,197.5338,-62.0973,-59.6134,-2.4839,-0.30178817,-0.28971664,-2.4839,-59.6134,-0.28971664,-2.4839,-2.4839,-2.4839,-2.4839,-2.4839,-59.6134,-0.28971664,-12.4195,-11.4649,-49.6778,-50.6324,-0.24143054,-0.24606983,-0.01207153,68.5881,68.5881,-20.6991,-31.0486,-31.0486,102.8822,1.5000,,68.5881,68.3995,68.3995,68.824,68.9655,68.9655,68.9655,68.3995,64.9795,1.008276,1.008276,1.002759,2,2,2,1,0E-8,-0.30178817,,0E-8,0.000000,1.000000,0.000000,,2026-04-22,2026-05-26,2,2,2,35,0.057143,,,0.000000,,,,,,,,GLOBAL_BASELINE_NO_ENTITY_RANKING,,,NOT_APPLICABLE_GLOBAL_BASELINE,HF9g-P5,,,,X 全窗基线 · 不参与实体赏罚,3923345,393,A168_HF9F_20260827_0900,2026-08-27 09:00:00
2026-04-17,148793573,1374,0,30.1023479831,-30.1023479831,-30.1023479831,0E-7,1,1,0.49324550000000000,0.493245500000,-0.9865810262130424,-0.9865810262130424,-0.9865810262130424,0E-17,ELIGIBLE,R03b_20260811_FULL_v1,L1_ELIGIBILITY,v2026-08-11,2026-03-21..2026-08-06,baccarat_bet02_101_all_pairs_incl_sentinel,round_win = game_pnl > 0 (decisive only),COMPATIBILITY_ONLY_NOT_PRODUCTION,125.6086,125.6086,-62.0926,4,4,0.49433430,1.00000000,0.34062500,0.49433430,62.0926,125.6086,THIN_EXPOSURE,0.0000,-2.4837,4.0000,96.0000,AG03-UNRESOLVED,ALL5_LEVELS_bet23_to_bet27,-2.4837,-2.4837,-3.1046,-3.1046,-3.1046,4.000000,4.000000,5.000000,5.000000,5.000000,96.000000,96.000000,95.000000,95.000000,95.000000,5.0,-14.2813,-13.0297,-47.8113,-49.0629,PENDING_AG03,FALSE,NOT_FOR_ENFORCEMENT,-59.6089,120.5842,-62.0926,-59.6089,-2.4837,-0.49433430,-0.47456092,-2.4837,-59.6089,-0.47456092,-2.4837,-2.4837,-3.1046,-3.1046,-3.1046,-59.6089,-0.47456092,-14.2813,-13.0297,-47.8113,-49.0629,-0.38063741,-0.3906016,-0.01977337,31.4021,31.4021,-15.5232,-20.6975,-20.6975,41.8695,1.3333,29.2811,32.1092,29.43,29.8406,33.3743,36.6463,36.6463,36.6463,29.8406,28.6905,1.22807,1.22807,1.05233,2,3,2,2,0.23311362,-0.49433430,-1.00000000,0E-8,0.000000,1.000000,0.000000,0.65937500,2026-04-17,2026-08-04,3,3,3,110,0.027273,0.911922,0.932454,0.777045,,,,,,,,GLOBAL_BASELINE_NO_ENTITY_RANKING,,,NOT_APPLICABLE_GLOBAL_BASELINE,HF9g-P5,,,,X 全窗基线 · 不参与实体赏罚,3923346,393,A168_HF9F_20260827_0900,2026-08-27 09:00:00
2026-04-19,148793573,1330,0,66.2251655629,62.9139072848,62.9139072848,1.0000000,2,2,0.50665070000000000,0.506650700000,1.3955260008387969,1.3955260008387969,1.3955260008387969,0E-17,ELIGIBLE,R03b_20260811_FULL_v1,L1_ELIGIBILITY,v2026-08-11,2026-03-21..2026-08-06,baccarat_bet02_101_all_pairs_incl_sentinel,round_win = game_pnl > 0 (decisive only),COMPATIBILITY_ONLY_NOT_PRODUCTION,125.6086,125.6086,-62.0926,4,4,0.49433430,1.00000000,0.34062500,0.49433430,62.0926,125.6086,THIN_EXPOSURE,0.0000,-2.4837,4.0000,96.0000,AG03-UNRESOLVED,ALL5_LEVELS_bet23_to_bet27,-2.4837,-2.4837,-3.1046,-3.1046,-3.1046,4.000000,4.000000,5.000000,5.000000,5.000000,96.000000,96.000000,95.000000,95.000000,95.000000,5.0,-14.2813,-13.0297,-47.8113,-49.0629,PENDING_AG03,FALSE,NOT_FOR_ENFORCEMENT,-59.6089,120.5842,-62.0926,-59.6089,-2.4837,-0.49433430,-0.47456092,-2.4837,-59.6089,-0.47456092,-2.4837,-2.4837,-3.1046,-3.1046,-3.1046,-59.6089,-0.47456092,-14.2813,-13.0297,-47.8113,-49.0629,-0.38063741,-0.3906016,-0.01977337,31.4021,31.4021,-15.5232,-20.6975,-20.6975,41.8695,1.3333,29.2811,32.1092,29.43,29.8406,33.3743,36.6463,36.6463,36.6463,29.8406,28.6905,1.22807,1.22807,1.05233,2,3,2,2,0.23311362,-0.49433430,-1.00000000,0E-8,0.000000,1.000000,0.000000,0.65937500,2026-04-17,2026-08-04,3,3,3,110,0.027273,0.911922,0.932454,0.777045,,,,,,,,GLOBAL_BASELINE_NO_ENTITY_RANKING,,,NOT_APPLICABLE_GLOBAL_BASELINE,HF9g-P5,,,,X 全窗基线 · 不参与实体赏罚,3923347,393,A168_HF9F_20260827_0900,2026-08-27 09:00:00
2026-08-04,148793573,2170,0,29.2810726119,29.2810726119,29.2810726119,1.0000000,1,1,0.49324550000000000,0.493245500000,1.01360149184955,1.01360149184955,1.01360149184955,0E-17,ELIGIBLE,R03b_20260811_FULL_v1,L1_ELIGIBILITY,v2026-08-11,2026-03-21..2026-08-06,baccarat_bet02_101_all_pairs_incl_sentinel,round_win = game_pnl > 0 (decisive only),COMPATIBILITY_ONLY_NOT_PRODUCTION,125.6086,125.6086,-62.0926,4,4,0.49433430,1.00000000,0.34062500,0.49433430,62.0926,125.6086,THIN_EXPOSURE,0.0000,-2.4837,4.0000,96.0000,AG03-UNRESOLVED,ALL5_LEVELS_bet23_to_bet27,-2.4837,-2.4837,-3.1046,-3.1046,-3.1046,4.000000,4.000000,5.000000,5.000000,5.000000,96.000000,96.000000,95.000000,95.000000,95.000000,5.0,-14.2813,-13.0297,-47.8113,-49.0629,PENDING_AG03,FALSE,NOT_FOR_ENFORCEMENT,-59.6089,120.5842,-62.0926,-59.6089,-2.4837,-0.49433430,-0.47456092,-2.4837,-59.6089,-0.47456092,-2.4837,-2.4837,-3.1046,-3.1046,-3.1046,-59.6089,-0.47456092,-14.2813,-13.0297,-47.8113,-49.0629,-0.38063741,-0.3906016,-0.01977337,31.4021,31.4021,-15.5232,-20.6975,-20.6975,41.8695,1.3333,29.2811,32.1092,29.43,29.8406,33.3743,36.6463,36.6463,36.6463,29.8406,28.6905,1.22807,1.22807,1.05233,2,3,2,2,0.23311362,-0.49433430,-1.00000000,0E-8,0.000000,1.000000,0.000000,0.65937500,2026-04-17,2026-08-04,3,3,3,110,0.027273,0.911922,0.932454,0.777045,,,,,,,,GLOBAL_BASELINE_NO_ENTITY_RANKING,,,NOT_APPLICABLE_GLOBAL_BASELINE,HF9g-P5,,,,X 全窗基线 · 不参与实体赏罚,3923348,393,A168_HF9F_20260827_0900,2026-08-27 09:00:00
2026-07-12,152918263,-1,1,147.1613352954,53.7009784938,53.7009784938,0.7142857,7,7,0.49516052857142857,0.495160528571,1.1595558107697723,1.1595558107720498,1.1595558107697723,4.2857E-13,SENTINEL_DEALER,R03b_20260811_FULL_v1,L1_ELIGIBILITY,v2026-08-11,2026-03-21..2026-08-06,baccarat_bet02_101_all_pairs_incl_sentinel,round_win = game_pnl > 0 (decisive only),COMPATIBILITY_ONLY_NOT_PRODUCTION,773.2425,773.2425,-62.0918,29,29,0.08030050,0.08030050,,0.08030050,62.0918,773.2425,THIN_EXPOSURE,0.0000,-2.4837,4.0000,96.0000,AG03-UNRESOLVED,ALL5_LEVELS_bet23_to_bet27,-2.4837,-2.4837,-2.4837,-2.4837,-2.4837,4.000000,4.000000,4.000000,4.000000,4.000000,96.000000,96.000000,96.000000,96.000000,96.000000,5.0,-12.4184,-11.4638,-49.6734,-50.6279,PENDING_AG03,FALSE,NOT_FOR_ENFORCEMENT,-59.6081,742.3128,-62.0918,-59.6081,-2.4837,-0.08030050,-0.07708848,-2.4837,-59.6081,-0.07708848,-2.4837,-2.4837,-2.4837,-2.4837,-2.4837,-59.6081,-0.07708848,-12.4184,-11.4638,-49.6734,-50.6279,-0.06424040,-0.06547484,-0.00321202,26.6635,26.6635,-2.1411,-31.0459,-6.2092,386.6212,14.5000,26.6635,,18.7179,25.8178,25.8178,51.6356,51.6356,51.6356,25.8178,9.8108,2.0,2.0,1.032759,9,9,2,2,1.00000000,-0.08030050,-0.08030050,0E-8,0.000000,1.000000,0.000000,,2026-07-12,2026-07-19,2,10,10,8,0.250000,,1.000000,3.333333,,,,,,,,GLOBAL_BASELINE_NO_ENTITY_RANKING,,,NOT_APPLICABLE_GLOBAL_BASELINE,HF9g-P5,,,,X 全窗基线 · 不参与实体赏罚,3923349,393,A168_HF9F_20260827_0900,2026-08-27 09:00:00
2026-07-12,152918263,1004,0,129.0888906100,-25.8177781220,-25.8177781220,0.4000000,5,5,0.49860758000000000,0.498607580000,-0.440988213962219,-0.440988213962219,-0.440988213962219,0E-17,ELIGIBLE,R03b_20260811_FULL_v1,L1_ELIGIBILITY,v2026-08-11,2026-03-21..2026-08-06,baccarat_bet02_101_all_pairs_incl_sentinel,round_win = game_pnl > 0 (decisive only),COMPATIBILITY_ONLY_NOT_PRODUCTION,773.2425,773.2425,-62.0918,29,29,0.08030050,0.08030050,,0.08030050,62.0918,773.2425,THIN_EXPOSURE,0.0000,-2.4837,4.0000,96.0000,AG03-UNRESOLVED,ALL5_LEVELS_bet23_to_bet27,-2.4837,-2.4837,-2.4837,-2.4837,-2.4837,4.000000,4.000000,4.000000,4.000000,4.000000,96.000000,96.000000,96.000000,96.000000,96.000000,5.0,-12.4184,-11.4638,-49.6734,-50.6279,PENDING_AG03,FALSE,NOT_FOR_ENFORCEMENT,-59.6081,742.3128,-62.0918,-59.6081,-2.4837,-0.08030050,-0.07708848,-2.4837,-59.6081,-0.07708848,-2.4837,-2.4837,-2.4837,-2.4837,-2.4837,-59.6081,-0.07708848,-12.4184,-11.4638,-49.6734,-50.6279,-0.06424040,-0.06547484,-0.00321202,26.6635,26.6635,-2.1411,-31.0459,-6.2092,386.6212,14.5000,26.6635,,18.7179,25.8178,25.8178,51.6356,51.6356,51.6356,25.8178,9.8108,2.0,2.0,1.032759,9,9,2,2,1.00000000,-0.08030050,-0.08030050,0E-8,0.000000,1.000000,0.000000,,2026-07-12,2026-07-19,2,10,10,8,0.250000,,1.000000,3.333333,,,,,,,,GLOBAL_BASELINE_NO_ENTITY_RANKING,,,NOT_APPLICABLE_GLOBAL_BASELINE,HF9g-P5,,,,X 全窗基线 · 不参与实体赏罚,3923350,393,A168_HF9F_20260827_0900,2026-08-27 09:00:00
2026-07-12,152918263,1157,0,51.6355562440,51.6355562440,51.6355562440,1.0000000,1,1,0.49324550000000000,0.493245500000,1.01360149184955,1.01360149184955,1.01360149184955,0E-17,ELIGIBLE,R03b_20260811_FULL_v1,L1_ELIGIBILITY,v2026-08-11,2026-03-21..2026-08-06,baccarat_bet02_101_all_pairs_incl_sentinel,round_win = game_pnl > 0 (decisive only),COMPATIBILITY_ONLY_NOT_PRODUCTION,773.2425,773.2425,-62.0918,29,29,0.08030050,0.08030050,,0.08030050,62.0918,773.2425,THIN_EXPOSURE,0.0000,-2.4837,4.0000,96.0000,AG03-UNRESOLVED,ALL5_LEVELS_bet23_to_bet27,-2.4837,-2.4837,-2.4837,-2.4837,-2.4837,4.000000,4.000000,4.000000,4.000000,4.000000,96.000000,96.000000,96.000000,96.000000,96.000000,5.0,-12.4184,-11.4638,-49.6734,-50.6279,PENDING_AG03,FALSE,NOT_FOR_ENFORCEMENT,-59.6081,742.3128,-62.0918,-59.6081,-2.4837,-0.08030050,-0.07708848,-2.4837,-59.6081,-0.07708848,-2.4837,-2.4837,-2.4837,-2.4837,-2.4837,-59.6081,-0.07708848,-12.4184,-11.4638,-49.6734,-50.6279,-0.06424040,-0.06547484,-0.00321202,26.6635,26.6635,-2.1411,-31.0459,-6.2092,386.6212,14.5000,26.6635,,18.7179,25.8178,25.8178,51.6356,51.6356,51.6356,25.8178,9.8108,2.0,2.0,1.032759,9,9,2,2,1.00000000,-0.08030050,-0.08030050,0E-8,0.000000,1.000000,0.000000,,2026-07-12,2026-07-19,2,10,10,8,0.250000,,1.000000,3.333333,,,,,,,,GLOBAL_BASELINE_NO_ENTITY_RANKING,,,NOT_APPLICABLE_GLOBAL_BASELINE,HF9g-P5,,,,X 全窗基线 · 不参与实体赏罚,3923351,393,A168_HF9F_20260827_0900,2026-08-27 09:00:00
2026-07-12,152918263,1221,0,25.8177781220,-25.8177781220,-25.8177781220,0E-7,1,1,0.50665070000000000,0.506650700000,-1.013391052207602,-1.013391052207602,-1.013391052207602,0E-17,ELIGIBLE,R03b_20260811_FULL_v1,L1_ELIGIBILITY,v2026-08-11,2026-03-21..2026-08-06,baccarat_bet02_101_all_pairs_incl_sentinel,round_win = game_pnl > 0 (decisive only),COMPATIBILITY_ONLY_NOT_PRODUCTION,773.2425,773.2425,-62.0918,29,29,0.08030050,0.08030050,,0.08030050,62.0918,773.2425,THIN_EXPOSURE,0.0000,-2.4837,4.0000,96.0000,AG03-UNRESOLVED,ALL5_LEVELS_bet23_to_bet27,-2.4837,-2.4837,-2.4837,-2.4837,-2.4837,4.000000,4.000000,4.000000,4.000000,4.000000,96.000000,96.000000,96.000000,96.000000,96.000000,5.0,-12.4184,-11.4638,-49.6734,-50.6279,PENDING_AG03,FALSE,NOT_FOR_ENFORCEMENT,-59.6081,742.3128,-62.0918,-59.6081,-2.4837,-0.08030050,-0.07708848,-2.4837,-59.6081,-0.07708848,-2.4837,-2.4837,-2.4837,-2.4837,-2.4837,-59.6081,-0.07708848,-12.4184,-11.4638,-49.6734,-50.6279,-0.06424040,-0.06547484,-0.00321202,26.6635,26.6635,-2.1411,-31.0459,-6.2092,386.6212,14.5000,26.6635,,18.7179,25.8178,25.8178,51.6356,51.6356,51.6356,25.8178,9.8108,2.0,2.0,1.032759,9,9,2,2,1.00000000,-0.08030050,-0.08030050,0E-8,0.000000,1.000000,0.000000,,2026-07-12,2026-07-19,2,10,10,8,0.250000,,1.000000,3.333333,,,,,,,,GLOBAL_BASELINE_NO_ENTITY_RANKING,,,NOT_APPLICABLE_GLOBAL_BASELINE,HF9g-P5,,,,X 全窗基线 · 不参与实体赏罚,3923352,393,A168_HF9F_20260827_0900,2026-08-27 09:00:00
2026-07-12,152918263,1304,0,64.5444453050,-12.9088890610,-12.9088890610,0.3333333,3,3,0.49771390000000000,0.497713900000,-0.5694369385616226,-0.5694369385616226,-0.5694369385616226,0E-17,ELIGIBLE,R03b_20260811_FULL_v1,L1_ELIGIBILITY,v2026-08-11,2026-03-21..2026-08-06,baccarat_bet02_101_all_pairs_incl_sentinel,round_win = game_pnl > 0 (decisive only),COMPATIBILITY_ONLY_NOT_PRODUCTION,773.2425,773.2425,-62.0918,29,29,0.08030050,0.08030050,,0.08030050,62.0918,773.2425,THIN_EXPOSURE,0.0000,-2.4837,4.0000,96.0000,AG03-UNRESOLVED,ALL5_LEVELS_bet23_to_bet27,-2.4837,-2.4837,-2.4837,-2.4837,-2.4837,4.000000,4.000000,4.000000,4.000000,4.000000,96.000000,96.000000,96.000000,96.000000,96.000000,5.0,-12.4184,-11.4638,-49.6734,-50.6279,PENDING_AG03,FALSE,NOT_FOR_ENFORCEMENT,-59.6081,742.3128,-62.0918,-59.6081,-2.4837,-0.08030050,-0.07708848,-2.4837,-59.6081,-0.07708848,-2.4837,-2.4837,-2.4837,-2.4837,-2.4837,-59.6081,-0.07708848,-12.4184,-11.4638,-49.6734,-50.6279,-0.06424040,-0.06547484,-0.00321202,26.6635,26.6635,-2.1411,-31.0459,-6.2092,386.6212,14.5000,26.6635,,18.7179,25.8178,25.8178,51.6356,51.6356,51.6356,25.8178,9.8108,2.0,2.0,1.032759,9,9,2,2,1.00000000,-0.08030050,-0.08030050,0E-8,0.000000,1.000000,0.000000,,2026-07-12,2026-07-19,2,10,10,8,0.250000,,1.000000,3.333333,,,,,,,,GLOBAL_BASELINE_NO_ENTITY_RANKING,,,NOT_APPLICABLE_GLOBAL_BASELINE,HF9g-P5,,,,X 全窗基线 · 不参与实体赏罚,3923353,393,A168_HF9F_20260827_0900,2026-08-27 09:00:00
2026-07-12,152918263,1382,0,25.8177781220,-25.8177781220,-25.8177781220,0E-7,1,1,0.49324550000000000,0.493245500000,-0.9865810262130424,-0.9865810262130424,-0.9865810262130424,0E-17,ELIGIBLE,R03b_20260811_FULL_v1,L1_ELIGIBILITY,v2026-08-11,2026-03-21..2026-08-06,baccarat_bet02_101_all_pairs_incl_sentinel,round_win = game_pnl > 0 (decisive only),COMPATIBILITY_ONLY_NOT_PRODUCTION,773.2425,773.2425,-62.0918,29,29,0.08030050,0.08030050,,0.08030050,62.0918,773.2425,THIN_EXPOSURE,0.0000,-2.4837,4.0000,96.0000,AG03-UNRESOLVED,ALL5_LEVELS_bet23_to_bet27,-2.4837,-2.4837,-2.4837,-2.4837,-2.4837,4.000000,4.000000,4.000000,4.000000,4.000000,96.000000,96.000000,96.000000,96.000000,96.000000,5.0,-12.4184,-11.4638,-49.6734,-50.6279,PENDING_AG03,FALSE,NOT_FOR_ENFORCEMENT,-59.6081,742.3128,-62.0918,-59.6081,-2.4837,-0.08030050,-0.07708848,-2.4837,-59.6081,-0.07708848,-2.4837,-2.4837,-2.4837,-2.4837,-2.4837,-59.6081,-0.07708848,-12.4184,-11.4638,-49.6734,-50.6279,-0.06424040,-0.06547484,-0.00321202,26.6635,26.6635,-2.1411,-31.0459,-6.2092,386.6212,14.5000,26.6635,,18.7179,25.8178,25.8178,51.6356,51.6356,51.6356,25.8178,9.8108,2.0,2.0,1.032759,9,9,2,2,1.00000000,-0.08030050,-0.08030050,0E-8,0.000000,1.000000,0.000000,,2026-07-12,2026-07-19,2,10,10,8,0.250000,,1.000000,3.333333,,,,,,,,GLOBAL_BASELINE_NO_ENTITY_RANKING,,,NOT_APPLICABLE_GLOBAL_BASELINE,HF9g-P5,,,,X 全窗基线 · 不参与实体赏罚,3923354,393,A168_HF9F_20260827_0900,2026-08-27 09:00:00
2026-07-12,152918263,2171,0,141.9977796710,36.1448893708,36.1448893708,0.6666667,3,3,0.50218230000000000,0.502182300000,0.5697959874915163,0.5697959874915164,0.5697959874915163,0E-17,ELIGIBLE,R03b_20260811_FULL_v1,L1_ELIGIBILITY,v2026-08-11,2026-03-21..2026-08-06,baccarat_bet02_101_all_pairs_incl_sentinel,round_win = game_pnl > 0 (decisive only),COMPATIBILITY_ONLY_NOT_PRODUCTION,773.2425,773.2425,-62.0918,29,29,0.08030050,0.08030050,,0.08030050,62.0918,773.2425,THIN_EXPOSURE,0.0000,-2.4837,4.0000,96.0000,AG03-UNRESOLVED,ALL5_LEVELS_bet23_to_bet27,-2.4837,-2.4837,-2.4837,-2.4837,-2.4837,4.000000,4.000000,4.000000,4.000000,4.000000,96.000000,96.000000,96.000000,96.000000,96.000000,5.0,-12.4184,-11.4638,-49.6734,-50.6279,PENDING_AG03,FALSE,NOT_FOR_ENFORCEMENT,-59.6081,742.3128,-62.0918,-59.6081,-2.4837,-0.08030050,-0.07708848,-2.4837,-59.6081,-0.07708848,-2.4837,-2.4837,-2.4837,-2.4837,-2.4837,-59.6081,-0.07708848,-12.4184,-11.4638,-49.6734,-50.6279,-0.06424040,-0.06547484,-0.00321202,26.6635,26.6635,-2.1411,-31.0459,-6.2092,386.6212,14.5000,26.6635,,18.7179,25.8178,25.8178,51.6356,51.6356,51.6356,25.8178,9.8108,2.0,2.0,1.032759,9,9,2,2,1.00000000,-0.08030050,-0.08030050,0E-8,0.000000,1.000000,0.000000,,2026-07-12,2026-07-19,2,10,10,8,0.250000,,1.000000,3.333333,,,,,,,,GLOBAL_BASELINE_NO_ENTITY_RANKING,,,NOT_APPLICABLE_GLOBAL_BASELINE,HF9g-P5,,,,X 全窗基线 · 不参与实体赏罚,3923355,393,A168_HF9F_20260827_0900,2026-08-27 09:00:00
2026-07-12,152918263,925,0,162.6520021686,35.4994449178,35.4994449178,0.5714286,7,7,0.50090561428571429,0.500905614286,0.3731730247484194,0.373173024746908,0.3731730247484194,-2.8571E-13,ELIGIBLE,R03b_20260811_FULL_v1,L1_ELIGIBILITY,v2026-08-11,2026-03-21..2026-08-06,baccarat_bet02_101_all_pairs_incl_sentinel,round_win = game_pnl > 0 (decisive only),COMPATIBILITY_ONLY_NOT_PRODUCTION,773.2425,773.2425,-62.0918,29,29,0.08030050,0.08030050,,0.08030050,62.0918,773.2425,THIN_EXPOSURE,0.0000,-2.4837,4.0000,96.0000,AG03-UNRESOLVED,ALL5_LEVELS_bet23_to_bet27,-2.4837,-2.4837,-2.4837,-2.4837,-2.4837,4.000000,4.000000,4.000000,4.000000,4.000000,96.000000,96.000000,96.000000,96.000000,96.000000,5.0,-12.4184,-11.4638,-49.6734,-50.6279,PENDING_AG03,FALSE,NOT_FOR_ENFORCEMENT,-59.6081,742.3128,-62.0918,-59.6081,-2.4837,-0.08030050,-0.07708848,-2.4837,-59.6081,-0.07708848,-2.4837,-2.4837,-2.4837,-2.4837,-2.4837,-59.6081,-0.07708848,-12.4184,-11.4638,-49.6734,-50.6279,-0.06424040,-0.06547484,-0.00321202,26.6635,26.6635,-2.1411,-31.0459,-6.2092,386.6212,14.5000,26.6635,,18.7179,25.8178,25.8178,51.6356,51.6356,51.6356,25.8178,9.8108,2.0,2.0,1.032759,9,9,2,2,1.00000000,-0.08030050,-0.08030050,0E-8,0.000000,1.000000,0.000000,,2026-07-12,2026-07-19,2,10,10,8,0.250000,,1.000000,3.333333,,,,,,,,GLOBAL_BASELINE_NO_ENTITY_RANKING,,,NOT_APPLICABLE_GLOBAL_BASELINE,HF9g-P5,,,,X 全窗基线 · 不参与实体赏罚,3923356,393,A168_HF9F_20260827_0900,2026-08-27 09:00:00
2026-07-19,152918263,2155,0,24.5268892159,-24.5268892159,-24.5268892159,0E-7,1,1,0.49324550000000000,0.493245500000,-0.9865810262130424,-0.9865810262130424,-0.9865810262130424,0E-17,ELIGIBLE,R03b_20260811_FULL_v1,L1_ELIGIBILITY,v2026-08-11,2026-03-21..2026-08-06,baccarat_bet02_101_all_pairs_incl_sentinel,round_win = game_pnl > 0 (decisive only),COMPATIBILITY_ONLY_NOT_PRODUCTION,773.2425,773.2425,-62.0918,29,29,0.08030050,0.08030050,,0.08030050,62.0918,773.2425,THIN_EXPOSURE,0.0000,-2.4837,4.0000,96.0000,AG03-UNRESOLVED,ALL5_LEVELS_bet23_to_bet27,-2.4837,-2.4837,-2.4837,-2.4837,-2.4837,4.000000,4.000000,4.000000,4.000000,4.000000,96.000000,96.000000,96.000000,96.000000,96.000000,5.0,-12.4184,-11.4638,-49.6734,-50.6279,PENDING_AG03,FALSE,NOT_FOR_ENFORCEMENT,-59.6081,742.3128,-62.0918,-59.6081,-2.4837,-0.08030050,-0.07708848,-2.4837,-59.6081,-0.07708848,-2.4837,-2.4837,-2.4837,-2.4837,-2.4837,-59.6081,-0.07708848,-12.4184,-11.4638,-49.6734,-50.6279,-0.06424040,-0.06547484,-0.00321202,26.6635,26.6635,-2.1411,-31.0459,-6.2092,386.6212,14.5000,26.6635,,18.7179,25.8178,25.8178,51.6356,51.6356,51.6356,25.8178,9.8108,2.0,2.0,1.032759,9,9,2,2,1.00000000,-0.08030050,-0.08030050,0E-8,0.000000,1.000000,0.000000,,2026-07-12,2026-07-19,2,10,10,8,0.250000,,1.000000,3.333333,,,,,,,,GLOBAL_BASELINE_NO_ENTITY_RANKING,,,NOT_APPLICABLE_GLOBAL_BASELINE,HF9g-P5,,,,X 全窗基线 · 不参与实体赏罚,3923357,393,A168_HF9F_20260827_0900,2026-08-27 09:00:00
2026-06-18,151717179,1330,0,49.3515922079,-15.5647329271,-15.5647329271,0.3000000,11,11,0.49568280909090909,0.495682809091,-1.237652887283254,-1.237652887283827,-1.237652887283254,-9.091E-14,ELIGIBLE,R03b_20260811_FULL_v1,L1_ELIGIBILITY,v2026-08-11,2026-03-21..2026-08-06,baccarat_bet02_101_all_pairs_incl_sentinel,round_win = game_pnl > 0 (decisive only),COMPATIBILITY_ONLY_NOT_PRODUCTION,746.6042,651.8429,-62.0910,91,90,0.08316451,,0.08316451,0.08316451,62.0910,746.6042,OK,0.0000,-2.4836,4.0000,96.0000,AG03-UNRESOLVED,ALL5_LEVELS_bet23_to_bet27,-2.4836,-2.4836,-2.4836,0.0000,0.0000,4.000000,4.000000,4.000000,0.000000,0.000000,96.000000,96.000000,96.000000,100.000000,100.000000,5.0,-7.4509,-7.1569,-54.6401,-54.9341,PENDING_AG03,FALSE,NOT_FOR_ENFORCEMENT,-59.6073,625.7691,-62.0910,-59.6073,-2.4836,-0.08316451,-0.07983793,-2.4836,-59.6073,-0.07983793,-2.4836,-2.4836,-2.4836,0.0000,0.0000,-59.6073,-0.07983793,-7.4509,-7.1569,-54.6401,-54.9341,-0.07318477,-0.07357863,-0.00332658,8.2044,7.2427,-0.6899,-31.0455,-2.4836,373.3021,45.0000,,8.2044,3.7902,3.7963,7.5804,18.951,26.1524,37.9021,3.7963,0.0,6.888966,9.984018,2.161181,14,25,28,3,0E-8,-0.08316451,,0E-8,0.000000,0.873077,0.505495,,2026-06-18,2026-07-03,2,25,15,16,0.125000,,,0.000000,,,,,,,,GLOBAL_BASELINE_NO_ENTITY_RANKING,,,NOT_APPLICABLE_GLOBAL_BASELINE,HF9g-P5,,,,X 全窗基线 · 不参与实体赏罚,3923358,393,A168_HF9F_20260827_0900,2026-08-27 09:00:00
2026-07-03,151717179,-1,1,79.4484699836,-18.8051229074,-18.8051229074,0.5714286,9,9,0.49920336666666667,0.499203366667,0.38218034546389335,0.38218034546212926,0.38218034546389335,-3.3333E-13,SENTINEL_DEALER,R03b_20260811_FULL_v1,L1_ELIGIBILITY,v2026-08-11,2026-03-21..2026-08-06,baccarat_bet02_101_all_pairs_incl_sentinel,round_win = game_pnl > 0 (decisive only),COMPATIBILITY_ONLY_NOT_PRODUCTION,746.6042,651.8429,-62.0910,91,90,0.08316451,,0.08316451,0.08316451,62.0910,746.6042,OK,0.0000,-2.4836,4.0000,96.0000,AG03-UNRESOLVED,ALL5_LEVELS_bet23_to_bet27,-2.4836,-2.4836,-2.4836,0.0000,0.0000,4.000000,4.000000,4.000000,0.000000,0.000000,96.000000,96.000000,96.000000,100.000000,100.000000,5.0,-7.4509,-7.1569,-54.6401,-54.9341,PENDING_AG03,FALSE,NOT_FOR_ENFORCEMENT,-59.6073,625.7691,-62.0910,-59.6073,-2.4836,-0.08316451,-0.07983793,-2.4836,-59.6073,-0.07983793,-2.4836,-2.4836,-2.4836,0.0000,0.0000,-59.6073,-0.07983793,-7.4509,-7.1569,-54.6401,-54.9341,-0.07318477,-0.07357863,-0.00332658,8.2044,7.2427,-0.6899,-31.0455,-2.4836,373.3021,45.0000,,8.2044,3.7902,3.7963,7.5804,18.951,26.1524,37.9021,3.7963,0.0,6.888966,9.984018,2.161181,14,25,28,3,0E-8,-0.08316451,,0E-8,0.000000,0.873077,0.505495,,2026-06-18,2026-07-03,2,25,15,16,0.125000,,,0.000000,,,,,,,,GLOBAL_BASELINE_NO_ENTITY_RANKING,,,NOT_APPLICABLE_GLOBAL_BASELINE,HF9g-P5,,,,X 全窗基线 · 不参与实体赏罚,3923359,393,A168_HF9F_20260827_0900,2026-08-27 09:00:00
2026-07-03,151717179,1109,0,7.5804183845,0E-10,0E-10,,1,1,0.50665070000000000,0.506650700000,,,,0E-17,NO_DECISIVE_ROUND,R03b_20260811_FULL_v1,L1_ELIGIBILITY,v2026-08-11,2026-03-21..2026-08-06,baccarat_bet02_101_all_pairs_incl_sentinel,round_win = game_pnl > 0 (decisive only),COMPATIBILITY_ONLY_NOT_PRODUCTION,746.6042,651.8429,-62.0910,91,90,0.08316451,,0.08316451,0.08316451,62.0910,746.6042,OK,0.0000,-2.4836,4.0000,96.0000,AG03-UNRESOLVED,ALL5_LEVELS_bet23_to_bet27,-2.4836,-2.4836,-2.4836,0.0000,0.0000,4.000000,4.000000,4.000000,0.000000,0.000000,96.000000,96.000000,96.000000,100.000000,100.000000,5.0,-7.4509,-7.1569,-54.6401,-54.9341,PENDING_AG03,FALSE,NOT_FOR_ENFORCEMENT,-59.6073,625.7691,-62.0910,-59.6073,-2.4836,-0.08316451,-0.07983793,-2.4836,-59.6073,-0.07983793,-2.4836,-2.4836,-2.4836,0.0000,0.0000,-59.6073,-0.07983793,-7.4509,-7.1569,-54.6401,-54.9341,-0.07318477,-0.07357863,-0.00332658,8.2044,7.2427,-0.6899,-31.0455,-2.4836,373.3021,45.0000,,8.2044,3.7902,3.7963,7.5804,18.951,26.1524,37.9021,3.7963,0.0,6.888966,9.984018,2.161181,14,25,28,3,0E-8,-0.08316451,,0E-8,0.000000,0.873077,0.505495,,2026-06-18,2026-07-03,2,25,15,16,0.125000,,,0.000000,,,,,,,,GLOBAL_BASELINE_NO_ENTITY_RANKING,,,NOT_APPLICABLE_GLOBAL_BASELINE,HF9g-P5,,,,X 全窗基线 · 不参与实体赏罚,3923360,393,A168_HF9F_20260827_0900,2026-08-27 09:00:00
2026-07-03,151717179,1115,0,45.4825103071,-7.5804183845,-7.5804183845,0.3333333,3,3,0.50218230000000000,0.502182300000,-0.5849155494134425,-0.5849155494134426,-0.5849155494134425,0E-17,ELIGIBLE,R03b_20260811_FULL_v1,L1_ELIGIBILITY,v2026-08-11,2026-03-21..2026-08-06,baccarat_bet02_101_all_pairs_incl_sentinel,round_win = game_pnl > 0 (decisive only),COMPATIBILITY_ONLY_NOT_PRODUCTION,746.6042,651.8429,-62.0910,91,90,0.08316451,,0.08316451,0.08316451,62.0910,746.6042,OK,0.0000,-2.4836,4.0000,96.0000,AG03-UNRESOLVED,ALL5_LEVELS_bet23_to_bet27,-2.4836,-2.4836,-2.4836,0.0000,0.0000,4.000000,4.000000,4.000000,0.000000,0.000000,96.000000,96.000000,96.000000,100.000000,100.000000,5.0,-7.4509,-7.1569,-54.6401,-54.9341,PENDING_AG03,FALSE,NOT_FOR_ENFORCEMENT,-59.6073,625.7691,-62.0910,-59.6073,-2.4836,-0.08316451,-0.07983793,-2.4836,-59.6073,-0.07983793,-2.4836,-2.4836,-2.4836,0.0000,0.0000,-59.6073,-0.07983793,-7.4509,-7.1569,-54.6401,-54.9341,-0.07318477,-0.07357863,-0.00332658,8.2044,7.2427,-0.6899,-31.0455,-2.4836,373.3021,45.0000,,8.2044,3.7902,3.7963,7.5804,18.951,26.1524,37.9021,3.7963,0.0,6.888966,9.984018,2.161181,14,25,28,3,0E-8,-0.08316451,,0E-8,0.000000,0.873077,0.505495,,2026-06-18,2026-07-03,2,25,15,16,0.125000,,,0.000000,,,,,,,,GLOBAL_BASELINE_NO_ENTITY_RANKING,,,NOT_APPLICABLE_GLOBAL_BASELINE,HF9g-P5,,,,X 全窗基线 · 不参与实体赏罚,3923361,393,A168_HF9F_20260827_0900,2026-08-27 09:00:00
2026-07-03,151717179,1210,0,3.7902091923,3.7902091923,3.7902091923,1.0000000,1,1,0.50665070000000000,0.506650700000,0.9867858985152569,0.9867858985152569,0.9867858985152569,0E-17,ELIGIBLE,R03b_20260811_FULL_v1,L1_ELIGIBILITY,v2026-08-11,2026-03-21..2026-08-06,baccarat_bet02_101_all_pairs_incl_sentinel,round_win = game_pnl > 0 (decisive only),COMPATIBILITY_ONLY_NOT_PRODUCTION,746.6042,651.8429,-62.0910,91,90,0.08316451,,0.08316451,0.08316451,62.0910,746.6042,OK,0.0000,-2.4836,4.0000,96.0000,AG03-UNRESOLVED,ALL5_LEVELS_bet23_to_bet27,-2.4836,-2.4836,-2.4836,0.0000,0.0000,4.000000,4.000000,4.000000,0.000000,0.000000,96.000000,96.000000,96.000000,100.000000,100.000000,5.0,-7.4509,-7.1569,-54.6401,-54.9341,PENDING_AG03,FALSE,NOT_FOR_ENFORCEMENT,-59.6073,625.7691,-62.0910,-59.6073,-2.4836,-0.08316451,-0.07983793,-2.4836,-59.6073,-0.07983793,-2.4836,-2.4836,-2.4836,0.0000,0.0000,-59.6073,-0.07983793,-7.4509,-7.1569,-54.6401,-54.9341,-0.07318477,-0.07357863,-0.00332658,8.2044,7.2427,-0.6899,-31.0455,-2.4836,373.3021,45.0000,,8.2044,3.7902,3.7963,7.5804,18.951,26.1524,37.9021,3.7963,0.0,6.888966,9.984018,2.161181,14,25,28,3,0E-8,-0.08316451,,0E-8,0.000000,0.873077,0.505495,,2026-06-18,2026-07-03,2,25,15,16,0.125000,,,0.000000,,,,,,,,GLOBAL_BASELINE_NO_ENTITY_RANKING,,,NOT_APPLICABLE_GLOBAL_BASELINE,HF9g-P5,,,,X 全窗基线 · 不参与实体赏罚,3923362,393,A168_HF9F_20260827_0900,2026-08-27 09:00:00
2026-07-03,151717179,1325,0,18.9510459613,3.7902091923,3.7902091923,0.6666667,3,3,0.49324550000000000,0.493245500000,0.6008033672792107,0.6008033672792106,0.6008033672792107,0E-17,ELIGIBLE,R03b_20260811_FULL_v1,L1_ELIGIBILITY,v2026-08-11,2026-03-21..2026-08-06,baccarat_bet02_101_all_pairs_incl_sentinel,round_win = game_pnl > 0 (decisive only),COMPATIBILITY_ONLY_NOT_PRODUCTION,746.6042,651.8429,-62.0910,91,90,0.08316451,,0.08316451,0.08316451,62.0910,746.6042,OK,0.0000,-2.4836,4.0000,96.0000,AG03-UNRESOLVED,ALL5_LEVELS_bet23_to_bet27,-2.4836,-2.4836,-2.4836,0.0000,0.0000,4.000000,4.000000,4.000000,0.000000,0.000000,96.000000,96.000000,96.000000,100.000000,100.000000,5.0,-7.4509,-7.1569,-54.6401,-54.9341,PENDING_AG03,FALSE,NOT_FOR_ENFORCEMENT,-59.6073,625.7691,-62.0910,-59.6073,-2.4836,-0.08316451,-0.07983793,-2.4836,-59.6073,-0.07983793,-2.4836,-2.4836,-2.4836,0.0000,0.0000,-59.6073,-0.07983793,-7.4509,-7.1569,-54.6401,-54.9341,-0.07318477,-0.07357863,-0.00332658,8.2044,7.2427,-0.6899,-31.0455,-2.4836,373.3021,45.0000,,8.2044,3.7902,3.7963,7.5804,18.951,26.1524,37.9021,3.7963,0.0,6.888966,9.984018,2.161181,14,25,28,3,0E-8,-0.08316451,,0E-8,0.000000,0.873077,0.505495,,2026-06-18,2026-07-03,2,25,15,16,0.125000,,,0.000000,,,,,,,,GLOBAL_BASELINE_NO_ENTITY_RANKING,,,NOT_APPLICABLE_GLOBAL_BASELINE,HF9g-P5,,,,X 全窗基线 · 不参与实体赏罚,3923363,393,A168_HF9F_20260827_0900,2026-08-27 09:00:00
2026-07-03,151717179,1330,0,3.7902091923,0E-10,0E-10,,1,1,0.49324550000000000,0.493245500000,,,,0E-17,NO_DECISIVE_ROUND,R03b_20260811_FULL_v1,L1_ELIGIBILITY,v2026-08-11,2026-03-21..2026-08-06,baccarat_bet02_101_all_pairs_incl_sentinel,round_win = game_pnl > 0 (decisive only),COMPATIBILITY_ONLY_NOT_PRODUCTION,746.6042,651.8429,-62.0910,91,90,0.08316451,,0.08316451,0.08316451,62.0910,746.6042,OK,0.0000,-2.4836,4.0000,96.0000,AG03-UNRESOLVED,ALL5_LEVELS_bet23_to_bet27,-2.4836,-2.4836,-2.4836,0.0000,0.0000,4.000000,4.000000,4.000000,0.000000,0.000000,96.000000,96.000000,96.000000,100.000000,100.000000,5.0,-7.4509,-7.1569,-54.6401,-54.9341,PENDING_AG03,FALSE,NOT_FOR_ENFORCEMENT,-59.6073,625.7691,-62.0910,-59.6073,-2.4836,-0.08316451,-0.07983793,-2.4836,-59.6073,-0.07983793,-2.4836,-2.4836,-2.4836,0.0000,0.0000,-59.6073,-0.07983793,-7.4509,-7.1569,-54.6401,-54.9341,-0.07318477,-0.07357863,-0.00332658,8.2044,7.2427,-0.6899,-31.0455,-2.4836,373.3021,45.0000,,8.2044,3.7902,3.7963,7.5804,18.951,26.1524,37.9021,3.7963,0.0,6.888966,9.984018,2.161181,14,25,28,3,0E-8,-0.08316451,,0E-8,0.000000,0.873077,0.505495,,2026-06-18,2026-07-03,2,25,15,16,0.125000,,,0.000000,,,,,,,,GLOBAL_BASELINE_NO_ENTITY_RANKING,,,NOT_APPLICABLE_GLOBAL_BASELINE,HF9g-P5,,,,X 全窗基线 · 不参与实体赏罚,3923364,393,A168_HF9F_20260827_0900,2026-08-27 09:00:00
2026-07-03,151717179,1383,0,7.5804183845,7.2013974653,7.2013974653,1.0000000,1,1,0.50665070000000000,0.506650700000,0.9867858985152569,0.9867858985152569,0.9867858985152569,0E-17,ELIGIBLE,R03b_20260811_FULL_v1,L1_ELIGIBILITY,v2026-08-11,2026-03-21..2026-08-06,baccarat_bet02_101_all_pairs_incl_sentinel,round_win = game_pnl > 0 (decisive only),COMPATIBILITY_ONLY_NOT_PRODUCTION,746.6042,651.8429,-62.0910,91,90,0.08316451,,0.08316451,0.08316451,62.0910,746.6042,OK,0.0000,-2.4836,4.0000,96.0000,AG03-UNRESOLVED,ALL5_LEVELS_bet23_to_bet27,-2.4836,-2.4836,-2.4836,0.0000,0.0000,4.000000,4.000000,4.000000,0.000000,0.000000,96.000000,96.000000,96.000000,100.000000,100.000000,5.0,-7.4509,-7.1569,-54.6401,-54.9341,PENDING_AG03,FALSE,NOT_FOR_ENFORCEMENT,-59.6073,625.7691,-62.0910,-59.6073,-2.4836,-0.08316451,-0.07983793,-2.4836,-59.6073,-0.07983793,-2.4836,-2.4836,-2.4836,0.0000,0.0000,-59.6073,-0.07983793,-7.4509,-7.1569,-54.6401,-54.9341,-0.07318477,-0.07357863,-0.00332658,8.2044,7.2427,-0.6899,-31.0455,-2.4836,373.3021,45.0000,,8.2044,3.7902,3.7963,7.5804,18.951,26.1524,37.9021,3.7963,0.0,6.888966,9.984018,2.161181,14,25,28,3,0E-8,-0.08316451,,0E-8,0.000000,0.873077,0.505495,,2026-06-18,2026-07-03,2,25,15,16,0.125000,,,0.000000,,,,,,,,GLOBAL_BASELINE_NO_ENTITY_RANKING,,,NOT_APPLICABLE_GLOBAL_BASELINE,HF9g-P5,,,,X 全窗基线 · 不参与实体赏罚,3923365,393,A168_HF9F_20260827_0900,2026-08-27 09:00:00
2026-07-03,151717179,1485,0,79.5943930375,-41.6923011149,-41.6923011149,0E-7,4,4,0.50665070000000000,0.506650700000,-1.7552447903592512,-1.7552447903592512,-1.7552447903592512,0E-17,ELIGIBLE,R03b_20260811_FULL_v1,L1_ELIGIBILITY,v2026-08-11,2026-03-21..2026-08-06,baccarat_bet02_101_all_pairs_incl_sentinel,round_win = game_pnl > 0 (decisive only),COMPATIBILITY_ONLY_NOT_PRODUCTION,746.6042,651.8429,-62.0910,91,90,0.08316451,,0.08316451,0.08316451,62.0910,746.6042,OK,0.0000,-2.4836,4.0000,96.0000,AG03-UNRESOLVED,ALL5_LEVELS_bet23_to_bet27,-2.4836,-2.4836,-2.4836,0.0000,0.0000,4.000000,4.000000,4.000000,0.000000,0.000000,96.000000,96.000000,96.000000,100.000000,100.000000,5.0,-7.4509,-7.1569,-54.6401,-54.9341,PENDING_AG03,FALSE,NOT_FOR_ENFORCEMENT,-59.6073,625.7691,-62.0910,-59.6073,-2.4836,-0.08316451,-0.07983793,-2.4836,-59.6073,-0.07983793,-2.4836,-2.4836,-2.4836,0.0000,0.0000,-59.6073,-0.07983793,-7.4509,-7.1569,-54.6401,-54.9341,-0.07318477,-0.07357863,-0.00332658,8.2044,7.2427,-0.6899,-31.0455,-2.4836,373.3021,45.0000,,8.2044,3.7902,3.7963,7.5804,18.951,26.1524,37.9021,3.7963,0.0,6.888966,9.984018,2.161181,14,25,28,3,0E-8,-0.08316451,,0E-8,0.000000,0.873077,0.505495,,2026-06-18,2026-07-03,2,25,15,16,0.125000,,,0.000000,,,,,,,,GLOBAL_BASELINE_NO_ENTITY_RANKING,,,NOT_APPLICABLE_GLOBAL_BASELINE,HF9g-P5,,,,X 全窗基线 · 不参与实体赏罚,3923366,393,A168_HF9F_20260827_0900,2026-08-27 09:00:00
2026-07-03,151717179,1507,0,3.7902091923,3.6006987326,3.6006987326,1.0000000,1,1,0.50665070000000000,0.506650700000,0.9867858985152569,0.9867858985152569,0.9867858985152569,0E-17,ELIGIBLE,R03b_20260811_FULL_v1,L1_ELIGIBILITY,v2026-08-11,2026-03-21..2026-08-06,baccarat_bet02_101_all_pairs_incl_sentinel,round_win = game_pnl > 0 (decisive only),COMPATIBILITY_ONLY_NOT_PRODUCTION,746.6042,651.8429,-62.0910,91,90,0.08316451,,0.08316451,0.08316451,62.0910,746.6042,OK,0.0000,-2.4836,4.0000,96.0000,AG03-UNRESOLVED,ALL5_LEVELS_bet23_to_bet27,-2.4836,-2.4836,-2.4836,0.0000,0.0000,4.000000,4.000000,4.000000,0.000000,0.000000,96.000000,96.000000,96.000000,100.000000,100.000000,5.0,-7.4509,-7.1569,-54.6401,-54.9341,PENDING_AG03,FALSE,NOT_FOR_ENFORCEMENT,-59.6073,625.7691,-62.0910,-59.6073,-2.4836,-0.08316451,-0.07983793,-2.4836,-59.6073,-0.07983793,-2.4836,-2.4836,-2.4836,0.0000,0.0000,-59.6073,-0.07983793,-7.4509,-7.1569,-54.6401,-54.9341,-0.07318477,-0.07357863,-0.00332658,8.2044,7.2427,-0.6899,-31.0455,-2.4836,373.3021,45.0000,,8.2044,3.7902,3.7963,7.5804,18.951,26.1524,37.9021,3.7963,0.0,6.888966,9.984018,2.161181,14,25,28,3,0E-8,-0.08316451,,0E-8,0.000000,0.873077,0.505495,,2026-06-18,2026-07-03,2,25,15,16,0.125000,,,0.000000,,,,,,,,GLOBAL_BASELINE_NO_ENTITY_RANKING,,,NOT_APPLICABLE_GLOBAL_BASELINE,HF9g-P5,,,,X 全窗基线 · 不参与实体赏罚,3923367,393,A168_HF9F_20260827_0900,2026-08-27 09:00:00
2026-07-03,151717179,1623,0,7.5804183845,7.5804183845,7.5804183845,1.0000000,1,1,0.50665070000000000,0.506650700000,0.9867858985152569,0.9867858985152569,0.9867858985152569,0E-17,ELIGIBLE,R03b_20260811_FULL_v1,L1_ELIGIBILITY,v2026-08-11,2026-03-21..2026-08-06,baccarat_bet02_101_all_pairs_incl_sentinel,round_win = game_pnl > 0 (decisive only),COMPATIBILITY_ONLY_NOT_PRODUCTION,746.6042,651.8429,-62.0910,91,90,0.08316451,,0.08316451,0.08316451,62.0910,746.6042,OK,0.0000,-2.4836,4.0000,96.0000,AG03-UNRESOLVED,ALL5_LEVELS_bet23_to_bet27,-2.4836,-2.4836,-2.4836,0.0000,0.0000,4.000000,4.000000,4.000000,0.000000,0.000000,96.000000,96.000000,96.000000,100.000000,100.000000,5.0,-7.4509,-7.1569,-54.6401,-54.9341,PENDING_AG03,FALSE,NOT_FOR_ENFORCEMENT,-59.6073,625.7691,-62.0910,-59.6073,-2.4836,-0.08316451,-0.07983793,-2.4836,-59.6073,-0.07983793,-2.4836,-2.4836,-2.4836,0.0000,0.0000,-59.6073,-0.07983793,-7.4509,-7.1569,-54.6401,-54.9341,-0.07318477,-0.07357863,-0.00332658,8.2044,7.2427,-0.6899,-31.0455,-2.4836,373.3021,45.0000,,8.2044,3.7902,3.7963,7.5804,18.951,26.1524,37.9021,3.7963,0.0,6.888966,9.984018,2.161181,14,25,28,3,0E-8,-0.08316451,,0E-8,0.000000,0.873077,0.505495,,2026-06-18,2026-07-03,2,25,15,16,0.125000,,,0.000000,,,,,,,,GLOBAL_BASELINE_NO_ENTITY_RANKING,,,NOT_APPLICABLE_GLOBAL_BASELINE,HF9g-P5,,,,X 全窗基线 · 不参与实体赏罚,3923368,393,A168_HF9F_20260827_0900,2026-08-27 09:00:00
2026-07-03,151717179,1646,0,15.1608367692,-3.7902091923,-3.7902091923,0.3333333,4,4,0.49659680000000000,0.496596800000,-0.5655743394288276,-0.5655743394288276,-0.5655743394288276,0E-17,ELIGIBLE,R03b_20260811_FULL_v1,L1_ELIGIBILITY,v2026-08-11,2026-03-21..2026-08-06,baccarat_bet02_101_all_pairs_incl_sentinel,round_win = game_pnl > 0 (decisive only),COMPATIBILITY_ONLY_NOT_PRODUCTION,746.6042,651.8429,-62.0910,91,90,0.08316451,,0.08316451,0.08316451,62.0910,746.6042,OK,0.0000,-2.4836,4.0000,96.0000,AG03-UNRESOLVED,ALL5_LEVELS_bet23_to_bet27,-2.4836,-2.4836,-2.4836,0.0000,0.0000,4.000000,4.000000,4.000000,0.000000,0.000000,96.000000,96.000000,96.000000,100.000000,100.000000,5.0,-7.4509,-7.1569,-54.6401,-54.9341,PENDING_AG03,FALSE,NOT_FOR_ENFORCEMENT,-59.6073,625.7691,-62.0910,-59.6073,-2.4836,-0.08316451,-0.07983793,-2.4836,-59.6073,-0.07983793,-2.4836,-2.4836,-2.4836,0.0000,0.0000,-59.6073,-0.07983793,-7.4509,-7.1569,-54.6401,-54.9341,-0.07318477,-0.07357863,-0.00332658,8.2044,7.2427,-0.6899,-31.0455,-2.4836,373.3021,45.0000,,8.2044,3.7902,3.7963,7.5804,18.951,26.1524,37.9021,3.7963,0.0,6.888966,9.984018,2.161181,14,25,28,3,0E-8,-0.08316451,,0E-8,0.000000,0.873077,0.505495,,2026-06-18,2026-07-03,2,25,15,16,0.125000,,,0.000000,,,,,,,,GLOBAL_BASELINE_NO_ENTITY_RANKING,,,NOT_APPLICABLE_GLOBAL_BASELINE,HF9g-P5,,,,X 全窗基线 · 不参与实体赏罚,3923369,393,A168_HF9F_20260827_0900,2026-08-27 09:00:00
2026-07-03,151717179,1654,0,7.5804183845,7.2013974653,7.2013974653,1.0000000,1,1,0.50665070000000000,0.506650700000,0.9867858985152569,0.9867858985152569,0.9867858985152569,0E-17,ELIGIBLE,R03b_20260811_FULL_v1,L1_ELIGIBILITY,v2026-08-11,2026-03-21..2026-08-06,baccarat_bet02_101_all_pairs_incl_sentinel,round_win = game_pnl > 0 (decisive only),COMPATIBILITY_ONLY_NOT_PRODUCTION,746.6042,651.8429,-62.0910,91,90,0.08316451,,0.08316451,0.08316451,62.0910,746.6042,OK,0.0000,-2.4836,4.0000,96.0000,AG03-UNRESOLVED,ALL5_LEVELS_bet23_to_bet27,-2.4836,-2.4836,-2.4836,0.0000,0.0000,4.000000,4.000000,4.000000,0.000000,0.000000,96.000000,96.000000,96.000000,100.000000,100.000000,5.0,-7.4509,-7.1569,-54.6401,-54.9341,PENDING_AG03,FALSE,NOT_FOR_ENFORCEMENT,-59.6073,625.7691,-62.0910,-59.6073,-2.4836,-0.08316451,-0.07983793,-2.4836,-59.6073,-0.07983793,-2.4836,-2.4836,-2.4836,0.0000,0.0000,-59.6073,-0.07983793,-7.4509,-7.1569,-54.6401,-54.9341,-0.07318477,-0.07357863,-0.00332658,8.2044,7.2427,-0.6899,-31.0455,-2.4836,373.3021,45.0000,,8.2044,3.7902,3.7963,7.5804,18.951,26.1524,37.9021,3.7963,0.0,6.888966,9.984018,2.161181,14,25,28,3,0E-8,-0.08316451,,0E-8,0.000000,0.873077,0.505495,,2026-06-18,2026-07-03,2,25,15,16,0.125000,,,0.000000,,,,,,,,GLOBAL_BASELINE_NO_ENTITY_RANKING,,,NOT_APPLICABLE_GLOBAL_BASELINE,HF9g-P5,,,,X 全窗基线 · 不参与实体赏罚,3923370,393,A168_HF9F_20260827_0900,2026-08-27 09:00:00
2026-07-03,151717179,1949,0,15.1608367690,0E-10,0E-10,0.5000000,2,2,0.50665070000000000,0.506650700000,-0.018812684590367487,-0.018812684590367487,-0.018812684590367487,0E-17,ELIGIBLE,R03b_20260811_FULL_v1,L1_ELIGIBILITY,v2026-08-11,2026-03-21..2026-08-06,baccarat_bet02_101_all_pairs_incl_sentinel,round_win = game_pnl > 0 (decisive only),COMPATIBILITY_ONLY_NOT_PRODUCTION,746.6042,651.8429,-62.0910,91,90,0.08316451,,0.08316451,0.08316451,62.0910,746.6042,OK,0.0000,-2.4836,4.0000,96.0000,AG03-UNRESOLVED,ALL5_LEVELS_bet23_to_bet27,-2.4836,-2.4836,-2.4836,0.0000,0.0000,4.000000,4.000000,4.000000,0.000000,0.000000,96.000000,96.000000,96.000000,100.000000,100.000000,5.0,-7.4509,-7.1569,-54.6401,-54.9341,PENDING_AG03,FALSE,NOT_FOR_ENFORCEMENT,-59.6073,625.7691,-62.0910,-59.6073,-2.4836,-0.08316451,-0.07983793,-2.4836,-59.6073,-0.07983793,-2.4836,-2.4836,-2.4836,0.0000,0.0000,-59.6073,-0.07983793,-7.4509,-7.1569,-54.6401,-54.9341,-0.07318477,-0.07357863,-0.00332658,8.2044,7.2427,-0.6899,-31.0455,-2.4836,373.3021,45.0000,,8.2044,3.7902,3.7963,7.5804,18.951,26.1524,37.9021,3.7963,0.0,6.888966,9.984018,2.161181,14,25,28,3,0E-8,-0.08316451,,0E-8,0.000000,0.873077,0.505495,,2026-06-18,2026-07-03,2,25,15,16,0.125000,,,0.000000,,,,,,,,GLOBAL_BASELINE_NO_ENTITY_RANKING,,,NOT_APPLICABLE_GLOBAL_BASELINE,HF9g-P5,,,,X 全窗基线 · 不参与实体赏罚,3923371,393,A168_HF9F_20260827_0900,2026-08-27 09:00:00
2026-07-03,151717179,1957,0,3.7902091923,3.7902091923,3.7902091923,1.0000000,1,1,0.49324550000000000,0.493245500000,1.01360149184955,1.01360149184955,1.01360149184955,0E-17,ELIGIBLE,R03b_20260811_FULL_v1,L1_ELIGIBILITY,v2026-08-11,2026-03-21..2026-08-06,baccarat_bet02_101_all_pairs_incl_sentinel,round_win = game_pnl > 0 (decisive only),COMPATIBILITY_ONLY_NOT_PRODUCTION,746.6042,651.8429,-62.0910,91,90,0.08316451,,0.08316451,0.08316451,62.0910,746.6042,OK,0.0000,-2.4836,4.0000,96.0000,AG03-UNRESOLVED,ALL5_LEVELS_bet23_to_bet27,-2.4836,-2.4836,-2.4836,0.0000,0.0000,4.000000,4.000000,4.000000,0.000000,0.000000,96.000000,96.000000,96.000000,100.000000,100.000000,5.0,-7.4509,-7.1569,-54.6401,-54.9341,PENDING_AG03,FALSE,NOT_FOR_ENFORCEMENT,-59.6073,625.7691,-62.0910,-59.6073,-2.4836,-0.08316451,-0.07983793,-2.4836,-59.6073,-0.07983793,-2.4836,-2.4836,-2.4836,0.0000,0.0000,-59.6073,-0.07983793,-7.4509,-7.1569,-54.6401,-54.9341,-0.07318477,-0.07357863,-0.00332658,8.2044,7.2427,-0.6899,-31.0455,-2.4836,373.3021,45.0000,,8.2044,3.7902,3.7963,7.5804,18.951,26.1524,37.9021,3.7963,0.0,6.888966,9.984018,2.161181,14,25,28,3,0E-8,-0.08316451,,0E-8,0.000000,0.873077,0.505495,,2026-06-18,2026-07-03,2,25,15,16,0.125000,,,0.000000,,,,,,,,GLOBAL_BASELINE_NO_ENTITY_RANKING,,,NOT_APPLICABLE_GLOBAL_BASELINE,HF9g-P5,,,,X 全窗基线 · 不参与实体赏罚,3923372,393,A168_HF9F_20260827_0900,2026-08-27 09:00:00
2026-07-03,151717179,1994,0,53.0629286917,1E-10,1E-10,0.5000000,8,8,0.49492115000000000,0.494921150000,0.02873179650040854,0.02873179650040854,0.02873179650040854,0E-17,ELIGIBLE,R03b_20260811_FULL_v1,L1_ELIGIBILITY,v2026-08-11,2026-03-21..2026-08-06,baccarat_bet02_101_all_pairs_incl_sentinel,round_win = game_pnl > 0 (decisive only),COMPATIBILITY_ONLY_NOT_PRODUCTION,746.6042,651.8429,-62.0910,91,90,0.08316451,,0.08316451,0.08316451,62.0910,746.6042,OK,0.0000,-2.4836,4.0000,96.0000,AG03-UNRESOLVED,ALL5_LEVELS_bet23_to_bet27,-2.4836,-2.4836,-2.4836,0.0000,0.0000,4.000000,4.000000,4.000000,0.000000,0.000000,96.000000,96.000000,96.000000,100.000000,100.000000,5.0,-7.4509,-7.1569,-54.6401,-54.9341,PENDING_AG03,FALSE,NOT_FOR_ENFORCEMENT,-59.6073,625.7691,-62.0910,-59.6073,-2.4836,-0.08316451,-0.07983793,-2.4836,-59.6073,-0.07983793,-2.4836,-2.4836,-2.4836,0.0000,0.0000,-59.6073,-0.07983793,-7.4509,-7.1569,-54.6401,-54.9341,-0.07318477,-0.07357863,-0.00332658,8.2044,7.2427,-0.6899,-31.0455,-2.4836,373.3021,45.0000,,8.2044,3.7902,3.7963,7.5804,18.951,26.1524,37.9021,3.7963,0.0,6.888966,9.984018,2.161181,14,25,28,3,0E-8,-0.08316451,,0E-8,0.000000,0.873077,0.505495,,2026-06-18,2026-07-03,2,25,15,16,0.125000,,,0.000000,,,,,,,,GLOBAL_BASELINE_NO_ENTITY_RANKING,,,NOT_APPLICABLE_GLOBAL_BASELINE,HF9g-P5,,,,X 全窗基线 · 不参与实体赏罚,3923373,393,A168_HF9F_20260827_0900,2026-08-27 09:00:00
2026-07-03,151717179,2072,0,26.5314643458,-3.7902091923,-3.7902091923,0.3333333,4,4,0.50665070000000000,0.506650700000,-0.6004420894325239,-0.6004420894325239,-0.6004420894325239,0E-17,ELIGIBLE,R03b_20260811_FULL_v1,L1_ELIGIBILITY,v2026-08-11,2026-03-21..2026-08-06,baccarat_bet02_101_all_pairs_incl_sentinel,round_win = game_pnl > 0 (decisive only),COMPATIBILITY_ONLY_NOT_PRODUCTION,746.6042,651.8429,-62.0910,91,90,0.08316451,,0.08316451,0.08316451,62.0910,746.6042,OK,0.0000,-2.4836,4.0000,96.0000,AG03-UNRESOLVED,ALL5_LEVELS_bet23_to_bet27,-2.4836,-2.4836,-2.4836,0.0000,0.0000,4.000000,4.000000,4.000000,0.000000,0.000000,96.000000,96.000000,96.000000,100.000000,100.000000,5.0,-7.4509,-7.1569,-54.6401,-54.9341,PENDING_AG03,FALSE,NOT_FOR_ENFORCEMENT,-59.6073,625.7691,-62.0910,-59.6073,-2.4836,-0.08316451,-0.07983793,-2.4836,-59.6073,-0.07983793,-2.4836,-2.4836,-2.4836,0.0000,0.0000,-59.6073,-0.07983793,-7.4509,-7.1569,-54.6401,-54.9341,-0.07318477,-0.07357863,-0.00332658,8.2044,7.2427,-0.6899,-31.0455,-2.4836,373.3021,45.0000,,8.2044,3.7902,3.7963,7.5804,18.951,26.1524,37.9021,3.7963,0.0,6.888966,9.984018,2.161181,14,25,28,3,0E-8,-0.08316451,,0E-8,0.000000,0.873077,0.505495,,2026-06-18,2026-07-03,2,25,15,16,0.125000,,,0.000000,,,,,,,,GLOBAL_BASELINE_NO_ENTITY_RANKING,,,NOT_APPLICABLE_GLOBAL_BASELINE,HF9g-P5,,,,X 全窗基线 · 不参与实体赏罚,3923374,393,A168_HF9F_20260827_0900,2026-08-27 09:00:00
2026-07-03,151717179,2093,0,72.0139746530,7.2013974653,7.2013974653,0.5000000,7,7,0.49707555714285714,0.497075557143,0.014327030625969732,0.014327030625269827,0.014327030625969732,-1.4286E-13,ELIGIBLE,R03b_20260811_FULL_v1,L1_ELIGIBILITY,v2026-08-11,2026-03-21..2026-08-06,baccarat_bet02_101_all_pairs_incl_sentinel,round_win = game_pnl > 0 (decisive only),COMPATIBILITY_ONLY_NOT_PRODUCTION,746.6042,651.8429,-62.0910,91,90,0.08316451,,0.08316451,0.08316451,62.0910,746.6042,OK,0.0000,-2.4836,4.0000,96.0000,AG03-UNRESOLVED,ALL5_LEVELS_bet23_to_bet27,-2.4836,-2.4836,-2.4836,0.0000,0.0000,4.000000,4.000000,4.000000,0.000000,0.000000,96.000000,96.000000,96.000000,100.000000,100.000000,5.0,-7.4509,-7.1569,-54.6401,-54.9341,PENDING_AG03,FALSE,NOT_FOR_ENFORCEMENT,-59.6073,625.7691,-62.0910,-59.6073,-2.4836,-0.08316451,-0.07983793,-2.4836,-59.6073,-0.07983793,-2.4836,-2.4836,-2.4836,0.0000,0.0000,-59.6073,-0.07983793,-7.4509,-7.1569,-54.6401,-54.9341,-0.07318477,-0.07357863,-0.00332658,8.2044,7.2427,-0.6899,-31.0455,-2.4836,373.3021,45.0000,,8.2044,3.7902,3.7963,7.5804,18.951,26.1524,37.9021,3.7963,0.0,6.888966,9.984018,2.161181,14,25,28,3,0E-8,-0.08316451,,0E-8,0.000000,0.873077,0.505495,,2026-06-18,2026-07-03,2,25,15,16,0.125000,,,0.000000,,,,,,,,GLOBAL_BASELINE_NO_ENTITY_RANKING,,,NOT_APPLICABLE_GLOBAL_BASELINE,HF9g-P5,,,,X 全窗基线 · 不参与实体赏罚,3923375,393,A168_HF9F_20260827_0900,2026-08-27 09:00:00
2026-07-03,151717179,2121,0,15.1608367691,-1E-10,-1E-10,0.3333333,3,3,0.50218230000000000,0.502182300000,-0.5849155494134425,-0.5849155494134426,-0.5849155494134425,0E-17,ELIGIBLE,R03b_20260811_FULL_v1,L1_ELIGIBILITY,v2026-08-11,2026-03-21..2026-08-06,baccarat_bet02_101_all_pairs_incl_sentinel,round_win = game_pnl > 0 (decisive only),COMPATIBILITY_ONLY_NOT_PRODUCTION,746.6042,651.8429,-62.0910,91,90,0.08316451,,0.08316451,0.08316451,62.0910,746.6042,OK,0.0000,-2.4836,4.0000,96.0000,AG03-UNRESOLVED,ALL5_LEVELS_bet23_to_bet27,-2.4836,-2.4836,-2.4836,0.0000,0.0000,4.000000,4.000000,4.000000,0.000000,0.000000,96.000000,96.000000,96.000000,100.000000,100.000000,5.0,-7.4509,-7.1569,-54.6401,-54.9341,PENDING_AG03,FALSE,NOT_FOR_ENFORCEMENT,-59.6073,625.7691,-62.0910,-59.6073,-2.4836,-0.08316451,-0.07983793,-2.4836,-59.6073,-0.07983793,-2.4836,-2.4836,-2.4836,0.0000,0.0000,-59.6073,-0.07983793,-7.4509,-7.1569,-54.6401,-54.9341,-0.07318477,-0.07357863,-0.00332658,8.2044,7.2427,-0.6899,-31.0455,-2.4836,373.3021,45.0000,,8.2044,3.7902,3.7963,7.5804,18.951,26.1524,37.9021,3.7963,0.0,6.888966,9.984018,2.161181,14,25,28,3,0E-8,-0.08316451,,0E-8,0.000000,0.873077,0.505495,,2026-06-18,2026-07-03,2,25,15,16,0.125000,,,0.000000,,,,,,,,GLOBAL_BASELINE_NO_ENTITY_RANKING,,,NOT_APPLICABLE_GLOBAL_BASELINE,HF9g-P5,,,,X 全窗基线 · 不参与实体赏罚,3923376,393,A168_HF9F_20260827_0900,2026-08-27 09:00:00
2026-07-03,151717179,2160,0,56.8531378839,18.9510459613,18.9510459613,0.5000000,2,2,0.49324550000000000,0.493245500000,0.01910635448239258,0.01910635448239258,0.01910635448239258,0E-17,ELIGIBLE,R03b_20260811_FULL_v1,L1_ELIGIBILITY,v2026-08-11,2026-03-21..2026-08-06,baccarat_bet02_101_all_pairs_incl_sentinel,round_win = game_pnl > 0 (decisive only),COMPATIBILITY_ONLY_NOT_PRODUCTION,746.6042,651.8429,-62.0910,91,90,0.08316451,,0.08316451,0.08316451,62.0910,746.6042,OK,0.0000,-2.4836,4.0000,96.0000,AG03-UNRESOLVED,ALL5_LEVELS_bet23_to_bet27,-2.4836,-2.4836,-2.4836,0.0000,0.0000,4.000000,4.000000,4.000000,0.000000,0.000000,96.000000,96.000000,96.000000,100.000000,100.000000,5.0,-7.4509,-7.1569,-54.6401,-54.9341,PENDING_AG03,FALSE,NOT_FOR_ENFORCEMENT,-59.6073,625.7691,-62.0910,-59.6073,-2.4836,-0.08316451,-0.07983793,-2.4836,-59.6073,-0.07983793,-2.4836,-2.4836,-2.4836,0.0000,0.0000,-59.6073,-0.07983793,-7.4509,-7.1569,-54.6401,-54.9341,-0.07318477,-0.07357863,-0.00332658,8.2044,7.2427,-0.6899,-31.0455,-2.4836,373.3021,45.0000,,8.2044,3.7902,3.7963,7.5804,18.951,26.1524,37.9021,3.7963,0.0,6.888966,9.984018,2.161181,14,25,28,3,0E-8,-0.08316451,,0E-8,0.000000,0.873077,0.505495,,2026-06-18,2026-07-03,2,25,15,16,0.125000,,,0.000000,,,,,,,,GLOBAL_BASELINE_NO_ENTITY_RANKING,,,NOT_APPLICABLE_GLOBAL_BASELINE,HF9g-P5,,,,X 全窗基线 · 不参与实体赏罚,3923377,393,A168_HF9F_20260827_0900,2026-08-27 09:00:00
2026-07-03,151717179,2216,0,72.0139746533,7.2013974652,7.2013974652,0.6000000,13,12,0.48330357916666667,0.483303579167,0.738464808447802,0.7384648084456762,0.738464808447802,-3.3333E-13,ELIGIBLE,R03b_20260811_FULL_v1,L1_ELIGIBILITY,v2026-08-11,2026-03-21..2026-08-06,baccarat_bet02_101_all_pairs_incl_sentinel,round_win = game_pnl > 0 (decisive only),COMPATIBILITY_ONLY_NOT_PRODUCTION,746.6042,651.8429,-62.0910,91,90,0.08316451,,0.08316451,0.08316451,62.0910,746.6042,OK,0.0000,-2.4836,4.0000,96.0000,AG03-UNRESOLVED,ALL5_LEVELS_bet23_to_bet27,-2.4836,-2.4836,-2.4836,0.0000,0.0000,4.000000,4.000000,4.000000,0.000000,0.000000,96.000000,96.000000,96.000000,100.000000,100.000000,5.0,-7.4509,-7.1569,-54.6401,-54.9341,PENDING_AG03,FALSE,NOT_FOR_ENFORCEMENT,-59.6073,625.7691,-62.0910,-59.6073,-2.4836,-0.08316451,-0.07983793,-2.4836,-59.6073,-0.07983793,-2.4836,-2.4836,-2.4836,0.0000,0.0000,-59.6073,-0.07983793,-7.4509,-7.1569,-54.6401,-54.9341,-0.07318477,-0.07357863,-0.00332658,8.2044,7.2427,-0.6899,-31.0455,-2.4836,373.3021,45.0000,,8.2044,3.7902,3.7963,7.5804,18.951,26.1524,37.9021,3.7963,0.0,6.888966,9.984018,2.161181,14,25,28,3,0E-8,-0.08316451,,0E-8,0.000000,0.873077,0.505495,,2026-06-18,2026-07-03,2,25,15,16,0.125000,,,0.000000,,,,,,,,GLOBAL_BASELINE_NO_ENTITY_RANKING,,,NOT_APPLICABLE_GLOBAL_BASELINE,HF9g-P5,,,,X 全窗基线 · 不参与实体赏罚,3923378,393,A168_HF9F_20260827_0900,2026-08-27 09:00:00
2026-07-03,151717179,2239,0,22.7412551537,7.3909079248,7.3909079248,0.6000000,5,5,0.49860758000000000,0.498607580000,0.4534424453485946,0.4534424453485946,0.4534424453485946,0E-17,ELIGIBLE,R03b_20260811_FULL_v1,L1_ELIGIBILITY,v2026-08-11,2026-03-21..2026-08-06,baccarat_bet02_101_all_pairs_incl_sentinel,round_win = game_pnl > 0 (decisive only),COMPATIBILITY_ONLY_NOT_PRODUCTION,746.6042,651.8429,-62.0910,91,90,0.08316451,,0.08316451,0.08316451,62.0910,746.6042,OK,0.0000,-2.4836,4.0000,96.0000,AG03-UNRESOLVED,ALL5_LEVELS_bet23_to_bet27,-2.4836,-2.4836,-2.4836,0.0000,0.0000,4.000000,4.000000,4.000000,0.000000,0.000000,96.000000,96.000000,96.000000,100.000000,100.000000,5.0,-7.4509,-7.1569,-54.6401,-54.9341,PENDING_AG03,FALSE,NOT_FOR_ENFORCEMENT,-59.6073,625.7691,-62.0910,-59.6073,-2.4836,-0.08316451,-0.07983793,-2.4836,-59.6073,-0.07983793,-2.4836,-2.4836,-2.4836,0.0000,0.0000,-59.6073,-0.07983793,-7.4509,-7.1569,-54.6401,-54.9341,-0.07318477,-0.07357863,-0.00332658,8.2044,7.2427,-0.6899,-31.0455,-2.4836,373.3021,45.0000,,8.2044,3.7902,3.7963,7.5804,18.951,26.1524,37.9021,3.7963,0.0,6.888966,9.984018,2.161181,14,25,28,3,0E-8,-0.08316451,,0E-8,0.000000,0.873077,0.505495,,2026-06-18,2026-07-03,2,25,15,16,0.125000,,,0.000000,,,,,,,,GLOBAL_BASELINE_NO_ENTITY_RANKING,,,NOT_APPLICABLE_GLOBAL_BASELINE,HF9g-P5,,,,X 全窗基线 · 不参与实体赏罚,3923379,393,A168_HF9F_20260827_0900,2026-08-27 09:00:00
2026-07-03,151717179,2246,0,7.5804183845,7.2013974653,7.2013974653,1.0000000,1,1,0.50665070000000000,0.506650700000,0.9867858985152569,0.9867858985152569,0.9867858985152569,0E-17,ELIGIBLE,R03b_20260811_FULL_v1,L1_ELIGIBILITY,v2026-08-11,2026-03-21..2026-08-06,baccarat_bet02_101_all_pairs_incl_sentinel,round_win = game_pnl > 0 (decisive only),COMPATIBILITY_ONLY_NOT_PRODUCTION,746.6042,651.8429,-62.0910,91,90,0.08316451,,0.08316451,0.08316451,62.0910,746.6042,OK,0.0000,-2.4836,4.0000,96.0000,AG03-UNRESOLVED,ALL5_LEVELS_bet23_to_bet27,-2.4836,-2.4836,-2.4836,0.0000,0.0000,4.000000,4.000000,4.000000,0.000000,0.000000,96.000000,96.000000,96.000000,100.000000,100.000000,5.0,-7.4509,-7.1569,-54.6401,-54.9341,PENDING_AG03,FALSE,NOT_FOR_ENFORCEMENT,-59.6073,625.7691,-62.0910,-59.6073,-2.4836,-0.08316451,-0.07983793,-2.4836,-59.6073,-0.07983793,-2.4836,-2.4836,-2.4836,0.0000,0.0000,-59.6073,-0.07983793,-7.4509,-7.1569,-54.6401,-54.9341,-0.07318477,-0.07357863,-0.00332658,8.2044,7.2427,-0.6899,-31.0455,-2.4836,373.3021,45.0000,,8.2044,3.7902,3.7963,7.5804,18.951,26.1524,37.9021,3.7963,0.0,6.888966,9.984018,2.161181,14,25,28,3,0E-8,-0.08316451,,0E-8,0.000000,0.873077,0.505495,,2026-06-18,2026-07-03,2,25,15,16,0.125000,,,0.000000,,,,,,,,GLOBAL_BASELINE_NO_ENTITY_RANKING,,,NOT_APPLICABLE_GLOBAL_BASELINE,HF9g-P5,,,,X 全窗基线 · 不参与实体赏罚,3923380,393,A168_HF9F_20260827_0900,2026-08-27 09:00:00
2026-07-03,151717179,2254,0,7.5804183846,7.2013974652,7.2013974652,1.0000000,2,2,0.50665070000000000,0.506650700000,1.3955260008387969,1.3955260008387969,1.3955260008387969,0E-17,ELIGIBLE,R03b_20260811_FULL_v1,L1_ELIGIBILITY,v2026-08-11,2026-03-21..2026-08-06,baccarat_bet02_101_all_pairs_incl_sentinel,round_win = game_pnl > 0 (decisive only),COMPATIBILITY_ONLY_NOT_PRODUCTION,746.6042,651.8429,-62.0910,91,90,0.08316451,,0.08316451,0.08316451,62.0910,746.6042,OK,0.0000,-2.4836,4.0000,96.0000,AG03-UNRESOLVED,ALL5_LEVELS_bet23_to_bet27,-2.4836,-2.4836,-2.4836,0.0000,0.0000,4.000000,4.000000,4.000000,0.000000,0.000000,96.000000,96.000000,96.000000,100.000000,100.000000,5.0,-7.4509,-7.1569,-54.6401,-54.9341,PENDING_AG03,FALSE,NOT_FOR_ENFORCEMENT,-59.6073,625.7691,-62.0910,-59.6073,-2.4836,-0.08316451,-0.07983793,-2.4836,-59.6073,-0.07983793,-2.4836,-2.4836,-2.4836,0.0000,0.0000,-59.6073,-0.07983793,-7.4509,-7.1569,-54.6401,-54.9341,-0.07318477,-0.07357863,-0.00332658,8.2044,7.2427,-0.6899,-31.0455,-2.4836,373.3021,45.0000,,8.2044,3.7902,3.7963,7.5804,18.951,26.1524,37.9021,3.7963,0.0,6.888966,9.984018,2.161181,14,25,28,3,0E-8,-0.08316451,,0E-8,0.000000,0.873077,0.505495,,2026-06-18,2026-07-03,2,25,15,16,0.125000,,,0.000000,,,,,,,,GLOBAL_BASELINE_NO_ENTITY_RANKING,,,NOT_APPLICABLE_GLOBAL_BASELINE,HF9g-P5,,,,X 全窗基线 · 不参与实体赏罚,3923381,393,A168_HF9F_20260827_0900,2026-08-27 09:00:00
2026-07-03,151717179,2280,0,37.9020919226,36.0069873265,36.0069873265,1.0000000,1,1,0.50665070000000000,0.506650700000,0.9867858985152569,0.9867858985152569,0.9867858985152569,0E-17,ELIGIBLE,R03b_20260811_FULL_v1,L1_ELIGIBILITY,v2026-08-11,2026-03-21..2026-08-06,baccarat_bet02_101_all_pairs_incl_sentinel,round_win = game_pnl > 0 (decisive only),COMPATIBILITY_ONLY_NOT_PRODUCTION,746.6042,651.8429,-62.0910,91,90,0.08316451,,0.08316451,0.08316451,62.0910,746.6042,OK,0.0000,-2.4836,4.0000,96.0000,AG03-UNRESOLVED,ALL5_LEVELS_bet23_to_bet27,-2.4836,-2.4836,-2.4836,0.0000,0.0000,4.000000,4.000000,4.000000,0.000000,0.000000,96.000000,96.000000,96.000000,100.000000,100.000000,5.0,-7.4509,-7.1569,-54.6401,-54.9341,PENDING_AG03,FALSE,NOT_FOR_ENFORCEMENT,-59.6073,625.7691,-62.0910,-59.6073,-2.4836,-0.08316451,-0.07983793,-2.4836,-59.6073,-0.07983793,-2.4836,-2.4836,-2.4836,0.0000,0.0000,-59.6073,-0.07983793,-7.4509,-7.1569,-54.6401,-54.9341,-0.07318477,-0.07357863,-0.00332658,8.2044,7.2427,-0.6899,-31.0455,-2.4836,373.3021,45.0000,,8.2044,3.7902,3.7963,7.5804,18.951,26.1524,37.9021,3.7963,0.0,6.888966,9.984018,2.161181,14,25,28,3,0E-8,-0.08316451,,0E-8,0.000000,0.873077,0.505495,,2026-06-18,2026-07-03,2,25,15,16,0.125000,,,0.000000,,,,,,,,GLOBAL_BASELINE_NO_ENTITY_RANKING,,,NOT_APPLICABLE_GLOBAL_BASELINE,HF9g-P5,,,,X 全窗基线 · 不参与实体赏罚,3923382,393,A168_HF9F_20260827_0900,2026-08-27 09:00:00
2026-07-03,151717179,925,0,26.5314643458,25.2048911285,25.2048911285,1.0000000,1,1,0.50665070000000000,0.506650700000,0.9867858985152569,0.9867858985152569,0.9867858985152569,0E-17,ELIGIBLE,R03b_20260811_FULL_v1,L1_ELIGIBILITY,v2026-08-11,2026-03-21..2026-08-06,baccarat_bet02_101_all_pairs_incl_sentinel,round_win = game_pnl > 0 (decisive only),COMPATIBILITY_ONLY_NOT_PRODUCTION,746.6042,651.8429,-62.0910,91,90,0.08316451,,0.08316451,0.08316451,62.0910,746.6042,OK,0.0000,-2.4836,4.0000,96.0000,AG03-UNRESOLVED,ALL5_LEVELS_bet23_to_bet27,-2.4836,-2.4836,-2.4836,0.0000,0.0000,4.000000,4.000000,4.000000,0.000000,0.000000,96.000000,96.000000,96.000000,100.000000,100.000000,5.0,-7.4509,-7.1569,-54.6401,-54.9341,PENDING_AG03,FALSE,NOT_FOR_ENFORCEMENT,-59.6073,625.7691,-62.0910,-59.6073,-2.4836,-0.08316451,-0.07983793,-2.4836,-59.6073,-0.07983793,-2.4836,-2.4836,-2.4836,0.0000,0.0000,-59.6073,-0.07983793,-7.4509,-7.1569,-54.6401,-54.9341,-0.07318477,-0.07357863,-0.00332658,8.2044,7.2427,-0.6899,-31.0455,-2.4836,373.3021,45.0000,,8.2044,3.7902,3.7963,7.5804,18.951,26.1524,37.9021,3.7963,0.0,6.888966,9.984018,2.161181,14,25,28,3,0E-8,-0.08316451,,0E-8,0.000000,0.873077,0.505495,,2026-06-18,2026-07-03,2,25,15,16,0.125000,,,0.000000,,,,,,,,GLOBAL_BASELINE_NO_ENTITY_RANKING,,,NOT_APPLICABLE_GLOBAL_BASELINE,HF9g-P5,,,,X 全窗基线 · 不参与实体赏罚,3923383,393,A168_HF9F_20260827_0900,2026-08-27 09:00:00
2026-07-08,152720296,-1,1,80.0000000000,0E-10,0E-10,0.5000000,2,2,0.49994810000000000,0.499948100000,0.00014679536856514622,0.00014679536856514622,0.00014679536856514622,0E-17,SENTINEL_DEALER,R03b_20260811_FULL_v1,L1_ELIGIBILITY,v2026-08-11,2026-03-21..2026-08-06,baccarat_bet02_101_all_pairs_incl_sentinel,round_win = game_pnl > 0 (decisive only),COMPATIBILITY_ONLY_NOT_PRODUCTION,424.0000,424.0000,-61.4500,13,13,0.14492925,0.14492925,,0.14492925,61.4500,424.0000,THIN_EXPOSURE,0.0000,-1.8435,3.0000,97.0000,AG03-UNRESOLVED,ALL5_LEVELS_bet23_to_bet27,-1.8435,-1.8435,-1.8435,-2.4580,-2.4580,3.000000,3.000000,3.000000,4.000000,4.000000,97.000000,97.000000,97.000000,96.000000,96.000000,5.0,-10.4465,-9.7632,-51.0035,-51.6868,PENDING_AG03,FALSE,NOT_FOR_ENFORCEMENT,-59.6065,411.2800,-61.4500,-59.6065,-1.8435,-0.14492925,-0.14058137,-1.8435,-59.6065,-0.14058137,-1.8435,-1.8435,-1.8435,-2.4580,-2.4580,-59.6065,-0.14058137,-10.4465,-9.7632,-51.0035,-51.6868,-0.12029127,-0.12190281,-0.00434788,32.6154,32.6154,-4.7269,-61.4500,-15.3625,424.0000,13.0000,32.6154,,24.0,30.0,40.0,44.8,57.15,60.0,30.0,20.0,1.905,2.0,1.087179,4,3,1,2,1.00000000,-0.14492925,-0.14492925,0E-8,0.000000,1.000000,0.000000,,2026-07-08,2026-07-08,1,4,4,1,1.000000,,1.000000,3.333333,,,,,,,,GLOBAL_BASELINE_NO_ENTITY_RANKING,,,NOT_APPLICABLE_GLOBAL_BASELINE,HF9g-P5,,,,X 全窗基线 · 不参与实体赏罚,3923384,393,A168_HF9F_20260827_0900,2026-08-27 09:00:00
2026-07-08,152720296,1623,0,55.0000000000,55.0000000000,55.0000000000,1.0000000,2,2,0.49324550000000000,0.493245500000,1.4334489766152358,1.4334489766152358,1.4334489766152358,0E-17,ELIGIBLE,R03b_20260811_FULL_v1,L1_ELIGIBILITY,v2026-08-11,2026-03-21..2026-08-06,baccarat_bet02_101_all_pairs_incl_sentinel,round_win = game_pnl > 0 (decisive only),COMPATIBILITY_ONLY_NOT_PRODUCTION,424.0000,424.0000,-61.4500,13,13,0.14492925,0.14492925,,0.14492925,61.4500,424.0000,THIN_EXPOSURE,0.0000,-1.8435,3.0000,97.0000,AG03-UNRESOLVED,ALL5_LEVELS_bet23_to_bet27,-1.8435,-1.8435,-1.8435,-2.4580,-2.4580,3.000000,3.000000,3.000000,4.000000,4.000000,97.000000,97.000000,97.000000,96.000000,96.000000,5.0,-10.4465,-9.7632,-51.0035,-51.6868,PENDING_AG03,FALSE,NOT_FOR_ENFORCEMENT,-59.6065,411.2800,-61.4500,-59.6065,-1.8435,-0.14492925,-0.14058137,-1.8435,-59.6065,-0.14058137,-1.8435,-1.8435,-1.8435,-2.4580,-2.4580,-59.6065,-0.14058137,-10.4465,-9.7632,-51.0035,-51.6868,-0.12029127,-0.12190281,-0.00434788,32.6154,32.6154,-4.7269,-61.4500,-15.3625,424.0000,13.0000,32.6154,,24.0,30.0,40.0,44.8,57.15,60.0,30.0,20.0,1.905,2.0,1.087179,4,3,1,2,1.00000000,-0.14492925,-0.14492925,0E-8,0.000000,1.000000,0.000000,,2026-07-08,2026-07-08,1,4,4,1,1.000000,,1.000000,3.333333,,,,,,,,GLOBAL_BASELINE_NO_ENTITY_RANKING,,,NOT_APPLICABLE_GLOBAL_BASELINE,HF9g-P5,,,,X 全窗基线 · 不参与实体赏罚,3923385,393,A168_HF9F_20260827_0900,2026-08-27 09:00:00
2026-07-08,152720296,986,0,289.0000000000,6.4500000000,6.4500000000,0.4444444,9,9,0.50218230000000000,0.502182300000,-0.34643043305270216,-0.34643043305270216,-0.34643043305270216,0E-17,ELIGIBLE,R03b_20260811_FULL_v1,L1_ELIGIBILITY,v2026-08-11,2026-03-21..2026-08-06,baccarat_bet02_101_all_pairs_incl_sentinel,round_win = game_pnl > 0 (decisive only),COMPATIBILITY_ONLY_NOT_PRODUCTION,424.0000,424.0000,-61.4500,13,13,0.14492925,0.14492925,,0.14492925,61.4500,424.0000,THIN_EXPOSURE,0.0000,-1.8435,3.0000,97.0000,AG03-UNRESOLVED,ALL5_LEVELS_bet23_to_bet27,-1.8435,-1.8435,-1.8435,-2.4580,-2.4580,3.000000,3.000000,3.000000,4.000000,4.000000,97.000000,97.000000,97.000000,96.000000,96.000000,5.0,-10.4465,-9.7632,-51.0035,-51.6868,PENDING_AG03,FALSE,NOT_FOR_ENFORCEMENT,-59.6065,411.2800,-61.4500,-59.6065,-1.8435,-0.14492925,-0.14058137,-1.8435,-59.6065,-0.14058137,-1.8435,-1.8435,-1.8435,-2.4580,-2.4580,-59.6065,-0.14058137,-10.4465,-9.7632,-51.0035,-51.6868,-0.12029127,-0.12190281,-0.00434788,32.6154,32.6154,-4.7269,-61.4500,-15.3625,424.0000,13.0000,32.6154,,24.0,30.0,40.0,44.8,57.15,60.0,30.0,20.0,1.905,2.0,1.087179,4,3,1,2,1.00000000,-0.14492925,-0.14492925,0E-8,0.000000,1.000000,0.000000,,2026-07-08,2026-07-08,1,4,4,1,1.000000,,1.000000,3.333333,,,,,,,,GLOBAL_BASELINE_NO_ENTITY_RANKING,,,NOT_APPLICABLE_GLOBAL_BASELINE,HF9g-P5,,,,X 全窗基线 · 不参与实体赏罚,3923386,393,A168_HF9F_20260827_0900,2026-08-27 09:00:00
2026-04-14,128003400,-1,1,46.3812113930,62.0875761599,62.0875761599,0.5714286,12,7,0.34318201964285714,0.305524033333,1.2719453905200024,1.5272968974423702,1.2719453905200024,0.03765798630985714,SENTINEL_DEALER,R03b_20260811_FULL_v1,L1_ELIGIBILITY,v2026-08-11,2026-03-21..2026-08-06,baccarat_bet02_101_all_pairs_incl_sentinel,round_win = game_pnl > 0 (decisive only),COMPATIBILITY_ONLY_NOT_PRODUCTION,46.3812,46.3812,-62.0876,12,7,1.33863636,,1.33863636,1.33863636,62.0876,46.3812,THIN_EXPOSURE,0.0000,-2.4835,4.0000,96.0000,AG03-UNRESOLVED,ALL5_LEVELS_bet23_to_bet27,-2.4835,-2.4835,-2.4835,-3.1044,-3.1044,4.000000,4.000000,4.000000,5.000000,5.000000,96.000000,96.000000,96.000000,95.000000,95.000000,5.0,-13.6593,-12.5122,-48.4283,-49.5753,PENDING_AG03,FALSE,NOT_FOR_ENFORCEMENT,-59.6041,44.5260,-62.0876,-59.6041,-2.4835,-1.33863636,-1.28509091,-2.4835,-59.6041,-1.28509091,-2.4835,-2.4835,-2.4835,-3.1044,-3.1044,-59.6041,-1.28509091,-13.6593,-12.5122,-48.4283,-49.5753,-1.04413636,-1.06886665,-0.05354545,3.8651,6.6259,-8.8697,-62.0876,-62.0876,46.3812,7.0000,,3.8651,2.1082,3.1624,4.2165,6.7464,11.8061,12.6494,3.1624,-0.0527,3.733333,4.0,1.222222,1,1,1,5,0E-8,-1.33863636,,0E-8,0.000000,1.000000,0.000000,,2026-04-14,2026-04-14,1,1,1,1,1.000000,,,0.000000,,,,,,,,GLOBAL_BASELINE_NO_ENTITY_RANKING,,,NOT_APPLICABLE_GLOBAL_BASELINE,HF9g-P5,,,,X 全窗基线 · 不参与实体赏罚,3923387,393,A168_HF9F_20260827_0900,2026-08-27 09:00:00
2026-07-01,152327568,-1,1,20.6542224976,0E-10,0E-10,0.5000000,2,2,0.49994810000000000,0.499948100000,0.00014679536856514622,0.00014679536856514622,0.00014679536856514622,0E-17,SENTINEL_DEALER,R03b_20260811_FULL_v1,L1_ELIGIBILITY,v2026-08-11,2026-03-21..2026-08-06,baccarat_bet02_101_all_pairs_incl_sentinel,round_win = game_pnl > 0 (decisive only),COMPATIBILITY_ONLY_NOT_PRODUCTION,113.5982,113.5982,-61.4463,11,11,0.54090909,,0.54090909,0.54090909,61.4463,113.5982,THIN_EXPOSURE,0.0000,-1.8434,3.0000,97.0000,AG03-UNRESOLVED,ALL5_LEVELS_bet23_to_bet27,-1.8434,-1.8434,-1.8434,-2.4579,-2.4579,3.000000,3.000000,3.000000,4.000000,4.000000,97.000000,97.000000,97.000000,96.000000,96.000000,5.0,-10.4459,-9.7626,-51.0004,-51.6837,PENDING_AG03,FALSE,NOT_FOR_ENFORCEMENT,-59.6029,110.1903,-61.4463,-59.6029,-1.8434,-0.54090909,-0.52468182,-1.8434,-59.6029,-0.52468182,-1.8434,-1.8434,-1.8434,-2.4579,-2.4579,-59.6029,-0.52468182,-10.4459,-9.7626,-51.0004,-51.6837,-0.44895455,-0.45496915,-0.01622727,10.3271,10.3271,-5.5860,-61.4463,-6.8274,113.5982,11.0000,,10.3271,10.3271,10.3271,10.3271,12.3925,15.2325,15.4907,10.3271,10.3271,1.475,1.5,1.0,9,8,1,2,0E-8,-0.54090909,,0E-8,0.000000,1.000000,0.000000,,2026-07-01,2026-07-01,1,9,9,1,1.000000,,,0.000000,,,,,,,,GLOBAL_BASELINE_NO_ENTITY_RANKING,,,NOT_APPLICABLE_GLOBAL_BASELINE,HF9g-P5,,,,X 全窗基线 · 不参与实体赏罚,3923388,393,A168_HF9F_20260827_0900,2026-08-27 09:00:00
2026-07-01,152327568,1396,0,10.3271112488,10.3271112488,10.3271112488,1.0000000,1,1,0.49324550000000000,0.493245500000,1.01360149184955,1.01360149184955,1.01360149184955,0E-17,ELIGIBLE,R03b_20260811_FULL_v1,L1_ELIGIBILITY,v2026-08-11,2026-03-21..2026-08-06,baccarat_bet02_101_all_pairs_incl_sentinel,round_win = game_pnl > 0 (decisive only),COMPATIBILITY_ONLY_NOT_PRODUCTION,113.5982,113.5982,-61.4463,11,11,0.54090909,,0.54090909,0.54090909,61.4463,113.5982,THIN_EXPOSURE,0.0000,-1.8434,3.0000,97.0000,AG03-UNRESOLVED,ALL5_LEVELS_bet23_to_bet27,-1.8434,-1.8434,-1.8434,-2.4579,-2.4579,3.000000,3.000000,3.000000,4.000000,4.000000,97.000000,97.000000,97.000000,96.000000,96.000000,5.0,-10.4459,-9.7626,-51.0004,-51.6837,PENDING_AG03,FALSE,NOT_FOR_ENFORCEMENT,-59.6029,110.1903,-61.4463,-59.6029,-1.8434,-0.54090909,-0.52468182,-1.8434,-59.6029,-0.52468182,-1.8434,-1.8434,-1.8434,-2.4579,-2.4579,-59.6029,-0.52468182,-10.4459,-9.7626,-51.0004,-51.6837,-0.44895455,-0.45496915,-0.01622727,10.3271,10.3271,-5.5860,-61.4463,-6.8274,113.5982,11.0000,,10.3271,10.3271,10.3271,10.3271,12.3925,15.2325,15.4907,10.3271,10.3271,1.475,1.5,1.0,9,8,1,2,0E-8,-0.54090909,,0E-8,0.000000,1.000000,0.000000,,2026-07-01,2026-07-01,1,9,9,1,1.000000,,,0.000000,,,,,,,,GLOBAL_BASELINE_NO_ENTITY_RANKING,,,NOT_APPLICABLE_GLOBAL_BASELINE,HF9g-P5,,,,X 全窗基线 · 不参与实体赏罚,3923389,393,A168_HF9F_20260827_0900,2026-08-27 09:00:00
2026-07-01,152327568,1485,0,10.3271112488,9.8107556864,9.8107556864,1.0000000,1,1,0.50665070000000000,0.506650700000,0.9867858985152569,0.9867858985152569,0.9867858985152569,0E-17,ELIGIBLE,R03b_20260811_FULL_v1,L1_ELIGIBILITY,v2026-08-11,2026-03-21..2026-08-06,baccarat_bet02_101_all_pairs_incl_sentinel,round_win = game_pnl > 0 (decisive only),COMPATIBILITY_ONLY_NOT_PRODUCTION,113.5982,113.5982,-61.4463,11,11,0.54090909,,0.54090909,0.54090909,61.4463,113.5982,THIN_EXPOSURE,0.0000,-1.8434,3.0000,97.0000,AG03-UNRESOLVED,ALL5_LEVELS_bet23_to_bet27,-1.8434,-1.8434,-1.8434,-2.4579,-2.4579,3.000000,3.000000,3.000000,4.000000,4.000000,97.000000,97.000000,97.000000,96.000000,96.000000,5.0,-10.4459,-9.7626,-51.0004,-51.6837,PENDING_AG03,FALSE,NOT_FOR_ENFORCEMENT,-59.6029,110.1903,-61.4463,-59.6029,-1.8434,-0.54090909,-0.52468182,-1.8434,-59.6029,-0.52468182,-1.8434,-1.8434,-1.8434,-2.4579,-2.4579,-59.6029,-0.52468182,-10.4459,-9.7626,-51.0004,-51.6837,-0.44895455,-0.45496915,-0.01622727,10.3271,10.3271,-5.5860,-61.4463,-6.8274,113.5982,11.0000,,10.3271,10.3271,10.3271,10.3271,12.3925,15.2325,15.4907,10.3271,10.3271,1.475,1.5,1.0,9,8,1,2,0E-8,-0.54090909,,0E-8,0.000000,1.000000,0.000000,,2026-07-01,2026-07-01,1,9,9,1,1.000000,,,0.000000,,,,,,,,GLOBAL_BASELINE_NO_ENTITY_RANKING,,,NOT_APPLICABLE_GLOBAL_BASELINE,HF9g-P5,,,,X 全窗基线 · 不参与实体赏罚,3923390,393,A168_HF9F_20260827_0900,2026-08-27 09:00:00
2026-07-01,152327568,1654,0,20.6542224976,0E-10,0E-10,0.5000000,2,2,0.49994810000000000,0.499948100000,0.00014679536856514622,0.00014679536856514622,0.00014679536856514622,0E-17,ELIGIBLE,R03b_20260811_FULL_v1,L1_ELIGIBILITY,v2026-08-11,2026-03-21..2026-08-06,baccarat_bet02_101_all_pairs_incl_sentinel,round_win = game_pnl > 0 (decisive only),COMPATIBILITY_ONLY_NOT_PRODUCTION,113.5982,113.5982,-61.4463,11,11,0.54090909,,0.54090909,0.54090909,61.4463,113.5982,THIN_EXPOSURE,0.0000,-1.8434,3.0000,97.0000,AG03-UNRESOLVED,ALL5_LEVELS_bet23_to_bet27,-1.8434,-1.8434,-1.8434,-2.4579,-2.4579,3.000000,3.000000,3.000000,4.000000,4.000000,97.000000,97.000000,97.000000,96.000000,96.000000,5.0,-10.4459,-9.7626,-51.0004,-51.6837,PENDING_AG03,FALSE,NOT_FOR_ENFORCEMENT,-59.6029,110.1903,-61.4463,-59.6029,-1.8434,-0.54090909,-0.52468182,-1.8434,-59.6029,-0.52468182,-1.8434,-1.8434,-1.8434,-2.4579,-2.4579,-59.6029,-0.52468182,-10.4459,-9.7626,-51.0004,-51.6837,-0.44895455,-0.45496915,-0.01622727,10.3271,10.3271,-5.5860,-61.4463,-6.8274,113.5982,11.0000,,10.3271,10.3271,10.3271,10.3271,12.3925,15.2325,15.4907,10.3271,10.3271,1.475,1.5,1.0,9,8,1,2,0E-8,-0.54090909,,0E-8,0.000000,1.000000,0.000000,,2026-07-01,2026-07-01,1,9,9,1,1.000000,,,0.000000,,,,,,,,GLOBAL_BASELINE_NO_ENTITY_RANKING,,,NOT_APPLICABLE_GLOBAL_BASELINE,HF9g-P5,,,,X 全窗基线 · 不参与实体赏罚,3923391,393,A168_HF9F_20260827_0900,2026-08-27 09:00:00
2026-07-01,152327568,1966,0,10.3271112488,10.3271112488,10.3271112488,1.0000000,1,1,0.49324550000000000,0.493245500000,1.01360149184955,1.01360149184955,1.01360149184955,0E-17,ELIGIBLE,R03b_20260811_FULL_v1,L1_ELIGIBILITY,v2026-08-11,2026-03-21..2026-08-06,baccarat_bet02_101_all_pairs_incl_sentinel,round_win = game_pnl > 0 (decisive only),COMPATIBILITY_ONLY_NOT_PRODUCTION,113.5982,113.5982,-61.4463,11,11,0.54090909,,0.54090909,0.54090909,61.4463,113.5982,THIN_EXPOSURE,0.0000,-1.8434,3.0000,97.0000,AG03-UNRESOLVED,ALL5_LEVELS_bet23_to_bet27,-1.8434,-1.8434,-1.8434,-2.4579,-2.4579,3.000000,3.000000,3.000000,4.000000,4.000000,97.000000,97.000000,97.000000,96.000000,96.000000,5.0,-10.4459,-9.7626,-51.0004,-51.6837,PENDING_AG03,FALSE,NOT_FOR_ENFORCEMENT,-59.6029,110.1903,-61.4463,-59.6029,-1.8434,-0.54090909,-0.52468182,-1.8434,-59.6029,-0.52468182,-1.8434,-1.8434,-1.8434,-2.4579,-2.4579,-59.6029,-0.52468182,-10.4459,-9.7626,-51.0004,-51.6837,-0.44895455,-0.45496915,-0.01622727,10.3271,10.3271,-5.5860,-61.4463,-6.8274,113.5982,11.0000,,10.3271,10.3271,10.3271,10.3271,12.3925,15.2325,15.4907,10.3271,10.3271,1.475,1.5,1.0,9,8,1,2,0E-8,-0.54090909,,0E-8,0.000000,1.000000,0.000000,,2026-07-01,2026-07-01,1,9,9,1,1.000000,,,0.000000,,,,,,,,GLOBAL_BASELINE_NO_ENTITY_RANKING,,,NOT_APPLICABLE_GLOBAL_BASELINE,HF9g-P5,,,,X 全窗基线 · 不参与实体赏罚,3923392,393,A168_HF9F_20260827_0900,2026-08-27 09:00:00
2026-07-01,152327568,2123,0,25.8177781220,25.8177781220,25.8177781220,1.0000000,2,2,0.49324550000000000,0.493245500000,1.4334489766152358,1.4334489766152358,1.4334489766152358,0E-17,ELIGIBLE,R03b_20260811_FULL_v1,L1_ELIGIBILITY,v2026-08-11,2026-03-21..2026-08-06,baccarat_bet02_101_all_pairs_incl_sentinel,round_win = game_pnl > 0 (decisive only),COMPATIBILITY_ONLY_NOT_PRODUCTION,113.5982,113.5982,-61.4463,11,11,0.54090909,,0.54090909,0.54090909,61.4463,113.5982,THIN_EXPOSURE,0.0000,-1.8434,3.0000,97.0000,AG03-UNRESOLVED,ALL5_LEVELS_bet23_to_bet27,-1.8434,-1.8434,-1.8434,-2.4579,-2.4579,3.000000,3.000000,3.000000,4.000000,4.000000,97.000000,97.000000,97.000000,96.000000,96.000000,5.0,-10.4459,-9.7626,-51.0004,-51.6837,PENDING_AG03,FALSE,NOT_FOR_ENFORCEMENT,-59.6029,110.1903,-61.4463,-59.6029,-1.8434,-0.54090909,-0.52468182,-1.8434,-59.6029,-0.52468182,-1.8434,-1.8434,-1.8434,-2.4579,-2.4579,-59.6029,-0.52468182,-10.4459,-9.7626,-51.0004,-51.6837,-0.44895455,-0.45496915,-0.01622727,10.3271,10.3271,-5.5860,-61.4463,-6.8274,113.5982,11.0000,,10.3271,10.3271,10.3271,10.3271,12.3925,15.2325,15.4907,10.3271,10.3271,1.475,1.5,1.0,9,8,1,2,0E-8,-0.54090909,,0E-8,0.000000,1.000000,0.000000,,2026-07-01,2026-07-01,1,9,9,1,1.000000,,,0.000000,,,,,,,,GLOBAL_BASELINE_NO_ENTITY_RANKING,,,NOT_APPLICABLE_GLOBAL_BASELINE,HF9g-P5,,,,X 全窗基线 · 不参与实体赏罚,3923393,393,A168_HF9F_20260827_0900,2026-08-27 09:00:00
2026-07-01,152327568,2281,0,5.1635556244,-5.1635556244,-5.1635556244,0E-7,1,1,0.50665070000000000,0.506650700000,-1.013391052207602,-1.013391052207602,-1.013391052207602,0E-17,ELIGIBLE,R03b_20260811_FULL_v1,L1_ELIGIBILITY,v2026-08-11,2026-03-21..2026-08-06,baccarat_bet02_101_all_pairs_incl_sentinel,round_win = game_pnl > 0 (decisive only),COMPATIBILITY_ONLY_NOT_PRODUCTION,113.5982,113.5982,-61.4463,11,11,0.54090909,,0.54090909,0.54090909,61.4463,113.5982,THIN_EXPOSURE,0.0000,-1.8434,3.0000,97.0000,AG03-UNRESOLVED,ALL5_LEVELS_bet23_to_bet27,-1.8434,-1.8434,-1.8434,-2.4579,-2.4579,3.000000,3.000000,3.000000,4.000000,4.000000,97.000000,97.000000,97.000000,96.000000,96.000000,5.0,-10.4459,-9.7626,-51.0004,-51.6837,PENDING_AG03,FALSE,NOT_FOR_ENFORCEMENT,-59.6029,110.1903,-61.4463,-59.6029,-1.8434,-0.54090909,-0.52468182,-1.8434,-59.6029,-0.52468182,-1.8434,-1.8434,-1.8434,-2.4579,-2.4579,-59.6029,-0.52468182,-10.4459,-9.7626,-51.0004,-51.6837,-0.44895455,-0.45496915,-0.01622727,10.3271,10.3271,-5.5860,-61.4463,-6.8274,113.5982,11.0000,,10.3271,10.3271,10.3271,10.3271,12.3925,15.2325,15.4907,10.3271,10.3271,1.475,1.5,1.0,9,8,1,2,0E-8,-0.54090909,,0E-8,0.000000,1.000000,0.000000,,2026-07-01,2026-07-01,1,9,9,1,1.000000,,,0.000000,,,,,,,,GLOBAL_BASELINE_NO_ENTITY_RANKING,,,NOT_APPLICABLE_GLOBAL_BASELINE,HF9g-P5,,,,X 全窗基线 · 不参与实体赏罚,3923394,393,A168_HF9F_20260827_0900,2026-08-27 09:00:00
2026-07-01,152327568,595,0,10.3271112488,10.3271112488,10.3271112488,1.0000000,1,1,0.49324550000000000,0.493245500000,1.01360149184955,1.01360149184955,1.01360149184955,0E-17,ELIGIBLE,R03b_20260811_FULL_v1,L1_ELIGIBILITY,v2026-08-11,2026-03-21..2026-08-06,baccarat_bet02_101_all_pairs_incl_sentinel,round_win = game_pnl > 0 (decisive only),COMPATIBILITY_ONLY_NOT_PRODUCTION,113.5982,113.5982,-61.4463,11,11,0.54090909,,0.54090909,0.54090909,61.4463,113.5982,THIN_EXPOSURE,0.0000,-1.8434,3.0000,97.0000,AG03-UNRESOLVED,ALL5_LEVELS_bet23_to_bet27,-1.8434,-1.8434,-1.8434,-2.4579,-2.4579,3.000000,3.000000,3.000000,4.000000,4.000000,97.000000,97.000000,97.000000,96.000000,96.000000,5.0,-10.4459,-9.7626,-51.0004,-51.6837,PENDING_AG03,FALSE,NOT_FOR_ENFORCEMENT,-59.6029,110.1903,-61.4463,-59.6029,-1.8434,-0.54090909,-0.52468182,-1.8434,-59.6029,-0.52468182,-1.8434,-1.8434,-1.8434,-2.4579,-2.4579,-59.6029,-0.52468182,-10.4459,-9.7626,-51.0004,-51.6837,-0.44895455,-0.45496915,-0.01622727,10.3271,10.3271,-5.5860,-61.4463,-6.8274,113.5982,11.0000,,10.3271,10.3271,10.3271,10.3271,12.3925,15.2325,15.4907,10.3271,10.3271,1.475,1.5,1.0,9,8,1,2,0E-8,-0.54090909,,0E-8,0.000000,1.000000,0.000000,,2026-07-01,2026-07-01,1,9,9,1,1.000000,,,0.000000,,,,,,,,GLOBAL_BASELINE_NO_ENTITY_RANKING,,,NOT_APPLICABLE_GLOBAL_BASELINE,HF9g-P5,,,,X 全窗基线 · 不参与实体赏罚,3923395,393,A168_HF9F_20260827_0900,2026-08-27 09:00:00
2026-03-22,129559090,1330,0,6.5829317745,6.5829317745,6.5829317745,1.0000000,1,1,0.49324550000000000,0.493245500000,1.01360149184955,1.01360149184955,1.01360149184955,0E-17,ELIGIBLE,R03b_20260811_FULL_v1,L1_ELIGIBILITY,v2026-08-11,2026-03-21..2026-08-06,baccarat_bet02_101_all_pairs_incl_sentinel,round_win = game_pnl > 0 (decisive only),COMPATIBILITY_ONLY_NOT_PRODUCTION,603.7266,584.3737,-62.0858,73,73,0.10283755,0.02887661,0.11276363,0.10283755,62.0858,603.7266,OK,0.0000,-2.4834,4.0000,96.0000,AG03-UNRESOLVED,ALL5_LEVELS_bet23_to_bet27,-2.4834,-2.4834,-2.4834,-3.1043,-3.1043,4.000000,4.000000,4.000000,5.000000,5.000000,96.000000,96.000000,96.000000,95.000000,95.000000,5.0,-13.6589,-12.5119,-48.4269,-49.5739,PENDING_AG03,FALSE,NOT_FOR_ENFORCEMENT,-59.6023,560.9988,-62.0858,-59.6023,-2.4834,-0.10283755,-0.09872405,-2.4834,-59.6023,-0.09872405,-2.4834,-2.4834,-2.4834,-3.1043,-3.1043,-59.6023,-0.09872405,-13.6589,-12.5119,-48.4269,-49.5739,-0.08021329,-0.08211314,-0.00411350,8.2702,8.0051,-0.8505,-1.8261,-1.3497,17.7567,2.1471,7.1437,8.4490,4.5249,5.9381,9.4557,14.4638,23.5525,49.6131,5.9381,2.5818,3.966342,8.355062,1.392742,13,34,37,2,0.11832674,-0.10283755,-0.02887661,0E-8,0.000000,0.967944,0.000000,-0.08388702,2026-03-22,2026-08-04,34,46,45,136,0.250000,0.845504,0.863785,0.394422,,,,,,,,GLOBAL_BASELINE_NO_ENTITY_RANKING,,,NOT_APPLICABLE_GLOBAL_BASELINE,HF9g-P5,,,,X 全窗基线 · 不参与实体赏罚,3923396,393,A168_HF9F_20260827_0900,2026-08-27 09:00:00
2026-03-23,129559090,-1,1,6.5829317745,-6.5829317745,-6.5829317745,0E-7,1,1,0.50665070000000000,0.506650700000,-1.013391052207602,-1.013391052207602,-1.013391052207602,0E-17,SENTINEL_DEALER,R03b_20260811_FULL_v1,L1_ELIGIBILITY,v2026-08-11,2026-03-21..2026-08-06,baccarat_bet02_101_all_pairs_incl_sentinel,round_win = game_pnl > 0 (decisive only),COMPATIBILITY_ONLY_NOT_PRODUCTION,603.7266,584.3737,-62.0858,73,73,0.10283755,0.02887661,0.11276363,0.10283755,62.0858,603.7266,OK,0.0000,-2.4834,4.0000,96.0000,AG03-UNRESOLVED,ALL5_LEVELS_bet23_to_bet27,-2.4834,-2.4834,-2.4834,-3.1043,-3.1043,4.000000,4.000000,4.000000,5.000000,5.000000,96.000000,96.000000,96.000000,95.000000,95.000000,5.0,-13.6589,-12.5119,-48.4269,-49.5739,PENDING_AG03,FALSE,NOT_FOR_ENFORCEMENT,-59.6023,560.9988,-62.0858,-59.6023,-2.4834,-0.10283755,-0.09872405,-2.4834,-59.6023,-0.09872405,-2.4834,-2.4834,-2.4834,-3.1043,-3.1043,-59.6023,-0.09872405,-13.6589,-12.5119,-48.4269,-49.5739,-0.08021329,-0.08211314,-0.00411350,8.2702,8.0051,-0.8505,-1.8261,-1.3497,17.7567,2.1471,7.1437,8.4490,4.5249,5.9381,9.4557,14.4638,23.5525,49.6131,5.9381,2.5818,3.966342,8.355062,1.392742,13,34,37,2,0.11832674,-0.10283755,-0.02887661,0E-8,0.000000,0.967944,0.000000,-0.08388702,2026-03-22,2026-08-04,34,46,45,136,0.250000,0.845504,0.863785,0.394422,,,,,,,,GLOBAL_BASELINE_NO_ENTITY_RANKING,,,NOT_APPLICABLE_GLOBAL_BASELINE,HF9g-P5,,,,X 全窗基线 · 不参与实体赏罚,3923397,393,A168_HF9F_20260827_0900,2026-08-27 09:00:00
2026-03-24,129559090,462,0,4.2130763357,-4.2130763357,-4.2130763357,0E-7,1,1,0.50665070000000000,0.506650700000,-1.013391052207602,-1.013391052207602,-1.013391052207602,0E-17,ELIGIBLE,R03b_20260811_FULL_v1,L1_ELIGIBILITY,v2026-08-11,2026-03-21..2026-08-06,baccarat_bet02_101_all_pairs_incl_sentinel,round_win = game_pnl > 0 (decisive only),COMPATIBILITY_ONLY_NOT_PRODUCTION,603.7266,584.3737,-62.0858,73,73,0.10283755,0.02887661,0.11276363,0.10283755,62.0858,603.7266,OK,0.0000,-2.4834,4.0000,96.0000,AG03-UNRESOLVED,ALL5_LEVELS_bet23_to_bet27,-2.4834,-2.4834,-2.4834,-3.1043,-3.1043,4.000000,4.000000,4.000000,5.000000,5.000000,96.000000,96.000000,96.000000,95.000000,95.000000,5.0,-13.6589,-12.5119,-48.4269,-49.5739,PENDING_AG03,FALSE,NOT_FOR_ENFORCEMENT,-59.6023,560.9988,-62.0858,-59.6023,-2.4834,-0.10283755,-0.09872405,-2.4834,-59.6023,-0.09872405,-2.4834,-2.4834,-2.4834,-3.1043,-3.1043,-59.6023,-0.09872405,-13.6589,-12.5119,-48.4269,-49.5739,-0.08021329,-0.08211314,-0.00411350,8.2702,8.0051,-0.8505,-1.8261,-1.3497,17.7567,2.1471,7.1437,8.4490,4.5249,5.9381,9.4557,14.4638,23.5525,49.6131,5.9381,2.5818,3.966342,8.355062,1.392742,13,34,37,2,0.11832674,-0.10283755,-0.02887661,0E-8,0.000000,0.967944,0.000000,-0.08388702,2026-03-22,2026-08-04,34,46,45,136,0.250000,0.845504,0.863785,0.394422,,,,,,,,GLOBAL_BASELINE_NO_ENTITY_RANKING,,,NOT_APPLICABLE_GLOBAL_BASELINE,HF9g-P5,,,,X 全窗基线 · 不参与实体赏罚,3923398,393,A168_HF9F_20260827_0900,2026-08-27 09:00:00
2026-04-15,129559090,1985,0,23.8201188388,-3.4028741198,-3.4028741198,0.6666667,3,3,0.49324550000000000,0.493245500000,0.6008033672792107,0.6008033672792106,0.6008033672792107,0E-17,ELIGIBLE,R03b_20260811_FULL_v1,L1_ELIGIBILITY,v2026-08-11,2026-03-21..2026-08-06,baccarat_bet02_101_all_pairs_incl_sentinel,round_win = game_pnl > 0 (decisive only),COMPATIBILITY_ONLY_NOT_PRODUCTION,603.7266,584.3737,-62.0858,73,73,0.10283755,0.02887661,0.11276363,0.10283755,62.0858,603.7266,OK,0.0000,-2.4834,4.0000,96.0000,AG03-UNRESOLVED,ALL5_LEVELS_bet23_to_bet27,-2.4834,-2.4834,-2.4834,-3.1043,-3.1043,4.000000,4.000000,4.000000,5.000000,5.000000,96.000000,96.000000,96.000000,95.000000,95.000000,5.0,-13.6589,-12.5119,-48.4269,-49.5739,PENDING_AG03,FALSE,NOT_FOR_ENFORCEMENT,-59.6023,560.9988,-62.0858,-59.6023,-2.4834,-0.10283755,-0.09872405,-2.4834,-59.6023,-0.09872405,-2.4834,-2.4834,-2.4834,-3.1043,-3.1043,-59.6023,-0.09872405,-13.6589,-12.5119,-48.4269,-49.5739,-0.08021329,-0.08211314,-0.00411350,8.2702,8.0051,-0.8505,-1.8261,-1.3497,17.7567,2.1471,7.1437,8.4490,4.5249,5.9381,9.4557,14.4638,23.5525,49.6131,5.9381,2.5818,3.966342,8.355062,1.392742,13,34,37,2,0.11832674,-0.10283755,-0.02887661,0E-8,0.000000,0.967944,0.000000,-0.08388702,2026-03-22,2026-08-04,34,46,45,136,0.250000,0.845504,0.863785,0.394422,,,,,,,,GLOBAL_BASELINE_NO_ENTITY_RANKING,,,NOT_APPLICABLE_GLOBAL_BASELINE,HF9g-P5,,,,X 全窗基线 · 不参与实体赏罚,3923399,393,A168_HF9F_20260827_0900,2026-08-27 09:00:00
2026-04-17,129559090,1331,0,5.2351909536,-5.2351909536,-5.2351909536,0E-7,1,1,0.50665070000000000,0.506650700000,-1.013391052207602,-1.013391052207602,-1.013391052207602,0E-17,ELIGIBLE,R03b_20260811_FULL_v1,L1_ELIGIBILITY,v2026-08-11,2026-03-21..2026-08-06,baccarat_bet02_101_all_pairs_incl_sentinel,round_win = game_pnl > 0 (decisive only),COMPATIBILITY_ONLY_NOT_PRODUCTION,603.7266,584.3737,-62.0858,73,73,0.10283755,0.02887661,0.11276363,0.10283755,62.0858,603.7266,OK,0.0000,-2.4834,4.0000,96.0000,AG03-UNRESOLVED,ALL5_LEVELS_bet23_to_bet27,-2.4834,-2.4834,-2.4834,-3.1043,-3.1043,4.000000,4.000000,4.000000,5.000000,5.000000,96.000000,96.000000,96.000000,95.000000,95.000000,5.0,-13.6589,-12.5119,-48.4269,-49.5739,PENDING_AG03,FALSE,NOT_FOR_ENFORCEMENT,-59.6023,560.9988,-62.0858,-59.6023,-2.4834,-0.10283755,-0.09872405,-2.4834,-59.6023,-0.09872405,-2.4834,-2.4834,-2.4834,-3.1043,-3.1043,-59.6023,-0.09872405,-13.6589,-12.5119,-48.4269,-49.5739,-0.08021329,-0.08211314,-0.00411350,8.2702,8.0051,-0.8505,-1.8261,-1.3497,17.7567,2.1471,7.1437,8.4490,4.5249,5.9381,9.4557,14.4638,23.5525,49.6131,5.9381,2.5818,3.966342,8.355062,1.392742,13,34,37,2,0.11832674,-0.10283755,-0.02887661,0E-8,0.000000,0.967944,0.000000,-0.08388702,2026-03-22,2026-08-04,34,46,45,136,0.250000,0.845504,0.863785,0.394422,,,,,,,,GLOBAL_BASELINE_NO_ENTITY_RANKING,,,NOT_APPLICABLE_GLOBAL_BASELINE,HF9g-P5,,,,X 全窗基线 · 不参与实体赏罚,3923400,393,A168_HF9F_20260827_0900,2026-08-27 09:00:00
2026-04-24,129559090,1318,0,26.9612334110,0.0916158416,0.0916158416,0.6666667,3,3,0.50665070000000000,0.506650700000,0.5543606114942035,0.5543606114942035,0.5543606114942035,0E-17,ELIGIBLE,R03b_20260811_FULL_v1,L1_ELIGIBILITY,v2026-08-11,2026-03-21..2026-08-06,baccarat_bet02_101_all_pairs_incl_sentinel,round_win = game_pnl > 0 (decisive only),COMPATIBILITY_ONLY_NOT_PRODUCTION,603.7266,584.3737,-62.0858,73,73,0.10283755,0.02887661,0.11276363,0.10283755,62.0858,603.7266,OK,0.0000,-2.4834,4.0000,96.0000,AG03-UNRESOLVED,ALL5_LEVELS_bet23_to_bet27,-2.4834,-2.4834,-2.4834,-3.1043,-3.1043,4.000000,4.000000,4.000000,5.000000,5.000000,96.000000,96.000000,96.000000,95.000000,95.000000,5.0,-13.6589,-12.5119,-48.4269,-49.5739,PENDING_AG03,FALSE,NOT_FOR_ENFORCEMENT,-59.6023,560.9988,-62.0858,-59.6023,-2.4834,-0.10283755,-0.09872405,-2.4834,-59.6023,-0.09872405,-2.4834,-2.4834,-2.4834,-3.1043,-3.1043,-59.6023,-0.09872405,-13.6589,-12.5119,-48.4269,-49.5739,-0.08021329,-0.08211314,-0.00411350,8.2702,8.0051,-0.8505,-1.8261,-1.3497,17.7567,2.1471,7.1437,8.4490,4.5249,5.9381,9.4557,14.4638,23.5525,49.6131,5.9381,2.5818,3.966342,8.355062,1.392742,13,34,37,2,0.11832674,-0.10283755,-0.02887661,0E-8,0.000000,0.967944,0.000000,-0.08388702,2026-03-22,2026-08-04,34,46,45,136,0.250000,0.845504,0.863785,0.394422,,,,,,,,GLOBAL_BASELINE_NO_ENTITY_RANKING,,,NOT_APPLICABLE_GLOBAL_BASELINE,HF9g-P5,,,,X 全窗基线 · 不参与实体赏罚,3923401,393,A168_HF9F_20260827_0900,2026-08-27 09:00:00
2026-04-24,129559090,2093,0,14.1350155747,14.1350155747,14.1350155747,1.0000000,2,2,0.49324550000000000,0.493245500000,1.4334489766152358,1.4334489766152358,1.4334489766152358,0E-17,ELIGIBLE,R03b_20260811_FULL_v1,L1_ELIGIBILITY,v2026-08-11,2026-03-21..2026-08-06,baccarat_bet02_101_all_pairs_incl_sentinel,round_win = game_pnl > 0 (decisive only),COMPATIBILITY_ONLY_NOT_PRODUCTION,603.7266,584.3737,-62.0858,73,73,0.10283755,0.02887661,0.11276363,0.10283755,62.0858,603.7266,OK,0.0000,-2.4834,4.0000,96.0000,AG03-UNRESOLVED,ALL5_LEVELS_bet23_to_bet27,-2.4834,-2.4834,-2.4834,-3.1043,-3.1043,4.000000,4.000000,4.000000,5.000000,5.000000,96.000000,96.000000,96.000000,95.000000,95.000000,5.0,-13.6589,-12.5119,-48.4269,-49.5739,PENDING_AG03,FALSE,NOT_FOR_ENFORCEMENT,-59.6023,560.9988,-62.0858,-59.6023,-2.4834,-0.10283755,-0.09872405,-2.4834,-59.6023,-0.09872405,-2.4834,-2.4834,-2.4834,-3.1043,-3.1043,-59.6023,-0.09872405,-13.6589,-12.5119,-48.4269,-49.5739,-0.08021329,-0.08211314,-0.00411350,8.2702,8.0051,-0.8505,-1.8261,-1.3497,17.7567,2.1471,7.1437,8.4490,4.5249,5.9381,9.4557,14.4638,23.5525,49.6131,5.9381,2.5818,3.966342,8.355062,1.392742,13,34,37,2,0.11832674,-0.10283755,-0.02887661,0E-8,0.000000,0.967944,0.000000,-0.08388702,2026-03-22,2026-08-04,34,46,45,136,0.250000,0.845504,0.863785,0.394422,,,,,,,,GLOBAL_BASELINE_NO_ENTITY_RANKING,,,NOT_APPLICABLE_GLOBAL_BASELINE,HF9g-P5,,,,X 全窗基线 · 不参与实体赏罚,3923402,393,A168_HF9F_20260827_0900,2026-08-27 09:00:00
2026-04-27,129559090,1304,0,14.9202942177,14.9202942177,14.9202942177,1.0000000,2,2,0.49324550000000000,0.493245500000,1.4334489766152358,1.4334489766152358,1.4334489766152358,0E-17,ELIGIBLE,R03b_20260811_FULL_v1,L1_ELIGIBILITY,v2026-08-11,2026-03-21..2026-08-06,baccarat_bet02_101_all_pairs_incl_sentinel,round_win = game_pnl > 0 (decisive only),COMPATIBILITY_ONLY_NOT_PRODUCTION,603.7266,584.3737,-62.0858,73,73,0.10283755,0.02887661,0.11276363,0.10283755,62.0858,603.7266,OK,0.0000,-2.4834,4.0000,96.0000,AG03-UNRESOLVED,ALL5_LEVELS_bet23_to_bet27,-2.4834,-2.4834,-2.4834,-3.1043,-3.1043,4.000000,4.000000,4.000000,5.000000,5.000000,96.000000,96.000000,96.000000,95.000000,95.000000,5.0,-13.6589,-12.5119,-48.4269,-49.5739,PENDING_AG03,FALSE,NOT_FOR_ENFORCEMENT,-59.6023,560.9988,-62.0858,-59.6023,-2.4834,-0.10283755,-0.09872405,-2.4834,-59.6023,-0.09872405,-2.4834,-2.4834,-2.4834,-3.1043,-3.1043,-59.6023,-0.09872405,-13.6589,-12.5119,-48.4269,-49.5739,-0.08021329,-0.08211314,-0.00411350,8.2702,8.0051,-0.8505,-1.8261,-1.3497,17.7567,2.1471,7.1437,8.4490,4.5249,5.9381,9.4557,14.4638,23.5525,49.6131,5.9381,2.5818,3.966342,8.355062,1.392742,13,34,37,2,0.11832674,-0.10283755,-0.02887661,0E-8,0.000000,0.967944,0.000000,-0.08388702,2026-03-22,2026-08-04,34,46,45,136,0.250000,0.845504,0.863785,0.394422,,,,,,,,GLOBAL_BASELINE_NO_ENTITY_RANKING,,,NOT_APPLICABLE_GLOBAL_BASELINE,HF9g-P5,,,,X 全窗基线 · 不参与实体赏罚,3923403,393,A168_HF9F_20260827_0900,2026-08-27 09:00:00
2026-05-01,129559090,2093,0,15.5674329303,15.5674329303,15.5674329303,1.0000000,2,2,0.49324550000000000,0.493245500000,1.4334489766152358,1.4334489766152358,1.4334489766152358,0E-17,ELIGIBLE,R03b_20260811_FULL_v1,L1_ELIGIBILITY,v2026-08-11,2026-03-21..2026-08-06,baccarat_bet02_101_all_pairs_incl_sentinel,round_win = game_pnl > 0 (decisive only),COMPATIBILITY_ONLY_NOT_PRODUCTION,603.7266,584.3737,-62.0858,73,73,0.10283755,0.02887661,0.11276363,0.10283755,62.0858,603.7266,OK,0.0000,-2.4834,4.0000,96.0000,AG03-UNRESOLVED,ALL5_LEVELS_bet23_to_bet27,-2.4834,-2.4834,-2.4834,-3.1043,-3.1043,4.000000,4.000000,4.000000,5.000000,5.000000,96.000000,96.000000,96.000000,95.000000,95.000000,5.0,-13.6589,-12.5119,-48.4269,-49.5739,PENDING_AG03,FALSE,NOT_FOR_ENFORCEMENT,-59.6023,560.9988,-62.0858,-59.6023,-2.4834,-0.10283755,-0.09872405,-2.4834,-59.6023,-0.09872405,-2.4834,-2.4834,-2.4834,-3.1043,-3.1043,-59.6023,-0.09872405,-13.6589,-12.5119,-48.4269,-49.5739,-0.08021329,-0.08211314,-0.00411350,8.2702,8.0051,-0.8505,-1.8261,-1.3497,17.7567,2.1471,7.1437,8.4490,4.5249,5.9381,9.4557,14.4638,23.5525,49.6131,5.9381,2.5818,3.966342,8.355062,1.392742,13,34,37,2,0.11832674,-0.10283755,-0.02887661,0E-8,0.000000,0.967944,0.000000,-0.08388702,2026-03-22,2026-08-04,34,46,45,136,0.250000,0.845504,0.863785,0.394422,,,,,,,,GLOBAL_BASELINE_NO_ENTITY_RANKING,,,NOT_APPLICABLE_GLOBAL_BASELINE,HF9g-P5,,,,X 全窗基线 · 不参与实体赏罚,3923404,393,A168_HF9F_20260827_0900,2026-08-27 09:00:00
2026-05-06,129559090,1402,0,9.3404597582,-3.1134865860,-3.1134865860,0.5000000,2,2,0.49324550000000000,0.493245500000,0.01910635448239258,0.01910635448239258,0.01910635448239258,0E-17,ELIGIBLE,R03b_20260811_FULL_v1,L1_ELIGIBILITY,v2026-08-11,2026-03-21..2026-08-06,baccarat_bet02_101_all_pairs_incl_sentinel,round_win = game_pnl > 0 (decisive only),COMPATIBILITY_ONLY_NOT_PRODUCTION,603.7266,584.3737,-62.0858,73,73,0.10283755,0.02887661,0.11276363,0.10283755,62.0858,603.7266,OK,0.0000,-2.4834,4.0000,96.0000,AG03-UNRESOLVED,ALL5_LEVELS_bet23_to_bet27,-2.4834,-2.4834,-2.4834,-3.1043,-3.1043,4.000000,4.000000,4.000000,5.000000,5.000000,96.000000,96.000000,96.000000,95.000000,95.000000,5.0,-13.6589,-12.5119,-48.4269,-49.5739,PENDING_AG03,FALSE,NOT_FOR_ENFORCEMENT,-59.6023,560.9988,-62.0858,-59.6023,-2.4834,-0.10283755,-0.09872405,-2.4834,-59.6023,-0.09872405,-2.4834,-2.4834,-2.4834,-3.1043,-3.1043,-59.6023,-0.09872405,-13.6589,-12.5119,-48.4269,-49.5739,-0.08021329,-0.08211314,-0.00411350,8.2702,8.0051,-0.8505,-1.8261,-1.3497,17.7567,2.1471,7.1437,8.4490,4.5249,5.9381,9.4557,14.4638,23.5525,49.6131,5.9381,2.5818,3.966342,8.355062,1.392742,13,34,37,2,0.11832674,-0.10283755,-0.02887661,0E-8,0.000000,0.967944,0.000000,-0.08388702,2026-03-22,2026-08-04,34,46,45,136,0.250000,0.845504,0.863785,0.394422,,,,,,,,GLOBAL_BASELINE_NO_ENTITY_RANKING,,,NOT_APPLICABLE_GLOBAL_BASELINE,HF9g-P5,,,,X 全窗基线 · 不参与实体赏罚,3923405,393,A168_HF9F_20260827_0900,2026-08-27 09:00:00
2026-05-09,129559090,1710,0,5.7080587412,-2.8540293706,-2.8540293706,0E-7,2,2,0.49994810000000000,0.499948100000,-0.9998962053866608,-0.9998962053866608,-0.9998962053866608,0E-17,ELIGIBLE,R03b_20260811_FULL_v1,L1_ELIGIBILITY,v2026-08-11,2026-03-21..2026-08-06,baccarat_bet02_101_all_pairs_incl_sentinel,round_win = game_pnl > 0 (decisive only),COMPATIBILITY_ONLY_NOT_PRODUCTION,603.7266,584.3737,-62.0858,73,73,0.10283755,0.02887661,0.11276363,0.10283755,62.0858,603.7266,OK,0.0000,-2.4834,4.0000,96.0000,AG03-UNRESOLVED,ALL5_LEVELS_bet23_to_bet27,-2.4834,-2.4834,-2.4834,-3.1043,-3.1043,4.000000,4.000000,4.000000,5.000000,5.000000,96.000000,96.000000,96.000000,95.000000,95.000000,5.0,-13.6589,-12.5119,-48.4269,-49.5739,PENDING_AG03,FALSE,NOT_FOR_ENFORCEMENT,-59.6023,560.9988,-62.0858,-59.6023,-2.4834,-0.10283755,-0.09872405,-2.4834,-59.6023,-0.09872405,-2.4834,-2.4834,-2.4834,-3.1043,-3.1043,-59.6023,-0.09872405,-13.6589,-12.5119,-48.4269,-49.5739,-0.08021329,-0.08211314,-0.00411350,8.2702,8.0051,-0.8505,-1.8261,-1.3497,17.7567,2.1471,7.1437,8.4490,4.5249,5.9381,9.4557,14.4638,23.5525,49.6131,5.9381,2.5818,3.966342,8.355062,1.392742,13,34,37,2,0.11832674,-0.10283755,-0.02887661,0E-8,0.000000,0.967944,0.000000,-0.08388702,2026-03-22,2026-08-04,34,46,45,136,0.250000,0.845504,0.863785,0.394422,,,,,,,,GLOBAL_BASELINE_NO_ENTITY_RANKING,,,NOT_APPLICABLE_GLOBAL_BASELINE,HF9g-P5,,,,X 全窗基线 · 不参与实体赏罚,3923406,393,A168_HF9F_20260827_0900,2026-08-27 09:00:00
2026-05-09,129559090,2147,0,15.3079757148,14.5425769291,14.5425769291,1.0000000,2,2,0.50665070000000000,0.506650700000,1.3955260008387969,1.3955260008387969,1.3955260008387969,0E-17,ELIGIBLE,R03b_20260811_FULL_v1,L1_ELIGIBILITY,v2026-08-11,2026-03-21..2026-08-06,baccarat_bet02_101_all_pairs_incl_sentinel,round_win = game_pnl > 0 (decisive only),COMPATIBILITY_ONLY_NOT_PRODUCTION,603.7266,584.3737,-62.0858,73,73,0.10283755,0.02887661,0.11276363,0.10283755,62.0858,603.7266,OK,0.0000,-2.4834,4.0000,96.0000,AG03-UNRESOLVED,ALL5_LEVELS_bet23_to_bet27,-2.4834,-2.4834,-2.4834,-3.1043,-3.1043,4.000000,4.000000,4.000000,5.000000,5.000000,96.000000,96.000000,96.000000,95.000000,95.000000,5.0,-13.6589,-12.5119,-48.4269,-49.5739,PENDING_AG03,FALSE,NOT_FOR_ENFORCEMENT,-59.6023,560.9988,-62.0858,-59.6023,-2.4834,-0.10283755,-0.09872405,-2.4834,-59.6023,-0.09872405,-2.4834,-2.4834,-2.4834,-3.1043,-3.1043,-59.6023,-0.09872405,-13.6589,-12.5119,-48.4269,-49.5739,-0.08021329,-0.08211314,-0.00411350,8.2702,8.0051,-0.8505,-1.8261,-1.3497,17.7567,2.1471,7.1437,8.4490,4.5249,5.9381,9.4557,14.4638,23.5525,49.6131,5.9381,2.5818,3.966342,8.355062,1.392742,13,34,37,2,0.11832674,-0.10283755,-0.02887661,0E-8,0.000000,0.967944,0.000000,-0.08388702,2026-03-22,2026-08-04,34,46,45,136,0.250000,0.845504,0.863785,0.394422,,,,,,,,GLOBAL_BASELINE_NO_ENTITY_RANKING,,,NOT_APPLICABLE_GLOBAL_BASELINE,HF9g-P5,,,,X 全窗基线 · 不参与实体赏罚,3923407,393,A168_HF9F_20260827_0900,2026-08-27 09:00:00
2026-05-10,129559090,2196,0,25.9457215505,-8.7437081625,-8.7437081625,0.5000000,2,2,0.50665070000000000,0.506650700000,-0.018812684590367487,-0.018812684590367487,-0.018812684590367487,0E-17,ELIGIBLE,R03b_20260811_FULL_v1,L1_ELIGIBILITY,v2026-08-11,2026-03-21..2026-08-06,baccarat_bet02_101_all_pairs_incl_sentinel,round_win = game_pnl > 0 (decisive only),COMPATIBILITY_ONLY_NOT_PRODUCTION,603.7266,584.3737,-62.0858,73,73,0.10283755,0.02887661,0.11276363,0.10283755,62.0858,603.7266,OK,0.0000,-2.4834,4.0000,96.0000,AG03-UNRESOLVED,ALL5_LEVELS_bet23_to_bet27,-2.4834,-2.4834,-2.4834,-3.1043,-3.1043,4.000000,4.000000,4.000000,5.000000,5.000000,96.000000,96.000000,96.000000,95.000000,95.000000,5.0,-13.6589,-12.5119,-48.4269,-49.5739,PENDING_AG03,FALSE,NOT_FOR_ENFORCEMENT,-59.6023,560.9988,-62.0858,-59.6023,-2.4834,-0.10283755,-0.09872405,-2.4834,-59.6023,-0.09872405,-2.4834,-2.4834,-2.4834,-3.1043,-3.1043,-59.6023,-0.09872405,-13.6589,-12.5119,-48.4269,-49.5739,-0.08021329,-0.08211314,-0.00411350,8.2702,8.0051,-0.8505,-1.8261,-1.3497,17.7567,2.1471,7.1437,8.4490,4.5249,5.9381,9.4557,14.4638,23.5525,49.6131,5.9381,2.5818,3.966342,8.355062,1.392742,13,34,37,2,0.11832674,-0.10283755,-0.02887661,0E-8,0.000000,0.967944,0.000000,-0.08388702,2026-03-22,2026-08-04,34,46,45,136,0.250000,0.845504,0.863785,0.394422,,,,,,,,GLOBAL_BASELINE_NO_ENTITY_RANKING,,,NOT_APPLICABLE_GLOBAL_BASELINE,HF9g-P5,,,,X 全窗基线 · 不参与实体赏罚,3923408,393,A168_HF9F_20260827_0900,2026-08-27 09:00:00
2026-05-11,129559090,2171,0,17.1241762233,17.1241762233,17.1241762233,1.0000000,2,2,0.49324550000000000,0.493245500000,1.4334489766152358,1.4334489766152358,1.4334489766152358,0E-17,ELIGIBLE,R03b_20260811_FULL_v1,L1_ELIGIBILITY,v2026-08-11,2026-03-21..2026-08-06,baccarat_bet02_101_all_pairs_incl_sentinel,round_win = game_pnl > 0 (decisive only),COMPATIBILITY_ONLY_NOT_PRODUCTION,603.7266,584.3737,-62.0858,73,73,0.10283755,0.02887661,0.11276363,0.10283755,62.0858,603.7266,OK,0.0000,-2.4834,4.0000,96.0000,AG03-UNRESOLVED,ALL5_LEVELS_bet23_to_bet27,-2.4834,-2.4834,-2.4834,-3.1043,-3.1043,4.000000,4.000000,4.000000,5.000000,5.000000,96.000000,96.000000,96.000000,95.000000,95.000000,5.0,-13.6589,-12.5119,-48.4269,-49.5739,PENDING_AG03,FALSE,NOT_FOR_ENFORCEMENT,-59.6023,560.9988,-62.0858,-59.6023,-2.4834,-0.10283755,-0.09872405,-2.4834,-59.6023,-0.09872405,-2.4834,-2.4834,-2.4834,-3.1043,-3.1043,-59.6023,-0.09872405,-13.6589,-12.5119,-48.4269,-49.5739,-0.08021329,-0.08211314,-0.00411350,8.2702,8.0051,-0.8505,-1.8261,-1.3497,17.7567,2.1471,7.1437,8.4490,4.5249,5.9381,9.4557,14.4638,23.5525,49.6131,5.9381,2.5818,3.966342,8.355062,1.392742,13,34,37,2,0.11832674,-0.10283755,-0.02887661,0E-8,0.000000,0.967944,0.000000,-0.08388702,2026-03-22,2026-08-04,34,46,45,136,0.250000,0.845504,0.863785,0.394422,,,,,,,,GLOBAL_BASELINE_NO_ENTITY_RANKING,,,NOT_APPLICABLE_GLOBAL_BASELINE,HF9g-P5,,,,X 全窗基线 · 不参与实体赏罚,3923409,393,A168_HF9F_20260827_0900,2026-08-27 09:00:00
2026-05-17,129559090,1331,0,7.7837164652,-2.5945721550,-2.5945721550,0.5000000,2,2,0.49324550000000000,0.493245500000,0.01910635448239258,0.01910635448239258,0.01910635448239258,0E-17,ELIGIBLE,R03b_20260811_FULL_v1,L1_ELIGIBILITY,v2026-08-11,2026-03-21..2026-08-06,baccarat_bet02_101_all_pairs_incl_sentinel,round_win = game_pnl > 0 (decisive only),COMPATIBILITY_ONLY_NOT_PRODUCTION,603.7266,584.3737,-62.0858,73,73,0.10283755,0.02887661,0.11276363,0.10283755,62.0858,603.7266,OK,0.0000,-2.4834,4.0000,96.0000,AG03-UNRESOLVED,ALL5_LEVELS_bet23_to_bet27,-2.4834,-2.4834,-2.4834,-3.1043,-3.1043,4.000000,4.000000,4.000000,5.000000,5.000000,96.000000,96.000000,96.000000,95.000000,95.000000,5.0,-13.6589,-12.5119,-48.4269,-49.5739,PENDING_AG03,FALSE,NOT_FOR_ENFORCEMENT,-59.6023,560.9988,-62.0858,-59.6023,-2.4834,-0.10283755,-0.09872405,-2.4834,-59.6023,-0.09872405,-2.4834,-2.4834,-2.4834,-3.1043,-3.1043,-59.6023,-0.09872405,-13.6589,-12.5119,-48.4269,-49.5739,-0.08021329,-0.08211314,-0.00411350,8.2702,8.0051,-0.8505,-1.8261,-1.3497,17.7567,2.1471,7.1437,8.4490,4.5249,5.9381,9.4557,14.4638,23.5525,49.6131,5.9381,2.5818,3.966342,8.355062,1.392742,13,34,37,2,0.11832674,-0.10283755,-0.02887661,0E-8,0.000000,0.967944,0.000000,-0.08388702,2026-03-22,2026-08-04,34,46,45,136,0.250000,0.845504,0.863785,0.394422,,,,,,,,GLOBAL_BASELINE_NO_ENTITY_RANKING,,,NOT_APPLICABLE_GLOBAL_BASELINE,HF9g-P5,,,,X 全窗基线 · 不参与实体赏罚,3923410,393,A168_HF9F_20260827_0900,2026-08-27 09:00:00
2026-05-17,129559090,2246,0,14.0106896373,-4.6702298791,-4.6702298791,0.5000000,2,2,0.49324550000000000,0.493245500000,0.01910635448239258,0.01910635448239258,0.01910635448239258,0E-17,ELIGIBLE,R03b_20260811_FULL_v1,L1_ELIGIBILITY,v2026-08-11,2026-03-21..2026-08-06,baccarat_bet02_101_all_pairs_incl_sentinel,round_win = game_pnl > 0 (decisive only),COMPATIBILITY_ONLY_NOT_PRODUCTION,603.7266,584.3737,-62.0858,73,73,0.10283755,0.02887661,0.11276363,0.10283755,62.0858,603.7266,OK,0.0000,-2.4834,4.0000,96.0000,AG03-UNRESOLVED,ALL5_LEVELS_bet23_to_bet27,-2.4834,-2.4834,-2.4834,-3.1043,-3.1043,4.000000,4.000000,4.000000,5.000000,5.000000,96.000000,96.000000,96.000000,95.000000,95.000000,5.0,-13.6589,-12.5119,-48.4269,-49.5739,PENDING_AG03,FALSE,NOT_FOR_ENFORCEMENT,-59.6023,560.9988,-62.0858,-59.6023,-2.4834,-0.10283755,-0.09872405,-2.4834,-59.6023,-0.09872405,-2.4834,-2.4834,-2.4834,-3.1043,-3.1043,-59.6023,-0.09872405,-13.6589,-12.5119,-48.4269,-49.5739,-0.08021329,-0.08211314,-0.00411350,8.2702,8.0051,-0.8505,-1.8261,-1.3497,17.7567,2.1471,7.1437,8.4490,4.5249,5.9381,9.4557,14.4638,23.5525,49.6131,5.9381,2.5818,3.966342,8.355062,1.392742,13,34,37,2,0.11832674,-0.10283755,-0.02887661,0E-8,0.000000,0.967944,0.000000,-0.08388702,2026-03-22,2026-08-04,34,46,45,136,0.250000,0.845504,0.863785,0.394422,,,,,,,,GLOBAL_BASELINE_NO_ENTITY_RANKING,,,NOT_APPLICABLE_GLOBAL_BASELINE,HF9g-P5,,,,X 全窗基线 · 不参与实体赏罚,3923411,393,A168_HF9F_20260827_0900,2026-08-27 09:00:00
2026-05-19,129559090,2177,0,4.6702298791,-4.6702298791,-4.6702298791,0E-7,1,1,0.50665070000000000,0.506650700000,-1.013391052207602,-1.013391052207602,-1.013391052207602,0E-17,ELIGIBLE,R03b_20260811_FULL_v1,L1_ELIGIBILITY,v2026-08-11,2026-03-21..2026-08-06,baccarat_bet02_101_all_pairs_incl_sentinel,round_win = game_pnl > 0 (decisive only),COMPATIBILITY_ONLY_NOT_PRODUCTION,603.7266,584.3737,-62.0858,73,73,0.10283755,0.02887661,0.11276363,0.10283755,62.0858,603.7266,OK,0.0000,-2.4834,4.0000,96.0000,AG03-UNRESOLVED,ALL5_LEVELS_bet23_to_bet27,-2.4834,-2.4834,-2.4834,-3.1043,-3.1043,4.000000,4.000000,4.000000,5.000000,5.000000,96.000000,96.000000,96.000000,95.000000,95.000000,5.0,-13.6589,-12.5119,-48.4269,-49.5739,PENDING_AG03,FALSE,NOT_FOR_ENFORCEMENT,-59.6023,560.9988,-62.0858,-59.6023,-2.4834,-0.10283755,-0.09872405,-2.4834,-59.6023,-0.09872405,-2.4834,-2.4834,-2.4834,-3.1043,-3.1043,-59.6023,-0.09872405,-13.6589,-12.5119,-48.4269,-49.5739,-0.08021329,-0.08211314,-0.00411350,8.2702,8.0051,-0.8505,-1.8261,-1.3497,17.7567,2.1471,7.1437,8.4490,4.5249,5.9381,9.4557,14.4638,23.5525,49.6131,5.9381,2.5818,3.966342,8.355062,1.392742,13,34,37,2,0.11832674,-0.10283755,-0.02887661,0E-8,0.000000,0.967944,0.000000,-0.08388702,2026-03-22,2026-08-04,34,46,45,136,0.250000,0.845504,0.863785,0.394422,,,,,,,,GLOBAL_BASELINE_NO_ENTITY_RANKING,,,NOT_APPLICABLE_GLOBAL_BASELINE,HF9g-P5,,,,X 全窗基线 · 不参与实体赏罚,3923412,393,A168_HF9F_20260827_0900,2026-08-27 09:00:00
2026-05-31,129559090,1385,0,3.1134865861,-3.1134865861,-3.1134865861,0E-7,1,1,0.49324550000000000,0.493245500000,-0.9865810262130424,-0.9865810262130424,-0.9865810262130424,0E-17,ELIGIBLE,R03b_20260811_FULL_v1,L1_ELIGIBILITY,v2026-08-11,2026-03-21..2026-08-06,baccarat_bet02_101_all_pairs_incl_sentinel,round_win = game_pnl > 0 (decisive only),COMPATIBILITY_ONLY_NOT_PRODUCTION,603.7266,584.3737,-62.0858,73,73,0.10283755,0.02887661,0.11276363,0.10283755,62.0858,603.7266,OK,0.0000,-2.4834,4.0000,96.0000,AG03-UNRESOLVED,ALL5_LEVELS_bet23_to_bet27,-2.4834,-2.4834,-2.4834,-3.1043,-3.1043,4.000000,4.000000,4.000000,5.000000,5.000000,96.000000,96.000000,96.000000,95.000000,95.000000,5.0,-13.6589,-12.5119,-48.4269,-49.5739,PENDING_AG03,FALSE,NOT_FOR_ENFORCEMENT,-59.6023,560.9988,-62.0858,-59.6023,-2.4834,-0.10283755,-0.09872405,-2.4834,-59.6023,-0.09872405,-2.4834,-2.4834,-2.4834,-3.1043,-3.1043,-59.6023,-0.09872405,-13.6589,-12.5119,-48.4269,-49.5739,-0.08021329,-0.08211314,-0.00411350,8.2702,8.0051,-0.8505,-1.8261,-1.3497,17.7567,2.1471,7.1437,8.4490,4.5249,5.9381,9.4557,14.4638,23.5525,49.6131,5.9381,2.5818,3.966342,8.355062,1.392742,13,34,37,2,0.11832674,-0.10283755,-0.02887661,0E-8,0.000000,0.967944,0.000000,-0.08388702,2026-03-22,2026-08-04,34,46,45,136,0.250000,0.845504,0.863785,0.394422,,,,,,,,GLOBAL_BASELINE_NO_ENTITY_RANKING,,,NOT_APPLICABLE_GLOBAL_BASELINE,HF9g-P5,,,,X 全窗基线 · 不参与实体赏罚,3923413,393,A168_HF9F_20260827_0900,2026-08-27 09:00:00
2026-06-06,129559090,2153,0,3.3430195181,-3.3430195181,-3.3430195181,0E-7,1,1,0.49324550000000000,0.493245500000,-0.9865810262130424,-0.9865810262130424,-0.9865810262130424,0E-17,ELIGIBLE,R03b_20260811_FULL_v1,L1_ELIGIBILITY,v2026-08-11,2026-03-21..2026-08-06,baccarat_bet02_101_all_pairs_incl_sentinel,round_win = game_pnl > 0 (decisive only),COMPATIBILITY_ONLY_NOT_PRODUCTION,603.7266,584.3737,-62.0858,73,73,0.10283755,0.02887661,0.11276363,0.10283755,62.0858,603.7266,OK,0.0000,-2.4834,4.0000,96.0000,AG03-UNRESOLVED,ALL5_LEVELS_bet23_to_bet27,-2.4834,-2.4834,-2.4834,-3.1043,-3.1043,4.000000,4.000000,4.000000,5.000000,5.000000,96.000000,96.000000,96.000000,95.000000,95.000000,5.0,-13.6589,-12.5119,-48.4269,-49.5739,PENDING_AG03,FALSE,NOT_FOR_ENFORCEMENT,-59.6023,560.9988,-62.0858,-59.6023,-2.4834,-0.10283755,-0.09872405,-2.4834,-59.6023,-0.09872405,-2.4834,-2.4834,-2.4834,-3.1043,-3.1043,-59.6023,-0.09872405,-13.6589,-12.5119,-48.4269,-49.5739,-0.08021329,-0.08211314,-0.00411350,8.2702,8.0051,-0.8505,-1.8261,-1.3497,17.7567,2.1471,7.1437,8.4490,4.5249,5.9381,9.4557,14.4638,23.5525,49.6131,5.9381,2.5818,3.966342,8.355062,1.392742,13,34,37,2,0.11832674,-0.10283755,-0.02887661,0E-8,0.000000,0.967944,0.000000,-0.08388702,2026-03-22,2026-08-04,34,46,45,136,0.250000,0.845504,0.863785,0.394422,,,,,,,,GLOBAL_BASELINE_NO_ENTITY_RANKING,,,NOT_APPLICABLE_GLOBAL_BASELINE,HF9g-P5,,,,X 全窗基线 · 不参与实体赏罚,3923414,393,A168_HF9F_20260827_0900,2026-08-27 09:00:00
2026-06-06,129559090,2171,0,6.1717283411,-6.1717283411,-6.1717283411,0E-7,1,1,0.49324550000000000,0.493245500000,-0.9865810262130424,-0.9865810262130424,-0.9865810262130424,0E-17,ELIGIBLE,R03b_20260811_FULL_v1,L1_ELIGIBILITY,v2026-08-11,2026-03-21..2026-08-06,baccarat_bet02_101_all_pairs_incl_sentinel,round_win = game_pnl > 0 (decisive only),COMPATIBILITY_ONLY_NOT_PRODUCTION,603.7266,584.3737,-62.0858,73,73,0.10283755,0.02887661,0.11276363,0.10283755,62.0858,603.7266,OK,0.0000,-2.4834,4.0000,96.0000,AG03-UNRESOLVED,ALL5_LEVELS_bet23_to_bet27,-2.4834,-2.4834,-2.4834,-3.1043,-3.1043,4.000000,4.000000,4.000000,5.000000,5.000000,96.000000,96.000000,96.000000,95.000000,95.000000,5.0,-13.6589,-12.5119,-48.4269,-49.5739,PENDING_AG03,FALSE,NOT_FOR_ENFORCEMENT,-59.6023,560.9988,-62.0858,-59.6023,-2.4834,-0.10283755,-0.09872405,-2.4834,-59.6023,-0.09872405,-2.4834,-2.4834,-2.4834,-3.1043,-3.1043,-59.6023,-0.09872405,-13.6589,-12.5119,-48.4269,-49.5739,-0.08021329,-0.08211314,-0.00411350,8.2702,8.0051,-0.8505,-1.8261,-1.3497,17.7567,2.1471,7.1437,8.4490,4.5249,5.9381,9.4557,14.4638,23.5525,49.6131,5.9381,2.5818,3.966342,8.355062,1.392742,13,34,37,2,0.11832674,-0.10283755,-0.02887661,0E-8,0.000000,0.967944,0.000000,-0.08388702,2026-03-22,2026-08-04,34,46,45,136,0.250000,0.845504,0.863785,0.394422,,,,,,,,GLOBAL_BASELINE_NO_ENTITY_RANKING,,,NOT_APPLICABLE_GLOBAL_BASELINE,HF9g-P5,,,,X 全窗基线 · 不参与实体赏罚,3923415,393,A168_HF9F_20260827_0900,2026-08-27 09:00:00
2026-06-13,129559090,1507,0,56.0598657649,53.2568724767,53.2568724767,1.0000000,1,1,0.50665070000000000,0.506650700000,0.9867858985152569,0.9867858985152569,0.9867858985152569,0E-17,ELIGIBLE,R03b_20260811_FULL_v1,L1_ELIGIBILITY,v2026-08-11,2026-03-21..2026-08-06,baccarat_bet02_101_all_pairs_incl_sentinel,round_win = game_pnl > 0 (decisive only),COMPATIBILITY_ONLY_NOT_PRODUCTION,603.7266,584.3737,-62.0858,73,73,0.10283755,0.02887661,0.11276363,0.10283755,62.0858,603.7266,OK,0.0000,-2.4834,4.0000,96.0000,AG03-UNRESOLVED,ALL5_LEVELS_bet23_to_bet27,-2.4834,-2.4834,-2.4834,-3.1043,-3.1043,4.000000,4.000000,4.000000,5.000000,5.000000,96.000000,96.000000,96.000000,95.000000,95.000000,5.0,-13.6589,-12.5119,-48.4269,-49.5739,PENDING_AG03,FALSE,NOT_FOR_ENFORCEMENT,-59.6023,560.9988,-62.0858,-59.6023,-2.4834,-0.10283755,-0.09872405,-2.4834,-59.6023,-0.09872405,-2.4834,-2.4834,-2.4834,-3.1043,-3.1043,-59.6023,-0.09872405,-13.6589,-12.5119,-48.4269,-49.5739,-0.08021329,-0.08211314,-0.00411350,8.2702,8.0051,-0.8505,-1.8261,-1.3497,17.7567,2.1471,7.1437,8.4490,4.5249,5.9381,9.4557,14.4638,23.5525,49.6131,5.9381,2.5818,3.966342,8.355062,1.392742,13,34,37,2,0.11832674,-0.10283755,-0.02887661,0E-8,0.000000,0.967944,0.000000,-0.08388702,2026-03-22,2026-08-04,34,46,45,136,0.250000,0.845504,0.863785,0.394422,,,,,,,,GLOBAL_BASELINE_NO_ENTITY_RANKING,,,NOT_APPLICABLE_GLOBAL_BASELINE,HF9g-P5,,,,X 全窗基线 · 不参与实体赏罚,3923416,393,A168_HF9F_20260827_0900,2026-08-27 09:00:00
2026-06-13,129559090,2267,0,42.4306323450,41.7105973719,41.7105973719,1.0000000,2,2,0.49994810000000000,0.499948100000,1.4143603653603398,1.4143603653603398,1.4143603653603398,0E-17,ELIGIBLE,R03b_20260811_FULL_v1,L1_ELIGIBILITY,v2026-08-11,2026-03-21..2026-08-06,baccarat_bet02_101_all_pairs_incl_sentinel,round_win = game_pnl > 0 (decisive only),COMPATIBILITY_ONLY_NOT_PRODUCTION,603.7266,584.3737,-62.0858,73,73,0.10283755,0.02887661,0.11276363,0.10283755,62.0858,603.7266,OK,0.0000,-2.4834,4.0000,96.0000,AG03-UNRESOLVED,ALL5_LEVELS_bet23_to_bet27,-2.4834,-2.4834,-2.4834,-3.1043,-3.1043,4.000000,4.000000,4.000000,5.000000,5.000000,96.000000,96.000000,96.000000,95.000000,95.000000,5.0,-13.6589,-12.5119,-48.4269,-49.5739,PENDING_AG03,FALSE,NOT_FOR_ENFORCEMENT,-59.6023,560.9988,-62.0858,-59.6023,-2.4834,-0.10283755,-0.09872405,-2.4834,-59.6023,-0.09872405,-2.4834,-2.4834,-2.4834,-3.1043,-3.1043,-59.6023,-0.09872405,-13.6589,-12.5119,-48.4269,-49.5739,-0.08021329,-0.08211314,-0.00411350,8.2702,8.0051,-0.8505,-1.8261,-1.3497,17.7567,2.1471,7.1437,8.4490,4.5249,5.9381,9.4557,14.4638,23.5525,49.6131,5.9381,2.5818,3.966342,8.355062,1.392742,13,34,37,2,0.11832674,-0.10283755,-0.02887661,0E-8,0.000000,0.967944,0.000000,-0.08388702,2026-03-22,2026-08-04,34,46,45,136,0.250000,0.845504,0.863785,0.394422,,,,,,,,GLOBAL_BASELINE_NO_ENTITY_RANKING,,,NOT_APPLICABLE_GLOBAL_BASELINE,HF9g-P5,,,,X 全窗基线 · 不参与实体赏罚,3923417,393,A168_HF9F_20260827_0900,2026-08-27 09:00:00
2026-06-16,129559090,1017,0,6.6860390362,-6.6860390362,-6.6860390362,0E-7,1,1,0.49324550000000000,0.493245500000,-0.9865810262130424,-0.9865810262130424,-0.9865810262130424,0E-17,ELIGIBLE,R03b_20260811_FULL_v1,L1_ELIGIBILITY,v2026-08-11,2026-03-21..2026-08-06,baccarat_bet02_101_all_pairs_incl_sentinel,round_win = game_pnl > 0 (decisive only),COMPATIBILITY_ONLY_NOT_PRODUCTION,603.7266,584.3737,-62.0858,73,73,0.10283755,0.02887661,0.11276363,0.10283755,62.0858,603.7266,OK,0.0000,-2.4834,4.0000,96.0000,AG03-UNRESOLVED,ALL5_LEVELS_bet23_to_bet27,-2.4834,-2.4834,-2.4834,-3.1043,-3.1043,4.000000,4.000000,4.000000,5.000000,5.000000,96.000000,96.000000,96.000000,95.000000,95.000000,5.0,-13.6589,-12.5119,-48.4269,-49.5739,PENDING_AG03,FALSE,NOT_FOR_ENFORCEMENT,-59.6023,560.9988,-62.0858,-59.6023,-2.4834,-0.10283755,-0.09872405,-2.4834,-59.6023,-0.09872405,-2.4834,-2.4834,-2.4834,-3.1043,-3.1043,-59.6023,-0.09872405,-13.6589,-12.5119,-48.4269,-49.5739,-0.08021329,-0.08211314,-0.00411350,8.2702,8.0051,-0.8505,-1.8261,-1.3497,17.7567,2.1471,7.1437,8.4490,4.5249,5.9381,9.4557,14.4638,23.5525,49.6131,5.9381,2.5818,3.966342,8.355062,1.392742,13,34,37,2,0.11832674,-0.10283755,-0.02887661,0E-8,0.000000,0.967944,0.000000,-0.08388702,2026-03-22,2026-08-04,34,46,45,136,0.250000,0.845504,0.863785,0.394422,,,,,,,,GLOBAL_BASELINE_NO_ENTITY_RANKING,,,NOT_APPLICABLE_GLOBAL_BASELINE,HF9g-P5,,,,X 全窗基线 · 不参与实体赏罚,3923418,393,A168_HF9F_20260827_0900,2026-08-27 09:00:00
2026-06-20,129559090,1405,0,27.7727775349,21.6010491938,21.6010491938,1.0000000,4,4,0.49324550000000000,0.493245500000,1.755609282511032,1.7556092825110319,1.755609282511032,0E-17,ELIGIBLE,R03b_20260811_FULL_v1,L1_ELIGIBILITY,v2026-08-11,2026-03-21..2026-08-06,baccarat_bet02_101_all_pairs_incl_sentinel,round_win = game_pnl > 0 (decisive only),COMPATIBILITY_ONLY_NOT_PRODUCTION,603.7266,584.3737,-62.0858,73,73,0.10283755,0.02887661,0.11276363,0.10283755,62.0858,603.7266,OK,0.0000,-2.4834,4.0000,96.0000,AG03-UNRESOLVED,ALL5_LEVELS_bet23_to_bet27,-2.4834,-2.4834,-2.4834,-3.1043,-3.1043,4.000000,4.000000,4.000000,5.000000,5.000000,96.000000,96.000000,96.000000,95.000000,95.000000,5.0,-13.6589,-12.5119,-48.4269,-49.5739,PENDING_AG03,FALSE,NOT_FOR_ENFORCEMENT,-59.6023,560.9988,-62.0858,-59.6023,-2.4834,-0.10283755,-0.09872405,-2.4834,-59.6023,-0.09872405,-2.4834,-2.4834,-2.4834,-3.1043,-3.1043,-59.6023,-0.09872405,-13.6589,-12.5119,-48.4269,-49.5739,-0.08021329,-0.08211314,-0.00411350,8.2702,8.0051,-0.8505,-1.8261,-1.3497,17.7567,2.1471,7.1437,8.4490,4.5249,5.9381,9.4557,14.4638,23.5525,49.6131,5.9381,2.5818,3.966342,8.355062,1.392742,13,34,37,2,0.11832674,-0.10283755,-0.02887661,0E-8,0.000000,0.967944,0.000000,-0.08388702,2026-03-22,2026-08-04,34,46,45,136,0.250000,0.845504,0.863785,0.394422,,,,,,,,GLOBAL_BASELINE_NO_ENTITY_RANKING,,,NOT_APPLICABLE_GLOBAL_BASELINE,HF9g-P5,,,,X 全窗基线 · 不参与实体赏罚,3923419,393,A168_HF9F_20260827_0900,2026-08-27 09:00:00
2026-06-20,129559090,1714,0,3.0858641705,-3.0858641705,-3.0858641705,0E-7,1,1,0.49324550000000000,0.493245500000,-0.9865810262130424,-0.9865810262130424,-0.9865810262130424,0E-17,ELIGIBLE,R03b_20260811_FULL_v1,L1_ELIGIBILITY,v2026-08-11,2026-03-21..2026-08-06,baccarat_bet02_101_all_pairs_incl_sentinel,round_win = game_pnl > 0 (decisive only),COMPATIBILITY_ONLY_NOT_PRODUCTION,603.7266,584.3737,-62.0858,73,73,0.10283755,0.02887661,0.11276363,0.10283755,62.0858,603.7266,OK,0.0000,-2.4834,4.0000,96.0000,AG03-UNRESOLVED,ALL5_LEVELS_bet23_to_bet27,-2.4834,-2.4834,-2.4834,-3.1043,-3.1043,4.000000,4.000000,4.000000,5.000000,5.000000,96.000000,96.000000,96.000000,95.000000,95.000000,5.0,-13.6589,-12.5119,-48.4269,-49.5739,PENDING_AG03,FALSE,NOT_FOR_ENFORCEMENT,-59.6023,560.9988,-62.0858,-59.6023,-2.4834,-0.10283755,-0.09872405,-2.4834,-59.6023,-0.09872405,-2.4834,-2.4834,-2.4834,-3.1043,-3.1043,-59.6023,-0.09872405,-13.6589,-12.5119,-48.4269,-49.5739,-0.08021329,-0.08211314,-0.00411350,8.2702,8.0051,-0.8505,-1.8261,-1.3497,17.7567,2.1471,7.1437,8.4490,4.5249,5.9381,9.4557,14.4638,23.5525,49.6131,5.9381,2.5818,3.966342,8.355062,1.392742,13,34,37,2,0.11832674,-0.10283755,-0.02887661,0E-8,0.000000,0.967944,0.000000,-0.08388702,2026-03-22,2026-08-04,34,46,45,136,0.250000,0.845504,0.863785,0.394422,,,,,,,,GLOBAL_BASELINE_NO_ENTITY_RANKING,,,NOT_APPLICABLE_GLOBAL_BASELINE,HF9g-P5,,,,X 全窗基线 · 不参与实体赏罚,3923420,393,A168_HF9F_20260827_0900,2026-08-27 09:00:00
2026-06-20,129559090,919,0,24.6869133644,-24.6869133644,-24.6869133644,0E-7,1,1,0.50665070000000000,0.506650700000,-1.013391052207602,-1.013391052207602,-1.013391052207602,0E-17,ELIGIBLE,R03b_20260811_FULL_v1,L1_ELIGIBILITY,v2026-08-11,2026-03-21..2026-08-06,baccarat_bet02_101_all_pairs_incl_sentinel,round_win = game_pnl > 0 (decisive only),COMPATIBILITY_ONLY_NOT_PRODUCTION,603.7266,584.3737,-62.0858,73,73,0.10283755,0.02887661,0.11276363,0.10283755,62.0858,603.7266,OK,0.0000,-2.4834,4.0000,96.0000,AG03-UNRESOLVED,ALL5_LEVELS_bet23_to_bet27,-2.4834,-2.4834,-2.4834,-3.1043,-3.1043,4.000000,4.000000,4.000000,5.000000,5.000000,96.000000,96.000000,96.000000,95.000000,95.000000,5.0,-13.6589,-12.5119,-48.4269,-49.5739,PENDING_AG03,FALSE,NOT_FOR_ENFORCEMENT,-59.6023,560.9988,-62.0858,-59.6023,-2.4834,-0.10283755,-0.09872405,-2.4834,-59.6023,-0.09872405,-2.4834,-2.4834,-2.4834,-3.1043,-3.1043,-59.6023,-0.09872405,-13.6589,-12.5119,-48.4269,-49.5739,-0.08021329,-0.08211314,-0.00411350,8.2702,8.0051,-0.8505,-1.8261,-1.3497,17.7567,2.1471,7.1437,8.4490,4.5249,5.9381,9.4557,14.4638,23.5525,49.6131,5.9381,2.5818,3.966342,8.355062,1.392742,13,34,37,2,0.11832674,-0.10283755,-0.02887661,0E-8,0.000000,0.967944,0.000000,-0.08388702,2026-03-22,2026-08-04,34,46,45,136,0.250000,0.845504,0.863785,0.394422,,,,,,,,GLOBAL_BASELINE_NO_ENTITY_RANKING,,,NOT_APPLICABLE_GLOBAL_BASELINE,HF9g-P5,,,,X 全窗基线 · 不参与实体赏罚,3923421,393,A168_HF9F_20260827_0900,2026-08-27 09:00:00
2026-06-26,129559090,2288,0,2.8287088230,-2.8287088230,-2.8287088230,0E-7,1,1,0.49324550000000000,0.493245500000,-0.9865810262130424,-0.9865810262130424,-0.9865810262130424,0E-17,ELIGIBLE,R03b_20260811_FULL_v1,L1_ELIGIBILITY,v2026-08-11,2026-03-21..2026-08-06,baccarat_bet02_101_all_pairs_incl_sentinel,round_win = game_pnl > 0 (decisive only),COMPATIBILITY_ONLY_NOT_PRODUCTION,603.7266,584.3737,-62.0858,73,73,0.10283755,0.02887661,0.11276363,0.10283755,62.0858,603.7266,OK,0.0000,-2.4834,4.0000,96.0000,AG03-UNRESOLVED,ALL5_LEVELS_bet23_to_bet27,-2.4834,-2.4834,-2.4834,-3.1043,-3.1043,4.000000,4.000000,4.000000,5.000000,5.000000,96.000000,96.000000,96.000000,95.000000,95.000000,5.0,-13.6589,-12.5119,-48.4269,-49.5739,PENDING_AG03,FALSE,NOT_FOR_ENFORCEMENT,-59.6023,560.9988,-62.0858,-59.6023,-2.4834,-0.10283755,-0.09872405,-2.4834,-59.6023,-0.09872405,-2.4834,-2.4834,-2.4834,-3.1043,-3.1043,-59.6023,-0.09872405,-13.6589,-12.5119,-48.4269,-49.5739,-0.08021329,-0.08211314,-0.00411350,8.2702,8.0051,-0.8505,-1.8261,-1.3497,17.7567,2.1471,7.1437,8.4490,4.5249,5.9381,9.4557,14.4638,23.5525,49.6131,5.9381,2.5818,3.966342,8.355062,1.392742,13,34,37,2,0.11832674,-0.10283755,-0.02887661,0E-8,0.000000,0.967944,0.000000,-0.08388702,2026-03-22,2026-08-04,34,46,45,136,0.250000,0.845504,0.863785,0.394422,,,,,,,,GLOBAL_BASELINE_NO_ENTITY_RANKING,,,NOT_APPLICABLE_GLOBAL_BASELINE,HF9g-P5,,,,X 全窗基线 · 不参与实体赏罚,3923422,393,A168_HF9F_20260827_0900,2026-08-27 09:00:00
2026-06-28,129559090,2170,0,13.8863887674,-4.6287962558,-4.6287962558,0.5000000,2,2,0.49324550000000000,0.493245500000,0.01910635448239258,0.01910635448239258,0.01910635448239258,0E-17,ELIGIBLE,R03b_20260811_FULL_v1,L1_ELIGIBILITY,v2026-08-11,2026-03-21..2026-08-06,baccarat_bet02_101_all_pairs_incl_sentinel,round_win = game_pnl > 0 (decisive only),COMPATIBILITY_ONLY_NOT_PRODUCTION,603.7266,584.3737,-62.0858,73,73,0.10283755,0.02887661,0.11276363,0.10283755,62.0858,603.7266,OK,0.0000,-2.4834,4.0000,96.0000,AG03-UNRESOLVED,ALL5_LEVELS_bet23_to_bet27,-2.4834,-2.4834,-2.4834,-3.1043,-3.1043,4.000000,4.000000,4.000000,5.000000,5.000000,96.000000,96.000000,96.000000,95.000000,95.000000,5.0,-13.6589,-12.5119,-48.4269,-49.5739,PENDING_AG03,FALSE,NOT_FOR_ENFORCEMENT,-59.6023,560.9988,-62.0858,-59.6023,-2.4834,-0.10283755,-0.09872405,-2.4834,-59.6023,-0.09872405,-2.4834,-2.4834,-2.4834,-3.1043,-3.1043,-59.6023,-0.09872405,-13.6589,-12.5119,-48.4269,-49.5739,-0.08021329,-0.08211314,-0.00411350,8.2702,8.0051,-0.8505,-1.8261,-1.3497,17.7567,2.1471,7.1437,8.4490,4.5249,5.9381,9.4557,14.4638,23.5525,49.6131,5.9381,2.5818,3.966342,8.355062,1.392742,13,34,37,2,0.11832674,-0.10283755,-0.02887661,0E-8,0.000000,0.967944,0.000000,-0.08388702,2026-03-22,2026-08-04,34,46,45,136,0.250000,0.845504,0.863785,0.394422,,,,,,,,GLOBAL_BASELINE_NO_ENTITY_RANKING,,,NOT_APPLICABLE_GLOBAL_BASELINE,HF9g-P5,,,,X 全窗基线 · 不参与实体赏罚,3923423,393,A168_HF9F_20260827_0900,2026-08-27 09:00:00
2026-06-29,129559090,1318,0,4.8859516034,-4.8859516034,-4.8859516034,0E-7,1,1,0.50665070000000000,0.506650700000,-1.013391052207602,-1.013391052207602,-1.013391052207602,0E-17,ELIGIBLE,R03b_20260811_FULL_v1,L1_ELIGIBILITY,v2026-08-11,2026-03-21..2026-08-06,baccarat_bet02_101_all_pairs_incl_sentinel,round_win = game_pnl > 0 (decisive only),COMPATIBILITY_ONLY_NOT_PRODUCTION,603.7266,584.3737,-62.0858,73,73,0.10283755,0.02887661,0.11276363,0.10283755,62.0858,603.7266,OK,0.0000,-2.4834,4.0000,96.0000,AG03-UNRESOLVED,ALL5_LEVELS_bet23_to_bet27,-2.4834,-2.4834,-2.4834,-3.1043,-3.1043,4.000000,4.000000,4.000000,5.000000,5.000000,96.000000,96.000000,96.000000,95.000000,95.000000,5.0,-13.6589,-12.5119,-48.4269,-49.5739,PENDING_AG03,FALSE,NOT_FOR_ENFORCEMENT,-59.6023,560.9988,-62.0858,-59.6023,-2.4834,-0.10283755,-0.09872405,-2.4834,-59.6023,-0.09872405,-2.4834,-2.4834,-2.4834,-3.1043,-3.1043,-59.6023,-0.09872405,-13.6589,-12.5119,-48.4269,-49.5739,-0.08021329,-0.08211314,-0.00411350,8.2702,8.0051,-0.8505,-1.8261,-1.3497,17.7567,2.1471,7.1437,8.4490,4.5249,5.9381,9.4557,14.4638,23.5525,49.6131,5.9381,2.5818,3.966342,8.355062,1.392742,13,34,37,2,0.11832674,-0.10283755,-0.02887661,0E-8,0.000000,0.967944,0.000000,-0.08388702,2026-03-22,2026-08-04,34,46,45,136,0.250000,0.845504,0.863785,0.394422,,,,,,,,GLOBAL_BASELINE_NO_ENTITY_RANKING,,,NOT_APPLICABLE_GLOBAL_BASELINE,HF9g-P5,,,,X 全窗基线 · 不参与实体赏罚,3923424,393,A168_HF9F_20260827_0900,2026-08-27 09:00:00
2026-06-30,129559090,1396,0,27.0013114923,-4.0501967238,-4.0501967238,0.6666667,3,3,0.49771390000000000,0.497713900000,0.5852756695216578,0.5852756695216578,0.5852756695216578,0E-17,ELIGIBLE,R03b_20260811_FULL_v1,L1_ELIGIBILITY,v2026-08-11,2026-03-21..2026-08-06,baccarat_bet02_101_all_pairs_incl_sentinel,round_win = game_pnl > 0 (decisive only),COMPATIBILITY_ONLY_NOT_PRODUCTION,603.7266,584.3737,-62.0858,73,73,0.10283755,0.02887661,0.11276363,0.10283755,62.0858,603.7266,OK,0.0000,-2.4834,4.0000,96.0000,AG03-UNRESOLVED,ALL5_LEVELS_bet23_to_bet27,-2.4834,-2.4834,-2.4834,-3.1043,-3.1043,4.000000,4.000000,4.000000,5.000000,5.000000,96.000000,96.000000,96.000000,95.000000,95.000000,5.0,-13.6589,-12.5119,-48.4269,-49.5739,PENDING_AG03,FALSE,NOT_FOR_ENFORCEMENT,-59.6023,560.9988,-62.0858,-59.6023,-2.4834,-0.10283755,-0.09872405,-2.4834,-59.6023,-0.09872405,-2.4834,-2.4834,-2.4834,-3.1043,-3.1043,-59.6023,-0.09872405,-13.6589,-12.5119,-48.4269,-49.5739,-0.08021329,-0.08211314,-0.00411350,8.2702,8.0051,-0.8505,-1.8261,-1.3497,17.7567,2.1471,7.1437,8.4490,4.5249,5.9381,9.4557,14.4638,23.5525,49.6131,5.9381,2.5818,3.966342,8.355062,1.392742,13,34,37,2,0.11832674,-0.10283755,-0.02887661,0E-8,0.000000,0.967944,0.000000,-0.08388702,2026-03-22,2026-08-04,34,46,45,136,0.250000,0.845504,0.863785,0.394422,,,,,,,,GLOBAL_BASELINE_NO_ENTITY_RANKING,,,NOT_APPLICABLE_GLOBAL_BASELINE,HF9g-P5,,,,X 全窗基线 · 不参与实体赏罚,3923425,393,A168_HF9F_20260827_0900,2026-08-27 09:00:00
2026-07-02,129559090,1330,0,11.3598223736,-5.6799111868,-5.6799111868,0E-7,2,2,0.50665070000000000,0.506650700000,-1.013391052207602,-1.013391052207602,-1.013391052207602,0E-17,ELIGIBLE,R03b_20260811_FULL_v1,L1_ELIGIBILITY,v2026-08-11,2026-03-21..2026-08-06,baccarat_bet02_101_all_pairs_incl_sentinel,round_win = game_pnl > 0 (decisive only),COMPATIBILITY_ONLY_NOT_PRODUCTION,603.7266,584.3737,-62.0858,73,73,0.10283755,0.02887661,0.11276363,0.10283755,62.0858,603.7266,OK,0.0000,-2.4834,4.0000,96.0000,AG03-UNRESOLVED,ALL5_LEVELS_bet23_to_bet27,-2.4834,-2.4834,-2.4834,-3.1043,-3.1043,4.000000,4.000000,4.000000,5.000000,5.000000,96.000000,96.000000,96.000000,95.000000,95.000000,5.0,-13.6589,-12.5119,-48.4269,-49.5739,PENDING_AG03,FALSE,NOT_FOR_ENFORCEMENT,-59.6023,560.9988,-62.0858,-59.6023,-2.4834,-0.10283755,-0.09872405,-2.4834,-59.6023,-0.09872405,-2.4834,-2.4834,-2.4834,-3.1043,-3.1043,-59.6023,-0.09872405,-13.6589,-12.5119,-48.4269,-49.5739,-0.08021329,-0.08211314,-0.00411350,8.2702,8.0051,-0.8505,-1.8261,-1.3497,17.7567,2.1471,7.1437,8.4490,4.5249,5.9381,9.4557,14.4638,23.5525,49.6131,5.9381,2.5818,3.966342,8.355062,1.392742,13,34,37,2,0.11832674,-0.10283755,-0.02887661,0E-8,0.000000,0.967944,0.000000,-0.08388702,2026-03-22,2026-08-04,34,46,45,136,0.250000,0.845504,0.863785,0.394422,,,,,,,,GLOBAL_BASELINE_NO_ENTITY_RANKING,,,NOT_APPLICABLE_GLOBAL_BASELINE,HF9g-P5,,,,X 全窗基线 · 不参与实体赏罚,3923426,393,A168_HF9F_20260827_0900,2026-08-27 09:00:00
2026-07-03,129559090,2127,0,4.6472000620,0E-10,0E-10,,1,1,0.49324550000000000,0.493245500000,,,,0E-17,NO_DECISIVE_ROUND,R03b_20260811_FULL_v1,L1_ELIGIBILITY,v2026-08-11,2026-03-21..2026-08-06,baccarat_bet02_101_all_pairs_incl_sentinel,round_win = game_pnl > 0 (decisive only),COMPATIBILITY_ONLY_NOT_PRODUCTION,603.7266,584.3737,-62.0858,73,73,0.10283755,0.02887661,0.11276363,0.10283755,62.0858,603.7266,OK,0.0000,-2.4834,4.0000,96.0000,AG03-UNRESOLVED,ALL5_LEVELS_bet23_to_bet27,-2.4834,-2.4834,-2.4834,-3.1043,-3.1043,4.000000,4.000000,4.000000,5.000000,5.000000,96.000000,96.000000,96.000000,95.000000,95.000000,5.0,-13.6589,-12.5119,-48.4269,-49.5739,PENDING_AG03,FALSE,NOT_FOR_ENFORCEMENT,-59.6023,560.9988,-62.0858,-59.6023,-2.4834,-0.10283755,-0.09872405,-2.4834,-59.6023,-0.09872405,-2.4834,-2.4834,-2.4834,-3.1043,-3.1043,-59.6023,-0.09872405,-13.6589,-12.5119,-48.4269,-49.5739,-0.08021329,-0.08211314,-0.00411350,8.2702,8.0051,-0.8505,-1.8261,-1.3497,17.7567,2.1471,7.1437,8.4490,4.5249,5.9381,9.4557,14.4638,23.5525,49.6131,5.9381,2.5818,3.966342,8.355062,1.392742,13,34,37,2,0.11832674,-0.10283755,-0.02887661,0E-8,0.000000,0.967944,0.000000,-0.08388702,2026-03-22,2026-08-04,34,46,45,136,0.250000,0.845504,0.863785,0.394422,,,,,,,,GLOBAL_BASELINE_NO_ENTITY_RANKING,,,NOT_APPLICABLE_GLOBAL_BASELINE,HF9g-P5,,,,X 全窗基线 · 不参与实体赏罚,3923427,393,A168_HF9F_20260827_0900,2026-08-27 09:00:00
2026-07-03,129559090,2196,0,9.5525779051,-9.5525779051,-9.5525779051,0E-7,1,1,0.50665070000000000,0.506650700000,-1.013391052207602,-1.013391052207602,-1.013391052207602,0E-17,ELIGIBLE,R03b_20260811_FULL_v1,L1_ELIGIBILITY,v2026-08-11,2026-03-21..2026-08-06,baccarat_bet02_101_all_pairs_incl_sentinel,round_win = game_pnl > 0 (decisive only),COMPATIBILITY_ONLY_NOT_PRODUCTION,603.7266,584.3737,-62.0858,73,73,0.10283755,0.02887661,0.11276363,0.10283755,62.0858,603.7266,OK,0.0000,-2.4834,4.0000,96.0000,AG03-UNRESOLVED,ALL5_LEVELS_bet23_to_bet27,-2.4834,-2.4834,-2.4834,-3.1043,-3.1043,4.000000,4.000000,4.000000,5.000000,5.000000,96.000000,96.000000,96.000000,95.000000,95.000000,5.0,-13.6589,-12.5119,-48.4269,-49.5739,PENDING_AG03,FALSE,NOT_FOR_ENFORCEMENT,-59.6023,560.9988,-62.0858,-59.6023,-2.4834,-0.10283755,-0.09872405,-2.4834,-59.6023,-0.09872405,-2.4834,-2.4834,-2.4834,-3.1043,-3.1043,-59.6023,-0.09872405,-13.6589,-12.5119,-48.4269,-49.5739,-0.08021329,-0.08211314,-0.00411350,8.2702,8.0051,-0.8505,-1.8261,-1.3497,17.7567,2.1471,7.1437,8.4490,4.5249,5.9381,9.4557,14.4638,23.5525,49.6131,5.9381,2.5818,3.966342,8.355062,1.392742,13,34,37,2,0.11832674,-0.10283755,-0.02887661,0E-8,0.000000,0.967944,0.000000,-0.08388702,2026-03-22,2026-08-04,34,46,45,136,0.250000,0.845504,0.863785,0.394422,,,,,,,,GLOBAL_BASELINE_NO_ENTITY_RANKING,,,NOT_APPLICABLE_GLOBAL_BASELINE,HF9g-P5,,,,X 全窗基线 · 不参与实体赏罚,3923428,393,A168_HF9F_20260827_0900,2026-08-27 09:00:00
2026-07-04,129559090,2093,0,5.9380889681,-5.9380889681,-5.9380889681,0E-7,1,1,0.50665070000000000,0.506650700000,-1.013391052207602,-1.013391052207602,-1.013391052207602,0E-17,ELIGIBLE,R03b_20260811_FULL_v1,L1_ELIGIBILITY,v2026-08-11,2026-03-21..2026-08-06,baccarat_bet02_101_all_pairs_incl_sentinel,round_win = game_pnl > 0 (decisive only),COMPATIBILITY_ONLY_NOT_PRODUCTION,603.7266,584.3737,-62.0858,73,73,0.10283755,0.02887661,0.11276363,0.10283755,62.0858,603.7266,OK,0.0000,-2.4834,4.0000,96.0000,AG03-UNRESOLVED,ALL5_LEVELS_bet23_to_bet27,-2.4834,-2.4834,-2.4834,-3.1043,-3.1043,4.000000,4.000000,4.000000,5.000000,5.000000,96.000000,96.000000,96.000000,95.000000,95.000000,5.0,-13.6589,-12.5119,-48.4269,-49.5739,PENDING_AG03,FALSE,NOT_FOR_ENFORCEMENT,-59.6023,560.9988,-62.0858,-59.6023,-2.4834,-0.10283755,-0.09872405,-2.4834,-59.6023,-0.09872405,-2.4834,-2.4834,-2.4834,-3.1043,-3.1043,-59.6023,-0.09872405,-13.6589,-12.5119,-48.4269,-49.5739,-0.08021329,-0.08211314,-0.00411350,8.2702,8.0051,-0.8505,-1.8261,-1.3497,17.7567,2.1471,7.1437,8.4490,4.5249,5.9381,9.4557,14.4638,23.5525,49.6131,5.9381,2.5818,3.966342,8.355062,1.392742,13,34,37,2,0.11832674,-0.10283755,-0.02887661,0E-8,0.000000,0.967944,0.000000,-0.08388702,2026-03-22,2026-08-04,34,46,45,136,0.250000,0.845504,0.863785,0.394422,,,,,,,,GLOBAL_BASELINE_NO_ENTITY_RANKING,,,NOT_APPLICABLE_GLOBAL_BASELINE,HF9g-P5,,,,X 全窗基线 · 不参与实体赏罚,3923429,393,A168_HF9F_20260827_0900,2026-08-27 09:00:00
2026-07-04,129559090,789,0,7.7453334366,-2.5817778122,-2.5817778122,0.5000000,2,2,0.49324550000000000,0.493245500000,0.01910635448239258,0.01910635448239258,0.01910635448239258,0E-17,ELIGIBLE,R03b_20260811_FULL_v1,L1_ELIGIBILITY,v2026-08-11,2026-03-21..2026-08-06,baccarat_bet02_101_all_pairs_incl_sentinel,round_win = game_pnl > 0 (decisive only),COMPATIBILITY_ONLY_NOT_PRODUCTION,603.7266,584.3737,-62.0858,73,73,0.10283755,0.02887661,0.11276363,0.10283755,62.0858,603.7266,OK,0.0000,-2.4834,4.0000,96.0000,AG03-UNRESOLVED,ALL5_LEVELS_bet23_to_bet27,-2.4834,-2.4834,-2.4834,-3.1043,-3.1043,4.000000,4.000000,4.000000,5.000000,5.000000,96.000000,96.000000,96.000000,95.000000,95.000000,5.0,-13.6589,-12.5119,-48.4269,-49.5739,PENDING_AG03,FALSE,NOT_FOR_ENFORCEMENT,-59.6023,560.9988,-62.0858,-59.6023,-2.4834,-0.10283755,-0.09872405,-2.4834,-59.6023,-0.09872405,-2.4834,-2.4834,-2.4834,-3.1043,-3.1043,-59.6023,-0.09872405,-13.6589,-12.5119,-48.4269,-49.5739,-0.08021329,-0.08211314,-0.00411350,8.2702,8.0051,-0.8505,-1.8261,-1.3497,17.7567,2.1471,7.1437,8.4490,4.5249,5.9381,9.4557,14.4638,23.5525,49.6131,5.9381,2.5818,3.966342,8.355062,1.392742,13,34,37,2,0.11832674,-0.10283755,-0.02887661,0E-8,0.000000,0.967944,0.000000,-0.08388702,2026-03-22,2026-08-04,34,46,45,136,0.250000,0.845504,0.863785,0.394422,,,,,,,,GLOBAL_BASELINE_NO_ENTITY_RANKING,,,NOT_APPLICABLE_GLOBAL_BASELINE,HF9g-P5,,,,X 全窗基线 · 不参与实体赏罚,3923430,393,A168_HF9F_20260827_0900,2026-08-27 09:00:00
2026-07-05,129559090,2101,0,2.8399555934,-2.8399555934,-2.8399555934,0E-7,1,1,0.49324550000000000,0.493245500000,-0.9865810262130424,-0.9865810262130424,-0.9865810262130424,0E-17,ELIGIBLE,R03b_20260811_FULL_v1,L1_ELIGIBILITY,v2026-08-11,2026-03-21..2026-08-06,baccarat_bet02_101_all_pairs_incl_sentinel,round_win = game_pnl > 0 (decisive only),COMPATIBILITY_ONLY_NOT_PRODUCTION,603.7266,584.3737,-62.0858,73,73,0.10283755,0.02887661,0.11276363,0.10283755,62.0858,603.7266,OK,0.0000,-2.4834,4.0000,96.0000,AG03-UNRESOLVED,ALL5_LEVELS_bet23_to_bet27,-2.4834,-2.4834,-2.4834,-3.1043,-3.1043,4.000000,4.000000,4.000000,5.000000,5.000000,96.000000,96.000000,96.000000,95.000000,95.000000,5.0,-13.6589,-12.5119,-48.4269,-49.5739,PENDING_AG03,FALSE,NOT_FOR_ENFORCEMENT,-59.6023,560.9988,-62.0858,-59.6023,-2.4834,-0.10283755,-0.09872405,-2.4834,-59.6023,-0.09872405,-2.4834,-2.4834,-2.4834,-3.1043,-3.1043,-59.6023,-0.09872405,-13.6589,-12.5119,-48.4269,-49.5739,-0.08021329,-0.08211314,-0.00411350,8.2702,8.0051,-0.8505,-1.8261,-1.3497,17.7567,2.1471,7.1437,8.4490,4.5249,5.9381,9.4557,14.4638,23.5525,49.6131,5.9381,2.5818,3.966342,8.355062,1.392742,13,34,37,2,0.11832674,-0.10283755,-0.02887661,0E-8,0.000000,0.967944,0.000000,-0.08388702,2026-03-22,2026-08-04,34,46,45,136,0.250000,0.845504,0.863785,0.394422,,,,,,,,GLOBAL_BASELINE_NO_ENTITY_RANKING,,,NOT_APPLICABLE_GLOBAL_BASELINE,HF9g-P5,,,,X 全窗基线 · 不参与实体赏罚,3923431,393,A168_HF9F_20260827_0900,2026-08-27 09:00:00
2026-07-05,129559090,2134,0,10.0689334676,10.0689334676,10.0689334676,1.0000000,2,2,0.49324550000000000,0.493245500000,1.4334489766152358,1.4334489766152358,1.4334489766152358,0E-17,ELIGIBLE,R03b_20260811_FULL_v1,L1_ELIGIBILITY,v2026-08-11,2026-03-21..2026-08-06,baccarat_bet02_101_all_pairs_incl_sentinel,round_win = game_pnl > 0 (decisive only),COMPATIBILITY_ONLY_NOT_PRODUCTION,603.7266,584.3737,-62.0858,73,73,0.10283755,0.02887661,0.11276363,0.10283755,62.0858,603.7266,OK,0.0000,-2.4834,4.0000,96.0000,AG03-UNRESOLVED,ALL5_LEVELS_bet23_to_bet27,-2.4834,-2.4834,-2.4834,-3.1043,-3.1043,4.000000,4.000000,4.000000,5.000000,5.000000,96.000000,96.000000,96.000000,95.000000,95.000000,5.0,-13.6589,-12.5119,-48.4269,-49.5739,PENDING_AG03,FALSE,NOT_FOR_ENFORCEMENT,-59.6023,560.9988,-62.0858,-59.6023,-2.4834,-0.10283755,-0.09872405,-2.4834,-59.6023,-0.09872405,-2.4834,-2.4834,-2.4834,-3.1043,-3.1043,-59.6023,-0.09872405,-13.6589,-12.5119,-48.4269,-49.5739,-0.08021329,-0.08211314,-0.00411350,8.2702,8.0051,-0.8505,-1.8261,-1.3497,17.7567,2.1471,7.1437,8.4490,4.5249,5.9381,9.4557,14.4638,23.5525,49.6131,5.9381,2.5818,3.966342,8.355062,1.392742,13,34,37,2,0.11832674,-0.10283755,-0.02887661,0E-8,0.000000,0.967944,0.000000,-0.08388702,2026-03-22,2026-08-04,34,46,45,136,0.250000,0.845504,0.863785,0.394422,,,,,,,,GLOBAL_BASELINE_NO_ENTITY_RANKING,,,NOT_APPLICABLE_GLOBAL_BASELINE,HF9g-P5,,,,X 全窗基线 · 不参与实体赏罚,3923432,393,A168_HF9F_20260827_0900,2026-08-27 09:00:00
2026-07-05,129559090,462,0,40.2757338703,-13.4252446235,-13.4252446235,0.5000000,2,2,0.49324550000000000,0.493245500000,0.01910635448239258,0.01910635448239258,0.01910635448239258,0E-17,ELIGIBLE,R03b_20260811_FULL_v1,L1_ELIGIBILITY,v2026-08-11,2026-03-21..2026-08-06,baccarat_bet02_101_all_pairs_incl_sentinel,round_win = game_pnl > 0 (decisive only),COMPATIBILITY_ONLY_NOT_PRODUCTION,603.7266,584.3737,-62.0858,73,73,0.10283755,0.02887661,0.11276363,0.10283755,62.0858,603.7266,OK,0.0000,-2.4834,4.0000,96.0000,AG03-UNRESOLVED,ALL5_LEVELS_bet23_to_bet27,-2.4834,-2.4834,-2.4834,-3.1043,-3.1043,4.000000,4.000000,4.000000,5.000000,5.000000,96.000000,96.000000,96.000000,95.000000,95.000000,5.0,-13.6589,-12.5119,-48.4269,-49.5739,PENDING_AG03,FALSE,NOT_FOR_ENFORCEMENT,-59.6023,560.9988,-62.0858,-59.6023,-2.4834,-0.10283755,-0.09872405,-2.4834,-59.6023,-0.09872405,-2.4834,-2.4834,-2.4834,-3.1043,-3.1043,-59.6023,-0.09872405,-13.6589,-12.5119,-48.4269,-49.5739,-0.08021329,-0.08211314,-0.00411350,8.2702,8.0051,-0.8505,-1.8261,-1.3497,17.7567,2.1471,7.1437,8.4490,4.5249,5.9381,9.4557,14.4638,23.5525,49.6131,5.9381,2.5818,3.966342,8.355062,1.392742,13,34,37,2,0.11832674,-0.10283755,-0.02887661,0E-8,0.000000,0.967944,0.000000,-0.08388702,2026-03-22,2026-08-04,34,46,45,136,0.250000,0.845504,0.863785,0.394422,,,,,,,,GLOBAL_BASELINE_NO_ENTITY_RANKING,,,NOT_APPLICABLE_GLOBAL_BASELINE,HF9g-P5,,,,X 全窗基线 · 不参与实体赏罚,3923433,393,A168_HF9F_20260827_0900,2026-08-27 09:00:00
2026-07-16,129559090,2233,0,7.4871556554,7.1127978726,7.1127978726,1.0000000,1,1,0.50665070000000000,0.506650700000,0.9867858985152569,0.9867858985152569,0.9867858985152569,0E-17,ELIGIBLE,R03b_20260811_FULL_v1,L1_ELIGIBILITY,v2026-08-11,2026-03-21..2026-08-06,baccarat_bet02_101_all_pairs_incl_sentinel,round_win = game_pnl > 0 (decisive only),COMPATIBILITY_ONLY_NOT_PRODUCTION,603.7266,584.3737,-62.0858,73,73,0.10283755,0.02887661,0.11276363,0.10283755,62.0858,603.7266,OK,0.0000,-2.4834,4.0000,96.0000,AG03-UNRESOLVED,ALL5_LEVELS_bet23_to_bet27,-2.4834,-2.4834,-2.4834,-3.1043,-3.1043,4.000000,4.000000,4.000000,5.000000,5.000000,96.000000,96.000000,96.000000,95.000000,95.000000,5.0,-13.6589,-12.5119,-48.4269,-49.5739,PENDING_AG03,FALSE,NOT_FOR_ENFORCEMENT,-59.6023,560.9988,-62.0858,-59.6023,-2.4834,-0.10283755,-0.09872405,-2.4834,-59.6023,-0.09872405,-2.4834,-2.4834,-2.4834,-3.1043,-3.1043,-59.6023,-0.09872405,-13.6589,-12.5119,-48.4269,-49.5739,-0.08021329,-0.08211314,-0.00411350,8.2702,8.0051,-0.8505,-1.8261,-1.3497,17.7567,2.1471,7.1437,8.4490,4.5249,5.9381,9.4557,14.4638,23.5525,49.6131,5.9381,2.5818,3.966342,8.355062,1.392742,13,34,37,2,0.11832674,-0.10283755,-0.02887661,0E-8,0.000000,0.967944,0.000000,-0.08388702,2026-03-22,2026-08-04,34,46,45,136,0.250000,0.845504,0.863785,0.394422,,,,,,,,GLOBAL_BASELINE_NO_ENTITY_RANKING,,,NOT_APPLICABLE_GLOBAL_BASELINE,HF9g-P5,,,,X 全窗基线 · 不参与实体赏罚,3923434,393,A168_HF9F_20260827_0900,2026-08-27 09:00:00
2026-07-16,129559090,919,0,14.7161335295,-14.7161335295,-14.7161335295,0E-7,1,1,0.49324550000000000,0.493245500000,-0.9865810262130424,-0.9865810262130424,-0.9865810262130424,0E-17,ELIGIBLE,R03b_20260811_FULL_v1,L1_ELIGIBILITY,v2026-08-11,2026-03-21..2026-08-06,baccarat_bet02_101_all_pairs_incl_sentinel,round_win = game_pnl > 0 (decisive only),COMPATIBILITY_ONLY_NOT_PRODUCTION,603.7266,584.3737,-62.0858,73,73,0.10283755,0.02887661,0.11276363,0.10283755,62.0858,603.7266,OK,0.0000,-2.4834,4.0000,96.0000,AG03-UNRESOLVED,ALL5_LEVELS_bet23_to_bet27,-2.4834,-2.4834,-2.4834,-3.1043,-3.1043,4.000000,4.000000,4.000000,5.000000,5.000000,96.000000,96.000000,96.000000,95.000000,95.000000,5.0,-13.6589,-12.5119,-48.4269,-49.5739,PENDING_AG03,FALSE,NOT_FOR_ENFORCEMENT,-59.6023,560.9988,-62.0858,-59.6023,-2.4834,-0.10283755,-0.09872405,-2.4834,-59.6023,-0.09872405,-2.4834,-2.4834,-2.4834,-3.1043,-3.1043,-59.6023,-0.09872405,-13.6589,-12.5119,-48.4269,-49.5739,-0.08021329,-0.08211314,-0.00411350,8.2702,8.0051,-0.8505,-1.8261,-1.3497,17.7567,2.1471,7.1437,8.4490,4.5249,5.9381,9.4557,14.4638,23.5525,49.6131,5.9381,2.5818,3.966342,8.355062,1.392742,13,34,37,2,0.11832674,-0.10283755,-0.02887661,0E-8,0.000000,0.967944,0.000000,-0.08388702,2026-03-22,2026-08-04,34,46,45,136,0.250000,0.845504,0.863785,0.394422,,,,,,,,GLOBAL_BASELINE_NO_ENTITY_RANKING,,,NOT_APPLICABLE_GLOBAL_BASELINE,HF9g-P5,,,,X 全窗基线 · 不参与实体赏罚,3923435,393,A168_HF9F_20260827_0900,2026-08-27 09:00:00
2026-07-22,129559090,2196,0,3.3563111559,-3.3563111559,-3.3563111559,0E-7,1,1,0.49324550000000000,0.493245500000,-0.9865810262130424,-0.9865810262130424,-0.9865810262130424,0E-17,ELIGIBLE,R03b_20260811_FULL_v1,L1_ELIGIBILITY,v2026-08-11,2026-03-21..2026-08-06,baccarat_bet02_101_all_pairs_incl_sentinel,round_win = game_pnl > 0 (decisive only),COMPATIBILITY_ONLY_NOT_PRODUCTION,603.7266,584.3737,-62.0858,73,73,0.10283755,0.02887661,0.11276363,0.10283755,62.0858,603.7266,OK,0.0000,-2.4834,4.0000,96.0000,AG03-UNRESOLVED,ALL5_LEVELS_bet23_to_bet27,-2.4834,-2.4834,-2.4834,-3.1043,-3.1043,4.000000,4.000000,4.000000,5.000000,5.000000,96.000000,96.000000,96.000000,95.000000,95.000000,5.0,-13.6589,-12.5119,-48.4269,-49.5739,PENDING_AG03,FALSE,NOT_FOR_ENFORCEMENT,-59.6023,560.9988,-62.0858,-59.6023,-2.4834,-0.10283755,-0.09872405,-2.4834,-59.6023,-0.09872405,-2.4834,-2.4834,-2.4834,-3.1043,-3.1043,-59.6023,-0.09872405,-13.6589,-12.5119,-48.4269,-49.5739,-0.08021329,-0.08211314,-0.00411350,8.2702,8.0051,-0.8505,-1.8261,-1.3497,17.7567,2.1471,7.1437,8.4490,4.5249,5.9381,9.4557,14.4638,23.5525,49.6131,5.9381,2.5818,3.966342,8.355062,1.392742,13,34,37,2,0.11832674,-0.10283755,-0.02887661,0E-8,0.000000,0.967944,0.000000,-0.08388702,2026-03-22,2026-08-04,34,46,45,136,0.250000,0.845504,0.863785,0.394422,,,,,,,,GLOBAL_BASELINE_NO_ENTITY_RANKING,,,NOT_APPLICABLE_GLOBAL_BASELINE,HF9g-P5,,,,X 全窗基线 · 不参与实体赏罚,3923436,393,A168_HF9F_20260827_0900,2026-08-27 09:00:00
2026-07-23,129559090,2252,0,3.8726667183,-3.8726667183,-3.8726667183,0E-7,1,1,0.49324550000000000,0.493245500000,-0.9865810262130424,-0.9865810262130424,-0.9865810262130424,0E-17,ELIGIBLE,R03b_20260811_FULL_v1,L1_ELIGIBILITY,v2026-08-11,2026-03-21..2026-08-06,baccarat_bet02_101_all_pairs_incl_sentinel,round_win = game_pnl > 0 (decisive only),COMPATIBILITY_ONLY_NOT_PRODUCTION,603.7266,584.3737,-62.0858,73,73,0.10283755,0.02887661,0.11276363,0.10283755,62.0858,603.7266,OK,0.0000,-2.4834,4.0000,96.0000,AG03-UNRESOLVED,ALL5_LEVELS_bet23_to_bet27,-2.4834,-2.4834,-2.4834,-3.1043,-3.1043,4.000000,4.000000,4.000000,5.000000,5.000000,96.000000,96.000000,96.000000,95.000000,95.000000,5.0,-13.6589,-12.5119,-48.4269,-49.5739,PENDING_AG03,FALSE,NOT_FOR_ENFORCEMENT,-59.6023,560.9988,-62.0858,-59.6023,-2.4834,-0.10283755,-0.09872405,-2.4834,-59.6023,-0.09872405,-2.4834,-2.4834,-2.4834,-3.1043,-3.1043,-59.6023,-0.09872405,-13.6589,-12.5119,-48.4269,-49.5739,-0.08021329,-0.08211314,-0.00411350,8.2702,8.0051,-0.8505,-1.8261,-1.3497,17.7567,2.1471,7.1437,8.4490,4.5249,5.9381,9.4557,14.4638,23.5525,49.6131,5.9381,2.5818,3.966342,8.355062,1.392742,13,34,37,2,0.11832674,-0.10283755,-0.02887661,0E-8,0.000000,0.967944,0.000000,-0.08388702,2026-03-22,2026-08-04,34,46,45,136,0.250000,0.845504,0.863785,0.394422,,,,,,,,GLOBAL_BASELINE_NO_ENTITY_RANKING,,,NOT_APPLICABLE_GLOBAL_BASELINE,HF9g-P5,,,,X 全窗基线 · 不参与实体赏罚,3923437,393,A168_HF9F_20260827_0900,2026-08-27 09:00:00
2026-07-24,129559090,2169,0,9.0362223427,8.5844112256,8.5844112256,1.0000000,1,1,0.50665070000000000,0.506650700000,0.9867858985152569,0.9867858985152569,0.9867858985152569,0E-17,ELIGIBLE,R03b_20260811_FULL_v1,L1_ELIGIBILITY,v2026-08-11,2026-03-21..2026-08-06,baccarat_bet02_101_all_pairs_incl_sentinel,round_win = game_pnl > 0 (decisive only),COMPATIBILITY_ONLY_NOT_PRODUCTION,603.7266,584.3737,-62.0858,73,73,0.10283755,0.02887661,0.11276363,0.10283755,62.0858,603.7266,OK,0.0000,-2.4834,4.0000,96.0000,AG03-UNRESOLVED,ALL5_LEVELS_bet23_to_bet27,-2.4834,-2.4834,-2.4834,-3.1043,-3.1043,4.000000,4.000000,4.000000,5.000000,5.000000,96.000000,96.000000,96.000000,95.000000,95.000000,5.0,-13.6589,-12.5119,-48.4269,-49.5739,PENDING_AG03,FALSE,NOT_FOR_ENFORCEMENT,-59.6023,560.9988,-62.0858,-59.6023,-2.4834,-0.10283755,-0.09872405,-2.4834,-59.6023,-0.09872405,-2.4834,-2.4834,-2.4834,-3.1043,-3.1043,-59.6023,-0.09872405,-13.6589,-12.5119,-48.4269,-49.5739,-0.08021329,-0.08211314,-0.00411350,8.2702,8.0051,-0.8505,-1.8261,-1.3497,17.7567,2.1471,7.1437,8.4490,4.5249,5.9381,9.4557,14.4638,23.5525,49.6131,5.9381,2.5818,3.966342,8.355062,1.392742,13,34,37,2,0.11832674,-0.10283755,-0.02887661,0E-8,0.000000,0.967944,0.000000,-0.08388702,2026-03-22,2026-08-04,34,46,45,136,0.250000,0.845504,0.863785,0.394422,,,,,,,,GLOBAL_BASELINE_NO_ENTITY_RANKING,,,NOT_APPLICABLE_GLOBAL_BASELINE,HF9g-P5,,,,X 全窗基线 · 不参与实体赏罚,3923438,393,A168_HF9F_20260827_0900,2026-08-27 09:00:00
2026-07-27,129559090,1402,0,17.8142669042,17.8142669042,17.8142669042,1.0000000,2,2,0.49324550000000000,0.493245500000,1.4334489766152358,1.4334489766152358,1.4334489766152358,0E-17,ELIGIBLE,R03b_20260811_FULL_v1,L1_ELIGIBILITY,v2026-08-11,2026-03-21..2026-08-06,baccarat_bet02_101_all_pairs_incl_sentinel,round_win = game_pnl > 0 (decisive only),COMPATIBILITY_ONLY_NOT_PRODUCTION,603.7266,584.3737,-62.0858,73,73,0.10283755,0.02887661,0.11276363,0.10283755,62.0858,603.7266,OK,0.0000,-2.4834,4.0000,96.0000,AG03-UNRESOLVED,ALL5_LEVELS_bet23_to_bet27,-2.4834,-2.4834,-2.4834,-3.1043,-3.1043,4.000000,4.000000,4.000000,5.000000,5.000000,96.000000,96.000000,96.000000,95.000000,95.000000,5.0,-13.6589,-12.5119,-48.4269,-49.5739,PENDING_AG03,FALSE,NOT_FOR_ENFORCEMENT,-59.6023,560.9988,-62.0858,-59.6023,-2.4834,-0.10283755,-0.09872405,-2.4834,-59.6023,-0.09872405,-2.4834,-2.4834,-2.4834,-3.1043,-3.1043,-59.6023,-0.09872405,-13.6589,-12.5119,-48.4269,-49.5739,-0.08021329,-0.08211314,-0.00411350,8.2702,8.0051,-0.8505,-1.8261,-1.3497,17.7567,2.1471,7.1437,8.4490,4.5249,5.9381,9.4557,14.4638,23.5525,49.6131,5.9381,2.5818,3.966342,8.355062,1.392742,13,34,37,2,0.11832674,-0.10283755,-0.02887661,0E-8,0.000000,0.967944,0.000000,-0.08388702,2026-03-22,2026-08-04,34,46,45,136,0.250000,0.845504,0.863785,0.394422,,,,,,,,GLOBAL_BASELINE_NO_ENTITY_RANKING,,,NOT_APPLICABLE_GLOBAL_BASELINE,HF9g-P5,,,,X 全窗基线 · 不参与实体赏罚,3923439,393,A168_HF9F_20260827_0900,2026-08-27 09:00:00
2026-08-02,129559090,-1,1,2.8253666555,2.8253666555,2.8253666555,1.0000000,1,1,0.49324550000000000,0.493245500000,1.01360149184955,1.01360149184955,1.01360149184955,0E-17,SENTINEL_DEALER,R03b_20260811_FULL_v1,L1_ELIGIBILITY,v2026-08-11,2026-03-21..2026-08-06,baccarat_bet02_101_all_pairs_incl_sentinel,round_win = game_pnl > 0 (decisive only),COMPATIBILITY_ONLY_NOT_PRODUCTION,603.7266,584.3737,-62.0858,73,73,0.10283755,0.02887661,0.11276363,0.10283755,62.0858,603.7266,OK,0.0000,-2.4834,4.0000,96.0000,AG03-UNRESOLVED,ALL5_LEVELS_bet23_to_bet27,-2.4834,-2.4834,-2.4834,-3.1043,-3.1043,4.000000,4.000000,4.000000,5.000000,5.000000,96.000000,96.000000,96.000000,95.000000,95.000000,5.0,-13.6589,-12.5119,-48.4269,-49.5739,PENDING_AG03,FALSE,NOT_FOR_ENFORCEMENT,-59.6023,560.9988,-62.0858,-59.6023,-2.4834,-0.10283755,-0.09872405,-2.4834,-59.6023,-0.09872405,-2.4834,-2.4834,-2.4834,-3.1043,-3.1043,-59.6023,-0.09872405,-13.6589,-12.5119,-48.4269,-49.5739,-0.08021329,-0.08211314,-0.00411350,8.2702,8.0051,-0.8505,-1.8261,-1.3497,17.7567,2.1471,7.1437,8.4490,4.5249,5.9381,9.4557,14.4638,23.5525,49.6131,5.9381,2.5818,3.966342,8.355062,1.392742,13,34,37,2,0.11832674,-0.10283755,-0.02887661,0E-8,0.000000,0.967944,0.000000,-0.08388702,2026-03-22,2026-08-04,34,46,45,136,0.250000,0.845504,0.863785,0.394422,,,,,,,,GLOBAL_BASELINE_NO_ENTITY_RANKING,,,NOT_APPLICABLE_GLOBAL_BASELINE,HF9g-P5,,,,X 全窗基线 · 不参与实体赏罚,3923440,393,A168_HF9F_20260827_0900,2026-08-27 09:00:00
2026-08-02,129559090,2101,0,5.6507333111,-5.6507333111,-5.6507333111,0E-7,1,1,0.49324550000000000,0.493245500000,-0.9865810262130424,-0.9865810262130424,-0.9865810262130424,0E-17,ELIGIBLE,R03b_20260811_FULL_v1,L1_ELIGIBILITY,v2026-08-11,2026-03-21..2026-08-06,baccarat_bet02_101_all_pairs_incl_sentinel,round_win = game_pnl > 0 (decisive only),COMPATIBILITY_ONLY_NOT_PRODUCTION,603.7266,584.3737,-62.0858,73,73,0.10283755,0.02887661,0.11276363,0.10283755,62.0858,603.7266,OK,0.0000,-2.4834,4.0000,96.0000,AG03-UNRESOLVED,ALL5_LEVELS_bet23_to_bet27,-2.4834,-2.4834,-2.4834,-3.1043,-3.1043,4.000000,4.000000,4.000000,5.000000,5.000000,96.000000,96.000000,96.000000,95.000000,95.000000,5.0,-13.6589,-12.5119,-48.4269,-49.5739,PENDING_AG03,FALSE,NOT_FOR_ENFORCEMENT,-59.6023,560.9988,-62.0858,-59.6023,-2.4834,-0.10283755,-0.09872405,-2.4834,-59.6023,-0.09872405,-2.4834,-2.4834,-2.4834,-3.1043,-3.1043,-59.6023,-0.09872405,-13.6589,-12.5119,-48.4269,-49.5739,-0.08021329,-0.08211314,-0.00411350,8.2702,8.0051,-0.8505,-1.8261,-1.3497,17.7567,2.1471,7.1437,8.4490,4.5249,5.9381,9.4557,14.4638,23.5525,49.6131,5.9381,2.5818,3.966342,8.355062,1.392742,13,34,37,2,0.11832674,-0.10283755,-0.02887661,0E-8,0.000000,0.967944,0.000000,-0.08388702,2026-03-22,2026-08-04,34,46,45,136,0.250000,0.845504,0.863785,0.394422,,,,,,,,GLOBAL_BASELINE_NO_ENTITY_RANKING,,,NOT_APPLICABLE_GLOBAL_BASELINE,HF9g-P5,,,,X 全窗基线 · 不参与实体赏罚,3923441,393,A168_HF9F_20260827_0900,2026-08-27 09:00:00
2026-08-04,129559090,1485,0,6.6781393676,-6.6781393676,-6.6781393676,0E-7,1,1,0.49324550000000000,0.493245500000,-0.9865810262130424,-0.9865810262130424,-0.9865810262130424,0E-17,ELIGIBLE,R03b_20260811_FULL_v1,L1_ELIGIBILITY,v2026-08-11,2026-03-21..2026-08-06,baccarat_bet02_101_all_pairs_incl_sentinel,round_win = game_pnl > 0 (decisive only),COMPATIBILITY_ONLY_NOT_PRODUCTION,603.7266,584.3737,-62.0858,73,73,0.10283755,0.02887661,0.11276363,0.10283755,62.0858,603.7266,OK,0.0000,-2.4834,4.0000,96.0000,AG03-UNRESOLVED,ALL5_LEVELS_bet23_to_bet27,-2.4834,-2.4834,-2.4834,-3.1043,-3.1043,4.000000,4.000000,4.000000,5.000000,5.000000,96.000000,96.000000,96.000000,95.000000,95.000000,5.0,-13.6589,-12.5119,-48.4269,-49.5739,PENDING_AG03,FALSE,NOT_FOR_ENFORCEMENT,-59.6023,560.9988,-62.0858,-59.6023,-2.4834,-0.10283755,-0.09872405,-2.4834,-59.6023,-0.09872405,-2.4834,-2.4834,-2.4834,-3.1043,-3.1043,-59.6023,-0.09872405,-13.6589,-12.5119,-48.4269,-49.5739,-0.08021329,-0.08211314,-0.00411350,8.2702,8.0051,-0.8505,-1.8261,-1.3497,17.7567,2.1471,7.1437,8.4490,4.5249,5.9381,9.4557,14.4638,23.5525,49.6131,5.9381,2.5818,3.966342,8.355062,1.392742,13,34,37,2,0.11832674,-0.10283755,-0.02887661,0E-8,0.000000,0.967944,0.000000,-0.08388702,2026-03-22,2026-08-04,34,46,45,136,0.250000,0.845504,0.863785,0.394422,,,,,,,,GLOBAL_BASELINE_NO_ENTITY_RANKING,,,NOT_APPLICABLE_GLOBAL_BASELINE,HF9g-P5,,,,X 全窗基线 · 不参与实体赏罚,3923442,393,A168_HF9F_20260827_0900,2026-08-27 09:00:00
2026-05-15,150099941,2233,0,218.9818898862,61.4394686316,61.4394686316,0.6250000,8,8,0.49659680000000000,0.496596800000,0.7263750131803139,0.726375013180314,0.7263750131803139,0E-17,ELIGIBLE,R03b_20260811_FULL_v1,L1_ELIGIBILITY,v2026-08-11,2026-03-21..2026-08-06,baccarat_bet02_101_all_pairs_incl_sentinel,round_win = game_pnl > 0 (decisive only),COMPATIBILITY_ONLY_NOT_PRODUCTION,218.9819,218.9819,-61.4395,8,8,0.28056872,,0.28056872,0.28056872,61.4395,218.9819,THIN_EXPOSURE,0.0000,-1.8432,3.0000,97.0000,AG03-UNRESOLVED,ALL5_LEVELS_bet23_to_bet27,-1.8432,-1.8432,-1.8432,-2.4576,-2.4576,3.000000,3.000000,3.000000,4.000000,4.000000,97.000000,97.000000,97.000000,96.000000,96.000000,5.0,-10.4447,-9.7615,-50.9948,-51.6779,PENDING_AG03,FALSE,NOT_FOR_ENFORCEMENT,-59.5963,212.4124,-61.4395,-59.5963,-1.8432,-0.28056872,-0.27215166,-1.8432,-59.5963,-0.27215166,-1.8432,-1.8432,-1.8432,-2.4576,-2.4576,-59.5963,-0.27215166,-10.4447,-9.7615,-50.9948,-51.6779,-0.23287204,-0.2359918,-0.00841706,27.3727,27.3727,-7.6799,-61.4395,-61.4395,218.9819,8.0000,,27.3727,25.9457,25.9457,25.9457,33.937,37.3618,37.3618,25.9457,25.9457,1.44,1.44,1.055,1,1,1,2,0E-8,-0.28056872,,0E-8,0.000000,1.000000,0.000000,,2026-05-15,2026-05-15,1,1,1,1,1.000000,,,0.000000,,,,,,,,GLOBAL_BASELINE_NO_ENTITY_RANKING,,,NOT_APPLICABLE_GLOBAL_BASELINE,HF9g-P5,,,,X 全窗基线 · 不参与实体赏罚,3923443,393,A168_HF9F_20260827_0900,2026-08-27 09:00:00
2026-04-12,148548395,-1,1,4.2164737630,-4.2164737630,-4.2164737630,0E-7,1,1,0.50665070000000000,0.506650700000,-1.013391052207602,-1.013391052207602,-1.013391052207602,0E-17,SENTINEL_DEALER,R03b_20260811_FULL_v1,L1_ELIGIBILITY,v2026-08-11,2026-03-21..2026-08-06,baccarat_bet02_101_all_pairs_incl_sentinel,round_win = game_pnl > 0 (decisive only),COMPATIBILITY_ONLY_NOT_PRODUCTION,1342.3144,1226.1506,-62.0770,179,109,0.04624627,,0.04624627,0.04624627,62.0770,1342.3144,OK,0.0000,-2.4831,4.0000,96.0000,AG03-UNRESOLVED,ALL5_LEVELS_bet23_to_bet27,-2.4831,-2.4831,-2.4831,-3.7246,-3.7246,4.000000,4.000000,4.000000,6.000000,6.000000,96.000000,96.000000,96.000000,94.000000,94.000000,5.0,-14.8985,-13.5481,-47.1785,-48.5289,PENDING_AG03,FALSE,NOT_FOR_ENFORCEMENT,-59.5940,1177.1045,-62.0770,-59.5940,-2.4831,-0.04624627,-0.04439642,-2.4831,-59.5940,-0.04439642,-2.4831,-2.4831,-2.4831,-3.7246,-3.7246,-59.5940,-0.04439642,-14.8985,-13.5481,-47.1785,-48.5289,-0.03514717,-0.03615315,-0.00184985,7.4990,11.2491,-0.5695,-31.0385,-2.9560,671.1572,54.5000,,7.4990,4.2165,7.3788,10.5412,12.2278,12.6494,14.7577,6.3247,-3.1624,1.714286,2.0,1.016281,14,21,5,3,0E-8,-0.04624627,,0E-8,0.000000,0.913460,0.000000,,2026-04-12,2026-04-13,2,21,15,2,1.000000,,,0.000000,,,,,,,,GLOBAL_BASELINE_NO_ENTITY_RANKING,,,NOT_APPLICABLE_GLOBAL_BASELINE,HF9g-P5,,,,X 全窗基线 · 不参与实体赏罚,3923444,393,A168_HF9F_20260827_0900,2026-08-27 09:00:00
2026-04-12,148548395,1157,0,110.0499652140,144.7199207303,144.7199207303,0.8181818,16,11,0.44032444539953290,0.409347486364,2.52446687056616,2.7576021490279654,2.52446687056616,0.03097695903553290,ELIGIBLE,R03b_20260811_FULL_v1,L1_ELIGIBILITY,v2026-08-11,2026-03-21..2026-08-06,baccarat_bet02_101_all_pairs_incl_sentinel,round_win = game_pnl > 0 (decisive only),COMPATIBILITY_ONLY_NOT_PRODUCTION,1342.3144,1226.1506,-62.0770,179,109,0.04624627,,0.04624627,0.04624627,62.0770,1342.3144,OK,0.0000,-2.4831,4.0000,96.0000,AG03-UNRESOLVED,ALL5_LEVELS_bet23_to_bet27,-2.4831,-2.4831,-2.4831,-3.7246,-3.7246,4.000000,4.000000,4.000000,6.000000,6.000000,96.000000,96.000000,96.000000,94.000000,94.000000,5.0,-14.8985,-13.5481,-47.1785,-48.5289,PENDING_AG03,FALSE,NOT_FOR_ENFORCEMENT,-59.5940,1177.1045,-62.0770,-59.5940,-2.4831,-0.04624627,-0.04439642,-2.4831,-59.5940,-0.04439642,-2.4831,-2.4831,-2.4831,-3.7246,-3.7246,-59.5940,-0.04439642,-14.8985,-13.5481,-47.1785,-48.5289,-0.03514717,-0.03615315,-0.00184985,7.4990,11.2491,-0.5695,-31.0385,-2.9560,671.1572,54.5000,,7.4990,4.2165,7.3788,10.5412,12.2278,12.6494,14.7577,6.3247,-3.1624,1.714286,2.0,1.016281,14,21,5,3,0E-8,-0.04624627,,0E-8,0.000000,0.913460,0.000000,,2026-04-12,2026-04-13,2,21,15,2,1.000000,,,0.000000,,,,,,,,GLOBAL_BASELINE_NO_ENTITY_RANKING,,,NOT_APPLICABLE_GLOBAL_BASELINE,HF9g-P5,,,,X 全窗基线 · 不参与实体赏罚,3923445,393,A168_HF9F_20260827_0900,2026-08-27 09:00:00
2026-04-12,148548395,1210,0,271.9625577127,38.1063816333,38.1063816333,0.6000000,35,21,0.43390903486418061,0.376239521429,1.4987132546540631,2.065652420186697,1.4987132546540631,0.05766951343518061,ELIGIBLE,R03b_20260811_FULL_v1,L1_ELIGIBILITY,v2026-08-11,2026-03-21..2026-08-06,baccarat_bet02_101_all_pairs_incl_sentinel,round_win = game_pnl > 0 (decisive only),COMPATIBILITY_ONLY_NOT_PRODUCTION,1342.3144,1226.1506,-62.0770,179,109,0.04624627,,0.04624627,0.04624627,62.0770,1342.3144,OK,0.0000,-2.4831,4.0000,96.0000,AG03-UNRESOLVED,ALL5_LEVELS_bet23_to_bet27,-2.4831,-2.4831,-2.4831,-3.7246,-3.7246,4.000000,4.000000,4.000000,6.000000,6.000000,96.000000,96.000000,96.000000,94.000000,94.000000,5.0,-14.8985,-13.5481,-47.1785,-48.5289,PENDING_AG03,FALSE,NOT_FOR_ENFORCEMENT,-59.5940,1177.1045,-62.0770,-59.5940,-2.4831,-0.04624627,-0.04439642,-2.4831,-59.5940,-0.04439642,-2.4831,-2.4831,-2.4831,-3.7246,-3.7246,-59.5940,-0.04439642,-14.8985,-13.5481,-47.1785,-48.5289,-0.03514717,-0.03615315,-0.00184985,7.4990,11.2491,-0.5695,-31.0385,-2.9560,671.1572,54.5000,,7.4990,4.2165,7.3788,10.5412,12.2278,12.6494,14.7577,6.3247,-3.1624,1.714286,2.0,1.016281,14,21,5,3,0E-8,-0.04624627,,0E-8,0.000000,0.913460,0.000000,,2026-04-12,2026-04-13,2,21,15,2,1.000000,,,0.000000,,,,,,,,GLOBAL_BASELINE_NO_ENTITY_RANKING,,,NOT_APPLICABLE_GLOBAL_BASELINE,HF9g-P5,,,,X 全窗基线 · 不参与实体赏罚,3923446,393,A168_HF9F_20260827_0900,2026-08-27 09:00:00
2026-04-12,148548395,1304,0,24.8771952017,-24.8771952017,-24.8771952017,0E-7,3,2,0.47147362142857143,0.400287425000,-1.3357044216971,-1.1553920997617628,-1.3357044216971,0.07118619642857143,ELIGIBLE,R03b_20260811_FULL_v1,L1_ELIGIBILITY,v2026-08-11,2026-03-21..2026-08-06,baccarat_bet02_101_all_pairs_incl_sentinel,round_win = game_pnl > 0 (decisive only),COMPATIBILITY_ONLY_NOT_PRODUCTION,1342.3144,1226.1506,-62.0770,179,109,0.04624627,,0.04624627,0.04624627,62.0770,1342.3144,OK,0.0000,-2.4831,4.0000,96.0000,AG03-UNRESOLVED,ALL5_LEVELS_bet23_to_bet27,-2.4831,-2.4831,-2.4831,-3.7246,-3.7246,4.000000,4.000000,4.000000,6.000000,6.000000,96.000000,96.000000,96.000000,94.000000,94.000000,5.0,-14.8985,-13.5481,-47.1785,-48.5289,PENDING_AG03,FALSE,NOT_FOR_ENFORCEMENT,-59.5940,1177.1045,-62.0770,-59.5940,-2.4831,-0.04624627,-0.04439642,-2.4831,-59.5940,-0.04439642,-2.4831,-2.4831,-2.4831,-3.7246,-3.7246,-59.5940,-0.04439642,-14.8985,-13.5481,-47.1785,-48.5289,-0.03514717,-0.03615315,-0.00184985,7.4990,11.2491,-0.5695,-31.0385,-2.9560,671.1572,54.5000,,7.4990,4.2165,7.3788,10.5412,12.2278,12.6494,14.7577,6.3247,-3.1624,1.714286,2.0,1.016281,14,21,5,3,0E-8,-0.04624627,,0E-8,0.000000,0.913460,0.000000,,2026-04-12,2026-04-13,2,21,15,2,1.000000,,,0.000000,,,,,,,,GLOBAL_BASELINE_NO_ENTITY_RANKING,,,NOT_APPLICABLE_GLOBAL_BASELINE,HF9g-P5,,,,X 全窗基线 · 不参与实体赏罚,3923447,393,A168_HF9F_20260827_0900,2026-08-27 09:00:00
2026-04-12,148548395,1307,0,107.5200809563,18.9741319335,18.9741319335,0.5555556,15,9,0.37961531234145076,0.319049900000,1.087637183806261,1.5222144307389598,1.087637183806261,0.06056541234145076,ELIGIBLE,R03b_20260811_FULL_v1,L1_ELIGIBILITY,v2026-08-11,2026-03-21..2026-08-06,baccarat_bet02_101_all_pairs_incl_sentinel,round_win = game_pnl > 0 (decisive only),COMPATIBILITY_ONLY_NOT_PRODUCTION,1342.3144,1226.1506,-62.0770,179,109,0.04624627,,0.04624627,0.04624627,62.0770,1342.3144,OK,0.0000,-2.4831,4.0000,96.0000,AG03-UNRESOLVED,ALL5_LEVELS_bet23_to_bet27,-2.4831,-2.4831,-2.4831,-3.7246,-3.7246,4.000000,4.000000,4.000000,6.000000,6.000000,96.000000,96.000000,96.000000,94.000000,94.000000,5.0,-14.8985,-13.5481,-47.1785,-48.5289,PENDING_AG03,FALSE,NOT_FOR_ENFORCEMENT,-59.5940,1177.1045,-62.0770,-59.5940,-2.4831,-0.04624627,-0.04439642,-2.4831,-59.5940,-0.04439642,-2.4831,-2.4831,-2.4831,-3.7246,-3.7246,-59.5940,-0.04439642,-14.8985,-13.5481,-47.1785,-48.5289,-0.03514717,-0.03615315,-0.00184985,7.4990,11.2491,-0.5695,-31.0385,-2.9560,671.1572,54.5000,,7.4990,4.2165,7.3788,10.5412,12.2278,12.6494,14.7577,6.3247,-3.1624,1.714286,2.0,1.016281,14,21,5,3,0E-8,-0.04624627,,0E-8,0.000000,0.913460,0.000000,,2026-04-12,2026-04-13,2,21,15,2,1.000000,,,0.000000,,,,,,,,GLOBAL_BASELINE_NO_ENTITY_RANKING,,,NOT_APPLICABLE_GLOBAL_BASELINE,HF9g-P5,,,,X 全窗基线 · 不参与实体赏罚,3923448,393,A168_HF9F_20260827_0900,2026-08-27 09:00:00
2026-04-12,148548395,1385,0,12.6494212889,5.8503573462,5.8503573462,1.0000000,2,1,0.40363872500081436,0.300626750000,1.2155093515707875,1.5252488199758223,1.2155093515707875,0.10301197500081436,ELIGIBLE,R03b_20260811_FULL_v1,L1_ELIGIBILITY,v2026-08-11,2026-03-21..2026-08-06,baccarat_bet02_101_all_pairs_incl_sentinel,round_win = game_pnl > 0 (decisive only),COMPATIBILITY_ONLY_NOT_PRODUCTION,1342.3144,1226.1506,-62.0770,179,109,0.04624627,,0.04624627,0.04624627,62.0770,1342.3144,OK,0.0000,-2.4831,4.0000,96.0000,AG03-UNRESOLVED,ALL5_LEVELS_bet23_to_bet27,-2.4831,-2.4831,-2.4831,-3.7246,-3.7246,4.000000,4.000000,4.000000,6.000000,6.000000,96.000000,96.000000,96.000000,94.000000,94.000000,5.0,-14.8985,-13.5481,-47.1785,-48.5289,PENDING_AG03,FALSE,NOT_FOR_ENFORCEMENT,-59.5940,1177.1045,-62.0770,-59.5940,-2.4831,-0.04624627,-0.04439642,-2.4831,-59.5940,-0.04439642,-2.4831,-2.4831,-2.4831,-3.7246,-3.7246,-59.5940,-0.04439642,-14.8985,-13.5481,-47.1785,-48.5289,-0.03514717,-0.03615315,-0.00184985,7.4990,11.2491,-0.5695,-31.0385,-2.9560,671.1572,54.5000,,7.4990,4.2165,7.3788,10.5412,12.2278,12.6494,14.7577,6.3247,-3.1624,1.714286,2.0,1.016281,14,21,5,3,0E-8,-0.04624627,,0E-8,0.000000,0.913460,0.000000,,2026-04-12,2026-04-13,2,21,15,2,1.000000,,,0.000000,,,,,,,,GLOBAL_BASELINE_NO_ENTITY_RANKING,,,NOT_APPLICABLE_GLOBAL_BASELINE,HF9g-P5,,,,X 全窗基线 · 不参与实体赏罚,3923449,393,A168_HF9F_20260827_0900,2026-08-27 09:00:00
2026-04-12,148548395,1405,0,113.8447916007,68.5176986486,68.5176986486,0.8571429,13,7,0.41251896231117118,0.329101228571,2.3895874777265314,2.973198683011609,2.3895874777265314,0.08341773374017118,ELIGIBLE,R03b_20260811_FULL_v1,L1_ELIGIBILITY,v2026-08-11,2026-03-21..2026-08-06,baccarat_bet02_101_all_pairs_incl_sentinel,round_win = game_pnl > 0 (decisive only),COMPATIBILITY_ONLY_NOT_PRODUCTION,1342.3144,1226.1506,-62.0770,179,109,0.04624627,,0.04624627,0.04624627,62.0770,1342.3144,OK,0.0000,-2.4831,4.0000,96.0000,AG03-UNRESOLVED,ALL5_LEVELS_bet23_to_bet27,-2.4831,-2.4831,-2.4831,-3.7246,-3.7246,4.000000,4.000000,4.000000,6.000000,6.000000,96.000000,96.000000,96.000000,94.000000,94.000000,5.0,-14.8985,-13.5481,-47.1785,-48.5289,PENDING_AG03,FALSE,NOT_FOR_ENFORCEMENT,-59.5940,1177.1045,-62.0770,-59.5940,-2.4831,-0.04624627,-0.04439642,-2.4831,-59.5940,-0.04439642,-2.4831,-2.4831,-2.4831,-3.7246,-3.7246,-59.5940,-0.04439642,-14.8985,-13.5481,-47.1785,-48.5289,-0.03514717,-0.03615315,-0.00184985,7.4990,11.2491,-0.5695,-31.0385,-2.9560,671.1572,54.5000,,7.4990,4.2165,7.3788,10.5412,12.2278,12.6494,14.7577,6.3247,-3.1624,1.714286,2.0,1.016281,14,21,5,3,0E-8,-0.04624627,,0E-8,0.000000,0.913460,0.000000,,2026-04-12,2026-04-13,2,21,15,2,1.000000,,,0.000000,,,,,,,,GLOBAL_BASELINE_NO_ENTITY_RANKING,,,NOT_APPLICABLE_GLOBAL_BASELINE,HF9g-P5,,,,X 全窗基线 · 不参与实体赏罚,3923450,393,A168_HF9F_20260827_0900,2026-08-27 09:00:00
2026-04-12,148548395,1623,0,31.6235532225,-31.6235532225,-31.6235532225,0E-7,4,3,0.45847124285714286,0.429039250000,-1.593697588016247,-1.501433192342098,-1.593697588016247,0.02943199285714286,ELIGIBLE,R03b_20260811_FULL_v1,L1_ELIGIBILITY,v2026-08-11,2026-03-21..2026-08-06,baccarat_bet02_101_all_pairs_incl_sentinel,round_win = game_pnl > 0 (decisive only),COMPATIBILITY_ONLY_NOT_PRODUCTION,1342.3144,1226.1506,-62.0770,179,109,0.04624627,,0.04624627,0.04624627,62.0770,1342.3144,OK,0.0000,-2.4831,4.0000,96.0000,AG03-UNRESOLVED,ALL5_LEVELS_bet23_to_bet27,-2.4831,-2.4831,-2.4831,-3.7246,-3.7246,4.000000,4.000000,4.000000,6.000000,6.000000,96.000000,96.000000,96.000000,94.000000,94.000000,5.0,-14.8985,-13.5481,-47.1785,-48.5289,PENDING_AG03,FALSE,NOT_FOR_ENFORCEMENT,-59.5940,1177.1045,-62.0770,-59.5940,-2.4831,-0.04624627,-0.04439642,-2.4831,-59.5940,-0.04439642,-2.4831,-2.4831,-2.4831,-3.7246,-3.7246,-59.5940,-0.04439642,-14.8985,-13.5481,-47.1785,-48.5289,-0.03514717,-0.03615315,-0.00184985,7.4990,11.2491,-0.5695,-31.0385,-2.9560,671.1572,54.5000,,7.4990,4.2165,7.3788,10.5412,12.2278,12.6494,14.7577,6.3247,-3.1624,1.714286,2.0,1.016281,14,21,5,3,0E-8,-0.04624627,,0E-8,0.000000,0.913460,0.000000,,2026-04-12,2026-04-13,2,21,15,2,1.000000,,,0.000000,,,,,,,,GLOBAL_BASELINE_NO_ENTITY_RANKING,,,NOT_APPLICABLE_GLOBAL_BASELINE,HF9g-P5,,,,X 全窗基线 · 不参与实体赏罚,3923451,393,A168_HF9F_20260827_0900,2026-08-27 09:00:00
2026-04-12,148548395,1935,0,7.1680053971,-7.1680053971,-7.1680053971,0E-7,1,1,0.09460280000000000,0.094602800000,-0.32324545095860213,-0.32324545095860213,-0.32324545095860213,0E-17,ELIGIBLE,R03b_20260811_FULL_v1,L1_ELIGIBILITY,v2026-08-11,2026-03-21..2026-08-06,baccarat_bet02_101_all_pairs_incl_sentinel,round_win = game_pnl > 0 (decisive only),COMPATIBILITY_ONLY_NOT_PRODUCTION,1342.3144,1226.1506,-62.0770,179,109,0.04624627,,0.04624627,0.04624627,62.0770,1342.3144,OK,0.0000,-2.4831,4.0000,96.0000,AG03-UNRESOLVED,ALL5_LEVELS_bet23_to_bet27,-2.4831,-2.4831,-2.4831,-3.7246,-3.7246,4.000000,4.000000,4.000000,6.000000,6.000000,96.000000,96.000000,96.000000,94.000000,94.000000,5.0,-14.8985,-13.5481,-47.1785,-48.5289,PENDING_AG03,FALSE,NOT_FOR_ENFORCEMENT,-59.5940,1177.1045,-62.0770,-59.5940,-2.4831,-0.04624627,-0.04439642,-2.4831,-59.5940,-0.04439642,-2.4831,-2.4831,-2.4831,-3.7246,-3.7246,-59.5940,-0.04439642,-14.8985,-13.5481,-47.1785,-48.5289,-0.03514717,-0.03615315,-0.00184985,7.4990,11.2491,-0.5695,-31.0385,-2.9560,671.1572,54.5000,,7.4990,4.2165,7.3788,10.5412,12.2278,12.6494,14.7577,6.3247,-3.1624,1.714286,2.0,1.016281,14,21,5,3,0E-8,-0.04624627,,0E-8,0.000000,0.913460,0.000000,,2026-04-12,2026-04-13,2,21,15,2,1.000000,,,0.000000,,,,,,,,GLOBAL_BASELINE_NO_ENTITY_RANKING,,,NOT_APPLICABLE_GLOBAL_BASELINE,HF9g-P5,,,,X 全窗基线 · 不参与实体赏罚,3923452,393,A168_HF9F_20260827_0900,2026-08-27 09:00:00
2026-04-12,148548395,1941,0,117.0071469229,-26.5637847067,-26.5637847067,0.5000000,15,10,0.44769705398229869,0.402298205000,0.33261769794410795,0.6300662476613796,0.33261769794410795,0.04539884898229869,ELIGIBLE,R03b_20260811_FULL_v1,L1_ELIGIBILITY,v2026-08-11,2026-03-21..2026-08-06,baccarat_bet02_101_all_pairs_incl_sentinel,round_win = game_pnl > 0 (decisive only),COMPATIBILITY_ONLY_NOT_PRODUCTION,1342.3144,1226.1506,-62.0770,179,109,0.04624627,,0.04624627,0.04624627,62.0770,1342.3144,OK,0.0000,-2.4831,4.0000,96.0000,AG03-UNRESOLVED,ALL5_LEVELS_bet23_to_bet27,-2.4831,-2.4831,-2.4831,-3.7246,-3.7246,4.000000,4.000000,4.000000,6.000000,6.000000,96.000000,96.000000,96.000000,94.000000,94.000000,5.0,-14.8985,-13.5481,-47.1785,-48.5289,PENDING_AG03,FALSE,NOT_FOR_ENFORCEMENT,-59.5940,1177.1045,-62.0770,-59.5940,-2.4831,-0.04624627,-0.04439642,-2.4831,-59.5940,-0.04439642,-2.4831,-2.4831,-2.4831,-3.7246,-3.7246,-59.5940,-0.04439642,-14.8985,-13.5481,-47.1785,-48.5289,-0.03514717,-0.03615315,-0.00184985,7.4990,11.2491,-0.5695,-31.0385,-2.9560,671.1572,54.5000,,7.4990,4.2165,7.3788,10.5412,12.2278,12.6494,14.7577,6.3247,-3.1624,1.714286,2.0,1.016281,14,21,5,3,0E-8,-0.04624627,,0E-8,0.000000,0.913460,0.000000,,2026-04-12,2026-04-13,2,21,15,2,1.000000,,,0.000000,,,,,,,,GLOBAL_BASELINE_NO_ENTITY_RANKING,,,NOT_APPLICABLE_GLOBAL_BASELINE,HF9g-P5,,,,X 全窗基线 · 不参与实体赏罚,3923453,393,A168_HF9F_20260827_0900,2026-08-27 09:00:00
2026-04-12,148548395,1965,0,15.8117766112,-15.8117766112,-15.8117766112,0E-7,2,1,0.36036460000084039,0.293924150000,-0.7505935278895091,-0.6451964315166089,-0.7505935278895091,0.06644045000084039,ELIGIBLE,R03b_20260811_FULL_v1,L1_ELIGIBILITY,v2026-08-11,2026-03-21..2026-08-06,baccarat_bet02_101_all_pairs_incl_sentinel,round_win = game_pnl > 0 (decisive only),COMPATIBILITY_ONLY_NOT_PRODUCTION,1342.3144,1226.1506,-62.0770,179,109,0.04624627,,0.04624627,0.04624627,62.0770,1342.3144,OK,0.0000,-2.4831,4.0000,96.0000,AG03-UNRESOLVED,ALL5_LEVELS_bet23_to_bet27,-2.4831,-2.4831,-2.4831,-3.7246,-3.7246,4.000000,4.000000,4.000000,6.000000,6.000000,96.000000,96.000000,96.000000,94.000000,94.000000,5.0,-14.8985,-13.5481,-47.1785,-48.5289,PENDING_AG03,FALSE,NOT_FOR_ENFORCEMENT,-59.5940,1177.1045,-62.0770,-59.5940,-2.4831,-0.04624627,-0.04439642,-2.4831,-59.5940,-0.04439642,-2.4831,-2.4831,-2.4831,-3.7246,-3.7246,-59.5940,-0.04439642,-14.8985,-13.5481,-47.1785,-48.5289,-0.03514717,-0.03615315,-0.00184985,7.4990,11.2491,-0.5695,-31.0385,-2.9560,671.1572,54.5000,,7.4990,4.2165,7.3788,10.5412,12.2278,12.6494,14.7577,6.3247,-3.1624,1.714286,2.0,1.016281,14,21,5,3,0E-8,-0.04624627,,0E-8,0.000000,0.913460,0.000000,,2026-04-12,2026-04-13,2,21,15,2,1.000000,,,0.000000,,,,,,,,GLOBAL_BASELINE_NO_ENTITY_RANKING,,,NOT_APPLICABLE_GLOBAL_BASELINE,HF9g-P5,,,,X 全窗基线 · 不参与实体赏罚,3923454,393,A168_HF9F_20260827_0900,2026-08-27 09:00:00
2026-04-12,148548395,2101,0,24.2447241372,-3.6894145426,-3.6894145426,0.5000000,3,2,0.45240411153903979,0.396936125000,0.1352356133275534,0.29790616794075786,0.1352356133275534,0.05546798653903979,ELIGIBLE,R03b_20260811_FULL_v1,L1_ELIGIBILITY,v2026-08-11,2026-03-21..2026-08-06,baccarat_bet02_101_all_pairs_incl_sentinel,round_win = game_pnl > 0 (decisive only),COMPATIBILITY_ONLY_NOT_PRODUCTION,1342.3144,1226.1506,-62.0770,179,109,0.04624627,,0.04624627,0.04624627,62.0770,1342.3144,OK,0.0000,-2.4831,4.0000,96.0000,AG03-UNRESOLVED,ALL5_LEVELS_bet23_to_bet27,-2.4831,-2.4831,-2.4831,-3.7246,-3.7246,4.000000,4.000000,4.000000,6.000000,6.000000,96.000000,96.000000,96.000000,94.000000,94.000000,5.0,-14.8985,-13.5481,-47.1785,-48.5289,PENDING_AG03,FALSE,NOT_FOR_ENFORCEMENT,-59.5940,1177.1045,-62.0770,-59.5940,-2.4831,-0.04624627,-0.04439642,-2.4831,-59.5940,-0.04439642,-2.4831,-2.4831,-2.4831,-3.7246,-3.7246,-59.5940,-0.04439642,-14.8985,-13.5481,-47.1785,-48.5289,-0.03514717,-0.03615315,-0.00184985,7.4990,11.2491,-0.5695,-31.0385,-2.9560,671.1572,54.5000,,7.4990,4.2165,7.3788,10.5412,12.2278,12.6494,14.7577,6.3247,-3.1624,1.714286,2.0,1.016281,14,21,5,3,0E-8,-0.04624627,,0E-8,0.000000,0.913460,0.000000,,2026-04-12,2026-04-13,2,21,15,2,1.000000,,,0.000000,,,,,,,,GLOBAL_BASELINE_NO_ENTITY_RANKING,,,NOT_APPLICABLE_GLOBAL_BASELINE,HF9g-P5,,,,X 全窗基线 · 不参与实体赏罚,3923455,393,A168_HF9F_20260827_0900,2026-08-27 09:00:00
2026-04-12,148548395,2106,0,82.2212383783,-26.3002550966,-26.3002550966,0.3333333,10,6,0.45150215196050914,0.395819025000,-0.581649210108594,-0.312985596189394,-0.581649210108594,0.05568312696050914,ELIGIBLE,R03b_20260811_FULL_v1,L1_ELIGIBILITY,v2026-08-11,2026-03-21..2026-08-06,baccarat_bet02_101_all_pairs_incl_sentinel,round_win = game_pnl > 0 (decisive only),COMPATIBILITY_ONLY_NOT_PRODUCTION,1342.3144,1226.1506,-62.0770,179,109,0.04624627,,0.04624627,0.04624627,62.0770,1342.3144,OK,0.0000,-2.4831,4.0000,96.0000,AG03-UNRESOLVED,ALL5_LEVELS_bet23_to_bet27,-2.4831,-2.4831,-2.4831,-3.7246,-3.7246,4.000000,4.000000,4.000000,6.000000,6.000000,96.000000,96.000000,96.000000,94.000000,94.000000,5.0,-14.8985,-13.5481,-47.1785,-48.5289,PENDING_AG03,FALSE,NOT_FOR_ENFORCEMENT,-59.5940,1177.1045,-62.0770,-59.5940,-2.4831,-0.04624627,-0.04439642,-2.4831,-59.5940,-0.04439642,-2.4831,-2.4831,-2.4831,-3.7246,-3.7246,-59.5940,-0.04439642,-14.8985,-13.5481,-47.1785,-48.5289,-0.03514717,-0.03615315,-0.00184985,7.4990,11.2491,-0.5695,-31.0385,-2.9560,671.1572,54.5000,,7.4990,4.2165,7.3788,10.5412,12.2278,12.6494,14.7577,6.3247,-3.1624,1.714286,2.0,1.016281,14,21,5,3,0E-8,-0.04624627,,0E-8,0.000000,0.913460,0.000000,,2026-04-12,2026-04-13,2,21,15,2,1.000000,,,0.000000,,,,,,,,GLOBAL_BASELINE_NO_ENTITY_RANKING,,,NOT_APPLICABLE_GLOBAL_BASELINE,HF9g-P5,,,,X 全窗基线 · 不参与实体赏罚,3923456,393,A168_HF9F_20260827_0900,2026-08-27 09:00:00
2026-04-12,148548395,2145,0,16.8658950520,4.2164737630,4.2164737630,1.0000000,2,1,0.34375448750000000,0.293924150000,1.3816848167100806,1.549915577879723,1.3816848167100806,0.04983033750000000,ELIGIBLE,R03b_20260811_FULL_v1,L1_ELIGIBILITY,v2026-08-11,2026-03-21..2026-08-06,baccarat_bet02_101_all_pairs_incl_sentinel,round_win = game_pnl > 0 (decisive only),COMPATIBILITY_ONLY_NOT_PRODUCTION,1342.3144,1226.1506,-62.0770,179,109,0.04624627,,0.04624627,0.04624627,62.0770,1342.3144,OK,0.0000,-2.4831,4.0000,96.0000,AG03-UNRESOLVED,ALL5_LEVELS_bet23_to_bet27,-2.4831,-2.4831,-2.4831,-3.7246,-3.7246,4.000000,4.000000,4.000000,6.000000,6.000000,96.000000,96.000000,96.000000,94.000000,94.000000,5.0,-14.8985,-13.5481,-47.1785,-48.5289,PENDING_AG03,FALSE,NOT_FOR_ENFORCEMENT,-59.5940,1177.1045,-62.0770,-59.5940,-2.4831,-0.04624627,-0.04439642,-2.4831,-59.5940,-0.04439642,-2.4831,-2.4831,-2.4831,-3.7246,-3.7246,-59.5940,-0.04439642,-14.8985,-13.5481,-47.1785,-48.5289,-0.03514717,-0.03615315,-0.00184985,7.4990,11.2491,-0.5695,-31.0385,-2.9560,671.1572,54.5000,,7.4990,4.2165,7.3788,10.5412,12.2278,12.6494,14.7577,6.3247,-3.1624,1.714286,2.0,1.016281,14,21,5,3,0E-8,-0.04624627,,0E-8,0.000000,0.913460,0.000000,,2026-04-12,2026-04-13,2,21,15,2,1.000000,,,0.000000,,,,,,,,GLOBAL_BASELINE_NO_ENTITY_RANKING,,,NOT_APPLICABLE_GLOBAL_BASELINE,HF9g-P5,,,,X 全窗基线 · 不参与实体赏罚,3923457,393,A168_HF9F_20260827_0900,2026-08-27 09:00:00
2026-04-12,148548395,2170,0,17.0767187401,-17.0767187401,-17.0767187401,0E-7,3,2,0.43976904024474608,0.393584825000,-1.252978938787281,-1.1393289695942557,-1.252978938787281,0.04618421524474608,ELIGIBLE,R03b_20260811_FULL_v1,L1_ELIGIBILITY,v2026-08-11,2026-03-21..2026-08-06,baccarat_bet02_101_all_pairs_incl_sentinel,round_win = game_pnl > 0 (decisive only),COMPATIBILITY_ONLY_NOT_PRODUCTION,1342.3144,1226.1506,-62.0770,179,109,0.04624627,,0.04624627,0.04624627,62.0770,1342.3144,OK,0.0000,-2.4831,4.0000,96.0000,AG03-UNRESOLVED,ALL5_LEVELS_bet23_to_bet27,-2.4831,-2.4831,-2.4831,-3.7246,-3.7246,4.000000,4.000000,4.000000,6.000000,6.000000,96.000000,96.000000,96.000000,94.000000,94.000000,5.0,-14.8985,-13.5481,-47.1785,-48.5289,PENDING_AG03,FALSE,NOT_FOR_ENFORCEMENT,-59.5940,1177.1045,-62.0770,-59.5940,-2.4831,-0.04624627,-0.04439642,-2.4831,-59.5940,-0.04439642,-2.4831,-2.4831,-2.4831,-3.7246,-3.7246,-59.5940,-0.04439642,-14.8985,-13.5481,-47.1785,-48.5289,-0.03514717,-0.03615315,-0.00184985,7.4990,11.2491,-0.5695,-31.0385,-2.9560,671.1572,54.5000,,7.4990,4.2165,7.3788,10.5412,12.2278,12.6494,14.7577,6.3247,-3.1624,1.714286,2.0,1.016281,14,21,5,3,0E-8,-0.04624627,,0E-8,0.000000,0.913460,0.000000,,2026-04-12,2026-04-13,2,21,15,2,1.000000,,,0.000000,,,,,,,,GLOBAL_BASELINE_NO_ENTITY_RANKING,,,NOT_APPLICABLE_GLOBAL_BASELINE,HF9g-P5,,,,X 全窗基线 · 不参与实体赏罚,3923458,393,A168_HF9F_20260827_0900,2026-08-27 09:00:00
2026-04-12,148548395,2212,0,118.0612653637,31.6762591444,31.6762591444,0.7777778,16,9,0.42457222347230172,0.341941450000,2.143766988877292,2.756363807823531,2.143766988877292,0.08263077347230172,ELIGIBLE,R03b_20260811_FULL_v1,L1_ELIGIBILITY,v2026-08-11,2026-03-21..2026-08-06,baccarat_bet02_101_all_pairs_incl_sentinel,round_win = game_pnl > 0 (decisive only),COMPATIBILITY_ONLY_NOT_PRODUCTION,1342.3144,1226.1506,-62.0770,179,109,0.04624627,,0.04624627,0.04624627,62.0770,1342.3144,OK,0.0000,-2.4831,4.0000,96.0000,AG03-UNRESOLVED,ALL5_LEVELS_bet23_to_bet27,-2.4831,-2.4831,-2.4831,-3.7246,-3.7246,4.000000,4.000000,4.000000,6.000000,6.000000,96.000000,96.000000,96.000000,94.000000,94.000000,5.0,-14.8985,-13.5481,-47.1785,-48.5289,PENDING_AG03,FALSE,NOT_FOR_ENFORCEMENT,-59.5940,1177.1045,-62.0770,-59.5940,-2.4831,-0.04624627,-0.04439642,-2.4831,-59.5940,-0.04439642,-2.4831,-2.4831,-2.4831,-3.7246,-3.7246,-59.5940,-0.04439642,-14.8985,-13.5481,-47.1785,-48.5289,-0.03514717,-0.03615315,-0.00184985,7.4990,11.2491,-0.5695,-31.0385,-2.9560,671.1572,54.5000,,7.4990,4.2165,7.3788,10.5412,12.2278,12.6494,14.7577,6.3247,-3.1624,1.714286,2.0,1.016281,14,21,5,3,0E-8,-0.04624627,,0E-8,0.000000,0.913460,0.000000,,2026-04-12,2026-04-13,2,21,15,2,1.000000,,,0.000000,,,,,,,,GLOBAL_BASELINE_NO_ENTITY_RANKING,,,NOT_APPLICABLE_GLOBAL_BASELINE,HF9g-P5,,,,X 全窗基线 · 不参与实体赏罚,3923459,393,A168_HF9F_20260827_0900,2026-08-27 09:00:00
2026-04-12,148548395,2234,0,30.5694347816,-30.5694347816,-30.5694347816,0E-7,4,2,0.35561885357204172,0.293924150000,-1.050596559000959,-0.9124455438455121,-1.050596559000959,0.06169470357204172,ELIGIBLE,R03b_20260811_FULL_v1,L1_ELIGIBILITY,v2026-08-11,2026-03-21..2026-08-06,baccarat_bet02_101_all_pairs_incl_sentinel,round_win = game_pnl > 0 (decisive only),COMPATIBILITY_ONLY_NOT_PRODUCTION,1342.3144,1226.1506,-62.0770,179,109,0.04624627,,0.04624627,0.04624627,62.0770,1342.3144,OK,0.0000,-2.4831,4.0000,96.0000,AG03-UNRESOLVED,ALL5_LEVELS_bet23_to_bet27,-2.4831,-2.4831,-2.4831,-3.7246,-3.7246,4.000000,4.000000,4.000000,6.000000,6.000000,96.000000,96.000000,96.000000,94.000000,94.000000,5.0,-14.8985,-13.5481,-47.1785,-48.5289,PENDING_AG03,FALSE,NOT_FOR_ENFORCEMENT,-59.5940,1177.1045,-62.0770,-59.5940,-2.4831,-0.04624627,-0.04439642,-2.4831,-59.5940,-0.04439642,-2.4831,-2.4831,-2.4831,-3.7246,-3.7246,-59.5940,-0.04439642,-14.8985,-13.5481,-47.1785,-48.5289,-0.03514717,-0.03615315,-0.00184985,7.4990,11.2491,-0.5695,-31.0385,-2.9560,671.1572,54.5000,,7.4990,4.2165,7.3788,10.5412,12.2278,12.6494,14.7577,6.3247,-3.1624,1.714286,2.0,1.016281,14,21,5,3,0E-8,-0.04624627,,0E-8,0.000000,0.913460,0.000000,,2026-04-12,2026-04-13,2,21,15,2,1.000000,,,0.000000,,,,,,,,GLOBAL_BASELINE_NO_ENTITY_RANKING,,,NOT_APPLICABLE_GLOBAL_BASELINE,HF9g-P5,,,,X 全窗基线 · 不参与实体赏罚,3923460,393,A168_HF9F_20260827_0900,2026-08-27 09:00:00
2026-04-12,148548395,2244,0,52.2842746610,-11.6480087702,-11.6480087702,0.5000000,10,6,0.34880863813717665,0.298392550000,0.7770602132023363,1.0792973676828088,0.7770602132023363,0.05041608813717665,ELIGIBLE,R03b_20260811_FULL_v1,L1_ELIGIBILITY,v2026-08-11,2026-03-21..2026-08-06,baccarat_bet02_101_all_pairs_incl_sentinel,round_win = game_pnl > 0 (decisive only),COMPATIBILITY_ONLY_NOT_PRODUCTION,1342.3144,1226.1506,-62.0770,179,109,0.04624627,,0.04624627,0.04624627,62.0770,1342.3144,OK,0.0000,-2.4831,4.0000,96.0000,AG03-UNRESOLVED,ALL5_LEVELS_bet23_to_bet27,-2.4831,-2.4831,-2.4831,-3.7246,-3.7246,4.000000,4.000000,4.000000,6.000000,6.000000,96.000000,96.000000,96.000000,94.000000,94.000000,5.0,-14.8985,-13.5481,-47.1785,-48.5289,PENDING_AG03,FALSE,NOT_FOR_ENFORCEMENT,-59.5940,1177.1045,-62.0770,-59.5940,-2.4831,-0.04624627,-0.04439642,-2.4831,-59.5940,-0.04439642,-2.4831,-2.4831,-2.4831,-3.7246,-3.7246,-59.5940,-0.04439642,-14.8985,-13.5481,-47.1785,-48.5289,-0.03514717,-0.03615315,-0.00184985,7.4990,11.2491,-0.5695,-31.0385,-2.9560,671.1572,54.5000,,7.4990,4.2165,7.3788,10.5412,12.2278,12.6494,14.7577,6.3247,-3.1624,1.714286,2.0,1.016281,14,21,5,3,0E-8,-0.04624627,,0E-8,0.000000,0.913460,0.000000,,2026-04-12,2026-04-13,2,21,15,2,1.000000,,,0.000000,,,,,,,,GLOBAL_BASELINE_NO_ENTITY_RANKING,,,NOT_APPLICABLE_GLOBAL_BASELINE,HF9g-P5,,,,X 全窗基线 · 不参与实体赏罚,3923461,393,A168_HF9F_20260827_0900,2026-08-27 09:00:00
2026-04-12,148548395,550,0,55.8682773596,-12.7021272110,-12.7021272110,0.5000000,7,4,0.42546501674118595,0.350457087500,0.30150879613949544,0.6268656641715241,0.30150879613949544,0.07500792924118595,ELIGIBLE,R03b_20260811_FULL_v1,L1_ELIGIBILITY,v2026-08-11,2026-03-21..2026-08-06,baccarat_bet02_101_all_pairs_incl_sentinel,round_win = game_pnl > 0 (decisive only),COMPATIBILITY_ONLY_NOT_PRODUCTION,1342.3144,1226.1506,-62.0770,179,109,0.04624627,,0.04624627,0.04624627,62.0770,1342.3144,OK,0.0000,-2.4831,4.0000,96.0000,AG03-UNRESOLVED,ALL5_LEVELS_bet23_to_bet27,-2.4831,-2.4831,-2.4831,-3.7246,-3.7246,4.000000,4.000000,4.000000,6.000000,6.000000,96.000000,96.000000,96.000000,94.000000,94.000000,5.0,-14.8985,-13.5481,-47.1785,-48.5289,PENDING_AG03,FALSE,NOT_FOR_ENFORCEMENT,-59.5940,1177.1045,-62.0770,-59.5940,-2.4831,-0.04624627,-0.04439642,-2.4831,-59.5940,-0.04439642,-2.4831,-2.4831,-2.4831,-3.7246,-3.7246,-59.5940,-0.04439642,-14.8985,-13.5481,-47.1785,-48.5289,-0.03514717,-0.03615315,-0.00184985,7.4990,11.2491,-0.5695,-31.0385,-2.9560,671.1572,54.5000,,7.4990,4.2165,7.3788,10.5412,12.2278,12.6494,14.7577,6.3247,-3.1624,1.714286,2.0,1.016281,14,21,5,3,0E-8,-0.04624627,,0E-8,0.000000,0.913460,0.000000,,2026-04-12,2026-04-13,2,21,15,2,1.000000,,,0.000000,,,,,,,,GLOBAL_BASELINE_NO_ENTITY_RANKING,,,NOT_APPLICABLE_GLOBAL_BASELINE,HF9g-P5,,,,X 全窗基线 · 不参与实体赏罚,3923462,393,A168_HF9F_20260827_0900,2026-08-27 09:00:00
2026-04-12,148548395,970,0,124.3859760080,-33.7317901038,-33.7317901038,0.3750000,16,9,0.40275976537734697,0.340451983333,-0.16008963571619406,0.20621344152844645,-0.16008963571619406,0.06230778204434697,ELIGIBLE,R03b_20260811_FULL_v1,L1_ELIGIBILITY,v2026-08-11,2026-03-21..2026-08-06,baccarat_bet02_101_all_pairs_incl_sentinel,round_win = game_pnl > 0 (decisive only),COMPATIBILITY_ONLY_NOT_PRODUCTION,1342.3144,1226.1506,-62.0770,179,109,0.04624627,,0.04624627,0.04624627,62.0770,1342.3144,OK,0.0000,-2.4831,4.0000,96.0000,AG03-UNRESOLVED,ALL5_LEVELS_bet23_to_bet27,-2.4831,-2.4831,-2.4831,-3.7246,-3.7246,4.000000,4.000000,4.000000,6.000000,6.000000,96.000000,96.000000,96.000000,94.000000,94.000000,5.0,-14.8985,-13.5481,-47.1785,-48.5289,PENDING_AG03,FALSE,NOT_FOR_ENFORCEMENT,-59.5940,1177.1045,-62.0770,-59.5940,-2.4831,-0.04624627,-0.04439642,-2.4831,-59.5940,-0.04439642,-2.4831,-2.4831,-2.4831,-3.7246,-3.7246,-59.5940,-0.04439642,-14.8985,-13.5481,-47.1785,-48.5289,-0.03514717,-0.03615315,-0.00184985,7.4990,11.2491,-0.5695,-31.0385,-2.9560,671.1572,54.5000,,7.4990,4.2165,7.3788,10.5412,12.2278,12.6494,14.7577,6.3247,-3.1624,1.714286,2.0,1.016281,14,21,5,3,0E-8,-0.04624627,,0E-8,0.000000,0.913460,0.000000,,2026-04-12,2026-04-13,2,21,15,2,1.000000,,,0.000000,,,,,,,,GLOBAL_BASELINE_NO_ENTITY_RANKING,,,NOT_APPLICABLE_GLOBAL_BASELINE,HF9g-P5,,,,X 全窗基线 · 不参与实体赏罚,3923463,393,A168_HF9F_20260827_0900,2026-08-27 09:00:00
2026-04-13,148548395,2222,0,4.0056500748,-4.0056500748,-4.0056500748,0E-7,1,1,0.49324550000000000,0.493245500000,-0.9865810262130424,-0.9865810262130424,-0.9865810262130424,0E-17,ELIGIBLE,R03b_20260811_FULL_v1,L1_ELIGIBILITY,v2026-08-11,2026-03-21..2026-08-06,baccarat_bet02_101_all_pairs_incl_sentinel,round_win = game_pnl > 0 (decisive only),COMPATIBILITY_ONLY_NOT_PRODUCTION,1342.3144,1226.1506,-62.0770,179,109,0.04624627,,0.04624627,0.04624627,62.0770,1342.3144,OK,0.0000,-2.4831,4.0000,96.0000,AG03-UNRESOLVED,ALL5_LEVELS_bet23_to_bet27,-2.4831,-2.4831,-2.4831,-3.7246,-3.7246,4.000000,4.000000,4.000000,6.000000,6.000000,96.000000,96.000000,96.000000,94.000000,94.000000,5.0,-14.8985,-13.5481,-47.1785,-48.5289,PENDING_AG03,FALSE,NOT_FOR_ENFORCEMENT,-59.5940,1177.1045,-62.0770,-59.5940,-2.4831,-0.04624627,-0.04439642,-2.4831,-59.5940,-0.04439642,-2.4831,-2.4831,-2.4831,-3.7246,-3.7246,-59.5940,-0.04439642,-14.8985,-13.5481,-47.1785,-48.5289,-0.03514717,-0.03615315,-0.00184985,7.4990,11.2491,-0.5695,-31.0385,-2.9560,671.1572,54.5000,,7.4990,4.2165,7.3788,10.5412,12.2278,12.6494,14.7577,6.3247,-3.1624,1.714286,2.0,1.016281,14,21,5,3,0E-8,-0.04624627,,0E-8,0.000000,0.913460,0.000000,,2026-04-12,2026-04-13,2,21,15,2,1.000000,,,0.000000,,,,,,,,GLOBAL_BASELINE_NO_ENTITY_RANKING,,,NOT_APPLICABLE_GLOBAL_BASELINE,HF9g-P5,,,,X 全窗基线 · 不参与实体赏罚,3923464,393,A168_HF9F_20260827_0900,2026-08-27 09:00:00
2026-05-09,147469194,1353,0,6.3018590484,-2.1006196828,-2.1006196828,0.5000000,2,2,0.49994810000000000,0.499948100000,0.00014679536856514622,0.00014679536856514622,0.00014679536856514622,0E-17,ELIGIBLE,R03b_20260811_FULL_v1,L1_ELIGIBILITY,v2026-08-11,2026-03-21..2026-08-06,baccarat_bet02_101_all_pairs_incl_sentinel,round_win = game_pnl > 0 (decisive only),COMPATIBILITY_ONLY_NOT_PRODUCTION,121.8359,121.8359,-62.0733,14,10,0.50948276,,0.50948276,0.50948276,62.0733,121.8359,THIN_EXPOSURE,0.0000,-2.4829,4.0000,96.0000,AG03-UNRESOLVED,ALL5_LEVELS_bet23_to_bet27,-2.4829,-2.4829,-2.4829,-2.4829,-2.4829,4.000000,4.000000,4.000000,4.000000,4.000000,96.000000,96.000000,96.000000,96.000000,96.000000,5.0,-12.4147,-11.4604,-49.6586,-50.6129,PENDING_AG03,FALSE,NOT_FOR_ENFORCEMENT,-59.5904,116.9625,-62.0733,-59.5904,-2.4829,-0.50948276,-0.48910345,-2.4829,-59.5904,-0.48910345,-2.4829,-2.4829,-2.4829,-2.4829,-2.4829,-59.5904,-0.48910345,-12.4147,-11.4604,-49.6586,-50.6129,-0.40758621,-0.41541833,-0.02037931,8.7026,12.1836,-6.2073,-31.0367,-15.5183,60.9180,5.0000,,8.7026,2.1006,9.4528,12.6037,17.2251,20.166,21.0062,9.4528,5.0415,2.133333,2.222222,0.920635,4,5,2,4,0E-8,-0.50948276,,0E-8,0.000000,1.000000,0.214286,,2026-05-09,2026-05-10,2,4,4,2,1.000000,,,0.000000,,,,,,,,GLOBAL_BASELINE_NO_ENTITY_RANKING,,,NOT_APPLICABLE_GLOBAL_BASELINE,HF9g-P5,,,,X 全窗基线 · 不参与实体赏罚,3923465,393,A168_HF9F_20260827_0900,2026-08-27 09:00:00
2026-05-09,147469194,2242,0,31.5092952421,14.7043377796,14.7043377796,1.0000000,4,2,0.45139078500019925,0.353729783334,1.559086469342884,1.9115526079644165,1.559086469342884,0.09766100166619925,ELIGIBLE,R03b_20260811_FULL_v1,L1_ELIGIBILITY,v2026-08-11,2026-03-21..2026-08-06,baccarat_bet02_101_all_pairs_incl_sentinel,round_win = game_pnl > 0 (decisive only),COMPATIBILITY_ONLY_NOT_PRODUCTION,121.8359,121.8359,-62.0733,14,10,0.50948276,,0.50948276,0.50948276,62.0733,121.8359,THIN_EXPOSURE,0.0000,-2.4829,4.0000,96.0000,AG03-UNRESOLVED,ALL5_LEVELS_bet23_to_bet27,-2.4829,-2.4829,-2.4829,-2.4829,-2.4829,4.000000,4.000000,4.000000,4.000000,4.000000,96.000000,96.000000,96.000000,96.000000,96.000000,5.0,-12.4147,-11.4604,-49.6586,-50.6129,PENDING_AG03,FALSE,NOT_FOR_ENFORCEMENT,-59.5904,116.9625,-62.0733,-59.5904,-2.4829,-0.50948276,-0.48910345,-2.4829,-59.5904,-0.48910345,-2.4829,-2.4829,-2.4829,-2.4829,-2.4829,-59.5904,-0.48910345,-12.4147,-11.4604,-49.6586,-50.6129,-0.40758621,-0.41541833,-0.02037931,8.7026,12.1836,-6.2073,-31.0367,-15.5183,60.9180,5.0000,,8.7026,2.1006,9.4528,12.6037,17.2251,20.166,21.0062,9.4528,5.0415,2.133333,2.222222,0.920635,4,5,2,4,0E-8,-0.50948276,,0E-8,0.000000,1.000000,0.214286,,2026-05-09,2026-05-10,2,4,4,2,1.000000,,,0.000000,,,,,,,,GLOBAL_BASELINE_NO_ENTITY_RANKING,,,NOT_APPLICABLE_GLOBAL_BASELINE,HF9g-P5,,,,X 全窗基线 · 不参与实体赏罚,3923466,393,A168_HF9F_20260827_0900,2026-08-27 09:00:00
2026-05-09,147469194,2256,0,14.7043377796,6.3018590484,6.3018590484,1.0000000,3,1,0.37366060000000000,0.214214066667,1.294691249002395,1.915261735237109,1.294691249002395,0.15944653333300000,ELIGIBLE,R03b_20260811_FULL_v1,L1_ELIGIBILITY,v2026-08-11,2026-03-21..2026-08-06,baccarat_bet02_101_all_pairs_incl_sentinel,round_win = game_pnl > 0 (decisive only),COMPATIBILITY_ONLY_NOT_PRODUCTION,121.8359,121.8359,-62.0733,14,10,0.50948276,,0.50948276,0.50948276,62.0733,121.8359,THIN_EXPOSURE,0.0000,-2.4829,4.0000,96.0000,AG03-UNRESOLVED,ALL5_LEVELS_bet23_to_bet27,-2.4829,-2.4829,-2.4829,-2.4829,-2.4829,4.000000,4.000000,4.000000,4.000000,4.000000,96.000000,96.000000,96.000000,96.000000,96.000000,5.0,-12.4147,-11.4604,-49.6586,-50.6129,PENDING_AG03,FALSE,NOT_FOR_ENFORCEMENT,-59.5904,116.9625,-62.0733,-59.5904,-2.4829,-0.50948276,-0.48910345,-2.4829,-59.5904,-0.48910345,-2.4829,-2.4829,-2.4829,-2.4829,-2.4829,-59.5904,-0.48910345,-12.4147,-11.4604,-49.6586,-50.6129,-0.40758621,-0.41541833,-0.02037931,8.7026,12.1836,-6.2073,-31.0367,-15.5183,60.9180,5.0000,,8.7026,2.1006,9.4528,12.6037,17.2251,20.166,21.0062,9.4528,5.0415,2.133333,2.222222,0.920635,4,5,2,4,0E-8,-0.50948276,,0E-8,0.000000,1.000000,0.214286,,2026-05-09,2026-05-10,2,4,4,2,1.000000,,,0.000000,,,,,,,,GLOBAL_BASELINE_NO_ENTITY_RANKING,,,NOT_APPLICABLE_GLOBAL_BASELINE,HF9g-P5,,,,X 全窗基线 · 不参与实体赏罚,3923467,393,A168_HF9F_20260827_0900,2026-08-27 09:00:00
2026-05-10,147469194,2188,0,48.3142527045,22.1615376537,22.1615376537,0.7500000,4,4,0.50329940000000000,0.503299400000,0.9868238854431842,0.9868238854431842,0.9868238854431842,0E-17,ELIGIBLE,R03b_20260811_FULL_v1,L1_ELIGIBILITY,v2026-08-11,2026-03-21..2026-08-06,baccarat_bet02_101_all_pairs_incl_sentinel,round_win = game_pnl > 0 (decisive only),COMPATIBILITY_ONLY_NOT_PRODUCTION,121.8359,121.8359,-62.0733,14,10,0.50948276,,0.50948276,0.50948276,62.0733,121.8359,THIN_EXPOSURE,0.0000,-2.4829,4.0000,96.0000,AG03-UNRESOLVED,ALL5_LEVELS_bet23_to_bet27,-2.4829,-2.4829,-2.4829,-2.4829,-2.4829,4.000000,4.000000,4.000000,4.000000,4.000000,96.000000,96.000000,96.000000,96.000000,96.000000,5.0,-12.4147,-11.4604,-49.6586,-50.6129,PENDING_AG03,FALSE,NOT_FOR_ENFORCEMENT,-59.5904,116.9625,-62.0733,-59.5904,-2.4829,-0.50948276,-0.48910345,-2.4829,-59.5904,-0.48910345,-2.4829,-2.4829,-2.4829,-2.4829,-2.4829,-59.5904,-0.48910345,-12.4147,-11.4604,-49.6586,-50.6129,-0.40758621,-0.41541833,-0.02037931,8.7026,12.1836,-6.2073,-31.0367,-15.5183,60.9180,5.0000,,8.7026,2.1006,9.4528,12.6037,17.2251,20.166,21.0062,9.4528,5.0415,2.133333,2.222222,0.920635,4,5,2,4,0E-8,-0.50948276,,0E-8,0.000000,1.000000,0.214286,,2026-05-09,2026-05-10,2,4,4,2,1.000000,,,0.000000,,,,,,,,GLOBAL_BASELINE_NO_ENTITY_RANKING,,,NOT_APPLICABLE_GLOBAL_BASELINE,HF9g-P5,,,,X 全窗基线 · 不参与实体赏罚,3923468,393,A168_HF9F_20260827_0900,2026-08-27 09:00:00
2026-05-10,147469194,970,0,21.0061968281,21.0061968281,21.0061968281,1.0000000,1,1,0.49324550000000000,0.493245500000,1.01360149184955,1.01360149184955,1.01360149184955,0E-17,ELIGIBLE,R03b_20260811_FULL_v1,L1_ELIGIBILITY,v2026-08-11,2026-03-21..2026-08-06,baccarat_bet02_101_all_pairs_incl_sentinel,round_win = game_pnl > 0 (decisive only),COMPATIBILITY_ONLY_NOT_PRODUCTION,121.8359,121.8359,-62.0733,14,10,0.50948276,,0.50948276,0.50948276,62.0733,121.8359,THIN_EXPOSURE,0.0000,-2.4829,4.0000,96.0000,AG03-UNRESOLVED,ALL5_LEVELS_bet23_to_bet27,-2.4829,-2.4829,-2.4829,-2.4829,-2.4829,4.000000,4.000000,4.000000,4.000000,4.000000,96.000000,96.000000,96.000000,96.000000,96.000000,5.0,-12.4147,-11.4604,-49.6586,-50.6129,PENDING_AG03,FALSE,NOT_FOR_ENFORCEMENT,-59.5904,116.9625,-62.0733,-59.5904,-2.4829,-0.50948276,-0.48910345,-2.4829,-59.5904,-0.48910345,-2.4829,-2.4829,-2.4829,-2.4829,-2.4829,-59.5904,-0.48910345,-12.4147,-11.4604,-49.6586,-50.6129,-0.40758621,-0.41541833,-0.02037931,8.7026,12.1836,-6.2073,-31.0367,-15.5183,60.9180,5.0000,,8.7026,2.1006,9.4528,12.6037,17.2251,20.166,21.0062,9.4528,5.0415,2.133333,2.222222,0.920635,4,5,2,4,0E-8,-0.50948276,,0E-8,0.000000,1.000000,0.214286,,2026-05-09,2026-05-10,2,4,4,2,1.000000,,,0.000000,,,,,,,,GLOBAL_BASELINE_NO_ENTITY_RANKING,,,NOT_APPLICABLE_GLOBAL_BASELINE,HF9g-P5,,,,X 全窗基线 · 不参与实体赏罚,3923469,393,A168_HF9F_20260827_0900,2026-08-27 09:00:00
2026-05-25,150545482,-1,1,281.4830374952,51.9903371494,51.9903371494,0.6428571,46,46,0.49907384782608696,0.499073847826,1.8636477008375272,1.8636477008386545,1.8636477008375272,8.696E-14,SENTINEL_DEALER,R03b_20260811_FULL_v1,L1_ELIGIBILITY,v2026-08-11,2026-03-21..2026-08-06,baccarat_bet02_101_all_pairs_incl_sentinel,round_win = game_pnl > 0 (decisive only),COMPATIBILITY_ONLY_NOT_PRODUCTION,424.3252,383.3631,-62.0733,74,74,0.14628713,,0.14628713,0.14628713,62.0733,424.3252,OK,0.0000,-2.4829,4.0000,96.0000,AG03-UNRESOLVED,ALL5_LEVELS_bet23_to_bet27,-2.4829,-2.4829,-2.4829,-2.4829,-2.4829,4.000000,4.000000,4.000000,4.000000,4.000000,96.000000,96.000000,96.000000,96.000000,96.000000,5.0,-12.4147,-11.4604,-49.6586,-50.6129,PENDING_AG03,FALSE,NOT_FOR_ENFORCEMENT,-59.5904,368.0286,-62.0733,-59.5904,-2.4829,-0.14628713,-0.14043564,-2.4829,-59.5904,-0.14043564,-2.4829,-2.4829,-2.4829,-2.4829,-2.4829,-59.5904,-0.14043564,-12.4147,-11.4604,-49.6586,-50.6129,-0.11702970,-0.11927853,-0.00585149,5.7341,5.1806,-0.8388,-62.0733,-3.4485,424.3252,74.0000,,5.7341,4.2012,6.3019,6.3019,6.3019,8.4025,9.999,6.3019,4.0962,1.333333,1.586667,0.90991,18,10,2,2,0E-8,-0.14628713,,0E-8,0.000000,0.903465,0.635135,,2026-05-25,2026-05-25,1,18,18,1,1.000000,,,0.000000,,,,,,,,GLOBAL_BASELINE_NO_ENTITY_RANKING,,,NOT_APPLICABLE_GLOBAL_BASELINE,HF9g-P5,,,,X 全窗基线 · 不参与实体赏罚,3923470,393,A168_HF9F_20260827_0900,2026-08-27 09:00:00
2026-05-25,150545482,1318,0,4.2012393656,-4.2012393656,-4.2012393656,0E-7,1,1,0.50665070000000000,0.506650700000,-1.013391052207602,-1.013391052207602,-1.013391052207602,0E-17,ELIGIBLE,R03b_20260811_FULL_v1,L1_ELIGIBILITY,v2026-08-11,2026-03-21..2026-08-06,baccarat_bet02_101_all_pairs_incl_sentinel,round_win = game_pnl > 0 (decisive only),COMPATIBILITY_ONLY_NOT_PRODUCTION,424.3252,383.3631,-62.0733,74,74,0.14628713,,0.14628713,0.14628713,62.0733,424.3252,OK,0.0000,-2.4829,4.0000,96.0000,AG03-UNRESOLVED,ALL5_LEVELS_bet23_to_bet27,-2.4829,-2.4829,-2.4829,-2.4829,-2.4829,4.000000,4.000000,4.000000,4.000000,4.000000,96.000000,96.000000,96.000000,96.000000,96.000000,5.0,-12.4147,-11.4604,-49.6586,-50.6129,PENDING_AG03,FALSE,NOT_FOR_ENFORCEMENT,-59.5904,368.0286,-62.0733,-59.5904,-2.4829,-0.14628713,-0.14043564,-2.4829,-59.5904,-0.14043564,-2.4829,-2.4829,-2.4829,-2.4829,-2.4829,-59.5904,-0.14043564,-12.4147,-11.4604,-49.6586,-50.6129,-0.11702970,-0.11927853,-0.00585149,5.7341,5.1806,-0.8388,-62.0733,-3.4485,424.3252,74.0000,,5.7341,4.2012,6.3019,6.3019,6.3019,8.4025,9.999,6.3019,4.0962,1.333333,1.586667,0.90991,18,10,2,2,0E-8,-0.14628713,,0E-8,0.000000,0.903465,0.635135,,2026-05-25,2026-05-25,1,18,18,1,1.000000,,,0.000000,,,,,,,,GLOBAL_BASELINE_NO_ENTITY_RANKING,,,NOT_APPLICABLE_GLOBAL_BASELINE,HF9g-P5,,,,X 全窗基线 · 不参与实体赏罚,3923471,393,A168_HF9F_20260827_0900,2026-08-27 09:00:00
2026-05-25,150545482,1994,0,18.9055771452,2.1006196828,2.1006196828,0.5000000,4,4,0.49659680000000000,0.496596800000,0.013613115331600182,0.013613115331600183,0.013613115331600182,0E-17,ELIGIBLE,R03b_20260811_FULL_v1,L1_ELIGIBILITY,v2026-08-11,2026-03-21..2026-08-06,baccarat_bet02_101_all_pairs_incl_sentinel,round_win = game_pnl > 0 (decisive only),COMPATIBILITY_ONLY_NOT_PRODUCTION,424.3252,383.3631,-62.0733,74,74,0.14628713,,0.14628713,0.14628713,62.0733,424.3252,OK,0.0000,-2.4829,4.0000,96.0000,AG03-UNRESOLVED,ALL5_LEVELS_bet23_to_bet27,-2.4829,-2.4829,-2.4829,-2.4829,-2.4829,4.000000,4.000000,4.000000,4.000000,4.000000,96.000000,96.000000,96.000000,96.000000,96.000000,5.0,-12.4147,-11.4604,-49.6586,-50.6129,PENDING_AG03,FALSE,NOT_FOR_ENFORCEMENT,-59.5904,368.0286,-62.0733,-59.5904,-2.4829,-0.14628713,-0.14043564,-2.4829,-59.5904,-0.14043564,-2.4829,-2.4829,-2.4829,-2.4829,-2.4829,-59.5904,-0.14043564,-12.4147,-11.4604,-49.6586,-50.6129,-0.11702970,-0.11927853,-0.00585149,5.7341,5.1806,-0.8388,-62.0733,-3.4485,424.3252,74.0000,,5.7341,4.2012,6.3019,6.3019,6.3019,8.4025,9.999,6.3019,4.0962,1.333333,1.586667,0.90991,18,10,2,2,0E-8,-0.14628713,,0E-8,0.000000,0.903465,0.635135,,2026-05-25,2026-05-25,1,18,18,1,1.000000,,,0.000000,,,,,,,,GLOBAL_BASELINE_NO_ENTITY_RANKING,,,NOT_APPLICABLE_GLOBAL_BASELINE,HF9g-P5,,,,X 全窗基线 · 不参与实体赏罚,3923472,393,A168_HF9F_20260827_0900,2026-08-27 09:00:00
2026-05-25,150545482,2201,0,6.3018590484,0E-10,0E-10,,1,1,0.50665070000000000,0.506650700000,,,,0E-17,NO_DECISIVE_ROUND,R03b_20260811_FULL_v1,L1_ELIGIBILITY,v2026-08-11,2026-03-21..2026-08-06,baccarat_bet02_101_all_pairs_incl_sentinel,round_win = game_pnl > 0 (decisive only),COMPATIBILITY_ONLY_NOT_PRODUCTION,424.3252,383.3631,-62.0733,74,74,0.14628713,,0.14628713,0.14628713,62.0733,424.3252,OK,0.0000,-2.4829,4.0000,96.0000,AG03-UNRESOLVED,ALL5_LEVELS_bet23_to_bet27,-2.4829,-2.4829,-2.4829,-2.4829,-2.4829,4.000000,4.000000,4.000000,4.000000,4.000000,96.000000,96.000000,96.000000,96.000000,96.000000,5.0,-12.4147,-11.4604,-49.6586,-50.6129,PENDING_AG03,FALSE,NOT_FOR_ENFORCEMENT,-59.5904,368.0286,-62.0733,-59.5904,-2.4829,-0.14628713,-0.14043564,-2.4829,-59.5904,-0.14043564,-2.4829,-2.4829,-2.4829,-2.4829,-2.4829,-59.5904,-0.14043564,-12.4147,-11.4604,-49.6586,-50.6129,-0.11702970,-0.11927853,-0.00585149,5.7341,5.1806,-0.8388,-62.0733,-3.4485,424.3252,74.0000,,5.7341,4.2012,6.3019,6.3019,6.3019,8.4025,9.999,6.3019,4.0962,1.333333,1.586667,0.90991,18,10,2,2,0E-8,-0.14628713,,0E-8,0.000000,0.903465,0.635135,,2026-05-25,2026-05-25,1,18,18,1,1.000000,,,0.000000,,,,,,,,GLOBAL_BASELINE_NO_ENTITY_RANKING,,,NOT_APPLICABLE_GLOBAL_BASELINE,HF9g-P5,,,,X 全窗基线 · 不参与实体赏罚,3923473,393,A168_HF9F_20260827_0900,2026-08-27 09:00:00
2026-05-25,150545482,2223,0,10.5030984140,-10.5030984140,-10.5030984140,0E-7,2,2,0.49324550000000000,0.493245500000,-1.3952362676504506,-1.3952362676504506,-1.3952362676504506,0E-17,ELIGIBLE,R03b_20260811_FULL_v1,L1_ELIGIBILITY,v2026-08-11,2026-03-21..2026-08-06,baccarat_bet02_101_all_pairs_incl_sentinel,round_win = game_pnl > 0 (decisive only),COMPATIBILITY_ONLY_NOT_PRODUCTION,424.3252,383.3631,-62.0733,74,74,0.14628713,,0.14628713,0.14628713,62.0733,424.3252,OK,0.0000,-2.4829,4.0000,96.0000,AG03-UNRESOLVED,ALL5_LEVELS_bet23_to_bet27,-2.4829,-2.4829,-2.4829,-2.4829,-2.4829,4.000000,4.000000,4.000000,4.000000,4.000000,96.000000,96.000000,96.000000,96.000000,96.000000,5.0,-12.4147,-11.4604,-49.6586,-50.6129,PENDING_AG03,FALSE,NOT_FOR_ENFORCEMENT,-59.5904,368.0286,-62.0733,-59.5904,-2.4829,-0.14628713,-0.14043564,-2.4829,-59.5904,-0.14043564,-2.4829,-2.4829,-2.4829,-2.4829,-2.4829,-59.5904,-0.14043564,-12.4147,-11.4604,-49.6586,-50.6129,-0.11702970,-0.11927853,-0.00585149,5.7341,5.1806,-0.8388,-62.0733,-3.4485,424.3252,74.0000,,5.7341,4.2012,6.3019,6.3019,6.3019,8.4025,9.999,6.3019,4.0962,1.333333,1.586667,0.90991,18,10,2,2,0E-8,-0.14628713,,0E-8,0.000000,0.903465,0.635135,,2026-05-25,2026-05-25,1,18,18,1,1.000000,,,0.000000,,,,,,,,GLOBAL_BASELINE_NO_ENTITY_RANKING,,,NOT_APPLICABLE_GLOBAL_BASELINE,HF9g-P5,,,,X 全窗基线 · 不参与实体赏罚,3923474,393,A168_HF9F_20260827_0900,2026-08-27 09:00:00
2026-05-25,150545482,2230,0,4.2012393656,-4.2012393656,-4.2012393656,0E-7,1,1,0.49324550000000000,0.493245500000,-0.9865810262130424,-0.9865810262130424,-0.9865810262130424,0E-17,ELIGIBLE,R03b_20260811_FULL_v1,L1_ELIGIBILITY,v2026-08-11,2026-03-21..2026-08-06,baccarat_bet02_101_all_pairs_incl_sentinel,round_win = game_pnl > 0 (decisive only),COMPATIBILITY_ONLY_NOT_PRODUCTION,424.3252,383.3631,-62.0733,74,74,0.14628713,,0.14628713,0.14628713,62.0733,424.3252,OK,0.0000,-2.4829,4.0000,96.0000,AG03-UNRESOLVED,ALL5_LEVELS_bet23_to_bet27,-2.4829,-2.4829,-2.4829,-2.4829,-2.4829,4.000000,4.000000,4.000000,4.000000,4.000000,96.000000,96.000000,96.000000,96.000000,96.000000,5.0,-12.4147,-11.4604,-49.6586,-50.6129,PENDING_AG03,FALSE,NOT_FOR_ENFORCEMENT,-59.5904,368.0286,-62.0733,-59.5904,-2.4829,-0.14628713,-0.14043564,-2.4829,-59.5904,-0.14043564,-2.4829,-2.4829,-2.4829,-2.4829,-2.4829,-59.5904,-0.14043564,-12.4147,-11.4604,-49.6586,-50.6129,-0.11702970,-0.11927853,-0.00585149,5.7341,5.1806,-0.8388,-62.0733,-3.4485,424.3252,74.0000,,5.7341,4.2012,6.3019,6.3019,6.3019,8.4025,9.999,6.3019,4.0962,1.333333,1.586667,0.90991,18,10,2,2,0E-8,-0.14628713,,0E-8,0.000000,0.903465,0.635135,,2026-05-25,2026-05-25,1,18,18,1,1.000000,,,0.000000,,,,,,,,GLOBAL_BASELINE_NO_ENTITY_RANKING,,,NOT_APPLICABLE_GLOBAL_BASELINE,HF9g-P5,,,,X 全窗基线 · 不参与实体赏罚,3923475,393,A168_HF9F_20260827_0900,2026-08-27 09:00:00
2026-05-25,150545482,2234,0,12.6037180968,-8.4024787312,-8.4024787312,0E-7,3,3,0.50665070000000000,0.506650700000,-1.4331513700195317,-1.4331513700195317,-1.4331513700195317,0E-17,ELIGIBLE,R03b_20260811_FULL_v1,L1_ELIGIBILITY,v2026-08-11,2026-03-21..2026-08-06,baccarat_bet02_101_all_pairs_incl_sentinel,round_win = game_pnl > 0 (decisive only),COMPATIBILITY_ONLY_NOT_PRODUCTION,424.3252,383.3631,-62.0733,74,74,0.14628713,,0.14628713,0.14628713,62.0733,424.3252,OK,0.0000,-2.4829,4.0000,96.0000,AG03-UNRESOLVED,ALL5_LEVELS_bet23_to_bet27,-2.4829,-2.4829,-2.4829,-2.4829,-2.4829,4.000000,4.000000,4.000000,4.000000,4.000000,96.000000,96.000000,96.000000,96.000000,96.000000,5.0,-12.4147,-11.4604,-49.6586,-50.6129,PENDING_AG03,FALSE,NOT_FOR_ENFORCEMENT,-59.5904,368.0286,-62.0733,-59.5904,-2.4829,-0.14628713,-0.14043564,-2.4829,-59.5904,-0.14043564,-2.4829,-2.4829,-2.4829,-2.4829,-2.4829,-59.5904,-0.14043564,-12.4147,-11.4604,-49.6586,-50.6129,-0.11702970,-0.11927853,-0.00585149,5.7341,5.1806,-0.8388,-62.0733,-3.4485,424.3252,74.0000,,5.7341,4.2012,6.3019,6.3019,6.3019,8.4025,9.999,6.3019,4.0962,1.333333,1.586667,0.90991,18,10,2,2,0E-8,-0.14628713,,0E-8,0.000000,0.903465,0.635135,,2026-05-25,2026-05-25,1,18,18,1,1.000000,,,0.000000,,,,,,,,GLOBAL_BASELINE_NO_ENTITY_RANKING,,,NOT_APPLICABLE_GLOBAL_BASELINE,HF9g-P5,,,,X 全窗基线 · 不参与实体赏罚,3923476,393,A168_HF9F_20260827_0900,2026-08-27 09:00:00
2026-05-25,150545482,2239,0,63.0185904840,25.2074361936,25.2074361936,0.7272727,11,11,0.49324550000000000,0.493245500000,1.5525026741434669,1.5525026741434669,1.5525026741434669,0E-17,ELIGIBLE,R03b_20260811_FULL_v1,L1_ELIGIBILITY,v2026-08-11,2026-03-21..2026-08-06,baccarat_bet02_101_all_pairs_incl_sentinel,round_win = game_pnl > 0 (decisive only),COMPATIBILITY_ONLY_NOT_PRODUCTION,424.3252,383.3631,-62.0733,74,74,0.14628713,,0.14628713,0.14628713,62.0733,424.3252,OK,0.0000,-2.4829,4.0000,96.0000,AG03-UNRESOLVED,ALL5_LEVELS_bet23_to_bet27,-2.4829,-2.4829,-2.4829,-2.4829,-2.4829,4.000000,4.000000,4.000000,4.000000,4.000000,96.000000,96.000000,96.000000,96.000000,96.000000,5.0,-12.4147,-11.4604,-49.6586,-50.6129,PENDING_AG03,FALSE,NOT_FOR_ENFORCEMENT,-59.5904,368.0286,-62.0733,-59.5904,-2.4829,-0.14628713,-0.14043564,-2.4829,-59.5904,-0.14043564,-2.4829,-2.4829,-2.4829,-2.4829,-2.4829,-59.5904,-0.14043564,-12.4147,-11.4604,-49.6586,-50.6129,-0.11702970,-0.11927853,-0.00585149,5.7341,5.1806,-0.8388,-62.0733,-3.4485,424.3252,74.0000,,5.7341,4.2012,6.3019,6.3019,6.3019,8.4025,9.999,6.3019,4.0962,1.333333,1.586667,0.90991,18,10,2,2,0E-8,-0.14628713,,0E-8,0.000000,0.903465,0.635135,,2026-05-25,2026-05-25,1,18,18,1,1.000000,,,0.000000,,,,,,,,GLOBAL_BASELINE_NO_ENTITY_RANKING,,,NOT_APPLICABLE_GLOBAL_BASELINE,HF9g-P5,,,,X 全窗基线 · 不参与实体赏罚,3923477,393,A168_HF9F_20260827_0900,2026-08-27 09:00:00
2026-05-25,150545482,2252,0,12.6037180968,3.7811154290,3.7811154290,0.6666667,3,3,0.50665070000000000,0.506650700000,0.5543606114942035,0.5543606114942035,0.5543606114942035,0E-17,ELIGIBLE,R03b_20260811_FULL_v1,L1_ELIGIBILITY,v2026-08-11,2026-03-21..2026-08-06,baccarat_bet02_101_all_pairs_incl_sentinel,round_win = game_pnl > 0 (decisive only),COMPATIBILITY_ONLY_NOT_PRODUCTION,424.3252,383.3631,-62.0733,74,74,0.14628713,,0.14628713,0.14628713,62.0733,424.3252,OK,0.0000,-2.4829,4.0000,96.0000,AG03-UNRESOLVED,ALL5_LEVELS_bet23_to_bet27,-2.4829,-2.4829,-2.4829,-2.4829,-2.4829,4.000000,4.000000,4.000000,4.000000,4.000000,96.000000,96.000000,96.000000,96.000000,96.000000,5.0,-12.4147,-11.4604,-49.6586,-50.6129,PENDING_AG03,FALSE,NOT_FOR_ENFORCEMENT,-59.5904,368.0286,-62.0733,-59.5904,-2.4829,-0.14628713,-0.14043564,-2.4829,-59.5904,-0.14043564,-2.4829,-2.4829,-2.4829,-2.4829,-2.4829,-59.5904,-0.14043564,-12.4147,-11.4604,-49.6586,-50.6129,-0.11702970,-0.11927853,-0.00585149,5.7341,5.1806,-0.8388,-62.0733,-3.4485,424.3252,74.0000,,5.7341,4.2012,6.3019,6.3019,6.3019,8.4025,9.999,6.3019,4.0962,1.333333,1.586667,0.90991,18,10,2,2,0E-8,-0.14628713,,0E-8,0.000000,0.903465,0.635135,,2026-05-25,2026-05-25,1,18,18,1,1.000000,,,0.000000,,,,,,,,GLOBAL_BASELINE_NO_ENTITY_RANKING,,,NOT_APPLICABLE_GLOBAL_BASELINE,HF9g-P5,,,,X 全窗基线 · 不参与实体赏罚,3923478,393,A168_HF9F_20260827_0900,2026-08-27 09:00:00
2026-05-25,150545482,529,0,10.5030984140,6.3018590484,6.3018590484,1.0000000,2,2,0.49324550000000000,0.493245500000,1.01360149184955,1.01360149184955,1.01360149184955,0E-17,ELIGIBLE,R03b_20260811_FULL_v1,L1_ELIGIBILITY,v2026-08-11,2026-03-21..2026-08-06,baccarat_bet02_101_all_pairs_incl_sentinel,round_win = game_pnl > 0 (decisive only),COMPATIBILITY_ONLY_NOT_PRODUCTION,424.3252,383.3631,-62.0733,74,74,0.14628713,,0.14628713,0.14628713,62.0733,424.3252,OK,0.0000,-2.4829,4.0000,96.0000,AG03-UNRESOLVED,ALL5_LEVELS_bet23_to_bet27,-2.4829,-2.4829,-2.4829,-2.4829,-2.4829,4.000000,4.000000,4.000000,4.000000,4.000000,96.000000,96.000000,96.000000,96.000000,96.000000,5.0,-12.4147,-11.4604,-49.6586,-50.6129,PENDING_AG03,FALSE,NOT_FOR_ENFORCEMENT,-59.5904,368.0286,-62.0733,-59.5904,-2.4829,-0.14628713,-0.14043564,-2.4829,-59.5904,-0.14043564,-2.4829,-2.4829,-2.4829,-2.4829,-2.4829,-59.5904,-0.14043564,-12.4147,-11.4604,-49.6586,-50.6129,-0.11702970,-0.11927853,-0.00585149,5.7341,5.1806,-0.8388,-62.0733,-3.4485,424.3252,74.0000,,5.7341,4.2012,6.3019,6.3019,6.3019,8.4025,9.999,6.3019,4.0962,1.333333,1.586667,0.90991,18,10,2,2,0E-8,-0.14628713,,0E-8,0.000000,0.903465,0.635135,,2026-05-25,2026-05-25,1,18,18,1,1.000000,,,0.000000,,,,,,,,GLOBAL_BASELINE_NO_ENTITY_RANKING,,,NOT_APPLICABLE_GLOBAL_BASELINE,HF9g-P5,,,,X 全窗基线 · 不参与实体赏罚,3923479,393,A168_HF9F_20260827_0900,2026-08-27 09:00:00
2026-05-10,111457357,-1,1,12.6037180968,-12.6037180968,-12.6037180968,0E-7,1,1,0.50665070000000000,0.506650700000,-1.013391052207602,-1.013391052207602,-1.013391052207602,0E-17,SENTINEL_DEALER,R03b_20260811_FULL_v1,L1_ELIGIBILITY,v2026-08-11,2026-03-21..2026-08-06,baccarat_bet02_101_all_pairs_incl_sentinel,round_win = game_pnl > 0 (decisive only),COMPATIBILITY_ONLY_NOT_PRODUCTION,542.3800,457.3049,-62.0733,51,38,0.11444617,,0.11444617,0.11444617,62.0733,542.3800,OK,0.0000,-2.4829,4.0000,96.0000,AG03-UNRESOLVED,ALL5_LEVELS_bet23_to_bet27,-2.4829,-2.4829,-2.4829,-4.3451,-4.3451,4.000000,4.000000,4.000000,7.000000,7.000000,96.000000,96.000000,96.000000,93.000000,93.000000,5.0,-16.1391,-14.5743,-45.9343,-47.499,PENDING_AG03,FALSE,NOT_FOR_ENFORCEMENT,-59.5904,439.0127,-62.0733,-59.5904,-2.4829,-0.11444617,-0.10986832,-2.4829,-59.5904,-0.10986832,-2.4829,-2.4829,-2.4829,-4.3451,-4.3451,-59.5904,-0.10986832,-16.1391,-14.5743,-45.9343,-47.499,-0.08469016,-0.08757514,-0.00457785,10.6349,12.0343,-1.6335,-62.0733,-10.3456,542.3800,38.0000,,10.6349,3.6761,12.6037,15.4921,17.8553,18.9056,20.9957,10.5031,-1.0503,1.5,1.665834,0.843791,5,6,1,3,0E-8,-0.11444617,,0E-8,0.000000,0.843145,0.921569,,2026-05-10,2026-05-10,1,6,5,1,1.000000,,,0.000000,,,,,,,,GLOBAL_BASELINE_NO_ENTITY_RANKING,,,NOT_APPLICABLE_GLOBAL_BASELINE,HF9g-P5,,,,X 全窗基线 · 不参与实体赏罚,3923480,393,A168_HF9F_20260827_0900,2026-08-27 09:00:00
2026-05-10,111457357,1399,0,48.3142527044,31.5092952420,31.5092952420,0.7500000,4,4,0.49994810000000000,0.499948100000,1.0002076053883384,1.0002076053883384,1.0002076053883384,0E-17,ELIGIBLE,R03b_20260811_FULL_v1,L1_ELIGIBILITY,v2026-08-11,2026-03-21..2026-08-06,baccarat_bet02_101_all_pairs_incl_sentinel,round_win = game_pnl > 0 (decisive only),COMPATIBILITY_ONLY_NOT_PRODUCTION,542.3800,457.3049,-62.0733,51,38,0.11444617,,0.11444617,0.11444617,62.0733,542.3800,OK,0.0000,-2.4829,4.0000,96.0000,AG03-UNRESOLVED,ALL5_LEVELS_bet23_to_bet27,-2.4829,-2.4829,-2.4829,-4.3451,-4.3451,4.000000,4.000000,4.000000,7.000000,7.000000,96.000000,96.000000,96.000000,93.000000,93.000000,5.0,-16.1391,-14.5743,-45.9343,-47.499,PENDING_AG03,FALSE,NOT_FOR_ENFORCEMENT,-59.5904,439.0127,-62.0733,-59.5904,-2.4829,-0.11444617,-0.10986832,-2.4829,-59.5904,-0.10986832,-2.4829,-2.4829,-2.4829,-4.3451,-4.3451,-59.5904,-0.10986832,-16.1391,-14.5743,-45.9343,-47.499,-0.08469016,-0.08757514,-0.00457785,10.6349,12.0343,-1.6335,-62.0733,-10.3456,542.3800,38.0000,,10.6349,3.6761,12.6037,15.4921,17.8553,18.9056,20.9957,10.5031,-1.0503,1.5,1.665834,0.843791,5,6,1,3,0E-8,-0.11444617,,0E-8,0.000000,0.843145,0.921569,,2026-05-10,2026-05-10,1,6,5,1,1.000000,,,0.000000,,,,,,,,GLOBAL_BASELINE_NO_ENTITY_RANKING,,,NOT_APPLICABLE_GLOBAL_BASELINE,HF9g-P5,,,,X 全窗基线 · 不参与实体赏罚,3923481,393,A168_HF9F_20260827_0900,2026-08-27 09:00:00
2026-05-10,111457357,1509,0,290.3056401638,-7.2471379055,-7.2471379055,0.4705882,26,19,0.48682276189094715,0.409734526316,-0.1339198515396451,0.5101954049239145,-0.1339198515396451,0.07708823557494715,ELIGIBLE,R03b_20260811_FULL_v1,L1_ELIGIBILITY,v2026-08-11,2026-03-21..2026-08-06,baccarat_bet02_101_all_pairs_incl_sentinel,round_win = game_pnl > 0 (decisive only),COMPATIBILITY_ONLY_NOT_PRODUCTION,542.3800,457.3049,-62.0733,51,38,0.11444617,,0.11444617,0.11444617,62.0733,542.3800,OK,0.0000,-2.4829,4.0000,96.0000,AG03-UNRESOLVED,ALL5_LEVELS_bet23_to_bet27,-2.4829,-2.4829,-2.4829,-4.3451,-4.3451,4.000000,4.000000,4.000000,7.000000,7.000000,96.000000,96.000000,96.000000,93.000000,93.000000,5.0,-16.1391,-14.5743,-45.9343,-47.499,PENDING_AG03,FALSE,NOT_FOR_ENFORCEMENT,-59.5904,439.0127,-62.0733,-59.5904,-2.4829,-0.11444617,-0.10986832,-2.4829,-59.5904,-0.10986832,-2.4829,-2.4829,-2.4829,-4.3451,-4.3451,-59.5904,-0.10986832,-16.1391,-14.5743,-45.9343,-47.499,-0.08469016,-0.08757514,-0.00457785,10.6349,12.0343,-1.6335,-62.0733,-10.3456,542.3800,38.0000,,10.6349,3.6761,12.6037,15.4921,17.8553,18.9056,20.9957,10.5031,-1.0503,1.5,1.665834,0.843791,5,6,1,3,0E-8,-0.11444617,,0E-8,0.000000,0.843145,0.921569,,2026-05-10,2026-05-10,1,6,5,1,1.000000,,,0.000000,,,,,,,,GLOBAL_BASELINE_NO_ENTITY_RANKING,,,NOT_APPLICABLE_GLOBAL_BASELINE,HF9g-P5,,,,X 全窗基线 · 不参与实体赏罚,3923482,393,A168_HF9F_20260827_0900,2026-08-27 09:00:00
2026-05-10,111457357,2175,0,37.8111542905,16.8049574625,16.8049574625,0.6666667,3,3,0.50218230000000000,0.502182300000,0.5697959874915163,0.5697959874915164,0.5697959874915163,0E-17,ELIGIBLE,R03b_20260811_FULL_v1,L1_ELIGIBILITY,v2026-08-11,2026-03-21..2026-08-06,baccarat_bet02_101_all_pairs_incl_sentinel,round_win = game_pnl > 0 (decisive only),COMPATIBILITY_ONLY_NOT_PRODUCTION,542.3800,457.3049,-62.0733,51,38,0.11444617,,0.11444617,0.11444617,62.0733,542.3800,OK,0.0000,-2.4829,4.0000,96.0000,AG03-UNRESOLVED,ALL5_LEVELS_bet23_to_bet27,-2.4829,-2.4829,-2.4829,-4.3451,-4.3451,4.000000,4.000000,4.000000,7.000000,7.000000,96.000000,96.000000,96.000000,93.000000,93.000000,5.0,-16.1391,-14.5743,-45.9343,-47.499,PENDING_AG03,FALSE,NOT_FOR_ENFORCEMENT,-59.5904,439.0127,-62.0733,-59.5904,-2.4829,-0.11444617,-0.10986832,-2.4829,-59.5904,-0.10986832,-2.4829,-2.4829,-2.4829,-4.3451,-4.3451,-59.5904,-0.10986832,-16.1391,-14.5743,-45.9343,-47.499,-0.08469016,-0.08757514,-0.00457785,10.6349,12.0343,-1.6335,-62.0733,-10.3456,542.3800,38.0000,,10.6349,3.6761,12.6037,15.4921,17.8553,18.9056,20.9957,10.5031,-1.0503,1.5,1.665834,0.843791,5,6,1,3,0E-8,-0.11444617,,0E-8,0.000000,0.843145,0.921569,,2026-05-10,2026-05-10,1,6,5,1,1.000000,,,0.000000,,,,,,,,GLOBAL_BASELINE_NO_ENTITY_RANKING,,,NOT_APPLICABLE_GLOBAL_BASELINE,HF9g-P5,,,,X 全窗基线 · 不参与实体赏罚,3923483,393,A168_HF9F_20260827_0900,2026-08-27 09:00:00
2026-05-10,111457357,2177,0,31.5092952420,10.5030984140,10.5030984140,0.6666667,3,3,0.49771390000000000,0.497713900000,0.5852756695216578,0.5852756695216578,0.5852756695216578,0E-17,ELIGIBLE,R03b_20260811_FULL_v1,L1_ELIGIBILITY,v2026-08-11,2026-03-21..2026-08-06,baccarat_bet02_101_all_pairs_incl_sentinel,round_win = game_pnl > 0 (decisive only),COMPATIBILITY_ONLY_NOT_PRODUCTION,542.3800,457.3049,-62.0733,51,38,0.11444617,,0.11444617,0.11444617,62.0733,542.3800,OK,0.0000,-2.4829,4.0000,96.0000,AG03-UNRESOLVED,ALL5_LEVELS_bet23_to_bet27,-2.4829,-2.4829,-2.4829,-4.3451,-4.3451,4.000000,4.000000,4.000000,7.000000,7.000000,96.000000,96.000000,96.000000,93.000000,93.000000,5.0,-16.1391,-14.5743,-45.9343,-47.499,PENDING_AG03,FALSE,NOT_FOR_ENFORCEMENT,-59.5904,439.0127,-62.0733,-59.5904,-2.4829,-0.11444617,-0.10986832,-2.4829,-59.5904,-0.10986832,-2.4829,-2.4829,-2.4829,-4.3451,-4.3451,-59.5904,-0.10986832,-16.1391,-14.5743,-45.9343,-47.499,-0.08469016,-0.08757514,-0.00457785,10.6349,12.0343,-1.6335,-62.0733,-10.3456,542.3800,38.0000,,10.6349,3.6761,12.6037,15.4921,17.8553,18.9056,20.9957,10.5031,-1.0503,1.5,1.665834,0.843791,5,6,1,3,0E-8,-0.11444617,,0E-8,0.000000,0.843145,0.921569,,2026-05-10,2026-05-10,1,6,5,1,1.000000,,,0.000000,,,,,,,,GLOBAL_BASELINE_NO_ENTITY_RANKING,,,NOT_APPLICABLE_GLOBAL_BASELINE,HF9g-P5,,,,X 全窗基线 · 不参与实体赏罚,3923484,393,A168_HF9F_20260827_0900,2026-08-27 09:00:00
2026-05-10,111457357,2248,0,121.8359416026,23.1068165109,23.1068165109,0.5714286,14,8,0.46853326197916667,0.322044125000,0.5455522348102516,1.41208220238081,0.5455522348102516,0.14648913697916667,ELIGIBLE,R03b_20260811_FULL_v1,L1_ELIGIBILITY,v2026-08-11,2026-03-21..2026-08-06,baccarat_bet02_101_all_pairs_incl_sentinel,round_win = game_pnl > 0 (decisive only),COMPATIBILITY_ONLY_NOT_PRODUCTION,542.3800,457.3049,-62.0733,51,38,0.11444617,,0.11444617,0.11444617,62.0733,542.3800,OK,0.0000,-2.4829,4.0000,96.0000,AG03-UNRESOLVED,ALL5_LEVELS_bet23_to_bet27,-2.4829,-2.4829,-2.4829,-4.3451,-4.3451,4.000000,4.000000,4.000000,7.000000,7.000000,96.000000,96.000000,96.000000,93.000000,93.000000,5.0,-16.1391,-14.5743,-45.9343,-47.499,PENDING_AG03,FALSE,NOT_FOR_ENFORCEMENT,-59.5904,439.0127,-62.0733,-59.5904,-2.4829,-0.11444617,-0.10986832,-2.4829,-59.5904,-0.10986832,-2.4829,-2.4829,-2.4829,-4.3451,-4.3451,-59.5904,-0.10986832,-16.1391,-14.5743,-45.9343,-47.499,-0.08469016,-0.08757514,-0.00457785,10.6349,12.0343,-1.6335,-62.0733,-10.3456,542.3800,38.0000,,10.6349,3.6761,12.6037,15.4921,17.8553,18.9056,20.9957,10.5031,-1.0503,1.5,1.665834,0.843791,5,6,1,3,0E-8,-0.11444617,,0E-8,0.000000,0.843145,0.921569,,2026-05-10,2026-05-10,1,6,5,1,1.000000,,,0.000000,,,,,,,,GLOBAL_BASELINE_NO_ENTITY_RANKING,,,NOT_APPLICABLE_GLOBAL_BASELINE,HF9g-P5,,,,X 全窗基线 · 不参与实体赏罚,3923485,393,A168_HF9F_20260827_0900,2026-08-27 09:00:00
2026-04-01,148057953,1331,0,6.8965517241,6.8965517241,6.8965517241,1.0000000,1,1,0.49324550000000000,0.493245500000,1.01360149184955,1.01360149184955,1.01360149184955,0E-17,ELIGIBLE,R03b_20260811_FULL_v1,L1_ELIGIBILITY,v2026-08-11,2026-03-21..2026-08-06,baccarat_bet02_101_all_pairs_incl_sentinel,round_win = game_pnl > 0 (decisive only),COMPATIBILITY_ONLY_NOT_PRODUCTION,27.5862,13.7931,-62.0690,3,2,2.25000000,,2.25000000,2.25000000,62.0690,27.5862,THIN_EXPOSURE,0.0000,-2.4828,4.0000,96.0000,AG03-UNRESOLVED,ALL5_LEVELS_bet23_to_bet27,-2.4828,-2.4828,-2.4828,-2.4828,0.0000,4.000000,4.000000,4.000000,4.000000,0.000000,96.000000,96.000000,96.000000,96.000000,100.000000,5.0,-9.9310,-9.3509,-52.1379,-52.7181,PENDING_AG03,FALSE,NOT_FOR_ENFORCEMENT,-59.5862,13.2414,-62.0690,-59.5862,-2.4828,-2.25000000,-2.16000000,-2.4828,-59.5862,-2.16000000,-2.4828,-2.4828,-2.4828,-2.4828,0.0000,-59.5862,-2.16000000,-9.9310,-9.3509,-52.1379,-52.7181,-1.89000000,-1.91102976,-0.09000000,9.1954,6.8966,-31.0345,-62.0690,-62.0690,27.5862,2.0000,,9.1954,6.8966,6.8966,12.069,13.7931,13.7931,13.7931,6.8966,6.8966,2.0,2.0,1.333333,1,2,1,2,0E-8,-2.25000000,,0E-8,0.000000,0.500000,0.000000,,2026-04-01,2026-04-01,1,1,1,1,1.000000,,,0.000000,,,,,,,,GLOBAL_BASELINE_NO_ENTITY_RANKING,,,NOT_APPLICABLE_GLOBAL_BASELINE,HF9g-P5,,,,X 全窗基线 · 不参与实体赏罚,3923486,393,A168_HF9F_20260827_0900,2026-08-27 09:00:00
2026-04-01,148057953,2088,0,20.6896551724,55.1724137931,55.1724137931,1.0000000,2,1,0.36036460000064226,0.293924150000,1.3322790070042207,1.549915577879723,1.3322790070042207,0.06644045000064226,ELIGIBLE,R03b_20260811_FULL_v1,L1_ELIGIBILITY,v2026-08-11,2026-03-21..2026-08-06,baccarat_bet02_101_all_pairs_incl_sentinel,round_win = game_pnl > 0 (decisive only),COMPATIBILITY_ONLY_NOT_PRODUCTION,27.5862,13.7931,-62.0690,3,2,2.25000000,,2.25000000,2.25000000,62.0690,27.5862,THIN_EXPOSURE,0.0000,-2.4828,4.0000,96.0000,AG03-UNRESOLVED,ALL5_LEVELS_bet23_to_bet27,-2.4828,-2.4828,-2.4828,-2.4828,0.0000,4.000000,4.000000,4.000000,4.000000,0.000000,96.000000,96.000000,96.000000,96.000000,100.000000,5.0,-9.9310,-9.3509,-52.1379,-52.7181,PENDING_AG03,FALSE,NOT_FOR_ENFORCEMENT,-59.5862,13.2414,-62.0690,-59.5862,-2.4828,-2.25000000,-2.16000000,-2.4828,-59.5862,-2.16000000,-2.4828,-2.4828,-2.4828,-2.4828,0.0000,-59.5862,-2.16000000,-9.9310,-9.3509,-52.1379,-52.7181,-1.89000000,-1.91102976,-0.09000000,9.1954,6.8966,-31.0345,-62.0690,-62.0690,27.5862,2.0000,,9.1954,6.8966,6.8966,12.069,13.7931,13.7931,13.7931,6.8966,6.8966,2.0,2.0,1.333333,1,2,1,2,0E-8,-2.25000000,,0E-8,0.000000,0.500000,0.000000,,2026-04-01,2026-04-01,1,1,1,1,1.000000,,,0.000000,,,,,,,,GLOBAL_BASELINE_NO_ENTITY_RANKING,,,NOT_APPLICABLE_GLOBAL_BASELINE,HF9g-P5,,,,X 全窗基线 · 不参与实体赏罚,3923487,393,A168_HF9F_20260827_0900,2026-08-27 09:00:00
2026-04-13,143027489,994,0,275.8620689656,62.0689655172,62.0689655172,0.6666667,4,4,0.50665070000000000,0.506650700000,0.5543606114942035,0.5543606114942035,0.5543606114942035,0E-17,ELIGIBLE,R03b_20260811_FULL_v1,L1_ELIGIBILITY,v2026-08-11,2026-03-21..2026-08-06,baccarat_bet02_101_all_pairs_incl_sentinel,round_win = game_pnl > 0 (decisive only),COMPATIBILITY_ONLY_NOT_PRODUCTION,275.8621,206.8966,-62.0690,4,4,0.22500000,,0.22500000,0.22500000,62.0690,275.8621,THIN_EXPOSURE,0.0000,-2.4828,4.0000,96.0000,AG03-UNRESOLVED,ALL5_LEVELS_bet23_to_bet27,-2.4828,-2.4828,-2.4828,-2.4828,-2.4828,4.000000,4.000000,4.000000,4.000000,4.000000,96.000000,96.000000,96.000000,96.000000,96.000000,5.0,-12.4138,-11.4596,-49.6552,-50.6093,PENDING_AG03,FALSE,NOT_FOR_ENFORCEMENT,-59.5862,198.6207,-62.0690,-59.5862,-2.4828,-0.22500000,-0.21600000,-2.4828,-59.5862,-0.21600000,-2.4828,-2.4828,-2.4828,-2.4828,-2.4828,-59.5862,-0.21600000,-12.4138,-11.4596,-49.6552,-50.6093,-0.18000000,-0.18345886,-0.00900000,68.9655,51.7241,-15.5172,-62.0690,-62.0690,275.8621,4.0000,,68.9655,68.9655,68.9655,68.9655,68.9655,68.9655,68.9655,68.9655,32.7586,1.0,1.0,1.0,1,1,1,1,0E-8,-0.22500000,,0E-8,0.000000,0.750000,0.000000,,2026-04-13,2026-04-13,1,1,1,1,1.000000,,,0.000000,,,,,,,,GLOBAL_BASELINE_NO_ENTITY_RANKING,,,NOT_APPLICABLE_GLOBAL_BASELINE,HF9g-P5,,,,X 全窗基线 · 不参与实体赏罚,3923488,393,A168_HF9F_20260827_0900,2026-08-27 09:00:00
2026-07-02,152413252,948,0,62.0636152056,62.0636152056,62.0636152056,1.0000000,1,1,0.49324550000000000,0.493245500000,1.01360149184955,1.01360149184955,1.01360149184955,0E-17,ELIGIBLE,R03b_20260811_FULL_v1,L1_ELIGIBILITY,v2026-08-11,2026-03-21..2026-08-06,baccarat_bet02_101_all_pairs_incl_sentinel,round_win = game_pnl > 0 (decisive only),COMPATIBILITY_ONLY_NOT_PRODUCTION,62.0636,62.0636,-62.0636,1,1,1.00000000,,1.00000000,1.00000000,62.0636,62.0636,THIN_EXPOSURE,0.0000,-2.4825,4.0000,96.0000,AG03-UNRESOLVED,ALL5_LEVELS_bet23_to_bet27,-2.4825,-2.4825,-2.4825,-3.7238,-3.7238,4.000000,4.000000,4.000000,6.000000,6.000000,96.000000,96.000000,96.000000,94.000000,94.000000,5.0,-14.8953,-13.5452,-47.1683,-48.5184,PENDING_AG03,FALSE,NOT_FOR_ENFORCEMENT,-59.5811,59.5811,-62.0636,-59.5811,-2.4825,-1.00000000,-0.96000000,-2.4825,-59.5811,-0.96000000,-2.4825,-2.4825,-2.4825,-3.7238,-3.7238,-59.5811,-0.96000000,-14.8953,-13.5452,-47.1683,-48.5184,-0.76000000,-0.78175273,-0.04000000,62.0636,62.0636,-62.0636,-62.0636,-62.0636,62.0636,1.0000,,62.0636,62.0636,62.0636,62.0636,62.0636,62.0636,62.0636,62.0636,62.0636,1.0,1.0,1.0,1,1,1,1,0E-8,-1.00000000,,0E-8,0.000000,1.000000,0.000000,,2026-07-02,2026-07-02,1,1,1,1,1.000000,,,0.000000,,,,,,,,GLOBAL_BASELINE_NO_ENTITY_RANKING,,,NOT_APPLICABLE_GLOBAL_BASELINE,HF9g-P5,,,,X 全窗基线 · 不参与实体赏罚,3923489,393,A168_HF9F_20260827_0900,2026-08-27 09:00:00
2026-04-12,118162031,1205,0,26.1759547680,-26.1759547680,-26.1759547680,0E-7,1,1,0.49324550000000000,0.493245500000,-0.9865810262130424,-0.9865810262130424,-0.9865810262130424,0E-17,ELIGIBLE,R03b_20260811_FULL_v1,L1_ELIGIBILITY,v2026-08-11,2026-03-21..2026-08-06,baccarat_bet02_101_all_pairs_incl_sentinel,round_win = game_pnl > 0 (decisive only),COMPATIBILITY_ONLY_NOT_PRODUCTION,567.4947,567.4947,-62.0632,9,9,0.10936347,,0.10936347,0.10936347,62.0632,567.4947,THIN_EXPOSURE,0.0000,-2.4825,4.0000,96.0000,AG03-UNRESOLVED,ALL5_LEVELS_bet23_to_bet27,-2.4825,-2.4825,-2.4825,-3.1032,-3.1032,4.000000,4.000000,4.000000,5.000000,5.000000,96.000000,96.000000,96.000000,95.000000,95.000000,5.0,-13.6539,-12.5073,-48.4093,-49.5559,PENDING_AG03,FALSE,NOT_FOR_ENFORCEMENT,-59.5807,544.7949,-62.0632,-59.5807,-2.4825,-0.10936347,-0.10498893,-2.4825,-59.5807,-0.10498893,-2.4825,-2.4825,-2.4825,-3.1032,-3.1032,-59.5807,-0.10498893,-13.6539,-12.5073,-48.4093,-49.5559,-0.08530351,-0.08732391,-0.00437454,63.0550,63.0550,-6.8959,-62.0632,-31.0316,567.4947,9.0000,,63.0550,26.176,52.3519,79.7058,127.5292,157.0557,157.0557,52.3519,-26.176,3.0,3.0,1.204444,2,2,1,2,0E-8,-0.10936347,,0E-8,0.000000,1.000000,0.000000,,2026-04-12,2026-04-12,1,2,2,1,1.000000,,,0.000000,,,,,,,,GLOBAL_BASELINE_NO_ENTITY_RANKING,,,NOT_APPLICABLE_GLOBAL_BASELINE,HF9g-P5,,,,X 全窗基线 · 不参与实体赏罚,3923490,393,A168_HF9F_20260827_0900,2026-08-27 09:00:00
2026-04-12,118162031,2147,0,541.3187446014,88.2391435227,88.2391435227,0.3750000,8,8,0.50162375000000000,0.501623750000,-0.7162958754040458,-0.7162958754040458,-0.7162958754040458,0E-17,ELIGIBLE,R03b_20260811_FULL_v1,L1_ELIGIBILITY,v2026-08-11,2026-03-21..2026-08-06,baccarat_bet02_101_all_pairs_incl_sentinel,round_win = game_pnl > 0 (decisive only),COMPATIBILITY_ONLY_NOT_PRODUCTION,567.4947,567.4947,-62.0632,9,9,0.10936347,,0.10936347,0.10936347,62.0632,567.4947,THIN_EXPOSURE,0.0000,-2.4825,4.0000,96.0000,AG03-UNRESOLVED,ALL5_LEVELS_bet23_to_bet27,-2.4825,-2.4825,-2.4825,-3.1032,-3.1032,4.000000,4.000000,4.000000,5.000000,5.000000,96.000000,96.000000,96.000000,95.000000,95.000000,5.0,-13.6539,-12.5073,-48.4093,-49.5559,PENDING_AG03,FALSE,NOT_FOR_ENFORCEMENT,-59.5807,544.7949,-62.0632,-59.5807,-2.4825,-0.10936347,-0.10498893,-2.4825,-59.5807,-0.10498893,-2.4825,-2.4825,-2.4825,-3.1032,-3.1032,-59.5807,-0.10498893,-13.6539,-12.5073,-48.4093,-49.5559,-0.08530351,-0.08732391,-0.00437454,63.0550,63.0550,-6.8959,-62.0632,-31.0316,567.4947,9.0000,,63.0550,26.176,52.3519,79.7058,127.5292,157.0557,157.0557,52.3519,-26.176,3.0,3.0,1.204444,2,2,1,2,0E-8,-0.10936347,,0E-8,0.000000,1.000000,0.000000,,2026-04-12,2026-04-12,1,2,2,1,1.000000,,,0.000000,,,,,,,,GLOBAL_BASELINE_NO_ENTITY_RANKING,,,NOT_APPLICABLE_GLOBAL_BASELINE,HF9g-P5,,,,X 全窗基线 · 不参与实体赏罚,3923491,393,A168_HF9F_20260827_0900,2026-08-27 09:00:00
2026-05-08,149762203,-1,1,105.3396294951,72.9593690001,72.9593690001,1.0000000,3,3,0.50218230000000000,0.502182300000,1.4080544974538591,1.4080544974538591,1.4080544974538591,0E-17,SENTINEL_DEALER,R03b_20260811_FULL_v1,L1_ELIGIBILITY,v2026-08-11,2026-03-21..2026-08-06,baccarat_bet02_101_all_pairs_incl_sentinel,round_win = game_pnl > 0 (decisive only),COMPATIBILITY_ONLY_NOT_PRODUCTION,151.5230,122.9827,-62.0622,5,5,0.40958904,,0.40958904,0.40958904,62.0622,151.5230,THIN_EXPOSURE,0.0000,-2.4825,4.0000,96.0000,AG03-UNRESOLVED,ALL5_LEVELS_bet23_to_bet27,-2.4825,-2.4825,-3.1031,-3.1031,-3.1031,4.000000,4.000000,5.000000,5.000000,5.000000,96.000000,96.000000,95.000000,95.000000,95.000000,5.0,-14.2743,-13.0233,-47.7879,-49.0388,PENDING_AG03,FALSE,NOT_FOR_ENFORCEMENT,-59.5797,118.0634,-62.0622,-59.5797,-2.4825,-0.40958904,-0.39320548,-2.4825,-59.5797,-0.39320548,-2.4825,-2.4825,-3.1031,-3.1031,-3.1031,-59.5797,-0.39320548,-14.2743,-13.0233,-47.7879,-49.0388,-0.31538356,-0.32363957,-0.01638356,30.3046,24.5965,-12.4124,-62.0622,-20.6874,151.5230,5.0000,,30.3046,25.816,28.5403,36.8429,41.5132,41.5132,41.5132,28.5403,17.6431,1.454545,1.454545,1.061818,3,2,1,2,0E-8,-0.40958904,,0E-8,0.000000,0.811644,0.000000,,2026-05-08,2026-05-08,1,3,3,1,1.000000,,,0.000000,,,,,,,,GLOBAL_BASELINE_NO_ENTITY_RANKING,,,NOT_APPLICABLE_GLOBAL_BASELINE,HF9g-P5,,,,X 全窗基线 · 不参与实体赏罚,3923492,393,A168_HF9F_20260827_0900,2026-08-27 09:00:00
2026-05-08,149762203,2233,0,46.1833843600,-10.8972030512,-10.8972030512,0.5000000,2,2,0.49994810000000000,0.499948100000,0.00014679536856514622,0.00014679536856514622,0.00014679536856514622,0E-17,ELIGIBLE,R03b_20260811_FULL_v1,L1_ELIGIBILITY,v2026-08-11,2026-03-21..2026-08-06,baccarat_bet02_101_all_pairs_incl_sentinel,round_win = game_pnl > 0 (decisive only),COMPATIBILITY_ONLY_NOT_PRODUCTION,151.5230,122.9827,-62.0622,5,5,0.40958904,,0.40958904,0.40958904,62.0622,151.5230,THIN_EXPOSURE,0.0000,-2.4825,4.0000,96.0000,AG03-UNRESOLVED,ALL5_LEVELS_bet23_to_bet27,-2.4825,-2.4825,-3.1031,-3.1031,-3.1031,4.000000,4.000000,5.000000,5.000000,5.000000,96.000000,96.000000,95.000000,95.000000,95.000000,5.0,-14.2743,-13.0233,-47.7879,-49.0388,PENDING_AG03,FALSE,NOT_FOR_ENFORCEMENT,-59.5797,118.0634,-62.0622,-59.5797,-2.4825,-0.40958904,-0.39320548,-2.4825,-59.5797,-0.39320548,-2.4825,-2.4825,-3.1031,-3.1031,-3.1031,-59.5797,-0.39320548,-14.2743,-13.0233,-47.7879,-49.0388,-0.31538356,-0.32363957,-0.01638356,30.3046,24.5965,-12.4124,-62.0622,-20.6874,151.5230,5.0000,,30.3046,25.816,28.5403,36.8429,41.5132,41.5132,41.5132,28.5403,17.6431,1.454545,1.454545,1.061818,3,2,1,2,0E-8,-0.40958904,,0E-8,0.000000,0.811644,0.000000,,2026-05-08,2026-05-08,1,3,3,1,1.000000,,,0.000000,,,,,,,,GLOBAL_BASELINE_NO_ENTITY_RANKING,,,NOT_APPLICABLE_GLOBAL_BASELINE,HF9g-P5,,,,X 全窗基线 · 不参与实体赏罚,3923493,393,A168_HF9F_20260827_0900,2026-08-27 09:00:00
2026-04-23,149067368,-1,1,363.3222521798,48.6872758684,48.6872758684,0.5200000,37,34,0.49864833341360506,0.479412491176,0.21351744605921627,0.40621958301495786,0.21351744605921627,0.01923584223760506,SENTINEL_DEALER,R03b_20260811_FULL_v1,L1_ELIGIBILITY,v2026-08-11,2026-03-21..2026-08-06,baccarat_bet02_101_all_pairs_incl_sentinel,round_win = game_pnl > 0 (decisive only),COMPATIBILITY_ONLY_NOT_PRODUCTION,700.2068,549.9568,-61.4219,69,65,0.08771963,,0.08771963,0.08771963,61.4219,700.2068,OK,0.0000,-1.8427,3.0000,97.0000,AG03-UNRESOLVED,ALL5_LEVELS_bet23_to_bet27,-1.8427,-1.8427,-1.8427,-2.4569,-2.4569,3.000000,3.000000,3.000000,4.000000,4.000000,97.000000,97.000000,97.000000,96.000000,96.000000,5.0,-10.4417,-9.7587,-50.9802,-51.6631,PENDING_AG03,FALSE,NOT_FOR_ENFORCEMENT,-59.5792,533.4581,-61.4219,-59.5792,-1.8427,-0.08771963,-0.08508804,-1.8427,-59.5792,-0.08508804,-1.8427,-1.8427,-1.8427,-2.4569,-2.4569,-59.5792,-0.08508804,-10.4417,-9.7587,-50.9802,-51.6631,-0.07280729,-0.07378268,-0.00263159,10.1479,8.4609,-0.9450,-61.4219,-2.3624,700.2068,65.0000,,10.1479,5.2352,10.4704,12.1718,14.1874,15.7056,43.8394,7.8528,0.0,1.5,4.186994,0.969203,19,16,1,3,0E-8,-0.08771963,,0E-8,0.000000,0.785421,0.000000,,2026-04-23,2026-04-23,1,26,19,1,1.000000,,,0.000000,,,,,,,,GLOBAL_BASELINE_NO_ENTITY_RANKING,,,NOT_APPLICABLE_GLOBAL_BASELINE,HF9g-P5,,,,X 全窗基线 · 不参与实体赏罚,3923494,393,A168_HF9F_20260827_0900,2026-08-27 09:00:00
2026-04-23,149067368,1115,0,7.8527864304,-7.8527864304,-7.8527864304,0E-7,1,1,0.49324550000000000,0.493245500000,-0.9865810262130424,-0.9865810262130424,-0.9865810262130424,0E-17,ELIGIBLE,R03b_20260811_FULL_v1,L1_ELIGIBILITY,v2026-08-11,2026-03-21..2026-08-06,baccarat_bet02_101_all_pairs_incl_sentinel,round_win = game_pnl > 0 (decisive only),COMPATIBILITY_ONLY_NOT_PRODUCTION,700.2068,549.9568,-61.4219,69,65,0.08771963,,0.08771963,0.08771963,61.4219,700.2068,OK,0.0000,-1.8427,3.0000,97.0000,AG03-UNRESOLVED,ALL5_LEVELS_bet23_to_bet27,-1.8427,-1.8427,-1.8427,-2.4569,-2.4569,3.000000,3.000000,3.000000,4.000000,4.000000,97.000000,97.000000,97.000000,96.000000,96.000000,5.0,-10.4417,-9.7587,-50.9802,-51.6631,PENDING_AG03,FALSE,NOT_FOR_ENFORCEMENT,-59.5792,533.4581,-61.4219,-59.5792,-1.8427,-0.08771963,-0.08508804,-1.8427,-59.5792,-0.08508804,-1.8427,-1.8427,-1.8427,-2.4569,-2.4569,-59.5792,-0.08508804,-10.4417,-9.7587,-50.9802,-51.6631,-0.07280729,-0.07378268,-0.00263159,10.1479,8.4609,-0.9450,-61.4219,-2.3624,700.2068,65.0000,,10.1479,5.2352,10.4704,12.1718,14.1874,15.7056,43.8394,7.8528,0.0,1.5,4.186994,0.969203,19,16,1,3,0E-8,-0.08771963,,0E-8,0.000000,0.785421,0.000000,,2026-04-23,2026-04-23,1,26,19,1,1.000000,,,0.000000,,,,,,,,GLOBAL_BASELINE_NO_ENTITY_RANKING,,,NOT_APPLICABLE_GLOBAL_BASELINE,HF9g-P5,,,,X 全窗基线 · 不参与实体赏罚,3923495,393,A168_HF9F_20260827_0900,2026-08-27 09:00:00
2026-04-23,149067368,1325,0,31.4111457216,0E-10,0E-10,0.5000000,3,3,0.49324550000000000,0.493245500000,0.01910635448239258,0.01910635448239258,0.01910635448239258,0E-17,ELIGIBLE,R03b_20260811_FULL_v1,L1_ELIGIBILITY,v2026-08-11,2026-03-21..2026-08-06,baccarat_bet02_101_all_pairs_incl_sentinel,round_win = game_pnl > 0 (decisive only),COMPATIBILITY_ONLY_NOT_PRODUCTION,700.2068,549.9568,-61.4219,69,65,0.08771963,,0.08771963,0.08771963,61.4219,700.2068,OK,0.0000,-1.8427,3.0000,97.0000,AG03-UNRESOLVED,ALL5_LEVELS_bet23_to_bet27,-1.8427,-1.8427,-1.8427,-2.4569,-2.4569,3.000000,3.000000,3.000000,4.000000,4.000000,97.000000,97.000000,97.000000,96.000000,96.000000,5.0,-10.4417,-9.7587,-50.9802,-51.6631,PENDING_AG03,FALSE,NOT_FOR_ENFORCEMENT,-59.5792,533.4581,-61.4219,-59.5792,-1.8427,-0.08771963,-0.08508804,-1.8427,-59.5792,-0.08508804,-1.8427,-1.8427,-1.8427,-2.4569,-2.4569,-59.5792,-0.08508804,-10.4417,-9.7587,-50.9802,-51.6631,-0.07280729,-0.07378268,-0.00263159,10.1479,8.4609,-0.9450,-61.4219,-2.3624,700.2068,65.0000,,10.1479,5.2352,10.4704,12.1718,14.1874,15.7056,43.8394,7.8528,0.0,1.5,4.186994,0.969203,19,16,1,3,0E-8,-0.08771963,,0E-8,0.000000,0.785421,0.000000,,2026-04-23,2026-04-23,1,26,19,1,1.000000,,,0.000000,,,,,,,,GLOBAL_BASELINE_NO_ENTITY_RANKING,,,NOT_APPLICABLE_GLOBAL_BASELINE,HF9g-P5,,,,X 全窗基线 · 不参与实体赏罚,3923496,393,A168_HF9F_20260827_0900,2026-08-27 09:00:00
2026-04-23,149067368,1399,0,81.6689788762,26.0319870166,26.0319870166,0.5714286,7,7,0.50665070000000000,0.506650700000,0.34280260342128577,0.34280260342128577,0.34280260342128577,0E-17,ELIGIBLE,R03b_20260811_FULL_v1,L1_ELIGIBILITY,v2026-08-11,2026-03-21..2026-08-06,baccarat_bet02_101_all_pairs_incl_sentinel,round_win = game_pnl > 0 (decisive only),COMPATIBILITY_ONLY_NOT_PRODUCTION,700.2068,549.9568,-61.4219,69,65,0.08771963,,0.08771963,0.08771963,61.4219,700.2068,OK,0.0000,-1.8427,3.0000,97.0000,AG03-UNRESOLVED,ALL5_LEVELS_bet23_to_bet27,-1.8427,-1.8427,-1.8427,-2.4569,-2.4569,3.000000,3.000000,3.000000,4.000000,4.000000,97.000000,97.000000,97.000000,96.000000,96.000000,5.0,-10.4417,-9.7587,-50.9802,-51.6631,PENDING_AG03,FALSE,NOT_FOR_ENFORCEMENT,-59.5792,533.4581,-61.4219,-59.5792,-1.8427,-0.08771963,-0.08508804,-1.8427,-59.5792,-0.08508804,-1.8427,-1.8427,-1.8427,-2.4569,-2.4569,-59.5792,-0.08508804,-10.4417,-9.7587,-50.9802,-51.6631,-0.07280729,-0.07378268,-0.00263159,10.1479,8.4609,-0.9450,-61.4219,-2.3624,700.2068,65.0000,,10.1479,5.2352,10.4704,12.1718,14.1874,15.7056,43.8394,7.8528,0.0,1.5,4.186994,0.969203,19,16,1,3,0E-8,-0.08771963,,0E-8,0.000000,0.785421,0.000000,,2026-04-23,2026-04-23,1,26,19,1,1.000000,,,0.000000,,,,,,,,GLOBAL_BASELINE_NO_ENTITY_RANKING,,,NOT_APPLICABLE_GLOBAL_BASELINE,HF9g-P5,,,,X 全窗基线 · 不参与实体赏罚,3923497,393,A168_HF9F_20260827_0900,2026-08-27 09:00:00
2026-04-23,149067368,1507,0,5.2351909536,-5.2351909536,-5.2351909536,0E-7,1,1,0.50665070000000000,0.506650700000,-1.013391052207602,-1.013391052207602,-1.013391052207602,0E-17,ELIGIBLE,R03b_20260811_FULL_v1,L1_ELIGIBILITY,v2026-08-11,2026-03-21..2026-08-06,baccarat_bet02_101_all_pairs_incl_sentinel,round_win = game_pnl > 0 (decisive only),COMPATIBILITY_ONLY_NOT_PRODUCTION,700.2068,549.9568,-61.4219,69,65,0.08771963,,0.08771963,0.08771963,61.4219,700.2068,OK,0.0000,-1.8427,3.0000,97.0000,AG03-UNRESOLVED,ALL5_LEVELS_bet23_to_bet27,-1.8427,-1.8427,-1.8427,-2.4569,-2.4569,3.000000,3.000000,3.000000,4.000000,4.000000,97.000000,97.000000,97.000000,96.000000,96.000000,5.0,-10.4417,-9.7587,-50.9802,-51.6631,PENDING_AG03,FALSE,NOT_FOR_ENFORCEMENT,-59.5792,533.4581,-61.4219,-59.5792,-1.8427,-0.08771963,-0.08508804,-1.8427,-59.5792,-0.08508804,-1.8427,-1.8427,-1.8427,-2.4569,-2.4569,-59.5792,-0.08508804,-10.4417,-9.7587,-50.9802,-51.6631,-0.07280729,-0.07378268,-0.00263159,10.1479,8.4609,-0.9450,-61.4219,-2.3624,700.2068,65.0000,,10.1479,5.2352,10.4704,12.1718,14.1874,15.7056,43.8394,7.8528,0.0,1.5,4.186994,0.969203,19,16,1,3,0E-8,-0.08771963,,0E-8,0.000000,0.785421,0.000000,,2026-04-23,2026-04-23,1,26,19,1,1.000000,,,0.000000,,,,,,,,GLOBAL_BASELINE_NO_ENTITY_RANKING,,,NOT_APPLICABLE_GLOBAL_BASELINE,HF9g-P5,,,,X 全窗基线 · 不参与实体赏罚,3923498,393,A168_HF9F_20260827_0900,2026-08-27 09:00:00
2026-04-23,149067368,1509,0,5.2351909536,0E-10,0E-10,,1,1,0.50665070000000000,0.506650700000,,,,0E-17,NO_DECISIVE_ROUND,R03b_20260811_FULL_v1,L1_ELIGIBILITY,v2026-08-11,2026-03-21..2026-08-06,baccarat_bet02_101_all_pairs_incl_sentinel,round_win = game_pnl > 0 (decisive only),COMPATIBILITY_ONLY_NOT_PRODUCTION,700.2068,549.9568,-61.4219,69,65,0.08771963,,0.08771963,0.08771963,61.4219,700.2068,OK,0.0000,-1.8427,3.0000,97.0000,AG03-UNRESOLVED,ALL5_LEVELS_bet23_to_bet27,-1.8427,-1.8427,-1.8427,-2.4569,-2.4569,3.000000,3.000000,3.000000,4.000000,4.000000,97.000000,97.000000,97.000000,96.000000,96.000000,5.0,-10.4417,-9.7587,-50.9802,-51.6631,PENDING_AG03,FALSE,NOT_FOR_ENFORCEMENT,-59.5792,533.4581,-61.4219,-59.5792,-1.8427,-0.08771963,-0.08508804,-1.8427,-59.5792,-0.08508804,-1.8427,-1.8427,-1.8427,-2.4569,-2.4569,-59.5792,-0.08508804,-10.4417,-9.7587,-50.9802,-51.6631,-0.07280729,-0.07378268,-0.00263159,10.1479,8.4609,-0.9450,-61.4219,-2.3624,700.2068,65.0000,,10.1479,5.2352,10.4704,12.1718,14.1874,15.7056,43.8394,7.8528,0.0,1.5,4.186994,0.969203,19,16,1,3,0E-8,-0.08771963,,0E-8,0.000000,0.785421,0.000000,,2026-04-23,2026-04-23,1,26,19,1,1.000000,,,0.000000,,,,,,,,GLOBAL_BASELINE_NO_ENTITY_RANKING,,,NOT_APPLICABLE_GLOBAL_BASELINE,HF9g-P5,,,,X 全窗基线 · 不参与实体赏罚,3923499,393,A168_HF9F_20260827_0900,2026-08-27 09:00:00
2026-04-23,149067368,1750,0,5.2351909536,-5.2351909536,-5.2351909536,0E-7,1,1,0.49324550000000000,0.493245500000,-0.9865810262130424,-0.9865810262130424,-0.9865810262130424,0E-17,ELIGIBLE,R03b_20260811_FULL_v1,L1_ELIGIBILITY,v2026-08-11,2026-03-21..2026-08-06,baccarat_bet02_101_all_pairs_incl_sentinel,round_win = game_pnl > 0 (decisive only),COMPATIBILITY_ONLY_NOT_PRODUCTION,700.2068,549.9568,-61.4219,69,65,0.08771963,,0.08771963,0.08771963,61.4219,700.2068,OK,0.0000,-1.8427,3.0000,97.0000,AG03-UNRESOLVED,ALL5_LEVELS_bet23_to_bet27,-1.8427,-1.8427,-1.8427,-2.4569,-2.4569,3.000000,3.000000,3.000000,4.000000,4.000000,97.000000,97.000000,97.000000,96.000000,96.000000,5.0,-10.4417,-9.7587,-50.9802,-51.6631,PENDING_AG03,FALSE,NOT_FOR_ENFORCEMENT,-59.5792,533.4581,-61.4219,-59.5792,-1.8427,-0.08771963,-0.08508804,-1.8427,-59.5792,-0.08508804,-1.8427,-1.8427,-1.8427,-2.4569,-2.4569,-59.5792,-0.08508804,-10.4417,-9.7587,-50.9802,-51.6631,-0.07280729,-0.07378268,-0.00263159,10.1479,8.4609,-0.9450,-61.4219,-2.3624,700.2068,65.0000,,10.1479,5.2352,10.4704,12.1718,14.1874,15.7056,43.8394,7.8528,0.0,1.5,4.186994,0.969203,19,16,1,3,0E-8,-0.08771963,,0E-8,0.000000,0.785421,0.000000,,2026-04-23,2026-04-23,1,26,19,1,1.000000,,,0.000000,,,,,,,,GLOBAL_BASELINE_NO_ENTITY_RANKING,,,NOT_APPLICABLE_GLOBAL_BASELINE,HF9g-P5,,,,X 全窗基线 · 不参与实体赏罚,3923500,393,A168_HF9F_20260827_0900,2026-08-27 09:00:00
2026-04-23,149067368,1940,0,27.7465120540,-20.4172447190,-20.4172447190,0E-7,3,3,0.49324550000000000,0.493245500000,-1.3952362676504506,-1.3952362676504506,-1.3952362676504506,0E-17,ELIGIBLE,R03b_20260811_FULL_v1,L1_ELIGIBILITY,v2026-08-11,2026-03-21..2026-08-06,baccarat_bet02_101_all_pairs_incl_sentinel,round_win = game_pnl > 0 (decisive only),COMPATIBILITY_ONLY_NOT_PRODUCTION,700.2068,549.9568,-61.4219,69,65,0.08771963,,0.08771963,0.08771963,61.4219,700.2068,OK,0.0000,-1.8427,3.0000,97.0000,AG03-UNRESOLVED,ALL5_LEVELS_bet23_to_bet27,-1.8427,-1.8427,-1.8427,-2.4569,-2.4569,3.000000,3.000000,3.000000,4.000000,4.000000,97.000000,97.000000,97.000000,96.000000,96.000000,5.0,-10.4417,-9.7587,-50.9802,-51.6631,PENDING_AG03,FALSE,NOT_FOR_ENFORCEMENT,-59.5792,533.4581,-61.4219,-59.5792,-1.8427,-0.08771963,-0.08508804,-1.8427,-59.5792,-0.08508804,-1.8427,-1.8427,-1.8427,-2.4569,-2.4569,-59.5792,-0.08508804,-10.4417,-9.7587,-50.9802,-51.6631,-0.07280729,-0.07378268,-0.00263159,10.1479,8.4609,-0.9450,-61.4219,-2.3624,700.2068,65.0000,,10.1479,5.2352,10.4704,12.1718,14.1874,15.7056,43.8394,7.8528,0.0,1.5,4.186994,0.969203,19,16,1,3,0E-8,-0.08771963,,0E-8,0.000000,0.785421,0.000000,,2026-04-23,2026-04-23,1,26,19,1,1.000000,,,0.000000,,,,,,,,GLOBAL_BASELINE_NO_ENTITY_RANKING,,,NOT_APPLICABLE_GLOBAL_BASELINE,HF9g-P5,,,,X 全窗基线 · 不参与实体赏罚,3923501,393,A168_HF9F_20260827_0900,2026-08-27 09:00:00
2026-04-23,149067368,1951,0,13.0879773840,-13.0879773840,-13.0879773840,0E-7,1,1,0.50665070000000000,0.506650700000,-1.013391052207602,-1.013391052207602,-1.013391052207602,0E-17,ELIGIBLE,R03b_20260811_FULL_v1,L1_ELIGIBILITY,v2026-08-11,2026-03-21..2026-08-06,baccarat_bet02_101_all_pairs_incl_sentinel,round_win = game_pnl > 0 (decisive only),COMPATIBILITY_ONLY_NOT_PRODUCTION,700.2068,549.9568,-61.4219,69,65,0.08771963,,0.08771963,0.08771963,61.4219,700.2068,OK,0.0000,-1.8427,3.0000,97.0000,AG03-UNRESOLVED,ALL5_LEVELS_bet23_to_bet27,-1.8427,-1.8427,-1.8427,-2.4569,-2.4569,3.000000,3.000000,3.000000,4.000000,4.000000,97.000000,97.000000,97.000000,96.000000,96.000000,5.0,-10.4417,-9.7587,-50.9802,-51.6631,PENDING_AG03,FALSE,NOT_FOR_ENFORCEMENT,-59.5792,533.4581,-61.4219,-59.5792,-1.8427,-0.08771963,-0.08508804,-1.8427,-59.5792,-0.08508804,-1.8427,-1.8427,-1.8427,-2.4569,-2.4569,-59.5792,-0.08508804,-10.4417,-9.7587,-50.9802,-51.6631,-0.07280729,-0.07378268,-0.00263159,10.1479,8.4609,-0.9450,-61.4219,-2.3624,700.2068,65.0000,,10.1479,5.2352,10.4704,12.1718,14.1874,15.7056,43.8394,7.8528,0.0,1.5,4.186994,0.969203,19,16,1,3,0E-8,-0.08771963,,0E-8,0.000000,0.785421,0.000000,,2026-04-23,2026-04-23,1,26,19,1,1.000000,,,0.000000,,,,,,,,GLOBAL_BASELINE_NO_ENTITY_RANKING,,,NOT_APPLICABLE_GLOBAL_BASELINE,HF9g-P5,,,,X 全窗基线 · 不参与实体赏罚,3923502,393,A168_HF9F_20260827_0900,2026-08-27 09:00:00
2026-04-23,149067368,2101,0,44.7608826532,21.0978195430,21.0978195430,0.7500000,4,4,0.49994810000000000,0.499948100000,1.0002076053883384,1.0002076053883384,1.0002076053883384,0E-17,ELIGIBLE,R03b_20260811_FULL_v1,L1_ELIGIBILITY,v2026-08-11,2026-03-21..2026-08-06,baccarat_bet02_101_all_pairs_incl_sentinel,round_win = game_pnl > 0 (decisive only),COMPATIBILITY_ONLY_NOT_PRODUCTION,700.2068,549.9568,-61.4219,69,65,0.08771963,,0.08771963,0.08771963,61.4219,700.2068,OK,0.0000,-1.8427,3.0000,97.0000,AG03-UNRESOLVED,ALL5_LEVELS_bet23_to_bet27,-1.8427,-1.8427,-1.8427,-2.4569,-2.4569,3.000000,3.000000,3.000000,4.000000,4.000000,97.000000,97.000000,97.000000,96.000000,96.000000,5.0,-10.4417,-9.7587,-50.9802,-51.6631,PENDING_AG03,FALSE,NOT_FOR_ENFORCEMENT,-59.5792,533.4581,-61.4219,-59.5792,-1.8427,-0.08771963,-0.08508804,-1.8427,-59.5792,-0.08508804,-1.8427,-1.8427,-1.8427,-2.4569,-2.4569,-59.5792,-0.08508804,-10.4417,-9.7587,-50.9802,-51.6631,-0.07280729,-0.07378268,-0.00263159,10.1479,8.4609,-0.9450,-61.4219,-2.3624,700.2068,65.0000,,10.1479,5.2352,10.4704,12.1718,14.1874,15.7056,43.8394,7.8528,0.0,1.5,4.186994,0.969203,19,16,1,3,0E-8,-0.08771963,,0E-8,0.000000,0.785421,0.000000,,2026-04-23,2026-04-23,1,26,19,1,1.000000,,,0.000000,,,,,,,,GLOBAL_BASELINE_NO_ENTITY_RANKING,,,NOT_APPLICABLE_GLOBAL_BASELINE,HF9g-P5,,,,X 全窗基线 · 不参与实体赏罚,3923503,393,A168_HF9F_20260827_0900,2026-08-27 09:00:00
2026-04-23,149067368,2103,0,49.2107949637,46.7502552156,46.7502552156,1.0000000,1,1,0.50665070000000000,0.506650700000,0.9867858985152569,0.9867858985152569,0.9867858985152569,0E-17,ELIGIBLE,R03b_20260811_FULL_v1,L1_ELIGIBILITY,v2026-08-11,2026-03-21..2026-08-06,baccarat_bet02_101_all_pairs_incl_sentinel,round_win = game_pnl > 0 (decisive only),COMPATIBILITY_ONLY_NOT_PRODUCTION,700.2068,549.9568,-61.4219,69,65,0.08771963,,0.08771963,0.08771963,61.4219,700.2068,OK,0.0000,-1.8427,3.0000,97.0000,AG03-UNRESOLVED,ALL5_LEVELS_bet23_to_bet27,-1.8427,-1.8427,-1.8427,-2.4569,-2.4569,3.000000,3.000000,3.000000,4.000000,4.000000,97.000000,97.000000,97.000000,96.000000,96.000000,5.0,-10.4417,-9.7587,-50.9802,-51.6631,PENDING_AG03,FALSE,NOT_FOR_ENFORCEMENT,-59.5792,533.4581,-61.4219,-59.5792,-1.8427,-0.08771963,-0.08508804,-1.8427,-59.5792,-0.08508804,-1.8427,-1.8427,-1.8427,-2.4569,-2.4569,-59.5792,-0.08508804,-10.4417,-9.7587,-50.9802,-51.6631,-0.07280729,-0.07378268,-0.00263159,10.1479,8.4609,-0.9450,-61.4219,-2.3624,700.2068,65.0000,,10.1479,5.2352,10.4704,12.1718,14.1874,15.7056,43.8394,7.8528,0.0,1.5,4.186994,0.969203,19,16,1,3,0E-8,-0.08771963,,0E-8,0.000000,0.785421,0.000000,,2026-04-23,2026-04-23,1,26,19,1,1.000000,,,0.000000,,,,,,,,GLOBAL_BASELINE_NO_ENTITY_RANKING,,,NOT_APPLICABLE_GLOBAL_BASELINE,HF9g-P5,,,,X 全窗基线 · 不参与实体赏罚,3923504,393,A168_HF9F_20260827_0900,2026-08-27 09:00:00
2026-04-23,149067368,2196,0,10.4703819072,0E-10,0E-10,0.5000000,2,2,0.49994810000000000,0.499948100000,0.00014679536856514622,0.00014679536856514622,0.00014679536856514622,0E-17,ELIGIBLE,R03b_20260811_FULL_v1,L1_ELIGIBILITY,v2026-08-11,2026-03-21..2026-08-06,baccarat_bet02_101_all_pairs_incl_sentinel,round_win = game_pnl > 0 (decisive only),COMPATIBILITY_ONLY_NOT_PRODUCTION,700.2068,549.9568,-61.4219,69,65,0.08771963,,0.08771963,0.08771963,61.4219,700.2068,OK,0.0000,-1.8427,3.0000,97.0000,AG03-UNRESOLVED,ALL5_LEVELS_bet23_to_bet27,-1.8427,-1.8427,-1.8427,-2.4569,-2.4569,3.000000,3.000000,3.000000,4.000000,4.000000,97.000000,97.000000,97.000000,96.000000,96.000000,5.0,-10.4417,-9.7587,-50.9802,-51.6631,PENDING_AG03,FALSE,NOT_FOR_ENFORCEMENT,-59.5792,533.4581,-61.4219,-59.5792,-1.8427,-0.08771963,-0.08508804,-1.8427,-59.5792,-0.08508804,-1.8427,-1.8427,-1.8427,-2.4569,-2.4569,-59.5792,-0.08508804,-10.4417,-9.7587,-50.9802,-51.6631,-0.07280729,-0.07378268,-0.00263159,10.1479,8.4609,-0.9450,-61.4219,-2.3624,700.2068,65.0000,,10.1479,5.2352,10.4704,12.1718,14.1874,15.7056,43.8394,7.8528,0.0,1.5,4.186994,0.969203,19,16,1,3,0E-8,-0.08771963,,0E-8,0.000000,0.785421,0.000000,,2026-04-23,2026-04-23,1,26,19,1,1.000000,,,0.000000,,,,,,,,GLOBAL_BASELINE_NO_ENTITY_RANKING,,,NOT_APPLICABLE_GLOBAL_BASELINE,HF9g-P5,,,,X 全窗基线 · 不参与实体赏罚,3923505,393,A168_HF9F_20260827_0900,2026-08-27 09:00:00
2026-04-23,149067368,2209,0,28.7935502448,-8.3763055258,-8.3763055258,0E-7,3,2,0.49622443333333334,0.496596800000,-1.4035746634154407,-1.4046203955403829,-1.4035746634154407,-0.00037236666666666,ELIGIBLE,R03b_20260811_FULL_v1,L1_ELIGIBILITY,v2026-08-11,2026-03-21..2026-08-06,baccarat_bet02_101_all_pairs_incl_sentinel,round_win = game_pnl > 0 (decisive only),COMPATIBILITY_ONLY_NOT_PRODUCTION,700.2068,549.9568,-61.4219,69,65,0.08771963,,0.08771963,0.08771963,61.4219,700.2068,OK,0.0000,-1.8427,3.0000,97.0000,AG03-UNRESOLVED,ALL5_LEVELS_bet23_to_bet27,-1.8427,-1.8427,-1.8427,-2.4569,-2.4569,3.000000,3.000000,3.000000,4.000000,4.000000,97.000000,97.000000,97.000000,96.000000,96.000000,5.0,-10.4417,-9.7587,-50.9802,-51.6631,PENDING_AG03,FALSE,NOT_FOR_ENFORCEMENT,-59.5792,533.4581,-61.4219,-59.5792,-1.8427,-0.08771963,-0.08508804,-1.8427,-59.5792,-0.08508804,-1.8427,-1.8427,-1.8427,-2.4569,-2.4569,-59.5792,-0.08508804,-10.4417,-9.7587,-50.9802,-51.6631,-0.07280729,-0.07378268,-0.00263159,10.1479,8.4609,-0.9450,-61.4219,-2.3624,700.2068,65.0000,,10.1479,5.2352,10.4704,12.1718,14.1874,15.7056,43.8394,7.8528,0.0,1.5,4.186994,0.969203,19,16,1,3,0E-8,-0.08771963,,0E-8,0.000000,0.785421,0.000000,,2026-04-23,2026-04-23,1,26,19,1,1.000000,,,0.000000,,,,,,,,GLOBAL_BASELINE_NO_ENTITY_RANKING,,,NOT_APPLICABLE_GLOBAL_BASELINE,HF9g-P5,,,,X 全窗基线 · 不参与实体赏罚,3923506,393,A168_HF9F_20260827_0900,2026-08-27 09:00:00
2026-04-23,149067368,2233,0,15.7055728608,-15.7055728608,-15.7055728608,0E-7,2,2,0.49994810000000000,0.499948100000,-1.4140667746232096,-1.4140667746232096,-1.4140667746232096,0E-17,ELIGIBLE,R03b_20260811_FULL_v1,L1_ELIGIBILITY,v2026-08-11,2026-03-21..2026-08-06,baccarat_bet02_101_all_pairs_incl_sentinel,round_win = game_pnl > 0 (decisive only),COMPATIBILITY_ONLY_NOT_PRODUCTION,700.2068,549.9568,-61.4219,69,65,0.08771963,,0.08771963,0.08771963,61.4219,700.2068,OK,0.0000,-1.8427,3.0000,97.0000,AG03-UNRESOLVED,ALL5_LEVELS_bet23_to_bet27,-1.8427,-1.8427,-1.8427,-2.4569,-2.4569,3.000000,3.000000,3.000000,4.000000,4.000000,97.000000,97.000000,97.000000,96.000000,96.000000,5.0,-10.4417,-9.7587,-50.9802,-51.6631,PENDING_AG03,FALSE,NOT_FOR_ENFORCEMENT,-59.5792,533.4581,-61.4219,-59.5792,-1.8427,-0.08771963,-0.08508804,-1.8427,-59.5792,-0.08508804,-1.8427,-1.8427,-1.8427,-2.4569,-2.4569,-59.5792,-0.08508804,-10.4417,-9.7587,-50.9802,-51.6631,-0.07280729,-0.07378268,-0.00263159,10.1479,8.4609,-0.9450,-61.4219,-2.3624,700.2068,65.0000,,10.1479,5.2352,10.4704,12.1718,14.1874,15.7056,43.8394,7.8528,0.0,1.5,4.186994,0.969203,19,16,1,3,0E-8,-0.08771963,,0E-8,0.000000,0.785421,0.000000,,2026-04-23,2026-04-23,1,26,19,1,1.000000,,,0.000000,,,,,,,,GLOBAL_BASELINE_NO_ENTITY_RANKING,,,NOT_APPLICABLE_GLOBAL_BASELINE,HF9g-P5,,,,X 全窗基线 · 不参与实体赏罚,3923507,393,A168_HF9F_20260827_0900,2026-08-27 09:00:00
2026-04-23,149067368,772,0,5.2351909536,-5.2351909536,-5.2351909536,0E-7,1,1,0.49324550000000000,0.493245500000,-0.9865810262130424,-0.9865810262130424,-0.9865810262130424,0E-17,ELIGIBLE,R03b_20260811_FULL_v1,L1_ELIGIBILITY,v2026-08-11,2026-03-21..2026-08-06,baccarat_bet02_101_all_pairs_incl_sentinel,round_win = game_pnl > 0 (decisive only),COMPATIBILITY_ONLY_NOT_PRODUCTION,700.2068,549.9568,-61.4219,69,65,0.08771963,,0.08771963,0.08771963,61.4219,700.2068,OK,0.0000,-1.8427,3.0000,97.0000,AG03-UNRESOLVED,ALL5_LEVELS_bet23_to_bet27,-1.8427,-1.8427,-1.8427,-2.4569,-2.4569,3.000000,3.000000,3.000000,4.000000,4.000000,97.000000,97.000000,97.000000,96.000000,96.000000,5.0,-10.4417,-9.7587,-50.9802,-51.6631,PENDING_AG03,FALSE,NOT_FOR_ENFORCEMENT,-59.5792,533.4581,-61.4219,-59.5792,-1.8427,-0.08771963,-0.08508804,-1.8427,-59.5792,-0.08508804,-1.8427,-1.8427,-1.8427,-2.4569,-2.4569,-59.5792,-0.08508804,-10.4417,-9.7587,-50.9802,-51.6631,-0.07280729,-0.07378268,-0.00263159,10.1479,8.4609,-0.9450,-61.4219,-2.3624,700.2068,65.0000,,10.1479,5.2352,10.4704,12.1718,14.1874,15.7056,43.8394,7.8528,0.0,1.5,4.186994,0.969203,19,16,1,3,0E-8,-0.08771963,,0E-8,0.000000,0.785421,0.000000,,2026-04-23,2026-04-23,1,26,19,1,1.000000,,,0.000000,,,,,,,,GLOBAL_BASELINE_NO_ENTITY_RANKING,,,NOT_APPLICABLE_GLOBAL_BASELINE,HF9g-P5,,,,X 全窗基线 · 不参与实体赏罚,3923508,393,A168_HF9F_20260827_0900,2026-08-27 09:00:00
2026-04-23,149067368,970,0,5.2351909536,0E-10,0E-10,,1,1,0.49324550000000000,0.493245500000,,,,0E-17,NO_DECISIVE_ROUND,R03b_20260811_FULL_v1,L1_ELIGIBILITY,v2026-08-11,2026-03-21..2026-08-06,baccarat_bet02_101_all_pairs_incl_sentinel,round_win = game_pnl > 0 (decisive only),COMPATIBILITY_ONLY_NOT_PRODUCTION,700.2068,549.9568,-61.4219,69,65,0.08771963,,0.08771963,0.08771963,61.4219,700.2068,OK,0.0000,-1.8427,3.0000,97.0000,AG03-UNRESOLVED,ALL5_LEVELS_bet23_to_bet27,-1.8427,-1.8427,-1.8427,-2.4569,-2.4569,3.000000,3.000000,3.000000,4.000000,4.000000,97.000000,97.000000,97.000000,96.000000,96.000000,5.0,-10.4417,-9.7587,-50.9802,-51.6631,PENDING_AG03,FALSE,NOT_FOR_ENFORCEMENT,-59.5792,533.4581,-61.4219,-59.5792,-1.8427,-0.08771963,-0.08508804,-1.8427,-59.5792,-0.08508804,-1.8427,-1.8427,-1.8427,-2.4569,-2.4569,-59.5792,-0.08508804,-10.4417,-9.7587,-50.9802,-51.6631,-0.07280729,-0.07378268,-0.00263159,10.1479,8.4609,-0.9450,-61.4219,-2.3624,700.2068,65.0000,,10.1479,5.2352,10.4704,12.1718,14.1874,15.7056,43.8394,7.8528,0.0,1.5,4.186994,0.969203,19,16,1,3,0E-8,-0.08771963,,0E-8,0.000000,0.785421,0.000000,,2026-04-23,2026-04-23,1,26,19,1,1.000000,,,0.000000,,,,,,,,GLOBAL_BASELINE_NO_ENTITY_RANKING,,,NOT_APPLICABLE_GLOBAL_BASELINE,HF9g-P5,,,,X 全窗基线 · 不参与实体赏罚,3923509,393,A168_HF9F_20260827_0900,2026-08-27 09:00:00
2026-05-31,150795767,1157,0,6.3018590484,-2.1006196828,-2.1006196828,0.5000000,2,2,0.49324550000000000,0.493245500000,0.01910635448239258,0.01910635448239258,0.01910635448239258,0E-17,ELIGIBLE,R03b_20260811_FULL_v1,L1_ELIGIBILITY,v2026-08-11,2026-03-21..2026-08-06,baccarat_bet02_101_all_pairs_incl_sentinel,round_win = game_pnl > 0 (decisive only),COMPATIBILITY_ONLY_NOT_PRODUCTION,195.1378,195.1378,-62.0597,29,29,0.31803004,,0.31803004,0.31803004,62.0597,195.1378,THIN_EXPOSURE,0.0000,-2.4824,4.0000,96.0000,AG03-UNRESOLVED,ALL5_LEVELS_bet23_to_bet27,-2.4824,-2.4824,-2.4824,-4.9648,-4.9648,4.000000,4.000000,4.000000,8.000000,8.000000,96.000000,96.000000,96.000000,92.000000,92.000000,5.0,-17.3767,-15.5869,-44.6830,-46.4728,PENDING_AG03,FALSE,NOT_FOR_ENFORCEMENT,-59.5773,187.3323,-62.0597,-59.5773,-2.4824,-0.31803004,-0.30530884,-2.4824,-59.5773,-0.30530884,-2.4824,-2.4824,-2.4824,-4.9648,-4.9648,-59.5773,-0.30530884,-17.3767,-15.5869,-44.6830,-46.4728,-0.22898163,-0.23815379,-0.01272120,6.7289,6.7289,-2.1400,-15.5149,-2.9552,48.7845,7.2500,,6.7289,2.0771,4.1543,8.3086,16.6172,17.448,33.2343,4.1543,2.0771,4.199997,8.0,1.619745,13,18,4,2,0E-8,-0.31803004,,0E-8,0.000000,1.000000,0.000000,,2026-05-31,2026-06-05,4,21,20,6,0.666667,,,0.000000,,,,,,,,GLOBAL_BASELINE_NO_ENTITY_RANKING,,,NOT_APPLICABLE_GLOBAL_BASELINE,HF9g-P5,,,,X 全窗基线 · 不参与实体赏罚,3923510,393,A168_HF9F_20260827_0900,2026-08-27 09:00:00
2026-05-31,150795767,1654,0,2.1006196828,-2.1006196828,-2.1006196828,0E-7,1,1,0.49324550000000000,0.493245500000,-0.9865810262130424,-0.9865810262130424,-0.9865810262130424,0E-17,ELIGIBLE,R03b_20260811_FULL_v1,L1_ELIGIBILITY,v2026-08-11,2026-03-21..2026-08-06,baccarat_bet02_101_all_pairs_incl_sentinel,round_win = game_pnl > 0 (decisive only),COMPATIBILITY_ONLY_NOT_PRODUCTION,195.1378,195.1378,-62.0597,29,29,0.31803004,,0.31803004,0.31803004,62.0597,195.1378,THIN_EXPOSURE,0.0000,-2.4824,4.0000,96.0000,AG03-UNRESOLVED,ALL5_LEVELS_bet23_to_bet27,-2.4824,-2.4824,-2.4824,-4.9648,-4.9648,4.000000,4.000000,4.000000,8.000000,8.000000,96.000000,96.000000,96.000000,92.000000,92.000000,5.0,-17.3767,-15.5869,-44.6830,-46.4728,PENDING_AG03,FALSE,NOT_FOR_ENFORCEMENT,-59.5773,187.3323,-62.0597,-59.5773,-2.4824,-0.31803004,-0.30530884,-2.4824,-59.5773,-0.30530884,-2.4824,-2.4824,-2.4824,-4.9648,-4.9648,-59.5773,-0.30530884,-17.3767,-15.5869,-44.6830,-46.4728,-0.22898163,-0.23815379,-0.01272120,6.7289,6.7289,-2.1400,-15.5149,-2.9552,48.7845,7.2500,,6.7289,2.0771,4.1543,8.3086,16.6172,17.448,33.2343,4.1543,2.0771,4.199997,8.0,1.619745,13,18,4,2,0E-8,-0.31803004,,0E-8,0.000000,1.000000,0.000000,,2026-05-31,2026-06-05,4,21,20,6,0.666667,,,0.000000,,,,,,,,GLOBAL_BASELINE_NO_ENTITY_RANKING,,,NOT_APPLICABLE_GLOBAL_BASELINE,HF9g-P5,,,,X 全窗基线 · 不参与实体赏罚,3923511,393,A168_HF9F_20260827_0900,2026-08-27 09:00:00
2026-06-01,150795767,-1,1,4.1542903434,-4.1542903434,-4.1542903434,0E-7,1,1,0.49324550000000000,0.493245500000,-0.9865810262130424,-0.9865810262130424,-0.9865810262130424,0E-17,SENTINEL_DEALER,R03b_20260811_FULL_v1,L1_ELIGIBILITY,v2026-08-11,2026-03-21..2026-08-06,baccarat_bet02_101_all_pairs_incl_sentinel,round_win = game_pnl > 0 (decisive only),COMPATIBILITY_ONLY_NOT_PRODUCTION,195.1378,195.1378,-62.0597,29,29,0.31803004,,0.31803004,0.31803004,62.0597,195.1378,THIN_EXPOSURE,0.0000,-2.4824,4.0000,96.0000,AG03-UNRESOLVED,ALL5_LEVELS_bet23_to_bet27,-2.4824,-2.4824,-2.4824,-4.9648,-4.9648,4.000000,4.000000,4.000000,8.000000,8.000000,96.000000,96.000000,96.000000,92.000000,92.000000,5.0,-17.3767,-15.5869,-44.6830,-46.4728,PENDING_AG03,FALSE,NOT_FOR_ENFORCEMENT,-59.5773,187.3323,-62.0597,-59.5773,-2.4824,-0.31803004,-0.30530884,-2.4824,-59.5773,-0.30530884,-2.4824,-2.4824,-2.4824,-4.9648,-4.9648,-59.5773,-0.30530884,-17.3767,-15.5869,-44.6830,-46.4728,-0.22898163,-0.23815379,-0.01272120,6.7289,6.7289,-2.1400,-15.5149,-2.9552,48.7845,7.2500,,6.7289,2.0771,4.1543,8.3086,16.6172,17.448,33.2343,4.1543,2.0771,4.199997,8.0,1.619745,13,18,4,2,0E-8,-0.31803004,,0E-8,0.000000,1.000000,0.000000,,2026-05-31,2026-06-05,4,21,20,6,0.666667,,,0.000000,,,,,,,,GLOBAL_BASELINE_NO_ENTITY_RANKING,,,NOT_APPLICABLE_GLOBAL_BASELINE,HF9g-P5,,,,X 全窗基线 · 不参与实体赏罚,3923512,393,A168_HF9F_20260827_0900,2026-08-27 09:00:00
2026-06-01,150795767,1330,0,8.3085806868,7.9970089110,7.9970089110,1.0000000,3,3,0.50218230000000000,0.502182300000,1.724507524396475,1.7245075243964754,1.724507524396475,0E-17,ELIGIBLE,R03b_20260811_FULL_v1,L1_ELIGIBILITY,v2026-08-11,2026-03-21..2026-08-06,baccarat_bet02_101_all_pairs_incl_sentinel,round_win = game_pnl > 0 (decisive only),COMPATIBILITY_ONLY_NOT_PRODUCTION,195.1378,195.1378,-62.0597,29,29,0.31803004,,0.31803004,0.31803004,62.0597,195.1378,THIN_EXPOSURE,0.0000,-2.4824,4.0000,96.0000,AG03-UNRESOLVED,ALL5_LEVELS_bet23_to_bet27,-2.4824,-2.4824,-2.4824,-4.9648,-4.9648,4.000000,4.000000,4.000000,8.000000,8.000000,96.000000,96.000000,96.000000,92.000000,92.000000,5.0,-17.3767,-15.5869,-44.6830,-46.4728,PENDING_AG03,FALSE,NOT_FOR_ENFORCEMENT,-59.5773,187.3323,-62.0597,-59.5773,-2.4824,-0.31803004,-0.30530884,-2.4824,-59.5773,-0.30530884,-2.4824,-2.4824,-2.4824,-4.9648,-4.9648,-59.5773,-0.30530884,-17.3767,-15.5869,-44.6830,-46.4728,-0.22898163,-0.23815379,-0.01272120,6.7289,6.7289,-2.1400,-15.5149,-2.9552,48.7845,7.2500,,6.7289,2.0771,4.1543,8.3086,16.6172,17.448,33.2343,4.1543,2.0771,4.199997,8.0,1.619745,13,18,4,2,0E-8,-0.31803004,,0E-8,0.000000,1.000000,0.000000,,2026-05-31,2026-06-05,4,21,20,6,0.666667,,,0.000000,,,,,,,,GLOBAL_BASELINE_NO_ENTITY_RANKING,,,NOT_APPLICABLE_GLOBAL_BASELINE,HF9g-P5,,,,X 全窗基线 · 不参与实体赏罚,3923513,393,A168_HF9F_20260827_0900,2026-08-27 09:00:00
2026-06-01,150795767,1331,0,2.0771451717,2.0771451717,2.0771451717,1.0000000,1,1,0.49324550000000000,0.493245500000,1.01360149184955,1.01360149184955,1.01360149184955,0E-17,ELIGIBLE,R03b_20260811_FULL_v1,L1_ELIGIBILITY,v2026-08-11,2026-03-21..2026-08-06,baccarat_bet02_101_all_pairs_incl_sentinel,round_win = game_pnl > 0 (decisive only),COMPATIBILITY_ONLY_NOT_PRODUCTION,195.1378,195.1378,-62.0597,29,29,0.31803004,,0.31803004,0.31803004,62.0597,195.1378,THIN_EXPOSURE,0.0000,-2.4824,4.0000,96.0000,AG03-UNRESOLVED,ALL5_LEVELS_bet23_to_bet27,-2.4824,-2.4824,-2.4824,-4.9648,-4.9648,4.000000,4.000000,4.000000,8.000000,8.000000,96.000000,96.000000,96.000000,92.000000,92.000000,5.0,-17.3767,-15.5869,-44.6830,-46.4728,PENDING_AG03,FALSE,NOT_FOR_ENFORCEMENT,-59.5773,187.3323,-62.0597,-59.5773,-2.4824,-0.31803004,-0.30530884,-2.4824,-59.5773,-0.30530884,-2.4824,-2.4824,-2.4824,-4.9648,-4.9648,-59.5773,-0.30530884,-17.3767,-15.5869,-44.6830,-46.4728,-0.22898163,-0.23815379,-0.01272120,6.7289,6.7289,-2.1400,-15.5149,-2.9552,48.7845,7.2500,,6.7289,2.0771,4.1543,8.3086,16.6172,17.448,33.2343,4.1543,2.0771,4.199997,8.0,1.619745,13,18,4,2,0E-8,-0.31803004,,0E-8,0.000000,1.000000,0.000000,,2026-05-31,2026-06-05,4,21,20,6,0.666667,,,0.000000,,,,,,,,GLOBAL_BASELINE_NO_ENTITY_RANKING,,,NOT_APPLICABLE_GLOBAL_BASELINE,HF9g-P5,,,,X 全窗基线 · 不参与实体赏罚,3923514,393,A168_HF9F_20260827_0900,2026-08-27 09:00:00
2026-06-01,150795767,1505,0,2.0771451717,2.0771451717,2.0771451717,1.0000000,1,1,0.49324550000000000,0.493245500000,1.01360149184955,1.01360149184955,1.01360149184955,0E-17,ELIGIBLE,R03b_20260811_FULL_v1,L1_ELIGIBILITY,v2026-08-11,2026-03-21..2026-08-06,baccarat_bet02_101_all_pairs_incl_sentinel,round_win = game_pnl > 0 (decisive only),COMPATIBILITY_ONLY_NOT_PRODUCTION,195.1378,195.1378,-62.0597,29,29,0.31803004,,0.31803004,0.31803004,62.0597,195.1378,THIN_EXPOSURE,0.0000,-2.4824,4.0000,96.0000,AG03-UNRESOLVED,ALL5_LEVELS_bet23_to_bet27,-2.4824,-2.4824,-2.4824,-4.9648,-4.9648,4.000000,4.000000,4.000000,8.000000,8.000000,96.000000,96.000000,96.000000,92.000000,92.000000,5.0,-17.3767,-15.5869,-44.6830,-46.4728,PENDING_AG03,FALSE,NOT_FOR_ENFORCEMENT,-59.5773,187.3323,-62.0597,-59.5773,-2.4824,-0.31803004,-0.30530884,-2.4824,-59.5773,-0.30530884,-2.4824,-2.4824,-2.4824,-4.9648,-4.9648,-59.5773,-0.30530884,-17.3767,-15.5869,-44.6830,-46.4728,-0.22898163,-0.23815379,-0.01272120,6.7289,6.7289,-2.1400,-15.5149,-2.9552,48.7845,7.2500,,6.7289,2.0771,4.1543,8.3086,16.6172,17.448,33.2343,4.1543,2.0771,4.199997,8.0,1.619745,13,18,4,2,0E-8,-0.31803004,,0E-8,0.000000,1.000000,0.000000,,2026-05-31,2026-06-05,4,21,20,6,0.666667,,,0.000000,,,,,,,,GLOBAL_BASELINE_NO_ENTITY_RANKING,,,NOT_APPLICABLE_GLOBAL_BASELINE,HF9g-P5,,,,X 全窗基线 · 不参与实体赏罚,3923515,393,A168_HF9F_20260827_0900,2026-08-27 09:00:00
2026-06-01,150795767,1714,0,4.1542903434,3.9465758262,3.9465758262,1.0000000,1,1,0.50665070000000000,0.506650700000,0.9867858985152569,0.9867858985152569,0.9867858985152569,0E-17,ELIGIBLE,R03b_20260811_FULL_v1,L1_ELIGIBILITY,v2026-08-11,2026-03-21..2026-08-06,baccarat_bet02_101_all_pairs_incl_sentinel,round_win = game_pnl > 0 (decisive only),COMPATIBILITY_ONLY_NOT_PRODUCTION,195.1378,195.1378,-62.0597,29,29,0.31803004,,0.31803004,0.31803004,62.0597,195.1378,THIN_EXPOSURE,0.0000,-2.4824,4.0000,96.0000,AG03-UNRESOLVED,ALL5_LEVELS_bet23_to_bet27,-2.4824,-2.4824,-2.4824,-4.9648,-4.9648,4.000000,4.000000,4.000000,8.000000,8.000000,96.000000,96.000000,96.000000,92.000000,92.000000,5.0,-17.3767,-15.5869,-44.6830,-46.4728,PENDING_AG03,FALSE,NOT_FOR_ENFORCEMENT,-59.5773,187.3323,-62.0597,-59.5773,-2.4824,-0.31803004,-0.30530884,-2.4824,-59.5773,-0.30530884,-2.4824,-2.4824,-2.4824,-4.9648,-4.9648,-59.5773,-0.30530884,-17.3767,-15.5869,-44.6830,-46.4728,-0.22898163,-0.23815379,-0.01272120,6.7289,6.7289,-2.1400,-15.5149,-2.9552,48.7845,7.2500,,6.7289,2.0771,4.1543,8.3086,16.6172,17.448,33.2343,4.1543,2.0771,4.199997,8.0,1.619745,13,18,4,2,0E-8,-0.31803004,,0E-8,0.000000,1.000000,0.000000,,2026-05-31,2026-06-05,4,21,20,6,0.666667,,,0.000000,,,,,,,,GLOBAL_BASELINE_NO_ENTITY_RANKING,,,NOT_APPLICABLE_GLOBAL_BASELINE,HF9g-P5,,,,X 全窗基线 · 不参与实体赏罚,3923516,393,A168_HF9F_20260827_0900,2026-08-27 09:00:00
2026-06-01,150795767,1957,0,2.0771451717,2.0771451717,2.0771451717,1.0000000,1,1,0.49324550000000000,0.493245500000,1.01360149184955,1.01360149184955,1.01360149184955,0E-17,ELIGIBLE,R03b_20260811_FULL_v1,L1_ELIGIBILITY,v2026-08-11,2026-03-21..2026-08-06,baccarat_bet02_101_all_pairs_incl_sentinel,round_win = game_pnl > 0 (decisive only),COMPATIBILITY_ONLY_NOT_PRODUCTION,195.1378,195.1378,-62.0597,29,29,0.31803004,,0.31803004,0.31803004,62.0597,195.1378,THIN_EXPOSURE,0.0000,-2.4824,4.0000,96.0000,AG03-UNRESOLVED,ALL5_LEVELS_bet23_to_bet27,-2.4824,-2.4824,-2.4824,-4.9648,-4.9648,4.000000,4.000000,4.000000,8.000000,8.000000,96.000000,96.000000,96.000000,92.000000,92.000000,5.0,-17.3767,-15.5869,-44.6830,-46.4728,PENDING_AG03,FALSE,NOT_FOR_ENFORCEMENT,-59.5773,187.3323,-62.0597,-59.5773,-2.4824,-0.31803004,-0.30530884,-2.4824,-59.5773,-0.30530884,-2.4824,-2.4824,-2.4824,-4.9648,-4.9648,-59.5773,-0.30530884,-17.3767,-15.5869,-44.6830,-46.4728,-0.22898163,-0.23815379,-0.01272120,6.7289,6.7289,-2.1400,-15.5149,-2.9552,48.7845,7.2500,,6.7289,2.0771,4.1543,8.3086,16.6172,17.448,33.2343,4.1543,2.0771,4.199997,8.0,1.619745,13,18,4,2,0E-8,-0.31803004,,0E-8,0.000000,1.000000,0.000000,,2026-05-31,2026-06-05,4,21,20,6,0.666667,,,0.000000,,,,,,,,GLOBAL_BASELINE_NO_ENTITY_RANKING,,,NOT_APPLICABLE_GLOBAL_BASELINE,HF9g-P5,,,,X 全窗基线 · 不参与实体赏罚,3923517,393,A168_HF9F_20260827_0900,2026-08-27 09:00:00
2026-06-01,150795767,2127,0,8.3085806867,4.1542903433,4.1542903433,0.5000000,2,2,0.49994810000000000,0.499948100000,0.00014679536856514622,0.00014679536856514622,0.00014679536856514622,0E-17,ELIGIBLE,R03b_20260811_FULL_v1,L1_ELIGIBILITY,v2026-08-11,2026-03-21..2026-08-06,baccarat_bet02_101_all_pairs_incl_sentinel,round_win = game_pnl > 0 (decisive only),COMPATIBILITY_ONLY_NOT_PRODUCTION,195.1378,195.1378,-62.0597,29,29,0.31803004,,0.31803004,0.31803004,62.0597,195.1378,THIN_EXPOSURE,0.0000,-2.4824,4.0000,96.0000,AG03-UNRESOLVED,ALL5_LEVELS_bet23_to_bet27,-2.4824,-2.4824,-2.4824,-4.9648,-4.9648,4.000000,4.000000,4.000000,8.000000,8.000000,96.000000,96.000000,96.000000,92.000000,92.000000,5.0,-17.3767,-15.5869,-44.6830,-46.4728,PENDING_AG03,FALSE,NOT_FOR_ENFORCEMENT,-59.5773,187.3323,-62.0597,-59.5773,-2.4824,-0.31803004,-0.30530884,-2.4824,-59.5773,-0.30530884,-2.4824,-2.4824,-2.4824,-4.9648,-4.9648,-59.5773,-0.30530884,-17.3767,-15.5869,-44.6830,-46.4728,-0.22898163,-0.23815379,-0.01272120,6.7289,6.7289,-2.1400,-15.5149,-2.9552,48.7845,7.2500,,6.7289,2.0771,4.1543,8.3086,16.6172,17.448,33.2343,4.1543,2.0771,4.199997,8.0,1.619745,13,18,4,2,0E-8,-0.31803004,,0E-8,0.000000,1.000000,0.000000,,2026-05-31,2026-06-05,4,21,20,6,0.666667,,,0.000000,,,,,,,,GLOBAL_BASELINE_NO_ENTITY_RANKING,,,NOT_APPLICABLE_GLOBAL_BASELINE,HF9g-P5,,,,X 全窗基线 · 不参与实体赏罚,3923518,393,A168_HF9F_20260827_0900,2026-08-27 09:00:00
2026-06-01,150795767,2201,0,2.0771451717,2.0771451717,2.0771451717,1.0000000,1,1,0.49324550000000000,0.493245500000,1.01360149184955,1.01360149184955,1.01360149184955,0E-17,ELIGIBLE,R03b_20260811_FULL_v1,L1_ELIGIBILITY,v2026-08-11,2026-03-21..2026-08-06,baccarat_bet02_101_all_pairs_incl_sentinel,round_win = game_pnl > 0 (decisive only),COMPATIBILITY_ONLY_NOT_PRODUCTION,195.1378,195.1378,-62.0597,29,29,0.31803004,,0.31803004,0.31803004,62.0597,195.1378,THIN_EXPOSURE,0.0000,-2.4824,4.0000,96.0000,AG03-UNRESOLVED,ALL5_LEVELS_bet23_to_bet27,-2.4824,-2.4824,-2.4824,-4.9648,-4.9648,4.000000,4.000000,4.000000,8.000000,8.000000,96.000000,96.000000,96.000000,92.000000,92.000000,5.0,-17.3767,-15.5869,-44.6830,-46.4728,PENDING_AG03,FALSE,NOT_FOR_ENFORCEMENT,-59.5773,187.3323,-62.0597,-59.5773,-2.4824,-0.31803004,-0.30530884,-2.4824,-59.5773,-0.30530884,-2.4824,-2.4824,-2.4824,-4.9648,-4.9648,-59.5773,-0.30530884,-17.3767,-15.5869,-44.6830,-46.4728,-0.22898163,-0.23815379,-0.01272120,6.7289,6.7289,-2.1400,-15.5149,-2.9552,48.7845,7.2500,,6.7289,2.0771,4.1543,8.3086,16.6172,17.448,33.2343,4.1543,2.0771,4.199997,8.0,1.619745,13,18,4,2,0E-8,-0.31803004,,0E-8,0.000000,1.000000,0.000000,,2026-05-31,2026-06-05,4,21,20,6,0.666667,,,0.000000,,,,,,,,GLOBAL_BASELINE_NO_ENTITY_RANKING,,,NOT_APPLICABLE_GLOBAL_BASELINE,HF9g-P5,,,,X 全窗基线 · 不参与实体赏罚,3923519,393,A168_HF9F_20260827_0900,2026-08-27 09:00:00
2026-06-01,150795767,2256,0,2.0771451717,1.9732879131,1.9732879131,1.0000000,1,1,0.50665070000000000,0.506650700000,0.9867858985152569,0.9867858985152569,0.9867858985152569,0E-17,ELIGIBLE,R03b_20260811_FULL_v1,L1_ELIGIBILITY,v2026-08-11,2026-03-21..2026-08-06,baccarat_bet02_101_all_pairs_incl_sentinel,round_win = game_pnl > 0 (decisive only),COMPATIBILITY_ONLY_NOT_PRODUCTION,195.1378,195.1378,-62.0597,29,29,0.31803004,,0.31803004,0.31803004,62.0597,195.1378,THIN_EXPOSURE,0.0000,-2.4824,4.0000,96.0000,AG03-UNRESOLVED,ALL5_LEVELS_bet23_to_bet27,-2.4824,-2.4824,-2.4824,-4.9648,-4.9648,4.000000,4.000000,4.000000,8.000000,8.000000,96.000000,96.000000,96.000000,92.000000,92.000000,5.0,-17.3767,-15.5869,-44.6830,-46.4728,PENDING_AG03,FALSE,NOT_FOR_ENFORCEMENT,-59.5773,187.3323,-62.0597,-59.5773,-2.4824,-0.31803004,-0.30530884,-2.4824,-59.5773,-0.30530884,-2.4824,-2.4824,-2.4824,-4.9648,-4.9648,-59.5773,-0.30530884,-17.3767,-15.5869,-44.6830,-46.4728,-0.22898163,-0.23815379,-0.01272120,6.7289,6.7289,-2.1400,-15.5149,-2.9552,48.7845,7.2500,,6.7289,2.0771,4.1543,8.3086,16.6172,17.448,33.2343,4.1543,2.0771,4.199997,8.0,1.619745,13,18,4,2,0E-8,-0.31803004,,0E-8,0.000000,1.000000,0.000000,,2026-05-31,2026-06-05,4,21,20,6,0.666667,,,0.000000,,,,,,,,GLOBAL_BASELINE_NO_ENTITY_RANKING,,,NOT_APPLICABLE_GLOBAL_BASELINE,HF9g-P5,,,,X 全窗基线 · 不参与实体赏罚,3923520,393,A168_HF9F_20260827_0900,2026-08-27 09:00:00
2026-06-01,150795767,789,0,4.1542903434,4.1542903434,4.1542903434,1.0000000,1,1,0.49324550000000000,0.493245500000,1.01360149184955,1.01360149184955,1.01360149184955,0E-17,ELIGIBLE,R03b_20260811_FULL_v1,L1_ELIGIBILITY,v2026-08-11,2026-03-21..2026-08-06,baccarat_bet02_101_all_pairs_incl_sentinel,round_win = game_pnl > 0 (decisive only),COMPATIBILITY_ONLY_NOT_PRODUCTION,195.1378,195.1378,-62.0597,29,29,0.31803004,,0.31803004,0.31803004,62.0597,195.1378,THIN_EXPOSURE,0.0000,-2.4824,4.0000,96.0000,AG03-UNRESOLVED,ALL5_LEVELS_bet23_to_bet27,-2.4824,-2.4824,-2.4824,-4.9648,-4.9648,4.000000,4.000000,4.000000,8.000000,8.000000,96.000000,96.000000,96.000000,92.000000,92.000000,5.0,-17.3767,-15.5869,-44.6830,-46.4728,PENDING_AG03,FALSE,NOT_FOR_ENFORCEMENT,-59.5773,187.3323,-62.0597,-59.5773,-2.4824,-0.31803004,-0.30530884,-2.4824,-59.5773,-0.30530884,-2.4824,-2.4824,-2.4824,-4.9648,-4.9648,-59.5773,-0.30530884,-17.3767,-15.5869,-44.6830,-46.4728,-0.22898163,-0.23815379,-0.01272120,6.7289,6.7289,-2.1400,-15.5149,-2.9552,48.7845,7.2500,,6.7289,2.0771,4.1543,8.3086,16.6172,17.448,33.2343,4.1543,2.0771,4.199997,8.0,1.619745,13,18,4,2,0E-8,-0.31803004,,0E-8,0.000000,1.000000,0.000000,,2026-05-31,2026-06-05,4,21,20,6,0.666667,,,0.000000,,,,,,,,GLOBAL_BASELINE_NO_ENTITY_RANKING,,,NOT_APPLICABLE_GLOBAL_BASELINE,HF9g-P5,,,,X 全窗基线 · 不参与实体赏罚,3923521,393,A168_HF9F_20260827_0900,2026-08-27 09:00:00
2026-06-04,150795767,1157,0,62.3143551503,10.5934403756,10.5934403756,0.5000000,4,4,0.50329940000000000,0.503299400000,-0.01319788734859681,-0.01319788734859681,-0.01319788734859681,0E-17,ELIGIBLE,R03b_20260811_FULL_v1,L1_ELIGIBILITY,v2026-08-11,2026-03-21..2026-08-06,baccarat_bet02_101_all_pairs_incl_sentinel,round_win = game_pnl > 0 (decisive only),COMPATIBILITY_ONLY_NOT_PRODUCTION,195.1378,195.1378,-62.0597,29,29,0.31803004,,0.31803004,0.31803004,62.0597,195.1378,THIN_EXPOSURE,0.0000,-2.4824,4.0000,96.0000,AG03-UNRESOLVED,ALL5_LEVELS_bet23_to_bet27,-2.4824,-2.4824,-2.4824,-4.9648,-4.9648,4.000000,4.000000,4.000000,8.000000,8.000000,96.000000,96.000000,96.000000,92.000000,92.000000,5.0,-17.3767,-15.5869,-44.6830,-46.4728,PENDING_AG03,FALSE,NOT_FOR_ENFORCEMENT,-59.5773,187.3323,-62.0597,-59.5773,-2.4824,-0.31803004,-0.30530884,-2.4824,-59.5773,-0.30530884,-2.4824,-2.4824,-2.4824,-4.9648,-4.9648,-59.5773,-0.30530884,-17.3767,-15.5869,-44.6830,-46.4728,-0.22898163,-0.23815379,-0.01272120,6.7289,6.7289,-2.1400,-15.5149,-2.9552,48.7845,7.2500,,6.7289,2.0771,4.1543,8.3086,16.6172,17.448,33.2343,4.1543,2.0771,4.199997,8.0,1.619745,13,18,4,2,0E-8,-0.31803004,,0E-8,0.000000,1.000000,0.000000,,2026-05-31,2026-06-05,4,21,20,6,0.666667,,,0.000000,,,,,,,,GLOBAL_BASELINE_NO_ENTITY_RANKING,,,NOT_APPLICABLE_GLOBAL_BASELINE,HF9g-P5,,,,X 全窗基线 · 不参与实体赏罚,3923522,393,A168_HF9F_20260827_0900,2026-08-27 09:00:00
2026-06-04,150795767,1210,0,8.3085806867,7.8931516524,7.8931516524,1.0000000,1,1,0.50665070000000000,0.506650700000,0.9867858985152569,0.9867858985152569,0.9867858985152569,0E-17,ELIGIBLE,R03b_20260811_FULL_v1,L1_ELIGIBILITY,v2026-08-11,2026-03-21..2026-08-06,baccarat_bet02_101_all_pairs_incl_sentinel,round_win = game_pnl > 0 (decisive only),COMPATIBILITY_ONLY_NOT_PRODUCTION,195.1378,195.1378,-62.0597,29,29,0.31803004,,0.31803004,0.31803004,62.0597,195.1378,THIN_EXPOSURE,0.0000,-2.4824,4.0000,96.0000,AG03-UNRESOLVED,ALL5_LEVELS_bet23_to_bet27,-2.4824,-2.4824,-2.4824,-4.9648,-4.9648,4.000000,4.000000,4.000000,8.000000,8.000000,96.000000,96.000000,96.000000,92.000000,92.000000,5.0,-17.3767,-15.5869,-44.6830,-46.4728,PENDING_AG03,FALSE,NOT_FOR_ENFORCEMENT,-59.5773,187.3323,-62.0597,-59.5773,-2.4824,-0.31803004,-0.30530884,-2.4824,-59.5773,-0.30530884,-2.4824,-2.4824,-2.4824,-4.9648,-4.9648,-59.5773,-0.30530884,-17.3767,-15.5869,-44.6830,-46.4728,-0.22898163,-0.23815379,-0.01272120,6.7289,6.7289,-2.1400,-15.5149,-2.9552,48.7845,7.2500,,6.7289,2.0771,4.1543,8.3086,16.6172,17.448,33.2343,4.1543,2.0771,4.199997,8.0,1.619745,13,18,4,2,0E-8,-0.31803004,,0E-8,0.000000,1.000000,0.000000,,2026-05-31,2026-06-05,4,21,20,6,0.666667,,,0.000000,,,,,,,,GLOBAL_BASELINE_NO_ENTITY_RANKING,,,NOT_APPLICABLE_GLOBAL_BASELINE,HF9g-P5,,,,X 全窗基线 · 不参与实体赏罚,3923523,393,A168_HF9F_20260827_0900,2026-08-27 09:00:00
2026-06-04,150795767,2170,0,16.6171613734,15.7863033047,15.7863033047,1.0000000,1,1,0.50665070000000000,0.506650700000,0.9867858985152569,0.9867858985152569,0.9867858985152569,0E-17,ELIGIBLE,R03b_20260811_FULL_v1,L1_ELIGIBILITY,v2026-08-11,2026-03-21..2026-08-06,baccarat_bet02_101_all_pairs_incl_sentinel,round_win = game_pnl > 0 (decisive only),COMPATIBILITY_ONLY_NOT_PRODUCTION,195.1378,195.1378,-62.0597,29,29,0.31803004,,0.31803004,0.31803004,62.0597,195.1378,THIN_EXPOSURE,0.0000,-2.4824,4.0000,96.0000,AG03-UNRESOLVED,ALL5_LEVELS_bet23_to_bet27,-2.4824,-2.4824,-2.4824,-4.9648,-4.9648,4.000000,4.000000,4.000000,8.000000,8.000000,96.000000,96.000000,96.000000,92.000000,92.000000,5.0,-17.3767,-15.5869,-44.6830,-46.4728,PENDING_AG03,FALSE,NOT_FOR_ENFORCEMENT,-59.5773,187.3323,-62.0597,-59.5773,-2.4824,-0.31803004,-0.30530884,-2.4824,-59.5773,-0.30530884,-2.4824,-2.4824,-2.4824,-4.9648,-4.9648,-59.5773,-0.30530884,-17.3767,-15.5869,-44.6830,-46.4728,-0.22898163,-0.23815379,-0.01272120,6.7289,6.7289,-2.1400,-15.5149,-2.9552,48.7845,7.2500,,6.7289,2.0771,4.1543,8.3086,16.6172,17.448,33.2343,4.1543,2.0771,4.199997,8.0,1.619745,13,18,4,2,0E-8,-0.31803004,,0E-8,0.000000,1.000000,0.000000,,2026-05-31,2026-06-05,4,21,20,6,0.666667,,,0.000000,,,,,,,,GLOBAL_BASELINE_NO_ENTITY_RANKING,,,NOT_APPLICABLE_GLOBAL_BASELINE,HF9g-P5,,,,X 全窗基线 · 不参与实体赏罚,3923524,393,A168_HF9F_20260827_0900,2026-08-27 09:00:00
2026-06-04,150795767,2235,0,24.9257420602,-16.6171613734,-16.6171613734,0.3333333,3,3,0.49771390000000000,0.497713900000,-0.5694369385616226,-0.5694369385616226,-0.5694369385616226,0E-17,ELIGIBLE,R03b_20260811_FULL_v1,L1_ELIGIBILITY,v2026-08-11,2026-03-21..2026-08-06,baccarat_bet02_101_all_pairs_incl_sentinel,round_win = game_pnl > 0 (decisive only),COMPATIBILITY_ONLY_NOT_PRODUCTION,195.1378,195.1378,-62.0597,29,29,0.31803004,,0.31803004,0.31803004,62.0597,195.1378,THIN_EXPOSURE,0.0000,-2.4824,4.0000,96.0000,AG03-UNRESOLVED,ALL5_LEVELS_bet23_to_bet27,-2.4824,-2.4824,-2.4824,-4.9648,-4.9648,4.000000,4.000000,4.000000,8.000000,8.000000,96.000000,96.000000,96.000000,92.000000,92.000000,5.0,-17.3767,-15.5869,-44.6830,-46.4728,PENDING_AG03,FALSE,NOT_FOR_ENFORCEMENT,-59.5773,187.3323,-62.0597,-59.5773,-2.4824,-0.31803004,-0.30530884,-2.4824,-59.5773,-0.30530884,-2.4824,-2.4824,-2.4824,-4.9648,-4.9648,-59.5773,-0.30530884,-17.3767,-15.5869,-44.6830,-46.4728,-0.22898163,-0.23815379,-0.01272120,6.7289,6.7289,-2.1400,-15.5149,-2.9552,48.7845,7.2500,,6.7289,2.0771,4.1543,8.3086,16.6172,17.448,33.2343,4.1543,2.0771,4.199997,8.0,1.619745,13,18,4,2,0E-8,-0.31803004,,0E-8,0.000000,1.000000,0.000000,,2026-05-31,2026-06-05,4,21,20,6,0.666667,,,0.000000,,,,,,,,GLOBAL_BASELINE_NO_ENTITY_RANKING,,,NOT_APPLICABLE_GLOBAL_BASELINE,HF9g-P5,,,,X 全窗基线 · 不参与实体赏罚,3923525,393,A168_HF9F_20260827_0900,2026-08-27 09:00:00
2026-06-04,150795767,2261,0,8.3085806867,7.8931516524,7.8931516524,1.0000000,1,1,0.50665070000000000,0.506650700000,0.9867858985152569,0.9867858985152569,0.9867858985152569,0E-17,ELIGIBLE,R03b_20260811_FULL_v1,L1_ELIGIBILITY,v2026-08-11,2026-03-21..2026-08-06,baccarat_bet02_101_all_pairs_incl_sentinel,round_win = game_pnl > 0 (decisive only),COMPATIBILITY_ONLY_NOT_PRODUCTION,195.1378,195.1378,-62.0597,29,29,0.31803004,,0.31803004,0.31803004,62.0597,195.1378,THIN_EXPOSURE,0.0000,-2.4824,4.0000,96.0000,AG03-UNRESOLVED,ALL5_LEVELS_bet23_to_bet27,-2.4824,-2.4824,-2.4824,-4.9648,-4.9648,4.000000,4.000000,4.000000,8.000000,8.000000,96.000000,96.000000,96.000000,92.000000,92.000000,5.0,-17.3767,-15.5869,-44.6830,-46.4728,PENDING_AG03,FALSE,NOT_FOR_ENFORCEMENT,-59.5773,187.3323,-62.0597,-59.5773,-2.4824,-0.31803004,-0.30530884,-2.4824,-59.5773,-0.30530884,-2.4824,-2.4824,-2.4824,-4.9648,-4.9648,-59.5773,-0.30530884,-17.3767,-15.5869,-44.6830,-46.4728,-0.22898163,-0.23815379,-0.01272120,6.7289,6.7289,-2.1400,-15.5149,-2.9552,48.7845,7.2500,,6.7289,2.0771,4.1543,8.3086,16.6172,17.448,33.2343,4.1543,2.0771,4.199997,8.0,1.619745,13,18,4,2,0E-8,-0.31803004,,0E-8,0.000000,1.000000,0.000000,,2026-05-31,2026-06-05,4,21,20,6,0.666667,,,0.000000,,,,,,,,GLOBAL_BASELINE_NO_ENTITY_RANKING,,,NOT_APPLICABLE_GLOBAL_BASELINE,HF9g-P5,,,,X 全窗基线 · 不参与实体赏罚,3923526,393,A168_HF9F_20260827_0900,2026-08-27 09:00:00
2026-06-05,150795767,1400,0,6.8545790665,6.8545790665,6.8545790665,1.0000000,1,1,0.49324550000000000,0.493245500000,1.01360149184955,1.01360149184955,1.01360149184955,0E-17,ELIGIBLE,R03b_20260811_FULL_v1,L1_ELIGIBILITY,v2026-08-11,2026-03-21..2026-08-06,baccarat_bet02_101_all_pairs_incl_sentinel,round_win = game_pnl > 0 (decisive only),COMPATIBILITY_ONLY_NOT_PRODUCTION,195.1378,195.1378,-62.0597,29,29,0.31803004,,0.31803004,0.31803004,62.0597,195.1378,THIN_EXPOSURE,0.0000,-2.4824,4.0000,96.0000,AG03-UNRESOLVED,ALL5_LEVELS_bet23_to_bet27,-2.4824,-2.4824,-2.4824,-4.9648,-4.9648,4.000000,4.000000,4.000000,8.000000,8.000000,96.000000,96.000000,96.000000,92.000000,92.000000,5.0,-17.3767,-15.5869,-44.6830,-46.4728,PENDING_AG03,FALSE,NOT_FOR_ENFORCEMENT,-59.5773,187.3323,-62.0597,-59.5773,-2.4824,-0.31803004,-0.30530884,-2.4824,-59.5773,-0.30530884,-2.4824,-2.4824,-2.4824,-4.9648,-4.9648,-59.5773,-0.30530884,-17.3767,-15.5869,-44.6830,-46.4728,-0.22898163,-0.23815379,-0.01272120,6.7289,6.7289,-2.1400,-15.5149,-2.9552,48.7845,7.2500,,6.7289,2.0771,4.1543,8.3086,16.6172,17.448,33.2343,4.1543,2.0771,4.199997,8.0,1.619745,13,18,4,2,0E-8,-0.31803004,,0E-8,0.000000,1.000000,0.000000,,2026-05-31,2026-06-05,4,21,20,6,0.666667,,,0.000000,,,,,,,,GLOBAL_BASELINE_NO_ENTITY_RANKING,,,NOT_APPLICABLE_GLOBAL_BASELINE,HF9g-P5,,,,X 全窗基线 · 不参与实体赏罚,3923527,393,A168_HF9F_20260827_0900,2026-08-27 09:00:00
2026-06-05,150795767,2170,0,6.2314355150,-6.2314355150,-6.2314355150,0E-7,1,1,0.50665070000000000,0.506650700000,-1.013391052207602,-1.013391052207602,-1.013391052207602,0E-17,ELIGIBLE,R03b_20260811_FULL_v1,L1_ELIGIBILITY,v2026-08-11,2026-03-21..2026-08-06,baccarat_bet02_101_all_pairs_incl_sentinel,round_win = game_pnl > 0 (decisive only),COMPATIBILITY_ONLY_NOT_PRODUCTION,195.1378,195.1378,-62.0597,29,29,0.31803004,,0.31803004,0.31803004,62.0597,195.1378,THIN_EXPOSURE,0.0000,-2.4824,4.0000,96.0000,AG03-UNRESOLVED,ALL5_LEVELS_bet23_to_bet27,-2.4824,-2.4824,-2.4824,-4.9648,-4.9648,4.000000,4.000000,4.000000,8.000000,8.000000,96.000000,96.000000,96.000000,92.000000,92.000000,5.0,-17.3767,-15.5869,-44.6830,-46.4728,PENDING_AG03,FALSE,NOT_FOR_ENFORCEMENT,-59.5773,187.3323,-62.0597,-59.5773,-2.4824,-0.31803004,-0.30530884,-2.4824,-59.5773,-0.30530884,-2.4824,-2.4824,-2.4824,-4.9648,-4.9648,-59.5773,-0.30530884,-17.3767,-15.5869,-44.6830,-46.4728,-0.22898163,-0.23815379,-0.01272120,6.7289,6.7289,-2.1400,-15.5149,-2.9552,48.7845,7.2500,,6.7289,2.0771,4.1543,8.3086,16.6172,17.448,33.2343,4.1543,2.0771,4.199997,8.0,1.619745,13,18,4,2,0E-8,-0.31803004,,0E-8,0.000000,1.000000,0.000000,,2026-05-31,2026-06-05,4,21,20,6,0.666667,,,0.000000,,,,,,,,GLOBAL_BASELINE_NO_ENTITY_RANKING,,,NOT_APPLICABLE_GLOBAL_BASELINE,HF9g-P5,,,,X 全窗基线 · 不参与实体赏罚,3923528,393,A168_HF9F_20260827_0900,2026-08-27 09:00:00
2026-06-05,150795767,2222,0,13.7091581331,13.7091581331,13.7091581331,1.0000000,1,1,0.49324550000000000,0.493245500000,1.01360149184955,1.01360149184955,1.01360149184955,0E-17,ELIGIBLE,R03b_20260811_FULL_v1,L1_ELIGIBILITY,v2026-08-11,2026-03-21..2026-08-06,baccarat_bet02_101_all_pairs_incl_sentinel,round_win = game_pnl > 0 (decisive only),COMPATIBILITY_ONLY_NOT_PRODUCTION,195.1378,195.1378,-62.0597,29,29,0.31803004,,0.31803004,0.31803004,62.0597,195.1378,THIN_EXPOSURE,0.0000,-2.4824,4.0000,96.0000,AG03-UNRESOLVED,ALL5_LEVELS_bet23_to_bet27,-2.4824,-2.4824,-2.4824,-4.9648,-4.9648,4.000000,4.000000,4.000000,8.000000,8.000000,96.000000,96.000000,96.000000,92.000000,92.000000,5.0,-17.3767,-15.5869,-44.6830,-46.4728,PENDING_AG03,FALSE,NOT_FOR_ENFORCEMENT,-59.5773,187.3323,-62.0597,-59.5773,-2.4824,-0.31803004,-0.30530884,-2.4824,-59.5773,-0.30530884,-2.4824,-2.4824,-2.4824,-4.9648,-4.9648,-59.5773,-0.30530884,-17.3767,-15.5869,-44.6830,-46.4728,-0.22898163,-0.23815379,-0.01272120,6.7289,6.7289,-2.1400,-15.5149,-2.9552,48.7845,7.2500,,6.7289,2.0771,4.1543,8.3086,16.6172,17.448,33.2343,4.1543,2.0771,4.199997,8.0,1.619745,13,18,4,2,0E-8,-0.31803004,,0E-8,0.000000,1.000000,0.000000,,2026-05-31,2026-06-05,4,21,20,6,0.666667,,,0.000000,,,,,,,,GLOBAL_BASELINE_NO_ENTITY_RANKING,,,NOT_APPLICABLE_GLOBAL_BASELINE,HF9g-P5,,,,X 全窗基线 · 不参与实体赏罚,3923529,393,A168_HF9F_20260827_0900,2026-08-27 09:00:00
2026-07-24,153213284,-1,1,108.4346681124,18.8469780292,18.8469780292,0.5333333,15,15,0.44545522000000000,0.445455220000,0.6847878038516857,0.6847878038516857,0.6847878038516857,0E-17,SENTINEL_DEALER,R03b_20260811_FULL_v1,L1_ELIGIBILITY,v2026-08-11,2026-03-21..2026-08-06,baccarat_bet02_101_all_pairs_incl_sentinel,round_win = game_pnl > 0 (decisive only),COMPATIBILITY_ONLY_NOT_PRODUCTION,5348.4868,4848.9217,-61.4186,390,380,0.01148335,0.01148335,,0.01148335,61.4186,5348.4868,OK,0.0000,-1.8426,3.0000,97.0000,AG03-UNRESOLVED,ALL5_LEVELS_bet23_to_bet27,-1.8426,-1.8426,-1.8426,-2.4567,-2.4567,3.000000,3.000000,3.000000,4.000000,4.000000,97.000000,97.000000,97.000000,96.000000,96.000000,5.0,-10.4412,-9.7582,-50.9774,-51.6603,PENDING_AG03,FALSE,NOT_FOR_ENFORCEMENT,-59.5760,4703.4540,-61.4186,-59.5760,-1.8426,-0.01148335,-0.01113885,-1.8426,-59.5760,-0.01113885,-1.8426,-1.8426,-1.8426,-2.4567,-2.4567,-59.5760,-0.01113885,-10.4412,-9.7582,-50.9774,-51.6603,-0.00953118,-0.00965887,-0.00034450,13.7141,12.7603,-0.1616,-10.2364,-1.2043,891.4145,63.3333,13.7141,,5.1636,12.8426,12.9089,25.8178,25.8178,77.0555,12.8426,0.0,2.010327,6.0,1.06786,20,36,9,3,1.00000000,-0.01148335,-0.01148335,0E-8,0.000000,0.906597,0.000000,,2026-07-24,2026-08-05,6,51,31,13,0.461539,,1.000000,3.333333,,,,,,,,GLOBAL_BASELINE_NO_ENTITY_RANKING,,,NOT_APPLICABLE_GLOBAL_BASELINE,HF9g-P5,,,,X 全窗基线 · 不参与实体赏罚,3923530,393,A168_HF9F_20260827_0900,2026-08-27 09:00:00
2026-07-24,153213284,2117,0,41.3084449952,0E-10,0E-10,0.5000000,6,5,0.49458602000000000,0.494586020000,0.021657189632758523,0.021657189632758523,0.021657189632758523,0E-17,ELIGIBLE,R03b_20260811_FULL_v1,L1_ELIGIBILITY,v2026-08-11,2026-03-21..2026-08-06,baccarat_bet02_101_all_pairs_incl_sentinel,round_win = game_pnl > 0 (decisive only),COMPATIBILITY_ONLY_NOT_PRODUCTION,5348.4868,4848.9217,-61.4186,390,380,0.01148335,0.01148335,,0.01148335,61.4186,5348.4868,OK,0.0000,-1.8426,3.0000,97.0000,AG03-UNRESOLVED,ALL5_LEVELS_bet23_to_bet27,-1.8426,-1.8426,-1.8426,-2.4567,-2.4567,3.000000,3.000000,3.000000,4.000000,4.000000,97.000000,97.000000,97.000000,96.000000,96.000000,5.0,-10.4412,-9.7582,-50.9774,-51.6603,PENDING_AG03,FALSE,NOT_FOR_ENFORCEMENT,-59.5760,4703.4540,-61.4186,-59.5760,-1.8426,-0.01148335,-0.01113885,-1.8426,-59.5760,-0.01113885,-1.8426,-1.8426,-1.8426,-2.4567,-2.4567,-59.5760,-0.01113885,-10.4412,-9.7582,-50.9774,-51.6603,-0.00953118,-0.00965887,-0.00034450,13.7141,12.7603,-0.1616,-10.2364,-1.2043,891.4145,63.3333,13.7141,,5.1636,12.8426,12.9089,25.8178,25.8178,77.0555,12.8426,0.0,2.010327,6.0,1.06786,20,36,9,3,1.00000000,-0.01148335,-0.01148335,0E-8,0.000000,0.906597,0.000000,,2026-07-24,2026-08-05,6,51,31,13,0.461539,,1.000000,3.333333,,,,,,,,GLOBAL_BASELINE_NO_ENTITY_RANKING,,,NOT_APPLICABLE_GLOBAL_BASELINE,HF9g-P5,,,,X 全窗基线 · 不参与实体赏罚,3923531,393,A168_HF9F_20260827_0900,2026-08-27 09:00:00
2026-07-24,153213284,2212,0,340.7946712104,-104.5620013941,-104.5620013941,0.3333333,14,14,0.49803307142857143,0.498033071429,-1.1410820867861415,-1.141082086789107,-1.1410820867861415,-4.2857E-13,ELIGIBLE,R03b_20260811_FULL_v1,L1_ELIGIBILITY,v2026-08-11,2026-03-21..2026-08-06,baccarat_bet02_101_all_pairs_incl_sentinel,round_win = game_pnl > 0 (decisive only),COMPATIBILITY_ONLY_NOT_PRODUCTION,5348.4868,4848.9217,-61.4186,390,380,0.01148335,0.01148335,,0.01148335,61.4186,5348.4868,OK,0.0000,-1.8426,3.0000,97.0000,AG03-UNRESOLVED,ALL5_LEVELS_bet23_to_bet27,-1.8426,-1.8426,-1.8426,-2.4567,-2.4567,3.000000,3.000000,3.000000,4.000000,4.000000,97.000000,97.000000,97.000000,96.000000,96.000000,5.0,-10.4412,-9.7582,-50.9774,-51.6603,PENDING_AG03,FALSE,NOT_FOR_ENFORCEMENT,-59.5760,4703.4540,-61.4186,-59.5760,-1.8426,-0.01148335,-0.01113885,-1.8426,-59.5760,-0.01113885,-1.8426,-1.8426,-1.8426,-2.4567,-2.4567,-59.5760,-0.01113885,-10.4412,-9.7582,-50.9774,-51.6603,-0.00953118,-0.00965887,-0.00034450,13.7141,12.7603,-0.1616,-10.2364,-1.2043,891.4145,63.3333,13.7141,,5.1636,12.8426,12.9089,25.8178,25.8178,77.0555,12.8426,0.0,2.010327,6.0,1.06786,20,36,9,3,1.00000000,-0.01148335,-0.01148335,0E-8,0.000000,0.906597,0.000000,,2026-07-24,2026-08-05,6,51,31,13,0.461539,,1.000000,3.333333,,,,,,,,GLOBAL_BASELINE_NO_ENTITY_RANKING,,,NOT_APPLICABLE_GLOBAL_BASELINE,HF9g-P5,,,,X 全窗基线 · 不参与实体赏罚,3923532,393,A168_HF9F_20260827_0900,2026-08-27 09:00:00
2026-07-24,153213284,2234,0,351.1217824592,44.6647561513,44.6647561513,0.5000000,25,22,0.44903538149350649,0.445283068182,0.4805935984393858,0.5163917264662847,0.4805935984393858,0.00375231331150649,ELIGIBLE,R03b_20260811_FULL_v1,L1_ELIGIBILITY,v2026-08-11,2026-03-21..2026-08-06,baccarat_bet02_101_all_pairs_incl_sentinel,round_win = game_pnl > 0 (decisive only),COMPATIBILITY_ONLY_NOT_PRODUCTION,5348.4868,4848.9217,-61.4186,390,380,0.01148335,0.01148335,,0.01148335,61.4186,5348.4868,OK,0.0000,-1.8426,3.0000,97.0000,AG03-UNRESOLVED,ALL5_LEVELS_bet23_to_bet27,-1.8426,-1.8426,-1.8426,-2.4567,-2.4567,3.000000,3.000000,3.000000,4.000000,4.000000,97.000000,97.000000,97.000000,96.000000,96.000000,5.0,-10.4412,-9.7582,-50.9774,-51.6603,PENDING_AG03,FALSE,NOT_FOR_ENFORCEMENT,-59.5760,4703.4540,-61.4186,-59.5760,-1.8426,-0.01148335,-0.01113885,-1.8426,-59.5760,-0.01113885,-1.8426,-1.8426,-1.8426,-2.4567,-2.4567,-59.5760,-0.01113885,-10.4412,-9.7582,-50.9774,-51.6603,-0.00953118,-0.00965887,-0.00034450,13.7141,12.7603,-0.1616,-10.2364,-1.2043,891.4145,63.3333,13.7141,,5.1636,12.8426,12.9089,25.8178,25.8178,77.0555,12.8426,0.0,2.010327,6.0,1.06786,20,36,9,3,1.00000000,-0.01148335,-0.01148335,0E-8,0.000000,0.906597,0.000000,,2026-07-24,2026-08-05,6,51,31,13,0.461539,,1.000000,3.333333,,,,,,,,GLOBAL_BASELINE_NO_ENTITY_RANKING,,,NOT_APPLICABLE_GLOBAL_BASELINE,HF9g-P5,,,,X 全窗基线 · 不参与实体赏罚,3923533,393,A168_HF9F_20260827_0900,2026-08-27 09:00:00
2026-07-24,153213284,2241,0,206.2840471948,-82.7459788810,-82.7459788810,0.3750000,18,18,0.47705655000000000,0.477056550000,-0.8173133240007104,-0.8173133240007104,-0.8173133240007104,0E-17,ELIGIBLE,R03b_20260811_FULL_v1,L1_ELIGIBILITY,v2026-08-11,2026-03-21..2026-08-06,baccarat_bet02_101_all_pairs_incl_sentinel,round_win = game_pnl > 0 (decisive only),COMPATIBILITY_ONLY_NOT_PRODUCTION,5348.4868,4848.9217,-61.4186,390,380,0.01148335,0.01148335,,0.01148335,61.4186,5348.4868,OK,0.0000,-1.8426,3.0000,97.0000,AG03-UNRESOLVED,ALL5_LEVELS_bet23_to_bet27,-1.8426,-1.8426,-1.8426,-2.4567,-2.4567,3.000000,3.000000,3.000000,4.000000,4.000000,97.000000,97.000000,97.000000,96.000000,96.000000,5.0,-10.4412,-9.7582,-50.9774,-51.6603,PENDING_AG03,FALSE,NOT_FOR_ENFORCEMENT,-59.5760,4703.4540,-61.4186,-59.5760,-1.8426,-0.01148335,-0.01113885,-1.8426,-59.5760,-0.01113885,-1.8426,-1.8426,-1.8426,-2.4567,-2.4567,-59.5760,-0.01113885,-10.4412,-9.7582,-50.9774,-51.6603,-0.00953118,-0.00965887,-0.00034450,13.7141,12.7603,-0.1616,-10.2364,-1.2043,891.4145,63.3333,13.7141,,5.1636,12.8426,12.9089,25.8178,25.8178,77.0555,12.8426,0.0,2.010327,6.0,1.06786,20,36,9,3,1.00000000,-0.01148335,-0.01148335,0E-8,0.000000,0.906597,0.000000,,2026-07-24,2026-08-05,6,51,31,13,0.461539,,1.000000,3.333333,,,,,,,,GLOBAL_BASELINE_NO_ENTITY_RANKING,,,NOT_APPLICABLE_GLOBAL_BASELINE,HF9g-P5,,,,X 全窗基线 · 不参与实体赏罚,3923534,393,A168_HF9F_20260827_0900,2026-08-27 09:00:00
2026-07-24,153213284,2250,0,38.7266671830,-23.2360003098,-23.2360003098,0.2500000,4,4,0.49659680000000000,0.496596800000,-0.9864100490137353,-0.9864100490137354,-0.9864100490137353,0E-17,ELIGIBLE,R03b_20260811_FULL_v1,L1_ELIGIBILITY,v2026-08-11,2026-03-21..2026-08-06,baccarat_bet02_101_all_pairs_incl_sentinel,round_win = game_pnl > 0 (decisive only),COMPATIBILITY_ONLY_NOT_PRODUCTION,5348.4868,4848.9217,-61.4186,390,380,0.01148335,0.01148335,,0.01148335,61.4186,5348.4868,OK,0.0000,-1.8426,3.0000,97.0000,AG03-UNRESOLVED,ALL5_LEVELS_bet23_to_bet27,-1.8426,-1.8426,-1.8426,-2.4567,-2.4567,3.000000,3.000000,3.000000,4.000000,4.000000,97.000000,97.000000,97.000000,96.000000,96.000000,5.0,-10.4412,-9.7582,-50.9774,-51.6603,PENDING_AG03,FALSE,NOT_FOR_ENFORCEMENT,-59.5760,4703.4540,-61.4186,-59.5760,-1.8426,-0.01148335,-0.01113885,-1.8426,-59.5760,-0.01113885,-1.8426,-1.8426,-1.8426,-2.4567,-2.4567,-59.5760,-0.01113885,-10.4412,-9.7582,-50.9774,-51.6603,-0.00953118,-0.00965887,-0.00034450,13.7141,12.7603,-0.1616,-10.2364,-1.2043,891.4145,63.3333,13.7141,,5.1636,12.8426,12.9089,25.8178,25.8178,77.0555,12.8426,0.0,2.010327,6.0,1.06786,20,36,9,3,1.00000000,-0.01148335,-0.01148335,0E-8,0.000000,0.906597,0.000000,,2026-07-24,2026-08-05,6,51,31,13,0.461539,,1.000000,3.333333,,,,,,,,GLOBAL_BASELINE_NO_ENTITY_RANKING,,,NOT_APPLICABLE_GLOBAL_BASELINE,HF9g-P5,,,,X 全窗基线 · 不参与实体赏罚,3923535,393,A168_HF9F_20260827_0900,2026-08-27 09:00:00
2026-07-24,153213284,2258,0,709.9888983550,201.3786693516,201.3786693516,0.5714286,26,25,0.48292997600000000,0.482929976000,0.8115761261792378,0.8115761261792378,0.8115761261792378,0E-17,ELIGIBLE,R03b_20260811_FULL_v1,L1_ELIGIBILITY,v2026-08-11,2026-03-21..2026-08-06,baccarat_bet02_101_all_pairs_incl_sentinel,round_win = game_pnl > 0 (decisive only),COMPATIBILITY_ONLY_NOT_PRODUCTION,5348.4868,4848.9217,-61.4186,390,380,0.01148335,0.01148335,,0.01148335,61.4186,5348.4868,OK,0.0000,-1.8426,3.0000,97.0000,AG03-UNRESOLVED,ALL5_LEVELS_bet23_to_bet27,-1.8426,-1.8426,-1.8426,-2.4567,-2.4567,3.000000,3.000000,3.000000,4.000000,4.000000,97.000000,97.000000,97.000000,96.000000,96.000000,5.0,-10.4412,-9.7582,-50.9774,-51.6603,PENDING_AG03,FALSE,NOT_FOR_ENFORCEMENT,-59.5760,4703.4540,-61.4186,-59.5760,-1.8426,-0.01148335,-0.01113885,-1.8426,-59.5760,-0.01113885,-1.8426,-1.8426,-1.8426,-2.4567,-2.4567,-59.5760,-0.01113885,-10.4412,-9.7582,-50.9774,-51.6603,-0.00953118,-0.00965887,-0.00034450,13.7141,12.7603,-0.1616,-10.2364,-1.2043,891.4145,63.3333,13.7141,,5.1636,12.8426,12.9089,25.8178,25.8178,77.0555,12.8426,0.0,2.010327,6.0,1.06786,20,36,9,3,1.00000000,-0.01148335,-0.01148335,0E-8,0.000000,0.906597,0.000000,,2026-07-24,2026-08-05,6,51,31,13,0.461539,,1.000000,3.333333,,,,,,,,GLOBAL_BASELINE_NO_ENTITY_RANKING,,,NOT_APPLICABLE_GLOBAL_BASELINE,HF9g-P5,,,,X 全窗基线 · 不参与实体赏罚,3923536,393,A168_HF9F_20260827_0900,2026-08-27 09:00:00
2026-07-24,153213284,2280,0,198.7968915394,99.7857124418,99.7857124418,0.7333333,18,18,0.48003548333333333,0.480035483333,1.9636026468123131,1.9636026468149497,1.9636026468123131,3.3333E-13,ELIGIBLE,R03b_20260811_FULL_v1,L1_ELIGIBILITY,v2026-08-11,2026-03-21..2026-08-06,baccarat_bet02_101_all_pairs_incl_sentinel,round_win = game_pnl > 0 (decisive only),COMPATIBILITY_ONLY_NOT_PRODUCTION,5348.4868,4848.9217,-61.4186,390,380,0.01148335,0.01148335,,0.01148335,61.4186,5348.4868,OK,0.0000,-1.8426,3.0000,97.0000,AG03-UNRESOLVED,ALL5_LEVELS_bet23_to_bet27,-1.8426,-1.8426,-1.8426,-2.4567,-2.4567,3.000000,3.000000,3.000000,4.000000,4.000000,97.000000,97.000000,97.000000,96.000000,96.000000,5.0,-10.4412,-9.7582,-50.9774,-51.6603,PENDING_AG03,FALSE,NOT_FOR_ENFORCEMENT,-59.5760,4703.4540,-61.4186,-59.5760,-1.8426,-0.01148335,-0.01113885,-1.8426,-59.5760,-0.01113885,-1.8426,-1.8426,-1.8426,-2.4567,-2.4567,-59.5760,-0.01113885,-10.4412,-9.7582,-50.9774,-51.6603,-0.00953118,-0.00965887,-0.00034450,13.7141,12.7603,-0.1616,-10.2364,-1.2043,891.4145,63.3333,13.7141,,5.1636,12.8426,12.9089,25.8178,25.8178,77.0555,12.8426,0.0,2.010327,6.0,1.06786,20,36,9,3,1.00000000,-0.01148335,-0.01148335,0E-8,0.000000,0.906597,0.000000,,2026-07-24,2026-08-05,6,51,31,13,0.461539,,1.000000,3.333333,,,,,,,,GLOBAL_BASELINE_NO_ENTITY_RANKING,,,NOT_APPLICABLE_GLOBAL_BASELINE,HF9g-P5,,,,X 全窗基线 · 不参与实体赏罚,3923537,393,A168_HF9F_20260827_0900,2026-08-27 09:00:00
2026-07-24,153213284,2287,0,37.6939560581,11.6180001549,11.6180001549,0.6666667,8,8,0.49492115000000000,0.494921150000,0.841421172450346,0.841421172450346,0.841421172450346,0E-17,ELIGIBLE,R03b_20260811_FULL_v1,L1_ELIGIBILITY,v2026-08-11,2026-03-21..2026-08-06,baccarat_bet02_101_all_pairs_incl_sentinel,round_win = game_pnl > 0 (decisive only),COMPATIBILITY_ONLY_NOT_PRODUCTION,5348.4868,4848.9217,-61.4186,390,380,0.01148335,0.01148335,,0.01148335,61.4186,5348.4868,OK,0.0000,-1.8426,3.0000,97.0000,AG03-UNRESOLVED,ALL5_LEVELS_bet23_to_bet27,-1.8426,-1.8426,-1.8426,-2.4567,-2.4567,3.000000,3.000000,3.000000,4.000000,4.000000,97.000000,97.000000,97.000000,96.000000,96.000000,5.0,-10.4412,-9.7582,-50.9774,-51.6603,PENDING_AG03,FALSE,NOT_FOR_ENFORCEMENT,-59.5760,4703.4540,-61.4186,-59.5760,-1.8426,-0.01148335,-0.01113885,-1.8426,-59.5760,-0.01113885,-1.8426,-1.8426,-1.8426,-2.4567,-2.4567,-59.5760,-0.01113885,-10.4412,-9.7582,-50.9774,-51.6603,-0.00953118,-0.00965887,-0.00034450,13.7141,12.7603,-0.1616,-10.2364,-1.2043,891.4145,63.3333,13.7141,,5.1636,12.8426,12.9089,25.8178,25.8178,77.0555,12.8426,0.0,2.010327,6.0,1.06786,20,36,9,3,1.00000000,-0.01148335,-0.01148335,0E-8,0.000000,0.906597,0.000000,,2026-07-24,2026-08-05,6,51,31,13,0.461539,,1.000000,3.333333,,,,,,,,GLOBAL_BASELINE_NO_ENTITY_RANKING,,,NOT_APPLICABLE_GLOBAL_BASELINE,HF9g-P5,,,,X 全窗基线 · 不参与实体赏罚,3923538,393,A168_HF9F_20260827_0900,2026-08-27 09:00:00
2026-07-24,153213284,529,0,38.7266671830,-13.5543335140,-13.5543335140,0.3333333,3,3,0.50218230000000000,0.502182300000,-0.5849155494134425,-0.5849155494134426,-0.5849155494134425,0E-17,ELIGIBLE,R03b_20260811_FULL_v1,L1_ELIGIBILITY,v2026-08-11,2026-03-21..2026-08-06,baccarat_bet02_101_all_pairs_incl_sentinel,round_win = game_pnl > 0 (decisive only),COMPATIBILITY_ONLY_NOT_PRODUCTION,5348.4868,4848.9217,-61.4186,390,380,0.01148335,0.01148335,,0.01148335,61.4186,5348.4868,OK,0.0000,-1.8426,3.0000,97.0000,AG03-UNRESOLVED,ALL5_LEVELS_bet23_to_bet27,-1.8426,-1.8426,-1.8426,-2.4567,-2.4567,3.000000,3.000000,3.000000,4.000000,4.000000,97.000000,97.000000,97.000000,96.000000,96.000000,5.0,-10.4412,-9.7582,-50.9774,-51.6603,PENDING_AG03,FALSE,NOT_FOR_ENFORCEMENT,-59.5760,4703.4540,-61.4186,-59.5760,-1.8426,-0.01148335,-0.01113885,-1.8426,-59.5760,-0.01113885,-1.8426,-1.8426,-1.8426,-2.4567,-2.4567,-59.5760,-0.01113885,-10.4412,-9.7582,-50.9774,-51.6603,-0.00953118,-0.00965887,-0.00034450,13.7141,12.7603,-0.1616,-10.2364,-1.2043,891.4145,63.3333,13.7141,,5.1636,12.8426,12.9089,25.8178,25.8178,77.0555,12.8426,0.0,2.010327,6.0,1.06786,20,36,9,3,1.00000000,-0.01148335,-0.01148335,0E-8,0.000000,0.906597,0.000000,,2026-07-24,2026-08-05,6,51,31,13,0.461539,,1.000000,3.333333,,,,,,,,GLOBAL_BASELINE_NO_ENTITY_RANKING,,,NOT_APPLICABLE_GLOBAL_BASELINE,HF9g-P5,,,,X 全窗基线 · 不参与实体赏罚,3923539,393,A168_HF9F_20260827_0900,2026-08-27 09:00:00
2026-07-24,153213284,627,0,136.8342240466,-16.0070224354,-16.0070224354,0.5454545,12,11,0.49229219350649351,0.484265286364,0.35268105702030494,0.40608475492672386,0.35268105702030494,0.00802690714249351,ELIGIBLE,R03b_20260811_FULL_v1,L1_ELIGIBILITY,v2026-08-11,2026-03-21..2026-08-06,baccarat_bet02_101_all_pairs_incl_sentinel,round_win = game_pnl > 0 (decisive only),COMPATIBILITY_ONLY_NOT_PRODUCTION,5348.4868,4848.9217,-61.4186,390,380,0.01148335,0.01148335,,0.01148335,61.4186,5348.4868,OK,0.0000,-1.8426,3.0000,97.0000,AG03-UNRESOLVED,ALL5_LEVELS_bet23_to_bet27,-1.8426,-1.8426,-1.8426,-2.4567,-2.4567,3.000000,3.000000,3.000000,4.000000,4.000000,97.000000,97.000000,97.000000,96.000000,96.000000,5.0,-10.4412,-9.7582,-50.9774,-51.6603,PENDING_AG03,FALSE,NOT_FOR_ENFORCEMENT,-59.5760,4703.4540,-61.4186,-59.5760,-1.8426,-0.01148335,-0.01113885,-1.8426,-59.5760,-0.01113885,-1.8426,-1.8426,-1.8426,-2.4567,-2.4567,-59.5760,-0.01113885,-10.4412,-9.7582,-50.9774,-51.6603,-0.00953118,-0.00965887,-0.00034450,13.7141,12.7603,-0.1616,-10.2364,-1.2043,891.4145,63.3333,13.7141,,5.1636,12.8426,12.9089,25.8178,25.8178,77.0555,12.8426,0.0,2.010327,6.0,1.06786,20,36,9,3,1.00000000,-0.01148335,-0.01148335,0E-8,0.000000,0.906597,0.000000,,2026-07-24,2026-08-05,6,51,31,13,0.461539,,1.000000,3.333333,,,,,,,,GLOBAL_BASELINE_NO_ENTITY_RANKING,,,NOT_APPLICABLE_GLOBAL_BASELINE,HF9g-P5,,,,X 全窗基线 · 不参与实体赏罚,3923540,393,A168_HF9F_20260827_0900,2026-08-27 09:00:00
2026-07-25,153213284,1384,0,5.1635556244,-5.1635556244,-5.1635556244,0E-7,1,1,0.49324550000000000,0.493245500000,-0.9865810262130424,-0.9865810262130424,-0.9865810262130424,0E-17,ELIGIBLE,R03b_20260811_FULL_v1,L1_ELIGIBILITY,v2026-08-11,2026-03-21..2026-08-06,baccarat_bet02_101_all_pairs_incl_sentinel,round_win = game_pnl > 0 (decisive only),COMPATIBILITY_ONLY_NOT_PRODUCTION,5348.4868,4848.9217,-61.4186,390,380,0.01148335,0.01148335,,0.01148335,61.4186,5348.4868,OK,0.0000,-1.8426,3.0000,97.0000,AG03-UNRESOLVED,ALL5_LEVELS_bet23_to_bet27,-1.8426,-1.8426,-1.8426,-2.4567,-2.4567,3.000000,3.000000,3.000000,4.000000,4.000000,97.000000,97.000000,97.000000,96.000000,96.000000,5.0,-10.4412,-9.7582,-50.9774,-51.6603,PENDING_AG03,FALSE,NOT_FOR_ENFORCEMENT,-59.5760,4703.4540,-61.4186,-59.5760,-1.8426,-0.01148335,-0.01113885,-1.8426,-59.5760,-0.01113885,-1.8426,-1.8426,-1.8426,-2.4567,-2.4567,-59.5760,-0.01113885,-10.4412,-9.7582,-50.9774,-51.6603,-0.00953118,-0.00965887,-0.00034450,13.7141,12.7603,-0.1616,-10.2364,-1.2043,891.4145,63.3333,13.7141,,5.1636,12.8426,12.9089,25.8178,25.8178,77.0555,12.8426,0.0,2.010327,6.0,1.06786,20,36,9,3,1.00000000,-0.01148335,-0.01148335,0E-8,0.000000,0.906597,0.000000,,2026-07-24,2026-08-05,6,51,31,13,0.461539,,1.000000,3.333333,,,,,,,,GLOBAL_BASELINE_NO_ENTITY_RANKING,,,NOT_APPLICABLE_GLOBAL_BASELINE,HF9g-P5,,,,X 全窗基线 · 不参与实体赏罚,3923541,393,A168_HF9F_20260827_0900,2026-08-27 09:00:00
2026-07-25,153213284,1507,0,5.1635556244,-5.1635556244,-5.1635556244,0E-7,1,1,0.49324550000000000,0.493245500000,-0.9865810262130424,-0.9865810262130424,-0.9865810262130424,0E-17,ELIGIBLE,R03b_20260811_FULL_v1,L1_ELIGIBILITY,v2026-08-11,2026-03-21..2026-08-06,baccarat_bet02_101_all_pairs_incl_sentinel,round_win = game_pnl > 0 (decisive only),COMPATIBILITY_ONLY_NOT_PRODUCTION,5348.4868,4848.9217,-61.4186,390,380,0.01148335,0.01148335,,0.01148335,61.4186,5348.4868,OK,0.0000,-1.8426,3.0000,97.0000,AG03-UNRESOLVED,ALL5_LEVELS_bet23_to_bet27,-1.8426,-1.8426,-1.8426,-2.4567,-2.4567,3.000000,3.000000,3.000000,4.000000,4.000000,97.000000,97.000000,97.000000,96.000000,96.000000,5.0,-10.4412,-9.7582,-50.9774,-51.6603,PENDING_AG03,FALSE,NOT_FOR_ENFORCEMENT,-59.5760,4703.4540,-61.4186,-59.5760,-1.8426,-0.01148335,-0.01113885,-1.8426,-59.5760,-0.01113885,-1.8426,-1.8426,-1.8426,-2.4567,-2.4567,-59.5760,-0.01113885,-10.4412,-9.7582,-50.9774,-51.6603,-0.00953118,-0.00965887,-0.00034450,13.7141,12.7603,-0.1616,-10.2364,-1.2043,891.4145,63.3333,13.7141,,5.1636,12.8426,12.9089,25.8178,25.8178,77.0555,12.8426,0.0,2.010327,6.0,1.06786,20,36,9,3,1.00000000,-0.01148335,-0.01148335,0E-8,0.000000,0.906597,0.000000,,2026-07-24,2026-08-05,6,51,31,13,0.461539,,1.000000,3.333333,,,,,,,,GLOBAL_BASELINE_NO_ENTITY_RANKING,,,NOT_APPLICABLE_GLOBAL_BASELINE,HF9g-P5,,,,X 全窗基线 · 不参与实体赏罚,3923542,393,A168_HF9F_20260827_0900,2026-08-27 09:00:00
2026-07-25,153213284,2073,0,5.1635556244,5.1635556244,5.1635556244,1.0000000,1,1,0.49324550000000000,0.493245500000,1.01360149184955,1.01360149184955,1.01360149184955,0E-17,ELIGIBLE,R03b_20260811_FULL_v1,L1_ELIGIBILITY,v2026-08-11,2026-03-21..2026-08-06,baccarat_bet02_101_all_pairs_incl_sentinel,round_win = game_pnl > 0 (decisive only),COMPATIBILITY_ONLY_NOT_PRODUCTION,5348.4868,4848.9217,-61.4186,390,380,0.01148335,0.01148335,,0.01148335,61.4186,5348.4868,OK,0.0000,-1.8426,3.0000,97.0000,AG03-UNRESOLVED,ALL5_LEVELS_bet23_to_bet27,-1.8426,-1.8426,-1.8426,-2.4567,-2.4567,3.000000,3.000000,3.000000,4.000000,4.000000,97.000000,97.000000,97.000000,96.000000,96.000000,5.0,-10.4412,-9.7582,-50.9774,-51.6603,PENDING_AG03,FALSE,NOT_FOR_ENFORCEMENT,-59.5760,4703.4540,-61.4186,-59.5760,-1.8426,-0.01148335,-0.01113885,-1.8426,-59.5760,-0.01113885,-1.8426,-1.8426,-1.8426,-2.4567,-2.4567,-59.5760,-0.01113885,-10.4412,-9.7582,-50.9774,-51.6603,-0.00953118,-0.00965887,-0.00034450,13.7141,12.7603,-0.1616,-10.2364,-1.2043,891.4145,63.3333,13.7141,,5.1636,12.8426,12.9089,25.8178,25.8178,77.0555,12.8426,0.0,2.010327,6.0,1.06786,20,36,9,3,1.00000000,-0.01148335,-0.01148335,0E-8,0.000000,0.906597,0.000000,,2026-07-24,2026-08-05,6,51,31,13,0.461539,,1.000000,3.333333,,,,,,,,GLOBAL_BASELINE_NO_ENTITY_RANKING,,,NOT_APPLICABLE_GLOBAL_BASELINE,HF9g-P5,,,,X 全窗基线 · 不参与实体赏罚,3923543,393,A168_HF9F_20260827_0900,2026-08-27 09:00:00
2026-07-25,153213284,2212,0,147.1613352954,-20.6542224976,-20.6542224976,0.3750000,8,8,0.45346906250000000,0.453469062500,-0.4458227745666763,-0.4458227745666763,-0.4458227745666763,0E-17,ELIGIBLE,R03b_20260811_FULL_v1,L1_ELIGIBILITY,v2026-08-11,2026-03-21..2026-08-06,baccarat_bet02_101_all_pairs_incl_sentinel,round_win = game_pnl > 0 (decisive only),COMPATIBILITY_ONLY_NOT_PRODUCTION,5348.4868,4848.9217,-61.4186,390,380,0.01148335,0.01148335,,0.01148335,61.4186,5348.4868,OK,0.0000,-1.8426,3.0000,97.0000,AG03-UNRESOLVED,ALL5_LEVELS_bet23_to_bet27,-1.8426,-1.8426,-1.8426,-2.4567,-2.4567,3.000000,3.000000,3.000000,4.000000,4.000000,97.000000,97.000000,97.000000,96.000000,96.000000,5.0,-10.4412,-9.7582,-50.9774,-51.6603,PENDING_AG03,FALSE,NOT_FOR_ENFORCEMENT,-59.5760,4703.4540,-61.4186,-59.5760,-1.8426,-0.01148335,-0.01113885,-1.8426,-59.5760,-0.01113885,-1.8426,-1.8426,-1.8426,-2.4567,-2.4567,-59.5760,-0.01113885,-10.4412,-9.7582,-50.9774,-51.6603,-0.00953118,-0.00965887,-0.00034450,13.7141,12.7603,-0.1616,-10.2364,-1.2043,891.4145,63.3333,13.7141,,5.1636,12.8426,12.9089,25.8178,25.8178,77.0555,12.8426,0.0,2.010327,6.0,1.06786,20,36,9,3,1.00000000,-0.01148335,-0.01148335,0E-8,0.000000,0.906597,0.000000,,2026-07-24,2026-08-05,6,51,31,13,0.461539,,1.000000,3.333333,,,,,,,,GLOBAL_BASELINE_NO_ENTITY_RANKING,,,NOT_APPLICABLE_GLOBAL_BASELINE,HF9g-P5,,,,X 全窗基线 · 不参与实体赏罚,3923544,393,A168_HF9F_20260827_0900,2026-08-27 09:00:00
2026-07-25,153213284,2250,0,38.7266671830,-38.7266671830,-38.7266671830,0E-7,2,2,0.49324550000000000,0.493245500000,-1.3952362676504506,-1.3952362676504506,-1.3952362676504506,0E-17,ELIGIBLE,R03b_20260811_FULL_v1,L1_ELIGIBILITY,v2026-08-11,2026-03-21..2026-08-06,baccarat_bet02_101_all_pairs_incl_sentinel,round_win = game_pnl > 0 (decisive only),COMPATIBILITY_ONLY_NOT_PRODUCTION,5348.4868,4848.9217,-61.4186,390,380,0.01148335,0.01148335,,0.01148335,61.4186,5348.4868,OK,0.0000,-1.8426,3.0000,97.0000,AG03-UNRESOLVED,ALL5_LEVELS_bet23_to_bet27,-1.8426,-1.8426,-1.8426,-2.4567,-2.4567,3.000000,3.000000,3.000000,4.000000,4.000000,97.000000,97.000000,97.000000,96.000000,96.000000,5.0,-10.4412,-9.7582,-50.9774,-51.6603,PENDING_AG03,FALSE,NOT_FOR_ENFORCEMENT,-59.5760,4703.4540,-61.4186,-59.5760,-1.8426,-0.01148335,-0.01113885,-1.8426,-59.5760,-0.01113885,-1.8426,-1.8426,-1.8426,-2.4567,-2.4567,-59.5760,-0.01113885,-10.4412,-9.7582,-50.9774,-51.6603,-0.00953118,-0.00965887,-0.00034450,13.7141,12.7603,-0.1616,-10.2364,-1.2043,891.4145,63.3333,13.7141,,5.1636,12.8426,12.9089,25.8178,25.8178,77.0555,12.8426,0.0,2.010327,6.0,1.06786,20,36,9,3,1.00000000,-0.01148335,-0.01148335,0E-8,0.000000,0.906597,0.000000,,2026-07-24,2026-08-05,6,51,31,13,0.461539,,1.000000,3.333333,,,,,,,,GLOBAL_BASELINE_NO_ENTITY_RANKING,,,NOT_APPLICABLE_GLOBAL_BASELINE,HF9g-P5,,,,X 全窗基线 · 不参与实体赏罚,3923545,393,A168_HF9F_20260827_0900,2026-08-27 09:00:00
2026-07-25,153213284,2256,0,5.1635556244,0E-10,0E-10,,1,1,0.50665070000000000,0.506650700000,,,,0E-17,NO_DECISIVE_ROUND,R03b_20260811_FULL_v1,L1_ELIGIBILITY,v2026-08-11,2026-03-21..2026-08-06,baccarat_bet02_101_all_pairs_incl_sentinel,round_win = game_pnl > 0 (decisive only),COMPATIBILITY_ONLY_NOT_PRODUCTION,5348.4868,4848.9217,-61.4186,390,380,0.01148335,0.01148335,,0.01148335,61.4186,5348.4868,OK,0.0000,-1.8426,3.0000,97.0000,AG03-UNRESOLVED,ALL5_LEVELS_bet23_to_bet27,-1.8426,-1.8426,-1.8426,-2.4567,-2.4567,3.000000,3.000000,3.000000,4.000000,4.000000,97.000000,97.000000,97.000000,96.000000,96.000000,5.0,-10.4412,-9.7582,-50.9774,-51.6603,PENDING_AG03,FALSE,NOT_FOR_ENFORCEMENT,-59.5760,4703.4540,-61.4186,-59.5760,-1.8426,-0.01148335,-0.01113885,-1.8426,-59.5760,-0.01113885,-1.8426,-1.8426,-1.8426,-2.4567,-2.4567,-59.5760,-0.01113885,-10.4412,-9.7582,-50.9774,-51.6603,-0.00953118,-0.00965887,-0.00034450,13.7141,12.7603,-0.1616,-10.2364,-1.2043,891.4145,63.3333,13.7141,,5.1636,12.8426,12.9089,25.8178,25.8178,77.0555,12.8426,0.0,2.010327,6.0,1.06786,20,36,9,3,1.00000000,-0.01148335,-0.01148335,0E-8,0.000000,0.906597,0.000000,,2026-07-24,2026-08-05,6,51,31,13,0.461539,,1.000000,3.333333,,,,,,,,GLOBAL_BASELINE_NO_ENTITY_RANKING,,,NOT_APPLICABLE_GLOBAL_BASELINE,HF9g-P5,,,,X 全窗基线 · 不参与实体赏罚,3923546,393,A168_HF9F_20260827_0900,2026-08-27 09:00:00
2026-07-25,153213284,2280,0,99.1402679885,6.6609867555,6.6609867555,0.5000000,7,7,0.50473567142857143,0.504735671429,-0.023200997840541474,-0.023200997842641315,-0.023200997840541474,-4.2857E-13,ELIGIBLE,R03b_20260811_FULL_v1,L1_ELIGIBILITY,v2026-08-11,2026-03-21..2026-08-06,baccarat_bet02_101_all_pairs_incl_sentinel,round_win = game_pnl > 0 (decisive only),COMPATIBILITY_ONLY_NOT_PRODUCTION,5348.4868,4848.9217,-61.4186,390,380,0.01148335,0.01148335,,0.01148335,61.4186,5348.4868,OK,0.0000,-1.8426,3.0000,97.0000,AG03-UNRESOLVED,ALL5_LEVELS_bet23_to_bet27,-1.8426,-1.8426,-1.8426,-2.4567,-2.4567,3.000000,3.000000,3.000000,4.000000,4.000000,97.000000,97.000000,97.000000,96.000000,96.000000,5.0,-10.4412,-9.7582,-50.9774,-51.6603,PENDING_AG03,FALSE,NOT_FOR_ENFORCEMENT,-59.5760,4703.4540,-61.4186,-59.5760,-1.8426,-0.01148335,-0.01113885,-1.8426,-59.5760,-0.01113885,-1.8426,-1.8426,-1.8426,-2.4567,-2.4567,-59.5760,-0.01113885,-10.4412,-9.7582,-50.9774,-51.6603,-0.00953118,-0.00965887,-0.00034450,13.7141,12.7603,-0.1616,-10.2364,-1.2043,891.4145,63.3333,13.7141,,5.1636,12.8426,12.9089,25.8178,25.8178,77.0555,12.8426,0.0,2.010327,6.0,1.06786,20,36,9,3,1.00000000,-0.01148335,-0.01148335,0E-8,0.000000,0.906597,0.000000,,2026-07-24,2026-08-05,6,51,31,13,0.461539,,1.000000,3.333333,,,,,,,,GLOBAL_BASELINE_NO_ENTITY_RANKING,,,NOT_APPLICABLE_GLOBAL_BASELINE,HF9g-P5,,,,X 全窗基线 · 不参与实体赏罚,3923547,393,A168_HF9F_20260827_0900,2026-08-27 09:00:00
2026-07-25,153213284,526,0,5.1635556244,5.1635556244,5.1635556244,1.0000000,1,1,0.49324550000000000,0.493245500000,1.01360149184955,1.01360149184955,1.01360149184955,0E-17,ELIGIBLE,R03b_20260811_FULL_v1,L1_ELIGIBILITY,v2026-08-11,2026-03-21..2026-08-06,baccarat_bet02_101_all_pairs_incl_sentinel,round_win = game_pnl > 0 (decisive only),COMPATIBILITY_ONLY_NOT_PRODUCTION,5348.4868,4848.9217,-61.4186,390,380,0.01148335,0.01148335,,0.01148335,61.4186,5348.4868,OK,0.0000,-1.8426,3.0000,97.0000,AG03-UNRESOLVED,ALL5_LEVELS_bet23_to_bet27,-1.8426,-1.8426,-1.8426,-2.4567,-2.4567,3.000000,3.000000,3.000000,4.000000,4.000000,97.000000,97.000000,97.000000,96.000000,96.000000,5.0,-10.4412,-9.7582,-50.9774,-51.6603,PENDING_AG03,FALSE,NOT_FOR_ENFORCEMENT,-59.5760,4703.4540,-61.4186,-59.5760,-1.8426,-0.01148335,-0.01113885,-1.8426,-59.5760,-0.01113885,-1.8426,-1.8426,-1.8426,-2.4567,-2.4567,-59.5760,-0.01113885,-10.4412,-9.7582,-50.9774,-51.6603,-0.00953118,-0.00965887,-0.00034450,13.7141,12.7603,-0.1616,-10.2364,-1.2043,891.4145,63.3333,13.7141,,5.1636,12.8426,12.9089,25.8178,25.8178,77.0555,12.8426,0.0,2.010327,6.0,1.06786,20,36,9,3,1.00000000,-0.01148335,-0.01148335,0E-8,0.000000,0.906597,0.000000,,2026-07-24,2026-08-05,6,51,31,13,0.461539,,1.000000,3.333333,,,,,,,,GLOBAL_BASELINE_NO_ENTITY_RANKING,,,NOT_APPLICABLE_GLOBAL_BASELINE,HF9g-P5,,,,X 全窗基线 · 不参与实体赏罚,3923548,393,A168_HF9F_20260827_0900,2026-08-27 09:00:00
2026-07-25,153213284,801,0,193.6333359150,57.5736452122,57.5736452122,0.6000000,16,16,0.49827245000000000,0.498272450000,0.7879829173731457,0.7879829173731459,0.7879829173731457,0E-17,ELIGIBLE,R03b_20260811_FULL_v1,L1_ELIGIBILITY,v2026-08-11,2026-03-21..2026-08-06,baccarat_bet02_101_all_pairs_incl_sentinel,round_win = game_pnl > 0 (decisive only),COMPATIBILITY_ONLY_NOT_PRODUCTION,5348.4868,4848.9217,-61.4186,390,380,0.01148335,0.01148335,,0.01148335,61.4186,5348.4868,OK,0.0000,-1.8426,3.0000,97.0000,AG03-UNRESOLVED,ALL5_LEVELS_bet23_to_bet27,-1.8426,-1.8426,-1.8426,-2.4567,-2.4567,3.000000,3.000000,3.000000,4.000000,4.000000,97.000000,97.000000,97.000000,96.000000,96.000000,5.0,-10.4412,-9.7582,-50.9774,-51.6603,PENDING_AG03,FALSE,NOT_FOR_ENFORCEMENT,-59.5760,4703.4540,-61.4186,-59.5760,-1.8426,-0.01148335,-0.01113885,-1.8426,-59.5760,-0.01113885,-1.8426,-1.8426,-1.8426,-2.4567,-2.4567,-59.5760,-0.01113885,-10.4412,-9.7582,-50.9774,-51.6603,-0.00953118,-0.00965887,-0.00034450,13.7141,12.7603,-0.1616,-10.2364,-1.2043,891.4145,63.3333,13.7141,,5.1636,12.8426,12.9089,25.8178,25.8178,77.0555,12.8426,0.0,2.010327,6.0,1.06786,20,36,9,3,1.00000000,-0.01148335,-0.01148335,0E-8,0.000000,0.906597,0.000000,,2026-07-24,2026-08-05,6,51,31,13,0.461539,,1.000000,3.333333,,,,,,,,GLOBAL_BASELINE_NO_ENTITY_RANKING,,,NOT_APPLICABLE_GLOBAL_BASELINE,HF9g-P5,,,,X 全窗基线 · 不参与实体赏罚,3923549,393,A168_HF9F_20260827_0900,2026-08-27 09:00:00
2026-08-02,153213284,-1,1,5.1370302828,0E-10,0E-10,0.5000000,2,2,0.49994810000000000,0.499948100000,0.00014679536856514622,0.00014679536856514622,0.00014679536856514622,0E-17,SENTINEL_DEALER,R03b_20260811_FULL_v1,L1_ELIGIBILITY,v2026-08-11,2026-03-21..2026-08-06,baccarat_bet02_101_all_pairs_incl_sentinel,round_win = game_pnl > 0 (decisive only),COMPATIBILITY_ONLY_NOT_PRODUCTION,5348.4868,4848.9217,-61.4186,390,380,0.01148335,0.01148335,,0.01148335,61.4186,5348.4868,OK,0.0000,-1.8426,3.0000,97.0000,AG03-UNRESOLVED,ALL5_LEVELS_bet23_to_bet27,-1.8426,-1.8426,-1.8426,-2.4567,-2.4567,3.000000,3.000000,3.000000,4.000000,4.000000,97.000000,97.000000,97.000000,96.000000,96.000000,5.0,-10.4412,-9.7582,-50.9774,-51.6603,PENDING_AG03,FALSE,NOT_FOR_ENFORCEMENT,-59.5760,4703.4540,-61.4186,-59.5760,-1.8426,-0.01148335,-0.01113885,-1.8426,-59.5760,-0.01113885,-1.8426,-1.8426,-1.8426,-2.4567,-2.4567,-59.5760,-0.01113885,-10.4412,-9.7582,-50.9774,-51.6603,-0.00953118,-0.00965887,-0.00034450,13.7141,12.7603,-0.1616,-10.2364,-1.2043,891.4145,63.3333,13.7141,,5.1636,12.8426,12.9089,25.8178,25.8178,77.0555,12.8426,0.0,2.010327,6.0,1.06786,20,36,9,3,1.00000000,-0.01148335,-0.01148335,0E-8,0.000000,0.906597,0.000000,,2026-07-24,2026-08-05,6,51,31,13,0.461539,,1.000000,3.333333,,,,,,,,GLOBAL_BASELINE_NO_ENTITY_RANKING,,,NOT_APPLICABLE_GLOBAL_BASELINE,HF9g-P5,,,,X 全窗基线 · 不参与实体赏罚,3923550,393,A168_HF9F_20260827_0900,2026-08-27 09:00:00
2026-08-02,153213284,1004,0,43.6647574038,-3.0822181697,-3.0822181697,0.5555556,9,9,0.50069283333333333,0.500692833333,0.32917664935493707,0.32917664935693675,0.32917664935493707,3.3333E-13,ELIGIBLE,R03b_20260811_FULL_v1,L1_ELIGIBILITY,v2026-08-11,2026-03-21..2026-08-06,baccarat_bet02_101_all_pairs_incl_sentinel,round_win = game_pnl > 0 (decisive only),COMPATIBILITY_ONLY_NOT_PRODUCTION,5348.4868,4848.9217,-61.4186,390,380,0.01148335,0.01148335,,0.01148335,61.4186,5348.4868,OK,0.0000,-1.8426,3.0000,97.0000,AG03-UNRESOLVED,ALL5_LEVELS_bet23_to_bet27,-1.8426,-1.8426,-1.8426,-2.4567,-2.4567,3.000000,3.000000,3.000000,4.000000,4.000000,97.000000,97.000000,97.000000,96.000000,96.000000,5.0,-10.4412,-9.7582,-50.9774,-51.6603,PENDING_AG03,FALSE,NOT_FOR_ENFORCEMENT,-59.5760,4703.4540,-61.4186,-59.5760,-1.8426,-0.01148335,-0.01113885,-1.8426,-59.5760,-0.01113885,-1.8426,-1.8426,-1.8426,-2.4567,-2.4567,-59.5760,-0.01113885,-10.4412,-9.7582,-50.9774,-51.6603,-0.00953118,-0.00965887,-0.00034450,13.7141,12.7603,-0.1616,-10.2364,-1.2043,891.4145,63.3333,13.7141,,5.1636,12.8426,12.9089,25.8178,25.8178,77.0555,12.8426,0.0,2.010327,6.0,1.06786,20,36,9,3,1.00000000,-0.01148335,-0.01148335,0E-8,0.000000,0.906597,0.000000,,2026-07-24,2026-08-05,6,51,31,13,0.461539,,1.000000,3.333333,,,,,,,,GLOBAL_BASELINE_NO_ENTITY_RANKING,,,NOT_APPLICABLE_GLOBAL_BASELINE,HF9g-P5,,,,X 全窗基线 · 不参与实体赏罚,3923551,393,A168_HF9F_20260827_0900,2026-08-27 09:00:00
2026-08-02,153213284,1304,0,71.9184239592,-6.1644363393,-6.1644363393,0.4000000,11,11,0.50299473636363636,0.502994736364,-0.6514075921675917,-0.6514075921698945,-0.6514075921675917,-3.6364E-13,ELIGIBLE,R03b_20260811_FULL_v1,L1_ELIGIBILITY,v2026-08-11,2026-03-21..2026-08-06,baccarat_bet02_101_all_pairs_incl_sentinel,round_win = game_pnl > 0 (decisive only),COMPATIBILITY_ONLY_NOT_PRODUCTION,5348.4868,4848.9217,-61.4186,390,380,0.01148335,0.01148335,,0.01148335,61.4186,5348.4868,OK,0.0000,-1.8426,3.0000,97.0000,AG03-UNRESOLVED,ALL5_LEVELS_bet23_to_bet27,-1.8426,-1.8426,-1.8426,-2.4567,-2.4567,3.000000,3.000000,3.000000,4.000000,4.000000,97.000000,97.000000,97.000000,96.000000,96.000000,5.0,-10.4412,-9.7582,-50.9774,-51.6603,PENDING_AG03,FALSE,NOT_FOR_ENFORCEMENT,-59.5760,4703.4540,-61.4186,-59.5760,-1.8426,-0.01148335,-0.01113885,-1.8426,-59.5760,-0.01113885,-1.8426,-1.8426,-1.8426,-2.4567,-2.4567,-59.5760,-0.01113885,-10.4412,-9.7582,-50.9774,-51.6603,-0.00953118,-0.00965887,-0.00034450,13.7141,12.7603,-0.1616,-10.2364,-1.2043,891.4145,63.3333,13.7141,,5.1636,12.8426,12.9089,25.8178,25.8178,77.0555,12.8426,0.0,2.010327,6.0,1.06786,20,36,9,3,1.00000000,-0.01148335,-0.01148335,0E-8,0.000000,0.906597,0.000000,,2026-07-24,2026-08-05,6,51,31,13,0.461539,,1.000000,3.333333,,,,,,,,GLOBAL_BASELINE_NO_ENTITY_RANKING,,,NOT_APPLICABLE_GLOBAL_BASELINE,HF9g-P5,,,,X 全窗基线 · 不参与实体赏罚,3923552,393,A168_HF9F_20260827_0900,2026-08-27 09:00:00
2026-08-03,153213284,-1,1,61.6443633936,-10.7877635938,-10.7877635938,0.3636364,12,12,0.50106520000000000,0.501065200000,-0.9116018398889626,-0.9116018398889626,-0.9116018398889626,0E-17,SENTINEL_DEALER,R03b_20260811_FULL_v1,L1_ELIGIBILITY,v2026-08-11,2026-03-21..2026-08-06,baccarat_bet02_101_all_pairs_incl_sentinel,round_win = game_pnl > 0 (decisive only),COMPATIBILITY_ONLY_NOT_PRODUCTION,5348.4868,4848.9217,-61.4186,390,380,0.01148335,0.01148335,,0.01148335,61.4186,5348.4868,OK,0.0000,-1.8426,3.0000,97.0000,AG03-UNRESOLVED,ALL5_LEVELS_bet23_to_bet27,-1.8426,-1.8426,-1.8426,-2.4567,-2.4567,3.000000,3.000000,3.000000,4.000000,4.000000,97.000000,97.000000,97.000000,96.000000,96.000000,5.0,-10.4412,-9.7582,-50.9774,-51.6603,PENDING_AG03,FALSE,NOT_FOR_ENFORCEMENT,-59.5760,4703.4540,-61.4186,-59.5760,-1.8426,-0.01148335,-0.01113885,-1.8426,-59.5760,-0.01113885,-1.8426,-1.8426,-1.8426,-2.4567,-2.4567,-59.5760,-0.01113885,-10.4412,-9.7582,-50.9774,-51.6603,-0.00953118,-0.00965887,-0.00034450,13.7141,12.7603,-0.1616,-10.2364,-1.2043,891.4145,63.3333,13.7141,,5.1636,12.8426,12.9089,25.8178,25.8178,77.0555,12.8426,0.0,2.010327,6.0,1.06786,20,36,9,3,1.00000000,-0.01148335,-0.01148335,0E-8,0.000000,0.906597,0.000000,,2026-07-24,2026-08-05,6,51,31,13,0.461539,,1.000000,3.333333,,,,,,,,GLOBAL_BASELINE_NO_ENTITY_RANKING,,,NOT_APPLICABLE_GLOBAL_BASELINE,HF9g-P5,,,,X 全窗基线 · 不参与实体赏罚,3923553,393,A168_HF9F_20260827_0900,2026-08-27 09:00:00
2026-08-04,153213284,-1,1,711.4786941678,124.3161328434,124.3161328434,0.6000000,53,52,0.49185224038461538,0.491895205769,1.451147137147475,1.4505685930833003,1.451147137147475,-0.00004296538438462,SENTINEL_DEALER,R03b_20260811_FULL_v1,L1_ELIGIBILITY,v2026-08-11,2026-03-21..2026-08-06,baccarat_bet02_101_all_pairs_incl_sentinel,round_win = game_pnl > 0 (decisive only),COMPATIBILITY_ONLY_NOT_PRODUCTION,5348.4868,4848.9217,-61.4186,390,380,0.01148335,0.01148335,,0.01148335,61.4186,5348.4868,OK,0.0000,-1.8426,3.0000,97.0000,AG03-UNRESOLVED,ALL5_LEVELS_bet23_to_bet27,-1.8426,-1.8426,-1.8426,-2.4567,-2.4567,3.000000,3.000000,3.000000,4.000000,4.000000,97.000000,97.000000,97.000000,96.000000,96.000000,5.0,-10.4412,-9.7582,-50.9774,-51.6603,PENDING_AG03,FALSE,NOT_FOR_ENFORCEMENT,-59.5760,4703.4540,-61.4186,-59.5760,-1.8426,-0.01148335,-0.01113885,-1.8426,-59.5760,-0.01113885,-1.8426,-1.8426,-1.8426,-2.4567,-2.4567,-59.5760,-0.01113885,-10.4412,-9.7582,-50.9774,-51.6603,-0.00953118,-0.00965887,-0.00034450,13.7141,12.7603,-0.1616,-10.2364,-1.2043,891.4145,63.3333,13.7141,,5.1636,12.8426,12.9089,25.8178,25.8178,77.0555,12.8426,0.0,2.010327,6.0,1.06786,20,36,9,3,1.00000000,-0.01148335,-0.01148335,0E-8,0.000000,0.906597,0.000000,,2026-07-24,2026-08-05,6,51,31,13,0.461539,,1.000000,3.333333,,,,,,,,GLOBAL_BASELINE_NO_ENTITY_RANKING,,,NOT_APPLICABLE_GLOBAL_BASELINE,HF9g-P5,,,,X 全窗基线 · 不参与实体赏罚,3923554,393,A168_HF9F_20260827_0900,2026-08-27 09:00:00
2026-08-04,153213284,1301,0,12.8425757070,12.8425757070,12.8425757070,1.0000000,1,1,0.49324550000000000,0.493245500000,1.01360149184955,1.01360149184955,1.01360149184955,0E-17,ELIGIBLE,R03b_20260811_FULL_v1,L1_ELIGIBILITY,v2026-08-11,2026-03-21..2026-08-06,baccarat_bet02_101_all_pairs_incl_sentinel,round_win = game_pnl > 0 (decisive only),COMPATIBILITY_ONLY_NOT_PRODUCTION,5348.4868,4848.9217,-61.4186,390,380,0.01148335,0.01148335,,0.01148335,61.4186,5348.4868,OK,0.0000,-1.8426,3.0000,97.0000,AG03-UNRESOLVED,ALL5_LEVELS_bet23_to_bet27,-1.8426,-1.8426,-1.8426,-2.4567,-2.4567,3.000000,3.000000,3.000000,4.000000,4.000000,97.000000,97.000000,97.000000,96.000000,96.000000,5.0,-10.4412,-9.7582,-50.9774,-51.6603,PENDING_AG03,FALSE,NOT_FOR_ENFORCEMENT,-59.5760,4703.4540,-61.4186,-59.5760,-1.8426,-0.01148335,-0.01113885,-1.8426,-59.5760,-0.01113885,-1.8426,-1.8426,-1.8426,-2.4567,-2.4567,-59.5760,-0.01113885,-10.4412,-9.7582,-50.9774,-51.6603,-0.00953118,-0.00965887,-0.00034450,13.7141,12.7603,-0.1616,-10.2364,-1.2043,891.4145,63.3333,13.7141,,5.1636,12.8426,12.9089,25.8178,25.8178,77.0555,12.8426,0.0,2.010327,6.0,1.06786,20,36,9,3,1.00000000,-0.01148335,-0.01148335,0E-8,0.000000,0.906597,0.000000,,2026-07-24,2026-08-05,6,51,31,13,0.461539,,1.000000,3.333333,,,,,,,,GLOBAL_BASELINE_NO_ENTITY_RANKING,,,NOT_APPLICABLE_GLOBAL_BASELINE,HF9g-P5,,,,X 全窗基线 · 不参与实体赏罚,3923555,393,A168_HF9F_20260827_0900,2026-08-27 09:00:00
2026-08-04,153213284,1353,0,17.9796059898,7.0634166388,7.0634166388,0.5000000,2,2,0.50665070000000000,0.506650700000,-0.018812684590367487,-0.018812684590367487,-0.018812684590367487,0E-17,ELIGIBLE,R03b_20260811_FULL_v1,L1_ELIGIBILITY,v2026-08-11,2026-03-21..2026-08-06,baccarat_bet02_101_all_pairs_incl_sentinel,round_win = game_pnl > 0 (decisive only),COMPATIBILITY_ONLY_NOT_PRODUCTION,5348.4868,4848.9217,-61.4186,390,380,0.01148335,0.01148335,,0.01148335,61.4186,5348.4868,OK,0.0000,-1.8426,3.0000,97.0000,AG03-UNRESOLVED,ALL5_LEVELS_bet23_to_bet27,-1.8426,-1.8426,-1.8426,-2.4567,-2.4567,3.000000,3.000000,3.000000,4.000000,4.000000,97.000000,97.000000,97.000000,96.000000,96.000000,5.0,-10.4412,-9.7582,-50.9774,-51.6603,PENDING_AG03,FALSE,NOT_FOR_ENFORCEMENT,-59.5760,4703.4540,-61.4186,-59.5760,-1.8426,-0.01148335,-0.01113885,-1.8426,-59.5760,-0.01113885,-1.8426,-1.8426,-1.8426,-2.4567,-2.4567,-59.5760,-0.01113885,-10.4412,-9.7582,-50.9774,-51.6603,-0.00953118,-0.00965887,-0.00034450,13.7141,12.7603,-0.1616,-10.2364,-1.2043,891.4145,63.3333,13.7141,,5.1636,12.8426,12.9089,25.8178,25.8178,77.0555,12.8426,0.0,2.010327,6.0,1.06786,20,36,9,3,1.00000000,-0.01148335,-0.01148335,0E-8,0.000000,0.906597,0.000000,,2026-07-24,2026-08-05,6,51,31,13,0.461539,,1.000000,3.333333,,,,,,,,GLOBAL_BASELINE_NO_ENTITY_RANKING,,,NOT_APPLICABLE_GLOBAL_BASELINE,HF9g-P5,,,,X 全窗基线 · 不参与实体赏罚,3923556,393,A168_HF9F_20260827_0900,2026-08-27 09:00:00
2026-08-04,153213284,1385,0,35.9592119796,-15.4110908484,-15.4110908484,0.2000000,5,5,0.50128862000000000,0.501288620000,-1.347408145195933,-1.347408145195933,-1.347408145195933,0E-17,ELIGIBLE,R03b_20260811_FULL_v1,L1_ELIGIBILITY,v2026-08-11,2026-03-21..2026-08-06,baccarat_bet02_101_all_pairs_incl_sentinel,round_win = game_pnl > 0 (decisive only),COMPATIBILITY_ONLY_NOT_PRODUCTION,5348.4868,4848.9217,-61.4186,390,380,0.01148335,0.01148335,,0.01148335,61.4186,5348.4868,OK,0.0000,-1.8426,3.0000,97.0000,AG03-UNRESOLVED,ALL5_LEVELS_bet23_to_bet27,-1.8426,-1.8426,-1.8426,-2.4567,-2.4567,3.000000,3.000000,3.000000,4.000000,4.000000,97.000000,97.000000,97.000000,96.000000,96.000000,5.0,-10.4412,-9.7582,-50.9774,-51.6603,PENDING_AG03,FALSE,NOT_FOR_ENFORCEMENT,-59.5760,4703.4540,-61.4186,-59.5760,-1.8426,-0.01148335,-0.01113885,-1.8426,-59.5760,-0.01113885,-1.8426,-1.8426,-1.8426,-2.4567,-2.4567,-59.5760,-0.01113885,-10.4412,-9.7582,-50.9774,-51.6603,-0.00953118,-0.00965887,-0.00034450,13.7141,12.7603,-0.1616,-10.2364,-1.2043,891.4145,63.3333,13.7141,,5.1636,12.8426,12.9089,25.8178,25.8178,77.0555,12.8426,0.0,2.010327,6.0,1.06786,20,36,9,3,1.00000000,-0.01148335,-0.01148335,0E-8,0.000000,0.906597,0.000000,,2026-07-24,2026-08-05,6,51,31,13,0.461539,,1.000000,3.333333,,,,,,,,GLOBAL_BASELINE_NO_ENTITY_RANKING,,,NOT_APPLICABLE_GLOBAL_BASELINE,HF9g-P5,,,,X 全窗基线 · 不参与实体赏罚,3923557,393,A168_HF9F_20260827_0900,2026-08-27 09:00:00
2026-08-04,153213284,1400,0,74.4869391006,15.6679423624,15.6679423624,0.6000000,5,5,0.50665070000000000,0.506650700000,0.4175076967804994,0.4175076967804994,0.4175076967804994,0E-17,ELIGIBLE,R03b_20260811_FULL_v1,L1_ELIGIBILITY,v2026-08-11,2026-03-21..2026-08-06,baccarat_bet02_101_all_pairs_incl_sentinel,round_win = game_pnl > 0 (decisive only),COMPATIBILITY_ONLY_NOT_PRODUCTION,5348.4868,4848.9217,-61.4186,390,380,0.01148335,0.01148335,,0.01148335,61.4186,5348.4868,OK,0.0000,-1.8426,3.0000,97.0000,AG03-UNRESOLVED,ALL5_LEVELS_bet23_to_bet27,-1.8426,-1.8426,-1.8426,-2.4567,-2.4567,3.000000,3.000000,3.000000,4.000000,4.000000,97.000000,97.000000,97.000000,96.000000,96.000000,5.0,-10.4412,-9.7582,-50.9774,-51.6603,PENDING_AG03,FALSE,NOT_FOR_ENFORCEMENT,-59.5760,4703.4540,-61.4186,-59.5760,-1.8426,-0.01148335,-0.01113885,-1.8426,-59.5760,-0.01113885,-1.8426,-1.8426,-1.8426,-2.4567,-2.4567,-59.5760,-0.01113885,-10.4412,-9.7582,-50.9774,-51.6603,-0.00953118,-0.00965887,-0.00034450,13.7141,12.7603,-0.1616,-10.2364,-1.2043,891.4145,63.3333,13.7141,,5.1636,12.8426,12.9089,25.8178,25.8178,77.0555,12.8426,0.0,2.010327,6.0,1.06786,20,36,9,3,1.00000000,-0.01148335,-0.01148335,0E-8,0.000000,0.906597,0.000000,,2026-07-24,2026-08-05,6,51,31,13,0.461539,,1.000000,3.333333,,,,,,,,GLOBAL_BASELINE_NO_ENTITY_RANKING,,,NOT_APPLICABLE_GLOBAL_BASELINE,HF9g-P5,,,,X 全窗基线 · 不参与实体赏罚,3923558,393,A168_HF9F_20260827_0900,2026-08-27 09:00:00
2026-08-04,153213284,1490,0,43.6647574038,-18.1080317469,-18.1080317469,0.3333333,7,6,0.49808626666666667,0.498831000000,-0.8071271526135824,-0.8107718898506163,-0.8071271526135824,-0.00074473333333333,ELIGIBLE,R03b_20260811_FULL_v1,L1_ELIGIBILITY,v2026-08-11,2026-03-21..2026-08-06,baccarat_bet02_101_all_pairs_incl_sentinel,round_win = game_pnl > 0 (decisive only),COMPATIBILITY_ONLY_NOT_PRODUCTION,5348.4868,4848.9217,-61.4186,390,380,0.01148335,0.01148335,,0.01148335,61.4186,5348.4868,OK,0.0000,-1.8426,3.0000,97.0000,AG03-UNRESOLVED,ALL5_LEVELS_bet23_to_bet27,-1.8426,-1.8426,-1.8426,-2.4567,-2.4567,3.000000,3.000000,3.000000,4.000000,4.000000,97.000000,97.000000,97.000000,96.000000,96.000000,5.0,-10.4412,-9.7582,-50.9774,-51.6603,PENDING_AG03,FALSE,NOT_FOR_ENFORCEMENT,-59.5760,4703.4540,-61.4186,-59.5760,-1.8426,-0.01148335,-0.01113885,-1.8426,-59.5760,-0.01113885,-1.8426,-1.8426,-1.8426,-2.4567,-2.4567,-59.5760,-0.01113885,-10.4412,-9.7582,-50.9774,-51.6603,-0.00953118,-0.00965887,-0.00034450,13.7141,12.7603,-0.1616,-10.2364,-1.2043,891.4145,63.3333,13.7141,,5.1636,12.8426,12.9089,25.8178,25.8178,77.0555,12.8426,0.0,2.010327,6.0,1.06786,20,36,9,3,1.00000000,-0.01148335,-0.01148335,0E-8,0.000000,0.906597,0.000000,,2026-07-24,2026-08-05,6,51,31,13,0.461539,,1.000000,3.333333,,,,,,,,GLOBAL_BASELINE_NO_ENTITY_RANKING,,,NOT_APPLICABLE_GLOBAL_BASELINE,HF9g-P5,,,,X 全窗基线 · 不参与实体赏罚,3923559,393,A168_HF9F_20260827_0900,2026-08-27 09:00:00
2026-08-04,153213284,1505,0,565.0733311075,-131.6364009968,-131.6364009968,0.5333333,18,17,0.49929098235294118,0.499159558824,0.26369118194403757,0.26470929305390484,0.26369118194403757,0.00013142352894118,ELIGIBLE,R03b_20260811_FULL_v1,L1_ELIGIBILITY,v2026-08-11,2026-03-21..2026-08-06,baccarat_bet02_101_all_pairs_incl_sentinel,round_win = game_pnl > 0 (decisive only),COMPATIBILITY_ONLY_NOT_PRODUCTION,5348.4868,4848.9217,-61.4186,390,380,0.01148335,0.01148335,,0.01148335,61.4186,5348.4868,OK,0.0000,-1.8426,3.0000,97.0000,AG03-UNRESOLVED,ALL5_LEVELS_bet23_to_bet27,-1.8426,-1.8426,-1.8426,-2.4567,-2.4567,3.000000,3.000000,3.000000,4.000000,4.000000,97.000000,97.000000,97.000000,96.000000,96.000000,5.0,-10.4412,-9.7582,-50.9774,-51.6603,PENDING_AG03,FALSE,NOT_FOR_ENFORCEMENT,-59.5760,4703.4540,-61.4186,-59.5760,-1.8426,-0.01148335,-0.01113885,-1.8426,-59.5760,-0.01113885,-1.8426,-1.8426,-1.8426,-2.4567,-2.4567,-59.5760,-0.01113885,-10.4412,-9.7582,-50.9774,-51.6603,-0.00953118,-0.00965887,-0.00034450,13.7141,12.7603,-0.1616,-10.2364,-1.2043,891.4145,63.3333,13.7141,,5.1636,12.8426,12.9089,25.8178,25.8178,77.0555,12.8426,0.0,2.010327,6.0,1.06786,20,36,9,3,1.00000000,-0.01148335,-0.01148335,0E-8,0.000000,0.906597,0.000000,,2026-07-24,2026-08-05,6,51,31,13,0.461539,,1.000000,3.333333,,,,,,,,GLOBAL_BASELINE_NO_ENTITY_RANKING,,,NOT_APPLICABLE_GLOBAL_BASELINE,HF9g-P5,,,,X 全窗基线 · 不参与实体赏罚,3923560,393,A168_HF9F_20260827_0900,2026-08-27 09:00:00
2026-08-04,153213284,2171,0,354.4550895131,52.6545603986,52.6545603986,0.5789474,19,19,0.49747872105263158,0.497478721053,0.7102362316760685,0.7102362316728539,0.7102362316760685,-3.6842E-13,ELIGIBLE,R03b_20260811_FULL_v1,L1_ELIGIBILITY,v2026-08-11,2026-03-21..2026-08-06,baccarat_bet02_101_all_pairs_incl_sentinel,round_win = game_pnl > 0 (decisive only),COMPATIBILITY_ONLY_NOT_PRODUCTION,5348.4868,4848.9217,-61.4186,390,380,0.01148335,0.01148335,,0.01148335,61.4186,5348.4868,OK,0.0000,-1.8426,3.0000,97.0000,AG03-UNRESOLVED,ALL5_LEVELS_bet23_to_bet27,-1.8426,-1.8426,-1.8426,-2.4567,-2.4567,3.000000,3.000000,3.000000,4.000000,4.000000,97.000000,97.000000,97.000000,96.000000,96.000000,5.0,-10.4412,-9.7582,-50.9774,-51.6603,PENDING_AG03,FALSE,NOT_FOR_ENFORCEMENT,-59.5760,4703.4540,-61.4186,-59.5760,-1.8426,-0.01148335,-0.01113885,-1.8426,-59.5760,-0.01113885,-1.8426,-1.8426,-1.8426,-2.4567,-2.4567,-59.5760,-0.01113885,-10.4412,-9.7582,-50.9774,-51.6603,-0.00953118,-0.00965887,-0.00034450,13.7141,12.7603,-0.1616,-10.2364,-1.2043,891.4145,63.3333,13.7141,,5.1636,12.8426,12.9089,25.8178,25.8178,77.0555,12.8426,0.0,2.010327,6.0,1.06786,20,36,9,3,1.00000000,-0.01148335,-0.01148335,0E-8,0.000000,0.906597,0.000000,,2026-07-24,2026-08-05,6,51,31,13,0.461539,,1.000000,3.333333,,,,,,,,GLOBAL_BASELINE_NO_ENTITY_RANKING,,,NOT_APPLICABLE_GLOBAL_BASELINE,HF9g-P5,,,,X 全窗基线 · 不参与实体赏罚,3923561,393,A168_HF9F_20260827_0900,2026-08-27 09:00:00
2026-08-04,153213284,2224,0,46.2332725452,-25.6851514140,-25.6851514140,0.2000000,6,5,0.50307598000000000,0.502629140000,-1.3554226365746245,-1.3534173688164992,-1.3554226365746245,0.00044684000000000,ELIGIBLE,R03b_20260811_FULL_v1,L1_ELIGIBILITY,v2026-08-11,2026-03-21..2026-08-06,baccarat_bet02_101_all_pairs_incl_sentinel,round_win = game_pnl > 0 (decisive only),COMPATIBILITY_ONLY_NOT_PRODUCTION,5348.4868,4848.9217,-61.4186,390,380,0.01148335,0.01148335,,0.01148335,61.4186,5348.4868,OK,0.0000,-1.8426,3.0000,97.0000,AG03-UNRESOLVED,ALL5_LEVELS_bet23_to_bet27,-1.8426,-1.8426,-1.8426,-2.4567,-2.4567,3.000000,3.000000,3.000000,4.000000,4.000000,97.000000,97.000000,97.000000,96.000000,96.000000,5.0,-10.4412,-9.7582,-50.9774,-51.6603,PENDING_AG03,FALSE,NOT_FOR_ENFORCEMENT,-59.5760,4703.4540,-61.4186,-59.5760,-1.8426,-0.01148335,-0.01113885,-1.8426,-59.5760,-0.01113885,-1.8426,-1.8426,-1.8426,-2.4567,-2.4567,-59.5760,-0.01113885,-10.4412,-9.7582,-50.9774,-51.6603,-0.00953118,-0.00965887,-0.00034450,13.7141,12.7603,-0.1616,-10.2364,-1.2043,891.4145,63.3333,13.7141,,5.1636,12.8426,12.9089,25.8178,25.8178,77.0555,12.8426,0.0,2.010327,6.0,1.06786,20,36,9,3,1.00000000,-0.01148335,-0.01148335,0E-8,0.000000,0.906597,0.000000,,2026-07-24,2026-08-05,6,51,31,13,0.461539,,1.000000,3.333333,,,,,,,,GLOBAL_BASELINE_NO_ENTITY_RANKING,,,NOT_APPLICABLE_GLOBAL_BASELINE,HF9g-P5,,,,X 全窗基线 · 不参与实体赏罚,3923562,393,A168_HF9F_20260827_0900,2026-08-27 09:00:00
2026-08-04,153213284,2261,0,28.2536665554,12.8425757070,12.8425757070,0.6666667,4,4,0.49324550000000000,0.493245500000,0.6008033672792107,0.6008033672792106,0.6008033672792107,0E-17,ELIGIBLE,R03b_20260811_FULL_v1,L1_ELIGIBILITY,v2026-08-11,2026-03-21..2026-08-06,baccarat_bet02_101_all_pairs_incl_sentinel,round_win = game_pnl > 0 (decisive only),COMPATIBILITY_ONLY_NOT_PRODUCTION,5348.4868,4848.9217,-61.4186,390,380,0.01148335,0.01148335,,0.01148335,61.4186,5348.4868,OK,0.0000,-1.8426,3.0000,97.0000,AG03-UNRESOLVED,ALL5_LEVELS_bet23_to_bet27,-1.8426,-1.8426,-1.8426,-2.4567,-2.4567,3.000000,3.000000,3.000000,4.000000,4.000000,97.000000,97.000000,97.000000,96.000000,96.000000,5.0,-10.4412,-9.7582,-50.9774,-51.6603,PENDING_AG03,FALSE,NOT_FOR_ENFORCEMENT,-59.5760,4703.4540,-61.4186,-59.5760,-1.8426,-0.01148335,-0.01113885,-1.8426,-59.5760,-0.01113885,-1.8426,-1.8426,-1.8426,-2.4567,-2.4567,-59.5760,-0.01113885,-10.4412,-9.7582,-50.9774,-51.6603,-0.00953118,-0.00965887,-0.00034450,13.7141,12.7603,-0.1616,-10.2364,-1.2043,891.4145,63.3333,13.7141,,5.1636,12.8426,12.9089,25.8178,25.8178,77.0555,12.8426,0.0,2.010327,6.0,1.06786,20,36,9,3,1.00000000,-0.01148335,-0.01148335,0E-8,0.000000,0.906597,0.000000,,2026-07-24,2026-08-05,6,51,31,13,0.461539,,1.000000,3.333333,,,,,,,,GLOBAL_BASELINE_NO_ENTITY_RANKING,,,NOT_APPLICABLE_GLOBAL_BASELINE,HF9g-P5,,,,X 全窗基线 · 不参与实体赏罚,3923563,393,A168_HF9F_20260827_0900,2026-08-27 09:00:00
2026-08-04,153213284,2271,0,38.5277271210,-13.4847044924,-13.4847044924,0.3333333,3,3,0.49771390000000000,0.497713900000,-0.5694369385616226,-0.5694369385616226,-0.5694369385616226,0E-17,ELIGIBLE,R03b_20260811_FULL_v1,L1_ELIGIBILITY,v2026-08-11,2026-03-21..2026-08-06,baccarat_bet02_101_all_pairs_incl_sentinel,round_win = game_pnl > 0 (decisive only),COMPATIBILITY_ONLY_NOT_PRODUCTION,5348.4868,4848.9217,-61.4186,390,380,0.01148335,0.01148335,,0.01148335,61.4186,5348.4868,OK,0.0000,-1.8426,3.0000,97.0000,AG03-UNRESOLVED,ALL5_LEVELS_bet23_to_bet27,-1.8426,-1.8426,-1.8426,-2.4567,-2.4567,3.000000,3.000000,3.000000,4.000000,4.000000,97.000000,97.000000,97.000000,96.000000,96.000000,5.0,-10.4412,-9.7582,-50.9774,-51.6603,PENDING_AG03,FALSE,NOT_FOR_ENFORCEMENT,-59.5760,4703.4540,-61.4186,-59.5760,-1.8426,-0.01148335,-0.01113885,-1.8426,-59.5760,-0.01113885,-1.8426,-1.8426,-1.8426,-2.4567,-2.4567,-59.5760,-0.01113885,-10.4412,-9.7582,-50.9774,-51.6603,-0.00953118,-0.00965887,-0.00034450,13.7141,12.7603,-0.1616,-10.2364,-1.2043,891.4145,63.3333,13.7141,,5.1636,12.8426,12.9089,25.8178,25.8178,77.0555,12.8426,0.0,2.010327,6.0,1.06786,20,36,9,3,1.00000000,-0.01148335,-0.01148335,0E-8,0.000000,0.906597,0.000000,,2026-07-24,2026-08-05,6,51,31,13,0.461539,,1.000000,3.333333,,,,,,,,GLOBAL_BASELINE_NO_ENTITY_RANKING,,,NOT_APPLICABLE_GLOBAL_BASELINE,HF9g-P5,,,,X 全窗基线 · 不参与实体赏罚,3923564,393,A168_HF9F_20260827_0900,2026-08-27 09:00:00
2026-08-04,153213284,462,0,120.7202116458,41.7383710477,41.7383710477,0.6250000,8,8,0.49827245000000000,0.498272450000,0.7168835587341966,0.7168835587341966,0.7168835587341966,0E-17,ELIGIBLE,R03b_20260811_FULL_v1,L1_ELIGIBILITY,v2026-08-11,2026-03-21..2026-08-06,baccarat_bet02_101_all_pairs_incl_sentinel,round_win = game_pnl > 0 (decisive only),COMPATIBILITY_ONLY_NOT_PRODUCTION,5348.4868,4848.9217,-61.4186,390,380,0.01148335,0.01148335,,0.01148335,61.4186,5348.4868,OK,0.0000,-1.8426,3.0000,97.0000,AG03-UNRESOLVED,ALL5_LEVELS_bet23_to_bet27,-1.8426,-1.8426,-1.8426,-2.4567,-2.4567,3.000000,3.000000,3.000000,4.000000,4.000000,97.000000,97.000000,97.000000,96.000000,96.000000,5.0,-10.4412,-9.7582,-50.9774,-51.6603,PENDING_AG03,FALSE,NOT_FOR_ENFORCEMENT,-59.5760,4703.4540,-61.4186,-59.5760,-1.8426,-0.01148335,-0.01113885,-1.8426,-59.5760,-0.01113885,-1.8426,-1.8426,-1.8426,-2.4567,-2.4567,-59.5760,-0.01113885,-10.4412,-9.7582,-50.9774,-51.6603,-0.00953118,-0.00965887,-0.00034450,13.7141,12.7603,-0.1616,-10.2364,-1.2043,891.4145,63.3333,13.7141,,5.1636,12.8426,12.9089,25.8178,25.8178,77.0555,12.8426,0.0,2.010327,6.0,1.06786,20,36,9,3,1.00000000,-0.01148335,-0.01148335,0E-8,0.000000,0.906597,0.000000,,2026-07-24,2026-08-05,6,51,31,13,0.461539,,1.000000,3.333333,,,,,,,,GLOBAL_BASELINE_NO_ENTITY_RANKING,,,NOT_APPLICABLE_GLOBAL_BASELINE,HF9g-P5,,,,X 全窗基线 · 不参与实体赏罚,3923565,393,A168_HF9F_20260827_0900,2026-08-27 09:00:00
2026-08-04,153213284,919,0,51.3703028280,-1.2842575708,-1.2842575708,0.6666667,3,3,0.50665070000000000,0.506650700000,0.5543606114942035,0.5543606114942035,0.5543606114942035,0E-17,ELIGIBLE,R03b_20260811_FULL_v1,L1_ELIGIBILITY,v2026-08-11,2026-03-21..2026-08-06,baccarat_bet02_101_all_pairs_incl_sentinel,round_win = game_pnl > 0 (decisive only),COMPATIBILITY_ONLY_NOT_PRODUCTION,5348.4868,4848.9217,-61.4186,390,380,0.01148335,0.01148335,,0.01148335,61.4186,5348.4868,OK,0.0000,-1.8426,3.0000,97.0000,AG03-UNRESOLVED,ALL5_LEVELS_bet23_to_bet27,-1.8426,-1.8426,-1.8426,-2.4567,-2.4567,3.000000,3.000000,3.000000,4.000000,4.000000,97.000000,97.000000,97.000000,96.000000,96.000000,5.0,-10.4412,-9.7582,-50.9774,-51.6603,PENDING_AG03,FALSE,NOT_FOR_ENFORCEMENT,-59.5760,4703.4540,-61.4186,-59.5760,-1.8426,-0.01148335,-0.01113885,-1.8426,-59.5760,-0.01113885,-1.8426,-1.8426,-1.8426,-2.4567,-2.4567,-59.5760,-0.01113885,-10.4412,-9.7582,-50.9774,-51.6603,-0.00953118,-0.00965887,-0.00034450,13.7141,12.7603,-0.1616,-10.2364,-1.2043,891.4145,63.3333,13.7141,,5.1636,12.8426,12.9089,25.8178,25.8178,77.0555,12.8426,0.0,2.010327,6.0,1.06786,20,36,9,3,1.00000000,-0.01148335,-0.01148335,0E-8,0.000000,0.906597,0.000000,,2026-07-24,2026-08-05,6,51,31,13,0.461539,,1.000000,3.333333,,,,,,,,GLOBAL_BASELINE_NO_ENTITY_RANKING,,,NOT_APPLICABLE_GLOBAL_BASELINE,HF9g-P5,,,,X 全窗基线 · 不参与实体赏罚,3923566,393,A168_HF9F_20260827_0900,2026-08-27 09:00:00
2026-08-04,153213284,948,0,17.9796059898,-7.7055454242,-7.7055454242,0.5000000,2,2,0.49994810000000000,0.499948100000,0.00014679536856514622,0.00014679536856514622,0.00014679536856514622,0E-17,ELIGIBLE,R03b_20260811_FULL_v1,L1_ELIGIBILITY,v2026-08-11,2026-03-21..2026-08-06,baccarat_bet02_101_all_pairs_incl_sentinel,round_win = game_pnl > 0 (decisive only),COMPATIBILITY_ONLY_NOT_PRODUCTION,5348.4868,4848.9217,-61.4186,390,380,0.01148335,0.01148335,,0.01148335,61.4186,5348.4868,OK,0.0000,-1.8426,3.0000,97.0000,AG03-UNRESOLVED,ALL5_LEVELS_bet23_to_bet27,-1.8426,-1.8426,-1.8426,-2.4567,-2.4567,3.000000,3.000000,3.000000,4.000000,4.000000,97.000000,97.000000,97.000000,96.000000,96.000000,5.0,-10.4412,-9.7582,-50.9774,-51.6603,PENDING_AG03,FALSE,NOT_FOR_ENFORCEMENT,-59.5760,4703.4540,-61.4186,-59.5760,-1.8426,-0.01148335,-0.01113885,-1.8426,-59.5760,-0.01113885,-1.8426,-1.8426,-1.8426,-2.4567,-2.4567,-59.5760,-0.01113885,-10.4412,-9.7582,-50.9774,-51.6603,-0.00953118,-0.00965887,-0.00034450,13.7141,12.7603,-0.1616,-10.2364,-1.2043,891.4145,63.3333,13.7141,,5.1636,12.8426,12.9089,25.8178,25.8178,77.0555,12.8426,0.0,2.010327,6.0,1.06786,20,36,9,3,1.00000000,-0.01148335,-0.01148335,0E-8,0.000000,0.906597,0.000000,,2026-07-24,2026-08-05,6,51,31,13,0.461539,,1.000000,3.333333,,,,,,,,GLOBAL_BASELINE_NO_ENTITY_RANKING,,,NOT_APPLICABLE_GLOBAL_BASELINE,HF9g-P5,,,,X 全窗基线 · 不参与实体赏罚,3923567,393,A168_HF9F_20260827_0900,2026-08-27 09:00:00
2026-08-05,153213284,-1,1,190.0701204636,-50.7281740427,-50.7281740427,0.3333333,11,11,0.49812011818181818,0.498120118182,-0.9887276973552708,-0.9887276973563605,-0.9887276973552708,-1.8182E-13,SENTINEL_DEALER,R03b_20260811_FULL_v1,L1_ELIGIBILITY,v2026-08-11,2026-03-21..2026-08-06,baccarat_bet02_101_all_pairs_incl_sentinel,round_win = game_pnl > 0 (decisive only),COMPATIBILITY_ONLY_NOT_PRODUCTION,5348.4868,4848.9217,-61.4186,390,380,0.01148335,0.01148335,,0.01148335,61.4186,5348.4868,OK,0.0000,-1.8426,3.0000,97.0000,AG03-UNRESOLVED,ALL5_LEVELS_bet23_to_bet27,-1.8426,-1.8426,-1.8426,-2.4567,-2.4567,3.000000,3.000000,3.000000,4.000000,4.000000,97.000000,97.000000,97.000000,96.000000,96.000000,5.0,-10.4412,-9.7582,-50.9774,-51.6603,PENDING_AG03,FALSE,NOT_FOR_ENFORCEMENT,-59.5760,4703.4540,-61.4186,-59.5760,-1.8426,-0.01148335,-0.01113885,-1.8426,-59.5760,-0.01113885,-1.8426,-1.8426,-1.8426,-2.4567,-2.4567,-59.5760,-0.01113885,-10.4412,-9.7582,-50.9774,-51.6603,-0.00953118,-0.00965887,-0.00034450,13.7141,12.7603,-0.1616,-10.2364,-1.2043,891.4145,63.3333,13.7141,,5.1636,12.8426,12.9089,25.8178,25.8178,77.0555,12.8426,0.0,2.010327,6.0,1.06786,20,36,9,3,1.00000000,-0.01148335,-0.01148335,0E-8,0.000000,0.906597,0.000000,,2026-07-24,2026-08-05,6,51,31,13,0.461539,,1.000000,3.333333,,,,,,,,GLOBAL_BASELINE_NO_ENTITY_RANKING,,,NOT_APPLICABLE_GLOBAL_BASELINE,HF9g-P5,,,,X 全窗基线 · 不参与实体赏罚,3923568,393,A168_HF9F_20260827_0900,2026-08-27 09:00:00
2026-08-05,153213284,1509,0,12.8425757070,-12.8425757070,-12.8425757070,0E-7,1,1,0.49324550000000000,0.493245500000,-0.9865810262130424,-0.9865810262130424,-0.9865810262130424,0E-17,ELIGIBLE,R03b_20260811_FULL_v1,L1_ELIGIBILITY,v2026-08-11,2026-03-21..2026-08-06,baccarat_bet02_101_all_pairs_incl_sentinel,round_win = game_pnl > 0 (decisive only),COMPATIBILITY_ONLY_NOT_PRODUCTION,5348.4868,4848.9217,-61.4186,390,380,0.01148335,0.01148335,,0.01148335,61.4186,5348.4868,OK,0.0000,-1.8426,3.0000,97.0000,AG03-UNRESOLVED,ALL5_LEVELS_bet23_to_bet27,-1.8426,-1.8426,-1.8426,-2.4567,-2.4567,3.000000,3.000000,3.000000,4.000000,4.000000,97.000000,97.000000,97.000000,96.000000,96.000000,5.0,-10.4412,-9.7582,-50.9774,-51.6603,PENDING_AG03,FALSE,NOT_FOR_ENFORCEMENT,-59.5760,4703.4540,-61.4186,-59.5760,-1.8426,-0.01148335,-0.01113885,-1.8426,-59.5760,-0.01113885,-1.8426,-1.8426,-1.8426,-2.4567,-2.4567,-59.5760,-0.01113885,-10.4412,-9.7582,-50.9774,-51.6603,-0.00953118,-0.00965887,-0.00034450,13.7141,12.7603,-0.1616,-10.2364,-1.2043,891.4145,63.3333,13.7141,,5.1636,12.8426,12.9089,25.8178,25.8178,77.0555,12.8426,0.0,2.010327,6.0,1.06786,20,36,9,3,1.00000000,-0.01148335,-0.01148335,0E-8,0.000000,0.906597,0.000000,,2026-07-24,2026-08-05,6,51,31,13,0.461539,,1.000000,3.333333,,,,,,,,GLOBAL_BASELINE_NO_ENTITY_RANKING,,,NOT_APPLICABLE_GLOBAL_BASELINE,HF9g-P5,,,,X 全窗基线 · 不参与实体赏罚,3923569,393,A168_HF9F_20260827_0900,2026-08-27 09:00:00
2026-08-05,153213284,2142,0,12.8425757070,-12.8425757070,-12.8425757070,0E-7,1,1,0.49324550000000000,0.493245500000,-0.9865810262130424,-0.9865810262130424,-0.9865810262130424,0E-17,ELIGIBLE,R03b_20260811_FULL_v1,L1_ELIGIBILITY,v2026-08-11,2026-03-21..2026-08-06,baccarat_bet02_101_all_pairs_incl_sentinel,round_win = game_pnl > 0 (decisive only),COMPATIBILITY_ONLY_NOT_PRODUCTION,5348.4868,4848.9217,-61.4186,390,380,0.01148335,0.01148335,,0.01148335,61.4186,5348.4868,OK,0.0000,-1.8426,3.0000,97.0000,AG03-UNRESOLVED,ALL5_LEVELS_bet23_to_bet27,-1.8426,-1.8426,-1.8426,-2.4567,-2.4567,3.000000,3.000000,3.000000,4.000000,4.000000,97.000000,97.000000,97.000000,96.000000,96.000000,5.0,-10.4412,-9.7582,-50.9774,-51.6603,PENDING_AG03,FALSE,NOT_FOR_ENFORCEMENT,-59.5760,4703.4540,-61.4186,-59.5760,-1.8426,-0.01148335,-0.01113885,-1.8426,-59.5760,-0.01113885,-1.8426,-1.8426,-1.8426,-2.4567,-2.4567,-59.5760,-0.01113885,-10.4412,-9.7582,-50.9774,-51.6603,-0.00953118,-0.00965887,-0.00034450,13.7141,12.7603,-0.1616,-10.2364,-1.2043,891.4145,63.3333,13.7141,,5.1636,12.8426,12.9089,25.8178,25.8178,77.0555,12.8426,0.0,2.010327,6.0,1.06786,20,36,9,3,1.00000000,-0.01148335,-0.01148335,0E-8,0.000000,0.906597,0.000000,,2026-07-24,2026-08-05,6,51,31,13,0.461539,,1.000000,3.333333,,,,,,,,GLOBAL_BASELINE_NO_ENTITY_RANKING,,,NOT_APPLICABLE_GLOBAL_BASELINE,HF9g-P5,,,,X 全窗基线 · 不参与实体赏罚,3923570,393,A168_HF9F_20260827_0900,2026-08-27 09:00:00
2026-08-05,153213284,2252,0,59.0758482522,-49.0586392007,-49.0586392007,0.1428571,7,7,0.49707555714285714,0.497075557143,-1.8743797290365218,-1.8743797290372748,-1.8743797290365218,-1.4286E-13,ELIGIBLE,R03b_20260811_FULL_v1,L1_ELIGIBILITY,v2026-08-11,2026-03-21..2026-08-06,baccarat_bet02_101_all_pairs_incl_sentinel,round_win = game_pnl > 0 (decisive only),COMPATIBILITY_ONLY_NOT_PRODUCTION,5348.4868,4848.9217,-61.4186,390,380,0.01148335,0.01148335,,0.01148335,61.4186,5348.4868,OK,0.0000,-1.8426,3.0000,97.0000,AG03-UNRESOLVED,ALL5_LEVELS_bet23_to_bet27,-1.8426,-1.8426,-1.8426,-2.4567,-2.4567,3.000000,3.000000,3.000000,4.000000,4.000000,97.000000,97.000000,97.000000,96.000000,96.000000,5.0,-10.4412,-9.7582,-50.9774,-51.6603,PENDING_AG03,FALSE,NOT_FOR_ENFORCEMENT,-59.5760,4703.4540,-61.4186,-59.5760,-1.8426,-0.01148335,-0.01113885,-1.8426,-59.5760,-0.01113885,-1.8426,-1.8426,-1.8426,-2.4567,-2.4567,-59.5760,-0.01113885,-10.4412,-9.7582,-50.9774,-51.6603,-0.00953118,-0.00965887,-0.00034450,13.7141,12.7603,-0.1616,-10.2364,-1.2043,891.4145,63.3333,13.7141,,5.1636,12.8426,12.9089,25.8178,25.8178,77.0555,12.8426,0.0,2.010327,6.0,1.06786,20,36,9,3,1.00000000,-0.01148335,-0.01148335,0E-8,0.000000,0.906597,0.000000,,2026-07-24,2026-08-05,6,51,31,13,0.461539,,1.000000,3.333333,,,,,,,,GLOBAL_BASELINE_NO_ENTITY_RANKING,,,NOT_APPLICABLE_GLOBAL_BASELINE,HF9g-P5,,,,X 全窗基线 · 不参与实体赏罚,3923571,393,A168_HF9F_20260827_0900,2026-08-27 09:00:00
2026-08-05,153213284,970,0,59.0758482522,12.0720211646,12.0720211646,0.5000000,13,13,0.50252602307692308,0.502526023077,-0.015976176573086268,-0.01597617657357277,-0.015976176573086268,-7.692E-14,ELIGIBLE,R03b_20260811_FULL_v1,L1_ELIGIBILITY,v2026-08-11,2026-03-21..2026-08-06,baccarat_bet02_101_all_pairs_incl_sentinel,round_win = game_pnl > 0 (decisive only),COMPATIBILITY_ONLY_NOT_PRODUCTION,5348.4868,4848.9217,-61.4186,390,380,0.01148335,0.01148335,,0.01148335,61.4186,5348.4868,OK,0.0000,-1.8426,3.0000,97.0000,AG03-UNRESOLVED,ALL5_LEVELS_bet23_to_bet27,-1.8426,-1.8426,-1.8426,-2.4567,-2.4567,3.000000,3.000000,3.000000,4.000000,4.000000,97.000000,97.000000,97.000000,96.000000,96.000000,5.0,-10.4412,-9.7582,-50.9774,-51.6603,PENDING_AG03,FALSE,NOT_FOR_ENFORCEMENT,-59.5760,4703.4540,-61.4186,-59.5760,-1.8426,-0.01148335,-0.01113885,-1.8426,-59.5760,-0.01113885,-1.8426,-1.8426,-1.8426,-2.4567,-2.4567,-59.5760,-0.01113885,-10.4412,-9.7582,-50.9774,-51.6603,-0.00953118,-0.00965887,-0.00034450,13.7141,12.7603,-0.1616,-10.2364,-1.2043,891.4145,63.3333,13.7141,,5.1636,12.8426,12.9089,25.8178,25.8178,77.0555,12.8426,0.0,2.010327,6.0,1.06786,20,36,9,3,1.00000000,-0.01148335,-0.01148335,0E-8,0.000000,0.906597,0.000000,,2026-07-24,2026-08-05,6,51,31,13,0.461539,,1.000000,3.333333,,,,,,,,GLOBAL_BASELINE_NO_ENTITY_RANKING,,,NOT_APPLICABLE_GLOBAL_BASELINE,HF9g-P5,,,,X 全窗基线 · 不参与实体赏罚,3923572,393,A168_HF9F_20260827_0900,2026-08-27 09:00:00
2026-04-19,145602438,1291,0,10.4703819072,5.2351909536,5.2351909536,0.6666667,3,3,0.49771390000000000,0.497713900000,0.5852756695216578,0.5852756695216578,0.5852756695216578,0E-17,ELIGIBLE,R03b_20260811_FULL_v1,L1_ELIGIBILITY,v2026-08-11,2026-03-21..2026-08-06,baccarat_bet02_101_all_pairs_incl_sentinel,round_win = game_pnl > 0 (decisive only),COMPATIBILITY_ONLY_NOT_PRODUCTION,89.0859,89.0859,-62.0563,12,12,0.69658957,,0.69658957,0.69658957,62.0563,89.0859,THIN_EXPOSURE,0.0000,-2.4823,4.0000,96.0000,AG03-UNRESOLVED,ALL5_LEVELS_bet23_to_bet27,-2.4823,-2.4823,-3.1028,-3.1028,-3.1028,4.000000,4.000000,5.000000,5.000000,5.000000,96.000000,96.000000,95.000000,95.000000,95.000000,5.0,-14.2730,-13.0221,-47.7834,-49.0342,PENDING_AG03,FALSE,NOT_FOR_ENFORCEMENT,-59.5741,85.5225,-62.0563,-59.5741,-2.4823,-0.69658957,-0.66872598,-2.4823,-59.5741,-0.66872598,-2.4823,-2.4823,-3.1028,-3.1028,-3.1028,-59.5741,-0.66872598,-14.2730,-13.0221,-47.7834,-49.0342,-0.53637397,-0.55041498,-0.02786358,7.4238,7.4238,-5.1714,-31.0282,-20.6854,44.5430,6.0000,,7.4238,2.6176,6.5095,9.3405,15.308,19.9782,20.7566,6.5095,5.2122,3.069106,3.188682,1.140468,3,3,2,2,0E-8,-0.69658957,,0E-8,0.000000,1.000000,1.000000,,2026-04-19,2026-05-07,2,3,3,19,0.105263,,,0.000000,,,,,,,,GLOBAL_BASELINE_NO_ENTITY_RANKING,,,NOT_APPLICABLE_GLOBAL_BASELINE,HF9g-P5,,,,X 全窗基线 · 不参与实体赏罚,3923573,393,A168_HF9F_20260827_0900,2026-08-27 09:00:00
2026-05-07,145602438,-1,1,62.2697317214,57.0805874112,57.0805874112,0.8571429,7,7,0.50090561428571429,0.500905614286,1.8850333966533306,1.8850333966518211,1.8850333966533306,-2.8571E-13,SENTINEL_DEALER,R03b_20260811_FULL_v1,L1_ELIGIBILITY,v2026-08-11,2026-03-21..2026-08-06,baccarat_bet02_101_all_pairs_incl_sentinel,round_win = game_pnl > 0 (decisive only),COMPATIBILITY_ONLY_NOT_PRODUCTION,89.0859,89.0859,-62.0563,12,12,0.69658957,,0.69658957,0.69658957,62.0563,89.0859,THIN_EXPOSURE,0.0000,-2.4823,4.0000,96.0000,AG03-UNRESOLVED,ALL5_LEVELS_bet23_to_bet27,-2.4823,-2.4823,-3.1028,-3.1028,-3.1028,4.000000,4.000000,5.000000,5.000000,5.000000,96.000000,96.000000,95.000000,95.000000,95.000000,5.0,-14.2730,-13.0221,-47.7834,-49.0342,PENDING_AG03,FALSE,NOT_FOR_ENFORCEMENT,-59.5741,85.5225,-62.0563,-59.5741,-2.4823,-0.69658957,-0.66872598,-2.4823,-59.5741,-0.66872598,-2.4823,-2.4823,-3.1028,-3.1028,-3.1028,-59.5741,-0.66872598,-14.2730,-13.0221,-47.7834,-49.0342,-0.53637397,-0.55041498,-0.02786358,7.4238,7.4238,-5.1714,-31.0282,-20.6854,44.5430,6.0000,,7.4238,2.6176,6.5095,9.3405,15.308,19.9782,20.7566,6.5095,5.2122,3.069106,3.188682,1.140468,3,3,2,2,0E-8,-0.69658957,,0E-8,0.000000,1.000000,1.000000,,2026-04-19,2026-05-07,2,3,3,19,0.105263,,,0.000000,,,,,,,,GLOBAL_BASELINE_NO_ENTITY_RANKING,,,NOT_APPLICABLE_GLOBAL_BASELINE,HF9g-P5,,,,X 全窗基线 · 不参与实体赏罚,3923574,393,A168_HF9F_20260827_0900,2026-08-27 09:00:00
2026-05-07,145602438,1505,0,16.3458045769,-0.2594572155,-0.2594572155,0.5000000,2,2,0.49994810000000000,0.499948100000,0.00014679536856514622,0.00014679536856514622,0.00014679536856514622,0E-17,ELIGIBLE,R03b_20260811_FULL_v1,L1_ELIGIBILITY,v2026-08-11,2026-03-21..2026-08-06,baccarat_bet02_101_all_pairs_incl_sentinel,round_win = game_pnl > 0 (decisive only),COMPATIBILITY_ONLY_NOT_PRODUCTION,89.0859,89.0859,-62.0563,12,12,0.69658957,,0.69658957,0.69658957,62.0563,89.0859,THIN_EXPOSURE,0.0000,-2.4823,4.0000,96.0000,AG03-UNRESOLVED,ALL5_LEVELS_bet23_to_bet27,-2.4823,-2.4823,-3.1028,-3.1028,-3.1028,4.000000,4.000000,5.000000,5.000000,5.000000,96.000000,96.000000,95.000000,95.000000,95.000000,5.0,-14.2730,-13.0221,-47.7834,-49.0342,PENDING_AG03,FALSE,NOT_FOR_ENFORCEMENT,-59.5741,85.5225,-62.0563,-59.5741,-2.4823,-0.69658957,-0.66872598,-2.4823,-59.5741,-0.66872598,-2.4823,-2.4823,-3.1028,-3.1028,-3.1028,-59.5741,-0.66872598,-14.2730,-13.0221,-47.7834,-49.0342,-0.53637397,-0.55041498,-0.02786358,7.4238,7.4238,-5.1714,-31.0282,-20.6854,44.5430,6.0000,,7.4238,2.6176,6.5095,9.3405,15.308,19.9782,20.7566,6.5095,5.2122,3.069106,3.188682,1.140468,3,3,2,2,0E-8,-0.69658957,,0E-8,0.000000,1.000000,1.000000,,2026-04-19,2026-05-07,2,3,3,19,0.105263,,,0.000000,,,,,,,,GLOBAL_BASELINE_NO_ENTITY_RANKING,,,NOT_APPLICABLE_GLOBAL_BASELINE,HF9g-P5,,,,X 全窗基线 · 不参与实体赏罚,3923575,393,A168_HF9F_20260827_0900,2026-08-27 09:00:00
2026-03-27,147838779,1330,0,91.5573554010,-31.0436658157,-31.0436658157,0.5000000,2,2,0.50665070000000000,0.506650700000,-0.018812684590367487,-0.018812684590367487,-0.018812684590367487,0E-17,ELIGIBLE,R03b_20260811_FULL_v1,L1_ELIGIBILITY,v2026-08-11,2026-03-21..2026-08-06,baccarat_bet02_101_all_pairs_incl_sentinel,round_win = game_pnl > 0 (decisive only),COMPATIBILITY_ONLY_NOT_PRODUCTION,308.7860,184.6553,-62.0543,5,5,0.20096222,,0.20096222,0.20096222,62.0543,308.7860,THIN_EXPOSURE,0.0000,-2.4822,4.0000,96.0000,AG03-UNRESOLVED,ALL5_LEVELS_bet23_to_bet27,-2.4822,-2.4822,-2.7924,-2.7924,-2.7924,4.000000,4.000000,4.500000,4.500000,4.500000,96.000000,96.000000,95.500000,95.500000,95.500000,5.0,-13.3417,-12.2434,-48.7126,-49.8109,PENDING_AG03,FALSE,NOT_FOR_ENFORCEMENT,-59.5721,177.2691,-62.0543,-59.5721,-2.4822,-0.20096222,-0.19292373,-2.4822,-59.5721,-0.19292373,-2.4822,-2.4822,-2.7924,-2.7924,-2.7924,-59.5721,-0.19292373,-13.3417,-12.2434,-48.7126,-49.8109,-0.15775535,-0.16131212,-0.00803849,61.7572,36.9311,-12.4109,-62.0543,-31.0272,308.7860,5.0000,,61.7572,31.0327,60.5247,77.5816,124.1306,124.1306,124.1306,31.0327,29.481,2.050909,2.050909,1.020364,2,2,1,2,0E-8,-0.20096222,,0E-8,0.000000,0.598004,0.000000,,2026-03-27,2026-03-27,1,2,2,1,1.000000,,,0.000000,,,,,,,,GLOBAL_BASELINE_NO_ENTITY_RANKING,,,NOT_APPLICABLE_GLOBAL_BASELINE,HF9g-P5,,,,X 全窗基线 · 不参与实体赏罚,3923576,393,A168_HF9F_20260827_0900,2026-08-27 09:00:00
2026-03-27,147838779,2121,0,217.2286292807,93.0979839774,93.0979839774,1.0000000,3,3,0.49324550000000000,0.493245500000,1.4334489766152358,1.4334489766152358,1.4334489766152358,0E-17,ELIGIBLE,R03b_20260811_FULL_v1,L1_ELIGIBILITY,v2026-08-11,2026-03-21..2026-08-06,baccarat_bet02_101_all_pairs_incl_sentinel,round_win = game_pnl > 0 (decisive only),COMPATIBILITY_ONLY_NOT_PRODUCTION,308.7860,184.6553,-62.0543,5,5,0.20096222,,0.20096222,0.20096222,62.0543,308.7860,THIN_EXPOSURE,0.0000,-2.4822,4.0000,96.0000,AG03-UNRESOLVED,ALL5_LEVELS_bet23_to_bet27,-2.4822,-2.4822,-2.7924,-2.7924,-2.7924,4.000000,4.000000,4.500000,4.500000,4.500000,96.000000,96.000000,95.500000,95.500000,95.500000,5.0,-13.3417,-12.2434,-48.7126,-49.8109,PENDING_AG03,FALSE,NOT_FOR_ENFORCEMENT,-59.5721,177.2691,-62.0543,-59.5721,-2.4822,-0.20096222,-0.19292373,-2.4822,-59.5721,-0.19292373,-2.4822,-2.4822,-2.7924,-2.7924,-2.7924,-59.5721,-0.19292373,-13.3417,-12.2434,-48.7126,-49.8109,-0.15775535,-0.16131212,-0.00803849,61.7572,36.9311,-12.4109,-62.0543,-31.0272,308.7860,5.0000,,61.7572,31.0327,60.5247,77.5816,124.1306,124.1306,124.1306,31.0327,29.481,2.050909,2.050909,1.020364,2,2,1,2,0E-8,-0.20096222,,0E-8,0.000000,0.598004,0.000000,,2026-03-27,2026-03-27,1,2,2,1,1.000000,,,0.000000,,,,,,,,GLOBAL_BASELINE_NO_ENTITY_RANKING,,,NOT_APPLICABLE_GLOBAL_BASELINE,HF9g-P5,,,,X 全窗基线 · 不参与实体赏罚,3923577,393,A168_HF9F_20260827_0900,2026-08-27 09:00:00
2026-06-06,144182868,529,0,65.3174582765,62.0515853628,62.0515853628,1.0000000,2,2,0.50665070000000000,0.506650700000,1.3955260008387969,1.3955260008387969,1.3955260008387969,0E-17,ELIGIBLE,R03b_20260811_FULL_v1,L1_ELIGIBILITY,v2026-08-11,2026-03-21..2026-08-06,baccarat_bet02_101_all_pairs_incl_sentinel,round_win = game_pnl > 0 (decisive only),COMPATIBILITY_ONLY_NOT_PRODUCTION,65.3175,65.3175,-62.0516,2,2,0.95000000,,0.95000000,0.95000000,62.0516,65.3175,THIN_EXPOSURE,0.0000,-2.4821,4.0000,96.0000,AG03-UNRESOLVED,ALL5_LEVELS_bet23_to_bet27,-2.4821,-2.4821,-2.4821,0.0000,0.0000,4.000000,4.000000,4.000000,0.000000,0.000000,96.000000,96.000000,96.000000,100.000000,100.000000,5.0,-7.4462,-7.1523,-54.6054,-54.8993,PENDING_AG03,FALSE,NOT_FOR_ENFORCEMENT,-59.5695,62.7048,-62.0516,-59.5695,-2.4821,-0.95000000,-0.91200000,-2.4821,-59.5695,-0.91200000,-2.4821,-2.4821,-2.4821,0.0000,0.0000,-59.5695,-0.91200000,-7.4462,-7.1523,-54.6054,-54.8993,-0.83600000,-0.8404992,-0.03800000,32.6587,32.6587,-31.0258,-62.0516,-62.0516,65.3175,2.0000,,32.6587,22.1154,32.6587,43.2021,43.2021,43.2021,43.2021,32.6587,31.0258,1.322835,1.322835,1.0,1,1,1,1,0E-8,-0.95000000,,0E-8,0.000000,1.000000,0.000000,,2026-06-06,2026-06-06,1,1,1,1,1.000000,,,0.000000,,,,,,,,GLOBAL_BASELINE_NO_ENTITY_RANKING,,,NOT_APPLICABLE_GLOBAL_BASELINE,HF9g-P5,,,,X 全窗基线 · 不参与实体赏罚,3923578,393,A168_HF9F_20260827_0900,2026-08-27 09:00:00
2026-06-25,150965667,1210,0,65.3174582765,62.0515853628,62.0515853628,1.0000000,2,2,0.50665070000000000,0.506650700000,1.3955260008387969,1.3955260008387969,1.3955260008387969,0E-17,ELIGIBLE,R03b_20260811_FULL_v1,L1_ELIGIBILITY,v2026-08-11,2026-03-21..2026-08-06,baccarat_bet02_101_all_pairs_incl_sentinel,round_win = game_pnl > 0 (decisive only),COMPATIBILITY_ONLY_NOT_PRODUCTION,65.3175,65.3175,-62.0516,2,2,0.95000000,,0.95000000,0.95000000,62.0516,65.3175,THIN_EXPOSURE,0.0000,-2.4821,4.0000,96.0000,AG03-UNRESOLVED,ALL5_LEVELS_bet23_to_bet27,-2.4821,-2.4821,-3.1026,-3.1026,-3.1026,4.000000,4.000000,5.000000,5.000000,5.000000,96.000000,96.000000,95.000000,95.000000,95.000000,5.0,-14.2719,-13.0211,-47.7797,-49.0305,PENDING_AG03,FALSE,NOT_FOR_ENFORCEMENT,-59.5695,62.7048,-62.0516,-59.5695,-2.4821,-0.95000000,-0.91200000,-2.4821,-59.5695,-0.91200000,-2.4821,-2.4821,-3.1026,-3.1026,-3.1026,-59.5695,-0.91200000,-14.2719,-13.0211,-47.7797,-49.0305,-0.73150000,-0.75064896,-0.03800000,32.6587,32.6587,-31.0258,-62.0516,-62.0516,65.3175,2.0000,,32.6587,22.1154,32.6587,43.2021,43.2021,43.2021,43.2021,32.6587,31.0258,1.322835,1.322835,1.0,1,1,1,1,0E-8,-0.95000000,,0E-8,0.000000,1.000000,0.000000,,2026-06-25,2026-06-25,1,1,1,1,1.000000,,,0.000000,,,,,,,,GLOBAL_BASELINE_NO_ENTITY_RANKING,,,NOT_APPLICABLE_GLOBAL_BASELINE,HF9g-P5,,,,X 全窗基线 · 不参与实体赏罚,3923579,393,A168_HF9F_20260827_0900,2026-08-27 09:00:00
2026-04-30,124388107,-1,1,10.0000000000,0E-10,0E-10,,1,1,0.49324550000000000,0.493245500000,,,,0E-17,SENTINEL_DEALER,R03b_20260811_FULL_v1,L1_ELIGIBILITY,v2026-08-11,2026-03-21..2026-08-06,baccarat_bet02_101_all_pairs_incl_sentinel,round_win = game_pnl > 0 (decisive only),COMPATIBILITY_ONLY_NOT_PRODUCTION,2421.0000,2249.0000,-62.0500,110,110,0.02562990,,0.02562990,0.02562990,62.0500,2421.0000,OK,0.0000,-2.4820,4.0000,96.0000,AG03-UNRESOLVED,ALL5_LEVELS_bet23_to_bet27,-2.4820,-2.4820,-2.4820,-2.4820,-2.4820,4.000000,4.000000,4.000000,4.000000,4.000000,96.000000,96.000000,96.000000,96.000000,96.000000,5.0,-12.4100,-11.4561,-49.6400,-50.5939,PENDING_AG03,FALSE,NOT_FOR_ENFORCEMENT,-59.5680,2159.0400,-62.0500,-59.5680,-2.4820,-0.02562990,-0.02460471,-2.4820,-59.5680,-0.02460471,-2.4820,-2.4820,-2.4820,-2.4820,-2.4820,-59.5680,-0.02460471,-12.4100,-11.4561,-49.6400,-50.5939,-0.02050392,-0.02089792,-0.00102520,22.0091,20.4455,-0.5641,-3.1025,-0.7955,121.0500,5.5000,,22.0091,10.0,20.0,30.0,40.0,50.0,140.0002,12.0,0.0,2.5,7.000008,1.100455,23,56,16,2,0E-8,-0.02562990,,0E-8,0.000000,0.928955,0.000000,,2026-04-30,2026-06-25,20,78,72,57,0.350877,,,0.000000,,,,,,,,GLOBAL_BASELINE_NO_ENTITY_RANKING,,,NOT_APPLICABLE_GLOBAL_BASELINE,HF9g-P5,,,,X 全窗基线 · 不参与实体赏罚,3923580,393,A168_HF9F_20260827_0900,2026-08-27 09:00:00
2026-04-30,124388107,2234,0,10.0000000000,10.0000000000,10.0000000000,1.0000000,1,1,0.49324550000000000,0.493245500000,1.01360149184955,1.01360149184955,1.01360149184955,0E-17,ELIGIBLE,R03b_20260811_FULL_v1,L1_ELIGIBILITY,v2026-08-11,2026-03-21..2026-08-06,baccarat_bet02_101_all_pairs_incl_sentinel,round_win = game_pnl > 0 (decisive only),COMPATIBILITY_ONLY_NOT_PRODUCTION,2421.0000,2249.0000,-62.0500,110,110,0.02562990,,0.02562990,0.02562990,62.0500,2421.0000,OK,0.0000,-2.4820,4.0000,96.0000,AG03-UNRESOLVED,ALL5_LEVELS_bet23_to_bet27,-2.4820,-2.4820,-2.4820,-2.4820,-2.4820,4.000000,4.000000,4.000000,4.000000,4.000000,96.000000,96.000000,96.000000,96.000000,96.000000,5.0,-12.4100,-11.4561,-49.6400,-50.5939,PENDING_AG03,FALSE,NOT_FOR_ENFORCEMENT,-59.5680,2159.0400,-62.0500,-59.5680,-2.4820,-0.02562990,-0.02460471,-2.4820,-59.5680,-0.02460471,-2.4820,-2.4820,-2.4820,-2.4820,-2.4820,-59.5680,-0.02460471,-12.4100,-11.4561,-49.6400,-50.5939,-0.02050392,-0.02089792,-0.00102520,22.0091,20.4455,-0.5641,-3.1025,-0.7955,121.0500,5.5000,,22.0091,10.0,20.0,30.0,40.0,50.0,140.0002,12.0,0.0,2.5,7.000008,1.100455,23,56,16,2,0E-8,-0.02562990,,0E-8,0.000000,0.928955,0.000000,,2026-04-30,2026-06-25,20,78,72,57,0.350877,,,0.000000,,,,,,,,GLOBAL_BASELINE_NO_ENTITY_RANKING,,,NOT_APPLICABLE_GLOBAL_BASELINE,HF9g-P5,,,,X 全窗基线 · 不参与实体赏罚,3923581,393,A168_HF9F_20260827_0900,2026-08-27 09:00:00
2026-05-01,124388107,1396,0,6.0000000000,6.0000000000,6.0000000000,1.0000000,1,1,0.49324550000000000,0.493245500000,1.01360149184955,1.01360149184955,1.01360149184955,0E-17,ELIGIBLE,R03b_20260811_FULL_v1,L1_ELIGIBILITY,v2026-08-11,2026-03-21..2026-08-06,baccarat_bet02_101_all_pairs_incl_sentinel,round_win = game_pnl > 0 (decisive only),COMPATIBILITY_ONLY_NOT_PRODUCTION,2421.0000,2249.0000,-62.0500,110,110,0.02562990,,0.02562990,0.02562990,62.0500,2421.0000,OK,0.0000,-2.4820,4.0000,96.0000,AG03-UNRESOLVED,ALL5_LEVELS_bet23_to_bet27,-2.4820,-2.4820,-2.4820,-2.4820,-2.4820,4.000000,4.000000,4.000000,4.000000,4.000000,96.000000,96.000000,96.000000,96.000000,96.000000,5.0,-12.4100,-11.4561,-49.6400,-50.5939,PENDING_AG03,FALSE,NOT_FOR_ENFORCEMENT,-59.5680,2159.0400,-62.0500,-59.5680,-2.4820,-0.02562990,-0.02460471,-2.4820,-59.5680,-0.02460471,-2.4820,-2.4820,-2.4820,-2.4820,-2.4820,-59.5680,-0.02460471,-12.4100,-11.4561,-49.6400,-50.5939,-0.02050392,-0.02089792,-0.00102520,22.0091,20.4455,-0.5641,-3.1025,-0.7955,121.0500,5.5000,,22.0091,10.0,20.0,30.0,40.0,50.0,140.0002,12.0,0.0,2.5,7.000008,1.100455,23,56,16,2,0E-8,-0.02562990,,0E-8,0.000000,0.928955,0.000000,,2026-04-30,2026-06-25,20,78,72,57,0.350877,,,0.000000,,,,,,,,GLOBAL_BASELINE_NO_ENTITY_RANKING,,,NOT_APPLICABLE_GLOBAL_BASELINE,HF9g-P5,,,,X 全窗基线 · 不参与实体赏罚,3923582,393,A168_HF9F_20260827_0900,2026-08-27 09:00:00
2026-05-02,124388107,1646,0,20.0000000000,5.0000000000,5.0000000000,0.6666667,4,4,0.49324550000000000,0.493245500000,0.6008033672792107,0.6008033672792106,0.6008033672792107,0E-17,ELIGIBLE,R03b_20260811_FULL_v1,L1_ELIGIBILITY,v2026-08-11,2026-03-21..2026-08-06,baccarat_bet02_101_all_pairs_incl_sentinel,round_win = game_pnl > 0 (decisive only),COMPATIBILITY_ONLY_NOT_PRODUCTION,2421.0000,2249.0000,-62.0500,110,110,0.02562990,,0.02562990,0.02562990,62.0500,2421.0000,OK,0.0000,-2.4820,4.0000,96.0000,AG03-UNRESOLVED,ALL5_LEVELS_bet23_to_bet27,-2.4820,-2.4820,-2.4820,-2.4820,-2.4820,4.000000,4.000000,4.000000,4.000000,4.000000,96.000000,96.000000,96.000000,96.000000,96.000000,5.0,-12.4100,-11.4561,-49.6400,-50.5939,PENDING_AG03,FALSE,NOT_FOR_ENFORCEMENT,-59.5680,2159.0400,-62.0500,-59.5680,-2.4820,-0.02562990,-0.02460471,-2.4820,-59.5680,-0.02460471,-2.4820,-2.4820,-2.4820,-2.4820,-2.4820,-59.5680,-0.02460471,-12.4100,-11.4561,-49.6400,-50.5939,-0.02050392,-0.02089792,-0.00102520,22.0091,20.4455,-0.5641,-3.1025,-0.7955,121.0500,5.5000,,22.0091,10.0,20.0,30.0,40.0,50.0,140.0002,12.0,0.0,2.5,7.000008,1.100455,23,56,16,2,0E-8,-0.02562990,,0E-8,0.000000,0.928955,0.000000,,2026-04-30,2026-06-25,20,78,72,57,0.350877,,,0.000000,,,,,,,,GLOBAL_BASELINE_NO_ENTITY_RANKING,,,NOT_APPLICABLE_GLOBAL_BASELINE,HF9g-P5,,,,X 全窗基线 · 不参与实体赏罚,3923583,393,A168_HF9F_20260827_0900,2026-08-27 09:00:00
2026-05-03,124388107,-1,1,6.0000000000,6.0000000000,6.0000000000,1.0000000,1,1,0.49324550000000000,0.493245500000,1.01360149184955,1.01360149184955,1.01360149184955,0E-17,SENTINEL_DEALER,R03b_20260811_FULL_v1,L1_ELIGIBILITY,v2026-08-11,2026-03-21..2026-08-06,baccarat_bet02_101_all_pairs_incl_sentinel,round_win = game_pnl > 0 (decisive only),COMPATIBILITY_ONLY_NOT_PRODUCTION,2421.0000,2249.0000,-62.0500,110,110,0.02562990,,0.02562990,0.02562990,62.0500,2421.0000,OK,0.0000,-2.4820,4.0000,96.0000,AG03-UNRESOLVED,ALL5_LEVELS_bet23_to_bet27,-2.4820,-2.4820,-2.4820,-2.4820,-2.4820,4.000000,4.000000,4.000000,4.000000,4.000000,96.000000,96.000000,96.000000,96.000000,96.000000,5.0,-12.4100,-11.4561,-49.6400,-50.5939,PENDING_AG03,FALSE,NOT_FOR_ENFORCEMENT,-59.5680,2159.0400,-62.0500,-59.5680,-2.4820,-0.02562990,-0.02460471,-2.4820,-59.5680,-0.02460471,-2.4820,-2.4820,-2.4820,-2.4820,-2.4820,-59.5680,-0.02460471,-12.4100,-11.4561,-49.6400,-50.5939,-0.02050392,-0.02089792,-0.00102520,22.0091,20.4455,-0.5641,-3.1025,-0.7955,121.0500,5.5000,,22.0091,10.0,20.0,30.0,40.0,50.0,140.0002,12.0,0.0,2.5,7.000008,1.100455,23,56,16,2,0E-8,-0.02562990,,0E-8,0.000000,0.928955,0.000000,,2026-04-30,2026-06-25,20,78,72,57,0.350877,,,0.000000,,,,,,,,GLOBAL_BASELINE_NO_ENTITY_RANKING,,,NOT_APPLICABLE_GLOBAL_BASELINE,HF9g-P5,,,,X 全窗基线 · 不参与实体赏罚,3923584,393,A168_HF9F_20260827_0900,2026-08-27 09:00:00
2026-05-03,124388107,1401,0,9.0000000000,-9.0000000000,-9.0000000000,0E-7,1,1,0.49324550000000000,0.493245500000,-0.9865810262130424,-0.9865810262130424,-0.9865810262130424,0E-17,ELIGIBLE,R03b_20260811_FULL_v1,L1_ELIGIBILITY,v2026-08-11,2026-03-21..2026-08-06,baccarat_bet02_101_all_pairs_incl_sentinel,round_win = game_pnl > 0 (decisive only),COMPATIBILITY_ONLY_NOT_PRODUCTION,2421.0000,2249.0000,-62.0500,110,110,0.02562990,,0.02562990,0.02562990,62.0500,2421.0000,OK,0.0000,-2.4820,4.0000,96.0000,AG03-UNRESOLVED,ALL5_LEVELS_bet23_to_bet27,-2.4820,-2.4820,-2.4820,-2.4820,-2.4820,4.000000,4.000000,4.000000,4.000000,4.000000,96.000000,96.000000,96.000000,96.000000,96.000000,5.0,-12.4100,-11.4561,-49.6400,-50.5939,PENDING_AG03,FALSE,NOT_FOR_ENFORCEMENT,-59.5680,2159.0400,-62.0500,-59.5680,-2.4820,-0.02562990,-0.02460471,-2.4820,-59.5680,-0.02460471,-2.4820,-2.4820,-2.4820,-2.4820,-2.4820,-59.5680,-0.02460471,-12.4100,-11.4561,-49.6400,-50.5939,-0.02050392,-0.02089792,-0.00102520,22.0091,20.4455,-0.5641,-3.1025,-0.7955,121.0500,5.5000,,22.0091,10.0,20.0,30.0,40.0,50.0,140.0002,12.0,0.0,2.5,7.000008,1.100455,23,56,16,2,0E-8,-0.02562990,,0E-8,0.000000,0.928955,0.000000,,2026-04-30,2026-06-25,20,78,72,57,0.350877,,,0.000000,,,,,,,,GLOBAL_BASELINE_NO_ENTITY_RANKING,,,NOT_APPLICABLE_GLOBAL_BASELINE,HF9g-P5,,,,X 全窗基线 · 不参与实体赏罚,3923585,393,A168_HF9F_20260827_0900,2026-08-27 09:00:00
2026-05-03,124388107,1654,0,40.0000000000,20.0000000000,20.0000000000,0.7500000,4,4,0.49324550000000000,0.493245500000,1.0271117246678039,1.0271117246678039,1.0271117246678039,0E-17,ELIGIBLE,R03b_20260811_FULL_v1,L1_ELIGIBILITY,v2026-08-11,2026-03-21..2026-08-06,baccarat_bet02_101_all_pairs_incl_sentinel,round_win = game_pnl > 0 (decisive only),COMPATIBILITY_ONLY_NOT_PRODUCTION,2421.0000,2249.0000,-62.0500,110,110,0.02562990,,0.02562990,0.02562990,62.0500,2421.0000,OK,0.0000,-2.4820,4.0000,96.0000,AG03-UNRESOLVED,ALL5_LEVELS_bet23_to_bet27,-2.4820,-2.4820,-2.4820,-2.4820,-2.4820,4.000000,4.000000,4.000000,4.000000,4.000000,96.000000,96.000000,96.000000,96.000000,96.000000,5.0,-12.4100,-11.4561,-49.6400,-50.5939,PENDING_AG03,FALSE,NOT_FOR_ENFORCEMENT,-59.5680,2159.0400,-62.0500,-59.5680,-2.4820,-0.02562990,-0.02460471,-2.4820,-59.5680,-0.02460471,-2.4820,-2.4820,-2.4820,-2.4820,-2.4820,-59.5680,-0.02460471,-12.4100,-11.4561,-49.6400,-50.5939,-0.02050392,-0.02089792,-0.00102520,22.0091,20.4455,-0.5641,-3.1025,-0.7955,121.0500,5.5000,,22.0091,10.0,20.0,30.0,40.0,50.0,140.0002,12.0,0.0,2.5,7.000008,1.100455,23,56,16,2,0E-8,-0.02562990,,0E-8,0.000000,0.928955,0.000000,,2026-04-30,2026-06-25,20,78,72,57,0.350877,,,0.000000,,,,,,,,GLOBAL_BASELINE_NO_ENTITY_RANKING,,,NOT_APPLICABLE_GLOBAL_BASELINE,HF9g-P5,,,,X 全窗基线 · 不参与实体赏罚,3923586,393,A168_HF9F_20260827_0900,2026-08-27 09:00:00
2026-05-03,124388107,2171,0,8.0000000000,7.6000000000,7.6000000000,1.0000000,1,1,0.50665070000000000,0.506650700000,0.9867858985152569,0.9867858985152569,0.9867858985152569,0E-17,ELIGIBLE,R03b_20260811_FULL_v1,L1_ELIGIBILITY,v2026-08-11,2026-03-21..2026-08-06,baccarat_bet02_101_all_pairs_incl_sentinel,round_win = game_pnl > 0 (decisive only),COMPATIBILITY_ONLY_NOT_PRODUCTION,2421.0000,2249.0000,-62.0500,110,110,0.02562990,,0.02562990,0.02562990,62.0500,2421.0000,OK,0.0000,-2.4820,4.0000,96.0000,AG03-UNRESOLVED,ALL5_LEVELS_bet23_to_bet27,-2.4820,-2.4820,-2.4820,-2.4820,-2.4820,4.000000,4.000000,4.000000,4.000000,4.000000,96.000000,96.000000,96.000000,96.000000,96.000000,5.0,-12.4100,-11.4561,-49.6400,-50.5939,PENDING_AG03,FALSE,NOT_FOR_ENFORCEMENT,-59.5680,2159.0400,-62.0500,-59.5680,-2.4820,-0.02562990,-0.02460471,-2.4820,-59.5680,-0.02460471,-2.4820,-2.4820,-2.4820,-2.4820,-2.4820,-59.5680,-0.02460471,-12.4100,-11.4561,-49.6400,-50.5939,-0.02050392,-0.02089792,-0.00102520,22.0091,20.4455,-0.5641,-3.1025,-0.7955,121.0500,5.5000,,22.0091,10.0,20.0,30.0,40.0,50.0,140.0002,12.0,0.0,2.5,7.000008,1.100455,23,56,16,2,0E-8,-0.02562990,,0E-8,0.000000,0.928955,0.000000,,2026-04-30,2026-06-25,20,78,72,57,0.350877,,,0.000000,,,,,,,,GLOBAL_BASELINE_NO_ENTITY_RANKING,,,NOT_APPLICABLE_GLOBAL_BASELINE,HF9g-P5,,,,X 全窗基线 · 不参与实体赏罚,3923587,393,A168_HF9F_20260827_0900,2026-08-27 09:00:00
2026-05-03,124388107,948,0,6.0000000000,-6.0000000000,-6.0000000000,0E-7,1,1,0.50665070000000000,0.506650700000,-1.013391052207602,-1.013391052207602,-1.013391052207602,0E-17,ELIGIBLE,R03b_20260811_FULL_v1,L1_ELIGIBILITY,v2026-08-11,2026-03-21..2026-08-06,baccarat_bet02_101_all_pairs_incl_sentinel,round_win = game_pnl > 0 (decisive only),COMPATIBILITY_ONLY_NOT_PRODUCTION,2421.0000,2249.0000,-62.0500,110,110,0.02562990,,0.02562990,0.02562990,62.0500,2421.0000,OK,0.0000,-2.4820,4.0000,96.0000,AG03-UNRESOLVED,ALL5_LEVELS_bet23_to_bet27,-2.4820,-2.4820,-2.4820,-2.4820,-2.4820,4.000000,4.000000,4.000000,4.000000,4.000000,96.000000,96.000000,96.000000,96.000000,96.000000,5.0,-12.4100,-11.4561,-49.6400,-50.5939,PENDING_AG03,FALSE,NOT_FOR_ENFORCEMENT,-59.5680,2159.0400,-62.0500,-59.5680,-2.4820,-0.02562990,-0.02460471,-2.4820,-59.5680,-0.02460471,-2.4820,-2.4820,-2.4820,-2.4820,-2.4820,-59.5680,-0.02460471,-12.4100,-11.4561,-49.6400,-50.5939,-0.02050392,-0.02089792,-0.00102520,22.0091,20.4455,-0.5641,-3.1025,-0.7955,121.0500,5.5000,,22.0091,10.0,20.0,30.0,40.0,50.0,140.0002,12.0,0.0,2.5,7.000008,1.100455,23,56,16,2,0E-8,-0.02562990,,0E-8,0.000000,0.928955,0.000000,,2026-04-30,2026-06-25,20,78,72,57,0.350877,,,0.000000,,,,,,,,GLOBAL_BASELINE_NO_ENTITY_RANKING,,,NOT_APPLICABLE_GLOBAL_BASELINE,HF9g-P5,,,,X 全窗基线 · 不参与实体赏罚,3923588,393,A168_HF9F_20260827_0900,2026-08-27 09:00:00
2026-05-04,124388107,1157,0,25.0000000000,24.5000000000,24.5000000000,1.0000000,3,3,0.49771390000000000,0.497713900000,1.739988277604938,1.739988277604938,1.739988277604938,0E-17,ELIGIBLE,R03b_20260811_FULL_v1,L1_ELIGIBILITY,v2026-08-11,2026-03-21..2026-08-06,baccarat_bet02_101_all_pairs_incl_sentinel,round_win = game_pnl > 0 (decisive only),COMPATIBILITY_ONLY_NOT_PRODUCTION,2421.0000,2249.0000,-62.0500,110,110,0.02562990,,0.02562990,0.02562990,62.0500,2421.0000,OK,0.0000,-2.4820,4.0000,96.0000,AG03-UNRESOLVED,ALL5_LEVELS_bet23_to_bet27,-2.4820,-2.4820,-2.4820,-2.4820,-2.4820,4.000000,4.000000,4.000000,4.000000,4.000000,96.000000,96.000000,96.000000,96.000000,96.000000,5.0,-12.4100,-11.4561,-49.6400,-50.5939,PENDING_AG03,FALSE,NOT_FOR_ENFORCEMENT,-59.5680,2159.0400,-62.0500,-59.5680,-2.4820,-0.02562990,-0.02460471,-2.4820,-59.5680,-0.02460471,-2.4820,-2.4820,-2.4820,-2.4820,-2.4820,-59.5680,-0.02460471,-12.4100,-11.4561,-49.6400,-50.5939,-0.02050392,-0.02089792,-0.00102520,22.0091,20.4455,-0.5641,-3.1025,-0.7955,121.0500,5.5000,,22.0091,10.0,20.0,30.0,40.0,50.0,140.0002,12.0,0.0,2.5,7.000008,1.100455,23,56,16,2,0E-8,-0.02562990,,0E-8,0.000000,0.928955,0.000000,,2026-04-30,2026-06-25,20,78,72,57,0.350877,,,0.000000,,,,,,,,GLOBAL_BASELINE_NO_ENTITY_RANKING,,,NOT_APPLICABLE_GLOBAL_BASELINE,HF9g-P5,,,,X 全窗基线 · 不参与实体赏罚,3923589,393,A168_HF9F_20260827_0900,2026-08-27 09:00:00
2026-05-04,124388107,1210,0,8.0000000000,8.0000000000,8.0000000000,1.0000000,1,1,0.49324550000000000,0.493245500000,1.01360149184955,1.01360149184955,1.01360149184955,0E-17,ELIGIBLE,R03b_20260811_FULL_v1,L1_ELIGIBILITY,v2026-08-11,2026-03-21..2026-08-06,baccarat_bet02_101_all_pairs_incl_sentinel,round_win = game_pnl > 0 (decisive only),COMPATIBILITY_ONLY_NOT_PRODUCTION,2421.0000,2249.0000,-62.0500,110,110,0.02562990,,0.02562990,0.02562990,62.0500,2421.0000,OK,0.0000,-2.4820,4.0000,96.0000,AG03-UNRESOLVED,ALL5_LEVELS_bet23_to_bet27,-2.4820,-2.4820,-2.4820,-2.4820,-2.4820,4.000000,4.000000,4.000000,4.000000,4.000000,96.000000,96.000000,96.000000,96.000000,96.000000,5.0,-12.4100,-11.4561,-49.6400,-50.5939,PENDING_AG03,FALSE,NOT_FOR_ENFORCEMENT,-59.5680,2159.0400,-62.0500,-59.5680,-2.4820,-0.02562990,-0.02460471,-2.4820,-59.5680,-0.02460471,-2.4820,-2.4820,-2.4820,-2.4820,-2.4820,-59.5680,-0.02460471,-12.4100,-11.4561,-49.6400,-50.5939,-0.02050392,-0.02089792,-0.00102520,22.0091,20.4455,-0.5641,-3.1025,-0.7955,121.0500,5.5000,,22.0091,10.0,20.0,30.0,40.0,50.0,140.0002,12.0,0.0,2.5,7.000008,1.100455,23,56,16,2,0E-8,-0.02562990,,0E-8,0.000000,0.928955,0.000000,,2026-04-30,2026-06-25,20,78,72,57,0.350877,,,0.000000,,,,,,,,GLOBAL_BASELINE_NO_ENTITY_RANKING,,,NOT_APPLICABLE_GLOBAL_BASELINE,HF9g-P5,,,,X 全窗基线 · 不参与实体赏罚,3923590,393,A168_HF9F_20260827_0900,2026-08-27 09:00:00
2026-05-04,124388107,1325,0,21.0000000000,7.0000000000,7.0000000000,0.6666667,3,3,0.49324550000000000,0.493245500000,0.6008033672792107,0.6008033672792106,0.6008033672792107,0E-17,ELIGIBLE,R03b_20260811_FULL_v1,L1_ELIGIBILITY,v2026-08-11,2026-03-21..2026-08-06,baccarat_bet02_101_all_pairs_incl_sentinel,round_win = game_pnl > 0 (decisive only),COMPATIBILITY_ONLY_NOT_PRODUCTION,2421.0000,2249.0000,-62.0500,110,110,0.02562990,,0.02562990,0.02562990,62.0500,2421.0000,OK,0.0000,-2.4820,4.0000,96.0000,AG03-UNRESOLVED,ALL5_LEVELS_bet23_to_bet27,-2.4820,-2.4820,-2.4820,-2.4820,-2.4820,4.000000,4.000000,4.000000,4.000000,4.000000,96.000000,96.000000,96.000000,96.000000,96.000000,5.0,-12.4100,-11.4561,-49.6400,-50.5939,PENDING_AG03,FALSE,NOT_FOR_ENFORCEMENT,-59.5680,2159.0400,-62.0500,-59.5680,-2.4820,-0.02562990,-0.02460471,-2.4820,-59.5680,-0.02460471,-2.4820,-2.4820,-2.4820,-2.4820,-2.4820,-59.5680,-0.02460471,-12.4100,-11.4561,-49.6400,-50.5939,-0.02050392,-0.02089792,-0.00102520,22.0091,20.4455,-0.5641,-3.1025,-0.7955,121.0500,5.5000,,22.0091,10.0,20.0,30.0,40.0,50.0,140.0002,12.0,0.0,2.5,7.000008,1.100455,23,56,16,2,0E-8,-0.02562990,,0E-8,0.000000,0.928955,0.000000,,2026-04-30,2026-06-25,20,78,72,57,0.350877,,,0.000000,,,,,,,,GLOBAL_BASELINE_NO_ENTITY_RANKING,,,NOT_APPLICABLE_GLOBAL_BASELINE,HF9g-P5,,,,X 全窗基线 · 不参与实体赏罚,3923591,393,A168_HF9F_20260827_0900,2026-08-27 09:00:00
2026-05-04,124388107,1704,0,10.0000000000,9.5000000000,9.5000000000,1.0000000,1,1,0.50665070000000000,0.506650700000,0.9867858985152569,0.9867858985152569,0.9867858985152569,0E-17,ELIGIBLE,R03b_20260811_FULL_v1,L1_ELIGIBILITY,v2026-08-11,2026-03-21..2026-08-06,baccarat_bet02_101_all_pairs_incl_sentinel,round_win = game_pnl > 0 (decisive only),COMPATIBILITY_ONLY_NOT_PRODUCTION,2421.0000,2249.0000,-62.0500,110,110,0.02562990,,0.02562990,0.02562990,62.0500,2421.0000,OK,0.0000,-2.4820,4.0000,96.0000,AG03-UNRESOLVED,ALL5_LEVELS_bet23_to_bet27,-2.4820,-2.4820,-2.4820,-2.4820,-2.4820,4.000000,4.000000,4.000000,4.000000,4.000000,96.000000,96.000000,96.000000,96.000000,96.000000,5.0,-12.4100,-11.4561,-49.6400,-50.5939,PENDING_AG03,FALSE,NOT_FOR_ENFORCEMENT,-59.5680,2159.0400,-62.0500,-59.5680,-2.4820,-0.02562990,-0.02460471,-2.4820,-59.5680,-0.02460471,-2.4820,-2.4820,-2.4820,-2.4820,-2.4820,-59.5680,-0.02460471,-12.4100,-11.4561,-49.6400,-50.5939,-0.02050392,-0.02089792,-0.00102520,22.0091,20.4455,-0.5641,-3.1025,-0.7955,121.0500,5.5000,,22.0091,10.0,20.0,30.0,40.0,50.0,140.0002,12.0,0.0,2.5,7.000008,1.100455,23,56,16,2,0E-8,-0.02562990,,0E-8,0.000000,0.928955,0.000000,,2026-04-30,2026-06-25,20,78,72,57,0.350877,,,0.000000,,,,,,,,GLOBAL_BASELINE_NO_ENTITY_RANKING,,,NOT_APPLICABLE_GLOBAL_BASELINE,HF9g-P5,,,,X 全窗基线 · 不参与实体赏罚,3923592,393,A168_HF9F_20260827_0900,2026-08-27 09:00:00
2026-05-04,124388107,2145,0,15.0000000000,-5.0000000000,-5.0000000000,0.5000000,2,2,0.49324550000000000,0.493245500000,0.01910635448239258,0.01910635448239258,0.01910635448239258,0E-17,ELIGIBLE,R03b_20260811_FULL_v1,L1_ELIGIBILITY,v2026-08-11,2026-03-21..2026-08-06,baccarat_bet02_101_all_pairs_incl_sentinel,round_win = game_pnl > 0 (decisive only),COMPATIBILITY_ONLY_NOT_PRODUCTION,2421.0000,2249.0000,-62.0500,110,110,0.02562990,,0.02562990,0.02562990,62.0500,2421.0000,OK,0.0000,-2.4820,4.0000,96.0000,AG03-UNRESOLVED,ALL5_LEVELS_bet23_to_bet27,-2.4820,-2.4820,-2.4820,-2.4820,-2.4820,4.000000,4.000000,4.000000,4.000000,4.000000,96.000000,96.000000,96.000000,96.000000,96.000000,5.0,-12.4100,-11.4561,-49.6400,-50.5939,PENDING_AG03,FALSE,NOT_FOR_ENFORCEMENT,-59.5680,2159.0400,-62.0500,-59.5680,-2.4820,-0.02562990,-0.02460471,-2.4820,-59.5680,-0.02460471,-2.4820,-2.4820,-2.4820,-2.4820,-2.4820,-59.5680,-0.02460471,-12.4100,-11.4561,-49.6400,-50.5939,-0.02050392,-0.02089792,-0.00102520,22.0091,20.4455,-0.5641,-3.1025,-0.7955,121.0500,5.5000,,22.0091,10.0,20.0,30.0,40.0,50.0,140.0002,12.0,0.0,2.5,7.000008,1.100455,23,56,16,2,0E-8,-0.02562990,,0E-8,0.000000,0.928955,0.000000,,2026-04-30,2026-06-25,20,78,72,57,0.350877,,,0.000000,,,,,,,,GLOBAL_BASELINE_NO_ENTITY_RANKING,,,NOT_APPLICABLE_GLOBAL_BASELINE,HF9g-P5,,,,X 全窗基线 · 不参与实体赏罚,3923593,393,A168_HF9F_20260827_0900,2026-08-27 09:00:00
2026-05-04,124388107,2209,0,20.0000000000,0E-10,0E-10,,1,1,0.49324550000000000,0.493245500000,,,,0E-17,NO_DECISIVE_ROUND,R03b_20260811_FULL_v1,L1_ELIGIBILITY,v2026-08-11,2026-03-21..2026-08-06,baccarat_bet02_101_all_pairs_incl_sentinel,round_win = game_pnl > 0 (decisive only),COMPATIBILITY_ONLY_NOT_PRODUCTION,2421.0000,2249.0000,-62.0500,110,110,0.02562990,,0.02562990,0.02562990,62.0500,2421.0000,OK,0.0000,-2.4820,4.0000,96.0000,AG03-UNRESOLVED,ALL5_LEVELS_bet23_to_bet27,-2.4820,-2.4820,-2.4820,-2.4820,-2.4820,4.000000,4.000000,4.000000,4.000000,4.000000,96.000000,96.000000,96.000000,96.000000,96.000000,5.0,-12.4100,-11.4561,-49.6400,-50.5939,PENDING_AG03,FALSE,NOT_FOR_ENFORCEMENT,-59.5680,2159.0400,-62.0500,-59.5680,-2.4820,-0.02562990,-0.02460471,-2.4820,-59.5680,-0.02460471,-2.4820,-2.4820,-2.4820,-2.4820,-2.4820,-59.5680,-0.02460471,-12.4100,-11.4561,-49.6400,-50.5939,-0.02050392,-0.02089792,-0.00102520,22.0091,20.4455,-0.5641,-3.1025,-0.7955,121.0500,5.5000,,22.0091,10.0,20.0,30.0,40.0,50.0,140.0002,12.0,0.0,2.5,7.000008,1.100455,23,56,16,2,0E-8,-0.02562990,,0E-8,0.000000,0.928955,0.000000,,2026-04-30,2026-06-25,20,78,72,57,0.350877,,,0.000000,,,,,,,,GLOBAL_BASELINE_NO_ENTITY_RANKING,,,NOT_APPLICABLE_GLOBAL_BASELINE,HF9g-P5,,,,X 全窗基线 · 不参与实体赏罚,3923594,393,A168_HF9F_20260827_0900,2026-08-27 09:00:00
2026-05-04,124388107,2256,0,21.0000000000,21.0000000000,21.0000000000,1.0000000,1,1,0.49324550000000000,0.493245500000,1.01360149184955,1.01360149184955,1.01360149184955,0E-17,ELIGIBLE,R03b_20260811_FULL_v1,L1_ELIGIBILITY,v2026-08-11,2026-03-21..2026-08-06,baccarat_bet02_101_all_pairs_incl_sentinel,round_win = game_pnl > 0 (decisive only),COMPATIBILITY_ONLY_NOT_PRODUCTION,2421.0000,2249.0000,-62.0500,110,110,0.02562990,,0.02562990,0.02562990,62.0500,2421.0000,OK,0.0000,-2.4820,4.0000,96.0000,AG03-UNRESOLVED,ALL5_LEVELS_bet23_to_bet27,-2.4820,-2.4820,-2.4820,-2.4820,-2.4820,4.000000,4.000000,4.000000,4.000000,4.000000,96.000000,96.000000,96.000000,96.000000,96.000000,5.0,-12.4100,-11.4561,-49.6400,-50.5939,PENDING_AG03,FALSE,NOT_FOR_ENFORCEMENT,-59.5680,2159.0400,-62.0500,-59.5680,-2.4820,-0.02562990,-0.02460471,-2.4820,-59.5680,-0.02460471,-2.4820,-2.4820,-2.4820,-2.4820,-2.4820,-59.5680,-0.02460471,-12.4100,-11.4561,-49.6400,-50.5939,-0.02050392,-0.02089792,-0.00102520,22.0091,20.4455,-0.5641,-3.1025,-0.7955,121.0500,5.5000,,22.0091,10.0,20.0,30.0,40.0,50.0,140.0002,12.0,0.0,2.5,7.000008,1.100455,23,56,16,2,0E-8,-0.02562990,,0E-8,0.000000,0.928955,0.000000,,2026-04-30,2026-06-25,20,78,72,57,0.350877,,,0.000000,,,,,,,,GLOBAL_BASELINE_NO_ENTITY_RANKING,,,NOT_APPLICABLE_GLOBAL_BASELINE,HF9g-P5,,,,X 全窗基线 · 不参与实体赏罚,3923595,393,A168_HF9F_20260827_0900,2026-08-27 09:00:00
2026-05-04,124388107,462,0,6.0000000000,-6.0000000000,-6.0000000000,0E-7,1,1,0.49324550000000000,0.493245500000,-0.9865810262130424,-0.9865810262130424,-0.9865810262130424,0E-17,ELIGIBLE,R03b_20260811_FULL_v1,L1_ELIGIBILITY,v2026-08-11,2026-03-21..2026-08-06,baccarat_bet02_101_all_pairs_incl_sentinel,round_win = game_pnl > 0 (decisive only),COMPATIBILITY_ONLY_NOT_PRODUCTION,2421.0000,2249.0000,-62.0500,110,110,0.02562990,,0.02562990,0.02562990,62.0500,2421.0000,OK,0.0000,-2.4820,4.0000,96.0000,AG03-UNRESOLVED,ALL5_LEVELS_bet23_to_bet27,-2.4820,-2.4820,-2.4820,-2.4820,-2.4820,4.000000,4.000000,4.000000,4.000000,4.000000,96.000000,96.000000,96.000000,96.000000,96.000000,5.0,-12.4100,-11.4561,-49.6400,-50.5939,PENDING_AG03,FALSE,NOT_FOR_ENFORCEMENT,-59.5680,2159.0400,-62.0500,-59.5680,-2.4820,-0.02562990,-0.02460471,-2.4820,-59.5680,-0.02460471,-2.4820,-2.4820,-2.4820,-2.4820,-2.4820,-59.5680,-0.02460471,-12.4100,-11.4561,-49.6400,-50.5939,-0.02050392,-0.02089792,-0.00102520,22.0091,20.4455,-0.5641,-3.1025,-0.7955,121.0500,5.5000,,22.0091,10.0,20.0,30.0,40.0,50.0,140.0002,12.0,0.0,2.5,7.000008,1.100455,23,56,16,2,0E-8,-0.02562990,,0E-8,0.000000,0.928955,0.000000,,2026-04-30,2026-06-25,20,78,72,57,0.350877,,,0.000000,,,,,,,,GLOBAL_BASELINE_NO_ENTITY_RANKING,,,NOT_APPLICABLE_GLOBAL_BASELINE,HF9g-P5,,,,X 全窗基线 · 不参与实体赏罚,3923596,393,A168_HF9F_20260827_0900,2026-08-27 09:00:00
2026-05-04,124388107,948,0,10.0000000000,-10.0000000000,-10.0000000000,0E-7,1,1,0.49324550000000000,0.493245500000,-0.9865810262130424,-0.9865810262130424,-0.9865810262130424,0E-17,ELIGIBLE,R03b_20260811_FULL_v1,L1_ELIGIBILITY,v2026-08-11,2026-03-21..2026-08-06,baccarat_bet02_101_all_pairs_incl_sentinel,round_win = game_pnl > 0 (decisive only),COMPATIBILITY_ONLY_NOT_PRODUCTION,2421.0000,2249.0000,-62.0500,110,110,0.02562990,,0.02562990,0.02562990,62.0500,2421.0000,OK,0.0000,-2.4820,4.0000,96.0000,AG03-UNRESOLVED,ALL5_LEVELS_bet23_to_bet27,-2.4820,-2.4820,-2.4820,-2.4820,-2.4820,4.000000,4.000000,4.000000,4.000000,4.000000,96.000000,96.000000,96.000000,96.000000,96.000000,5.0,-12.4100,-11.4561,-49.6400,-50.5939,PENDING_AG03,FALSE,NOT_FOR_ENFORCEMENT,-59.5680,2159.0400,-62.0500,-59.5680,-2.4820,-0.02562990,-0.02460471,-2.4820,-59.5680,-0.02460471,-2.4820,-2.4820,-2.4820,-2.4820,-2.4820,-59.5680,-0.02460471,-12.4100,-11.4561,-49.6400,-50.5939,-0.02050392,-0.02089792,-0.00102520,22.0091,20.4455,-0.5641,-3.1025,-0.7955,121.0500,5.5000,,22.0091,10.0,20.0,30.0,40.0,50.0,140.0002,12.0,0.0,2.5,7.000008,1.100455,23,56,16,2,0E-8,-0.02562990,,0E-8,0.000000,0.928955,0.000000,,2026-04-30,2026-06-25,20,78,72,57,0.350877,,,0.000000,,,,,,,,GLOBAL_BASELINE_NO_ENTITY_RANKING,,,NOT_APPLICABLE_GLOBAL_BASELINE,HF9g-P5,,,,X 全窗基线 · 不参与实体赏罚,3923597,393,A168_HF9F_20260827_0900,2026-08-27 09:00:00
2026-05-04,124388107,994,0,10.0000000000,-10.0000000000,-10.0000000000,0E-7,1,1,0.50665070000000000,0.506650700000,-1.013391052207602,-1.013391052207602,-1.013391052207602,0E-17,ELIGIBLE,R03b_20260811_FULL_v1,L1_ELIGIBILITY,v2026-08-11,2026-03-21..2026-08-06,baccarat_bet02_101_all_pairs_incl_sentinel,round_win = game_pnl > 0 (decisive only),COMPATIBILITY_ONLY_NOT_PRODUCTION,2421.0000,2249.0000,-62.0500,110,110,0.02562990,,0.02562990,0.02562990,62.0500,2421.0000,OK,0.0000,-2.4820,4.0000,96.0000,AG03-UNRESOLVED,ALL5_LEVELS_bet23_to_bet27,-2.4820,-2.4820,-2.4820,-2.4820,-2.4820,4.000000,4.000000,4.000000,4.000000,4.000000,96.000000,96.000000,96.000000,96.000000,96.000000,5.0,-12.4100,-11.4561,-49.6400,-50.5939,PENDING_AG03,FALSE,NOT_FOR_ENFORCEMENT,-59.5680,2159.0400,-62.0500,-59.5680,-2.4820,-0.02562990,-0.02460471,-2.4820,-59.5680,-0.02460471,-2.4820,-2.4820,-2.4820,-2.4820,-2.4820,-59.5680,-0.02460471,-12.4100,-11.4561,-49.6400,-50.5939,-0.02050392,-0.02089792,-0.00102520,22.0091,20.4455,-0.5641,-3.1025,-0.7955,121.0500,5.5000,,22.0091,10.0,20.0,30.0,40.0,50.0,140.0002,12.0,0.0,2.5,7.000008,1.100455,23,56,16,2,0E-8,-0.02562990,,0E-8,0.000000,0.928955,0.000000,,2026-04-30,2026-06-25,20,78,72,57,0.350877,,,0.000000,,,,,,,,GLOBAL_BASELINE_NO_ENTITY_RANKING,,,NOT_APPLICABLE_GLOBAL_BASELINE,HF9g-P5,,,,X 全窗基线 · 不参与实体赏罚,3923598,393,A168_HF9F_20260827_0900,2026-08-27 09:00:00
2026-05-05,124388107,1185,0,40.0000000000,-40.0000000000,-40.0000000000,0E-7,2,2,0.49324550000000000,0.493245500000,-1.3952362676504506,-1.3952362676504506,-1.3952362676504506,0E-17,ELIGIBLE,R03b_20260811_FULL_v1,L1_ELIGIBILITY,v2026-08-11,2026-03-21..2026-08-06,baccarat_bet02_101_all_pairs_incl_sentinel,round_win = game_pnl > 0 (decisive only),COMPATIBILITY_ONLY_NOT_PRODUCTION,2421.0000,2249.0000,-62.0500,110,110,0.02562990,,0.02562990,0.02562990,62.0500,2421.0000,OK,0.0000,-2.4820,4.0000,96.0000,AG03-UNRESOLVED,ALL5_LEVELS_bet23_to_bet27,-2.4820,-2.4820,-2.4820,-2.4820,-2.4820,4.000000,4.000000,4.000000,4.000000,4.000000,96.000000,96.000000,96.000000,96.000000,96.000000,5.0,-12.4100,-11.4561,-49.6400,-50.5939,PENDING_AG03,FALSE,NOT_FOR_ENFORCEMENT,-59.5680,2159.0400,-62.0500,-59.5680,-2.4820,-0.02562990,-0.02460471,-2.4820,-59.5680,-0.02460471,-2.4820,-2.4820,-2.4820,-2.4820,-2.4820,-59.5680,-0.02460471,-12.4100,-11.4561,-49.6400,-50.5939,-0.02050392,-0.02089792,-0.00102520,22.0091,20.4455,-0.5641,-3.1025,-0.7955,121.0500,5.5000,,22.0091,10.0,20.0,30.0,40.0,50.0,140.0002,12.0,0.0,2.5,7.000008,1.100455,23,56,16,2,0E-8,-0.02562990,,0E-8,0.000000,0.928955,0.000000,,2026-04-30,2026-06-25,20,78,72,57,0.350877,,,0.000000,,,,,,,,GLOBAL_BASELINE_NO_ENTITY_RANKING,,,NOT_APPLICABLE_GLOBAL_BASELINE,HF9g-P5,,,,X 全窗基线 · 不参与实体赏罚,3923599,393,A168_HF9F_20260827_0900,2026-08-27 09:00:00
2026-05-05,124388107,1210,0,20.0000000000,-20.0000000000,-20.0000000000,0E-7,1,1,0.49324550000000000,0.493245500000,-0.9865810262130424,-0.9865810262130424,-0.9865810262130424,0E-17,ELIGIBLE,R03b_20260811_FULL_v1,L1_ELIGIBILITY,v2026-08-11,2026-03-21..2026-08-06,baccarat_bet02_101_all_pairs_incl_sentinel,round_win = game_pnl > 0 (decisive only),COMPATIBILITY_ONLY_NOT_PRODUCTION,2421.0000,2249.0000,-62.0500,110,110,0.02562990,,0.02562990,0.02562990,62.0500,2421.0000,OK,0.0000,-2.4820,4.0000,96.0000,AG03-UNRESOLVED,ALL5_LEVELS_bet23_to_bet27,-2.4820,-2.4820,-2.4820,-2.4820,-2.4820,4.000000,4.000000,4.000000,4.000000,4.000000,96.000000,96.000000,96.000000,96.000000,96.000000,5.0,-12.4100,-11.4561,-49.6400,-50.5939,PENDING_AG03,FALSE,NOT_FOR_ENFORCEMENT,-59.5680,2159.0400,-62.0500,-59.5680,-2.4820,-0.02562990,-0.02460471,-2.4820,-59.5680,-0.02460471,-2.4820,-2.4820,-2.4820,-2.4820,-2.4820,-59.5680,-0.02460471,-12.4100,-11.4561,-49.6400,-50.5939,-0.02050392,-0.02089792,-0.00102520,22.0091,20.4455,-0.5641,-3.1025,-0.7955,121.0500,5.5000,,22.0091,10.0,20.0,30.0,40.0,50.0,140.0002,12.0,0.0,2.5,7.000008,1.100455,23,56,16,2,0E-8,-0.02562990,,0E-8,0.000000,0.928955,0.000000,,2026-04-30,2026-06-25,20,78,72,57,0.350877,,,0.000000,,,,,,,,GLOBAL_BASELINE_NO_ENTITY_RANKING,,,NOT_APPLICABLE_GLOBAL_BASELINE,HF9g-P5,,,,X 全窗基线 · 不参与实体赏罚,3923600,393,A168_HF9F_20260827_0900,2026-08-27 09:00:00
2026-05-05,124388107,1623,0,20.0000000000,-20.0000000000,-20.0000000000,0E-7,1,1,0.49324550000000000,0.493245500000,-0.9865810262130424,-0.9865810262130424,-0.9865810262130424,0E-17,ELIGIBLE,R03b_20260811_FULL_v1,L1_ELIGIBILITY,v2026-08-11,2026-03-21..2026-08-06,baccarat_bet02_101_all_pairs_incl_sentinel,round_win = game_pnl > 0 (decisive only),COMPATIBILITY_ONLY_NOT_PRODUCTION,2421.0000,2249.0000,-62.0500,110,110,0.02562990,,0.02562990,0.02562990,62.0500,2421.0000,OK,0.0000,-2.4820,4.0000,96.0000,AG03-UNRESOLVED,ALL5_LEVELS_bet23_to_bet27,-2.4820,-2.4820,-2.4820,-2.4820,-2.4820,4.000000,4.000000,4.000000,4.000000,4.000000,96.000000,96.000000,96.000000,96.000000,96.000000,5.0,-12.4100,-11.4561,-49.6400,-50.5939,PENDING_AG03,FALSE,NOT_FOR_ENFORCEMENT,-59.5680,2159.0400,-62.0500,-59.5680,-2.4820,-0.02562990,-0.02460471,-2.4820,-59.5680,-0.02460471,-2.4820,-2.4820,-2.4820,-2.4820,-2.4820,-59.5680,-0.02460471,-12.4100,-11.4561,-49.6400,-50.5939,-0.02050392,-0.02089792,-0.00102520,22.0091,20.4455,-0.5641,-3.1025,-0.7955,121.0500,5.5000,,22.0091,10.0,20.0,30.0,40.0,50.0,140.0002,12.0,0.0,2.5,7.000008,1.100455,23,56,16,2,0E-8,-0.02562990,,0E-8,0.000000,0.928955,0.000000,,2026-04-30,2026-06-25,20,78,72,57,0.350877,,,0.000000,,,,,,,,GLOBAL_BASELINE_NO_ENTITY_RANKING,,,NOT_APPLICABLE_GLOBAL_BASELINE,HF9g-P5,,,,X 全窗基线 · 不参与实体赏罚,3923601,393,A168_HF9F_20260827_0900,2026-08-27 09:00:00
2026-05-05,124388107,1704,0,5.0000000000,-5.0000000000,-5.0000000000,0E-7,1,1,0.49324550000000000,0.493245500000,-0.9865810262130424,-0.9865810262130424,-0.9865810262130424,0E-17,ELIGIBLE,R03b_20260811_FULL_v1,L1_ELIGIBILITY,v2026-08-11,2026-03-21..2026-08-06,baccarat_bet02_101_all_pairs_incl_sentinel,round_win = game_pnl > 0 (decisive only),COMPATIBILITY_ONLY_NOT_PRODUCTION,2421.0000,2249.0000,-62.0500,110,110,0.02562990,,0.02562990,0.02562990,62.0500,2421.0000,OK,0.0000,-2.4820,4.0000,96.0000,AG03-UNRESOLVED,ALL5_LEVELS_bet23_to_bet27,-2.4820,-2.4820,-2.4820,-2.4820,-2.4820,4.000000,4.000000,4.000000,4.000000,4.000000,96.000000,96.000000,96.000000,96.000000,96.000000,5.0,-12.4100,-11.4561,-49.6400,-50.5939,PENDING_AG03,FALSE,NOT_FOR_ENFORCEMENT,-59.5680,2159.0400,-62.0500,-59.5680,-2.4820,-0.02562990,-0.02460471,-2.4820,-59.5680,-0.02460471,-2.4820,-2.4820,-2.4820,-2.4820,-2.4820,-59.5680,-0.02460471,-12.4100,-11.4561,-49.6400,-50.5939,-0.02050392,-0.02089792,-0.00102520,22.0091,20.4455,-0.5641,-3.1025,-0.7955,121.0500,5.5000,,22.0091,10.0,20.0,30.0,40.0,50.0,140.0002,12.0,0.0,2.5,7.000008,1.100455,23,56,16,2,0E-8,-0.02562990,,0E-8,0.000000,0.928955,0.000000,,2026-04-30,2026-06-25,20,78,72,57,0.350877,,,0.000000,,,,,,,,GLOBAL_BASELINE_NO_ENTITY_RANKING,,,NOT_APPLICABLE_GLOBAL_BASELINE,HF9g-P5,,,,X 全窗基线 · 不参与实体赏罚,3923602,393,A168_HF9F_20260827_0900,2026-08-27 09:00:00
2026-05-05,124388107,1994,0,14.0000000000,-7.0000000000,-7.0000000000,0E-7,2,2,0.49324550000000000,0.493245500000,-0.9865810262130424,-0.9865810262130424,-0.9865810262130424,0E-17,ELIGIBLE,R03b_20260811_FULL_v1,L1_ELIGIBILITY,v2026-08-11,2026-03-21..2026-08-06,baccarat_bet02_101_all_pairs_incl_sentinel,round_win = game_pnl > 0 (decisive only),COMPATIBILITY_ONLY_NOT_PRODUCTION,2421.0000,2249.0000,-62.0500,110,110,0.02562990,,0.02562990,0.02562990,62.0500,2421.0000,OK,0.0000,-2.4820,4.0000,96.0000,AG03-UNRESOLVED,ALL5_LEVELS_bet23_to_bet27,-2.4820,-2.4820,-2.4820,-2.4820,-2.4820,4.000000,4.000000,4.000000,4.000000,4.000000,96.000000,96.000000,96.000000,96.000000,96.000000,5.0,-12.4100,-11.4561,-49.6400,-50.5939,PENDING_AG03,FALSE,NOT_FOR_ENFORCEMENT,-59.5680,2159.0400,-62.0500,-59.5680,-2.4820,-0.02562990,-0.02460471,-2.4820,-59.5680,-0.02460471,-2.4820,-2.4820,-2.4820,-2.4820,-2.4820,-59.5680,-0.02460471,-12.4100,-11.4561,-49.6400,-50.5939,-0.02050392,-0.02089792,-0.00102520,22.0091,20.4455,-0.5641,-3.1025,-0.7955,121.0500,5.5000,,22.0091,10.0,20.0,30.0,40.0,50.0,140.0002,12.0,0.0,2.5,7.000008,1.100455,23,56,16,2,0E-8,-0.02562990,,0E-8,0.000000,0.928955,0.000000,,2026-04-30,2026-06-25,20,78,72,57,0.350877,,,0.000000,,,,,,,,GLOBAL_BASELINE_NO_ENTITY_RANKING,,,NOT_APPLICABLE_GLOBAL_BASELINE,HF9g-P5,,,,X 全窗基线 · 不参与实体赏罚,3923603,393,A168_HF9F_20260827_0900,2026-08-27 09:00:00
2026-05-05,124388107,2093,0,48.0000000000,-32.0000000000,-32.0000000000,0.5000000,2,2,0.49324550000000000,0.493245500000,0.01910635448239258,0.01910635448239258,0.01910635448239258,0E-17,ELIGIBLE,R03b_20260811_FULL_v1,L1_ELIGIBILITY,v2026-08-11,2026-03-21..2026-08-06,baccarat_bet02_101_all_pairs_incl_sentinel,round_win = game_pnl > 0 (decisive only),COMPATIBILITY_ONLY_NOT_PRODUCTION,2421.0000,2249.0000,-62.0500,110,110,0.02562990,,0.02562990,0.02562990,62.0500,2421.0000,OK,0.0000,-2.4820,4.0000,96.0000,AG03-UNRESOLVED,ALL5_LEVELS_bet23_to_bet27,-2.4820,-2.4820,-2.4820,-2.4820,-2.4820,4.000000,4.000000,4.000000,4.000000,4.000000,96.000000,96.000000,96.000000,96.000000,96.000000,5.0,-12.4100,-11.4561,-49.6400,-50.5939,PENDING_AG03,FALSE,NOT_FOR_ENFORCEMENT,-59.5680,2159.0400,-62.0500,-59.5680,-2.4820,-0.02562990,-0.02460471,-2.4820,-59.5680,-0.02460471,-2.4820,-2.4820,-2.4820,-2.4820,-2.4820,-59.5680,-0.02460471,-12.4100,-11.4561,-49.6400,-50.5939,-0.02050392,-0.02089792,-0.00102520,22.0091,20.4455,-0.5641,-3.1025,-0.7955,121.0500,5.5000,,22.0091,10.0,20.0,30.0,40.0,50.0,140.0002,12.0,0.0,2.5,7.000008,1.100455,23,56,16,2,0E-8,-0.02562990,,0E-8,0.000000,0.928955,0.000000,,2026-04-30,2026-06-25,20,78,72,57,0.350877,,,0.000000,,,,,,,,GLOBAL_BASELINE_NO_ENTITY_RANKING,,,NOT_APPLICABLE_GLOBAL_BASELINE,HF9g-P5,,,,X 全窗基线 · 不参与实体赏罚,3923604,393,A168_HF9F_20260827_0900,2026-08-27 09:00:00
2026-05-05,124388107,2106,0,42.0000000000,30.0000000000,30.0000000000,0.6666667,3,3,0.49324550000000000,0.493245500000,0.6008033672792107,0.6008033672792106,0.6008033672792107,0E-17,ELIGIBLE,R03b_20260811_FULL_v1,L1_ELIGIBILITY,v2026-08-11,2026-03-21..2026-08-06,baccarat_bet02_101_all_pairs_incl_sentinel,round_win = game_pnl > 0 (decisive only),COMPATIBILITY_ONLY_NOT_PRODUCTION,2421.0000,2249.0000,-62.0500,110,110,0.02562990,,0.02562990,0.02562990,62.0500,2421.0000,OK,0.0000,-2.4820,4.0000,96.0000,AG03-UNRESOLVED,ALL5_LEVELS_bet23_to_bet27,-2.4820,-2.4820,-2.4820,-2.4820,-2.4820,4.000000,4.000000,4.000000,4.000000,4.000000,96.000000,96.000000,96.000000,96.000000,96.000000,5.0,-12.4100,-11.4561,-49.6400,-50.5939,PENDING_AG03,FALSE,NOT_FOR_ENFORCEMENT,-59.5680,2159.0400,-62.0500,-59.5680,-2.4820,-0.02562990,-0.02460471,-2.4820,-59.5680,-0.02460471,-2.4820,-2.4820,-2.4820,-2.4820,-2.4820,-59.5680,-0.02460471,-12.4100,-11.4561,-49.6400,-50.5939,-0.02050392,-0.02089792,-0.00102520,22.0091,20.4455,-0.5641,-3.1025,-0.7955,121.0500,5.5000,,22.0091,10.0,20.0,30.0,40.0,50.0,140.0002,12.0,0.0,2.5,7.000008,1.100455,23,56,16,2,0E-8,-0.02562990,,0E-8,0.000000,0.928955,0.000000,,2026-04-30,2026-06-25,20,78,72,57,0.350877,,,0.000000,,,,,,,,GLOBAL_BASELINE_NO_ENTITY_RANKING,,,NOT_APPLICABLE_GLOBAL_BASELINE,HF9g-P5,,,,X 全窗基线 · 不参与实体赏罚,3923605,393,A168_HF9F_20260827_0900,2026-08-27 09:00:00
2026-05-05,124388107,2129,0,40.0000000000,-40.0000000000,-40.0000000000,0E-7,1,1,0.49324550000000000,0.493245500000,-0.9865810262130424,-0.9865810262130424,-0.9865810262130424,0E-17,ELIGIBLE,R03b_20260811_FULL_v1,L1_ELIGIBILITY,v2026-08-11,2026-03-21..2026-08-06,baccarat_bet02_101_all_pairs_incl_sentinel,round_win = game_pnl > 0 (decisive only),COMPATIBILITY_ONLY_NOT_PRODUCTION,2421.0000,2249.0000,-62.0500,110,110,0.02562990,,0.02562990,0.02562990,62.0500,2421.0000,OK,0.0000,-2.4820,4.0000,96.0000,AG03-UNRESOLVED,ALL5_LEVELS_bet23_to_bet27,-2.4820,-2.4820,-2.4820,-2.4820,-2.4820,4.000000,4.000000,4.000000,4.000000,4.000000,96.000000,96.000000,96.000000,96.000000,96.000000,5.0,-12.4100,-11.4561,-49.6400,-50.5939,PENDING_AG03,FALSE,NOT_FOR_ENFORCEMENT,-59.5680,2159.0400,-62.0500,-59.5680,-2.4820,-0.02562990,-0.02460471,-2.4820,-59.5680,-0.02460471,-2.4820,-2.4820,-2.4820,-2.4820,-2.4820,-59.5680,-0.02460471,-12.4100,-11.4561,-49.6400,-50.5939,-0.02050392,-0.02089792,-0.00102520,22.0091,20.4455,-0.5641,-3.1025,-0.7955,121.0500,5.5000,,22.0091,10.0,20.0,30.0,40.0,50.0,140.0002,12.0,0.0,2.5,7.000008,1.100455,23,56,16,2,0E-8,-0.02562990,,0E-8,0.000000,0.928955,0.000000,,2026-04-30,2026-06-25,20,78,72,57,0.350877,,,0.000000,,,,,,,,GLOBAL_BASELINE_NO_ENTITY_RANKING,,,NOT_APPLICABLE_GLOBAL_BASELINE,HF9g-P5,,,,X 全窗基线 · 不参与实体赏罚,3923606,393,A168_HF9F_20260827_0900,2026-08-27 09:00:00
2026-05-05,124388107,2156,0,10.0000000000,-10.0000000000,-10.0000000000,0E-7,1,1,0.49324550000000000,0.493245500000,-0.9865810262130424,-0.9865810262130424,-0.9865810262130424,0E-17,ELIGIBLE,R03b_20260811_FULL_v1,L1_ELIGIBILITY,v2026-08-11,2026-03-21..2026-08-06,baccarat_bet02_101_all_pairs_incl_sentinel,round_win = game_pnl > 0 (decisive only),COMPATIBILITY_ONLY_NOT_PRODUCTION,2421.0000,2249.0000,-62.0500,110,110,0.02562990,,0.02562990,0.02562990,62.0500,2421.0000,OK,0.0000,-2.4820,4.0000,96.0000,AG03-UNRESOLVED,ALL5_LEVELS_bet23_to_bet27,-2.4820,-2.4820,-2.4820,-2.4820,-2.4820,4.000000,4.000000,4.000000,4.000000,4.000000,96.000000,96.000000,96.000000,96.000000,96.000000,5.0,-12.4100,-11.4561,-49.6400,-50.5939,PENDING_AG03,FALSE,NOT_FOR_ENFORCEMENT,-59.5680,2159.0400,-62.0500,-59.5680,-2.4820,-0.02562990,-0.02460471,-2.4820,-59.5680,-0.02460471,-2.4820,-2.4820,-2.4820,-2.4820,-2.4820,-59.5680,-0.02460471,-12.4100,-11.4561,-49.6400,-50.5939,-0.02050392,-0.02089792,-0.00102520,22.0091,20.4455,-0.5641,-3.1025,-0.7955,121.0500,5.5000,,22.0091,10.0,20.0,30.0,40.0,50.0,140.0002,12.0,0.0,2.5,7.000008,1.100455,23,56,16,2,0E-8,-0.02562990,,0E-8,0.000000,0.928955,0.000000,,2026-04-30,2026-06-25,20,78,72,57,0.350877,,,0.000000,,,,,,,,GLOBAL_BASELINE_NO_ENTITY_RANKING,,,NOT_APPLICABLE_GLOBAL_BASELINE,HF9g-P5,,,,X 全窗基线 · 不参与实体赏罚,3923607,393,A168_HF9F_20260827_0900,2026-08-27 09:00:00
2026-05-05,124388107,2254,0,20.0000000000,0E-10,0E-10,,1,1,0.50665070000000000,0.506650700000,,,,0E-17,NO_DECISIVE_ROUND,R03b_20260811_FULL_v1,L1_ELIGIBILITY,v2026-08-11,2026-03-21..2026-08-06,baccarat_bet02_101_all_pairs_incl_sentinel,round_win = game_pnl > 0 (decisive only),COMPATIBILITY_ONLY_NOT_PRODUCTION,2421.0000,2249.0000,-62.0500,110,110,0.02562990,,0.02562990,0.02562990,62.0500,2421.0000,OK,0.0000,-2.4820,4.0000,96.0000,AG03-UNRESOLVED,ALL5_LEVELS_bet23_to_bet27,-2.4820,-2.4820,-2.4820,-2.4820,-2.4820,4.000000,4.000000,4.000000,4.000000,4.000000,96.000000,96.000000,96.000000,96.000000,96.000000,5.0,-12.4100,-11.4561,-49.6400,-50.5939,PENDING_AG03,FALSE,NOT_FOR_ENFORCEMENT,-59.5680,2159.0400,-62.0500,-59.5680,-2.4820,-0.02562990,-0.02460471,-2.4820,-59.5680,-0.02460471,-2.4820,-2.4820,-2.4820,-2.4820,-2.4820,-59.5680,-0.02460471,-12.4100,-11.4561,-49.6400,-50.5939,-0.02050392,-0.02089792,-0.00102520,22.0091,20.4455,-0.5641,-3.1025,-0.7955,121.0500,5.5000,,22.0091,10.0,20.0,30.0,40.0,50.0,140.0002,12.0,0.0,2.5,7.000008,1.100455,23,56,16,2,0E-8,-0.02562990,,0E-8,0.000000,0.928955,0.000000,,2026-04-30,2026-06-25,20,78,72,57,0.350877,,,0.000000,,,,,,,,GLOBAL_BASELINE_NO_ENTITY_RANKING,,,NOT_APPLICABLE_GLOBAL_BASELINE,HF9g-P5,,,,X 全窗基线 · 不参与实体赏罚,3923608,393,A168_HF9F_20260827_0900,2026-08-27 09:00:00
2026-05-05,124388107,583,0,11.0000000000,-11.0000000000,-11.0000000000,0E-7,1,1,0.49324550000000000,0.493245500000,-0.9865810262130424,-0.9865810262130424,-0.9865810262130424,0E-17,ELIGIBLE,R03b_20260811_FULL_v1,L1_ELIGIBILITY,v2026-08-11,2026-03-21..2026-08-06,baccarat_bet02_101_all_pairs_incl_sentinel,round_win = game_pnl > 0 (decisive only),COMPATIBILITY_ONLY_NOT_PRODUCTION,2421.0000,2249.0000,-62.0500,110,110,0.02562990,,0.02562990,0.02562990,62.0500,2421.0000,OK,0.0000,-2.4820,4.0000,96.0000,AG03-UNRESOLVED,ALL5_LEVELS_bet23_to_bet27,-2.4820,-2.4820,-2.4820,-2.4820,-2.4820,4.000000,4.000000,4.000000,4.000000,4.000000,96.000000,96.000000,96.000000,96.000000,96.000000,5.0,-12.4100,-11.4561,-49.6400,-50.5939,PENDING_AG03,FALSE,NOT_FOR_ENFORCEMENT,-59.5680,2159.0400,-62.0500,-59.5680,-2.4820,-0.02562990,-0.02460471,-2.4820,-59.5680,-0.02460471,-2.4820,-2.4820,-2.4820,-2.4820,-2.4820,-59.5680,-0.02460471,-12.4100,-11.4561,-49.6400,-50.5939,-0.02050392,-0.02089792,-0.00102520,22.0091,20.4455,-0.5641,-3.1025,-0.7955,121.0500,5.5000,,22.0091,10.0,20.0,30.0,40.0,50.0,140.0002,12.0,0.0,2.5,7.000008,1.100455,23,56,16,2,0E-8,-0.02562990,,0E-8,0.000000,0.928955,0.000000,,2026-04-30,2026-06-25,20,78,72,57,0.350877,,,0.000000,,,,,,,,GLOBAL_BASELINE_NO_ENTITY_RANKING,,,NOT_APPLICABLE_GLOBAL_BASELINE,HF9g-P5,,,,X 全窗基线 · 不参与实体赏罚,3923609,393,A168_HF9F_20260827_0900,2026-08-27 09:00:00
2026-05-06,124388107,2142,0,5.0000000000,-5.0000000000,-5.0000000000,0E-7,1,1,0.49324550000000000,0.493245500000,-0.9865810262130424,-0.9865810262130424,-0.9865810262130424,0E-17,ELIGIBLE,R03b_20260811_FULL_v1,L1_ELIGIBILITY,v2026-08-11,2026-03-21..2026-08-06,baccarat_bet02_101_all_pairs_incl_sentinel,round_win = game_pnl > 0 (decisive only),COMPATIBILITY_ONLY_NOT_PRODUCTION,2421.0000,2249.0000,-62.0500,110,110,0.02562990,,0.02562990,0.02562990,62.0500,2421.0000,OK,0.0000,-2.4820,4.0000,96.0000,AG03-UNRESOLVED,ALL5_LEVELS_bet23_to_bet27,-2.4820,-2.4820,-2.4820,-2.4820,-2.4820,4.000000,4.000000,4.000000,4.000000,4.000000,96.000000,96.000000,96.000000,96.000000,96.000000,5.0,-12.4100,-11.4561,-49.6400,-50.5939,PENDING_AG03,FALSE,NOT_FOR_ENFORCEMENT,-59.5680,2159.0400,-62.0500,-59.5680,-2.4820,-0.02562990,-0.02460471,-2.4820,-59.5680,-0.02460471,-2.4820,-2.4820,-2.4820,-2.4820,-2.4820,-59.5680,-0.02460471,-12.4100,-11.4561,-49.6400,-50.5939,-0.02050392,-0.02089792,-0.00102520,22.0091,20.4455,-0.5641,-3.1025,-0.7955,121.0500,5.5000,,22.0091,10.0,20.0,30.0,40.0,50.0,140.0002,12.0,0.0,2.5,7.000008,1.100455,23,56,16,2,0E-8,-0.02562990,,0E-8,0.000000,0.928955,0.000000,,2026-04-30,2026-06-25,20,78,72,57,0.350877,,,0.000000,,,,,,,,GLOBAL_BASELINE_NO_ENTITY_RANKING,,,NOT_APPLICABLE_GLOBAL_BASELINE,HF9g-P5,,,,X 全窗基线 · 不参与实体赏罚,3923610,393,A168_HF9F_20260827_0900,2026-08-27 09:00:00
2026-05-11,124388107,-1,1,5.0000000000,-5.0000000000,-5.0000000000,0E-7,1,1,0.49324550000000000,0.493245500000,-0.9865810262130424,-0.9865810262130424,-0.9865810262130424,0E-17,SENTINEL_DEALER,R03b_20260811_FULL_v1,L1_ELIGIBILITY,v2026-08-11,2026-03-21..2026-08-06,baccarat_bet02_101_all_pairs_incl_sentinel,round_win = game_pnl > 0 (decisive only),COMPATIBILITY_ONLY_NOT_PRODUCTION,2421.0000,2249.0000,-62.0500,110,110,0.02562990,,0.02562990,0.02562990,62.0500,2421.0000,OK,0.0000,-2.4820,4.0000,96.0000,AG03-UNRESOLVED,ALL5_LEVELS_bet23_to_bet27,-2.4820,-2.4820,-2.4820,-2.4820,-2.4820,4.000000,4.000000,4.000000,4.000000,4.000000,96.000000,96.000000,96.000000,96.000000,96.000000,5.0,-12.4100,-11.4561,-49.6400,-50.5939,PENDING_AG03,FALSE,NOT_FOR_ENFORCEMENT,-59.5680,2159.0400,-62.0500,-59.5680,-2.4820,-0.02562990,-0.02460471,-2.4820,-59.5680,-0.02460471,-2.4820,-2.4820,-2.4820,-2.4820,-2.4820,-59.5680,-0.02460471,-12.4100,-11.4561,-49.6400,-50.5939,-0.02050392,-0.02089792,-0.00102520,22.0091,20.4455,-0.5641,-3.1025,-0.7955,121.0500,5.5000,,22.0091,10.0,20.0,30.0,40.0,50.0,140.0002,12.0,0.0,2.5,7.000008,1.100455,23,56,16,2,0E-8,-0.02562990,,0E-8,0.000000,0.928955,0.000000,,2026-04-30,2026-06-25,20,78,72,57,0.350877,,,0.000000,,,,,,,,GLOBAL_BASELINE_NO_ENTITY_RANKING,,,NOT_APPLICABLE_GLOBAL_BASELINE,HF9g-P5,,,,X 全窗基线 · 不参与实体赏罚,3923611,393,A168_HF9F_20260827_0900,2026-08-27 09:00:00
2026-05-15,124388107,1485,0,5.0000000000,-5.0000000000,-5.0000000000,0E-7,1,1,0.49324550000000000,0.493245500000,-0.9865810262130424,-0.9865810262130424,-0.9865810262130424,0E-17,ELIGIBLE,R03b_20260811_FULL_v1,L1_ELIGIBILITY,v2026-08-11,2026-03-21..2026-08-06,baccarat_bet02_101_all_pairs_incl_sentinel,round_win = game_pnl > 0 (decisive only),COMPATIBILITY_ONLY_NOT_PRODUCTION,2421.0000,2249.0000,-62.0500,110,110,0.02562990,,0.02562990,0.02562990,62.0500,2421.0000,OK,0.0000,-2.4820,4.0000,96.0000,AG03-UNRESOLVED,ALL5_LEVELS_bet23_to_bet27,-2.4820,-2.4820,-2.4820,-2.4820,-2.4820,4.000000,4.000000,4.000000,4.000000,4.000000,96.000000,96.000000,96.000000,96.000000,96.000000,5.0,-12.4100,-11.4561,-49.6400,-50.5939,PENDING_AG03,FALSE,NOT_FOR_ENFORCEMENT,-59.5680,2159.0400,-62.0500,-59.5680,-2.4820,-0.02562990,-0.02460471,-2.4820,-59.5680,-0.02460471,-2.4820,-2.4820,-2.4820,-2.4820,-2.4820,-59.5680,-0.02460471,-12.4100,-11.4561,-49.6400,-50.5939,-0.02050392,-0.02089792,-0.00102520,22.0091,20.4455,-0.5641,-3.1025,-0.7955,121.0500,5.5000,,22.0091,10.0,20.0,30.0,40.0,50.0,140.0002,12.0,0.0,2.5,7.000008,1.100455,23,56,16,2,0E-8,-0.02562990,,0E-8,0.000000,0.928955,0.000000,,2026-04-30,2026-06-25,20,78,72,57,0.350877,,,0.000000,,,,,,,,GLOBAL_BASELINE_NO_ENTITY_RANKING,,,NOT_APPLICABLE_GLOBAL_BASELINE,HF9g-P5,,,,X 全窗基线 · 不参与实体赏罚,3923612,393,A168_HF9F_20260827_0900,2026-08-27 09:00:00
2026-05-25,124388107,-1,1,6.0000000000,-6.0000000000,-6.0000000000,0E-7,1,1,0.49324550000000000,0.493245500000,-0.9865810262130424,-0.9865810262130424,-0.9865810262130424,0E-17,SENTINEL_DEALER,R03b_20260811_FULL_v1,L1_ELIGIBILITY,v2026-08-11,2026-03-21..2026-08-06,baccarat_bet02_101_all_pairs_incl_sentinel,round_win = game_pnl > 0 (decisive only),COMPATIBILITY_ONLY_NOT_PRODUCTION,2421.0000,2249.0000,-62.0500,110,110,0.02562990,,0.02562990,0.02562990,62.0500,2421.0000,OK,0.0000,-2.4820,4.0000,96.0000,AG03-UNRESOLVED,ALL5_LEVELS_bet23_to_bet27,-2.4820,-2.4820,-2.4820,-2.4820,-2.4820,4.000000,4.000000,4.000000,4.000000,4.000000,96.000000,96.000000,96.000000,96.000000,96.000000,5.0,-12.4100,-11.4561,-49.6400,-50.5939,PENDING_AG03,FALSE,NOT_FOR_ENFORCEMENT,-59.5680,2159.0400,-62.0500,-59.5680,-2.4820,-0.02562990,-0.02460471,-2.4820,-59.5680,-0.02460471,-2.4820,-2.4820,-2.4820,-2.4820,-2.4820,-59.5680,-0.02460471,-12.4100,-11.4561,-49.6400,-50.5939,-0.02050392,-0.02089792,-0.00102520,22.0091,20.4455,-0.5641,-3.1025,-0.7955,121.0500,5.5000,,22.0091,10.0,20.0,30.0,40.0,50.0,140.0002,12.0,0.0,2.5,7.000008,1.100455,23,56,16,2,0E-8,-0.02562990,,0E-8,0.000000,0.928955,0.000000,,2026-04-30,2026-06-25,20,78,72,57,0.350877,,,0.000000,,,,,,,,GLOBAL_BASELINE_NO_ENTITY_RANKING,,,NOT_APPLICABLE_GLOBAL_BASELINE,HF9g-P5,,,,X 全窗基线 · 不参与实体赏罚,3923613,393,A168_HF9F_20260827_0900,2026-08-27 09:00:00
2026-05-25,124388107,1401,0,10.0000000000,-10.0000000000,-10.0000000000,0E-7,1,1,0.49324550000000000,0.493245500000,-0.9865810262130424,-0.9865810262130424,-0.9865810262130424,0E-17,ELIGIBLE,R03b_20260811_FULL_v1,L1_ELIGIBILITY,v2026-08-11,2026-03-21..2026-08-06,baccarat_bet02_101_all_pairs_incl_sentinel,round_win = game_pnl > 0 (decisive only),COMPATIBILITY_ONLY_NOT_PRODUCTION,2421.0000,2249.0000,-62.0500,110,110,0.02562990,,0.02562990,0.02562990,62.0500,2421.0000,OK,0.0000,-2.4820,4.0000,96.0000,AG03-UNRESOLVED,ALL5_LEVELS_bet23_to_bet27,-2.4820,-2.4820,-2.4820,-2.4820,-2.4820,4.000000,4.000000,4.000000,4.000000,4.000000,96.000000,96.000000,96.000000,96.000000,96.000000,5.0,-12.4100,-11.4561,-49.6400,-50.5939,PENDING_AG03,FALSE,NOT_FOR_ENFORCEMENT,-59.5680,2159.0400,-62.0500,-59.5680,-2.4820,-0.02562990,-0.02460471,-2.4820,-59.5680,-0.02460471,-2.4820,-2.4820,-2.4820,-2.4820,-2.4820,-59.5680,-0.02460471,-12.4100,-11.4561,-49.6400,-50.5939,-0.02050392,-0.02089792,-0.00102520,22.0091,20.4455,-0.5641,-3.1025,-0.7955,121.0500,5.5000,,22.0091,10.0,20.0,30.0,40.0,50.0,140.0002,12.0,0.0,2.5,7.000008,1.100455,23,56,16,2,0E-8,-0.02562990,,0E-8,0.000000,0.928955,0.000000,,2026-04-30,2026-06-25,20,78,72,57,0.350877,,,0.000000,,,,,,,,GLOBAL_BASELINE_NO_ENTITY_RANKING,,,NOT_APPLICABLE_GLOBAL_BASELINE,HF9g-P5,,,,X 全窗基线 · 不参与实体赏罚,3923614,393,A168_HF9F_20260827_0900,2026-08-27 09:00:00
2026-05-25,124388107,2177,0,10.0000000000,-10.0000000000,-10.0000000000,0E-7,1,1,0.49324550000000000,0.493245500000,-0.9865810262130424,-0.9865810262130424,-0.9865810262130424,0E-17,ELIGIBLE,R03b_20260811_FULL_v1,L1_ELIGIBILITY,v2026-08-11,2026-03-21..2026-08-06,baccarat_bet02_101_all_pairs_incl_sentinel,round_win = game_pnl > 0 (decisive only),COMPATIBILITY_ONLY_NOT_PRODUCTION,2421.0000,2249.0000,-62.0500,110,110,0.02562990,,0.02562990,0.02562990,62.0500,2421.0000,OK,0.0000,-2.4820,4.0000,96.0000,AG03-UNRESOLVED,ALL5_LEVELS_bet23_to_bet27,-2.4820,-2.4820,-2.4820,-2.4820,-2.4820,4.000000,4.000000,4.000000,4.000000,4.000000,96.000000,96.000000,96.000000,96.000000,96.000000,5.0,-12.4100,-11.4561,-49.6400,-50.5939,PENDING_AG03,FALSE,NOT_FOR_ENFORCEMENT,-59.5680,2159.0400,-62.0500,-59.5680,-2.4820,-0.02562990,-0.02460471,-2.4820,-59.5680,-0.02460471,-2.4820,-2.4820,-2.4820,-2.4820,-2.4820,-59.5680,-0.02460471,-12.4100,-11.4561,-49.6400,-50.5939,-0.02050392,-0.02089792,-0.00102520,22.0091,20.4455,-0.5641,-3.1025,-0.7955,121.0500,5.5000,,22.0091,10.0,20.0,30.0,40.0,50.0,140.0002,12.0,0.0,2.5,7.000008,1.100455,23,56,16,2,0E-8,-0.02562990,,0E-8,0.000000,0.928955,0.000000,,2026-04-30,2026-06-25,20,78,72,57,0.350877,,,0.000000,,,,,,,,GLOBAL_BASELINE_NO_ENTITY_RANKING,,,NOT_APPLICABLE_GLOBAL_BASELINE,HF9g-P5,,,,X 全窗基线 · 不参与实体赏罚,3923615,393,A168_HF9F_20260827_0900,2026-08-27 09:00:00
2026-05-27,124388107,1353,0,30.0000000000,-30.0000000000,-30.0000000000,0E-7,1,1,0.49324550000000000,0.493245500000,-0.9865810262130424,-0.9865810262130424,-0.9865810262130424,0E-17,ELIGIBLE,R03b_20260811_FULL_v1,L1_ELIGIBILITY,v2026-08-11,2026-03-21..2026-08-06,baccarat_bet02_101_all_pairs_incl_sentinel,round_win = game_pnl > 0 (decisive only),COMPATIBILITY_ONLY_NOT_PRODUCTION,2421.0000,2249.0000,-62.0500,110,110,0.02562990,,0.02562990,0.02562990,62.0500,2421.0000,OK,0.0000,-2.4820,4.0000,96.0000,AG03-UNRESOLVED,ALL5_LEVELS_bet23_to_bet27,-2.4820,-2.4820,-2.4820,-2.4820,-2.4820,4.000000,4.000000,4.000000,4.000000,4.000000,96.000000,96.000000,96.000000,96.000000,96.000000,5.0,-12.4100,-11.4561,-49.6400,-50.5939,PENDING_AG03,FALSE,NOT_FOR_ENFORCEMENT,-59.5680,2159.0400,-62.0500,-59.5680,-2.4820,-0.02562990,-0.02460471,-2.4820,-59.5680,-0.02460471,-2.4820,-2.4820,-2.4820,-2.4820,-2.4820,-59.5680,-0.02460471,-12.4100,-11.4561,-49.6400,-50.5939,-0.02050392,-0.02089792,-0.00102520,22.0091,20.4455,-0.5641,-3.1025,-0.7955,121.0500,5.5000,,22.0091,10.0,20.0,30.0,40.0,50.0,140.0002,12.0,0.0,2.5,7.000008,1.100455,23,56,16,2,0E-8,-0.02562990,,0E-8,0.000000,0.928955,0.000000,,2026-04-30,2026-06-25,20,78,72,57,0.350877,,,0.000000,,,,,,,,GLOBAL_BASELINE_NO_ENTITY_RANKING,,,NOT_APPLICABLE_GLOBAL_BASELINE,HF9g-P5,,,,X 全窗基线 · 不参与实体赏罚,3923616,393,A168_HF9F_20260827_0900,2026-08-27 09:00:00
2026-05-27,124388107,2147,0,50.0000000000,-10.0000000000,-10.0000000000,0.5000000,2,2,0.49324550000000000,0.493245500000,0.01910635448239258,0.01910635448239258,0.01910635448239258,0E-17,ELIGIBLE,R03b_20260811_FULL_v1,L1_ELIGIBILITY,v2026-08-11,2026-03-21..2026-08-06,baccarat_bet02_101_all_pairs_incl_sentinel,round_win = game_pnl > 0 (decisive only),COMPATIBILITY_ONLY_NOT_PRODUCTION,2421.0000,2249.0000,-62.0500,110,110,0.02562990,,0.02562990,0.02562990,62.0500,2421.0000,OK,0.0000,-2.4820,4.0000,96.0000,AG03-UNRESOLVED,ALL5_LEVELS_bet23_to_bet27,-2.4820,-2.4820,-2.4820,-2.4820,-2.4820,4.000000,4.000000,4.000000,4.000000,4.000000,96.000000,96.000000,96.000000,96.000000,96.000000,5.0,-12.4100,-11.4561,-49.6400,-50.5939,PENDING_AG03,FALSE,NOT_FOR_ENFORCEMENT,-59.5680,2159.0400,-62.0500,-59.5680,-2.4820,-0.02562990,-0.02460471,-2.4820,-59.5680,-0.02460471,-2.4820,-2.4820,-2.4820,-2.4820,-2.4820,-59.5680,-0.02460471,-12.4100,-11.4561,-49.6400,-50.5939,-0.02050392,-0.02089792,-0.00102520,22.0091,20.4455,-0.5641,-3.1025,-0.7955,121.0500,5.5000,,22.0091,10.0,20.0,30.0,40.0,50.0,140.0002,12.0,0.0,2.5,7.000008,1.100455,23,56,16,2,0E-8,-0.02562990,,0E-8,0.000000,0.928955,0.000000,,2026-04-30,2026-06-25,20,78,72,57,0.350877,,,0.000000,,,,,,,,GLOBAL_BASELINE_NO_ENTITY_RANKING,,,NOT_APPLICABLE_GLOBAL_BASELINE,HF9g-P5,,,,X 全窗基线 · 不参与实体赏罚,3923617,393,A168_HF9F_20260827_0900,2026-08-27 09:00:00
2026-05-27,124388107,2242,0,80.0000000000,39.0000000000,39.0000000000,0.7500000,4,4,0.49659680000000000,0.496596800000,1.0136362796769356,1.0136362796769358,1.0136362796769356,0E-17,ELIGIBLE,R03b_20260811_FULL_v1,L1_ELIGIBILITY,v2026-08-11,2026-03-21..2026-08-06,baccarat_bet02_101_all_pairs_incl_sentinel,round_win = game_pnl > 0 (decisive only),COMPATIBILITY_ONLY_NOT_PRODUCTION,2421.0000,2249.0000,-62.0500,110,110,0.02562990,,0.02562990,0.02562990,62.0500,2421.0000,OK,0.0000,-2.4820,4.0000,96.0000,AG03-UNRESOLVED,ALL5_LEVELS_bet23_to_bet27,-2.4820,-2.4820,-2.4820,-2.4820,-2.4820,4.000000,4.000000,4.000000,4.000000,4.000000,96.000000,96.000000,96.000000,96.000000,96.000000,5.0,-12.4100,-11.4561,-49.6400,-50.5939,PENDING_AG03,FALSE,NOT_FOR_ENFORCEMENT,-59.5680,2159.0400,-62.0500,-59.5680,-2.4820,-0.02562990,-0.02460471,-2.4820,-59.5680,-0.02460471,-2.4820,-2.4820,-2.4820,-2.4820,-2.4820,-59.5680,-0.02460471,-12.4100,-11.4561,-49.6400,-50.5939,-0.02050392,-0.02089792,-0.00102520,22.0091,20.4455,-0.5641,-3.1025,-0.7955,121.0500,5.5000,,22.0091,10.0,20.0,30.0,40.0,50.0,140.0002,12.0,0.0,2.5,7.000008,1.100455,23,56,16,2,0E-8,-0.02562990,,0E-8,0.000000,0.928955,0.000000,,2026-04-30,2026-06-25,20,78,72,57,0.350877,,,0.000000,,,,,,,,GLOBAL_BASELINE_NO_ENTITY_RANKING,,,NOT_APPLICABLE_GLOBAL_BASELINE,HF9g-P5,,,,X 全窗基线 · 不参与实体赏罚,3923618,393,A168_HF9F_20260827_0900,2026-08-27 09:00:00
2026-05-27,124388107,2244,0,60.0000000000,-20.0000000000,-20.0000000000,0.5000000,2,2,0.49324550000000000,0.493245500000,0.01910635448239258,0.01910635448239258,0.01910635448239258,0E-17,ELIGIBLE,R03b_20260811_FULL_v1,L1_ELIGIBILITY,v2026-08-11,2026-03-21..2026-08-06,baccarat_bet02_101_all_pairs_incl_sentinel,round_win = game_pnl > 0 (decisive only),COMPATIBILITY_ONLY_NOT_PRODUCTION,2421.0000,2249.0000,-62.0500,110,110,0.02562990,,0.02562990,0.02562990,62.0500,2421.0000,OK,0.0000,-2.4820,4.0000,96.0000,AG03-UNRESOLVED,ALL5_LEVELS_bet23_to_bet27,-2.4820,-2.4820,-2.4820,-2.4820,-2.4820,4.000000,4.000000,4.000000,4.000000,4.000000,96.000000,96.000000,96.000000,96.000000,96.000000,5.0,-12.4100,-11.4561,-49.6400,-50.5939,PENDING_AG03,FALSE,NOT_FOR_ENFORCEMENT,-59.5680,2159.0400,-62.0500,-59.5680,-2.4820,-0.02562990,-0.02460471,-2.4820,-59.5680,-0.02460471,-2.4820,-2.4820,-2.4820,-2.4820,-2.4820,-59.5680,-0.02460471,-12.4100,-11.4561,-49.6400,-50.5939,-0.02050392,-0.02089792,-0.00102520,22.0091,20.4455,-0.5641,-3.1025,-0.7955,121.0500,5.5000,,22.0091,10.0,20.0,30.0,40.0,50.0,140.0002,12.0,0.0,2.5,7.000008,1.100455,23,56,16,2,0E-8,-0.02562990,,0E-8,0.000000,0.928955,0.000000,,2026-04-30,2026-06-25,20,78,72,57,0.350877,,,0.000000,,,,,,,,GLOBAL_BASELINE_NO_ENTITY_RANKING,,,NOT_APPLICABLE_GLOBAL_BASELINE,HF9g-P5,,,,X 全窗基线 · 不参与实体赏罚,3923619,393,A168_HF9F_20260827_0900,2026-08-27 09:00:00
2026-05-27,124388107,462,0,30.0000000000,-10.0000000000,-10.0000000000,0.5000000,2,2,0.49324550000000000,0.493245500000,0.01910635448239258,0.01910635448239258,0.01910635448239258,0E-17,ELIGIBLE,R03b_20260811_FULL_v1,L1_ELIGIBILITY,v2026-08-11,2026-03-21..2026-08-06,baccarat_bet02_101_all_pairs_incl_sentinel,round_win = game_pnl > 0 (decisive only),COMPATIBILITY_ONLY_NOT_PRODUCTION,2421.0000,2249.0000,-62.0500,110,110,0.02562990,,0.02562990,0.02562990,62.0500,2421.0000,OK,0.0000,-2.4820,4.0000,96.0000,AG03-UNRESOLVED,ALL5_LEVELS_bet23_to_bet27,-2.4820,-2.4820,-2.4820,-2.4820,-2.4820,4.000000,4.000000,4.000000,4.000000,4.000000,96.000000,96.000000,96.000000,96.000000,96.000000,5.0,-12.4100,-11.4561,-49.6400,-50.5939,PENDING_AG03,FALSE,NOT_FOR_ENFORCEMENT,-59.5680,2159.0400,-62.0500,-59.5680,-2.4820,-0.02562990,-0.02460471,-2.4820,-59.5680,-0.02460471,-2.4820,-2.4820,-2.4820,-2.4820,-2.4820,-59.5680,-0.02460471,-12.4100,-11.4561,-49.6400,-50.5939,-0.02050392,-0.02089792,-0.00102520,22.0091,20.4455,-0.5641,-3.1025,-0.7955,121.0500,5.5000,,22.0091,10.0,20.0,30.0,40.0,50.0,140.0002,12.0,0.0,2.5,7.000008,1.100455,23,56,16,2,0E-8,-0.02562990,,0E-8,0.000000,0.928955,0.000000,,2026-04-30,2026-06-25,20,78,72,57,0.350877,,,0.000000,,,,,,,,GLOBAL_BASELINE_NO_ENTITY_RANKING,,,NOT_APPLICABLE_GLOBAL_BASELINE,HF9g-P5,,,,X 全窗基线 · 不参与实体赏罚,3923620,393,A168_HF9F_20260827_0900,2026-08-27 09:00:00
2026-05-28,124388107,-1,1,270.0000000000,160.0000000000,160.0000000000,0.6666667,3,3,0.49771390000000000,0.497713900000,0.5852756695216578,0.5852756695216578,0.5852756695216578,0E-17,SENTINEL_DEALER,R03b_20260811_FULL_v1,L1_ELIGIBILITY,v2026-08-11,2026-03-21..2026-08-06,baccarat_bet02_101_all_pairs_incl_sentinel,round_win = game_pnl > 0 (decisive only),COMPATIBILITY_ONLY_NOT_PRODUCTION,2421.0000,2249.0000,-62.0500,110,110,0.02562990,,0.02562990,0.02562990,62.0500,2421.0000,OK,0.0000,-2.4820,4.0000,96.0000,AG03-UNRESOLVED,ALL5_LEVELS_bet23_to_bet27,-2.4820,-2.4820,-2.4820,-2.4820,-2.4820,4.000000,4.000000,4.000000,4.000000,4.000000,96.000000,96.000000,96.000000,96.000000,96.000000,5.0,-12.4100,-11.4561,-49.6400,-50.5939,PENDING_AG03,FALSE,NOT_FOR_ENFORCEMENT,-59.5680,2159.0400,-62.0500,-59.5680,-2.4820,-0.02562990,-0.02460471,-2.4820,-59.5680,-0.02460471,-2.4820,-2.4820,-2.4820,-2.4820,-2.4820,-59.5680,-0.02460471,-12.4100,-11.4561,-49.6400,-50.5939,-0.02050392,-0.02089792,-0.00102520,22.0091,20.4455,-0.5641,-3.1025,-0.7955,121.0500,5.5000,,22.0091,10.0,20.0,30.0,40.0,50.0,140.0002,12.0,0.0,2.5,7.000008,1.100455,23,56,16,2,0E-8,-0.02562990,,0E-8,0.000000,0.928955,0.000000,,2026-04-30,2026-06-25,20,78,72,57,0.350877,,,0.000000,,,,,,,,GLOBAL_BASELINE_NO_ENTITY_RANKING,,,NOT_APPLICABLE_GLOBAL_BASELINE,HF9g-P5,,,,X 全窗基线 · 不参与实体赏罚,3923621,393,A168_HF9F_20260827_0900,2026-08-27 09:00:00
2026-05-28,124388107,1318,0,140.0000000000,30.0000000000,30.0000000000,0.6666667,4,4,0.49324550000000000,0.493245500000,0.6008033672792107,0.6008033672792106,0.6008033672792107,0E-17,ELIGIBLE,R03b_20260811_FULL_v1,L1_ELIGIBILITY,v2026-08-11,2026-03-21..2026-08-06,baccarat_bet02_101_all_pairs_incl_sentinel,round_win = game_pnl > 0 (decisive only),COMPATIBILITY_ONLY_NOT_PRODUCTION,2421.0000,2249.0000,-62.0500,110,110,0.02562990,,0.02562990,0.02562990,62.0500,2421.0000,OK,0.0000,-2.4820,4.0000,96.0000,AG03-UNRESOLVED,ALL5_LEVELS_bet23_to_bet27,-2.4820,-2.4820,-2.4820,-2.4820,-2.4820,4.000000,4.000000,4.000000,4.000000,4.000000,96.000000,96.000000,96.000000,96.000000,96.000000,5.0,-12.4100,-11.4561,-49.6400,-50.5939,PENDING_AG03,FALSE,NOT_FOR_ENFORCEMENT,-59.5680,2159.0400,-62.0500,-59.5680,-2.4820,-0.02562990,-0.02460471,-2.4820,-59.5680,-0.02460471,-2.4820,-2.4820,-2.4820,-2.4820,-2.4820,-59.5680,-0.02460471,-12.4100,-11.4561,-49.6400,-50.5939,-0.02050392,-0.02089792,-0.00102520,22.0091,20.4455,-0.5641,-3.1025,-0.7955,121.0500,5.5000,,22.0091,10.0,20.0,30.0,40.0,50.0,140.0002,12.0,0.0,2.5,7.000008,1.100455,23,56,16,2,0E-8,-0.02562990,,0E-8,0.000000,0.928955,0.000000,,2026-04-30,2026-06-25,20,78,72,57,0.350877,,,0.000000,,,,,,,,GLOBAL_BASELINE_NO_ENTITY_RANKING,,,NOT_APPLICABLE_GLOBAL_BASELINE,HF9g-P5,,,,X 全窗基线 · 不参与实体赏罚,3923622,393,A168_HF9F_20260827_0900,2026-08-27 09:00:00
2026-05-28,124388107,1623,0,40.0000000000,40.0000000000,40.0000000000,1.0000000,1,1,0.49324550000000000,0.493245500000,1.01360149184955,1.01360149184955,1.01360149184955,0E-17,ELIGIBLE,R03b_20260811_FULL_v1,L1_ELIGIBILITY,v2026-08-11,2026-03-21..2026-08-06,baccarat_bet02_101_all_pairs_incl_sentinel,round_win = game_pnl > 0 (decisive only),COMPATIBILITY_ONLY_NOT_PRODUCTION,2421.0000,2249.0000,-62.0500,110,110,0.02562990,,0.02562990,0.02562990,62.0500,2421.0000,OK,0.0000,-2.4820,4.0000,96.0000,AG03-UNRESOLVED,ALL5_LEVELS_bet23_to_bet27,-2.4820,-2.4820,-2.4820,-2.4820,-2.4820,4.000000,4.000000,4.000000,4.000000,4.000000,96.000000,96.000000,96.000000,96.000000,96.000000,5.0,-12.4100,-11.4561,-49.6400,-50.5939,PENDING_AG03,FALSE,NOT_FOR_ENFORCEMENT,-59.5680,2159.0400,-62.0500,-59.5680,-2.4820,-0.02562990,-0.02460471,-2.4820,-59.5680,-0.02460471,-2.4820,-2.4820,-2.4820,-2.4820,-2.4820,-59.5680,-0.02460471,-12.4100,-11.4561,-49.6400,-50.5939,-0.02050392,-0.02089792,-0.00102520,22.0091,20.4455,-0.5641,-3.1025,-0.7955,121.0500,5.5000,,22.0091,10.0,20.0,30.0,40.0,50.0,140.0002,12.0,0.0,2.5,7.000008,1.100455,23,56,16,2,0E-8,-0.02562990,,0E-8,0.000000,0.928955,0.000000,,2026-04-30,2026-06-25,20,78,72,57,0.350877,,,0.000000,,,,,,,,GLOBAL_BASELINE_NO_ENTITY_RANKING,,,NOT_APPLICABLE_GLOBAL_BASELINE,HF9g-P5,,,,X 全窗基线 · 不参与实体赏罚,3923623,393,A168_HF9F_20260827_0900,2026-08-27 09:00:00
2026-05-28,124388107,1750,0,40.0000000000,40.0000000000,40.0000000000,1.0000000,1,1,0.49324550000000000,0.493245500000,1.01360149184955,1.01360149184955,1.01360149184955,0E-17,ELIGIBLE,R03b_20260811_FULL_v1,L1_ELIGIBILITY,v2026-08-11,2026-03-21..2026-08-06,baccarat_bet02_101_all_pairs_incl_sentinel,round_win = game_pnl > 0 (decisive only),COMPATIBILITY_ONLY_NOT_PRODUCTION,2421.0000,2249.0000,-62.0500,110,110,0.02562990,,0.02562990,0.02562990,62.0500,2421.0000,OK,0.0000,-2.4820,4.0000,96.0000,AG03-UNRESOLVED,ALL5_LEVELS_bet23_to_bet27,-2.4820,-2.4820,-2.4820,-2.4820,-2.4820,4.000000,4.000000,4.000000,4.000000,4.000000,96.000000,96.000000,96.000000,96.000000,96.000000,5.0,-12.4100,-11.4561,-49.6400,-50.5939,PENDING_AG03,FALSE,NOT_FOR_ENFORCEMENT,-59.5680,2159.0400,-62.0500,-59.5680,-2.4820,-0.02562990,-0.02460471,-2.4820,-59.5680,-0.02460471,-2.4820,-2.4820,-2.4820,-2.4820,-2.4820,-59.5680,-0.02460471,-12.4100,-11.4561,-49.6400,-50.5939,-0.02050392,-0.02089792,-0.00102520,22.0091,20.4455,-0.5641,-3.1025,-0.7955,121.0500,5.5000,,22.0091,10.0,20.0,30.0,40.0,50.0,140.0002,12.0,0.0,2.5,7.000008,1.100455,23,56,16,2,0E-8,-0.02562990,,0E-8,0.000000,0.928955,0.000000,,2026-04-30,2026-06-25,20,78,72,57,0.350877,,,0.000000,,,,,,,,GLOBAL_BASELINE_NO_ENTITY_RANKING,,,NOT_APPLICABLE_GLOBAL_BASELINE,HF9g-P5,,,,X 全窗基线 · 不参与实体赏罚,3923624,393,A168_HF9F_20260827_0900,2026-08-27 09:00:00
2026-05-28,124388107,1985,0,21.0000000000,21.0000000000,21.0000000000,1.0000000,1,1,0.49324550000000000,0.493245500000,1.01360149184955,1.01360149184955,1.01360149184955,0E-17,ELIGIBLE,R03b_20260811_FULL_v1,L1_ELIGIBILITY,v2026-08-11,2026-03-21..2026-08-06,baccarat_bet02_101_all_pairs_incl_sentinel,round_win = game_pnl > 0 (decisive only),COMPATIBILITY_ONLY_NOT_PRODUCTION,2421.0000,2249.0000,-62.0500,110,110,0.02562990,,0.02562990,0.02562990,62.0500,2421.0000,OK,0.0000,-2.4820,4.0000,96.0000,AG03-UNRESOLVED,ALL5_LEVELS_bet23_to_bet27,-2.4820,-2.4820,-2.4820,-2.4820,-2.4820,4.000000,4.000000,4.000000,4.000000,4.000000,96.000000,96.000000,96.000000,96.000000,96.000000,5.0,-12.4100,-11.4561,-49.6400,-50.5939,PENDING_AG03,FALSE,NOT_FOR_ENFORCEMENT,-59.5680,2159.0400,-62.0500,-59.5680,-2.4820,-0.02562990,-0.02460471,-2.4820,-59.5680,-0.02460471,-2.4820,-2.4820,-2.4820,-2.4820,-2.4820,-59.5680,-0.02460471,-12.4100,-11.4561,-49.6400,-50.5939,-0.02050392,-0.02089792,-0.00102520,22.0091,20.4455,-0.5641,-3.1025,-0.7955,121.0500,5.5000,,22.0091,10.0,20.0,30.0,40.0,50.0,140.0002,12.0,0.0,2.5,7.000008,1.100455,23,56,16,2,0E-8,-0.02562990,,0E-8,0.000000,0.928955,0.000000,,2026-04-30,2026-06-25,20,78,72,57,0.350877,,,0.000000,,,,,,,,GLOBAL_BASELINE_NO_ENTITY_RANKING,,,NOT_APPLICABLE_GLOBAL_BASELINE,HF9g-P5,,,,X 全窗基线 · 不参与实体赏罚,3923625,393,A168_HF9F_20260827_0900,2026-08-27 09:00:00
2026-05-28,124388107,1990,0,27.0000000000,25.6500000000,25.6500000000,1.0000000,1,1,0.50665070000000000,0.506650700000,0.9867858985152569,0.9867858985152569,0.9867858985152569,0E-17,ELIGIBLE,R03b_20260811_FULL_v1,L1_ELIGIBILITY,v2026-08-11,2026-03-21..2026-08-06,baccarat_bet02_101_all_pairs_incl_sentinel,round_win = game_pnl > 0 (decisive only),COMPATIBILITY_ONLY_NOT_PRODUCTION,2421.0000,2249.0000,-62.0500,110,110,0.02562990,,0.02562990,0.02562990,62.0500,2421.0000,OK,0.0000,-2.4820,4.0000,96.0000,AG03-UNRESOLVED,ALL5_LEVELS_bet23_to_bet27,-2.4820,-2.4820,-2.4820,-2.4820,-2.4820,4.000000,4.000000,4.000000,4.000000,4.000000,96.000000,96.000000,96.000000,96.000000,96.000000,5.0,-12.4100,-11.4561,-49.6400,-50.5939,PENDING_AG03,FALSE,NOT_FOR_ENFORCEMENT,-59.5680,2159.0400,-62.0500,-59.5680,-2.4820,-0.02562990,-0.02460471,-2.4820,-59.5680,-0.02460471,-2.4820,-2.4820,-2.4820,-2.4820,-2.4820,-59.5680,-0.02460471,-12.4100,-11.4561,-49.6400,-50.5939,-0.02050392,-0.02089792,-0.00102520,22.0091,20.4455,-0.5641,-3.1025,-0.7955,121.0500,5.5000,,22.0091,10.0,20.0,30.0,40.0,50.0,140.0002,12.0,0.0,2.5,7.000008,1.100455,23,56,16,2,0E-8,-0.02562990,,0E-8,0.000000,0.928955,0.000000,,2026-04-30,2026-06-25,20,78,72,57,0.350877,,,0.000000,,,,,,,,GLOBAL_BASELINE_NO_ENTITY_RANKING,,,NOT_APPLICABLE_GLOBAL_BASELINE,HF9g-P5,,,,X 全窗基线 · 不参与实体赏罚,3923626,393,A168_HF9F_20260827_0900,2026-08-27 09:00:00
2026-05-28,124388107,2123,0,27.0000000000,0E-10,0E-10,,1,1,0.49324550000000000,0.493245500000,,,,0E-17,NO_DECISIVE_ROUND,R03b_20260811_FULL_v1,L1_ELIGIBILITY,v2026-08-11,2026-03-21..2026-08-06,baccarat_bet02_101_all_pairs_incl_sentinel,round_win = game_pnl > 0 (decisive only),COMPATIBILITY_ONLY_NOT_PRODUCTION,2421.0000,2249.0000,-62.0500,110,110,0.02562990,,0.02562990,0.02562990,62.0500,2421.0000,OK,0.0000,-2.4820,4.0000,96.0000,AG03-UNRESOLVED,ALL5_LEVELS_bet23_to_bet27,-2.4820,-2.4820,-2.4820,-2.4820,-2.4820,4.000000,4.000000,4.000000,4.000000,4.000000,96.000000,96.000000,96.000000,96.000000,96.000000,5.0,-12.4100,-11.4561,-49.6400,-50.5939,PENDING_AG03,FALSE,NOT_FOR_ENFORCEMENT,-59.5680,2159.0400,-62.0500,-59.5680,-2.4820,-0.02562990,-0.02460471,-2.4820,-59.5680,-0.02460471,-2.4820,-2.4820,-2.4820,-2.4820,-2.4820,-59.5680,-0.02460471,-12.4100,-11.4561,-49.6400,-50.5939,-0.02050392,-0.02089792,-0.00102520,22.0091,20.4455,-0.5641,-3.1025,-0.7955,121.0500,5.5000,,22.0091,10.0,20.0,30.0,40.0,50.0,140.0002,12.0,0.0,2.5,7.000008,1.100455,23,56,16,2,0E-8,-0.02562990,,0E-8,0.000000,0.928955,0.000000,,2026-04-30,2026-06-25,20,78,72,57,0.350877,,,0.000000,,,,,,,,GLOBAL_BASELINE_NO_ENTITY_RANKING,,,NOT_APPLICABLE_GLOBAL_BASELINE,HF9g-P5,,,,X 全窗基线 · 不参与实体赏罚,3923627,393,A168_HF9F_20260827_0900,2026-08-27 09:00:00
2026-05-28,124388107,2127,0,180.0000000000,-100.0000000000,-100.0000000000,0.3333333,3,3,0.50218230000000000,0.502182300000,-0.5849155494134425,-0.5849155494134426,-0.5849155494134425,0E-17,ELIGIBLE,R03b_20260811_FULL_v1,L1_ELIGIBILITY,v2026-08-11,2026-03-21..2026-08-06,baccarat_bet02_101_all_pairs_incl_sentinel,round_win = game_pnl > 0 (decisive only),COMPATIBILITY_ONLY_NOT_PRODUCTION,2421.0000,2249.0000,-62.0500,110,110,0.02562990,,0.02562990,0.02562990,62.0500,2421.0000,OK,0.0000,-2.4820,4.0000,96.0000,AG03-UNRESOLVED,ALL5_LEVELS_bet23_to_bet27,-2.4820,-2.4820,-2.4820,-2.4820,-2.4820,4.000000,4.000000,4.000000,4.000000,4.000000,96.000000,96.000000,96.000000,96.000000,96.000000,5.0,-12.4100,-11.4561,-49.6400,-50.5939,PENDING_AG03,FALSE,NOT_FOR_ENFORCEMENT,-59.5680,2159.0400,-62.0500,-59.5680,-2.4820,-0.02562990,-0.02460471,-2.4820,-59.5680,-0.02460471,-2.4820,-2.4820,-2.4820,-2.4820,-2.4820,-59.5680,-0.02460471,-12.4100,-11.4561,-49.6400,-50.5939,-0.02050392,-0.02089792,-0.00102520,22.0091,20.4455,-0.5641,-3.1025,-0.7955,121.0500,5.5000,,22.0091,10.0,20.0,30.0,40.0,50.0,140.0002,12.0,0.0,2.5,7.000008,1.100455,23,56,16,2,0E-8,-0.02562990,,0E-8,0.000000,0.928955,0.000000,,2026-04-30,2026-06-25,20,78,72,57,0.350877,,,0.000000,,,,,,,,GLOBAL_BASELINE_NO_ENTITY_RANKING,,,NOT_APPLICABLE_GLOBAL_BASELINE,HF9g-P5,,,,X 全窗基线 · 不参与实体赏罚,3923628,393,A168_HF9F_20260827_0900,2026-08-27 09:00:00
2026-05-28,124388107,2205,0,44.0000000000,44.0000000000,44.0000000000,1.0000000,1,1,0.49324550000000000,0.493245500000,1.01360149184955,1.01360149184955,1.01360149184955,0E-17,ELIGIBLE,R03b_20260811_FULL_v1,L1_ELIGIBILITY,v2026-08-11,2026-03-21..2026-08-06,baccarat_bet02_101_all_pairs_incl_sentinel,round_win = game_pnl > 0 (decisive only),COMPATIBILITY_ONLY_NOT_PRODUCTION,2421.0000,2249.0000,-62.0500,110,110,0.02562990,,0.02562990,0.02562990,62.0500,2421.0000,OK,0.0000,-2.4820,4.0000,96.0000,AG03-UNRESOLVED,ALL5_LEVELS_bet23_to_bet27,-2.4820,-2.4820,-2.4820,-2.4820,-2.4820,4.000000,4.000000,4.000000,4.000000,4.000000,96.000000,96.000000,96.000000,96.000000,96.000000,5.0,-12.4100,-11.4561,-49.6400,-50.5939,PENDING_AG03,FALSE,NOT_FOR_ENFORCEMENT,-59.5680,2159.0400,-62.0500,-59.5680,-2.4820,-0.02562990,-0.02460471,-2.4820,-59.5680,-0.02460471,-2.4820,-2.4820,-2.4820,-2.4820,-2.4820,-59.5680,-0.02460471,-12.4100,-11.4561,-49.6400,-50.5939,-0.02050392,-0.02089792,-0.00102520,22.0091,20.4455,-0.5641,-3.1025,-0.7955,121.0500,5.5000,,22.0091,10.0,20.0,30.0,40.0,50.0,140.0002,12.0,0.0,2.5,7.000008,1.100455,23,56,16,2,0E-8,-0.02562990,,0E-8,0.000000,0.928955,0.000000,,2026-04-30,2026-06-25,20,78,72,57,0.350877,,,0.000000,,,,,,,,GLOBAL_BASELINE_NO_ENTITY_RANKING,,,NOT_APPLICABLE_GLOBAL_BASELINE,HF9g-P5,,,,X 全窗基线 · 不参与实体赏罚,3923629,393,A168_HF9F_20260827_0900,2026-08-27 09:00:00
2026-05-28,124388107,2234,0,90.0000000000,10.0000000000,10.0000000000,0.5000000,2,2,0.49324550000000000,0.493245500000,0.01910635448239258,0.01910635448239258,0.01910635448239258,0E-17,ELIGIBLE,R03b_20260811_FULL_v1,L1_ELIGIBILITY,v2026-08-11,2026-03-21..2026-08-06,baccarat_bet02_101_all_pairs_incl_sentinel,round_win = game_pnl > 0 (decisive only),COMPATIBILITY_ONLY_NOT_PRODUCTION,2421.0000,2249.0000,-62.0500,110,110,0.02562990,,0.02562990,0.02562990,62.0500,2421.0000,OK,0.0000,-2.4820,4.0000,96.0000,AG03-UNRESOLVED,ALL5_LEVELS_bet23_to_bet27,-2.4820,-2.4820,-2.4820,-2.4820,-2.4820,4.000000,4.000000,4.000000,4.000000,4.000000,96.000000,96.000000,96.000000,96.000000,96.000000,5.0,-12.4100,-11.4561,-49.6400,-50.5939,PENDING_AG03,FALSE,NOT_FOR_ENFORCEMENT,-59.5680,2159.0400,-62.0500,-59.5680,-2.4820,-0.02562990,-0.02460471,-2.4820,-59.5680,-0.02460471,-2.4820,-2.4820,-2.4820,-2.4820,-2.4820,-59.5680,-0.02460471,-12.4100,-11.4561,-49.6400,-50.5939,-0.02050392,-0.02089792,-0.00102520,22.0091,20.4455,-0.5641,-3.1025,-0.7955,121.0500,5.5000,,22.0091,10.0,20.0,30.0,40.0,50.0,140.0002,12.0,0.0,2.5,7.000008,1.100455,23,56,16,2,0E-8,-0.02562990,,0E-8,0.000000,0.928955,0.000000,,2026-04-30,2026-06-25,20,78,72,57,0.350877,,,0.000000,,,,,,,,GLOBAL_BASELINE_NO_ENTITY_RANKING,,,NOT_APPLICABLE_GLOBAL_BASELINE,HF9g-P5,,,,X 全窗基线 · 不参与实体赏罚,3923630,393,A168_HF9F_20260827_0900,2026-08-27 09:00:00
2026-05-28,124388107,2252,0,90.0000000000,30.0000000000,30.0000000000,0.6666667,3,3,0.49324550000000000,0.493245500000,0.6008033672792107,0.6008033672792106,0.6008033672792107,0E-17,ELIGIBLE,R03b_20260811_FULL_v1,L1_ELIGIBILITY,v2026-08-11,2026-03-21..2026-08-06,baccarat_bet02_101_all_pairs_incl_sentinel,round_win = game_pnl > 0 (decisive only),COMPATIBILITY_ONLY_NOT_PRODUCTION,2421.0000,2249.0000,-62.0500,110,110,0.02562990,,0.02562990,0.02562990,62.0500,2421.0000,OK,0.0000,-2.4820,4.0000,96.0000,AG03-UNRESOLVED,ALL5_LEVELS_bet23_to_bet27,-2.4820,-2.4820,-2.4820,-2.4820,-2.4820,4.000000,4.000000,4.000000,4.000000,4.000000,96.000000,96.000000,96.000000,96.000000,96.000000,5.0,-12.4100,-11.4561,-49.6400,-50.5939,PENDING_AG03,FALSE,NOT_FOR_ENFORCEMENT,-59.5680,2159.0400,-62.0500,-59.5680,-2.4820,-0.02562990,-0.02460471,-2.4820,-59.5680,-0.02460471,-2.4820,-2.4820,-2.4820,-2.4820,-2.4820,-59.5680,-0.02460471,-12.4100,-11.4561,-49.6400,-50.5939,-0.02050392,-0.02089792,-0.00102520,22.0091,20.4455,-0.5641,-3.1025,-0.7955,121.0500,5.5000,,22.0091,10.0,20.0,30.0,40.0,50.0,140.0002,12.0,0.0,2.5,7.000008,1.100455,23,56,16,2,0E-8,-0.02562990,,0E-8,0.000000,0.928955,0.000000,,2026-04-30,2026-06-25,20,78,72,57,0.350877,,,0.000000,,,,,,,,GLOBAL_BASELINE_NO_ENTITY_RANKING,,,NOT_APPLICABLE_GLOBAL_BASELINE,HF9g-P5,,,,X 全窗基线 · 不参与实体赏罚,3923631,393,A168_HF9F_20260827_0900,2026-08-27 09:00:00
2026-05-28,124388107,2258,0,70.0000000000,30.0000000000,30.0000000000,0.5000000,2,2,0.49324550000000000,0.493245500000,0.01910635448239258,0.01910635448239258,0.01910635448239258,0E-17,ELIGIBLE,R03b_20260811_FULL_v1,L1_ELIGIBILITY,v2026-08-11,2026-03-21..2026-08-06,baccarat_bet02_101_all_pairs_incl_sentinel,round_win = game_pnl > 0 (decisive only),COMPATIBILITY_ONLY_NOT_PRODUCTION,2421.0000,2249.0000,-62.0500,110,110,0.02562990,,0.02562990,0.02562990,62.0500,2421.0000,OK,0.0000,-2.4820,4.0000,96.0000,AG03-UNRESOLVED,ALL5_LEVELS_bet23_to_bet27,-2.4820,-2.4820,-2.4820,-2.4820,-2.4820,4.000000,4.000000,4.000000,4.000000,4.000000,96.000000,96.000000,96.000000,96.000000,96.000000,5.0,-12.4100,-11.4561,-49.6400,-50.5939,PENDING_AG03,FALSE,NOT_FOR_ENFORCEMENT,-59.5680,2159.0400,-62.0500,-59.5680,-2.4820,-0.02562990,-0.02460471,-2.4820,-59.5680,-0.02460471,-2.4820,-2.4820,-2.4820,-2.4820,-2.4820,-59.5680,-0.02460471,-12.4100,-11.4561,-49.6400,-50.5939,-0.02050392,-0.02089792,-0.00102520,22.0091,20.4455,-0.5641,-3.1025,-0.7955,121.0500,5.5000,,22.0091,10.0,20.0,30.0,40.0,50.0,140.0002,12.0,0.0,2.5,7.000008,1.100455,23,56,16,2,0E-8,-0.02562990,,0E-8,0.000000,0.928955,0.000000,,2026-04-30,2026-06-25,20,78,72,57,0.350877,,,0.000000,,,,,,,,GLOBAL_BASELINE_NO_ENTITY_RANKING,,,NOT_APPLICABLE_GLOBAL_BASELINE,HF9g-P5,,,,X 全窗基线 · 不参与实体赏罚,3923632,393,A168_HF9F_20260827_0900,2026-08-27 09:00:00
2026-05-28,124388107,529,0,40.0000000000,0E-10,0E-10,,1,1,0.49324550000000000,0.493245500000,,,,0E-17,NO_DECISIVE_ROUND,R03b_20260811_FULL_v1,L1_ELIGIBILITY,v2026-08-11,2026-03-21..2026-08-06,baccarat_bet02_101_all_pairs_incl_sentinel,round_win = game_pnl > 0 (decisive only),COMPATIBILITY_ONLY_NOT_PRODUCTION,2421.0000,2249.0000,-62.0500,110,110,0.02562990,,0.02562990,0.02562990,62.0500,2421.0000,OK,0.0000,-2.4820,4.0000,96.0000,AG03-UNRESOLVED,ALL5_LEVELS_bet23_to_bet27,-2.4820,-2.4820,-2.4820,-2.4820,-2.4820,4.000000,4.000000,4.000000,4.000000,4.000000,96.000000,96.000000,96.000000,96.000000,96.000000,5.0,-12.4100,-11.4561,-49.6400,-50.5939,PENDING_AG03,FALSE,NOT_FOR_ENFORCEMENT,-59.5680,2159.0400,-62.0500,-59.5680,-2.4820,-0.02562990,-0.02460471,-2.4820,-59.5680,-0.02460471,-2.4820,-2.4820,-2.4820,-2.4820,-2.4820,-59.5680,-0.02460471,-12.4100,-11.4561,-49.6400,-50.5939,-0.02050392,-0.02089792,-0.00102520,22.0091,20.4455,-0.5641,-3.1025,-0.7955,121.0500,5.5000,,22.0091,10.0,20.0,30.0,40.0,50.0,140.0002,12.0,0.0,2.5,7.000008,1.100455,23,56,16,2,0E-8,-0.02562990,,0E-8,0.000000,0.928955,0.000000,,2026-04-30,2026-06-25,20,78,72,57,0.350877,,,0.000000,,,,,,,,GLOBAL_BASELINE_NO_ENTITY_RANKING,,,NOT_APPLICABLE_GLOBAL_BASELINE,HF9g-P5,,,,X 全窗基线 · 不参与实体赏罚,3923633,393,A168_HF9F_20260827_0900,2026-08-27 09:00:00
2026-05-28,124388107,583,0,71.0000000000,-71.0000000000,-71.0000000000,0E-7,2,2,0.49324550000000000,0.493245500000,-1.3952362676504506,-1.3952362676504506,-1.3952362676504506,0E-17,ELIGIBLE,R03b_20260811_FULL_v1,L1_ELIGIBILITY,v2026-08-11,2026-03-21..2026-08-06,baccarat_bet02_101_all_pairs_incl_sentinel,round_win = game_pnl > 0 (decisive only),COMPATIBILITY_ONLY_NOT_PRODUCTION,2421.0000,2249.0000,-62.0500,110,110,0.02562990,,0.02562990,0.02562990,62.0500,2421.0000,OK,0.0000,-2.4820,4.0000,96.0000,AG03-UNRESOLVED,ALL5_LEVELS_bet23_to_bet27,-2.4820,-2.4820,-2.4820,-2.4820,-2.4820,4.000000,4.000000,4.000000,4.000000,4.000000,96.000000,96.000000,96.000000,96.000000,96.000000,5.0,-12.4100,-11.4561,-49.6400,-50.5939,PENDING_AG03,FALSE,NOT_FOR_ENFORCEMENT,-59.5680,2159.0400,-62.0500,-59.5680,-2.4820,-0.02562990,-0.02460471,-2.4820,-59.5680,-0.02460471,-2.4820,-2.4820,-2.4820,-2.4820,-2.4820,-59.5680,-0.02460471,-12.4100,-11.4561,-49.6400,-50.5939,-0.02050392,-0.02089792,-0.00102520,22.0091,20.4455,-0.5641,-3.1025,-0.7955,121.0500,5.5000,,22.0091,10.0,20.0,30.0,40.0,50.0,140.0002,12.0,0.0,2.5,7.000008,1.100455,23,56,16,2,0E-8,-0.02562990,,0E-8,0.000000,0.928955,0.000000,,2026-04-30,2026-06-25,20,78,72,57,0.350877,,,0.000000,,,,,,,,GLOBAL_BASELINE_NO_ENTITY_RANKING,,,NOT_APPLICABLE_GLOBAL_BASELINE,HF9g-P5,,,,X 全窗基线 · 不参与实体赏罚,3923634,393,A168_HF9F_20260827_0900,2026-08-27 09:00:00
2026-05-30,124388107,1302,0,11.0000000000,-11.0000000000,-11.0000000000,0E-7,1,1,0.50665070000000000,0.506650700000,-1.013391052207602,-1.013391052207602,-1.013391052207602,0E-17,ELIGIBLE,R03b_20260811_FULL_v1,L1_ELIGIBILITY,v2026-08-11,2026-03-21..2026-08-06,baccarat_bet02_101_all_pairs_incl_sentinel,round_win = game_pnl > 0 (decisive only),COMPATIBILITY_ONLY_NOT_PRODUCTION,2421.0000,2249.0000,-62.0500,110,110,0.02562990,,0.02562990,0.02562990,62.0500,2421.0000,OK,0.0000,-2.4820,4.0000,96.0000,AG03-UNRESOLVED,ALL5_LEVELS_bet23_to_bet27,-2.4820,-2.4820,-2.4820,-2.4820,-2.4820,4.000000,4.000000,4.000000,4.000000,4.000000,96.000000,96.000000,96.000000,96.000000,96.000000,5.0,-12.4100,-11.4561,-49.6400,-50.5939,PENDING_AG03,FALSE,NOT_FOR_ENFORCEMENT,-59.5680,2159.0400,-62.0500,-59.5680,-2.4820,-0.02562990,-0.02460471,-2.4820,-59.5680,-0.02460471,-2.4820,-2.4820,-2.4820,-2.4820,-2.4820,-59.5680,-0.02460471,-12.4100,-11.4561,-49.6400,-50.5939,-0.02050392,-0.02089792,-0.00102520,22.0091,20.4455,-0.5641,-3.1025,-0.7955,121.0500,5.5000,,22.0091,10.0,20.0,30.0,40.0,50.0,140.0002,12.0,0.0,2.5,7.000008,1.100455,23,56,16,2,0E-8,-0.02562990,,0E-8,0.000000,0.928955,0.000000,,2026-04-30,2026-06-25,20,78,72,57,0.350877,,,0.000000,,,,,,,,GLOBAL_BASELINE_NO_ENTITY_RANKING,,,NOT_APPLICABLE_GLOBAL_BASELINE,HF9g-P5,,,,X 全窗基线 · 不参与实体赏罚,3923635,393,A168_HF9F_20260827_0900,2026-08-27 09:00:00
2026-05-30,124388107,1702,0,60.0000000000,-20.0000000000,-20.0000000000,0.5000000,2,2,0.49324550000000000,0.493245500000,0.01910635448239258,0.01910635448239258,0.01910635448239258,0E-17,ELIGIBLE,R03b_20260811_FULL_v1,L1_ELIGIBILITY,v2026-08-11,2026-03-21..2026-08-06,baccarat_bet02_101_all_pairs_incl_sentinel,round_win = game_pnl > 0 (decisive only),COMPATIBILITY_ONLY_NOT_PRODUCTION,2421.0000,2249.0000,-62.0500,110,110,0.02562990,,0.02562990,0.02562990,62.0500,2421.0000,OK,0.0000,-2.4820,4.0000,96.0000,AG03-UNRESOLVED,ALL5_LEVELS_bet23_to_bet27,-2.4820,-2.4820,-2.4820,-2.4820,-2.4820,4.000000,4.000000,4.000000,4.000000,4.000000,96.000000,96.000000,96.000000,96.000000,96.000000,5.0,-12.4100,-11.4561,-49.6400,-50.5939,PENDING_AG03,FALSE,NOT_FOR_ENFORCEMENT,-59.5680,2159.0400,-62.0500,-59.5680,-2.4820,-0.02562990,-0.02460471,-2.4820,-59.5680,-0.02460471,-2.4820,-2.4820,-2.4820,-2.4820,-2.4820,-59.5680,-0.02460471,-12.4100,-11.4561,-49.6400,-50.5939,-0.02050392,-0.02089792,-0.00102520,22.0091,20.4455,-0.5641,-3.1025,-0.7955,121.0500,5.5000,,22.0091,10.0,20.0,30.0,40.0,50.0,140.0002,12.0,0.0,2.5,7.000008,1.100455,23,56,16,2,0E-8,-0.02562990,,0E-8,0.000000,0.928955,0.000000,,2026-04-30,2026-06-25,20,78,72,57,0.350877,,,0.000000,,,,,,,,GLOBAL_BASELINE_NO_ENTITY_RANKING,,,NOT_APPLICABLE_GLOBAL_BASELINE,HF9g-P5,,,,X 全窗基线 · 不参与实体赏罚,3923636,393,A168_HF9F_20260827_0900,2026-08-27 09:00:00
2026-06-04,124388107,1306,0,30.0000000000,-30.0000000000,-30.0000000000,0E-7,1,1,0.49324550000000000,0.493245500000,-0.9865810262130424,-0.9865810262130424,-0.9865810262130424,0E-17,ELIGIBLE,R03b_20260811_FULL_v1,L1_ELIGIBILITY,v2026-08-11,2026-03-21..2026-08-06,baccarat_bet02_101_all_pairs_incl_sentinel,round_win = game_pnl > 0 (decisive only),COMPATIBILITY_ONLY_NOT_PRODUCTION,2421.0000,2249.0000,-62.0500,110,110,0.02562990,,0.02562990,0.02562990,62.0500,2421.0000,OK,0.0000,-2.4820,4.0000,96.0000,AG03-UNRESOLVED,ALL5_LEVELS_bet23_to_bet27,-2.4820,-2.4820,-2.4820,-2.4820,-2.4820,4.000000,4.000000,4.000000,4.000000,4.000000,96.000000,96.000000,96.000000,96.000000,96.000000,5.0,-12.4100,-11.4561,-49.6400,-50.5939,PENDING_AG03,FALSE,NOT_FOR_ENFORCEMENT,-59.5680,2159.0400,-62.0500,-59.5680,-2.4820,-0.02562990,-0.02460471,-2.4820,-59.5680,-0.02460471,-2.4820,-2.4820,-2.4820,-2.4820,-2.4820,-59.5680,-0.02460471,-12.4100,-11.4561,-49.6400,-50.5939,-0.02050392,-0.02089792,-0.00102520,22.0091,20.4455,-0.5641,-3.1025,-0.7955,121.0500,5.5000,,22.0091,10.0,20.0,30.0,40.0,50.0,140.0002,12.0,0.0,2.5,7.000008,1.100455,23,56,16,2,0E-8,-0.02562990,,0E-8,0.000000,0.928955,0.000000,,2026-04-30,2026-06-25,20,78,72,57,0.350877,,,0.000000,,,,,,,,GLOBAL_BASELINE_NO_ENTITY_RANKING,,,NOT_APPLICABLE_GLOBAL_BASELINE,HF9g-P5,,,,X 全窗基线 · 不参与实体赏罚,3923637,393,A168_HF9F_20260827_0900,2026-08-27 09:00:00
2026-06-04,124388107,1323,0,50.0000000000,-50.0000000000,-50.0000000000,0E-7,1,1,0.50665070000000000,0.506650700000,-1.013391052207602,-1.013391052207602,-1.013391052207602,0E-17,ELIGIBLE,R03b_20260811_FULL_v1,L1_ELIGIBILITY,v2026-08-11,2026-03-21..2026-08-06,baccarat_bet02_101_all_pairs_incl_sentinel,round_win = game_pnl > 0 (decisive only),COMPATIBILITY_ONLY_NOT_PRODUCTION,2421.0000,2249.0000,-62.0500,110,110,0.02562990,,0.02562990,0.02562990,62.0500,2421.0000,OK,0.0000,-2.4820,4.0000,96.0000,AG03-UNRESOLVED,ALL5_LEVELS_bet23_to_bet27,-2.4820,-2.4820,-2.4820,-2.4820,-2.4820,4.000000,4.000000,4.000000,4.000000,4.000000,96.000000,96.000000,96.000000,96.000000,96.000000,5.0,-12.4100,-11.4561,-49.6400,-50.5939,PENDING_AG03,FALSE,NOT_FOR_ENFORCEMENT,-59.5680,2159.0400,-62.0500,-59.5680,-2.4820,-0.02562990,-0.02460471,-2.4820,-59.5680,-0.02460471,-2.4820,-2.4820,-2.4820,-2.4820,-2.4820,-59.5680,-0.02460471,-12.4100,-11.4561,-49.6400,-50.5939,-0.02050392,-0.02089792,-0.00102520,22.0091,20.4455,-0.5641,-3.1025,-0.7955,121.0500,5.5000,,22.0091,10.0,20.0,30.0,40.0,50.0,140.0002,12.0,0.0,2.5,7.000008,1.100455,23,56,16,2,0E-8,-0.02562990,,0E-8,0.000000,0.928955,0.000000,,2026-04-30,2026-06-25,20,78,72,57,0.350877,,,0.000000,,,,,,,,GLOBAL_BASELINE_NO_ENTITY_RANKING,,,NOT_APPLICABLE_GLOBAL_BASELINE,HF9g-P5,,,,X 全窗基线 · 不参与实体赏罚,3923638,393,A168_HF9F_20260827_0900,2026-08-27 09:00:00
2026-06-04,124388107,1646,0,22.0000000000,22.0000000000,22.0000000000,1.0000000,1,1,0.49324550000000000,0.493245500000,1.01360149184955,1.01360149184955,1.01360149184955,0E-17,ELIGIBLE,R03b_20260811_FULL_v1,L1_ELIGIBILITY,v2026-08-11,2026-03-21..2026-08-06,baccarat_bet02_101_all_pairs_incl_sentinel,round_win = game_pnl > 0 (decisive only),COMPATIBILITY_ONLY_NOT_PRODUCTION,2421.0000,2249.0000,-62.0500,110,110,0.02562990,,0.02562990,0.02562990,62.0500,2421.0000,OK,0.0000,-2.4820,4.0000,96.0000,AG03-UNRESOLVED,ALL5_LEVELS_bet23_to_bet27,-2.4820,-2.4820,-2.4820,-2.4820,-2.4820,4.000000,4.000000,4.000000,4.000000,4.000000,96.000000,96.000000,96.000000,96.000000,96.000000,5.0,-12.4100,-11.4561,-49.6400,-50.5939,PENDING_AG03,FALSE,NOT_FOR_ENFORCEMENT,-59.5680,2159.0400,-62.0500,-59.5680,-2.4820,-0.02562990,-0.02460471,-2.4820,-59.5680,-0.02460471,-2.4820,-2.4820,-2.4820,-2.4820,-2.4820,-59.5680,-0.02460471,-12.4100,-11.4561,-49.6400,-50.5939,-0.02050392,-0.02089792,-0.00102520,22.0091,20.4455,-0.5641,-3.1025,-0.7955,121.0500,5.5000,,22.0091,10.0,20.0,30.0,40.0,50.0,140.0002,12.0,0.0,2.5,7.000008,1.100455,23,56,16,2,0E-8,-0.02562990,,0E-8,0.000000,0.928955,0.000000,,2026-04-30,2026-06-25,20,78,72,57,0.350877,,,0.000000,,,,,,,,GLOBAL_BASELINE_NO_ENTITY_RANKING,,,NOT_APPLICABLE_GLOBAL_BASELINE,HF9g-P5,,,,X 全窗基线 · 不参与实体赏罚,3923639,393,A168_HF9F_20260827_0900,2026-08-27 09:00:00
2026-06-04,124388107,2145,0,61.0000000000,61.0000000000,61.0000000000,1.0000000,1,1,0.49324550000000000,0.493245500000,1.01360149184955,1.01360149184955,1.01360149184955,0E-17,ELIGIBLE,R03b_20260811_FULL_v1,L1_ELIGIBILITY,v2026-08-11,2026-03-21..2026-08-06,baccarat_bet02_101_all_pairs_incl_sentinel,round_win = game_pnl > 0 (decisive only),COMPATIBILITY_ONLY_NOT_PRODUCTION,2421.0000,2249.0000,-62.0500,110,110,0.02562990,,0.02562990,0.02562990,62.0500,2421.0000,OK,0.0000,-2.4820,4.0000,96.0000,AG03-UNRESOLVED,ALL5_LEVELS_bet23_to_bet27,-2.4820,-2.4820,-2.4820,-2.4820,-2.4820,4.000000,4.000000,4.000000,4.000000,4.000000,96.000000,96.000000,96.000000,96.000000,96.000000,5.0,-12.4100,-11.4561,-49.6400,-50.5939,PENDING_AG03,FALSE,NOT_FOR_ENFORCEMENT,-59.5680,2159.0400,-62.0500,-59.5680,-2.4820,-0.02562990,-0.02460471,-2.4820,-59.5680,-0.02460471,-2.4820,-2.4820,-2.4820,-2.4820,-2.4820,-59.5680,-0.02460471,-12.4100,-11.4561,-49.6400,-50.5939,-0.02050392,-0.02089792,-0.00102520,22.0091,20.4455,-0.5641,-3.1025,-0.7955,121.0500,5.5000,,22.0091,10.0,20.0,30.0,40.0,50.0,140.0002,12.0,0.0,2.5,7.000008,1.100455,23,56,16,2,0E-8,-0.02562990,,0E-8,0.000000,0.928955,0.000000,,2026-04-30,2026-06-25,20,78,72,57,0.350877,,,0.000000,,,,,,,,GLOBAL_BASELINE_NO_ENTITY_RANKING,,,NOT_APPLICABLE_GLOBAL_BASELINE,HF9g-P5,,,,X 全窗基线 · 不参与实体赏罚,3923640,393,A168_HF9F_20260827_0900,2026-08-27 09:00:00
2026-06-06,124388107,1509,0,20.0000000000,20.0000000000,20.0000000000,1.0000000,1,1,0.49324550000000000,0.493245500000,1.01360149184955,1.01360149184955,1.01360149184955,0E-17,ELIGIBLE,R03b_20260811_FULL_v1,L1_ELIGIBILITY,v2026-08-11,2026-03-21..2026-08-06,baccarat_bet02_101_all_pairs_incl_sentinel,round_win = game_pnl > 0 (decisive only),COMPATIBILITY_ONLY_NOT_PRODUCTION,2421.0000,2249.0000,-62.0500,110,110,0.02562990,,0.02562990,0.02562990,62.0500,2421.0000,OK,0.0000,-2.4820,4.0000,96.0000,AG03-UNRESOLVED,ALL5_LEVELS_bet23_to_bet27,-2.4820,-2.4820,-2.4820,-2.4820,-2.4820,4.000000,4.000000,4.000000,4.000000,4.000000,96.000000,96.000000,96.000000,96.000000,96.000000,5.0,-12.4100,-11.4561,-49.6400,-50.5939,PENDING_AG03,FALSE,NOT_FOR_ENFORCEMENT,-59.5680,2159.0400,-62.0500,-59.5680,-2.4820,-0.02562990,-0.02460471,-2.4820,-59.5680,-0.02460471,-2.4820,-2.4820,-2.4820,-2.4820,-2.4820,-59.5680,-0.02460471,-12.4100,-11.4561,-49.6400,-50.5939,-0.02050392,-0.02089792,-0.00102520,22.0091,20.4455,-0.5641,-3.1025,-0.7955,121.0500,5.5000,,22.0091,10.0,20.0,30.0,40.0,50.0,140.0002,12.0,0.0,2.5,7.000008,1.100455,23,56,16,2,0E-8,-0.02562990,,0E-8,0.000000,0.928955,0.000000,,2026-04-30,2026-06-25,20,78,72,57,0.350877,,,0.000000,,,,,,,,GLOBAL_BASELINE_NO_ENTITY_RANKING,,,NOT_APPLICABLE_GLOBAL_BASELINE,HF9g-P5,,,,X 全窗基线 · 不参与实体赏罚,3923641,393,A168_HF9F_20260827_0900,2026-08-27 09:00:00
2026-06-19,124388107,1325,0,16.0000000000,16.0000000000,16.0000000000,1.0000000,1,1,0.49324550000000000,0.493245500000,1.01360149184955,1.01360149184955,1.01360149184955,0E-17,ELIGIBLE,R03b_20260811_FULL_v1,L1_ELIGIBILITY,v2026-08-11,2026-03-21..2026-08-06,baccarat_bet02_101_all_pairs_incl_sentinel,round_win = game_pnl > 0 (decisive only),COMPATIBILITY_ONLY_NOT_PRODUCTION,2421.0000,2249.0000,-62.0500,110,110,0.02562990,,0.02562990,0.02562990,62.0500,2421.0000,OK,0.0000,-2.4820,4.0000,96.0000,AG03-UNRESOLVED,ALL5_LEVELS_bet23_to_bet27,-2.4820,-2.4820,-2.4820,-2.4820,-2.4820,4.000000,4.000000,4.000000,4.000000,4.000000,96.000000,96.000000,96.000000,96.000000,96.000000,5.0,-12.4100,-11.4561,-49.6400,-50.5939,PENDING_AG03,FALSE,NOT_FOR_ENFORCEMENT,-59.5680,2159.0400,-62.0500,-59.5680,-2.4820,-0.02562990,-0.02460471,-2.4820,-59.5680,-0.02460471,-2.4820,-2.4820,-2.4820,-2.4820,-2.4820,-59.5680,-0.02460471,-12.4100,-11.4561,-49.6400,-50.5939,-0.02050392,-0.02089792,-0.00102520,22.0091,20.4455,-0.5641,-3.1025,-0.7955,121.0500,5.5000,,22.0091,10.0,20.0,30.0,40.0,50.0,140.0002,12.0,0.0,2.5,7.000008,1.100455,23,56,16,2,0E-8,-0.02562990,,0E-8,0.000000,0.928955,0.000000,,2026-04-30,2026-06-25,20,78,72,57,0.350877,,,0.000000,,,,,,,,GLOBAL_BASELINE_NO_ENTITY_RANKING,,,NOT_APPLICABLE_GLOBAL_BASELINE,HF9g-P5,,,,X 全窗基线 · 不参与实体赏罚,3923642,393,A168_HF9F_20260827_0900,2026-08-27 09:00:00
2026-06-19,124388107,1399,0,10.0000000000,-10.0000000000,-10.0000000000,0E-7,1,1,0.49324550000000000,0.493245500000,-0.9865810262130424,-0.9865810262130424,-0.9865810262130424,0E-17,ELIGIBLE,R03b_20260811_FULL_v1,L1_ELIGIBILITY,v2026-08-11,2026-03-21..2026-08-06,baccarat_bet02_101_all_pairs_incl_sentinel,round_win = game_pnl > 0 (decisive only),COMPATIBILITY_ONLY_NOT_PRODUCTION,2421.0000,2249.0000,-62.0500,110,110,0.02562990,,0.02562990,0.02562990,62.0500,2421.0000,OK,0.0000,-2.4820,4.0000,96.0000,AG03-UNRESOLVED,ALL5_LEVELS_bet23_to_bet27,-2.4820,-2.4820,-2.4820,-2.4820,-2.4820,4.000000,4.000000,4.000000,4.000000,4.000000,96.000000,96.000000,96.000000,96.000000,96.000000,5.0,-12.4100,-11.4561,-49.6400,-50.5939,PENDING_AG03,FALSE,NOT_FOR_ENFORCEMENT,-59.5680,2159.0400,-62.0500,-59.5680,-2.4820,-0.02562990,-0.02460471,-2.4820,-59.5680,-0.02460471,-2.4820,-2.4820,-2.4820,-2.4820,-2.4820,-59.5680,-0.02460471,-12.4100,-11.4561,-49.6400,-50.5939,-0.02050392,-0.02089792,-0.00102520,22.0091,20.4455,-0.5641,-3.1025,-0.7955,121.0500,5.5000,,22.0091,10.0,20.0,30.0,40.0,50.0,140.0002,12.0,0.0,2.5,7.000008,1.100455,23,56,16,2,0E-8,-0.02562990,,0E-8,0.000000,0.928955,0.000000,,2026-04-30,2026-06-25,20,78,72,57,0.350877,,,0.000000,,,,,,,,GLOBAL_BASELINE_NO_ENTITY_RANKING,,,NOT_APPLICABLE_GLOBAL_BASELINE,HF9g-P5,,,,X 全窗基线 · 不参与实体赏罚,3923643,393,A168_HF9F_20260827_0900,2026-08-27 09:00:00
2026-06-19,124388107,1401,0,8.0000000000,8.0000000000,8.0000000000,1.0000000,1,1,0.49324550000000000,0.493245500000,1.01360149184955,1.01360149184955,1.01360149184955,0E-17,ELIGIBLE,R03b_20260811_FULL_v1,L1_ELIGIBILITY,v2026-08-11,2026-03-21..2026-08-06,baccarat_bet02_101_all_pairs_incl_sentinel,round_win = game_pnl > 0 (decisive only),COMPATIBILITY_ONLY_NOT_PRODUCTION,2421.0000,2249.0000,-62.0500,110,110,0.02562990,,0.02562990,0.02562990,62.0500,2421.0000,OK,0.0000,-2.4820,4.0000,96.0000,AG03-UNRESOLVED,ALL5_LEVELS_bet23_to_bet27,-2.4820,-2.4820,-2.4820,-2.4820,-2.4820,4.000000,4.000000,4.000000,4.000000,4.000000,96.000000,96.000000,96.000000,96.000000,96.000000,5.0,-12.4100,-11.4561,-49.6400,-50.5939,PENDING_AG03,FALSE,NOT_FOR_ENFORCEMENT,-59.5680,2159.0400,-62.0500,-59.5680,-2.4820,-0.02562990,-0.02460471,-2.4820,-59.5680,-0.02460471,-2.4820,-2.4820,-2.4820,-2.4820,-2.4820,-59.5680,-0.02460471,-12.4100,-11.4561,-49.6400,-50.5939,-0.02050392,-0.02089792,-0.00102520,22.0091,20.4455,-0.5641,-3.1025,-0.7955,121.0500,5.5000,,22.0091,10.0,20.0,30.0,40.0,50.0,140.0002,12.0,0.0,2.5,7.000008,1.100455,23,56,16,2,0E-8,-0.02562990,,0E-8,0.000000,0.928955,0.000000,,2026-04-30,2026-06-25,20,78,72,57,0.350877,,,0.000000,,,,,,,,GLOBAL_BASELINE_NO_ENTITY_RANKING,,,NOT_APPLICABLE_GLOBAL_BASELINE,HF9g-P5,,,,X 全窗基线 · 不参与实体赏罚,3923644,393,A168_HF9F_20260827_0900,2026-08-27 09:00:00
2026-06-20,124388107,-1,1,20.0000000000,-20.0000000000,-20.0000000000,0E-7,1,1,0.49324550000000000,0.493245500000,-0.9865810262130424,-0.9865810262130424,-0.9865810262130424,0E-17,SENTINEL_DEALER,R03b_20260811_FULL_v1,L1_ELIGIBILITY,v2026-08-11,2026-03-21..2026-08-06,baccarat_bet02_101_all_pairs_incl_sentinel,round_win = game_pnl > 0 (decisive only),COMPATIBILITY_ONLY_NOT_PRODUCTION,2421.0000,2249.0000,-62.0500,110,110,0.02562990,,0.02562990,0.02562990,62.0500,2421.0000,OK,0.0000,-2.4820,4.0000,96.0000,AG03-UNRESOLVED,ALL5_LEVELS_bet23_to_bet27,-2.4820,-2.4820,-2.4820,-2.4820,-2.4820,4.000000,4.000000,4.000000,4.000000,4.000000,96.000000,96.000000,96.000000,96.000000,96.000000,5.0,-12.4100,-11.4561,-49.6400,-50.5939,PENDING_AG03,FALSE,NOT_FOR_ENFORCEMENT,-59.5680,2159.0400,-62.0500,-59.5680,-2.4820,-0.02562990,-0.02460471,-2.4820,-59.5680,-0.02460471,-2.4820,-2.4820,-2.4820,-2.4820,-2.4820,-59.5680,-0.02460471,-12.4100,-11.4561,-49.6400,-50.5939,-0.02050392,-0.02089792,-0.00102520,22.0091,20.4455,-0.5641,-3.1025,-0.7955,121.0500,5.5000,,22.0091,10.0,20.0,30.0,40.0,50.0,140.0002,12.0,0.0,2.5,7.000008,1.100455,23,56,16,2,0E-8,-0.02562990,,0E-8,0.000000,0.928955,0.000000,,2026-04-30,2026-06-25,20,78,72,57,0.350877,,,0.000000,,,,,,,,GLOBAL_BASELINE_NO_ENTITY_RANKING,,,NOT_APPLICABLE_GLOBAL_BASELINE,HF9g-P5,,,,X 全窗基线 · 不参与实体赏罚,3923645,393,A168_HF9F_20260827_0900,2026-08-27 09:00:00
2026-06-20,124388107,2141,0,13.0000000000,13.0000000000,13.0000000000,1.0000000,1,1,0.49324550000000000,0.493245500000,1.01360149184955,1.01360149184955,1.01360149184955,0E-17,ELIGIBLE,R03b_20260811_FULL_v1,L1_ELIGIBILITY,v2026-08-11,2026-03-21..2026-08-06,baccarat_bet02_101_all_pairs_incl_sentinel,round_win = game_pnl > 0 (decisive only),COMPATIBILITY_ONLY_NOT_PRODUCTION,2421.0000,2249.0000,-62.0500,110,110,0.02562990,,0.02562990,0.02562990,62.0500,2421.0000,OK,0.0000,-2.4820,4.0000,96.0000,AG03-UNRESOLVED,ALL5_LEVELS_bet23_to_bet27,-2.4820,-2.4820,-2.4820,-2.4820,-2.4820,4.000000,4.000000,4.000000,4.000000,4.000000,96.000000,96.000000,96.000000,96.000000,96.000000,5.0,-12.4100,-11.4561,-49.6400,-50.5939,PENDING_AG03,FALSE,NOT_FOR_ENFORCEMENT,-59.5680,2159.0400,-62.0500,-59.5680,-2.4820,-0.02562990,-0.02460471,-2.4820,-59.5680,-0.02460471,-2.4820,-2.4820,-2.4820,-2.4820,-2.4820,-59.5680,-0.02460471,-12.4100,-11.4561,-49.6400,-50.5939,-0.02050392,-0.02089792,-0.00102520,22.0091,20.4455,-0.5641,-3.1025,-0.7955,121.0500,5.5000,,22.0091,10.0,20.0,30.0,40.0,50.0,140.0002,12.0,0.0,2.5,7.000008,1.100455,23,56,16,2,0E-8,-0.02562990,,0E-8,0.000000,0.928955,0.000000,,2026-04-30,2026-06-25,20,78,72,57,0.350877,,,0.000000,,,,,,,,GLOBAL_BASELINE_NO_ENTITY_RANKING,,,NOT_APPLICABLE_GLOBAL_BASELINE,HF9g-P5,,,,X 全窗基线 · 不参与实体赏罚,3923646,393,A168_HF9F_20260827_0900,2026-08-27 09:00:00
2026-06-20,124388107,462,0,13.0000000000,0E-10,0E-10,,1,1,0.49324550000000000,0.493245500000,,,,0E-17,NO_DECISIVE_ROUND,R03b_20260811_FULL_v1,L1_ELIGIBILITY,v2026-08-11,2026-03-21..2026-08-06,baccarat_bet02_101_all_pairs_incl_sentinel,round_win = game_pnl > 0 (decisive only),COMPATIBILITY_ONLY_NOT_PRODUCTION,2421.0000,2249.0000,-62.0500,110,110,0.02562990,,0.02562990,0.02562990,62.0500,2421.0000,OK,0.0000,-2.4820,4.0000,96.0000,AG03-UNRESOLVED,ALL5_LEVELS_bet23_to_bet27,-2.4820,-2.4820,-2.4820,-2.4820,-2.4820,4.000000,4.000000,4.000000,4.000000,4.000000,96.000000,96.000000,96.000000,96.000000,96.000000,5.0,-12.4100,-11.4561,-49.6400,-50.5939,PENDING_AG03,FALSE,NOT_FOR_ENFORCEMENT,-59.5680,2159.0400,-62.0500,-59.5680,-2.4820,-0.02562990,-0.02460471,-2.4820,-59.5680,-0.02460471,-2.4820,-2.4820,-2.4820,-2.4820,-2.4820,-59.5680,-0.02460471,-12.4100,-11.4561,-49.6400,-50.5939,-0.02050392,-0.02089792,-0.00102520,22.0091,20.4455,-0.5641,-3.1025,-0.7955,121.0500,5.5000,,22.0091,10.0,20.0,30.0,40.0,50.0,140.0002,12.0,0.0,2.5,7.000008,1.100455,23,56,16,2,0E-8,-0.02562990,,0E-8,0.000000,0.928955,0.000000,,2026-04-30,2026-06-25,20,78,72,57,0.350877,,,0.000000,,,,,,,,GLOBAL_BASELINE_NO_ENTITY_RANKING,,,NOT_APPLICABLE_GLOBAL_BASELINE,HF9g-P5,,,,X 全窗基线 · 不参与实体赏罚,3923647,393,A168_HF9F_20260827_0900,2026-08-27 09:00:00
2026-06-20,124388107,970,0,12.0000000000,11.4000000000,11.4000000000,1.0000000,1,1,0.50665070000000000,0.506650700000,0.9867858985152569,0.9867858985152569,0.9867858985152569,0E-17,ELIGIBLE,R03b_20260811_FULL_v1,L1_ELIGIBILITY,v2026-08-11,2026-03-21..2026-08-06,baccarat_bet02_101_all_pairs_incl_sentinel,round_win = game_pnl > 0 (decisive only),COMPATIBILITY_ONLY_NOT_PRODUCTION,2421.0000,2249.0000,-62.0500,110,110,0.02562990,,0.02562990,0.02562990,62.0500,2421.0000,OK,0.0000,-2.4820,4.0000,96.0000,AG03-UNRESOLVED,ALL5_LEVELS_bet23_to_bet27,-2.4820,-2.4820,-2.4820,-2.4820,-2.4820,4.000000,4.000000,4.000000,4.000000,4.000000,96.000000,96.000000,96.000000,96.000000,96.000000,5.0,-12.4100,-11.4561,-49.6400,-50.5939,PENDING_AG03,FALSE,NOT_FOR_ENFORCEMENT,-59.5680,2159.0400,-62.0500,-59.5680,-2.4820,-0.02562990,-0.02460471,-2.4820,-59.5680,-0.02460471,-2.4820,-2.4820,-2.4820,-2.4820,-2.4820,-59.5680,-0.02460471,-12.4100,-11.4561,-49.6400,-50.5939,-0.02050392,-0.02089792,-0.00102520,22.0091,20.4455,-0.5641,-3.1025,-0.7955,121.0500,5.5000,,22.0091,10.0,20.0,30.0,40.0,50.0,140.0002,12.0,0.0,2.5,7.000008,1.100455,23,56,16,2,0E-8,-0.02562990,,0E-8,0.000000,0.928955,0.000000,,2026-04-30,2026-06-25,20,78,72,57,0.350877,,,0.000000,,,,,,,,GLOBAL_BASELINE_NO_ENTITY_RANKING,,,NOT_APPLICABLE_GLOBAL_BASELINE,HF9g-P5,,,,X 全窗基线 · 不参与实体赏罚,3923648,393,A168_HF9F_20260827_0900,2026-08-27 09:00:00
2026-06-21,124388107,-1,1,12.0000000000,11.4000000000,11.4000000000,1.0000000,1,1,0.50665070000000000,0.506650700000,0.9867858985152569,0.9867858985152569,0.9867858985152569,0E-17,SENTINEL_DEALER,R03b_20260811_FULL_v1,L1_ELIGIBILITY,v2026-08-11,2026-03-21..2026-08-06,baccarat_bet02_101_all_pairs_incl_sentinel,round_win = game_pnl > 0 (decisive only),COMPATIBILITY_ONLY_NOT_PRODUCTION,2421.0000,2249.0000,-62.0500,110,110,0.02562990,,0.02562990,0.02562990,62.0500,2421.0000,OK,0.0000,-2.4820,4.0000,96.0000,AG03-UNRESOLVED,ALL5_LEVELS_bet23_to_bet27,-2.4820,-2.4820,-2.4820,-2.4820,-2.4820,4.000000,4.000000,4.000000,4.000000,4.000000,96.000000,96.000000,96.000000,96.000000,96.000000,5.0,-12.4100,-11.4561,-49.6400,-50.5939,PENDING_AG03,FALSE,NOT_FOR_ENFORCEMENT,-59.5680,2159.0400,-62.0500,-59.5680,-2.4820,-0.02562990,-0.02460471,-2.4820,-59.5680,-0.02460471,-2.4820,-2.4820,-2.4820,-2.4820,-2.4820,-59.5680,-0.02460471,-12.4100,-11.4561,-49.6400,-50.5939,-0.02050392,-0.02089792,-0.00102520,22.0091,20.4455,-0.5641,-3.1025,-0.7955,121.0500,5.5000,,22.0091,10.0,20.0,30.0,40.0,50.0,140.0002,12.0,0.0,2.5,7.000008,1.100455,23,56,16,2,0E-8,-0.02562990,,0E-8,0.000000,0.928955,0.000000,,2026-04-30,2026-06-25,20,78,72,57,0.350877,,,0.000000,,,,,,,,GLOBAL_BASELINE_NO_ENTITY_RANKING,,,NOT_APPLICABLE_GLOBAL_BASELINE,HF9g-P5,,,,X 全窗基线 · 不参与实体赏罚,3923649,393,A168_HF9F_20260827_0900,2026-08-27 09:00:00
2026-06-22,124388107,1384,0,12.0000000000,-12.0000000000,-12.0000000000,0E-7,1,1,0.49324550000000000,0.493245500000,-0.9865810262130424,-0.9865810262130424,-0.9865810262130424,0E-17,ELIGIBLE,R03b_20260811_FULL_v1,L1_ELIGIBILITY,v2026-08-11,2026-03-21..2026-08-06,baccarat_bet02_101_all_pairs_incl_sentinel,round_win = game_pnl > 0 (decisive only),COMPATIBILITY_ONLY_NOT_PRODUCTION,2421.0000,2249.0000,-62.0500,110,110,0.02562990,,0.02562990,0.02562990,62.0500,2421.0000,OK,0.0000,-2.4820,4.0000,96.0000,AG03-UNRESOLVED,ALL5_LEVELS_bet23_to_bet27,-2.4820,-2.4820,-2.4820,-2.4820,-2.4820,4.000000,4.000000,4.000000,4.000000,4.000000,96.000000,96.000000,96.000000,96.000000,96.000000,5.0,-12.4100,-11.4561,-49.6400,-50.5939,PENDING_AG03,FALSE,NOT_FOR_ENFORCEMENT,-59.5680,2159.0400,-62.0500,-59.5680,-2.4820,-0.02562990,-0.02460471,-2.4820,-59.5680,-0.02460471,-2.4820,-2.4820,-2.4820,-2.4820,-2.4820,-59.5680,-0.02460471,-12.4100,-11.4561,-49.6400,-50.5939,-0.02050392,-0.02089792,-0.00102520,22.0091,20.4455,-0.5641,-3.1025,-0.7955,121.0500,5.5000,,22.0091,10.0,20.0,30.0,40.0,50.0,140.0002,12.0,0.0,2.5,7.000008,1.100455,23,56,16,2,0E-8,-0.02562990,,0E-8,0.000000,0.928955,0.000000,,2026-04-30,2026-06-25,20,78,72,57,0.350877,,,0.000000,,,,,,,,GLOBAL_BASELINE_NO_ENTITY_RANKING,,,NOT_APPLICABLE_GLOBAL_BASELINE,HF9g-P5,,,,X 全窗基线 · 不参与实体赏罚,3923650,393,A168_HF9F_20260827_0900,2026-08-27 09:00:00
2026-06-25,124388107,1935,0,10.0000000000,10.0000000000,10.0000000000,1.0000000,1,1,0.49324550000000000,0.493245500000,1.01360149184955,1.01360149184955,1.01360149184955,0E-17,ELIGIBLE,R03b_20260811_FULL_v1,L1_ELIGIBILITY,v2026-08-11,2026-03-21..2026-08-06,baccarat_bet02_101_all_pairs_incl_sentinel,round_win = game_pnl > 0 (decisive only),COMPATIBILITY_ONLY_NOT_PRODUCTION,2421.0000,2249.0000,-62.0500,110,110,0.02562990,,0.02562990,0.02562990,62.0500,2421.0000,OK,0.0000,-2.4820,4.0000,96.0000,AG03-UNRESOLVED,ALL5_LEVELS_bet23_to_bet27,-2.4820,-2.4820,-2.4820,-2.4820,-2.4820,4.000000,4.000000,4.000000,4.000000,4.000000,96.000000,96.000000,96.000000,96.000000,96.000000,5.0,-12.4100,-11.4561,-49.6400,-50.5939,PENDING_AG03,FALSE,NOT_FOR_ENFORCEMENT,-59.5680,2159.0400,-62.0500,-59.5680,-2.4820,-0.02562990,-0.02460471,-2.4820,-59.5680,-0.02460471,-2.4820,-2.4820,-2.4820,-2.4820,-2.4820,-59.5680,-0.02460471,-12.4100,-11.4561,-49.6400,-50.5939,-0.02050392,-0.02089792,-0.00102520,22.0091,20.4455,-0.5641,-3.1025,-0.7955,121.0500,5.5000,,22.0091,10.0,20.0,30.0,40.0,50.0,140.0002,12.0,0.0,2.5,7.000008,1.100455,23,56,16,2,0E-8,-0.02562990,,0E-8,0.000000,0.928955,0.000000,,2026-04-30,2026-06-25,20,78,72,57,0.350877,,,0.000000,,,,,,,,GLOBAL_BASELINE_NO_ENTITY_RANKING,,,NOT_APPLICABLE_GLOBAL_BASELINE,HF9g-P5,,,,X 全窗基线 · 不参与实体赏罚,3923651,393,A168_HF9F_20260827_0900,2026-08-27 09:00:00
2026-06-25,124388107,1947,0,19.0000000000,-19.0000000000,-19.0000000000,0E-7,1,1,0.49324550000000000,0.493245500000,-0.9865810262130424,-0.9865810262130424,-0.9865810262130424,0E-17,ELIGIBLE,R03b_20260811_FULL_v1,L1_ELIGIBILITY,v2026-08-11,2026-03-21..2026-08-06,baccarat_bet02_101_all_pairs_incl_sentinel,round_win = game_pnl > 0 (decisive only),COMPATIBILITY_ONLY_NOT_PRODUCTION,2421.0000,2249.0000,-62.0500,110,110,0.02562990,,0.02562990,0.02562990,62.0500,2421.0000,OK,0.0000,-2.4820,4.0000,96.0000,AG03-UNRESOLVED,ALL5_LEVELS_bet23_to_bet27,-2.4820,-2.4820,-2.4820,-2.4820,-2.4820,4.000000,4.000000,4.000000,4.000000,4.000000,96.000000,96.000000,96.000000,96.000000,96.000000,5.0,-12.4100,-11.4561,-49.6400,-50.5939,PENDING_AG03,FALSE,NOT_FOR_ENFORCEMENT,-59.5680,2159.0400,-62.0500,-59.5680,-2.4820,-0.02562990,-0.02460471,-2.4820,-59.5680,-0.02460471,-2.4820,-2.4820,-2.4820,-2.4820,-2.4820,-59.5680,-0.02460471,-12.4100,-11.4561,-49.6400,-50.5939,-0.02050392,-0.02089792,-0.00102520,22.0091,20.4455,-0.5641,-3.1025,-0.7955,121.0500,5.5000,,22.0091,10.0,20.0,30.0,40.0,50.0,140.0002,12.0,0.0,2.5,7.000008,1.100455,23,56,16,2,0E-8,-0.02562990,,0E-8,0.000000,0.928955,0.000000,,2026-04-30,2026-06-25,20,78,72,57,0.350877,,,0.000000,,,,,,,,GLOBAL_BASELINE_NO_ENTITY_RANKING,,,NOT_APPLICABLE_GLOBAL_BASELINE,HF9g-P5,,,,X 全窗基线 · 不参与实体赏罚,3923652,393,A168_HF9F_20260827_0900,2026-08-27 09:00:00
2026-06-25,124388107,2088,0,30.0000000000,-30.0000000000,-30.0000000000,0E-7,1,1,0.49324550000000000,0.493245500000,-0.9865810262130424,-0.9865810262130424,-0.9865810262130424,0E-17,ELIGIBLE,R03b_20260811_FULL_v1,L1_ELIGIBILITY,v2026-08-11,2026-03-21..2026-08-06,baccarat_bet02_101_all_pairs_incl_sentinel,round_win = game_pnl > 0 (decisive only),COMPATIBILITY_ONLY_NOT_PRODUCTION,2421.0000,2249.0000,-62.0500,110,110,0.02562990,,0.02562990,0.02562990,62.0500,2421.0000,OK,0.0000,-2.4820,4.0000,96.0000,AG03-UNRESOLVED,ALL5_LEVELS_bet23_to_bet27,-2.4820,-2.4820,-2.4820,-2.4820,-2.4820,4.000000,4.000000,4.000000,4.000000,4.000000,96.000000,96.000000,96.000000,96.000000,96.000000,5.0,-12.4100,-11.4561,-49.6400,-50.5939,PENDING_AG03,FALSE,NOT_FOR_ENFORCEMENT,-59.5680,2159.0400,-62.0500,-59.5680,-2.4820,-0.02562990,-0.02460471,-2.4820,-59.5680,-0.02460471,-2.4820,-2.4820,-2.4820,-2.4820,-2.4820,-59.5680,-0.02460471,-12.4100,-11.4561,-49.6400,-50.5939,-0.02050392,-0.02089792,-0.00102520,22.0091,20.4455,-0.5641,-3.1025,-0.7955,121.0500,5.5000,,22.0091,10.0,20.0,30.0,40.0,50.0,140.0002,12.0,0.0,2.5,7.000008,1.100455,23,56,16,2,0E-8,-0.02562990,,0E-8,0.000000,0.928955,0.000000,,2026-04-30,2026-06-25,20,78,72,57,0.350877,,,0.000000,,,,,,,,GLOBAL_BASELINE_NO_ENTITY_RANKING,,,NOT_APPLICABLE_GLOBAL_BASELINE,HF9g-P5,,,,X 全窗基线 · 不参与实体赏罚,3923653,393,A168_HF9F_20260827_0900,2026-08-27 09:00:00
2026-06-25,124388107,595,0,20.0000000000,-20.0000000000,-20.0000000000,0E-7,1,1,0.49324550000000000,0.493245500000,-0.9865810262130424,-0.9865810262130424,-0.9865810262130424,0E-17,ELIGIBLE,R03b_20260811_FULL_v1,L1_ELIGIBILITY,v2026-08-11,2026-03-21..2026-08-06,baccarat_bet02_101_all_pairs_incl_sentinel,round_win = game_pnl > 0 (decisive only),COMPATIBILITY_ONLY_NOT_PRODUCTION,2421.0000,2249.0000,-62.0500,110,110,0.02562990,,0.02562990,0.02562990,62.0500,2421.0000,OK,0.0000,-2.4820,4.0000,96.0000,AG03-UNRESOLVED,ALL5_LEVELS_bet23_to_bet27,-2.4820,-2.4820,-2.4820,-2.4820,-2.4820,4.000000,4.000000,4.000000,4.000000,4.000000,96.000000,96.000000,96.000000,96.000000,96.000000,5.0,-12.4100,-11.4561,-49.6400,-50.5939,PENDING_AG03,FALSE,NOT_FOR_ENFORCEMENT,-59.5680,2159.0400,-62.0500,-59.5680,-2.4820,-0.02562990,-0.02460471,-2.4820,-59.5680,-0.02460471,-2.4820,-2.4820,-2.4820,-2.4820,-2.4820,-59.5680,-0.02460471,-12.4100,-11.4561,-49.6400,-50.5939,-0.02050392,-0.02089792,-0.00102520,22.0091,20.4455,-0.5641,-3.1025,-0.7955,121.0500,5.5000,,22.0091,10.0,20.0,30.0,40.0,50.0,140.0002,12.0,0.0,2.5,7.000008,1.100455,23,56,16,2,0E-8,-0.02562990,,0E-8,0.000000,0.928955,0.000000,,2026-04-30,2026-06-25,20,78,72,57,0.350877,,,0.000000,,,,,,,,GLOBAL_BASELINE_NO_ENTITY_RANKING,,,NOT_APPLICABLE_GLOBAL_BASELINE,HF9g-P5,,,,X 全窗基线 · 不参与实体赏罚,3923654,393,A168_HF9F_20260827_0900,2026-08-27 09:00:00
2026-03-27,145785808,2093,0,65.3150799457,62.0493259484,62.0493259484,1.0000000,1,1,0.50665070000000000,0.506650700000,0.9867858985152569,0.9867858985152569,0.9867858985152569,0E-17,ELIGIBLE,R03b_20260811_FULL_v1,L1_ELIGIBILITY,v2026-08-11,2026-03-21..2026-08-06,baccarat_bet02_101_all_pairs_incl_sentinel,round_win = game_pnl > 0 (decisive only),COMPATIBILITY_ONLY_NOT_PRODUCTION,65.3151,65.3151,-62.0493,1,1,0.95000000,,0.95000000,0.95000000,62.0493,65.3151,THIN_EXPOSURE,0.0000,-2.4820,4.0000,96.0000,AG03-UNRESOLVED,ALL5_LEVELS_bet23_to_bet27,-2.4820,-2.4820,-2.4820,-2.4820,-2.4820,4.000000,4.000000,4.000000,4.000000,4.000000,96.000000,96.000000,96.000000,96.000000,96.000000,5.0,-12.4099,-11.456,-49.6395,-50.5933,PENDING_AG03,FALSE,NOT_FOR_ENFORCEMENT,-59.5674,62.7025,-62.0493,-59.5674,-2.4820,-0.95000000,-0.91200000,-2.4820,-59.5674,-0.91200000,-2.4820,-2.4820,-2.4820,-2.4820,-2.4820,-59.5674,-0.91200000,-12.4099,-11.456,-49.6395,-50.5933,-0.76000000,-0.77460406,-0.03800000,65.3151,65.3151,-62.0493,-62.0493,-62.0493,65.3151,1.0000,,65.3151,65.3151,65.3151,65.3151,65.3151,65.3151,65.3151,65.3151,62.0493,1.0,1.0,1.0,1,1,1,1,0E-8,-0.95000000,,0E-8,0.000000,1.000000,0.000000,,2026-03-27,2026-03-27,1,1,1,1,1.000000,,,0.000000,,,,,,,,GLOBAL_BASELINE_NO_ENTITY_RANKING,,,NOT_APPLICABLE_GLOBAL_BASELINE,HF9g-P5,,,,X 全窗基线 · 不参与实体赏罚,3923655,393,A168_HF9F_20260827_0900,2026-08-27 09:00:00
2026-05-04,149528093,1004,0,336.0991492490,-336.0991492490,-336.0991492490,0E-7,2,2,0.49994810000000000,0.499948100000,-1.4140667746232096,-1.4140667746232096,-1.4140667746232096,0E-17,ELIGIBLE,R03b_20260811_FULL_v1,L1_ELIGIBILITY,v2026-08-11,2026-03-21..2026-08-06,baccarat_bet02_101_all_pairs_incl_sentinel,round_win = game_pnl > 0 (decisive only),COMPATIBILITY_ONLY_NOT_PRODUCTION,2316.1433,2257.3259,-62.0418,46,45,0.02678669,,0.02678669,0.02678669,62.0418,2316.1433,OK,0.0000,-2.4817,4.0000,96.0000,AG03-UNRESOLVED,ALL5_LEVELS_bet23_to_bet27,-2.4817,-2.4817,-2.4817,-3.7225,-3.7225,4.000000,4.000000,4.000000,6.000000,6.000000,96.000000,96.000000,96.000000,94.000000,94.000000,5.0,-14.8900,-13.5405,-47.1518,-48.5013,PENDING_AG03,FALSE,NOT_FOR_ENFORCEMENT,-59.5601,2167.0329,-62.0418,-59.5601,-2.4817,-0.02678669,-0.02571522,-2.4817,-59.5601,-0.02571522,-2.4817,-2.4817,-2.4817,-3.7225,-3.7225,-59.5601,-0.02571522,-14.8900,-13.5405,-47.1518,-48.5013,-0.02035788,-0.02094056,-0.00107147,50.3509,50.1628,-1.3787,-12.4084,-6.2042,463.2287,9.0000,,50.3509,14.7043,40.9621,84.0248,122.8862,147.0434,189.0558,38.8615,10.23,3.589744,4.615385,1.229209,8,11,8,3,0E-8,-0.02678669,,0E-8,0.000000,0.974605,0.000000,,2026-05-04,2026-05-31,5,10,10,28,0.178571,,,0.000000,,,,,,,,GLOBAL_BASELINE_NO_ENTITY_RANKING,,,NOT_APPLICABLE_GLOBAL_BASELINE,HF9g-P5,,,,X 全窗基线 · 不参与实体赏罚,3923656,393,A168_HF9F_20260827_0900,2026-08-27 09:00:00
2026-05-04,149528093,1382,0,956.4121415819,481.1469383470,481.1469383470,0.8181818,11,11,0.49812011818181818,0.498120118182,2.123064143008664,2.123064143007455,2.123064143008664,-1.8182E-13,ELIGIBLE,R03b_20260811_FULL_v1,L1_ELIGIBILITY,v2026-08-11,2026-03-21..2026-08-06,baccarat_bet02_101_all_pairs_incl_sentinel,round_win = game_pnl > 0 (decisive only),COMPATIBILITY_ONLY_NOT_PRODUCTION,2316.1433,2257.3259,-62.0418,46,45,0.02678669,,0.02678669,0.02678669,62.0418,2316.1433,OK,0.0000,-2.4817,4.0000,96.0000,AG03-UNRESOLVED,ALL5_LEVELS_bet23_to_bet27,-2.4817,-2.4817,-2.4817,-3.7225,-3.7225,4.000000,4.000000,4.000000,6.000000,6.000000,96.000000,96.000000,96.000000,94.000000,94.000000,5.0,-14.8900,-13.5405,-47.1518,-48.5013,PENDING_AG03,FALSE,NOT_FOR_ENFORCEMENT,-59.5601,2167.0329,-62.0418,-59.5601,-2.4817,-0.02678669,-0.02571522,-2.4817,-59.5601,-0.02571522,-2.4817,-2.4817,-2.4817,-3.7225,-3.7225,-59.5601,-0.02571522,-14.8900,-13.5405,-47.1518,-48.5013,-0.02035788,-0.02094056,-0.00107147,50.3509,50.1628,-1.3787,-12.4084,-6.2042,463.2287,9.0000,,50.3509,14.7043,40.9621,84.0248,122.8862,147.0434,189.0558,38.8615,10.23,3.589744,4.615385,1.229209,8,11,8,3,0E-8,-0.02678669,,0E-8,0.000000,0.974605,0.000000,,2026-05-04,2026-05-31,5,10,10,28,0.178571,,,0.000000,,,,,,,,GLOBAL_BASELINE_NO_ENTITY_RANKING,,,NOT_APPLICABLE_GLOBAL_BASELINE,HF9g-P5,,,,X 全窗基线 · 不参与实体赏罚,3923657,393,A168_HF9F_20260827_0900,2026-08-27 09:00:00
2026-05-07,149528093,1401,0,153.3452368449,-10.5030984139,-10.5030984139,0.6000000,6,5,0.48730089272731006,0.448485480000,0.5041683677315328,0.681218741353117,0.5041683677315328,0.03881541272731006,ELIGIBLE,R03b_20260811_FULL_v1,L1_ELIGIBILITY,v2026-08-11,2026-03-21..2026-08-06,baccarat_bet02_101_all_pairs_incl_sentinel,round_win = game_pnl > 0 (decisive only),COMPATIBILITY_ONLY_NOT_PRODUCTION,2316.1433,2257.3259,-62.0418,46,45,0.02678669,,0.02678669,0.02678669,62.0418,2316.1433,OK,0.0000,-2.4817,4.0000,96.0000,AG03-UNRESOLVED,ALL5_LEVELS_bet23_to_bet27,-2.4817,-2.4817,-2.4817,-3.7225,-3.7225,4.000000,4.000000,4.000000,6.000000,6.000000,96.000000,96.000000,96.000000,94.000000,94.000000,5.0,-14.8900,-13.5405,-47.1518,-48.5013,PENDING_AG03,FALSE,NOT_FOR_ENFORCEMENT,-59.5601,2167.0329,-62.0418,-59.5601,-2.4817,-0.02678669,-0.02571522,-2.4817,-59.5601,-0.02571522,-2.4817,-2.4817,-2.4817,-3.7225,-3.7225,-59.5601,-0.02571522,-14.8900,-13.5405,-47.1518,-48.5013,-0.02035788,-0.02094056,-0.00107147,50.3509,50.1628,-1.3787,-12.4084,-6.2042,463.2287,9.0000,,50.3509,14.7043,40.9621,84.0248,122.8862,147.0434,189.0558,38.8615,10.23,3.589744,4.615385,1.229209,8,11,8,3,0E-8,-0.02678669,,0E-8,0.000000,0.974605,0.000000,,2026-05-04,2026-05-31,5,10,10,28,0.178571,,,0.000000,,,,,,,,GLOBAL_BASELINE_NO_ENTITY_RANKING,,,NOT_APPLICABLE_GLOBAL_BASELINE,HF9g-P5,,,,X 全窗基线 · 不参与实体赏罚,3923658,393,A168_HF9F_20260827_0900,2026-08-27 09:00:00
2026-05-09,149528093,2127,0,47.2639428631,-15.7546476211,-15.7546476211,0.3333333,3,3,0.49324550000000000,0.493245500000,-0.5540025479526107,-0.5540025479526106,-0.5540025479526107,0E-17,ELIGIBLE,R03b_20260811_FULL_v1,L1_ELIGIBILITY,v2026-08-11,2026-03-21..2026-08-06,baccarat_bet02_101_all_pairs_incl_sentinel,round_win = game_pnl > 0 (decisive only),COMPATIBILITY_ONLY_NOT_PRODUCTION,2316.1433,2257.3259,-62.0418,46,45,0.02678669,,0.02678669,0.02678669,62.0418,2316.1433,OK,0.0000,-2.4817,4.0000,96.0000,AG03-UNRESOLVED,ALL5_LEVELS_bet23_to_bet27,-2.4817,-2.4817,-2.4817,-3.7225,-3.7225,4.000000,4.000000,4.000000,6.000000,6.000000,96.000000,96.000000,96.000000,94.000000,94.000000,5.0,-14.8900,-13.5405,-47.1518,-48.5013,PENDING_AG03,FALSE,NOT_FOR_ENFORCEMENT,-59.5601,2167.0329,-62.0418,-59.5601,-2.4817,-0.02678669,-0.02571522,-2.4817,-59.5601,-0.02571522,-2.4817,-2.4817,-2.4817,-3.7225,-3.7225,-59.5601,-0.02571522,-14.8900,-13.5405,-47.1518,-48.5013,-0.02035788,-0.02094056,-0.00107147,50.3509,50.1628,-1.3787,-12.4084,-6.2042,463.2287,9.0000,,50.3509,14.7043,40.9621,84.0248,122.8862,147.0434,189.0558,38.8615,10.23,3.589744,4.615385,1.229209,8,11,8,3,0E-8,-0.02678669,,0E-8,0.000000,0.974605,0.000000,,2026-05-04,2026-05-31,5,10,10,28,0.178571,,,0.000000,,,,,,,,GLOBAL_BASELINE_NO_ENTITY_RANKING,,,NOT_APPLICABLE_GLOBAL_BASELINE,HF9g-P5,,,,X 全窗基线 · 不参与实体赏罚,3923659,393,A168_HF9F_20260827_0900,2026-08-27 09:00:00
2026-05-23,149528093,-1,1,21.0061968281,19.9558869867,19.9558869867,1.0000000,1,1,0.50665070000000000,0.506650700000,0.9867858985152569,0.9867858985152569,0.9867858985152569,0E-17,SENTINEL_DEALER,R03b_20260811_FULL_v1,L1_ELIGIBILITY,v2026-08-11,2026-03-21..2026-08-06,baccarat_bet02_101_all_pairs_incl_sentinel,round_win = game_pnl > 0 (decisive only),COMPATIBILITY_ONLY_NOT_PRODUCTION,2316.1433,2257.3259,-62.0418,46,45,0.02678669,,0.02678669,0.02678669,62.0418,2316.1433,OK,0.0000,-2.4817,4.0000,96.0000,AG03-UNRESOLVED,ALL5_LEVELS_bet23_to_bet27,-2.4817,-2.4817,-2.4817,-3.7225,-3.7225,4.000000,4.000000,4.000000,6.000000,6.000000,96.000000,96.000000,96.000000,94.000000,94.000000,5.0,-14.8900,-13.5405,-47.1518,-48.5013,PENDING_AG03,FALSE,NOT_FOR_ENFORCEMENT,-59.5601,2167.0329,-62.0418,-59.5601,-2.4817,-0.02678669,-0.02571522,-2.4817,-59.5601,-0.02571522,-2.4817,-2.4817,-2.4817,-3.7225,-3.7225,-59.5601,-0.02571522,-14.8900,-13.5405,-47.1518,-48.5013,-0.02035788,-0.02094056,-0.00107147,50.3509,50.1628,-1.3787,-12.4084,-6.2042,463.2287,9.0000,,50.3509,14.7043,40.9621,84.0248,122.8862,147.0434,189.0558,38.8615,10.23,3.589744,4.615385,1.229209,8,11,8,3,0E-8,-0.02678669,,0E-8,0.000000,0.974605,0.000000,,2026-05-04,2026-05-31,5,10,10,28,0.178571,,,0.000000,,,,,,,,GLOBAL_BASELINE_NO_ENTITY_RANKING,,,NOT_APPLICABLE_GLOBAL_BASELINE,HF9g-P5,,,,X 全窗基线 · 不参与实体赏罚,3923660,393,A168_HF9F_20260827_0900,2026-08-27 09:00:00
2026-05-23,149528093,2177,0,469.2784371390,-86.4510030459,-86.4510030459,0.5000000,7,7,0.50282064285714286,0.502820642857,-0.013818491375558404,-0.0138184913748585,-0.013818491375558404,1.4286E-13,ELIGIBLE,R03b_20260811_FULL_v1,L1_ELIGIBILITY,v2026-08-11,2026-03-21..2026-08-06,baccarat_bet02_101_all_pairs_incl_sentinel,round_win = game_pnl > 0 (decisive only),COMPATIBILITY_ONLY_NOT_PRODUCTION,2316.1433,2257.3259,-62.0418,46,45,0.02678669,,0.02678669,0.02678669,62.0418,2316.1433,OK,0.0000,-2.4817,4.0000,96.0000,AG03-UNRESOLVED,ALL5_LEVELS_bet23_to_bet27,-2.4817,-2.4817,-2.4817,-3.7225,-3.7225,4.000000,4.000000,4.000000,6.000000,6.000000,96.000000,96.000000,96.000000,94.000000,94.000000,5.0,-14.8900,-13.5405,-47.1518,-48.5013,PENDING_AG03,FALSE,NOT_FOR_ENFORCEMENT,-59.5601,2167.0329,-62.0418,-59.5601,-2.4817,-0.02678669,-0.02571522,-2.4817,-59.5601,-0.02571522,-2.4817,-2.4817,-2.4817,-3.7225,-3.7225,-59.5601,-0.02571522,-14.8900,-13.5405,-47.1518,-48.5013,-0.02035788,-0.02094056,-0.00107147,50.3509,50.1628,-1.3787,-12.4084,-6.2042,463.2287,9.0000,,50.3509,14.7043,40.9621,84.0248,122.8862,147.0434,189.0558,38.8615,10.23,3.589744,4.615385,1.229209,8,11,8,3,0E-8,-0.02678669,,0E-8,0.000000,0.974605,0.000000,,2026-05-04,2026-05-31,5,10,10,28,0.178571,,,0.000000,,,,,,,,GLOBAL_BASELINE_NO_ENTITY_RANKING,,,NOT_APPLICABLE_GLOBAL_BASELINE,HF9g-P5,,,,X 全窗基线 · 不参与实体赏罚,3923661,393,A168_HF9F_20260827_0900,2026-08-27 09:00:00
2026-05-23,149528093,970,0,151.2446171621,23.3168784792,23.3168784792,0.7500000,4,4,0.49994810000000000,0.499948100000,1.0002076053883384,1.0002076053883384,1.0002076053883384,0E-17,ELIGIBLE,R03b_20260811_FULL_v1,L1_ELIGIBILITY,v2026-08-11,2026-03-21..2026-08-06,baccarat_bet02_101_all_pairs_incl_sentinel,round_win = game_pnl > 0 (decisive only),COMPATIBILITY_ONLY_NOT_PRODUCTION,2316.1433,2257.3259,-62.0418,46,45,0.02678669,,0.02678669,0.02678669,62.0418,2316.1433,OK,0.0000,-2.4817,4.0000,96.0000,AG03-UNRESOLVED,ALL5_LEVELS_bet23_to_bet27,-2.4817,-2.4817,-2.4817,-3.7225,-3.7225,4.000000,4.000000,4.000000,6.000000,6.000000,96.000000,96.000000,96.000000,94.000000,94.000000,5.0,-14.8900,-13.5405,-47.1518,-48.5013,PENDING_AG03,FALSE,NOT_FOR_ENFORCEMENT,-59.5601,2167.0329,-62.0418,-59.5601,-2.4817,-0.02678669,-0.02571522,-2.4817,-59.5601,-0.02571522,-2.4817,-2.4817,-2.4817,-3.7225,-3.7225,-59.5601,-0.02571522,-14.8900,-13.5405,-47.1518,-48.5013,-0.02035788,-0.02094056,-0.00107147,50.3509,50.1628,-1.3787,-12.4084,-6.2042,463.2287,9.0000,,50.3509,14.7043,40.9621,84.0248,122.8862,147.0434,189.0558,38.8615,10.23,3.589744,4.615385,1.229209,8,11,8,3,0E-8,-0.02678669,,0E-8,0.000000,0.974605,0.000000,,2026-05-04,2026-05-31,5,10,10,28,0.178571,,,0.000000,,,,,,,,GLOBAL_BASELINE_NO_ENTITY_RANKING,,,NOT_APPLICABLE_GLOBAL_BASELINE,HF9g-P5,,,,X 全窗基线 · 不参与实体赏罚,3923662,393,A168_HF9F_20260827_0900,2026-08-27 09:00:00
2026-05-23,149528093,986,0,83.1845394391,3.3609914925,3.3609914925,0.5000000,2,2,0.49994810000000000,0.499948100000,0.00014679536856514622,0.00014679536856514622,0.00014679536856514622,0E-17,ELIGIBLE,R03b_20260811_FULL_v1,L1_ELIGIBILITY,v2026-08-11,2026-03-21..2026-08-06,baccarat_bet02_101_all_pairs_incl_sentinel,round_win = game_pnl > 0 (decisive only),COMPATIBILITY_ONLY_NOT_PRODUCTION,2316.1433,2257.3259,-62.0418,46,45,0.02678669,,0.02678669,0.02678669,62.0418,2316.1433,OK,0.0000,-2.4817,4.0000,96.0000,AG03-UNRESOLVED,ALL5_LEVELS_bet23_to_bet27,-2.4817,-2.4817,-2.4817,-3.7225,-3.7225,4.000000,4.000000,4.000000,6.000000,6.000000,96.000000,96.000000,96.000000,94.000000,94.000000,5.0,-14.8900,-13.5405,-47.1518,-48.5013,PENDING_AG03,FALSE,NOT_FOR_ENFORCEMENT,-59.5601,2167.0329,-62.0418,-59.5601,-2.4817,-0.02678669,-0.02571522,-2.4817,-59.5601,-0.02571522,-2.4817,-2.4817,-2.4817,-3.7225,-3.7225,-59.5601,-0.02571522,-14.8900,-13.5405,-47.1518,-48.5013,-0.02035788,-0.02094056,-0.00107147,50.3509,50.1628,-1.3787,-12.4084,-6.2042,463.2287,9.0000,,50.3509,14.7043,40.9621,84.0248,122.8862,147.0434,189.0558,38.8615,10.23,3.589744,4.615385,1.229209,8,11,8,3,0E-8,-0.02678669,,0E-8,0.000000,0.974605,0.000000,,2026-05-04,2026-05-31,5,10,10,28,0.178571,,,0.000000,,,,,,,,GLOBAL_BASELINE_NO_ENTITY_RANKING,,,NOT_APPLICABLE_GLOBAL_BASELINE,HF9g-P5,,,,X 全窗基线 · 不参与实体赏罚,3923663,393,A168_HF9F_20260827_0900,2026-08-27 09:00:00
2026-05-31,149528093,1402,0,33.1897909883,3.3609914926,3.3609914926,0.5000000,4,4,0.49994810000000000,0.499948100000,0.00020760000111838688,0.00020760000111838688,0.00020760000111838688,0E-17,ELIGIBLE,R03b_20260811_FULL_v1,L1_ELIGIBILITY,v2026-08-11,2026-03-21..2026-08-06,baccarat_bet02_101_all_pairs_incl_sentinel,round_win = game_pnl > 0 (decisive only),COMPATIBILITY_ONLY_NOT_PRODUCTION,2316.1433,2257.3259,-62.0418,46,45,0.02678669,,0.02678669,0.02678669,62.0418,2316.1433,OK,0.0000,-2.4817,4.0000,96.0000,AG03-UNRESOLVED,ALL5_LEVELS_bet23_to_bet27,-2.4817,-2.4817,-2.4817,-3.7225,-3.7225,4.000000,4.000000,4.000000,6.000000,6.000000,96.000000,96.000000,96.000000,94.000000,94.000000,5.0,-14.8900,-13.5405,-47.1518,-48.5013,PENDING_AG03,FALSE,NOT_FOR_ENFORCEMENT,-59.5601,2167.0329,-62.0418,-59.5601,-2.4817,-0.02678669,-0.02571522,-2.4817,-59.5601,-0.02571522,-2.4817,-2.4817,-2.4817,-3.7225,-3.7225,-59.5601,-0.02571522,-14.8900,-13.5405,-47.1518,-48.5013,-0.02035788,-0.02094056,-0.00107147,50.3509,50.1628,-1.3787,-12.4084,-6.2042,463.2287,9.0000,,50.3509,14.7043,40.9621,84.0248,122.8862,147.0434,189.0558,38.8615,10.23,3.589744,4.615385,1.229209,8,11,8,3,0E-8,-0.02678669,,0E-8,0.000000,0.974605,0.000000,,2026-05-04,2026-05-31,5,10,10,28,0.178571,,,0.000000,,,,,,,,GLOBAL_BASELINE_NO_ENTITY_RANKING,,,NOT_APPLICABLE_GLOBAL_BASELINE,HF9g-P5,,,,X 全窗基线 · 不参与实体赏罚,3923664,393,A168_HF9F_20260827_0900,2026-08-27 09:00:00
2026-05-31,149528093,2169,0,20.1659489549,3.3609914925,3.3609914925,0.5000000,2,2,0.49324550000000000,0.493245500000,0.01910635448239258,0.01910635448239258,0.01910635448239258,0E-17,ELIGIBLE,R03b_20260811_FULL_v1,L1_ELIGIBILITY,v2026-08-11,2026-03-21..2026-08-06,baccarat_bet02_101_all_pairs_incl_sentinel,round_win = game_pnl > 0 (decisive only),COMPATIBILITY_ONLY_NOT_PRODUCTION,2316.1433,2257.3259,-62.0418,46,45,0.02678669,,0.02678669,0.02678669,62.0418,2316.1433,OK,0.0000,-2.4817,4.0000,96.0000,AG03-UNRESOLVED,ALL5_LEVELS_bet23_to_bet27,-2.4817,-2.4817,-2.4817,-3.7225,-3.7225,4.000000,4.000000,4.000000,6.000000,6.000000,96.000000,96.000000,96.000000,94.000000,94.000000,5.0,-14.8900,-13.5405,-47.1518,-48.5013,PENDING_AG03,FALSE,NOT_FOR_ENFORCEMENT,-59.5601,2167.0329,-62.0418,-59.5601,-2.4817,-0.02678669,-0.02571522,-2.4817,-59.5601,-0.02571522,-2.4817,-2.4817,-2.4817,-3.7225,-3.7225,-59.5601,-0.02571522,-14.8900,-13.5405,-47.1518,-48.5013,-0.02035788,-0.02094056,-0.00107147,50.3509,50.1628,-1.3787,-12.4084,-6.2042,463.2287,9.0000,,50.3509,14.7043,40.9621,84.0248,122.8862,147.0434,189.0558,38.8615,10.23,3.589744,4.615385,1.229209,8,11,8,3,0E-8,-0.02678669,,0E-8,0.000000,0.974605,0.000000,,2026-05-04,2026-05-31,5,10,10,28,0.178571,,,0.000000,,,,,,,,GLOBAL_BASELINE_NO_ENTITY_RANKING,,,NOT_APPLICABLE_GLOBAL_BASELINE,HF9g-P5,,,,X 全窗基线 · 不参与实体赏罚,3923665,393,A168_HF9F_20260827_0900,2026-08-27 09:00:00
2026-05-31,149528093,2244,0,44.9532612120,-23.6529776283,-23.6529776283,0.2500000,4,4,0.50665070000000000,0.506650700000,-1.0266936290537745,-1.0266936290537745,-1.0266936290537745,0E-17,ELIGIBLE,R03b_20260811_FULL_v1,L1_ELIGIBILITY,v2026-08-11,2026-03-21..2026-08-06,baccarat_bet02_101_all_pairs_incl_sentinel,round_win = game_pnl > 0 (decisive only),COMPATIBILITY_ONLY_NOT_PRODUCTION,2316.1433,2257.3259,-62.0418,46,45,0.02678669,,0.02678669,0.02678669,62.0418,2316.1433,OK,0.0000,-2.4817,4.0000,96.0000,AG03-UNRESOLVED,ALL5_LEVELS_bet23_to_bet27,-2.4817,-2.4817,-2.4817,-3.7225,-3.7225,4.000000,4.000000,4.000000,6.000000,6.000000,96.000000,96.000000,96.000000,94.000000,94.000000,5.0,-14.8900,-13.5405,-47.1518,-48.5013,PENDING_AG03,FALSE,NOT_FOR_ENFORCEMENT,-59.5601,2167.0329,-62.0418,-59.5601,-2.4817,-0.02678669,-0.02571522,-2.4817,-59.5601,-0.02571522,-2.4817,-2.4817,-2.4817,-3.7225,-3.7225,-59.5601,-0.02571522,-14.8900,-13.5405,-47.1518,-48.5013,-0.02035788,-0.02094056,-0.00107147,50.3509,50.1628,-1.3787,-12.4084,-6.2042,463.2287,9.0000,,50.3509,14.7043,40.9621,84.0248,122.8862,147.0434,189.0558,38.8615,10.23,3.589744,4.615385,1.229209,8,11,8,3,0E-8,-0.02678669,,0E-8,0.000000,0.974605,0.000000,,2026-05-04,2026-05-31,5,10,10,28,0.178571,,,0.000000,,,,,,,,GLOBAL_BASELINE_NO_ENTITY_RANKING,,,NOT_APPLICABLE_GLOBAL_BASELINE,HF9g-P5,,,,X 全窗基线 · 不参与实体赏罚,3923666,393,A168_HF9F_20260827_0900,2026-08-27 09:00:00
2026-03-30,147962798,1994,0,89.7959183674,62.0408163265,62.0408163265,1.0000000,2,2,0.50665070000000000,0.506650700000,0.9867858985152569,0.9867858985152569,0.9867858985152569,0E-17,ELIGIBLE,R03b_20260811_FULL_v1,L1_ELIGIBILITY,v2026-08-11,2026-03-21..2026-08-06,baccarat_bet02_101_all_pairs_incl_sentinel,round_win = game_pnl > 0 (decisive only),COMPATIBILITY_ONLY_NOT_PRODUCTION,89.7959,65.3061,-62.0408,2,2,0.69090909,,0.69090909,0.69090909,62.0408,89.7959,THIN_EXPOSURE,0.0000,-2.4816,4.0000,96.0000,AG03-UNRESOLVED,ALL5_LEVELS_bet23_to_bet27,-2.4816,-2.4816,-2.4816,-2.4816,-2.4816,4.000000,4.000000,4.000000,4.000000,4.000000,96.000000,96.000000,96.000000,96.000000,96.000000,5.0,-12.4082,-11.4544,-49.6327,-50.5864,PENDING_AG03,FALSE,NOT_FOR_ENFORCEMENT,-59.5592,62.6939,-62.0408,-59.5592,-2.4816,-0.69090909,-0.66327273,-2.4816,-59.5592,-0.66327273,-2.4816,-2.4816,-2.4816,-2.4816,-2.4816,-59.5592,-0.66327273,-12.4082,-11.4544,-49.6327,-50.5864,-0.55272727,-0.56334841,-0.02763636,44.8980,32.6531,-31.0204,-62.0408,-62.0408,89.7959,2.0000,,44.8980,24.4898,44.898,65.3061,65.3061,65.3061,65.3061,32.6531,31.0204,1.454546,1.454546,1.0,1,1,1,1,0E-8,-0.69090909,,0E-8,0.000000,0.727273,0.000000,,2026-03-30,2026-03-30,1,1,1,1,1.000000,,,0.000000,,,,,,,,GLOBAL_BASELINE_NO_ENTITY_RANKING,,,NOT_APPLICABLE_GLOBAL_BASELINE,HF9g-P5,,,,X 全窗基线 · 不参与实体赏罚,3923667,393,A168_HF9F_20260827_0900,2026-08-27 09:00:00
2026-03-23,141545136,2141,0,228.5716711376,62.0408821658,62.0408821658,0.5714286,18,18,0.49994810000000000,0.499948100000,0.5349108707432784,0.5349108707432784,0.5349108707432784,0E-17,ELIGIBLE,R03b_20260811_FULL_v1,L1_ELIGIBILITY,v2026-08-11,2026-03-21..2026-08-06,baccarat_bet02_101_all_pairs_incl_sentinel,round_win = game_pnl > 0 (decisive only),COMPATIBILITY_ONLY_NOT_PRODUCTION,228.5717,171.4288,-62.0409,18,18,0.27142857,,0.27142857,0.27142857,62.0409,228.5717,THIN_EXPOSURE,0.0000,-2.4816,4.0000,96.0000,AG03-UNRESOLVED,ALL5_LEVELS_bet23_to_bet27,-2.4816,-2.4816,-2.4816,-2.4816,-2.4816,4.000000,4.000000,4.000000,4.000000,4.000000,96.000000,96.000000,96.000000,96.000000,96.000000,5.0,-12.4082,-11.4544,-49.6327,-50.5864,PENDING_AG03,FALSE,NOT_FOR_ENFORCEMENT,-59.5592,164.5716,-62.0409,-59.5592,-2.4816,-0.27142857,-0.26057143,-2.4816,-59.5592,-0.26057143,-2.4816,-2.4816,-2.4816,-2.4816,-2.4816,-59.5592,-0.26057143,-12.4082,-11.4544,-49.6327,-50.5864,-0.21714286,-0.22131545,-0.01085714,12.6984,9.5238,-3.4467,-62.0409,-62.0409,228.5717,18.0000,,12.6984,8.1633,12.2449,16.3265,20.4082,20.4082,20.4082,8.1633,0.0,1.666667,1.666667,1.037037,1,1,1,2,0E-8,-0.27142857,,0E-8,0.000000,0.750000,0.000000,,2026-03-23,2026-03-23,1,1,1,1,1.000000,,,0.000000,,,,,,,,GLOBAL_BASELINE_NO_ENTITY_RANKING,,,NOT_APPLICABLE_GLOBAL_BASELINE,HF9g-P5,,,,X 全窗基线 · 不参与实体赏罚,3923668,393,A168_HF9F_20260827_0900,2026-08-27 09:00:00
2026-03-22,147629257,2246,0,65.3026832030,62.0375490429,62.0375490429,1.0000000,2,2,0.50665070000000000,0.506650700000,1.3955260008387969,1.3955260008387969,1.3955260008387969,0E-17,ELIGIBLE,R03b_20260811_FULL_v1,L1_ELIGIBILITY,v2026-08-11,2026-03-21..2026-08-06,baccarat_bet02_101_all_pairs_incl_sentinel,round_win = game_pnl > 0 (decisive only),COMPATIBILITY_ONLY_NOT_PRODUCTION,65.3027,65.3027,-62.0375,2,2,0.95000000,,0.95000000,0.95000000,62.0375,65.3027,THIN_EXPOSURE,0.0000,-2.4815,4.0000,96.0000,AG03-UNRESOLVED,ALL5_LEVELS_bet23_to_bet27,-2.4815,-2.4815,-2.4815,-2.4815,-2.4815,4.000000,4.000000,4.000000,4.000000,4.000000,96.000000,96.000000,96.000000,96.000000,96.000000,5.0,-12.4075,-11.4538,-49.6300,-50.5837,PENDING_AG03,FALSE,NOT_FOR_ENFORCEMENT,-59.5560,62.6906,-62.0375,-59.5560,-2.4815,-0.95000000,-0.91200000,-2.4815,-59.5560,-0.91200000,-2.4815,-2.4815,-2.4815,-2.4815,-2.4815,-59.5560,-0.91200000,-12.4075,-11.4538,-49.6300,-50.5837,-0.76000000,-0.77460406,-0.03800000,32.6513,32.6513,-31.0188,-62.0375,-62.0375,65.3027,2.0000,,32.6513,26.3317,32.6513,38.971,38.971,38.971,38.971,32.6513,31.0188,1.193548,1.193548,1.0,1,1,1,1,0E-8,-0.95000000,,0E-8,0.000000,1.000000,0.000000,,2026-03-22,2026-03-22,1,1,1,1,1.000000,,,0.000000,,,,,,,,GLOBAL_BASELINE_NO_ENTITY_RANKING,,,NOT_APPLICABLE_GLOBAL_BASELINE,HF9g-P5,,,,X 全窗基线 · 不参与实体赏罚,3923669,393,A168_HF9F_20260827_0900,2026-08-27 09:00:00
2026-03-24,147733578,1325,0,22.1186507623,21.0127182242,21.0127182242,1.0000000,1,1,0.50665070000000000,0.506650700000,0.9867858985152569,0.9867858985152569,0.9867858985152569,0E-17,ELIGIBLE,R03b_20260811_FULL_v1,L1_ELIGIBILITY,v2026-08-11,2026-03-21..2026-08-06,baccarat_bet02_101_all_pairs_incl_sentinel,round_win = game_pnl > 0 (decisive only),COMPATIBILITY_ONLY_NOT_PRODUCTION,108.4867,65.3027,-62.0375,3,3,0.57184466,,0.57184466,0.57184466,62.0375,108.4867,THIN_EXPOSURE,0.0000,-2.4815,4.0000,96.0000,AG03-UNRESOLVED,ALL5_LEVELS_bet23_to_bet27,-2.4815,-2.4815,-2.4815,-3.1019,-3.1019,4.000000,4.000000,4.000000,5.000000,5.000000,96.000000,96.000000,96.000000,95.000000,95.000000,5.0,-13.6483,-12.5022,-48.3893,-49.5354,PENDING_AG03,FALSE,NOT_FOR_ENFORCEMENT,-59.5560,62.6906,-62.0375,-59.5560,-2.4815,-0.57184466,-0.54897087,-2.4815,-59.5560,-0.54897087,-2.4815,-2.4815,-2.4815,-3.1019,-3.1019,-59.5560,-0.54897087,-13.6483,-12.5022,-48.3893,-49.5354,-0.44603883,-0.45660323,-0.02287379,36.1622,21.7676,-20.6792,-62.0375,-31.0188,108.4867,3.0000,,36.1622,27.385,43.184,43.184,43.184,43.184,43.184,22.1187,21.0127,1.0,1.0,0.837398,2,2,1,1,0E-8,-0.57184466,,0E-8,0.000000,0.601942,0.000000,,2026-03-24,2026-03-24,1,2,2,1,1.000000,,,0.000000,,,,,,,,GLOBAL_BASELINE_NO_ENTITY_RANKING,,,NOT_APPLICABLE_GLOBAL_BASELINE,HF9g-P5,,,,X 全窗基线 · 不参与实体赏罚,3923670,393,A168_HF9F_20260827_0900,2026-08-27 09:00:00
2026-03-24,147733578,1951,0,86.3680648814,41.0248308187,41.0248308187,1.0000000,2,2,0.50665070000000000,0.506650700000,0.9867858985152569,0.9867858985152569,0.9867858985152569,0E-17,ELIGIBLE,R03b_20260811_FULL_v1,L1_ELIGIBILITY,v2026-08-11,2026-03-21..2026-08-06,baccarat_bet02_101_all_pairs_incl_sentinel,round_win = game_pnl > 0 (decisive only),COMPATIBILITY_ONLY_NOT_PRODUCTION,108.4867,65.3027,-62.0375,3,3,0.57184466,,0.57184466,0.57184466,62.0375,108.4867,THIN_EXPOSURE,0.0000,-2.4815,4.0000,96.0000,AG03-UNRESOLVED,ALL5_LEVELS_bet23_to_bet27,-2.4815,-2.4815,-2.4815,-3.1019,-3.1019,4.000000,4.000000,4.000000,5.000000,5.000000,96.000000,96.000000,96.000000,95.000000,95.000000,5.0,-13.6483,-12.5022,-48.3893,-49.5354,PENDING_AG03,FALSE,NOT_FOR_ENFORCEMENT,-59.5560,62.6906,-62.0375,-59.5560,-2.4815,-0.57184466,-0.54897087,-2.4815,-59.5560,-0.54897087,-2.4815,-2.4815,-2.4815,-3.1019,-3.1019,-59.5560,-0.54897087,-13.6483,-12.5022,-48.3893,-49.5354,-0.44603883,-0.45660323,-0.02287379,36.1622,21.7676,-20.6792,-62.0375,-31.0188,108.4867,3.0000,,36.1622,27.385,43.184,43.184,43.184,43.184,43.184,22.1187,21.0127,1.0,1.0,0.837398,2,2,1,1,0E-8,-0.57184466,,0E-8,0.000000,0.601942,0.000000,,2026-03-24,2026-03-24,1,2,2,1,1.000000,,,0.000000,,,,,,,,GLOBAL_BASELINE_NO_ENTITY_RANKING,,,NOT_APPLICABLE_GLOBAL_BASELINE,HF9g-P5,,,,X 全窗基线 · 不参与实体赏罚,3923671,393,A168_HF9F_20260827_0900,2026-08-27 09:00:00
2026-04-15,148718806,2101,0,20.6790042667,20.6790042667,20.6790042667,1.0000000,1,1,0.49324550000000000,0.493245500000,1.01360149184955,1.01360149184955,1.01360149184955,0E-17,ELIGIBLE,R03b_20260811_FULL_v1,L1_ELIGIBILITY,v2026-08-11,2026-03-21..2026-08-06,baccarat_bet02_101_all_pairs_incl_sentinel,round_win = game_pnl > 0 (decisive only),COMPATIBILITY_ONLY_NOT_PRODUCTION,62.0370,62.0370,-62.0370,2,2,1.00000000,,1.00000000,1.00000000,62.0370,62.0370,THIN_EXPOSURE,0.0000,-2.4815,4.0000,96.0000,AG03-UNRESOLVED,ALL5_LEVELS_bet23_to_bet27,-2.4815,-2.4815,-2.4815,-3.1019,-3.1019,4.000000,4.000000,4.000000,5.000000,5.000000,96.000000,96.000000,96.000000,95.000000,95.000000,5.0,-13.6481,-12.5021,-48.3889,-49.535,PENDING_AG03,FALSE,NOT_FOR_ENFORCEMENT,-59.5555,59.5555,-62.0370,-59.5555,-2.4815,-1.00000000,-0.96000000,-2.4815,-59.5555,-0.96000000,-2.4815,-2.4815,-2.4815,-3.1019,-3.1019,-59.5555,-0.96000000,-13.6481,-12.5021,-48.3889,-49.535,-0.78000000,-0.79847424,-0.04000000,31.0185,31.0185,-31.0185,-62.0370,-31.0185,62.0370,2.0000,,31.0185,20.679,31.0185,41.358,41.358,41.358,41.358,31.0185,31.0185,1.333333,1.333333,1.0,2,2,1,1,0E-8,-1.00000000,,0E-8,0.000000,1.000000,0.000000,,2026-04-15,2026-04-15,1,2,2,1,1.000000,,,0.000000,,,,,,,,GLOBAL_BASELINE_NO_ENTITY_RANKING,,,NOT_APPLICABLE_GLOBAL_BASELINE,HF9g-P5,,,,X 全窗基线 · 不参与实体赏罚,3923672,393,A168_HF9F_20260827_0900,2026-08-27 09:00:00
2026-04-15,148718806,986,0,41.3580085334,41.3580085334,41.3580085334,1.0000000,1,1,0.49324550000000000,0.493245500000,1.01360149184955,1.01360149184955,1.01360149184955,0E-17,ELIGIBLE,R03b_20260811_FULL_v1,L1_ELIGIBILITY,v2026-08-11,2026-03-21..2026-08-06,baccarat_bet02_101_all_pairs_incl_sentinel,round_win = game_pnl > 0 (decisive only),COMPATIBILITY_ONLY_NOT_PRODUCTION,62.0370,62.0370,-62.0370,2,2,1.00000000,,1.00000000,1.00000000,62.0370,62.0370,THIN_EXPOSURE,0.0000,-2.4815,4.0000,96.0000,AG03-UNRESOLVED,ALL5_LEVELS_bet23_to_bet27,-2.4815,-2.4815,-2.4815,-3.1019,-3.1019,4.000000,4.000000,4.000000,5.000000,5.000000,96.000000,96.000000,96.000000,95.000000,95.000000,5.0,-13.6481,-12.5021,-48.3889,-49.535,PENDING_AG03,FALSE,NOT_FOR_ENFORCEMENT,-59.5555,59.5555,-62.0370,-59.5555,-2.4815,-1.00000000,-0.96000000,-2.4815,-59.5555,-0.96000000,-2.4815,-2.4815,-2.4815,-3.1019,-3.1019,-59.5555,-0.96000000,-13.6481,-12.5021,-48.3889,-49.535,-0.78000000,-0.79847424,-0.04000000,31.0185,31.0185,-31.0185,-62.0370,-31.0185,62.0370,2.0000,,31.0185,20.679,31.0185,41.358,41.358,41.358,41.358,31.0185,31.0185,1.333333,1.333333,1.0,2,2,1,1,0E-8,-1.00000000,,0E-8,0.000000,1.000000,0.000000,,2026-04-15,2026-04-15,1,2,2,1,1.000000,,,0.000000,,,,,,,,GLOBAL_BASELINE_NO_ENTITY_RANKING,,,NOT_APPLICABLE_GLOBAL_BASELINE,HF9g-P5,,,,X 全窗基线 · 不参与实体赏罚,3923673,393,A168_HF9F_20260827_0900,2026-08-27 09:00:00
2026-04-16,145740914,2145,0,109.9390100256,62.0370128001,62.0370128001,0.8571429,12,7,0.46516197244897959,0.394883378571,2.0792210716522654,2.5019629660899225,2.0792210716522654,0.07027859387797959,ELIGIBLE,R03b_20260811_FULL_v1,L1_ELIGIBILITY,v2026-08-11,2026-03-21..2026-08-06,baccarat_bet02_101_all_pairs_incl_sentinel,round_win = game_pnl > 0 (decisive only),COMPATIBILITY_ONLY_NOT_PRODUCTION,109.9390,94.2334,-62.0370,12,7,0.56428571,,0.56428571,0.56428571,62.0370,109.9390,THIN_EXPOSURE,0.0000,-2.4815,4.0000,96.0000,AG03-UNRESOLVED,ALL5_LEVELS_bet23_to_bet27,-2.4815,-2.4815,-2.4815,-3.1019,-3.1019,4.000000,4.000000,4.000000,5.000000,5.000000,96.000000,96.000000,96.000000,95.000000,95.000000,5.0,-13.6481,-12.5021,-48.3889,-49.535,PENDING_AG03,FALSE,NOT_FOR_ENFORCEMENT,-59.5555,90.4641,-62.0370,-59.5555,-2.4815,-0.56428571,-0.54171429,-2.4815,-59.5555,-0.54171429,-2.4815,-2.4815,-2.4815,-3.1019,-3.1019,-59.5555,-0.54171429,-13.6481,-12.5021,-48.3889,-49.535,-0.44014286,-0.45056761,-0.02257143,9.1616,13.4619,-8.8624,-62.0370,-62.0370,109.9390,7.0000,,9.1616,2.6176,13.088,13.088,15.7056,15.7056,15.7056,7.8528,6.2168,1.2,1.2,0.7,1,1,1,5,0E-8,-0.56428571,,0E-8,0.000000,0.857143,0.000000,,2026-04-16,2026-04-16,1,1,1,1,1.000000,,,0.000000,,,,,,,,GLOBAL_BASELINE_NO_ENTITY_RANKING,,,NOT_APPLICABLE_GLOBAL_BASELINE,HF9g-P5,,,,X 全窗基线 · 不参与实体赏罚,3923674,393,A168_HF9F_20260827_0900,2026-08-27 09:00:00
2026-04-07,148322900,2169,0,111.7713268591,111.7713268591,111.7713268591,1.0000000,2,2,0.49324550000000000,0.493245500000,1.4334489766152358,1.4334489766152358,1.4334489766152358,0E-17,ELIGIBLE,R03b_20260811_FULL_v1,L1_ELIGIBILITY,v2026-08-11,2026-03-21..2026-08-06,baccarat_bet02_101_all_pairs_incl_sentinel,round_win = game_pnl > 0 (decisive only),COMPATIBILITY_ONLY_NOT_PRODUCTION,161.5056,161.5056,-62.0370,3,3,0.38411669,,0.38411669,0.38411669,62.0370,161.5056,THIN_EXPOSURE,0.0000,-2.4815,4.0000,96.0000,AG03-UNRESOLVED,ALL5_LEVELS_bet23_to_bet27,-2.4815,-2.4815,-3.1019,-3.1019,-3.1019,4.000000,4.000000,5.000000,5.000000,5.000000,96.000000,96.000000,95.000000,95.000000,95.000000,5.0,-14.2685,-13.018,-47.7685,-49.019,PENDING_AG03,FALSE,NOT_FOR_ENFORCEMENT,-59.5555,155.0454,-62.0370,-59.5555,-2.4815,-0.38411669,-0.36875203,-2.4815,-59.5555,-0.36875203,-2.4815,-2.4815,-3.1019,-3.1019,-3.1019,-59.5555,-0.36875203,-14.2685,-13.018,-47.7685,-49.019,-0.29576985,-0.30351242,-0.01536467,53.8352,53.8352,-20.6790,-62.0370,-31.0185,161.5056,3.0000,,53.8352,45.8079,49.7343,62.8877,67.2722,67.2722,67.2722,49.7343,44.4991,1.352632,1.352632,1.082456,2,2,1,1,0E-8,-0.38411669,,0E-8,0.000000,1.000000,0.000000,,2026-04-07,2026-04-07,1,2,2,1,1.000000,,,0.000000,,,,,,,,GLOBAL_BASELINE_NO_ENTITY_RANKING,,,NOT_APPLICABLE_GLOBAL_BASELINE,HF9g-P5,,,,X 全窗基线 · 不参与实体赏罚,3923675,393,A168_HF9F_20260827_0900,2026-08-27 09:00:00
2026-04-07,148322900,2223,0,49.7343140591,-49.7343140591,-49.7343140591,0E-7,1,1,0.49324550000000000,0.493245500000,-0.9865810262130424,-0.9865810262130424,-0.9865810262130424,0E-17,ELIGIBLE,R03b_20260811_FULL_v1,L1_ELIGIBILITY,v2026-08-11,2026-03-21..2026-08-06,baccarat_bet02_101_all_pairs_incl_sentinel,round_win = game_pnl > 0 (decisive only),COMPATIBILITY_ONLY_NOT_PRODUCTION,161.5056,161.5056,-62.0370,3,3,0.38411669,,0.38411669,0.38411669,62.0370,161.5056,THIN_EXPOSURE,0.0000,-2.4815,4.0000,96.0000,AG03-UNRESOLVED,ALL5_LEVELS_bet23_to_bet27,-2.4815,-2.4815,-3.1019,-3.1019,-3.1019,4.000000,4.000000,5.000000,5.000000,5.000000,96.000000,96.000000,95.000000,95.000000,95.000000,5.0,-14.2685,-13.018,-47.7685,-49.019,PENDING_AG03,FALSE,NOT_FOR_ENFORCEMENT,-59.5555,155.0454,-62.0370,-59.5555,-2.4815,-0.38411669,-0.36875203,-2.4815,-59.5555,-0.36875203,-2.4815,-2.4815,-3.1019,-3.1019,-3.1019,-59.5555,-0.36875203,-14.2685,-13.018,-47.7685,-49.019,-0.29576985,-0.30351242,-0.01536467,53.8352,53.8352,-20.6790,-62.0370,-31.0185,161.5056,3.0000,,53.8352,45.8079,49.7343,62.8877,67.2722,67.2722,67.2722,49.7343,44.4991,1.352632,1.352632,1.082456,2,2,1,1,0E-8,-0.38411669,,0E-8,0.000000,1.000000,0.000000,,2026-04-07,2026-04-07,1,2,2,1,1.000000,,,0.000000,,,,,,,,GLOBAL_BASELINE_NO_ENTITY_RANKING,,,NOT_APPLICABLE_GLOBAL_BASELINE,HF9g-P5,,,,X 全窗基线 · 不参与实体赏罚,3923676,393,A168_HF9F_20260827_0900,2026-08-27 09:00:00
2026-04-09,148415319,-1,1,308.8762662624,58.1106195846,58.1106195846,0.6153846,59,59,0.50028891016949153,0.500288910169,1.6599341440616635,1.6599341440687516,1.6599341440616635,4.9153E-13,SENTINEL_DEALER,R03b_20260811_FULL_v1,L1_ELIGIBILITY,v2026-08-11,2026-03-21..2026-08-06,baccarat_bet02_101_all_pairs_incl_sentinel,round_win = game_pnl > 0 (decisive only),COMPATIBILITY_ONLY_NOT_PRODUCTION,999.9215,879.5121,-62.0370,191,191,0.06204188,,0.06204188,0.06204188,62.0370,999.9215,OK,0.0000,-2.4815,4.0000,96.0000,AG03-UNRESOLVED,ALL5_LEVELS_bet23_to_bet27,-2.4815,-2.4815,-3.1019,-3.1019,-3.1019,4.000000,4.000000,5.000000,5.000000,5.000000,96.000000,96.000000,95.000000,95.000000,95.000000,5.0,-14.2685,-13.018,-47.7685,-49.019,PENDING_AG03,FALSE,NOT_FOR_ENFORCEMENT,-59.5555,844.3316,-62.0370,-59.5555,-2.4815,-0.06204188,-0.05956021,-2.4815,-59.5555,-0.05956021,-2.4815,-2.4815,-3.1019,-3.1019,-3.1019,-59.5555,-0.05956021,-14.2685,-13.018,-47.7685,-49.019,-0.04777225,-0.04902282,-0.00248168,5.2352,4.6048,-0.3248,-62.0370,-2.0679,999.9215,191.0000,,5.2352,5.2352,5.2352,5.2352,5.2352,5.2352,5.2352,5.2352,0.0,1.0,1.0,1.0,29,29,1,2,0E-8,-0.06204188,,0E-8,0.000000,0.879581,0.000000,,2026-04-09,2026-04-09,1,30,29,1,1.000000,,,0.000000,,,,,,,,GLOBAL_BASELINE_NO_ENTITY_RANKING,,,NOT_APPLICABLE_GLOBAL_BASELINE,HF9g-P5,,,,X 全窗基线 · 不参与实体赏罚,3923677,393,A168_HF9F_20260827_0900,2026-08-27 09:00:00
2026-04-09,148415319,1094,0,36.6463366752,-0.5235190954,-0.5235190954,0.5000000,7,7,0.49899058571428571,0.498990585714,0.004945109955477372,0.0049451099568770685,0.004945109955477372,2.8571E-13,ELIGIBLE,R03b_20260811_FULL_v1,L1_ELIGIBILITY,v2026-08-11,2026-03-21..2026-08-06,baccarat_bet02_101_all_pairs_incl_sentinel,round_win = game_pnl > 0 (decisive only),COMPATIBILITY_ONLY_NOT_PRODUCTION,999.9215,879.5121,-62.0370,191,191,0.06204188,,0.06204188,0.06204188,62.0370,999.9215,OK,0.0000,-2.4815,4.0000,96.0000,AG03-UNRESOLVED,ALL5_LEVELS_bet23_to_bet27,-2.4815,-2.4815,-3.1019,-3.1019,-3.1019,4.000000,4.000000,5.000000,5.000000,5.000000,96.000000,96.000000,95.000000,95.000000,95.000000,5.0,-14.2685,-13.018,-47.7685,-49.019,PENDING_AG03,FALSE,NOT_FOR_ENFORCEMENT,-59.5555,844.3316,-62.0370,-59.5555,-2.4815,-0.06204188,-0.05956021,-2.4815,-59.5555,-0.05956021,-2.4815,-2.4815,-3.1019,-3.1019,-3.1019,-59.5555,-0.05956021,-14.2685,-13.018,-47.7685,-49.019,-0.04777225,-0.04902282,-0.00248168,5.2352,4.6048,-0.3248,-62.0370,-2.0679,999.9215,191.0000,,5.2352,5.2352,5.2352,5.2352,5.2352,5.2352,5.2352,5.2352,0.0,1.0,1.0,1.0,29,29,1,2,0E-8,-0.06204188,,0E-8,0.000000,0.879581,0.000000,,2026-04-09,2026-04-09,1,30,29,1,1.000000,,,0.000000,,,,,,,,GLOBAL_BASELINE_NO_ENTITY_RANKING,,,NOT_APPLICABLE_GLOBAL_BASELINE,HF9g-P5,,,,X 全窗基线 · 不参与实体赏罚,3923678,393,A168_HF9F_20260827_0900,2026-08-27 09:00:00
2026-04-09,148415319,1205,0,10.4703819072,10.4703819072,10.4703819072,1.0000000,2,2,0.49324550000000000,0.493245500000,1.4334489766152358,1.4334489766152358,1.4334489766152358,0E-17,ELIGIBLE,R03b_20260811_FULL_v1,L1_ELIGIBILITY,v2026-08-11,2026-03-21..2026-08-06,baccarat_bet02_101_all_pairs_incl_sentinel,round_win = game_pnl > 0 (decisive only),COMPATIBILITY_ONLY_NOT_PRODUCTION,999.9215,879.5121,-62.0370,191,191,0.06204188,,0.06204188,0.06204188,62.0370,999.9215,OK,0.0000,-2.4815,4.0000,96.0000,AG03-UNRESOLVED,ALL5_LEVELS_bet23_to_bet27,-2.4815,-2.4815,-3.1019,-3.1019,-3.1019,4.000000,4.000000,5.000000,5.000000,5.000000,96.000000,96.000000,95.000000,95.000000,95.000000,5.0,-14.2685,-13.018,-47.7685,-49.019,PENDING_AG03,FALSE,NOT_FOR_ENFORCEMENT,-59.5555,844.3316,-62.0370,-59.5555,-2.4815,-0.06204188,-0.05956021,-2.4815,-59.5555,-0.05956021,-2.4815,-2.4815,-3.1019,-3.1019,-3.1019,-59.5555,-0.05956021,-14.2685,-13.018,-47.7685,-49.019,-0.04777225,-0.04902282,-0.00248168,5.2352,4.6048,-0.3248,-62.0370,-2.0679,999.9215,191.0000,,5.2352,5.2352,5.2352,5.2352,5.2352,5.2352,5.2352,5.2352,0.0,1.0,1.0,1.0,29,29,1,2,0E-8,-0.06204188,,0E-8,0.000000,0.879581,0.000000,,2026-04-09,2026-04-09,1,30,29,1,1.000000,,,0.000000,,,,,,,,GLOBAL_BASELINE_NO_ENTITY_RANKING,,,NOT_APPLICABLE_GLOBAL_BASELINE,HF9g-P5,,,,X 全窗基线 · 不参与实体赏罚,3923679,393,A168_HF9F_20260827_0900,2026-08-27 09:00:00
2026-04-09,148415319,1396,0,47.1167185824,25.3906761249,25.3906761249,0.8571429,9,9,0.49771390000000000,0.497713900000,1.9019391493256534,1.9019391493256534,1.9019391493256534,0E-17,ELIGIBLE,R03b_20260811_FULL_v1,L1_ELIGIBILITY,v2026-08-11,2026-03-21..2026-08-06,baccarat_bet02_101_all_pairs_incl_sentinel,round_win = game_pnl > 0 (decisive only),COMPATIBILITY_ONLY_NOT_PRODUCTION,999.9215,879.5121,-62.0370,191,191,0.06204188,,0.06204188,0.06204188,62.0370,999.9215,OK,0.0000,-2.4815,4.0000,96.0000,AG03-UNRESOLVED,ALL5_LEVELS_bet23_to_bet27,-2.4815,-2.4815,-3.1019,-3.1019,-3.1019,4.000000,4.000000,5.000000,5.000000,5.000000,96.000000,96.000000,95.000000,95.000000,95.000000,5.0,-14.2685,-13.018,-47.7685,-49.019,PENDING_AG03,FALSE,NOT_FOR_ENFORCEMENT,-59.5555,844.3316,-62.0370,-59.5555,-2.4815,-0.06204188,-0.05956021,-2.4815,-59.5555,-0.05956021,-2.4815,-2.4815,-3.1019,-3.1019,-3.1019,-59.5555,-0.05956021,-14.2685,-13.018,-47.7685,-49.019,-0.04777225,-0.04902282,-0.00248168,5.2352,4.6048,-0.3248,-62.0370,-2.0679,999.9215,191.0000,,5.2352,5.2352,5.2352,5.2352,5.2352,5.2352,5.2352,5.2352,0.0,1.0,1.0,1.0,29,29,1,2,0E-8,-0.06204188,,0E-8,0.000000,0.879581,0.000000,,2026-04-09,2026-04-09,1,30,29,1,1.000000,,,0.000000,,,,,,,,GLOBAL_BASELINE_NO_ENTITY_RANKING,,,NOT_APPLICABLE_GLOBAL_BASELINE,HF9g-P5,,,,X 全窗基线 · 不参与实体赏罚,3923680,393,A168_HF9F_20260827_0900,2026-08-27 09:00:00
2026-04-09,148415319,1399,0,15.7055728608,-5.2351909536,-5.2351909536,0E-7,3,3,0.50218230000000000,0.502182300000,-1.0043741665754933,-1.0043741665754933,-1.0043741665754933,0E-17,ELIGIBLE,R03b_20260811_FULL_v1,L1_ELIGIBILITY,v2026-08-11,2026-03-21..2026-08-06,baccarat_bet02_101_all_pairs_incl_sentinel,round_win = game_pnl > 0 (decisive only),COMPATIBILITY_ONLY_NOT_PRODUCTION,999.9215,879.5121,-62.0370,191,191,0.06204188,,0.06204188,0.06204188,62.0370,999.9215,OK,0.0000,-2.4815,4.0000,96.0000,AG03-UNRESOLVED,ALL5_LEVELS_bet23_to_bet27,-2.4815,-2.4815,-3.1019,-3.1019,-3.1019,4.000000,4.000000,5.000000,5.000000,5.000000,96.000000,96.000000,95.000000,95.000000,95.000000,5.0,-14.2685,-13.018,-47.7685,-49.019,PENDING_AG03,FALSE,NOT_FOR_ENFORCEMENT,-59.5555,844.3316,-62.0370,-59.5555,-2.4815,-0.06204188,-0.05956021,-2.4815,-59.5555,-0.05956021,-2.4815,-2.4815,-3.1019,-3.1019,-3.1019,-59.5555,-0.05956021,-14.2685,-13.018,-47.7685,-49.019,-0.04777225,-0.04902282,-0.00248168,5.2352,4.6048,-0.3248,-62.0370,-2.0679,999.9215,191.0000,,5.2352,5.2352,5.2352,5.2352,5.2352,5.2352,5.2352,5.2352,0.0,1.0,1.0,1.0,29,29,1,2,0E-8,-0.06204188,,0E-8,0.000000,0.879581,0.000000,,2026-04-09,2026-04-09,1,30,29,1,1.000000,,,0.000000,,,,,,,,GLOBAL_BASELINE_NO_ENTITY_RANKING,,,NOT_APPLICABLE_GLOBAL_BASELINE,HF9g-P5,,,,X 全窗基线 · 不参与实体赏罚,3923681,393,A168_HF9F_20260827_0900,2026-08-27 09:00:00
2026-04-09,148415319,1405,0,31.4111457216,0E-10,0E-10,0.5000000,6,6,0.49771390000000000,0.497713900000,0.011199674067230152,0.011199674067230152,0.011199674067230152,0E-17,ELIGIBLE,R03b_20260811_FULL_v1,L1_ELIGIBILITY,v2026-08-11,2026-03-21..2026-08-06,baccarat_bet02_101_all_pairs_incl_sentinel,round_win = game_pnl > 0 (decisive only),COMPATIBILITY_ONLY_NOT_PRODUCTION,999.9215,879.5121,-62.0370,191,191,0.06204188,,0.06204188,0.06204188,62.0370,999.9215,OK,0.0000,-2.4815,4.0000,96.0000,AG03-UNRESOLVED,ALL5_LEVELS_bet23_to_bet27,-2.4815,-2.4815,-3.1019,-3.1019,-3.1019,4.000000,4.000000,5.000000,5.000000,5.000000,96.000000,96.000000,95.000000,95.000000,95.000000,5.0,-14.2685,-13.018,-47.7685,-49.019,PENDING_AG03,FALSE,NOT_FOR_ENFORCEMENT,-59.5555,844.3316,-62.0370,-59.5555,-2.4815,-0.06204188,-0.05956021,-2.4815,-59.5555,-0.05956021,-2.4815,-2.4815,-3.1019,-3.1019,-3.1019,-59.5555,-0.05956021,-14.2685,-13.018,-47.7685,-49.019,-0.04777225,-0.04902282,-0.00248168,5.2352,4.6048,-0.3248,-62.0370,-2.0679,999.9215,191.0000,,5.2352,5.2352,5.2352,5.2352,5.2352,5.2352,5.2352,5.2352,0.0,1.0,1.0,1.0,29,29,1,2,0E-8,-0.06204188,,0E-8,0.000000,0.879581,0.000000,,2026-04-09,2026-04-09,1,30,29,1,1.000000,,,0.000000,,,,,,,,GLOBAL_BASELINE_NO_ENTITY_RANKING,,,NOT_APPLICABLE_GLOBAL_BASELINE,HF9g-P5,,,,X 全窗基线 · 不参与实体赏罚,3923682,393,A168_HF9F_20260827_0900,2026-08-27 09:00:00
2026-04-09,148415319,1507,0,41.8815276288,20.4172447190,20.4172447190,0.7500000,8,8,0.49827245000000000,0.498272450000,1.4239945605785045,1.4239945605785045,1.4239945605785045,0E-17,ELIGIBLE,R03b_20260811_FULL_v1,L1_ELIGIBILITY,v2026-08-11,2026-03-21..2026-08-06,baccarat_bet02_101_all_pairs_incl_sentinel,round_win = game_pnl > 0 (decisive only),COMPATIBILITY_ONLY_NOT_PRODUCTION,999.9215,879.5121,-62.0370,191,191,0.06204188,,0.06204188,0.06204188,62.0370,999.9215,OK,0.0000,-2.4815,4.0000,96.0000,AG03-UNRESOLVED,ALL5_LEVELS_bet23_to_bet27,-2.4815,-2.4815,-3.1019,-3.1019,-3.1019,4.000000,4.000000,5.000000,5.000000,5.000000,96.000000,96.000000,95.000000,95.000000,95.000000,5.0,-14.2685,-13.018,-47.7685,-49.019,PENDING_AG03,FALSE,NOT_FOR_ENFORCEMENT,-59.5555,844.3316,-62.0370,-59.5555,-2.4815,-0.06204188,-0.05956021,-2.4815,-59.5555,-0.05956021,-2.4815,-2.4815,-3.1019,-3.1019,-3.1019,-59.5555,-0.05956021,-14.2685,-13.018,-47.7685,-49.019,-0.04777225,-0.04902282,-0.00248168,5.2352,4.6048,-0.3248,-62.0370,-2.0679,999.9215,191.0000,,5.2352,5.2352,5.2352,5.2352,5.2352,5.2352,5.2352,5.2352,0.0,1.0,1.0,1.0,29,29,1,2,0E-8,-0.06204188,,0E-8,0.000000,0.879581,0.000000,,2026-04-09,2026-04-09,1,30,29,1,1.000000,,,0.000000,,,,,,,,GLOBAL_BASELINE_NO_ENTITY_RANKING,,,NOT_APPLICABLE_GLOBAL_BASELINE,HF9g-P5,,,,X 全窗基线 · 不参与实体赏罚,3923683,393,A168_HF9F_20260827_0900,2026-08-27 09:00:00
2026-04-09,148415319,1509,0,26.1759547680,-0.2617595477,-0.2617595477,0.5000000,5,5,0.50128862000000000,0.501288620000,-0.0051544971185412255,-0.0051544971185412255,-0.0051544971185412255,0E-17,ELIGIBLE,R03b_20260811_FULL_v1,L1_ELIGIBILITY,v2026-08-11,2026-03-21..2026-08-06,baccarat_bet02_101_all_pairs_incl_sentinel,round_win = game_pnl > 0 (decisive only),COMPATIBILITY_ONLY_NOT_PRODUCTION,999.9215,879.5121,-62.0370,191,191,0.06204188,,0.06204188,0.06204188,62.0370,999.9215,OK,0.0000,-2.4815,4.0000,96.0000,AG03-UNRESOLVED,ALL5_LEVELS_bet23_to_bet27,-2.4815,-2.4815,-3.1019,-3.1019,-3.1019,4.000000,4.000000,5.000000,5.000000,5.000000,96.000000,96.000000,95.000000,95.000000,95.000000,5.0,-14.2685,-13.018,-47.7685,-49.019,PENDING_AG03,FALSE,NOT_FOR_ENFORCEMENT,-59.5555,844.3316,-62.0370,-59.5555,-2.4815,-0.06204188,-0.05956021,-2.4815,-59.5555,-0.05956021,-2.4815,-2.4815,-3.1019,-3.1019,-3.1019,-59.5555,-0.05956021,-14.2685,-13.018,-47.7685,-49.019,-0.04777225,-0.04902282,-0.00248168,5.2352,4.6048,-0.3248,-62.0370,-2.0679,999.9215,191.0000,,5.2352,5.2352,5.2352,5.2352,5.2352,5.2352,5.2352,5.2352,0.0,1.0,1.0,1.0,29,29,1,2,0E-8,-0.06204188,,0E-8,0.000000,0.879581,0.000000,,2026-04-09,2026-04-09,1,30,29,1,1.000000,,,0.000000,,,,,,,,GLOBAL_BASELINE_NO_ENTITY_RANKING,,,NOT_APPLICABLE_GLOBAL_BASELINE,HF9g-P5,,,,X 全窗基线 · 不参与实体赏罚,3923684,393,A168_HF9F_20260827_0900,2026-08-27 09:00:00
2026-04-09,148415319,1704,0,5.2351909536,-5.2351909536,-5.2351909536,0E-7,1,1,0.49324550000000000,0.493245500000,-0.9865810262130424,-0.9865810262130424,-0.9865810262130424,0E-17,ELIGIBLE,R03b_20260811_FULL_v1,L1_ELIGIBILITY,v2026-08-11,2026-03-21..2026-08-06,baccarat_bet02_101_all_pairs_incl_sentinel,round_win = game_pnl > 0 (decisive only),COMPATIBILITY_ONLY_NOT_PRODUCTION,999.9215,879.5121,-62.0370,191,191,0.06204188,,0.06204188,0.06204188,62.0370,999.9215,OK,0.0000,-2.4815,4.0000,96.0000,AG03-UNRESOLVED,ALL5_LEVELS_bet23_to_bet27,-2.4815,-2.4815,-3.1019,-3.1019,-3.1019,4.000000,4.000000,5.000000,5.000000,5.000000,96.000000,96.000000,95.000000,95.000000,95.000000,5.0,-14.2685,-13.018,-47.7685,-49.019,PENDING_AG03,FALSE,NOT_FOR_ENFORCEMENT,-59.5555,844.3316,-62.0370,-59.5555,-2.4815,-0.06204188,-0.05956021,-2.4815,-59.5555,-0.05956021,-2.4815,-2.4815,-3.1019,-3.1019,-3.1019,-59.5555,-0.05956021,-14.2685,-13.018,-47.7685,-49.019,-0.04777225,-0.04902282,-0.00248168,5.2352,4.6048,-0.3248,-62.0370,-2.0679,999.9215,191.0000,,5.2352,5.2352,5.2352,5.2352,5.2352,5.2352,5.2352,5.2352,0.0,1.0,1.0,1.0,29,29,1,2,0E-8,-0.06204188,,0E-8,0.000000,0.879581,0.000000,,2026-04-09,2026-04-09,1,30,29,1,1.000000,,,0.000000,,,,,,,,GLOBAL_BASELINE_NO_ENTITY_RANKING,,,NOT_APPLICABLE_GLOBAL_BASELINE,HF9g-P5,,,,X 全窗基线 · 不参与实体赏罚,3923685,393,A168_HF9F_20260827_0900,2026-08-27 09:00:00
2026-04-09,148415319,1935,0,31.4111457216,-0.7852786431,-0.7852786431,0.5000000,6,6,0.50441650000000000,0.504416500000,-0.02163718700157003,-0.02163718700157003,-0.02163718700157003,0E-17,ELIGIBLE,R03b_20260811_FULL_v1,L1_ELIGIBILITY,v2026-08-11,2026-03-21..2026-08-06,baccarat_bet02_101_all_pairs_incl_sentinel,round_win = game_pnl > 0 (decisive only),COMPATIBILITY_ONLY_NOT_PRODUCTION,999.9215,879.5121,-62.0370,191,191,0.06204188,,0.06204188,0.06204188,62.0370,999.9215,OK,0.0000,-2.4815,4.0000,96.0000,AG03-UNRESOLVED,ALL5_LEVELS_bet23_to_bet27,-2.4815,-2.4815,-3.1019,-3.1019,-3.1019,4.000000,4.000000,5.000000,5.000000,5.000000,96.000000,96.000000,95.000000,95.000000,95.000000,5.0,-14.2685,-13.018,-47.7685,-49.019,PENDING_AG03,FALSE,NOT_FOR_ENFORCEMENT,-59.5555,844.3316,-62.0370,-59.5555,-2.4815,-0.06204188,-0.05956021,-2.4815,-59.5555,-0.05956021,-2.4815,-2.4815,-3.1019,-3.1019,-3.1019,-59.5555,-0.05956021,-14.2685,-13.018,-47.7685,-49.019,-0.04777225,-0.04902282,-0.00248168,5.2352,4.6048,-0.3248,-62.0370,-2.0679,999.9215,191.0000,,5.2352,5.2352,5.2352,5.2352,5.2352,5.2352,5.2352,5.2352,0.0,1.0,1.0,1.0,29,29,1,2,0E-8,-0.06204188,,0E-8,0.000000,0.879581,0.000000,,2026-04-09,2026-04-09,1,30,29,1,1.000000,,,0.000000,,,,,,,,GLOBAL_BASELINE_NO_ENTITY_RANKING,,,NOT_APPLICABLE_GLOBAL_BASELINE,HF9g-P5,,,,X 全窗基线 · 不参与实体赏罚,3923686,393,A168_HF9F_20260827_0900,2026-08-27 09:00:00
2026-04-09,148415319,1947,0,26.1759547680,-26.1759547680,-26.1759547680,0E-7,5,5,0.50128862000000000,0.501288620000,-2.241838306677593,-2.241838306677593,-2.241838306677593,0E-17,ELIGIBLE,R03b_20260811_FULL_v1,L1_ELIGIBILITY,v2026-08-11,2026-03-21..2026-08-06,baccarat_bet02_101_all_pairs_incl_sentinel,round_win = game_pnl > 0 (decisive only),COMPATIBILITY_ONLY_NOT_PRODUCTION,999.9215,879.5121,-62.0370,191,191,0.06204188,,0.06204188,0.06204188,62.0370,999.9215,OK,0.0000,-2.4815,4.0000,96.0000,AG03-UNRESOLVED,ALL5_LEVELS_bet23_to_bet27,-2.4815,-2.4815,-3.1019,-3.1019,-3.1019,4.000000,4.000000,5.000000,5.000000,5.000000,96.000000,96.000000,95.000000,95.000000,95.000000,5.0,-14.2685,-13.018,-47.7685,-49.019,PENDING_AG03,FALSE,NOT_FOR_ENFORCEMENT,-59.5555,844.3316,-62.0370,-59.5555,-2.4815,-0.06204188,-0.05956021,-2.4815,-59.5555,-0.05956021,-2.4815,-2.4815,-3.1019,-3.1019,-3.1019,-59.5555,-0.05956021,-14.2685,-13.018,-47.7685,-49.019,-0.04777225,-0.04902282,-0.00248168,5.2352,4.6048,-0.3248,-62.0370,-2.0679,999.9215,191.0000,,5.2352,5.2352,5.2352,5.2352,5.2352,5.2352,5.2352,5.2352,0.0,1.0,1.0,1.0,29,29,1,2,0E-8,-0.06204188,,0E-8,0.000000,0.879581,0.000000,,2026-04-09,2026-04-09,1,30,29,1,1.000000,,,0.000000,,,,,,,,GLOBAL_BASELINE_NO_ENTITY_RANKING,,,NOT_APPLICABLE_GLOBAL_BASELINE,HF9g-P5,,,,X 全窗基线 · 不参与实体赏罚,3923687,393,A168_HF9F_20260827_0900,2026-08-27 09:00:00
2026-04-09,148415319,1985,0,41.8815276288,-21.4642829098,-21.4642829098,0.2500000,8,8,0.49827245000000000,0.498272450000,-1.404449446798726,-1.404449446798726,-1.404449446798726,0E-17,ELIGIBLE,R03b_20260811_FULL_v1,L1_ELIGIBILITY,v2026-08-11,2026-03-21..2026-08-06,baccarat_bet02_101_all_pairs_incl_sentinel,round_win = game_pnl > 0 (decisive only),COMPATIBILITY_ONLY_NOT_PRODUCTION,999.9215,879.5121,-62.0370,191,191,0.06204188,,0.06204188,0.06204188,62.0370,999.9215,OK,0.0000,-2.4815,4.0000,96.0000,AG03-UNRESOLVED,ALL5_LEVELS_bet23_to_bet27,-2.4815,-2.4815,-3.1019,-3.1019,-3.1019,4.000000,4.000000,5.000000,5.000000,5.000000,96.000000,96.000000,95.000000,95.000000,95.000000,5.0,-14.2685,-13.018,-47.7685,-49.019,PENDING_AG03,FALSE,NOT_FOR_ENFORCEMENT,-59.5555,844.3316,-62.0370,-59.5555,-2.4815,-0.06204188,-0.05956021,-2.4815,-59.5555,-0.05956021,-2.4815,-2.4815,-3.1019,-3.1019,-3.1019,-59.5555,-0.05956021,-14.2685,-13.018,-47.7685,-49.019,-0.04777225,-0.04902282,-0.00248168,5.2352,4.6048,-0.3248,-62.0370,-2.0679,999.9215,191.0000,,5.2352,5.2352,5.2352,5.2352,5.2352,5.2352,5.2352,5.2352,0.0,1.0,1.0,1.0,29,29,1,2,0E-8,-0.06204188,,0E-8,0.000000,0.879581,0.000000,,2026-04-09,2026-04-09,1,30,29,1,1.000000,,,0.000000,,,,,,,,GLOBAL_BASELINE_NO_ENTITY_RANKING,,,NOT_APPLICABLE_GLOBAL_BASELINE,HF9g-P5,,,,X 全窗基线 · 不参与实体赏罚,3923688,393,A168_HF9F_20260827_0900,2026-08-27 09:00:00
2026-04-09,148415319,2091,0,15.7055728608,-5.2351909536,-5.2351909536,0.3333333,3,3,0.49771390000000000,0.497713900000,-0.5694369385616226,-0.5694369385616226,-0.5694369385616226,0E-17,ELIGIBLE,R03b_20260811_FULL_v1,L1_ELIGIBILITY,v2026-08-11,2026-03-21..2026-08-06,baccarat_bet02_101_all_pairs_incl_sentinel,round_win = game_pnl > 0 (decisive only),COMPATIBILITY_ONLY_NOT_PRODUCTION,999.9215,879.5121,-62.0370,191,191,0.06204188,,0.06204188,0.06204188,62.0370,999.9215,OK,0.0000,-2.4815,4.0000,96.0000,AG03-UNRESOLVED,ALL5_LEVELS_bet23_to_bet27,-2.4815,-2.4815,-3.1019,-3.1019,-3.1019,4.000000,4.000000,5.000000,5.000000,5.000000,96.000000,96.000000,95.000000,95.000000,95.000000,5.0,-14.2685,-13.018,-47.7685,-49.019,PENDING_AG03,FALSE,NOT_FOR_ENFORCEMENT,-59.5555,844.3316,-62.0370,-59.5555,-2.4815,-0.06204188,-0.05956021,-2.4815,-59.5555,-0.05956021,-2.4815,-2.4815,-3.1019,-3.1019,-3.1019,-59.5555,-0.05956021,-14.2685,-13.018,-47.7685,-49.019,-0.04777225,-0.04902282,-0.00248168,5.2352,4.6048,-0.3248,-62.0370,-2.0679,999.9215,191.0000,,5.2352,5.2352,5.2352,5.2352,5.2352,5.2352,5.2352,5.2352,0.0,1.0,1.0,1.0,29,29,1,2,0E-8,-0.06204188,,0E-8,0.000000,0.879581,0.000000,,2026-04-09,2026-04-09,1,30,29,1,1.000000,,,0.000000,,,,,,,,GLOBAL_BASELINE_NO_ENTITY_RANKING,,,NOT_APPLICABLE_GLOBAL_BASELINE,HF9g-P5,,,,X 全窗基线 · 不参与实体赏罚,3923689,393,A168_HF9F_20260827_0900,2026-08-27 09:00:00
2026-04-09,148415319,2107,0,26.1759547680,9.9468628118,9.9468628118,0.7500000,5,5,0.50396966000000000,0.503969660000,0.9841523774297893,0.9841523774297894,0.9841523774297893,0E-17,ELIGIBLE,R03b_20260811_FULL_v1,L1_ELIGIBILITY,v2026-08-11,2026-03-21..2026-08-06,baccarat_bet02_101_all_pairs_incl_sentinel,round_win = game_pnl > 0 (decisive only),COMPATIBILITY_ONLY_NOT_PRODUCTION,999.9215,879.5121,-62.0370,191,191,0.06204188,,0.06204188,0.06204188,62.0370,999.9215,OK,0.0000,-2.4815,4.0000,96.0000,AG03-UNRESOLVED,ALL5_LEVELS_bet23_to_bet27,-2.4815,-2.4815,-3.1019,-3.1019,-3.1019,4.000000,4.000000,5.000000,5.000000,5.000000,96.000000,96.000000,95.000000,95.000000,95.000000,5.0,-14.2685,-13.018,-47.7685,-49.019,PENDING_AG03,FALSE,NOT_FOR_ENFORCEMENT,-59.5555,844.3316,-62.0370,-59.5555,-2.4815,-0.06204188,-0.05956021,-2.4815,-59.5555,-0.05956021,-2.4815,-2.4815,-3.1019,-3.1019,-3.1019,-59.5555,-0.05956021,-14.2685,-13.018,-47.7685,-49.019,-0.04777225,-0.04902282,-0.00248168,5.2352,4.6048,-0.3248,-62.0370,-2.0679,999.9215,191.0000,,5.2352,5.2352,5.2352,5.2352,5.2352,5.2352,5.2352,5.2352,0.0,1.0,1.0,1.0,29,29,1,2,0E-8,-0.06204188,,0E-8,0.000000,0.879581,0.000000,,2026-04-09,2026-04-09,1,30,29,1,1.000000,,,0.000000,,,,,,,,GLOBAL_BASELINE_NO_ENTITY_RANKING,,,NOT_APPLICABLE_GLOBAL_BASELINE,HF9g-P5,,,,X 全窗基线 · 不参与实体赏罚,3923690,393,A168_HF9F_20260827_0900,2026-08-27 09:00:00
2026-04-09,148415319,2174,0,36.6463366752,10.2086223595,10.2086223595,0.6666667,7,7,0.49707555714285714,0.497075557143,0.8308375778672678,0.8308375778665665,0.8308375778672678,-1.4286E-13,ELIGIBLE,R03b_20260811_FULL_v1,L1_ELIGIBILITY,v2026-08-11,2026-03-21..2026-08-06,baccarat_bet02_101_all_pairs_incl_sentinel,round_win = game_pnl > 0 (decisive only),COMPATIBILITY_ONLY_NOT_PRODUCTION,999.9215,879.5121,-62.0370,191,191,0.06204188,,0.06204188,0.06204188,62.0370,999.9215,OK,0.0000,-2.4815,4.0000,96.0000,AG03-UNRESOLVED,ALL5_LEVELS_bet23_to_bet27,-2.4815,-2.4815,-3.1019,-3.1019,-3.1019,4.000000,4.000000,5.000000,5.000000,5.000000,96.000000,96.000000,95.000000,95.000000,95.000000,5.0,-14.2685,-13.018,-47.7685,-49.019,PENDING_AG03,FALSE,NOT_FOR_ENFORCEMENT,-59.5555,844.3316,-62.0370,-59.5555,-2.4815,-0.06204188,-0.05956021,-2.4815,-59.5555,-0.05956021,-2.4815,-2.4815,-3.1019,-3.1019,-3.1019,-59.5555,-0.05956021,-14.2685,-13.018,-47.7685,-49.019,-0.04777225,-0.04902282,-0.00248168,5.2352,4.6048,-0.3248,-62.0370,-2.0679,999.9215,191.0000,,5.2352,5.2352,5.2352,5.2352,5.2352,5.2352,5.2352,5.2352,0.0,1.0,1.0,1.0,29,29,1,2,0E-8,-0.06204188,,0E-8,0.000000,0.879581,0.000000,,2026-04-09,2026-04-09,1,30,29,1,1.000000,,,0.000000,,,,,,,,GLOBAL_BASELINE_NO_ENTITY_RANKING,,,NOT_APPLICABLE_GLOBAL_BASELINE,HF9g-P5,,,,X 全窗基线 · 不参与实体赏罚,3923691,393,A168_HF9F_20260827_0900,2026-08-27 09:00:00
2026-04-09,148415319,2177,0,31.4111457216,0E-10,0E-10,0.5000000,6,6,0.49547970000000000,0.495479700000,0.01808193895567044,0.01808193895567044,0.01808193895567044,0E-17,ELIGIBLE,R03b_20260811_FULL_v1,L1_ELIGIBILITY,v2026-08-11,2026-03-21..2026-08-06,baccarat_bet02_101_all_pairs_incl_sentinel,round_win = game_pnl > 0 (decisive only),COMPATIBILITY_ONLY_NOT_PRODUCTION,999.9215,879.5121,-62.0370,191,191,0.06204188,,0.06204188,0.06204188,62.0370,999.9215,OK,0.0000,-2.4815,4.0000,96.0000,AG03-UNRESOLVED,ALL5_LEVELS_bet23_to_bet27,-2.4815,-2.4815,-3.1019,-3.1019,-3.1019,4.000000,4.000000,5.000000,5.000000,5.000000,96.000000,96.000000,95.000000,95.000000,95.000000,5.0,-14.2685,-13.018,-47.7685,-49.019,PENDING_AG03,FALSE,NOT_FOR_ENFORCEMENT,-59.5555,844.3316,-62.0370,-59.5555,-2.4815,-0.06204188,-0.05956021,-2.4815,-59.5555,-0.05956021,-2.4815,-2.4815,-3.1019,-3.1019,-3.1019,-59.5555,-0.05956021,-14.2685,-13.018,-47.7685,-49.019,-0.04777225,-0.04902282,-0.00248168,5.2352,4.6048,-0.3248,-62.0370,-2.0679,999.9215,191.0000,,5.2352,5.2352,5.2352,5.2352,5.2352,5.2352,5.2352,5.2352,0.0,1.0,1.0,1.0,29,29,1,2,0E-8,-0.06204188,,0E-8,0.000000,0.879581,0.000000,,2026-04-09,2026-04-09,1,30,29,1,1.000000,,,0.000000,,,,,,,,GLOBAL_BASELINE_NO_ENTITY_RANKING,,,NOT_APPLICABLE_GLOBAL_BASELINE,HF9g-P5,,,,X 全窗基线 · 不参与实体赏罚,3923692,393,A168_HF9F_20260827_0900,2026-08-27 09:00:00
2026-04-09,148415319,2196,0,41.8815276288,-5.4969505013,-5.4969505013,0.4285714,8,8,0.49994810000000000,0.499948100000,-0.377689846057837,-0.377689846057837,-0.377689846057837,0E-17,ELIGIBLE,R03b_20260811_FULL_v1,L1_ELIGIBILITY,v2026-08-11,2026-03-21..2026-08-06,baccarat_bet02_101_all_pairs_incl_sentinel,round_win = game_pnl > 0 (decisive only),COMPATIBILITY_ONLY_NOT_PRODUCTION,999.9215,879.5121,-62.0370,191,191,0.06204188,,0.06204188,0.06204188,62.0370,999.9215,OK,0.0000,-2.4815,4.0000,96.0000,AG03-UNRESOLVED,ALL5_LEVELS_bet23_to_bet27,-2.4815,-2.4815,-3.1019,-3.1019,-3.1019,4.000000,4.000000,5.000000,5.000000,5.000000,96.000000,96.000000,95.000000,95.000000,95.000000,5.0,-14.2685,-13.018,-47.7685,-49.019,PENDING_AG03,FALSE,NOT_FOR_ENFORCEMENT,-59.5555,844.3316,-62.0370,-59.5555,-2.4815,-0.06204188,-0.05956021,-2.4815,-59.5555,-0.05956021,-2.4815,-2.4815,-3.1019,-3.1019,-3.1019,-59.5555,-0.05956021,-14.2685,-13.018,-47.7685,-49.019,-0.04777225,-0.04902282,-0.00248168,5.2352,4.6048,-0.3248,-62.0370,-2.0679,999.9215,191.0000,,5.2352,5.2352,5.2352,5.2352,5.2352,5.2352,5.2352,5.2352,0.0,1.0,1.0,1.0,29,29,1,2,0E-8,-0.06204188,,0E-8,0.000000,0.879581,0.000000,,2026-04-09,2026-04-09,1,30,29,1,1.000000,,,0.000000,,,,,,,,GLOBAL_BASELINE_NO_ENTITY_RANKING,,,NOT_APPLICABLE_GLOBAL_BASELINE,HF9g-P5,,,,X 全窗基线 · 不参与实体赏罚,3923693,393,A168_HF9F_20260827_0900,2026-08-27 09:00:00
2026-04-09,148415319,2201,0,20.9407638144,-0.2617595477,-0.2617595477,0.5000000,4,4,0.50329940000000000,0.503299400000,-0.01319788734859681,-0.01319788734859681,-0.01319788734859681,0E-17,ELIGIBLE,R03b_20260811_FULL_v1,L1_ELIGIBILITY,v2026-08-11,2026-03-21..2026-08-06,baccarat_bet02_101_all_pairs_incl_sentinel,round_win = game_pnl > 0 (decisive only),COMPATIBILITY_ONLY_NOT_PRODUCTION,999.9215,879.5121,-62.0370,191,191,0.06204188,,0.06204188,0.06204188,62.0370,999.9215,OK,0.0000,-2.4815,4.0000,96.0000,AG03-UNRESOLVED,ALL5_LEVELS_bet23_to_bet27,-2.4815,-2.4815,-3.1019,-3.1019,-3.1019,4.000000,4.000000,5.000000,5.000000,5.000000,96.000000,96.000000,95.000000,95.000000,95.000000,5.0,-14.2685,-13.018,-47.7685,-49.019,PENDING_AG03,FALSE,NOT_FOR_ENFORCEMENT,-59.5555,844.3316,-62.0370,-59.5555,-2.4815,-0.06204188,-0.05956021,-2.4815,-59.5555,-0.05956021,-2.4815,-2.4815,-3.1019,-3.1019,-3.1019,-59.5555,-0.05956021,-14.2685,-13.018,-47.7685,-49.019,-0.04777225,-0.04902282,-0.00248168,5.2352,4.6048,-0.3248,-62.0370,-2.0679,999.9215,191.0000,,5.2352,5.2352,5.2352,5.2352,5.2352,5.2352,5.2352,5.2352,0.0,1.0,1.0,1.0,29,29,1,2,0E-8,-0.06204188,,0E-8,0.000000,0.879581,0.000000,,2026-04-09,2026-04-09,1,30,29,1,1.000000,,,0.000000,,,,,,,,GLOBAL_BASELINE_NO_ENTITY_RANKING,,,NOT_APPLICABLE_GLOBAL_BASELINE,HF9g-P5,,,,X 全窗基线 · 不参与实体赏罚,3923694,393,A168_HF9F_20260827_0900,2026-08-27 09:00:00
2026-04-09,148415319,2209,0,47.1167185824,10.2086223595,10.2086223595,0.6250000,9,9,0.49771390000000000,0.497713900000,0.7200464420157047,0.7200464420157048,0.7200464420157047,0E-17,ELIGIBLE,R03b_20260811_FULL_v1,L1_ELIGIBILITY,v2026-08-11,2026-03-21..2026-08-06,baccarat_bet02_101_all_pairs_incl_sentinel,round_win = game_pnl > 0 (decisive only),COMPATIBILITY_ONLY_NOT_PRODUCTION,999.9215,879.5121,-62.0370,191,191,0.06204188,,0.06204188,0.06204188,62.0370,999.9215,OK,0.0000,-2.4815,4.0000,96.0000,AG03-UNRESOLVED,ALL5_LEVELS_bet23_to_bet27,-2.4815,-2.4815,-3.1019,-3.1019,-3.1019,4.000000,4.000000,5.000000,5.000000,5.000000,96.000000,96.000000,95.000000,95.000000,95.000000,5.0,-14.2685,-13.018,-47.7685,-49.019,PENDING_AG03,FALSE,NOT_FOR_ENFORCEMENT,-59.5555,844.3316,-62.0370,-59.5555,-2.4815,-0.06204188,-0.05956021,-2.4815,-59.5555,-0.05956021,-2.4815,-2.4815,-3.1019,-3.1019,-3.1019,-59.5555,-0.05956021,-14.2685,-13.018,-47.7685,-49.019,-0.04777225,-0.04902282,-0.00248168,5.2352,4.6048,-0.3248,-62.0370,-2.0679,999.9215,191.0000,,5.2352,5.2352,5.2352,5.2352,5.2352,5.2352,5.2352,5.2352,0.0,1.0,1.0,1.0,29,29,1,2,0E-8,-0.06204188,,0E-8,0.000000,0.879581,0.000000,,2026-04-09,2026-04-09,1,30,29,1,1.000000,,,0.000000,,,,,,,,GLOBAL_BASELINE_NO_ENTITY_RANKING,,,NOT_APPLICABLE_GLOBAL_BASELINE,HF9g-P5,,,,X 全窗基线 · 不参与实体赏罚,3923695,393,A168_HF9F_20260827_0900,2026-08-27 09:00:00
2026-04-09,148415319,2223,0,15.7055728608,-5.4969505013,-5.4969505013,0.3333333,3,3,0.50218230000000000,0.502182300000,-0.5849155494134425,-0.5849155494134426,-0.5849155494134425,0E-17,ELIGIBLE,R03b_20260811_FULL_v1,L1_ELIGIBILITY,v2026-08-11,2026-03-21..2026-08-06,baccarat_bet02_101_all_pairs_incl_sentinel,round_win = game_pnl > 0 (decisive only),COMPATIBILITY_ONLY_NOT_PRODUCTION,999.9215,879.5121,-62.0370,191,191,0.06204188,,0.06204188,0.06204188,62.0370,999.9215,OK,0.0000,-2.4815,4.0000,96.0000,AG03-UNRESOLVED,ALL5_LEVELS_bet23_to_bet27,-2.4815,-2.4815,-3.1019,-3.1019,-3.1019,4.000000,4.000000,5.000000,5.000000,5.000000,96.000000,96.000000,95.000000,95.000000,95.000000,5.0,-14.2685,-13.018,-47.7685,-49.019,PENDING_AG03,FALSE,NOT_FOR_ENFORCEMENT,-59.5555,844.3316,-62.0370,-59.5555,-2.4815,-0.06204188,-0.05956021,-2.4815,-59.5555,-0.05956021,-2.4815,-2.4815,-3.1019,-3.1019,-3.1019,-59.5555,-0.05956021,-14.2685,-13.018,-47.7685,-49.019,-0.04777225,-0.04902282,-0.00248168,5.2352,4.6048,-0.3248,-62.0370,-2.0679,999.9215,191.0000,,5.2352,5.2352,5.2352,5.2352,5.2352,5.2352,5.2352,5.2352,0.0,1.0,1.0,1.0,29,29,1,2,0E-8,-0.06204188,,0E-8,0.000000,0.879581,0.000000,,2026-04-09,2026-04-09,1,30,29,1,1.000000,,,0.000000,,,,,,,,GLOBAL_BASELINE_NO_ENTITY_RANKING,,,NOT_APPLICABLE_GLOBAL_BASELINE,HF9g-P5,,,,X 全窗基线 · 不参与实体赏罚,3923696,393,A168_HF9F_20260827_0900,2026-08-27 09:00:00
2026-04-09,148415319,2224,0,10.4703819072,9.9468628118,9.9468628118,1.0000000,2,2,0.50665070000000000,0.506650700000,1.3955260008387969,1.3955260008387969,1.3955260008387969,0E-17,ELIGIBLE,R03b_20260811_FULL_v1,L1_ELIGIBILITY,v2026-08-11,2026-03-21..2026-08-06,baccarat_bet02_101_all_pairs_incl_sentinel,round_win = game_pnl > 0 (decisive only),COMPATIBILITY_ONLY_NOT_PRODUCTION,999.9215,879.5121,-62.0370,191,191,0.06204188,,0.06204188,0.06204188,62.0370,999.9215,OK,0.0000,-2.4815,4.0000,96.0000,AG03-UNRESOLVED,ALL5_LEVELS_bet23_to_bet27,-2.4815,-2.4815,-3.1019,-3.1019,-3.1019,4.000000,4.000000,5.000000,5.000000,5.000000,96.000000,96.000000,95.000000,95.000000,95.000000,5.0,-14.2685,-13.018,-47.7685,-49.019,PENDING_AG03,FALSE,NOT_FOR_ENFORCEMENT,-59.5555,844.3316,-62.0370,-59.5555,-2.4815,-0.06204188,-0.05956021,-2.4815,-59.5555,-0.05956021,-2.4815,-2.4815,-3.1019,-3.1019,-3.1019,-59.5555,-0.05956021,-14.2685,-13.018,-47.7685,-49.019,-0.04777225,-0.04902282,-0.00248168,5.2352,4.6048,-0.3248,-62.0370,-2.0679,999.9215,191.0000,,5.2352,5.2352,5.2352,5.2352,5.2352,5.2352,5.2352,5.2352,0.0,1.0,1.0,1.0,29,29,1,2,0E-8,-0.06204188,,0E-8,0.000000,0.879581,0.000000,,2026-04-09,2026-04-09,1,30,29,1,1.000000,,,0.000000,,,,,,,,GLOBAL_BASELINE_NO_ENTITY_RANKING,,,NOT_APPLICABLE_GLOBAL_BASELINE,HF9g-P5,,,,X 全窗基线 · 不参与实体赏罚,3923697,393,A168_HF9F_20260827_0900,2026-08-27 09:00:00
2026-04-09,148415319,2233,0,10.4703819072,5.2351909536,5.2351909536,1.0000000,2,2,0.49324550000000000,0.493245500000,1.01360149184955,1.01360149184955,1.01360149184955,0E-17,ELIGIBLE,R03b_20260811_FULL_v1,L1_ELIGIBILITY,v2026-08-11,2026-03-21..2026-08-06,baccarat_bet02_101_all_pairs_incl_sentinel,round_win = game_pnl > 0 (decisive only),COMPATIBILITY_ONLY_NOT_PRODUCTION,999.9215,879.5121,-62.0370,191,191,0.06204188,,0.06204188,0.06204188,62.0370,999.9215,OK,0.0000,-2.4815,4.0000,96.0000,AG03-UNRESOLVED,ALL5_LEVELS_bet23_to_bet27,-2.4815,-2.4815,-3.1019,-3.1019,-3.1019,4.000000,4.000000,5.000000,5.000000,5.000000,96.000000,96.000000,95.000000,95.000000,95.000000,5.0,-14.2685,-13.018,-47.7685,-49.019,PENDING_AG03,FALSE,NOT_FOR_ENFORCEMENT,-59.5555,844.3316,-62.0370,-59.5555,-2.4815,-0.06204188,-0.05956021,-2.4815,-59.5555,-0.05956021,-2.4815,-2.4815,-3.1019,-3.1019,-3.1019,-59.5555,-0.05956021,-14.2685,-13.018,-47.7685,-49.019,-0.04777225,-0.04902282,-0.00248168,5.2352,4.6048,-0.3248,-62.0370,-2.0679,999.9215,191.0000,,5.2352,5.2352,5.2352,5.2352,5.2352,5.2352,5.2352,5.2352,0.0,1.0,1.0,1.0,29,29,1,2,0E-8,-0.06204188,,0E-8,0.000000,0.879581,0.000000,,2026-04-09,2026-04-09,1,30,29,1,1.000000,,,0.000000,,,,,,,,GLOBAL_BASELINE_NO_ENTITY_RANKING,,,NOT_APPLICABLE_GLOBAL_BASELINE,HF9g-P5,,,,X 全窗基线 · 不参与实体赏罚,3923698,393,A168_HF9F_20260827_0900,2026-08-27 09:00:00
2026-04-09,148415319,2250,0,15.7055728608,-10.4703819072,-10.4703819072,0E-7,3,3,0.49324550000000000,0.493245500000,-1.3952362676504506,-1.3952362676504506,-1.3952362676504506,0E-17,ELIGIBLE,R03b_20260811_FULL_v1,L1_ELIGIBILITY,v2026-08-11,2026-03-21..2026-08-06,baccarat_bet02_101_all_pairs_incl_sentinel,round_win = game_pnl > 0 (decisive only),COMPATIBILITY_ONLY_NOT_PRODUCTION,999.9215,879.5121,-62.0370,191,191,0.06204188,,0.06204188,0.06204188,62.0370,999.9215,OK,0.0000,-2.4815,4.0000,96.0000,AG03-UNRESOLVED,ALL5_LEVELS_bet23_to_bet27,-2.4815,-2.4815,-3.1019,-3.1019,-3.1019,4.000000,4.000000,5.000000,5.000000,5.000000,96.000000,96.000000,95.000000,95.000000,95.000000,5.0,-14.2685,-13.018,-47.7685,-49.019,PENDING_AG03,FALSE,NOT_FOR_ENFORCEMENT,-59.5555,844.3316,-62.0370,-59.5555,-2.4815,-0.06204188,-0.05956021,-2.4815,-59.5555,-0.05956021,-2.4815,-2.4815,-3.1019,-3.1019,-3.1019,-59.5555,-0.05956021,-14.2685,-13.018,-47.7685,-49.019,-0.04777225,-0.04902282,-0.00248168,5.2352,4.6048,-0.3248,-62.0370,-2.0679,999.9215,191.0000,,5.2352,5.2352,5.2352,5.2352,5.2352,5.2352,5.2352,5.2352,0.0,1.0,1.0,1.0,29,29,1,2,0E-8,-0.06204188,,0E-8,0.000000,0.879581,0.000000,,2026-04-09,2026-04-09,1,30,29,1,1.000000,,,0.000000,,,,,,,,GLOBAL_BASELINE_NO_ENTITY_RANKING,,,NOT_APPLICABLE_GLOBAL_BASELINE,HF9g-P5,,,,X 全窗基线 · 不参与实体赏罚,3923699,393,A168_HF9F_20260827_0900,2026-08-27 09:00:00
2026-04-09,148415319,471,0,20.9407638144,0E-10,0E-10,0.5000000,4,4,0.49659680000000000,0.496596800000,0.013613115331600182,0.013613115331600183,0.013613115331600182,0E-17,ELIGIBLE,R03b_20260811_FULL_v1,L1_ELIGIBILITY,v2026-08-11,2026-03-21..2026-08-06,baccarat_bet02_101_all_pairs_incl_sentinel,round_win = game_pnl > 0 (decisive only),COMPATIBILITY_ONLY_NOT_PRODUCTION,999.9215,879.5121,-62.0370,191,191,0.06204188,,0.06204188,0.06204188,62.0370,999.9215,OK,0.0000,-2.4815,4.0000,96.0000,AG03-UNRESOLVED,ALL5_LEVELS_bet23_to_bet27,-2.4815,-2.4815,-3.1019,-3.1019,-3.1019,4.000000,4.000000,5.000000,5.000000,5.000000,96.000000,96.000000,95.000000,95.000000,95.000000,5.0,-14.2685,-13.018,-47.7685,-49.019,PENDING_AG03,FALSE,NOT_FOR_ENFORCEMENT,-59.5555,844.3316,-62.0370,-59.5555,-2.4815,-0.06204188,-0.05956021,-2.4815,-59.5555,-0.05956021,-2.4815,-2.4815,-3.1019,-3.1019,-3.1019,-59.5555,-0.05956021,-14.2685,-13.018,-47.7685,-49.019,-0.04777225,-0.04902282,-0.00248168,5.2352,4.6048,-0.3248,-62.0370,-2.0679,999.9215,191.0000,,5.2352,5.2352,5.2352,5.2352,5.2352,5.2352,5.2352,5.2352,0.0,1.0,1.0,1.0,29,29,1,2,0E-8,-0.06204188,,0E-8,0.000000,0.879581,0.000000,,2026-04-09,2026-04-09,1,30,29,1,1.000000,,,0.000000,,,,,,,,GLOBAL_BASELINE_NO_ENTITY_RANKING,,,NOT_APPLICABLE_GLOBAL_BASELINE,HF9g-P5,,,,X 全窗基线 · 不参与实体赏罚,3923700,393,A168_HF9F_20260827_0900,2026-08-27 09:00:00
2026-04-09,148415319,550,0,20.9407638144,-10.7321414549,-10.7321414549,0.2500000,4,4,0.50329940000000000,0.503299400000,-1.013219660140378,-1.013219660140378,-1.013219660140378,0E-17,ELIGIBLE,R03b_20260811_FULL_v1,L1_ELIGIBILITY,v2026-08-11,2026-03-21..2026-08-06,baccarat_bet02_101_all_pairs_incl_sentinel,round_win = game_pnl > 0 (decisive only),COMPATIBILITY_ONLY_NOT_PRODUCTION,999.9215,879.5121,-62.0370,191,191,0.06204188,,0.06204188,0.06204188,62.0370,999.9215,OK,0.0000,-2.4815,4.0000,96.0000,AG03-UNRESOLVED,ALL5_LEVELS_bet23_to_bet27,-2.4815,-2.4815,-3.1019,-3.1019,-3.1019,4.000000,4.000000,5.000000,5.000000,5.000000,96.000000,96.000000,95.000000,95.000000,95.000000,5.0,-14.2685,-13.018,-47.7685,-49.019,PENDING_AG03,FALSE,NOT_FOR_ENFORCEMENT,-59.5555,844.3316,-62.0370,-59.5555,-2.4815,-0.06204188,-0.05956021,-2.4815,-59.5555,-0.05956021,-2.4815,-2.4815,-3.1019,-3.1019,-3.1019,-59.5555,-0.05956021,-14.2685,-13.018,-47.7685,-49.019,-0.04777225,-0.04902282,-0.00248168,5.2352,4.6048,-0.3248,-62.0370,-2.0679,999.9215,191.0000,,5.2352,5.2352,5.2352,5.2352,5.2352,5.2352,5.2352,5.2352,0.0,1.0,1.0,1.0,29,29,1,2,0E-8,-0.06204188,,0E-8,0.000000,0.879581,0.000000,,2026-04-09,2026-04-09,1,30,29,1,1.000000,,,0.000000,,,,,,,,GLOBAL_BASELINE_NO_ENTITY_RANKING,,,NOT_APPLICABLE_GLOBAL_BASELINE,HF9g-P5,,,,X 全窗基线 · 不参与实体赏罚,3923701,393,A168_HF9F_20260827_0900,2026-08-27 09:00:00
2026-04-09,148415319,772,0,26.1759547680,9.9468628118,9.9468628118,0.7500000,5,5,0.50396966000000000,0.503969660000,0.9841523774297893,0.9841523774297894,0.9841523774297893,0E-17,ELIGIBLE,R03b_20260811_FULL_v1,L1_ELIGIBILITY,v2026-08-11,2026-03-21..2026-08-06,baccarat_bet02_101_all_pairs_incl_sentinel,round_win = game_pnl > 0 (decisive only),COMPATIBILITY_ONLY_NOT_PRODUCTION,999.9215,879.5121,-62.0370,191,191,0.06204188,,0.06204188,0.06204188,62.0370,999.9215,OK,0.0000,-2.4815,4.0000,96.0000,AG03-UNRESOLVED,ALL5_LEVELS_bet23_to_bet27,-2.4815,-2.4815,-3.1019,-3.1019,-3.1019,4.000000,4.000000,5.000000,5.000000,5.000000,96.000000,96.000000,95.000000,95.000000,95.000000,5.0,-14.2685,-13.018,-47.7685,-49.019,PENDING_AG03,FALSE,NOT_FOR_ENFORCEMENT,-59.5555,844.3316,-62.0370,-59.5555,-2.4815,-0.06204188,-0.05956021,-2.4815,-59.5555,-0.05956021,-2.4815,-2.4815,-3.1019,-3.1019,-3.1019,-59.5555,-0.05956021,-14.2685,-13.018,-47.7685,-49.019,-0.04777225,-0.04902282,-0.00248168,5.2352,4.6048,-0.3248,-62.0370,-2.0679,999.9215,191.0000,,5.2352,5.2352,5.2352,5.2352,5.2352,5.2352,5.2352,5.2352,0.0,1.0,1.0,1.0,29,29,1,2,0E-8,-0.06204188,,0E-8,0.000000,0.879581,0.000000,,2026-04-09,2026-04-09,1,30,29,1,1.000000,,,0.000000,,,,,,,,GLOBAL_BASELINE_NO_ENTITY_RANKING,,,NOT_APPLICABLE_GLOBAL_BASELINE,HF9g-P5,,,,X 全窗基线 · 不参与实体赏罚,3923702,393,A168_HF9F_20260827_0900,2026-08-27 09:00:00
2026-04-09,148415319,919,0,15.7055728608,0E-10,0E-10,0.5000000,3,3,0.49771390000000000,0.497713900000,0.006466134837551399,0.0064661348375514,0.006466134837551399,0E-17,ELIGIBLE,R03b_20260811_FULL_v1,L1_ELIGIBILITY,v2026-08-11,2026-03-21..2026-08-06,baccarat_bet02_101_all_pairs_incl_sentinel,round_win = game_pnl > 0 (decisive only),COMPATIBILITY_ONLY_NOT_PRODUCTION,999.9215,879.5121,-62.0370,191,191,0.06204188,,0.06204188,0.06204188,62.0370,999.9215,OK,0.0000,-2.4815,4.0000,96.0000,AG03-UNRESOLVED,ALL5_LEVELS_bet23_to_bet27,-2.4815,-2.4815,-3.1019,-3.1019,-3.1019,4.000000,4.000000,5.000000,5.000000,5.000000,96.000000,96.000000,95.000000,95.000000,95.000000,5.0,-14.2685,-13.018,-47.7685,-49.019,PENDING_AG03,FALSE,NOT_FOR_ENFORCEMENT,-59.5555,844.3316,-62.0370,-59.5555,-2.4815,-0.06204188,-0.05956021,-2.4815,-59.5555,-0.05956021,-2.4815,-2.4815,-3.1019,-3.1019,-3.1019,-59.5555,-0.05956021,-14.2685,-13.018,-47.7685,-49.019,-0.04777225,-0.04902282,-0.00248168,5.2352,4.6048,-0.3248,-62.0370,-2.0679,999.9215,191.0000,,5.2352,5.2352,5.2352,5.2352,5.2352,5.2352,5.2352,5.2352,0.0,1.0,1.0,1.0,29,29,1,2,0E-8,-0.06204188,,0E-8,0.000000,0.879581,0.000000,,2026-04-09,2026-04-09,1,30,29,1,1.000000,,,0.000000,,,,,,,,GLOBAL_BASELINE_NO_ENTITY_RANKING,,,NOT_APPLICABLE_GLOBAL_BASELINE,HF9g-P5,,,,X 全窗基线 · 不参与实体赏罚,3923703,393,A168_HF9F_20260827_0900,2026-08-27 09:00:00
2026-04-09,148415319,948,0,5.2351909536,-5.2351909536,-5.2351909536,0E-7,1,1,0.49324550000000000,0.493245500000,-0.9865810262130424,-0.9865810262130424,-0.9865810262130424,0E-17,ELIGIBLE,R03b_20260811_FULL_v1,L1_ELIGIBILITY,v2026-08-11,2026-03-21..2026-08-06,baccarat_bet02_101_all_pairs_incl_sentinel,round_win = game_pnl > 0 (decisive only),COMPATIBILITY_ONLY_NOT_PRODUCTION,999.9215,879.5121,-62.0370,191,191,0.06204188,,0.06204188,0.06204188,62.0370,999.9215,OK,0.0000,-2.4815,4.0000,96.0000,AG03-UNRESOLVED,ALL5_LEVELS_bet23_to_bet27,-2.4815,-2.4815,-3.1019,-3.1019,-3.1019,4.000000,4.000000,5.000000,5.000000,5.000000,96.000000,96.000000,95.000000,95.000000,95.000000,5.0,-14.2685,-13.018,-47.7685,-49.019,PENDING_AG03,FALSE,NOT_FOR_ENFORCEMENT,-59.5555,844.3316,-62.0370,-59.5555,-2.4815,-0.06204188,-0.05956021,-2.4815,-59.5555,-0.05956021,-2.4815,-2.4815,-3.1019,-3.1019,-3.1019,-59.5555,-0.05956021,-14.2685,-13.018,-47.7685,-49.019,-0.04777225,-0.04902282,-0.00248168,5.2352,4.6048,-0.3248,-62.0370,-2.0679,999.9215,191.0000,,5.2352,5.2352,5.2352,5.2352,5.2352,5.2352,5.2352,5.2352,0.0,1.0,1.0,1.0,29,29,1,2,0E-8,-0.06204188,,0E-8,0.000000,0.879581,0.000000,,2026-04-09,2026-04-09,1,30,29,1,1.000000,,,0.000000,,,,,,,,GLOBAL_BASELINE_NO_ENTITY_RANKING,,,NOT_APPLICABLE_GLOBAL_BASELINE,HF9g-P5,,,,X 全窗基线 · 不参与实体赏罚,3923704,393,A168_HF9F_20260827_0900,2026-08-27 09:00:00
2026-04-09,148415319,987,0,15.7055728608,-5.2351909536,-5.2351909536,0.3333333,3,3,0.50218230000000000,0.502182300000,-0.5849155494134425,-0.5849155494134426,-0.5849155494134425,0E-17,ELIGIBLE,R03b_20260811_FULL_v1,L1_ELIGIBILITY,v2026-08-11,2026-03-21..2026-08-06,baccarat_bet02_101_all_pairs_incl_sentinel,round_win = game_pnl > 0 (decisive only),COMPATIBILITY_ONLY_NOT_PRODUCTION,999.9215,879.5121,-62.0370,191,191,0.06204188,,0.06204188,0.06204188,62.0370,999.9215,OK,0.0000,-2.4815,4.0000,96.0000,AG03-UNRESOLVED,ALL5_LEVELS_bet23_to_bet27,-2.4815,-2.4815,-3.1019,-3.1019,-3.1019,4.000000,4.000000,5.000000,5.000000,5.000000,96.000000,96.000000,95.000000,95.000000,95.000000,5.0,-14.2685,-13.018,-47.7685,-49.019,PENDING_AG03,FALSE,NOT_FOR_ENFORCEMENT,-59.5555,844.3316,-62.0370,-59.5555,-2.4815,-0.06204188,-0.05956021,-2.4815,-59.5555,-0.05956021,-2.4815,-2.4815,-3.1019,-3.1019,-3.1019,-59.5555,-0.05956021,-14.2685,-13.018,-47.7685,-49.019,-0.04777225,-0.04902282,-0.00248168,5.2352,4.6048,-0.3248,-62.0370,-2.0679,999.9215,191.0000,,5.2352,5.2352,5.2352,5.2352,5.2352,5.2352,5.2352,5.2352,0.0,1.0,1.0,1.0,29,29,1,2,0E-8,-0.06204188,,0E-8,0.000000,0.879581,0.000000,,2026-04-09,2026-04-09,1,30,29,1,1.000000,,,0.000000,,,,,,,,GLOBAL_BASELINE_NO_ENTITY_RANKING,,,NOT_APPLICABLE_GLOBAL_BASELINE,HF9g-P5,,,,X 全窗基线 · 不参与实体赏罚,3923705,393,A168_HF9F_20260827_0900,2026-08-27 09:00:00
2026-05-14,150007720,1210,0,10.3782886202,-10.3782886202,-10.3782886202,0E-7,1,1,0.49324550000000000,0.493245500000,-0.9865810262130424,-0.9865810262130424,-0.9865810262130424,0E-17,ELIGIBLE,R03b_20260811_FULL_v1,L1_ELIGIBILITY,v2026-08-11,2026-03-21..2026-08-06,baccarat_bet02_101_all_pairs_incl_sentinel,round_win = game_pnl > 0 (decisive only),COMPATIBILITY_ONLY_NOT_PRODUCTION,265.4247,231.6953,-62.0362,27,27,0.23372434,,0.23372434,0.23372434,62.0362,265.4247,THIN_EXPOSURE,0.0000,-2.4814,4.0000,96.0000,AG03-UNRESOLVED,ALL5_LEVELS_bet23_to_bet27,-2.4814,-2.4814,-3.1018,-3.1018,-3.1018,4.000000,4.000000,5.000000,5.000000,5.000000,96.000000,96.000000,95.000000,95.000000,95.000000,5.0,-14.2683,-13.0179,-47.7679,-49.0183,PENDING_AG03,FALSE,NOT_FOR_ENFORCEMENT,-59.5548,222.4275,-62.0362,-59.5548,-2.4814,-0.23372434,-0.22437537,-2.4814,-59.5548,-0.22437537,-2.4814,-2.4814,-3.1018,-3.1018,-3.1018,-59.5548,-0.22437537,-14.2683,-13.0179,-47.7679,-49.0183,-0.17996774,-0.18467888,-0.00934897,9.8305,8.5813,-2.2976,-62.0362,-8.8623,265.4247,27.0000,,9.8305,9.5999,10.3783,10.3783,12.4539,12.9729,12.9729,10.3783,5.1891,1.25,1.25,0.947222,7,9,1,2,0E-8,-0.23372434,,0E-8,0.000000,0.872923,0.000000,,2026-05-14,2026-05-14,1,7,7,1,1.000000,,,0.000000,,,,,,,,GLOBAL_BASELINE_NO_ENTITY_RANKING,,,NOT_APPLICABLE_GLOBAL_BASELINE,HF9g-P5,,,,X 全窗基线 · 不参与实体赏罚,3923706,393,A168_HF9F_20260827_0900,2026-08-27 09:00:00
2026-05-14,150007720,1299,0,38.9185823258,25.1673499040,25.1673499040,1.0000000,4,4,0.50329940000000000,0.503299400000,1.7206588134302945,1.7206588134302945,1.7206588134302945,0E-17,ELIGIBLE,R03b_20260811_FULL_v1,L1_ELIGIBILITY,v2026-08-11,2026-03-21..2026-08-06,baccarat_bet02_101_all_pairs_incl_sentinel,round_win = game_pnl > 0 (decisive only),COMPATIBILITY_ONLY_NOT_PRODUCTION,265.4247,231.6953,-62.0362,27,27,0.23372434,,0.23372434,0.23372434,62.0362,265.4247,THIN_EXPOSURE,0.0000,-2.4814,4.0000,96.0000,AG03-UNRESOLVED,ALL5_LEVELS_bet23_to_bet27,-2.4814,-2.4814,-3.1018,-3.1018,-3.1018,4.000000,4.000000,5.000000,5.000000,5.000000,96.000000,96.000000,95.000000,95.000000,95.000000,5.0,-14.2683,-13.0179,-47.7679,-49.0183,PENDING_AG03,FALSE,NOT_FOR_ENFORCEMENT,-59.5548,222.4275,-62.0362,-59.5548,-2.4814,-0.23372434,-0.22437537,-2.4814,-59.5548,-0.22437537,-2.4814,-2.4814,-3.1018,-3.1018,-3.1018,-59.5548,-0.22437537,-14.2683,-13.0179,-47.7679,-49.0183,-0.17996774,-0.18467888,-0.00934897,9.8305,8.5813,-2.2976,-62.0362,-8.8623,265.4247,27.0000,,9.8305,9.5999,10.3783,10.3783,12.4539,12.9729,12.9729,10.3783,5.1891,1.25,1.25,0.947222,7,9,1,2,0E-8,-0.23372434,,0E-8,0.000000,0.872923,0.000000,,2026-05-14,2026-05-14,1,7,7,1,1.000000,,,0.000000,,,,,,,,GLOBAL_BASELINE_NO_ENTITY_RANKING,,,NOT_APPLICABLE_GLOBAL_BASELINE,HF9g-P5,,,,X 全窗基线 · 不参与实体赏罚,3923707,393,A168_HF9F_20260827_0900,2026-08-27 09:00:00
2026-05-14,150007720,1331,0,32.9510663692,31.3035130507,31.3035130507,1.0000000,3,3,0.50665070000000000,0.506650700000,1.7091633124209307,1.7091633124209307,1.7091633124209307,0E-17,ELIGIBLE,R03b_20260811_FULL_v1,L1_ELIGIBILITY,v2026-08-11,2026-03-21..2026-08-06,baccarat_bet02_101_all_pairs_incl_sentinel,round_win = game_pnl > 0 (decisive only),COMPATIBILITY_ONLY_NOT_PRODUCTION,265.4247,231.6953,-62.0362,27,27,0.23372434,,0.23372434,0.23372434,62.0362,265.4247,THIN_EXPOSURE,0.0000,-2.4814,4.0000,96.0000,AG03-UNRESOLVED,ALL5_LEVELS_bet23_to_bet27,-2.4814,-2.4814,-3.1018,-3.1018,-3.1018,4.000000,4.000000,5.000000,5.000000,5.000000,96.000000,96.000000,95.000000,95.000000,95.000000,5.0,-14.2683,-13.0179,-47.7679,-49.0183,PENDING_AG03,FALSE,NOT_FOR_ENFORCEMENT,-59.5548,222.4275,-62.0362,-59.5548,-2.4814,-0.23372434,-0.22437537,-2.4814,-59.5548,-0.22437537,-2.4814,-2.4814,-3.1018,-3.1018,-3.1018,-59.5548,-0.22437537,-14.2683,-13.0179,-47.7679,-49.0183,-0.17996774,-0.18467888,-0.00934897,9.8305,8.5813,-2.2976,-62.0362,-8.8623,265.4247,27.0000,,9.8305,9.5999,10.3783,10.3783,12.4539,12.9729,12.9729,10.3783,5.1891,1.25,1.25,0.947222,7,9,1,2,0E-8,-0.23372434,,0E-8,0.000000,0.872923,0.000000,,2026-05-14,2026-05-14,1,7,7,1,1.000000,,,0.000000,,,,,,,,GLOBAL_BASELINE_NO_ENTITY_RANKING,,,NOT_APPLICABLE_GLOBAL_BASELINE,HF9g-P5,,,,X 全窗基线 · 不参与实体赏罚,3923708,393,A168_HF9F_20260827_0900,2026-08-27 09:00:00
2026-05-14,150007720,1401,0,15.5674329303,-5.1891443101,-5.1891443101,0E-7,2,2,0.49994810000000000,0.499948100000,-0.9998962053866608,-0.9998962053866608,-0.9998962053866608,0E-17,ELIGIBLE,R03b_20260811_FULL_v1,L1_ELIGIBILITY,v2026-08-11,2026-03-21..2026-08-06,baccarat_bet02_101_all_pairs_incl_sentinel,round_win = game_pnl > 0 (decisive only),COMPATIBILITY_ONLY_NOT_PRODUCTION,265.4247,231.6953,-62.0362,27,27,0.23372434,,0.23372434,0.23372434,62.0362,265.4247,THIN_EXPOSURE,0.0000,-2.4814,4.0000,96.0000,AG03-UNRESOLVED,ALL5_LEVELS_bet23_to_bet27,-2.4814,-2.4814,-3.1018,-3.1018,-3.1018,4.000000,4.000000,5.000000,5.000000,5.000000,96.000000,96.000000,95.000000,95.000000,95.000000,5.0,-14.2683,-13.0179,-47.7679,-49.0183,PENDING_AG03,FALSE,NOT_FOR_ENFORCEMENT,-59.5548,222.4275,-62.0362,-59.5548,-2.4814,-0.23372434,-0.22437537,-2.4814,-59.5548,-0.22437537,-2.4814,-2.4814,-3.1018,-3.1018,-3.1018,-59.5548,-0.22437537,-14.2683,-13.0179,-47.7679,-49.0183,-0.17996774,-0.18467888,-0.00934897,9.8305,8.5813,-2.2976,-62.0362,-8.8623,265.4247,27.0000,,9.8305,9.5999,10.3783,10.3783,12.4539,12.9729,12.9729,10.3783,5.1891,1.25,1.25,0.947222,7,9,1,2,0E-8,-0.23372434,,0E-8,0.000000,0.872923,0.000000,,2026-05-14,2026-05-14,1,7,7,1,1.000000,,,0.000000,,,,,,,,GLOBAL_BASELINE_NO_ENTITY_RANKING,,,NOT_APPLICABLE_GLOBAL_BASELINE,HF9g-P5,,,,X 全窗基线 · 不参与实体赏罚,3923709,393,A168_HF9F_20260827_0900,2026-08-27 09:00:00
2026-05-14,150007720,1405,0,30.3564942141,9.0810025427,9.0810025427,0.6666667,3,3,0.50218230000000000,0.502182300000,0.5697959874915163,0.5697959874915164,0.5697959874915163,0E-17,ELIGIBLE,R03b_20260811_FULL_v1,L1_ELIGIBILITY,v2026-08-11,2026-03-21..2026-08-06,baccarat_bet02_101_all_pairs_incl_sentinel,round_win = game_pnl > 0 (decisive only),COMPATIBILITY_ONLY_NOT_PRODUCTION,265.4247,231.6953,-62.0362,27,27,0.23372434,,0.23372434,0.23372434,62.0362,265.4247,THIN_EXPOSURE,0.0000,-2.4814,4.0000,96.0000,AG03-UNRESOLVED,ALL5_LEVELS_bet23_to_bet27,-2.4814,-2.4814,-3.1018,-3.1018,-3.1018,4.000000,4.000000,5.000000,5.000000,5.000000,96.000000,96.000000,95.000000,95.000000,95.000000,5.0,-14.2683,-13.0179,-47.7679,-49.0183,PENDING_AG03,FALSE,NOT_FOR_ENFORCEMENT,-59.5548,222.4275,-62.0362,-59.5548,-2.4814,-0.23372434,-0.22437537,-2.4814,-59.5548,-0.22437537,-2.4814,-2.4814,-3.1018,-3.1018,-3.1018,-59.5548,-0.22437537,-14.2683,-13.0179,-47.7679,-49.0183,-0.17996774,-0.18467888,-0.00934897,9.8305,8.5813,-2.2976,-62.0362,-8.8623,265.4247,27.0000,,9.8305,9.5999,10.3783,10.3783,12.4539,12.9729,12.9729,10.3783,5.1891,1.25,1.25,0.947222,7,9,1,2,0E-8,-0.23372434,,0E-8,0.000000,0.872923,0.000000,,2026-05-14,2026-05-14,1,7,7,1,1.000000,,,0.000000,,,,,,,,GLOBAL_BASELINE_NO_ENTITY_RANKING,,,NOT_APPLICABLE_GLOBAL_BASELINE,HF9g-P5,,,,X 全窗基线 · 不参与实体赏罚,3923710,393,A168_HF9F_20260827_0900,2026-08-27 09:00:00
2026-05-14,150007720,1505,0,15.5674329303,15.5674329303,15.5674329303,1.0000000,2,2,0.49324550000000000,0.493245500000,1.4334489766152358,1.4334489766152358,1.4334489766152358,0E-17,ELIGIBLE,R03b_20260811_FULL_v1,L1_ELIGIBILITY,v2026-08-11,2026-03-21..2026-08-06,baccarat_bet02_101_all_pairs_incl_sentinel,round_win = game_pnl > 0 (decisive only),COMPATIBILITY_ONLY_NOT_PRODUCTION,265.4247,231.6953,-62.0362,27,27,0.23372434,,0.23372434,0.23372434,62.0362,265.4247,THIN_EXPOSURE,0.0000,-2.4814,4.0000,96.0000,AG03-UNRESOLVED,ALL5_LEVELS_bet23_to_bet27,-2.4814,-2.4814,-3.1018,-3.1018,-3.1018,4.000000,4.000000,5.000000,5.000000,5.000000,96.000000,96.000000,95.000000,95.000000,95.000000,5.0,-14.2683,-13.0179,-47.7679,-49.0183,PENDING_AG03,FALSE,NOT_FOR_ENFORCEMENT,-59.5548,222.4275,-62.0362,-59.5548,-2.4814,-0.23372434,-0.22437537,-2.4814,-59.5548,-0.22437537,-2.4814,-2.4814,-3.1018,-3.1018,-3.1018,-59.5548,-0.22437537,-14.2683,-13.0179,-47.7679,-49.0183,-0.17996774,-0.18467888,-0.00934897,9.8305,8.5813,-2.2976,-62.0362,-8.8623,265.4247,27.0000,,9.8305,9.5999,10.3783,10.3783,12.4539,12.9729,12.9729,10.3783,5.1891,1.25,1.25,0.947222,7,9,1,2,0E-8,-0.23372434,,0E-8,0.000000,0.872923,0.000000,,2026-05-14,2026-05-14,1,7,7,1,1.000000,,,0.000000,,,,,,,,GLOBAL_BASELINE_NO_ENTITY_RANKING,,,NOT_APPLICABLE_GLOBAL_BASELINE,HF9g-P5,,,,X 全窗基线 · 不参与实体赏罚,3923711,393,A168_HF9F_20260827_0900,2026-08-27 09:00:00
2026-05-14,150007720,2141,0,59.1562451352,-18.1620050854,-18.1620050854,0.3333333,6,6,0.50218230000000000,0.502182300000,-0.8271955028234007,-0.8271955028234007,-0.8271955028234007,0E-17,ELIGIBLE,R03b_20260811_FULL_v1,L1_ELIGIBILITY,v2026-08-11,2026-03-21..2026-08-06,baccarat_bet02_101_all_pairs_incl_sentinel,round_win = game_pnl > 0 (decisive only),COMPATIBILITY_ONLY_NOT_PRODUCTION,265.4247,231.6953,-62.0362,27,27,0.23372434,,0.23372434,0.23372434,62.0362,265.4247,THIN_EXPOSURE,0.0000,-2.4814,4.0000,96.0000,AG03-UNRESOLVED,ALL5_LEVELS_bet23_to_bet27,-2.4814,-2.4814,-3.1018,-3.1018,-3.1018,4.000000,4.000000,5.000000,5.000000,5.000000,96.000000,96.000000,95.000000,95.000000,95.000000,5.0,-14.2683,-13.0179,-47.7679,-49.0183,PENDING_AG03,FALSE,NOT_FOR_ENFORCEMENT,-59.5548,222.4275,-62.0362,-59.5548,-2.4814,-0.23372434,-0.22437537,-2.4814,-59.5548,-0.22437537,-2.4814,-2.4814,-3.1018,-3.1018,-3.1018,-59.5548,-0.22437537,-14.2683,-13.0179,-47.7679,-49.0183,-0.17996774,-0.18467888,-0.00934897,9.8305,8.5813,-2.2976,-62.0362,-8.8623,265.4247,27.0000,,9.8305,9.5999,10.3783,10.3783,12.4539,12.9729,12.9729,10.3783,5.1891,1.25,1.25,0.947222,7,9,1,2,0E-8,-0.23372434,,0E-8,0.000000,0.872923,0.000000,,2026-05-14,2026-05-14,1,7,7,1,1.000000,,,0.000000,,,,,,,,GLOBAL_BASELINE_NO_ENTITY_RANKING,,,NOT_APPLICABLE_GLOBAL_BASELINE,HF9g-P5,,,,X 全窗基线 · 不参与实体赏罚,3923712,393,A168_HF9F_20260827_0900,2026-08-27 09:00:00
2026-05-14,150007720,2196,0,33.9888952312,12.0517876603,12.0517876603,0.6666667,3,3,0.50665070000000000,0.506650700000,0.5543606114942035,0.5543606114942035,0.5543606114942035,0E-17,ELIGIBLE,R03b_20260811_FULL_v1,L1_ELIGIBILITY,v2026-08-11,2026-03-21..2026-08-06,baccarat_bet02_101_all_pairs_incl_sentinel,round_win = game_pnl > 0 (decisive only),COMPATIBILITY_ONLY_NOT_PRODUCTION,265.4247,231.6953,-62.0362,27,27,0.23372434,,0.23372434,0.23372434,62.0362,265.4247,THIN_EXPOSURE,0.0000,-2.4814,4.0000,96.0000,AG03-UNRESOLVED,ALL5_LEVELS_bet23_to_bet27,-2.4814,-2.4814,-3.1018,-3.1018,-3.1018,4.000000,4.000000,5.000000,5.000000,5.000000,96.000000,96.000000,95.000000,95.000000,95.000000,5.0,-14.2683,-13.0179,-47.7679,-49.0183,PENDING_AG03,FALSE,NOT_FOR_ENFORCEMENT,-59.5548,222.4275,-62.0362,-59.5548,-2.4814,-0.23372434,-0.22437537,-2.4814,-59.5548,-0.22437537,-2.4814,-2.4814,-3.1018,-3.1018,-3.1018,-59.5548,-0.22437537,-14.2683,-13.0179,-47.7679,-49.0183,-0.17996774,-0.18467888,-0.00934897,9.8305,8.5813,-2.2976,-62.0362,-8.8623,265.4247,27.0000,,9.8305,9.5999,10.3783,10.3783,12.4539,12.9729,12.9729,10.3783,5.1891,1.25,1.25,0.947222,7,9,1,2,0E-8,-0.23372434,,0E-8,0.000000,0.872923,0.000000,,2026-05-14,2026-05-14,1,7,7,1,1.000000,,,0.000000,,,,,,,,GLOBAL_BASELINE_NO_ENTITY_RANKING,,,NOT_APPLICABLE_GLOBAL_BASELINE,HF9g-P5,,,,X 全窗基线 · 不参与实体赏罚,3923713,393,A168_HF9F_20260827_0900,2026-08-27 09:00:00
2026-05-14,150007720,987,0,28.5402937056,2.5945721550,2.5945721550,0.5000000,3,3,0.49771390000000000,0.497713900000,0.006466134837551399,0.0064661348375514,0.006466134837551399,0E-17,ELIGIBLE,R03b_20260811_FULL_v1,L1_ELIGIBILITY,v2026-08-11,2026-03-21..2026-08-06,baccarat_bet02_101_all_pairs_incl_sentinel,round_win = game_pnl > 0 (decisive only),COMPATIBILITY_ONLY_NOT_PRODUCTION,265.4247,231.6953,-62.0362,27,27,0.23372434,,0.23372434,0.23372434,62.0362,265.4247,THIN_EXPOSURE,0.0000,-2.4814,4.0000,96.0000,AG03-UNRESOLVED,ALL5_LEVELS_bet23_to_bet27,-2.4814,-2.4814,-3.1018,-3.1018,-3.1018,4.000000,4.000000,5.000000,5.000000,5.000000,96.000000,96.000000,95.000000,95.000000,95.000000,5.0,-14.2683,-13.0179,-47.7679,-49.0183,PENDING_AG03,FALSE,NOT_FOR_ENFORCEMENT,-59.5548,222.4275,-62.0362,-59.5548,-2.4814,-0.23372434,-0.22437537,-2.4814,-59.5548,-0.22437537,-2.4814,-2.4814,-3.1018,-3.1018,-3.1018,-59.5548,-0.22437537,-14.2683,-13.0179,-47.7679,-49.0183,-0.17996774,-0.18467888,-0.00934897,9.8305,8.5813,-2.2976,-62.0362,-8.8623,265.4247,27.0000,,9.8305,9.5999,10.3783,10.3783,12.4539,12.9729,12.9729,10.3783,5.1891,1.25,1.25,0.947222,7,9,1,2,0E-8,-0.23372434,,0E-8,0.000000,0.872923,0.000000,,2026-05-14,2026-05-14,1,7,7,1,1.000000,,,0.000000,,,,,,,,GLOBAL_BASELINE_NO_ENTITY_RANKING,,,NOT_APPLICABLE_GLOBAL_BASELINE,HF9g-P5,,,,X 全窗基线 · 不参与实体赏罚,3923714,393,A168_HF9F_20260827_0900,2026-08-27 09:00:00
2026-06-23,151964670,1330,0,112.8911975724,61.3958392264,61.3958392264,0.7500000,4,4,0.49994810000000000,0.499948100000,1.0002076053883384,1.0002076053883384,1.0002076053883384,0E-17,ELIGIBLE,R03b_20260811_FULL_v1,L1_ELIGIBILITY,v2026-08-11,2026-03-21..2026-08-06,baccarat_bet02_101_all_pairs_incl_sentinel,round_win = game_pnl > 0 (decisive only),COMPATIBILITY_ONLY_NOT_PRODUCTION,112.8912,112.8912,-61.3958,4,4,0.54384966,,0.54384966,0.54384966,61.3958,112.8912,THIN_EXPOSURE,0.0000,-1.8419,3.0000,97.0000,AG03-UNRESOLVED,ALL5_LEVELS_bet23_to_bet27,-1.8419,-1.8419,-1.8419,-2.4558,-2.4558,3.000000,3.000000,3.000000,4.000000,4.000000,97.000000,97.000000,97.000000,96.000000,96.000000,5.0,-10.4373,-9.7546,-50.9585,-51.6412,PENDING_AG03,FALSE,NOT_FOR_ENFORCEMENT,-59.5540,109.5045,-61.3958,-59.5540,-1.8419,-0.54384966,-0.52753417,-1.8419,-59.5540,-0.52753417,-1.8419,-1.8419,-1.8419,-2.4558,-2.4558,-59.5540,-0.52753417,-10.4373,-9.7546,-50.9585,-51.6412,-0.45139522,-0.45744252,-0.01631549,28.2228,28.2228,-15.3490,-61.3958,-61.3958,112.8912,4.0000,,28.2228,24.9441,25.7155,31.5015,37.2875,37.2875,37.2875,25.7155,25.0726,1.45,1.45,1.0975,1,1,1,2,0E-8,-0.54384966,,0E-8,0.000000,1.000000,0.000000,,2026-06-23,2026-06-23,1,1,1,1,1.000000,,,0.000000,,,,,,,,GLOBAL_BASELINE_NO_ENTITY_RANKING,,,NOT_APPLICABLE_GLOBAL_BASELINE,HF9g-P5,,,,X 全窗基线 · 不参与实体赏罚,3923715,393,A168_HF9F_20260827_0900,2026-08-27 09:00:00
2026-04-28,149281783,1157,0,221.3648725575,49.0165074947,49.0165074947,0.6428571,19,19,0.50171194210526316,0.501711942105,1.056240157162817,1.0562401571647844,1.056240157162817,2.6316E-13,ELIGIBLE,R03b_20260811_FULL_v1,L1_ELIGIBILITY,v2026-08-11,2026-03-21..2026-08-06,baccarat_bet02_101_all_pairs_incl_sentinel,round_win = game_pnl > 0 (decisive only),COMPATIBILITY_ONLY_NOT_PRODUCTION,972.9513,835.9159,-62.0349,60,60,0.06375948,,0.06375948,0.06375948,62.0349,972.9513,OK,0.0000,-2.4814,4.0000,96.0000,AG03-UNRESOLVED,ALL5_LEVELS_bet23_to_bet27,-2.4814,-2.4814,-2.4814,-3.7221,-3.7221,4.000000,4.000000,4.000000,6.000000,6.000000,96.000000,96.000000,96.000000,94.000000,94.000000,5.0,-14.8884,-13.5389,-47.1465,-48.4959,PENDING_AG03,FALSE,NOT_FOR_ENFORCEMENT,-59.5535,802.4793,-62.0349,-59.5535,-2.4814,-0.06375948,-0.06120910,-2.4814,-59.5535,-0.06120910,-2.4814,-2.4814,-2.4814,-3.7221,-3.7221,-59.5535,-0.06120910,-14.8884,-13.5389,-47.1465,-48.4959,-0.04845720,-0.04984415,-0.00255038,16.2159,13.9319,-1.0339,-31.0174,-20.6783,486.4757,30.0000,,16.2159,10.5412,10.5412,21.0824,21.0824,42.1647,63.2471,10.5412,0.0,4.0,6.0,1.538333,2,4,1,2,0E-8,-0.06375948,,0E-8,0.000000,0.859155,0.000000,,2026-04-28,2026-04-29,2,3,2,2,1.000000,,,0.000000,,,,,,,,GLOBAL_BASELINE_NO_ENTITY_RANKING,,,NOT_APPLICABLE_GLOBAL_BASELINE,HF9g-P5,,,,X 全窗基线 · 不参与实体赏罚,3923716,393,A168_HF9F_20260827_0900,2026-08-27 09:00:00
2026-04-28,149281783,2127,0,137.0353972974,28.4611979001,28.4611979001,0.6000000,6,6,0.50218230000000000,0.502182300000,0.4374582199563857,0.4374582199563857,0.4374582199563857,0E-17,ELIGIBLE,R03b_20260811_FULL_v1,L1_ELIGIBILITY,v2026-08-11,2026-03-21..2026-08-06,baccarat_bet02_101_all_pairs_incl_sentinel,round_win = game_pnl > 0 (decisive only),COMPATIBILITY_ONLY_NOT_PRODUCTION,972.9513,835.9159,-62.0349,60,60,0.06375948,,0.06375948,0.06375948,62.0349,972.9513,OK,0.0000,-2.4814,4.0000,96.0000,AG03-UNRESOLVED,ALL5_LEVELS_bet23_to_bet27,-2.4814,-2.4814,-2.4814,-3.7221,-3.7221,4.000000,4.000000,4.000000,6.000000,6.000000,96.000000,96.000000,96.000000,94.000000,94.000000,5.0,-14.8884,-13.5389,-47.1465,-48.4959,PENDING_AG03,FALSE,NOT_FOR_ENFORCEMENT,-59.5535,802.4793,-62.0349,-59.5535,-2.4814,-0.06375948,-0.06120910,-2.4814,-59.5535,-0.06120910,-2.4814,-2.4814,-2.4814,-3.7221,-3.7221,-59.5535,-0.06120910,-14.8884,-13.5389,-47.1465,-48.4959,-0.04845720,-0.04984415,-0.00255038,16.2159,13.9319,-1.0339,-31.0174,-20.6783,486.4757,30.0000,,16.2159,10.5412,10.5412,21.0824,21.0824,42.1647,63.2471,10.5412,0.0,4.0,6.0,1.538333,2,4,1,2,0E-8,-0.06375948,,0E-8,0.000000,0.859155,0.000000,,2026-04-28,2026-04-29,2,3,2,2,1.000000,,,0.000000,,,,,,,,GLOBAL_BASELINE_NO_ENTITY_RANKING,,,NOT_APPLICABLE_GLOBAL_BASELINE,HF9g-P5,,,,X 全窗基线 · 不参与实体赏罚,3923717,393,A168_HF9F_20260827_0900,2026-08-27 09:00:00
2026-04-29,149281783,1306,0,305.6943478174,109.6283178377,109.6283178377,0.6470588,20,20,0.50128862000000000,0.501288620000,1.202055884573101,1.202055884573101,1.202055884573101,0E-17,ELIGIBLE,R03b_20260811_FULL_v1,L1_ELIGIBILITY,v2026-08-11,2026-03-21..2026-08-06,baccarat_bet02_101_all_pairs_incl_sentinel,round_win = game_pnl > 0 (decisive only),COMPATIBILITY_ONLY_NOT_PRODUCTION,972.9513,835.9159,-62.0349,60,60,0.06375948,,0.06375948,0.06375948,62.0349,972.9513,OK,0.0000,-2.4814,4.0000,96.0000,AG03-UNRESOLVED,ALL5_LEVELS_bet23_to_bet27,-2.4814,-2.4814,-2.4814,-3.7221,-3.7221,4.000000,4.000000,4.000000,6.000000,6.000000,96.000000,96.000000,96.000000,94.000000,94.000000,5.0,-14.8884,-13.5389,-47.1465,-48.4959,PENDING_AG03,FALSE,NOT_FOR_ENFORCEMENT,-59.5535,802.4793,-62.0349,-59.5535,-2.4814,-0.06375948,-0.06120910,-2.4814,-59.5535,-0.06120910,-2.4814,-2.4814,-2.4814,-3.7221,-3.7221,-59.5535,-0.06120910,-14.8884,-13.5389,-47.1465,-48.4959,-0.04845720,-0.04984415,-0.00255038,16.2159,13.9319,-1.0339,-31.0174,-20.6783,486.4757,30.0000,,16.2159,10.5412,10.5412,21.0824,21.0824,42.1647,63.2471,10.5412,0.0,4.0,6.0,1.538333,2,4,1,2,0E-8,-0.06375948,,0E-8,0.000000,0.859155,0.000000,,2026-04-28,2026-04-29,2,3,2,2,1.000000,,,0.000000,,,,,,,,GLOBAL_BASELINE_NO_ENTITY_RANKING,,,NOT_APPLICABLE_GLOBAL_BASELINE,HF9g-P5,,,,X 全窗基线 · 不参与实体赏罚,3923718,393,A168_HF9F_20260827_0900,2026-08-27 09:00:00
2026-04-29,149281783,2251,0,308.8567031394,-125.0711529950,-125.0711529950,0.2857143,15,15,0.50128862000000000,0.501288620000,-1.6132159581910404,-1.6132159581910404,-1.6132159581910404,0E-17,ELIGIBLE,R03b_20260811_FULL_v1,L1_ELIGIBILITY,v2026-08-11,2026-03-21..2026-08-06,baccarat_bet02_101_all_pairs_incl_sentinel,round_win = game_pnl > 0 (decisive only),COMPATIBILITY_ONLY_NOT_PRODUCTION,972.9513,835.9159,-62.0349,60,60,0.06375948,,0.06375948,0.06375948,62.0349,972.9513,OK,0.0000,-2.4814,4.0000,96.0000,AG03-UNRESOLVED,ALL5_LEVELS_bet23_to_bet27,-2.4814,-2.4814,-2.4814,-3.7221,-3.7221,4.000000,4.000000,4.000000,6.000000,6.000000,96.000000,96.000000,96.000000,94.000000,94.000000,5.0,-14.8884,-13.5389,-47.1465,-48.4959,PENDING_AG03,FALSE,NOT_FOR_ENFORCEMENT,-59.5535,802.4793,-62.0349,-59.5535,-2.4814,-0.06375948,-0.06120910,-2.4814,-59.5535,-0.06120910,-2.4814,-2.4814,-2.4814,-3.7221,-3.7221,-59.5535,-0.06120910,-14.8884,-13.5389,-47.1465,-48.4959,-0.04845720,-0.04984415,-0.00255038,16.2159,13.9319,-1.0339,-31.0174,-20.6783,486.4757,30.0000,,16.2159,10.5412,10.5412,21.0824,21.0824,42.1647,63.2471,10.5412,0.0,4.0,6.0,1.538333,2,4,1,2,0E-8,-0.06375948,,0E-8,0.000000,0.859155,0.000000,,2026-04-28,2026-04-29,2,3,2,2,1.000000,,,0.000000,,,,,,,,GLOBAL_BASELINE_NO_ENTITY_RANKING,,,NOT_APPLICABLE_GLOBAL_BASELINE,HF9g-P5,,,,X 全窗基线 · 不参与实体赏罚,3923719,393,A168_HF9F_20260827_0900,2026-08-27 09:00:00
2026-06-18,151721405,1654,0,64.5911380959,61.3615811911,62.0074925720,1.0000000,1,1,0.50665070000000000,0.506650700000,0.9867858985152569,0.9867858985152569,0.9867858985152569,0E-17,ELIGIBLE,R03b_20260811_FULL_v1,L1_ELIGIBILITY,v2026-08-11,2026-03-21..2026-08-06,baccarat_bet02_101_all_pairs_incl_sentinel,round_win = game_pnl > 0 (decisive only),COMPATIBILITY_ONLY_NOT_PRODUCTION,64.5911,64.5911,-62.0075,1,1,0.96000000,,0.96000000,0.95000000,62.0075,64.5911,THIN_EXPOSURE,0.6459,-3.1004,5.0000,95.0000,AG03-UNRESOLVED,ALL5_LEVELS_bet23_to_bet27,-3.1004,-3.1004,-3.1004,-3.1004,-3.1004,5.000000,5.000000,5.000000,5.000000,5.000000,95.000000,95.000000,95.000000,95.000000,95.000000,5.0,-15.5019,-14.0273,-47.1515,-48.6261,PENDING_AG03,FALSE,NOT_FOR_ENFORCEMENT,-58.9071,61.3616,-62.6534,-59.5530,-3.7463,-0.97000000,-0.92200000,-3.1004,-59.5530,-0.92200000,-3.1004,-3.1004,-3.1004,-3.1004,-3.1004,-59.5530,-0.92200000,-15.5019,-14.0273,-47.1515,-48.6261,-0.73000000,-0.7528297,-0.05800000,64.5911,64.5911,-62.0075,-62.0075,-62.0075,64.5911,1.0000,,64.5911,64.5911,64.5911,64.5911,64.5911,64.5911,64.5911,64.5911,62.0075,1.0,1.0,1.0,1,1,1,1,0E-8,-0.96000000,,0.01000000,1.000000,1.000000,0.000000,,2026-06-18,2026-06-18,1,1,1,1,1.000000,,,0.000000,,,,,,,,GLOBAL_BASELINE_NO_ENTITY_RANKING,,,NOT_APPLICABLE_GLOBAL_BASELINE,HF9g-P5,,,,X 全窗基线 · 不参与实体赏罚,3923720,393,A168_HF9F_20260827_0900,2026-08-27 09:00:00
2026-06-23,151968699,2220,0,64.5911380959,61.3615811911,62.0074925720,1.0000000,1,1,0.50665070000000000,0.506650700000,0.9867858985152569,0.9867858985152569,0.9867858985152569,0E-17,ELIGIBLE,R03b_20260811_FULL_v1,L1_ELIGIBILITY,v2026-08-11,2026-03-21..2026-08-06,baccarat_bet02_101_all_pairs_incl_sentinel,round_win = game_pnl > 0 (decisive only),COMPATIBILITY_ONLY_NOT_PRODUCTION,64.5911,64.5911,-62.0075,1,1,0.96000000,,0.96000000,0.95000000,62.0075,64.5911,THIN_EXPOSURE,0.6459,-3.1004,5.0000,95.0000,AG03-UNRESOLVED,ALL5_LEVELS_bet23_to_bet27,-3.1004,-3.1004,-3.1004,-3.1004,-3.1004,5.000000,5.000000,5.000000,5.000000,5.000000,95.000000,95.000000,95.000000,95.000000,95.000000,5.0,-15.5019,-14.0273,-47.1515,-48.6261,PENDING_AG03,FALSE,NOT_FOR_ENFORCEMENT,-58.9071,61.3616,-62.6534,-59.5530,-3.7463,-0.97000000,-0.92200000,-3.1004,-59.5530,-0.92200000,-3.1004,-3.1004,-3.1004,-3.1004,-3.1004,-59.5530,-0.92200000,-15.5019,-14.0273,-47.1515,-48.6261,-0.73000000,-0.7528297,-0.05800000,64.5911,64.5911,-62.0075,-62.0075,-62.0075,64.5911,1.0000,,64.5911,64.5911,64.5911,64.5911,64.5911,64.5911,64.5911,64.5911,62.0075,1.0,1.0,1.0,1,1,1,1,0E-8,-0.96000000,,0.01000000,1.000000,1.000000,0.000000,,2026-06-23,2026-06-23,1,1,1,1,1.000000,,,0.000000,,,,,,,,GLOBAL_BASELINE_NO_ENTITY_RANKING,,,NOT_APPLICABLE_GLOBAL_BASELINE,HF9g-P5,,,,X 全窗基线 · 不参与实体赏罚,3923721,393,A168_HF9F_20260827_0900,2026-08-27 09:00:00
2026-03-31,91777657,-1,1,310.9649400207,-105.4118440748,-102.9241245546,0.5000000,2,2,0.50665070000000000,0.506650700000,-0.018812684590367487,-0.018812684590367487,-0.018812684590367487,0E-17,SENTINEL_DEALER,R03b_20260811_FULL_v1,L1_ELIGIBILITY,v2026-08-11,2026-03-21..2026-08-06,baccarat_bet02_101_all_pairs_incl_sentinel,round_win = game_pnl > 0 (decisive only),COMPATIBILITY_ONLY_NOT_PRODUCTION,960.2410,802.1232,-55.9301,21,20,0.05824588,,0.05824588,0.05156320,55.9301,960.2410,THIN_EXPOSURE,6.4170,-2.7965,5.0000,95.0000,AG03-UNRESOLVED,ALL5_LEVELS_bet23_to_bet27,-2.7965,-2.7965,-2.7965,-3.3558,-3.3558,5.000000,5.000000,5.000000,6.000000,6.000000,95.000000,95.000000,95.000000,94.000000,94.000000,5.0,-15.1011,-13.5588,-47.2459,-48.7883,PENDING_AG03,FALSE,NOT_FOR_ENFORCEMENT,-53.1336,762.0170,-62.3471,-59.5506,-9.2135,-0.06492857,-0.06201627,-2.7965,-59.5506,-0.06201627,-2.7965,-2.7965,-2.7965,-3.3558,-3.3558,-59.5506,-0.06201627,-15.1011,-13.5588,-47.2459,-48.7883,-0.04920218,-0.0508084,-0.00959498,45.7258,40.1062,-2.7965,-18.6434,-6.9913,320.0803,6.6667,,45.7258,10.5412,31.6236,73.7883,86.4377,150.4753,205.5531,21.0824,0.0,4.75833,6.5,1.44594,7,6,2,3,0E-8,-0.05824588,,0.00800000,0.800000,0.835335,0.000000,,2026-03-31,2026-05-24,3,8,8,55,0.054546,,,0.000000,,,,,,,,GLOBAL_BASELINE_NO_ENTITY_RANKING,,,NOT_APPLICABLE_GLOBAL_BASELINE,HF9g-P5,,,,X 全窗基线 · 不参与实体赏罚,3923722,393,A168_HF9F_20260827_0900,2026-08-27 09:00:00
2026-04-01,91777657,-1,1,210.8236881497,56.3953365799,58.0819260853,0.4000000,6,5,0.49098742249998778,0.460083830000,-0.4069742432160668,-0.2695634206013008,-0.4069742432160668,0.03090359249998778,SENTINEL_DEALER,R03b_20260811_FULL_v1,L1_ELIGIBILITY,v2026-08-11,2026-03-21..2026-08-06,baccarat_bet02_101_all_pairs_incl_sentinel,round_win = game_pnl > 0 (decisive only),COMPATIBILITY_ONLY_NOT_PRODUCTION,960.2410,802.1232,-55.9301,21,20,0.05824588,,0.05824588,0.05156320,55.9301,960.2410,THIN_EXPOSURE,6.4170,-2.7965,5.0000,95.0000,AG03-UNRESOLVED,ALL5_LEVELS_bet23_to_bet27,-2.7965,-2.7965,-2.7965,-3.3558,-3.3558,5.000000,5.000000,5.000000,6.000000,6.000000,95.000000,95.000000,95.000000,94.000000,94.000000,5.0,-15.1011,-13.5588,-47.2459,-48.7883,PENDING_AG03,FALSE,NOT_FOR_ENFORCEMENT,-53.1336,762.0170,-62.3471,-59.5506,-9.2135,-0.06492857,-0.06201627,-2.7965,-59.5506,-0.06201627,-2.7965,-2.7965,-2.7965,-3.3558,-3.3558,-59.5506,-0.06201627,-15.1011,-13.5588,-47.2459,-48.7883,-0.04920218,-0.0508084,-0.00959498,45.7258,40.1062,-2.7965,-18.6434,-6.9913,320.0803,6.6667,,45.7258,10.5412,31.6236,73.7883,86.4377,150.4753,205.5531,21.0824,0.0,4.75833,6.5,1.44594,7,6,2,3,0E-8,-0.05824588,,0.00800000,0.800000,0.835335,0.000000,,2026-03-31,2026-05-24,3,8,8,55,0.054546,,,0.000000,,,,,,,,GLOBAL_BASELINE_NO_ENTITY_RANKING,,,NOT_APPLICABLE_GLOBAL_BASELINE,HF9g-P5,,,,X 全窗基线 · 不参与实体赏罚,3923723,393,A168_HF9F_20260827_0900,2026-08-27 09:00:00
2026-04-01,91777657,1385,0,115.9530284823,27.9341386798,28.8617629077,0.3333333,3,3,0.50218230000000000,0.502182300000,-0.5849155494134425,-0.5849155494134426,-0.5849155494134425,0E-17,ELIGIBLE,R03b_20260811_FULL_v1,L1_ELIGIBILITY,v2026-08-11,2026-03-21..2026-08-06,baccarat_bet02_101_all_pairs_incl_sentinel,round_win = game_pnl > 0 (decisive only),COMPATIBILITY_ONLY_NOT_PRODUCTION,960.2410,802.1232,-55.9301,21,20,0.05824588,,0.05824588,0.05156320,55.9301,960.2410,THIN_EXPOSURE,6.4170,-2.7965,5.0000,95.0000,AG03-UNRESOLVED,ALL5_LEVELS_bet23_to_bet27,-2.7965,-2.7965,-2.7965,-3.3558,-3.3558,5.000000,5.000000,5.000000,6.000000,6.000000,95.000000,95.000000,95.000000,94.000000,94.000000,5.0,-15.1011,-13.5588,-47.2459,-48.7883,PENDING_AG03,FALSE,NOT_FOR_ENFORCEMENT,-53.1336,762.0170,-62.3471,-59.5506,-9.2135,-0.06492857,-0.06201627,-2.7965,-59.5506,-0.06201627,-2.7965,-2.7965,-2.7965,-3.3558,-3.3558,-59.5506,-0.06201627,-15.1011,-13.5588,-47.2459,-48.7883,-0.04920218,-0.0508084,-0.00959498,45.7258,40.1062,-2.7965,-18.6434,-6.9913,320.0803,6.6667,,45.7258,10.5412,31.6236,73.7883,86.4377,150.4753,205.5531,21.0824,0.0,4.75833,6.5,1.44594,7,6,2,3,0E-8,-0.05824588,,0.00800000,0.800000,0.835335,0.000000,,2026-03-31,2026-05-24,3,8,8,55,0.054546,,,0.000000,,,,,,,,GLOBAL_BASELINE_NO_ENTITY_RANKING,,,NOT_APPLICABLE_GLOBAL_BASELINE,HF9g-P5,,,,X 全窗基线 · 不参与实体赏罚,3923724,393,A168_HF9F_20260827_0900,2026-08-27 09:00:00
2026-04-01,91777657,2129,0,21.0823688150,20.0282503742,20.1969093247,1.0000000,1,1,0.50665070000000000,0.506650700000,0.9867858985152569,0.9867858985152569,0.9867858985152569,0E-17,ELIGIBLE,R03b_20260811_FULL_v1,L1_ELIGIBILITY,v2026-08-11,2026-03-21..2026-08-06,baccarat_bet02_101_all_pairs_incl_sentinel,round_win = game_pnl > 0 (decisive only),COMPATIBILITY_ONLY_NOT_PRODUCTION,960.2410,802.1232,-55.9301,21,20,0.05824588,,0.05824588,0.05156320,55.9301,960.2410,THIN_EXPOSURE,6.4170,-2.7965,5.0000,95.0000,AG03-UNRESOLVED,ALL5_LEVELS_bet23_to_bet27,-2.7965,-2.7965,-2.7965,-3.3558,-3.3558,5.000000,5.000000,5.000000,6.000000,6.000000,95.000000,95.000000,95.000000,94.000000,94.000000,5.0,-15.1011,-13.5588,-47.2459,-48.7883,PENDING_AG03,FALSE,NOT_FOR_ENFORCEMENT,-53.1336,762.0170,-62.3471,-59.5506,-9.2135,-0.06492857,-0.06201627,-2.7965,-59.5506,-0.06201627,-2.7965,-2.7965,-2.7965,-3.3558,-3.3558,-59.5506,-0.06201627,-15.1011,-13.5588,-47.2459,-48.7883,-0.04920218,-0.0508084,-0.00959498,45.7258,40.1062,-2.7965,-18.6434,-6.9913,320.0803,6.6667,,45.7258,10.5412,31.6236,73.7883,86.4377,150.4753,205.5531,21.0824,0.0,4.75833,6.5,1.44594,7,6,2,3,0E-8,-0.05824588,,0.00800000,0.800000,0.835335,0.000000,,2026-03-31,2026-05-24,3,8,8,55,0.054546,,,0.000000,,,,,,,,GLOBAL_BASELINE_NO_ENTITY_RANKING,,,NOT_APPLICABLE_GLOBAL_BASELINE,HF9g-P5,,,,X 全窗基线 · 不参与实体赏罚,3923725,393,A168_HF9F_20260827_0900,2026-08-27 09:00:00
2026-04-01,91777657,2218,0,21.0823688150,10.5411844075,10.6255138827,1.0000000,2,2,0.49324550000000000,0.493245500000,1.01360149184955,1.01360149184955,1.01360149184955,0E-17,ELIGIBLE,R03b_20260811_FULL_v1,L1_ELIGIBILITY,v2026-08-11,2026-03-21..2026-08-06,baccarat_bet02_101_all_pairs_incl_sentinel,round_win = game_pnl > 0 (decisive only),COMPATIBILITY_ONLY_NOT_PRODUCTION,960.2410,802.1232,-55.9301,21,20,0.05824588,,0.05824588,0.05156320,55.9301,960.2410,THIN_EXPOSURE,6.4170,-2.7965,5.0000,95.0000,AG03-UNRESOLVED,ALL5_LEVELS_bet23_to_bet27,-2.7965,-2.7965,-2.7965,-3.3558,-3.3558,5.000000,5.000000,5.000000,6.000000,6.000000,95.000000,95.000000,95.000000,94.000000,94.000000,5.0,-15.1011,-13.5588,-47.2459,-48.7883,PENDING_AG03,FALSE,NOT_FOR_ENFORCEMENT,-53.1336,762.0170,-62.3471,-59.5506,-9.2135,-0.06492857,-0.06201627,-2.7965,-59.5506,-0.06201627,-2.7965,-2.7965,-2.7965,-3.3558,-3.3558,-59.5506,-0.06201627,-15.1011,-13.5588,-47.2459,-48.7883,-0.04920218,-0.0508084,-0.00959498,45.7258,40.1062,-2.7965,-18.6434,-6.9913,320.0803,6.6667,,45.7258,10.5412,31.6236,73.7883,86.4377,150.4753,205.5531,21.0824,0.0,4.75833,6.5,1.44594,7,6,2,3,0E-8,-0.05824588,,0.00800000,0.800000,0.835335,0.000000,,2026-03-31,2026-05-24,3,8,8,55,0.054546,,,0.000000,,,,,,,,GLOBAL_BASELINE_NO_ENTITY_RANKING,,,NOT_APPLICABLE_GLOBAL_BASELINE,HF9g-P5,,,,X 全窗基线 · 不参与实体赏罚,3923726,393,A168_HF9F_20260827_0900,2026-08-27 09:00:00
2026-04-01,91777657,752,0,263.5296101871,31.6235532225,32.5511774503,0.3333333,5,5,0.49324550000000000,0.493245500000,-0.5540025479526107,-0.5540025479526106,-0.5540025479526107,0E-17,ELIGIBLE,R03b_20260811_FULL_v1,L1_ELIGIBILITY,v2026-08-11,2026-03-21..2026-08-06,baccarat_bet02_101_all_pairs_incl_sentinel,round_win = game_pnl > 0 (decisive only),COMPATIBILITY_ONLY_NOT_PRODUCTION,960.2410,802.1232,-55.9301,21,20,0.05824588,,0.05824588,0.05156320,55.9301,960.2410,THIN_EXPOSURE,6.4170,-2.7965,5.0000,95.0000,AG03-UNRESOLVED,ALL5_LEVELS_bet23_to_bet27,-2.7965,-2.7965,-2.7965,-3.3558,-3.3558,5.000000,5.000000,5.000000,6.000000,6.000000,95.000000,95.000000,95.000000,94.000000,94.000000,5.0,-15.1011,-13.5588,-47.2459,-48.7883,PENDING_AG03,FALSE,NOT_FOR_ENFORCEMENT,-53.1336,762.0170,-62.3471,-59.5506,-9.2135,-0.06492857,-0.06201627,-2.7965,-59.5506,-0.06201627,-2.7965,-2.7965,-2.7965,-3.3558,-3.3558,-59.5506,-0.06201627,-15.1011,-13.5588,-47.2459,-48.7883,-0.04920218,-0.0508084,-0.00959498,45.7258,40.1062,-2.7965,-18.6434,-6.9913,320.0803,6.6667,,45.7258,10.5412,31.6236,73.7883,86.4377,150.4753,205.5531,21.0824,0.0,4.75833,6.5,1.44594,7,6,2,3,0E-8,-0.05824588,,0.00800000,0.800000,0.835335,0.000000,,2026-03-31,2026-05-24,3,8,8,55,0.054546,,,0.000000,,,,,,,,GLOBAL_BASELINE_NO_ENTITY_RANKING,,,NOT_APPLICABLE_GLOBAL_BASELINE,HF9g-P5,,,,X 全窗基线 · 不参与实体赏罚,3923727,393,A168_HF9F_20260827_0900,2026-08-27 09:00:00
2026-05-24,91777657,2088,0,16.8049574624,8.4024787312,8.5369183909,0.5000000,2,2,0.49994810000000000,0.499948100000,0.00014679536856514622,0.00014679536856514622,0.00014679536856514622,0E-17,ELIGIBLE,R03b_20260811_FULL_v1,L1_ELIGIBILITY,v2026-08-11,2026-03-21..2026-08-06,baccarat_bet02_101_all_pairs_incl_sentinel,round_win = game_pnl > 0 (decisive only),COMPATIBILITY_ONLY_NOT_PRODUCTION,960.2410,802.1232,-55.9301,21,20,0.05824588,,0.05824588,0.05156320,55.9301,960.2410,THIN_EXPOSURE,6.4170,-2.7965,5.0000,95.0000,AG03-UNRESOLVED,ALL5_LEVELS_bet23_to_bet27,-2.7965,-2.7965,-2.7965,-3.3558,-3.3558,5.000000,5.000000,5.000000,6.000000,6.000000,95.000000,95.000000,95.000000,94.000000,94.000000,5.0,-15.1011,-13.5588,-47.2459,-48.7883,PENDING_AG03,FALSE,NOT_FOR_ENFORCEMENT,-53.1336,762.0170,-62.3471,-59.5506,-9.2135,-0.06492857,-0.06201627,-2.7965,-59.5506,-0.06201627,-2.7965,-2.7965,-2.7965,-3.3558,-3.3558,-59.5506,-0.06201627,-15.1011,-13.5588,-47.2459,-48.7883,-0.04920218,-0.0508084,-0.00959498,45.7258,40.1062,-2.7965,-18.6434,-6.9913,320.0803,6.6667,,45.7258,10.5412,31.6236,73.7883,86.4377,150.4753,205.5531,21.0824,0.0,4.75833,6.5,1.44594,7,6,2,3,0E-8,-0.05824588,,0.00800000,0.800000,0.835335,0.000000,,2026-03-31,2026-05-24,3,8,8,55,0.054546,,,0.000000,,,,,,,,GLOBAL_BASELINE_NO_ENTITY_RANKING,,,NOT_APPLICABLE_GLOBAL_BASELINE,HF9g-P5,,,,X 全窗基线 · 不参与实体赏罚,3923728,393,A168_HF9F_20260827_0900,2026-08-27 09:00:00
2026-04-26,134737460,-1,1,1018.4892374506,114.6880863534,114.6880863534,0.4615385,13,13,0.49840134615384615,0.498401346154,-0.2658234000146369,-0.265823400015746,-0.2658234000146369,-1.5385E-13,SENTINEL_DEALER,R03b_20260811_FULL_v1,L1_ELIGIBILITY,v2026-08-11,2026-03-21..2026-08-06,baccarat_bet02_101_all_pairs_incl_sentinel,round_win = game_pnl > 0 (decisive only),COMPATIBILITY_ONLY_NOT_PRODUCTION,11126.3988,10084.2693,-62.0298,214,214,0.00557501,-0.11796086,0.09697932,0.00557501,62.0298,11126.3988,OK,0.0000,-2.4812,4.0000,96.0000,AG03-UNRESOLVED,ALL5_LEVELS_bet23_to_bet27,-2.4812,-2.4812,-3.1015,0.0000,0.0000,4.000000,4.000000,5.000000,0.000000,0.000000,96.000000,96.000000,95.000000,100.000000,100.000000,5.0,-8.0639,-7.7215,-53.9659,-54.3083,PENDING_AG03,FALSE,NOT_FOR_ENFORCEMENT,-59.5486,9680.8986,-62.0298,-59.5486,-2.4812,-0.00557501,-0.00535201,-2.4812,-59.5486,-0.00535201,-2.4812,-2.4812,-3.1015,0.0000,0.0000,-59.5486,-0.00535201,-8.0639,-7.7215,-53.9659,-54.3083,-0.00485026,-0.00488103,-0.00022300,51.9925,47.1228,-0.2899,-1.9384,-0.4191,347.7000,6.6875,43.0141,61.4889,24.1571,40.8781,67.4636,105.4118,121.1347,160.9159,40.8781,0.0,2.963317,3.936485,1.271893,29,72,52,2,0.42525465,-0.00557501,0.11796086,0E-8,0.000000,0.906337,0.000000,-0.21494018,2026-04-26,2026-08-06,32,148,142,103,0.310680,0.699543,0.827314,1.417515,,,,,,,,GLOBAL_BASELINE_NO_ENTITY_RANKING,,,NOT_APPLICABLE_GLOBAL_BASELINE,HF9g-P5,,,,X 全窗基线 · 不参与实体赏罚,3923729,393,A168_HF9F_20260827_0900,2026-08-27 09:00:00
2026-04-26,134737460,1078,0,16.8658950520,16.0226002994,16.0226002994,1.0000000,1,1,0.50665070000000000,0.506650700000,0.9867858985152569,0.9867858985152569,0.9867858985152569,0E-17,ELIGIBLE,R03b_20260811_FULL_v1,L1_ELIGIBILITY,v2026-08-11,2026-03-21..2026-08-06,baccarat_bet02_101_all_pairs_incl_sentinel,round_win = game_pnl > 0 (decisive only),COMPATIBILITY_ONLY_NOT_PRODUCTION,11126.3988,10084.2693,-62.0298,214,214,0.00557501,-0.11796086,0.09697932,0.00557501,62.0298,11126.3988,OK,0.0000,-2.4812,4.0000,96.0000,AG03-UNRESOLVED,ALL5_LEVELS_bet23_to_bet27,-2.4812,-2.4812,-3.1015,0.0000,0.0000,4.000000,4.000000,5.000000,0.000000,0.000000,96.000000,96.000000,95.000000,100.000000,100.000000,5.0,-8.0639,-7.7215,-53.9659,-54.3083,PENDING_AG03,FALSE,NOT_FOR_ENFORCEMENT,-59.5486,9680.8986,-62.0298,-59.5486,-2.4812,-0.00557501,-0.00535201,-2.4812,-59.5486,-0.00535201,-2.4812,-2.4812,-3.1015,0.0000,0.0000,-59.5486,-0.00535201,-8.0639,-7.7215,-53.9659,-54.3083,-0.00485026,-0.00488103,-0.00022300,51.9925,47.1228,-0.2899,-1.9384,-0.4191,347.7000,6.6875,43.0141,61.4889,24.1571,40.8781,67.4636,105.4118,121.1347,160.9159,40.8781,0.0,2.963317,3.936485,1.271893,29,72,52,2,0.42525465,-0.00557501,0.11796086,0E-8,0.000000,0.906337,0.000000,-0.21494018,2026-04-26,2026-08-06,32,148,142,103,0.310680,0.699543,0.827314,1.417515,,,,,,,,GLOBAL_BASELINE_NO_ENTITY_RANKING,,,NOT_APPLICABLE_GLOBAL_BASELINE,HF9g-P5,,,,X 全窗基线 · 不参与实体赏罚,3923730,393,A168_HF9F_20260827_0900,2026-08-27 09:00:00
2026-04-26,134737460,1331,0,210.8236881496,0E-10,0E-10,0.5000000,2,2,0.49994810000000000,0.499948100000,0.00014679536856514622,0.00014679536856514622,0.00014679536856514622,0E-17,ELIGIBLE,R03b_20260811_FULL_v1,L1_ELIGIBILITY,v2026-08-11,2026-03-21..2026-08-06,baccarat_bet02_101_all_pairs_incl_sentinel,round_win = game_pnl > 0 (decisive only),COMPATIBILITY_ONLY_NOT_PRODUCTION,11126.3988,10084.2693,-62.0298,214,214,0.00557501,-0.11796086,0.09697932,0.00557501,62.0298,11126.3988,OK,0.0000,-2.4812,4.0000,96.0000,AG03-UNRESOLVED,ALL5_LEVELS_bet23_to_bet27,-2.4812,-2.4812,-3.1015,0.0000,0.0000,4.000000,4.000000,5.000000,0.000000,0.000000,96.000000,96.000000,95.000000,100.000000,100.000000,5.0,-8.0639,-7.7215,-53.9659,-54.3083,PENDING_AG03,FALSE,NOT_FOR_ENFORCEMENT,-59.5486,9680.8986,-62.0298,-59.5486,-2.4812,-0.00557501,-0.00535201,-2.4812,-59.5486,-0.00535201,-2.4812,-2.4812,-3.1015,0.0000,0.0000,-59.5486,-0.00535201,-8.0639,-7.7215,-53.9659,-54.3083,-0.00485026,-0.00488103,-0.00022300,51.9925,47.1228,-0.2899,-1.9384,-0.4191,347.7000,6.6875,43.0141,61.4889,24.1571,40.8781,67.4636,105.4118,121.1347,160.9159,40.8781,0.0,2.963317,3.936485,1.271893,29,72,52,2,0.42525465,-0.00557501,0.11796086,0E-8,0.000000,0.906337,0.000000,-0.21494018,2026-04-26,2026-08-06,32,148,142,103,0.310680,0.699543,0.827314,1.417515,,,,,,,,GLOBAL_BASELINE_NO_ENTITY_RANKING,,,NOT_APPLICABLE_GLOBAL_BASELINE,HF9g-P5,,,,X 全窗基线 · 不参与实体赏罚,3923731,393,A168_HF9F_20260827_0900,2026-08-27 09:00:00
2026-04-26,134737460,1396,0,105.4118440748,-105.4118440748,-105.4118440748,0E-7,1,1,0.49324550000000000,0.493245500000,-0.9865810262130424,-0.9865810262130424,-0.9865810262130424,0E-17,ELIGIBLE,R03b_20260811_FULL_v1,L1_ELIGIBILITY,v2026-08-11,2026-03-21..2026-08-06,baccarat_bet02_101_all_pairs_incl_sentinel,round_win = game_pnl > 0 (decisive only),COMPATIBILITY_ONLY_NOT_PRODUCTION,11126.3988,10084.2693,-62.0298,214,214,0.00557501,-0.11796086,0.09697932,0.00557501,62.0298,11126.3988,OK,0.0000,-2.4812,4.0000,96.0000,AG03-UNRESOLVED,ALL5_LEVELS_bet23_to_bet27,-2.4812,-2.4812,-3.1015,0.0000,0.0000,4.000000,4.000000,5.000000,0.000000,0.000000,96.000000,96.000000,95.000000,100.000000,100.000000,5.0,-8.0639,-7.7215,-53.9659,-54.3083,PENDING_AG03,FALSE,NOT_FOR_ENFORCEMENT,-59.5486,9680.8986,-62.0298,-59.5486,-2.4812,-0.00557501,-0.00535201,-2.4812,-59.5486,-0.00535201,-2.4812,-2.4812,-3.1015,0.0000,0.0000,-59.5486,-0.00535201,-8.0639,-7.7215,-53.9659,-54.3083,-0.00485026,-0.00488103,-0.00022300,51.9925,47.1228,-0.2899,-1.9384,-0.4191,347.7000,6.6875,43.0141,61.4889,24.1571,40.8781,67.4636,105.4118,121.1347,160.9159,40.8781,0.0,2.963317,3.936485,1.271893,29,72,52,2,0.42525465,-0.00557501,0.11796086,0E-8,0.000000,0.906337,0.000000,-0.21494018,2026-04-26,2026-08-06,32,148,142,103,0.310680,0.699543,0.827314,1.417515,,,,,,,,GLOBAL_BASELINE_NO_ENTITY_RANKING,,,NOT_APPLICABLE_GLOBAL_BASELINE,HF9g-P5,,,,X 全窗基线 · 不参与实体赏罚,3923732,393,A168_HF9F_20260827_0900,2026-08-27 09:00:00
2026-04-26,134737460,1401,0,67.4635802079,0E-10,0E-10,,1,1,0.50665070000000000,0.506650700000,,,,0E-17,NO_DECISIVE_ROUND,R03b_20260811_FULL_v1,L1_ELIGIBILITY,v2026-08-11,2026-03-21..2026-08-06,baccarat_bet02_101_all_pairs_incl_sentinel,round_win = game_pnl > 0 (decisive only),COMPATIBILITY_ONLY_NOT_PRODUCTION,11126.3988,10084.2693,-62.0298,214,214,0.00557501,-0.11796086,0.09697932,0.00557501,62.0298,11126.3988,OK,0.0000,-2.4812,4.0000,96.0000,AG03-UNRESOLVED,ALL5_LEVELS_bet23_to_bet27,-2.4812,-2.4812,-3.1015,0.0000,0.0000,4.000000,4.000000,5.000000,0.000000,0.000000,96.000000,96.000000,95.000000,100.000000,100.000000,5.0,-8.0639,-7.7215,-53.9659,-54.3083,PENDING_AG03,FALSE,NOT_FOR_ENFORCEMENT,-59.5486,9680.8986,-62.0298,-59.5486,-2.4812,-0.00557501,-0.00535201,-2.4812,-59.5486,-0.00535201,-2.4812,-2.4812,-3.1015,0.0000,0.0000,-59.5486,-0.00535201,-8.0639,-7.7215,-53.9659,-54.3083,-0.00485026,-0.00488103,-0.00022300,51.9925,47.1228,-0.2899,-1.9384,-0.4191,347.7000,6.6875,43.0141,61.4889,24.1571,40.8781,67.4636,105.4118,121.1347,160.9159,40.8781,0.0,2.963317,3.936485,1.271893,29,72,52,2,0.42525465,-0.00557501,0.11796086,0E-8,0.000000,0.906337,0.000000,-0.21494018,2026-04-26,2026-08-06,32,148,142,103,0.310680,0.699543,0.827314,1.417515,,,,,,,,GLOBAL_BASELINE_NO_ENTITY_RANKING,,,NOT_APPLICABLE_GLOBAL_BASELINE,HF9g-P5,,,,X 全窗基线 · 不参与实体赏罚,3923733,393,A168_HF9F_20260827_0900,2026-08-27 09:00:00
2026-04-26,134737460,2147,0,84.3294752598,-84.3294752598,-84.3294752598,0E-7,1,1,0.49324550000000000,0.493245500000,-0.9865810262130424,-0.9865810262130424,-0.9865810262130424,0E-17,ELIGIBLE,R03b_20260811_FULL_v1,L1_ELIGIBILITY,v2026-08-11,2026-03-21..2026-08-06,baccarat_bet02_101_all_pairs_incl_sentinel,round_win = game_pnl > 0 (decisive only),COMPATIBILITY_ONLY_NOT_PRODUCTION,11126.3988,10084.2693,-62.0298,214,214,0.00557501,-0.11796086,0.09697932,0.00557501,62.0298,11126.3988,OK,0.0000,-2.4812,4.0000,96.0000,AG03-UNRESOLVED,ALL5_LEVELS_bet23_to_bet27,-2.4812,-2.4812,-3.1015,0.0000,0.0000,4.000000,4.000000,5.000000,0.000000,0.000000,96.000000,96.000000,95.000000,100.000000,100.000000,5.0,-8.0639,-7.7215,-53.9659,-54.3083,PENDING_AG03,FALSE,NOT_FOR_ENFORCEMENT,-59.5486,9680.8986,-62.0298,-59.5486,-2.4812,-0.00557501,-0.00535201,-2.4812,-59.5486,-0.00535201,-2.4812,-2.4812,-3.1015,0.0000,0.0000,-59.5486,-0.00535201,-8.0639,-7.7215,-53.9659,-54.3083,-0.00485026,-0.00488103,-0.00022300,51.9925,47.1228,-0.2899,-1.9384,-0.4191,347.7000,6.6875,43.0141,61.4889,24.1571,40.8781,67.4636,105.4118,121.1347,160.9159,40.8781,0.0,2.963317,3.936485,1.271893,29,72,52,2,0.42525465,-0.00557501,0.11796086,0E-8,0.000000,0.906337,0.000000,-0.21494018,2026-04-26,2026-08-06,32,148,142,103,0.310680,0.699543,0.827314,1.417515,,,,,,,,GLOBAL_BASELINE_NO_ENTITY_RANKING,,,NOT_APPLICABLE_GLOBAL_BASELINE,HF9g-P5,,,,X 全窗基线 · 不参与实体赏罚,3923734,393,A168_HF9F_20260827_0900,2026-08-27 09:00:00
2026-04-26,134737460,2174,0,352.0755592098,223.4731094386,223.4731094386,0.7500000,4,4,0.50329940000000000,0.503299400000,0.9868238854431842,0.9868238854431842,0.9868238854431842,0E-17,ELIGIBLE,R03b_20260811_FULL_v1,L1_ELIGIBILITY,v2026-08-11,2026-03-21..2026-08-06,baccarat_bet02_101_all_pairs_incl_sentinel,round_win = game_pnl > 0 (decisive only),COMPATIBILITY_ONLY_NOT_PRODUCTION,11126.3988,10084.2693,-62.0298,214,214,0.00557501,-0.11796086,0.09697932,0.00557501,62.0298,11126.3988,OK,0.0000,-2.4812,4.0000,96.0000,AG03-UNRESOLVED,ALL5_LEVELS_bet23_to_bet27,-2.4812,-2.4812,-3.1015,0.0000,0.0000,4.000000,4.000000,5.000000,0.000000,0.000000,96.000000,96.000000,95.000000,100.000000,100.000000,5.0,-8.0639,-7.7215,-53.9659,-54.3083,PENDING_AG03,FALSE,NOT_FOR_ENFORCEMENT,-59.5486,9680.8986,-62.0298,-59.5486,-2.4812,-0.00557501,-0.00535201,-2.4812,-59.5486,-0.00535201,-2.4812,-2.4812,-3.1015,0.0000,0.0000,-59.5486,-0.00535201,-8.0639,-7.7215,-53.9659,-54.3083,-0.00485026,-0.00488103,-0.00022300,51.9925,47.1228,-0.2899,-1.9384,-0.4191,347.7000,6.6875,43.0141,61.4889,24.1571,40.8781,67.4636,105.4118,121.1347,160.9159,40.8781,0.0,2.963317,3.936485,1.271893,29,72,52,2,0.42525465,-0.00557501,0.11796086,0E-8,0.000000,0.906337,0.000000,-0.21494018,2026-04-26,2026-08-06,32,148,142,103,0.310680,0.699543,0.827314,1.417515,,,,,,,,GLOBAL_BASELINE_NO_ENTITY_RANKING,,,NOT_APPLICABLE_GLOBAL_BASELINE,HF9g-P5,,,,X 全窗基线 · 不参与实体赏罚,3923735,393,A168_HF9F_20260827_0900,2026-08-27 09:00:00
2026-04-26,134737460,2222,0,105.4118440748,-105.4118440748,-105.4118440748,0E-7,1,1,0.50665070000000000,0.506650700000,-1.013391052207602,-1.013391052207602,-1.013391052207602,0E-17,ELIGIBLE,R03b_20260811_FULL_v1,L1_ELIGIBILITY,v2026-08-11,2026-03-21..2026-08-06,baccarat_bet02_101_all_pairs_incl_sentinel,round_win = game_pnl > 0 (decisive only),COMPATIBILITY_ONLY_NOT_PRODUCTION,11126.3988,10084.2693,-62.0298,214,214,0.00557501,-0.11796086,0.09697932,0.00557501,62.0298,11126.3988,OK,0.0000,-2.4812,4.0000,96.0000,AG03-UNRESOLVED,ALL5_LEVELS_bet23_to_bet27,-2.4812,-2.4812,-3.1015,0.0000,0.0000,4.000000,4.000000,5.000000,0.000000,0.000000,96.000000,96.000000,95.000000,100.000000,100.000000,5.0,-8.0639,-7.7215,-53.9659,-54.3083,PENDING_AG03,FALSE,NOT_FOR_ENFORCEMENT,-59.5486,9680.8986,-62.0298,-59.5486,-2.4812,-0.00557501,-0.00535201,-2.4812,-59.5486,-0.00535201,-2.4812,-2.4812,-3.1015,0.0000,0.0000,-59.5486,-0.00535201,-8.0639,-7.7215,-53.9659,-54.3083,-0.00485026,-0.00488103,-0.00022300,51.9925,47.1228,-0.2899,-1.9384,-0.4191,347.7000,6.6875,43.0141,61.4889,24.1571,40.8781,67.4636,105.4118,121.1347,160.9159,40.8781,0.0,2.963317,3.936485,1.271893,29,72,52,2,0.42525465,-0.00557501,0.11796086,0E-8,0.000000,0.906337,0.000000,-0.21494018,2026-04-26,2026-08-06,32,148,142,103,0.310680,0.699543,0.827314,1.417515,,,,,,,,GLOBAL_BASELINE_NO_ENTITY_RANKING,,,NOT_APPLICABLE_GLOBAL_BASELINE,HF9g-P5,,,,X 全窗基线 · 不参与实体赏罚,3923736,393,A168_HF9F_20260827_0900,2026-08-27 09:00:00
2026-04-26,134737460,2234,0,235.0684122868,24.2447241372,24.2447241372,0.6666667,3,3,0.49324550000000000,0.493245500000,0.6008033672792107,0.6008033672792106,0.6008033672792107,0E-17,ELIGIBLE,R03b_20260811_FULL_v1,L1_ELIGIBILITY,v2026-08-11,2026-03-21..2026-08-06,baccarat_bet02_101_all_pairs_incl_sentinel,round_win = game_pnl > 0 (decisive only),COMPATIBILITY_ONLY_NOT_PRODUCTION,11126.3988,10084.2693,-62.0298,214,214,0.00557501,-0.11796086,0.09697932,0.00557501,62.0298,11126.3988,OK,0.0000,-2.4812,4.0000,96.0000,AG03-UNRESOLVED,ALL5_LEVELS_bet23_to_bet27,-2.4812,-2.4812,-3.1015,0.0000,0.0000,4.000000,4.000000,5.000000,0.000000,0.000000,96.000000,96.000000,95.000000,100.000000,100.000000,5.0,-8.0639,-7.7215,-53.9659,-54.3083,PENDING_AG03,FALSE,NOT_FOR_ENFORCEMENT,-59.5486,9680.8986,-62.0298,-59.5486,-2.4812,-0.00557501,-0.00535201,-2.4812,-59.5486,-0.00535201,-2.4812,-2.4812,-3.1015,0.0000,0.0000,-59.5486,-0.00535201,-8.0639,-7.7215,-53.9659,-54.3083,-0.00485026,-0.00488103,-0.00022300,51.9925,47.1228,-0.2899,-1.9384,-0.4191,347.7000,6.6875,43.0141,61.4889,24.1571,40.8781,67.4636,105.4118,121.1347,160.9159,40.8781,0.0,2.963317,3.936485,1.271893,29,72,52,2,0.42525465,-0.00557501,0.11796086,0E-8,0.000000,0.906337,0.000000,-0.21494018,2026-04-26,2026-08-06,32,148,142,103,0.310680,0.699543,0.827314,1.417515,,,,,,,,GLOBAL_BASELINE_NO_ENTITY_RANKING,,,NOT_APPLICABLE_GLOBAL_BASELINE,HF9g-P5,,,,X 全窗基线 · 不参与实体赏罚,3923737,393,A168_HF9F_20260827_0900,2026-08-27 09:00:00
2026-04-26,134737460,2256,0,32.8884953513,-32.8884953513,-32.8884953513,0E-7,1,1,0.49324550000000000,0.493245500000,-0.9865810262130424,-0.9865810262130424,-0.9865810262130424,0E-17,ELIGIBLE,R03b_20260811_FULL_v1,L1_ELIGIBILITY,v2026-08-11,2026-03-21..2026-08-06,baccarat_bet02_101_all_pairs_incl_sentinel,round_win = game_pnl > 0 (decisive only),COMPATIBILITY_ONLY_NOT_PRODUCTION,11126.3988,10084.2693,-62.0298,214,214,0.00557501,-0.11796086,0.09697932,0.00557501,62.0298,11126.3988,OK,0.0000,-2.4812,4.0000,96.0000,AG03-UNRESOLVED,ALL5_LEVELS_bet23_to_bet27,-2.4812,-2.4812,-3.1015,0.0000,0.0000,4.000000,4.000000,5.000000,0.000000,0.000000,96.000000,96.000000,95.000000,100.000000,100.000000,5.0,-8.0639,-7.7215,-53.9659,-54.3083,PENDING_AG03,FALSE,NOT_FOR_ENFORCEMENT,-59.5486,9680.8986,-62.0298,-59.5486,-2.4812,-0.00557501,-0.00535201,-2.4812,-59.5486,-0.00535201,-2.4812,-2.4812,-3.1015,0.0000,0.0000,-59.5486,-0.00535201,-8.0639,-7.7215,-53.9659,-54.3083,-0.00485026,-0.00488103,-0.00022300,51.9925,47.1228,-0.2899,-1.9384,-0.4191,347.7000,6.6875,43.0141,61.4889,24.1571,40.8781,67.4636,105.4118,121.1347,160.9159,40.8781,0.0,2.963317,3.936485,1.271893,29,72,52,2,0.42525465,-0.00557501,0.11796086,0E-8,0.000000,0.906337,0.000000,-0.21494018,2026-04-26,2026-08-06,32,148,142,103,0.310680,0.699543,0.827314,1.417515,,,,,,,,GLOBAL_BASELINE_NO_ENTITY_RANKING,,,NOT_APPLICABLE_GLOBAL_BASELINE,HF9g-P5,,,,X 全窗基线 · 不参与实体赏罚,3923738,393,A168_HF9F_20260827_0900,2026-08-27 09:00:00
2026-04-26,134737460,2271,0,10.5411844075,10.5411844075,10.5411844075,1.0000000,1,1,0.49324550000000000,0.493245500000,1.01360149184955,1.01360149184955,1.01360149184955,0E-17,ELIGIBLE,R03b_20260811_FULL_v1,L1_ELIGIBILITY,v2026-08-11,2026-03-21..2026-08-06,baccarat_bet02_101_all_pairs_incl_sentinel,round_win = game_pnl > 0 (decisive only),COMPATIBILITY_ONLY_NOT_PRODUCTION,11126.3988,10084.2693,-62.0298,214,214,0.00557501,-0.11796086,0.09697932,0.00557501,62.0298,11126.3988,OK,0.0000,-2.4812,4.0000,96.0000,AG03-UNRESOLVED,ALL5_LEVELS_bet23_to_bet27,-2.4812,-2.4812,-3.1015,0.0000,0.0000,4.000000,4.000000,5.000000,0.000000,0.000000,96.000000,96.000000,95.000000,100.000000,100.000000,5.0,-8.0639,-7.7215,-53.9659,-54.3083,PENDING_AG03,FALSE,NOT_FOR_ENFORCEMENT,-59.5486,9680.8986,-62.0298,-59.5486,-2.4812,-0.00557501,-0.00535201,-2.4812,-59.5486,-0.00535201,-2.4812,-2.4812,-3.1015,0.0000,0.0000,-59.5486,-0.00535201,-8.0639,-7.7215,-53.9659,-54.3083,-0.00485026,-0.00488103,-0.00022300,51.9925,47.1228,-0.2899,-1.9384,-0.4191,347.7000,6.6875,43.0141,61.4889,24.1571,40.8781,67.4636,105.4118,121.1347,160.9159,40.8781,0.0,2.963317,3.936485,1.271893,29,72,52,2,0.42525465,-0.00557501,0.11796086,0E-8,0.000000,0.906337,0.000000,-0.21494018,2026-04-26,2026-08-06,32,148,142,103,0.310680,0.699543,0.827314,1.417515,,,,,,,,GLOBAL_BASELINE_NO_ENTITY_RANKING,,,NOT_APPLICABLE_GLOBAL_BASELINE,HF9g-P5,,,,X 全窗基线 · 不参与实体赏罚,3923739,393,A168_HF9F_20260827_0900,2026-08-27 09:00:00
2026-04-26,134737460,471,0,105.4118440748,100.1412518711,100.1412518711,1.0000000,1,1,0.50665070000000000,0.506650700000,0.9867858985152569,0.9867858985152569,0.9867858985152569,0E-17,ELIGIBLE,R03b_20260811_FULL_v1,L1_ELIGIBILITY,v2026-08-11,2026-03-21..2026-08-06,baccarat_bet02_101_all_pairs_incl_sentinel,round_win = game_pnl > 0 (decisive only),COMPATIBILITY_ONLY_NOT_PRODUCTION,11126.3988,10084.2693,-62.0298,214,214,0.00557501,-0.11796086,0.09697932,0.00557501,62.0298,11126.3988,OK,0.0000,-2.4812,4.0000,96.0000,AG03-UNRESOLVED,ALL5_LEVELS_bet23_to_bet27,-2.4812,-2.4812,-3.1015,0.0000,0.0000,4.000000,4.000000,5.000000,0.000000,0.000000,96.000000,96.000000,95.000000,100.000000,100.000000,5.0,-8.0639,-7.7215,-53.9659,-54.3083,PENDING_AG03,FALSE,NOT_FOR_ENFORCEMENT,-59.5486,9680.8986,-62.0298,-59.5486,-2.4812,-0.00557501,-0.00535201,-2.4812,-59.5486,-0.00535201,-2.4812,-2.4812,-3.1015,0.0000,0.0000,-59.5486,-0.00535201,-8.0639,-7.7215,-53.9659,-54.3083,-0.00485026,-0.00488103,-0.00022300,51.9925,47.1228,-0.2899,-1.9384,-0.4191,347.7000,6.6875,43.0141,61.4889,24.1571,40.8781,67.4636,105.4118,121.1347,160.9159,40.8781,0.0,2.963317,3.936485,1.271893,29,72,52,2,0.42525465,-0.00557501,0.11796086,0E-8,0.000000,0.906337,0.000000,-0.21494018,2026-04-26,2026-08-06,32,148,142,103,0.310680,0.699543,0.827314,1.417515,,,,,,,,GLOBAL_BASELINE_NO_ENTITY_RANKING,,,NOT_APPLICABLE_GLOBAL_BASELINE,HF9g-P5,,,,X 全窗基线 · 不参与实体赏罚,3923740,393,A168_HF9F_20260827_0900,2026-08-27 09:00:00
2026-04-27,134737460,1150,0,42.1647376299,40.0565007484,40.0565007484,1.0000000,1,1,0.50665070000000000,0.506650700000,0.9867858985152569,0.9867858985152569,0.9867858985152569,0E-17,ELIGIBLE,R03b_20260811_FULL_v1,L1_ELIGIBILITY,v2026-08-11,2026-03-21..2026-08-06,baccarat_bet02_101_all_pairs_incl_sentinel,round_win = game_pnl > 0 (decisive only),COMPATIBILITY_ONLY_NOT_PRODUCTION,11126.3988,10084.2693,-62.0298,214,214,0.00557501,-0.11796086,0.09697932,0.00557501,62.0298,11126.3988,OK,0.0000,-2.4812,4.0000,96.0000,AG03-UNRESOLVED,ALL5_LEVELS_bet23_to_bet27,-2.4812,-2.4812,-3.1015,0.0000,0.0000,4.000000,4.000000,5.000000,0.000000,0.000000,96.000000,96.000000,95.000000,100.000000,100.000000,5.0,-8.0639,-7.7215,-53.9659,-54.3083,PENDING_AG03,FALSE,NOT_FOR_ENFORCEMENT,-59.5486,9680.8986,-62.0298,-59.5486,-2.4812,-0.00557501,-0.00535201,-2.4812,-59.5486,-0.00535201,-2.4812,-2.4812,-3.1015,0.0000,0.0000,-59.5486,-0.00535201,-8.0639,-7.7215,-53.9659,-54.3083,-0.00485026,-0.00488103,-0.00022300,51.9925,47.1228,-0.2899,-1.9384,-0.4191,347.7000,6.6875,43.0141,61.4889,24.1571,40.8781,67.4636,105.4118,121.1347,160.9159,40.8781,0.0,2.963317,3.936485,1.271893,29,72,52,2,0.42525465,-0.00557501,0.11796086,0E-8,0.000000,0.906337,0.000000,-0.21494018,2026-04-26,2026-08-06,32,148,142,103,0.310680,0.699543,0.827314,1.417515,,,,,,,,GLOBAL_BASELINE_NO_ENTITY_RANKING,,,NOT_APPLICABLE_GLOBAL_BASELINE,HF9g-P5,,,,X 全窗基线 · 不参与实体赏罚,3923741,393,A168_HF9F_20260827_0900,2026-08-27 09:00:00
2026-04-27,134737460,2252,0,37.9482638669,37.9482638669,37.9482638669,1.0000000,1,1,0.49324550000000000,0.493245500000,1.01360149184955,1.01360149184955,1.01360149184955,0E-17,ELIGIBLE,R03b_20260811_FULL_v1,L1_ELIGIBILITY,v2026-08-11,2026-03-21..2026-08-06,baccarat_bet02_101_all_pairs_incl_sentinel,round_win = game_pnl > 0 (decisive only),COMPATIBILITY_ONLY_NOT_PRODUCTION,11126.3988,10084.2693,-62.0298,214,214,0.00557501,-0.11796086,0.09697932,0.00557501,62.0298,11126.3988,OK,0.0000,-2.4812,4.0000,96.0000,AG03-UNRESOLVED,ALL5_LEVELS_bet23_to_bet27,-2.4812,-2.4812,-3.1015,0.0000,0.0000,4.000000,4.000000,5.000000,0.000000,0.000000,96.000000,96.000000,95.000000,100.000000,100.000000,5.0,-8.0639,-7.7215,-53.9659,-54.3083,PENDING_AG03,FALSE,NOT_FOR_ENFORCEMENT,-59.5486,9680.8986,-62.0298,-59.5486,-2.4812,-0.00557501,-0.00535201,-2.4812,-59.5486,-0.00535201,-2.4812,-2.4812,-3.1015,0.0000,0.0000,-59.5486,-0.00535201,-8.0639,-7.7215,-53.9659,-54.3083,-0.00485026,-0.00488103,-0.00022300,51.9925,47.1228,-0.2899,-1.9384,-0.4191,347.7000,6.6875,43.0141,61.4889,24.1571,40.8781,67.4636,105.4118,121.1347,160.9159,40.8781,0.0,2.963317,3.936485,1.271893,29,72,52,2,0.42525465,-0.00557501,0.11796086,0E-8,0.000000,0.906337,0.000000,-0.21494018,2026-04-26,2026-08-06,32,148,142,103,0.310680,0.699543,0.827314,1.417515,,,,,,,,GLOBAL_BASELINE_NO_ENTITY_RANKING,,,NOT_APPLICABLE_GLOBAL_BASELINE,HF9g-P5,,,,X 全窗基线 · 不参与实体赏罚,3923742,393,A168_HF9F_20260827_0900,2026-08-27 09:00:00
2026-04-28,134737460,-1,1,42.1647376299,-42.1647376299,-42.1647376299,0E-7,1,1,0.49324550000000000,0.493245500000,-0.9865810262130424,-0.9865810262130424,-0.9865810262130424,0E-17,SENTINEL_DEALER,R03b_20260811_FULL_v1,L1_ELIGIBILITY,v2026-08-11,2026-03-21..2026-08-06,baccarat_bet02_101_all_pairs_incl_sentinel,round_win = game_pnl > 0 (decisive only),COMPATIBILITY_ONLY_NOT_PRODUCTION,11126.3988,10084.2693,-62.0298,214,214,0.00557501,-0.11796086,0.09697932,0.00557501,62.0298,11126.3988,OK,0.0000,-2.4812,4.0000,96.0000,AG03-UNRESOLVED,ALL5_LEVELS_bet23_to_bet27,-2.4812,-2.4812,-3.1015,0.0000,0.0000,4.000000,4.000000,5.000000,0.000000,0.000000,96.000000,96.000000,95.000000,100.000000,100.000000,5.0,-8.0639,-7.7215,-53.9659,-54.3083,PENDING_AG03,FALSE,NOT_FOR_ENFORCEMENT,-59.5486,9680.8986,-62.0298,-59.5486,-2.4812,-0.00557501,-0.00535201,-2.4812,-59.5486,-0.00535201,-2.4812,-2.4812,-3.1015,0.0000,0.0000,-59.5486,-0.00535201,-8.0639,-7.7215,-53.9659,-54.3083,-0.00485026,-0.00488103,-0.00022300,51.9925,47.1228,-0.2899,-1.9384,-0.4191,347.7000,6.6875,43.0141,61.4889,24.1571,40.8781,67.4636,105.4118,121.1347,160.9159,40.8781,0.0,2.963317,3.936485,1.271893,29,72,52,2,0.42525465,-0.00557501,0.11796086,0E-8,0.000000,0.906337,0.000000,-0.21494018,2026-04-26,2026-08-06,32,148,142,103,0.310680,0.699543,0.827314,1.417515,,,,,,,,GLOBAL_BASELINE_NO_ENTITY_RANKING,,,NOT_APPLICABLE_GLOBAL_BASELINE,HF9g-P5,,,,X 全窗基线 · 不参与实体赏罚,3923743,393,A168_HF9F_20260827_0900,2026-08-27 09:00:00
2026-04-28,134737460,1330,0,23.8230767609,-23.8230767609,-23.8230767609,0E-7,1,1,0.50665070000000000,0.506650700000,-1.013391052207602,-1.013391052207602,-1.013391052207602,0E-17,ELIGIBLE,R03b_20260811_FULL_v1,L1_ELIGIBILITY,v2026-08-11,2026-03-21..2026-08-06,baccarat_bet02_101_all_pairs_incl_sentinel,round_win = game_pnl > 0 (decisive only),COMPATIBILITY_ONLY_NOT_PRODUCTION,11126.3988,10084.2693,-62.0298,214,214,0.00557501,-0.11796086,0.09697932,0.00557501,62.0298,11126.3988,OK,0.0000,-2.4812,4.0000,96.0000,AG03-UNRESOLVED,ALL5_LEVELS_bet23_to_bet27,-2.4812,-2.4812,-3.1015,0.0000,0.0000,4.000000,4.000000,5.000000,0.000000,0.000000,96.000000,96.000000,95.000000,100.000000,100.000000,5.0,-8.0639,-7.7215,-53.9659,-54.3083,PENDING_AG03,FALSE,NOT_FOR_ENFORCEMENT,-59.5486,9680.8986,-62.0298,-59.5486,-2.4812,-0.00557501,-0.00535201,-2.4812,-59.5486,-0.00535201,-2.4812,-2.4812,-3.1015,0.0000,0.0000,-59.5486,-0.00535201,-8.0639,-7.7215,-53.9659,-54.3083,-0.00485026,-0.00488103,-0.00022300,51.9925,47.1228,-0.2899,-1.9384,-0.4191,347.7000,6.6875,43.0141,61.4889,24.1571,40.8781,67.4636,105.4118,121.1347,160.9159,40.8781,0.0,2.963317,3.936485,1.271893,29,72,52,2,0.42525465,-0.00557501,0.11796086,0E-8,0.000000,0.906337,0.000000,-0.21494018,2026-04-26,2026-08-06,32,148,142,103,0.310680,0.699543,0.827314,1.417515,,,,,,,,GLOBAL_BASELINE_NO_ENTITY_RANKING,,,NOT_APPLICABLE_GLOBAL_BASELINE,HF9g-P5,,,,X 全窗基线 · 不参与实体赏罚,3923744,393,A168_HF9F_20260827_0900,2026-08-27 09:00:00
2026-04-28,134737460,2153,0,147.5765817047,105.4118440748,105.4118440748,1.0000000,2,2,0.49324550000000000,0.493245500000,1.01360149184955,1.01360149184955,1.01360149184955,0E-17,ELIGIBLE,R03b_20260811_FULL_v1,L1_ELIGIBILITY,v2026-08-11,2026-03-21..2026-08-06,baccarat_bet02_101_all_pairs_incl_sentinel,round_win = game_pnl > 0 (decisive only),COMPATIBILITY_ONLY_NOT_PRODUCTION,11126.3988,10084.2693,-62.0298,214,214,0.00557501,-0.11796086,0.09697932,0.00557501,62.0298,11126.3988,OK,0.0000,-2.4812,4.0000,96.0000,AG03-UNRESOLVED,ALL5_LEVELS_bet23_to_bet27,-2.4812,-2.4812,-3.1015,0.0000,0.0000,4.000000,4.000000,5.000000,0.000000,0.000000,96.000000,96.000000,95.000000,100.000000,100.000000,5.0,-8.0639,-7.7215,-53.9659,-54.3083,PENDING_AG03,FALSE,NOT_FOR_ENFORCEMENT,-59.5486,9680.8986,-62.0298,-59.5486,-2.4812,-0.00557501,-0.00535201,-2.4812,-59.5486,-0.00535201,-2.4812,-2.4812,-3.1015,0.0000,0.0000,-59.5486,-0.00535201,-8.0639,-7.7215,-53.9659,-54.3083,-0.00485026,-0.00488103,-0.00022300,51.9925,47.1228,-0.2899,-1.9384,-0.4191,347.7000,6.6875,43.0141,61.4889,24.1571,40.8781,67.4636,105.4118,121.1347,160.9159,40.8781,0.0,2.963317,3.936485,1.271893,29,72,52,2,0.42525465,-0.00557501,0.11796086,0E-8,0.000000,0.906337,0.000000,-0.21494018,2026-04-26,2026-08-06,32,148,142,103,0.310680,0.699543,0.827314,1.417515,,,,,,,,GLOBAL_BASELINE_NO_ENTITY_RANKING,,,NOT_APPLICABLE_GLOBAL_BASELINE,HF9g-P5,,,,X 全窗基线 · 不参与实体赏罚,3923745,393,A168_HF9F_20260827_0900,2026-08-27 09:00:00
2026-04-29,134737460,-1,1,21.0823688150,-21.0823688150,-21.0823688150,0E-7,1,1,0.50665070000000000,0.506650700000,-1.013391052207602,-1.013391052207602,-1.013391052207602,0E-17,SENTINEL_DEALER,R03b_20260811_FULL_v1,L1_ELIGIBILITY,v2026-08-11,2026-03-21..2026-08-06,baccarat_bet02_101_all_pairs_incl_sentinel,round_win = game_pnl > 0 (decisive only),COMPATIBILITY_ONLY_NOT_PRODUCTION,11126.3988,10084.2693,-62.0298,214,214,0.00557501,-0.11796086,0.09697932,0.00557501,62.0298,11126.3988,OK,0.0000,-2.4812,4.0000,96.0000,AG03-UNRESOLVED,ALL5_LEVELS_bet23_to_bet27,-2.4812,-2.4812,-3.1015,0.0000,0.0000,4.000000,4.000000,5.000000,0.000000,0.000000,96.000000,96.000000,95.000000,100.000000,100.000000,5.0,-8.0639,-7.7215,-53.9659,-54.3083,PENDING_AG03,FALSE,NOT_FOR_ENFORCEMENT,-59.5486,9680.8986,-62.0298,-59.5486,-2.4812,-0.00557501,-0.00535201,-2.4812,-59.5486,-0.00535201,-2.4812,-2.4812,-3.1015,0.0000,0.0000,-59.5486,-0.00535201,-8.0639,-7.7215,-53.9659,-54.3083,-0.00485026,-0.00488103,-0.00022300,51.9925,47.1228,-0.2899,-1.9384,-0.4191,347.7000,6.6875,43.0141,61.4889,24.1571,40.8781,67.4636,105.4118,121.1347,160.9159,40.8781,0.0,2.963317,3.936485,1.271893,29,72,52,2,0.42525465,-0.00557501,0.11796086,0E-8,0.000000,0.906337,0.000000,-0.21494018,2026-04-26,2026-08-06,32,148,142,103,0.310680,0.699543,0.827314,1.417515,,,,,,,,GLOBAL_BASELINE_NO_ENTITY_RANKING,,,NOT_APPLICABLE_GLOBAL_BASELINE,HF9g-P5,,,,X 全窗基线 · 不参与实体赏罚,3923746,393,A168_HF9F_20260827_0900,2026-08-27 09:00:00
2026-04-29,134737460,2145,0,21.0823688150,-21.0823688150,-21.0823688150,0E-7,1,1,0.49324550000000000,0.493245500000,-0.9865810262130424,-0.9865810262130424,-0.9865810262130424,0E-17,ELIGIBLE,R03b_20260811_FULL_v1,L1_ELIGIBILITY,v2026-08-11,2026-03-21..2026-08-06,baccarat_bet02_101_all_pairs_incl_sentinel,round_win = game_pnl > 0 (decisive only),COMPATIBILITY_ONLY_NOT_PRODUCTION,11126.3988,10084.2693,-62.0298,214,214,0.00557501,-0.11796086,0.09697932,0.00557501,62.0298,11126.3988,OK,0.0000,-2.4812,4.0000,96.0000,AG03-UNRESOLVED,ALL5_LEVELS_bet23_to_bet27,-2.4812,-2.4812,-3.1015,0.0000,0.0000,4.000000,4.000000,5.000000,0.000000,0.000000,96.000000,96.000000,95.000000,100.000000,100.000000,5.0,-8.0639,-7.7215,-53.9659,-54.3083,PENDING_AG03,FALSE,NOT_FOR_ENFORCEMENT,-59.5486,9680.8986,-62.0298,-59.5486,-2.4812,-0.00557501,-0.00535201,-2.4812,-59.5486,-0.00535201,-2.4812,-2.4812,-3.1015,0.0000,0.0000,-59.5486,-0.00535201,-8.0639,-7.7215,-53.9659,-54.3083,-0.00485026,-0.00488103,-0.00022300,51.9925,47.1228,-0.2899,-1.9384,-0.4191,347.7000,6.6875,43.0141,61.4889,24.1571,40.8781,67.4636,105.4118,121.1347,160.9159,40.8781,0.0,2.963317,3.936485,1.271893,29,72,52,2,0.42525465,-0.00557501,0.11796086,0E-8,0.000000,0.906337,0.000000,-0.21494018,2026-04-26,2026-08-06,32,148,142,103,0.310680,0.699543,0.827314,1.417515,,,,,,,,GLOBAL_BASELINE_NO_ENTITY_RANKING,,,NOT_APPLICABLE_GLOBAL_BASELINE,HF9g-P5,,,,X 全窗基线 · 不参与实体赏罚,3923747,393,A168_HF9F_20260827_0900,2026-08-27 09:00:00
2026-04-29,134737460,2266,0,21.0823688150,20.0282503742,20.0282503742,1.0000000,1,1,0.50665070000000000,0.506650700000,0.9867858985152569,0.9867858985152569,0.9867858985152569,0E-17,ELIGIBLE,R03b_20260811_FULL_v1,L1_ELIGIBILITY,v2026-08-11,2026-03-21..2026-08-06,baccarat_bet02_101_all_pairs_incl_sentinel,round_win = game_pnl > 0 (decisive only),COMPATIBILITY_ONLY_NOT_PRODUCTION,11126.3988,10084.2693,-62.0298,214,214,0.00557501,-0.11796086,0.09697932,0.00557501,62.0298,11126.3988,OK,0.0000,-2.4812,4.0000,96.0000,AG03-UNRESOLVED,ALL5_LEVELS_bet23_to_bet27,-2.4812,-2.4812,-3.1015,0.0000,0.0000,4.000000,4.000000,5.000000,0.000000,0.000000,96.000000,96.000000,95.000000,100.000000,100.000000,5.0,-8.0639,-7.7215,-53.9659,-54.3083,PENDING_AG03,FALSE,NOT_FOR_ENFORCEMENT,-59.5486,9680.8986,-62.0298,-59.5486,-2.4812,-0.00557501,-0.00535201,-2.4812,-59.5486,-0.00535201,-2.4812,-2.4812,-3.1015,0.0000,0.0000,-59.5486,-0.00535201,-8.0639,-7.7215,-53.9659,-54.3083,-0.00485026,-0.00488103,-0.00022300,51.9925,47.1228,-0.2899,-1.9384,-0.4191,347.7000,6.6875,43.0141,61.4889,24.1571,40.8781,67.4636,105.4118,121.1347,160.9159,40.8781,0.0,2.963317,3.936485,1.271893,29,72,52,2,0.42525465,-0.00557501,0.11796086,0E-8,0.000000,0.906337,0.000000,-0.21494018,2026-04-26,2026-08-06,32,148,142,103,0.310680,0.699543,0.827314,1.417515,,,,,,,,GLOBAL_BASELINE_NO_ENTITY_RANKING,,,NOT_APPLICABLE_GLOBAL_BASELINE,HF9g-P5,,,,X 全窗基线 · 不参与实体赏罚,3923748,393,A168_HF9F_20260827_0900,2026-08-27 09:00:00
2026-04-29,134737460,529,0,207.6613328274,197.2782661859,197.2782661859,1.0000000,3,3,0.50665070000000000,0.506650700000,1.7091633124209307,1.7091633124209307,1.7091633124209307,0E-17,ELIGIBLE,R03b_20260811_FULL_v1,L1_ELIGIBILITY,v2026-08-11,2026-03-21..2026-08-06,baccarat_bet02_101_all_pairs_incl_sentinel,round_win = game_pnl > 0 (decisive only),COMPATIBILITY_ONLY_NOT_PRODUCTION,11126.3988,10084.2693,-62.0298,214,214,0.00557501,-0.11796086,0.09697932,0.00557501,62.0298,11126.3988,OK,0.0000,-2.4812,4.0000,96.0000,AG03-UNRESOLVED,ALL5_LEVELS_bet23_to_bet27,-2.4812,-2.4812,-3.1015,0.0000,0.0000,4.000000,4.000000,5.000000,0.000000,0.000000,96.000000,96.000000,95.000000,100.000000,100.000000,5.0,-8.0639,-7.7215,-53.9659,-54.3083,PENDING_AG03,FALSE,NOT_FOR_ENFORCEMENT,-59.5486,9680.8986,-62.0298,-59.5486,-2.4812,-0.00557501,-0.00535201,-2.4812,-59.5486,-0.00535201,-2.4812,-2.4812,-3.1015,0.0000,0.0000,-59.5486,-0.00535201,-8.0639,-7.7215,-53.9659,-54.3083,-0.00485026,-0.00488103,-0.00022300,51.9925,47.1228,-0.2899,-1.9384,-0.4191,347.7000,6.6875,43.0141,61.4889,24.1571,40.8781,67.4636,105.4118,121.1347,160.9159,40.8781,0.0,2.963317,3.936485,1.271893,29,72,52,2,0.42525465,-0.00557501,0.11796086,0E-8,0.000000,0.906337,0.000000,-0.21494018,2026-04-26,2026-08-06,32,148,142,103,0.310680,0.699543,0.827314,1.417515,,,,,,,,GLOBAL_BASELINE_NO_ENTITY_RANKING,,,NOT_APPLICABLE_GLOBAL_BASELINE,HF9g-P5,,,,X 全窗基线 · 不参与实体赏罚,3923749,393,A168_HF9F_20260827_0900,2026-08-27 09:00:00
2026-04-30,134737460,-1,1,147.5765817047,21.0823688150,21.0823688150,0.5000000,3,3,0.49771390000000000,0.497713900000,0.006466134837551399,0.0064661348375514,0.006466134837551399,0E-17,SENTINEL_DEALER,R03b_20260811_FULL_v1,L1_ELIGIBILITY,v2026-08-11,2026-03-21..2026-08-06,baccarat_bet02_101_all_pairs_incl_sentinel,round_win = game_pnl > 0 (decisive only),COMPATIBILITY_ONLY_NOT_PRODUCTION,11126.3988,10084.2693,-62.0298,214,214,0.00557501,-0.11796086,0.09697932,0.00557501,62.0298,11126.3988,OK,0.0000,-2.4812,4.0000,96.0000,AG03-UNRESOLVED,ALL5_LEVELS_bet23_to_bet27,-2.4812,-2.4812,-3.1015,0.0000,0.0000,4.000000,4.000000,5.000000,0.000000,0.000000,96.000000,96.000000,95.000000,100.000000,100.000000,5.0,-8.0639,-7.7215,-53.9659,-54.3083,PENDING_AG03,FALSE,NOT_FOR_ENFORCEMENT,-59.5486,9680.8986,-62.0298,-59.5486,-2.4812,-0.00557501,-0.00535201,-2.4812,-59.5486,-0.00535201,-2.4812,-2.4812,-3.1015,0.0000,0.0000,-59.5486,-0.00535201,-8.0639,-7.7215,-53.9659,-54.3083,-0.00485026,-0.00488103,-0.00022300,51.9925,47.1228,-0.2899,-1.9384,-0.4191,347.7000,6.6875,43.0141,61.4889,24.1571,40.8781,67.4636,105.4118,121.1347,160.9159,40.8781,0.0,2.963317,3.936485,1.271893,29,72,52,2,0.42525465,-0.00557501,0.11796086,0E-8,0.000000,0.906337,0.000000,-0.21494018,2026-04-26,2026-08-06,32,148,142,103,0.310680,0.699543,0.827314,1.417515,,,,,,,,GLOBAL_BASELINE_NO_ENTITY_RANKING,,,NOT_APPLICABLE_GLOBAL_BASELINE,HF9g-P5,,,,X 全窗基线 · 不参与实体赏罚,3923750,393,A168_HF9F_20260827_0900,2026-08-27 09:00:00
2026-04-30,134737460,1401,0,121.2236206861,-41.0579132672,-41.0579132672,0.3333333,3,3,0.50218230000000000,0.502182300000,-0.5849155494134425,-0.5849155494134426,-0.5849155494134425,0E-17,ELIGIBLE,R03b_20260811_FULL_v1,L1_ELIGIBILITY,v2026-08-11,2026-03-21..2026-08-06,baccarat_bet02_101_all_pairs_incl_sentinel,round_win = game_pnl > 0 (decisive only),COMPATIBILITY_ONLY_NOT_PRODUCTION,11126.3988,10084.2693,-62.0298,214,214,0.00557501,-0.11796086,0.09697932,0.00557501,62.0298,11126.3988,OK,0.0000,-2.4812,4.0000,96.0000,AG03-UNRESOLVED,ALL5_LEVELS_bet23_to_bet27,-2.4812,-2.4812,-3.1015,0.0000,0.0000,4.000000,4.000000,5.000000,0.000000,0.000000,96.000000,96.000000,95.000000,100.000000,100.000000,5.0,-8.0639,-7.7215,-53.9659,-54.3083,PENDING_AG03,FALSE,NOT_FOR_ENFORCEMENT,-59.5486,9680.8986,-62.0298,-59.5486,-2.4812,-0.00557501,-0.00535201,-2.4812,-59.5486,-0.00535201,-2.4812,-2.4812,-3.1015,0.0000,0.0000,-59.5486,-0.00535201,-8.0639,-7.7215,-53.9659,-54.3083,-0.00485026,-0.00488103,-0.00022300,51.9925,47.1228,-0.2899,-1.9384,-0.4191,347.7000,6.6875,43.0141,61.4889,24.1571,40.8781,67.4636,105.4118,121.1347,160.9159,40.8781,0.0,2.963317,3.936485,1.271893,29,72,52,2,0.42525465,-0.00557501,0.11796086,0E-8,0.000000,0.906337,0.000000,-0.21494018,2026-04-26,2026-08-06,32,148,142,103,0.310680,0.699543,0.827314,1.417515,,,,,,,,GLOBAL_BASELINE_NO_ENTITY_RANKING,,,NOT_APPLICABLE_GLOBAL_BASELINE,HF9g-P5,,,,X 全窗基线 · 不参与实体赏罚,3923751,393,A168_HF9F_20260827_0900,2026-08-27 09:00:00
2026-05-01,134737460,1947,0,25.2074361937,25.2074361937,25.2074361937,1.0000000,1,1,0.49324550000000000,0.493245500000,1.01360149184955,1.01360149184955,1.01360149184955,0E-17,ELIGIBLE,R03b_20260811_FULL_v1,L1_ELIGIBILITY,v2026-08-11,2026-03-21..2026-08-06,baccarat_bet02_101_all_pairs_incl_sentinel,round_win = game_pnl > 0 (decisive only),COMPATIBILITY_ONLY_NOT_PRODUCTION,11126.3988,10084.2693,-62.0298,214,214,0.00557501,-0.11796086,0.09697932,0.00557501,62.0298,11126.3988,OK,0.0000,-2.4812,4.0000,96.0000,AG03-UNRESOLVED,ALL5_LEVELS_bet23_to_bet27,-2.4812,-2.4812,-3.1015,0.0000,0.0000,4.000000,4.000000,5.000000,0.000000,0.000000,96.000000,96.000000,95.000000,100.000000,100.000000,5.0,-8.0639,-7.7215,-53.9659,-54.3083,PENDING_AG03,FALSE,NOT_FOR_ENFORCEMENT,-59.5486,9680.8986,-62.0298,-59.5486,-2.4812,-0.00557501,-0.00535201,-2.4812,-59.5486,-0.00535201,-2.4812,-2.4812,-3.1015,0.0000,0.0000,-59.5486,-0.00535201,-8.0639,-7.7215,-53.9659,-54.3083,-0.00485026,-0.00488103,-0.00022300,51.9925,47.1228,-0.2899,-1.9384,-0.4191,347.7000,6.6875,43.0141,61.4889,24.1571,40.8781,67.4636,105.4118,121.1347,160.9159,40.8781,0.0,2.963317,3.936485,1.271893,29,72,52,2,0.42525465,-0.00557501,0.11796086,0E-8,0.000000,0.906337,0.000000,-0.21494018,2026-04-26,2026-08-06,32,148,142,103,0.310680,0.699543,0.827314,1.417515,,,,,,,,GLOBAL_BASELINE_NO_ENTITY_RANKING,,,NOT_APPLICABLE_GLOBAL_BASELINE,HF9g-P5,,,,X 全窗基线 · 不参与实体赏罚,3923752,393,A168_HF9F_20260827_0900,2026-08-27 09:00:00
2026-05-01,134737460,2123,0,24.1571263523,-24.1571263523,-24.1571263523,0E-7,1,1,0.50665070000000000,0.506650700000,-1.013391052207602,-1.013391052207602,-1.013391052207602,0E-17,ELIGIBLE,R03b_20260811_FULL_v1,L1_ELIGIBILITY,v2026-08-11,2026-03-21..2026-08-06,baccarat_bet02_101_all_pairs_incl_sentinel,round_win = game_pnl > 0 (decisive only),COMPATIBILITY_ONLY_NOT_PRODUCTION,11126.3988,10084.2693,-62.0298,214,214,0.00557501,-0.11796086,0.09697932,0.00557501,62.0298,11126.3988,OK,0.0000,-2.4812,4.0000,96.0000,AG03-UNRESOLVED,ALL5_LEVELS_bet23_to_bet27,-2.4812,-2.4812,-3.1015,0.0000,0.0000,4.000000,4.000000,5.000000,0.000000,0.000000,96.000000,96.000000,95.000000,100.000000,100.000000,5.0,-8.0639,-7.7215,-53.9659,-54.3083,PENDING_AG03,FALSE,NOT_FOR_ENFORCEMENT,-59.5486,9680.8986,-62.0298,-59.5486,-2.4812,-0.00557501,-0.00535201,-2.4812,-59.5486,-0.00535201,-2.4812,-2.4812,-3.1015,0.0000,0.0000,-59.5486,-0.00535201,-8.0639,-7.7215,-53.9659,-54.3083,-0.00485026,-0.00488103,-0.00022300,51.9925,47.1228,-0.2899,-1.9384,-0.4191,347.7000,6.6875,43.0141,61.4889,24.1571,40.8781,67.4636,105.4118,121.1347,160.9159,40.8781,0.0,2.963317,3.936485,1.271893,29,72,52,2,0.42525465,-0.00557501,0.11796086,0E-8,0.000000,0.906337,0.000000,-0.21494018,2026-04-26,2026-08-06,32,148,142,103,0.310680,0.699543,0.827314,1.417515,,,,,,,,GLOBAL_BASELINE_NO_ENTITY_RANKING,,,NOT_APPLICABLE_GLOBAL_BASELINE,HF9g-P5,,,,X 全窗基线 · 不参与实体赏罚,3923753,393,A168_HF9F_20260827_0900,2026-08-27 09:00:00
2026-05-01,134737460,763,0,84.4449112488,80.2226656864,80.2226656864,1.0000000,1,1,0.50665070000000000,0.506650700000,0.9867858985152569,0.9867858985152569,0.9867858985152569,0E-17,ELIGIBLE,R03b_20260811_FULL_v1,L1_ELIGIBILITY,v2026-08-11,2026-03-21..2026-08-06,baccarat_bet02_101_all_pairs_incl_sentinel,round_win = game_pnl > 0 (decisive only),COMPATIBILITY_ONLY_NOT_PRODUCTION,11126.3988,10084.2693,-62.0298,214,214,0.00557501,-0.11796086,0.09697932,0.00557501,62.0298,11126.3988,OK,0.0000,-2.4812,4.0000,96.0000,AG03-UNRESOLVED,ALL5_LEVELS_bet23_to_bet27,-2.4812,-2.4812,-3.1015,0.0000,0.0000,4.000000,4.000000,5.000000,0.000000,0.000000,96.000000,96.000000,95.000000,100.000000,100.000000,5.0,-8.0639,-7.7215,-53.9659,-54.3083,PENDING_AG03,FALSE,NOT_FOR_ENFORCEMENT,-59.5486,9680.8986,-62.0298,-59.5486,-2.4812,-0.00557501,-0.00535201,-2.4812,-59.5486,-0.00535201,-2.4812,-2.4812,-3.1015,0.0000,0.0000,-59.5486,-0.00535201,-8.0639,-7.7215,-53.9659,-54.3083,-0.00485026,-0.00488103,-0.00022300,51.9925,47.1228,-0.2899,-1.9384,-0.4191,347.7000,6.6875,43.0141,61.4889,24.1571,40.8781,67.4636,105.4118,121.1347,160.9159,40.8781,0.0,2.963317,3.936485,1.271893,29,72,52,2,0.42525465,-0.00557501,0.11796086,0E-8,0.000000,0.906337,0.000000,-0.21494018,2026-04-26,2026-08-06,32,148,142,103,0.310680,0.699543,0.827314,1.417515,,,,,,,,GLOBAL_BASELINE_NO_ENTITY_RANKING,,,NOT_APPLICABLE_GLOBAL_BASELINE,HF9g-P5,,,,X 全窗基线 · 不参与实体赏罚,3923754,393,A168_HF9F_20260827_0900,2026-08-27 09:00:00
2026-05-01,134737460,948,0,24.3671883206,24.3671883206,24.3671883206,1.0000000,1,1,0.49324550000000000,0.493245500000,1.01360149184955,1.01360149184955,1.01360149184955,0E-17,ELIGIBLE,R03b_20260811_FULL_v1,L1_ELIGIBILITY,v2026-08-11,2026-03-21..2026-08-06,baccarat_bet02_101_all_pairs_incl_sentinel,round_win = game_pnl > 0 (decisive only),COMPATIBILITY_ONLY_NOT_PRODUCTION,11126.3988,10084.2693,-62.0298,214,214,0.00557501,-0.11796086,0.09697932,0.00557501,62.0298,11126.3988,OK,0.0000,-2.4812,4.0000,96.0000,AG03-UNRESOLVED,ALL5_LEVELS_bet23_to_bet27,-2.4812,-2.4812,-3.1015,0.0000,0.0000,4.000000,4.000000,5.000000,0.000000,0.000000,96.000000,96.000000,95.000000,100.000000,100.000000,5.0,-8.0639,-7.7215,-53.9659,-54.3083,PENDING_AG03,FALSE,NOT_FOR_ENFORCEMENT,-59.5486,9680.8986,-62.0298,-59.5486,-2.4812,-0.00557501,-0.00535201,-2.4812,-59.5486,-0.00535201,-2.4812,-2.4812,-3.1015,0.0000,0.0000,-59.5486,-0.00535201,-8.0639,-7.7215,-53.9659,-54.3083,-0.00485026,-0.00488103,-0.00022300,51.9925,47.1228,-0.2899,-1.9384,-0.4191,347.7000,6.6875,43.0141,61.4889,24.1571,40.8781,67.4636,105.4118,121.1347,160.9159,40.8781,0.0,2.963317,3.936485,1.271893,29,72,52,2,0.42525465,-0.00557501,0.11796086,0E-8,0.000000,0.906337,0.000000,-0.21494018,2026-04-26,2026-08-06,32,148,142,103,0.310680,0.699543,0.827314,1.417515,,,,,,,,GLOBAL_BASELINE_NO_ENTITY_RANKING,,,NOT_APPLICABLE_GLOBAL_BASELINE,HF9g-P5,,,,X 全窗基线 · 不参与实体赏罚,3923755,393,A168_HF9F_20260827_0900,2026-08-27 09:00:00
2026-05-02,134737460,-1,1,169.7300703707,-87.8059027413,-87.8059027413,0.5000000,2,2,0.49994810000000000,0.499948100000,0.00014679536856514622,0.00014679536856514622,0.00014679536856514622,0E-17,SENTINEL_DEALER,R03b_20260811_FULL_v1,L1_ELIGIBILITY,v2026-08-11,2026-03-21..2026-08-06,baccarat_bet02_101_all_pairs_incl_sentinel,round_win = game_pnl > 0 (decisive only),COMPATIBILITY_ONLY_NOT_PRODUCTION,11126.3988,10084.2693,-62.0298,214,214,0.00557501,-0.11796086,0.09697932,0.00557501,62.0298,11126.3988,OK,0.0000,-2.4812,4.0000,96.0000,AG03-UNRESOLVED,ALL5_LEVELS_bet23_to_bet27,-2.4812,-2.4812,-3.1015,0.0000,0.0000,4.000000,4.000000,5.000000,0.000000,0.000000,96.000000,96.000000,95.000000,100.000000,100.000000,5.0,-8.0639,-7.7215,-53.9659,-54.3083,PENDING_AG03,FALSE,NOT_FOR_ENFORCEMENT,-59.5486,9680.8986,-62.0298,-59.5486,-2.4812,-0.00557501,-0.00535201,-2.4812,-59.5486,-0.00535201,-2.4812,-2.4812,-3.1015,0.0000,0.0000,-59.5486,-0.00535201,-8.0639,-7.7215,-53.9659,-54.3083,-0.00485026,-0.00488103,-0.00022300,51.9925,47.1228,-0.2899,-1.9384,-0.4191,347.7000,6.6875,43.0141,61.4889,24.1571,40.8781,67.4636,105.4118,121.1347,160.9159,40.8781,0.0,2.963317,3.936485,1.271893,29,72,52,2,0.42525465,-0.00557501,0.11796086,0E-8,0.000000,0.906337,0.000000,-0.21494018,2026-04-26,2026-08-06,32,148,142,103,0.310680,0.699543,0.827314,1.417515,,,,,,,,GLOBAL_BASELINE_NO_ENTITY_RANKING,,,NOT_APPLICABLE_GLOBAL_BASELINE,HF9g-P5,,,,X 全窗基线 · 不参与实体赏罚,3923756,393,A168_HF9F_20260827_0900,2026-08-27 09:00:00
2026-05-03,134737460,-1,1,325.5960508350,320.3445016280,320.3445016280,1.0000000,3,3,0.49771390000000000,0.497713900000,1.739988277604938,1.739988277604938,1.739988277604938,0E-17,SENTINEL_DEALER,R03b_20260811_FULL_v1,L1_ELIGIBILITY,v2026-08-11,2026-03-21..2026-08-06,baccarat_bet02_101_all_pairs_incl_sentinel,round_win = game_pnl > 0 (decisive only),COMPATIBILITY_ONLY_NOT_PRODUCTION,11126.3988,10084.2693,-62.0298,214,214,0.00557501,-0.11796086,0.09697932,0.00557501,62.0298,11126.3988,OK,0.0000,-2.4812,4.0000,96.0000,AG03-UNRESOLVED,ALL5_LEVELS_bet23_to_bet27,-2.4812,-2.4812,-3.1015,0.0000,0.0000,4.000000,4.000000,5.000000,0.000000,0.000000,96.000000,96.000000,95.000000,100.000000,100.000000,5.0,-8.0639,-7.7215,-53.9659,-54.3083,PENDING_AG03,FALSE,NOT_FOR_ENFORCEMENT,-59.5486,9680.8986,-62.0298,-59.5486,-2.4812,-0.00557501,-0.00535201,-2.4812,-59.5486,-0.00535201,-2.4812,-2.4812,-3.1015,0.0000,0.0000,-59.5486,-0.00535201,-8.0639,-7.7215,-53.9659,-54.3083,-0.00485026,-0.00488103,-0.00022300,51.9925,47.1228,-0.2899,-1.9384,-0.4191,347.7000,6.6875,43.0141,61.4889,24.1571,40.8781,67.4636,105.4118,121.1347,160.9159,40.8781,0.0,2.963317,3.936485,1.271893,29,72,52,2,0.42525465,-0.00557501,0.11796086,0E-8,0.000000,0.906337,0.000000,-0.21494018,2026-04-26,2026-08-06,32,148,142,103,0.310680,0.699543,0.827314,1.417515,,,,,,,,GLOBAL_BASELINE_NO_ENTITY_RANKING,,,NOT_APPLICABLE_GLOBAL_BASELINE,HF9g-P5,,,,X 全窗基线 · 不参与实体赏罚,3923757,393,A168_HF9F_20260827_0900,2026-08-27 09:00:00
2026-05-03,134737460,1221,0,246.8228127298,-84.0247873123,-84.0247873123,0E-7,2,2,0.49994810000000000,0.499948100000,-0.9998962053866608,-0.9998962053866608,-0.9998962053866608,0E-17,ELIGIBLE,R03b_20260811_FULL_v1,L1_ELIGIBILITY,v2026-08-11,2026-03-21..2026-08-06,baccarat_bet02_101_all_pairs_incl_sentinel,round_win = game_pnl > 0 (decisive only),COMPATIBILITY_ONLY_NOT_PRODUCTION,11126.3988,10084.2693,-62.0298,214,214,0.00557501,-0.11796086,0.09697932,0.00557501,62.0298,11126.3988,OK,0.0000,-2.4812,4.0000,96.0000,AG03-UNRESOLVED,ALL5_LEVELS_bet23_to_bet27,-2.4812,-2.4812,-3.1015,0.0000,0.0000,4.000000,4.000000,5.000000,0.000000,0.000000,96.000000,96.000000,95.000000,100.000000,100.000000,5.0,-8.0639,-7.7215,-53.9659,-54.3083,PENDING_AG03,FALSE,NOT_FOR_ENFORCEMENT,-59.5486,9680.8986,-62.0298,-59.5486,-2.4812,-0.00557501,-0.00535201,-2.4812,-59.5486,-0.00535201,-2.4812,-2.4812,-3.1015,0.0000,0.0000,-59.5486,-0.00535201,-8.0639,-7.7215,-53.9659,-54.3083,-0.00485026,-0.00488103,-0.00022300,51.9925,47.1228,-0.2899,-1.9384,-0.4191,347.7000,6.6875,43.0141,61.4889,24.1571,40.8781,67.4636,105.4118,121.1347,160.9159,40.8781,0.0,2.963317,3.936485,1.271893,29,72,52,2,0.42525465,-0.00557501,0.11796086,0E-8,0.000000,0.906337,0.000000,-0.21494018,2026-04-26,2026-08-06,32,148,142,103,0.310680,0.699543,0.827314,1.417515,,,,,,,,GLOBAL_BASELINE_NO_ENTITY_RANKING,,,NOT_APPLICABLE_GLOBAL_BASELINE,HF9g-P5,,,,X 全窗基线 · 不参与实体赏罚,3923758,393,A168_HF9F_20260827_0900,2026-08-27 09:00:00
2026-05-03,134737460,1302,0,42.0123936561,-42.0123936561,-42.0123936561,0E-7,1,1,0.49324550000000000,0.493245500000,-0.9865810262130424,-0.9865810262130424,-0.9865810262130424,0E-17,ELIGIBLE,R03b_20260811_FULL_v1,L1_ELIGIBILITY,v2026-08-11,2026-03-21..2026-08-06,baccarat_bet02_101_all_pairs_incl_sentinel,round_win = game_pnl > 0 (decisive only),COMPATIBILITY_ONLY_NOT_PRODUCTION,11126.3988,10084.2693,-62.0298,214,214,0.00557501,-0.11796086,0.09697932,0.00557501,62.0298,11126.3988,OK,0.0000,-2.4812,4.0000,96.0000,AG03-UNRESOLVED,ALL5_LEVELS_bet23_to_bet27,-2.4812,-2.4812,-3.1015,0.0000,0.0000,4.000000,4.000000,5.000000,0.000000,0.000000,96.000000,96.000000,95.000000,100.000000,100.000000,5.0,-8.0639,-7.7215,-53.9659,-54.3083,PENDING_AG03,FALSE,NOT_FOR_ENFORCEMENT,-59.5486,9680.8986,-62.0298,-59.5486,-2.4812,-0.00557501,-0.00535201,-2.4812,-59.5486,-0.00535201,-2.4812,-2.4812,-3.1015,0.0000,0.0000,-59.5486,-0.00535201,-8.0639,-7.7215,-53.9659,-54.3083,-0.00485026,-0.00488103,-0.00022300,51.9925,47.1228,-0.2899,-1.9384,-0.4191,347.7000,6.6875,43.0141,61.4889,24.1571,40.8781,67.4636,105.4118,121.1347,160.9159,40.8781,0.0,2.963317,3.936485,1.271893,29,72,52,2,0.42525465,-0.00557501,0.11796086,0E-8,0.000000,0.906337,0.000000,-0.21494018,2026-04-26,2026-08-06,32,148,142,103,0.310680,0.699543,0.827314,1.417515,,,,,,,,GLOBAL_BASELINE_NO_ENTITY_RANKING,,,NOT_APPLICABLE_GLOBAL_BASELINE,HF9g-P5,,,,X 全窗基线 · 不参与实体赏罚,3923759,393,A168_HF9F_20260827_0900,2026-08-27 09:00:00
2026-05-03,134737460,1401,0,21.0061968281,19.9558869867,19.9558869867,1.0000000,1,1,0.50665070000000000,0.506650700000,0.9867858985152569,0.9867858985152569,0.9867858985152569,0E-17,ELIGIBLE,R03b_20260811_FULL_v1,L1_ELIGIBILITY,v2026-08-11,2026-03-21..2026-08-06,baccarat_bet02_101_all_pairs_incl_sentinel,round_win = game_pnl > 0 (decisive only),COMPATIBILITY_ONLY_NOT_PRODUCTION,11126.3988,10084.2693,-62.0298,214,214,0.00557501,-0.11796086,0.09697932,0.00557501,62.0298,11126.3988,OK,0.0000,-2.4812,4.0000,96.0000,AG03-UNRESOLVED,ALL5_LEVELS_bet23_to_bet27,-2.4812,-2.4812,-3.1015,0.0000,0.0000,4.000000,4.000000,5.000000,0.000000,0.000000,96.000000,96.000000,95.000000,100.000000,100.000000,5.0,-8.0639,-7.7215,-53.9659,-54.3083,PENDING_AG03,FALSE,NOT_FOR_ENFORCEMENT,-59.5486,9680.8986,-62.0298,-59.5486,-2.4812,-0.00557501,-0.00535201,-2.4812,-59.5486,-0.00535201,-2.4812,-2.4812,-3.1015,0.0000,0.0000,-59.5486,-0.00535201,-8.0639,-7.7215,-53.9659,-54.3083,-0.00485026,-0.00488103,-0.00022300,51.9925,47.1228,-0.2899,-1.9384,-0.4191,347.7000,6.6875,43.0141,61.4889,24.1571,40.8781,67.4636,105.4118,121.1347,160.9159,40.8781,0.0,2.963317,3.936485,1.271893,29,72,52,2,0.42525465,-0.00557501,0.11796086,0E-8,0.000000,0.906337,0.000000,-0.21494018,2026-04-26,2026-08-06,32,148,142,103,0.310680,0.699543,0.827314,1.417515,,,,,,,,GLOBAL_BASELINE_NO_ENTITY_RANKING,,,NOT_APPLICABLE_GLOBAL_BASELINE,HF9g-P5,,,,X 全窗基线 · 不参与实体赏罚,3923760,393,A168_HF9F_20260827_0900,2026-08-27 09:00:00
2026-05-03,134737460,2152,0,74.9921226762,-24.9973742254,-24.9973742254,0.5000000,2,2,0.49324550000000000,0.493245500000,0.01910635448239258,0.01910635448239258,0.01910635448239258,0E-17,ELIGIBLE,R03b_20260811_FULL_v1,L1_ELIGIBILITY,v2026-08-11,2026-03-21..2026-08-06,baccarat_bet02_101_all_pairs_incl_sentinel,round_win = game_pnl > 0 (decisive only),COMPATIBILITY_ONLY_NOT_PRODUCTION,11126.3988,10084.2693,-62.0298,214,214,0.00557501,-0.11796086,0.09697932,0.00557501,62.0298,11126.3988,OK,0.0000,-2.4812,4.0000,96.0000,AG03-UNRESOLVED,ALL5_LEVELS_bet23_to_bet27,-2.4812,-2.4812,-3.1015,0.0000,0.0000,4.000000,4.000000,5.000000,0.000000,0.000000,96.000000,96.000000,95.000000,100.000000,100.000000,5.0,-8.0639,-7.7215,-53.9659,-54.3083,PENDING_AG03,FALSE,NOT_FOR_ENFORCEMENT,-59.5486,9680.8986,-62.0298,-59.5486,-2.4812,-0.00557501,-0.00535201,-2.4812,-59.5486,-0.00535201,-2.4812,-2.4812,-3.1015,0.0000,0.0000,-59.5486,-0.00535201,-8.0639,-7.7215,-53.9659,-54.3083,-0.00485026,-0.00488103,-0.00022300,51.9925,47.1228,-0.2899,-1.9384,-0.4191,347.7000,6.6875,43.0141,61.4889,24.1571,40.8781,67.4636,105.4118,121.1347,160.9159,40.8781,0.0,2.963317,3.936485,1.271893,29,72,52,2,0.42525465,-0.00557501,0.11796086,0E-8,0.000000,0.906337,0.000000,-0.21494018,2026-04-26,2026-08-06,32,148,142,103,0.310680,0.699543,0.827314,1.417515,,,,,,,,GLOBAL_BASELINE_NO_ENTITY_RANKING,,,NOT_APPLICABLE_GLOBAL_BASELINE,HF9g-P5,,,,X 全窗基线 · 不参与实体赏罚,3923761,393,A168_HF9F_20260827_0900,2026-08-27 09:00:00
2026-05-03,134737460,2156,0,42.0123936561,-42.0123936561,-42.0123936561,0E-7,1,1,0.49324550000000000,0.493245500000,-0.9865810262130424,-0.9865810262130424,-0.9865810262130424,0E-17,ELIGIBLE,R03b_20260811_FULL_v1,L1_ELIGIBILITY,v2026-08-11,2026-03-21..2026-08-06,baccarat_bet02_101_all_pairs_incl_sentinel,round_win = game_pnl > 0 (decisive only),COMPATIBILITY_ONLY_NOT_PRODUCTION,11126.3988,10084.2693,-62.0298,214,214,0.00557501,-0.11796086,0.09697932,0.00557501,62.0298,11126.3988,OK,0.0000,-2.4812,4.0000,96.0000,AG03-UNRESOLVED,ALL5_LEVELS_bet23_to_bet27,-2.4812,-2.4812,-3.1015,0.0000,0.0000,4.000000,4.000000,5.000000,0.000000,0.000000,96.000000,96.000000,95.000000,100.000000,100.000000,5.0,-8.0639,-7.7215,-53.9659,-54.3083,PENDING_AG03,FALSE,NOT_FOR_ENFORCEMENT,-59.5486,9680.8986,-62.0298,-59.5486,-2.4812,-0.00557501,-0.00535201,-2.4812,-59.5486,-0.00535201,-2.4812,-2.4812,-3.1015,0.0000,0.0000,-59.5486,-0.00535201,-8.0639,-7.7215,-53.9659,-54.3083,-0.00485026,-0.00488103,-0.00022300,51.9925,47.1228,-0.2899,-1.9384,-0.4191,347.7000,6.6875,43.0141,61.4889,24.1571,40.8781,67.4636,105.4118,121.1347,160.9159,40.8781,0.0,2.963317,3.936485,1.271893,29,72,52,2,0.42525465,-0.00557501,0.11796086,0E-8,0.000000,0.906337,0.000000,-0.21494018,2026-04-26,2026-08-06,32,148,142,103,0.310680,0.699543,0.827314,1.417515,,,,,,,,GLOBAL_BASELINE_NO_ENTITY_RANKING,,,NOT_APPLICABLE_GLOBAL_BASELINE,HF9g-P5,,,,X 全窗基线 · 不参与实体赏罚,3923762,393,A168_HF9F_20260827_0900,2026-08-27 09:00:00
2026-05-03,134737460,2212,0,210.0619682806,210.0619682806,210.0619682806,1.0000000,2,2,0.49324550000000000,0.493245500000,1.4334489766152358,1.4334489766152358,1.4334489766152358,0E-17,ELIGIBLE,R03b_20260811_FULL_v1,L1_ELIGIBILITY,v2026-08-11,2026-03-21..2026-08-06,baccarat_bet02_101_all_pairs_incl_sentinel,round_win = game_pnl > 0 (decisive only),COMPATIBILITY_ONLY_NOT_PRODUCTION,11126.3988,10084.2693,-62.0298,214,214,0.00557501,-0.11796086,0.09697932,0.00557501,62.0298,11126.3988,OK,0.0000,-2.4812,4.0000,96.0000,AG03-UNRESOLVED,ALL5_LEVELS_bet23_to_bet27,-2.4812,-2.4812,-3.1015,0.0000,0.0000,4.000000,4.000000,5.000000,0.000000,0.000000,96.000000,96.000000,95.000000,100.000000,100.000000,5.0,-8.0639,-7.7215,-53.9659,-54.3083,PENDING_AG03,FALSE,NOT_FOR_ENFORCEMENT,-59.5486,9680.8986,-62.0298,-59.5486,-2.4812,-0.00557501,-0.00535201,-2.4812,-59.5486,-0.00535201,-2.4812,-2.4812,-3.1015,0.0000,0.0000,-59.5486,-0.00535201,-8.0639,-7.7215,-53.9659,-54.3083,-0.00485026,-0.00488103,-0.00022300,51.9925,47.1228,-0.2899,-1.9384,-0.4191,347.7000,6.6875,43.0141,61.4889,24.1571,40.8781,67.4636,105.4118,121.1347,160.9159,40.8781,0.0,2.963317,3.936485,1.271893,29,72,52,2,0.42525465,-0.00557501,0.11796086,0E-8,0.000000,0.906337,0.000000,-0.21494018,2026-04-26,2026-08-06,32,148,142,103,0.310680,0.699543,0.827314,1.417515,,,,,,,,GLOBAL_BASELINE_NO_ENTITY_RANKING,,,NOT_APPLICABLE_GLOBAL_BASELINE,HF9g-P5,,,,X 全窗基线 · 不参与实体赏罚,3923763,393,A168_HF9F_20260827_0900,2026-08-27 09:00:00
2026-05-03,134737460,462,0,21.0061968281,19.9558869867,19.9558869867,1.0000000,1,1,0.50665070000000000,0.506650700000,0.9867858985152569,0.9867858985152569,0.9867858985152569,0E-17,ELIGIBLE,R03b_20260811_FULL_v1,L1_ELIGIBILITY,v2026-08-11,2026-03-21..2026-08-06,baccarat_bet02_101_all_pairs_incl_sentinel,round_win = game_pnl > 0 (decisive only),COMPATIBILITY_ONLY_NOT_PRODUCTION,11126.3988,10084.2693,-62.0298,214,214,0.00557501,-0.11796086,0.09697932,0.00557501,62.0298,11126.3988,OK,0.0000,-2.4812,4.0000,96.0000,AG03-UNRESOLVED,ALL5_LEVELS_bet23_to_bet27,-2.4812,-2.4812,-3.1015,0.0000,0.0000,4.000000,4.000000,5.000000,0.000000,0.000000,96.000000,96.000000,95.000000,100.000000,100.000000,5.0,-8.0639,-7.7215,-53.9659,-54.3083,PENDING_AG03,FALSE,NOT_FOR_ENFORCEMENT,-59.5486,9680.8986,-62.0298,-59.5486,-2.4812,-0.00557501,-0.00535201,-2.4812,-59.5486,-0.00535201,-2.4812,-2.4812,-3.1015,0.0000,0.0000,-59.5486,-0.00535201,-8.0639,-7.7215,-53.9659,-54.3083,-0.00485026,-0.00488103,-0.00022300,51.9925,47.1228,-0.2899,-1.9384,-0.4191,347.7000,6.6875,43.0141,61.4889,24.1571,40.8781,67.4636,105.4118,121.1347,160.9159,40.8781,0.0,2.963317,3.936485,1.271893,29,72,52,2,0.42525465,-0.00557501,0.11796086,0E-8,0.000000,0.906337,0.000000,-0.21494018,2026-04-26,2026-08-06,32,148,142,103,0.310680,0.699543,0.827314,1.417515,,,,,,,,GLOBAL_BASELINE_NO_ENTITY_RANKING,,,NOT_APPLICABLE_GLOBAL_BASELINE,HF9g-P5,,,,X 全窗基线 · 不参与实体赏罚,3923764,393,A168_HF9F_20260827_0900,2026-08-27 09:00:00
2026-05-05,134737460,-1,1,535.4479571473,-453.5237895179,-453.5237895179,0.1428571,7,7,0.49899058571428571,0.498990585714,-1.884484886978507,-1.8844848869769975,-1.884484886978507,2.8571E-13,SENTINEL_DEALER,R03b_20260811_FULL_v1,L1_ELIGIBILITY,v2026-08-11,2026-03-21..2026-08-06,baccarat_bet02_101_all_pairs_incl_sentinel,round_win = game_pnl > 0 (decisive only),COMPATIBILITY_ONLY_NOT_PRODUCTION,11126.3988,10084.2693,-62.0298,214,214,0.00557501,-0.11796086,0.09697932,0.00557501,62.0298,11126.3988,OK,0.0000,-2.4812,4.0000,96.0000,AG03-UNRESOLVED,ALL5_LEVELS_bet23_to_bet27,-2.4812,-2.4812,-3.1015,0.0000,0.0000,4.000000,4.000000,5.000000,0.000000,0.000000,96.000000,96.000000,95.000000,100.000000,100.000000,5.0,-8.0639,-7.7215,-53.9659,-54.3083,PENDING_AG03,FALSE,NOT_FOR_ENFORCEMENT,-59.5486,9680.8986,-62.0298,-59.5486,-2.4812,-0.00557501,-0.00535201,-2.4812,-59.5486,-0.00535201,-2.4812,-2.4812,-3.1015,0.0000,0.0000,-59.5486,-0.00535201,-8.0639,-7.7215,-53.9659,-54.3083,-0.00485026,-0.00488103,-0.00022300,51.9925,47.1228,-0.2899,-1.9384,-0.4191,347.7000,6.6875,43.0141,61.4889,24.1571,40.8781,67.4636,105.4118,121.1347,160.9159,40.8781,0.0,2.963317,3.936485,1.271893,29,72,52,2,0.42525465,-0.00557501,0.11796086,0E-8,0.000000,0.906337,0.000000,-0.21494018,2026-04-26,2026-08-06,32,148,142,103,0.310680,0.699543,0.827314,1.417515,,,,,,,,GLOBAL_BASELINE_NO_ENTITY_RANKING,,,NOT_APPLICABLE_GLOBAL_BASELINE,HF9g-P5,,,,X 全窗基线 · 不参与实体赏罚,3923765,393,A168_HF9F_20260827_0900,2026-08-27 09:00:00
2026-05-05,134737460,1205,0,159.8571578616,0E-10,0E-10,,1,1,0.50665070000000000,0.506650700000,,,,0E-17,NO_DECISIVE_ROUND,R03b_20260811_FULL_v1,L1_ELIGIBILITY,v2026-08-11,2026-03-21..2026-08-06,baccarat_bet02_101_all_pairs_incl_sentinel,round_win = game_pnl > 0 (decisive only),COMPATIBILITY_ONLY_NOT_PRODUCTION,11126.3988,10084.2693,-62.0298,214,214,0.00557501,-0.11796086,0.09697932,0.00557501,62.0298,11126.3988,OK,0.0000,-2.4812,4.0000,96.0000,AG03-UNRESOLVED,ALL5_LEVELS_bet23_to_bet27,-2.4812,-2.4812,-3.1015,0.0000,0.0000,4.000000,4.000000,5.000000,0.000000,0.000000,96.000000,96.000000,95.000000,100.000000,100.000000,5.0,-8.0639,-7.7215,-53.9659,-54.3083,PENDING_AG03,FALSE,NOT_FOR_ENFORCEMENT,-59.5486,9680.8986,-62.0298,-59.5486,-2.4812,-0.00557501,-0.00535201,-2.4812,-59.5486,-0.00535201,-2.4812,-2.4812,-3.1015,0.0000,0.0000,-59.5486,-0.00535201,-8.0639,-7.7215,-53.9659,-54.3083,-0.00485026,-0.00488103,-0.00022300,51.9925,47.1228,-0.2899,-1.9384,-0.4191,347.7000,6.6875,43.0141,61.4889,24.1571,40.8781,67.4636,105.4118,121.1347,160.9159,40.8781,0.0,2.963317,3.936485,1.271893,29,72,52,2,0.42525465,-0.00557501,0.11796086,0E-8,0.000000,0.906337,0.000000,-0.21494018,2026-04-26,2026-08-06,32,148,142,103,0.310680,0.699543,0.827314,1.417515,,,,,,,,GLOBAL_BASELINE_NO_ENTITY_RANKING,,,NOT_APPLICABLE_GLOBAL_BASELINE,HF9g-P5,,,,X 全窗基线 · 不参与实体赏罚,3923766,393,A168_HF9F_20260827_0900,2026-08-27 09:00:00
2026-05-05,134737460,1401,0,123.9365612856,117.7397332213,117.7397332213,1.0000000,2,2,0.50665070000000000,0.506650700000,1.3955260008387969,1.3955260008387969,1.3955260008387969,0E-17,ELIGIBLE,R03b_20260811_FULL_v1,L1_ELIGIBILITY,v2026-08-11,2026-03-21..2026-08-06,baccarat_bet02_101_all_pairs_incl_sentinel,round_win = game_pnl > 0 (decisive only),COMPATIBILITY_ONLY_NOT_PRODUCTION,11126.3988,10084.2693,-62.0298,214,214,0.00557501,-0.11796086,0.09697932,0.00557501,62.0298,11126.3988,OK,0.0000,-2.4812,4.0000,96.0000,AG03-UNRESOLVED,ALL5_LEVELS_bet23_to_bet27,-2.4812,-2.4812,-3.1015,0.0000,0.0000,4.000000,4.000000,5.000000,0.000000,0.000000,96.000000,96.000000,95.000000,100.000000,100.000000,5.0,-8.0639,-7.7215,-53.9659,-54.3083,PENDING_AG03,FALSE,NOT_FOR_ENFORCEMENT,-59.5486,9680.8986,-62.0298,-59.5486,-2.4812,-0.00557501,-0.00535201,-2.4812,-59.5486,-0.00535201,-2.4812,-2.4812,-3.1015,0.0000,0.0000,-59.5486,-0.00535201,-8.0639,-7.7215,-53.9659,-54.3083,-0.00485026,-0.00488103,-0.00022300,51.9925,47.1228,-0.2899,-1.9384,-0.4191,347.7000,6.6875,43.0141,61.4889,24.1571,40.8781,67.4636,105.4118,121.1347,160.9159,40.8781,0.0,2.963317,3.936485,1.271893,29,72,52,2,0.42525465,-0.00557501,0.11796086,0E-8,0.000000,0.906337,0.000000,-0.21494018,2026-04-26,2026-08-06,32,148,142,103,0.310680,0.699543,0.827314,1.417515,,,,,,,,GLOBAL_BASELINE_NO_ENTITY_RANKING,,,NOT_APPLICABLE_GLOBAL_BASELINE,HF9g-P5,,,,X 全窗基线 · 不参与实体赏罚,3923767,393,A168_HF9F_20260827_0900,2026-08-27 09:00:00
2026-05-05,134737460,1490,0,84.4449112489,84.4449112489,84.4449112489,1.0000000,2,2,0.49324550000000000,0.493245500000,1.4334489766152358,1.4334489766152358,1.4334489766152358,0E-17,ELIGIBLE,R03b_20260811_FULL_v1,L1_ELIGIBILITY,v2026-08-11,2026-03-21..2026-08-06,baccarat_bet02_101_all_pairs_incl_sentinel,round_win = game_pnl > 0 (decisive only),COMPATIBILITY_ONLY_NOT_PRODUCTION,11126.3988,10084.2693,-62.0298,214,214,0.00557501,-0.11796086,0.09697932,0.00557501,62.0298,11126.3988,OK,0.0000,-2.4812,4.0000,96.0000,AG03-UNRESOLVED,ALL5_LEVELS_bet23_to_bet27,-2.4812,-2.4812,-3.1015,0.0000,0.0000,4.000000,4.000000,5.000000,0.000000,0.000000,96.000000,96.000000,95.000000,100.000000,100.000000,5.0,-8.0639,-7.7215,-53.9659,-54.3083,PENDING_AG03,FALSE,NOT_FOR_ENFORCEMENT,-59.5486,9680.8986,-62.0298,-59.5486,-2.4812,-0.00557501,-0.00535201,-2.4812,-59.5486,-0.00535201,-2.4812,-2.4812,-3.1015,0.0000,0.0000,-59.5486,-0.00535201,-8.0639,-7.7215,-53.9659,-54.3083,-0.00485026,-0.00488103,-0.00022300,51.9925,47.1228,-0.2899,-1.9384,-0.4191,347.7000,6.6875,43.0141,61.4889,24.1571,40.8781,67.4636,105.4118,121.1347,160.9159,40.8781,0.0,2.963317,3.936485,1.271893,29,72,52,2,0.42525465,-0.00557501,0.11796086,0E-8,0.000000,0.906337,0.000000,-0.21494018,2026-04-26,2026-08-06,32,148,142,103,0.310680,0.699543,0.827314,1.417515,,,,,,,,GLOBAL_BASELINE_NO_ENTITY_RANKING,,,NOT_APPLICABLE_GLOBAL_BASELINE,HF9g-P5,,,,X 全窗基线 · 不参与实体赏罚,3923768,393,A168_HF9F_20260827_0900,2026-08-27 09:00:00
2026-05-05,134737460,2171,0,40.7520218464,40.7520218464,40.7520218464,1.0000000,1,1,0.49324550000000000,0.493245500000,1.01360149184955,1.01360149184955,1.01360149184955,0E-17,ELIGIBLE,R03b_20260811_FULL_v1,L1_ELIGIBILITY,v2026-08-11,2026-03-21..2026-08-06,baccarat_bet02_101_all_pairs_incl_sentinel,round_win = game_pnl > 0 (decisive only),COMPATIBILITY_ONLY_NOT_PRODUCTION,11126.3988,10084.2693,-62.0298,214,214,0.00557501,-0.11796086,0.09697932,0.00557501,62.0298,11126.3988,OK,0.0000,-2.4812,4.0000,96.0000,AG03-UNRESOLVED,ALL5_LEVELS_bet23_to_bet27,-2.4812,-2.4812,-3.1015,0.0000,0.0000,4.000000,4.000000,5.000000,0.000000,0.000000,96.000000,96.000000,95.000000,100.000000,100.000000,5.0,-8.0639,-7.7215,-53.9659,-54.3083,PENDING_AG03,FALSE,NOT_FOR_ENFORCEMENT,-59.5486,9680.8986,-62.0298,-59.5486,-2.4812,-0.00557501,-0.00535201,-2.4812,-59.5486,-0.00535201,-2.4812,-2.4812,-3.1015,0.0000,0.0000,-59.5486,-0.00535201,-8.0639,-7.7215,-53.9659,-54.3083,-0.00485026,-0.00488103,-0.00022300,51.9925,47.1228,-0.2899,-1.9384,-0.4191,347.7000,6.6875,43.0141,61.4889,24.1571,40.8781,67.4636,105.4118,121.1347,160.9159,40.8781,0.0,2.963317,3.936485,1.271893,29,72,52,2,0.42525465,-0.00557501,0.11796086,0E-8,0.000000,0.906337,0.000000,-0.21494018,2026-04-26,2026-08-06,32,148,142,103,0.310680,0.699543,0.827314,1.417515,,,,,,,,GLOBAL_BASELINE_NO_ENTITY_RANKING,,,NOT_APPLICABLE_GLOBAL_BASELINE,HF9g-P5,,,,X 全窗基线 · 不参与实体赏罚,3923769,393,A168_HF9F_20260827_0900,2026-08-27 09:00:00
2026-05-05,134737460,2254,0,159.8571578616,0E-10,0E-10,,1,1,0.49324550000000000,0.493245500000,,,,0E-17,NO_DECISIVE_ROUND,R03b_20260811_FULL_v1,L1_ELIGIBILITY,v2026-08-11,2026-03-21..2026-08-06,baccarat_bet02_101_all_pairs_incl_sentinel,round_win = game_pnl > 0 (decisive only),COMPATIBILITY_ONLY_NOT_PRODUCTION,11126.3988,10084.2693,-62.0298,214,214,0.00557501,-0.11796086,0.09697932,0.00557501,62.0298,11126.3988,OK,0.0000,-2.4812,4.0000,96.0000,AG03-UNRESOLVED,ALL5_LEVELS_bet23_to_bet27,-2.4812,-2.4812,-3.1015,0.0000,0.0000,4.000000,4.000000,5.000000,0.000000,0.000000,96.000000,96.000000,95.000000,100.000000,100.000000,5.0,-8.0639,-7.7215,-53.9659,-54.3083,PENDING_AG03,FALSE,NOT_FOR_ENFORCEMENT,-59.5486,9680.8986,-62.0298,-59.5486,-2.4812,-0.00557501,-0.00535201,-2.4812,-59.5486,-0.00535201,-2.4812,-2.4812,-3.1015,0.0000,0.0000,-59.5486,-0.00535201,-8.0639,-7.7215,-53.9659,-54.3083,-0.00485026,-0.00488103,-0.00022300,51.9925,47.1228,-0.2899,-1.9384,-0.4191,347.7000,6.6875,43.0141,61.4889,24.1571,40.8781,67.4636,105.4118,121.1347,160.9159,40.8781,0.0,2.963317,3.936485,1.271893,29,72,52,2,0.42525465,-0.00557501,0.11796086,0E-8,0.000000,0.906337,0.000000,-0.21494018,2026-04-26,2026-08-06,32,148,142,103,0.310680,0.699543,0.827314,1.417515,,,,,,,,GLOBAL_BASELINE_NO_ENTITY_RANKING,,,NOT_APPLICABLE_GLOBAL_BASELINE,HF9g-P5,,,,X 全窗基线 · 不参与实体赏罚,3923770,393,A168_HF9F_20260827_0900,2026-08-27 09:00:00
2026-05-10,134737460,-1,1,151.2446171621,-109.2322235059,-109.2322235059,0.3333333,3,3,0.49324550000000000,0.493245500000,-0.5540025479526107,-0.5540025479526106,-0.5540025479526107,0E-17,SENTINEL_DEALER,R03b_20260811_FULL_v1,L1_ELIGIBILITY,v2026-08-11,2026-03-21..2026-08-06,baccarat_bet02_101_all_pairs_incl_sentinel,round_win = game_pnl > 0 (decisive only),COMPATIBILITY_ONLY_NOT_PRODUCTION,11126.3988,10084.2693,-62.0298,214,214,0.00557501,-0.11796086,0.09697932,0.00557501,62.0298,11126.3988,OK,0.0000,-2.4812,4.0000,96.0000,AG03-UNRESOLVED,ALL5_LEVELS_bet23_to_bet27,-2.4812,-2.4812,-3.1015,0.0000,0.0000,4.000000,4.000000,5.000000,0.000000,0.000000,96.000000,96.000000,95.000000,100.000000,100.000000,5.0,-8.0639,-7.7215,-53.9659,-54.3083,PENDING_AG03,FALSE,NOT_FOR_ENFORCEMENT,-59.5486,9680.8986,-62.0298,-59.5486,-2.4812,-0.00557501,-0.00535201,-2.4812,-59.5486,-0.00535201,-2.4812,-2.4812,-3.1015,0.0000,0.0000,-59.5486,-0.00535201,-8.0639,-7.7215,-53.9659,-54.3083,-0.00485026,-0.00488103,-0.00022300,51.9925,47.1228,-0.2899,-1.9384,-0.4191,347.7000,6.6875,43.0141,61.4889,24.1571,40.8781,67.4636,105.4118,121.1347,160.9159,40.8781,0.0,2.963317,3.936485,1.271893,29,72,52,2,0.42525465,-0.00557501,0.11796086,0E-8,0.000000,0.906337,0.000000,-0.21494018,2026-04-26,2026-08-06,32,148,142,103,0.310680,0.699543,0.827314,1.417515,,,,,,,,GLOBAL_BASELINE_NO_ENTITY_RANKING,,,NOT_APPLICABLE_GLOBAL_BASELINE,HF9g-P5,,,,X 全窗基线 · 不参与实体赏罚,3923771,393,A168_HF9F_20260827_0900,2026-08-27 09:00:00
2026-05-13,134737460,-1,1,210.0619682807,-84.0247873123,-84.0247873123,0.4000000,5,5,0.49860758000000000,0.498607580000,-0.440988213962219,-0.440988213962219,-0.440988213962219,0E-17,SENTINEL_DEALER,R03b_20260811_FULL_v1,L1_ELIGIBILITY,v2026-08-11,2026-03-21..2026-08-06,baccarat_bet02_101_all_pairs_incl_sentinel,round_win = game_pnl > 0 (decisive only),COMPATIBILITY_ONLY_NOT_PRODUCTION,11126.3988,10084.2693,-62.0298,214,214,0.00557501,-0.11796086,0.09697932,0.00557501,62.0298,11126.3988,OK,0.0000,-2.4812,4.0000,96.0000,AG03-UNRESOLVED,ALL5_LEVELS_bet23_to_bet27,-2.4812,-2.4812,-3.1015,0.0000,0.0000,4.000000,4.000000,5.000000,0.000000,0.000000,96.000000,96.000000,95.000000,100.000000,100.000000,5.0,-8.0639,-7.7215,-53.9659,-54.3083,PENDING_AG03,FALSE,NOT_FOR_ENFORCEMENT,-59.5486,9680.8986,-62.0298,-59.5486,-2.4812,-0.00557501,-0.00535201,-2.4812,-59.5486,-0.00535201,-2.4812,-2.4812,-3.1015,0.0000,0.0000,-59.5486,-0.00535201,-8.0639,-7.7215,-53.9659,-54.3083,-0.00485026,-0.00488103,-0.00022300,51.9925,47.1228,-0.2899,-1.9384,-0.4191,347.7000,6.6875,43.0141,61.4889,24.1571,40.8781,67.4636,105.4118,121.1347,160.9159,40.8781,0.0,2.963317,3.936485,1.271893,29,72,52,2,0.42525465,-0.00557501,0.11796086,0E-8,0.000000,0.906337,0.000000,-0.21494018,2026-04-26,2026-08-06,32,148,142,103,0.310680,0.699543,0.827314,1.417515,,,,,,,,GLOBAL_BASELINE_NO_ENTITY_RANKING,,,NOT_APPLICABLE_GLOBAL_BASELINE,HF9g-P5,,,,X 全窗基线 · 不参与实体赏罚,3923772,393,A168_HF9F_20260827_0900,2026-08-27 09:00:00
2026-05-13,134737460,1505,0,61.9682806428,-21.0061968280,-21.0061968280,0.5000000,2,2,0.50665070000000000,0.506650700000,-0.018812684590367487,-0.018812684590367487,-0.018812684590367487,0E-17,ELIGIBLE,R03b_20260811_FULL_v1,L1_ELIGIBILITY,v2026-08-11,2026-03-21..2026-08-06,baccarat_bet02_101_all_pairs_incl_sentinel,round_win = game_pnl > 0 (decisive only),COMPATIBILITY_ONLY_NOT_PRODUCTION,11126.3988,10084.2693,-62.0298,214,214,0.00557501,-0.11796086,0.09697932,0.00557501,62.0298,11126.3988,OK,0.0000,-2.4812,4.0000,96.0000,AG03-UNRESOLVED,ALL5_LEVELS_bet23_to_bet27,-2.4812,-2.4812,-3.1015,0.0000,0.0000,4.000000,4.000000,5.000000,0.000000,0.000000,96.000000,96.000000,95.000000,100.000000,100.000000,5.0,-8.0639,-7.7215,-53.9659,-54.3083,PENDING_AG03,FALSE,NOT_FOR_ENFORCEMENT,-59.5486,9680.8986,-62.0298,-59.5486,-2.4812,-0.00557501,-0.00535201,-2.4812,-59.5486,-0.00535201,-2.4812,-2.4812,-3.1015,0.0000,0.0000,-59.5486,-0.00535201,-8.0639,-7.7215,-53.9659,-54.3083,-0.00485026,-0.00488103,-0.00022300,51.9925,47.1228,-0.2899,-1.9384,-0.4191,347.7000,6.6875,43.0141,61.4889,24.1571,40.8781,67.4636,105.4118,121.1347,160.9159,40.8781,0.0,2.963317,3.936485,1.271893,29,72,52,2,0.42525465,-0.00557501,0.11796086,0E-8,0.000000,0.906337,0.000000,-0.21494018,2026-04-26,2026-08-06,32,148,142,103,0.310680,0.699543,0.827314,1.417515,,,,,,,,GLOBAL_BASELINE_NO_ENTITY_RANKING,,,NOT_APPLICABLE_GLOBAL_BASELINE,HF9g-P5,,,,X 全窗基线 · 不参与实体赏罚,3923773,393,A168_HF9F_20260827_0900,2026-08-27 09:00:00
2026-05-14,134737460,-1,1,21.0061968281,-21.0061968281,-21.0061968281,0E-7,1,1,0.49324550000000000,0.493245500000,-0.9865810262130424,-0.9865810262130424,-0.9865810262130424,0E-17,SENTINEL_DEALER,R03b_20260811_FULL_v1,L1_ELIGIBILITY,v2026-08-11,2026-03-21..2026-08-06,baccarat_bet02_101_all_pairs_incl_sentinel,round_win = game_pnl > 0 (decisive only),COMPATIBILITY_ONLY_NOT_PRODUCTION,11126.3988,10084.2693,-62.0298,214,214,0.00557501,-0.11796086,0.09697932,0.00557501,62.0298,11126.3988,OK,0.0000,-2.4812,4.0000,96.0000,AG03-UNRESOLVED,ALL5_LEVELS_bet23_to_bet27,-2.4812,-2.4812,-3.1015,0.0000,0.0000,4.000000,4.000000,5.000000,0.000000,0.000000,96.000000,96.000000,95.000000,100.000000,100.000000,5.0,-8.0639,-7.7215,-53.9659,-54.3083,PENDING_AG03,FALSE,NOT_FOR_ENFORCEMENT,-59.5486,9680.8986,-62.0298,-59.5486,-2.4812,-0.00557501,-0.00535201,-2.4812,-59.5486,-0.00535201,-2.4812,-2.4812,-3.1015,0.0000,0.0000,-59.5486,-0.00535201,-8.0639,-7.7215,-53.9659,-54.3083,-0.00485026,-0.00488103,-0.00022300,51.9925,47.1228,-0.2899,-1.9384,-0.4191,347.7000,6.6875,43.0141,61.4889,24.1571,40.8781,67.4636,105.4118,121.1347,160.9159,40.8781,0.0,2.963317,3.936485,1.271893,29,72,52,2,0.42525465,-0.00557501,0.11796086,0E-8,0.000000,0.906337,0.000000,-0.21494018,2026-04-26,2026-08-06,32,148,142,103,0.310680,0.699543,0.827314,1.417515,,,,,,,,GLOBAL_BASELINE_NO_ENTITY_RANKING,,,NOT_APPLICABLE_GLOBAL_BASELINE,HF9g-P5,,,,X 全窗基线 · 不参与实体赏罚,3923774,393,A168_HF9F_20260827_0900,2026-08-27 09:00:00
2026-05-20,134737460,-1,1,85.7052830585,83.5206385884,83.5206385884,1.0000000,2,2,0.49994810000000000,0.499948100000,1.4143603653603398,1.4143603653603398,1.4143603653603398,0E-17,SENTINEL_DEALER,R03b_20260811_FULL_v1,L1_ELIGIBILITY,v2026-08-11,2026-03-21..2026-08-06,baccarat_bet02_101_all_pairs_incl_sentinel,round_win = game_pnl > 0 (decisive only),COMPATIBILITY_ONLY_NOT_PRODUCTION,11126.3988,10084.2693,-62.0298,214,214,0.00557501,-0.11796086,0.09697932,0.00557501,62.0298,11126.3988,OK,0.0000,-2.4812,4.0000,96.0000,AG03-UNRESOLVED,ALL5_LEVELS_bet23_to_bet27,-2.4812,-2.4812,-3.1015,0.0000,0.0000,4.000000,4.000000,5.000000,0.000000,0.000000,96.000000,96.000000,95.000000,100.000000,100.000000,5.0,-8.0639,-7.7215,-53.9659,-54.3083,PENDING_AG03,FALSE,NOT_FOR_ENFORCEMENT,-59.5486,9680.8986,-62.0298,-59.5486,-2.4812,-0.00557501,-0.00535201,-2.4812,-59.5486,-0.00535201,-2.4812,-2.4812,-3.1015,0.0000,0.0000,-59.5486,-0.00535201,-8.0639,-7.7215,-53.9659,-54.3083,-0.00485026,-0.00488103,-0.00022300,51.9925,47.1228,-0.2899,-1.9384,-0.4191,347.7000,6.6875,43.0141,61.4889,24.1571,40.8781,67.4636,105.4118,121.1347,160.9159,40.8781,0.0,2.963317,3.936485,1.271893,29,72,52,2,0.42525465,-0.00557501,0.11796086,0E-8,0.000000,0.906337,0.000000,-0.21494018,2026-04-26,2026-08-06,32,148,142,103,0.310680,0.699543,0.827314,1.417515,,,,,,,,GLOBAL_BASELINE_NO_ENTITY_RANKING,,,NOT_APPLICABLE_GLOBAL_BASELINE,HF9g-P5,,,,X 全窗基线 · 不参与实体赏罚,3923775,393,A168_HF9F_20260827_0900,2026-08-27 09:00:00
2026-05-20,134737460,1353,0,21.0061968281,19.9558869867,19.9558869867,1.0000000,1,1,0.50665070000000000,0.506650700000,0.9867858985152569,0.9867858985152569,0.9867858985152569,0E-17,ELIGIBLE,R03b_20260811_FULL_v1,L1_ELIGIBILITY,v2026-08-11,2026-03-21..2026-08-06,baccarat_bet02_101_all_pairs_incl_sentinel,round_win = game_pnl > 0 (decisive only),COMPATIBILITY_ONLY_NOT_PRODUCTION,11126.3988,10084.2693,-62.0298,214,214,0.00557501,-0.11796086,0.09697932,0.00557501,62.0298,11126.3988,OK,0.0000,-2.4812,4.0000,96.0000,AG03-UNRESOLVED,ALL5_LEVELS_bet23_to_bet27,-2.4812,-2.4812,-3.1015,0.0000,0.0000,4.000000,4.000000,5.000000,0.000000,0.000000,96.000000,96.000000,95.000000,100.000000,100.000000,5.0,-8.0639,-7.7215,-53.9659,-54.3083,PENDING_AG03,FALSE,NOT_FOR_ENFORCEMENT,-59.5486,9680.8986,-62.0298,-59.5486,-2.4812,-0.00557501,-0.00535201,-2.4812,-59.5486,-0.00535201,-2.4812,-2.4812,-3.1015,0.0000,0.0000,-59.5486,-0.00535201,-8.0639,-7.7215,-53.9659,-54.3083,-0.00485026,-0.00488103,-0.00022300,51.9925,47.1228,-0.2899,-1.9384,-0.4191,347.7000,6.6875,43.0141,61.4889,24.1571,40.8781,67.4636,105.4118,121.1347,160.9159,40.8781,0.0,2.963317,3.936485,1.271893,29,72,52,2,0.42525465,-0.00557501,0.11796086,0E-8,0.000000,0.906337,0.000000,-0.21494018,2026-04-26,2026-08-06,32,148,142,103,0.310680,0.699543,0.827314,1.417515,,,,,,,,GLOBAL_BASELINE_NO_ENTITY_RANKING,,,NOT_APPLICABLE_GLOBAL_BASELINE,HF9g-P5,,,,X 全窗基线 · 不参与实体赏罚,3923776,393,A168_HF9F_20260827_0900,2026-08-27 09:00:00
2026-05-20,134737460,2127,0,42.0123936561,39.9117739733,39.9117739733,1.0000000,1,1,0.50665070000000000,0.506650700000,0.9867858985152569,0.9867858985152569,0.9867858985152569,0E-17,ELIGIBLE,R03b_20260811_FULL_v1,L1_ELIGIBILITY,v2026-08-11,2026-03-21..2026-08-06,baccarat_bet02_101_all_pairs_incl_sentinel,round_win = game_pnl > 0 (decisive only),COMPATIBILITY_ONLY_NOT_PRODUCTION,11126.3988,10084.2693,-62.0298,214,214,0.00557501,-0.11796086,0.09697932,0.00557501,62.0298,11126.3988,OK,0.0000,-2.4812,4.0000,96.0000,AG03-UNRESOLVED,ALL5_LEVELS_bet23_to_bet27,-2.4812,-2.4812,-3.1015,0.0000,0.0000,4.000000,4.000000,5.000000,0.000000,0.000000,96.000000,96.000000,95.000000,100.000000,100.000000,5.0,-8.0639,-7.7215,-53.9659,-54.3083,PENDING_AG03,FALSE,NOT_FOR_ENFORCEMENT,-59.5486,9680.8986,-62.0298,-59.5486,-2.4812,-0.00557501,-0.00535201,-2.4812,-59.5486,-0.00535201,-2.4812,-2.4812,-3.1015,0.0000,0.0000,-59.5486,-0.00535201,-8.0639,-7.7215,-53.9659,-54.3083,-0.00485026,-0.00488103,-0.00022300,51.9925,47.1228,-0.2899,-1.9384,-0.4191,347.7000,6.6875,43.0141,61.4889,24.1571,40.8781,67.4636,105.4118,121.1347,160.9159,40.8781,0.0,2.963317,3.936485,1.271893,29,72,52,2,0.42525465,-0.00557501,0.11796086,0E-8,0.000000,0.906337,0.000000,-0.21494018,2026-04-26,2026-08-06,32,148,142,103,0.310680,0.699543,0.827314,1.417515,,,,,,,,GLOBAL_BASELINE_NO_ENTITY_RANKING,,,NOT_APPLICABLE_GLOBAL_BASELINE,HF9g-P5,,,,X 全窗基线 · 不参与实体赏罚,3923777,393,A168_HF9F_20260827_0900,2026-08-27 09:00:00
2026-05-22,134737460,-1,1,139.2710849701,91.3454469068,91.3454469068,0.8000000,5,5,0.50665070000000000,0.506650700000,1.3120140225494112,1.3120140225494112,1.3120140225494112,0E-17,SENTINEL_DEALER,R03b_20260811_FULL_v1,L1_ELIGIBILITY,v2026-08-11,2026-03-21..2026-08-06,baccarat_bet02_101_all_pairs_incl_sentinel,round_win = game_pnl > 0 (decisive only),COMPATIBILITY_ONLY_NOT_PRODUCTION,11126.3988,10084.2693,-62.0298,214,214,0.00557501,-0.11796086,0.09697932,0.00557501,62.0298,11126.3988,OK,0.0000,-2.4812,4.0000,96.0000,AG03-UNRESOLVED,ALL5_LEVELS_bet23_to_bet27,-2.4812,-2.4812,-3.1015,0.0000,0.0000,4.000000,4.000000,5.000000,0.000000,0.000000,96.000000,96.000000,95.000000,100.000000,100.000000,5.0,-8.0639,-7.7215,-53.9659,-54.3083,PENDING_AG03,FALSE,NOT_FOR_ENFORCEMENT,-59.5486,9680.8986,-62.0298,-59.5486,-2.4812,-0.00557501,-0.00535201,-2.4812,-59.5486,-0.00535201,-2.4812,-2.4812,-3.1015,0.0000,0.0000,-59.5486,-0.00535201,-8.0639,-7.7215,-53.9659,-54.3083,-0.00485026,-0.00488103,-0.00022300,51.9925,47.1228,-0.2899,-1.9384,-0.4191,347.7000,6.6875,43.0141,61.4889,24.1571,40.8781,67.4636,105.4118,121.1347,160.9159,40.8781,0.0,2.963317,3.936485,1.271893,29,72,52,2,0.42525465,-0.00557501,0.11796086,0E-8,0.000000,0.906337,0.000000,-0.21494018,2026-04-26,2026-08-06,32,148,142,103,0.310680,0.699543,0.827314,1.417515,,,,,,,,GLOBAL_BASELINE_NO_ENTITY_RANKING,,,NOT_APPLICABLE_GLOBAL_BASELINE,HF9g-P5,,,,X 全窗基线 · 不参与实体赏罚,3923778,393,A168_HF9F_20260827_0900,2026-08-27 09:00:00
2026-05-22,134737460,1966,0,21.2162587963,-21.2162587963,-21.2162587963,0E-7,1,1,0.49324550000000000,0.493245500000,-0.9865810262130424,-0.9865810262130424,-0.9865810262130424,0E-17,ELIGIBLE,R03b_20260811_FULL_v1,L1_ELIGIBILITY,v2026-08-11,2026-03-21..2026-08-06,baccarat_bet02_101_all_pairs_incl_sentinel,round_win = game_pnl > 0 (decisive only),COMPATIBILITY_ONLY_NOT_PRODUCTION,11126.3988,10084.2693,-62.0298,214,214,0.00557501,-0.11796086,0.09697932,0.00557501,62.0298,11126.3988,OK,0.0000,-2.4812,4.0000,96.0000,AG03-UNRESOLVED,ALL5_LEVELS_bet23_to_bet27,-2.4812,-2.4812,-3.1015,0.0000,0.0000,4.000000,4.000000,5.000000,0.000000,0.000000,96.000000,96.000000,95.000000,100.000000,100.000000,5.0,-8.0639,-7.7215,-53.9659,-54.3083,PENDING_AG03,FALSE,NOT_FOR_ENFORCEMENT,-59.5486,9680.8986,-62.0298,-59.5486,-2.4812,-0.00557501,-0.00535201,-2.4812,-59.5486,-0.00535201,-2.4812,-2.4812,-3.1015,0.0000,0.0000,-59.5486,-0.00535201,-8.0639,-7.7215,-53.9659,-54.3083,-0.00485026,-0.00488103,-0.00022300,51.9925,47.1228,-0.2899,-1.9384,-0.4191,347.7000,6.6875,43.0141,61.4889,24.1571,40.8781,67.4636,105.4118,121.1347,160.9159,40.8781,0.0,2.963317,3.936485,1.271893,29,72,52,2,0.42525465,-0.00557501,0.11796086,0E-8,0.000000,0.906337,0.000000,-0.21494018,2026-04-26,2026-08-06,32,148,142,103,0.310680,0.699543,0.827314,1.417515,,,,,,,,GLOBAL_BASELINE_NO_ENTITY_RANKING,,,NOT_APPLICABLE_GLOBAL_BASELINE,HF9g-P5,,,,X 全窗基线 · 不参与实体赏罚,3923779,393,A168_HF9F_20260827_0900,2026-08-27 09:00:00
2026-05-26,134737460,-1,1,23.7370024157,23.7370024157,23.7370024157,1.0000000,1,1,0.49324550000000000,0.493245500000,1.01360149184955,1.01360149184955,1.01360149184955,0E-17,SENTINEL_DEALER,R03b_20260811_FULL_v1,L1_ELIGIBILITY,v2026-08-11,2026-03-21..2026-08-06,baccarat_bet02_101_all_pairs_incl_sentinel,round_win = game_pnl > 0 (decisive only),COMPATIBILITY_ONLY_NOT_PRODUCTION,11126.3988,10084.2693,-62.0298,214,214,0.00557501,-0.11796086,0.09697932,0.00557501,62.0298,11126.3988,OK,0.0000,-2.4812,4.0000,96.0000,AG03-UNRESOLVED,ALL5_LEVELS_bet23_to_bet27,-2.4812,-2.4812,-3.1015,0.0000,0.0000,4.000000,4.000000,5.000000,0.000000,0.000000,96.000000,96.000000,95.000000,100.000000,100.000000,5.0,-8.0639,-7.7215,-53.9659,-54.3083,PENDING_AG03,FALSE,NOT_FOR_ENFORCEMENT,-59.5486,9680.8986,-62.0298,-59.5486,-2.4812,-0.00557501,-0.00535201,-2.4812,-59.5486,-0.00535201,-2.4812,-2.4812,-3.1015,0.0000,0.0000,-59.5486,-0.00535201,-8.0639,-7.7215,-53.9659,-54.3083,-0.00485026,-0.00488103,-0.00022300,51.9925,47.1228,-0.2899,-1.9384,-0.4191,347.7000,6.6875,43.0141,61.4889,24.1571,40.8781,67.4636,105.4118,121.1347,160.9159,40.8781,0.0,2.963317,3.936485,1.271893,29,72,52,2,0.42525465,-0.00557501,0.11796086,0E-8,0.000000,0.906337,0.000000,-0.21494018,2026-04-26,2026-08-06,32,148,142,103,0.310680,0.699543,0.827314,1.417515,,,,,,,,GLOBAL_BASELINE_NO_ENTITY_RANKING,,,NOT_APPLICABLE_GLOBAL_BASELINE,HF9g-P5,,,,X 全窗基线 · 不参与实体赏罚,3923780,393,A168_HF9F_20260827_0900,2026-08-27 09:00:00
2026-05-26,134737460,1109,0,23.7370024157,0E-10,0E-10,,1,1,0.50665070000000000,0.506650700000,,,,0E-17,NO_DECISIVE_ROUND,R03b_20260811_FULL_v1,L1_ELIGIBILITY,v2026-08-11,2026-03-21..2026-08-06,baccarat_bet02_101_all_pairs_incl_sentinel,round_win = game_pnl > 0 (decisive only),COMPATIBILITY_ONLY_NOT_PRODUCTION,11126.3988,10084.2693,-62.0298,214,214,0.00557501,-0.11796086,0.09697932,0.00557501,62.0298,11126.3988,OK,0.0000,-2.4812,4.0000,96.0000,AG03-UNRESOLVED,ALL5_LEVELS_bet23_to_bet27,-2.4812,-2.4812,-3.1015,0.0000,0.0000,4.000000,4.000000,5.000000,0.000000,0.000000,96.000000,96.000000,95.000000,100.000000,100.000000,5.0,-8.0639,-7.7215,-53.9659,-54.3083,PENDING_AG03,FALSE,NOT_FOR_ENFORCEMENT,-59.5486,9680.8986,-62.0298,-59.5486,-2.4812,-0.00557501,-0.00535201,-2.4812,-59.5486,-0.00535201,-2.4812,-2.4812,-3.1015,0.0000,0.0000,-59.5486,-0.00535201,-8.0639,-7.7215,-53.9659,-54.3083,-0.00485026,-0.00488103,-0.00022300,51.9925,47.1228,-0.2899,-1.9384,-0.4191,347.7000,6.6875,43.0141,61.4889,24.1571,40.8781,67.4636,105.4118,121.1347,160.9159,40.8781,0.0,2.963317,3.936485,1.271893,29,72,52,2,0.42525465,-0.00557501,0.11796086,0E-8,0.000000,0.906337,0.000000,-0.21494018,2026-04-26,2026-08-06,32,148,142,103,0.310680,0.699543,0.827314,1.417515,,,,,,,,GLOBAL_BASELINE_NO_ENTITY_RANKING,,,NOT_APPLICABLE_GLOBAL_BASELINE,HF9g-P5,,,,X 全窗基线 · 不参与实体赏罚,3923781,393,A168_HF9F_20260827_0900,2026-08-27 09:00:00
2026-07-08,134737460,-1,1,124.2693046642,-48.6448922863,-48.6448922863,0E-7,5,5,0.50128862000000000,0.501288620000,-1.417863038983252,-1.417863038983252,-1.417863038983252,0E-17,SENTINEL_DEALER,R03b_20260811_FULL_v1,L1_ELIGIBILITY,v2026-08-11,2026-03-21..2026-08-06,baccarat_bet02_101_all_pairs_incl_sentinel,round_win = game_pnl > 0 (decisive only),COMPATIBILITY_ONLY_NOT_PRODUCTION,11126.3988,10084.2693,-62.0298,214,214,0.00557501,-0.11796086,0.09697932,0.00557501,62.0298,11126.3988,OK,0.0000,-2.4812,4.0000,96.0000,AG03-UNRESOLVED,ALL5_LEVELS_bet23_to_bet27,-2.4812,-2.4812,-3.1015,0.0000,0.0000,4.000000,4.000000,5.000000,0.000000,0.000000,96.000000,96.000000,95.000000,100.000000,100.000000,5.0,-8.0639,-7.7215,-53.9659,-54.3083,PENDING_AG03,FALSE,NOT_FOR_ENFORCEMENT,-59.5486,9680.8986,-62.0298,-59.5486,-2.4812,-0.00557501,-0.00535201,-2.4812,-59.5486,-0.00535201,-2.4812,-2.4812,-3.1015,0.0000,0.0000,-59.5486,-0.00535201,-8.0639,-7.7215,-53.9659,-54.3083,-0.00485026,-0.00488103,-0.00022300,51.9925,47.1228,-0.2899,-1.9384,-0.4191,347.7000,6.6875,43.0141,61.4889,24.1571,40.8781,67.4636,105.4118,121.1347,160.9159,40.8781,0.0,2.963317,3.936485,1.271893,29,72,52,2,0.42525465,-0.00557501,0.11796086,0E-8,0.000000,0.906337,0.000000,-0.21494018,2026-04-26,2026-08-06,32,148,142,103,0.310680,0.699543,0.827314,1.417515,,,,,,,,GLOBAL_BASELINE_NO_ENTITY_RANKING,,,NOT_APPLICABLE_GLOBAL_BASELINE,HF9g-P5,,,,X 全窗基线 · 不参与实体赏罚,3923782,393,A168_HF9F_20260827_0900,2026-08-27 09:00:00
2026-07-08,134737460,1507,0,40.8780607448,-40.8780607448,-40.8780607448,0E-7,1,1,0.50665070000000000,0.506650700000,-1.013391052207602,-1.013391052207602,-1.013391052207602,0E-17,ELIGIBLE,R03b_20260811_FULL_v1,L1_ELIGIBILITY,v2026-08-11,2026-03-21..2026-08-06,baccarat_bet02_101_all_pairs_incl_sentinel,round_win = game_pnl > 0 (decisive only),COMPATIBILITY_ONLY_NOT_PRODUCTION,11126.3988,10084.2693,-62.0298,214,214,0.00557501,-0.11796086,0.09697932,0.00557501,62.0298,11126.3988,OK,0.0000,-2.4812,4.0000,96.0000,AG03-UNRESOLVED,ALL5_LEVELS_bet23_to_bet27,-2.4812,-2.4812,-3.1015,0.0000,0.0000,4.000000,4.000000,5.000000,0.000000,0.000000,96.000000,96.000000,95.000000,100.000000,100.000000,5.0,-8.0639,-7.7215,-53.9659,-54.3083,PENDING_AG03,FALSE,NOT_FOR_ENFORCEMENT,-59.5486,9680.8986,-62.0298,-59.5486,-2.4812,-0.00557501,-0.00535201,-2.4812,-59.5486,-0.00535201,-2.4812,-2.4812,-3.1015,0.0000,0.0000,-59.5486,-0.00535201,-8.0639,-7.7215,-53.9659,-54.3083,-0.00485026,-0.00488103,-0.00022300,51.9925,47.1228,-0.2899,-1.9384,-0.4191,347.7000,6.6875,43.0141,61.4889,24.1571,40.8781,67.4636,105.4118,121.1347,160.9159,40.8781,0.0,2.963317,3.936485,1.271893,29,72,52,2,0.42525465,-0.00557501,0.11796086,0E-8,0.000000,0.906337,0.000000,-0.21494018,2026-04-26,2026-08-06,32,148,142,103,0.310680,0.699543,0.827314,1.417515,,,,,,,,GLOBAL_BASELINE_NO_ENTITY_RANKING,,,NOT_APPLICABLE_GLOBAL_BASELINE,HF9g-P5,,,,X 全窗基线 · 不参与实体赏罚,3923783,393,A168_HF9F_20260827_0900,2026-08-27 09:00:00
2026-07-08,134737460,2093,0,40.8780607448,-40.8780607448,-40.8780607448,0E-7,1,1,0.50665070000000000,0.506650700000,-1.013391052207602,-1.013391052207602,-1.013391052207602,0E-17,ELIGIBLE,R03b_20260811_FULL_v1,L1_ELIGIBILITY,v2026-08-11,2026-03-21..2026-08-06,baccarat_bet02_101_all_pairs_incl_sentinel,round_win = game_pnl > 0 (decisive only),COMPATIBILITY_ONLY_NOT_PRODUCTION,11126.3988,10084.2693,-62.0298,214,214,0.00557501,-0.11796086,0.09697932,0.00557501,62.0298,11126.3988,OK,0.0000,-2.4812,4.0000,96.0000,AG03-UNRESOLVED,ALL5_LEVELS_bet23_to_bet27,-2.4812,-2.4812,-3.1015,0.0000,0.0000,4.000000,4.000000,5.000000,0.000000,0.000000,96.000000,96.000000,95.000000,100.000000,100.000000,5.0,-8.0639,-7.7215,-53.9659,-54.3083,PENDING_AG03,FALSE,NOT_FOR_ENFORCEMENT,-59.5486,9680.8986,-62.0298,-59.5486,-2.4812,-0.00557501,-0.00535201,-2.4812,-59.5486,-0.00535201,-2.4812,-2.4812,-3.1015,0.0000,0.0000,-59.5486,-0.00535201,-8.0639,-7.7215,-53.9659,-54.3083,-0.00485026,-0.00488103,-0.00022300,51.9925,47.1228,-0.2899,-1.9384,-0.4191,347.7000,6.6875,43.0141,61.4889,24.1571,40.8781,67.4636,105.4118,121.1347,160.9159,40.8781,0.0,2.963317,3.936485,1.271893,29,72,52,2,0.42525465,-0.00557501,0.11796086,0E-8,0.000000,0.906337,0.000000,-0.21494018,2026-04-26,2026-08-06,32,148,142,103,0.310680,0.699543,0.827314,1.417515,,,,,,,,GLOBAL_BASELINE_NO_ENTITY_RANKING,,,NOT_APPLICABLE_GLOBAL_BASELINE,HF9g-P5,,,,X 全窗基线 · 不参与实体赏罚,3923784,393,A168_HF9F_20260827_0900,2026-08-27 09:00:00
2026-07-08,134737460,2147,0,66.4268487103,15.3292727793,15.3292727793,0.5000000,2,2,0.49324550000000000,0.493245500000,0.01910635448239258,0.01910635448239258,0.01910635448239258,0E-17,ELIGIBLE,R03b_20260811_FULL_v1,L1_ELIGIBILITY,v2026-08-11,2026-03-21..2026-08-06,baccarat_bet02_101_all_pairs_incl_sentinel,round_win = game_pnl > 0 (decisive only),COMPATIBILITY_ONLY_NOT_PRODUCTION,11126.3988,10084.2693,-62.0298,214,214,0.00557501,-0.11796086,0.09697932,0.00557501,62.0298,11126.3988,OK,0.0000,-2.4812,4.0000,96.0000,AG03-UNRESOLVED,ALL5_LEVELS_bet23_to_bet27,-2.4812,-2.4812,-3.1015,0.0000,0.0000,4.000000,4.000000,5.000000,0.000000,0.000000,96.000000,96.000000,95.000000,100.000000,100.000000,5.0,-8.0639,-7.7215,-53.9659,-54.3083,PENDING_AG03,FALSE,NOT_FOR_ENFORCEMENT,-59.5486,9680.8986,-62.0298,-59.5486,-2.4812,-0.00557501,-0.00535201,-2.4812,-59.5486,-0.00535201,-2.4812,-2.4812,-3.1015,0.0000,0.0000,-59.5486,-0.00535201,-8.0639,-7.7215,-53.9659,-54.3083,-0.00485026,-0.00488103,-0.00022300,51.9925,47.1228,-0.2899,-1.9384,-0.4191,347.7000,6.6875,43.0141,61.4889,24.1571,40.8781,67.4636,105.4118,121.1347,160.9159,40.8781,0.0,2.963317,3.936485,1.271893,29,72,52,2,0.42525465,-0.00557501,0.11796086,0E-8,0.000000,0.906337,0.000000,-0.21494018,2026-04-26,2026-08-06,32,148,142,103,0.310680,0.699543,0.827314,1.417515,,,,,,,,GLOBAL_BASELINE_NO_ENTITY_RANKING,,,NOT_APPLICABLE_GLOBAL_BASELINE,HF9g-P5,,,,X 全窗基线 · 不参与实体赏罚,3923785,393,A168_HF9F_20260827_0900,2026-08-27 09:00:00
2026-07-08,134737460,2177,0,40.8780607448,0E-10,0E-10,,1,1,0.50665070000000000,0.506650700000,,,,0E-17,NO_DECISIVE_ROUND,R03b_20260811_FULL_v1,L1_ELIGIBILITY,v2026-08-11,2026-03-21..2026-08-06,baccarat_bet02_101_all_pairs_incl_sentinel,round_win = game_pnl > 0 (decisive only),COMPATIBILITY_ONLY_NOT_PRODUCTION,11126.3988,10084.2693,-62.0298,214,214,0.00557501,-0.11796086,0.09697932,0.00557501,62.0298,11126.3988,OK,0.0000,-2.4812,4.0000,96.0000,AG03-UNRESOLVED,ALL5_LEVELS_bet23_to_bet27,-2.4812,-2.4812,-3.1015,0.0000,0.0000,4.000000,4.000000,5.000000,0.000000,0.000000,96.000000,96.000000,95.000000,100.000000,100.000000,5.0,-8.0639,-7.7215,-53.9659,-54.3083,PENDING_AG03,FALSE,NOT_FOR_ENFORCEMENT,-59.5486,9680.8986,-62.0298,-59.5486,-2.4812,-0.00557501,-0.00535201,-2.4812,-59.5486,-0.00535201,-2.4812,-2.4812,-3.1015,0.0000,0.0000,-59.5486,-0.00535201,-8.0639,-7.7215,-53.9659,-54.3083,-0.00485026,-0.00488103,-0.00022300,51.9925,47.1228,-0.2899,-1.9384,-0.4191,347.7000,6.6875,43.0141,61.4889,24.1571,40.8781,67.4636,105.4118,121.1347,160.9159,40.8781,0.0,2.963317,3.936485,1.271893,29,72,52,2,0.42525465,-0.00557501,0.11796086,0E-8,0.000000,0.906337,0.000000,-0.21494018,2026-04-26,2026-08-06,32,148,142,103,0.310680,0.699543,0.827314,1.417515,,,,,,,,GLOBAL_BASELINE_NO_ENTITY_RANKING,,,NOT_APPLICABLE_GLOBAL_BASELINE,HF9g-P5,,,,X 全窗基线 · 不参与实体赏罚,3923786,393,A168_HF9F_20260827_0900,2026-08-27 09:00:00
2026-07-08,134737460,2261,0,40.8780607448,-40.8780607448,-40.8780607448,0E-7,1,1,0.49324550000000000,0.493245500000,-0.9865810262130424,-0.9865810262130424,-0.9865810262130424,0E-17,ELIGIBLE,R03b_20260811_FULL_v1,L1_ELIGIBILITY,v2026-08-11,2026-03-21..2026-08-06,baccarat_bet02_101_all_pairs_incl_sentinel,round_win = game_pnl > 0 (decisive only),COMPATIBILITY_ONLY_NOT_PRODUCTION,11126.3988,10084.2693,-62.0298,214,214,0.00557501,-0.11796086,0.09697932,0.00557501,62.0298,11126.3988,OK,0.0000,-2.4812,4.0000,96.0000,AG03-UNRESOLVED,ALL5_LEVELS_bet23_to_bet27,-2.4812,-2.4812,-3.1015,0.0000,0.0000,4.000000,4.000000,5.000000,0.000000,0.000000,96.000000,96.000000,95.000000,100.000000,100.000000,5.0,-8.0639,-7.7215,-53.9659,-54.3083,PENDING_AG03,FALSE,NOT_FOR_ENFORCEMENT,-59.5486,9680.8986,-62.0298,-59.5486,-2.4812,-0.00557501,-0.00535201,-2.4812,-59.5486,-0.00535201,-2.4812,-2.4812,-3.1015,0.0000,0.0000,-59.5486,-0.00535201,-8.0639,-7.7215,-53.9659,-54.3083,-0.00485026,-0.00488103,-0.00022300,51.9925,47.1228,-0.2899,-1.9384,-0.4191,347.7000,6.6875,43.0141,61.4889,24.1571,40.8781,67.4636,105.4118,121.1347,160.9159,40.8781,0.0,2.963317,3.936485,1.271893,29,72,52,2,0.42525465,-0.00557501,0.11796086,0E-8,0.000000,0.906337,0.000000,-0.21494018,2026-04-26,2026-08-06,32,148,142,103,0.310680,0.699543,0.827314,1.417515,,,,,,,,GLOBAL_BASELINE_NO_ENTITY_RANKING,,,NOT_APPLICABLE_GLOBAL_BASELINE,HF9g-P5,,,,X 全窗基线 · 不参与实体赏罚,3923787,393,A168_HF9F_20260827_0900,2026-08-27 09:00:00
2026-07-08,134737460,2287,0,81.7561214896,0E-10,0E-10,0.5000000,2,2,0.49324550000000000,0.493245500000,0.01910635448239258,0.01910635448239258,0.01910635448239258,0E-17,ELIGIBLE,R03b_20260811_FULL_v1,L1_ELIGIBILITY,v2026-08-11,2026-03-21..2026-08-06,baccarat_bet02_101_all_pairs_incl_sentinel,round_win = game_pnl > 0 (decisive only),COMPATIBILITY_ONLY_NOT_PRODUCTION,11126.3988,10084.2693,-62.0298,214,214,0.00557501,-0.11796086,0.09697932,0.00557501,62.0298,11126.3988,OK,0.0000,-2.4812,4.0000,96.0000,AG03-UNRESOLVED,ALL5_LEVELS_bet23_to_bet27,-2.4812,-2.4812,-3.1015,0.0000,0.0000,4.000000,4.000000,5.000000,0.000000,0.000000,96.000000,96.000000,95.000000,100.000000,100.000000,5.0,-8.0639,-7.7215,-53.9659,-54.3083,PENDING_AG03,FALSE,NOT_FOR_ENFORCEMENT,-59.5486,9680.8986,-62.0298,-59.5486,-2.4812,-0.00557501,-0.00535201,-2.4812,-59.5486,-0.00535201,-2.4812,-2.4812,-3.1015,0.0000,0.0000,-59.5486,-0.00535201,-8.0639,-7.7215,-53.9659,-54.3083,-0.00485026,-0.00488103,-0.00022300,51.9925,47.1228,-0.2899,-1.9384,-0.4191,347.7000,6.6875,43.0141,61.4889,24.1571,40.8781,67.4636,105.4118,121.1347,160.9159,40.8781,0.0,2.963317,3.936485,1.271893,29,72,52,2,0.42525465,-0.00557501,0.11796086,0E-8,0.000000,0.906337,0.000000,-0.21494018,2026-04-26,2026-08-06,32,148,142,103,0.310680,0.699543,0.827314,1.417515,,,,,,,,GLOBAL_BASELINE_NO_ENTITY_RANKING,,,NOT_APPLICABLE_GLOBAL_BASELINE,HF9g-P5,,,,X 全窗基线 · 不参与实体赏罚,3923788,393,A168_HF9F_20260827_0900,2026-08-27 09:00:00
2026-07-09,134737460,-1,1,20.4390303724,-20.4390303724,-20.4390303724,0E-7,1,1,0.49324550000000000,0.493245500000,-0.9865810262130424,-0.9865810262130424,-0.9865810262130424,0E-17,SENTINEL_DEALER,R03b_20260811_FULL_v1,L1_ELIGIBILITY,v2026-08-11,2026-03-21..2026-08-06,baccarat_bet02_101_all_pairs_incl_sentinel,round_win = game_pnl > 0 (decisive only),COMPATIBILITY_ONLY_NOT_PRODUCTION,11126.3988,10084.2693,-62.0298,214,214,0.00557501,-0.11796086,0.09697932,0.00557501,62.0298,11126.3988,OK,0.0000,-2.4812,4.0000,96.0000,AG03-UNRESOLVED,ALL5_LEVELS_bet23_to_bet27,-2.4812,-2.4812,-3.1015,0.0000,0.0000,4.000000,4.000000,5.000000,0.000000,0.000000,96.000000,96.000000,95.000000,100.000000,100.000000,5.0,-8.0639,-7.7215,-53.9659,-54.3083,PENDING_AG03,FALSE,NOT_FOR_ENFORCEMENT,-59.5486,9680.8986,-62.0298,-59.5486,-2.4812,-0.00557501,-0.00535201,-2.4812,-59.5486,-0.00535201,-2.4812,-2.4812,-3.1015,0.0000,0.0000,-59.5486,-0.00535201,-8.0639,-7.7215,-53.9659,-54.3083,-0.00485026,-0.00488103,-0.00022300,51.9925,47.1228,-0.2899,-1.9384,-0.4191,347.7000,6.6875,43.0141,61.4889,24.1571,40.8781,67.4636,105.4118,121.1347,160.9159,40.8781,0.0,2.963317,3.936485,1.271893,29,72,52,2,0.42525465,-0.00557501,0.11796086,0E-8,0.000000,0.906337,0.000000,-0.21494018,2026-04-26,2026-08-06,32,148,142,103,0.310680,0.699543,0.827314,1.417515,,,,,,,,GLOBAL_BASELINE_NO_ENTITY_RANKING,,,NOT_APPLICABLE_GLOBAL_BASELINE,HF9g-P5,,,,X 全窗基线 · 不参与实体赏罚,3923789,393,A168_HF9F_20260827_0900,2026-08-27 09:00:00
2026-07-09,134737460,1507,0,32.9068388996,-32.9068388996,-32.9068388996,0E-7,1,1,0.50665070000000000,0.506650700000,-1.013391052207602,-1.013391052207602,-1.013391052207602,0E-17,ELIGIBLE,R03b_20260811_FULL_v1,L1_ELIGIBILITY,v2026-08-11,2026-03-21..2026-08-06,baccarat_bet02_101_all_pairs_incl_sentinel,round_win = game_pnl > 0 (decisive only),COMPATIBILITY_ONLY_NOT_PRODUCTION,11126.3988,10084.2693,-62.0298,214,214,0.00557501,-0.11796086,0.09697932,0.00557501,62.0298,11126.3988,OK,0.0000,-2.4812,4.0000,96.0000,AG03-UNRESOLVED,ALL5_LEVELS_bet23_to_bet27,-2.4812,-2.4812,-3.1015,0.0000,0.0000,4.000000,4.000000,5.000000,0.000000,0.000000,96.000000,96.000000,95.000000,100.000000,100.000000,5.0,-8.0639,-7.7215,-53.9659,-54.3083,PENDING_AG03,FALSE,NOT_FOR_ENFORCEMENT,-59.5486,9680.8986,-62.0298,-59.5486,-2.4812,-0.00557501,-0.00535201,-2.4812,-59.5486,-0.00535201,-2.4812,-2.4812,-3.1015,0.0000,0.0000,-59.5486,-0.00535201,-8.0639,-7.7215,-53.9659,-54.3083,-0.00485026,-0.00488103,-0.00022300,51.9925,47.1228,-0.2899,-1.9384,-0.4191,347.7000,6.6875,43.0141,61.4889,24.1571,40.8781,67.4636,105.4118,121.1347,160.9159,40.8781,0.0,2.963317,3.936485,1.271893,29,72,52,2,0.42525465,-0.00557501,0.11796086,0E-8,0.000000,0.906337,0.000000,-0.21494018,2026-04-26,2026-08-06,32,148,142,103,0.310680,0.699543,0.827314,1.417515,,,,,,,,GLOBAL_BASELINE_NO_ENTITY_RANKING,,,NOT_APPLICABLE_GLOBAL_BASELINE,HF9g-P5,,,,X 全窗基线 · 不参与实体赏罚,3923790,393,A168_HF9F_20260827_0900,2026-08-27 09:00:00
2026-07-09,134737460,2209,0,40.8780607448,38.8341577076,38.8341577076,1.0000000,1,1,0.50665070000000000,0.506650700000,0.9867858985152569,0.9867858985152569,0.9867858985152569,0E-17,ELIGIBLE,R03b_20260811_FULL_v1,L1_ELIGIBILITY,v2026-08-11,2026-03-21..2026-08-06,baccarat_bet02_101_all_pairs_incl_sentinel,round_win = game_pnl > 0 (decisive only),COMPATIBILITY_ONLY_NOT_PRODUCTION,11126.3988,10084.2693,-62.0298,214,214,0.00557501,-0.11796086,0.09697932,0.00557501,62.0298,11126.3988,OK,0.0000,-2.4812,4.0000,96.0000,AG03-UNRESOLVED,ALL5_LEVELS_bet23_to_bet27,-2.4812,-2.4812,-3.1015,0.0000,0.0000,4.000000,4.000000,5.000000,0.000000,0.000000,96.000000,96.000000,95.000000,100.000000,100.000000,5.0,-8.0639,-7.7215,-53.9659,-54.3083,PENDING_AG03,FALSE,NOT_FOR_ENFORCEMENT,-59.5486,9680.8986,-62.0298,-59.5486,-2.4812,-0.00557501,-0.00535201,-2.4812,-59.5486,-0.00535201,-2.4812,-2.4812,-3.1015,0.0000,0.0000,-59.5486,-0.00535201,-8.0639,-7.7215,-53.9659,-54.3083,-0.00485026,-0.00488103,-0.00022300,51.9925,47.1228,-0.2899,-1.9384,-0.4191,347.7000,6.6875,43.0141,61.4889,24.1571,40.8781,67.4636,105.4118,121.1347,160.9159,40.8781,0.0,2.963317,3.936485,1.271893,29,72,52,2,0.42525465,-0.00557501,0.11796086,0E-8,0.000000,0.906337,0.000000,-0.21494018,2026-04-26,2026-08-06,32,148,142,103,0.310680,0.699543,0.827314,1.417515,,,,,,,,GLOBAL_BASELINE_NO_ENTITY_RANKING,,,NOT_APPLICABLE_GLOBAL_BASELINE,HF9g-P5,,,,X 全窗基线 · 不参与实体赏罚,3923791,393,A168_HF9F_20260827_0900,2026-08-27 09:00:00
2026-07-09,134737460,2287,0,79.7122184524,79.7122184524,79.7122184524,1.0000000,1,1,0.49324550000000000,0.493245500000,1.01360149184955,1.01360149184955,1.01360149184955,0E-17,ELIGIBLE,R03b_20260811_FULL_v1,L1_ELIGIBILITY,v2026-08-11,2026-03-21..2026-08-06,baccarat_bet02_101_all_pairs_incl_sentinel,round_win = game_pnl > 0 (decisive only),COMPATIBILITY_ONLY_NOT_PRODUCTION,11126.3988,10084.2693,-62.0298,214,214,0.00557501,-0.11796086,0.09697932,0.00557501,62.0298,11126.3988,OK,0.0000,-2.4812,4.0000,96.0000,AG03-UNRESOLVED,ALL5_LEVELS_bet23_to_bet27,-2.4812,-2.4812,-3.1015,0.0000,0.0000,4.000000,4.000000,5.000000,0.000000,0.000000,96.000000,96.000000,95.000000,100.000000,100.000000,5.0,-8.0639,-7.7215,-53.9659,-54.3083,PENDING_AG03,FALSE,NOT_FOR_ENFORCEMENT,-59.5486,9680.8986,-62.0298,-59.5486,-2.4812,-0.00557501,-0.00535201,-2.4812,-59.5486,-0.00535201,-2.4812,-2.4812,-3.1015,0.0000,0.0000,-59.5486,-0.00535201,-8.0639,-7.7215,-53.9659,-54.3083,-0.00485026,-0.00488103,-0.00022300,51.9925,47.1228,-0.2899,-1.9384,-0.4191,347.7000,6.6875,43.0141,61.4889,24.1571,40.8781,67.4636,105.4118,121.1347,160.9159,40.8781,0.0,2.963317,3.936485,1.271893,29,72,52,2,0.42525465,-0.00557501,0.11796086,0E-8,0.000000,0.906337,0.000000,-0.21494018,2026-04-26,2026-08-06,32,148,142,103,0.310680,0.699543,0.827314,1.417515,,,,,,,,GLOBAL_BASELINE_NO_ENTITY_RANKING,,,NOT_APPLICABLE_GLOBAL_BASELINE,HF9g-P5,,,,X 全窗基线 · 不参与实体赏罚,3923792,393,A168_HF9F_20260827_0900,2026-08-27 09:00:00
2026-07-10,134737460,-1,1,102.1951518620,57.2292850427,57.2292850427,0.5000000,2,2,0.50665070000000000,0.506650700000,-0.018812684590367487,-0.018812684590367487,-0.018812684590367487,0E-17,SENTINEL_DEALER,R03b_20260811_FULL_v1,L1_ELIGIBILITY,v2026-08-11,2026-03-21..2026-08-06,baccarat_bet02_101_all_pairs_incl_sentinel,round_win = game_pnl > 0 (decisive only),COMPATIBILITY_ONLY_NOT_PRODUCTION,11126.3988,10084.2693,-62.0298,214,214,0.00557501,-0.11796086,0.09697932,0.00557501,62.0298,11126.3988,OK,0.0000,-2.4812,4.0000,96.0000,AG03-UNRESOLVED,ALL5_LEVELS_bet23_to_bet27,-2.4812,-2.4812,-3.1015,0.0000,0.0000,4.000000,4.000000,5.000000,0.000000,0.000000,96.000000,96.000000,95.000000,100.000000,100.000000,5.0,-8.0639,-7.7215,-53.9659,-54.3083,PENDING_AG03,FALSE,NOT_FOR_ENFORCEMENT,-59.5486,9680.8986,-62.0298,-59.5486,-2.4812,-0.00557501,-0.00535201,-2.4812,-59.5486,-0.00535201,-2.4812,-2.4812,-3.1015,0.0000,0.0000,-59.5486,-0.00535201,-8.0639,-7.7215,-53.9659,-54.3083,-0.00485026,-0.00488103,-0.00022300,51.9925,47.1228,-0.2899,-1.9384,-0.4191,347.7000,6.6875,43.0141,61.4889,24.1571,40.8781,67.4636,105.4118,121.1347,160.9159,40.8781,0.0,2.963317,3.936485,1.271893,29,72,52,2,0.42525465,-0.00557501,0.11796086,0E-8,0.000000,0.906337,0.000000,-0.21494018,2026-04-26,2026-08-06,32,148,142,103,0.310680,0.699543,0.827314,1.417515,,,,,,,,GLOBAL_BASELINE_NO_ENTITY_RANKING,,,NOT_APPLICABLE_GLOBAL_BASELINE,HF9g-P5,,,,X 全窗基线 · 不参与实体赏罚,3923793,393,A168_HF9F_20260827_0900,2026-08-27 09:00:00
2026-07-10,134737460,1396,0,40.8780607448,-40.8780607448,-40.8780607448,0E-7,1,1,0.49324550000000000,0.493245500000,-0.9865810262130424,-0.9865810262130424,-0.9865810262130424,0E-17,ELIGIBLE,R03b_20260811_FULL_v1,L1_ELIGIBILITY,v2026-08-11,2026-03-21..2026-08-06,baccarat_bet02_101_all_pairs_incl_sentinel,round_win = game_pnl > 0 (decisive only),COMPATIBILITY_ONLY_NOT_PRODUCTION,11126.3988,10084.2693,-62.0298,214,214,0.00557501,-0.11796086,0.09697932,0.00557501,62.0298,11126.3988,OK,0.0000,-2.4812,4.0000,96.0000,AG03-UNRESOLVED,ALL5_LEVELS_bet23_to_bet27,-2.4812,-2.4812,-3.1015,0.0000,0.0000,4.000000,4.000000,5.000000,0.000000,0.000000,96.000000,96.000000,95.000000,100.000000,100.000000,5.0,-8.0639,-7.7215,-53.9659,-54.3083,PENDING_AG03,FALSE,NOT_FOR_ENFORCEMENT,-59.5486,9680.8986,-62.0298,-59.5486,-2.4812,-0.00557501,-0.00535201,-2.4812,-59.5486,-0.00535201,-2.4812,-2.4812,-3.1015,0.0000,0.0000,-59.5486,-0.00535201,-8.0639,-7.7215,-53.9659,-54.3083,-0.00485026,-0.00488103,-0.00022300,51.9925,47.1228,-0.2899,-1.9384,-0.4191,347.7000,6.6875,43.0141,61.4889,24.1571,40.8781,67.4636,105.4118,121.1347,160.9159,40.8781,0.0,2.963317,3.936485,1.271893,29,72,52,2,0.42525465,-0.00557501,0.11796086,0E-8,0.000000,0.906337,0.000000,-0.21494018,2026-04-26,2026-08-06,32,148,142,103,0.310680,0.699543,0.827314,1.417515,,,,,,,,GLOBAL_BASELINE_NO_ENTITY_RANKING,,,NOT_APPLICABLE_GLOBAL_BASELINE,HF9g-P5,,,,X 全窗基线 · 不参与实体赏罚,3923794,393,A168_HF9F_20260827_0900,2026-08-27 09:00:00
2026-07-10,134737460,2127,0,98.1073457875,-98.1073457875,-98.1073457875,0E-7,1,1,0.50665070000000000,0.506650700000,-1.013391052207602,-1.013391052207602,-1.013391052207602,0E-17,ELIGIBLE,R03b_20260811_FULL_v1,L1_ELIGIBILITY,v2026-08-11,2026-03-21..2026-08-06,baccarat_bet02_101_all_pairs_incl_sentinel,round_win = game_pnl > 0 (decisive only),COMPATIBILITY_ONLY_NOT_PRODUCTION,11126.3988,10084.2693,-62.0298,214,214,0.00557501,-0.11796086,0.09697932,0.00557501,62.0298,11126.3988,OK,0.0000,-2.4812,4.0000,96.0000,AG03-UNRESOLVED,ALL5_LEVELS_bet23_to_bet27,-2.4812,-2.4812,-3.1015,0.0000,0.0000,4.000000,4.000000,5.000000,0.000000,0.000000,96.000000,96.000000,95.000000,100.000000,100.000000,5.0,-8.0639,-7.7215,-53.9659,-54.3083,PENDING_AG03,FALSE,NOT_FOR_ENFORCEMENT,-59.5486,9680.8986,-62.0298,-59.5486,-2.4812,-0.00557501,-0.00535201,-2.4812,-59.5486,-0.00535201,-2.4812,-2.4812,-3.1015,0.0000,0.0000,-59.5486,-0.00535201,-8.0639,-7.7215,-53.9659,-54.3083,-0.00485026,-0.00488103,-0.00022300,51.9925,47.1228,-0.2899,-1.9384,-0.4191,347.7000,6.6875,43.0141,61.4889,24.1571,40.8781,67.4636,105.4118,121.1347,160.9159,40.8781,0.0,2.963317,3.936485,1.271893,29,72,52,2,0.42525465,-0.00557501,0.11796086,0E-8,0.000000,0.906337,0.000000,-0.21494018,2026-04-26,2026-08-06,32,148,142,103,0.310680,0.699543,0.827314,1.417515,,,,,,,,GLOBAL_BASELINE_NO_ENTITY_RANKING,,,NOT_APPLICABLE_GLOBAL_BASELINE,HF9g-P5,,,,X 全窗基线 · 不参与实体赏罚,3923795,393,A168_HF9F_20260827_0900,2026-08-27 09:00:00
2026-07-14,134737460,-1,1,102.1951518620,-102.1951518620,-102.1951518620,0E-7,2,2,0.49324550000000000,0.493245500000,-1.3952362676504506,-1.3952362676504506,-1.3952362676504506,0E-17,SENTINEL_DEALER,R03b_20260811_FULL_v1,L1_ELIGIBILITY,v2026-08-11,2026-03-21..2026-08-06,baccarat_bet02_101_all_pairs_incl_sentinel,round_win = game_pnl > 0 (decisive only),COMPATIBILITY_ONLY_NOT_PRODUCTION,11126.3988,10084.2693,-62.0298,214,214,0.00557501,-0.11796086,0.09697932,0.00557501,62.0298,11126.3988,OK,0.0000,-2.4812,4.0000,96.0000,AG03-UNRESOLVED,ALL5_LEVELS_bet23_to_bet27,-2.4812,-2.4812,-3.1015,0.0000,0.0000,4.000000,4.000000,5.000000,0.000000,0.000000,96.000000,96.000000,95.000000,100.000000,100.000000,5.0,-8.0639,-7.7215,-53.9659,-54.3083,PENDING_AG03,FALSE,NOT_FOR_ENFORCEMENT,-59.5486,9680.8986,-62.0298,-59.5486,-2.4812,-0.00557501,-0.00535201,-2.4812,-59.5486,-0.00535201,-2.4812,-2.4812,-3.1015,0.0000,0.0000,-59.5486,-0.00535201,-8.0639,-7.7215,-53.9659,-54.3083,-0.00485026,-0.00488103,-0.00022300,51.9925,47.1228,-0.2899,-1.9384,-0.4191,347.7000,6.6875,43.0141,61.4889,24.1571,40.8781,67.4636,105.4118,121.1347,160.9159,40.8781,0.0,2.963317,3.936485,1.271893,29,72,52,2,0.42525465,-0.00557501,0.11796086,0E-8,0.000000,0.906337,0.000000,-0.21494018,2026-04-26,2026-08-06,32,148,142,103,0.310680,0.699543,0.827314,1.417515,,,,,,,,GLOBAL_BASELINE_NO_ENTITY_RANKING,,,NOT_APPLICABLE_GLOBAL_BASELINE,HF9g-P5,,,,X 全窗基线 · 不参与实体赏罚,3923796,393,A168_HF9F_20260827_0900,2026-08-27 09:00:00
2026-07-16,134737460,-1,1,65.4048971917,16.3512242979,16.3512242979,0.5000000,2,2,0.49324550000000000,0.493245500000,0.01910635448239258,0.01910635448239258,0.01910635448239258,0E-17,SENTINEL_DEALER,R03b_20260811_FULL_v1,L1_ELIGIBILITY,v2026-08-11,2026-03-21..2026-08-06,baccarat_bet02_101_all_pairs_incl_sentinel,round_win = game_pnl > 0 (decisive only),COMPATIBILITY_ONLY_NOT_PRODUCTION,11126.3988,10084.2693,-62.0298,214,214,0.00557501,-0.11796086,0.09697932,0.00557501,62.0298,11126.3988,OK,0.0000,-2.4812,4.0000,96.0000,AG03-UNRESOLVED,ALL5_LEVELS_bet23_to_bet27,-2.4812,-2.4812,-3.1015,0.0000,0.0000,4.000000,4.000000,5.000000,0.000000,0.000000,96.000000,96.000000,95.000000,100.000000,100.000000,5.0,-8.0639,-7.7215,-53.9659,-54.3083,PENDING_AG03,FALSE,NOT_FOR_ENFORCEMENT,-59.5486,9680.8986,-62.0298,-59.5486,-2.4812,-0.00557501,-0.00535201,-2.4812,-59.5486,-0.00535201,-2.4812,-2.4812,-3.1015,0.0000,0.0000,-59.5486,-0.00535201,-8.0639,-7.7215,-53.9659,-54.3083,-0.00485026,-0.00488103,-0.00022300,51.9925,47.1228,-0.2899,-1.9384,-0.4191,347.7000,6.6875,43.0141,61.4889,24.1571,40.8781,67.4636,105.4118,121.1347,160.9159,40.8781,0.0,2.963317,3.936485,1.271893,29,72,52,2,0.42525465,-0.00557501,0.11796086,0E-8,0.000000,0.906337,0.000000,-0.21494018,2026-04-26,2026-08-06,32,148,142,103,0.310680,0.699543,0.827314,1.417515,,,,,,,,GLOBAL_BASELINE_NO_ENTITY_RANKING,,,NOT_APPLICABLE_GLOBAL_BASELINE,HF9g-P5,,,,X 全窗基线 · 不参与实体赏罚,3923797,393,A168_HF9F_20260827_0900,2026-08-27 09:00:00
2026-07-16,134737460,1399,0,40.8780607448,38.8341577076,38.8341577076,1.0000000,1,1,0.50665070000000000,0.506650700000,0.9867858985152569,0.9867858985152569,0.9867858985152569,0E-17,ELIGIBLE,R03b_20260811_FULL_v1,L1_ELIGIBILITY,v2026-08-11,2026-03-21..2026-08-06,baccarat_bet02_101_all_pairs_incl_sentinel,round_win = game_pnl > 0 (decisive only),COMPATIBILITY_ONLY_NOT_PRODUCTION,11126.3988,10084.2693,-62.0298,214,214,0.00557501,-0.11796086,0.09697932,0.00557501,62.0298,11126.3988,OK,0.0000,-2.4812,4.0000,96.0000,AG03-UNRESOLVED,ALL5_LEVELS_bet23_to_bet27,-2.4812,-2.4812,-3.1015,0.0000,0.0000,4.000000,4.000000,5.000000,0.000000,0.000000,96.000000,96.000000,95.000000,100.000000,100.000000,5.0,-8.0639,-7.7215,-53.9659,-54.3083,PENDING_AG03,FALSE,NOT_FOR_ENFORCEMENT,-59.5486,9680.8986,-62.0298,-59.5486,-2.4812,-0.00557501,-0.00535201,-2.4812,-59.5486,-0.00535201,-2.4812,-2.4812,-3.1015,0.0000,0.0000,-59.5486,-0.00535201,-8.0639,-7.7215,-53.9659,-54.3083,-0.00485026,-0.00488103,-0.00022300,51.9925,47.1228,-0.2899,-1.9384,-0.4191,347.7000,6.6875,43.0141,61.4889,24.1571,40.8781,67.4636,105.4118,121.1347,160.9159,40.8781,0.0,2.963317,3.936485,1.271893,29,72,52,2,0.42525465,-0.00557501,0.11796086,0E-8,0.000000,0.906337,0.000000,-0.21494018,2026-04-26,2026-08-06,32,148,142,103,0.310680,0.699543,0.827314,1.417515,,,,,,,,GLOBAL_BASELINE_NO_ENTITY_RANKING,,,NOT_APPLICABLE_GLOBAL_BASELINE,HF9g-P5,,,,X 全窗基线 · 不参与实体赏罚,3923798,393,A168_HF9F_20260827_0900,2026-08-27 09:00:00
2026-07-16,134737460,2233,0,61.3170911172,-20.4390303724,-20.4390303724,0.5000000,2,2,0.49324550000000000,0.493245500000,0.01910635448239258,0.01910635448239258,0.01910635448239258,0E-17,ELIGIBLE,R03b_20260811_FULL_v1,L1_ELIGIBILITY,v2026-08-11,2026-03-21..2026-08-06,baccarat_bet02_101_all_pairs_incl_sentinel,round_win = game_pnl > 0 (decisive only),COMPATIBILITY_ONLY_NOT_PRODUCTION,11126.3988,10084.2693,-62.0298,214,214,0.00557501,-0.11796086,0.09697932,0.00557501,62.0298,11126.3988,OK,0.0000,-2.4812,4.0000,96.0000,AG03-UNRESOLVED,ALL5_LEVELS_bet23_to_bet27,-2.4812,-2.4812,-3.1015,0.0000,0.0000,4.000000,4.000000,5.000000,0.000000,0.000000,96.000000,96.000000,95.000000,100.000000,100.000000,5.0,-8.0639,-7.7215,-53.9659,-54.3083,PENDING_AG03,FALSE,NOT_FOR_ENFORCEMENT,-59.5486,9680.8986,-62.0298,-59.5486,-2.4812,-0.00557501,-0.00535201,-2.4812,-59.5486,-0.00535201,-2.4812,-2.4812,-3.1015,0.0000,0.0000,-59.5486,-0.00535201,-8.0639,-7.7215,-53.9659,-54.3083,-0.00485026,-0.00488103,-0.00022300,51.9925,47.1228,-0.2899,-1.9384,-0.4191,347.7000,6.6875,43.0141,61.4889,24.1571,40.8781,67.4636,105.4118,121.1347,160.9159,40.8781,0.0,2.963317,3.936485,1.271893,29,72,52,2,0.42525465,-0.00557501,0.11796086,0E-8,0.000000,0.906337,0.000000,-0.21494018,2026-04-26,2026-08-06,32,148,142,103,0.310680,0.699543,0.827314,1.417515,,,,,,,,GLOBAL_BASELINE_NO_ENTITY_RANKING,,,NOT_APPLICABLE_GLOBAL_BASELINE,HF9g-P5,,,,X 全窗基线 · 不参与实体赏罚,3923799,393,A168_HF9F_20260827_0900,2026-08-27 09:00:00
2026-07-16,134737460,2289,0,24.5268364469,0E-10,0E-10,,1,1,0.50665070000000000,0.506650700000,,,,0E-17,NO_DECISIVE_ROUND,R03b_20260811_FULL_v1,L1_ELIGIBILITY,v2026-08-11,2026-03-21..2026-08-06,baccarat_bet02_101_all_pairs_incl_sentinel,round_win = game_pnl > 0 (decisive only),COMPATIBILITY_ONLY_NOT_PRODUCTION,11126.3988,10084.2693,-62.0298,214,214,0.00557501,-0.11796086,0.09697932,0.00557501,62.0298,11126.3988,OK,0.0000,-2.4812,4.0000,96.0000,AG03-UNRESOLVED,ALL5_LEVELS_bet23_to_bet27,-2.4812,-2.4812,-3.1015,0.0000,0.0000,4.000000,4.000000,5.000000,0.000000,0.000000,96.000000,96.000000,95.000000,100.000000,100.000000,5.0,-8.0639,-7.7215,-53.9659,-54.3083,PENDING_AG03,FALSE,NOT_FOR_ENFORCEMENT,-59.5486,9680.8986,-62.0298,-59.5486,-2.4812,-0.00557501,-0.00535201,-2.4812,-59.5486,-0.00535201,-2.4812,-2.4812,-3.1015,0.0000,0.0000,-59.5486,-0.00535201,-8.0639,-7.7215,-53.9659,-54.3083,-0.00485026,-0.00488103,-0.00022300,51.9925,47.1228,-0.2899,-1.9384,-0.4191,347.7000,6.6875,43.0141,61.4889,24.1571,40.8781,67.4636,105.4118,121.1347,160.9159,40.8781,0.0,2.963317,3.936485,1.271893,29,72,52,2,0.42525465,-0.00557501,0.11796086,0E-8,0.000000,0.906337,0.000000,-0.21494018,2026-04-26,2026-08-06,32,148,142,103,0.310680,0.699543,0.827314,1.417515,,,,,,,,GLOBAL_BASELINE_NO_ENTITY_RANKING,,,NOT_APPLICABLE_GLOBAL_BASELINE,HF9g-P5,,,,X 全窗基线 · 不参与实体赏罚,3923800,393,A168_HF9F_20260827_0900,2026-08-27 09:00:00
2026-07-18,134737460,-1,1,81.7561214896,-40.8780607448,-40.8780607448,0E-7,2,2,0.49994810000000000,0.499948100000,-0.9998962053866608,-0.9998962053866608,-0.9998962053866608,0E-17,SENTINEL_DEALER,R03b_20260811_FULL_v1,L1_ELIGIBILITY,v2026-08-11,2026-03-21..2026-08-06,baccarat_bet02_101_all_pairs_incl_sentinel,round_win = game_pnl > 0 (decisive only),COMPATIBILITY_ONLY_NOT_PRODUCTION,11126.3988,10084.2693,-62.0298,214,214,0.00557501,-0.11796086,0.09697932,0.00557501,62.0298,11126.3988,OK,0.0000,-2.4812,4.0000,96.0000,AG03-UNRESOLVED,ALL5_LEVELS_bet23_to_bet27,-2.4812,-2.4812,-3.1015,0.0000,0.0000,4.000000,4.000000,5.000000,0.000000,0.000000,96.000000,96.000000,95.000000,100.000000,100.000000,5.0,-8.0639,-7.7215,-53.9659,-54.3083,PENDING_AG03,FALSE,NOT_FOR_ENFORCEMENT,-59.5486,9680.8986,-62.0298,-59.5486,-2.4812,-0.00557501,-0.00535201,-2.4812,-59.5486,-0.00535201,-2.4812,-2.4812,-3.1015,0.0000,0.0000,-59.5486,-0.00535201,-8.0639,-7.7215,-53.9659,-54.3083,-0.00485026,-0.00488103,-0.00022300,51.9925,47.1228,-0.2899,-1.9384,-0.4191,347.7000,6.6875,43.0141,61.4889,24.1571,40.8781,67.4636,105.4118,121.1347,160.9159,40.8781,0.0,2.963317,3.936485,1.271893,29,72,52,2,0.42525465,-0.00557501,0.11796086,0E-8,0.000000,0.906337,0.000000,-0.21494018,2026-04-26,2026-08-06,32,148,142,103,0.310680,0.699543,0.827314,1.417515,,,,,,,,GLOBAL_BASELINE_NO_ENTITY_RANKING,,,NOT_APPLICABLE_GLOBAL_BASELINE,HF9g-P5,,,,X 全窗基线 · 不参与实体赏罚,3923801,393,A168_HF9F_20260827_0900,2026-08-27 09:00:00
2026-07-18,134737460,1985,0,80.7341699710,76.6974614725,76.6974614725,1.0000000,3,3,0.50665070000000000,0.506650700000,1.7091633124209307,1.7091633124209307,1.7091633124209307,0E-17,ELIGIBLE,R03b_20260811_FULL_v1,L1_ELIGIBILITY,v2026-08-11,2026-03-21..2026-08-06,baccarat_bet02_101_all_pairs_incl_sentinel,round_win = game_pnl > 0 (decisive only),COMPATIBILITY_ONLY_NOT_PRODUCTION,11126.3988,10084.2693,-62.0298,214,214,0.00557501,-0.11796086,0.09697932,0.00557501,62.0298,11126.3988,OK,0.0000,-2.4812,4.0000,96.0000,AG03-UNRESOLVED,ALL5_LEVELS_bet23_to_bet27,-2.4812,-2.4812,-3.1015,0.0000,0.0000,4.000000,4.000000,5.000000,0.000000,0.000000,96.000000,96.000000,95.000000,100.000000,100.000000,5.0,-8.0639,-7.7215,-53.9659,-54.3083,PENDING_AG03,FALSE,NOT_FOR_ENFORCEMENT,-59.5486,9680.8986,-62.0298,-59.5486,-2.4812,-0.00557501,-0.00535201,-2.4812,-59.5486,-0.00535201,-2.4812,-2.4812,-3.1015,0.0000,0.0000,-59.5486,-0.00535201,-8.0639,-7.7215,-53.9659,-54.3083,-0.00485026,-0.00488103,-0.00022300,51.9925,47.1228,-0.2899,-1.9384,-0.4191,347.7000,6.6875,43.0141,61.4889,24.1571,40.8781,67.4636,105.4118,121.1347,160.9159,40.8781,0.0,2.963317,3.936485,1.271893,29,72,52,2,0.42525465,-0.00557501,0.11796086,0E-8,0.000000,0.906337,0.000000,-0.21494018,2026-04-26,2026-08-06,32,148,142,103,0.310680,0.699543,0.827314,1.417515,,,,,,,,GLOBAL_BASELINE_NO_ENTITY_RANKING,,,NOT_APPLICABLE_GLOBAL_BASELINE,HF9g-P5,,,,X 全窗基线 · 不参与实体赏罚,3923802,393,A168_HF9F_20260827_0900,2026-08-27 09:00:00
2026-07-18,134737460,2212,0,20.4390303724,20.4390303724,20.4390303724,1.0000000,1,1,0.49324550000000000,0.493245500000,1.01360149184955,1.01360149184955,1.01360149184955,0E-17,ELIGIBLE,R03b_20260811_FULL_v1,L1_ELIGIBILITY,v2026-08-11,2026-03-21..2026-08-06,baccarat_bet02_101_all_pairs_incl_sentinel,round_win = game_pnl > 0 (decisive only),COMPATIBILITY_ONLY_NOT_PRODUCTION,11126.3988,10084.2693,-62.0298,214,214,0.00557501,-0.11796086,0.09697932,0.00557501,62.0298,11126.3988,OK,0.0000,-2.4812,4.0000,96.0000,AG03-UNRESOLVED,ALL5_LEVELS_bet23_to_bet27,-2.4812,-2.4812,-3.1015,0.0000,0.0000,4.000000,4.000000,5.000000,0.000000,0.000000,96.000000,96.000000,95.000000,100.000000,100.000000,5.0,-8.0639,-7.7215,-53.9659,-54.3083,PENDING_AG03,FALSE,NOT_FOR_ENFORCEMENT,-59.5486,9680.8986,-62.0298,-59.5486,-2.4812,-0.00557501,-0.00535201,-2.4812,-59.5486,-0.00535201,-2.4812,-2.4812,-3.1015,0.0000,0.0000,-59.5486,-0.00535201,-8.0639,-7.7215,-53.9659,-54.3083,-0.00485026,-0.00488103,-0.00022300,51.9925,47.1228,-0.2899,-1.9384,-0.4191,347.7000,6.6875,43.0141,61.4889,24.1571,40.8781,67.4636,105.4118,121.1347,160.9159,40.8781,0.0,2.963317,3.936485,1.271893,29,72,52,2,0.42525465,-0.00557501,0.11796086,0E-8,0.000000,0.906337,0.000000,-0.21494018,2026-04-26,2026-08-06,32,148,142,103,0.310680,0.699543,0.827314,1.417515,,,,,,,,GLOBAL_BASELINE_NO_ENTITY_RANKING,,,NOT_APPLICABLE_GLOBAL_BASELINE,HF9g-P5,,,,X 全窗基线 · 不参与实体赏罚,3923803,393,A168_HF9F_20260827_0900,2026-08-27 09:00:00
2026-07-18,134737460,915,0,40.8780607448,-40.8780607448,-40.8780607448,0E-7,1,1,0.49324550000000000,0.493245500000,-0.9865810262130424,-0.9865810262130424,-0.9865810262130424,0E-17,ELIGIBLE,R03b_20260811_FULL_v1,L1_ELIGIBILITY,v2026-08-11,2026-03-21..2026-08-06,baccarat_bet02_101_all_pairs_incl_sentinel,round_win = game_pnl > 0 (decisive only),COMPATIBILITY_ONLY_NOT_PRODUCTION,11126.3988,10084.2693,-62.0298,214,214,0.00557501,-0.11796086,0.09697932,0.00557501,62.0298,11126.3988,OK,0.0000,-2.4812,4.0000,96.0000,AG03-UNRESOLVED,ALL5_LEVELS_bet23_to_bet27,-2.4812,-2.4812,-3.1015,0.0000,0.0000,4.000000,4.000000,5.000000,0.000000,0.000000,96.000000,96.000000,95.000000,100.000000,100.000000,5.0,-8.0639,-7.7215,-53.9659,-54.3083,PENDING_AG03,FALSE,NOT_FOR_ENFORCEMENT,-59.5486,9680.8986,-62.0298,-59.5486,-2.4812,-0.00557501,-0.00535201,-2.4812,-59.5486,-0.00535201,-2.4812,-2.4812,-3.1015,0.0000,0.0000,-59.5486,-0.00535201,-8.0639,-7.7215,-53.9659,-54.3083,-0.00485026,-0.00488103,-0.00022300,51.9925,47.1228,-0.2899,-1.9384,-0.4191,347.7000,6.6875,43.0141,61.4889,24.1571,40.8781,67.4636,105.4118,121.1347,160.9159,40.8781,0.0,2.963317,3.936485,1.271893,29,72,52,2,0.42525465,-0.00557501,0.11796086,0E-8,0.000000,0.906337,0.000000,-0.21494018,2026-04-26,2026-08-06,32,148,142,103,0.310680,0.699543,0.827314,1.417515,,,,,,,,GLOBAL_BASELINE_NO_ENTITY_RANKING,,,NOT_APPLICABLE_GLOBAL_BASELINE,HF9g-P5,,,,X 全窗基线 · 不参与实体赏罚,3923804,393,A168_HF9F_20260827_0900,2026-08-27 09:00:00
2026-07-22,134737460,2209,0,61.3170911172,61.3170911172,61.3170911172,1.0000000,2,2,0.49324550000000000,0.493245500000,1.4334489766152358,1.4334489766152358,1.4334489766152358,0E-17,ELIGIBLE,R03b_20260811_FULL_v1,L1_ELIGIBILITY,v2026-08-11,2026-03-21..2026-08-06,baccarat_bet02_101_all_pairs_incl_sentinel,round_win = game_pnl > 0 (decisive only),COMPATIBILITY_ONLY_NOT_PRODUCTION,11126.3988,10084.2693,-62.0298,214,214,0.00557501,-0.11796086,0.09697932,0.00557501,62.0298,11126.3988,OK,0.0000,-2.4812,4.0000,96.0000,AG03-UNRESOLVED,ALL5_LEVELS_bet23_to_bet27,-2.4812,-2.4812,-3.1015,0.0000,0.0000,4.000000,4.000000,5.000000,0.000000,0.000000,96.000000,96.000000,95.000000,100.000000,100.000000,5.0,-8.0639,-7.7215,-53.9659,-54.3083,PENDING_AG03,FALSE,NOT_FOR_ENFORCEMENT,-59.5486,9680.8986,-62.0298,-59.5486,-2.4812,-0.00557501,-0.00535201,-2.4812,-59.5486,-0.00535201,-2.4812,-2.4812,-3.1015,0.0000,0.0000,-59.5486,-0.00535201,-8.0639,-7.7215,-53.9659,-54.3083,-0.00485026,-0.00488103,-0.00022300,51.9925,47.1228,-0.2899,-1.9384,-0.4191,347.7000,6.6875,43.0141,61.4889,24.1571,40.8781,67.4636,105.4118,121.1347,160.9159,40.8781,0.0,2.963317,3.936485,1.271893,29,72,52,2,0.42525465,-0.00557501,0.11796086,0E-8,0.000000,0.906337,0.000000,-0.21494018,2026-04-26,2026-08-06,32,148,142,103,0.310680,0.699543,0.827314,1.417515,,,,,,,,GLOBAL_BASELINE_NO_ENTITY_RANKING,,,NOT_APPLICABLE_GLOBAL_BASELINE,HF9g-P5,,,,X 全窗基线 · 不参与实体赏罚,3923805,393,A168_HF9F_20260827_0900,2026-08-27 09:00:00
2026-07-23,134737460,-1,1,122.6341822344,-40.8780607448,-40.8780607448,0.3333333,3,3,0.49771390000000000,0.497713900000,-0.5694369385616226,-0.5694369385616226,-0.5694369385616226,0E-17,SENTINEL_DEALER,R03b_20260811_FULL_v1,L1_ELIGIBILITY,v2026-08-11,2026-03-21..2026-08-06,baccarat_bet02_101_all_pairs_incl_sentinel,round_win = game_pnl > 0 (decisive only),COMPATIBILITY_ONLY_NOT_PRODUCTION,11126.3988,10084.2693,-62.0298,214,214,0.00557501,-0.11796086,0.09697932,0.00557501,62.0298,11126.3988,OK,0.0000,-2.4812,4.0000,96.0000,AG03-UNRESOLVED,ALL5_LEVELS_bet23_to_bet27,-2.4812,-2.4812,-3.1015,0.0000,0.0000,4.000000,4.000000,5.000000,0.000000,0.000000,96.000000,96.000000,95.000000,100.000000,100.000000,5.0,-8.0639,-7.7215,-53.9659,-54.3083,PENDING_AG03,FALSE,NOT_FOR_ENFORCEMENT,-59.5486,9680.8986,-62.0298,-59.5486,-2.4812,-0.00557501,-0.00535201,-2.4812,-59.5486,-0.00535201,-2.4812,-2.4812,-3.1015,0.0000,0.0000,-59.5486,-0.00535201,-8.0639,-7.7215,-53.9659,-54.3083,-0.00485026,-0.00488103,-0.00022300,51.9925,47.1228,-0.2899,-1.9384,-0.4191,347.7000,6.6875,43.0141,61.4889,24.1571,40.8781,67.4636,105.4118,121.1347,160.9159,40.8781,0.0,2.963317,3.936485,1.271893,29,72,52,2,0.42525465,-0.00557501,0.11796086,0E-8,0.000000,0.906337,0.000000,-0.21494018,2026-04-26,2026-08-06,32,148,142,103,0.310680,0.699543,0.827314,1.417515,,,,,,,,GLOBAL_BASELINE_NO_ENTITY_RANKING,,,NOT_APPLICABLE_GLOBAL_BASELINE,HF9g-P5,,,,X 全窗基线 · 不参与实体赏罚,3923806,393,A168_HF9F_20260827_0900,2026-08-27 09:00:00
2026-07-23,134737460,1935,0,48.6448922863,-48.6448922863,-48.6448922863,0E-7,2,2,0.50665070000000000,0.506650700000,-1.4331513700195317,-1.4331513700195317,-1.4331513700195317,0E-17,ELIGIBLE,R03b_20260811_FULL_v1,L1_ELIGIBILITY,v2026-08-11,2026-03-21..2026-08-06,baccarat_bet02_101_all_pairs_incl_sentinel,round_win = game_pnl > 0 (decisive only),COMPATIBILITY_ONLY_NOT_PRODUCTION,11126.3988,10084.2693,-62.0298,214,214,0.00557501,-0.11796086,0.09697932,0.00557501,62.0298,11126.3988,OK,0.0000,-2.4812,4.0000,96.0000,AG03-UNRESOLVED,ALL5_LEVELS_bet23_to_bet27,-2.4812,-2.4812,-3.1015,0.0000,0.0000,4.000000,4.000000,5.000000,0.000000,0.000000,96.000000,96.000000,95.000000,100.000000,100.000000,5.0,-8.0639,-7.7215,-53.9659,-54.3083,PENDING_AG03,FALSE,NOT_FOR_ENFORCEMENT,-59.5486,9680.8986,-62.0298,-59.5486,-2.4812,-0.00557501,-0.00535201,-2.4812,-59.5486,-0.00535201,-2.4812,-2.4812,-3.1015,0.0000,0.0000,-59.5486,-0.00535201,-8.0639,-7.7215,-53.9659,-54.3083,-0.00485026,-0.00488103,-0.00022300,51.9925,47.1228,-0.2899,-1.9384,-0.4191,347.7000,6.6875,43.0141,61.4889,24.1571,40.8781,67.4636,105.4118,121.1347,160.9159,40.8781,0.0,2.963317,3.936485,1.271893,29,72,52,2,0.42525465,-0.00557501,0.11796086,0E-8,0.000000,0.906337,0.000000,-0.21494018,2026-04-26,2026-08-06,32,148,142,103,0.310680,0.699543,0.827314,1.417515,,,,,,,,GLOBAL_BASELINE_NO_ENTITY_RANKING,,,NOT_APPLICABLE_GLOBAL_BASELINE,HF9g-P5,,,,X 全窗基线 · 不参与实体赏罚,3923807,393,A168_HF9F_20260827_0900,2026-08-27 09:00:00
2026-07-23,134737460,2142,0,106.0785676328,-57.4336753464,-57.4336753464,0.5000000,2,2,0.49324550000000000,0.493245500000,0.01910635448239258,0.01910635448239258,0.01910635448239258,0E-17,ELIGIBLE,R03b_20260811_FULL_v1,L1_ELIGIBILITY,v2026-08-11,2026-03-21..2026-08-06,baccarat_bet02_101_all_pairs_incl_sentinel,round_win = game_pnl > 0 (decisive only),COMPATIBILITY_ONLY_NOT_PRODUCTION,11126.3988,10084.2693,-62.0298,214,214,0.00557501,-0.11796086,0.09697932,0.00557501,62.0298,11126.3988,OK,0.0000,-2.4812,4.0000,96.0000,AG03-UNRESOLVED,ALL5_LEVELS_bet23_to_bet27,-2.4812,-2.4812,-3.1015,0.0000,0.0000,4.000000,4.000000,5.000000,0.000000,0.000000,96.000000,96.000000,95.000000,100.000000,100.000000,5.0,-8.0639,-7.7215,-53.9659,-54.3083,PENDING_AG03,FALSE,NOT_FOR_ENFORCEMENT,-59.5486,9680.8986,-62.0298,-59.5486,-2.4812,-0.00557501,-0.00535201,-2.4812,-59.5486,-0.00535201,-2.4812,-2.4812,-3.1015,0.0000,0.0000,-59.5486,-0.00535201,-8.0639,-7.7215,-53.9659,-54.3083,-0.00485026,-0.00488103,-0.00022300,51.9925,47.1228,-0.2899,-1.9384,-0.4191,347.7000,6.6875,43.0141,61.4889,24.1571,40.8781,67.4636,105.4118,121.1347,160.9159,40.8781,0.0,2.963317,3.936485,1.271893,29,72,52,2,0.42525465,-0.00557501,0.11796086,0E-8,0.000000,0.906337,0.000000,-0.21494018,2026-04-26,2026-08-06,32,148,142,103,0.310680,0.699543,0.827314,1.417515,,,,,,,,GLOBAL_BASELINE_NO_ENTITY_RANKING,,,NOT_APPLICABLE_GLOBAL_BASELINE,HF9g-P5,,,,X 全窗基线 · 不参与实体赏罚,3923808,393,A168_HF9F_20260827_0900,2026-08-27 09:00:00
2026-07-23,134737460,2205,0,75.6244123779,2.0439030373,2.0439030373,0.5000000,2,2,0.49994810000000000,0.499948100000,0.00014679536856514622,0.00014679536856514622,0.00014679536856514622,0E-17,ELIGIBLE,R03b_20260811_FULL_v1,L1_ELIGIBILITY,v2026-08-11,2026-03-21..2026-08-06,baccarat_bet02_101_all_pairs_incl_sentinel,round_win = game_pnl > 0 (decisive only),COMPATIBILITY_ONLY_NOT_PRODUCTION,11126.3988,10084.2693,-62.0298,214,214,0.00557501,-0.11796086,0.09697932,0.00557501,62.0298,11126.3988,OK,0.0000,-2.4812,4.0000,96.0000,AG03-UNRESOLVED,ALL5_LEVELS_bet23_to_bet27,-2.4812,-2.4812,-3.1015,0.0000,0.0000,4.000000,4.000000,5.000000,0.000000,0.000000,96.000000,96.000000,95.000000,100.000000,100.000000,5.0,-8.0639,-7.7215,-53.9659,-54.3083,PENDING_AG03,FALSE,NOT_FOR_ENFORCEMENT,-59.5486,9680.8986,-62.0298,-59.5486,-2.4812,-0.00557501,-0.00535201,-2.4812,-59.5486,-0.00535201,-2.4812,-2.4812,-3.1015,0.0000,0.0000,-59.5486,-0.00535201,-8.0639,-7.7215,-53.9659,-54.3083,-0.00485026,-0.00488103,-0.00022300,51.9925,47.1228,-0.2899,-1.9384,-0.4191,347.7000,6.6875,43.0141,61.4889,24.1571,40.8781,67.4636,105.4118,121.1347,160.9159,40.8781,0.0,2.963317,3.936485,1.271893,29,72,52,2,0.42525465,-0.00557501,0.11796086,0E-8,0.000000,0.906337,0.000000,-0.21494018,2026-04-26,2026-08-06,32,148,142,103,0.310680,0.699543,0.827314,1.417515,,,,,,,,GLOBAL_BASELINE_NO_ENTITY_RANKING,,,NOT_APPLICABLE_GLOBAL_BASELINE,HF9g-P5,,,,X 全窗基线 · 不参与实体赏罚,3923809,393,A168_HF9F_20260827_0900,2026-08-27 09:00:00
2026-07-23,134737460,2216,0,79.7122184524,38.8341577076,38.8341577076,1.0000000,2,2,0.49994810000000000,0.499948100000,1.0001038053877793,1.0001038053877793,1.0001038053877793,0E-17,ELIGIBLE,R03b_20260811_FULL_v1,L1_ELIGIBILITY,v2026-08-11,2026-03-21..2026-08-06,baccarat_bet02_101_all_pairs_incl_sentinel,round_win = game_pnl > 0 (decisive only),COMPATIBILITY_ONLY_NOT_PRODUCTION,11126.3988,10084.2693,-62.0298,214,214,0.00557501,-0.11796086,0.09697932,0.00557501,62.0298,11126.3988,OK,0.0000,-2.4812,4.0000,96.0000,AG03-UNRESOLVED,ALL5_LEVELS_bet23_to_bet27,-2.4812,-2.4812,-3.1015,0.0000,0.0000,4.000000,4.000000,5.000000,0.000000,0.000000,96.000000,96.000000,95.000000,100.000000,100.000000,5.0,-8.0639,-7.7215,-53.9659,-54.3083,PENDING_AG03,FALSE,NOT_FOR_ENFORCEMENT,-59.5486,9680.8986,-62.0298,-59.5486,-2.4812,-0.00557501,-0.00535201,-2.4812,-59.5486,-0.00535201,-2.4812,-2.4812,-3.1015,0.0000,0.0000,-59.5486,-0.00535201,-8.0639,-7.7215,-53.9659,-54.3083,-0.00485026,-0.00488103,-0.00022300,51.9925,47.1228,-0.2899,-1.9384,-0.4191,347.7000,6.6875,43.0141,61.4889,24.1571,40.8781,67.4636,105.4118,121.1347,160.9159,40.8781,0.0,2.963317,3.936485,1.271893,29,72,52,2,0.42525465,-0.00557501,0.11796086,0E-8,0.000000,0.906337,0.000000,-0.21494018,2026-04-26,2026-08-06,32,148,142,103,0.310680,0.699543,0.827314,1.417515,,,,,,,,GLOBAL_BASELINE_NO_ENTITY_RANKING,,,NOT_APPLICABLE_GLOBAL_BASELINE,HF9g-P5,,,,X 全窗基线 · 不参与实体赏罚,3923810,393,A168_HF9F_20260827_0900,2026-08-27 09:00:00
2026-07-23,134737460,2223,0,81.7561214896,-81.7561214896,-81.7561214896,0E-7,2,2,0.50665070000000000,0.506650700000,-1.4331513700195317,-1.4331513700195317,-1.4331513700195317,0E-17,ELIGIBLE,R03b_20260811_FULL_v1,L1_ELIGIBILITY,v2026-08-11,2026-03-21..2026-08-06,baccarat_bet02_101_all_pairs_incl_sentinel,round_win = game_pnl > 0 (decisive only),COMPATIBILITY_ONLY_NOT_PRODUCTION,11126.3988,10084.2693,-62.0298,214,214,0.00557501,-0.11796086,0.09697932,0.00557501,62.0298,11126.3988,OK,0.0000,-2.4812,4.0000,96.0000,AG03-UNRESOLVED,ALL5_LEVELS_bet23_to_bet27,-2.4812,-2.4812,-3.1015,0.0000,0.0000,4.000000,4.000000,5.000000,0.000000,0.000000,96.000000,96.000000,95.000000,100.000000,100.000000,5.0,-8.0639,-7.7215,-53.9659,-54.3083,PENDING_AG03,FALSE,NOT_FOR_ENFORCEMENT,-59.5486,9680.8986,-62.0298,-59.5486,-2.4812,-0.00557501,-0.00535201,-2.4812,-59.5486,-0.00535201,-2.4812,-2.4812,-3.1015,0.0000,0.0000,-59.5486,-0.00535201,-8.0639,-7.7215,-53.9659,-54.3083,-0.00485026,-0.00488103,-0.00022300,51.9925,47.1228,-0.2899,-1.9384,-0.4191,347.7000,6.6875,43.0141,61.4889,24.1571,40.8781,67.4636,105.4118,121.1347,160.9159,40.8781,0.0,2.963317,3.936485,1.271893,29,72,52,2,0.42525465,-0.00557501,0.11796086,0E-8,0.000000,0.906337,0.000000,-0.21494018,2026-04-26,2026-08-06,32,148,142,103,0.310680,0.699543,0.827314,1.417515,,,,,,,,GLOBAL_BASELINE_NO_ENTITY_RANKING,,,NOT_APPLICABLE_GLOBAL_BASELINE,HF9g-P5,,,,X 全窗基线 · 不参与实体赏罚,3923811,393,A168_HF9F_20260827_0900,2026-08-27 09:00:00
2026-07-24,134737460,-1,1,204.3903037240,-40.8780607448,-40.8780607448,0.5000000,3,3,0.49771390000000000,0.497713900000,0.006466134837551399,0.0064661348375514,0.006466134837551399,0E-17,SENTINEL_DEALER,R03b_20260811_FULL_v1,L1_ELIGIBILITY,v2026-08-11,2026-03-21..2026-08-06,baccarat_bet02_101_all_pairs_incl_sentinel,round_win = game_pnl > 0 (decisive only),COMPATIBILITY_ONLY_NOT_PRODUCTION,11126.3988,10084.2693,-62.0298,214,214,0.00557501,-0.11796086,0.09697932,0.00557501,62.0298,11126.3988,OK,0.0000,-2.4812,4.0000,96.0000,AG03-UNRESOLVED,ALL5_LEVELS_bet23_to_bet27,-2.4812,-2.4812,-3.1015,0.0000,0.0000,4.000000,4.000000,5.000000,0.000000,0.000000,96.000000,96.000000,95.000000,100.000000,100.000000,5.0,-8.0639,-7.7215,-53.9659,-54.3083,PENDING_AG03,FALSE,NOT_FOR_ENFORCEMENT,-59.5486,9680.8986,-62.0298,-59.5486,-2.4812,-0.00557501,-0.00535201,-2.4812,-59.5486,-0.00535201,-2.4812,-2.4812,-3.1015,0.0000,0.0000,-59.5486,-0.00535201,-8.0639,-7.7215,-53.9659,-54.3083,-0.00485026,-0.00488103,-0.00022300,51.9925,47.1228,-0.2899,-1.9384,-0.4191,347.7000,6.6875,43.0141,61.4889,24.1571,40.8781,67.4636,105.4118,121.1347,160.9159,40.8781,0.0,2.963317,3.936485,1.271893,29,72,52,2,0.42525465,-0.00557501,0.11796086,0E-8,0.000000,0.906337,0.000000,-0.21494018,2026-04-26,2026-08-06,32,148,142,103,0.310680,0.699543,0.827314,1.417515,,,,,,,,GLOBAL_BASELINE_NO_ENTITY_RANKING,,,NOT_APPLICABLE_GLOBAL_BASELINE,HF9g-P5,,,,X 全窗基线 · 不参与实体赏罚,3923812,393,A168_HF9F_20260827_0900,2026-08-27 09:00:00
2026-07-24,134737460,1363,0,81.7561214896,77.6683154151,77.6683154151,1.0000000,1,1,0.50665070000000000,0.506650700000,0.9867858985152569,0.9867858985152569,0.9867858985152569,0E-17,ELIGIBLE,R03b_20260811_FULL_v1,L1_ELIGIBILITY,v2026-08-11,2026-03-21..2026-08-06,baccarat_bet02_101_all_pairs_incl_sentinel,round_win = game_pnl > 0 (decisive only),COMPATIBILITY_ONLY_NOT_PRODUCTION,11126.3988,10084.2693,-62.0298,214,214,0.00557501,-0.11796086,0.09697932,0.00557501,62.0298,11126.3988,OK,0.0000,-2.4812,4.0000,96.0000,AG03-UNRESOLVED,ALL5_LEVELS_bet23_to_bet27,-2.4812,-2.4812,-3.1015,0.0000,0.0000,4.000000,4.000000,5.000000,0.000000,0.000000,96.000000,96.000000,95.000000,100.000000,100.000000,5.0,-8.0639,-7.7215,-53.9659,-54.3083,PENDING_AG03,FALSE,NOT_FOR_ENFORCEMENT,-59.5486,9680.8986,-62.0298,-59.5486,-2.4812,-0.00557501,-0.00535201,-2.4812,-59.5486,-0.00535201,-2.4812,-2.4812,-3.1015,0.0000,0.0000,-59.5486,-0.00535201,-8.0639,-7.7215,-53.9659,-54.3083,-0.00485026,-0.00488103,-0.00022300,51.9925,47.1228,-0.2899,-1.9384,-0.4191,347.7000,6.6875,43.0141,61.4889,24.1571,40.8781,67.4636,105.4118,121.1347,160.9159,40.8781,0.0,2.963317,3.936485,1.271893,29,72,52,2,0.42525465,-0.00557501,0.11796086,0E-8,0.000000,0.906337,0.000000,-0.21494018,2026-04-26,2026-08-06,32,148,142,103,0.310680,0.699543,0.827314,1.417515,,,,,,,,GLOBAL_BASELINE_NO_ENTITY_RANKING,,,NOT_APPLICABLE_GLOBAL_BASELINE,HF9g-P5,,,,X 全窗基线 · 不参与实体赏罚,3923813,393,A168_HF9F_20260827_0900,2026-08-27 09:00:00
2026-07-24,134737460,2209,0,57.2292850427,36.7902546703,36.7902546703,1.0000000,2,2,0.49324550000000000,0.493245500000,1.01360149184955,1.01360149184955,1.01360149184955,0E-17,ELIGIBLE,R03b_20260811_FULL_v1,L1_ELIGIBILITY,v2026-08-11,2026-03-21..2026-08-06,baccarat_bet02_101_all_pairs_incl_sentinel,round_win = game_pnl > 0 (decisive only),COMPATIBILITY_ONLY_NOT_PRODUCTION,11126.3988,10084.2693,-62.0298,214,214,0.00557501,-0.11796086,0.09697932,0.00557501,62.0298,11126.3988,OK,0.0000,-2.4812,4.0000,96.0000,AG03-UNRESOLVED,ALL5_LEVELS_bet23_to_bet27,-2.4812,-2.4812,-3.1015,0.0000,0.0000,4.000000,4.000000,5.000000,0.000000,0.000000,96.000000,96.000000,95.000000,100.000000,100.000000,5.0,-8.0639,-7.7215,-53.9659,-54.3083,PENDING_AG03,FALSE,NOT_FOR_ENFORCEMENT,-59.5486,9680.8986,-62.0298,-59.5486,-2.4812,-0.00557501,-0.00535201,-2.4812,-59.5486,-0.00535201,-2.4812,-2.4812,-3.1015,0.0000,0.0000,-59.5486,-0.00535201,-8.0639,-7.7215,-53.9659,-54.3083,-0.00485026,-0.00488103,-0.00022300,51.9925,47.1228,-0.2899,-1.9384,-0.4191,347.7000,6.6875,43.0141,61.4889,24.1571,40.8781,67.4636,105.4118,121.1347,160.9159,40.8781,0.0,2.963317,3.936485,1.271893,29,72,52,2,0.42525465,-0.00557501,0.11796086,0E-8,0.000000,0.906337,0.000000,-0.21494018,2026-04-26,2026-08-06,32,148,142,103,0.310680,0.699543,0.827314,1.417515,,,,,,,,GLOBAL_BASELINE_NO_ENTITY_RANKING,,,NOT_APPLICABLE_GLOBAL_BASELINE,HF9g-P5,,,,X 全窗基线 · 不参与实体赏罚,3923814,393,A168_HF9F_20260827_0900,2026-08-27 09:00:00
2026-07-24,134737460,2229,0,32.7024485958,-32.7024485958,-32.7024485958,0E-7,1,1,0.50665070000000000,0.506650700000,-1.013391052207602,-1.013391052207602,-1.013391052207602,0E-17,ELIGIBLE,R03b_20260811_FULL_v1,L1_ELIGIBILITY,v2026-08-11,2026-03-21..2026-08-06,baccarat_bet02_101_all_pairs_incl_sentinel,round_win = game_pnl > 0 (decisive only),COMPATIBILITY_ONLY_NOT_PRODUCTION,11126.3988,10084.2693,-62.0298,214,214,0.00557501,-0.11796086,0.09697932,0.00557501,62.0298,11126.3988,OK,0.0000,-2.4812,4.0000,96.0000,AG03-UNRESOLVED,ALL5_LEVELS_bet23_to_bet27,-2.4812,-2.4812,-3.1015,0.0000,0.0000,4.000000,4.000000,5.000000,0.000000,0.000000,96.000000,96.000000,95.000000,100.000000,100.000000,5.0,-8.0639,-7.7215,-53.9659,-54.3083,PENDING_AG03,FALSE,NOT_FOR_ENFORCEMENT,-59.5486,9680.8986,-62.0298,-59.5486,-2.4812,-0.00557501,-0.00535201,-2.4812,-59.5486,-0.00535201,-2.4812,-2.4812,-3.1015,0.0000,0.0000,-59.5486,-0.00535201,-8.0639,-7.7215,-53.9659,-54.3083,-0.00485026,-0.00488103,-0.00022300,51.9925,47.1228,-0.2899,-1.9384,-0.4191,347.7000,6.6875,43.0141,61.4889,24.1571,40.8781,67.4636,105.4118,121.1347,160.9159,40.8781,0.0,2.963317,3.936485,1.271893,29,72,52,2,0.42525465,-0.00557501,0.11796086,0E-8,0.000000,0.906337,0.000000,-0.21494018,2026-04-26,2026-08-06,32,148,142,103,0.310680,0.699543,0.827314,1.417515,,,,,,,,GLOBAL_BASELINE_NO_ENTITY_RANKING,,,NOT_APPLICABLE_GLOBAL_BASELINE,HF9g-P5,,,,X 全窗基线 · 不参与实体赏罚,3923815,393,A168_HF9F_20260827_0900,2026-08-27 09:00:00
2026-07-24,134737460,583,0,20.4390303724,-20.4390303724,-20.4390303724,0E-7,1,1,0.49324550000000000,0.493245500000,-0.9865810262130424,-0.9865810262130424,-0.9865810262130424,0E-17,ELIGIBLE,R03b_20260811_FULL_v1,L1_ELIGIBILITY,v2026-08-11,2026-03-21..2026-08-06,baccarat_bet02_101_all_pairs_incl_sentinel,round_win = game_pnl > 0 (decisive only),COMPATIBILITY_ONLY_NOT_PRODUCTION,11126.3988,10084.2693,-62.0298,214,214,0.00557501,-0.11796086,0.09697932,0.00557501,62.0298,11126.3988,OK,0.0000,-2.4812,4.0000,96.0000,AG03-UNRESOLVED,ALL5_LEVELS_bet23_to_bet27,-2.4812,-2.4812,-3.1015,0.0000,0.0000,4.000000,4.000000,5.000000,0.000000,0.000000,96.000000,96.000000,95.000000,100.000000,100.000000,5.0,-8.0639,-7.7215,-53.9659,-54.3083,PENDING_AG03,FALSE,NOT_FOR_ENFORCEMENT,-59.5486,9680.8986,-62.0298,-59.5486,-2.4812,-0.00557501,-0.00535201,-2.4812,-59.5486,-0.00535201,-2.4812,-2.4812,-3.1015,0.0000,0.0000,-59.5486,-0.00535201,-8.0639,-7.7215,-53.9659,-54.3083,-0.00485026,-0.00488103,-0.00022300,51.9925,47.1228,-0.2899,-1.9384,-0.4191,347.7000,6.6875,43.0141,61.4889,24.1571,40.8781,67.4636,105.4118,121.1347,160.9159,40.8781,0.0,2.963317,3.936485,1.271893,29,72,52,2,0.42525465,-0.00557501,0.11796086,0E-8,0.000000,0.906337,0.000000,-0.21494018,2026-04-26,2026-08-06,32,148,142,103,0.310680,0.699543,0.827314,1.417515,,,,,,,,GLOBAL_BASELINE_NO_ENTITY_RANKING,,,NOT_APPLICABLE_GLOBAL_BASELINE,HF9g-P5,,,,X 全窗基线 · 不参与实体赏罚,3923816,393,A168_HF9F_20260827_0900,2026-08-27 09:00:00
2026-07-24,134737460,801,0,122.6341822344,-122.6341822344,-122.6341822344,0E-7,1,1,0.50665070000000000,0.506650700000,-1.013391052207602,-1.013391052207602,-1.013391052207602,0E-17,ELIGIBLE,R03b_20260811_FULL_v1,L1_ELIGIBILITY,v2026-08-11,2026-03-21..2026-08-06,baccarat_bet02_101_all_pairs_incl_sentinel,round_win = game_pnl > 0 (decisive only),COMPATIBILITY_ONLY_NOT_PRODUCTION,11126.3988,10084.2693,-62.0298,214,214,0.00557501,-0.11796086,0.09697932,0.00557501,62.0298,11126.3988,OK,0.0000,-2.4812,4.0000,96.0000,AG03-UNRESOLVED,ALL5_LEVELS_bet23_to_bet27,-2.4812,-2.4812,-3.1015,0.0000,0.0000,4.000000,4.000000,5.000000,0.000000,0.000000,96.000000,96.000000,95.000000,100.000000,100.000000,5.0,-8.0639,-7.7215,-53.9659,-54.3083,PENDING_AG03,FALSE,NOT_FOR_ENFORCEMENT,-59.5486,9680.8986,-62.0298,-59.5486,-2.4812,-0.00557501,-0.00535201,-2.4812,-59.5486,-0.00535201,-2.4812,-2.4812,-3.1015,0.0000,0.0000,-59.5486,-0.00535201,-8.0639,-7.7215,-53.9659,-54.3083,-0.00485026,-0.00488103,-0.00022300,51.9925,47.1228,-0.2899,-1.9384,-0.4191,347.7000,6.6875,43.0141,61.4889,24.1571,40.8781,67.4636,105.4118,121.1347,160.9159,40.8781,0.0,2.963317,3.936485,1.271893,29,72,52,2,0.42525465,-0.00557501,0.11796086,0E-8,0.000000,0.906337,0.000000,-0.21494018,2026-04-26,2026-08-06,32,148,142,103,0.310680,0.699543,0.827314,1.417515,,,,,,,,GLOBAL_BASELINE_NO_ENTITY_RANKING,,,NOT_APPLICABLE_GLOBAL_BASELINE,HF9g-P5,,,,X 全窗基线 · 不参与实体赏罚,3923817,393,A168_HF9F_20260827_0900,2026-08-27 09:00:00
2026-07-24,134737460,925,0,40.8780607448,-40.8780607448,-40.8780607448,0E-7,1,1,0.49324550000000000,0.493245500000,-0.9865810262130424,-0.9865810262130424,-0.9865810262130424,0E-17,ELIGIBLE,R03b_20260811_FULL_v1,L1_ELIGIBILITY,v2026-08-11,2026-03-21..2026-08-06,baccarat_bet02_101_all_pairs_incl_sentinel,round_win = game_pnl > 0 (decisive only),COMPATIBILITY_ONLY_NOT_PRODUCTION,11126.3988,10084.2693,-62.0298,214,214,0.00557501,-0.11796086,0.09697932,0.00557501,62.0298,11126.3988,OK,0.0000,-2.4812,4.0000,96.0000,AG03-UNRESOLVED,ALL5_LEVELS_bet23_to_bet27,-2.4812,-2.4812,-3.1015,0.0000,0.0000,4.000000,4.000000,5.000000,0.000000,0.000000,96.000000,96.000000,95.000000,100.000000,100.000000,5.0,-8.0639,-7.7215,-53.9659,-54.3083,PENDING_AG03,FALSE,NOT_FOR_ENFORCEMENT,-59.5486,9680.8986,-62.0298,-59.5486,-2.4812,-0.00557501,-0.00535201,-2.4812,-59.5486,-0.00535201,-2.4812,-2.4812,-3.1015,0.0000,0.0000,-59.5486,-0.00535201,-8.0639,-7.7215,-53.9659,-54.3083,-0.00485026,-0.00488103,-0.00022300,51.9925,47.1228,-0.2899,-1.9384,-0.4191,347.7000,6.6875,43.0141,61.4889,24.1571,40.8781,67.4636,105.4118,121.1347,160.9159,40.8781,0.0,2.963317,3.936485,1.271893,29,72,52,2,0.42525465,-0.00557501,0.11796086,0E-8,0.000000,0.906337,0.000000,-0.21494018,2026-04-26,2026-08-06,32,148,142,103,0.310680,0.699543,0.827314,1.417515,,,,,,,,GLOBAL_BASELINE_NO_ENTITY_RANKING,,,NOT_APPLICABLE_GLOBAL_BASELINE,HF9g-P5,,,,X 全窗基线 · 不参与实体赏罚,3923818,393,A168_HF9F_20260827_0900,2026-08-27 09:00:00
2026-07-25,134737460,2170,0,20.4390303724,20.4390303724,20.4390303724,1.0000000,1,1,0.49324550000000000,0.493245500000,1.01360149184955,1.01360149184955,1.01360149184955,0E-17,ELIGIBLE,R03b_20260811_FULL_v1,L1_ELIGIBILITY,v2026-08-11,2026-03-21..2026-08-06,baccarat_bet02_101_all_pairs_incl_sentinel,round_win = game_pnl > 0 (decisive only),COMPATIBILITY_ONLY_NOT_PRODUCTION,11126.3988,10084.2693,-62.0298,214,214,0.00557501,-0.11796086,0.09697932,0.00557501,62.0298,11126.3988,OK,0.0000,-2.4812,4.0000,96.0000,AG03-UNRESOLVED,ALL5_LEVELS_bet23_to_bet27,-2.4812,-2.4812,-3.1015,0.0000,0.0000,4.000000,4.000000,5.000000,0.000000,0.000000,96.000000,96.000000,95.000000,100.000000,100.000000,5.0,-8.0639,-7.7215,-53.9659,-54.3083,PENDING_AG03,FALSE,NOT_FOR_ENFORCEMENT,-59.5486,9680.8986,-62.0298,-59.5486,-2.4812,-0.00557501,-0.00535201,-2.4812,-59.5486,-0.00535201,-2.4812,-2.4812,-3.1015,0.0000,0.0000,-59.5486,-0.00535201,-8.0639,-7.7215,-53.9659,-54.3083,-0.00485026,-0.00488103,-0.00022300,51.9925,47.1228,-0.2899,-1.9384,-0.4191,347.7000,6.6875,43.0141,61.4889,24.1571,40.8781,67.4636,105.4118,121.1347,160.9159,40.8781,0.0,2.963317,3.936485,1.271893,29,72,52,2,0.42525465,-0.00557501,0.11796086,0E-8,0.000000,0.906337,0.000000,-0.21494018,2026-04-26,2026-08-06,32,148,142,103,0.310680,0.699543,0.827314,1.417515,,,,,,,,GLOBAL_BASELINE_NO_ENTITY_RANKING,,,NOT_APPLICABLE_GLOBAL_BASELINE,HF9g-P5,,,,X 全窗基线 · 不参与实体赏罚,3923819,393,A168_HF9F_20260827_0900,2026-08-27 09:00:00
2026-07-25,134737460,583,0,40.8780607448,-40.8780607448,-40.8780607448,0E-7,1,1,0.49324550000000000,0.493245500000,-0.9865810262130424,-0.9865810262130424,-0.9865810262130424,0E-17,ELIGIBLE,R03b_20260811_FULL_v1,L1_ELIGIBILITY,v2026-08-11,2026-03-21..2026-08-06,baccarat_bet02_101_all_pairs_incl_sentinel,round_win = game_pnl > 0 (decisive only),COMPATIBILITY_ONLY_NOT_PRODUCTION,11126.3988,10084.2693,-62.0298,214,214,0.00557501,-0.11796086,0.09697932,0.00557501,62.0298,11126.3988,OK,0.0000,-2.4812,4.0000,96.0000,AG03-UNRESOLVED,ALL5_LEVELS_bet23_to_bet27,-2.4812,-2.4812,-3.1015,0.0000,0.0000,4.000000,4.000000,5.000000,0.000000,0.000000,96.000000,96.000000,95.000000,100.000000,100.000000,5.0,-8.0639,-7.7215,-53.9659,-54.3083,PENDING_AG03,FALSE,NOT_FOR_ENFORCEMENT,-59.5486,9680.8986,-62.0298,-59.5486,-2.4812,-0.00557501,-0.00535201,-2.4812,-59.5486,-0.00535201,-2.4812,-2.4812,-3.1015,0.0000,0.0000,-59.5486,-0.00535201,-8.0639,-7.7215,-53.9659,-54.3083,-0.00485026,-0.00488103,-0.00022300,51.9925,47.1228,-0.2899,-1.9384,-0.4191,347.7000,6.6875,43.0141,61.4889,24.1571,40.8781,67.4636,105.4118,121.1347,160.9159,40.8781,0.0,2.963317,3.936485,1.271893,29,72,52,2,0.42525465,-0.00557501,0.11796086,0E-8,0.000000,0.906337,0.000000,-0.21494018,2026-04-26,2026-08-06,32,148,142,103,0.310680,0.699543,0.827314,1.417515,,,,,,,,GLOBAL_BASELINE_NO_ENTITY_RANKING,,,NOT_APPLICABLE_GLOBAL_BASELINE,HF9g-P5,,,,X 全窗基线 · 不参与实体赏罚,3923820,393,A168_HF9F_20260827_0900,2026-08-27 09:00:00
2026-07-31,134737460,-1,1,310.0600907493,223.0204799085,223.0204799085,0.7142857,7,7,0.49899058571428571,0.498990585714,1.1392370589461878,1.139237058947701,1.1392370589461878,2.8571E-13,SENTINEL_DEALER,R03b_20260811_FULL_v1,L1_ELIGIBILITY,v2026-08-11,2026-03-21..2026-08-06,baccarat_bet02_101_all_pairs_incl_sentinel,round_win = game_pnl > 0 (decisive only),COMPATIBILITY_ONLY_NOT_PRODUCTION,11126.3988,10084.2693,-62.0298,214,214,0.00557501,-0.11796086,0.09697932,0.00557501,62.0298,11126.3988,OK,0.0000,-2.4812,4.0000,96.0000,AG03-UNRESOLVED,ALL5_LEVELS_bet23_to_bet27,-2.4812,-2.4812,-3.1015,0.0000,0.0000,4.000000,4.000000,5.000000,0.000000,0.000000,96.000000,96.000000,95.000000,100.000000,100.000000,5.0,-8.0639,-7.7215,-53.9659,-54.3083,PENDING_AG03,FALSE,NOT_FOR_ENFORCEMENT,-59.5486,9680.8986,-62.0298,-59.5486,-2.4812,-0.00557501,-0.00535201,-2.4812,-59.5486,-0.00535201,-2.4812,-2.4812,-3.1015,0.0000,0.0000,-59.5486,-0.00535201,-8.0639,-7.7215,-53.9659,-54.3083,-0.00485026,-0.00488103,-0.00022300,51.9925,47.1228,-0.2899,-1.9384,-0.4191,347.7000,6.6875,43.0141,61.4889,24.1571,40.8781,67.4636,105.4118,121.1347,160.9159,40.8781,0.0,2.963317,3.936485,1.271893,29,72,52,2,0.42525465,-0.00557501,0.11796086,0E-8,0.000000,0.906337,0.000000,-0.21494018,2026-04-26,2026-08-06,32,148,142,103,0.310680,0.699543,0.827314,1.417515,,,,,,,,GLOBAL_BASELINE_NO_ENTITY_RANKING,,,NOT_APPLICABLE_GLOBAL_BASELINE,HF9g-P5,,,,X 全窗基线 · 不参与实体赏罚,3923821,393,A168_HF9F_20260827_0900,2026-08-27 09:00:00
2026-07-31,134737460,994,0,23.5048849283,-23.5048849283,-23.5048849283,0E-7,1,1,0.49324550000000000,0.493245500000,-0.9865810262130424,-0.9865810262130424,-0.9865810262130424,0E-17,ELIGIBLE,R03b_20260811_FULL_v1,L1_ELIGIBILITY,v2026-08-11,2026-03-21..2026-08-06,baccarat_bet02_101_all_pairs_incl_sentinel,round_win = game_pnl > 0 (decisive only),COMPATIBILITY_ONLY_NOT_PRODUCTION,11126.3988,10084.2693,-62.0298,214,214,0.00557501,-0.11796086,0.09697932,0.00557501,62.0298,11126.3988,OK,0.0000,-2.4812,4.0000,96.0000,AG03-UNRESOLVED,ALL5_LEVELS_bet23_to_bet27,-2.4812,-2.4812,-3.1015,0.0000,0.0000,4.000000,4.000000,5.000000,0.000000,0.000000,96.000000,96.000000,95.000000,100.000000,100.000000,5.0,-8.0639,-7.7215,-53.9659,-54.3083,PENDING_AG03,FALSE,NOT_FOR_ENFORCEMENT,-59.5486,9680.8986,-62.0298,-59.5486,-2.4812,-0.00557501,-0.00535201,-2.4812,-59.5486,-0.00535201,-2.4812,-2.4812,-3.1015,0.0000,0.0000,-59.5486,-0.00535201,-8.0639,-7.7215,-53.9659,-54.3083,-0.00485026,-0.00488103,-0.00022300,51.9925,47.1228,-0.2899,-1.9384,-0.4191,347.7000,6.6875,43.0141,61.4889,24.1571,40.8781,67.4636,105.4118,121.1347,160.9159,40.8781,0.0,2.963317,3.936485,1.271893,29,72,52,2,0.42525465,-0.00557501,0.11796086,0E-8,0.000000,0.906337,0.000000,-0.21494018,2026-04-26,2026-08-06,32,148,142,103,0.310680,0.699543,0.827314,1.417515,,,,,,,,GLOBAL_BASELINE_NO_ENTITY_RANKING,,,NOT_APPLICABLE_GLOBAL_BASELINE,HF9g-P5,,,,X 全窗基线 · 不参与实体赏罚,3923822,393,A168_HF9F_20260827_0900,2026-08-27 09:00:00
2026-08-01,134737460,1307,0,32.3258445127,30.7095522871,30.7095522871,1.0000000,1,1,0.50665070000000000,0.506650700000,0.9867858985152569,0.9867858985152569,0.9867858985152569,0E-17,ELIGIBLE,R03b_20260811_FULL_v1,L1_ELIGIBILITY,v2026-08-11,2026-03-21..2026-08-06,baccarat_bet02_101_all_pairs_incl_sentinel,round_win = game_pnl > 0 (decisive only),COMPATIBILITY_ONLY_NOT_PRODUCTION,11126.3988,10084.2693,-62.0298,214,214,0.00557501,-0.11796086,0.09697932,0.00557501,62.0298,11126.3988,OK,0.0000,-2.4812,4.0000,96.0000,AG03-UNRESOLVED,ALL5_LEVELS_bet23_to_bet27,-2.4812,-2.4812,-3.1015,0.0000,0.0000,4.000000,4.000000,5.000000,0.000000,0.000000,96.000000,96.000000,95.000000,100.000000,100.000000,5.0,-8.0639,-7.7215,-53.9659,-54.3083,PENDING_AG03,FALSE,NOT_FOR_ENFORCEMENT,-59.5486,9680.8986,-62.0298,-59.5486,-2.4812,-0.00557501,-0.00535201,-2.4812,-59.5486,-0.00535201,-2.4812,-2.4812,-3.1015,0.0000,0.0000,-59.5486,-0.00535201,-8.0639,-7.7215,-53.9659,-54.3083,-0.00485026,-0.00488103,-0.00022300,51.9925,47.1228,-0.2899,-1.9384,-0.4191,347.7000,6.6875,43.0141,61.4889,24.1571,40.8781,67.4636,105.4118,121.1347,160.9159,40.8781,0.0,2.963317,3.936485,1.271893,29,72,52,2,0.42525465,-0.00557501,0.11796086,0E-8,0.000000,0.906337,0.000000,-0.21494018,2026-04-26,2026-08-06,32,148,142,103,0.310680,0.699543,0.827314,1.417515,,,,,,,,GLOBAL_BASELINE_NO_ENTITY_RANKING,,,NOT_APPLICABLE_GLOBAL_BASELINE,HF9g-P5,,,,X 全窗基线 · 不参与实体赏罚,3923823,393,A168_HF9F_20260827_0900,2026-08-27 09:00:00
2026-08-02,134737460,-1,1,58.5905931792,38.3869403588,38.3869403588,1.0000000,2,2,0.49994810000000000,0.499948100000,1.0001038053877793,1.0001038053877793,1.0001038053877793,0E-17,SENTINEL_DEALER,R03b_20260811_FULL_v1,L1_ELIGIBILITY,v2026-08-11,2026-03-21..2026-08-06,baccarat_bet02_101_all_pairs_incl_sentinel,round_win = game_pnl > 0 (decisive only),COMPATIBILITY_ONLY_NOT_PRODUCTION,11126.3988,10084.2693,-62.0298,214,214,0.00557501,-0.11796086,0.09697932,0.00557501,62.0298,11126.3988,OK,0.0000,-2.4812,4.0000,96.0000,AG03-UNRESOLVED,ALL5_LEVELS_bet23_to_bet27,-2.4812,-2.4812,-3.1015,0.0000,0.0000,4.000000,4.000000,5.000000,0.000000,0.000000,96.000000,96.000000,95.000000,100.000000,100.000000,5.0,-8.0639,-7.7215,-53.9659,-54.3083,PENDING_AG03,FALSE,NOT_FOR_ENFORCEMENT,-59.5486,9680.8986,-62.0298,-59.5486,-2.4812,-0.00557501,-0.00535201,-2.4812,-59.5486,-0.00535201,-2.4812,-2.4812,-3.1015,0.0000,0.0000,-59.5486,-0.00535201,-8.0639,-7.7215,-53.9659,-54.3083,-0.00485026,-0.00488103,-0.00022300,51.9925,47.1228,-0.2899,-1.9384,-0.4191,347.7000,6.6875,43.0141,61.4889,24.1571,40.8781,67.4636,105.4118,121.1347,160.9159,40.8781,0.0,2.963317,3.936485,1.271893,29,72,52,2,0.42525465,-0.00557501,0.11796086,0E-8,0.000000,0.906337,0.000000,-0.21494018,2026-04-26,2026-08-06,32,148,142,103,0.310680,0.699543,0.827314,1.417515,,,,,,,,GLOBAL_BASELINE_NO_ENTITY_RANKING,,,NOT_APPLICABLE_GLOBAL_BASELINE,HF9g-P5,,,,X 全窗基线 · 不参与实体赏罚,3923824,393,A168_HF9F_20260827_0900,2026-08-27 09:00:00
2026-08-02,134737460,1710,0,20.2036528204,19.1934701794,19.1934701794,1.0000000,1,1,0.50665070000000000,0.506650700000,0.9867858985152569,0.9867858985152569,0.9867858985152569,0E-17,ELIGIBLE,R03b_20260811_FULL_v1,L1_ELIGIBILITY,v2026-08-11,2026-03-21..2026-08-06,baccarat_bet02_101_all_pairs_incl_sentinel,round_win = game_pnl > 0 (decisive only),COMPATIBILITY_ONLY_NOT_PRODUCTION,11126.3988,10084.2693,-62.0298,214,214,0.00557501,-0.11796086,0.09697932,0.00557501,62.0298,11126.3988,OK,0.0000,-2.4812,4.0000,96.0000,AG03-UNRESOLVED,ALL5_LEVELS_bet23_to_bet27,-2.4812,-2.4812,-3.1015,0.0000,0.0000,4.000000,4.000000,5.000000,0.000000,0.000000,96.000000,96.000000,95.000000,100.000000,100.000000,5.0,-8.0639,-7.7215,-53.9659,-54.3083,PENDING_AG03,FALSE,NOT_FOR_ENFORCEMENT,-59.5486,9680.8986,-62.0298,-59.5486,-2.4812,-0.00557501,-0.00535201,-2.4812,-59.5486,-0.00535201,-2.4812,-2.4812,-3.1015,0.0000,0.0000,-59.5486,-0.00535201,-8.0639,-7.7215,-53.9659,-54.3083,-0.00485026,-0.00488103,-0.00022300,51.9925,47.1228,-0.2899,-1.9384,-0.4191,347.7000,6.6875,43.0141,61.4889,24.1571,40.8781,67.4636,105.4118,121.1347,160.9159,40.8781,0.0,2.963317,3.936485,1.271893,29,72,52,2,0.42525465,-0.00557501,0.11796086,0E-8,0.000000,0.906337,0.000000,-0.21494018,2026-04-26,2026-08-06,32,148,142,103,0.310680,0.699543,0.827314,1.417515,,,,,,,,GLOBAL_BASELINE_NO_ENTITY_RANKING,,,NOT_APPLICABLE_GLOBAL_BASELINE,HF9g-P5,,,,X 全窗基线 · 不参与实体赏罚,3923825,393,A168_HF9F_20260827_0900,2026-08-27 09:00:00
2026-08-02,134737460,2083,0,141.4255697430,-141.4255697430,-141.4255697430,0E-7,2,2,0.49994810000000000,0.499948100000,-1.4140667746232096,-1.4140667746232096,-1.4140667746232096,0E-17,ELIGIBLE,R03b_20260811_FULL_v1,L1_ELIGIBILITY,v2026-08-11,2026-03-21..2026-08-06,baccarat_bet02_101_all_pairs_incl_sentinel,round_win = game_pnl > 0 (decisive only),COMPATIBILITY_ONLY_NOT_PRODUCTION,11126.3988,10084.2693,-62.0298,214,214,0.00557501,-0.11796086,0.09697932,0.00557501,62.0298,11126.3988,OK,0.0000,-2.4812,4.0000,96.0000,AG03-UNRESOLVED,ALL5_LEVELS_bet23_to_bet27,-2.4812,-2.4812,-3.1015,0.0000,0.0000,4.000000,4.000000,5.000000,0.000000,0.000000,96.000000,96.000000,95.000000,100.000000,100.000000,5.0,-8.0639,-7.7215,-53.9659,-54.3083,PENDING_AG03,FALSE,NOT_FOR_ENFORCEMENT,-59.5486,9680.8986,-62.0298,-59.5486,-2.4812,-0.00557501,-0.00535201,-2.4812,-59.5486,-0.00535201,-2.4812,-2.4812,-3.1015,0.0000,0.0000,-59.5486,-0.00535201,-8.0639,-7.7215,-53.9659,-54.3083,-0.00485026,-0.00488103,-0.00022300,51.9925,47.1228,-0.2899,-1.9384,-0.4191,347.7000,6.6875,43.0141,61.4889,24.1571,40.8781,67.4636,105.4118,121.1347,160.9159,40.8781,0.0,2.963317,3.936485,1.271893,29,72,52,2,0.42525465,-0.00557501,0.11796086,0E-8,0.000000,0.906337,0.000000,-0.21494018,2026-04-26,2026-08-06,32,148,142,103,0.310680,0.699543,0.827314,1.417515,,,,,,,,GLOBAL_BASELINE_NO_ENTITY_RANKING,,,NOT_APPLICABLE_GLOBAL_BASELINE,HF9g-P5,,,,X 全窗基线 · 不参与实体赏罚,3923826,393,A168_HF9F_20260827_0900,2026-08-27 09:00:00
2026-08-02,134737460,2093,0,20.2036528204,19.1934701794,19.1934701794,1.0000000,1,1,0.50665070000000000,0.506650700000,0.9867858985152569,0.9867858985152569,0.9867858985152569,0E-17,ELIGIBLE,R03b_20260811_FULL_v1,L1_ELIGIBILITY,v2026-08-11,2026-03-21..2026-08-06,baccarat_bet02_101_all_pairs_incl_sentinel,round_win = game_pnl > 0 (decisive only),COMPATIBILITY_ONLY_NOT_PRODUCTION,11126.3988,10084.2693,-62.0298,214,214,0.00557501,-0.11796086,0.09697932,0.00557501,62.0298,11126.3988,OK,0.0000,-2.4812,4.0000,96.0000,AG03-UNRESOLVED,ALL5_LEVELS_bet23_to_bet27,-2.4812,-2.4812,-3.1015,0.0000,0.0000,4.000000,4.000000,5.000000,0.000000,0.000000,96.000000,96.000000,95.000000,100.000000,100.000000,5.0,-8.0639,-7.7215,-53.9659,-54.3083,PENDING_AG03,FALSE,NOT_FOR_ENFORCEMENT,-59.5486,9680.8986,-62.0298,-59.5486,-2.4812,-0.00557501,-0.00535201,-2.4812,-59.5486,-0.00535201,-2.4812,-2.4812,-3.1015,0.0000,0.0000,-59.5486,-0.00535201,-8.0639,-7.7215,-53.9659,-54.3083,-0.00485026,-0.00488103,-0.00022300,51.9925,47.1228,-0.2899,-1.9384,-0.4191,347.7000,6.6875,43.0141,61.4889,24.1571,40.8781,67.4636,105.4118,121.1347,160.9159,40.8781,0.0,2.963317,3.936485,1.271893,29,72,52,2,0.42525465,-0.00557501,0.11796086,0E-8,0.000000,0.906337,0.000000,-0.21494018,2026-04-26,2026-08-06,32,148,142,103,0.310680,0.699543,0.827314,1.417515,,,,,,,,GLOBAL_BASELINE_NO_ENTITY_RANKING,,,NOT_APPLICABLE_GLOBAL_BASELINE,HF9g-P5,,,,X 全窗基线 · 不参与实体赏罚,3923827,393,A168_HF9F_20260827_0900,2026-08-27 09:00:00
2026-08-02,134737460,2155,0,202.0365282044,80.8146112817,80.8146112817,0.5000000,3,3,0.49324550000000000,0.493245500000,0.01910635448239258,0.01910635448239258,0.01910635448239258,0E-17,ELIGIBLE,R03b_20260811_FULL_v1,L1_ELIGIBILITY,v2026-08-11,2026-03-21..2026-08-06,baccarat_bet02_101_all_pairs_incl_sentinel,round_win = game_pnl > 0 (decisive only),COMPATIBILITY_ONLY_NOT_PRODUCTION,11126.3988,10084.2693,-62.0298,214,214,0.00557501,-0.11796086,0.09697932,0.00557501,62.0298,11126.3988,OK,0.0000,-2.4812,4.0000,96.0000,AG03-UNRESOLVED,ALL5_LEVELS_bet23_to_bet27,-2.4812,-2.4812,-3.1015,0.0000,0.0000,4.000000,4.000000,5.000000,0.000000,0.000000,96.000000,96.000000,95.000000,100.000000,100.000000,5.0,-8.0639,-7.7215,-53.9659,-54.3083,PENDING_AG03,FALSE,NOT_FOR_ENFORCEMENT,-59.5486,9680.8986,-62.0298,-59.5486,-2.4812,-0.00557501,-0.00535201,-2.4812,-59.5486,-0.00535201,-2.4812,-2.4812,-3.1015,0.0000,0.0000,-59.5486,-0.00535201,-8.0639,-7.7215,-53.9659,-54.3083,-0.00485026,-0.00488103,-0.00022300,51.9925,47.1228,-0.2899,-1.9384,-0.4191,347.7000,6.6875,43.0141,61.4889,24.1571,40.8781,67.4636,105.4118,121.1347,160.9159,40.8781,0.0,2.963317,3.936485,1.271893,29,72,52,2,0.42525465,-0.00557501,0.11796086,0E-8,0.000000,0.906337,0.000000,-0.21494018,2026-04-26,2026-08-06,32,148,142,103,0.310680,0.699543,0.827314,1.417515,,,,,,,,GLOBAL_BASELINE_NO_ENTITY_RANKING,,,NOT_APPLICABLE_GLOBAL_BASELINE,HF9g-P5,,,,X 全窗基线 · 不参与实体赏罚,3923828,393,A168_HF9F_20260827_0900,2026-08-27 09:00:00
2026-08-02,134737460,2169,0,22.6280911589,-22.6280911589,-22.6280911589,0E-7,1,1,0.49324550000000000,0.493245500000,-0.9865810262130424,-0.9865810262130424,-0.9865810262130424,0E-17,ELIGIBLE,R03b_20260811_FULL_v1,L1_ELIGIBILITY,v2026-08-11,2026-03-21..2026-08-06,baccarat_bet02_101_all_pairs_incl_sentinel,round_win = game_pnl > 0 (decisive only),COMPATIBILITY_ONLY_NOT_PRODUCTION,11126.3988,10084.2693,-62.0298,214,214,0.00557501,-0.11796086,0.09697932,0.00557501,62.0298,11126.3988,OK,0.0000,-2.4812,4.0000,96.0000,AG03-UNRESOLVED,ALL5_LEVELS_bet23_to_bet27,-2.4812,-2.4812,-3.1015,0.0000,0.0000,4.000000,4.000000,5.000000,0.000000,0.000000,96.000000,96.000000,95.000000,100.000000,100.000000,5.0,-8.0639,-7.7215,-53.9659,-54.3083,PENDING_AG03,FALSE,NOT_FOR_ENFORCEMENT,-59.5486,9680.8986,-62.0298,-59.5486,-2.4812,-0.00557501,-0.00535201,-2.4812,-59.5486,-0.00535201,-2.4812,-2.4812,-3.1015,0.0000,0.0000,-59.5486,-0.00535201,-8.0639,-7.7215,-53.9659,-54.3083,-0.00485026,-0.00488103,-0.00022300,51.9925,47.1228,-0.2899,-1.9384,-0.4191,347.7000,6.6875,43.0141,61.4889,24.1571,40.8781,67.4636,105.4118,121.1347,160.9159,40.8781,0.0,2.963317,3.936485,1.271893,29,72,52,2,0.42525465,-0.00557501,0.11796086,0E-8,0.000000,0.906337,0.000000,-0.21494018,2026-04-26,2026-08-06,32,148,142,103,0.310680,0.699543,0.827314,1.417515,,,,,,,,GLOBAL_BASELINE_NO_ENTITY_RANKING,,,NOT_APPLICABLE_GLOBAL_BASELINE,HF9g-P5,,,,X 全窗基线 · 不参与实体赏罚,3923829,393,A168_HF9F_20260827_0900,2026-08-27 09:00:00
2026-08-02,134737460,2174,0,40.4073056409,40.4073056409,40.4073056409,1.0000000,1,1,0.49324550000000000,0.493245500000,1.01360149184955,1.01360149184955,1.01360149184955,0E-17,ELIGIBLE,R03b_20260811_FULL_v1,L1_ELIGIBILITY,v2026-08-11,2026-03-21..2026-08-06,baccarat_bet02_101_all_pairs_incl_sentinel,round_win = game_pnl > 0 (decisive only),COMPATIBILITY_ONLY_NOT_PRODUCTION,11126.3988,10084.2693,-62.0298,214,214,0.00557501,-0.11796086,0.09697932,0.00557501,62.0298,11126.3988,OK,0.0000,-2.4812,4.0000,96.0000,AG03-UNRESOLVED,ALL5_LEVELS_bet23_to_bet27,-2.4812,-2.4812,-3.1015,0.0000,0.0000,4.000000,4.000000,5.000000,0.000000,0.000000,96.000000,96.000000,95.000000,100.000000,100.000000,5.0,-8.0639,-7.7215,-53.9659,-54.3083,PENDING_AG03,FALSE,NOT_FOR_ENFORCEMENT,-59.5486,9680.8986,-62.0298,-59.5486,-2.4812,-0.00557501,-0.00535201,-2.4812,-59.5486,-0.00535201,-2.4812,-2.4812,-3.1015,0.0000,0.0000,-59.5486,-0.00535201,-8.0639,-7.7215,-53.9659,-54.3083,-0.00485026,-0.00488103,-0.00022300,51.9925,47.1228,-0.2899,-1.9384,-0.4191,347.7000,6.6875,43.0141,61.4889,24.1571,40.8781,67.4636,105.4118,121.1347,160.9159,40.8781,0.0,2.963317,3.936485,1.271893,29,72,52,2,0.42525465,-0.00557501,0.11796086,0E-8,0.000000,0.906337,0.000000,-0.21494018,2026-04-26,2026-08-06,32,148,142,103,0.310680,0.699543,0.827314,1.417515,,,,,,,,GLOBAL_BASELINE_NO_ENTITY_RANKING,,,NOT_APPLICABLE_GLOBAL_BASELINE,HF9g-P5,,,,X 全窗基线 · 不参与实体赏罚,3923830,393,A168_HF9F_20260827_0900,2026-08-27 09:00:00
2026-08-02,134737460,2216,0,78.7942459997,76.7738807176,76.7738807176,1.0000000,2,2,0.49994810000000000,0.499948100000,1.4143603653603398,1.4143603653603398,1.4143603653603398,0E-17,ELIGIBLE,R03b_20260811_FULL_v1,L1_ELIGIBILITY,v2026-08-11,2026-03-21..2026-08-06,baccarat_bet02_101_all_pairs_incl_sentinel,round_win = game_pnl > 0 (decisive only),COMPATIBILITY_ONLY_NOT_PRODUCTION,11126.3988,10084.2693,-62.0298,214,214,0.00557501,-0.11796086,0.09697932,0.00557501,62.0298,11126.3988,OK,0.0000,-2.4812,4.0000,96.0000,AG03-UNRESOLVED,ALL5_LEVELS_bet23_to_bet27,-2.4812,-2.4812,-3.1015,0.0000,0.0000,4.000000,4.000000,5.000000,0.000000,0.000000,96.000000,96.000000,95.000000,100.000000,100.000000,5.0,-8.0639,-7.7215,-53.9659,-54.3083,PENDING_AG03,FALSE,NOT_FOR_ENFORCEMENT,-59.5486,9680.8986,-62.0298,-59.5486,-2.4812,-0.00557501,-0.00535201,-2.4812,-59.5486,-0.00535201,-2.4812,-2.4812,-3.1015,0.0000,0.0000,-59.5486,-0.00535201,-8.0639,-7.7215,-53.9659,-54.3083,-0.00485026,-0.00488103,-0.00022300,51.9925,47.1228,-0.2899,-1.9384,-0.4191,347.7000,6.6875,43.0141,61.4889,24.1571,40.8781,67.4636,105.4118,121.1347,160.9159,40.8781,0.0,2.963317,3.936485,1.271893,29,72,52,2,0.42525465,-0.00557501,0.11796086,0E-8,0.000000,0.906337,0.000000,-0.21494018,2026-04-26,2026-08-06,32,148,142,103,0.310680,0.699543,0.827314,1.417515,,,,,,,,GLOBAL_BASELINE_NO_ENTITY_RANKING,,,NOT_APPLICABLE_GLOBAL_BASELINE,HF9g-P5,,,,X 全窗基线 · 不参与实体赏罚,3923831,393,A168_HF9F_20260827_0900,2026-08-27 09:00:00
2026-08-03,134737460,-1,1,62.6313237434,40.4073056409,40.4073056409,1.0000000,3,3,0.49771390000000000,0.497713900000,1.4206944795187548,1.420694479518755,1.4206944795187548,0E-17,SENTINEL_DEALER,R03b_20260811_FULL_v1,L1_ELIGIBILITY,v2026-08-11,2026-03-21..2026-08-06,baccarat_bet02_101_all_pairs_incl_sentinel,round_win = game_pnl > 0 (decisive only),COMPATIBILITY_ONLY_NOT_PRODUCTION,11126.3988,10084.2693,-62.0298,214,214,0.00557501,-0.11796086,0.09697932,0.00557501,62.0298,11126.3988,OK,0.0000,-2.4812,4.0000,96.0000,AG03-UNRESOLVED,ALL5_LEVELS_bet23_to_bet27,-2.4812,-2.4812,-3.1015,0.0000,0.0000,4.000000,4.000000,5.000000,0.000000,0.000000,96.000000,96.000000,95.000000,100.000000,100.000000,5.0,-8.0639,-7.7215,-53.9659,-54.3083,PENDING_AG03,FALSE,NOT_FOR_ENFORCEMENT,-59.5486,9680.8986,-62.0298,-59.5486,-2.4812,-0.00557501,-0.00535201,-2.4812,-59.5486,-0.00535201,-2.4812,-2.4812,-3.1015,0.0000,0.0000,-59.5486,-0.00535201,-8.0639,-7.7215,-53.9659,-54.3083,-0.00485026,-0.00488103,-0.00022300,51.9925,47.1228,-0.2899,-1.9384,-0.4191,347.7000,6.6875,43.0141,61.4889,24.1571,40.8781,67.4636,105.4118,121.1347,160.9159,40.8781,0.0,2.963317,3.936485,1.271893,29,72,52,2,0.42525465,-0.00557501,0.11796086,0E-8,0.000000,0.906337,0.000000,-0.21494018,2026-04-26,2026-08-06,32,148,142,103,0.310680,0.699543,0.827314,1.417515,,,,,,,,GLOBAL_BASELINE_NO_ENTITY_RANKING,,,NOT_APPLICABLE_GLOBAL_BASELINE,HF9g-P5,,,,X 全窗基线 · 不参与实体赏罚,3923832,393,A168_HF9F_20260827_0900,2026-08-27 09:00:00
2026-08-04,134737460,2222,0,219.2096331017,141.4255697430,141.4255697430,0.6666667,3,3,0.50218230000000000,0.502182300000,0.5697959874915163,0.5697959874915164,0.5697959874915163,0E-17,ELIGIBLE,R03b_20260811_FULL_v1,L1_ELIGIBILITY,v2026-08-11,2026-03-21..2026-08-06,baccarat_bet02_101_all_pairs_incl_sentinel,round_win = game_pnl > 0 (decisive only),COMPATIBILITY_ONLY_NOT_PRODUCTION,11126.3988,10084.2693,-62.0298,214,214,0.00557501,-0.11796086,0.09697932,0.00557501,62.0298,11126.3988,OK,0.0000,-2.4812,4.0000,96.0000,AG03-UNRESOLVED,ALL5_LEVELS_bet23_to_bet27,-2.4812,-2.4812,-3.1015,0.0000,0.0000,4.000000,4.000000,5.000000,0.000000,0.000000,96.000000,96.000000,95.000000,100.000000,100.000000,5.0,-8.0639,-7.7215,-53.9659,-54.3083,PENDING_AG03,FALSE,NOT_FOR_ENFORCEMENT,-59.5486,9680.8986,-62.0298,-59.5486,-2.4812,-0.00557501,-0.00535201,-2.4812,-59.5486,-0.00535201,-2.4812,-2.4812,-3.1015,0.0000,0.0000,-59.5486,-0.00535201,-8.0639,-7.7215,-53.9659,-54.3083,-0.00485026,-0.00488103,-0.00022300,51.9925,47.1228,-0.2899,-1.9384,-0.4191,347.7000,6.6875,43.0141,61.4889,24.1571,40.8781,67.4636,105.4118,121.1347,160.9159,40.8781,0.0,2.963317,3.936485,1.271893,29,72,52,2,0.42525465,-0.00557501,0.11796086,0E-8,0.000000,0.906337,0.000000,-0.21494018,2026-04-26,2026-08-06,32,148,142,103,0.310680,0.699543,0.827314,1.417515,,,,,,,,GLOBAL_BASELINE_NO_ENTITY_RANKING,,,NOT_APPLICABLE_GLOBAL_BASELINE,HF9g-P5,,,,X 全窗基线 · 不参与实体赏罚,3923833,393,A168_HF9F_20260827_0900,2026-08-27 09:00:00
2026-08-04,134737460,2278,0,40.4073056409,-40.4073056409,-40.4073056409,0E-7,1,1,0.50665070000000000,0.506650700000,-1.013391052207602,-1.013391052207602,-1.013391052207602,0E-17,ELIGIBLE,R03b_20260811_FULL_v1,L1_ELIGIBILITY,v2026-08-11,2026-03-21..2026-08-06,baccarat_bet02_101_all_pairs_incl_sentinel,round_win = game_pnl > 0 (decisive only),COMPATIBILITY_ONLY_NOT_PRODUCTION,11126.3988,10084.2693,-62.0298,214,214,0.00557501,-0.11796086,0.09697932,0.00557501,62.0298,11126.3988,OK,0.0000,-2.4812,4.0000,96.0000,AG03-UNRESOLVED,ALL5_LEVELS_bet23_to_bet27,-2.4812,-2.4812,-3.1015,0.0000,0.0000,4.000000,4.000000,5.000000,0.000000,0.000000,96.000000,96.000000,95.000000,100.000000,100.000000,5.0,-8.0639,-7.7215,-53.9659,-54.3083,PENDING_AG03,FALSE,NOT_FOR_ENFORCEMENT,-59.5486,9680.8986,-62.0298,-59.5486,-2.4812,-0.00557501,-0.00535201,-2.4812,-59.5486,-0.00535201,-2.4812,-2.4812,-3.1015,0.0000,0.0000,-59.5486,-0.00535201,-8.0639,-7.7215,-53.9659,-54.3083,-0.00485026,-0.00488103,-0.00022300,51.9925,47.1228,-0.2899,-1.9384,-0.4191,347.7000,6.6875,43.0141,61.4889,24.1571,40.8781,67.4636,105.4118,121.1347,160.9159,40.8781,0.0,2.963317,3.936485,1.271893,29,72,52,2,0.42525465,-0.00557501,0.11796086,0E-8,0.000000,0.906337,0.000000,-0.21494018,2026-04-26,2026-08-06,32,148,142,103,0.310680,0.699543,0.827314,1.417515,,,,,,,,GLOBAL_BASELINE_NO_ENTITY_RANKING,,,NOT_APPLICABLE_GLOBAL_BASELINE,HF9g-P5,,,,X 全窗基线 · 不参与实体赏罚,3923834,393,A168_HF9F_20260827_0900,2026-08-27 09:00:00
2026-08-04,134737460,462,0,60.6109584613,-60.6109584613,-60.6109584613,0E-7,2,2,0.50665070000000000,0.506650700000,-1.4331513700195317,-1.4331513700195317,-1.4331513700195317,0E-17,ELIGIBLE,R03b_20260811_FULL_v1,L1_ELIGIBILITY,v2026-08-11,2026-03-21..2026-08-06,baccarat_bet02_101_all_pairs_incl_sentinel,round_win = game_pnl > 0 (decisive only),COMPATIBILITY_ONLY_NOT_PRODUCTION,11126.3988,10084.2693,-62.0298,214,214,0.00557501,-0.11796086,0.09697932,0.00557501,62.0298,11126.3988,OK,0.0000,-2.4812,4.0000,96.0000,AG03-UNRESOLVED,ALL5_LEVELS_bet23_to_bet27,-2.4812,-2.4812,-3.1015,0.0000,0.0000,4.000000,4.000000,5.000000,0.000000,0.000000,96.000000,96.000000,95.000000,100.000000,100.000000,5.0,-8.0639,-7.7215,-53.9659,-54.3083,PENDING_AG03,FALSE,NOT_FOR_ENFORCEMENT,-59.5486,9680.8986,-62.0298,-59.5486,-2.4812,-0.00557501,-0.00535201,-2.4812,-59.5486,-0.00535201,-2.4812,-2.4812,-3.1015,0.0000,0.0000,-59.5486,-0.00535201,-8.0639,-7.7215,-53.9659,-54.3083,-0.00485026,-0.00488103,-0.00022300,51.9925,47.1228,-0.2899,-1.9384,-0.4191,347.7000,6.6875,43.0141,61.4889,24.1571,40.8781,67.4636,105.4118,121.1347,160.9159,40.8781,0.0,2.963317,3.936485,1.271893,29,72,52,2,0.42525465,-0.00557501,0.11796086,0E-8,0.000000,0.906337,0.000000,-0.21494018,2026-04-26,2026-08-06,32,148,142,103,0.310680,0.699543,0.827314,1.417515,,,,,,,,GLOBAL_BASELINE_NO_ENTITY_RANKING,,,NOT_APPLICABLE_GLOBAL_BASELINE,HF9g-P5,,,,X 全窗基线 · 不参与实体赏罚,3923835,393,A168_HF9F_20260827_0900,2026-08-27 09:00:00
2026-08-05,134737460,-1,1,144.4561176661,-144.4561176661,-144.4561176661,0E-7,3,3,0.50665070000000000,0.506650700000,-1.7552447903592512,-1.7552447903592512,-1.7552447903592512,0E-17,SENTINEL_DEALER,R03b_20260811_FULL_v1,L1_ELIGIBILITY,v2026-08-11,2026-03-21..2026-08-06,baccarat_bet02_101_all_pairs_incl_sentinel,round_win = game_pnl > 0 (decisive only),COMPATIBILITY_ONLY_NOT_PRODUCTION,11126.3988,10084.2693,-62.0298,214,214,0.00557501,-0.11796086,0.09697932,0.00557501,62.0298,11126.3988,OK,0.0000,-2.4812,4.0000,96.0000,AG03-UNRESOLVED,ALL5_LEVELS_bet23_to_bet27,-2.4812,-2.4812,-3.1015,0.0000,0.0000,4.000000,4.000000,5.000000,0.000000,0.000000,96.000000,96.000000,95.000000,100.000000,100.000000,5.0,-8.0639,-7.7215,-53.9659,-54.3083,PENDING_AG03,FALSE,NOT_FOR_ENFORCEMENT,-59.5486,9680.8986,-62.0298,-59.5486,-2.4812,-0.00557501,-0.00535201,-2.4812,-59.5486,-0.00535201,-2.4812,-2.4812,-3.1015,0.0000,0.0000,-59.5486,-0.00535201,-8.0639,-7.7215,-53.9659,-54.3083,-0.00485026,-0.00488103,-0.00022300,51.9925,47.1228,-0.2899,-1.9384,-0.4191,347.7000,6.6875,43.0141,61.4889,24.1571,40.8781,67.4636,105.4118,121.1347,160.9159,40.8781,0.0,2.963317,3.936485,1.271893,29,72,52,2,0.42525465,-0.00557501,0.11796086,0E-8,0.000000,0.906337,0.000000,-0.21494018,2026-04-26,2026-08-06,32,148,142,103,0.310680,0.699543,0.827314,1.417515,,,,,,,,GLOBAL_BASELINE_NO_ENTITY_RANKING,,,NOT_APPLICABLE_GLOBAL_BASELINE,HF9g-P5,,,,X 全窗基线 · 不参与实体赏罚,3923836,393,A168_HF9F_20260827_0900,2026-08-27 09:00:00
2026-08-05,134737460,2115,0,54.5498626151,4.5458218846,4.5458218846,0.5000000,2,2,0.50665070000000000,0.506650700000,-0.018812684590367487,-0.018812684590367487,-0.018812684590367487,0E-17,ELIGIBLE,R03b_20260811_FULL_v1,L1_ELIGIBILITY,v2026-08-11,2026-03-21..2026-08-06,baccarat_bet02_101_all_pairs_incl_sentinel,round_win = game_pnl > 0 (decisive only),COMPATIBILITY_ONLY_NOT_PRODUCTION,11126.3988,10084.2693,-62.0298,214,214,0.00557501,-0.11796086,0.09697932,0.00557501,62.0298,11126.3988,OK,0.0000,-2.4812,4.0000,96.0000,AG03-UNRESOLVED,ALL5_LEVELS_bet23_to_bet27,-2.4812,-2.4812,-3.1015,0.0000,0.0000,4.000000,4.000000,5.000000,0.000000,0.000000,96.000000,96.000000,95.000000,100.000000,100.000000,5.0,-8.0639,-7.7215,-53.9659,-54.3083,PENDING_AG03,FALSE,NOT_FOR_ENFORCEMENT,-59.5486,9680.8986,-62.0298,-59.5486,-2.4812,-0.00557501,-0.00535201,-2.4812,-59.5486,-0.00535201,-2.4812,-2.4812,-3.1015,0.0000,0.0000,-59.5486,-0.00535201,-8.0639,-7.7215,-53.9659,-54.3083,-0.00485026,-0.00488103,-0.00022300,51.9925,47.1228,-0.2899,-1.9384,-0.4191,347.7000,6.6875,43.0141,61.4889,24.1571,40.8781,67.4636,105.4118,121.1347,160.9159,40.8781,0.0,2.963317,3.936485,1.271893,29,72,52,2,0.42525465,-0.00557501,0.11796086,0E-8,0.000000,0.906337,0.000000,-0.21494018,2026-04-26,2026-08-06,32,148,142,103,0.310680,0.699543,0.827314,1.417515,,,,,,,,GLOBAL_BASELINE_NO_ENTITY_RANKING,,,NOT_APPLICABLE_GLOBAL_BASELINE,HF9g-P5,,,,X 全窗基线 · 不参与实体赏罚,3923837,393,A168_HF9F_20260827_0900,2026-08-27 09:00:00
2026-08-05,134737460,2121,0,20.2036528204,-20.2036528204,-20.2036528204,0E-7,1,1,0.50665070000000000,0.506650700000,-1.013391052207602,-1.013391052207602,-1.013391052207602,0E-17,ELIGIBLE,R03b_20260811_FULL_v1,L1_ELIGIBILITY,v2026-08-11,2026-03-21..2026-08-06,baccarat_bet02_101_all_pairs_incl_sentinel,round_win = game_pnl > 0 (decisive only),COMPATIBILITY_ONLY_NOT_PRODUCTION,11126.3988,10084.2693,-62.0298,214,214,0.00557501,-0.11796086,0.09697932,0.00557501,62.0298,11126.3988,OK,0.0000,-2.4812,4.0000,96.0000,AG03-UNRESOLVED,ALL5_LEVELS_bet23_to_bet27,-2.4812,-2.4812,-3.1015,0.0000,0.0000,4.000000,4.000000,5.000000,0.000000,0.000000,96.000000,96.000000,95.000000,100.000000,100.000000,5.0,-8.0639,-7.7215,-53.9659,-54.3083,PENDING_AG03,FALSE,NOT_FOR_ENFORCEMENT,-59.5486,9680.8986,-62.0298,-59.5486,-2.4812,-0.00557501,-0.00535201,-2.4812,-59.5486,-0.00535201,-2.4812,-2.4812,-3.1015,0.0000,0.0000,-59.5486,-0.00535201,-8.0639,-7.7215,-53.9659,-54.3083,-0.00485026,-0.00488103,-0.00022300,51.9925,47.1228,-0.2899,-1.9384,-0.4191,347.7000,6.6875,43.0141,61.4889,24.1571,40.8781,67.4636,105.4118,121.1347,160.9159,40.8781,0.0,2.963317,3.936485,1.271893,29,72,52,2,0.42525465,-0.00557501,0.11796086,0E-8,0.000000,0.906337,0.000000,-0.21494018,2026-04-26,2026-08-06,32,148,142,103,0.310680,0.699543,0.827314,1.417515,,,,,,,,GLOBAL_BASELINE_NO_ENTITY_RANKING,,,NOT_APPLICABLE_GLOBAL_BASELINE,HF9g-P5,,,,X 全窗基线 · 不参与实体赏罚,3923838,393,A168_HF9F_20260827_0900,2026-08-27 09:00:00
2026-08-05,134737460,2241,0,60.6109584613,38.3869403588,38.3869403588,1.0000000,2,2,0.50665070000000000,0.506650700000,0.9867858985152569,0.9867858985152569,0.9867858985152569,0E-17,ELIGIBLE,R03b_20260811_FULL_v1,L1_ELIGIBILITY,v2026-08-11,2026-03-21..2026-08-06,baccarat_bet02_101_all_pairs_incl_sentinel,round_win = game_pnl > 0 (decisive only),COMPATIBILITY_ONLY_NOT_PRODUCTION,11126.3988,10084.2693,-62.0298,214,214,0.00557501,-0.11796086,0.09697932,0.00557501,62.0298,11126.3988,OK,0.0000,-2.4812,4.0000,96.0000,AG03-UNRESOLVED,ALL5_LEVELS_bet23_to_bet27,-2.4812,-2.4812,-3.1015,0.0000,0.0000,4.000000,4.000000,5.000000,0.000000,0.000000,96.000000,96.000000,95.000000,100.000000,100.000000,5.0,-8.0639,-7.7215,-53.9659,-54.3083,PENDING_AG03,FALSE,NOT_FOR_ENFORCEMENT,-59.5486,9680.8986,-62.0298,-59.5486,-2.4812,-0.00557501,-0.00535201,-2.4812,-59.5486,-0.00535201,-2.4812,-2.4812,-3.1015,0.0000,0.0000,-59.5486,-0.00535201,-8.0639,-7.7215,-53.9659,-54.3083,-0.00485026,-0.00488103,-0.00022300,51.9925,47.1228,-0.2899,-1.9384,-0.4191,347.7000,6.6875,43.0141,61.4889,24.1571,40.8781,67.4636,105.4118,121.1347,160.9159,40.8781,0.0,2.963317,3.936485,1.271893,29,72,52,2,0.42525465,-0.00557501,0.11796086,0E-8,0.000000,0.906337,0.000000,-0.21494018,2026-04-26,2026-08-06,32,148,142,103,0.310680,0.699543,0.827314,1.417515,,,,,,,,GLOBAL_BASELINE_NO_ENTITY_RANKING,,,NOT_APPLICABLE_GLOBAL_BASELINE,HF9g-P5,,,,X 全窗基线 · 不参与实体赏罚,3923839,393,A168_HF9F_20260827_0900,2026-08-27 09:00:00
2026-08-06,134737460,-1,1,232.3420074349,-74.7535154356,-74.7535154356,0.2500000,4,4,0.50329940000000000,0.503299400000,-1.013219660140378,-1.013219660140378,-1.013219660140378,0E-17,SENTINEL_DEALER,R03b_20260811_FULL_v1,L1_ELIGIBILITY,v2026-08-11,2026-03-21..2026-08-06,baccarat_bet02_101_all_pairs_incl_sentinel,round_win = game_pnl > 0 (decisive only),COMPATIBILITY_ONLY_NOT_PRODUCTION,11126.3988,10084.2693,-62.0298,214,214,0.00557501,-0.11796086,0.09697932,0.00557501,62.0298,11126.3988,OK,0.0000,-2.4812,4.0000,96.0000,AG03-UNRESOLVED,ALL5_LEVELS_bet23_to_bet27,-2.4812,-2.4812,-3.1015,0.0000,0.0000,4.000000,4.000000,5.000000,0.000000,0.000000,96.000000,96.000000,95.000000,100.000000,100.000000,5.0,-8.0639,-7.7215,-53.9659,-54.3083,PENDING_AG03,FALSE,NOT_FOR_ENFORCEMENT,-59.5486,9680.8986,-62.0298,-59.5486,-2.4812,-0.00557501,-0.00535201,-2.4812,-59.5486,-0.00535201,-2.4812,-2.4812,-3.1015,0.0000,0.0000,-59.5486,-0.00535201,-8.0639,-7.7215,-53.9659,-54.3083,-0.00485026,-0.00488103,-0.00022300,51.9925,47.1228,-0.2899,-1.9384,-0.4191,347.7000,6.6875,43.0141,61.4889,24.1571,40.8781,67.4636,105.4118,121.1347,160.9159,40.8781,0.0,2.963317,3.936485,1.271893,29,72,52,2,0.42525465,-0.00557501,0.11796086,0E-8,0.000000,0.906337,0.000000,-0.21494018,2026-04-26,2026-08-06,32,148,142,103,0.310680,0.699543,0.827314,1.417515,,,,,,,,GLOBAL_BASELINE_NO_ENTITY_RANKING,,,NOT_APPLICABLE_GLOBAL_BASELINE,HF9g-P5,,,,X 全窗基线 · 不参与实体赏罚,3923840,393,A168_HF9F_20260827_0900,2026-08-27 09:00:00
2026-08-06,134737460,1941,0,77.5820268305,-26.3657669307,-26.3657669307,0.5000000,2,2,0.50665070000000000,0.506650700000,-0.018812684590367487,-0.018812684590367487,-0.018812684590367487,0E-17,ELIGIBLE,R03b_20260811_FULL_v1,L1_ELIGIBILITY,v2026-08-11,2026-03-21..2026-08-06,baccarat_bet02_101_all_pairs_incl_sentinel,round_win = game_pnl > 0 (decisive only),COMPATIBILITY_ONLY_NOT_PRODUCTION,11126.3988,10084.2693,-62.0298,214,214,0.00557501,-0.11796086,0.09697932,0.00557501,62.0298,11126.3988,OK,0.0000,-2.4812,4.0000,96.0000,AG03-UNRESOLVED,ALL5_LEVELS_bet23_to_bet27,-2.4812,-2.4812,-3.1015,0.0000,0.0000,4.000000,4.000000,5.000000,0.000000,0.000000,96.000000,96.000000,95.000000,100.000000,100.000000,5.0,-8.0639,-7.7215,-53.9659,-54.3083,PENDING_AG03,FALSE,NOT_FOR_ENFORCEMENT,-59.5486,9680.8986,-62.0298,-59.5486,-2.4812,-0.00557501,-0.00535201,-2.4812,-59.5486,-0.00535201,-2.4812,-2.4812,-3.1015,0.0000,0.0000,-59.5486,-0.00535201,-8.0639,-7.7215,-53.9659,-54.3083,-0.00485026,-0.00488103,-0.00022300,51.9925,47.1228,-0.2899,-1.9384,-0.4191,347.7000,6.6875,43.0141,61.4889,24.1571,40.8781,67.4636,105.4118,121.1347,160.9159,40.8781,0.0,2.963317,3.936485,1.271893,29,72,52,2,0.42525465,-0.00557501,0.11796086,0E-8,0.000000,0.906337,0.000000,-0.21494018,2026-04-26,2026-08-06,32,148,142,103,0.310680,0.699543,0.827314,1.417515,,,,,,,,GLOBAL_BASELINE_NO_ENTITY_RANKING,,,NOT_APPLICABLE_GLOBAL_BASELINE,HF9g-P5,,,,X 全窗基线 · 不参与实体赏罚,3923841,393,A168_HF9F_20260827_0900,2026-08-27 09:00:00
2026-08-06,134737460,2142,0,141.4255697430,-141.4255697430,-141.4255697430,0E-7,1,1,0.49324550000000000,0.493245500000,-0.9865810262130424,-0.9865810262130424,-0.9865810262130424,0E-17,ELIGIBLE,R03b_20260811_FULL_v1,L1_ELIGIBILITY,v2026-08-11,2026-03-21..2026-08-06,baccarat_bet02_101_all_pairs_incl_sentinel,round_win = game_pnl > 0 (decisive only),COMPATIBILITY_ONLY_NOT_PRODUCTION,11126.3988,10084.2693,-62.0298,214,214,0.00557501,-0.11796086,0.09697932,0.00557501,62.0298,11126.3988,OK,0.0000,-2.4812,4.0000,96.0000,AG03-UNRESOLVED,ALL5_LEVELS_bet23_to_bet27,-2.4812,-2.4812,-3.1015,0.0000,0.0000,4.000000,4.000000,5.000000,0.000000,0.000000,96.000000,96.000000,95.000000,100.000000,100.000000,5.0,-8.0639,-7.7215,-53.9659,-54.3083,PENDING_AG03,FALSE,NOT_FOR_ENFORCEMENT,-59.5486,9680.8986,-62.0298,-59.5486,-2.4812,-0.00557501,-0.00535201,-2.4812,-59.5486,-0.00535201,-2.4812,-2.4812,-3.1015,0.0000,0.0000,-59.5486,-0.00535201,-8.0639,-7.7215,-53.9659,-54.3083,-0.00485026,-0.00488103,-0.00022300,51.9925,47.1228,-0.2899,-1.9384,-0.4191,347.7000,6.6875,43.0141,61.4889,24.1571,40.8781,67.4636,105.4118,121.1347,160.9159,40.8781,0.0,2.963317,3.936485,1.271893,29,72,52,2,0.42525465,-0.00557501,0.11796086,0E-8,0.000000,0.906337,0.000000,-0.21494018,2026-04-26,2026-08-06,32,148,142,103,0.310680,0.699543,0.827314,1.417515,,,,,,,,GLOBAL_BASELINE_NO_ENTITY_RANKING,,,NOT_APPLICABLE_GLOBAL_BASELINE,HF9g-P5,,,,X 全窗基线 · 不参与实体赏罚,3923842,393,A168_HF9F_20260827_0900,2026-08-27 09:00:00
2026-08-06,134737460,2188,0,101.0182641021,-101.0182641021,-101.0182641021,0E-7,1,1,0.49324550000000000,0.493245500000,-0.9865810262130424,-0.9865810262130424,-0.9865810262130424,0E-17,ELIGIBLE,R03b_20260811_FULL_v1,L1_ELIGIBILITY,v2026-08-11,2026-03-21..2026-08-06,baccarat_bet02_101_all_pairs_incl_sentinel,round_win = game_pnl > 0 (decisive only),COMPATIBILITY_ONLY_NOT_PRODUCTION,11126.3988,10084.2693,-62.0298,214,214,0.00557501,-0.11796086,0.09697932,0.00557501,62.0298,11126.3988,OK,0.0000,-2.4812,4.0000,96.0000,AG03-UNRESOLVED,ALL5_LEVELS_bet23_to_bet27,-2.4812,-2.4812,-3.1015,0.0000,0.0000,4.000000,4.000000,5.000000,0.000000,0.000000,96.000000,96.000000,95.000000,100.000000,100.000000,5.0,-8.0639,-7.7215,-53.9659,-54.3083,PENDING_AG03,FALSE,NOT_FOR_ENFORCEMENT,-59.5486,9680.8986,-62.0298,-59.5486,-2.4812,-0.00557501,-0.00535201,-2.4812,-59.5486,-0.00535201,-2.4812,-2.4812,-3.1015,0.0000,0.0000,-59.5486,-0.00535201,-8.0639,-7.7215,-53.9659,-54.3083,-0.00485026,-0.00488103,-0.00022300,51.9925,47.1228,-0.2899,-1.9384,-0.4191,347.7000,6.6875,43.0141,61.4889,24.1571,40.8781,67.4636,105.4118,121.1347,160.9159,40.8781,0.0,2.963317,3.936485,1.271893,29,72,52,2,0.42525465,-0.00557501,0.11796086,0E-8,0.000000,0.906337,0.000000,-0.21494018,2026-04-26,2026-08-06,32,148,142,103,0.310680,0.699543,0.827314,1.417515,,,,,,,,GLOBAL_BASELINE_NO_ENTITY_RANKING,,,NOT_APPLICABLE_GLOBAL_BASELINE,HF9g-P5,,,,X 全窗基线 · 不参与实体赏罚,3923843,393,A168_HF9F_20260827_0900,2026-08-27 09:00:00
2026-08-03,153779615,2209,0,220.2198157427,34.7502828511,34.7502828511,0.6666667,16,6,0.41717171338117985,0.244129166667,1.2393947529439084,2.4093908431182087,1.2393947529439084,0.17304254671417985,ELIGIBLE,R03b_20260811_FULL_v1,L1_ELIGIBILITY,v2026-08-11,2026-03-21..2026-08-06,baccarat_bet02_101_all_pairs_incl_sentinel,round_win = game_pnl > 0 (decisive only),COMPATIBILITY_ONLY_NOT_PRODUCTION,725.3111,725.3111,-62.0252,54,17,0.08551532,0.08551532,,0.08551532,62.0252,725.3111,OK,0.0000,-2.4810,4.0000,96.0000,AG03-UNRESOLVED,ALL5_LEVELS_bet23_to_bet27,-2.4810,-2.4810,-2.4810,-3.7215,-3.7215,4.000000,4.000000,4.000000,6.000000,6.000000,96.000000,96.000000,96.000000,94.000000,94.000000,5.0,-14.8861,-13.5368,-47.1392,-48.4884,PENDING_AG03,FALSE,NOT_FOR_ENFORCEMENT,-59.5442,696.2987,-62.0252,-59.5442,-2.4810,-0.08551532,-0.08209471,-2.4810,-59.5442,-0.08209471,-2.4810,-2.4810,-2.4810,-3.7215,-3.7215,-59.5442,-0.08209471,-14.8861,-13.5368,-47.1392,-48.4884,-0.06499164,-0.06685184,-0.00342061,13.4317,42.6654,-3.6485,-31.0126,-20.6751,362.6556,8.5000,13.4317,,4.0407,4.0407,26.2647,38.3869,48.8928,52.4487,4.0407,-4.0407,12.099999,12.980001,3.324074,2,3,2,8,1.00000000,-0.08551532,-0.08551532,0E-8,0.000000,1.000000,0.000000,,2026-08-03,2026-08-06,2,3,3,4,0.500000,,1.000000,3.333333,,,,,,,,GLOBAL_BASELINE_NO_ENTITY_RANKING,,,NOT_APPLICABLE_GLOBAL_BASELINE,HF9g-P5,,,,X 全窗基线 · 不参与实体赏罚,3923844,393,A168_HF9F_20260827_0900,2026-08-27 09:00:00
2026-08-03,153779615,2216,0,345.4824632289,88.3909810898,88.3909810898,0.6250000,30,8,0.42866528917108043,0.238325177738,1.122115642320741,2.5669719635179944,1.122115642320741,0.19034011143308043,ELIGIBLE,R03b_20260811_FULL_v1,L1_ELIGIBILITY,v2026-08-11,2026-03-21..2026-08-06,baccarat_bet02_101_all_pairs_incl_sentinel,round_win = game_pnl > 0 (decisive only),COMPATIBILITY_ONLY_NOT_PRODUCTION,725.3111,725.3111,-62.0252,54,17,0.08551532,0.08551532,,0.08551532,62.0252,725.3111,OK,0.0000,-2.4810,4.0000,96.0000,AG03-UNRESOLVED,ALL5_LEVELS_bet23_to_bet27,-2.4810,-2.4810,-2.4810,-3.7215,-3.7215,4.000000,4.000000,4.000000,6.000000,6.000000,96.000000,96.000000,96.000000,94.000000,94.000000,5.0,-14.8861,-13.5368,-47.1392,-48.4884,PENDING_AG03,FALSE,NOT_FOR_ENFORCEMENT,-59.5442,696.2987,-62.0252,-59.5442,-2.4810,-0.08551532,-0.08209471,-2.4810,-59.5442,-0.08209471,-2.4810,-2.4810,-2.4810,-3.7215,-3.7215,-59.5442,-0.08209471,-14.8861,-13.5368,-47.1392,-48.4884,-0.06499164,-0.06685184,-0.00342061,13.4317,42.6654,-3.6485,-31.0126,-20.6751,362.6556,8.5000,13.4317,,4.0407,4.0407,26.2647,38.3869,48.8928,52.4487,4.0407,-4.0407,12.099999,12.980001,3.324074,2,3,2,8,1.00000000,-0.08551532,-0.08551532,0E-8,0.000000,1.000000,0.000000,,2026-08-03,2026-08-06,2,3,3,4,0.500000,,1.000000,3.333333,,,,,,,,GLOBAL_BASELINE_NO_ENTITY_RANKING,,,NOT_APPLICABLE_GLOBAL_BASELINE,HF9g-P5,,,,X 全窗基线 · 不参与实体赏罚,3923845,393,A168_HF9F_20260827_0900,2026-08-27 09:00:00
2026-08-06,153779615,2216,0,98.9978988201,-0.5050913205,-0.5050913205,0.5000000,5,2,0.44598065640348097,0.247019625000,0.1536893681405254,0.8295532557773775,0.1536893681405254,0.19896103140348097,ELIGIBLE,R03b_20260811_FULL_v1,L1_ELIGIBILITY,v2026-08-11,2026-03-21..2026-08-06,baccarat_bet02_101_all_pairs_incl_sentinel,round_win = game_pnl > 0 (decisive only),COMPATIBILITY_ONLY_NOT_PRODUCTION,725.3111,725.3111,-62.0252,54,17,0.08551532,0.08551532,,0.08551532,62.0252,725.3111,OK,0.0000,-2.4810,4.0000,96.0000,AG03-UNRESOLVED,ALL5_LEVELS_bet23_to_bet27,-2.4810,-2.4810,-2.4810,-3.7215,-3.7215,4.000000,4.000000,4.000000,6.000000,6.000000,96.000000,96.000000,96.000000,94.000000,94.000000,5.0,-14.8861,-13.5368,-47.1392,-48.4884,PENDING_AG03,FALSE,NOT_FOR_ENFORCEMENT,-59.5442,696.2987,-62.0252,-59.5442,-2.4810,-0.08551532,-0.08209471,-2.4810,-59.5442,-0.08209471,-2.4810,-2.4810,-2.4810,-3.7215,-3.7215,-59.5442,-0.08209471,-14.8861,-13.5368,-47.1392,-48.4884,-0.06499164,-0.06685184,-0.00342061,13.4317,42.6654,-3.6485,-31.0126,-20.6751,362.6556,8.5000,13.4317,,4.0407,4.0407,26.2647,38.3869,48.8928,52.4487,4.0407,-4.0407,12.099999,12.980001,3.324074,2,3,2,8,1.00000000,-0.08551532,-0.08551532,0E-8,0.000000,1.000000,0.000000,,2026-08-03,2026-08-06,2,3,3,4,0.500000,,1.000000,3.333333,,,,,,,,GLOBAL_BASELINE_NO_ENTITY_RANKING,,,NOT_APPLICABLE_GLOBAL_BASELINE,HF9g-P5,,,,X 全窗基线 · 不参与实体赏罚,3923846,393,A168_HF9F_20260827_0900,2026-08-27 09:00:00
2026-08-06,153779615,2220,0,60.6109584613,-60.6109584613,-60.6109584613,0E-7,3,1,0.43300422333346409,0.213933200000,-0.8738887613551838,-0.5216862217126026,-0.8738887613551838,0.21907102333346409,ELIGIBLE,R03b_20260811_FULL_v1,L1_ELIGIBILITY,v2026-08-11,2026-03-21..2026-08-06,baccarat_bet02_101_all_pairs_incl_sentinel,round_win = game_pnl > 0 (decisive only),COMPATIBILITY_ONLY_NOT_PRODUCTION,725.3111,725.3111,-62.0252,54,17,0.08551532,0.08551532,,0.08551532,62.0252,725.3111,OK,0.0000,-2.4810,4.0000,96.0000,AG03-UNRESOLVED,ALL5_LEVELS_bet23_to_bet27,-2.4810,-2.4810,-2.4810,-3.7215,-3.7215,4.000000,4.000000,4.000000,6.000000,6.000000,96.000000,96.000000,96.000000,94.000000,94.000000,5.0,-14.8861,-13.5368,-47.1392,-48.4884,PENDING_AG03,FALSE,NOT_FOR_ENFORCEMENT,-59.5442,696.2987,-62.0252,-59.5442,-2.4810,-0.08551532,-0.08209471,-2.4810,-59.5442,-0.08209471,-2.4810,-2.4810,-2.4810,-3.7215,-3.7215,-59.5442,-0.08209471,-14.8861,-13.5368,-47.1392,-48.4884,-0.06499164,-0.06685184,-0.00342061,13.4317,42.6654,-3.6485,-31.0126,-20.6751,362.6556,8.5000,13.4317,,4.0407,4.0407,26.2647,38.3869,48.8928,52.4487,4.0407,-4.0407,12.099999,12.980001,3.324074,2,3,2,8,1.00000000,-0.08551532,-0.08551532,0E-8,0.000000,1.000000,0.000000,,2026-08-03,2026-08-06,2,3,3,4,0.500000,,1.000000,3.333333,,,,,,,,GLOBAL_BASELINE_NO_ENTITY_RANKING,,,NOT_APPLICABLE_GLOBAL_BASELINE,HF9g-P5,,,,X 全窗基线 · 不参与实体赏罚,3923847,393,A168_HF9F_20260827_0900,2026-08-27 09:00:00
2026-03-26,112130100,2171,0,88.0359186548,40.7166123778,41.4208997270,0.7500000,4,4,0.50665070000000000,0.506650700000,0.9734833216690844,0.9734833216690844,0.9734833216690844,0E-17,ELIGIBLE,R03b_20260811_FULL_v1,L1_ELIGIBILITY,v2026-08-11,2026-03-21..2026-08-06,baccarat_bet02_101_all_pairs_incl_sentinel,round_win = game_pnl > 0 (decisive only),COMPATIBILITY_ONLY_NOT_PRODUCTION,198.0808,198.0808,-61.0089,8,8,0.30800000,,0.30800000,0.30000000,61.0089,198.0808,THIN_EXPOSURE,1.5846,-3.0504,5.0000,95.0000,AG03-UNRESOLVED,ALL5_LEVELS_bet23_to_bet27,-3.0504,-3.0504,-3.0504,-3.6605,-3.6605,5.000000,5.000000,5.000000,6.000000,6.000000,95.000000,95.000000,95.000000,94.000000,94.000000,5.0,-16.4724,-14.79,-46.1211,-47.8036,PENDING_AG03,FALSE,NOT_FOR_ENFORCEMENT,-57.9584,188.1768,-62.5935,-59.5431,-4.6351,-0.31600000,-0.30060000,-3.0504,-59.5431,-0.30060000,-3.0504,-3.0504,-3.0504,-3.6605,-3.6605,-59.5431,-0.30060000,-16.4724,-14.79,-46.1211,-47.8036,-0.23284000,-0.24133358,-0.02340000,24.7601,24.7601,-7.6261,-61.0089,-61.0089,198.0808,8.0000,,24.7601,22.009,22.009,22.009,37.4153,44.018,44.018,22.009,21.0846,2.0,2.0,1.125,1,2,1,1,0E-8,-0.30800000,,0.00800000,0.800000,1.000000,0.000000,,2026-03-26,2026-03-26,1,1,1,1,1.000000,,,0.000000,,,,,,,,GLOBAL_BASELINE_NO_ENTITY_RANKING,,,NOT_APPLICABLE_GLOBAL_BASELINE,HF9g-P5,,,,X 全窗基线 · 不参与实体赏罚,3923848,393,A168_HF9F_20260827_0900,2026-08-27 09:00:00
2026-03-26,112130100,986,0,110.0448983185,18.7076327141,19.5879919007,0.5000000,4,4,0.50665070000000000,0.506650700000,-0.02660515369234503,-0.02660515369234503,-0.02660515369234503,0E-17,ELIGIBLE,R03b_20260811_FULL_v1,L1_ELIGIBILITY,v2026-08-11,2026-03-21..2026-08-06,baccarat_bet02_101_all_pairs_incl_sentinel,round_win = game_pnl > 0 (decisive only),COMPATIBILITY_ONLY_NOT_PRODUCTION,198.0808,198.0808,-61.0089,8,8,0.30800000,,0.30800000,0.30000000,61.0089,198.0808,THIN_EXPOSURE,1.5846,-3.0504,5.0000,95.0000,AG03-UNRESOLVED,ALL5_LEVELS_bet23_to_bet27,-3.0504,-3.0504,-3.0504,-3.6605,-3.6605,5.000000,5.000000,5.000000,6.000000,6.000000,95.000000,95.000000,95.000000,94.000000,94.000000,5.0,-16.4724,-14.79,-46.1211,-47.8036,PENDING_AG03,FALSE,NOT_FOR_ENFORCEMENT,-57.9584,188.1768,-62.5935,-59.5431,-4.6351,-0.31600000,-0.30060000,-3.0504,-59.5431,-0.30060000,-3.0504,-3.0504,-3.0504,-3.6605,-3.6605,-59.5431,-0.30060000,-16.4724,-14.79,-46.1211,-47.8036,-0.23284000,-0.24133358,-0.02340000,24.7601,24.7601,-7.6261,-61.0089,-61.0089,198.0808,8.0000,,24.7601,22.009,22.009,22.009,37.4153,44.018,44.018,22.009,21.0846,2.0,2.0,1.125,1,2,1,1,0E-8,-0.30800000,,0.00800000,0.800000,1.000000,0.000000,,2026-03-26,2026-03-26,1,1,1,1,1.000000,,,0.000000,,,,,,,,GLOBAL_BASELINE_NO_ENTITY_RANKING,,,NOT_APPLICABLE_GLOBAL_BASELINE,HF9g-P5,,,,X 全窗基线 · 不参与实体赏罚,3923849,393,A168_HF9F_20260827_0900,2026-08-27 09:00:00
2026-06-26,12156385,2129,0,62.3143551503,62.3143551503,62.8128699915,1.0000000,1,1,0.49324550000000000,0.493245500000,1.01360149184955,1.01360149184955,1.01360149184955,0E-17,ELIGIBLE,R03b_20260811_FULL_v1,L1_ELIGIBILITY,v2026-08-11,2026-03-21..2026-08-06,baccarat_bet02_101_all_pairs_incl_sentinel,round_win = game_pnl > 0 (decisive only),COMPATIBILITY_ONLY_NOT_PRODUCTION,62.3144,62.3144,-62.8129,1,1,1.00800000,,1.00800000,1.00000000,62.8129,62.3144,THIN_EXPOSURE,0.4985,-3.7688,6.0000,94.0000,AG03-UNRESOLVED,ALL5_LEVELS_bet23_to_bet27,-3.7688,-3.7688,-3.7688,-3.7688,-3.7688,6.000000,6.000000,6.000000,6.000000,6.000000,94.000000,94.000000,94.000000,94.000000,94.000000,5.0,-18.8439,-16.7143,-44.4675,-46.5971,PENDING_AG03,FALSE,NOT_FOR_ENFORCEMENT,-59.0441,58.5755,-63.3114,-59.5426,-4.2673,-1.01600000,-0.95552000,-3.7688,-59.5426,-0.95552000,-3.7688,-3.7688,-3.7688,-3.7688,-3.7688,-59.5426,-0.95552000,-18.8439,-16.7143,-44.4675,-46.5971,-0.71360000,-0.74777525,-0.06848000,62.3144,62.3144,-62.8129,-62.8129,-62.8129,62.3144,1.0000,,62.3144,62.3144,62.3144,62.3144,62.3144,62.3144,62.3144,62.3144,62.8129,1.0,1.0,1.0,1,1,1,1,0E-8,-1.00800000,,0.00800000,0.800000,1.000000,0.000000,,2026-06-26,2026-06-26,1,1,1,1,1.000000,,,0.000000,,,,,,,,GLOBAL_BASELINE_NO_ENTITY_RANKING,,,NOT_APPLICABLE_GLOBAL_BASELINE,HF9g-P5,,,,X 全窗基线 · 不参与实体赏罚,3923850,393,A168_HF9F_20260827_0900,2026-08-27 09:00:00
2026-04-08,148388865,2101,0,15.7055728608,-15.7055728608,-15.7055728608,0E-7,1,1,0.50665070000000000,0.506650700000,-1.013391052207602,-1.013391052207602,-1.013391052207602,0E-17,ELIGIBLE,R03b_20260811_FULL_v1,L1_ELIGIBILITY,v2026-08-11,2026-03-21..2026-08-06,baccarat_bet02_101_all_pairs_incl_sentinel,round_win = game_pnl > 0 (decisive only),COMPATIBILITY_ONLY_NOT_PRODUCTION,96.8510,96.8510,-61.3826,6,6,0.63378378,,0.63378378,0.63378378,61.3826,96.8510,THIN_EXPOSURE,0.0000,-1.8415,3.0000,97.0000,AG03-UNRESOLVED,ALL5_LEVELS_bet23_to_bet27,-1.8415,-1.8415,-1.8415,-2.4553,-2.4553,3.000000,3.000000,3.000000,4.000000,4.000000,97.000000,97.000000,97.000000,96.000000,96.000000,5.0,-10.4350,-9.7525,-50.9476,-51.6301,PENDING_AG03,FALSE,NOT_FOR_ENFORCEMENT,-59.5411,93.9455,-61.3826,-59.5411,-1.8415,-0.63378378,-0.61477027,-1.8415,-59.5411,-0.61477027,-1.8415,-1.8415,-1.8415,-2.4553,-2.4553,-59.5411,-0.61477027,-10.4350,-9.7525,-50.9476,-51.6301,-0.52604054,-0.53308786,-0.01901351,16.1418,16.1418,-10.2304,-61.3826,-61.3826,96.8510,6.0000,,16.1418,15.7056,15.7056,18.3232,18.3232,18.3232,18.3232,15.7056,14.9203,1.166667,1.166667,1.027778,1,2,1,1,0E-8,-0.63378378,,0E-8,0.000000,1.000000,0.000000,,2026-04-08,2026-04-08,1,1,1,1,1.000000,,,0.000000,,,,,,,,GLOBAL_BASELINE_NO_ENTITY_RANKING,,,NOT_APPLICABLE_GLOBAL_BASELINE,HF9g-P5,,,,X 全窗基线 · 不参与实体赏罚,3923851,393,A168_HF9F_20260827_0900,2026-08-27 09:00:00
2026-04-08,148388865,2252,0,81.1454597808,77.0881867916,77.0881867916,1.0000000,5,5,0.50665070000000000,0.506650700000,2.2065203483183233,2.2065203483183233,2.2065203483183233,0E-17,ELIGIBLE,R03b_20260811_FULL_v1,L1_ELIGIBILITY,v2026-08-11,2026-03-21..2026-08-06,baccarat_bet02_101_all_pairs_incl_sentinel,round_win = game_pnl > 0 (decisive only),COMPATIBILITY_ONLY_NOT_PRODUCTION,96.8510,96.8510,-61.3826,6,6,0.63378378,,0.63378378,0.63378378,61.3826,96.8510,THIN_EXPOSURE,0.0000,-1.8415,3.0000,97.0000,AG03-UNRESOLVED,ALL5_LEVELS_bet23_to_bet27,-1.8415,-1.8415,-1.8415,-2.4553,-2.4553,3.000000,3.000000,3.000000,4.000000,4.000000,97.000000,97.000000,97.000000,96.000000,96.000000,5.0,-10.4350,-9.7525,-50.9476,-51.6301,PENDING_AG03,FALSE,NOT_FOR_ENFORCEMENT,-59.5411,93.9455,-61.3826,-59.5411,-1.8415,-0.63378378,-0.61477027,-1.8415,-59.5411,-0.61477027,-1.8415,-1.8415,-1.8415,-2.4553,-2.4553,-59.5411,-0.61477027,-10.4350,-9.7525,-50.9476,-51.6301,-0.52604054,-0.53308786,-0.01901351,16.1418,16.1418,-10.2304,-61.3826,-61.3826,96.8510,6.0000,,16.1418,15.7056,15.7056,18.3232,18.3232,18.3232,18.3232,15.7056,14.9203,1.166667,1.166667,1.027778,1,2,1,1,0E-8,-0.63378378,,0E-8,0.000000,1.000000,0.000000,,2026-04-08,2026-04-08,1,1,1,1,1.000000,,,0.000000,,,,,,,,GLOBAL_BASELINE_NO_ENTITY_RANKING,,,NOT_APPLICABLE_GLOBAL_BASELINE,HF9g-P5,,,,X 全窗基线 · 不参与实体赏罚,3923852,393,A168_HF9F_20260827_0900,2026-08-27 09:00:00
2026-04-24,144557181,1385,0,67.4635802080,39.4240296839,39.9300065362,0.3333333,27,9,0.23954726388888889,0.202234968519,0.6592161962790184,0.9791582910474524,0.6592161962790184,0.03731229536988889,ELIGIBLE,R03b_20260811_FULL_v1,L1_ELIGIBILITY,v2026-08-11,2026-03-21..2026-08-06,baccarat_bet02_101_all_pairs_incl_sentinel,round_win = game_pnl > 0 (decisive only),COMPATIBILITY_ONLY_NOT_PRODUCTION,454.6252,411.9936,-59.8330,171,55,0.13160945,,0.13160945,0.12435964,59.8330,454.6252,OK,3.2959,-3.5900,6.0000,94.0000,AG03-UNRESOLVED,ALL5_LEVELS_bet23_to_bet27,-3.5900,-3.5900,-3.5900,-3.5900,-3.5900,6.000000,6.000000,6.000000,6.000000,6.000000,94.000000,94.000000,94.000000,94.000000,94.000000,5.0,-17.9499,-15.9213,-45.1790,-47.2076,PENDING_AG03,FALSE,NOT_FOR_ENFORCEMENT,-56.2430,387.2740,-63.1289,-59.5389,-6.8859,-0.13885927,-0.13096270,-3.5900,-59.5389,-0.13096270,-3.5900,-3.5900,-3.5900,-3.5900,-3.5900,-59.5389,-0.13096270,-17.9499,-15.9213,-45.1790,-47.2076,-0.09937643,-0.10383852,-0.01514638,2.6586,7.4908,-1.0879,-7.4791,-4.6025,56.8281,6.8750,,2.6586,2.1006,2.1006,2.1082,4.2073,6.1976,8.0055,2.1006,-2.0838,2.950359,3.811008,1.265639,8,13,8,8,0E-8,-0.13160945,,0.00800000,0.800000,0.906227,0.000000,,2026-04-24,2026-07-01,8,13,12,69,0.115942,,,0.000000,,,,,,,,GLOBAL_BASELINE_NO_ENTITY_RANKING,,,NOT_APPLICABLE_GLOBAL_BASELINE,HF9g-P5,,,,X 全窗基线 · 不参与实体赏罚,3923853,393,A168_HF9F_20260827_0900,2026-08-27 09:00:00
2026-04-24,144557181,1654,0,10.5411844075,-2.3190605697,-2.2347310942,0.3333333,5,3,0.35914576666666667,0.359145766667,-0.09319112833698164,-0.09319112833816605,-0.09319112833698164,-3.3333E-13,ELIGIBLE,R03b_20260811_FULL_v1,L1_ELIGIBILITY,v2026-08-11,2026-03-21..2026-08-06,baccarat_bet02_101_all_pairs_incl_sentinel,round_win = game_pnl > 0 (decisive only),COMPATIBILITY_ONLY_NOT_PRODUCTION,454.6252,411.9936,-59.8330,171,55,0.13160945,,0.13160945,0.12435964,59.8330,454.6252,OK,3.2959,-3.5900,6.0000,94.0000,AG03-UNRESOLVED,ALL5_LEVELS_bet23_to_bet27,-3.5900,-3.5900,-3.5900,-3.5900,-3.5900,6.000000,6.000000,6.000000,6.000000,6.000000,94.000000,94.000000,94.000000,94.000000,94.000000,5.0,-17.9499,-15.9213,-45.1790,-47.2076,PENDING_AG03,FALSE,NOT_FOR_ENFORCEMENT,-56.2430,387.2740,-63.1289,-59.5389,-6.8859,-0.13885927,-0.13096270,-3.5900,-59.5389,-0.13096270,-3.5900,-3.5900,-3.5900,-3.5900,-3.5900,-59.5389,-0.13096270,-17.9499,-15.9213,-45.1790,-47.2076,-0.09937643,-0.10383852,-0.01514638,2.6586,7.4908,-1.0879,-7.4791,-4.6025,56.8281,6.8750,,2.6586,2.1006,2.1006,2.1082,4.2073,6.1976,8.0055,2.1006,-2.0838,2.950359,3.811008,1.265639,8,13,8,8,0E-8,-0.13160945,,0.00800000,0.800000,0.906227,0.000000,,2026-04-24,2026-07-01,8,13,12,69,0.115942,,,0.000000,,,,,,,,GLOBAL_BASELINE_NO_ENTITY_RANKING,,,NOT_APPLICABLE_GLOBAL_BASELINE,HF9g-P5,,,,X 全窗基线 · 不参与实体赏罚,3923854,393,A168_HF9F_20260827_0900,2026-08-27 09:00:00
2026-04-24,144557181,1941,0,14.7576581705,12.6494212890,12.7337507643,0.6666667,6,3,0.35870489166666667,0.336004838889,1.1121409400439433,1.2125215507260076,1.1121409400439433,0.02270005277766667,ELIGIBLE,R03b_20260811_FULL_v1,L1_ELIGIBILITY,v2026-08-11,2026-03-21..2026-08-06,baccarat_bet02_101_all_pairs_incl_sentinel,round_win = game_pnl > 0 (decisive only),COMPATIBILITY_ONLY_NOT_PRODUCTION,454.6252,411.9936,-59.8330,171,55,0.13160945,,0.13160945,0.12435964,59.8330,454.6252,OK,3.2959,-3.5900,6.0000,94.0000,AG03-UNRESOLVED,ALL5_LEVELS_bet23_to_bet27,-3.5900,-3.5900,-3.5900,-3.5900,-3.5900,6.000000,6.000000,6.000000,6.000000,6.000000,94.000000,94.000000,94.000000,94.000000,94.000000,5.0,-17.9499,-15.9213,-45.1790,-47.2076,PENDING_AG03,FALSE,NOT_FOR_ENFORCEMENT,-56.2430,387.2740,-63.1289,-59.5389,-6.8859,-0.13885927,-0.13096270,-3.5900,-59.5389,-0.13096270,-3.5900,-3.5900,-3.5900,-3.5900,-3.5900,-59.5389,-0.13096270,-17.9499,-15.9213,-45.1790,-47.2076,-0.09937643,-0.10383852,-0.01514638,2.6586,7.4908,-1.0879,-7.4791,-4.6025,56.8281,6.8750,,2.6586,2.1006,2.1006,2.1082,4.2073,6.1976,8.0055,2.1006,-2.0838,2.950359,3.811008,1.265639,8,13,8,8,0E-8,-0.13160945,,0.00800000,0.800000,0.906227,0.000000,,2026-04-24,2026-07-01,8,13,12,69,0.115942,,,0.000000,,,,,,,,GLOBAL_BASELINE_NO_ENTITY_RANKING,,,NOT_APPLICABLE_GLOBAL_BASELINE,HF9g-P5,,,,X 全窗基线 · 不参与实体赏罚,3923855,393,A168_HF9F_20260827_0900,2026-08-27 09:00:00
2026-04-24,144557181,2093,0,4.2164737630,-4.2164737630,-4.1827419728,0E-7,2,1,0.28396590000000000,0.283965900000,-0.6297471965178029,-0.6297471965178028,-0.6297471965178029,0E-17,ELIGIBLE,R03b_20260811_FULL_v1,L1_ELIGIBILITY,v2026-08-11,2026-03-21..2026-08-06,baccarat_bet02_101_all_pairs_incl_sentinel,round_win = game_pnl > 0 (decisive only),COMPATIBILITY_ONLY_NOT_PRODUCTION,454.6252,411.9936,-59.8330,171,55,0.13160945,,0.13160945,0.12435964,59.8330,454.6252,OK,3.2959,-3.5900,6.0000,94.0000,AG03-UNRESOLVED,ALL5_LEVELS_bet23_to_bet27,-3.5900,-3.5900,-3.5900,-3.5900,-3.5900,6.000000,6.000000,6.000000,6.000000,6.000000,94.000000,94.000000,94.000000,94.000000,94.000000,5.0,-17.9499,-15.9213,-45.1790,-47.2076,PENDING_AG03,FALSE,NOT_FOR_ENFORCEMENT,-56.2430,387.2740,-63.1289,-59.5389,-6.8859,-0.13885927,-0.13096270,-3.5900,-59.5389,-0.13096270,-3.5900,-3.5900,-3.5900,-3.5900,-3.5900,-59.5389,-0.13096270,-17.9499,-15.9213,-45.1790,-47.2076,-0.09937643,-0.10383852,-0.01514638,2.6586,7.4908,-1.0879,-7.4791,-4.6025,56.8281,6.8750,,2.6586,2.1006,2.1006,2.1082,4.2073,6.1976,8.0055,2.1006,-2.0838,2.950359,3.811008,1.265639,8,13,8,8,0E-8,-0.13160945,,0.00800000,0.800000,0.906227,0.000000,,2026-04-24,2026-07-01,8,13,12,69,0.115942,,,0.000000,,,,,,,,GLOBAL_BASELINE_NO_ENTITY_RANKING,,,NOT_APPLICABLE_GLOBAL_BASELINE,HF9g-P5,,,,X 全窗基线 · 不参与实体赏罚,3923856,393,A168_HF9F_20260827_0900,2026-08-27 09:00:00
2026-04-24,144557181,2156,0,25.2988425780,-2.1082368815,-1.9395779307,0.3333333,10,3,0.25454089166666667,0.208396722222,0.3132957423433832,0.532783927649357,0.3132957423433832,0.04614416944466667,ELIGIBLE,R03b_20260811_FULL_v1,L1_ELIGIBILITY,v2026-08-11,2026-03-21..2026-08-06,baccarat_bet02_101_all_pairs_incl_sentinel,round_win = game_pnl > 0 (decisive only),COMPATIBILITY_ONLY_NOT_PRODUCTION,454.6252,411.9936,-59.8330,171,55,0.13160945,,0.13160945,0.12435964,59.8330,454.6252,OK,3.2959,-3.5900,6.0000,94.0000,AG03-UNRESOLVED,ALL5_LEVELS_bet23_to_bet27,-3.5900,-3.5900,-3.5900,-3.5900,-3.5900,6.000000,6.000000,6.000000,6.000000,6.000000,94.000000,94.000000,94.000000,94.000000,94.000000,5.0,-17.9499,-15.9213,-45.1790,-47.2076,PENDING_AG03,FALSE,NOT_FOR_ENFORCEMENT,-56.2430,387.2740,-63.1289,-59.5389,-6.8859,-0.13885927,-0.13096270,-3.5900,-59.5389,-0.13096270,-3.5900,-3.5900,-3.5900,-3.5900,-3.5900,-59.5389,-0.13096270,-17.9499,-15.9213,-45.1790,-47.2076,-0.09937643,-0.10383852,-0.01514638,2.6586,7.4908,-1.0879,-7.4791,-4.6025,56.8281,6.8750,,2.6586,2.1006,2.1006,2.1082,4.2073,6.1976,8.0055,2.1006,-2.0838,2.950359,3.811008,1.265639,8,13,8,8,0E-8,-0.13160945,,0.00800000,0.800000,0.906227,0.000000,,2026-04-24,2026-07-01,8,13,12,69,0.115942,,,0.000000,,,,,,,,GLOBAL_BASELINE_NO_ENTITY_RANKING,,,NOT_APPLICABLE_GLOBAL_BASELINE,HF9g-P5,,,,X 全窗基线 · 不参与实体赏罚,3923857,393,A168_HF9F_20260827_0900,2026-08-27 09:00:00
2026-05-01,144557181,1331,0,25.2074361936,-12.9188110492,-12.7171515594,0E-7,9,3,0.28106658611111111,0.219278144444,-1.082981161944266,-0.9179312020382427,-1.082981161944266,0.06178844166711111,ELIGIBLE,R03b_20260811_FULL_v1,L1_ELIGIBILITY,v2026-08-11,2026-03-21..2026-08-06,baccarat_bet02_101_all_pairs_incl_sentinel,round_win = game_pnl > 0 (decisive only),COMPATIBILITY_ONLY_NOT_PRODUCTION,454.6252,411.9936,-59.8330,171,55,0.13160945,,0.13160945,0.12435964,59.8330,454.6252,OK,3.2959,-3.5900,6.0000,94.0000,AG03-UNRESOLVED,ALL5_LEVELS_bet23_to_bet27,-3.5900,-3.5900,-3.5900,-3.5900,-3.5900,6.000000,6.000000,6.000000,6.000000,6.000000,94.000000,94.000000,94.000000,94.000000,94.000000,5.0,-17.9499,-15.9213,-45.1790,-47.2076,PENDING_AG03,FALSE,NOT_FOR_ENFORCEMENT,-56.2430,387.2740,-63.1289,-59.5389,-6.8859,-0.13885927,-0.13096270,-3.5900,-59.5389,-0.13096270,-3.5900,-3.5900,-3.5900,-3.5900,-3.5900,-59.5389,-0.13096270,-17.9499,-15.9213,-45.1790,-47.2076,-0.09937643,-0.10383852,-0.01514638,2.6586,7.4908,-1.0879,-7.4791,-4.6025,56.8281,6.8750,,2.6586,2.1006,2.1006,2.1082,4.2073,6.1976,8.0055,2.1006,-2.0838,2.950359,3.811008,1.265639,8,13,8,8,0E-8,-0.13160945,,0.00800000,0.800000,0.906227,0.000000,,2026-04-24,2026-07-01,8,13,12,69,0.115942,,,0.000000,,,,,,,,GLOBAL_BASELINE_NO_ENTITY_RANKING,,,NOT_APPLICABLE_GLOBAL_BASELINE,HF9g-P5,,,,X 全窗基线 · 不参与实体赏罚,3923858,393,A168_HF9F_20260827_0900,2026-08-27 09:00:00
2026-05-04,144557181,2229,0,10.5030984140,-10.5030984140,-10.4190736265,0E-7,5,1,0.14568874000000000,0.145688740000,-0.41295709147094034,-0.41295709147094034,-0.41295709147094034,0E-17,ELIGIBLE,R03b_20260811_FULL_v1,L1_ELIGIBILITY,v2026-08-11,2026-03-21..2026-08-06,baccarat_bet02_101_all_pairs_incl_sentinel,round_win = game_pnl > 0 (decisive only),COMPATIBILITY_ONLY_NOT_PRODUCTION,454.6252,411.9936,-59.8330,171,55,0.13160945,,0.13160945,0.12435964,59.8330,454.6252,OK,3.2959,-3.5900,6.0000,94.0000,AG03-UNRESOLVED,ALL5_LEVELS_bet23_to_bet27,-3.5900,-3.5900,-3.5900,-3.5900,-3.5900,6.000000,6.000000,6.000000,6.000000,6.000000,94.000000,94.000000,94.000000,94.000000,94.000000,5.0,-17.9499,-15.9213,-45.1790,-47.2076,PENDING_AG03,FALSE,NOT_FOR_ENFORCEMENT,-56.2430,387.2740,-63.1289,-59.5389,-6.8859,-0.13885927,-0.13096270,-3.5900,-59.5389,-0.13096270,-3.5900,-3.5900,-3.5900,-3.5900,-3.5900,-59.5389,-0.13096270,-17.9499,-15.9213,-45.1790,-47.2076,-0.09937643,-0.10383852,-0.01514638,2.6586,7.4908,-1.0879,-7.4791,-4.6025,56.8281,6.8750,,2.6586,2.1006,2.1006,2.1082,4.2073,6.1976,8.0055,2.1006,-2.0838,2.950359,3.811008,1.265639,8,13,8,8,0E-8,-0.13160945,,0.00800000,0.800000,0.906227,0.000000,,2026-04-24,2026-07-01,8,13,12,69,0.115942,,,0.000000,,,,,,,,GLOBAL_BASELINE_NO_ENTITY_RANKING,,,NOT_APPLICABLE_GLOBAL_BASELINE,HF9g-P5,,,,X 全窗基线 · 不参与实体赏罚,3923859,393,A168_HF9F_20260827_0900,2026-08-27 09:00:00
2026-05-06,144557181,1401,0,35.7105346076,-12.6037180967,-12.3516437343,0.2500000,16,4,0.20599163839285714,0.192837135417,0.2176345602437821,0.2897797662601511,0.2176345602437821,0.01315450297585714,ELIGIBLE,R03b_20260811_FULL_v1,L1_ELIGIBILITY,v2026-08-11,2026-03-21..2026-08-06,baccarat_bet02_101_all_pairs_incl_sentinel,round_win = game_pnl > 0 (decisive only),COMPATIBILITY_ONLY_NOT_PRODUCTION,454.6252,411.9936,-59.8330,171,55,0.13160945,,0.13160945,0.12435964,59.8330,454.6252,OK,3.2959,-3.5900,6.0000,94.0000,AG03-UNRESOLVED,ALL5_LEVELS_bet23_to_bet27,-3.5900,-3.5900,-3.5900,-3.5900,-3.5900,6.000000,6.000000,6.000000,6.000000,6.000000,94.000000,94.000000,94.000000,94.000000,94.000000,5.0,-17.9499,-15.9213,-45.1790,-47.2076,PENDING_AG03,FALSE,NOT_FOR_ENFORCEMENT,-56.2430,387.2740,-63.1289,-59.5389,-6.8859,-0.13885927,-0.13096270,-3.5900,-59.5389,-0.13096270,-3.5900,-3.5900,-3.5900,-3.5900,-3.5900,-59.5389,-0.13096270,-17.9499,-15.9213,-45.1790,-47.2076,-0.09937643,-0.10383852,-0.01514638,2.6586,7.4908,-1.0879,-7.4791,-4.6025,56.8281,6.8750,,2.6586,2.1006,2.1006,2.1082,4.2073,6.1976,8.0055,2.1006,-2.0838,2.950359,3.811008,1.265639,8,13,8,8,0E-8,-0.13160945,,0.00800000,0.800000,0.906227,0.000000,,2026-04-24,2026-07-01,8,13,12,69,0.115942,,,0.000000,,,,,,,,GLOBAL_BASELINE_NO_ENTITY_RANKING,,,NOT_APPLICABLE_GLOBAL_BASELINE,HF9g-P5,,,,X 全窗基线 · 不参与实体赏罚,3923860,393,A168_HF9F_20260827_0900,2026-08-27 09:00:00
2026-05-06,144557181,1994,0,123.9365612852,53.9859258485,54.8261737225,0.6000000,44,10,0.25396095789285714,0.177650429191,2.513974365805754,3.4943040503509284,2.513974365805754,0.07631052870185714,ELIGIBLE,R03b_20260811_FULL_v1,L1_ELIGIBILITY,v2026-08-11,2026-03-21..2026-08-06,baccarat_bet02_101_all_pairs_incl_sentinel,round_win = game_pnl > 0 (decisive only),COMPATIBILITY_ONLY_NOT_PRODUCTION,454.6252,411.9936,-59.8330,171,55,0.13160945,,0.13160945,0.12435964,59.8330,454.6252,OK,3.2959,-3.5900,6.0000,94.0000,AG03-UNRESOLVED,ALL5_LEVELS_bet23_to_bet27,-3.5900,-3.5900,-3.5900,-3.5900,-3.5900,6.000000,6.000000,6.000000,6.000000,6.000000,94.000000,94.000000,94.000000,94.000000,94.000000,5.0,-17.9499,-15.9213,-45.1790,-47.2076,PENDING_AG03,FALSE,NOT_FOR_ENFORCEMENT,-56.2430,387.2740,-63.1289,-59.5389,-6.8859,-0.13885927,-0.13096270,-3.5900,-59.5389,-0.13096270,-3.5900,-3.5900,-3.5900,-3.5900,-3.5900,-59.5389,-0.13096270,-17.9499,-15.9213,-45.1790,-47.2076,-0.09937643,-0.10383852,-0.01514638,2.6586,7.4908,-1.0879,-7.4791,-4.6025,56.8281,6.8750,,2.6586,2.1006,2.1006,2.1082,4.2073,6.1976,8.0055,2.1006,-2.0838,2.950359,3.811008,1.265639,8,13,8,8,0E-8,-0.13160945,,0.00800000,0.800000,0.906227,0.000000,,2026-04-24,2026-07-01,8,13,12,69,0.115942,,,0.000000,,,,,,,,GLOBAL_BASELINE_NO_ENTITY_RANKING,,,NOT_APPLICABLE_GLOBAL_BASELINE,HF9g-P5,,,,X 全窗基线 · 不参与实体赏罚,3923861,393,A168_HF9F_20260827_0900,2026-08-27 09:00:00
2026-05-07,144557181,772,0,27.3080558764,-19.1156391135,-18.8971746663,0.2500000,8,4,0.36811133541666667,0.286358262500,-0.489792011664391,-0.16085632272077233,-0.489792011664391,0.08175307291666667,ELIGIBLE,R03b_20260811_FULL_v1,L1_ELIGIBILITY,v2026-08-11,2026-03-21..2026-08-06,baccarat_bet02_101_all_pairs_incl_sentinel,round_win = game_pnl > 0 (decisive only),COMPATIBILITY_ONLY_NOT_PRODUCTION,454.6252,411.9936,-59.8330,171,55,0.13160945,,0.13160945,0.12435964,59.8330,454.6252,OK,3.2959,-3.5900,6.0000,94.0000,AG03-UNRESOLVED,ALL5_LEVELS_bet23_to_bet27,-3.5900,-3.5900,-3.5900,-3.5900,-3.5900,6.000000,6.000000,6.000000,6.000000,6.000000,94.000000,94.000000,94.000000,94.000000,94.000000,5.0,-17.9499,-15.9213,-45.1790,-47.2076,PENDING_AG03,FALSE,NOT_FOR_ENFORCEMENT,-56.2430,387.2740,-63.1289,-59.5389,-6.8859,-0.13885927,-0.13096270,-3.5900,-59.5389,-0.13096270,-3.5900,-3.5900,-3.5900,-3.5900,-3.5900,-59.5389,-0.13096270,-17.9499,-15.9213,-45.1790,-47.2076,-0.09937643,-0.10383852,-0.01514638,2.6586,7.4908,-1.0879,-7.4791,-4.6025,56.8281,6.8750,,2.6586,2.1006,2.1006,2.1082,4.2073,6.1976,8.0055,2.1006,-2.0838,2.950359,3.811008,1.265639,8,13,8,8,0E-8,-0.13160945,,0.00800000,0.800000,0.906227,0.000000,,2026-04-24,2026-07-01,8,13,12,69,0.115942,,,0.000000,,,,,,,,GLOBAL_BASELINE_NO_ENTITY_RANKING,,,NOT_APPLICABLE_GLOBAL_BASELINE,HF9g-P5,,,,X 全窗基线 · 不参与实体赏罚,3923862,393,A168_HF9F_20260827_0900,2026-08-27 09:00:00
2026-05-08,144557181,994,0,45.5834471167,-9.2427266042,-8.9167104292,0.2000000,16,5,0.25381873279949622,0.215813316667,-0.2765250396095734,-0.08595261992930815,-0.2765250396095734,0.03800541613249622,ELIGIBLE,R03b_20260811_FULL_v1,L1_ELIGIBILITY,v2026-08-11,2026-03-21..2026-08-06,baccarat_bet02_101_all_pairs_incl_sentinel,round_win = game_pnl > 0 (decisive only),COMPATIBILITY_ONLY_NOT_PRODUCTION,454.6252,411.9936,-59.8330,171,55,0.13160945,,0.13160945,0.12435964,59.8330,454.6252,OK,3.2959,-3.5900,6.0000,94.0000,AG03-UNRESOLVED,ALL5_LEVELS_bet23_to_bet27,-3.5900,-3.5900,-3.5900,-3.5900,-3.5900,6.000000,6.000000,6.000000,6.000000,6.000000,94.000000,94.000000,94.000000,94.000000,94.000000,5.0,-17.9499,-15.9213,-45.1790,-47.2076,PENDING_AG03,FALSE,NOT_FOR_ENFORCEMENT,-56.2430,387.2740,-63.1289,-59.5389,-6.8859,-0.13885927,-0.13096270,-3.5900,-59.5389,-0.13096270,-3.5900,-3.5900,-3.5900,-3.5900,-3.5900,-59.5389,-0.13096270,-17.9499,-15.9213,-45.1790,-47.2076,-0.09937643,-0.10383852,-0.01514638,2.6586,7.4908,-1.0879,-7.4791,-4.6025,56.8281,6.8750,,2.6586,2.1006,2.1006,2.1082,4.2073,6.1976,8.0055,2.1006,-2.0838,2.950359,3.811008,1.265639,8,13,8,8,0E-8,-0.13160945,,0.00800000,0.800000,0.906227,0.000000,,2026-04-24,2026-07-01,8,13,12,69,0.115942,,,0.000000,,,,,,,,GLOBAL_BASELINE_NO_ENTITY_RANKING,,,NOT_APPLICABLE_GLOBAL_BASELINE,HF9g-P5,,,,X 全窗基线 · 不参与实体赏罚,3923863,393,A168_HF9F_20260827_0900,2026-08-27 09:00:00
2026-05-09,144557181,2266,0,27.3080558764,-18.9055771452,-18.6871126980,0E-7,9,2,0.23340579523809524,0.155212765000,-0.7803475108737796,-0.6061848026359953,-0.7803475108737796,0.07819303023809524,ELIGIBLE,R03b_20260811_FULL_v1,L1_ELIGIBILITY,v2026-08-11,2026-03-21..2026-08-06,baccarat_bet02_101_all_pairs_incl_sentinel,round_win = game_pnl > 0 (decisive only),COMPATIBILITY_ONLY_NOT_PRODUCTION,454.6252,411.9936,-59.8330,171,55,0.13160945,,0.13160945,0.12435964,59.8330,454.6252,OK,3.2959,-3.5900,6.0000,94.0000,AG03-UNRESOLVED,ALL5_LEVELS_bet23_to_bet27,-3.5900,-3.5900,-3.5900,-3.5900,-3.5900,6.000000,6.000000,6.000000,6.000000,6.000000,94.000000,94.000000,94.000000,94.000000,94.000000,5.0,-17.9499,-15.9213,-45.1790,-47.2076,PENDING_AG03,FALSE,NOT_FOR_ENFORCEMENT,-56.2430,387.2740,-63.1289,-59.5389,-6.8859,-0.13885927,-0.13096270,-3.5900,-59.5389,-0.13096270,-3.5900,-3.5900,-3.5900,-3.5900,-3.5900,-59.5389,-0.13096270,-17.9499,-15.9213,-45.1790,-47.2076,-0.09937643,-0.10383852,-0.01514638,2.6586,7.4908,-1.0879,-7.4791,-4.6025,56.8281,6.8750,,2.6586,2.1006,2.1006,2.1082,4.2073,6.1976,8.0055,2.1006,-2.0838,2.950359,3.811008,1.265639,8,13,8,8,0E-8,-0.13160945,,0.00800000,0.800000,0.906227,0.000000,,2026-04-24,2026-07-01,8,13,12,69,0.115942,,,0.000000,,,,,,,,GLOBAL_BASELINE_NO_ENTITY_RANKING,,,NOT_APPLICABLE_GLOBAL_BASELINE,HF9g-P5,,,,X 全窗基线 · 不参与实体赏罚,3923864,393,A168_HF9F_20260827_0900,2026-08-27 09:00:00
2026-07-01,144557181,2130,0,36.7902546700,42.4109880230,42.6889588361,0.5714286,14,7,0.32971172619178174,0.289685378571,1.3603727691371623,1.6432883903174202,1.3603727691371623,0.04002634762078174,ELIGIBLE,R03b_20260811_FULL_v1,L1_ELIGIBILITY,v2026-08-11,2026-03-21..2026-08-06,baccarat_bet02_101_all_pairs_incl_sentinel,round_win = game_pnl > 0 (decisive only),COMPATIBILITY_ONLY_NOT_PRODUCTION,454.6252,411.9936,-59.8330,171,55,0.13160945,,0.13160945,0.12435964,59.8330,454.6252,OK,3.2959,-3.5900,6.0000,94.0000,AG03-UNRESOLVED,ALL5_LEVELS_bet23_to_bet27,-3.5900,-3.5900,-3.5900,-3.5900,-3.5900,6.000000,6.000000,6.000000,6.000000,6.000000,94.000000,94.000000,94.000000,94.000000,94.000000,5.0,-17.9499,-15.9213,-45.1790,-47.2076,PENDING_AG03,FALSE,NOT_FOR_ENFORCEMENT,-56.2430,387.2740,-63.1289,-59.5389,-6.8859,-0.13885927,-0.13096270,-3.5900,-59.5389,-0.13096270,-3.5900,-3.5900,-3.5900,-3.5900,-3.5900,-59.5389,-0.13096270,-17.9499,-15.9213,-45.1790,-47.2076,-0.09937643,-0.10383852,-0.01514638,2.6586,7.4908,-1.0879,-7.4791,-4.6025,56.8281,6.8750,,2.6586,2.1006,2.1006,2.1082,4.2073,6.1976,8.0055,2.1006,-2.0838,2.950359,3.811008,1.265639,8,13,8,8,0E-8,-0.13160945,,0.00800000,0.800000,0.906227,0.000000,,2026-04-24,2026-07-01,8,13,12,69,0.115942,,,0.000000,,,,,,,,GLOBAL_BASELINE_NO_ENTITY_RANKING,,,NOT_APPLICABLE_GLOBAL_BASELINE,HF9g-P5,,,,X 全窗基线 · 不参与实体赏罚,3923865,393,A168_HF9F_20260827_0900,2026-08-27 09:00:00
2026-06-08,151182331,1210,0,51.4310695091,51.4310695091,51.4310695091,1.0000000,1,1,0.49324550000000000,0.493245500000,1.01360149184955,1.01360149184955,1.01360149184955,0E-17,ELIGIBLE,R03b_20260811_FULL_v1,L1_ELIGIBILITY,v2026-08-11,2026-03-21..2026-08-06,baccarat_bet02_101_all_pairs_incl_sentinel,round_win = game_pnl > 0 (decisive only),COMPATIBILITY_ONLY_NOT_PRODUCTION,300.9408,300.9408,-62.0179,9,8,0.20608010,,0.20608010,0.20608010,62.0179,300.9408,THIN_EXPOSURE,0.0000,-2.4807,4.0000,96.0000,AG03-UNRESOLVED,ALL5_LEVELS_bet23_to_bet27,-2.4807,-2.4807,-3.1009,-3.1009,-3.1009,4.000000,4.000000,5.000000,5.000000,5.000000,96.000000,96.000000,95.000000,95.000000,95.000000,5.0,-14.2641,-13.014,-47.7538,-49.0039,PENDING_AG03,FALSE,NOT_FOR_ENFORCEMENT,-59.5372,288.9031,-62.0179,-59.5372,-2.4807,-0.20608010,-0.19783689,-2.4807,-59.5372,-0.19783689,-2.4807,-2.4807,-3.1009,-3.1009,-3.1009,-59.5372,-0.19783689,-14.2641,-13.014,-47.7538,-49.0039,-0.15868167,-0.16283559,-0.00824320,33.4379,37.6176,-7.7522,-31.0090,-20.6726,150.4704,4.0000,,33.4379,12.8578,27.8832,51.4311,53.2577,54.4755,54.4755,27.8832,-12.8578,1.953704,1.953704,1.199212,3,4,2,3,0E-8,-0.20608010,,0E-8,0.000000,1.000000,0.000000,,2026-06-08,2026-07-06,2,3,3,29,0.068966,,,0.000000,,,,,,,,GLOBAL_BASELINE_NO_ENTITY_RANKING,,,NOT_APPLICABLE_GLOBAL_BASELINE,HF9g-P5,,,,X 全窗基线 · 不参与实体赏罚,3923866,393,A168_HF9F_20260827_0900,2026-08-27 09:00:00
2026-06-08,151182331,2142,0,141.4354411500,64.2888368864,64.2888368864,0.6666667,4,3,0.44895186666655184,0.426805050000,0.7581478743242355,0.8399538622850082,0.7581478743242355,0.02214681666655184,ELIGIBLE,R03b_20260811_FULL_v1,L1_ELIGIBILITY,v2026-08-11,2026-03-21..2026-08-06,baccarat_bet02_101_all_pairs_incl_sentinel,round_win = game_pnl > 0 (decisive only),COMPATIBILITY_ONLY_NOT_PRODUCTION,300.9408,300.9408,-62.0179,9,8,0.20608010,,0.20608010,0.20608010,62.0179,300.9408,THIN_EXPOSURE,0.0000,-2.4807,4.0000,96.0000,AG03-UNRESOLVED,ALL5_LEVELS_bet23_to_bet27,-2.4807,-2.4807,-3.1009,-3.1009,-3.1009,4.000000,4.000000,5.000000,5.000000,5.000000,96.000000,96.000000,95.000000,95.000000,95.000000,5.0,-14.2641,-13.014,-47.7538,-49.0039,PENDING_AG03,FALSE,NOT_FOR_ENFORCEMENT,-59.5372,288.9031,-62.0179,-59.5372,-2.4807,-0.20608010,-0.19783689,-2.4807,-59.5372,-0.19783689,-2.4807,-2.4807,-3.1009,-3.1009,-3.1009,-59.5372,-0.19783689,-14.2641,-13.014,-47.7538,-49.0039,-0.15868167,-0.16283559,-0.00824320,33.4379,37.6176,-7.7522,-31.0090,-20.6726,150.4704,4.0000,,33.4379,12.8578,27.8832,51.4311,53.2577,54.4755,54.4755,27.8832,-12.8578,1.953704,1.953704,1.199212,3,4,2,3,0E-8,-0.20608010,,0E-8,0.000000,1.000000,0.000000,,2026-06-08,2026-07-06,2,3,3,29,0.068966,,,0.000000,,,,,,,,GLOBAL_BASELINE_NO_ENTITY_RANKING,,,NOT_APPLICABLE_GLOBAL_BASELINE,HF9g-P5,,,,X 全窗基线 · 不参与实体赏罚,3923867,393,A168_HF9F_20260827_0900,2026-08-27 09:00:00
2026-06-08,151182331,2177,0,25.7155347546,-25.7155347546,-25.7155347546,0E-7,2,2,0.09460280000000000,0.094602800000,-0.45713810072106237,-0.45713810072106237,-0.45713810072106237,0E-17,ELIGIBLE,R03b_20260811_FULL_v1,L1_ELIGIBILITY,v2026-08-11,2026-03-21..2026-08-06,baccarat_bet02_101_all_pairs_incl_sentinel,round_win = game_pnl > 0 (decisive only),COMPATIBILITY_ONLY_NOT_PRODUCTION,300.9408,300.9408,-62.0179,9,8,0.20608010,,0.20608010,0.20608010,62.0179,300.9408,THIN_EXPOSURE,0.0000,-2.4807,4.0000,96.0000,AG03-UNRESOLVED,ALL5_LEVELS_bet23_to_bet27,-2.4807,-2.4807,-3.1009,-3.1009,-3.1009,4.000000,4.000000,5.000000,5.000000,5.000000,96.000000,96.000000,95.000000,95.000000,95.000000,5.0,-14.2641,-13.014,-47.7538,-49.0039,PENDING_AG03,FALSE,NOT_FOR_ENFORCEMENT,-59.5372,288.9031,-62.0179,-59.5372,-2.4807,-0.20608010,-0.19783689,-2.4807,-59.5372,-0.19783689,-2.4807,-2.4807,-3.1009,-3.1009,-3.1009,-59.5372,-0.19783689,-14.2641,-13.014,-47.7538,-49.0039,-0.15868167,-0.16283559,-0.00824320,33.4379,37.6176,-7.7522,-31.0090,-20.6726,150.4704,4.0000,,33.4379,12.8578,27.8832,51.4311,53.2577,54.4755,54.4755,27.8832,-12.8578,1.953704,1.953704,1.199212,3,4,2,3,0E-8,-0.20608010,,0E-8,0.000000,1.000000,0.000000,,2026-06-08,2026-07-06,2,3,3,29,0.068966,,,0.000000,,,,,,,,GLOBAL_BASELINE_NO_ENTITY_RANKING,,,NOT_APPLICABLE_GLOBAL_BASELINE,HF9g-P5,,,,X 全窗基线 · 不参与实体赏罚,3923868,393,A168_HF9F_20260827_0900,2026-08-27 09:00:00
2026-07-06,151182331,1994,0,82.3587122093,-27.9864714843,-27.9864714843,0.5000000,2,2,0.49994810000000000,0.499948100000,0.00014679536856514622,0.00014679536856514622,0.00014679536856514622,0E-17,ELIGIBLE,R03b_20260811_FULL_v1,L1_ELIGIBILITY,v2026-08-11,2026-03-21..2026-08-06,baccarat_bet02_101_all_pairs_incl_sentinel,round_win = game_pnl > 0 (decisive only),COMPATIBILITY_ONLY_NOT_PRODUCTION,300.9408,300.9408,-62.0179,9,8,0.20608010,,0.20608010,0.20608010,62.0179,300.9408,THIN_EXPOSURE,0.0000,-2.4807,4.0000,96.0000,AG03-UNRESOLVED,ALL5_LEVELS_bet23_to_bet27,-2.4807,-2.4807,-3.1009,-3.1009,-3.1009,4.000000,4.000000,5.000000,5.000000,5.000000,96.000000,96.000000,95.000000,95.000000,95.000000,5.0,-14.2641,-13.014,-47.7538,-49.0039,PENDING_AG03,FALSE,NOT_FOR_ENFORCEMENT,-59.5372,288.9031,-62.0179,-59.5372,-2.4807,-0.20608010,-0.19783689,-2.4807,-59.5372,-0.19783689,-2.4807,-2.4807,-3.1009,-3.1009,-3.1009,-59.5372,-0.19783689,-14.2641,-13.014,-47.7538,-49.0039,-0.15868167,-0.16283559,-0.00824320,33.4379,37.6176,-7.7522,-31.0090,-20.6726,150.4704,4.0000,,33.4379,12.8578,27.8832,51.4311,53.2577,54.4755,54.4755,27.8832,-12.8578,1.953704,1.953704,1.199212,3,4,2,3,0E-8,-0.20608010,,0E-8,0.000000,1.000000,0.000000,,2026-06-08,2026-07-06,2,3,3,29,0.068966,,,0.000000,,,,,,,,GLOBAL_BASELINE_NO_ENTITY_RANKING,,,NOT_APPLICABLE_GLOBAL_BASELINE,HF9g-P5,,,,X 全窗基线 · 不参与实体赏罚,3923869,393,A168_HF9F_20260827_0900,2026-08-27 09:00:00
2026-04-10,148458464,1385,0,107.5200809565,85.1727700124,85.1727700124,0.7142857,22,7,0.30985943963873428,0.184219318333,2.3138608677478505,3.6176370995824763,2.3138608677478505,0.12564012130573428,ELIGIBLE,R03b_20260811_FULL_v1,L1_ELIGIBILITY,v2026-08-11,2026-03-21..2026-08-06,baccarat_bet02_101_all_pairs_incl_sentinel,round_win = game_pnl > 0 (decisive only),COMPATIBILITY_ONLY_NOT_PRODUCTION,399.0892,392.7645,-62.0138,81,27,0.15538827,,0.15538827,0.15538827,62.0138,399.0892,OK,0.0000,-2.4806,4.0000,96.0000,AG03-UNRESOLVED,ALL5_LEVELS_bet23_to_bet27,-2.4806,-2.4806,-2.4806,-3.7208,-3.7208,4.000000,4.000000,4.000000,6.000000,6.000000,96.000000,96.000000,96.000000,94.000000,94.000000,5.0,-14.8833,-13.5343,-47.1305,-48.4794,PENDING_AG03,FALSE,NOT_FOR_ENFORCEMENT,-59.5332,377.0539,-62.0138,-59.5332,-2.4806,-0.15538827,-0.14917274,-2.4806,-59.5332,-0.14917274,-2.4806,-2.4806,-2.4806,-3.7208,-3.7208,-59.5332,-0.14917274,-14.8833,-13.5343,-47.1305,-48.4794,-0.11809509,-0.12147521,-0.00621553,4.9270,14.5468,-2.2968,-31.0069,-31.0069,199.5446,13.5000,,4.9270,2.1082,2.1082,6.8518,10.5412,14.7577,17.3318,2.1082,-2.1082,7.0,8.221002,2.337037,2,4,2,8,0E-8,-0.15538827,,0E-8,0.000000,0.984152,0.000000,,2026-04-10,2026-04-11,2,2,2,2,1.000000,,,0.000000,,,,,,,,GLOBAL_BASELINE_NO_ENTITY_RANKING,,,NOT_APPLICABLE_GLOBAL_BASELINE,HF9g-P5,,,,X 全窗基线 · 不参与实体赏罚,3923870,393,A168_HF9F_20260827_0900,2026-08-27 09:00:00
2026-04-10,148458464,2108,0,135.3488077923,40.1408302235,40.1408302235,0.6000000,34,10,0.34162323302216415,0.213270819333,1.7228303427110623,2.985579189169968,1.7228303427110623,0.12835241368916415,ELIGIBLE,R03b_20260811_FULL_v1,L1_ELIGIBILITY,v2026-08-11,2026-03-21..2026-08-06,baccarat_bet02_101_all_pairs_incl_sentinel,round_win = game_pnl > 0 (decisive only),COMPATIBILITY_ONLY_NOT_PRODUCTION,399.0892,392.7645,-62.0138,81,27,0.15538827,,0.15538827,0.15538827,62.0138,399.0892,OK,0.0000,-2.4806,4.0000,96.0000,AG03-UNRESOLVED,ALL5_LEVELS_bet23_to_bet27,-2.4806,-2.4806,-2.4806,-3.7208,-3.7208,4.000000,4.000000,4.000000,6.000000,6.000000,96.000000,96.000000,96.000000,94.000000,94.000000,5.0,-14.8833,-13.5343,-47.1305,-48.4794,PENDING_AG03,FALSE,NOT_FOR_ENFORCEMENT,-59.5332,377.0539,-62.0138,-59.5332,-2.4806,-0.15538827,-0.14917274,-2.4806,-59.5332,-0.14917274,-2.4806,-2.4806,-2.4806,-3.7208,-3.7208,-59.5332,-0.14917274,-14.8833,-13.5343,-47.1305,-48.4794,-0.11809509,-0.12147521,-0.00621553,4.9270,14.5468,-2.2968,-31.0069,-31.0069,199.5446,13.5000,,4.9270,2.1082,2.1082,6.8518,10.5412,14.7577,17.3318,2.1082,-2.1082,7.0,8.221002,2.337037,2,4,2,8,0E-8,-0.15538827,,0E-8,0.000000,0.984152,0.000000,,2026-04-10,2026-04-11,2,2,2,2,1.000000,,,0.000000,,,,,,,,GLOBAL_BASELINE_NO_ENTITY_RANKING,,,NOT_APPLICABLE_GLOBAL_BASELINE,HF9g-P5,,,,X 全窗基线 · 不参与实体赏罚,3923871,393,A168_HF9F_20260827_0900,2026-08-27 09:00:00
2026-04-11,148458464,2188,0,118.2720890521,-62.7727531467,-62.7727531467,0.2857143,17,7,0.39719725062355492,0.268400333333,-0.6027910580712197,0.10337534307074187,-0.6027910580712197,0.12879691729055492,ELIGIBLE,R03b_20260811_FULL_v1,L1_ELIGIBILITY,v2026-08-11,2026-03-21..2026-08-06,baccarat_bet02_101_all_pairs_incl_sentinel,round_win = game_pnl > 0 (decisive only),COMPATIBILITY_ONLY_NOT_PRODUCTION,399.0892,392.7645,-62.0138,81,27,0.15538827,,0.15538827,0.15538827,62.0138,399.0892,OK,0.0000,-2.4806,4.0000,96.0000,AG03-UNRESOLVED,ALL5_LEVELS_bet23_to_bet27,-2.4806,-2.4806,-2.4806,-3.7208,-3.7208,4.000000,4.000000,4.000000,6.000000,6.000000,96.000000,96.000000,96.000000,94.000000,94.000000,5.0,-14.8833,-13.5343,-47.1305,-48.4794,PENDING_AG03,FALSE,NOT_FOR_ENFORCEMENT,-59.5332,377.0539,-62.0138,-59.5332,-2.4806,-0.15538827,-0.14917274,-2.4806,-59.5332,-0.14917274,-2.4806,-2.4806,-2.4806,-3.7208,-3.7208,-59.5332,-0.14917274,-14.8833,-13.5343,-47.1305,-48.4794,-0.11809509,-0.12147521,-0.00621553,4.9270,14.5468,-2.2968,-31.0069,-31.0069,199.5446,13.5000,,4.9270,2.1082,2.1082,6.8518,10.5412,14.7577,17.3318,2.1082,-2.1082,7.0,8.221002,2.337037,2,4,2,8,0E-8,-0.15538827,,0E-8,0.000000,0.984152,0.000000,,2026-04-10,2026-04-11,2,2,2,2,1.000000,,,0.000000,,,,,,,,GLOBAL_BASELINE_NO_ENTITY_RANKING,,,NOT_APPLICABLE_GLOBAL_BASELINE,HF9g-P5,,,,X 全窗基线 · 不参与实体赏罚,3923872,393,A168_HF9F_20260827_0900,2026-08-27 09:00:00
2026-04-11,148458464,2209,0,37.9482638670,-0.5270592204,-0.5270592204,0.6666667,8,3,0.37409020555555556,0.225294883333,1.0472634996496002,1.8298745474620657,1.0472634996496002,0.14879532222255556,ELIGIBLE,R03b_20260811_FULL_v1,L1_ELIGIBILITY,v2026-08-11,2026-03-21..2026-08-06,baccarat_bet02_101_all_pairs_incl_sentinel,round_win = game_pnl > 0 (decisive only),COMPATIBILITY_ONLY_NOT_PRODUCTION,399.0892,392.7645,-62.0138,81,27,0.15538827,,0.15538827,0.15538827,62.0138,399.0892,OK,0.0000,-2.4806,4.0000,96.0000,AG03-UNRESOLVED,ALL5_LEVELS_bet23_to_bet27,-2.4806,-2.4806,-2.4806,-3.7208,-3.7208,4.000000,4.000000,4.000000,6.000000,6.000000,96.000000,96.000000,96.000000,94.000000,94.000000,5.0,-14.8833,-13.5343,-47.1305,-48.4794,PENDING_AG03,FALSE,NOT_FOR_ENFORCEMENT,-59.5332,377.0539,-62.0138,-59.5332,-2.4806,-0.15538827,-0.14917274,-2.4806,-59.5332,-0.14917274,-2.4806,-2.4806,-2.4806,-3.7208,-3.7208,-59.5332,-0.14917274,-14.8833,-13.5343,-47.1305,-48.4794,-0.11809509,-0.12147521,-0.00621553,4.9270,14.5468,-2.2968,-31.0069,-31.0069,199.5446,13.5000,,4.9270,2.1082,2.1082,6.8518,10.5412,14.7577,17.3318,2.1082,-2.1082,7.0,8.221002,2.337037,2,4,2,8,0E-8,-0.15538827,,0E-8,0.000000,0.984152,0.000000,,2026-04-10,2026-04-11,2,2,2,2,1.000000,,,0.000000,,,,,,,,GLOBAL_BASELINE_NO_ENTITY_RANKING,,,NOT_APPLICABLE_GLOBAL_BASELINE,HF9g-P5,,,,X 全窗基线 · 不参与实体赏罚,3923873,393,A168_HF9F_20260827_0900,2026-08-27 09:00:00
2026-04-27,149211611,-1,1,13.0879773840,-13.0879773840,-13.0879773840,0E-7,1,1,0.50665070000000000,0.506650700000,-1.013391052207602,-1.013391052207602,-1.013391052207602,0E-17,SENTINEL_DEALER,R03b_20260811_FULL_v1,L1_ELIGIBILITY,v2026-08-11,2026-03-21..2026-08-06,baccarat_bet02_101_all_pairs_incl_sentinel,round_win = game_pnl > 0 (decisive only),COMPATIBILITY_ONLY_NOT_PRODUCTION,92.1394,92.1394,-62.0108,2,2,0.67301136,,0.67301136,0.67301136,62.0108,92.1394,THIN_EXPOSURE,0.0000,-2.4804,4.0000,96.0000,AG03-UNRESOLVED,ALL5_LEVELS_bet23_to_bet27,-2.4804,-2.4804,-3.1005,-3.1005,-3.1005,4.000000,4.000000,5.000000,5.000000,5.000000,96.000000,96.000000,95.000000,95.000000,95.000000,5.0,-14.2625,-13.0126,-47.7483,-48.9983,PENDING_AG03,FALSE,NOT_FOR_ENFORCEMENT,-59.5304,88.4538,-62.0108,-59.5304,-2.4804,-0.67301136,-0.64609091,-2.4804,-59.5304,-0.64609091,-2.4804,-2.4804,-3.1005,-3.1005,-3.1005,-59.5304,-0.64609091,-14.2625,-13.0126,-47.7483,-48.9983,-0.51821875,-0.53178451,-0.02692045,46.0697,46.0697,-31.0054,-62.0108,-31.0054,92.1394,2.0000,,46.0697,13.088,46.0697,79.0514,79.0514,79.0514,79.0514,46.0697,31.0054,1.715909,1.715909,1.0,2,2,1,1,0E-8,-0.67301136,,0E-8,0.000000,1.000000,0.000000,,2026-04-27,2026-04-27,1,2,2,1,1.000000,,,0.000000,,,,,,,,GLOBAL_BASELINE_NO_ENTITY_RANKING,,,NOT_APPLICABLE_GLOBAL_BASELINE,HF9g-P5,,,,X 全窗基线 · 不参与实体赏罚,3923874,393,A168_HF9F_20260827_0900,2026-08-27 09:00:00
2026-04-27,149211611,2088,0,79.0513833992,75.0988142292,75.0988142292,1.0000000,1,1,0.50665070000000000,0.506650700000,0.9867858985152569,0.9867858985152569,0.9867858985152569,0E-17,ELIGIBLE,R03b_20260811_FULL_v1,L1_ELIGIBILITY,v2026-08-11,2026-03-21..2026-08-06,baccarat_bet02_101_all_pairs_incl_sentinel,round_win = game_pnl > 0 (decisive only),COMPATIBILITY_ONLY_NOT_PRODUCTION,92.1394,92.1394,-62.0108,2,2,0.67301136,,0.67301136,0.67301136,62.0108,92.1394,THIN_EXPOSURE,0.0000,-2.4804,4.0000,96.0000,AG03-UNRESOLVED,ALL5_LEVELS_bet23_to_bet27,-2.4804,-2.4804,-3.1005,-3.1005,-3.1005,4.000000,4.000000,5.000000,5.000000,5.000000,96.000000,96.000000,95.000000,95.000000,95.000000,5.0,-14.2625,-13.0126,-47.7483,-48.9983,PENDING_AG03,FALSE,NOT_FOR_ENFORCEMENT,-59.5304,88.4538,-62.0108,-59.5304,-2.4804,-0.67301136,-0.64609091,-2.4804,-59.5304,-0.64609091,-2.4804,-2.4804,-3.1005,-3.1005,-3.1005,-59.5304,-0.64609091,-14.2625,-13.0126,-47.7483,-48.9983,-0.51821875,-0.53178451,-0.02692045,46.0697,46.0697,-31.0054,-62.0108,-31.0054,92.1394,2.0000,,46.0697,13.088,46.0697,79.0514,79.0514,79.0514,79.0514,46.0697,31.0054,1.715909,1.715909,1.0,2,2,1,1,0E-8,-0.67301136,,0E-8,0.000000,1.000000,0.000000,,2026-04-27,2026-04-27,1,2,2,1,1.000000,,,0.000000,,,,,,,,GLOBAL_BASELINE_NO_ENTITY_RANKING,,,NOT_APPLICABLE_GLOBAL_BASELINE,HF9g-P5,,,,X 全窗基线 · 不参与实体赏罚,3923875,393,A168_HF9F_20260827_0900,2026-08-27 09:00:00
2026-04-11,133155629,1109,0,60.9899746093,60.1785200115,60.1785200115,1.0000000,4,4,0.49659680000000000,0.496596800000,2.0136594440222715,2.0136594440222715,2.0136594440222715,0E-17,ELIGIBLE,R03b_20260811_FULL_v1,L1_ELIGIBILITY,v2026-08-11,2026-03-21..2026-08-06,baccarat_bet02_101_all_pairs_incl_sentinel,round_win = game_pnl > 0 (decisive only),COMPATIBILITY_ONLY_NOT_PRODUCTION,246.0540,235.5836,-62.0108,21,21,0.25202128,,0.25202128,0.25202128,62.0108,246.0540,THIN_EXPOSURE,0.0000,-2.4804,4.0000,96.0000,AG03-UNRESOLVED,ALL5_LEVELS_bet23_to_bet27,-2.4804,-2.4804,-2.4804,-3.1005,-3.1005,4.000000,4.000000,4.000000,5.000000,5.000000,96.000000,96.000000,96.000000,95.000000,95.000000,5.0,-13.6424,-12.4968,-48.3685,-49.5141,PENDING_AG03,FALSE,NOT_FOR_ENFORCEMENT,-59.5304,226.1602,-62.0108,-59.5304,-2.4804,-0.25202128,-0.24194043,-2.4804,-59.5304,-0.24194043,-2.4804,-2.4804,-2.4804,-3.1005,-3.1005,-59.5304,-0.24194043,-13.6424,-12.4968,-48.3685,-49.5141,-0.19657660,-0.2012325,-0.01008085,11.7169,11.2183,-2.9529,-62.0108,-20.6703,246.0540,21.0000,,11.7169,7.6565,10.4704,13.088,21.4643,28.6496,31.6729,10.4704,4.9734,2.736249,3.025,1.119048,3,4,1,2,0E-8,-0.25202128,,0E-8,0.000000,0.957447,0.000000,,2026-04-11,2026-04-11,1,3,3,1,1.000000,,,0.000000,,,,,,,,GLOBAL_BASELINE_NO_ENTITY_RANKING,,,NOT_APPLICABLE_GLOBAL_BASELINE,HF9g-P5,,,,X 全窗基线 · 不参与实体赏罚,3923876,393,A168_HF9F_20260827_0900,2026-08-27 09:00:00
2026-04-11,133155629,1940,0,39.2639321520,-13.0879773840,-13.0879773840,0.3333333,3,3,0.49771390000000000,0.497713900000,-0.5694369385616226,-0.5694369385616226,-0.5694369385616226,0E-17,ELIGIBLE,R03b_20260811_FULL_v1,L1_ELIGIBILITY,v2026-08-11,2026-03-21..2026-08-06,baccarat_bet02_101_all_pairs_incl_sentinel,round_win = game_pnl > 0 (decisive only),COMPATIBILITY_ONLY_NOT_PRODUCTION,246.0540,235.5836,-62.0108,21,21,0.25202128,,0.25202128,0.25202128,62.0108,246.0540,THIN_EXPOSURE,0.0000,-2.4804,4.0000,96.0000,AG03-UNRESOLVED,ALL5_LEVELS_bet23_to_bet27,-2.4804,-2.4804,-2.4804,-3.1005,-3.1005,4.000000,4.000000,4.000000,5.000000,5.000000,96.000000,96.000000,96.000000,95.000000,95.000000,5.0,-13.6424,-12.4968,-48.3685,-49.5141,PENDING_AG03,FALSE,NOT_FOR_ENFORCEMENT,-59.5304,226.1602,-62.0108,-59.5304,-2.4804,-0.25202128,-0.24194043,-2.4804,-59.5304,-0.24194043,-2.4804,-2.4804,-2.4804,-3.1005,-3.1005,-59.5304,-0.24194043,-13.6424,-12.4968,-48.3685,-49.5141,-0.19657660,-0.2012325,-0.01008085,11.7169,11.2183,-2.9529,-62.0108,-20.6703,246.0540,21.0000,,11.7169,7.6565,10.4704,13.088,21.4643,28.6496,31.6729,10.4704,4.9734,2.736249,3.025,1.119048,3,4,1,2,0E-8,-0.25202128,,0E-8,0.000000,0.957447,0.000000,,2026-04-11,2026-04-11,1,3,3,1,1.000000,,,0.000000,,,,,,,,GLOBAL_BASELINE_NO_ENTITY_RANKING,,,NOT_APPLICABLE_GLOBAL_BASELINE,HF9g-P5,,,,X 全窗基线 · 不参与实体赏罚,3923877,393,A168_HF9F_20260827_0900,2026-08-27 09:00:00
2026-04-11,133155629,2169,0,7.0675077873,-7.0675077873,-7.0675077873,0E-7,1,1,0.50665070000000000,0.506650700000,-1.013391052207602,-1.013391052207602,-1.013391052207602,0E-17,ELIGIBLE,R03b_20260811_FULL_v1,L1_ELIGIBILITY,v2026-08-11,2026-03-21..2026-08-06,baccarat_bet02_101_all_pairs_incl_sentinel,round_win = game_pnl > 0 (decisive only),COMPATIBILITY_ONLY_NOT_PRODUCTION,246.0540,235.5836,-62.0108,21,21,0.25202128,,0.25202128,0.25202128,62.0108,246.0540,THIN_EXPOSURE,0.0000,-2.4804,4.0000,96.0000,AG03-UNRESOLVED,ALL5_LEVELS_bet23_to_bet27,-2.4804,-2.4804,-2.4804,-3.1005,-3.1005,4.000000,4.000000,4.000000,5.000000,5.000000,96.000000,96.000000,96.000000,95.000000,95.000000,5.0,-13.6424,-12.4968,-48.3685,-49.5141,PENDING_AG03,FALSE,NOT_FOR_ENFORCEMENT,-59.5304,226.1602,-62.0108,-59.5304,-2.4804,-0.25202128,-0.24194043,-2.4804,-59.5304,-0.24194043,-2.4804,-2.4804,-2.4804,-3.1005,-3.1005,-59.5304,-0.24194043,-13.6424,-12.4968,-48.3685,-49.5141,-0.19657660,-0.2012325,-0.01008085,11.7169,11.2183,-2.9529,-62.0108,-20.6703,246.0540,21.0000,,11.7169,7.6565,10.4704,13.088,21.4643,28.6496,31.6729,10.4704,4.9734,2.736249,3.025,1.119048,3,4,1,2,0E-8,-0.25202128,,0E-8,0.000000,0.957447,0.000000,,2026-04-11,2026-04-11,1,3,3,1,1.000000,,,0.000000,,,,,,,,GLOBAL_BASELINE_NO_ENTITY_RANKING,,,NOT_APPLICABLE_GLOBAL_BASELINE,HF9g-P5,,,,X 全窗基线 · 不参与实体赏罚,3923878,393,A168_HF9F_20260827_0900,2026-08-27 09:00:00
2026-04-11,133155629,772,0,138.7325602704,21.9878020050,21.9878020050,0.5833333,13,13,0.50149485384615385,0.501494853846,0.5669961519551939,0.5669961519562594,0.5669961519551939,1.5385E-13,ELIGIBLE,R03b_20260811_FULL_v1,L1_ELIGIBILITY,v2026-08-11,2026-03-21..2026-08-06,baccarat_bet02_101_all_pairs_incl_sentinel,round_win = game_pnl > 0 (decisive only),COMPATIBILITY_ONLY_NOT_PRODUCTION,246.0540,235.5836,-62.0108,21,21,0.25202128,,0.25202128,0.25202128,62.0108,246.0540,THIN_EXPOSURE,0.0000,-2.4804,4.0000,96.0000,AG03-UNRESOLVED,ALL5_LEVELS_bet23_to_bet27,-2.4804,-2.4804,-2.4804,-3.1005,-3.1005,4.000000,4.000000,4.000000,5.000000,5.000000,96.000000,96.000000,96.000000,95.000000,95.000000,5.0,-13.6424,-12.4968,-48.3685,-49.5141,PENDING_AG03,FALSE,NOT_FOR_ENFORCEMENT,-59.5304,226.1602,-62.0108,-59.5304,-2.4804,-0.25202128,-0.24194043,-2.4804,-59.5304,-0.24194043,-2.4804,-2.4804,-2.4804,-3.1005,-3.1005,-59.5304,-0.24194043,-13.6424,-12.4968,-48.3685,-49.5141,-0.19657660,-0.2012325,-0.01008085,11.7169,11.2183,-2.9529,-62.0108,-20.6703,246.0540,21.0000,,11.7169,7.6565,10.4704,13.088,21.4643,28.6496,31.6729,10.4704,4.9734,2.736249,3.025,1.119048,3,4,1,2,0E-8,-0.25202128,,0E-8,0.000000,0.957447,0.000000,,2026-04-11,2026-04-11,1,3,3,1,1.000000,,,0.000000,,,,,,,,GLOBAL_BASELINE_NO_ENTITY_RANKING,,,NOT_APPLICABLE_GLOBAL_BASELINE,HF9g-P5,,,,X 全窗基线 · 不参与实体赏罚,3923879,393,A168_HF9F_20260827_0900,2026-08-27 09:00:00
2026-05-22,150406970,2248,0,62.0102745057,62.0102745057,62.0102745057,1.0000000,1,1,0.49324550000000000,0.493245500000,1.01360149184955,1.01360149184955,1.01360149184955,0E-17,ELIGIBLE,R03b_20260811_FULL_v1,L1_ELIGIBILITY,v2026-08-11,2026-03-21..2026-08-06,baccarat_bet02_101_all_pairs_incl_sentinel,round_win = game_pnl > 0 (decisive only),COMPATIBILITY_ONLY_NOT_PRODUCTION,62.0103,62.0103,-62.0103,1,1,1.00000000,,1.00000000,1.00000000,62.0103,62.0103,THIN_EXPOSURE,0.0000,-2.4804,4.0000,96.0000,AG03-UNRESOLVED,ALL5_LEVELS_bet23_to_bet27,-2.4804,-2.4804,-2.4804,-3.7206,-3.7206,4.000000,4.000000,4.000000,6.000000,6.000000,96.000000,96.000000,96.000000,94.000000,94.000000,5.0,-14.8825,-13.5336,-47.1278,-48.4767,PENDING_AG03,FALSE,NOT_FOR_ENFORCEMENT,-59.5299,59.5299,-62.0103,-59.5299,-2.4804,-1.00000000,-0.96000000,-2.4804,-59.5299,-0.96000000,-2.4804,-2.4804,-2.4804,-3.7206,-3.7206,-59.5299,-0.96000000,-14.8825,-13.5336,-47.1278,-48.4767,-0.76000000,-0.78175273,-0.04000000,62.0103,62.0103,-62.0103,-62.0103,-62.0103,62.0103,1.0000,,62.0103,62.0103,62.0103,62.0103,62.0103,62.0103,62.0103,62.0103,62.0103,1.0,1.0,1.0,1,1,1,1,0E-8,-1.00000000,,0E-8,0.000000,1.000000,0.000000,,2026-05-22,2026-05-22,1,1,1,1,1.000000,,,0.000000,,,,,,,,GLOBAL_BASELINE_NO_ENTITY_RANKING,,,NOT_APPLICABLE_GLOBAL_BASELINE,HF9g-P5,,,,X 全窗基线 · 不参与实体赏罚,3923880,393,A168_HF9F_20260827_0900,2026-08-27 09:00:00
2026-05-12,149915686,948,0,278.1220460036,62.0102930364,62.0102930364,0.5714286,14,14,0.49803307142857143,0.498033071429,0.549245879332085,0.5492458793288761,0.549245879332085,-4.2857E-13,ELIGIBLE,R03b_20260811_FULL_v1,L1_ELIGIBILITY,v2026-08-11,2026-03-21..2026-08-06,baccarat_bet02_101_all_pairs_incl_sentinel,round_win = game_pnl > 0 (decisive only),COMPATIBILITY_ONLY_NOT_PRODUCTION,278.1220,278.1220,-62.0103,14,14,0.22296073,,0.22296073,0.22296073,62.0103,278.1220,THIN_EXPOSURE,0.0000,-2.4804,4.0000,96.0000,AG03-UNRESOLVED,ALL5_LEVELS_bet23_to_bet27,-2.4804,-2.4804,-2.4804,-3.7206,-3.7206,4.000000,4.000000,4.000000,6.000000,6.000000,96.000000,96.000000,96.000000,94.000000,94.000000,5.0,-14.8825,-13.5336,-47.1278,-48.4767,PENDING_AG03,FALSE,NOT_FOR_ENFORCEMENT,-59.5299,266.9972,-62.0103,-59.5299,-2.4804,-0.22296073,-0.21404230,-2.4804,-59.5299,-0.21404230,-2.4804,-2.4804,-2.4804,-3.7206,-3.7206,-59.5299,-0.21404230,-14.8825,-13.5336,-47.1278,-48.4767,-0.16945015,-0.17430016,-0.00891843,19.8659,19.8659,-4.4293,-62.0103,-62.0103,278.1220,14.0000,,19.8659,12.6037,21.0062,22.6867,27.077,38.6934,42.0124,21.0062,11.7897,1.842,2.0,0.945714,1,1,1,2,0E-8,-0.22296073,,0E-8,0.000000,1.000000,0.000000,,2026-05-12,2026-05-12,1,1,1,1,1.000000,,,0.000000,,,,,,,,GLOBAL_BASELINE_NO_ENTITY_RANKING,,,NOT_APPLICABLE_GLOBAL_BASELINE,HF9g-P5,,,,X 全窗基线 · 不参与实体赏罚,3923881,393,A168_HF9F_20260827_0900,2026-08-27 09:00:00
2026-04-18,113105622,526,0,34.5522602937,-11.5174200979,-11.5174200979,0.5000000,2,2,0.49994810000000000,0.499948100000,0.00014679536856514622,0.00014679536856514622,0.00014679536856514622,0E-17,ELIGIBLE,R03b_20260811_FULL_v1,L1_ELIGIBILITY,v2026-08-11,2026-03-21..2026-08-06,baccarat_bet02_101_all_pairs_incl_sentinel,round_win = game_pnl > 0 (decisive only),COMPATIBILITY_ONLY_NOT_PRODUCTION,208.0122,165.2018,-62.0055,5,5,0.29808576,,0.29808576,0.29808576,62.0055,208.0122,THIN_EXPOSURE,0.0000,-2.4802,4.0000,96.0000,AG03-UNRESOLVED,ALL5_LEVELS_bet23_to_bet27,-2.4802,-2.4802,-2.4802,-3.1003,-3.1003,4.000000,4.000000,4.000000,5.000000,5.000000,96.000000,96.000000,96.000000,95.000000,95.000000,5.0,-13.6412,-12.4957,-48.3643,-49.5098,PENDING_AG03,FALSE,NOT_FOR_ENFORCEMENT,-59.5253,158.5937,-62.0055,-59.5253,-2.4802,-0.29808576,-0.28616233,-2.4802,-59.5253,-0.28616233,-2.4802,-2.4802,-2.4802,-3.1003,-3.1003,-59.5253,-0.28616233,-13.6412,-12.4957,-48.3643,-49.5098,-0.23250689,-0.2380138,-0.01192343,41.6024,33.0404,-12.4011,-20.6685,-15.5014,69.3374,1.6667,,41.6024,20.1555,25.9457,58.2838,104.7038,104.7038,104.7038,23.0348,0.0,4.035495,4.035495,1.603442,4,4,2,2,0E-8,-0.29808576,,0E-8,0.000000,0.794193,0.000000,,2026-04-18,2026-05-20,3,4,4,33,0.090909,,,0.000000,,,,,,,,GLOBAL_BASELINE_NO_ENTITY_RANKING,,,NOT_APPLICABLE_GLOBAL_BASELINE,HF9g-P5,,,,X 全窗基线 · 不参与实体赏罚,3923882,393,A168_HF9F_20260827_0900,2026-08-27 09:00:00
2026-04-26,113105622,471,0,104.7038190718,99.4686281182,99.4686281182,1.0000000,1,1,0.50665070000000000,0.506650700000,0.9867858985152569,0.9867858985152569,0.9867858985152569,0E-17,ELIGIBLE,R03b_20260811_FULL_v1,L1_ELIGIBILITY,v2026-08-11,2026-03-21..2026-08-06,baccarat_bet02_101_all_pairs_incl_sentinel,round_win = game_pnl > 0 (decisive only),COMPATIBILITY_ONLY_NOT_PRODUCTION,208.0122,165.2018,-62.0055,5,5,0.29808576,,0.29808576,0.29808576,62.0055,208.0122,THIN_EXPOSURE,0.0000,-2.4802,4.0000,96.0000,AG03-UNRESOLVED,ALL5_LEVELS_bet23_to_bet27,-2.4802,-2.4802,-2.4802,-3.1003,-3.1003,4.000000,4.000000,4.000000,5.000000,5.000000,96.000000,96.000000,96.000000,95.000000,95.000000,5.0,-13.6412,-12.4957,-48.3643,-49.5098,PENDING_AG03,FALSE,NOT_FOR_ENFORCEMENT,-59.5253,158.5937,-62.0055,-59.5253,-2.4802,-0.29808576,-0.28616233,-2.4802,-59.5253,-0.28616233,-2.4802,-2.4802,-2.4802,-3.1003,-3.1003,-59.5253,-0.28616233,-13.6412,-12.4957,-48.3643,-49.5098,-0.23250689,-0.2380138,-0.01192343,41.6024,33.0404,-12.4011,-20.6685,-15.5014,69.3374,1.6667,,41.6024,20.1555,25.9457,58.2838,104.7038,104.7038,104.7038,23.0348,0.0,4.035495,4.035495,1.603442,4,4,2,2,0E-8,-0.29808576,,0E-8,0.000000,0.794193,0.000000,,2026-04-18,2026-05-20,3,4,4,33,0.090909,,,0.000000,,,,,,,,GLOBAL_BASELINE_NO_ENTITY_RANKING,,,NOT_APPLICABLE_GLOBAL_BASELINE,HF9g-P5,,,,X 全窗基线 · 不参与实体赏罚,3923883,393,A168_HF9F_20260827_0900,2026-08-27 09:00:00
2026-05-20,113105622,2169,0,42.8104405584,0E-10,0E-10,,1,1,0.49324550000000000,0.493245500000,,,,0E-17,NO_DECISIVE_ROUND,R03b_20260811_FULL_v1,L1_ELIGIBILITY,v2026-08-11,2026-03-21..2026-08-06,baccarat_bet02_101_all_pairs_incl_sentinel,round_win = game_pnl > 0 (decisive only),COMPATIBILITY_ONLY_NOT_PRODUCTION,208.0122,165.2018,-62.0055,5,5,0.29808576,,0.29808576,0.29808576,62.0055,208.0122,THIN_EXPOSURE,0.0000,-2.4802,4.0000,96.0000,AG03-UNRESOLVED,ALL5_LEVELS_bet23_to_bet27,-2.4802,-2.4802,-2.4802,-3.1003,-3.1003,4.000000,4.000000,4.000000,5.000000,5.000000,96.000000,96.000000,96.000000,95.000000,95.000000,5.0,-13.6412,-12.4957,-48.3643,-49.5098,PENDING_AG03,FALSE,NOT_FOR_ENFORCEMENT,-59.5253,158.5937,-62.0055,-59.5253,-2.4802,-0.29808576,-0.28616233,-2.4802,-59.5253,-0.28616233,-2.4802,-2.4802,-2.4802,-3.1003,-3.1003,-59.5253,-0.28616233,-13.6412,-12.4957,-48.3643,-49.5098,-0.23250689,-0.2380138,-0.01192343,41.6024,33.0404,-12.4011,-20.6685,-15.5014,69.3374,1.6667,,41.6024,20.1555,25.9457,58.2838,104.7038,104.7038,104.7038,23.0348,0.0,4.035495,4.035495,1.603442,4,4,2,2,0E-8,-0.29808576,,0E-8,0.000000,0.794193,0.000000,,2026-04-18,2026-05-20,3,4,4,33,0.090909,,,0.000000,,,,,,,,GLOBAL_BASELINE_NO_ENTITY_RANKING,,,NOT_APPLICABLE_GLOBAL_BASELINE,HF9g-P5,,,,X 全窗基线 · 不参与实体赏罚,3923884,393,A168_HF9F_20260827_0900,2026-08-27 09:00:00
2026-05-20,113105622,2188,0,25.9457215505,-25.9457215505,-25.9457215505,0E-7,1,1,0.50665070000000000,0.506650700000,-1.013391052207602,-1.013391052207602,-1.013391052207602,0E-17,ELIGIBLE,R03b_20260811_FULL_v1,L1_ELIGIBILITY,v2026-08-11,2026-03-21..2026-08-06,baccarat_bet02_101_all_pairs_incl_sentinel,round_win = game_pnl > 0 (decisive only),COMPATIBILITY_ONLY_NOT_PRODUCTION,208.0122,165.2018,-62.0055,5,5,0.29808576,,0.29808576,0.29808576,62.0055,208.0122,THIN_EXPOSURE,0.0000,-2.4802,4.0000,96.0000,AG03-UNRESOLVED,ALL5_LEVELS_bet23_to_bet27,-2.4802,-2.4802,-2.4802,-3.1003,-3.1003,4.000000,4.000000,4.000000,5.000000,5.000000,96.000000,96.000000,96.000000,95.000000,95.000000,5.0,-13.6412,-12.4957,-48.3643,-49.5098,PENDING_AG03,FALSE,NOT_FOR_ENFORCEMENT,-59.5253,158.5937,-62.0055,-59.5253,-2.4802,-0.29808576,-0.28616233,-2.4802,-59.5253,-0.28616233,-2.4802,-2.4802,-2.4802,-3.1003,-3.1003,-59.5253,-0.28616233,-13.6412,-12.4957,-48.3643,-49.5098,-0.23250689,-0.2380138,-0.01192343,41.6024,33.0404,-12.4011,-20.6685,-15.5014,69.3374,1.6667,,41.6024,20.1555,25.9457,58.2838,104.7038,104.7038,104.7038,23.0348,0.0,4.035495,4.035495,1.603442,4,4,2,2,0E-8,-0.29808576,,0E-8,0.000000,0.794193,0.000000,,2026-04-18,2026-05-20,3,4,4,33,0.090909,,,0.000000,,,,,,,,GLOBAL_BASELINE_NO_ENTITY_RANKING,,,NOT_APPLICABLE_GLOBAL_BASELINE,HF9g-P5,,,,X 全窗基线 · 不参与实体赏罚,3923885,393,A168_HF9F_20260827_0900,2026-08-27 09:00:00
2026-06-15,151525093,1299,0,22.8485968885,21.7061670440,21.7061670440,1.0000000,2,2,0.50665070000000000,0.506650700000,1.3955260008387969,1.3955260008387969,1.3955260008387969,0E-17,ELIGIBLE,R03b_20260811_FULL_v1,L1_ELIGIBILITY,v2026-08-11,2026-03-21..2026-08-06,baccarat_bet02_101_all_pairs_incl_sentinel,round_win = game_pnl > 0 (decisive only),COMPATIBILITY_ONLY_NOT_PRODUCTION,64.3915,64.3915,-62.0028,5,5,0.96290323,,0.96290323,0.96290323,62.0028,64.3915,THIN_EXPOSURE,0.0000,-2.4801,4.0000,96.0000,AG03-UNRESOLVED,ALL5_LEVELS_bet23_to_bet27,-2.4801,-2.4801,-2.4801,-2.4801,-2.4801,4.000000,4.000000,4.000000,4.000000,4.000000,96.000000,96.000000,96.000000,96.000000,96.000000,5.0,-12.4006,-11.4474,-49.6022,-50.5554,PENDING_AG03,FALSE,NOT_FOR_ENFORCEMENT,-59.5227,61.8158,-62.0028,-59.5227,-2.4801,-0.96290323,-0.92438710,-2.4801,-59.5227,-0.92438710,-2.4801,-2.4801,-2.4801,-2.4801,-2.4801,-59.5227,-0.92438710,-12.4006,-11.4474,-49.6022,-50.5554,-0.77032258,-0.785125,-0.03851613,12.8783,12.8783,-12.4006,-62.0028,-31.0014,64.3915,5.0000,,12.8783,3.635,12.4629,21.81,24.9257,24.9257,24.9257,12.4629,12.4629,2.0,2.0,1.033333,2,2,1,2,0E-8,-0.96290323,,0E-8,0.000000,1.000000,0.000000,,2026-06-15,2026-06-15,1,2,2,1,1.000000,,,0.000000,,,,,,,,GLOBAL_BASELINE_NO_ENTITY_RANKING,,,NOT_APPLICABLE_GLOBAL_BASELINE,HF9g-P5,,,,X 全窗基线 · 不参与实体赏罚,3923886,393,A168_HF9F_20260827_0900,2026-08-27 09:00:00
2026-06-15,151525093,2281,0,41.5429034336,40.2966163306,40.2966163306,1.0000000,3,3,0.49771390000000000,0.497713900000,1.739988277604938,1.739988277604938,1.739988277604938,0E-17,ELIGIBLE,R03b_20260811_FULL_v1,L1_ELIGIBILITY,v2026-08-11,2026-03-21..2026-08-06,baccarat_bet02_101_all_pairs_incl_sentinel,round_win = game_pnl > 0 (decisive only),COMPATIBILITY_ONLY_NOT_PRODUCTION,64.3915,64.3915,-62.0028,5,5,0.96290323,,0.96290323,0.96290323,62.0028,64.3915,THIN_EXPOSURE,0.0000,-2.4801,4.0000,96.0000,AG03-UNRESOLVED,ALL5_LEVELS_bet23_to_bet27,-2.4801,-2.4801,-2.4801,-2.4801,-2.4801,4.000000,4.000000,4.000000,4.000000,4.000000,96.000000,96.000000,96.000000,96.000000,96.000000,5.0,-12.4006,-11.4474,-49.6022,-50.5554,PENDING_AG03,FALSE,NOT_FOR_ENFORCEMENT,-59.5227,61.8158,-62.0028,-59.5227,-2.4801,-0.96290323,-0.92438710,-2.4801,-59.5227,-0.92438710,-2.4801,-2.4801,-2.4801,-2.4801,-2.4801,-59.5227,-0.92438710,-12.4006,-11.4474,-49.6022,-50.5554,-0.77032258,-0.785125,-0.03851613,12.8783,12.8783,-12.4006,-62.0028,-31.0014,64.3915,5.0000,,12.8783,3.635,12.4629,21.81,24.9257,24.9257,24.9257,12.4629,12.4629,2.0,2.0,1.033333,2,2,1,2,0E-8,-0.96290323,,0E-8,0.000000,1.000000,0.000000,,2026-06-15,2026-06-15,1,2,2,1,1.000000,,,0.000000,,,,,,,,GLOBAL_BASELINE_NO_ENTITY_RANKING,,,NOT_APPLICABLE_GLOBAL_BASELINE,HF9g-P5,,,,X 全窗基线 · 不参与实体赏罚,3923887,393,A168_HF9F_20260827_0900,2026-08-27 09:00:00
2026-06-19,143628019,-1,1,635.6064225328,186.4237791580,186.4237791580,0.6666667,10,10,0.49994810000000000,0.499948100000,1.0003114053888977,1.0003114053888977,1.0003114053888977,0E-17,SENTINEL_DEALER,R03b_20260811_FULL_v1,L1_ELIGIBILITY,v2026-08-11,2026-03-21..2026-08-06,baccarat_bet02_101_all_pairs_incl_sentinel,round_win = game_pnl > 0 (decisive only),COMPATIBILITY_ONLY_NOT_PRODUCTION,2785.4517,2577.7372,-62.0028,30,30,0.02225951,,0.02225951,0.02225951,62.0028,2785.4517,OK,0.0000,-2.4801,4.0000,96.0000,AG03-UNRESOLVED,ALL5_LEVELS_bet23_to_bet27,-2.4801,-2.4801,-2.4801,-3.7202,-3.7202,4.000000,4.000000,4.000000,6.000000,6.000000,96.000000,96.000000,96.000000,94.000000,94.000000,5.0,-14.8807,-13.5319,-47.1221,-48.4708,PENDING_AG03,FALSE,NOT_FOR_ENFORCEMENT,-59.5227,2474.6277,-62.0028,-59.5227,-2.4801,-0.02225951,-0.02136913,-2.4801,-59.5227,-0.02136913,-2.4801,-2.4801,-2.4801,-3.7202,-3.7202,-59.5227,-0.02136913,-14.8807,-13.5319,-47.1221,-48.4708,-0.01691723,-0.01740143,-0.00089038,92.8484,85.9246,-2.0668,-31.0014,-6.8892,1392.7258,15.0000,,92.8484,62.3144,70.6229,93.4715,207.7145,207.7145,207.7145,69.5844,41.5429,2.941177,2.941177,1.314706,8,7,3,2,0E-8,-0.02225951,,0E-8,0.000000,0.925429,0.000000,,2026-06-19,2026-06-20,2,9,9,2,1.000000,,,0.000000,,,,,,,,GLOBAL_BASELINE_NO_ENTITY_RANKING,,,NOT_APPLICABLE_GLOBAL_BASELINE,HF9g-P5,,,,X 全窗基线 · 不参与实体赏罚,3923888,393,A168_HF9F_20260827_0900,2026-08-27 09:00:00
2026-06-19,143628019,1714,0,419.5833246786,-39.7773300377,-39.7773300377,0.5000000,7,7,0.49899058571428571,0.498990585714,0.004945109955477372,0.0049451099568770685,0.004945109955477372,2.8571E-13,ELIGIBLE,R03b_20260811_FULL_v1,L1_ELIGIBILITY,v2026-08-11,2026-03-21..2026-08-06,baccarat_bet02_101_all_pairs_incl_sentinel,round_win = game_pnl > 0 (decisive only),COMPATIBILITY_ONLY_NOT_PRODUCTION,2785.4517,2577.7372,-62.0028,30,30,0.02225951,,0.02225951,0.02225951,62.0028,2785.4517,OK,0.0000,-2.4801,4.0000,96.0000,AG03-UNRESOLVED,ALL5_LEVELS_bet23_to_bet27,-2.4801,-2.4801,-2.4801,-3.7202,-3.7202,4.000000,4.000000,4.000000,6.000000,6.000000,96.000000,96.000000,96.000000,94.000000,94.000000,5.0,-14.8807,-13.5319,-47.1221,-48.4708,PENDING_AG03,FALSE,NOT_FOR_ENFORCEMENT,-59.5227,2474.6277,-62.0028,-59.5227,-2.4801,-0.02225951,-0.02136913,-2.4801,-59.5227,-0.02136913,-2.4801,-2.4801,-2.4801,-3.7202,-3.7202,-59.5227,-0.02136913,-14.8807,-13.5319,-47.1221,-48.4708,-0.01691723,-0.01740143,-0.00089038,92.8484,85.9246,-2.0668,-31.0014,-6.8892,1392.7258,15.0000,,92.8484,62.3144,70.6229,93.4715,207.7145,207.7145,207.7145,69.5844,41.5429,2.941177,2.941177,1.314706,8,7,3,2,0E-8,-0.02225951,,0E-8,0.000000,0.925429,0.000000,,2026-06-19,2026-06-20,2,9,9,2,1.000000,,,0.000000,,,,,,,,GLOBAL_BASELINE_NO_ENTITY_RANKING,,,NOT_APPLICABLE_GLOBAL_BASELINE,HF9g-P5,,,,X 全窗基线 · 不参与实体赏罚,3923889,393,A168_HF9F_20260827_0900,2026-08-27 09:00:00
2026-06-19,143628019,2209,0,164.0944685624,160.5633217705,160.5633217705,1.0000000,2,2,0.49994810000000000,0.499948100000,1.4143603653603398,1.4143603653603398,1.4143603653603398,0E-17,ELIGIBLE,R03b_20260811_FULL_v1,L1_ELIGIBILITY,v2026-08-11,2026-03-21..2026-08-06,baccarat_bet02_101_all_pairs_incl_sentinel,round_win = game_pnl > 0 (decisive only),COMPATIBILITY_ONLY_NOT_PRODUCTION,2785.4517,2577.7372,-62.0028,30,30,0.02225951,,0.02225951,0.02225951,62.0028,2785.4517,OK,0.0000,-2.4801,4.0000,96.0000,AG03-UNRESOLVED,ALL5_LEVELS_bet23_to_bet27,-2.4801,-2.4801,-2.4801,-3.7202,-3.7202,4.000000,4.000000,4.000000,6.000000,6.000000,96.000000,96.000000,96.000000,94.000000,94.000000,5.0,-14.8807,-13.5319,-47.1221,-48.4708,PENDING_AG03,FALSE,NOT_FOR_ENFORCEMENT,-59.5227,2474.6277,-62.0028,-59.5227,-2.4801,-0.02225951,-0.02136913,-2.4801,-59.5227,-0.02136913,-2.4801,-2.4801,-2.4801,-3.7202,-3.7202,-59.5227,-0.02136913,-14.8807,-13.5319,-47.1221,-48.4708,-0.01691723,-0.01740143,-0.00089038,92.8484,85.9246,-2.0668,-31.0014,-6.8892,1392.7258,15.0000,,92.8484,62.3144,70.6229,93.4715,207.7145,207.7145,207.7145,69.5844,41.5429,2.941177,2.941177,1.314706,8,7,3,2,0E-8,-0.02225951,,0E-8,0.000000,0.925429,0.000000,,2026-06-19,2026-06-20,2,9,9,2,1.000000,,,0.000000,,,,,,,,GLOBAL_BASELINE_NO_ENTITY_RANKING,,,NOT_APPLICABLE_GLOBAL_BASELINE,HF9g-P5,,,,X 全窗基线 · 不参与实体赏罚,3923890,393,A168_HF9F_20260827_0900,2026-08-27 09:00:00
2026-06-19,143628019,763,0,186.9430654509,59.1986373928,59.1986373928,0.6666667,3,3,0.49771390000000000,0.497713900000,0.5852756695216578,0.5852756695216578,0.5852756695216578,0E-17,ELIGIBLE,R03b_20260811_FULL_v1,L1_ELIGIBILITY,v2026-08-11,2026-03-21..2026-08-06,baccarat_bet02_101_all_pairs_incl_sentinel,round_win = game_pnl > 0 (decisive only),COMPATIBILITY_ONLY_NOT_PRODUCTION,2785.4517,2577.7372,-62.0028,30,30,0.02225951,,0.02225951,0.02225951,62.0028,2785.4517,OK,0.0000,-2.4801,4.0000,96.0000,AG03-UNRESOLVED,ALL5_LEVELS_bet23_to_bet27,-2.4801,-2.4801,-2.4801,-3.7202,-3.7202,4.000000,4.000000,4.000000,6.000000,6.000000,96.000000,96.000000,96.000000,94.000000,94.000000,5.0,-14.8807,-13.5319,-47.1221,-48.4708,PENDING_AG03,FALSE,NOT_FOR_ENFORCEMENT,-59.5227,2474.6277,-62.0028,-59.5227,-2.4801,-0.02225951,-0.02136913,-2.4801,-59.5227,-0.02136913,-2.4801,-2.4801,-2.4801,-3.7202,-3.7202,-59.5227,-0.02136913,-14.8807,-13.5319,-47.1221,-48.4708,-0.01691723,-0.01740143,-0.00089038,92.8484,85.9246,-2.0668,-31.0014,-6.8892,1392.7258,15.0000,,92.8484,62.3144,70.6229,93.4715,207.7145,207.7145,207.7145,69.5844,41.5429,2.941177,2.941177,1.314706,8,7,3,2,0E-8,-0.02225951,,0E-8,0.000000,0.925429,0.000000,,2026-06-19,2026-06-20,2,9,9,2,1.000000,,,0.000000,,,,,,,,GLOBAL_BASELINE_NO_ENTITY_RANKING,,,NOT_APPLICABLE_GLOBAL_BASELINE,HF9g-P5,,,,X 全窗基线 · 不参与实体赏罚,3923891,393,A168_HF9F_20260827_0900,2026-08-27 09:00:00
2026-06-20,143628019,1115,0,652.2235839062,-96.6911077415,-96.6911077415,0.5000000,4,4,0.49659680000000000,0.496596800000,0.013613115331600182,0.013613115331600183,0.013613115331600182,0E-17,ELIGIBLE,R03b_20260811_FULL_v1,L1_ELIGIBILITY,v2026-08-11,2026-03-21..2026-08-06,baccarat_bet02_101_all_pairs_incl_sentinel,round_win = game_pnl > 0 (decisive only),COMPATIBILITY_ONLY_NOT_PRODUCTION,2785.4517,2577.7372,-62.0028,30,30,0.02225951,,0.02225951,0.02225951,62.0028,2785.4517,OK,0.0000,-2.4801,4.0000,96.0000,AG03-UNRESOLVED,ALL5_LEVELS_bet23_to_bet27,-2.4801,-2.4801,-2.4801,-3.7202,-3.7202,4.000000,4.000000,4.000000,6.000000,6.000000,96.000000,96.000000,96.000000,94.000000,94.000000,5.0,-14.8807,-13.5319,-47.1221,-48.4708,PENDING_AG03,FALSE,NOT_FOR_ENFORCEMENT,-59.5227,2474.6277,-62.0028,-59.5227,-2.4801,-0.02225951,-0.02136913,-2.4801,-59.5227,-0.02136913,-2.4801,-2.4801,-2.4801,-3.7202,-3.7202,-59.5227,-0.02136913,-14.8807,-13.5319,-47.1221,-48.4708,-0.01691723,-0.01740143,-0.00089038,92.8484,85.9246,-2.0668,-31.0014,-6.8892,1392.7258,15.0000,,92.8484,62.3144,70.6229,93.4715,207.7145,207.7145,207.7145,69.5844,41.5429,2.941177,2.941177,1.314706,8,7,3,2,0E-8,-0.02225951,,0E-8,0.000000,0.925429,0.000000,,2026-06-19,2026-06-20,2,9,9,2,1.000000,,,0.000000,,,,,,,,GLOBAL_BASELINE_NO_ENTITY_RANKING,,,NOT_APPLICABLE_GLOBAL_BASELINE,HF9g-P5,,,,X 全窗基线 · 不参与实体赏罚,3923892,393,A168_HF9F_20260827_0900,2026-08-27 09:00:00
2026-06-20,143628019,1353,0,103.8572585838,0E-10,0E-10,,1,1,0.50665070000000000,0.506650700000,,,,0E-17,NO_DECISIVE_ROUND,R03b_20260811_FULL_v1,L1_ELIGIBILITY,v2026-08-11,2026-03-21..2026-08-06,baccarat_bet02_101_all_pairs_incl_sentinel,round_win = game_pnl > 0 (decisive only),COMPATIBILITY_ONLY_NOT_PRODUCTION,2785.4517,2577.7372,-62.0028,30,30,0.02225951,,0.02225951,0.02225951,62.0028,2785.4517,OK,0.0000,-2.4801,4.0000,96.0000,AG03-UNRESOLVED,ALL5_LEVELS_bet23_to_bet27,-2.4801,-2.4801,-2.4801,-3.7202,-3.7202,4.000000,4.000000,4.000000,6.000000,6.000000,96.000000,96.000000,96.000000,94.000000,94.000000,5.0,-14.8807,-13.5319,-47.1221,-48.4708,PENDING_AG03,FALSE,NOT_FOR_ENFORCEMENT,-59.5227,2474.6277,-62.0028,-59.5227,-2.4801,-0.02225951,-0.02136913,-2.4801,-59.5227,-0.02136913,-2.4801,-2.4801,-2.4801,-3.7202,-3.7202,-59.5227,-0.02136913,-14.8807,-13.5319,-47.1221,-48.4708,-0.01691723,-0.01740143,-0.00089038,92.8484,85.9246,-2.0668,-31.0014,-6.8892,1392.7258,15.0000,,92.8484,62.3144,70.6229,93.4715,207.7145,207.7145,207.7145,69.5844,41.5429,2.941177,2.941177,1.314706,8,7,3,2,0E-8,-0.02225951,,0E-8,0.000000,0.925429,0.000000,,2026-06-19,2026-06-20,2,9,9,2,1.000000,,,0.000000,,,,,,,,GLOBAL_BASELINE_NO_ENTITY_RANKING,,,NOT_APPLICABLE_GLOBAL_BASELINE,HF9g-P5,,,,X 全窗基线 · 不参与实体赏罚,3923893,393,A168_HF9F_20260827_0900,2026-08-27 09:00:00
2026-06-20,143628019,529,0,623.1435515028,-207.7145171676,-207.7145171676,0.3333333,3,3,0.50218230000000000,0.502182300000,-0.5849155494134425,-0.5849155494134426,-0.5849155494134425,0E-17,ELIGIBLE,R03b_20260811_FULL_v1,L1_ELIGIBILITY,v2026-08-11,2026-03-21..2026-08-06,baccarat_bet02_101_all_pairs_incl_sentinel,round_win = game_pnl > 0 (decisive only),COMPATIBILITY_ONLY_NOT_PRODUCTION,2785.4517,2577.7372,-62.0028,30,30,0.02225951,,0.02225951,0.02225951,62.0028,2785.4517,OK,0.0000,-2.4801,4.0000,96.0000,AG03-UNRESOLVED,ALL5_LEVELS_bet23_to_bet27,-2.4801,-2.4801,-2.4801,-3.7202,-3.7202,4.000000,4.000000,4.000000,6.000000,6.000000,96.000000,96.000000,96.000000,94.000000,94.000000,5.0,-14.8807,-13.5319,-47.1221,-48.4708,PENDING_AG03,FALSE,NOT_FOR_ENFORCEMENT,-59.5227,2474.6277,-62.0028,-59.5227,-2.4801,-0.02225951,-0.02136913,-2.4801,-59.5227,-0.02136913,-2.4801,-2.4801,-2.4801,-3.7202,-3.7202,-59.5227,-0.02136913,-14.8807,-13.5319,-47.1221,-48.4708,-0.01691723,-0.01740143,-0.00089038,92.8484,85.9246,-2.0668,-31.0014,-6.8892,1392.7258,15.0000,,92.8484,62.3144,70.6229,93.4715,207.7145,207.7145,207.7145,69.5844,41.5429,2.941177,2.941177,1.314706,8,7,3,2,0E-8,-0.02225951,,0E-8,0.000000,0.925429,0.000000,,2026-06-19,2026-06-20,2,9,9,2,1.000000,,,0.000000,,,,,,,,GLOBAL_BASELINE_NO_ENTITY_RANKING,,,NOT_APPLICABLE_GLOBAL_BASELINE,HF9g-P5,,,,X 全窗基线 · 不参与实体赏罚,3923894,393,A168_HF9F_20260827_0900,2026-08-27 09:00:00
2026-05-05,149579539,-1,1,101.1883140471,87.3073530175,87.3073530175,0.8750000,8,8,0.50329940000000000,0.503299400000,2.1027018993427258,2.1027018993427258,2.1027018993427258,0E-17,SENTINEL_DEALER,R03b_20260811_FULL_v1,L1_ELIGIBILITY,v2026-08-11,2026-03-21..2026-08-06,baccarat_bet02_101_all_pairs_incl_sentinel,round_win = game_pnl > 0 (decisive only),COMPATIBILITY_ONLY_NOT_PRODUCTION,179.0255,168.6472,-61.3616,20,20,0.34275362,,0.34275362,0.34275362,61.3616,179.0255,THIN_EXPOSURE,0.0000,-1.8408,3.0000,97.0000,AG03-UNRESOLVED,ALL5_LEVELS_bet23_to_bet27,-1.8408,-1.8408,-1.8408,-2.4545,-2.4545,3.000000,3.000000,3.000000,4.000000,4.000000,97.000000,97.000000,97.000000,96.000000,96.000000,5.0,-10.4315,-9.7492,-50.9302,-51.6125,PENDING_AG03,FALSE,NOT_FOR_ENFORCEMENT,-59.5208,163.5878,-61.3616,-59.5208,-1.8408,-0.34275362,-0.33247101,-1.8408,-59.5208,-0.33247101,-1.8408,-1.8408,-1.8408,-2.4545,-2.4545,-59.5208,-0.33247101,-10.4315,-9.7492,-50.9302,-51.6125,-0.28448551,-0.28829673,-0.01028261,8.9513,8.4324,-3.0681,-61.3616,-10.2269,179.0255,20.0000,,8.9513,5.1891,6.4864,12.9729,14.2701,20.7566,25.9457,6.4864,0.0,3.2,4.0,1.38,6,7,1,2,0E-8,-0.34275362,,0E-8,0.000000,0.942029,0.000000,,2026-05-05,2026-05-05,1,6,6,1,1.000000,,,0.000000,,,,,,,,GLOBAL_BASELINE_NO_ENTITY_RANKING,,,NOT_APPLICABLE_GLOBAL_BASELINE,HF9g-P5,,,,X 全窗基线 · 不参与实体赏罚,3923895,393,A168_HF9F_20260827_0900,2026-08-27 09:00:00
2026-05-05,149579539,1109,0,5.1891443101,0E-10,0E-10,,1,1,0.49324550000000000,0.493245500000,,,,0E-17,NO_DECISIVE_ROUND,R03b_20260811_FULL_v1,L1_ELIGIBILITY,v2026-08-11,2026-03-21..2026-08-06,baccarat_bet02_101_all_pairs_incl_sentinel,round_win = game_pnl > 0 (decisive only),COMPATIBILITY_ONLY_NOT_PRODUCTION,179.0255,168.6472,-61.3616,20,20,0.34275362,,0.34275362,0.34275362,61.3616,179.0255,THIN_EXPOSURE,0.0000,-1.8408,3.0000,97.0000,AG03-UNRESOLVED,ALL5_LEVELS_bet23_to_bet27,-1.8408,-1.8408,-1.8408,-2.4545,-2.4545,3.000000,3.000000,3.000000,4.000000,4.000000,97.000000,97.000000,97.000000,96.000000,96.000000,5.0,-10.4315,-9.7492,-50.9302,-51.6125,PENDING_AG03,FALSE,NOT_FOR_ENFORCEMENT,-59.5208,163.5878,-61.3616,-59.5208,-1.8408,-0.34275362,-0.33247101,-1.8408,-59.5208,-0.33247101,-1.8408,-1.8408,-1.8408,-2.4545,-2.4545,-59.5208,-0.33247101,-10.4315,-9.7492,-50.9302,-51.6125,-0.28448551,-0.28829673,-0.01028261,8.9513,8.4324,-3.0681,-61.3616,-10.2269,179.0255,20.0000,,8.9513,5.1891,6.4864,12.9729,14.2701,20.7566,25.9457,6.4864,0.0,3.2,4.0,1.38,6,7,1,2,0E-8,-0.34275362,,0E-8,0.000000,0.942029,0.000000,,2026-05-05,2026-05-05,1,6,6,1,1.000000,,,0.000000,,,,,,,,GLOBAL_BASELINE_NO_ENTITY_RANKING,,,NOT_APPLICABLE_GLOBAL_BASELINE,HF9g-P5,,,,X 全窗基线 · 不参与实体赏罚,3923896,393,A168_HF9F_20260827_0900,2026-08-27 09:00:00
2026-05-05,149579539,1382,0,5.1891443101,0E-10,0E-10,,1,1,0.49324550000000000,0.493245500000,,,,0E-17,NO_DECISIVE_ROUND,R03b_20260811_FULL_v1,L1_ELIGIBILITY,v2026-08-11,2026-03-21..2026-08-06,baccarat_bet02_101_all_pairs_incl_sentinel,round_win = game_pnl > 0 (decisive only),COMPATIBILITY_ONLY_NOT_PRODUCTION,179.0255,168.6472,-61.3616,20,20,0.34275362,,0.34275362,0.34275362,61.3616,179.0255,THIN_EXPOSURE,0.0000,-1.8408,3.0000,97.0000,AG03-UNRESOLVED,ALL5_LEVELS_bet23_to_bet27,-1.8408,-1.8408,-1.8408,-2.4545,-2.4545,3.000000,3.000000,3.000000,4.000000,4.000000,97.000000,97.000000,97.000000,96.000000,96.000000,5.0,-10.4315,-9.7492,-50.9302,-51.6125,PENDING_AG03,FALSE,NOT_FOR_ENFORCEMENT,-59.5208,163.5878,-61.3616,-59.5208,-1.8408,-0.34275362,-0.33247101,-1.8408,-59.5208,-0.33247101,-1.8408,-1.8408,-1.8408,-2.4545,-2.4545,-59.5208,-0.33247101,-10.4315,-9.7492,-50.9302,-51.6125,-0.28448551,-0.28829673,-0.01028261,8.9513,8.4324,-3.0681,-61.3616,-10.2269,179.0255,20.0000,,8.9513,5.1891,6.4864,12.9729,14.2701,20.7566,25.9457,6.4864,0.0,3.2,4.0,1.38,6,7,1,2,0E-8,-0.34275362,,0E-8,0.000000,0.942029,0.000000,,2026-05-05,2026-05-05,1,6,6,1,1.000000,,,0.000000,,,,,,,,GLOBAL_BASELINE_NO_ENTITY_RANKING,,,NOT_APPLICABLE_GLOBAL_BASELINE,HF9g-P5,,,,X 全窗基线 · 不参与实体赏罚,3923897,393,A168_HF9F_20260827_0900,2026-08-27 09:00:00
2026-05-05,149579539,1385,0,5.1891443101,-5.1891443101,-5.1891443101,0E-7,1,1,0.50665070000000000,0.506650700000,-1.013391052207602,-1.013391052207602,-1.013391052207602,0E-17,ELIGIBLE,R03b_20260811_FULL_v1,L1_ELIGIBILITY,v2026-08-11,2026-03-21..2026-08-06,baccarat_bet02_101_all_pairs_incl_sentinel,round_win = game_pnl > 0 (decisive only),COMPATIBILITY_ONLY_NOT_PRODUCTION,179.0255,168.6472,-61.3616,20,20,0.34275362,,0.34275362,0.34275362,61.3616,179.0255,THIN_EXPOSURE,0.0000,-1.8408,3.0000,97.0000,AG03-UNRESOLVED,ALL5_LEVELS_bet23_to_bet27,-1.8408,-1.8408,-1.8408,-2.4545,-2.4545,3.000000,3.000000,3.000000,4.000000,4.000000,97.000000,97.000000,97.000000,96.000000,96.000000,5.0,-10.4315,-9.7492,-50.9302,-51.6125,PENDING_AG03,FALSE,NOT_FOR_ENFORCEMENT,-59.5208,163.5878,-61.3616,-59.5208,-1.8408,-0.34275362,-0.33247101,-1.8408,-59.5208,-0.33247101,-1.8408,-1.8408,-1.8408,-2.4545,-2.4545,-59.5208,-0.33247101,-10.4315,-9.7492,-50.9302,-51.6125,-0.28448551,-0.28829673,-0.01028261,8.9513,8.4324,-3.0681,-61.3616,-10.2269,179.0255,20.0000,,8.9513,5.1891,6.4864,12.9729,14.2701,20.7566,25.9457,6.4864,0.0,3.2,4.0,1.38,6,7,1,2,0E-8,-0.34275362,,0E-8,0.000000,0.942029,0.000000,,2026-05-05,2026-05-05,1,6,6,1,1.000000,,,0.000000,,,,,,,,GLOBAL_BASELINE_NO_ENTITY_RANKING,,,NOT_APPLICABLE_GLOBAL_BASELINE,HF9g-P5,,,,X 全窗基线 · 不参与实体赏罚,3923898,393,A168_HF9F_20260827_0900,2026-08-27 09:00:00
2026-05-05,149579539,1485,0,10.3782886202,-10.3782886202,-10.3782886202,0E-7,2,2,0.49994810000000000,0.499948100000,-1.4140667746232096,-1.4140667746232096,-1.4140667746232096,0E-17,ELIGIBLE,R03b_20260811_FULL_v1,L1_ELIGIBILITY,v2026-08-11,2026-03-21..2026-08-06,baccarat_bet02_101_all_pairs_incl_sentinel,round_win = game_pnl > 0 (decisive only),COMPATIBILITY_ONLY_NOT_PRODUCTION,179.0255,168.6472,-61.3616,20,20,0.34275362,,0.34275362,0.34275362,61.3616,179.0255,THIN_EXPOSURE,0.0000,-1.8408,3.0000,97.0000,AG03-UNRESOLVED,ALL5_LEVELS_bet23_to_bet27,-1.8408,-1.8408,-1.8408,-2.4545,-2.4545,3.000000,3.000000,3.000000,4.000000,4.000000,97.000000,97.000000,97.000000,96.000000,96.000000,5.0,-10.4315,-9.7492,-50.9302,-51.6125,PENDING_AG03,FALSE,NOT_FOR_ENFORCEMENT,-59.5208,163.5878,-61.3616,-59.5208,-1.8408,-0.34275362,-0.33247101,-1.8408,-59.5208,-0.33247101,-1.8408,-1.8408,-1.8408,-2.4545,-2.4545,-59.5208,-0.33247101,-10.4315,-9.7492,-50.9302,-51.6125,-0.28448551,-0.28829673,-0.01028261,8.9513,8.4324,-3.0681,-61.3616,-10.2269,179.0255,20.0000,,8.9513,5.1891,6.4864,12.9729,14.2701,20.7566,25.9457,6.4864,0.0,3.2,4.0,1.38,6,7,1,2,0E-8,-0.34275362,,0E-8,0.000000,0.942029,0.000000,,2026-05-05,2026-05-05,1,6,6,1,1.000000,,,0.000000,,,,,,,,GLOBAL_BASELINE_NO_ENTITY_RANKING,,,NOT_APPLICABLE_GLOBAL_BASELINE,HF9g-P5,,,,X 全窗基线 · 不参与实体赏罚,3923899,393,A168_HF9F_20260827_0900,2026-08-27 09:00:00
2026-05-05,149579539,2123,0,46.7022987912,-5.1891443102,-5.1891443102,0.3333333,6,6,0.49547970000000000,0.495479700000,-0.7943841881047936,-0.7943841881047936,-0.7943841881047936,0E-17,ELIGIBLE,R03b_20260811_FULL_v1,L1_ELIGIBILITY,v2026-08-11,2026-03-21..2026-08-06,baccarat_bet02_101_all_pairs_incl_sentinel,round_win = game_pnl > 0 (decisive only),COMPATIBILITY_ONLY_NOT_PRODUCTION,179.0255,168.6472,-61.3616,20,20,0.34275362,,0.34275362,0.34275362,61.3616,179.0255,THIN_EXPOSURE,0.0000,-1.8408,3.0000,97.0000,AG03-UNRESOLVED,ALL5_LEVELS_bet23_to_bet27,-1.8408,-1.8408,-1.8408,-2.4545,-2.4545,3.000000,3.000000,3.000000,4.000000,4.000000,97.000000,97.000000,97.000000,96.000000,96.000000,5.0,-10.4315,-9.7492,-50.9302,-51.6125,PENDING_AG03,FALSE,NOT_FOR_ENFORCEMENT,-59.5208,163.5878,-61.3616,-59.5208,-1.8408,-0.34275362,-0.33247101,-1.8408,-59.5208,-0.33247101,-1.8408,-1.8408,-1.8408,-2.4545,-2.4545,-59.5208,-0.33247101,-10.4315,-9.7492,-50.9302,-51.6125,-0.28448551,-0.28829673,-0.01028261,8.9513,8.4324,-3.0681,-61.3616,-10.2269,179.0255,20.0000,,8.9513,5.1891,6.4864,12.9729,14.2701,20.7566,25.9457,6.4864,0.0,3.2,4.0,1.38,6,7,1,2,0E-8,-0.34275362,,0E-8,0.000000,0.942029,0.000000,,2026-05-05,2026-05-05,1,6,6,1,1.000000,,,0.000000,,,,,,,,GLOBAL_BASELINE_NO_ENTITY_RANKING,,,NOT_APPLICABLE_GLOBAL_BASELINE,HF9g-P5,,,,X 全窗基线 · 不参与实体赏罚,3923900,393,A168_HF9F_20260827_0900,2026-08-27 09:00:00
2026-05-05,149579539,994,0,5.1891443101,-5.1891443101,-5.1891443101,0E-7,1,1,0.50665070000000000,0.506650700000,-1.013391052207602,-1.013391052207602,-1.013391052207602,0E-17,ELIGIBLE,R03b_20260811_FULL_v1,L1_ELIGIBILITY,v2026-08-11,2026-03-21..2026-08-06,baccarat_bet02_101_all_pairs_incl_sentinel,round_win = game_pnl > 0 (decisive only),COMPATIBILITY_ONLY_NOT_PRODUCTION,179.0255,168.6472,-61.3616,20,20,0.34275362,,0.34275362,0.34275362,61.3616,179.0255,THIN_EXPOSURE,0.0000,-1.8408,3.0000,97.0000,AG03-UNRESOLVED,ALL5_LEVELS_bet23_to_bet27,-1.8408,-1.8408,-1.8408,-2.4545,-2.4545,3.000000,3.000000,3.000000,4.000000,4.000000,97.000000,97.000000,97.000000,96.000000,96.000000,5.0,-10.4315,-9.7492,-50.9302,-51.6125,PENDING_AG03,FALSE,NOT_FOR_ENFORCEMENT,-59.5208,163.5878,-61.3616,-59.5208,-1.8408,-0.34275362,-0.33247101,-1.8408,-59.5208,-0.33247101,-1.8408,-1.8408,-1.8408,-2.4545,-2.4545,-59.5208,-0.33247101,-10.4315,-9.7492,-50.9302,-51.6125,-0.28448551,-0.28829673,-0.01028261,8.9513,8.4324,-3.0681,-61.3616,-10.2269,179.0255,20.0000,,8.9513,5.1891,6.4864,12.9729,14.2701,20.7566,25.9457,6.4864,0.0,3.2,4.0,1.38,6,7,1,2,0E-8,-0.34275362,,0E-8,0.000000,0.942029,0.000000,,2026-05-05,2026-05-05,1,6,6,1,1.000000,,,0.000000,,,,,,,,GLOBAL_BASELINE_NO_ENTITY_RANKING,,,NOT_APPLICABLE_GLOBAL_BASELINE,HF9g-P5,,,,X 全窗基线 · 不参与实体赏罚,3923901,393,A168_HF9F_20260827_0900,2026-08-27 09:00:00
2026-05-25,149582833,-1,1,150.0000000000,-13.0000000000,-13.0000000000,0.4000000,6,6,0.49994810000000000,0.499948100000,-0.4469814940518811,-0.4469814940518811,-0.4469814940518811,0E-17,SENTINEL_DEALER,R03b_20260811_FULL_v1,L1_ELIGIBILITY,v2026-08-11,2026-03-21..2026-08-06,baccarat_bet02_101_all_pairs_incl_sentinel,round_win = game_pnl > 0 (decisive only),COMPATIBILITY_ONLY_NOT_PRODUCTION,780.0000,710.0000,-62.0000,34,34,0.07948718,,0.07948718,0.07948718,62.0000,780.0000,OK,0.0000,-2.4800,4.0000,96.0000,AG03-UNRESOLVED,ALL5_LEVELS_bet23_to_bet27,-2.4800,-3.1000,-3.1000,-3.1000,-3.1000,4.000000,5.000000,5.000000,5.000000,5.000000,96.000000,95.000000,95.000000,95.000000,95.000000,5.0,-14.8800,-13.5206,-47.1200,-48.4794,PENDING_AG03,FALSE,NOT_FOR_ENFORCEMENT,-59.5200,681.6000,-62.0000,-59.5200,-2.4800,-0.07948718,-0.07630769,-2.4800,-59.5200,-0.07630769,-2.4800,-3.1000,-3.1000,-3.1000,-3.1000,-59.5200,-0.07630769,-14.8800,-13.5206,-47.1200,-48.4794,-0.06041026,-0.06215309,-0.00317949,22.9412,20.8824,-1.8235,-31.0000,-2.8182,390.0000,17.0000,,22.9412,20.0,20.0,20.0,30.0,38.0,40.0,20.0,9.5,1.9,2.0,1.147059,15,20,1,2,0E-8,-0.07948718,,0E-8,0.000000,0.910256,0.000000,,2026-05-25,2026-05-26,2,22,21,2,1.000000,,,0.000000,,,,,,,,GLOBAL_BASELINE_NO_ENTITY_RANKING,,,NOT_APPLICABLE_GLOBAL_BASELINE,HF9g-P5,,,,X 全窗基线 · 不参与实体赏罚,3923902,393,A168_HF9F_20260827_0900,2026-08-27 09:00:00
2026-05-25,149582833,1323,0,30.0000000000,-30.0000000000,-30.0000000000,0E-7,1,1,0.49324550000000000,0.493245500000,-0.9865810262130424,-0.9865810262130424,-0.9865810262130424,0E-17,ELIGIBLE,R03b_20260811_FULL_v1,L1_ELIGIBILITY,v2026-08-11,2026-03-21..2026-08-06,baccarat_bet02_101_all_pairs_incl_sentinel,round_win = game_pnl > 0 (decisive only),COMPATIBILITY_ONLY_NOT_PRODUCTION,780.0000,710.0000,-62.0000,34,34,0.07948718,,0.07948718,0.07948718,62.0000,780.0000,OK,0.0000,-2.4800,4.0000,96.0000,AG03-UNRESOLVED,ALL5_LEVELS_bet23_to_bet27,-2.4800,-3.1000,-3.1000,-3.1000,-3.1000,4.000000,5.000000,5.000000,5.000000,5.000000,96.000000,95.000000,95.000000,95.000000,95.000000,5.0,-14.8800,-13.5206,-47.1200,-48.4794,PENDING_AG03,FALSE,NOT_FOR_ENFORCEMENT,-59.5200,681.6000,-62.0000,-59.5200,-2.4800,-0.07948718,-0.07630769,-2.4800,-59.5200,-0.07630769,-2.4800,-3.1000,-3.1000,-3.1000,-3.1000,-59.5200,-0.07630769,-14.8800,-13.5206,-47.1200,-48.4794,-0.06041026,-0.06215309,-0.00317949,22.9412,20.8824,-1.8235,-31.0000,-2.8182,390.0000,17.0000,,22.9412,20.0,20.0,20.0,30.0,38.0,40.0,20.0,9.5,1.9,2.0,1.147059,15,20,1,2,0E-8,-0.07948718,,0E-8,0.000000,0.910256,0.000000,,2026-05-25,2026-05-26,2,22,21,2,1.000000,,,0.000000,,,,,,,,GLOBAL_BASELINE_NO_ENTITY_RANKING,,,NOT_APPLICABLE_GLOBAL_BASELINE,HF9g-P5,,,,X 全窗基线 · 不参与实体赏罚,3923903,393,A168_HF9F_20260827_0900,2026-08-27 09:00:00
2026-05-25,149582833,1374,0,30.0000000000,-30.0000000000,-30.0000000000,0E-7,1,1,0.50665070000000000,0.506650700000,-1.013391052207602,-1.013391052207602,-1.013391052207602,0E-17,ELIGIBLE,R03b_20260811_FULL_v1,L1_ELIGIBILITY,v2026-08-11,2026-03-21..2026-08-06,baccarat_bet02_101_all_pairs_incl_sentinel,round_win = game_pnl > 0 (decisive only),COMPATIBILITY_ONLY_NOT_PRODUCTION,780.0000,710.0000,-62.0000,34,34,0.07948718,,0.07948718,0.07948718,62.0000,780.0000,OK,0.0000,-2.4800,4.0000,96.0000,AG03-UNRESOLVED,ALL5_LEVELS_bet23_to_bet27,-2.4800,-3.1000,-3.1000,-3.1000,-3.1000,4.000000,5.000000,5.000000,5.000000,5.000000,96.000000,95.000000,95.000000,95.000000,95.000000,5.0,-14.8800,-13.5206,-47.1200,-48.4794,PENDING_AG03,FALSE,NOT_FOR_ENFORCEMENT,-59.5200,681.6000,-62.0000,-59.5200,-2.4800,-0.07948718,-0.07630769,-2.4800,-59.5200,-0.07630769,-2.4800,-3.1000,-3.1000,-3.1000,-3.1000,-59.5200,-0.07630769,-14.8800,-13.5206,-47.1200,-48.4794,-0.06041026,-0.06215309,-0.00317949,22.9412,20.8824,-1.8235,-31.0000,-2.8182,390.0000,17.0000,,22.9412,20.0,20.0,20.0,30.0,38.0,40.0,20.0,9.5,1.9,2.0,1.147059,15,20,1,2,0E-8,-0.07948718,,0E-8,0.000000,0.910256,0.000000,,2026-05-25,2026-05-26,2,22,21,2,1.000000,,,0.000000,,,,,,,,GLOBAL_BASELINE_NO_ENTITY_RANKING,,,NOT_APPLICABLE_GLOBAL_BASELINE,HF9g-P5,,,,X 全窗基线 · 不参与实体赏罚,3923904,393,A168_HF9F_20260827_0900,2026-08-27 09:00:00
2026-05-25,149582833,1391,0,40.0000000000,38.0000000000,38.0000000000,1.0000000,1,1,0.50665070000000000,0.506650700000,0.9867858985152569,0.9867858985152569,0.9867858985152569,0E-17,ELIGIBLE,R03b_20260811_FULL_v1,L1_ELIGIBILITY,v2026-08-11,2026-03-21..2026-08-06,baccarat_bet02_101_all_pairs_incl_sentinel,round_win = game_pnl > 0 (decisive only),COMPATIBILITY_ONLY_NOT_PRODUCTION,780.0000,710.0000,-62.0000,34,34,0.07948718,,0.07948718,0.07948718,62.0000,780.0000,OK,0.0000,-2.4800,4.0000,96.0000,AG03-UNRESOLVED,ALL5_LEVELS_bet23_to_bet27,-2.4800,-3.1000,-3.1000,-3.1000,-3.1000,4.000000,5.000000,5.000000,5.000000,5.000000,96.000000,95.000000,95.000000,95.000000,95.000000,5.0,-14.8800,-13.5206,-47.1200,-48.4794,PENDING_AG03,FALSE,NOT_FOR_ENFORCEMENT,-59.5200,681.6000,-62.0000,-59.5200,-2.4800,-0.07948718,-0.07630769,-2.4800,-59.5200,-0.07630769,-2.4800,-3.1000,-3.1000,-3.1000,-3.1000,-59.5200,-0.07630769,-14.8800,-13.5206,-47.1200,-48.4794,-0.06041026,-0.06215309,-0.00317949,22.9412,20.8824,-1.8235,-31.0000,-2.8182,390.0000,17.0000,,22.9412,20.0,20.0,20.0,30.0,38.0,40.0,20.0,9.5,1.9,2.0,1.147059,15,20,1,2,0E-8,-0.07948718,,0E-8,0.000000,0.910256,0.000000,,2026-05-25,2026-05-26,2,22,21,2,1.000000,,,0.000000,,,,,,,,GLOBAL_BASELINE_NO_ENTITY_RANKING,,,NOT_APPLICABLE_GLOBAL_BASELINE,HF9g-P5,,,,X 全窗基线 · 不参与实体赏罚,3923905,393,A168_HF9F_20260827_0900,2026-08-27 09:00:00
2026-05-25,149582833,1506,0,100.0000000000,98.0000000000,98.0000000000,1.0000000,5,5,0.49860758000000000,0.498607580000,2.242303763970222,2.242303763970222,2.242303763970222,0E-17,ELIGIBLE,R03b_20260811_FULL_v1,L1_ELIGIBILITY,v2026-08-11,2026-03-21..2026-08-06,baccarat_bet02_101_all_pairs_incl_sentinel,round_win = game_pnl > 0 (decisive only),COMPATIBILITY_ONLY_NOT_PRODUCTION,780.0000,710.0000,-62.0000,34,34,0.07948718,,0.07948718,0.07948718,62.0000,780.0000,OK,0.0000,-2.4800,4.0000,96.0000,AG03-UNRESOLVED,ALL5_LEVELS_bet23_to_bet27,-2.4800,-3.1000,-3.1000,-3.1000,-3.1000,4.000000,5.000000,5.000000,5.000000,5.000000,96.000000,95.000000,95.000000,95.000000,95.000000,5.0,-14.8800,-13.5206,-47.1200,-48.4794,PENDING_AG03,FALSE,NOT_FOR_ENFORCEMENT,-59.5200,681.6000,-62.0000,-59.5200,-2.4800,-0.07948718,-0.07630769,-2.4800,-59.5200,-0.07630769,-2.4800,-3.1000,-3.1000,-3.1000,-3.1000,-59.5200,-0.07630769,-14.8800,-13.5206,-47.1200,-48.4794,-0.06041026,-0.06215309,-0.00317949,22.9412,20.8824,-1.8235,-31.0000,-2.8182,390.0000,17.0000,,22.9412,20.0,20.0,20.0,30.0,38.0,40.0,20.0,9.5,1.9,2.0,1.147059,15,20,1,2,0E-8,-0.07948718,,0E-8,0.000000,0.910256,0.000000,,2026-05-25,2026-05-26,2,22,21,2,1.000000,,,0.000000,,,,,,,,GLOBAL_BASELINE_NO_ENTITY_RANKING,,,NOT_APPLICABLE_GLOBAL_BASELINE,HF9g-P5,,,,X 全窗基线 · 不参与实体赏罚,3923906,393,A168_HF9F_20260827_0900,2026-08-27 09:00:00
2026-05-25,149582833,1947,0,40.0000000000,39.0000000000,39.0000000000,1.0000000,2,2,0.49994810000000000,0.499948100000,1.4143603653603398,1.4143603653603398,1.4143603653603398,0E-17,ELIGIBLE,R03b_20260811_FULL_v1,L1_ELIGIBILITY,v2026-08-11,2026-03-21..2026-08-06,baccarat_bet02_101_all_pairs_incl_sentinel,round_win = game_pnl > 0 (decisive only),COMPATIBILITY_ONLY_NOT_PRODUCTION,780.0000,710.0000,-62.0000,34,34,0.07948718,,0.07948718,0.07948718,62.0000,780.0000,OK,0.0000,-2.4800,4.0000,96.0000,AG03-UNRESOLVED,ALL5_LEVELS_bet23_to_bet27,-2.4800,-3.1000,-3.1000,-3.1000,-3.1000,4.000000,5.000000,5.000000,5.000000,5.000000,96.000000,95.000000,95.000000,95.000000,95.000000,5.0,-14.8800,-13.5206,-47.1200,-48.4794,PENDING_AG03,FALSE,NOT_FOR_ENFORCEMENT,-59.5200,681.6000,-62.0000,-59.5200,-2.4800,-0.07948718,-0.07630769,-2.4800,-59.5200,-0.07630769,-2.4800,-3.1000,-3.1000,-3.1000,-3.1000,-59.5200,-0.07630769,-14.8800,-13.5206,-47.1200,-48.4794,-0.06041026,-0.06215309,-0.00317949,22.9412,20.8824,-1.8235,-31.0000,-2.8182,390.0000,17.0000,,22.9412,20.0,20.0,20.0,30.0,38.0,40.0,20.0,9.5,1.9,2.0,1.147059,15,20,1,2,0E-8,-0.07948718,,0E-8,0.000000,0.910256,0.000000,,2026-05-25,2026-05-26,2,22,21,2,1.000000,,,0.000000,,,,,,,,GLOBAL_BASELINE_NO_ENTITY_RANKING,,,NOT_APPLICABLE_GLOBAL_BASELINE,HF9g-P5,,,,X 全窗基线 · 不参与实体赏罚,3923907,393,A168_HF9F_20260827_0900,2026-08-27 09:00:00
2026-05-25,149582833,1994,0,60.0000000000,20.0000000000,20.0000000000,0.6666667,3,3,0.49771390000000000,0.497713900000,0.5852756695216578,0.5852756695216578,0.5852756695216578,0E-17,ELIGIBLE,R03b_20260811_FULL_v1,L1_ELIGIBILITY,v2026-08-11,2026-03-21..2026-08-06,baccarat_bet02_101_all_pairs_incl_sentinel,round_win = game_pnl > 0 (decisive only),COMPATIBILITY_ONLY_NOT_PRODUCTION,780.0000,710.0000,-62.0000,34,34,0.07948718,,0.07948718,0.07948718,62.0000,780.0000,OK,0.0000,-2.4800,4.0000,96.0000,AG03-UNRESOLVED,ALL5_LEVELS_bet23_to_bet27,-2.4800,-3.1000,-3.1000,-3.1000,-3.1000,4.000000,5.000000,5.000000,5.000000,5.000000,96.000000,95.000000,95.000000,95.000000,95.000000,5.0,-14.8800,-13.5206,-47.1200,-48.4794,PENDING_AG03,FALSE,NOT_FOR_ENFORCEMENT,-59.5200,681.6000,-62.0000,-59.5200,-2.4800,-0.07948718,-0.07630769,-2.4800,-59.5200,-0.07630769,-2.4800,-3.1000,-3.1000,-3.1000,-3.1000,-59.5200,-0.07630769,-14.8800,-13.5206,-47.1200,-48.4794,-0.06041026,-0.06215309,-0.00317949,22.9412,20.8824,-1.8235,-31.0000,-2.8182,390.0000,17.0000,,22.9412,20.0,20.0,20.0,30.0,38.0,40.0,20.0,9.5,1.9,2.0,1.147059,15,20,1,2,0E-8,-0.07948718,,0E-8,0.000000,0.910256,0.000000,,2026-05-25,2026-05-26,2,22,21,2,1.000000,,,0.000000,,,,,,,,GLOBAL_BASELINE_NO_ENTITY_RANKING,,,NOT_APPLICABLE_GLOBAL_BASELINE,HF9g-P5,,,,X 全窗基线 · 不参与实体赏罚,3923908,393,A168_HF9F_20260827_0900,2026-08-27 09:00:00
2026-05-25,149582833,2141,0,20.0000000000,20.0000000000,20.0000000000,1.0000000,1,1,0.49324550000000000,0.493245500000,1.01360149184955,1.01360149184955,1.01360149184955,0E-17,ELIGIBLE,R03b_20260811_FULL_v1,L1_ELIGIBILITY,v2026-08-11,2026-03-21..2026-08-06,baccarat_bet02_101_all_pairs_incl_sentinel,round_win = game_pnl > 0 (decisive only),COMPATIBILITY_ONLY_NOT_PRODUCTION,780.0000,710.0000,-62.0000,34,34,0.07948718,,0.07948718,0.07948718,62.0000,780.0000,OK,0.0000,-2.4800,4.0000,96.0000,AG03-UNRESOLVED,ALL5_LEVELS_bet23_to_bet27,-2.4800,-3.1000,-3.1000,-3.1000,-3.1000,4.000000,5.000000,5.000000,5.000000,5.000000,96.000000,95.000000,95.000000,95.000000,95.000000,5.0,-14.8800,-13.5206,-47.1200,-48.4794,PENDING_AG03,FALSE,NOT_FOR_ENFORCEMENT,-59.5200,681.6000,-62.0000,-59.5200,-2.4800,-0.07948718,-0.07630769,-2.4800,-59.5200,-0.07630769,-2.4800,-3.1000,-3.1000,-3.1000,-3.1000,-59.5200,-0.07630769,-14.8800,-13.5206,-47.1200,-48.4794,-0.06041026,-0.06215309,-0.00317949,22.9412,20.8824,-1.8235,-31.0000,-2.8182,390.0000,17.0000,,22.9412,20.0,20.0,20.0,30.0,38.0,40.0,20.0,9.5,1.9,2.0,1.147059,15,20,1,2,0E-8,-0.07948718,,0E-8,0.000000,0.910256,0.000000,,2026-05-25,2026-05-26,2,22,21,2,1.000000,,,0.000000,,,,,,,,GLOBAL_BASELINE_NO_ENTITY_RANKING,,,NOT_APPLICABLE_GLOBAL_BASELINE,HF9g-P5,,,,X 全窗基线 · 不参与实体赏罚,3923909,393,A168_HF9F_20260827_0900,2026-08-27 09:00:00
2026-05-25,149582833,2209,0,20.0000000000,-20.0000000000,-20.0000000000,0E-7,1,1,0.49324550000000000,0.493245500000,-0.9865810262130424,-0.9865810262130424,-0.9865810262130424,0E-17,ELIGIBLE,R03b_20260811_FULL_v1,L1_ELIGIBILITY,v2026-08-11,2026-03-21..2026-08-06,baccarat_bet02_101_all_pairs_incl_sentinel,round_win = game_pnl > 0 (decisive only),COMPATIBILITY_ONLY_NOT_PRODUCTION,780.0000,710.0000,-62.0000,34,34,0.07948718,,0.07948718,0.07948718,62.0000,780.0000,OK,0.0000,-2.4800,4.0000,96.0000,AG03-UNRESOLVED,ALL5_LEVELS_bet23_to_bet27,-2.4800,-3.1000,-3.1000,-3.1000,-3.1000,4.000000,5.000000,5.000000,5.000000,5.000000,96.000000,95.000000,95.000000,95.000000,95.000000,5.0,-14.8800,-13.5206,-47.1200,-48.4794,PENDING_AG03,FALSE,NOT_FOR_ENFORCEMENT,-59.5200,681.6000,-62.0000,-59.5200,-2.4800,-0.07948718,-0.07630769,-2.4800,-59.5200,-0.07630769,-2.4800,-3.1000,-3.1000,-3.1000,-3.1000,-59.5200,-0.07630769,-14.8800,-13.5206,-47.1200,-48.4794,-0.06041026,-0.06215309,-0.00317949,22.9412,20.8824,-1.8235,-31.0000,-2.8182,390.0000,17.0000,,22.9412,20.0,20.0,20.0,30.0,38.0,40.0,20.0,9.5,1.9,2.0,1.147059,15,20,1,2,0E-8,-0.07948718,,0E-8,0.000000,0.910256,0.000000,,2026-05-25,2026-05-26,2,22,21,2,1.000000,,,0.000000,,,,,,,,GLOBAL_BASELINE_NO_ENTITY_RANKING,,,NOT_APPLICABLE_GLOBAL_BASELINE,HF9g-P5,,,,X 全窗基线 · 不参与实体赏罚,3923910,393,A168_HF9F_20260827_0900,2026-08-27 09:00:00
2026-05-25,149582833,2223,0,60.0000000000,0E-10,0E-10,0.5000000,3,3,0.49771390000000000,0.497713900000,0.006466134837551399,0.0064661348375514,0.006466134837551399,0E-17,ELIGIBLE,R03b_20260811_FULL_v1,L1_ELIGIBILITY,v2026-08-11,2026-03-21..2026-08-06,baccarat_bet02_101_all_pairs_incl_sentinel,round_win = game_pnl > 0 (decisive only),COMPATIBILITY_ONLY_NOT_PRODUCTION,780.0000,710.0000,-62.0000,34,34,0.07948718,,0.07948718,0.07948718,62.0000,780.0000,OK,0.0000,-2.4800,4.0000,96.0000,AG03-UNRESOLVED,ALL5_LEVELS_bet23_to_bet27,-2.4800,-3.1000,-3.1000,-3.1000,-3.1000,4.000000,5.000000,5.000000,5.000000,5.000000,96.000000,95.000000,95.000000,95.000000,95.000000,5.0,-14.8800,-13.5206,-47.1200,-48.4794,PENDING_AG03,FALSE,NOT_FOR_ENFORCEMENT,-59.5200,681.6000,-62.0000,-59.5200,-2.4800,-0.07948718,-0.07630769,-2.4800,-59.5200,-0.07630769,-2.4800,-3.1000,-3.1000,-3.1000,-3.1000,-59.5200,-0.07630769,-14.8800,-13.5206,-47.1200,-48.4794,-0.06041026,-0.06215309,-0.00317949,22.9412,20.8824,-1.8235,-31.0000,-2.8182,390.0000,17.0000,,22.9412,20.0,20.0,20.0,30.0,38.0,40.0,20.0,9.5,1.9,2.0,1.147059,15,20,1,2,0E-8,-0.07948718,,0E-8,0.000000,0.910256,0.000000,,2026-05-25,2026-05-26,2,22,21,2,1.000000,,,0.000000,,,,,,,,GLOBAL_BASELINE_NO_ENTITY_RANKING,,,NOT_APPLICABLE_GLOBAL_BASELINE,HF9g-P5,,,,X 全窗基线 · 不参与实体赏罚,3923911,393,A168_HF9F_20260827_0900,2026-08-27 09:00:00
2026-05-25,149582833,2230,0,20.0000000000,20.0000000000,20.0000000000,1.0000000,1,1,0.49324550000000000,0.493245500000,1.01360149184955,1.01360149184955,1.01360149184955,0E-17,ELIGIBLE,R03b_20260811_FULL_v1,L1_ELIGIBILITY,v2026-08-11,2026-03-21..2026-08-06,baccarat_bet02_101_all_pairs_incl_sentinel,round_win = game_pnl > 0 (decisive only),COMPATIBILITY_ONLY_NOT_PRODUCTION,780.0000,710.0000,-62.0000,34,34,0.07948718,,0.07948718,0.07948718,62.0000,780.0000,OK,0.0000,-2.4800,4.0000,96.0000,AG03-UNRESOLVED,ALL5_LEVELS_bet23_to_bet27,-2.4800,-3.1000,-3.1000,-3.1000,-3.1000,4.000000,5.000000,5.000000,5.000000,5.000000,96.000000,95.000000,95.000000,95.000000,95.000000,5.0,-14.8800,-13.5206,-47.1200,-48.4794,PENDING_AG03,FALSE,NOT_FOR_ENFORCEMENT,-59.5200,681.6000,-62.0000,-59.5200,-2.4800,-0.07948718,-0.07630769,-2.4800,-59.5200,-0.07630769,-2.4800,-3.1000,-3.1000,-3.1000,-3.1000,-59.5200,-0.07630769,-14.8800,-13.5206,-47.1200,-48.4794,-0.06041026,-0.06215309,-0.00317949,22.9412,20.8824,-1.8235,-31.0000,-2.8182,390.0000,17.0000,,22.9412,20.0,20.0,20.0,30.0,38.0,40.0,20.0,9.5,1.9,2.0,1.147059,15,20,1,2,0E-8,-0.07948718,,0E-8,0.000000,0.910256,0.000000,,2026-05-25,2026-05-26,2,22,21,2,1.000000,,,0.000000,,,,,,,,GLOBAL_BASELINE_NO_ENTITY_RANKING,,,NOT_APPLICABLE_GLOBAL_BASELINE,HF9g-P5,,,,X 全窗基线 · 不参与实体赏罚,3923912,393,A168_HF9F_20260827_0900,2026-08-27 09:00:00
2026-05-25,149582833,529,0,20.0000000000,-20.0000000000,-20.0000000000,0E-7,1,1,0.49324550000000000,0.493245500000,-0.9865810262130424,-0.9865810262130424,-0.9865810262130424,0E-17,ELIGIBLE,R03b_20260811_FULL_v1,L1_ELIGIBILITY,v2026-08-11,2026-03-21..2026-08-06,baccarat_bet02_101_all_pairs_incl_sentinel,round_win = game_pnl > 0 (decisive only),COMPATIBILITY_ONLY_NOT_PRODUCTION,780.0000,710.0000,-62.0000,34,34,0.07948718,,0.07948718,0.07948718,62.0000,780.0000,OK,0.0000,-2.4800,4.0000,96.0000,AG03-UNRESOLVED,ALL5_LEVELS_bet23_to_bet27,-2.4800,-3.1000,-3.1000,-3.1000,-3.1000,4.000000,5.000000,5.000000,5.000000,5.000000,96.000000,95.000000,95.000000,95.000000,95.000000,5.0,-14.8800,-13.5206,-47.1200,-48.4794,PENDING_AG03,FALSE,NOT_FOR_ENFORCEMENT,-59.5200,681.6000,-62.0000,-59.5200,-2.4800,-0.07948718,-0.07630769,-2.4800,-59.5200,-0.07630769,-2.4800,-3.1000,-3.1000,-3.1000,-3.1000,-59.5200,-0.07630769,-14.8800,-13.5206,-47.1200,-48.4794,-0.06041026,-0.06215309,-0.00317949,22.9412,20.8824,-1.8235,-31.0000,-2.8182,390.0000,17.0000,,22.9412,20.0,20.0,20.0,30.0,38.0,40.0,20.0,9.5,1.9,2.0,1.147059,15,20,1,2,0E-8,-0.07948718,,0E-8,0.000000,0.910256,0.000000,,2026-05-25,2026-05-26,2,22,21,2,1.000000,,,0.000000,,,,,,,,GLOBAL_BASELINE_NO_ENTITY_RANKING,,,NOT_APPLICABLE_GLOBAL_BASELINE,HF9g-P5,,,,X 全窗基线 · 不参与实体赏罚,3923913,393,A168_HF9F_20260827_0900,2026-08-27 09:00:00
2026-05-25,149582833,595,0,20.0000000000,-20.0000000000,-20.0000000000,0E-7,1,1,0.50665070000000000,0.506650700000,-1.013391052207602,-1.013391052207602,-1.013391052207602,0E-17,ELIGIBLE,R03b_20260811_FULL_v1,L1_ELIGIBILITY,v2026-08-11,2026-03-21..2026-08-06,baccarat_bet02_101_all_pairs_incl_sentinel,round_win = game_pnl > 0 (decisive only),COMPATIBILITY_ONLY_NOT_PRODUCTION,780.0000,710.0000,-62.0000,34,34,0.07948718,,0.07948718,0.07948718,62.0000,780.0000,OK,0.0000,-2.4800,4.0000,96.0000,AG03-UNRESOLVED,ALL5_LEVELS_bet23_to_bet27,-2.4800,-3.1000,-3.1000,-3.1000,-3.1000,4.000000,5.000000,5.000000,5.000000,5.000000,96.000000,95.000000,95.000000,95.000000,95.000000,5.0,-14.8800,-13.5206,-47.1200,-48.4794,PENDING_AG03,FALSE,NOT_FOR_ENFORCEMENT,-59.5200,681.6000,-62.0000,-59.5200,-2.4800,-0.07948718,-0.07630769,-2.4800,-59.5200,-0.07630769,-2.4800,-3.1000,-3.1000,-3.1000,-3.1000,-59.5200,-0.07630769,-14.8800,-13.5206,-47.1200,-48.4794,-0.06041026,-0.06215309,-0.00317949,22.9412,20.8824,-1.8235,-31.0000,-2.8182,390.0000,17.0000,,22.9412,20.0,20.0,20.0,30.0,38.0,40.0,20.0,9.5,1.9,2.0,1.147059,15,20,1,2,0E-8,-0.07948718,,0E-8,0.000000,0.910256,0.000000,,2026-05-25,2026-05-26,2,22,21,2,1.000000,,,0.000000,,,,,,,,GLOBAL_BASELINE_NO_ENTITY_RANKING,,,NOT_APPLICABLE_GLOBAL_BASELINE,HF9g-P5,,,,X 全窗基线 · 不参与实体赏罚,3923914,393,A168_HF9F_20260827_0900,2026-08-27 09:00:00
2026-05-26,149582833,1485,0,20.0000000000,-20.0000000000,-20.0000000000,0E-7,1,1,0.50665070000000000,0.506650700000,-1.013391052207602,-1.013391052207602,-1.013391052207602,0E-17,ELIGIBLE,R03b_20260811_FULL_v1,L1_ELIGIBILITY,v2026-08-11,2026-03-21..2026-08-06,baccarat_bet02_101_all_pairs_incl_sentinel,round_win = game_pnl > 0 (decisive only),COMPATIBILITY_ONLY_NOT_PRODUCTION,780.0000,710.0000,-62.0000,34,34,0.07948718,,0.07948718,0.07948718,62.0000,780.0000,OK,0.0000,-2.4800,4.0000,96.0000,AG03-UNRESOLVED,ALL5_LEVELS_bet23_to_bet27,-2.4800,-3.1000,-3.1000,-3.1000,-3.1000,4.000000,5.000000,5.000000,5.000000,5.000000,96.000000,95.000000,95.000000,95.000000,95.000000,5.0,-14.8800,-13.5206,-47.1200,-48.4794,PENDING_AG03,FALSE,NOT_FOR_ENFORCEMENT,-59.5200,681.6000,-62.0000,-59.5200,-2.4800,-0.07948718,-0.07630769,-2.4800,-59.5200,-0.07630769,-2.4800,-3.1000,-3.1000,-3.1000,-3.1000,-59.5200,-0.07630769,-14.8800,-13.5206,-47.1200,-48.4794,-0.06041026,-0.06215309,-0.00317949,22.9412,20.8824,-1.8235,-31.0000,-2.8182,390.0000,17.0000,,22.9412,20.0,20.0,20.0,30.0,38.0,40.0,20.0,9.5,1.9,2.0,1.147059,15,20,1,2,0E-8,-0.07948718,,0E-8,0.000000,0.910256,0.000000,,2026-05-25,2026-05-26,2,22,21,2,1.000000,,,0.000000,,,,,,,,GLOBAL_BASELINE_NO_ENTITY_RANKING,,,NOT_APPLICABLE_GLOBAL_BASELINE,HF9g-P5,,,,X 全窗基线 · 不参与实体赏罚,3923915,393,A168_HF9F_20260827_0900,2026-08-27 09:00:00
2026-05-26,149582833,1966,0,30.0000000000,-30.0000000000,-30.0000000000,0E-7,1,1,0.50665070000000000,0.506650700000,-1.013391052207602,-1.013391052207602,-1.013391052207602,0E-17,ELIGIBLE,R03b_20260811_FULL_v1,L1_ELIGIBILITY,v2026-08-11,2026-03-21..2026-08-06,baccarat_bet02_101_all_pairs_incl_sentinel,round_win = game_pnl > 0 (decisive only),COMPATIBILITY_ONLY_NOT_PRODUCTION,780.0000,710.0000,-62.0000,34,34,0.07948718,,0.07948718,0.07948718,62.0000,780.0000,OK,0.0000,-2.4800,4.0000,96.0000,AG03-UNRESOLVED,ALL5_LEVELS_bet23_to_bet27,-2.4800,-3.1000,-3.1000,-3.1000,-3.1000,4.000000,5.000000,5.000000,5.000000,5.000000,96.000000,95.000000,95.000000,95.000000,95.000000,5.0,-14.8800,-13.5206,-47.1200,-48.4794,PENDING_AG03,FALSE,NOT_FOR_ENFORCEMENT,-59.5200,681.6000,-62.0000,-59.5200,-2.4800,-0.07948718,-0.07630769,-2.4800,-59.5200,-0.07630769,-2.4800,-3.1000,-3.1000,-3.1000,-3.1000,-59.5200,-0.07630769,-14.8800,-13.5206,-47.1200,-48.4794,-0.06041026,-0.06215309,-0.00317949,22.9412,20.8824,-1.8235,-31.0000,-2.8182,390.0000,17.0000,,22.9412,20.0,20.0,20.0,30.0,38.0,40.0,20.0,9.5,1.9,2.0,1.147059,15,20,1,2,0E-8,-0.07948718,,0E-8,0.000000,0.910256,0.000000,,2026-05-25,2026-05-26,2,22,21,2,1.000000,,,0.000000,,,,,,,,GLOBAL_BASELINE_NO_ENTITY_RANKING,,,NOT_APPLICABLE_GLOBAL_BASELINE,HF9g-P5,,,,X 全窗基线 · 不参与实体赏罚,3923916,393,A168_HF9F_20260827_0900,2026-08-27 09:00:00
2026-05-26,149582833,1985,0,20.0000000000,20.0000000000,20.0000000000,1.0000000,1,1,0.49324550000000000,0.493245500000,1.01360149184955,1.01360149184955,1.01360149184955,0E-17,ELIGIBLE,R03b_20260811_FULL_v1,L1_ELIGIBILITY,v2026-08-11,2026-03-21..2026-08-06,baccarat_bet02_101_all_pairs_incl_sentinel,round_win = game_pnl > 0 (decisive only),COMPATIBILITY_ONLY_NOT_PRODUCTION,780.0000,710.0000,-62.0000,34,34,0.07948718,,0.07948718,0.07948718,62.0000,780.0000,OK,0.0000,-2.4800,4.0000,96.0000,AG03-UNRESOLVED,ALL5_LEVELS_bet23_to_bet27,-2.4800,-3.1000,-3.1000,-3.1000,-3.1000,4.000000,5.000000,5.000000,5.000000,5.000000,96.000000,95.000000,95.000000,95.000000,95.000000,5.0,-14.8800,-13.5206,-47.1200,-48.4794,PENDING_AG03,FALSE,NOT_FOR_ENFORCEMENT,-59.5200,681.6000,-62.0000,-59.5200,-2.4800,-0.07948718,-0.07630769,-2.4800,-59.5200,-0.07630769,-2.4800,-3.1000,-3.1000,-3.1000,-3.1000,-59.5200,-0.07630769,-14.8800,-13.5206,-47.1200,-48.4794,-0.06041026,-0.06215309,-0.00317949,22.9412,20.8824,-1.8235,-31.0000,-2.8182,390.0000,17.0000,,22.9412,20.0,20.0,20.0,30.0,38.0,40.0,20.0,9.5,1.9,2.0,1.147059,15,20,1,2,0E-8,-0.07948718,,0E-8,0.000000,0.910256,0.000000,,2026-05-25,2026-05-26,2,22,21,2,1.000000,,,0.000000,,,,,,,,GLOBAL_BASELINE_NO_ENTITY_RANKING,,,NOT_APPLICABLE_GLOBAL_BASELINE,HF9g-P5,,,,X 全窗基线 · 不参与实体赏罚,3923917,393,A168_HF9F_20260827_0900,2026-08-27 09:00:00
2026-05-26,149582833,2088,0,20.0000000000,-20.0000000000,-20.0000000000,0E-7,1,1,0.50665070000000000,0.506650700000,-1.013391052207602,-1.013391052207602,-1.013391052207602,0E-17,ELIGIBLE,R03b_20260811_FULL_v1,L1_ELIGIBILITY,v2026-08-11,2026-03-21..2026-08-06,baccarat_bet02_101_all_pairs_incl_sentinel,round_win = game_pnl > 0 (decisive only),COMPATIBILITY_ONLY_NOT_PRODUCTION,780.0000,710.0000,-62.0000,34,34,0.07948718,,0.07948718,0.07948718,62.0000,780.0000,OK,0.0000,-2.4800,4.0000,96.0000,AG03-UNRESOLVED,ALL5_LEVELS_bet23_to_bet27,-2.4800,-3.1000,-3.1000,-3.1000,-3.1000,4.000000,5.000000,5.000000,5.000000,5.000000,96.000000,95.000000,95.000000,95.000000,95.000000,5.0,-14.8800,-13.5206,-47.1200,-48.4794,PENDING_AG03,FALSE,NOT_FOR_ENFORCEMENT,-59.5200,681.6000,-62.0000,-59.5200,-2.4800,-0.07948718,-0.07630769,-2.4800,-59.5200,-0.07630769,-2.4800,-3.1000,-3.1000,-3.1000,-3.1000,-59.5200,-0.07630769,-14.8800,-13.5206,-47.1200,-48.4794,-0.06041026,-0.06215309,-0.00317949,22.9412,20.8824,-1.8235,-31.0000,-2.8182,390.0000,17.0000,,22.9412,20.0,20.0,20.0,30.0,38.0,40.0,20.0,9.5,1.9,2.0,1.147059,15,20,1,2,0E-8,-0.07948718,,0E-8,0.000000,0.910256,0.000000,,2026-05-25,2026-05-26,2,22,21,2,1.000000,,,0.000000,,,,,,,,GLOBAL_BASELINE_NO_ENTITY_RANKING,,,NOT_APPLICABLE_GLOBAL_BASELINE,HF9g-P5,,,,X 全窗基线 · 不参与实体赏罚,3923918,393,A168_HF9F_20260827_0900,2026-08-27 09:00:00
2026-05-26,149582833,2101,0,30.0000000000,0E-10,0E-10,,1,1,0.50665070000000000,0.506650700000,,,,0E-17,NO_DECISIVE_ROUND,R03b_20260811_FULL_v1,L1_ELIGIBILITY,v2026-08-11,2026-03-21..2026-08-06,baccarat_bet02_101_all_pairs_incl_sentinel,round_win = game_pnl > 0 (decisive only),COMPATIBILITY_ONLY_NOT_PRODUCTION,780.0000,710.0000,-62.0000,34,34,0.07948718,,0.07948718,0.07948718,62.0000,780.0000,OK,0.0000,-2.4800,4.0000,96.0000,AG03-UNRESOLVED,ALL5_LEVELS_bet23_to_bet27,-2.4800,-3.1000,-3.1000,-3.1000,-3.1000,4.000000,5.000000,5.000000,5.000000,5.000000,96.000000,95.000000,95.000000,95.000000,95.000000,5.0,-14.8800,-13.5206,-47.1200,-48.4794,PENDING_AG03,FALSE,NOT_FOR_ENFORCEMENT,-59.5200,681.6000,-62.0000,-59.5200,-2.4800,-0.07948718,-0.07630769,-2.4800,-59.5200,-0.07630769,-2.4800,-3.1000,-3.1000,-3.1000,-3.1000,-59.5200,-0.07630769,-14.8800,-13.5206,-47.1200,-48.4794,-0.06041026,-0.06215309,-0.00317949,22.9412,20.8824,-1.8235,-31.0000,-2.8182,390.0000,17.0000,,22.9412,20.0,20.0,20.0,30.0,38.0,40.0,20.0,9.5,1.9,2.0,1.147059,15,20,1,2,0E-8,-0.07948718,,0E-8,0.000000,0.910256,0.000000,,2026-05-25,2026-05-26,2,22,21,2,1.000000,,,0.000000,,,,,,,,GLOBAL_BASELINE_NO_ENTITY_RANKING,,,NOT_APPLICABLE_GLOBAL_BASELINE,HF9g-P5,,,,X 全窗基线 · 不参与实体赏罚,3923919,393,A168_HF9F_20260827_0900,2026-08-27 09:00:00
2026-05-26,149582833,2175,0,20.0000000000,-20.0000000000,-20.0000000000,0E-7,1,1,0.50665070000000000,0.506650700000,-1.013391052207602,-1.013391052207602,-1.013391052207602,0E-17,ELIGIBLE,R03b_20260811_FULL_v1,L1_ELIGIBILITY,v2026-08-11,2026-03-21..2026-08-06,baccarat_bet02_101_all_pairs_incl_sentinel,round_win = game_pnl > 0 (decisive only),COMPATIBILITY_ONLY_NOT_PRODUCTION,780.0000,710.0000,-62.0000,34,34,0.07948718,,0.07948718,0.07948718,62.0000,780.0000,OK,0.0000,-2.4800,4.0000,96.0000,AG03-UNRESOLVED,ALL5_LEVELS_bet23_to_bet27,-2.4800,-3.1000,-3.1000,-3.1000,-3.1000,4.000000,5.000000,5.000000,5.000000,5.000000,96.000000,95.000000,95.000000,95.000000,95.000000,5.0,-14.8800,-13.5206,-47.1200,-48.4794,PENDING_AG03,FALSE,NOT_FOR_ENFORCEMENT,-59.5200,681.6000,-62.0000,-59.5200,-2.4800,-0.07948718,-0.07630769,-2.4800,-59.5200,-0.07630769,-2.4800,-3.1000,-3.1000,-3.1000,-3.1000,-59.5200,-0.07630769,-14.8800,-13.5206,-47.1200,-48.4794,-0.06041026,-0.06215309,-0.00317949,22.9412,20.8824,-1.8235,-31.0000,-2.8182,390.0000,17.0000,,22.9412,20.0,20.0,20.0,30.0,38.0,40.0,20.0,9.5,1.9,2.0,1.147059,15,20,1,2,0E-8,-0.07948718,,0E-8,0.000000,0.910256,0.000000,,2026-05-25,2026-05-26,2,22,21,2,1.000000,,,0.000000,,,,,,,,GLOBAL_BASELINE_NO_ENTITY_RANKING,,,NOT_APPLICABLE_GLOBAL_BASELINE,HF9g-P5,,,,X 全窗基线 · 不参与实体赏罚,3923920,393,A168_HF9F_20260827_0900,2026-08-27 09:00:00
2026-05-26,149582833,2271,0,30.0000000000,30.0000000000,30.0000000000,1.0000000,1,1,0.49324550000000000,0.493245500000,1.01360149184955,1.01360149184955,1.01360149184955,0E-17,ELIGIBLE,R03b_20260811_FULL_v1,L1_ELIGIBILITY,v2026-08-11,2026-03-21..2026-08-06,baccarat_bet02_101_all_pairs_incl_sentinel,round_win = game_pnl > 0 (decisive only),COMPATIBILITY_ONLY_NOT_PRODUCTION,780.0000,710.0000,-62.0000,34,34,0.07948718,,0.07948718,0.07948718,62.0000,780.0000,OK,0.0000,-2.4800,4.0000,96.0000,AG03-UNRESOLVED,ALL5_LEVELS_bet23_to_bet27,-2.4800,-3.1000,-3.1000,-3.1000,-3.1000,4.000000,5.000000,5.000000,5.000000,5.000000,96.000000,95.000000,95.000000,95.000000,95.000000,5.0,-14.8800,-13.5206,-47.1200,-48.4794,PENDING_AG03,FALSE,NOT_FOR_ENFORCEMENT,-59.5200,681.6000,-62.0000,-59.5200,-2.4800,-0.07948718,-0.07630769,-2.4800,-59.5200,-0.07630769,-2.4800,-3.1000,-3.1000,-3.1000,-3.1000,-59.5200,-0.07630769,-14.8800,-13.5206,-47.1200,-48.4794,-0.06041026,-0.06215309,-0.00317949,22.9412,20.8824,-1.8235,-31.0000,-2.8182,390.0000,17.0000,,22.9412,20.0,20.0,20.0,30.0,38.0,40.0,20.0,9.5,1.9,2.0,1.147059,15,20,1,2,0E-8,-0.07948718,,0E-8,0.000000,0.910256,0.000000,,2026-05-25,2026-05-26,2,22,21,2,1.000000,,,0.000000,,,,,,,,GLOBAL_BASELINE_NO_ENTITY_RANKING,,,NOT_APPLICABLE_GLOBAL_BASELINE,HF9g-P5,,,,X 全窗基线 · 不参与实体赏罚,3923921,393,A168_HF9F_20260827_0900,2026-08-27 09:00:00
2026-03-22,147631718,2246,0,30.5448034337,29.0175632620,29.0175632620,1.0000000,1,1,0.50665070000000000,0.506650700000,0.9867858985152569,0.9867858985152569,0.9867858985152569,0E-17,ELIGIBLE,R03b_20260811_FULL_v1,L1_ELIGIBILITY,v2026-08-11,2026-03-21..2026-08-06,baccarat_bet02_101_all_pairs_incl_sentinel,round_win = game_pnl > 0 (decisive only),COMPATIBILITY_ONLY_NOT_PRODUCTION,63.5265,63.5265,-61.9993,2,2,0.97595901,,0.97595901,0.97595901,61.9993,63.5265,THIN_EXPOSURE,0.0000,-2.4800,4.0000,96.0000,AG03-UNRESOLVED,ALL5_LEVELS_bet23_to_bet27,-2.4800,-2.4800,-3.1000,-3.1000,-3.1000,4.000000,4.000000,5.000000,5.000000,5.000000,96.000000,96.000000,95.000000,95.000000,95.000000,5.0,-14.2598,-13.0101,-47.7394,-48.9891,PENDING_AG03,FALSE,NOT_FOR_ENFORCEMENT,-59.5193,60.9854,-61.9993,-59.5193,-2.4800,-0.97595901,-0.93692065,-2.4800,-59.5193,-0.93692065,-2.4800,-2.4800,-3.1000,-3.1000,-3.1000,-59.5193,-0.93692065,-14.2598,-13.0101,-47.7394,-48.9891,-0.75148844,-0.77116065,-0.03903836,31.7633,31.7633,-30.9996,-30.9996,-30.9996,31.7633,1.0000,,31.7633,30.5448,31.7633,32.9817,32.9817,32.9817,32.9817,31.7633,30.9996,1.03836,1.03836,1.0,2,2,2,2,0E-8,-0.97595901,,0E-8,0.000000,1.000000,0.000000,,2026-03-22,2026-04-01,2,2,2,11,0.181818,,,0.000000,,,,,,,,GLOBAL_BASELINE_NO_ENTITY_RANKING,,,NOT_APPLICABLE_GLOBAL_BASELINE,HF9g-P5,,,,X 全窗基线 · 不参与实体赏罚,3923922,393,A168_HF9F_20260827_0900,2026-08-27 09:00:00
2026-04-01,147631718,2171,0,32.9817030076,32.9817030076,32.9817030076,1.0000000,1,1,0.49324550000000000,0.493245500000,1.01360149184955,1.01360149184955,1.01360149184955,0E-17,ELIGIBLE,R03b_20260811_FULL_v1,L1_ELIGIBILITY,v2026-08-11,2026-03-21..2026-08-06,baccarat_bet02_101_all_pairs_incl_sentinel,round_win = game_pnl > 0 (decisive only),COMPATIBILITY_ONLY_NOT_PRODUCTION,63.5265,63.5265,-61.9993,2,2,0.97595901,,0.97595901,0.97595901,61.9993,63.5265,THIN_EXPOSURE,0.0000,-2.4800,4.0000,96.0000,AG03-UNRESOLVED,ALL5_LEVELS_bet23_to_bet27,-2.4800,-2.4800,-3.1000,-3.1000,-3.1000,4.000000,4.000000,5.000000,5.000000,5.000000,96.000000,96.000000,95.000000,95.000000,95.000000,5.0,-14.2598,-13.0101,-47.7394,-48.9891,PENDING_AG03,FALSE,NOT_FOR_ENFORCEMENT,-59.5193,60.9854,-61.9993,-59.5193,-2.4800,-0.97595901,-0.93692065,-2.4800,-59.5193,-0.93692065,-2.4800,-2.4800,-3.1000,-3.1000,-3.1000,-59.5193,-0.93692065,-14.2598,-13.0101,-47.7394,-48.9891,-0.75148844,-0.77116065,-0.03903836,31.7633,31.7633,-30.9996,-30.9996,-30.9996,31.7633,1.0000,,31.7633,30.5448,31.7633,32.9817,32.9817,32.9817,32.9817,31.7633,30.9996,1.03836,1.03836,1.0,2,2,2,2,0E-8,-0.97595901,,0E-8,0.000000,1.000000,0.000000,,2026-03-22,2026-04-01,2,2,2,11,0.181818,,,0.000000,,,,,,,,GLOBAL_BASELINE_NO_ENTITY_RANKING,,,NOT_APPLICABLE_GLOBAL_BASELINE,HF9g-P5,,,,X 全窗基线 · 不参与实体赏罚,3923923,393,A168_HF9F_20260827_0900,2026-08-27 09:00:00
2026-06-16,134587347,1323,0,145.4001620176,142.2844442599,143.5930457180,1.0000000,7,7,0.49899058571428571,0.498990585714,2.6510980319085355,2.6510980319100503,2.6510980319085355,2.8571E-13,ELIGIBLE,R03b_20260811_FULL_v1,L1_ELIGIBILITY,v2026-08-11,2026-03-21..2026-08-06,baccarat_bet02_101_all_pairs_incl_sentinel,round_win = game_pnl > 0 (decisive only),COMPATIBILITY_ONLY_NOT_PRODUCTION,1016.0061,932.9203,-53.8114,49,45,0.05296367,-0.99100000,0.18019266,0.04469966,53.8114,1016.0061,OK,8.3963,-2.6906,5.0000,95.0000,AG03-UNRESOLVED,ALL5_LEVELS_bet23_to_bet27,-2.6906,-2.6906,-2.6906,-2.6906,-2.6906,5.000000,5.000000,5.000000,5.000000,5.000000,95.000000,95.000000,95.000000,95.000000,95.000000,5.0,-13.4529,-12.1732,-48.7548,-50.0345,PENDING_AG03,FALSE,NOT_FOR_ENFORCEMENT,-51.1208,886.2742,-62.2077,-59.5171,-11.0869,-0.06122767,-0.05857949,-2.6906,-59.5171,-0.05857949,-2.6906,-2.6906,-2.6906,-2.6906,-2.6906,-59.5171,-0.05857949,-13.4529,-12.1732,-48.7548,-50.0345,-0.04798676,-0.04924628,-0.01091219,20.7348,20.7316,-1.1958,-17.9371,-7.6873,338.6687,15.0000,22.0742,20.5826,10.3857,20.7715,20.7715,41.5429,42.5815,62.3144,20.439,0.0,2.049999,3.0,0.998236,5,10,3,3,0.10863199,-0.05296367,0.99100000,0.00900000,0.900000,0.918223,0.000000,-1.17119266,2026-06-16,2026-07-12,3,7,7,27,0.111111,1.072466,1.064594,0.362107,,,,,,,,GLOBAL_BASELINE_NO_ENTITY_RANKING,,,NOT_APPLICABLE_GLOBAL_BASELINE,HF9g-P5,,,,X 全窗基线 · 不参与实体赏罚,3923924,393,A168_HF9F_20260827_0900,2026-08-27 09:00:00
2026-06-16,134587347,948,0,415.4290343354,74.7772261803,78.1422013583,0.6250000,13,10,0.46513096199996281,0.439481435000,0.906563022797829,1.057224215846391,0.906563022797829,0.02564952699996281,ELIGIBLE,R03b_20260811_FULL_v1,L1_ELIGIBILITY,v2026-08-11,2026-03-21..2026-08-06,baccarat_bet02_101_all_pairs_incl_sentinel,round_win = game_pnl > 0 (decisive only),COMPATIBILITY_ONLY_NOT_PRODUCTION,1016.0061,932.9203,-53.8114,49,45,0.05296367,-0.99100000,0.18019266,0.04469966,53.8114,1016.0061,OK,8.3963,-2.6906,5.0000,95.0000,AG03-UNRESOLVED,ALL5_LEVELS_bet23_to_bet27,-2.6906,-2.6906,-2.6906,-2.6906,-2.6906,5.000000,5.000000,5.000000,5.000000,5.000000,95.000000,95.000000,95.000000,95.000000,95.000000,5.0,-13.4529,-12.1732,-48.7548,-50.0345,PENDING_AG03,FALSE,NOT_FOR_ENFORCEMENT,-51.1208,886.2742,-62.2077,-59.5171,-11.0869,-0.06122767,-0.05857949,-2.6906,-59.5171,-0.05857949,-2.6906,-2.6906,-2.6906,-2.6906,-2.6906,-59.5171,-0.05857949,-13.4529,-12.1732,-48.7548,-50.0345,-0.04798676,-0.04924628,-0.01091219,20.7348,20.7316,-1.1958,-17.9371,-7.6873,338.6687,15.0000,22.0742,20.5826,10.3857,20.7715,20.7715,41.5429,42.5815,62.3144,20.439,0.0,2.049999,3.0,0.998236,5,10,3,3,0.10863199,-0.05296367,0.99100000,0.00900000,0.900000,0.918223,0.000000,-1.17119266,2026-06-16,2026-07-12,3,7,7,27,0.111111,1.072466,1.064594,0.362107,,,,,,,,GLOBAL_BASELINE_NO_ENTITY_RANKING,,,NOT_APPLICABLE_GLOBAL_BASELINE,HF9g-P5,,,,X 全窗基线 · 不参与实体赏罚,3923925,393,A168_HF9F_20260827_0900,2026-08-27 09:00:00
2026-06-24,134587347,1710,0,41.5429034336,-41.5429034336,-41.1690173026,0E-7,2,2,0.50665070000000000,0.506650700000,-1.4331513700195317,-1.4331513700195317,-1.4331513700195317,0E-17,ELIGIBLE,R03b_20260811_FULL_v1,L1_ELIGIBILITY,v2026-08-11,2026-03-21..2026-08-06,baccarat_bet02_101_all_pairs_incl_sentinel,round_win = game_pnl > 0 (decisive only),COMPATIBILITY_ONLY_NOT_PRODUCTION,1016.0061,932.9203,-53.8114,49,45,0.05296367,-0.99100000,0.18019266,0.04469966,53.8114,1016.0061,OK,8.3963,-2.6906,5.0000,95.0000,AG03-UNRESOLVED,ALL5_LEVELS_bet23_to_bet27,-2.6906,-2.6906,-2.6906,-2.6906,-2.6906,5.000000,5.000000,5.000000,5.000000,5.000000,95.000000,95.000000,95.000000,95.000000,95.000000,5.0,-13.4529,-12.1732,-48.7548,-50.0345,PENDING_AG03,FALSE,NOT_FOR_ENFORCEMENT,-51.1208,886.2742,-62.2077,-59.5171,-11.0869,-0.06122767,-0.05857949,-2.6906,-59.5171,-0.05857949,-2.6906,-2.6906,-2.6906,-2.6906,-2.6906,-59.5171,-0.05857949,-13.4529,-12.1732,-48.7548,-50.0345,-0.04798676,-0.04924628,-0.01091219,20.7348,20.7316,-1.1958,-17.9371,-7.6873,338.6687,15.0000,22.0742,20.5826,10.3857,20.7715,20.7715,41.5429,42.5815,62.3144,20.439,0.0,2.049999,3.0,0.998236,5,10,3,3,0.10863199,-0.05296367,0.99100000,0.00900000,0.900000,0.918223,0.000000,-1.17119266,2026-06-16,2026-07-12,3,7,7,27,0.111111,1.072466,1.064594,0.362107,,,,,,,,GLOBAL_BASELINE_NO_ENTITY_RANKING,,,NOT_APPLICABLE_GLOBAL_BASELINE,HF9g-P5,,,,X 全窗基线 · 不参与实体赏罚,3923926,393,A168_HF9F_20260827_0900,2026-08-27 09:00:00
2026-06-24,134587347,1947,0,103.8572585840,19.7328791309,20.6675944581,0.5000000,6,6,0.50218230000000000,0.502182300000,-0.01069114476356389,-0.01069114476356389,-0.01069114476356389,0E-17,ELIGIBLE,R03b_20260811_FULL_v1,L1_ELIGIBILITY,v2026-08-11,2026-03-21..2026-08-06,baccarat_bet02_101_all_pairs_incl_sentinel,round_win = game_pnl > 0 (decisive only),COMPATIBILITY_ONLY_NOT_PRODUCTION,1016.0061,932.9203,-53.8114,49,45,0.05296367,-0.99100000,0.18019266,0.04469966,53.8114,1016.0061,OK,8.3963,-2.6906,5.0000,95.0000,AG03-UNRESOLVED,ALL5_LEVELS_bet23_to_bet27,-2.6906,-2.6906,-2.6906,-2.6906,-2.6906,5.000000,5.000000,5.000000,5.000000,5.000000,95.000000,95.000000,95.000000,95.000000,95.000000,5.0,-13.4529,-12.1732,-48.7548,-50.0345,PENDING_AG03,FALSE,NOT_FOR_ENFORCEMENT,-51.1208,886.2742,-62.2077,-59.5171,-11.0869,-0.06122767,-0.05857949,-2.6906,-59.5171,-0.05857949,-2.6906,-2.6906,-2.6906,-2.6906,-2.6906,-59.5171,-0.05857949,-13.4529,-12.1732,-48.7548,-50.0345,-0.04798676,-0.04924628,-0.01091219,20.7348,20.7316,-1.1958,-17.9371,-7.6873,338.6687,15.0000,22.0742,20.5826,10.3857,20.7715,20.7715,41.5429,42.5815,62.3144,20.439,0.0,2.049999,3.0,0.998236,5,10,3,3,0.10863199,-0.05296367,0.99100000,0.00900000,0.900000,0.918223,0.000000,-1.17119266,2026-06-16,2026-07-12,3,7,7,27,0.111111,1.072466,1.064594,0.362107,,,,,,,,GLOBAL_BASELINE_NO_ENTITY_RANKING,,,NOT_APPLICABLE_GLOBAL_BASELINE,HF9g-P5,,,,X 全窗基线 · 不参与实体赏罚,3923927,393,A168_HF9F_20260827_0900,2026-08-27 09:00:00
2026-06-24,134587347,2101,0,72.7000810088,-21.2907380097,-20.9168518789,0.2500000,7,6,0.50553360000000000,0.505533600000,-1.0221970027517306,-1.0221970027517306,-1.0221970027517306,0E-17,ELIGIBLE,R03b_20260811_FULL_v1,L1_ELIGIBILITY,v2026-08-11,2026-03-21..2026-08-06,baccarat_bet02_101_all_pairs_incl_sentinel,round_win = game_pnl > 0 (decisive only),COMPATIBILITY_ONLY_NOT_PRODUCTION,1016.0061,932.9203,-53.8114,49,45,0.05296367,-0.99100000,0.18019266,0.04469966,53.8114,1016.0061,OK,8.3963,-2.6906,5.0000,95.0000,AG03-UNRESOLVED,ALL5_LEVELS_bet23_to_bet27,-2.6906,-2.6906,-2.6906,-2.6906,-2.6906,5.000000,5.000000,5.000000,5.000000,5.000000,95.000000,95.000000,95.000000,95.000000,95.000000,5.0,-13.4529,-12.1732,-48.7548,-50.0345,PENDING_AG03,FALSE,NOT_FOR_ENFORCEMENT,-51.1208,886.2742,-62.2077,-59.5171,-11.0869,-0.06122767,-0.05857949,-2.6906,-59.5171,-0.05857949,-2.6906,-2.6906,-2.6906,-2.6906,-2.6906,-59.5171,-0.05857949,-13.4529,-12.1732,-48.7548,-50.0345,-0.04798676,-0.04924628,-0.01091219,20.7348,20.7316,-1.1958,-17.9371,-7.6873,338.6687,15.0000,22.0742,20.5826,10.3857,20.7715,20.7715,41.5429,42.5815,62.3144,20.439,0.0,2.049999,3.0,0.998236,5,10,3,3,0.10863199,-0.05296367,0.99100000,0.00900000,0.900000,0.918223,0.000000,-1.17119266,2026-06-16,2026-07-12,3,7,7,27,0.111111,1.072466,1.064594,0.362107,,,,,,,,GLOBAL_BASELINE_NO_ENTITY_RANKING,,,NOT_APPLICABLE_GLOBAL_BASELINE,HF9g-P5,,,,X 全窗基线 · 不参与实体赏罚,3923928,393,A168_HF9F_20260827_0900,2026-08-27 09:00:00
2026-06-24,134587347,2123,0,87.2400972105,21.2907380098,21.9824273519,0.6666667,7,7,0.50090561428571429,0.500905614286,0.8120613271247304,0.8120613271233317,0.8120613271247304,-2.8571E-13,ELIGIBLE,R03b_20260811_FULL_v1,L1_ELIGIBILITY,v2026-08-11,2026-03-21..2026-08-06,baccarat_bet02_101_all_pairs_incl_sentinel,round_win = game_pnl > 0 (decisive only),COMPATIBILITY_ONLY_NOT_PRODUCTION,1016.0061,932.9203,-53.8114,49,45,0.05296367,-0.99100000,0.18019266,0.04469966,53.8114,1016.0061,OK,8.3963,-2.6906,5.0000,95.0000,AG03-UNRESOLVED,ALL5_LEVELS_bet23_to_bet27,-2.6906,-2.6906,-2.6906,-2.6906,-2.6906,5.000000,5.000000,5.000000,5.000000,5.000000,95.000000,95.000000,95.000000,95.000000,95.000000,5.0,-13.4529,-12.1732,-48.7548,-50.0345,PENDING_AG03,FALSE,NOT_FOR_ENFORCEMENT,-51.1208,886.2742,-62.2077,-59.5171,-11.0869,-0.06122767,-0.05857949,-2.6906,-59.5171,-0.05857949,-2.6906,-2.6906,-2.6906,-2.6906,-2.6906,-59.5171,-0.05857949,-13.4529,-12.1732,-48.7548,-50.0345,-0.04798676,-0.04924628,-0.01091219,20.7348,20.7316,-1.1958,-17.9371,-7.6873,338.6687,15.0000,22.0742,20.5826,10.3857,20.7715,20.7715,41.5429,42.5815,62.3144,20.439,0.0,2.049999,3.0,0.998236,5,10,3,3,0.10863199,-0.05296367,0.99100000,0.00900000,0.900000,0.918223,0.000000,-1.17119266,2026-06-16,2026-07-12,3,7,7,27,0.111111,1.072466,1.064594,0.362107,,,,,,,,GLOBAL_BASELINE_NO_ENTITY_RANKING,,,NOT_APPLICABLE_GLOBAL_BASELINE,HF9g-P5,,,,X 全窗基线 · 不参与实体赏罚,3923929,393,A168_HF9F_20260827_0900,2026-08-27 09:00:00
2026-06-24,134587347,2130,0,39.4657582619,-39.4657582619,-39.1105664375,0E-7,2,2,0.50665070000000000,0.506650700000,-1.4331513700195317,-1.4331513700195317,-1.4331513700195317,0E-17,ELIGIBLE,R03b_20260811_FULL_v1,L1_ELIGIBILITY,v2026-08-11,2026-03-21..2026-08-06,baccarat_bet02_101_all_pairs_incl_sentinel,round_win = game_pnl > 0 (decisive only),COMPATIBILITY_ONLY_NOT_PRODUCTION,1016.0061,932.9203,-53.8114,49,45,0.05296367,-0.99100000,0.18019266,0.04469966,53.8114,1016.0061,OK,8.3963,-2.6906,5.0000,95.0000,AG03-UNRESOLVED,ALL5_LEVELS_bet23_to_bet27,-2.6906,-2.6906,-2.6906,-2.6906,-2.6906,5.000000,5.000000,5.000000,5.000000,5.000000,95.000000,95.000000,95.000000,95.000000,95.000000,5.0,-13.4529,-12.1732,-48.7548,-50.0345,PENDING_AG03,FALSE,NOT_FOR_ENFORCEMENT,-51.1208,886.2742,-62.2077,-59.5171,-11.0869,-0.06122767,-0.05857949,-2.6906,-59.5171,-0.05857949,-2.6906,-2.6906,-2.6906,-2.6906,-2.6906,-59.5171,-0.05857949,-13.4529,-12.1732,-48.7548,-50.0345,-0.04798676,-0.04924628,-0.01091219,20.7348,20.7316,-1.1958,-17.9371,-7.6873,338.6687,15.0000,22.0742,20.5826,10.3857,20.7715,20.7715,41.5429,42.5815,62.3144,20.439,0.0,2.049999,3.0,0.998236,5,10,3,3,0.10863199,-0.05296367,0.99100000,0.00900000,0.900000,0.918223,0.000000,-1.17119266,2026-06-16,2026-07-12,3,7,7,27,0.111111,1.072466,1.064594,0.362107,,,,,,,,GLOBAL_BASELINE_NO_ENTITY_RANKING,,,NOT_APPLICABLE_GLOBAL_BASELINE,HF9g-P5,,,,X 全窗基线 · 不参与实体赏罚,3923930,393,A168_HF9F_20260827_0900,2026-08-27 09:00:00
2026-07-12,134587347,1304,0,20.4390303724,-20.4390303724,-20.2550790990,0E-7,1,1,0.49324550000000000,0.493245500000,-0.9865810262130424,-0.9865810262130424,-0.9865810262130424,0E-17,ELIGIBLE,R03b_20260811_FULL_v1,L1_ELIGIBILITY,v2026-08-11,2026-03-21..2026-08-06,baccarat_bet02_101_all_pairs_incl_sentinel,round_win = game_pnl > 0 (decisive only),COMPATIBILITY_ONLY_NOT_PRODUCTION,1016.0061,932.9203,-53.8114,49,45,0.05296367,-0.99100000,0.18019266,0.04469966,53.8114,1016.0061,OK,8.3963,-2.6906,5.0000,95.0000,AG03-UNRESOLVED,ALL5_LEVELS_bet23_to_bet27,-2.6906,-2.6906,-2.6906,-2.6906,-2.6906,5.000000,5.000000,5.000000,5.000000,5.000000,95.000000,95.000000,95.000000,95.000000,95.000000,5.0,-13.4529,-12.1732,-48.7548,-50.0345,PENDING_AG03,FALSE,NOT_FOR_ENFORCEMENT,-51.1208,886.2742,-62.2077,-59.5171,-11.0869,-0.06122767,-0.05857949,-2.6906,-59.5171,-0.05857949,-2.6906,-2.6906,-2.6906,-2.6906,-2.6906,-59.5171,-0.05857949,-13.4529,-12.1732,-48.7548,-50.0345,-0.04798676,-0.04924628,-0.01091219,20.7348,20.7316,-1.1958,-17.9371,-7.6873,338.6687,15.0000,22.0742,20.5826,10.3857,20.7715,20.7715,41.5429,42.5815,62.3144,20.439,0.0,2.049999,3.0,0.998236,5,10,3,3,0.10863199,-0.05296367,0.99100000,0.00900000,0.900000,0.918223,0.000000,-1.17119266,2026-06-16,2026-07-12,3,7,7,27,0.111111,1.072466,1.064594,0.362107,,,,,,,,GLOBAL_BASELINE_NO_ENTITY_RANKING,,,NOT_APPLICABLE_GLOBAL_BASELINE,HF9g-P5,,,,X 全窗基线 · 不参与实体赏罚,3923931,393,A168_HF9F_20260827_0900,2026-08-27 09:00:00
2026-07-12,134587347,2280,0,40.8780607448,-40.8780607448,-40.5101581980,0E-7,2,2,0.50665070000000000,0.506650700000,-1.4331513700195317,-1.4331513700195317,-1.4331513700195317,0E-17,ELIGIBLE,R03b_20260811_FULL_v1,L1_ELIGIBILITY,v2026-08-11,2026-03-21..2026-08-06,baccarat_bet02_101_all_pairs_incl_sentinel,round_win = game_pnl > 0 (decisive only),COMPATIBILITY_ONLY_NOT_PRODUCTION,1016.0061,932.9203,-53.8114,49,45,0.05296367,-0.99100000,0.18019266,0.04469966,53.8114,1016.0061,OK,8.3963,-2.6906,5.0000,95.0000,AG03-UNRESOLVED,ALL5_LEVELS_bet23_to_bet27,-2.6906,-2.6906,-2.6906,-2.6906,-2.6906,5.000000,5.000000,5.000000,5.000000,5.000000,95.000000,95.000000,95.000000,95.000000,95.000000,5.0,-13.4529,-12.1732,-48.7548,-50.0345,PENDING_AG03,FALSE,NOT_FOR_ENFORCEMENT,-51.1208,886.2742,-62.2077,-59.5171,-11.0869,-0.06122767,-0.05857949,-2.6906,-59.5171,-0.05857949,-2.6906,-2.6906,-2.6906,-2.6906,-2.6906,-59.5171,-0.05857949,-13.4529,-12.1732,-48.7548,-50.0345,-0.04798676,-0.04924628,-0.01091219,20.7348,20.7316,-1.1958,-17.9371,-7.6873,338.6687,15.0000,22.0742,20.5826,10.3857,20.7715,20.7715,41.5429,42.5815,62.3144,20.439,0.0,2.049999,3.0,0.998236,5,10,3,3,0.10863199,-0.05296367,0.99100000,0.00900000,0.900000,0.918223,0.000000,-1.17119266,2026-06-16,2026-07-12,3,7,7,27,0.111111,1.072466,1.064594,0.362107,,,,,,,,GLOBAL_BASELINE_NO_ENTITY_RANKING,,,NOT_APPLICABLE_GLOBAL_BASELINE,HF9g-P5,,,,X 全窗基线 · 不参与实体赏罚,3923932,393,A168_HF9F_20260827_0900,2026-08-27 09:00:00
2026-07-12,134587347,763,0,49.0536728938,-49.0536728938,-48.6121898377,0E-7,2,2,0.49994810000000000,0.499948100000,-1.4140667746232096,-1.4140667746232096,-1.4140667746232096,0E-17,ELIGIBLE,R03b_20260811_FULL_v1,L1_ELIGIBILITY,v2026-08-11,2026-03-21..2026-08-06,baccarat_bet02_101_all_pairs_incl_sentinel,round_win = game_pnl > 0 (decisive only),COMPATIBILITY_ONLY_NOT_PRODUCTION,1016.0061,932.9203,-53.8114,49,45,0.05296367,-0.99100000,0.18019266,0.04469966,53.8114,1016.0061,OK,8.3963,-2.6906,5.0000,95.0000,AG03-UNRESOLVED,ALL5_LEVELS_bet23_to_bet27,-2.6906,-2.6906,-2.6906,-2.6906,-2.6906,5.000000,5.000000,5.000000,5.000000,5.000000,95.000000,95.000000,95.000000,95.000000,95.000000,5.0,-13.4529,-12.1732,-48.7548,-50.0345,PENDING_AG03,FALSE,NOT_FOR_ENFORCEMENT,-51.1208,886.2742,-62.2077,-59.5171,-11.0869,-0.06122767,-0.05857949,-2.6906,-59.5171,-0.05857949,-2.6906,-2.6906,-2.6906,-2.6906,-2.6906,-59.5171,-0.05857949,-13.4529,-12.1732,-48.7548,-50.0345,-0.04798676,-0.04924628,-0.01091219,20.7348,20.7316,-1.1958,-17.9371,-7.6873,338.6687,15.0000,22.0742,20.5826,10.3857,20.7715,20.7715,41.5429,42.5815,62.3144,20.439,0.0,2.049999,3.0,0.998236,5,10,3,3,0.10863199,-0.05296367,0.99100000,0.00900000,0.900000,0.918223,0.000000,-1.17119266,2026-06-16,2026-07-12,3,7,7,27,0.111111,1.072466,1.064594,0.362107,,,,,,,,GLOBAL_BASELINE_NO_ENTITY_RANKING,,,NOT_APPLICABLE_GLOBAL_BASELINE,HF9g-P5,,,,X 全窗基线 · 不参与实体赏罚,3923933,393,A168_HF9F_20260827_0900,2026-08-27 09:00:00
2026-05-21,150388009,1935,0,134.9177520629,-33.0807949769,-33.0807949769,0.4444444,11,9,0.38990469761898560,0.364833000000,0.3354720155584052,0.49614170875516816,0.3354720155584052,0.02507169761898560,ELIGIBLE,R03b_20260811_FULL_v1,L1_ELIGIBILITY,v2026-08-11,2026-03-21..2026-08-06,baccarat_bet02_101_all_pairs_incl_sentinel,round_win = game_pnl > 0 (decisive only),COMPATIBILITY_ONLY_NOT_PRODUCTION,339.7739,324.2064,-61.9956,36,30,0.18246147,,0.18246147,0.18246147,61.9956,339.7739,OK,0.0000,-2.4798,4.0000,96.0000,AG03-UNRESOLVED,ALL5_LEVELS_bet23_to_bet27,-2.4798,-2.4798,-2.4798,-3.0998,-3.0998,4.000000,4.000000,4.000000,5.000000,5.000000,96.000000,96.000000,96.000000,95.000000,95.000000,5.0,-13.6390,-12.4937,-48.3566,-49.5019,PENDING_AG03,FALSE,NOT_FOR_ENFORCEMENT,-59.5158,311.2382,-61.9956,-59.5158,-2.4798,-0.18246147,-0.17516302,-2.4798,-59.5158,-0.17516302,-2.4798,-2.4798,-2.4798,-3.0998,-3.0998,-59.5158,-0.17516302,-13.6390,-12.4937,-48.3566,-49.5019,-0.14231995,-0.14569079,-0.00729846,9.4382,10.8069,-2.0665,-15.4989,-12.3991,84.9435,7.5000,,9.4382,5.1891,5.1891,12.9729,24.6484,25.9457,25.9457,5.1891,-1.2973,5.0,5.0,1.818828,5,6,3,5,0E-8,-0.18246147,,0E-8,0.000000,0.954183,0.000000,,2026-05-21,2026-06-19,4,5,5,30,0.133333,,,0.000000,,,,,,,,GLOBAL_BASELINE_NO_ENTITY_RANKING,,,NOT_APPLICABLE_GLOBAL_BASELINE,HF9g-P5,,,,X 全窗基线 · 不参与实体赏罚,3923934,393,A168_HF9F_20260827_0900,2026-08-27 09:00:00
2026-05-21,150388009,2241,0,38.9185823258,11.6755746977,11.6755746977,0.5000000,2,2,0.50665070000000000,0.506650700000,-0.018812684590367487,-0.018812684590367487,-0.018812684590367487,0E-17,ELIGIBLE,R03b_20260811_FULL_v1,L1_ELIGIBILITY,v2026-08-11,2026-03-21..2026-08-06,baccarat_bet02_101_all_pairs_incl_sentinel,round_win = game_pnl > 0 (decisive only),COMPATIBILITY_ONLY_NOT_PRODUCTION,339.7739,324.2064,-61.9956,36,30,0.18246147,,0.18246147,0.18246147,61.9956,339.7739,OK,0.0000,-2.4798,4.0000,96.0000,AG03-UNRESOLVED,ALL5_LEVELS_bet23_to_bet27,-2.4798,-2.4798,-2.4798,-3.0998,-3.0998,4.000000,4.000000,4.000000,5.000000,5.000000,96.000000,96.000000,96.000000,95.000000,95.000000,5.0,-13.6390,-12.4937,-48.3566,-49.5019,PENDING_AG03,FALSE,NOT_FOR_ENFORCEMENT,-59.5158,311.2382,-61.9956,-59.5158,-2.4798,-0.18246147,-0.17516302,-2.4798,-59.5158,-0.17516302,-2.4798,-2.4798,-2.4798,-3.0998,-3.0998,-59.5158,-0.17516302,-13.6390,-12.4937,-48.3566,-49.5019,-0.14231995,-0.14569079,-0.00729846,9.4382,10.8069,-2.0665,-15.4989,-12.3991,84.9435,7.5000,,9.4382,5.1891,5.1891,12.9729,24.6484,25.9457,25.9457,5.1891,-1.2973,5.0,5.0,1.818828,5,6,3,5,0E-8,-0.18246147,,0E-8,0.000000,0.954183,0.000000,,2026-05-21,2026-06-19,4,5,5,30,0.133333,,,0.000000,,,,,,,,GLOBAL_BASELINE_NO_ENTITY_RANKING,,,NOT_APPLICABLE_GLOBAL_BASELINE,HF9g-P5,,,,X 全窗基线 · 不参与实体赏罚,3923935,393,A168_HF9F_20260827_0900,2026-08-27 09:00:00
2026-05-21,150388009,2250,0,101.1883140470,98.8531991074,98.8531991074,0.8750000,10,10,0.46008383000000000,0.460083830000,2.354635577369774,2.354635577369774,2.354635577369774,0E-17,ELIGIBLE,R03b_20260811_FULL_v1,L1_ELIGIBILITY,v2026-08-11,2026-03-21..2026-08-06,baccarat_bet02_101_all_pairs_incl_sentinel,round_win = game_pnl > 0 (decisive only),COMPATIBILITY_ONLY_NOT_PRODUCTION,339.7739,324.2064,-61.9956,36,30,0.18246147,,0.18246147,0.18246147,61.9956,339.7739,OK,0.0000,-2.4798,4.0000,96.0000,AG03-UNRESOLVED,ALL5_LEVELS_bet23_to_bet27,-2.4798,-2.4798,-2.4798,-3.0998,-3.0998,4.000000,4.000000,4.000000,5.000000,5.000000,96.000000,96.000000,96.000000,95.000000,95.000000,5.0,-13.6390,-12.4937,-48.3566,-49.5019,PENDING_AG03,FALSE,NOT_FOR_ENFORCEMENT,-59.5158,311.2382,-61.9956,-59.5158,-2.4798,-0.18246147,-0.17516302,-2.4798,-59.5158,-0.17516302,-2.4798,-2.4798,-2.4798,-3.0998,-3.0998,-59.5158,-0.17516302,-13.6390,-12.4937,-48.3566,-49.5019,-0.14231995,-0.14569079,-0.00729846,9.4382,10.8069,-2.0665,-15.4989,-12.3991,84.9435,7.5000,,9.4382,5.1891,5.1891,12.9729,24.6484,25.9457,25.9457,5.1891,-1.2973,5.0,5.0,1.818828,5,6,3,5,0E-8,-0.18246147,,0E-8,0.000000,0.954183,0.000000,,2026-05-21,2026-06-19,4,5,5,30,0.133333,,,0.000000,,,,,,,,GLOBAL_BASELINE_NO_ENTITY_RANKING,,,NOT_APPLICABLE_GLOBAL_BASELINE,HF9g-P5,,,,X 全窗基线 · 不参与实体赏罚,3923936,393,A168_HF9F_20260827_0900,2026-08-27 09:00:00
2026-05-22,150388009,2267,0,5.1891443102,-5.1891443102,-5.1891443102,0E-7,2,2,0.49994810000000000,0.499948100000,-1.4140667746232096,-1.4140667746232096,-1.4140667746232096,0E-17,ELIGIBLE,R03b_20260811_FULL_v1,L1_ELIGIBILITY,v2026-08-11,2026-03-21..2026-08-06,baccarat_bet02_101_all_pairs_incl_sentinel,round_win = game_pnl > 0 (decisive only),COMPATIBILITY_ONLY_NOT_PRODUCTION,339.7739,324.2064,-61.9956,36,30,0.18246147,,0.18246147,0.18246147,61.9956,339.7739,OK,0.0000,-2.4798,4.0000,96.0000,AG03-UNRESOLVED,ALL5_LEVELS_bet23_to_bet27,-2.4798,-2.4798,-2.4798,-3.0998,-3.0998,4.000000,4.000000,4.000000,5.000000,5.000000,96.000000,96.000000,96.000000,95.000000,95.000000,5.0,-13.6390,-12.4937,-48.3566,-49.5019,PENDING_AG03,FALSE,NOT_FOR_ENFORCEMENT,-59.5158,311.2382,-61.9956,-59.5158,-2.4798,-0.18246147,-0.17516302,-2.4798,-59.5158,-0.17516302,-2.4798,-2.4798,-2.4798,-3.0998,-3.0998,-59.5158,-0.17516302,-13.6390,-12.4937,-48.3566,-49.5019,-0.14231995,-0.14569079,-0.00729846,9.4382,10.8069,-2.0665,-15.4989,-12.3991,84.9435,7.5000,,9.4382,5.1891,5.1891,12.9729,24.6484,25.9457,25.9457,5.1891,-1.2973,5.0,5.0,1.818828,5,6,3,5,0E-8,-0.18246147,,0E-8,0.000000,0.954183,0.000000,,2026-05-21,2026-06-19,4,5,5,30,0.133333,,,0.000000,,,,,,,,GLOBAL_BASELINE_NO_ENTITY_RANKING,,,NOT_APPLICABLE_GLOBAL_BASELINE,HF9g-P5,,,,X 全窗基线 · 不参与实体赏罚,3923937,393,A168_HF9F_20260827_0900,2026-08-27 09:00:00
2026-05-26,150388009,2093,0,46.7022987912,2.5945721548,2.5945721548,0.5000000,10,6,0.32337685555438901,0.277976750000,0.9249012067248134,1.2139317013706796,0.9249012067248134,0.04540010555438901,ELIGIBLE,R03b_20260811_FULL_v1,L1_ELIGIBILITY,v2026-08-11,2026-03-21..2026-08-06,baccarat_bet02_101_all_pairs_incl_sentinel,round_win = game_pnl > 0 (decisive only),COMPATIBILITY_ONLY_NOT_PRODUCTION,339.7739,324.2064,-61.9956,36,30,0.18246147,,0.18246147,0.18246147,61.9956,339.7739,OK,0.0000,-2.4798,4.0000,96.0000,AG03-UNRESOLVED,ALL5_LEVELS_bet23_to_bet27,-2.4798,-2.4798,-2.4798,-3.0998,-3.0998,4.000000,4.000000,4.000000,5.000000,5.000000,96.000000,96.000000,96.000000,95.000000,95.000000,5.0,-13.6390,-12.4937,-48.3566,-49.5019,PENDING_AG03,FALSE,NOT_FOR_ENFORCEMENT,-59.5158,311.2382,-61.9956,-59.5158,-2.4798,-0.18246147,-0.17516302,-2.4798,-59.5158,-0.17516302,-2.4798,-2.4798,-2.4798,-3.0998,-3.0998,-59.5158,-0.17516302,-13.6390,-12.4937,-48.3566,-49.5019,-0.14231995,-0.14569079,-0.00729846,9.4382,10.8069,-2.0665,-15.4989,-12.3991,84.9435,7.5000,,9.4382,5.1891,5.1891,12.9729,24.6484,25.9457,25.9457,5.1891,-1.2973,5.0,5.0,1.818828,5,6,3,5,0E-8,-0.18246147,,0E-8,0.000000,0.954183,0.000000,,2026-05-21,2026-06-19,4,5,5,30,0.133333,,,0.000000,,,,,,,,GLOBAL_BASELINE_NO_ENTITY_RANKING,,,NOT_APPLICABLE_GLOBAL_BASELINE,HF9g-P5,,,,X 全窗基线 · 不参与实体赏罚,3923938,393,A168_HF9F_20260827_0900,2026-08-27 09:00:00
2026-06-19,150388009,1400,0,12.8577673773,-12.8577673773,-12.8577673773,0E-7,1,1,0.49324550000000000,0.493245500000,-0.9865810262130424,-0.9865810262130424,-0.9865810262130424,0E-17,ELIGIBLE,R03b_20260811_FULL_v1,L1_ELIGIBILITY,v2026-08-11,2026-03-21..2026-08-06,baccarat_bet02_101_all_pairs_incl_sentinel,round_win = game_pnl > 0 (decisive only),COMPATIBILITY_ONLY_NOT_PRODUCTION,339.7739,324.2064,-61.9956,36,30,0.18246147,,0.18246147,0.18246147,61.9956,339.7739,OK,0.0000,-2.4798,4.0000,96.0000,AG03-UNRESOLVED,ALL5_LEVELS_bet23_to_bet27,-2.4798,-2.4798,-2.4798,-3.0998,-3.0998,4.000000,4.000000,4.000000,5.000000,5.000000,96.000000,96.000000,96.000000,95.000000,95.000000,5.0,-13.6390,-12.4937,-48.3566,-49.5019,PENDING_AG03,FALSE,NOT_FOR_ENFORCEMENT,-59.5158,311.2382,-61.9956,-59.5158,-2.4798,-0.18246147,-0.17516302,-2.4798,-59.5158,-0.17516302,-2.4798,-2.4798,-2.4798,-3.0998,-3.0998,-59.5158,-0.17516302,-13.6390,-12.4937,-48.3566,-49.5019,-0.14231995,-0.14569079,-0.00729846,9.4382,10.8069,-2.0665,-15.4989,-12.3991,84.9435,7.5000,,9.4382,5.1891,5.1891,12.9729,24.6484,25.9457,25.9457,5.1891,-1.2973,5.0,5.0,1.818828,5,6,3,5,0E-8,-0.18246147,,0E-8,0.000000,0.954183,0.000000,,2026-05-21,2026-06-19,4,5,5,30,0.133333,,,0.000000,,,,,,,,GLOBAL_BASELINE_NO_ENTITY_RANKING,,,NOT_APPLICABLE_GLOBAL_BASELINE,HF9g-P5,,,,X 全窗基线 · 不参与实体赏罚,3923939,393,A168_HF9F_20260827_0900,2026-08-27 09:00:00
2026-03-24,147740971,2151,0,61.3529241383,61.3529241383,61.3529241383,1.0000000,1,1,0.49324550000000000,0.493245500000,1.01360149184955,1.01360149184955,1.01360149184955,0E-17,ELIGIBLE,R03b_20260811_FULL_v1,L1_ELIGIBILITY,v2026-08-11,2026-03-21..2026-08-06,baccarat_bet02_101_all_pairs_incl_sentinel,round_win = game_pnl > 0 (decisive only),COMPATIBILITY_ONLY_NOT_PRODUCTION,61.3529,61.3529,-61.3529,1,1,1.00000000,,1.00000000,1.00000000,61.3529,61.3529,THIN_EXPOSURE,0.0000,-1.8406,3.0000,97.0000,AG03-UNRESOLVED,ALL5_LEVELS_bet23_to_bet27,-1.8406,-1.8406,-1.8406,-2.4541,-2.4541,3.000000,3.000000,3.000000,4.000000,4.000000,97.000000,97.000000,97.000000,96.000000,96.000000,5.0,-10.4300,-9.7478,-50.9229,-51.6051,PENDING_AG03,FALSE,NOT_FOR_ENFORCEMENT,-59.5123,59.5123,-61.3529,-59.5123,-1.8406,-1.00000000,-0.97000000,-1.8406,-59.5123,-0.97000000,-1.8406,-1.8406,-1.8406,-2.4541,-2.4541,-59.5123,-0.97000000,-10.4300,-9.7478,-50.9229,-51.6051,-0.83000000,-0.84111944,-0.03000000,61.3529,61.3529,-61.3529,-61.3529,-61.3529,61.3529,1.0000,,61.3529,61.3529,61.3529,61.3529,61.3529,61.3529,61.3529,61.3529,61.3529,1.0,1.0,1.0,1,1,1,1,0E-8,-1.00000000,,0E-8,0.000000,1.000000,0.000000,,2026-03-24,2026-03-24,1,1,1,1,1.000000,,,0.000000,,,,,,,,GLOBAL_BASELINE_NO_ENTITY_RANKING,,,NOT_APPLICABLE_GLOBAL_BASELINE,HF9g-P5,,,,X 全窗基线 · 不参与实体赏罚,3923940,393,A168_HF9F_20260827_0900,2026-08-27 09:00:00
2026-03-27,147842145,1384,0,21.5920162203,21.5920162203,21.5920162203,1.0000000,1,1,0.49324550000000000,0.493245500000,1.01360149184955,1.01360149184955,1.01360149184955,0E-17,ELIGIBLE,R03b_20260811_FULL_v1,L1_ELIGIBILITY,v2026-08-11,2026-03-21..2026-08-06,baccarat_bet02_101_all_pairs_incl_sentinel,round_win = game_pnl > 0 (decisive only),COMPATIBILITY_ONLY_NOT_PRODUCTION,68.1992,68.1992,-61.3529,3,3,0.89961390,,0.89961390,0.89961390,61.3529,68.1992,THIN_EXPOSURE,0.0000,-1.8406,3.0000,97.0000,AG03-UNRESOLVED,ALL5_LEVELS_bet23_to_bet27,-1.8406,-1.8406,-1.8406,-2.4541,-2.4541,3.000000,3.000000,3.000000,4.000000,4.000000,97.000000,97.000000,97.000000,96.000000,96.000000,5.0,-10.4300,-9.7478,-50.9229,-51.6051,PENDING_AG03,FALSE,NOT_FOR_ENFORCEMENT,-59.5123,66.1532,-61.3529,-59.5123,-1.8406,-0.89961390,-0.87262548,-1.8406,-59.5123,-0.87262548,-1.8406,-1.8406,-1.8406,-2.4541,-2.4541,-59.5123,-0.87262548,-10.4300,-9.7478,-50.9229,-51.6051,-0.74667954,-0.75668274,-0.02698842,22.7331,22.7331,-20.4510,-61.3529,-20.4510,68.1992,3.0000,,22.7331,7.9653,21.592,37.786,43.184,43.184,43.184,21.592,21.592,2.0,2.0,1.052846,2,2,1,2,0E-8,-0.89961390,,0E-8,0.000000,1.000000,0.000000,,2026-03-27,2026-03-27,1,3,2,1,1.000000,,,0.000000,,,,,,,,GLOBAL_BASELINE_NO_ENTITY_RANKING,,,NOT_APPLICABLE_GLOBAL_BASELINE,HF9g-P5,,,,X 全窗基线 · 不参与实体赏罚,3923941,393,A168_HF9F_20260827_0900,2026-08-27 09:00:00
2026-03-27,147842145,2177,0,46.6071569634,39.7609079180,39.7609079180,0.5000000,2,2,0.29392415000000000,0.293924150000,0.6397330434626627,0.6397330434626627,0.6397330434626627,0E-17,ELIGIBLE,R03b_20260811_FULL_v1,L1_ELIGIBILITY,v2026-08-11,2026-03-21..2026-08-06,baccarat_bet02_101_all_pairs_incl_sentinel,round_win = game_pnl > 0 (decisive only),COMPATIBILITY_ONLY_NOT_PRODUCTION,68.1992,68.1992,-61.3529,3,3,0.89961390,,0.89961390,0.89961390,61.3529,68.1992,THIN_EXPOSURE,0.0000,-1.8406,3.0000,97.0000,AG03-UNRESOLVED,ALL5_LEVELS_bet23_to_bet27,-1.8406,-1.8406,-1.8406,-2.4541,-2.4541,3.000000,3.000000,3.000000,4.000000,4.000000,97.000000,97.000000,97.000000,96.000000,96.000000,5.0,-10.4300,-9.7478,-50.9229,-51.6051,PENDING_AG03,FALSE,NOT_FOR_ENFORCEMENT,-59.5123,66.1532,-61.3529,-59.5123,-1.8406,-0.89961390,-0.87262548,-1.8406,-59.5123,-0.87262548,-1.8406,-1.8406,-1.8406,-2.4541,-2.4541,-59.5123,-0.87262548,-10.4300,-9.7478,-50.9229,-51.6051,-0.74667954,-0.75668274,-0.02698842,22.7331,22.7331,-20.4510,-61.3529,-20.4510,68.1992,3.0000,,22.7331,7.9653,21.592,37.786,43.184,43.184,43.184,21.592,21.592,2.0,2.0,1.052846,2,2,1,2,0E-8,-0.89961390,,0E-8,0.000000,1.000000,0.000000,,2026-03-27,2026-03-27,1,3,2,1,1.000000,,,0.000000,,,,,,,,GLOBAL_BASELINE_NO_ENTITY_RANKING,,,NOT_APPLICABLE_GLOBAL_BASELINE,HF9g-P5,,,,X 全窗基线 · 不参与实体赏罚,3923942,393,A168_HF9F_20260827_0900,2026-08-27 09:00:00
2026-03-25,147759358,-1,1,7.8995181294,2.5015140743,2.5015140743,0.6666667,3,3,0.49771390000000000,0.497713900000,0.5852756695216578,0.5852756695216578,0.5852756695216578,0E-17,SENTINEL_DEALER,R03b_20260811_FULL_v1,L1_ELIGIBILITY,v2026-08-11,2026-03-21..2026-08-06,baccarat_bet02_101_all_pairs_incl_sentinel,round_win = game_pnl > 0 (decisive only),COMPATIBILITY_ONLY_NOT_PRODUCTION,105.3269,89.5279,-61.3529,14,14,0.58250000,,0.58250000,0.58250000,61.3529,105.3269,THIN_EXPOSURE,0.0000,-1.8406,3.0000,97.0000,AG03-UNRESOLVED,ALL5_LEVELS_bet23_to_bet27,-1.8406,-1.8406,-1.8406,-2.4541,-2.4541,3.000000,3.000000,3.000000,4.000000,4.000000,97.000000,97.000000,97.000000,96.000000,96.000000,5.0,-10.4300,-9.7478,-50.9229,-51.6051,PENDING_AG03,FALSE,NOT_FOR_ENFORCEMENT,-59.5123,86.8420,-61.3529,-59.5123,-1.8406,-0.58250000,-0.56502500,-1.8406,-59.5123,-0.56502500,-1.8406,-1.8406,-1.8406,-2.4541,-2.4541,-59.5123,-0.56502500,-10.4300,-9.7478,-50.9229,-51.6051,-0.48347500,-0.48995207,-0.01747500,7.5234,6.3948,-4.3824,-61.3529,-6.8170,105.3269,14.0000,,7.5234,2.6332,2.6332,13.1659,21.8553,27.385,28.9649,2.6332,1.2508,10.4,11.0,2.857143,9,8,1,2,0E-8,-0.58250000,,0E-8,0.000000,0.850000,0.000000,,2026-03-25,2026-03-25,1,9,9,1,1.000000,,,0.000000,,,,,,,,GLOBAL_BASELINE_NO_ENTITY_RANKING,,,NOT_APPLICABLE_GLOBAL_BASELINE,HF9g-P5,,,,X 全窗基线 · 不参与实体赏罚,3923943,393,A168_HF9F_20260827_0900,2026-08-27 09:00:00
2026-03-25,147759358,1318,0,26.3317270980,12.5075703715,12.5075703715,1.0000000,2,2,0.50665070000000000,0.506650700000,0.9867858985152569,0.9867858985152569,0.9867858985152569,0E-17,ELIGIBLE,R03b_20260811_FULL_v1,L1_ELIGIBILITY,v2026-08-11,2026-03-21..2026-08-06,baccarat_bet02_101_all_pairs_incl_sentinel,round_win = game_pnl > 0 (decisive only),COMPATIBILITY_ONLY_NOT_PRODUCTION,105.3269,89.5279,-61.3529,14,14,0.58250000,,0.58250000,0.58250000,61.3529,105.3269,THIN_EXPOSURE,0.0000,-1.8406,3.0000,97.0000,AG03-UNRESOLVED,ALL5_LEVELS_bet23_to_bet27,-1.8406,-1.8406,-1.8406,-2.4541,-2.4541,3.000000,3.000000,3.000000,4.000000,4.000000,97.000000,97.000000,97.000000,96.000000,96.000000,5.0,-10.4300,-9.7478,-50.9229,-51.6051,PENDING_AG03,FALSE,NOT_FOR_ENFORCEMENT,-59.5123,86.8420,-61.3529,-59.5123,-1.8406,-0.58250000,-0.56502500,-1.8406,-59.5123,-0.56502500,-1.8406,-1.8406,-1.8406,-2.4541,-2.4541,-59.5123,-0.56502500,-10.4300,-9.7478,-50.9229,-51.6051,-0.48347500,-0.48995207,-0.01747500,7.5234,6.3948,-4.3824,-61.3529,-6.8170,105.3269,14.0000,,7.5234,2.6332,2.6332,13.1659,21.8553,27.385,28.9649,2.6332,1.2508,10.4,11.0,2.857143,9,8,1,2,0E-8,-0.58250000,,0E-8,0.000000,0.850000,0.000000,,2026-03-25,2026-03-25,1,9,9,1,1.000000,,,0.000000,,,,,,,,GLOBAL_BASELINE_NO_ENTITY_RANKING,,,NOT_APPLICABLE_GLOBAL_BASELINE,HF9g-P5,,,,X 全窗基线 · 不参与实体赏罚,3923944,393,A168_HF9F_20260827_0900,2026-08-27 09:00:00
2026-03-25,147759358,1325,0,21.0653816784,20.0121125945,20.0121125945,1.0000000,1,1,0.50665070000000000,0.506650700000,0.9867858985152569,0.9867858985152569,0.9867858985152569,0E-17,ELIGIBLE,R03b_20260811_FULL_v1,L1_ELIGIBILITY,v2026-08-11,2026-03-21..2026-08-06,baccarat_bet02_101_all_pairs_incl_sentinel,round_win = game_pnl > 0 (decisive only),COMPATIBILITY_ONLY_NOT_PRODUCTION,105.3269,89.5279,-61.3529,14,14,0.58250000,,0.58250000,0.58250000,61.3529,105.3269,THIN_EXPOSURE,0.0000,-1.8406,3.0000,97.0000,AG03-UNRESOLVED,ALL5_LEVELS_bet23_to_bet27,-1.8406,-1.8406,-1.8406,-2.4541,-2.4541,3.000000,3.000000,3.000000,4.000000,4.000000,97.000000,97.000000,97.000000,96.000000,96.000000,5.0,-10.4300,-9.7478,-50.9229,-51.6051,PENDING_AG03,FALSE,NOT_FOR_ENFORCEMENT,-59.5123,86.8420,-61.3529,-59.5123,-1.8406,-0.58250000,-0.56502500,-1.8406,-59.5123,-0.56502500,-1.8406,-1.8406,-1.8406,-2.4541,-2.4541,-59.5123,-0.56502500,-10.4300,-9.7478,-50.9229,-51.6051,-0.48347500,-0.48995207,-0.01747500,7.5234,6.3948,-4.3824,-61.3529,-6.8170,105.3269,14.0000,,7.5234,2.6332,2.6332,13.1659,21.8553,27.385,28.9649,2.6332,1.2508,10.4,11.0,2.857143,9,8,1,2,0E-8,-0.58250000,,0E-8,0.000000,0.850000,0.000000,,2026-03-25,2026-03-25,1,9,9,1,1.000000,,,0.000000,,,,,,,,GLOBAL_BASELINE_NO_ENTITY_RANKING,,,NOT_APPLICABLE_GLOBAL_BASELINE,HF9g-P5,,,,X 全窗基线 · 不参与实体赏罚,3923945,393,A168_HF9F_20260827_0900,2026-08-27 09:00:00
2026-03-25,147759358,1396,0,36.8644179372,36.8644179372,36.8644179372,1.0000000,3,3,0.49324550000000000,0.493245500000,1.755609282511032,1.7556092825110319,1.755609282511032,0E-17,ELIGIBLE,R03b_20260811_FULL_v1,L1_ELIGIBILITY,v2026-08-11,2026-03-21..2026-08-06,baccarat_bet02_101_all_pairs_incl_sentinel,round_win = game_pnl > 0 (decisive only),COMPATIBILITY_ONLY_NOT_PRODUCTION,105.3269,89.5279,-61.3529,14,14,0.58250000,,0.58250000,0.58250000,61.3529,105.3269,THIN_EXPOSURE,0.0000,-1.8406,3.0000,97.0000,AG03-UNRESOLVED,ALL5_LEVELS_bet23_to_bet27,-1.8406,-1.8406,-1.8406,-2.4541,-2.4541,3.000000,3.000000,3.000000,4.000000,4.000000,97.000000,97.000000,97.000000,96.000000,96.000000,5.0,-10.4300,-9.7478,-50.9229,-51.6051,PENDING_AG03,FALSE,NOT_FOR_ENFORCEMENT,-59.5123,86.8420,-61.3529,-59.5123,-1.8406,-0.58250000,-0.56502500,-1.8406,-59.5123,-0.56502500,-1.8406,-1.8406,-1.8406,-2.4541,-2.4541,-59.5123,-0.56502500,-10.4300,-9.7478,-50.9229,-51.6051,-0.48347500,-0.48995207,-0.01747500,7.5234,6.3948,-4.3824,-61.3529,-6.8170,105.3269,14.0000,,7.5234,2.6332,2.6332,13.1659,21.8553,27.385,28.9649,2.6332,1.2508,10.4,11.0,2.857143,9,8,1,2,0E-8,-0.58250000,,0E-8,0.000000,0.850000,0.000000,,2026-03-25,2026-03-25,1,9,9,1,1.000000,,,0.000000,,,,,,,,GLOBAL_BASELINE_NO_ENTITY_RANKING,,,NOT_APPLICABLE_GLOBAL_BASELINE,HF9g-P5,,,,X 全窗基线 · 不参与实体赏罚,3923946,393,A168_HF9F_20260827_0900,2026-08-27 09:00:00
2026-03-25,147759358,2155,0,2.6331727098,-2.6331727098,-2.6331727098,0E-7,1,1,0.50665070000000000,0.506650700000,-1.013391052207602,-1.013391052207602,-1.013391052207602,0E-17,ELIGIBLE,R03b_20260811_FULL_v1,L1_ELIGIBILITY,v2026-08-11,2026-03-21..2026-08-06,baccarat_bet02_101_all_pairs_incl_sentinel,round_win = game_pnl > 0 (decisive only),COMPATIBILITY_ONLY_NOT_PRODUCTION,105.3269,89.5279,-61.3529,14,14,0.58250000,,0.58250000,0.58250000,61.3529,105.3269,THIN_EXPOSURE,0.0000,-1.8406,3.0000,97.0000,AG03-UNRESOLVED,ALL5_LEVELS_bet23_to_bet27,-1.8406,-1.8406,-1.8406,-2.4541,-2.4541,3.000000,3.000000,3.000000,4.000000,4.000000,97.000000,97.000000,97.000000,96.000000,96.000000,5.0,-10.4300,-9.7478,-50.9229,-51.6051,PENDING_AG03,FALSE,NOT_FOR_ENFORCEMENT,-59.5123,86.8420,-61.3529,-59.5123,-1.8406,-0.58250000,-0.56502500,-1.8406,-59.5123,-0.56502500,-1.8406,-1.8406,-1.8406,-2.4541,-2.4541,-59.5123,-0.56502500,-10.4300,-9.7478,-50.9229,-51.6051,-0.48347500,-0.48995207,-0.01747500,7.5234,6.3948,-4.3824,-61.3529,-6.8170,105.3269,14.0000,,7.5234,2.6332,2.6332,13.1659,21.8553,27.385,28.9649,2.6332,1.2508,10.4,11.0,2.857143,9,8,1,2,0E-8,-0.58250000,,0E-8,0.000000,0.850000,0.000000,,2026-03-25,2026-03-25,1,9,9,1,1.000000,,,0.000000,,,,,,,,GLOBAL_BASELINE_NO_ENTITY_RANKING,,,NOT_APPLICABLE_GLOBAL_BASELINE,HF9g-P5,,,,X 全窗基线 · 不参与实体赏罚,3923947,393,A168_HF9F_20260827_0900,2026-08-27 09:00:00
2026-03-25,147759358,2222,0,2.6331727098,-2.6331727098,-2.6331727098,0E-7,1,1,0.50665070000000000,0.506650700000,-1.013391052207602,-1.013391052207602,-1.013391052207602,0E-17,ELIGIBLE,R03b_20260811_FULL_v1,L1_ELIGIBILITY,v2026-08-11,2026-03-21..2026-08-06,baccarat_bet02_101_all_pairs_incl_sentinel,round_win = game_pnl > 0 (decisive only),COMPATIBILITY_ONLY_NOT_PRODUCTION,105.3269,89.5279,-61.3529,14,14,0.58250000,,0.58250000,0.58250000,61.3529,105.3269,THIN_EXPOSURE,0.0000,-1.8406,3.0000,97.0000,AG03-UNRESOLVED,ALL5_LEVELS_bet23_to_bet27,-1.8406,-1.8406,-1.8406,-2.4541,-2.4541,3.000000,3.000000,3.000000,4.000000,4.000000,97.000000,97.000000,97.000000,96.000000,96.000000,5.0,-10.4300,-9.7478,-50.9229,-51.6051,PENDING_AG03,FALSE,NOT_FOR_ENFORCEMENT,-59.5123,86.8420,-61.3529,-59.5123,-1.8406,-0.58250000,-0.56502500,-1.8406,-59.5123,-0.56502500,-1.8406,-1.8406,-1.8406,-2.4541,-2.4541,-59.5123,-0.56502500,-10.4300,-9.7478,-50.9229,-51.6051,-0.48347500,-0.48995207,-0.01747500,7.5234,6.3948,-4.3824,-61.3529,-6.8170,105.3269,14.0000,,7.5234,2.6332,2.6332,13.1659,21.8553,27.385,28.9649,2.6332,1.2508,10.4,11.0,2.857143,9,8,1,2,0E-8,-0.58250000,,0E-8,0.000000,0.850000,0.000000,,2026-03-25,2026-03-25,1,9,9,1,1.000000,,,0.000000,,,,,,,,GLOBAL_BASELINE_NO_ENTITY_RANKING,,,NOT_APPLICABLE_GLOBAL_BASELINE,HF9g-P5,,,,X 全窗基线 · 不参与实体赏罚,3923948,393,A168_HF9F_20260827_0900,2026-08-27 09:00:00
2026-03-25,147759358,2234,0,5.2663454196,-2.6331727098,-2.6331727098,0E-7,2,2,0.49994810000000000,0.499948100000,-0.9998962053866608,-0.9998962053866608,-0.9998962053866608,0E-17,ELIGIBLE,R03b_20260811_FULL_v1,L1_ELIGIBILITY,v2026-08-11,2026-03-21..2026-08-06,baccarat_bet02_101_all_pairs_incl_sentinel,round_win = game_pnl > 0 (decisive only),COMPATIBILITY_ONLY_NOT_PRODUCTION,105.3269,89.5279,-61.3529,14,14,0.58250000,,0.58250000,0.58250000,61.3529,105.3269,THIN_EXPOSURE,0.0000,-1.8406,3.0000,97.0000,AG03-UNRESOLVED,ALL5_LEVELS_bet23_to_bet27,-1.8406,-1.8406,-1.8406,-2.4541,-2.4541,3.000000,3.000000,3.000000,4.000000,4.000000,97.000000,97.000000,97.000000,96.000000,96.000000,5.0,-10.4300,-9.7478,-50.9229,-51.6051,PENDING_AG03,FALSE,NOT_FOR_ENFORCEMENT,-59.5123,86.8420,-61.3529,-59.5123,-1.8406,-0.58250000,-0.56502500,-1.8406,-59.5123,-0.56502500,-1.8406,-1.8406,-1.8406,-2.4541,-2.4541,-59.5123,-0.56502500,-10.4300,-9.7478,-50.9229,-51.6051,-0.48347500,-0.48995207,-0.01747500,7.5234,6.3948,-4.3824,-61.3529,-6.8170,105.3269,14.0000,,7.5234,2.6332,2.6332,13.1659,21.8553,27.385,28.9649,2.6332,1.2508,10.4,11.0,2.857143,9,8,1,2,0E-8,-0.58250000,,0E-8,0.000000,0.850000,0.000000,,2026-03-25,2026-03-25,1,9,9,1,1.000000,,,0.000000,,,,,,,,GLOBAL_BASELINE_NO_ENTITY_RANKING,,,NOT_APPLICABLE_GLOBAL_BASELINE,HF9g-P5,,,,X 全窗基线 · 不参与实体赏罚,3923949,393,A168_HF9F_20260827_0900,2026-08-27 09:00:00
2026-03-25,147759358,986,0,2.6331727098,-2.6331727098,-2.6331727098,0E-7,1,1,0.50665070000000000,0.506650700000,-1.013391052207602,-1.013391052207602,-1.013391052207602,0E-17,ELIGIBLE,R03b_20260811_FULL_v1,L1_ELIGIBILITY,v2026-08-11,2026-03-21..2026-08-06,baccarat_bet02_101_all_pairs_incl_sentinel,round_win = game_pnl > 0 (decisive only),COMPATIBILITY_ONLY_NOT_PRODUCTION,105.3269,89.5279,-61.3529,14,14,0.58250000,,0.58250000,0.58250000,61.3529,105.3269,THIN_EXPOSURE,0.0000,-1.8406,3.0000,97.0000,AG03-UNRESOLVED,ALL5_LEVELS_bet23_to_bet27,-1.8406,-1.8406,-1.8406,-2.4541,-2.4541,3.000000,3.000000,3.000000,4.000000,4.000000,97.000000,97.000000,97.000000,96.000000,96.000000,5.0,-10.4300,-9.7478,-50.9229,-51.6051,PENDING_AG03,FALSE,NOT_FOR_ENFORCEMENT,-59.5123,86.8420,-61.3529,-59.5123,-1.8406,-0.58250000,-0.56502500,-1.8406,-59.5123,-0.56502500,-1.8406,-1.8406,-1.8406,-2.4541,-2.4541,-59.5123,-0.56502500,-10.4300,-9.7478,-50.9229,-51.6051,-0.48347500,-0.48995207,-0.01747500,7.5234,6.3948,-4.3824,-61.3529,-6.8170,105.3269,14.0000,,7.5234,2.6332,2.6332,13.1659,21.8553,27.385,28.9649,2.6332,1.2508,10.4,11.0,2.857143,9,8,1,2,0E-8,-0.58250000,,0E-8,0.000000,0.850000,0.000000,,2026-03-25,2026-03-25,1,9,9,1,1.000000,,,0.000000,,,,,,,,GLOBAL_BASELINE_NO_ENTITY_RANKING,,,NOT_APPLICABLE_GLOBAL_BASELINE,HF9g-P5,,,,X 全窗基线 · 不参与实体赏罚,3923950,393,A168_HF9F_20260827_0900,2026-08-27 09:00:00
2026-03-26,141218287,1004,0,122.7058482766,61.3529241383,61.3529241383,1.0000000,3,3,0.50665070000000000,0.506650700000,1.3955260008387969,1.3955260008387969,1.3955260008387969,0E-17,ELIGIBLE,R03b_20260811_FULL_v1,L1_ELIGIBILITY,v2026-08-11,2026-03-21..2026-08-06,baccarat_bet02_101_all_pairs_incl_sentinel,round_win = game_pnl > 0 (decisive only),COMPATIBILITY_ONLY_NOT_PRODUCTION,122.7058,61.3529,-61.3529,3,3,0.50000000,,0.50000000,0.50000000,61.3529,122.7058,THIN_EXPOSURE,0.0000,-1.8406,3.0000,97.0000,AG03-UNRESOLVED,ALL5_LEVELS_bet23_to_bet27,-1.8406,-1.8406,-1.8406,-2.4541,-3.0676,3.000000,3.000000,3.000000,4.000000,5.000000,97.000000,97.000000,97.000000,96.000000,95.000000,5.0,-11.0435,-10.2853,-50.3094,-51.0676,PENDING_AG03,FALSE,NOT_FOR_ENFORCEMENT,-59.5123,59.5123,-61.3529,-59.5123,-1.8406,-0.50000000,-0.48500000,-1.8406,-59.5123,-0.48500000,-1.8406,-1.8406,-1.8406,-2.4541,-3.0676,-59.5123,-0.48500000,-11.0435,-10.2853,-50.3094,-51.0676,-0.41000000,-0.41617889,-0.01500000,40.9019,20.4510,-20.4510,-61.3529,-61.3529,122.7058,3.0000,,40.9019,15.799,15.799,72.2806,91.1078,91.1078,91.1078,15.799,15.799,5.766667,5.766667,2.588889,1,1,1,1,0E-8,-0.50000000,,0E-8,0.000000,0.500000,1.000000,,2026-03-26,2026-03-26,1,1,1,1,1.000000,,,0.000000,,,,,,,,GLOBAL_BASELINE_NO_ENTITY_RANKING,,,NOT_APPLICABLE_GLOBAL_BASELINE,HF9g-P5,,,,X 全窗基线 · 不参与实体赏罚,3923951,393,A168_HF9F_20260827_0900,2026-08-27 09:00:00
2026-03-23,147694715,1129,0,250.1514074310,-132.3169286675,-132.3169286675,0.2857143,8,8,0.50497505000000000,0.504975050000,-1.1602763468535837,-1.1602763468535837,-1.1602763468535837,0E-17,ELIGIBLE,R03b_20260811_FULL_v1,L1_ELIGIBILITY,v2026-08-11,2026-03-21..2026-08-06,baccarat_bet02_101_all_pairs_incl_sentinel,round_win = game_pnl > 0 (decisive only),COMPATIBILITY_ONLY_NOT_PRODUCTION,881.2791,829.5399,-61.9908,24,24,0.07034186,,0.07034186,0.07034186,61.9908,881.2791,THIN_EXPOSURE,0.0000,-2.4796,4.0000,96.0000,AG03-UNRESOLVED,ALL5_LEVELS_bet23_to_bet27,-2.4796,-2.4796,-3.0995,-3.0995,-3.0995,4.000000,4.000000,5.000000,5.000000,5.000000,96.000000,96.000000,95.000000,95.000000,95.000000,5.0,-14.2579,-13.0084,-47.7329,-48.9825,PENDING_AG03,FALSE,NOT_FOR_ENFORCEMENT,-59.5112,796.3583,-61.9908,-59.5112,-2.4796,-0.07034186,-0.06752818,-2.4796,-59.5112,-0.06752818,-2.4796,-2.4796,-3.0995,-3.0995,-3.0995,-59.5112,-0.06752818,-14.2579,-13.0084,-47.7329,-48.9825,-0.05416323,-0.0555811,-0.00281367,36.7200,34.5642,-2.5830,-15.4977,-10.3318,220.3198,6.0000,,36.7200,12.8832,26.3317,59.2464,79.5187,102.7547,113.5982,26.3317,0.0,3.902317,4.314119,1.394514,4,7,4,2,0E-8,-0.07034186,,0E-8,0.000000,0.941291,0.000000,,2026-03-23,2026-07-05,4,6,6,105,0.038095,,,0.000000,,,,,,,,GLOBAL_BASELINE_NO_ENTITY_RANKING,,,NOT_APPLICABLE_GLOBAL_BASELINE,HF9g-P5,,,,X 全窗基线 · 不参与实体赏罚,3923952,393,A168_HF9F_20260827_0900,2026-08-27 09:00:00
2026-03-23,147694715,2242,0,92.1610448430,90.8444584881,90.8444584881,1.0000000,2,2,0.49994810000000000,0.499948100000,1.4143603653603398,1.4143603653603398,1.4143603653603398,0E-17,ELIGIBLE,R03b_20260811_FULL_v1,L1_ELIGIBILITY,v2026-08-11,2026-03-21..2026-08-06,baccarat_bet02_101_all_pairs_incl_sentinel,round_win = game_pnl > 0 (decisive only),COMPATIBILITY_ONLY_NOT_PRODUCTION,881.2791,829.5399,-61.9908,24,24,0.07034186,,0.07034186,0.07034186,61.9908,881.2791,THIN_EXPOSURE,0.0000,-2.4796,4.0000,96.0000,AG03-UNRESOLVED,ALL5_LEVELS_bet23_to_bet27,-2.4796,-2.4796,-3.0995,-3.0995,-3.0995,4.000000,4.000000,5.000000,5.000000,5.000000,96.000000,96.000000,95.000000,95.000000,95.000000,5.0,-14.2579,-13.0084,-47.7329,-48.9825,PENDING_AG03,FALSE,NOT_FOR_ENFORCEMENT,-59.5112,796.3583,-61.9908,-59.5112,-2.4796,-0.07034186,-0.06752818,-2.4796,-59.5112,-0.06752818,-2.4796,-2.4796,-3.0995,-3.0995,-3.0995,-59.5112,-0.06752818,-14.2579,-13.0084,-47.7329,-48.9825,-0.05416323,-0.0555811,-0.00281367,36.7200,34.5642,-2.5830,-15.4977,-10.3318,220.3198,6.0000,,36.7200,12.8832,26.3317,59.2464,79.5187,102.7547,113.5982,26.3317,0.0,3.902317,4.314119,1.394514,4,7,4,2,0E-8,-0.07034186,,0E-8,0.000000,0.941291,0.000000,,2026-03-23,2026-07-05,4,6,6,105,0.038095,,,0.000000,,,,,,,,GLOBAL_BASELINE_NO_ENTITY_RANKING,,,NOT_APPLICABLE_GLOBAL_BASELINE,HF9g-P5,,,,X 全窗基线 · 不参与实体赏罚,3923953,393,A168_HF9F_20260827_0900,2026-08-27 09:00:00
2026-04-10,147694715,2216,0,26.1759547680,-26.1759547680,-26.1759547680,0E-7,2,2,0.49324550000000000,0.493245500000,-1.3952362676504506,-1.3952362676504506,-1.3952362676504506,0E-17,ELIGIBLE,R03b_20260811_FULL_v1,L1_ELIGIBILITY,v2026-08-11,2026-03-21..2026-08-06,baccarat_bet02_101_all_pairs_incl_sentinel,round_win = game_pnl > 0 (decisive only),COMPATIBILITY_ONLY_NOT_PRODUCTION,881.2791,829.5399,-61.9908,24,24,0.07034186,,0.07034186,0.07034186,61.9908,881.2791,THIN_EXPOSURE,0.0000,-2.4796,4.0000,96.0000,AG03-UNRESOLVED,ALL5_LEVELS_bet23_to_bet27,-2.4796,-2.4796,-3.0995,-3.0995,-3.0995,4.000000,4.000000,5.000000,5.000000,5.000000,96.000000,96.000000,95.000000,95.000000,95.000000,5.0,-14.2579,-13.0084,-47.7329,-48.9825,PENDING_AG03,FALSE,NOT_FOR_ENFORCEMENT,-59.5112,796.3583,-61.9908,-59.5112,-2.4796,-0.07034186,-0.06752818,-2.4796,-59.5112,-0.06752818,-2.4796,-2.4796,-3.0995,-3.0995,-3.0995,-59.5112,-0.06752818,-14.2579,-13.0084,-47.7329,-48.9825,-0.05416323,-0.0555811,-0.00281367,36.7200,34.5642,-2.5830,-15.4977,-10.3318,220.3198,6.0000,,36.7200,12.8832,26.3317,59.2464,79.5187,102.7547,113.5982,26.3317,0.0,3.902317,4.314119,1.394514,4,7,4,2,0E-8,-0.07034186,,0E-8,0.000000,0.941291,0.000000,,2026-03-23,2026-07-05,4,6,6,105,0.038095,,,0.000000,,,,,,,,GLOBAL_BASELINE_NO_ENTITY_RANKING,,,NOT_APPLICABLE_GLOBAL_BASELINE,HF9g-P5,,,,X 全窗基线 · 不参与实体赏罚,3923954,393,A168_HF9F_20260827_0900,2026-08-27 09:00:00
2026-06-15,147694715,2105,0,38.5733021318,0E-10,0E-10,,1,1,0.49324550000000000,0.493245500000,,,,0E-17,NO_DECISIVE_ROUND,R03b_20260811_FULL_v1,L1_ELIGIBILITY,v2026-08-11,2026-03-21..2026-08-06,baccarat_bet02_101_all_pairs_incl_sentinel,round_win = game_pnl > 0 (decisive only),COMPATIBILITY_ONLY_NOT_PRODUCTION,881.2791,829.5399,-61.9908,24,24,0.07034186,,0.07034186,0.07034186,61.9908,881.2791,THIN_EXPOSURE,0.0000,-2.4796,4.0000,96.0000,AG03-UNRESOLVED,ALL5_LEVELS_bet23_to_bet27,-2.4796,-2.4796,-3.0995,-3.0995,-3.0995,4.000000,4.000000,5.000000,5.000000,5.000000,96.000000,96.000000,95.000000,95.000000,95.000000,5.0,-14.2579,-13.0084,-47.7329,-48.9825,PENDING_AG03,FALSE,NOT_FOR_ENFORCEMENT,-59.5112,796.3583,-61.9908,-59.5112,-2.4796,-0.07034186,-0.06752818,-2.4796,-59.5112,-0.06752818,-2.4796,-2.4796,-3.0995,-3.0995,-3.0995,-59.5112,-0.06752818,-14.2579,-13.0084,-47.7329,-48.9825,-0.05416323,-0.0555811,-0.00281367,36.7200,34.5642,-2.5830,-15.4977,-10.3318,220.3198,6.0000,,36.7200,12.8832,26.3317,59.2464,79.5187,102.7547,113.5982,26.3317,0.0,3.902317,4.314119,1.394514,4,7,4,2,0E-8,-0.07034186,,0E-8,0.000000,0.941291,0.000000,,2026-03-23,2026-07-05,4,6,6,105,0.038095,,,0.000000,,,,,,,,GLOBAL_BASELINE_NO_ENTITY_RANKING,,,NOT_APPLICABLE_GLOBAL_BASELINE,HF9g-P5,,,,X 全窗基线 · 不参与实体赏罚,3923955,393,A168_HF9F_20260827_0900,2026-08-27 09:00:00
2026-06-15,147694715,2224,0,143.7498392779,-41.0162779335,-41.0162779335,0.5714286,7,7,0.49899058571428571,0.498990585714,0.38330657246501415,0.3833065724665265,0.38330657246501415,2.8571E-13,ELIGIBLE,R03b_20260811_FULL_v1,L1_ELIGIBILITY,v2026-08-11,2026-03-21..2026-08-06,baccarat_bet02_101_all_pairs_incl_sentinel,round_win = game_pnl > 0 (decisive only),COMPATIBILITY_ONLY_NOT_PRODUCTION,881.2791,829.5399,-61.9908,24,24,0.07034186,,0.07034186,0.07034186,61.9908,881.2791,THIN_EXPOSURE,0.0000,-2.4796,4.0000,96.0000,AG03-UNRESOLVED,ALL5_LEVELS_bet23_to_bet27,-2.4796,-2.4796,-3.0995,-3.0995,-3.0995,4.000000,4.000000,5.000000,5.000000,5.000000,96.000000,96.000000,95.000000,95.000000,95.000000,5.0,-14.2579,-13.0084,-47.7329,-48.9825,PENDING_AG03,FALSE,NOT_FOR_ENFORCEMENT,-59.5112,796.3583,-61.9908,-59.5112,-2.4796,-0.07034186,-0.06752818,-2.4796,-59.5112,-0.06752818,-2.4796,-2.4796,-3.0995,-3.0995,-3.0995,-59.5112,-0.06752818,-14.2579,-13.0084,-47.7329,-48.9825,-0.05416323,-0.0555811,-0.00281367,36.7200,34.5642,-2.5830,-15.4977,-10.3318,220.3198,6.0000,,36.7200,12.8832,26.3317,59.2464,79.5187,102.7547,113.5982,26.3317,0.0,3.902317,4.314119,1.394514,4,7,4,2,0E-8,-0.07034186,,0E-8,0.000000,0.941291,0.000000,,2026-03-23,2026-07-05,4,6,6,105,0.038095,,,0.000000,,,,,,,,GLOBAL_BASELINE_NO_ENTITY_RANKING,,,NOT_APPLICABLE_GLOBAL_BASELINE,HF9g-P5,,,,X 全窗基线 · 不参与实体赏罚,3923956,393,A168_HF9F_20260827_0900,2026-08-27 09:00:00
2026-07-05,147694715,1215,0,232.3600030981,77.4533343661,77.4533343661,0.6666667,3,3,0.49771390000000000,0.497713900000,0.5852756695216578,0.5852756695216578,0.5852756695216578,0E-17,ELIGIBLE,R03b_20260811_FULL_v1,L1_ELIGIBILITY,v2026-08-11,2026-03-21..2026-08-06,baccarat_bet02_101_all_pairs_incl_sentinel,round_win = game_pnl > 0 (decisive only),COMPATIBILITY_ONLY_NOT_PRODUCTION,881.2791,829.5399,-61.9908,24,24,0.07034186,,0.07034186,0.07034186,61.9908,881.2791,THIN_EXPOSURE,0.0000,-2.4796,4.0000,96.0000,AG03-UNRESOLVED,ALL5_LEVELS_bet23_to_bet27,-2.4796,-2.4796,-3.0995,-3.0995,-3.0995,4.000000,4.000000,5.000000,5.000000,5.000000,96.000000,96.000000,95.000000,95.000000,95.000000,5.0,-14.2579,-13.0084,-47.7329,-48.9825,PENDING_AG03,FALSE,NOT_FOR_ENFORCEMENT,-59.5112,796.3583,-61.9908,-59.5112,-2.4796,-0.07034186,-0.06752818,-2.4796,-59.5112,-0.06752818,-2.4796,-2.4796,-3.0995,-3.0995,-3.0995,-59.5112,-0.06752818,-14.2579,-13.0084,-47.7329,-48.9825,-0.05416323,-0.0555811,-0.00281367,36.7200,34.5642,-2.5830,-15.4977,-10.3318,220.3198,6.0000,,36.7200,12.8832,26.3317,59.2464,79.5187,102.7547,113.5982,26.3317,0.0,3.902317,4.314119,1.394514,4,7,4,2,0E-8,-0.07034186,,0E-8,0.000000,0.941291,0.000000,,2026-03-23,2026-07-05,4,6,6,105,0.038095,,,0.000000,,,,,,,,GLOBAL_BASELINE_NO_ENTITY_RANKING,,,NOT_APPLICABLE_GLOBAL_BASELINE,HF9g-P5,,,,X 全窗基线 · 不参与实体赏罚,3923957,393,A168_HF9F_20260827_0900,2026-08-27 09:00:00
2026-07-05,147694715,2209,0,98.1075568637,93.2021790205,93.2021790205,1.0000000,1,1,0.50665070000000000,0.506650700000,0.9867858985152569,0.9867858985152569,0.9867858985152569,0E-17,ELIGIBLE,R03b_20260811_FULL_v1,L1_ELIGIBILITY,v2026-08-11,2026-03-21..2026-08-06,baccarat_bet02_101_all_pairs_incl_sentinel,round_win = game_pnl > 0 (decisive only),COMPATIBILITY_ONLY_NOT_PRODUCTION,881.2791,829.5399,-61.9908,24,24,0.07034186,,0.07034186,0.07034186,61.9908,881.2791,THIN_EXPOSURE,0.0000,-2.4796,4.0000,96.0000,AG03-UNRESOLVED,ALL5_LEVELS_bet23_to_bet27,-2.4796,-2.4796,-3.0995,-3.0995,-3.0995,4.000000,4.000000,5.000000,5.000000,5.000000,96.000000,96.000000,95.000000,95.000000,95.000000,5.0,-14.2579,-13.0084,-47.7329,-48.9825,PENDING_AG03,FALSE,NOT_FOR_ENFORCEMENT,-59.5112,796.3583,-61.9908,-59.5112,-2.4796,-0.07034186,-0.06752818,-2.4796,-59.5112,-0.06752818,-2.4796,-2.4796,-3.0995,-3.0995,-3.0995,-59.5112,-0.06752818,-14.2579,-13.0084,-47.7329,-48.9825,-0.05416323,-0.0555811,-0.00281367,36.7200,34.5642,-2.5830,-15.4977,-10.3318,220.3198,6.0000,,36.7200,12.8832,26.3317,59.2464,79.5187,102.7547,113.5982,26.3317,0.0,3.902317,4.314119,1.394514,4,7,4,2,0E-8,-0.07034186,,0E-8,0.000000,0.941291,0.000000,,2026-03-23,2026-07-05,4,6,6,105,0.038095,,,0.000000,,,,,,,,GLOBAL_BASELINE_NO_ENTITY_RANKING,,,NOT_APPLICABLE_GLOBAL_BASELINE,HF9g-P5,,,,X 全窗基线 · 不参与实体赏罚,3923958,393,A168_HF9F_20260827_0900,2026-08-27 09:00:00
2026-06-28,117166745,595,0,136.3326516700,61.3496932515,61.3496932515,1.0000000,4,4,0.49324550000000000,0.493245500000,1.4334489766152358,1.4334489766152358,1.4334489766152358,0E-17,ELIGIBLE,R03b_20260811_FULL_v1,L1_ELIGIBILITY,v2026-08-11,2026-03-21..2026-08-06,baccarat_bet02_101_all_pairs_incl_sentinel,round_win = game_pnl > 0 (decisive only),COMPATIBILITY_ONLY_NOT_PRODUCTION,136.3327,61.3497,-61.3497,4,4,0.45000000,,0.45000000,0.45000000,61.3497,136.3327,THIN_EXPOSURE,0.0000,-1.8405,3.0000,97.0000,AG03-UNRESOLVED,ALL5_LEVELS_bet23_to_bet27,-1.8405,-1.8405,-1.8405,0.0000,0.0000,3.000000,3.000000,3.000000,0.000000,0.000000,97.000000,97.000000,97.000000,100.000000,100.000000,5.0,-5.5215,-5.3575,-55.8282,-55.9922,PENDING_AG03,FALSE,NOT_FOR_ENFORCEMENT,-59.5092,59.5092,-61.3497,-59.5092,-1.8405,-0.45000000,-0.43650000,-1.8405,-59.5092,-0.43650000,-1.8405,-1.8405,-1.8405,0.0000,0.0000,-59.5092,-0.43650000,-5.5215,-5.3575,-55.8282,-55.9922,-0.40950000,-0.41070285,-0.01350000,34.0832,15.3374,-15.3374,-61.3497,-61.3497,136.3327,4.0000,,34.0832,27.2665,37.4915,40.8998,40.8998,40.8998,40.8998,10.2249,10.2249,1.090909,1.090909,0.909091,1,1,1,1,0E-8,-0.45000000,,0E-8,0.000000,0.450000,0.000000,,2026-06-28,2026-06-28,1,1,1,1,1.000000,,,0.000000,,,,,,,,GLOBAL_BASELINE_NO_ENTITY_RANKING,,,NOT_APPLICABLE_GLOBAL_BASELINE,HF9g-P5,,,,X 全窗基线 · 不参与实体赏罚,3923959,393,A168_HF9F_20260827_0900,2026-08-27 09:00:00
2026-03-22,147631722,1505,0,30.8081207046,29.2677146694,29.2677146694,1.0000000,1,1,0.50665070000000000,0.506650700000,0.9867858985152569,0.9867858985152569,0.9867858985152569,0E-17,ELIGIBLE,R03b_20260811_FULL_v1,L1_ELIGIBILITY,v2026-08-11,2026-03-21..2026-08-06,baccarat_bet02_101_all_pairs_incl_sentinel,round_win = game_pnl > 0 (decisive only),COMPATIBILITY_ONLY_NOT_PRODUCTION,63.5281,63.5281,-61.9877,2,2,0.97575235,,0.97575235,0.97575235,61.9877,63.5281,THIN_EXPOSURE,0.0000,-2.4795,4.0000,96.0000,AG03-UNRESOLVED,ALL5_LEVELS_bet23_to_bet27,-2.4795,-2.4795,-3.0994,-3.0994,-3.0994,4.000000,4.000000,5.000000,5.000000,5.000000,96.000000,96.000000,95.000000,95.000000,95.000000,5.0,-14.2572,-13.0077,-47.7305,-48.98,PENDING_AG03,FALSE,NOT_FOR_ENFORCEMENT,-59.5082,60.9869,-61.9877,-59.5082,-2.4795,-0.97575235,-0.93672226,-2.4795,-59.5082,-0.93672226,-2.4795,-2.4795,-3.0994,-3.0994,-3.0994,-59.5082,-0.93672226,-14.2572,-13.0077,-47.7305,-48.98,-0.75132931,-0.77099736,-0.03903009,31.7640,31.7640,-30.9938,-30.9938,-30.9938,31.7640,1.0000,,31.7640,30.8081,31.764,32.7199,32.7199,32.7199,32.7199,31.764,30.9938,1.030094,1.030094,1.0,2,1,2,2,0E-8,-0.97575235,,0E-8,0.000000,1.000000,0.000000,,2026-03-22,2026-04-01,2,2,2,11,0.181818,,,0.000000,,,,,,,,GLOBAL_BASELINE_NO_ENTITY_RANKING,,,NOT_APPLICABLE_GLOBAL_BASELINE,HF9g-P5,,,,X 全窗基线 · 不参与实体赏罚,3923960,393,A168_HF9F_20260827_0900,2026-08-27 09:00:00
2026-04-01,147631722,1505,0,32.7199434599,32.7199434599,32.7199434599,1.0000000,1,1,0.49324550000000000,0.493245500000,1.01360149184955,1.01360149184955,1.01360149184955,0E-17,ELIGIBLE,R03b_20260811_FULL_v1,L1_ELIGIBILITY,v2026-08-11,2026-03-21..2026-08-06,baccarat_bet02_101_all_pairs_incl_sentinel,round_win = game_pnl > 0 (decisive only),COMPATIBILITY_ONLY_NOT_PRODUCTION,63.5281,63.5281,-61.9877,2,2,0.97575235,,0.97575235,0.97575235,61.9877,63.5281,THIN_EXPOSURE,0.0000,-2.4795,4.0000,96.0000,AG03-UNRESOLVED,ALL5_LEVELS_bet23_to_bet27,-2.4795,-2.4795,-3.0994,-3.0994,-3.0994,4.000000,4.000000,5.000000,5.000000,5.000000,96.000000,96.000000,95.000000,95.000000,95.000000,5.0,-14.2572,-13.0077,-47.7305,-48.98,PENDING_AG03,FALSE,NOT_FOR_ENFORCEMENT,-59.5082,60.9869,-61.9877,-59.5082,-2.4795,-0.97575235,-0.93672226,-2.4795,-59.5082,-0.93672226,-2.4795,-2.4795,-3.0994,-3.0994,-3.0994,-59.5082,-0.93672226,-14.2572,-13.0077,-47.7305,-48.98,-0.75132931,-0.77099736,-0.03903009,31.7640,31.7640,-30.9938,-30.9938,-30.9938,31.7640,1.0000,,31.7640,30.8081,31.764,32.7199,32.7199,32.7199,32.7199,31.764,30.9938,1.030094,1.030094,1.0,2,1,2,2,0E-8,-0.97575235,,0E-8,0.000000,1.000000,0.000000,,2026-03-22,2026-04-01,2,2,2,11,0.181818,,,0.000000,,,,,,,,GLOBAL_BASELINE_NO_ENTITY_RANKING,,,NOT_APPLICABLE_GLOBAL_BASELINE,HF9g-P5,,,,X 全窗基线 · 不参与实体赏罚,3923961,393,A168_HF9F_20260827_0900,2026-08-27 09:00:00
2026-06-29,150064390,-1,1,43.6200486052,35.3114679184,35.3114679184,1.0000000,2,1,0.45527952857099338,0.293924150000,1.0938248535739201,1.549915577879723,1.0938248535739201,0.16135537857099338,SENTINEL_DEALER,R03b_20260811_FULL_v1,L1_ELIGIBILITY,v2026-08-11,2026-03-21..2026-08-06,baccarat_bet02_101_all_pairs_incl_sentinel,round_win = game_pnl > 0 (decisive only),COMPATIBILITY_ONLY_NOT_PRODUCTION,116.1786,116.1786,-61.9844,7,4,0.53352682,0.83207547,0.27277743,0.53352682,61.9844,116.1786,THIN_EXPOSURE,0.0000,-2.4794,4.0000,96.0000,AG03-UNRESOLVED,ALL5_LEVELS_bet23_to_bet27,-2.4794,-2.4794,-2.4794,-3.7191,-3.7191,4.000000,4.000000,4.000000,6.000000,6.000000,96.000000,96.000000,96.000000,94.000000,94.000000,5.0,-14.8763,-13.5279,-47.1081,-48.4565,PENDING_AG03,FALSE,NOT_FOR_ENFORCEMENT,-59.5050,111.5315,-61.9844,-59.5050,-2.4794,-0.53352682,-0.51218575,-2.4794,-59.5050,-0.51218575,-2.4794,-2.4794,-2.4794,-3.7191,-3.7191,-59.5050,-0.51218575,-14.8763,-13.5279,-47.1081,-48.4565,-0.40548038,-0.41708605,-0.02134107,16.5969,29.0447,-15.4961,-20.6615,-20.6615,38.7262,1.3333,18.0545,15.5038,4.1044,16.3512,28.3592,37.9087,39.4658,39.4658,16.3512,-2.0439,2.413627,2.413627,1.015028,3,4,3,3,0.46620830,-0.53352682,-0.83207547,0E-8,0.000000,1.000000,0.000000,0.55929804,2026-06-29,2026-07-10,3,3,3,12,0.250000,1.164520,1.087819,1.554028,,,,,,,,GLOBAL_BASELINE_NO_ENTITY_RANKING,,,NOT_APPLICABLE_GLOBAL_BASELINE,HF9g-P5,,,,X 全窗基线 · 不参与实体赏罚,3923962,393,A168_HF9F_20260827_0900,2026-08-27 09:00:00
2026-07-01,150064390,2205,0,18.3951273351,-18.3951273351,-18.3951273351,0E-7,2,1,0.46086760000074666,0.300626750000,-0.9245712241457492,-0.655630731788307,-0.9245712241457492,0.16024085000074666,ELIGIBLE,R03b_20260811_FULL_v1,L1_ELIGIBILITY,v2026-08-11,2026-03-21..2026-08-06,baccarat_bet02_101_all_pairs_incl_sentinel,round_win = game_pnl > 0 (decisive only),COMPATIBILITY_ONLY_NOT_PRODUCTION,116.1786,116.1786,-61.9844,7,4,0.53352682,0.83207547,0.27277743,0.53352682,61.9844,116.1786,THIN_EXPOSURE,0.0000,-2.4794,4.0000,96.0000,AG03-UNRESOLVED,ALL5_LEVELS_bet23_to_bet27,-2.4794,-2.4794,-2.4794,-3.7191,-3.7191,4.000000,4.000000,4.000000,6.000000,6.000000,96.000000,96.000000,96.000000,94.000000,94.000000,5.0,-14.8763,-13.5279,-47.1081,-48.4565,PENDING_AG03,FALSE,NOT_FOR_ENFORCEMENT,-59.5050,111.5315,-61.9844,-59.5050,-2.4794,-0.53352682,-0.51218575,-2.4794,-59.5050,-0.51218575,-2.4794,-2.4794,-2.4794,-3.7191,-3.7191,-59.5050,-0.51218575,-14.8763,-13.5279,-47.1081,-48.4565,-0.40548038,-0.41708605,-0.02134107,16.5969,29.0447,-15.4961,-20.6615,-20.6615,38.7262,1.3333,18.0545,15.5038,4.1044,16.3512,28.3592,37.9087,39.4658,39.4658,16.3512,-2.0439,2.413627,2.413627,1.015028,3,4,3,3,0.46620830,-0.53352682,-0.83207547,0E-8,0.000000,1.000000,0.000000,0.55929804,2026-06-29,2026-07-10,3,3,3,12,0.250000,1.164520,1.087819,1.554028,,,,,,,,GLOBAL_BASELINE_NO_ENTITY_RANKING,,,NOT_APPLICABLE_GLOBAL_BASELINE,HF9g-P5,,,,X 全窗基线 · 不参与实体赏罚,3923963,393,A168_HF9F_20260827_0900,2026-08-27 09:00:00
2026-07-10,150064390,1330,0,18.3951273352,17.4753709684,17.4753709684,1.0000000,1,1,0.50665070000000000,0.506650700000,0.9867858985152569,0.9867858985152569,0.9867858985152569,0E-17,ELIGIBLE,R03b_20260811_FULL_v1,L1_ELIGIBILITY,v2026-08-11,2026-03-21..2026-08-06,baccarat_bet02_101_all_pairs_incl_sentinel,round_win = game_pnl > 0 (decisive only),COMPATIBILITY_ONLY_NOT_PRODUCTION,116.1786,116.1786,-61.9844,7,4,0.53352682,0.83207547,0.27277743,0.53352682,61.9844,116.1786,THIN_EXPOSURE,0.0000,-2.4794,4.0000,96.0000,AG03-UNRESOLVED,ALL5_LEVELS_bet23_to_bet27,-2.4794,-2.4794,-2.4794,-3.7191,-3.7191,4.000000,4.000000,4.000000,6.000000,6.000000,96.000000,96.000000,96.000000,94.000000,94.000000,5.0,-14.8763,-13.5279,-47.1081,-48.4565,PENDING_AG03,FALSE,NOT_FOR_ENFORCEMENT,-59.5050,111.5315,-61.9844,-59.5050,-2.4794,-0.53352682,-0.51218575,-2.4794,-59.5050,-0.51218575,-2.4794,-2.4794,-2.4794,-3.7191,-3.7191,-59.5050,-0.51218575,-14.8763,-13.5279,-47.1081,-48.4565,-0.40548038,-0.41708605,-0.02134107,16.5969,29.0447,-15.4961,-20.6615,-20.6615,38.7262,1.3333,18.0545,15.5038,4.1044,16.3512,28.3592,37.9087,39.4658,39.4658,16.3512,-2.0439,2.413627,2.413627,1.015028,3,4,3,3,0.46620830,-0.53352682,-0.83207547,0E-8,0.000000,1.000000,0.000000,0.55929804,2026-06-29,2026-07-10,3,3,3,12,0.250000,1.164520,1.087819,1.554028,,,,,,,,GLOBAL_BASELINE_NO_ENTITY_RANKING,,,NOT_APPLICABLE_GLOBAL_BASELINE,HF9g-P5,,,,X 全窗基线 · 不参与实体赏罚,3923964,393,A168_HF9F_20260827_0900,2026-08-27 09:00:00
2026-07-10,150064390,2252,0,35.7683031517,27.5926910027,27.5926910027,1.0000000,2,1,0.44768633428549138,0.293924150000,1.110723538752088,1.549915577879723,1.110723538752088,0.15376218428549138,ELIGIBLE,R03b_20260811_FULL_v1,L1_ELIGIBILITY,v2026-08-11,2026-03-21..2026-08-06,baccarat_bet02_101_all_pairs_incl_sentinel,round_win = game_pnl > 0 (decisive only),COMPATIBILITY_ONLY_NOT_PRODUCTION,116.1786,116.1786,-61.9844,7,4,0.53352682,0.83207547,0.27277743,0.53352682,61.9844,116.1786,THIN_EXPOSURE,0.0000,-2.4794,4.0000,96.0000,AG03-UNRESOLVED,ALL5_LEVELS_bet23_to_bet27,-2.4794,-2.4794,-2.4794,-3.7191,-3.7191,4.000000,4.000000,4.000000,6.000000,6.000000,96.000000,96.000000,96.000000,94.000000,94.000000,5.0,-14.8763,-13.5279,-47.1081,-48.4565,PENDING_AG03,FALSE,NOT_FOR_ENFORCEMENT,-59.5050,111.5315,-61.9844,-59.5050,-2.4794,-0.53352682,-0.51218575,-2.4794,-59.5050,-0.51218575,-2.4794,-2.4794,-2.4794,-3.7191,-3.7191,-59.5050,-0.51218575,-14.8763,-13.5279,-47.1081,-48.4565,-0.40548038,-0.41708605,-0.02134107,16.5969,29.0447,-15.4961,-20.6615,-20.6615,38.7262,1.3333,18.0545,15.5038,4.1044,16.3512,28.3592,37.9087,39.4658,39.4658,16.3512,-2.0439,2.413627,2.413627,1.015028,3,4,3,3,0.46620830,-0.53352682,-0.83207547,0E-8,0.000000,1.000000,0.000000,0.55929804,2026-06-29,2026-07-10,3,3,3,12,0.250000,1.164520,1.087819,1.554028,,,,,,,,GLOBAL_BASELINE_NO_ENTITY_RANKING,,,NOT_APPLICABLE_GLOBAL_BASELINE,HF9g-P5,,,,X 全窗基线 · 不参与实体赏罚,3923965,393,A168_HF9F_20260827_0900,2026-08-27 09:00:00
2026-04-01,142958820,2155,0,21.0823688150,4.2164737630,4.2164737630,0.5000000,2,2,0.49324550000000000,0.493245500000,0.01910635448239258,0.01910635448239258,0.01910635448239258,0E-17,ELIGIBLE,R03b_20260811_FULL_v1,L1_ELIGIBILITY,v2026-08-11,2026-03-21..2026-08-06,baccarat_bet02_101_all_pairs_incl_sentinel,round_win = game_pnl > 0 (decisive only),COMPATIBILITY_ONLY_NOT_PRODUCTION,96.9789,96.9789,-61.9822,10,10,0.63913043,,0.63913043,0.63913043,61.9822,96.9789,THIN_EXPOSURE,0.0000,-2.4793,4.0000,96.0000,AG03-UNRESOLVED,ALL5_LEVELS_bet23_to_bet27,-2.4793,-2.4793,-2.4793,-2.4793,-2.4793,4.000000,4.000000,4.000000,4.000000,4.000000,96.000000,96.000000,96.000000,96.000000,96.000000,5.0,-12.3964,-11.4436,-49.5857,-50.5386,PENDING_AG03,FALSE,NOT_FOR_ENFORCEMENT,-59.5029,93.0997,-61.9822,-59.5029,-2.4793,-0.63913043,-0.61356522,-2.4793,-59.5029,-0.61356522,-2.4793,-2.4793,-2.4793,-2.4793,-2.4793,-59.5029,-0.61356522,-12.3964,-11.4436,-49.5857,-50.5386,-0.51130435,-0.52112951,-0.02556522,9.6979,9.6979,-6.1982,-61.9822,-30.9911,96.9789,10.0000,,9.6979,8.4329,8.4329,12.6494,12.6494,12.6494,12.6494,8.4329,8.0113,1.5,1.5,1.15,2,2,1,2,0E-8,-0.63913043,,0E-8,0.000000,1.000000,0.000000,,2026-04-01,2026-04-01,1,2,2,1,1.000000,,,0.000000,,,,,,,,GLOBAL_BASELINE_NO_ENTITY_RANKING,,,NOT_APPLICABLE_GLOBAL_BASELINE,HF9g-P5,,,,X 全窗基线 · 不参与实体赏罚,3923966,393,A168_HF9F_20260827_0900,2026-08-27 09:00:00
2026-04-01,142958820,550,0,75.8965277340,57.7656905531,57.7656905531,0.8750000,8,8,0.49827245000000000,0.498272450000,2.131105562422812,2.131105562422812,2.131105562422812,0E-17,ELIGIBLE,R03b_20260811_FULL_v1,L1_ELIGIBILITY,v2026-08-11,2026-03-21..2026-08-06,baccarat_bet02_101_all_pairs_incl_sentinel,round_win = game_pnl > 0 (decisive only),COMPATIBILITY_ONLY_NOT_PRODUCTION,96.9789,96.9789,-61.9822,10,10,0.63913043,,0.63913043,0.63913043,61.9822,96.9789,THIN_EXPOSURE,0.0000,-2.4793,4.0000,96.0000,AG03-UNRESOLVED,ALL5_LEVELS_bet23_to_bet27,-2.4793,-2.4793,-2.4793,-2.4793,-2.4793,4.000000,4.000000,4.000000,4.000000,4.000000,96.000000,96.000000,96.000000,96.000000,96.000000,5.0,-12.3964,-11.4436,-49.5857,-50.5386,PENDING_AG03,FALSE,NOT_FOR_ENFORCEMENT,-59.5029,93.0997,-61.9822,-59.5029,-2.4793,-0.63913043,-0.61356522,-2.4793,-59.5029,-0.61356522,-2.4793,-2.4793,-2.4793,-2.4793,-2.4793,-59.5029,-0.61356522,-12.3964,-11.4436,-49.5857,-50.5386,-0.51130435,-0.52112951,-0.02556522,9.6979,9.6979,-6.1982,-61.9822,-30.9911,96.9789,10.0000,,9.6979,8.4329,8.4329,12.6494,12.6494,12.6494,12.6494,8.4329,8.0113,1.5,1.5,1.15,2,2,1,2,0E-8,-0.63913043,,0E-8,0.000000,1.000000,0.000000,,2026-04-01,2026-04-01,1,2,2,1,1.000000,,,0.000000,,,,,,,,GLOBAL_BASELINE_NO_ENTITY_RANKING,,,NOT_APPLICABLE_GLOBAL_BASELINE,HF9g-P5,,,,X 全窗基线 · 不参与实体赏罚,3923967,393,A168_HF9F_20260827_0900,2026-08-27 09:00:00
2026-04-17,148790862,1210,0,33.7317901040,12.2277739126,12.2277739126,0.6363636,12,12,0.43350765000000000,0.433507650000,1.3576529368377537,1.3576529368377537,1.3576529368377537,0E-17,ELIGIBLE,R03b_20260811_FULL_v1,L1_ELIGIBILITY,v2026-08-11,2026-03-21..2026-08-06,baccarat_bet02_101_all_pairs_incl_sentinel,round_win = game_pnl > 0 (decisive only),COMPATIBILITY_ONLY_NOT_PRODUCTION,269.8543,252.9884,-61.9822,89,86,0.22968750,,0.22968750,0.22968750,61.9822,269.8543,OK,0.0000,-2.4793,4.0000,96.0000,AG03-UNRESOLVED,ALL5_LEVELS_bet23_to_bet27,-2.4793,-2.4793,-3.0991,0.0000,0.0000,4.000000,4.000000,5.000000,0.000000,0.000000,96.000000,96.000000,95.000000,100.000000,100.000000,5.0,-8.0577,-7.7155,-53.9245,-54.2666,PENDING_AG03,FALSE,NOT_FOR_ENFORCEMENT,-59.5029,242.8689,-61.9822,-59.5029,-2.4793,-0.22968750,-0.22050000,-2.4793,-59.5029,-0.22050000,-2.4793,-2.4793,-3.0991,0.0000,0.0000,-59.5029,-0.22050000,-8.0577,-7.7155,-53.9245,-54.2666,-0.19982812,-0.201096,-0.00918750,3.0321,2.9417,-0.7207,-61.9822,-5.1652,269.8543,86.0000,,3.0321,2.1082,2.1082,4.2165,4.2165,4.3219,10.5412,2.1082,2.0028,2.049995,5.0,1.438202,9,14,4,3,0E-8,-0.22968750,,0E-8,0.000000,0.937500,0.000000,,2026-04-17,2026-04-17,1,12,9,1,1.000000,,,0.000000,,,,,,,,GLOBAL_BASELINE_NO_ENTITY_RANKING,,,NOT_APPLICABLE_GLOBAL_BASELINE,HF9g-P5,,,,X 全窗基线 · 不参与实体赏罚,3923968,393,A168_HF9F_20260827_0900,2026-08-27 09:00:00
2026-04-17,148790862,1302,0,10.5411844075,10.3303607193,10.3303607193,1.0000000,5,5,0.49860758000000000,0.498607580000,2.242303763970222,2.242303763970222,2.242303763970222,0E-17,ELIGIBLE,R03b_20260811_FULL_v1,L1_ELIGIBILITY,v2026-08-11,2026-03-21..2026-08-06,baccarat_bet02_101_all_pairs_incl_sentinel,round_win = game_pnl > 0 (decisive only),COMPATIBILITY_ONLY_NOT_PRODUCTION,269.8543,252.9884,-61.9822,89,86,0.22968750,,0.22968750,0.22968750,61.9822,269.8543,OK,0.0000,-2.4793,4.0000,96.0000,AG03-UNRESOLVED,ALL5_LEVELS_bet23_to_bet27,-2.4793,-2.4793,-3.0991,0.0000,0.0000,4.000000,4.000000,5.000000,0.000000,0.000000,96.000000,96.000000,95.000000,100.000000,100.000000,5.0,-8.0577,-7.7155,-53.9245,-54.2666,PENDING_AG03,FALSE,NOT_FOR_ENFORCEMENT,-59.5029,242.8689,-61.9822,-59.5029,-2.4793,-0.22968750,-0.22050000,-2.4793,-59.5029,-0.22050000,-2.4793,-2.4793,-3.0991,0.0000,0.0000,-59.5029,-0.22050000,-8.0577,-7.7155,-53.9245,-54.2666,-0.19982812,-0.201096,-0.00918750,3.0321,2.9417,-0.7207,-61.9822,-5.1652,269.8543,86.0000,,3.0321,2.1082,2.1082,4.2165,4.2165,4.3219,10.5412,2.1082,2.0028,2.049995,5.0,1.438202,9,14,4,3,0E-8,-0.22968750,,0E-8,0.000000,0.937500,0.000000,,2026-04-17,2026-04-17,1,12,9,1,1.000000,,,0.000000,,,,,,,,GLOBAL_BASELINE_NO_ENTITY_RANKING,,,NOT_APPLICABLE_GLOBAL_BASELINE,HF9g-P5,,,,X 全窗基线 · 不参与实体赏罚,3923969,393,A168_HF9F_20260827_0900,2026-08-27 09:00:00
2026-04-17,148790862,1307,0,25.2988425780,-0.4216473763,-0.4216473763,0.4285714,7,7,0.50282064285714286,0.502820642857,-0.39289616391791987,-0.3928961639171632,-0.39289616391791987,1.4286E-13,ELIGIBLE,R03b_20260811_FULL_v1,L1_ELIGIBILITY,v2026-08-11,2026-03-21..2026-08-06,baccarat_bet02_101_all_pairs_incl_sentinel,round_win = game_pnl > 0 (decisive only),COMPATIBILITY_ONLY_NOT_PRODUCTION,269.8543,252.9884,-61.9822,89,86,0.22968750,,0.22968750,0.22968750,61.9822,269.8543,OK,0.0000,-2.4793,4.0000,96.0000,AG03-UNRESOLVED,ALL5_LEVELS_bet23_to_bet27,-2.4793,-2.4793,-3.0991,0.0000,0.0000,4.000000,4.000000,5.000000,0.000000,0.000000,96.000000,96.000000,95.000000,100.000000,100.000000,5.0,-8.0577,-7.7155,-53.9245,-54.2666,PENDING_AG03,FALSE,NOT_FOR_ENFORCEMENT,-59.5029,242.8689,-61.9822,-59.5029,-2.4793,-0.22968750,-0.22050000,-2.4793,-59.5029,-0.22050000,-2.4793,-2.4793,-3.0991,0.0000,0.0000,-59.5029,-0.22050000,-8.0577,-7.7155,-53.9245,-54.2666,-0.19982812,-0.201096,-0.00918750,3.0321,2.9417,-0.7207,-61.9822,-5.1652,269.8543,86.0000,,3.0321,2.1082,2.1082,4.2165,4.2165,4.3219,10.5412,2.1082,2.0028,2.049995,5.0,1.438202,9,14,4,3,0E-8,-0.22968750,,0E-8,0.000000,0.937500,0.000000,,2026-04-17,2026-04-17,1,12,9,1,1.000000,,,0.000000,,,,,,,,GLOBAL_BASELINE_NO_ENTITY_RANKING,,,NOT_APPLICABLE_GLOBAL_BASELINE,HF9g-P5,,,,X 全窗基线 · 不参与实体赏罚,3923970,393,A168_HF9F_20260827_0900,2026-08-27 09:00:00
2026-04-17,148790862,1374,0,46.3812113930,12.2277739126,12.2277739126,0.5555556,13,11,0.42563962727272727,0.425639627273,0.7882616427999415,0.7882616427982213,0.7882616427999415,-2.7273E-13,ELIGIBLE,R03b_20260811_FULL_v1,L1_ELIGIBILITY,v2026-08-11,2026-03-21..2026-08-06,baccarat_bet02_101_all_pairs_incl_sentinel,round_win = game_pnl > 0 (decisive only),COMPATIBILITY_ONLY_NOT_PRODUCTION,269.8543,252.9884,-61.9822,89,86,0.22968750,,0.22968750,0.22968750,61.9822,269.8543,OK,0.0000,-2.4793,4.0000,96.0000,AG03-UNRESOLVED,ALL5_LEVELS_bet23_to_bet27,-2.4793,-2.4793,-3.0991,0.0000,0.0000,4.000000,4.000000,5.000000,0.000000,0.000000,96.000000,96.000000,95.000000,100.000000,100.000000,5.0,-8.0577,-7.7155,-53.9245,-54.2666,PENDING_AG03,FALSE,NOT_FOR_ENFORCEMENT,-59.5029,242.8689,-61.9822,-59.5029,-2.4793,-0.22968750,-0.22050000,-2.4793,-59.5029,-0.22050000,-2.4793,-2.4793,-3.0991,0.0000,0.0000,-59.5029,-0.22050000,-8.0577,-7.7155,-53.9245,-54.2666,-0.19982812,-0.201096,-0.00918750,3.0321,2.9417,-0.7207,-61.9822,-5.1652,269.8543,86.0000,,3.0321,2.1082,2.1082,4.2165,4.2165,4.3219,10.5412,2.1082,2.0028,2.049995,5.0,1.438202,9,14,4,3,0E-8,-0.22968750,,0E-8,0.000000,0.937500,0.000000,,2026-04-17,2026-04-17,1,12,9,1,1.000000,,,0.000000,,,,,,,,GLOBAL_BASELINE_NO_ENTITY_RANKING,,,NOT_APPLICABLE_GLOBAL_BASELINE,HF9g-P5,,,,X 全窗基线 · 不参与实体赏罚,3923971,393,A168_HF9F_20260827_0900,2026-08-27 09:00:00
2026-04-17,148790862,1400,0,8.4329475260,-0.2108236882,-0.2108236882,0.5000000,2,2,0.50665070000000000,0.506650700000,-0.018812684590367487,-0.018812684590367487,-0.018812684590367487,0E-17,ELIGIBLE,R03b_20260811_FULL_v1,L1_ELIGIBILITY,v2026-08-11,2026-03-21..2026-08-06,baccarat_bet02_101_all_pairs_incl_sentinel,round_win = game_pnl > 0 (decisive only),COMPATIBILITY_ONLY_NOT_PRODUCTION,269.8543,252.9884,-61.9822,89,86,0.22968750,,0.22968750,0.22968750,61.9822,269.8543,OK,0.0000,-2.4793,4.0000,96.0000,AG03-UNRESOLVED,ALL5_LEVELS_bet23_to_bet27,-2.4793,-2.4793,-3.0991,0.0000,0.0000,4.000000,4.000000,5.000000,0.000000,0.000000,96.000000,96.000000,95.000000,100.000000,100.000000,5.0,-8.0577,-7.7155,-53.9245,-54.2666,PENDING_AG03,FALSE,NOT_FOR_ENFORCEMENT,-59.5029,242.8689,-61.9822,-59.5029,-2.4793,-0.22968750,-0.22050000,-2.4793,-59.5029,-0.22050000,-2.4793,-2.4793,-3.0991,0.0000,0.0000,-59.5029,-0.22050000,-8.0577,-7.7155,-53.9245,-54.2666,-0.19982812,-0.201096,-0.00918750,3.0321,2.9417,-0.7207,-61.9822,-5.1652,269.8543,86.0000,,3.0321,2.1082,2.1082,4.2165,4.2165,4.3219,10.5412,2.1082,2.0028,2.049995,5.0,1.438202,9,14,4,3,0E-8,-0.22968750,,0E-8,0.000000,0.937500,0.000000,,2026-04-17,2026-04-17,1,12,9,1,1.000000,,,0.000000,,,,,,,,GLOBAL_BASELINE_NO_ENTITY_RANKING,,,NOT_APPLICABLE_GLOBAL_BASELINE,HF9g-P5,,,,X 全窗基线 · 不参与实体赏罚,3923972,393,A168_HF9F_20260827_0900,2026-08-27 09:00:00
2026-04-17,148790862,1645,0,8.4329475260,-0.2108236882,-0.2108236882,0.5000000,2,2,0.49994810000000000,0.499948100000,0.00014679536856514622,0.00014679536856514622,0.00014679536856514622,0E-17,ELIGIBLE,R03b_20260811_FULL_v1,L1_ELIGIBILITY,v2026-08-11,2026-03-21..2026-08-06,baccarat_bet02_101_all_pairs_incl_sentinel,round_win = game_pnl > 0 (decisive only),COMPATIBILITY_ONLY_NOT_PRODUCTION,269.8543,252.9884,-61.9822,89,86,0.22968750,,0.22968750,0.22968750,61.9822,269.8543,OK,0.0000,-2.4793,4.0000,96.0000,AG03-UNRESOLVED,ALL5_LEVELS_bet23_to_bet27,-2.4793,-2.4793,-3.0991,0.0000,0.0000,4.000000,4.000000,5.000000,0.000000,0.000000,96.000000,96.000000,95.000000,100.000000,100.000000,5.0,-8.0577,-7.7155,-53.9245,-54.2666,PENDING_AG03,FALSE,NOT_FOR_ENFORCEMENT,-59.5029,242.8689,-61.9822,-59.5029,-2.4793,-0.22968750,-0.22050000,-2.4793,-59.5029,-0.22050000,-2.4793,-2.4793,-3.0991,0.0000,0.0000,-59.5029,-0.22050000,-8.0577,-7.7155,-53.9245,-54.2666,-0.19982812,-0.201096,-0.00918750,3.0321,2.9417,-0.7207,-61.9822,-5.1652,269.8543,86.0000,,3.0321,2.1082,2.1082,4.2165,4.2165,4.3219,10.5412,2.1082,2.0028,2.049995,5.0,1.438202,9,14,4,3,0E-8,-0.22968750,,0E-8,0.000000,0.937500,0.000000,,2026-04-17,2026-04-17,1,12,9,1,1.000000,,,0.000000,,,,,,,,GLOBAL_BASELINE_NO_ENTITY_RANKING,,,NOT_APPLICABLE_GLOBAL_BASELINE,HF9g-P5,,,,X 全窗基线 · 不参与实体赏罚,3923973,393,A168_HF9F_20260827_0900,2026-08-27 09:00:00
2026-04-17,148790862,1654,0,16.8658950520,8.3275356819,8.3275356819,0.6666667,3,3,0.50218230000000000,0.502182300000,0.5697959874915163,0.5697959874915164,0.5697959874915163,0E-17,ELIGIBLE,R03b_20260811_FULL_v1,L1_ELIGIBILITY,v2026-08-11,2026-03-21..2026-08-06,baccarat_bet02_101_all_pairs_incl_sentinel,round_win = game_pnl > 0 (decisive only),COMPATIBILITY_ONLY_NOT_PRODUCTION,269.8543,252.9884,-61.9822,89,86,0.22968750,,0.22968750,0.22968750,61.9822,269.8543,OK,0.0000,-2.4793,4.0000,96.0000,AG03-UNRESOLVED,ALL5_LEVELS_bet23_to_bet27,-2.4793,-2.4793,-3.0991,0.0000,0.0000,4.000000,4.000000,5.000000,0.000000,0.000000,96.000000,96.000000,95.000000,100.000000,100.000000,5.0,-8.0577,-7.7155,-53.9245,-54.2666,PENDING_AG03,FALSE,NOT_FOR_ENFORCEMENT,-59.5029,242.8689,-61.9822,-59.5029,-2.4793,-0.22968750,-0.22050000,-2.4793,-59.5029,-0.22050000,-2.4793,-2.4793,-3.0991,0.0000,0.0000,-59.5029,-0.22050000,-8.0577,-7.7155,-53.9245,-54.2666,-0.19982812,-0.201096,-0.00918750,3.0321,2.9417,-0.7207,-61.9822,-5.1652,269.8543,86.0000,,3.0321,2.1082,2.1082,4.2165,4.2165,4.3219,10.5412,2.1082,2.0028,2.049995,5.0,1.438202,9,14,4,3,0E-8,-0.22968750,,0E-8,0.000000,0.937500,0.000000,,2026-04-17,2026-04-17,1,12,9,1,1.000000,,,0.000000,,,,,,,,GLOBAL_BASELINE_NO_ENTITY_RANKING,,,NOT_APPLICABLE_GLOBAL_BASELINE,HF9g-P5,,,,X 全窗基线 · 不参与实体赏罚,3923974,393,A168_HF9F_20260827_0900,2026-08-27 09:00:00
2026-04-17,148790862,2107,0,35.8400269855,-6.5355343327,-6.5355343327,0.3000000,13,12,0.45677156666666667,0.451234862500,-0.9952370166817691,-0.9610751236934155,-0.9952370166817691,0.00553670416666667,ELIGIBLE,R03b_20260811_FULL_v1,L1_ELIGIBILITY,v2026-08-11,2026-03-21..2026-08-06,baccarat_bet02_101_all_pairs_incl_sentinel,round_win = game_pnl > 0 (decisive only),COMPATIBILITY_ONLY_NOT_PRODUCTION,269.8543,252.9884,-61.9822,89,86,0.22968750,,0.22968750,0.22968750,61.9822,269.8543,OK,0.0000,-2.4793,4.0000,96.0000,AG03-UNRESOLVED,ALL5_LEVELS_bet23_to_bet27,-2.4793,-2.4793,-3.0991,0.0000,0.0000,4.000000,4.000000,5.000000,0.000000,0.000000,96.000000,96.000000,95.000000,100.000000,100.000000,5.0,-8.0577,-7.7155,-53.9245,-54.2666,PENDING_AG03,FALSE,NOT_FOR_ENFORCEMENT,-59.5029,242.8689,-61.9822,-59.5029,-2.4793,-0.22968750,-0.22050000,-2.4793,-59.5029,-0.22050000,-2.4793,-2.4793,-3.0991,0.0000,0.0000,-59.5029,-0.22050000,-8.0577,-7.7155,-53.9245,-54.2666,-0.19982812,-0.201096,-0.00918750,3.0321,2.9417,-0.7207,-61.9822,-5.1652,269.8543,86.0000,,3.0321,2.1082,2.1082,4.2165,4.2165,4.3219,10.5412,2.1082,2.0028,2.049995,5.0,1.438202,9,14,4,3,0E-8,-0.22968750,,0E-8,0.000000,0.937500,0.000000,,2026-04-17,2026-04-17,1,12,9,1,1.000000,,,0.000000,,,,,,,,GLOBAL_BASELINE_NO_ENTITY_RANKING,,,NOT_APPLICABLE_GLOBAL_BASELINE,HF9g-P5,,,,X 全窗基线 · 不参与实体赏罚,3923975,393,A168_HF9F_20260827_0900,2026-08-27 09:00:00
2026-04-17,148790862,2108,0,2.1082368815,-2.1082368815,-2.1082368815,0E-7,1,1,0.50665070000000000,0.506650700000,-1.013391052207602,-1.013391052207602,-1.013391052207602,0E-17,ELIGIBLE,R03b_20260811_FULL_v1,L1_ELIGIBILITY,v2026-08-11,2026-03-21..2026-08-06,baccarat_bet02_101_all_pairs_incl_sentinel,round_win = game_pnl > 0 (decisive only),COMPATIBILITY_ONLY_NOT_PRODUCTION,269.8543,252.9884,-61.9822,89,86,0.22968750,,0.22968750,0.22968750,61.9822,269.8543,OK,0.0000,-2.4793,4.0000,96.0000,AG03-UNRESOLVED,ALL5_LEVELS_bet23_to_bet27,-2.4793,-2.4793,-3.0991,0.0000,0.0000,4.000000,4.000000,5.000000,0.000000,0.000000,96.000000,96.000000,95.000000,100.000000,100.000000,5.0,-8.0577,-7.7155,-53.9245,-54.2666,PENDING_AG03,FALSE,NOT_FOR_ENFORCEMENT,-59.5029,242.8689,-61.9822,-59.5029,-2.4793,-0.22968750,-0.22050000,-2.4793,-59.5029,-0.22050000,-2.4793,-2.4793,-3.0991,0.0000,0.0000,-59.5029,-0.22050000,-8.0577,-7.7155,-53.9245,-54.2666,-0.19982812,-0.201096,-0.00918750,3.0321,2.9417,-0.7207,-61.9822,-5.1652,269.8543,86.0000,,3.0321,2.1082,2.1082,4.2165,4.2165,4.3219,10.5412,2.1082,2.0028,2.049995,5.0,1.438202,9,14,4,3,0E-8,-0.22968750,,0E-8,0.000000,0.937500,0.000000,,2026-04-17,2026-04-17,1,12,9,1,1.000000,,,0.000000,,,,,,,,GLOBAL_BASELINE_NO_ENTITY_RANKING,,,NOT_APPLICABLE_GLOBAL_BASELINE,HF9g-P5,,,,X 全窗基线 · 不参与实体赏罚,3923976,393,A168_HF9F_20260827_0900,2026-08-27 09:00:00
2026-04-17,148790862,2160,0,12.6494212890,14.6522463264,14.6522463264,0.6666667,4,4,0.39693612500000000,0.396936125000,0.9548799669165594,0.9548799669165594,0.9548799669165594,0E-17,ELIGIBLE,R03b_20260811_FULL_v1,L1_ELIGIBILITY,v2026-08-11,2026-03-21..2026-08-06,baccarat_bet02_101_all_pairs_incl_sentinel,round_win = game_pnl > 0 (decisive only),COMPATIBILITY_ONLY_NOT_PRODUCTION,269.8543,252.9884,-61.9822,89,86,0.22968750,,0.22968750,0.22968750,61.9822,269.8543,OK,0.0000,-2.4793,4.0000,96.0000,AG03-UNRESOLVED,ALL5_LEVELS_bet23_to_bet27,-2.4793,-2.4793,-3.0991,0.0000,0.0000,4.000000,4.000000,5.000000,0.000000,0.000000,96.000000,96.000000,95.000000,100.000000,100.000000,5.0,-8.0577,-7.7155,-53.9245,-54.2666,PENDING_AG03,FALSE,NOT_FOR_ENFORCEMENT,-59.5029,242.8689,-61.9822,-59.5029,-2.4793,-0.22968750,-0.22050000,-2.4793,-59.5029,-0.22050000,-2.4793,-2.4793,-3.0991,0.0000,0.0000,-59.5029,-0.22050000,-8.0577,-7.7155,-53.9245,-54.2666,-0.19982812,-0.201096,-0.00918750,3.0321,2.9417,-0.7207,-61.9822,-5.1652,269.8543,86.0000,,3.0321,2.1082,2.1082,4.2165,4.2165,4.3219,10.5412,2.1082,2.0028,2.049995,5.0,1.438202,9,14,4,3,0E-8,-0.22968750,,0E-8,0.000000,0.937500,0.000000,,2026-04-17,2026-04-17,1,12,9,1,1.000000,,,0.000000,,,,,,,,GLOBAL_BASELINE_NO_ENTITY_RANKING,,,NOT_APPLICABLE_GLOBAL_BASELINE,HF9g-P5,,,,X 全窗基线 · 不参与实体赏罚,3923977,393,A168_HF9F_20260827_0900,2026-08-27 09:00:00
2026-04-17,148790862,2196,0,2.1082368815,-2.1082368815,-2.1082368815,0E-7,1,1,0.50665070000000000,0.506650700000,-1.013391052207602,-1.013391052207602,-1.013391052207602,0E-17,ELIGIBLE,R03b_20260811_FULL_v1,L1_ELIGIBILITY,v2026-08-11,2026-03-21..2026-08-06,baccarat_bet02_101_all_pairs_incl_sentinel,round_win = game_pnl > 0 (decisive only),COMPATIBILITY_ONLY_NOT_PRODUCTION,269.8543,252.9884,-61.9822,89,86,0.22968750,,0.22968750,0.22968750,61.9822,269.8543,OK,0.0000,-2.4793,4.0000,96.0000,AG03-UNRESOLVED,ALL5_LEVELS_bet23_to_bet27,-2.4793,-2.4793,-3.0991,0.0000,0.0000,4.000000,4.000000,5.000000,0.000000,0.000000,96.000000,96.000000,95.000000,100.000000,100.000000,5.0,-8.0577,-7.7155,-53.9245,-54.2666,PENDING_AG03,FALSE,NOT_FOR_ENFORCEMENT,-59.5029,242.8689,-61.9822,-59.5029,-2.4793,-0.22968750,-0.22050000,-2.4793,-59.5029,-0.22050000,-2.4793,-2.4793,-3.0991,0.0000,0.0000,-59.5029,-0.22050000,-8.0577,-7.7155,-53.9245,-54.2666,-0.19982812,-0.201096,-0.00918750,3.0321,2.9417,-0.7207,-61.9822,-5.1652,269.8543,86.0000,,3.0321,2.1082,2.1082,4.2165,4.2165,4.3219,10.5412,2.1082,2.0028,2.049995,5.0,1.438202,9,14,4,3,0E-8,-0.22968750,,0E-8,0.000000,0.937500,0.000000,,2026-04-17,2026-04-17,1,12,9,1,1.000000,,,0.000000,,,,,,,,GLOBAL_BASELINE_NO_ENTITY_RANKING,,,NOT_APPLICABLE_GLOBAL_BASELINE,HF9g-P5,,,,X 全窗基线 · 不参与实体赏罚,3923978,393,A168_HF9F_20260827_0900,2026-08-27 09:00:00
2026-04-17,148790862,526,0,29.5153163410,7.8004764614,7.8004764614,0.5833333,12,12,0.50218230000000000,0.502182300000,0.5622362065305533,0.5622362065305534,0.5622362065305533,0E-17,ELIGIBLE,R03b_20260811_FULL_v1,L1_ELIGIBILITY,v2026-08-11,2026-03-21..2026-08-06,baccarat_bet02_101_all_pairs_incl_sentinel,round_win = game_pnl > 0 (decisive only),COMPATIBILITY_ONLY_NOT_PRODUCTION,269.8543,252.9884,-61.9822,89,86,0.22968750,,0.22968750,0.22968750,61.9822,269.8543,OK,0.0000,-2.4793,4.0000,96.0000,AG03-UNRESOLVED,ALL5_LEVELS_bet23_to_bet27,-2.4793,-2.4793,-3.0991,0.0000,0.0000,4.000000,4.000000,5.000000,0.000000,0.000000,96.000000,96.000000,95.000000,100.000000,100.000000,5.0,-8.0577,-7.7155,-53.9245,-54.2666,PENDING_AG03,FALSE,NOT_FOR_ENFORCEMENT,-59.5029,242.8689,-61.9822,-59.5029,-2.4793,-0.22968750,-0.22050000,-2.4793,-59.5029,-0.22050000,-2.4793,-2.4793,-3.0991,0.0000,0.0000,-59.5029,-0.22050000,-8.0577,-7.7155,-53.9245,-54.2666,-0.19982812,-0.201096,-0.00918750,3.0321,2.9417,-0.7207,-61.9822,-5.1652,269.8543,86.0000,,3.0321,2.1082,2.1082,4.2165,4.2165,4.3219,10.5412,2.1082,2.0028,2.049995,5.0,1.438202,9,14,4,3,0E-8,-0.22968750,,0E-8,0.000000,0.937500,0.000000,,2026-04-17,2026-04-17,1,12,9,1,1.000000,,,0.000000,,,,,,,,GLOBAL_BASELINE_NO_ENTITY_RANKING,,,NOT_APPLICABLE_GLOBAL_BASELINE,HF9g-P5,,,,X 全窗基线 · 不参与实体赏罚,3923979,393,A168_HF9F_20260827_0900,2026-08-27 09:00:00
2026-04-17,148790862,583,0,16.8658950520,8.2221238378,8.2221238378,0.6666667,6,6,0.49994810000000000,0.499948100000,0.8167508423630434,0.8167508423630434,0.8167508423630434,0E-17,ELIGIBLE,R03b_20260811_FULL_v1,L1_ELIGIBILITY,v2026-08-11,2026-03-21..2026-08-06,baccarat_bet02_101_all_pairs_incl_sentinel,round_win = game_pnl > 0 (decisive only),COMPATIBILITY_ONLY_NOT_PRODUCTION,269.8543,252.9884,-61.9822,89,86,0.22968750,,0.22968750,0.22968750,61.9822,269.8543,OK,0.0000,-2.4793,4.0000,96.0000,AG03-UNRESOLVED,ALL5_LEVELS_bet23_to_bet27,-2.4793,-2.4793,-3.0991,0.0000,0.0000,4.000000,4.000000,5.000000,0.000000,0.000000,96.000000,96.000000,95.000000,100.000000,100.000000,5.0,-8.0577,-7.7155,-53.9245,-54.2666,PENDING_AG03,FALSE,NOT_FOR_ENFORCEMENT,-59.5029,242.8689,-61.9822,-59.5029,-2.4793,-0.22968750,-0.22050000,-2.4793,-59.5029,-0.22050000,-2.4793,-2.4793,-3.0991,0.0000,0.0000,-59.5029,-0.22050000,-8.0577,-7.7155,-53.9245,-54.2666,-0.19982812,-0.201096,-0.00918750,3.0321,2.9417,-0.7207,-61.9822,-5.1652,269.8543,86.0000,,3.0321,2.1082,2.1082,4.2165,4.2165,4.3219,10.5412,2.1082,2.0028,2.049995,5.0,1.438202,9,14,4,3,0E-8,-0.22968750,,0E-8,0.000000,0.937500,0.000000,,2026-04-17,2026-04-17,1,12,9,1,1.000000,,,0.000000,,,,,,,,GLOBAL_BASELINE_NO_ENTITY_RANKING,,,NOT_APPLICABLE_GLOBAL_BASELINE,HF9g-P5,,,,X 全窗基线 · 不参与实体赏罚,3923980,393,A168_HF9F_20260827_0900,2026-08-27 09:00:00
2026-04-17,148790862,595,0,21.0823688150,-0.2108236882,-0.2108236882,0.4285714,8,8,0.49827245000000000,0.498272450000,-0.36882533912701604,-0.36882533912701604,-0.36882533912701604,0E-17,ELIGIBLE,R03b_20260811_FULL_v1,L1_ELIGIBILITY,v2026-08-11,2026-03-21..2026-08-06,baccarat_bet02_101_all_pairs_incl_sentinel,round_win = game_pnl > 0 (decisive only),COMPATIBILITY_ONLY_NOT_PRODUCTION,269.8543,252.9884,-61.9822,89,86,0.22968750,,0.22968750,0.22968750,61.9822,269.8543,OK,0.0000,-2.4793,4.0000,96.0000,AG03-UNRESOLVED,ALL5_LEVELS_bet23_to_bet27,-2.4793,-2.4793,-3.0991,0.0000,0.0000,4.000000,4.000000,5.000000,0.000000,0.000000,96.000000,96.000000,95.000000,100.000000,100.000000,5.0,-8.0577,-7.7155,-53.9245,-54.2666,PENDING_AG03,FALSE,NOT_FOR_ENFORCEMENT,-59.5029,242.8689,-61.9822,-59.5029,-2.4793,-0.22968750,-0.22050000,-2.4793,-59.5029,-0.22050000,-2.4793,-2.4793,-3.0991,0.0000,0.0000,-59.5029,-0.22050000,-8.0577,-7.7155,-53.9245,-54.2666,-0.19982812,-0.201096,-0.00918750,3.0321,2.9417,-0.7207,-61.9822,-5.1652,269.8543,86.0000,,3.0321,2.1082,2.1082,4.2165,4.2165,4.3219,10.5412,2.1082,2.0028,2.049995,5.0,1.438202,9,14,4,3,0E-8,-0.22968750,,0E-8,0.000000,0.937500,0.000000,,2026-04-17,2026-04-17,1,12,9,1,1.000000,,,0.000000,,,,,,,,GLOBAL_BASELINE_NO_ENTITY_RANKING,,,NOT_APPLICABLE_GLOBAL_BASELINE,HF9g-P5,,,,X 全窗基线 · 不参与实体赏罚,3923981,393,A168_HF9F_20260827_0900,2026-08-27 09:00:00
2026-03-25,130237663,1205,0,13.2053877982,4.4017959328,4.5074390351,0.5000000,2,2,0.49324550000000000,0.493245500000,0.01910635448239258,0.01910635448239258,0.01910635448239258,0E-17,ELIGIBLE,R03b_20260811_FULL_v1,L1_ELIGIBILITY,v2026-08-11,2026-03-21..2026-08-06,baccarat_bet02_101_all_pairs_incl_sentinel,round_win = game_pnl > 0 (decisive only),COMPATIBILITY_ONLY_NOT_PRODUCTION,94.6386,94.6386,-62.4923,9,9,0.66032558,,0.66032558,0.65232558,62.4923,94.6386,THIN_EXPOSURE,0.7571,-3.7495,6.0000,94.0000,AG03-UNRESOLVED,ALL5_LEVELS_bet23_to_bet27,-3.7495,-3.7495,-3.7495,-3.7495,-3.7495,6.000000,6.000000,6.000000,6.000000,6.000000,94.000000,94.000000,94.000000,94.000000,94.000000,5.0,-18.7477,-16.6289,-44.5017,-46.6205,PENDING_AG03,FALSE,NOT_FOR_ENFORCEMENT,-58.7428,88.9603,-63.2494,-59.4999,-4.5066,-0.66832558,-0.62870605,-3.7495,-59.4999,-0.62870605,-3.7495,-3.7495,-3.7495,-3.7495,-3.7495,-59.4999,-0.62870605,-18.7477,-16.6289,-44.5017,-46.6205,-0.47022791,-0.4926156,-0.04761953,10.5154,10.5154,-6.9436,-62.4923,-31.2461,94.6386,9.0000,,10.5154,8.8036,11.0045,12.1049,15.4063,15.4063,15.4063,11.0045,8.874,1.4,1.4,0.955556,2,3,1,2,0E-8,-0.66032558,,0.00800000,0.800000,1.000000,0.000000,,2026-03-25,2026-03-25,1,2,2,1,1.000000,,,0.000000,,,,,,,,GLOBAL_BASELINE_NO_ENTITY_RANKING,,,NOT_APPLICABLE_GLOBAL_BASELINE,HF9g-P5,,,,X 全窗基线 · 不参与实体赏罚,3923982,393,A168_HF9F_20260827_0900,2026-08-27 09:00:00
2026-03-25,130237663,1325,0,15.4062857646,14.6359714764,14.7592217625,1.0000000,1,1,0.50665070000000000,0.506650700000,0.9867858985152569,0.9867858985152569,0.9867858985152569,0E-17,ELIGIBLE,R03b_20260811_FULL_v1,L1_ELIGIBILITY,v2026-08-11,2026-03-21..2026-08-06,baccarat_bet02_101_all_pairs_incl_sentinel,round_win = game_pnl > 0 (decisive only),COMPATIBILITY_ONLY_NOT_PRODUCTION,94.6386,94.6386,-62.4923,9,9,0.66032558,,0.66032558,0.65232558,62.4923,94.6386,THIN_EXPOSURE,0.7571,-3.7495,6.0000,94.0000,AG03-UNRESOLVED,ALL5_LEVELS_bet23_to_bet27,-3.7495,-3.7495,-3.7495,-3.7495,-3.7495,6.000000,6.000000,6.000000,6.000000,6.000000,94.000000,94.000000,94.000000,94.000000,94.000000,5.0,-18.7477,-16.6289,-44.5017,-46.6205,PENDING_AG03,FALSE,NOT_FOR_ENFORCEMENT,-58.7428,88.9603,-63.2494,-59.4999,-4.5066,-0.66832558,-0.62870605,-3.7495,-59.4999,-0.62870605,-3.7495,-3.7495,-3.7495,-3.7495,-3.7495,-59.4999,-0.62870605,-18.7477,-16.6289,-44.5017,-46.6205,-0.47022791,-0.4926156,-0.04761953,10.5154,10.5154,-6.9436,-62.4923,-31.2461,94.6386,9.0000,,10.5154,8.8036,11.0045,12.1049,15.4063,15.4063,15.4063,11.0045,8.874,1.4,1.4,0.955556,2,3,1,2,0E-8,-0.66032558,,0.00800000,0.800000,1.000000,0.000000,,2026-03-25,2026-03-25,1,2,2,1,1.000000,,,0.000000,,,,,,,,GLOBAL_BASELINE_NO_ENTITY_RANKING,,,NOT_APPLICABLE_GLOBAL_BASELINE,HF9g-P5,,,,X 全窗基线 · 不参与实体赏罚,3923983,393,A168_HF9F_20260827_0900,2026-08-27 09:00:00
2026-03-25,130237663,2235,0,66.0269389913,42.6974205477,43.2256360595,0.8333333,6,6,0.49994810000000000,0.499948100000,1.6332474276894162,1.6332474276894162,1.6332474276894162,0E-17,ELIGIBLE,R03b_20260811_FULL_v1,L1_ELIGIBILITY,v2026-08-11,2026-03-21..2026-08-06,baccarat_bet02_101_all_pairs_incl_sentinel,round_win = game_pnl > 0 (decisive only),COMPATIBILITY_ONLY_NOT_PRODUCTION,94.6386,94.6386,-62.4923,9,9,0.66032558,,0.66032558,0.65232558,62.4923,94.6386,THIN_EXPOSURE,0.7571,-3.7495,6.0000,94.0000,AG03-UNRESOLVED,ALL5_LEVELS_bet23_to_bet27,-3.7495,-3.7495,-3.7495,-3.7495,-3.7495,6.000000,6.000000,6.000000,6.000000,6.000000,94.000000,94.000000,94.000000,94.000000,94.000000,5.0,-18.7477,-16.6289,-44.5017,-46.6205,PENDING_AG03,FALSE,NOT_FOR_ENFORCEMENT,-58.7428,88.9603,-63.2494,-59.4999,-4.5066,-0.66832558,-0.62870605,-3.7495,-59.4999,-0.62870605,-3.7495,-3.7495,-3.7495,-3.7495,-3.7495,-59.4999,-0.62870605,-18.7477,-16.6289,-44.5017,-46.6205,-0.47022791,-0.4926156,-0.04761953,10.5154,10.5154,-6.9436,-62.4923,-31.2461,94.6386,9.0000,,10.5154,8.8036,11.0045,12.1049,15.4063,15.4063,15.4063,11.0045,8.874,1.4,1.4,0.955556,2,3,1,2,0E-8,-0.66032558,,0.00800000,0.800000,1.000000,0.000000,,2026-03-25,2026-03-25,1,2,2,1,1.000000,,,0.000000,,,,,,,,GLOBAL_BASELINE_NO_ENTITY_RANKING,,,NOT_APPLICABLE_GLOBAL_BASELINE,HF9g-P5,,,,X 全窗基线 · 不参与实体赏罚,3923984,393,A168_HF9F_20260827_0900,2026-08-27 09:00:00
2026-06-28,152201854,-1,1,221.1519610212,87.4321706363,87.4321706363,0.7000000,12,12,0.50329940000000000,0.503299400000,1.2440709125506277,1.244070912550628,1.2440709125506277,0E-17,SENTINEL_DEALER,R03b_20260811_FULL_v1,L1_ELIGIBILITY,v2026-08-11,2026-03-21..2026-08-06,baccarat_bet02_101_all_pairs_incl_sentinel,round_win = game_pnl > 0 (decisive only),COMPATIBILITY_ONLY_NOT_PRODUCTION,349.4741,264.3563,-61.9766,20,20,0.17734233,,0.17734233,0.17734233,61.9766,349.4741,THIN_EXPOSURE,0.0000,-2.4791,4.0000,96.0000,AG03-UNRESOLVED,ALL5_LEVELS_bet23_to_bet27,-2.4791,-2.4791,-2.4791,-2.4791,-2.4791,4.000000,4.000000,4.000000,4.000000,4.000000,96.000000,96.000000,96.000000,96.000000,96.000000,5.0,-12.3953,-11.4426,-49.5812,-50.534,PENDING_AG03,FALSE,NOT_FOR_ENFORCEMENT,-59.4975,253.7821,-61.9766,-59.4975,-2.4791,-0.17734233,-0.17024864,-2.4791,-59.4975,-0.17024864,-2.4791,-2.4791,-2.4791,-2.4791,-2.4791,-59.4975,-0.17024864,-12.3953,-11.4426,-49.5812,-50.534,-0.14187386,-0.14460009,-0.00709369,17.4737,13.2178,-3.0988,-61.9766,-4.4269,349.4741,20.0000,,17.4737,9.2575,12.8577,25.0725,33.3014,38.573,38.573,11.8291,0.0,3.0,3.0,1.35901,14,9,1,2,0E-8,-0.17734233,,0E-8,0.000000,0.756440,0.000000,,2026-06-28,2026-06-28,1,14,14,1,1.000000,,,0.000000,,,,,,,,GLOBAL_BASELINE_NO_ENTITY_RANKING,,,NOT_APPLICABLE_GLOBAL_BASELINE,HF9g-P5,,,,X 全窗基线 · 不参与实体赏罚,3923985,393,A168_HF9F_20260827_0900,2026-08-27 09:00:00
2026-06-28,152201854,1094,0,12.8576721524,-12.8576721524,-12.8576721524,0E-7,1,1,0.50665070000000000,0.506650700000,-1.013391052207602,-1.013391052207602,-1.013391052207602,0E-17,ELIGIBLE,R03b_20260811_FULL_v1,L1_ELIGIBILITY,v2026-08-11,2026-03-21..2026-08-06,baccarat_bet02_101_all_pairs_incl_sentinel,round_win = game_pnl > 0 (decisive only),COMPATIBILITY_ONLY_NOT_PRODUCTION,349.4741,264.3563,-61.9766,20,20,0.17734233,,0.17734233,0.17734233,61.9766,349.4741,THIN_EXPOSURE,0.0000,-2.4791,4.0000,96.0000,AG03-UNRESOLVED,ALL5_LEVELS_bet23_to_bet27,-2.4791,-2.4791,-2.4791,-2.4791,-2.4791,4.000000,4.000000,4.000000,4.000000,4.000000,96.000000,96.000000,96.000000,96.000000,96.000000,5.0,-12.3953,-11.4426,-49.5812,-50.534,PENDING_AG03,FALSE,NOT_FOR_ENFORCEMENT,-59.4975,253.7821,-61.9766,-59.4975,-2.4791,-0.17734233,-0.17024864,-2.4791,-59.4975,-0.17024864,-2.4791,-2.4791,-2.4791,-2.4791,-2.4791,-59.4975,-0.17024864,-12.3953,-11.4426,-49.5812,-50.534,-0.14187386,-0.14460009,-0.00709369,17.4737,13.2178,-3.0988,-61.9766,-4.4269,349.4741,20.0000,,17.4737,9.2575,12.8577,25.0725,33.3014,38.573,38.573,11.8291,0.0,3.0,3.0,1.35901,14,9,1,2,0E-8,-0.17734233,,0E-8,0.000000,0.756440,0.000000,,2026-06-28,2026-06-28,1,14,14,1,1.000000,,,0.000000,,,,,,,,GLOBAL_BASELINE_NO_ENTITY_RANKING,,,NOT_APPLICABLE_GLOBAL_BASELINE,HF9g-P5,,,,X 全窗基线 · 不参与实体赏罚,3923986,393,A168_HF9F_20260827_0900,2026-08-27 09:00:00
2026-06-28,152201854,1157,0,10.8004446080,-10.8004446080,-10.8004446080,0E-7,1,1,0.49324550000000000,0.493245500000,-0.9865810262130424,-0.9865810262130424,-0.9865810262130424,0E-17,ELIGIBLE,R03b_20260811_FULL_v1,L1_ELIGIBILITY,v2026-08-11,2026-03-21..2026-08-06,baccarat_bet02_101_all_pairs_incl_sentinel,round_win = game_pnl > 0 (decisive only),COMPATIBILITY_ONLY_NOT_PRODUCTION,349.4741,264.3563,-61.9766,20,20,0.17734233,,0.17734233,0.17734233,61.9766,349.4741,THIN_EXPOSURE,0.0000,-2.4791,4.0000,96.0000,AG03-UNRESOLVED,ALL5_LEVELS_bet23_to_bet27,-2.4791,-2.4791,-2.4791,-2.4791,-2.4791,4.000000,4.000000,4.000000,4.000000,4.000000,96.000000,96.000000,96.000000,96.000000,96.000000,5.0,-12.3953,-11.4426,-49.5812,-50.534,PENDING_AG03,FALSE,NOT_FOR_ENFORCEMENT,-59.4975,253.7821,-61.9766,-59.4975,-2.4791,-0.17734233,-0.17024864,-2.4791,-59.4975,-0.17024864,-2.4791,-2.4791,-2.4791,-2.4791,-2.4791,-59.4975,-0.17024864,-12.3953,-11.4426,-49.5812,-50.534,-0.14187386,-0.14460009,-0.00709369,17.4737,13.2178,-3.0988,-61.9766,-4.4269,349.4741,20.0000,,17.4737,9.2575,12.8577,25.0725,33.3014,38.573,38.573,11.8291,0.0,3.0,3.0,1.35901,14,9,1,2,0E-8,-0.17734233,,0E-8,0.000000,0.756440,0.000000,,2026-06-28,2026-06-28,1,14,14,1,1.000000,,,0.000000,,,,,,,,GLOBAL_BASELINE_NO_ENTITY_RANKING,,,NOT_APPLICABLE_GLOBAL_BASELINE,HF9g-P5,,,,X 全窗基线 · 不参与实体赏罚,3923987,393,A168_HF9F_20260827_0900,2026-08-27 09:00:00
2026-06-28,152201854,1318,0,7.7171748259,7.7171748259,7.7171748259,1.0000000,1,1,0.49324550000000000,0.493245500000,1.01360149184955,1.01360149184955,1.01360149184955,0E-17,ELIGIBLE,R03b_20260811_FULL_v1,L1_ELIGIBILITY,v2026-08-11,2026-03-21..2026-08-06,baccarat_bet02_101_all_pairs_incl_sentinel,round_win = game_pnl > 0 (decisive only),COMPATIBILITY_ONLY_NOT_PRODUCTION,349.4741,264.3563,-61.9766,20,20,0.17734233,,0.17734233,0.17734233,61.9766,349.4741,THIN_EXPOSURE,0.0000,-2.4791,4.0000,96.0000,AG03-UNRESOLVED,ALL5_LEVELS_bet23_to_bet27,-2.4791,-2.4791,-2.4791,-2.4791,-2.4791,4.000000,4.000000,4.000000,4.000000,4.000000,96.000000,96.000000,96.000000,96.000000,96.000000,5.0,-12.3953,-11.4426,-49.5812,-50.534,PENDING_AG03,FALSE,NOT_FOR_ENFORCEMENT,-59.4975,253.7821,-61.9766,-59.4975,-2.4791,-0.17734233,-0.17024864,-2.4791,-59.4975,-0.17024864,-2.4791,-2.4791,-2.4791,-2.4791,-2.4791,-59.4975,-0.17024864,-12.3953,-11.4426,-49.5812,-50.534,-0.14187386,-0.14460009,-0.00709369,17.4737,13.2178,-3.0988,-61.9766,-4.4269,349.4741,20.0000,,17.4737,9.2575,12.8577,25.0725,33.3014,38.573,38.573,11.8291,0.0,3.0,3.0,1.35901,14,9,1,2,0E-8,-0.17734233,,0E-8,0.000000,0.756440,0.000000,,2026-06-28,2026-06-28,1,14,14,1,1.000000,,,0.000000,,,,,,,,GLOBAL_BASELINE_NO_ENTITY_RANKING,,,NOT_APPLICABLE_GLOBAL_BASELINE,HF9g-P5,,,,X 全窗基线 · 不参与实体赏罚,3923988,393,A168_HF9F_20260827_0900,2026-08-27 09:00:00
2026-06-28,152201854,1490,0,8.2289101775,-8.2289101775,-8.2289101775,0E-7,1,1,0.50665070000000000,0.506650700000,-1.013391052207602,-1.013391052207602,-1.013391052207602,0E-17,ELIGIBLE,R03b_20260811_FULL_v1,L1_ELIGIBILITY,v2026-08-11,2026-03-21..2026-08-06,baccarat_bet02_101_all_pairs_incl_sentinel,round_win = game_pnl > 0 (decisive only),COMPATIBILITY_ONLY_NOT_PRODUCTION,349.4741,264.3563,-61.9766,20,20,0.17734233,,0.17734233,0.17734233,61.9766,349.4741,THIN_EXPOSURE,0.0000,-2.4791,4.0000,96.0000,AG03-UNRESOLVED,ALL5_LEVELS_bet23_to_bet27,-2.4791,-2.4791,-2.4791,-2.4791,-2.4791,4.000000,4.000000,4.000000,4.000000,4.000000,96.000000,96.000000,96.000000,96.000000,96.000000,5.0,-12.3953,-11.4426,-49.5812,-50.534,PENDING_AG03,FALSE,NOT_FOR_ENFORCEMENT,-59.4975,253.7821,-61.9766,-59.4975,-2.4791,-0.17734233,-0.17024864,-2.4791,-59.4975,-0.17024864,-2.4791,-2.4791,-2.4791,-2.4791,-2.4791,-59.4975,-0.17024864,-12.3953,-11.4426,-49.5812,-50.534,-0.14187386,-0.14460009,-0.00709369,17.4737,13.2178,-3.0988,-61.9766,-4.4269,349.4741,20.0000,,17.4737,9.2575,12.8577,25.0725,33.3014,38.573,38.573,11.8291,0.0,3.0,3.0,1.35901,14,9,1,2,0E-8,-0.17734233,,0E-8,0.000000,0.756440,0.000000,,2026-06-28,2026-06-28,1,14,14,1,1.000000,,,0.000000,,,,,,,,GLOBAL_BASELINE_NO_ENTITY_RANKING,,,NOT_APPLICABLE_GLOBAL_BASELINE,HF9g-P5,,,,X 全窗基线 · 不参与实体赏罚,3923989,393,A168_HF9F_20260827_0900,2026-08-27 09:00:00
2026-06-28,152201854,1645,0,25.7153443048,-25.7153443048,-25.7153443048,0E-7,1,1,0.49324550000000000,0.493245500000,-0.9865810262130424,-0.9865810262130424,-0.9865810262130424,0E-17,ELIGIBLE,R03b_20260811_FULL_v1,L1_ELIGIBILITY,v2026-08-11,2026-03-21..2026-08-06,baccarat_bet02_101_all_pairs_incl_sentinel,round_win = game_pnl > 0 (decisive only),COMPATIBILITY_ONLY_NOT_PRODUCTION,349.4741,264.3563,-61.9766,20,20,0.17734233,,0.17734233,0.17734233,61.9766,349.4741,THIN_EXPOSURE,0.0000,-2.4791,4.0000,96.0000,AG03-UNRESOLVED,ALL5_LEVELS_bet23_to_bet27,-2.4791,-2.4791,-2.4791,-2.4791,-2.4791,4.000000,4.000000,4.000000,4.000000,4.000000,96.000000,96.000000,96.000000,96.000000,96.000000,5.0,-12.3953,-11.4426,-49.5812,-50.534,PENDING_AG03,FALSE,NOT_FOR_ENFORCEMENT,-59.4975,253.7821,-61.9766,-59.4975,-2.4791,-0.17734233,-0.17024864,-2.4791,-59.4975,-0.17024864,-2.4791,-2.4791,-2.4791,-2.4791,-2.4791,-59.4975,-0.17024864,-12.3953,-11.4426,-49.5812,-50.534,-0.14187386,-0.14460009,-0.00709369,17.4737,13.2178,-3.0988,-61.9766,-4.4269,349.4741,20.0000,,17.4737,9.2575,12.8577,25.0725,33.3014,38.573,38.573,11.8291,0.0,3.0,3.0,1.35901,14,9,1,2,0E-8,-0.17734233,,0E-8,0.000000,0.756440,0.000000,,2026-06-28,2026-06-28,1,14,14,1,1.000000,,,0.000000,,,,,,,,GLOBAL_BASELINE_NO_ENTITY_RANKING,,,NOT_APPLICABLE_GLOBAL_BASELINE,HF9g-P5,,,,X 全窗基线 · 不参与实体赏罚,3923990,393,A168_HF9F_20260827_0900,2026-08-27 09:00:00
2026-06-28,152201854,2280,0,12.8576721524,0E-10,0E-10,,1,1,0.49324550000000000,0.493245500000,,,,0E-17,NO_DECISIVE_ROUND,R03b_20260811_FULL_v1,L1_ELIGIBILITY,v2026-08-11,2026-03-21..2026-08-06,baccarat_bet02_101_all_pairs_incl_sentinel,round_win = game_pnl > 0 (decisive only),COMPATIBILITY_ONLY_NOT_PRODUCTION,349.4741,264.3563,-61.9766,20,20,0.17734233,,0.17734233,0.17734233,61.9766,349.4741,THIN_EXPOSURE,0.0000,-2.4791,4.0000,96.0000,AG03-UNRESOLVED,ALL5_LEVELS_bet23_to_bet27,-2.4791,-2.4791,-2.4791,-2.4791,-2.4791,4.000000,4.000000,4.000000,4.000000,4.000000,96.000000,96.000000,96.000000,96.000000,96.000000,5.0,-12.3953,-11.4426,-49.5812,-50.534,PENDING_AG03,FALSE,NOT_FOR_ENFORCEMENT,-59.4975,253.7821,-61.9766,-59.4975,-2.4791,-0.17734233,-0.17024864,-2.4791,-59.4975,-0.17024864,-2.4791,-2.4791,-2.4791,-2.4791,-2.4791,-59.4975,-0.17024864,-12.3953,-11.4426,-49.5812,-50.534,-0.14187386,-0.14460009,-0.00709369,17.4737,13.2178,-3.0988,-61.9766,-4.4269,349.4741,20.0000,,17.4737,9.2575,12.8577,25.0725,33.3014,38.573,38.573,11.8291,0.0,3.0,3.0,1.35901,14,9,1,2,0E-8,-0.17734233,,0E-8,0.000000,0.756440,0.000000,,2026-06-28,2026-06-28,1,14,14,1,1.000000,,,0.000000,,,,,,,,GLOBAL_BASELINE_NO_ENTITY_RANKING,,,NOT_APPLICABLE_GLOBAL_BASELINE,HF9g-P5,,,,X 全窗基线 · 不参与实体赏罚,3923991,393,A168_HF9F_20260827_0900,2026-08-27 09:00:00
2026-06-28,152201854,550,0,24.4295770896,0E-10,0E-10,,1,1,0.50665070000000000,0.506650700000,,,,0E-17,NO_DECISIVE_ROUND,R03b_20260811_FULL_v1,L1_ELIGIBILITY,v2026-08-11,2026-03-21..2026-08-06,baccarat_bet02_101_all_pairs_incl_sentinel,round_win = game_pnl > 0 (decisive only),COMPATIBILITY_ONLY_NOT_PRODUCTION,349.4741,264.3563,-61.9766,20,20,0.17734233,,0.17734233,0.17734233,61.9766,349.4741,THIN_EXPOSURE,0.0000,-2.4791,4.0000,96.0000,AG03-UNRESOLVED,ALL5_LEVELS_bet23_to_bet27,-2.4791,-2.4791,-2.4791,-2.4791,-2.4791,4.000000,4.000000,4.000000,4.000000,4.000000,96.000000,96.000000,96.000000,96.000000,96.000000,5.0,-12.3953,-11.4426,-49.5812,-50.534,PENDING_AG03,FALSE,NOT_FOR_ENFORCEMENT,-59.4975,253.7821,-61.9766,-59.4975,-2.4791,-0.17734233,-0.17024864,-2.4791,-59.4975,-0.17024864,-2.4791,-2.4791,-2.4791,-2.4791,-2.4791,-59.4975,-0.17024864,-12.3953,-11.4426,-49.5812,-50.534,-0.14187386,-0.14460009,-0.00709369,17.4737,13.2178,-3.0988,-61.9766,-4.4269,349.4741,20.0000,,17.4737,9.2575,12.8577,25.0725,33.3014,38.573,38.573,11.8291,0.0,3.0,3.0,1.35901,14,9,1,2,0E-8,-0.17734233,,0E-8,0.000000,0.756440,0.000000,,2026-06-28,2026-06-28,1,14,14,1,1.000000,,,0.000000,,,,,,,,GLOBAL_BASELINE_NO_ENTITY_RANKING,,,NOT_APPLICABLE_GLOBAL_BASELINE,HF9g-P5,,,,X 全窗基线 · 不参与实体赏罚,3923992,393,A168_HF9F_20260827_0900,2026-08-27 09:00:00
2026-06-28,152201854,987,0,25.7153443048,24.4295770896,24.4295770896,1.0000000,1,1,0.50665070000000000,0.506650700000,0.9867858985152569,0.9867858985152569,0.9867858985152569,0E-17,ELIGIBLE,R03b_20260811_FULL_v1,L1_ELIGIBILITY,v2026-08-11,2026-03-21..2026-08-06,baccarat_bet02_101_all_pairs_incl_sentinel,round_win = game_pnl > 0 (decisive only),COMPATIBILITY_ONLY_NOT_PRODUCTION,349.4741,264.3563,-61.9766,20,20,0.17734233,,0.17734233,0.17734233,61.9766,349.4741,THIN_EXPOSURE,0.0000,-2.4791,4.0000,96.0000,AG03-UNRESOLVED,ALL5_LEVELS_bet23_to_bet27,-2.4791,-2.4791,-2.4791,-2.4791,-2.4791,4.000000,4.000000,4.000000,4.000000,4.000000,96.000000,96.000000,96.000000,96.000000,96.000000,5.0,-12.3953,-11.4426,-49.5812,-50.534,PENDING_AG03,FALSE,NOT_FOR_ENFORCEMENT,-59.4975,253.7821,-61.9766,-59.4975,-2.4791,-0.17734233,-0.17024864,-2.4791,-59.4975,-0.17024864,-2.4791,-2.4791,-2.4791,-2.4791,-2.4791,-59.4975,-0.17024864,-12.3953,-11.4426,-49.5812,-50.534,-0.14187386,-0.14460009,-0.00709369,17.4737,13.2178,-3.0988,-61.9766,-4.4269,349.4741,20.0000,,17.4737,9.2575,12.8577,25.0725,33.3014,38.573,38.573,11.8291,0.0,3.0,3.0,1.35901,14,9,1,2,0E-8,-0.17734233,,0E-8,0.000000,0.756440,0.000000,,2026-06-28,2026-06-28,1,14,14,1,1.000000,,,0.000000,,,,,,,,GLOBAL_BASELINE_NO_ENTITY_RANKING,,,NOT_APPLICABLE_GLOBAL_BASELINE,HF9g-P5,,,,X 全窗基线 · 不参与实体赏罚,3923993,393,A168_HF9F_20260827_0900,2026-08-27 09:00:00
2026-06-09,151230231,1299,0,51.4310695091,-12.8577673772,-12.8577673772,0.5000000,3,3,0.49324550000000000,0.493245500000,0.01910635448239258,0.01910635448239258,0.01910635448239258,0E-17,ELIGIBLE,R03b_20260811_FULL_v1,L1_ELIGIBILITY,v2026-08-11,2026-03-21..2026-08-06,baccarat_bet02_101_all_pairs_incl_sentinel,round_win = game_pnl > 0 (decisive only),COMPATIBILITY_ONLY_NOT_PRODUCTION,398.8479,385.9902,-61.9744,7,6,0.15538362,,0.15538362,0.15538362,61.9744,398.8479,THIN_EXPOSURE,0.0000,-2.4790,4.0000,96.0000,AG03-UNRESOLVED,ALL5_LEVELS_bet23_to_bet27,-2.4790,-2.4790,-3.0987,-3.0987,-3.0987,4.000000,4.000000,5.000000,5.000000,5.000000,96.000000,96.000000,95.000000,95.000000,95.000000,5.0,-14.2541,-13.0049,-47.7203,-48.9695,PENDING_AG03,FALSE,NOT_FOR_ENFORCEMENT,-59.4955,370.5506,-61.9744,-59.4955,-2.4790,-0.15538362,-0.14916828,-2.4790,-59.4955,-0.14916828,-2.4790,-2.4790,-3.0987,-3.0987,-3.0987,-59.4955,-0.14916828,-14.2541,-13.0049,-47.7203,-48.9695,-0.11964539,-0.12277743,-0.00621534,56.9783,64.3317,-10.3291,-30.9872,-20.6581,199.4240,3.0000,,56.9783,7.0718,12.8578,102.8621,194.6151,211.1245,211.1245,12.8578,-2.5716,16.42,16.42,4.431429,3,3,2,3,0E-8,-0.15538362,,0E-8,0.000000,0.967763,0.000000,,2026-06-09,2026-06-10,2,3,3,2,1.000000,,,0.000000,,,,,,,,GLOBAL_BASELINE_NO_ENTITY_RANKING,,,NOT_APPLICABLE_GLOBAL_BASELINE,HF9g-P5,,,,X 全窗基线 · 不参与实体赏罚,3923994,393,A168_HF9F_20260827_0900,2026-08-27 09:00:00
2026-06-09,151230231,1710,0,218.8392007612,203.4098799084,203.4098799084,0.5000000,3,2,0.26761569999992498,0.264721825000,0.7423290806943921,0.7541815936759781,0.7423290806943921,0.00289387499992498,ELIGIBLE,R03b_20260811_FULL_v1,L1_ELIGIBILITY,v2026-08-11,2026-03-21..2026-08-06,baccarat_bet02_101_all_pairs_incl_sentinel,round_win = game_pnl > 0 (decisive only),COMPATIBILITY_ONLY_NOT_PRODUCTION,398.8479,385.9902,-61.9744,7,6,0.15538362,,0.15538362,0.15538362,61.9744,398.8479,THIN_EXPOSURE,0.0000,-2.4790,4.0000,96.0000,AG03-UNRESOLVED,ALL5_LEVELS_bet23_to_bet27,-2.4790,-2.4790,-3.0987,-3.0987,-3.0987,4.000000,4.000000,5.000000,5.000000,5.000000,96.000000,96.000000,95.000000,95.000000,95.000000,5.0,-14.2541,-13.0049,-47.7203,-48.9695,PENDING_AG03,FALSE,NOT_FOR_ENFORCEMENT,-59.4955,370.5506,-61.9744,-59.4955,-2.4790,-0.15538362,-0.14916828,-2.4790,-59.4955,-0.14916828,-2.4790,-2.4790,-3.0987,-3.0987,-3.0987,-59.4955,-0.14916828,-14.2541,-13.0049,-47.7203,-48.9695,-0.11964539,-0.12277743,-0.00621534,56.9783,64.3317,-10.3291,-30.9872,-20.6581,199.4240,3.0000,,56.9783,7.0718,12.8578,102.8621,194.6151,211.1245,211.1245,12.8578,-2.5716,16.42,16.42,4.431429,3,3,2,3,0E-8,-0.15538362,,0E-8,0.000000,0.967763,0.000000,,2026-06-09,2026-06-10,2,3,3,2,1.000000,,,0.000000,,,,,,,,GLOBAL_BASELINE_NO_ENTITY_RANKING,,,NOT_APPLICABLE_GLOBAL_BASELINE,HF9g-P5,,,,X 全窗基线 · 不参与实体赏罚,3923995,393,A168_HF9F_20260827_0900,2026-08-27 09:00:00
2026-06-10,151230231,-1,1,128.5776737727,-128.5776737727,-128.5776737727,0E-7,1,1,0.49324550000000000,0.493245500000,-0.9865810262130424,-0.9865810262130424,-0.9865810262130424,0E-17,SENTINEL_DEALER,R03b_20260811_FULL_v1,L1_ELIGIBILITY,v2026-08-11,2026-03-21..2026-08-06,baccarat_bet02_101_all_pairs_incl_sentinel,round_win = game_pnl > 0 (decisive only),COMPATIBILITY_ONLY_NOT_PRODUCTION,398.8479,385.9902,-61.9744,7,6,0.15538362,,0.15538362,0.15538362,61.9744,398.8479,THIN_EXPOSURE,0.0000,-2.4790,4.0000,96.0000,AG03-UNRESOLVED,ALL5_LEVELS_bet23_to_bet27,-2.4790,-2.4790,-3.0987,-3.0987,-3.0987,4.000000,4.000000,5.000000,5.000000,5.000000,96.000000,96.000000,95.000000,95.000000,95.000000,5.0,-14.2541,-13.0049,-47.7203,-48.9695,PENDING_AG03,FALSE,NOT_FOR_ENFORCEMENT,-59.4955,370.5506,-61.9744,-59.4955,-2.4790,-0.15538362,-0.14916828,-2.4790,-59.4955,-0.14916828,-2.4790,-2.4790,-3.0987,-3.0987,-3.0987,-59.4955,-0.14916828,-14.2541,-13.0049,-47.7203,-48.9695,-0.11964539,-0.12277743,-0.00621534,56.9783,64.3317,-10.3291,-30.9872,-20.6581,199.4240,3.0000,,56.9783,7.0718,12.8578,102.8621,194.6151,211.1245,211.1245,12.8578,-2.5716,16.42,16.42,4.431429,3,3,2,3,0E-8,-0.15538362,,0E-8,0.000000,0.967763,0.000000,,2026-06-09,2026-06-10,2,3,3,2,1.000000,,,0.000000,,,,,,,,GLOBAL_BASELINE_NO_ENTITY_RANKING,,,NOT_APPLICABLE_GLOBAL_BASELINE,HF9g-P5,,,,X 全窗基线 · 不参与实体赏罚,3923996,393,A168_HF9F_20260827_0900,2026-08-27 09:00:00
2026-07-11,152889338,1299,0,99.3336876099,45.9265012468,45.9265012468,0.8000000,11,11,0.50665070000000000,0.506650700000,1.855468024713057,1.855468024713057,1.855468024713057,0E-17,ELIGIBLE,R03b_20260811_FULL_v1,L1_ELIGIBILITY,v2026-08-11,2026-03-21..2026-08-06,baccarat_bet02_101_all_pairs_incl_sentinel,round_win = game_pnl > 0 (decisive only),COMPATIBILITY_ONLY_NOT_PRODUCTION,206.8430,199.4849,-61.9711,23,23,0.29960474,0.29960474,,0.29960474,61.9711,206.8430,THIN_EXPOSURE,0.0000,-2.4788,4.0000,96.0000,AG03-UNRESOLVED,ALL5_LEVELS_bet23_to_bet27,-2.4788,-2.4788,-2.4788,-3.7183,-3.7183,4.000000,4.000000,4.000000,6.000000,6.000000,96.000000,96.000000,96.000000,94.000000,94.000000,5.0,-14.8731,-13.525,-47.0981,-48.4461,PENDING_AG03,FALSE,NOT_FOR_ENFORCEMENT,-59.4923,191.5055,-61.9711,-59.4923,-2.4788,-0.29960474,-0.28762055,-2.4788,-59.4923,-0.28762055,-2.4788,-2.4788,-2.4788,-3.7183,-3.7183,-59.4923,-0.28762055,-14.8731,-13.525,-47.0981,-48.4461,-0.22769960,-0.23421683,-0.01198419,8.9932,8.6733,-2.6944,-61.9711,-15.4928,206.8430,23.0000,8.9932,,6.4383,10.2195,10.2195,10.383,12.1817,14.3073,10.2195,5.8251,1.192,1.4,0.88,3,4,2,1,1.00000000,-0.29960474,-0.29960474,0E-8,0.000000,0.964427,0.000000,,2026-07-11,2026-07-11,1,4,3,1,1.000000,,1.000000,3.333333,,,,,,,,GLOBAL_BASELINE_NO_ENTITY_RANKING,,,NOT_APPLICABLE_GLOBAL_BASELINE,HF9g-P5,,,,X 全窗基线 · 不参与实体赏罚,3923997,393,A168_HF9F_20260827_0900,2026-08-27 09:00:00
2026-07-11,152889338,2108,0,91.1580754609,12.4678085270,12.4678085270,0.6000000,10,10,0.50665070000000000,0.506650700000,0.5904450471821361,0.5904450471821361,0.5904450471821361,0E-17,ELIGIBLE,R03b_20260811_FULL_v1,L1_ELIGIBILITY,v2026-08-11,2026-03-21..2026-08-06,baccarat_bet02_101_all_pairs_incl_sentinel,round_win = game_pnl > 0 (decisive only),COMPATIBILITY_ONLY_NOT_PRODUCTION,206.8430,199.4849,-61.9711,23,23,0.29960474,0.29960474,,0.29960474,61.9711,206.8430,THIN_EXPOSURE,0.0000,-2.4788,4.0000,96.0000,AG03-UNRESOLVED,ALL5_LEVELS_bet23_to_bet27,-2.4788,-2.4788,-2.4788,-3.7183,-3.7183,4.000000,4.000000,4.000000,6.000000,6.000000,96.000000,96.000000,96.000000,94.000000,94.000000,5.0,-14.8731,-13.525,-47.0981,-48.4461,PENDING_AG03,FALSE,NOT_FOR_ENFORCEMENT,-59.4923,191.5055,-61.9711,-59.4923,-2.4788,-0.29960474,-0.28762055,-2.4788,-59.4923,-0.28762055,-2.4788,-2.4788,-2.4788,-3.7183,-3.7183,-59.4923,-0.28762055,-14.8731,-13.525,-47.0981,-48.4461,-0.22769960,-0.23421683,-0.01198419,8.9932,8.6733,-2.6944,-61.9711,-15.4928,206.8430,23.0000,8.9932,,6.4383,10.2195,10.2195,10.383,12.1817,14.3073,10.2195,5.8251,1.192,1.4,0.88,3,4,2,1,1.00000000,-0.29960474,-0.29960474,0E-8,0.000000,0.964427,0.000000,,2026-07-11,2026-07-11,1,4,3,1,1.000000,,1.000000,3.333333,,,,,,,,GLOBAL_BASELINE_NO_ENTITY_RANKING,,,NOT_APPLICABLE_GLOBAL_BASELINE,HF9g-P5,,,,X 全窗基线 · 不参与实体赏罚,3923998,393,A168_HF9F_20260827_0900,2026-08-27 09:00:00
2026-07-11,152889338,2147,0,6.1317091117,-6.1317091117,-6.1317091117,0E-7,1,1,0.50665070000000000,0.506650700000,-1.013391052207602,-1.013391052207602,-1.013391052207602,0E-17,ELIGIBLE,R03b_20260811_FULL_v1,L1_ELIGIBILITY,v2026-08-11,2026-03-21..2026-08-06,baccarat_bet02_101_all_pairs_incl_sentinel,round_win = game_pnl > 0 (decisive only),COMPATIBILITY_ONLY_NOT_PRODUCTION,206.8430,199.4849,-61.9711,23,23,0.29960474,0.29960474,,0.29960474,61.9711,206.8430,THIN_EXPOSURE,0.0000,-2.4788,4.0000,96.0000,AG03-UNRESOLVED,ALL5_LEVELS_bet23_to_bet27,-2.4788,-2.4788,-2.4788,-3.7183,-3.7183,4.000000,4.000000,4.000000,6.000000,6.000000,96.000000,96.000000,96.000000,94.000000,94.000000,5.0,-14.8731,-13.525,-47.0981,-48.4461,PENDING_AG03,FALSE,NOT_FOR_ENFORCEMENT,-59.4923,191.5055,-61.9711,-59.4923,-2.4788,-0.29960474,-0.28762055,-2.4788,-59.4923,-0.28762055,-2.4788,-2.4788,-2.4788,-3.7183,-3.7183,-59.4923,-0.28762055,-14.8731,-13.525,-47.0981,-48.4461,-0.22769960,-0.23421683,-0.01198419,8.9932,8.6733,-2.6944,-61.9711,-15.4928,206.8430,23.0000,8.9932,,6.4383,10.2195,10.2195,10.383,12.1817,14.3073,10.2195,5.8251,1.192,1.4,0.88,3,4,2,1,1.00000000,-0.29960474,-0.29960474,0E-8,0.000000,0.964427,0.000000,,2026-07-11,2026-07-11,1,4,3,1,1.000000,,1.000000,3.333333,,,,,,,,GLOBAL_BASELINE_NO_ENTITY_RANKING,,,NOT_APPLICABLE_GLOBAL_BASELINE,HF9g-P5,,,,X 全窗基线 · 不参与实体赏罚,3923999,393,A168_HF9F_20260827_0900,2026-08-27 09:00:00
2026-07-11,152889338,986,0,10.2195151862,9.7085394269,9.7085394269,1.0000000,1,1,0.50665070000000000,0.506650700000,0.9867858985152569,0.9867858985152569,0.9867858985152569,0E-17,ELIGIBLE,R03b_20260811_FULL_v1,L1_ELIGIBILITY,v2026-08-11,2026-03-21..2026-08-06,baccarat_bet02_101_all_pairs_incl_sentinel,round_win = game_pnl > 0 (decisive only),COMPATIBILITY_ONLY_NOT_PRODUCTION,206.8430,199.4849,-61.9711,23,23,0.29960474,0.29960474,,0.29960474,61.9711,206.8430,THIN_EXPOSURE,0.0000,-2.4788,4.0000,96.0000,AG03-UNRESOLVED,ALL5_LEVELS_bet23_to_bet27,-2.4788,-2.4788,-2.4788,-3.7183,-3.7183,4.000000,4.000000,4.000000,6.000000,6.000000,96.000000,96.000000,96.000000,94.000000,94.000000,5.0,-14.8731,-13.525,-47.0981,-48.4461,PENDING_AG03,FALSE,NOT_FOR_ENFORCEMENT,-59.4923,191.5055,-61.9711,-59.4923,-2.4788,-0.29960474,-0.28762055,-2.4788,-59.4923,-0.28762055,-2.4788,-2.4788,-2.4788,-3.7183,-3.7183,-59.4923,-0.28762055,-14.8731,-13.525,-47.0981,-48.4461,-0.22769960,-0.23421683,-0.01198419,8.9932,8.6733,-2.6944,-61.9711,-15.4928,206.8430,23.0000,8.9932,,6.4383,10.2195,10.2195,10.383,12.1817,14.3073,10.2195,5.8251,1.192,1.4,0.88,3,4,2,1,1.00000000,-0.29960474,-0.29960474,0E-8,0.000000,0.964427,0.000000,,2026-07-11,2026-07-11,1,4,3,1,1.000000,,1.000000,3.333333,,,,,,,,GLOBAL_BASELINE_NO_ENTITY_RANKING,,,NOT_APPLICABLE_GLOBAL_BASELINE,HF9g-P5,,,,X 全窗基线 · 不参与实体赏罚,3924000,393,A168_HF9F_20260827_0900,2026-08-27 09:00:00
2026-06-08,151147197,1210,0,30.8586417056,-12.8577673772,-12.8577673772,0.5000000,5,5,0.49592654000000000,0.495926540000,0.016294380756781617,0.016294380756781617,0.016294380756781617,0E-17,ELIGIBLE,R03b_20260811_FULL_v1,L1_ELIGIBILITY,v2026-08-11,2026-03-21..2026-08-06,baccarat_bet02_101_all_pairs_incl_sentinel,round_win = game_pnl > 0 (decisive only),COMPATIBILITY_ONLY_NOT_PRODUCTION,169.7225,133.7208,-61.3316,18,18,0.36136364,,0.36136364,0.36136364,61.3316,169.7225,THIN_EXPOSURE,0.0000,-1.8399,3.0000,97.0000,AG03-UNRESOLVED,ALL5_LEVELS_bet23_to_bet27,-1.8399,-1.8399,-1.8399,-2.4533,-2.4533,3.000000,3.000000,3.000000,4.000000,4.000000,97.000000,97.000000,97.000000,96.000000,96.000000,5.0,-10.4264,-9.7444,-50.9052,-51.5872,PENDING_AG03,FALSE,NOT_FOR_ENFORCEMENT,-59.4916,129.7092,-61.3316,-59.4916,-1.8399,-0.36136364,-0.35052273,-1.8399,-59.4916,-0.35052273,-1.8399,-1.8399,-1.8399,-2.4533,-2.4533,-59.4916,-0.35052273,-10.4264,-9.7444,-50.9052,-51.5872,-0.29993182,-0.30394998,-0.01084091,9.4290,7.4289,-3.4073,-61.3316,-8.7617,169.7225,18.0000,,9.4290,2.5716,2.5716,7.7147,25.7155,41.1449,51.4311,2.5716,0.0,16.000003,20.0,3.666667,6,6,1,2,0E-8,-0.36136364,,0E-8,0.000000,0.787879,0.111111,,2026-06-08,2026-06-08,1,7,6,1,1.000000,,,0.000000,,,,,,,,GLOBAL_BASELINE_NO_ENTITY_RANKING,,,NOT_APPLICABLE_GLOBAL_BASELINE,HF9g-P5,,,,X 全窗基线 · 不参与实体赏罚,3924001,393,A168_HF9F_20260827_0900,2026-08-27 09:00:00
2026-06-08,151147197,1985,0,2.5715534755,2.5715534755,2.5715534755,1.0000000,1,1,0.49324550000000000,0.493245500000,1.01360149184955,1.01360149184955,1.01360149184955,0E-17,ELIGIBLE,R03b_20260811_FULL_v1,L1_ELIGIBILITY,v2026-08-11,2026-03-21..2026-08-06,baccarat_bet02_101_all_pairs_incl_sentinel,round_win = game_pnl > 0 (decisive only),COMPATIBILITY_ONLY_NOT_PRODUCTION,169.7225,133.7208,-61.3316,18,18,0.36136364,,0.36136364,0.36136364,61.3316,169.7225,THIN_EXPOSURE,0.0000,-1.8399,3.0000,97.0000,AG03-UNRESOLVED,ALL5_LEVELS_bet23_to_bet27,-1.8399,-1.8399,-1.8399,-2.4533,-2.4533,3.000000,3.000000,3.000000,4.000000,4.000000,97.000000,97.000000,97.000000,96.000000,96.000000,5.0,-10.4264,-9.7444,-50.9052,-51.5872,PENDING_AG03,FALSE,NOT_FOR_ENFORCEMENT,-59.4916,129.7092,-61.3316,-59.4916,-1.8399,-0.36136364,-0.35052273,-1.8399,-59.4916,-0.35052273,-1.8399,-1.8399,-1.8399,-2.4533,-2.4533,-59.4916,-0.35052273,-10.4264,-9.7444,-50.9052,-51.5872,-0.29993182,-0.30394998,-0.01084091,9.4290,7.4289,-3.4073,-61.3316,-8.7617,169.7225,18.0000,,9.4290,2.5716,2.5716,7.7147,25.7155,41.1449,51.4311,2.5716,0.0,16.000003,20.0,3.666667,6,6,1,2,0E-8,-0.36136364,,0E-8,0.000000,0.787879,0.111111,,2026-06-08,2026-06-08,1,7,6,1,1.000000,,,0.000000,,,,,,,,GLOBAL_BASELINE_NO_ENTITY_RANKING,,,NOT_APPLICABLE_GLOBAL_BASELINE,HF9g-P5,,,,X 全窗基线 · 不参与实体赏罚,3924002,393,A168_HF9F_20260827_0900,2026-08-27 09:00:00
2026-06-08,151147197,2108,0,2.5715534755,-2.5715534755,-2.5715534755,0E-7,1,1,0.49324550000000000,0.493245500000,-0.9865810262130424,-0.9865810262130424,-0.9865810262130424,0E-17,ELIGIBLE,R03b_20260811_FULL_v1,L1_ELIGIBILITY,v2026-08-11,2026-03-21..2026-08-06,baccarat_bet02_101_all_pairs_incl_sentinel,round_win = game_pnl > 0 (decisive only),COMPATIBILITY_ONLY_NOT_PRODUCTION,169.7225,133.7208,-61.3316,18,18,0.36136364,,0.36136364,0.36136364,61.3316,169.7225,THIN_EXPOSURE,0.0000,-1.8399,3.0000,97.0000,AG03-UNRESOLVED,ALL5_LEVELS_bet23_to_bet27,-1.8399,-1.8399,-1.8399,-2.4533,-2.4533,3.000000,3.000000,3.000000,4.000000,4.000000,97.000000,97.000000,97.000000,96.000000,96.000000,5.0,-10.4264,-9.7444,-50.9052,-51.5872,PENDING_AG03,FALSE,NOT_FOR_ENFORCEMENT,-59.4916,129.7092,-61.3316,-59.4916,-1.8399,-0.36136364,-0.35052273,-1.8399,-59.4916,-0.35052273,-1.8399,-1.8399,-1.8399,-2.4533,-2.4533,-59.4916,-0.35052273,-10.4264,-9.7444,-50.9052,-51.5872,-0.29993182,-0.30394998,-0.01084091,9.4290,7.4289,-3.4073,-61.3316,-8.7617,169.7225,18.0000,,9.4290,2.5716,2.5716,7.7147,25.7155,41.1449,51.4311,2.5716,0.0,16.000003,20.0,3.666667,6,6,1,2,0E-8,-0.36136364,,0E-8,0.000000,0.787879,0.111111,,2026-06-08,2026-06-08,1,7,6,1,1.000000,,,0.000000,,,,,,,,GLOBAL_BASELINE_NO_ENTITY_RANKING,,,NOT_APPLICABLE_GLOBAL_BASELINE,HF9g-P5,,,,X 全窗基线 · 不参与实体赏罚,3924003,393,A168_HF9F_20260827_0900,2026-08-27 09:00:00
2026-06-08,151147197,2170,0,5.1431069510,5.1431069510,5.1431069510,1.0000000,2,2,0.49324550000000000,0.493245500000,1.4334489766152358,1.4334489766152358,1.4334489766152358,0E-17,ELIGIBLE,R03b_20260811_FULL_v1,L1_ELIGIBILITY,v2026-08-11,2026-03-21..2026-08-06,baccarat_bet02_101_all_pairs_incl_sentinel,round_win = game_pnl > 0 (decisive only),COMPATIBILITY_ONLY_NOT_PRODUCTION,169.7225,133.7208,-61.3316,18,18,0.36136364,,0.36136364,0.36136364,61.3316,169.7225,THIN_EXPOSURE,0.0000,-1.8399,3.0000,97.0000,AG03-UNRESOLVED,ALL5_LEVELS_bet23_to_bet27,-1.8399,-1.8399,-1.8399,-2.4533,-2.4533,3.000000,3.000000,3.000000,4.000000,4.000000,97.000000,97.000000,97.000000,96.000000,96.000000,5.0,-10.4264,-9.7444,-50.9052,-51.5872,PENDING_AG03,FALSE,NOT_FOR_ENFORCEMENT,-59.4916,129.7092,-61.3316,-59.4916,-1.8399,-0.36136364,-0.35052273,-1.8399,-59.4916,-0.35052273,-1.8399,-1.8399,-1.8399,-2.4533,-2.4533,-59.4916,-0.35052273,-10.4264,-9.7444,-50.9052,-51.5872,-0.29993182,-0.30394998,-0.01084091,9.4290,7.4289,-3.4073,-61.3316,-8.7617,169.7225,18.0000,,9.4290,2.5716,2.5716,7.7147,25.7155,41.1449,51.4311,2.5716,0.0,16.000003,20.0,3.666667,6,6,1,2,0E-8,-0.36136364,,0E-8,0.000000,0.787879,0.111111,,2026-06-08,2026-06-08,1,7,6,1,1.000000,,,0.000000,,,,,,,,GLOBAL_BASELINE_NO_ENTITY_RANKING,,,NOT_APPLICABLE_GLOBAL_BASELINE,HF9g-P5,,,,X 全窗基线 · 不参与实体赏罚,3924004,393,A168_HF9F_20260827_0900,2026-08-27 09:00:00
2026-06-08,151147197,2174,0,56.5741764601,46.2879625581,46.2879625581,0.3333333,3,3,0.49324550000000000,0.493245500000,-0.5540025479526107,-0.5540025479526106,-0.5540025479526107,0E-17,ELIGIBLE,R03b_20260811_FULL_v1,L1_ELIGIBILITY,v2026-08-11,2026-03-21..2026-08-06,baccarat_bet02_101_all_pairs_incl_sentinel,round_win = game_pnl > 0 (decisive only),COMPATIBILITY_ONLY_NOT_PRODUCTION,169.7225,133.7208,-61.3316,18,18,0.36136364,,0.36136364,0.36136364,61.3316,169.7225,THIN_EXPOSURE,0.0000,-1.8399,3.0000,97.0000,AG03-UNRESOLVED,ALL5_LEVELS_bet23_to_bet27,-1.8399,-1.8399,-1.8399,-2.4533,-2.4533,3.000000,3.000000,3.000000,4.000000,4.000000,97.000000,97.000000,97.000000,96.000000,96.000000,5.0,-10.4264,-9.7444,-50.9052,-51.5872,PENDING_AG03,FALSE,NOT_FOR_ENFORCEMENT,-59.4916,129.7092,-61.3316,-59.4916,-1.8399,-0.36136364,-0.35052273,-1.8399,-59.4916,-0.35052273,-1.8399,-1.8399,-1.8399,-2.4533,-2.4533,-59.4916,-0.35052273,-10.4264,-9.7444,-50.9052,-51.5872,-0.29993182,-0.30394998,-0.01084091,9.4290,7.4289,-3.4073,-61.3316,-8.7617,169.7225,18.0000,,9.4290,2.5716,2.5716,7.7147,25.7155,41.1449,51.4311,2.5716,0.0,16.000003,20.0,3.666667,6,6,1,2,0E-8,-0.36136364,,0E-8,0.000000,0.787879,0.111111,,2026-06-08,2026-06-08,1,7,6,1,1.000000,,,0.000000,,,,,,,,GLOBAL_BASELINE_NO_ENTITY_RANKING,,,NOT_APPLICABLE_GLOBAL_BASELINE,HF9g-P5,,,,X 全窗基线 · 不参与实体赏罚,3924005,393,A168_HF9F_20260827_0900,2026-08-27 09:00:00
2026-06-08,151147197,2233,0,72.0034973128,22.7582482576,22.7582482576,0.5000000,6,6,0.49771390000000000,0.497713900000,0.009144495583398339,0.009144495583398339,0.009144495583398339,0E-17,ELIGIBLE,R03b_20260811_FULL_v1,L1_ELIGIBILITY,v2026-08-11,2026-03-21..2026-08-06,baccarat_bet02_101_all_pairs_incl_sentinel,round_win = game_pnl > 0 (decisive only),COMPATIBILITY_ONLY_NOT_PRODUCTION,169.7225,133.7208,-61.3316,18,18,0.36136364,,0.36136364,0.36136364,61.3316,169.7225,THIN_EXPOSURE,0.0000,-1.8399,3.0000,97.0000,AG03-UNRESOLVED,ALL5_LEVELS_bet23_to_bet27,-1.8399,-1.8399,-1.8399,-2.4533,-2.4533,3.000000,3.000000,3.000000,4.000000,4.000000,97.000000,97.000000,97.000000,96.000000,96.000000,5.0,-10.4264,-9.7444,-50.9052,-51.5872,PENDING_AG03,FALSE,NOT_FOR_ENFORCEMENT,-59.4916,129.7092,-61.3316,-59.4916,-1.8399,-0.36136364,-0.35052273,-1.8399,-59.4916,-0.35052273,-1.8399,-1.8399,-1.8399,-2.4533,-2.4533,-59.4916,-0.35052273,-10.4264,-9.7444,-50.9052,-51.5872,-0.29993182,-0.30394998,-0.01084091,9.4290,7.4289,-3.4073,-61.3316,-8.7617,169.7225,18.0000,,9.4290,2.5716,2.5716,7.7147,25.7155,41.1449,51.4311,2.5716,0.0,16.000003,20.0,3.666667,6,6,1,2,0E-8,-0.36136364,,0E-8,0.000000,0.787879,0.111111,,2026-06-08,2026-06-08,1,7,6,1,1.000000,,,0.000000,,,,,,,,GLOBAL_BASELINE_NO_ENTITY_RANKING,,,NOT_APPLICABLE_GLOBAL_BASELINE,HF9g-P5,,,,X 全窗基线 · 不参与实体赏罚,3924006,393,A168_HF9F_20260827_0900,2026-08-27 09:00:00
2026-04-30,149374145,2205,0,63.0185904843,61.9682806429,61.9682806429,1.0000000,3,3,0.49771390000000000,0.497713900000,1.739988277604938,1.739988277604938,1.739988277604938,0E-17,ELIGIBLE,R03b_20260811_FULL_v1,L1_ELIGIBILITY,v2026-08-11,2026-03-21..2026-08-06,baccarat_bet02_101_all_pairs_incl_sentinel,round_win = game_pnl > 0 (decisive only),COMPATIBILITY_ONLY_NOT_PRODUCTION,63.0186,63.0186,-61.9683,3,3,0.98333333,,0.98333333,0.98333333,61.9683,63.0186,THIN_EXPOSURE,0.0000,-2.4787,4.0000,96.0000,AG03-UNRESOLVED,ALL5_LEVELS_bet23_to_bet27,-2.4787,-2.4787,-2.4787,-3.7181,-3.7181,4.000000,4.000000,4.000000,6.000000,6.000000,96.000000,96.000000,96.000000,94.000000,94.000000,5.0,-14.8724,-13.5244,-47.0959,-48.4439,PENDING_AG03,FALSE,NOT_FOR_ENFORCEMENT,-59.4895,60.4978,-61.9683,-59.4895,-2.4787,-0.98333333,-0.94400000,-2.4787,-59.4895,-0.94400000,-2.4787,-2.4787,-2.4787,-3.7181,-3.7181,-59.4895,-0.94400000,-14.8724,-13.5244,-47.0959,-48.4439,-0.74733333,-0.76872352,-0.03933333,21.0062,21.0062,-20.6561,-61.9683,-61.9683,63.0186,3.0000,,21.0062,21.0062,21.0062,21.0062,21.0062,21.0062,21.0062,21.0062,21.0062,1.0,1.0,1.0,1,1,1,2,0E-8,-0.98333333,,0E-8,0.000000,1.000000,0.000000,,2026-04-30,2026-04-30,1,1,1,1,1.000000,,,0.000000,,,,,,,,GLOBAL_BASELINE_NO_ENTITY_RANKING,,,NOT_APPLICABLE_GLOBAL_BASELINE,HF9g-P5,,,,X 全窗基线 · 不参与实体赏罚,3924007,393,A168_HF9F_20260827_0900,2026-08-27 09:00:00
2026-05-30,150793734,2250,0,63.0185904843,61.9682806429,61.9682806429,1.0000000,3,3,0.49771390000000000,0.497713900000,1.739988277604938,1.739988277604938,1.739988277604938,0E-17,ELIGIBLE,R03b_20260811_FULL_v1,L1_ELIGIBILITY,v2026-08-11,2026-03-21..2026-08-06,baccarat_bet02_101_all_pairs_incl_sentinel,round_win = game_pnl > 0 (decisive only),COMPATIBILITY_ONLY_NOT_PRODUCTION,63.0186,63.0186,-61.9683,3,3,0.98333333,,0.98333333,0.98333333,61.9683,63.0186,THIN_EXPOSURE,0.0000,-2.4787,4.0000,96.0000,AG03-UNRESOLVED,ALL5_LEVELS_bet23_to_bet27,-2.4787,-2.4787,-2.4787,-3.7181,-3.7181,4.000000,4.000000,4.000000,6.000000,6.000000,96.000000,96.000000,96.000000,94.000000,94.000000,5.0,-14.8724,-13.5244,-47.0959,-48.4439,PENDING_AG03,FALSE,NOT_FOR_ENFORCEMENT,-59.4895,60.4978,-61.9683,-59.4895,-2.4787,-0.98333333,-0.94400000,-2.4787,-59.4895,-0.94400000,-2.4787,-2.4787,-2.4787,-3.7181,-3.7181,-59.4895,-0.94400000,-14.8724,-13.5244,-47.0959,-48.4439,-0.74733333,-0.76872352,-0.03933333,21.0062,21.0062,-20.6561,-61.9683,-61.9683,63.0186,3.0000,,21.0062,21.0062,21.0062,21.0062,21.0062,21.0062,21.0062,21.0062,21.0062,1.0,1.0,1.0,1,1,1,2,0E-8,-0.98333333,,0E-8,0.000000,1.000000,0.000000,,2026-05-30,2026-05-30,1,1,1,1,1.000000,,,0.000000,,,,,,,,GLOBAL_BASELINE_NO_ENTITY_RANKING,,,NOT_APPLICABLE_GLOBAL_BASELINE,HF9g-P5,,,,X 全窗基线 · 不参与实体赏罚,3924008,393,A168_HF9F_20260827_0900,2026-08-27 09:00:00
2026-05-07,136044059,-1,1,30.4589854007,19.9558869867,19.9558869867,1.0000000,3,1,0.42010610000024012,0.197889300000,1.1748834235504018,2.0132884347625057,1.1748834235504018,0.22221680000024012,SENTINEL_DEALER,R03b_20260811_FULL_v1,L1_ELIGIBILITY,v2026-08-11,2026-03-21..2026-08-06,baccarat_bet02_101_all_pairs_incl_sentinel,round_win = game_pnl > 0 (decisive only),COMPATIBILITY_ONLY_NOT_PRODUCTION,72.4714,72.4714,-61.9683,4,2,0.85507246,,0.85507246,0.85507246,61.9683,72.4714,THIN_EXPOSURE,0.0000,-2.4787,4.0000,96.0000,AG03-UNRESOLVED,ALL5_LEVELS_bet23_to_bet27,-2.4787,-2.4787,-3.0984,0.0000,0.0000,4.000000,4.000000,5.000000,0.000000,0.000000,96.000000,96.000000,95.000000,100.000000,100.000000,5.0,-8.0559,-7.7138,-53.9124,-54.2545,PENDING_AG03,FALSE,NOT_FOR_ENFORCEMENT,-59.4895,69.5725,-61.9683,-59.4895,-2.4787,-0.85507246,-0.82086957,-2.4787,-59.4895,-0.82086957,-2.4787,-2.4787,-3.0984,0.0000,0.0000,-59.4895,-0.82086957,-8.0559,-7.7138,-53.9124,-54.2545,-0.74391304,-0.74863304,-0.03420290,18.1178,36.2357,-30.9841,-61.9683,-30.9841,72.4714,2.0000,,18.1178,2.6258,14.7043,33.6099,42.0124,42.0124,42.0124,14.7043,12.0786,2.857143,2.857143,1.232143,2,2,1,3,0E-8,-0.85507246,,0E-8,0.000000,1.000000,0.000000,,2026-05-07,2026-05-07,1,2,2,1,1.000000,,,0.000000,,,,,,,,GLOBAL_BASELINE_NO_ENTITY_RANKING,,,NOT_APPLICABLE_GLOBAL_BASELINE,HF9g-P5,,,,X 全窗基线 · 不参与实体赏罚,3924009,393,A168_HF9F_20260827_0900,2026-08-27 09:00:00
2026-05-07,136044059,2223,0,42.0123936561,42.0123936561,42.0123936561,1.0000000,1,1,0.49324550000000000,0.493245500000,1.01360149184955,1.01360149184955,1.01360149184955,0E-17,ELIGIBLE,R03b_20260811_FULL_v1,L1_ELIGIBILITY,v2026-08-11,2026-03-21..2026-08-06,baccarat_bet02_101_all_pairs_incl_sentinel,round_win = game_pnl > 0 (decisive only),COMPATIBILITY_ONLY_NOT_PRODUCTION,72.4714,72.4714,-61.9683,4,2,0.85507246,,0.85507246,0.85507246,61.9683,72.4714,THIN_EXPOSURE,0.0000,-2.4787,4.0000,96.0000,AG03-UNRESOLVED,ALL5_LEVELS_bet23_to_bet27,-2.4787,-2.4787,-3.0984,0.0000,0.0000,4.000000,4.000000,5.000000,0.000000,0.000000,96.000000,96.000000,95.000000,100.000000,100.000000,5.0,-8.0559,-7.7138,-53.9124,-54.2545,PENDING_AG03,FALSE,NOT_FOR_ENFORCEMENT,-59.4895,69.5725,-61.9683,-59.4895,-2.4787,-0.85507246,-0.82086957,-2.4787,-59.4895,-0.82086957,-2.4787,-2.4787,-3.0984,0.0000,0.0000,-59.4895,-0.82086957,-8.0559,-7.7138,-53.9124,-54.2545,-0.74391304,-0.74863304,-0.03420290,18.1178,36.2357,-30.9841,-61.9683,-30.9841,72.4714,2.0000,,18.1178,2.6258,14.7043,33.6099,42.0124,42.0124,42.0124,14.7043,12.0786,2.857143,2.857143,1.232143,2,2,1,3,0E-8,-0.85507246,,0E-8,0.000000,1.000000,0.000000,,2026-05-07,2026-05-07,1,2,2,1,1.000000,,,0.000000,,,,,,,,GLOBAL_BASELINE_NO_ENTITY_RANKING,,,NOT_APPLICABLE_GLOBAL_BASELINE,HF9g-P5,,,,X 全窗基线 · 不参与实体赏罚,3924010,393,A168_HF9F_20260827_0900,2026-08-27 09:00:00
2026-05-05,149584672,-1,1,63.0185904842,63.0185904842,63.0185904842,1.0000000,2,2,0.49324550000000000,0.493245500000,1.4334489766152358,1.4334489766152358,1.4334489766152358,0E-17,SENTINEL_DEALER,R03b_20260811_FULL_v1,L1_ELIGIBILITY,v2026-08-11,2026-03-21..2026-08-06,baccarat_bet02_101_all_pairs_incl_sentinel,round_win = game_pnl > 0 (decisive only),COMPATIBILITY_ONLY_NOT_PRODUCTION,126.0372,105.0310,-61.9683,5,5,0.49166667,,0.49166667,0.49166667,61.9683,126.0372,THIN_EXPOSURE,0.0000,-2.4787,4.0000,96.0000,AG03-UNRESOLVED,ALL5_LEVELS_bet23_to_bet27,-2.4787,-2.4787,-2.4787,0.0000,0.0000,4.000000,4.000000,4.000000,0.000000,0.000000,96.000000,96.000000,96.000000,100.000000,100.000000,5.0,-7.4362,-7.1427,-54.5321,-54.8256,PENDING_AG03,FALSE,NOT_FOR_ENFORCEMENT,-59.4895,100.8297,-61.9683,-59.4895,-2.4787,-0.49166667,-0.47200000,-2.4787,-59.4895,-0.47200000,-2.4787,-2.4787,-2.4787,0.0000,0.0000,-59.4895,-0.47200000,-7.4362,-7.1427,-54.5321,-54.8256,-0.43266667,-0.4349952,-0.01966667,25.2074,21.0062,-12.3937,-61.9683,-15.4921,126.0372,5.0000,,25.2074,21.0062,21.0062,26.2577,42.0124,42.0124,42.0124,21.0062,19.9559,2.0,2.0,1.2,3,3,1,2,0E-8,-0.49166667,,0E-8,0.000000,0.833333,0.000000,,2026-05-05,2026-05-05,1,4,3,1,1.000000,,,0.000000,,,,,,,,GLOBAL_BASELINE_NO_ENTITY_RANKING,,,NOT_APPLICABLE_GLOBAL_BASELINE,HF9g-P5,,,,X 全窗基线 · 不参与实体赏罚,3924011,393,A168_HF9F_20260827_0900,2026-08-27 09:00:00
2026-05-05,149584672,2123,0,21.0061968281,-21.0061968281,-21.0061968281,0E-7,1,1,0.49324550000000000,0.493245500000,-0.9865810262130424,-0.9865810262130424,-0.9865810262130424,0E-17,ELIGIBLE,R03b_20260811_FULL_v1,L1_ELIGIBILITY,v2026-08-11,2026-03-21..2026-08-06,baccarat_bet02_101_all_pairs_incl_sentinel,round_win = game_pnl > 0 (decisive only),COMPATIBILITY_ONLY_NOT_PRODUCTION,126.0372,105.0310,-61.9683,5,5,0.49166667,,0.49166667,0.49166667,61.9683,126.0372,THIN_EXPOSURE,0.0000,-2.4787,4.0000,96.0000,AG03-UNRESOLVED,ALL5_LEVELS_bet23_to_bet27,-2.4787,-2.4787,-2.4787,0.0000,0.0000,4.000000,4.000000,4.000000,0.000000,0.000000,96.000000,96.000000,96.000000,100.000000,100.000000,5.0,-7.4362,-7.1427,-54.5321,-54.8256,PENDING_AG03,FALSE,NOT_FOR_ENFORCEMENT,-59.4895,100.8297,-61.9683,-59.4895,-2.4787,-0.49166667,-0.47200000,-2.4787,-59.4895,-0.47200000,-2.4787,-2.4787,-2.4787,0.0000,0.0000,-59.4895,-0.47200000,-7.4362,-7.1427,-54.5321,-54.8256,-0.43266667,-0.4349952,-0.01966667,25.2074,21.0062,-12.3937,-61.9683,-15.4921,126.0372,5.0000,,25.2074,21.0062,21.0062,26.2577,42.0124,42.0124,42.0124,21.0062,19.9559,2.0,2.0,1.2,3,3,1,2,0E-8,-0.49166667,,0E-8,0.000000,0.833333,0.000000,,2026-05-05,2026-05-05,1,4,3,1,1.000000,,,0.000000,,,,,,,,GLOBAL_BASELINE_NO_ENTITY_RANKING,,,NOT_APPLICABLE_GLOBAL_BASELINE,HF9g-P5,,,,X 全窗基线 · 不参与实体赏罚,3924012,393,A168_HF9F_20260827_0900,2026-08-27 09:00:00
2026-05-05,149584672,2251,0,42.0123936562,19.9558869867,19.9558869867,1.0000000,2,2,0.50665070000000000,0.506650700000,0.9867858985152569,0.9867858985152569,0.9867858985152569,0E-17,ELIGIBLE,R03b_20260811_FULL_v1,L1_ELIGIBILITY,v2026-08-11,2026-03-21..2026-08-06,baccarat_bet02_101_all_pairs_incl_sentinel,round_win = game_pnl > 0 (decisive only),COMPATIBILITY_ONLY_NOT_PRODUCTION,126.0372,105.0310,-61.9683,5,5,0.49166667,,0.49166667,0.49166667,61.9683,126.0372,THIN_EXPOSURE,0.0000,-2.4787,4.0000,96.0000,AG03-UNRESOLVED,ALL5_LEVELS_bet23_to_bet27,-2.4787,-2.4787,-2.4787,0.0000,0.0000,4.000000,4.000000,4.000000,0.000000,0.000000,96.000000,96.000000,96.000000,100.000000,100.000000,5.0,-7.4362,-7.1427,-54.5321,-54.8256,PENDING_AG03,FALSE,NOT_FOR_ENFORCEMENT,-59.4895,100.8297,-61.9683,-59.4895,-2.4787,-0.49166667,-0.47200000,-2.4787,-59.4895,-0.47200000,-2.4787,-2.4787,-2.4787,0.0000,0.0000,-59.4895,-0.47200000,-7.4362,-7.1427,-54.5321,-54.8256,-0.43266667,-0.4349952,-0.01966667,25.2074,21.0062,-12.3937,-61.9683,-15.4921,126.0372,5.0000,,25.2074,21.0062,21.0062,26.2577,42.0124,42.0124,42.0124,21.0062,19.9559,2.0,2.0,1.2,3,3,1,2,0E-8,-0.49166667,,0E-8,0.000000,0.833333,0.000000,,2026-05-05,2026-05-05,1,4,3,1,1.000000,,,0.000000,,,,,,,,GLOBAL_BASELINE_NO_ENTITY_RANKING,,,NOT_APPLICABLE_GLOBAL_BASELINE,HF9g-P5,,,,X 全窗基线 · 不参与实体赏罚,3924013,393,A168_HF9F_20260827_0900,2026-08-27 09:00:00
2026-05-25,124933912,-1,1,147.0433777965,61.9682806427,61.9682806427,0.6000000,5,5,0.49860758000000000,0.498607580000,0.4534424453485946,0.4534424453485946,0.4534424453485946,0E-17,SENTINEL_DEALER,R03b_20260811_FULL_v1,L1_ELIGIBILITY,v2026-08-11,2026-03-21..2026-08-06,baccarat_bet02_101_all_pairs_incl_sentinel,round_win = game_pnl > 0 (decisive only),COMPATIBILITY_ONLY_NOT_PRODUCTION,147.0434,147.0434,-61.9683,5,5,0.42142857,,0.42142857,0.42142857,61.9683,147.0434,THIN_EXPOSURE,0.0000,-2.4787,4.0000,96.0000,AG03-UNRESOLVED,ALL5_LEVELS_bet23_to_bet27,-2.4787,-2.4787,-2.4787,-2.4787,-2.4787,4.000000,4.000000,4.000000,4.000000,4.000000,96.000000,96.000000,96.000000,96.000000,96.000000,5.0,-12.3937,-11.441,-49.5746,-50.5272,PENDING_AG03,FALSE,NOT_FOR_ENFORCEMENT,-59.4895,141.1616,-61.9683,-59.4895,-2.4787,-0.42142857,-0.40457143,-2.4787,-59.4895,-0.40457143,-2.4787,-2.4787,-2.4787,-2.4787,-2.4787,-59.4895,-0.40457143,-12.3937,-11.441,-49.5746,-50.5272,-0.33714286,-0.34362135,-0.01685714,29.4087,29.4087,-12.3937,-61.9683,-61.9683,147.0434,5.0000,,29.4087,21.0062,21.0062,42.0124,42.0124,42.0124,42.0124,21.0062,19.9559,2.0,2.0,1.4,1,1,1,2,0E-8,-0.42142857,,0E-8,0.000000,1.000000,0.000000,,2026-05-25,2026-05-25,1,1,1,1,1.000000,,,0.000000,,,,,,,,GLOBAL_BASELINE_NO_ENTITY_RANKING,,,NOT_APPLICABLE_GLOBAL_BASELINE,HF9g-P5,,,,X 全窗基线 · 不参与实体赏罚,3924014,393,A168_HF9F_20260827_0900,2026-08-27 09:00:00
2026-05-13,149965416,1645,0,57.7670412772,5.2515492070,5.2515492070,0.5000000,5,2,0.45506568400017093,0.329202062500,0.12760979491612337,0.51400872005676,0.12760979491612337,0.12586362150017093,ELIGIBLE,R03b_20260811_FULL_v1,L1_ELIGIBILITY,v2026-08-11,2026-03-21..2026-08-06,baccarat_bet02_101_all_pairs_incl_sentinel,round_win = game_pnl > 0 (decisive only),COMPATIBILITY_ONLY_NOT_PRODUCTION,179.6030,127.0875,-61.9683,8,4,0.34502924,,0.34502924,0.34502924,61.9683,179.6030,THIN_EXPOSURE,0.0000,-2.4787,4.0000,96.0000,AG03-UNRESOLVED,ALL5_LEVELS_bet23_to_bet27,-2.4787,-2.4787,-2.4787,-2.4787,-2.4787,4.000000,4.000000,4.000000,4.000000,4.000000,96.000000,96.000000,96.000000,96.000000,96.000000,5.0,-12.3937,-11.441,-49.5746,-50.5272,PENDING_AG03,FALSE,NOT_FOR_ENFORCEMENT,-59.4895,122.0040,-61.9683,-59.4895,-2.4787,-0.34502924,-0.33122807,-2.4787,-59.4895,-0.33122807,-2.4787,-2.4787,-2.4787,-2.4787,-2.4787,-59.4895,-0.33122807,-12.3937,-11.441,-49.5746,-50.5272,-0.27602339,-0.28132742,-0.01380117,22.4504,31.7719,-15.4921,-30.9841,-20.6561,89.8015,2.0000,,22.4504,2.1006,13.654,42.0124,59.8677,63.0186,63.0186,4.2012,-1.5755,4.615385,4.615385,1.644231,3,3,2,5,0E-8,-0.34502924,,0E-8,0.000000,0.707602,0.625000,,2026-05-13,2026-05-25,2,3,3,13,0.153846,,,0.000000,,,,,,,,GLOBAL_BASELINE_NO_ENTITY_RANKING,,,NOT_APPLICABLE_GLOBAL_BASELINE,HF9g-P5,,,,X 全窗基线 · 不参与实体赏罚,3924015,393,A168_HF9F_20260827_0900,2026-08-27 09:00:00
2026-05-13,149965416,2222,0,69.3204495326,56.7167314358,56.7167314358,1.0000000,2,1,0.45582204545465343,0.287416500000,1.0926292162849025,1.5745702178656522,1.0926292162849025,0.16840554545465343,ELIGIBLE,R03b_20260811_FULL_v1,L1_ELIGIBILITY,v2026-08-11,2026-03-21..2026-08-06,baccarat_bet02_101_all_pairs_incl_sentinel,round_win = game_pnl > 0 (decisive only),COMPATIBILITY_ONLY_NOT_PRODUCTION,179.6030,127.0875,-61.9683,8,4,0.34502924,,0.34502924,0.34502924,61.9683,179.6030,THIN_EXPOSURE,0.0000,-2.4787,4.0000,96.0000,AG03-UNRESOLVED,ALL5_LEVELS_bet23_to_bet27,-2.4787,-2.4787,-2.4787,-2.4787,-2.4787,4.000000,4.000000,4.000000,4.000000,4.000000,96.000000,96.000000,96.000000,96.000000,96.000000,5.0,-12.3937,-11.441,-49.5746,-50.5272,PENDING_AG03,FALSE,NOT_FOR_ENFORCEMENT,-59.4895,122.0040,-61.9683,-59.4895,-2.4787,-0.34502924,-0.33122807,-2.4787,-59.4895,-0.33122807,-2.4787,-2.4787,-2.4787,-2.4787,-2.4787,-59.4895,-0.33122807,-12.3937,-11.441,-49.5746,-50.5272,-0.27602339,-0.28132742,-0.01380117,22.4504,31.7719,-15.4921,-30.9841,-20.6561,89.8015,2.0000,,22.4504,2.1006,13.654,42.0124,59.8677,63.0186,63.0186,4.2012,-1.5755,4.615385,4.615385,1.644231,3,3,2,5,0E-8,-0.34502924,,0E-8,0.000000,0.707602,0.625000,,2026-05-13,2026-05-25,2,3,3,13,0.153846,,,0.000000,,,,,,,,GLOBAL_BASELINE_NO_ENTITY_RANKING,,,NOT_APPLICABLE_GLOBAL_BASELINE,HF9g-P5,,,,X 全窗基线 · 不参与实体赏罚,3924016,393,A168_HF9F_20260827_0900,2026-08-27 09:00:00
2026-05-25,149965416,1330,0,52.5154920702,0E-10,0E-10,,1,1,0.49324550000000000,0.493245500000,,,,0E-17,NO_DECISIVE_ROUND,R03b_20260811_FULL_v1,L1_ELIGIBILITY,v2026-08-11,2026-03-21..2026-08-06,baccarat_bet02_101_all_pairs_incl_sentinel,round_win = game_pnl > 0 (decisive only),COMPATIBILITY_ONLY_NOT_PRODUCTION,179.6030,127.0875,-61.9683,8,4,0.34502924,,0.34502924,0.34502924,61.9683,179.6030,THIN_EXPOSURE,0.0000,-2.4787,4.0000,96.0000,AG03-UNRESOLVED,ALL5_LEVELS_bet23_to_bet27,-2.4787,-2.4787,-2.4787,-2.4787,-2.4787,4.000000,4.000000,4.000000,4.000000,4.000000,96.000000,96.000000,96.000000,96.000000,96.000000,5.0,-12.3937,-11.441,-49.5746,-50.5272,PENDING_AG03,FALSE,NOT_FOR_ENFORCEMENT,-59.4895,122.0040,-61.9683,-59.4895,-2.4787,-0.34502924,-0.33122807,-2.4787,-59.4895,-0.33122807,-2.4787,-2.4787,-2.4787,-2.4787,-2.4787,-59.4895,-0.33122807,-12.3937,-11.441,-49.5746,-50.5272,-0.27602339,-0.28132742,-0.01380117,22.4504,31.7719,-15.4921,-30.9841,-20.6561,89.8015,2.0000,,22.4504,2.1006,13.654,42.0124,59.8677,63.0186,63.0186,4.2012,-1.5755,4.615385,4.615385,1.644231,3,3,2,5,0E-8,-0.34502924,,0E-8,0.000000,0.707602,0.625000,,2026-05-13,2026-05-25,2,3,3,13,0.153846,,,0.000000,,,,,,,,GLOBAL_BASELINE_NO_ENTITY_RANKING,,,NOT_APPLICABLE_GLOBAL_BASELINE,HF9g-P5,,,,X 全窗基线 · 不参与实体赏罚,3924017,393,A168_HF9F_20260827_0900,2026-08-27 09:00:00
2026-05-12,149926342,1646,0,16.8049574625,-16.8049574625,-16.8049574625,0E-7,1,1,0.50665070000000000,0.506650700000,-1.013391052207602,-1.013391052207602,-1.013391052207602,0E-17,ELIGIBLE,R03b_20260811_FULL_v1,L1_ELIGIBILITY,v2026-08-11,2026-03-21..2026-08-06,baccarat_bet02_101_all_pairs_incl_sentinel,round_win = game_pnl > 0 (decisive only),COMPATIBILITY_ONLY_NOT_PRODUCTION,205.8607,195.3576,-61.9683,22,22,0.30102041,,0.30102041,0.30102041,61.9683,205.8607,THIN_EXPOSURE,0.0000,-2.4787,4.0000,96.0000,AG03-UNRESOLVED,ALL5_LEVELS_bet23_to_bet27,-2.4787,-2.4787,-2.4787,-2.4787,-2.4787,4.000000,4.000000,4.000000,4.000000,4.000000,96.000000,96.000000,96.000000,96.000000,96.000000,5.0,-12.3937,-11.441,-49.5746,-50.5272,PENDING_AG03,FALSE,NOT_FOR_ENFORCEMENT,-59.4895,187.5433,-61.9683,-59.4895,-2.4787,-0.30102041,-0.28897959,-2.4787,-59.4895,-0.28897959,-2.4787,-2.4787,-2.4787,-2.4787,-2.4787,-59.4895,-0.28897959,-12.3937,-11.441,-49.5746,-50.5272,-0.24081633,-0.24544382,-0.01204082,9.3573,8.8799,-2.8167,-61.9683,-30.9841,205.8607,22.0000,,9.3573,6.3019,8.4025,12.6037,15.3345,16.805,16.805,8.4025,4.989,2.0,2.0,1.113636,2,3,1,2,0E-8,-0.30102041,,0E-8,0.000000,0.948980,0.000000,,2026-05-12,2026-05-12,1,2,2,1,1.000000,,,0.000000,,,,,,,,GLOBAL_BASELINE_NO_ENTITY_RANKING,,,NOT_APPLICABLE_GLOBAL_BASELINE,HF9g-P5,,,,X 全窗基线 · 不参与实体赏罚,3924018,393,A168_HF9F_20260827_0900,2026-08-27 09:00:00
2026-05-12,149926342,1704,0,33.6099149248,16.1747715576,16.1747715576,0.6666667,3,3,0.50218230000000000,0.502182300000,0.5697959874915163,0.5697959874915164,0.5697959874915163,0E-17,ELIGIBLE,R03b_20260811_FULL_v1,L1_ELIGIBILITY,v2026-08-11,2026-03-21..2026-08-06,baccarat_bet02_101_all_pairs_incl_sentinel,round_win = game_pnl > 0 (decisive only),COMPATIBILITY_ONLY_NOT_PRODUCTION,205.8607,195.3576,-61.9683,22,22,0.30102041,,0.30102041,0.30102041,61.9683,205.8607,THIN_EXPOSURE,0.0000,-2.4787,4.0000,96.0000,AG03-UNRESOLVED,ALL5_LEVELS_bet23_to_bet27,-2.4787,-2.4787,-2.4787,-2.4787,-2.4787,4.000000,4.000000,4.000000,4.000000,4.000000,96.000000,96.000000,96.000000,96.000000,96.000000,5.0,-12.3937,-11.441,-49.5746,-50.5272,PENDING_AG03,FALSE,NOT_FOR_ENFORCEMENT,-59.4895,187.5433,-61.9683,-59.4895,-2.4787,-0.30102041,-0.28897959,-2.4787,-59.4895,-0.28897959,-2.4787,-2.4787,-2.4787,-2.4787,-2.4787,-59.4895,-0.28897959,-12.3937,-11.441,-49.5746,-50.5272,-0.24081633,-0.24544382,-0.01204082,9.3573,8.8799,-2.8167,-61.9683,-30.9841,205.8607,22.0000,,9.3573,6.3019,8.4025,12.6037,15.3345,16.805,16.805,8.4025,4.989,2.0,2.0,1.113636,2,3,1,2,0E-8,-0.30102041,,0E-8,0.000000,0.948980,0.000000,,2026-05-12,2026-05-12,1,2,2,1,1.000000,,,0.000000,,,,,,,,GLOBAL_BASELINE_NO_ENTITY_RANKING,,,NOT_APPLICABLE_GLOBAL_BASELINE,HF9g-P5,,,,X 全窗基线 · 不参与实体赏罚,3924019,393,A168_HF9F_20260827_0900,2026-08-27 09:00:00
2026-05-12,149926342,1710,0,155.4458565273,62.5984665476,62.5984665476,0.6470588,18,18,0.49845863333333333,0.498458633333,1.2253943829558456,1.225394382958597,1.2253943829558456,3.3333E-13,ELIGIBLE,R03b_20260811_FULL_v1,L1_ELIGIBILITY,v2026-08-11,2026-03-21..2026-08-06,baccarat_bet02_101_all_pairs_incl_sentinel,round_win = game_pnl > 0 (decisive only),COMPATIBILITY_ONLY_NOT_PRODUCTION,205.8607,195.3576,-61.9683,22,22,0.30102041,,0.30102041,0.30102041,61.9683,205.8607,THIN_EXPOSURE,0.0000,-2.4787,4.0000,96.0000,AG03-UNRESOLVED,ALL5_LEVELS_bet23_to_bet27,-2.4787,-2.4787,-2.4787,-2.4787,-2.4787,4.000000,4.000000,4.000000,4.000000,4.000000,96.000000,96.000000,96.000000,96.000000,96.000000,5.0,-12.3937,-11.441,-49.5746,-50.5272,PENDING_AG03,FALSE,NOT_FOR_ENFORCEMENT,-59.4895,187.5433,-61.9683,-59.4895,-2.4787,-0.30102041,-0.28897959,-2.4787,-59.4895,-0.28897959,-2.4787,-2.4787,-2.4787,-2.4787,-2.4787,-59.4895,-0.28897959,-12.3937,-11.441,-49.5746,-50.5272,-0.24081633,-0.24544382,-0.01204082,9.3573,8.8799,-2.8167,-61.9683,-30.9841,205.8607,22.0000,,9.3573,6.3019,8.4025,12.6037,15.3345,16.805,16.805,8.4025,4.989,2.0,2.0,1.113636,2,3,1,2,0E-8,-0.30102041,,0E-8,0.000000,0.948980,0.000000,,2026-05-12,2026-05-12,1,2,2,1,1.000000,,,0.000000,,,,,,,,GLOBAL_BASELINE_NO_ENTITY_RANKING,,,NOT_APPLICABLE_GLOBAL_BASELINE,HF9g-P5,,,,X 全窗基线 · 不参与实体赏罚,3924020,393,A168_HF9F_20260827_0900,2026-08-27 09:00:00
2026-05-02,149441615,1942,0,247.8731225714,61.9682806430,61.9682806430,0.7000000,19,10,0.43903459500024165,0.317207585000,1.662897681114987,2.601040999568227,1.662897681114987,0.12182701000024165,ELIGIBLE,R03b_20260811_FULL_v1,L1_ELIGIBILITY,v2026-08-11,2026-03-21..2026-08-06,baccarat_bet02_101_all_pairs_incl_sentinel,round_win = game_pnl > 0 (decisive only),COMPATIBILITY_ONLY_NOT_PRODUCTION,247.8731,226.8669,-61.9683,19,10,0.25000000,,0.25000000,0.25000000,61.9683,247.8731,THIN_EXPOSURE,0.0000,-2.4787,4.0000,96.0000,AG03-UNRESOLVED,ALL5_LEVELS_bet23_to_bet27,-2.4787,-2.4787,-2.4787,-2.4787,-2.4787,4.000000,4.000000,4.000000,4.000000,4.000000,96.000000,96.000000,96.000000,96.000000,96.000000,5.0,-12.3937,-11.441,-49.5746,-50.5272,PENDING_AG03,FALSE,NOT_FOR_ENFORCEMENT,-59.4895,217.7922,-61.9683,-59.4895,-2.4787,-0.25000000,-0.24000000,-2.4787,-59.4895,-0.24000000,-2.4787,-2.4787,-2.4787,-2.4787,-2.4787,-59.4895,-0.24000000,-12.3937,-11.441,-49.5746,-50.5272,-0.20000000,-0.20384317,-0.01000000,13.0460,22.6867,-6.1968,-61.9683,-61.9683,247.8731,10.0000,,13.0460,4.2012,21.0062,21.0062,21.0062,21.0062,21.0062,4.2012,-4.2012,1.0,1.0,0.621053,1,1,1,3,0E-8,-0.25000000,,0E-8,0.000000,0.915254,0.000000,,2026-05-02,2026-05-02,1,1,1,1,1.000000,,,0.000000,,,,,,,,GLOBAL_BASELINE_NO_ENTITY_RANKING,,,NOT_APPLICABLE_GLOBAL_BASELINE,HF9g-P5,,,,X 全窗基线 · 不参与实体赏罚,3924021,393,A168_HF9F_20260827_0900,2026-08-27 09:00:00
2026-05-01,149406466,1094,0,42.0123936562,-42.0123936562,-42.0123936562,0E-7,2,2,0.49994810000000000,0.499948100000,-1.4140667746232096,-1.4140667746232096,-1.4140667746232096,0E-17,ELIGIBLE,R03b_20260811_FULL_v1,L1_ELIGIBILITY,v2026-08-11,2026-03-21..2026-08-06,baccarat_bet02_101_all_pairs_incl_sentinel,round_win = game_pnl > 0 (decisive only),COMPATIBILITY_ONLY_NOT_PRODUCTION,252.0744,231.0682,-61.9683,12,12,0.24583333,,0.24583333,0.24583333,61.9683,252.0744,THIN_EXPOSURE,0.0000,-2.4787,4.0000,96.0000,AG03-UNRESOLVED,ALL5_LEVELS_bet23_to_bet27,-2.4787,-2.4787,-2.4787,-2.4787,-2.4787,4.000000,4.000000,4.000000,4.000000,4.000000,96.000000,96.000000,96.000000,96.000000,96.000000,5.0,-12.3937,-11.441,-49.5746,-50.5272,PENDING_AG03,FALSE,NOT_FOR_ENFORCEMENT,-59.4895,221.8254,-61.9683,-59.4895,-2.4787,-0.24583333,-0.23600000,-2.4787,-59.4895,-0.23600000,-2.4787,-2.4787,-2.4787,-2.4787,-2.4787,-59.4895,-0.23600000,-12.3937,-11.441,-49.5746,-50.5272,-0.19666667,-0.20044579,-0.00983333,21.0062,19.2557,-5.1640,-61.9683,-20.6561,252.0744,12.0000,,21.0062,21.0062,21.0062,21.0062,21.0062,21.0062,21.0062,21.0062,20.481,1.0,1.0,1.0,3,4,1,2,0E-8,-0.24583333,,0E-8,0.000000,0.916667,0.000000,,2026-05-01,2026-05-01,1,3,3,1,1.000000,,,0.000000,,,,,,,,GLOBAL_BASELINE_NO_ENTITY_RANKING,,,NOT_APPLICABLE_GLOBAL_BASELINE,HF9g-P5,,,,X 全窗基线 · 不参与实体赏罚,3924022,393,A168_HF9F_20260827_0900,2026-08-27 09:00:00
2026-05-01,149406466,1623,0,105.0309841405,19.9558869867,19.9558869867,0.6000000,5,5,0.49860758000000000,0.498607580000,0.4534424453485946,0.4534424453485946,0.4534424453485946,0E-17,ELIGIBLE,R03b_20260811_FULL_v1,L1_ELIGIBILITY,v2026-08-11,2026-03-21..2026-08-06,baccarat_bet02_101_all_pairs_incl_sentinel,round_win = game_pnl > 0 (decisive only),COMPATIBILITY_ONLY_NOT_PRODUCTION,252.0744,231.0682,-61.9683,12,12,0.24583333,,0.24583333,0.24583333,61.9683,252.0744,THIN_EXPOSURE,0.0000,-2.4787,4.0000,96.0000,AG03-UNRESOLVED,ALL5_LEVELS_bet23_to_bet27,-2.4787,-2.4787,-2.4787,-2.4787,-2.4787,4.000000,4.000000,4.000000,4.000000,4.000000,96.000000,96.000000,96.000000,96.000000,96.000000,5.0,-12.3937,-11.441,-49.5746,-50.5272,PENDING_AG03,FALSE,NOT_FOR_ENFORCEMENT,-59.4895,221.8254,-61.9683,-59.4895,-2.4787,-0.24583333,-0.23600000,-2.4787,-59.4895,-0.23600000,-2.4787,-2.4787,-2.4787,-2.4787,-2.4787,-59.4895,-0.23600000,-12.3937,-11.441,-49.5746,-50.5272,-0.19666667,-0.20044579,-0.00983333,21.0062,19.2557,-5.1640,-61.9683,-20.6561,252.0744,12.0000,,21.0062,21.0062,21.0062,21.0062,21.0062,21.0062,21.0062,21.0062,20.481,1.0,1.0,1.0,3,4,1,2,0E-8,-0.24583333,,0E-8,0.000000,0.916667,0.000000,,2026-05-01,2026-05-01,1,3,3,1,1.000000,,,0.000000,,,,,,,,GLOBAL_BASELINE_NO_ENTITY_RANKING,,,NOT_APPLICABLE_GLOBAL_BASELINE,HF9g-P5,,,,X 全窗基线 · 不参与实体赏罚,3924023,393,A168_HF9F_20260827_0900,2026-08-27 09:00:00
2026-05-01,149406466,1942,0,42.0123936562,42.0123936562,42.0123936562,1.0000000,2,2,0.49324550000000000,0.493245500000,1.4334489766152358,1.4334489766152358,1.4334489766152358,0E-17,ELIGIBLE,R03b_20260811_FULL_v1,L1_ELIGIBILITY,v2026-08-11,2026-03-21..2026-08-06,baccarat_bet02_101_all_pairs_incl_sentinel,round_win = game_pnl > 0 (decisive only),COMPATIBILITY_ONLY_NOT_PRODUCTION,252.0744,231.0682,-61.9683,12,12,0.24583333,,0.24583333,0.24583333,61.9683,252.0744,THIN_EXPOSURE,0.0000,-2.4787,4.0000,96.0000,AG03-UNRESOLVED,ALL5_LEVELS_bet23_to_bet27,-2.4787,-2.4787,-2.4787,-2.4787,-2.4787,4.000000,4.000000,4.000000,4.000000,4.000000,96.000000,96.000000,96.000000,96.000000,96.000000,5.0,-12.3937,-11.441,-49.5746,-50.5272,PENDING_AG03,FALSE,NOT_FOR_ENFORCEMENT,-59.4895,221.8254,-61.9683,-59.4895,-2.4787,-0.24583333,-0.23600000,-2.4787,-59.4895,-0.23600000,-2.4787,-2.4787,-2.4787,-2.4787,-2.4787,-59.4895,-0.23600000,-12.3937,-11.441,-49.5746,-50.5272,-0.19666667,-0.20044579,-0.00983333,21.0062,19.2557,-5.1640,-61.9683,-20.6561,252.0744,12.0000,,21.0062,21.0062,21.0062,21.0062,21.0062,21.0062,21.0062,21.0062,20.481,1.0,1.0,1.0,3,4,1,2,0E-8,-0.24583333,,0E-8,0.000000,0.916667,0.000000,,2026-05-01,2026-05-01,1,3,3,1,1.000000,,,0.000000,,,,,,,,GLOBAL_BASELINE_NO_ENTITY_RANKING,,,NOT_APPLICABLE_GLOBAL_BASELINE,HF9g-P5,,,,X 全窗基线 · 不参与实体赏罚,3924024,393,A168_HF9F_20260827_0900,2026-08-27 09:00:00
2026-05-01,149406466,595,0,63.0185904843,42.0123936562,42.0123936562,1.0000000,3,3,0.49324550000000000,0.493245500000,1.4334489766152358,1.4334489766152358,1.4334489766152358,0E-17,ELIGIBLE,R03b_20260811_FULL_v1,L1_ELIGIBILITY,v2026-08-11,2026-03-21..2026-08-06,baccarat_bet02_101_all_pairs_incl_sentinel,round_win = game_pnl > 0 (decisive only),COMPATIBILITY_ONLY_NOT_PRODUCTION,252.0744,231.0682,-61.9683,12,12,0.24583333,,0.24583333,0.24583333,61.9683,252.0744,THIN_EXPOSURE,0.0000,-2.4787,4.0000,96.0000,AG03-UNRESOLVED,ALL5_LEVELS_bet23_to_bet27,-2.4787,-2.4787,-2.4787,-2.4787,-2.4787,4.000000,4.000000,4.000000,4.000000,4.000000,96.000000,96.000000,96.000000,96.000000,96.000000,5.0,-12.3937,-11.441,-49.5746,-50.5272,PENDING_AG03,FALSE,NOT_FOR_ENFORCEMENT,-59.4895,221.8254,-61.9683,-59.4895,-2.4787,-0.24583333,-0.23600000,-2.4787,-59.4895,-0.23600000,-2.4787,-2.4787,-2.4787,-2.4787,-2.4787,-59.4895,-0.23600000,-12.3937,-11.441,-49.5746,-50.5272,-0.19666667,-0.20044579,-0.00983333,21.0062,19.2557,-5.1640,-61.9683,-20.6561,252.0744,12.0000,,21.0062,21.0062,21.0062,21.0062,21.0062,21.0062,21.0062,21.0062,20.481,1.0,1.0,1.0,3,4,1,2,0E-8,-0.24583333,,0E-8,0.000000,0.916667,0.000000,,2026-05-01,2026-05-01,1,3,3,1,1.000000,,,0.000000,,,,,,,,GLOBAL_BASELINE_NO_ENTITY_RANKING,,,NOT_APPLICABLE_GLOBAL_BASELINE,HF9g-P5,,,,X 全窗基线 · 不参与实体赏罚,3924025,393,A168_HF9F_20260827_0900,2026-08-27 09:00:00
2026-05-16,150110541,1299,0,31.5092952420,30.9841403213,30.9841403213,1.0000000,3,3,0.49771390000000000,0.497713900000,1.739988277604938,1.739988277604938,1.739988277604938,0E-17,ELIGIBLE,R03b_20260811_FULL_v1,L1_ELIGIBILITY,v2026-08-11,2026-03-21..2026-08-06,baccarat_bet02_101_all_pairs_incl_sentinel,round_win = game_pnl > 0 (decisive only),COMPATIBILITY_ONLY_NOT_PRODUCTION,254.1750,254.1750,-61.9683,24,24,0.24380165,,0.24380165,0.24380165,61.9683,254.1750,THIN_EXPOSURE,0.0000,-2.4787,4.0000,96.0000,AG03-UNRESOLVED,ALL5_LEVELS_bet23_to_bet27,-2.4787,-2.4787,-2.4787,-2.4787,-2.4787,4.000000,4.000000,4.000000,4.000000,4.000000,96.000000,96.000000,96.000000,96.000000,96.000000,5.0,-12.3937,-11.441,-49.5746,-50.5272,PENDING_AG03,FALSE,NOT_FOR_ENFORCEMENT,-59.4895,244.0080,-61.9683,-59.4895,-2.4787,-0.24380165,-0.23404959,-2.4787,-59.4895,-0.23404959,-2.4787,-2.4787,-2.4787,-2.4787,-2.4787,-59.4895,-0.23404959,-12.3937,-11.441,-49.5746,-50.5272,-0.19504132,-0.19878921,-0.00975207,10.5906,10.5906,-2.5820,-61.9683,-7.7460,254.1750,24.0000,,10.5906,10.5031,10.5031,10.5031,10.5031,11.1333,12.6037,10.5031,9.9779,1.06,1.2,1.008333,8,8,1,2,0E-8,-0.24380165,,0E-8,0.000000,1.000000,0.000000,,2026-05-16,2026-05-16,1,8,8,1,1.000000,,,0.000000,,,,,,,,GLOBAL_BASELINE_NO_ENTITY_RANKING,,,NOT_APPLICABLE_GLOBAL_BASELINE,HF9g-P5,,,,X 全窗基线 · 不参与实体赏罚,3924026,393,A168_HF9F_20260827_0900,2026-08-27 09:00:00
2026-05-16,150110541,1363,0,84.0247873120,-1.0503098414,-1.0503098414,0.5000000,8,8,0.49994810000000000,0.499948100000,0.00029359073713029245,0.00029359073713029245,0.00029359073713029245,0E-17,ELIGIBLE,R03b_20260811_FULL_v1,L1_ELIGIBILITY,v2026-08-11,2026-03-21..2026-08-06,baccarat_bet02_101_all_pairs_incl_sentinel,round_win = game_pnl > 0 (decisive only),COMPATIBILITY_ONLY_NOT_PRODUCTION,254.1750,254.1750,-61.9683,24,24,0.24380165,,0.24380165,0.24380165,61.9683,254.1750,THIN_EXPOSURE,0.0000,-2.4787,4.0000,96.0000,AG03-UNRESOLVED,ALL5_LEVELS_bet23_to_bet27,-2.4787,-2.4787,-2.4787,-2.4787,-2.4787,4.000000,4.000000,4.000000,4.000000,4.000000,96.000000,96.000000,96.000000,96.000000,96.000000,5.0,-12.3937,-11.441,-49.5746,-50.5272,PENDING_AG03,FALSE,NOT_FOR_ENFORCEMENT,-59.4895,244.0080,-61.9683,-59.4895,-2.4787,-0.24380165,-0.23404959,-2.4787,-59.4895,-0.23404959,-2.4787,-2.4787,-2.4787,-2.4787,-2.4787,-59.4895,-0.23404959,-12.3937,-11.441,-49.5746,-50.5272,-0.19504132,-0.19878921,-0.00975207,10.5906,10.5906,-2.5820,-61.9683,-7.7460,254.1750,24.0000,,10.5906,10.5031,10.5031,10.5031,10.5031,11.1333,12.6037,10.5031,9.9779,1.06,1.2,1.008333,8,8,1,2,0E-8,-0.24380165,,0E-8,0.000000,1.000000,0.000000,,2026-05-16,2026-05-16,1,8,8,1,1.000000,,,0.000000,,,,,,,,GLOBAL_BASELINE_NO_ENTITY_RANKING,,,NOT_APPLICABLE_GLOBAL_BASELINE,HF9g-P5,,,,X 全窗基线 · 不参与实体赏罚,3924027,393,A168_HF9F_20260827_0900,2026-08-27 09:00:00
2026-05-16,150110541,1935,0,10.5030984140,10.5030984140,10.5030984140,1.0000000,1,1,0.49324550000000000,0.493245500000,1.01360149184955,1.01360149184955,1.01360149184955,0E-17,ELIGIBLE,R03b_20260811_FULL_v1,L1_ELIGIBILITY,v2026-08-11,2026-03-21..2026-08-06,baccarat_bet02_101_all_pairs_incl_sentinel,round_win = game_pnl > 0 (decisive only),COMPATIBILITY_ONLY_NOT_PRODUCTION,254.1750,254.1750,-61.9683,24,24,0.24380165,,0.24380165,0.24380165,61.9683,254.1750,THIN_EXPOSURE,0.0000,-2.4787,4.0000,96.0000,AG03-UNRESOLVED,ALL5_LEVELS_bet23_to_bet27,-2.4787,-2.4787,-2.4787,-2.4787,-2.4787,4.000000,4.000000,4.000000,4.000000,4.000000,96.000000,96.000000,96.000000,96.000000,96.000000,5.0,-12.3937,-11.441,-49.5746,-50.5272,PENDING_AG03,FALSE,NOT_FOR_ENFORCEMENT,-59.4895,244.0080,-61.9683,-59.4895,-2.4787,-0.24380165,-0.23404959,-2.4787,-59.4895,-0.23404959,-2.4787,-2.4787,-2.4787,-2.4787,-2.4787,-59.4895,-0.23404959,-12.3937,-11.441,-49.5746,-50.5272,-0.19504132,-0.19878921,-0.00975207,10.5906,10.5906,-2.5820,-61.9683,-7.7460,254.1750,24.0000,,10.5906,10.5031,10.5031,10.5031,10.5031,11.1333,12.6037,10.5031,9.9779,1.06,1.2,1.008333,8,8,1,2,0E-8,-0.24380165,,0E-8,0.000000,1.000000,0.000000,,2026-05-16,2026-05-16,1,8,8,1,1.000000,,,0.000000,,,,,,,,GLOBAL_BASELINE_NO_ENTITY_RANKING,,,NOT_APPLICABLE_GLOBAL_BASELINE,HF9g-P5,,,,X 全窗基线 · 不参与实体赏罚,3924028,393,A168_HF9F_20260827_0900,2026-08-27 09:00:00
2026-05-16,150110541,1985,0,44.1130133388,1.5754647621,1.5754647621,0.5000000,4,4,0.49659680000000000,0.496596800000,0.013613115331600182,0.013613115331600183,0.013613115331600182,0E-17,ELIGIBLE,R03b_20260811_FULL_v1,L1_ELIGIBILITY,v2026-08-11,2026-03-21..2026-08-06,baccarat_bet02_101_all_pairs_incl_sentinel,round_win = game_pnl > 0 (decisive only),COMPATIBILITY_ONLY_NOT_PRODUCTION,254.1750,254.1750,-61.9683,24,24,0.24380165,,0.24380165,0.24380165,61.9683,254.1750,THIN_EXPOSURE,0.0000,-2.4787,4.0000,96.0000,AG03-UNRESOLVED,ALL5_LEVELS_bet23_to_bet27,-2.4787,-2.4787,-2.4787,-2.4787,-2.4787,4.000000,4.000000,4.000000,4.000000,4.000000,96.000000,96.000000,96.000000,96.000000,96.000000,5.0,-12.3937,-11.441,-49.5746,-50.5272,PENDING_AG03,FALSE,NOT_FOR_ENFORCEMENT,-59.4895,244.0080,-61.9683,-59.4895,-2.4787,-0.24380165,-0.23404959,-2.4787,-59.4895,-0.23404959,-2.4787,-2.4787,-2.4787,-2.4787,-2.4787,-59.4895,-0.23404959,-12.3937,-11.441,-49.5746,-50.5272,-0.19504132,-0.19878921,-0.00975207,10.5906,10.5906,-2.5820,-61.9683,-7.7460,254.1750,24.0000,,10.5906,10.5031,10.5031,10.5031,10.5031,11.1333,12.6037,10.5031,9.9779,1.06,1.2,1.008333,8,8,1,2,0E-8,-0.24380165,,0E-8,0.000000,1.000000,0.000000,,2026-05-16,2026-05-16,1,8,8,1,1.000000,,,0.000000,,,,,,,,GLOBAL_BASELINE_NO_ENTITY_RANKING,,,NOT_APPLICABLE_GLOBAL_BASELINE,HF9g-P5,,,,X 全窗基线 · 不参与实体赏罚,3924029,393,A168_HF9F_20260827_0900,2026-08-27 09:00:00
2026-05-16,150110541,2115,0,10.5030984140,-10.5030984140,-10.5030984140,0E-7,1,1,0.50665070000000000,0.506650700000,-1.013391052207602,-1.013391052207602,-1.013391052207602,0E-17,ELIGIBLE,R03b_20260811_FULL_v1,L1_ELIGIBILITY,v2026-08-11,2026-03-21..2026-08-06,baccarat_bet02_101_all_pairs_incl_sentinel,round_win = game_pnl > 0 (decisive only),COMPATIBILITY_ONLY_NOT_PRODUCTION,254.1750,254.1750,-61.9683,24,24,0.24380165,,0.24380165,0.24380165,61.9683,254.1750,THIN_EXPOSURE,0.0000,-2.4787,4.0000,96.0000,AG03-UNRESOLVED,ALL5_LEVELS_bet23_to_bet27,-2.4787,-2.4787,-2.4787,-2.4787,-2.4787,4.000000,4.000000,4.000000,4.000000,4.000000,96.000000,96.000000,96.000000,96.000000,96.000000,5.0,-12.3937,-11.441,-49.5746,-50.5272,PENDING_AG03,FALSE,NOT_FOR_ENFORCEMENT,-59.4895,244.0080,-61.9683,-59.4895,-2.4787,-0.24380165,-0.23404959,-2.4787,-59.4895,-0.23404959,-2.4787,-2.4787,-2.4787,-2.4787,-2.4787,-59.4895,-0.23404959,-12.3937,-11.441,-49.5746,-50.5272,-0.19504132,-0.19878921,-0.00975207,10.5906,10.5906,-2.5820,-61.9683,-7.7460,254.1750,24.0000,,10.5906,10.5031,10.5031,10.5031,10.5031,11.1333,12.6037,10.5031,9.9779,1.06,1.2,1.008333,8,8,1,2,0E-8,-0.24380165,,0E-8,0.000000,1.000000,0.000000,,2026-05-16,2026-05-16,1,8,8,1,1.000000,,,0.000000,,,,,,,,GLOBAL_BASELINE_NO_ENTITY_RANKING,,,NOT_APPLICABLE_GLOBAL_BASELINE,HF9g-P5,,,,X 全窗基线 · 不参与实体赏罚,3924030,393,A168_HF9F_20260827_0900,2026-08-27 09:00:00
2026-05-16,150110541,2147,0,42.0123936560,20.4810419073,20.4810419073,0.7500000,4,4,0.49659680000000000,0.496596800000,1.0136362796769356,1.0136362796769358,1.0136362796769356,0E-17,ELIGIBLE,R03b_20260811_FULL_v1,L1_ELIGIBILITY,v2026-08-11,2026-03-21..2026-08-06,baccarat_bet02_101_all_pairs_incl_sentinel,round_win = game_pnl > 0 (decisive only),COMPATIBILITY_ONLY_NOT_PRODUCTION,254.1750,254.1750,-61.9683,24,24,0.24380165,,0.24380165,0.24380165,61.9683,254.1750,THIN_EXPOSURE,0.0000,-2.4787,4.0000,96.0000,AG03-UNRESOLVED,ALL5_LEVELS_bet23_to_bet27,-2.4787,-2.4787,-2.4787,-2.4787,-2.4787,4.000000,4.000000,4.000000,4.000000,4.000000,96.000000,96.000000,96.000000,96.000000,96.000000,5.0,-12.3937,-11.441,-49.5746,-50.5272,PENDING_AG03,FALSE,NOT_FOR_ENFORCEMENT,-59.4895,244.0080,-61.9683,-59.4895,-2.4787,-0.24380165,-0.23404959,-2.4787,-59.4895,-0.23404959,-2.4787,-2.4787,-2.4787,-2.4787,-2.4787,-59.4895,-0.23404959,-12.3937,-11.441,-49.5746,-50.5272,-0.19504132,-0.19878921,-0.00975207,10.5906,10.5906,-2.5820,-61.9683,-7.7460,254.1750,24.0000,,10.5906,10.5031,10.5031,10.5031,10.5031,11.1333,12.6037,10.5031,9.9779,1.06,1.2,1.008333,8,8,1,2,0E-8,-0.24380165,,0E-8,0.000000,1.000000,0.000000,,2026-05-16,2026-05-16,1,8,8,1,1.000000,,,0.000000,,,,,,,,GLOBAL_BASELINE_NO_ENTITY_RANKING,,,NOT_APPLICABLE_GLOBAL_BASELINE,HF9g-P5,,,,X 全窗基线 · 不参与实体赏罚,3924031,393,A168_HF9F_20260827_0900,2026-08-27 09:00:00
2026-05-16,150110541,2220,0,21.0061968280,20.4810419073,20.4810419073,1.0000000,2,2,0.49994810000000000,0.499948100000,1.4143603653603398,1.4143603653603398,1.4143603653603398,0E-17,ELIGIBLE,R03b_20260811_FULL_v1,L1_ELIGIBILITY,v2026-08-11,2026-03-21..2026-08-06,baccarat_bet02_101_all_pairs_incl_sentinel,round_win = game_pnl > 0 (decisive only),COMPATIBILITY_ONLY_NOT_PRODUCTION,254.1750,254.1750,-61.9683,24,24,0.24380165,,0.24380165,0.24380165,61.9683,254.1750,THIN_EXPOSURE,0.0000,-2.4787,4.0000,96.0000,AG03-UNRESOLVED,ALL5_LEVELS_bet23_to_bet27,-2.4787,-2.4787,-2.4787,-2.4787,-2.4787,4.000000,4.000000,4.000000,4.000000,4.000000,96.000000,96.000000,96.000000,96.000000,96.000000,5.0,-12.3937,-11.441,-49.5746,-50.5272,PENDING_AG03,FALSE,NOT_FOR_ENFORCEMENT,-59.4895,244.0080,-61.9683,-59.4895,-2.4787,-0.24380165,-0.23404959,-2.4787,-59.4895,-0.23404959,-2.4787,-2.4787,-2.4787,-2.4787,-2.4787,-59.4895,-0.23404959,-12.3937,-11.441,-49.5746,-50.5272,-0.19504132,-0.19878921,-0.00975207,10.5906,10.5906,-2.5820,-61.9683,-7.7460,254.1750,24.0000,,10.5906,10.5031,10.5031,10.5031,10.5031,11.1333,12.6037,10.5031,9.9779,1.06,1.2,1.008333,8,8,1,2,0E-8,-0.24380165,,0E-8,0.000000,1.000000,0.000000,,2026-05-16,2026-05-16,1,8,8,1,1.000000,,,0.000000,,,,,,,,GLOBAL_BASELINE_NO_ENTITY_RANKING,,,NOT_APPLICABLE_GLOBAL_BASELINE,HF9g-P5,,,,X 全窗基线 · 不参与实体赏罚,3924032,393,A168_HF9F_20260827_0900,2026-08-27 09:00:00
2026-05-16,150110541,2256,0,10.5030984140,-10.5030984140,-10.5030984140,0E-7,1,1,0.50665070000000000,0.506650700000,-1.013391052207602,-1.013391052207602,-1.013391052207602,0E-17,ELIGIBLE,R03b_20260811_FULL_v1,L1_ELIGIBILITY,v2026-08-11,2026-03-21..2026-08-06,baccarat_bet02_101_all_pairs_incl_sentinel,round_win = game_pnl > 0 (decisive only),COMPATIBILITY_ONLY_NOT_PRODUCTION,254.1750,254.1750,-61.9683,24,24,0.24380165,,0.24380165,0.24380165,61.9683,254.1750,THIN_EXPOSURE,0.0000,-2.4787,4.0000,96.0000,AG03-UNRESOLVED,ALL5_LEVELS_bet23_to_bet27,-2.4787,-2.4787,-2.4787,-2.4787,-2.4787,4.000000,4.000000,4.000000,4.000000,4.000000,96.000000,96.000000,96.000000,96.000000,96.000000,5.0,-12.3937,-11.441,-49.5746,-50.5272,PENDING_AG03,FALSE,NOT_FOR_ENFORCEMENT,-59.4895,244.0080,-61.9683,-59.4895,-2.4787,-0.24380165,-0.23404959,-2.4787,-59.4895,-0.23404959,-2.4787,-2.4787,-2.4787,-2.4787,-2.4787,-59.4895,-0.23404959,-12.3937,-11.441,-49.5746,-50.5272,-0.19504132,-0.19878921,-0.00975207,10.5906,10.5906,-2.5820,-61.9683,-7.7460,254.1750,24.0000,,10.5906,10.5031,10.5031,10.5031,10.5031,11.1333,12.6037,10.5031,9.9779,1.06,1.2,1.008333,8,8,1,2,0E-8,-0.24380165,,0E-8,0.000000,1.000000,0.000000,,2026-05-16,2026-05-16,1,8,8,1,1.000000,,,0.000000,,,,,,,,GLOBAL_BASELINE_NO_ENTITY_RANKING,,,NOT_APPLICABLE_GLOBAL_BASELINE,HF9g-P5,,,,X 全窗基线 · 不参与实体赏罚,3924033,393,A168_HF9F_20260827_0900,2026-08-27 09:00:00
2026-05-04,143493393,-1,1,117.0045163320,11.3433462873,11.3433462873,0.3500000,41,22,0.34639498030303030,0.333766841667,0.03388278931708328,0.1539512806891956,0.03388278931708328,0.01262813863603030,SENTINEL_DEALER,R03b_20260811_FULL_v1,L1_ELIGIBILITY,v2026-08-11,2026-03-21..2026-08-06,baccarat_bet02_101_all_pairs_incl_sentinel,round_win = game_pnl > 0 (decisive only),COMPATIBILITY_ONLY_NOT_PRODUCTION,266.7787,238.6304,-61.9683,91,49,0.23228346,,0.23228346,0.23228346,61.9683,266.7787,OK,0.0000,-2.4787,4.0000,96.0000,AG03-UNRESOLVED,ALL5_LEVELS_bet23_to_bet27,-2.4787,-2.4787,-2.4787,-3.7181,-3.7181,4.000000,4.000000,4.000000,6.000000,6.000000,96.000000,96.000000,96.000000,94.000000,94.000000,5.0,-14.8724,-13.5244,-47.0959,-48.4439,PENDING_AG03,FALSE,NOT_FOR_ENFORCEMENT,-59.4895,229.0852,-61.9683,-59.4895,-2.4787,-0.23228346,-0.22299213,-2.4787,-59.4895,-0.22299213,-2.4787,-2.4787,-2.4787,-3.7181,-3.7181,-59.4895,-0.22299213,-14.8724,-13.5244,-47.0959,-48.4439,-0.17653543,-0.18158823,-0.00929134,2.9316,4.8700,-1.2647,-20.6561,-12.3937,88.9262,16.3333,,2.9316,2.1006,2.1006,4.2012,4.6214,6.3019,9.6145,2.1006,-2.1006,3.0,4.577001,1.395604,4,6,6,7,0E-8,-0.23228346,,0E-8,0.000000,0.894488,0.000000,,2026-05-04,2026-05-06,3,5,5,3,1.000000,,,0.000000,,,,,,,,GLOBAL_BASELINE_NO_ENTITY_RANKING,,,NOT_APPLICABLE_GLOBAL_BASELINE,HF9g-P5,,,,X 全窗基线 · 不参与实体赏罚,3924034,393,A168_HF9F_20260827_0900,2026-08-27 09:00:00
2026-05-04,143493393,2088,0,25.2074361937,-6.7219829849,-6.7219829849,0.3333333,5,4,0.46108471875019138,0.441788250000,-0.44389027687358934,-0.37827122416494524,-0.44389027687358934,0.01929646875019138,ELIGIBLE,R03b_20260811_FULL_v1,L1_ELIGIBILITY,v2026-08-11,2026-03-21..2026-08-06,baccarat_bet02_101_all_pairs_incl_sentinel,round_win = game_pnl > 0 (decisive only),COMPATIBILITY_ONLY_NOT_PRODUCTION,266.7787,238.6304,-61.9683,91,49,0.23228346,,0.23228346,0.23228346,61.9683,266.7787,OK,0.0000,-2.4787,4.0000,96.0000,AG03-UNRESOLVED,ALL5_LEVELS_bet23_to_bet27,-2.4787,-2.4787,-2.4787,-3.7181,-3.7181,4.000000,4.000000,4.000000,6.000000,6.000000,96.000000,96.000000,96.000000,94.000000,94.000000,5.0,-14.8724,-13.5244,-47.0959,-48.4439,PENDING_AG03,FALSE,NOT_FOR_ENFORCEMENT,-59.4895,229.0852,-61.9683,-59.4895,-2.4787,-0.23228346,-0.22299213,-2.4787,-59.4895,-0.22299213,-2.4787,-2.4787,-2.4787,-3.7181,-3.7181,-59.4895,-0.22299213,-14.8724,-13.5244,-47.0959,-48.4439,-0.17653543,-0.18158823,-0.00929134,2.9316,4.8700,-1.2647,-20.6561,-12.3937,88.9262,16.3333,,2.9316,2.1006,2.1006,4.2012,4.6214,6.3019,9.6145,2.1006,-2.1006,3.0,4.577001,1.395604,4,6,6,7,0E-8,-0.23228346,,0E-8,0.000000,0.894488,0.000000,,2026-05-04,2026-05-06,3,5,5,3,1.000000,,,0.000000,,,,,,,,GLOBAL_BASELINE_NO_ENTITY_RANKING,,,NOT_APPLICABLE_GLOBAL_BASELINE,HF9g-P5,,,,X 全窗基线 · 不参与实体赏罚,3924035,393,A168_HF9F_20260827_0900,2026-08-27 09:00:00
2026-05-04,143493393,2147,0,4.2012393656,4.2012393656,4.2012393656,1.0000000,1,1,0.49324550000000000,0.493245500000,1.01360149184955,1.01360149184955,1.01360149184955,0E-17,ELIGIBLE,R03b_20260811_FULL_v1,L1_ELIGIBILITY,v2026-08-11,2026-03-21..2026-08-06,baccarat_bet02_101_all_pairs_incl_sentinel,round_win = game_pnl > 0 (decisive only),COMPATIBILITY_ONLY_NOT_PRODUCTION,266.7787,238.6304,-61.9683,91,49,0.23228346,,0.23228346,0.23228346,61.9683,266.7787,OK,0.0000,-2.4787,4.0000,96.0000,AG03-UNRESOLVED,ALL5_LEVELS_bet23_to_bet27,-2.4787,-2.4787,-2.4787,-3.7181,-3.7181,4.000000,4.000000,4.000000,6.000000,6.000000,96.000000,96.000000,96.000000,94.000000,94.000000,5.0,-14.8724,-13.5244,-47.0959,-48.4439,PENDING_AG03,FALSE,NOT_FOR_ENFORCEMENT,-59.4895,229.0852,-61.9683,-59.4895,-2.4787,-0.23228346,-0.22299213,-2.4787,-59.4895,-0.22299213,-2.4787,-2.4787,-2.4787,-3.7181,-3.7181,-59.4895,-0.22299213,-14.8724,-13.5244,-47.0959,-48.4439,-0.17653543,-0.18158823,-0.00929134,2.9316,4.8700,-1.2647,-20.6561,-12.3937,88.9262,16.3333,,2.9316,2.1006,2.1006,4.2012,4.6214,6.3019,9.6145,2.1006,-2.1006,3.0,4.577001,1.395604,4,6,6,7,0E-8,-0.23228346,,0E-8,0.000000,0.894488,0.000000,,2026-05-04,2026-05-06,3,5,5,3,1.000000,,,0.000000,,,,,,,,GLOBAL_BASELINE_NO_ENTITY_RANKING,,,NOT_APPLICABLE_GLOBAL_BASELINE,HF9g-P5,,,,X 全窗基线 · 不参与实体赏罚,3924036,393,A168_HF9F_20260827_0900,2026-08-27 09:00:00
2026-05-04,143493393,2153,0,100.8297447744,68.4802016597,68.4802016597,0.4210526,37,19,0.33970993552631579,0.310988306140,0.7486414302465682,1.0364254072521686,0.7486414302465682,0.02872162938631579,ELIGIBLE,R03b_20260811_FULL_v1,L1_ELIGIBILITY,v2026-08-11,2026-03-21..2026-08-06,baccarat_bet02_101_all_pairs_incl_sentinel,round_win = game_pnl > 0 (decisive only),COMPATIBILITY_ONLY_NOT_PRODUCTION,266.7787,238.6304,-61.9683,91,49,0.23228346,,0.23228346,0.23228346,61.9683,266.7787,OK,0.0000,-2.4787,4.0000,96.0000,AG03-UNRESOLVED,ALL5_LEVELS_bet23_to_bet27,-2.4787,-2.4787,-2.4787,-3.7181,-3.7181,4.000000,4.000000,4.000000,6.000000,6.000000,96.000000,96.000000,96.000000,94.000000,94.000000,5.0,-14.8724,-13.5244,-47.0959,-48.4439,PENDING_AG03,FALSE,NOT_FOR_ENFORCEMENT,-59.4895,229.0852,-61.9683,-59.4895,-2.4787,-0.23228346,-0.22299213,-2.4787,-59.4895,-0.22299213,-2.4787,-2.4787,-2.4787,-3.7181,-3.7181,-59.4895,-0.22299213,-14.8724,-13.5244,-47.0959,-48.4439,-0.17653543,-0.18158823,-0.00929134,2.9316,4.8700,-1.2647,-20.6561,-12.3937,88.9262,16.3333,,2.9316,2.1006,2.1006,4.2012,4.6214,6.3019,9.6145,2.1006,-2.1006,3.0,4.577001,1.395604,4,6,6,7,0E-8,-0.23228346,,0E-8,0.000000,0.894488,0.000000,,2026-05-04,2026-05-06,3,5,5,3,1.000000,,,0.000000,,,,,,,,GLOBAL_BASELINE_NO_ENTITY_RANKING,,,NOT_APPLICABLE_GLOBAL_BASELINE,HF9g-P5,,,,X 全窗基线 · 不参与实体赏罚,3924037,393,A168_HF9F_20260827_0900,2026-08-27 09:00:00
2026-05-05,143493393,2252,0,12.6037180968,-8.4024787312,-8.4024787312,0E-7,6,2,0.22314526666666667,0.223145266667,-0.7579471586851558,-0.7579471586858844,-0.7579471586851558,-3.3333E-13,ELIGIBLE,R03b_20260811_FULL_v1,L1_ELIGIBILITY,v2026-08-11,2026-03-21..2026-08-06,baccarat_bet02_101_all_pairs_incl_sentinel,round_win = game_pnl > 0 (decisive only),COMPATIBILITY_ONLY_NOT_PRODUCTION,266.7787,238.6304,-61.9683,91,49,0.23228346,,0.23228346,0.23228346,61.9683,266.7787,OK,0.0000,-2.4787,4.0000,96.0000,AG03-UNRESOLVED,ALL5_LEVELS_bet23_to_bet27,-2.4787,-2.4787,-2.4787,-3.7181,-3.7181,4.000000,4.000000,4.000000,6.000000,6.000000,96.000000,96.000000,96.000000,94.000000,94.000000,5.0,-14.8724,-13.5244,-47.0959,-48.4439,PENDING_AG03,FALSE,NOT_FOR_ENFORCEMENT,-59.4895,229.0852,-61.9683,-59.4895,-2.4787,-0.23228346,-0.22299213,-2.4787,-59.4895,-0.22299213,-2.4787,-2.4787,-2.4787,-3.7181,-3.7181,-59.4895,-0.22299213,-14.8724,-13.5244,-47.0959,-48.4439,-0.17653543,-0.18158823,-0.00929134,2.9316,4.8700,-1.2647,-20.6561,-12.3937,88.9262,16.3333,,2.9316,2.1006,2.1006,4.2012,4.6214,6.3019,9.6145,2.1006,-2.1006,3.0,4.577001,1.395604,4,6,6,7,0E-8,-0.23228346,,0E-8,0.000000,0.894488,0.000000,,2026-05-04,2026-05-06,3,5,5,3,1.000000,,,0.000000,,,,,,,,GLOBAL_BASELINE_NO_ENTITY_RANKING,,,NOT_APPLICABLE_GLOBAL_BASELINE,HF9g-P5,,,,X 全窗基线 · 不参与实体赏罚,3924038,393,A168_HF9F_20260827_0900,2026-08-27 09:00:00
2026-05-06,143493393,1330,0,6.9320449533,-6.9320449533,-6.9320449533,0E-7,1,1,0.50665070000000000,0.506650700000,-1.013391052207602,-1.013391052207602,-1.013391052207602,0E-17,ELIGIBLE,R03b_20260811_FULL_v1,L1_ELIGIBILITY,v2026-08-11,2026-03-21..2026-08-06,baccarat_bet02_101_all_pairs_incl_sentinel,round_win = game_pnl > 0 (decisive only),COMPATIBILITY_ONLY_NOT_PRODUCTION,266.7787,238.6304,-61.9683,91,49,0.23228346,,0.23228346,0.23228346,61.9683,266.7787,OK,0.0000,-2.4787,4.0000,96.0000,AG03-UNRESOLVED,ALL5_LEVELS_bet23_to_bet27,-2.4787,-2.4787,-2.4787,-3.7181,-3.7181,4.000000,4.000000,4.000000,6.000000,6.000000,96.000000,96.000000,96.000000,94.000000,94.000000,5.0,-14.8724,-13.5244,-47.0959,-48.4439,PENDING_AG03,FALSE,NOT_FOR_ENFORCEMENT,-59.4895,229.0852,-61.9683,-59.4895,-2.4787,-0.23228346,-0.22299213,-2.4787,-59.4895,-0.22299213,-2.4787,-2.4787,-2.4787,-3.7181,-3.7181,-59.4895,-0.22299213,-14.8724,-13.5244,-47.0959,-48.4439,-0.17653543,-0.18158823,-0.00929134,2.9316,4.8700,-1.2647,-20.6561,-12.3937,88.9262,16.3333,,2.9316,2.1006,2.1006,4.2012,4.6214,6.3019,9.6145,2.1006,-2.1006,3.0,4.577001,1.395604,4,6,6,7,0E-8,-0.23228346,,0E-8,0.000000,0.894488,0.000000,,2026-05-04,2026-05-06,3,5,5,3,1.000000,,,0.000000,,,,,,,,GLOBAL_BASELINE_NO_ENTITY_RANKING,,,NOT_APPLICABLE_GLOBAL_BASELINE,HF9g-P5,,,,X 全窗基线 · 不参与实体赏罚,3924039,393,A168_HF9F_20260827_0900,2026-08-27 09:00:00
2026-05-22,150411964,-1,1,31.5092952421,31.5092952421,31.5092952421,1.0000000,2,2,0.49994810000000000,0.499948100000,1.4143603653603398,1.4143603653603398,1.4143603653603398,0E-17,SENTINEL_DEALER,R03b_20260811_FULL_v1,L1_ELIGIBILITY,v2026-08-11,2026-03-21..2026-08-06,baccarat_bet02_101_all_pairs_incl_sentinel,round_win = game_pnl > 0 (decisive only),COMPATIBILITY_ONLY_NOT_PRODUCTION,295.1371,261.5272,-61.9683,23,23,0.20996441,,0.20996441,0.20996441,61.9683,295.1371,THIN_EXPOSURE,0.0000,-2.4787,4.0000,96.0000,AG03-UNRESOLVED,ALL5_LEVELS_bet23_to_bet27,-2.4787,-2.4787,-3.0984,0.0000,0.0000,4.000000,4.000000,5.000000,0.000000,0.000000,96.000000,96.000000,95.000000,100.000000,100.000000,5.0,-8.0559,-7.7138,-53.9124,-54.2545,PENDING_AG03,FALSE,NOT_FOR_ENFORCEMENT,-59.4895,251.0661,-61.9683,-59.4895,-2.4787,-0.20996441,-0.20156584,-2.4787,-59.4895,-0.20156584,-2.4787,-2.4787,-3.0984,0.0000,0.0000,-59.4895,-0.20156584,-8.0559,-7.7138,-53.9124,-54.2545,-0.18266904,-0.18382804,-0.00839858,12.8320,11.3707,-2.6943,-61.9683,-4.1312,295.1371,23.0000,,12.8320,10.5031,10.5031,16.805,21.0062,21.0062,21.0062,10.5031,6.3019,2.0,2.0,1.221739,14,16,1,2,0E-8,-0.20996441,,0E-8,0.000000,0.886121,1.000000,,2026-05-22,2026-05-22,1,15,14,1,1.000000,,,0.000000,,,,,,,,GLOBAL_BASELINE_NO_ENTITY_RANKING,,,NOT_APPLICABLE_GLOBAL_BASELINE,HF9g-P5,,,,X 全窗基线 · 不参与实体赏罚,3924040,393,A168_HF9F_20260827_0900,2026-08-27 09:00:00
2026-05-22,150411964,1110,0,6.3018590484,-6.3018590484,-6.3018590484,0E-7,1,1,0.49324550000000000,0.493245500000,-0.9865810262130424,-0.9865810262130424,-0.9865810262130424,0E-17,ELIGIBLE,R03b_20260811_FULL_v1,L1_ELIGIBILITY,v2026-08-11,2026-03-21..2026-08-06,baccarat_bet02_101_all_pairs_incl_sentinel,round_win = game_pnl > 0 (decisive only),COMPATIBILITY_ONLY_NOT_PRODUCTION,295.1371,261.5272,-61.9683,23,23,0.20996441,,0.20996441,0.20996441,61.9683,295.1371,THIN_EXPOSURE,0.0000,-2.4787,4.0000,96.0000,AG03-UNRESOLVED,ALL5_LEVELS_bet23_to_bet27,-2.4787,-2.4787,-3.0984,0.0000,0.0000,4.000000,4.000000,5.000000,0.000000,0.000000,96.000000,96.000000,95.000000,100.000000,100.000000,5.0,-8.0559,-7.7138,-53.9124,-54.2545,PENDING_AG03,FALSE,NOT_FOR_ENFORCEMENT,-59.4895,251.0661,-61.9683,-59.4895,-2.4787,-0.20996441,-0.20156584,-2.4787,-59.4895,-0.20156584,-2.4787,-2.4787,-3.0984,0.0000,0.0000,-59.4895,-0.20156584,-8.0559,-7.7138,-53.9124,-54.2545,-0.18266904,-0.18382804,-0.00839858,12.8320,11.3707,-2.6943,-61.9683,-4.1312,295.1371,23.0000,,12.8320,10.5031,10.5031,16.805,21.0062,21.0062,21.0062,10.5031,6.3019,2.0,2.0,1.221739,14,16,1,2,0E-8,-0.20996441,,0E-8,0.000000,0.886121,1.000000,,2026-05-22,2026-05-22,1,15,14,1,1.000000,,,0.000000,,,,,,,,GLOBAL_BASELINE_NO_ENTITY_RANKING,,,NOT_APPLICABLE_GLOBAL_BASELINE,HF9g-P5,,,,X 全窗基线 · 不参与实体赏罚,3924041,393,A168_HF9F_20260827_0900,2026-08-27 09:00:00
2026-05-22,150411964,1374,0,21.0061968281,21.0061968281,21.0061968281,1.0000000,1,1,0.50665070000000000,0.506650700000,0.9867858985152569,0.9867858985152569,0.9867858985152569,0E-17,ELIGIBLE,R03b_20260811_FULL_v1,L1_ELIGIBILITY,v2026-08-11,2026-03-21..2026-08-06,baccarat_bet02_101_all_pairs_incl_sentinel,round_win = game_pnl > 0 (decisive only),COMPATIBILITY_ONLY_NOT_PRODUCTION,295.1371,261.5272,-61.9683,23,23,0.20996441,,0.20996441,0.20996441,61.9683,295.1371,THIN_EXPOSURE,0.0000,-2.4787,4.0000,96.0000,AG03-UNRESOLVED,ALL5_LEVELS_bet23_to_bet27,-2.4787,-2.4787,-3.0984,0.0000,0.0000,4.000000,4.000000,5.000000,0.000000,0.000000,96.000000,96.000000,95.000000,100.000000,100.000000,5.0,-8.0559,-7.7138,-53.9124,-54.2545,PENDING_AG03,FALSE,NOT_FOR_ENFORCEMENT,-59.4895,251.0661,-61.9683,-59.4895,-2.4787,-0.20996441,-0.20156584,-2.4787,-59.4895,-0.20156584,-2.4787,-2.4787,-3.0984,0.0000,0.0000,-59.4895,-0.20156584,-8.0559,-7.7138,-53.9124,-54.2545,-0.18266904,-0.18382804,-0.00839858,12.8320,11.3707,-2.6943,-61.9683,-4.1312,295.1371,23.0000,,12.8320,10.5031,10.5031,16.805,21.0062,21.0062,21.0062,10.5031,6.3019,2.0,2.0,1.221739,14,16,1,2,0E-8,-0.20996441,,0E-8,0.000000,0.886121,1.000000,,2026-05-22,2026-05-22,1,15,14,1,1.000000,,,0.000000,,,,,,,,GLOBAL_BASELINE_NO_ENTITY_RANKING,,,NOT_APPLICABLE_GLOBAL_BASELINE,HF9g-P5,,,,X 全窗基线 · 不参与实体赏罚,3924042,393,A168_HF9F_20260827_0900,2026-08-27 09:00:00
2026-05-22,150411964,1382,0,21.0061968281,21.0061968281,21.0061968281,1.0000000,1,1,0.49324550000000000,0.493245500000,1.01360149184955,1.01360149184955,1.01360149184955,0E-17,ELIGIBLE,R03b_20260811_FULL_v1,L1_ELIGIBILITY,v2026-08-11,2026-03-21..2026-08-06,baccarat_bet02_101_all_pairs_incl_sentinel,round_win = game_pnl > 0 (decisive only),COMPATIBILITY_ONLY_NOT_PRODUCTION,295.1371,261.5272,-61.9683,23,23,0.20996441,,0.20996441,0.20996441,61.9683,295.1371,THIN_EXPOSURE,0.0000,-2.4787,4.0000,96.0000,AG03-UNRESOLVED,ALL5_LEVELS_bet23_to_bet27,-2.4787,-2.4787,-3.0984,0.0000,0.0000,4.000000,4.000000,5.000000,0.000000,0.000000,96.000000,96.000000,95.000000,100.000000,100.000000,5.0,-8.0559,-7.7138,-53.9124,-54.2545,PENDING_AG03,FALSE,NOT_FOR_ENFORCEMENT,-59.4895,251.0661,-61.9683,-59.4895,-2.4787,-0.20996441,-0.20156584,-2.4787,-59.4895,-0.20156584,-2.4787,-2.4787,-3.0984,0.0000,0.0000,-59.4895,-0.20156584,-8.0559,-7.7138,-53.9124,-54.2545,-0.18266904,-0.18382804,-0.00839858,12.8320,11.3707,-2.6943,-61.9683,-4.1312,295.1371,23.0000,,12.8320,10.5031,10.5031,16.805,21.0062,21.0062,21.0062,10.5031,6.3019,2.0,2.0,1.221739,14,16,1,2,0E-8,-0.20996441,,0E-8,0.000000,0.886121,1.000000,,2026-05-22,2026-05-22,1,15,14,1,1.000000,,,0.000000,,,,,,,,GLOBAL_BASELINE_NO_ENTITY_RANKING,,,NOT_APPLICABLE_GLOBAL_BASELINE,HF9g-P5,,,,X 全窗基线 · 不参与实体赏罚,3924043,393,A168_HF9F_20260827_0900,2026-08-27 09:00:00
2026-05-22,150411964,1383,0,10.5030984140,10.5030984140,10.5030984140,1.0000000,1,1,0.50665070000000000,0.506650700000,0.9867858985152569,0.9867858985152569,0.9867858985152569,0E-17,ELIGIBLE,R03b_20260811_FULL_v1,L1_ELIGIBILITY,v2026-08-11,2026-03-21..2026-08-06,baccarat_bet02_101_all_pairs_incl_sentinel,round_win = game_pnl > 0 (decisive only),COMPATIBILITY_ONLY_NOT_PRODUCTION,295.1371,261.5272,-61.9683,23,23,0.20996441,,0.20996441,0.20996441,61.9683,295.1371,THIN_EXPOSURE,0.0000,-2.4787,4.0000,96.0000,AG03-UNRESOLVED,ALL5_LEVELS_bet23_to_bet27,-2.4787,-2.4787,-3.0984,0.0000,0.0000,4.000000,4.000000,5.000000,0.000000,0.000000,96.000000,96.000000,95.000000,100.000000,100.000000,5.0,-8.0559,-7.7138,-53.9124,-54.2545,PENDING_AG03,FALSE,NOT_FOR_ENFORCEMENT,-59.4895,251.0661,-61.9683,-59.4895,-2.4787,-0.20996441,-0.20156584,-2.4787,-59.4895,-0.20156584,-2.4787,-2.4787,-3.0984,0.0000,0.0000,-59.4895,-0.20156584,-8.0559,-7.7138,-53.9124,-54.2545,-0.18266904,-0.18382804,-0.00839858,12.8320,11.3707,-2.6943,-61.9683,-4.1312,295.1371,23.0000,,12.8320,10.5031,10.5031,16.805,21.0062,21.0062,21.0062,10.5031,6.3019,2.0,2.0,1.221739,14,16,1,2,0E-8,-0.20996441,,0E-8,0.000000,0.886121,1.000000,,2026-05-22,2026-05-22,1,15,14,1,1.000000,,,0.000000,,,,,,,,GLOBAL_BASELINE_NO_ENTITY_RANKING,,,NOT_APPLICABLE_GLOBAL_BASELINE,HF9g-P5,,,,X 全窗基线 · 不参与实体赏罚,3924044,393,A168_HF9F_20260827_0900,2026-08-27 09:00:00
2026-05-22,150411964,1507,0,16.8049574625,0E-10,0E-10,,1,1,0.50665070000000000,0.506650700000,,,,0E-17,NO_DECISIVE_ROUND,R03b_20260811_FULL_v1,L1_ELIGIBILITY,v2026-08-11,2026-03-21..2026-08-06,baccarat_bet02_101_all_pairs_incl_sentinel,round_win = game_pnl > 0 (decisive only),COMPATIBILITY_ONLY_NOT_PRODUCTION,295.1371,261.5272,-61.9683,23,23,0.20996441,,0.20996441,0.20996441,61.9683,295.1371,THIN_EXPOSURE,0.0000,-2.4787,4.0000,96.0000,AG03-UNRESOLVED,ALL5_LEVELS_bet23_to_bet27,-2.4787,-2.4787,-3.0984,0.0000,0.0000,4.000000,4.000000,5.000000,0.000000,0.000000,96.000000,96.000000,95.000000,100.000000,100.000000,5.0,-8.0559,-7.7138,-53.9124,-54.2545,PENDING_AG03,FALSE,NOT_FOR_ENFORCEMENT,-59.4895,251.0661,-61.9683,-59.4895,-2.4787,-0.20996441,-0.20156584,-2.4787,-59.4895,-0.20156584,-2.4787,-2.4787,-3.0984,0.0000,0.0000,-59.4895,-0.20156584,-8.0559,-7.7138,-53.9124,-54.2545,-0.18266904,-0.18382804,-0.00839858,12.8320,11.3707,-2.6943,-61.9683,-4.1312,295.1371,23.0000,,12.8320,10.5031,10.5031,16.805,21.0062,21.0062,21.0062,10.5031,6.3019,2.0,2.0,1.221739,14,16,1,2,0E-8,-0.20996441,,0E-8,0.000000,0.886121,1.000000,,2026-05-22,2026-05-22,1,15,14,1,1.000000,,,0.000000,,,,,,,,GLOBAL_BASELINE_NO_ENTITY_RANKING,,,NOT_APPLICABLE_GLOBAL_BASELINE,HF9g-P5,,,,X 全窗基线 · 不参与实体赏罚,3924045,393,A168_HF9F_20260827_0900,2026-08-27 09:00:00
2026-05-22,150411964,1623,0,6.3018590484,6.3018590484,6.3018590484,1.0000000,1,1,0.49324550000000000,0.493245500000,1.01360149184955,1.01360149184955,1.01360149184955,0E-17,ELIGIBLE,R03b_20260811_FULL_v1,L1_ELIGIBILITY,v2026-08-11,2026-03-21..2026-08-06,baccarat_bet02_101_all_pairs_incl_sentinel,round_win = game_pnl > 0 (decisive only),COMPATIBILITY_ONLY_NOT_PRODUCTION,295.1371,261.5272,-61.9683,23,23,0.20996441,,0.20996441,0.20996441,61.9683,295.1371,THIN_EXPOSURE,0.0000,-2.4787,4.0000,96.0000,AG03-UNRESOLVED,ALL5_LEVELS_bet23_to_bet27,-2.4787,-2.4787,-3.0984,0.0000,0.0000,4.000000,4.000000,5.000000,0.000000,0.000000,96.000000,96.000000,95.000000,100.000000,100.000000,5.0,-8.0559,-7.7138,-53.9124,-54.2545,PENDING_AG03,FALSE,NOT_FOR_ENFORCEMENT,-59.4895,251.0661,-61.9683,-59.4895,-2.4787,-0.20996441,-0.20156584,-2.4787,-59.4895,-0.20156584,-2.4787,-2.4787,-3.0984,0.0000,0.0000,-59.4895,-0.20156584,-8.0559,-7.7138,-53.9124,-54.2545,-0.18266904,-0.18382804,-0.00839858,12.8320,11.3707,-2.6943,-61.9683,-4.1312,295.1371,23.0000,,12.8320,10.5031,10.5031,16.805,21.0062,21.0062,21.0062,10.5031,6.3019,2.0,2.0,1.221739,14,16,1,2,0E-8,-0.20996441,,0E-8,0.000000,0.886121,1.000000,,2026-05-22,2026-05-22,1,15,14,1,1.000000,,,0.000000,,,,,,,,GLOBAL_BASELINE_NO_ENTITY_RANKING,,,NOT_APPLICABLE_GLOBAL_BASELINE,HF9g-P5,,,,X 全窗基线 · 不参与实体赏罚,3924046,393,A168_HF9F_20260827_0900,2026-08-27 09:00:00
2026-05-22,150411964,1645,0,21.0061968280,-21.0061968280,-21.0061968280,0E-7,2,2,0.50665070000000000,0.506650700000,-1.4331513700195317,-1.4331513700195317,-1.4331513700195317,0E-17,ELIGIBLE,R03b_20260811_FULL_v1,L1_ELIGIBILITY,v2026-08-11,2026-03-21..2026-08-06,baccarat_bet02_101_all_pairs_incl_sentinel,round_win = game_pnl > 0 (decisive only),COMPATIBILITY_ONLY_NOT_PRODUCTION,295.1371,261.5272,-61.9683,23,23,0.20996441,,0.20996441,0.20996441,61.9683,295.1371,THIN_EXPOSURE,0.0000,-2.4787,4.0000,96.0000,AG03-UNRESOLVED,ALL5_LEVELS_bet23_to_bet27,-2.4787,-2.4787,-3.0984,0.0000,0.0000,4.000000,4.000000,5.000000,0.000000,0.000000,96.000000,96.000000,95.000000,100.000000,100.000000,5.0,-8.0559,-7.7138,-53.9124,-54.2545,PENDING_AG03,FALSE,NOT_FOR_ENFORCEMENT,-59.4895,251.0661,-61.9683,-59.4895,-2.4787,-0.20996441,-0.20156584,-2.4787,-59.4895,-0.20156584,-2.4787,-2.4787,-3.0984,0.0000,0.0000,-59.4895,-0.20156584,-8.0559,-7.7138,-53.9124,-54.2545,-0.18266904,-0.18382804,-0.00839858,12.8320,11.3707,-2.6943,-61.9683,-4.1312,295.1371,23.0000,,12.8320,10.5031,10.5031,16.805,21.0062,21.0062,21.0062,10.5031,6.3019,2.0,2.0,1.221739,14,16,1,2,0E-8,-0.20996441,,0E-8,0.000000,0.886121,1.000000,,2026-05-22,2026-05-22,1,15,14,1,1.000000,,,0.000000,,,,,,,,GLOBAL_BASELINE_NO_ENTITY_RANKING,,,NOT_APPLICABLE_GLOBAL_BASELINE,HF9g-P5,,,,X 全窗基线 · 不参与实体赏罚,3924047,393,A168_HF9F_20260827_0900,2026-08-27 09:00:00
2026-05-22,150411964,1710,0,37.8111542906,4.2012393656,4.2012393656,0.5000000,2,2,0.49324550000000000,0.493245500000,0.01910635448239258,0.01910635448239258,0.01910635448239258,0E-17,ELIGIBLE,R03b_20260811_FULL_v1,L1_ELIGIBILITY,v2026-08-11,2026-03-21..2026-08-06,baccarat_bet02_101_all_pairs_incl_sentinel,round_win = game_pnl > 0 (decisive only),COMPATIBILITY_ONLY_NOT_PRODUCTION,295.1371,261.5272,-61.9683,23,23,0.20996441,,0.20996441,0.20996441,61.9683,295.1371,THIN_EXPOSURE,0.0000,-2.4787,4.0000,96.0000,AG03-UNRESOLVED,ALL5_LEVELS_bet23_to_bet27,-2.4787,-2.4787,-3.0984,0.0000,0.0000,4.000000,4.000000,5.000000,0.000000,0.000000,96.000000,96.000000,95.000000,100.000000,100.000000,5.0,-8.0559,-7.7138,-53.9124,-54.2545,PENDING_AG03,FALSE,NOT_FOR_ENFORCEMENT,-59.4895,251.0661,-61.9683,-59.4895,-2.4787,-0.20996441,-0.20156584,-2.4787,-59.4895,-0.20156584,-2.4787,-2.4787,-3.0984,0.0000,0.0000,-59.4895,-0.20156584,-8.0559,-7.7138,-53.9124,-54.2545,-0.18266904,-0.18382804,-0.00839858,12.8320,11.3707,-2.6943,-61.9683,-4.1312,295.1371,23.0000,,12.8320,10.5031,10.5031,16.805,21.0062,21.0062,21.0062,10.5031,6.3019,2.0,2.0,1.221739,14,16,1,2,0E-8,-0.20996441,,0E-8,0.000000,0.886121,1.000000,,2026-05-22,2026-05-22,1,15,14,1,1.000000,,,0.000000,,,,,,,,GLOBAL_BASELINE_NO_ENTITY_RANKING,,,NOT_APPLICABLE_GLOBAL_BASELINE,HF9g-P5,,,,X 全窗基线 · 不参与实体赏罚,3924048,393,A168_HF9F_20260827_0900,2026-08-27 09:00:00
2026-05-22,150411964,2170,0,10.5030984140,10.5030984140,10.5030984140,1.0000000,1,1,0.49324550000000000,0.493245500000,1.01360149184955,1.01360149184955,1.01360149184955,0E-17,ELIGIBLE,R03b_20260811_FULL_v1,L1_ELIGIBILITY,v2026-08-11,2026-03-21..2026-08-06,baccarat_bet02_101_all_pairs_incl_sentinel,round_win = game_pnl > 0 (decisive only),COMPATIBILITY_ONLY_NOT_PRODUCTION,295.1371,261.5272,-61.9683,23,23,0.20996441,,0.20996441,0.20996441,61.9683,295.1371,THIN_EXPOSURE,0.0000,-2.4787,4.0000,96.0000,AG03-UNRESOLVED,ALL5_LEVELS_bet23_to_bet27,-2.4787,-2.4787,-3.0984,0.0000,0.0000,4.000000,4.000000,5.000000,0.000000,0.000000,96.000000,96.000000,95.000000,100.000000,100.000000,5.0,-8.0559,-7.7138,-53.9124,-54.2545,PENDING_AG03,FALSE,NOT_FOR_ENFORCEMENT,-59.4895,251.0661,-61.9683,-59.4895,-2.4787,-0.20996441,-0.20156584,-2.4787,-59.4895,-0.20156584,-2.4787,-2.4787,-3.0984,0.0000,0.0000,-59.4895,-0.20156584,-8.0559,-7.7138,-53.9124,-54.2545,-0.18266904,-0.18382804,-0.00839858,12.8320,11.3707,-2.6943,-61.9683,-4.1312,295.1371,23.0000,,12.8320,10.5031,10.5031,16.805,21.0062,21.0062,21.0062,10.5031,6.3019,2.0,2.0,1.221739,14,16,1,2,0E-8,-0.20996441,,0E-8,0.000000,0.886121,1.000000,,2026-05-22,2026-05-22,1,15,14,1,1.000000,,,0.000000,,,,,,,,GLOBAL_BASELINE_NO_ENTITY_RANKING,,,NOT_APPLICABLE_GLOBAL_BASELINE,HF9g-P5,,,,X 全窗基线 · 不参与实体赏罚,3924049,393,A168_HF9F_20260827_0900,2026-08-27 09:00:00
2026-05-22,150411964,2196,0,31.5092952420,-10.5030984140,-10.5030984140,0.3333333,3,3,0.50218230000000000,0.502182300000,-0.5849155494134425,-0.5849155494134426,-0.5849155494134425,0E-17,ELIGIBLE,R03b_20260811_FULL_v1,L1_ELIGIBILITY,v2026-08-11,2026-03-21..2026-08-06,baccarat_bet02_101_all_pairs_incl_sentinel,round_win = game_pnl > 0 (decisive only),COMPATIBILITY_ONLY_NOT_PRODUCTION,295.1371,261.5272,-61.9683,23,23,0.20996441,,0.20996441,0.20996441,61.9683,295.1371,THIN_EXPOSURE,0.0000,-2.4787,4.0000,96.0000,AG03-UNRESOLVED,ALL5_LEVELS_bet23_to_bet27,-2.4787,-2.4787,-3.0984,0.0000,0.0000,4.000000,4.000000,5.000000,0.000000,0.000000,96.000000,96.000000,95.000000,100.000000,100.000000,5.0,-8.0559,-7.7138,-53.9124,-54.2545,PENDING_AG03,FALSE,NOT_FOR_ENFORCEMENT,-59.4895,251.0661,-61.9683,-59.4895,-2.4787,-0.20996441,-0.20156584,-2.4787,-59.4895,-0.20156584,-2.4787,-2.4787,-3.0984,0.0000,0.0000,-59.4895,-0.20156584,-8.0559,-7.7138,-53.9124,-54.2545,-0.18266904,-0.18382804,-0.00839858,12.8320,11.3707,-2.6943,-61.9683,-4.1312,295.1371,23.0000,,12.8320,10.5031,10.5031,16.805,21.0062,21.0062,21.0062,10.5031,6.3019,2.0,2.0,1.221739,14,16,1,2,0E-8,-0.20996441,,0E-8,0.000000,0.886121,1.000000,,2026-05-22,2026-05-22,1,15,14,1,1.000000,,,0.000000,,,,,,,,GLOBAL_BASELINE_NO_ENTITY_RANKING,,,NOT_APPLICABLE_GLOBAL_BASELINE,HF9g-P5,,,,X 全窗基线 · 不参与实体赏罚,3924050,393,A168_HF9F_20260827_0900,2026-08-27 09:00:00
2026-05-22,150411964,2212,0,18.9055771452,-2.1006196828,-2.1006196828,0.5000000,2,2,0.49994810000000000,0.499948100000,0.00014679536856514622,0.00014679536856514622,0.00014679536856514622,0E-17,ELIGIBLE,R03b_20260811_FULL_v1,L1_ELIGIBILITY,v2026-08-11,2026-03-21..2026-08-06,baccarat_bet02_101_all_pairs_incl_sentinel,round_win = game_pnl > 0 (decisive only),COMPATIBILITY_ONLY_NOT_PRODUCTION,295.1371,261.5272,-61.9683,23,23,0.20996441,,0.20996441,0.20996441,61.9683,295.1371,THIN_EXPOSURE,0.0000,-2.4787,4.0000,96.0000,AG03-UNRESOLVED,ALL5_LEVELS_bet23_to_bet27,-2.4787,-2.4787,-3.0984,0.0000,0.0000,4.000000,4.000000,5.000000,0.000000,0.000000,96.000000,96.000000,95.000000,100.000000,100.000000,5.0,-8.0559,-7.7138,-53.9124,-54.2545,PENDING_AG03,FALSE,NOT_FOR_ENFORCEMENT,-59.4895,251.0661,-61.9683,-59.4895,-2.4787,-0.20996441,-0.20156584,-2.4787,-59.4895,-0.20156584,-2.4787,-2.4787,-3.0984,0.0000,0.0000,-59.4895,-0.20156584,-8.0559,-7.7138,-53.9124,-54.2545,-0.18266904,-0.18382804,-0.00839858,12.8320,11.3707,-2.6943,-61.9683,-4.1312,295.1371,23.0000,,12.8320,10.5031,10.5031,16.805,21.0062,21.0062,21.0062,10.5031,6.3019,2.0,2.0,1.221739,14,16,1,2,0E-8,-0.20996441,,0E-8,0.000000,0.886121,1.000000,,2026-05-22,2026-05-22,1,15,14,1,1.000000,,,0.000000,,,,,,,,GLOBAL_BASELINE_NO_ENTITY_RANKING,,,NOT_APPLICABLE_GLOBAL_BASELINE,HF9g-P5,,,,X 全窗基线 · 不参与实体赏罚,3924051,393,A168_HF9F_20260827_0900,2026-08-27 09:00:00
2026-05-22,150411964,2239,0,12.6037180968,6.3018590484,6.3018590484,1.0000000,1,1,0.50665070000000000,0.506650700000,0.9867858985152569,0.9867858985152569,0.9867858985152569,0E-17,ELIGIBLE,R03b_20260811_FULL_v1,L1_ELIGIBILITY,v2026-08-11,2026-03-21..2026-08-06,baccarat_bet02_101_all_pairs_incl_sentinel,round_win = game_pnl > 0 (decisive only),COMPATIBILITY_ONLY_NOT_PRODUCTION,295.1371,261.5272,-61.9683,23,23,0.20996441,,0.20996441,0.20996441,61.9683,295.1371,THIN_EXPOSURE,0.0000,-2.4787,4.0000,96.0000,AG03-UNRESOLVED,ALL5_LEVELS_bet23_to_bet27,-2.4787,-2.4787,-3.0984,0.0000,0.0000,4.000000,4.000000,5.000000,0.000000,0.000000,96.000000,96.000000,95.000000,100.000000,100.000000,5.0,-8.0559,-7.7138,-53.9124,-54.2545,PENDING_AG03,FALSE,NOT_FOR_ENFORCEMENT,-59.4895,251.0661,-61.9683,-59.4895,-2.4787,-0.20996441,-0.20156584,-2.4787,-59.4895,-0.20156584,-2.4787,-2.4787,-3.0984,0.0000,0.0000,-59.4895,-0.20156584,-8.0559,-7.7138,-53.9124,-54.2545,-0.18266904,-0.18382804,-0.00839858,12.8320,11.3707,-2.6943,-61.9683,-4.1312,295.1371,23.0000,,12.8320,10.5031,10.5031,16.805,21.0062,21.0062,21.0062,10.5031,6.3019,2.0,2.0,1.221739,14,16,1,2,0E-8,-0.20996441,,0E-8,0.000000,0.886121,1.000000,,2026-05-22,2026-05-22,1,15,14,1,1.000000,,,0.000000,,,,,,,,GLOBAL_BASELINE_NO_ENTITY_RANKING,,,NOT_APPLICABLE_GLOBAL_BASELINE,HF9g-P5,,,,X 全窗基线 · 不参与实体赏罚,3924052,393,A168_HF9F_20260827_0900,2026-08-27 09:00:00
2026-05-22,150411964,462,0,31.5092952421,-21.0061968281,-21.0061968281,0E-7,2,2,0.49994810000000000,0.499948100000,-0.9998962053866608,-0.9998962053866608,-0.9998962053866608,0E-17,ELIGIBLE,R03b_20260811_FULL_v1,L1_ELIGIBILITY,v2026-08-11,2026-03-21..2026-08-06,baccarat_bet02_101_all_pairs_incl_sentinel,round_win = game_pnl > 0 (decisive only),COMPATIBILITY_ONLY_NOT_PRODUCTION,295.1371,261.5272,-61.9683,23,23,0.20996441,,0.20996441,0.20996441,61.9683,295.1371,THIN_EXPOSURE,0.0000,-2.4787,4.0000,96.0000,AG03-UNRESOLVED,ALL5_LEVELS_bet23_to_bet27,-2.4787,-2.4787,-3.0984,0.0000,0.0000,4.000000,4.000000,5.000000,0.000000,0.000000,96.000000,96.000000,95.000000,100.000000,100.000000,5.0,-8.0559,-7.7138,-53.9124,-54.2545,PENDING_AG03,FALSE,NOT_FOR_ENFORCEMENT,-59.4895,251.0661,-61.9683,-59.4895,-2.4787,-0.20996441,-0.20156584,-2.4787,-59.4895,-0.20156584,-2.4787,-2.4787,-3.0984,0.0000,0.0000,-59.4895,-0.20156584,-8.0559,-7.7138,-53.9124,-54.2545,-0.18266904,-0.18382804,-0.00839858,12.8320,11.3707,-2.6943,-61.9683,-4.1312,295.1371,23.0000,,12.8320,10.5031,10.5031,16.805,21.0062,21.0062,21.0062,10.5031,6.3019,2.0,2.0,1.221739,14,16,1,2,0E-8,-0.20996441,,0E-8,0.000000,0.886121,1.000000,,2026-05-22,2026-05-22,1,15,14,1,1.000000,,,0.000000,,,,,,,,GLOBAL_BASELINE_NO_ENTITY_RANKING,,,NOT_APPLICABLE_GLOBAL_BASELINE,HF9g-P5,,,,X 全窗基线 · 不参与实体赏罚,3924053,393,A168_HF9F_20260827_0900,2026-08-27 09:00:00
2026-05-22,150411964,550,0,3.1509295242,-3.1509295242,-3.1509295242,0E-7,1,1,0.49324550000000000,0.493245500000,-0.9865810262130424,-0.9865810262130424,-0.9865810262130424,0E-17,ELIGIBLE,R03b_20260811_FULL_v1,L1_ELIGIBILITY,v2026-08-11,2026-03-21..2026-08-06,baccarat_bet02_101_all_pairs_incl_sentinel,round_win = game_pnl > 0 (decisive only),COMPATIBILITY_ONLY_NOT_PRODUCTION,295.1371,261.5272,-61.9683,23,23,0.20996441,,0.20996441,0.20996441,61.9683,295.1371,THIN_EXPOSURE,0.0000,-2.4787,4.0000,96.0000,AG03-UNRESOLVED,ALL5_LEVELS_bet23_to_bet27,-2.4787,-2.4787,-3.0984,0.0000,0.0000,4.000000,4.000000,5.000000,0.000000,0.000000,96.000000,96.000000,95.000000,100.000000,100.000000,5.0,-8.0559,-7.7138,-53.9124,-54.2545,PENDING_AG03,FALSE,NOT_FOR_ENFORCEMENT,-59.4895,251.0661,-61.9683,-59.4895,-2.4787,-0.20996441,-0.20156584,-2.4787,-59.4895,-0.20156584,-2.4787,-2.4787,-3.0984,0.0000,0.0000,-59.4895,-0.20156584,-8.0559,-7.7138,-53.9124,-54.2545,-0.18266904,-0.18382804,-0.00839858,12.8320,11.3707,-2.6943,-61.9683,-4.1312,295.1371,23.0000,,12.8320,10.5031,10.5031,16.805,21.0062,21.0062,21.0062,10.5031,6.3019,2.0,2.0,1.221739,14,16,1,2,0E-8,-0.20996441,,0E-8,0.000000,0.886121,1.000000,,2026-05-22,2026-05-22,1,15,14,1,1.000000,,,0.000000,,,,,,,,GLOBAL_BASELINE_NO_ENTITY_RANKING,,,NOT_APPLICABLE_GLOBAL_BASELINE,HF9g-P5,,,,X 全窗基线 · 不参与实体赏罚,3924054,393,A168_HF9F_20260827_0900,2026-08-27 09:00:00
2026-05-22,150411964,970,0,14.7043377796,14.7043377796,14.7043377796,1.0000000,1,1,0.49324550000000000,0.493245500000,1.01360149184955,1.01360149184955,1.01360149184955,0E-17,ELIGIBLE,R03b_20260811_FULL_v1,L1_ELIGIBILITY,v2026-08-11,2026-03-21..2026-08-06,baccarat_bet02_101_all_pairs_incl_sentinel,round_win = game_pnl > 0 (decisive only),COMPATIBILITY_ONLY_NOT_PRODUCTION,295.1371,261.5272,-61.9683,23,23,0.20996441,,0.20996441,0.20996441,61.9683,295.1371,THIN_EXPOSURE,0.0000,-2.4787,4.0000,96.0000,AG03-UNRESOLVED,ALL5_LEVELS_bet23_to_bet27,-2.4787,-2.4787,-3.0984,0.0000,0.0000,4.000000,4.000000,5.000000,0.000000,0.000000,96.000000,96.000000,95.000000,100.000000,100.000000,5.0,-8.0559,-7.7138,-53.9124,-54.2545,PENDING_AG03,FALSE,NOT_FOR_ENFORCEMENT,-59.4895,251.0661,-61.9683,-59.4895,-2.4787,-0.20996441,-0.20156584,-2.4787,-59.4895,-0.20156584,-2.4787,-2.4787,-3.0984,0.0000,0.0000,-59.4895,-0.20156584,-8.0559,-7.7138,-53.9124,-54.2545,-0.18266904,-0.18382804,-0.00839858,12.8320,11.3707,-2.6943,-61.9683,-4.1312,295.1371,23.0000,,12.8320,10.5031,10.5031,16.805,21.0062,21.0062,21.0062,10.5031,6.3019,2.0,2.0,1.221739,14,16,1,2,0E-8,-0.20996441,,0E-8,0.000000,0.886121,1.000000,,2026-05-22,2026-05-22,1,15,14,1,1.000000,,,0.000000,,,,,,,,GLOBAL_BASELINE_NO_ENTITY_RANKING,,,NOT_APPLICABLE_GLOBAL_BASELINE,HF9g-P5,,,,X 全窗基线 · 不参与实体赏罚,3924055,393,A168_HF9F_20260827_0900,2026-08-27 09:00:00
2026-05-19,150294516,2169,0,231.0681651091,82.9744774707,82.9744774707,0.3636364,11,11,0.46187987272727273,0.461879872727,-0.6535759638703109,-0.6535759638685239,-0.6535759638703109,2.7273E-13,ELIGIBLE,R03b_20260811_FULL_v1,L1_ELIGIBILITY,v2026-08-11,2026-03-21..2026-08-06,baccarat_bet02_101_all_pairs_incl_sentinel,round_win = game_pnl > 0 (decisive only),COMPATIBILITY_ONLY_NOT_PRODUCTION,315.0930,294.0868,-61.9683,15,15,0.19666667,,0.19666667,0.19666667,61.9683,315.0930,THIN_EXPOSURE,0.0000,-2.4787,4.0000,96.0000,AG03-UNRESOLVED,ALL5_LEVELS_bet23_to_bet27,-2.4787,-2.4787,-2.4787,0.0000,0.0000,4.000000,4.000000,4.000000,0.000000,0.000000,96.000000,96.000000,96.000000,100.000000,100.000000,5.0,-7.4362,-7.1427,-54.5321,-54.8256,PENDING_AG03,FALSE,NOT_FOR_ENFORCEMENT,-59.4895,282.3233,-61.9683,-59.4895,-2.4787,-0.19666667,-0.18880000,-2.4787,-59.4895,-0.18880000,-2.4787,-2.4787,-2.4787,0.0000,0.0000,-59.4895,-0.18880000,-7.4362,-7.1427,-54.5321,-54.8256,-0.17306667,-0.17399808,-0.00786667,21.0062,19.6058,-4.1312,-61.9683,-30.9841,315.0930,15.0000,,21.0062,21.0062,21.0062,21.0062,21.0062,21.0062,21.0062,21.0062,-21.0062,1.0,1.0,1.0,2,2,2,3,0E-8,-0.19666667,,0E-8,0.000000,0.933333,0.000000,,2026-05-19,2026-05-19,1,2,2,1,1.000000,,,0.000000,,,,,,,,GLOBAL_BASELINE_NO_ENTITY_RANKING,,,NOT_APPLICABLE_GLOBAL_BASELINE,HF9g-P5,,,,X 全窗基线 · 不参与实体赏罚,3924056,393,A168_HF9F_20260827_0900,2026-08-27 09:00:00
2026-05-19,150294516,2233,0,84.0247873124,-21.0061968281,-21.0061968281,0.3333333,4,4,0.49659680000000000,0.496596800000,-0.5655743394288276,-0.5655743394288276,-0.5655743394288276,0E-17,ELIGIBLE,R03b_20260811_FULL_v1,L1_ELIGIBILITY,v2026-08-11,2026-03-21..2026-08-06,baccarat_bet02_101_all_pairs_incl_sentinel,round_win = game_pnl > 0 (decisive only),COMPATIBILITY_ONLY_NOT_PRODUCTION,315.0930,294.0868,-61.9683,15,15,0.19666667,,0.19666667,0.19666667,61.9683,315.0930,THIN_EXPOSURE,0.0000,-2.4787,4.0000,96.0000,AG03-UNRESOLVED,ALL5_LEVELS_bet23_to_bet27,-2.4787,-2.4787,-2.4787,0.0000,0.0000,4.000000,4.000000,4.000000,0.000000,0.000000,96.000000,96.000000,96.000000,100.000000,100.000000,5.0,-7.4362,-7.1427,-54.5321,-54.8256,PENDING_AG03,FALSE,NOT_FOR_ENFORCEMENT,-59.4895,282.3233,-61.9683,-59.4895,-2.4787,-0.19666667,-0.18880000,-2.4787,-59.4895,-0.18880000,-2.4787,-2.4787,-2.4787,0.0000,0.0000,-59.4895,-0.18880000,-7.4362,-7.1427,-54.5321,-54.8256,-0.17306667,-0.17399808,-0.00786667,21.0062,19.6058,-4.1312,-61.9683,-30.9841,315.0930,15.0000,,21.0062,21.0062,21.0062,21.0062,21.0062,21.0062,21.0062,21.0062,-21.0062,1.0,1.0,1.0,2,2,2,3,0E-8,-0.19666667,,0E-8,0.000000,0.933333,0.000000,,2026-05-19,2026-05-19,1,2,2,1,1.000000,,,0.000000,,,,,,,,GLOBAL_BASELINE_NO_ENTITY_RANKING,,,NOT_APPLICABLE_GLOBAL_BASELINE,HF9g-P5,,,,X 全窗基线 · 不参与实体赏罚,3924057,393,A168_HF9F_20260827_0900,2026-08-27 09:00:00
2026-05-08,149378186,1307,0,273.0805587648,-63.0185904842,-63.0185904842,0.3333333,4,3,0.44972053333325718,0.425723850000,-0.4052311622774507,-0.3236410805926918,-0.4052311622774507,0.02399668333325718,ELIGIBLE,R03b_20260811_FULL_v1,L1_ELIGIBILITY,v2026-08-11,2026-03-21..2026-08-06,baccarat_bet02_101_all_pairs_incl_sentinel,round_win = game_pnl > 0 (decisive only),COMPATIBILITY_ONLY_NOT_PRODUCTION,1071.3160,1008.2974,-61.9683,16,12,0.05784314,,0.05784314,0.05784314,61.9683,1071.3160,THIN_EXPOSURE,0.0000,-2.4787,4.0000,96.0000,AG03-UNRESOLVED,ALL5_LEVELS_bet23_to_bet27,-2.4787,-2.4787,-2.4787,-3.7181,-3.7181,4.000000,4.000000,4.000000,6.000000,6.000000,96.000000,96.000000,96.000000,94.000000,94.000000,5.0,-14.8724,-13.5244,-47.0959,-48.4439,PENDING_AG03,FALSE,NOT_FOR_ENFORCEMENT,-59.4895,967.9655,-61.9683,-59.4895,-2.4787,-0.05784314,-0.05552941,-2.4787,-59.4895,-0.05552941,-2.4787,-2.4787,-2.4787,-3.7181,-3.7181,-59.4895,-0.05552941,-14.8724,-13.5244,-47.0959,-48.4439,-0.04396078,-0.04521903,-0.00231373,66.9573,84.0248,-5.1640,-61.9683,-61.9683,1071.3160,12.0000,,66.9573,21.0062,42.0124,105.031,105.031,178.5526,210.062,31.5093,-21.0062,4.249999,5.0,1.59375,1,2,1,5,0E-8,-0.05784314,,0E-8,0.000000,0.941176,0.000000,,2026-05-08,2026-05-08,1,1,1,1,1.000000,,,0.000000,,,,,,,,GLOBAL_BASELINE_NO_ENTITY_RANKING,,,NOT_APPLICABLE_GLOBAL_BASELINE,HF9g-P5,,,,X 全窗基线 · 不参与实体赏罚,3924058,393,A168_HF9F_20260827_0900,2026-08-27 09:00:00
2026-05-08,149378186,1400,0,798.2354794665,124.9868711269,124.9868711269,0.3750000,12,9,0.44615013703703704,0.446150137037,-0.4048407238734746,-0.4048407238732671,-0.4048407238734746,3.704E-14,ELIGIBLE,R03b_20260811_FULL_v1,L1_ELIGIBILITY,v2026-08-11,2026-03-21..2026-08-06,baccarat_bet02_101_all_pairs_incl_sentinel,round_win = game_pnl > 0 (decisive only),COMPATIBILITY_ONLY_NOT_PRODUCTION,1071.3160,1008.2974,-61.9683,16,12,0.05784314,,0.05784314,0.05784314,61.9683,1071.3160,THIN_EXPOSURE,0.0000,-2.4787,4.0000,96.0000,AG03-UNRESOLVED,ALL5_LEVELS_bet23_to_bet27,-2.4787,-2.4787,-2.4787,-3.7181,-3.7181,4.000000,4.000000,4.000000,6.000000,6.000000,96.000000,96.000000,96.000000,94.000000,94.000000,5.0,-14.8724,-13.5244,-47.0959,-48.4439,PENDING_AG03,FALSE,NOT_FOR_ENFORCEMENT,-59.4895,967.9655,-61.9683,-59.4895,-2.4787,-0.05784314,-0.05552941,-2.4787,-59.4895,-0.05552941,-2.4787,-2.4787,-2.4787,-3.7181,-3.7181,-59.4895,-0.05552941,-14.8724,-13.5244,-47.0959,-48.4439,-0.04396078,-0.04521903,-0.00231373,66.9573,84.0248,-5.1640,-61.9683,-61.9683,1071.3160,12.0000,,66.9573,21.0062,42.0124,105.031,105.031,178.5526,210.062,31.5093,-21.0062,4.249999,5.0,1.59375,1,2,1,5,0E-8,-0.05784314,,0E-8,0.000000,0.941176,0.000000,,2026-05-08,2026-05-08,1,1,1,1,1.000000,,,0.000000,,,,,,,,GLOBAL_BASELINE_NO_ENTITY_RANKING,,,NOT_APPLICABLE_GLOBAL_BASELINE,HF9g-P5,,,,X 全窗基线 · 不参与实体赏罚,3924059,393,A168_HF9F_20260827_0900,2026-08-27 09:00:00
2026-03-26,133208470,1491,0,7.6362008584,-5.0030281486,-5.0030281486,0E-7,2,2,0.50665070000000000,0.506650700000,-1.013391052207602,-1.013391052207602,-1.013391052207602,0E-17,ELIGIBLE,R03b_20260811_FULL_v1,L1_ELIGIBILITY,v2026-08-11,2026-03-21..2026-08-06,baccarat_bet02_101_all_pairs_incl_sentinel,round_win = game_pnl > 0 (decisive only),COMPATIBILITY_ONLY_NOT_PRODUCTION,1954.6353,1713.1303,-61.9682,263,95,0.03170321,0.03315720,-0.24358974,0.03170321,61.9682,1954.6353,OK,0.0000,-2.4787,4.0000,96.0000,AG03-UNRESOLVED,ALL5_LEVELS_bet23_to_bet27,-2.4787,-2.4787,-2.4787,-3.0984,-3.0984,4.000000,4.000000,4.000000,5.000000,5.000000,96.000000,96.000000,96.000000,95.000000,95.000000,5.0,-13.6330,-12.4882,-48.3352,-49.48,PENDING_AG03,FALSE,NOT_FOR_ENFORCEMENT,-59.4895,1644.6050,-61.9682,-59.4895,-2.4787,-0.03170321,-0.03043508,-2.4787,-59.4895,-0.03043508,-2.4787,-2.4787,-2.4787,-3.0984,-3.0984,-59.4895,-0.03043508,-13.6330,-12.4882,-48.3352,-49.48,-0.02472850,-0.0253142,-0.00126813,7.4321,18.0330,-0.6523,-30.9841,-1.9990,977.3177,47.5000,7.4783,3.4231,2.5685,2.5685,12.8426,20.5481,23.1166,25.6852,2.5685,-2.5685,9.0,10.000001,2.893529,23,24,2,6,0.99474614,-0.03170321,-0.03315720,0E-8,0.000000,0.876445,0.000000,0.27674694,2026-03-26,2026-08-01,2,31,25,129,0.015504,2.184650,1.006224,3.315820,,,,,,,,GLOBAL_BASELINE_NO_ENTITY_RANKING,,,NOT_APPLICABLE_GLOBAL_BASELINE,HF9g-P5,,,,X 全窗基线 · 不参与实体赏罚,3924060,393,A168_HF9F_20260827_0900,2026-08-27 09:00:00
2026-03-26,133208470,2220,0,2.6331727098,2.5015140743,2.5015140743,1.0000000,1,1,0.50665070000000000,0.506650700000,0.9867858985152569,0.9867858985152569,0.9867858985152569,0E-17,ELIGIBLE,R03b_20260811_FULL_v1,L1_ELIGIBILITY,v2026-08-11,2026-03-21..2026-08-06,baccarat_bet02_101_all_pairs_incl_sentinel,round_win = game_pnl > 0 (decisive only),COMPATIBILITY_ONLY_NOT_PRODUCTION,1954.6353,1713.1303,-61.9682,263,95,0.03170321,0.03315720,-0.24358974,0.03170321,61.9682,1954.6353,OK,0.0000,-2.4787,4.0000,96.0000,AG03-UNRESOLVED,ALL5_LEVELS_bet23_to_bet27,-2.4787,-2.4787,-2.4787,-3.0984,-3.0984,4.000000,4.000000,4.000000,5.000000,5.000000,96.000000,96.000000,96.000000,95.000000,95.000000,5.0,-13.6330,-12.4882,-48.3352,-49.48,PENDING_AG03,FALSE,NOT_FOR_ENFORCEMENT,-59.4895,1644.6050,-61.9682,-59.4895,-2.4787,-0.03170321,-0.03043508,-2.4787,-59.4895,-0.03043508,-2.4787,-2.4787,-2.4787,-3.0984,-3.0984,-59.4895,-0.03043508,-13.6330,-12.4882,-48.3352,-49.48,-0.02472850,-0.0253142,-0.00126813,7.4321,18.0330,-0.6523,-30.9841,-1.9990,977.3177,47.5000,7.4783,3.4231,2.5685,2.5685,12.8426,20.5481,23.1166,25.6852,2.5685,-2.5685,9.0,10.000001,2.893529,23,24,2,6,0.99474614,-0.03170321,-0.03315720,0E-8,0.000000,0.876445,0.000000,0.27674694,2026-03-26,2026-08-01,2,31,25,129,0.015504,2.184650,1.006224,3.315820,,,,,,,,GLOBAL_BASELINE_NO_ENTITY_RANKING,,,NOT_APPLICABLE_GLOBAL_BASELINE,HF9g-P5,,,,X 全窗基线 · 不参与实体赏罚,3924061,393,A168_HF9F_20260827_0900,2026-08-27 09:00:00
2026-08-01,133208470,-1,1,326.2014229578,60.8738088511,60.8738088511,0.6000000,46,16,0.38433840822401557,0.228802831250,1.717079929530048,3.4224481257163974,1.717079929530048,0.15553557697401557,SENTINEL_DEALER,R03b_20260811_FULL_v1,L1_ELIGIBILITY,v2026-08-11,2026-03-21..2026-08-06,baccarat_bet02_101_all_pairs_incl_sentinel,round_win = game_pnl > 0 (decisive only),COMPATIBILITY_ONLY_NOT_PRODUCTION,1954.6353,1713.1303,-61.9682,263,95,0.03170321,0.03315720,-0.24358974,0.03170321,61.9682,1954.6353,OK,0.0000,-2.4787,4.0000,96.0000,AG03-UNRESOLVED,ALL5_LEVELS_bet23_to_bet27,-2.4787,-2.4787,-2.4787,-3.0984,-3.0984,4.000000,4.000000,4.000000,5.000000,5.000000,96.000000,96.000000,96.000000,95.000000,95.000000,5.0,-13.6330,-12.4882,-48.3352,-49.48,PENDING_AG03,FALSE,NOT_FOR_ENFORCEMENT,-59.4895,1644.6050,-61.9682,-59.4895,-2.4787,-0.03170321,-0.03043508,-2.4787,-59.4895,-0.03043508,-2.4787,-2.4787,-2.4787,-3.0984,-3.0984,-59.4895,-0.03043508,-13.6330,-12.4882,-48.3352,-49.48,-0.02472850,-0.0253142,-0.00126813,7.4321,18.0330,-0.6523,-30.9841,-1.9990,977.3177,47.5000,7.4783,3.4231,2.5685,2.5685,12.8426,20.5481,23.1166,25.6852,2.5685,-2.5685,9.0,10.000001,2.893529,23,24,2,6,0.99474614,-0.03170321,-0.03315720,0E-8,0.000000,0.876445,0.000000,0.27674694,2026-03-26,2026-08-01,2,31,25,129,0.015504,2.184650,1.006224,3.315820,,,,,,,,GLOBAL_BASELINE_NO_ENTITY_RANKING,,,NOT_APPLICABLE_GLOBAL_BASELINE,HF9g-P5,,,,X 全窗基线 · 不参与实体赏罚,3924062,393,A168_HF9F_20260827_0900,2026-08-27 09:00:00
2026-08-01,133208470,1302,0,92.4665450904,-66.7813936764,-66.7813936764,0.2500000,12,4,0.40203289805194805,0.220708450000,-0.6201519703214344,0.14125794543398243,-0.6201519703214344,0.18132444805194805,ELIGIBLE,R03b_20260811_FULL_v1,L1_ELIGIBILITY,v2026-08-11,2026-03-21..2026-08-06,baccarat_bet02_101_all_pairs_incl_sentinel,round_win = game_pnl > 0 (decisive only),COMPATIBILITY_ONLY_NOT_PRODUCTION,1954.6353,1713.1303,-61.9682,263,95,0.03170321,0.03315720,-0.24358974,0.03170321,61.9682,1954.6353,OK,0.0000,-2.4787,4.0000,96.0000,AG03-UNRESOLVED,ALL5_LEVELS_bet23_to_bet27,-2.4787,-2.4787,-2.4787,-3.0984,-3.0984,4.000000,4.000000,4.000000,5.000000,5.000000,96.000000,96.000000,96.000000,95.000000,95.000000,5.0,-13.6330,-12.4882,-48.3352,-49.48,PENDING_AG03,FALSE,NOT_FOR_ENFORCEMENT,-59.4895,1644.6050,-61.9682,-59.4895,-2.4787,-0.03170321,-0.03043508,-2.4787,-59.4895,-0.03043508,-2.4787,-2.4787,-2.4787,-3.0984,-3.0984,-59.4895,-0.03043508,-13.6330,-12.4882,-48.3352,-49.48,-0.02472850,-0.0253142,-0.00126813,7.4321,18.0330,-0.6523,-30.9841,-1.9990,977.3177,47.5000,7.4783,3.4231,2.5685,2.5685,12.8426,20.5481,23.1166,25.6852,2.5685,-2.5685,9.0,10.000001,2.893529,23,24,2,6,0.99474614,-0.03170321,-0.03315720,0E-8,0.000000,0.876445,0.000000,0.27674694,2026-03-26,2026-08-01,2,31,25,129,0.015504,2.184650,1.006224,3.315820,,,,,,,,GLOBAL_BASELINE_NO_ENTITY_RANKING,,,NOT_APPLICABLE_GLOBAL_BASELINE,HF9g-P5,,,,X 全窗基线 · 不参与实体赏罚,3924063,393,A168_HF9F_20260827_0900,2026-08-27 09:00:00
2026-08-01,133208470,1318,0,20.5481211312,9.5035060232,9.5035060232,1.0000000,3,1,0.39850855000000000,0.218271633333,1.2285586877273558,1.8924712330191793,1.2285586877273558,0.18023691666700000,ELIGIBLE,R03b_20260811_FULL_v1,L1_ELIGIBILITY,v2026-08-11,2026-03-21..2026-08-06,baccarat_bet02_101_all_pairs_incl_sentinel,round_win = game_pnl > 0 (decisive only),COMPATIBILITY_ONLY_NOT_PRODUCTION,1954.6353,1713.1303,-61.9682,263,95,0.03170321,0.03315720,-0.24358974,0.03170321,61.9682,1954.6353,OK,0.0000,-2.4787,4.0000,96.0000,AG03-UNRESOLVED,ALL5_LEVELS_bet23_to_bet27,-2.4787,-2.4787,-2.4787,-3.0984,-3.0984,4.000000,4.000000,4.000000,5.000000,5.000000,96.000000,96.000000,96.000000,95.000000,95.000000,5.0,-13.6330,-12.4882,-48.3352,-49.48,PENDING_AG03,FALSE,NOT_FOR_ENFORCEMENT,-59.4895,1644.6050,-61.9682,-59.4895,-2.4787,-0.03170321,-0.03043508,-2.4787,-59.4895,-0.03043508,-2.4787,-2.4787,-2.4787,-3.0984,-3.0984,-59.4895,-0.03043508,-13.6330,-12.4882,-48.3352,-49.48,-0.02472850,-0.0253142,-0.00126813,7.4321,18.0330,-0.6523,-30.9841,-1.9990,977.3177,47.5000,7.4783,3.4231,2.5685,2.5685,12.8426,20.5481,23.1166,25.6852,2.5685,-2.5685,9.0,10.000001,2.893529,23,24,2,6,0.99474614,-0.03170321,-0.03315720,0E-8,0.000000,0.876445,0.000000,0.27674694,2026-03-26,2026-08-01,2,31,25,129,0.015504,2.184650,1.006224,3.315820,,,,,,,,GLOBAL_BASELINE_NO_ENTITY_RANKING,,,NOT_APPLICABLE_GLOBAL_BASELINE,HF9g-P5,,,,X 全窗基线 · 不参与实体赏罚,3924064,393,A168_HF9F_20260827_0900,2026-08-27 09:00:00
2026-08-01,133208470,1400,0,87.3295148076,75.7711966713,75.7711966713,1.0000000,12,4,0.39466201770833334,0.220708450000,2.476944594235426,3.7581187491636188,2.476944594235426,0.17395356770833334,ELIGIBLE,R03b_20260811_FULL_v1,L1_ELIGIBILITY,v2026-08-11,2026-03-21..2026-08-06,baccarat_bet02_101_all_pairs_incl_sentinel,round_win = game_pnl > 0 (decisive only),COMPATIBILITY_ONLY_NOT_PRODUCTION,1954.6353,1713.1303,-61.9682,263,95,0.03170321,0.03315720,-0.24358974,0.03170321,61.9682,1954.6353,OK,0.0000,-2.4787,4.0000,96.0000,AG03-UNRESOLVED,ALL5_LEVELS_bet23_to_bet27,-2.4787,-2.4787,-2.4787,-3.0984,-3.0984,4.000000,4.000000,4.000000,5.000000,5.000000,96.000000,96.000000,96.000000,95.000000,95.000000,5.0,-13.6330,-12.4882,-48.3352,-49.48,PENDING_AG03,FALSE,NOT_FOR_ENFORCEMENT,-59.4895,1644.6050,-61.9682,-59.4895,-2.4787,-0.03170321,-0.03043508,-2.4787,-59.4895,-0.03043508,-2.4787,-2.4787,-2.4787,-3.0984,-3.0984,-59.4895,-0.03043508,-13.6330,-12.4882,-48.3352,-49.48,-0.02472850,-0.0253142,-0.00126813,7.4321,18.0330,-0.6523,-30.9841,-1.9990,977.3177,47.5000,7.4783,3.4231,2.5685,2.5685,12.8426,20.5481,23.1166,25.6852,2.5685,-2.5685,9.0,10.000001,2.893529,23,24,2,6,0.99474614,-0.03170321,-0.03315720,0E-8,0.000000,0.876445,0.000000,0.27674694,2026-03-26,2026-08-01,2,31,25,129,0.015504,2.184650,1.006224,3.315820,,,,,,,,GLOBAL_BASELINE_NO_ENTITY_RANKING,,,NOT_APPLICABLE_GLOBAL_BASELINE,HF9g-P5,,,,X 全窗基线 · 不参与实体赏罚,3924065,393,A168_HF9F_20260827_0900,2026-08-27 09:00:00
2026-08-01,133208470,1401,0,53.9388179694,-17.9796059898,-17.9796059898,0.3333333,7,3,0.43394023379629630,0.317647077778,-0.3515946786939024,0.058358343156454454,-0.3515946786939024,0.11629315601829630,ELIGIBLE,R03b_20260811_FULL_v1,L1_ELIGIBILITY,v2026-08-11,2026-03-21..2026-08-06,baccarat_bet02_101_all_pairs_incl_sentinel,round_win = game_pnl > 0 (decisive only),COMPATIBILITY_ONLY_NOT_PRODUCTION,1954.6353,1713.1303,-61.9682,263,95,0.03170321,0.03315720,-0.24358974,0.03170321,61.9682,1954.6353,OK,0.0000,-2.4787,4.0000,96.0000,AG03-UNRESOLVED,ALL5_LEVELS_bet23_to_bet27,-2.4787,-2.4787,-2.4787,-3.0984,-3.0984,4.000000,4.000000,4.000000,5.000000,5.000000,96.000000,96.000000,96.000000,95.000000,95.000000,5.0,-13.6330,-12.4882,-48.3352,-49.48,PENDING_AG03,FALSE,NOT_FOR_ENFORCEMENT,-59.4895,1644.6050,-61.9682,-59.4895,-2.4787,-0.03170321,-0.03043508,-2.4787,-59.4895,-0.03043508,-2.4787,-2.4787,-2.4787,-3.0984,-3.0984,-59.4895,-0.03043508,-13.6330,-12.4882,-48.3352,-49.48,-0.02472850,-0.0253142,-0.00126813,7.4321,18.0330,-0.6523,-30.9841,-1.9990,977.3177,47.5000,7.4783,3.4231,2.5685,2.5685,12.8426,20.5481,23.1166,25.6852,2.5685,-2.5685,9.0,10.000001,2.893529,23,24,2,6,0.99474614,-0.03170321,-0.03315720,0E-8,0.000000,0.876445,0.000000,0.27674694,2026-03-26,2026-08-01,2,31,25,129,0.015504,2.184650,1.006224,3.315820,,,,,,,,GLOBAL_BASELINE_NO_ENTITY_RANKING,,,NOT_APPLICABLE_GLOBAL_BASELINE,HF9g-P5,,,,X 全窗基线 · 不参与实体赏罚,3924066,393,A168_HF9F_20260827_0900,2026-08-27 09:00:00
2026-08-01,133208470,1490,0,28.2536665554,16.8237741761,16.8237741761,1.0000000,3,1,0.42800186363636364,0.218271633333,1.1560443004483187,1.8924712330191793,1.1560443004483187,0.20973023030336364,ELIGIBLE,R03b_20260811_FULL_v1,L1_ELIGIBILITY,v2026-08-11,2026-03-21..2026-08-06,baccarat_bet02_101_all_pairs_incl_sentinel,round_win = game_pnl > 0 (decisive only),COMPATIBILITY_ONLY_NOT_PRODUCTION,1954.6353,1713.1303,-61.9682,263,95,0.03170321,0.03315720,-0.24358974,0.03170321,61.9682,1954.6353,OK,0.0000,-2.4787,4.0000,96.0000,AG03-UNRESOLVED,ALL5_LEVELS_bet23_to_bet27,-2.4787,-2.4787,-2.4787,-3.0984,-3.0984,4.000000,4.000000,4.000000,5.000000,5.000000,96.000000,96.000000,96.000000,95.000000,95.000000,5.0,-13.6330,-12.4882,-48.3352,-49.48,PENDING_AG03,FALSE,NOT_FOR_ENFORCEMENT,-59.4895,1644.6050,-61.9682,-59.4895,-2.4787,-0.03170321,-0.03043508,-2.4787,-59.4895,-0.03043508,-2.4787,-2.4787,-2.4787,-3.0984,-3.0984,-59.4895,-0.03043508,-13.6330,-12.4882,-48.3352,-49.48,-0.02472850,-0.0253142,-0.00126813,7.4321,18.0330,-0.6523,-30.9841,-1.9990,977.3177,47.5000,7.4783,3.4231,2.5685,2.5685,12.8426,20.5481,23.1166,25.6852,2.5685,-2.5685,9.0,10.000001,2.893529,23,24,2,6,0.99474614,-0.03170321,-0.03315720,0E-8,0.000000,0.876445,0.000000,0.27674694,2026-03-26,2026-08-01,2,31,25,129,0.015504,2.184650,1.006224,3.315820,,,,,,,,GLOBAL_BASELINE_NO_ENTITY_RANKING,,,NOT_APPLICABLE_GLOBAL_BASELINE,HF9g-P5,,,,X 全窗基线 · 不参与实体赏罚,3924067,393,A168_HF9F_20260827_0900,2026-08-27 09:00:00
2026-08-01,133208470,1505,0,249.1459687158,32.7485680528,32.7485680528,0.7272727,32,11,0.39283291862193362,0.228693595455,2.2712046217720747,3.9372226027204915,2.2712046217720747,0.16413932316693362,ELIGIBLE,R03b_20260811_FULL_v1,L1_ELIGIBILITY,v2026-08-11,2026-03-21..2026-08-06,baccarat_bet02_101_all_pairs_incl_sentinel,round_win = game_pnl > 0 (decisive only),COMPATIBILITY_ONLY_NOT_PRODUCTION,1954.6353,1713.1303,-61.9682,263,95,0.03170321,0.03315720,-0.24358974,0.03170321,61.9682,1954.6353,OK,0.0000,-2.4787,4.0000,96.0000,AG03-UNRESOLVED,ALL5_LEVELS_bet23_to_bet27,-2.4787,-2.4787,-2.4787,-3.0984,-3.0984,4.000000,4.000000,4.000000,5.000000,5.000000,96.000000,96.000000,96.000000,95.000000,95.000000,5.0,-13.6330,-12.4882,-48.3352,-49.48,PENDING_AG03,FALSE,NOT_FOR_ENFORCEMENT,-59.4895,1644.6050,-61.9682,-59.4895,-2.4787,-0.03170321,-0.03043508,-2.4787,-59.4895,-0.03043508,-2.4787,-2.4787,-2.4787,-3.0984,-3.0984,-59.4895,-0.03043508,-13.6330,-12.4882,-48.3352,-49.48,-0.02472850,-0.0253142,-0.00126813,7.4321,18.0330,-0.6523,-30.9841,-1.9990,977.3177,47.5000,7.4783,3.4231,2.5685,2.5685,12.8426,20.5481,23.1166,25.6852,2.5685,-2.5685,9.0,10.000001,2.893529,23,24,2,6,0.99474614,-0.03170321,-0.03315720,0E-8,0.000000,0.876445,0.000000,0.27674694,2026-03-26,2026-08-01,2,31,25,129,0.015504,2.184650,1.006224,3.315820,,,,,,,,GLOBAL_BASELINE_NO_ENTITY_RANKING,,,NOT_APPLICABLE_GLOBAL_BASELINE,HF9g-P5,,,,X 全窗基线 · 不参与实体赏罚,3924068,393,A168_HF9F_20260827_0900,2026-08-27 09:00:00
2026-08-01,133208470,1623,0,23.1166362726,-23.1166362726,-23.1166362726,0E-7,3,1,0.41052434444444444,0.218271633333,-0.8345195612884254,-0.5284096173047961,-0.8345195612884254,0.19225271111144444,ELIGIBLE,R03b_20260811_FULL_v1,L1_ELIGIBILITY,v2026-08-11,2026-03-21..2026-08-06,baccarat_bet02_101_all_pairs_incl_sentinel,round_win = game_pnl > 0 (decisive only),COMPATIBILITY_ONLY_NOT_PRODUCTION,1954.6353,1713.1303,-61.9682,263,95,0.03170321,0.03315720,-0.24358974,0.03170321,61.9682,1954.6353,OK,0.0000,-2.4787,4.0000,96.0000,AG03-UNRESOLVED,ALL5_LEVELS_bet23_to_bet27,-2.4787,-2.4787,-2.4787,-3.0984,-3.0984,4.000000,4.000000,4.000000,5.000000,5.000000,96.000000,96.000000,96.000000,95.000000,95.000000,5.0,-13.6330,-12.4882,-48.3352,-49.48,PENDING_AG03,FALSE,NOT_FOR_ENFORCEMENT,-59.4895,1644.6050,-61.9682,-59.4895,-2.4787,-0.03170321,-0.03043508,-2.4787,-59.4895,-0.03043508,-2.4787,-2.4787,-2.4787,-3.0984,-3.0984,-59.4895,-0.03043508,-13.6330,-12.4882,-48.3352,-49.48,-0.02472850,-0.0253142,-0.00126813,7.4321,18.0330,-0.6523,-30.9841,-1.9990,977.3177,47.5000,7.4783,3.4231,2.5685,2.5685,12.8426,20.5481,23.1166,25.6852,2.5685,-2.5685,9.0,10.000001,2.893529,23,24,2,6,0.99474614,-0.03170321,-0.03315720,0E-8,0.000000,0.876445,0.000000,0.27674694,2026-03-26,2026-08-01,2,31,25,129,0.015504,2.184650,1.006224,3.315820,,,,,,,,GLOBAL_BASELINE_NO_ENTITY_RANKING,,,NOT_APPLICABLE_GLOBAL_BASELINE,HF9g-P5,,,,X 全窗基线 · 不参与实体赏罚,3924069,393,A168_HF9F_20260827_0900,2026-08-27 09:00:00
2026-08-01,133208470,1645,0,38.5277271210,-38.5277271210,-38.5277271210,0E-7,6,2,0.38070373611111111,0.223145266667,-1.1088156251298726,-0.7579471586858844,-1.1088156251298726,0.15755846944411111,ELIGIBLE,R03b_20260811_FULL_v1,L1_ELIGIBILITY,v2026-08-11,2026-03-21..2026-08-06,baccarat_bet02_101_all_pairs_incl_sentinel,round_win = game_pnl > 0 (decisive only),COMPATIBILITY_ONLY_NOT_PRODUCTION,1954.6353,1713.1303,-61.9682,263,95,0.03170321,0.03315720,-0.24358974,0.03170321,61.9682,1954.6353,OK,0.0000,-2.4787,4.0000,96.0000,AG03-UNRESOLVED,ALL5_LEVELS_bet23_to_bet27,-2.4787,-2.4787,-2.4787,-3.0984,-3.0984,4.000000,4.000000,4.000000,5.000000,5.000000,96.000000,96.000000,96.000000,95.000000,95.000000,5.0,-13.6330,-12.4882,-48.3352,-49.48,PENDING_AG03,FALSE,NOT_FOR_ENFORCEMENT,-59.4895,1644.6050,-61.9682,-59.4895,-2.4787,-0.03170321,-0.03043508,-2.4787,-59.4895,-0.03043508,-2.4787,-2.4787,-2.4787,-3.0984,-3.0984,-59.4895,-0.03043508,-13.6330,-12.4882,-48.3352,-49.48,-0.02472850,-0.0253142,-0.00126813,7.4321,18.0330,-0.6523,-30.9841,-1.9990,977.3177,47.5000,7.4783,3.4231,2.5685,2.5685,12.8426,20.5481,23.1166,25.6852,2.5685,-2.5685,9.0,10.000001,2.893529,23,24,2,6,0.99474614,-0.03170321,-0.03315720,0E-8,0.000000,0.876445,0.000000,0.27674694,2026-03-26,2026-08-01,2,31,25,129,0.015504,2.184650,1.006224,3.315820,,,,,,,,GLOBAL_BASELINE_NO_ENTITY_RANKING,,,NOT_APPLICABLE_GLOBAL_BASELINE,HF9g-P5,,,,X 全窗基线 · 不参与实体赏罚,3924070,393,A168_HF9F_20260827_0900,2026-08-27 09:00:00
2026-08-01,133208470,1957,0,61.6443633936,-41.6099452907,-41.6099452907,0.2000000,12,5,0.31849694190476191,0.210008890000,-0.5687293050122096,-0.054946619290038405,-0.5687293050122096,0.10848805190476191,ELIGIBLE,R03b_20260811_FULL_v1,L1_ELIGIBILITY,v2026-08-11,2026-03-21..2026-08-06,baccarat_bet02_101_all_pairs_incl_sentinel,round_win = game_pnl > 0 (decisive only),COMPATIBILITY_ONLY_NOT_PRODUCTION,1954.6353,1713.1303,-61.9682,263,95,0.03170321,0.03315720,-0.24358974,0.03170321,61.9682,1954.6353,OK,0.0000,-2.4787,4.0000,96.0000,AG03-UNRESOLVED,ALL5_LEVELS_bet23_to_bet27,-2.4787,-2.4787,-2.4787,-3.0984,-3.0984,4.000000,4.000000,4.000000,5.000000,5.000000,96.000000,96.000000,96.000000,95.000000,95.000000,5.0,-13.6330,-12.4882,-48.3352,-49.48,PENDING_AG03,FALSE,NOT_FOR_ENFORCEMENT,-59.4895,1644.6050,-61.9682,-59.4895,-2.4787,-0.03170321,-0.03043508,-2.4787,-59.4895,-0.03043508,-2.4787,-2.4787,-2.4787,-3.0984,-3.0984,-59.4895,-0.03043508,-13.6330,-12.4882,-48.3352,-49.48,-0.02472850,-0.0253142,-0.00126813,7.4321,18.0330,-0.6523,-30.9841,-1.9990,977.3177,47.5000,7.4783,3.4231,2.5685,2.5685,12.8426,20.5481,23.1166,25.6852,2.5685,-2.5685,9.0,10.000001,2.893529,23,24,2,6,0.99474614,-0.03170321,-0.03315720,0E-8,0.000000,0.876445,0.000000,0.27674694,2026-03-26,2026-08-01,2,31,25,129,0.015504,2.184650,1.006224,3.315820,,,,,,,,GLOBAL_BASELINE_NO_ENTITY_RANKING,,,NOT_APPLICABLE_GLOBAL_BASELINE,HF9g-P5,,,,X 全窗基线 · 不参与实体赏罚,3924071,393,A168_HF9F_20260827_0900,2026-08-27 09:00:00
2026-08-01,133208470,1963,0,118.1516965044,4.1096242262,4.1096242262,0.6000000,15,5,0.40952196933333333,0.220221086667,0.8661426413404656,2.049276951821321,0.8661426413404656,0.18930088266633333,ELIGIBLE,R03b_20260811_FULL_v1,L1_ELIGIBILITY,v2026-08-11,2026-03-21..2026-08-06,baccarat_bet02_101_all_pairs_incl_sentinel,round_win = game_pnl > 0 (decisive only),COMPATIBILITY_ONLY_NOT_PRODUCTION,1954.6353,1713.1303,-61.9682,263,95,0.03170321,0.03315720,-0.24358974,0.03170321,61.9682,1954.6353,OK,0.0000,-2.4787,4.0000,96.0000,AG03-UNRESOLVED,ALL5_LEVELS_bet23_to_bet27,-2.4787,-2.4787,-2.4787,-3.0984,-3.0984,4.000000,4.000000,4.000000,5.000000,5.000000,96.000000,96.000000,96.000000,95.000000,95.000000,5.0,-13.6330,-12.4882,-48.3352,-49.48,PENDING_AG03,FALSE,NOT_FOR_ENFORCEMENT,-59.4895,1644.6050,-61.9682,-59.4895,-2.4787,-0.03170321,-0.03043508,-2.4787,-59.4895,-0.03043508,-2.4787,-2.4787,-2.4787,-3.0984,-3.0984,-59.4895,-0.03043508,-13.6330,-12.4882,-48.3352,-49.48,-0.02472850,-0.0253142,-0.00126813,7.4321,18.0330,-0.6523,-30.9841,-1.9990,977.3177,47.5000,7.4783,3.4231,2.5685,2.5685,12.8426,20.5481,23.1166,25.6852,2.5685,-2.5685,9.0,10.000001,2.893529,23,24,2,6,0.99474614,-0.03170321,-0.03315720,0E-8,0.000000,0.876445,0.000000,0.27674694,2026-03-26,2026-08-01,2,31,25,129,0.015504,2.184650,1.006224,3.315820,,,,,,,,GLOBAL_BASELINE_NO_ENTITY_RANKING,,,NOT_APPLICABLE_GLOBAL_BASELINE,HF9g-P5,,,,X 全窗基线 · 不参与实体赏罚,3924072,393,A168_HF9F_20260827_0900,2026-08-27 09:00:00
2026-08-01,133208470,1966,0,95.0350602318,-20.5481211312,-20.5481211312,0.4000000,13,5,0.34217420700000000,0.196462046667,0.2725382831159009,1.1454809632832377,0.2725382831159009,0.14571216033300000,ELIGIBLE,R03b_20260811_FULL_v1,L1_ELIGIBILITY,v2026-08-11,2026-03-21..2026-08-06,baccarat_bet02_101_all_pairs_incl_sentinel,round_win = game_pnl > 0 (decisive only),COMPATIBILITY_ONLY_NOT_PRODUCTION,1954.6353,1713.1303,-61.9682,263,95,0.03170321,0.03315720,-0.24358974,0.03170321,61.9682,1954.6353,OK,0.0000,-2.4787,4.0000,96.0000,AG03-UNRESOLVED,ALL5_LEVELS_bet23_to_bet27,-2.4787,-2.4787,-2.4787,-3.0984,-3.0984,4.000000,4.000000,4.000000,5.000000,5.000000,96.000000,96.000000,96.000000,95.000000,95.000000,5.0,-13.6330,-12.4882,-48.3352,-49.48,PENDING_AG03,FALSE,NOT_FOR_ENFORCEMENT,-59.4895,1644.6050,-61.9682,-59.4895,-2.4787,-0.03170321,-0.03043508,-2.4787,-59.4895,-0.03043508,-2.4787,-2.4787,-2.4787,-3.0984,-3.0984,-59.4895,-0.03043508,-13.6330,-12.4882,-48.3352,-49.48,-0.02472850,-0.0253142,-0.00126813,7.4321,18.0330,-0.6523,-30.9841,-1.9990,977.3177,47.5000,7.4783,3.4231,2.5685,2.5685,12.8426,20.5481,23.1166,25.6852,2.5685,-2.5685,9.0,10.000001,2.893529,23,24,2,6,0.99474614,-0.03170321,-0.03315720,0E-8,0.000000,0.876445,0.000000,0.27674694,2026-03-26,2026-08-01,2,31,25,129,0.015504,2.184650,1.006224,3.315820,,,,,,,,GLOBAL_BASELINE_NO_ENTITY_RANKING,,,NOT_APPLICABLE_GLOBAL_BASELINE,HF9g-P5,,,,X 全窗基线 · 不参与实体赏罚,3924073,393,A168_HF9F_20260827_0900,2026-08-27 09:00:00
2026-08-01,133208470,1985,0,20.5481211312,-20.5481211312,-20.5481211312,0E-7,3,1,0.39850855000000000,0.218271633333,-0.8139619295272299,-0.5284096173047961,-0.8139619295272299,0.18023691666700000,ELIGIBLE,R03b_20260811_FULL_v1,L1_ELIGIBILITY,v2026-08-11,2026-03-21..2026-08-06,baccarat_bet02_101_all_pairs_incl_sentinel,round_win = game_pnl > 0 (decisive only),COMPATIBILITY_ONLY_NOT_PRODUCTION,1954.6353,1713.1303,-61.9682,263,95,0.03170321,0.03315720,-0.24358974,0.03170321,61.9682,1954.6353,OK,0.0000,-2.4787,4.0000,96.0000,AG03-UNRESOLVED,ALL5_LEVELS_bet23_to_bet27,-2.4787,-2.4787,-2.4787,-3.0984,-3.0984,4.000000,4.000000,4.000000,5.000000,5.000000,96.000000,96.000000,96.000000,95.000000,95.000000,5.0,-13.6330,-12.4882,-48.3352,-49.48,PENDING_AG03,FALSE,NOT_FOR_ENFORCEMENT,-59.4895,1644.6050,-61.9682,-59.4895,-2.4787,-0.03170321,-0.03043508,-2.4787,-59.4895,-0.03043508,-2.4787,-2.4787,-2.4787,-3.0984,-3.0984,-59.4895,-0.03043508,-13.6330,-12.4882,-48.3352,-49.48,-0.02472850,-0.0253142,-0.00126813,7.4321,18.0330,-0.6523,-30.9841,-1.9990,977.3177,47.5000,7.4783,3.4231,2.5685,2.5685,12.8426,20.5481,23.1166,25.6852,2.5685,-2.5685,9.0,10.000001,2.893529,23,24,2,6,0.99474614,-0.03170321,-0.03315720,0E-8,0.000000,0.876445,0.000000,0.27674694,2026-03-26,2026-08-01,2,31,25,129,0.015504,2.184650,1.006224,3.315820,,,,,,,,GLOBAL_BASELINE_NO_ENTITY_RANKING,,,NOT_APPLICABLE_GLOBAL_BASELINE,HF9g-P5,,,,X 全窗基线 · 不参与实体赏罚,3924074,393,A168_HF9F_20260827_0900,2026-08-27 09:00:00
2026-08-01,133208470,1994,0,38.5277271210,-13.4847044924,-13.4847044924,0.5000000,6,2,0.38750879196428572,0.220708450000,0.3265448725286628,0.9523867180878657,0.3265448725286628,0.16680034196428572,ELIGIBLE,R03b_20260811_FULL_v1,L1_ELIGIBILITY,v2026-08-11,2026-03-21..2026-08-06,baccarat_bet02_101_all_pairs_incl_sentinel,round_win = game_pnl > 0 (decisive only),COMPATIBILITY_ONLY_NOT_PRODUCTION,1954.6353,1713.1303,-61.9682,263,95,0.03170321,0.03315720,-0.24358974,0.03170321,61.9682,1954.6353,OK,0.0000,-2.4787,4.0000,96.0000,AG03-UNRESOLVED,ALL5_LEVELS_bet23_to_bet27,-2.4787,-2.4787,-2.4787,-3.0984,-3.0984,4.000000,4.000000,4.000000,5.000000,5.000000,96.000000,96.000000,96.000000,95.000000,95.000000,5.0,-13.6330,-12.4882,-48.3352,-49.48,PENDING_AG03,FALSE,NOT_FOR_ENFORCEMENT,-59.4895,1644.6050,-61.9682,-59.4895,-2.4787,-0.03170321,-0.03043508,-2.4787,-59.4895,-0.03043508,-2.4787,-2.4787,-2.4787,-3.0984,-3.0984,-59.4895,-0.03043508,-13.6330,-12.4882,-48.3352,-49.48,-0.02472850,-0.0253142,-0.00126813,7.4321,18.0330,-0.6523,-30.9841,-1.9990,977.3177,47.5000,7.4783,3.4231,2.5685,2.5685,12.8426,20.5481,23.1166,25.6852,2.5685,-2.5685,9.0,10.000001,2.893529,23,24,2,6,0.99474614,-0.03170321,-0.03315720,0E-8,0.000000,0.876445,0.000000,0.27674694,2026-03-26,2026-08-01,2,31,25,129,0.015504,2.184650,1.006224,3.315820,,,,,,,,GLOBAL_BASELINE_NO_ENTITY_RANKING,,,NOT_APPLICABLE_GLOBAL_BASELINE,HF9g-P5,,,,X 全窗基线 · 不参与实体赏罚,3924075,393,A168_HF9F_20260827_0900,2026-08-27 09:00:00
2026-08-01,133208470,2188,0,23.1166362726,-23.1166362726,-23.1166362726,0E-7,3,1,0.41052434444444444,0.218271633333,-0.8345195612884254,-0.5284096173047961,-0.8345195612884254,0.19225271111144444,ELIGIBLE,R03b_20260811_FULL_v1,L1_ELIGIBILITY,v2026-08-11,2026-03-21..2026-08-06,baccarat_bet02_101_all_pairs_incl_sentinel,round_win = game_pnl > 0 (decisive only),COMPATIBILITY_ONLY_NOT_PRODUCTION,1954.6353,1713.1303,-61.9682,263,95,0.03170321,0.03315720,-0.24358974,0.03170321,61.9682,1954.6353,OK,0.0000,-2.4787,4.0000,96.0000,AG03-UNRESOLVED,ALL5_LEVELS_bet23_to_bet27,-2.4787,-2.4787,-2.4787,-3.0984,-3.0984,4.000000,4.000000,4.000000,5.000000,5.000000,96.000000,96.000000,96.000000,95.000000,95.000000,5.0,-13.6330,-12.4882,-48.3352,-49.48,PENDING_AG03,FALSE,NOT_FOR_ENFORCEMENT,-59.4895,1644.6050,-61.9682,-59.4895,-2.4787,-0.03170321,-0.03043508,-2.4787,-59.4895,-0.03043508,-2.4787,-2.4787,-2.4787,-3.0984,-3.0984,-59.4895,-0.03043508,-13.6330,-12.4882,-48.3352,-49.48,-0.02472850,-0.0253142,-0.00126813,7.4321,18.0330,-0.6523,-30.9841,-1.9990,977.3177,47.5000,7.4783,3.4231,2.5685,2.5685,12.8426,20.5481,23.1166,25.6852,2.5685,-2.5685,9.0,10.000001,2.893529,23,24,2,6,0.99474614,-0.03170321,-0.03315720,0E-8,0.000000,0.876445,0.000000,0.27674694,2026-03-26,2026-08-01,2,31,25,129,0.015504,2.184650,1.006224,3.315820,,,,,,,,GLOBAL_BASELINE_NO_ENTITY_RANKING,,,NOT_APPLICABLE_GLOBAL_BASELINE,HF9g-P5,,,,X 全窗基线 · 不参与实体赏罚,3924076,393,A168_HF9F_20260827_0900,2026-08-27 09:00:00
2026-08-01,133208470,2205,0,10.2740605656,-0.2568515141,-0.2568515141,0E-7,3,1,0.29036640000000000,0.218271633333,-0.639670164555202,-0.5284096173047961,-0.639670164555202,0.07209476666700000,ELIGIBLE,R03b_20260811_FULL_v1,L1_ELIGIBILITY,v2026-08-11,2026-03-21..2026-08-06,baccarat_bet02_101_all_pairs_incl_sentinel,round_win = game_pnl > 0 (decisive only),COMPATIBILITY_ONLY_NOT_PRODUCTION,1954.6353,1713.1303,-61.9682,263,95,0.03170321,0.03315720,-0.24358974,0.03170321,61.9682,1954.6353,OK,0.0000,-2.4787,4.0000,96.0000,AG03-UNRESOLVED,ALL5_LEVELS_bet23_to_bet27,-2.4787,-2.4787,-2.4787,-3.0984,-3.0984,4.000000,4.000000,4.000000,5.000000,5.000000,96.000000,96.000000,96.000000,95.000000,95.000000,5.0,-13.6330,-12.4882,-48.3352,-49.48,PENDING_AG03,FALSE,NOT_FOR_ENFORCEMENT,-59.4895,1644.6050,-61.9682,-59.4895,-2.4787,-0.03170321,-0.03043508,-2.4787,-59.4895,-0.03043508,-2.4787,-2.4787,-2.4787,-3.0984,-3.0984,-59.4895,-0.03043508,-13.6330,-12.4882,-48.3352,-49.48,-0.02472850,-0.0253142,-0.00126813,7.4321,18.0330,-0.6523,-30.9841,-1.9990,977.3177,47.5000,7.4783,3.4231,2.5685,2.5685,12.8426,20.5481,23.1166,25.6852,2.5685,-2.5685,9.0,10.000001,2.893529,23,24,2,6,0.99474614,-0.03170321,-0.03315720,0E-8,0.000000,0.876445,0.000000,0.27674694,2026-03-26,2026-08-01,2,31,25,129,0.015504,2.184650,1.006224,3.315820,,,,,,,,GLOBAL_BASELINE_NO_ENTITY_RANKING,,,NOT_APPLICABLE_GLOBAL_BASELINE,HF9g-P5,,,,X 全窗基线 · 不参与实体赏罚,3924077,393,A168_HF9F_20260827_0900,2026-08-27 09:00:00
2026-08-01,133208470,2220,0,102.7406056560,5.7791590681,5.7791590681,0.4000000,14,5,0.40287941623809524,0.233402136666,-0.013127163392908616,0.8806801614629178,-0.013127163392908616,0.16947727957209524,ELIGIBLE,R03b_20260811_FULL_v1,L1_ELIGIBILITY,v2026-08-11,2026-03-21..2026-08-06,baccarat_bet02_101_all_pairs_incl_sentinel,round_win = game_pnl > 0 (decisive only),COMPATIBILITY_ONLY_NOT_PRODUCTION,1954.6353,1713.1303,-61.9682,263,95,0.03170321,0.03315720,-0.24358974,0.03170321,61.9682,1954.6353,OK,0.0000,-2.4787,4.0000,96.0000,AG03-UNRESOLVED,ALL5_LEVELS_bet23_to_bet27,-2.4787,-2.4787,-2.4787,-3.0984,-3.0984,4.000000,4.000000,4.000000,5.000000,5.000000,96.000000,96.000000,96.000000,95.000000,95.000000,5.0,-13.6330,-12.4882,-48.3352,-49.48,PENDING_AG03,FALSE,NOT_FOR_ENFORCEMENT,-59.4895,1644.6050,-61.9682,-59.4895,-2.4787,-0.03170321,-0.03043508,-2.4787,-59.4895,-0.03043508,-2.4787,-2.4787,-2.4787,-3.0984,-3.0984,-59.4895,-0.03043508,-13.6330,-12.4882,-48.3352,-49.48,-0.02472850,-0.0253142,-0.00126813,7.4321,18.0330,-0.6523,-30.9841,-1.9990,977.3177,47.5000,7.4783,3.4231,2.5685,2.5685,12.8426,20.5481,23.1166,25.6852,2.5685,-2.5685,9.0,10.000001,2.893529,23,24,2,6,0.99474614,-0.03170321,-0.03315720,0E-8,0.000000,0.876445,0.000000,0.27674694,2026-03-26,2026-08-01,2,31,25,129,0.015504,2.184650,1.006224,3.315820,,,,,,,,GLOBAL_BASELINE_NO_ENTITY_RANKING,,,NOT_APPLICABLE_GLOBAL_BASELINE,HF9g-P5,,,,X 全窗基线 · 不参与实体赏罚,3924078,393,A168_HF9F_20260827_0900,2026-08-27 09:00:00
2026-08-01,133208470,2242,0,231.1663627260,147.8180463875,147.8180463875,0.7777778,26,9,0.39497163791245791,0.230129775926,2.3492504961618663,3.9032610098680425,2.3492504961618663,0.16484186198645791,ELIGIBLE,R03b_20260811_FULL_v1,L1_ELIGIBILITY,v2026-08-11,2026-03-21..2026-08-06,baccarat_bet02_101_all_pairs_incl_sentinel,round_win = game_pnl > 0 (decisive only),COMPATIBILITY_ONLY_NOT_PRODUCTION,1954.6353,1713.1303,-61.9682,263,95,0.03170321,0.03315720,-0.24358974,0.03170321,61.9682,1954.6353,OK,0.0000,-2.4787,4.0000,96.0000,AG03-UNRESOLVED,ALL5_LEVELS_bet23_to_bet27,-2.4787,-2.4787,-2.4787,-3.0984,-3.0984,4.000000,4.000000,4.000000,5.000000,5.000000,96.000000,96.000000,96.000000,95.000000,95.000000,5.0,-13.6330,-12.4882,-48.3352,-49.48,PENDING_AG03,FALSE,NOT_FOR_ENFORCEMENT,-59.4895,1644.6050,-61.9682,-59.4895,-2.4787,-0.03170321,-0.03043508,-2.4787,-59.4895,-0.03043508,-2.4787,-2.4787,-2.4787,-3.0984,-3.0984,-59.4895,-0.03043508,-13.6330,-12.4882,-48.3352,-49.48,-0.02472850,-0.0253142,-0.00126813,7.4321,18.0330,-0.6523,-30.9841,-1.9990,977.3177,47.5000,7.4783,3.4231,2.5685,2.5685,12.8426,20.5481,23.1166,25.6852,2.5685,-2.5685,9.0,10.000001,2.893529,23,24,2,6,0.99474614,-0.03170321,-0.03315720,0E-8,0.000000,0.876445,0.000000,0.27674694,2026-03-26,2026-08-01,2,31,25,129,0.015504,2.184650,1.006224,3.315820,,,,,,,,GLOBAL_BASELINE_NO_ENTITY_RANKING,,,NOT_APPLICABLE_GLOBAL_BASELINE,HF9g-P5,,,,X 全窗基线 · 不参与实体赏罚,3924079,393,A168_HF9F_20260827_0900,2026-08-27 09:00:00
2026-08-01,133208470,2250,0,79.6239693834,-28.2536665554,-28.2536665554,0.3333333,7,3,0.45269719444444445,0.317647077778,-0.41535146566431247,0.058358343156454454,-0.41535146566431247,0.13505011666644445,ELIGIBLE,R03b_20260811_FULL_v1,L1_ELIGIBILITY,v2026-08-11,2026-03-21..2026-08-06,baccarat_bet02_101_all_pairs_incl_sentinel,round_win = game_pnl > 0 (decisive only),COMPATIBILITY_ONLY_NOT_PRODUCTION,1954.6353,1713.1303,-61.9682,263,95,0.03170321,0.03315720,-0.24358974,0.03170321,61.9682,1954.6353,OK,0.0000,-2.4787,4.0000,96.0000,AG03-UNRESOLVED,ALL5_LEVELS_bet23_to_bet27,-2.4787,-2.4787,-2.4787,-3.0984,-3.0984,4.000000,4.000000,4.000000,5.000000,5.000000,96.000000,96.000000,96.000000,95.000000,95.000000,5.0,-13.6330,-12.4882,-48.3352,-49.48,PENDING_AG03,FALSE,NOT_FOR_ENFORCEMENT,-59.4895,1644.6050,-61.9682,-59.4895,-2.4787,-0.03170321,-0.03043508,-2.4787,-59.4895,-0.03043508,-2.4787,-2.4787,-2.4787,-3.0984,-3.0984,-59.4895,-0.03043508,-13.6330,-12.4882,-48.3352,-49.48,-0.02472850,-0.0253142,-0.00126813,7.4321,18.0330,-0.6523,-30.9841,-1.9990,977.3177,47.5000,7.4783,3.4231,2.5685,2.5685,12.8426,20.5481,23.1166,25.6852,2.5685,-2.5685,9.0,10.000001,2.893529,23,24,2,6,0.99474614,-0.03170321,-0.03315720,0E-8,0.000000,0.876445,0.000000,0.27674694,2026-03-26,2026-08-01,2,31,25,129,0.015504,2.184650,1.006224,3.315820,,,,,,,,GLOBAL_BASELINE_NO_ENTITY_RANKING,,,NOT_APPLICABLE_GLOBAL_BASELINE,HF9g-P5,,,,X 全窗基线 · 不参与实体赏罚,3924080,393,A168_HF9F_20260827_0900,2026-08-27 09:00:00
2026-08-01,133208470,2258,0,89.8980299490,-18.8785862893,-18.8785862893,0.5000000,12,4,0.39787840416666667,0.221926858334,0.4172826260114815,1.3383629162210158,0.4172826260114815,0.17595154583266667,ELIGIBLE,R03b_20260811_FULL_v1,L1_ELIGIBILITY,v2026-08-11,2026-03-21..2026-08-06,baccarat_bet02_101_all_pairs_incl_sentinel,round_win = game_pnl > 0 (decisive only),COMPATIBILITY_ONLY_NOT_PRODUCTION,1954.6353,1713.1303,-61.9682,263,95,0.03170321,0.03315720,-0.24358974,0.03170321,61.9682,1954.6353,OK,0.0000,-2.4787,4.0000,96.0000,AG03-UNRESOLVED,ALL5_LEVELS_bet23_to_bet27,-2.4787,-2.4787,-2.4787,-3.0984,-3.0984,4.000000,4.000000,4.000000,5.000000,5.000000,96.000000,96.000000,96.000000,95.000000,95.000000,5.0,-13.6330,-12.4882,-48.3352,-49.48,PENDING_AG03,FALSE,NOT_FOR_ENFORCEMENT,-59.4895,1644.6050,-61.9682,-59.4895,-2.4787,-0.03170321,-0.03043508,-2.4787,-59.4895,-0.03043508,-2.4787,-2.4787,-2.4787,-3.0984,-3.0984,-59.4895,-0.03043508,-13.6330,-12.4882,-48.3352,-49.48,-0.02472850,-0.0253142,-0.00126813,7.4321,18.0330,-0.6523,-30.9841,-1.9990,977.3177,47.5000,7.4783,3.4231,2.5685,2.5685,12.8426,20.5481,23.1166,25.6852,2.5685,-2.5685,9.0,10.000001,2.893529,23,24,2,6,0.99474614,-0.03170321,-0.03315720,0E-8,0.000000,0.876445,0.000000,0.27674694,2026-03-26,2026-08-01,2,31,25,129,0.015504,2.184650,1.006224,3.315820,,,,,,,,GLOBAL_BASELINE_NO_ENTITY_RANKING,,,NOT_APPLICABLE_GLOBAL_BASELINE,HF9g-P5,,,,X 全窗基线 · 不参与实体赏罚,3924081,393,A168_HF9F_20260827_0900,2026-08-27 09:00:00
2026-08-01,133208470,2271,0,17.9796059898,-7.9623969383,-7.9623969383,0.5000000,5,2,0.32983390000000000,0.259449191667,0.511857617151727,0.7761009719270037,0.511857617151727,0.07038470833300000,ELIGIBLE,R03b_20260811_FULL_v1,L1_ELIGIBILITY,v2026-08-11,2026-03-21..2026-08-06,baccarat_bet02_101_all_pairs_incl_sentinel,round_win = game_pnl > 0 (decisive only),COMPATIBILITY_ONLY_NOT_PRODUCTION,1954.6353,1713.1303,-61.9682,263,95,0.03170321,0.03315720,-0.24358974,0.03170321,61.9682,1954.6353,OK,0.0000,-2.4787,4.0000,96.0000,AG03-UNRESOLVED,ALL5_LEVELS_bet23_to_bet27,-2.4787,-2.4787,-2.4787,-3.0984,-3.0984,4.000000,4.000000,4.000000,5.000000,5.000000,96.000000,96.000000,96.000000,95.000000,95.000000,5.0,-13.6330,-12.4882,-48.3352,-49.48,PENDING_AG03,FALSE,NOT_FOR_ENFORCEMENT,-59.4895,1644.6050,-61.9682,-59.4895,-2.4787,-0.03170321,-0.03043508,-2.4787,-59.4895,-0.03043508,-2.4787,-2.4787,-2.4787,-3.0984,-3.0984,-59.4895,-0.03043508,-13.6330,-12.4882,-48.3352,-49.48,-0.02472850,-0.0253142,-0.00126813,7.4321,18.0330,-0.6523,-30.9841,-1.9990,977.3177,47.5000,7.4783,3.4231,2.5685,2.5685,12.8426,20.5481,23.1166,25.6852,2.5685,-2.5685,9.0,10.000001,2.893529,23,24,2,6,0.99474614,-0.03170321,-0.03315720,0E-8,0.000000,0.876445,0.000000,0.27674694,2026-03-26,2026-08-01,2,31,25,129,0.015504,2.184650,1.006224,3.315820,,,,,,,,GLOBAL_BASELINE_NO_ENTITY_RANKING,,,NOT_APPLICABLE_GLOBAL_BASELINE,HF9g-P5,,,,X 全窗基线 · 不参与实体赏罚,3924082,393,A168_HF9F_20260827_0900,2026-08-27 09:00:00
2026-08-01,133208470,2289,0,113.0146662216,55.2230755400,55.2230755400,0.6000000,14,5,0.41372754409523809,0.236692110000,0.845720153088323,1.911252495132838,0.845720153088323,0.17703543409523809,ELIGIBLE,R03b_20260811_FULL_v1,L1_ELIGIBILITY,v2026-08-11,2026-03-21..2026-08-06,baccarat_bet02_101_all_pairs_incl_sentinel,round_win = game_pnl > 0 (decisive only),COMPATIBILITY_ONLY_NOT_PRODUCTION,1954.6353,1713.1303,-61.9682,263,95,0.03170321,0.03315720,-0.24358974,0.03170321,61.9682,1954.6353,OK,0.0000,-2.4787,4.0000,96.0000,AG03-UNRESOLVED,ALL5_LEVELS_bet23_to_bet27,-2.4787,-2.4787,-2.4787,-3.0984,-3.0984,4.000000,4.000000,4.000000,5.000000,5.000000,96.000000,96.000000,96.000000,95.000000,95.000000,5.0,-13.6330,-12.4882,-48.3352,-49.48,PENDING_AG03,FALSE,NOT_FOR_ENFORCEMENT,-59.4895,1644.6050,-61.9682,-59.4895,-2.4787,-0.03170321,-0.03043508,-2.4787,-59.4895,-0.03043508,-2.4787,-2.4787,-2.4787,-3.0984,-3.0984,-59.4895,-0.03043508,-13.6330,-12.4882,-48.3352,-49.48,-0.02472850,-0.0253142,-0.00126813,7.4321,18.0330,-0.6523,-30.9841,-1.9990,977.3177,47.5000,7.4783,3.4231,2.5685,2.5685,12.8426,20.5481,23.1166,25.6852,2.5685,-2.5685,9.0,10.000001,2.893529,23,24,2,6,0.99474614,-0.03170321,-0.03315720,0E-8,0.000000,0.876445,0.000000,0.27674694,2026-03-26,2026-08-01,2,31,25,129,0.015504,2.184650,1.006224,3.315820,,,,,,,,GLOBAL_BASELINE_NO_ENTITY_RANKING,,,NOT_APPLICABLE_GLOBAL_BASELINE,HF9g-P5,,,,X 全窗基线 · 不参与实体赏罚,3924083,393,A168_HF9F_20260827_0900,2026-08-27 09:00:00
2026-08-01,133208470,462,0,23.1166362726,-23.1166362726,-23.1166362726,0E-7,3,1,0.41052434444444444,0.218271633333,-0.8345195612884254,-0.5284096173047961,-0.8345195612884254,0.19225271111144444,ELIGIBLE,R03b_20260811_FULL_v1,L1_ELIGIBILITY,v2026-08-11,2026-03-21..2026-08-06,baccarat_bet02_101_all_pairs_incl_sentinel,round_win = game_pnl > 0 (decisive only),COMPATIBILITY_ONLY_NOT_PRODUCTION,1954.6353,1713.1303,-61.9682,263,95,0.03170321,0.03315720,-0.24358974,0.03170321,61.9682,1954.6353,OK,0.0000,-2.4787,4.0000,96.0000,AG03-UNRESOLVED,ALL5_LEVELS_bet23_to_bet27,-2.4787,-2.4787,-2.4787,-3.0984,-3.0984,4.000000,4.000000,4.000000,5.000000,5.000000,96.000000,96.000000,96.000000,95.000000,95.000000,5.0,-13.6330,-12.4882,-48.3352,-49.48,PENDING_AG03,FALSE,NOT_FOR_ENFORCEMENT,-59.4895,1644.6050,-61.9682,-59.4895,-2.4787,-0.03170321,-0.03043508,-2.4787,-59.4895,-0.03043508,-2.4787,-2.4787,-2.4787,-3.0984,-3.0984,-59.4895,-0.03043508,-13.6330,-12.4882,-48.3352,-49.48,-0.02472850,-0.0253142,-0.00126813,7.4321,18.0330,-0.6523,-30.9841,-1.9990,977.3177,47.5000,7.4783,3.4231,2.5685,2.5685,12.8426,20.5481,23.1166,25.6852,2.5685,-2.5685,9.0,10.000001,2.893529,23,24,2,6,0.99474614,-0.03170321,-0.03315720,0E-8,0.000000,0.876445,0.000000,0.27674694,2026-03-26,2026-08-01,2,31,25,129,0.015504,2.184650,1.006224,3.315820,,,,,,,,GLOBAL_BASELINE_NO_ENTITY_RANKING,,,NOT_APPLICABLE_GLOBAL_BASELINE,HF9g-P5,,,,X 全窗基线 · 不参与实体赏罚,3924084,393,A168_HF9F_20260827_0900,2026-08-27 09:00:00
2026-03-28,128981780,1325,0,44.0179593275,22.0089796637,22.3611233383,0.6666667,3,3,0.49771390000000000,0.497713900000,0.5852756695216578,0.5852756695216578,0.5852756695216578,0E-17,ELIGIBLE,R03b_20260811_FULL_v1,L1_ELIGIBILITY,v2026-08-11,2026-03-21..2026-08-06,baccarat_bet02_101_all_pairs_incl_sentinel,round_win = game_pnl > 0 (decisive only),COMPATIBILITY_ONLY_NOT_PRODUCTION,810.5070,742.5766,-56.9659,55,55,0.07028432,,0.07028432,0.06295481,56.9659,810.5070,OK,5.9406,-3.4180,6.0000,94.0000,AG03-UNRESOLVED,ALL5_LEVELS_bet23_to_bet27,-3.4180,-3.4180,-3.4180,-3.4180,-3.4180,6.000000,6.000000,6.000000,6.000000,6.000000,94.000000,94.000000,94.000000,94.000000,94.000000,5.0,-17.0898,-15.1584,-45.8168,-47.7481,PENDING_AG03,FALSE,NOT_FOR_ENFORCEMENT,-53.5480,698.0220,-62.9065,-59.4886,-9.3586,-0.07761382,-0.07339676,-3.4180,-59.4886,-0.07339676,-3.4180,-3.4180,-3.4180,-3.4180,-3.4180,-59.4886,-0.07339676,-17.0898,-15.1584,-45.8168,-47.7481,-0.05652852,-0.05891144,-0.01154656,14.7365,13.5014,-1.0357,-4.0690,-1.7262,57.8934,3.9286,,14.7365,10.5412,11.0045,21.0824,22.009,38.6773,42.1647,11.0045,0.0,3.514684,3.831594,1.339134,11,25,11,2,0E-8,-0.07028432,,0.00800000,0.800000,0.916188,0.000000,,2026-03-28,2026-06-02,14,33,32,67,0.208955,,,0.000000,,,,,,,,GLOBAL_BASELINE_NO_ENTITY_RANKING,,,NOT_APPLICABLE_GLOBAL_BASELINE,HF9g-P5,,,,X 全窗基线 · 不参与实体赏罚,3924085,393,A168_HF9F_20260827_0900,2026-08-27 09:00:00
2026-03-28,128981780,1383,0,33.0134694957,31.3627960209,31.6269037767,1.0000000,3,3,0.50665070000000000,0.506650700000,1.7091633124209307,1.7091633124209307,1.7091633124209307,0E-17,ELIGIBLE,R03b_20260811_FULL_v1,L1_ELIGIBILITY,v2026-08-11,2026-03-21..2026-08-06,baccarat_bet02_101_all_pairs_incl_sentinel,round_win = game_pnl > 0 (decisive only),COMPATIBILITY_ONLY_NOT_PRODUCTION,810.5070,742.5766,-56.9659,55,55,0.07028432,,0.07028432,0.06295481,56.9659,810.5070,OK,5.9406,-3.4180,6.0000,94.0000,AG03-UNRESOLVED,ALL5_LEVELS_bet23_to_bet27,-3.4180,-3.4180,-3.4180,-3.4180,-3.4180,6.000000,6.000000,6.000000,6.000000,6.000000,94.000000,94.000000,94.000000,94.000000,94.000000,5.0,-17.0898,-15.1584,-45.8168,-47.7481,PENDING_AG03,FALSE,NOT_FOR_ENFORCEMENT,-53.5480,698.0220,-62.9065,-59.4886,-9.3586,-0.07761382,-0.07339676,-3.4180,-59.4886,-0.07339676,-3.4180,-3.4180,-3.4180,-3.4180,-3.4180,-59.4886,-0.07339676,-17.0898,-15.1584,-45.8168,-47.7481,-0.05652852,-0.05891144,-0.01154656,14.7365,13.5014,-1.0357,-4.0690,-1.7262,57.8934,3.9286,,14.7365,10.5412,11.0045,21.0824,22.009,38.6773,42.1647,11.0045,0.0,3.514684,3.831594,1.339134,11,25,11,2,0E-8,-0.07028432,,0.00800000,0.800000,0.916188,0.000000,,2026-03-28,2026-06-02,14,33,32,67,0.208955,,,0.000000,,,,,,,,GLOBAL_BASELINE_NO_ENTITY_RANKING,,,NOT_APPLICABLE_GLOBAL_BASELINE,HF9g-P5,,,,X 全窗基线 · 不参与实体赏罚,3924086,393,A168_HF9F_20260827_0900,2026-08-27 09:00:00
2026-03-28,128981780,1384,0,66.0269389912,9.3538163571,9.7939959503,0.6666667,4,4,0.50329940000000000,0.503299400000,0.5659331339966515,0.5659331339966515,0.5659331339966515,0E-17,ELIGIBLE,R03b_20260811_FULL_v1,L1_ELIGIBILITY,v2026-08-11,2026-03-21..2026-08-06,baccarat_bet02_101_all_pairs_incl_sentinel,round_win = game_pnl > 0 (decisive only),COMPATIBILITY_ONLY_NOT_PRODUCTION,810.5070,742.5766,-56.9659,55,55,0.07028432,,0.07028432,0.06295481,56.9659,810.5070,OK,5.9406,-3.4180,6.0000,94.0000,AG03-UNRESOLVED,ALL5_LEVELS_bet23_to_bet27,-3.4180,-3.4180,-3.4180,-3.4180,-3.4180,6.000000,6.000000,6.000000,6.000000,6.000000,94.000000,94.000000,94.000000,94.000000,94.000000,5.0,-17.0898,-15.1584,-45.8168,-47.7481,PENDING_AG03,FALSE,NOT_FOR_ENFORCEMENT,-53.5480,698.0220,-62.9065,-59.4886,-9.3586,-0.07761382,-0.07339676,-3.4180,-59.4886,-0.07339676,-3.4180,-3.4180,-3.4180,-3.4180,-3.4180,-59.4886,-0.07339676,-17.0898,-15.1584,-45.8168,-47.7481,-0.05652852,-0.05891144,-0.01154656,14.7365,13.5014,-1.0357,-4.0690,-1.7262,57.8934,3.9286,,14.7365,10.5412,11.0045,21.0824,22.009,38.6773,42.1647,11.0045,0.0,3.514684,3.831594,1.339134,11,25,11,2,0E-8,-0.07028432,,0.00800000,0.800000,0.916188,0.000000,,2026-03-28,2026-06-02,14,33,32,67,0.208955,,,0.000000,,,,,,,,GLOBAL_BASELINE_NO_ENTITY_RANKING,,,NOT_APPLICABLE_GLOBAL_BASELINE,HF9g-P5,,,,X 全窗基线 · 不参与实体赏罚,3924087,393,A168_HF9F_20260827_0900,2026-08-27 09:00:00
2026-03-28,128981780,1646,0,22.0089796637,-22.0089796637,-21.8329078264,0E-7,1,1,0.50665070000000000,0.506650700000,-1.013391052207602,-1.013391052207602,-1.013391052207602,0E-17,ELIGIBLE,R03b_20260811_FULL_v1,L1_ELIGIBILITY,v2026-08-11,2026-03-21..2026-08-06,baccarat_bet02_101_all_pairs_incl_sentinel,round_win = game_pnl > 0 (decisive only),COMPATIBILITY_ONLY_NOT_PRODUCTION,810.5070,742.5766,-56.9659,55,55,0.07028432,,0.07028432,0.06295481,56.9659,810.5070,OK,5.9406,-3.4180,6.0000,94.0000,AG03-UNRESOLVED,ALL5_LEVELS_bet23_to_bet27,-3.4180,-3.4180,-3.4180,-3.4180,-3.4180,6.000000,6.000000,6.000000,6.000000,6.000000,94.000000,94.000000,94.000000,94.000000,94.000000,5.0,-17.0898,-15.1584,-45.8168,-47.7481,PENDING_AG03,FALSE,NOT_FOR_ENFORCEMENT,-53.5480,698.0220,-62.9065,-59.4886,-9.3586,-0.07761382,-0.07339676,-3.4180,-59.4886,-0.07339676,-3.4180,-3.4180,-3.4180,-3.4180,-3.4180,-59.4886,-0.07339676,-17.0898,-15.1584,-45.8168,-47.7481,-0.05652852,-0.05891144,-0.01154656,14.7365,13.5014,-1.0357,-4.0690,-1.7262,57.8934,3.9286,,14.7365,10.5412,11.0045,21.0824,22.009,38.6773,42.1647,11.0045,0.0,3.514684,3.831594,1.339134,11,25,11,2,0E-8,-0.07028432,,0.00800000,0.800000,0.916188,0.000000,,2026-03-28,2026-06-02,14,33,32,67,0.208955,,,0.000000,,,,,,,,GLOBAL_BASELINE_NO_ENTITY_RANKING,,,NOT_APPLICABLE_GLOBAL_BASELINE,HF9g-P5,,,,X 全窗基线 · 不参与实体赏罚,3924088,393,A168_HF9F_20260827_0900,2026-08-27 09:00:00
2026-03-28,128981780,2209,0,11.0044898319,0E-10,0E-10,,1,1,0.50665070000000000,0.506650700000,,,,0E-17,NO_DECISIVE_ROUND,R03b_20260811_FULL_v1,L1_ELIGIBILITY,v2026-08-11,2026-03-21..2026-08-06,baccarat_bet02_101_all_pairs_incl_sentinel,round_win = game_pnl > 0 (decisive only),COMPATIBILITY_ONLY_NOT_PRODUCTION,810.5070,742.5766,-56.9659,55,55,0.07028432,,0.07028432,0.06295481,56.9659,810.5070,OK,5.9406,-3.4180,6.0000,94.0000,AG03-UNRESOLVED,ALL5_LEVELS_bet23_to_bet27,-3.4180,-3.4180,-3.4180,-3.4180,-3.4180,6.000000,6.000000,6.000000,6.000000,6.000000,94.000000,94.000000,94.000000,94.000000,94.000000,5.0,-17.0898,-15.1584,-45.8168,-47.7481,PENDING_AG03,FALSE,NOT_FOR_ENFORCEMENT,-53.5480,698.0220,-62.9065,-59.4886,-9.3586,-0.07761382,-0.07339676,-3.4180,-59.4886,-0.07339676,-3.4180,-3.4180,-3.4180,-3.4180,-3.4180,-59.4886,-0.07339676,-17.0898,-15.1584,-45.8168,-47.7481,-0.05652852,-0.05891144,-0.01154656,14.7365,13.5014,-1.0357,-4.0690,-1.7262,57.8934,3.9286,,14.7365,10.5412,11.0045,21.0824,22.009,38.6773,42.1647,11.0045,0.0,3.514684,3.831594,1.339134,11,25,11,2,0E-8,-0.07028432,,0.00800000,0.800000,0.916188,0.000000,,2026-03-28,2026-06-02,14,33,32,67,0.208955,,,0.000000,,,,,,,,GLOBAL_BASELINE_NO_ENTITY_RANKING,,,NOT_APPLICABLE_GLOBAL_BASELINE,HF9g-P5,,,,X 全窗基线 · 不参与实体赏罚,3924089,393,A168_HF9F_20260827_0900,2026-08-27 09:00:00
2026-03-28,128981780,2223,0,44.0179593275,21.4587551721,21.8108988467,0.6666667,3,3,0.50218230000000000,0.502182300000,0.5697959874915163,0.5697959874915164,0.5697959874915163,0E-17,ELIGIBLE,R03b_20260811_FULL_v1,L1_ELIGIBILITY,v2026-08-11,2026-03-21..2026-08-06,baccarat_bet02_101_all_pairs_incl_sentinel,round_win = game_pnl > 0 (decisive only),COMPATIBILITY_ONLY_NOT_PRODUCTION,810.5070,742.5766,-56.9659,55,55,0.07028432,,0.07028432,0.06295481,56.9659,810.5070,OK,5.9406,-3.4180,6.0000,94.0000,AG03-UNRESOLVED,ALL5_LEVELS_bet23_to_bet27,-3.4180,-3.4180,-3.4180,-3.4180,-3.4180,6.000000,6.000000,6.000000,6.000000,6.000000,94.000000,94.000000,94.000000,94.000000,94.000000,5.0,-17.0898,-15.1584,-45.8168,-47.7481,PENDING_AG03,FALSE,NOT_FOR_ENFORCEMENT,-53.5480,698.0220,-62.9065,-59.4886,-9.3586,-0.07761382,-0.07339676,-3.4180,-59.4886,-0.07339676,-3.4180,-3.4180,-3.4180,-3.4180,-3.4180,-59.4886,-0.07339676,-17.0898,-15.1584,-45.8168,-47.7481,-0.05652852,-0.05891144,-0.01154656,14.7365,13.5014,-1.0357,-4.0690,-1.7262,57.8934,3.9286,,14.7365,10.5412,11.0045,21.0824,22.009,38.6773,42.1647,11.0045,0.0,3.514684,3.831594,1.339134,11,25,11,2,0E-8,-0.07028432,,0.00800000,0.800000,0.916188,0.000000,,2026-03-28,2026-06-02,14,33,32,67,0.208955,,,0.000000,,,,,,,,GLOBAL_BASELINE_NO_ENTITY_RANKING,,,NOT_APPLICABLE_GLOBAL_BASELINE,HF9g-P5,,,,X 全窗基线 · 不参与实体赏罚,3924090,393,A168_HF9F_20260827_0900,2026-08-27 09:00:00
2026-03-29,128981780,1306,0,22.6692490537,0.6602693899,0.8416233823,0.5000000,2,2,0.49324550000000000,0.493245500000,0.01910635448239258,0.01910635448239258,0.01910635448239258,0E-17,ELIGIBLE,R03b_20260811_FULL_v1,L1_ELIGIBILITY,v2026-08-11,2026-03-21..2026-08-06,baccarat_bet02_101_all_pairs_incl_sentinel,round_win = game_pnl > 0 (decisive only),COMPATIBILITY_ONLY_NOT_PRODUCTION,810.5070,742.5766,-56.9659,55,55,0.07028432,,0.07028432,0.06295481,56.9659,810.5070,OK,5.9406,-3.4180,6.0000,94.0000,AG03-UNRESOLVED,ALL5_LEVELS_bet23_to_bet27,-3.4180,-3.4180,-3.4180,-3.4180,-3.4180,6.000000,6.000000,6.000000,6.000000,6.000000,94.000000,94.000000,94.000000,94.000000,94.000000,5.0,-17.0898,-15.1584,-45.8168,-47.7481,PENDING_AG03,FALSE,NOT_FOR_ENFORCEMENT,-53.5480,698.0220,-62.9065,-59.4886,-9.3586,-0.07761382,-0.07339676,-3.4180,-59.4886,-0.07339676,-3.4180,-3.4180,-3.4180,-3.4180,-3.4180,-59.4886,-0.07339676,-17.0898,-15.1584,-45.8168,-47.7481,-0.05652852,-0.05891144,-0.01154656,14.7365,13.5014,-1.0357,-4.0690,-1.7262,57.8934,3.9286,,14.7365,10.5412,11.0045,21.0824,22.009,38.6773,42.1647,11.0045,0.0,3.514684,3.831594,1.339134,11,25,11,2,0E-8,-0.07028432,,0.00800000,0.800000,0.916188,0.000000,,2026-03-28,2026-06-02,14,33,32,67,0.208955,,,0.000000,,,,,,,,GLOBAL_BASELINE_NO_ENTITY_RANKING,,,NOT_APPLICABLE_GLOBAL_BASELINE,HF9g-P5,,,,X 全窗基线 · 不参与实体赏罚,3924091,393,A168_HF9F_20260827_0900,2026-08-27 09:00:00
2026-03-29,128981780,2252,0,11.0044898319,-11.0044898319,-10.9164539132,0E-7,1,1,0.49324550000000000,0.493245500000,-0.9865810262130424,-0.9865810262130424,-0.9865810262130424,0E-17,ELIGIBLE,R03b_20260811_FULL_v1,L1_ELIGIBILITY,v2026-08-11,2026-03-21..2026-08-06,baccarat_bet02_101_all_pairs_incl_sentinel,round_win = game_pnl > 0 (decisive only),COMPATIBILITY_ONLY_NOT_PRODUCTION,810.5070,742.5766,-56.9659,55,55,0.07028432,,0.07028432,0.06295481,56.9659,810.5070,OK,5.9406,-3.4180,6.0000,94.0000,AG03-UNRESOLVED,ALL5_LEVELS_bet23_to_bet27,-3.4180,-3.4180,-3.4180,-3.4180,-3.4180,6.000000,6.000000,6.000000,6.000000,6.000000,94.000000,94.000000,94.000000,94.000000,94.000000,5.0,-17.0898,-15.1584,-45.8168,-47.7481,PENDING_AG03,FALSE,NOT_FOR_ENFORCEMENT,-53.5480,698.0220,-62.9065,-59.4886,-9.3586,-0.07761382,-0.07339676,-3.4180,-59.4886,-0.07339676,-3.4180,-3.4180,-3.4180,-3.4180,-3.4180,-59.4886,-0.07339676,-17.0898,-15.1584,-45.8168,-47.7481,-0.05652852,-0.05891144,-0.01154656,14.7365,13.5014,-1.0357,-4.0690,-1.7262,57.8934,3.9286,,14.7365,10.5412,11.0045,21.0824,22.009,38.6773,42.1647,11.0045,0.0,3.514684,3.831594,1.339134,11,25,11,2,0E-8,-0.07028432,,0.00800000,0.800000,0.916188,0.000000,,2026-03-28,2026-06-02,14,33,32,67,0.208955,,,0.000000,,,,,,,,GLOBAL_BASELINE_NO_ENTITY_RANKING,,,NOT_APPLICABLE_GLOBAL_BASELINE,HF9g-P5,,,,X 全窗基线 · 不参与实体赏罚,3924092,393,A168_HF9F_20260827_0900,2026-08-27 09:00:00
2026-03-29,128981780,970,0,12.3250286117,-12.3250286117,-12.2264283828,0E-7,1,1,0.50665070000000000,0.506650700000,-1.013391052207602,-1.013391052207602,-1.013391052207602,0E-17,ELIGIBLE,R03b_20260811_FULL_v1,L1_ELIGIBILITY,v2026-08-11,2026-03-21..2026-08-06,baccarat_bet02_101_all_pairs_incl_sentinel,round_win = game_pnl > 0 (decisive only),COMPATIBILITY_ONLY_NOT_PRODUCTION,810.5070,742.5766,-56.9659,55,55,0.07028432,,0.07028432,0.06295481,56.9659,810.5070,OK,5.9406,-3.4180,6.0000,94.0000,AG03-UNRESOLVED,ALL5_LEVELS_bet23_to_bet27,-3.4180,-3.4180,-3.4180,-3.4180,-3.4180,6.000000,6.000000,6.000000,6.000000,6.000000,94.000000,94.000000,94.000000,94.000000,94.000000,5.0,-17.0898,-15.1584,-45.8168,-47.7481,PENDING_AG03,FALSE,NOT_FOR_ENFORCEMENT,-53.5480,698.0220,-62.9065,-59.4886,-9.3586,-0.07761382,-0.07339676,-3.4180,-59.4886,-0.07339676,-3.4180,-3.4180,-3.4180,-3.4180,-3.4180,-59.4886,-0.07339676,-17.0898,-15.1584,-45.8168,-47.7481,-0.05652852,-0.05891144,-0.01154656,14.7365,13.5014,-1.0357,-4.0690,-1.7262,57.8934,3.9286,,14.7365,10.5412,11.0045,21.0824,22.009,38.6773,42.1647,11.0045,0.0,3.514684,3.831594,1.339134,11,25,11,2,0E-8,-0.07028432,,0.00800000,0.800000,0.916188,0.000000,,2026-03-28,2026-06-02,14,33,32,67,0.208955,,,0.000000,,,,,,,,GLOBAL_BASELINE_NO_ENTITY_RANKING,,,NOT_APPLICABLE_GLOBAL_BASELINE,HF9g-P5,,,,X 全窗基线 · 不参与实体赏罚,3924093,393,A168_HF9F_20260827_0900,2026-08-27 09:00:00
2026-04-04,128981780,1325,0,42.1647376299,40.0565007484,40.3938186495,1.0000000,1,1,0.50665070000000000,0.506650700000,0.9867858985152569,0.9867858985152569,0.9867858985152569,0E-17,ELIGIBLE,R03b_20260811_FULL_v1,L1_ELIGIBILITY,v2026-08-11,2026-03-21..2026-08-06,baccarat_bet02_101_all_pairs_incl_sentinel,round_win = game_pnl > 0 (decisive only),COMPATIBILITY_ONLY_NOT_PRODUCTION,810.5070,742.5766,-56.9659,55,55,0.07028432,,0.07028432,0.06295481,56.9659,810.5070,OK,5.9406,-3.4180,6.0000,94.0000,AG03-UNRESOLVED,ALL5_LEVELS_bet23_to_bet27,-3.4180,-3.4180,-3.4180,-3.4180,-3.4180,6.000000,6.000000,6.000000,6.000000,6.000000,94.000000,94.000000,94.000000,94.000000,94.000000,5.0,-17.0898,-15.1584,-45.8168,-47.7481,PENDING_AG03,FALSE,NOT_FOR_ENFORCEMENT,-53.5480,698.0220,-62.9065,-59.4886,-9.3586,-0.07761382,-0.07339676,-3.4180,-59.4886,-0.07339676,-3.4180,-3.4180,-3.4180,-3.4180,-3.4180,-59.4886,-0.07339676,-17.0898,-15.1584,-45.8168,-47.7481,-0.05652852,-0.05891144,-0.01154656,14.7365,13.5014,-1.0357,-4.0690,-1.7262,57.8934,3.9286,,14.7365,10.5412,11.0045,21.0824,22.009,38.6773,42.1647,11.0045,0.0,3.514684,3.831594,1.339134,11,25,11,2,0E-8,-0.07028432,,0.00800000,0.800000,0.916188,0.000000,,2026-03-28,2026-06-02,14,33,32,67,0.208955,,,0.000000,,,,,,,,GLOBAL_BASELINE_NO_ENTITY_RANKING,,,NOT_APPLICABLE_GLOBAL_BASELINE,HF9g-P5,,,,X 全窗基线 · 不参与实体赏罚,3924094,393,A168_HF9F_20260827_0900,2026-08-27 09:00:00
2026-04-04,128981780,1623,0,42.1647376299,42.1647376299,42.5020555310,1.0000000,1,1,0.49324550000000000,0.493245500000,1.01360149184955,1.01360149184955,1.01360149184955,0E-17,ELIGIBLE,R03b_20260811_FULL_v1,L1_ELIGIBILITY,v2026-08-11,2026-03-21..2026-08-06,baccarat_bet02_101_all_pairs_incl_sentinel,round_win = game_pnl > 0 (decisive only),COMPATIBILITY_ONLY_NOT_PRODUCTION,810.5070,742.5766,-56.9659,55,55,0.07028432,,0.07028432,0.06295481,56.9659,810.5070,OK,5.9406,-3.4180,6.0000,94.0000,AG03-UNRESOLVED,ALL5_LEVELS_bet23_to_bet27,-3.4180,-3.4180,-3.4180,-3.4180,-3.4180,6.000000,6.000000,6.000000,6.000000,6.000000,94.000000,94.000000,94.000000,94.000000,94.000000,5.0,-17.0898,-15.1584,-45.8168,-47.7481,PENDING_AG03,FALSE,NOT_FOR_ENFORCEMENT,-53.5480,698.0220,-62.9065,-59.4886,-9.3586,-0.07761382,-0.07339676,-3.4180,-59.4886,-0.07339676,-3.4180,-3.4180,-3.4180,-3.4180,-3.4180,-59.4886,-0.07339676,-17.0898,-15.1584,-45.8168,-47.7481,-0.05652852,-0.05891144,-0.01154656,14.7365,13.5014,-1.0357,-4.0690,-1.7262,57.8934,3.9286,,14.7365,10.5412,11.0045,21.0824,22.009,38.6773,42.1647,11.0045,0.0,3.514684,3.831594,1.339134,11,25,11,2,0E-8,-0.07028432,,0.00800000,0.800000,0.916188,0.000000,,2026-03-28,2026-06-02,14,33,32,67,0.208955,,,0.000000,,,,,,,,GLOBAL_BASELINE_NO_ENTITY_RANKING,,,NOT_APPLICABLE_GLOBAL_BASELINE,HF9g-P5,,,,X 全窗基线 · 不参与实体赏罚,3924095,393,A168_HF9F_20260827_0900,2026-08-27 09:00:00
2026-04-07,128981780,2169,0,31.6235532224,-10.6571374360,-10.4041490102,0.5000000,2,2,0.50665070000000000,0.506650700000,-0.018812684590367487,-0.018812684590367487,-0.018812684590367487,0E-17,ELIGIBLE,R03b_20260811_FULL_v1,L1_ELIGIBILITY,v2026-08-11,2026-03-21..2026-08-06,baccarat_bet02_101_all_pairs_incl_sentinel,round_win = game_pnl > 0 (decisive only),COMPATIBILITY_ONLY_NOT_PRODUCTION,810.5070,742.5766,-56.9659,55,55,0.07028432,,0.07028432,0.06295481,56.9659,810.5070,OK,5.9406,-3.4180,6.0000,94.0000,AG03-UNRESOLVED,ALL5_LEVELS_bet23_to_bet27,-3.4180,-3.4180,-3.4180,-3.4180,-3.4180,6.000000,6.000000,6.000000,6.000000,6.000000,94.000000,94.000000,94.000000,94.000000,94.000000,5.0,-17.0898,-15.1584,-45.8168,-47.7481,PENDING_AG03,FALSE,NOT_FOR_ENFORCEMENT,-53.5480,698.0220,-62.9065,-59.4886,-9.3586,-0.07761382,-0.07339676,-3.4180,-59.4886,-0.07339676,-3.4180,-3.4180,-3.4180,-3.4180,-3.4180,-59.4886,-0.07339676,-17.0898,-15.1584,-45.8168,-47.7481,-0.05652852,-0.05891144,-0.01154656,14.7365,13.5014,-1.0357,-4.0690,-1.7262,57.8934,3.9286,,14.7365,10.5412,11.0045,21.0824,22.009,38.6773,42.1647,11.0045,0.0,3.514684,3.831594,1.339134,11,25,11,2,0E-8,-0.07028432,,0.00800000,0.800000,0.916188,0.000000,,2026-03-28,2026-06-02,14,33,32,67,0.208955,,,0.000000,,,,,,,,GLOBAL_BASELINE_NO_ENTITY_RANKING,,,NOT_APPLICABLE_GLOBAL_BASELINE,HF9g-P5,,,,X 全窗基线 · 不参与实体赏罚,3924096,393,A168_HF9F_20260827_0900,2026-08-27 09:00:00
2026-04-08,128981780,2233,0,15.6009529231,-15.6009529231,-15.4761452997,0E-7,1,1,0.50665070000000000,0.506650700000,-1.013391052207602,-1.013391052207602,-1.013391052207602,0E-17,ELIGIBLE,R03b_20260811_FULL_v1,L1_ELIGIBILITY,v2026-08-11,2026-03-21..2026-08-06,baccarat_bet02_101_all_pairs_incl_sentinel,round_win = game_pnl > 0 (decisive only),COMPATIBILITY_ONLY_NOT_PRODUCTION,810.5070,742.5766,-56.9659,55,55,0.07028432,,0.07028432,0.06295481,56.9659,810.5070,OK,5.9406,-3.4180,6.0000,94.0000,AG03-UNRESOLVED,ALL5_LEVELS_bet23_to_bet27,-3.4180,-3.4180,-3.4180,-3.4180,-3.4180,6.000000,6.000000,6.000000,6.000000,6.000000,94.000000,94.000000,94.000000,94.000000,94.000000,5.0,-17.0898,-15.1584,-45.8168,-47.7481,PENDING_AG03,FALSE,NOT_FOR_ENFORCEMENT,-53.5480,698.0220,-62.9065,-59.4886,-9.3586,-0.07761382,-0.07339676,-3.4180,-59.4886,-0.07339676,-3.4180,-3.4180,-3.4180,-3.4180,-3.4180,-59.4886,-0.07339676,-17.0898,-15.1584,-45.8168,-47.7481,-0.05652852,-0.05891144,-0.01154656,14.7365,13.5014,-1.0357,-4.0690,-1.7262,57.8934,3.9286,,14.7365,10.5412,11.0045,21.0824,22.009,38.6773,42.1647,11.0045,0.0,3.514684,3.831594,1.339134,11,25,11,2,0E-8,-0.07028432,,0.00800000,0.800000,0.916188,0.000000,,2026-03-28,2026-06-02,14,33,32,67,0.208955,,,0.000000,,,,,,,,GLOBAL_BASELINE_NO_ENTITY_RANKING,,,NOT_APPLICABLE_GLOBAL_BASELINE,HF9g-P5,,,,X 全窗基线 · 不参与实体赏罚,3924097,393,A168_HF9F_20260827_0900,2026-08-27 09:00:00
2026-04-09,128981780,1221,0,32.0452005988,10.9628317838,11.2191933886,0.5000000,2,2,0.49994810000000000,0.499948100000,0.00014679536856514622,0.00014679536856514622,0.00014679536856514622,0E-17,ELIGIBLE,R03b_20260811_FULL_v1,L1_ELIGIBILITY,v2026-08-11,2026-03-21..2026-08-06,baccarat_bet02_101_all_pairs_incl_sentinel,round_win = game_pnl > 0 (decisive only),COMPATIBILITY_ONLY_NOT_PRODUCTION,810.5070,742.5766,-56.9659,55,55,0.07028432,,0.07028432,0.06295481,56.9659,810.5070,OK,5.9406,-3.4180,6.0000,94.0000,AG03-UNRESOLVED,ALL5_LEVELS_bet23_to_bet27,-3.4180,-3.4180,-3.4180,-3.4180,-3.4180,6.000000,6.000000,6.000000,6.000000,6.000000,94.000000,94.000000,94.000000,94.000000,94.000000,5.0,-17.0898,-15.1584,-45.8168,-47.7481,PENDING_AG03,FALSE,NOT_FOR_ENFORCEMENT,-53.5480,698.0220,-62.9065,-59.4886,-9.3586,-0.07761382,-0.07339676,-3.4180,-59.4886,-0.07339676,-3.4180,-3.4180,-3.4180,-3.4180,-3.4180,-59.4886,-0.07339676,-17.0898,-15.1584,-45.8168,-47.7481,-0.05652852,-0.05891144,-0.01154656,14.7365,13.5014,-1.0357,-4.0690,-1.7262,57.8934,3.9286,,14.7365,10.5412,11.0045,21.0824,22.009,38.6773,42.1647,11.0045,0.0,3.514684,3.831594,1.339134,11,25,11,2,0E-8,-0.07028432,,0.00800000,0.800000,0.916188,0.000000,,2026-03-28,2026-06-02,14,33,32,67,0.208955,,,0.000000,,,,,,,,GLOBAL_BASELINE_NO_ENTITY_RANKING,,,NOT_APPLICABLE_GLOBAL_BASELINE,HF9g-P5,,,,X 全窗基线 · 不参与实体赏罚,3924098,393,A168_HF9F_20260827_0900,2026-08-27 09:00:00
2026-04-09,128981780,2174,0,31.6235532225,-11.0682436279,-10.8152552020,0.5000000,2,2,0.50665070000000000,0.506650700000,-0.018812684590367487,-0.018812684590367487,-0.018812684590367487,0E-17,ELIGIBLE,R03b_20260811_FULL_v1,L1_ELIGIBILITY,v2026-08-11,2026-03-21..2026-08-06,baccarat_bet02_101_all_pairs_incl_sentinel,round_win = game_pnl > 0 (decisive only),COMPATIBILITY_ONLY_NOT_PRODUCTION,810.5070,742.5766,-56.9659,55,55,0.07028432,,0.07028432,0.06295481,56.9659,810.5070,OK,5.9406,-3.4180,6.0000,94.0000,AG03-UNRESOLVED,ALL5_LEVELS_bet23_to_bet27,-3.4180,-3.4180,-3.4180,-3.4180,-3.4180,6.000000,6.000000,6.000000,6.000000,6.000000,94.000000,94.000000,94.000000,94.000000,94.000000,5.0,-17.0898,-15.1584,-45.8168,-47.7481,PENDING_AG03,FALSE,NOT_FOR_ENFORCEMENT,-53.5480,698.0220,-62.9065,-59.4886,-9.3586,-0.07761382,-0.07339676,-3.4180,-59.4886,-0.07339676,-3.4180,-3.4180,-3.4180,-3.4180,-3.4180,-59.4886,-0.07339676,-17.0898,-15.1584,-45.8168,-47.7481,-0.05652852,-0.05891144,-0.01154656,14.7365,13.5014,-1.0357,-4.0690,-1.7262,57.8934,3.9286,,14.7365,10.5412,11.0045,21.0824,22.009,38.6773,42.1647,11.0045,0.0,3.514684,3.831594,1.339134,11,25,11,2,0E-8,-0.07028432,,0.00800000,0.800000,0.916188,0.000000,,2026-03-28,2026-06-02,14,33,32,67,0.208955,,,0.000000,,,,,,,,GLOBAL_BASELINE_NO_ENTITY_RANKING,,,NOT_APPLICABLE_GLOBAL_BASELINE,HF9g-P5,,,,X 全窗基线 · 不参与实体赏罚,3924099,393,A168_HF9F_20260827_0900,2026-08-27 09:00:00
2026-04-09,128981780,2177,0,54.8141589190,44.5892100436,44.9602597347,1.0000000,4,4,0.49994810000000000,0.499948100000,1.7322306037746105,1.7322306037746105,1.7322306037746105,0E-17,ELIGIBLE,R03b_20260811_FULL_v1,L1_ELIGIBILITY,v2026-08-11,2026-03-21..2026-08-06,baccarat_bet02_101_all_pairs_incl_sentinel,round_win = game_pnl > 0 (decisive only),COMPATIBILITY_ONLY_NOT_PRODUCTION,810.5070,742.5766,-56.9659,55,55,0.07028432,,0.07028432,0.06295481,56.9659,810.5070,OK,5.9406,-3.4180,6.0000,94.0000,AG03-UNRESOLVED,ALL5_LEVELS_bet23_to_bet27,-3.4180,-3.4180,-3.4180,-3.4180,-3.4180,6.000000,6.000000,6.000000,6.000000,6.000000,94.000000,94.000000,94.000000,94.000000,94.000000,5.0,-17.0898,-15.1584,-45.8168,-47.7481,PENDING_AG03,FALSE,NOT_FOR_ENFORCEMENT,-53.5480,698.0220,-62.9065,-59.4886,-9.3586,-0.07761382,-0.07339676,-3.4180,-59.4886,-0.07339676,-3.4180,-3.4180,-3.4180,-3.4180,-3.4180,-59.4886,-0.07339676,-17.0898,-15.1584,-45.8168,-47.7481,-0.05652852,-0.05891144,-0.01154656,14.7365,13.5014,-1.0357,-4.0690,-1.7262,57.8934,3.9286,,14.7365,10.5412,11.0045,21.0824,22.009,38.6773,42.1647,11.0045,0.0,3.514684,3.831594,1.339134,11,25,11,2,0E-8,-0.07028432,,0.00800000,0.800000,0.916188,0.000000,,2026-03-28,2026-06-02,14,33,32,67,0.208955,,,0.000000,,,,,,,,GLOBAL_BASELINE_NO_ENTITY_RANKING,,,NOT_APPLICABLE_GLOBAL_BASELINE,HF9g-P5,,,,X 全窗基线 · 不参与实体赏罚,3924100,393,A168_HF9F_20260827_0900,2026-08-27 09:00:00
2026-04-09,128981780,2196,0,14.7576581705,1.6865895052,1.8046507706,0.5000000,2,2,0.49994810000000000,0.499948100000,0.00014679536856514622,0.00014679536856514622,0.00014679536856514622,0E-17,ELIGIBLE,R03b_20260811_FULL_v1,L1_ELIGIBILITY,v2026-08-11,2026-03-21..2026-08-06,baccarat_bet02_101_all_pairs_incl_sentinel,round_win = game_pnl > 0 (decisive only),COMPATIBILITY_ONLY_NOT_PRODUCTION,810.5070,742.5766,-56.9659,55,55,0.07028432,,0.07028432,0.06295481,56.9659,810.5070,OK,5.9406,-3.4180,6.0000,94.0000,AG03-UNRESOLVED,ALL5_LEVELS_bet23_to_bet27,-3.4180,-3.4180,-3.4180,-3.4180,-3.4180,6.000000,6.000000,6.000000,6.000000,6.000000,94.000000,94.000000,94.000000,94.000000,94.000000,5.0,-17.0898,-15.1584,-45.8168,-47.7481,PENDING_AG03,FALSE,NOT_FOR_ENFORCEMENT,-53.5480,698.0220,-62.9065,-59.4886,-9.3586,-0.07761382,-0.07339676,-3.4180,-59.4886,-0.07339676,-3.4180,-3.4180,-3.4180,-3.4180,-3.4180,-59.4886,-0.07339676,-17.0898,-15.1584,-45.8168,-47.7481,-0.05652852,-0.05891144,-0.01154656,14.7365,13.5014,-1.0357,-4.0690,-1.7262,57.8934,3.9286,,14.7365,10.5412,11.0045,21.0824,22.009,38.6773,42.1647,11.0045,0.0,3.514684,3.831594,1.339134,11,25,11,2,0E-8,-0.07028432,,0.00800000,0.800000,0.916188,0.000000,,2026-03-28,2026-06-02,14,33,32,67,0.208955,,,0.000000,,,,,,,,GLOBAL_BASELINE_NO_ENTITY_RANKING,,,NOT_APPLICABLE_GLOBAL_BASELINE,HF9g-P5,,,,X 全窗基线 · 不参与实体赏罚,3924101,393,A168_HF9F_20260827_0900,2026-08-27 09:00:00
2026-04-09,128981780,2233,0,25.2988425780,16.8658950520,17.0682857926,0.5000000,2,2,0.49324550000000000,0.493245500000,0.01910635448239258,0.01910635448239258,0.01910635448239258,0E-17,ELIGIBLE,R03b_20260811_FULL_v1,L1_ELIGIBILITY,v2026-08-11,2026-03-21..2026-08-06,baccarat_bet02_101_all_pairs_incl_sentinel,round_win = game_pnl > 0 (decisive only),COMPATIBILITY_ONLY_NOT_PRODUCTION,810.5070,742.5766,-56.9659,55,55,0.07028432,,0.07028432,0.06295481,56.9659,810.5070,OK,5.9406,-3.4180,6.0000,94.0000,AG03-UNRESOLVED,ALL5_LEVELS_bet23_to_bet27,-3.4180,-3.4180,-3.4180,-3.4180,-3.4180,6.000000,6.000000,6.000000,6.000000,6.000000,94.000000,94.000000,94.000000,94.000000,94.000000,5.0,-17.0898,-15.1584,-45.8168,-47.7481,PENDING_AG03,FALSE,NOT_FOR_ENFORCEMENT,-53.5480,698.0220,-62.9065,-59.4886,-9.3586,-0.07761382,-0.07339676,-3.4180,-59.4886,-0.07339676,-3.4180,-3.4180,-3.4180,-3.4180,-3.4180,-59.4886,-0.07339676,-17.0898,-15.1584,-45.8168,-47.7481,-0.05652852,-0.05891144,-0.01154656,14.7365,13.5014,-1.0357,-4.0690,-1.7262,57.8934,3.9286,,14.7365,10.5412,11.0045,21.0824,22.009,38.6773,42.1647,11.0045,0.0,3.514684,3.831594,1.339134,11,25,11,2,0E-8,-0.07028432,,0.00800000,0.800000,0.916188,0.000000,,2026-03-28,2026-06-02,14,33,32,67,0.208955,,,0.000000,,,,,,,,GLOBAL_BASELINE_NO_ENTITY_RANKING,,,NOT_APPLICABLE_GLOBAL_BASELINE,HF9g-P5,,,,X 全窗基线 · 不参与实体赏罚,3924102,393,A168_HF9F_20260827_0900,2026-08-27 09:00:00
2026-04-09,128981780,583,0,4.2164737630,-4.2164737630,-4.1827419729,0E-7,1,1,0.50665070000000000,0.506650700000,-1.013391052207602,-1.013391052207602,-1.013391052207602,0E-17,ELIGIBLE,R03b_20260811_FULL_v1,L1_ELIGIBILITY,v2026-08-11,2026-03-21..2026-08-06,baccarat_bet02_101_all_pairs_incl_sentinel,round_win = game_pnl > 0 (decisive only),COMPATIBILITY_ONLY_NOT_PRODUCTION,810.5070,742.5766,-56.9659,55,55,0.07028432,,0.07028432,0.06295481,56.9659,810.5070,OK,5.9406,-3.4180,6.0000,94.0000,AG03-UNRESOLVED,ALL5_LEVELS_bet23_to_bet27,-3.4180,-3.4180,-3.4180,-3.4180,-3.4180,6.000000,6.000000,6.000000,6.000000,6.000000,94.000000,94.000000,94.000000,94.000000,94.000000,5.0,-17.0898,-15.1584,-45.8168,-47.7481,PENDING_AG03,FALSE,NOT_FOR_ENFORCEMENT,-53.5480,698.0220,-62.9065,-59.4886,-9.3586,-0.07761382,-0.07339676,-3.4180,-59.4886,-0.07339676,-3.4180,-3.4180,-3.4180,-3.4180,-3.4180,-59.4886,-0.07339676,-17.0898,-15.1584,-45.8168,-47.7481,-0.05652852,-0.05891144,-0.01154656,14.7365,13.5014,-1.0357,-4.0690,-1.7262,57.8934,3.9286,,14.7365,10.5412,11.0045,21.0824,22.009,38.6773,42.1647,11.0045,0.0,3.514684,3.831594,1.339134,11,25,11,2,0E-8,-0.07028432,,0.00800000,0.800000,0.916188,0.000000,,2026-03-28,2026-06-02,14,33,32,67,0.208955,,,0.000000,,,,,,,,GLOBAL_BASELINE_NO_ENTITY_RANKING,,,NOT_APPLICABLE_GLOBAL_BASELINE,HF9g-P5,,,,X 全窗基线 · 不参与实体赏罚,3924103,393,A168_HF9F_20260827_0900,2026-08-27 09:00:00
2026-04-10,128981780,2108,0,21.0823688150,10.5411844075,10.6255138827,1.0000000,2,2,0.49994810000000000,0.499948100000,1.0001038053877793,1.0001038053877793,1.0001038053877793,0E-17,ELIGIBLE,R03b_20260811_FULL_v1,L1_ELIGIBILITY,v2026-08-11,2026-03-21..2026-08-06,baccarat_bet02_101_all_pairs_incl_sentinel,round_win = game_pnl > 0 (decisive only),COMPATIBILITY_ONLY_NOT_PRODUCTION,810.5070,742.5766,-56.9659,55,55,0.07028432,,0.07028432,0.06295481,56.9659,810.5070,OK,5.9406,-3.4180,6.0000,94.0000,AG03-UNRESOLVED,ALL5_LEVELS_bet23_to_bet27,-3.4180,-3.4180,-3.4180,-3.4180,-3.4180,6.000000,6.000000,6.000000,6.000000,6.000000,94.000000,94.000000,94.000000,94.000000,94.000000,5.0,-17.0898,-15.1584,-45.8168,-47.7481,PENDING_AG03,FALSE,NOT_FOR_ENFORCEMENT,-53.5480,698.0220,-62.9065,-59.4886,-9.3586,-0.07761382,-0.07339676,-3.4180,-59.4886,-0.07339676,-3.4180,-3.4180,-3.4180,-3.4180,-3.4180,-59.4886,-0.07339676,-17.0898,-15.1584,-45.8168,-47.7481,-0.05652852,-0.05891144,-0.01154656,14.7365,13.5014,-1.0357,-4.0690,-1.7262,57.8934,3.9286,,14.7365,10.5412,11.0045,21.0824,22.009,38.6773,42.1647,11.0045,0.0,3.514684,3.831594,1.339134,11,25,11,2,0E-8,-0.07028432,,0.00800000,0.800000,0.916188,0.000000,,2026-03-28,2026-06-02,14,33,32,67,0.208955,,,0.000000,,,,,,,,GLOBAL_BASELINE_NO_ENTITY_RANKING,,,NOT_APPLICABLE_GLOBAL_BASELINE,HF9g-P5,,,,X 全窗基线 · 不参与实体赏罚,3924104,393,A168_HF9F_20260827_0900,2026-08-27 09:00:00
2026-04-10,128981780,2123,0,39.2132059958,-39.2132059958,-38.8995003478,0E-7,2,2,0.49994810000000000,0.499948100000,-1.4140667746232096,-1.4140667746232096,-1.4140667746232096,0E-17,ELIGIBLE,R03b_20260811_FULL_v1,L1_ELIGIBILITY,v2026-08-11,2026-03-21..2026-08-06,baccarat_bet02_101_all_pairs_incl_sentinel,round_win = game_pnl > 0 (decisive only),COMPATIBILITY_ONLY_NOT_PRODUCTION,810.5070,742.5766,-56.9659,55,55,0.07028432,,0.07028432,0.06295481,56.9659,810.5070,OK,5.9406,-3.4180,6.0000,94.0000,AG03-UNRESOLVED,ALL5_LEVELS_bet23_to_bet27,-3.4180,-3.4180,-3.4180,-3.4180,-3.4180,6.000000,6.000000,6.000000,6.000000,6.000000,94.000000,94.000000,94.000000,94.000000,94.000000,5.0,-17.0898,-15.1584,-45.8168,-47.7481,PENDING_AG03,FALSE,NOT_FOR_ENFORCEMENT,-53.5480,698.0220,-62.9065,-59.4886,-9.3586,-0.07761382,-0.07339676,-3.4180,-59.4886,-0.07339676,-3.4180,-3.4180,-3.4180,-3.4180,-3.4180,-59.4886,-0.07339676,-17.0898,-15.1584,-45.8168,-47.7481,-0.05652852,-0.05891144,-0.01154656,14.7365,13.5014,-1.0357,-4.0690,-1.7262,57.8934,3.9286,,14.7365,10.5412,11.0045,21.0824,22.009,38.6773,42.1647,11.0045,0.0,3.514684,3.831594,1.339134,11,25,11,2,0E-8,-0.07028432,,0.00800000,0.800000,0.916188,0.000000,,2026-03-28,2026-06-02,14,33,32,67,0.208955,,,0.000000,,,,,,,,GLOBAL_BASELINE_NO_ENTITY_RANKING,,,NOT_APPLICABLE_GLOBAL_BASELINE,HF9g-P5,,,,X 全窗基线 · 不参与实体赏罚,3924105,393,A168_HF9F_20260827_0900,2026-08-27 09:00:00
2026-04-10,128981780,529,0,10.5411844075,0E-10,0E-10,,1,1,0.50665070000000000,0.506650700000,,,,0E-17,NO_DECISIVE_ROUND,R03b_20260811_FULL_v1,L1_ELIGIBILITY,v2026-08-11,2026-03-21..2026-08-06,baccarat_bet02_101_all_pairs_incl_sentinel,round_win = game_pnl > 0 (decisive only),COMPATIBILITY_ONLY_NOT_PRODUCTION,810.5070,742.5766,-56.9659,55,55,0.07028432,,0.07028432,0.06295481,56.9659,810.5070,OK,5.9406,-3.4180,6.0000,94.0000,AG03-UNRESOLVED,ALL5_LEVELS_bet23_to_bet27,-3.4180,-3.4180,-3.4180,-3.4180,-3.4180,6.000000,6.000000,6.000000,6.000000,6.000000,94.000000,94.000000,94.000000,94.000000,94.000000,5.0,-17.0898,-15.1584,-45.8168,-47.7481,PENDING_AG03,FALSE,NOT_FOR_ENFORCEMENT,-53.5480,698.0220,-62.9065,-59.4886,-9.3586,-0.07761382,-0.07339676,-3.4180,-59.4886,-0.07339676,-3.4180,-3.4180,-3.4180,-3.4180,-3.4180,-59.4886,-0.07339676,-17.0898,-15.1584,-45.8168,-47.7481,-0.05652852,-0.05891144,-0.01154656,14.7365,13.5014,-1.0357,-4.0690,-1.7262,57.8934,3.9286,,14.7365,10.5412,11.0045,21.0824,22.009,38.6773,42.1647,11.0045,0.0,3.514684,3.831594,1.339134,11,25,11,2,0E-8,-0.07028432,,0.00800000,0.800000,0.916188,0.000000,,2026-03-28,2026-06-02,14,33,32,67,0.208955,,,0.000000,,,,,,,,GLOBAL_BASELINE_NO_ENTITY_RANKING,,,NOT_APPLICABLE_GLOBAL_BASELINE,HF9g-P5,,,,X 全窗基线 · 不参与实体赏罚,3924106,393,A168_HF9F_20260827_0900,2026-08-27 09:00:00
2026-04-12,128981780,1645,0,6.3247106445,-2.2136487256,-2.1630510404,0.5000000,2,2,0.49994810000000000,0.499948100000,0.00014679536856514622,0.00014679536856514622,0.00014679536856514622,0E-17,ELIGIBLE,R03b_20260811_FULL_v1,L1_ELIGIBILITY,v2026-08-11,2026-03-21..2026-08-06,baccarat_bet02_101_all_pairs_incl_sentinel,round_win = game_pnl > 0 (decisive only),COMPATIBILITY_ONLY_NOT_PRODUCTION,810.5070,742.5766,-56.9659,55,55,0.07028432,,0.07028432,0.06295481,56.9659,810.5070,OK,5.9406,-3.4180,6.0000,94.0000,AG03-UNRESOLVED,ALL5_LEVELS_bet23_to_bet27,-3.4180,-3.4180,-3.4180,-3.4180,-3.4180,6.000000,6.000000,6.000000,6.000000,6.000000,94.000000,94.000000,94.000000,94.000000,94.000000,5.0,-17.0898,-15.1584,-45.8168,-47.7481,PENDING_AG03,FALSE,NOT_FOR_ENFORCEMENT,-53.5480,698.0220,-62.9065,-59.4886,-9.3586,-0.07761382,-0.07339676,-3.4180,-59.4886,-0.07339676,-3.4180,-3.4180,-3.4180,-3.4180,-3.4180,-59.4886,-0.07339676,-17.0898,-15.1584,-45.8168,-47.7481,-0.05652852,-0.05891144,-0.01154656,14.7365,13.5014,-1.0357,-4.0690,-1.7262,57.8934,3.9286,,14.7365,10.5412,11.0045,21.0824,22.009,38.6773,42.1647,11.0045,0.0,3.514684,3.831594,1.339134,11,25,11,2,0E-8,-0.07028432,,0.00800000,0.800000,0.916188,0.000000,,2026-03-28,2026-06-02,14,33,32,67,0.208955,,,0.000000,,,,,,,,GLOBAL_BASELINE_NO_ENTITY_RANKING,,,NOT_APPLICABLE_GLOBAL_BASELINE,HF9g-P5,,,,X 全窗基线 · 不参与实体赏罚,3924107,393,A168_HF9F_20260827_0900,2026-08-27 09:00:00
2026-04-12,128981780,2106,0,22.3473109439,-22.3473109439,-22.1685324563,0E-7,1,1,0.49324550000000000,0.493245500000,-0.9865810262130424,-0.9865810262130424,-0.9865810262130424,0E-17,ELIGIBLE,R03b_20260811_FULL_v1,L1_ELIGIBILITY,v2026-08-11,2026-03-21..2026-08-06,baccarat_bet02_101_all_pairs_incl_sentinel,round_win = game_pnl > 0 (decisive only),COMPATIBILITY_ONLY_NOT_PRODUCTION,810.5070,742.5766,-56.9659,55,55,0.07028432,,0.07028432,0.06295481,56.9659,810.5070,OK,5.9406,-3.4180,6.0000,94.0000,AG03-UNRESOLVED,ALL5_LEVELS_bet23_to_bet27,-3.4180,-3.4180,-3.4180,-3.4180,-3.4180,6.000000,6.000000,6.000000,6.000000,6.000000,94.000000,94.000000,94.000000,94.000000,94.000000,5.0,-17.0898,-15.1584,-45.8168,-47.7481,PENDING_AG03,FALSE,NOT_FOR_ENFORCEMENT,-53.5480,698.0220,-62.9065,-59.4886,-9.3586,-0.07761382,-0.07339676,-3.4180,-59.4886,-0.07339676,-3.4180,-3.4180,-3.4180,-3.4180,-3.4180,-59.4886,-0.07339676,-17.0898,-15.1584,-45.8168,-47.7481,-0.05652852,-0.05891144,-0.01154656,14.7365,13.5014,-1.0357,-4.0690,-1.7262,57.8934,3.9286,,14.7365,10.5412,11.0045,21.0824,22.009,38.6773,42.1647,11.0045,0.0,3.514684,3.831594,1.339134,11,25,11,2,0E-8,-0.07028432,,0.00800000,0.800000,0.916188,0.000000,,2026-03-28,2026-06-02,14,33,32,67,0.208955,,,0.000000,,,,,,,,GLOBAL_BASELINE_NO_ENTITY_RANKING,,,NOT_APPLICABLE_GLOBAL_BASELINE,HF9g-P5,,,,X 全窗基线 · 不参与实体赏罚,3924108,393,A168_HF9F_20260827_0900,2026-08-27 09:00:00
2026-04-12,128981780,2174,0,42.7972086944,0.6324710644,0.9748487340,0.5000000,2,2,0.49324550000000000,0.493245500000,0.01910635448239258,0.01910635448239258,0.01910635448239258,0E-17,ELIGIBLE,R03b_20260811_FULL_v1,L1_ELIGIBILITY,v2026-08-11,2026-03-21..2026-08-06,baccarat_bet02_101_all_pairs_incl_sentinel,round_win = game_pnl > 0 (decisive only),COMPATIBILITY_ONLY_NOT_PRODUCTION,810.5070,742.5766,-56.9659,55,55,0.07028432,,0.07028432,0.06295481,56.9659,810.5070,OK,5.9406,-3.4180,6.0000,94.0000,AG03-UNRESOLVED,ALL5_LEVELS_bet23_to_bet27,-3.4180,-3.4180,-3.4180,-3.4180,-3.4180,6.000000,6.000000,6.000000,6.000000,6.000000,94.000000,94.000000,94.000000,94.000000,94.000000,5.0,-17.0898,-15.1584,-45.8168,-47.7481,PENDING_AG03,FALSE,NOT_FOR_ENFORCEMENT,-53.5480,698.0220,-62.9065,-59.4886,-9.3586,-0.07761382,-0.07339676,-3.4180,-59.4886,-0.07339676,-3.4180,-3.4180,-3.4180,-3.4180,-3.4180,-59.4886,-0.07339676,-17.0898,-15.1584,-45.8168,-47.7481,-0.05652852,-0.05891144,-0.01154656,14.7365,13.5014,-1.0357,-4.0690,-1.7262,57.8934,3.9286,,14.7365,10.5412,11.0045,21.0824,22.009,38.6773,42.1647,11.0045,0.0,3.514684,3.831594,1.339134,11,25,11,2,0E-8,-0.07028432,,0.00800000,0.800000,0.916188,0.000000,,2026-03-28,2026-06-02,14,33,32,67,0.208955,,,0.000000,,,,,,,,GLOBAL_BASELINE_NO_ENTITY_RANKING,,,NOT_APPLICABLE_GLOBAL_BASELINE,HF9g-P5,,,,X 全窗基线 · 不参与实体赏罚,3924109,393,A168_HF9F_20260827_0900,2026-08-27 09:00:00
2026-04-15,128981780,1384,0,12.2277739127,-12.2277739127,-12.1299517214,0E-7,1,1,0.49324550000000000,0.493245500000,-0.9865810262130424,-0.9865810262130424,-0.9865810262130424,0E-17,ELIGIBLE,R03b_20260811_FULL_v1,L1_ELIGIBILITY,v2026-08-11,2026-03-21..2026-08-06,baccarat_bet02_101_all_pairs_incl_sentinel,round_win = game_pnl > 0 (decisive only),COMPATIBILITY_ONLY_NOT_PRODUCTION,810.5070,742.5766,-56.9659,55,55,0.07028432,,0.07028432,0.06295481,56.9659,810.5070,OK,5.9406,-3.4180,6.0000,94.0000,AG03-UNRESOLVED,ALL5_LEVELS_bet23_to_bet27,-3.4180,-3.4180,-3.4180,-3.4180,-3.4180,6.000000,6.000000,6.000000,6.000000,6.000000,94.000000,94.000000,94.000000,94.000000,94.000000,5.0,-17.0898,-15.1584,-45.8168,-47.7481,PENDING_AG03,FALSE,NOT_FOR_ENFORCEMENT,-53.5480,698.0220,-62.9065,-59.4886,-9.3586,-0.07761382,-0.07339676,-3.4180,-59.4886,-0.07339676,-3.4180,-3.4180,-3.4180,-3.4180,-3.4180,-59.4886,-0.07339676,-17.0898,-15.1584,-45.8168,-47.7481,-0.05652852,-0.05891144,-0.01154656,14.7365,13.5014,-1.0357,-4.0690,-1.7262,57.8934,3.9286,,14.7365,10.5412,11.0045,21.0824,22.009,38.6773,42.1647,11.0045,0.0,3.514684,3.831594,1.339134,11,25,11,2,0E-8,-0.07028432,,0.00800000,0.800000,0.916188,0.000000,,2026-03-28,2026-06-02,14,33,32,67,0.208955,,,0.000000,,,,,,,,GLOBAL_BASELINE_NO_ENTITY_RANKING,,,NOT_APPLICABLE_GLOBAL_BASELINE,HF9g-P5,,,,X 全窗基线 · 不参与实体赏罚,3924110,393,A168_HF9F_20260827_0900,2026-08-27 09:00:00
2026-04-20,128981780,2246,0,5.9030632682,0E-10,0E-10,,1,1,0.50665070000000000,0.506650700000,,,,0E-17,NO_DECISIVE_ROUND,R03b_20260811_FULL_v1,L1_ELIGIBILITY,v2026-08-11,2026-03-21..2026-08-06,baccarat_bet02_101_all_pairs_incl_sentinel,round_win = game_pnl > 0 (decisive only),COMPATIBILITY_ONLY_NOT_PRODUCTION,810.5070,742.5766,-56.9659,55,55,0.07028432,,0.07028432,0.06295481,56.9659,810.5070,OK,5.9406,-3.4180,6.0000,94.0000,AG03-UNRESOLVED,ALL5_LEVELS_bet23_to_bet27,-3.4180,-3.4180,-3.4180,-3.4180,-3.4180,6.000000,6.000000,6.000000,6.000000,6.000000,94.000000,94.000000,94.000000,94.000000,94.000000,5.0,-17.0898,-15.1584,-45.8168,-47.7481,PENDING_AG03,FALSE,NOT_FOR_ENFORCEMENT,-53.5480,698.0220,-62.9065,-59.4886,-9.3586,-0.07761382,-0.07339676,-3.4180,-59.4886,-0.07339676,-3.4180,-3.4180,-3.4180,-3.4180,-3.4180,-59.4886,-0.07339676,-17.0898,-15.1584,-45.8168,-47.7481,-0.05652852,-0.05891144,-0.01154656,14.7365,13.5014,-1.0357,-4.0690,-1.7262,57.8934,3.9286,,14.7365,10.5412,11.0045,21.0824,22.009,38.6773,42.1647,11.0045,0.0,3.514684,3.831594,1.339134,11,25,11,2,0E-8,-0.07028432,,0.00800000,0.800000,0.916188,0.000000,,2026-03-28,2026-06-02,14,33,32,67,0.208955,,,0.000000,,,,,,,,GLOBAL_BASELINE_NO_ENTITY_RANKING,,,NOT_APPLICABLE_GLOBAL_BASELINE,HF9g-P5,,,,X 全窗基线 · 不参与实体赏罚,3924111,393,A168_HF9F_20260827_0900,2026-08-27 09:00:00
2026-05-16,128981780,2246,0,21.0061968280,9.9779434933,10.0619682806,1.0000000,2,2,0.49994810000000000,0.499948100000,1.0001038053877793,1.0001038053877793,1.0001038053877793,0E-17,ELIGIBLE,R03b_20260811_FULL_v1,L1_ELIGIBILITY,v2026-08-11,2026-03-21..2026-08-06,baccarat_bet02_101_all_pairs_incl_sentinel,round_win = game_pnl > 0 (decisive only),COMPATIBILITY_ONLY_NOT_PRODUCTION,810.5070,742.5766,-56.9659,55,55,0.07028432,,0.07028432,0.06295481,56.9659,810.5070,OK,5.9406,-3.4180,6.0000,94.0000,AG03-UNRESOLVED,ALL5_LEVELS_bet23_to_bet27,-3.4180,-3.4180,-3.4180,-3.4180,-3.4180,6.000000,6.000000,6.000000,6.000000,6.000000,94.000000,94.000000,94.000000,94.000000,94.000000,5.0,-17.0898,-15.1584,-45.8168,-47.7481,PENDING_AG03,FALSE,NOT_FOR_ENFORCEMENT,-53.5480,698.0220,-62.9065,-59.4886,-9.3586,-0.07761382,-0.07339676,-3.4180,-59.4886,-0.07339676,-3.4180,-3.4180,-3.4180,-3.4180,-3.4180,-59.4886,-0.07339676,-17.0898,-15.1584,-45.8168,-47.7481,-0.05652852,-0.05891144,-0.01154656,14.7365,13.5014,-1.0357,-4.0690,-1.7262,57.8934,3.9286,,14.7365,10.5412,11.0045,21.0824,22.009,38.6773,42.1647,11.0045,0.0,3.514684,3.831594,1.339134,11,25,11,2,0E-8,-0.07028432,,0.00800000,0.800000,0.916188,0.000000,,2026-03-28,2026-06-02,14,33,32,67,0.208955,,,0.000000,,,,,,,,GLOBAL_BASELINE_NO_ENTITY_RANKING,,,NOT_APPLICABLE_GLOBAL_BASELINE,HF9g-P5,,,,X 全窗基线 · 不参与实体赏罚,3924112,393,A168_HF9F_20260827_0900,2026-08-27 09:00:00
2026-05-22,128981780,772,0,5.8817351119,-5.8817351119,-5.8346812310,0E-7,1,1,0.50665070000000000,0.506650700000,-1.013391052207602,-1.013391052207602,-1.013391052207602,0E-17,ELIGIBLE,R03b_20260811_FULL_v1,L1_ELIGIBILITY,v2026-08-11,2026-03-21..2026-08-06,baccarat_bet02_101_all_pairs_incl_sentinel,round_win = game_pnl > 0 (decisive only),COMPATIBILITY_ONLY_NOT_PRODUCTION,810.5070,742.5766,-56.9659,55,55,0.07028432,,0.07028432,0.06295481,56.9659,810.5070,OK,5.9406,-3.4180,6.0000,94.0000,AG03-UNRESOLVED,ALL5_LEVELS_bet23_to_bet27,-3.4180,-3.4180,-3.4180,-3.4180,-3.4180,6.000000,6.000000,6.000000,6.000000,6.000000,94.000000,94.000000,94.000000,94.000000,94.000000,5.0,-17.0898,-15.1584,-45.8168,-47.7481,PENDING_AG03,FALSE,NOT_FOR_ENFORCEMENT,-53.5480,698.0220,-62.9065,-59.4886,-9.3586,-0.07761382,-0.07339676,-3.4180,-59.4886,-0.07339676,-3.4180,-3.4180,-3.4180,-3.4180,-3.4180,-59.4886,-0.07339676,-17.0898,-15.1584,-45.8168,-47.7481,-0.05652852,-0.05891144,-0.01154656,14.7365,13.5014,-1.0357,-4.0690,-1.7262,57.8934,3.9286,,14.7365,10.5412,11.0045,21.0824,22.009,38.6773,42.1647,11.0045,0.0,3.514684,3.831594,1.339134,11,25,11,2,0E-8,-0.07028432,,0.00800000,0.800000,0.916188,0.000000,,2026-03-28,2026-06-02,14,33,32,67,0.208955,,,0.000000,,,,,,,,GLOBAL_BASELINE_NO_ENTITY_RANKING,,,NOT_APPLICABLE_GLOBAL_BASELINE,HF9g-P5,,,,X 全窗基线 · 不参与实体赏罚,3924113,393,A168_HF9F_20260827_0900,2026-08-27 09:00:00
2026-05-26,128981780,2188,0,42.0123936561,-42.0123936561,-41.6762945069,0E-7,1,1,0.49324550000000000,0.493245500000,-0.9865810262130424,-0.9865810262130424,-0.9865810262130424,0E-17,ELIGIBLE,R03b_20260811_FULL_v1,L1_ELIGIBILITY,v2026-08-11,2026-03-21..2026-08-06,baccarat_bet02_101_all_pairs_incl_sentinel,round_win = game_pnl > 0 (decisive only),COMPATIBILITY_ONLY_NOT_PRODUCTION,810.5070,742.5766,-56.9659,55,55,0.07028432,,0.07028432,0.06295481,56.9659,810.5070,OK,5.9406,-3.4180,6.0000,94.0000,AG03-UNRESOLVED,ALL5_LEVELS_bet23_to_bet27,-3.4180,-3.4180,-3.4180,-3.4180,-3.4180,6.000000,6.000000,6.000000,6.000000,6.000000,94.000000,94.000000,94.000000,94.000000,94.000000,5.0,-17.0898,-15.1584,-45.8168,-47.7481,PENDING_AG03,FALSE,NOT_FOR_ENFORCEMENT,-53.5480,698.0220,-62.9065,-59.4886,-9.3586,-0.07761382,-0.07339676,-3.4180,-59.4886,-0.07339676,-3.4180,-3.4180,-3.4180,-3.4180,-3.4180,-59.4886,-0.07339676,-17.0898,-15.1584,-45.8168,-47.7481,-0.05652852,-0.05891144,-0.01154656,14.7365,13.5014,-1.0357,-4.0690,-1.7262,57.8934,3.9286,,14.7365,10.5412,11.0045,21.0824,22.009,38.6773,42.1647,11.0045,0.0,3.514684,3.831594,1.339134,11,25,11,2,0E-8,-0.07028432,,0.00800000,0.800000,0.916188,0.000000,,2026-03-28,2026-06-02,14,33,32,67,0.208955,,,0.000000,,,,,,,,GLOBAL_BASELINE_NO_ENTITY_RANKING,,,NOT_APPLICABLE_GLOBAL_BASELINE,HF9g-P5,,,,X 全窗基线 · 不参与实体赏罚,3924114,393,A168_HF9F_20260827_0900,2026-08-27 09:00:00
2026-06-02,128981780,2196,0,20.7714517168,-0.5192862929,-0.3531146792,0.5000000,2,2,0.50665070000000000,0.506650700000,-0.018812684590367487,-0.018812684590367487,-0.018812684590367487,0E-17,ELIGIBLE,R03b_20260811_FULL_v1,L1_ELIGIBILITY,v2026-08-11,2026-03-21..2026-08-06,baccarat_bet02_101_all_pairs_incl_sentinel,round_win = game_pnl > 0 (decisive only),COMPATIBILITY_ONLY_NOT_PRODUCTION,810.5070,742.5766,-56.9659,55,55,0.07028432,,0.07028432,0.06295481,56.9659,810.5070,OK,5.9406,-3.4180,6.0000,94.0000,AG03-UNRESOLVED,ALL5_LEVELS_bet23_to_bet27,-3.4180,-3.4180,-3.4180,-3.4180,-3.4180,6.000000,6.000000,6.000000,6.000000,6.000000,94.000000,94.000000,94.000000,94.000000,94.000000,5.0,-17.0898,-15.1584,-45.8168,-47.7481,PENDING_AG03,FALSE,NOT_FOR_ENFORCEMENT,-53.5480,698.0220,-62.9065,-59.4886,-9.3586,-0.07761382,-0.07339676,-3.4180,-59.4886,-0.07339676,-3.4180,-3.4180,-3.4180,-3.4180,-3.4180,-59.4886,-0.07339676,-17.0898,-15.1584,-45.8168,-47.7481,-0.05652852,-0.05891144,-0.01154656,14.7365,13.5014,-1.0357,-4.0690,-1.7262,57.8934,3.9286,,14.7365,10.5412,11.0045,21.0824,22.009,38.6773,42.1647,11.0045,0.0,3.514684,3.831594,1.339134,11,25,11,2,0E-8,-0.07028432,,0.00800000,0.800000,0.916188,0.000000,,2026-03-28,2026-06-02,14,33,32,67,0.208955,,,0.000000,,,,,,,,GLOBAL_BASELINE_NO_ENTITY_RANKING,,,NOT_APPLICABLE_GLOBAL_BASELINE,HF9g-P5,,,,X 全窗基线 · 不参与实体赏罚,3924115,393,A168_HF9F_20260827_0900,2026-08-27 09:00:00
2026-07-03,135130176,2117,0,20.6542224976,61.9626674928,61.9626674928,1.0000000,2,1,0.34375448750000000,0.293924150000,1.3816848167100806,1.549915577879723,1.3816848167100806,0.04983033750000000,ELIGIBLE,R03b_20260811_FULL_v1,L1_ELIGIBILITY,v2026-08-11,2026-03-21..2026-08-06,baccarat_bet02_101_all_pairs_incl_sentinel,round_win = game_pnl > 0 (decisive only),COMPATIBILITY_ONLY_NOT_PRODUCTION,20.6542,7.7453,-61.9627,2,1,3.00000000,,3.00000000,3.00000000,61.9627,20.6542,THIN_EXPOSURE,0.0000,-2.4785,4.0000,96.0000,AG03-UNRESOLVED,ALL5_LEVELS_bet23_to_bet27,-2.4785,-2.4785,-2.4785,-3.0981,-3.0981,4.000000,4.000000,4.000000,5.000000,5.000000,96.000000,96.000000,96.000000,95.000000,95.000000,5.0,-13.6318,-12.4871,-48.3309,-49.4756,PENDING_AG03,FALSE,NOT_FOR_ENFORCEMENT,-59.4842,7.4355,-61.9627,-59.4842,-2.4785,-3.00000000,-2.88000000,-2.4785,-59.4842,-2.88000000,-2.4785,-2.4785,-2.4785,-3.0981,-3.0981,-59.4842,-2.88000000,-13.6318,-12.4871,-48.3309,-49.4756,-2.34000000,-2.39542272,-0.12000000,10.3271,7.7453,-61.9627,-61.9627,-61.9627,20.6542,1.0000,,10.3271,7.7453,10.3271,12.9089,12.9089,12.9089,12.9089,3.8727,30.9813,1.25,1.25,1.0,1,1,1,2,0E-8,-3.00000000,,0E-8,0.000000,0.375000,0.000000,,2026-07-03,2026-07-03,1,1,1,1,1.000000,,,0.000000,,,,,,,,GLOBAL_BASELINE_NO_ENTITY_RANKING,,,NOT_APPLICABLE_GLOBAL_BASELINE,HF9g-P5,,,,X 全窗基线 · 不参与实体赏罚,3924116,393,A168_HF9F_20260827_0900,2026-08-27 09:00:00
2026-07-02,152422195,2223,0,33.5631115586,61.9626674928,61.9626674928,1.0000000,2,1,0.40125103076923077,0.293924150000,1.221558609233078,1.549915577879723,1.221558609233078,0.10732688076923077,ELIGIBLE,R03b_20260811_FULL_v1,L1_ELIGIBILITY,v2026-08-11,2026-03-21..2026-08-06,baccarat_bet02_101_all_pairs_incl_sentinel,round_win = game_pnl > 0 (decisive only),COMPATIBILITY_ONLY_NOT_PRODUCTION,33.5631,7.7453,-61.9627,2,1,1.84615385,,1.84615385,1.84615385,61.9627,33.5631,THIN_EXPOSURE,0.0000,-2.4785,4.0000,96.0000,AG03-UNRESOLVED,ALL5_LEVELS_bet23_to_bet27,-2.4785,-2.4785,-3.0981,-3.0981,-3.0981,4.000000,4.000000,5.000000,5.000000,5.000000,96.000000,96.000000,95.000000,95.000000,95.000000,5.0,-14.2514,-13.0024,-47.7113,-48.9602,PENDING_AG03,FALSE,NOT_FOR_ENFORCEMENT,-59.4842,7.4355,-61.9627,-59.4842,-2.4785,-1.84615385,-1.77230769,-2.4785,-59.4842,-1.77230769,-2.4785,-2.4785,-3.0981,-3.0981,-3.0981,-59.4842,-1.77230769,-14.2514,-13.0024,-47.7113,-48.9602,-1.42153846,-1.45875102,-0.07384615,16.7816,7.7453,-61.9627,-61.9627,-61.9627,33.5631,1.0000,,16.7816,7.7453,16.7816,25.8178,25.8178,25.8178,25.8178,3.8727,30.9813,1.538462,1.538462,1.0,1,1,1,2,0E-8,-1.84615385,,0E-8,0.000000,0.230769,0.000000,,2026-07-02,2026-07-02,1,1,1,1,1.000000,,,0.000000,,,,,,,,GLOBAL_BASELINE_NO_ENTITY_RANKING,,,NOT_APPLICABLE_GLOBAL_BASELINE,HF9g-P5,,,,X 全窗基线 · 不参与实体赏罚,3924117,393,A168_HF9F_20260827_0900,2026-08-27 09:00:00
2026-07-26,153496136,2243,0,36.1448893708,61.9626674928,61.9626674928,0.6666667,3,3,0.22748370000000000,0.227483700000,1.8145842950971336,1.8145842950971336,1.8145842950971336,0E-17,ELIGIBLE,R03b_20260811_FULL_v1,L1_ELIGIBILITY,v2026-08-11,2026-03-21..2026-08-06,baccarat_bet02_101_all_pairs_incl_sentinel,round_win = game_pnl > 0 (decisive only),COMPATIBILITY_ONLY_NOT_PRODUCTION,36.1449,36.1449,-61.9627,3,3,1.71428571,1.71428571,,1.71428571,61.9627,36.1449,THIN_EXPOSURE,0.0000,-2.4785,4.0000,96.0000,AG03-UNRESOLVED,ALL5_LEVELS_bet23_to_bet27,-2.4785,-2.4785,-2.4785,-3.0981,-3.0981,4.000000,4.000000,4.000000,5.000000,5.000000,96.000000,96.000000,96.000000,95.000000,95.000000,5.0,-13.6318,-12.4871,-48.3309,-49.4756,PENDING_AG03,FALSE,NOT_FOR_ENFORCEMENT,-59.4842,34.6991,-61.9627,-59.4842,-2.4785,-1.71428571,-1.64571429,-2.4785,-59.4842,-1.64571429,-2.4785,-2.4785,-2.4785,-3.0981,-3.0981,-59.4842,-1.64571429,-13.6318,-12.4871,-48.3309,-49.4756,-1.33714286,-1.36881298,-0.06857143,12.0483,12.0483,-20.6542,-61.9627,-61.9627,36.1449,3.0000,12.0483,,5.1636,5.1636,20.6542,25.8178,25.8178,25.8178,5.1636,25.8178,5.0,5.0,2.333333,1,1,1,2,1.00000000,-1.71428571,-1.71428571,0E-8,0.000000,1.000000,0.000000,,2026-07-26,2026-07-26,1,1,1,1,1.000000,,1.000000,3.333333,,,,,,,,GLOBAL_BASELINE_NO_ENTITY_RANKING,,,NOT_APPLICABLE_GLOBAL_BASELINE,HF9g-P5,,,,X 全窗基线 · 不参与实体赏罚,3924118,393,A168_HF9F_20260827_0900,2026-08-27 09:00:00
2026-07-01,152341603,-1,1,30.9813337464,30.9813337464,30.9813337464,1.0000000,1,1,0.49324550000000000,0.493245500000,1.01360149184955,1.01360149184955,1.01360149184955,0E-17,SENTINEL_DEALER,R03b_20260811_FULL_v1,L1_ELIGIBILITY,v2026-08-11,2026-03-21..2026-08-06,baccarat_bet02_101_all_pairs_incl_sentinel,round_win = game_pnl > 0 (decisive only),COMPATIBILITY_ONLY_NOT_PRODUCTION,61.9627,61.9627,-61.9627,2,2,1.00000000,,1.00000000,1.00000000,61.9627,61.9627,THIN_EXPOSURE,0.0000,-2.4785,4.0000,96.0000,AG03-UNRESOLVED,ALL5_LEVELS_bet23_to_bet27,-2.4785,-2.4785,-2.4785,-3.0981,-3.0981,4.000000,4.000000,4.000000,5.000000,5.000000,96.000000,96.000000,96.000000,95.000000,95.000000,5.0,-13.6318,-12.4871,-48.3309,-49.4756,PENDING_AG03,FALSE,NOT_FOR_ENFORCEMENT,-59.4842,59.4842,-61.9627,-59.4842,-2.4785,-1.00000000,-0.96000000,-2.4785,-59.4842,-0.96000000,-2.4785,-2.4785,-2.4785,-3.0981,-3.0981,-59.4842,-0.96000000,-13.6318,-12.4871,-48.3309,-49.4756,-0.78000000,-0.79847424,-0.04000000,30.9813,30.9813,-30.9813,-61.9627,-30.9813,61.9627,2.0000,,30.9813,30.9813,30.9813,30.9813,30.9813,30.9813,30.9813,30.9813,30.9813,1.0,1.0,1.0,2,2,2,1,0E-8,-1.00000000,,0E-8,0.000000,1.000000,0.000000,,2026-07-01,2026-07-01,1,2,2,1,1.000000,,,0.000000,,,,,,,,GLOBAL_BASELINE_NO_ENTITY_RANKING,,,NOT_APPLICABLE_GLOBAL_BASELINE,HF9g-P5,,,,X 全窗基线 · 不参与实体赏罚,3924119,393,A168_HF9F_20260827_0900,2026-08-27 09:00:00
2026-07-01,152341603,1325,0,30.9813337464,30.9813337464,30.9813337464,1.0000000,1,1,0.49324550000000000,0.493245500000,1.01360149184955,1.01360149184955,1.01360149184955,0E-17,ELIGIBLE,R03b_20260811_FULL_v1,L1_ELIGIBILITY,v2026-08-11,2026-03-21..2026-08-06,baccarat_bet02_101_all_pairs_incl_sentinel,round_win = game_pnl > 0 (decisive only),COMPATIBILITY_ONLY_NOT_PRODUCTION,61.9627,61.9627,-61.9627,2,2,1.00000000,,1.00000000,1.00000000,61.9627,61.9627,THIN_EXPOSURE,0.0000,-2.4785,4.0000,96.0000,AG03-UNRESOLVED,ALL5_LEVELS_bet23_to_bet27,-2.4785,-2.4785,-2.4785,-3.0981,-3.0981,4.000000,4.000000,4.000000,5.000000,5.000000,96.000000,96.000000,96.000000,95.000000,95.000000,5.0,-13.6318,-12.4871,-48.3309,-49.4756,PENDING_AG03,FALSE,NOT_FOR_ENFORCEMENT,-59.4842,59.4842,-61.9627,-59.4842,-2.4785,-1.00000000,-0.96000000,-2.4785,-59.4842,-0.96000000,-2.4785,-2.4785,-2.4785,-3.0981,-3.0981,-59.4842,-0.96000000,-13.6318,-12.4871,-48.3309,-49.4756,-0.78000000,-0.79847424,-0.04000000,30.9813,30.9813,-30.9813,-61.9627,-30.9813,61.9627,2.0000,,30.9813,30.9813,30.9813,30.9813,30.9813,30.9813,30.9813,30.9813,30.9813,1.0,1.0,1.0,2,2,2,1,0E-8,-1.00000000,,0E-8,0.000000,1.000000,0.000000,,2026-07-01,2026-07-01,1,2,2,1,1.000000,,,0.000000,,,,,,,,GLOBAL_BASELINE_NO_ENTITY_RANKING,,,NOT_APPLICABLE_GLOBAL_BASELINE,HF9g-P5,,,,X 全窗基线 · 不参与实体赏罚,3924120,393,A168_HF9F_20260827_0900,2026-08-27 09:00:00
2026-07-04,152545856,2174,0,61.9626674928,61.9626674928,61.9626674928,1.0000000,7,1,0.38651676250000000,0.127318400000,1.2598451945948057,2.618076445937708,1.2598451945948057,0.25919836250000000,ELIGIBLE,R03b_20260811_FULL_v1,L1_ELIGIBILITY,v2026-08-11,2026-03-21..2026-08-06,baccarat_bet02_101_all_pairs_incl_sentinel,round_win = game_pnl > 0 (decisive only),COMPATIBILITY_ONLY_NOT_PRODUCTION,61.9627,61.9627,-61.9627,7,1,1.00000000,,1.00000000,1.00000000,61.9627,61.9627,THIN_EXPOSURE,0.0000,-2.4785,4.0000,96.0000,AG03-UNRESOLVED,ALL5_LEVELS_bet23_to_bet27,-2.4785,-2.4785,-3.0981,-3.0981,-3.0981,4.000000,4.000000,5.000000,5.000000,5.000000,96.000000,96.000000,95.000000,95.000000,95.000000,5.0,-14.2514,-13.0024,-47.7113,-48.9602,PENDING_AG03,FALSE,NOT_FOR_ENFORCEMENT,-59.4842,59.4842,-61.9627,-59.4842,-2.4785,-1.00000000,-0.96000000,-2.4785,-59.4842,-0.96000000,-2.4785,-2.4785,-3.0981,-3.0981,-3.0981,-59.4842,-0.96000000,-14.2514,-13.0024,-47.7113,-48.9602,-0.77000000,-0.7901568,-0.04000000,8.8518,61.9627,-61.9627,-61.9627,-61.9627,61.9627,1.0000,,8.8518,2.5818,2.5818,2.5818,37.6939,46.472,46.472,2.5818,-2.5818,18.0,18.0,3.428571,1,1,1,7,0E-8,-1.00000000,,0E-8,0.000000,1.000000,0.000000,,2026-07-04,2026-07-04,1,1,1,1,1.000000,,,0.000000,,,,,,,,GLOBAL_BASELINE_NO_ENTITY_RANKING,,,NOT_APPLICABLE_GLOBAL_BASELINE,HF9g-P5,,,,X 全窗基线 · 不参与实体赏罚,3924121,393,A168_HF9F_20260827_0900,2026-08-27 09:00:00
2026-07-10,152832269,2103,0,61.9626674928,61.9626674928,61.9626674928,1.0000000,2,2,0.49324550000000000,0.493245500000,1.4334489766152358,1.4334489766152358,1.4334489766152358,0E-17,ELIGIBLE,R03b_20260811_FULL_v1,L1_ELIGIBILITY,v2026-08-11,2026-03-21..2026-08-06,baccarat_bet02_101_all_pairs_incl_sentinel,round_win = game_pnl > 0 (decisive only),COMPATIBILITY_ONLY_NOT_PRODUCTION,61.9627,61.9627,-61.9627,2,2,1.00000000,1.00000000,,1.00000000,61.9627,61.9627,THIN_EXPOSURE,0.0000,-2.4785,4.0000,96.0000,AG03-UNRESOLVED,ALL5_LEVELS_bet23_to_bet27,-2.4785,-2.4785,-3.0981,-3.0981,-3.0981,4.000000,4.000000,5.000000,5.000000,5.000000,96.000000,96.000000,95.000000,95.000000,95.000000,5.0,-14.2514,-13.0024,-47.7113,-48.9602,PENDING_AG03,FALSE,NOT_FOR_ENFORCEMENT,-59.4842,59.4842,-61.9627,-59.4842,-2.4785,-1.00000000,-0.96000000,-2.4785,-59.4842,-0.96000000,-2.4785,-2.4785,-3.0981,-3.0981,-3.0981,-59.4842,-0.96000000,-14.2514,-13.0024,-47.7113,-48.9602,-0.77000000,-0.7901568,-0.04000000,30.9813,30.9813,-30.9813,-61.9627,-61.9627,61.9627,2.0000,30.9813,,20.6542,30.9813,41.3084,41.3084,41.3084,41.3084,30.9813,30.9813,1.333333,1.333333,1.0,1,1,1,1,1.00000000,-1.00000000,-1.00000000,0E-8,0.000000,1.000000,0.000000,,2026-07-10,2026-07-10,1,1,1,1,1.000000,,1.000000,3.333333,,,,,,,,GLOBAL_BASELINE_NO_ENTITY_RANKING,,,NOT_APPLICABLE_GLOBAL_BASELINE,HF9g-P5,,,,X 全窗基线 · 不参与实体赏罚,3924122,393,A168_HF9F_20260827_0900,2026-08-27 09:00:00
2026-07-12,146605725,1704,0,61.9626674928,61.9626674928,61.9626674928,1.0000000,1,1,0.50665070000000000,0.506650700000,0.9867858985152569,0.9867858985152569,0.9867858985152569,0E-17,ELIGIBLE,R03b_20260811_FULL_v1,L1_ELIGIBILITY,v2026-08-11,2026-03-21..2026-08-06,baccarat_bet02_101_all_pairs_incl_sentinel,round_win = game_pnl > 0 (decisive only),COMPATIBILITY_ONLY_NOT_PRODUCTION,61.9627,61.9627,-61.9627,1,1,1.00000000,1.00000000,,1.00000000,61.9627,61.9627,THIN_EXPOSURE,0.0000,-2.4785,4.0000,96.0000,AG03-UNRESOLVED,ALL5_LEVELS_bet23_to_bet27,-2.4785,-2.4785,-3.0981,-3.0981,-3.0981,4.000000,4.000000,5.000000,5.000000,5.000000,96.000000,96.000000,95.000000,95.000000,95.000000,5.0,-14.2514,-13.0024,-47.7113,-48.9602,PENDING_AG03,FALSE,NOT_FOR_ENFORCEMENT,-59.4842,59.4842,-61.9627,-59.4842,-2.4785,-1.00000000,-0.96000000,-2.4785,-59.4842,-0.96000000,-2.4785,-2.4785,-3.0981,-3.0981,-3.0981,-59.4842,-0.96000000,-14.2514,-13.0024,-47.7113,-48.9602,-0.77000000,-0.7901568,-0.04000000,61.9627,61.9627,-61.9627,-61.9627,-61.9627,61.9627,1.0000,61.9627,,61.9627,61.9627,61.9627,61.9627,61.9627,61.9627,61.9627,61.9627,1.0,1.0,1.0,1,1,1,1,1.00000000,-1.00000000,-1.00000000,0E-8,0.000000,1.000000,1.000000,,2026-07-12,2026-07-12,1,1,1,1,1.000000,,1.000000,3.333333,,,,,,,,GLOBAL_BASELINE_NO_ENTITY_RANKING,,,NOT_APPLICABLE_GLOBAL_BASELINE,HF9g-P5,,,,X 全窗基线 · 不参与实体赏罚,3924123,393,A168_HF9F_20260827_0900,2026-08-27 09:00:00
2026-07-14,126762213,1710,0,61.9626674928,61.9626674928,61.9626674928,1.0000000,2,2,0.49324550000000000,0.493245500000,1.4334489766152358,1.4334489766152358,1.4334489766152358,0E-17,ELIGIBLE,R03b_20260811_FULL_v1,L1_ELIGIBILITY,v2026-08-11,2026-03-21..2026-08-06,baccarat_bet02_101_all_pairs_incl_sentinel,round_win = game_pnl > 0 (decisive only),COMPATIBILITY_ONLY_NOT_PRODUCTION,61.9627,61.9627,-61.9627,2,2,1.00000000,1.00000000,,1.00000000,61.9627,61.9627,THIN_EXPOSURE,0.0000,-2.4785,4.0000,96.0000,AG03-UNRESOLVED,ALL5_LEVELS_bet23_to_bet27,-2.4785,-2.4785,-2.4785,-3.0981,-3.0981,4.000000,4.000000,4.000000,5.000000,5.000000,96.000000,96.000000,96.000000,95.000000,95.000000,5.0,-13.6318,-12.4871,-48.3309,-49.4756,PENDING_AG03,FALSE,NOT_FOR_ENFORCEMENT,-59.4842,59.4842,-61.9627,-59.4842,-2.4785,-1.00000000,-0.96000000,-2.4785,-59.4842,-0.96000000,-2.4785,-2.4785,-2.4785,-3.0981,-3.0981,-59.4842,-0.96000000,-13.6318,-12.4871,-48.3309,-49.4756,-0.78000000,-0.79847424,-0.04000000,30.9813,30.9813,-30.9813,-61.9627,-61.9627,61.9627,2.0000,30.9813,,20.6542,30.9813,41.3084,41.3084,41.3084,41.3084,30.9813,30.9813,1.333333,1.333333,1.0,1,1,1,1,1.00000000,-1.00000000,-1.00000000,0E-8,0.000000,1.000000,0.000000,,2026-07-14,2026-07-14,1,1,1,1,1.000000,,1.000000,3.333333,,,,,,,,GLOBAL_BASELINE_NO_ENTITY_RANKING,,,NOT_APPLICABLE_GLOBAL_BASELINE,HF9g-P5,,,,X 全窗基线 · 不参与实体赏罚,3924124,393,A168_HF9F_20260827_0900,2026-08-27 09:00:00
2026-07-25,150929513,2271,0,64.5444453050,61.9626674928,61.9626674928,1.0000000,2,2,0.49994810000000000,0.499948100000,1.4143603653603398,1.4143603653603398,1.4143603653603398,0E-17,ELIGIBLE,R03b_20260811_FULL_v1,L1_ELIGIBILITY,v2026-08-11,2026-03-21..2026-08-06,baccarat_bet02_101_all_pairs_incl_sentinel,round_win = game_pnl > 0 (decisive only),COMPATIBILITY_ONLY_NOT_PRODUCTION,64.5444,64.5444,-61.9627,2,2,0.96000000,0.96000000,,0.96000000,61.9627,64.5444,THIN_EXPOSURE,0.0000,-2.4785,4.0000,96.0000,AG03-UNRESOLVED,ALL5_LEVELS_bet23_to_bet27,-2.4785,-2.4785,-2.4785,-3.0981,-3.0981,4.000000,4.000000,4.000000,5.000000,5.000000,96.000000,96.000000,96.000000,95.000000,95.000000,5.0,-13.6318,-12.4871,-48.3309,-49.4756,PENDING_AG03,FALSE,NOT_FOR_ENFORCEMENT,-59.4842,61.9627,-61.9627,-59.4842,-2.4785,-0.96000000,-0.92160000,-2.4785,-59.4842,-0.92160000,-2.4785,-2.4785,-2.4785,-3.0981,-3.0981,-59.4842,-0.92160000,-13.6318,-12.4871,-48.3309,-49.4756,-0.74880000,-0.76653527,-0.03840000,32.2722,32.2722,-30.9813,-61.9627,-61.9627,64.5444,2.0000,32.2722,,12.9089,32.2722,51.6356,51.6356,51.6356,51.6356,32.2722,30.9813,1.6,1.6,1.0,1,1,1,2,1.00000000,-0.96000000,-0.96000000,0E-8,0.000000,1.000000,0.000000,,2026-07-25,2026-07-25,1,1,1,1,1.000000,,1.000000,3.333333,,,,,,,,GLOBAL_BASELINE_NO_ENTITY_RANKING,,,NOT_APPLICABLE_GLOBAL_BASELINE,HF9g-P5,,,,X 全窗基线 · 不参与实体赏罚,3924125,393,A168_HF9F_20260827_0900,2026-08-27 09:00:00
2026-07-14,153014003,1331,0,108.4346681124,61.9626674928,61.9626674928,1.0000000,6,3,0.32836328939393939,0.260719305556,2.0225762908548974,2.3814040346402385,2.0225762908548974,0.06764398383793939,ELIGIBLE,R03b_20260811_FULL_v1,L1_ELIGIBILITY,v2026-08-11,2026-03-21..2026-08-06,baccarat_bet02_101_all_pairs_incl_sentinel,round_win = game_pnl > 0 (decisive only),COMPATIBILITY_ONLY_NOT_PRODUCTION,108.4347,61.9627,-61.9627,6,3,0.57142857,0.57142857,,0.57142857,61.9627,108.4347,THIN_EXPOSURE,0.0000,-2.4785,4.0000,96.0000,AG03-UNRESOLVED,ALL5_LEVELS_bet23_to_bet27,-2.4785,-2.4785,-3.0981,-3.0981,-3.0981,4.000000,4.000000,5.000000,5.000000,5.000000,96.000000,96.000000,95.000000,95.000000,95.000000,5.0,-14.2514,-13.0024,-47.7113,-48.9602,PENDING_AG03,FALSE,NOT_FOR_ENFORCEMENT,-59.4842,59.4842,-61.9627,-59.4842,-2.4785,-0.57142857,-0.54857143,-2.4785,-59.4842,-0.54857143,-2.4785,-2.4785,-3.0981,-3.0981,-3.0981,-59.4842,-0.54857143,-14.2514,-13.0024,-47.7113,-48.9602,-0.44000000,-0.45151817,-0.02285714,18.0724,20.6542,-20.6542,-61.9627,-61.9627,108.4347,3.0000,18.0724,,2.5818,5.1636,46.472,46.472,46.472,46.472,3.8727,-1.2909,9.0,9.0,3.5,1,1,1,3,1.00000000,-0.57142857,-0.57142857,0E-8,0.000000,0.571429,1.000000,,2026-07-14,2026-07-14,1,1,1,1,1.000000,,1.000000,3.333333,,,,,,,,GLOBAL_BASELINE_NO_ENTITY_RANKING,,,NOT_APPLICABLE_GLOBAL_BASELINE,HF9g-P5,,,,X 全窗基线 · 不参与实体赏罚,3924126,393,A168_HF9F_20260827_0900,2026-08-27 09:00:00
2026-07-20,136560083,2141,0,116.1800015490,61.9626674928,61.9626674928,0.6000000,5,5,0.49592654000000000,0.495926540000,0.46544610904919037,0.46544610904919037,0.46544610904919037,0E-17,ELIGIBLE,R03b_20260811_FULL_v1,L1_ELIGIBILITY,v2026-08-11,2026-03-21..2026-08-06,baccarat_bet02_101_all_pairs_incl_sentinel,round_win = game_pnl > 0 (decisive only),COMPATIBILITY_ONLY_NOT_PRODUCTION,116.1800,116.1800,-61.9627,5,5,0.53333333,0.53333333,,0.53333333,61.9627,116.1800,THIN_EXPOSURE,0.0000,-2.4785,4.0000,96.0000,AG03-UNRESOLVED,ALL5_LEVELS_bet23_to_bet27,-2.4785,-2.4785,-2.4785,-2.4785,-2.4785,4.000000,4.000000,4.000000,4.000000,4.000000,96.000000,96.000000,96.000000,96.000000,96.000000,5.0,-12.3925,-11.44,-49.5701,-50.5227,PENDING_AG03,FALSE,NOT_FOR_ENFORCEMENT,-59.4842,111.5328,-61.9627,-59.4842,-2.4785,-0.53333333,-0.51200000,-2.4785,-59.4842,-0.51200000,-2.4785,-2.4785,-2.4785,-2.4785,-2.4785,-59.4842,-0.51200000,-12.3925,-11.44,-49.5701,-50.5227,-0.42666667,-0.43486544,-0.02133333,23.2360,23.2360,-12.3925,-61.9627,-61.9627,116.1800,5.0000,23.2360,,12.2634,15.4907,32.2722,51.6356,51.6356,51.6356,15.4907,12.9089,3.333333,3.333333,1.5,1,1,1,2,1.00000000,-0.53333333,-0.53333333,0E-8,0.000000,1.000000,0.000000,,2026-07-20,2026-07-20,1,1,1,1,1.000000,,1.000000,3.333333,,,,,,,,GLOBAL_BASELINE_NO_ENTITY_RANKING,,,NOT_APPLICABLE_GLOBAL_BASELINE,HF9g-P5,,,,X 全窗基线 · 不参与实体赏罚,3924127,393,A168_HF9F_20260827_0900,2026-08-27 09:00:00
2026-07-19,153209741,-1,1,38.7266671830,11.6180001549,11.6180001549,0.5000000,2,2,0.50665070000000000,0.506650700000,-0.018812684590367487,-0.018812684590367487,-0.018812684590367487,0E-17,SENTINEL_DEALER,R03b_20260811_FULL_v1,L1_ELIGIBILITY,v2026-08-11,2026-03-21..2026-08-06,baccarat_bet02_101_all_pairs_incl_sentinel,round_win = game_pnl > 0 (decisive only),COMPATIBILITY_ONLY_NOT_PRODUCTION,141.9978,141.9978,-61.9627,6,6,0.43636364,0.43636364,,0.43636364,61.9627,141.9978,THIN_EXPOSURE,0.0000,-2.4785,4.0000,96.0000,AG03-UNRESOLVED,ALL5_LEVELS_bet23_to_bet27,-2.4785,-2.4785,-3.0981,-3.0981,-3.0981,4.000000,4.000000,5.000000,5.000000,5.000000,96.000000,96.000000,95.000000,95.000000,95.000000,5.0,-14.2514,-13.0024,-47.7113,-48.9602,PENDING_AG03,FALSE,NOT_FOR_ENFORCEMENT,-59.4842,136.3179,-61.9627,-59.4842,-2.4785,-0.43636364,-0.41890909,-2.4785,-59.4842,-0.41890909,-2.4785,-2.4785,-3.0981,-3.0981,-3.0981,-59.4842,-0.41890909,-14.2514,-13.0024,-47.7113,-48.9602,-0.33600000,-0.34479569,-0.01745455,23.6663,23.6663,-10.3271,-61.9627,-12.3925,141.9978,6.0000,23.6663,,25.8178,25.8178,25.8178,25.8178,25.8178,25.8178,25.8178,24.5269,1.0,1.0,0.916667,5,5,1,2,1.00000000,-0.43636364,-0.43636364,0E-8,0.000000,1.000000,0.000000,,2026-07-19,2026-07-19,1,5,5,1,1.000000,,1.000000,3.333333,,,,,,,,GLOBAL_BASELINE_NO_ENTITY_RANKING,,,NOT_APPLICABLE_GLOBAL_BASELINE,HF9g-P5,,,,X 全窗基线 · 不参与实体赏罚,3924128,393,A168_HF9F_20260827_0900,2026-08-27 09:00:00
2026-07-19,153209741,2141,0,25.8177781220,25.8177781220,25.8177781220,1.0000000,1,1,0.49324550000000000,0.493245500000,1.01360149184955,1.01360149184955,1.01360149184955,0E-17,ELIGIBLE,R03b_20260811_FULL_v1,L1_ELIGIBILITY,v2026-08-11,2026-03-21..2026-08-06,baccarat_bet02_101_all_pairs_incl_sentinel,round_win = game_pnl > 0 (decisive only),COMPATIBILITY_ONLY_NOT_PRODUCTION,141.9978,141.9978,-61.9627,6,6,0.43636364,0.43636364,,0.43636364,61.9627,141.9978,THIN_EXPOSURE,0.0000,-2.4785,4.0000,96.0000,AG03-UNRESOLVED,ALL5_LEVELS_bet23_to_bet27,-2.4785,-2.4785,-3.0981,-3.0981,-3.0981,4.000000,4.000000,5.000000,5.000000,5.000000,96.000000,96.000000,95.000000,95.000000,95.000000,5.0,-14.2514,-13.0024,-47.7113,-48.9602,PENDING_AG03,FALSE,NOT_FOR_ENFORCEMENT,-59.4842,136.3179,-61.9627,-59.4842,-2.4785,-0.43636364,-0.41890909,-2.4785,-59.4842,-0.41890909,-2.4785,-2.4785,-3.0981,-3.0981,-3.0981,-59.4842,-0.41890909,-14.2514,-13.0024,-47.7113,-48.9602,-0.33600000,-0.34479569,-0.01745455,23.6663,23.6663,-10.3271,-61.9627,-12.3925,141.9978,6.0000,23.6663,,25.8178,25.8178,25.8178,25.8178,25.8178,25.8178,25.8178,24.5269,1.0,1.0,0.916667,5,5,1,2,1.00000000,-0.43636364,-0.43636364,0E-8,0.000000,1.000000,0.000000,,2026-07-19,2026-07-19,1,5,5,1,1.000000,,1.000000,3.333333,,,,,,,,GLOBAL_BASELINE_NO_ENTITY_RANKING,,,NOT_APPLICABLE_GLOBAL_BASELINE,HF9g-P5,,,,X 全窗基线 · 不参与实体赏罚,3924129,393,A168_HF9F_20260827_0900,2026-08-27 09:00:00
2026-07-19,153209741,2212,0,25.8177781220,-25.8177781220,-25.8177781220,0E-7,1,1,0.50665070000000000,0.506650700000,-1.013391052207602,-1.013391052207602,-1.013391052207602,0E-17,ELIGIBLE,R03b_20260811_FULL_v1,L1_ELIGIBILITY,v2026-08-11,2026-03-21..2026-08-06,baccarat_bet02_101_all_pairs_incl_sentinel,round_win = game_pnl > 0 (decisive only),COMPATIBILITY_ONLY_NOT_PRODUCTION,141.9978,141.9978,-61.9627,6,6,0.43636364,0.43636364,,0.43636364,61.9627,141.9978,THIN_EXPOSURE,0.0000,-2.4785,4.0000,96.0000,AG03-UNRESOLVED,ALL5_LEVELS_bet23_to_bet27,-2.4785,-2.4785,-3.0981,-3.0981,-3.0981,4.000000,4.000000,5.000000,5.000000,5.000000,96.000000,96.000000,95.000000,95.000000,95.000000,5.0,-14.2514,-13.0024,-47.7113,-48.9602,PENDING_AG03,FALSE,NOT_FOR_ENFORCEMENT,-59.4842,136.3179,-61.9627,-59.4842,-2.4785,-0.43636364,-0.41890909,-2.4785,-59.4842,-0.41890909,-2.4785,-2.4785,-3.0981,-3.0981,-3.0981,-59.4842,-0.41890909,-14.2514,-13.0024,-47.7113,-48.9602,-0.33600000,-0.34479569,-0.01745455,23.6663,23.6663,-10.3271,-61.9627,-12.3925,141.9978,6.0000,23.6663,,25.8178,25.8178,25.8178,25.8178,25.8178,25.8178,25.8178,24.5269,1.0,1.0,0.916667,5,5,1,2,1.00000000,-0.43636364,-0.43636364,0E-8,0.000000,1.000000,0.000000,,2026-07-19,2026-07-19,1,5,5,1,1.000000,,1.000000,3.333333,,,,,,,,GLOBAL_BASELINE_NO_ENTITY_RANKING,,,NOT_APPLICABLE_GLOBAL_BASELINE,HF9g-P5,,,,X 全窗基线 · 不参与实体赏罚,3924130,393,A168_HF9F_20260827_0900,2026-08-27 09:00:00
2026-07-19,153209741,2222,0,25.8177781220,25.8177781220,25.8177781220,1.0000000,1,1,0.49324550000000000,0.493245500000,1.01360149184955,1.01360149184955,1.01360149184955,0E-17,ELIGIBLE,R03b_20260811_FULL_v1,L1_ELIGIBILITY,v2026-08-11,2026-03-21..2026-08-06,baccarat_bet02_101_all_pairs_incl_sentinel,round_win = game_pnl > 0 (decisive only),COMPATIBILITY_ONLY_NOT_PRODUCTION,141.9978,141.9978,-61.9627,6,6,0.43636364,0.43636364,,0.43636364,61.9627,141.9978,THIN_EXPOSURE,0.0000,-2.4785,4.0000,96.0000,AG03-UNRESOLVED,ALL5_LEVELS_bet23_to_bet27,-2.4785,-2.4785,-3.0981,-3.0981,-3.0981,4.000000,4.000000,5.000000,5.000000,5.000000,96.000000,96.000000,95.000000,95.000000,95.000000,5.0,-14.2514,-13.0024,-47.7113,-48.9602,PENDING_AG03,FALSE,NOT_FOR_ENFORCEMENT,-59.4842,136.3179,-61.9627,-59.4842,-2.4785,-0.43636364,-0.41890909,-2.4785,-59.4842,-0.41890909,-2.4785,-2.4785,-3.0981,-3.0981,-3.0981,-59.4842,-0.41890909,-14.2514,-13.0024,-47.7113,-48.9602,-0.33600000,-0.34479569,-0.01745455,23.6663,23.6663,-10.3271,-61.9627,-12.3925,141.9978,6.0000,23.6663,,25.8178,25.8178,25.8178,25.8178,25.8178,25.8178,25.8178,24.5269,1.0,1.0,0.916667,5,5,1,2,1.00000000,-0.43636364,-0.43636364,0E-8,0.000000,1.000000,0.000000,,2026-07-19,2026-07-19,1,5,5,1,1.000000,,1.000000,3.333333,,,,,,,,GLOBAL_BASELINE_NO_ENTITY_RANKING,,,NOT_APPLICABLE_GLOBAL_BASELINE,HF9g-P5,,,,X 全窗基线 · 不参与实体赏罚,3924131,393,A168_HF9F_20260827_0900,2026-08-27 09:00:00
2026-07-19,153209741,2242,0,25.8177781220,24.5268892159,24.5268892159,1.0000000,1,1,0.50665070000000000,0.506650700000,0.9867858985152569,0.9867858985152569,0.9867858985152569,0E-17,ELIGIBLE,R03b_20260811_FULL_v1,L1_ELIGIBILITY,v2026-08-11,2026-03-21..2026-08-06,baccarat_bet02_101_all_pairs_incl_sentinel,round_win = game_pnl > 0 (decisive only),COMPATIBILITY_ONLY_NOT_PRODUCTION,141.9978,141.9978,-61.9627,6,6,0.43636364,0.43636364,,0.43636364,61.9627,141.9978,THIN_EXPOSURE,0.0000,-2.4785,4.0000,96.0000,AG03-UNRESOLVED,ALL5_LEVELS_bet23_to_bet27,-2.4785,-2.4785,-3.0981,-3.0981,-3.0981,4.000000,4.000000,5.000000,5.000000,5.000000,96.000000,96.000000,95.000000,95.000000,95.000000,5.0,-14.2514,-13.0024,-47.7113,-48.9602,PENDING_AG03,FALSE,NOT_FOR_ENFORCEMENT,-59.4842,136.3179,-61.9627,-59.4842,-2.4785,-0.43636364,-0.41890909,-2.4785,-59.4842,-0.41890909,-2.4785,-2.4785,-3.0981,-3.0981,-3.0981,-59.4842,-0.41890909,-14.2514,-13.0024,-47.7113,-48.9602,-0.33600000,-0.34479569,-0.01745455,23.6663,23.6663,-10.3271,-61.9627,-12.3925,141.9978,6.0000,23.6663,,25.8178,25.8178,25.8178,25.8178,25.8178,25.8178,25.8178,24.5269,1.0,1.0,0.916667,5,5,1,2,1.00000000,-0.43636364,-0.43636364,0E-8,0.000000,1.000000,0.000000,,2026-07-19,2026-07-19,1,5,5,1,1.000000,,1.000000,3.333333,,,,,,,,GLOBAL_BASELINE_NO_ENTITY_RANKING,,,NOT_APPLICABLE_GLOBAL_BASELINE,HF9g-P5,,,,X 全窗基线 · 不参与实体赏罚,3924132,393,A168_HF9F_20260827_0900,2026-08-27 09:00:00
2026-07-14,152984554,-1,1,51.6355562440,25.1723336690,25.1723336690,0.6666667,3,3,0.49771390000000000,0.497713900000,0.5852756695216578,0.5852756695216578,0.5852756695216578,0E-17,SENTINEL_DEALER,R03b_20260811_FULL_v1,L1_ELIGIBILITY,v2026-08-11,2026-03-21..2026-08-06,baccarat_bet02_101_all_pairs_incl_sentinel,round_win = game_pnl > 0 (decisive only),COMPATIBILITY_ONLY_NOT_PRODUCTION,167.8156,167.8156,-61.9627,9,9,0.36923077,0.36923077,,0.36923077,61.9627,167.8156,THIN_EXPOSURE,0.0000,-2.4785,4.0000,96.0000,AG03-UNRESOLVED,ALL5_LEVELS_bet23_to_bet27,-2.4785,-2.4785,-3.0981,-3.0981,-3.0981,4.000000,4.000000,5.000000,5.000000,5.000000,96.000000,96.000000,95.000000,95.000000,95.000000,5.0,-14.2514,-13.0024,-47.7113,-48.9602,PENDING_AG03,FALSE,NOT_FOR_ENFORCEMENT,-59.4842,161.1029,-61.9627,-59.4842,-2.4785,-0.36923077,-0.35446154,-2.4785,-59.4842,-0.35446154,-2.4785,-2.4785,-3.0981,-3.0981,-3.0981,-59.4842,-0.35446154,-14.2514,-13.0024,-47.7113,-48.9602,-0.28430769,-0.2917502,-0.01476923,18.6462,18.6462,-6.8847,-61.9627,-20.6542,167.8156,9.0000,18.6462,,12.9089,12.9089,25.8178,33.5631,38.7267,38.7267,12.9089,12.2634,3.0,3.0,1.444444,3,3,1,2,1.00000000,-0.36923077,-0.36923077,0E-8,0.000000,1.000000,0.000000,,2026-07-14,2026-07-14,1,3,3,1,1.000000,,1.000000,3.333333,,,,,,,,GLOBAL_BASELINE_NO_ENTITY_RANKING,,,NOT_APPLICABLE_GLOBAL_BASELINE,HF9g-P5,,,,X 全窗基线 · 不参与实体赏罚,3924133,393,A168_HF9F_20260827_0900,2026-08-27 09:00:00
2026-07-14,152984554,1299,0,38.7266671830,-13.5543335140,-13.5543335140,0.3333333,3,3,0.49771390000000000,0.497713900000,-0.5694369385616226,-0.5694369385616226,-0.5694369385616226,0E-17,ELIGIBLE,R03b_20260811_FULL_v1,L1_ELIGIBILITY,v2026-08-11,2026-03-21..2026-08-06,baccarat_bet02_101_all_pairs_incl_sentinel,round_win = game_pnl > 0 (decisive only),COMPATIBILITY_ONLY_NOT_PRODUCTION,167.8156,167.8156,-61.9627,9,9,0.36923077,0.36923077,,0.36923077,61.9627,167.8156,THIN_EXPOSURE,0.0000,-2.4785,4.0000,96.0000,AG03-UNRESOLVED,ALL5_LEVELS_bet23_to_bet27,-2.4785,-2.4785,-3.0981,-3.0981,-3.0981,4.000000,4.000000,5.000000,5.000000,5.000000,96.000000,96.000000,95.000000,95.000000,95.000000,5.0,-14.2514,-13.0024,-47.7113,-48.9602,PENDING_AG03,FALSE,NOT_FOR_ENFORCEMENT,-59.4842,161.1029,-61.9627,-59.4842,-2.4785,-0.36923077,-0.35446154,-2.4785,-59.4842,-0.35446154,-2.4785,-2.4785,-3.0981,-3.0981,-3.0981,-59.4842,-0.35446154,-14.2514,-13.0024,-47.7113,-48.9602,-0.28430769,-0.2917502,-0.01476923,18.6462,18.6462,-6.8847,-61.9627,-20.6542,167.8156,9.0000,18.6462,,12.9089,12.9089,25.8178,33.5631,38.7267,38.7267,12.9089,12.2634,3.0,3.0,1.444444,3,3,1,2,1.00000000,-0.36923077,-0.36923077,0E-8,0.000000,1.000000,0.000000,,2026-07-14,2026-07-14,1,3,3,1,1.000000,,1.000000,3.333333,,,,,,,,GLOBAL_BASELINE_NO_ENTITY_RANKING,,,NOT_APPLICABLE_GLOBAL_BASELINE,HF9g-P5,,,,X 全窗基线 · 不参与实体赏罚,3924134,393,A168_HF9F_20260827_0900,2026-08-27 09:00:00
2026-07-14,152984554,1374,0,77.4533343660,50.3446673379,50.3446673379,0.6666667,3,3,0.50218230000000000,0.502182300000,0.5697959874915163,0.5697959874915164,0.5697959874915163,0E-17,ELIGIBLE,R03b_20260811_FULL_v1,L1_ELIGIBILITY,v2026-08-11,2026-03-21..2026-08-06,baccarat_bet02_101_all_pairs_incl_sentinel,round_win = game_pnl > 0 (decisive only),COMPATIBILITY_ONLY_NOT_PRODUCTION,167.8156,167.8156,-61.9627,9,9,0.36923077,0.36923077,,0.36923077,61.9627,167.8156,THIN_EXPOSURE,0.0000,-2.4785,4.0000,96.0000,AG03-UNRESOLVED,ALL5_LEVELS_bet23_to_bet27,-2.4785,-2.4785,-3.0981,-3.0981,-3.0981,4.000000,4.000000,5.000000,5.000000,5.000000,96.000000,96.000000,95.000000,95.000000,95.000000,5.0,-14.2514,-13.0024,-47.7113,-48.9602,PENDING_AG03,FALSE,NOT_FOR_ENFORCEMENT,-59.4842,161.1029,-61.9627,-59.4842,-2.4785,-0.36923077,-0.35446154,-2.4785,-59.4842,-0.35446154,-2.4785,-2.4785,-3.0981,-3.0981,-3.0981,-59.4842,-0.35446154,-14.2514,-13.0024,-47.7113,-48.9602,-0.28430769,-0.2917502,-0.01476923,18.6462,18.6462,-6.8847,-61.9627,-20.6542,167.8156,9.0000,18.6462,,12.9089,12.9089,25.8178,33.5631,38.7267,38.7267,12.9089,12.2634,3.0,3.0,1.444444,3,3,1,2,1.00000000,-0.36923077,-0.36923077,0E-8,0.000000,1.000000,0.000000,,2026-07-14,2026-07-14,1,3,3,1,1.000000,,1.000000,3.333333,,,,,,,,GLOBAL_BASELINE_NO_ENTITY_RANKING,,,NOT_APPLICABLE_GLOBAL_BASELINE,HF9g-P5,,,,X 全窗基线 · 不参与实体赏罚,3924135,393,A168_HF9F_20260827_0900,2026-08-27 09:00:00
2026-07-21,153298793,2141,0,192.3424470089,61.9626674928,61.9626674928,0.6250000,8,8,0.49492115000000000,0.494921150000,0.7358750597491888,0.7358750597491888,0.7358750597491888,0E-17,ELIGIBLE,R03b_20260811_FULL_v1,L1_ELIGIBILITY,v2026-08-11,2026-03-21..2026-08-06,baccarat_bet02_101_all_pairs_incl_sentinel,round_win = game_pnl > 0 (decisive only),COMPATIBILITY_ONLY_NOT_PRODUCTION,192.3424,192.3424,-61.9627,8,8,0.32214765,0.32214765,,0.32214765,61.9627,192.3424,THIN_EXPOSURE,0.0000,-2.4785,4.0000,96.0000,AG03-UNRESOLVED,ALL5_LEVELS_bet23_to_bet27,-2.4785,-2.4785,-3.0981,-3.0981,-3.0981,4.000000,4.000000,5.000000,5.000000,5.000000,96.000000,96.000000,95.000000,95.000000,95.000000,5.0,-14.2514,-13.0024,-47.7113,-48.9602,PENDING_AG03,FALSE,NOT_FOR_ENFORCEMENT,-59.4842,184.6487,-61.9627,-59.4842,-2.4785,-0.32214765,-0.30926174,-2.4785,-59.4842,-0.30926174,-2.4785,-2.4785,-3.0981,-3.0981,-3.0981,-59.4842,-0.30926174,-14.2514,-13.0024,-47.7113,-48.9602,-0.24805369,-0.25454716,-0.01288591,24.0428,24.0428,-7.7453,-61.9627,-61.9627,192.3424,8.0000,24.0428,,12.9089,25.8178,25.8178,42.9866,50.3447,50.3447,25.8178,12.9089,1.95,1.95,0.93125,1,1,1,2,1.00000000,-0.32214765,-0.32214765,0E-8,0.000000,1.000000,0.000000,,2026-07-21,2026-07-21,1,1,1,1,1.000000,,1.000000,3.333333,,,,,,,,GLOBAL_BASELINE_NO_ENTITY_RANKING,,,NOT_APPLICABLE_GLOBAL_BASELINE,HF9g-P5,,,,X 全窗基线 · 不参与实体赏罚,3924136,393,A168_HF9F_20260827_0900,2026-08-27 09:00:00
2026-07-16,152958064,1485,0,216.8693362249,61.9626674929,61.9626674929,0.3333333,4,4,0.50665070000000000,0.506650700000,-0.6004420894325239,-0.6004420894325239,-0.6004420894325239,0E-17,ELIGIBLE,R03b_20260811_FULL_v1,L1_ELIGIBILITY,v2026-08-11,2026-03-21..2026-08-06,baccarat_bet02_101_all_pairs_incl_sentinel,round_win = game_pnl > 0 (decisive only),COMPATIBILITY_ONLY_NOT_PRODUCTION,216.8693,139.4160,-61.9627,4,4,0.28571429,0.28571429,,0.28571429,61.9627,216.8693,THIN_EXPOSURE,0.0000,-2.4785,4.0000,96.0000,AG03-UNRESOLVED,ALL5_LEVELS_bet23_to_bet27,-2.4785,-2.4785,-3.0981,0.0000,0.0000,4.000000,4.000000,5.000000,0.000000,0.000000,96.000000,96.000000,95.000000,100.000000,100.000000,5.0,-8.0551,-7.7131,-53.9075,-54.2496,PENDING_AG03,FALSE,NOT_FOR_ENFORCEMENT,-59.4842,133.8394,-61.9627,-59.4842,-2.4785,-0.28571429,-0.27428571,-2.4785,-59.4842,-0.27428571,-2.4785,-2.4785,-3.0981,0.0000,0.0000,-59.4842,-0.27428571,-8.0551,-7.7131,-53.9075,-54.2496,-0.24857143,-0.25014857,-0.01142857,54.2173,34.8540,-15.4907,-61.9627,-61.9627,216.8693,4.0000,54.2173,,18.0724,51.6356,90.3622,103.2711,103.2711,103.2711,18.0724,-5.1636,2.0,2.0,1.05,1,1,1,1,1.00000000,-0.28571429,-0.28571429,0E-8,0.000000,0.642857,0.000000,,2026-07-16,2026-07-16,1,1,1,1,1.000000,,1.000000,3.333333,,,,,,,,GLOBAL_BASELINE_NO_ENTITY_RANKING,,,NOT_APPLICABLE_GLOBAL_BASELINE,HF9g-P5,,,,X 全窗基线 · 不参与实体赏罚,3924137,393,A168_HF9F_20260827_0900,2026-08-27 09:00:00
2026-07-11,152860690,-1,1,12.9088890610,12.9088890610,12.9088890610,1.0000000,1,1,0.50665070000000000,0.506650700000,0.9867858985152569,0.9867858985152569,0.9867858985152569,0E-17,SENTINEL_DEALER,R03b_20260811_FULL_v1,L1_ELIGIBILITY,v2026-08-11,2026-03-21..2026-08-06,baccarat_bet02_101_all_pairs_incl_sentinel,round_win = game_pnl > 0 (decisive only),COMPATIBILITY_ONLY_NOT_PRODUCTION,271.0867,180.7244,-61.9627,9,9,0.22857143,0.22857143,,0.22857143,61.9627,271.0867,THIN_EXPOSURE,0.0000,-2.4785,4.0000,96.0000,AG03-UNRESOLVED,ALL5_LEVELS_bet23_to_bet27,-2.4785,-2.4785,-3.0981,-3.0981,-3.0981,4.000000,4.000000,5.000000,5.000000,5.000000,96.000000,96.000000,95.000000,95.000000,95.000000,5.0,-14.2514,-13.0024,-47.7113,-48.9602,PENDING_AG03,FALSE,NOT_FOR_ENFORCEMENT,-59.4842,173.4955,-61.9627,-59.4842,-2.4785,-0.22857143,-0.21942857,-2.4785,-59.4842,-0.21942857,-2.4785,-2.4785,-3.0981,-3.0981,-3.0981,-59.4842,-0.21942857,-14.2514,-13.0024,-47.7113,-48.9602,-0.17600000,-0.18060727,-0.00914286,30.1207,20.0805,-6.8847,-61.9627,-30.9813,271.0867,9.0000,30.1207,,9.6817,12.9089,44.5357,77.4533,77.4533,77.4533,10.3271,0.0,6.0,6.0,2.333333,2,3,1,2,1.00000000,-0.22857143,-0.22857143,0E-8,0.000000,0.666667,0.888889,,2026-07-11,2026-07-11,1,2,2,1,1.000000,,1.000000,3.333333,,,,,,,,GLOBAL_BASELINE_NO_ENTITY_RANKING,,,NOT_APPLICABLE_GLOBAL_BASELINE,HF9g-P5,,,,X 全窗基线 · 不参与实体赏罚,3924138,393,A168_HF9F_20260827_0900,2026-08-27 09:00:00
2026-07-11,152860690,2196,0,219.4511140370,25.8177781220,25.8177781220,0.2500000,6,6,0.49994810000000000,0.499948100000,-0.9997924053861017,-0.9997924053861017,-0.9997924053861017,0E-17,ELIGIBLE,R03b_20260811_FULL_v1,L1_ELIGIBILITY,v2026-08-11,2026-03-21..2026-08-06,baccarat_bet02_101_all_pairs_incl_sentinel,round_win = game_pnl > 0 (decisive only),COMPATIBILITY_ONLY_NOT_PRODUCTION,271.0867,180.7244,-61.9627,9,9,0.22857143,0.22857143,,0.22857143,61.9627,271.0867,THIN_EXPOSURE,0.0000,-2.4785,4.0000,96.0000,AG03-UNRESOLVED,ALL5_LEVELS_bet23_to_bet27,-2.4785,-2.4785,-3.0981,-3.0981,-3.0981,4.000000,4.000000,5.000000,5.000000,5.000000,96.000000,96.000000,95.000000,95.000000,95.000000,5.0,-14.2514,-13.0024,-47.7113,-48.9602,PENDING_AG03,FALSE,NOT_FOR_ENFORCEMENT,-59.4842,173.4955,-61.9627,-59.4842,-2.4785,-0.22857143,-0.21942857,-2.4785,-59.4842,-0.21942857,-2.4785,-2.4785,-3.0981,-3.0981,-3.0981,-59.4842,-0.21942857,-14.2514,-13.0024,-47.7113,-48.9602,-0.17600000,-0.18060727,-0.00914286,30.1207,20.0805,-6.8847,-61.9627,-30.9813,271.0867,9.0000,30.1207,,9.6817,12.9089,44.5357,77.4533,77.4533,77.4533,10.3271,0.0,6.0,6.0,2.333333,2,3,1,2,1.00000000,-0.22857143,-0.22857143,0E-8,0.000000,0.666667,0.888889,,2026-07-11,2026-07-11,1,2,2,1,1.000000,,1.000000,3.333333,,,,,,,,GLOBAL_BASELINE_NO_ENTITY_RANKING,,,NOT_APPLICABLE_GLOBAL_BASELINE,HF9g-P5,,,,X 全窗基线 · 不参与实体赏罚,3924139,393,A168_HF9F_20260827_0900,2026-08-27 09:00:00
2026-07-11,152860690,2281,0,38.7266671830,23.2360003098,23.2360003098,0.5000000,2,2,0.49994810000000000,0.499948100000,0.00014679536856514622,0.00014679536856514622,0.00014679536856514622,0E-17,ELIGIBLE,R03b_20260811_FULL_v1,L1_ELIGIBILITY,v2026-08-11,2026-03-21..2026-08-06,baccarat_bet02_101_all_pairs_incl_sentinel,round_win = game_pnl > 0 (decisive only),COMPATIBILITY_ONLY_NOT_PRODUCTION,271.0867,180.7244,-61.9627,9,9,0.22857143,0.22857143,,0.22857143,61.9627,271.0867,THIN_EXPOSURE,0.0000,-2.4785,4.0000,96.0000,AG03-UNRESOLVED,ALL5_LEVELS_bet23_to_bet27,-2.4785,-2.4785,-3.0981,-3.0981,-3.0981,4.000000,4.000000,5.000000,5.000000,5.000000,96.000000,96.000000,95.000000,95.000000,95.000000,5.0,-14.2514,-13.0024,-47.7113,-48.9602,PENDING_AG03,FALSE,NOT_FOR_ENFORCEMENT,-59.4842,173.4955,-61.9627,-59.4842,-2.4785,-0.22857143,-0.21942857,-2.4785,-59.4842,-0.21942857,-2.4785,-2.4785,-3.0981,-3.0981,-3.0981,-59.4842,-0.21942857,-14.2514,-13.0024,-47.7113,-48.9602,-0.17600000,-0.18060727,-0.00914286,30.1207,20.0805,-6.8847,-61.9627,-30.9813,271.0867,9.0000,30.1207,,9.6817,12.9089,44.5357,77.4533,77.4533,77.4533,10.3271,0.0,6.0,6.0,2.333333,2,3,1,2,1.00000000,-0.22857143,-0.22857143,0E-8,0.000000,0.666667,0.888889,,2026-07-11,2026-07-11,1,2,2,1,1.000000,,1.000000,3.333333,,,,,,,,GLOBAL_BASELINE_NO_ENTITY_RANKING,,,NOT_APPLICABLE_GLOBAL_BASELINE,HF9g-P5,,,,X 全窗基线 · 不参与实体赏罚,3924140,393,A168_HF9F_20260827_0900,2026-08-27 09:00:00
2026-07-29,110214614,-1,1,51.6355562440,-51.6355562440,-51.6355562440,0E-7,8,4,0.14884296428571429,0.099199325000,-0.8363523938109592,-0.663697226368163,-0.8363523938109592,0.04964363928571429,SENTINEL_DEALER,R03b_20260811_FULL_v1,L1_ELIGIBILITY,v2026-08-11,2026-03-21..2026-08-06,baccarat_bet02_101_all_pairs_incl_sentinel,round_win = game_pnl > 0 (decisive only),COMPATIBILITY_ONLY_NOT_PRODUCTION,276.2502,276.2502,-61.9627,55,19,0.22429907,0.22429907,,0.22429907,61.9627,276.2502,OK,0.0000,-2.4785,4.0000,96.0000,AG03-UNRESOLVED,ALL5_LEVELS_bet23_to_bet27,-2.4785,-2.4785,-2.4785,-3.0981,-3.0981,4.000000,4.000000,4.000000,5.000000,5.000000,96.000000,96.000000,96.000000,95.000000,95.000000,5.0,-13.6318,-12.4871,-48.3309,-49.4756,PENDING_AG03,FALSE,NOT_FOR_ENFORCEMENT,-59.4842,265.2002,-61.9627,-59.4842,-2.4785,-0.22429907,-0.21532710,-2.4785,-59.4842,-0.21532710,-2.4785,-2.4785,-2.4785,-3.0981,-3.0981,-59.4842,-0.21532710,-13.6318,-12.4871,-48.3309,-49.4756,-0.17495327,-0.17909703,-0.00897196,5.0227,14.5395,-3.2612,-30.9813,-15.4907,138.1251,9.5000,5.0227,,2.5818,5.1636,5.1636,10.3271,12.2634,15.3616,5.1636,-5.1636,2.375,2.975,0.972727,4,3,1,7,1.00000000,-0.22429907,-0.22429907,0E-8,0.000000,1.000000,0.000000,,2026-07-29,2026-07-30,2,4,4,2,1.000000,,1.000000,3.333333,,,,,,,,GLOBAL_BASELINE_NO_ENTITY_RANKING,,,NOT_APPLICABLE_GLOBAL_BASELINE,HF9g-P5,,,,X 全窗基线 · 不参与实体赏罚,3924141,393,A168_HF9F_20260827_0900,2026-08-27 09:00:00
2026-07-29,110214614,2101,0,157.4884465442,180.7244468540,180.7244468540,0.3636364,36,11,0.06853289515151515,0.059023115151,3.8738014380600685,4.286912206924508,3.8738014380600685,0.00950978000051515,ELIGIBLE,R03b_20260811_FULL_v1,L1_ELIGIBILITY,v2026-08-11,2026-03-21..2026-08-06,baccarat_bet02_101_all_pairs_incl_sentinel,round_win = game_pnl > 0 (decisive only),COMPATIBILITY_ONLY_NOT_PRODUCTION,276.2502,276.2502,-61.9627,55,19,0.22429907,0.22429907,,0.22429907,61.9627,276.2502,OK,0.0000,-2.4785,4.0000,96.0000,AG03-UNRESOLVED,ALL5_LEVELS_bet23_to_bet27,-2.4785,-2.4785,-2.4785,-3.0981,-3.0981,4.000000,4.000000,4.000000,5.000000,5.000000,96.000000,96.000000,96.000000,95.000000,95.000000,5.0,-13.6318,-12.4871,-48.3309,-49.4756,PENDING_AG03,FALSE,NOT_FOR_ENFORCEMENT,-59.4842,265.2002,-61.9627,-59.4842,-2.4785,-0.22429907,-0.21532710,-2.4785,-59.4842,-0.21532710,-2.4785,-2.4785,-2.4785,-3.0981,-3.0981,-59.4842,-0.21532710,-13.6318,-12.4871,-48.3309,-49.4756,-0.17495327,-0.17909703,-0.00897196,5.0227,14.5395,-3.2612,-30.9813,-15.4907,138.1251,9.5000,5.0227,,2.5818,5.1636,5.1636,10.3271,12.2634,15.3616,5.1636,-5.1636,2.375,2.975,0.972727,4,3,1,7,1.00000000,-0.22429907,-0.22429907,0E-8,0.000000,1.000000,0.000000,,2026-07-29,2026-07-30,2,4,4,2,1.000000,,1.000000,3.333333,,,,,,,,GLOBAL_BASELINE_NO_ENTITY_RANKING,,,NOT_APPLICABLE_GLOBAL_BASELINE,HF9g-P5,,,,X 全窗基线 · 不参与实体赏罚,3924142,393,A168_HF9F_20260827_0900,2026-08-27 09:00:00
2026-07-30,110214614,-1,1,36.1448893708,-36.1448893708,-36.1448893708,0E-7,5,2,0.07616441777777778,0.057609800000,-0.4060632800649131,-0.3496614876739507,-0.4060632800649131,0.01855461777777778,SENTINEL_DEALER,R03b_20260811_FULL_v1,L1_ELIGIBILITY,v2026-08-11,2026-03-21..2026-08-06,baccarat_bet02_101_all_pairs_incl_sentinel,round_win = game_pnl > 0 (decisive only),COMPATIBILITY_ONLY_NOT_PRODUCTION,276.2502,276.2502,-61.9627,55,19,0.22429907,0.22429907,,0.22429907,61.9627,276.2502,OK,0.0000,-2.4785,4.0000,96.0000,AG03-UNRESOLVED,ALL5_LEVELS_bet23_to_bet27,-2.4785,-2.4785,-2.4785,-3.0981,-3.0981,4.000000,4.000000,4.000000,5.000000,5.000000,96.000000,96.000000,96.000000,95.000000,95.000000,5.0,-13.6318,-12.4871,-48.3309,-49.4756,PENDING_AG03,FALSE,NOT_FOR_ENFORCEMENT,-59.4842,265.2002,-61.9627,-59.4842,-2.4785,-0.22429907,-0.21532710,-2.4785,-59.4842,-0.21532710,-2.4785,-2.4785,-2.4785,-3.0981,-3.0981,-59.4842,-0.21532710,-13.6318,-12.4871,-48.3309,-49.4756,-0.17495327,-0.17909703,-0.00897196,5.0227,14.5395,-3.2612,-30.9813,-15.4907,138.1251,9.5000,5.0227,,2.5818,5.1636,5.1636,10.3271,12.2634,15.3616,5.1636,-5.1636,2.375,2.975,0.972727,4,3,1,7,1.00000000,-0.22429907,-0.22429907,0E-8,0.000000,1.000000,0.000000,,2026-07-29,2026-07-30,2,4,4,2,1.000000,,1.000000,3.333333,,,,,,,,GLOBAL_BASELINE_NO_ENTITY_RANKING,,,NOT_APPLICABLE_GLOBAL_BASELINE,HF9g-P5,,,,X 全窗基线 · 不参与实体赏罚,3924143,393,A168_HF9F_20260827_0900,2026-08-27 09:00:00
2026-07-30,110214614,1004,0,30.9813337464,-30.9813337464,-30.9813337464,0E-7,6,2,0.07389163142857143,0.059432750000,-0.3994677479345265,-0.35549458054479577,-0.3994677479345265,0.01445888142857143,ELIGIBLE,R03b_20260811_FULL_v1,L1_ELIGIBILITY,v2026-08-11,2026-03-21..2026-08-06,baccarat_bet02_101_all_pairs_incl_sentinel,round_win = game_pnl > 0 (decisive only),COMPATIBILITY_ONLY_NOT_PRODUCTION,276.2502,276.2502,-61.9627,55,19,0.22429907,0.22429907,,0.22429907,61.9627,276.2502,OK,0.0000,-2.4785,4.0000,96.0000,AG03-UNRESOLVED,ALL5_LEVELS_bet23_to_bet27,-2.4785,-2.4785,-2.4785,-3.0981,-3.0981,4.000000,4.000000,4.000000,5.000000,5.000000,96.000000,96.000000,96.000000,95.000000,95.000000,5.0,-13.6318,-12.4871,-48.3309,-49.4756,PENDING_AG03,FALSE,NOT_FOR_ENFORCEMENT,-59.4842,265.2002,-61.9627,-59.4842,-2.4785,-0.22429907,-0.21532710,-2.4785,-59.4842,-0.21532710,-2.4785,-2.4785,-2.4785,-3.0981,-3.0981,-59.4842,-0.21532710,-13.6318,-12.4871,-48.3309,-49.4756,-0.17495327,-0.17909703,-0.00897196,5.0227,14.5395,-3.2612,-30.9813,-15.4907,138.1251,9.5000,5.0227,,2.5818,5.1636,5.1636,10.3271,12.2634,15.3616,5.1636,-5.1636,2.375,2.975,0.972727,4,3,1,7,1.00000000,-0.22429907,-0.22429907,0E-8,0.000000,1.000000,0.000000,,2026-07-29,2026-07-30,2,4,4,2,1.000000,,1.000000,3.333333,,,,,,,,GLOBAL_BASELINE_NO_ENTITY_RANKING,,,NOT_APPLICABLE_GLOBAL_BASELINE,HF9g-P5,,,,X 全窗基线 · 不参与实体赏罚,3924144,393,A168_HF9F_20260827_0900,2026-08-27 09:00:00
2026-07-07,146182889,-1,1,283.9955593420,61.9626674928,61.9626674928,0.6666667,4,4,0.49659680000000000,0.496596800000,0.5891529468324541,0.589152946832454,0.5891529468324541,0E-17,SENTINEL_DEALER,R03b_20260811_FULL_v1,L1_ELIGIBILITY,v2026-08-11,2026-03-21..2026-08-06,baccarat_bet02_101_all_pairs_incl_sentinel,round_win = game_pnl > 0 (decisive only),COMPATIBILITY_ONLY_NOT_PRODUCTION,283.9956,206.5422,-61.9627,4,4,0.21818182,,0.21818182,0.21818182,61.9627,283.9956,THIN_EXPOSURE,0.0000,-2.4785,4.0000,96.0000,AG03-UNRESOLVED,ALL5_LEVELS_bet23_to_bet27,-2.4785,-2.4785,-2.4785,-3.0981,-3.0981,4.000000,4.000000,4.000000,5.000000,5.000000,96.000000,96.000000,96.000000,95.000000,95.000000,5.0,-13.6318,-12.4871,-48.3309,-49.4756,PENDING_AG03,FALSE,NOT_FOR_ENFORCEMENT,-59.4842,198.2805,-61.9627,-59.4842,-2.4785,-0.21818182,-0.20945455,-2.4785,-59.4842,-0.20945455,-2.4785,-2.4785,-2.4785,-3.0981,-3.0981,-59.4842,-0.20945455,-13.6318,-12.4871,-48.3309,-49.4756,-0.17018182,-0.17421256,-0.00872727,70.9989,51.6356,-15.4907,-61.9627,-20.6542,283.9956,4.0000,,70.9989,61.9627,74.8716,80.0351,82.6169,82.6169,82.6169,61.9627,25.8178,1.103448,1.103448,0.948276,3,1,1,2,0E-8,-0.21818182,,0E-8,0.000000,0.727273,1.000000,,2026-07-07,2026-07-07,1,3,3,1,1.000000,,,0.000000,,,,,,,,GLOBAL_BASELINE_NO_ENTITY_RANKING,,,NOT_APPLICABLE_GLOBAL_BASELINE,HF9g-P5,,,,X 全窗基线 · 不参与实体赏罚,3924145,393,A168_HF9F_20260827_0900,2026-08-27 09:00:00
2026-07-04,152557819,2088,0,90.3622234270,-12.9088890610,-12.9088890610,0.4285714,7,7,0.49324550000000000,0.493245500000,-0.3422542494892156,-0.3422542494892157,-0.3422542494892156,0E-17,ELIGIBLE,R03b_20260811_FULL_v1,L1_ELIGIBILITY,v2026-08-11,2026-03-21..2026-08-06,baccarat_bet02_101_all_pairs_incl_sentinel,round_win = game_pnl > 0 (decisive only),COMPATIBILITY_ONLY_NOT_PRODUCTION,356.2853,356.2853,-61.9627,22,22,0.17391304,,0.17391304,0.17391304,61.9627,356.2853,THIN_EXPOSURE,0.0000,-2.4785,4.0000,96.0000,AG03-UNRESOLVED,ALL5_LEVELS_bet23_to_bet27,-2.4785,-2.4785,-3.0981,-3.0981,-3.0981,4.000000,4.000000,5.000000,5.000000,5.000000,96.000000,96.000000,95.000000,95.000000,95.000000,5.0,-14.2514,-13.0024,-47.7113,-48.9602,PENDING_AG03,FALSE,NOT_FOR_ENFORCEMENT,-59.4842,342.0339,-61.9627,-59.4842,-2.4785,-0.17391304,-0.16695652,-2.4785,-59.4842,-0.16695652,-2.4785,-2.4785,-3.0981,-3.0981,-3.0981,-59.4842,-0.16695652,-14.2514,-13.0024,-47.7113,-48.9602,-0.13391304,-0.13741857,-0.00695652,16.1948,16.1948,-2.8165,-61.9627,-30.9813,356.2853,22.0000,,16.1948,12.9089,12.9089,25.8178,25.8178,25.8178,25.8178,12.9089,11.618,2.0,2.0,1.254545,2,3,1,1,0E-8,-0.17391304,,0E-8,0.000000,1.000000,0.000000,,2026-07-04,2026-07-04,1,2,2,1,1.000000,,,0.000000,,,,,,,,GLOBAL_BASELINE_NO_ENTITY_RANKING,,,NOT_APPLICABLE_GLOBAL_BASELINE,HF9g-P5,,,,X 全窗基线 · 不参与实体赏罚,3924146,393,A168_HF9F_20260827_0900,2026-08-27 09:00:00
2026-07-04,152557819,2170,0,237.5235587224,56.7991118684,56.7991118684,0.5833333,12,12,0.49324550000000000,0.493245500000,0.6242037769425107,0.6242037769425106,0.6242037769425107,0E-17,ELIGIBLE,R03b_20260811_FULL_v1,L1_ELIGIBILITY,v2026-08-11,2026-03-21..2026-08-06,baccarat_bet02_101_all_pairs_incl_sentinel,round_win = game_pnl > 0 (decisive only),COMPATIBILITY_ONLY_NOT_PRODUCTION,356.2853,356.2853,-61.9627,22,22,0.17391304,,0.17391304,0.17391304,61.9627,356.2853,THIN_EXPOSURE,0.0000,-2.4785,4.0000,96.0000,AG03-UNRESOLVED,ALL5_LEVELS_bet23_to_bet27,-2.4785,-2.4785,-3.0981,-3.0981,-3.0981,4.000000,4.000000,5.000000,5.000000,5.000000,96.000000,96.000000,95.000000,95.000000,95.000000,5.0,-14.2514,-13.0024,-47.7113,-48.9602,PENDING_AG03,FALSE,NOT_FOR_ENFORCEMENT,-59.4842,342.0339,-61.9627,-59.4842,-2.4785,-0.17391304,-0.16695652,-2.4785,-59.4842,-0.16695652,-2.4785,-2.4785,-3.0981,-3.0981,-3.0981,-59.4842,-0.16695652,-14.2514,-13.0024,-47.7113,-48.9602,-0.13391304,-0.13741857,-0.00695652,16.1948,16.1948,-2.8165,-61.9627,-30.9813,356.2853,22.0000,,16.1948,12.9089,12.9089,25.8178,25.8178,25.8178,25.8178,12.9089,11.618,2.0,2.0,1.254545,2,3,1,1,0E-8,-0.17391304,,0E-8,0.000000,1.000000,0.000000,,2026-07-04,2026-07-04,1,2,2,1,1.000000,,,0.000000,,,,,,,,GLOBAL_BASELINE_NO_ENTITY_RANKING,,,NOT_APPLICABLE_GLOBAL_BASELINE,HF9g-P5,,,,X 全窗基线 · 不参与实体赏罚,3924147,393,A168_HF9F_20260827_0900,2026-08-27 09:00:00
2026-07-04,152557819,2174,0,28.3995559342,18.0724446854,18.0724446854,0.6666667,3,3,0.49324550000000000,0.493245500000,0.6008033672792107,0.6008033672792106,0.6008033672792107,0E-17,ELIGIBLE,R03b_20260811_FULL_v1,L1_ELIGIBILITY,v2026-08-11,2026-03-21..2026-08-06,baccarat_bet02_101_all_pairs_incl_sentinel,round_win = game_pnl > 0 (decisive only),COMPATIBILITY_ONLY_NOT_PRODUCTION,356.2853,356.2853,-61.9627,22,22,0.17391304,,0.17391304,0.17391304,61.9627,356.2853,THIN_EXPOSURE,0.0000,-2.4785,4.0000,96.0000,AG03-UNRESOLVED,ALL5_LEVELS_bet23_to_bet27,-2.4785,-2.4785,-3.0981,-3.0981,-3.0981,4.000000,4.000000,5.000000,5.000000,5.000000,96.000000,96.000000,95.000000,95.000000,95.000000,5.0,-14.2514,-13.0024,-47.7113,-48.9602,PENDING_AG03,FALSE,NOT_FOR_ENFORCEMENT,-59.4842,342.0339,-61.9627,-59.4842,-2.4785,-0.17391304,-0.16695652,-2.4785,-59.4842,-0.16695652,-2.4785,-2.4785,-3.0981,-3.0981,-3.0981,-59.4842,-0.16695652,-14.2514,-13.0024,-47.7113,-48.9602,-0.13391304,-0.13741857,-0.00695652,16.1948,16.1948,-2.8165,-61.9627,-30.9813,356.2853,22.0000,,16.1948,12.9089,12.9089,25.8178,25.8178,25.8178,25.8178,12.9089,11.618,2.0,2.0,1.254545,2,3,1,1,0E-8,-0.17391304,,0E-8,0.000000,1.000000,0.000000,,2026-07-04,2026-07-04,1,2,2,1,1.000000,,,0.000000,,,,,,,,GLOBAL_BASELINE_NO_ENTITY_RANKING,,,NOT_APPLICABLE_GLOBAL_BASELINE,HF9g-P5,,,,X 全窗基线 · 不参与实体赏罚,3924148,393,A168_HF9F_20260827_0900,2026-08-27 09:00:00
2026-07-13,152953713,1151,0,361.4488937082,61.9626674928,61.9626674928,0.6666667,4,4,0.49994810000000000,0.499948100000,0.5775300591747329,0.5775300591747329,0.5775300591747329,0E-17,ELIGIBLE,R03b_20260811_FULL_v1,L1_ELIGIBILITY,v2026-08-11,2026-03-21..2026-08-06,baccarat_bet02_101_all_pairs_incl_sentinel,round_win = game_pnl > 0 (decisive only),COMPATIBILITY_ONLY_NOT_PRODUCTION,361.4489,296.9044,-61.9627,4,4,0.17142857,0.17142857,,0.17142857,61.9627,361.4489,THIN_EXPOSURE,0.0000,-2.4785,4.0000,96.0000,AG03-UNRESOLVED,ALL5_LEVELS_bet23_to_bet27,-2.4785,-2.4785,-2.4785,-3.7178,-3.7178,4.000000,4.000000,4.000000,6.000000,6.000000,96.000000,96.000000,96.000000,94.000000,94.000000,5.0,-14.8710,-13.5232,-47.0916,-48.4395,PENDING_AG03,FALSE,NOT_FOR_ENFORCEMENT,-59.4842,285.0283,-61.9627,-59.4842,-2.4785,-0.17142857,-0.16457143,-2.4785,-59.4842,-0.16457143,-2.4785,-2.4785,-2.4785,-3.7178,-3.7178,-59.4842,-0.16457143,-14.8710,-13.5232,-47.0916,-48.4395,-0.13028571,-0.13401475,-0.00685714,90.3622,74.2261,-15.4907,-61.9627,-61.9627,361.4489,4.0000,90.3622,,58.09,90.3622,122.6344,129.0889,129.0889,129.0889,83.9078,24.5269,1.428571,1.428571,1.0,1,1,1,2,1.00000000,-0.17142857,-0.17142857,0E-8,0.000000,0.821429,0.000000,,2026-07-13,2026-07-13,1,1,1,1,1.000000,,1.000000,3.333333,,,,,,,,GLOBAL_BASELINE_NO_ENTITY_RANKING,,,NOT_APPLICABLE_GLOBAL_BASELINE,HF9g-P5,,,,X 全窗基线 · 不参与实体赏罚,3924149,393,A168_HF9F_20260827_0900,2026-08-27 09:00:00
2026-07-14,149771495,-1,1,112.5655126119,53.0555340409,53.0555340409,0.9000000,16,10,0.45451415283332142,0.379685030000,2.8292313531979723,3.3903805894223464,2.8292313531979723,0.07482912283332142,SENTINEL_DEALER,R03b_20260811_FULL_v1,L1_ELIGIBILITY,v2026-08-11,2026-03-21..2026-08-06,baccarat_bet02_101_all_pairs_incl_sentinel,round_win = game_pnl > 0 (decisive only),COMPATIBILITY_ONLY_NOT_PRODUCTION,417.9898,402.4992,-61.9627,57,34,0.14823965,0.14823965,,0.14823965,61.9627,417.9898,OK,0.0000,-2.4785,4.0000,96.0000,AG03-UNRESOLVED,ALL5_LEVELS_bet23_to_bet27,-2.4785,-2.4785,-3.0981,-3.0981,-3.0981,4.000000,4.000000,5.000000,5.000000,5.000000,96.000000,96.000000,95.000000,95.000000,95.000000,5.0,-14.2514,-13.0024,-47.7113,-48.9602,PENDING_AG03,FALSE,NOT_FOR_ENFORCEMENT,-59.4842,386.3992,-61.9627,-59.4842,-2.4785,-0.14823965,-0.14231007,-2.4785,-59.4842,-0.14231007,-2.4785,-2.4785,-3.0981,-3.0981,-3.0981,-59.4842,-0.14231007,-14.2514,-13.0024,-47.7113,-48.9602,-0.11414453,-0.11713257,-0.00592959,7.3332,11.8382,-1.8224,-61.9627,-12.3925,417.9898,34.0000,7.3332,,2.5818,5.1636,10.3271,13.7351,17.3495,30.1991,5.1636,-2.5818,3.359999,5.8485,1.420175,5,4,1,3,1.00000000,-0.14823965,-0.14823965,0E-8,0.000000,0.962940,0.000000,,2026-07-14,2026-07-14,1,5,5,1,1.000000,,1.000000,3.333333,,,,,,,,GLOBAL_BASELINE_NO_ENTITY_RANKING,,,NOT_APPLICABLE_GLOBAL_BASELINE,HF9g-P5,,,,X 全窗基线 · 不参与实体赏罚,3924150,393,A168_HF9F_20260827_0900,2026-08-27 09:00:00
2026-07-14,149771495,1307,0,80.0351121782,-19.2342447009,-19.2342447009,0.4000000,10,5,0.42626622650000000,0.297945710000,-0.11876460180684636,0.4989561164153655,-0.11876460180684636,0.12832051650000000,ELIGIBLE,R03b_20260811_FULL_v1,L1_ELIGIBILITY,v2026-08-11,2026-03-21..2026-08-06,baccarat_bet02_101_all_pairs_incl_sentinel,round_win = game_pnl > 0 (decisive only),COMPATIBILITY_ONLY_NOT_PRODUCTION,417.9898,402.4992,-61.9627,57,34,0.14823965,0.14823965,,0.14823965,61.9627,417.9898,OK,0.0000,-2.4785,4.0000,96.0000,AG03-UNRESOLVED,ALL5_LEVELS_bet23_to_bet27,-2.4785,-2.4785,-3.0981,-3.0981,-3.0981,4.000000,4.000000,5.000000,5.000000,5.000000,96.000000,96.000000,95.000000,95.000000,95.000000,5.0,-14.2514,-13.0024,-47.7113,-48.9602,PENDING_AG03,FALSE,NOT_FOR_ENFORCEMENT,-59.4842,386.3992,-61.9627,-59.4842,-2.4785,-0.14823965,-0.14231007,-2.4785,-59.4842,-0.14231007,-2.4785,-2.4785,-3.0981,-3.0981,-3.0981,-59.4842,-0.14231007,-14.2514,-13.0024,-47.7113,-48.9602,-0.11414453,-0.11713257,-0.00592959,7.3332,11.8382,-1.8224,-61.9627,-12.3925,417.9898,34.0000,7.3332,,2.5818,5.1636,10.3271,13.7351,17.3495,30.1991,5.1636,-2.5818,3.359999,5.8485,1.420175,5,4,1,3,1.00000000,-0.14823965,-0.14823965,0E-8,0.000000,0.962940,0.000000,,2026-07-14,2026-07-14,1,5,5,1,1.000000,,1.000000,3.333333,,,,,,,,GLOBAL_BASELINE_NO_ENTITY_RANKING,,,NOT_APPLICABLE_GLOBAL_BASELINE,HF9g-P5,,,,X 全窗基线 · 不参与实体赏罚,3924151,393,A168_HF9F_20260827_0900,2026-08-27 09:00:00
2026-07-14,149771495,2147,0,203.7022693826,39.5012005268,39.5012005268,0.6470588,28,17,0.43824550928571429,0.367032755882,1.7352043727151814,2.395410186740846,1.7352043727151814,0.07121275340371429,ELIGIBLE,R03b_20260811_FULL_v1,L1_ELIGIBILITY,v2026-08-11,2026-03-21..2026-08-06,baccarat_bet02_101_all_pairs_incl_sentinel,round_win = game_pnl > 0 (decisive only),COMPATIBILITY_ONLY_NOT_PRODUCTION,417.9898,402.4992,-61.9627,57,34,0.14823965,0.14823965,,0.14823965,61.9627,417.9898,OK,0.0000,-2.4785,4.0000,96.0000,AG03-UNRESOLVED,ALL5_LEVELS_bet23_to_bet27,-2.4785,-2.4785,-3.0981,-3.0981,-3.0981,4.000000,4.000000,5.000000,5.000000,5.000000,96.000000,96.000000,95.000000,95.000000,95.000000,5.0,-14.2514,-13.0024,-47.7113,-48.9602,PENDING_AG03,FALSE,NOT_FOR_ENFORCEMENT,-59.4842,386.3992,-61.9627,-59.4842,-2.4785,-0.14823965,-0.14231007,-2.4785,-59.4842,-0.14231007,-2.4785,-2.4785,-3.0981,-3.0981,-3.0981,-59.4842,-0.14231007,-14.2514,-13.0024,-47.7113,-48.9602,-0.11414453,-0.11713257,-0.00592959,7.3332,11.8382,-1.8224,-61.9627,-12.3925,417.9898,34.0000,7.3332,,2.5818,5.1636,10.3271,13.7351,17.3495,30.1991,5.1636,-2.5818,3.359999,5.8485,1.420175,5,4,1,3,1.00000000,-0.14823965,-0.14823965,0E-8,0.000000,0.962940,0.000000,,2026-07-14,2026-07-14,1,5,5,1,1.000000,,1.000000,3.333333,,,,,,,,GLOBAL_BASELINE_NO_ENTITY_RANKING,,,NOT_APPLICABLE_GLOBAL_BASELINE,HF9g-P5,,,,X 全窗基线 · 不参与实体赏罚,3924152,393,A168_HF9F_20260827_0900,2026-08-27 09:00:00
2026-07-14,149771495,2233,0,21.6869336225,-11.3598223737,-11.3598223737,0.5000000,3,2,0.46210153906253770,0.393584825000,0.10750228936640355,0.308045137873246,0.10750228936640355,0.06851671406253770,ELIGIBLE,R03b_20260811_FULL_v1,L1_ELIGIBILITY,v2026-08-11,2026-03-21..2026-08-06,baccarat_bet02_101_all_pairs_incl_sentinel,round_win = game_pnl > 0 (decisive only),COMPATIBILITY_ONLY_NOT_PRODUCTION,417.9898,402.4992,-61.9627,57,34,0.14823965,0.14823965,,0.14823965,61.9627,417.9898,OK,0.0000,-2.4785,4.0000,96.0000,AG03-UNRESOLVED,ALL5_LEVELS_bet23_to_bet27,-2.4785,-2.4785,-3.0981,-3.0981,-3.0981,4.000000,4.000000,5.000000,5.000000,5.000000,96.000000,96.000000,95.000000,95.000000,95.000000,5.0,-14.2514,-13.0024,-47.7113,-48.9602,PENDING_AG03,FALSE,NOT_FOR_ENFORCEMENT,-59.4842,386.3992,-61.9627,-59.4842,-2.4785,-0.14823965,-0.14231007,-2.4785,-59.4842,-0.14231007,-2.4785,-2.4785,-3.0981,-3.0981,-3.0981,-59.4842,-0.14231007,-14.2514,-13.0024,-47.7113,-48.9602,-0.11414453,-0.11713257,-0.00592959,7.3332,11.8382,-1.8224,-61.9627,-12.3925,417.9898,34.0000,7.3332,,2.5818,5.1636,10.3271,13.7351,17.3495,30.1991,5.1636,-2.5818,3.359999,5.8485,1.420175,5,4,1,3,1.00000000,-0.14823965,-0.14823965,0E-8,0.000000,0.962940,0.000000,,2026-07-14,2026-07-14,1,5,5,1,1.000000,,1.000000,3.333333,,,,,,,,GLOBAL_BASELINE_NO_ENTITY_RANKING,,,NOT_APPLICABLE_GLOBAL_BASELINE,HF9g-P5,,,,X 全窗基线 · 不参与实体赏罚,3924153,393,A168_HF9F_20260827_0900,2026-08-27 09:00:00
2026-07-23,122759456,-1,1,464.7200061961,-236.2326698164,-236.2326698164,0.3333333,10,10,0.49860758000000000,0.498607580000,-0.9916493252932331,-0.9916493252932332,-0.9916493252932331,0E-17,SENTINEL_DEALER,R03b_20260811_FULL_v1,L1_ELIGIBILITY,v2026-08-11,2026-03-21..2026-08-06,baccarat_bet02_101_all_pairs_incl_sentinel,round_win = game_pnl > 0 (decisive only),COMPATIBILITY_ONLY_NOT_PRODUCTION,1574.8845,1368.3422,-61.9627,38,38,0.03934426,0.03934426,,0.03934426,61.9627,1574.8845,OK,0.0000,-2.4785,4.0000,96.0000,AG03-UNRESOLVED,ALL5_LEVELS_bet23_to_bet27,-2.4785,-2.4785,-2.4785,-2.4785,-2.4785,4.000000,4.000000,4.000000,4.000000,4.000000,96.000000,96.000000,96.000000,96.000000,96.000000,5.0,-12.3925,-11.44,-49.5701,-50.5227,PENDING_AG03,FALSE,NOT_FOR_ENFORCEMENT,-59.4842,1313.6086,-61.9627,-59.4842,-2.4785,-0.03934426,-0.03777049,-2.4785,-59.4842,-0.03777049,-2.4785,-2.4785,-2.4785,-2.4785,-2.4785,-59.4842,-0.03777049,-12.3925,-11.44,-49.5701,-50.5227,-0.03147541,-0.03208024,-0.00157377,41.4443,36.0090,-1.6306,-61.9627,-3.4424,1574.8845,38.0000,41.4443,,25.8178,25.8178,51.6356,51.6356,98.1074,129.0889,25.8178,12.2634,3.799995,5.0,1.605263,16,15,1,2,1.00000000,-0.03934426,-0.03934426,0E-8,0.000000,0.868852,0.000000,,2026-07-23,2026-07-23,1,18,16,1,1.000000,,1.000000,3.333333,,,,,,,,GLOBAL_BASELINE_NO_ENTITY_RANKING,,,NOT_APPLICABLE_GLOBAL_BASELINE,HF9g-P5,,,,X 全窗基线 · 不参与实体赏罚,3924154,393,A168_HF9F_20260827_0900,2026-08-27 09:00:00
2026-07-23,122759456,1391,0,25.8177781220,-25.8177781220,-25.8177781220,0E-7,1,1,0.50665070000000000,0.506650700000,-1.013391052207602,-1.013391052207602,-1.013391052207602,0E-17,ELIGIBLE,R03b_20260811_FULL_v1,L1_ELIGIBILITY,v2026-08-11,2026-03-21..2026-08-06,baccarat_bet02_101_all_pairs_incl_sentinel,round_win = game_pnl > 0 (decisive only),COMPATIBILITY_ONLY_NOT_PRODUCTION,1574.8845,1368.3422,-61.9627,38,38,0.03934426,0.03934426,,0.03934426,61.9627,1574.8845,OK,0.0000,-2.4785,4.0000,96.0000,AG03-UNRESOLVED,ALL5_LEVELS_bet23_to_bet27,-2.4785,-2.4785,-2.4785,-2.4785,-2.4785,4.000000,4.000000,4.000000,4.000000,4.000000,96.000000,96.000000,96.000000,96.000000,96.000000,5.0,-12.3925,-11.44,-49.5701,-50.5227,PENDING_AG03,FALSE,NOT_FOR_ENFORCEMENT,-59.4842,1313.6086,-61.9627,-59.4842,-2.4785,-0.03934426,-0.03777049,-2.4785,-59.4842,-0.03777049,-2.4785,-2.4785,-2.4785,-2.4785,-2.4785,-59.4842,-0.03777049,-12.3925,-11.44,-49.5701,-50.5227,-0.03147541,-0.03208024,-0.00157377,41.4443,36.0090,-1.6306,-61.9627,-3.4424,1574.8845,38.0000,41.4443,,25.8178,25.8178,51.6356,51.6356,98.1074,129.0889,25.8178,12.2634,3.799995,5.0,1.605263,16,15,1,2,1.00000000,-0.03934426,-0.03934426,0E-8,0.000000,0.868852,0.000000,,2026-07-23,2026-07-23,1,18,16,1,1.000000,,1.000000,3.333333,,,,,,,,GLOBAL_BASELINE_NO_ENTITY_RANKING,,,NOT_APPLICABLE_GLOBAL_BASELINE,HF9g-P5,,,,X 全窗基线 · 不参与实体赏罚,3924155,393,A168_HF9F_20260827_0900,2026-08-27 09:00:00
2026-07-23,122759456,1401,0,77.4533343660,-27.1086670281,-27.1086670281,0.5000000,2,2,0.50665070000000000,0.506650700000,-0.018812684590367487,-0.018812684590367487,-0.018812684590367487,0E-17,ELIGIBLE,R03b_20260811_FULL_v1,L1_ELIGIBILITY,v2026-08-11,2026-03-21..2026-08-06,baccarat_bet02_101_all_pairs_incl_sentinel,round_win = game_pnl > 0 (decisive only),COMPATIBILITY_ONLY_NOT_PRODUCTION,1574.8845,1368.3422,-61.9627,38,38,0.03934426,0.03934426,,0.03934426,61.9627,1574.8845,OK,0.0000,-2.4785,4.0000,96.0000,AG03-UNRESOLVED,ALL5_LEVELS_bet23_to_bet27,-2.4785,-2.4785,-2.4785,-2.4785,-2.4785,4.000000,4.000000,4.000000,4.000000,4.000000,96.000000,96.000000,96.000000,96.000000,96.000000,5.0,-12.3925,-11.44,-49.5701,-50.5227,PENDING_AG03,FALSE,NOT_FOR_ENFORCEMENT,-59.4842,1313.6086,-61.9627,-59.4842,-2.4785,-0.03934426,-0.03777049,-2.4785,-59.4842,-0.03777049,-2.4785,-2.4785,-2.4785,-2.4785,-2.4785,-59.4842,-0.03777049,-12.3925,-11.44,-49.5701,-50.5227,-0.03147541,-0.03208024,-0.00157377,41.4443,36.0090,-1.6306,-61.9627,-3.4424,1574.8845,38.0000,41.4443,,25.8178,25.8178,51.6356,51.6356,98.1074,129.0889,25.8178,12.2634,3.799995,5.0,1.605263,16,15,1,2,1.00000000,-0.03934426,-0.03934426,0E-8,0.000000,0.868852,0.000000,,2026-07-23,2026-07-23,1,18,16,1,1.000000,,1.000000,3.333333,,,,,,,,GLOBAL_BASELINE_NO_ENTITY_RANKING,,,NOT_APPLICABLE_GLOBAL_BASELINE,HF9g-P5,,,,X 全窗基线 · 不参与实体赏罚,3924156,393,A168_HF9F_20260827_0900,2026-08-27 09:00:00
2026-07-23,122759456,1966,0,25.8177781220,25.8177781220,25.8177781220,1.0000000,1,1,0.49324550000000000,0.493245500000,1.01360149184955,1.01360149184955,1.01360149184955,0E-17,ELIGIBLE,R03b_20260811_FULL_v1,L1_ELIGIBILITY,v2026-08-11,2026-03-21..2026-08-06,baccarat_bet02_101_all_pairs_incl_sentinel,round_win = game_pnl > 0 (decisive only),COMPATIBILITY_ONLY_NOT_PRODUCTION,1574.8845,1368.3422,-61.9627,38,38,0.03934426,0.03934426,,0.03934426,61.9627,1574.8845,OK,0.0000,-2.4785,4.0000,96.0000,AG03-UNRESOLVED,ALL5_LEVELS_bet23_to_bet27,-2.4785,-2.4785,-2.4785,-2.4785,-2.4785,4.000000,4.000000,4.000000,4.000000,4.000000,96.000000,96.000000,96.000000,96.000000,96.000000,5.0,-12.3925,-11.44,-49.5701,-50.5227,PENDING_AG03,FALSE,NOT_FOR_ENFORCEMENT,-59.4842,1313.6086,-61.9627,-59.4842,-2.4785,-0.03934426,-0.03777049,-2.4785,-59.4842,-0.03777049,-2.4785,-2.4785,-2.4785,-2.4785,-2.4785,-59.4842,-0.03777049,-12.3925,-11.44,-49.5701,-50.5227,-0.03147541,-0.03208024,-0.00157377,41.4443,36.0090,-1.6306,-61.9627,-3.4424,1574.8845,38.0000,41.4443,,25.8178,25.8178,51.6356,51.6356,98.1074,129.0889,25.8178,12.2634,3.799995,5.0,1.605263,16,15,1,2,1.00000000,-0.03934426,-0.03934426,0E-8,0.000000,0.868852,0.000000,,2026-07-23,2026-07-23,1,18,16,1,1.000000,,1.000000,3.333333,,,,,,,,GLOBAL_BASELINE_NO_ENTITY_RANKING,,,NOT_APPLICABLE_GLOBAL_BASELINE,HF9g-P5,,,,X 全窗基线 · 不参与实体赏罚,3924157,393,A168_HF9F_20260827_0900,2026-08-27 09:00:00
2026-07-23,122759456,2093,0,51.6355562440,-51.6355562440,-51.6355562440,0E-7,1,1,0.50665070000000000,0.506650700000,-1.013391052207602,-1.013391052207602,-1.013391052207602,0E-17,ELIGIBLE,R03b_20260811_FULL_v1,L1_ELIGIBILITY,v2026-08-11,2026-03-21..2026-08-06,baccarat_bet02_101_all_pairs_incl_sentinel,round_win = game_pnl > 0 (decisive only),COMPATIBILITY_ONLY_NOT_PRODUCTION,1574.8845,1368.3422,-61.9627,38,38,0.03934426,0.03934426,,0.03934426,61.9627,1574.8845,OK,0.0000,-2.4785,4.0000,96.0000,AG03-UNRESOLVED,ALL5_LEVELS_bet23_to_bet27,-2.4785,-2.4785,-2.4785,-2.4785,-2.4785,4.000000,4.000000,4.000000,4.000000,4.000000,96.000000,96.000000,96.000000,96.000000,96.000000,5.0,-12.3925,-11.44,-49.5701,-50.5227,PENDING_AG03,FALSE,NOT_FOR_ENFORCEMENT,-59.4842,1313.6086,-61.9627,-59.4842,-2.4785,-0.03934426,-0.03777049,-2.4785,-59.4842,-0.03777049,-2.4785,-2.4785,-2.4785,-2.4785,-2.4785,-59.4842,-0.03777049,-12.3925,-11.44,-49.5701,-50.5227,-0.03147541,-0.03208024,-0.00157377,41.4443,36.0090,-1.6306,-61.9627,-3.4424,1574.8845,38.0000,41.4443,,25.8178,25.8178,51.6356,51.6356,98.1074,129.0889,25.8178,12.2634,3.799995,5.0,1.605263,16,15,1,2,1.00000000,-0.03934426,-0.03934426,0E-8,0.000000,0.868852,0.000000,,2026-07-23,2026-07-23,1,18,16,1,1.000000,,1.000000,3.333333,,,,,,,,GLOBAL_BASELINE_NO_ENTITY_RANKING,,,NOT_APPLICABLE_GLOBAL_BASELINE,HF9g-P5,,,,X 全窗基线 · 不参与实体赏罚,3924158,393,A168_HF9F_20260827_0900,2026-08-27 09:00:00
2026-07-23,122759456,2147,0,77.4533343660,50.3446673379,50.3446673379,1.0000000,3,3,0.50218230000000000,0.502182300000,1.4080544974538591,1.4080544974538591,1.4080544974538591,0E-17,ELIGIBLE,R03b_20260811_FULL_v1,L1_ELIGIBILITY,v2026-08-11,2026-03-21..2026-08-06,baccarat_bet02_101_all_pairs_incl_sentinel,round_win = game_pnl > 0 (decisive only),COMPATIBILITY_ONLY_NOT_PRODUCTION,1574.8845,1368.3422,-61.9627,38,38,0.03934426,0.03934426,,0.03934426,61.9627,1574.8845,OK,0.0000,-2.4785,4.0000,96.0000,AG03-UNRESOLVED,ALL5_LEVELS_bet23_to_bet27,-2.4785,-2.4785,-2.4785,-2.4785,-2.4785,4.000000,4.000000,4.000000,4.000000,4.000000,96.000000,96.000000,96.000000,96.000000,96.000000,5.0,-12.3925,-11.44,-49.5701,-50.5227,PENDING_AG03,FALSE,NOT_FOR_ENFORCEMENT,-59.4842,1313.6086,-61.9627,-59.4842,-2.4785,-0.03934426,-0.03777049,-2.4785,-59.4842,-0.03777049,-2.4785,-2.4785,-2.4785,-2.4785,-2.4785,-59.4842,-0.03777049,-12.3925,-11.44,-49.5701,-50.5227,-0.03147541,-0.03208024,-0.00157377,41.4443,36.0090,-1.6306,-61.9627,-3.4424,1574.8845,38.0000,41.4443,,25.8178,25.8178,51.6356,51.6356,98.1074,129.0889,25.8178,12.2634,3.799995,5.0,1.605263,16,15,1,2,1.00000000,-0.03934426,-0.03934426,0E-8,0.000000,0.868852,0.000000,,2026-07-23,2026-07-23,1,18,16,1,1.000000,,1.000000,3.333333,,,,,,,,GLOBAL_BASELINE_NO_ENTITY_RANKING,,,NOT_APPLICABLE_GLOBAL_BASELINE,HF9g-P5,,,,X 全窗基线 · 不参与实体赏罚,3924159,393,A168_HF9F_20260827_0900,2026-08-27 09:00:00
2026-07-23,122759456,2153,0,206.5422249760,51.6355562440,51.6355562440,0.6666667,4,4,0.49324550000000000,0.493245500000,0.6008033672792107,0.6008033672792106,0.6008033672792107,0E-17,ELIGIBLE,R03b_20260811_FULL_v1,L1_ELIGIBILITY,v2026-08-11,2026-03-21..2026-08-06,baccarat_bet02_101_all_pairs_incl_sentinel,round_win = game_pnl > 0 (decisive only),COMPATIBILITY_ONLY_NOT_PRODUCTION,1574.8845,1368.3422,-61.9627,38,38,0.03934426,0.03934426,,0.03934426,61.9627,1574.8845,OK,0.0000,-2.4785,4.0000,96.0000,AG03-UNRESOLVED,ALL5_LEVELS_bet23_to_bet27,-2.4785,-2.4785,-2.4785,-2.4785,-2.4785,4.000000,4.000000,4.000000,4.000000,4.000000,96.000000,96.000000,96.000000,96.000000,96.000000,5.0,-12.3925,-11.44,-49.5701,-50.5227,PENDING_AG03,FALSE,NOT_FOR_ENFORCEMENT,-59.4842,1313.6086,-61.9627,-59.4842,-2.4785,-0.03934426,-0.03777049,-2.4785,-59.4842,-0.03777049,-2.4785,-2.4785,-2.4785,-2.4785,-2.4785,-59.4842,-0.03777049,-12.3925,-11.44,-49.5701,-50.5227,-0.03147541,-0.03208024,-0.00157377,41.4443,36.0090,-1.6306,-61.9627,-3.4424,1574.8845,38.0000,41.4443,,25.8178,25.8178,51.6356,51.6356,98.1074,129.0889,25.8178,12.2634,3.799995,5.0,1.605263,16,15,1,2,1.00000000,-0.03934426,-0.03934426,0E-8,0.000000,0.868852,0.000000,,2026-07-23,2026-07-23,1,18,16,1,1.000000,,1.000000,3.333333,,,,,,,,GLOBAL_BASELINE_NO_ENTITY_RANKING,,,NOT_APPLICABLE_GLOBAL_BASELINE,HF9g-P5,,,,X 全窗基线 · 不参与实体赏罚,3924160,393,A168_HF9F_20260827_0900,2026-08-27 09:00:00
2026-07-23,122759456,2156,0,51.6355562440,0E-10,0E-10,0.5000000,2,2,0.49994810000000000,0.499948100000,0.00014679536856514622,0.00014679536856514622,0.00014679536856514622,0E-17,ELIGIBLE,R03b_20260811_FULL_v1,L1_ELIGIBILITY,v2026-08-11,2026-03-21..2026-08-06,baccarat_bet02_101_all_pairs_incl_sentinel,round_win = game_pnl > 0 (decisive only),COMPATIBILITY_ONLY_NOT_PRODUCTION,1574.8845,1368.3422,-61.9627,38,38,0.03934426,0.03934426,,0.03934426,61.9627,1574.8845,OK,0.0000,-2.4785,4.0000,96.0000,AG03-UNRESOLVED,ALL5_LEVELS_bet23_to_bet27,-2.4785,-2.4785,-2.4785,-2.4785,-2.4785,4.000000,4.000000,4.000000,4.000000,4.000000,96.000000,96.000000,96.000000,96.000000,96.000000,5.0,-12.3925,-11.44,-49.5701,-50.5227,PENDING_AG03,FALSE,NOT_FOR_ENFORCEMENT,-59.4842,1313.6086,-61.9627,-59.4842,-2.4785,-0.03934426,-0.03777049,-2.4785,-59.4842,-0.03777049,-2.4785,-2.4785,-2.4785,-2.4785,-2.4785,-59.4842,-0.03777049,-12.3925,-11.44,-49.5701,-50.5227,-0.03147541,-0.03208024,-0.00157377,41.4443,36.0090,-1.6306,-61.9627,-3.4424,1574.8845,38.0000,41.4443,,25.8178,25.8178,51.6356,51.6356,98.1074,129.0889,25.8178,12.2634,3.799995,5.0,1.605263,16,15,1,2,1.00000000,-0.03934426,-0.03934426,0E-8,0.000000,0.868852,0.000000,,2026-07-23,2026-07-23,1,18,16,1,1.000000,,1.000000,3.333333,,,,,,,,GLOBAL_BASELINE_NO_ENTITY_RANKING,,,NOT_APPLICABLE_GLOBAL_BASELINE,HF9g-P5,,,,X 全窗基线 · 不参与实体赏罚,3924161,393,A168_HF9F_20260827_0900,2026-08-27 09:00:00
2026-07-23,122759456,2246,0,51.6355562440,51.6355562440,51.6355562440,1.0000000,1,1,0.49324550000000000,0.493245500000,1.01360149184955,1.01360149184955,1.01360149184955,0E-17,ELIGIBLE,R03b_20260811_FULL_v1,L1_ELIGIBILITY,v2026-08-11,2026-03-21..2026-08-06,baccarat_bet02_101_all_pairs_incl_sentinel,round_win = game_pnl > 0 (decisive only),COMPATIBILITY_ONLY_NOT_PRODUCTION,1574.8845,1368.3422,-61.9627,38,38,0.03934426,0.03934426,,0.03934426,61.9627,1574.8845,OK,0.0000,-2.4785,4.0000,96.0000,AG03-UNRESOLVED,ALL5_LEVELS_bet23_to_bet27,-2.4785,-2.4785,-2.4785,-2.4785,-2.4785,4.000000,4.000000,4.000000,4.000000,4.000000,96.000000,96.000000,96.000000,96.000000,96.000000,5.0,-12.3925,-11.44,-49.5701,-50.5227,PENDING_AG03,FALSE,NOT_FOR_ENFORCEMENT,-59.4842,1313.6086,-61.9627,-59.4842,-2.4785,-0.03934426,-0.03777049,-2.4785,-59.4842,-0.03777049,-2.4785,-2.4785,-2.4785,-2.4785,-2.4785,-59.4842,-0.03777049,-12.3925,-11.44,-49.5701,-50.5227,-0.03147541,-0.03208024,-0.00157377,41.4443,36.0090,-1.6306,-61.9627,-3.4424,1574.8845,38.0000,41.4443,,25.8178,25.8178,51.6356,51.6356,98.1074,129.0889,25.8178,12.2634,3.799995,5.0,1.605263,16,15,1,2,1.00000000,-0.03934426,-0.03934426,0E-8,0.000000,0.868852,0.000000,,2026-07-23,2026-07-23,1,18,16,1,1.000000,,1.000000,3.333333,,,,,,,,GLOBAL_BASELINE_NO_ENTITY_RANKING,,,NOT_APPLICABLE_GLOBAL_BASELINE,HF9g-P5,,,,X 全窗基线 · 不参与实体赏罚,3924162,393,A168_HF9F_20260827_0900,2026-08-27 09:00:00
2026-07-23,122759456,2252,0,335.6311155861,122.6344460796,122.6344460796,0.6666667,5,5,0.49860758000000000,0.498607580000,0.5821760110496081,0.5821760110496081,0.5821760110496081,0E-17,ELIGIBLE,R03b_20260811_FULL_v1,L1_ELIGIBILITY,v2026-08-11,2026-03-21..2026-08-06,baccarat_bet02_101_all_pairs_incl_sentinel,round_win = game_pnl > 0 (decisive only),COMPATIBILITY_ONLY_NOT_PRODUCTION,1574.8845,1368.3422,-61.9627,38,38,0.03934426,0.03934426,,0.03934426,61.9627,1574.8845,OK,0.0000,-2.4785,4.0000,96.0000,AG03-UNRESOLVED,ALL5_LEVELS_bet23_to_bet27,-2.4785,-2.4785,-2.4785,-2.4785,-2.4785,4.000000,4.000000,4.000000,4.000000,4.000000,96.000000,96.000000,96.000000,96.000000,96.000000,5.0,-12.3925,-11.44,-49.5701,-50.5227,PENDING_AG03,FALSE,NOT_FOR_ENFORCEMENT,-59.4842,1313.6086,-61.9627,-59.4842,-2.4785,-0.03934426,-0.03777049,-2.4785,-59.4842,-0.03777049,-2.4785,-2.4785,-2.4785,-2.4785,-2.4785,-59.4842,-0.03777049,-12.3925,-11.44,-49.5701,-50.5227,-0.03147541,-0.03208024,-0.00157377,41.4443,36.0090,-1.6306,-61.9627,-3.4424,1574.8845,38.0000,41.4443,,25.8178,25.8178,51.6356,51.6356,98.1074,129.0889,25.8178,12.2634,3.799995,5.0,1.605263,16,15,1,2,1.00000000,-0.03934426,-0.03934426,0E-8,0.000000,0.868852,0.000000,,2026-07-23,2026-07-23,1,18,16,1,1.000000,,1.000000,3.333333,,,,,,,,GLOBAL_BASELINE_NO_ENTITY_RANKING,,,NOT_APPLICABLE_GLOBAL_BASELINE,HF9g-P5,,,,X 全窗基线 · 不参与实体赏罚,3924163,393,A168_HF9F_20260827_0900,2026-08-27 09:00:00
2026-07-23,122759456,2287,0,77.4533343660,24.5268892159,24.5268892159,0.6666667,3,3,0.49771390000000000,0.497713900000,0.5852756695216578,0.5852756695216578,0.5852756695216578,0E-17,ELIGIBLE,R03b_20260811_FULL_v1,L1_ELIGIBILITY,v2026-08-11,2026-03-21..2026-08-06,baccarat_bet02_101_all_pairs_incl_sentinel,round_win = game_pnl > 0 (decisive only),COMPATIBILITY_ONLY_NOT_PRODUCTION,1574.8845,1368.3422,-61.9627,38,38,0.03934426,0.03934426,,0.03934426,61.9627,1574.8845,OK,0.0000,-2.4785,4.0000,96.0000,AG03-UNRESOLVED,ALL5_LEVELS_bet23_to_bet27,-2.4785,-2.4785,-2.4785,-2.4785,-2.4785,4.000000,4.000000,4.000000,4.000000,4.000000,96.000000,96.000000,96.000000,96.000000,96.000000,5.0,-12.3925,-11.44,-49.5701,-50.5227,PENDING_AG03,FALSE,NOT_FOR_ENFORCEMENT,-59.4842,1313.6086,-61.9627,-59.4842,-2.4785,-0.03934426,-0.03777049,-2.4785,-59.4842,-0.03777049,-2.4785,-2.4785,-2.4785,-2.4785,-2.4785,-59.4842,-0.03777049,-12.3925,-11.44,-49.5701,-50.5227,-0.03147541,-0.03208024,-0.00157377,41.4443,36.0090,-1.6306,-61.9627,-3.4424,1574.8845,38.0000,41.4443,,25.8178,25.8178,51.6356,51.6356,98.1074,129.0889,25.8178,12.2634,3.799995,5.0,1.605263,16,15,1,2,1.00000000,-0.03934426,-0.03934426,0E-8,0.000000,0.868852,0.000000,,2026-07-23,2026-07-23,1,18,16,1,1.000000,,1.000000,3.333333,,,,,,,,GLOBAL_BASELINE_NO_ENTITY_RANKING,,,NOT_APPLICABLE_GLOBAL_BASELINE,HF9g-P5,,,,X 全窗基线 · 不参与实体赏罚,3924164,393,A168_HF9F_20260827_0900,2026-08-27 09:00:00
2026-07-23,122759456,2289,0,25.8177781220,25.8177781220,25.8177781220,1.0000000,1,1,0.49324550000000000,0.493245500000,1.01360149184955,1.01360149184955,1.01360149184955,0E-17,ELIGIBLE,R03b_20260811_FULL_v1,L1_ELIGIBILITY,v2026-08-11,2026-03-21..2026-08-06,baccarat_bet02_101_all_pairs_incl_sentinel,round_win = game_pnl > 0 (decisive only),COMPATIBILITY_ONLY_NOT_PRODUCTION,1574.8845,1368.3422,-61.9627,38,38,0.03934426,0.03934426,,0.03934426,61.9627,1574.8845,OK,0.0000,-2.4785,4.0000,96.0000,AG03-UNRESOLVED,ALL5_LEVELS_bet23_to_bet27,-2.4785,-2.4785,-2.4785,-2.4785,-2.4785,4.000000,4.000000,4.000000,4.000000,4.000000,96.000000,96.000000,96.000000,96.000000,96.000000,5.0,-12.3925,-11.44,-49.5701,-50.5227,PENDING_AG03,FALSE,NOT_FOR_ENFORCEMENT,-59.4842,1313.6086,-61.9627,-59.4842,-2.4785,-0.03934426,-0.03777049,-2.4785,-59.4842,-0.03777049,-2.4785,-2.4785,-2.4785,-2.4785,-2.4785,-59.4842,-0.03777049,-12.3925,-11.44,-49.5701,-50.5227,-0.03147541,-0.03208024,-0.00157377,41.4443,36.0090,-1.6306,-61.9627,-3.4424,1574.8845,38.0000,41.4443,,25.8178,25.8178,51.6356,51.6356,98.1074,129.0889,25.8178,12.2634,3.799995,5.0,1.605263,16,15,1,2,1.00000000,-0.03934426,-0.03934426,0E-8,0.000000,0.868852,0.000000,,2026-07-23,2026-07-23,1,18,16,1,1.000000,,1.000000,3.333333,,,,,,,,GLOBAL_BASELINE_NO_ENTITY_RANKING,,,NOT_APPLICABLE_GLOBAL_BASELINE,HF9g-P5,,,,X 全窗基线 · 不参与实体赏罚,3924165,393,A168_HF9F_20260827_0900,2026-08-27 09:00:00
2026-07-23,122759456,462,0,25.8177781220,24.5268892159,24.5268892159,1.0000000,1,1,0.50665070000000000,0.506650700000,0.9867858985152569,0.9867858985152569,0.9867858985152569,0E-17,ELIGIBLE,R03b_20260811_FULL_v1,L1_ELIGIBILITY,v2026-08-11,2026-03-21..2026-08-06,baccarat_bet02_101_all_pairs_incl_sentinel,round_win = game_pnl > 0 (decisive only),COMPATIBILITY_ONLY_NOT_PRODUCTION,1574.8845,1368.3422,-61.9627,38,38,0.03934426,0.03934426,,0.03934426,61.9627,1574.8845,OK,0.0000,-2.4785,4.0000,96.0000,AG03-UNRESOLVED,ALL5_LEVELS_bet23_to_bet27,-2.4785,-2.4785,-2.4785,-2.4785,-2.4785,4.000000,4.000000,4.000000,4.000000,4.000000,96.000000,96.000000,96.000000,96.000000,96.000000,5.0,-12.3925,-11.44,-49.5701,-50.5227,PENDING_AG03,FALSE,NOT_FOR_ENFORCEMENT,-59.4842,1313.6086,-61.9627,-59.4842,-2.4785,-0.03934426,-0.03777049,-2.4785,-59.4842,-0.03777049,-2.4785,-2.4785,-2.4785,-2.4785,-2.4785,-59.4842,-0.03777049,-12.3925,-11.44,-49.5701,-50.5227,-0.03147541,-0.03208024,-0.00157377,41.4443,36.0090,-1.6306,-61.9627,-3.4424,1574.8845,38.0000,41.4443,,25.8178,25.8178,51.6356,51.6356,98.1074,129.0889,25.8178,12.2634,3.799995,5.0,1.605263,16,15,1,2,1.00000000,-0.03934426,-0.03934426,0E-8,0.000000,0.868852,0.000000,,2026-07-23,2026-07-23,1,18,16,1,1.000000,,1.000000,3.333333,,,,,,,,GLOBAL_BASELINE_NO_ENTITY_RANKING,,,NOT_APPLICABLE_GLOBAL_BASELINE,HF9g-P5,,,,X 全窗基线 · 不参与实体赏罚,3924166,393,A168_HF9F_20260827_0900,2026-08-27 09:00:00
2026-07-23,122759456,471,0,51.6355562440,0E-10,0E-10,0.5000000,2,2,0.49324550000000000,0.493245500000,0.01910635448239258,0.01910635448239258,0.01910635448239258,0E-17,ELIGIBLE,R03b_20260811_FULL_v1,L1_ELIGIBILITY,v2026-08-11,2026-03-21..2026-08-06,baccarat_bet02_101_all_pairs_incl_sentinel,round_win = game_pnl > 0 (decisive only),COMPATIBILITY_ONLY_NOT_PRODUCTION,1574.8845,1368.3422,-61.9627,38,38,0.03934426,0.03934426,,0.03934426,61.9627,1574.8845,OK,0.0000,-2.4785,4.0000,96.0000,AG03-UNRESOLVED,ALL5_LEVELS_bet23_to_bet27,-2.4785,-2.4785,-2.4785,-2.4785,-2.4785,4.000000,4.000000,4.000000,4.000000,4.000000,96.000000,96.000000,96.000000,96.000000,96.000000,5.0,-12.3925,-11.44,-49.5701,-50.5227,PENDING_AG03,FALSE,NOT_FOR_ENFORCEMENT,-59.4842,1313.6086,-61.9627,-59.4842,-2.4785,-0.03934426,-0.03777049,-2.4785,-59.4842,-0.03777049,-2.4785,-2.4785,-2.4785,-2.4785,-2.4785,-59.4842,-0.03777049,-12.3925,-11.44,-49.5701,-50.5227,-0.03147541,-0.03208024,-0.00157377,41.4443,36.0090,-1.6306,-61.9627,-3.4424,1574.8845,38.0000,41.4443,,25.8178,25.8178,51.6356,51.6356,98.1074,129.0889,25.8178,12.2634,3.799995,5.0,1.605263,16,15,1,2,1.00000000,-0.03934426,-0.03934426,0E-8,0.000000,0.868852,0.000000,,2026-07-23,2026-07-23,1,18,16,1,1.000000,,1.000000,3.333333,,,,,,,,GLOBAL_BASELINE_NO_ENTITY_RANKING,,,NOT_APPLICABLE_GLOBAL_BASELINE,HF9g-P5,,,,X 全窗基线 · 不参与实体赏罚,3924167,393,A168_HF9F_20260827_0900,2026-08-27 09:00:00
2026-07-23,122759456,529,0,25.8177781220,25.8177781220,25.8177781220,1.0000000,1,1,0.49324550000000000,0.493245500000,1.01360149184955,1.01360149184955,1.01360149184955,0E-17,ELIGIBLE,R03b_20260811_FULL_v1,L1_ELIGIBILITY,v2026-08-11,2026-03-21..2026-08-06,baccarat_bet02_101_all_pairs_incl_sentinel,round_win = game_pnl > 0 (decisive only),COMPATIBILITY_ONLY_NOT_PRODUCTION,1574.8845,1368.3422,-61.9627,38,38,0.03934426,0.03934426,,0.03934426,61.9627,1574.8845,OK,0.0000,-2.4785,4.0000,96.0000,AG03-UNRESOLVED,ALL5_LEVELS_bet23_to_bet27,-2.4785,-2.4785,-2.4785,-2.4785,-2.4785,4.000000,4.000000,4.000000,4.000000,4.000000,96.000000,96.000000,96.000000,96.000000,96.000000,5.0,-12.3925,-11.44,-49.5701,-50.5227,PENDING_AG03,FALSE,NOT_FOR_ENFORCEMENT,-59.4842,1313.6086,-61.9627,-59.4842,-2.4785,-0.03934426,-0.03777049,-2.4785,-59.4842,-0.03777049,-2.4785,-2.4785,-2.4785,-2.4785,-2.4785,-59.4842,-0.03777049,-12.3925,-11.44,-49.5701,-50.5227,-0.03147541,-0.03208024,-0.00157377,41.4443,36.0090,-1.6306,-61.9627,-3.4424,1574.8845,38.0000,41.4443,,25.8178,25.8178,51.6356,51.6356,98.1074,129.0889,25.8178,12.2634,3.799995,5.0,1.605263,16,15,1,2,1.00000000,-0.03934426,-0.03934426,0E-8,0.000000,0.868852,0.000000,,2026-07-23,2026-07-23,1,18,16,1,1.000000,,1.000000,3.333333,,,,,,,,GLOBAL_BASELINE_NO_ENTITY_RANKING,,,NOT_APPLICABLE_GLOBAL_BASELINE,HF9g-P5,,,,X 全窗基线 · 不参与实体赏罚,3924168,393,A168_HF9F_20260827_0900,2026-08-27 09:00:00
2026-05-11,149865459,1299,0,230.3978579224,103.2379590851,103.2379590851,0.7500000,17,17,0.50349653529411765,0.503496535294,1.9720759384871582,1.972075938488096,1.9720759384871582,1.1765E-13,ELIGIBLE,R03b_20260811_FULL_v1,L1_ELIGIBILITY,v2026-08-11,2026-03-21..2026-08-06,baccarat_bet02_101_all_pairs_incl_sentinel,round_win = game_pnl > 0 (decisive only),COMPATIBILITY_ONLY_NOT_PRODUCTION,591.8423,571.0857,-61.9583,53,53,0.10468725,,0.10468725,0.10468725,61.9583,591.8423,OK,0.0000,-2.4783,4.0000,96.0000,AG03-UNRESOLVED,ALL5_LEVELS_bet23_to_bet27,-2.4783,-2.4783,-2.4783,-2.4783,-2.4783,4.000000,4.000000,4.000000,4.000000,4.000000,96.000000,96.000000,96.000000,96.000000,96.000000,5.0,-12.3917,-11.4392,-49.5667,-50.5191,PENDING_AG03,FALSE,NOT_FOR_ENFORCEMENT,-59.4800,548.2423,-61.9583,-59.4800,-2.4783,-0.10468725,-0.10049976,-2.4783,-59.4800,-0.10049976,-2.4783,-2.4783,-2.4783,-2.4783,-2.4783,-59.4800,-0.10049976,-12.3917,-11.4392,-49.5667,-50.5191,-0.08374980,-0.08535913,-0.00418749,11.1668,10.7752,-1.1690,-30.9792,-12.3917,295.9211,26.5000,,11.1668,7.7837,12.9729,13.7512,15.5674,15.5674,20.6787,10.8972,5.1891,1.2,1.594,0.860785,4,6,1,2,0E-8,-0.10468725,,0E-8,0.000000,0.964929,0.000000,,2026-05-11,2026-05-16,2,5,5,6,0.333333,,,0.000000,,,,,,,,GLOBAL_BASELINE_NO_ENTITY_RANKING,,,NOT_APPLICABLE_GLOBAL_BASELINE,HF9g-P5,,,,X 全窗基线 · 不参与实体赏罚,3924169,393,A168_HF9F_20260827_0900,2026-08-27 09:00:00
2026-05-11,149865459,1951,0,142.4471080592,1.0326390480,1.0326390480,0.5000000,12,12,0.50106520000000000,0.501065200000,-0.007379938828219007,-0.007379938828219008,-0.007379938828219007,0E-17,ELIGIBLE,R03b_20260811_FULL_v1,L1_ELIGIBILITY,v2026-08-11,2026-03-21..2026-08-06,baccarat_bet02_101_all_pairs_incl_sentinel,round_win = game_pnl > 0 (decisive only),COMPATIBILITY_ONLY_NOT_PRODUCTION,591.8423,571.0857,-61.9583,53,53,0.10468725,,0.10468725,0.10468725,61.9583,591.8423,OK,0.0000,-2.4783,4.0000,96.0000,AG03-UNRESOLVED,ALL5_LEVELS_bet23_to_bet27,-2.4783,-2.4783,-2.4783,-2.4783,-2.4783,4.000000,4.000000,4.000000,4.000000,4.000000,96.000000,96.000000,96.000000,96.000000,96.000000,5.0,-12.3917,-11.4392,-49.5667,-50.5191,PENDING_AG03,FALSE,NOT_FOR_ENFORCEMENT,-59.4800,548.2423,-61.9583,-59.4800,-2.4783,-0.10468725,-0.10049976,-2.4783,-59.4800,-0.10049976,-2.4783,-2.4783,-2.4783,-2.4783,-2.4783,-59.4800,-0.10049976,-12.3917,-11.4392,-49.5667,-50.5191,-0.08374980,-0.08535913,-0.00418749,11.1668,10.7752,-1.1690,-30.9792,-12.3917,295.9211,26.5000,,11.1668,7.7837,12.9729,13.7512,15.5674,15.5674,20.6787,10.8972,5.1891,1.2,1.594,0.860785,4,6,1,2,0E-8,-0.10468725,,0E-8,0.000000,0.964929,0.000000,,2026-05-11,2026-05-16,2,5,5,6,0.333333,,,0.000000,,,,,,,,GLOBAL_BASELINE_NO_ENTITY_RANKING,,,NOT_APPLICABLE_GLOBAL_BASELINE,HF9g-P5,,,,X 全窗基线 · 不参与实体赏罚,3924170,393,A168_HF9F_20260827_0900,2026-08-27 09:00:00
2026-05-11,149865459,2218,0,58.1183785750,-13.5177121596,-13.5177121596,0.5000000,5,5,0.50128862000000000,0.501288620000,-0.0051544971185412255,-0.0051544971185412255,-0.0051544971185412255,0E-17,ELIGIBLE,R03b_20260811_FULL_v1,L1_ELIGIBILITY,v2026-08-11,2026-03-21..2026-08-06,baccarat_bet02_101_all_pairs_incl_sentinel,round_win = game_pnl > 0 (decisive only),COMPATIBILITY_ONLY_NOT_PRODUCTION,591.8423,571.0857,-61.9583,53,53,0.10468725,,0.10468725,0.10468725,61.9583,591.8423,OK,0.0000,-2.4783,4.0000,96.0000,AG03-UNRESOLVED,ALL5_LEVELS_bet23_to_bet27,-2.4783,-2.4783,-2.4783,-2.4783,-2.4783,4.000000,4.000000,4.000000,4.000000,4.000000,96.000000,96.000000,96.000000,96.000000,96.000000,5.0,-12.3917,-11.4392,-49.5667,-50.5191,PENDING_AG03,FALSE,NOT_FOR_ENFORCEMENT,-59.4800,548.2423,-61.9583,-59.4800,-2.4783,-0.10468725,-0.10049976,-2.4783,-59.4800,-0.10049976,-2.4783,-2.4783,-2.4783,-2.4783,-2.4783,-59.4800,-0.10049976,-12.3917,-11.4392,-49.5667,-50.5191,-0.08374980,-0.08535913,-0.00418749,11.1668,10.7752,-1.1690,-30.9792,-12.3917,295.9211,26.5000,,11.1668,7.7837,12.9729,13.7512,15.5674,15.5674,20.6787,10.8972,5.1891,1.2,1.594,0.860785,4,6,1,2,0E-8,-0.10468725,,0E-8,0.000000,0.964929,0.000000,,2026-05-11,2026-05-16,2,5,5,6,0.333333,,,0.000000,,,,,,,,GLOBAL_BASELINE_NO_ENTITY_RANKING,,,NOT_APPLICABLE_GLOBAL_BASELINE,HF9g-P5,,,,X 全窗基线 · 不参与实体赏罚,3924171,393,A168_HF9F_20260827_0900,2026-08-27 09:00:00
2026-05-16,149865459,1405,0,12.9728523605,-12.9728523605,-12.9728523605,0E-7,1,1,0.49324550000000000,0.493245500000,-0.9865810262130424,-0.9865810262130424,-0.9865810262130424,0E-17,ELIGIBLE,R03b_20260811_FULL_v1,L1_ELIGIBILITY,v2026-08-11,2026-03-21..2026-08-06,baccarat_bet02_101_all_pairs_incl_sentinel,round_win = game_pnl > 0 (decisive only),COMPATIBILITY_ONLY_NOT_PRODUCTION,591.8423,571.0857,-61.9583,53,53,0.10468725,,0.10468725,0.10468725,61.9583,591.8423,OK,0.0000,-2.4783,4.0000,96.0000,AG03-UNRESOLVED,ALL5_LEVELS_bet23_to_bet27,-2.4783,-2.4783,-2.4783,-2.4783,-2.4783,4.000000,4.000000,4.000000,4.000000,4.000000,96.000000,96.000000,96.000000,96.000000,96.000000,5.0,-12.3917,-11.4392,-49.5667,-50.5191,PENDING_AG03,FALSE,NOT_FOR_ENFORCEMENT,-59.4800,548.2423,-61.9583,-59.4800,-2.4783,-0.10468725,-0.10049976,-2.4783,-59.4800,-0.10049976,-2.4783,-2.4783,-2.4783,-2.4783,-2.4783,-59.4800,-0.10049976,-12.3917,-11.4392,-49.5667,-50.5191,-0.08374980,-0.08535913,-0.00418749,11.1668,10.7752,-1.1690,-30.9792,-12.3917,295.9211,26.5000,,11.1668,7.7837,12.9729,13.7512,15.5674,15.5674,20.6787,10.8972,5.1891,1.2,1.594,0.860785,4,6,1,2,0E-8,-0.10468725,,0E-8,0.000000,0.964929,0.000000,,2026-05-11,2026-05-16,2,5,5,6,0.333333,,,0.000000,,,,,,,,GLOBAL_BASELINE_NO_ENTITY_RANKING,,,NOT_APPLICABLE_GLOBAL_BASELINE,HF9g-P5,,,,X 全窗基线 · 不参与实体赏罚,3924172,393,A168_HF9F_20260827_0900,2026-08-27 09:00:00
2026-05-16,149865459,1505,0,23.3511342489,-23.3511342489,-23.3511342489,0E-7,2,2,0.50665070000000000,0.506650700000,-1.4331513700195317,-1.4331513700195317,-1.4331513700195317,0E-17,ELIGIBLE,R03b_20260811_FULL_v1,L1_ELIGIBILITY,v2026-08-11,2026-03-21..2026-08-06,baccarat_bet02_101_all_pairs_incl_sentinel,round_win = game_pnl > 0 (decisive only),COMPATIBILITY_ONLY_NOT_PRODUCTION,591.8423,571.0857,-61.9583,53,53,0.10468725,,0.10468725,0.10468725,61.9583,591.8423,OK,0.0000,-2.4783,4.0000,96.0000,AG03-UNRESOLVED,ALL5_LEVELS_bet23_to_bet27,-2.4783,-2.4783,-2.4783,-2.4783,-2.4783,4.000000,4.000000,4.000000,4.000000,4.000000,96.000000,96.000000,96.000000,96.000000,96.000000,5.0,-12.3917,-11.4392,-49.5667,-50.5191,PENDING_AG03,FALSE,NOT_FOR_ENFORCEMENT,-59.4800,548.2423,-61.9583,-59.4800,-2.4783,-0.10468725,-0.10049976,-2.4783,-59.4800,-0.10049976,-2.4783,-2.4783,-2.4783,-2.4783,-2.4783,-59.4800,-0.10049976,-12.3917,-11.4392,-49.5667,-50.5191,-0.08374980,-0.08535913,-0.00418749,11.1668,10.7752,-1.1690,-30.9792,-12.3917,295.9211,26.5000,,11.1668,7.7837,12.9729,13.7512,15.5674,15.5674,20.6787,10.8972,5.1891,1.2,1.594,0.860785,4,6,1,2,0E-8,-0.10468725,,0E-8,0.000000,0.964929,0.000000,,2026-05-11,2026-05-16,2,5,5,6,0.333333,,,0.000000,,,,,,,,GLOBAL_BASELINE_NO_ENTITY_RANKING,,,NOT_APPLICABLE_GLOBAL_BASELINE,HF9g-P5,,,,X 全窗基线 · 不参与实体赏罚,3924173,393,A168_HF9F_20260827_0900,2026-08-27 09:00:00
2026-05-16,149865459,2127,0,124.5549500837,7.5294435101,7.5294435101,0.5625000,16,16,0.49408332500000000,0.494083325000,0.5473717250727885,0.5473717250727885,0.5473717250727885,0E-17,ELIGIBLE,R03b_20260811_FULL_v1,L1_ELIGIBILITY,v2026-08-11,2026-03-21..2026-08-06,baccarat_bet02_101_all_pairs_incl_sentinel,round_win = game_pnl > 0 (decisive only),COMPATIBILITY_ONLY_NOT_PRODUCTION,591.8423,571.0857,-61.9583,53,53,0.10468725,,0.10468725,0.10468725,61.9583,591.8423,OK,0.0000,-2.4783,4.0000,96.0000,AG03-UNRESOLVED,ALL5_LEVELS_bet23_to_bet27,-2.4783,-2.4783,-2.4783,-2.4783,-2.4783,4.000000,4.000000,4.000000,4.000000,4.000000,96.000000,96.000000,96.000000,96.000000,96.000000,5.0,-12.3917,-11.4392,-49.5667,-50.5191,PENDING_AG03,FALSE,NOT_FOR_ENFORCEMENT,-59.4800,548.2423,-61.9583,-59.4800,-2.4783,-0.10468725,-0.10049976,-2.4783,-59.4800,-0.10049976,-2.4783,-2.4783,-2.4783,-2.4783,-2.4783,-59.4800,-0.10049976,-12.3917,-11.4392,-49.5667,-50.5191,-0.08374980,-0.08535913,-0.00418749,11.1668,10.7752,-1.1690,-30.9792,-12.3917,295.9211,26.5000,,11.1668,7.7837,12.9729,13.7512,15.5674,15.5674,20.6787,10.8972,5.1891,1.2,1.594,0.860785,4,6,1,2,0E-8,-0.10468725,,0E-8,0.000000,0.964929,0.000000,,2026-05-11,2026-05-16,2,5,5,6,0.333333,,,0.000000,,,,,,,,GLOBAL_BASELINE_NO_ENTITY_RANKING,,,NOT_APPLICABLE_GLOBAL_BASELINE,HF9g-P5,,,,X 全窗基线 · 不参与实体赏罚,3924174,393,A168_HF9F_20260827_0900,2026-08-27 09:00:00
2026-07-03,146547437,994,0,90.3622234270,61.3172230398,61.3172230398,1.0000000,4,4,0.49994810000000000,0.499948100000,1.4143603653603398,1.4143603653603398,1.4143603653603398,0E-17,ELIGIBLE,R03b_20260811_FULL_v1,L1_ELIGIBILITY,v2026-08-11,2026-03-21..2026-08-06,baccarat_bet02_101_all_pairs_incl_sentinel,round_win = game_pnl > 0 (decisive only),COMPATIBILITY_ONLY_NOT_PRODUCTION,90.3622,64.5444,-61.3172,4,4,0.67857143,,0.67857143,0.67857143,61.3172,90.3622,THIN_EXPOSURE,0.0000,-1.8395,3.0000,97.0000,AG03-UNRESOLVED,ALL5_LEVELS_bet23_to_bet27,-1.8395,-1.8395,-1.8395,-2.4527,-2.4527,3.000000,3.000000,3.000000,4.000000,4.000000,97.000000,97.000000,97.000000,96.000000,96.000000,5.0,-10.4239,-9.7421,-50.8933,-51.5751,PENDING_AG03,FALSE,NOT_FOR_ENFORCEMENT,-59.4777,62.6081,-61.3172,-59.4777,-1.8395,-0.67857143,-0.65821429,-1.8395,-59.4777,-0.65821429,-1.8395,-1.8395,-1.8395,-2.4527,-2.4527,-59.4777,-0.65821429,-10.4239,-9.7421,-50.8933,-51.5751,-0.56321429,-0.57075962,-0.02035714,22.5906,16.1361,-15.3293,-61.3172,-61.3172,90.3622,4.0000,,22.5906,12.9089,12.9089,32.2722,51.6356,51.6356,51.6356,6.4544,6.1317,4.0,4.0,1.75,1,1,1,2,0E-8,-0.67857143,,0E-8,0.000000,0.714286,0.000000,,2026-07-03,2026-07-03,1,1,1,1,1.000000,,,0.000000,,,,,,,,GLOBAL_BASELINE_NO_ENTITY_RANKING,,,NOT_APPLICABLE_GLOBAL_BASELINE,HF9g-P5,,,,X 全窗基线 · 不参与实体赏罚,3924175,393,A168_HF9F_20260827_0900,2026-08-27 09:00:00
2026-07-21,153278549,-1,1,51.6355562440,0E-10,0E-10,,3,3,0.49771390000000000,0.497713900000,,,,0E-17,SENTINEL_DEALER,R03b_20260811_FULL_v1,L1_ELIGIBILITY,v2026-08-11,2026-03-21..2026-08-06,baccarat_bet02_101_all_pairs_incl_sentinel,round_win = game_pnl > 0 (decisive only),COMPATIBILITY_ONLY_NOT_PRODUCTION,116.1800,64.5444,-61.3172,6,6,0.52777778,0.52777778,,0.52777778,61.3172,116.1800,THIN_EXPOSURE,0.0000,-1.8395,3.0000,97.0000,AG03-UNRESOLVED,ALL5_LEVELS_bet23_to_bet27,-1.8395,-1.8395,-1.8395,-2.4527,-2.4527,3.000000,3.000000,3.000000,4.000000,4.000000,97.000000,97.000000,97.000000,96.000000,96.000000,5.0,-10.4239,-9.7421,-50.8933,-51.5751,PENDING_AG03,FALSE,NOT_FOR_ENFORCEMENT,-59.4777,62.6081,-61.3172,-59.4777,-1.8395,-0.52777778,-0.51194444,-1.8395,-59.4777,-0.51194444,-1.8395,-1.8395,-1.8395,-2.4527,-2.4527,-59.4777,-0.51194444,-10.4239,-9.7421,-50.8933,-51.5751,-0.43805556,-0.44392415,-0.01583333,19.3633,10.7574,-10.2195,-61.3172,-10.2195,116.1800,6.0000,19.3633,,12.9089,19.3633,25.8178,25.8178,25.8178,25.8178,6.4544,6.1317,1.333333,1.333333,1.0,6,4,1,2,1.00000000,-0.52777778,-0.52777778,0E-8,0.000000,0.555556,0.000000,,2026-07-21,2026-07-21,1,6,6,1,1.000000,,1.000000,3.333333,,,,,,,,GLOBAL_BASELINE_NO_ENTITY_RANKING,,,NOT_APPLICABLE_GLOBAL_BASELINE,HF9g-P5,,,,X 全窗基线 · 不参与实体赏罚,3924176,393,A168_HF9F_20260827_0900,2026-08-27 09:00:00
2026-07-21,153278549,1307,0,25.8177781220,24.5268892159,24.5268892159,1.0000000,1,1,0.50665070000000000,0.506650700000,0.9867858985152569,0.9867858985152569,0.9867858985152569,0E-17,ELIGIBLE,R03b_20260811_FULL_v1,L1_ELIGIBILITY,v2026-08-11,2026-03-21..2026-08-06,baccarat_bet02_101_all_pairs_incl_sentinel,round_win = game_pnl > 0 (decisive only),COMPATIBILITY_ONLY_NOT_PRODUCTION,116.1800,64.5444,-61.3172,6,6,0.52777778,0.52777778,,0.52777778,61.3172,116.1800,THIN_EXPOSURE,0.0000,-1.8395,3.0000,97.0000,AG03-UNRESOLVED,ALL5_LEVELS_bet23_to_bet27,-1.8395,-1.8395,-1.8395,-2.4527,-2.4527,3.000000,3.000000,3.000000,4.000000,4.000000,97.000000,97.000000,97.000000,96.000000,96.000000,5.0,-10.4239,-9.7421,-50.8933,-51.5751,PENDING_AG03,FALSE,NOT_FOR_ENFORCEMENT,-59.4777,62.6081,-61.3172,-59.4777,-1.8395,-0.52777778,-0.51194444,-1.8395,-59.4777,-0.51194444,-1.8395,-1.8395,-1.8395,-2.4527,-2.4527,-59.4777,-0.51194444,-10.4239,-9.7421,-50.8933,-51.5751,-0.43805556,-0.44392415,-0.01583333,19.3633,10.7574,-10.2195,-61.3172,-10.2195,116.1800,6.0000,19.3633,,12.9089,19.3633,25.8178,25.8178,25.8178,25.8178,6.4544,6.1317,1.333333,1.333333,1.0,6,4,1,2,1.00000000,-0.52777778,-0.52777778,0E-8,0.000000,0.555556,0.000000,,2026-07-21,2026-07-21,1,6,6,1,1.000000,,1.000000,3.333333,,,,,,,,GLOBAL_BASELINE_NO_ENTITY_RANKING,,,NOT_APPLICABLE_GLOBAL_BASELINE,HF9g-P5,,,,X 全窗基线 · 不参与实体赏罚,3924177,393,A168_HF9F_20260827_0900,2026-08-27 09:00:00
2026-07-21,153278549,2288,0,25.8177781220,24.5268892159,24.5268892159,1.0000000,1,1,0.50665070000000000,0.506650700000,0.9867858985152569,0.9867858985152569,0.9867858985152569,0E-17,ELIGIBLE,R03b_20260811_FULL_v1,L1_ELIGIBILITY,v2026-08-11,2026-03-21..2026-08-06,baccarat_bet02_101_all_pairs_incl_sentinel,round_win = game_pnl > 0 (decisive only),COMPATIBILITY_ONLY_NOT_PRODUCTION,116.1800,64.5444,-61.3172,6,6,0.52777778,0.52777778,,0.52777778,61.3172,116.1800,THIN_EXPOSURE,0.0000,-1.8395,3.0000,97.0000,AG03-UNRESOLVED,ALL5_LEVELS_bet23_to_bet27,-1.8395,-1.8395,-1.8395,-2.4527,-2.4527,3.000000,3.000000,3.000000,4.000000,4.000000,97.000000,97.000000,97.000000,96.000000,96.000000,5.0,-10.4239,-9.7421,-50.8933,-51.5751,PENDING_AG03,FALSE,NOT_FOR_ENFORCEMENT,-59.4777,62.6081,-61.3172,-59.4777,-1.8395,-0.52777778,-0.51194444,-1.8395,-59.4777,-0.51194444,-1.8395,-1.8395,-1.8395,-2.4527,-2.4527,-59.4777,-0.51194444,-10.4239,-9.7421,-50.8933,-51.5751,-0.43805556,-0.44392415,-0.01583333,19.3633,10.7574,-10.2195,-61.3172,-10.2195,116.1800,6.0000,19.3633,,12.9089,19.3633,25.8178,25.8178,25.8178,25.8178,6.4544,6.1317,1.333333,1.333333,1.0,6,4,1,2,1.00000000,-0.52777778,-0.52777778,0E-8,0.000000,0.555556,0.000000,,2026-07-21,2026-07-21,1,6,6,1,1.000000,,1.000000,3.333333,,,,,,,,GLOBAL_BASELINE_NO_ENTITY_RANKING,,,NOT_APPLICABLE_GLOBAL_BASELINE,HF9g-P5,,,,X 全窗基线 · 不参与实体赏罚,3924178,393,A168_HF9F_20260827_0900,2026-08-27 09:00:00
2026-07-21,153278549,789,0,12.9088890610,12.2634446080,12.2634446080,1.0000000,1,1,0.50665070000000000,0.506650700000,0.9867858985152569,0.9867858985152569,0.9867858985152569,0E-17,ELIGIBLE,R03b_20260811_FULL_v1,L1_ELIGIBILITY,v2026-08-11,2026-03-21..2026-08-06,baccarat_bet02_101_all_pairs_incl_sentinel,round_win = game_pnl > 0 (decisive only),COMPATIBILITY_ONLY_NOT_PRODUCTION,116.1800,64.5444,-61.3172,6,6,0.52777778,0.52777778,,0.52777778,61.3172,116.1800,THIN_EXPOSURE,0.0000,-1.8395,3.0000,97.0000,AG03-UNRESOLVED,ALL5_LEVELS_bet23_to_bet27,-1.8395,-1.8395,-1.8395,-2.4527,-2.4527,3.000000,3.000000,3.000000,4.000000,4.000000,97.000000,97.000000,97.000000,96.000000,96.000000,5.0,-10.4239,-9.7421,-50.8933,-51.5751,PENDING_AG03,FALSE,NOT_FOR_ENFORCEMENT,-59.4777,62.6081,-61.3172,-59.4777,-1.8395,-0.52777778,-0.51194444,-1.8395,-59.4777,-0.51194444,-1.8395,-1.8395,-1.8395,-2.4527,-2.4527,-59.4777,-0.51194444,-10.4239,-9.7421,-50.8933,-51.5751,-0.43805556,-0.44392415,-0.01583333,19.3633,10.7574,-10.2195,-61.3172,-10.2195,116.1800,6.0000,19.3633,,12.9089,19.3633,25.8178,25.8178,25.8178,25.8178,6.4544,6.1317,1.333333,1.333333,1.0,6,4,1,2,1.00000000,-0.52777778,-0.52777778,0E-8,0.000000,0.555556,0.000000,,2026-07-21,2026-07-21,1,6,6,1,1.000000,,1.000000,3.333333,,,,,,,,GLOBAL_BASELINE_NO_ENTITY_RANKING,,,NOT_APPLICABLE_GLOBAL_BASELINE,HF9g-P5,,,,X 全窗基线 · 不参与实体赏罚,3924179,393,A168_HF9F_20260827_0900,2026-08-27 09:00:00
2026-07-21,153296617,-1,1,28.3995559342,-8.2616889990,-8.2616889990,0.5000000,4,4,0.50329940000000000,0.503299400000,-0.01319788734859681,-0.01319788734859681,-0.01319788734859681,0E-17,SENTINEL_DEALER,R03b_20260811_FULL_v1,L1_ELIGIBILITY,v2026-08-11,2026-03-21..2026-08-06,baccarat_bet02_101_all_pairs_incl_sentinel,round_win = game_pnl > 0 (decisive only),COMPATIBILITY_ONLY_NOT_PRODUCTION,172.9791,163.9429,-61.3172,18,18,0.35447761,0.35447761,,0.35447761,61.3172,172.9791,THIN_EXPOSURE,0.0000,-1.8395,3.0000,97.0000,AG03-UNRESOLVED,ALL5_LEVELS_bet23_to_bet27,-1.8395,-1.8395,-1.8395,-2.4527,-2.4527,3.000000,3.000000,3.000000,4.000000,4.000000,97.000000,97.000000,97.000000,96.000000,96.000000,5.0,-10.4239,-9.7421,-50.8933,-51.5751,PENDING_AG03,FALSE,NOT_FOR_ENFORCEMENT,-59.4777,159.0246,-61.3172,-59.4777,-1.8395,-0.35447761,-0.34384328,-1.8395,-59.4777,-0.34384328,-1.8395,-1.8395,-1.8395,-2.4527,-2.4527,-59.4777,-0.34384328,-10.4239,-9.7421,-50.8933,-51.5751,-0.29421642,-0.29815801,-0.01063433,9.6100,9.1079,-3.4065,-61.3172,-7.6647,172.9791,18.0000,9.6100,,5.1636,5.1636,10.3271,13.8125,35.1122,49.0538,5.1636,4.9054,6.800003,9.5,1.861111,8,8,1,2,1.00000000,-0.35447761,-0.35447761,0E-8,0.000000,0.947761,0.000000,,2026-07-21,2026-07-21,1,8,8,1,1.000000,,1.000000,3.333333,,,,,,,,GLOBAL_BASELINE_NO_ENTITY_RANKING,,,NOT_APPLICABLE_GLOBAL_BASELINE,HF9g-P5,,,,X 全窗基线 · 不参与实体赏罚,3924180,393,A168_HF9F_20260827_0900,2026-08-27 09:00:00
2026-07-21,153296617,1330,0,5.1635556244,-5.1635556244,-5.1635556244,0E-7,1,1,0.50665070000000000,0.506650700000,-1.013391052207602,-1.013391052207602,-1.013391052207602,0E-17,ELIGIBLE,R03b_20260811_FULL_v1,L1_ELIGIBILITY,v2026-08-11,2026-03-21..2026-08-06,baccarat_bet02_101_all_pairs_incl_sentinel,round_win = game_pnl > 0 (decisive only),COMPATIBILITY_ONLY_NOT_PRODUCTION,172.9791,163.9429,-61.3172,18,18,0.35447761,0.35447761,,0.35447761,61.3172,172.9791,THIN_EXPOSURE,0.0000,-1.8395,3.0000,97.0000,AG03-UNRESOLVED,ALL5_LEVELS_bet23_to_bet27,-1.8395,-1.8395,-1.8395,-2.4527,-2.4527,3.000000,3.000000,3.000000,4.000000,4.000000,97.000000,97.000000,97.000000,96.000000,96.000000,5.0,-10.4239,-9.7421,-50.8933,-51.5751,PENDING_AG03,FALSE,NOT_FOR_ENFORCEMENT,-59.4777,159.0246,-61.3172,-59.4777,-1.8395,-0.35447761,-0.34384328,-1.8395,-59.4777,-0.34384328,-1.8395,-1.8395,-1.8395,-2.4527,-2.4527,-59.4777,-0.34384328,-10.4239,-9.7421,-50.8933,-51.5751,-0.29421642,-0.29815801,-0.01063433,9.6100,9.1079,-3.4065,-61.3172,-7.6647,172.9791,18.0000,9.6100,,5.1636,5.1636,10.3271,13.8125,35.1122,49.0538,5.1636,4.9054,6.800003,9.5,1.861111,8,8,1,2,1.00000000,-0.35447761,-0.35447761,0E-8,0.000000,0.947761,0.000000,,2026-07-21,2026-07-21,1,8,8,1,1.000000,,1.000000,3.333333,,,,,,,,GLOBAL_BASELINE_NO_ENTITY_RANKING,,,NOT_APPLICABLE_GLOBAL_BASELINE,HF9g-P5,,,,X 全窗基线 · 不参与实体赏罚,3924181,393,A168_HF9F_20260827_0900,2026-08-27 09:00:00
2026-07-21,153296617,1401,0,5.1635556244,-5.1635556244,-5.1635556244,0E-7,1,1,0.50665070000000000,0.506650700000,-1.013391052207602,-1.013391052207602,-1.013391052207602,0E-17,ELIGIBLE,R03b_20260811_FULL_v1,L1_ELIGIBILITY,v2026-08-11,2026-03-21..2026-08-06,baccarat_bet02_101_all_pairs_incl_sentinel,round_win = game_pnl > 0 (decisive only),COMPATIBILITY_ONLY_NOT_PRODUCTION,172.9791,163.9429,-61.3172,18,18,0.35447761,0.35447761,,0.35447761,61.3172,172.9791,THIN_EXPOSURE,0.0000,-1.8395,3.0000,97.0000,AG03-UNRESOLVED,ALL5_LEVELS_bet23_to_bet27,-1.8395,-1.8395,-1.8395,-2.4527,-2.4527,3.000000,3.000000,3.000000,4.000000,4.000000,97.000000,97.000000,97.000000,96.000000,96.000000,5.0,-10.4239,-9.7421,-50.8933,-51.5751,PENDING_AG03,FALSE,NOT_FOR_ENFORCEMENT,-59.4777,159.0246,-61.3172,-59.4777,-1.8395,-0.35447761,-0.34384328,-1.8395,-59.4777,-0.34384328,-1.8395,-1.8395,-1.8395,-2.4527,-2.4527,-59.4777,-0.34384328,-10.4239,-9.7421,-50.8933,-51.5751,-0.29421642,-0.29815801,-0.01063433,9.6100,9.1079,-3.4065,-61.3172,-7.6647,172.9791,18.0000,9.6100,,5.1636,5.1636,10.3271,13.8125,35.1122,49.0538,5.1636,4.9054,6.800003,9.5,1.861111,8,8,1,2,1.00000000,-0.35447761,-0.35447761,0E-8,0.000000,0.947761,0.000000,,2026-07-21,2026-07-21,1,8,8,1,1.000000,,1.000000,3.333333,,,,,,,,GLOBAL_BASELINE_NO_ENTITY_RANKING,,,NOT_APPLICABLE_GLOBAL_BASELINE,HF9g-P5,,,,X 全窗基线 · 不参与实体赏罚,3924182,393,A168_HF9F_20260827_0900,2026-08-27 09:00:00
2026-07-21,153296617,1507,0,5.1635556244,-5.1635556244,-5.1635556244,0E-7,1,1,0.49324550000000000,0.493245500000,-0.9865810262130424,-0.9865810262130424,-0.9865810262130424,0E-17,ELIGIBLE,R03b_20260811_FULL_v1,L1_ELIGIBILITY,v2026-08-11,2026-03-21..2026-08-06,baccarat_bet02_101_all_pairs_incl_sentinel,round_win = game_pnl > 0 (decisive only),COMPATIBILITY_ONLY_NOT_PRODUCTION,172.9791,163.9429,-61.3172,18,18,0.35447761,0.35447761,,0.35447761,61.3172,172.9791,THIN_EXPOSURE,0.0000,-1.8395,3.0000,97.0000,AG03-UNRESOLVED,ALL5_LEVELS_bet23_to_bet27,-1.8395,-1.8395,-1.8395,-2.4527,-2.4527,3.000000,3.000000,3.000000,4.000000,4.000000,97.000000,97.000000,97.000000,96.000000,96.000000,5.0,-10.4239,-9.7421,-50.8933,-51.5751,PENDING_AG03,FALSE,NOT_FOR_ENFORCEMENT,-59.4777,159.0246,-61.3172,-59.4777,-1.8395,-0.35447761,-0.34384328,-1.8395,-59.4777,-0.34384328,-1.8395,-1.8395,-1.8395,-2.4527,-2.4527,-59.4777,-0.34384328,-10.4239,-9.7421,-50.8933,-51.5751,-0.29421642,-0.29815801,-0.01063433,9.6100,9.1079,-3.4065,-61.3172,-7.6647,172.9791,18.0000,9.6100,,5.1636,5.1636,10.3271,13.8125,35.1122,49.0538,5.1636,4.9054,6.800003,9.5,1.861111,8,8,1,2,1.00000000,-0.35447761,-0.35447761,0E-8,0.000000,0.947761,0.000000,,2026-07-21,2026-07-21,1,8,8,1,1.000000,,1.000000,3.333333,,,,,,,,GLOBAL_BASELINE_NO_ENTITY_RANKING,,,NOT_APPLICABLE_GLOBAL_BASELINE,HF9g-P5,,,,X 全窗基线 · 不参与实体赏罚,3924183,393,A168_HF9F_20260827_0900,2026-08-27 09:00:00
2026-07-21,153296617,2156,0,52.9264451501,31.3686004183,31.3686004183,0.8571429,7,7,0.50090561428571429,0.500905614286,1.8850333966533306,1.8850333966518211,1.8850333966533306,-2.8571E-13,ELIGIBLE,R03b_20260811_FULL_v1,L1_ELIGIBILITY,v2026-08-11,2026-03-21..2026-08-06,baccarat_bet02_101_all_pairs_incl_sentinel,round_win = game_pnl > 0 (decisive only),COMPATIBILITY_ONLY_NOT_PRODUCTION,172.9791,163.9429,-61.3172,18,18,0.35447761,0.35447761,,0.35447761,61.3172,172.9791,THIN_EXPOSURE,0.0000,-1.8395,3.0000,97.0000,AG03-UNRESOLVED,ALL5_LEVELS_bet23_to_bet27,-1.8395,-1.8395,-1.8395,-2.4527,-2.4527,3.000000,3.000000,3.000000,4.000000,4.000000,97.000000,97.000000,97.000000,96.000000,96.000000,5.0,-10.4239,-9.7421,-50.8933,-51.5751,PENDING_AG03,FALSE,NOT_FOR_ENFORCEMENT,-59.4777,159.0246,-61.3172,-59.4777,-1.8395,-0.35447761,-0.34384328,-1.8395,-59.4777,-0.34384328,-1.8395,-1.8395,-1.8395,-2.4527,-2.4527,-59.4777,-0.34384328,-10.4239,-9.7421,-50.8933,-51.5751,-0.29421642,-0.29815801,-0.01063433,9.6100,9.1079,-3.4065,-61.3172,-7.6647,172.9791,18.0000,9.6100,,5.1636,5.1636,10.3271,13.8125,35.1122,49.0538,5.1636,4.9054,6.800003,9.5,1.861111,8,8,1,2,1.00000000,-0.35447761,-0.35447761,0E-8,0.000000,0.947761,0.000000,,2026-07-21,2026-07-21,1,8,8,1,1.000000,,1.000000,3.333333,,,,,,,,GLOBAL_BASELINE_NO_ENTITY_RANKING,,,NOT_APPLICABLE_GLOBAL_BASELINE,HF9g-P5,,,,X 全窗基线 · 不参与实体赏罚,3924184,393,A168_HF9F_20260827_0900,2026-08-27 09:00:00
2026-07-21,153296617,2250,0,5.1635556244,-5.1635556244,-5.1635556244,0E-7,1,1,0.50665070000000000,0.506650700000,-1.013391052207602,-1.013391052207602,-1.013391052207602,0E-17,ELIGIBLE,R03b_20260811_FULL_v1,L1_ELIGIBILITY,v2026-08-11,2026-03-21..2026-08-06,baccarat_bet02_101_all_pairs_incl_sentinel,round_win = game_pnl > 0 (decisive only),COMPATIBILITY_ONLY_NOT_PRODUCTION,172.9791,163.9429,-61.3172,18,18,0.35447761,0.35447761,,0.35447761,61.3172,172.9791,THIN_EXPOSURE,0.0000,-1.8395,3.0000,97.0000,AG03-UNRESOLVED,ALL5_LEVELS_bet23_to_bet27,-1.8395,-1.8395,-1.8395,-2.4527,-2.4527,3.000000,3.000000,3.000000,4.000000,4.000000,97.000000,97.000000,97.000000,96.000000,96.000000,5.0,-10.4239,-9.7421,-50.8933,-51.5751,PENDING_AG03,FALSE,NOT_FOR_ENFORCEMENT,-59.4777,159.0246,-61.3172,-59.4777,-1.8395,-0.35447761,-0.34384328,-1.8395,-59.4777,-0.34384328,-1.8395,-1.8395,-1.8395,-2.4527,-2.4527,-59.4777,-0.34384328,-10.4239,-9.7421,-50.8933,-51.5751,-0.29421642,-0.29815801,-0.01063433,9.6100,9.1079,-3.4065,-61.3172,-7.6647,172.9791,18.0000,9.6100,,5.1636,5.1636,10.3271,13.8125,35.1122,49.0538,5.1636,4.9054,6.800003,9.5,1.861111,8,8,1,2,1.00000000,-0.35447761,-0.35447761,0E-8,0.000000,0.947761,0.000000,,2026-07-21,2026-07-21,1,8,8,1,1.000000,,1.000000,3.333333,,,,,,,,GLOBAL_BASELINE_NO_ENTITY_RANKING,,,NOT_APPLICABLE_GLOBAL_BASELINE,HF9g-P5,,,,X 全窗基线 · 不参与实体赏罚,3924185,393,A168_HF9F_20260827_0900,2026-08-27 09:00:00
2026-07-21,153296617,2289,0,49.0537784318,46.6010895102,46.6010895102,1.0000000,1,1,0.50665070000000000,0.506650700000,0.9867858985152569,0.9867858985152569,0.9867858985152569,0E-17,ELIGIBLE,R03b_20260811_FULL_v1,L1_ELIGIBILITY,v2026-08-11,2026-03-21..2026-08-06,baccarat_bet02_101_all_pairs_incl_sentinel,round_win = game_pnl > 0 (decisive only),COMPATIBILITY_ONLY_NOT_PRODUCTION,172.9791,163.9429,-61.3172,18,18,0.35447761,0.35447761,,0.35447761,61.3172,172.9791,THIN_EXPOSURE,0.0000,-1.8395,3.0000,97.0000,AG03-UNRESOLVED,ALL5_LEVELS_bet23_to_bet27,-1.8395,-1.8395,-1.8395,-2.4527,-2.4527,3.000000,3.000000,3.000000,4.000000,4.000000,97.000000,97.000000,97.000000,96.000000,96.000000,5.0,-10.4239,-9.7421,-50.8933,-51.5751,PENDING_AG03,FALSE,NOT_FOR_ENFORCEMENT,-59.4777,159.0246,-61.3172,-59.4777,-1.8395,-0.35447761,-0.34384328,-1.8395,-59.4777,-0.34384328,-1.8395,-1.8395,-1.8395,-2.4527,-2.4527,-59.4777,-0.34384328,-10.4239,-9.7421,-50.8933,-51.5751,-0.29421642,-0.29815801,-0.01063433,9.6100,9.1079,-3.4065,-61.3172,-7.6647,172.9791,18.0000,9.6100,,5.1636,5.1636,10.3271,13.8125,35.1122,49.0538,5.1636,4.9054,6.800003,9.5,1.861111,8,8,1,2,1.00000000,-0.35447761,-0.35447761,0E-8,0.000000,0.947761,0.000000,,2026-07-21,2026-07-21,1,8,8,1,1.000000,,1.000000,3.333333,,,,,,,,GLOBAL_BASELINE_NO_ENTITY_RANKING,,,NOT_APPLICABLE_GLOBAL_BASELINE,HF9g-P5,,,,X 全窗基线 · 不参与实体赏罚,3924186,393,A168_HF9F_20260827_0900,2026-08-27 09:00:00
2026-07-21,153296617,948,0,21.9451114037,12.2634446080,12.2634446080,1.0000000,2,2,0.49994810000000000,0.499948100000,1.0001038053877793,1.0001038053877793,1.0001038053877793,0E-17,ELIGIBLE,R03b_20260811_FULL_v1,L1_ELIGIBILITY,v2026-08-11,2026-03-21..2026-08-06,baccarat_bet02_101_all_pairs_incl_sentinel,round_win = game_pnl > 0 (decisive only),COMPATIBILITY_ONLY_NOT_PRODUCTION,172.9791,163.9429,-61.3172,18,18,0.35447761,0.35447761,,0.35447761,61.3172,172.9791,THIN_EXPOSURE,0.0000,-1.8395,3.0000,97.0000,AG03-UNRESOLVED,ALL5_LEVELS_bet23_to_bet27,-1.8395,-1.8395,-1.8395,-2.4527,-2.4527,3.000000,3.000000,3.000000,4.000000,4.000000,97.000000,97.000000,97.000000,96.000000,96.000000,5.0,-10.4239,-9.7421,-50.8933,-51.5751,PENDING_AG03,FALSE,NOT_FOR_ENFORCEMENT,-59.4777,159.0246,-61.3172,-59.4777,-1.8395,-0.35447761,-0.34384328,-1.8395,-59.4777,-0.34384328,-1.8395,-1.8395,-1.8395,-2.4527,-2.4527,-59.4777,-0.34384328,-10.4239,-9.7421,-50.8933,-51.5751,-0.29421642,-0.29815801,-0.01063433,9.6100,9.1079,-3.4065,-61.3172,-7.6647,172.9791,18.0000,9.6100,,5.1636,5.1636,10.3271,13.8125,35.1122,49.0538,5.1636,4.9054,6.800003,9.5,1.861111,8,8,1,2,1.00000000,-0.35447761,-0.35447761,0E-8,0.000000,0.947761,0.000000,,2026-07-21,2026-07-21,1,8,8,1,1.000000,,1.000000,3.333333,,,,,,,,GLOBAL_BASELINE_NO_ENTITY_RANKING,,,NOT_APPLICABLE_GLOBAL_BASELINE,HF9g-P5,,,,X 全窗基线 · 不参与实体赏罚,3924187,393,A168_HF9F_20260827_0900,2026-08-27 09:00:00
2026-07-13,152959730,-1,1,51.6355562440,23.8814447629,23.8814447629,0.6666667,3,3,0.50665070000000000,0.506650700000,0.5543606114942035,0.5543606114942035,0.5543606114942035,0E-17,SENTINEL_DEALER,R03b_20260811_FULL_v1,L1_ELIGIBILITY,v2026-08-11,2026-03-21..2026-08-06,baccarat_bet02_101_all_pairs_incl_sentinel,round_win = game_pnl > 0 (decisive only),COMPATIBILITY_ONLY_NOT_PRODUCTION,202.6696,202.6696,-61.3172,12,10,0.30254777,0.30254777,,0.30254777,61.3172,202.6696,THIN_EXPOSURE,0.0000,-1.8395,3.0000,97.0000,AG03-UNRESOLVED,ALL5_LEVELS_bet23_to_bet27,-1.8395,-1.8395,-1.8395,-2.4527,-2.4527,3.000000,3.000000,3.000000,4.000000,4.000000,97.000000,97.000000,97.000000,96.000000,96.000000,5.0,-10.4239,-9.7421,-50.8933,-51.5751,PENDING_AG03,FALSE,NOT_FOR_ENFORCEMENT,-59.4777,196.5895,-61.3172,-59.4777,-1.8395,-0.30254777,-0.29347134,-1.8395,-59.4777,-0.29347134,-1.8395,-1.8395,-1.8395,-2.4527,-2.4527,-59.4777,-0.29347134,-10.4239,-9.7421,-50.8933,-51.5751,-0.25111465,-0.25447881,-0.00907643,16.8891,20.2670,-6.1317,-61.3172,-8.7596,202.6696,10.0000,16.8891,,12.9089,12.9089,25.8178,26.9796,29.3032,29.6904,12.9089,4.8408,2.27,2.3,1.308333,7,5,1,4,1.00000000,-0.30254777,-0.30254777,0E-8,0.000000,1.000000,0.000000,,2026-07-13,2026-07-13,1,7,7,1,1.000000,,1.000000,3.333333,,,,,,,,GLOBAL_BASELINE_NO_ENTITY_RANKING,,,NOT_APPLICABLE_GLOBAL_BASELINE,HF9g-P5,,,,X 全窗基线 · 不参与实体赏罚,3924188,393,A168_HF9F_20260827_0900,2026-08-27 09:00:00
2026-07-13,152959730,1115,0,12.9088890610,-12.9088890610,-12.9088890610,0E-7,1,1,0.50665070000000000,0.506650700000,-1.013391052207602,-1.013391052207602,-1.013391052207602,0E-17,ELIGIBLE,R03b_20260811_FULL_v1,L1_ELIGIBILITY,v2026-08-11,2026-03-21..2026-08-06,baccarat_bet02_101_all_pairs_incl_sentinel,round_win = game_pnl > 0 (decisive only),COMPATIBILITY_ONLY_NOT_PRODUCTION,202.6696,202.6696,-61.3172,12,10,0.30254777,0.30254777,,0.30254777,61.3172,202.6696,THIN_EXPOSURE,0.0000,-1.8395,3.0000,97.0000,AG03-UNRESOLVED,ALL5_LEVELS_bet23_to_bet27,-1.8395,-1.8395,-1.8395,-2.4527,-2.4527,3.000000,3.000000,3.000000,4.000000,4.000000,97.000000,97.000000,97.000000,96.000000,96.000000,5.0,-10.4239,-9.7421,-50.8933,-51.5751,PENDING_AG03,FALSE,NOT_FOR_ENFORCEMENT,-59.4777,196.5895,-61.3172,-59.4777,-1.8395,-0.30254777,-0.29347134,-1.8395,-59.4777,-0.29347134,-1.8395,-1.8395,-1.8395,-2.4527,-2.4527,-59.4777,-0.29347134,-10.4239,-9.7421,-50.8933,-51.5751,-0.25111465,-0.25447881,-0.00907643,16.8891,20.2670,-6.1317,-61.3172,-8.7596,202.6696,10.0000,16.8891,,12.9089,12.9089,25.8178,26.9796,29.3032,29.6904,12.9089,4.8408,2.27,2.3,1.308333,7,5,1,4,1.00000000,-0.30254777,-0.30254777,0E-8,0.000000,1.000000,0.000000,,2026-07-13,2026-07-13,1,7,7,1,1.000000,,1.000000,3.333333,,,,,,,,GLOBAL_BASELINE_NO_ENTITY_RANKING,,,NOT_APPLICABLE_GLOBAL_BASELINE,HF9g-P5,,,,X 全窗基线 · 不参与实体赏罚,3924189,393,A168_HF9F_20260827_0900,2026-08-27 09:00:00
2026-07-13,152959730,1325,0,47.7628895257,37.4357782769,37.4357782769,1.0000000,4,2,0.46224200740740741,0.353729783334,1.525364832794849,1.9115526079644165,1.525364832794849,0.10851222407340741,ELIGIBLE,R03b_20260811_FULL_v1,L1_ELIGIBILITY,v2026-08-11,2026-03-21..2026-08-06,baccarat_bet02_101_all_pairs_incl_sentinel,round_win = game_pnl > 0 (decisive only),COMPATIBILITY_ONLY_NOT_PRODUCTION,202.6696,202.6696,-61.3172,12,10,0.30254777,0.30254777,,0.30254777,61.3172,202.6696,THIN_EXPOSURE,0.0000,-1.8395,3.0000,97.0000,AG03-UNRESOLVED,ALL5_LEVELS_bet23_to_bet27,-1.8395,-1.8395,-1.8395,-2.4527,-2.4527,3.000000,3.000000,3.000000,4.000000,4.000000,97.000000,97.000000,97.000000,96.000000,96.000000,5.0,-10.4239,-9.7421,-50.8933,-51.5751,PENDING_AG03,FALSE,NOT_FOR_ENFORCEMENT,-59.4777,196.5895,-61.3172,-59.4777,-1.8395,-0.30254777,-0.29347134,-1.8395,-59.4777,-0.29347134,-1.8395,-1.8395,-1.8395,-2.4527,-2.4527,-59.4777,-0.29347134,-10.4239,-9.7421,-50.8933,-51.5751,-0.25111465,-0.25447881,-0.00907643,16.8891,20.2670,-6.1317,-61.3172,-8.7596,202.6696,10.0000,16.8891,,12.9089,12.9089,25.8178,26.9796,29.3032,29.6904,12.9089,4.8408,2.27,2.3,1.308333,7,5,1,4,1.00000000,-0.30254777,-0.30254777,0E-8,0.000000,1.000000,0.000000,,2026-07-13,2026-07-13,1,7,7,1,1.000000,,1.000000,3.333333,,,,,,,,GLOBAL_BASELINE_NO_ENTITY_RANKING,,,NOT_APPLICABLE_GLOBAL_BASELINE,HF9g-P5,,,,X 全窗基线 · 不参与实体赏罚,3924190,393,A168_HF9F_20260827_0900,2026-08-27 09:00:00
2026-07-13,152959730,1942,0,12.9088890610,-12.9088890610,-12.9088890610,0E-7,1,1,0.50665070000000000,0.506650700000,-1.013391052207602,-1.013391052207602,-1.013391052207602,0E-17,ELIGIBLE,R03b_20260811_FULL_v1,L1_ELIGIBILITY,v2026-08-11,2026-03-21..2026-08-06,baccarat_bet02_101_all_pairs_incl_sentinel,round_win = game_pnl > 0 (decisive only),COMPATIBILITY_ONLY_NOT_PRODUCTION,202.6696,202.6696,-61.3172,12,10,0.30254777,0.30254777,,0.30254777,61.3172,202.6696,THIN_EXPOSURE,0.0000,-1.8395,3.0000,97.0000,AG03-UNRESOLVED,ALL5_LEVELS_bet23_to_bet27,-1.8395,-1.8395,-1.8395,-2.4527,-2.4527,3.000000,3.000000,3.000000,4.000000,4.000000,97.000000,97.000000,97.000000,96.000000,96.000000,5.0,-10.4239,-9.7421,-50.8933,-51.5751,PENDING_AG03,FALSE,NOT_FOR_ENFORCEMENT,-59.4777,196.5895,-61.3172,-59.4777,-1.8395,-0.30254777,-0.29347134,-1.8395,-59.4777,-0.29347134,-1.8395,-1.8395,-1.8395,-2.4527,-2.4527,-59.4777,-0.29347134,-10.4239,-9.7421,-50.8933,-51.5751,-0.25111465,-0.25447881,-0.00907643,16.8891,20.2670,-6.1317,-61.3172,-8.7596,202.6696,10.0000,16.8891,,12.9089,12.9089,25.8178,26.9796,29.3032,29.6904,12.9089,4.8408,2.27,2.3,1.308333,7,5,1,4,1.00000000,-0.30254777,-0.30254777,0E-8,0.000000,1.000000,0.000000,,2026-07-13,2026-07-13,1,7,7,1,1.000000,,1.000000,3.333333,,,,,,,,GLOBAL_BASELINE_NO_ENTITY_RANKING,,,NOT_APPLICABLE_GLOBAL_BASELINE,HF9g-P5,,,,X 全窗基线 · 不参与实体赏罚,3924191,393,A168_HF9F_20260827_0900,2026-08-27 09:00:00
2026-07-13,152959730,2160,0,77.4533343660,25.8177781220,25.8177781220,0.6666667,3,3,0.49771390000000000,0.497713900000,0.5852756695216578,0.5852756695216578,0.5852756695216578,0E-17,ELIGIBLE,R03b_20260811_FULL_v1,L1_ELIGIBILITY,v2026-08-11,2026-03-21..2026-08-06,baccarat_bet02_101_all_pairs_incl_sentinel,round_win = game_pnl > 0 (decisive only),COMPATIBILITY_ONLY_NOT_PRODUCTION,202.6696,202.6696,-61.3172,12,10,0.30254777,0.30254777,,0.30254777,61.3172,202.6696,THIN_EXPOSURE,0.0000,-1.8395,3.0000,97.0000,AG03-UNRESOLVED,ALL5_LEVELS_bet23_to_bet27,-1.8395,-1.8395,-1.8395,-2.4527,-2.4527,3.000000,3.000000,3.000000,4.000000,4.000000,97.000000,97.000000,97.000000,96.000000,96.000000,5.0,-10.4239,-9.7421,-50.8933,-51.5751,PENDING_AG03,FALSE,NOT_FOR_ENFORCEMENT,-59.4777,196.5895,-61.3172,-59.4777,-1.8395,-0.30254777,-0.29347134,-1.8395,-59.4777,-0.29347134,-1.8395,-1.8395,-1.8395,-2.4527,-2.4527,-59.4777,-0.29347134,-10.4239,-9.7421,-50.8933,-51.5751,-0.25111465,-0.25447881,-0.00907643,16.8891,20.2670,-6.1317,-61.3172,-8.7596,202.6696,10.0000,16.8891,,12.9089,12.9089,25.8178,26.9796,29.3032,29.6904,12.9089,4.8408,2.27,2.3,1.308333,7,5,1,4,1.00000000,-0.30254777,-0.30254777,0E-8,0.000000,1.000000,0.000000,,2026-07-13,2026-07-13,1,7,7,1,1.000000,,1.000000,3.333333,,,,,,,,GLOBAL_BASELINE_NO_ENTITY_RANKING,,,NOT_APPLICABLE_GLOBAL_BASELINE,HF9g-P5,,,,X 全窗基线 · 不参与实体赏罚,3924192,393,A168_HF9F_20260827_0900,2026-08-27 09:00:00
2026-07-07,152698739,-1,1,12.9088890610,0E-10,0E-10,,1,1,0.50665070000000000,0.506650700000,,,,0E-17,SENTINEL_DEALER,R03b_20260811_FULL_v1,L1_ELIGIBILITY,v2026-08-11,2026-03-21..2026-08-06,baccarat_bet02_101_all_pairs_incl_sentinel,round_win = game_pnl > 0 (decisive only),COMPATIBILITY_ONLY_NOT_PRODUCTION,206.5422,167.8156,-61.3172,16,16,0.29687500,,0.29687500,0.29687500,61.3172,206.5422,THIN_EXPOSURE,0.0000,-1.8395,3.0000,97.0000,AG03-UNRESOLVED,ALL5_LEVELS_bet23_to_bet27,-1.8395,-1.8395,-1.8395,-2.4527,-2.4527,3.000000,3.000000,3.000000,4.000000,4.000000,97.000000,97.000000,97.000000,96.000000,96.000000,5.0,-10.4239,-9.7421,-50.8933,-51.5751,PENDING_AG03,FALSE,NOT_FOR_ENFORCEMENT,-59.4777,162.7811,-61.3172,-59.4777,-1.8395,-0.29687500,-0.28796875,-1.8395,-59.4777,-0.28796875,-1.8395,-1.8395,-1.8395,-2.4527,-2.4527,-59.4777,-0.28796875,-10.4239,-9.7421,-50.8933,-51.5751,-0.24640625,-0.24970733,-0.00890625,12.9089,10.4885,-3.8323,-61.3172,-10.2195,206.5422,16.0000,,12.9089,12.9089,12.9089,12.9089,12.9089,12.9089,12.9089,12.9089,12.2634,1.0,1.0,1.0,6,6,1,2,0E-8,-0.29687500,,0E-8,0.000000,0.812500,0.000000,,2026-07-07,2026-07-07,1,6,6,1,1.000000,,,0.000000,,,,,,,,GLOBAL_BASELINE_NO_ENTITY_RANKING,,,NOT_APPLICABLE_GLOBAL_BASELINE,HF9g-P5,,,,X 全窗基线 · 不参与实体赏罚,3924193,393,A168_HF9F_20260827_0900,2026-08-27 09:00:00
2026-07-07,152698739,1306,0,38.7266671830,-0.6454444530,-0.6454444530,0.5000000,3,3,0.50218230000000000,0.502182300000,-0.00617253530718887,-0.00617253530718887,-0.00617253530718887,0E-17,ELIGIBLE,R03b_20260811_FULL_v1,L1_ELIGIBILITY,v2026-08-11,2026-03-21..2026-08-06,baccarat_bet02_101_all_pairs_incl_sentinel,round_win = game_pnl > 0 (decisive only),COMPATIBILITY_ONLY_NOT_PRODUCTION,206.5422,167.8156,-61.3172,16,16,0.29687500,,0.29687500,0.29687500,61.3172,206.5422,THIN_EXPOSURE,0.0000,-1.8395,3.0000,97.0000,AG03-UNRESOLVED,ALL5_LEVELS_bet23_to_bet27,-1.8395,-1.8395,-1.8395,-2.4527,-2.4527,3.000000,3.000000,3.000000,4.000000,4.000000,97.000000,97.000000,97.000000,96.000000,96.000000,5.0,-10.4239,-9.7421,-50.8933,-51.5751,PENDING_AG03,FALSE,NOT_FOR_ENFORCEMENT,-59.4777,162.7811,-61.3172,-59.4777,-1.8395,-0.29687500,-0.28796875,-1.8395,-59.4777,-0.28796875,-1.8395,-1.8395,-1.8395,-2.4527,-2.4527,-59.4777,-0.28796875,-10.4239,-9.7421,-50.8933,-51.5751,-0.24640625,-0.24970733,-0.00890625,12.9089,10.4885,-3.8323,-61.3172,-10.2195,206.5422,16.0000,,12.9089,12.9089,12.9089,12.9089,12.9089,12.9089,12.9089,12.9089,12.2634,1.0,1.0,1.0,6,6,1,2,0E-8,-0.29687500,,0E-8,0.000000,0.812500,0.000000,,2026-07-07,2026-07-07,1,6,6,1,1.000000,,,0.000000,,,,,,,,GLOBAL_BASELINE_NO_ENTITY_RANKING,,,NOT_APPLICABLE_GLOBAL_BASELINE,HF9g-P5,,,,X 全窗基线 · 不参与实体赏罚,3924194,393,A168_HF9F_20260827_0900,2026-08-27 09:00:00
2026-07-07,152698739,2167,0,25.8177781220,25.1723336690,25.1723336690,1.0000000,2,2,0.49994810000000000,0.499948100000,1.4143603653603398,1.4143603653603398,1.4143603653603398,0E-17,ELIGIBLE,R03b_20260811_FULL_v1,L1_ELIGIBILITY,v2026-08-11,2026-03-21..2026-08-06,baccarat_bet02_101_all_pairs_incl_sentinel,round_win = game_pnl > 0 (decisive only),COMPATIBILITY_ONLY_NOT_PRODUCTION,206.5422,167.8156,-61.3172,16,16,0.29687500,,0.29687500,0.29687500,61.3172,206.5422,THIN_EXPOSURE,0.0000,-1.8395,3.0000,97.0000,AG03-UNRESOLVED,ALL5_LEVELS_bet23_to_bet27,-1.8395,-1.8395,-1.8395,-2.4527,-2.4527,3.000000,3.000000,3.000000,4.000000,4.000000,97.000000,97.000000,97.000000,96.000000,96.000000,5.0,-10.4239,-9.7421,-50.8933,-51.5751,PENDING_AG03,FALSE,NOT_FOR_ENFORCEMENT,-59.4777,162.7811,-61.3172,-59.4777,-1.8395,-0.29687500,-0.28796875,-1.8395,-59.4777,-0.28796875,-1.8395,-1.8395,-1.8395,-2.4527,-2.4527,-59.4777,-0.28796875,-10.4239,-9.7421,-50.8933,-51.5751,-0.24640625,-0.24970733,-0.00890625,12.9089,10.4885,-3.8323,-61.3172,-10.2195,206.5422,16.0000,,12.9089,12.9089,12.9089,12.9089,12.9089,12.9089,12.9089,12.9089,12.2634,1.0,1.0,1.0,6,6,1,2,0E-8,-0.29687500,,0E-8,0.000000,0.812500,0.000000,,2026-07-07,2026-07-07,1,6,6,1,1.000000,,,0.000000,,,,,,,,GLOBAL_BASELINE_NO_ENTITY_RANKING,,,NOT_APPLICABLE_GLOBAL_BASELINE,HF9g-P5,,,,X 全窗基线 · 不参与实体赏罚,3924195,393,A168_HF9F_20260827_0900,2026-08-27 09:00:00
2026-07-07,152698739,2169,0,12.9088890610,12.2634446080,12.2634446080,1.0000000,1,1,0.50665070000000000,0.506650700000,0.9867858985152569,0.9867858985152569,0.9867858985152569,0E-17,ELIGIBLE,R03b_20260811_FULL_v1,L1_ELIGIBILITY,v2026-08-11,2026-03-21..2026-08-06,baccarat_bet02_101_all_pairs_incl_sentinel,round_win = game_pnl > 0 (decisive only),COMPATIBILITY_ONLY_NOT_PRODUCTION,206.5422,167.8156,-61.3172,16,16,0.29687500,,0.29687500,0.29687500,61.3172,206.5422,THIN_EXPOSURE,0.0000,-1.8395,3.0000,97.0000,AG03-UNRESOLVED,ALL5_LEVELS_bet23_to_bet27,-1.8395,-1.8395,-1.8395,-2.4527,-2.4527,3.000000,3.000000,3.000000,4.000000,4.000000,97.000000,97.000000,97.000000,96.000000,96.000000,5.0,-10.4239,-9.7421,-50.8933,-51.5751,PENDING_AG03,FALSE,NOT_FOR_ENFORCEMENT,-59.4777,162.7811,-61.3172,-59.4777,-1.8395,-0.29687500,-0.28796875,-1.8395,-59.4777,-0.28796875,-1.8395,-1.8395,-1.8395,-2.4527,-2.4527,-59.4777,-0.28796875,-10.4239,-9.7421,-50.8933,-51.5751,-0.24640625,-0.24970733,-0.00890625,12.9089,10.4885,-3.8323,-61.3172,-10.2195,206.5422,16.0000,,12.9089,12.9089,12.9089,12.9089,12.9089,12.9089,12.9089,12.9089,12.2634,1.0,1.0,1.0,6,6,1,2,0E-8,-0.29687500,,0E-8,0.000000,0.812500,0.000000,,2026-07-07,2026-07-07,1,6,6,1,1.000000,,,0.000000,,,,,,,,GLOBAL_BASELINE_NO_ENTITY_RANKING,,,NOT_APPLICABLE_GLOBAL_BASELINE,HF9g-P5,,,,X 全窗基线 · 不参与实体赏罚,3924196,393,A168_HF9F_20260827_0900,2026-08-27 09:00:00
2026-07-07,152698739,2251,0,51.6355562440,25.1723336690,25.1723336690,0.7500000,4,4,0.49994810000000000,0.499948100000,1.0002076053883384,1.0002076053883384,1.0002076053883384,0E-17,ELIGIBLE,R03b_20260811_FULL_v1,L1_ELIGIBILITY,v2026-08-11,2026-03-21..2026-08-06,baccarat_bet02_101_all_pairs_incl_sentinel,round_win = game_pnl > 0 (decisive only),COMPATIBILITY_ONLY_NOT_PRODUCTION,206.5422,167.8156,-61.3172,16,16,0.29687500,,0.29687500,0.29687500,61.3172,206.5422,THIN_EXPOSURE,0.0000,-1.8395,3.0000,97.0000,AG03-UNRESOLVED,ALL5_LEVELS_bet23_to_bet27,-1.8395,-1.8395,-1.8395,-2.4527,-2.4527,3.000000,3.000000,3.000000,4.000000,4.000000,97.000000,97.000000,97.000000,96.000000,96.000000,5.0,-10.4239,-9.7421,-50.8933,-51.5751,PENDING_AG03,FALSE,NOT_FOR_ENFORCEMENT,-59.4777,162.7811,-61.3172,-59.4777,-1.8395,-0.29687500,-0.28796875,-1.8395,-59.4777,-0.28796875,-1.8395,-1.8395,-1.8395,-2.4527,-2.4527,-59.4777,-0.28796875,-10.4239,-9.7421,-50.8933,-51.5751,-0.24640625,-0.24970733,-0.00890625,12.9089,10.4885,-3.8323,-61.3172,-10.2195,206.5422,16.0000,,12.9089,12.9089,12.9089,12.9089,12.9089,12.9089,12.9089,12.9089,12.2634,1.0,1.0,1.0,6,6,1,2,0E-8,-0.29687500,,0E-8,0.000000,0.812500,0.000000,,2026-07-07,2026-07-07,1,6,6,1,1.000000,,,0.000000,,,,,,,,GLOBAL_BASELINE_NO_ENTITY_RANKING,,,NOT_APPLICABLE_GLOBAL_BASELINE,HF9g-P5,,,,X 全窗基线 · 不参与实体赏罚,3924197,393,A168_HF9F_20260827_0900,2026-08-27 09:00:00
2026-07-07,152698739,2288,0,64.5444453050,-0.6454444530,-0.6454444530,0.5000000,5,5,0.50128862000000000,0.501288620000,-0.0051544971185412255,-0.0051544971185412255,-0.0051544971185412255,0E-17,ELIGIBLE,R03b_20260811_FULL_v1,L1_ELIGIBILITY,v2026-08-11,2026-03-21..2026-08-06,baccarat_bet02_101_all_pairs_incl_sentinel,round_win = game_pnl > 0 (decisive only),COMPATIBILITY_ONLY_NOT_PRODUCTION,206.5422,167.8156,-61.3172,16,16,0.29687500,,0.29687500,0.29687500,61.3172,206.5422,THIN_EXPOSURE,0.0000,-1.8395,3.0000,97.0000,AG03-UNRESOLVED,ALL5_LEVELS_bet23_to_bet27,-1.8395,-1.8395,-1.8395,-2.4527,-2.4527,3.000000,3.000000,3.000000,4.000000,4.000000,97.000000,97.000000,97.000000,96.000000,96.000000,5.0,-10.4239,-9.7421,-50.8933,-51.5751,PENDING_AG03,FALSE,NOT_FOR_ENFORCEMENT,-59.4777,162.7811,-61.3172,-59.4777,-1.8395,-0.29687500,-0.28796875,-1.8395,-59.4777,-0.28796875,-1.8395,-1.8395,-1.8395,-2.4527,-2.4527,-59.4777,-0.28796875,-10.4239,-9.7421,-50.8933,-51.5751,-0.24640625,-0.24970733,-0.00890625,12.9089,10.4885,-3.8323,-61.3172,-10.2195,206.5422,16.0000,,12.9089,12.9089,12.9089,12.9089,12.9089,12.9089,12.9089,12.9089,12.2634,1.0,1.0,1.0,6,6,1,2,0E-8,-0.29687500,,0E-8,0.000000,0.812500,0.000000,,2026-07-07,2026-07-07,1,6,6,1,1.000000,,,0.000000,,,,,,,,GLOBAL_BASELINE_NO_ENTITY_RANKING,,,NOT_APPLICABLE_GLOBAL_BASELINE,HF9g-P5,,,,X 全窗基线 · 不参与实体赏罚,3924198,393,A168_HF9F_20260827_0900,2026-08-27 09:00:00
2026-07-23,153364286,1951,0,51.6355562440,-51.6355562440,-51.6355562440,0E-7,1,1,0.49324550000000000,0.493245500000,-0.9865810262130424,-0.9865810262130424,-0.9865810262130424,0E-17,ELIGIBLE,R03b_20260811_FULL_v1,L1_ELIGIBILITY,v2026-08-11,2026-03-21..2026-08-06,baccarat_bet02_101_all_pairs_incl_sentinel,round_win = game_pnl > 0 (decisive only),COMPATIBILITY_ONLY_NOT_PRODUCTION,219.4511,167.8156,-61.3172,4,4,0.27941176,0.27941176,,0.27941176,61.3172,219.4511,THIN_EXPOSURE,0.0000,-1.8395,3.0000,97.0000,AG03-UNRESOLVED,ALL5_LEVELS_bet23_to_bet27,-1.8395,-1.8395,-1.8395,-2.4527,-2.4527,3.000000,3.000000,3.000000,4.000000,4.000000,97.000000,97.000000,97.000000,96.000000,96.000000,5.0,-10.4239,-9.7421,-50.8933,-51.5751,PENDING_AG03,FALSE,NOT_FOR_ENFORCEMENT,-59.4777,162.7811,-61.3172,-59.4777,-1.8395,-0.27941176,-0.27102941,-1.8395,-59.4777,-0.27102941,-1.8395,-1.8395,-1.8395,-2.4527,-2.4527,-59.4777,-0.27102941,-10.4239,-9.7421,-50.8933,-51.5751,-0.23191176,-0.23501867,-0.00838235,54.8628,41.9539,-15.3293,-61.3172,-20.4391,219.4511,4.0000,54.8628,,51.6356,51.6356,58.09,64.5444,64.5444,64.5444,51.6356,25.8178,1.25,1.25,1.0625,3,3,1,2,1.00000000,-0.27941176,-0.27941176,0E-8,0.000000,0.764706,0.000000,,2026-07-23,2026-07-23,1,3,3,1,1.000000,,1.000000,3.333333,,,,,,,,GLOBAL_BASELINE_NO_ENTITY_RANKING,,,NOT_APPLICABLE_GLOBAL_BASELINE,HF9g-P5,,,,X 全窗基线 · 不参与实体赏罚,3924199,393,A168_HF9F_20260827_0900,2026-08-27 09:00:00
2026-07-23,153364286,2115,0,116.1800015490,112.9527792838,112.9527792838,1.0000000,2,2,0.49994810000000000,0.499948100000,1.4143603653603398,1.4143603653603398,1.4143603653603398,0E-17,ELIGIBLE,R03b_20260811_FULL_v1,L1_ELIGIBILITY,v2026-08-11,2026-03-21..2026-08-06,baccarat_bet02_101_all_pairs_incl_sentinel,round_win = game_pnl > 0 (decisive only),COMPATIBILITY_ONLY_NOT_PRODUCTION,219.4511,167.8156,-61.3172,4,4,0.27941176,0.27941176,,0.27941176,61.3172,219.4511,THIN_EXPOSURE,0.0000,-1.8395,3.0000,97.0000,AG03-UNRESOLVED,ALL5_LEVELS_bet23_to_bet27,-1.8395,-1.8395,-1.8395,-2.4527,-2.4527,3.000000,3.000000,3.000000,4.000000,4.000000,97.000000,97.000000,97.000000,96.000000,96.000000,5.0,-10.4239,-9.7421,-50.8933,-51.5751,PENDING_AG03,FALSE,NOT_FOR_ENFORCEMENT,-59.4777,162.7811,-61.3172,-59.4777,-1.8395,-0.27941176,-0.27102941,-1.8395,-59.4777,-0.27102941,-1.8395,-1.8395,-1.8395,-2.4527,-2.4527,-59.4777,-0.27102941,-10.4239,-9.7421,-50.8933,-51.5751,-0.23191176,-0.23501867,-0.00838235,54.8628,41.9539,-15.3293,-61.3172,-20.4391,219.4511,4.0000,54.8628,,51.6356,51.6356,58.09,64.5444,64.5444,64.5444,51.6356,25.8178,1.25,1.25,1.0625,3,3,1,2,1.00000000,-0.27941176,-0.27941176,0E-8,0.000000,0.764706,0.000000,,2026-07-23,2026-07-23,1,3,3,1,1.000000,,1.000000,3.333333,,,,,,,,GLOBAL_BASELINE_NO_ENTITY_RANKING,,,NOT_APPLICABLE_GLOBAL_BASELINE,HF9g-P5,,,,X 全窗基线 · 不参与实体赏罚,3924200,393,A168_HF9F_20260827_0900,2026-08-27 09:00:00
2026-07-23,153364286,2252,0,51.6355562440,0E-10,0E-10,,1,1,0.49324550000000000,0.493245500000,,,,0E-17,NO_DECISIVE_ROUND,R03b_20260811_FULL_v1,L1_ELIGIBILITY,v2026-08-11,2026-03-21..2026-08-06,baccarat_bet02_101_all_pairs_incl_sentinel,round_win = game_pnl > 0 (decisive only),COMPATIBILITY_ONLY_NOT_PRODUCTION,219.4511,167.8156,-61.3172,4,4,0.27941176,0.27941176,,0.27941176,61.3172,219.4511,THIN_EXPOSURE,0.0000,-1.8395,3.0000,97.0000,AG03-UNRESOLVED,ALL5_LEVELS_bet23_to_bet27,-1.8395,-1.8395,-1.8395,-2.4527,-2.4527,3.000000,3.000000,3.000000,4.000000,4.000000,97.000000,97.000000,97.000000,96.000000,96.000000,5.0,-10.4239,-9.7421,-50.8933,-51.5751,PENDING_AG03,FALSE,NOT_FOR_ENFORCEMENT,-59.4777,162.7811,-61.3172,-59.4777,-1.8395,-0.27941176,-0.27102941,-1.8395,-59.4777,-0.27102941,-1.8395,-1.8395,-1.8395,-2.4527,-2.4527,-59.4777,-0.27102941,-10.4239,-9.7421,-50.8933,-51.5751,-0.23191176,-0.23501867,-0.00838235,54.8628,41.9539,-15.3293,-61.3172,-20.4391,219.4511,4.0000,54.8628,,51.6356,51.6356,58.09,64.5444,64.5444,64.5444,51.6356,25.8178,1.25,1.25,1.0625,3,3,1,2,1.00000000,-0.27941176,-0.27941176,0E-8,0.000000,0.764706,0.000000,,2026-07-23,2026-07-23,1,3,3,1,1.000000,,1.000000,3.333333,,,,,,,,GLOBAL_BASELINE_NO_ENTITY_RANKING,,,NOT_APPLICABLE_GLOBAL_BASELINE,HF9g-P5,,,,X 全窗基线 · 不参与实体赏罚,3924201,393,A168_HF9F_20260827_0900,2026-08-27 09:00:00
2026-07-21,153297160,994,0,61.3170911172,61.3170911172,61.3170911172,1.0000000,2,2,0.49324550000000000,0.493245500000,1.4334489766152358,1.4334489766152358,1.4334489766152358,0E-17,ELIGIBLE,R03b_20260811_FULL_v1,L1_ELIGIBILITY,v2026-08-11,2026-03-21..2026-08-06,baccarat_bet02_101_all_pairs_incl_sentinel,round_win = game_pnl > 0 (decisive only),COMPATIBILITY_ONLY_NOT_PRODUCTION,61.3171,61.3171,-61.3171,2,2,1.00000000,1.00000000,,1.00000000,61.3171,61.3171,THIN_EXPOSURE,0.0000,-1.8395,3.0000,97.0000,AG03-UNRESOLVED,ALL5_LEVELS_bet23_to_bet27,-1.8395,-1.8395,-1.8395,0.0000,0.0000,3.000000,3.000000,3.000000,0.000000,0.000000,97.000000,97.000000,97.000000,100.000000,100.000000,5.0,-5.5185,-5.3546,-55.7986,-55.9625,PENDING_AG03,FALSE,NOT_FOR_ENFORCEMENT,-59.4776,59.4776,-61.3171,-59.4776,-1.8395,-1.00000000,-0.97000000,-1.8395,-59.4776,-0.97000000,-1.8395,-1.8395,-1.8395,0.0000,0.0000,-59.4776,-0.97000000,-5.5185,-5.3546,-55.7986,-55.9625,-0.91000000,-0.912673,-0.03000000,30.6585,30.6585,-30.6585,-61.3171,-61.3171,61.3171,2.0000,30.6585,,20.439,30.6585,40.8781,40.8781,40.8781,40.8781,30.6585,30.6585,1.333333,1.333333,1.0,1,1,2,1,1.00000000,-1.00000000,-1.00000000,0E-8,0.000000,1.000000,0.000000,,2026-07-21,2026-07-21,1,1,1,1,1.000000,,1.000000,3.333333,,,,,,,,GLOBAL_BASELINE_NO_ENTITY_RANKING,,,NOT_APPLICABLE_GLOBAL_BASELINE,HF9g-P5,,,,X 全窗基线 · 不参与实体赏罚,3924202,393,A168_HF9F_20260827_0900,2026-08-27 09:00:00
2026-07-14,152978820,2115,0,102.1951518620,61.3170911172,61.3170911172,0.8000000,5,5,0.49324550000000000,0.493245500000,1.3719730223118614,1.3719730223118614,1.3719730223118614,0E-17,ELIGIBLE,R03b_20260811_FULL_v1,L1_ELIGIBILITY,v2026-08-11,2026-03-21..2026-08-06,baccarat_bet02_101_all_pairs_incl_sentinel,round_win = game_pnl > 0 (decisive only),COMPATIBILITY_ONLY_NOT_PRODUCTION,110.3708,110.3708,-61.3171,7,7,0.55555556,0.55555556,,0.55555556,61.3171,110.3708,THIN_EXPOSURE,0.0000,-1.8395,3.0000,97.0000,AG03-UNRESOLVED,ALL5_LEVELS_bet23_to_bet27,-1.8395,-1.8395,-1.8395,0.0000,0.0000,3.000000,3.000000,3.000000,0.000000,0.000000,97.000000,97.000000,97.000000,100.000000,100.000000,5.0,-5.5185,-5.3546,-55.7986,-55.9625,PENDING_AG03,FALSE,NOT_FOR_ENFORCEMENT,-59.4776,107.0596,-61.3171,-59.4776,-1.8395,-0.55555556,-0.53888889,-1.8395,-59.4776,-0.53888889,-1.8395,-1.8395,-1.8395,0.0000,0.0000,-59.4776,-0.53888889,-5.5185,-5.3546,-55.7986,-55.9625,-0.50555556,-0.50704056,-0.01666667,15.7673,15.7673,-8.7596,-61.3171,-30.6585,110.3708,7.0000,15.7673,,5.6207,10.2195,20.439,36.7902,40.8781,40.8781,10.2195,10.2195,4.0,4.0,1.542857,2,2,1,1,1.00000000,-0.55555556,-0.55555556,0E-8,0.000000,1.000000,0.000000,,2026-07-14,2026-07-14,1,2,2,1,1.000000,,1.000000,3.333333,,,,,,,,GLOBAL_BASELINE_NO_ENTITY_RANKING,,,NOT_APPLICABLE_GLOBAL_BASELINE,HF9g-P5,,,,X 全窗基线 · 不参与实体赏罚,3924203,393,A168_HF9F_20260827_0900,2026-08-27 09:00:00
2026-07-14,152978820,2251,0,8.1756121490,0E-10,0E-10,0.5000000,2,2,0.49324550000000000,0.493245500000,0.01910635448239258,0.01910635448239258,0.01910635448239258,0E-17,ELIGIBLE,R03b_20260811_FULL_v1,L1_ELIGIBILITY,v2026-08-11,2026-03-21..2026-08-06,baccarat_bet02_101_all_pairs_incl_sentinel,round_win = game_pnl > 0 (decisive only),COMPATIBILITY_ONLY_NOT_PRODUCTION,110.3708,110.3708,-61.3171,7,7,0.55555556,0.55555556,,0.55555556,61.3171,110.3708,THIN_EXPOSURE,0.0000,-1.8395,3.0000,97.0000,AG03-UNRESOLVED,ALL5_LEVELS_bet23_to_bet27,-1.8395,-1.8395,-1.8395,0.0000,0.0000,3.000000,3.000000,3.000000,0.000000,0.000000,97.000000,97.000000,97.000000,100.000000,100.000000,5.0,-5.5185,-5.3546,-55.7986,-55.9625,PENDING_AG03,FALSE,NOT_FOR_ENFORCEMENT,-59.4776,107.0596,-61.3171,-59.4776,-1.8395,-0.55555556,-0.53888889,-1.8395,-59.4776,-0.53888889,-1.8395,-1.8395,-1.8395,0.0000,0.0000,-59.4776,-0.53888889,-5.5185,-5.3546,-55.7986,-55.9625,-0.50555556,-0.50704056,-0.01666667,15.7673,15.7673,-8.7596,-61.3171,-30.6585,110.3708,7.0000,15.7673,,5.6207,10.2195,20.439,36.7902,40.8781,40.8781,10.2195,10.2195,4.0,4.0,1.542857,2,2,1,1,1.00000000,-0.55555556,-0.55555556,0E-8,0.000000,1.000000,0.000000,,2026-07-14,2026-07-14,1,2,2,1,1.000000,,1.000000,3.333333,,,,,,,,GLOBAL_BASELINE_NO_ENTITY_RANKING,,,NOT_APPLICABLE_GLOBAL_BASELINE,HF9g-P5,,,,X 全窗基线 · 不参与实体赏罚,3924204,393,A168_HF9F_20260827_0900,2026-08-27 09:00:00
2026-04-04,145351320,-1,1,195.8113400313,-34.0541460924,-34.0541460924,0.3888889,23,23,0.49324550000000000,0.493245500000,-0.8855760179747177,-0.8855760179747177,-0.8855760179747177,0E-17,SENTINEL_DEALER,R03b_20260811_FULL_v1,L1_ELIGIBILITY,v2026-08-11,2026-03-21..2026-08-06,baccarat_bet02_101_all_pairs_incl_sentinel,round_win = game_pnl > 0 (decisive only),COMPATIBILITY_ONLY_NOT_PRODUCTION,9282.7313,8277.4501,-61.9547,886,737,0.00667418,-0.09708738,0.00862557,0.00667418,61.9547,9282.7313,OK,0.0000,-2.4782,4.0000,96.0000,AG03-UNRESOLVED,ALL5_LEVELS_bet23_to_bet27,-2.4782,-2.4782,-3.0977,0.0000,0.0000,4.000000,4.000000,5.000000,0.000000,0.000000,96.000000,96.000000,95.000000,100.000000,100.000000,5.0,-8.0541,-7.7121,-53.9006,-54.2425,PENDING_AG03,FALSE,NOT_FOR_ENFORCEMENT,-59.4765,7946.3521,-61.9547,-59.4765,-2.4782,-0.00667418,-0.00640722,-2.4782,-59.4765,-0.00640722,-2.4782,-2.4782,-3.0977,0.0000,0.0000,-59.4765,-0.00640722,-8.0541,-7.7121,-53.9006,-54.2425,-0.00580654,-0.00584338,-0.00026697,10.4771,11.2313,-0.0841,-2.1364,-0.2705,320.0942,25.4138,2.7638,11.0575,1.7027,8.3181,16.6362,33.2723,33.2723,33.2723,6.6545,-1.6636,4.0,4.0,1.25956,29,94,33,11,0.01845928,-0.00667418,0.09708738,0E-8,0.000000,0.891704,0.015801,-0.10571295,2026-04-04,2026-07-28,29,229,128,116,0.250000,0.249944,0.263789,0.061531,,,,,,,,GLOBAL_BASELINE_NO_ENTITY_RANKING,,,NOT_APPLICABLE_GLOBAL_BASELINE,HF9g-P5,,,,X 全窗基线 · 不参与实体赏罚,3924205,393,A168_HF9F_20260827_0900,2026-08-27 09:00:00
2026-04-04,145351320,1115,0,17.0270730462,0E-10,0E-10,0.5000000,2,2,0.49324550000000000,0.493245500000,0.01910635448239258,0.01910635448239258,0.01910635448239258,0E-17,ELIGIBLE,R03b_20260811_FULL_v1,L1_ELIGIBILITY,v2026-08-11,2026-03-21..2026-08-06,baccarat_bet02_101_all_pairs_incl_sentinel,round_win = game_pnl > 0 (decisive only),COMPATIBILITY_ONLY_NOT_PRODUCTION,9282.7313,8277.4501,-61.9547,886,737,0.00667418,-0.09708738,0.00862557,0.00667418,61.9547,9282.7313,OK,0.0000,-2.4782,4.0000,96.0000,AG03-UNRESOLVED,ALL5_LEVELS_bet23_to_bet27,-2.4782,-2.4782,-3.0977,0.0000,0.0000,4.000000,4.000000,5.000000,0.000000,0.000000,96.000000,96.000000,95.000000,100.000000,100.000000,5.0,-8.0541,-7.7121,-53.9006,-54.2425,PENDING_AG03,FALSE,NOT_FOR_ENFORCEMENT,-59.4765,7946.3521,-61.9547,-59.4765,-2.4782,-0.00667418,-0.00640722,-2.4782,-59.4765,-0.00640722,-2.4782,-2.4782,-3.0977,0.0000,0.0000,-59.4765,-0.00640722,-8.0541,-7.7121,-53.9006,-54.2425,-0.00580654,-0.00584338,-0.00026697,10.4771,11.2313,-0.0841,-2.1364,-0.2705,320.0942,25.4138,2.7638,11.0575,1.7027,8.3181,16.6362,33.2723,33.2723,33.2723,6.6545,-1.6636,4.0,4.0,1.25956,29,94,33,11,0.01845928,-0.00667418,0.09708738,0E-8,0.000000,0.891704,0.015801,-0.10571295,2026-04-04,2026-07-28,29,229,128,116,0.250000,0.249944,0.263789,0.061531,,,,,,,,GLOBAL_BASELINE_NO_ENTITY_RANKING,,,NOT_APPLICABLE_GLOBAL_BASELINE,HF9g-P5,,,,X 全窗基线 · 不参与实体赏罚,3924206,393,A168_HF9F_20260827_0900,2026-08-27 09:00:00
2026-04-04,145351320,1304,0,25.5406095693,-8.5135365231,-8.5135365231,0.3333333,3,3,0.49324550000000000,0.493245500000,-0.5540025479526107,-0.5540025479526106,-0.5540025479526107,0E-17,ELIGIBLE,R03b_20260811_FULL_v1,L1_ELIGIBILITY,v2026-08-11,2026-03-21..2026-08-06,baccarat_bet02_101_all_pairs_incl_sentinel,round_win = game_pnl > 0 (decisive only),COMPATIBILITY_ONLY_NOT_PRODUCTION,9282.7313,8277.4501,-61.9547,886,737,0.00667418,-0.09708738,0.00862557,0.00667418,61.9547,9282.7313,OK,0.0000,-2.4782,4.0000,96.0000,AG03-UNRESOLVED,ALL5_LEVELS_bet23_to_bet27,-2.4782,-2.4782,-3.0977,0.0000,0.0000,4.000000,4.000000,5.000000,0.000000,0.000000,96.000000,96.000000,95.000000,100.000000,100.000000,5.0,-8.0541,-7.7121,-53.9006,-54.2425,PENDING_AG03,FALSE,NOT_FOR_ENFORCEMENT,-59.4765,7946.3521,-61.9547,-59.4765,-2.4782,-0.00667418,-0.00640722,-2.4782,-59.4765,-0.00640722,-2.4782,-2.4782,-3.0977,0.0000,0.0000,-59.4765,-0.00640722,-8.0541,-7.7121,-53.9006,-54.2425,-0.00580654,-0.00584338,-0.00026697,10.4771,11.2313,-0.0841,-2.1364,-0.2705,320.0942,25.4138,2.7638,11.0575,1.7027,8.3181,16.6362,33.2723,33.2723,33.2723,6.6545,-1.6636,4.0,4.0,1.25956,29,94,33,11,0.01845928,-0.00667418,0.09708738,0E-8,0.000000,0.891704,0.015801,-0.10571295,2026-04-04,2026-07-28,29,229,128,116,0.250000,0.249944,0.263789,0.061531,,,,,,,,GLOBAL_BASELINE_NO_ENTITY_RANKING,,,NOT_APPLICABLE_GLOBAL_BASELINE,HF9g-P5,,,,X 全窗基线 · 不参与实体赏罚,3924207,393,A168_HF9F_20260827_0900,2026-08-27 09:00:00
2026-04-04,145351320,1318,0,56.1893410524,30.6487314831,30.6487314831,0.8571429,8,8,0.49324550000000000,0.493245500000,1.925739544596175,1.9257395445961751,1.925739544596175,0E-17,ELIGIBLE,R03b_20260811_FULL_v1,L1_ELIGIBILITY,v2026-08-11,2026-03-21..2026-08-06,baccarat_bet02_101_all_pairs_incl_sentinel,round_win = game_pnl > 0 (decisive only),COMPATIBILITY_ONLY_NOT_PRODUCTION,9282.7313,8277.4501,-61.9547,886,737,0.00667418,-0.09708738,0.00862557,0.00667418,61.9547,9282.7313,OK,0.0000,-2.4782,4.0000,96.0000,AG03-UNRESOLVED,ALL5_LEVELS_bet23_to_bet27,-2.4782,-2.4782,-3.0977,0.0000,0.0000,4.000000,4.000000,5.000000,0.000000,0.000000,96.000000,96.000000,95.000000,100.000000,100.000000,5.0,-8.0541,-7.7121,-53.9006,-54.2425,PENDING_AG03,FALSE,NOT_FOR_ENFORCEMENT,-59.4765,7946.3521,-61.9547,-59.4765,-2.4782,-0.00667418,-0.00640722,-2.4782,-59.4765,-0.00640722,-2.4782,-2.4782,-3.0977,0.0000,0.0000,-59.4765,-0.00640722,-8.0541,-7.7121,-53.9006,-54.2425,-0.00580654,-0.00584338,-0.00026697,10.4771,11.2313,-0.0841,-2.1364,-0.2705,320.0942,25.4138,2.7638,11.0575,1.7027,8.3181,16.6362,33.2723,33.2723,33.2723,6.6545,-1.6636,4.0,4.0,1.25956,29,94,33,11,0.01845928,-0.00667418,0.09708738,0E-8,0.000000,0.891704,0.015801,-0.10571295,2026-04-04,2026-07-28,29,229,128,116,0.250000,0.249944,0.263789,0.061531,,,,,,,,GLOBAL_BASELINE_NO_ENTITY_RANKING,,,NOT_APPLICABLE_GLOBAL_BASELINE,HF9g-P5,,,,X 全窗基线 · 不参与实体赏罚,3924208,393,A168_HF9F_20260827_0900,2026-08-27 09:00:00
2026-04-04,145351320,1330,0,51.0812191386,0E-10,0E-10,0.5000000,6,6,0.49324550000000000,0.493245500000,0.03309317671092531,0.03309317671092531,0.03309317671092531,0E-17,ELIGIBLE,R03b_20260811_FULL_v1,L1_ELIGIBILITY,v2026-08-11,2026-03-21..2026-08-06,baccarat_bet02_101_all_pairs_incl_sentinel,round_win = game_pnl > 0 (decisive only),COMPATIBILITY_ONLY_NOT_PRODUCTION,9282.7313,8277.4501,-61.9547,886,737,0.00667418,-0.09708738,0.00862557,0.00667418,61.9547,9282.7313,OK,0.0000,-2.4782,4.0000,96.0000,AG03-UNRESOLVED,ALL5_LEVELS_bet23_to_bet27,-2.4782,-2.4782,-3.0977,0.0000,0.0000,4.000000,4.000000,5.000000,0.000000,0.000000,96.000000,96.000000,95.000000,100.000000,100.000000,5.0,-8.0541,-7.7121,-53.9006,-54.2425,PENDING_AG03,FALSE,NOT_FOR_ENFORCEMENT,-59.4765,7946.3521,-61.9547,-59.4765,-2.4782,-0.00667418,-0.00640722,-2.4782,-59.4765,-0.00640722,-2.4782,-2.4782,-3.0977,0.0000,0.0000,-59.4765,-0.00640722,-8.0541,-7.7121,-53.9006,-54.2425,-0.00580654,-0.00584338,-0.00026697,10.4771,11.2313,-0.0841,-2.1364,-0.2705,320.0942,25.4138,2.7638,11.0575,1.7027,8.3181,16.6362,33.2723,33.2723,33.2723,6.6545,-1.6636,4.0,4.0,1.25956,29,94,33,11,0.01845928,-0.00667418,0.09708738,0E-8,0.000000,0.891704,0.015801,-0.10571295,2026-04-04,2026-07-28,29,229,128,116,0.250000,0.249944,0.263789,0.061531,,,,,,,,GLOBAL_BASELINE_NO_ENTITY_RANKING,,,NOT_APPLICABLE_GLOBAL_BASELINE,HF9g-P5,,,,X 全窗基线 · 不参与实体赏罚,3924209,393,A168_HF9F_20260827_0900,2026-08-27 09:00:00
2026-04-04,145351320,1941,0,34.0541460924,0E-10,0E-10,0.5000000,4,4,0.49324550000000000,0.493245500000,0.027020465636507562,0.027020465636507562,0.027020465636507562,0E-17,ELIGIBLE,R03b_20260811_FULL_v1,L1_ELIGIBILITY,v2026-08-11,2026-03-21..2026-08-06,baccarat_bet02_101_all_pairs_incl_sentinel,round_win = game_pnl > 0 (decisive only),COMPATIBILITY_ONLY_NOT_PRODUCTION,9282.7313,8277.4501,-61.9547,886,737,0.00667418,-0.09708738,0.00862557,0.00667418,61.9547,9282.7313,OK,0.0000,-2.4782,4.0000,96.0000,AG03-UNRESOLVED,ALL5_LEVELS_bet23_to_bet27,-2.4782,-2.4782,-3.0977,0.0000,0.0000,4.000000,4.000000,5.000000,0.000000,0.000000,96.000000,96.000000,95.000000,100.000000,100.000000,5.0,-8.0541,-7.7121,-53.9006,-54.2425,PENDING_AG03,FALSE,NOT_FOR_ENFORCEMENT,-59.4765,7946.3521,-61.9547,-59.4765,-2.4782,-0.00667418,-0.00640722,-2.4782,-59.4765,-0.00640722,-2.4782,-2.4782,-3.0977,0.0000,0.0000,-59.4765,-0.00640722,-8.0541,-7.7121,-53.9006,-54.2425,-0.00580654,-0.00584338,-0.00026697,10.4771,11.2313,-0.0841,-2.1364,-0.2705,320.0942,25.4138,2.7638,11.0575,1.7027,8.3181,16.6362,33.2723,33.2723,33.2723,6.6545,-1.6636,4.0,4.0,1.25956,29,94,33,11,0.01845928,-0.00667418,0.09708738,0E-8,0.000000,0.891704,0.015801,-0.10571295,2026-04-04,2026-07-28,29,229,128,116,0.250000,0.249944,0.263789,0.061531,,,,,,,,GLOBAL_BASELINE_NO_ENTITY_RANKING,,,NOT_APPLICABLE_GLOBAL_BASELINE,HF9g-P5,,,,X 全窗基线 · 不参与实体赏罚,3924210,393,A168_HF9F_20260827_0900,2026-08-27 09:00:00
2026-04-04,145351320,1963,0,8.5135365231,-8.5135365231,-8.5135365231,0E-7,1,1,0.49324550000000000,0.493245500000,-0.9865810262130424,-0.9865810262130424,-0.9865810262130424,0E-17,ELIGIBLE,R03b_20260811_FULL_v1,L1_ELIGIBILITY,v2026-08-11,2026-03-21..2026-08-06,baccarat_bet02_101_all_pairs_incl_sentinel,round_win = game_pnl > 0 (decisive only),COMPATIBILITY_ONLY_NOT_PRODUCTION,9282.7313,8277.4501,-61.9547,886,737,0.00667418,-0.09708738,0.00862557,0.00667418,61.9547,9282.7313,OK,0.0000,-2.4782,4.0000,96.0000,AG03-UNRESOLVED,ALL5_LEVELS_bet23_to_bet27,-2.4782,-2.4782,-3.0977,0.0000,0.0000,4.000000,4.000000,5.000000,0.000000,0.000000,96.000000,96.000000,95.000000,100.000000,100.000000,5.0,-8.0541,-7.7121,-53.9006,-54.2425,PENDING_AG03,FALSE,NOT_FOR_ENFORCEMENT,-59.4765,7946.3521,-61.9547,-59.4765,-2.4782,-0.00667418,-0.00640722,-2.4782,-59.4765,-0.00640722,-2.4782,-2.4782,-3.0977,0.0000,0.0000,-59.4765,-0.00640722,-8.0541,-7.7121,-53.9006,-54.2425,-0.00580654,-0.00584338,-0.00026697,10.4771,11.2313,-0.0841,-2.1364,-0.2705,320.0942,25.4138,2.7638,11.0575,1.7027,8.3181,16.6362,33.2723,33.2723,33.2723,6.6545,-1.6636,4.0,4.0,1.25956,29,94,33,11,0.01845928,-0.00667418,0.09708738,0E-8,0.000000,0.891704,0.015801,-0.10571295,2026-04-04,2026-07-28,29,229,128,116,0.250000,0.249944,0.263789,0.061531,,,,,,,,GLOBAL_BASELINE_NO_ENTITY_RANKING,,,NOT_APPLICABLE_GLOBAL_BASELINE,HF9g-P5,,,,X 全窗基线 · 不参与实体赏罚,3924211,393,A168_HF9F_20260827_0900,2026-08-27 09:00:00
2026-04-04,145351320,2121,0,8.5135365231,0E-10,0E-10,,1,1,0.49324550000000000,0.493245500000,,,,0E-17,NO_DECISIVE_ROUND,R03b_20260811_FULL_v1,L1_ELIGIBILITY,v2026-08-11,2026-03-21..2026-08-06,baccarat_bet02_101_all_pairs_incl_sentinel,round_win = game_pnl > 0 (decisive only),COMPATIBILITY_ONLY_NOT_PRODUCTION,9282.7313,8277.4501,-61.9547,886,737,0.00667418,-0.09708738,0.00862557,0.00667418,61.9547,9282.7313,OK,0.0000,-2.4782,4.0000,96.0000,AG03-UNRESOLVED,ALL5_LEVELS_bet23_to_bet27,-2.4782,-2.4782,-3.0977,0.0000,0.0000,4.000000,4.000000,5.000000,0.000000,0.000000,96.000000,96.000000,95.000000,100.000000,100.000000,5.0,-8.0541,-7.7121,-53.9006,-54.2425,PENDING_AG03,FALSE,NOT_FOR_ENFORCEMENT,-59.4765,7946.3521,-61.9547,-59.4765,-2.4782,-0.00667418,-0.00640722,-2.4782,-59.4765,-0.00640722,-2.4782,-2.4782,-3.0977,0.0000,0.0000,-59.4765,-0.00640722,-8.0541,-7.7121,-53.9006,-54.2425,-0.00580654,-0.00584338,-0.00026697,10.4771,11.2313,-0.0841,-2.1364,-0.2705,320.0942,25.4138,2.7638,11.0575,1.7027,8.3181,16.6362,33.2723,33.2723,33.2723,6.6545,-1.6636,4.0,4.0,1.25956,29,94,33,11,0.01845928,-0.00667418,0.09708738,0E-8,0.000000,0.891704,0.015801,-0.10571295,2026-04-04,2026-07-28,29,229,128,116,0.250000,0.249944,0.263789,0.061531,,,,,,,,GLOBAL_BASELINE_NO_ENTITY_RANKING,,,NOT_APPLICABLE_GLOBAL_BASELINE,HF9g-P5,,,,X 全窗基线 · 不参与实体赏罚,3924212,393,A168_HF9F_20260827_0900,2026-08-27 09:00:00
2026-04-04,145351320,2127,0,76.6218287079,25.5406095693,25.5406095693,0.6666667,9,9,0.49324550000000000,0.493245500000,1.0406219574860578,1.0406219574860578,1.0406219574860578,0E-17,ELIGIBLE,R03b_20260811_FULL_v1,L1_ELIGIBILITY,v2026-08-11,2026-03-21..2026-08-06,baccarat_bet02_101_all_pairs_incl_sentinel,round_win = game_pnl > 0 (decisive only),COMPATIBILITY_ONLY_NOT_PRODUCTION,9282.7313,8277.4501,-61.9547,886,737,0.00667418,-0.09708738,0.00862557,0.00667418,61.9547,9282.7313,OK,0.0000,-2.4782,4.0000,96.0000,AG03-UNRESOLVED,ALL5_LEVELS_bet23_to_bet27,-2.4782,-2.4782,-3.0977,0.0000,0.0000,4.000000,4.000000,5.000000,0.000000,0.000000,96.000000,96.000000,95.000000,100.000000,100.000000,5.0,-8.0541,-7.7121,-53.9006,-54.2425,PENDING_AG03,FALSE,NOT_FOR_ENFORCEMENT,-59.4765,7946.3521,-61.9547,-59.4765,-2.4782,-0.00667418,-0.00640722,-2.4782,-59.4765,-0.00640722,-2.4782,-2.4782,-3.0977,0.0000,0.0000,-59.4765,-0.00640722,-8.0541,-7.7121,-53.9006,-54.2425,-0.00580654,-0.00584338,-0.00026697,10.4771,11.2313,-0.0841,-2.1364,-0.2705,320.0942,25.4138,2.7638,11.0575,1.7027,8.3181,16.6362,33.2723,33.2723,33.2723,6.6545,-1.6636,4.0,4.0,1.25956,29,94,33,11,0.01845928,-0.00667418,0.09708738,0E-8,0.000000,0.891704,0.015801,-0.10571295,2026-04-04,2026-07-28,29,229,128,116,0.250000,0.249944,0.263789,0.061531,,,,,,,,GLOBAL_BASELINE_NO_ENTITY_RANKING,,,NOT_APPLICABLE_GLOBAL_BASELINE,HF9g-P5,,,,X 全窗基线 · 不参与实体赏罚,3924213,393,A168_HF9F_20260827_0900,2026-08-27 09:00:00
2026-04-04,145351320,2142,0,25.5406095693,-8.5135365231,-8.5135365231,0.3333333,3,3,0.49324550000000000,0.493245500000,-0.5540025479526107,-0.5540025479526106,-0.5540025479526107,0E-17,ELIGIBLE,R03b_20260811_FULL_v1,L1_ELIGIBILITY,v2026-08-11,2026-03-21..2026-08-06,baccarat_bet02_101_all_pairs_incl_sentinel,round_win = game_pnl > 0 (decisive only),COMPATIBILITY_ONLY_NOT_PRODUCTION,9282.7313,8277.4501,-61.9547,886,737,0.00667418,-0.09708738,0.00862557,0.00667418,61.9547,9282.7313,OK,0.0000,-2.4782,4.0000,96.0000,AG03-UNRESOLVED,ALL5_LEVELS_bet23_to_bet27,-2.4782,-2.4782,-3.0977,0.0000,0.0000,4.000000,4.000000,5.000000,0.000000,0.000000,96.000000,96.000000,95.000000,100.000000,100.000000,5.0,-8.0541,-7.7121,-53.9006,-54.2425,PENDING_AG03,FALSE,NOT_FOR_ENFORCEMENT,-59.4765,7946.3521,-61.9547,-59.4765,-2.4782,-0.00667418,-0.00640722,-2.4782,-59.4765,-0.00640722,-2.4782,-2.4782,-3.0977,0.0000,0.0000,-59.4765,-0.00640722,-8.0541,-7.7121,-53.9006,-54.2425,-0.00580654,-0.00584338,-0.00026697,10.4771,11.2313,-0.0841,-2.1364,-0.2705,320.0942,25.4138,2.7638,11.0575,1.7027,8.3181,16.6362,33.2723,33.2723,33.2723,6.6545,-1.6636,4.0,4.0,1.25956,29,94,33,11,0.01845928,-0.00667418,0.09708738,0E-8,0.000000,0.891704,0.015801,-0.10571295,2026-04-04,2026-07-28,29,229,128,116,0.250000,0.249944,0.263789,0.061531,,,,,,,,GLOBAL_BASELINE_NO_ENTITY_RANKING,,,NOT_APPLICABLE_GLOBAL_BASELINE,HF9g-P5,,,,X 全窗基线 · 不参与实体赏罚,3924214,393,A168_HF9F_20260827_0900,2026-08-27 09:00:00
2026-04-04,145351320,2167,0,17.0270730462,0E-10,0E-10,0.5000000,2,2,0.49324550000000000,0.493245500000,0.01910635448239258,0.01910635448239258,0.01910635448239258,0E-17,ELIGIBLE,R03b_20260811_FULL_v1,L1_ELIGIBILITY,v2026-08-11,2026-03-21..2026-08-06,baccarat_bet02_101_all_pairs_incl_sentinel,round_win = game_pnl > 0 (decisive only),COMPATIBILITY_ONLY_NOT_PRODUCTION,9282.7313,8277.4501,-61.9547,886,737,0.00667418,-0.09708738,0.00862557,0.00667418,61.9547,9282.7313,OK,0.0000,-2.4782,4.0000,96.0000,AG03-UNRESOLVED,ALL5_LEVELS_bet23_to_bet27,-2.4782,-2.4782,-3.0977,0.0000,0.0000,4.000000,4.000000,5.000000,0.000000,0.000000,96.000000,96.000000,95.000000,100.000000,100.000000,5.0,-8.0541,-7.7121,-53.9006,-54.2425,PENDING_AG03,FALSE,NOT_FOR_ENFORCEMENT,-59.4765,7946.3521,-61.9547,-59.4765,-2.4782,-0.00667418,-0.00640722,-2.4782,-59.4765,-0.00640722,-2.4782,-2.4782,-3.0977,0.0000,0.0000,-59.4765,-0.00640722,-8.0541,-7.7121,-53.9006,-54.2425,-0.00580654,-0.00584338,-0.00026697,10.4771,11.2313,-0.0841,-2.1364,-0.2705,320.0942,25.4138,2.7638,11.0575,1.7027,8.3181,16.6362,33.2723,33.2723,33.2723,6.6545,-1.6636,4.0,4.0,1.25956,29,94,33,11,0.01845928,-0.00667418,0.09708738,0E-8,0.000000,0.891704,0.015801,-0.10571295,2026-04-04,2026-07-28,29,229,128,116,0.250000,0.249944,0.263789,0.061531,,,,,,,,GLOBAL_BASELINE_NO_ENTITY_RANKING,,,NOT_APPLICABLE_GLOBAL_BASELINE,HF9g-P5,,,,X 全窗基线 · 不参与实体赏罚,3924215,393,A168_HF9F_20260827_0900,2026-08-27 09:00:00
2026-04-04,145351320,2174,0,17.0270730462,-17.0270730462,-17.0270730462,0E-7,2,2,0.49324550000000000,0.493245500000,-1.3952362676504506,-1.3952362676504506,-1.3952362676504506,0E-17,ELIGIBLE,R03b_20260811_FULL_v1,L1_ELIGIBILITY,v2026-08-11,2026-03-21..2026-08-06,baccarat_bet02_101_all_pairs_incl_sentinel,round_win = game_pnl > 0 (decisive only),COMPATIBILITY_ONLY_NOT_PRODUCTION,9282.7313,8277.4501,-61.9547,886,737,0.00667418,-0.09708738,0.00862557,0.00667418,61.9547,9282.7313,OK,0.0000,-2.4782,4.0000,96.0000,AG03-UNRESOLVED,ALL5_LEVELS_bet23_to_bet27,-2.4782,-2.4782,-3.0977,0.0000,0.0000,4.000000,4.000000,5.000000,0.000000,0.000000,96.000000,96.000000,95.000000,100.000000,100.000000,5.0,-8.0541,-7.7121,-53.9006,-54.2425,PENDING_AG03,FALSE,NOT_FOR_ENFORCEMENT,-59.4765,7946.3521,-61.9547,-59.4765,-2.4782,-0.00667418,-0.00640722,-2.4782,-59.4765,-0.00640722,-2.4782,-2.4782,-3.0977,0.0000,0.0000,-59.4765,-0.00640722,-8.0541,-7.7121,-53.9006,-54.2425,-0.00580654,-0.00584338,-0.00026697,10.4771,11.2313,-0.0841,-2.1364,-0.2705,320.0942,25.4138,2.7638,11.0575,1.7027,8.3181,16.6362,33.2723,33.2723,33.2723,6.6545,-1.6636,4.0,4.0,1.25956,29,94,33,11,0.01845928,-0.00667418,0.09708738,0E-8,0.000000,0.891704,0.015801,-0.10571295,2026-04-04,2026-07-28,29,229,128,116,0.250000,0.249944,0.263789,0.061531,,,,,,,,GLOBAL_BASELINE_NO_ENTITY_RANKING,,,NOT_APPLICABLE_GLOBAL_BASELINE,HF9g-P5,,,,X 全窗基线 · 不参与实体赏罚,3924216,393,A168_HF9F_20260827_0900,2026-08-27 09:00:00
2026-04-04,145351320,2216,0,34.0541460924,17.0270730462,17.0270730462,0.7500000,4,4,0.49324550000000000,0.493245500000,1.0271117246678039,1.0271117246678039,1.0271117246678039,0E-17,ELIGIBLE,R03b_20260811_FULL_v1,L1_ELIGIBILITY,v2026-08-11,2026-03-21..2026-08-06,baccarat_bet02_101_all_pairs_incl_sentinel,round_win = game_pnl > 0 (decisive only),COMPATIBILITY_ONLY_NOT_PRODUCTION,9282.7313,8277.4501,-61.9547,886,737,0.00667418,-0.09708738,0.00862557,0.00667418,61.9547,9282.7313,OK,0.0000,-2.4782,4.0000,96.0000,AG03-UNRESOLVED,ALL5_LEVELS_bet23_to_bet27,-2.4782,-2.4782,-3.0977,0.0000,0.0000,4.000000,4.000000,5.000000,0.000000,0.000000,96.000000,96.000000,95.000000,100.000000,100.000000,5.0,-8.0541,-7.7121,-53.9006,-54.2425,PENDING_AG03,FALSE,NOT_FOR_ENFORCEMENT,-59.4765,7946.3521,-61.9547,-59.4765,-2.4782,-0.00667418,-0.00640722,-2.4782,-59.4765,-0.00640722,-2.4782,-2.4782,-3.0977,0.0000,0.0000,-59.4765,-0.00640722,-8.0541,-7.7121,-53.9006,-54.2425,-0.00580654,-0.00584338,-0.00026697,10.4771,11.2313,-0.0841,-2.1364,-0.2705,320.0942,25.4138,2.7638,11.0575,1.7027,8.3181,16.6362,33.2723,33.2723,33.2723,6.6545,-1.6636,4.0,4.0,1.25956,29,94,33,11,0.01845928,-0.00667418,0.09708738,0E-8,0.000000,0.891704,0.015801,-0.10571295,2026-04-04,2026-07-28,29,229,128,116,0.250000,0.249944,0.263789,0.061531,,,,,,,,GLOBAL_BASELINE_NO_ENTITY_RANKING,,,NOT_APPLICABLE_GLOBAL_BASELINE,HF9g-P5,,,,X 全窗基线 · 不参与实体赏罚,3924217,393,A168_HF9F_20260827_0900,2026-08-27 09:00:00
2026-04-04,145351320,2242,0,34.0541460924,0E-10,0E-10,0.5000000,4,4,0.49324550000000000,0.493245500000,0.027020465636507562,0.027020465636507562,0.027020465636507562,0E-17,ELIGIBLE,R03b_20260811_FULL_v1,L1_ELIGIBILITY,v2026-08-11,2026-03-21..2026-08-06,baccarat_bet02_101_all_pairs_incl_sentinel,round_win = game_pnl > 0 (decisive only),COMPATIBILITY_ONLY_NOT_PRODUCTION,9282.7313,8277.4501,-61.9547,886,737,0.00667418,-0.09708738,0.00862557,0.00667418,61.9547,9282.7313,OK,0.0000,-2.4782,4.0000,96.0000,AG03-UNRESOLVED,ALL5_LEVELS_bet23_to_bet27,-2.4782,-2.4782,-3.0977,0.0000,0.0000,4.000000,4.000000,5.000000,0.000000,0.000000,96.000000,96.000000,95.000000,100.000000,100.000000,5.0,-8.0541,-7.7121,-53.9006,-54.2425,PENDING_AG03,FALSE,NOT_FOR_ENFORCEMENT,-59.4765,7946.3521,-61.9547,-59.4765,-2.4782,-0.00667418,-0.00640722,-2.4782,-59.4765,-0.00640722,-2.4782,-2.4782,-3.0977,0.0000,0.0000,-59.4765,-0.00640722,-8.0541,-7.7121,-53.9006,-54.2425,-0.00580654,-0.00584338,-0.00026697,10.4771,11.2313,-0.0841,-2.1364,-0.2705,320.0942,25.4138,2.7638,11.0575,1.7027,8.3181,16.6362,33.2723,33.2723,33.2723,6.6545,-1.6636,4.0,4.0,1.25956,29,94,33,11,0.01845928,-0.00667418,0.09708738,0E-8,0.000000,0.891704,0.015801,-0.10571295,2026-04-04,2026-07-28,29,229,128,116,0.250000,0.249944,0.263789,0.061531,,,,,,,,GLOBAL_BASELINE_NO_ENTITY_RANKING,,,NOT_APPLICABLE_GLOBAL_BASELINE,HF9g-P5,,,,X 全窗基线 · 不参与实体赏罚,3924218,393,A168_HF9F_20260827_0900,2026-08-27 09:00:00
2026-04-04,145351320,2248,0,25.5406095693,25.5406095693,25.5406095693,1.0000000,3,3,0.49324550000000000,0.493245500000,1.755609282511032,1.7556092825110319,1.755609282511032,0E-17,ELIGIBLE,R03b_20260811_FULL_v1,L1_ELIGIBILITY,v2026-08-11,2026-03-21..2026-08-06,baccarat_bet02_101_all_pairs_incl_sentinel,round_win = game_pnl > 0 (decisive only),COMPATIBILITY_ONLY_NOT_PRODUCTION,9282.7313,8277.4501,-61.9547,886,737,0.00667418,-0.09708738,0.00862557,0.00667418,61.9547,9282.7313,OK,0.0000,-2.4782,4.0000,96.0000,AG03-UNRESOLVED,ALL5_LEVELS_bet23_to_bet27,-2.4782,-2.4782,-3.0977,0.0000,0.0000,4.000000,4.000000,5.000000,0.000000,0.000000,96.000000,96.000000,95.000000,100.000000,100.000000,5.0,-8.0541,-7.7121,-53.9006,-54.2425,PENDING_AG03,FALSE,NOT_FOR_ENFORCEMENT,-59.4765,7946.3521,-61.9547,-59.4765,-2.4782,-0.00667418,-0.00640722,-2.4782,-59.4765,-0.00640722,-2.4782,-2.4782,-3.0977,0.0000,0.0000,-59.4765,-0.00640722,-8.0541,-7.7121,-53.9006,-54.2425,-0.00580654,-0.00584338,-0.00026697,10.4771,11.2313,-0.0841,-2.1364,-0.2705,320.0942,25.4138,2.7638,11.0575,1.7027,8.3181,16.6362,33.2723,33.2723,33.2723,6.6545,-1.6636,4.0,4.0,1.25956,29,94,33,11,0.01845928,-0.00667418,0.09708738,0E-8,0.000000,0.891704,0.015801,-0.10571295,2026-04-04,2026-07-28,29,229,128,116,0.250000,0.249944,0.263789,0.061531,,,,,,,,GLOBAL_BASELINE_NO_ENTITY_RANKING,,,NOT_APPLICABLE_GLOBAL_BASELINE,HF9g-P5,,,,X 全窗基线 · 不参与实体赏罚,3924219,393,A168_HF9F_20260827_0900,2026-08-27 09:00:00
2026-04-04,145351320,2252,0,8.5135365231,0E-10,0E-10,,1,1,0.49324550000000000,0.493245500000,,,,0E-17,NO_DECISIVE_ROUND,R03b_20260811_FULL_v1,L1_ELIGIBILITY,v2026-08-11,2026-03-21..2026-08-06,baccarat_bet02_101_all_pairs_incl_sentinel,round_win = game_pnl > 0 (decisive only),COMPATIBILITY_ONLY_NOT_PRODUCTION,9282.7313,8277.4501,-61.9547,886,737,0.00667418,-0.09708738,0.00862557,0.00667418,61.9547,9282.7313,OK,0.0000,-2.4782,4.0000,96.0000,AG03-UNRESOLVED,ALL5_LEVELS_bet23_to_bet27,-2.4782,-2.4782,-3.0977,0.0000,0.0000,4.000000,4.000000,5.000000,0.000000,0.000000,96.000000,96.000000,95.000000,100.000000,100.000000,5.0,-8.0541,-7.7121,-53.9006,-54.2425,PENDING_AG03,FALSE,NOT_FOR_ENFORCEMENT,-59.4765,7946.3521,-61.9547,-59.4765,-2.4782,-0.00667418,-0.00640722,-2.4782,-59.4765,-0.00640722,-2.4782,-2.4782,-3.0977,0.0000,0.0000,-59.4765,-0.00640722,-8.0541,-7.7121,-53.9006,-54.2425,-0.00580654,-0.00584338,-0.00026697,10.4771,11.2313,-0.0841,-2.1364,-0.2705,320.0942,25.4138,2.7638,11.0575,1.7027,8.3181,16.6362,33.2723,33.2723,33.2723,6.6545,-1.6636,4.0,4.0,1.25956,29,94,33,11,0.01845928,-0.00667418,0.09708738,0E-8,0.000000,0.891704,0.015801,-0.10571295,2026-04-04,2026-07-28,29,229,128,116,0.250000,0.249944,0.263789,0.061531,,,,,,,,GLOBAL_BASELINE_NO_ENTITY_RANKING,,,NOT_APPLICABLE_GLOBAL_BASELINE,HF9g-P5,,,,X 全窗基线 · 不参与实体赏罚,3924220,393,A168_HF9F_20260827_0900,2026-08-27 09:00:00
2026-04-04,145351320,462,0,17.0270730462,-17.0270730462,-17.0270730462,0E-7,2,2,0.49324550000000000,0.493245500000,-1.3952362676504506,-1.3952362676504506,-1.3952362676504506,0E-17,ELIGIBLE,R03b_20260811_FULL_v1,L1_ELIGIBILITY,v2026-08-11,2026-03-21..2026-08-06,baccarat_bet02_101_all_pairs_incl_sentinel,round_win = game_pnl > 0 (decisive only),COMPATIBILITY_ONLY_NOT_PRODUCTION,9282.7313,8277.4501,-61.9547,886,737,0.00667418,-0.09708738,0.00862557,0.00667418,61.9547,9282.7313,OK,0.0000,-2.4782,4.0000,96.0000,AG03-UNRESOLVED,ALL5_LEVELS_bet23_to_bet27,-2.4782,-2.4782,-3.0977,0.0000,0.0000,4.000000,4.000000,5.000000,0.000000,0.000000,96.000000,96.000000,95.000000,100.000000,100.000000,5.0,-8.0541,-7.7121,-53.9006,-54.2425,PENDING_AG03,FALSE,NOT_FOR_ENFORCEMENT,-59.4765,7946.3521,-61.9547,-59.4765,-2.4782,-0.00667418,-0.00640722,-2.4782,-59.4765,-0.00640722,-2.4782,-2.4782,-3.0977,0.0000,0.0000,-59.4765,-0.00640722,-8.0541,-7.7121,-53.9006,-54.2425,-0.00580654,-0.00584338,-0.00026697,10.4771,11.2313,-0.0841,-2.1364,-0.2705,320.0942,25.4138,2.7638,11.0575,1.7027,8.3181,16.6362,33.2723,33.2723,33.2723,6.6545,-1.6636,4.0,4.0,1.25956,29,94,33,11,0.01845928,-0.00667418,0.09708738,0E-8,0.000000,0.891704,0.015801,-0.10571295,2026-04-04,2026-07-28,29,229,128,116,0.250000,0.249944,0.263789,0.061531,,,,,,,,GLOBAL_BASELINE_NO_ENTITY_RANKING,,,NOT_APPLICABLE_GLOBAL_BASELINE,HF9g-P5,,,,X 全窗基线 · 不参与实体赏罚,3924221,393,A168_HF9F_20260827_0900,2026-08-27 09:00:00
2026-04-04,145351320,763,0,34.0541460923,-8.5135365231,-8.5135365231,0E-7,3,3,0.49324550000000000,0.493245500000,-0.9865810262130424,-0.9865810262130424,-0.9865810262130424,0E-17,ELIGIBLE,R03b_20260811_FULL_v1,L1_ELIGIBILITY,v2026-08-11,2026-03-21..2026-08-06,baccarat_bet02_101_all_pairs_incl_sentinel,round_win = game_pnl > 0 (decisive only),COMPATIBILITY_ONLY_NOT_PRODUCTION,9282.7313,8277.4501,-61.9547,886,737,0.00667418,-0.09708738,0.00862557,0.00667418,61.9547,9282.7313,OK,0.0000,-2.4782,4.0000,96.0000,AG03-UNRESOLVED,ALL5_LEVELS_bet23_to_bet27,-2.4782,-2.4782,-3.0977,0.0000,0.0000,4.000000,4.000000,5.000000,0.000000,0.000000,96.000000,96.000000,95.000000,100.000000,100.000000,5.0,-8.0541,-7.7121,-53.9006,-54.2425,PENDING_AG03,FALSE,NOT_FOR_ENFORCEMENT,-59.4765,7946.3521,-61.9547,-59.4765,-2.4782,-0.00667418,-0.00640722,-2.4782,-59.4765,-0.00640722,-2.4782,-2.4782,-3.0977,0.0000,0.0000,-59.4765,-0.00640722,-8.0541,-7.7121,-53.9006,-54.2425,-0.00580654,-0.00584338,-0.00026697,10.4771,11.2313,-0.0841,-2.1364,-0.2705,320.0942,25.4138,2.7638,11.0575,1.7027,8.3181,16.6362,33.2723,33.2723,33.2723,6.6545,-1.6636,4.0,4.0,1.25956,29,94,33,11,0.01845928,-0.00667418,0.09708738,0E-8,0.000000,0.891704,0.015801,-0.10571295,2026-04-04,2026-07-28,29,229,128,116,0.250000,0.249944,0.263789,0.061531,,,,,,,,GLOBAL_BASELINE_NO_ENTITY_RANKING,,,NOT_APPLICABLE_GLOBAL_BASELINE,HF9g-P5,,,,X 全窗基线 · 不参与实体赏罚,3924222,393,A168_HF9F_20260827_0900,2026-08-27 09:00:00
2026-04-04,145351320,925,0,25.5406095693,8.5135365231,8.5135365231,0.6666667,3,3,0.49324550000000000,0.493245500000,0.6008033672792107,0.6008033672792106,0.6008033672792107,0E-17,ELIGIBLE,R03b_20260811_FULL_v1,L1_ELIGIBILITY,v2026-08-11,2026-03-21..2026-08-06,baccarat_bet02_101_all_pairs_incl_sentinel,round_win = game_pnl > 0 (decisive only),COMPATIBILITY_ONLY_NOT_PRODUCTION,9282.7313,8277.4501,-61.9547,886,737,0.00667418,-0.09708738,0.00862557,0.00667418,61.9547,9282.7313,OK,0.0000,-2.4782,4.0000,96.0000,AG03-UNRESOLVED,ALL5_LEVELS_bet23_to_bet27,-2.4782,-2.4782,-3.0977,0.0000,0.0000,4.000000,4.000000,5.000000,0.000000,0.000000,96.000000,96.000000,95.000000,100.000000,100.000000,5.0,-8.0541,-7.7121,-53.9006,-54.2425,PENDING_AG03,FALSE,NOT_FOR_ENFORCEMENT,-59.4765,7946.3521,-61.9547,-59.4765,-2.4782,-0.00667418,-0.00640722,-2.4782,-59.4765,-0.00640722,-2.4782,-2.4782,-3.0977,0.0000,0.0000,-59.4765,-0.00640722,-8.0541,-7.7121,-53.9006,-54.2425,-0.00580654,-0.00584338,-0.00026697,10.4771,11.2313,-0.0841,-2.1364,-0.2705,320.0942,25.4138,2.7638,11.0575,1.7027,8.3181,16.6362,33.2723,33.2723,33.2723,6.6545,-1.6636,4.0,4.0,1.25956,29,94,33,11,0.01845928,-0.00667418,0.09708738,0E-8,0.000000,0.891704,0.015801,-0.10571295,2026-04-04,2026-07-28,29,229,128,116,0.250000,0.249944,0.263789,0.061531,,,,,,,,GLOBAL_BASELINE_NO_ENTITY_RANKING,,,NOT_APPLICABLE_GLOBAL_BASELINE,HF9g-P5,,,,X 全窗基线 · 不参与实体赏罚,3924223,393,A168_HF9F_20260827_0900,2026-08-27 09:00:00
2026-04-05,145351320,1078,0,6.8108292184,0E-10,0E-10,0.5000000,2,2,0.49324550000000000,0.493245500000,0.01910635448239258,0.01910635448239258,0.01910635448239258,0E-17,ELIGIBLE,R03b_20260811_FULL_v1,L1_ELIGIBILITY,v2026-08-11,2026-03-21..2026-08-06,baccarat_bet02_101_all_pairs_incl_sentinel,round_win = game_pnl > 0 (decisive only),COMPATIBILITY_ONLY_NOT_PRODUCTION,9282.7313,8277.4501,-61.9547,886,737,0.00667418,-0.09708738,0.00862557,0.00667418,61.9547,9282.7313,OK,0.0000,-2.4782,4.0000,96.0000,AG03-UNRESOLVED,ALL5_LEVELS_bet23_to_bet27,-2.4782,-2.4782,-3.0977,0.0000,0.0000,4.000000,4.000000,5.000000,0.000000,0.000000,96.000000,96.000000,95.000000,100.000000,100.000000,5.0,-8.0541,-7.7121,-53.9006,-54.2425,PENDING_AG03,FALSE,NOT_FOR_ENFORCEMENT,-59.4765,7946.3521,-61.9547,-59.4765,-2.4782,-0.00667418,-0.00640722,-2.4782,-59.4765,-0.00640722,-2.4782,-2.4782,-3.0977,0.0000,0.0000,-59.4765,-0.00640722,-8.0541,-7.7121,-53.9006,-54.2425,-0.00580654,-0.00584338,-0.00026697,10.4771,11.2313,-0.0841,-2.1364,-0.2705,320.0942,25.4138,2.7638,11.0575,1.7027,8.3181,16.6362,33.2723,33.2723,33.2723,6.6545,-1.6636,4.0,4.0,1.25956,29,94,33,11,0.01845928,-0.00667418,0.09708738,0E-8,0.000000,0.891704,0.015801,-0.10571295,2026-04-04,2026-07-28,29,229,128,116,0.250000,0.249944,0.263789,0.061531,,,,,,,,GLOBAL_BASELINE_NO_ENTITY_RANKING,,,NOT_APPLICABLE_GLOBAL_BASELINE,HF9g-P5,,,,X 全窗基线 · 不参与实体赏罚,3924224,393,A168_HF9F_20260827_0900,2026-08-27 09:00:00
2026-04-05,145351320,1299,0,10.2162438276,3.4054146092,3.4054146092,0.6666667,3,3,0.49324550000000000,0.493245500000,0.6008033672792107,0.6008033672792106,0.6008033672792107,0E-17,ELIGIBLE,R03b_20260811_FULL_v1,L1_ELIGIBILITY,v2026-08-11,2026-03-21..2026-08-06,baccarat_bet02_101_all_pairs_incl_sentinel,round_win = game_pnl > 0 (decisive only),COMPATIBILITY_ONLY_NOT_PRODUCTION,9282.7313,8277.4501,-61.9547,886,737,0.00667418,-0.09708738,0.00862557,0.00667418,61.9547,9282.7313,OK,0.0000,-2.4782,4.0000,96.0000,AG03-UNRESOLVED,ALL5_LEVELS_bet23_to_bet27,-2.4782,-2.4782,-3.0977,0.0000,0.0000,4.000000,4.000000,5.000000,0.000000,0.000000,96.000000,96.000000,95.000000,100.000000,100.000000,5.0,-8.0541,-7.7121,-53.9006,-54.2425,PENDING_AG03,FALSE,NOT_FOR_ENFORCEMENT,-59.4765,7946.3521,-61.9547,-59.4765,-2.4782,-0.00667418,-0.00640722,-2.4782,-59.4765,-0.00640722,-2.4782,-2.4782,-3.0977,0.0000,0.0000,-59.4765,-0.00640722,-8.0541,-7.7121,-53.9006,-54.2425,-0.00580654,-0.00584338,-0.00026697,10.4771,11.2313,-0.0841,-2.1364,-0.2705,320.0942,25.4138,2.7638,11.0575,1.7027,8.3181,16.6362,33.2723,33.2723,33.2723,6.6545,-1.6636,4.0,4.0,1.25956,29,94,33,11,0.01845928,-0.00667418,0.09708738,0E-8,0.000000,0.891704,0.015801,-0.10571295,2026-04-04,2026-07-28,29,229,128,116,0.250000,0.249944,0.263789,0.061531,,,,,,,,GLOBAL_BASELINE_NO_ENTITY_RANKING,,,NOT_APPLICABLE_GLOBAL_BASELINE,HF9g-P5,,,,X 全窗基线 · 不参与实体赏罚,3924225,393,A168_HF9F_20260827_0900,2026-08-27 09:00:00
2026-04-05,145351320,1304,0,5.1081219138,-5.1081219138,-5.1081219138,0E-7,3,1,0.08133316666666667,0.081333166667,-0.29754648362508096,-0.2975464836257447,-0.29754648362508096,-3.3333E-13,ELIGIBLE,R03b_20260811_FULL_v1,L1_ELIGIBILITY,v2026-08-11,2026-03-21..2026-08-06,baccarat_bet02_101_all_pairs_incl_sentinel,round_win = game_pnl > 0 (decisive only),COMPATIBILITY_ONLY_NOT_PRODUCTION,9282.7313,8277.4501,-61.9547,886,737,0.00667418,-0.09708738,0.00862557,0.00667418,61.9547,9282.7313,OK,0.0000,-2.4782,4.0000,96.0000,AG03-UNRESOLVED,ALL5_LEVELS_bet23_to_bet27,-2.4782,-2.4782,-3.0977,0.0000,0.0000,4.000000,4.000000,5.000000,0.000000,0.000000,96.000000,96.000000,95.000000,100.000000,100.000000,5.0,-8.0541,-7.7121,-53.9006,-54.2425,PENDING_AG03,FALSE,NOT_FOR_ENFORCEMENT,-59.4765,7946.3521,-61.9547,-59.4765,-2.4782,-0.00667418,-0.00640722,-2.4782,-59.4765,-0.00640722,-2.4782,-2.4782,-3.0977,0.0000,0.0000,-59.4765,-0.00640722,-8.0541,-7.7121,-53.9006,-54.2425,-0.00580654,-0.00584338,-0.00026697,10.4771,11.2313,-0.0841,-2.1364,-0.2705,320.0942,25.4138,2.7638,11.0575,1.7027,8.3181,16.6362,33.2723,33.2723,33.2723,6.6545,-1.6636,4.0,4.0,1.25956,29,94,33,11,0.01845928,-0.00667418,0.09708738,0E-8,0.000000,0.891704,0.015801,-0.10571295,2026-04-04,2026-07-28,29,229,128,116,0.250000,0.249944,0.263789,0.061531,,,,,,,,GLOBAL_BASELINE_NO_ENTITY_RANKING,,,NOT_APPLICABLE_GLOBAL_BASELINE,HF9g-P5,,,,X 全窗基线 · 不参与实体赏罚,3924226,393,A168_HF9F_20260827_0900,2026-08-27 09:00:00
2026-04-05,145351320,1940,0,5.1081219138,-1.7027073046,-1.7027073046,0.5000000,2,2,0.49324550000000000,0.493245500000,0.01910635448239258,0.01910635448239258,0.01910635448239258,0E-17,ELIGIBLE,R03b_20260811_FULL_v1,L1_ELIGIBILITY,v2026-08-11,2026-03-21..2026-08-06,baccarat_bet02_101_all_pairs_incl_sentinel,round_win = game_pnl > 0 (decisive only),COMPATIBILITY_ONLY_NOT_PRODUCTION,9282.7313,8277.4501,-61.9547,886,737,0.00667418,-0.09708738,0.00862557,0.00667418,61.9547,9282.7313,OK,0.0000,-2.4782,4.0000,96.0000,AG03-UNRESOLVED,ALL5_LEVELS_bet23_to_bet27,-2.4782,-2.4782,-3.0977,0.0000,0.0000,4.000000,4.000000,5.000000,0.000000,0.000000,96.000000,96.000000,95.000000,100.000000,100.000000,5.0,-8.0541,-7.7121,-53.9006,-54.2425,PENDING_AG03,FALSE,NOT_FOR_ENFORCEMENT,-59.4765,7946.3521,-61.9547,-59.4765,-2.4782,-0.00667418,-0.00640722,-2.4782,-59.4765,-0.00640722,-2.4782,-2.4782,-3.0977,0.0000,0.0000,-59.4765,-0.00640722,-8.0541,-7.7121,-53.9006,-54.2425,-0.00580654,-0.00584338,-0.00026697,10.4771,11.2313,-0.0841,-2.1364,-0.2705,320.0942,25.4138,2.7638,11.0575,1.7027,8.3181,16.6362,33.2723,33.2723,33.2723,6.6545,-1.6636,4.0,4.0,1.25956,29,94,33,11,0.01845928,-0.00667418,0.09708738,0E-8,0.000000,0.891704,0.015801,-0.10571295,2026-04-04,2026-07-28,29,229,128,116,0.250000,0.249944,0.263789,0.061531,,,,,,,,GLOBAL_BASELINE_NO_ENTITY_RANKING,,,NOT_APPLICABLE_GLOBAL_BASELINE,HF9g-P5,,,,X 全窗基线 · 不参与实体赏罚,3924227,393,A168_HF9F_20260827_0900,2026-08-27 09:00:00
2026-04-05,145351320,1963,0,6.8108292184,0E-10,0E-10,0.5000000,2,2,0.49324550000000000,0.493245500000,0.01910635448239258,0.01910635448239258,0.01910635448239258,0E-17,ELIGIBLE,R03b_20260811_FULL_v1,L1_ELIGIBILITY,v2026-08-11,2026-03-21..2026-08-06,baccarat_bet02_101_all_pairs_incl_sentinel,round_win = game_pnl > 0 (decisive only),COMPATIBILITY_ONLY_NOT_PRODUCTION,9282.7313,8277.4501,-61.9547,886,737,0.00667418,-0.09708738,0.00862557,0.00667418,61.9547,9282.7313,OK,0.0000,-2.4782,4.0000,96.0000,AG03-UNRESOLVED,ALL5_LEVELS_bet23_to_bet27,-2.4782,-2.4782,-3.0977,0.0000,0.0000,4.000000,4.000000,5.000000,0.000000,0.000000,96.000000,96.000000,95.000000,100.000000,100.000000,5.0,-8.0541,-7.7121,-53.9006,-54.2425,PENDING_AG03,FALSE,NOT_FOR_ENFORCEMENT,-59.4765,7946.3521,-61.9547,-59.4765,-2.4782,-0.00667418,-0.00640722,-2.4782,-59.4765,-0.00640722,-2.4782,-2.4782,-3.0977,0.0000,0.0000,-59.4765,-0.00640722,-8.0541,-7.7121,-53.9006,-54.2425,-0.00580654,-0.00584338,-0.00026697,10.4771,11.2313,-0.0841,-2.1364,-0.2705,320.0942,25.4138,2.7638,11.0575,1.7027,8.3181,16.6362,33.2723,33.2723,33.2723,6.6545,-1.6636,4.0,4.0,1.25956,29,94,33,11,0.01845928,-0.00667418,0.09708738,0E-8,0.000000,0.891704,0.015801,-0.10571295,2026-04-04,2026-07-28,29,229,128,116,0.250000,0.249944,0.263789,0.061531,,,,,,,,GLOBAL_BASELINE_NO_ENTITY_RANKING,,,NOT_APPLICABLE_GLOBAL_BASELINE,HF9g-P5,,,,X 全窗基线 · 不参与实体赏罚,3924228,393,A168_HF9F_20260827_0900,2026-08-27 09:00:00
2026-04-05,145351320,2220,0,3.4054146092,-3.4054146092,-3.4054146092,0E-7,1,1,0.49324550000000000,0.493245500000,-0.9865810262130424,-0.9865810262130424,-0.9865810262130424,0E-17,ELIGIBLE,R03b_20260811_FULL_v1,L1_ELIGIBILITY,v2026-08-11,2026-03-21..2026-08-06,baccarat_bet02_101_all_pairs_incl_sentinel,round_win = game_pnl > 0 (decisive only),COMPATIBILITY_ONLY_NOT_PRODUCTION,9282.7313,8277.4501,-61.9547,886,737,0.00667418,-0.09708738,0.00862557,0.00667418,61.9547,9282.7313,OK,0.0000,-2.4782,4.0000,96.0000,AG03-UNRESOLVED,ALL5_LEVELS_bet23_to_bet27,-2.4782,-2.4782,-3.0977,0.0000,0.0000,4.000000,4.000000,5.000000,0.000000,0.000000,96.000000,96.000000,95.000000,100.000000,100.000000,5.0,-8.0541,-7.7121,-53.9006,-54.2425,PENDING_AG03,FALSE,NOT_FOR_ENFORCEMENT,-59.4765,7946.3521,-61.9547,-59.4765,-2.4782,-0.00667418,-0.00640722,-2.4782,-59.4765,-0.00640722,-2.4782,-2.4782,-3.0977,0.0000,0.0000,-59.4765,-0.00640722,-8.0541,-7.7121,-53.9006,-54.2425,-0.00580654,-0.00584338,-0.00026697,10.4771,11.2313,-0.0841,-2.1364,-0.2705,320.0942,25.4138,2.7638,11.0575,1.7027,8.3181,16.6362,33.2723,33.2723,33.2723,6.6545,-1.6636,4.0,4.0,1.25956,29,94,33,11,0.01845928,-0.00667418,0.09708738,0E-8,0.000000,0.891704,0.015801,-0.10571295,2026-04-04,2026-07-28,29,229,128,116,0.250000,0.249944,0.263789,0.061531,,,,,,,,GLOBAL_BASELINE_NO_ENTITY_RANKING,,,NOT_APPLICABLE_GLOBAL_BASELINE,HF9g-P5,,,,X 全窗基线 · 不参与实体赏罚,3924229,393,A168_HF9F_20260827_0900,2026-08-27 09:00:00
2026-04-05,145351320,763,0,10.2162438277,3.4054146092,3.4054146092,1.0000000,2,2,0.49324550000000000,0.493245500000,1.01360149184955,1.01360149184955,1.01360149184955,0E-17,ELIGIBLE,R03b_20260811_FULL_v1,L1_ELIGIBILITY,v2026-08-11,2026-03-21..2026-08-06,baccarat_bet02_101_all_pairs_incl_sentinel,round_win = game_pnl > 0 (decisive only),COMPATIBILITY_ONLY_NOT_PRODUCTION,9282.7313,8277.4501,-61.9547,886,737,0.00667418,-0.09708738,0.00862557,0.00667418,61.9547,9282.7313,OK,0.0000,-2.4782,4.0000,96.0000,AG03-UNRESOLVED,ALL5_LEVELS_bet23_to_bet27,-2.4782,-2.4782,-3.0977,0.0000,0.0000,4.000000,4.000000,5.000000,0.000000,0.000000,96.000000,96.000000,95.000000,100.000000,100.000000,5.0,-8.0541,-7.7121,-53.9006,-54.2425,PENDING_AG03,FALSE,NOT_FOR_ENFORCEMENT,-59.4765,7946.3521,-61.9547,-59.4765,-2.4782,-0.00667418,-0.00640722,-2.4782,-59.4765,-0.00640722,-2.4782,-2.4782,-3.0977,0.0000,0.0000,-59.4765,-0.00640722,-8.0541,-7.7121,-53.9006,-54.2425,-0.00580654,-0.00584338,-0.00026697,10.4771,11.2313,-0.0841,-2.1364,-0.2705,320.0942,25.4138,2.7638,11.0575,1.7027,8.3181,16.6362,33.2723,33.2723,33.2723,6.6545,-1.6636,4.0,4.0,1.25956,29,94,33,11,0.01845928,-0.00667418,0.09708738,0E-8,0.000000,0.891704,0.015801,-0.10571295,2026-04-04,2026-07-28,29,229,128,116,0.250000,0.249944,0.263789,0.061531,,,,,,,,GLOBAL_BASELINE_NO_ENTITY_RANKING,,,NOT_APPLICABLE_GLOBAL_BASELINE,HF9g-P5,,,,X 全窗基线 · 不参与实体赏罚,3924230,393,A168_HF9F_20260827_0900,2026-08-27 09:00:00
2026-04-09,145351320,-1,1,6.8108292184,3.4054146092,3.4054146092,0.7500000,4,4,0.49324550000000000,0.493245500000,1.0271117246678039,1.0271117246678039,1.0271117246678039,0E-17,SENTINEL_DEALER,R03b_20260811_FULL_v1,L1_ELIGIBILITY,v2026-08-11,2026-03-21..2026-08-06,baccarat_bet02_101_all_pairs_incl_sentinel,round_win = game_pnl > 0 (decisive only),COMPATIBILITY_ONLY_NOT_PRODUCTION,9282.7313,8277.4501,-61.9547,886,737,0.00667418,-0.09708738,0.00862557,0.00667418,61.9547,9282.7313,OK,0.0000,-2.4782,4.0000,96.0000,AG03-UNRESOLVED,ALL5_LEVELS_bet23_to_bet27,-2.4782,-2.4782,-3.0977,0.0000,0.0000,4.000000,4.000000,5.000000,0.000000,0.000000,96.000000,96.000000,95.000000,100.000000,100.000000,5.0,-8.0541,-7.7121,-53.9006,-54.2425,PENDING_AG03,FALSE,NOT_FOR_ENFORCEMENT,-59.4765,7946.3521,-61.9547,-59.4765,-2.4782,-0.00667418,-0.00640722,-2.4782,-59.4765,-0.00640722,-2.4782,-2.4782,-3.0977,0.0000,0.0000,-59.4765,-0.00640722,-8.0541,-7.7121,-53.9006,-54.2425,-0.00580654,-0.00584338,-0.00026697,10.4771,11.2313,-0.0841,-2.1364,-0.2705,320.0942,25.4138,2.7638,11.0575,1.7027,8.3181,16.6362,33.2723,33.2723,33.2723,6.6545,-1.6636,4.0,4.0,1.25956,29,94,33,11,0.01845928,-0.00667418,0.09708738,0E-8,0.000000,0.891704,0.015801,-0.10571295,2026-04-04,2026-07-28,29,229,128,116,0.250000,0.249944,0.263789,0.061531,,,,,,,,GLOBAL_BASELINE_NO_ENTITY_RANKING,,,NOT_APPLICABLE_GLOBAL_BASELINE,HF9g-P5,,,,X 全窗基线 · 不参与实体赏罚,3924231,393,A168_HF9F_20260827_0900,2026-08-27 09:00:00
2026-04-09,145351320,1151,0,1.7027073046,-1.7027073046,-1.7027073046,0E-7,1,1,0.49324550000000000,0.493245500000,-0.9865810262130424,-0.9865810262130424,-0.9865810262130424,0E-17,ELIGIBLE,R03b_20260811_FULL_v1,L1_ELIGIBILITY,v2026-08-11,2026-03-21..2026-08-06,baccarat_bet02_101_all_pairs_incl_sentinel,round_win = game_pnl > 0 (decisive only),COMPATIBILITY_ONLY_NOT_PRODUCTION,9282.7313,8277.4501,-61.9547,886,737,0.00667418,-0.09708738,0.00862557,0.00667418,61.9547,9282.7313,OK,0.0000,-2.4782,4.0000,96.0000,AG03-UNRESOLVED,ALL5_LEVELS_bet23_to_bet27,-2.4782,-2.4782,-3.0977,0.0000,0.0000,4.000000,4.000000,5.000000,0.000000,0.000000,96.000000,96.000000,95.000000,100.000000,100.000000,5.0,-8.0541,-7.7121,-53.9006,-54.2425,PENDING_AG03,FALSE,NOT_FOR_ENFORCEMENT,-59.4765,7946.3521,-61.9547,-59.4765,-2.4782,-0.00667418,-0.00640722,-2.4782,-59.4765,-0.00640722,-2.4782,-2.4782,-3.0977,0.0000,0.0000,-59.4765,-0.00640722,-8.0541,-7.7121,-53.9006,-54.2425,-0.00580654,-0.00584338,-0.00026697,10.4771,11.2313,-0.0841,-2.1364,-0.2705,320.0942,25.4138,2.7638,11.0575,1.7027,8.3181,16.6362,33.2723,33.2723,33.2723,6.6545,-1.6636,4.0,4.0,1.25956,29,94,33,11,0.01845928,-0.00667418,0.09708738,0E-8,0.000000,0.891704,0.015801,-0.10571295,2026-04-04,2026-07-28,29,229,128,116,0.250000,0.249944,0.263789,0.061531,,,,,,,,GLOBAL_BASELINE_NO_ENTITY_RANKING,,,NOT_APPLICABLE_GLOBAL_BASELINE,HF9g-P5,,,,X 全窗基线 · 不参与实体赏罚,3924232,393,A168_HF9F_20260827_0900,2026-08-27 09:00:00
2026-04-09,145351320,1302,0,1.7027073046,-1.7027073046,-1.7027073046,0E-7,1,1,0.49324550000000000,0.493245500000,-0.9865810262130424,-0.9865810262130424,-0.9865810262130424,0E-17,ELIGIBLE,R03b_20260811_FULL_v1,L1_ELIGIBILITY,v2026-08-11,2026-03-21..2026-08-06,baccarat_bet02_101_all_pairs_incl_sentinel,round_win = game_pnl > 0 (decisive only),COMPATIBILITY_ONLY_NOT_PRODUCTION,9282.7313,8277.4501,-61.9547,886,737,0.00667418,-0.09708738,0.00862557,0.00667418,61.9547,9282.7313,OK,0.0000,-2.4782,4.0000,96.0000,AG03-UNRESOLVED,ALL5_LEVELS_bet23_to_bet27,-2.4782,-2.4782,-3.0977,0.0000,0.0000,4.000000,4.000000,5.000000,0.000000,0.000000,96.000000,96.000000,95.000000,100.000000,100.000000,5.0,-8.0541,-7.7121,-53.9006,-54.2425,PENDING_AG03,FALSE,NOT_FOR_ENFORCEMENT,-59.4765,7946.3521,-61.9547,-59.4765,-2.4782,-0.00667418,-0.00640722,-2.4782,-59.4765,-0.00640722,-2.4782,-2.4782,-3.0977,0.0000,0.0000,-59.4765,-0.00640722,-8.0541,-7.7121,-53.9006,-54.2425,-0.00580654,-0.00584338,-0.00026697,10.4771,11.2313,-0.0841,-2.1364,-0.2705,320.0942,25.4138,2.7638,11.0575,1.7027,8.3181,16.6362,33.2723,33.2723,33.2723,6.6545,-1.6636,4.0,4.0,1.25956,29,94,33,11,0.01845928,-0.00667418,0.09708738,0E-8,0.000000,0.891704,0.015801,-0.10571295,2026-04-04,2026-07-28,29,229,128,116,0.250000,0.249944,0.263789,0.061531,,,,,,,,GLOBAL_BASELINE_NO_ENTITY_RANKING,,,NOT_APPLICABLE_GLOBAL_BASELINE,HF9g-P5,,,,X 全窗基线 · 不参与实体赏罚,3924233,393,A168_HF9F_20260827_0900,2026-08-27 09:00:00
2026-04-09,145351320,1485,0,15.3243657415,15.3243657415,15.3243657415,1.0000000,3,3,0.49324550000000000,0.493245500000,1.755609282511032,1.7556092825110319,1.755609282511032,0E-17,ELIGIBLE,R03b_20260811_FULL_v1,L1_ELIGIBILITY,v2026-08-11,2026-03-21..2026-08-06,baccarat_bet02_101_all_pairs_incl_sentinel,round_win = game_pnl > 0 (decisive only),COMPATIBILITY_ONLY_NOT_PRODUCTION,9282.7313,8277.4501,-61.9547,886,737,0.00667418,-0.09708738,0.00862557,0.00667418,61.9547,9282.7313,OK,0.0000,-2.4782,4.0000,96.0000,AG03-UNRESOLVED,ALL5_LEVELS_bet23_to_bet27,-2.4782,-2.4782,-3.0977,0.0000,0.0000,4.000000,4.000000,5.000000,0.000000,0.000000,96.000000,96.000000,95.000000,100.000000,100.000000,5.0,-8.0541,-7.7121,-53.9006,-54.2425,PENDING_AG03,FALSE,NOT_FOR_ENFORCEMENT,-59.4765,7946.3521,-61.9547,-59.4765,-2.4782,-0.00667418,-0.00640722,-2.4782,-59.4765,-0.00640722,-2.4782,-2.4782,-3.0977,0.0000,0.0000,-59.4765,-0.00640722,-8.0541,-7.7121,-53.9006,-54.2425,-0.00580654,-0.00584338,-0.00026697,10.4771,11.2313,-0.0841,-2.1364,-0.2705,320.0942,25.4138,2.7638,11.0575,1.7027,8.3181,16.6362,33.2723,33.2723,33.2723,6.6545,-1.6636,4.0,4.0,1.25956,29,94,33,11,0.01845928,-0.00667418,0.09708738,0E-8,0.000000,0.891704,0.015801,-0.10571295,2026-04-04,2026-07-28,29,229,128,116,0.250000,0.249944,0.263789,0.061531,,,,,,,,GLOBAL_BASELINE_NO_ENTITY_RANKING,,,NOT_APPLICABLE_GLOBAL_BASELINE,HF9g-P5,,,,X 全窗基线 · 不参与实体赏罚,3924234,393,A168_HF9F_20260827_0900,2026-08-27 09:00:00
2026-04-09,145351320,2101,0,1.7027073046,1.7027073046,1.7027073046,1.0000000,1,1,0.49324550000000000,0.493245500000,1.01360149184955,1.01360149184955,1.01360149184955,0E-17,ELIGIBLE,R03b_20260811_FULL_v1,L1_ELIGIBILITY,v2026-08-11,2026-03-21..2026-08-06,baccarat_bet02_101_all_pairs_incl_sentinel,round_win = game_pnl > 0 (decisive only),COMPATIBILITY_ONLY_NOT_PRODUCTION,9282.7313,8277.4501,-61.9547,886,737,0.00667418,-0.09708738,0.00862557,0.00667418,61.9547,9282.7313,OK,0.0000,-2.4782,4.0000,96.0000,AG03-UNRESOLVED,ALL5_LEVELS_bet23_to_bet27,-2.4782,-2.4782,-3.0977,0.0000,0.0000,4.000000,4.000000,5.000000,0.000000,0.000000,96.000000,96.000000,95.000000,100.000000,100.000000,5.0,-8.0541,-7.7121,-53.9006,-54.2425,PENDING_AG03,FALSE,NOT_FOR_ENFORCEMENT,-59.4765,7946.3521,-61.9547,-59.4765,-2.4782,-0.00667418,-0.00640722,-2.4782,-59.4765,-0.00640722,-2.4782,-2.4782,-3.0977,0.0000,0.0000,-59.4765,-0.00640722,-8.0541,-7.7121,-53.9006,-54.2425,-0.00580654,-0.00584338,-0.00026697,10.4771,11.2313,-0.0841,-2.1364,-0.2705,320.0942,25.4138,2.7638,11.0575,1.7027,8.3181,16.6362,33.2723,33.2723,33.2723,6.6545,-1.6636,4.0,4.0,1.25956,29,94,33,11,0.01845928,-0.00667418,0.09708738,0E-8,0.000000,0.891704,0.015801,-0.10571295,2026-04-04,2026-07-28,29,229,128,116,0.250000,0.249944,0.263789,0.061531,,,,,,,,GLOBAL_BASELINE_NO_ENTITY_RANKING,,,NOT_APPLICABLE_GLOBAL_BASELINE,HF9g-P5,,,,X 全窗基线 · 不参与实体赏罚,3924235,393,A168_HF9F_20260827_0900,2026-08-27 09:00:00
2026-04-09,145351320,2139,0,1.7027073046,1.7027073046,1.7027073046,1.0000000,1,1,0.49324550000000000,0.493245500000,1.01360149184955,1.01360149184955,1.01360149184955,0E-17,ELIGIBLE,R03b_20260811_FULL_v1,L1_ELIGIBILITY,v2026-08-11,2026-03-21..2026-08-06,baccarat_bet02_101_all_pairs_incl_sentinel,round_win = game_pnl > 0 (decisive only),COMPATIBILITY_ONLY_NOT_PRODUCTION,9282.7313,8277.4501,-61.9547,886,737,0.00667418,-0.09708738,0.00862557,0.00667418,61.9547,9282.7313,OK,0.0000,-2.4782,4.0000,96.0000,AG03-UNRESOLVED,ALL5_LEVELS_bet23_to_bet27,-2.4782,-2.4782,-3.0977,0.0000,0.0000,4.000000,4.000000,5.000000,0.000000,0.000000,96.000000,96.000000,95.000000,100.000000,100.000000,5.0,-8.0541,-7.7121,-53.9006,-54.2425,PENDING_AG03,FALSE,NOT_FOR_ENFORCEMENT,-59.4765,7946.3521,-61.9547,-59.4765,-2.4782,-0.00667418,-0.00640722,-2.4782,-59.4765,-0.00640722,-2.4782,-2.4782,-3.0977,0.0000,0.0000,-59.4765,-0.00640722,-8.0541,-7.7121,-53.9006,-54.2425,-0.00580654,-0.00584338,-0.00026697,10.4771,11.2313,-0.0841,-2.1364,-0.2705,320.0942,25.4138,2.7638,11.0575,1.7027,8.3181,16.6362,33.2723,33.2723,33.2723,6.6545,-1.6636,4.0,4.0,1.25956,29,94,33,11,0.01845928,-0.00667418,0.09708738,0E-8,0.000000,0.891704,0.015801,-0.10571295,2026-04-04,2026-07-28,29,229,128,116,0.250000,0.249944,0.263789,0.061531,,,,,,,,GLOBAL_BASELINE_NO_ENTITY_RANKING,,,NOT_APPLICABLE_GLOBAL_BASELINE,HF9g-P5,,,,X 全窗基线 · 不参与实体赏罚,3924236,393,A168_HF9F_20260827_0900,2026-08-27 09:00:00
2026-04-09,145351320,2156,0,15.3243657414,-5.1081219138,-5.1081219138,0.5000000,8,4,0.38889154500000000,0.388891545000,0.4558308428763194,0.4558308428763195,0.4558308428763194,0E-17,ELIGIBLE,R03b_20260811_FULL_v1,L1_ELIGIBILITY,v2026-08-11,2026-03-21..2026-08-06,baccarat_bet02_101_all_pairs_incl_sentinel,round_win = game_pnl > 0 (decisive only),COMPATIBILITY_ONLY_NOT_PRODUCTION,9282.7313,8277.4501,-61.9547,886,737,0.00667418,-0.09708738,0.00862557,0.00667418,61.9547,9282.7313,OK,0.0000,-2.4782,4.0000,96.0000,AG03-UNRESOLVED,ALL5_LEVELS_bet23_to_bet27,-2.4782,-2.4782,-3.0977,0.0000,0.0000,4.000000,4.000000,5.000000,0.000000,0.000000,96.000000,96.000000,95.000000,100.000000,100.000000,5.0,-8.0541,-7.7121,-53.9006,-54.2425,PENDING_AG03,FALSE,NOT_FOR_ENFORCEMENT,-59.4765,7946.3521,-61.9547,-59.4765,-2.4782,-0.00667418,-0.00640722,-2.4782,-59.4765,-0.00640722,-2.4782,-2.4782,-3.0977,0.0000,0.0000,-59.4765,-0.00640722,-8.0541,-7.7121,-53.9006,-54.2425,-0.00580654,-0.00584338,-0.00026697,10.4771,11.2313,-0.0841,-2.1364,-0.2705,320.0942,25.4138,2.7638,11.0575,1.7027,8.3181,16.6362,33.2723,33.2723,33.2723,6.6545,-1.6636,4.0,4.0,1.25956,29,94,33,11,0.01845928,-0.00667418,0.09708738,0E-8,0.000000,0.891704,0.015801,-0.10571295,2026-04-04,2026-07-28,29,229,128,116,0.250000,0.249944,0.263789,0.061531,,,,,,,,GLOBAL_BASELINE_NO_ENTITY_RANKING,,,NOT_APPLICABLE_GLOBAL_BASELINE,HF9g-P5,,,,X 全窗基线 · 不参与实体赏罚,3924237,393,A168_HF9F_20260827_0900,2026-08-27 09:00:00
2026-04-09,145351320,2174,0,3.4054146092,-3.4054146092,-3.4054146092,0E-7,2,1,0.07469835000000000,0.074698350000,-0.2841278703448948,-0.28412787034489473,-0.2841278703448948,0E-17,ELIGIBLE,R03b_20260811_FULL_v1,L1_ELIGIBILITY,v2026-08-11,2026-03-21..2026-08-06,baccarat_bet02_101_all_pairs_incl_sentinel,round_win = game_pnl > 0 (decisive only),COMPATIBILITY_ONLY_NOT_PRODUCTION,9282.7313,8277.4501,-61.9547,886,737,0.00667418,-0.09708738,0.00862557,0.00667418,61.9547,9282.7313,OK,0.0000,-2.4782,4.0000,96.0000,AG03-UNRESOLVED,ALL5_LEVELS_bet23_to_bet27,-2.4782,-2.4782,-3.0977,0.0000,0.0000,4.000000,4.000000,5.000000,0.000000,0.000000,96.000000,96.000000,95.000000,100.000000,100.000000,5.0,-8.0541,-7.7121,-53.9006,-54.2425,PENDING_AG03,FALSE,NOT_FOR_ENFORCEMENT,-59.4765,7946.3521,-61.9547,-59.4765,-2.4782,-0.00667418,-0.00640722,-2.4782,-59.4765,-0.00640722,-2.4782,-2.4782,-3.0977,0.0000,0.0000,-59.4765,-0.00640722,-8.0541,-7.7121,-53.9006,-54.2425,-0.00580654,-0.00584338,-0.00026697,10.4771,11.2313,-0.0841,-2.1364,-0.2705,320.0942,25.4138,2.7638,11.0575,1.7027,8.3181,16.6362,33.2723,33.2723,33.2723,6.6545,-1.6636,4.0,4.0,1.25956,29,94,33,11,0.01845928,-0.00667418,0.09708738,0E-8,0.000000,0.891704,0.015801,-0.10571295,2026-04-04,2026-07-28,29,229,128,116,0.250000,0.249944,0.263789,0.061531,,,,,,,,GLOBAL_BASELINE_NO_ENTITY_RANKING,,,NOT_APPLICABLE_GLOBAL_BASELINE,HF9g-P5,,,,X 全窗基线 · 不参与实体赏罚,3924238,393,A168_HF9F_20260827_0900,2026-08-27 09:00:00
2026-04-09,145351320,2188,0,3.4054146092,0E-10,0E-10,0.5000000,2,2,0.49324550000000000,0.493245500000,0.01910635448239258,0.01910635448239258,0.01910635448239258,0E-17,ELIGIBLE,R03b_20260811_FULL_v1,L1_ELIGIBILITY,v2026-08-11,2026-03-21..2026-08-06,baccarat_bet02_101_all_pairs_incl_sentinel,round_win = game_pnl > 0 (decisive only),COMPATIBILITY_ONLY_NOT_PRODUCTION,9282.7313,8277.4501,-61.9547,886,737,0.00667418,-0.09708738,0.00862557,0.00667418,61.9547,9282.7313,OK,0.0000,-2.4782,4.0000,96.0000,AG03-UNRESOLVED,ALL5_LEVELS_bet23_to_bet27,-2.4782,-2.4782,-3.0977,0.0000,0.0000,4.000000,4.000000,5.000000,0.000000,0.000000,96.000000,96.000000,95.000000,100.000000,100.000000,5.0,-8.0541,-7.7121,-53.9006,-54.2425,PENDING_AG03,FALSE,NOT_FOR_ENFORCEMENT,-59.4765,7946.3521,-61.9547,-59.4765,-2.4782,-0.00667418,-0.00640722,-2.4782,-59.4765,-0.00640722,-2.4782,-2.4782,-3.0977,0.0000,0.0000,-59.4765,-0.00640722,-8.0541,-7.7121,-53.9006,-54.2425,-0.00580654,-0.00584338,-0.00026697,10.4771,11.2313,-0.0841,-2.1364,-0.2705,320.0942,25.4138,2.7638,11.0575,1.7027,8.3181,16.6362,33.2723,33.2723,33.2723,6.6545,-1.6636,4.0,4.0,1.25956,29,94,33,11,0.01845928,-0.00667418,0.09708738,0E-8,0.000000,0.891704,0.015801,-0.10571295,2026-04-04,2026-07-28,29,229,128,116,0.250000,0.249944,0.263789,0.061531,,,,,,,,GLOBAL_BASELINE_NO_ENTITY_RANKING,,,NOT_APPLICABLE_GLOBAL_BASELINE,HF9g-P5,,,,X 全窗基线 · 不参与实体赏罚,3924239,393,A168_HF9F_20260827_0900,2026-08-27 09:00:00
2026-04-09,145351320,2229,0,8.5135365230,5.1081219138,5.1081219138,0.6666667,3,3,0.49324550000000000,0.493245500000,0.6008033672792107,0.6008033672792106,0.6008033672792107,0E-17,ELIGIBLE,R03b_20260811_FULL_v1,L1_ELIGIBILITY,v2026-08-11,2026-03-21..2026-08-06,baccarat_bet02_101_all_pairs_incl_sentinel,round_win = game_pnl > 0 (decisive only),COMPATIBILITY_ONLY_NOT_PRODUCTION,9282.7313,8277.4501,-61.9547,886,737,0.00667418,-0.09708738,0.00862557,0.00667418,61.9547,9282.7313,OK,0.0000,-2.4782,4.0000,96.0000,AG03-UNRESOLVED,ALL5_LEVELS_bet23_to_bet27,-2.4782,-2.4782,-3.0977,0.0000,0.0000,4.000000,4.000000,5.000000,0.000000,0.000000,96.000000,96.000000,95.000000,100.000000,100.000000,5.0,-8.0541,-7.7121,-53.9006,-54.2425,PENDING_AG03,FALSE,NOT_FOR_ENFORCEMENT,-59.4765,7946.3521,-61.9547,-59.4765,-2.4782,-0.00667418,-0.00640722,-2.4782,-59.4765,-0.00640722,-2.4782,-2.4782,-3.0977,0.0000,0.0000,-59.4765,-0.00640722,-8.0541,-7.7121,-53.9006,-54.2425,-0.00580654,-0.00584338,-0.00026697,10.4771,11.2313,-0.0841,-2.1364,-0.2705,320.0942,25.4138,2.7638,11.0575,1.7027,8.3181,16.6362,33.2723,33.2723,33.2723,6.6545,-1.6636,4.0,4.0,1.25956,29,94,33,11,0.01845928,-0.00667418,0.09708738,0E-8,0.000000,0.891704,0.015801,-0.10571295,2026-04-04,2026-07-28,29,229,128,116,0.250000,0.249944,0.263789,0.061531,,,,,,,,GLOBAL_BASELINE_NO_ENTITY_RANKING,,,NOT_APPLICABLE_GLOBAL_BASELINE,HF9g-P5,,,,X 全窗基线 · 不参与实体赏罚,3924240,393,A168_HF9F_20260827_0900,2026-08-27 09:00:00
2026-04-09,145351320,2242,0,3.4054146092,0E-10,0E-10,0.5000000,2,2,0.49324550000000000,0.493245500000,0.01910635448239258,0.01910635448239258,0.01910635448239258,0E-17,ELIGIBLE,R03b_20260811_FULL_v1,L1_ELIGIBILITY,v2026-08-11,2026-03-21..2026-08-06,baccarat_bet02_101_all_pairs_incl_sentinel,round_win = game_pnl > 0 (decisive only),COMPATIBILITY_ONLY_NOT_PRODUCTION,9282.7313,8277.4501,-61.9547,886,737,0.00667418,-0.09708738,0.00862557,0.00667418,61.9547,9282.7313,OK,0.0000,-2.4782,4.0000,96.0000,AG03-UNRESOLVED,ALL5_LEVELS_bet23_to_bet27,-2.4782,-2.4782,-3.0977,0.0000,0.0000,4.000000,4.000000,5.000000,0.000000,0.000000,96.000000,96.000000,95.000000,100.000000,100.000000,5.0,-8.0541,-7.7121,-53.9006,-54.2425,PENDING_AG03,FALSE,NOT_FOR_ENFORCEMENT,-59.4765,7946.3521,-61.9547,-59.4765,-2.4782,-0.00667418,-0.00640722,-2.4782,-59.4765,-0.00640722,-2.4782,-2.4782,-3.0977,0.0000,0.0000,-59.4765,-0.00640722,-8.0541,-7.7121,-53.9006,-54.2425,-0.00580654,-0.00584338,-0.00026697,10.4771,11.2313,-0.0841,-2.1364,-0.2705,320.0942,25.4138,2.7638,11.0575,1.7027,8.3181,16.6362,33.2723,33.2723,33.2723,6.6545,-1.6636,4.0,4.0,1.25956,29,94,33,11,0.01845928,-0.00667418,0.09708738,0E-8,0.000000,0.891704,0.015801,-0.10571295,2026-04-04,2026-07-28,29,229,128,116,0.250000,0.249944,0.263789,0.061531,,,,,,,,GLOBAL_BASELINE_NO_ENTITY_RANKING,,,NOT_APPLICABLE_GLOBAL_BASELINE,HF9g-P5,,,,X 全窗基线 · 不参与实体赏罚,3924241,393,A168_HF9F_20260827_0900,2026-08-27 09:00:00
2026-04-09,145351320,2266,0,13.6216584368,3.4054146092,3.4054146092,0.6666667,4,4,0.49324550000000000,0.493245500000,0.6008033672792107,0.6008033672792106,0.6008033672792107,0E-17,ELIGIBLE,R03b_20260811_FULL_v1,L1_ELIGIBILITY,v2026-08-11,2026-03-21..2026-08-06,baccarat_bet02_101_all_pairs_incl_sentinel,round_win = game_pnl > 0 (decisive only),COMPATIBILITY_ONLY_NOT_PRODUCTION,9282.7313,8277.4501,-61.9547,886,737,0.00667418,-0.09708738,0.00862557,0.00667418,61.9547,9282.7313,OK,0.0000,-2.4782,4.0000,96.0000,AG03-UNRESOLVED,ALL5_LEVELS_bet23_to_bet27,-2.4782,-2.4782,-3.0977,0.0000,0.0000,4.000000,4.000000,5.000000,0.000000,0.000000,96.000000,96.000000,95.000000,100.000000,100.000000,5.0,-8.0541,-7.7121,-53.9006,-54.2425,PENDING_AG03,FALSE,NOT_FOR_ENFORCEMENT,-59.4765,7946.3521,-61.9547,-59.4765,-2.4782,-0.00667418,-0.00640722,-2.4782,-59.4765,-0.00640722,-2.4782,-2.4782,-3.0977,0.0000,0.0000,-59.4765,-0.00640722,-8.0541,-7.7121,-53.9006,-54.2425,-0.00580654,-0.00584338,-0.00026697,10.4771,11.2313,-0.0841,-2.1364,-0.2705,320.0942,25.4138,2.7638,11.0575,1.7027,8.3181,16.6362,33.2723,33.2723,33.2723,6.6545,-1.6636,4.0,4.0,1.25956,29,94,33,11,0.01845928,-0.00667418,0.09708738,0E-8,0.000000,0.891704,0.015801,-0.10571295,2026-04-04,2026-07-28,29,229,128,116,0.250000,0.249944,0.263789,0.061531,,,,,,,,GLOBAL_BASELINE_NO_ENTITY_RANKING,,,NOT_APPLICABLE_GLOBAL_BASELINE,HF9g-P5,,,,X 全窗基线 · 不参与实体赏罚,3924242,393,A168_HF9F_20260827_0900,2026-08-27 09:00:00
2026-04-11,145351320,2170,0,3.4054146092,-3.4054146092,-3.4054146092,0E-7,1,1,0.49324550000000000,0.493245500000,-0.9865810262130424,-0.9865810262130424,-0.9865810262130424,0E-17,ELIGIBLE,R03b_20260811_FULL_v1,L1_ELIGIBILITY,v2026-08-11,2026-03-21..2026-08-06,baccarat_bet02_101_all_pairs_incl_sentinel,round_win = game_pnl > 0 (decisive only),COMPATIBILITY_ONLY_NOT_PRODUCTION,9282.7313,8277.4501,-61.9547,886,737,0.00667418,-0.09708738,0.00862557,0.00667418,61.9547,9282.7313,OK,0.0000,-2.4782,4.0000,96.0000,AG03-UNRESOLVED,ALL5_LEVELS_bet23_to_bet27,-2.4782,-2.4782,-3.0977,0.0000,0.0000,4.000000,4.000000,5.000000,0.000000,0.000000,96.000000,96.000000,95.000000,100.000000,100.000000,5.0,-8.0541,-7.7121,-53.9006,-54.2425,PENDING_AG03,FALSE,NOT_FOR_ENFORCEMENT,-59.4765,7946.3521,-61.9547,-59.4765,-2.4782,-0.00667418,-0.00640722,-2.4782,-59.4765,-0.00640722,-2.4782,-2.4782,-3.0977,0.0000,0.0000,-59.4765,-0.00640722,-8.0541,-7.7121,-53.9006,-54.2425,-0.00580654,-0.00584338,-0.00026697,10.4771,11.2313,-0.0841,-2.1364,-0.2705,320.0942,25.4138,2.7638,11.0575,1.7027,8.3181,16.6362,33.2723,33.2723,33.2723,6.6545,-1.6636,4.0,4.0,1.25956,29,94,33,11,0.01845928,-0.00667418,0.09708738,0E-8,0.000000,0.891704,0.015801,-0.10571295,2026-04-04,2026-07-28,29,229,128,116,0.250000,0.249944,0.263789,0.061531,,,,,,,,GLOBAL_BASELINE_NO_ENTITY_RANKING,,,NOT_APPLICABLE_GLOBAL_BASELINE,HF9g-P5,,,,X 全窗基线 · 不参与实体赏罚,3924243,393,A168_HF9F_20260827_0900,2026-08-27 09:00:00
2026-04-12,145351320,2234,0,3.4054146092,-3.4054146092,-3.4054146092,0E-7,1,1,0.49324550000000000,0.493245500000,-0.9865810262130424,-0.9865810262130424,-0.9865810262130424,0E-17,ELIGIBLE,R03b_20260811_FULL_v1,L1_ELIGIBILITY,v2026-08-11,2026-03-21..2026-08-06,baccarat_bet02_101_all_pairs_incl_sentinel,round_win = game_pnl > 0 (decisive only),COMPATIBILITY_ONLY_NOT_PRODUCTION,9282.7313,8277.4501,-61.9547,886,737,0.00667418,-0.09708738,0.00862557,0.00667418,61.9547,9282.7313,OK,0.0000,-2.4782,4.0000,96.0000,AG03-UNRESOLVED,ALL5_LEVELS_bet23_to_bet27,-2.4782,-2.4782,-3.0977,0.0000,0.0000,4.000000,4.000000,5.000000,0.000000,0.000000,96.000000,96.000000,95.000000,100.000000,100.000000,5.0,-8.0541,-7.7121,-53.9006,-54.2425,PENDING_AG03,FALSE,NOT_FOR_ENFORCEMENT,-59.4765,7946.3521,-61.9547,-59.4765,-2.4782,-0.00667418,-0.00640722,-2.4782,-59.4765,-0.00640722,-2.4782,-2.4782,-3.0977,0.0000,0.0000,-59.4765,-0.00640722,-8.0541,-7.7121,-53.9006,-54.2425,-0.00580654,-0.00584338,-0.00026697,10.4771,11.2313,-0.0841,-2.1364,-0.2705,320.0942,25.4138,2.7638,11.0575,1.7027,8.3181,16.6362,33.2723,33.2723,33.2723,6.6545,-1.6636,4.0,4.0,1.25956,29,94,33,11,0.01845928,-0.00667418,0.09708738,0E-8,0.000000,0.891704,0.015801,-0.10571295,2026-04-04,2026-07-28,29,229,128,116,0.250000,0.249944,0.263789,0.061531,,,,,,,,GLOBAL_BASELINE_NO_ENTITY_RANKING,,,NOT_APPLICABLE_GLOBAL_BASELINE,HF9g-P5,,,,X 全窗基线 · 不参与实体赏罚,3924244,393,A168_HF9F_20260827_0900,2026-08-27 09:00:00
2026-04-14,145351320,2141,0,10.2162438277,-3.4054146093,-3.4054146093,0.5000000,2,2,0.49324550000000000,0.493245500000,0.01910635448239258,0.01910635448239258,0.01910635448239258,0E-17,ELIGIBLE,R03b_20260811_FULL_v1,L1_ELIGIBILITY,v2026-08-11,2026-03-21..2026-08-06,baccarat_bet02_101_all_pairs_incl_sentinel,round_win = game_pnl > 0 (decisive only),COMPATIBILITY_ONLY_NOT_PRODUCTION,9282.7313,8277.4501,-61.9547,886,737,0.00667418,-0.09708738,0.00862557,0.00667418,61.9547,9282.7313,OK,0.0000,-2.4782,4.0000,96.0000,AG03-UNRESOLVED,ALL5_LEVELS_bet23_to_bet27,-2.4782,-2.4782,-3.0977,0.0000,0.0000,4.000000,4.000000,5.000000,0.000000,0.000000,96.000000,96.000000,95.000000,100.000000,100.000000,5.0,-8.0541,-7.7121,-53.9006,-54.2425,PENDING_AG03,FALSE,NOT_FOR_ENFORCEMENT,-59.4765,7946.3521,-61.9547,-59.4765,-2.4782,-0.00667418,-0.00640722,-2.4782,-59.4765,-0.00640722,-2.4782,-2.4782,-3.0977,0.0000,0.0000,-59.4765,-0.00640722,-8.0541,-7.7121,-53.9006,-54.2425,-0.00580654,-0.00584338,-0.00026697,10.4771,11.2313,-0.0841,-2.1364,-0.2705,320.0942,25.4138,2.7638,11.0575,1.7027,8.3181,16.6362,33.2723,33.2723,33.2723,6.6545,-1.6636,4.0,4.0,1.25956,29,94,33,11,0.01845928,-0.00667418,0.09708738,0E-8,0.000000,0.891704,0.015801,-0.10571295,2026-04-04,2026-07-28,29,229,128,116,0.250000,0.249944,0.263789,0.061531,,,,,,,,GLOBAL_BASELINE_NO_ENTITY_RANKING,,,NOT_APPLICABLE_GLOBAL_BASELINE,HF9g-P5,,,,X 全窗基线 · 不参与实体赏罚,3924245,393,A168_HF9F_20260827_0900,2026-08-27 09:00:00
2026-04-21,145351320,1157,0,3.4054146092,-3.4054146092,-3.4054146092,0E-7,1,1,0.49324550000000000,0.493245500000,-0.9865810262130424,-0.9865810262130424,-0.9865810262130424,0E-17,ELIGIBLE,R03b_20260811_FULL_v1,L1_ELIGIBILITY,v2026-08-11,2026-03-21..2026-08-06,baccarat_bet02_101_all_pairs_incl_sentinel,round_win = game_pnl > 0 (decisive only),COMPATIBILITY_ONLY_NOT_PRODUCTION,9282.7313,8277.4501,-61.9547,886,737,0.00667418,-0.09708738,0.00862557,0.00667418,61.9547,9282.7313,OK,0.0000,-2.4782,4.0000,96.0000,AG03-UNRESOLVED,ALL5_LEVELS_bet23_to_bet27,-2.4782,-2.4782,-3.0977,0.0000,0.0000,4.000000,4.000000,5.000000,0.000000,0.000000,96.000000,96.000000,95.000000,100.000000,100.000000,5.0,-8.0541,-7.7121,-53.9006,-54.2425,PENDING_AG03,FALSE,NOT_FOR_ENFORCEMENT,-59.4765,7946.3521,-61.9547,-59.4765,-2.4782,-0.00667418,-0.00640722,-2.4782,-59.4765,-0.00640722,-2.4782,-2.4782,-3.0977,0.0000,0.0000,-59.4765,-0.00640722,-8.0541,-7.7121,-53.9006,-54.2425,-0.00580654,-0.00584338,-0.00026697,10.4771,11.2313,-0.0841,-2.1364,-0.2705,320.0942,25.4138,2.7638,11.0575,1.7027,8.3181,16.6362,33.2723,33.2723,33.2723,6.6545,-1.6636,4.0,4.0,1.25956,29,94,33,11,0.01845928,-0.00667418,0.09708738,0E-8,0.000000,0.891704,0.015801,-0.10571295,2026-04-04,2026-07-28,29,229,128,116,0.250000,0.249944,0.263789,0.061531,,,,,,,,GLOBAL_BASELINE_NO_ENTITY_RANKING,,,NOT_APPLICABLE_GLOBAL_BASELINE,HF9g-P5,,,,X 全窗基线 · 不参与实体赏罚,3924246,393,A168_HF9F_20260827_0900,2026-08-27 09:00:00
2026-04-21,145351320,1384,0,3.4054146092,-3.4054146092,-3.4054146092,0E-7,1,1,0.49324550000000000,0.493245500000,-0.9865810262130424,-0.9865810262130424,-0.9865810262130424,0E-17,ELIGIBLE,R03b_20260811_FULL_v1,L1_ELIGIBILITY,v2026-08-11,2026-03-21..2026-08-06,baccarat_bet02_101_all_pairs_incl_sentinel,round_win = game_pnl > 0 (decisive only),COMPATIBILITY_ONLY_NOT_PRODUCTION,9282.7313,8277.4501,-61.9547,886,737,0.00667418,-0.09708738,0.00862557,0.00667418,61.9547,9282.7313,OK,0.0000,-2.4782,4.0000,96.0000,AG03-UNRESOLVED,ALL5_LEVELS_bet23_to_bet27,-2.4782,-2.4782,-3.0977,0.0000,0.0000,4.000000,4.000000,5.000000,0.000000,0.000000,96.000000,96.000000,95.000000,100.000000,100.000000,5.0,-8.0541,-7.7121,-53.9006,-54.2425,PENDING_AG03,FALSE,NOT_FOR_ENFORCEMENT,-59.4765,7946.3521,-61.9547,-59.4765,-2.4782,-0.00667418,-0.00640722,-2.4782,-59.4765,-0.00640722,-2.4782,-2.4782,-3.0977,0.0000,0.0000,-59.4765,-0.00640722,-8.0541,-7.7121,-53.9006,-54.2425,-0.00580654,-0.00584338,-0.00026697,10.4771,11.2313,-0.0841,-2.1364,-0.2705,320.0942,25.4138,2.7638,11.0575,1.7027,8.3181,16.6362,33.2723,33.2723,33.2723,6.6545,-1.6636,4.0,4.0,1.25956,29,94,33,11,0.01845928,-0.00667418,0.09708738,0E-8,0.000000,0.891704,0.015801,-0.10571295,2026-04-04,2026-07-28,29,229,128,116,0.250000,0.249944,0.263789,0.061531,,,,,,,,GLOBAL_BASELINE_NO_ENTITY_RANKING,,,NOT_APPLICABLE_GLOBAL_BASELINE,HF9g-P5,,,,X 全窗基线 · 不参与实体赏罚,3924247,393,A168_HF9F_20260827_0900,2026-08-27 09:00:00
2026-04-21,145351320,2103,0,8.5135365230,8.5135365230,8.5135365230,1.0000000,3,3,0.49324550000000000,0.493245500000,1.755609282511032,1.7556092825110319,1.755609282511032,0E-17,ELIGIBLE,R03b_20260811_FULL_v1,L1_ELIGIBILITY,v2026-08-11,2026-03-21..2026-08-06,baccarat_bet02_101_all_pairs_incl_sentinel,round_win = game_pnl > 0 (decisive only),COMPATIBILITY_ONLY_NOT_PRODUCTION,9282.7313,8277.4501,-61.9547,886,737,0.00667418,-0.09708738,0.00862557,0.00667418,61.9547,9282.7313,OK,0.0000,-2.4782,4.0000,96.0000,AG03-UNRESOLVED,ALL5_LEVELS_bet23_to_bet27,-2.4782,-2.4782,-3.0977,0.0000,0.0000,4.000000,4.000000,5.000000,0.000000,0.000000,96.000000,96.000000,95.000000,100.000000,100.000000,5.0,-8.0541,-7.7121,-53.9006,-54.2425,PENDING_AG03,FALSE,NOT_FOR_ENFORCEMENT,-59.4765,7946.3521,-61.9547,-59.4765,-2.4782,-0.00667418,-0.00640722,-2.4782,-59.4765,-0.00640722,-2.4782,-2.4782,-3.0977,0.0000,0.0000,-59.4765,-0.00640722,-8.0541,-7.7121,-53.9006,-54.2425,-0.00580654,-0.00584338,-0.00026697,10.4771,11.2313,-0.0841,-2.1364,-0.2705,320.0942,25.4138,2.7638,11.0575,1.7027,8.3181,16.6362,33.2723,33.2723,33.2723,6.6545,-1.6636,4.0,4.0,1.25956,29,94,33,11,0.01845928,-0.00667418,0.09708738,0E-8,0.000000,0.891704,0.015801,-0.10571295,2026-04-04,2026-07-28,29,229,128,116,0.250000,0.249944,0.263789,0.061531,,,,,,,,GLOBAL_BASELINE_NO_ENTITY_RANKING,,,NOT_APPLICABLE_GLOBAL_BASELINE,HF9g-P5,,,,X 全窗基线 · 不参与实体赏罚,3924248,393,A168_HF9F_20260827_0900,2026-08-27 09:00:00
2026-04-21,145351320,2130,0,1.7027073046,-1.7027073046,-1.7027073046,0E-7,1,1,0.49324550000000000,0.493245500000,-0.9865810262130424,-0.9865810262130424,-0.9865810262130424,0E-17,ELIGIBLE,R03b_20260811_FULL_v1,L1_ELIGIBILITY,v2026-08-11,2026-03-21..2026-08-06,baccarat_bet02_101_all_pairs_incl_sentinel,round_win = game_pnl > 0 (decisive only),COMPATIBILITY_ONLY_NOT_PRODUCTION,9282.7313,8277.4501,-61.9547,886,737,0.00667418,-0.09708738,0.00862557,0.00667418,61.9547,9282.7313,OK,0.0000,-2.4782,4.0000,96.0000,AG03-UNRESOLVED,ALL5_LEVELS_bet23_to_bet27,-2.4782,-2.4782,-3.0977,0.0000,0.0000,4.000000,4.000000,5.000000,0.000000,0.000000,96.000000,96.000000,95.000000,100.000000,100.000000,5.0,-8.0541,-7.7121,-53.9006,-54.2425,PENDING_AG03,FALSE,NOT_FOR_ENFORCEMENT,-59.4765,7946.3521,-61.9547,-59.4765,-2.4782,-0.00667418,-0.00640722,-2.4782,-59.4765,-0.00640722,-2.4782,-2.4782,-3.0977,0.0000,0.0000,-59.4765,-0.00640722,-8.0541,-7.7121,-53.9006,-54.2425,-0.00580654,-0.00584338,-0.00026697,10.4771,11.2313,-0.0841,-2.1364,-0.2705,320.0942,25.4138,2.7638,11.0575,1.7027,8.3181,16.6362,33.2723,33.2723,33.2723,6.6545,-1.6636,4.0,4.0,1.25956,29,94,33,11,0.01845928,-0.00667418,0.09708738,0E-8,0.000000,0.891704,0.015801,-0.10571295,2026-04-04,2026-07-28,29,229,128,116,0.250000,0.249944,0.263789,0.061531,,,,,,,,GLOBAL_BASELINE_NO_ENTITY_RANKING,,,NOT_APPLICABLE_GLOBAL_BASELINE,HF9g-P5,,,,X 全窗基线 · 不参与实体赏罚,3924249,393,A168_HF9F_20260827_0900,2026-08-27 09:00:00
2026-04-21,145351320,2169,0,10.2162438276,0E-10,0E-10,0.5000000,3,3,0.49324550000000000,0.493245500000,0.01910635448239258,0.01910635448239258,0.01910635448239258,0E-17,ELIGIBLE,R03b_20260811_FULL_v1,L1_ELIGIBILITY,v2026-08-11,2026-03-21..2026-08-06,baccarat_bet02_101_all_pairs_incl_sentinel,round_win = game_pnl > 0 (decisive only),COMPATIBILITY_ONLY_NOT_PRODUCTION,9282.7313,8277.4501,-61.9547,886,737,0.00667418,-0.09708738,0.00862557,0.00667418,61.9547,9282.7313,OK,0.0000,-2.4782,4.0000,96.0000,AG03-UNRESOLVED,ALL5_LEVELS_bet23_to_bet27,-2.4782,-2.4782,-3.0977,0.0000,0.0000,4.000000,4.000000,5.000000,0.000000,0.000000,96.000000,96.000000,95.000000,100.000000,100.000000,5.0,-8.0541,-7.7121,-53.9006,-54.2425,PENDING_AG03,FALSE,NOT_FOR_ENFORCEMENT,-59.4765,7946.3521,-61.9547,-59.4765,-2.4782,-0.00667418,-0.00640722,-2.4782,-59.4765,-0.00640722,-2.4782,-2.4782,-3.0977,0.0000,0.0000,-59.4765,-0.00640722,-8.0541,-7.7121,-53.9006,-54.2425,-0.00580654,-0.00584338,-0.00026697,10.4771,11.2313,-0.0841,-2.1364,-0.2705,320.0942,25.4138,2.7638,11.0575,1.7027,8.3181,16.6362,33.2723,33.2723,33.2723,6.6545,-1.6636,4.0,4.0,1.25956,29,94,33,11,0.01845928,-0.00667418,0.09708738,0E-8,0.000000,0.891704,0.015801,-0.10571295,2026-04-04,2026-07-28,29,229,128,116,0.250000,0.249944,0.263789,0.061531,,,,,,,,GLOBAL_BASELINE_NO_ENTITY_RANKING,,,NOT_APPLICABLE_GLOBAL_BASELINE,HF9g-P5,,,,X 全窗基线 · 不参与实体赏罚,3924250,393,A168_HF9F_20260827_0900,2026-08-27 09:00:00
2026-04-21,145351320,2174,0,3.4054146092,0E-10,0E-10,0.5000000,2,2,0.49324550000000000,0.493245500000,0.01910635448239258,0.01910635448239258,0.01910635448239258,0E-17,ELIGIBLE,R03b_20260811_FULL_v1,L1_ELIGIBILITY,v2026-08-11,2026-03-21..2026-08-06,baccarat_bet02_101_all_pairs_incl_sentinel,round_win = game_pnl > 0 (decisive only),COMPATIBILITY_ONLY_NOT_PRODUCTION,9282.7313,8277.4501,-61.9547,886,737,0.00667418,-0.09708738,0.00862557,0.00667418,61.9547,9282.7313,OK,0.0000,-2.4782,4.0000,96.0000,AG03-UNRESOLVED,ALL5_LEVELS_bet23_to_bet27,-2.4782,-2.4782,-3.0977,0.0000,0.0000,4.000000,4.000000,5.000000,0.000000,0.000000,96.000000,96.000000,95.000000,100.000000,100.000000,5.0,-8.0541,-7.7121,-53.9006,-54.2425,PENDING_AG03,FALSE,NOT_FOR_ENFORCEMENT,-59.4765,7946.3521,-61.9547,-59.4765,-2.4782,-0.00667418,-0.00640722,-2.4782,-59.4765,-0.00640722,-2.4782,-2.4782,-3.0977,0.0000,0.0000,-59.4765,-0.00640722,-8.0541,-7.7121,-53.9006,-54.2425,-0.00580654,-0.00584338,-0.00026697,10.4771,11.2313,-0.0841,-2.1364,-0.2705,320.0942,25.4138,2.7638,11.0575,1.7027,8.3181,16.6362,33.2723,33.2723,33.2723,6.6545,-1.6636,4.0,4.0,1.25956,29,94,33,11,0.01845928,-0.00667418,0.09708738,0E-8,0.000000,0.891704,0.015801,-0.10571295,2026-04-04,2026-07-28,29,229,128,116,0.250000,0.249944,0.263789,0.061531,,,,,,,,GLOBAL_BASELINE_NO_ENTITY_RANKING,,,NOT_APPLICABLE_GLOBAL_BASELINE,HF9g-P5,,,,X 全窗基线 · 不参与实体赏罚,3924251,393,A168_HF9F_20260827_0900,2026-08-27 09:00:00
2026-04-21,145351320,2177,0,3.4054146092,-3.4054146092,-3.4054146092,0E-7,1,1,0.49324550000000000,0.493245500000,-0.9865810262130424,-0.9865810262130424,-0.9865810262130424,0E-17,ELIGIBLE,R03b_20260811_FULL_v1,L1_ELIGIBILITY,v2026-08-11,2026-03-21..2026-08-06,baccarat_bet02_101_all_pairs_incl_sentinel,round_win = game_pnl > 0 (decisive only),COMPATIBILITY_ONLY_NOT_PRODUCTION,9282.7313,8277.4501,-61.9547,886,737,0.00667418,-0.09708738,0.00862557,0.00667418,61.9547,9282.7313,OK,0.0000,-2.4782,4.0000,96.0000,AG03-UNRESOLVED,ALL5_LEVELS_bet23_to_bet27,-2.4782,-2.4782,-3.0977,0.0000,0.0000,4.000000,4.000000,5.000000,0.000000,0.000000,96.000000,96.000000,95.000000,100.000000,100.000000,5.0,-8.0541,-7.7121,-53.9006,-54.2425,PENDING_AG03,FALSE,NOT_FOR_ENFORCEMENT,-59.4765,7946.3521,-61.9547,-59.4765,-2.4782,-0.00667418,-0.00640722,-2.4782,-59.4765,-0.00640722,-2.4782,-2.4782,-3.0977,0.0000,0.0000,-59.4765,-0.00640722,-8.0541,-7.7121,-53.9006,-54.2425,-0.00580654,-0.00584338,-0.00026697,10.4771,11.2313,-0.0841,-2.1364,-0.2705,320.0942,25.4138,2.7638,11.0575,1.7027,8.3181,16.6362,33.2723,33.2723,33.2723,6.6545,-1.6636,4.0,4.0,1.25956,29,94,33,11,0.01845928,-0.00667418,0.09708738,0E-8,0.000000,0.891704,0.015801,-0.10571295,2026-04-04,2026-07-28,29,229,128,116,0.250000,0.249944,0.263789,0.061531,,,,,,,,GLOBAL_BASELINE_NO_ENTITY_RANKING,,,NOT_APPLICABLE_GLOBAL_BASELINE,HF9g-P5,,,,X 全窗基线 · 不参与实体赏罚,3924252,393,A168_HF9F_20260827_0900,2026-08-27 09:00:00
2026-04-22,145351320,1363,0,3.4054146092,0E-10,0E-10,,1,1,0.49324550000000000,0.493245500000,,,,0E-17,NO_DECISIVE_ROUND,R03b_20260811_FULL_v1,L1_ELIGIBILITY,v2026-08-11,2026-03-21..2026-08-06,baccarat_bet02_101_all_pairs_incl_sentinel,round_win = game_pnl > 0 (decisive only),COMPATIBILITY_ONLY_NOT_PRODUCTION,9282.7313,8277.4501,-61.9547,886,737,0.00667418,-0.09708738,0.00862557,0.00667418,61.9547,9282.7313,OK,0.0000,-2.4782,4.0000,96.0000,AG03-UNRESOLVED,ALL5_LEVELS_bet23_to_bet27,-2.4782,-2.4782,-3.0977,0.0000,0.0000,4.000000,4.000000,5.000000,0.000000,0.000000,96.000000,96.000000,95.000000,100.000000,100.000000,5.0,-8.0541,-7.7121,-53.9006,-54.2425,PENDING_AG03,FALSE,NOT_FOR_ENFORCEMENT,-59.4765,7946.3521,-61.9547,-59.4765,-2.4782,-0.00667418,-0.00640722,-2.4782,-59.4765,-0.00640722,-2.4782,-2.4782,-3.0977,0.0000,0.0000,-59.4765,-0.00640722,-8.0541,-7.7121,-53.9006,-54.2425,-0.00580654,-0.00584338,-0.00026697,10.4771,11.2313,-0.0841,-2.1364,-0.2705,320.0942,25.4138,2.7638,11.0575,1.7027,8.3181,16.6362,33.2723,33.2723,33.2723,6.6545,-1.6636,4.0,4.0,1.25956,29,94,33,11,0.01845928,-0.00667418,0.09708738,0E-8,0.000000,0.891704,0.015801,-0.10571295,2026-04-04,2026-07-28,29,229,128,116,0.250000,0.249944,0.263789,0.061531,,,,,,,,GLOBAL_BASELINE_NO_ENTITY_RANKING,,,NOT_APPLICABLE_GLOBAL_BASELINE,HF9g-P5,,,,X 全窗基线 · 不参与实体赏罚,3924253,393,A168_HF9F_20260827_0900,2026-08-27 09:00:00
2026-04-22,145351320,2078,0,1.7027073046,0E-10,0E-10,,1,1,0.49324550000000000,0.493245500000,,,,0E-17,NO_DECISIVE_ROUND,R03b_20260811_FULL_v1,L1_ELIGIBILITY,v2026-08-11,2026-03-21..2026-08-06,baccarat_bet02_101_all_pairs_incl_sentinel,round_win = game_pnl > 0 (decisive only),COMPATIBILITY_ONLY_NOT_PRODUCTION,9282.7313,8277.4501,-61.9547,886,737,0.00667418,-0.09708738,0.00862557,0.00667418,61.9547,9282.7313,OK,0.0000,-2.4782,4.0000,96.0000,AG03-UNRESOLVED,ALL5_LEVELS_bet23_to_bet27,-2.4782,-2.4782,-3.0977,0.0000,0.0000,4.000000,4.000000,5.000000,0.000000,0.000000,96.000000,96.000000,95.000000,100.000000,100.000000,5.0,-8.0541,-7.7121,-53.9006,-54.2425,PENDING_AG03,FALSE,NOT_FOR_ENFORCEMENT,-59.4765,7946.3521,-61.9547,-59.4765,-2.4782,-0.00667418,-0.00640722,-2.4782,-59.4765,-0.00640722,-2.4782,-2.4782,-3.0977,0.0000,0.0000,-59.4765,-0.00640722,-8.0541,-7.7121,-53.9006,-54.2425,-0.00580654,-0.00584338,-0.00026697,10.4771,11.2313,-0.0841,-2.1364,-0.2705,320.0942,25.4138,2.7638,11.0575,1.7027,8.3181,16.6362,33.2723,33.2723,33.2723,6.6545,-1.6636,4.0,4.0,1.25956,29,94,33,11,0.01845928,-0.00667418,0.09708738,0E-8,0.000000,0.891704,0.015801,-0.10571295,2026-04-04,2026-07-28,29,229,128,116,0.250000,0.249944,0.263789,0.061531,,,,,,,,GLOBAL_BASELINE_NO_ENTITY_RANKING,,,NOT_APPLICABLE_GLOBAL_BASELINE,HF9g-P5,,,,X 全窗基线 · 不参与实体赏罚,3924254,393,A168_HF9F_20260827_0900,2026-08-27 09:00:00
2026-04-22,145351320,2104,0,5.1081219138,5.1081219138,5.1081219138,1.0000000,2,2,0.49324550000000000,0.493245500000,1.4334489766152358,1.4334489766152358,1.4334489766152358,0E-17,ELIGIBLE,R03b_20260811_FULL_v1,L1_ELIGIBILITY,v2026-08-11,2026-03-21..2026-08-06,baccarat_bet02_101_all_pairs_incl_sentinel,round_win = game_pnl > 0 (decisive only),COMPATIBILITY_ONLY_NOT_PRODUCTION,9282.7313,8277.4501,-61.9547,886,737,0.00667418,-0.09708738,0.00862557,0.00667418,61.9547,9282.7313,OK,0.0000,-2.4782,4.0000,96.0000,AG03-UNRESOLVED,ALL5_LEVELS_bet23_to_bet27,-2.4782,-2.4782,-3.0977,0.0000,0.0000,4.000000,4.000000,5.000000,0.000000,0.000000,96.000000,96.000000,95.000000,100.000000,100.000000,5.0,-8.0541,-7.7121,-53.9006,-54.2425,PENDING_AG03,FALSE,NOT_FOR_ENFORCEMENT,-59.4765,7946.3521,-61.9547,-59.4765,-2.4782,-0.00667418,-0.00640722,-2.4782,-59.4765,-0.00640722,-2.4782,-2.4782,-3.0977,0.0000,0.0000,-59.4765,-0.00640722,-8.0541,-7.7121,-53.9006,-54.2425,-0.00580654,-0.00584338,-0.00026697,10.4771,11.2313,-0.0841,-2.1364,-0.2705,320.0942,25.4138,2.7638,11.0575,1.7027,8.3181,16.6362,33.2723,33.2723,33.2723,6.6545,-1.6636,4.0,4.0,1.25956,29,94,33,11,0.01845928,-0.00667418,0.09708738,0E-8,0.000000,0.891704,0.015801,-0.10571295,2026-04-04,2026-07-28,29,229,128,116,0.250000,0.249944,0.263789,0.061531,,,,,,,,GLOBAL_BASELINE_NO_ENTITY_RANKING,,,NOT_APPLICABLE_GLOBAL_BASELINE,HF9g-P5,,,,X 全窗基线 · 不参与实体赏罚,3924255,393,A168_HF9F_20260827_0900,2026-08-27 09:00:00
2026-04-22,145351320,2167,0,5.1081219138,-5.1081219138,-5.1081219138,0E-7,2,2,0.49324550000000000,0.493245500000,-1.3952362676504506,-1.3952362676504506,-1.3952362676504506,0E-17,ELIGIBLE,R03b_20260811_FULL_v1,L1_ELIGIBILITY,v2026-08-11,2026-03-21..2026-08-06,baccarat_bet02_101_all_pairs_incl_sentinel,round_win = game_pnl > 0 (decisive only),COMPATIBILITY_ONLY_NOT_PRODUCTION,9282.7313,8277.4501,-61.9547,886,737,0.00667418,-0.09708738,0.00862557,0.00667418,61.9547,9282.7313,OK,0.0000,-2.4782,4.0000,96.0000,AG03-UNRESOLVED,ALL5_LEVELS_bet23_to_bet27,-2.4782,-2.4782,-3.0977,0.0000,0.0000,4.000000,4.000000,5.000000,0.000000,0.000000,96.000000,96.000000,95.000000,100.000000,100.000000,5.0,-8.0541,-7.7121,-53.9006,-54.2425,PENDING_AG03,FALSE,NOT_FOR_ENFORCEMENT,-59.4765,7946.3521,-61.9547,-59.4765,-2.4782,-0.00667418,-0.00640722,-2.4782,-59.4765,-0.00640722,-2.4782,-2.4782,-3.0977,0.0000,0.0000,-59.4765,-0.00640722,-8.0541,-7.7121,-53.9006,-54.2425,-0.00580654,-0.00584338,-0.00026697,10.4771,11.2313,-0.0841,-2.1364,-0.2705,320.0942,25.4138,2.7638,11.0575,1.7027,8.3181,16.6362,33.2723,33.2723,33.2723,6.6545,-1.6636,4.0,4.0,1.25956,29,94,33,11,0.01845928,-0.00667418,0.09708738,0E-8,0.000000,0.891704,0.015801,-0.10571295,2026-04-04,2026-07-28,29,229,128,116,0.250000,0.249944,0.263789,0.061531,,,,,,,,GLOBAL_BASELINE_NO_ENTITY_RANKING,,,NOT_APPLICABLE_GLOBAL_BASELINE,HF9g-P5,,,,X 全窗基线 · 不参与实体赏罚,3924256,393,A168_HF9F_20260827_0900,2026-08-27 09:00:00
2026-04-22,145351320,2218,0,6.8108292185,0E-10,0E-10,,1,1,0.49324550000000000,0.493245500000,,,,0E-17,NO_DECISIVE_ROUND,R03b_20260811_FULL_v1,L1_ELIGIBILITY,v2026-08-11,2026-03-21..2026-08-06,baccarat_bet02_101_all_pairs_incl_sentinel,round_win = game_pnl > 0 (decisive only),COMPATIBILITY_ONLY_NOT_PRODUCTION,9282.7313,8277.4501,-61.9547,886,737,0.00667418,-0.09708738,0.00862557,0.00667418,61.9547,9282.7313,OK,0.0000,-2.4782,4.0000,96.0000,AG03-UNRESOLVED,ALL5_LEVELS_bet23_to_bet27,-2.4782,-2.4782,-3.0977,0.0000,0.0000,4.000000,4.000000,5.000000,0.000000,0.000000,96.000000,96.000000,95.000000,100.000000,100.000000,5.0,-8.0541,-7.7121,-53.9006,-54.2425,PENDING_AG03,FALSE,NOT_FOR_ENFORCEMENT,-59.4765,7946.3521,-61.9547,-59.4765,-2.4782,-0.00667418,-0.00640722,-2.4782,-59.4765,-0.00640722,-2.4782,-2.4782,-3.0977,0.0000,0.0000,-59.4765,-0.00640722,-8.0541,-7.7121,-53.9006,-54.2425,-0.00580654,-0.00584338,-0.00026697,10.4771,11.2313,-0.0841,-2.1364,-0.2705,320.0942,25.4138,2.7638,11.0575,1.7027,8.3181,16.6362,33.2723,33.2723,33.2723,6.6545,-1.6636,4.0,4.0,1.25956,29,94,33,11,0.01845928,-0.00667418,0.09708738,0E-8,0.000000,0.891704,0.015801,-0.10571295,2026-04-04,2026-07-28,29,229,128,116,0.250000,0.249944,0.263789,0.061531,,,,,,,,GLOBAL_BASELINE_NO_ENTITY_RANKING,,,NOT_APPLICABLE_GLOBAL_BASELINE,HF9g-P5,,,,X 全窗基线 · 不参与实体赏罚,3924257,393,A168_HF9F_20260827_0900,2026-08-27 09:00:00
2026-04-22,145351320,529,0,6.8108292184,6.8108292184,6.8108292184,1.0000000,2,2,0.49324550000000000,0.493245500000,1.4334489766152358,1.4334489766152358,1.4334489766152358,0E-17,ELIGIBLE,R03b_20260811_FULL_v1,L1_ELIGIBILITY,v2026-08-11,2026-03-21..2026-08-06,baccarat_bet02_101_all_pairs_incl_sentinel,round_win = game_pnl > 0 (decisive only),COMPATIBILITY_ONLY_NOT_PRODUCTION,9282.7313,8277.4501,-61.9547,886,737,0.00667418,-0.09708738,0.00862557,0.00667418,61.9547,9282.7313,OK,0.0000,-2.4782,4.0000,96.0000,AG03-UNRESOLVED,ALL5_LEVELS_bet23_to_bet27,-2.4782,-2.4782,-3.0977,0.0000,0.0000,4.000000,4.000000,5.000000,0.000000,0.000000,96.000000,96.000000,95.000000,100.000000,100.000000,5.0,-8.0541,-7.7121,-53.9006,-54.2425,PENDING_AG03,FALSE,NOT_FOR_ENFORCEMENT,-59.4765,7946.3521,-61.9547,-59.4765,-2.4782,-0.00667418,-0.00640722,-2.4782,-59.4765,-0.00640722,-2.4782,-2.4782,-3.0977,0.0000,0.0000,-59.4765,-0.00640722,-8.0541,-7.7121,-53.9006,-54.2425,-0.00580654,-0.00584338,-0.00026697,10.4771,11.2313,-0.0841,-2.1364,-0.2705,320.0942,25.4138,2.7638,11.0575,1.7027,8.3181,16.6362,33.2723,33.2723,33.2723,6.6545,-1.6636,4.0,4.0,1.25956,29,94,33,11,0.01845928,-0.00667418,0.09708738,0E-8,0.000000,0.891704,0.015801,-0.10571295,2026-04-04,2026-07-28,29,229,128,116,0.250000,0.249944,0.263789,0.061531,,,,,,,,GLOBAL_BASELINE_NO_ENTITY_RANKING,,,NOT_APPLICABLE_GLOBAL_BASELINE,HF9g-P5,,,,X 全窗基线 · 不参与实体赏罚,3924258,393,A168_HF9F_20260827_0900,2026-08-27 09:00:00
2026-04-22,145351320,772,0,1.7027073046,0E-10,0E-10,,1,1,0.49324550000000000,0.493245500000,,,,0E-17,NO_DECISIVE_ROUND,R03b_20260811_FULL_v1,L1_ELIGIBILITY,v2026-08-11,2026-03-21..2026-08-06,baccarat_bet02_101_all_pairs_incl_sentinel,round_win = game_pnl > 0 (decisive only),COMPATIBILITY_ONLY_NOT_PRODUCTION,9282.7313,8277.4501,-61.9547,886,737,0.00667418,-0.09708738,0.00862557,0.00667418,61.9547,9282.7313,OK,0.0000,-2.4782,4.0000,96.0000,AG03-UNRESOLVED,ALL5_LEVELS_bet23_to_bet27,-2.4782,-2.4782,-3.0977,0.0000,0.0000,4.000000,4.000000,5.000000,0.000000,0.000000,96.000000,96.000000,95.000000,100.000000,100.000000,5.0,-8.0541,-7.7121,-53.9006,-54.2425,PENDING_AG03,FALSE,NOT_FOR_ENFORCEMENT,-59.4765,7946.3521,-61.9547,-59.4765,-2.4782,-0.00667418,-0.00640722,-2.4782,-59.4765,-0.00640722,-2.4782,-2.4782,-3.0977,0.0000,0.0000,-59.4765,-0.00640722,-8.0541,-7.7121,-53.9006,-54.2425,-0.00580654,-0.00584338,-0.00026697,10.4771,11.2313,-0.0841,-2.1364,-0.2705,320.0942,25.4138,2.7638,11.0575,1.7027,8.3181,16.6362,33.2723,33.2723,33.2723,6.6545,-1.6636,4.0,4.0,1.25956,29,94,33,11,0.01845928,-0.00667418,0.09708738,0E-8,0.000000,0.891704,0.015801,-0.10571295,2026-04-04,2026-07-28,29,229,128,116,0.250000,0.249944,0.263789,0.061531,,,,,,,,GLOBAL_BASELINE_NO_ENTITY_RANKING,,,NOT_APPLICABLE_GLOBAL_BASELINE,HF9g-P5,,,,X 全窗基线 · 不参与实体赏罚,3924259,393,A168_HF9F_20260827_0900,2026-08-27 09:00:00
2026-04-25,145351320,1947,0,3.4054146092,-3.4054146092,-3.4054146092,0E-7,2,2,0.50665070000000000,0.506650700000,-1.4331513700195317,-1.4331513700195317,-1.4331513700195317,0E-17,ELIGIBLE,R03b_20260811_FULL_v1,L1_ELIGIBILITY,v2026-08-11,2026-03-21..2026-08-06,baccarat_bet02_101_all_pairs_incl_sentinel,round_win = game_pnl > 0 (decisive only),COMPATIBILITY_ONLY_NOT_PRODUCTION,9282.7313,8277.4501,-61.9547,886,737,0.00667418,-0.09708738,0.00862557,0.00667418,61.9547,9282.7313,OK,0.0000,-2.4782,4.0000,96.0000,AG03-UNRESOLVED,ALL5_LEVELS_bet23_to_bet27,-2.4782,-2.4782,-3.0977,0.0000,0.0000,4.000000,4.000000,5.000000,0.000000,0.000000,96.000000,96.000000,95.000000,100.000000,100.000000,5.0,-8.0541,-7.7121,-53.9006,-54.2425,PENDING_AG03,FALSE,NOT_FOR_ENFORCEMENT,-59.4765,7946.3521,-61.9547,-59.4765,-2.4782,-0.00667418,-0.00640722,-2.4782,-59.4765,-0.00640722,-2.4782,-2.4782,-3.0977,0.0000,0.0000,-59.4765,-0.00640722,-8.0541,-7.7121,-53.9006,-54.2425,-0.00580654,-0.00584338,-0.00026697,10.4771,11.2313,-0.0841,-2.1364,-0.2705,320.0942,25.4138,2.7638,11.0575,1.7027,8.3181,16.6362,33.2723,33.2723,33.2723,6.6545,-1.6636,4.0,4.0,1.25956,29,94,33,11,0.01845928,-0.00667418,0.09708738,0E-8,0.000000,0.891704,0.015801,-0.10571295,2026-04-04,2026-07-28,29,229,128,116,0.250000,0.249944,0.263789,0.061531,,,,,,,,GLOBAL_BASELINE_NO_ENTITY_RANKING,,,NOT_APPLICABLE_GLOBAL_BASELINE,HF9g-P5,,,,X 全窗基线 · 不参与实体赏罚,3924260,393,A168_HF9F_20260827_0900,2026-08-27 09:00:00
2026-04-25,145351320,2248,0,3.4054146092,3.2351438788,3.2351438788,1.0000000,2,2,0.50665070000000000,0.506650700000,1.3955260008387969,1.3955260008387969,1.3955260008387969,0E-17,ELIGIBLE,R03b_20260811_FULL_v1,L1_ELIGIBILITY,v2026-08-11,2026-03-21..2026-08-06,baccarat_bet02_101_all_pairs_incl_sentinel,round_win = game_pnl > 0 (decisive only),COMPATIBILITY_ONLY_NOT_PRODUCTION,9282.7313,8277.4501,-61.9547,886,737,0.00667418,-0.09708738,0.00862557,0.00667418,61.9547,9282.7313,OK,0.0000,-2.4782,4.0000,96.0000,AG03-UNRESOLVED,ALL5_LEVELS_bet23_to_bet27,-2.4782,-2.4782,-3.0977,0.0000,0.0000,4.000000,4.000000,5.000000,0.000000,0.000000,96.000000,96.000000,95.000000,100.000000,100.000000,5.0,-8.0541,-7.7121,-53.9006,-54.2425,PENDING_AG03,FALSE,NOT_FOR_ENFORCEMENT,-59.4765,7946.3521,-61.9547,-59.4765,-2.4782,-0.00667418,-0.00640722,-2.4782,-59.4765,-0.00640722,-2.4782,-2.4782,-3.0977,0.0000,0.0000,-59.4765,-0.00640722,-8.0541,-7.7121,-53.9006,-54.2425,-0.00580654,-0.00584338,-0.00026697,10.4771,11.2313,-0.0841,-2.1364,-0.2705,320.0942,25.4138,2.7638,11.0575,1.7027,8.3181,16.6362,33.2723,33.2723,33.2723,6.6545,-1.6636,4.0,4.0,1.25956,29,94,33,11,0.01845928,-0.00667418,0.09708738,0E-8,0.000000,0.891704,0.015801,-0.10571295,2026-04-04,2026-07-28,29,229,128,116,0.250000,0.249944,0.263789,0.061531,,,,,,,,GLOBAL_BASELINE_NO_ENTITY_RANKING,,,NOT_APPLICABLE_GLOBAL_BASELINE,HF9g-P5,,,,X 全窗基线 · 不参与实体赏罚,3924261,393,A168_HF9F_20260827_0900,2026-08-27 09:00:00
2026-04-25,145351320,529,0,1.7027073046,-1.7027073046,-1.7027073046,0E-7,1,1,0.50665070000000000,0.506650700000,-1.013391052207602,-1.013391052207602,-1.013391052207602,0E-17,ELIGIBLE,R03b_20260811_FULL_v1,L1_ELIGIBILITY,v2026-08-11,2026-03-21..2026-08-06,baccarat_bet02_101_all_pairs_incl_sentinel,round_win = game_pnl > 0 (decisive only),COMPATIBILITY_ONLY_NOT_PRODUCTION,9282.7313,8277.4501,-61.9547,886,737,0.00667418,-0.09708738,0.00862557,0.00667418,61.9547,9282.7313,OK,0.0000,-2.4782,4.0000,96.0000,AG03-UNRESOLVED,ALL5_LEVELS_bet23_to_bet27,-2.4782,-2.4782,-3.0977,0.0000,0.0000,4.000000,4.000000,5.000000,0.000000,0.000000,96.000000,96.000000,95.000000,100.000000,100.000000,5.0,-8.0541,-7.7121,-53.9006,-54.2425,PENDING_AG03,FALSE,NOT_FOR_ENFORCEMENT,-59.4765,7946.3521,-61.9547,-59.4765,-2.4782,-0.00667418,-0.00640722,-2.4782,-59.4765,-0.00640722,-2.4782,-2.4782,-3.0977,0.0000,0.0000,-59.4765,-0.00640722,-8.0541,-7.7121,-53.9006,-54.2425,-0.00580654,-0.00584338,-0.00026697,10.4771,11.2313,-0.0841,-2.1364,-0.2705,320.0942,25.4138,2.7638,11.0575,1.7027,8.3181,16.6362,33.2723,33.2723,33.2723,6.6545,-1.6636,4.0,4.0,1.25956,29,94,33,11,0.01845928,-0.00667418,0.09708738,0E-8,0.000000,0.891704,0.015801,-0.10571295,2026-04-04,2026-07-28,29,229,128,116,0.250000,0.249944,0.263789,0.061531,,,,,,,,GLOBAL_BASELINE_NO_ENTITY_RANKING,,,NOT_APPLICABLE_GLOBAL_BASELINE,HF9g-P5,,,,X 全窗基线 · 不参与实体赏罚,3924262,393,A168_HF9F_20260827_0900,2026-08-27 09:00:00
2026-04-29,145351320,-1,1,32.3514387874,-11.0675974799,-11.0675974799,0.2500000,14,5,0.28575206333333333,0.234758506667,-0.15827485412589445,0.07191965438918073,-0.15827485412589445,0.05099355666633333,SENTINEL_DEALER,R03b_20260811_FULL_v1,L1_ELIGIBILITY,v2026-08-11,2026-03-21..2026-08-06,baccarat_bet02_101_all_pairs_incl_sentinel,round_win = game_pnl > 0 (decisive only),COMPATIBILITY_ONLY_NOT_PRODUCTION,9282.7313,8277.4501,-61.9547,886,737,0.00667418,-0.09708738,0.00862557,0.00667418,61.9547,9282.7313,OK,0.0000,-2.4782,4.0000,96.0000,AG03-UNRESOLVED,ALL5_LEVELS_bet23_to_bet27,-2.4782,-2.4782,-3.0977,0.0000,0.0000,4.000000,4.000000,5.000000,0.000000,0.000000,96.000000,96.000000,95.000000,100.000000,100.000000,5.0,-8.0541,-7.7121,-53.9006,-54.2425,PENDING_AG03,FALSE,NOT_FOR_ENFORCEMENT,-59.4765,7946.3521,-61.9547,-59.4765,-2.4782,-0.00667418,-0.00640722,-2.4782,-59.4765,-0.00640722,-2.4782,-2.4782,-3.0977,0.0000,0.0000,-59.4765,-0.00640722,-8.0541,-7.7121,-53.9006,-54.2425,-0.00580654,-0.00584338,-0.00026697,10.4771,11.2313,-0.0841,-2.1364,-0.2705,320.0942,25.4138,2.7638,11.0575,1.7027,8.3181,16.6362,33.2723,33.2723,33.2723,6.6545,-1.6636,4.0,4.0,1.25956,29,94,33,11,0.01845928,-0.00667418,0.09708738,0E-8,0.000000,0.891704,0.015801,-0.10571295,2026-04-04,2026-07-28,29,229,128,116,0.250000,0.249944,0.263789,0.061531,,,,,,,,GLOBAL_BASELINE_NO_ENTITY_RANKING,,,NOT_APPLICABLE_GLOBAL_BASELINE,HF9g-P5,,,,X 全窗基线 · 不参与实体赏罚,3924263,393,A168_HF9F_20260827_0900,2026-08-27 09:00:00
2026-05-03,145351320,2121,0,3.4453057709,-3.4453057709,-3.4453057709,0E-7,1,1,0.49324550000000000,0.493245500000,-0.9865810262130424,-0.9865810262130424,-0.9865810262130424,0E-17,ELIGIBLE,R03b_20260811_FULL_v1,L1_ELIGIBILITY,v2026-08-11,2026-03-21..2026-08-06,baccarat_bet02_101_all_pairs_incl_sentinel,round_win = game_pnl > 0 (decisive only),COMPATIBILITY_ONLY_NOT_PRODUCTION,9282.7313,8277.4501,-61.9547,886,737,0.00667418,-0.09708738,0.00862557,0.00667418,61.9547,9282.7313,OK,0.0000,-2.4782,4.0000,96.0000,AG03-UNRESOLVED,ALL5_LEVELS_bet23_to_bet27,-2.4782,-2.4782,-3.0977,0.0000,0.0000,4.000000,4.000000,5.000000,0.000000,0.000000,96.000000,96.000000,95.000000,100.000000,100.000000,5.0,-8.0541,-7.7121,-53.9006,-54.2425,PENDING_AG03,FALSE,NOT_FOR_ENFORCEMENT,-59.4765,7946.3521,-61.9547,-59.4765,-2.4782,-0.00667418,-0.00640722,-2.4782,-59.4765,-0.00640722,-2.4782,-2.4782,-3.0977,0.0000,0.0000,-59.4765,-0.00640722,-8.0541,-7.7121,-53.9006,-54.2425,-0.00580654,-0.00584338,-0.00026697,10.4771,11.2313,-0.0841,-2.1364,-0.2705,320.0942,25.4138,2.7638,11.0575,1.7027,8.3181,16.6362,33.2723,33.2723,33.2723,6.6545,-1.6636,4.0,4.0,1.25956,29,94,33,11,0.01845928,-0.00667418,0.09708738,0E-8,0.000000,0.891704,0.015801,-0.10571295,2026-04-04,2026-07-28,29,229,128,116,0.250000,0.249944,0.263789,0.061531,,,,,,,,GLOBAL_BASELINE_NO_ENTITY_RANKING,,,NOT_APPLICABLE_GLOBAL_BASELINE,HF9g-P5,,,,X 全窗基线 · 不参与实体赏罚,3924264,393,A168_HF9F_20260827_0900,2026-08-27 09:00:00
2026-05-03,145351320,2167,0,13.7812230836,3.4453057709,3.4453057709,0.6666667,4,4,0.49324550000000000,0.493245500000,0.6008033672792107,0.6008033672792106,0.6008033672792107,0E-17,ELIGIBLE,R03b_20260811_FULL_v1,L1_ELIGIBILITY,v2026-08-11,2026-03-21..2026-08-06,baccarat_bet02_101_all_pairs_incl_sentinel,round_win = game_pnl > 0 (decisive only),COMPATIBILITY_ONLY_NOT_PRODUCTION,9282.7313,8277.4501,-61.9547,886,737,0.00667418,-0.09708738,0.00862557,0.00667418,61.9547,9282.7313,OK,0.0000,-2.4782,4.0000,96.0000,AG03-UNRESOLVED,ALL5_LEVELS_bet23_to_bet27,-2.4782,-2.4782,-3.0977,0.0000,0.0000,4.000000,4.000000,5.000000,0.000000,0.000000,96.000000,96.000000,95.000000,100.000000,100.000000,5.0,-8.0541,-7.7121,-53.9006,-54.2425,PENDING_AG03,FALSE,NOT_FOR_ENFORCEMENT,-59.4765,7946.3521,-61.9547,-59.4765,-2.4782,-0.00667418,-0.00640722,-2.4782,-59.4765,-0.00640722,-2.4782,-2.4782,-3.0977,0.0000,0.0000,-59.4765,-0.00640722,-8.0541,-7.7121,-53.9006,-54.2425,-0.00580654,-0.00584338,-0.00026697,10.4771,11.2313,-0.0841,-2.1364,-0.2705,320.0942,25.4138,2.7638,11.0575,1.7027,8.3181,16.6362,33.2723,33.2723,33.2723,6.6545,-1.6636,4.0,4.0,1.25956,29,94,33,11,0.01845928,-0.00667418,0.09708738,0E-8,0.000000,0.891704,0.015801,-0.10571295,2026-04-04,2026-07-28,29,229,128,116,0.250000,0.249944,0.263789,0.061531,,,,,,,,GLOBAL_BASELINE_NO_ENTITY_RANKING,,,NOT_APPLICABLE_GLOBAL_BASELINE,HF9g-P5,,,,X 全窗基线 · 不参与实体赏罚,3924265,393,A168_HF9F_20260827_0900,2026-08-27 09:00:00
2026-05-03,145351320,2175,0,3.4453057709,-3.4453057709,-3.4453057709,0E-7,1,1,0.49324550000000000,0.493245500000,-0.9865810262130424,-0.9865810262130424,-0.9865810262130424,0E-17,ELIGIBLE,R03b_20260811_FULL_v1,L1_ELIGIBILITY,v2026-08-11,2026-03-21..2026-08-06,baccarat_bet02_101_all_pairs_incl_sentinel,round_win = game_pnl > 0 (decisive only),COMPATIBILITY_ONLY_NOT_PRODUCTION,9282.7313,8277.4501,-61.9547,886,737,0.00667418,-0.09708738,0.00862557,0.00667418,61.9547,9282.7313,OK,0.0000,-2.4782,4.0000,96.0000,AG03-UNRESOLVED,ALL5_LEVELS_bet23_to_bet27,-2.4782,-2.4782,-3.0977,0.0000,0.0000,4.000000,4.000000,5.000000,0.000000,0.000000,96.000000,96.000000,95.000000,100.000000,100.000000,5.0,-8.0541,-7.7121,-53.9006,-54.2425,PENDING_AG03,FALSE,NOT_FOR_ENFORCEMENT,-59.4765,7946.3521,-61.9547,-59.4765,-2.4782,-0.00667418,-0.00640722,-2.4782,-59.4765,-0.00640722,-2.4782,-2.4782,-3.0977,0.0000,0.0000,-59.4765,-0.00640722,-8.0541,-7.7121,-53.9006,-54.2425,-0.00580654,-0.00584338,-0.00026697,10.4771,11.2313,-0.0841,-2.1364,-0.2705,320.0942,25.4138,2.7638,11.0575,1.7027,8.3181,16.6362,33.2723,33.2723,33.2723,6.6545,-1.6636,4.0,4.0,1.25956,29,94,33,11,0.01845928,-0.00667418,0.09708738,0E-8,0.000000,0.891704,0.015801,-0.10571295,2026-04-04,2026-07-28,29,229,128,116,0.250000,0.249944,0.263789,0.061531,,,,,,,,GLOBAL_BASELINE_NO_ENTITY_RANKING,,,NOT_APPLICABLE_GLOBAL_BASELINE,HF9g-P5,,,,X 全窗基线 · 不参与实体赏罚,3924266,393,A168_HF9F_20260827_0900,2026-08-27 09:00:00
2026-06-11,145351320,2229,0,10.2249488754,-3.4083162918,-3.4083162918,0.5000000,5,2,0.33699740000000000,0.336997400000,0.4876841474120899,0.48768414741208976,0.4876841474120899,0E-17,ELIGIBLE,R03b_20260811_FULL_v1,L1_ELIGIBILITY,v2026-08-11,2026-03-21..2026-08-06,baccarat_bet02_101_all_pairs_incl_sentinel,round_win = game_pnl > 0 (decisive only),COMPATIBILITY_ONLY_NOT_PRODUCTION,9282.7313,8277.4501,-61.9547,886,737,0.00667418,-0.09708738,0.00862557,0.00667418,61.9547,9282.7313,OK,0.0000,-2.4782,4.0000,96.0000,AG03-UNRESOLVED,ALL5_LEVELS_bet23_to_bet27,-2.4782,-2.4782,-3.0977,0.0000,0.0000,4.000000,4.000000,5.000000,0.000000,0.000000,96.000000,96.000000,95.000000,100.000000,100.000000,5.0,-8.0541,-7.7121,-53.9006,-54.2425,PENDING_AG03,FALSE,NOT_FOR_ENFORCEMENT,-59.4765,7946.3521,-61.9547,-59.4765,-2.4782,-0.00667418,-0.00640722,-2.4782,-59.4765,-0.00640722,-2.4782,-2.4782,-3.0977,0.0000,0.0000,-59.4765,-0.00640722,-8.0541,-7.7121,-53.9006,-54.2425,-0.00580654,-0.00584338,-0.00026697,10.4771,11.2313,-0.0841,-2.1364,-0.2705,320.0942,25.4138,2.7638,11.0575,1.7027,8.3181,16.6362,33.2723,33.2723,33.2723,6.6545,-1.6636,4.0,4.0,1.25956,29,94,33,11,0.01845928,-0.00667418,0.09708738,0E-8,0.000000,0.891704,0.015801,-0.10571295,2026-04-04,2026-07-28,29,229,128,116,0.250000,0.249944,0.263789,0.061531,,,,,,,,GLOBAL_BASELINE_NO_ENTITY_RANKING,,,NOT_APPLICABLE_GLOBAL_BASELINE,HF9g-P5,,,,X 全窗基线 · 不参与实体赏罚,3924267,393,A168_HF9F_20260827_0900,2026-08-27 09:00:00
2026-06-20,145351320,789,0,3.4083162918,-3.4083162918,-3.4083162918,0E-7,1,1,0.49324550000000000,0.493245500000,-0.9865810262130424,-0.9865810262130424,-0.9865810262130424,0E-17,ELIGIBLE,R03b_20260811_FULL_v1,L1_ELIGIBILITY,v2026-08-11,2026-03-21..2026-08-06,baccarat_bet02_101_all_pairs_incl_sentinel,round_win = game_pnl > 0 (decisive only),COMPATIBILITY_ONLY_NOT_PRODUCTION,9282.7313,8277.4501,-61.9547,886,737,0.00667418,-0.09708738,0.00862557,0.00667418,61.9547,9282.7313,OK,0.0000,-2.4782,4.0000,96.0000,AG03-UNRESOLVED,ALL5_LEVELS_bet23_to_bet27,-2.4782,-2.4782,-3.0977,0.0000,0.0000,4.000000,4.000000,5.000000,0.000000,0.000000,96.000000,96.000000,95.000000,100.000000,100.000000,5.0,-8.0541,-7.7121,-53.9006,-54.2425,PENDING_AG03,FALSE,NOT_FOR_ENFORCEMENT,-59.4765,7946.3521,-61.9547,-59.4765,-2.4782,-0.00667418,-0.00640722,-2.4782,-59.4765,-0.00640722,-2.4782,-2.4782,-3.0977,0.0000,0.0000,-59.4765,-0.00640722,-8.0541,-7.7121,-53.9006,-54.2425,-0.00580654,-0.00584338,-0.00026697,10.4771,11.2313,-0.0841,-2.1364,-0.2705,320.0942,25.4138,2.7638,11.0575,1.7027,8.3181,16.6362,33.2723,33.2723,33.2723,6.6545,-1.6636,4.0,4.0,1.25956,29,94,33,11,0.01845928,-0.00667418,0.09708738,0E-8,0.000000,0.891704,0.015801,-0.10571295,2026-04-04,2026-07-28,29,229,128,116,0.250000,0.249944,0.263789,0.061531,,,,,,,,GLOBAL_BASELINE_NO_ENTITY_RANKING,,,NOT_APPLICABLE_GLOBAL_BASELINE,HF9g-P5,,,,X 全窗基线 · 不参与实体赏罚,3924268,393,A168_HF9F_20260827_0900,2026-08-27 09:00:00
2026-07-01,145351320,-1,1,2778.2398935267,33.2723340543,33.2723340543,0.4803150,157,138,0.48229493144928821,0.479713603285,-0.0446542801602271,0.013565075888431912,-0.0446542801602271,0.00258132816428821,SENTINEL_DEALER,R03b_20260811_FULL_v1,L1_ELIGIBILITY,v2026-08-11,2026-03-21..2026-08-06,baccarat_bet02_101_all_pairs_incl_sentinel,round_win = game_pnl > 0 (decisive only),COMPATIBILITY_ONLY_NOT_PRODUCTION,9282.7313,8277.4501,-61.9547,886,737,0.00667418,-0.09708738,0.00862557,0.00667418,61.9547,9282.7313,OK,0.0000,-2.4782,4.0000,96.0000,AG03-UNRESOLVED,ALL5_LEVELS_bet23_to_bet27,-2.4782,-2.4782,-3.0977,0.0000,0.0000,4.000000,4.000000,5.000000,0.000000,0.000000,96.000000,96.000000,95.000000,100.000000,100.000000,5.0,-8.0541,-7.7121,-53.9006,-54.2425,PENDING_AG03,FALSE,NOT_FOR_ENFORCEMENT,-59.4765,7946.3521,-61.9547,-59.4765,-2.4782,-0.00667418,-0.00640722,-2.4782,-59.4765,-0.00640722,-2.4782,-2.4782,-3.0977,0.0000,0.0000,-59.4765,-0.00640722,-8.0541,-7.7121,-53.9006,-54.2425,-0.00580654,-0.00584338,-0.00026697,10.4771,11.2313,-0.0841,-2.1364,-0.2705,320.0942,25.4138,2.7638,11.0575,1.7027,8.3181,16.6362,33.2723,33.2723,33.2723,6.6545,-1.6636,4.0,4.0,1.25956,29,94,33,11,0.01845928,-0.00667418,0.09708738,0E-8,0.000000,0.891704,0.015801,-0.10571295,2026-04-04,2026-07-28,29,229,128,116,0.250000,0.249944,0.263789,0.061531,,,,,,,,GLOBAL_BASELINE_NO_ENTITY_RANKING,,,NOT_APPLICABLE_GLOBAL_BASELINE,HF9g-P5,,,,X 全窗基线 · 不参与实体赏罚,3924269,393,A168_HF9F_20260827_0900,2026-08-27 09:00:00
2026-07-01,145351320,1094,0,113.1259357843,-19.9634004325,-19.9634004325,0.6000000,5,5,0.49324550000000000,0.493245500000,0.47746420675292983,0.47746420675292983,0.47746420675292983,0E-17,ELIGIBLE,R03b_20260811_FULL_v1,L1_ELIGIBILITY,v2026-08-11,2026-03-21..2026-08-06,baccarat_bet02_101_all_pairs_incl_sentinel,round_win = game_pnl > 0 (decisive only),COMPATIBILITY_ONLY_NOT_PRODUCTION,9282.7313,8277.4501,-61.9547,886,737,0.00667418,-0.09708738,0.00862557,0.00667418,61.9547,9282.7313,OK,0.0000,-2.4782,4.0000,96.0000,AG03-UNRESOLVED,ALL5_LEVELS_bet23_to_bet27,-2.4782,-2.4782,-3.0977,0.0000,0.0000,4.000000,4.000000,5.000000,0.000000,0.000000,96.000000,96.000000,95.000000,100.000000,100.000000,5.0,-8.0541,-7.7121,-53.9006,-54.2425,PENDING_AG03,FALSE,NOT_FOR_ENFORCEMENT,-59.4765,7946.3521,-61.9547,-59.4765,-2.4782,-0.00667418,-0.00640722,-2.4782,-59.4765,-0.00640722,-2.4782,-2.4782,-3.0977,0.0000,0.0000,-59.4765,-0.00640722,-8.0541,-7.7121,-53.9006,-54.2425,-0.00580654,-0.00584338,-0.00026697,10.4771,11.2313,-0.0841,-2.1364,-0.2705,320.0942,25.4138,2.7638,11.0575,1.7027,8.3181,16.6362,33.2723,33.2723,33.2723,6.6545,-1.6636,4.0,4.0,1.25956,29,94,33,11,0.01845928,-0.00667418,0.09708738,0E-8,0.000000,0.891704,0.015801,-0.10571295,2026-04-04,2026-07-28,29,229,128,116,0.250000,0.249944,0.263789,0.061531,,,,,,,,GLOBAL_BASELINE_NO_ENTITY_RANKING,,,NOT_APPLICABLE_GLOBAL_BASELINE,HF9g-P5,,,,X 全窗基线 · 不参与实体赏罚,3924270,393,A168_HF9F_20260827_0900,2026-08-27 09:00:00
2026-07-01,145351320,1221,0,156.3799700549,24.9542505405,24.9542505405,0.4545455,12,12,0.49324550000000000,0.493245500000,-0.256730487122501,-0.256730487122501,-0.256730487122501,0E-17,ELIGIBLE,R03b_20260811_FULL_v1,L1_ELIGIBILITY,v2026-08-11,2026-03-21..2026-08-06,baccarat_bet02_101_all_pairs_incl_sentinel,round_win = game_pnl > 0 (decisive only),COMPATIBILITY_ONLY_NOT_PRODUCTION,9282.7313,8277.4501,-61.9547,886,737,0.00667418,-0.09708738,0.00862557,0.00667418,61.9547,9282.7313,OK,0.0000,-2.4782,4.0000,96.0000,AG03-UNRESOLVED,ALL5_LEVELS_bet23_to_bet27,-2.4782,-2.4782,-3.0977,0.0000,0.0000,4.000000,4.000000,5.000000,0.000000,0.000000,96.000000,96.000000,95.000000,100.000000,100.000000,5.0,-8.0541,-7.7121,-53.9006,-54.2425,PENDING_AG03,FALSE,NOT_FOR_ENFORCEMENT,-59.4765,7946.3521,-61.9547,-59.4765,-2.4782,-0.00667418,-0.00640722,-2.4782,-59.4765,-0.00640722,-2.4782,-2.4782,-3.0977,0.0000,0.0000,-59.4765,-0.00640722,-8.0541,-7.7121,-53.9006,-54.2425,-0.00580654,-0.00584338,-0.00026697,10.4771,11.2313,-0.0841,-2.1364,-0.2705,320.0942,25.4138,2.7638,11.0575,1.7027,8.3181,16.6362,33.2723,33.2723,33.2723,6.6545,-1.6636,4.0,4.0,1.25956,29,94,33,11,0.01845928,-0.00667418,0.09708738,0E-8,0.000000,0.891704,0.015801,-0.10571295,2026-04-04,2026-07-28,29,229,128,116,0.250000,0.249944,0.263789,0.061531,,,,,,,,GLOBAL_BASELINE_NO_ENTITY_RANKING,,,NOT_APPLICABLE_GLOBAL_BASELINE,HF9g-P5,,,,X 全窗基线 · 不参与实体赏罚,3924271,393,A168_HF9F_20260827_0900,2026-08-27 09:00:00
2026-07-01,145351320,1302,0,9.9817002162,0E-10,0E-10,0.3333333,3,3,0.49324550000000000,0.493245500000,-0.5540025479526107,-0.5540025479526106,-0.5540025479526107,0E-17,ELIGIBLE,R03b_20260811_FULL_v1,L1_ELIGIBILITY,v2026-08-11,2026-03-21..2026-08-06,baccarat_bet02_101_all_pairs_incl_sentinel,round_win = game_pnl > 0 (decisive only),COMPATIBILITY_ONLY_NOT_PRODUCTION,9282.7313,8277.4501,-61.9547,886,737,0.00667418,-0.09708738,0.00862557,0.00667418,61.9547,9282.7313,OK,0.0000,-2.4782,4.0000,96.0000,AG03-UNRESOLVED,ALL5_LEVELS_bet23_to_bet27,-2.4782,-2.4782,-3.0977,0.0000,0.0000,4.000000,4.000000,5.000000,0.000000,0.000000,96.000000,96.000000,95.000000,100.000000,100.000000,5.0,-8.0541,-7.7121,-53.9006,-54.2425,PENDING_AG03,FALSE,NOT_FOR_ENFORCEMENT,-59.4765,7946.3521,-61.9547,-59.4765,-2.4782,-0.00667418,-0.00640722,-2.4782,-59.4765,-0.00640722,-2.4782,-2.4782,-3.0977,0.0000,0.0000,-59.4765,-0.00640722,-8.0541,-7.7121,-53.9006,-54.2425,-0.00580654,-0.00584338,-0.00026697,10.4771,11.2313,-0.0841,-2.1364,-0.2705,320.0942,25.4138,2.7638,11.0575,1.7027,8.3181,16.6362,33.2723,33.2723,33.2723,6.6545,-1.6636,4.0,4.0,1.25956,29,94,33,11,0.01845928,-0.00667418,0.09708738,0E-8,0.000000,0.891704,0.015801,-0.10571295,2026-04-04,2026-07-28,29,229,128,116,0.250000,0.249944,0.263789,0.061531,,,,,,,,GLOBAL_BASELINE_NO_ENTITY_RANKING,,,NOT_APPLICABLE_GLOBAL_BASELINE,HF9g-P5,,,,X 全窗基线 · 不参与实体赏罚,3924272,393,A168_HF9F_20260827_0900,2026-08-27 09:00:00
2026-07-01,145351320,1306,0,134.7529529196,-49.9085010815,-49.9085010815,0.5000000,21,15,0.47427150222222222,0.468850360000,0.1927898533462994,0.2335562411115024,0.1927898533462994,0.00542114222222222,ELIGIBLE,R03b_20260811_FULL_v1,L1_ELIGIBILITY,v2026-08-11,2026-03-21..2026-08-06,baccarat_bet02_101_all_pairs_incl_sentinel,round_win = game_pnl > 0 (decisive only),COMPATIBILITY_ONLY_NOT_PRODUCTION,9282.7313,8277.4501,-61.9547,886,737,0.00667418,-0.09708738,0.00862557,0.00667418,61.9547,9282.7313,OK,0.0000,-2.4782,4.0000,96.0000,AG03-UNRESOLVED,ALL5_LEVELS_bet23_to_bet27,-2.4782,-2.4782,-3.0977,0.0000,0.0000,4.000000,4.000000,5.000000,0.000000,0.000000,96.000000,96.000000,95.000000,100.000000,100.000000,5.0,-8.0541,-7.7121,-53.9006,-54.2425,PENDING_AG03,FALSE,NOT_FOR_ENFORCEMENT,-59.4765,7946.3521,-61.9547,-59.4765,-2.4782,-0.00667418,-0.00640722,-2.4782,-59.4765,-0.00640722,-2.4782,-2.4782,-3.0977,0.0000,0.0000,-59.4765,-0.00640722,-8.0541,-7.7121,-53.9006,-54.2425,-0.00580654,-0.00584338,-0.00026697,10.4771,11.2313,-0.0841,-2.1364,-0.2705,320.0942,25.4138,2.7638,11.0575,1.7027,8.3181,16.6362,33.2723,33.2723,33.2723,6.6545,-1.6636,4.0,4.0,1.25956,29,94,33,11,0.01845928,-0.00667418,0.09708738,0E-8,0.000000,0.891704,0.015801,-0.10571295,2026-04-04,2026-07-28,29,229,128,116,0.250000,0.249944,0.263789,0.061531,,,,,,,,GLOBAL_BASELINE_NO_ENTITY_RANKING,,,NOT_APPLICABLE_GLOBAL_BASELINE,HF9g-P5,,,,X 全窗基线 · 不参与实体赏罚,3924273,393,A168_HF9F_20260827_0900,2026-08-27 09:00:00
2026-07-01,145351320,1307,0,236.2335717850,99.8170021625,99.8170021625,0.6000000,27,22,0.48138709602272727,0.477434294697,1.061641911082574,1.0973791599443492,1.061641911082574,0.00395280132572727,ELIGIBLE,R03b_20260811_FULL_v1,L1_ELIGIBILITY,v2026-08-11,2026-03-21..2026-08-06,baccarat_bet02_101_all_pairs_incl_sentinel,round_win = game_pnl > 0 (decisive only),COMPATIBILITY_ONLY_NOT_PRODUCTION,9282.7313,8277.4501,-61.9547,886,737,0.00667418,-0.09708738,0.00862557,0.00667418,61.9547,9282.7313,OK,0.0000,-2.4782,4.0000,96.0000,AG03-UNRESOLVED,ALL5_LEVELS_bet23_to_bet27,-2.4782,-2.4782,-3.0977,0.0000,0.0000,4.000000,4.000000,5.000000,0.000000,0.000000,96.000000,96.000000,95.000000,100.000000,100.000000,5.0,-8.0541,-7.7121,-53.9006,-54.2425,PENDING_AG03,FALSE,NOT_FOR_ENFORCEMENT,-59.4765,7946.3521,-61.9547,-59.4765,-2.4782,-0.00667418,-0.00640722,-2.4782,-59.4765,-0.00640722,-2.4782,-2.4782,-3.0977,0.0000,0.0000,-59.4765,-0.00640722,-8.0541,-7.7121,-53.9006,-54.2425,-0.00580654,-0.00584338,-0.00026697,10.4771,11.2313,-0.0841,-2.1364,-0.2705,320.0942,25.4138,2.7638,11.0575,1.7027,8.3181,16.6362,33.2723,33.2723,33.2723,6.6545,-1.6636,4.0,4.0,1.25956,29,94,33,11,0.01845928,-0.00667418,0.09708738,0E-8,0.000000,0.891704,0.015801,-0.10571295,2026-04-04,2026-07-28,29,229,128,116,0.250000,0.249944,0.263789,0.061531,,,,,,,,GLOBAL_BASELINE_NO_ENTITY_RANKING,,,NOT_APPLICABLE_GLOBAL_BASELINE,HF9g-P5,,,,X 全窗基线 · 不参与实体赏罚,3924274,393,A168_HF9F_20260827_0900,2026-08-27 09:00:00
2026-07-01,145351320,1331,0,136.4165696221,58.2265845949,58.2265845949,0.7000000,14,11,0.48460398251752247,0.465160568182,1.3629303123686716,1.488873723848501,1.3629303123686716,0.01944341433552247,ELIGIBLE,R03b_20260811_FULL_v1,L1_ELIGIBILITY,v2026-08-11,2026-03-21..2026-08-06,baccarat_bet02_101_all_pairs_incl_sentinel,round_win = game_pnl > 0 (decisive only),COMPATIBILITY_ONLY_NOT_PRODUCTION,9282.7313,8277.4501,-61.9547,886,737,0.00667418,-0.09708738,0.00862557,0.00667418,61.9547,9282.7313,OK,0.0000,-2.4782,4.0000,96.0000,AG03-UNRESOLVED,ALL5_LEVELS_bet23_to_bet27,-2.4782,-2.4782,-3.0977,0.0000,0.0000,4.000000,4.000000,5.000000,0.000000,0.000000,96.000000,96.000000,95.000000,100.000000,100.000000,5.0,-8.0541,-7.7121,-53.9006,-54.2425,PENDING_AG03,FALSE,NOT_FOR_ENFORCEMENT,-59.4765,7946.3521,-61.9547,-59.4765,-2.4782,-0.00667418,-0.00640722,-2.4782,-59.4765,-0.00640722,-2.4782,-2.4782,-3.0977,0.0000,0.0000,-59.4765,-0.00640722,-8.0541,-7.7121,-53.9006,-54.2425,-0.00580654,-0.00584338,-0.00026697,10.4771,11.2313,-0.0841,-2.1364,-0.2705,320.0942,25.4138,2.7638,11.0575,1.7027,8.3181,16.6362,33.2723,33.2723,33.2723,6.6545,-1.6636,4.0,4.0,1.25956,29,94,33,11,0.01845928,-0.00667418,0.09708738,0E-8,0.000000,0.891704,0.015801,-0.10571295,2026-04-04,2026-07-28,29,229,128,116,0.250000,0.249944,0.263789,0.061531,,,,,,,,GLOBAL_BASELINE_NO_ENTITY_RANKING,,,NOT_APPLICABLE_GLOBAL_BASELINE,HF9g-P5,,,,X 全窗基线 · 不参与实体赏罚,3924275,393,A168_HF9F_20260827_0900,2026-08-27 09:00:00
2026-07-01,145351320,1363,0,118.1167858925,-71.5355182165,-71.5355182165,0.2857143,7,7,0.49324550000000000,0.493245500000,-1.0982521808510124,-1.0982521808510126,-1.0982521808510124,0E-17,ELIGIBLE,R03b_20260811_FULL_v1,L1_ELIGIBILITY,v2026-08-11,2026-03-21..2026-08-06,baccarat_bet02_101_all_pairs_incl_sentinel,round_win = game_pnl > 0 (decisive only),COMPATIBILITY_ONLY_NOT_PRODUCTION,9282.7313,8277.4501,-61.9547,886,737,0.00667418,-0.09708738,0.00862557,0.00667418,61.9547,9282.7313,OK,0.0000,-2.4782,4.0000,96.0000,AG03-UNRESOLVED,ALL5_LEVELS_bet23_to_bet27,-2.4782,-2.4782,-3.0977,0.0000,0.0000,4.000000,4.000000,5.000000,0.000000,0.000000,96.000000,96.000000,95.000000,100.000000,100.000000,5.0,-8.0541,-7.7121,-53.9006,-54.2425,PENDING_AG03,FALSE,NOT_FOR_ENFORCEMENT,-59.4765,7946.3521,-61.9547,-59.4765,-2.4782,-0.00667418,-0.00640722,-2.4782,-59.4765,-0.00640722,-2.4782,-2.4782,-3.0977,0.0000,0.0000,-59.4765,-0.00640722,-8.0541,-7.7121,-53.9006,-54.2425,-0.00580654,-0.00584338,-0.00026697,10.4771,11.2313,-0.0841,-2.1364,-0.2705,320.0942,25.4138,2.7638,11.0575,1.7027,8.3181,16.6362,33.2723,33.2723,33.2723,6.6545,-1.6636,4.0,4.0,1.25956,29,94,33,11,0.01845928,-0.00667418,0.09708738,0E-8,0.000000,0.891704,0.015801,-0.10571295,2026-04-04,2026-07-28,29,229,128,116,0.250000,0.249944,0.263789,0.061531,,,,,,,,GLOBAL_BASELINE_NO_ENTITY_RANKING,,,NOT_APPLICABLE_GLOBAL_BASELINE,HF9g-P5,,,,X 全窗基线 · 不参与实体赏罚,3924276,393,A168_HF9F_20260827_0900,2026-08-27 09:00:00
2026-07-01,145351320,1399,0,53.2357344867,-26.6178672433,-26.6178672433,0.3333333,7,7,0.49324550000000000,0.493245500000,-0.783477916903833,-0.7834779169038328,-0.783477916903833,0E-17,ELIGIBLE,R03b_20260811_FULL_v1,L1_ELIGIBILITY,v2026-08-11,2026-03-21..2026-08-06,baccarat_bet02_101_all_pairs_incl_sentinel,round_win = game_pnl > 0 (decisive only),COMPATIBILITY_ONLY_NOT_PRODUCTION,9282.7313,8277.4501,-61.9547,886,737,0.00667418,-0.09708738,0.00862557,0.00667418,61.9547,9282.7313,OK,0.0000,-2.4782,4.0000,96.0000,AG03-UNRESOLVED,ALL5_LEVELS_bet23_to_bet27,-2.4782,-2.4782,-3.0977,0.0000,0.0000,4.000000,4.000000,5.000000,0.000000,0.000000,96.000000,96.000000,95.000000,100.000000,100.000000,5.0,-8.0541,-7.7121,-53.9006,-54.2425,PENDING_AG03,FALSE,NOT_FOR_ENFORCEMENT,-59.4765,7946.3521,-61.9547,-59.4765,-2.4782,-0.00667418,-0.00640722,-2.4782,-59.4765,-0.00640722,-2.4782,-2.4782,-3.0977,0.0000,0.0000,-59.4765,-0.00640722,-8.0541,-7.7121,-53.9006,-54.2425,-0.00580654,-0.00584338,-0.00026697,10.4771,11.2313,-0.0841,-2.1364,-0.2705,320.0942,25.4138,2.7638,11.0575,1.7027,8.3181,16.6362,33.2723,33.2723,33.2723,6.6545,-1.6636,4.0,4.0,1.25956,29,94,33,11,0.01845928,-0.00667418,0.09708738,0E-8,0.000000,0.891704,0.015801,-0.10571295,2026-04-04,2026-07-28,29,229,128,116,0.250000,0.249944,0.263789,0.061531,,,,,,,,GLOBAL_BASELINE_NO_ENTITY_RANKING,,,NOT_APPLICABLE_GLOBAL_BASELINE,HF9g-P5,,,,X 全窗基线 · 不参与实体赏罚,3924277,393,A168_HF9F_20260827_0900,2026-08-27 09:00:00
2026-07-01,145351320,1490,0,36.5995674596,0E-10,0E-10,,2,2,0.49324550000000000,0.493245500000,,,,0E-17,NO_DECISIVE_ROUND,R03b_20260811_FULL_v1,L1_ELIGIBILITY,v2026-08-11,2026-03-21..2026-08-06,baccarat_bet02_101_all_pairs_incl_sentinel,round_win = game_pnl > 0 (decisive only),COMPATIBILITY_ONLY_NOT_PRODUCTION,9282.7313,8277.4501,-61.9547,886,737,0.00667418,-0.09708738,0.00862557,0.00667418,61.9547,9282.7313,OK,0.0000,-2.4782,4.0000,96.0000,AG03-UNRESOLVED,ALL5_LEVELS_bet23_to_bet27,-2.4782,-2.4782,-3.0977,0.0000,0.0000,4.000000,4.000000,5.000000,0.000000,0.000000,96.000000,96.000000,95.000000,100.000000,100.000000,5.0,-8.0541,-7.7121,-53.9006,-54.2425,PENDING_AG03,FALSE,NOT_FOR_ENFORCEMENT,-59.4765,7946.3521,-61.9547,-59.4765,-2.4782,-0.00667418,-0.00640722,-2.4782,-59.4765,-0.00640722,-2.4782,-2.4782,-3.0977,0.0000,0.0000,-59.4765,-0.00640722,-8.0541,-7.7121,-53.9006,-54.2425,-0.00580654,-0.00584338,-0.00026697,10.4771,11.2313,-0.0841,-2.1364,-0.2705,320.0942,25.4138,2.7638,11.0575,1.7027,8.3181,16.6362,33.2723,33.2723,33.2723,6.6545,-1.6636,4.0,4.0,1.25956,29,94,33,11,0.01845928,-0.00667418,0.09708738,0E-8,0.000000,0.891704,0.015801,-0.10571295,2026-04-04,2026-07-28,29,229,128,116,0.250000,0.249944,0.263789,0.061531,,,,,,,,GLOBAL_BASELINE_NO_ENTITY_RANKING,,,NOT_APPLICABLE_GLOBAL_BASELINE,HF9g-P5,,,,X 全窗基线 · 不参与实体赏罚,3924278,393,A168_HF9F_20260827_0900,2026-08-27 09:00:00
2026-07-01,145351320,1710,0,169.6889036768,73.1991349196,73.1991349196,0.6250000,22,19,0.45820957894736842,0.454957639474,1.3390085594835741,1.3658924584757097,1.3390085594835741,0.00325193947336842,ELIGIBLE,R03b_20260811_FULL_v1,L1_ELIGIBILITY,v2026-08-11,2026-03-21..2026-08-06,baccarat_bet02_101_all_pairs_incl_sentinel,round_win = game_pnl > 0 (decisive only),COMPATIBILITY_ONLY_NOT_PRODUCTION,9282.7313,8277.4501,-61.9547,886,737,0.00667418,-0.09708738,0.00862557,0.00667418,61.9547,9282.7313,OK,0.0000,-2.4782,4.0000,96.0000,AG03-UNRESOLVED,ALL5_LEVELS_bet23_to_bet27,-2.4782,-2.4782,-3.0977,0.0000,0.0000,4.000000,4.000000,5.000000,0.000000,0.000000,96.000000,96.000000,95.000000,100.000000,100.000000,5.0,-8.0541,-7.7121,-53.9006,-54.2425,PENDING_AG03,FALSE,NOT_FOR_ENFORCEMENT,-59.4765,7946.3521,-61.9547,-59.4765,-2.4782,-0.00667418,-0.00640722,-2.4782,-59.4765,-0.00640722,-2.4782,-2.4782,-3.0977,0.0000,0.0000,-59.4765,-0.00640722,-8.0541,-7.7121,-53.9006,-54.2425,-0.00580654,-0.00584338,-0.00026697,10.4771,11.2313,-0.0841,-2.1364,-0.2705,320.0942,25.4138,2.7638,11.0575,1.7027,8.3181,16.6362,33.2723,33.2723,33.2723,6.6545,-1.6636,4.0,4.0,1.25956,29,94,33,11,0.01845928,-0.00667418,0.09708738,0E-8,0.000000,0.891704,0.015801,-0.10571295,2026-04-04,2026-07-28,29,229,128,116,0.250000,0.249944,0.263789,0.061531,,,,,,,,GLOBAL_BASELINE_NO_ENTITY_RANKING,,,NOT_APPLICABLE_GLOBAL_BASELINE,HF9g-P5,,,,X 全窗基线 · 不参与实体赏罚,3924279,393,A168_HF9F_20260827_0900,2026-08-27 09:00:00
2026-07-01,145351320,1750,0,123.1076360006,-1.6636167026,-1.6636167026,0.5555556,11,11,0.49324550000000000,0.493245500000,0.37389445146519346,0.37389445146519346,0.37389445146519346,0E-17,ELIGIBLE,R03b_20260811_FULL_v1,L1_ELIGIBILITY,v2026-08-11,2026-03-21..2026-08-06,baccarat_bet02_101_all_pairs_incl_sentinel,round_win = game_pnl > 0 (decisive only),COMPATIBILITY_ONLY_NOT_PRODUCTION,9282.7313,8277.4501,-61.9547,886,737,0.00667418,-0.09708738,0.00862557,0.00667418,61.9547,9282.7313,OK,0.0000,-2.4782,4.0000,96.0000,AG03-UNRESOLVED,ALL5_LEVELS_bet23_to_bet27,-2.4782,-2.4782,-3.0977,0.0000,0.0000,4.000000,4.000000,5.000000,0.000000,0.000000,96.000000,96.000000,95.000000,100.000000,100.000000,5.0,-8.0541,-7.7121,-53.9006,-54.2425,PENDING_AG03,FALSE,NOT_FOR_ENFORCEMENT,-59.4765,7946.3521,-61.9547,-59.4765,-2.4782,-0.00667418,-0.00640722,-2.4782,-59.4765,-0.00640722,-2.4782,-2.4782,-3.0977,0.0000,0.0000,-59.4765,-0.00640722,-8.0541,-7.7121,-53.9006,-54.2425,-0.00580654,-0.00584338,-0.00026697,10.4771,11.2313,-0.0841,-2.1364,-0.2705,320.0942,25.4138,2.7638,11.0575,1.7027,8.3181,16.6362,33.2723,33.2723,33.2723,6.6545,-1.6636,4.0,4.0,1.25956,29,94,33,11,0.01845928,-0.00667418,0.09708738,0E-8,0.000000,0.891704,0.015801,-0.10571295,2026-04-04,2026-07-28,29,229,128,116,0.250000,0.249944,0.263789,0.061531,,,,,,,,GLOBAL_BASELINE_NO_ENTITY_RANKING,,,NOT_APPLICABLE_GLOBAL_BASELINE,HF9g-P5,,,,X 全窗基线 · 不参与实体赏罚,3924280,393,A168_HF9F_20260827_0900,2026-08-27 09:00:00
2026-07-01,145351320,1951,0,279.4876060553,-41.5904175675,-41.5904175675,0.4736842,30,20,0.40974627983333333,0.409746279833,0.566706900566098,0.566706900569123,0.566706900566098,3.3333E-13,ELIGIBLE,R03b_20260811_FULL_v1,L1_ELIGIBILITY,v2026-08-11,2026-03-21..2026-08-06,baccarat_bet02_101_all_pairs_incl_sentinel,round_win = game_pnl > 0 (decisive only),COMPATIBILITY_ONLY_NOT_PRODUCTION,9282.7313,8277.4501,-61.9547,886,737,0.00667418,-0.09708738,0.00862557,0.00667418,61.9547,9282.7313,OK,0.0000,-2.4782,4.0000,96.0000,AG03-UNRESOLVED,ALL5_LEVELS_bet23_to_bet27,-2.4782,-2.4782,-3.0977,0.0000,0.0000,4.000000,4.000000,5.000000,0.000000,0.000000,96.000000,96.000000,95.000000,100.000000,100.000000,5.0,-8.0541,-7.7121,-53.9006,-54.2425,PENDING_AG03,FALSE,NOT_FOR_ENFORCEMENT,-59.4765,7946.3521,-61.9547,-59.4765,-2.4782,-0.00667418,-0.00640722,-2.4782,-59.4765,-0.00640722,-2.4782,-2.4782,-3.0977,0.0000,0.0000,-59.4765,-0.00640722,-8.0541,-7.7121,-53.9006,-54.2425,-0.00580654,-0.00584338,-0.00026697,10.4771,11.2313,-0.0841,-2.1364,-0.2705,320.0942,25.4138,2.7638,11.0575,1.7027,8.3181,16.6362,33.2723,33.2723,33.2723,6.6545,-1.6636,4.0,4.0,1.25956,29,94,33,11,0.01845928,-0.00667418,0.09708738,0E-8,0.000000,0.891704,0.015801,-0.10571295,2026-04-04,2026-07-28,29,229,128,116,0.250000,0.249944,0.263789,0.061531,,,,,,,,GLOBAL_BASELINE_NO_ENTITY_RANKING,,,NOT_APPLICABLE_GLOBAL_BASELINE,HF9g-P5,,,,X 全窗基线 · 不参与实体赏罚,3924281,393,A168_HF9F_20260827_0900,2026-08-27 09:00:00
2026-07-01,145351320,1964,0,18.2997837298,-18.2997837298,-18.2997837298,0E-7,2,2,0.49324550000000000,0.493245500000,-1.3952362676504506,-1.3952362676504506,-1.3952362676504506,0E-17,ELIGIBLE,R03b_20260811_FULL_v1,L1_ELIGIBILITY,v2026-08-11,2026-03-21..2026-08-06,baccarat_bet02_101_all_pairs_incl_sentinel,round_win = game_pnl > 0 (decisive only),COMPATIBILITY_ONLY_NOT_PRODUCTION,9282.7313,8277.4501,-61.9547,886,737,0.00667418,-0.09708738,0.00862557,0.00667418,61.9547,9282.7313,OK,0.0000,-2.4782,4.0000,96.0000,AG03-UNRESOLVED,ALL5_LEVELS_bet23_to_bet27,-2.4782,-2.4782,-3.0977,0.0000,0.0000,4.000000,4.000000,5.000000,0.000000,0.000000,96.000000,96.000000,95.000000,100.000000,100.000000,5.0,-8.0541,-7.7121,-53.9006,-54.2425,PENDING_AG03,FALSE,NOT_FOR_ENFORCEMENT,-59.4765,7946.3521,-61.9547,-59.4765,-2.4782,-0.00667418,-0.00640722,-2.4782,-59.4765,-0.00640722,-2.4782,-2.4782,-3.0977,0.0000,0.0000,-59.4765,-0.00640722,-8.0541,-7.7121,-53.9006,-54.2425,-0.00580654,-0.00584338,-0.00026697,10.4771,11.2313,-0.0841,-2.1364,-0.2705,320.0942,25.4138,2.7638,11.0575,1.7027,8.3181,16.6362,33.2723,33.2723,33.2723,6.6545,-1.6636,4.0,4.0,1.25956,29,94,33,11,0.01845928,-0.00667418,0.09708738,0E-8,0.000000,0.891704,0.015801,-0.10571295,2026-04-04,2026-07-28,29,229,128,116,0.250000,0.249944,0.263789,0.061531,,,,,,,,GLOBAL_BASELINE_NO_ENTITY_RANKING,,,NOT_APPLICABLE_GLOBAL_BASELINE,HF9g-P5,,,,X 全窗基线 · 不参与实体赏罚,3924282,393,A168_HF9F_20260827_0900,2026-08-27 09:00:00
2026-07-01,145351320,1985,0,216.2701713525,39.9268008650,39.9268008650,0.5000000,17,17,0.49324550000000000,0.493245500000,0.050550662421454985,0.050550662421454985,0.050550662421454985,0E-17,ELIGIBLE,R03b_20260811_FULL_v1,L1_ELIGIBILITY,v2026-08-11,2026-03-21..2026-08-06,baccarat_bet02_101_all_pairs_incl_sentinel,round_win = game_pnl > 0 (decisive only),COMPATIBILITY_ONLY_NOT_PRODUCTION,9282.7313,8277.4501,-61.9547,886,737,0.00667418,-0.09708738,0.00862557,0.00667418,61.9547,9282.7313,OK,0.0000,-2.4782,4.0000,96.0000,AG03-UNRESOLVED,ALL5_LEVELS_bet23_to_bet27,-2.4782,-2.4782,-3.0977,0.0000,0.0000,4.000000,4.000000,5.000000,0.000000,0.000000,96.000000,96.000000,95.000000,100.000000,100.000000,5.0,-8.0541,-7.7121,-53.9006,-54.2425,PENDING_AG03,FALSE,NOT_FOR_ENFORCEMENT,-59.4765,7946.3521,-61.9547,-59.4765,-2.4782,-0.00667418,-0.00640722,-2.4782,-59.4765,-0.00640722,-2.4782,-2.4782,-3.0977,0.0000,0.0000,-59.4765,-0.00640722,-8.0541,-7.7121,-53.9006,-54.2425,-0.00580654,-0.00584338,-0.00026697,10.4771,11.2313,-0.0841,-2.1364,-0.2705,320.0942,25.4138,2.7638,11.0575,1.7027,8.3181,16.6362,33.2723,33.2723,33.2723,6.6545,-1.6636,4.0,4.0,1.25956,29,94,33,11,0.01845928,-0.00667418,0.09708738,0E-8,0.000000,0.891704,0.015801,-0.10571295,2026-04-04,2026-07-28,29,229,128,116,0.250000,0.249944,0.263789,0.061531,,,,,,,,GLOBAL_BASELINE_NO_ENTITY_RANKING,,,NOT_APPLICABLE_GLOBAL_BASELINE,HF9g-P5,,,,X 全窗基线 · 不参与实体赏罚,3924283,393,A168_HF9F_20260827_0900,2026-08-27 09:00:00
2026-07-01,145351320,2101,0,134.7529529196,43.2540342705,43.2540342705,0.6363636,12,12,0.49324550000000000,0.493245500000,0.9494249537214775,0.9494249537214775,0.9494249537214775,0E-17,ELIGIBLE,R03b_20260811_FULL_v1,L1_ELIGIBILITY,v2026-08-11,2026-03-21..2026-08-06,baccarat_bet02_101_all_pairs_incl_sentinel,round_win = game_pnl > 0 (decisive only),COMPATIBILITY_ONLY_NOT_PRODUCTION,9282.7313,8277.4501,-61.9547,886,737,0.00667418,-0.09708738,0.00862557,0.00667418,61.9547,9282.7313,OK,0.0000,-2.4782,4.0000,96.0000,AG03-UNRESOLVED,ALL5_LEVELS_bet23_to_bet27,-2.4782,-2.4782,-3.0977,0.0000,0.0000,4.000000,4.000000,5.000000,0.000000,0.000000,96.000000,96.000000,95.000000,100.000000,100.000000,5.0,-8.0541,-7.7121,-53.9006,-54.2425,PENDING_AG03,FALSE,NOT_FOR_ENFORCEMENT,-59.4765,7946.3521,-61.9547,-59.4765,-2.4782,-0.00667418,-0.00640722,-2.4782,-59.4765,-0.00640722,-2.4782,-2.4782,-3.0977,0.0000,0.0000,-59.4765,-0.00640722,-8.0541,-7.7121,-53.9006,-54.2425,-0.00580654,-0.00584338,-0.00026697,10.4771,11.2313,-0.0841,-2.1364,-0.2705,320.0942,25.4138,2.7638,11.0575,1.7027,8.3181,16.6362,33.2723,33.2723,33.2723,6.6545,-1.6636,4.0,4.0,1.25956,29,94,33,11,0.01845928,-0.00667418,0.09708738,0E-8,0.000000,0.891704,0.015801,-0.10571295,2026-04-04,2026-07-28,29,229,128,116,0.250000,0.249944,0.263789,0.061531,,,,,,,,GLOBAL_BASELINE_NO_ENTITY_RANKING,,,NOT_APPLICABLE_GLOBAL_BASELINE,HF9g-P5,,,,X 全窗基线 · 不参与实体赏罚,3924284,393,A168_HF9F_20260827_0900,2026-08-27 09:00:00
2026-07-01,145351320,2115,0,16.6361670271,-16.6361670271,-16.6361670271,0E-7,1,1,0.49324550000000000,0.493245500000,-0.9865810262130424,-0.9865810262130424,-0.9865810262130424,0E-17,ELIGIBLE,R03b_20260811_FULL_v1,L1_ELIGIBILITY,v2026-08-11,2026-03-21..2026-08-06,baccarat_bet02_101_all_pairs_incl_sentinel,round_win = game_pnl > 0 (decisive only),COMPATIBILITY_ONLY_NOT_PRODUCTION,9282.7313,8277.4501,-61.9547,886,737,0.00667418,-0.09708738,0.00862557,0.00667418,61.9547,9282.7313,OK,0.0000,-2.4782,4.0000,96.0000,AG03-UNRESOLVED,ALL5_LEVELS_bet23_to_bet27,-2.4782,-2.4782,-3.0977,0.0000,0.0000,4.000000,4.000000,5.000000,0.000000,0.000000,96.000000,96.000000,95.000000,100.000000,100.000000,5.0,-8.0541,-7.7121,-53.9006,-54.2425,PENDING_AG03,FALSE,NOT_FOR_ENFORCEMENT,-59.4765,7946.3521,-61.9547,-59.4765,-2.4782,-0.00667418,-0.00640722,-2.4782,-59.4765,-0.00640722,-2.4782,-2.4782,-3.0977,0.0000,0.0000,-59.4765,-0.00640722,-8.0541,-7.7121,-53.9006,-54.2425,-0.00580654,-0.00584338,-0.00026697,10.4771,11.2313,-0.0841,-2.1364,-0.2705,320.0942,25.4138,2.7638,11.0575,1.7027,8.3181,16.6362,33.2723,33.2723,33.2723,6.6545,-1.6636,4.0,4.0,1.25956,29,94,33,11,0.01845928,-0.00667418,0.09708738,0E-8,0.000000,0.891704,0.015801,-0.10571295,2026-04-04,2026-07-28,29,229,128,116,0.250000,0.249944,0.263789,0.061531,,,,,,,,GLOBAL_BASELINE_NO_ENTITY_RANKING,,,NOT_APPLICABLE_GLOBAL_BASELINE,HF9g-P5,,,,X 全窗基线 · 不参与实体赏罚,3924285,393,A168_HF9F_20260827_0900,2026-08-27 09:00:00
2026-07-01,145351320,2127,0,219.5974047579,-74.8627516221,-74.8627516221,0.3076923,16,16,0.49324550000000000,0.493245500000,-1.3381652068998209,-1.3381652068998209,-1.3381652068998209,0E-17,ELIGIBLE,R03b_20260811_FULL_v1,L1_ELIGIBILITY,v2026-08-11,2026-03-21..2026-08-06,baccarat_bet02_101_all_pairs_incl_sentinel,round_win = game_pnl > 0 (decisive only),COMPATIBILITY_ONLY_NOT_PRODUCTION,9282.7313,8277.4501,-61.9547,886,737,0.00667418,-0.09708738,0.00862557,0.00667418,61.9547,9282.7313,OK,0.0000,-2.4782,4.0000,96.0000,AG03-UNRESOLVED,ALL5_LEVELS_bet23_to_bet27,-2.4782,-2.4782,-3.0977,0.0000,0.0000,4.000000,4.000000,5.000000,0.000000,0.000000,96.000000,96.000000,95.000000,100.000000,100.000000,5.0,-8.0541,-7.7121,-53.9006,-54.2425,PENDING_AG03,FALSE,NOT_FOR_ENFORCEMENT,-59.4765,7946.3521,-61.9547,-59.4765,-2.4782,-0.00667418,-0.00640722,-2.4782,-59.4765,-0.00640722,-2.4782,-2.4782,-3.0977,0.0000,0.0000,-59.4765,-0.00640722,-8.0541,-7.7121,-53.9006,-54.2425,-0.00580654,-0.00584338,-0.00026697,10.4771,11.2313,-0.0841,-2.1364,-0.2705,320.0942,25.4138,2.7638,11.0575,1.7027,8.3181,16.6362,33.2723,33.2723,33.2723,6.6545,-1.6636,4.0,4.0,1.25956,29,94,33,11,0.01845928,-0.00667418,0.09708738,0E-8,0.000000,0.891704,0.015801,-0.10571295,2026-04-04,2026-07-28,29,229,128,116,0.250000,0.249944,0.263789,0.061531,,,,,,,,GLOBAL_BASELINE_NO_ENTITY_RANKING,,,NOT_APPLICABLE_GLOBAL_BASELINE,HF9g-P5,,,,X 全窗基线 · 不参与实体赏罚,3924286,393,A168_HF9F_20260827_0900,2026-08-27 09:00:00
2026-07-01,145351320,2145,0,113.1259357845,61.5538180003,61.5538180003,0.6666667,10,10,0.49324550000000000,0.493245500000,1.0406219574860578,1.0406219574860578,1.0406219574860578,0E-17,ELIGIBLE,R03b_20260811_FULL_v1,L1_ELIGIBILITY,v2026-08-11,2026-03-21..2026-08-06,baccarat_bet02_101_all_pairs_incl_sentinel,round_win = game_pnl > 0 (decisive only),COMPATIBILITY_ONLY_NOT_PRODUCTION,9282.7313,8277.4501,-61.9547,886,737,0.00667418,-0.09708738,0.00862557,0.00667418,61.9547,9282.7313,OK,0.0000,-2.4782,4.0000,96.0000,AG03-UNRESOLVED,ALL5_LEVELS_bet23_to_bet27,-2.4782,-2.4782,-3.0977,0.0000,0.0000,4.000000,4.000000,5.000000,0.000000,0.000000,96.000000,96.000000,95.000000,100.000000,100.000000,5.0,-8.0541,-7.7121,-53.9006,-54.2425,PENDING_AG03,FALSE,NOT_FOR_ENFORCEMENT,-59.4765,7946.3521,-61.9547,-59.4765,-2.4782,-0.00667418,-0.00640722,-2.4782,-59.4765,-0.00640722,-2.4782,-2.4782,-3.0977,0.0000,0.0000,-59.4765,-0.00640722,-8.0541,-7.7121,-53.9006,-54.2425,-0.00580654,-0.00584338,-0.00026697,10.4771,11.2313,-0.0841,-2.1364,-0.2705,320.0942,25.4138,2.7638,11.0575,1.7027,8.3181,16.6362,33.2723,33.2723,33.2723,6.6545,-1.6636,4.0,4.0,1.25956,29,94,33,11,0.01845928,-0.00667418,0.09708738,0E-8,0.000000,0.891704,0.015801,-0.10571295,2026-04-04,2026-07-28,29,229,128,116,0.250000,0.249944,0.263789,0.061531,,,,,,,,GLOBAL_BASELINE_NO_ENTITY_RANKING,,,NOT_APPLICABLE_GLOBAL_BASELINE,HF9g-P5,,,,X 全窗基线 · 不参与实体赏罚,3924287,393,A168_HF9F_20260827_0900,2026-08-27 09:00:00
2026-07-01,145351320,2149,0,84.8444518382,-36.5995674596,-36.5995674596,0.1428571,13,9,0.40170942592592593,0.401709425926,-1.3969759461575073,-1.3969759461578648,-1.3969759461575073,-7.407E-14,ELIGIBLE,R03b_20260811_FULL_v1,L1_ELIGIBILITY,v2026-08-11,2026-03-21..2026-08-06,baccarat_bet02_101_all_pairs_incl_sentinel,round_win = game_pnl > 0 (decisive only),COMPATIBILITY_ONLY_NOT_PRODUCTION,9282.7313,8277.4501,-61.9547,886,737,0.00667418,-0.09708738,0.00862557,0.00667418,61.9547,9282.7313,OK,0.0000,-2.4782,4.0000,96.0000,AG03-UNRESOLVED,ALL5_LEVELS_bet23_to_bet27,-2.4782,-2.4782,-3.0977,0.0000,0.0000,4.000000,4.000000,5.000000,0.000000,0.000000,96.000000,96.000000,95.000000,100.000000,100.000000,5.0,-8.0541,-7.7121,-53.9006,-54.2425,PENDING_AG03,FALSE,NOT_FOR_ENFORCEMENT,-59.4765,7946.3521,-61.9547,-59.4765,-2.4782,-0.00667418,-0.00640722,-2.4782,-59.4765,-0.00640722,-2.4782,-2.4782,-3.0977,0.0000,0.0000,-59.4765,-0.00640722,-8.0541,-7.7121,-53.9006,-54.2425,-0.00580654,-0.00584338,-0.00026697,10.4771,11.2313,-0.0841,-2.1364,-0.2705,320.0942,25.4138,2.7638,11.0575,1.7027,8.3181,16.6362,33.2723,33.2723,33.2723,6.6545,-1.6636,4.0,4.0,1.25956,29,94,33,11,0.01845928,-0.00667418,0.09708738,0E-8,0.000000,0.891704,0.015801,-0.10571295,2026-04-04,2026-07-28,29,229,128,116,0.250000,0.249944,0.263789,0.061531,,,,,,,,GLOBAL_BASELINE_NO_ENTITY_RANKING,,,NOT_APPLICABLE_GLOBAL_BASELINE,HF9g-P5,,,,X 全窗基线 · 不参与实体赏罚,3924288,393,A168_HF9F_20260827_0900,2026-08-27 09:00:00
2026-07-01,145351320,2167,0,226.2518715688,53.2357344869,53.2357344869,0.6923077,16,13,0.48593344674559594,0.469481326923,1.4887751269178107,1.6098253185526854,1.4887751269178107,0.01645211982259594,ELIGIBLE,R03b_20260811_FULL_v1,L1_ELIGIBILITY,v2026-08-11,2026-03-21..2026-08-06,baccarat_bet02_101_all_pairs_incl_sentinel,round_win = game_pnl > 0 (decisive only),COMPATIBILITY_ONLY_NOT_PRODUCTION,9282.7313,8277.4501,-61.9547,886,737,0.00667418,-0.09708738,0.00862557,0.00667418,61.9547,9282.7313,OK,0.0000,-2.4782,4.0000,96.0000,AG03-UNRESOLVED,ALL5_LEVELS_bet23_to_bet27,-2.4782,-2.4782,-3.0977,0.0000,0.0000,4.000000,4.000000,5.000000,0.000000,0.000000,96.000000,96.000000,95.000000,100.000000,100.000000,5.0,-8.0541,-7.7121,-53.9006,-54.2425,PENDING_AG03,FALSE,NOT_FOR_ENFORCEMENT,-59.4765,7946.3521,-61.9547,-59.4765,-2.4782,-0.00667418,-0.00640722,-2.4782,-59.4765,-0.00640722,-2.4782,-2.4782,-3.0977,0.0000,0.0000,-59.4765,-0.00640722,-8.0541,-7.7121,-53.9006,-54.2425,-0.00580654,-0.00584338,-0.00026697,10.4771,11.2313,-0.0841,-2.1364,-0.2705,320.0942,25.4138,2.7638,11.0575,1.7027,8.3181,16.6362,33.2723,33.2723,33.2723,6.6545,-1.6636,4.0,4.0,1.25956,29,94,33,11,0.01845928,-0.00667418,0.09708738,0E-8,0.000000,0.891704,0.015801,-0.10571295,2026-04-04,2026-07-28,29,229,128,116,0.250000,0.249944,0.263789,0.061531,,,,,,,,GLOBAL_BASELINE_NO_ENTITY_RANKING,,,NOT_APPLICABLE_GLOBAL_BASELINE,HF9g-P5,,,,X 全窗基线 · 不参与实体赏罚,3924289,393,A168_HF9F_20260827_0900,2026-08-27 09:00:00
2026-07-01,145351320,2218,0,133.0893362169,-99.8170021627,-99.8170021627,0E-7,6,6,0.49324550000000000,0.493245500000,-2.206062239923865,-2.206062239923865,-2.206062239923865,0E-17,ELIGIBLE,R03b_20260811_FULL_v1,L1_ELIGIBILITY,v2026-08-11,2026-03-21..2026-08-06,baccarat_bet02_101_all_pairs_incl_sentinel,round_win = game_pnl > 0 (decisive only),COMPATIBILITY_ONLY_NOT_PRODUCTION,9282.7313,8277.4501,-61.9547,886,737,0.00667418,-0.09708738,0.00862557,0.00667418,61.9547,9282.7313,OK,0.0000,-2.4782,4.0000,96.0000,AG03-UNRESOLVED,ALL5_LEVELS_bet23_to_bet27,-2.4782,-2.4782,-3.0977,0.0000,0.0000,4.000000,4.000000,5.000000,0.000000,0.000000,96.000000,96.000000,95.000000,100.000000,100.000000,5.0,-8.0541,-7.7121,-53.9006,-54.2425,PENDING_AG03,FALSE,NOT_FOR_ENFORCEMENT,-59.4765,7946.3521,-61.9547,-59.4765,-2.4782,-0.00667418,-0.00640722,-2.4782,-59.4765,-0.00640722,-2.4782,-2.4782,-3.0977,0.0000,0.0000,-59.4765,-0.00640722,-8.0541,-7.7121,-53.9006,-54.2425,-0.00580654,-0.00584338,-0.00026697,10.4771,11.2313,-0.0841,-2.1364,-0.2705,320.0942,25.4138,2.7638,11.0575,1.7027,8.3181,16.6362,33.2723,33.2723,33.2723,6.6545,-1.6636,4.0,4.0,1.25956,29,94,33,11,0.01845928,-0.00667418,0.09708738,0E-8,0.000000,0.891704,0.015801,-0.10571295,2026-04-04,2026-07-28,29,229,128,116,0.250000,0.249944,0.263789,0.061531,,,,,,,,GLOBAL_BASELINE_NO_ENTITY_RANKING,,,NOT_APPLICABLE_GLOBAL_BASELINE,HF9g-P5,,,,X 全窗基线 · 不参与实体赏罚,3924290,393,A168_HF9F_20260827_0900,2026-08-27 09:00:00
2026-07-01,145351320,2220,0,108.1350856762,41.5904175678,41.5904175678,0.8000000,5,5,0.49324550000000000,0.493245500000,1.3719730223118614,1.3719730223118614,1.3719730223118614,0E-17,ELIGIBLE,R03b_20260811_FULL_v1,L1_ELIGIBILITY,v2026-08-11,2026-03-21..2026-08-06,baccarat_bet02_101_all_pairs_incl_sentinel,round_win = game_pnl > 0 (decisive only),COMPATIBILITY_ONLY_NOT_PRODUCTION,9282.7313,8277.4501,-61.9547,886,737,0.00667418,-0.09708738,0.00862557,0.00667418,61.9547,9282.7313,OK,0.0000,-2.4782,4.0000,96.0000,AG03-UNRESOLVED,ALL5_LEVELS_bet23_to_bet27,-2.4782,-2.4782,-3.0977,0.0000,0.0000,4.000000,4.000000,5.000000,0.000000,0.000000,96.000000,96.000000,95.000000,100.000000,100.000000,5.0,-8.0541,-7.7121,-53.9006,-54.2425,PENDING_AG03,FALSE,NOT_FOR_ENFORCEMENT,-59.4765,7946.3521,-61.9547,-59.4765,-2.4782,-0.00667418,-0.00640722,-2.4782,-59.4765,-0.00640722,-2.4782,-2.4782,-3.0977,0.0000,0.0000,-59.4765,-0.00640722,-8.0541,-7.7121,-53.9006,-54.2425,-0.00580654,-0.00584338,-0.00026697,10.4771,11.2313,-0.0841,-2.1364,-0.2705,320.0942,25.4138,2.7638,11.0575,1.7027,8.3181,16.6362,33.2723,33.2723,33.2723,6.6545,-1.6636,4.0,4.0,1.25956,29,94,33,11,0.01845928,-0.00667418,0.09708738,0E-8,0.000000,0.891704,0.015801,-0.10571295,2026-04-04,2026-07-28,29,229,128,116,0.250000,0.249944,0.263789,0.061531,,,,,,,,GLOBAL_BASELINE_NO_ENTITY_RANKING,,,NOT_APPLICABLE_GLOBAL_BASELINE,HF9g-P5,,,,X 全窗基线 · 不参与实体赏罚,3924291,393,A168_HF9F_20260827_0900,2026-08-27 09:00:00
2026-07-01,145351320,2224,0,465.8126767588,133.0893362171,133.0893362171,0.6190476,39,24,0.47084629248749244,0.449764685417,1.3606024204455127,1.5593942107009173,1.3606024204455127,0.02108160707049244,ELIGIBLE,R03b_20260811_FULL_v1,L1_ELIGIBILITY,v2026-08-11,2026-03-21..2026-08-06,baccarat_bet02_101_all_pairs_incl_sentinel,round_win = game_pnl > 0 (decisive only),COMPATIBILITY_ONLY_NOT_PRODUCTION,9282.7313,8277.4501,-61.9547,886,737,0.00667418,-0.09708738,0.00862557,0.00667418,61.9547,9282.7313,OK,0.0000,-2.4782,4.0000,96.0000,AG03-UNRESOLVED,ALL5_LEVELS_bet23_to_bet27,-2.4782,-2.4782,-3.0977,0.0000,0.0000,4.000000,4.000000,5.000000,0.000000,0.000000,96.000000,96.000000,95.000000,100.000000,100.000000,5.0,-8.0541,-7.7121,-53.9006,-54.2425,PENDING_AG03,FALSE,NOT_FOR_ENFORCEMENT,-59.4765,7946.3521,-61.9547,-59.4765,-2.4782,-0.00667418,-0.00640722,-2.4782,-59.4765,-0.00640722,-2.4782,-2.4782,-3.0977,0.0000,0.0000,-59.4765,-0.00640722,-8.0541,-7.7121,-53.9006,-54.2425,-0.00580654,-0.00584338,-0.00026697,10.4771,11.2313,-0.0841,-2.1364,-0.2705,320.0942,25.4138,2.7638,11.0575,1.7027,8.3181,16.6362,33.2723,33.2723,33.2723,6.6545,-1.6636,4.0,4.0,1.25956,29,94,33,11,0.01845928,-0.00667418,0.09708738,0E-8,0.000000,0.891704,0.015801,-0.10571295,2026-04-04,2026-07-28,29,229,128,116,0.250000,0.249944,0.263789,0.061531,,,,,,,,GLOBAL_BASELINE_NO_ENTITY_RANKING,,,NOT_APPLICABLE_GLOBAL_BASELINE,HF9g-P5,,,,X 全窗基线 · 不参与实体赏罚,3924292,393,A168_HF9F_20260827_0900,2026-08-27 09:00:00
2026-07-01,145351320,2229,0,33.2723340542,0E-10,0E-10,0.5000000,2,2,0.49324550000000000,0.493245500000,0.01910635448239258,0.01910635448239258,0.01910635448239258,0E-17,ELIGIBLE,R03b_20260811_FULL_v1,L1_ELIGIBILITY,v2026-08-11,2026-03-21..2026-08-06,baccarat_bet02_101_all_pairs_incl_sentinel,round_win = game_pnl > 0 (decisive only),COMPATIBILITY_ONLY_NOT_PRODUCTION,9282.7313,8277.4501,-61.9547,886,737,0.00667418,-0.09708738,0.00862557,0.00667418,61.9547,9282.7313,OK,0.0000,-2.4782,4.0000,96.0000,AG03-UNRESOLVED,ALL5_LEVELS_bet23_to_bet27,-2.4782,-2.4782,-3.0977,0.0000,0.0000,4.000000,4.000000,5.000000,0.000000,0.000000,96.000000,96.000000,95.000000,100.000000,100.000000,5.0,-8.0541,-7.7121,-53.9006,-54.2425,PENDING_AG03,FALSE,NOT_FOR_ENFORCEMENT,-59.4765,7946.3521,-61.9547,-59.4765,-2.4782,-0.00667418,-0.00640722,-2.4782,-59.4765,-0.00640722,-2.4782,-2.4782,-3.0977,0.0000,0.0000,-59.4765,-0.00640722,-8.0541,-7.7121,-53.9006,-54.2425,-0.00580654,-0.00584338,-0.00026697,10.4771,11.2313,-0.0841,-2.1364,-0.2705,320.0942,25.4138,2.7638,11.0575,1.7027,8.3181,16.6362,33.2723,33.2723,33.2723,6.6545,-1.6636,4.0,4.0,1.25956,29,94,33,11,0.01845928,-0.00667418,0.09708738,0E-8,0.000000,0.891704,0.015801,-0.10571295,2026-04-04,2026-07-28,29,229,128,116,0.250000,0.249944,0.263789,0.061531,,,,,,,,GLOBAL_BASELINE_NO_ENTITY_RANKING,,,NOT_APPLICABLE_GLOBAL_BASELINE,HF9g-P5,,,,X 全窗基线 · 不参与实体赏罚,3924293,393,A168_HF9F_20260827_0900,2026-08-27 09:00:00
2026-07-01,145351320,2234,0,49.9085010813,-49.9085010813,-49.9085010813,0E-7,2,2,0.49324550000000000,0.493245500000,-1.3952362676504506,-1.3952362676504506,-1.3952362676504506,0E-17,ELIGIBLE,R03b_20260811_FULL_v1,L1_ELIGIBILITY,v2026-08-11,2026-03-21..2026-08-06,baccarat_bet02_101_all_pairs_incl_sentinel,round_win = game_pnl > 0 (decisive only),COMPATIBILITY_ONLY_NOT_PRODUCTION,9282.7313,8277.4501,-61.9547,886,737,0.00667418,-0.09708738,0.00862557,0.00667418,61.9547,9282.7313,OK,0.0000,-2.4782,4.0000,96.0000,AG03-UNRESOLVED,ALL5_LEVELS_bet23_to_bet27,-2.4782,-2.4782,-3.0977,0.0000,0.0000,4.000000,4.000000,5.000000,0.000000,0.000000,96.000000,96.000000,95.000000,100.000000,100.000000,5.0,-8.0541,-7.7121,-53.9006,-54.2425,PENDING_AG03,FALSE,NOT_FOR_ENFORCEMENT,-59.4765,7946.3521,-61.9547,-59.4765,-2.4782,-0.00667418,-0.00640722,-2.4782,-59.4765,-0.00640722,-2.4782,-2.4782,-3.0977,0.0000,0.0000,-59.4765,-0.00640722,-8.0541,-7.7121,-53.9006,-54.2425,-0.00580654,-0.00584338,-0.00026697,10.4771,11.2313,-0.0841,-2.1364,-0.2705,320.0942,25.4138,2.7638,11.0575,1.7027,8.3181,16.6362,33.2723,33.2723,33.2723,6.6545,-1.6636,4.0,4.0,1.25956,29,94,33,11,0.01845928,-0.00667418,0.09708738,0E-8,0.000000,0.891704,0.015801,-0.10571295,2026-04-04,2026-07-28,29,229,128,116,0.250000,0.249944,0.263789,0.061531,,,,,,,,GLOBAL_BASELINE_NO_ENTITY_RANKING,,,NOT_APPLICABLE_GLOBAL_BASELINE,HF9g-P5,,,,X 全窗基线 · 不参与实体赏罚,3924294,393,A168_HF9F_20260827_0900,2026-08-27 09:00:00
2026-07-01,145351320,2241,0,246.2152720011,21.6270171352,21.6270171352,0.4444444,10,10,0.49324550000000000,0.493245500000,-0.29283305455567077,-0.29283305455567077,-0.29283305455567077,0E-17,ELIGIBLE,R03b_20260811_FULL_v1,L1_ELIGIBILITY,v2026-08-11,2026-03-21..2026-08-06,baccarat_bet02_101_all_pairs_incl_sentinel,round_win = game_pnl > 0 (decisive only),COMPATIBILITY_ONLY_NOT_PRODUCTION,9282.7313,8277.4501,-61.9547,886,737,0.00667418,-0.09708738,0.00862557,0.00667418,61.9547,9282.7313,OK,0.0000,-2.4782,4.0000,96.0000,AG03-UNRESOLVED,ALL5_LEVELS_bet23_to_bet27,-2.4782,-2.4782,-3.0977,0.0000,0.0000,4.000000,4.000000,5.000000,0.000000,0.000000,96.000000,96.000000,95.000000,100.000000,100.000000,5.0,-8.0541,-7.7121,-53.9006,-54.2425,PENDING_AG03,FALSE,NOT_FOR_ENFORCEMENT,-59.4765,7946.3521,-61.9547,-59.4765,-2.4782,-0.00667418,-0.00640722,-2.4782,-59.4765,-0.00640722,-2.4782,-2.4782,-3.0977,0.0000,0.0000,-59.4765,-0.00640722,-8.0541,-7.7121,-53.9006,-54.2425,-0.00580654,-0.00584338,-0.00026697,10.4771,11.2313,-0.0841,-2.1364,-0.2705,320.0942,25.4138,2.7638,11.0575,1.7027,8.3181,16.6362,33.2723,33.2723,33.2723,6.6545,-1.6636,4.0,4.0,1.25956,29,94,33,11,0.01845928,-0.00667418,0.09708738,0E-8,0.000000,0.891704,0.015801,-0.10571295,2026-04-04,2026-07-28,29,229,128,116,0.250000,0.249944,0.263789,0.061531,,,,,,,,GLOBAL_BASELINE_NO_ENTITY_RANKING,,,NOT_APPLICABLE_GLOBAL_BASELINE,HF9g-P5,,,,X 全窗基线 · 不参与实体赏罚,3924295,393,A168_HF9F_20260827_0900,2026-08-27 09:00:00
2026-07-01,145351320,2242,0,211.2793212441,4.9908501082,4.9908501082,0.3333333,12,9,0.44634448888888889,0.446344488889,-0.5568548913724363,-0.5568548913729703,-0.5568548913724363,-1.1111E-13,ELIGIBLE,R03b_20260811_FULL_v1,L1_ELIGIBILITY,v2026-08-11,2026-03-21..2026-08-06,baccarat_bet02_101_all_pairs_incl_sentinel,round_win = game_pnl > 0 (decisive only),COMPATIBILITY_ONLY_NOT_PRODUCTION,9282.7313,8277.4501,-61.9547,886,737,0.00667418,-0.09708738,0.00862557,0.00667418,61.9547,9282.7313,OK,0.0000,-2.4782,4.0000,96.0000,AG03-UNRESOLVED,ALL5_LEVELS_bet23_to_bet27,-2.4782,-2.4782,-3.0977,0.0000,0.0000,4.000000,4.000000,5.000000,0.000000,0.000000,96.000000,96.000000,95.000000,100.000000,100.000000,5.0,-8.0541,-7.7121,-53.9006,-54.2425,PENDING_AG03,FALSE,NOT_FOR_ENFORCEMENT,-59.4765,7946.3521,-61.9547,-59.4765,-2.4782,-0.00667418,-0.00640722,-2.4782,-59.4765,-0.00640722,-2.4782,-2.4782,-3.0977,0.0000,0.0000,-59.4765,-0.00640722,-8.0541,-7.7121,-53.9006,-54.2425,-0.00580654,-0.00584338,-0.00026697,10.4771,11.2313,-0.0841,-2.1364,-0.2705,320.0942,25.4138,2.7638,11.0575,1.7027,8.3181,16.6362,33.2723,33.2723,33.2723,6.6545,-1.6636,4.0,4.0,1.25956,29,94,33,11,0.01845928,-0.00667418,0.09708738,0E-8,0.000000,0.891704,0.015801,-0.10571295,2026-04-04,2026-07-28,29,229,128,116,0.250000,0.249944,0.263789,0.061531,,,,,,,,GLOBAL_BASELINE_NO_ENTITY_RANKING,,,NOT_APPLICABLE_GLOBAL_BASELINE,HF9g-P5,,,,X 全窗基线 · 不参与实体赏罚,3924296,393,A168_HF9F_20260827_0900,2026-08-27 09:00:00
2026-07-01,145351320,2248,0,8.3180835136,-8.3180835136,-8.3180835136,0E-7,1,1,0.49324550000000000,0.493245500000,-0.9865810262130424,-0.9865810262130424,-0.9865810262130424,0E-17,ELIGIBLE,R03b_20260811_FULL_v1,L1_ELIGIBILITY,v2026-08-11,2026-03-21..2026-08-06,baccarat_bet02_101_all_pairs_incl_sentinel,round_win = game_pnl > 0 (decisive only),COMPATIBILITY_ONLY_NOT_PRODUCTION,9282.7313,8277.4501,-61.9547,886,737,0.00667418,-0.09708738,0.00862557,0.00667418,61.9547,9282.7313,OK,0.0000,-2.4782,4.0000,96.0000,AG03-UNRESOLVED,ALL5_LEVELS_bet23_to_bet27,-2.4782,-2.4782,-3.0977,0.0000,0.0000,4.000000,4.000000,5.000000,0.000000,0.000000,96.000000,96.000000,95.000000,100.000000,100.000000,5.0,-8.0541,-7.7121,-53.9006,-54.2425,PENDING_AG03,FALSE,NOT_FOR_ENFORCEMENT,-59.4765,7946.3521,-61.9547,-59.4765,-2.4782,-0.00667418,-0.00640722,-2.4782,-59.4765,-0.00640722,-2.4782,-2.4782,-3.0977,0.0000,0.0000,-59.4765,-0.00640722,-8.0541,-7.7121,-53.9006,-54.2425,-0.00580654,-0.00584338,-0.00026697,10.4771,11.2313,-0.0841,-2.1364,-0.2705,320.0942,25.4138,2.7638,11.0575,1.7027,8.3181,16.6362,33.2723,33.2723,33.2723,6.6545,-1.6636,4.0,4.0,1.25956,29,94,33,11,0.01845928,-0.00667418,0.09708738,0E-8,0.000000,0.891704,0.015801,-0.10571295,2026-04-04,2026-07-28,29,229,128,116,0.250000,0.249944,0.263789,0.061531,,,,,,,,GLOBAL_BASELINE_NO_ENTITY_RANKING,,,NOT_APPLICABLE_GLOBAL_BASELINE,HF9g-P5,,,,X 全窗基线 · 不参与实体赏罚,3924297,393,A168_HF9F_20260827_0900,2026-08-27 09:00:00
2026-07-01,145351320,2251,0,129.7621028115,19.9634004325,19.9634004325,0.4285714,10,8,0.45836657083333333,0.458366570833,-0.15821049331490994,-0.1582104933131488,-0.15821049331490994,3.3333E-13,ELIGIBLE,R03b_20260811_FULL_v1,L1_ELIGIBILITY,v2026-08-11,2026-03-21..2026-08-06,baccarat_bet02_101_all_pairs_incl_sentinel,round_win = game_pnl > 0 (decisive only),COMPATIBILITY_ONLY_NOT_PRODUCTION,9282.7313,8277.4501,-61.9547,886,737,0.00667418,-0.09708738,0.00862557,0.00667418,61.9547,9282.7313,OK,0.0000,-2.4782,4.0000,96.0000,AG03-UNRESOLVED,ALL5_LEVELS_bet23_to_bet27,-2.4782,-2.4782,-3.0977,0.0000,0.0000,4.000000,4.000000,5.000000,0.000000,0.000000,96.000000,96.000000,95.000000,100.000000,100.000000,5.0,-8.0541,-7.7121,-53.9006,-54.2425,PENDING_AG03,FALSE,NOT_FOR_ENFORCEMENT,-59.4765,7946.3521,-61.9547,-59.4765,-2.4782,-0.00667418,-0.00640722,-2.4782,-59.4765,-0.00640722,-2.4782,-2.4782,-3.0977,0.0000,0.0000,-59.4765,-0.00640722,-8.0541,-7.7121,-53.9006,-54.2425,-0.00580654,-0.00584338,-0.00026697,10.4771,11.2313,-0.0841,-2.1364,-0.2705,320.0942,25.4138,2.7638,11.0575,1.7027,8.3181,16.6362,33.2723,33.2723,33.2723,6.6545,-1.6636,4.0,4.0,1.25956,29,94,33,11,0.01845928,-0.00667418,0.09708738,0E-8,0.000000,0.891704,0.015801,-0.10571295,2026-04-04,2026-07-28,29,229,128,116,0.250000,0.249944,0.263789,0.061531,,,,,,,,GLOBAL_BASELINE_NO_ENTITY_RANKING,,,NOT_APPLICABLE_GLOBAL_BASELINE,HF9g-P5,,,,X 全窗基线 · 不参与实体赏罚,3924298,393,A168_HF9F_20260827_0900,2026-08-27 09:00:00
2026-07-01,145351320,2258,0,84.8444518382,-43.2540342705,-43.2540342705,0.3333333,7,7,0.49324550000000000,0.493245500000,-0.783477916903833,-0.7834779169038328,-0.783477916903833,0E-17,ELIGIBLE,R03b_20260811_FULL_v1,L1_ELIGIBILITY,v2026-08-11,2026-03-21..2026-08-06,baccarat_bet02_101_all_pairs_incl_sentinel,round_win = game_pnl > 0 (decisive only),COMPATIBILITY_ONLY_NOT_PRODUCTION,9282.7313,8277.4501,-61.9547,886,737,0.00667418,-0.09708738,0.00862557,0.00667418,61.9547,9282.7313,OK,0.0000,-2.4782,4.0000,96.0000,AG03-UNRESOLVED,ALL5_LEVELS_bet23_to_bet27,-2.4782,-2.4782,-3.0977,0.0000,0.0000,4.000000,4.000000,5.000000,0.000000,0.000000,96.000000,96.000000,95.000000,100.000000,100.000000,5.0,-8.0541,-7.7121,-53.9006,-54.2425,PENDING_AG03,FALSE,NOT_FOR_ENFORCEMENT,-59.4765,7946.3521,-61.9547,-59.4765,-2.4782,-0.00667418,-0.00640722,-2.4782,-59.4765,-0.00640722,-2.4782,-2.4782,-3.0977,0.0000,0.0000,-59.4765,-0.00640722,-8.0541,-7.7121,-53.9006,-54.2425,-0.00580654,-0.00584338,-0.00026697,10.4771,11.2313,-0.0841,-2.1364,-0.2705,320.0942,25.4138,2.7638,11.0575,1.7027,8.3181,16.6362,33.2723,33.2723,33.2723,6.6545,-1.6636,4.0,4.0,1.25956,29,94,33,11,0.01845928,-0.00667418,0.09708738,0E-8,0.000000,0.891704,0.015801,-0.10571295,2026-04-04,2026-07-28,29,229,128,116,0.250000,0.249944,0.263789,0.061531,,,,,,,,GLOBAL_BASELINE_NO_ENTITY_RANKING,,,NOT_APPLICABLE_GLOBAL_BASELINE,HF9g-P5,,,,X 全窗基线 · 不参与实体赏罚,3924299,393,A168_HF9F_20260827_0900,2026-08-27 09:00:00
2026-07-01,145351320,2267,0,41.5904175679,8.3180835137,8.3180835137,0.7500000,9,4,0.44106852250031364,0.406283870833,1.244399535829527,1.3996701266500997,1.244399535829527,0.03478465166731364,ELIGIBLE,R03b_20260811_FULL_v1,L1_ELIGIBILITY,v2026-08-11,2026-03-21..2026-08-06,baccarat_bet02_101_all_pairs_incl_sentinel,round_win = game_pnl > 0 (decisive only),COMPATIBILITY_ONLY_NOT_PRODUCTION,9282.7313,8277.4501,-61.9547,886,737,0.00667418,-0.09708738,0.00862557,0.00667418,61.9547,9282.7313,OK,0.0000,-2.4782,4.0000,96.0000,AG03-UNRESOLVED,ALL5_LEVELS_bet23_to_bet27,-2.4782,-2.4782,-3.0977,0.0000,0.0000,4.000000,4.000000,5.000000,0.000000,0.000000,96.000000,96.000000,95.000000,100.000000,100.000000,5.0,-8.0541,-7.7121,-53.9006,-54.2425,PENDING_AG03,FALSE,NOT_FOR_ENFORCEMENT,-59.4765,7946.3521,-61.9547,-59.4765,-2.4782,-0.00667418,-0.00640722,-2.4782,-59.4765,-0.00640722,-2.4782,-2.4782,-3.0977,0.0000,0.0000,-59.4765,-0.00640722,-8.0541,-7.7121,-53.9006,-54.2425,-0.00580654,-0.00584338,-0.00026697,10.4771,11.2313,-0.0841,-2.1364,-0.2705,320.0942,25.4138,2.7638,11.0575,1.7027,8.3181,16.6362,33.2723,33.2723,33.2723,6.6545,-1.6636,4.0,4.0,1.25956,29,94,33,11,0.01845928,-0.00667418,0.09708738,0E-8,0.000000,0.891704,0.015801,-0.10571295,2026-04-04,2026-07-28,29,229,128,116,0.250000,0.249944,0.263789,0.061531,,,,,,,,GLOBAL_BASELINE_NO_ENTITY_RANKING,,,NOT_APPLICABLE_GLOBAL_BASELINE,HF9g-P5,,,,X 全窗基线 · 不参与实体赏罚,3924300,393,A168_HF9F_20260827_0900,2026-08-27 09:00:00
2026-07-01,145351320,2278,0,133.0893362170,16.6361670272,16.6361670272,0.6666667,9,9,0.49324550000000000,0.493245500000,1.0406219574860578,1.0406219574860578,1.0406219574860578,0E-17,ELIGIBLE,R03b_20260811_FULL_v1,L1_ELIGIBILITY,v2026-08-11,2026-03-21..2026-08-06,baccarat_bet02_101_all_pairs_incl_sentinel,round_win = game_pnl > 0 (decisive only),COMPATIBILITY_ONLY_NOT_PRODUCTION,9282.7313,8277.4501,-61.9547,886,737,0.00667418,-0.09708738,0.00862557,0.00667418,61.9547,9282.7313,OK,0.0000,-2.4782,4.0000,96.0000,AG03-UNRESOLVED,ALL5_LEVELS_bet23_to_bet27,-2.4782,-2.4782,-3.0977,0.0000,0.0000,4.000000,4.000000,5.000000,0.000000,0.000000,96.000000,96.000000,95.000000,100.000000,100.000000,5.0,-8.0541,-7.7121,-53.9006,-54.2425,PENDING_AG03,FALSE,NOT_FOR_ENFORCEMENT,-59.4765,7946.3521,-61.9547,-59.4765,-2.4782,-0.00667418,-0.00640722,-2.4782,-59.4765,-0.00640722,-2.4782,-2.4782,-3.0977,0.0000,0.0000,-59.4765,-0.00640722,-8.0541,-7.7121,-53.9006,-54.2425,-0.00580654,-0.00584338,-0.00026697,10.4771,11.2313,-0.0841,-2.1364,-0.2705,320.0942,25.4138,2.7638,11.0575,1.7027,8.3181,16.6362,33.2723,33.2723,33.2723,6.6545,-1.6636,4.0,4.0,1.25956,29,94,33,11,0.01845928,-0.00667418,0.09708738,0E-8,0.000000,0.891704,0.015801,-0.10571295,2026-04-04,2026-07-28,29,229,128,116,0.250000,0.249944,0.263789,0.061531,,,,,,,,GLOBAL_BASELINE_NO_ENTITY_RANKING,,,NOT_APPLICABLE_GLOBAL_BASELINE,HF9g-P5,,,,X 全窗基线 · 不参与实体赏罚,3924301,393,A168_HF9F_20260827_0900,2026-08-27 09:00:00
2026-07-01,145351320,2287,0,326.0688737311,-41.5904175676,-41.5904175676,0.4444444,48,18,0.41552205572402528,0.377449500000,0.24899424376280846,0.5863562565566761,0.24899424376280846,0.03807255572402528,ELIGIBLE,R03b_20260811_FULL_v1,L1_ELIGIBILITY,v2026-08-11,2026-03-21..2026-08-06,baccarat_bet02_101_all_pairs_incl_sentinel,round_win = game_pnl > 0 (decisive only),COMPATIBILITY_ONLY_NOT_PRODUCTION,9282.7313,8277.4501,-61.9547,886,737,0.00667418,-0.09708738,0.00862557,0.00667418,61.9547,9282.7313,OK,0.0000,-2.4782,4.0000,96.0000,AG03-UNRESOLVED,ALL5_LEVELS_bet23_to_bet27,-2.4782,-2.4782,-3.0977,0.0000,0.0000,4.000000,4.000000,5.000000,0.000000,0.000000,96.000000,96.000000,95.000000,100.000000,100.000000,5.0,-8.0541,-7.7121,-53.9006,-54.2425,PENDING_AG03,FALSE,NOT_FOR_ENFORCEMENT,-59.4765,7946.3521,-61.9547,-59.4765,-2.4782,-0.00667418,-0.00640722,-2.4782,-59.4765,-0.00640722,-2.4782,-2.4782,-3.0977,0.0000,0.0000,-59.4765,-0.00640722,-8.0541,-7.7121,-53.9006,-54.2425,-0.00580654,-0.00584338,-0.00026697,10.4771,11.2313,-0.0841,-2.1364,-0.2705,320.0942,25.4138,2.7638,11.0575,1.7027,8.3181,16.6362,33.2723,33.2723,33.2723,6.6545,-1.6636,4.0,4.0,1.25956,29,94,33,11,0.01845928,-0.00667418,0.09708738,0E-8,0.000000,0.891704,0.015801,-0.10571295,2026-04-04,2026-07-28,29,229,128,116,0.250000,0.249944,0.263789,0.061531,,,,,,,,GLOBAL_BASELINE_NO_ENTITY_RANKING,,,NOT_APPLICABLE_GLOBAL_BASELINE,HF9g-P5,,,,X 全窗基线 · 不参与实体赏罚,3924302,393,A168_HF9F_20260827_0900,2026-08-27 09:00:00
2026-07-01,145351320,529,0,58.2265845951,-16.6361670271,-16.6361670271,0.4000000,6,6,0.49324550000000000,0.493245500000,-0.4170446088060018,-0.4170446088060018,-0.4170446088060018,0E-17,ELIGIBLE,R03b_20260811_FULL_v1,L1_ELIGIBILITY,v2026-08-11,2026-03-21..2026-08-06,baccarat_bet02_101_all_pairs_incl_sentinel,round_win = game_pnl > 0 (decisive only),COMPATIBILITY_ONLY_NOT_PRODUCTION,9282.7313,8277.4501,-61.9547,886,737,0.00667418,-0.09708738,0.00862557,0.00667418,61.9547,9282.7313,OK,0.0000,-2.4782,4.0000,96.0000,AG03-UNRESOLVED,ALL5_LEVELS_bet23_to_bet27,-2.4782,-2.4782,-3.0977,0.0000,0.0000,4.000000,4.000000,5.000000,0.000000,0.000000,96.000000,96.000000,95.000000,100.000000,100.000000,5.0,-8.0541,-7.7121,-53.9006,-54.2425,PENDING_AG03,FALSE,NOT_FOR_ENFORCEMENT,-59.4765,7946.3521,-61.9547,-59.4765,-2.4782,-0.00667418,-0.00640722,-2.4782,-59.4765,-0.00640722,-2.4782,-2.4782,-3.0977,0.0000,0.0000,-59.4765,-0.00640722,-8.0541,-7.7121,-53.9006,-54.2425,-0.00580654,-0.00584338,-0.00026697,10.4771,11.2313,-0.0841,-2.1364,-0.2705,320.0942,25.4138,2.7638,11.0575,1.7027,8.3181,16.6362,33.2723,33.2723,33.2723,6.6545,-1.6636,4.0,4.0,1.25956,29,94,33,11,0.01845928,-0.00667418,0.09708738,0E-8,0.000000,0.891704,0.015801,-0.10571295,2026-04-04,2026-07-28,29,229,128,116,0.250000,0.249944,0.263789,0.061531,,,,,,,,GLOBAL_BASELINE_NO_ENTITY_RANKING,,,NOT_APPLICABLE_GLOBAL_BASELINE,HF9g-P5,,,,X 全窗基线 · 不参与实体赏罚,3924303,393,A168_HF9F_20260827_0900,2026-08-27 09:00:00
2026-07-01,145351320,550,0,84.8444518382,-64.8810514058,-64.8810514058,0.4000000,5,5,0.49324550000000000,0.493245500000,-0.4170446088060018,-0.4170446088060018,-0.4170446088060018,0E-17,ELIGIBLE,R03b_20260811_FULL_v1,L1_ELIGIBILITY,v2026-08-11,2026-03-21..2026-08-06,baccarat_bet02_101_all_pairs_incl_sentinel,round_win = game_pnl > 0 (decisive only),COMPATIBILITY_ONLY_NOT_PRODUCTION,9282.7313,8277.4501,-61.9547,886,737,0.00667418,-0.09708738,0.00862557,0.00667418,61.9547,9282.7313,OK,0.0000,-2.4782,4.0000,96.0000,AG03-UNRESOLVED,ALL5_LEVELS_bet23_to_bet27,-2.4782,-2.4782,-3.0977,0.0000,0.0000,4.000000,4.000000,5.000000,0.000000,0.000000,96.000000,96.000000,95.000000,100.000000,100.000000,5.0,-8.0541,-7.7121,-53.9006,-54.2425,PENDING_AG03,FALSE,NOT_FOR_ENFORCEMENT,-59.4765,7946.3521,-61.9547,-59.4765,-2.4782,-0.00667418,-0.00640722,-2.4782,-59.4765,-0.00640722,-2.4782,-2.4782,-3.0977,0.0000,0.0000,-59.4765,-0.00640722,-8.0541,-7.7121,-53.9006,-54.2425,-0.00580654,-0.00584338,-0.00026697,10.4771,11.2313,-0.0841,-2.1364,-0.2705,320.0942,25.4138,2.7638,11.0575,1.7027,8.3181,16.6362,33.2723,33.2723,33.2723,6.6545,-1.6636,4.0,4.0,1.25956,29,94,33,11,0.01845928,-0.00667418,0.09708738,0E-8,0.000000,0.891704,0.015801,-0.10571295,2026-04-04,2026-07-28,29,229,128,116,0.250000,0.249944,0.263789,0.061531,,,,,,,,GLOBAL_BASELINE_NO_ENTITY_RANKING,,,NOT_APPLICABLE_GLOBAL_BASELINE,HF9g-P5,,,,X 全窗基线 · 不参与实体赏罚,3924304,393,A168_HF9F_20260827_0900,2026-08-27 09:00:00
2026-07-01,145351320,772,0,349.3595075691,0E-10,0E-10,0.4666667,20,17,0.47870741764705882,0.475072897059,-0.09335194115498228,-0.06519545078362003,-0.09335194115498228,0.00363452058805882,ELIGIBLE,R03b_20260811_FULL_v1,L1_ELIGIBILITY,v2026-08-11,2026-03-21..2026-08-06,baccarat_bet02_101_all_pairs_incl_sentinel,round_win = game_pnl > 0 (decisive only),COMPATIBILITY_ONLY_NOT_PRODUCTION,9282.7313,8277.4501,-61.9547,886,737,0.00667418,-0.09708738,0.00862557,0.00667418,61.9547,9282.7313,OK,0.0000,-2.4782,4.0000,96.0000,AG03-UNRESOLVED,ALL5_LEVELS_bet23_to_bet27,-2.4782,-2.4782,-3.0977,0.0000,0.0000,4.000000,4.000000,5.000000,0.000000,0.000000,96.000000,96.000000,95.000000,100.000000,100.000000,5.0,-8.0541,-7.7121,-53.9006,-54.2425,PENDING_AG03,FALSE,NOT_FOR_ENFORCEMENT,-59.4765,7946.3521,-61.9547,-59.4765,-2.4782,-0.00667418,-0.00640722,-2.4782,-59.4765,-0.00640722,-2.4782,-2.4782,-3.0977,0.0000,0.0000,-59.4765,-0.00640722,-8.0541,-7.7121,-53.9006,-54.2425,-0.00580654,-0.00584338,-0.00026697,10.4771,11.2313,-0.0841,-2.1364,-0.2705,320.0942,25.4138,2.7638,11.0575,1.7027,8.3181,16.6362,33.2723,33.2723,33.2723,6.6545,-1.6636,4.0,4.0,1.25956,29,94,33,11,0.01845928,-0.00667418,0.09708738,0E-8,0.000000,0.891704,0.015801,-0.10571295,2026-04-04,2026-07-28,29,229,128,116,0.250000,0.249944,0.263789,0.061531,,,,,,,,GLOBAL_BASELINE_NO_ENTITY_RANKING,,,NOT_APPLICABLE_GLOBAL_BASELINE,HF9g-P5,,,,X 全窗基线 · 不参与实体赏罚,3924305,393,A168_HF9F_20260827_0900,2026-08-27 09:00:00
2026-07-01,145351320,919,0,81.5172184328,41.5904175678,41.5904175678,0.6250000,8,8,0.49324550000000000,0.493245500000,0.7453840200312067,0.7453840200312067,0.7453840200312067,0E-17,ELIGIBLE,R03b_20260811_FULL_v1,L1_ELIGIBILITY,v2026-08-11,2026-03-21..2026-08-06,baccarat_bet02_101_all_pairs_incl_sentinel,round_win = game_pnl > 0 (decisive only),COMPATIBILITY_ONLY_NOT_PRODUCTION,9282.7313,8277.4501,-61.9547,886,737,0.00667418,-0.09708738,0.00862557,0.00667418,61.9547,9282.7313,OK,0.0000,-2.4782,4.0000,96.0000,AG03-UNRESOLVED,ALL5_LEVELS_bet23_to_bet27,-2.4782,-2.4782,-3.0977,0.0000,0.0000,4.000000,4.000000,5.000000,0.000000,0.000000,96.000000,96.000000,95.000000,100.000000,100.000000,5.0,-8.0541,-7.7121,-53.9006,-54.2425,PENDING_AG03,FALSE,NOT_FOR_ENFORCEMENT,-59.4765,7946.3521,-61.9547,-59.4765,-2.4782,-0.00667418,-0.00640722,-2.4782,-59.4765,-0.00640722,-2.4782,-2.4782,-3.0977,0.0000,0.0000,-59.4765,-0.00640722,-8.0541,-7.7121,-53.9006,-54.2425,-0.00580654,-0.00584338,-0.00026697,10.4771,11.2313,-0.0841,-2.1364,-0.2705,320.0942,25.4138,2.7638,11.0575,1.7027,8.3181,16.6362,33.2723,33.2723,33.2723,6.6545,-1.6636,4.0,4.0,1.25956,29,94,33,11,0.01845928,-0.00667418,0.09708738,0E-8,0.000000,0.891704,0.015801,-0.10571295,2026-04-04,2026-07-28,29,229,128,116,0.250000,0.249944,0.263789,0.061531,,,,,,,,GLOBAL_BASELINE_NO_ENTITY_RANKING,,,NOT_APPLICABLE_GLOBAL_BASELINE,HF9g-P5,,,,X 全窗基线 · 不参与实体赏罚,3924306,393,A168_HF9F_20260827_0900,2026-08-27 09:00:00
2026-07-01,145351320,948,0,94.8261520544,8.3180835135,8.3180835135,0.5000000,12,9,0.46578467777777778,0.458919472222,0.19400586471574527,0.23317490731089355,0.19400586471574527,0.00686520555577778,ELIGIBLE,R03b_20260811_FULL_v1,L1_ELIGIBILITY,v2026-08-11,2026-03-21..2026-08-06,baccarat_bet02_101_all_pairs_incl_sentinel,round_win = game_pnl > 0 (decisive only),COMPATIBILITY_ONLY_NOT_PRODUCTION,9282.7313,8277.4501,-61.9547,886,737,0.00667418,-0.09708738,0.00862557,0.00667418,61.9547,9282.7313,OK,0.0000,-2.4782,4.0000,96.0000,AG03-UNRESOLVED,ALL5_LEVELS_bet23_to_bet27,-2.4782,-2.4782,-3.0977,0.0000,0.0000,4.000000,4.000000,5.000000,0.000000,0.000000,96.000000,96.000000,95.000000,100.000000,100.000000,5.0,-8.0541,-7.7121,-53.9006,-54.2425,PENDING_AG03,FALSE,NOT_FOR_ENFORCEMENT,-59.4765,7946.3521,-61.9547,-59.4765,-2.4782,-0.00667418,-0.00640722,-2.4782,-59.4765,-0.00640722,-2.4782,-2.4782,-3.0977,0.0000,0.0000,-59.4765,-0.00640722,-8.0541,-7.7121,-53.9006,-54.2425,-0.00580654,-0.00584338,-0.00026697,10.4771,11.2313,-0.0841,-2.1364,-0.2705,320.0942,25.4138,2.7638,11.0575,1.7027,8.3181,16.6362,33.2723,33.2723,33.2723,6.6545,-1.6636,4.0,4.0,1.25956,29,94,33,11,0.01845928,-0.00667418,0.09708738,0E-8,0.000000,0.891704,0.015801,-0.10571295,2026-04-04,2026-07-28,29,229,128,116,0.250000,0.249944,0.263789,0.061531,,,,,,,,GLOBAL_BASELINE_NO_ENTITY_RANKING,,,NOT_APPLICABLE_GLOBAL_BASELINE,HF9g-P5,,,,X 全窗基线 · 不参与实体赏罚,3924307,393,A168_HF9F_20260827_0900,2026-08-27 09:00:00
2026-07-03,145351320,1951,0,6.6544668108,-6.6544668108,-6.6544668108,0E-7,1,1,0.49324550000000000,0.493245500000,-0.9865810262130424,-0.9865810262130424,-0.9865810262130424,0E-17,ELIGIBLE,R03b_20260811_FULL_v1,L1_ELIGIBILITY,v2026-08-11,2026-03-21..2026-08-06,baccarat_bet02_101_all_pairs_incl_sentinel,round_win = game_pnl > 0 (decisive only),COMPATIBILITY_ONLY_NOT_PRODUCTION,9282.7313,8277.4501,-61.9547,886,737,0.00667418,-0.09708738,0.00862557,0.00667418,61.9547,9282.7313,OK,0.0000,-2.4782,4.0000,96.0000,AG03-UNRESOLVED,ALL5_LEVELS_bet23_to_bet27,-2.4782,-2.4782,-3.0977,0.0000,0.0000,4.000000,4.000000,5.000000,0.000000,0.000000,96.000000,96.000000,95.000000,100.000000,100.000000,5.0,-8.0541,-7.7121,-53.9006,-54.2425,PENDING_AG03,FALSE,NOT_FOR_ENFORCEMENT,-59.4765,7946.3521,-61.9547,-59.4765,-2.4782,-0.00667418,-0.00640722,-2.4782,-59.4765,-0.00640722,-2.4782,-2.4782,-3.0977,0.0000,0.0000,-59.4765,-0.00640722,-8.0541,-7.7121,-53.9006,-54.2425,-0.00580654,-0.00584338,-0.00026697,10.4771,11.2313,-0.0841,-2.1364,-0.2705,320.0942,25.4138,2.7638,11.0575,1.7027,8.3181,16.6362,33.2723,33.2723,33.2723,6.6545,-1.6636,4.0,4.0,1.25956,29,94,33,11,0.01845928,-0.00667418,0.09708738,0E-8,0.000000,0.891704,0.015801,-0.10571295,2026-04-04,2026-07-28,29,229,128,116,0.250000,0.249944,0.263789,0.061531,,,,,,,,GLOBAL_BASELINE_NO_ENTITY_RANKING,,,NOT_APPLICABLE_GLOBAL_BASELINE,HF9g-P5,,,,X 全窗基线 · 不参与实体赏罚,3924308,393,A168_HF9F_20260827_0900,2026-08-27 09:00:00
2026-07-03,145351320,2134,0,16.6361670270,3.3272334054,3.3272334054,0.6666667,3,3,0.49324550000000000,0.493245500000,0.6008033672792107,0.6008033672792106,0.6008033672792107,0E-17,ELIGIBLE,R03b_20260811_FULL_v1,L1_ELIGIBILITY,v2026-08-11,2026-03-21..2026-08-06,baccarat_bet02_101_all_pairs_incl_sentinel,round_win = game_pnl > 0 (decisive only),COMPATIBILITY_ONLY_NOT_PRODUCTION,9282.7313,8277.4501,-61.9547,886,737,0.00667418,-0.09708738,0.00862557,0.00667418,61.9547,9282.7313,OK,0.0000,-2.4782,4.0000,96.0000,AG03-UNRESOLVED,ALL5_LEVELS_bet23_to_bet27,-2.4782,-2.4782,-3.0977,0.0000,0.0000,4.000000,4.000000,5.000000,0.000000,0.000000,96.000000,96.000000,95.000000,100.000000,100.000000,5.0,-8.0541,-7.7121,-53.9006,-54.2425,PENDING_AG03,FALSE,NOT_FOR_ENFORCEMENT,-59.4765,7946.3521,-61.9547,-59.4765,-2.4782,-0.00667418,-0.00640722,-2.4782,-59.4765,-0.00640722,-2.4782,-2.4782,-3.0977,0.0000,0.0000,-59.4765,-0.00640722,-8.0541,-7.7121,-53.9006,-54.2425,-0.00580654,-0.00584338,-0.00026697,10.4771,11.2313,-0.0841,-2.1364,-0.2705,320.0942,25.4138,2.7638,11.0575,1.7027,8.3181,16.6362,33.2723,33.2723,33.2723,6.6545,-1.6636,4.0,4.0,1.25956,29,94,33,11,0.01845928,-0.00667418,0.09708738,0E-8,0.000000,0.891704,0.015801,-0.10571295,2026-04-04,2026-07-28,29,229,128,116,0.250000,0.249944,0.263789,0.061531,,,,,,,,GLOBAL_BASELINE_NO_ENTITY_RANKING,,,NOT_APPLICABLE_GLOBAL_BASELINE,HF9g-P5,,,,X 全窗基线 · 不参与实体赏罚,3924309,393,A168_HF9F_20260827_0900,2026-08-27 09:00:00
2026-07-04,145351320,1941,0,3.3272334054,-3.3272334054,-3.3272334054,0E-7,1,1,0.49324550000000000,0.493245500000,-0.9865810262130424,-0.9865810262130424,-0.9865810262130424,0E-17,ELIGIBLE,R03b_20260811_FULL_v1,L1_ELIGIBILITY,v2026-08-11,2026-03-21..2026-08-06,baccarat_bet02_101_all_pairs_incl_sentinel,round_win = game_pnl > 0 (decisive only),COMPATIBILITY_ONLY_NOT_PRODUCTION,9282.7313,8277.4501,-61.9547,886,737,0.00667418,-0.09708738,0.00862557,0.00667418,61.9547,9282.7313,OK,0.0000,-2.4782,4.0000,96.0000,AG03-UNRESOLVED,ALL5_LEVELS_bet23_to_bet27,-2.4782,-2.4782,-3.0977,0.0000,0.0000,4.000000,4.000000,5.000000,0.000000,0.000000,96.000000,96.000000,95.000000,100.000000,100.000000,5.0,-8.0541,-7.7121,-53.9006,-54.2425,PENDING_AG03,FALSE,NOT_FOR_ENFORCEMENT,-59.4765,7946.3521,-61.9547,-59.4765,-2.4782,-0.00667418,-0.00640722,-2.4782,-59.4765,-0.00640722,-2.4782,-2.4782,-3.0977,0.0000,0.0000,-59.4765,-0.00640722,-8.0541,-7.7121,-53.9006,-54.2425,-0.00580654,-0.00584338,-0.00026697,10.4771,11.2313,-0.0841,-2.1364,-0.2705,320.0942,25.4138,2.7638,11.0575,1.7027,8.3181,16.6362,33.2723,33.2723,33.2723,6.6545,-1.6636,4.0,4.0,1.25956,29,94,33,11,0.01845928,-0.00667418,0.09708738,0E-8,0.000000,0.891704,0.015801,-0.10571295,2026-04-04,2026-07-28,29,229,128,116,0.250000,0.249944,0.263789,0.061531,,,,,,,,GLOBAL_BASELINE_NO_ENTITY_RANKING,,,NOT_APPLICABLE_GLOBAL_BASELINE,HF9g-P5,,,,X 全窗基线 · 不参与实体赏罚,3924310,393,A168_HF9F_20260827_0900,2026-08-27 09:00:00
2026-07-06,145351320,1221,0,3.3272334054,-3.3272334054,-3.3272334054,0E-7,1,1,0.49324550000000000,0.493245500000,-0.9865810262130424,-0.9865810262130424,-0.9865810262130424,0E-17,ELIGIBLE,R03b_20260811_FULL_v1,L1_ELIGIBILITY,v2026-08-11,2026-03-21..2026-08-06,baccarat_bet02_101_all_pairs_incl_sentinel,round_win = game_pnl > 0 (decisive only),COMPATIBILITY_ONLY_NOT_PRODUCTION,9282.7313,8277.4501,-61.9547,886,737,0.00667418,-0.09708738,0.00862557,0.00667418,61.9547,9282.7313,OK,0.0000,-2.4782,4.0000,96.0000,AG03-UNRESOLVED,ALL5_LEVELS_bet23_to_bet27,-2.4782,-2.4782,-3.0977,0.0000,0.0000,4.000000,4.000000,5.000000,0.000000,0.000000,96.000000,96.000000,95.000000,100.000000,100.000000,5.0,-8.0541,-7.7121,-53.9006,-54.2425,PENDING_AG03,FALSE,NOT_FOR_ENFORCEMENT,-59.4765,7946.3521,-61.9547,-59.4765,-2.4782,-0.00667418,-0.00640722,-2.4782,-59.4765,-0.00640722,-2.4782,-2.4782,-3.0977,0.0000,0.0000,-59.4765,-0.00640722,-8.0541,-7.7121,-53.9006,-54.2425,-0.00580654,-0.00584338,-0.00026697,10.4771,11.2313,-0.0841,-2.1364,-0.2705,320.0942,25.4138,2.7638,11.0575,1.7027,8.3181,16.6362,33.2723,33.2723,33.2723,6.6545,-1.6636,4.0,4.0,1.25956,29,94,33,11,0.01845928,-0.00667418,0.09708738,0E-8,0.000000,0.891704,0.015801,-0.10571295,2026-04-04,2026-07-28,29,229,128,116,0.250000,0.249944,0.263789,0.061531,,,,,,,,GLOBAL_BASELINE_NO_ENTITY_RANKING,,,NOT_APPLICABLE_GLOBAL_BASELINE,HF9g-P5,,,,X 全窗基线 · 不参与实体赏罚,3924311,393,A168_HF9F_20260827_0900,2026-08-27 09:00:00
2026-07-06,145351320,1985,0,34.9359507570,-6.6544668109,-6.6544668109,0.5000000,6,6,0.49324550000000000,0.493245500000,0.027020465636507562,0.027020465636507562,0.027020465636507562,0E-17,ELIGIBLE,R03b_20260811_FULL_v1,L1_ELIGIBILITY,v2026-08-11,2026-03-21..2026-08-06,baccarat_bet02_101_all_pairs_incl_sentinel,round_win = game_pnl > 0 (decisive only),COMPATIBILITY_ONLY_NOT_PRODUCTION,9282.7313,8277.4501,-61.9547,886,737,0.00667418,-0.09708738,0.00862557,0.00667418,61.9547,9282.7313,OK,0.0000,-2.4782,4.0000,96.0000,AG03-UNRESOLVED,ALL5_LEVELS_bet23_to_bet27,-2.4782,-2.4782,-3.0977,0.0000,0.0000,4.000000,4.000000,5.000000,0.000000,0.000000,96.000000,96.000000,95.000000,100.000000,100.000000,5.0,-8.0541,-7.7121,-53.9006,-54.2425,PENDING_AG03,FALSE,NOT_FOR_ENFORCEMENT,-59.4765,7946.3521,-61.9547,-59.4765,-2.4782,-0.00667418,-0.00640722,-2.4782,-59.4765,-0.00640722,-2.4782,-2.4782,-3.0977,0.0000,0.0000,-59.4765,-0.00640722,-8.0541,-7.7121,-53.9006,-54.2425,-0.00580654,-0.00584338,-0.00026697,10.4771,11.2313,-0.0841,-2.1364,-0.2705,320.0942,25.4138,2.7638,11.0575,1.7027,8.3181,16.6362,33.2723,33.2723,33.2723,6.6545,-1.6636,4.0,4.0,1.25956,29,94,33,11,0.01845928,-0.00667418,0.09708738,0E-8,0.000000,0.891704,0.015801,-0.10571295,2026-04-04,2026-07-28,29,229,128,116,0.250000,0.249944,0.263789,0.061531,,,,,,,,GLOBAL_BASELINE_NO_ENTITY_RANKING,,,NOT_APPLICABLE_GLOBAL_BASELINE,HF9g-P5,,,,X 全窗基线 · 不参与实体赏罚,3924312,393,A168_HF9F_20260827_0900,2026-08-27 09:00:00
2026-07-06,145351320,2115,0,23.2906338379,11.6453169189,11.6453169189,0.7500000,5,5,0.49324550000000000,0.493245500000,1.0271117246678039,1.0271117246678039,1.0271117246678039,0E-17,ELIGIBLE,R03b_20260811_FULL_v1,L1_ELIGIBILITY,v2026-08-11,2026-03-21..2026-08-06,baccarat_bet02_101_all_pairs_incl_sentinel,round_win = game_pnl > 0 (decisive only),COMPATIBILITY_ONLY_NOT_PRODUCTION,9282.7313,8277.4501,-61.9547,886,737,0.00667418,-0.09708738,0.00862557,0.00667418,61.9547,9282.7313,OK,0.0000,-2.4782,4.0000,96.0000,AG03-UNRESOLVED,ALL5_LEVELS_bet23_to_bet27,-2.4782,-2.4782,-3.0977,0.0000,0.0000,4.000000,4.000000,5.000000,0.000000,0.000000,96.000000,96.000000,95.000000,100.000000,100.000000,5.0,-8.0541,-7.7121,-53.9006,-54.2425,PENDING_AG03,FALSE,NOT_FOR_ENFORCEMENT,-59.4765,7946.3521,-61.9547,-59.4765,-2.4782,-0.00667418,-0.00640722,-2.4782,-59.4765,-0.00640722,-2.4782,-2.4782,-3.0977,0.0000,0.0000,-59.4765,-0.00640722,-8.0541,-7.7121,-53.9006,-54.2425,-0.00580654,-0.00584338,-0.00026697,10.4771,11.2313,-0.0841,-2.1364,-0.2705,320.0942,25.4138,2.7638,11.0575,1.7027,8.3181,16.6362,33.2723,33.2723,33.2723,6.6545,-1.6636,4.0,4.0,1.25956,29,94,33,11,0.01845928,-0.00667418,0.09708738,0E-8,0.000000,0.891704,0.015801,-0.10571295,2026-04-04,2026-07-28,29,229,128,116,0.250000,0.249944,0.263789,0.061531,,,,,,,,GLOBAL_BASELINE_NO_ENTITY_RANKING,,,NOT_APPLICABLE_GLOBAL_BASELINE,HF9g-P5,,,,X 全窗基线 · 不参与实体赏罚,3924313,393,A168_HF9F_20260827_0900,2026-08-27 09:00:00
2026-07-06,145351320,2239,0,11.6453169190,-11.6453169190,-11.6453169190,0E-7,2,2,0.49324550000000000,0.493245500000,-1.3952362676504506,-1.3952362676504506,-1.3952362676504506,0E-17,ELIGIBLE,R03b_20260811_FULL_v1,L1_ELIGIBILITY,v2026-08-11,2026-03-21..2026-08-06,baccarat_bet02_101_all_pairs_incl_sentinel,round_win = game_pnl > 0 (decisive only),COMPATIBILITY_ONLY_NOT_PRODUCTION,9282.7313,8277.4501,-61.9547,886,737,0.00667418,-0.09708738,0.00862557,0.00667418,61.9547,9282.7313,OK,0.0000,-2.4782,4.0000,96.0000,AG03-UNRESOLVED,ALL5_LEVELS_bet23_to_bet27,-2.4782,-2.4782,-3.0977,0.0000,0.0000,4.000000,4.000000,5.000000,0.000000,0.000000,96.000000,96.000000,95.000000,100.000000,100.000000,5.0,-8.0541,-7.7121,-53.9006,-54.2425,PENDING_AG03,FALSE,NOT_FOR_ENFORCEMENT,-59.4765,7946.3521,-61.9547,-59.4765,-2.4782,-0.00667418,-0.00640722,-2.4782,-59.4765,-0.00640722,-2.4782,-2.4782,-3.0977,0.0000,0.0000,-59.4765,-0.00640722,-8.0541,-7.7121,-53.9006,-54.2425,-0.00580654,-0.00584338,-0.00026697,10.4771,11.2313,-0.0841,-2.1364,-0.2705,320.0942,25.4138,2.7638,11.0575,1.7027,8.3181,16.6362,33.2723,33.2723,33.2723,6.6545,-1.6636,4.0,4.0,1.25956,29,94,33,11,0.01845928,-0.00667418,0.09708738,0E-8,0.000000,0.891704,0.015801,-0.10571295,2026-04-04,2026-07-28,29,229,128,116,0.250000,0.249944,0.263789,0.061531,,,,,,,,GLOBAL_BASELINE_NO_ENTITY_RANKING,,,NOT_APPLICABLE_GLOBAL_BASELINE,HF9g-P5,,,,X 全窗基线 · 不参与实体赏罚,3924314,393,A168_HF9F_20260827_0900,2026-08-27 09:00:00
2026-07-06,145351320,2249,0,3.3272334054,3.3272334054,3.3272334054,1.0000000,1,1,0.49324550000000000,0.493245500000,1.01360149184955,1.01360149184955,1.01360149184955,0E-17,ELIGIBLE,R03b_20260811_FULL_v1,L1_ELIGIBILITY,v2026-08-11,2026-03-21..2026-08-06,baccarat_bet02_101_all_pairs_incl_sentinel,round_win = game_pnl > 0 (decisive only),COMPATIBILITY_ONLY_NOT_PRODUCTION,9282.7313,8277.4501,-61.9547,886,737,0.00667418,-0.09708738,0.00862557,0.00667418,61.9547,9282.7313,OK,0.0000,-2.4782,4.0000,96.0000,AG03-UNRESOLVED,ALL5_LEVELS_bet23_to_bet27,-2.4782,-2.4782,-3.0977,0.0000,0.0000,4.000000,4.000000,5.000000,0.000000,0.000000,96.000000,96.000000,95.000000,100.000000,100.000000,5.0,-8.0541,-7.7121,-53.9006,-54.2425,PENDING_AG03,FALSE,NOT_FOR_ENFORCEMENT,-59.4765,7946.3521,-61.9547,-59.4765,-2.4782,-0.00667418,-0.00640722,-2.4782,-59.4765,-0.00640722,-2.4782,-2.4782,-3.0977,0.0000,0.0000,-59.4765,-0.00640722,-8.0541,-7.7121,-53.9006,-54.2425,-0.00580654,-0.00584338,-0.00026697,10.4771,11.2313,-0.0841,-2.1364,-0.2705,320.0942,25.4138,2.7638,11.0575,1.7027,8.3181,16.6362,33.2723,33.2723,33.2723,6.6545,-1.6636,4.0,4.0,1.25956,29,94,33,11,0.01845928,-0.00667418,0.09708738,0E-8,0.000000,0.891704,0.015801,-0.10571295,2026-04-04,2026-07-28,29,229,128,116,0.250000,0.249944,0.263789,0.061531,,,,,,,,GLOBAL_BASELINE_NO_ENTITY_RANKING,,,NOT_APPLICABLE_GLOBAL_BASELINE,HF9g-P5,,,,X 全窗基线 · 不参与实体赏罚,3924315,393,A168_HF9F_20260827_0900,2026-08-27 09:00:00
2026-07-08,145351320,2177,0,9.9817002162,-3.3272334054,-3.3272334054,0.5000000,5,2,0.28219095000000000,0.282190950000,0.6844077411112449,0.6844077411112449,0.6844077411112449,0E-17,ELIGIBLE,R03b_20260811_FULL_v1,L1_ELIGIBILITY,v2026-08-11,2026-03-21..2026-08-06,baccarat_bet02_101_all_pairs_incl_sentinel,round_win = game_pnl > 0 (decisive only),COMPATIBILITY_ONLY_NOT_PRODUCTION,9282.7313,8277.4501,-61.9547,886,737,0.00667418,-0.09708738,0.00862557,0.00667418,61.9547,9282.7313,OK,0.0000,-2.4782,4.0000,96.0000,AG03-UNRESOLVED,ALL5_LEVELS_bet23_to_bet27,-2.4782,-2.4782,-3.0977,0.0000,0.0000,4.000000,4.000000,5.000000,0.000000,0.000000,96.000000,96.000000,95.000000,100.000000,100.000000,5.0,-8.0541,-7.7121,-53.9006,-54.2425,PENDING_AG03,FALSE,NOT_FOR_ENFORCEMENT,-59.4765,7946.3521,-61.9547,-59.4765,-2.4782,-0.00667418,-0.00640722,-2.4782,-59.4765,-0.00640722,-2.4782,-2.4782,-3.0977,0.0000,0.0000,-59.4765,-0.00640722,-8.0541,-7.7121,-53.9006,-54.2425,-0.00580654,-0.00584338,-0.00026697,10.4771,11.2313,-0.0841,-2.1364,-0.2705,320.0942,25.4138,2.7638,11.0575,1.7027,8.3181,16.6362,33.2723,33.2723,33.2723,6.6545,-1.6636,4.0,4.0,1.25956,29,94,33,11,0.01845928,-0.00667418,0.09708738,0E-8,0.000000,0.891704,0.015801,-0.10571295,2026-04-04,2026-07-28,29,229,128,116,0.250000,0.249944,0.263789,0.061531,,,,,,,,GLOBAL_BASELINE_NO_ENTITY_RANKING,,,NOT_APPLICABLE_GLOBAL_BASELINE,HF9g-P5,,,,X 全窗基线 · 不参与实体赏罚,3924316,393,A168_HF9F_20260827_0900,2026-08-27 09:00:00
2026-07-09,145351320,1383,0,3.3272334054,-3.3272334054,-3.3272334054,0E-7,1,1,0.49324550000000000,0.493245500000,-0.9865810262130424,-0.9865810262130424,-0.9865810262130424,0E-17,ELIGIBLE,R03b_20260811_FULL_v1,L1_ELIGIBILITY,v2026-08-11,2026-03-21..2026-08-06,baccarat_bet02_101_all_pairs_incl_sentinel,round_win = game_pnl > 0 (decisive only),COMPATIBILITY_ONLY_NOT_PRODUCTION,9282.7313,8277.4501,-61.9547,886,737,0.00667418,-0.09708738,0.00862557,0.00667418,61.9547,9282.7313,OK,0.0000,-2.4782,4.0000,96.0000,AG03-UNRESOLVED,ALL5_LEVELS_bet23_to_bet27,-2.4782,-2.4782,-3.0977,0.0000,0.0000,4.000000,4.000000,5.000000,0.000000,0.000000,96.000000,96.000000,95.000000,100.000000,100.000000,5.0,-8.0541,-7.7121,-53.9006,-54.2425,PENDING_AG03,FALSE,NOT_FOR_ENFORCEMENT,-59.4765,7946.3521,-61.9547,-59.4765,-2.4782,-0.00667418,-0.00640722,-2.4782,-59.4765,-0.00640722,-2.4782,-2.4782,-3.0977,0.0000,0.0000,-59.4765,-0.00640722,-8.0541,-7.7121,-53.9006,-54.2425,-0.00580654,-0.00584338,-0.00026697,10.4771,11.2313,-0.0841,-2.1364,-0.2705,320.0942,25.4138,2.7638,11.0575,1.7027,8.3181,16.6362,33.2723,33.2723,33.2723,6.6545,-1.6636,4.0,4.0,1.25956,29,94,33,11,0.01845928,-0.00667418,0.09708738,0E-8,0.000000,0.891704,0.015801,-0.10571295,2026-04-04,2026-07-28,29,229,128,116,0.250000,0.249944,0.263789,0.061531,,,,,,,,GLOBAL_BASELINE_NO_ENTITY_RANKING,,,NOT_APPLICABLE_GLOBAL_BASELINE,HF9g-P5,,,,X 全窗基线 · 不参与实体赏罚,3924317,393,A168_HF9F_20260827_0900,2026-08-27 09:00:00
2026-07-10,145351320,1490,0,3.3272334054,-3.3272334054,-3.3272334054,0E-7,1,1,0.49324550000000000,0.493245500000,-0.9865810262130424,-0.9865810262130424,-0.9865810262130424,0E-17,ELIGIBLE,R03b_20260811_FULL_v1,L1_ELIGIBILITY,v2026-08-11,2026-03-21..2026-08-06,baccarat_bet02_101_all_pairs_incl_sentinel,round_win = game_pnl > 0 (decisive only),COMPATIBILITY_ONLY_NOT_PRODUCTION,9282.7313,8277.4501,-61.9547,886,737,0.00667418,-0.09708738,0.00862557,0.00667418,61.9547,9282.7313,OK,0.0000,-2.4782,4.0000,96.0000,AG03-UNRESOLVED,ALL5_LEVELS_bet23_to_bet27,-2.4782,-2.4782,-3.0977,0.0000,0.0000,4.000000,4.000000,5.000000,0.000000,0.000000,96.000000,96.000000,95.000000,100.000000,100.000000,5.0,-8.0541,-7.7121,-53.9006,-54.2425,PENDING_AG03,FALSE,NOT_FOR_ENFORCEMENT,-59.4765,7946.3521,-61.9547,-59.4765,-2.4782,-0.00667418,-0.00640722,-2.4782,-59.4765,-0.00640722,-2.4782,-2.4782,-3.0977,0.0000,0.0000,-59.4765,-0.00640722,-8.0541,-7.7121,-53.9006,-54.2425,-0.00580654,-0.00584338,-0.00026697,10.4771,11.2313,-0.0841,-2.1364,-0.2705,320.0942,25.4138,2.7638,11.0575,1.7027,8.3181,16.6362,33.2723,33.2723,33.2723,6.6545,-1.6636,4.0,4.0,1.25956,29,94,33,11,0.01845928,-0.00667418,0.09708738,0E-8,0.000000,0.891704,0.015801,-0.10571295,2026-04-04,2026-07-28,29,229,128,116,0.250000,0.249944,0.263789,0.061531,,,,,,,,GLOBAL_BASELINE_NO_ENTITY_RANKING,,,NOT_APPLICABLE_GLOBAL_BASELINE,HF9g-P5,,,,X 全窗基线 · 不参与实体赏罚,3924318,393,A168_HF9F_20260827_0900,2026-08-27 09:00:00
2026-07-12,145351320,2262,0,3.3272334054,-3.3272334054,-3.3272334054,0E-7,1,1,0.49324550000000000,0.493245500000,-0.9865810262130424,-0.9865810262130424,-0.9865810262130424,0E-17,ELIGIBLE,R03b_20260811_FULL_v1,L1_ELIGIBILITY,v2026-08-11,2026-03-21..2026-08-06,baccarat_bet02_101_all_pairs_incl_sentinel,round_win = game_pnl > 0 (decisive only),COMPATIBILITY_ONLY_NOT_PRODUCTION,9282.7313,8277.4501,-61.9547,886,737,0.00667418,-0.09708738,0.00862557,0.00667418,61.9547,9282.7313,OK,0.0000,-2.4782,4.0000,96.0000,AG03-UNRESOLVED,ALL5_LEVELS_bet23_to_bet27,-2.4782,-2.4782,-3.0977,0.0000,0.0000,4.000000,4.000000,5.000000,0.000000,0.000000,96.000000,96.000000,95.000000,100.000000,100.000000,5.0,-8.0541,-7.7121,-53.9006,-54.2425,PENDING_AG03,FALSE,NOT_FOR_ENFORCEMENT,-59.4765,7946.3521,-61.9547,-59.4765,-2.4782,-0.00667418,-0.00640722,-2.4782,-59.4765,-0.00640722,-2.4782,-2.4782,-3.0977,0.0000,0.0000,-59.4765,-0.00640722,-8.0541,-7.7121,-53.9006,-54.2425,-0.00580654,-0.00584338,-0.00026697,10.4771,11.2313,-0.0841,-2.1364,-0.2705,320.0942,25.4138,2.7638,11.0575,1.7027,8.3181,16.6362,33.2723,33.2723,33.2723,6.6545,-1.6636,4.0,4.0,1.25956,29,94,33,11,0.01845928,-0.00667418,0.09708738,0E-8,0.000000,0.891704,0.015801,-0.10571295,2026-04-04,2026-07-28,29,229,128,116,0.250000,0.249944,0.263789,0.061531,,,,,,,,GLOBAL_BASELINE_NO_ENTITY_RANKING,,,NOT_APPLICABLE_GLOBAL_BASELINE,HF9g-P5,,,,X 全窗基线 · 不参与实体赏罚,3924319,393,A168_HF9F_20260827_0900,2026-08-27 09:00:00
2026-07-12,145351320,462,0,13.3089336216,-3.3272334054,-3.3272334054,0.5000000,4,4,0.49324550000000000,0.493245500000,0.027020465636507562,0.027020465636507562,0.027020465636507562,0E-17,ELIGIBLE,R03b_20260811_FULL_v1,L1_ELIGIBILITY,v2026-08-11,2026-03-21..2026-08-06,baccarat_bet02_101_all_pairs_incl_sentinel,round_win = game_pnl > 0 (decisive only),COMPATIBILITY_ONLY_NOT_PRODUCTION,9282.7313,8277.4501,-61.9547,886,737,0.00667418,-0.09708738,0.00862557,0.00667418,61.9547,9282.7313,OK,0.0000,-2.4782,4.0000,96.0000,AG03-UNRESOLVED,ALL5_LEVELS_bet23_to_bet27,-2.4782,-2.4782,-3.0977,0.0000,0.0000,4.000000,4.000000,5.000000,0.000000,0.000000,96.000000,96.000000,95.000000,100.000000,100.000000,5.0,-8.0541,-7.7121,-53.9006,-54.2425,PENDING_AG03,FALSE,NOT_FOR_ENFORCEMENT,-59.4765,7946.3521,-61.9547,-59.4765,-2.4782,-0.00667418,-0.00640722,-2.4782,-59.4765,-0.00640722,-2.4782,-2.4782,-3.0977,0.0000,0.0000,-59.4765,-0.00640722,-8.0541,-7.7121,-53.9006,-54.2425,-0.00580654,-0.00584338,-0.00026697,10.4771,11.2313,-0.0841,-2.1364,-0.2705,320.0942,25.4138,2.7638,11.0575,1.7027,8.3181,16.6362,33.2723,33.2723,33.2723,6.6545,-1.6636,4.0,4.0,1.25956,29,94,33,11,0.01845928,-0.00667418,0.09708738,0E-8,0.000000,0.891704,0.015801,-0.10571295,2026-04-04,2026-07-28,29,229,128,116,0.250000,0.249944,0.263789,0.061531,,,,,,,,GLOBAL_BASELINE_NO_ENTITY_RANKING,,,NOT_APPLICABLE_GLOBAL_BASELINE,HF9g-P5,,,,X 全窗基线 · 不参与实体赏罚,3924320,393,A168_HF9F_20260827_0900,2026-08-27 09:00:00
2026-07-14,145351320,2261,0,3.3272334054,-3.3272334054,-3.3272334054,0E-7,2,1,0.07469835000000000,0.074698350000,-0.2841278703448948,-0.28412787034489473,-0.2841278703448948,0E-17,ELIGIBLE,R03b_20260811_FULL_v1,L1_ELIGIBILITY,v2026-08-11,2026-03-21..2026-08-06,baccarat_bet02_101_all_pairs_incl_sentinel,round_win = game_pnl > 0 (decisive only),COMPATIBILITY_ONLY_NOT_PRODUCTION,9282.7313,8277.4501,-61.9547,886,737,0.00667418,-0.09708738,0.00862557,0.00667418,61.9547,9282.7313,OK,0.0000,-2.4782,4.0000,96.0000,AG03-UNRESOLVED,ALL5_LEVELS_bet23_to_bet27,-2.4782,-2.4782,-3.0977,0.0000,0.0000,4.000000,4.000000,5.000000,0.000000,0.000000,96.000000,96.000000,95.000000,100.000000,100.000000,5.0,-8.0541,-7.7121,-53.9006,-54.2425,PENDING_AG03,FALSE,NOT_FOR_ENFORCEMENT,-59.4765,7946.3521,-61.9547,-59.4765,-2.4782,-0.00667418,-0.00640722,-2.4782,-59.4765,-0.00640722,-2.4782,-2.4782,-3.0977,0.0000,0.0000,-59.4765,-0.00640722,-8.0541,-7.7121,-53.9006,-54.2425,-0.00580654,-0.00584338,-0.00026697,10.4771,11.2313,-0.0841,-2.1364,-0.2705,320.0942,25.4138,2.7638,11.0575,1.7027,8.3181,16.6362,33.2723,33.2723,33.2723,6.6545,-1.6636,4.0,4.0,1.25956,29,94,33,11,0.01845928,-0.00667418,0.09708738,0E-8,0.000000,0.891704,0.015801,-0.10571295,2026-04-04,2026-07-28,29,229,128,116,0.250000,0.249944,0.263789,0.061531,,,,,,,,GLOBAL_BASELINE_NO_ENTITY_RANKING,,,NOT_APPLICABLE_GLOBAL_BASELINE,HF9g-P5,,,,X 全窗基线 · 不参与实体赏罚,3924321,393,A168_HF9F_20260827_0900,2026-08-27 09:00:00
2026-07-15,145351320,1646,0,3.3272334054,-3.3272334054,-3.3272334054,0E-7,1,1,0.49324550000000000,0.493245500000,-0.9865810262130424,-0.9865810262130424,-0.9865810262130424,0E-17,ELIGIBLE,R03b_20260811_FULL_v1,L1_ELIGIBILITY,v2026-08-11,2026-03-21..2026-08-06,baccarat_bet02_101_all_pairs_incl_sentinel,round_win = game_pnl > 0 (decisive only),COMPATIBILITY_ONLY_NOT_PRODUCTION,9282.7313,8277.4501,-61.9547,886,737,0.00667418,-0.09708738,0.00862557,0.00667418,61.9547,9282.7313,OK,0.0000,-2.4782,4.0000,96.0000,AG03-UNRESOLVED,ALL5_LEVELS_bet23_to_bet27,-2.4782,-2.4782,-3.0977,0.0000,0.0000,4.000000,4.000000,5.000000,0.000000,0.000000,96.000000,96.000000,95.000000,100.000000,100.000000,5.0,-8.0541,-7.7121,-53.9006,-54.2425,PENDING_AG03,FALSE,NOT_FOR_ENFORCEMENT,-59.4765,7946.3521,-61.9547,-59.4765,-2.4782,-0.00667418,-0.00640722,-2.4782,-59.4765,-0.00640722,-2.4782,-2.4782,-3.0977,0.0000,0.0000,-59.4765,-0.00640722,-8.0541,-7.7121,-53.9006,-54.2425,-0.00580654,-0.00584338,-0.00026697,10.4771,11.2313,-0.0841,-2.1364,-0.2705,320.0942,25.4138,2.7638,11.0575,1.7027,8.3181,16.6362,33.2723,33.2723,33.2723,6.6545,-1.6636,4.0,4.0,1.25956,29,94,33,11,0.01845928,-0.00667418,0.09708738,0E-8,0.000000,0.891704,0.015801,-0.10571295,2026-04-04,2026-07-28,29,229,128,116,0.250000,0.249944,0.263789,0.061531,,,,,,,,GLOBAL_BASELINE_NO_ENTITY_RANKING,,,NOT_APPLICABLE_GLOBAL_BASELINE,HF9g-P5,,,,X 全窗基线 · 不参与实体赏罚,3924322,393,A168_HF9F_20260827_0900,2026-08-27 09:00:00
2026-07-16,145351320,1094,0,3.3272334054,-3.3272334054,-3.3272334054,0E-7,1,1,0.49324550000000000,0.493245500000,-0.9865810262130424,-0.9865810262130424,-0.9865810262130424,0E-17,ELIGIBLE,R03b_20260811_FULL_v1,L1_ELIGIBILITY,v2026-08-11,2026-03-21..2026-08-06,baccarat_bet02_101_all_pairs_incl_sentinel,round_win = game_pnl > 0 (decisive only),COMPATIBILITY_ONLY_NOT_PRODUCTION,9282.7313,8277.4501,-61.9547,886,737,0.00667418,-0.09708738,0.00862557,0.00667418,61.9547,9282.7313,OK,0.0000,-2.4782,4.0000,96.0000,AG03-UNRESOLVED,ALL5_LEVELS_bet23_to_bet27,-2.4782,-2.4782,-3.0977,0.0000,0.0000,4.000000,4.000000,5.000000,0.000000,0.000000,96.000000,96.000000,95.000000,100.000000,100.000000,5.0,-8.0541,-7.7121,-53.9006,-54.2425,PENDING_AG03,FALSE,NOT_FOR_ENFORCEMENT,-59.4765,7946.3521,-61.9547,-59.4765,-2.4782,-0.00667418,-0.00640722,-2.4782,-59.4765,-0.00640722,-2.4782,-2.4782,-3.0977,0.0000,0.0000,-59.4765,-0.00640722,-8.0541,-7.7121,-53.9006,-54.2425,-0.00580654,-0.00584338,-0.00026697,10.4771,11.2313,-0.0841,-2.1364,-0.2705,320.0942,25.4138,2.7638,11.0575,1.7027,8.3181,16.6362,33.2723,33.2723,33.2723,6.6545,-1.6636,4.0,4.0,1.25956,29,94,33,11,0.01845928,-0.00667418,0.09708738,0E-8,0.000000,0.891704,0.015801,-0.10571295,2026-04-04,2026-07-28,29,229,128,116,0.250000,0.249944,0.263789,0.061531,,,,,,,,GLOBAL_BASELINE_NO_ENTITY_RANKING,,,NOT_APPLICABLE_GLOBAL_BASELINE,HF9g-P5,,,,X 全窗基线 · 不参与实体赏罚,3924323,393,A168_HF9F_20260827_0900,2026-08-27 09:00:00
2026-07-16,145351320,2127,0,3.3272334054,-3.3272334054,-3.3272334054,0E-7,1,1,0.49324550000000000,0.493245500000,-0.9865810262130424,-0.9865810262130424,-0.9865810262130424,0E-17,ELIGIBLE,R03b_20260811_FULL_v1,L1_ELIGIBILITY,v2026-08-11,2026-03-21..2026-08-06,baccarat_bet02_101_all_pairs_incl_sentinel,round_win = game_pnl > 0 (decisive only),COMPATIBILITY_ONLY_NOT_PRODUCTION,9282.7313,8277.4501,-61.9547,886,737,0.00667418,-0.09708738,0.00862557,0.00667418,61.9547,9282.7313,OK,0.0000,-2.4782,4.0000,96.0000,AG03-UNRESOLVED,ALL5_LEVELS_bet23_to_bet27,-2.4782,-2.4782,-3.0977,0.0000,0.0000,4.000000,4.000000,5.000000,0.000000,0.000000,96.000000,96.000000,95.000000,100.000000,100.000000,5.0,-8.0541,-7.7121,-53.9006,-54.2425,PENDING_AG03,FALSE,NOT_FOR_ENFORCEMENT,-59.4765,7946.3521,-61.9547,-59.4765,-2.4782,-0.00667418,-0.00640722,-2.4782,-59.4765,-0.00640722,-2.4782,-2.4782,-3.0977,0.0000,0.0000,-59.4765,-0.00640722,-8.0541,-7.7121,-53.9006,-54.2425,-0.00580654,-0.00584338,-0.00026697,10.4771,11.2313,-0.0841,-2.1364,-0.2705,320.0942,25.4138,2.7638,11.0575,1.7027,8.3181,16.6362,33.2723,33.2723,33.2723,6.6545,-1.6636,4.0,4.0,1.25956,29,94,33,11,0.01845928,-0.00667418,0.09708738,0E-8,0.000000,0.891704,0.015801,-0.10571295,2026-04-04,2026-07-28,29,229,128,116,0.250000,0.249944,0.263789,0.061531,,,,,,,,GLOBAL_BASELINE_NO_ENTITY_RANKING,,,NOT_APPLICABLE_GLOBAL_BASELINE,HF9g-P5,,,,X 全窗基线 · 不参与实体赏罚,3924324,393,A168_HF9F_20260827_0900,2026-08-27 09:00:00
2026-07-19,145351320,925,0,3.3272334054,-3.3272334054,-3.3272334054,0E-7,2,1,0.07469835000000000,0.074698350000,-0.2841278703448948,-0.28412787034489473,-0.2841278703448948,0E-17,ELIGIBLE,R03b_20260811_FULL_v1,L1_ELIGIBILITY,v2026-08-11,2026-03-21..2026-08-06,baccarat_bet02_101_all_pairs_incl_sentinel,round_win = game_pnl > 0 (decisive only),COMPATIBILITY_ONLY_NOT_PRODUCTION,9282.7313,8277.4501,-61.9547,886,737,0.00667418,-0.09708738,0.00862557,0.00667418,61.9547,9282.7313,OK,0.0000,-2.4782,4.0000,96.0000,AG03-UNRESOLVED,ALL5_LEVELS_bet23_to_bet27,-2.4782,-2.4782,-3.0977,0.0000,0.0000,4.000000,4.000000,5.000000,0.000000,0.000000,96.000000,96.000000,95.000000,100.000000,100.000000,5.0,-8.0541,-7.7121,-53.9006,-54.2425,PENDING_AG03,FALSE,NOT_FOR_ENFORCEMENT,-59.4765,7946.3521,-61.9547,-59.4765,-2.4782,-0.00667418,-0.00640722,-2.4782,-59.4765,-0.00640722,-2.4782,-2.4782,-3.0977,0.0000,0.0000,-59.4765,-0.00640722,-8.0541,-7.7121,-53.9006,-54.2425,-0.00580654,-0.00584338,-0.00026697,10.4771,11.2313,-0.0841,-2.1364,-0.2705,320.0942,25.4138,2.7638,11.0575,1.7027,8.3181,16.6362,33.2723,33.2723,33.2723,6.6545,-1.6636,4.0,4.0,1.25956,29,94,33,11,0.01845928,-0.00667418,0.09708738,0E-8,0.000000,0.891704,0.015801,-0.10571295,2026-04-04,2026-07-28,29,229,128,116,0.250000,0.249944,0.263789,0.061531,,,,,,,,GLOBAL_BASELINE_NO_ENTITY_RANKING,,,NOT_APPLICABLE_GLOBAL_BASELINE,HF9g-P5,,,,X 全窗基线 · 不参与实体赏罚,3924325,393,A168_HF9F_20260827_0900,2026-08-27 09:00:00
2026-07-22,145351320,1654,0,3.3272334054,-3.3272334054,-3.3272334054,0E-7,1,1,0.49324550000000000,0.493245500000,-0.9865810262130424,-0.9865810262130424,-0.9865810262130424,0E-17,ELIGIBLE,R03b_20260811_FULL_v1,L1_ELIGIBILITY,v2026-08-11,2026-03-21..2026-08-06,baccarat_bet02_101_all_pairs_incl_sentinel,round_win = game_pnl > 0 (decisive only),COMPATIBILITY_ONLY_NOT_PRODUCTION,9282.7313,8277.4501,-61.9547,886,737,0.00667418,-0.09708738,0.00862557,0.00667418,61.9547,9282.7313,OK,0.0000,-2.4782,4.0000,96.0000,AG03-UNRESOLVED,ALL5_LEVELS_bet23_to_bet27,-2.4782,-2.4782,-3.0977,0.0000,0.0000,4.000000,4.000000,5.000000,0.000000,0.000000,96.000000,96.000000,95.000000,100.000000,100.000000,5.0,-8.0541,-7.7121,-53.9006,-54.2425,PENDING_AG03,FALSE,NOT_FOR_ENFORCEMENT,-59.4765,7946.3521,-61.9547,-59.4765,-2.4782,-0.00667418,-0.00640722,-2.4782,-59.4765,-0.00640722,-2.4782,-2.4782,-3.0977,0.0000,0.0000,-59.4765,-0.00640722,-8.0541,-7.7121,-53.9006,-54.2425,-0.00580654,-0.00584338,-0.00026697,10.4771,11.2313,-0.0841,-2.1364,-0.2705,320.0942,25.4138,2.7638,11.0575,1.7027,8.3181,16.6362,33.2723,33.2723,33.2723,6.6545,-1.6636,4.0,4.0,1.25956,29,94,33,11,0.01845928,-0.00667418,0.09708738,0E-8,0.000000,0.891704,0.015801,-0.10571295,2026-04-04,2026-07-28,29,229,128,116,0.250000,0.249944,0.263789,0.061531,,,,,,,,GLOBAL_BASELINE_NO_ENTITY_RANKING,,,NOT_APPLICABLE_GLOBAL_BASELINE,HF9g-P5,,,,X 全窗基线 · 不参与实体赏罚,3924326,393,A168_HF9F_20260827_0900,2026-08-27 09:00:00
2026-07-23,145351320,1623,0,33.2723340541,26.6178672434,26.6178672434,0.7500000,10,4,0.30164708333333333,0.301647083333,1.9537228420707013,1.953722842072767,1.9537228420707013,3.3333E-13,ELIGIBLE,R03b_20260811_FULL_v1,L1_ELIGIBILITY,v2026-08-11,2026-03-21..2026-08-06,baccarat_bet02_101_all_pairs_incl_sentinel,round_win = game_pnl > 0 (decisive only),COMPATIBILITY_ONLY_NOT_PRODUCTION,9282.7313,8277.4501,-61.9547,886,737,0.00667418,-0.09708738,0.00862557,0.00667418,61.9547,9282.7313,OK,0.0000,-2.4782,4.0000,96.0000,AG03-UNRESOLVED,ALL5_LEVELS_bet23_to_bet27,-2.4782,-2.4782,-3.0977,0.0000,0.0000,4.000000,4.000000,5.000000,0.000000,0.000000,96.000000,96.000000,95.000000,100.000000,100.000000,5.0,-8.0541,-7.7121,-53.9006,-54.2425,PENDING_AG03,FALSE,NOT_FOR_ENFORCEMENT,-59.4765,7946.3521,-61.9547,-59.4765,-2.4782,-0.00667418,-0.00640722,-2.4782,-59.4765,-0.00640722,-2.4782,-2.4782,-3.0977,0.0000,0.0000,-59.4765,-0.00640722,-8.0541,-7.7121,-53.9006,-54.2425,-0.00580654,-0.00584338,-0.00026697,10.4771,11.2313,-0.0841,-2.1364,-0.2705,320.0942,25.4138,2.7638,11.0575,1.7027,8.3181,16.6362,33.2723,33.2723,33.2723,6.6545,-1.6636,4.0,4.0,1.25956,29,94,33,11,0.01845928,-0.00667418,0.09708738,0E-8,0.000000,0.891704,0.015801,-0.10571295,2026-04-04,2026-07-28,29,229,128,116,0.250000,0.249944,0.263789,0.061531,,,,,,,,GLOBAL_BASELINE_NO_ENTITY_RANKING,,,NOT_APPLICABLE_GLOBAL_BASELINE,HF9g-P5,,,,X 全窗基线 · 不参与实体赏罚,3924327,393,A168_HF9F_20260827_0900,2026-08-27 09:00:00
2026-07-23,145351320,2153,0,3.3272334054,3.3272334054,3.3272334054,1.0000000,1,1,0.49324550000000000,0.493245500000,1.01360149184955,1.01360149184955,1.01360149184955,0E-17,ELIGIBLE,R03b_20260811_FULL_v1,L1_ELIGIBILITY,v2026-08-11,2026-03-21..2026-08-06,baccarat_bet02_101_all_pairs_incl_sentinel,round_win = game_pnl > 0 (decisive only),COMPATIBILITY_ONLY_NOT_PRODUCTION,9282.7313,8277.4501,-61.9547,886,737,0.00667418,-0.09708738,0.00862557,0.00667418,61.9547,9282.7313,OK,0.0000,-2.4782,4.0000,96.0000,AG03-UNRESOLVED,ALL5_LEVELS_bet23_to_bet27,-2.4782,-2.4782,-3.0977,0.0000,0.0000,4.000000,4.000000,5.000000,0.000000,0.000000,96.000000,96.000000,95.000000,100.000000,100.000000,5.0,-8.0541,-7.7121,-53.9006,-54.2425,PENDING_AG03,FALSE,NOT_FOR_ENFORCEMENT,-59.4765,7946.3521,-61.9547,-59.4765,-2.4782,-0.00667418,-0.00640722,-2.4782,-59.4765,-0.00640722,-2.4782,-2.4782,-3.0977,0.0000,0.0000,-59.4765,-0.00640722,-8.0541,-7.7121,-53.9006,-54.2425,-0.00580654,-0.00584338,-0.00026697,10.4771,11.2313,-0.0841,-2.1364,-0.2705,320.0942,25.4138,2.7638,11.0575,1.7027,8.3181,16.6362,33.2723,33.2723,33.2723,6.6545,-1.6636,4.0,4.0,1.25956,29,94,33,11,0.01845928,-0.00667418,0.09708738,0E-8,0.000000,0.891704,0.015801,-0.10571295,2026-04-04,2026-07-28,29,229,128,116,0.250000,0.249944,0.263789,0.061531,,,,,,,,GLOBAL_BASELINE_NO_ENTITY_RANKING,,,NOT_APPLICABLE_GLOBAL_BASELINE,HF9g-P5,,,,X 全窗基线 · 不参与实体赏罚,3924328,393,A168_HF9F_20260827_0900,2026-08-27 09:00:00
2026-07-26,145351320,1109,0,3.3272334054,-3.3272334054,-3.3272334054,0E-7,1,1,0.49324550000000000,0.493245500000,-0.9865810262130424,-0.9865810262130424,-0.9865810262130424,0E-17,ELIGIBLE,R03b_20260811_FULL_v1,L1_ELIGIBILITY,v2026-08-11,2026-03-21..2026-08-06,baccarat_bet02_101_all_pairs_incl_sentinel,round_win = game_pnl > 0 (decisive only),COMPATIBILITY_ONLY_NOT_PRODUCTION,9282.7313,8277.4501,-61.9547,886,737,0.00667418,-0.09708738,0.00862557,0.00667418,61.9547,9282.7313,OK,0.0000,-2.4782,4.0000,96.0000,AG03-UNRESOLVED,ALL5_LEVELS_bet23_to_bet27,-2.4782,-2.4782,-3.0977,0.0000,0.0000,4.000000,4.000000,5.000000,0.000000,0.000000,96.000000,96.000000,95.000000,100.000000,100.000000,5.0,-8.0541,-7.7121,-53.9006,-54.2425,PENDING_AG03,FALSE,NOT_FOR_ENFORCEMENT,-59.4765,7946.3521,-61.9547,-59.4765,-2.4782,-0.00667418,-0.00640722,-2.4782,-59.4765,-0.00640722,-2.4782,-2.4782,-3.0977,0.0000,0.0000,-59.4765,-0.00640722,-8.0541,-7.7121,-53.9006,-54.2425,-0.00580654,-0.00584338,-0.00026697,10.4771,11.2313,-0.0841,-2.1364,-0.2705,320.0942,25.4138,2.7638,11.0575,1.7027,8.3181,16.6362,33.2723,33.2723,33.2723,6.6545,-1.6636,4.0,4.0,1.25956,29,94,33,11,0.01845928,-0.00667418,0.09708738,0E-8,0.000000,0.891704,0.015801,-0.10571295,2026-04-04,2026-07-28,29,229,128,116,0.250000,0.249944,0.263789,0.061531,,,,,,,,GLOBAL_BASELINE_NO_ENTITY_RANKING,,,NOT_APPLICABLE_GLOBAL_BASELINE,HF9g-P5,,,,X 全窗基线 · 不参与实体赏罚,3924329,393,A168_HF9F_20260827_0900,2026-08-27 09:00:00
2026-07-26,145351320,1221,0,6.6544668108,6.6544668108,6.6544668108,1.0000000,1,1,0.49324550000000000,0.493245500000,1.01360149184955,1.01360149184955,1.01360149184955,0E-17,ELIGIBLE,R03b_20260811_FULL_v1,L1_ELIGIBILITY,v2026-08-11,2026-03-21..2026-08-06,baccarat_bet02_101_all_pairs_incl_sentinel,round_win = game_pnl > 0 (decisive only),COMPATIBILITY_ONLY_NOT_PRODUCTION,9282.7313,8277.4501,-61.9547,886,737,0.00667418,-0.09708738,0.00862557,0.00667418,61.9547,9282.7313,OK,0.0000,-2.4782,4.0000,96.0000,AG03-UNRESOLVED,ALL5_LEVELS_bet23_to_bet27,-2.4782,-2.4782,-3.0977,0.0000,0.0000,4.000000,4.000000,5.000000,0.000000,0.000000,96.000000,96.000000,95.000000,100.000000,100.000000,5.0,-8.0541,-7.7121,-53.9006,-54.2425,PENDING_AG03,FALSE,NOT_FOR_ENFORCEMENT,-59.4765,7946.3521,-61.9547,-59.4765,-2.4782,-0.00667418,-0.00640722,-2.4782,-59.4765,-0.00640722,-2.4782,-2.4782,-3.0977,0.0000,0.0000,-59.4765,-0.00640722,-8.0541,-7.7121,-53.9006,-54.2425,-0.00580654,-0.00584338,-0.00026697,10.4771,11.2313,-0.0841,-2.1364,-0.2705,320.0942,25.4138,2.7638,11.0575,1.7027,8.3181,16.6362,33.2723,33.2723,33.2723,6.6545,-1.6636,4.0,4.0,1.25956,29,94,33,11,0.01845928,-0.00667418,0.09708738,0E-8,0.000000,0.891704,0.015801,-0.10571295,2026-04-04,2026-07-28,29,229,128,116,0.250000,0.249944,0.263789,0.061531,,,,,,,,GLOBAL_BASELINE_NO_ENTITY_RANKING,,,NOT_APPLICABLE_GLOBAL_BASELINE,HF9g-P5,,,,X 全窗基线 · 不参与实体赏罚,3924330,393,A168_HF9F_20260827_0900,2026-08-27 09:00:00
2026-07-26,145351320,1307,0,6.6544668108,-6.6544668108,-6.6544668108,0E-7,3,2,0.27674210000000000,0.249679175000,-0.8747944536839041,-0.8157980407583131,-0.8747944536839041,0.02706292500000000,ELIGIBLE,R03b_20260811_FULL_v1,L1_ELIGIBILITY,v2026-08-11,2026-03-21..2026-08-06,baccarat_bet02_101_all_pairs_incl_sentinel,round_win = game_pnl > 0 (decisive only),COMPATIBILITY_ONLY_NOT_PRODUCTION,9282.7313,8277.4501,-61.9547,886,737,0.00667418,-0.09708738,0.00862557,0.00667418,61.9547,9282.7313,OK,0.0000,-2.4782,4.0000,96.0000,AG03-UNRESOLVED,ALL5_LEVELS_bet23_to_bet27,-2.4782,-2.4782,-3.0977,0.0000,0.0000,4.000000,4.000000,5.000000,0.000000,0.000000,96.000000,96.000000,95.000000,100.000000,100.000000,5.0,-8.0541,-7.7121,-53.9006,-54.2425,PENDING_AG03,FALSE,NOT_FOR_ENFORCEMENT,-59.4765,7946.3521,-61.9547,-59.4765,-2.4782,-0.00667418,-0.00640722,-2.4782,-59.4765,-0.00640722,-2.4782,-2.4782,-3.0977,0.0000,0.0000,-59.4765,-0.00640722,-8.0541,-7.7121,-53.9006,-54.2425,-0.00580654,-0.00584338,-0.00026697,10.4771,11.2313,-0.0841,-2.1364,-0.2705,320.0942,25.4138,2.7638,11.0575,1.7027,8.3181,16.6362,33.2723,33.2723,33.2723,6.6545,-1.6636,4.0,4.0,1.25956,29,94,33,11,0.01845928,-0.00667418,0.09708738,0E-8,0.000000,0.891704,0.015801,-0.10571295,2026-04-04,2026-07-28,29,229,128,116,0.250000,0.249944,0.263789,0.061531,,,,,,,,GLOBAL_BASELINE_NO_ENTITY_RANKING,,,NOT_APPLICABLE_GLOBAL_BASELINE,HF9g-P5,,,,X 全窗基线 · 不参与实体赏罚,3924331,393,A168_HF9F_20260827_0900,2026-08-27 09:00:00
2026-07-26,145351320,1385,0,16.6361670270,-1.6636167027,-1.6636167027,0.5000000,7,4,0.34952002500000000,0.334073312500,0.631183604193316,0.7035778154151318,0.631183604193316,0.01544671250000000,ELIGIBLE,R03b_20260811_FULL_v1,L1_ELIGIBILITY,v2026-08-11,2026-03-21..2026-08-06,baccarat_bet02_101_all_pairs_incl_sentinel,round_win = game_pnl > 0 (decisive only),COMPATIBILITY_ONLY_NOT_PRODUCTION,9282.7313,8277.4501,-61.9547,886,737,0.00667418,-0.09708738,0.00862557,0.00667418,61.9547,9282.7313,OK,0.0000,-2.4782,4.0000,96.0000,AG03-UNRESOLVED,ALL5_LEVELS_bet23_to_bet27,-2.4782,-2.4782,-3.0977,0.0000,0.0000,4.000000,4.000000,5.000000,0.000000,0.000000,96.000000,96.000000,95.000000,100.000000,100.000000,5.0,-8.0541,-7.7121,-53.9006,-54.2425,PENDING_AG03,FALSE,NOT_FOR_ENFORCEMENT,-59.4765,7946.3521,-61.9547,-59.4765,-2.4782,-0.00667418,-0.00640722,-2.4782,-59.4765,-0.00640722,-2.4782,-2.4782,-3.0977,0.0000,0.0000,-59.4765,-0.00640722,-8.0541,-7.7121,-53.9006,-54.2425,-0.00580654,-0.00584338,-0.00026697,10.4771,11.2313,-0.0841,-2.1364,-0.2705,320.0942,25.4138,2.7638,11.0575,1.7027,8.3181,16.6362,33.2723,33.2723,33.2723,6.6545,-1.6636,4.0,4.0,1.25956,29,94,33,11,0.01845928,-0.00667418,0.09708738,0E-8,0.000000,0.891704,0.015801,-0.10571295,2026-04-04,2026-07-28,29,229,128,116,0.250000,0.249944,0.263789,0.061531,,,,,,,,GLOBAL_BASELINE_NO_ENTITY_RANKING,,,NOT_APPLICABLE_GLOBAL_BASELINE,HF9g-P5,,,,X 全窗基线 · 不参与实体赏罚,3924332,393,A168_HF9F_20260827_0900,2026-08-27 09:00:00
2026-07-26,145351320,1704,0,4.9908501081,3.3272334054,3.3272334054,0.5000000,2,2,0.32936825000000000,0.329368250000,0.5134426264306728,0.5134426264306728,0.5134426264306728,0E-17,ELIGIBLE,R03b_20260811_FULL_v1,L1_ELIGIBILITY,v2026-08-11,2026-03-21..2026-08-06,baccarat_bet02_101_all_pairs_incl_sentinel,round_win = game_pnl > 0 (decisive only),COMPATIBILITY_ONLY_NOT_PRODUCTION,9282.7313,8277.4501,-61.9547,886,737,0.00667418,-0.09708738,0.00862557,0.00667418,61.9547,9282.7313,OK,0.0000,-2.4782,4.0000,96.0000,AG03-UNRESOLVED,ALL5_LEVELS_bet23_to_bet27,-2.4782,-2.4782,-3.0977,0.0000,0.0000,4.000000,4.000000,5.000000,0.000000,0.000000,96.000000,96.000000,95.000000,100.000000,100.000000,5.0,-8.0541,-7.7121,-53.9006,-54.2425,PENDING_AG03,FALSE,NOT_FOR_ENFORCEMENT,-59.4765,7946.3521,-61.9547,-59.4765,-2.4782,-0.00667418,-0.00640722,-2.4782,-59.4765,-0.00640722,-2.4782,-2.4782,-3.0977,0.0000,0.0000,-59.4765,-0.00640722,-8.0541,-7.7121,-53.9006,-54.2425,-0.00580654,-0.00584338,-0.00026697,10.4771,11.2313,-0.0841,-2.1364,-0.2705,320.0942,25.4138,2.7638,11.0575,1.7027,8.3181,16.6362,33.2723,33.2723,33.2723,6.6545,-1.6636,4.0,4.0,1.25956,29,94,33,11,0.01845928,-0.00667418,0.09708738,0E-8,0.000000,0.891704,0.015801,-0.10571295,2026-04-04,2026-07-28,29,229,128,116,0.250000,0.249944,0.263789,0.061531,,,,,,,,GLOBAL_BASELINE_NO_ENTITY_RANKING,,,NOT_APPLICABLE_GLOBAL_BASELINE,HF9g-P5,,,,X 全窗基线 · 不参与实体赏罚,3924333,393,A168_HF9F_20260827_0900,2026-08-27 09:00:00
2026-07-26,145351320,1935,0,1.6636167027,-1.6636167027,-1.6636167027,0E-7,1,1,0.16549100000000000,0.165491000000,-0.44531946405150646,-0.44531946405150646,-0.44531946405150646,0E-17,ELIGIBLE,R03b_20260811_FULL_v1,L1_ELIGIBILITY,v2026-08-11,2026-03-21..2026-08-06,baccarat_bet02_101_all_pairs_incl_sentinel,round_win = game_pnl > 0 (decisive only),COMPATIBILITY_ONLY_NOT_PRODUCTION,9282.7313,8277.4501,-61.9547,886,737,0.00667418,-0.09708738,0.00862557,0.00667418,61.9547,9282.7313,OK,0.0000,-2.4782,4.0000,96.0000,AG03-UNRESOLVED,ALL5_LEVELS_bet23_to_bet27,-2.4782,-2.4782,-3.0977,0.0000,0.0000,4.000000,4.000000,5.000000,0.000000,0.000000,96.000000,96.000000,95.000000,100.000000,100.000000,5.0,-8.0541,-7.7121,-53.9006,-54.2425,PENDING_AG03,FALSE,NOT_FOR_ENFORCEMENT,-59.4765,7946.3521,-61.9547,-59.4765,-2.4782,-0.00667418,-0.00640722,-2.4782,-59.4765,-0.00640722,-2.4782,-2.4782,-3.0977,0.0000,0.0000,-59.4765,-0.00640722,-8.0541,-7.7121,-53.9006,-54.2425,-0.00580654,-0.00584338,-0.00026697,10.4771,11.2313,-0.0841,-2.1364,-0.2705,320.0942,25.4138,2.7638,11.0575,1.7027,8.3181,16.6362,33.2723,33.2723,33.2723,6.6545,-1.6636,4.0,4.0,1.25956,29,94,33,11,0.01845928,-0.00667418,0.09708738,0E-8,0.000000,0.891704,0.015801,-0.10571295,2026-04-04,2026-07-28,29,229,128,116,0.250000,0.249944,0.263789,0.061531,,,,,,,,GLOBAL_BASELINE_NO_ENTITY_RANKING,,,NOT_APPLICABLE_GLOBAL_BASELINE,HF9g-P5,,,,X 全窗基线 · 不参与实体赏罚,3924334,393,A168_HF9F_20260827_0900,2026-08-27 09:00:00
2026-07-26,145351320,1957,0,13.3089336216,6.6544668108,6.6544668108,0.7500000,4,4,0.49324550000000000,0.493245500000,1.0271117246678039,1.0271117246678039,1.0271117246678039,0E-17,ELIGIBLE,R03b_20260811_FULL_v1,L1_ELIGIBILITY,v2026-08-11,2026-03-21..2026-08-06,baccarat_bet02_101_all_pairs_incl_sentinel,round_win = game_pnl > 0 (decisive only),COMPATIBILITY_ONLY_NOT_PRODUCTION,9282.7313,8277.4501,-61.9547,886,737,0.00667418,-0.09708738,0.00862557,0.00667418,61.9547,9282.7313,OK,0.0000,-2.4782,4.0000,96.0000,AG03-UNRESOLVED,ALL5_LEVELS_bet23_to_bet27,-2.4782,-2.4782,-3.0977,0.0000,0.0000,4.000000,4.000000,5.000000,0.000000,0.000000,96.000000,96.000000,95.000000,100.000000,100.000000,5.0,-8.0541,-7.7121,-53.9006,-54.2425,PENDING_AG03,FALSE,NOT_FOR_ENFORCEMENT,-59.4765,7946.3521,-61.9547,-59.4765,-2.4782,-0.00667418,-0.00640722,-2.4782,-59.4765,-0.00640722,-2.4782,-2.4782,-3.0977,0.0000,0.0000,-59.4765,-0.00640722,-8.0541,-7.7121,-53.9006,-54.2425,-0.00580654,-0.00584338,-0.00026697,10.4771,11.2313,-0.0841,-2.1364,-0.2705,320.0942,25.4138,2.7638,11.0575,1.7027,8.3181,16.6362,33.2723,33.2723,33.2723,6.6545,-1.6636,4.0,4.0,1.25956,29,94,33,11,0.01845928,-0.00667418,0.09708738,0E-8,0.000000,0.891704,0.015801,-0.10571295,2026-04-04,2026-07-28,29,229,128,116,0.250000,0.249944,0.263789,0.061531,,,,,,,,GLOBAL_BASELINE_NO_ENTITY_RANKING,,,NOT_APPLICABLE_GLOBAL_BASELINE,HF9g-P5,,,,X 全窗基线 · 不参与实体赏罚,3924335,393,A168_HF9F_20260827_0900,2026-08-27 09:00:00
2026-07-26,145351320,2106,0,1.6636167027,1.6636167027,1.6636167027,1.0000000,1,1,0.29536350000000000,0.295363500000,1.5445577646569155,1.5445577646569155,1.5445577646569155,0E-17,ELIGIBLE,R03b_20260811_FULL_v1,L1_ELIGIBILITY,v2026-08-11,2026-03-21..2026-08-06,baccarat_bet02_101_all_pairs_incl_sentinel,round_win = game_pnl > 0 (decisive only),COMPATIBILITY_ONLY_NOT_PRODUCTION,9282.7313,8277.4501,-61.9547,886,737,0.00667418,-0.09708738,0.00862557,0.00667418,61.9547,9282.7313,OK,0.0000,-2.4782,4.0000,96.0000,AG03-UNRESOLVED,ALL5_LEVELS_bet23_to_bet27,-2.4782,-2.4782,-3.0977,0.0000,0.0000,4.000000,4.000000,5.000000,0.000000,0.000000,96.000000,96.000000,95.000000,100.000000,100.000000,5.0,-8.0541,-7.7121,-53.9006,-54.2425,PENDING_AG03,FALSE,NOT_FOR_ENFORCEMENT,-59.4765,7946.3521,-61.9547,-59.4765,-2.4782,-0.00667418,-0.00640722,-2.4782,-59.4765,-0.00640722,-2.4782,-2.4782,-3.0977,0.0000,0.0000,-59.4765,-0.00640722,-8.0541,-7.7121,-53.9006,-54.2425,-0.00580654,-0.00584338,-0.00026697,10.4771,11.2313,-0.0841,-2.1364,-0.2705,320.0942,25.4138,2.7638,11.0575,1.7027,8.3181,16.6362,33.2723,33.2723,33.2723,6.6545,-1.6636,4.0,4.0,1.25956,29,94,33,11,0.01845928,-0.00667418,0.09708738,0E-8,0.000000,0.891704,0.015801,-0.10571295,2026-04-04,2026-07-28,29,229,128,116,0.250000,0.249944,0.263789,0.061531,,,,,,,,GLOBAL_BASELINE_NO_ENTITY_RANKING,,,NOT_APPLICABLE_GLOBAL_BASELINE,HF9g-P5,,,,X 全窗基线 · 不参与实体赏罚,3924336,393,A168_HF9F_20260827_0900,2026-08-27 09:00:00
2026-07-26,145351320,2171,0,6.6544668108,-6.6544668108,-6.6544668108,0E-7,3,2,0.27524240000000000,0.248179475000,-0.8715178303934011,-0.8125326843470637,-0.8715178303934011,0.02706292500000000,ELIGIBLE,R03b_20260811_FULL_v1,L1_ELIGIBILITY,v2026-08-11,2026-03-21..2026-08-06,baccarat_bet02_101_all_pairs_incl_sentinel,round_win = game_pnl > 0 (decisive only),COMPATIBILITY_ONLY_NOT_PRODUCTION,9282.7313,8277.4501,-61.9547,886,737,0.00667418,-0.09708738,0.00862557,0.00667418,61.9547,9282.7313,OK,0.0000,-2.4782,4.0000,96.0000,AG03-UNRESOLVED,ALL5_LEVELS_bet23_to_bet27,-2.4782,-2.4782,-3.0977,0.0000,0.0000,4.000000,4.000000,5.000000,0.000000,0.000000,96.000000,96.000000,95.000000,100.000000,100.000000,5.0,-8.0541,-7.7121,-53.9006,-54.2425,PENDING_AG03,FALSE,NOT_FOR_ENFORCEMENT,-59.4765,7946.3521,-61.9547,-59.4765,-2.4782,-0.00667418,-0.00640722,-2.4782,-59.4765,-0.00640722,-2.4782,-2.4782,-3.0977,0.0000,0.0000,-59.4765,-0.00640722,-8.0541,-7.7121,-53.9006,-54.2425,-0.00580654,-0.00584338,-0.00026697,10.4771,11.2313,-0.0841,-2.1364,-0.2705,320.0942,25.4138,2.7638,11.0575,1.7027,8.3181,16.6362,33.2723,33.2723,33.2723,6.6545,-1.6636,4.0,4.0,1.25956,29,94,33,11,0.01845928,-0.00667418,0.09708738,0E-8,0.000000,0.891704,0.015801,-0.10571295,2026-04-04,2026-07-28,29,229,128,116,0.250000,0.249944,0.263789,0.061531,,,,,,,,GLOBAL_BASELINE_NO_ENTITY_RANKING,,,NOT_APPLICABLE_GLOBAL_BASELINE,HF9g-P5,,,,X 全窗基线 · 不参与实体赏罚,3924337,393,A168_HF9F_20260827_0900,2026-08-27 09:00:00
2026-07-26,145351320,2216,0,6.6544668108,-1.6636167027,-1.6636167027,0.5000000,3,3,0.31803333333333333,0.318033333333,0.5525720871939516,0.5525720871951183,0.5525720871939516,3.3333E-13,ELIGIBLE,R03b_20260811_FULL_v1,L1_ELIGIBILITY,v2026-08-11,2026-03-21..2026-08-06,baccarat_bet02_101_all_pairs_incl_sentinel,round_win = game_pnl > 0 (decisive only),COMPATIBILITY_ONLY_NOT_PRODUCTION,9282.7313,8277.4501,-61.9547,886,737,0.00667418,-0.09708738,0.00862557,0.00667418,61.9547,9282.7313,OK,0.0000,-2.4782,4.0000,96.0000,AG03-UNRESOLVED,ALL5_LEVELS_bet23_to_bet27,-2.4782,-2.4782,-3.0977,0.0000,0.0000,4.000000,4.000000,5.000000,0.000000,0.000000,96.000000,96.000000,95.000000,100.000000,100.000000,5.0,-8.0541,-7.7121,-53.9006,-54.2425,PENDING_AG03,FALSE,NOT_FOR_ENFORCEMENT,-59.4765,7946.3521,-61.9547,-59.4765,-2.4782,-0.00667418,-0.00640722,-2.4782,-59.4765,-0.00640722,-2.4782,-2.4782,-3.0977,0.0000,0.0000,-59.4765,-0.00640722,-8.0541,-7.7121,-53.9006,-54.2425,-0.00580654,-0.00584338,-0.00026697,10.4771,11.2313,-0.0841,-2.1364,-0.2705,320.0942,25.4138,2.7638,11.0575,1.7027,8.3181,16.6362,33.2723,33.2723,33.2723,6.6545,-1.6636,4.0,4.0,1.25956,29,94,33,11,0.01845928,-0.00667418,0.09708738,0E-8,0.000000,0.891704,0.015801,-0.10571295,2026-04-04,2026-07-28,29,229,128,116,0.250000,0.249944,0.263789,0.061531,,,,,,,,GLOBAL_BASELINE_NO_ENTITY_RANKING,,,NOT_APPLICABLE_GLOBAL_BASELINE,HF9g-P5,,,,X 全窗基线 · 不参与实体赏罚,3924338,393,A168_HF9F_20260827_0900,2026-08-27 09:00:00
2026-07-26,145351320,2254,0,3.3272334054,-3.3272334054,-3.3272334054,0E-7,1,1,0.49324550000000000,0.493245500000,-0.9865810262130424,-0.9865810262130424,-0.9865810262130424,0E-17,ELIGIBLE,R03b_20260811_FULL_v1,L1_ELIGIBILITY,v2026-08-11,2026-03-21..2026-08-06,baccarat_bet02_101_all_pairs_incl_sentinel,round_win = game_pnl > 0 (decisive only),COMPATIBILITY_ONLY_NOT_PRODUCTION,9282.7313,8277.4501,-61.9547,886,737,0.00667418,-0.09708738,0.00862557,0.00667418,61.9547,9282.7313,OK,0.0000,-2.4782,4.0000,96.0000,AG03-UNRESOLVED,ALL5_LEVELS_bet23_to_bet27,-2.4782,-2.4782,-3.0977,0.0000,0.0000,4.000000,4.000000,5.000000,0.000000,0.000000,96.000000,96.000000,95.000000,100.000000,100.000000,5.0,-8.0541,-7.7121,-53.9006,-54.2425,PENDING_AG03,FALSE,NOT_FOR_ENFORCEMENT,-59.4765,7946.3521,-61.9547,-59.4765,-2.4782,-0.00667418,-0.00640722,-2.4782,-59.4765,-0.00640722,-2.4782,-2.4782,-3.0977,0.0000,0.0000,-59.4765,-0.00640722,-8.0541,-7.7121,-53.9006,-54.2425,-0.00580654,-0.00584338,-0.00026697,10.4771,11.2313,-0.0841,-2.1364,-0.2705,320.0942,25.4138,2.7638,11.0575,1.7027,8.3181,16.6362,33.2723,33.2723,33.2723,6.6545,-1.6636,4.0,4.0,1.25956,29,94,33,11,0.01845928,-0.00667418,0.09708738,0E-8,0.000000,0.891704,0.015801,-0.10571295,2026-04-04,2026-07-28,29,229,128,116,0.250000,0.249944,0.263789,0.061531,,,,,,,,GLOBAL_BASELINE_NO_ENTITY_RANKING,,,NOT_APPLICABLE_GLOBAL_BASELINE,HF9g-P5,,,,X 全窗基线 · 不参与实体赏罚,3924339,393,A168_HF9F_20260827_0900,2026-08-27 09:00:00
2026-07-26,145351320,471,0,6.6544668108,0E-10,0E-10,0.3333333,3,3,0.31803333333333333,0.318033333333,0.05690286900677902,0.05690286900803463,0.05690286900677902,3.3333E-13,ELIGIBLE,R03b_20260811_FULL_v1,L1_ELIGIBILITY,v2026-08-11,2026-03-21..2026-08-06,baccarat_bet02_101_all_pairs_incl_sentinel,round_win = game_pnl > 0 (decisive only),COMPATIBILITY_ONLY_NOT_PRODUCTION,9282.7313,8277.4501,-61.9547,886,737,0.00667418,-0.09708738,0.00862557,0.00667418,61.9547,9282.7313,OK,0.0000,-2.4782,4.0000,96.0000,AG03-UNRESOLVED,ALL5_LEVELS_bet23_to_bet27,-2.4782,-2.4782,-3.0977,0.0000,0.0000,4.000000,4.000000,5.000000,0.000000,0.000000,96.000000,96.000000,95.000000,100.000000,100.000000,5.0,-8.0541,-7.7121,-53.9006,-54.2425,PENDING_AG03,FALSE,NOT_FOR_ENFORCEMENT,-59.4765,7946.3521,-61.9547,-59.4765,-2.4782,-0.00667418,-0.00640722,-2.4782,-59.4765,-0.00640722,-2.4782,-2.4782,-3.0977,0.0000,0.0000,-59.4765,-0.00640722,-8.0541,-7.7121,-53.9006,-54.2425,-0.00580654,-0.00584338,-0.00026697,10.4771,11.2313,-0.0841,-2.1364,-0.2705,320.0942,25.4138,2.7638,11.0575,1.7027,8.3181,16.6362,33.2723,33.2723,33.2723,6.6545,-1.6636,4.0,4.0,1.25956,29,94,33,11,0.01845928,-0.00667418,0.09708738,0E-8,0.000000,0.891704,0.015801,-0.10571295,2026-04-04,2026-07-28,29,229,128,116,0.250000,0.249944,0.263789,0.061531,,,,,,,,GLOBAL_BASELINE_NO_ENTITY_RANKING,,,NOT_APPLICABLE_GLOBAL_BASELINE,HF9g-P5,,,,X 全窗基线 · 不参与实体赏罚,3924340,393,A168_HF9F_20260827_0900,2026-08-27 09:00:00
2026-07-28,145351320,1363,0,3.3272334054,-3.3272334054,-3.3272334054,0E-7,1,1,0.49324550000000000,0.493245500000,-0.9865810262130424,-0.9865810262130424,-0.9865810262130424,0E-17,ELIGIBLE,R03b_20260811_FULL_v1,L1_ELIGIBILITY,v2026-08-11,2026-03-21..2026-08-06,baccarat_bet02_101_all_pairs_incl_sentinel,round_win = game_pnl > 0 (decisive only),COMPATIBILITY_ONLY_NOT_PRODUCTION,9282.7313,8277.4501,-61.9547,886,737,0.00667418,-0.09708738,0.00862557,0.00667418,61.9547,9282.7313,OK,0.0000,-2.4782,4.0000,96.0000,AG03-UNRESOLVED,ALL5_LEVELS_bet23_to_bet27,-2.4782,-2.4782,-3.0977,0.0000,0.0000,4.000000,4.000000,5.000000,0.000000,0.000000,96.000000,96.000000,95.000000,100.000000,100.000000,5.0,-8.0541,-7.7121,-53.9006,-54.2425,PENDING_AG03,FALSE,NOT_FOR_ENFORCEMENT,-59.4765,7946.3521,-61.9547,-59.4765,-2.4782,-0.00667418,-0.00640722,-2.4782,-59.4765,-0.00640722,-2.4782,-2.4782,-3.0977,0.0000,0.0000,-59.4765,-0.00640722,-8.0541,-7.7121,-53.9006,-54.2425,-0.00580654,-0.00584338,-0.00026697,10.4771,11.2313,-0.0841,-2.1364,-0.2705,320.0942,25.4138,2.7638,11.0575,1.7027,8.3181,16.6362,33.2723,33.2723,33.2723,6.6545,-1.6636,4.0,4.0,1.25956,29,94,33,11,0.01845928,-0.00667418,0.09708738,0E-8,0.000000,0.891704,0.015801,-0.10571295,2026-04-04,2026-07-28,29,229,128,116,0.250000,0.249944,0.263789,0.061531,,,,,,,,GLOBAL_BASELINE_NO_ENTITY_RANKING,,,NOT_APPLICABLE_GLOBAL_BASELINE,HF9g-P5,,,,X 全窗基线 · 不参与实体赏罚,3924341,393,A168_HF9F_20260827_0900,2026-08-27 09:00:00
2026-05-09,53041285,1325,0,93.3968431866,31.1322810622,31.1322810622,0.6666667,3,3,0.49324550000000000,0.493245500000,0.6008033672792107,0.6008033672792106,0.6008033672792107,0E-17,ELIGIBLE,R03b_20260811_FULL_v1,L1_ELIGIBILITY,v2026-08-11,2026-03-21..2026-08-06,baccarat_bet02_101_all_pairs_incl_sentinel,round_win = game_pnl > 0 (decisive only),COMPATIBILITY_ONLY_NOT_PRODUCTION,124.2192,124.2192,-61.9546,4,4,0.49875244,,0.49875244,0.49875244,61.9546,124.2192,THIN_EXPOSURE,0.0000,-2.4782,4.0000,96.0000,AG03-UNRESOLVED,ALL5_LEVELS_bet23_to_bet27,-2.4782,-2.4782,-2.4782,-3.7173,-3.7173,4.000000,4.000000,4.000000,6.000000,6.000000,96.000000,96.000000,96.000000,94.000000,94.000000,5.0,-14.8691,-13.5214,-47.0855,-48.4332,PENDING_AG03,FALSE,NOT_FOR_ENFORCEMENT,-59.4764,119.2504,-61.9546,-59.4764,-2.4782,-0.49875244,-0.47880235,-2.4782,-59.4764,-0.47880235,-2.4782,-2.4782,-2.4782,-3.7173,-3.7173,-59.4764,-0.47880235,-14.8691,-13.5214,-47.0855,-48.4332,-0.37905186,-0.38990108,-0.01995010,31.0548,31.0548,-15.4887,-30.9773,-30.9773,62.1096,2.0000,,31.0548,30.9773,31.1323,31.1323,31.1323,31.1323,31.1323,31.1323,30.9773,1.0,1.0,0.997511,2,2,2,1,0E-8,-0.49875244,,0E-8,0.000000,1.000000,0.000000,,2026-05-09,2026-06-01,2,2,2,24,0.083333,,,0.000000,,,,,,,,GLOBAL_BASELINE_NO_ENTITY_RANKING,,,NOT_APPLICABLE_GLOBAL_BASELINE,HF9g-P5,,,,X 全窗基线 · 不参与实体赏罚,3924342,393,A168_HF9F_20260827_0900,2026-08-27 09:00:00
2026-06-01,53041285,1942,0,30.8223400321,30.8223400321,30.8223400321,1.0000000,1,1,0.49324550000000000,0.493245500000,1.01360149184955,1.01360149184955,1.01360149184955,0E-17,ELIGIBLE,R03b_20260811_FULL_v1,L1_ELIGIBILITY,v2026-08-11,2026-03-21..2026-08-06,baccarat_bet02_101_all_pairs_incl_sentinel,round_win = game_pnl > 0 (decisive only),COMPATIBILITY_ONLY_NOT_PRODUCTION,124.2192,124.2192,-61.9546,4,4,0.49875244,,0.49875244,0.49875244,61.9546,124.2192,THIN_EXPOSURE,0.0000,-2.4782,4.0000,96.0000,AG03-UNRESOLVED,ALL5_LEVELS_bet23_to_bet27,-2.4782,-2.4782,-2.4782,-3.7173,-3.7173,4.000000,4.000000,4.000000,6.000000,6.000000,96.000000,96.000000,96.000000,94.000000,94.000000,5.0,-14.8691,-13.5214,-47.0855,-48.4332,PENDING_AG03,FALSE,NOT_FOR_ENFORCEMENT,-59.4764,119.2504,-61.9546,-59.4764,-2.4782,-0.49875244,-0.47880235,-2.4782,-59.4764,-0.47880235,-2.4782,-2.4782,-2.4782,-3.7173,-3.7173,-59.4764,-0.47880235,-14.8691,-13.5214,-47.0855,-48.4332,-0.37905186,-0.38990108,-0.01995010,31.0548,31.0548,-15.4887,-30.9773,-30.9773,62.1096,2.0000,,31.0548,30.9773,31.1323,31.1323,31.1323,31.1323,31.1323,31.1323,30.9773,1.0,1.0,0.997511,2,2,2,1,0E-8,-0.49875244,,0E-8,0.000000,1.000000,0.000000,,2026-05-09,2026-06-01,2,2,2,24,0.083333,,,0.000000,,,,,,,,GLOBAL_BASELINE_NO_ENTITY_RANKING,,,NOT_APPLICABLE_GLOBAL_BASELINE,HF9g-P5,,,,X 全窗基线 · 不参与实体赏罚,3924343,393,A168_HF9F_20260827_0900,2026-08-27 09:00:00
2026-04-03,136830380,2223,0,13.0879773840,13.0879773840,13.0879773840,1.0000000,1,1,0.49324550000000000,0.493245500000,1.01360149184955,1.01360149184955,1.01360149184955,0E-17,ELIGIBLE,R03b_20260811_FULL_v1,L1_ELIGIBILITY,v2026-08-11,2026-03-21..2026-08-06,baccarat_bet02_101_all_pairs_incl_sentinel,round_win = game_pnl > 0 (decisive only),COMPATIBILITY_ONLY_NOT_PRODUCTION,64.5190,64.5190,-61.9475,2,2,0.96014272,,0.96014272,0.96014272,61.9475,64.5190,THIN_EXPOSURE,0.0000,-2.4779,4.0000,96.0000,AG03-UNRESOLVED,ALL5_LEVELS_bet23_to_bet27,-2.4779,-2.4779,-3.0974,0.0000,0.0000,4.000000,4.000000,5.000000,0.000000,0.000000,96.000000,96.000000,95.000000,100.000000,100.000000,5.0,-8.0532,-7.7112,-53.8943,-54.2363,PENDING_AG03,FALSE,NOT_FOR_ENFORCEMENT,-59.4696,61.9383,-61.9475,-59.4696,-2.4779,-0.96014272,-0.92173701,-2.4779,-59.4696,-0.92173701,-2.4779,-2.4779,-3.0974,0.0000,0.0000,-59.4696,-0.92173701,-8.0532,-7.7112,-53.8943,-54.2363,-0.83532417,-0.84062416,-0.03840571,32.2595,32.2595,-30.9737,-30.9737,-30.9737,32.2595,1.0000,,32.2595,13.088,32.2595,51.4311,51.4311,51.4311,51.4311,32.2595,30.9737,1.594291,1.594291,1.0,2,2,2,2,0E-8,-0.96014272,,0E-8,0.000000,1.000000,0.000000,,2026-04-03,2026-06-22,2,2,2,81,0.024691,,,0.000000,,,,,,,,GLOBAL_BASELINE_NO_ENTITY_RANKING,,,NOT_APPLICABLE_GLOBAL_BASELINE,HF9g-P5,,,,X 全窗基线 · 不参与实体赏罚,3924344,393,A168_HF9F_20260827_0900,2026-08-27 09:00:00
2026-06-22,136830380,994,0,51.4310695091,48.8595160336,48.8595160336,1.0000000,1,1,0.50665070000000000,0.506650700000,0.9867858985152569,0.9867858985152569,0.9867858985152569,0E-17,ELIGIBLE,R03b_20260811_FULL_v1,L1_ELIGIBILITY,v2026-08-11,2026-03-21..2026-08-06,baccarat_bet02_101_all_pairs_incl_sentinel,round_win = game_pnl > 0 (decisive only),COMPATIBILITY_ONLY_NOT_PRODUCTION,64.5190,64.5190,-61.9475,2,2,0.96014272,,0.96014272,0.96014272,61.9475,64.5190,THIN_EXPOSURE,0.0000,-2.4779,4.0000,96.0000,AG03-UNRESOLVED,ALL5_LEVELS_bet23_to_bet27,-2.4779,-2.4779,-3.0974,0.0000,0.0000,4.000000,4.000000,5.000000,0.000000,0.000000,96.000000,96.000000,95.000000,100.000000,100.000000,5.0,-8.0532,-7.7112,-53.8943,-54.2363,PENDING_AG03,FALSE,NOT_FOR_ENFORCEMENT,-59.4696,61.9383,-61.9475,-59.4696,-2.4779,-0.96014272,-0.92173701,-2.4779,-59.4696,-0.92173701,-2.4779,-2.4779,-3.0974,0.0000,0.0000,-59.4696,-0.92173701,-8.0532,-7.7112,-53.8943,-54.2363,-0.83532417,-0.84062416,-0.03840571,32.2595,32.2595,-30.9737,-30.9737,-30.9737,32.2595,1.0000,,32.2595,13.088,32.2595,51.4311,51.4311,51.4311,51.4311,32.2595,30.9737,1.594291,1.594291,1.0,2,2,2,2,0E-8,-0.96014272,,0E-8,0.000000,1.000000,0.000000,,2026-04-03,2026-06-22,2,2,2,81,0.024691,,,0.000000,,,,,,,,GLOBAL_BASELINE_NO_ENTITY_RANKING,,,NOT_APPLICABLE_GLOBAL_BASELINE,HF9g-P5,,,,X 全窗基线 · 不参与实体赏罚,3924345,393,A168_HF9F_20260827_0900,2026-08-27 09:00:00
2026-06-20,151576035,2141,0,444.0000000000,281.3000000000,281.3000000000,0.8333333,7,7,0.50282064285714286,0.502820642857,1.6192006553726281,1.6192006553733256,1.6192006553726281,1.4286E-13,ELIGIBLE,R03b_20260811_FULL_v1,L1_ELIGIBILITY,v2026-08-11,2026-03-21..2026-08-06,baccarat_bet02_101_all_pairs_incl_sentinel,round_win = game_pnl > 0 (decisive only),COMPATIBILITY_ONLY_NOT_PRODUCTION,664.0000,614.0000,-61.3000,10,10,0.09231928,,0.09231928,0.09231928,61.3000,664.0000,THIN_EXPOSURE,0.0000,-1.8390,3.0000,97.0000,AG03-UNRESOLVED,ALL5_LEVELS_bet23_to_bet27,-1.8390,-1.8390,-1.8390,-1.8390,-1.8390,3.000000,3.000000,3.000000,3.000000,3.000000,97.000000,97.000000,97.000000,97.000000,97.000000,5.0,-9.1950,-8.6596,-52.1050,-52.6404,PENDING_AG03,FALSE,NOT_FOR_ENFORCEMENT,-59.4610,595.5800,-61.3000,-59.4610,-1.8390,-0.09231928,-0.08954970,-1.8390,-59.4610,-0.08954970,-1.8390,-1.8390,-1.8390,-1.8390,-1.8390,-59.4610,-0.08954970,-9.1950,-8.6596,-52.1050,-52.6404,-0.07847139,-0.0792777,-0.00276958,66.4000,61.4000,-6.1300,-20.4333,-15.3250,221.3333,3.3333,,66.4000,50.0,50.0,90.0,124.0,150.0,150.0,50.0,12.35,3.0,3.0,1.328,3,4,3,2,0E-8,-0.09231928,,0E-8,0.000000,0.924699,0.000000,,2026-06-20,2026-07-06,3,4,4,17,0.176471,,,0.000000,,,,,,,,GLOBAL_BASELINE_NO_ENTITY_RANKING,,,NOT_APPLICABLE_GLOBAL_BASELINE,HF9g-P5,,,,X 全窗基线 · 不参与实体赏罚,3924346,393,A168_HF9F_20260827_0900,2026-08-27 09:00:00
2026-07-04,151576035,2288,0,20.0000000000,-20.0000000000,-20.0000000000,0E-7,1,1,0.49324550000000000,0.493245500000,-0.9865810262130424,-0.9865810262130424,-0.9865810262130424,0E-17,ELIGIBLE,R03b_20260811_FULL_v1,L1_ELIGIBILITY,v2026-08-11,2026-03-21..2026-08-06,baccarat_bet02_101_all_pairs_incl_sentinel,round_win = game_pnl > 0 (decisive only),COMPATIBILITY_ONLY_NOT_PRODUCTION,664.0000,614.0000,-61.3000,10,10,0.09231928,,0.09231928,0.09231928,61.3000,664.0000,THIN_EXPOSURE,0.0000,-1.8390,3.0000,97.0000,AG03-UNRESOLVED,ALL5_LEVELS_bet23_to_bet27,-1.8390,-1.8390,-1.8390,-1.8390,-1.8390,3.000000,3.000000,3.000000,3.000000,3.000000,97.000000,97.000000,97.000000,97.000000,97.000000,5.0,-9.1950,-8.6596,-52.1050,-52.6404,PENDING_AG03,FALSE,NOT_FOR_ENFORCEMENT,-59.4610,595.5800,-61.3000,-59.4610,-1.8390,-0.09231928,-0.08954970,-1.8390,-59.4610,-0.08954970,-1.8390,-1.8390,-1.8390,-1.8390,-1.8390,-59.4610,-0.08954970,-9.1950,-8.6596,-52.1050,-52.6404,-0.07847139,-0.0792777,-0.00276958,66.4000,61.4000,-6.1300,-20.4333,-15.3250,221.3333,3.3333,,66.4000,50.0,50.0,90.0,124.0,150.0,150.0,50.0,12.35,3.0,3.0,1.328,3,4,3,2,0E-8,-0.09231928,,0E-8,0.000000,0.924699,0.000000,,2026-06-20,2026-07-06,3,4,4,17,0.176471,,,0.000000,,,,,,,,GLOBAL_BASELINE_NO_ENTITY_RANKING,,,NOT_APPLICABLE_GLOBAL_BASELINE,HF9g-P5,,,,X 全窗基线 · 不参与实体赏罚,3924347,393,A168_HF9F_20260827_0900,2026-08-27 09:00:00
2026-07-06,151576035,-1,1,150.0000000000,-150.0000000000,-150.0000000000,0E-7,1,1,0.49324550000000000,0.493245500000,-0.9865810262130424,-0.9865810262130424,-0.9865810262130424,0E-17,SENTINEL_DEALER,R03b_20260811_FULL_v1,L1_ELIGIBILITY,v2026-08-11,2026-03-21..2026-08-06,baccarat_bet02_101_all_pairs_incl_sentinel,round_win = game_pnl > 0 (decisive only),COMPATIBILITY_ONLY_NOT_PRODUCTION,664.0000,614.0000,-61.3000,10,10,0.09231928,,0.09231928,0.09231928,61.3000,664.0000,THIN_EXPOSURE,0.0000,-1.8390,3.0000,97.0000,AG03-UNRESOLVED,ALL5_LEVELS_bet23_to_bet27,-1.8390,-1.8390,-1.8390,-1.8390,-1.8390,3.000000,3.000000,3.000000,3.000000,3.000000,97.000000,97.000000,97.000000,97.000000,97.000000,5.0,-9.1950,-8.6596,-52.1050,-52.6404,PENDING_AG03,FALSE,NOT_FOR_ENFORCEMENT,-59.4610,595.5800,-61.3000,-59.4610,-1.8390,-0.09231928,-0.08954970,-1.8390,-59.4610,-0.08954970,-1.8390,-1.8390,-1.8390,-1.8390,-1.8390,-59.4610,-0.08954970,-9.1950,-8.6596,-52.1050,-52.6404,-0.07847139,-0.0792777,-0.00276958,66.4000,61.4000,-6.1300,-20.4333,-15.3250,221.3333,3.3333,,66.4000,50.0,50.0,90.0,124.0,150.0,150.0,50.0,12.35,3.0,3.0,1.328,3,4,3,2,0E-8,-0.09231928,,0E-8,0.000000,0.924699,0.000000,,2026-06-20,2026-07-06,3,4,4,17,0.176471,,,0.000000,,,,,,,,GLOBAL_BASELINE_NO_ENTITY_RANKING,,,NOT_APPLICABLE_GLOBAL_BASELINE,HF9g-P5,,,,X 全窗基线 · 不参与实体赏罚,3924348,393,A168_HF9F_20260827_0900,2026-08-27 09:00:00
2026-07-06,151576035,462,0,50.0000000000,-50.0000000000,-50.0000000000,0E-7,1,1,0.50665070000000000,0.506650700000,-1.013391052207602,-1.013391052207602,-1.013391052207602,0E-17,ELIGIBLE,R03b_20260811_FULL_v1,L1_ELIGIBILITY,v2026-08-11,2026-03-21..2026-08-06,baccarat_bet02_101_all_pairs_incl_sentinel,round_win = game_pnl > 0 (decisive only),COMPATIBILITY_ONLY_NOT_PRODUCTION,664.0000,614.0000,-61.3000,10,10,0.09231928,,0.09231928,0.09231928,61.3000,664.0000,THIN_EXPOSURE,0.0000,-1.8390,3.0000,97.0000,AG03-UNRESOLVED,ALL5_LEVELS_bet23_to_bet27,-1.8390,-1.8390,-1.8390,-1.8390,-1.8390,3.000000,3.000000,3.000000,3.000000,3.000000,97.000000,97.000000,97.000000,97.000000,97.000000,5.0,-9.1950,-8.6596,-52.1050,-52.6404,PENDING_AG03,FALSE,NOT_FOR_ENFORCEMENT,-59.4610,595.5800,-61.3000,-59.4610,-1.8390,-0.09231928,-0.08954970,-1.8390,-59.4610,-0.08954970,-1.8390,-1.8390,-1.8390,-1.8390,-1.8390,-59.4610,-0.08954970,-9.1950,-8.6596,-52.1050,-52.6404,-0.07847139,-0.0792777,-0.00276958,66.4000,61.4000,-6.1300,-20.4333,-15.3250,221.3333,3.3333,,66.4000,50.0,50.0,90.0,124.0,150.0,150.0,50.0,12.35,3.0,3.0,1.328,3,4,3,2,0E-8,-0.09231928,,0E-8,0.000000,0.924699,0.000000,,2026-06-20,2026-07-06,3,4,4,17,0.176471,,,0.000000,,,,,,,,GLOBAL_BASELINE_NO_ENTITY_RANKING,,,NOT_APPLICABLE_GLOBAL_BASELINE,HF9g-P5,,,,X 全窗基线 · 不参与实体赏罚,3924349,393,A168_HF9F_20260827_0900,2026-08-27 09:00:00
2026-06-14,151471093,2100,0,157.6362280454,61.9358654562,61.9358654562,0.6000000,5,5,0.50128862000000000,0.501288620000,0.4414521777673877,0.4414521777673877,0.4414521777673877,0E-17,ELIGIBLE,R03b_20260811_FULL_v1,L1_ELIGIBILITY,v2026-08-11,2026-03-21..2026-08-06,baccarat_bet02_101_all_pairs_incl_sentinel,round_win = game_pnl > 0 (decisive only),COMPATIBILITY_ONLY_NOT_PRODUCTION,196.2095,157.6362,-61.9359,6,6,0.31566186,,0.31566186,0.31566186,61.9359,196.2095,THIN_EXPOSURE,0.0000,-2.4774,4.0000,96.0000,AG03-UNRESOLVED,ALL5_LEVELS_bet23_to_bet27,-2.4774,-2.4774,-3.0968,-3.0968,-3.0968,4.000000,4.000000,5.000000,5.000000,5.000000,96.000000,96.000000,95.000000,95.000000,95.000000,5.0,-14.2452,-12.9968,-47.6906,-48.939,PENDING_AG03,FALSE,NOT_FOR_ENFORCEMENT,-59.4584,151.3308,-61.9359,-59.4584,-2.4774,-0.31566186,-0.30303539,-2.4774,-59.4584,-0.30303539,-2.4774,-2.4774,-3.0968,-3.0968,-3.0968,-59.4584,-0.30303539,-14.2452,-12.9968,-47.6906,-48.939,-0.24305963,-0.24942237,-0.01262647,32.7016,26.2727,-10.3226,-61.9359,-61.9359,196.2095,6.0000,,32.7016,23.144,36.0017,39.3448,47.908,48.8595,48.8595,28.2871,10.9934,1.357143,1.357143,0.908333,1,2,1,2,0E-8,-0.31566186,,0E-8,0.000000,0.803408,0.000000,,2026-06-14,2026-06-14,1,1,1,1,1.000000,,,0.000000,,,,,,,,GLOBAL_BASELINE_NO_ENTITY_RANKING,,,NOT_APPLICABLE_GLOBAL_BASELINE,HF9g-P5,,,,X 全窗基线 · 不参与实体赏罚,3924350,393,A168_HF9F_20260827_0900,2026-08-27 09:00:00
2026-06-14,151471093,2224,0,38.5733021318,0E-10,0E-10,,1,1,0.49324550000000000,0.493245500000,,,,0E-17,NO_DECISIVE_ROUND,R03b_20260811_FULL_v1,L1_ELIGIBILITY,v2026-08-11,2026-03-21..2026-08-06,baccarat_bet02_101_all_pairs_incl_sentinel,round_win = game_pnl > 0 (decisive only),COMPATIBILITY_ONLY_NOT_PRODUCTION,196.2095,157.6362,-61.9359,6,6,0.31566186,,0.31566186,0.31566186,61.9359,196.2095,THIN_EXPOSURE,0.0000,-2.4774,4.0000,96.0000,AG03-UNRESOLVED,ALL5_LEVELS_bet23_to_bet27,-2.4774,-2.4774,-3.0968,-3.0968,-3.0968,4.000000,4.000000,5.000000,5.000000,5.000000,96.000000,96.000000,95.000000,95.000000,95.000000,5.0,-14.2452,-12.9968,-47.6906,-48.939,PENDING_AG03,FALSE,NOT_FOR_ENFORCEMENT,-59.4584,151.3308,-61.9359,-59.4584,-2.4774,-0.31566186,-0.30303539,-2.4774,-59.4584,-0.30303539,-2.4774,-2.4774,-3.0968,-3.0968,-3.0968,-59.4584,-0.30303539,-14.2452,-12.9968,-47.6906,-48.939,-0.24305963,-0.24942237,-0.01262647,32.7016,26.2727,-10.3226,-61.9359,-61.9359,196.2095,6.0000,,32.7016,23.144,36.0017,39.3448,47.908,48.8595,48.8595,28.2871,10.9934,1.357143,1.357143,0.908333,1,2,1,2,0E-8,-0.31566186,,0E-8,0.000000,0.803408,0.000000,,2026-06-14,2026-06-14,1,1,1,1,1.000000,,,0.000000,,,,,,,,GLOBAL_BASELINE_NO_ENTITY_RANKING,,,NOT_APPLICABLE_GLOBAL_BASELINE,HF9g-P5,,,,X 全窗基线 · 不参与实体赏罚,3924351,393,A168_HF9F_20260827_0900,2026-08-27 09:00:00
2026-05-06,149660811,-1,1,36.8429246018,-36.8429246018,-36.8429246018,0E-7,3,3,0.49771390000000000,0.497713900000,-1.724149546644903,-1.724149546644903,-1.724149546644903,0E-17,SENTINEL_DEALER,R03b_20260811_FULL_v1,L1_ELIGIBILITY,v2026-08-11,2026-03-21..2026-08-06,baccarat_bet02_101_all_pairs_incl_sentinel,round_win = game_pnl > 0 (decisive only),COMPATIBILITY_ONLY_NOT_PRODUCTION,179.2849,160.6040,-61.2968,14,14,0.34189580,,0.34189580,0.34189580,61.2968,179.2849,THIN_EXPOSURE,0.0000,-1.8389,3.0000,97.0000,AG03-UNRESOLVED,ALL5_LEVELS_bet23_to_bet27,-1.8389,-1.8389,-1.8389,-2.4519,-2.4519,3.000000,3.000000,3.000000,4.000000,4.000000,97.000000,97.000000,97.000000,96.000000,96.000000,5.0,-10.4205,-9.7389,-50.8763,-51.5579,PENDING_AG03,FALSE,NOT_FOR_ENFORCEMENT,-59.4579,155.7859,-61.2968,-59.4579,-1.8389,-0.34189580,-0.33163893,-1.8389,-59.4579,-0.33163893,-1.8389,-1.8389,-1.8389,-2.4519,-2.4519,-59.4579,-0.33163893,-10.4205,-9.7389,-50.8763,-51.5579,-0.28377352,-0.28757521,-0.01025687,12.8061,11.4717,-4.3783,-30.6484,-7.6621,89.6425,7.0000,,12.8061,7.7837,14.6593,15.5674,17.3058,24.0257,25.9457,13.6215,4.4627,1.638938,1.769911,0.873578,8,5,1,2,0E-8,-0.34189580,,0E-8,0.000000,0.895803,0.000000,,2026-05-06,2026-05-16,2,8,8,11,0.181818,,,0.000000,,,,,,,,GLOBAL_BASELINE_NO_ENTITY_RANKING,,,NOT_APPLICABLE_GLOBAL_BASELINE,HF9g-P5,,,,X 全窗基线 · 不参与实体赏罚,3924352,393,A168_HF9F_20260827_0900,2026-08-27 09:00:00
2026-05-06,149660811,1330,0,30.0970369986,29.2797467698,29.2797467698,1.0000000,2,2,0.49994810000000000,0.499948100000,1.4143603653603398,1.4143603653603398,1.4143603653603398,0E-17,ELIGIBLE,R03b_20260811_FULL_v1,L1_ELIGIBILITY,v2026-08-11,2026-03-21..2026-08-06,baccarat_bet02_101_all_pairs_incl_sentinel,round_win = game_pnl > 0 (decisive only),COMPATIBILITY_ONLY_NOT_PRODUCTION,179.2849,160.6040,-61.2968,14,14,0.34189580,,0.34189580,0.34189580,61.2968,179.2849,THIN_EXPOSURE,0.0000,-1.8389,3.0000,97.0000,AG03-UNRESOLVED,ALL5_LEVELS_bet23_to_bet27,-1.8389,-1.8389,-1.8389,-2.4519,-2.4519,3.000000,3.000000,3.000000,4.000000,4.000000,97.000000,97.000000,97.000000,96.000000,96.000000,5.0,-10.4205,-9.7389,-50.8763,-51.5579,PENDING_AG03,FALSE,NOT_FOR_ENFORCEMENT,-59.4579,155.7859,-61.2968,-59.4579,-1.8389,-0.34189580,-0.33163893,-1.8389,-59.4579,-0.33163893,-1.8389,-1.8389,-1.8389,-2.4519,-2.4519,-59.4579,-0.33163893,-10.4205,-9.7389,-50.8763,-51.5579,-0.28377352,-0.28757521,-0.01025687,12.8061,11.4717,-4.3783,-30.6484,-7.6621,89.6425,7.0000,,12.8061,7.7837,14.6593,15.5674,17.3058,24.0257,25.9457,13.6215,4.4627,1.638938,1.769911,0.873578,8,5,1,2,0E-8,-0.34189580,,0E-8,0.000000,0.895803,0.000000,,2026-05-06,2026-05-16,2,8,8,11,0.181818,,,0.000000,,,,,,,,GLOBAL_BASELINE_NO_ENTITY_RANKING,,,NOT_APPLICABLE_GLOBAL_BASELINE,HF9g-P5,,,,X 全窗基线 · 不参与实体赏罚,3924353,393,A168_HF9F_20260827_0900,2026-08-27 09:00:00
2026-05-06,149660811,1396,0,25.9457215505,25.9457215505,25.9457215505,1.0000000,1,1,0.49324550000000000,0.493245500000,1.01360149184955,1.01360149184955,1.01360149184955,0E-17,ELIGIBLE,R03b_20260811_FULL_v1,L1_ELIGIBILITY,v2026-08-11,2026-03-21..2026-08-06,baccarat_bet02_101_all_pairs_incl_sentinel,round_win = game_pnl > 0 (decisive only),COMPATIBILITY_ONLY_NOT_PRODUCTION,179.2849,160.6040,-61.2968,14,14,0.34189580,,0.34189580,0.34189580,61.2968,179.2849,THIN_EXPOSURE,0.0000,-1.8389,3.0000,97.0000,AG03-UNRESOLVED,ALL5_LEVELS_bet23_to_bet27,-1.8389,-1.8389,-1.8389,-2.4519,-2.4519,3.000000,3.000000,3.000000,4.000000,4.000000,97.000000,97.000000,97.000000,96.000000,96.000000,5.0,-10.4205,-9.7389,-50.8763,-51.5579,PENDING_AG03,FALSE,NOT_FOR_ENFORCEMENT,-59.4579,155.7859,-61.2968,-59.4579,-1.8389,-0.34189580,-0.33163893,-1.8389,-59.4579,-0.33163893,-1.8389,-1.8389,-1.8389,-2.4519,-2.4519,-59.4579,-0.33163893,-10.4205,-9.7389,-50.8763,-51.5579,-0.28377352,-0.28757521,-0.01025687,12.8061,11.4717,-4.3783,-30.6484,-7.6621,89.6425,7.0000,,12.8061,7.7837,14.6593,15.5674,17.3058,24.0257,25.9457,13.6215,4.4627,1.638938,1.769911,0.873578,8,5,1,2,0E-8,-0.34189580,,0E-8,0.000000,0.895803,0.000000,,2026-05-06,2026-05-16,2,8,8,11,0.181818,,,0.000000,,,,,,,,GLOBAL_BASELINE_NO_ENTITY_RANKING,,,NOT_APPLICABLE_GLOBAL_BASELINE,HF9g-P5,,,,X 全窗基线 · 不参与实体赏罚,3924354,393,A168_HF9F_20260827_0900,2026-08-27 09:00:00
2026-05-06,149660811,1623,0,31.1348658606,30.3564942141,30.3564942141,1.0000000,2,2,0.49994810000000000,0.499948100000,1.4143603653603398,1.4143603653603398,1.4143603653603398,0E-17,ELIGIBLE,R03b_20260811_FULL_v1,L1_ELIGIBILITY,v2026-08-11,2026-03-21..2026-08-06,baccarat_bet02_101_all_pairs_incl_sentinel,round_win = game_pnl > 0 (decisive only),COMPATIBILITY_ONLY_NOT_PRODUCTION,179.2849,160.6040,-61.2968,14,14,0.34189580,,0.34189580,0.34189580,61.2968,179.2849,THIN_EXPOSURE,0.0000,-1.8389,3.0000,97.0000,AG03-UNRESOLVED,ALL5_LEVELS_bet23_to_bet27,-1.8389,-1.8389,-1.8389,-2.4519,-2.4519,3.000000,3.000000,3.000000,4.000000,4.000000,97.000000,97.000000,97.000000,96.000000,96.000000,5.0,-10.4205,-9.7389,-50.8763,-51.5579,PENDING_AG03,FALSE,NOT_FOR_ENFORCEMENT,-59.4579,155.7859,-61.2968,-59.4579,-1.8389,-0.34189580,-0.33163893,-1.8389,-59.4579,-0.33163893,-1.8389,-1.8389,-1.8389,-2.4519,-2.4519,-59.4579,-0.33163893,-10.4205,-9.7389,-50.8763,-51.5579,-0.28377352,-0.28757521,-0.01025687,12.8061,11.4717,-4.3783,-30.6484,-7.6621,89.6425,7.0000,,12.8061,7.7837,14.6593,15.5674,17.3058,24.0257,25.9457,13.6215,4.4627,1.638938,1.769911,0.873578,8,5,1,2,0E-8,-0.34189580,,0E-8,0.000000,0.895803,0.000000,,2026-05-06,2026-05-16,2,8,8,11,0.181818,,,0.000000,,,,,,,,GLOBAL_BASELINE_NO_ENTITY_RANKING,,,NOT_APPLICABLE_GLOBAL_BASELINE,HF9g-P5,,,,X 全窗基线 · 不参与实体赏罚,3924355,393,A168_HF9F_20260827_0900,2026-08-27 09:00:00
2026-05-06,149660811,2229,0,31.1348658606,15.5674329303,15.5674329303,1.0000000,2,2,0.49994810000000000,0.499948100000,1.0001038053877793,1.0001038053877793,1.0001038053877793,0E-17,ELIGIBLE,R03b_20260811_FULL_v1,L1_ELIGIBILITY,v2026-08-11,2026-03-21..2026-08-06,baccarat_bet02_101_all_pairs_incl_sentinel,round_win = game_pnl > 0 (decisive only),COMPATIBILITY_ONLY_NOT_PRODUCTION,179.2849,160.6040,-61.2968,14,14,0.34189580,,0.34189580,0.34189580,61.2968,179.2849,THIN_EXPOSURE,0.0000,-1.8389,3.0000,97.0000,AG03-UNRESOLVED,ALL5_LEVELS_bet23_to_bet27,-1.8389,-1.8389,-1.8389,-2.4519,-2.4519,3.000000,3.000000,3.000000,4.000000,4.000000,97.000000,97.000000,97.000000,96.000000,96.000000,5.0,-10.4205,-9.7389,-50.8763,-51.5579,PENDING_AG03,FALSE,NOT_FOR_ENFORCEMENT,-59.4579,155.7859,-61.2968,-59.4579,-1.8389,-0.34189580,-0.33163893,-1.8389,-59.4579,-0.33163893,-1.8389,-1.8389,-1.8389,-2.4519,-2.4519,-59.4579,-0.33163893,-10.4205,-9.7389,-50.8763,-51.5579,-0.28377352,-0.28757521,-0.01025687,12.8061,11.4717,-4.3783,-30.6484,-7.6621,89.6425,7.0000,,12.8061,7.7837,14.6593,15.5674,17.3058,24.0257,25.9457,13.6215,4.4627,1.638938,1.769911,0.873578,8,5,1,2,0E-8,-0.34189580,,0E-8,0.000000,0.895803,0.000000,,2026-05-06,2026-05-16,2,8,8,11,0.181818,,,0.000000,,,,,,,,GLOBAL_BASELINE_NO_ENTITY_RANKING,,,NOT_APPLICABLE_GLOBAL_BASELINE,HF9g-P5,,,,X 全窗基线 · 不参与实体赏罚,3924356,393,A168_HF9F_20260827_0900,2026-08-27 09:00:00
2026-05-16,149660811,-1,1,24.1295210420,-3.0097036998,-3.0097036998,0.6666667,4,4,0.50329940000000000,0.503299400000,0.5659331339966515,0.5659331339966515,0.5659331339966515,0E-17,SENTINEL_DEALER,R03b_20260811_FULL_v1,L1_ELIGIBILITY,v2026-08-11,2026-03-21..2026-08-06,baccarat_bet02_101_all_pairs_incl_sentinel,round_win = game_pnl > 0 (decisive only),COMPATIBILITY_ONLY_NOT_PRODUCTION,179.2849,160.6040,-61.2968,14,14,0.34189580,,0.34189580,0.34189580,61.2968,179.2849,THIN_EXPOSURE,0.0000,-1.8389,3.0000,97.0000,AG03-UNRESOLVED,ALL5_LEVELS_bet23_to_bet27,-1.8389,-1.8389,-1.8389,-2.4519,-2.4519,3.000000,3.000000,3.000000,4.000000,4.000000,97.000000,97.000000,97.000000,96.000000,96.000000,5.0,-10.4205,-9.7389,-50.8763,-51.5579,PENDING_AG03,FALSE,NOT_FOR_ENFORCEMENT,-59.4579,155.7859,-61.2968,-59.4579,-1.8389,-0.34189580,-0.33163893,-1.8389,-59.4579,-0.33163893,-1.8389,-1.8389,-1.8389,-2.4519,-2.4519,-59.4579,-0.33163893,-10.4205,-9.7389,-50.8763,-51.5579,-0.28377352,-0.28757521,-0.01025687,12.8061,11.4717,-4.3783,-30.6484,-7.6621,89.6425,7.0000,,12.8061,7.7837,14.6593,15.5674,17.3058,24.0257,25.9457,13.6215,4.4627,1.638938,1.769911,0.873578,8,5,1,2,0E-8,-0.34189580,,0E-8,0.000000,0.895803,0.000000,,2026-05-06,2026-05-16,2,8,8,11,0.181818,,,0.000000,,,,,,,,GLOBAL_BASELINE_NO_ENTITY_RANKING,,,NOT_APPLICABLE_GLOBAL_BASELINE,HF9g-P5,,,,X 全窗基线 · 不参与实体赏罚,3924357,393,A168_HF9F_20260827_0900,2026-08-27 09:00:00
2026-06-11,125914693,1400,0,36.5160593515,4.1016277933,4.1016277933,0.5000000,2,2,0.49994810000000000,0.499948100000,0.00014679536856514622,0.00014679536856514622,0.00014679536856514622,0E-17,ELIGIBLE,R03b_20260811_FULL_v1,L1_ELIGIBILITY,v2026-08-11,2026-03-21..2026-08-06,baccarat_bet02_101_all_pairs_incl_sentinel,round_win = game_pnl > 0 (decisive only),COMPATIBILITY_ONLY_NOT_PRODUCTION,1115.4410,1025.5951,-61.9335,67,67,0.05552373,-0.30879121,0.15273314,0.05552373,61.9335,1115.4410,OK,0.0000,-2.4773,4.0000,96.0000,AG03-UNRESOLVED,ALL5_LEVELS_bet23_to_bet27,-2.4773,-2.4773,-3.0967,-3.0967,-3.0967,4.000000,4.000000,5.000000,5.000000,5.000000,96.000000,96.000000,95.000000,95.000000,95.000000,5.0,-14.2447,-12.9963,-47.6888,-48.9371,PENDING_AG03,FALSE,NOT_FOR_ENFORCEMENT,-59.4561,984.5713,-61.9335,-59.4561,-2.4773,-0.05552373,-0.05330279,-2.4773,-59.4561,-0.05330279,-2.4773,-2.4773,-3.0967,-3.0967,-3.0967,-59.4561,-0.05330279,-14.2447,-12.9963,-47.6888,-48.9371,-0.04275328,-0.04387246,-0.00222095,16.6484,15.3074,-0.9244,-8.8476,-2.8152,159.3487,9.5714,18.0724,16.3055,12.9089,12.9089,23.236,25.8178,25.8178,36.8833,12.9089,2.84,2.0,2.857202,1.289683,8,26,4,2,0.21062681,-0.05552373,0.30879121,0E-8,0.000000,0.919453,0.000000,-0.46152434,2026-06-11,2026-07-25,7,22,22,45,0.155556,1.108362,1.085538,0.702089,,,,,,,,GLOBAL_BASELINE_NO_ENTITY_RANKING,,,NOT_APPLICABLE_GLOBAL_BASELINE,HF9g-P5,,,,X 全窗基线 · 不参与实体赏罚,3924358,393,A168_HF9F_20260827_0900,2026-08-27 09:00:00
2026-06-30,125914693,2130,0,25.8177781220,0E-10,0E-10,0.5000000,2,2,0.49994810000000000,0.499948100000,0.00014679536856514622,0.00014679536856514622,0.00014679536856514622,0E-17,ELIGIBLE,R03b_20260811_FULL_v1,L1_ELIGIBILITY,v2026-08-11,2026-03-21..2026-08-06,baccarat_bet02_101_all_pairs_incl_sentinel,round_win = game_pnl > 0 (decisive only),COMPATIBILITY_ONLY_NOT_PRODUCTION,1115.4410,1025.5951,-61.9335,67,67,0.05552373,-0.30879121,0.15273314,0.05552373,61.9335,1115.4410,OK,0.0000,-2.4773,4.0000,96.0000,AG03-UNRESOLVED,ALL5_LEVELS_bet23_to_bet27,-2.4773,-2.4773,-3.0967,-3.0967,-3.0967,4.000000,4.000000,5.000000,5.000000,5.000000,96.000000,96.000000,95.000000,95.000000,95.000000,5.0,-14.2447,-12.9963,-47.6888,-48.9371,PENDING_AG03,FALSE,NOT_FOR_ENFORCEMENT,-59.4561,984.5713,-61.9335,-59.4561,-2.4773,-0.05552373,-0.05330279,-2.4773,-59.4561,-0.05330279,-2.4773,-2.4773,-3.0967,-3.0967,-3.0967,-59.4561,-0.05330279,-14.2447,-12.9963,-47.6888,-48.9371,-0.04275328,-0.04387246,-0.00222095,16.6484,15.3074,-0.9244,-8.8476,-2.8152,159.3487,9.5714,18.0724,16.3055,12.9089,12.9089,23.236,25.8178,25.8178,36.8833,12.9089,2.84,2.0,2.857202,1.289683,8,26,4,2,0.21062681,-0.05552373,0.30879121,0E-8,0.000000,0.919453,0.000000,-0.46152434,2026-06-11,2026-07-25,7,22,22,45,0.155556,1.108362,1.085538,0.702089,,,,,,,,GLOBAL_BASELINE_NO_ENTITY_RANKING,,,NOT_APPLICABLE_GLOBAL_BASELINE,HF9g-P5,,,,X 全窗基线 · 不参与实体赏罚,3924359,393,A168_HF9F_20260827_0900,2026-08-27 09:00:00
2026-06-30,125914693,2177,0,12.9088890610,-12.9088890610,-12.9088890610,0E-7,1,1,0.49324550000000000,0.493245500000,-0.9865810262130424,-0.9865810262130424,-0.9865810262130424,0E-17,ELIGIBLE,R03b_20260811_FULL_v1,L1_ELIGIBILITY,v2026-08-11,2026-03-21..2026-08-06,baccarat_bet02_101_all_pairs_incl_sentinel,round_win = game_pnl > 0 (decisive only),COMPATIBILITY_ONLY_NOT_PRODUCTION,1115.4410,1025.5951,-61.9335,67,67,0.05552373,-0.30879121,0.15273314,0.05552373,61.9335,1115.4410,OK,0.0000,-2.4773,4.0000,96.0000,AG03-UNRESOLVED,ALL5_LEVELS_bet23_to_bet27,-2.4773,-2.4773,-3.0967,-3.0967,-3.0967,4.000000,4.000000,5.000000,5.000000,5.000000,96.000000,96.000000,95.000000,95.000000,95.000000,5.0,-14.2447,-12.9963,-47.6888,-48.9371,PENDING_AG03,FALSE,NOT_FOR_ENFORCEMENT,-59.4561,984.5713,-61.9335,-59.4561,-2.4773,-0.05552373,-0.05330279,-2.4773,-59.4561,-0.05330279,-2.4773,-2.4773,-3.0967,-3.0967,-3.0967,-59.4561,-0.05330279,-14.2447,-12.9963,-47.6888,-48.9371,-0.04275328,-0.04387246,-0.00222095,16.6484,15.3074,-0.9244,-8.8476,-2.8152,159.3487,9.5714,18.0724,16.3055,12.9089,12.9089,23.236,25.8178,25.8178,36.8833,12.9089,2.84,2.0,2.857202,1.289683,8,26,4,2,0.21062681,-0.05552373,0.30879121,0E-8,0.000000,0.919453,0.000000,-0.46152434,2026-06-11,2026-07-25,7,22,22,45,0.155556,1.108362,1.085538,0.702089,,,,,,,,GLOBAL_BASELINE_NO_ENTITY_RANKING,,,NOT_APPLICABLE_GLOBAL_BASELINE,HF9g-P5,,,,X 全窗基线 · 不参与实体赏罚,3924360,393,A168_HF9F_20260827_0900,2026-08-27 09:00:00
2026-06-30,125914693,2261,0,51.6355562440,50.3446673380,50.3446673380,1.0000000,4,4,0.49994810000000000,0.499948100000,2.0002076107755586,2.0002076107755586,2.0002076107755586,0E-17,ELIGIBLE,R03b_20260811_FULL_v1,L1_ELIGIBILITY,v2026-08-11,2026-03-21..2026-08-06,baccarat_bet02_101_all_pairs_incl_sentinel,round_win = game_pnl > 0 (decisive only),COMPATIBILITY_ONLY_NOT_PRODUCTION,1115.4410,1025.5951,-61.9335,67,67,0.05552373,-0.30879121,0.15273314,0.05552373,61.9335,1115.4410,OK,0.0000,-2.4773,4.0000,96.0000,AG03-UNRESOLVED,ALL5_LEVELS_bet23_to_bet27,-2.4773,-2.4773,-3.0967,-3.0967,-3.0967,4.000000,4.000000,5.000000,5.000000,5.000000,96.000000,96.000000,95.000000,95.000000,95.000000,5.0,-14.2447,-12.9963,-47.6888,-48.9371,PENDING_AG03,FALSE,NOT_FOR_ENFORCEMENT,-59.4561,984.5713,-61.9335,-59.4561,-2.4773,-0.05552373,-0.05330279,-2.4773,-59.4561,-0.05330279,-2.4773,-2.4773,-3.0967,-3.0967,-3.0967,-59.4561,-0.05330279,-14.2447,-12.9963,-47.6888,-48.9371,-0.04275328,-0.04387246,-0.00222095,16.6484,15.3074,-0.9244,-8.8476,-2.8152,159.3487,9.5714,18.0724,16.3055,12.9089,12.9089,23.236,25.8178,25.8178,36.8833,12.9089,2.84,2.0,2.857202,1.289683,8,26,4,2,0.21062681,-0.05552373,0.30879121,0E-8,0.000000,0.919453,0.000000,-0.46152434,2026-06-11,2026-07-25,7,22,22,45,0.155556,1.108362,1.085538,0.702089,,,,,,,,GLOBAL_BASELINE_NO_ENTITY_RANKING,,,NOT_APPLICABLE_GLOBAL_BASELINE,HF9g-P5,,,,X 全窗基线 · 不参与实体赏罚,3924361,393,A168_HF9F_20260827_0900,2026-08-27 09:00:00
2026-06-30,125914693,925,0,12.1343557173,-12.1343557173,-12.1343557173,0E-7,1,1,0.50665070000000000,0.506650700000,-1.013391052207602,-1.013391052207602,-1.013391052207602,0E-17,ELIGIBLE,R03b_20260811_FULL_v1,L1_ELIGIBILITY,v2026-08-11,2026-03-21..2026-08-06,baccarat_bet02_101_all_pairs_incl_sentinel,round_win = game_pnl > 0 (decisive only),COMPATIBILITY_ONLY_NOT_PRODUCTION,1115.4410,1025.5951,-61.9335,67,67,0.05552373,-0.30879121,0.15273314,0.05552373,61.9335,1115.4410,OK,0.0000,-2.4773,4.0000,96.0000,AG03-UNRESOLVED,ALL5_LEVELS_bet23_to_bet27,-2.4773,-2.4773,-3.0967,-3.0967,-3.0967,4.000000,4.000000,5.000000,5.000000,5.000000,96.000000,96.000000,95.000000,95.000000,95.000000,5.0,-14.2447,-12.9963,-47.6888,-48.9371,PENDING_AG03,FALSE,NOT_FOR_ENFORCEMENT,-59.4561,984.5713,-61.9335,-59.4561,-2.4773,-0.05552373,-0.05330279,-2.4773,-59.4561,-0.05330279,-2.4773,-2.4773,-3.0967,-3.0967,-3.0967,-59.4561,-0.05330279,-14.2447,-12.9963,-47.6888,-48.9371,-0.04275328,-0.04387246,-0.00222095,16.6484,15.3074,-0.9244,-8.8476,-2.8152,159.3487,9.5714,18.0724,16.3055,12.9089,12.9089,23.236,25.8178,25.8178,36.8833,12.9089,2.84,2.0,2.857202,1.289683,8,26,4,2,0.21062681,-0.05552373,0.30879121,0E-8,0.000000,0.919453,0.000000,-0.46152434,2026-06-11,2026-07-25,7,22,22,45,0.155556,1.108362,1.085538,0.702089,,,,,,,,GLOBAL_BASELINE_NO_ENTITY_RANKING,,,NOT_APPLICABLE_GLOBAL_BASELINE,HF9g-P5,,,,X 全窗基线 · 不参与实体赏罚,3924362,393,A168_HF9F_20260827_0900,2026-08-27 09:00:00
2026-07-01,125914693,1306,0,64.5444453050,-25.8177781220,-25.8177781220,0.3333333,4,4,0.49994810000000000,0.499948100000,-0.5771704854251445,-0.5771704854251445,-0.5771704854251445,0E-17,ELIGIBLE,R03b_20260811_FULL_v1,L1_ELIGIBILITY,v2026-08-11,2026-03-21..2026-08-06,baccarat_bet02_101_all_pairs_incl_sentinel,round_win = game_pnl > 0 (decisive only),COMPATIBILITY_ONLY_NOT_PRODUCTION,1115.4410,1025.5951,-61.9335,67,67,0.05552373,-0.30879121,0.15273314,0.05552373,61.9335,1115.4410,OK,0.0000,-2.4773,4.0000,96.0000,AG03-UNRESOLVED,ALL5_LEVELS_bet23_to_bet27,-2.4773,-2.4773,-3.0967,-3.0967,-3.0967,4.000000,4.000000,5.000000,5.000000,5.000000,96.000000,96.000000,95.000000,95.000000,95.000000,5.0,-14.2447,-12.9963,-47.6888,-48.9371,PENDING_AG03,FALSE,NOT_FOR_ENFORCEMENT,-59.4561,984.5713,-61.9335,-59.4561,-2.4773,-0.05552373,-0.05330279,-2.4773,-59.4561,-0.05330279,-2.4773,-2.4773,-3.0967,-3.0967,-3.0967,-59.4561,-0.05330279,-14.2447,-12.9963,-47.6888,-48.9371,-0.04275328,-0.04387246,-0.00222095,16.6484,15.3074,-0.9244,-8.8476,-2.8152,159.3487,9.5714,18.0724,16.3055,12.9089,12.9089,23.236,25.8178,25.8178,36.8833,12.9089,2.84,2.0,2.857202,1.289683,8,26,4,2,0.21062681,-0.05552373,0.30879121,0E-8,0.000000,0.919453,0.000000,-0.46152434,2026-06-11,2026-07-25,7,22,22,45,0.155556,1.108362,1.085538,0.702089,,,,,,,,GLOBAL_BASELINE_NO_ENTITY_RANKING,,,NOT_APPLICABLE_GLOBAL_BASELINE,HF9g-P5,,,,X 全窗基线 · 不参与实体赏罚,3924363,393,A168_HF9F_20260827_0900,2026-08-27 09:00:00
2026-07-01,125914693,1307,0,215.3202695375,-9.8882090206,-9.8882090206,0.5454545,11,11,0.50055742727272727,0.500557427273,0.2978139754313191,0.2978139754295102,0.2978139754313191,-2.7273E-13,ELIGIBLE,R03b_20260811_FULL_v1,L1_ELIGIBILITY,v2026-08-11,2026-03-21..2026-08-06,baccarat_bet02_101_all_pairs_incl_sentinel,round_win = game_pnl > 0 (decisive only),COMPATIBILITY_ONLY_NOT_PRODUCTION,1115.4410,1025.5951,-61.9335,67,67,0.05552373,-0.30879121,0.15273314,0.05552373,61.9335,1115.4410,OK,0.0000,-2.4773,4.0000,96.0000,AG03-UNRESOLVED,ALL5_LEVELS_bet23_to_bet27,-2.4773,-2.4773,-3.0967,-3.0967,-3.0967,4.000000,4.000000,5.000000,5.000000,5.000000,96.000000,96.000000,95.000000,95.000000,95.000000,5.0,-14.2447,-12.9963,-47.6888,-48.9371,PENDING_AG03,FALSE,NOT_FOR_ENFORCEMENT,-59.4561,984.5713,-61.9335,-59.4561,-2.4773,-0.05552373,-0.05330279,-2.4773,-59.4561,-0.05330279,-2.4773,-2.4773,-3.0967,-3.0967,-3.0967,-59.4561,-0.05330279,-14.2447,-12.9963,-47.6888,-48.9371,-0.04275328,-0.04387246,-0.00222095,16.6484,15.3074,-0.9244,-8.8476,-2.8152,159.3487,9.5714,18.0724,16.3055,12.9089,12.9089,23.236,25.8178,25.8178,36.8833,12.9089,2.84,2.0,2.857202,1.289683,8,26,4,2,0.21062681,-0.05552373,0.30879121,0E-8,0.000000,0.919453,0.000000,-0.46152434,2026-06-11,2026-07-25,7,22,22,45,0.155556,1.108362,1.085538,0.702089,,,,,,,,GLOBAL_BASELINE_NO_ENTITY_RANKING,,,NOT_APPLICABLE_GLOBAL_BASELINE,HF9g-P5,,,,X 全窗基线 · 不参与实体赏罚,3924364,393,A168_HF9F_20260827_0900,2026-08-27 09:00:00
2026-07-01,125914693,1331,0,25.8177781220,0E-10,0E-10,0.5000000,2,2,0.49994810000000000,0.499948100000,0.00014679536856514622,0.00014679536856514622,0.00014679536856514622,0E-17,ELIGIBLE,R03b_20260811_FULL_v1,L1_ELIGIBILITY,v2026-08-11,2026-03-21..2026-08-06,baccarat_bet02_101_all_pairs_incl_sentinel,round_win = game_pnl > 0 (decisive only),COMPATIBILITY_ONLY_NOT_PRODUCTION,1115.4410,1025.5951,-61.9335,67,67,0.05552373,-0.30879121,0.15273314,0.05552373,61.9335,1115.4410,OK,0.0000,-2.4773,4.0000,96.0000,AG03-UNRESOLVED,ALL5_LEVELS_bet23_to_bet27,-2.4773,-2.4773,-3.0967,-3.0967,-3.0967,4.000000,4.000000,5.000000,5.000000,5.000000,96.000000,96.000000,95.000000,95.000000,95.000000,5.0,-14.2447,-12.9963,-47.6888,-48.9371,PENDING_AG03,FALSE,NOT_FOR_ENFORCEMENT,-59.4561,984.5713,-61.9335,-59.4561,-2.4773,-0.05552373,-0.05330279,-2.4773,-59.4561,-0.05330279,-2.4773,-2.4773,-3.0967,-3.0967,-3.0967,-59.4561,-0.05330279,-14.2447,-12.9963,-47.6888,-48.9371,-0.04275328,-0.04387246,-0.00222095,16.6484,15.3074,-0.9244,-8.8476,-2.8152,159.3487,9.5714,18.0724,16.3055,12.9089,12.9089,23.236,25.8178,25.8178,36.8833,12.9089,2.84,2.0,2.857202,1.289683,8,26,4,2,0.21062681,-0.05552373,0.30879121,0E-8,0.000000,0.919453,0.000000,-0.46152434,2026-06-11,2026-07-25,7,22,22,45,0.155556,1.108362,1.085538,0.702089,,,,,,,,GLOBAL_BASELINE_NO_ENTITY_RANKING,,,NOT_APPLICABLE_GLOBAL_BASELINE,HF9g-P5,,,,X 全窗基线 · 不参与实体赏罚,3924365,393,A168_HF9F_20260827_0900,2026-08-27 09:00:00
2026-07-01,125914693,1710,0,9.0362223427,9.0362223427,9.0362223427,1.0000000,1,1,0.49324550000000000,0.493245500000,1.01360149184955,1.01360149184955,1.01360149184955,0E-17,ELIGIBLE,R03b_20260811_FULL_v1,L1_ELIGIBILITY,v2026-08-11,2026-03-21..2026-08-06,baccarat_bet02_101_all_pairs_incl_sentinel,round_win = game_pnl > 0 (decisive only),COMPATIBILITY_ONLY_NOT_PRODUCTION,1115.4410,1025.5951,-61.9335,67,67,0.05552373,-0.30879121,0.15273314,0.05552373,61.9335,1115.4410,OK,0.0000,-2.4773,4.0000,96.0000,AG03-UNRESOLVED,ALL5_LEVELS_bet23_to_bet27,-2.4773,-2.4773,-3.0967,-3.0967,-3.0967,4.000000,4.000000,5.000000,5.000000,5.000000,96.000000,96.000000,95.000000,95.000000,95.000000,5.0,-14.2447,-12.9963,-47.6888,-48.9371,PENDING_AG03,FALSE,NOT_FOR_ENFORCEMENT,-59.4561,984.5713,-61.9335,-59.4561,-2.4773,-0.05552373,-0.05330279,-2.4773,-59.4561,-0.05330279,-2.4773,-2.4773,-3.0967,-3.0967,-3.0967,-59.4561,-0.05330279,-14.2447,-12.9963,-47.6888,-48.9371,-0.04275328,-0.04387246,-0.00222095,16.6484,15.3074,-0.9244,-8.8476,-2.8152,159.3487,9.5714,18.0724,16.3055,12.9089,12.9089,23.236,25.8178,25.8178,36.8833,12.9089,2.84,2.0,2.857202,1.289683,8,26,4,2,0.21062681,-0.05552373,0.30879121,0E-8,0.000000,0.919453,0.000000,-0.46152434,2026-06-11,2026-07-25,7,22,22,45,0.155556,1.108362,1.085538,0.702089,,,,,,,,GLOBAL_BASELINE_NO_ENTITY_RANKING,,,NOT_APPLICABLE_GLOBAL_BASELINE,HF9g-P5,,,,X 全窗基线 · 不参与实体赏罚,3924366,393,A168_HF9F_20260827_0900,2026-08-27 09:00:00
2026-07-01,125914693,2101,0,69.4498231482,19.6215113727,19.6215113727,0.6666667,4,4,0.49659680000000000,0.496596800000,0.5891529468324541,0.589152946832454,0.5891529468324541,0E-17,ELIGIBLE,R03b_20260811_FULL_v1,L1_ELIGIBILITY,v2026-08-11,2026-03-21..2026-08-06,baccarat_bet02_101_all_pairs_incl_sentinel,round_win = game_pnl > 0 (decisive only),COMPATIBILITY_ONLY_NOT_PRODUCTION,1115.4410,1025.5951,-61.9335,67,67,0.05552373,-0.30879121,0.15273314,0.05552373,61.9335,1115.4410,OK,0.0000,-2.4773,4.0000,96.0000,AG03-UNRESOLVED,ALL5_LEVELS_bet23_to_bet27,-2.4773,-2.4773,-3.0967,-3.0967,-3.0967,4.000000,4.000000,5.000000,5.000000,5.000000,96.000000,96.000000,95.000000,95.000000,95.000000,5.0,-14.2447,-12.9963,-47.6888,-48.9371,PENDING_AG03,FALSE,NOT_FOR_ENFORCEMENT,-59.4561,984.5713,-61.9335,-59.4561,-2.4773,-0.05552373,-0.05330279,-2.4773,-59.4561,-0.05330279,-2.4773,-2.4773,-3.0967,-3.0967,-3.0967,-59.4561,-0.05330279,-14.2447,-12.9963,-47.6888,-48.9371,-0.04275328,-0.04387246,-0.00222095,16.6484,15.3074,-0.9244,-8.8476,-2.8152,159.3487,9.5714,18.0724,16.3055,12.9089,12.9089,23.236,25.8178,25.8178,36.8833,12.9089,2.84,2.0,2.857202,1.289683,8,26,4,2,0.21062681,-0.05552373,0.30879121,0E-8,0.000000,0.919453,0.000000,-0.46152434,2026-06-11,2026-07-25,7,22,22,45,0.155556,1.108362,1.085538,0.702089,,,,,,,,GLOBAL_BASELINE_NO_ENTITY_RANKING,,,NOT_APPLICABLE_GLOBAL_BASELINE,HF9g-P5,,,,X 全窗基线 · 不参与实体赏罚,3924367,393,A168_HF9F_20260827_0900,2026-08-27 09:00:00
2026-07-01,125914693,2145,0,23.2360003098,23.2360003098,23.2360003098,1.0000000,1,1,0.49324550000000000,0.493245500000,1.01360149184955,1.01360149184955,1.01360149184955,0E-17,ELIGIBLE,R03b_20260811_FULL_v1,L1_ELIGIBILITY,v2026-08-11,2026-03-21..2026-08-06,baccarat_bet02_101_all_pairs_incl_sentinel,round_win = game_pnl > 0 (decisive only),COMPATIBILITY_ONLY_NOT_PRODUCTION,1115.4410,1025.5951,-61.9335,67,67,0.05552373,-0.30879121,0.15273314,0.05552373,61.9335,1115.4410,OK,0.0000,-2.4773,4.0000,96.0000,AG03-UNRESOLVED,ALL5_LEVELS_bet23_to_bet27,-2.4773,-2.4773,-3.0967,-3.0967,-3.0967,4.000000,4.000000,5.000000,5.000000,5.000000,96.000000,96.000000,95.000000,95.000000,95.000000,5.0,-14.2447,-12.9963,-47.6888,-48.9371,PENDING_AG03,FALSE,NOT_FOR_ENFORCEMENT,-59.4561,984.5713,-61.9335,-59.4561,-2.4773,-0.05552373,-0.05330279,-2.4773,-59.4561,-0.05330279,-2.4773,-2.4773,-3.0967,-3.0967,-3.0967,-59.4561,-0.05330279,-14.2447,-12.9963,-47.6888,-48.9371,-0.04275328,-0.04387246,-0.00222095,16.6484,15.3074,-0.9244,-8.8476,-2.8152,159.3487,9.5714,18.0724,16.3055,12.9089,12.9089,23.236,25.8178,25.8178,36.8833,12.9089,2.84,2.0,2.857202,1.289683,8,26,4,2,0.21062681,-0.05552373,0.30879121,0E-8,0.000000,0.919453,0.000000,-0.46152434,2026-06-11,2026-07-25,7,22,22,45,0.155556,1.108362,1.085538,0.702089,,,,,,,,GLOBAL_BASELINE_NO_ENTITY_RANKING,,,NOT_APPLICABLE_GLOBAL_BASELINE,HF9g-P5,,,,X 全窗基线 · 不参与实体赏罚,3924368,393,A168_HF9F_20260827_0900,2026-08-27 09:00:00
2026-07-01,125914693,2251,0,65.3189786487,0E-10,0E-10,0.3333333,4,4,0.49659680000000000,0.496596800000,-0.5655743394288276,-0.5655743394288276,-0.5655743394288276,0E-17,ELIGIBLE,R03b_20260811_FULL_v1,L1_ELIGIBILITY,v2026-08-11,2026-03-21..2026-08-06,baccarat_bet02_101_all_pairs_incl_sentinel,round_win = game_pnl > 0 (decisive only),COMPATIBILITY_ONLY_NOT_PRODUCTION,1115.4410,1025.5951,-61.9335,67,67,0.05552373,-0.30879121,0.15273314,0.05552373,61.9335,1115.4410,OK,0.0000,-2.4773,4.0000,96.0000,AG03-UNRESOLVED,ALL5_LEVELS_bet23_to_bet27,-2.4773,-2.4773,-3.0967,-3.0967,-3.0967,4.000000,4.000000,5.000000,5.000000,5.000000,96.000000,96.000000,95.000000,95.000000,95.000000,5.0,-14.2447,-12.9963,-47.6888,-48.9371,PENDING_AG03,FALSE,NOT_FOR_ENFORCEMENT,-59.4561,984.5713,-61.9335,-59.4561,-2.4773,-0.05552373,-0.05330279,-2.4773,-59.4561,-0.05330279,-2.4773,-2.4773,-3.0967,-3.0967,-3.0967,-59.4561,-0.05330279,-14.2447,-12.9963,-47.6888,-48.9371,-0.04275328,-0.04387246,-0.00222095,16.6484,15.3074,-0.9244,-8.8476,-2.8152,159.3487,9.5714,18.0724,16.3055,12.9089,12.9089,23.236,25.8178,25.8178,36.8833,12.9089,2.84,2.0,2.857202,1.289683,8,26,4,2,0.21062681,-0.05552373,0.30879121,0E-8,0.000000,0.919453,0.000000,-0.46152434,2026-06-11,2026-07-25,7,22,22,45,0.155556,1.108362,1.085538,0.702089,,,,,,,,GLOBAL_BASELINE_NO_ENTITY_RANKING,,,NOT_APPLICABLE_GLOBAL_BASELINE,HF9g-P5,,,,X 全窗基线 · 不参与实体赏罚,3924369,393,A168_HF9F_20260827_0900,2026-08-27 09:00:00
2026-07-01,125914693,2267,0,12.9088890610,12.2634446080,12.2634446080,1.0000000,1,1,0.50665070000000000,0.506650700000,0.9867858985152569,0.9867858985152569,0.9867858985152569,0E-17,ELIGIBLE,R03b_20260811_FULL_v1,L1_ELIGIBILITY,v2026-08-11,2026-03-21..2026-08-06,baccarat_bet02_101_all_pairs_incl_sentinel,round_win = game_pnl > 0 (decisive only),COMPATIBILITY_ONLY_NOT_PRODUCTION,1115.4410,1025.5951,-61.9335,67,67,0.05552373,-0.30879121,0.15273314,0.05552373,61.9335,1115.4410,OK,0.0000,-2.4773,4.0000,96.0000,AG03-UNRESOLVED,ALL5_LEVELS_bet23_to_bet27,-2.4773,-2.4773,-3.0967,-3.0967,-3.0967,4.000000,4.000000,5.000000,5.000000,5.000000,96.000000,96.000000,95.000000,95.000000,95.000000,5.0,-14.2447,-12.9963,-47.6888,-48.9371,PENDING_AG03,FALSE,NOT_FOR_ENFORCEMENT,-59.4561,984.5713,-61.9335,-59.4561,-2.4773,-0.05552373,-0.05330279,-2.4773,-59.4561,-0.05330279,-2.4773,-2.4773,-3.0967,-3.0967,-3.0967,-59.4561,-0.05330279,-14.2447,-12.9963,-47.6888,-48.9371,-0.04275328,-0.04387246,-0.00222095,16.6484,15.3074,-0.9244,-8.8476,-2.8152,159.3487,9.5714,18.0724,16.3055,12.9089,12.9089,23.236,25.8178,25.8178,36.8833,12.9089,2.84,2.0,2.857202,1.289683,8,26,4,2,0.21062681,-0.05552373,0.30879121,0E-8,0.000000,0.919453,0.000000,-0.46152434,2026-06-11,2026-07-25,7,22,22,45,0.155556,1.108362,1.085538,0.702089,,,,,,,,GLOBAL_BASELINE_NO_ENTITY_RANKING,,,NOT_APPLICABLE_GLOBAL_BASELINE,HF9g-P5,,,,X 全窗基线 · 不参与实体赏罚,3924370,393,A168_HF9F_20260827_0900,2026-08-27 09:00:00
2026-07-03,125914693,1714,0,5.1635556244,5.1635556244,5.1635556244,1.0000000,1,1,0.49324550000000000,0.493245500000,1.01360149184955,1.01360149184955,1.01360149184955,0E-17,ELIGIBLE,R03b_20260811_FULL_v1,L1_ELIGIBILITY,v2026-08-11,2026-03-21..2026-08-06,baccarat_bet02_101_all_pairs_incl_sentinel,round_win = game_pnl > 0 (decisive only),COMPATIBILITY_ONLY_NOT_PRODUCTION,1115.4410,1025.5951,-61.9335,67,67,0.05552373,-0.30879121,0.15273314,0.05552373,61.9335,1115.4410,OK,0.0000,-2.4773,4.0000,96.0000,AG03-UNRESOLVED,ALL5_LEVELS_bet23_to_bet27,-2.4773,-2.4773,-3.0967,-3.0967,-3.0967,4.000000,4.000000,5.000000,5.000000,5.000000,96.000000,96.000000,95.000000,95.000000,95.000000,5.0,-14.2447,-12.9963,-47.6888,-48.9371,PENDING_AG03,FALSE,NOT_FOR_ENFORCEMENT,-59.4561,984.5713,-61.9335,-59.4561,-2.4773,-0.05552373,-0.05330279,-2.4773,-59.4561,-0.05330279,-2.4773,-2.4773,-3.0967,-3.0967,-3.0967,-59.4561,-0.05330279,-14.2447,-12.9963,-47.6888,-48.9371,-0.04275328,-0.04387246,-0.00222095,16.6484,15.3074,-0.9244,-8.8476,-2.8152,159.3487,9.5714,18.0724,16.3055,12.9089,12.9089,23.236,25.8178,25.8178,36.8833,12.9089,2.84,2.0,2.857202,1.289683,8,26,4,2,0.21062681,-0.05552373,0.30879121,0E-8,0.000000,0.919453,0.000000,-0.46152434,2026-06-11,2026-07-25,7,22,22,45,0.155556,1.108362,1.085538,0.702089,,,,,,,,GLOBAL_BASELINE_NO_ENTITY_RANKING,,,NOT_APPLICABLE_GLOBAL_BASELINE,HF9g-P5,,,,X 全窗基线 · 不参与实体赏罚,3924371,393,A168_HF9F_20260827_0900,2026-08-27 09:00:00
2026-07-03,125914693,2196,0,35.3703560271,34.2860093460,34.2860093460,1.0000000,3,3,0.49771390000000000,0.497713900000,1.739988277604938,1.739988277604938,1.739988277604938,0E-17,ELIGIBLE,R03b_20260811_FULL_v1,L1_ELIGIBILITY,v2026-08-11,2026-03-21..2026-08-06,baccarat_bet02_101_all_pairs_incl_sentinel,round_win = game_pnl > 0 (decisive only),COMPATIBILITY_ONLY_NOT_PRODUCTION,1115.4410,1025.5951,-61.9335,67,67,0.05552373,-0.30879121,0.15273314,0.05552373,61.9335,1115.4410,OK,0.0000,-2.4773,4.0000,96.0000,AG03-UNRESOLVED,ALL5_LEVELS_bet23_to_bet27,-2.4773,-2.4773,-3.0967,-3.0967,-3.0967,4.000000,4.000000,5.000000,5.000000,5.000000,96.000000,96.000000,95.000000,95.000000,95.000000,5.0,-14.2447,-12.9963,-47.6888,-48.9371,PENDING_AG03,FALSE,NOT_FOR_ENFORCEMENT,-59.4561,984.5713,-61.9335,-59.4561,-2.4773,-0.05552373,-0.05330279,-2.4773,-59.4561,-0.05330279,-2.4773,-2.4773,-3.0967,-3.0967,-3.0967,-59.4561,-0.05330279,-14.2447,-12.9963,-47.6888,-48.9371,-0.04275328,-0.04387246,-0.00222095,16.6484,15.3074,-0.9244,-8.8476,-2.8152,159.3487,9.5714,18.0724,16.3055,12.9089,12.9089,23.236,25.8178,25.8178,36.8833,12.9089,2.84,2.0,2.857202,1.289683,8,26,4,2,0.21062681,-0.05552373,0.30879121,0E-8,0.000000,0.919453,0.000000,-0.46152434,2026-06-11,2026-07-25,7,22,22,45,0.155556,1.108362,1.085538,0.702089,,,,,,,,GLOBAL_BASELINE_NO_ENTITY_RANKING,,,NOT_APPLICABLE_GLOBAL_BASELINE,HF9g-P5,,,,X 全窗基线 · 不参与实体赏罚,3924372,393,A168_HF9F_20260827_0900,2026-08-27 09:00:00
2026-07-04,125914693,2088,0,59.3808896806,-7.7453334366,-7.7453334366,0.3333333,3,3,0.49324550000000000,0.493245500000,-0.5540025479526107,-0.5540025479526106,-0.5540025479526107,0E-17,ELIGIBLE,R03b_20260811_FULL_v1,L1_ELIGIBILITY,v2026-08-11,2026-03-21..2026-08-06,baccarat_bet02_101_all_pairs_incl_sentinel,round_win = game_pnl > 0 (decisive only),COMPATIBILITY_ONLY_NOT_PRODUCTION,1115.4410,1025.5951,-61.9335,67,67,0.05552373,-0.30879121,0.15273314,0.05552373,61.9335,1115.4410,OK,0.0000,-2.4773,4.0000,96.0000,AG03-UNRESOLVED,ALL5_LEVELS_bet23_to_bet27,-2.4773,-2.4773,-3.0967,-3.0967,-3.0967,4.000000,4.000000,5.000000,5.000000,5.000000,96.000000,96.000000,95.000000,95.000000,95.000000,5.0,-14.2447,-12.9963,-47.6888,-48.9371,PENDING_AG03,FALSE,NOT_FOR_ENFORCEMENT,-59.4561,984.5713,-61.9335,-59.4561,-2.4773,-0.05552373,-0.05330279,-2.4773,-59.4561,-0.05330279,-2.4773,-2.4773,-3.0967,-3.0967,-3.0967,-59.4561,-0.05330279,-14.2447,-12.9963,-47.6888,-48.9371,-0.04275328,-0.04387246,-0.00222095,16.6484,15.3074,-0.9244,-8.8476,-2.8152,159.3487,9.5714,18.0724,16.3055,12.9089,12.9089,23.236,25.8178,25.8178,36.8833,12.9089,2.84,2.0,2.857202,1.289683,8,26,4,2,0.21062681,-0.05552373,0.30879121,0E-8,0.000000,0.919453,0.000000,-0.46152434,2026-06-11,2026-07-25,7,22,22,45,0.155556,1.108362,1.085538,0.702089,,,,,,,,GLOBAL_BASELINE_NO_ENTITY_RANKING,,,NOT_APPLICABLE_GLOBAL_BASELINE,HF9g-P5,,,,X 全窗基线 · 不参与实体赏罚,3924373,393,A168_HF9F_20260827_0900,2026-08-27 09:00:00
2026-07-04,125914693,2134,0,12.9088890610,12.2634446080,12.2634446080,1.0000000,1,1,0.50665070000000000,0.506650700000,0.9867858985152569,0.9867858985152569,0.9867858985152569,0E-17,ELIGIBLE,R03b_20260811_FULL_v1,L1_ELIGIBILITY,v2026-08-11,2026-03-21..2026-08-06,baccarat_bet02_101_all_pairs_incl_sentinel,round_win = game_pnl > 0 (decisive only),COMPATIBILITY_ONLY_NOT_PRODUCTION,1115.4410,1025.5951,-61.9335,67,67,0.05552373,-0.30879121,0.15273314,0.05552373,61.9335,1115.4410,OK,0.0000,-2.4773,4.0000,96.0000,AG03-UNRESOLVED,ALL5_LEVELS_bet23_to_bet27,-2.4773,-2.4773,-3.0967,-3.0967,-3.0967,4.000000,4.000000,5.000000,5.000000,5.000000,96.000000,96.000000,95.000000,95.000000,95.000000,5.0,-14.2447,-12.9963,-47.6888,-48.9371,PENDING_AG03,FALSE,NOT_FOR_ENFORCEMENT,-59.4561,984.5713,-61.9335,-59.4561,-2.4773,-0.05552373,-0.05330279,-2.4773,-59.4561,-0.05330279,-2.4773,-2.4773,-3.0967,-3.0967,-3.0967,-59.4561,-0.05330279,-14.2447,-12.9963,-47.6888,-48.9371,-0.04275328,-0.04387246,-0.00222095,16.6484,15.3074,-0.9244,-8.8476,-2.8152,159.3487,9.5714,18.0724,16.3055,12.9089,12.9089,23.236,25.8178,25.8178,36.8833,12.9089,2.84,2.0,2.857202,1.289683,8,26,4,2,0.21062681,-0.05552373,0.30879121,0E-8,0.000000,0.919453,0.000000,-0.46152434,2026-06-11,2026-07-25,7,22,22,45,0.155556,1.108362,1.085538,0.702089,,,,,,,,GLOBAL_BASELINE_NO_ENTITY_RANKING,,,NOT_APPLICABLE_GLOBAL_BASELINE,HF9g-P5,,,,X 全窗基线 · 不参与实体赏罚,3924374,393,A168_HF9F_20260827_0900,2026-08-27 09:00:00
2026-07-04,125914693,2142,0,36.1448893708,23.2360003098,23.2360003098,1.0000000,2,2,0.49994810000000000,0.499948100000,1.0001038053877793,1.0001038053877793,1.0001038053877793,0E-17,ELIGIBLE,R03b_20260811_FULL_v1,L1_ELIGIBILITY,v2026-08-11,2026-03-21..2026-08-06,baccarat_bet02_101_all_pairs_incl_sentinel,round_win = game_pnl > 0 (decisive only),COMPATIBILITY_ONLY_NOT_PRODUCTION,1115.4410,1025.5951,-61.9335,67,67,0.05552373,-0.30879121,0.15273314,0.05552373,61.9335,1115.4410,OK,0.0000,-2.4773,4.0000,96.0000,AG03-UNRESOLVED,ALL5_LEVELS_bet23_to_bet27,-2.4773,-2.4773,-3.0967,-3.0967,-3.0967,4.000000,4.000000,5.000000,5.000000,5.000000,96.000000,96.000000,95.000000,95.000000,95.000000,5.0,-14.2447,-12.9963,-47.6888,-48.9371,PENDING_AG03,FALSE,NOT_FOR_ENFORCEMENT,-59.4561,984.5713,-61.9335,-59.4561,-2.4773,-0.05552373,-0.05330279,-2.4773,-59.4561,-0.05330279,-2.4773,-2.4773,-3.0967,-3.0967,-3.0967,-59.4561,-0.05330279,-14.2447,-12.9963,-47.6888,-48.9371,-0.04275328,-0.04387246,-0.00222095,16.6484,15.3074,-0.9244,-8.8476,-2.8152,159.3487,9.5714,18.0724,16.3055,12.9089,12.9089,23.236,25.8178,25.8178,36.8833,12.9089,2.84,2.0,2.857202,1.289683,8,26,4,2,0.21062681,-0.05552373,0.30879121,0E-8,0.000000,0.919453,0.000000,-0.46152434,2026-06-11,2026-07-25,7,22,22,45,0.155556,1.108362,1.085538,0.702089,,,,,,,,GLOBAL_BASELINE_NO_ENTITY_RANKING,,,NOT_APPLICABLE_GLOBAL_BASELINE,HF9g-P5,,,,X 全窗基线 · 不参与实体赏罚,3924375,393,A168_HF9F_20260827_0900,2026-08-27 09:00:00
2026-07-04,125914693,2235,0,52.1519118064,11.1016445925,11.1016445925,0.5000000,3,3,0.49771390000000000,0.497713900000,0.006466134837551399,0.0064661348375514,0.006466134837551399,0E-17,ELIGIBLE,R03b_20260811_FULL_v1,L1_ELIGIBILITY,v2026-08-11,2026-03-21..2026-08-06,baccarat_bet02_101_all_pairs_incl_sentinel,round_win = game_pnl > 0 (decisive only),COMPATIBILITY_ONLY_NOT_PRODUCTION,1115.4410,1025.5951,-61.9335,67,67,0.05552373,-0.30879121,0.15273314,0.05552373,61.9335,1115.4410,OK,0.0000,-2.4773,4.0000,96.0000,AG03-UNRESOLVED,ALL5_LEVELS_bet23_to_bet27,-2.4773,-2.4773,-3.0967,-3.0967,-3.0967,4.000000,4.000000,5.000000,5.000000,5.000000,96.000000,96.000000,95.000000,95.000000,95.000000,5.0,-14.2447,-12.9963,-47.6888,-48.9371,PENDING_AG03,FALSE,NOT_FOR_ENFORCEMENT,-59.4561,984.5713,-61.9335,-59.4561,-2.4773,-0.05552373,-0.05330279,-2.4773,-59.4561,-0.05330279,-2.4773,-2.4773,-3.0967,-3.0967,-3.0967,-59.4561,-0.05330279,-14.2447,-12.9963,-47.6888,-48.9371,-0.04275328,-0.04387246,-0.00222095,16.6484,15.3074,-0.9244,-8.8476,-2.8152,159.3487,9.5714,18.0724,16.3055,12.9089,12.9089,23.236,25.8178,25.8178,36.8833,12.9089,2.84,2.0,2.857202,1.289683,8,26,4,2,0.21062681,-0.05552373,0.30879121,0E-8,0.000000,0.919453,0.000000,-0.46152434,2026-06-11,2026-07-25,7,22,22,45,0.155556,1.108362,1.085538,0.702089,,,,,,,,GLOBAL_BASELINE_NO_ENTITY_RANKING,,,NOT_APPLICABLE_GLOBAL_BASELINE,HF9g-P5,,,,X 全窗基线 · 不参与实体赏罚,3924376,393,A168_HF9F_20260827_0900,2026-08-27 09:00:00
2026-07-04,125914693,752,0,12.9088890610,12.2634446080,12.2634446080,1.0000000,1,1,0.50665070000000000,0.506650700000,0.9867858985152569,0.9867858985152569,0.9867858985152569,0E-17,ELIGIBLE,R03b_20260811_FULL_v1,L1_ELIGIBILITY,v2026-08-11,2026-03-21..2026-08-06,baccarat_bet02_101_all_pairs_incl_sentinel,round_win = game_pnl > 0 (decisive only),COMPATIBILITY_ONLY_NOT_PRODUCTION,1115.4410,1025.5951,-61.9335,67,67,0.05552373,-0.30879121,0.15273314,0.05552373,61.9335,1115.4410,OK,0.0000,-2.4773,4.0000,96.0000,AG03-UNRESOLVED,ALL5_LEVELS_bet23_to_bet27,-2.4773,-2.4773,-3.0967,-3.0967,-3.0967,4.000000,4.000000,5.000000,5.000000,5.000000,96.000000,96.000000,95.000000,95.000000,95.000000,5.0,-14.2447,-12.9963,-47.6888,-48.9371,PENDING_AG03,FALSE,NOT_FOR_ENFORCEMENT,-59.4561,984.5713,-61.9335,-59.4561,-2.4773,-0.05552373,-0.05330279,-2.4773,-59.4561,-0.05330279,-2.4773,-2.4773,-3.0967,-3.0967,-3.0967,-59.4561,-0.05330279,-14.2447,-12.9963,-47.6888,-48.9371,-0.04275328,-0.04387246,-0.00222095,16.6484,15.3074,-0.9244,-8.8476,-2.8152,159.3487,9.5714,18.0724,16.3055,12.9089,12.9089,23.236,25.8178,25.8178,36.8833,12.9089,2.84,2.0,2.857202,1.289683,8,26,4,2,0.21062681,-0.05552373,0.30879121,0E-8,0.000000,0.919453,0.000000,-0.46152434,2026-06-11,2026-07-25,7,22,22,45,0.155556,1.108362,1.085538,0.702089,,,,,,,,GLOBAL_BASELINE_NO_ENTITY_RANKING,,,NOT_APPLICABLE_GLOBAL_BASELINE,HF9g-P5,,,,X 全窗基线 · 不参与实体赏罚,3924377,393,A168_HF9F_20260827_0900,2026-08-27 09:00:00
2026-07-07,125914693,2169,0,13.9416001859,13.9416001859,13.9416001859,1.0000000,1,1,0.49324550000000000,0.493245500000,1.01360149184955,1.01360149184955,1.01360149184955,0E-17,ELIGIBLE,R03b_20260811_FULL_v1,L1_ELIGIBILITY,v2026-08-11,2026-03-21..2026-08-06,baccarat_bet02_101_all_pairs_incl_sentinel,round_win = game_pnl > 0 (decisive only),COMPATIBILITY_ONLY_NOT_PRODUCTION,1115.4410,1025.5951,-61.9335,67,67,0.05552373,-0.30879121,0.15273314,0.05552373,61.9335,1115.4410,OK,0.0000,-2.4773,4.0000,96.0000,AG03-UNRESOLVED,ALL5_LEVELS_bet23_to_bet27,-2.4773,-2.4773,-3.0967,-3.0967,-3.0967,4.000000,4.000000,5.000000,5.000000,5.000000,96.000000,96.000000,95.000000,95.000000,95.000000,5.0,-14.2447,-12.9963,-47.6888,-48.9371,PENDING_AG03,FALSE,NOT_FOR_ENFORCEMENT,-59.4561,984.5713,-61.9335,-59.4561,-2.4773,-0.05552373,-0.05330279,-2.4773,-59.4561,-0.05330279,-2.4773,-2.4773,-3.0967,-3.0967,-3.0967,-59.4561,-0.05330279,-14.2447,-12.9963,-47.6888,-48.9371,-0.04275328,-0.04387246,-0.00222095,16.6484,15.3074,-0.9244,-8.8476,-2.8152,159.3487,9.5714,18.0724,16.3055,12.9089,12.9089,23.236,25.8178,25.8178,36.8833,12.9089,2.84,2.0,2.857202,1.289683,8,26,4,2,0.21062681,-0.05552373,0.30879121,0E-8,0.000000,0.919453,0.000000,-0.46152434,2026-06-11,2026-07-25,7,22,22,45,0.155556,1.108362,1.085538,0.702089,,,,,,,,GLOBAL_BASELINE_NO_ENTITY_RANKING,,,NOT_APPLICABLE_GLOBAL_BASELINE,HF9g-P5,,,,X 全窗基线 · 不参与实体赏罚,3924378,393,A168_HF9F_20260827_0900,2026-08-27 09:00:00
2026-07-07,125914693,772,0,27.8832003718,-27.8832003718,-27.8832003718,0E-7,1,1,0.49324550000000000,0.493245500000,-0.9865810262130424,-0.9865810262130424,-0.9865810262130424,0E-17,ELIGIBLE,R03b_20260811_FULL_v1,L1_ELIGIBILITY,v2026-08-11,2026-03-21..2026-08-06,baccarat_bet02_101_all_pairs_incl_sentinel,round_win = game_pnl > 0 (decisive only),COMPATIBILITY_ONLY_NOT_PRODUCTION,1115.4410,1025.5951,-61.9335,67,67,0.05552373,-0.30879121,0.15273314,0.05552373,61.9335,1115.4410,OK,0.0000,-2.4773,4.0000,96.0000,AG03-UNRESOLVED,ALL5_LEVELS_bet23_to_bet27,-2.4773,-2.4773,-3.0967,-3.0967,-3.0967,4.000000,4.000000,5.000000,5.000000,5.000000,96.000000,96.000000,95.000000,95.000000,95.000000,5.0,-14.2447,-12.9963,-47.6888,-48.9371,PENDING_AG03,FALSE,NOT_FOR_ENFORCEMENT,-59.4561,984.5713,-61.9335,-59.4561,-2.4773,-0.05552373,-0.05330279,-2.4773,-59.4561,-0.05330279,-2.4773,-2.4773,-3.0967,-3.0967,-3.0967,-59.4561,-0.05330279,-14.2447,-12.9963,-47.6888,-48.9371,-0.04275328,-0.04387246,-0.00222095,16.6484,15.3074,-0.9244,-8.8476,-2.8152,159.3487,9.5714,18.0724,16.3055,12.9089,12.9089,23.236,25.8178,25.8178,36.8833,12.9089,2.84,2.0,2.857202,1.289683,8,26,4,2,0.21062681,-0.05552373,0.30879121,0E-8,0.000000,0.919453,0.000000,-0.46152434,2026-06-11,2026-07-25,7,22,22,45,0.155556,1.108362,1.085538,0.702089,,,,,,,,GLOBAL_BASELINE_NO_ENTITY_RANKING,,,NOT_APPLICABLE_GLOBAL_BASELINE,HF9g-P5,,,,X 全窗基线 · 不参与实体赏罚,3924379,393,A168_HF9F_20260827_0900,2026-08-27 09:00:00
2026-07-25,125914693,1306,0,80.0351121782,-54.2173340562,-54.2173340562,0E-7,4,4,0.49994810000000000,0.499948100000,-1.7318710300250217,-1.7318710300250217,-1.7318710300250217,0E-17,ELIGIBLE,R03b_20260811_FULL_v1,L1_ELIGIBILITY,v2026-08-11,2026-03-21..2026-08-06,baccarat_bet02_101_all_pairs_incl_sentinel,round_win = game_pnl > 0 (decisive only),COMPATIBILITY_ONLY_NOT_PRODUCTION,1115.4410,1025.5951,-61.9335,67,67,0.05552373,-0.30879121,0.15273314,0.05552373,61.9335,1115.4410,OK,0.0000,-2.4773,4.0000,96.0000,AG03-UNRESOLVED,ALL5_LEVELS_bet23_to_bet27,-2.4773,-2.4773,-3.0967,-3.0967,-3.0967,4.000000,4.000000,5.000000,5.000000,5.000000,96.000000,96.000000,95.000000,95.000000,95.000000,5.0,-14.2447,-12.9963,-47.6888,-48.9371,PENDING_AG03,FALSE,NOT_FOR_ENFORCEMENT,-59.4561,984.5713,-61.9335,-59.4561,-2.4773,-0.05552373,-0.05330279,-2.4773,-59.4561,-0.05330279,-2.4773,-2.4773,-3.0967,-3.0967,-3.0967,-59.4561,-0.05330279,-14.2447,-12.9963,-47.6888,-48.9371,-0.04275328,-0.04387246,-0.00222095,16.6484,15.3074,-0.9244,-8.8476,-2.8152,159.3487,9.5714,18.0724,16.3055,12.9089,12.9089,23.236,25.8178,25.8178,36.8833,12.9089,2.84,2.0,2.857202,1.289683,8,26,4,2,0.21062681,-0.05552373,0.30879121,0E-8,0.000000,0.919453,0.000000,-0.46152434,2026-06-11,2026-07-25,7,22,22,45,0.155556,1.108362,1.085538,0.702089,,,,,,,,GLOBAL_BASELINE_NO_ENTITY_RANKING,,,NOT_APPLICABLE_GLOBAL_BASELINE,HF9g-P5,,,,X 全窗基线 · 不参与实体赏罚,3924380,393,A168_HF9F_20260827_0900,2026-08-27 09:00:00
2026-07-25,125914693,2093,0,36.1448893708,-10.3271112488,-10.3271112488,0.5000000,2,2,0.49324550000000000,0.493245500000,0.01910635448239258,0.01910635448239258,0.01910635448239258,0E-17,ELIGIBLE,R03b_20260811_FULL_v1,L1_ELIGIBILITY,v2026-08-11,2026-03-21..2026-08-06,baccarat_bet02_101_all_pairs_incl_sentinel,round_win = game_pnl > 0 (decisive only),COMPATIBILITY_ONLY_NOT_PRODUCTION,1115.4410,1025.5951,-61.9335,67,67,0.05552373,-0.30879121,0.15273314,0.05552373,61.9335,1115.4410,OK,0.0000,-2.4773,4.0000,96.0000,AG03-UNRESOLVED,ALL5_LEVELS_bet23_to_bet27,-2.4773,-2.4773,-3.0967,-3.0967,-3.0967,4.000000,4.000000,5.000000,5.000000,5.000000,96.000000,96.000000,95.000000,95.000000,95.000000,5.0,-14.2447,-12.9963,-47.6888,-48.9371,PENDING_AG03,FALSE,NOT_FOR_ENFORCEMENT,-59.4561,984.5713,-61.9335,-59.4561,-2.4773,-0.05552373,-0.05330279,-2.4773,-59.4561,-0.05330279,-2.4773,-2.4773,-3.0967,-3.0967,-3.0967,-59.4561,-0.05330279,-14.2447,-12.9963,-47.6888,-48.9371,-0.04275328,-0.04387246,-0.00222095,16.6484,15.3074,-0.9244,-8.8476,-2.8152,159.3487,9.5714,18.0724,16.3055,12.9089,12.9089,23.236,25.8178,25.8178,36.8833,12.9089,2.84,2.0,2.857202,1.289683,8,26,4,2,0.21062681,-0.05552373,0.30879121,0E-8,0.000000,0.919453,0.000000,-0.46152434,2026-06-11,2026-07-25,7,22,22,45,0.155556,1.108362,1.085538,0.702089,,,,,,,,GLOBAL_BASELINE_NO_ENTITY_RANKING,,,NOT_APPLICABLE_GLOBAL_BASELINE,HF9g-P5,,,,X 全窗基线 · 不参与实体赏罚,3924381,393,A168_HF9F_20260827_0900,2026-08-27 09:00:00
2026-07-25,125914693,2246,0,56.7991118684,28.7868226060,28.7868226060,0.6666667,3,3,0.50665070000000000,0.506650700000,0.5543606114942035,0.5543606114942035,0.5543606114942035,0E-17,ELIGIBLE,R03b_20260811_FULL_v1,L1_ELIGIBILITY,v2026-08-11,2026-03-21..2026-08-06,baccarat_bet02_101_all_pairs_incl_sentinel,round_win = game_pnl > 0 (decisive only),COMPATIBILITY_ONLY_NOT_PRODUCTION,1115.4410,1025.5951,-61.9335,67,67,0.05552373,-0.30879121,0.15273314,0.05552373,61.9335,1115.4410,OK,0.0000,-2.4773,4.0000,96.0000,AG03-UNRESOLVED,ALL5_LEVELS_bet23_to_bet27,-2.4773,-2.4773,-3.0967,-3.0967,-3.0967,4.000000,4.000000,5.000000,5.000000,5.000000,96.000000,96.000000,95.000000,95.000000,95.000000,5.0,-14.2447,-12.9963,-47.6888,-48.9371,PENDING_AG03,FALSE,NOT_FOR_ENFORCEMENT,-59.4561,984.5713,-61.9335,-59.4561,-2.4773,-0.05552373,-0.05330279,-2.4773,-59.4561,-0.05330279,-2.4773,-2.4773,-3.0967,-3.0967,-3.0967,-59.4561,-0.05330279,-14.2447,-12.9963,-47.6888,-48.9371,-0.04275328,-0.04387246,-0.00222095,16.6484,15.3074,-0.9244,-8.8476,-2.8152,159.3487,9.5714,18.0724,16.3055,12.9089,12.9089,23.236,25.8178,25.8178,36.8833,12.9089,2.84,2.0,2.857202,1.289683,8,26,4,2,0.21062681,-0.05552373,0.30879121,0E-8,0.000000,0.919453,0.000000,-0.46152434,2026-06-11,2026-07-25,7,22,22,45,0.155556,1.108362,1.085538,0.702089,,,,,,,,GLOBAL_BASELINE_NO_ENTITY_RANKING,,,NOT_APPLICABLE_GLOBAL_BASELINE,HF9g-P5,,,,X 全窗基线 · 不参与实体赏罚,3924382,393,A168_HF9F_20260827_0900,2026-08-27 09:00:00
2026-07-25,125914693,2252,0,25.8177781220,-25.8177781220,-25.8177781220,0E-7,2,2,0.49994810000000000,0.499948100000,-1.4140667746232096,-1.4140667746232096,-1.4140667746232096,0E-17,ELIGIBLE,R03b_20260811_FULL_v1,L1_ELIGIBILITY,v2026-08-11,2026-03-21..2026-08-06,baccarat_bet02_101_all_pairs_incl_sentinel,round_win = game_pnl > 0 (decisive only),COMPATIBILITY_ONLY_NOT_PRODUCTION,1115.4410,1025.5951,-61.9335,67,67,0.05552373,-0.30879121,0.15273314,0.05552373,61.9335,1115.4410,OK,0.0000,-2.4773,4.0000,96.0000,AG03-UNRESOLVED,ALL5_LEVELS_bet23_to_bet27,-2.4773,-2.4773,-3.0967,-3.0967,-3.0967,4.000000,4.000000,5.000000,5.000000,5.000000,96.000000,96.000000,95.000000,95.000000,95.000000,5.0,-14.2447,-12.9963,-47.6888,-48.9371,PENDING_AG03,FALSE,NOT_FOR_ENFORCEMENT,-59.4561,984.5713,-61.9335,-59.4561,-2.4773,-0.05552373,-0.05330279,-2.4773,-59.4561,-0.05330279,-2.4773,-2.4773,-3.0967,-3.0967,-3.0967,-59.4561,-0.05330279,-14.2447,-12.9963,-47.6888,-48.9371,-0.04275328,-0.04387246,-0.00222095,16.6484,15.3074,-0.9244,-8.8476,-2.8152,159.3487,9.5714,18.0724,16.3055,12.9089,12.9089,23.236,25.8178,25.8178,36.8833,12.9089,2.84,2.0,2.857202,1.289683,8,26,4,2,0.21062681,-0.05552373,0.30879121,0E-8,0.000000,0.919453,0.000000,-0.46152434,2026-06-11,2026-07-25,7,22,22,45,0.155556,1.108362,1.085538,0.702089,,,,,,,,GLOBAL_BASELINE_NO_ENTITY_RANKING,,,NOT_APPLICABLE_GLOBAL_BASELINE,HF9g-P5,,,,X 全窗基线 · 不参与实体赏罚,3924383,393,A168_HF9F_20260827_0900,2026-08-27 09:00:00
2026-07-25,125914693,970,0,36.1448893708,-10.9725557018,-10.9725557018,0.5000000,2,2,0.50665070000000000,0.506650700000,-0.018812684590367487,-0.018812684590367487,-0.018812684590367487,0E-17,ELIGIBLE,R03b_20260811_FULL_v1,L1_ELIGIBILITY,v2026-08-11,2026-03-21..2026-08-06,baccarat_bet02_101_all_pairs_incl_sentinel,round_win = game_pnl > 0 (decisive only),COMPATIBILITY_ONLY_NOT_PRODUCTION,1115.4410,1025.5951,-61.9335,67,67,0.05552373,-0.30879121,0.15273314,0.05552373,61.9335,1115.4410,OK,0.0000,-2.4773,4.0000,96.0000,AG03-UNRESOLVED,ALL5_LEVELS_bet23_to_bet27,-2.4773,-2.4773,-3.0967,-3.0967,-3.0967,4.000000,4.000000,5.000000,5.000000,5.000000,96.000000,96.000000,95.000000,95.000000,95.000000,5.0,-14.2447,-12.9963,-47.6888,-48.9371,PENDING_AG03,FALSE,NOT_FOR_ENFORCEMENT,-59.4561,984.5713,-61.9335,-59.4561,-2.4773,-0.05552373,-0.05330279,-2.4773,-59.4561,-0.05330279,-2.4773,-2.4773,-3.0967,-3.0967,-3.0967,-59.4561,-0.05330279,-14.2447,-12.9963,-47.6888,-48.9371,-0.04275328,-0.04387246,-0.00222095,16.6484,15.3074,-0.9244,-8.8476,-2.8152,159.3487,9.5714,18.0724,16.3055,12.9089,12.9089,23.236,25.8178,25.8178,36.8833,12.9089,2.84,2.0,2.857202,1.289683,8,26,4,2,0.21062681,-0.05552373,0.30879121,0E-8,0.000000,0.919453,0.000000,-0.46152434,2026-06-11,2026-07-25,7,22,22,45,0.155556,1.108362,1.085538,0.702089,,,,,,,,GLOBAL_BASELINE_NO_ENTITY_RANKING,,,NOT_APPLICABLE_GLOBAL_BASELINE,HF9g-P5,,,,X 全窗基线 · 不参与实体赏罚,3924384,393,A168_HF9F_20260827_0900,2026-08-27 09:00:00
2026-07-06,152626267,-1,1,61.9302620284,61.9302620284,61.9302620284,1.0000000,1,1,0.49324550000000000,0.493245500000,1.01360149184955,1.01360149184955,1.01360149184955,0E-17,SENTINEL_DEALER,R03b_20260811_FULL_v1,L1_ELIGIBILITY,v2026-08-11,2026-03-21..2026-08-06,baccarat_bet02_101_all_pairs_incl_sentinel,round_win = game_pnl > 0 (decisive only),COMPATIBILITY_ONLY_NOT_PRODUCTION,61.9303,61.9303,-61.9303,1,1,1.00000000,,1.00000000,1.00000000,61.9303,61.9303,THIN_EXPOSURE,0.0000,-2.4772,4.0000,96.0000,AG03-UNRESOLVED,ALL5_LEVELS_bet23_to_bet27,-2.4772,-2.4772,-2.4772,-3.7158,-3.7158,4.000000,4.000000,4.000000,6.000000,6.000000,96.000000,96.000000,96.000000,94.000000,94.000000,5.0,-14.8633,-13.5161,-47.0670,-48.4142,PENDING_AG03,FALSE,NOT_FOR_ENFORCEMENT,-59.4531,59.4531,-61.9303,-59.4531,-2.4772,-1.00000000,-0.96000000,-2.4772,-59.4531,-0.96000000,-2.4772,-2.4772,-2.4772,-3.7158,-3.7158,-59.4531,-0.96000000,-14.8633,-13.5161,-47.0670,-48.4142,-0.76000000,-0.78175273,-0.04000000,61.9303,61.9303,-61.9303,-61.9303,-61.9303,61.9303,1.0000,,61.9303,61.9303,61.9303,61.9303,61.9303,61.9303,61.9303,61.9303,61.9303,1.0,1.0,1.0,1,1,1,1,0E-8,-1.00000000,,0E-8,0.000000,1.000000,0.000000,,2026-07-06,2026-07-06,1,1,1,1,1.000000,,,0.000000,,,,,,,,GLOBAL_BASELINE_NO_ENTITY_RANKING,,,NOT_APPLICABLE_GLOBAL_BASELINE,HF9g-P5,,,,X 全窗基线 · 不参与实体赏罚,3924385,393,A168_HF9F_20260827_0900,2026-08-27 09:00:00
2026-04-09,148423333,1485,0,39.2639321519,-39.2639321519,-39.2639321519,0E-7,1,1,0.50665070000000000,0.506650700000,-1.013391052207602,-1.013391052207602,-1.013391052207602,0E-17,ELIGIBLE,R03b_20260811_FULL_v1,L1_ELIGIBILITY,v2026-08-11,2026-03-21..2026-08-06,baccarat_bet02_101_all_pairs_incl_sentinel,round_win = game_pnl > 0 (decisive only),COMPATIBILITY_ONLY_NOT_PRODUCTION,296.1266,244.2351,-61.9244,6,6,0.20911457,,0.20911457,0.20911457,61.9244,296.1266,THIN_EXPOSURE,0.0000,-2.4770,4.0000,96.0000,AG03-UNRESOLVED,ALL5_LEVELS_bet23_to_bet27,-2.4770,-2.4770,-2.4770,-2.4770,-2.4770,4.000000,4.000000,4.000000,4.000000,4.000000,96.000000,96.000000,96.000000,96.000000,96.000000,5.0,-12.3849,-11.4329,-49.5395,-50.4915,PENDING_AG03,FALSE,NOT_FOR_ENFORCEMENT,-59.4474,234.4657,-61.9244,-59.4474,-2.4770,-0.20911457,-0.20074999,-2.4770,-59.4474,-0.20074999,-2.4770,-2.4770,-2.4770,-2.4770,-2.4770,-59.4474,-0.20074999,-12.3849,-11.4329,-49.5395,-50.4915,-0.16729166,-0.17050631,-0.00836458,49.3544,40.7059,-10.3207,-30.9622,-20.6415,148.0633,3.0000,,49.3544,49.2969,51.8914,51.8914,51.8914,51.8914,51.8914,50.5942,24.6484,1.0,1.0,0.951109,2,2,2,2,0E-8,-0.20911457,,0E-8,0.000000,0.824766,0.000000,,2026-04-09,2026-05-06,2,3,2,28,0.071429,,,0.000000,,,,,,,,GLOBAL_BASELINE_NO_ENTITY_RANKING,,,NOT_APPLICABLE_GLOBAL_BASELINE,HF9g-P5,,,,X 全窗基线 · 不参与实体赏罚,3924386,393,A168_HF9F_20260827_0900,2026-08-27 09:00:00
2026-05-06,148423333,2141,0,256.8626433500,101.1883140470,101.1883140470,0.7500000,5,5,0.50396966000000000,0.503969660000,0.9841523774297893,0.9841523774297894,0.9841523774297893,0E-17,ELIGIBLE,R03b_20260811_FULL_v1,L1_ELIGIBILITY,v2026-08-11,2026-03-21..2026-08-06,baccarat_bet02_101_all_pairs_incl_sentinel,round_win = game_pnl > 0 (decisive only),COMPATIBILITY_ONLY_NOT_PRODUCTION,296.1266,244.2351,-61.9244,6,6,0.20911457,,0.20911457,0.20911457,61.9244,296.1266,THIN_EXPOSURE,0.0000,-2.4770,4.0000,96.0000,AG03-UNRESOLVED,ALL5_LEVELS_bet23_to_bet27,-2.4770,-2.4770,-2.4770,-2.4770,-2.4770,4.000000,4.000000,4.000000,4.000000,4.000000,96.000000,96.000000,96.000000,96.000000,96.000000,5.0,-12.3849,-11.4329,-49.5395,-50.4915,PENDING_AG03,FALSE,NOT_FOR_ENFORCEMENT,-59.4474,234.4657,-61.9244,-59.4474,-2.4770,-0.20911457,-0.20074999,-2.4770,-59.4474,-0.20074999,-2.4770,-2.4770,-2.4770,-2.4770,-2.4770,-59.4474,-0.20074999,-12.3849,-11.4329,-49.5395,-50.4915,-0.16729166,-0.17050631,-0.00836458,49.3544,40.7059,-10.3207,-30.9622,-20.6415,148.0633,3.0000,,49.3544,49.2969,51.8914,51.8914,51.8914,51.8914,51.8914,50.5942,24.6484,1.0,1.0,0.951109,2,2,2,2,0E-8,-0.20911457,,0E-8,0.000000,0.824766,0.000000,,2026-04-09,2026-05-06,2,3,2,28,0.071429,,,0.000000,,,,,,,,GLOBAL_BASELINE_NO_ENTITY_RANKING,,,NOT_APPLICABLE_GLOBAL_BASELINE,HF9g-P5,,,,X 全窗基线 · 不参与实体赏罚,3924387,393,A168_HF9F_20260827_0900,2026-08-27 09:00:00
2026-07-14,153016129,1307,0,12.9088890610,-12.9088890610,-12.9088890610,0E-7,2,2,0.50665070000000000,0.506650700000,-1.4331513700195317,-1.4331513700195317,-1.4331513700195317,0E-17,ELIGIBLE,R03b_20260811_FULL_v1,L1_ELIGIBILITY,v2026-08-11,2026-03-21..2026-08-06,baccarat_bet02_101_all_pairs_incl_sentinel,round_win = game_pnl > 0 (decisive only),COMPATIBILITY_ONLY_NOT_PRODUCTION,756.4609,634.3428,-61.9239,118,116,0.08186007,0.08186007,,0.08186007,61.9239,756.4609,OK,0.0000,-2.4770,4.0000,96.0000,AG03-UNRESOLVED,ALL5_LEVELS_bet23_to_bet27,-2.4770,-2.4770,-3.0962,-3.0962,-3.0962,4.000000,4.000000,5.000000,5.000000,5.000000,96.000000,96.000000,95.000000,95.000000,95.000000,5.0,-14.2425,-12.9943,-47.6814,-48.9296,PENDING_AG03,FALSE,NOT_FOR_ENFORCEMENT,-59.4470,608.9691,-61.9239,-59.4470,-2.4770,-0.08186007,-0.07858567,-2.4770,-59.4470,-0.07858567,-2.4770,-2.4770,-3.0962,-3.0962,-3.0962,-59.4470,-0.07858567,-14.2425,-12.9943,-47.6814,-48.9296,-0.06303225,-0.06468229,-0.00327440,6.4107,5.4685,-0.5338,-15.4810,-2.4770,189.1152,29.0000,6.4107,,2.5818,5.1636,10.3271,12.9089,13.6834,25.9004,5.1636,0.0,2.65,5.016,1.241525,13,25,8,3,1.00000000,-0.08186007,-0.08186007,0E-8,0.000000,0.838567,0.000000,,2026-07-14,2026-07-17,4,25,16,4,1.000000,,1.000000,3.333333,,,,,,,,GLOBAL_BASELINE_NO_ENTITY_RANKING,,,NOT_APPLICABLE_GLOBAL_BASELINE,HF9g-P5,,,,X 全窗基线 · 不参与实体赏罚,3924388,393,A168_HF9F_20260827_0900,2026-08-27 09:00:00
2026-07-14,153016129,2088,0,23.2360003098,9.8107556864,9.8107556864,1.0000000,2,2,0.50665070000000000,0.506650700000,0.9867858985152569,0.9867858985152569,0.9867858985152569,0E-17,ELIGIBLE,R03b_20260811_FULL_v1,L1_ELIGIBILITY,v2026-08-11,2026-03-21..2026-08-06,baccarat_bet02_101_all_pairs_incl_sentinel,round_win = game_pnl > 0 (decisive only),COMPATIBILITY_ONLY_NOT_PRODUCTION,756.4609,634.3428,-61.9239,118,116,0.08186007,0.08186007,,0.08186007,61.9239,756.4609,OK,0.0000,-2.4770,4.0000,96.0000,AG03-UNRESOLVED,ALL5_LEVELS_bet23_to_bet27,-2.4770,-2.4770,-3.0962,-3.0962,-3.0962,4.000000,4.000000,5.000000,5.000000,5.000000,96.000000,96.000000,95.000000,95.000000,95.000000,5.0,-14.2425,-12.9943,-47.6814,-48.9296,PENDING_AG03,FALSE,NOT_FOR_ENFORCEMENT,-59.4470,608.9691,-61.9239,-59.4470,-2.4770,-0.08186007,-0.07858567,-2.4770,-59.4470,-0.07858567,-2.4770,-2.4770,-3.0962,-3.0962,-3.0962,-59.4470,-0.07858567,-14.2425,-12.9943,-47.6814,-48.9296,-0.06303225,-0.06468229,-0.00327440,6.4107,5.4685,-0.5338,-15.4810,-2.4770,189.1152,29.0000,6.4107,,2.5818,5.1636,10.3271,12.9089,13.6834,25.9004,5.1636,0.0,2.65,5.016,1.241525,13,25,8,3,1.00000000,-0.08186007,-0.08186007,0E-8,0.000000,0.838567,0.000000,,2026-07-14,2026-07-17,4,25,16,4,1.000000,,1.000000,3.333333,,,,,,,,GLOBAL_BASELINE_NO_ENTITY_RANKING,,,NOT_APPLICABLE_GLOBAL_BASELINE,HF9g-P5,,,,X 全窗基线 · 不参与实体赏罚,3924389,393,A168_HF9F_20260827_0900,2026-08-27 09:00:00
2026-07-14,153016129,2233,0,33.5631115586,22.5905558568,22.5905558568,1.0000000,5,5,0.50128862000000000,0.501288620000,1.7275926344336499,1.7275926344336499,1.7275926344336499,0E-17,ELIGIBLE,R03b_20260811_FULL_v1,L1_ELIGIBILITY,v2026-08-11,2026-03-21..2026-08-06,baccarat_bet02_101_all_pairs_incl_sentinel,round_win = game_pnl > 0 (decisive only),COMPATIBILITY_ONLY_NOT_PRODUCTION,756.4609,634.3428,-61.9239,118,116,0.08186007,0.08186007,,0.08186007,61.9239,756.4609,OK,0.0000,-2.4770,4.0000,96.0000,AG03-UNRESOLVED,ALL5_LEVELS_bet23_to_bet27,-2.4770,-2.4770,-3.0962,-3.0962,-3.0962,4.000000,4.000000,5.000000,5.000000,5.000000,96.000000,96.000000,95.000000,95.000000,95.000000,5.0,-14.2425,-12.9943,-47.6814,-48.9296,PENDING_AG03,FALSE,NOT_FOR_ENFORCEMENT,-59.4470,608.9691,-61.9239,-59.4470,-2.4770,-0.08186007,-0.07858567,-2.4770,-59.4470,-0.07858567,-2.4770,-2.4770,-3.0962,-3.0962,-3.0962,-59.4470,-0.07858567,-14.2425,-12.9943,-47.6814,-48.9296,-0.06303225,-0.06468229,-0.00327440,6.4107,5.4685,-0.5338,-15.4810,-2.4770,189.1152,29.0000,6.4107,,2.5818,5.1636,10.3271,12.9089,13.6834,25.9004,5.1636,0.0,2.65,5.016,1.241525,13,25,8,3,1.00000000,-0.08186007,-0.08186007,0E-8,0.000000,0.838567,0.000000,,2026-07-14,2026-07-17,4,25,16,4,1.000000,,1.000000,3.333333,,,,,,,,GLOBAL_BASELINE_NO_ENTITY_RANKING,,,NOT_APPLICABLE_GLOBAL_BASELINE,HF9g-P5,,,,X 全窗基线 · 不参与实体赏罚,3924390,393,A168_HF9F_20260827_0900,2026-08-27 09:00:00
2026-07-14,153016129,2281,0,57.0572896496,25.8823225673,25.8823225673,0.7142857,8,8,0.50162375000000000,0.501623750000,1.1253072755500886,1.1253072755500886,1.1253072755500886,0E-17,ELIGIBLE,R03b_20260811_FULL_v1,L1_ELIGIBILITY,v2026-08-11,2026-03-21..2026-08-06,baccarat_bet02_101_all_pairs_incl_sentinel,round_win = game_pnl > 0 (decisive only),COMPATIBILITY_ONLY_NOT_PRODUCTION,756.4609,634.3428,-61.9239,118,116,0.08186007,0.08186007,,0.08186007,61.9239,756.4609,OK,0.0000,-2.4770,4.0000,96.0000,AG03-UNRESOLVED,ALL5_LEVELS_bet23_to_bet27,-2.4770,-2.4770,-3.0962,-3.0962,-3.0962,4.000000,4.000000,5.000000,5.000000,5.000000,96.000000,96.000000,95.000000,95.000000,95.000000,5.0,-14.2425,-12.9943,-47.6814,-48.9296,PENDING_AG03,FALSE,NOT_FOR_ENFORCEMENT,-59.4470,608.9691,-61.9239,-59.4470,-2.4770,-0.08186007,-0.07858567,-2.4770,-59.4470,-0.07858567,-2.4770,-2.4770,-3.0962,-3.0962,-3.0962,-59.4470,-0.07858567,-14.2425,-12.9943,-47.6814,-48.9296,-0.06303225,-0.06468229,-0.00327440,6.4107,5.4685,-0.5338,-15.4810,-2.4770,189.1152,29.0000,6.4107,,2.5818,5.1636,10.3271,12.9089,13.6834,25.9004,5.1636,0.0,2.65,5.016,1.241525,13,25,8,3,1.00000000,-0.08186007,-0.08186007,0E-8,0.000000,0.838567,0.000000,,2026-07-14,2026-07-17,4,25,16,4,1.000000,,1.000000,3.333333,,,,,,,,GLOBAL_BASELINE_NO_ENTITY_RANKING,,,NOT_APPLICABLE_GLOBAL_BASELINE,HF9g-P5,,,,X 全窗基线 · 不参与实体赏罚,3924391,393,A168_HF9F_20260827_0900,2026-08-27 09:00:00
2026-07-14,153016129,2288,0,38.7266671830,12.9088890610,12.9088890610,0.6666667,3,3,0.49771390000000000,0.497713900000,0.5852756695216578,0.5852756695216578,0.5852756695216578,0E-17,ELIGIBLE,R03b_20260811_FULL_v1,L1_ELIGIBILITY,v2026-08-11,2026-03-21..2026-08-06,baccarat_bet02_101_all_pairs_incl_sentinel,round_win = game_pnl > 0 (decisive only),COMPATIBILITY_ONLY_NOT_PRODUCTION,756.4609,634.3428,-61.9239,118,116,0.08186007,0.08186007,,0.08186007,61.9239,756.4609,OK,0.0000,-2.4770,4.0000,96.0000,AG03-UNRESOLVED,ALL5_LEVELS_bet23_to_bet27,-2.4770,-2.4770,-3.0962,-3.0962,-3.0962,4.000000,4.000000,5.000000,5.000000,5.000000,96.000000,96.000000,95.000000,95.000000,95.000000,5.0,-14.2425,-12.9943,-47.6814,-48.9296,PENDING_AG03,FALSE,NOT_FOR_ENFORCEMENT,-59.4470,608.9691,-61.9239,-59.4470,-2.4770,-0.08186007,-0.07858567,-2.4770,-59.4470,-0.07858567,-2.4770,-2.4770,-3.0962,-3.0962,-3.0962,-59.4470,-0.07858567,-14.2425,-12.9943,-47.6814,-48.9296,-0.06303225,-0.06468229,-0.00327440,6.4107,5.4685,-0.5338,-15.4810,-2.4770,189.1152,29.0000,6.4107,,2.5818,5.1636,10.3271,12.9089,13.6834,25.9004,5.1636,0.0,2.65,5.016,1.241525,13,25,8,3,1.00000000,-0.08186007,-0.08186007,0E-8,0.000000,0.838567,0.000000,,2026-07-14,2026-07-17,4,25,16,4,1.000000,,1.000000,3.333333,,,,,,,,GLOBAL_BASELINE_NO_ENTITY_RANKING,,,NOT_APPLICABLE_GLOBAL_BASELINE,HF9g-P5,,,,X 全窗基线 · 不参与实体赏罚,3924392,393,A168_HF9F_20260827_0900,2026-08-27 09:00:00
2026-07-15,153016129,1205,0,10.3271112488,-5.1635556244,-5.1635556244,0E-7,2,2,0.49324550000000000,0.493245500000,-0.9865810262130424,-0.9865810262130424,-0.9865810262130424,0E-17,ELIGIBLE,R03b_20260811_FULL_v1,L1_ELIGIBILITY,v2026-08-11,2026-03-21..2026-08-06,baccarat_bet02_101_all_pairs_incl_sentinel,round_win = game_pnl > 0 (decisive only),COMPATIBILITY_ONLY_NOT_PRODUCTION,756.4609,634.3428,-61.9239,118,116,0.08186007,0.08186007,,0.08186007,61.9239,756.4609,OK,0.0000,-2.4770,4.0000,96.0000,AG03-UNRESOLVED,ALL5_LEVELS_bet23_to_bet27,-2.4770,-2.4770,-3.0962,-3.0962,-3.0962,4.000000,4.000000,5.000000,5.000000,5.000000,96.000000,96.000000,95.000000,95.000000,95.000000,5.0,-14.2425,-12.9943,-47.6814,-48.9296,PENDING_AG03,FALSE,NOT_FOR_ENFORCEMENT,-59.4470,608.9691,-61.9239,-59.4470,-2.4770,-0.08186007,-0.07858567,-2.4770,-59.4470,-0.07858567,-2.4770,-2.4770,-3.0962,-3.0962,-3.0962,-59.4470,-0.07858567,-14.2425,-12.9943,-47.6814,-48.9296,-0.06303225,-0.06468229,-0.00327440,6.4107,5.4685,-0.5338,-15.4810,-2.4770,189.1152,29.0000,6.4107,,2.5818,5.1636,10.3271,12.9089,13.6834,25.9004,5.1636,0.0,2.65,5.016,1.241525,13,25,8,3,1.00000000,-0.08186007,-0.08186007,0E-8,0.000000,0.838567,0.000000,,2026-07-14,2026-07-17,4,25,16,4,1.000000,,1.000000,3.333333,,,,,,,,GLOBAL_BASELINE_NO_ENTITY_RANKING,,,NOT_APPLICABLE_GLOBAL_BASELINE,HF9g-P5,,,,X 全窗基线 · 不参与实体赏罚,3924393,393,A168_HF9F_20260827_0900,2026-08-27 09:00:00
2026-07-15,153016129,1299,0,114.8891126429,5.6799111869,5.6799111869,0.4444444,19,19,0.49818425789473684,0.498184257895,-0.45600044492815467,-0.4560004449303869,-0.45600044492815467,-2.6316E-13,ELIGIBLE,R03b_20260811_FULL_v1,L1_ELIGIBILITY,v2026-08-11,2026-03-21..2026-08-06,baccarat_bet02_101_all_pairs_incl_sentinel,round_win = game_pnl > 0 (decisive only),COMPATIBILITY_ONLY_NOT_PRODUCTION,756.4609,634.3428,-61.9239,118,116,0.08186007,0.08186007,,0.08186007,61.9239,756.4609,OK,0.0000,-2.4770,4.0000,96.0000,AG03-UNRESOLVED,ALL5_LEVELS_bet23_to_bet27,-2.4770,-2.4770,-3.0962,-3.0962,-3.0962,4.000000,4.000000,5.000000,5.000000,5.000000,96.000000,96.000000,95.000000,95.000000,95.000000,5.0,-14.2425,-12.9943,-47.6814,-48.9296,PENDING_AG03,FALSE,NOT_FOR_ENFORCEMENT,-59.4470,608.9691,-61.9239,-59.4470,-2.4770,-0.08186007,-0.07858567,-2.4770,-59.4470,-0.07858567,-2.4770,-2.4770,-3.0962,-3.0962,-3.0962,-59.4470,-0.07858567,-14.2425,-12.9943,-47.6814,-48.9296,-0.06303225,-0.06468229,-0.00327440,6.4107,5.4685,-0.5338,-15.4810,-2.4770,189.1152,29.0000,6.4107,,2.5818,5.1636,10.3271,12.9089,13.6834,25.9004,5.1636,0.0,2.65,5.016,1.241525,13,25,8,3,1.00000000,-0.08186007,-0.08186007,0E-8,0.000000,0.838567,0.000000,,2026-07-14,2026-07-17,4,25,16,4,1.000000,,1.000000,3.333333,,,,,,,,GLOBAL_BASELINE_NO_ENTITY_RANKING,,,NOT_APPLICABLE_GLOBAL_BASELINE,HF9g-P5,,,,X 全窗基线 · 不参与实体赏罚,3924394,393,A168_HF9F_20260827_0900,2026-08-27 09:00:00
2026-07-15,153016129,1331,0,7.7453334366,2.3236000310,2.3236000310,0.5000000,2,2,0.50665070000000000,0.506650700000,-0.018812684590367487,-0.018812684590367487,-0.018812684590367487,0E-17,ELIGIBLE,R03b_20260811_FULL_v1,L1_ELIGIBILITY,v2026-08-11,2026-03-21..2026-08-06,baccarat_bet02_101_all_pairs_incl_sentinel,round_win = game_pnl > 0 (decisive only),COMPATIBILITY_ONLY_NOT_PRODUCTION,756.4609,634.3428,-61.9239,118,116,0.08186007,0.08186007,,0.08186007,61.9239,756.4609,OK,0.0000,-2.4770,4.0000,96.0000,AG03-UNRESOLVED,ALL5_LEVELS_bet23_to_bet27,-2.4770,-2.4770,-3.0962,-3.0962,-3.0962,4.000000,4.000000,5.000000,5.000000,5.000000,96.000000,96.000000,95.000000,95.000000,95.000000,5.0,-14.2425,-12.9943,-47.6814,-48.9296,PENDING_AG03,FALSE,NOT_FOR_ENFORCEMENT,-59.4470,608.9691,-61.9239,-59.4470,-2.4770,-0.08186007,-0.07858567,-2.4770,-59.4470,-0.07858567,-2.4770,-2.4770,-3.0962,-3.0962,-3.0962,-59.4470,-0.07858567,-14.2425,-12.9943,-47.6814,-48.9296,-0.06303225,-0.06468229,-0.00327440,6.4107,5.4685,-0.5338,-15.4810,-2.4770,189.1152,29.0000,6.4107,,2.5818,5.1636,10.3271,12.9089,13.6834,25.9004,5.1636,0.0,2.65,5.016,1.241525,13,25,8,3,1.00000000,-0.08186007,-0.08186007,0E-8,0.000000,0.838567,0.000000,,2026-07-14,2026-07-17,4,25,16,4,1.000000,,1.000000,3.333333,,,,,,,,GLOBAL_BASELINE_NO_ENTITY_RANKING,,,NOT_APPLICABLE_GLOBAL_BASELINE,HF9g-P5,,,,X 全窗基线 · 不参与实体赏罚,3924395,393,A168_HF9F_20260827_0900,2026-08-27 09:00:00
2026-07-15,153016129,1490,0,2.5817778122,2.4526889216,2.4526889216,1.0000000,1,1,0.50665070000000000,0.506650700000,0.9867858985152569,0.9867858985152569,0.9867858985152569,0E-17,ELIGIBLE,R03b_20260811_FULL_v1,L1_ELIGIBILITY,v2026-08-11,2026-03-21..2026-08-06,baccarat_bet02_101_all_pairs_incl_sentinel,round_win = game_pnl > 0 (decisive only),COMPATIBILITY_ONLY_NOT_PRODUCTION,756.4609,634.3428,-61.9239,118,116,0.08186007,0.08186007,,0.08186007,61.9239,756.4609,OK,0.0000,-2.4770,4.0000,96.0000,AG03-UNRESOLVED,ALL5_LEVELS_bet23_to_bet27,-2.4770,-2.4770,-3.0962,-3.0962,-3.0962,4.000000,4.000000,5.000000,5.000000,5.000000,96.000000,96.000000,95.000000,95.000000,95.000000,5.0,-14.2425,-12.9943,-47.6814,-48.9296,PENDING_AG03,FALSE,NOT_FOR_ENFORCEMENT,-59.4470,608.9691,-61.9239,-59.4470,-2.4770,-0.08186007,-0.07858567,-2.4770,-59.4470,-0.07858567,-2.4770,-2.4770,-3.0962,-3.0962,-3.0962,-59.4470,-0.07858567,-14.2425,-12.9943,-47.6814,-48.9296,-0.06303225,-0.06468229,-0.00327440,6.4107,5.4685,-0.5338,-15.4810,-2.4770,189.1152,29.0000,6.4107,,2.5818,5.1636,10.3271,12.9089,13.6834,25.9004,5.1636,0.0,2.65,5.016,1.241525,13,25,8,3,1.00000000,-0.08186007,-0.08186007,0E-8,0.000000,0.838567,0.000000,,2026-07-14,2026-07-17,4,25,16,4,1.000000,,1.000000,3.333333,,,,,,,,GLOBAL_BASELINE_NO_ENTITY_RANKING,,,NOT_APPLICABLE_GLOBAL_BASELINE,HF9g-P5,,,,X 全窗基线 · 不参与实体赏罚,3924396,393,A168_HF9F_20260827_0900,2026-08-27 09:00:00
2026-07-15,153016129,1710,0,15.4906668732,-2.5817778122,-2.5817778122,0E-7,2,2,0.49994810000000000,0.499948100000,-0.9998962053866608,-0.9998962053866608,-0.9998962053866608,0E-17,ELIGIBLE,R03b_20260811_FULL_v1,L1_ELIGIBILITY,v2026-08-11,2026-03-21..2026-08-06,baccarat_bet02_101_all_pairs_incl_sentinel,round_win = game_pnl > 0 (decisive only),COMPATIBILITY_ONLY_NOT_PRODUCTION,756.4609,634.3428,-61.9239,118,116,0.08186007,0.08186007,,0.08186007,61.9239,756.4609,OK,0.0000,-2.4770,4.0000,96.0000,AG03-UNRESOLVED,ALL5_LEVELS_bet23_to_bet27,-2.4770,-2.4770,-3.0962,-3.0962,-3.0962,4.000000,4.000000,5.000000,5.000000,5.000000,96.000000,96.000000,95.000000,95.000000,95.000000,5.0,-14.2425,-12.9943,-47.6814,-48.9296,PENDING_AG03,FALSE,NOT_FOR_ENFORCEMENT,-59.4470,608.9691,-61.9239,-59.4470,-2.4770,-0.08186007,-0.07858567,-2.4770,-59.4470,-0.07858567,-2.4770,-2.4770,-3.0962,-3.0962,-3.0962,-59.4470,-0.07858567,-14.2425,-12.9943,-47.6814,-48.9296,-0.06303225,-0.06468229,-0.00327440,6.4107,5.4685,-0.5338,-15.4810,-2.4770,189.1152,29.0000,6.4107,,2.5818,5.1636,10.3271,12.9089,13.6834,25.9004,5.1636,0.0,2.65,5.016,1.241525,13,25,8,3,1.00000000,-0.08186007,-0.08186007,0E-8,0.000000,0.838567,0.000000,,2026-07-14,2026-07-17,4,25,16,4,1.000000,,1.000000,3.333333,,,,,,,,GLOBAL_BASELINE_NO_ENTITY_RANKING,,,NOT_APPLICABLE_GLOBAL_BASELINE,HF9g-P5,,,,X 全窗基线 · 不参与实体赏罚,3924397,393,A168_HF9F_20260827_0900,2026-08-27 09:00:00
2026-07-15,153016129,1951,0,28.3995559342,-8.1326001084,-8.1326001084,0.2857143,8,7,0.46909350000000000,0.469093500000,-0.972210704944344,-0.972210704944344,-0.972210704944344,0E-17,ELIGIBLE,R03b_20260811_FULL_v1,L1_ELIGIBILITY,v2026-08-11,2026-03-21..2026-08-06,baccarat_bet02_101_all_pairs_incl_sentinel,round_win = game_pnl > 0 (decisive only),COMPATIBILITY_ONLY_NOT_PRODUCTION,756.4609,634.3428,-61.9239,118,116,0.08186007,0.08186007,,0.08186007,61.9239,756.4609,OK,0.0000,-2.4770,4.0000,96.0000,AG03-UNRESOLVED,ALL5_LEVELS_bet23_to_bet27,-2.4770,-2.4770,-3.0962,-3.0962,-3.0962,4.000000,4.000000,5.000000,5.000000,5.000000,96.000000,96.000000,95.000000,95.000000,95.000000,5.0,-14.2425,-12.9943,-47.6814,-48.9296,PENDING_AG03,FALSE,NOT_FOR_ENFORCEMENT,-59.4470,608.9691,-61.9239,-59.4470,-2.4770,-0.08186007,-0.07858567,-2.4770,-59.4470,-0.07858567,-2.4770,-2.4770,-3.0962,-3.0962,-3.0962,-59.4470,-0.07858567,-14.2425,-12.9943,-47.6814,-48.9296,-0.06303225,-0.06468229,-0.00327440,6.4107,5.4685,-0.5338,-15.4810,-2.4770,189.1152,29.0000,6.4107,,2.5818,5.1636,10.3271,12.9089,13.6834,25.9004,5.1636,0.0,2.65,5.016,1.241525,13,25,8,3,1.00000000,-0.08186007,-0.08186007,0E-8,0.000000,0.838567,0.000000,,2026-07-14,2026-07-17,4,25,16,4,1.000000,,1.000000,3.333333,,,,,,,,GLOBAL_BASELINE_NO_ENTITY_RANKING,,,NOT_APPLICABLE_GLOBAL_BASELINE,HF9g-P5,,,,X 全窗基线 · 不参与实体赏罚,3924398,393,A168_HF9F_20260827_0900,2026-08-27 09:00:00
2026-07-15,153016129,2108,0,108.4346681124,8.3907778897,8.3907778897,0.5000000,13,12,0.48027393333333333,0.480273933333,0.1367726815953557,0.13677268159767048,0.1367726815953557,3.3333E-13,ELIGIBLE,R03b_20260811_FULL_v1,L1_ELIGIBILITY,v2026-08-11,2026-03-21..2026-08-06,baccarat_bet02_101_all_pairs_incl_sentinel,round_win = game_pnl > 0 (decisive only),COMPATIBILITY_ONLY_NOT_PRODUCTION,756.4609,634.3428,-61.9239,118,116,0.08186007,0.08186007,,0.08186007,61.9239,756.4609,OK,0.0000,-2.4770,4.0000,96.0000,AG03-UNRESOLVED,ALL5_LEVELS_bet23_to_bet27,-2.4770,-2.4770,-3.0962,-3.0962,-3.0962,4.000000,4.000000,5.000000,5.000000,5.000000,96.000000,96.000000,95.000000,95.000000,95.000000,5.0,-14.2425,-12.9943,-47.6814,-48.9296,PENDING_AG03,FALSE,NOT_FOR_ENFORCEMENT,-59.4470,608.9691,-61.9239,-59.4470,-2.4770,-0.08186007,-0.07858567,-2.4770,-59.4470,-0.07858567,-2.4770,-2.4770,-3.0962,-3.0962,-3.0962,-59.4470,-0.07858567,-14.2425,-12.9943,-47.6814,-48.9296,-0.06303225,-0.06468229,-0.00327440,6.4107,5.4685,-0.5338,-15.4810,-2.4770,189.1152,29.0000,6.4107,,2.5818,5.1636,10.3271,12.9089,13.6834,25.9004,5.1636,0.0,2.65,5.016,1.241525,13,25,8,3,1.00000000,-0.08186007,-0.08186007,0E-8,0.000000,0.838567,0.000000,,2026-07-14,2026-07-17,4,25,16,4,1.000000,,1.000000,3.333333,,,,,,,,GLOBAL_BASELINE_NO_ENTITY_RANKING,,,NOT_APPLICABLE_GLOBAL_BASELINE,HF9g-P5,,,,X 全窗基线 · 不参与实体赏罚,3924399,393,A168_HF9F_20260827_0900,2026-08-27 09:00:00
2026-07-15,153016129,2147,0,7.7453334366,-2.5817778122,-2.5817778122,0.5000000,2,2,0.49324550000000000,0.493245500000,0.01910635448239258,0.01910635448239258,0.01910635448239258,0E-17,ELIGIBLE,R03b_20260811_FULL_v1,L1_ELIGIBILITY,v2026-08-11,2026-03-21..2026-08-06,baccarat_bet02_101_all_pairs_incl_sentinel,round_win = game_pnl > 0 (decisive only),COMPATIBILITY_ONLY_NOT_PRODUCTION,756.4609,634.3428,-61.9239,118,116,0.08186007,0.08186007,,0.08186007,61.9239,756.4609,OK,0.0000,-2.4770,4.0000,96.0000,AG03-UNRESOLVED,ALL5_LEVELS_bet23_to_bet27,-2.4770,-2.4770,-3.0962,-3.0962,-3.0962,4.000000,4.000000,5.000000,5.000000,5.000000,96.000000,96.000000,95.000000,95.000000,95.000000,5.0,-14.2425,-12.9943,-47.6814,-48.9296,PENDING_AG03,FALSE,NOT_FOR_ENFORCEMENT,-59.4470,608.9691,-61.9239,-59.4470,-2.4770,-0.08186007,-0.07858567,-2.4770,-59.4470,-0.07858567,-2.4770,-2.4770,-3.0962,-3.0962,-3.0962,-59.4470,-0.07858567,-14.2425,-12.9943,-47.6814,-48.9296,-0.06303225,-0.06468229,-0.00327440,6.4107,5.4685,-0.5338,-15.4810,-2.4770,189.1152,29.0000,6.4107,,2.5818,5.1636,10.3271,12.9089,13.6834,25.9004,5.1636,0.0,2.65,5.016,1.241525,13,25,8,3,1.00000000,-0.08186007,-0.08186007,0E-8,0.000000,0.838567,0.000000,,2026-07-14,2026-07-17,4,25,16,4,1.000000,,1.000000,3.333333,,,,,,,,GLOBAL_BASELINE_NO_ENTITY_RANKING,,,NOT_APPLICABLE_GLOBAL_BASELINE,HF9g-P5,,,,X 全窗基线 · 不参与实体赏罚,3924400,393,A168_HF9F_20260827_0900,2026-08-27 09:00:00
2026-07-15,153016129,2155,0,7.7453334366,-7.7453334366,-7.7453334366,0E-7,2,2,0.49994810000000000,0.499948100000,-1.4140667746232096,-1.4140667746232096,-1.4140667746232096,0E-17,ELIGIBLE,R03b_20260811_FULL_v1,L1_ELIGIBILITY,v2026-08-11,2026-03-21..2026-08-06,baccarat_bet02_101_all_pairs_incl_sentinel,round_win = game_pnl > 0 (decisive only),COMPATIBILITY_ONLY_NOT_PRODUCTION,756.4609,634.3428,-61.9239,118,116,0.08186007,0.08186007,,0.08186007,61.9239,756.4609,OK,0.0000,-2.4770,4.0000,96.0000,AG03-UNRESOLVED,ALL5_LEVELS_bet23_to_bet27,-2.4770,-2.4770,-3.0962,-3.0962,-3.0962,4.000000,4.000000,5.000000,5.000000,5.000000,96.000000,96.000000,95.000000,95.000000,95.000000,5.0,-14.2425,-12.9943,-47.6814,-48.9296,PENDING_AG03,FALSE,NOT_FOR_ENFORCEMENT,-59.4470,608.9691,-61.9239,-59.4470,-2.4770,-0.08186007,-0.07858567,-2.4770,-59.4470,-0.07858567,-2.4770,-2.4770,-3.0962,-3.0962,-3.0962,-59.4470,-0.07858567,-14.2425,-12.9943,-47.6814,-48.9296,-0.06303225,-0.06468229,-0.00327440,6.4107,5.4685,-0.5338,-15.4810,-2.4770,189.1152,29.0000,6.4107,,2.5818,5.1636,10.3271,12.9089,13.6834,25.9004,5.1636,0.0,2.65,5.016,1.241525,13,25,8,3,1.00000000,-0.08186007,-0.08186007,0E-8,0.000000,0.838567,0.000000,,2026-07-14,2026-07-17,4,25,16,4,1.000000,,1.000000,3.333333,,,,,,,,GLOBAL_BASELINE_NO_ENTITY_RANKING,,,NOT_APPLICABLE_GLOBAL_BASELINE,HF9g-P5,,,,X 全窗基线 · 不参与实体赏罚,3924401,393,A168_HF9F_20260827_0900,2026-08-27 09:00:00
2026-07-15,153016129,2167,0,12.9088890610,-12.9088890610,-12.9088890610,0E-7,1,1,0.49324550000000000,0.493245500000,-0.9865810262130424,-0.9865810262130424,-0.9865810262130424,0E-17,ELIGIBLE,R03b_20260811_FULL_v1,L1_ELIGIBILITY,v2026-08-11,2026-03-21..2026-08-06,baccarat_bet02_101_all_pairs_incl_sentinel,round_win = game_pnl > 0 (decisive only),COMPATIBILITY_ONLY_NOT_PRODUCTION,756.4609,634.3428,-61.9239,118,116,0.08186007,0.08186007,,0.08186007,61.9239,756.4609,OK,0.0000,-2.4770,4.0000,96.0000,AG03-UNRESOLVED,ALL5_LEVELS_bet23_to_bet27,-2.4770,-2.4770,-3.0962,-3.0962,-3.0962,4.000000,4.000000,5.000000,5.000000,5.000000,96.000000,96.000000,95.000000,95.000000,95.000000,5.0,-14.2425,-12.9943,-47.6814,-48.9296,PENDING_AG03,FALSE,NOT_FOR_ENFORCEMENT,-59.4470,608.9691,-61.9239,-59.4470,-2.4770,-0.08186007,-0.07858567,-2.4770,-59.4470,-0.07858567,-2.4770,-2.4770,-3.0962,-3.0962,-3.0962,-59.4470,-0.07858567,-14.2425,-12.9943,-47.6814,-48.9296,-0.06303225,-0.06468229,-0.00327440,6.4107,5.4685,-0.5338,-15.4810,-2.4770,189.1152,29.0000,6.4107,,2.5818,5.1636,10.3271,12.9089,13.6834,25.9004,5.1636,0.0,2.65,5.016,1.241525,13,25,8,3,1.00000000,-0.08186007,-0.08186007,0E-8,0.000000,0.838567,0.000000,,2026-07-14,2026-07-17,4,25,16,4,1.000000,,1.000000,3.333333,,,,,,,,GLOBAL_BASELINE_NO_ENTITY_RANKING,,,NOT_APPLICABLE_GLOBAL_BASELINE,HF9g-P5,,,,X 全窗基线 · 不参与实体赏罚,3924402,393,A168_HF9F_20260827_0900,2026-08-27 09:00:00
2026-07-15,153016129,2210,0,23.2360003098,-5.4217334056,-5.4217334056,0.3333333,8,8,0.49827245000000000,0.498272450000,-0.8080381719969413,-0.8080381719969413,-0.8080381719969413,0E-17,ELIGIBLE,R03b_20260811_FULL_v1,L1_ELIGIBILITY,v2026-08-11,2026-03-21..2026-08-06,baccarat_bet02_101_all_pairs_incl_sentinel,round_win = game_pnl > 0 (decisive only),COMPATIBILITY_ONLY_NOT_PRODUCTION,756.4609,634.3428,-61.9239,118,116,0.08186007,0.08186007,,0.08186007,61.9239,756.4609,OK,0.0000,-2.4770,4.0000,96.0000,AG03-UNRESOLVED,ALL5_LEVELS_bet23_to_bet27,-2.4770,-2.4770,-3.0962,-3.0962,-3.0962,4.000000,4.000000,5.000000,5.000000,5.000000,96.000000,96.000000,95.000000,95.000000,95.000000,5.0,-14.2425,-12.9943,-47.6814,-48.9296,PENDING_AG03,FALSE,NOT_FOR_ENFORCEMENT,-59.4470,608.9691,-61.9239,-59.4470,-2.4770,-0.08186007,-0.07858567,-2.4770,-59.4470,-0.07858567,-2.4770,-2.4770,-3.0962,-3.0962,-3.0962,-59.4470,-0.07858567,-14.2425,-12.9943,-47.6814,-48.9296,-0.06303225,-0.06468229,-0.00327440,6.4107,5.4685,-0.5338,-15.4810,-2.4770,189.1152,29.0000,6.4107,,2.5818,5.1636,10.3271,12.9089,13.6834,25.9004,5.1636,0.0,2.65,5.016,1.241525,13,25,8,3,1.00000000,-0.08186007,-0.08186007,0E-8,0.000000,0.838567,0.000000,,2026-07-14,2026-07-17,4,25,16,4,1.000000,,1.000000,3.333333,,,,,,,,GLOBAL_BASELINE_NO_ENTITY_RANKING,,,NOT_APPLICABLE_GLOBAL_BASELINE,HF9g-P5,,,,X 全窗基线 · 不参与实体赏罚,3924403,393,A168_HF9F_20260827_0900,2026-08-27 09:00:00
2026-07-15,153016129,2271,0,15.4906668732,14.7161335296,14.7161335296,1.0000000,2,2,0.50665070000000000,0.506650700000,1.3955260008387969,1.3955260008387969,1.3955260008387969,0E-17,ELIGIBLE,R03b_20260811_FULL_v1,L1_ELIGIBILITY,v2026-08-11,2026-03-21..2026-08-06,baccarat_bet02_101_all_pairs_incl_sentinel,round_win = game_pnl > 0 (decisive only),COMPATIBILITY_ONLY_NOT_PRODUCTION,756.4609,634.3428,-61.9239,118,116,0.08186007,0.08186007,,0.08186007,61.9239,756.4609,OK,0.0000,-2.4770,4.0000,96.0000,AG03-UNRESOLVED,ALL5_LEVELS_bet23_to_bet27,-2.4770,-2.4770,-3.0962,-3.0962,-3.0962,4.000000,4.000000,5.000000,5.000000,5.000000,96.000000,96.000000,95.000000,95.000000,95.000000,5.0,-14.2425,-12.9943,-47.6814,-48.9296,PENDING_AG03,FALSE,NOT_FOR_ENFORCEMENT,-59.4470,608.9691,-61.9239,-59.4470,-2.4770,-0.08186007,-0.07858567,-2.4770,-59.4470,-0.07858567,-2.4770,-2.4770,-3.0962,-3.0962,-3.0962,-59.4470,-0.07858567,-14.2425,-12.9943,-47.6814,-48.9296,-0.06303225,-0.06468229,-0.00327440,6.4107,5.4685,-0.5338,-15.4810,-2.4770,189.1152,29.0000,6.4107,,2.5818,5.1636,10.3271,12.9089,13.6834,25.9004,5.1636,0.0,2.65,5.016,1.241525,13,25,8,3,1.00000000,-0.08186007,-0.08186007,0E-8,0.000000,0.838567,0.000000,,2026-07-14,2026-07-17,4,25,16,4,1.000000,,1.000000,3.333333,,,,,,,,GLOBAL_BASELINE_NO_ENTITY_RANKING,,,NOT_APPLICABLE_GLOBAL_BASELINE,HF9g-P5,,,,X 全窗基线 · 不参与实体赏罚,3924404,393,A168_HF9F_20260827_0900,2026-08-27 09:00:00
2026-07-15,153016129,2287,0,67.1262231172,12.9088890610,12.9088890610,0.6000000,7,7,0.49899058571428571,0.498990585714,0.4517287539699235,0.45172875397120177,0.4517287539699235,2.8571E-13,ELIGIBLE,R03b_20260811_FULL_v1,L1_ELIGIBILITY,v2026-08-11,2026-03-21..2026-08-06,baccarat_bet02_101_all_pairs_incl_sentinel,round_win = game_pnl > 0 (decisive only),COMPATIBILITY_ONLY_NOT_PRODUCTION,756.4609,634.3428,-61.9239,118,116,0.08186007,0.08186007,,0.08186007,61.9239,756.4609,OK,0.0000,-2.4770,4.0000,96.0000,AG03-UNRESOLVED,ALL5_LEVELS_bet23_to_bet27,-2.4770,-2.4770,-3.0962,-3.0962,-3.0962,4.000000,4.000000,5.000000,5.000000,5.000000,96.000000,96.000000,95.000000,95.000000,95.000000,5.0,-14.2425,-12.9943,-47.6814,-48.9296,PENDING_AG03,FALSE,NOT_FOR_ENFORCEMENT,-59.4470,608.9691,-61.9239,-59.4470,-2.4770,-0.08186007,-0.07858567,-2.4770,-59.4470,-0.07858567,-2.4770,-2.4770,-3.0962,-3.0962,-3.0962,-59.4470,-0.07858567,-14.2425,-12.9943,-47.6814,-48.9296,-0.06303225,-0.06468229,-0.00327440,6.4107,5.4685,-0.5338,-15.4810,-2.4770,189.1152,29.0000,6.4107,,2.5818,5.1636,10.3271,12.9089,13.6834,25.9004,5.1636,0.0,2.65,5.016,1.241525,13,25,8,3,1.00000000,-0.08186007,-0.08186007,0E-8,0.000000,0.838567,0.000000,,2026-07-14,2026-07-17,4,25,16,4,1.000000,,1.000000,3.333333,,,,,,,,GLOBAL_BASELINE_NO_ENTITY_RANKING,,,NOT_APPLICABLE_GLOBAL_BASELINE,HF9g-P5,,,,X 全窗基线 · 不参与实体赏罚,3924405,393,A168_HF9F_20260827_0900,2026-08-27 09:00:00
2026-07-15,153016129,2288,0,10.3271112488,2.5817778122,2.5817778122,0.6666667,4,4,0.49994810000000000,0.499948100000,0.5775300591747329,0.5775300591747329,0.5775300591747329,0E-17,ELIGIBLE,R03b_20260811_FULL_v1,L1_ELIGIBILITY,v2026-08-11,2026-03-21..2026-08-06,baccarat_bet02_101_all_pairs_incl_sentinel,round_win = game_pnl > 0 (decisive only),COMPATIBILITY_ONLY_NOT_PRODUCTION,756.4609,634.3428,-61.9239,118,116,0.08186007,0.08186007,,0.08186007,61.9239,756.4609,OK,0.0000,-2.4770,4.0000,96.0000,AG03-UNRESOLVED,ALL5_LEVELS_bet23_to_bet27,-2.4770,-2.4770,-3.0962,-3.0962,-3.0962,4.000000,4.000000,5.000000,5.000000,5.000000,96.000000,96.000000,95.000000,95.000000,95.000000,5.0,-14.2425,-12.9943,-47.6814,-48.9296,PENDING_AG03,FALSE,NOT_FOR_ENFORCEMENT,-59.4470,608.9691,-61.9239,-59.4470,-2.4770,-0.08186007,-0.07858567,-2.4770,-59.4470,-0.07858567,-2.4770,-2.4770,-3.0962,-3.0962,-3.0962,-59.4470,-0.07858567,-14.2425,-12.9943,-47.6814,-48.9296,-0.06303225,-0.06468229,-0.00327440,6.4107,5.4685,-0.5338,-15.4810,-2.4770,189.1152,29.0000,6.4107,,2.5818,5.1636,10.3271,12.9089,13.6834,25.9004,5.1636,0.0,2.65,5.016,1.241525,13,25,8,3,1.00000000,-0.08186007,-0.08186007,0E-8,0.000000,0.838567,0.000000,,2026-07-14,2026-07-17,4,25,16,4,1.000000,,1.000000,3.333333,,,,,,,,GLOBAL_BASELINE_NO_ENTITY_RANKING,,,NOT_APPLICABLE_GLOBAL_BASELINE,HF9g-P5,,,,X 全窗基线 · 不参与实体赏罚,3924406,393,A168_HF9F_20260827_0900,2026-08-27 09:00:00
2026-07-15,153016129,550,0,2.5817778122,2.4526889216,2.4526889216,1.0000000,1,1,0.50665070000000000,0.506650700000,0.9867858985152569,0.9867858985152569,0.9867858985152569,0E-17,ELIGIBLE,R03b_20260811_FULL_v1,L1_ELIGIBILITY,v2026-08-11,2026-03-21..2026-08-06,baccarat_bet02_101_all_pairs_incl_sentinel,round_win = game_pnl > 0 (decisive only),COMPATIBILITY_ONLY_NOT_PRODUCTION,756.4609,634.3428,-61.9239,118,116,0.08186007,0.08186007,,0.08186007,61.9239,756.4609,OK,0.0000,-2.4770,4.0000,96.0000,AG03-UNRESOLVED,ALL5_LEVELS_bet23_to_bet27,-2.4770,-2.4770,-3.0962,-3.0962,-3.0962,4.000000,4.000000,5.000000,5.000000,5.000000,96.000000,96.000000,95.000000,95.000000,95.000000,5.0,-14.2425,-12.9943,-47.6814,-48.9296,PENDING_AG03,FALSE,NOT_FOR_ENFORCEMENT,-59.4470,608.9691,-61.9239,-59.4470,-2.4770,-0.08186007,-0.07858567,-2.4770,-59.4470,-0.07858567,-2.4770,-2.4770,-3.0962,-3.0962,-3.0962,-59.4470,-0.07858567,-14.2425,-12.9943,-47.6814,-48.9296,-0.06303225,-0.06468229,-0.00327440,6.4107,5.4685,-0.5338,-15.4810,-2.4770,189.1152,29.0000,6.4107,,2.5818,5.1636,10.3271,12.9089,13.6834,25.9004,5.1636,0.0,2.65,5.016,1.241525,13,25,8,3,1.00000000,-0.08186007,-0.08186007,0E-8,0.000000,0.838567,0.000000,,2026-07-14,2026-07-17,4,25,16,4,1.000000,,1.000000,3.333333,,,,,,,,GLOBAL_BASELINE_NO_ENTITY_RANKING,,,NOT_APPLICABLE_GLOBAL_BASELINE,HF9g-P5,,,,X 全窗基线 · 不参与实体赏罚,3924407,393,A168_HF9F_20260827_0900,2026-08-27 09:00:00
2026-07-15,153016129,595,0,2.5817778122,-2.5817778122,-2.5817778122,0E-7,1,1,0.50665070000000000,0.506650700000,-1.013391052207602,-1.013391052207602,-1.013391052207602,0E-17,ELIGIBLE,R03b_20260811_FULL_v1,L1_ELIGIBILITY,v2026-08-11,2026-03-21..2026-08-06,baccarat_bet02_101_all_pairs_incl_sentinel,round_win = game_pnl > 0 (decisive only),COMPATIBILITY_ONLY_NOT_PRODUCTION,756.4609,634.3428,-61.9239,118,116,0.08186007,0.08186007,,0.08186007,61.9239,756.4609,OK,0.0000,-2.4770,4.0000,96.0000,AG03-UNRESOLVED,ALL5_LEVELS_bet23_to_bet27,-2.4770,-2.4770,-3.0962,-3.0962,-3.0962,4.000000,4.000000,5.000000,5.000000,5.000000,96.000000,96.000000,95.000000,95.000000,95.000000,5.0,-14.2425,-12.9943,-47.6814,-48.9296,PENDING_AG03,FALSE,NOT_FOR_ENFORCEMENT,-59.4470,608.9691,-61.9239,-59.4470,-2.4770,-0.08186007,-0.07858567,-2.4770,-59.4470,-0.07858567,-2.4770,-2.4770,-3.0962,-3.0962,-3.0962,-59.4470,-0.07858567,-14.2425,-12.9943,-47.6814,-48.9296,-0.06303225,-0.06468229,-0.00327440,6.4107,5.4685,-0.5338,-15.4810,-2.4770,189.1152,29.0000,6.4107,,2.5818,5.1636,10.3271,12.9089,13.6834,25.9004,5.1636,0.0,2.65,5.016,1.241525,13,25,8,3,1.00000000,-0.08186007,-0.08186007,0E-8,0.000000,0.838567,0.000000,,2026-07-14,2026-07-17,4,25,16,4,1.000000,,1.000000,3.333333,,,,,,,,GLOBAL_BASELINE_NO_ENTITY_RANKING,,,NOT_APPLICABLE_GLOBAL_BASELINE,HF9g-P5,,,,X 全窗基线 · 不参与实体赏罚,3924408,393,A168_HF9F_20260827_0900,2026-08-27 09:00:00
2026-07-15,153016129,772,0,10.3271112488,2.3236000310,2.3236000310,0.5000000,3,3,0.50218230000000000,0.502182300000,-0.00617253530718887,-0.00617253530718887,-0.00617253530718887,0E-17,ELIGIBLE,R03b_20260811_FULL_v1,L1_ELIGIBILITY,v2026-08-11,2026-03-21..2026-08-06,baccarat_bet02_101_all_pairs_incl_sentinel,round_win = game_pnl > 0 (decisive only),COMPATIBILITY_ONLY_NOT_PRODUCTION,756.4609,634.3428,-61.9239,118,116,0.08186007,0.08186007,,0.08186007,61.9239,756.4609,OK,0.0000,-2.4770,4.0000,96.0000,AG03-UNRESOLVED,ALL5_LEVELS_bet23_to_bet27,-2.4770,-2.4770,-3.0962,-3.0962,-3.0962,4.000000,4.000000,5.000000,5.000000,5.000000,96.000000,96.000000,95.000000,95.000000,95.000000,5.0,-14.2425,-12.9943,-47.6814,-48.9296,PENDING_AG03,FALSE,NOT_FOR_ENFORCEMENT,-59.4470,608.9691,-61.9239,-59.4470,-2.4770,-0.08186007,-0.07858567,-2.4770,-59.4470,-0.07858567,-2.4770,-2.4770,-3.0962,-3.0962,-3.0962,-59.4470,-0.07858567,-14.2425,-12.9943,-47.6814,-48.9296,-0.06303225,-0.06468229,-0.00327440,6.4107,5.4685,-0.5338,-15.4810,-2.4770,189.1152,29.0000,6.4107,,2.5818,5.1636,10.3271,12.9089,13.6834,25.9004,5.1636,0.0,2.65,5.016,1.241525,13,25,8,3,1.00000000,-0.08186007,-0.08186007,0E-8,0.000000,0.838567,0.000000,,2026-07-14,2026-07-17,4,25,16,4,1.000000,,1.000000,3.333333,,,,,,,,GLOBAL_BASELINE_NO_ENTITY_RANKING,,,NOT_APPLICABLE_GLOBAL_BASELINE,HF9g-P5,,,,X 全窗基线 · 不参与实体赏罚,3924409,393,A168_HF9F_20260827_0900,2026-08-27 09:00:00
2026-07-15,153016129,915,0,7.7453334366,-0.1290888906,-0.1290888906,0.5000000,3,3,0.49771390000000000,0.497713900000,0.006466134837551399,0.0064661348375514,0.006466134837551399,0E-17,ELIGIBLE,R03b_20260811_FULL_v1,L1_ELIGIBILITY,v2026-08-11,2026-03-21..2026-08-06,baccarat_bet02_101_all_pairs_incl_sentinel,round_win = game_pnl > 0 (decisive only),COMPATIBILITY_ONLY_NOT_PRODUCTION,756.4609,634.3428,-61.9239,118,116,0.08186007,0.08186007,,0.08186007,61.9239,756.4609,OK,0.0000,-2.4770,4.0000,96.0000,AG03-UNRESOLVED,ALL5_LEVELS_bet23_to_bet27,-2.4770,-2.4770,-3.0962,-3.0962,-3.0962,4.000000,4.000000,5.000000,5.000000,5.000000,96.000000,96.000000,95.000000,95.000000,95.000000,5.0,-14.2425,-12.9943,-47.6814,-48.9296,PENDING_AG03,FALSE,NOT_FOR_ENFORCEMENT,-59.4470,608.9691,-61.9239,-59.4470,-2.4770,-0.08186007,-0.07858567,-2.4770,-59.4470,-0.07858567,-2.4770,-2.4770,-3.0962,-3.0962,-3.0962,-59.4470,-0.07858567,-14.2425,-12.9943,-47.6814,-48.9296,-0.06303225,-0.06468229,-0.00327440,6.4107,5.4685,-0.5338,-15.4810,-2.4770,189.1152,29.0000,6.4107,,2.5818,5.1636,10.3271,12.9089,13.6834,25.9004,5.1636,0.0,2.65,5.016,1.241525,13,25,8,3,1.00000000,-0.08186007,-0.08186007,0E-8,0.000000,0.838567,0.000000,,2026-07-14,2026-07-17,4,25,16,4,1.000000,,1.000000,3.333333,,,,,,,,GLOBAL_BASELINE_NO_ENTITY_RANKING,,,NOT_APPLICABLE_GLOBAL_BASELINE,HF9g-P5,,,,X 全窗基线 · 不参与实体赏罚,3924410,393,A168_HF9F_20260827_0900,2026-08-27 09:00:00
2026-07-15,153016129,919,0,18.0724446854,-8.0035112178,-8.0035112178,0.3333333,3,3,0.50665070000000000,0.506650700000,-0.6004420894325239,-0.6004420894325239,-0.6004420894325239,0E-17,ELIGIBLE,R03b_20260811_FULL_v1,L1_ELIGIBILITY,v2026-08-11,2026-03-21..2026-08-06,baccarat_bet02_101_all_pairs_incl_sentinel,round_win = game_pnl > 0 (decisive only),COMPATIBILITY_ONLY_NOT_PRODUCTION,756.4609,634.3428,-61.9239,118,116,0.08186007,0.08186007,,0.08186007,61.9239,756.4609,OK,0.0000,-2.4770,4.0000,96.0000,AG03-UNRESOLVED,ALL5_LEVELS_bet23_to_bet27,-2.4770,-2.4770,-3.0962,-3.0962,-3.0962,4.000000,4.000000,5.000000,5.000000,5.000000,96.000000,96.000000,95.000000,95.000000,95.000000,5.0,-14.2425,-12.9943,-47.6814,-48.9296,PENDING_AG03,FALSE,NOT_FOR_ENFORCEMENT,-59.4470,608.9691,-61.9239,-59.4470,-2.4770,-0.08186007,-0.07858567,-2.4770,-59.4470,-0.07858567,-2.4770,-2.4770,-3.0962,-3.0962,-3.0962,-59.4470,-0.07858567,-14.2425,-12.9943,-47.6814,-48.9296,-0.06303225,-0.06468229,-0.00327440,6.4107,5.4685,-0.5338,-15.4810,-2.4770,189.1152,29.0000,6.4107,,2.5818,5.1636,10.3271,12.9089,13.6834,25.9004,5.1636,0.0,2.65,5.016,1.241525,13,25,8,3,1.00000000,-0.08186007,-0.08186007,0E-8,0.000000,0.838567,0.000000,,2026-07-14,2026-07-17,4,25,16,4,1.000000,,1.000000,3.333333,,,,,,,,GLOBAL_BASELINE_NO_ENTITY_RANKING,,,NOT_APPLICABLE_GLOBAL_BASELINE,HF9g-P5,,,,X 全窗基线 · 不参与实体赏罚,3924411,393,A168_HF9F_20260827_0900,2026-08-27 09:00:00
2026-07-16,153016129,2174,0,69.4498231482,-9.7849379083,-9.7849379083,0.6000000,5,5,0.50128862000000000,0.501288620000,0.4414521777673877,0.4414521777673877,0.4414521777673877,0E-17,ELIGIBLE,R03b_20260811_FULL_v1,L1_ELIGIBILITY,v2026-08-11,2026-03-21..2026-08-06,baccarat_bet02_101_all_pairs_incl_sentinel,round_win = game_pnl > 0 (decisive only),COMPATIBILITY_ONLY_NOT_PRODUCTION,756.4609,634.3428,-61.9239,118,116,0.08186007,0.08186007,,0.08186007,61.9239,756.4609,OK,0.0000,-2.4770,4.0000,96.0000,AG03-UNRESOLVED,ALL5_LEVELS_bet23_to_bet27,-2.4770,-2.4770,-3.0962,-3.0962,-3.0962,4.000000,4.000000,5.000000,5.000000,5.000000,96.000000,96.000000,95.000000,95.000000,95.000000,5.0,-14.2425,-12.9943,-47.6814,-48.9296,PENDING_AG03,FALSE,NOT_FOR_ENFORCEMENT,-59.4470,608.9691,-61.9239,-59.4470,-2.4770,-0.08186007,-0.07858567,-2.4770,-59.4470,-0.07858567,-2.4770,-2.4770,-3.0962,-3.0962,-3.0962,-59.4470,-0.07858567,-14.2425,-12.9943,-47.6814,-48.9296,-0.06303225,-0.06468229,-0.00327440,6.4107,5.4685,-0.5338,-15.4810,-2.4770,189.1152,29.0000,6.4107,,2.5818,5.1636,10.3271,12.9089,13.6834,25.9004,5.1636,0.0,2.65,5.016,1.241525,13,25,8,3,1.00000000,-0.08186007,-0.08186007,0E-8,0.000000,0.838567,0.000000,,2026-07-14,2026-07-17,4,25,16,4,1.000000,,1.000000,3.333333,,,,,,,,GLOBAL_BASELINE_NO_ENTITY_RANKING,,,NOT_APPLICABLE_GLOBAL_BASELINE,HF9g-P5,,,,X 全窗基线 · 不参与实体赏罚,3924412,393,A168_HF9F_20260827_0900,2026-08-27 09:00:00
2026-07-16,153016129,2281,0,24.7850669972,7.3580667648,7.3580667648,1.0000000,5,5,0.50128862000000000,0.501288620000,1.410573479250998,1.410573479250998,1.410573479250998,0E-17,ELIGIBLE,R03b_20260811_FULL_v1,L1_ELIGIBILITY,v2026-08-11,2026-03-21..2026-08-06,baccarat_bet02_101_all_pairs_incl_sentinel,round_win = game_pnl > 0 (decisive only),COMPATIBILITY_ONLY_NOT_PRODUCTION,756.4609,634.3428,-61.9239,118,116,0.08186007,0.08186007,,0.08186007,61.9239,756.4609,OK,0.0000,-2.4770,4.0000,96.0000,AG03-UNRESOLVED,ALL5_LEVELS_bet23_to_bet27,-2.4770,-2.4770,-3.0962,-3.0962,-3.0962,4.000000,4.000000,5.000000,5.000000,5.000000,96.000000,96.000000,95.000000,95.000000,95.000000,5.0,-14.2425,-12.9943,-47.6814,-48.9296,PENDING_AG03,FALSE,NOT_FOR_ENFORCEMENT,-59.4470,608.9691,-61.9239,-59.4470,-2.4770,-0.08186007,-0.07858567,-2.4770,-59.4470,-0.07858567,-2.4770,-2.4770,-3.0962,-3.0962,-3.0962,-59.4470,-0.07858567,-14.2425,-12.9943,-47.6814,-48.9296,-0.06303225,-0.06468229,-0.00327440,6.4107,5.4685,-0.5338,-15.4810,-2.4770,189.1152,29.0000,6.4107,,2.5818,5.1636,10.3271,12.9089,13.6834,25.9004,5.1636,0.0,2.65,5.016,1.241525,13,25,8,3,1.00000000,-0.08186007,-0.08186007,0E-8,0.000000,0.838567,0.000000,,2026-07-14,2026-07-17,4,25,16,4,1.000000,,1.000000,3.333333,,,,,,,,GLOBAL_BASELINE_NO_ENTITY_RANKING,,,NOT_APPLICABLE_GLOBAL_BASELINE,HF9g-P5,,,,X 全窗基线 · 不参与实体赏罚,3924413,393,A168_HF9F_20260827_0900,2026-08-27 09:00:00
2026-07-17,153016129,1302,0,22.9778225286,7.4871556554,7.4871556554,0.6666667,4,4,0.49659680000000000,0.496596800000,0.5891529468324541,0.589152946832454,0.5891529468324541,0E-17,ELIGIBLE,R03b_20260811_FULL_v1,L1_ELIGIBILITY,v2026-08-11,2026-03-21..2026-08-06,baccarat_bet02_101_all_pairs_incl_sentinel,round_win = game_pnl > 0 (decisive only),COMPATIBILITY_ONLY_NOT_PRODUCTION,756.4609,634.3428,-61.9239,118,116,0.08186007,0.08186007,,0.08186007,61.9239,756.4609,OK,0.0000,-2.4770,4.0000,96.0000,AG03-UNRESOLVED,ALL5_LEVELS_bet23_to_bet27,-2.4770,-2.4770,-3.0962,-3.0962,-3.0962,4.000000,4.000000,5.000000,5.000000,5.000000,96.000000,96.000000,95.000000,95.000000,95.000000,5.0,-14.2425,-12.9943,-47.6814,-48.9296,PENDING_AG03,FALSE,NOT_FOR_ENFORCEMENT,-59.4470,608.9691,-61.9239,-59.4470,-2.4770,-0.08186007,-0.07858567,-2.4770,-59.4470,-0.07858567,-2.4770,-2.4770,-3.0962,-3.0962,-3.0962,-59.4470,-0.07858567,-14.2425,-12.9943,-47.6814,-48.9296,-0.06303225,-0.06468229,-0.00327440,6.4107,5.4685,-0.5338,-15.4810,-2.4770,189.1152,29.0000,6.4107,,2.5818,5.1636,10.3271,12.9089,13.6834,25.9004,5.1636,0.0,2.65,5.016,1.241525,13,25,8,3,1.00000000,-0.08186007,-0.08186007,0E-8,0.000000,0.838567,0.000000,,2026-07-14,2026-07-17,4,25,16,4,1.000000,,1.000000,3.333333,,,,,,,,GLOBAL_BASELINE_NO_ENTITY_RANKING,,,NOT_APPLICABLE_GLOBAL_BASELINE,HF9g-P5,,,,X 全窗基线 · 不参与实体赏罚,3924414,393,A168_HF9F_20260827_0900,2026-08-27 09:00:00
2026-04-03,126421712,-1,1,65.1781273722,61.9192210036,61.9192210036,1.0000000,1,1,0.50665070000000000,0.506650700000,0.9867858985152569,0.9867858985152569,0.9867858985152569,0E-17,SENTINEL_DEALER,R03b_20260811_FULL_v1,L1_ELIGIBILITY,v2026-08-11,2026-03-21..2026-08-06,baccarat_bet02_101_all_pairs_incl_sentinel,round_win = game_pnl > 0 (decisive only),COMPATIBILITY_ONLY_NOT_PRODUCTION,65.1781,65.1781,-61.9192,1,1,0.95000000,,0.95000000,0.95000000,61.9192,65.1781,THIN_EXPOSURE,0.0000,-2.4768,4.0000,96.0000,AG03-UNRESOLVED,ALL5_LEVELS_bet23_to_bet27,-2.4768,-2.4768,-2.4768,-3.0960,-3.0960,4.000000,4.000000,4.000000,5.000000,5.000000,96.000000,96.000000,96.000000,95.000000,95.000000,5.0,-13.6222,-12.4783,-48.2970,-49.4409,PENDING_AG03,FALSE,NOT_FOR_ENFORCEMENT,-59.4425,62.5710,-61.9192,-59.4425,-2.4768,-0.95000000,-0.91200000,-2.4768,-59.4425,-0.91200000,-2.4768,-2.4768,-2.4768,-3.0960,-3.0960,-59.4425,-0.91200000,-13.6222,-12.4783,-48.2970,-49.4409,-0.74100000,-0.75855053,-0.03800000,65.1781,65.1781,-61.9192,-61.9192,-61.9192,65.1781,1.0000,,65.1781,65.1781,65.1781,65.1781,65.1781,65.1781,65.1781,65.1781,61.9192,1.0,1.0,1.0,1,1,1,1,0E-8,-0.95000000,,0E-8,0.000000,1.000000,0.000000,,2026-04-03,2026-04-03,1,1,1,1,1.000000,,,0.000000,,,,,,,,GLOBAL_BASELINE_NO_ENTITY_RANKING,,,NOT_APPLICABLE_GLOBAL_BASELINE,HF9g-P5,,,,X 全窗基线 · 不参与实体赏罚,3924415,393,A168_HF9F_20260827_0900,2026-08-27 09:00:00
2026-04-24,149097239,2256,0,65.1781273722,61.9192210036,61.9192210036,1.0000000,1,1,0.50665070000000000,0.506650700000,0.9867858985152569,0.9867858985152569,0.9867858985152569,0E-17,ELIGIBLE,R03b_20260811_FULL_v1,L1_ELIGIBILITY,v2026-08-11,2026-03-21..2026-08-06,baccarat_bet02_101_all_pairs_incl_sentinel,round_win = game_pnl > 0 (decisive only),COMPATIBILITY_ONLY_NOT_PRODUCTION,65.1781,65.1781,-61.9192,1,1,0.95000000,,0.95000000,0.95000000,61.9192,65.1781,THIN_EXPOSURE,0.0000,-2.4768,4.0000,96.0000,AG03-UNRESOLVED,ALL5_LEVELS_bet23_to_bet27,-2.4768,-2.4768,-3.0960,-3.0960,-3.0960,4.000000,4.000000,5.000000,5.000000,5.000000,96.000000,96.000000,95.000000,95.000000,95.000000,5.0,-14.2414,-12.9933,-47.6778,-48.9259,PENDING_AG03,FALSE,NOT_FOR_ENFORCEMENT,-59.4425,62.5710,-61.9192,-59.4425,-2.4768,-0.95000000,-0.91200000,-2.4768,-59.4425,-0.91200000,-2.4768,-2.4768,-3.0960,-3.0960,-3.0960,-59.4425,-0.91200000,-14.2414,-12.9933,-47.6778,-48.9259,-0.73150000,-0.75064896,-0.03800000,65.1781,65.1781,-61.9192,-61.9192,-61.9192,65.1781,1.0000,,65.1781,65.1781,65.1781,65.1781,65.1781,65.1781,65.1781,65.1781,61.9192,1.0,1.0,1.0,1,1,1,1,0E-8,-0.95000000,,0E-8,0.000000,1.000000,0.000000,,2026-04-24,2026-04-24,1,1,1,1,1.000000,,,0.000000,,,,,,,,GLOBAL_BASELINE_NO_ENTITY_RANKING,,,NOT_APPLICABLE_GLOBAL_BASELINE,HF9g-P5,,,,X 全窗基线 · 不参与实体赏罚,3924416,393,A168_HF9F_20260827_0900,2026-08-27 09:00:00
2026-05-22,150396897,2267,0,232.1184749503,61.9157651509,61.9157651509,0.6153846,13,13,0.49840134615384615,0.498401346154,0.8435826630554175,0.8435826630543072,0.8435826630554175,-1.5385E-13,ELIGIBLE,R03b_20260811_FULL_v1,L1_ELIGIBILITY,v2026-08-11,2026-03-21..2026-08-06,baccarat_bet02_101_all_pairs_incl_sentinel,round_win = game_pnl > 0 (decisive only),COMPATIBILITY_ONLY_NOT_PRODUCTION,232.1185,232.1185,-61.9158,13,13,0.26674208,,0.26674208,0.26674208,61.9158,232.1185,THIN_EXPOSURE,0.0000,-2.4766,4.0000,96.0000,AG03-UNRESOLVED,ALL5_LEVELS_bet23_to_bet27,-2.4766,-2.4766,-2.4766,-3.7149,-3.7149,4.000000,4.000000,4.000000,6.000000,6.000000,96.000000,96.000000,96.000000,94.000000,94.000000,5.0,-14.8598,-13.5129,-47.0560,-48.4028,PENDING_AG03,FALSE,NOT_FOR_ENFORCEMENT,-59.4391,222.8337,-61.9158,-59.4391,-2.4766,-0.26674208,-0.25607240,-2.4766,-59.4391,-0.25607240,-2.4766,-2.4766,-2.4766,-3.7149,-3.7149,-59.4391,-0.25607240,-14.8598,-13.5129,-47.0560,-48.4028,-0.20272398,-0.20852635,-0.01066968,17.8553,17.8553,-4.7628,-61.9158,-61.9158,232.1185,13.0000,,17.8553,11.2908,21.0062,21.0062,21.0062,21.0062,21.0062,21.0062,10.9757,1.0,1.0,0.85,1,1,1,2,0E-8,-0.26674208,,0E-8,0.000000,1.000000,0.000000,,2026-05-22,2026-05-22,1,1,1,1,1.000000,,,0.000000,,,,,,,,GLOBAL_BASELINE_NO_ENTITY_RANKING,,,NOT_APPLICABLE_GLOBAL_BASELINE,HF9g-P5,,,,X 全窗基线 · 不参与实体赏罚,3924417,393,A168_HF9F_20260827_0900,2026-08-27 09:00:00
2026-03-22,146959156,2093,0,50.0302814862,50.0302814862,50.0302814862,1.0000000,1,1,0.49324550000000000,0.493245500000,1.01360149184955,1.01360149184955,1.01360149184955,0E-17,ELIGIBLE,R03b_20260811_FULL_v1,L1_ELIGIBILITY,v2026-08-11,2026-03-21..2026-08-06,baccarat_bet02_101_all_pairs_incl_sentinel,round_win = game_pnl > 0 (decisive only),COMPATIBILITY_ONLY_NOT_PRODUCTION,347.4122,297.3820,-61.2770,9,9,0.17638110,,0.17638110,0.17638110,61.2770,347.4122,THIN_EXPOSURE,0.0000,-1.8383,3.0000,97.0000,AG03-UNRESOLVED,ALL5_LEVELS_bet23_to_bet27,-1.8383,-1.8383,-1.8383,-2.4511,-2.4511,3.000000,3.000000,3.000000,4.000000,4.000000,97.000000,97.000000,97.000000,96.000000,96.000000,5.0,-10.4171,-9.7357,-50.8599,-51.5412,PENDING_AG03,FALSE,NOT_FOR_ENFORCEMENT,-59.4386,288.4605,-61.2770,-59.4386,-1.8383,-0.17638110,-0.17108967,-1.8383,-59.4386,-0.17108967,-1.8383,-1.8383,-1.8383,-2.4511,-2.4511,-59.4386,-0.17108967,-10.4171,-9.7357,-50.8599,-51.5412,-0.14639631,-0.14835757,-0.00529143,38.6014,33.0424,-6.8086,-15.3192,-10.2128,86.8531,2.2500,,38.6014,25.9656,48.4255,50.3594,52.4528,53.1901,53.1901,29.3171,23.6238,1.09839,1.09839,0.797129,5,6,5,2,0E-8,-0.17638110,,0E-8,0.000000,0.855992,0.000000,,2026-03-22,2026-04-29,4,6,6,39,0.102564,,,0.000000,,,,,,,,GLOBAL_BASELINE_NO_ENTITY_RANKING,,,NOT_APPLICABLE_GLOBAL_BASELINE,HF9g-P5,,,,X 全窗基线 · 不参与实体赏罚,3924418,393,A168_HF9F_20260827_0900,2026-08-27 09:00:00
2026-03-22,146959156,2177,0,127.7088764253,73.7946651921,73.7946651921,1.0000000,3,3,0.50665070000000000,0.506650700000,1.3955260008387969,1.3955260008387969,1.3955260008387969,0E-17,ELIGIBLE,R03b_20260811_FULL_v1,L1_ELIGIBILITY,v2026-08-11,2026-03-21..2026-08-06,baccarat_bet02_101_all_pairs_incl_sentinel,round_win = game_pnl > 0 (decisive only),COMPATIBILITY_ONLY_NOT_PRODUCTION,347.4122,297.3820,-61.2770,9,9,0.17638110,,0.17638110,0.17638110,61.2770,347.4122,THIN_EXPOSURE,0.0000,-1.8383,3.0000,97.0000,AG03-UNRESOLVED,ALL5_LEVELS_bet23_to_bet27,-1.8383,-1.8383,-1.8383,-2.4511,-2.4511,3.000000,3.000000,3.000000,4.000000,4.000000,97.000000,97.000000,97.000000,96.000000,96.000000,5.0,-10.4171,-9.7357,-50.8599,-51.5412,PENDING_AG03,FALSE,NOT_FOR_ENFORCEMENT,-59.4386,288.4605,-61.2770,-59.4386,-1.8383,-0.17638110,-0.17108967,-1.8383,-59.4386,-0.17108967,-1.8383,-1.8383,-1.8383,-2.4511,-2.4511,-59.4386,-0.17108967,-10.4171,-9.7357,-50.8599,-51.5412,-0.14639631,-0.14835757,-0.00529143,38.6014,33.0424,-6.8086,-15.3192,-10.2128,86.8531,2.2500,,38.6014,25.9656,48.4255,50.3594,52.4528,53.1901,53.1901,29.3171,23.6238,1.09839,1.09839,0.797129,5,6,5,2,0E-8,-0.17638110,,0E-8,0.000000,0.855992,0.000000,,2026-03-22,2026-04-29,4,6,6,39,0.102564,,,0.000000,,,,,,,,GLOBAL_BASELINE_NO_ENTITY_RANKING,,,NOT_APPLICABLE_GLOBAL_BASELINE,HF9g-P5,,,,X 全窗基线 · 不参与实体赏罚,3924419,393,A168_HF9F_20260827_0900,2026-08-27 09:00:00
2026-03-22,146959156,2229,0,53.1900887379,-53.1900887379,-53.1900887379,0E-7,1,1,0.49324550000000000,0.493245500000,-0.9865810262130424,-0.9865810262130424,-0.9865810262130424,0E-17,ELIGIBLE,R03b_20260811_FULL_v1,L1_ELIGIBILITY,v2026-08-11,2026-03-21..2026-08-06,baccarat_bet02_101_all_pairs_incl_sentinel,round_win = game_pnl > 0 (decisive only),COMPATIBILITY_ONLY_NOT_PRODUCTION,347.4122,297.3820,-61.2770,9,9,0.17638110,,0.17638110,0.17638110,61.2770,347.4122,THIN_EXPOSURE,0.0000,-1.8383,3.0000,97.0000,AG03-UNRESOLVED,ALL5_LEVELS_bet23_to_bet27,-1.8383,-1.8383,-1.8383,-2.4511,-2.4511,3.000000,3.000000,3.000000,4.000000,4.000000,97.000000,97.000000,97.000000,96.000000,96.000000,5.0,-10.4171,-9.7357,-50.8599,-51.5412,PENDING_AG03,FALSE,NOT_FOR_ENFORCEMENT,-59.4386,288.4605,-61.2770,-59.4386,-1.8383,-0.17638110,-0.17108967,-1.8383,-59.4386,-0.17108967,-1.8383,-1.8383,-1.8383,-2.4511,-2.4511,-59.4386,-0.17108967,-10.4171,-9.7357,-50.8599,-51.5412,-0.14639631,-0.14835757,-0.00529143,38.6014,33.0424,-6.8086,-15.3192,-10.2128,86.8531,2.2500,,38.6014,25.9656,48.4255,50.3594,52.4528,53.1901,53.1901,29.3171,23.6238,1.09839,1.09839,0.797129,5,6,5,2,0E-8,-0.17638110,,0E-8,0.000000,0.855992,0.000000,,2026-03-22,2026-04-29,4,6,6,39,0.102564,,,0.000000,,,,,,,,GLOBAL_BASELINE_NO_ENTITY_RANKING,,,NOT_APPLICABLE_GLOBAL_BASELINE,HF9g-P5,,,,X 全窗基线 · 不参与实体赏罚,3924420,393,A168_HF9F_20260827_0900,2026-08-27 09:00:00
2026-04-07,146959156,1400,0,29.3170693401,29.3170693401,29.3170693401,1.0000000,1,1,0.49324550000000000,0.493245500000,1.01360149184955,1.01360149184955,1.01360149184955,0E-17,ELIGIBLE,R03b_20260811_FULL_v1,L1_ELIGIBILITY,v2026-08-11,2026-03-21..2026-08-06,baccarat_bet02_101_all_pairs_incl_sentinel,round_win = game_pnl > 0 (decisive only),COMPATIBILITY_ONLY_NOT_PRODUCTION,347.4122,297.3820,-61.2770,9,9,0.17638110,,0.17638110,0.17638110,61.2770,347.4122,THIN_EXPOSURE,0.0000,-1.8383,3.0000,97.0000,AG03-UNRESOLVED,ALL5_LEVELS_bet23_to_bet27,-1.8383,-1.8383,-1.8383,-2.4511,-2.4511,3.000000,3.000000,3.000000,4.000000,4.000000,97.000000,97.000000,97.000000,96.000000,96.000000,5.0,-10.4171,-9.7357,-50.8599,-51.5412,PENDING_AG03,FALSE,NOT_FOR_ENFORCEMENT,-59.4386,288.4605,-61.2770,-59.4386,-1.8383,-0.17638110,-0.17108967,-1.8383,-59.4386,-0.17108967,-1.8383,-1.8383,-1.8383,-2.4511,-2.4511,-59.4386,-0.17108967,-10.4171,-9.7357,-50.8599,-51.5412,-0.14639631,-0.14835757,-0.00529143,38.6014,33.0424,-6.8086,-15.3192,-10.2128,86.8531,2.2500,,38.6014,25.9656,48.4255,50.3594,52.4528,53.1901,53.1901,29.3171,23.6238,1.09839,1.09839,0.797129,5,6,5,2,0E-8,-0.17638110,,0E-8,0.000000,0.855992,0.000000,,2026-03-22,2026-04-29,4,6,6,39,0.102564,,,0.000000,,,,,,,,GLOBAL_BASELINE_NO_ENTITY_RANKING,,,NOT_APPLICABLE_GLOBAL_BASELINE,HF9g-P5,,,,X 全窗基线 · 不参与实体赏罚,3924421,393,A168_HF9F_20260827_0900,2026-08-27 09:00:00
2026-04-21,146959156,2209,0,13.8732560270,-13.8732560270,-13.8732560270,0E-7,1,1,0.49324550000000000,0.493245500000,-0.9865810262130424,-0.9865810262130424,-0.9865810262130424,0E-17,ELIGIBLE,R03b_20260811_FULL_v1,L1_ELIGIBILITY,v2026-08-11,2026-03-21..2026-08-06,baccarat_bet02_101_all_pairs_incl_sentinel,round_win = game_pnl > 0 (decisive only),COMPATIBILITY_ONLY_NOT_PRODUCTION,347.4122,297.3820,-61.2770,9,9,0.17638110,,0.17638110,0.17638110,61.2770,347.4122,THIN_EXPOSURE,0.0000,-1.8383,3.0000,97.0000,AG03-UNRESOLVED,ALL5_LEVELS_bet23_to_bet27,-1.8383,-1.8383,-1.8383,-2.4511,-2.4511,3.000000,3.000000,3.000000,4.000000,4.000000,97.000000,97.000000,97.000000,96.000000,96.000000,5.0,-10.4171,-9.7357,-50.8599,-51.5412,PENDING_AG03,FALSE,NOT_FOR_ENFORCEMENT,-59.4386,288.4605,-61.2770,-59.4386,-1.8383,-0.17638110,-0.17108967,-1.8383,-59.4386,-0.17108967,-1.8383,-1.8383,-1.8383,-2.4511,-2.4511,-59.4386,-0.17108967,-10.4171,-9.7357,-50.8599,-51.5412,-0.14639631,-0.14835757,-0.00529143,38.6014,33.0424,-6.8086,-15.3192,-10.2128,86.8531,2.2500,,38.6014,25.9656,48.4255,50.3594,52.4528,53.1901,53.1901,29.3171,23.6238,1.09839,1.09839,0.797129,5,6,5,2,0E-8,-0.17638110,,0E-8,0.000000,0.855992,0.000000,,2026-03-22,2026-04-29,4,6,6,39,0.102564,,,0.000000,,,,,,,,GLOBAL_BASELINE_NO_ENTITY_RANKING,,,NOT_APPLICABLE_GLOBAL_BASELINE,HF9g-P5,,,,X 全窗基线 · 不参与实体赏罚,3924422,393,A168_HF9F_20260827_0900,2026-08-27 09:00:00
2026-04-29,146959156,752,0,73.2926733503,-24.8017171426,-24.8017171426,0.5000000,2,2,0.50665070000000000,0.506650700000,-0.018812684590367487,-0.018812684590367487,-0.018812684590367487,0E-17,ELIGIBLE,R03b_20260811_FULL_v1,L1_ELIGIBILITY,v2026-08-11,2026-03-21..2026-08-06,baccarat_bet02_101_all_pairs_incl_sentinel,round_win = game_pnl > 0 (decisive only),COMPATIBILITY_ONLY_NOT_PRODUCTION,347.4122,297.3820,-61.2770,9,9,0.17638110,,0.17638110,0.17638110,61.2770,347.4122,THIN_EXPOSURE,0.0000,-1.8383,3.0000,97.0000,AG03-UNRESOLVED,ALL5_LEVELS_bet23_to_bet27,-1.8383,-1.8383,-1.8383,-2.4511,-2.4511,3.000000,3.000000,3.000000,4.000000,4.000000,97.000000,97.000000,97.000000,96.000000,96.000000,5.0,-10.4171,-9.7357,-50.8599,-51.5412,PENDING_AG03,FALSE,NOT_FOR_ENFORCEMENT,-59.4386,288.4605,-61.2770,-59.4386,-1.8383,-0.17638110,-0.17108967,-1.8383,-59.4386,-0.17108967,-1.8383,-1.8383,-1.8383,-2.4511,-2.4511,-59.4386,-0.17108967,-10.4171,-9.7357,-50.8599,-51.5412,-0.14639631,-0.14835757,-0.00529143,38.6014,33.0424,-6.8086,-15.3192,-10.2128,86.8531,2.2500,,38.6014,25.9656,48.4255,50.3594,52.4528,53.1901,53.1901,29.3171,23.6238,1.09839,1.09839,0.797129,5,6,5,2,0E-8,-0.17638110,,0E-8,0.000000,0.855992,0.000000,,2026-03-22,2026-04-29,4,6,6,39,0.102564,,,0.000000,,,,,,,,GLOBAL_BASELINE_NO_ENTITY_RANKING,,,NOT_APPLICABLE_GLOBAL_BASELINE,HF9g-P5,,,,X 全窗基线 · 不参与实体赏罚,3924423,393,A168_HF9F_20260827_0900,2026-08-27 09:00:00
2026-05-25,150529690,1400,0,7.2056492290,-7.2056492290,-7.2056492290,0E-7,1,1,0.50665070000000000,0.506650700000,-1.013391052207602,-1.013391052207602,-1.013391052207602,0E-17,ELIGIBLE,R03b_20260811_FULL_v1,L1_ELIGIBILITY,v2026-08-11,2026-03-21..2026-08-06,baccarat_bet02_101_all_pairs_incl_sentinel,round_win = game_pnl > 0 (decisive only),COMPATIBILITY_ONLY_NOT_PRODUCTION,264.0870,235.2644,-61.9145,17,17,0.23444748,,0.23444748,0.23444748,61.9145,264.0870,THIN_EXPOSURE,0.0000,-2.4766,4.0000,96.0000,AG03-UNRESOLVED,ALL5_LEVELS_bet23_to_bet27,-2.4766,-2.4766,-2.4766,-2.4766,-2.4766,4.000000,4.000000,4.000000,4.000000,4.000000,96.000000,96.000000,96.000000,96.000000,96.000000,5.0,-12.3829,-11.4311,-49.5316,-50.4834,PENDING_AG03,FALSE,NOT_FOR_ENFORCEMENT,-59.4380,225.8539,-61.9145,-59.4380,-2.4766,-0.23444748,-0.22506958,-2.4766,-59.4380,-0.22506958,-2.4766,-2.4766,-2.4766,-2.4766,-2.4766,-59.4380,-0.22506958,-12.3829,-11.4311,-49.5316,-50.4834,-0.18755798,-0.19116207,-0.00937790,15.5345,13.8391,-3.6420,-61.9145,-20.6382,264.0870,17.0000,,15.5345,7.2056,14.4113,19.8335,28.8226,30.415,31.2725,14.4113,6.8454,2.1105,2.17,1.077941,3,5,2,2,0E-8,-0.23444748,,0E-8,0.000000,0.890859,0.000000,,2026-05-25,2026-05-25,1,3,3,1,1.000000,,,0.000000,,,,,,,,GLOBAL_BASELINE_NO_ENTITY_RANKING,,,NOT_APPLICABLE_GLOBAL_BASELINE,HF9g-P5,,,,X 全窗基线 · 不参与实体赏罚,3924424,393,A168_HF9F_20260827_0900,2026-08-27 09:00:00
2026-05-25,150529690,2141,0,43.2338953740,-0.7205649229,-0.7205649229,0.5000000,3,3,0.50665070000000000,0.506650700000,-0.018812684590367487,-0.018812684590367487,-0.018812684590367487,0E-17,ELIGIBLE,R03b_20260811_FULL_v1,L1_ELIGIBILITY,v2026-08-11,2026-03-21..2026-08-06,baccarat_bet02_101_all_pairs_incl_sentinel,round_win = game_pnl > 0 (decisive only),COMPATIBILITY_ONLY_NOT_PRODUCTION,264.0870,235.2644,-61.9145,17,17,0.23444748,,0.23444748,0.23444748,61.9145,264.0870,THIN_EXPOSURE,0.0000,-2.4766,4.0000,96.0000,AG03-UNRESOLVED,ALL5_LEVELS_bet23_to_bet27,-2.4766,-2.4766,-2.4766,-2.4766,-2.4766,4.000000,4.000000,4.000000,4.000000,4.000000,96.000000,96.000000,96.000000,96.000000,96.000000,5.0,-12.3829,-11.4311,-49.5316,-50.4834,PENDING_AG03,FALSE,NOT_FOR_ENFORCEMENT,-59.4380,225.8539,-61.9145,-59.4380,-2.4766,-0.23444748,-0.22506958,-2.4766,-59.4380,-0.22506958,-2.4766,-2.4766,-2.4766,-2.4766,-2.4766,-59.4380,-0.22506958,-12.3829,-11.4311,-49.5316,-50.4834,-0.18755798,-0.19116207,-0.00937790,15.5345,13.8391,-3.6420,-61.9145,-20.6382,264.0870,17.0000,,15.5345,7.2056,14.4113,19.8335,28.8226,30.415,31.2725,14.4113,6.8454,2.1105,2.17,1.077941,3,5,2,2,0E-8,-0.23444748,,0E-8,0.000000,0.890859,0.000000,,2026-05-25,2026-05-25,1,3,3,1,1.000000,,,0.000000,,,,,,,,GLOBAL_BASELINE_NO_ENTITY_RANKING,,,NOT_APPLICABLE_GLOBAL_BASELINE,HF9g-P5,,,,X 全窗基线 · 不参与实体赏罚,3924425,393,A168_HF9F_20260827_0900,2026-08-27 09:00:00
2026-05-25,150529690,2169,0,163.2079550368,35.6139213142,35.6139213142,0.7000000,10,10,0.50531018000000000,0.505310180000,1.2313959846913516,1.2313959846913516,1.2313959846913516,0E-17,ELIGIBLE,R03b_20260811_FULL_v1,L1_ELIGIBILITY,v2026-08-11,2026-03-21..2026-08-06,baccarat_bet02_101_all_pairs_incl_sentinel,round_win = game_pnl > 0 (decisive only),COMPATIBILITY_ONLY_NOT_PRODUCTION,264.0870,235.2644,-61.9145,17,17,0.23444748,,0.23444748,0.23444748,61.9145,264.0870,THIN_EXPOSURE,0.0000,-2.4766,4.0000,96.0000,AG03-UNRESOLVED,ALL5_LEVELS_bet23_to_bet27,-2.4766,-2.4766,-2.4766,-2.4766,-2.4766,4.000000,4.000000,4.000000,4.000000,4.000000,96.000000,96.000000,96.000000,96.000000,96.000000,5.0,-12.3829,-11.4311,-49.5316,-50.4834,PENDING_AG03,FALSE,NOT_FOR_ENFORCEMENT,-59.4380,225.8539,-61.9145,-59.4380,-2.4766,-0.23444748,-0.22506958,-2.4766,-59.4380,-0.22506958,-2.4766,-2.4766,-2.4766,-2.4766,-2.4766,-59.4380,-0.22506958,-12.3829,-11.4311,-49.5316,-50.4834,-0.18755798,-0.19116207,-0.00937790,15.5345,13.8391,-3.6420,-61.9145,-20.6382,264.0870,17.0000,,15.5345,7.2056,14.4113,19.8335,28.8226,30.415,31.2725,14.4113,6.8454,2.1105,2.17,1.077941,3,5,2,2,0E-8,-0.23444748,,0E-8,0.000000,0.890859,0.000000,,2026-05-25,2026-05-25,1,3,3,1,1.000000,,,0.000000,,,,,,,,GLOBAL_BASELINE_NO_ENTITY_RANKING,,,NOT_APPLICABLE_GLOBAL_BASELINE,HF9g-P5,,,,X 全窗基线 · 不参与实体赏罚,3924426,393,A168_HF9F_20260827_0900,2026-08-27 09:00:00
2026-05-25,150529690,2223,0,28.8225969160,27.3814670702,27.3814670702,1.0000000,1,1,0.50665070000000000,0.506650700000,0.9867858985152569,0.9867858985152569,0.9867858985152569,0E-17,ELIGIBLE,R03b_20260811_FULL_v1,L1_ELIGIBILITY,v2026-08-11,2026-03-21..2026-08-06,baccarat_bet02_101_all_pairs_incl_sentinel,round_win = game_pnl > 0 (decisive only),COMPATIBILITY_ONLY_NOT_PRODUCTION,264.0870,235.2644,-61.9145,17,17,0.23444748,,0.23444748,0.23444748,61.9145,264.0870,THIN_EXPOSURE,0.0000,-2.4766,4.0000,96.0000,AG03-UNRESOLVED,ALL5_LEVELS_bet23_to_bet27,-2.4766,-2.4766,-2.4766,-2.4766,-2.4766,4.000000,4.000000,4.000000,4.000000,4.000000,96.000000,96.000000,96.000000,96.000000,96.000000,5.0,-12.3829,-11.4311,-49.5316,-50.4834,PENDING_AG03,FALSE,NOT_FOR_ENFORCEMENT,-59.4380,225.8539,-61.9145,-59.4380,-2.4766,-0.23444748,-0.22506958,-2.4766,-59.4380,-0.22506958,-2.4766,-2.4766,-2.4766,-2.4766,-2.4766,-59.4380,-0.22506958,-12.3829,-11.4311,-49.5316,-50.4834,-0.18755798,-0.19116207,-0.00937790,15.5345,13.8391,-3.6420,-61.9145,-20.6382,264.0870,17.0000,,15.5345,7.2056,14.4113,19.8335,28.8226,30.415,31.2725,14.4113,6.8454,2.1105,2.17,1.077941,3,5,2,2,0E-8,-0.23444748,,0E-8,0.000000,0.890859,0.000000,,2026-05-25,2026-05-25,1,3,3,1,1.000000,,,0.000000,,,,,,,,GLOBAL_BASELINE_NO_ENTITY_RANKING,,,NOT_APPLICABLE_GLOBAL_BASELINE,HF9g-P5,,,,X 全窗基线 · 不参与实体赏罚,3924427,393,A168_HF9F_20260827_0900,2026-08-27 09:00:00
2026-05-25,150529690,986,0,21.6169476870,6.8453667675,6.8453667675,1.0000000,2,2,0.50665070000000000,0.506650700000,0.9867858985152569,0.9867858985152569,0.9867858985152569,0E-17,ELIGIBLE,R03b_20260811_FULL_v1,L1_ELIGIBILITY,v2026-08-11,2026-03-21..2026-08-06,baccarat_bet02_101_all_pairs_incl_sentinel,round_win = game_pnl > 0 (decisive only),COMPATIBILITY_ONLY_NOT_PRODUCTION,264.0870,235.2644,-61.9145,17,17,0.23444748,,0.23444748,0.23444748,61.9145,264.0870,THIN_EXPOSURE,0.0000,-2.4766,4.0000,96.0000,AG03-UNRESOLVED,ALL5_LEVELS_bet23_to_bet27,-2.4766,-2.4766,-2.4766,-2.4766,-2.4766,4.000000,4.000000,4.000000,4.000000,4.000000,96.000000,96.000000,96.000000,96.000000,96.000000,5.0,-12.3829,-11.4311,-49.5316,-50.4834,PENDING_AG03,FALSE,NOT_FOR_ENFORCEMENT,-59.4380,225.8539,-61.9145,-59.4380,-2.4766,-0.23444748,-0.22506958,-2.4766,-59.4380,-0.22506958,-2.4766,-2.4766,-2.4766,-2.4766,-2.4766,-59.4380,-0.22506958,-12.3829,-11.4311,-49.5316,-50.4834,-0.18755798,-0.19116207,-0.00937790,15.5345,13.8391,-3.6420,-61.9145,-20.6382,264.0870,17.0000,,15.5345,7.2056,14.4113,19.8335,28.8226,30.415,31.2725,14.4113,6.8454,2.1105,2.17,1.077941,3,5,2,2,0E-8,-0.23444748,,0E-8,0.000000,0.890859,0.000000,,2026-05-25,2026-05-25,1,3,3,1,1.000000,,,0.000000,,,,,,,,GLOBAL_BASELINE_NO_ENTITY_RANKING,,,NOT_APPLICABLE_GLOBAL_BASELINE,HF9g-P5,,,,X 全窗基线 · 不参与实体赏罚,3924428,393,A168_HF9F_20260827_0900,2026-08-27 09:00:00
2026-04-08,147863555,1396,0,280.3955052390,148.3144646132,148.3144646132,0.7142857,7,7,0.49899058571428571,0.498990585714,1.1392370589461878,1.139237058947701,1.1392370589461878,2.8571E-13,ELIGIBLE,R03b_20260811_FULL_v1,L1_ELIGIBILITY,v2026-08-11,2026-03-21..2026-08-06,baccarat_bet02_101_all_pairs_incl_sentinel,round_win = game_pnl > 0 (decisive only),COMPATIBILITY_ONLY_NOT_PRODUCTION,2357.5018,2160.2551,-61.9129,86,79,0.02626208,,0.02626208,0.02626208,61.9129,2357.5018,OK,0.0000,-2.4765,4.0000,96.0000,AG03-UNRESOLVED,ALL5_LEVELS_bet23_to_bet27,-2.4765,-2.4765,-2.4765,-2.4765,-2.4765,4.000000,4.000000,4.000000,4.000000,4.000000,96.000000,96.000000,96.000000,96.000000,96.000000,5.0,-12.3826,-11.4308,-49.5303,-50.4821,PENDING_AG03,FALSE,NOT_FOR_ENFORCEMENT,-59.4364,2073.8449,-61.9129,-59.4364,-2.4765,-0.02626208,-0.02521160,-2.4765,-59.4364,-0.02521160,-2.4765,-2.4765,-2.4765,-2.4765,-2.4765,-59.4364,-0.02521160,-12.3826,-11.4308,-49.5303,-50.4821,-0.02100967,-0.02141338,-0.00105048,27.4128,27.3450,-0.7837,-8.8447,-3.6419,336.7860,11.2857,,27.4128,11.1737,20.8888,42.0124,61.0597,63.2471,116.1311,18.9741,0.0,3.027796,5.559484,1.31232,7,16,9,3,0E-8,-0.02626208,,0E-8,0.000000,0.916332,0.000000,,2026-04-08,2026-06-11,7,17,12,65,0.107692,,,0.000000,,,,,,,,GLOBAL_BASELINE_NO_ENTITY_RANKING,,,NOT_APPLICABLE_GLOBAL_BASELINE,HF9g-P5,,,,X 全窗基线 · 不参与实体赏罚,3924429,393,A168_HF9F_20260827_0900,2026-08-27 09:00:00
2026-04-08,147863555,2123,0,516.5180359667,95.9247781079,95.9247781079,0.4117647,22,18,0.47913312851851852,0.455654466667,-0.5560186660713281,-0.3633561595724012,-0.5560186660713281,0.02347866185151852,ELIGIBLE,R03b_20260811_FULL_v1,L1_ELIGIBILITY,v2026-08-11,2026-03-21..2026-08-06,baccarat_bet02_101_all_pairs_incl_sentinel,round_win = game_pnl > 0 (decisive only),COMPATIBILITY_ONLY_NOT_PRODUCTION,2357.5018,2160.2551,-61.9129,86,79,0.02626208,,0.02626208,0.02626208,61.9129,2357.5018,OK,0.0000,-2.4765,4.0000,96.0000,AG03-UNRESOLVED,ALL5_LEVELS_bet23_to_bet27,-2.4765,-2.4765,-2.4765,-2.4765,-2.4765,4.000000,4.000000,4.000000,4.000000,4.000000,96.000000,96.000000,96.000000,96.000000,96.000000,5.0,-12.3826,-11.4308,-49.5303,-50.4821,PENDING_AG03,FALSE,NOT_FOR_ENFORCEMENT,-59.4364,2073.8449,-61.9129,-59.4364,-2.4765,-0.02626208,-0.02521160,-2.4765,-59.4364,-0.02521160,-2.4765,-2.4765,-2.4765,-2.4765,-2.4765,-59.4364,-0.02521160,-12.3826,-11.4308,-49.5303,-50.4821,-0.02100967,-0.02141338,-0.00105048,27.4128,27.3450,-0.7837,-8.8447,-3.6419,336.7860,11.2857,,27.4128,11.1737,20.8888,42.0124,61.0597,63.2471,116.1311,18.9741,0.0,3.027796,5.559484,1.31232,7,16,9,3,0E-8,-0.02626208,,0E-8,0.000000,0.916332,0.000000,,2026-04-08,2026-06-11,7,17,12,65,0.107692,,,0.000000,,,,,,,,GLOBAL_BASELINE_NO_ENTITY_RANKING,,,NOT_APPLICABLE_GLOBAL_BASELINE,HF9g-P5,,,,X 全窗基线 · 不参与实体赏罚,3924430,393,A168_HF9F_20260827_0900,2026-08-27 09:00:00
2026-04-08,147863555,2177,0,217.1483987941,64.9336959500,64.9336959500,0.6666667,11,10,0.48864151250000000,0.478675445000,1.068426647213924,1.1289745695543207,1.068426647213924,0.00996606750000000,ELIGIBLE,R03b_20260811_FULL_v1,L1_ELIGIBILITY,v2026-08-11,2026-03-21..2026-08-06,baccarat_bet02_101_all_pairs_incl_sentinel,round_win = game_pnl > 0 (decisive only),COMPATIBILITY_ONLY_NOT_PRODUCTION,2357.5018,2160.2551,-61.9129,86,79,0.02626208,,0.02626208,0.02626208,61.9129,2357.5018,OK,0.0000,-2.4765,4.0000,96.0000,AG03-UNRESOLVED,ALL5_LEVELS_bet23_to_bet27,-2.4765,-2.4765,-2.4765,-2.4765,-2.4765,4.000000,4.000000,4.000000,4.000000,4.000000,96.000000,96.000000,96.000000,96.000000,96.000000,5.0,-12.3826,-11.4308,-49.5303,-50.4821,PENDING_AG03,FALSE,NOT_FOR_ENFORCEMENT,-59.4364,2073.8449,-61.9129,-59.4364,-2.4765,-0.02626208,-0.02521160,-2.4765,-59.4364,-0.02521160,-2.4765,-2.4765,-2.4765,-2.4765,-2.4765,-59.4364,-0.02521160,-12.3826,-11.4308,-49.5303,-50.4821,-0.02100967,-0.02141338,-0.00105048,27.4128,27.3450,-0.7837,-8.8447,-3.6419,336.7860,11.2857,,27.4128,11.1737,20.8888,42.0124,61.0597,63.2471,116.1311,18.9741,0.0,3.027796,5.559484,1.31232,7,16,9,3,0E-8,-0.02626208,,0E-8,0.000000,0.916332,0.000000,,2026-04-08,2026-06-11,7,17,12,65,0.107692,,,0.000000,,,,,,,,GLOBAL_BASELINE_NO_ENTITY_RANKING,,,NOT_APPLICABLE_GLOBAL_BASELINE,HF9g-P5,,,,X 全窗基线 · 不参与实体赏罚,3924431,393,A168_HF9F_20260827_0900,2026-08-27 09:00:00
2026-04-08,147863555,986,0,42.1647376299,-42.1647376299,-42.1647376299,0E-7,1,1,0.49324550000000000,0.493245500000,-0.9865810262130424,-0.9865810262130424,-0.9865810262130424,0E-17,ELIGIBLE,R03b_20260811_FULL_v1,L1_ELIGIBILITY,v2026-08-11,2026-03-21..2026-08-06,baccarat_bet02_101_all_pairs_incl_sentinel,round_win = game_pnl > 0 (decisive only),COMPATIBILITY_ONLY_NOT_PRODUCTION,2357.5018,2160.2551,-61.9129,86,79,0.02626208,,0.02626208,0.02626208,61.9129,2357.5018,OK,0.0000,-2.4765,4.0000,96.0000,AG03-UNRESOLVED,ALL5_LEVELS_bet23_to_bet27,-2.4765,-2.4765,-2.4765,-2.4765,-2.4765,4.000000,4.000000,4.000000,4.000000,4.000000,96.000000,96.000000,96.000000,96.000000,96.000000,5.0,-12.3826,-11.4308,-49.5303,-50.4821,PENDING_AG03,FALSE,NOT_FOR_ENFORCEMENT,-59.4364,2073.8449,-61.9129,-59.4364,-2.4765,-0.02626208,-0.02521160,-2.4765,-59.4364,-0.02521160,-2.4765,-2.4765,-2.4765,-2.4765,-2.4765,-59.4364,-0.02521160,-12.3826,-11.4308,-49.5303,-50.4821,-0.02100967,-0.02141338,-0.00105048,27.4128,27.3450,-0.7837,-8.8447,-3.6419,336.7860,11.2857,,27.4128,11.1737,20.8888,42.0124,61.0597,63.2471,116.1311,18.9741,0.0,3.027796,5.559484,1.31232,7,16,9,3,0E-8,-0.02626208,,0E-8,0.000000,0.916332,0.000000,,2026-04-08,2026-06-11,7,17,12,65,0.107692,,,0.000000,,,,,,,,GLOBAL_BASELINE_NO_ENTITY_RANKING,,,NOT_APPLICABLE_GLOBAL_BASELINE,HF9g-P5,,,,X 全窗基线 · 不参与实体赏罚,3924432,393,A168_HF9F_20260827_0900,2026-08-27 09:00:00
2026-04-24,147863555,1485,0,105.4118440748,-105.4118440748,-105.4118440748,0E-7,2,2,0.50665070000000000,0.506650700000,-1.4331513700195317,-1.4331513700195317,-1.4331513700195317,0E-17,ELIGIBLE,R03b_20260811_FULL_v1,L1_ELIGIBILITY,v2026-08-11,2026-03-21..2026-08-06,baccarat_bet02_101_all_pairs_incl_sentinel,round_win = game_pnl > 0 (decisive only),COMPATIBILITY_ONLY_NOT_PRODUCTION,2357.5018,2160.2551,-61.9129,86,79,0.02626208,,0.02626208,0.02626208,61.9129,2357.5018,OK,0.0000,-2.4765,4.0000,96.0000,AG03-UNRESOLVED,ALL5_LEVELS_bet23_to_bet27,-2.4765,-2.4765,-2.4765,-2.4765,-2.4765,4.000000,4.000000,4.000000,4.000000,4.000000,96.000000,96.000000,96.000000,96.000000,96.000000,5.0,-12.3826,-11.4308,-49.5303,-50.4821,PENDING_AG03,FALSE,NOT_FOR_ENFORCEMENT,-59.4364,2073.8449,-61.9129,-59.4364,-2.4765,-0.02626208,-0.02521160,-2.4765,-59.4364,-0.02521160,-2.4765,-2.4765,-2.4765,-2.4765,-2.4765,-59.4364,-0.02521160,-12.3826,-11.4308,-49.5303,-50.4821,-0.02100967,-0.02141338,-0.00105048,27.4128,27.3450,-0.7837,-8.8447,-3.6419,336.7860,11.2857,,27.4128,11.1737,20.8888,42.0124,61.0597,63.2471,116.1311,18.9741,0.0,3.027796,5.559484,1.31232,7,16,9,3,0E-8,-0.02626208,,0E-8,0.000000,0.916332,0.000000,,2026-04-08,2026-06-11,7,17,12,65,0.107692,,,0.000000,,,,,,,,GLOBAL_BASELINE_NO_ENTITY_RANKING,,,NOT_APPLICABLE_GLOBAL_BASELINE,HF9g-P5,,,,X 全窗基线 · 不参与实体赏罚,3924433,393,A168_HF9F_20260827_0900,2026-08-27 09:00:00
2026-04-24,147863555,2141,0,43.4296797588,-43.4296797588,-43.4296797588,0E-7,1,1,0.50665070000000000,0.506650700000,-1.013391052207602,-1.013391052207602,-1.013391052207602,0E-17,ELIGIBLE,R03b_20260811_FULL_v1,L1_ELIGIBILITY,v2026-08-11,2026-03-21..2026-08-06,baccarat_bet02_101_all_pairs_incl_sentinel,round_win = game_pnl > 0 (decisive only),COMPATIBILITY_ONLY_NOT_PRODUCTION,2357.5018,2160.2551,-61.9129,86,79,0.02626208,,0.02626208,0.02626208,61.9129,2357.5018,OK,0.0000,-2.4765,4.0000,96.0000,AG03-UNRESOLVED,ALL5_LEVELS_bet23_to_bet27,-2.4765,-2.4765,-2.4765,-2.4765,-2.4765,4.000000,4.000000,4.000000,4.000000,4.000000,96.000000,96.000000,96.000000,96.000000,96.000000,5.0,-12.3826,-11.4308,-49.5303,-50.4821,PENDING_AG03,FALSE,NOT_FOR_ENFORCEMENT,-59.4364,2073.8449,-61.9129,-59.4364,-2.4765,-0.02626208,-0.02521160,-2.4765,-59.4364,-0.02521160,-2.4765,-2.4765,-2.4765,-2.4765,-2.4765,-59.4364,-0.02521160,-12.3826,-11.4308,-49.5303,-50.4821,-0.02100967,-0.02141338,-0.00105048,27.4128,27.3450,-0.7837,-8.8447,-3.6419,336.7860,11.2857,,27.4128,11.1737,20.8888,42.0124,61.0597,63.2471,116.1311,18.9741,0.0,3.027796,5.559484,1.31232,7,16,9,3,0E-8,-0.02626208,,0E-8,0.000000,0.916332,0.000000,,2026-04-08,2026-06-11,7,17,12,65,0.107692,,,0.000000,,,,,,,,GLOBAL_BASELINE_NO_ENTITY_RANKING,,,NOT_APPLICABLE_GLOBAL_BASELINE,HF9g-P5,,,,X 全窗基线 · 不参与实体赏罚,3924434,393,A168_HF9F_20260827_0900,2026-08-27 09:00:00
2026-04-25,147863555,1382,0,167.6048320790,-22.4527227880,-22.4527227880,0.6363636,11,11,0.49933877272727273,0.499338772727,0.9089209140627531,0.908920914064563,0.9089209140627531,2.7273E-13,ELIGIBLE,R03b_20260811_FULL_v1,L1_ELIGIBILITY,v2026-08-11,2026-03-21..2026-08-06,baccarat_bet02_101_all_pairs_incl_sentinel,round_win = game_pnl > 0 (decisive only),COMPATIBILITY_ONLY_NOT_PRODUCTION,2357.5018,2160.2551,-61.9129,86,79,0.02626208,,0.02626208,0.02626208,61.9129,2357.5018,OK,0.0000,-2.4765,4.0000,96.0000,AG03-UNRESOLVED,ALL5_LEVELS_bet23_to_bet27,-2.4765,-2.4765,-2.4765,-2.4765,-2.4765,4.000000,4.000000,4.000000,4.000000,4.000000,96.000000,96.000000,96.000000,96.000000,96.000000,5.0,-12.3826,-11.4308,-49.5303,-50.4821,PENDING_AG03,FALSE,NOT_FOR_ENFORCEMENT,-59.4364,2073.8449,-61.9129,-59.4364,-2.4765,-0.02626208,-0.02521160,-2.4765,-59.4364,-0.02521160,-2.4765,-2.4765,-2.4765,-2.4765,-2.4765,-59.4364,-0.02521160,-12.3826,-11.4308,-49.5303,-50.4821,-0.02100967,-0.02141338,-0.00105048,27.4128,27.3450,-0.7837,-8.8447,-3.6419,336.7860,11.2857,,27.4128,11.1737,20.8888,42.0124,61.0597,63.2471,116.1311,18.9741,0.0,3.027796,5.559484,1.31232,7,16,9,3,0E-8,-0.02626208,,0E-8,0.000000,0.916332,0.000000,,2026-04-08,2026-06-11,7,17,12,65,0.107692,,,0.000000,,,,,,,,GLOBAL_BASELINE_NO_ENTITY_RANKING,,,NOT_APPLICABLE_GLOBAL_BASELINE,HF9g-P5,,,,X 全窗基线 · 不参与实体赏罚,3924435,393,A168_HF9F_20260827_0900,2026-08-27 09:00:00
2026-04-27,147863555,1157,0,13.0710686652,-6.5355343326,-6.5355343326,0E-7,2,2,0.50665070000000000,0.506650700000,-1.013391052207602,-1.013391052207602,-1.013391052207602,0E-17,ELIGIBLE,R03b_20260811_FULL_v1,L1_ELIGIBILITY,v2026-08-11,2026-03-21..2026-08-06,baccarat_bet02_101_all_pairs_incl_sentinel,round_win = game_pnl > 0 (decisive only),COMPATIBILITY_ONLY_NOT_PRODUCTION,2357.5018,2160.2551,-61.9129,86,79,0.02626208,,0.02626208,0.02626208,61.9129,2357.5018,OK,0.0000,-2.4765,4.0000,96.0000,AG03-UNRESOLVED,ALL5_LEVELS_bet23_to_bet27,-2.4765,-2.4765,-2.4765,-2.4765,-2.4765,4.000000,4.000000,4.000000,4.000000,4.000000,96.000000,96.000000,96.000000,96.000000,96.000000,5.0,-12.3826,-11.4308,-49.5303,-50.4821,PENDING_AG03,FALSE,NOT_FOR_ENFORCEMENT,-59.4364,2073.8449,-61.9129,-59.4364,-2.4765,-0.02626208,-0.02521160,-2.4765,-59.4364,-0.02521160,-2.4765,-2.4765,-2.4765,-2.4765,-2.4765,-59.4364,-0.02521160,-12.3826,-11.4308,-49.5303,-50.4821,-0.02100967,-0.02141338,-0.00105048,27.4128,27.3450,-0.7837,-8.8447,-3.6419,336.7860,11.2857,,27.4128,11.1737,20.8888,42.0124,61.0597,63.2471,116.1311,18.9741,0.0,3.027796,5.559484,1.31232,7,16,9,3,0E-8,-0.02626208,,0E-8,0.000000,0.916332,0.000000,,2026-04-08,2026-06-11,7,17,12,65,0.107692,,,0.000000,,,,,,,,GLOBAL_BASELINE_NO_ENTITY_RANKING,,,NOT_APPLICABLE_GLOBAL_BASELINE,HF9g-P5,,,,X 全窗基线 · 不参与实体赏罚,3924436,393,A168_HF9F_20260827_0900,2026-08-27 09:00:00
2026-05-29,147863555,-1,1,134.0195357631,-134.0195357631,-134.0195357631,0E-7,1,1,0.50665070000000000,0.506650700000,-1.013391052207602,-1.013391052207602,-1.013391052207602,0E-17,SENTINEL_DEALER,R03b_20260811_FULL_v1,L1_ELIGIBILITY,v2026-08-11,2026-03-21..2026-08-06,baccarat_bet02_101_all_pairs_incl_sentinel,round_win = game_pnl > 0 (decisive only),COMPATIBILITY_ONLY_NOT_PRODUCTION,2357.5018,2160.2551,-61.9129,86,79,0.02626208,,0.02626208,0.02626208,61.9129,2357.5018,OK,0.0000,-2.4765,4.0000,96.0000,AG03-UNRESOLVED,ALL5_LEVELS_bet23_to_bet27,-2.4765,-2.4765,-2.4765,-2.4765,-2.4765,4.000000,4.000000,4.000000,4.000000,4.000000,96.000000,96.000000,96.000000,96.000000,96.000000,5.0,-12.3826,-11.4308,-49.5303,-50.4821,PENDING_AG03,FALSE,NOT_FOR_ENFORCEMENT,-59.4364,2073.8449,-61.9129,-59.4364,-2.4765,-0.02626208,-0.02521160,-2.4765,-59.4364,-0.02521160,-2.4765,-2.4765,-2.4765,-2.4765,-2.4765,-59.4364,-0.02521160,-12.3826,-11.4308,-49.5303,-50.4821,-0.02100967,-0.02141338,-0.00105048,27.4128,27.3450,-0.7837,-8.8447,-3.6419,336.7860,11.2857,,27.4128,11.1737,20.8888,42.0124,61.0597,63.2471,116.1311,18.9741,0.0,3.027796,5.559484,1.31232,7,16,9,3,0E-8,-0.02626208,,0E-8,0.000000,0.916332,0.000000,,2026-04-08,2026-06-11,7,17,12,65,0.107692,,,0.000000,,,,,,,,GLOBAL_BASELINE_NO_ENTITY_RANKING,,,NOT_APPLICABLE_GLOBAL_BASELINE,HF9g-P5,,,,X 全窗基线 · 不参与实体赏罚,3924437,393,A168_HF9F_20260827_0900,2026-08-27 09:00:00
2026-05-29,147863555,1318,0,238.0002100619,151.2131078670,151.2131078670,0.7000000,12,10,0.49100296125000000,0.464105390000,1.3220273782122962,1.49578790483014,1.3220273782122962,0.02689757125000000,ELIGIBLE,R03b_20260811_FULL_v1,L1_ELIGIBILITY,v2026-08-11,2026-03-21..2026-08-06,baccarat_bet02_101_all_pairs_incl_sentinel,round_win = game_pnl > 0 (decisive only),COMPATIBILITY_ONLY_NOT_PRODUCTION,2357.5018,2160.2551,-61.9129,86,79,0.02626208,,0.02626208,0.02626208,61.9129,2357.5018,OK,0.0000,-2.4765,4.0000,96.0000,AG03-UNRESOLVED,ALL5_LEVELS_bet23_to_bet27,-2.4765,-2.4765,-2.4765,-2.4765,-2.4765,4.000000,4.000000,4.000000,4.000000,4.000000,96.000000,96.000000,96.000000,96.000000,96.000000,5.0,-12.3826,-11.4308,-49.5303,-50.4821,PENDING_AG03,FALSE,NOT_FOR_ENFORCEMENT,-59.4364,2073.8449,-61.9129,-59.4364,-2.4765,-0.02626208,-0.02521160,-2.4765,-59.4364,-0.02521160,-2.4765,-2.4765,-2.4765,-2.4765,-2.4765,-59.4364,-0.02521160,-12.3826,-11.4308,-49.5303,-50.4821,-0.02100967,-0.02141338,-0.00105048,27.4128,27.3450,-0.7837,-8.8447,-3.6419,336.7860,11.2857,,27.4128,11.1737,20.8888,42.0124,61.0597,63.2471,116.1311,18.9741,0.0,3.027796,5.559484,1.31232,7,16,9,3,0E-8,-0.02626208,,0E-8,0.000000,0.916332,0.000000,,2026-04-08,2026-06-11,7,17,12,65,0.107692,,,0.000000,,,,,,,,GLOBAL_BASELINE_NO_ENTITY_RANKING,,,NOT_APPLICABLE_GLOBAL_BASELINE,HF9g-P5,,,,X 全窗基线 · 不参与实体赏罚,3924438,393,A168_HF9F_20260827_0900,2026-08-27 09:00:00
2026-05-29,147863555,2088,0,63.0185904842,59.8676609600,59.8676609600,1.0000000,1,1,0.50665070000000000,0.506650700000,0.9867858985152569,0.9867858985152569,0.9867858985152569,0E-17,ELIGIBLE,R03b_20260811_FULL_v1,L1_ELIGIBILITY,v2026-08-11,2026-03-21..2026-08-06,baccarat_bet02_101_all_pairs_incl_sentinel,round_win = game_pnl > 0 (decisive only),COMPATIBILITY_ONLY_NOT_PRODUCTION,2357.5018,2160.2551,-61.9129,86,79,0.02626208,,0.02626208,0.02626208,61.9129,2357.5018,OK,0.0000,-2.4765,4.0000,96.0000,AG03-UNRESOLVED,ALL5_LEVELS_bet23_to_bet27,-2.4765,-2.4765,-2.4765,-2.4765,-2.4765,4.000000,4.000000,4.000000,4.000000,4.000000,96.000000,96.000000,96.000000,96.000000,96.000000,5.0,-12.3826,-11.4308,-49.5303,-50.4821,PENDING_AG03,FALSE,NOT_FOR_ENFORCEMENT,-59.4364,2073.8449,-61.9129,-59.4364,-2.4765,-0.02626208,-0.02521160,-2.4765,-59.4364,-0.02521160,-2.4765,-2.4765,-2.4765,-2.4765,-2.4765,-59.4364,-0.02521160,-12.3826,-11.4308,-49.5303,-50.4821,-0.02100967,-0.02141338,-0.00105048,27.4128,27.3450,-0.7837,-8.8447,-3.6419,336.7860,11.2857,,27.4128,11.1737,20.8888,42.0124,61.0597,63.2471,116.1311,18.9741,0.0,3.027796,5.559484,1.31232,7,16,9,3,0E-8,-0.02626208,,0E-8,0.000000,0.916332,0.000000,,2026-04-08,2026-06-11,7,17,12,65,0.107692,,,0.000000,,,,,,,,GLOBAL_BASELINE_NO_ENTITY_RANKING,,,NOT_APPLICABLE_GLOBAL_BASELINE,HF9g-P5,,,,X 全窗基线 · 不参与实体赏罚,3924439,393,A168_HF9F_20260827_0900,2026-08-27 09:00:00
2026-05-30,147863555,2170,0,123.9365612855,-81.9241676294,-81.9241676294,0E-7,3,3,0.49324550000000000,0.493245500000,-1.3952362676504506,-1.3952362676504506,-1.3952362676504506,0E-17,ELIGIBLE,R03b_20260811_FULL_v1,L1_ELIGIBILITY,v2026-08-11,2026-03-21..2026-08-06,baccarat_bet02_101_all_pairs_incl_sentinel,round_win = game_pnl > 0 (decisive only),COMPATIBILITY_ONLY_NOT_PRODUCTION,2357.5018,2160.2551,-61.9129,86,79,0.02626208,,0.02626208,0.02626208,61.9129,2357.5018,OK,0.0000,-2.4765,4.0000,96.0000,AG03-UNRESOLVED,ALL5_LEVELS_bet23_to_bet27,-2.4765,-2.4765,-2.4765,-2.4765,-2.4765,4.000000,4.000000,4.000000,4.000000,4.000000,96.000000,96.000000,96.000000,96.000000,96.000000,5.0,-12.3826,-11.4308,-49.5303,-50.4821,PENDING_AG03,FALSE,NOT_FOR_ENFORCEMENT,-59.4364,2073.8449,-61.9129,-59.4364,-2.4765,-0.02626208,-0.02521160,-2.4765,-59.4364,-0.02521160,-2.4765,-2.4765,-2.4765,-2.4765,-2.4765,-59.4364,-0.02521160,-12.3826,-11.4308,-49.5303,-50.4821,-0.02100967,-0.02141338,-0.00105048,27.4128,27.3450,-0.7837,-8.8447,-3.6419,336.7860,11.2857,,27.4128,11.1737,20.8888,42.0124,61.0597,63.2471,116.1311,18.9741,0.0,3.027796,5.559484,1.31232,7,16,9,3,0E-8,-0.02626208,,0E-8,0.000000,0.916332,0.000000,,2026-04-08,2026-06-11,7,17,12,65,0.107692,,,0.000000,,,,,,,,GLOBAL_BASELINE_NO_ENTITY_RANKING,,,NOT_APPLICABLE_GLOBAL_BASELINE,HF9g-P5,,,,X 全窗基线 · 不参与实体赏罚,3924440,393,A168_HF9F_20260827_0900,2026-08-27 09:00:00
2026-05-30,147863555,2251,0,42.0123936561,39.9117739733,39.9117739733,1.0000000,1,1,0.50665070000000000,0.506650700000,0.9867858985152569,0.9867858985152569,0.9867858985152569,0E-17,ELIGIBLE,R03b_20260811_FULL_v1,L1_ELIGIBILITY,v2026-08-11,2026-03-21..2026-08-06,baccarat_bet02_101_all_pairs_incl_sentinel,round_win = game_pnl > 0 (decisive only),COMPATIBILITY_ONLY_NOT_PRODUCTION,2357.5018,2160.2551,-61.9129,86,79,0.02626208,,0.02626208,0.02626208,61.9129,2357.5018,OK,0.0000,-2.4765,4.0000,96.0000,AG03-UNRESOLVED,ALL5_LEVELS_bet23_to_bet27,-2.4765,-2.4765,-2.4765,-2.4765,-2.4765,4.000000,4.000000,4.000000,4.000000,4.000000,96.000000,96.000000,96.000000,96.000000,96.000000,5.0,-12.3826,-11.4308,-49.5303,-50.4821,PENDING_AG03,FALSE,NOT_FOR_ENFORCEMENT,-59.4364,2073.8449,-61.9129,-59.4364,-2.4765,-0.02626208,-0.02521160,-2.4765,-59.4364,-0.02521160,-2.4765,-2.4765,-2.4765,-2.4765,-2.4765,-59.4364,-0.02521160,-12.3826,-11.4308,-49.5303,-50.4821,-0.02100967,-0.02141338,-0.00105048,27.4128,27.3450,-0.7837,-8.8447,-3.6419,336.7860,11.2857,,27.4128,11.1737,20.8888,42.0124,61.0597,63.2471,116.1311,18.9741,0.0,3.027796,5.559484,1.31232,7,16,9,3,0E-8,-0.02626208,,0E-8,0.000000,0.916332,0.000000,,2026-04-08,2026-06-11,7,17,12,65,0.107692,,,0.000000,,,,,,,,GLOBAL_BASELINE_NO_ENTITY_RANKING,,,NOT_APPLICABLE_GLOBAL_BASELINE,HF9g-P5,,,,X 全窗基线 · 不参与实体赏罚,3924441,393,A168_HF9F_20260827_0900,2026-08-27 09:00:00
2026-06-11,147863555,1307,0,61.2757825645,-20.7714517168,-20.7714517168,0.5000000,2,2,0.50665070000000000,0.506650700000,-0.018812684590367487,-0.018812684590367487,-0.018812684590367487,0E-17,ELIGIBLE,R03b_20260811_FULL_v1,L1_ELIGIBILITY,v2026-08-11,2026-03-21..2026-08-06,baccarat_bet02_101_all_pairs_incl_sentinel,round_win = game_pnl > 0 (decisive only),COMPATIBILITY_ONLY_NOT_PRODUCTION,2357.5018,2160.2551,-61.9129,86,79,0.02626208,,0.02626208,0.02626208,61.9129,2357.5018,OK,0.0000,-2.4765,4.0000,96.0000,AG03-UNRESOLVED,ALL5_LEVELS_bet23_to_bet27,-2.4765,-2.4765,-2.4765,-2.4765,-2.4765,4.000000,4.000000,4.000000,4.000000,4.000000,96.000000,96.000000,96.000000,96.000000,96.000000,5.0,-12.3826,-11.4308,-49.5303,-50.4821,PENDING_AG03,FALSE,NOT_FOR_ENFORCEMENT,-59.4364,2073.8449,-61.9129,-59.4364,-2.4765,-0.02626208,-0.02521160,-2.4765,-59.4364,-0.02521160,-2.4765,-2.4765,-2.4765,-2.4765,-2.4765,-59.4364,-0.02521160,-12.3826,-11.4308,-49.5303,-50.4821,-0.02100967,-0.02141338,-0.00105048,27.4128,27.3450,-0.7837,-8.8447,-3.6419,336.7860,11.2857,,27.4128,11.1737,20.8888,42.0124,61.0597,63.2471,116.1311,18.9741,0.0,3.027796,5.559484,1.31232,7,16,9,3,0E-8,-0.02626208,,0E-8,0.000000,0.916332,0.000000,,2026-04-08,2026-06-11,7,17,12,65,0.107692,,,0.000000,,,,,,,,GLOBAL_BASELINE_NO_ENTITY_RANKING,,,NOT_APPLICABLE_GLOBAL_BASELINE,HF9g-P5,,,,X 全窗基线 · 不参与实体赏罚,3924442,393,A168_HF9F_20260827_0900,2026-08-27 09:00:00
2026-06-11,147863555,2103,0,184.8659202792,41.5429034335,41.5429034335,0.6000000,6,6,0.49771390000000000,0.497713900000,0.4574421269484404,0.45744212694844033,0.4574421269484404,0E-17,ELIGIBLE,R03b_20260811_FULL_v1,L1_ELIGIBILITY,v2026-08-11,2026-03-21..2026-08-06,baccarat_bet02_101_all_pairs_incl_sentinel,round_win = game_pnl > 0 (decisive only),COMPATIBILITY_ONLY_NOT_PRODUCTION,2357.5018,2160.2551,-61.9129,86,79,0.02626208,,0.02626208,0.02626208,61.9129,2357.5018,OK,0.0000,-2.4765,4.0000,96.0000,AG03-UNRESOLVED,ALL5_LEVELS_bet23_to_bet27,-2.4765,-2.4765,-2.4765,-2.4765,-2.4765,4.000000,4.000000,4.000000,4.000000,4.000000,96.000000,96.000000,96.000000,96.000000,96.000000,5.0,-12.3826,-11.4308,-49.5303,-50.4821,PENDING_AG03,FALSE,NOT_FOR_ENFORCEMENT,-59.4364,2073.8449,-61.9129,-59.4364,-2.4765,-0.02626208,-0.02521160,-2.4765,-59.4364,-0.02521160,-2.4765,-2.4765,-2.4765,-2.4765,-2.4765,-59.4364,-0.02521160,-12.3826,-11.4308,-49.5303,-50.4821,-0.02100967,-0.02141338,-0.00105048,27.4128,27.3450,-0.7837,-8.8447,-3.6419,336.7860,11.2857,,27.4128,11.1737,20.8888,42.0124,61.0597,63.2471,116.1311,18.9741,0.0,3.027796,5.559484,1.31232,7,16,9,3,0E-8,-0.02626208,,0E-8,0.000000,0.916332,0.000000,,2026-04-08,2026-06-11,7,17,12,65,0.107692,,,0.000000,,,,,,,,GLOBAL_BASELINE_NO_ENTITY_RANKING,,,NOT_APPLICABLE_GLOBAL_BASELINE,HF9g-P5,,,,X 全窗基线 · 不参与实体赏罚,3924443,393,A168_HF9F_20260827_0900,2026-08-27 09:00:00
2026-06-11,147863555,970,0,124.6287103005,-83.0858068670,-83.0858068670,0E-7,3,3,0.49324550000000000,0.493245500000,-1.3952362676504506,-1.3952362676504506,-1.3952362676504506,0E-17,ELIGIBLE,R03b_20260811_FULL_v1,L1_ELIGIBILITY,v2026-08-11,2026-03-21..2026-08-06,baccarat_bet02_101_all_pairs_incl_sentinel,round_win = game_pnl > 0 (decisive only),COMPATIBILITY_ONLY_NOT_PRODUCTION,2357.5018,2160.2551,-61.9129,86,79,0.02626208,,0.02626208,0.02626208,61.9129,2357.5018,OK,0.0000,-2.4765,4.0000,96.0000,AG03-UNRESOLVED,ALL5_LEVELS_bet23_to_bet27,-2.4765,-2.4765,-2.4765,-2.4765,-2.4765,4.000000,4.000000,4.000000,4.000000,4.000000,96.000000,96.000000,96.000000,96.000000,96.000000,5.0,-12.3826,-11.4308,-49.5303,-50.4821,PENDING_AG03,FALSE,NOT_FOR_ENFORCEMENT,-59.4364,2073.8449,-61.9129,-59.4364,-2.4765,-0.02626208,-0.02521160,-2.4765,-59.4364,-0.02521160,-2.4765,-2.4765,-2.4765,-2.4765,-2.4765,-59.4364,-0.02521160,-12.3826,-11.4308,-49.5303,-50.4821,-0.02100967,-0.02141338,-0.00105048,27.4128,27.3450,-0.7837,-8.8447,-3.6419,336.7860,11.2857,,27.4128,11.1737,20.8888,42.0124,61.0597,63.2471,116.1311,18.9741,0.0,3.027796,5.559484,1.31232,7,16,9,3,0E-8,-0.02626208,,0E-8,0.000000,0.916332,0.000000,,2026-04-08,2026-06-11,7,17,12,65,0.107692,,,0.000000,,,,,,,,GLOBAL_BASELINE_NO_ENTITY_RANKING,,,NOT_APPLICABLE_GLOBAL_BASELINE,HF9g-P5,,,,X 全窗基线 · 不参与实体赏罚,3924444,393,A168_HF9F_20260827_0900,2026-08-27 09:00:00
2026-06-06,135996362,-1,1,187.9816380367,72.5546808464,72.5546808464,0.5555556,9,9,0.50367176666666667,0.503671766667,0.3113111275590903,0.3113111275570917,0.3113111275590903,-3.3333E-13,SENTINEL_DEALER,R03b_20260811_FULL_v1,L1_ELIGIBILITY,v2026-08-11,2026-03-21..2026-08-06,baccarat_bet02_101_all_pairs_incl_sentinel,round_win = game_pnl > 0 (decisive only),COMPATIBILITY_ONLY_NOT_PRODUCTION,870.1161,866.3773,-61.9093,50,50,0.07115063,,0.07115063,0.07115063,61.9093,870.1161,OK,0.0000,-2.4764,4.0000,96.0000,AG03-UNRESOLVED,ALL5_LEVELS_bet23_to_bet27,-2.4764,-2.4764,-2.4764,-2.4764,-2.4764,4.000000,4.000000,4.000000,4.000000,4.000000,96.000000,96.000000,96.000000,96.000000,96.000000,5.0,-12.3819,-11.4301,-49.5274,-50.4792,PENDING_AG03,FALSE,NOT_FOR_ENFORCEMENT,-59.4329,831.7222,-61.9093,-59.4329,-2.4764,-0.07115063,-0.06830461,-2.4764,-59.4329,-0.06830461,-2.4764,-2.4764,-2.4764,-2.4764,-2.4764,-59.4329,-0.06830461,-12.3819,-11.4301,-49.5274,-50.4792,-0.05692051,-0.05801428,-0.00284603,17.4023,17.3275,-1.2382,-15.4773,-2.3811,217.5290,12.5000,,17.4023,8.3086,10.3857,20.7715,40.5043,78.9315,84.5398,10.3857,2.2952,7.6,8.14,1.6756,18,19,4,2,0E-8,-0.07115063,,0E-8,0.000000,0.995703,0.000000,,2026-06-06,2026-06-09,4,26,24,4,1.000000,,,0.000000,,,,,,,,GLOBAL_BASELINE_NO_ENTITY_RANKING,,,NOT_APPLICABLE_GLOBAL_BASELINE,HF9g-P5,,,,X 全窗基线 · 不参与实体赏罚,3924445,393,A168_HF9F_20260827_0900,2026-08-27 09:00:00
2026-06-06,135996362,1323,0,12.4628710301,12.4628710301,12.4628710301,1.0000000,1,1,0.49324550000000000,0.493245500000,1.01360149184955,1.01360149184955,1.01360149184955,0E-17,ELIGIBLE,R03b_20260811_FULL_v1,L1_ELIGIBILITY,v2026-08-11,2026-03-21..2026-08-06,baccarat_bet02_101_all_pairs_incl_sentinel,round_win = game_pnl > 0 (decisive only),COMPATIBILITY_ONLY_NOT_PRODUCTION,870.1161,866.3773,-61.9093,50,50,0.07115063,,0.07115063,0.07115063,61.9093,870.1161,OK,0.0000,-2.4764,4.0000,96.0000,AG03-UNRESOLVED,ALL5_LEVELS_bet23_to_bet27,-2.4764,-2.4764,-2.4764,-2.4764,-2.4764,4.000000,4.000000,4.000000,4.000000,4.000000,96.000000,96.000000,96.000000,96.000000,96.000000,5.0,-12.3819,-11.4301,-49.5274,-50.4792,PENDING_AG03,FALSE,NOT_FOR_ENFORCEMENT,-59.4329,831.7222,-61.9093,-59.4329,-2.4764,-0.07115063,-0.06830461,-2.4764,-59.4329,-0.06830461,-2.4764,-2.4764,-2.4764,-2.4764,-2.4764,-59.4329,-0.06830461,-12.3819,-11.4301,-49.5274,-50.4792,-0.05692051,-0.05801428,-0.00284603,17.4023,17.3275,-1.2382,-15.4773,-2.3811,217.5290,12.5000,,17.4023,8.3086,10.3857,20.7715,40.5043,78.9315,84.5398,10.3857,2.2952,7.6,8.14,1.6756,18,19,4,2,0E-8,-0.07115063,,0E-8,0.000000,0.995703,0.000000,,2026-06-06,2026-06-09,4,26,24,4,1.000000,,,0.000000,,,,,,,,GLOBAL_BASELINE_NO_ENTITY_RANKING,,,NOT_APPLICABLE_GLOBAL_BASELINE,HF9g-P5,,,,X 全窗基线 · 不参与实体赏罚,3924446,393,A168_HF9F_20260827_0900,2026-08-27 09:00:00
2026-06-06,135996362,1402,0,116.3201296139,46.7357663627,46.7357663627,0.6000000,5,5,0.50128862000000000,0.501288620000,0.4414521777673877,0.4414521777673877,0.4414521777673877,0E-17,ELIGIBLE,R03b_20260811_FULL_v1,L1_ELIGIBILITY,v2026-08-11,2026-03-21..2026-08-06,baccarat_bet02_101_all_pairs_incl_sentinel,round_win = game_pnl > 0 (decisive only),COMPATIBILITY_ONLY_NOT_PRODUCTION,870.1161,866.3773,-61.9093,50,50,0.07115063,,0.07115063,0.07115063,61.9093,870.1161,OK,0.0000,-2.4764,4.0000,96.0000,AG03-UNRESOLVED,ALL5_LEVELS_bet23_to_bet27,-2.4764,-2.4764,-2.4764,-2.4764,-2.4764,4.000000,4.000000,4.000000,4.000000,4.000000,96.000000,96.000000,96.000000,96.000000,96.000000,5.0,-12.3819,-11.4301,-49.5274,-50.4792,PENDING_AG03,FALSE,NOT_FOR_ENFORCEMENT,-59.4329,831.7222,-61.9093,-59.4329,-2.4764,-0.07115063,-0.06830461,-2.4764,-59.4329,-0.06830461,-2.4764,-2.4764,-2.4764,-2.4764,-2.4764,-59.4329,-0.06830461,-12.3819,-11.4301,-49.5274,-50.4792,-0.05692051,-0.05801428,-0.00284603,17.4023,17.3275,-1.2382,-15.4773,-2.3811,217.5290,12.5000,,17.4023,8.3086,10.3857,20.7715,40.5043,78.9315,84.5398,10.3857,2.2952,7.6,8.14,1.6756,18,19,4,2,0E-8,-0.07115063,,0E-8,0.000000,0.995703,0.000000,,2026-06-06,2026-06-09,4,26,24,4,1.000000,,,0.000000,,,,,,,,GLOBAL_BASELINE_NO_ENTITY_RANKING,,,NOT_APPLICABLE_GLOBAL_BASELINE,HF9g-P5,,,,X 全窗基线 · 不参与实体赏罚,3924447,393,A168_HF9F_20260827_0900,2026-08-27 09:00:00
2026-06-06,135996362,1405,0,124.0055667490,40.8470598011,40.8470598011,0.5000000,2,2,0.50665070000000000,0.506650700000,-0.018812684590367487,-0.018812684590367487,-0.018812684590367487,0E-17,ELIGIBLE,R03b_20260811_FULL_v1,L1_ELIGIBILITY,v2026-08-11,2026-03-21..2026-08-06,baccarat_bet02_101_all_pairs_incl_sentinel,round_win = game_pnl > 0 (decisive only),COMPATIBILITY_ONLY_NOT_PRODUCTION,870.1161,866.3773,-61.9093,50,50,0.07115063,,0.07115063,0.07115063,61.9093,870.1161,OK,0.0000,-2.4764,4.0000,96.0000,AG03-UNRESOLVED,ALL5_LEVELS_bet23_to_bet27,-2.4764,-2.4764,-2.4764,-2.4764,-2.4764,4.000000,4.000000,4.000000,4.000000,4.000000,96.000000,96.000000,96.000000,96.000000,96.000000,5.0,-12.3819,-11.4301,-49.5274,-50.4792,PENDING_AG03,FALSE,NOT_FOR_ENFORCEMENT,-59.4329,831.7222,-61.9093,-59.4329,-2.4764,-0.07115063,-0.06830461,-2.4764,-59.4329,-0.06830461,-2.4764,-2.4764,-2.4764,-2.4764,-2.4764,-59.4329,-0.06830461,-12.3819,-11.4301,-49.5274,-50.4792,-0.05692051,-0.05801428,-0.00284603,17.4023,17.3275,-1.2382,-15.4773,-2.3811,217.5290,12.5000,,17.4023,8.3086,10.3857,20.7715,40.5043,78.9315,84.5398,10.3857,2.2952,7.6,8.14,1.6756,18,19,4,2,0E-8,-0.07115063,,0E-8,0.000000,0.995703,0.000000,,2026-06-06,2026-06-09,4,26,24,4,1.000000,,,0.000000,,,,,,,,GLOBAL_BASELINE_NO_ENTITY_RANKING,,,NOT_APPLICABLE_GLOBAL_BASELINE,HF9g-P5,,,,X 全窗基线 · 不参与实体赏罚,3924448,393,A168_HF9F_20260827_0900,2026-08-27 09:00:00
2026-06-06,135996362,1702,0,10.3857258584,9.8664395655,9.8664395655,1.0000000,1,1,0.50665070000000000,0.506650700000,0.9867858985152569,0.9867858985152569,0.9867858985152569,0E-17,ELIGIBLE,R03b_20260811_FULL_v1,L1_ELIGIBILITY,v2026-08-11,2026-03-21..2026-08-06,baccarat_bet02_101_all_pairs_incl_sentinel,round_win = game_pnl > 0 (decisive only),COMPATIBILITY_ONLY_NOT_PRODUCTION,870.1161,866.3773,-61.9093,50,50,0.07115063,,0.07115063,0.07115063,61.9093,870.1161,OK,0.0000,-2.4764,4.0000,96.0000,AG03-UNRESOLVED,ALL5_LEVELS_bet23_to_bet27,-2.4764,-2.4764,-2.4764,-2.4764,-2.4764,4.000000,4.000000,4.000000,4.000000,4.000000,96.000000,96.000000,96.000000,96.000000,96.000000,5.0,-12.3819,-11.4301,-49.5274,-50.4792,PENDING_AG03,FALSE,NOT_FOR_ENFORCEMENT,-59.4329,831.7222,-61.9093,-59.4329,-2.4764,-0.07115063,-0.06830461,-2.4764,-59.4329,-0.06830461,-2.4764,-2.4764,-2.4764,-2.4764,-2.4764,-59.4329,-0.06830461,-12.3819,-11.4301,-49.5274,-50.4792,-0.05692051,-0.05801428,-0.00284603,17.4023,17.3275,-1.2382,-15.4773,-2.3811,217.5290,12.5000,,17.4023,8.3086,10.3857,20.7715,40.5043,78.9315,84.5398,10.3857,2.2952,7.6,8.14,1.6756,18,19,4,2,0E-8,-0.07115063,,0E-8,0.000000,0.995703,0.000000,,2026-06-06,2026-06-09,4,26,24,4,1.000000,,,0.000000,,,,,,,,GLOBAL_BASELINE_NO_ENTITY_RANKING,,,NOT_APPLICABLE_GLOBAL_BASELINE,HF9g-P5,,,,X 全窗基线 · 不参与实体赏罚,3924449,393,A168_HF9F_20260827_0900,2026-08-27 09:00:00
2026-06-06,135996362,1935,0,6.2314355150,6.2314355150,6.2314355150,1.0000000,1,1,0.49324550000000000,0.493245500000,1.01360149184955,1.01360149184955,1.01360149184955,0E-17,ELIGIBLE,R03b_20260811_FULL_v1,L1_ELIGIBILITY,v2026-08-11,2026-03-21..2026-08-06,baccarat_bet02_101_all_pairs_incl_sentinel,round_win = game_pnl > 0 (decisive only),COMPATIBILITY_ONLY_NOT_PRODUCTION,870.1161,866.3773,-61.9093,50,50,0.07115063,,0.07115063,0.07115063,61.9093,870.1161,OK,0.0000,-2.4764,4.0000,96.0000,AG03-UNRESOLVED,ALL5_LEVELS_bet23_to_bet27,-2.4764,-2.4764,-2.4764,-2.4764,-2.4764,4.000000,4.000000,4.000000,4.000000,4.000000,96.000000,96.000000,96.000000,96.000000,96.000000,5.0,-12.3819,-11.4301,-49.5274,-50.4792,PENDING_AG03,FALSE,NOT_FOR_ENFORCEMENT,-59.4329,831.7222,-61.9093,-59.4329,-2.4764,-0.07115063,-0.06830461,-2.4764,-59.4329,-0.06830461,-2.4764,-2.4764,-2.4764,-2.4764,-2.4764,-59.4329,-0.06830461,-12.3819,-11.4301,-49.5274,-50.4792,-0.05692051,-0.05801428,-0.00284603,17.4023,17.3275,-1.2382,-15.4773,-2.3811,217.5290,12.5000,,17.4023,8.3086,10.3857,20.7715,40.5043,78.9315,84.5398,10.3857,2.2952,7.6,8.14,1.6756,18,19,4,2,0E-8,-0.07115063,,0E-8,0.000000,0.995703,0.000000,,2026-06-06,2026-06-09,4,26,24,4,1.000000,,,0.000000,,,,,,,,GLOBAL_BASELINE_NO_ENTITY_RANKING,,,NOT_APPLICABLE_GLOBAL_BASELINE,HF9g-P5,,,,X 全窗基线 · 不参与实体赏罚,3924450,393,A168_HF9F_20260827_0900,2026-08-27 09:00:00
2026-06-06,135996362,1966,0,14.5400162017,-14.5400162017,-14.5400162017,0E-7,1,1,0.49324550000000000,0.493245500000,-0.9865810262130424,-0.9865810262130424,-0.9865810262130424,0E-17,ELIGIBLE,R03b_20260811_FULL_v1,L1_ELIGIBILITY,v2026-08-11,2026-03-21..2026-08-06,baccarat_bet02_101_all_pairs_incl_sentinel,round_win = game_pnl > 0 (decisive only),COMPATIBILITY_ONLY_NOT_PRODUCTION,870.1161,866.3773,-61.9093,50,50,0.07115063,,0.07115063,0.07115063,61.9093,870.1161,OK,0.0000,-2.4764,4.0000,96.0000,AG03-UNRESOLVED,ALL5_LEVELS_bet23_to_bet27,-2.4764,-2.4764,-2.4764,-2.4764,-2.4764,4.000000,4.000000,4.000000,4.000000,4.000000,96.000000,96.000000,96.000000,96.000000,96.000000,5.0,-12.3819,-11.4301,-49.5274,-50.4792,PENDING_AG03,FALSE,NOT_FOR_ENFORCEMENT,-59.4329,831.7222,-61.9093,-59.4329,-2.4764,-0.07115063,-0.06830461,-2.4764,-59.4329,-0.06830461,-2.4764,-2.4764,-2.4764,-2.4764,-2.4764,-59.4329,-0.06830461,-12.3819,-11.4301,-49.5274,-50.4792,-0.05692051,-0.05801428,-0.00284603,17.4023,17.3275,-1.2382,-15.4773,-2.3811,217.5290,12.5000,,17.4023,8.3086,10.3857,20.7715,40.5043,78.9315,84.5398,10.3857,2.2952,7.6,8.14,1.6756,18,19,4,2,0E-8,-0.07115063,,0E-8,0.000000,0.995703,0.000000,,2026-06-06,2026-06-09,4,26,24,4,1.000000,,,0.000000,,,,,,,,GLOBAL_BASELINE_NO_ENTITY_RANKING,,,NOT_APPLICABLE_GLOBAL_BASELINE,HF9g-P5,,,,X 全窗基线 · 不参与实体赏罚,3924451,393,A168_HF9F_20260827_0900,2026-08-27 09:00:00
2026-06-06,135996362,2254,0,24.0948839914,-24.0948839914,-24.0948839914,0E-7,2,2,0.49994810000000000,0.499948100000,-1.4140667746232096,-1.4140667746232096,-1.4140667746232096,0E-17,ELIGIBLE,R03b_20260811_FULL_v1,L1_ELIGIBILITY,v2026-08-11,2026-03-21..2026-08-06,baccarat_bet02_101_all_pairs_incl_sentinel,round_win = game_pnl > 0 (decisive only),COMPATIBILITY_ONLY_NOT_PRODUCTION,870.1161,866.3773,-61.9093,50,50,0.07115063,,0.07115063,0.07115063,61.9093,870.1161,OK,0.0000,-2.4764,4.0000,96.0000,AG03-UNRESOLVED,ALL5_LEVELS_bet23_to_bet27,-2.4764,-2.4764,-2.4764,-2.4764,-2.4764,4.000000,4.000000,4.000000,4.000000,4.000000,96.000000,96.000000,96.000000,96.000000,96.000000,5.0,-12.3819,-11.4301,-49.5274,-50.4792,PENDING_AG03,FALSE,NOT_FOR_ENFORCEMENT,-59.4329,831.7222,-61.9093,-59.4329,-2.4764,-0.07115063,-0.06830461,-2.4764,-59.4329,-0.06830461,-2.4764,-2.4764,-2.4764,-2.4764,-2.4764,-59.4329,-0.06830461,-12.3819,-11.4301,-49.5274,-50.4792,-0.05692051,-0.05801428,-0.00284603,17.4023,17.3275,-1.2382,-15.4773,-2.3811,217.5290,12.5000,,17.4023,8.3086,10.3857,20.7715,40.5043,78.9315,84.5398,10.3857,2.2952,7.6,8.14,1.6756,18,19,4,2,0E-8,-0.07115063,,0E-8,0.000000,0.995703,0.000000,,2026-06-06,2026-06-09,4,26,24,4,1.000000,,,0.000000,,,,,,,,GLOBAL_BASELINE_NO_ENTITY_RANKING,,,NOT_APPLICABLE_GLOBAL_BASELINE,HF9g-P5,,,,X 全窗基线 · 不参与实体赏罚,3924452,393,A168_HF9F_20260827_0900,2026-08-27 09:00:00
2026-06-07,135996362,2129,0,20.7714517168,-20.7714517168,-20.7714517168,0E-7,1,1,0.49324550000000000,0.493245500000,-0.9865810262130424,-0.9865810262130424,-0.9865810262130424,0E-17,ELIGIBLE,R03b_20260811_FULL_v1,L1_ELIGIBILITY,v2026-08-11,2026-03-21..2026-08-06,baccarat_bet02_101_all_pairs_incl_sentinel,round_win = game_pnl > 0 (decisive only),COMPATIBILITY_ONLY_NOT_PRODUCTION,870.1161,866.3773,-61.9093,50,50,0.07115063,,0.07115063,0.07115063,61.9093,870.1161,OK,0.0000,-2.4764,4.0000,96.0000,AG03-UNRESOLVED,ALL5_LEVELS_bet23_to_bet27,-2.4764,-2.4764,-2.4764,-2.4764,-2.4764,4.000000,4.000000,4.000000,4.000000,4.000000,96.000000,96.000000,96.000000,96.000000,96.000000,5.0,-12.3819,-11.4301,-49.5274,-50.4792,PENDING_AG03,FALSE,NOT_FOR_ENFORCEMENT,-59.4329,831.7222,-61.9093,-59.4329,-2.4764,-0.07115063,-0.06830461,-2.4764,-59.4329,-0.06830461,-2.4764,-2.4764,-2.4764,-2.4764,-2.4764,-59.4329,-0.06830461,-12.3819,-11.4301,-49.5274,-50.4792,-0.05692051,-0.05801428,-0.00284603,17.4023,17.3275,-1.2382,-15.4773,-2.3811,217.5290,12.5000,,17.4023,8.3086,10.3857,20.7715,40.5043,78.9315,84.5398,10.3857,2.2952,7.6,8.14,1.6756,18,19,4,2,0E-8,-0.07115063,,0E-8,0.000000,0.995703,0.000000,,2026-06-06,2026-06-09,4,26,24,4,1.000000,,,0.000000,,,,,,,,GLOBAL_BASELINE_NO_ENTITY_RANKING,,,NOT_APPLICABLE_GLOBAL_BASELINE,HF9g-P5,,,,X 全窗基线 · 不参与实体赏罚,3924453,393,A168_HF9F_20260827_0900,2026-08-27 09:00:00
2026-06-07,135996362,2188,0,7.4777226180,-3.7388613090,-3.7388613090,0E-7,2,2,0.50665070000000000,0.506650700000,-1.013391052207602,-1.013391052207602,-1.013391052207602,0E-17,ELIGIBLE,R03b_20260811_FULL_v1,L1_ELIGIBILITY,v2026-08-11,2026-03-21..2026-08-06,baccarat_bet02_101_all_pairs_incl_sentinel,round_win = game_pnl > 0 (decisive only),COMPATIBILITY_ONLY_NOT_PRODUCTION,870.1161,866.3773,-61.9093,50,50,0.07115063,,0.07115063,0.07115063,61.9093,870.1161,OK,0.0000,-2.4764,4.0000,96.0000,AG03-UNRESOLVED,ALL5_LEVELS_bet23_to_bet27,-2.4764,-2.4764,-2.4764,-2.4764,-2.4764,4.000000,4.000000,4.000000,4.000000,4.000000,96.000000,96.000000,96.000000,96.000000,96.000000,5.0,-12.3819,-11.4301,-49.5274,-50.4792,PENDING_AG03,FALSE,NOT_FOR_ENFORCEMENT,-59.4329,831.7222,-61.9093,-59.4329,-2.4764,-0.07115063,-0.06830461,-2.4764,-59.4329,-0.06830461,-2.4764,-2.4764,-2.4764,-2.4764,-2.4764,-59.4329,-0.06830461,-12.3819,-11.4301,-49.5274,-50.4792,-0.05692051,-0.05801428,-0.00284603,17.4023,17.3275,-1.2382,-15.4773,-2.3811,217.5290,12.5000,,17.4023,8.3086,10.3857,20.7715,40.5043,78.9315,84.5398,10.3857,2.2952,7.6,8.14,1.6756,18,19,4,2,0E-8,-0.07115063,,0E-8,0.000000,0.995703,0.000000,,2026-06-06,2026-06-09,4,26,24,4,1.000000,,,0.000000,,,,,,,,GLOBAL_BASELINE_NO_ENTITY_RANKING,,,NOT_APPLICABLE_GLOBAL_BASELINE,HF9g-P5,,,,X 全窗基线 · 不参与实体赏罚,3924454,393,A168_HF9F_20260827_0900,2026-08-27 09:00:00
2026-06-07,135996362,2239,0,10.3857258584,-10.3857258584,-10.3857258584,0E-7,1,1,0.50665070000000000,0.506650700000,-1.013391052207602,-1.013391052207602,-1.013391052207602,0E-17,ELIGIBLE,R03b_20260811_FULL_v1,L1_ELIGIBILITY,v2026-08-11,2026-03-21..2026-08-06,baccarat_bet02_101_all_pairs_incl_sentinel,round_win = game_pnl > 0 (decisive only),COMPATIBILITY_ONLY_NOT_PRODUCTION,870.1161,866.3773,-61.9093,50,50,0.07115063,,0.07115063,0.07115063,61.9093,870.1161,OK,0.0000,-2.4764,4.0000,96.0000,AG03-UNRESOLVED,ALL5_LEVELS_bet23_to_bet27,-2.4764,-2.4764,-2.4764,-2.4764,-2.4764,4.000000,4.000000,4.000000,4.000000,4.000000,96.000000,96.000000,96.000000,96.000000,96.000000,5.0,-12.3819,-11.4301,-49.5274,-50.4792,PENDING_AG03,FALSE,NOT_FOR_ENFORCEMENT,-59.4329,831.7222,-61.9093,-59.4329,-2.4764,-0.07115063,-0.06830461,-2.4764,-59.4329,-0.06830461,-2.4764,-2.4764,-2.4764,-2.4764,-2.4764,-59.4329,-0.06830461,-12.3819,-11.4301,-49.5274,-50.4792,-0.05692051,-0.05801428,-0.00284603,17.4023,17.3275,-1.2382,-15.4773,-2.3811,217.5290,12.5000,,17.4023,8.3086,10.3857,20.7715,40.5043,78.9315,84.5398,10.3857,2.2952,7.6,8.14,1.6756,18,19,4,2,0E-8,-0.07115063,,0E-8,0.000000,0.995703,0.000000,,2026-06-06,2026-06-09,4,26,24,4,1.000000,,,0.000000,,,,,,,,GLOBAL_BASELINE_NO_ENTITY_RANKING,,,NOT_APPLICABLE_GLOBAL_BASELINE,HF9g-P5,,,,X 全窗基线 · 不参与实体赏罚,3924455,393,A168_HF9F_20260827_0900,2026-08-27 09:00:00
2026-06-08,135996362,1302,0,45.6971937770,45.4894792598,45.4894792598,1.0000000,4,4,0.49659680000000000,0.496596800000,2.0136594440222715,2.0136594440222715,2.0136594440222715,0E-17,ELIGIBLE,R03b_20260811_FULL_v1,L1_ELIGIBILITY,v2026-08-11,2026-03-21..2026-08-06,baccarat_bet02_101_all_pairs_incl_sentinel,round_win = game_pnl > 0 (decisive only),COMPATIBILITY_ONLY_NOT_PRODUCTION,870.1161,866.3773,-61.9093,50,50,0.07115063,,0.07115063,0.07115063,61.9093,870.1161,OK,0.0000,-2.4764,4.0000,96.0000,AG03-UNRESOLVED,ALL5_LEVELS_bet23_to_bet27,-2.4764,-2.4764,-2.4764,-2.4764,-2.4764,4.000000,4.000000,4.000000,4.000000,4.000000,96.000000,96.000000,96.000000,96.000000,96.000000,5.0,-12.3819,-11.4301,-49.5274,-50.4792,PENDING_AG03,FALSE,NOT_FOR_ENFORCEMENT,-59.4329,831.7222,-61.9093,-59.4329,-2.4764,-0.07115063,-0.06830461,-2.4764,-59.4329,-0.06830461,-2.4764,-2.4764,-2.4764,-2.4764,-2.4764,-59.4329,-0.06830461,-12.3819,-11.4301,-49.5274,-50.4792,-0.05692051,-0.05801428,-0.00284603,17.4023,17.3275,-1.2382,-15.4773,-2.3811,217.5290,12.5000,,17.4023,8.3086,10.3857,20.7715,40.5043,78.9315,84.5398,10.3857,2.2952,7.6,8.14,1.6756,18,19,4,2,0E-8,-0.07115063,,0E-8,0.000000,0.995703,0.000000,,2026-06-06,2026-06-09,4,26,24,4,1.000000,,,0.000000,,,,,,,,GLOBAL_BASELINE_NO_ENTITY_RANKING,,,NOT_APPLICABLE_GLOBAL_BASELINE,HF9g-P5,,,,X 全窗基线 · 不参与实体赏罚,3924456,393,A168_HF9F_20260827_0900,2026-08-27 09:00:00
2026-06-08,135996362,1330,0,10.3857258584,-10.3857258584,-10.3857258584,0E-7,1,1,0.50665070000000000,0.506650700000,-1.013391052207602,-1.013391052207602,-1.013391052207602,0E-17,ELIGIBLE,R03b_20260811_FULL_v1,L1_ELIGIBILITY,v2026-08-11,2026-03-21..2026-08-06,baccarat_bet02_101_all_pairs_incl_sentinel,round_win = game_pnl > 0 (decisive only),COMPATIBILITY_ONLY_NOT_PRODUCTION,870.1161,866.3773,-61.9093,50,50,0.07115063,,0.07115063,0.07115063,61.9093,870.1161,OK,0.0000,-2.4764,4.0000,96.0000,AG03-UNRESOLVED,ALL5_LEVELS_bet23_to_bet27,-2.4764,-2.4764,-2.4764,-2.4764,-2.4764,4.000000,4.000000,4.000000,4.000000,4.000000,96.000000,96.000000,96.000000,96.000000,96.000000,5.0,-12.3819,-11.4301,-49.5274,-50.4792,PENDING_AG03,FALSE,NOT_FOR_ENFORCEMENT,-59.4329,831.7222,-61.9093,-59.4329,-2.4764,-0.07115063,-0.06830461,-2.4764,-59.4329,-0.06830461,-2.4764,-2.4764,-2.4764,-2.4764,-2.4764,-59.4329,-0.06830461,-12.3819,-11.4301,-49.5274,-50.4792,-0.05692051,-0.05801428,-0.00284603,17.4023,17.3275,-1.2382,-15.4773,-2.3811,217.5290,12.5000,,17.4023,8.3086,10.3857,20.7715,40.5043,78.9315,84.5398,10.3857,2.2952,7.6,8.14,1.6756,18,19,4,2,0E-8,-0.07115063,,0E-8,0.000000,0.995703,0.000000,,2026-06-06,2026-06-09,4,26,24,4,1.000000,,,0.000000,,,,,,,,GLOBAL_BASELINE_NO_ENTITY_RANKING,,,NOT_APPLICABLE_GLOBAL_BASELINE,HF9g-P5,,,,X 全窗基线 · 不参与实体赏罚,3924457,393,A168_HF9F_20260827_0900,2026-08-27 09:00:00
2026-06-08,135996362,2239,0,10.3857258584,9.8664395655,9.8664395655,1.0000000,1,1,0.50665070000000000,0.506650700000,0.9867858985152569,0.9867858985152569,0.9867858985152569,0E-17,ELIGIBLE,R03b_20260811_FULL_v1,L1_ELIGIBILITY,v2026-08-11,2026-03-21..2026-08-06,baccarat_bet02_101_all_pairs_incl_sentinel,round_win = game_pnl > 0 (decisive only),COMPATIBILITY_ONLY_NOT_PRODUCTION,870.1161,866.3773,-61.9093,50,50,0.07115063,,0.07115063,0.07115063,61.9093,870.1161,OK,0.0000,-2.4764,4.0000,96.0000,AG03-UNRESOLVED,ALL5_LEVELS_bet23_to_bet27,-2.4764,-2.4764,-2.4764,-2.4764,-2.4764,4.000000,4.000000,4.000000,4.000000,4.000000,96.000000,96.000000,96.000000,96.000000,96.000000,5.0,-12.3819,-11.4301,-49.5274,-50.4792,PENDING_AG03,FALSE,NOT_FOR_ENFORCEMENT,-59.4329,831.7222,-61.9093,-59.4329,-2.4764,-0.07115063,-0.06830461,-2.4764,-59.4329,-0.06830461,-2.4764,-2.4764,-2.4764,-2.4764,-2.4764,-59.4329,-0.06830461,-12.3819,-11.4301,-49.5274,-50.4792,-0.05692051,-0.05801428,-0.00284603,17.4023,17.3275,-1.2382,-15.4773,-2.3811,217.5290,12.5000,,17.4023,8.3086,10.3857,20.7715,40.5043,78.9315,84.5398,10.3857,2.2952,7.6,8.14,1.6756,18,19,4,2,0E-8,-0.07115063,,0E-8,0.000000,0.995703,0.000000,,2026-06-06,2026-06-09,4,26,24,4,1.000000,,,0.000000,,,,,,,,GLOBAL_BASELINE_NO_ENTITY_RANKING,,,NOT_APPLICABLE_GLOBAL_BASELINE,HF9g-P5,,,,X 全窗基线 · 不参与实体赏罚,3924458,393,A168_HF9F_20260827_0900,2026-08-27 09:00:00
2026-06-09,135996362,-1,1,19.3174500966,-9.9495253724,-9.9495253724,0.5000000,4,4,0.49994810000000000,0.499948100000,0.00020760000111838688,0.00020760000111838688,0.00020760000111838688,0E-17,SENTINEL_DEALER,R03b_20260811_FULL_v1,L1_ELIGIBILITY,v2026-08-11,2026-03-21..2026-08-06,baccarat_bet02_101_all_pairs_incl_sentinel,round_win = game_pnl > 0 (decisive only),COMPATIBILITY_ONLY_NOT_PRODUCTION,870.1161,866.3773,-61.9093,50,50,0.07115063,,0.07115063,0.07115063,61.9093,870.1161,OK,0.0000,-2.4764,4.0000,96.0000,AG03-UNRESOLVED,ALL5_LEVELS_bet23_to_bet27,-2.4764,-2.4764,-2.4764,-2.4764,-2.4764,4.000000,4.000000,4.000000,4.000000,4.000000,96.000000,96.000000,96.000000,96.000000,96.000000,5.0,-12.3819,-11.4301,-49.5274,-50.4792,PENDING_AG03,FALSE,NOT_FOR_ENFORCEMENT,-59.4329,831.7222,-61.9093,-59.4329,-2.4764,-0.07115063,-0.06830461,-2.4764,-59.4329,-0.06830461,-2.4764,-2.4764,-2.4764,-2.4764,-2.4764,-59.4329,-0.06830461,-12.3819,-11.4301,-49.5274,-50.4792,-0.05692051,-0.05801428,-0.00284603,17.4023,17.3275,-1.2382,-15.4773,-2.3811,217.5290,12.5000,,17.4023,8.3086,10.3857,20.7715,40.5043,78.9315,84.5398,10.3857,2.2952,7.6,8.14,1.6756,18,19,4,2,0E-8,-0.07115063,,0E-8,0.000000,0.995703,0.000000,,2026-06-06,2026-06-09,4,26,24,4,1.000000,,,0.000000,,,,,,,,GLOBAL_BASELINE_NO_ENTITY_RANKING,,,NOT_APPLICABLE_GLOBAL_BASELINE,HF9g-P5,,,,X 全窗基线 · 不参与实体赏罚,3924459,393,A168_HF9F_20260827_0900,2026-08-27 09:00:00
2026-06-09,135996362,1330,0,35.3114679186,5.1928629291,5.1928629291,0.3333333,3,3,0.50665070000000000,0.506650700000,-0.6004420894325239,-0.6004420894325239,-0.6004420894325239,0E-17,ELIGIBLE,R03b_20260811_FULL_v1,L1_ELIGIBILITY,v2026-08-11,2026-03-21..2026-08-06,baccarat_bet02_101_all_pairs_incl_sentinel,round_win = game_pnl > 0 (decisive only),COMPATIBILITY_ONLY_NOT_PRODUCTION,870.1161,866.3773,-61.9093,50,50,0.07115063,,0.07115063,0.07115063,61.9093,870.1161,OK,0.0000,-2.4764,4.0000,96.0000,AG03-UNRESOLVED,ALL5_LEVELS_bet23_to_bet27,-2.4764,-2.4764,-2.4764,-2.4764,-2.4764,4.000000,4.000000,4.000000,4.000000,4.000000,96.000000,96.000000,96.000000,96.000000,96.000000,5.0,-12.3819,-11.4301,-49.5274,-50.4792,PENDING_AG03,FALSE,NOT_FOR_ENFORCEMENT,-59.4329,831.7222,-61.9093,-59.4329,-2.4764,-0.07115063,-0.06830461,-2.4764,-59.4329,-0.06830461,-2.4764,-2.4764,-2.4764,-2.4764,-2.4764,-59.4329,-0.06830461,-12.3819,-11.4301,-49.5274,-50.4792,-0.05692051,-0.05801428,-0.00284603,17.4023,17.3275,-1.2382,-15.4773,-2.3811,217.5290,12.5000,,17.4023,8.3086,10.3857,20.7715,40.5043,78.9315,84.5398,10.3857,2.2952,7.6,8.14,1.6756,18,19,4,2,0E-8,-0.07115063,,0E-8,0.000000,0.995703,0.000000,,2026-06-06,2026-06-09,4,26,24,4,1.000000,,,0.000000,,,,,,,,GLOBAL_BASELINE_NO_ENTITY_RANKING,,,NOT_APPLICABLE_GLOBAL_BASELINE,HF9g-P5,,,,X 全窗基线 · 不参与实体赏罚,3924460,393,A168_HF9F_20260827_0900,2026-08-27 09:00:00
2026-06-09,135996362,1331,0,10.3857258584,10.3857258584,10.3857258584,1.0000000,1,1,0.49324550000000000,0.493245500000,1.01360149184955,1.01360149184955,1.01360149184955,0E-17,ELIGIBLE,R03b_20260811_FULL_v1,L1_ELIGIBILITY,v2026-08-11,2026-03-21..2026-08-06,baccarat_bet02_101_all_pairs_incl_sentinel,round_win = game_pnl > 0 (decisive only),COMPATIBILITY_ONLY_NOT_PRODUCTION,870.1161,866.3773,-61.9093,50,50,0.07115063,,0.07115063,0.07115063,61.9093,870.1161,OK,0.0000,-2.4764,4.0000,96.0000,AG03-UNRESOLVED,ALL5_LEVELS_bet23_to_bet27,-2.4764,-2.4764,-2.4764,-2.4764,-2.4764,4.000000,4.000000,4.000000,4.000000,4.000000,96.000000,96.000000,96.000000,96.000000,96.000000,5.0,-12.3819,-11.4301,-49.5274,-50.4792,PENDING_AG03,FALSE,NOT_FOR_ENFORCEMENT,-59.4329,831.7222,-61.9093,-59.4329,-2.4764,-0.07115063,-0.06830461,-2.4764,-59.4329,-0.06830461,-2.4764,-2.4764,-2.4764,-2.4764,-2.4764,-59.4329,-0.06830461,-12.3819,-11.4301,-49.5274,-50.4792,-0.05692051,-0.05801428,-0.00284603,17.4023,17.3275,-1.2382,-15.4773,-2.3811,217.5290,12.5000,,17.4023,8.3086,10.3857,20.7715,40.5043,78.9315,84.5398,10.3857,2.2952,7.6,8.14,1.6756,18,19,4,2,0E-8,-0.07115063,,0E-8,0.000000,0.995703,0.000000,,2026-06-06,2026-06-09,4,26,24,4,1.000000,,,0.000000,,,,,,,,GLOBAL_BASELINE_NO_ENTITY_RANKING,,,NOT_APPLICABLE_GLOBAL_BASELINE,HF9g-P5,,,,X 全窗基线 · 不参与实体赏罚,3924461,393,A168_HF9F_20260827_0900,2026-08-27 09:00:00
2026-06-09,135996362,1654,0,141.2458716740,-141.2458716740,-141.2458716740,0E-7,3,3,0.49324550000000000,0.493245500000,-1.708808463184432,-1.7088084631844318,-1.708808463184432,0E-17,ELIGIBLE,R03b_20260811_FULL_v1,L1_ELIGIBILITY,v2026-08-11,2026-03-21..2026-08-06,baccarat_bet02_101_all_pairs_incl_sentinel,round_win = game_pnl > 0 (decisive only),COMPATIBILITY_ONLY_NOT_PRODUCTION,870.1161,866.3773,-61.9093,50,50,0.07115063,,0.07115063,0.07115063,61.9093,870.1161,OK,0.0000,-2.4764,4.0000,96.0000,AG03-UNRESOLVED,ALL5_LEVELS_bet23_to_bet27,-2.4764,-2.4764,-2.4764,-2.4764,-2.4764,4.000000,4.000000,4.000000,4.000000,4.000000,96.000000,96.000000,96.000000,96.000000,96.000000,5.0,-12.3819,-11.4301,-49.5274,-50.4792,PENDING_AG03,FALSE,NOT_FOR_ENFORCEMENT,-59.4329,831.7222,-61.9093,-59.4329,-2.4764,-0.07115063,-0.06830461,-2.4764,-59.4329,-0.06830461,-2.4764,-2.4764,-2.4764,-2.4764,-2.4764,-59.4329,-0.06830461,-12.3819,-11.4301,-49.5274,-50.4792,-0.05692051,-0.05801428,-0.00284603,17.4023,17.3275,-1.2382,-15.4773,-2.3811,217.5290,12.5000,,17.4023,8.3086,10.3857,20.7715,40.5043,78.9315,84.5398,10.3857,2.2952,7.6,8.14,1.6756,18,19,4,2,0E-8,-0.07115063,,0E-8,0.000000,0.995703,0.000000,,2026-06-06,2026-06-09,4,26,24,4,1.000000,,,0.000000,,,,,,,,GLOBAL_BASELINE_NO_ENTITY_RANKING,,,NOT_APPLICABLE_GLOBAL_BASELINE,HF9g-P5,,,,X 全窗基线 · 不参与实体赏罚,3924462,393,A168_HF9F_20260827_0900,2026-08-27 09:00:00
2026-06-09,135996362,1990,0,10.3857258584,-10.3857258584,-10.3857258584,0E-7,1,1,0.49324550000000000,0.493245500000,-0.9865810262130424,-0.9865810262130424,-0.9865810262130424,0E-17,ELIGIBLE,R03b_20260811_FULL_v1,L1_ELIGIBILITY,v2026-08-11,2026-03-21..2026-08-06,baccarat_bet02_101_all_pairs_incl_sentinel,round_win = game_pnl > 0 (decisive only),COMPATIBILITY_ONLY_NOT_PRODUCTION,870.1161,866.3773,-61.9093,50,50,0.07115063,,0.07115063,0.07115063,61.9093,870.1161,OK,0.0000,-2.4764,4.0000,96.0000,AG03-UNRESOLVED,ALL5_LEVELS_bet23_to_bet27,-2.4764,-2.4764,-2.4764,-2.4764,-2.4764,4.000000,4.000000,4.000000,4.000000,4.000000,96.000000,96.000000,96.000000,96.000000,96.000000,5.0,-12.3819,-11.4301,-49.5274,-50.4792,PENDING_AG03,FALSE,NOT_FOR_ENFORCEMENT,-59.4329,831.7222,-61.9093,-59.4329,-2.4764,-0.07115063,-0.06830461,-2.4764,-59.4329,-0.06830461,-2.4764,-2.4764,-2.4764,-2.4764,-2.4764,-59.4329,-0.06830461,-12.3819,-11.4301,-49.5274,-50.4792,-0.05692051,-0.05801428,-0.00284603,17.4023,17.3275,-1.2382,-15.4773,-2.3811,217.5290,12.5000,,17.4023,8.3086,10.3857,20.7715,40.5043,78.9315,84.5398,10.3857,2.2952,7.6,8.14,1.6756,18,19,4,2,0E-8,-0.07115063,,0E-8,0.000000,0.995703,0.000000,,2026-06-06,2026-06-09,4,26,24,4,1.000000,,,0.000000,,,,,,,,GLOBAL_BASELINE_NO_ENTITY_RANKING,,,NOT_APPLICABLE_GLOBAL_BASELINE,HF9g-P5,,,,X 全窗基线 · 不参与实体赏罚,3924463,393,A168_HF9F_20260827_0900,2026-08-27 09:00:00
2026-06-09,135996362,2103,0,9.9702968240,6.2314355151,6.2314355151,0.5000000,2,2,0.49994810000000000,0.499948100000,0.00014679536856514622,0.00014679536856514622,0.00014679536856514622,0E-17,ELIGIBLE,R03b_20260811_FULL_v1,L1_ELIGIBILITY,v2026-08-11,2026-03-21..2026-08-06,baccarat_bet02_101_all_pairs_incl_sentinel,round_win = game_pnl > 0 (decisive only),COMPATIBILITY_ONLY_NOT_PRODUCTION,870.1161,866.3773,-61.9093,50,50,0.07115063,,0.07115063,0.07115063,61.9093,870.1161,OK,0.0000,-2.4764,4.0000,96.0000,AG03-UNRESOLVED,ALL5_LEVELS_bet23_to_bet27,-2.4764,-2.4764,-2.4764,-2.4764,-2.4764,4.000000,4.000000,4.000000,4.000000,4.000000,96.000000,96.000000,96.000000,96.000000,96.000000,5.0,-12.3819,-11.4301,-49.5274,-50.4792,PENDING_AG03,FALSE,NOT_FOR_ENFORCEMENT,-59.4329,831.7222,-61.9093,-59.4329,-2.4764,-0.07115063,-0.06830461,-2.4764,-59.4329,-0.06830461,-2.4764,-2.4764,-2.4764,-2.4764,-2.4764,-59.4329,-0.06830461,-12.3819,-11.4301,-49.5274,-50.4792,-0.05692051,-0.05801428,-0.00284603,17.4023,17.3275,-1.2382,-15.4773,-2.3811,217.5290,12.5000,,17.4023,8.3086,10.3857,20.7715,40.5043,78.9315,84.5398,10.3857,2.2952,7.6,8.14,1.6756,18,19,4,2,0E-8,-0.07115063,,0E-8,0.000000,0.995703,0.000000,,2026-06-06,2026-06-09,4,26,24,4,1.000000,,,0.000000,,,,,,,,GLOBAL_BASELINE_NO_ENTITY_RANKING,,,NOT_APPLICABLE_GLOBAL_BASELINE,HF9g-P5,,,,X 全窗基线 · 不参与实体赏罚,3924464,393,A168_HF9F_20260827_0900,2026-08-27 09:00:00
2026-06-09,135996362,2130,0,18.4865920279,18.1750202522,18.1750202522,1.0000000,2,2,0.49994810000000000,0.499948100000,1.4143603653603398,1.4143603653603398,1.4143603653603398,0E-17,ELIGIBLE,R03b_20260811_FULL_v1,L1_ELIGIBILITY,v2026-08-11,2026-03-21..2026-08-06,baccarat_bet02_101_all_pairs_incl_sentinel,round_win = game_pnl > 0 (decisive only),COMPATIBILITY_ONLY_NOT_PRODUCTION,870.1161,866.3773,-61.9093,50,50,0.07115063,,0.07115063,0.07115063,61.9093,870.1161,OK,0.0000,-2.4764,4.0000,96.0000,AG03-UNRESOLVED,ALL5_LEVELS_bet23_to_bet27,-2.4764,-2.4764,-2.4764,-2.4764,-2.4764,4.000000,4.000000,4.000000,4.000000,4.000000,96.000000,96.000000,96.000000,96.000000,96.000000,5.0,-12.3819,-11.4301,-49.5274,-50.4792,PENDING_AG03,FALSE,NOT_FOR_ENFORCEMENT,-59.4329,831.7222,-61.9093,-59.4329,-2.4764,-0.07115063,-0.06830461,-2.4764,-59.4329,-0.06830461,-2.4764,-2.4764,-2.4764,-2.4764,-2.4764,-59.4329,-0.06830461,-12.3819,-11.4301,-49.5274,-50.4792,-0.05692051,-0.05801428,-0.00284603,17.4023,17.3275,-1.2382,-15.4773,-2.3811,217.5290,12.5000,,17.4023,8.3086,10.3857,20.7715,40.5043,78.9315,84.5398,10.3857,2.2952,7.6,8.14,1.6756,18,19,4,2,0E-8,-0.07115063,,0E-8,0.000000,0.995703,0.000000,,2026-06-06,2026-06-09,4,26,24,4,1.000000,,,0.000000,,,,,,,,GLOBAL_BASELINE_NO_ENTITY_RANKING,,,NOT_APPLICABLE_GLOBAL_BASELINE,HF9g-P5,,,,X 全窗基线 · 不参与实体赏罚,3924465,393,A168_HF9F_20260827_0900,2026-08-27 09:00:00
2026-06-09,135996362,2209,0,23.8871694743,23.3678831814,23.3678831814,1.0000000,2,2,0.49994810000000000,0.499948100000,1.4143603653603398,1.4143603653603398,1.4143603653603398,0E-17,ELIGIBLE,R03b_20260811_FULL_v1,L1_ELIGIBILITY,v2026-08-11,2026-03-21..2026-08-06,baccarat_bet02_101_all_pairs_incl_sentinel,round_win = game_pnl > 0 (decisive only),COMPATIBILITY_ONLY_NOT_PRODUCTION,870.1161,866.3773,-61.9093,50,50,0.07115063,,0.07115063,0.07115063,61.9093,870.1161,OK,0.0000,-2.4764,4.0000,96.0000,AG03-UNRESOLVED,ALL5_LEVELS_bet23_to_bet27,-2.4764,-2.4764,-2.4764,-2.4764,-2.4764,4.000000,4.000000,4.000000,4.000000,4.000000,96.000000,96.000000,96.000000,96.000000,96.000000,5.0,-12.3819,-11.4301,-49.5274,-50.4792,PENDING_AG03,FALSE,NOT_FOR_ENFORCEMENT,-59.4329,831.7222,-61.9093,-59.4329,-2.4764,-0.07115063,-0.06830461,-2.4764,-59.4329,-0.06830461,-2.4764,-2.4764,-2.4764,-2.4764,-2.4764,-59.4329,-0.06830461,-12.3819,-11.4301,-49.5274,-50.4792,-0.05692051,-0.05801428,-0.00284603,17.4023,17.3275,-1.2382,-15.4773,-2.3811,217.5290,12.5000,,17.4023,8.3086,10.3857,20.7715,40.5043,78.9315,84.5398,10.3857,2.2952,7.6,8.14,1.6756,18,19,4,2,0E-8,-0.07115063,,0E-8,0.000000,0.995703,0.000000,,2026-06-06,2026-06-09,4,26,24,4,1.000000,,,0.000000,,,,,,,,GLOBAL_BASELINE_NO_ENTITY_RANKING,,,NOT_APPLICABLE_GLOBAL_BASELINE,HF9g-P5,,,,X 全窗基线 · 不参与实体赏罚,3924466,393,A168_HF9F_20260827_0900,2026-08-27 09:00:00
2026-05-04,149563128,2088,0,17.6430906544,0E-10,0E-10,,1,1,0.50665070000000000,0.506650700000,,,,0E-17,NO_DECISIVE_ROUND,R03b_20260811_FULL_v1,L1_ELIGIBILITY,v2026-08-11,2026-03-21..2026-08-06,baccarat_bet02_101_all_pairs_incl_sentinel,round_win = game_pnl > 0 (decisive only),COMPATIBILITY_ONLY_NOT_PRODUCTION,139.5880,121.9449,-61.9065,5,5,0.44349442,,0.44349442,0.44349442,61.9065,139.5880,THIN_EXPOSURE,0.0000,-2.4763,4.0000,96.0000,AG03-UNRESOLVED,ALL5_LEVELS_bet23_to_bet27,-2.4763,-2.4763,-3.0953,-3.0953,-3.0953,4.000000,4.000000,5.000000,5.000000,5.000000,96.000000,96.000000,95.000000,95.000000,95.000000,5.0,-14.2385,-12.9907,-47.6680,-48.9158,PENDING_AG03,FALSE,NOT_FOR_ENFORCEMENT,-59.4302,117.0671,-61.9065,-59.4302,-2.4763,-0.44349442,-0.42575465,-2.4763,-59.4302,-0.42575465,-2.4763,-2.4763,-3.0953,-3.0953,-3.0953,-59.4302,-0.42575465,-14.2385,-12.9907,-47.6680,-48.9158,-0.34149071,-0.35043013,-0.01773978,27.9176,24.3890,-12.3813,-61.9065,-30.9532,139.5880,5.0000,,27.9176,17.6431,28.5403,36.0646,41.5132,41.5132,41.5132,28.5403,16.7609,1.454545,1.454545,0.978182,2,2,1,2,0E-8,-0.44349442,,0E-8,0.000000,0.873606,0.000000,,2026-05-04,2026-05-04,1,2,2,1,1.000000,,,0.000000,,,,,,,,GLOBAL_BASELINE_NO_ENTITY_RANKING,,,NOT_APPLICABLE_GLOBAL_BASELINE,HF9g-P5,,,,X 全窗基线 · 不参与实体赏罚,3924467,393,A168_HF9F_20260827_0900,2026-08-27 09:00:00
2026-05-04,149563128,2222,0,121.9448912875,61.9064916195,61.9064916195,0.7500000,4,4,0.49994810000000000,0.499948100000,1.0002076053883384,1.0002076053883384,1.0002076053883384,0E-17,ELIGIBLE,R03b_20260811_FULL_v1,L1_ELIGIBILITY,v2026-08-11,2026-03-21..2026-08-06,baccarat_bet02_101_all_pairs_incl_sentinel,round_win = game_pnl > 0 (decisive only),COMPATIBILITY_ONLY_NOT_PRODUCTION,139.5880,121.9449,-61.9065,5,5,0.44349442,,0.44349442,0.44349442,61.9065,139.5880,THIN_EXPOSURE,0.0000,-2.4763,4.0000,96.0000,AG03-UNRESOLVED,ALL5_LEVELS_bet23_to_bet27,-2.4763,-2.4763,-3.0953,-3.0953,-3.0953,4.000000,4.000000,5.000000,5.000000,5.000000,96.000000,96.000000,95.000000,95.000000,95.000000,5.0,-14.2385,-12.9907,-47.6680,-48.9158,PENDING_AG03,FALSE,NOT_FOR_ENFORCEMENT,-59.4302,117.0671,-61.9065,-59.4302,-2.4763,-0.44349442,-0.42575465,-2.4763,-59.4302,-0.42575465,-2.4763,-2.4763,-3.0953,-3.0953,-3.0953,-59.4302,-0.42575465,-14.2385,-12.9907,-47.6680,-48.9158,-0.34149071,-0.35043013,-0.01773978,27.9176,24.3890,-12.3813,-61.9065,-30.9532,139.5880,5.0000,,27.9176,17.6431,28.5403,36.0646,41.5132,41.5132,41.5132,28.5403,16.7609,1.454545,1.454545,0.978182,2,2,1,2,0E-8,-0.44349442,,0E-8,0.000000,0.873606,0.000000,,2026-05-04,2026-05-04,1,2,2,1,1.000000,,,0.000000,,,,,,,,GLOBAL_BASELINE_NO_ENTITY_RANKING,,,NOT_APPLICABLE_GLOBAL_BASELINE,HF9g-P5,,,,X 全窗基线 · 不参与实体赏罚,3924468,393,A168_HF9F_20260827_0900,2026-08-27 09:00:00
2026-05-12,149950179,2121,0,91.5883970734,24.5705983082,24.5705983082,0.7142857,8,8,0.50329940000000000,0.503299400000,1.1164589431750795,1.1164589431750798,1.1164589431750795,0E-17,ELIGIBLE,R03b_20260811_FULL_v1,L1_ELIGIBILITY,v2026-08-11,2026-03-21..2026-08-06,baccarat_bet02_101_all_pairs_incl_sentinel,round_win = game_pnl > 0 (decisive only),COMPATIBILITY_ONLY_NOT_PRODUCTION,192.7767,179.8039,-61.9065,22,22,0.32113055,,0.32113055,0.32113055,61.9065,192.7767,THIN_EXPOSURE,0.0000,-2.4763,4.0000,96.0000,AG03-UNRESOLVED,ALL5_LEVELS_bet23_to_bet27,-2.4763,-2.4763,-3.0953,-3.0953,-3.0953,4.000000,4.000000,5.000000,5.000000,5.000000,96.000000,96.000000,95.000000,95.000000,95.000000,5.0,-14.2385,-12.9907,-47.6680,-48.9158,PENDING_AG03,FALSE,NOT_FOR_ENFORCEMENT,-59.4302,172.6117,-61.9065,-59.4302,-2.4763,-0.32113055,-0.30828533,-2.4763,-59.4302,-0.30828533,-2.4763,-2.4763,-3.0953,-3.0953,-3.0953,-59.4302,-0.30828533,-14.2385,-12.9907,-47.6680,-48.9158,-0.24727052,-0.25374349,-0.01284522,8.7626,8.1729,-2.8139,-10.3177,-8.8438,32.1295,3.6667,,8.7626,5.1891,8.6918,12.9729,13.362,14.3739,14.5296,7.5243,5.1891,1.653731,1.671642,1.008141,6,5,2,2,0E-8,-0.32113055,,0E-8,0.000000,0.932705,0.000000,,2026-05-12,2026-05-24,6,7,7,13,0.461539,,,0.000000,,,,,,,,GLOBAL_BASELINE_NO_ENTITY_RANKING,,,NOT_APPLICABLE_GLOBAL_BASELINE,HF9g-P5,,,,X 全窗基线 · 不参与实体赏罚,3924469,393,A168_HF9F_20260827_0900,2026-08-27 09:00:00
2026-05-17,149950179,-1,1,14.5296040683,13.8031238649,13.8031238649,1.0000000,1,1,0.50665070000000000,0.506650700000,0.9867858985152569,0.9867858985152569,0.9867858985152569,0E-17,SENTINEL_DEALER,R03b_20260811_FULL_v1,L1_ELIGIBILITY,v2026-08-11,2026-03-21..2026-08-06,baccarat_bet02_101_all_pairs_incl_sentinel,round_win = game_pnl > 0 (decisive only),COMPATIBILITY_ONLY_NOT_PRODUCTION,192.7767,179.8039,-61.9065,22,22,0.32113055,,0.32113055,0.32113055,61.9065,192.7767,THIN_EXPOSURE,0.0000,-2.4763,4.0000,96.0000,AG03-UNRESOLVED,ALL5_LEVELS_bet23_to_bet27,-2.4763,-2.4763,-3.0953,-3.0953,-3.0953,4.000000,4.000000,5.000000,5.000000,5.000000,96.000000,96.000000,95.000000,95.000000,95.000000,5.0,-14.2385,-12.9907,-47.6680,-48.9158,PENDING_AG03,FALSE,NOT_FOR_ENFORCEMENT,-59.4302,172.6117,-61.9065,-59.4302,-2.4763,-0.32113055,-0.30828533,-2.4763,-59.4302,-0.30828533,-2.4763,-2.4763,-3.0953,-3.0953,-3.0953,-59.4302,-0.30828533,-14.2385,-12.9907,-47.6680,-48.9158,-0.24727052,-0.25374349,-0.01284522,8.7626,8.1729,-2.8139,-10.3177,-8.8438,32.1295,3.6667,,8.7626,5.1891,8.6918,12.9729,13.362,14.3739,14.5296,7.5243,5.1891,1.653731,1.671642,1.008141,6,5,2,2,0E-8,-0.32113055,,0E-8,0.000000,0.932705,0.000000,,2026-05-12,2026-05-24,6,7,7,13,0.461539,,,0.000000,,,,,,,,GLOBAL_BASELINE_NO_ENTITY_RANKING,,,NOT_APPLICABLE_GLOBAL_BASELINE,HF9g-P5,,,,X 全窗基线 · 不参与实体赏罚,3924470,393,A168_HF9F_20260827_0900,2026-08-27 09:00:00
2026-05-18,149950179,-1,1,25.1673499040,-3.7361839033,-3.7361839033,0.6666667,3,3,0.50218230000000000,0.502182300000,0.5697959874915163,0.5697959874915164,0.5697959874915163,0E-17,SENTINEL_DEALER,R03b_20260811_FULL_v1,L1_ELIGIBILITY,v2026-08-11,2026-03-21..2026-08-06,baccarat_bet02_101_all_pairs_incl_sentinel,round_win = game_pnl > 0 (decisive only),COMPATIBILITY_ONLY_NOT_PRODUCTION,192.7767,179.8039,-61.9065,22,22,0.32113055,,0.32113055,0.32113055,61.9065,192.7767,THIN_EXPOSURE,0.0000,-2.4763,4.0000,96.0000,AG03-UNRESOLVED,ALL5_LEVELS_bet23_to_bet27,-2.4763,-2.4763,-3.0953,-3.0953,-3.0953,4.000000,4.000000,5.000000,5.000000,5.000000,96.000000,96.000000,95.000000,95.000000,95.000000,5.0,-14.2385,-12.9907,-47.6680,-48.9158,PENDING_AG03,FALSE,NOT_FOR_ENFORCEMENT,-59.4302,172.6117,-61.9065,-59.4302,-2.4763,-0.32113055,-0.30828533,-2.4763,-59.4302,-0.30828533,-2.4763,-2.4763,-3.0953,-3.0953,-3.0953,-59.4302,-0.30828533,-14.2385,-12.9907,-47.6680,-48.9158,-0.24727052,-0.25374349,-0.01284522,8.7626,8.1729,-2.8139,-10.3177,-8.8438,32.1295,3.6667,,8.7626,5.1891,8.6918,12.9729,13.362,14.3739,14.5296,7.5243,5.1891,1.653731,1.671642,1.008141,6,5,2,2,0E-8,-0.32113055,,0E-8,0.000000,0.932705,0.000000,,2026-05-12,2026-05-24,6,7,7,13,0.461539,,,0.000000,,,,,,,,GLOBAL_BASELINE_NO_ENTITY_RANKING,,,NOT_APPLICABLE_GLOBAL_BASELINE,HF9g-P5,,,,X 全窗基线 · 不参与实体赏罚,3924471,393,A168_HF9F_20260827_0900,2026-08-27 09:00:00
2026-05-19,149950179,2177,0,15.5674329303,15.5674329303,15.5674329303,1.0000000,2,2,0.49324550000000000,0.493245500000,1.4334489766152358,1.4334489766152358,1.4334489766152358,0E-17,ELIGIBLE,R03b_20260811_FULL_v1,L1_ELIGIBILITY,v2026-08-11,2026-03-21..2026-08-06,baccarat_bet02_101_all_pairs_incl_sentinel,round_win = game_pnl > 0 (decisive only),COMPATIBILITY_ONLY_NOT_PRODUCTION,192.7767,179.8039,-61.9065,22,22,0.32113055,,0.32113055,0.32113055,61.9065,192.7767,THIN_EXPOSURE,0.0000,-2.4763,4.0000,96.0000,AG03-UNRESOLVED,ALL5_LEVELS_bet23_to_bet27,-2.4763,-2.4763,-3.0953,-3.0953,-3.0953,4.000000,4.000000,5.000000,5.000000,5.000000,96.000000,96.000000,95.000000,95.000000,95.000000,5.0,-14.2385,-12.9907,-47.6680,-48.9158,PENDING_AG03,FALSE,NOT_FOR_ENFORCEMENT,-59.4302,172.6117,-61.9065,-59.4302,-2.4763,-0.32113055,-0.30828533,-2.4763,-59.4302,-0.30828533,-2.4763,-2.4763,-3.0953,-3.0953,-3.0953,-59.4302,-0.30828533,-14.2385,-12.9907,-47.6680,-48.9158,-0.24727052,-0.25374349,-0.01284522,8.7626,8.1729,-2.8139,-10.3177,-8.8438,32.1295,3.6667,,8.7626,5.1891,8.6918,12.9729,13.362,14.3739,14.5296,7.5243,5.1891,1.653731,1.671642,1.008141,6,5,2,2,0E-8,-0.32113055,,0E-8,0.000000,0.932705,0.000000,,2026-05-12,2026-05-24,6,7,7,13,0.461539,,,0.000000,,,,,,,,GLOBAL_BASELINE_NO_ENTITY_RANKING,,,NOT_APPLICABLE_GLOBAL_BASELINE,HF9g-P5,,,,X 全窗基线 · 不参与实体赏罚,3924472,393,A168_HF9F_20260827_0900,2026-08-27 09:00:00
2026-05-23,149950179,2234,0,7.7837164652,-2.7243007628,-2.7243007628,0.5000000,2,2,0.49994810000000000,0.499948100000,0.00014679536856514622,0.00014679536856514622,0.00014679536856514622,0E-17,ELIGIBLE,R03b_20260811_FULL_v1,L1_ELIGIBILITY,v2026-08-11,2026-03-21..2026-08-06,baccarat_bet02_101_all_pairs_incl_sentinel,round_win = game_pnl > 0 (decisive only),COMPATIBILITY_ONLY_NOT_PRODUCTION,192.7767,179.8039,-61.9065,22,22,0.32113055,,0.32113055,0.32113055,61.9065,192.7767,THIN_EXPOSURE,0.0000,-2.4763,4.0000,96.0000,AG03-UNRESOLVED,ALL5_LEVELS_bet23_to_bet27,-2.4763,-2.4763,-3.0953,-3.0953,-3.0953,4.000000,4.000000,5.000000,5.000000,5.000000,96.000000,96.000000,95.000000,95.000000,95.000000,5.0,-14.2385,-12.9907,-47.6680,-48.9158,PENDING_AG03,FALSE,NOT_FOR_ENFORCEMENT,-59.4302,172.6117,-61.9065,-59.4302,-2.4763,-0.32113055,-0.30828533,-2.4763,-59.4302,-0.30828533,-2.4763,-2.4763,-3.0953,-3.0953,-3.0953,-59.4302,-0.30828533,-14.2385,-12.9907,-47.6680,-48.9158,-0.24727052,-0.25374349,-0.01284522,8.7626,8.1729,-2.8139,-10.3177,-8.8438,32.1295,3.6667,,8.7626,5.1891,8.6918,12.9729,13.362,14.3739,14.5296,7.5243,5.1891,1.653731,1.671642,1.008141,6,5,2,2,0E-8,-0.32113055,,0E-8,0.000000,0.932705,0.000000,,2026-05-12,2026-05-24,6,7,7,13,0.461539,,,0.000000,,,,,,,,GLOBAL_BASELINE_NO_ENTITY_RANKING,,,NOT_APPLICABLE_GLOBAL_BASELINE,HF9g-P5,,,,X 全窗基线 · 不参与实体赏罚,3924473,393,A168_HF9F_20260827_0900,2026-08-27 09:00:00
2026-05-24,149950179,-1,1,34.5078096622,18.0582221991,18.0582221991,0.8000000,5,5,0.49860758000000000,0.498607580000,1.3478731046594083,1.3478731046594083,1.3478731046594083,0E-17,SENTINEL_DEALER,R03b_20260811_FULL_v1,L1_ELIGIBILITY,v2026-08-11,2026-03-21..2026-08-06,baccarat_bet02_101_all_pairs_incl_sentinel,round_win = game_pnl > 0 (decisive only),COMPATIBILITY_ONLY_NOT_PRODUCTION,192.7767,179.8039,-61.9065,22,22,0.32113055,,0.32113055,0.32113055,61.9065,192.7767,THIN_EXPOSURE,0.0000,-2.4763,4.0000,96.0000,AG03-UNRESOLVED,ALL5_LEVELS_bet23_to_bet27,-2.4763,-2.4763,-3.0953,-3.0953,-3.0953,4.000000,4.000000,5.000000,5.000000,5.000000,96.000000,96.000000,95.000000,95.000000,95.000000,5.0,-14.2385,-12.9907,-47.6680,-48.9158,PENDING_AG03,FALSE,NOT_FOR_ENFORCEMENT,-59.4302,172.6117,-61.9065,-59.4302,-2.4763,-0.32113055,-0.30828533,-2.4763,-59.4302,-0.30828533,-2.4763,-2.4763,-3.0953,-3.0953,-3.0953,-59.4302,-0.30828533,-14.2385,-12.9907,-47.6680,-48.9158,-0.24727052,-0.25374349,-0.01284522,8.7626,8.1729,-2.8139,-10.3177,-8.8438,32.1295,3.6667,,8.7626,5.1891,8.6918,12.9729,13.362,14.3739,14.5296,7.5243,5.1891,1.653731,1.671642,1.008141,6,5,2,2,0E-8,-0.32113055,,0E-8,0.000000,0.932705,0.000000,,2026-05-12,2026-05-24,6,7,7,13,0.461539,,,0.000000,,,,,,,,GLOBAL_BASELINE_NO_ENTITY_RANKING,,,NOT_APPLICABLE_GLOBAL_BASELINE,HF9g-P5,,,,X 全窗基线 · 不参与实体赏罚,3924474,393,A168_HF9F_20260827_0900,2026-08-27 09:00:00
2026-05-24,149950179,1004,0,3.6324010171,-3.6324010171,-3.6324010171,0E-7,1,1,0.49324550000000000,0.493245500000,-0.9865810262130424,-0.9865810262130424,-0.9865810262130424,0E-17,ELIGIBLE,R03b_20260811_FULL_v1,L1_ELIGIBILITY,v2026-08-11,2026-03-21..2026-08-06,baccarat_bet02_101_all_pairs_incl_sentinel,round_win = game_pnl > 0 (decisive only),COMPATIBILITY_ONLY_NOT_PRODUCTION,192.7767,179.8039,-61.9065,22,22,0.32113055,,0.32113055,0.32113055,61.9065,192.7767,THIN_EXPOSURE,0.0000,-2.4763,4.0000,96.0000,AG03-UNRESOLVED,ALL5_LEVELS_bet23_to_bet27,-2.4763,-2.4763,-3.0953,-3.0953,-3.0953,4.000000,4.000000,5.000000,5.000000,5.000000,96.000000,96.000000,95.000000,95.000000,95.000000,5.0,-14.2385,-12.9907,-47.6680,-48.9158,PENDING_AG03,FALSE,NOT_FOR_ENFORCEMENT,-59.4302,172.6117,-61.9065,-59.4302,-2.4763,-0.32113055,-0.30828533,-2.4763,-59.4302,-0.30828533,-2.4763,-2.4763,-3.0953,-3.0953,-3.0953,-59.4302,-0.30828533,-14.2385,-12.9907,-47.6680,-48.9158,-0.24727052,-0.25374349,-0.01284522,8.7626,8.1729,-2.8139,-10.3177,-8.8438,32.1295,3.6667,,8.7626,5.1891,8.6918,12.9729,13.362,14.3739,14.5296,7.5243,5.1891,1.653731,1.671642,1.008141,6,5,2,2,0E-8,-0.32113055,,0E-8,0.000000,0.932705,0.000000,,2026-05-12,2026-05-24,6,7,7,13,0.461539,,,0.000000,,,,,,,,GLOBAL_BASELINE_NO_ENTITY_RANKING,,,NOT_APPLICABLE_GLOBAL_BASELINE,HF9g-P5,,,,X 全窗基线 · 不参与实体赏罚,3924475,393,A168_HF9F_20260827_0900,2026-08-27 09:00:00
2026-04-04,148203221,2170,0,62.8222914432,61.9061330263,61.9061330263,1.0000000,4,4,0.49994810000000000,0.499948100000,2.0002076107755586,2.0002076107755586,2.0002076107755586,0E-17,ELIGIBLE,R03b_20260811_FULL_v1,L1_ELIGIBILITY,v2026-08-11,2026-03-21..2026-08-06,baccarat_bet02_101_all_pairs_incl_sentinel,round_win = game_pnl > 0 (decisive only),COMPATIBILITY_ONLY_NOT_PRODUCTION,62.8223,62.8223,-61.9061,4,4,0.98541667,,0.98541667,0.98541667,61.9061,62.8223,THIN_EXPOSURE,0.0000,-2.4762,4.0000,96.0000,AG03-UNRESOLVED,ALL5_LEVELS_bet23_to_bet27,-2.4762,-2.4762,-2.4762,-3.0953,-3.0953,4.000000,4.000000,4.000000,5.000000,5.000000,96.000000,96.000000,96.000000,95.000000,95.000000,5.0,-13.6193,-12.4757,-48.2868,-49.4305,PENDING_AG03,FALSE,NOT_FOR_ENFORCEMENT,-59.4299,60.3094,-61.9061,-59.4299,-2.4762,-0.98541667,-0.94600000,-2.4762,-59.4299,-0.94600000,-2.4762,-2.4762,-2.4762,-3.0953,-3.0953,-59.4299,-0.94600000,-13.6193,-12.4757,-48.2868,-49.4305,-0.76862500,-0.78682982,-0.03941667,15.7056,15.7056,-15.4765,-61.9061,-61.9061,62.8223,4.0000,,15.7056,9.1616,15.7056,22.2496,23.5584,23.5584,23.5584,15.7056,15.4438,1.5,1.5,1.0,1,1,1,2,0E-8,-0.98541667,,0E-8,0.000000,1.000000,0.000000,,2026-04-04,2026-04-04,1,1,1,1,1.000000,,,0.000000,,,,,,,,GLOBAL_BASELINE_NO_ENTITY_RANKING,,,NOT_APPLICABLE_GLOBAL_BASELINE,HF9g-P5,,,,X 全窗基线 · 不参与实体赏罚,3924476,393,A168_HF9F_20260827_0900,2026-08-27 09:00:00
2026-03-28,147916383,-1,1,66.3559522869,1.4219132633,1.4219132633,0.5000000,2,2,0.49994810000000000,0.499948100000,0.00014679536856514622,0.00014679536856514622,0.00014679536856514622,0E-17,SENTINEL_DEALER,R03b_20260811_FULL_v1,L1_ELIGIBILITY,v2026-08-11,2026-03-21..2026-08-06,baccarat_bet02_101_all_pairs_incl_sentinel,round_win = game_pnl > 0 (decisive only),COMPATIBILITY_ONLY_NOT_PRODUCTION,481.3440,481.3440,-61.9059,10,10,0.12861050,,0.12861050,0.12861050,61.9059,481.3440,THIN_EXPOSURE,0.0000,-2.4762,4.0000,96.0000,AG03-UNRESOLVED,ALL5_LEVELS_bet23_to_bet27,-2.4762,-2.4762,-3.0953,-3.0953,-3.0953,4.000000,4.000000,5.000000,5.000000,5.000000,96.000000,96.000000,95.000000,95.000000,95.000000,5.0,-14.2384,-12.9905,-47.6675,-48.9154,PENDING_AG03,FALSE,NOT_FOR_ENFORCEMENT,-59.4297,462.0902,-61.9059,-59.4297,-2.4762,-0.12861050,-0.12346608,-2.4762,-59.4297,-0.12346608,-2.4762,-2.4762,-3.0953,-3.0953,-3.0953,-59.4297,-0.12346608,-14.2384,-12.9905,-47.6675,-48.9154,-0.09903009,-0.10162246,-0.00514442,48.1344,48.1344,-6.1906,-61.9059,-15.4765,481.3440,10.0000,,48.1344,21.0654,33.178,44.7639,129.0255,171.1562,171.1562,33.178,21.2629,5.15873,5.15873,1.450794,4,4,1,2,0E-8,-0.12861050,,0E-8,0.000000,1.000000,0.000000,,2026-03-28,2026-03-28,1,4,4,1,1.000000,,,0.000000,,,,,,,,GLOBAL_BASELINE_NO_ENTITY_RANKING,,,NOT_APPLICABLE_GLOBAL_BASELINE,HF9g-P5,,,,X 全窗基线 · 不参与实体赏罚,3924477,393,A168_HF9F_20260827_0900,2026-08-27 09:00:00
2026-03-28,147916383,1078,0,225.9262185007,214.6299075757,214.6299075757,1.0000000,6,6,0.50665070000000000,0.506650700000,2.4171219367362036,2.4171219367362036,2.4171219367362036,0E-17,ELIGIBLE,R03b_20260811_FULL_v1,L1_ELIGIBILITY,v2026-08-11,2026-03-21..2026-08-06,baccarat_bet02_101_all_pairs_incl_sentinel,round_win = game_pnl > 0 (decisive only),COMPATIBILITY_ONLY_NOT_PRODUCTION,481.3440,481.3440,-61.9059,10,10,0.12861050,,0.12861050,0.12861050,61.9059,481.3440,THIN_EXPOSURE,0.0000,-2.4762,4.0000,96.0000,AG03-UNRESOLVED,ALL5_LEVELS_bet23_to_bet27,-2.4762,-2.4762,-3.0953,-3.0953,-3.0953,4.000000,4.000000,5.000000,5.000000,5.000000,96.000000,96.000000,95.000000,95.000000,95.000000,5.0,-14.2384,-12.9905,-47.6675,-48.9154,PENDING_AG03,FALSE,NOT_FOR_ENFORCEMENT,-59.4297,462.0902,-61.9059,-59.4297,-2.4762,-0.12861050,-0.12346608,-2.4762,-59.4297,-0.12346608,-2.4762,-2.4762,-3.0953,-3.0953,-3.0953,-59.4297,-0.12346608,-14.2384,-12.9905,-47.6675,-48.9154,-0.09903009,-0.10162246,-0.00514442,48.1344,48.1344,-6.1906,-61.9059,-15.4765,481.3440,10.0000,,48.1344,21.0654,33.178,44.7639,129.0255,171.1562,171.1562,33.178,21.2629,5.15873,5.15873,1.450794,4,4,1,2,0E-8,-0.12861050,,0E-8,0.000000,1.000000,0.000000,,2026-03-28,2026-03-28,1,4,4,1,1.000000,,,0.000000,,,,,,,,GLOBAL_BASELINE_NO_ENTITY_RANKING,,,NOT_APPLICABLE_GLOBAL_BASELINE,HF9g-P5,,,,X 全窗基线 · 不参与实体赏罚,3924478,393,A168_HF9F_20260827_0900,2026-08-27 09:00:00
2026-03-28,147916383,1210,0,17.9055744266,17.0102957053,17.0102957053,1.0000000,1,1,0.50665070000000000,0.506650700000,0.9867858985152569,0.9867858985152569,0.9867858985152569,0E-17,ELIGIBLE,R03b_20260811_FULL_v1,L1_ELIGIBILITY,v2026-08-11,2026-03-21..2026-08-06,baccarat_bet02_101_all_pairs_incl_sentinel,round_win = game_pnl > 0 (decisive only),COMPATIBILITY_ONLY_NOT_PRODUCTION,481.3440,481.3440,-61.9059,10,10,0.12861050,,0.12861050,0.12861050,61.9059,481.3440,THIN_EXPOSURE,0.0000,-2.4762,4.0000,96.0000,AG03-UNRESOLVED,ALL5_LEVELS_bet23_to_bet27,-2.4762,-2.4762,-3.0953,-3.0953,-3.0953,4.000000,4.000000,5.000000,5.000000,5.000000,96.000000,96.000000,95.000000,95.000000,95.000000,5.0,-14.2384,-12.9905,-47.6675,-48.9154,PENDING_AG03,FALSE,NOT_FOR_ENFORCEMENT,-59.4297,462.0902,-61.9059,-59.4297,-2.4762,-0.12861050,-0.12346608,-2.4762,-59.4297,-0.12346608,-2.4762,-2.4762,-3.0953,-3.0953,-3.0953,-59.4297,-0.12346608,-14.2384,-12.9905,-47.6675,-48.9154,-0.09903009,-0.10162246,-0.00514442,48.1344,48.1344,-6.1906,-61.9059,-15.4765,481.3440,10.0000,,48.1344,21.0654,33.178,44.7639,129.0255,171.1562,171.1562,33.178,21.2629,5.15873,5.15873,1.450794,4,4,1,2,0E-8,-0.12861050,,0E-8,0.000000,1.000000,0.000000,,2026-03-28,2026-03-28,1,4,4,1,1.000000,,,0.000000,,,,,,,,GLOBAL_BASELINE_NO_ENTITY_RANKING,,,NOT_APPLICABLE_GLOBAL_BASELINE,HF9g-P5,,,,X 全窗基线 · 不参与实体赏罚,3924479,393,A168_HF9F_20260827_0900,2026-08-27 09:00:00
2026-03-28,147916383,2220,0,171.1562261369,-171.1562261369,-171.1562261369,0E-7,1,1,0.50665070000000000,0.506650700000,-1.013391052207602,-1.013391052207602,-1.013391052207602,0E-17,ELIGIBLE,R03b_20260811_FULL_v1,L1_ELIGIBILITY,v2026-08-11,2026-03-21..2026-08-06,baccarat_bet02_101_all_pairs_incl_sentinel,round_win = game_pnl > 0 (decisive only),COMPATIBILITY_ONLY_NOT_PRODUCTION,481.3440,481.3440,-61.9059,10,10,0.12861050,,0.12861050,0.12861050,61.9059,481.3440,THIN_EXPOSURE,0.0000,-2.4762,4.0000,96.0000,AG03-UNRESOLVED,ALL5_LEVELS_bet23_to_bet27,-2.4762,-2.4762,-3.0953,-3.0953,-3.0953,4.000000,4.000000,5.000000,5.000000,5.000000,96.000000,96.000000,95.000000,95.000000,95.000000,5.0,-14.2384,-12.9905,-47.6675,-48.9154,PENDING_AG03,FALSE,NOT_FOR_ENFORCEMENT,-59.4297,462.0902,-61.9059,-59.4297,-2.4762,-0.12861050,-0.12346608,-2.4762,-59.4297,-0.12346608,-2.4762,-2.4762,-3.0953,-3.0953,-3.0953,-59.4297,-0.12346608,-14.2384,-12.9905,-47.6675,-48.9154,-0.09903009,-0.10162246,-0.00514442,48.1344,48.1344,-6.1906,-61.9059,-15.4765,481.3440,10.0000,,48.1344,21.0654,33.178,44.7639,129.0255,171.1562,171.1562,33.178,21.2629,5.15873,5.15873,1.450794,4,4,1,2,0E-8,-0.12861050,,0E-8,0.000000,1.000000,0.000000,,2026-03-28,2026-03-28,1,4,4,1,1.000000,,,0.000000,,,,,,,,GLOBAL_BASELINE_NO_ENTITY_RANKING,,,NOT_APPLICABLE_GLOBAL_BASELINE,HF9g-P5,,,,X 全窗基线 · 不参与实体赏罚,3924480,393,A168_HF9F_20260827_0900,2026-08-27 09:00:00
2026-04-27,116815719,2242,0,42.1647376299,40.0565007484,40.0565007484,1.0000000,1,1,0.50665070000000000,0.506650700000,0.9867858985152569,0.9867858985152569,0.9867858985152569,0E-17,ELIGIBLE,R03b_20260811_FULL_v1,L1_ELIGIBILITY,v2026-08-11,2026-03-21..2026-08-06,baccarat_bet02_101_all_pairs_incl_sentinel,round_win = game_pnl > 0 (decisive only),COMPATIBILITY_ONLY_NOT_PRODUCTION,103.2928,103.2928,-61.9029,5,5,0.59929601,,0.59929601,0.59929601,61.9029,103.2928,THIN_EXPOSURE,0.0000,-2.4761,4.0000,96.0000,AG03-UNRESOLVED,ALL5_LEVELS_bet23_to_bet27,-2.4761,-2.4761,-2.4761,-3.7142,0.0000,4.000000,4.000000,4.000000,6.000000,0.000000,96.000000,96.000000,96.000000,94.000000,100.000000,5.0,-11.1425,-10.4212,-50.7604,-51.4817,PENDING_AG03,FALSE,NOT_FOR_ENFORCEMENT,-59.4268,99.1611,-61.9029,-59.4268,-2.4761,-0.59929601,-0.57532417,-2.4761,-59.4268,-0.57532417,-2.4761,-2.4761,-2.4761,-3.7142,0.0000,-59.4268,-0.57532417,-11.1425,-10.4212,-50.7604,-51.4817,-0.49142273,-0.49840563,-0.02397184,20.6586,20.6586,-12.3806,-20.6343,-20.6343,34.4309,1.6667,,20.6586,10.0305,21.0062,26.2958,42.1647,42.1647,42.1647,21.0062,19.9559,2.007252,2.007252,0.98345,3,4,3,2,0E-8,-0.59929601,,0E-8,0.000000,1.000000,0.000000,,2026-04-27,2026-05-21,3,3,3,25,0.120000,,,0.000000,,,,,,,,GLOBAL_BASELINE_NO_ENTITY_RANKING,,,NOT_APPLICABLE_GLOBAL_BASELINE,HF9g-P5,,,,X 全窗基线 · 不参与实体赏罚,3924481,393,A168_HF9F_20260827_0900,2026-08-27 09:00:00
2026-05-19,116815719,2141,0,8.6125406995,-8.6125406995,-8.6125406995,0E-7,1,1,0.50665070000000000,0.506650700000,-1.013391052207602,-1.013391052207602,-1.013391052207602,0E-17,ELIGIBLE,R03b_20260811_FULL_v1,L1_ELIGIBILITY,v2026-08-11,2026-03-21..2026-08-06,baccarat_bet02_101_all_pairs_incl_sentinel,round_win = game_pnl > 0 (decisive only),COMPATIBILITY_ONLY_NOT_PRODUCTION,103.2928,103.2928,-61.9029,5,5,0.59929601,,0.59929601,0.59929601,61.9029,103.2928,THIN_EXPOSURE,0.0000,-2.4761,4.0000,96.0000,AG03-UNRESOLVED,ALL5_LEVELS_bet23_to_bet27,-2.4761,-2.4761,-2.4761,-3.7142,0.0000,4.000000,4.000000,4.000000,6.000000,0.000000,96.000000,96.000000,96.000000,94.000000,100.000000,5.0,-11.1425,-10.4212,-50.7604,-51.4817,PENDING_AG03,FALSE,NOT_FOR_ENFORCEMENT,-59.4268,99.1611,-61.9029,-59.4268,-2.4761,-0.59929601,-0.57532417,-2.4761,-59.4268,-0.57532417,-2.4761,-2.4761,-2.4761,-3.7142,0.0000,-59.4268,-0.57532417,-11.1425,-10.4212,-50.7604,-51.4817,-0.49142273,-0.49840563,-0.02397184,20.6586,20.6586,-12.3806,-20.6343,-20.6343,34.4309,1.6667,,20.6586,10.0305,21.0062,26.2958,42.1647,42.1647,42.1647,21.0062,19.9559,2.007252,2.007252,0.98345,3,4,3,2,0E-8,-0.59929601,,0E-8,0.000000,1.000000,0.000000,,2026-04-27,2026-05-21,3,3,3,25,0.120000,,,0.000000,,,,,,,,GLOBAL_BASELINE_NO_ENTITY_RANKING,,,NOT_APPLICABLE_GLOBAL_BASELINE,HF9g-P5,,,,X 全窗基线 · 不参与实体赏罚,3924482,393,A168_HF9F_20260827_0900,2026-08-27 09:00:00
2026-05-21,116815719,1299,0,42.0123936562,40.9620838148,40.9620838148,1.0000000,2,2,0.49994810000000000,0.499948100000,1.4143603653603398,1.4143603653603398,1.4143603653603398,0E-17,ELIGIBLE,R03b_20260811_FULL_v1,L1_ELIGIBILITY,v2026-08-11,2026-03-21..2026-08-06,baccarat_bet02_101_all_pairs_incl_sentinel,round_win = game_pnl > 0 (decisive only),COMPATIBILITY_ONLY_NOT_PRODUCTION,103.2928,103.2928,-61.9029,5,5,0.59929601,,0.59929601,0.59929601,61.9029,103.2928,THIN_EXPOSURE,0.0000,-2.4761,4.0000,96.0000,AG03-UNRESOLVED,ALL5_LEVELS_bet23_to_bet27,-2.4761,-2.4761,-2.4761,-3.7142,0.0000,4.000000,4.000000,4.000000,6.000000,0.000000,96.000000,96.000000,96.000000,94.000000,100.000000,5.0,-11.1425,-10.4212,-50.7604,-51.4817,PENDING_AG03,FALSE,NOT_FOR_ENFORCEMENT,-59.4268,99.1611,-61.9029,-59.4268,-2.4761,-0.59929601,-0.57532417,-2.4761,-59.4268,-0.57532417,-2.4761,-2.4761,-2.4761,-3.7142,0.0000,-59.4268,-0.57532417,-11.1425,-10.4212,-50.7604,-51.4817,-0.49142273,-0.49840563,-0.02397184,20.6586,20.6586,-12.3806,-20.6343,-20.6343,34.4309,1.6667,,20.6586,10.0305,21.0062,26.2958,42.1647,42.1647,42.1647,21.0062,19.9559,2.007252,2.007252,0.98345,3,4,3,2,0E-8,-0.59929601,,0E-8,0.000000,1.000000,0.000000,,2026-04-27,2026-05-21,3,3,3,25,0.120000,,,0.000000,,,,,,,,GLOBAL_BASELINE_NO_ENTITY_RANKING,,,NOT_APPLICABLE_GLOBAL_BASELINE,HF9g-P5,,,,X 全窗基线 · 不参与实体赏罚,3924483,393,A168_HF9F_20260827_0900,2026-08-27 09:00:00
2026-05-21,116815719,772,0,10.5030984140,-10.5030984140,-10.5030984140,0E-7,1,1,0.49324550000000000,0.493245500000,-0.9865810262130424,-0.9865810262130424,-0.9865810262130424,0E-17,ELIGIBLE,R03b_20260811_FULL_v1,L1_ELIGIBILITY,v2026-08-11,2026-03-21..2026-08-06,baccarat_bet02_101_all_pairs_incl_sentinel,round_win = game_pnl > 0 (decisive only),COMPATIBILITY_ONLY_NOT_PRODUCTION,103.2928,103.2928,-61.9029,5,5,0.59929601,,0.59929601,0.59929601,61.9029,103.2928,THIN_EXPOSURE,0.0000,-2.4761,4.0000,96.0000,AG03-UNRESOLVED,ALL5_LEVELS_bet23_to_bet27,-2.4761,-2.4761,-2.4761,-3.7142,0.0000,4.000000,4.000000,4.000000,6.000000,0.000000,96.000000,96.000000,96.000000,94.000000,100.000000,5.0,-11.1425,-10.4212,-50.7604,-51.4817,PENDING_AG03,FALSE,NOT_FOR_ENFORCEMENT,-59.4268,99.1611,-61.9029,-59.4268,-2.4761,-0.59929601,-0.57532417,-2.4761,-59.4268,-0.57532417,-2.4761,-2.4761,-2.4761,-3.7142,0.0000,-59.4268,-0.57532417,-11.1425,-10.4212,-50.7604,-51.4817,-0.49142273,-0.49840563,-0.02397184,20.6586,20.6586,-12.3806,-20.6343,-20.6343,34.4309,1.6667,,20.6586,10.0305,21.0062,26.2958,42.1647,42.1647,42.1647,21.0062,19.9559,2.007252,2.007252,0.98345,3,4,3,2,0E-8,-0.59929601,,0E-8,0.000000,1.000000,0.000000,,2026-04-27,2026-05-21,3,3,3,25,0.120000,,,0.000000,,,,,,,,GLOBAL_BASELINE_NO_ENTITY_RANKING,,,NOT_APPLICABLE_GLOBAL_BASELINE,HF9g-P5,,,,X 全窗基线 · 不参与实体赏罚,3924484,393,A168_HF9F_20260827_0900,2026-08-27 09:00:00
2026-07-10,152814803,2235,0,66.5446681085,63.2174347030,63.2174347030,1.0000000,1,1,0.50665070000000000,0.506650700000,0.9867858985152569,0.9867858985152569,0.9867858985152569,0E-17,ELIGIBLE,R03b_20260811_FULL_v1,L1_ELIGIBILITY,v2026-08-11,2026-03-21..2026-08-06,baccarat_bet02_101_all_pairs_incl_sentinel,round_win = game_pnl > 0 (decisive only),COMPATIBILITY_ONLY_NOT_PRODUCTION,66.5447,66.5447,-63.2174,1,1,0.95000000,0.95000000,,0.95000000,63.2174,66.5447,THIN_EXPOSURE,0.0000,-3.7930,6.0000,94.0000,AG03-UNRESOLVED,ALL5_LEVELS_bet23_to_bet27,-3.7930,-3.7930,-3.7930,-4.2672,-4.2672,6.000000,6.000000,6.000000,6.750000,6.750000,94.000000,94.000000,94.000000,93.250000,93.250000,5.0,-19.9135,-17.5593,-43.3039,-45.6581,PENDING_AG03,FALSE,NOT_FOR_ENFORCEMENT,-59.4244,62.5520,-63.2174,-59.4244,-3.7930,-0.95000000,-0.89300000,-3.7930,-59.4244,-0.89300000,-3.7930,-3.7930,-3.7930,-4.2672,-4.2672,-59.4244,-0.89300000,-19.9135,-17.5593,-43.3039,-45.6581,-0.65075000,-0.68612753,-0.05700000,66.5447,66.5447,-63.2174,-63.2174,-63.2174,66.5447,1.0000,66.5447,,66.5447,66.5447,66.5447,66.5447,66.5447,66.5447,66.5447,63.2174,1.0,1.0,1.0,1,1,1,1,1.00000000,-0.95000000,-0.95000000,0E-8,0.000000,1.000000,0.000000,,2026-07-10,2026-07-10,1,1,1,1,1.000000,,1.000000,3.333333,,,,,,,,GLOBAL_BASELINE_NO_ENTITY_RANKING,,,NOT_APPLICABLE_GLOBAL_BASELINE,HF9g-P5,,,,X 全窗基线 · 不参与实体赏罚,3924485,393,A168_HF9F_20260827_0900,2026-08-27 09:00:00
2026-05-21,107352084,-1,1,481.0419073628,227.6021426320,227.6021426320,0.8000000,5,5,0.50665070000000000,0.506650700000,1.3120140225494112,1.3120140225494112,1.3120140225494112,0E-17,SENTINEL_DEALER,R03b_20260811_FULL_v1,L1_ELIGIBILITY,v2026-08-11,2026-03-21..2026-08-06,baccarat_bet02_101_all_pairs_incl_sentinel,round_win = game_pnl > 0 (decisive only),COMPATIBILITY_ONLY_NOT_PRODUCTION,1104.6549,1021.5691,-61.9000,15,15,0.05603561,,0.05603561,0.05603561,61.9000,1104.6549,THIN_EXPOSURE,0.0000,-2.4760,4.0000,96.0000,AG03-UNRESOLVED,ALL5_LEVELS_bet23_to_bet27,-2.4760,-2.4760,-2.4760,-3.7140,-3.7140,4.000000,4.000000,4.000000,6.000000,6.000000,96.000000,96.000000,96.000000,94.000000,94.000000,5.0,-14.8560,-13.5095,-47.0440,-48.3905,PENDING_AG03,FALSE,NOT_FOR_ENFORCEMENT,-59.4240,980.7064,-61.9000,-59.4240,-2.4760,-0.05603561,-0.05379419,-2.4760,-59.4240,-0.05379419,-2.4760,-2.4760,-2.4760,-3.7140,-3.7140,-59.4240,-0.05379419,-14.8560,-13.5095,-47.0440,-48.3905,-0.04258707,-0.04380599,-0.00224142,73.6437,68.1046,-4.1267,-20.6333,-7.7375,368.2183,5.0000,,73.6437,47.0879,83.0858,93.4776,117.6347,119.2102,119.7353,63.0186,41.5429,1.434784,1.441104,0.886357,7,6,3,2,0E-8,-0.05603561,,0E-8,0.000000,0.924786,0.533333,,2026-05-21,2026-06-21,3,8,8,32,0.093750,,,0.000000,,,,,,,,GLOBAL_BASELINE_NO_ENTITY_RANKING,,,NOT_APPLICABLE_GLOBAL_BASELINE,HF9g-P5,,,,X 全窗基线 · 不参与实体赏罚,3924486,393,A168_HF9F_20260827_0900,2026-08-27 09:00:00
2026-05-21,107352084,1710,0,42.0123936561,42.0123936561,42.0123936561,1.0000000,1,1,0.49324550000000000,0.493245500000,1.01360149184955,1.01360149184955,1.01360149184955,0E-17,ELIGIBLE,R03b_20260811_FULL_v1,L1_ELIGIBILITY,v2026-08-11,2026-03-21..2026-08-06,baccarat_bet02_101_all_pairs_incl_sentinel,round_win = game_pnl > 0 (decisive only),COMPATIBILITY_ONLY_NOT_PRODUCTION,1104.6549,1021.5691,-61.9000,15,15,0.05603561,,0.05603561,0.05603561,61.9000,1104.6549,THIN_EXPOSURE,0.0000,-2.4760,4.0000,96.0000,AG03-UNRESOLVED,ALL5_LEVELS_bet23_to_bet27,-2.4760,-2.4760,-2.4760,-3.7140,-3.7140,4.000000,4.000000,4.000000,6.000000,6.000000,96.000000,96.000000,96.000000,94.000000,94.000000,5.0,-14.8560,-13.5095,-47.0440,-48.3905,PENDING_AG03,FALSE,NOT_FOR_ENFORCEMENT,-59.4240,980.7064,-61.9000,-59.4240,-2.4760,-0.05603561,-0.05379419,-2.4760,-59.4240,-0.05379419,-2.4760,-2.4760,-2.4760,-3.7140,-3.7140,-59.4240,-0.05379419,-14.8560,-13.5095,-47.0440,-48.3905,-0.04258707,-0.04380599,-0.00224142,73.6437,68.1046,-4.1267,-20.6333,-7.7375,368.2183,5.0000,,73.6437,47.0879,83.0858,93.4776,117.6347,119.2102,119.7353,63.0186,41.5429,1.434784,1.441104,0.886357,7,6,3,2,0E-8,-0.05603561,,0E-8,0.000000,0.924786,0.533333,,2026-05-21,2026-06-21,3,8,8,32,0.093750,,,0.000000,,,,,,,,GLOBAL_BASELINE_NO_ENTITY_RANKING,,,NOT_APPLICABLE_GLOBAL_BASELINE,HF9g-P5,,,,X 全窗基线 · 不参与实体赏罚,3924487,393,A168_HF9F_20260827_0900,2026-08-27 09:00:00
2026-06-12,107352084,-1,1,20.7714517168,-20.7714517168,-20.7714517168,0E-7,1,1,0.49324550000000000,0.493245500000,-0.9865810262130424,-0.9865810262130424,-0.9865810262130424,0E-17,SENTINEL_DEALER,R03b_20260811_FULL_v1,L1_ELIGIBILITY,v2026-08-11,2026-03-21..2026-08-06,baccarat_bet02_101_all_pairs_incl_sentinel,round_win = game_pnl > 0 (decisive only),COMPATIBILITY_ONLY_NOT_PRODUCTION,1104.6549,1021.5691,-61.9000,15,15,0.05603561,,0.05603561,0.05603561,61.9000,1104.6549,THIN_EXPOSURE,0.0000,-2.4760,4.0000,96.0000,AG03-UNRESOLVED,ALL5_LEVELS_bet23_to_bet27,-2.4760,-2.4760,-2.4760,-3.7140,-3.7140,4.000000,4.000000,4.000000,6.000000,6.000000,96.000000,96.000000,96.000000,94.000000,94.000000,5.0,-14.8560,-13.5095,-47.0440,-48.3905,PENDING_AG03,FALSE,NOT_FOR_ENFORCEMENT,-59.4240,980.7064,-61.9000,-59.4240,-2.4760,-0.05603561,-0.05379419,-2.4760,-59.4240,-0.05379419,-2.4760,-2.4760,-2.4760,-3.7140,-3.7140,-59.4240,-0.05379419,-14.8560,-13.5095,-47.0440,-48.3905,-0.04258707,-0.04380599,-0.00224142,73.6437,68.1046,-4.1267,-20.6333,-7.7375,368.2183,5.0000,,73.6437,47.0879,83.0858,93.4776,117.6347,119.2102,119.7353,63.0186,41.5429,1.434784,1.441104,0.886357,7,6,3,2,0E-8,-0.05603561,,0E-8,0.000000,0.924786,0.533333,,2026-05-21,2026-06-21,3,8,8,32,0.093750,,,0.000000,,,,,,,,GLOBAL_BASELINE_NO_ENTITY_RANKING,,,NOT_APPLICABLE_GLOBAL_BASELINE,HF9g-P5,,,,X 全窗基线 · 不参与实体赏罚,3924488,393,A168_HF9F_20260827_0900,2026-08-27 09:00:00
2026-06-12,107352084,2063,0,207.7145171676,0E-10,0E-10,0.6666667,3,3,0.49771390000000000,0.497713900000,0.5852756695216578,0.5852756695216578,0.5852756695216578,0E-17,ELIGIBLE,R03b_20260811_FULL_v1,L1_ELIGIBILITY,v2026-08-11,2026-03-21..2026-08-06,baccarat_bet02_101_all_pairs_incl_sentinel,round_win = game_pnl > 0 (decisive only),COMPATIBILITY_ONLY_NOT_PRODUCTION,1104.6549,1021.5691,-61.9000,15,15,0.05603561,,0.05603561,0.05603561,61.9000,1104.6549,THIN_EXPOSURE,0.0000,-2.4760,4.0000,96.0000,AG03-UNRESOLVED,ALL5_LEVELS_bet23_to_bet27,-2.4760,-2.4760,-2.4760,-3.7140,-3.7140,4.000000,4.000000,4.000000,6.000000,6.000000,96.000000,96.000000,96.000000,94.000000,94.000000,5.0,-14.8560,-13.5095,-47.0440,-48.3905,PENDING_AG03,FALSE,NOT_FOR_ENFORCEMENT,-59.4240,980.7064,-61.9000,-59.4240,-2.4760,-0.05603561,-0.05379419,-2.4760,-59.4240,-0.05379419,-2.4760,-2.4760,-2.4760,-3.7140,-3.7140,-59.4240,-0.05379419,-14.8560,-13.5095,-47.0440,-48.3905,-0.04258707,-0.04380599,-0.00224142,73.6437,68.1046,-4.1267,-20.6333,-7.7375,368.2183,5.0000,,73.6437,47.0879,83.0858,93.4776,117.6347,119.2102,119.7353,63.0186,41.5429,1.434784,1.441104,0.886357,7,6,3,2,0E-8,-0.05603561,,0E-8,0.000000,0.924786,0.533333,,2026-05-21,2026-06-21,3,8,8,32,0.093750,,,0.000000,,,,,,,,GLOBAL_BASELINE_NO_ENTITY_RANKING,,,NOT_APPLICABLE_GLOBAL_BASELINE,HF9g-P5,,,,X 全窗基线 · 不参与实体赏罚,3924489,393,A168_HF9F_20260827_0900,2026-08-27 09:00:00
2026-06-12,107352084,2156,0,83.0858068670,-83.0858068670,-83.0858068670,0E-7,1,1,0.49324550000000000,0.493245500000,-0.9865810262130424,-0.9865810262130424,-0.9865810262130424,0E-17,ELIGIBLE,R03b_20260811_FULL_v1,L1_ELIGIBILITY,v2026-08-11,2026-03-21..2026-08-06,baccarat_bet02_101_all_pairs_incl_sentinel,round_win = game_pnl > 0 (decisive only),COMPATIBILITY_ONLY_NOT_PRODUCTION,1104.6549,1021.5691,-61.9000,15,15,0.05603561,,0.05603561,0.05603561,61.9000,1104.6549,THIN_EXPOSURE,0.0000,-2.4760,4.0000,96.0000,AG03-UNRESOLVED,ALL5_LEVELS_bet23_to_bet27,-2.4760,-2.4760,-2.4760,-3.7140,-3.7140,4.000000,4.000000,4.000000,6.000000,6.000000,96.000000,96.000000,96.000000,94.000000,94.000000,5.0,-14.8560,-13.5095,-47.0440,-48.3905,PENDING_AG03,FALSE,NOT_FOR_ENFORCEMENT,-59.4240,980.7064,-61.9000,-59.4240,-2.4760,-0.05603561,-0.05379419,-2.4760,-59.4240,-0.05379419,-2.4760,-2.4760,-2.4760,-3.7140,-3.7140,-59.4240,-0.05379419,-14.8560,-13.5095,-47.0440,-48.3905,-0.04258707,-0.04380599,-0.00224142,73.6437,68.1046,-4.1267,-20.6333,-7.7375,368.2183,5.0000,,73.6437,47.0879,83.0858,93.4776,117.6347,119.2102,119.7353,63.0186,41.5429,1.434784,1.441104,0.886357,7,6,3,2,0E-8,-0.05603561,,0E-8,0.000000,0.924786,0.533333,,2026-05-21,2026-06-21,3,8,8,32,0.093750,,,0.000000,,,,,,,,GLOBAL_BASELINE_NO_ENTITY_RANKING,,,NOT_APPLICABLE_GLOBAL_BASELINE,HF9g-P5,,,,X 全窗基线 · 不参与实体赏罚,3924490,393,A168_HF9F_20260827_0900,2026-08-27 09:00:00
2026-06-12,107352084,2160,0,83.0858068670,0E-10,0E-10,,1,1,0.49324550000000000,0.493245500000,,,,0E-17,NO_DECISIVE_ROUND,R03b_20260811_FULL_v1,L1_ELIGIBILITY,v2026-08-11,2026-03-21..2026-08-06,baccarat_bet02_101_all_pairs_incl_sentinel,round_win = game_pnl > 0 (decisive only),COMPATIBILITY_ONLY_NOT_PRODUCTION,1104.6549,1021.5691,-61.9000,15,15,0.05603561,,0.05603561,0.05603561,61.9000,1104.6549,THIN_EXPOSURE,0.0000,-2.4760,4.0000,96.0000,AG03-UNRESOLVED,ALL5_LEVELS_bet23_to_bet27,-2.4760,-2.4760,-2.4760,-3.7140,-3.7140,4.000000,4.000000,4.000000,6.000000,6.000000,96.000000,96.000000,96.000000,94.000000,94.000000,5.0,-14.8560,-13.5095,-47.0440,-48.3905,PENDING_AG03,FALSE,NOT_FOR_ENFORCEMENT,-59.4240,980.7064,-61.9000,-59.4240,-2.4760,-0.05603561,-0.05379419,-2.4760,-59.4240,-0.05379419,-2.4760,-2.4760,-2.4760,-3.7140,-3.7140,-59.4240,-0.05379419,-14.8560,-13.5095,-47.0440,-48.3905,-0.04258707,-0.04380599,-0.00224142,73.6437,68.1046,-4.1267,-20.6333,-7.7375,368.2183,5.0000,,73.6437,47.0879,83.0858,93.4776,117.6347,119.2102,119.7353,63.0186,41.5429,1.434784,1.441104,0.886357,7,6,3,2,0E-8,-0.05603561,,0E-8,0.000000,0.924786,0.533333,,2026-05-21,2026-06-21,3,8,8,32,0.093750,,,0.000000,,,,,,,,GLOBAL_BASELINE_NO_ENTITY_RANKING,,,NOT_APPLICABLE_GLOBAL_BASELINE,HF9g-P5,,,,X 全窗基线 · 不参与实体赏罚,3924491,393,A168_HF9F_20260827_0900,2026-08-27 09:00:00
2026-06-21,107352084,-1,1,145.4001620173,-145.4001620173,-145.4001620173,0E-7,2,2,0.49324550000000000,0.493245500000,-1.3952362676504506,-1.3952362676504506,-1.3952362676504506,0E-17,SENTINEL_DEALER,R03b_20260811_FULL_v1,L1_ELIGIBILITY,v2026-08-11,2026-03-21..2026-08-06,baccarat_bet02_101_all_pairs_incl_sentinel,round_win = game_pnl > 0 (decisive only),COMPATIBILITY_ONLY_NOT_PRODUCTION,1104.6549,1021.5691,-61.9000,15,15,0.05603561,,0.05603561,0.05603561,61.9000,1104.6549,THIN_EXPOSURE,0.0000,-2.4760,4.0000,96.0000,AG03-UNRESOLVED,ALL5_LEVELS_bet23_to_bet27,-2.4760,-2.4760,-2.4760,-3.7140,-3.7140,4.000000,4.000000,4.000000,6.000000,6.000000,96.000000,96.000000,96.000000,94.000000,94.000000,5.0,-14.8560,-13.5095,-47.0440,-48.3905,PENDING_AG03,FALSE,NOT_FOR_ENFORCEMENT,-59.4240,980.7064,-61.9000,-59.4240,-2.4760,-0.05603561,-0.05379419,-2.4760,-59.4240,-0.05379419,-2.4760,-2.4760,-2.4760,-3.7140,-3.7140,-59.4240,-0.05379419,-14.8560,-13.5095,-47.0440,-48.3905,-0.04258707,-0.04380599,-0.00224142,73.6437,68.1046,-4.1267,-20.6333,-7.7375,368.2183,5.0000,,73.6437,47.0879,83.0858,93.4776,117.6347,119.2102,119.7353,63.0186,41.5429,1.434784,1.441104,0.886357,7,6,3,2,0E-8,-0.05603561,,0E-8,0.000000,0.924786,0.533333,,2026-05-21,2026-06-21,3,8,8,32,0.093750,,,0.000000,,,,,,,,GLOBAL_BASELINE_NO_ENTITY_RANKING,,,NOT_APPLICABLE_GLOBAL_BASELINE,HF9g-P5,,,,X 全窗基线 · 不参与实体赏罚,3924492,393,A168_HF9F_20260827_0900,2026-08-27 09:00:00
2026-06-21,107352084,1947,0,41.5429034335,41.5429034335,41.5429034335,1.0000000,1,1,0.49324550000000000,0.493245500000,1.01360149184955,1.01360149184955,1.01360149184955,0E-17,ELIGIBLE,R03b_20260811_FULL_v1,L1_ELIGIBILITY,v2026-08-11,2026-03-21..2026-08-06,baccarat_bet02_101_all_pairs_incl_sentinel,round_win = game_pnl > 0 (decisive only),COMPATIBILITY_ONLY_NOT_PRODUCTION,1104.6549,1021.5691,-61.9000,15,15,0.05603561,,0.05603561,0.05603561,61.9000,1104.6549,THIN_EXPOSURE,0.0000,-2.4760,4.0000,96.0000,AG03-UNRESOLVED,ALL5_LEVELS_bet23_to_bet27,-2.4760,-2.4760,-2.4760,-3.7140,-3.7140,4.000000,4.000000,4.000000,6.000000,6.000000,96.000000,96.000000,96.000000,94.000000,94.000000,5.0,-14.8560,-13.5095,-47.0440,-48.3905,PENDING_AG03,FALSE,NOT_FOR_ENFORCEMENT,-59.4240,980.7064,-61.9000,-59.4240,-2.4760,-0.05603561,-0.05379419,-2.4760,-59.4240,-0.05379419,-2.4760,-2.4760,-2.4760,-3.7140,-3.7140,-59.4240,-0.05379419,-14.8560,-13.5095,-47.0440,-48.3905,-0.04258707,-0.04380599,-0.00224142,73.6437,68.1046,-4.1267,-20.6333,-7.7375,368.2183,5.0000,,73.6437,47.0879,83.0858,93.4776,117.6347,119.2102,119.7353,63.0186,41.5429,1.434784,1.441104,0.886357,7,6,3,2,0E-8,-0.05603561,,0E-8,0.000000,0.924786,0.533333,,2026-05-21,2026-06-21,3,8,8,32,0.093750,,,0.000000,,,,,,,,GLOBAL_BASELINE_NO_ENTITY_RANKING,,,NOT_APPLICABLE_GLOBAL_BASELINE,HF9g-P5,,,,X 全窗基线 · 不参与实体赏罚,3924493,393,A168_HF9F_20260827_0900,2026-08-27 09:00:00
2026-06-08,151170182,-1,1,21.5303793653,20.4538603970,20.4538603970,1.0000000,1,1,0.50665070000000000,0.506650700000,0.9867858985152569,0.9867858985152569,0.9867858985152569,0E-17,SENTINEL_DEALER,R03b_20260811_FULL_v1,L1_ELIGIBILITY,v2026-08-11,2026-03-21..2026-08-06,baccarat_bet02_101_all_pairs_incl_sentinel,round_win = game_pnl > 0 (decisive only),COMPATIBILITY_ONLY_NOT_PRODUCTION,64.5911,64.5911,-61.8998,3,3,0.95833333,,0.95833333,0.95833333,61.8998,64.5911,THIN_EXPOSURE,0.0000,-2.4760,4.0000,96.0000,AG03-UNRESOLVED,ALL5_LEVELS_bet23_to_bet27,-2.4760,-2.4760,-2.4760,-2.4760,-2.4760,4.000000,4.000000,4.000000,4.000000,4.000000,96.000000,96.000000,96.000000,96.000000,96.000000,5.0,-12.3800,-11.4284,-49.5199,-50.4714,PENDING_AG03,FALSE,NOT_FOR_ENFORCEMENT,-59.4238,62.0075,-61.8998,-59.4238,-2.4760,-0.95833333,-0.92000000,-2.4760,-59.4238,-0.92000000,-2.4760,-2.4760,-2.4760,-2.4760,-2.4760,-59.4238,-0.92000000,-12.3800,-11.4284,-49.5199,-50.4714,-0.76666667,-0.78139884,-0.03833333,21.5304,21.5304,-20.6333,-61.8998,-20.6333,64.5911,3.0000,,21.5304,13.4565,21.5304,29.6043,32.2956,32.2956,32.2956,21.5304,20.4539,1.5,1.5,1.0,3,3,1,2,0E-8,-0.95833333,,0E-8,0.000000,1.000000,0.000000,,2026-06-08,2026-06-08,1,3,3,1,1.000000,,,0.000000,,,,,,,,GLOBAL_BASELINE_NO_ENTITY_RANKING,,,NOT_APPLICABLE_GLOBAL_BASELINE,HF9g-P5,,,,X 全窗基线 · 不参与实体赏罚,3924494,393,A168_HF9F_20260827_0900,2026-08-27 09:00:00
2026-06-08,151170182,1353,0,10.7651896826,10.7651896826,10.7651896826,1.0000000,1,1,0.49324550000000000,0.493245500000,1.01360149184955,1.01360149184955,1.01360149184955,0E-17,ELIGIBLE,R03b_20260811_FULL_v1,L1_ELIGIBILITY,v2026-08-11,2026-03-21..2026-08-06,baccarat_bet02_101_all_pairs_incl_sentinel,round_win = game_pnl > 0 (decisive only),COMPATIBILITY_ONLY_NOT_PRODUCTION,64.5911,64.5911,-61.8998,3,3,0.95833333,,0.95833333,0.95833333,61.8998,64.5911,THIN_EXPOSURE,0.0000,-2.4760,4.0000,96.0000,AG03-UNRESOLVED,ALL5_LEVELS_bet23_to_bet27,-2.4760,-2.4760,-2.4760,-2.4760,-2.4760,4.000000,4.000000,4.000000,4.000000,4.000000,96.000000,96.000000,96.000000,96.000000,96.000000,5.0,-12.3800,-11.4284,-49.5199,-50.4714,PENDING_AG03,FALSE,NOT_FOR_ENFORCEMENT,-59.4238,62.0075,-61.8998,-59.4238,-2.4760,-0.95833333,-0.92000000,-2.4760,-59.4238,-0.92000000,-2.4760,-2.4760,-2.4760,-2.4760,-2.4760,-59.4238,-0.92000000,-12.3800,-11.4284,-49.5199,-50.4714,-0.76666667,-0.78139884,-0.03833333,21.5304,21.5304,-20.6333,-61.8998,-20.6333,64.5911,3.0000,,21.5304,13.4565,21.5304,29.6043,32.2956,32.2956,32.2956,21.5304,20.4539,1.5,1.5,1.0,3,3,1,2,0E-8,-0.95833333,,0E-8,0.000000,1.000000,0.000000,,2026-06-08,2026-06-08,1,3,3,1,1.000000,,,0.000000,,,,,,,,GLOBAL_BASELINE_NO_ENTITY_RANKING,,,NOT_APPLICABLE_GLOBAL_BASELINE,HF9g-P5,,,,X 全窗基线 · 不参与实体赏罚,3924495,393,A168_HF9F_20260827_0900,2026-08-27 09:00:00
2026-06-08,151170182,1505,0,32.2955690479,30.6807905955,30.6807905955,1.0000000,1,1,0.50665070000000000,0.506650700000,0.9867858985152569,0.9867858985152569,0.9867858985152569,0E-17,ELIGIBLE,R03b_20260811_FULL_v1,L1_ELIGIBILITY,v2026-08-11,2026-03-21..2026-08-06,baccarat_bet02_101_all_pairs_incl_sentinel,round_win = game_pnl > 0 (decisive only),COMPATIBILITY_ONLY_NOT_PRODUCTION,64.5911,64.5911,-61.8998,3,3,0.95833333,,0.95833333,0.95833333,61.8998,64.5911,THIN_EXPOSURE,0.0000,-2.4760,4.0000,96.0000,AG03-UNRESOLVED,ALL5_LEVELS_bet23_to_bet27,-2.4760,-2.4760,-2.4760,-2.4760,-2.4760,4.000000,4.000000,4.000000,4.000000,4.000000,96.000000,96.000000,96.000000,96.000000,96.000000,5.0,-12.3800,-11.4284,-49.5199,-50.4714,PENDING_AG03,FALSE,NOT_FOR_ENFORCEMENT,-59.4238,62.0075,-61.8998,-59.4238,-2.4760,-0.95833333,-0.92000000,-2.4760,-59.4238,-0.92000000,-2.4760,-2.4760,-2.4760,-2.4760,-2.4760,-59.4238,-0.92000000,-12.3800,-11.4284,-49.5199,-50.4714,-0.76666667,-0.78139884,-0.03833333,21.5304,21.5304,-20.6333,-61.8998,-20.6333,64.5911,3.0000,,21.5304,13.4565,21.5304,29.6043,32.2956,32.2956,32.2956,21.5304,20.4539,1.5,1.5,1.0,3,3,1,2,0E-8,-0.95833333,,0E-8,0.000000,1.000000,0.000000,,2026-06-08,2026-06-08,1,3,3,1,1.000000,,,0.000000,,,,,,,,GLOBAL_BASELINE_NO_ENTITY_RANKING,,,NOT_APPLICABLE_GLOBAL_BASELINE,HF9g-P5,,,,X 全窗基线 · 不参与实体赏罚,3924496,393,A168_HF9F_20260827_0900,2026-08-27 09:00:00
2026-06-10,149545196,-1,1,12.4628710301,7.7892943938,7.7892943938,1.0000000,2,1,0.43797604999944897,0.300626750000,1.1327973652323295,1.5252488199758223,1.1327973652323295,0.13734929999944897,SENTINEL_DEALER,R03b_20260811_FULL_v1,L1_ELIGIBILITY,v2026-08-11,2026-03-21..2026-08-06,baccarat_bet02_101_all_pairs_incl_sentinel,round_win = game_pnl > 0 (decisive only),COMPATIBILITY_ONLY_NOT_PRODUCTION,155.7859,137.0916,-61.8989,18,15,0.39733333,,0.39733333,0.39733333,61.8989,155.7859,THIN_EXPOSURE,0.0000,-2.4760,4.0000,96.0000,AG03-UNRESOLVED,ALL5_LEVELS_bet23_to_bet27,-2.4760,-2.4760,-2.4760,-3.7139,-3.7139,4.000000,4.000000,4.000000,6.000000,6.000000,96.000000,96.000000,96.000000,94.000000,94.000000,5.0,-14.8557,-13.5093,-47.0432,-48.3897,PENDING_AG03,FALSE,NOT_FOR_ENFORCEMENT,-59.4230,131.6079,-61.8989,-59.4230,-2.4760,-0.39733333,-0.38144000,-2.4760,-59.4230,-0.38144000,-2.4760,-2.4760,-2.4760,-3.7139,-3.7139,-59.4230,-0.38144000,-14.8557,-13.5093,-47.0432,-48.3897,-0.30197333,-0.31061642,-0.01589333,8.6548,9.1394,-4.1266,-61.8989,-6.8777,155.7859,15.0000,,8.6548,4.1543,10.3857,10.3857,13.9169,14.54,14.54,10.3857,7.8932,1.4,1.4,0.833333,9,9,1,3,0E-8,-0.39733333,,0E-8,0.000000,0.880000,0.000000,,2026-06-10,2026-06-10,1,9,9,1,1.000000,,,0.000000,,,,,,,,GLOBAL_BASELINE_NO_ENTITY_RANKING,,,NOT_APPLICABLE_GLOBAL_BASELINE,HF9g-P5,,,,X 全窗基线 · 不参与实体赏罚,3924497,393,A168_HF9F_20260827_0900,2026-08-27 09:00:00
2026-06-10,149545196,1299,0,10.3857258584,9.8664395655,9.8664395655,1.0000000,1,1,0.50665070000000000,0.506650700000,0.9867858985152569,0.9867858985152569,0.9867858985152569,0E-17,ELIGIBLE,R03b_20260811_FULL_v1,L1_ELIGIBILITY,v2026-08-11,2026-03-21..2026-08-06,baccarat_bet02_101_all_pairs_incl_sentinel,round_win = game_pnl > 0 (decisive only),COMPATIBILITY_ONLY_NOT_PRODUCTION,155.7859,137.0916,-61.8989,18,15,0.39733333,,0.39733333,0.39733333,61.8989,155.7859,THIN_EXPOSURE,0.0000,-2.4760,4.0000,96.0000,AG03-UNRESOLVED,ALL5_LEVELS_bet23_to_bet27,-2.4760,-2.4760,-2.4760,-3.7139,-3.7139,4.000000,4.000000,4.000000,6.000000,6.000000,96.000000,96.000000,96.000000,94.000000,94.000000,5.0,-14.8557,-13.5093,-47.0432,-48.3897,PENDING_AG03,FALSE,NOT_FOR_ENFORCEMENT,-59.4230,131.6079,-61.8989,-59.4230,-2.4760,-0.39733333,-0.38144000,-2.4760,-59.4230,-0.38144000,-2.4760,-2.4760,-2.4760,-3.7139,-3.7139,-59.4230,-0.38144000,-14.8557,-13.5093,-47.0432,-48.3897,-0.30197333,-0.31061642,-0.01589333,8.6548,9.1394,-4.1266,-61.8989,-6.8777,155.7859,15.0000,,8.6548,4.1543,10.3857,10.3857,13.9169,14.54,14.54,10.3857,7.8932,1.4,1.4,0.833333,9,9,1,3,0E-8,-0.39733333,,0E-8,0.000000,0.880000,0.000000,,2026-06-10,2026-06-10,1,9,9,1,1.000000,,,0.000000,,,,,,,,GLOBAL_BASELINE_NO_ENTITY_RANKING,,,NOT_APPLICABLE_GLOBAL_BASELINE,HF9g-P5,,,,X 全窗基线 · 不参与实体赏罚,3924498,393,A168_HF9F_20260827_0900,2026-08-27 09:00:00
2026-06-10,149545196,1306,0,10.3857258584,10.3857258584,10.3857258584,1.0000000,1,1,0.49324550000000000,0.493245500000,1.01360149184955,1.01360149184955,1.01360149184955,0E-17,ELIGIBLE,R03b_20260811_FULL_v1,L1_ELIGIBILITY,v2026-08-11,2026-03-21..2026-08-06,baccarat_bet02_101_all_pairs_incl_sentinel,round_win = game_pnl > 0 (decisive only),COMPATIBILITY_ONLY_NOT_PRODUCTION,155.7859,137.0916,-61.8989,18,15,0.39733333,,0.39733333,0.39733333,61.8989,155.7859,THIN_EXPOSURE,0.0000,-2.4760,4.0000,96.0000,AG03-UNRESOLVED,ALL5_LEVELS_bet23_to_bet27,-2.4760,-2.4760,-2.4760,-3.7139,-3.7139,4.000000,4.000000,4.000000,6.000000,6.000000,96.000000,96.000000,96.000000,94.000000,94.000000,5.0,-14.8557,-13.5093,-47.0432,-48.3897,PENDING_AG03,FALSE,NOT_FOR_ENFORCEMENT,-59.4230,131.6079,-61.8989,-59.4230,-2.4760,-0.39733333,-0.38144000,-2.4760,-59.4230,-0.38144000,-2.4760,-2.4760,-2.4760,-3.7139,-3.7139,-59.4230,-0.38144000,-14.8557,-13.5093,-47.0432,-48.3897,-0.30197333,-0.31061642,-0.01589333,8.6548,9.1394,-4.1266,-61.8989,-6.8777,155.7859,15.0000,,8.6548,4.1543,10.3857,10.3857,13.9169,14.54,14.54,10.3857,7.8932,1.4,1.4,0.833333,9,9,1,3,0E-8,-0.39733333,,0E-8,0.000000,0.880000,0.000000,,2026-06-10,2026-06-10,1,9,9,1,1.000000,,,0.000000,,,,,,,,GLOBAL_BASELINE_NO_ENTITY_RANKING,,,NOT_APPLICABLE_GLOBAL_BASELINE,HF9g-P5,,,,X 全窗基线 · 不参与实体赏罚,3924499,393,A168_HF9F_20260827_0900,2026-08-27 09:00:00
2026-06-10,149545196,1645,0,51.9286292919,-6.5430072908,-6.5430072908,0.4000000,6,5,0.49634950249987602,0.465445910000,-0.4308995589778667,-0.2933844390387223,-0.4308995589778667,0.03090359249987602,ELIGIBLE,R03b_20260811_FULL_v1,L1_ELIGIBILITY,v2026-08-11,2026-03-21..2026-08-06,baccarat_bet02_101_all_pairs_incl_sentinel,round_win = game_pnl > 0 (decisive only),COMPATIBILITY_ONLY_NOT_PRODUCTION,155.7859,137.0916,-61.8989,18,15,0.39733333,,0.39733333,0.39733333,61.8989,155.7859,THIN_EXPOSURE,0.0000,-2.4760,4.0000,96.0000,AG03-UNRESOLVED,ALL5_LEVELS_bet23_to_bet27,-2.4760,-2.4760,-2.4760,-3.7139,-3.7139,4.000000,4.000000,4.000000,6.000000,6.000000,96.000000,96.000000,96.000000,94.000000,94.000000,5.0,-14.8557,-13.5093,-47.0432,-48.3897,PENDING_AG03,FALSE,NOT_FOR_ENFORCEMENT,-59.4230,131.6079,-61.8989,-59.4230,-2.4760,-0.39733333,-0.38144000,-2.4760,-59.4230,-0.38144000,-2.4760,-2.4760,-2.4760,-3.7139,-3.7139,-59.4230,-0.38144000,-14.8557,-13.5093,-47.0432,-48.3897,-0.30197333,-0.31061642,-0.01589333,8.6548,9.1394,-4.1266,-61.8989,-6.8777,155.7859,15.0000,,8.6548,4.1543,10.3857,10.3857,13.9169,14.54,14.54,10.3857,7.8932,1.4,1.4,0.833333,9,9,1,3,0E-8,-0.39733333,,0E-8,0.000000,0.880000,0.000000,,2026-06-10,2026-06-10,1,9,9,1,1.000000,,,0.000000,,,,,,,,GLOBAL_BASELINE_NO_ENTITY_RANKING,,,NOT_APPLICABLE_GLOBAL_BASELINE,HF9g-P5,,,,X 全窗基线 · 不参与实体赏罚,3924500,393,A168_HF9F_20260827_0900,2026-08-27 09:00:00
2026-06-10,149545196,2081,0,20.7714517168,20.7714517168,20.7714517168,1.0000000,2,2,0.49324550000000000,0.493245500000,1.4334489766152358,1.4334489766152358,1.4334489766152358,0E-17,ELIGIBLE,R03b_20260811_FULL_v1,L1_ELIGIBILITY,v2026-08-11,2026-03-21..2026-08-06,baccarat_bet02_101_all_pairs_incl_sentinel,round_win = game_pnl > 0 (decisive only),COMPATIBILITY_ONLY_NOT_PRODUCTION,155.7859,137.0916,-61.8989,18,15,0.39733333,,0.39733333,0.39733333,61.8989,155.7859,THIN_EXPOSURE,0.0000,-2.4760,4.0000,96.0000,AG03-UNRESOLVED,ALL5_LEVELS_bet23_to_bet27,-2.4760,-2.4760,-2.4760,-3.7139,-3.7139,4.000000,4.000000,4.000000,6.000000,6.000000,96.000000,96.000000,96.000000,94.000000,94.000000,5.0,-14.8557,-13.5093,-47.0432,-48.3897,PENDING_AG03,FALSE,NOT_FOR_ENFORCEMENT,-59.4230,131.6079,-61.8989,-59.4230,-2.4760,-0.39733333,-0.38144000,-2.4760,-59.4230,-0.38144000,-2.4760,-2.4760,-2.4760,-3.7139,-3.7139,-59.4230,-0.38144000,-14.8557,-13.5093,-47.0432,-48.3897,-0.30197333,-0.31061642,-0.01589333,8.6548,9.1394,-4.1266,-61.8989,-6.8777,155.7859,15.0000,,8.6548,4.1543,10.3857,10.3857,13.9169,14.54,14.54,10.3857,7.8932,1.4,1.4,0.833333,9,9,1,3,0E-8,-0.39733333,,0E-8,0.000000,0.880000,0.000000,,2026-06-10,2026-06-10,1,9,9,1,1.000000,,,0.000000,,,,,,,,GLOBAL_BASELINE_NO_ENTITY_RANKING,,,NOT_APPLICABLE_GLOBAL_BASELINE,HF9g-P5,,,,X 全窗基线 · 不参与实体赏罚,3924501,393,A168_HF9F_20260827_0900,2026-08-27 09:00:00
2026-06-10,149545196,2202,0,10.3857258584,10.3857258584,10.3857258584,1.0000000,1,1,0.49324550000000000,0.493245500000,1.01360149184955,1.01360149184955,1.01360149184955,0E-17,ELIGIBLE,R03b_20260811_FULL_v1,L1_ELIGIBILITY,v2026-08-11,2026-03-21..2026-08-06,baccarat_bet02_101_all_pairs_incl_sentinel,round_win = game_pnl > 0 (decisive only),COMPATIBILITY_ONLY_NOT_PRODUCTION,155.7859,137.0916,-61.8989,18,15,0.39733333,,0.39733333,0.39733333,61.8989,155.7859,THIN_EXPOSURE,0.0000,-2.4760,4.0000,96.0000,AG03-UNRESOLVED,ALL5_LEVELS_bet23_to_bet27,-2.4760,-2.4760,-2.4760,-3.7139,-3.7139,4.000000,4.000000,4.000000,6.000000,6.000000,96.000000,96.000000,96.000000,94.000000,94.000000,5.0,-14.8557,-13.5093,-47.0432,-48.3897,PENDING_AG03,FALSE,NOT_FOR_ENFORCEMENT,-59.4230,131.6079,-61.8989,-59.4230,-2.4760,-0.39733333,-0.38144000,-2.4760,-59.4230,-0.38144000,-2.4760,-2.4760,-2.4760,-3.7139,-3.7139,-59.4230,-0.38144000,-14.8557,-13.5093,-47.0432,-48.3897,-0.30197333,-0.31061642,-0.01589333,8.6548,9.1394,-4.1266,-61.8989,-6.8777,155.7859,15.0000,,8.6548,4.1543,10.3857,10.3857,13.9169,14.54,14.54,10.3857,7.8932,1.4,1.4,0.833333,9,9,1,3,0E-8,-0.39733333,,0E-8,0.000000,0.880000,0.000000,,2026-06-10,2026-06-10,1,9,9,1,1.000000,,,0.000000,,,,,,,,GLOBAL_BASELINE_NO_ENTITY_RANKING,,,NOT_APPLICABLE_GLOBAL_BASELINE,HF9g-P5,,,,X 全窗基线 · 不参与实体赏罚,3924502,393,A168_HF9F_20260827_0900,2026-08-27 09:00:00
2026-06-10,149545196,2252,0,4.1542903434,0E-10,0E-10,,1,1,0.50665070000000000,0.506650700000,,,,0E-17,NO_DECISIVE_ROUND,R03b_20260811_FULL_v1,L1_ELIGIBILITY,v2026-08-11,2026-03-21..2026-08-06,baccarat_bet02_101_all_pairs_incl_sentinel,round_win = game_pnl > 0 (decisive only),COMPATIBILITY_ONLY_NOT_PRODUCTION,155.7859,137.0916,-61.8989,18,15,0.39733333,,0.39733333,0.39733333,61.8989,155.7859,THIN_EXPOSURE,0.0000,-2.4760,4.0000,96.0000,AG03-UNRESOLVED,ALL5_LEVELS_bet23_to_bet27,-2.4760,-2.4760,-2.4760,-3.7139,-3.7139,4.000000,4.000000,4.000000,6.000000,6.000000,96.000000,96.000000,96.000000,94.000000,94.000000,5.0,-14.8557,-13.5093,-47.0432,-48.3897,PENDING_AG03,FALSE,NOT_FOR_ENFORCEMENT,-59.4230,131.6079,-61.8989,-59.4230,-2.4760,-0.39733333,-0.38144000,-2.4760,-59.4230,-0.38144000,-2.4760,-2.4760,-2.4760,-3.7139,-3.7139,-59.4230,-0.38144000,-14.8557,-13.5093,-47.0432,-48.3897,-0.30197333,-0.31061642,-0.01589333,8.6548,9.1394,-4.1266,-61.8989,-6.8777,155.7859,15.0000,,8.6548,4.1543,10.3857,10.3857,13.9169,14.54,14.54,10.3857,7.8932,1.4,1.4,0.833333,9,9,1,3,0E-8,-0.39733333,,0E-8,0.000000,0.880000,0.000000,,2026-06-10,2026-06-10,1,9,9,1,1.000000,,,0.000000,,,,,,,,GLOBAL_BASELINE_NO_ENTITY_RANKING,,,NOT_APPLICABLE_GLOBAL_BASELINE,HF9g-P5,,,,X 全窗基线 · 不参与实体赏罚,3924503,393,A168_HF9F_20260827_0900,2026-08-27 09:00:00
2026-06-10,149545196,2280,0,12.4628710301,7.7892943938,7.7892943938,1.0000000,2,1,0.43797604999944897,0.300626750000,1.1327973652323295,1.5252488199758223,1.1327973652323295,0.13734929999944897,ELIGIBLE,R03b_20260811_FULL_v1,L1_ELIGIBILITY,v2026-08-11,2026-03-21..2026-08-06,baccarat_bet02_101_all_pairs_incl_sentinel,round_win = game_pnl > 0 (decisive only),COMPATIBILITY_ONLY_NOT_PRODUCTION,155.7859,137.0916,-61.8989,18,15,0.39733333,,0.39733333,0.39733333,61.8989,155.7859,THIN_EXPOSURE,0.0000,-2.4760,4.0000,96.0000,AG03-UNRESOLVED,ALL5_LEVELS_bet23_to_bet27,-2.4760,-2.4760,-2.4760,-3.7139,-3.7139,4.000000,4.000000,4.000000,6.000000,6.000000,96.000000,96.000000,96.000000,94.000000,94.000000,5.0,-14.8557,-13.5093,-47.0432,-48.3897,PENDING_AG03,FALSE,NOT_FOR_ENFORCEMENT,-59.4230,131.6079,-61.8989,-59.4230,-2.4760,-0.39733333,-0.38144000,-2.4760,-59.4230,-0.38144000,-2.4760,-2.4760,-2.4760,-3.7139,-3.7139,-59.4230,-0.38144000,-14.8557,-13.5093,-47.0432,-48.3897,-0.30197333,-0.31061642,-0.01589333,8.6548,9.1394,-4.1266,-61.8989,-6.8777,155.7859,15.0000,,8.6548,4.1543,10.3857,10.3857,13.9169,14.54,14.54,10.3857,7.8932,1.4,1.4,0.833333,9,9,1,3,0E-8,-0.39733333,,0E-8,0.000000,0.880000,0.000000,,2026-06-10,2026-06-10,1,9,9,1,1.000000,,,0.000000,,,,,,,,GLOBAL_BASELINE_NO_ENTITY_RANKING,,,NOT_APPLICABLE_GLOBAL_BASELINE,HF9g-P5,,,,X 全窗基线 · 不参与实体赏罚,3924504,393,A168_HF9F_20260827_0900,2026-08-27 09:00:00
2026-06-10,149545196,986,0,22.8485968885,1.4540016202,1.4540016202,0.5000000,2,2,0.50665070000000000,0.506650700000,-0.018812684590367487,-0.018812684590367487,-0.018812684590367487,0E-17,ELIGIBLE,R03b_20260811_FULL_v1,L1_ELIGIBILITY,v2026-08-11,2026-03-21..2026-08-06,baccarat_bet02_101_all_pairs_incl_sentinel,round_win = game_pnl > 0 (decisive only),COMPATIBILITY_ONLY_NOT_PRODUCTION,155.7859,137.0916,-61.8989,18,15,0.39733333,,0.39733333,0.39733333,61.8989,155.7859,THIN_EXPOSURE,0.0000,-2.4760,4.0000,96.0000,AG03-UNRESOLVED,ALL5_LEVELS_bet23_to_bet27,-2.4760,-2.4760,-2.4760,-3.7139,-3.7139,4.000000,4.000000,4.000000,6.000000,6.000000,96.000000,96.000000,96.000000,94.000000,94.000000,5.0,-14.8557,-13.5093,-47.0432,-48.3897,PENDING_AG03,FALSE,NOT_FOR_ENFORCEMENT,-59.4230,131.6079,-61.8989,-59.4230,-2.4760,-0.39733333,-0.38144000,-2.4760,-59.4230,-0.38144000,-2.4760,-2.4760,-2.4760,-3.7139,-3.7139,-59.4230,-0.38144000,-14.8557,-13.5093,-47.0432,-48.3897,-0.30197333,-0.31061642,-0.01589333,8.6548,9.1394,-4.1266,-61.8989,-6.8777,155.7859,15.0000,,8.6548,4.1543,10.3857,10.3857,13.9169,14.54,14.54,10.3857,7.8932,1.4,1.4,0.833333,9,9,1,3,0E-8,-0.39733333,,0E-8,0.000000,0.880000,0.000000,,2026-06-10,2026-06-10,1,9,9,1,1.000000,,,0.000000,,,,,,,,GLOBAL_BASELINE_NO_ENTITY_RANKING,,,NOT_APPLICABLE_GLOBAL_BASELINE,HF9g-P5,,,,X 全窗基线 · 不参与实体赏罚,3924505,393,A168_HF9F_20260827_0900,2026-08-27 09:00:00
2026-06-26,132666112,-1,1,41.5429034335,-41.5429034335,-41.5429034335,0E-7,4,1,0.40108100750036976,0.186030525000,-0.8183366575702989,-0.4780662077839658,-0.8183366575702989,0.21505048250036976,SENTINEL_DEALER,R03b_20260811_FULL_v1,L1_ELIGIBILITY,v2026-08-11,2026-03-21..2026-08-06,baccarat_bet02_101_all_pairs_incl_sentinel,round_win = game_pnl > 0 (decisive only),COMPATIBILITY_ONLY_NOT_PRODUCTION,1984.7122,1874.6235,-61.8989,279,75,0.03118786,,0.03118786,0.03118786,61.8989,1984.7122,OK,0.0000,-2.4760,4.0000,96.0000,AG03-UNRESOLVED,ALL5_LEVELS_bet23_to_bet27,-2.4760,-2.4760,-3.0949,0.0000,0.0000,4.000000,4.000000,5.000000,0.000000,0.000000,96.000000,96.000000,95.000000,100.000000,100.000000,5.0,-8.0469,-7.7052,-53.8521,-54.1937,PENDING_AG03,FALSE,NOT_FOR_ENFORCEMENT,-59.4230,1799.6386,-61.8989,-59.4230,-2.4760,-0.03118786,-0.02994035,-2.4760,-59.4230,-0.02994035,-2.4760,-2.4760,-3.0949,0.0000,0.0000,-59.4230,-0.02994035,-8.0469,-7.7052,-53.8521,-54.1937,-0.02713344,-0.02730559,-0.00124751,7.1137,24.9950,-0.8253,-61.8989,-4.7615,1984.7122,75.0000,,7.1137,2.0771,2.0771,10.3857,24.0949,28.6127,34.2729,2.0771,-2.0771,13.774995,16.500001,3.424731,10,15,1,8,0E-8,-0.03118786,,0E-8,0.000000,0.944532,0.000000,,2026-06-26,2026-06-26,1,13,10,1,1.000000,,,0.000000,,,,,,,,GLOBAL_BASELINE_NO_ENTITY_RANKING,,,NOT_APPLICABLE_GLOBAL_BASELINE,HF9g-P5,,,,X 全窗基线 · 不参与实体赏罚,3924506,393,A168_HF9F_20260827_0900,2026-08-27 09:00:00
2026-06-26,132666112,1148,0,41.5429034336,-41.5429034336,-41.5429034336,0E-7,5,1,0.42960142999984525,0.149672040000,-0.8678479563946482,-0.41954360849876443,-0.8678479563946482,0.27992938999984525,ELIGIBLE,R03b_20260811_FULL_v1,L1_ELIGIBILITY,v2026-08-11,2026-03-21..2026-08-06,baccarat_bet02_101_all_pairs_incl_sentinel,round_win = game_pnl > 0 (decisive only),COMPATIBILITY_ONLY_NOT_PRODUCTION,1984.7122,1874.6235,-61.8989,279,75,0.03118786,,0.03118786,0.03118786,61.8989,1984.7122,OK,0.0000,-2.4760,4.0000,96.0000,AG03-UNRESOLVED,ALL5_LEVELS_bet23_to_bet27,-2.4760,-2.4760,-3.0949,0.0000,0.0000,4.000000,4.000000,5.000000,0.000000,0.000000,96.000000,96.000000,95.000000,100.000000,100.000000,5.0,-8.0469,-7.7052,-53.8521,-54.1937,PENDING_AG03,FALSE,NOT_FOR_ENFORCEMENT,-59.4230,1799.6386,-61.8989,-59.4230,-2.4760,-0.03118786,-0.02994035,-2.4760,-59.4230,-0.02994035,-2.4760,-2.4760,-3.0949,0.0000,0.0000,-59.4230,-0.02994035,-8.0469,-7.7052,-53.8521,-54.1937,-0.02713344,-0.02730559,-0.00124751,7.1137,24.9950,-0.8253,-61.8989,-4.7615,1984.7122,75.0000,,7.1137,2.0771,2.0771,10.3857,24.0949,28.6127,34.2729,2.0771,-2.0771,13.774995,16.500001,3.424731,10,15,1,8,0E-8,-0.03118786,,0E-8,0.000000,0.944532,0.000000,,2026-06-26,2026-06-26,1,13,10,1,1.000000,,,0.000000,,,,,,,,GLOBAL_BASELINE_NO_ENTITY_RANKING,,,NOT_APPLICABLE_GLOBAL_BASELINE,HF9g-P5,,,,X 全窗基线 · 不参与实体赏罚,3924507,393,A168_HF9F_20260827_0900,2026-08-27 09:00:00
2026-06-26,132666112,1151,0,33.2343227469,-2.5964314646,-2.5964314646,0.5000000,4,3,0.47556708333315563,0.431273450000,0.06918938122254824,0.19625079655879635,0.06918938122254824,0.04429363333315563,ELIGIBLE,R03b_20260811_FULL_v1,L1_ELIGIBILITY,v2026-08-11,2026-03-21..2026-08-06,baccarat_bet02_101_all_pairs_incl_sentinel,round_win = game_pnl > 0 (decisive only),COMPATIBILITY_ONLY_NOT_PRODUCTION,1984.7122,1874.6235,-61.8989,279,75,0.03118786,,0.03118786,0.03118786,61.8989,1984.7122,OK,0.0000,-2.4760,4.0000,96.0000,AG03-UNRESOLVED,ALL5_LEVELS_bet23_to_bet27,-2.4760,-2.4760,-3.0949,0.0000,0.0000,4.000000,4.000000,5.000000,0.000000,0.000000,96.000000,96.000000,95.000000,100.000000,100.000000,5.0,-8.0469,-7.7052,-53.8521,-54.1937,PENDING_AG03,FALSE,NOT_FOR_ENFORCEMENT,-59.4230,1799.6386,-61.8989,-59.4230,-2.4760,-0.03118786,-0.02994035,-2.4760,-59.4230,-0.02994035,-2.4760,-2.4760,-3.0949,0.0000,0.0000,-59.4230,-0.02994035,-8.0469,-7.7052,-53.8521,-54.1937,-0.02713344,-0.02730559,-0.00124751,7.1137,24.9950,-0.8253,-61.8989,-4.7615,1984.7122,75.0000,,7.1137,2.0771,2.0771,10.3857,24.0949,28.6127,34.2729,2.0771,-2.0771,13.774995,16.500001,3.424731,10,15,1,8,0E-8,-0.03118786,,0E-8,0.000000,0.944532,0.000000,,2026-06-26,2026-06-26,1,13,10,1,1.000000,,,0.000000,,,,,,,,GLOBAL_BASELINE_NO_ENTITY_RANKING,,,NOT_APPLICABLE_GLOBAL_BASELINE,HF9g-P5,,,,X 全窗基线 · 不参与实体赏罚,3924508,393,A168_HF9F_20260827_0900,2026-08-27 09:00:00
2026-06-26,132666112,1363,0,293.9160417927,3.1157177572,3.1157177572,0.4545455,49,11,0.38764479833939820,0.170902074849,0.45541573754072806,2.499150510999206,0.45541573754072806,0.21674272349039820,ELIGIBLE,R03b_20260811_FULL_v1,L1_ELIGIBILITY,v2026-08-11,2026-03-21..2026-08-06,baccarat_bet02_101_all_pairs_incl_sentinel,round_win = game_pnl > 0 (decisive only),COMPATIBILITY_ONLY_NOT_PRODUCTION,1984.7122,1874.6235,-61.8989,279,75,0.03118786,,0.03118786,0.03118786,61.8989,1984.7122,OK,0.0000,-2.4760,4.0000,96.0000,AG03-UNRESOLVED,ALL5_LEVELS_bet23_to_bet27,-2.4760,-2.4760,-3.0949,0.0000,0.0000,4.000000,4.000000,5.000000,0.000000,0.000000,96.000000,96.000000,95.000000,100.000000,100.000000,5.0,-8.0469,-7.7052,-53.8521,-54.1937,PENDING_AG03,FALSE,NOT_FOR_ENFORCEMENT,-59.4230,1799.6386,-61.8989,-59.4230,-2.4760,-0.03118786,-0.02994035,-2.4760,-59.4230,-0.02994035,-2.4760,-2.4760,-3.0949,0.0000,0.0000,-59.4230,-0.02994035,-8.0469,-7.7052,-53.8521,-54.1937,-0.02713344,-0.02730559,-0.00124751,7.1137,24.9950,-0.8253,-61.8989,-4.7615,1984.7122,75.0000,,7.1137,2.0771,2.0771,10.3857,24.0949,28.6127,34.2729,2.0771,-2.0771,13.774995,16.500001,3.424731,10,15,1,8,0E-8,-0.03118786,,0E-8,0.000000,0.944532,0.000000,,2026-06-26,2026-06-26,1,13,10,1,1.000000,,,0.000000,,,,,,,,GLOBAL_BASELINE_NO_ENTITY_RANKING,,,NOT_APPLICABLE_GLOBAL_BASELINE,HF9g-P5,,,,X 全窗基线 · 不参与实体赏罚,3924509,393,A168_HF9F_20260827_0900,2026-08-27 09:00:00
2026-06-26,132666112,1385,0,79.9700891094,-17.6557339592,-17.6557339592,0.5000000,10,2,0.40160973746633465,0.152591400000,0.2838394399609297,1.3662938092276233,0.2838394399609297,0.24901833746633465,ELIGIBLE,R03b_20260811_FULL_v1,L1_ELIGIBILITY,v2026-08-11,2026-03-21..2026-08-06,baccarat_bet02_101_all_pairs_incl_sentinel,round_win = game_pnl > 0 (decisive only),COMPATIBILITY_ONLY_NOT_PRODUCTION,1984.7122,1874.6235,-61.8989,279,75,0.03118786,,0.03118786,0.03118786,61.8989,1984.7122,OK,0.0000,-2.4760,4.0000,96.0000,AG03-UNRESOLVED,ALL5_LEVELS_bet23_to_bet27,-2.4760,-2.4760,-3.0949,0.0000,0.0000,4.000000,4.000000,5.000000,0.000000,0.000000,96.000000,96.000000,95.000000,100.000000,100.000000,5.0,-8.0469,-7.7052,-53.8521,-54.1937,PENDING_AG03,FALSE,NOT_FOR_ENFORCEMENT,-59.4230,1799.6386,-61.8989,-59.4230,-2.4760,-0.03118786,-0.02994035,-2.4760,-59.4230,-0.02994035,-2.4760,-2.4760,-3.0949,0.0000,0.0000,-59.4230,-0.02994035,-8.0469,-7.7052,-53.8521,-54.1937,-0.02713344,-0.02730559,-0.00124751,7.1137,24.9950,-0.8253,-61.8989,-4.7615,1984.7122,75.0000,,7.1137,2.0771,2.0771,10.3857,24.0949,28.6127,34.2729,2.0771,-2.0771,13.774995,16.500001,3.424731,10,15,1,8,0E-8,-0.03118786,,0E-8,0.000000,0.944532,0.000000,,2026-06-26,2026-06-26,1,13,10,1,1.000000,,,0.000000,,,,,,,,GLOBAL_BASELINE_NO_ENTITY_RANKING,,,NOT_APPLICABLE_GLOBAL_BASELINE,HF9g-P5,,,,X 全窗基线 · 不参与实体赏罚,3924510,393,A168_HF9F_20260827_0900,2026-08-27 09:00:00
2026-06-26,132666112,1509,0,241.9874125009,90.3558149675,90.3558149675,0.8000000,35,10,0.39402045590779258,0.211458245833,2.6273370182454285,4.557772245477363,2.6273370182454285,0.18256221007479258,ELIGIBLE,R03b_20260811_FULL_v1,L1_ELIGIBILITY,v2026-08-11,2026-03-21..2026-08-06,baccarat_bet02_101_all_pairs_incl_sentinel,round_win = game_pnl > 0 (decisive only),COMPATIBILITY_ONLY_NOT_PRODUCTION,1984.7122,1874.6235,-61.8989,279,75,0.03118786,,0.03118786,0.03118786,61.8989,1984.7122,OK,0.0000,-2.4760,4.0000,96.0000,AG03-UNRESOLVED,ALL5_LEVELS_bet23_to_bet27,-2.4760,-2.4760,-3.0949,0.0000,0.0000,4.000000,4.000000,5.000000,0.000000,0.000000,96.000000,96.000000,95.000000,100.000000,100.000000,5.0,-8.0469,-7.7052,-53.8521,-54.1937,PENDING_AG03,FALSE,NOT_FOR_ENFORCEMENT,-59.4230,1799.6386,-61.8989,-59.4230,-2.4760,-0.03118786,-0.02994035,-2.4760,-59.4230,-0.02994035,-2.4760,-2.4760,-3.0949,0.0000,0.0000,-59.4230,-0.02994035,-8.0469,-7.7052,-53.8521,-54.1937,-0.02713344,-0.02730559,-0.00124751,7.1137,24.9950,-0.8253,-61.8989,-4.7615,1984.7122,75.0000,,7.1137,2.0771,2.0771,10.3857,24.0949,28.6127,34.2729,2.0771,-2.0771,13.774995,16.500001,3.424731,10,15,1,8,0E-8,-0.03118786,,0E-8,0.000000,0.944532,0.000000,,2026-06-26,2026-06-26,1,13,10,1,1.000000,,,0.000000,,,,,,,,GLOBAL_BASELINE_NO_ENTITY_RANKING,,,NOT_APPLICABLE_GLOBAL_BASELINE,HF9g-P5,,,,X 全窗基线 · 不参与实体赏罚,3924511,393,A168_HF9F_20260827_0900,2026-08-27 09:00:00
2026-06-26,132666112,1704,0,320.9189290243,54.0577030925,54.0577030925,0.6363636,53,11,0.39387535751391926,0.157147613333,1.6459882015767644,4.367149084364716,1.6459882015767644,0.23672774418091926,ELIGIBLE,R03b_20260811_FULL_v1,L1_ELIGIBILITY,v2026-08-11,2026-03-21..2026-08-06,baccarat_bet02_101_all_pairs_incl_sentinel,round_win = game_pnl > 0 (decisive only),COMPATIBILITY_ONLY_NOT_PRODUCTION,1984.7122,1874.6235,-61.8989,279,75,0.03118786,,0.03118786,0.03118786,61.8989,1984.7122,OK,0.0000,-2.4760,4.0000,96.0000,AG03-UNRESOLVED,ALL5_LEVELS_bet23_to_bet27,-2.4760,-2.4760,-3.0949,0.0000,0.0000,4.000000,4.000000,5.000000,0.000000,0.000000,96.000000,96.000000,95.000000,100.000000,100.000000,5.0,-8.0469,-7.7052,-53.8521,-54.1937,PENDING_AG03,FALSE,NOT_FOR_ENFORCEMENT,-59.4230,1799.6386,-61.8989,-59.4230,-2.4760,-0.03118786,-0.02994035,-2.4760,-59.4230,-0.02994035,-2.4760,-2.4760,-3.0949,0.0000,0.0000,-59.4230,-0.02994035,-8.0469,-7.7052,-53.8521,-54.1937,-0.02713344,-0.02730559,-0.00124751,7.1137,24.9950,-0.8253,-61.8989,-4.7615,1984.7122,75.0000,,7.1137,2.0771,2.0771,10.3857,24.0949,28.6127,34.2729,2.0771,-2.0771,13.774995,16.500001,3.424731,10,15,1,8,0E-8,-0.03118786,,0E-8,0.000000,0.944532,0.000000,,2026-06-26,2026-06-26,1,13,10,1,1.000000,,,0.000000,,,,,,,,GLOBAL_BASELINE_NO_ENTITY_RANKING,,,NOT_APPLICABLE_GLOBAL_BASELINE,HF9g-P5,,,,X 全窗基线 · 不参与实体赏罚,3924512,393,A168_HF9F_20260827_0900,2026-08-27 09:00:00
2026-06-26,132666112,2145,0,36.3500405044,-36.3500405044,-36.3500405044,0E-7,5,1,0.41859439142839457,0.149672040000,-0.8485102522287954,-0.41954360849876443,-0.8485102522287954,0.26892235142839457,ELIGIBLE,R03b_20260811_FULL_v1,L1_ELIGIBILITY,v2026-08-11,2026-03-21..2026-08-06,baccarat_bet02_101_all_pairs_incl_sentinel,round_win = game_pnl > 0 (decisive only),COMPATIBILITY_ONLY_NOT_PRODUCTION,1984.7122,1874.6235,-61.8989,279,75,0.03118786,,0.03118786,0.03118786,61.8989,1984.7122,OK,0.0000,-2.4760,4.0000,96.0000,AG03-UNRESOLVED,ALL5_LEVELS_bet23_to_bet27,-2.4760,-2.4760,-3.0949,0.0000,0.0000,4.000000,4.000000,5.000000,0.000000,0.000000,96.000000,96.000000,95.000000,100.000000,100.000000,5.0,-8.0469,-7.7052,-53.8521,-54.1937,PENDING_AG03,FALSE,NOT_FOR_ENFORCEMENT,-59.4230,1799.6386,-61.8989,-59.4230,-2.4760,-0.03118786,-0.02994035,-2.4760,-59.4230,-0.02994035,-2.4760,-2.4760,-3.0949,0.0000,0.0000,-59.4230,-0.02994035,-8.0469,-7.7052,-53.8521,-54.1937,-0.02713344,-0.02730559,-0.00124751,7.1137,24.9950,-0.8253,-61.8989,-4.7615,1984.7122,75.0000,,7.1137,2.0771,2.0771,10.3857,24.0949,28.6127,34.2729,2.0771,-2.0771,13.774995,16.500001,3.424731,10,15,1,8,0E-8,-0.03118786,,0E-8,0.000000,0.944532,0.000000,,2026-06-26,2026-06-26,1,13,10,1,1.000000,,,0.000000,,,,,,,,GLOBAL_BASELINE_NO_ENTITY_RANKING,,,NOT_APPLICABLE_GLOBAL_BASELINE,HF9g-P5,,,,X 全窗基线 · 不参与实体赏罚,3924513,393,A168_HF9F_20260827_0900,2026-08-27 09:00:00
2026-06-26,132666112,2169,0,314.6874935090,-159.4208919260,-159.4208919260,0.4545455,36,12,0.43917428476224346,0.297721047778,0.10272374673292851,1.1374973676965294,0.10272374673292851,0.14145323698424346,ELIGIBLE,R03b_20260811_FULL_v1,L1_ELIGIBILITY,v2026-08-11,2026-03-21..2026-08-06,baccarat_bet02_101_all_pairs_incl_sentinel,round_win = game_pnl > 0 (decisive only),COMPATIBILITY_ONLY_NOT_PRODUCTION,1984.7122,1874.6235,-61.8989,279,75,0.03118786,,0.03118786,0.03118786,61.8989,1984.7122,OK,0.0000,-2.4760,4.0000,96.0000,AG03-UNRESOLVED,ALL5_LEVELS_bet23_to_bet27,-2.4760,-2.4760,-3.0949,0.0000,0.0000,4.000000,4.000000,5.000000,0.000000,0.000000,96.000000,96.000000,95.000000,100.000000,100.000000,5.0,-8.0469,-7.7052,-53.8521,-54.1937,PENDING_AG03,FALSE,NOT_FOR_ENFORCEMENT,-59.4230,1799.6386,-61.8989,-59.4230,-2.4760,-0.03118786,-0.02994035,-2.4760,-59.4230,-0.02994035,-2.4760,-2.4760,-3.0949,0.0000,0.0000,-59.4230,-0.02994035,-8.0469,-7.7052,-53.8521,-54.1937,-0.02713344,-0.02730559,-0.00124751,7.1137,24.9950,-0.8253,-61.8989,-4.7615,1984.7122,75.0000,,7.1137,2.0771,2.0771,10.3857,24.0949,28.6127,34.2729,2.0771,-2.0771,13.774995,16.500001,3.424731,10,15,1,8,0E-8,-0.03118786,,0E-8,0.000000,0.944532,0.000000,,2026-06-26,2026-06-26,1,13,10,1,1.000000,,,0.000000,,,,,,,,GLOBAL_BASELINE_NO_ENTITY_RANKING,,,NOT_APPLICABLE_GLOBAL_BASELINE,HF9g-P5,,,,X 全窗基线 · 不参与实体赏罚,3924514,393,A168_HF9F_20260827_0900,2026-08-27 09:00:00
2026-06-26,132666112,2171,0,305.3403402361,220.6447458614,220.6447458614,0.8750000,40,8,0.39513944843909640,0.152226480000,2.7762413417965726,5.690654257697981,2.7762413417965726,0.24291296843909640,ELIGIBLE,R03b_20260811_FULL_v1,L1_ELIGIBILITY,v2026-08-11,2026-03-21..2026-08-06,baccarat_bet02_101_all_pairs_incl_sentinel,round_win = game_pnl > 0 (decisive only),COMPATIBILITY_ONLY_NOT_PRODUCTION,1984.7122,1874.6235,-61.8989,279,75,0.03118786,,0.03118786,0.03118786,61.8989,1984.7122,OK,0.0000,-2.4760,4.0000,96.0000,AG03-UNRESOLVED,ALL5_LEVELS_bet23_to_bet27,-2.4760,-2.4760,-3.0949,0.0000,0.0000,4.000000,4.000000,5.000000,0.000000,0.000000,96.000000,96.000000,95.000000,100.000000,100.000000,5.0,-8.0469,-7.7052,-53.8521,-54.1937,PENDING_AG03,FALSE,NOT_FOR_ENFORCEMENT,-59.4230,1799.6386,-61.8989,-59.4230,-2.4760,-0.03118786,-0.02994035,-2.4760,-59.4230,-0.02994035,-2.4760,-2.4760,-3.0949,0.0000,0.0000,-59.4230,-0.02994035,-8.0469,-7.7052,-53.8521,-54.1937,-0.02713344,-0.02730559,-0.00124751,7.1137,24.9950,-0.8253,-61.8989,-4.7615,1984.7122,75.0000,,7.1137,2.0771,2.0771,10.3857,24.0949,28.6127,34.2729,2.0771,-2.0771,13.774995,16.500001,3.424731,10,15,1,8,0E-8,-0.03118786,,0E-8,0.000000,0.944532,0.000000,,2026-06-26,2026-06-26,1,13,10,1,1.000000,,,0.000000,,,,,,,,GLOBAL_BASELINE_NO_ENTITY_RANKING,,,NOT_APPLICABLE_GLOBAL_BASELINE,HF9g-P5,,,,X 全窗基线 · 不参与实体赏罚,3924515,393,A168_HF9F_20260827_0900,2026-08-27 09:00:00
2026-06-26,132666112,2252,0,14.5400162018,-14.5400162018,-14.5400162018,0E-7,3,1,0.38305967142772142,0.218271633333,-0.7879735426893496,-0.5284096173047961,-0.7879735426893496,0.16478803809472142,ELIGIBLE,R03b_20260811_FULL_v1,L1_ELIGIBILITY,v2026-08-11,2026-03-21..2026-08-06,baccarat_bet02_101_all_pairs_incl_sentinel,round_win = game_pnl > 0 (decisive only),COMPATIBILITY_ONLY_NOT_PRODUCTION,1984.7122,1874.6235,-61.8989,279,75,0.03118786,,0.03118786,0.03118786,61.8989,1984.7122,OK,0.0000,-2.4760,4.0000,96.0000,AG03-UNRESOLVED,ALL5_LEVELS_bet23_to_bet27,-2.4760,-2.4760,-3.0949,0.0000,0.0000,4.000000,4.000000,5.000000,0.000000,0.000000,96.000000,96.000000,95.000000,100.000000,100.000000,5.0,-8.0469,-7.7052,-53.8521,-54.1937,PENDING_AG03,FALSE,NOT_FOR_ENFORCEMENT,-59.4230,1799.6386,-61.8989,-59.4230,-2.4760,-0.03118786,-0.02994035,-2.4760,-59.4230,-0.02994035,-2.4760,-2.4760,-3.0949,0.0000,0.0000,-59.4230,-0.02994035,-8.0469,-7.7052,-53.8521,-54.1937,-0.02713344,-0.02730559,-0.00124751,7.1137,24.9950,-0.8253,-61.8989,-4.7615,1984.7122,75.0000,,7.1137,2.0771,2.0771,10.3857,24.0949,28.6127,34.2729,2.0771,-2.0771,13.774995,16.500001,3.424731,10,15,1,8,0E-8,-0.03118786,,0E-8,0.000000,0.944532,0.000000,,2026-06-26,2026-06-26,1,13,10,1,1.000000,,,0.000000,,,,,,,,GLOBAL_BASELINE_NO_ENTITY_RANKING,,,NOT_APPLICABLE_GLOBAL_BASELINE,HF9g-P5,,,,X 全窗基线 · 不参与实体赏罚,3924516,393,A168_HF9F_20260827_0900,2026-08-27 09:00:00
2026-06-26,132666112,2256,0,76.8543713519,-20.7714517167,-20.7714517167,0.5000000,10,2,0.39202477580444744,0.152591400000,0.31278031592275213,1.3662938092276233,0.31278031592275213,0.23943337580444744,ELIGIBLE,R03b_20260811_FULL_v1,L1_ELIGIBILITY,v2026-08-11,2026-03-21..2026-08-06,baccarat_bet02_101_all_pairs_incl_sentinel,round_win = game_pnl > 0 (decisive only),COMPATIBILITY_ONLY_NOT_PRODUCTION,1984.7122,1874.6235,-61.8989,279,75,0.03118786,,0.03118786,0.03118786,61.8989,1984.7122,OK,0.0000,-2.4760,4.0000,96.0000,AG03-UNRESOLVED,ALL5_LEVELS_bet23_to_bet27,-2.4760,-2.4760,-3.0949,0.0000,0.0000,4.000000,4.000000,5.000000,0.000000,0.000000,96.000000,96.000000,95.000000,100.000000,100.000000,5.0,-8.0469,-7.7052,-53.8521,-54.1937,PENDING_AG03,FALSE,NOT_FOR_ENFORCEMENT,-59.4230,1799.6386,-61.8989,-59.4230,-2.4760,-0.03118786,-0.02994035,-2.4760,-59.4230,-0.02994035,-2.4760,-2.4760,-3.0949,0.0000,0.0000,-59.4230,-0.02994035,-8.0469,-7.7052,-53.8521,-54.1937,-0.02713344,-0.02730559,-0.00124751,7.1137,24.9950,-0.8253,-61.8989,-4.7615,1984.7122,75.0000,,7.1137,2.0771,2.0771,10.3857,24.0949,28.6127,34.2729,2.0771,-2.0771,13.774995,16.500001,3.424731,10,15,1,8,0E-8,-0.03118786,,0E-8,0.000000,0.944532,0.000000,,2026-06-26,2026-06-26,1,13,10,1,1.000000,,,0.000000,,,,,,,,GLOBAL_BASELINE_NO_ENTITY_RANKING,,,NOT_APPLICABLE_GLOBAL_BASELINE,HF9g-P5,,,,X 全窗基线 · 不参与实体赏罚,3924517,393,A168_HF9F_20260827_0900,2026-08-27 09:00:00
2026-06-26,132666112,2261,0,14.5400162017,-6.2314355150,-6.2314355150,0E-7,2,2,0.49994810000000000,0.499948100000,-0.9998962053866608,-0.9998962053866608,-0.9998962053866608,0E-17,ELIGIBLE,R03b_20260811_FULL_v1,L1_ELIGIBILITY,v2026-08-11,2026-03-21..2026-08-06,baccarat_bet02_101_all_pairs_incl_sentinel,round_win = game_pnl > 0 (decisive only),COMPATIBILITY_ONLY_NOT_PRODUCTION,1984.7122,1874.6235,-61.8989,279,75,0.03118786,,0.03118786,0.03118786,61.8989,1984.7122,OK,0.0000,-2.4760,4.0000,96.0000,AG03-UNRESOLVED,ALL5_LEVELS_bet23_to_bet27,-2.4760,-2.4760,-3.0949,0.0000,0.0000,4.000000,4.000000,5.000000,0.000000,0.000000,96.000000,96.000000,95.000000,100.000000,100.000000,5.0,-8.0469,-7.7052,-53.8521,-54.1937,PENDING_AG03,FALSE,NOT_FOR_ENFORCEMENT,-59.4230,1799.6386,-61.8989,-59.4230,-2.4760,-0.03118786,-0.02994035,-2.4760,-59.4230,-0.02994035,-2.4760,-2.4760,-3.0949,0.0000,0.0000,-59.4230,-0.02994035,-8.0469,-7.7052,-53.8521,-54.1937,-0.02713344,-0.02730559,-0.00124751,7.1137,24.9950,-0.8253,-61.8989,-4.7615,1984.7122,75.0000,,7.1137,2.0771,2.0771,10.3857,24.0949,28.6127,34.2729,2.0771,-2.0771,13.774995,16.500001,3.424731,10,15,1,8,0E-8,-0.03118786,,0E-8,0.000000,0.944532,0.000000,,2026-06-26,2026-06-26,1,13,10,1,1.000000,,,0.000000,,,,,,,,GLOBAL_BASELINE_NO_ENTITY_RANKING,,,NOT_APPLICABLE_GLOBAL_BASELINE,HF9g-P5,,,,X 全窗基线 · 不参与实体赏罚,3924518,393,A168_HF9F_20260827_0900,2026-08-27 09:00:00
2026-06-26,132666112,2288,0,20.7714517168,-20.7714517168,-20.7714517168,0E-7,3,1,0.39953458499996048,0.218271633333,-0.8157051239719526,-0.5284096173047961,-0.8157051239719526,0.18126295166696048,ELIGIBLE,R03b_20260811_FULL_v1,L1_ELIGIBILITY,v2026-08-11,2026-03-21..2026-08-06,baccarat_bet02_101_all_pairs_incl_sentinel,round_win = game_pnl > 0 (decisive only),COMPATIBILITY_ONLY_NOT_PRODUCTION,1984.7122,1874.6235,-61.8989,279,75,0.03118786,,0.03118786,0.03118786,61.8989,1984.7122,OK,0.0000,-2.4760,4.0000,96.0000,AG03-UNRESOLVED,ALL5_LEVELS_bet23_to_bet27,-2.4760,-2.4760,-3.0949,0.0000,0.0000,4.000000,4.000000,5.000000,0.000000,0.000000,96.000000,96.000000,95.000000,100.000000,100.000000,5.0,-8.0469,-7.7052,-53.8521,-54.1937,PENDING_AG03,FALSE,NOT_FOR_ENFORCEMENT,-59.4230,1799.6386,-61.8989,-59.4230,-2.4760,-0.03118786,-0.02994035,-2.4760,-59.4230,-0.02994035,-2.4760,-2.4760,-3.0949,0.0000,0.0000,-59.4230,-0.02994035,-8.0469,-7.7052,-53.8521,-54.1937,-0.02713344,-0.02730559,-0.00124751,7.1137,24.9950,-0.8253,-61.8989,-4.7615,1984.7122,75.0000,,7.1137,2.0771,2.0771,10.3857,24.0949,28.6127,34.2729,2.0771,-2.0771,13.774995,16.500001,3.424731,10,15,1,8,0E-8,-0.03118786,,0E-8,0.000000,0.944532,0.000000,,2026-06-26,2026-06-26,1,13,10,1,1.000000,,,0.000000,,,,,,,,GLOBAL_BASELINE_NO_ENTITY_RANKING,,,NOT_APPLICABLE_GLOBAL_BASELINE,HF9g-P5,,,,X 全窗基线 · 不参与实体赏罚,3924519,393,A168_HF9F_20260827_0900,2026-08-27 09:00:00
2026-06-26,132666112,925,0,148.5158797749,55.1482043079,55.1482043079,0.6666667,20,9,0.43010418429540458,0.292342927778,1.4334500217648234,2.468942087962692,1.4334500217648234,0.13776125651740458,ELIGIBLE,R03b_20260811_FULL_v1,L1_ELIGIBILITY,v2026-08-11,2026-03-21..2026-08-06,baccarat_bet02_101_all_pairs_incl_sentinel,round_win = game_pnl > 0 (decisive only),COMPATIBILITY_ONLY_NOT_PRODUCTION,1984.7122,1874.6235,-61.8989,279,75,0.03118786,,0.03118786,0.03118786,61.8989,1984.7122,OK,0.0000,-2.4760,4.0000,96.0000,AG03-UNRESOLVED,ALL5_LEVELS_bet23_to_bet27,-2.4760,-2.4760,-3.0949,0.0000,0.0000,4.000000,4.000000,5.000000,0.000000,0.000000,96.000000,96.000000,95.000000,100.000000,100.000000,5.0,-8.0469,-7.7052,-53.8521,-54.1937,PENDING_AG03,FALSE,NOT_FOR_ENFORCEMENT,-59.4230,1799.6386,-61.8989,-59.4230,-2.4760,-0.03118786,-0.02994035,-2.4760,-59.4230,-0.02994035,-2.4760,-2.4760,-3.0949,0.0000,0.0000,-59.4230,-0.02994035,-8.0469,-7.7052,-53.8521,-54.1937,-0.02713344,-0.02730559,-0.00124751,7.1137,24.9950,-0.8253,-61.8989,-4.7615,1984.7122,75.0000,,7.1137,2.0771,2.0771,10.3857,24.0949,28.6127,34.2729,2.0771,-2.0771,13.774995,16.500001,3.424731,10,15,1,8,0E-8,-0.03118786,,0E-8,0.000000,0.944532,0.000000,,2026-06-26,2026-06-26,1,13,10,1,1.000000,,,0.000000,,,,,,,,GLOBAL_BASELINE_NO_ENTITY_RANKING,,,NOT_APPLICABLE_GLOBAL_BASELINE,HF9g-P5,,,,X 全窗基线 · 不参与实体赏罚,3924520,393,A168_HF9F_20260827_0900,2026-08-27 09:00:00
2026-04-17,148813250,1384,0,61.2517341570,61.2517341570,61.2517341570,1.0000000,1,1,0.49324550000000000,0.493245500000,1.01360149184955,1.01360149184955,1.01360149184955,0E-17,ELIGIBLE,R03b_20260811_FULL_v1,L1_ELIGIBILITY,v2026-08-11,2026-03-21..2026-08-06,baccarat_bet02_101_all_pairs_incl_sentinel,round_win = game_pnl > 0 (decisive only),COMPATIBILITY_ONLY_NOT_PRODUCTION,61.2517,61.2517,-61.2517,1,1,1.00000000,,1.00000000,1.00000000,61.2517,61.2517,THIN_EXPOSURE,0.0000,-1.8376,3.0000,97.0000,AG03-UNRESOLVED,ALL5_LEVELS_bet23_to_bet27,-1.8376,-1.8376,-1.8376,-2.4501,-2.4501,3.000000,3.000000,3.000000,4.000000,4.000000,97.000000,97.000000,97.000000,96.000000,96.000000,5.0,-10.4128,-9.7317,-50.8389,-51.52,PENDING_AG03,FALSE,NOT_FOR_ENFORCEMENT,-59.4142,59.4142,-61.2517,-59.4142,-1.8376,-1.00000000,-0.97000000,-1.8376,-59.4142,-0.97000000,-1.8376,-1.8376,-1.8376,-2.4501,-2.4501,-59.4142,-0.97000000,-10.4128,-9.7317,-50.8389,-51.52,-0.83000000,-0.84111944,-0.03000000,61.2517,61.2517,-61.2517,-61.2517,-61.2517,61.2517,1.0000,,61.2517,61.2517,61.2517,61.2517,61.2517,61.2517,61.2517,61.2517,61.2517,1.0,1.0,1.0,1,1,1,1,0E-8,-1.00000000,,0E-8,0.000000,1.000000,0.000000,,2026-04-17,2026-04-17,1,1,1,1,1.000000,,,0.000000,,,,,,,,GLOBAL_BASELINE_NO_ENTITY_RANKING,,,NOT_APPLICABLE_GLOBAL_BASELINE,HF9g-P5,,,,X 全窗基线 · 不参与实体赏罚,3924521,393,A168_HF9F_20260827_0900,2026-08-27 09:00:00
2026-04-13,148601397,-1,1,35.5992984844,35.5992984844,35.5992984844,1.0000000,1,1,0.49324550000000000,0.493245500000,1.01360149184955,1.01360149184955,1.01360149184955,0E-17,SENTINEL_DEALER,R03b_20260811_FULL_v1,L1_ELIGIBILITY,v2026-08-11,2026-03-21..2026-08-06,baccarat_bet02_101_all_pairs_incl_sentinel,round_win = game_pnl > 0 (decisive only),COMPATIBILITY_ONLY_NOT_PRODUCTION,124.0740,108.3685,-61.2517,6,6,0.49367089,,0.49367089,0.49367089,61.2517,124.0740,THIN_EXPOSURE,0.0000,-1.8376,3.0000,97.0000,AG03-UNRESOLVED,ALL5_LEVELS_bet23_to_bet27,-1.8376,-1.8376,-1.8376,-2.4501,-2.4501,3.000000,3.000000,3.000000,4.000000,4.000000,97.000000,97.000000,97.000000,96.000000,96.000000,5.0,-10.4128,-9.7317,-50.8389,-51.52,PENDING_AG03,FALSE,NOT_FOR_ENFORCEMENT,-59.4142,105.1174,-61.2517,-59.4142,-1.8376,-0.49367089,-0.47886076,-1.8376,-59.4142,-0.47886076,-1.8376,-1.8376,-1.8376,-2.4501,-2.4501,-59.4142,-0.47886076,-10.4128,-9.7317,-50.8389,-51.52,-0.40974684,-0.41523618,-0.01481013,20.6790,18.0614,-10.2086,-61.2517,-12.2503,124.0740,6.0000,,20.6790,15.7056,16.7526,31.4111,35.1805,35.5993,35.5993,16.7526,8.8998,2.125,2.125,1.234375,5,5,1,1,0E-8,-0.49367089,,0E-8,0.000000,0.873418,0.000000,,2026-04-13,2026-04-13,1,5,5,1,1.000000,,,0.000000,,,,,,,,GLOBAL_BASELINE_NO_ENTITY_RANKING,,,NOT_APPLICABLE_GLOBAL_BASELINE,HF9g-P5,,,,X 全窗基线 · 不参与实体赏罚,3924522,393,A168_HF9F_20260827_0900,2026-08-27 09:00:00
2026-04-13,148601397,1307,0,49.2107949637,49.2107949637,49.2107949637,1.0000000,2,2,0.49324550000000000,0.493245500000,1.4334489766152358,1.4334489766152358,1.4334489766152358,0E-17,ELIGIBLE,R03b_20260811_FULL_v1,L1_ELIGIBILITY,v2026-08-11,2026-03-21..2026-08-06,baccarat_bet02_101_all_pairs_incl_sentinel,round_win = game_pnl > 0 (decisive only),COMPATIBILITY_ONLY_NOT_PRODUCTION,124.0740,108.3685,-61.2517,6,6,0.49367089,,0.49367089,0.49367089,61.2517,124.0740,THIN_EXPOSURE,0.0000,-1.8376,3.0000,97.0000,AG03-UNRESOLVED,ALL5_LEVELS_bet23_to_bet27,-1.8376,-1.8376,-1.8376,-2.4501,-2.4501,3.000000,3.000000,3.000000,4.000000,4.000000,97.000000,97.000000,97.000000,96.000000,96.000000,5.0,-10.4128,-9.7317,-50.8389,-51.52,PENDING_AG03,FALSE,NOT_FOR_ENFORCEMENT,-59.4142,105.1174,-61.2517,-59.4142,-1.8376,-0.49367089,-0.47886076,-1.8376,-59.4142,-0.47886076,-1.8376,-1.8376,-1.8376,-2.4501,-2.4501,-59.4142,-0.47886076,-10.4128,-9.7317,-50.8389,-51.52,-0.40974684,-0.41523618,-0.01481013,20.6790,18.0614,-10.2086,-61.2517,-12.2503,124.0740,6.0000,,20.6790,15.7056,16.7526,31.4111,35.1805,35.5993,35.5993,16.7526,8.8998,2.125,2.125,1.234375,5,5,1,1,0E-8,-0.49367089,,0E-8,0.000000,0.873418,0.000000,,2026-04-13,2026-04-13,1,5,5,1,1.000000,,,0.000000,,,,,,,,GLOBAL_BASELINE_NO_ENTITY_RANKING,,,NOT_APPLICABLE_GLOBAL_BASELINE,HF9g-P5,,,,X 全窗基线 · 不参与实体赏罚,3924523,393,A168_HF9F_20260827_0900,2026-08-27 09:00:00
2026-04-13,148601397,1947,0,15.7055728608,0E-10,0E-10,,1,1,0.49324550000000000,0.493245500000,,,,0E-17,NO_DECISIVE_ROUND,R03b_20260811_FULL_v1,L1_ELIGIBILITY,v2026-08-11,2026-03-21..2026-08-06,baccarat_bet02_101_all_pairs_incl_sentinel,round_win = game_pnl > 0 (decisive only),COMPATIBILITY_ONLY_NOT_PRODUCTION,124.0740,108.3685,-61.2517,6,6,0.49367089,,0.49367089,0.49367089,61.2517,124.0740,THIN_EXPOSURE,0.0000,-1.8376,3.0000,97.0000,AG03-UNRESOLVED,ALL5_LEVELS_bet23_to_bet27,-1.8376,-1.8376,-1.8376,-2.4501,-2.4501,3.000000,3.000000,3.000000,4.000000,4.000000,97.000000,97.000000,97.000000,96.000000,96.000000,5.0,-10.4128,-9.7317,-50.8389,-51.52,PENDING_AG03,FALSE,NOT_FOR_ENFORCEMENT,-59.4142,105.1174,-61.2517,-59.4142,-1.8376,-0.49367089,-0.47886076,-1.8376,-59.4142,-0.47886076,-1.8376,-1.8376,-1.8376,-2.4501,-2.4501,-59.4142,-0.47886076,-10.4128,-9.7317,-50.8389,-51.52,-0.40974684,-0.41523618,-0.01481013,20.6790,18.0614,-10.2086,-61.2517,-12.2503,124.0740,6.0000,,20.6790,15.7056,16.7526,31.4111,35.1805,35.5993,35.5993,16.7526,8.8998,2.125,2.125,1.234375,5,5,1,1,0E-8,-0.49367089,,0E-8,0.000000,0.873418,0.000000,,2026-04-13,2026-04-13,1,5,5,1,1.000000,,,0.000000,,,,,,,,GLOBAL_BASELINE_NO_ENTITY_RANKING,,,NOT_APPLICABLE_GLOBAL_BASELINE,HF9g-P5,,,,X 全窗基线 · 不参与实体赏罚,3924524,393,A168_HF9F_20260827_0900,2026-08-27 09:00:00
2026-04-13,148601397,2134,0,7.8527864304,-7.8527864304,-7.8527864304,0E-7,1,1,0.49324550000000000,0.493245500000,-0.9865810262130424,-0.9865810262130424,-0.9865810262130424,0E-17,ELIGIBLE,R03b_20260811_FULL_v1,L1_ELIGIBILITY,v2026-08-11,2026-03-21..2026-08-06,baccarat_bet02_101_all_pairs_incl_sentinel,round_win = game_pnl > 0 (decisive only),COMPATIBILITY_ONLY_NOT_PRODUCTION,124.0740,108.3685,-61.2517,6,6,0.49367089,,0.49367089,0.49367089,61.2517,124.0740,THIN_EXPOSURE,0.0000,-1.8376,3.0000,97.0000,AG03-UNRESOLVED,ALL5_LEVELS_bet23_to_bet27,-1.8376,-1.8376,-1.8376,-2.4501,-2.4501,3.000000,3.000000,3.000000,4.000000,4.000000,97.000000,97.000000,97.000000,96.000000,96.000000,5.0,-10.4128,-9.7317,-50.8389,-51.52,PENDING_AG03,FALSE,NOT_FOR_ENFORCEMENT,-59.4142,105.1174,-61.2517,-59.4142,-1.8376,-0.49367089,-0.47886076,-1.8376,-59.4142,-0.47886076,-1.8376,-1.8376,-1.8376,-2.4501,-2.4501,-59.4142,-0.47886076,-10.4128,-9.7317,-50.8389,-51.52,-0.40974684,-0.41523618,-0.01481013,20.6790,18.0614,-10.2086,-61.2517,-12.2503,124.0740,6.0000,,20.6790,15.7056,16.7526,31.4111,35.1805,35.5993,35.5993,16.7526,8.8998,2.125,2.125,1.234375,5,5,1,1,0E-8,-0.49367089,,0E-8,0.000000,0.873418,0.000000,,2026-04-13,2026-04-13,1,5,5,1,1.000000,,,0.000000,,,,,,,,GLOBAL_BASELINE_NO_ENTITY_RANKING,,,NOT_APPLICABLE_GLOBAL_BASELINE,HF9g-P5,,,,X 全窗基线 · 不参与实体赏罚,3924525,393,A168_HF9F_20260827_0900,2026-08-27 09:00:00
2026-04-13,148601397,2169,0,15.7055728608,-15.7055728608,-15.7055728608,0E-7,1,1,0.49324550000000000,0.493245500000,-0.9865810262130424,-0.9865810262130424,-0.9865810262130424,0E-17,ELIGIBLE,R03b_20260811_FULL_v1,L1_ELIGIBILITY,v2026-08-11,2026-03-21..2026-08-06,baccarat_bet02_101_all_pairs_incl_sentinel,round_win = game_pnl > 0 (decisive only),COMPATIBILITY_ONLY_NOT_PRODUCTION,124.0740,108.3685,-61.2517,6,6,0.49367089,,0.49367089,0.49367089,61.2517,124.0740,THIN_EXPOSURE,0.0000,-1.8376,3.0000,97.0000,AG03-UNRESOLVED,ALL5_LEVELS_bet23_to_bet27,-1.8376,-1.8376,-1.8376,-2.4501,-2.4501,3.000000,3.000000,3.000000,4.000000,4.000000,97.000000,97.000000,97.000000,96.000000,96.000000,5.0,-10.4128,-9.7317,-50.8389,-51.52,PENDING_AG03,FALSE,NOT_FOR_ENFORCEMENT,-59.4142,105.1174,-61.2517,-59.4142,-1.8376,-0.49367089,-0.47886076,-1.8376,-59.4142,-0.47886076,-1.8376,-1.8376,-1.8376,-2.4501,-2.4501,-59.4142,-0.47886076,-10.4128,-9.7317,-50.8389,-51.52,-0.40974684,-0.41523618,-0.01481013,20.6790,18.0614,-10.2086,-61.2517,-12.2503,124.0740,6.0000,,20.6790,15.7056,16.7526,31.4111,35.1805,35.5993,35.5993,16.7526,8.8998,2.125,2.125,1.234375,5,5,1,1,0E-8,-0.49367089,,0E-8,0.000000,0.873418,0.000000,,2026-04-13,2026-04-13,1,5,5,1,1.000000,,,0.000000,,,,,,,,GLOBAL_BASELINE_NO_ENTITY_RANKING,,,NOT_APPLICABLE_GLOBAL_BASELINE,HF9g-P5,,,,X 全窗基线 · 不参与实体赏罚,3924526,393,A168_HF9F_20260827_0900,2026-08-27 09:00:00
2026-07-21,153290875,1330,0,16.7815557793,16.7815557793,16.7815557793,1.0000000,1,1,0.49324550000000000,0.493245500000,1.01360149184955,1.01360149184955,1.01360149184955,0E-17,ELIGIBLE,R03b_20260811_FULL_v1,L1_ELIGIBILITY,v2026-08-11,2026-03-21..2026-08-06,baccarat_bet02_101_all_pairs_incl_sentinel,round_win = game_pnl > 0 (decisive only),COMPATIBILITY_ONLY_NOT_PRODUCTION,61.8897,61.8897,-61.8897,4,4,1.00000000,1.00000000,,1.00000000,61.8897,61.8897,THIN_EXPOSURE,0.0000,-2.4756,4.0000,96.0000,AG03-UNRESOLVED,ALL5_LEVELS_bet23_to_bet27,-2.4756,-2.4756,-2.4756,-2.4756,-3.0945,4.000000,4.000000,4.000000,4.000000,5.000000,96.000000,96.000000,96.000000,96.000000,95.000000,5.0,-12.9968,-11.9522,-48.8929,-49.9375,PENDING_AG03,FALSE,NOT_FOR_ENFORCEMENT,-59.4141,59.4141,-61.8897,-59.4141,-2.4756,-1.00000000,-0.96000000,-2.4756,-59.4141,-0.96000000,-2.4756,-2.4756,-2.4756,-2.4756,-3.0945,-59.4141,-0.96000000,-12.9968,-11.9522,-48.8929,-49.9375,-0.79000000,-0.80687923,-0.04000000,15.4724,15.4724,-15.4724,-15.4724,-15.4724,15.4724,1.0000,15.4724,,14.8088,15.4907,16.1361,16.7816,16.7816,16.7816,15.4907,15.4907,1.083333,1.083333,0.998823,3,4,4,1,1.00000000,-1.00000000,-1.00000000,0E-8,0.000000,1.000000,0.000000,,2026-07-21,2026-08-06,4,4,4,17,0.235294,,1.000000,3.333333,,,,,,,,GLOBAL_BASELINE_NO_ENTITY_RANKING,,,NOT_APPLICABLE_GLOBAL_BASELINE,HF9g-P5,,,,X 全窗基线 · 不参与实体赏罚,3924527,393,A168_HF9F_20260827_0900,2026-08-27 09:00:00
2026-07-23,153290875,2088,0,15.4906668732,15.4906668732,15.4906668732,1.0000000,1,1,0.49324550000000000,0.493245500000,1.01360149184955,1.01360149184955,1.01360149184955,0E-17,ELIGIBLE,R03b_20260811_FULL_v1,L1_ELIGIBILITY,v2026-08-11,2026-03-21..2026-08-06,baccarat_bet02_101_all_pairs_incl_sentinel,round_win = game_pnl > 0 (decisive only),COMPATIBILITY_ONLY_NOT_PRODUCTION,61.8897,61.8897,-61.8897,4,4,1.00000000,1.00000000,,1.00000000,61.8897,61.8897,THIN_EXPOSURE,0.0000,-2.4756,4.0000,96.0000,AG03-UNRESOLVED,ALL5_LEVELS_bet23_to_bet27,-2.4756,-2.4756,-2.4756,-2.4756,-3.0945,4.000000,4.000000,4.000000,4.000000,5.000000,96.000000,96.000000,96.000000,96.000000,95.000000,5.0,-12.9968,-11.9522,-48.8929,-49.9375,PENDING_AG03,FALSE,NOT_FOR_ENFORCEMENT,-59.4141,59.4141,-61.8897,-59.4141,-2.4756,-1.00000000,-0.96000000,-2.4756,-59.4141,-0.96000000,-2.4756,-2.4756,-2.4756,-2.4756,-3.0945,-59.4141,-0.96000000,-12.9968,-11.9522,-48.8929,-49.9375,-0.79000000,-0.80687923,-0.04000000,15.4724,15.4724,-15.4724,-15.4724,-15.4724,15.4724,1.0000,15.4724,,14.8088,15.4907,16.1361,16.7816,16.7816,16.7816,15.4907,15.4907,1.083333,1.083333,0.998823,3,4,4,1,1.00000000,-1.00000000,-1.00000000,0E-8,0.000000,1.000000,0.000000,,2026-07-21,2026-08-06,4,4,4,17,0.235294,,1.000000,3.333333,,,,,,,,GLOBAL_BASELINE_NO_ENTITY_RANKING,,,NOT_APPLICABLE_GLOBAL_BASELINE,HF9g-P5,,,,X 全窗基线 · 不参与实体赏罚,3924528,393,A168_HF9F_20260827_0900,2026-08-27 09:00:00
2026-07-25,153290875,2252,0,15.4906668732,15.4906668732,15.4906668732,1.0000000,1,1,0.49324550000000000,0.493245500000,1.01360149184955,1.01360149184955,1.01360149184955,0E-17,ELIGIBLE,R03b_20260811_FULL_v1,L1_ELIGIBILITY,v2026-08-11,2026-03-21..2026-08-06,baccarat_bet02_101_all_pairs_incl_sentinel,round_win = game_pnl > 0 (decisive only),COMPATIBILITY_ONLY_NOT_PRODUCTION,61.8897,61.8897,-61.8897,4,4,1.00000000,1.00000000,,1.00000000,61.8897,61.8897,THIN_EXPOSURE,0.0000,-2.4756,4.0000,96.0000,AG03-UNRESOLVED,ALL5_LEVELS_bet23_to_bet27,-2.4756,-2.4756,-2.4756,-2.4756,-3.0945,4.000000,4.000000,4.000000,4.000000,5.000000,96.000000,96.000000,96.000000,96.000000,95.000000,5.0,-12.9968,-11.9522,-48.8929,-49.9375,PENDING_AG03,FALSE,NOT_FOR_ENFORCEMENT,-59.4141,59.4141,-61.8897,-59.4141,-2.4756,-1.00000000,-0.96000000,-2.4756,-59.4141,-0.96000000,-2.4756,-2.4756,-2.4756,-2.4756,-3.0945,-59.4141,-0.96000000,-12.9968,-11.9522,-48.8929,-49.9375,-0.79000000,-0.80687923,-0.04000000,15.4724,15.4724,-15.4724,-15.4724,-15.4724,15.4724,1.0000,15.4724,,14.8088,15.4907,16.1361,16.7816,16.7816,16.7816,15.4907,15.4907,1.083333,1.083333,0.998823,3,4,4,1,1.00000000,-1.00000000,-1.00000000,0E-8,0.000000,1.000000,0.000000,,2026-07-21,2026-08-06,4,4,4,17,0.235294,,1.000000,3.333333,,,,,,,,GLOBAL_BASELINE_NO_ENTITY_RANKING,,,NOT_APPLICABLE_GLOBAL_BASELINE,HF9g-P5,,,,X 全窗基线 · 不参与实体赏罚,3924529,393,A168_HF9F_20260827_0900,2026-08-27 09:00:00
2026-08-06,153290875,2123,0,14.1268332777,14.1268332777,14.1268332777,1.0000000,1,1,0.49324550000000000,0.493245500000,1.01360149184955,1.01360149184955,1.01360149184955,0E-17,ELIGIBLE,R03b_20260811_FULL_v1,L1_ELIGIBILITY,v2026-08-11,2026-03-21..2026-08-06,baccarat_bet02_101_all_pairs_incl_sentinel,round_win = game_pnl > 0 (decisive only),COMPATIBILITY_ONLY_NOT_PRODUCTION,61.8897,61.8897,-61.8897,4,4,1.00000000,1.00000000,,1.00000000,61.8897,61.8897,THIN_EXPOSURE,0.0000,-2.4756,4.0000,96.0000,AG03-UNRESOLVED,ALL5_LEVELS_bet23_to_bet27,-2.4756,-2.4756,-2.4756,-2.4756,-3.0945,4.000000,4.000000,4.000000,4.000000,5.000000,96.000000,96.000000,96.000000,96.000000,95.000000,5.0,-12.9968,-11.9522,-48.8929,-49.9375,PENDING_AG03,FALSE,NOT_FOR_ENFORCEMENT,-59.4141,59.4141,-61.8897,-59.4141,-2.4756,-1.00000000,-0.96000000,-2.4756,-59.4141,-0.96000000,-2.4756,-2.4756,-2.4756,-2.4756,-3.0945,-59.4141,-0.96000000,-12.9968,-11.9522,-48.8929,-49.9375,-0.79000000,-0.80687923,-0.04000000,15.4724,15.4724,-15.4724,-15.4724,-15.4724,15.4724,1.0000,15.4724,,14.8088,15.4907,16.1361,16.7816,16.7816,16.7816,15.4907,15.4907,1.083333,1.083333,0.998823,3,4,4,1,1.00000000,-1.00000000,-1.00000000,0E-8,0.000000,1.000000,0.000000,,2026-07-21,2026-08-06,4,4,4,17,0.235294,,1.000000,3.333333,,,,,,,,GLOBAL_BASELINE_NO_ENTITY_RANKING,,,NOT_APPLICABLE_GLOBAL_BASELINE,HF9g-P5,,,,X 全窗基线 · 不参与实体赏罚,3924530,393,A168_HF9F_20260827_0900,2026-08-27 09:00:00
2026-03-27,147857716,1205,0,84.2615267135,61.2475972299,61.2475972299,0.7500000,4,4,0.49994810000000000,0.499948100000,1.0002076053883384,1.0002076053883384,1.0002076053883384,0E-17,ELIGIBLE,R03b_20260811_FULL_v1,L1_ELIGIBILITY,v2026-08-11,2026-03-21..2026-08-06,baccarat_bet02_101_all_pairs_incl_sentinel,round_win = game_pnl > 0 (decisive only),COMPATIBILITY_ONLY_NOT_PRODUCTION,84.2615,84.2615,-61.2476,4,4,0.72687500,,0.72687500,0.72687500,61.2476,84.2615,THIN_EXPOSURE,0.0000,-1.8374,3.0000,97.0000,AG03-UNRESOLVED,ALL5_LEVELS_bet23_to_bet27,-1.8374,-1.8374,-1.8374,-2.4499,-2.4499,3.000000,3.000000,3.000000,4.000000,4.000000,97.000000,97.000000,97.000000,96.000000,96.000000,5.0,-10.4121,-9.7311,-50.8355,-51.5165,PENDING_AG03,FALSE,NOT_FOR_ENFORCEMENT,-59.4102,81.7337,-61.2476,-59.4102,-1.8374,-0.72687500,-0.70506875,-1.8374,-59.4102,-0.70506875,-1.8374,-1.8374,-1.8374,-2.4499,-2.4499,-59.4102,-0.70506875,-10.4121,-9.7311,-50.8355,-51.5165,-0.60330625,-0.61138869,-0.02180625,21.0654,21.0654,-15.3119,-61.2476,-61.2476,84.2615,4.0000,,21.0654,14.2191,19.4855,27.9116,34.7579,34.7579,34.7579,19.4855,18.5112,1.783784,1.783784,1.081081,1,1,1,2,0E-8,-0.72687500,,0E-8,0.000000,1.000000,0.000000,,2026-03-27,2026-03-27,1,1,1,1,1.000000,,,0.000000,,,,,,,,GLOBAL_BASELINE_NO_ENTITY_RANKING,,,NOT_APPLICABLE_GLOBAL_BASELINE,HF9g-P5,,,,X 全窗基线 · 不参与实体赏罚,3924531,393,A168_HF9F_20260827_0900,2026-08-27 09:00:00
2026-07-06,152628478,2177,0,84.1659566777,61.8852141585,61.8852141585,0.8571429,9,8,0.49115383035714286,0.473357281250,1.9369350672460628,2.0336916022692972,1.9369350672460628,0.01779654910714286,ELIGIBLE,R03b_20260811_FULL_v1,L1_ELIGIBILITY,v2026-08-11,2026-03-21..2026-08-06,baccarat_bet02_101_all_pairs_incl_sentinel,round_win = game_pnl > 0 (decisive only),COMPATIBILITY_ONLY_NOT_PRODUCTION,84.1660,79.0024,-61.8852,9,8,0.73527607,,0.73527607,0.73527607,61.8852,84.1660,THIN_EXPOSURE,0.0000,-2.4754,4.0000,96.0000,AG03-UNRESOLVED,ALL5_LEVELS_bet23_to_bet27,-2.4754,-2.4754,-2.4754,-3.0943,-3.0943,4.000000,4.000000,4.000000,5.000000,5.000000,96.000000,96.000000,96.000000,95.000000,95.000000,5.0,-13.6147,-12.4715,-48.2705,-49.4137,PENDING_AG03,FALSE,NOT_FOR_ENFORCEMENT,-59.4098,75.8423,-61.8852,-59.4098,-2.4754,-0.73527607,-0.70586503,-2.4754,-59.4098,-0.70586503,-2.4754,-2.4754,-2.4754,-3.0943,-3.0943,-59.4098,-0.70586503,-13.6147,-12.4715,-48.2705,-49.4137,-0.57351534,-0.587099,-0.02941104,9.3518,9.8753,-7.7357,-61.8852,-61.8852,84.1660,8.0000,,9.3518,4.5181,7.7453,15.4907,17.9692,19.6215,19.6215,7.7453,7.7453,2.533333,2.533333,1.207407,1,1,1,3,0E-8,-0.73527607,,0E-8,0.000000,0.938650,0.000000,,2026-07-06,2026-07-06,1,1,1,1,1.000000,,,0.000000,,,,,,,,GLOBAL_BASELINE_NO_ENTITY_RANKING,,,NOT_APPLICABLE_GLOBAL_BASELINE,HF9g-P5,,,,X 全窗基线 · 不参与实体赏罚,3924532,393,A168_HF9F_20260827_0900,2026-08-27 09:00:00
2026-06-24,152014993,2121,0,38.5733021318,-12.8577673772,-12.8577673772,0.2500000,5,5,0.49592654000000000,0.495926540000,-0.983738807048034,-0.983738807048034,-0.983738807048034,0E-17,ELIGIBLE,R03b_20260811_FULL_v1,L1_ELIGIBILITY,v2026-08-11,2026-03-21..2026-08-06,baccarat_bet02_101_all_pairs_incl_sentinel,round_win = game_pnl > 0 (decisive only),COMPATIBILITY_ONLY_NOT_PRODUCTION,304.4964,265.8106,-61.8847,12,12,0.20323622,0.28106796,-0.33333333,0.20323622,61.8847,304.4964,THIN_EXPOSURE,0.0000,-2.4754,4.0000,96.0000,AG03-UNRESOLVED,ALL5_LEVELS_bet23_to_bet27,-2.4754,-2.4754,-2.4754,-3.0942,-3.0942,4.000000,4.000000,4.000000,5.000000,5.000000,96.000000,96.000000,96.000000,95.000000,95.000000,5.0,-13.6146,-12.4714,-48.2701,-49.4133,PENDING_AG03,FALSE,NOT_FOR_ENFORCEMENT,-59.4093,255.1782,-61.8847,-59.4093,-2.4754,-0.20323622,-0.19510677,-2.4754,-59.4093,-0.19510677,-2.4754,-2.4754,-2.4754,-3.0942,-3.0942,-59.4093,-0.19510677,-13.6146,-12.4714,-48.2701,-49.4133,-0.15852425,-0.16227889,-0.00812945,25.3747,22.1509,-5.1571,-30.9424,-20.6282,152.2482,6.0000,37.9890,7.7147,9.0004,25.8178,28.3996,61.1881,75.1297,77.4533,18.052,-2.5716,2.91,3.0,0.982838,3,3,2,2,0.87332100,-0.20323622,-0.28106796,0E-8,0.000000,0.872952,0.000000,0.61440129,2026-06-24,2026-07-12,2,3,3,19,0.105263,4.924263,1.497122,2.911070,,,,,,,,GLOBAL_BASELINE_NO_ENTITY_RANKING,,,NOT_APPLICABLE_GLOBAL_BASELINE,HF9g-P5,,,,X 全窗基线 · 不参与实体赏罚,3924533,393,A168_HF9F_20260827_0900,2026-08-27 09:00:00
2026-07-12,152014993,1304,0,129.0888906100,77.4533343660,77.4533343660,0.6666667,3,3,0.49324550000000000,0.493245500000,0.6008033672792107,0.6008033672792106,0.6008033672792107,0E-17,ELIGIBLE,R03b_20260811_FULL_v1,L1_ELIGIBILITY,v2026-08-11,2026-03-21..2026-08-06,baccarat_bet02_101_all_pairs_incl_sentinel,round_win = game_pnl > 0 (decisive only),COMPATIBILITY_ONLY_NOT_PRODUCTION,304.4964,265.8106,-61.8847,12,12,0.20323622,0.28106796,-0.33333333,0.20323622,61.8847,304.4964,THIN_EXPOSURE,0.0000,-2.4754,4.0000,96.0000,AG03-UNRESOLVED,ALL5_LEVELS_bet23_to_bet27,-2.4754,-2.4754,-2.4754,-3.0942,-3.0942,4.000000,4.000000,4.000000,5.000000,5.000000,96.000000,96.000000,96.000000,95.000000,95.000000,5.0,-13.6146,-12.4714,-48.2701,-49.4133,PENDING_AG03,FALSE,NOT_FOR_ENFORCEMENT,-59.4093,255.1782,-61.8847,-59.4093,-2.4754,-0.20323622,-0.19510677,-2.4754,-59.4093,-0.19510677,-2.4754,-2.4754,-2.4754,-3.0942,-3.0942,-59.4093,-0.19510677,-13.6146,-12.4714,-48.2701,-49.4133,-0.15852425,-0.16227889,-0.00812945,25.3747,22.1509,-5.1571,-30.9424,-20.6282,152.2482,6.0000,37.9890,7.7147,9.0004,25.8178,28.3996,61.1881,75.1297,77.4533,18.052,-2.5716,2.91,3.0,0.982838,3,3,2,2,0.87332100,-0.20323622,-0.28106796,0E-8,0.000000,0.872952,0.000000,0.61440129,2026-06-24,2026-07-12,2,3,3,19,0.105263,4.924263,1.497122,2.911070,,,,,,,,GLOBAL_BASELINE_NO_ENTITY_RANKING,,,NOT_APPLICABLE_GLOBAL_BASELINE,HF9g-P5,,,,X 全窗基线 · 不参与实体赏罚,3924534,393,A168_HF9F_20260827_0900,2026-08-27 09:00:00
2026-07-12,152014993,1654,0,136.8342240466,-2.7108667028,-2.7108667028,0.3333333,4,4,0.50665070000000000,0.506650700000,-0.6004420894325239,-0.6004420894325239,-0.6004420894325239,0E-17,ELIGIBLE,R03b_20260811_FULL_v1,L1_ELIGIBILITY,v2026-08-11,2026-03-21..2026-08-06,baccarat_bet02_101_all_pairs_incl_sentinel,round_win = game_pnl > 0 (decisive only),COMPATIBILITY_ONLY_NOT_PRODUCTION,304.4964,265.8106,-61.8847,12,12,0.20323622,0.28106796,-0.33333333,0.20323622,61.8847,304.4964,THIN_EXPOSURE,0.0000,-2.4754,4.0000,96.0000,AG03-UNRESOLVED,ALL5_LEVELS_bet23_to_bet27,-2.4754,-2.4754,-2.4754,-3.0942,-3.0942,4.000000,4.000000,4.000000,5.000000,5.000000,96.000000,96.000000,96.000000,95.000000,95.000000,5.0,-13.6146,-12.4714,-48.2701,-49.4133,PENDING_AG03,FALSE,NOT_FOR_ENFORCEMENT,-59.4093,255.1782,-61.8847,-59.4093,-2.4754,-0.20323622,-0.19510677,-2.4754,-59.4093,-0.19510677,-2.4754,-2.4754,-2.4754,-3.0942,-3.0942,-59.4093,-0.19510677,-13.6146,-12.4714,-48.2701,-49.4133,-0.15852425,-0.16227889,-0.00812945,25.3747,22.1509,-5.1571,-30.9424,-20.6282,152.2482,6.0000,37.9890,7.7147,9.0004,25.8178,28.3996,61.1881,75.1297,77.4533,18.052,-2.5716,2.91,3.0,0.982838,3,3,2,2,0.87332100,-0.20323622,-0.28106796,0E-8,0.000000,0.872952,0.000000,0.61440129,2026-06-24,2026-07-12,2,3,3,19,0.105263,4.924263,1.497122,2.911070,,,,,,,,GLOBAL_BASELINE_NO_ENTITY_RANKING,,,NOT_APPLICABLE_GLOBAL_BASELINE,HF9g-P5,,,,X 全窗基线 · 不参与实体赏罚,3924535,393,A168_HF9F_20260827_0900,2026-08-27 09:00:00
2026-04-30,145548109,2170,0,44.1077266361,61.8805458979,61.8805458979,0.6666667,5,4,0.45011776250000000,0.450117762500,0.7539085982864823,0.7539085982864823,0.7539085982864823,0E-17,ELIGIBLE,R03b_20260811_FULL_v1,L1_ELIGIBILITY,v2026-08-11,2026-03-21..2026-08-06,baccarat_bet02_101_all_pairs_incl_sentinel,round_win = game_pnl > 0 (decisive only),COMPATIBILITY_ONLY_NOT_PRODUCTION,44.1077,23.3511,-61.8805,5,4,1.40294118,,1.40294118,1.40294118,61.8805,44.1077,THIN_EXPOSURE,0.0000,-2.4752,4.0000,96.0000,AG03-UNRESOLVED,ALL5_LEVELS_bet23_to_bet27,-2.4752,-2.4752,-3.0940,-3.0940,-3.0940,4.000000,4.000000,5.000000,5.000000,5.000000,96.000000,96.000000,95.000000,95.000000,95.000000,5.0,-14.2325,-12.9852,-47.6480,-48.8953,PENDING_AG03,FALSE,NOT_FOR_ENFORCEMENT,-59.4053,22.4171,-61.8805,-59.4053,-2.4752,-1.40294118,-1.34682353,-2.4752,-59.4053,-1.34682353,-2.4752,-2.4752,-3.0940,-3.0940,-3.0940,-59.4053,-1.34682353,-14.2325,-12.9852,-47.6480,-48.8953,-1.08026471,-1.10854351,-0.05611765,8.8215,5.8378,-15.4701,-61.8805,-61.8805,44.1077,4.0000,,8.8215,7.7837,7.7837,9.081,12.9729,12.9729,12.9729,7.7837,0.0,1.666667,1.666667,1.133333,1,1,1,3,0E-8,-1.40294118,,0E-8,0.000000,0.529412,0.000000,,2026-04-30,2026-04-30,1,1,1,1,1.000000,,,0.000000,,,,,,,,GLOBAL_BASELINE_NO_ENTITY_RANKING,,,NOT_APPLICABLE_GLOBAL_BASELINE,HF9g-P5,,,,X 全窗基线 · 不参与实体赏罚,3924536,393,A168_HF9F_20260827_0900,2026-08-27 09:00:00
2026-05-30,150792615,1966,0,72.6480203415,45.0158268901,45.0158268901,0.6666667,3,3,0.49771390000000000,0.497713900000,0.5852756695216578,0.5852756695216578,0.5852756695216578,0E-17,ELIGIBLE,R03b_20260811_FULL_v1,L1_ELIGIBILITY,v2026-08-11,2026-03-21..2026-08-06,baccarat_bet02_101_all_pairs_incl_sentinel,round_win = game_pnl > 0 (decisive only),COMPATIBILITY_ONLY_NOT_PRODUCTION,179.0255,179.0255,-61.8805,9,9,0.34565217,,0.34565217,0.34565217,61.8805,179.0255,THIN_EXPOSURE,0.0000,-2.4752,4.0000,96.0000,AG03-UNRESOLVED,ALL5_LEVELS_bet23_to_bet27,-2.4752,-2.4752,-3.0940,-3.0940,-3.0940,4.000000,4.000000,5.000000,5.000000,5.000000,96.000000,96.000000,95.000000,95.000000,95.000000,5.0,-14.2325,-12.9852,-47.6480,-48.8953,PENDING_AG03,FALSE,NOT_FOR_ENFORCEMENT,-59.4053,171.8645,-61.8805,-59.4053,-2.4752,-0.34565217,-0.33182609,-2.4752,-59.4053,-0.33182609,-2.4752,-2.4752,-3.0940,-3.0940,-3.0940,-59.4053,-0.33182609,-14.2325,-12.9852,-47.6480,-48.8953,-0.26615217,-0.27311942,-0.01382609,19.8917,19.8917,-6.8756,-61.8805,-30.9403,179.0255,9.0000,,19.8917,12.9729,15.5674,27.243,32.6916,33.7294,33.7294,15.5674,12.3242,2.166667,2.166667,1.277778,2,2,1,2,0E-8,-0.34565217,,0E-8,0.000000,1.000000,0.000000,,2026-05-30,2026-05-30,1,2,2,1,1.000000,,,0.000000,,,,,,,,GLOBAL_BASELINE_NO_ENTITY_RANKING,,,NOT_APPLICABLE_GLOBAL_BASELINE,HF9g-P5,,,,X 全窗基线 · 不参与实体赏罚,3924537,393,A168_HF9F_20260827_0900,2026-08-27 09:00:00
2026-05-30,150792615,2244,0,106.3774583572,16.8647190078,16.8647190078,0.6666667,6,6,0.49994810000000000,0.499948100000,0.8167508423630434,0.8167508423630434,0.8167508423630434,0E-17,ELIGIBLE,R03b_20260811_FULL_v1,L1_ELIGIBILITY,v2026-08-11,2026-03-21..2026-08-06,baccarat_bet02_101_all_pairs_incl_sentinel,round_win = game_pnl > 0 (decisive only),COMPATIBILITY_ONLY_NOT_PRODUCTION,179.0255,179.0255,-61.8805,9,9,0.34565217,,0.34565217,0.34565217,61.8805,179.0255,THIN_EXPOSURE,0.0000,-2.4752,4.0000,96.0000,AG03-UNRESOLVED,ALL5_LEVELS_bet23_to_bet27,-2.4752,-2.4752,-3.0940,-3.0940,-3.0940,4.000000,4.000000,5.000000,5.000000,5.000000,96.000000,96.000000,95.000000,95.000000,95.000000,5.0,-14.2325,-12.9852,-47.6480,-48.8953,PENDING_AG03,FALSE,NOT_FOR_ENFORCEMENT,-59.4053,171.8645,-61.8805,-59.4053,-2.4752,-0.34565217,-0.33182609,-2.4752,-59.4053,-0.33182609,-2.4752,-2.4752,-3.0940,-3.0940,-3.0940,-59.4053,-0.33182609,-14.2325,-12.9852,-47.6480,-48.8953,-0.26615217,-0.27311942,-0.01382609,19.8917,19.8917,-6.8756,-61.8805,-30.9403,179.0255,9.0000,,19.8917,12.9729,15.5674,27.243,32.6916,33.7294,33.7294,15.5674,12.3242,2.166667,2.166667,1.277778,2,2,1,2,0E-8,-0.34565217,,0E-8,0.000000,1.000000,0.000000,,2026-05-30,2026-05-30,1,2,2,1,1.000000,,,0.000000,,,,,,,,GLOBAL_BASELINE_NO_ENTITY_RANKING,,,NOT_APPLICABLE_GLOBAL_BASELINE,HF9g-P5,,,,X 全窗基线 · 不参与实体赏罚,3924538,393,A168_HF9F_20260827_0900,2026-08-27 09:00:00
2026-03-22,42525088,1210,0,88.1212548467,83.7151921043,84.4201621431,1.0000000,1,1,0.50665070000000000,0.506650700000,0.9867858985152569,0.9867858985152569,0.9867858985152569,0E-17,ELIGIBLE,R03b_20260811_FULL_v1,L1_ELIGIBILITY,v2026-08-11,2026-03-21..2026-08-06,baccarat_bet02_101_all_pairs_incl_sentinel,round_win = game_pnl > 0 (decisive only),COMPATIBILITY_ONLY_NOT_PRODUCTION,14217.3322,13118.3760,48.4489,296,260,-0.00340773,-0.43210000,0.00581582,-0.01078936,-48.4489,14217.3322,OK,104.9470,2.9069,6.0000,94.0000,AG03-UNRESOLVED,ALL5_LEVELS_bet23_to_bet27,2.9069,2.9069,2.9069,2.9069,2.9069,6.000000,6.000000,6.000000,6.000000,6.000000,94.000000,94.000000,94.000000,94.000000,94.000000,5.0,14.5347,12.892,-71.0328,-69.3902,PENDING_AG03,FALSE,NOT_FOR_ENFORCEMENT,45.5419,12331.2734,-56.4981,-59.4051,-102.0401,-0.00397389,-0.00417836,2.9069,-59.4051,-0.00417836,2.9069,2.9069,2.9069,2.9069,2.9069,-59.4051,-0.00417836,14.5347,12.892,-71.0328,-69.3902,-0.00499621,-0.00488068,-0.00717716,48.0315,50.4553,0.1863,2.8499,0.3511,836.3137,15.2941,42.7787,48.1588,28.2851,40.8824,68.1083,85.1354,102.1624,136.2166,35.2485,-8.5444,2.498935,3.331914,1.174871,22,86,19,4,0.02106239,0.00340773,0.43210000,0.00800000,0.800000,0.922703,0.000000,-0.43791582,2026-03-22,2026-07-19,17,138,99,120,0.141667,0.888285,0.890638,0.070208,,,,,,,,GLOBAL_BASELINE_NO_ENTITY_RANKING,,,NOT_APPLICABLE_GLOBAL_BASELINE,HF9g-P5,,,,X 全窗基线 · 不参与实体赏罚,3924539,393,A168_HF9F_20260827_0900,2026-08-27 09:00:00
2026-03-22,42525088,1323,0,123.3697567853,-123.3697567853,-122.3827987311,0E-7,1,1,0.50665070000000000,0.506650700000,-1.013391052207602,-1.013391052207602,-1.013391052207602,0E-17,ELIGIBLE,R03b_20260811_FULL_v1,L1_ELIGIBILITY,v2026-08-11,2026-03-21..2026-08-06,baccarat_bet02_101_all_pairs_incl_sentinel,round_win = game_pnl > 0 (decisive only),COMPATIBILITY_ONLY_NOT_PRODUCTION,14217.3322,13118.3760,48.4489,296,260,-0.00340773,-0.43210000,0.00581582,-0.01078936,-48.4489,14217.3322,OK,104.9470,2.9069,6.0000,94.0000,AG03-UNRESOLVED,ALL5_LEVELS_bet23_to_bet27,2.9069,2.9069,2.9069,2.9069,2.9069,6.000000,6.000000,6.000000,6.000000,6.000000,94.000000,94.000000,94.000000,94.000000,94.000000,5.0,14.5347,12.892,-71.0328,-69.3902,PENDING_AG03,FALSE,NOT_FOR_ENFORCEMENT,45.5419,12331.2734,-56.4981,-59.4051,-102.0401,-0.00397389,-0.00417836,2.9069,-59.4051,-0.00417836,2.9069,2.9069,2.9069,2.9069,2.9069,-59.4051,-0.00417836,14.5347,12.892,-71.0328,-69.3902,-0.00499621,-0.00488068,-0.00717716,48.0315,50.4553,0.1863,2.8499,0.3511,836.3137,15.2941,42.7787,48.1588,28.2851,40.8824,68.1083,85.1354,102.1624,136.2166,35.2485,-8.5444,2.498935,3.331914,1.174871,22,86,19,4,0.02106239,0.00340773,0.43210000,0.00800000,0.800000,0.922703,0.000000,-0.43791582,2026-03-22,2026-07-19,17,138,99,120,0.141667,0.888285,0.890638,0.070208,,,,,,,,GLOBAL_BASELINE_NO_ENTITY_RANKING,,,NOT_APPLICABLE_GLOBAL_BASELINE,HF9g-P5,,,,X 全窗基线 · 不参与实体赏罚,3924540,393,A168_HF9F_20260827_0900,2026-08-27 09:00:00
2026-03-22,42525088,1506,0,105.7455058160,-35.2485019386,-34.4025378921,0.5000000,2,2,0.49994810000000000,0.499948100000,0.00014679536856514622,0.00014679536856514622,0.00014679536856514622,0E-17,ELIGIBLE,R03b_20260811_FULL_v1,L1_ELIGIBILITY,v2026-08-11,2026-03-21..2026-08-06,baccarat_bet02_101_all_pairs_incl_sentinel,round_win = game_pnl > 0 (decisive only),COMPATIBILITY_ONLY_NOT_PRODUCTION,14217.3322,13118.3760,48.4489,296,260,-0.00340773,-0.43210000,0.00581582,-0.01078936,-48.4489,14217.3322,OK,104.9470,2.9069,6.0000,94.0000,AG03-UNRESOLVED,ALL5_LEVELS_bet23_to_bet27,2.9069,2.9069,2.9069,2.9069,2.9069,6.000000,6.000000,6.000000,6.000000,6.000000,94.000000,94.000000,94.000000,94.000000,94.000000,5.0,14.5347,12.892,-71.0328,-69.3902,PENDING_AG03,FALSE,NOT_FOR_ENFORCEMENT,45.5419,12331.2734,-56.4981,-59.4051,-102.0401,-0.00397389,-0.00417836,2.9069,-59.4051,-0.00417836,2.9069,2.9069,2.9069,2.9069,2.9069,-59.4051,-0.00417836,14.5347,12.892,-71.0328,-69.3902,-0.00499621,-0.00488068,-0.00717716,48.0315,50.4553,0.1863,2.8499,0.3511,836.3137,15.2941,42.7787,48.1588,28.2851,40.8824,68.1083,85.1354,102.1624,136.2166,35.2485,-8.5444,2.498935,3.331914,1.174871,22,86,19,4,0.02106239,0.00340773,0.43210000,0.00800000,0.800000,0.922703,0.000000,-0.43791582,2026-03-22,2026-07-19,17,138,99,120,0.141667,0.888285,0.890638,0.070208,,,,,,,,GLOBAL_BASELINE_NO_ENTITY_RANKING,,,NOT_APPLICABLE_GLOBAL_BASELINE,HF9g-P5,,,,X 全窗基线 · 不参与实体赏罚,3924541,393,A168_HF9F_20260827_0900,2026-08-27 09:00:00
2026-03-22,42525088,1654,0,70.4970038773,-70.4970038773,-69.9330278463,0E-7,1,1,0.50665070000000000,0.506650700000,-1.013391052207602,-1.013391052207602,-1.013391052207602,0E-17,ELIGIBLE,R03b_20260811_FULL_v1,L1_ELIGIBILITY,v2026-08-11,2026-03-21..2026-08-06,baccarat_bet02_101_all_pairs_incl_sentinel,round_win = game_pnl > 0 (decisive only),COMPATIBILITY_ONLY_NOT_PRODUCTION,14217.3322,13118.3760,48.4489,296,260,-0.00340773,-0.43210000,0.00581582,-0.01078936,-48.4489,14217.3322,OK,104.9470,2.9069,6.0000,94.0000,AG03-UNRESOLVED,ALL5_LEVELS_bet23_to_bet27,2.9069,2.9069,2.9069,2.9069,2.9069,6.000000,6.000000,6.000000,6.000000,6.000000,94.000000,94.000000,94.000000,94.000000,94.000000,5.0,14.5347,12.892,-71.0328,-69.3902,PENDING_AG03,FALSE,NOT_FOR_ENFORCEMENT,45.5419,12331.2734,-56.4981,-59.4051,-102.0401,-0.00397389,-0.00417836,2.9069,-59.4051,-0.00417836,2.9069,2.9069,2.9069,2.9069,2.9069,-59.4051,-0.00417836,14.5347,12.892,-71.0328,-69.3902,-0.00499621,-0.00488068,-0.00717716,48.0315,50.4553,0.1863,2.8499,0.3511,836.3137,15.2941,42.7787,48.1588,28.2851,40.8824,68.1083,85.1354,102.1624,136.2166,35.2485,-8.5444,2.498935,3.331914,1.174871,22,86,19,4,0.02106239,0.00340773,0.43210000,0.00800000,0.800000,0.922703,0.000000,-0.43791582,2026-03-22,2026-07-19,17,138,99,120,0.141667,0.888285,0.890638,0.070208,,,,,,,,GLOBAL_BASELINE_NO_ENTITY_RANKING,,,NOT_APPLICABLE_GLOBAL_BASELINE,HF9g-P5,,,,X 全窗基线 · 不参与实体赏罚,3924542,393,A168_HF9F_20260827_0900,2026-08-27 09:00:00
2026-03-22,42525088,2066,0,274.9383151216,105.7455058160,107.9450123370,0.6666667,3,3,0.49771390000000000,0.497713900000,0.5852756695216578,0.5852756695216578,0.5852756695216578,0E-17,ELIGIBLE,R03b_20260811_FULL_v1,L1_ELIGIBILITY,v2026-08-11,2026-03-21..2026-08-06,baccarat_bet02_101_all_pairs_incl_sentinel,round_win = game_pnl > 0 (decisive only),COMPATIBILITY_ONLY_NOT_PRODUCTION,14217.3322,13118.3760,48.4489,296,260,-0.00340773,-0.43210000,0.00581582,-0.01078936,-48.4489,14217.3322,OK,104.9470,2.9069,6.0000,94.0000,AG03-UNRESOLVED,ALL5_LEVELS_bet23_to_bet27,2.9069,2.9069,2.9069,2.9069,2.9069,6.000000,6.000000,6.000000,6.000000,6.000000,94.000000,94.000000,94.000000,94.000000,94.000000,5.0,14.5347,12.892,-71.0328,-69.3902,PENDING_AG03,FALSE,NOT_FOR_ENFORCEMENT,45.5419,12331.2734,-56.4981,-59.4051,-102.0401,-0.00397389,-0.00417836,2.9069,-59.4051,-0.00417836,2.9069,2.9069,2.9069,2.9069,2.9069,-59.4051,-0.00417836,14.5347,12.892,-71.0328,-69.3902,-0.00499621,-0.00488068,-0.00717716,48.0315,50.4553,0.1863,2.8499,0.3511,836.3137,15.2941,42.7787,48.1588,28.2851,40.8824,68.1083,85.1354,102.1624,136.2166,35.2485,-8.5444,2.498935,3.331914,1.174871,22,86,19,4,0.02106239,0.00340773,0.43210000,0.00800000,0.800000,0.922703,0.000000,-0.43791582,2026-03-22,2026-07-19,17,138,99,120,0.141667,0.888285,0.890638,0.070208,,,,,,,,GLOBAL_BASELINE_NO_ENTITY_RANKING,,,NOT_APPLICABLE_GLOBAL_BASELINE,HF9g-P5,,,,X 全窗基线 · 不参与实体赏罚,3924543,393,A168_HF9F_20260827_0900,2026-08-27 09:00:00
2026-03-22,42525088,2088,0,105.7455058160,105.7455058160,106.5914698625,1.0000000,1,1,0.49324550000000000,0.493245500000,1.01360149184955,1.01360149184955,1.01360149184955,0E-17,ELIGIBLE,R03b_20260811_FULL_v1,L1_ELIGIBILITY,v2026-08-11,2026-03-21..2026-08-06,baccarat_bet02_101_all_pairs_incl_sentinel,round_win = game_pnl > 0 (decisive only),COMPATIBILITY_ONLY_NOT_PRODUCTION,14217.3322,13118.3760,48.4489,296,260,-0.00340773,-0.43210000,0.00581582,-0.01078936,-48.4489,14217.3322,OK,104.9470,2.9069,6.0000,94.0000,AG03-UNRESOLVED,ALL5_LEVELS_bet23_to_bet27,2.9069,2.9069,2.9069,2.9069,2.9069,6.000000,6.000000,6.000000,6.000000,6.000000,94.000000,94.000000,94.000000,94.000000,94.000000,5.0,14.5347,12.892,-71.0328,-69.3902,PENDING_AG03,FALSE,NOT_FOR_ENFORCEMENT,45.5419,12331.2734,-56.4981,-59.4051,-102.0401,-0.00397389,-0.00417836,2.9069,-59.4051,-0.00417836,2.9069,2.9069,2.9069,2.9069,2.9069,-59.4051,-0.00417836,14.5347,12.892,-71.0328,-69.3902,-0.00499621,-0.00488068,-0.00717716,48.0315,50.4553,0.1863,2.8499,0.3511,836.3137,15.2941,42.7787,48.1588,28.2851,40.8824,68.1083,85.1354,102.1624,136.2166,35.2485,-8.5444,2.498935,3.331914,1.174871,22,86,19,4,0.02106239,0.00340773,0.43210000,0.00800000,0.800000,0.922703,0.000000,-0.43791582,2026-03-22,2026-07-19,17,138,99,120,0.141667,0.888285,0.890638,0.070208,,,,,,,,GLOBAL_BASELINE_NO_ENTITY_RANKING,,,NOT_APPLICABLE_GLOBAL_BASELINE,HF9g-P5,,,,X 全窗基线 · 不参与实体赏罚,3924544,393,A168_HF9F_20260827_0900,2026-08-27 09:00:00
2026-03-22,42525088,2101,0,88.1212548467,17.6242509693,18.3292210081,0.6666667,3,3,0.49324550000000000,0.493245500000,0.6008033672792107,0.6008033672792106,0.6008033672792107,0E-17,ELIGIBLE,R03b_20260811_FULL_v1,L1_ELIGIBILITY,v2026-08-11,2026-03-21..2026-08-06,baccarat_bet02_101_all_pairs_incl_sentinel,round_win = game_pnl > 0 (decisive only),COMPATIBILITY_ONLY_NOT_PRODUCTION,14217.3322,13118.3760,48.4489,296,260,-0.00340773,-0.43210000,0.00581582,-0.01078936,-48.4489,14217.3322,OK,104.9470,2.9069,6.0000,94.0000,AG03-UNRESOLVED,ALL5_LEVELS_bet23_to_bet27,2.9069,2.9069,2.9069,2.9069,2.9069,6.000000,6.000000,6.000000,6.000000,6.000000,94.000000,94.000000,94.000000,94.000000,94.000000,5.0,14.5347,12.892,-71.0328,-69.3902,PENDING_AG03,FALSE,NOT_FOR_ENFORCEMENT,45.5419,12331.2734,-56.4981,-59.4051,-102.0401,-0.00397389,-0.00417836,2.9069,-59.4051,-0.00417836,2.9069,2.9069,2.9069,2.9069,2.9069,-59.4051,-0.00417836,14.5347,12.892,-71.0328,-69.3902,-0.00499621,-0.00488068,-0.00717716,48.0315,50.4553,0.1863,2.8499,0.3511,836.3137,15.2941,42.7787,48.1588,28.2851,40.8824,68.1083,85.1354,102.1624,136.2166,35.2485,-8.5444,2.498935,3.331914,1.174871,22,86,19,4,0.02106239,0.00340773,0.43210000,0.00800000,0.800000,0.922703,0.000000,-0.43791582,2026-03-22,2026-07-19,17,138,99,120,0.141667,0.888285,0.890638,0.070208,,,,,,,,GLOBAL_BASELINE_NO_ENTITY_RANKING,,,NOT_APPLICABLE_GLOBAL_BASELINE,HF9g-P5,,,,X 全窗基线 · 不参与实体赏罚,3924545,393,A168_HF9F_20260827_0900,2026-08-27 09:00:00
2026-03-22,42525088,2142,0,72.2594289743,-72.2594289743,-71.6813535425,0E-7,1,1,0.50665070000000000,0.506650700000,-1.013391052207602,-1.013391052207602,-1.013391052207602,0E-17,ELIGIBLE,R03b_20260811_FULL_v1,L1_ELIGIBILITY,v2026-08-11,2026-03-21..2026-08-06,baccarat_bet02_101_all_pairs_incl_sentinel,round_win = game_pnl > 0 (decisive only),COMPATIBILITY_ONLY_NOT_PRODUCTION,14217.3322,13118.3760,48.4489,296,260,-0.00340773,-0.43210000,0.00581582,-0.01078936,-48.4489,14217.3322,OK,104.9470,2.9069,6.0000,94.0000,AG03-UNRESOLVED,ALL5_LEVELS_bet23_to_bet27,2.9069,2.9069,2.9069,2.9069,2.9069,6.000000,6.000000,6.000000,6.000000,6.000000,94.000000,94.000000,94.000000,94.000000,94.000000,5.0,14.5347,12.892,-71.0328,-69.3902,PENDING_AG03,FALSE,NOT_FOR_ENFORCEMENT,45.5419,12331.2734,-56.4981,-59.4051,-102.0401,-0.00397389,-0.00417836,2.9069,-59.4051,-0.00417836,2.9069,2.9069,2.9069,2.9069,2.9069,-59.4051,-0.00417836,14.5347,12.892,-71.0328,-69.3902,-0.00499621,-0.00488068,-0.00717716,48.0315,50.4553,0.1863,2.8499,0.3511,836.3137,15.2941,42.7787,48.1588,28.2851,40.8824,68.1083,85.1354,102.1624,136.2166,35.2485,-8.5444,2.498935,3.331914,1.174871,22,86,19,4,0.02106239,0.00340773,0.43210000,0.00800000,0.800000,0.922703,0.000000,-0.43791582,2026-03-22,2026-07-19,17,138,99,120,0.141667,0.888285,0.890638,0.070208,,,,,,,,GLOBAL_BASELINE_NO_ENTITY_RANKING,,,NOT_APPLICABLE_GLOBAL_BASELINE,HF9g-P5,,,,X 全窗基线 · 不参与实体赏罚,3924546,393,A168_HF9F_20260827_0900,2026-08-27 09:00:00
2026-03-22,42525088,2201,0,35.2485019387,35.2485019387,35.5304899542,1.0000000,1,1,0.49324550000000000,0.493245500000,1.01360149184955,1.01360149184955,1.01360149184955,0E-17,ELIGIBLE,R03b_20260811_FULL_v1,L1_ELIGIBILITY,v2026-08-11,2026-03-21..2026-08-06,baccarat_bet02_101_all_pairs_incl_sentinel,round_win = game_pnl > 0 (decisive only),COMPATIBILITY_ONLY_NOT_PRODUCTION,14217.3322,13118.3760,48.4489,296,260,-0.00340773,-0.43210000,0.00581582,-0.01078936,-48.4489,14217.3322,OK,104.9470,2.9069,6.0000,94.0000,AG03-UNRESOLVED,ALL5_LEVELS_bet23_to_bet27,2.9069,2.9069,2.9069,2.9069,2.9069,6.000000,6.000000,6.000000,6.000000,6.000000,94.000000,94.000000,94.000000,94.000000,94.000000,5.0,14.5347,12.892,-71.0328,-69.3902,PENDING_AG03,FALSE,NOT_FOR_ENFORCEMENT,45.5419,12331.2734,-56.4981,-59.4051,-102.0401,-0.00397389,-0.00417836,2.9069,-59.4051,-0.00417836,2.9069,2.9069,2.9069,2.9069,2.9069,-59.4051,-0.00417836,14.5347,12.892,-71.0328,-69.3902,-0.00499621,-0.00488068,-0.00717716,48.0315,50.4553,0.1863,2.8499,0.3511,836.3137,15.2941,42.7787,48.1588,28.2851,40.8824,68.1083,85.1354,102.1624,136.2166,35.2485,-8.5444,2.498935,3.331914,1.174871,22,86,19,4,0.02106239,0.00340773,0.43210000,0.00800000,0.800000,0.922703,0.000000,-0.43791582,2026-03-22,2026-07-19,17,138,99,120,0.141667,0.888285,0.890638,0.070208,,,,,,,,GLOBAL_BASELINE_NO_ENTITY_RANKING,,,NOT_APPLICABLE_GLOBAL_BASELINE,HF9g-P5,,,,X 全窗基线 · 不参与实体赏罚,3924547,393,A168_HF9F_20260827_0900,2026-08-27 09:00:00
2026-03-22,42525088,2216,0,140.9940077547,88.1212548467,88.8262248854,1.0000000,2,2,0.49324550000000000,0.493245500000,1.01360149184955,1.01360149184955,1.01360149184955,0E-17,ELIGIBLE,R03b_20260811_FULL_v1,L1_ELIGIBILITY,v2026-08-11,2026-03-21..2026-08-06,baccarat_bet02_101_all_pairs_incl_sentinel,round_win = game_pnl > 0 (decisive only),COMPATIBILITY_ONLY_NOT_PRODUCTION,14217.3322,13118.3760,48.4489,296,260,-0.00340773,-0.43210000,0.00581582,-0.01078936,-48.4489,14217.3322,OK,104.9470,2.9069,6.0000,94.0000,AG03-UNRESOLVED,ALL5_LEVELS_bet23_to_bet27,2.9069,2.9069,2.9069,2.9069,2.9069,6.000000,6.000000,6.000000,6.000000,6.000000,94.000000,94.000000,94.000000,94.000000,94.000000,5.0,14.5347,12.892,-71.0328,-69.3902,PENDING_AG03,FALSE,NOT_FOR_ENFORCEMENT,45.5419,12331.2734,-56.4981,-59.4051,-102.0401,-0.00397389,-0.00417836,2.9069,-59.4051,-0.00417836,2.9069,2.9069,2.9069,2.9069,2.9069,-59.4051,-0.00417836,14.5347,12.892,-71.0328,-69.3902,-0.00499621,-0.00488068,-0.00717716,48.0315,50.4553,0.1863,2.8499,0.3511,836.3137,15.2941,42.7787,48.1588,28.2851,40.8824,68.1083,85.1354,102.1624,136.2166,35.2485,-8.5444,2.498935,3.331914,1.174871,22,86,19,4,0.02106239,0.00340773,0.43210000,0.00800000,0.800000,0.922703,0.000000,-0.43791582,2026-03-22,2026-07-19,17,138,99,120,0.141667,0.888285,0.890638,0.070208,,,,,,,,GLOBAL_BASELINE_NO_ENTITY_RANKING,,,NOT_APPLICABLE_GLOBAL_BASELINE,HF9g-P5,,,,X 全窗基线 · 不参与实体赏罚,3924548,393,A168_HF9F_20260827_0900,2026-08-27 09:00:00
2026-03-22,42525088,2223,0,229.1152626013,-52.8727529080,-51.6038068382,0.3333333,4,4,0.49324550000000000,0.493245500000,-0.5540025479526107,-0.5540025479526106,-0.5540025479526107,0E-17,ELIGIBLE,R03b_20260811_FULL_v1,L1_ELIGIBILITY,v2026-08-11,2026-03-21..2026-08-06,baccarat_bet02_101_all_pairs_incl_sentinel,round_win = game_pnl > 0 (decisive only),COMPATIBILITY_ONLY_NOT_PRODUCTION,14217.3322,13118.3760,48.4489,296,260,-0.00340773,-0.43210000,0.00581582,-0.01078936,-48.4489,14217.3322,OK,104.9470,2.9069,6.0000,94.0000,AG03-UNRESOLVED,ALL5_LEVELS_bet23_to_bet27,2.9069,2.9069,2.9069,2.9069,2.9069,6.000000,6.000000,6.000000,6.000000,6.000000,94.000000,94.000000,94.000000,94.000000,94.000000,5.0,14.5347,12.892,-71.0328,-69.3902,PENDING_AG03,FALSE,NOT_FOR_ENFORCEMENT,45.5419,12331.2734,-56.4981,-59.4051,-102.0401,-0.00397389,-0.00417836,2.9069,-59.4051,-0.00417836,2.9069,2.9069,2.9069,2.9069,2.9069,-59.4051,-0.00417836,14.5347,12.892,-71.0328,-69.3902,-0.00499621,-0.00488068,-0.00717716,48.0315,50.4553,0.1863,2.8499,0.3511,836.3137,15.2941,42.7787,48.1588,28.2851,40.8824,68.1083,85.1354,102.1624,136.2166,35.2485,-8.5444,2.498935,3.331914,1.174871,22,86,19,4,0.02106239,0.00340773,0.43210000,0.00800000,0.800000,0.922703,0.000000,-0.43791582,2026-03-22,2026-07-19,17,138,99,120,0.141667,0.888285,0.890638,0.070208,,,,,,,,GLOBAL_BASELINE_NO_ENTITY_RANKING,,,NOT_APPLICABLE_GLOBAL_BASELINE,HF9g-P5,,,,X 全窗基线 · 不参与实体赏罚,3924549,393,A168_HF9F_20260827_0900,2026-08-27 09:00:00
2026-03-22,42525088,986,0,119.8449065914,-119.8449065914,-118.8861473387,0E-7,2,2,0.49994810000000000,0.499948100000,-1.4140667746232096,-1.4140667746232096,-1.4140667746232096,0E-17,ELIGIBLE,R03b_20260811_FULL_v1,L1_ELIGIBILITY,v2026-08-11,2026-03-21..2026-08-06,baccarat_bet02_101_all_pairs_incl_sentinel,round_win = game_pnl > 0 (decisive only),COMPATIBILITY_ONLY_NOT_PRODUCTION,14217.3322,13118.3760,48.4489,296,260,-0.00340773,-0.43210000,0.00581582,-0.01078936,-48.4489,14217.3322,OK,104.9470,2.9069,6.0000,94.0000,AG03-UNRESOLVED,ALL5_LEVELS_bet23_to_bet27,2.9069,2.9069,2.9069,2.9069,2.9069,6.000000,6.000000,6.000000,6.000000,6.000000,94.000000,94.000000,94.000000,94.000000,94.000000,5.0,14.5347,12.892,-71.0328,-69.3902,PENDING_AG03,FALSE,NOT_FOR_ENFORCEMENT,45.5419,12331.2734,-56.4981,-59.4051,-102.0401,-0.00397389,-0.00417836,2.9069,-59.4051,-0.00417836,2.9069,2.9069,2.9069,2.9069,2.9069,-59.4051,-0.00417836,14.5347,12.892,-71.0328,-69.3902,-0.00499621,-0.00488068,-0.00717716,48.0315,50.4553,0.1863,2.8499,0.3511,836.3137,15.2941,42.7787,48.1588,28.2851,40.8824,68.1083,85.1354,102.1624,136.2166,35.2485,-8.5444,2.498935,3.331914,1.174871,22,86,19,4,0.02106239,0.00340773,0.43210000,0.00800000,0.800000,0.922703,0.000000,-0.43791582,2026-03-22,2026-07-19,17,138,99,120,0.141667,0.888285,0.890638,0.070208,,,,,,,,GLOBAL_BASELINE_NO_ENTITY_RANKING,,,NOT_APPLICABLE_GLOBAL_BASELINE,HF9g-P5,,,,X 全窗基线 · 不参与实体赏罚,3924550,393,A168_HF9F_20260827_0900,2026-08-27 09:00:00
2026-04-07,42525088,1509,0,51.0812191384,-51.0812191384,-50.6725693853,0E-7,1,1,0.49324550000000000,0.493245500000,-0.9865810262130424,-0.9865810262130424,-0.9865810262130424,0E-17,ELIGIBLE,R03b_20260811_FULL_v1,L1_ELIGIBILITY,v2026-08-11,2026-03-21..2026-08-06,baccarat_bet02_101_all_pairs_incl_sentinel,round_win = game_pnl > 0 (decisive only),COMPATIBILITY_ONLY_NOT_PRODUCTION,14217.3322,13118.3760,48.4489,296,260,-0.00340773,-0.43210000,0.00581582,-0.01078936,-48.4489,14217.3322,OK,104.9470,2.9069,6.0000,94.0000,AG03-UNRESOLVED,ALL5_LEVELS_bet23_to_bet27,2.9069,2.9069,2.9069,2.9069,2.9069,6.000000,6.000000,6.000000,6.000000,6.000000,94.000000,94.000000,94.000000,94.000000,94.000000,5.0,14.5347,12.892,-71.0328,-69.3902,PENDING_AG03,FALSE,NOT_FOR_ENFORCEMENT,45.5419,12331.2734,-56.4981,-59.4051,-102.0401,-0.00397389,-0.00417836,2.9069,-59.4051,-0.00417836,2.9069,2.9069,2.9069,2.9069,2.9069,-59.4051,-0.00417836,14.5347,12.892,-71.0328,-69.3902,-0.00499621,-0.00488068,-0.00717716,48.0315,50.4553,0.1863,2.8499,0.3511,836.3137,15.2941,42.7787,48.1588,28.2851,40.8824,68.1083,85.1354,102.1624,136.2166,35.2485,-8.5444,2.498935,3.331914,1.174871,22,86,19,4,0.02106239,0.00340773,0.43210000,0.00800000,0.800000,0.922703,0.000000,-0.43791582,2026-03-22,2026-07-19,17,138,99,120,0.141667,0.888285,0.890638,0.070208,,,,,,,,GLOBAL_BASELINE_NO_ENTITY_RANKING,,,NOT_APPLICABLE_GLOBAL_BASELINE,HF9g-P5,,,,X 全窗基线 · 不参与实体赏罚,3924551,393,A168_HF9F_20260827_0900,2026-08-27 09:00:00
2026-04-12,42525088,2129,0,136.2165843692,0E-10,1.0897326750,0.5000000,2,2,0.49324550000000000,0.493245500000,0.01910635448239258,0.01910635448239258,0.01910635448239258,0E-17,ELIGIBLE,R03b_20260811_FULL_v1,L1_ELIGIBILITY,v2026-08-11,2026-03-21..2026-08-06,baccarat_bet02_101_all_pairs_incl_sentinel,round_win = game_pnl > 0 (decisive only),COMPATIBILITY_ONLY_NOT_PRODUCTION,14217.3322,13118.3760,48.4489,296,260,-0.00340773,-0.43210000,0.00581582,-0.01078936,-48.4489,14217.3322,OK,104.9470,2.9069,6.0000,94.0000,AG03-UNRESOLVED,ALL5_LEVELS_bet23_to_bet27,2.9069,2.9069,2.9069,2.9069,2.9069,6.000000,6.000000,6.000000,6.000000,6.000000,94.000000,94.000000,94.000000,94.000000,94.000000,5.0,14.5347,12.892,-71.0328,-69.3902,PENDING_AG03,FALSE,NOT_FOR_ENFORCEMENT,45.5419,12331.2734,-56.4981,-59.4051,-102.0401,-0.00397389,-0.00417836,2.9069,-59.4051,-0.00417836,2.9069,2.9069,2.9069,2.9069,2.9069,-59.4051,-0.00417836,14.5347,12.892,-71.0328,-69.3902,-0.00499621,-0.00488068,-0.00717716,48.0315,50.4553,0.1863,2.8499,0.3511,836.3137,15.2941,42.7787,48.1588,28.2851,40.8824,68.1083,85.1354,102.1624,136.2166,35.2485,-8.5444,2.498935,3.331914,1.174871,22,86,19,4,0.02106239,0.00340773,0.43210000,0.00800000,0.800000,0.922703,0.000000,-0.43791582,2026-03-22,2026-07-19,17,138,99,120,0.141667,0.888285,0.890638,0.070208,,,,,,,,GLOBAL_BASELINE_NO_ENTITY_RANKING,,,NOT_APPLICABLE_GLOBAL_BASELINE,HF9g-P5,,,,X 全窗基线 · 不参与实体赏罚,3924552,393,A168_HF9F_20260827_0900,2026-08-27 09:00:00
2026-04-12,42525088,471,0,34.0541460923,-34.0541460923,-33.7817129235,0E-7,1,1,0.49324550000000000,0.493245500000,-0.9865810262130424,-0.9865810262130424,-0.9865810262130424,0E-17,ELIGIBLE,R03b_20260811_FULL_v1,L1_ELIGIBILITY,v2026-08-11,2026-03-21..2026-08-06,baccarat_bet02_101_all_pairs_incl_sentinel,round_win = game_pnl > 0 (decisive only),COMPATIBILITY_ONLY_NOT_PRODUCTION,14217.3322,13118.3760,48.4489,296,260,-0.00340773,-0.43210000,0.00581582,-0.01078936,-48.4489,14217.3322,OK,104.9470,2.9069,6.0000,94.0000,AG03-UNRESOLVED,ALL5_LEVELS_bet23_to_bet27,2.9069,2.9069,2.9069,2.9069,2.9069,6.000000,6.000000,6.000000,6.000000,6.000000,94.000000,94.000000,94.000000,94.000000,94.000000,5.0,14.5347,12.892,-71.0328,-69.3902,PENDING_AG03,FALSE,NOT_FOR_ENFORCEMENT,45.5419,12331.2734,-56.4981,-59.4051,-102.0401,-0.00397389,-0.00417836,2.9069,-59.4051,-0.00417836,2.9069,2.9069,2.9069,2.9069,2.9069,-59.4051,-0.00417836,14.5347,12.892,-71.0328,-69.3902,-0.00499621,-0.00488068,-0.00717716,48.0315,50.4553,0.1863,2.8499,0.3511,836.3137,15.2941,42.7787,48.1588,28.2851,40.8824,68.1083,85.1354,102.1624,136.2166,35.2485,-8.5444,2.498935,3.331914,1.174871,22,86,19,4,0.02106239,0.00340773,0.43210000,0.00800000,0.800000,0.922703,0.000000,-0.43791582,2026-03-22,2026-07-19,17,138,99,120,0.141667,0.888285,0.890638,0.070208,,,,,,,,GLOBAL_BASELINE_NO_ENTITY_RANKING,,,NOT_APPLICABLE_GLOBAL_BASELINE,HF9g-P5,,,,X 全窗基线 · 不参与实体赏罚,3924553,393,A168_HF9F_20260827_0900,2026-08-27 09:00:00
2026-04-17,42525088,2222,0,54.4866337477,-54.4866337477,-54.0507406777,0E-7,1,1,0.50665070000000000,0.506650700000,-1.013391052207602,-1.013391052207602,-1.013391052207602,0E-17,ELIGIBLE,R03b_20260811_FULL_v1,L1_ELIGIBILITY,v2026-08-11,2026-03-21..2026-08-06,baccarat_bet02_101_all_pairs_incl_sentinel,round_win = game_pnl > 0 (decisive only),COMPATIBILITY_ONLY_NOT_PRODUCTION,14217.3322,13118.3760,48.4489,296,260,-0.00340773,-0.43210000,0.00581582,-0.01078936,-48.4489,14217.3322,OK,104.9470,2.9069,6.0000,94.0000,AG03-UNRESOLVED,ALL5_LEVELS_bet23_to_bet27,2.9069,2.9069,2.9069,2.9069,2.9069,6.000000,6.000000,6.000000,6.000000,6.000000,94.000000,94.000000,94.000000,94.000000,94.000000,5.0,14.5347,12.892,-71.0328,-69.3902,PENDING_AG03,FALSE,NOT_FOR_ENFORCEMENT,45.5419,12331.2734,-56.4981,-59.4051,-102.0401,-0.00397389,-0.00417836,2.9069,-59.4051,-0.00417836,2.9069,2.9069,2.9069,2.9069,2.9069,-59.4051,-0.00417836,14.5347,12.892,-71.0328,-69.3902,-0.00499621,-0.00488068,-0.00717716,48.0315,50.4553,0.1863,2.8499,0.3511,836.3137,15.2941,42.7787,48.1588,28.2851,40.8824,68.1083,85.1354,102.1624,136.2166,35.2485,-8.5444,2.498935,3.331914,1.174871,22,86,19,4,0.02106239,0.00340773,0.43210000,0.00800000,0.800000,0.922703,0.000000,-0.43791582,2026-03-22,2026-07-19,17,138,99,120,0.141667,0.888285,0.890638,0.070208,,,,,,,,GLOBAL_BASELINE_NO_ENTITY_RANKING,,,NOT_APPLICABLE_GLOBAL_BASELINE,HF9g-P5,,,,X 全窗基线 · 不参与实体赏罚,3924554,393,A168_HF9F_20260827_0900,2026-08-27 09:00:00
2026-04-18,42525088,1157,0,52.7839264430,-52.7839264430,-52.3616550315,0E-7,1,1,0.49324550000000000,0.493245500000,-0.9865810262130424,-0.9865810262130424,-0.9865810262130424,0E-17,ELIGIBLE,R03b_20260811_FULL_v1,L1_ELIGIBILITY,v2026-08-11,2026-03-21..2026-08-06,baccarat_bet02_101_all_pairs_incl_sentinel,round_win = game_pnl > 0 (decisive only),COMPATIBILITY_ONLY_NOT_PRODUCTION,14217.3322,13118.3760,48.4489,296,260,-0.00340773,-0.43210000,0.00581582,-0.01078936,-48.4489,14217.3322,OK,104.9470,2.9069,6.0000,94.0000,AG03-UNRESOLVED,ALL5_LEVELS_bet23_to_bet27,2.9069,2.9069,2.9069,2.9069,2.9069,6.000000,6.000000,6.000000,6.000000,6.000000,94.000000,94.000000,94.000000,94.000000,94.000000,5.0,14.5347,12.892,-71.0328,-69.3902,PENDING_AG03,FALSE,NOT_FOR_ENFORCEMENT,45.5419,12331.2734,-56.4981,-59.4051,-102.0401,-0.00397389,-0.00417836,2.9069,-59.4051,-0.00417836,2.9069,2.9069,2.9069,2.9069,2.9069,-59.4051,-0.00417836,14.5347,12.892,-71.0328,-69.3902,-0.00499621,-0.00488068,-0.00717716,48.0315,50.4553,0.1863,2.8499,0.3511,836.3137,15.2941,42.7787,48.1588,28.2851,40.8824,68.1083,85.1354,102.1624,136.2166,35.2485,-8.5444,2.498935,3.331914,1.174871,22,86,19,4,0.02106239,0.00340773,0.43210000,0.00800000,0.800000,0.922703,0.000000,-0.43791582,2026-03-22,2026-07-19,17,138,99,120,0.141667,0.888285,0.890638,0.070208,,,,,,,,GLOBAL_BASELINE_NO_ENTITY_RANKING,,,NOT_APPLICABLE_GLOBAL_BASELINE,HF9g-P5,,,,X 全窗基线 · 不参与实体赏罚,3924555,393,A168_HF9F_20260827_0900,2026-08-27 09:00:00
2026-04-18,42525088,1400,0,80.0272433168,-3.6608207049,-3.0206027584,0.5000000,2,2,0.50665070000000000,0.506650700000,-0.018812684590367487,-0.018812684590367487,-0.018812684590367487,0E-17,ELIGIBLE,R03b_20260811_FULL_v1,L1_ELIGIBILITY,v2026-08-11,2026-03-21..2026-08-06,baccarat_bet02_101_all_pairs_incl_sentinel,round_win = game_pnl > 0 (decisive only),COMPATIBILITY_ONLY_NOT_PRODUCTION,14217.3322,13118.3760,48.4489,296,260,-0.00340773,-0.43210000,0.00581582,-0.01078936,-48.4489,14217.3322,OK,104.9470,2.9069,6.0000,94.0000,AG03-UNRESOLVED,ALL5_LEVELS_bet23_to_bet27,2.9069,2.9069,2.9069,2.9069,2.9069,6.000000,6.000000,6.000000,6.000000,6.000000,94.000000,94.000000,94.000000,94.000000,94.000000,5.0,14.5347,12.892,-71.0328,-69.3902,PENDING_AG03,FALSE,NOT_FOR_ENFORCEMENT,45.5419,12331.2734,-56.4981,-59.4051,-102.0401,-0.00397389,-0.00417836,2.9069,-59.4051,-0.00417836,2.9069,2.9069,2.9069,2.9069,2.9069,-59.4051,-0.00417836,14.5347,12.892,-71.0328,-69.3902,-0.00499621,-0.00488068,-0.00717716,48.0315,50.4553,0.1863,2.8499,0.3511,836.3137,15.2941,42.7787,48.1588,28.2851,40.8824,68.1083,85.1354,102.1624,136.2166,35.2485,-8.5444,2.498935,3.331914,1.174871,22,86,19,4,0.02106239,0.00340773,0.43210000,0.00800000,0.800000,0.922703,0.000000,-0.43791582,2026-03-22,2026-07-19,17,138,99,120,0.141667,0.888285,0.890638,0.070208,,,,,,,,GLOBAL_BASELINE_NO_ENTITY_RANKING,,,NOT_APPLICABLE_GLOBAL_BASELINE,HF9g-P5,,,,X 全窗基线 · 不参与实体赏罚,3924556,393,A168_HF9F_20260827_0900,2026-08-27 09:00:00
2026-04-18,42525088,2171,0,119.1895113230,-51.0812191384,-50.1277030478,0.3333333,3,3,0.50218230000000000,0.502182300000,-0.5849155494134425,-0.5849155494134426,-0.5849155494134425,0E-17,ELIGIBLE,R03b_20260811_FULL_v1,L1_ELIGIBILITY,v2026-08-11,2026-03-21..2026-08-06,baccarat_bet02_101_all_pairs_incl_sentinel,round_win = game_pnl > 0 (decisive only),COMPATIBILITY_ONLY_NOT_PRODUCTION,14217.3322,13118.3760,48.4489,296,260,-0.00340773,-0.43210000,0.00581582,-0.01078936,-48.4489,14217.3322,OK,104.9470,2.9069,6.0000,94.0000,AG03-UNRESOLVED,ALL5_LEVELS_bet23_to_bet27,2.9069,2.9069,2.9069,2.9069,2.9069,6.000000,6.000000,6.000000,6.000000,6.000000,94.000000,94.000000,94.000000,94.000000,94.000000,5.0,14.5347,12.892,-71.0328,-69.3902,PENDING_AG03,FALSE,NOT_FOR_ENFORCEMENT,45.5419,12331.2734,-56.4981,-59.4051,-102.0401,-0.00397389,-0.00417836,2.9069,-59.4051,-0.00417836,2.9069,2.9069,2.9069,2.9069,2.9069,-59.4051,-0.00417836,14.5347,12.892,-71.0328,-69.3902,-0.00499621,-0.00488068,-0.00717716,48.0315,50.4553,0.1863,2.8499,0.3511,836.3137,15.2941,42.7787,48.1588,28.2851,40.8824,68.1083,85.1354,102.1624,136.2166,35.2485,-8.5444,2.498935,3.331914,1.174871,22,86,19,4,0.02106239,0.00340773,0.43210000,0.00800000,0.800000,0.922703,0.000000,-0.43791582,2026-03-22,2026-07-19,17,138,99,120,0.141667,0.888285,0.890638,0.070208,,,,,,,,GLOBAL_BASELINE_NO_ENTITY_RANKING,,,NOT_APPLICABLE_GLOBAL_BASELINE,HF9g-P5,,,,X 全窗基线 · 不参与实体赏罚,3924557,393,A168_HF9F_20260827_0900,2026-08-27 09:00:00
2026-04-18,42525088,2252,0,59.5947556615,-59.5947556615,-59.1179976162,0E-7,1,1,0.49324550000000000,0.493245500000,-0.9865810262130424,-0.9865810262130424,-0.9865810262130424,0E-17,ELIGIBLE,R03b_20260811_FULL_v1,L1_ELIGIBILITY,v2026-08-11,2026-03-21..2026-08-06,baccarat_bet02_101_all_pairs_incl_sentinel,round_win = game_pnl > 0 (decisive only),COMPATIBILITY_ONLY_NOT_PRODUCTION,14217.3322,13118.3760,48.4489,296,260,-0.00340773,-0.43210000,0.00581582,-0.01078936,-48.4489,14217.3322,OK,104.9470,2.9069,6.0000,94.0000,AG03-UNRESOLVED,ALL5_LEVELS_bet23_to_bet27,2.9069,2.9069,2.9069,2.9069,2.9069,6.000000,6.000000,6.000000,6.000000,6.000000,94.000000,94.000000,94.000000,94.000000,94.000000,5.0,14.5347,12.892,-71.0328,-69.3902,PENDING_AG03,FALSE,NOT_FOR_ENFORCEMENT,45.5419,12331.2734,-56.4981,-59.4051,-102.0401,-0.00397389,-0.00417836,2.9069,-59.4051,-0.00417836,2.9069,2.9069,2.9069,2.9069,2.9069,-59.4051,-0.00417836,14.5347,12.892,-71.0328,-69.3902,-0.00499621,-0.00488068,-0.00717716,48.0315,50.4553,0.1863,2.8499,0.3511,836.3137,15.2941,42.7787,48.1588,28.2851,40.8824,68.1083,85.1354,102.1624,136.2166,35.2485,-8.5444,2.498935,3.331914,1.174871,22,86,19,4,0.02106239,0.00340773,0.43210000,0.00800000,0.800000,0.922703,0.000000,-0.43791582,2026-03-22,2026-07-19,17,138,99,120,0.141667,0.888285,0.890638,0.070208,,,,,,,,GLOBAL_BASELINE_NO_ENTITY_RANKING,,,NOT_APPLICABLE_GLOBAL_BASELINE,HF9g-P5,,,,X 全窗基线 · 不参与实体赏罚,3924558,393,A168_HF9F_20260827_0900,2026-08-27 09:00:00
2026-04-18,42525088,994,0,119.1895113230,119.1895113230,120.1430274136,1.0000000,2,2,0.49324550000000000,0.493245500000,1.4334489766152358,1.4334489766152358,1.4334489766152358,0E-17,ELIGIBLE,R03b_20260811_FULL_v1,L1_ELIGIBILITY,v2026-08-11,2026-03-21..2026-08-06,baccarat_bet02_101_all_pairs_incl_sentinel,round_win = game_pnl > 0 (decisive only),COMPATIBILITY_ONLY_NOT_PRODUCTION,14217.3322,13118.3760,48.4489,296,260,-0.00340773,-0.43210000,0.00581582,-0.01078936,-48.4489,14217.3322,OK,104.9470,2.9069,6.0000,94.0000,AG03-UNRESOLVED,ALL5_LEVELS_bet23_to_bet27,2.9069,2.9069,2.9069,2.9069,2.9069,6.000000,6.000000,6.000000,6.000000,6.000000,94.000000,94.000000,94.000000,94.000000,94.000000,5.0,14.5347,12.892,-71.0328,-69.3902,PENDING_AG03,FALSE,NOT_FOR_ENFORCEMENT,45.5419,12331.2734,-56.4981,-59.4051,-102.0401,-0.00397389,-0.00417836,2.9069,-59.4051,-0.00417836,2.9069,2.9069,2.9069,2.9069,2.9069,-59.4051,-0.00417836,14.5347,12.892,-71.0328,-69.3902,-0.00499621,-0.00488068,-0.00717716,48.0315,50.4553,0.1863,2.8499,0.3511,836.3137,15.2941,42.7787,48.1588,28.2851,40.8824,68.1083,85.1354,102.1624,136.2166,35.2485,-8.5444,2.498935,3.331914,1.174871,22,86,19,4,0.02106239,0.00340773,0.43210000,0.00800000,0.800000,0.922703,0.000000,-0.43791582,2026-03-22,2026-07-19,17,138,99,120,0.141667,0.888285,0.890638,0.070208,,,,,,,,GLOBAL_BASELINE_NO_ENTITY_RANKING,,,NOT_APPLICABLE_GLOBAL_BASELINE,HF9g-P5,,,,X 全窗基线 · 不参与实体赏罚,3924559,393,A168_HF9F_20260827_0900,2026-08-27 09:00:00
2026-04-22,42525088,1400,0,289.4602417843,82.4110335434,84.7267154775,0.7500000,6,4,0.47065467083340380,0.434658641667,1.1193107648637421,1.272276165878549,1.1193107648637421,0.03599602916640380,ELIGIBLE,R03b_20260811_FULL_v1,L1_ELIGIBILITY,v2026-08-11,2026-03-21..2026-08-06,baccarat_bet02_101_all_pairs_incl_sentinel,round_win = game_pnl > 0 (decisive only),COMPATIBILITY_ONLY_NOT_PRODUCTION,14217.3322,13118.3760,48.4489,296,260,-0.00340773,-0.43210000,0.00581582,-0.01078936,-48.4489,14217.3322,OK,104.9470,2.9069,6.0000,94.0000,AG03-UNRESOLVED,ALL5_LEVELS_bet23_to_bet27,2.9069,2.9069,2.9069,2.9069,2.9069,6.000000,6.000000,6.000000,6.000000,6.000000,94.000000,94.000000,94.000000,94.000000,94.000000,5.0,14.5347,12.892,-71.0328,-69.3902,PENDING_AG03,FALSE,NOT_FOR_ENFORCEMENT,45.5419,12331.2734,-56.4981,-59.4051,-102.0401,-0.00397389,-0.00417836,2.9069,-59.4051,-0.00417836,2.9069,2.9069,2.9069,2.9069,2.9069,-59.4051,-0.00417836,14.5347,12.892,-71.0328,-69.3902,-0.00499621,-0.00488068,-0.00717716,48.0315,50.4553,0.1863,2.8499,0.3511,836.3137,15.2941,42.7787,48.1588,28.2851,40.8824,68.1083,85.1354,102.1624,136.2166,35.2485,-8.5444,2.498935,3.331914,1.174871,22,86,19,4,0.02106239,0.00340773,0.43210000,0.00800000,0.800000,0.922703,0.000000,-0.43791582,2026-03-22,2026-07-19,17,138,99,120,0.141667,0.888285,0.890638,0.070208,,,,,,,,GLOBAL_BASELINE_NO_ENTITY_RANKING,,,NOT_APPLICABLE_GLOBAL_BASELINE,HF9g-P5,,,,X 全窗基线 · 不参与实体赏罚,3924560,393,A168_HF9F_20260827_0900,2026-08-27 09:00:00
2026-04-22,42525088,2147,0,68.1082921846,-68.1082921846,-67.5634258471,0E-7,1,1,0.50665070000000000,0.506650700000,-1.013391052207602,-1.013391052207602,-1.013391052207602,0E-17,ELIGIBLE,R03b_20260811_FULL_v1,L1_ELIGIBILITY,v2026-08-11,2026-03-21..2026-08-06,baccarat_bet02_101_all_pairs_incl_sentinel,round_win = game_pnl > 0 (decisive only),COMPATIBILITY_ONLY_NOT_PRODUCTION,14217.3322,13118.3760,48.4489,296,260,-0.00340773,-0.43210000,0.00581582,-0.01078936,-48.4489,14217.3322,OK,104.9470,2.9069,6.0000,94.0000,AG03-UNRESOLVED,ALL5_LEVELS_bet23_to_bet27,2.9069,2.9069,2.9069,2.9069,2.9069,6.000000,6.000000,6.000000,6.000000,6.000000,94.000000,94.000000,94.000000,94.000000,94.000000,5.0,14.5347,12.892,-71.0328,-69.3902,PENDING_AG03,FALSE,NOT_FOR_ENFORCEMENT,45.5419,12331.2734,-56.4981,-59.4051,-102.0401,-0.00397389,-0.00417836,2.9069,-59.4051,-0.00417836,2.9069,2.9069,2.9069,2.9069,2.9069,-59.4051,-0.00417836,14.5347,12.892,-71.0328,-69.3902,-0.00499621,-0.00488068,-0.00717716,48.0315,50.4553,0.1863,2.8499,0.3511,836.3137,15.2941,42.7787,48.1588,28.2851,40.8824,68.1083,85.1354,102.1624,136.2166,35.2485,-8.5444,2.498935,3.331914,1.174871,22,86,19,4,0.02106239,0.00340773,0.43210000,0.00800000,0.800000,0.922703,0.000000,-0.43791582,2026-03-22,2026-07-19,17,138,99,120,0.141667,0.888285,0.890638,0.070208,,,,,,,,GLOBAL_BASELINE_NO_ENTITY_RANKING,,,NOT_APPLICABLE_GLOBAL_BASELINE,HF9g-P5,,,,X 全窗基线 · 不参与实体赏罚,3924561,393,A168_HF9F_20260827_0900,2026-08-27 09:00:00
2026-04-22,42525088,2252,0,68.1082921846,-68.1082921846,-67.5634258471,0E-7,1,1,0.49324550000000000,0.493245500000,-0.9865810262130424,-0.9865810262130424,-0.9865810262130424,0E-17,ELIGIBLE,R03b_20260811_FULL_v1,L1_ELIGIBILITY,v2026-08-11,2026-03-21..2026-08-06,baccarat_bet02_101_all_pairs_incl_sentinel,round_win = game_pnl > 0 (decisive only),COMPATIBILITY_ONLY_NOT_PRODUCTION,14217.3322,13118.3760,48.4489,296,260,-0.00340773,-0.43210000,0.00581582,-0.01078936,-48.4489,14217.3322,OK,104.9470,2.9069,6.0000,94.0000,AG03-UNRESOLVED,ALL5_LEVELS_bet23_to_bet27,2.9069,2.9069,2.9069,2.9069,2.9069,6.000000,6.000000,6.000000,6.000000,6.000000,94.000000,94.000000,94.000000,94.000000,94.000000,5.0,14.5347,12.892,-71.0328,-69.3902,PENDING_AG03,FALSE,NOT_FOR_ENFORCEMENT,45.5419,12331.2734,-56.4981,-59.4051,-102.0401,-0.00397389,-0.00417836,2.9069,-59.4051,-0.00417836,2.9069,2.9069,2.9069,2.9069,2.9069,-59.4051,-0.00417836,14.5347,12.892,-71.0328,-69.3902,-0.00499621,-0.00488068,-0.00717716,48.0315,50.4553,0.1863,2.8499,0.3511,836.3137,15.2941,42.7787,48.1588,28.2851,40.8824,68.1083,85.1354,102.1624,136.2166,35.2485,-8.5444,2.498935,3.331914,1.174871,22,86,19,4,0.02106239,0.00340773,0.43210000,0.00800000,0.800000,0.922703,0.000000,-0.43791582,2026-03-22,2026-07-19,17,138,99,120,0.141667,0.888285,0.890638,0.070208,,,,,,,,GLOBAL_BASELINE_NO_ENTITY_RANKING,,,NOT_APPLICABLE_GLOBAL_BASELINE,HF9g-P5,,,,X 全窗基线 · 不参与实体赏罚,3924562,393,A168_HF9F_20260827_0900,2026-08-27 09:00:00
2026-04-26,42525088,-1,1,321.8116805721,-28.9460241785,-26.9436403882,0.3333333,4,4,0.49324550000000000,0.493245500000,-0.5540025479526107,-0.5540025479526106,-0.5540025479526107,0E-17,SENTINEL_DEALER,R03b_20260811_FULL_v1,L1_ELIGIBILITY,v2026-08-11,2026-03-21..2026-08-06,baccarat_bet02_101_all_pairs_incl_sentinel,round_win = game_pnl > 0 (decisive only),COMPATIBILITY_ONLY_NOT_PRODUCTION,14217.3322,13118.3760,48.4489,296,260,-0.00340773,-0.43210000,0.00581582,-0.01078936,-48.4489,14217.3322,OK,104.9470,2.9069,6.0000,94.0000,AG03-UNRESOLVED,ALL5_LEVELS_bet23_to_bet27,2.9069,2.9069,2.9069,2.9069,2.9069,6.000000,6.000000,6.000000,6.000000,6.000000,94.000000,94.000000,94.000000,94.000000,94.000000,5.0,14.5347,12.892,-71.0328,-69.3902,PENDING_AG03,FALSE,NOT_FOR_ENFORCEMENT,45.5419,12331.2734,-56.4981,-59.4051,-102.0401,-0.00397389,-0.00417836,2.9069,-59.4051,-0.00417836,2.9069,2.9069,2.9069,2.9069,2.9069,-59.4051,-0.00417836,14.5347,12.892,-71.0328,-69.3902,-0.00499621,-0.00488068,-0.00717716,48.0315,50.4553,0.1863,2.8499,0.3511,836.3137,15.2941,42.7787,48.1588,28.2851,40.8824,68.1083,85.1354,102.1624,136.2166,35.2485,-8.5444,2.498935,3.331914,1.174871,22,86,19,4,0.02106239,0.00340773,0.43210000,0.00800000,0.800000,0.922703,0.000000,-0.43791582,2026-03-22,2026-07-19,17,138,99,120,0.141667,0.888285,0.890638,0.070208,,,,,,,,GLOBAL_BASELINE_NO_ENTITY_RANKING,,,NOT_APPLICABLE_GLOBAL_BASELINE,HF9g-P5,,,,X 全窗基线 · 不参与实体赏罚,3924563,393,A168_HF9F_20260827_0900,2026-08-27 09:00:00
2026-04-26,42525088,1078,0,22.1351949600,-22.1351949600,-21.9581134003,0E-7,1,1,0.50665070000000000,0.506650700000,-1.013391052207602,-1.013391052207602,-1.013391052207602,0E-17,ELIGIBLE,R03b_20260811_FULL_v1,L1_ELIGIBILITY,v2026-08-11,2026-03-21..2026-08-06,baccarat_bet02_101_all_pairs_incl_sentinel,round_win = game_pnl > 0 (decisive only),COMPATIBILITY_ONLY_NOT_PRODUCTION,14217.3322,13118.3760,48.4489,296,260,-0.00340773,-0.43210000,0.00581582,-0.01078936,-48.4489,14217.3322,OK,104.9470,2.9069,6.0000,94.0000,AG03-UNRESOLVED,ALL5_LEVELS_bet23_to_bet27,2.9069,2.9069,2.9069,2.9069,2.9069,6.000000,6.000000,6.000000,6.000000,6.000000,94.000000,94.000000,94.000000,94.000000,94.000000,5.0,14.5347,12.892,-71.0328,-69.3902,PENDING_AG03,FALSE,NOT_FOR_ENFORCEMENT,45.5419,12331.2734,-56.4981,-59.4051,-102.0401,-0.00397389,-0.00417836,2.9069,-59.4051,-0.00417836,2.9069,2.9069,2.9069,2.9069,2.9069,-59.4051,-0.00417836,14.5347,12.892,-71.0328,-69.3902,-0.00499621,-0.00488068,-0.00717716,48.0315,50.4553,0.1863,2.8499,0.3511,836.3137,15.2941,42.7787,48.1588,28.2851,40.8824,68.1083,85.1354,102.1624,136.2166,35.2485,-8.5444,2.498935,3.331914,1.174871,22,86,19,4,0.02106239,0.00340773,0.43210000,0.00800000,0.800000,0.922703,0.000000,-0.43791582,2026-03-22,2026-07-19,17,138,99,120,0.141667,0.888285,0.890638,0.070208,,,,,,,,GLOBAL_BASELINE_NO_ENTITY_RANKING,,,NOT_APPLICABLE_GLOBAL_BASELINE,HF9g-P5,,,,X 全窗基线 · 不参与实体赏罚,3924564,393,A168_HF9F_20260827_0900,2026-08-27 09:00:00
2026-04-26,42525088,1115,0,34.0541460923,34.0541460923,34.3265792610,1.0000000,1,1,0.49324550000000000,0.493245500000,1.01360149184955,1.01360149184955,1.01360149184955,0E-17,ELIGIBLE,R03b_20260811_FULL_v1,L1_ELIGIBILITY,v2026-08-11,2026-03-21..2026-08-06,baccarat_bet02_101_all_pairs_incl_sentinel,round_win = game_pnl > 0 (decisive only),COMPATIBILITY_ONLY_NOT_PRODUCTION,14217.3322,13118.3760,48.4489,296,260,-0.00340773,-0.43210000,0.00581582,-0.01078936,-48.4489,14217.3322,OK,104.9470,2.9069,6.0000,94.0000,AG03-UNRESOLVED,ALL5_LEVELS_bet23_to_bet27,2.9069,2.9069,2.9069,2.9069,2.9069,6.000000,6.000000,6.000000,6.000000,6.000000,94.000000,94.000000,94.000000,94.000000,94.000000,5.0,14.5347,12.892,-71.0328,-69.3902,PENDING_AG03,FALSE,NOT_FOR_ENFORCEMENT,45.5419,12331.2734,-56.4981,-59.4051,-102.0401,-0.00397389,-0.00417836,2.9069,-59.4051,-0.00417836,2.9069,2.9069,2.9069,2.9069,2.9069,-59.4051,-0.00417836,14.5347,12.892,-71.0328,-69.3902,-0.00499621,-0.00488068,-0.00717716,48.0315,50.4553,0.1863,2.8499,0.3511,836.3137,15.2941,42.7787,48.1588,28.2851,40.8824,68.1083,85.1354,102.1624,136.2166,35.2485,-8.5444,2.498935,3.331914,1.174871,22,86,19,4,0.02106239,0.00340773,0.43210000,0.00800000,0.800000,0.922703,0.000000,-0.43791582,2026-03-22,2026-07-19,17,138,99,120,0.141667,0.888285,0.890638,0.070208,,,,,,,,GLOBAL_BASELINE_NO_ENTITY_RANKING,,,NOT_APPLICABLE_GLOBAL_BASELINE,HF9g-P5,,,,X 全窗基线 · 不参与实体赏罚,3924565,393,A168_HF9F_20260827_0900,2026-08-27 09:00:00
2026-04-26,42525088,1306,0,34.0541460922,-34.0541460922,-33.7817129236,0E-7,2,1,0.07469835000000000,0.074698350000,-0.2841278703448948,-0.28412787034489473,-0.2841278703448948,0E-17,ELIGIBLE,R03b_20260811_FULL_v1,L1_ELIGIBILITY,v2026-08-11,2026-03-21..2026-08-06,baccarat_bet02_101_all_pairs_incl_sentinel,round_win = game_pnl > 0 (decisive only),COMPATIBILITY_ONLY_NOT_PRODUCTION,14217.3322,13118.3760,48.4489,296,260,-0.00340773,-0.43210000,0.00581582,-0.01078936,-48.4489,14217.3322,OK,104.9470,2.9069,6.0000,94.0000,AG03-UNRESOLVED,ALL5_LEVELS_bet23_to_bet27,2.9069,2.9069,2.9069,2.9069,2.9069,6.000000,6.000000,6.000000,6.000000,6.000000,94.000000,94.000000,94.000000,94.000000,94.000000,5.0,14.5347,12.892,-71.0328,-69.3902,PENDING_AG03,FALSE,NOT_FOR_ENFORCEMENT,45.5419,12331.2734,-56.4981,-59.4051,-102.0401,-0.00397389,-0.00417836,2.9069,-59.4051,-0.00417836,2.9069,2.9069,2.9069,2.9069,2.9069,-59.4051,-0.00417836,14.5347,12.892,-71.0328,-69.3902,-0.00499621,-0.00488068,-0.00717716,48.0315,50.4553,0.1863,2.8499,0.3511,836.3137,15.2941,42.7787,48.1588,28.2851,40.8824,68.1083,85.1354,102.1624,136.2166,35.2485,-8.5444,2.498935,3.331914,1.174871,22,86,19,4,0.02106239,0.00340773,0.43210000,0.00800000,0.800000,0.922703,0.000000,-0.43791582,2026-03-22,2026-07-19,17,138,99,120,0.141667,0.888285,0.890638,0.070208,,,,,,,,GLOBAL_BASELINE_NO_ENTITY_RANKING,,,NOT_APPLICABLE_GLOBAL_BASELINE,HF9g-P5,,,,X 全窗基线 · 不参与实体赏罚,3924566,393,A168_HF9F_20260827_0900,2026-08-27 09:00:00
2026-04-26,42525088,1331,0,410.3524604120,131.9598161076,135.2426357908,0.3333333,10,6,0.44144267227011982,0.400979755556,-0.5332953587058642,-0.33809479419404,-0.5332953587058642,0.04046291671411982,ELIGIBLE,R03b_20260811_FULL_v1,L1_ELIGIBILITY,v2026-08-11,2026-03-21..2026-08-06,baccarat_bet02_101_all_pairs_incl_sentinel,round_win = game_pnl > 0 (decisive only),COMPATIBILITY_ONLY_NOT_PRODUCTION,14217.3322,13118.3760,48.4489,296,260,-0.00340773,-0.43210000,0.00581582,-0.01078936,-48.4489,14217.3322,OK,104.9470,2.9069,6.0000,94.0000,AG03-UNRESOLVED,ALL5_LEVELS_bet23_to_bet27,2.9069,2.9069,2.9069,2.9069,2.9069,6.000000,6.000000,6.000000,6.000000,6.000000,94.000000,94.000000,94.000000,94.000000,94.000000,5.0,14.5347,12.892,-71.0328,-69.3902,PENDING_AG03,FALSE,NOT_FOR_ENFORCEMENT,45.5419,12331.2734,-56.4981,-59.4051,-102.0401,-0.00397389,-0.00417836,2.9069,-59.4051,-0.00417836,2.9069,2.9069,2.9069,2.9069,2.9069,-59.4051,-0.00417836,14.5347,12.892,-71.0328,-69.3902,-0.00499621,-0.00488068,-0.00717716,48.0315,50.4553,0.1863,2.8499,0.3511,836.3137,15.2941,42.7787,48.1588,28.2851,40.8824,68.1083,85.1354,102.1624,136.2166,35.2485,-8.5444,2.498935,3.331914,1.174871,22,86,19,4,0.02106239,0.00340773,0.43210000,0.00800000,0.800000,0.922703,0.000000,-0.43791582,2026-03-22,2026-07-19,17,138,99,120,0.141667,0.888285,0.890638,0.070208,,,,,,,,GLOBAL_BASELINE_NO_ENTITY_RANKING,,,NOT_APPLICABLE_GLOBAL_BASELINE,HF9g-P5,,,,X 全窗基线 · 不参与实体赏罚,3924567,393,A168_HF9F_20260827_0900,2026-08-27 09:00:00
2026-04-26,42525088,1399,0,185.5950962030,-119.1895113230,-117.7047505534,0.5000000,4,2,0.40824388146063227,0.360432383334,0.26400904786138774,0.41109720623564605,0.26400904786138774,0.04781149812663227,ELIGIBLE,R03b_20260811_FULL_v1,L1_ELIGIBILITY,v2026-08-11,2026-03-21..2026-08-06,baccarat_bet02_101_all_pairs_incl_sentinel,round_win = game_pnl > 0 (decisive only),COMPATIBILITY_ONLY_NOT_PRODUCTION,14217.3322,13118.3760,48.4489,296,260,-0.00340773,-0.43210000,0.00581582,-0.01078936,-48.4489,14217.3322,OK,104.9470,2.9069,6.0000,94.0000,AG03-UNRESOLVED,ALL5_LEVELS_bet23_to_bet27,2.9069,2.9069,2.9069,2.9069,2.9069,6.000000,6.000000,6.000000,6.000000,6.000000,94.000000,94.000000,94.000000,94.000000,94.000000,5.0,14.5347,12.892,-71.0328,-69.3902,PENDING_AG03,FALSE,NOT_FOR_ENFORCEMENT,45.5419,12331.2734,-56.4981,-59.4051,-102.0401,-0.00397389,-0.00417836,2.9069,-59.4051,-0.00417836,2.9069,2.9069,2.9069,2.9069,2.9069,-59.4051,-0.00417836,14.5347,12.892,-71.0328,-69.3902,-0.00499621,-0.00488068,-0.00717716,48.0315,50.4553,0.1863,2.8499,0.3511,836.3137,15.2941,42.7787,48.1588,28.2851,40.8824,68.1083,85.1354,102.1624,136.2166,35.2485,-8.5444,2.498935,3.331914,1.174871,22,86,19,4,0.02106239,0.00340773,0.43210000,0.00800000,0.800000,0.922703,0.000000,-0.43791582,2026-03-22,2026-07-19,17,138,99,120,0.141667,0.888285,0.890638,0.070208,,,,,,,,GLOBAL_BASELINE_NO_ENTITY_RANKING,,,NOT_APPLICABLE_GLOBAL_BASELINE,HF9g-P5,,,,X 全窗基线 · 不参与实体赏罚,3924568,393,A168_HF9F_20260827_0900,2026-08-27 09:00:00
2026-04-26,42525088,1401,0,47.6758045292,-47.6758045292,-47.2943980930,0E-7,1,1,0.49324550000000000,0.493245500000,-0.9865810262130424,-0.9865810262130424,-0.9865810262130424,0E-17,ELIGIBLE,R03b_20260811_FULL_v1,L1_ELIGIBILITY,v2026-08-11,2026-03-21..2026-08-06,baccarat_bet02_101_all_pairs_incl_sentinel,round_win = game_pnl > 0 (decisive only),COMPATIBILITY_ONLY_NOT_PRODUCTION,14217.3322,13118.3760,48.4489,296,260,-0.00340773,-0.43210000,0.00581582,-0.01078936,-48.4489,14217.3322,OK,104.9470,2.9069,6.0000,94.0000,AG03-UNRESOLVED,ALL5_LEVELS_bet23_to_bet27,2.9069,2.9069,2.9069,2.9069,2.9069,6.000000,6.000000,6.000000,6.000000,6.000000,94.000000,94.000000,94.000000,94.000000,94.000000,5.0,14.5347,12.892,-71.0328,-69.3902,PENDING_AG03,FALSE,NOT_FOR_ENFORCEMENT,45.5419,12331.2734,-56.4981,-59.4051,-102.0401,-0.00397389,-0.00417836,2.9069,-59.4051,-0.00417836,2.9069,2.9069,2.9069,2.9069,2.9069,-59.4051,-0.00417836,14.5347,12.892,-71.0328,-69.3902,-0.00499621,-0.00488068,-0.00717716,48.0315,50.4553,0.1863,2.8499,0.3511,836.3137,15.2941,42.7787,48.1588,28.2851,40.8824,68.1083,85.1354,102.1624,136.2166,35.2485,-8.5444,2.498935,3.331914,1.174871,22,86,19,4,0.02106239,0.00340773,0.43210000,0.00800000,0.800000,0.922703,0.000000,-0.43791582,2026-03-22,2026-07-19,17,138,99,120,0.141667,0.888285,0.890638,0.070208,,,,,,,,GLOBAL_BASELINE_NO_ENTITY_RANKING,,,NOT_APPLICABLE_GLOBAL_BASELINE,HF9g-P5,,,,X 全窗基线 · 不参与实体赏罚,3924569,393,A168_HF9F_20260827_0900,2026-08-27 09:00:00
2026-04-26,42525088,1505,0,376.2983143198,-103.8651455816,-100.8547590669,0.5714286,7,7,0.49516052857142857,0.495160528571,0.40359145382014583,0.40359145382241707,0.40359145382014583,4.2857E-13,ELIGIBLE,R03b_20260811_FULL_v1,L1_ELIGIBILITY,v2026-08-11,2026-03-21..2026-08-06,baccarat_bet02_101_all_pairs_incl_sentinel,round_win = game_pnl > 0 (decisive only),COMPATIBILITY_ONLY_NOT_PRODUCTION,14217.3322,13118.3760,48.4489,296,260,-0.00340773,-0.43210000,0.00581582,-0.01078936,-48.4489,14217.3322,OK,104.9470,2.9069,6.0000,94.0000,AG03-UNRESOLVED,ALL5_LEVELS_bet23_to_bet27,2.9069,2.9069,2.9069,2.9069,2.9069,6.000000,6.000000,6.000000,6.000000,6.000000,94.000000,94.000000,94.000000,94.000000,94.000000,5.0,14.5347,12.892,-71.0328,-69.3902,PENDING_AG03,FALSE,NOT_FOR_ENFORCEMENT,45.5419,12331.2734,-56.4981,-59.4051,-102.0401,-0.00397389,-0.00417836,2.9069,-59.4051,-0.00417836,2.9069,2.9069,2.9069,2.9069,2.9069,-59.4051,-0.00417836,14.5347,12.892,-71.0328,-69.3902,-0.00499621,-0.00488068,-0.00717716,48.0315,50.4553,0.1863,2.8499,0.3511,836.3137,15.2941,42.7787,48.1588,28.2851,40.8824,68.1083,85.1354,102.1624,136.2166,35.2485,-8.5444,2.498935,3.331914,1.174871,22,86,19,4,0.02106239,0.00340773,0.43210000,0.00800000,0.800000,0.922703,0.000000,-0.43791582,2026-03-22,2026-07-19,17,138,99,120,0.141667,0.888285,0.890638,0.070208,,,,,,,,GLOBAL_BASELINE_NO_ENTITY_RANKING,,,NOT_APPLICABLE_GLOBAL_BASELINE,HF9g-P5,,,,X 全窗基线 · 不参与实体赏罚,3924570,393,A168_HF9F_20260827_0900,2026-08-27 09:00:00
2026-04-26,42525088,1507,0,102.1624382769,-102.1624382769,-101.3451387706,0E-7,1,1,0.50665070000000000,0.506650700000,-1.013391052207602,-1.013391052207602,-1.013391052207602,0E-17,ELIGIBLE,R03b_20260811_FULL_v1,L1_ELIGIBILITY,v2026-08-11,2026-03-21..2026-08-06,baccarat_bet02_101_all_pairs_incl_sentinel,round_win = game_pnl > 0 (decisive only),COMPATIBILITY_ONLY_NOT_PRODUCTION,14217.3322,13118.3760,48.4489,296,260,-0.00340773,-0.43210000,0.00581582,-0.01078936,-48.4489,14217.3322,OK,104.9470,2.9069,6.0000,94.0000,AG03-UNRESOLVED,ALL5_LEVELS_bet23_to_bet27,2.9069,2.9069,2.9069,2.9069,2.9069,6.000000,6.000000,6.000000,6.000000,6.000000,94.000000,94.000000,94.000000,94.000000,94.000000,5.0,14.5347,12.892,-71.0328,-69.3902,PENDING_AG03,FALSE,NOT_FOR_ENFORCEMENT,45.5419,12331.2734,-56.4981,-59.4051,-102.0401,-0.00397389,-0.00417836,2.9069,-59.4051,-0.00417836,2.9069,2.9069,2.9069,2.9069,2.9069,-59.4051,-0.00417836,14.5347,12.892,-71.0328,-69.3902,-0.00499621,-0.00488068,-0.00717716,48.0315,50.4553,0.1863,2.8499,0.3511,836.3137,15.2941,42.7787,48.1588,28.2851,40.8824,68.1083,85.1354,102.1624,136.2166,35.2485,-8.5444,2.498935,3.331914,1.174871,22,86,19,4,0.02106239,0.00340773,0.43210000,0.00800000,0.800000,0.922703,0.000000,-0.43791582,2026-03-22,2026-07-19,17,138,99,120,0.141667,0.888285,0.890638,0.070208,,,,,,,,GLOBAL_BASELINE_NO_ENTITY_RANKING,,,NOT_APPLICABLE_GLOBAL_BASELINE,HF9g-P5,,,,X 全窗基线 · 不参与实体赏罚,3924571,393,A168_HF9F_20260827_0900,2026-08-27 09:00:00
2026-04-26,42525088,1941,0,34.0541460923,0E-10,0E-10,,1,1,0.49324550000000000,0.493245500000,,,,0E-17,NO_DECISIVE_ROUND,R03b_20260811_FULL_v1,L1_ELIGIBILITY,v2026-08-11,2026-03-21..2026-08-06,baccarat_bet02_101_all_pairs_incl_sentinel,round_win = game_pnl > 0 (decisive only),COMPATIBILITY_ONLY_NOT_PRODUCTION,14217.3322,13118.3760,48.4489,296,260,-0.00340773,-0.43210000,0.00581582,-0.01078936,-48.4489,14217.3322,OK,104.9470,2.9069,6.0000,94.0000,AG03-UNRESOLVED,ALL5_LEVELS_bet23_to_bet27,2.9069,2.9069,2.9069,2.9069,2.9069,6.000000,6.000000,6.000000,6.000000,6.000000,94.000000,94.000000,94.000000,94.000000,94.000000,5.0,14.5347,12.892,-71.0328,-69.3902,PENDING_AG03,FALSE,NOT_FOR_ENFORCEMENT,45.5419,12331.2734,-56.4981,-59.4051,-102.0401,-0.00397389,-0.00417836,2.9069,-59.4051,-0.00417836,2.9069,2.9069,2.9069,2.9069,2.9069,-59.4051,-0.00417836,14.5347,12.892,-71.0328,-69.3902,-0.00499621,-0.00488068,-0.00717716,48.0315,50.4553,0.1863,2.8499,0.3511,836.3137,15.2941,42.7787,48.1588,28.2851,40.8824,68.1083,85.1354,102.1624,136.2166,35.2485,-8.5444,2.498935,3.331914,1.174871,22,86,19,4,0.02106239,0.00340773,0.43210000,0.00800000,0.800000,0.922703,0.000000,-0.43791582,2026-03-22,2026-07-19,17,138,99,120,0.141667,0.888285,0.890638,0.070208,,,,,,,,GLOBAL_BASELINE_NO_ENTITY_RANKING,,,NOT_APPLICABLE_GLOBAL_BASELINE,HF9g-P5,,,,X 全窗基线 · 不参与实体赏罚,3924572,393,A168_HF9F_20260827_0900,2026-08-27 09:00:00
2026-04-26,42525088,2100,0,238.3790226461,170.2707304615,172.1777626428,0.7500000,4,4,0.49324550000000000,0.493245500000,1.0271117246678039,1.0271117246678039,1.0271117246678039,0E-17,ELIGIBLE,R03b_20260811_FULL_v1,L1_ELIGIBILITY,v2026-08-11,2026-03-21..2026-08-06,baccarat_bet02_101_all_pairs_incl_sentinel,round_win = game_pnl > 0 (decisive only),COMPATIBILITY_ONLY_NOT_PRODUCTION,14217.3322,13118.3760,48.4489,296,260,-0.00340773,-0.43210000,0.00581582,-0.01078936,-48.4489,14217.3322,OK,104.9470,2.9069,6.0000,94.0000,AG03-UNRESOLVED,ALL5_LEVELS_bet23_to_bet27,2.9069,2.9069,2.9069,2.9069,2.9069,6.000000,6.000000,6.000000,6.000000,6.000000,94.000000,94.000000,94.000000,94.000000,94.000000,5.0,14.5347,12.892,-71.0328,-69.3902,PENDING_AG03,FALSE,NOT_FOR_ENFORCEMENT,45.5419,12331.2734,-56.4981,-59.4051,-102.0401,-0.00397389,-0.00417836,2.9069,-59.4051,-0.00417836,2.9069,2.9069,2.9069,2.9069,2.9069,-59.4051,-0.00417836,14.5347,12.892,-71.0328,-69.3902,-0.00499621,-0.00488068,-0.00717716,48.0315,50.4553,0.1863,2.8499,0.3511,836.3137,15.2941,42.7787,48.1588,28.2851,40.8824,68.1083,85.1354,102.1624,136.2166,35.2485,-8.5444,2.498935,3.331914,1.174871,22,86,19,4,0.02106239,0.00340773,0.43210000,0.00800000,0.800000,0.922703,0.000000,-0.43791582,2026-03-22,2026-07-19,17,138,99,120,0.141667,0.888285,0.890638,0.070208,,,,,,,,GLOBAL_BASELINE_NO_ENTITY_RANKING,,,NOT_APPLICABLE_GLOBAL_BASELINE,HF9g-P5,,,,X 全窗基线 · 不参与实体赏罚,3924573,393,A168_HF9F_20260827_0900,2026-08-27 09:00:00
2026-04-26,42525088,2101,0,245.1898518645,0.8513536523,2.1726545207,0.5000000,3,3,0.50218230000000000,0.502182300000,-0.00617253530718887,-0.00617253530718887,-0.00617253530718887,0E-17,ELIGIBLE,R03b_20260811_FULL_v1,L1_ELIGIBILITY,v2026-08-11,2026-03-21..2026-08-06,baccarat_bet02_101_all_pairs_incl_sentinel,round_win = game_pnl > 0 (decisive only),COMPATIBILITY_ONLY_NOT_PRODUCTION,14217.3322,13118.3760,48.4489,296,260,-0.00340773,-0.43210000,0.00581582,-0.01078936,-48.4489,14217.3322,OK,104.9470,2.9069,6.0000,94.0000,AG03-UNRESOLVED,ALL5_LEVELS_bet23_to_bet27,2.9069,2.9069,2.9069,2.9069,2.9069,6.000000,6.000000,6.000000,6.000000,6.000000,94.000000,94.000000,94.000000,94.000000,94.000000,5.0,14.5347,12.892,-71.0328,-69.3902,PENDING_AG03,FALSE,NOT_FOR_ENFORCEMENT,45.5419,12331.2734,-56.4981,-59.4051,-102.0401,-0.00397389,-0.00417836,2.9069,-59.4051,-0.00417836,2.9069,2.9069,2.9069,2.9069,2.9069,-59.4051,-0.00417836,14.5347,12.892,-71.0328,-69.3902,-0.00499621,-0.00488068,-0.00717716,48.0315,50.4553,0.1863,2.8499,0.3511,836.3137,15.2941,42.7787,48.1588,28.2851,40.8824,68.1083,85.1354,102.1624,136.2166,35.2485,-8.5444,2.498935,3.331914,1.174871,22,86,19,4,0.02106239,0.00340773,0.43210000,0.00800000,0.800000,0.922703,0.000000,-0.43791582,2026-03-22,2026-07-19,17,138,99,120,0.141667,0.888285,0.890638,0.070208,,,,,,,,GLOBAL_BASELINE_NO_ENTITY_RANKING,,,NOT_APPLICABLE_GLOBAL_BASELINE,HF9g-P5,,,,X 全窗基线 · 不参与实体赏罚,3924574,393,A168_HF9F_20260827_0900,2026-08-27 09:00:00
2026-04-26,42525088,2123,0,17.0270730461,17.0270730461,17.1632896305,1.0000000,1,1,0.49324550000000000,0.493245500000,1.01360149184955,1.01360149184955,1.01360149184955,0E-17,ELIGIBLE,R03b_20260811_FULL_v1,L1_ELIGIBILITY,v2026-08-11,2026-03-21..2026-08-06,baccarat_bet02_101_all_pairs_incl_sentinel,round_win = game_pnl > 0 (decisive only),COMPATIBILITY_ONLY_NOT_PRODUCTION,14217.3322,13118.3760,48.4489,296,260,-0.00340773,-0.43210000,0.00581582,-0.01078936,-48.4489,14217.3322,OK,104.9470,2.9069,6.0000,94.0000,AG03-UNRESOLVED,ALL5_LEVELS_bet23_to_bet27,2.9069,2.9069,2.9069,2.9069,2.9069,6.000000,6.000000,6.000000,6.000000,6.000000,94.000000,94.000000,94.000000,94.000000,94.000000,5.0,14.5347,12.892,-71.0328,-69.3902,PENDING_AG03,FALSE,NOT_FOR_ENFORCEMENT,45.5419,12331.2734,-56.4981,-59.4051,-102.0401,-0.00397389,-0.00417836,2.9069,-59.4051,-0.00417836,2.9069,2.9069,2.9069,2.9069,2.9069,-59.4051,-0.00417836,14.5347,12.892,-71.0328,-69.3902,-0.00499621,-0.00488068,-0.00717716,48.0315,50.4553,0.1863,2.8499,0.3511,836.3137,15.2941,42.7787,48.1588,28.2851,40.8824,68.1083,85.1354,102.1624,136.2166,35.2485,-8.5444,2.498935,3.331914,1.174871,22,86,19,4,0.02106239,0.00340773,0.43210000,0.00800000,0.800000,0.922703,0.000000,-0.43791582,2026-03-22,2026-07-19,17,138,99,120,0.141667,0.888285,0.890638,0.070208,,,,,,,,GLOBAL_BASELINE_NO_ENTITY_RANKING,,,NOT_APPLICABLE_GLOBAL_BASELINE,HF9g-P5,,,,X 全窗基线 · 不参与实体赏罚,3924575,393,A168_HF9F_20260827_0900,2026-08-27 09:00:00
2026-04-26,42525088,2129,0,34.0541460923,32.3514387877,32.6238719564,1.0000000,1,1,0.50665070000000000,0.506650700000,0.9867858985152569,0.9867858985152569,0.9867858985152569,0E-17,ELIGIBLE,R03b_20260811_FULL_v1,L1_ELIGIBILITY,v2026-08-11,2026-03-21..2026-08-06,baccarat_bet02_101_all_pairs_incl_sentinel,round_win = game_pnl > 0 (decisive only),COMPATIBILITY_ONLY_NOT_PRODUCTION,14217.3322,13118.3760,48.4489,296,260,-0.00340773,-0.43210000,0.00581582,-0.01078936,-48.4489,14217.3322,OK,104.9470,2.9069,6.0000,94.0000,AG03-UNRESOLVED,ALL5_LEVELS_bet23_to_bet27,2.9069,2.9069,2.9069,2.9069,2.9069,6.000000,6.000000,6.000000,6.000000,6.000000,94.000000,94.000000,94.000000,94.000000,94.000000,5.0,14.5347,12.892,-71.0328,-69.3902,PENDING_AG03,FALSE,NOT_FOR_ENFORCEMENT,45.5419,12331.2734,-56.4981,-59.4051,-102.0401,-0.00397389,-0.00417836,2.9069,-59.4051,-0.00417836,2.9069,2.9069,2.9069,2.9069,2.9069,-59.4051,-0.00417836,14.5347,12.892,-71.0328,-69.3902,-0.00499621,-0.00488068,-0.00717716,48.0315,50.4553,0.1863,2.8499,0.3511,836.3137,15.2941,42.7787,48.1588,28.2851,40.8824,68.1083,85.1354,102.1624,136.2166,35.2485,-8.5444,2.498935,3.331914,1.174871,22,86,19,4,0.02106239,0.00340773,0.43210000,0.00800000,0.800000,0.922703,0.000000,-0.43791582,2026-03-22,2026-07-19,17,138,99,120,0.141667,0.888285,0.890638,0.070208,,,,,,,,GLOBAL_BASELINE_NO_ENTITY_RANKING,,,NOT_APPLICABLE_GLOBAL_BASELINE,HF9g-P5,,,,X 全窗基线 · 不参与实体赏罚,3924576,393,A168_HF9F_20260827_0900,2026-08-27 09:00:00
2026-04-26,42525088,2145,0,306.4873148305,303.9332538736,306.3851523924,1.0000000,4,4,0.49659680000000000,0.496596800000,2.0136594440222715,2.0136594440222715,2.0136594440222715,0E-17,ELIGIBLE,R03b_20260811_FULL_v1,L1_ELIGIBILITY,v2026-08-11,2026-03-21..2026-08-06,baccarat_bet02_101_all_pairs_incl_sentinel,round_win = game_pnl > 0 (decisive only),COMPATIBILITY_ONLY_NOT_PRODUCTION,14217.3322,13118.3760,48.4489,296,260,-0.00340773,-0.43210000,0.00581582,-0.01078936,-48.4489,14217.3322,OK,104.9470,2.9069,6.0000,94.0000,AG03-UNRESOLVED,ALL5_LEVELS_bet23_to_bet27,2.9069,2.9069,2.9069,2.9069,2.9069,6.000000,6.000000,6.000000,6.000000,6.000000,94.000000,94.000000,94.000000,94.000000,94.000000,5.0,14.5347,12.892,-71.0328,-69.3902,PENDING_AG03,FALSE,NOT_FOR_ENFORCEMENT,45.5419,12331.2734,-56.4981,-59.4051,-102.0401,-0.00397389,-0.00417836,2.9069,-59.4051,-0.00417836,2.9069,2.9069,2.9069,2.9069,2.9069,-59.4051,-0.00417836,14.5347,12.892,-71.0328,-69.3902,-0.00499621,-0.00488068,-0.00717716,48.0315,50.4553,0.1863,2.8499,0.3511,836.3137,15.2941,42.7787,48.1588,28.2851,40.8824,68.1083,85.1354,102.1624,136.2166,35.2485,-8.5444,2.498935,3.331914,1.174871,22,86,19,4,0.02106239,0.00340773,0.43210000,0.00800000,0.800000,0.922703,0.000000,-0.43791582,2026-03-22,2026-07-19,17,138,99,120,0.141667,0.888285,0.890638,0.070208,,,,,,,,GLOBAL_BASELINE_NO_ENTITY_RANKING,,,NOT_APPLICABLE_GLOBAL_BASELINE,HF9g-P5,,,,X 全窗基线 · 不参与实体赏罚,3924577,393,A168_HF9F_20260827_0900,2026-08-27 09:00:00
2026-04-26,42525088,2167,0,68.1082921846,68.1082921846,68.6531585221,1.0000000,1,1,0.49324550000000000,0.493245500000,1.01360149184955,1.01360149184955,1.01360149184955,0E-17,ELIGIBLE,R03b_20260811_FULL_v1,L1_ELIGIBILITY,v2026-08-11,2026-03-21..2026-08-06,baccarat_bet02_101_all_pairs_incl_sentinel,round_win = game_pnl > 0 (decisive only),COMPATIBILITY_ONLY_NOT_PRODUCTION,14217.3322,13118.3760,48.4489,296,260,-0.00340773,-0.43210000,0.00581582,-0.01078936,-48.4489,14217.3322,OK,104.9470,2.9069,6.0000,94.0000,AG03-UNRESOLVED,ALL5_LEVELS_bet23_to_bet27,2.9069,2.9069,2.9069,2.9069,2.9069,6.000000,6.000000,6.000000,6.000000,6.000000,94.000000,94.000000,94.000000,94.000000,94.000000,5.0,14.5347,12.892,-71.0328,-69.3902,PENDING_AG03,FALSE,NOT_FOR_ENFORCEMENT,45.5419,12331.2734,-56.4981,-59.4051,-102.0401,-0.00397389,-0.00417836,2.9069,-59.4051,-0.00417836,2.9069,2.9069,2.9069,2.9069,2.9069,-59.4051,-0.00417836,14.5347,12.892,-71.0328,-69.3902,-0.00499621,-0.00488068,-0.00717716,48.0315,50.4553,0.1863,2.8499,0.3511,836.3137,15.2941,42.7787,48.1588,28.2851,40.8824,68.1083,85.1354,102.1624,136.2166,35.2485,-8.5444,2.498935,3.331914,1.174871,22,86,19,4,0.02106239,0.00340773,0.43210000,0.00800000,0.800000,0.922703,0.000000,-0.43791582,2026-03-22,2026-07-19,17,138,99,120,0.141667,0.888285,0.890638,0.070208,,,,,,,,GLOBAL_BASELINE_NO_ENTITY_RANKING,,,NOT_APPLICABLE_GLOBAL_BASELINE,HF9g-P5,,,,X 全窗基线 · 不参与实体赏罚,3924578,393,A168_HF9F_20260827_0900,2026-08-27 09:00:00
2026-04-26,42525088,2169,0,51.0812191384,-51.0812191384,-50.6725693853,0E-7,1,1,0.49324550000000000,0.493245500000,-0.9865810262130424,-0.9865810262130424,-0.9865810262130424,0E-17,ELIGIBLE,R03b_20260811_FULL_v1,L1_ELIGIBILITY,v2026-08-11,2026-03-21..2026-08-06,baccarat_bet02_101_all_pairs_incl_sentinel,round_win = game_pnl > 0 (decisive only),COMPATIBILITY_ONLY_NOT_PRODUCTION,14217.3322,13118.3760,48.4489,296,260,-0.00340773,-0.43210000,0.00581582,-0.01078936,-48.4489,14217.3322,OK,104.9470,2.9069,6.0000,94.0000,AG03-UNRESOLVED,ALL5_LEVELS_bet23_to_bet27,2.9069,2.9069,2.9069,2.9069,2.9069,6.000000,6.000000,6.000000,6.000000,6.000000,94.000000,94.000000,94.000000,94.000000,94.000000,5.0,14.5347,12.892,-71.0328,-69.3902,PENDING_AG03,FALSE,NOT_FOR_ENFORCEMENT,45.5419,12331.2734,-56.4981,-59.4051,-102.0401,-0.00397389,-0.00417836,2.9069,-59.4051,-0.00417836,2.9069,2.9069,2.9069,2.9069,2.9069,-59.4051,-0.00417836,14.5347,12.892,-71.0328,-69.3902,-0.00499621,-0.00488068,-0.00717716,48.0315,50.4553,0.1863,2.8499,0.3511,836.3137,15.2941,42.7787,48.1588,28.2851,40.8824,68.1083,85.1354,102.1624,136.2166,35.2485,-8.5444,2.498935,3.331914,1.174871,22,86,19,4,0.02106239,0.00340773,0.43210000,0.00800000,0.800000,0.922703,0.000000,-0.43791582,2026-03-22,2026-07-19,17,138,99,120,0.141667,0.888285,0.890638,0.070208,,,,,,,,GLOBAL_BASELINE_NO_ENTITY_RANKING,,,NOT_APPLICABLE_GLOBAL_BASELINE,HF9g-P5,,,,X 全窗基线 · 不参与实体赏罚,3924579,393,A168_HF9F_20260827_0900,2026-08-27 09:00:00
2026-04-26,42525088,2205,0,665.7585561043,71.5137067938,74.7284181850,0.5000000,11,5,0.40334042324140585,0.326720320000,0.39407211260920233,0.7389104461843189,0.39407211260920233,0.07662010324140585,ELIGIBLE,R03b_20260811_FULL_v1,L1_ELIGIBILITY,v2026-08-11,2026-03-21..2026-08-06,baccarat_bet02_101_all_pairs_incl_sentinel,round_win = game_pnl > 0 (decisive only),COMPATIBILITY_ONLY_NOT_PRODUCTION,14217.3322,13118.3760,48.4489,296,260,-0.00340773,-0.43210000,0.00581582,-0.01078936,-48.4489,14217.3322,OK,104.9470,2.9069,6.0000,94.0000,AG03-UNRESOLVED,ALL5_LEVELS_bet23_to_bet27,2.9069,2.9069,2.9069,2.9069,2.9069,6.000000,6.000000,6.000000,6.000000,6.000000,94.000000,94.000000,94.000000,94.000000,94.000000,5.0,14.5347,12.892,-71.0328,-69.3902,PENDING_AG03,FALSE,NOT_FOR_ENFORCEMENT,45.5419,12331.2734,-56.4981,-59.4051,-102.0401,-0.00397389,-0.00417836,2.9069,-59.4051,-0.00417836,2.9069,2.9069,2.9069,2.9069,2.9069,-59.4051,-0.00417836,14.5347,12.892,-71.0328,-69.3902,-0.00499621,-0.00488068,-0.00717716,48.0315,50.4553,0.1863,2.8499,0.3511,836.3137,15.2941,42.7787,48.1588,28.2851,40.8824,68.1083,85.1354,102.1624,136.2166,35.2485,-8.5444,2.498935,3.331914,1.174871,22,86,19,4,0.02106239,0.00340773,0.43210000,0.00800000,0.800000,0.922703,0.000000,-0.43791582,2026-03-22,2026-07-19,17,138,99,120,0.141667,0.888285,0.890638,0.070208,,,,,,,,GLOBAL_BASELINE_NO_ENTITY_RANKING,,,NOT_APPLICABLE_GLOBAL_BASELINE,HF9g-P5,,,,X 全窗基线 · 不参与实体赏罚,3924580,393,A168_HF9F_20260827_0900,2026-08-27 09:00:00
2026-04-26,42525088,2209,0,85.1353652307,80.8785969692,81.5596798910,1.0000000,1,1,0.50665070000000000,0.506650700000,0.9867858985152569,0.9867858985152569,0.9867858985152569,0E-17,ELIGIBLE,R03b_20260811_FULL_v1,L1_ELIGIBILITY,v2026-08-11,2026-03-21..2026-08-06,baccarat_bet02_101_all_pairs_incl_sentinel,round_win = game_pnl > 0 (decisive only),COMPATIBILITY_ONLY_NOT_PRODUCTION,14217.3322,13118.3760,48.4489,296,260,-0.00340773,-0.43210000,0.00581582,-0.01078936,-48.4489,14217.3322,OK,104.9470,2.9069,6.0000,94.0000,AG03-UNRESOLVED,ALL5_LEVELS_bet23_to_bet27,2.9069,2.9069,2.9069,2.9069,2.9069,6.000000,6.000000,6.000000,6.000000,6.000000,94.000000,94.000000,94.000000,94.000000,94.000000,5.0,14.5347,12.892,-71.0328,-69.3902,PENDING_AG03,FALSE,NOT_FOR_ENFORCEMENT,45.5419,12331.2734,-56.4981,-59.4051,-102.0401,-0.00397389,-0.00417836,2.9069,-59.4051,-0.00417836,2.9069,2.9069,2.9069,2.9069,2.9069,-59.4051,-0.00417836,14.5347,12.892,-71.0328,-69.3902,-0.00499621,-0.00488068,-0.00717716,48.0315,50.4553,0.1863,2.8499,0.3511,836.3137,15.2941,42.7787,48.1588,28.2851,40.8824,68.1083,85.1354,102.1624,136.2166,35.2485,-8.5444,2.498935,3.331914,1.174871,22,86,19,4,0.02106239,0.00340773,0.43210000,0.00800000,0.800000,0.922703,0.000000,-0.43791582,2026-03-22,2026-07-19,17,138,99,120,0.141667,0.888285,0.890638,0.070208,,,,,,,,GLOBAL_BASELINE_NO_ENTITY_RANKING,,,NOT_APPLICABLE_GLOBAL_BASELINE,HF9g-P5,,,,X 全窗基线 · 不参与实体赏罚,3924581,393,A168_HF9F_20260827_0900,2026-08-27 09:00:00
2026-04-26,42525088,2239,0,367.7847777965,68.1082921847,71.0505704068,0.7500000,8,4,0.44845404232149798,0.358198183334,1.2126450048211979,1.6343094071465636,1.2126450048211979,0.09025585898749798,ELIGIBLE,R03b_20260811_FULL_v1,L1_ELIGIBILITY,v2026-08-11,2026-03-21..2026-08-06,baccarat_bet02_101_all_pairs_incl_sentinel,round_win = game_pnl > 0 (decisive only),COMPATIBILITY_ONLY_NOT_PRODUCTION,14217.3322,13118.3760,48.4489,296,260,-0.00340773,-0.43210000,0.00581582,-0.01078936,-48.4489,14217.3322,OK,104.9470,2.9069,6.0000,94.0000,AG03-UNRESOLVED,ALL5_LEVELS_bet23_to_bet27,2.9069,2.9069,2.9069,2.9069,2.9069,6.000000,6.000000,6.000000,6.000000,6.000000,94.000000,94.000000,94.000000,94.000000,94.000000,5.0,14.5347,12.892,-71.0328,-69.3902,PENDING_AG03,FALSE,NOT_FOR_ENFORCEMENT,45.5419,12331.2734,-56.4981,-59.4051,-102.0401,-0.00397389,-0.00417836,2.9069,-59.4051,-0.00417836,2.9069,2.9069,2.9069,2.9069,2.9069,-59.4051,-0.00417836,14.5347,12.892,-71.0328,-69.3902,-0.00499621,-0.00488068,-0.00717716,48.0315,50.4553,0.1863,2.8499,0.3511,836.3137,15.2941,42.7787,48.1588,28.2851,40.8824,68.1083,85.1354,102.1624,136.2166,35.2485,-8.5444,2.498935,3.331914,1.174871,22,86,19,4,0.02106239,0.00340773,0.43210000,0.00800000,0.800000,0.922703,0.000000,-0.43791582,2026-03-22,2026-07-19,17,138,99,120,0.141667,0.888285,0.890638,0.070208,,,,,,,,GLOBAL_BASELINE_NO_ENTITY_RANKING,,,NOT_APPLICABLE_GLOBAL_BASELINE,HF9g-P5,,,,X 全窗基线 · 不参与实体赏罚,3924582,393,A168_HF9F_20260827_0900,2026-08-27 09:00:00
2026-04-26,42525088,2251,0,425.6768261534,-34.0541460922,-30.6487314832,0.5000000,8,4,0.41805152627847995,0.354846883334,0.33228726071860754,0.6067425654586706,0.33228726071860754,0.06320464294447995,ELIGIBLE,R03b_20260811_FULL_v1,L1_ELIGIBILITY,v2026-08-11,2026-03-21..2026-08-06,baccarat_bet02_101_all_pairs_incl_sentinel,round_win = game_pnl > 0 (decisive only),COMPATIBILITY_ONLY_NOT_PRODUCTION,14217.3322,13118.3760,48.4489,296,260,-0.00340773,-0.43210000,0.00581582,-0.01078936,-48.4489,14217.3322,OK,104.9470,2.9069,6.0000,94.0000,AG03-UNRESOLVED,ALL5_LEVELS_bet23_to_bet27,2.9069,2.9069,2.9069,2.9069,2.9069,6.000000,6.000000,6.000000,6.000000,6.000000,94.000000,94.000000,94.000000,94.000000,94.000000,5.0,14.5347,12.892,-71.0328,-69.3902,PENDING_AG03,FALSE,NOT_FOR_ENFORCEMENT,45.5419,12331.2734,-56.4981,-59.4051,-102.0401,-0.00397389,-0.00417836,2.9069,-59.4051,-0.00417836,2.9069,2.9069,2.9069,2.9069,2.9069,-59.4051,-0.00417836,14.5347,12.892,-71.0328,-69.3902,-0.00499621,-0.00488068,-0.00717716,48.0315,50.4553,0.1863,2.8499,0.3511,836.3137,15.2941,42.7787,48.1588,28.2851,40.8824,68.1083,85.1354,102.1624,136.2166,35.2485,-8.5444,2.498935,3.331914,1.174871,22,86,19,4,0.02106239,0.00340773,0.43210000,0.00800000,0.800000,0.922703,0.000000,-0.43791582,2026-03-22,2026-07-19,17,138,99,120,0.141667,0.888285,0.890638,0.070208,,,,,,,,GLOBAL_BASELINE_NO_ENTITY_RANKING,,,NOT_APPLICABLE_GLOBAL_BASELINE,HF9g-P5,,,,X 全窗基线 · 不参与实体赏罚,3924583,393,A168_HF9F_20260827_0900,2026-08-27 09:00:00
2026-04-26,42525088,2256,0,303.0819002214,25.6257449344,28.0504001362,0.5000000,4,4,0.50665070000000000,0.506650700000,-0.02660515369234503,-0.02660515369234503,-0.02660515369234503,0E-17,ELIGIBLE,R03b_20260811_FULL_v1,L1_ELIGIBILITY,v2026-08-11,2026-03-21..2026-08-06,baccarat_bet02_101_all_pairs_incl_sentinel,round_win = game_pnl > 0 (decisive only),COMPATIBILITY_ONLY_NOT_PRODUCTION,14217.3322,13118.3760,48.4489,296,260,-0.00340773,-0.43210000,0.00581582,-0.01078936,-48.4489,14217.3322,OK,104.9470,2.9069,6.0000,94.0000,AG03-UNRESOLVED,ALL5_LEVELS_bet23_to_bet27,2.9069,2.9069,2.9069,2.9069,2.9069,6.000000,6.000000,6.000000,6.000000,6.000000,94.000000,94.000000,94.000000,94.000000,94.000000,5.0,14.5347,12.892,-71.0328,-69.3902,PENDING_AG03,FALSE,NOT_FOR_ENFORCEMENT,45.5419,12331.2734,-56.4981,-59.4051,-102.0401,-0.00397389,-0.00417836,2.9069,-59.4051,-0.00417836,2.9069,2.9069,2.9069,2.9069,2.9069,-59.4051,-0.00417836,14.5347,12.892,-71.0328,-69.3902,-0.00499621,-0.00488068,-0.00717716,48.0315,50.4553,0.1863,2.8499,0.3511,836.3137,15.2941,42.7787,48.1588,28.2851,40.8824,68.1083,85.1354,102.1624,136.2166,35.2485,-8.5444,2.498935,3.331914,1.174871,22,86,19,4,0.02106239,0.00340773,0.43210000,0.00800000,0.800000,0.922703,0.000000,-0.43791582,2026-03-22,2026-07-19,17,138,99,120,0.141667,0.888285,0.890638,0.070208,,,,,,,,GLOBAL_BASELINE_NO_ENTITY_RANKING,,,NOT_APPLICABLE_GLOBAL_BASELINE,HF9g-P5,,,,X 全窗基线 · 不参与实体赏罚,3924584,393,A168_HF9F_20260827_0900,2026-08-27 09:00:00
2026-04-26,42525088,2267,0,49.3785118338,-49.3785118338,-48.9834837391,0E-7,1,1,0.50665070000000000,0.506650700000,-1.013391052207602,-1.013391052207602,-1.013391052207602,0E-17,ELIGIBLE,R03b_20260811_FULL_v1,L1_ELIGIBILITY,v2026-08-11,2026-03-21..2026-08-06,baccarat_bet02_101_all_pairs_incl_sentinel,round_win = game_pnl > 0 (decisive only),COMPATIBILITY_ONLY_NOT_PRODUCTION,14217.3322,13118.3760,48.4489,296,260,-0.00340773,-0.43210000,0.00581582,-0.01078936,-48.4489,14217.3322,OK,104.9470,2.9069,6.0000,94.0000,AG03-UNRESOLVED,ALL5_LEVELS_bet23_to_bet27,2.9069,2.9069,2.9069,2.9069,2.9069,6.000000,6.000000,6.000000,6.000000,6.000000,94.000000,94.000000,94.000000,94.000000,94.000000,5.0,14.5347,12.892,-71.0328,-69.3902,PENDING_AG03,FALSE,NOT_FOR_ENFORCEMENT,45.5419,12331.2734,-56.4981,-59.4051,-102.0401,-0.00397389,-0.00417836,2.9069,-59.4051,-0.00417836,2.9069,2.9069,2.9069,2.9069,2.9069,-59.4051,-0.00417836,14.5347,12.892,-71.0328,-69.3902,-0.00499621,-0.00488068,-0.00717716,48.0315,50.4553,0.1863,2.8499,0.3511,836.3137,15.2941,42.7787,48.1588,28.2851,40.8824,68.1083,85.1354,102.1624,136.2166,35.2485,-8.5444,2.498935,3.331914,1.174871,22,86,19,4,0.02106239,0.00340773,0.43210000,0.00800000,0.800000,0.922703,0.000000,-0.43791582,2026-03-22,2026-07-19,17,138,99,120,0.141667,0.888285,0.890638,0.070208,,,,,,,,GLOBAL_BASELINE_NO_ENTITY_RANKING,,,NOT_APPLICABLE_GLOBAL_BASELINE,HF9g-P5,,,,X 全窗基线 · 不参与实体赏罚,3924585,393,A168_HF9F_20260827_0900,2026-08-27 09:00:00
2026-04-26,42525088,529,0,17.0270730461,17.0270730461,17.1632896305,1.0000000,1,1,0.49324550000000000,0.493245500000,1.01360149184955,1.01360149184955,1.01360149184955,0E-17,ELIGIBLE,R03b_20260811_FULL_v1,L1_ELIGIBILITY,v2026-08-11,2026-03-21..2026-08-06,baccarat_bet02_101_all_pairs_incl_sentinel,round_win = game_pnl > 0 (decisive only),COMPATIBILITY_ONLY_NOT_PRODUCTION,14217.3322,13118.3760,48.4489,296,260,-0.00340773,-0.43210000,0.00581582,-0.01078936,-48.4489,14217.3322,OK,104.9470,2.9069,6.0000,94.0000,AG03-UNRESOLVED,ALL5_LEVELS_bet23_to_bet27,2.9069,2.9069,2.9069,2.9069,2.9069,6.000000,6.000000,6.000000,6.000000,6.000000,94.000000,94.000000,94.000000,94.000000,94.000000,5.0,14.5347,12.892,-71.0328,-69.3902,PENDING_AG03,FALSE,NOT_FOR_ENFORCEMENT,45.5419,12331.2734,-56.4981,-59.4051,-102.0401,-0.00397389,-0.00417836,2.9069,-59.4051,-0.00417836,2.9069,2.9069,2.9069,2.9069,2.9069,-59.4051,-0.00417836,14.5347,12.892,-71.0328,-69.3902,-0.00499621,-0.00488068,-0.00717716,48.0315,50.4553,0.1863,2.8499,0.3511,836.3137,15.2941,42.7787,48.1588,28.2851,40.8824,68.1083,85.1354,102.1624,136.2166,35.2485,-8.5444,2.498935,3.331914,1.174871,22,86,19,4,0.02106239,0.00340773,0.43210000,0.00800000,0.800000,0.922703,0.000000,-0.43791582,2026-03-22,2026-07-19,17,138,99,120,0.141667,0.888285,0.890638,0.070208,,,,,,,,GLOBAL_BASELINE_NO_ENTITY_RANKING,,,NOT_APPLICABLE_GLOBAL_BASELINE,HF9g-P5,,,,X 全窗基线 · 不参与实体赏罚,3924586,393,A168_HF9F_20260827_0900,2026-08-27 09:00:00
2026-04-26,42525088,550,0,68.1082921846,-68.1082921846,-67.5634258471,0E-7,1,1,0.50665070000000000,0.506650700000,-1.013391052207602,-1.013391052207602,-1.013391052207602,0E-17,ELIGIBLE,R03b_20260811_FULL_v1,L1_ELIGIBILITY,v2026-08-11,2026-03-21..2026-08-06,baccarat_bet02_101_all_pairs_incl_sentinel,round_win = game_pnl > 0 (decisive only),COMPATIBILITY_ONLY_NOT_PRODUCTION,14217.3322,13118.3760,48.4489,296,260,-0.00340773,-0.43210000,0.00581582,-0.01078936,-48.4489,14217.3322,OK,104.9470,2.9069,6.0000,94.0000,AG03-UNRESOLVED,ALL5_LEVELS_bet23_to_bet27,2.9069,2.9069,2.9069,2.9069,2.9069,6.000000,6.000000,6.000000,6.000000,6.000000,94.000000,94.000000,94.000000,94.000000,94.000000,5.0,14.5347,12.892,-71.0328,-69.3902,PENDING_AG03,FALSE,NOT_FOR_ENFORCEMENT,45.5419,12331.2734,-56.4981,-59.4051,-102.0401,-0.00397389,-0.00417836,2.9069,-59.4051,-0.00417836,2.9069,2.9069,2.9069,2.9069,2.9069,-59.4051,-0.00417836,14.5347,12.892,-71.0328,-69.3902,-0.00499621,-0.00488068,-0.00717716,48.0315,50.4553,0.1863,2.8499,0.3511,836.3137,15.2941,42.7787,48.1588,28.2851,40.8824,68.1083,85.1354,102.1624,136.2166,35.2485,-8.5444,2.498935,3.331914,1.174871,22,86,19,4,0.02106239,0.00340773,0.43210000,0.00800000,0.800000,0.922703,0.000000,-0.43791582,2026-03-22,2026-07-19,17,138,99,120,0.141667,0.888285,0.890638,0.070208,,,,,,,,GLOBAL_BASELINE_NO_ENTITY_RANKING,,,NOT_APPLICABLE_GLOBAL_BASELINE,HF9g-P5,,,,X 全窗基线 · 不参与实体赏罚,3924587,393,A168_HF9F_20260827_0900,2026-08-27 09:00:00
2026-04-26,42525088,763,0,34.0541460923,34.0541460923,34.3265792610,1.0000000,1,1,0.49324550000000000,0.493245500000,1.01360149184955,1.01360149184955,1.01360149184955,0E-17,ELIGIBLE,R03b_20260811_FULL_v1,L1_ELIGIBILITY,v2026-08-11,2026-03-21..2026-08-06,baccarat_bet02_101_all_pairs_incl_sentinel,round_win = game_pnl > 0 (decisive only),COMPATIBILITY_ONLY_NOT_PRODUCTION,14217.3322,13118.3760,48.4489,296,260,-0.00340773,-0.43210000,0.00581582,-0.01078936,-48.4489,14217.3322,OK,104.9470,2.9069,6.0000,94.0000,AG03-UNRESOLVED,ALL5_LEVELS_bet23_to_bet27,2.9069,2.9069,2.9069,2.9069,2.9069,6.000000,6.000000,6.000000,6.000000,6.000000,94.000000,94.000000,94.000000,94.000000,94.000000,5.0,14.5347,12.892,-71.0328,-69.3902,PENDING_AG03,FALSE,NOT_FOR_ENFORCEMENT,45.5419,12331.2734,-56.4981,-59.4051,-102.0401,-0.00397389,-0.00417836,2.9069,-59.4051,-0.00417836,2.9069,2.9069,2.9069,2.9069,2.9069,-59.4051,-0.00417836,14.5347,12.892,-71.0328,-69.3902,-0.00499621,-0.00488068,-0.00717716,48.0315,50.4553,0.1863,2.8499,0.3511,836.3137,15.2941,42.7787,48.1588,28.2851,40.8824,68.1083,85.1354,102.1624,136.2166,35.2485,-8.5444,2.498935,3.331914,1.174871,22,86,19,4,0.02106239,0.00340773,0.43210000,0.00800000,0.800000,0.922703,0.000000,-0.43791582,2026-03-22,2026-07-19,17,138,99,120,0.141667,0.888285,0.890638,0.070208,,,,,,,,GLOBAL_BASELINE_NO_ENTITY_RANKING,,,NOT_APPLICABLE_GLOBAL_BASELINE,HF9g-P5,,,,X 全窗基线 · 不参与实体赏罚,3924588,393,A168_HF9F_20260827_0900,2026-08-27 09:00:00
2026-04-26,42525088,919,0,17.0270730461,-17.0270730461,-16.8908564618,0E-7,1,1,0.49324550000000000,0.493245500000,-0.9865810262130424,-0.9865810262130424,-0.9865810262130424,0E-17,ELIGIBLE,R03b_20260811_FULL_v1,L1_ELIGIBILITY,v2026-08-11,2026-03-21..2026-08-06,baccarat_bet02_101_all_pairs_incl_sentinel,round_win = game_pnl > 0 (decisive only),COMPATIBILITY_ONLY_NOT_PRODUCTION,14217.3322,13118.3760,48.4489,296,260,-0.00340773,-0.43210000,0.00581582,-0.01078936,-48.4489,14217.3322,OK,104.9470,2.9069,6.0000,94.0000,AG03-UNRESOLVED,ALL5_LEVELS_bet23_to_bet27,2.9069,2.9069,2.9069,2.9069,2.9069,6.000000,6.000000,6.000000,6.000000,6.000000,94.000000,94.000000,94.000000,94.000000,94.000000,5.0,14.5347,12.892,-71.0328,-69.3902,PENDING_AG03,FALSE,NOT_FOR_ENFORCEMENT,45.5419,12331.2734,-56.4981,-59.4051,-102.0401,-0.00397389,-0.00417836,2.9069,-59.4051,-0.00417836,2.9069,2.9069,2.9069,2.9069,2.9069,-59.4051,-0.00417836,14.5347,12.892,-71.0328,-69.3902,-0.00499621,-0.00488068,-0.00717716,48.0315,50.4553,0.1863,2.8499,0.3511,836.3137,15.2941,42.7787,48.1588,28.2851,40.8824,68.1083,85.1354,102.1624,136.2166,35.2485,-8.5444,2.498935,3.331914,1.174871,22,86,19,4,0.02106239,0.00340773,0.43210000,0.00800000,0.800000,0.922703,0.000000,-0.43791582,2026-03-22,2026-07-19,17,138,99,120,0.141667,0.888285,0.890638,0.070208,,,,,,,,GLOBAL_BASELINE_NO_ENTITY_RANKING,,,NOT_APPLICABLE_GLOBAL_BASELINE,HF9g-P5,,,,X 全窗基线 · 不参与实体赏罚,3924589,393,A168_HF9F_20260827_0900,2026-08-27 09:00:00
2026-04-27,42525088,1490,0,20.4324876554,-20.4324876554,-20.2690277541,0E-7,1,1,0.49324550000000000,0.493245500000,-0.9865810262130424,-0.9865810262130424,-0.9865810262130424,0E-17,ELIGIBLE,R03b_20260811_FULL_v1,L1_ELIGIBILITY,v2026-08-11,2026-03-21..2026-08-06,baccarat_bet02_101_all_pairs_incl_sentinel,round_win = game_pnl > 0 (decisive only),COMPATIBILITY_ONLY_NOT_PRODUCTION,14217.3322,13118.3760,48.4489,296,260,-0.00340773,-0.43210000,0.00581582,-0.01078936,-48.4489,14217.3322,OK,104.9470,2.9069,6.0000,94.0000,AG03-UNRESOLVED,ALL5_LEVELS_bet23_to_bet27,2.9069,2.9069,2.9069,2.9069,2.9069,6.000000,6.000000,6.000000,6.000000,6.000000,94.000000,94.000000,94.000000,94.000000,94.000000,5.0,14.5347,12.892,-71.0328,-69.3902,PENDING_AG03,FALSE,NOT_FOR_ENFORCEMENT,45.5419,12331.2734,-56.4981,-59.4051,-102.0401,-0.00397389,-0.00417836,2.9069,-59.4051,-0.00417836,2.9069,2.9069,2.9069,2.9069,2.9069,-59.4051,-0.00417836,14.5347,12.892,-71.0328,-69.3902,-0.00499621,-0.00488068,-0.00717716,48.0315,50.4553,0.1863,2.8499,0.3511,836.3137,15.2941,42.7787,48.1588,28.2851,40.8824,68.1083,85.1354,102.1624,136.2166,35.2485,-8.5444,2.498935,3.331914,1.174871,22,86,19,4,0.02106239,0.00340773,0.43210000,0.00800000,0.800000,0.922703,0.000000,-0.43791582,2026-03-22,2026-07-19,17,138,99,120,0.141667,0.888285,0.890638,0.070208,,,,,,,,GLOBAL_BASELINE_NO_ENTITY_RANKING,,,NOT_APPLICABLE_GLOBAL_BASELINE,HF9g-P5,,,,X 全窗基线 · 不参与实体赏罚,3924590,393,A168_HF9F_20260827_0900,2026-08-27 09:00:00
2026-04-27,42525088,1505,0,209.4329984675,66.3204495147,66.8789375106,1.0000000,3,3,0.50218230000000000,0.502182300000,0.99564488342984,0.99564488342984,0.99564488342984,0E-17,ELIGIBLE,R03b_20260811_FULL_v1,L1_ELIGIBILITY,v2026-08-11,2026-03-21..2026-08-06,baccarat_bet02_101_all_pairs_incl_sentinel,round_win = game_pnl > 0 (decisive only),COMPATIBILITY_ONLY_NOT_PRODUCTION,14217.3322,13118.3760,48.4489,296,260,-0.00340773,-0.43210000,0.00581582,-0.01078936,-48.4489,14217.3322,OK,104.9470,2.9069,6.0000,94.0000,AG03-UNRESOLVED,ALL5_LEVELS_bet23_to_bet27,2.9069,2.9069,2.9069,2.9069,2.9069,6.000000,6.000000,6.000000,6.000000,6.000000,94.000000,94.000000,94.000000,94.000000,94.000000,5.0,14.5347,12.892,-71.0328,-69.3902,PENDING_AG03,FALSE,NOT_FOR_ENFORCEMENT,45.5419,12331.2734,-56.4981,-59.4051,-102.0401,-0.00397389,-0.00417836,2.9069,-59.4051,-0.00417836,2.9069,2.9069,2.9069,2.9069,2.9069,-59.4051,-0.00417836,14.5347,12.892,-71.0328,-69.3902,-0.00499621,-0.00488068,-0.00717716,48.0315,50.4553,0.1863,2.8499,0.3511,836.3137,15.2941,42.7787,48.1588,28.2851,40.8824,68.1083,85.1354,102.1624,136.2166,35.2485,-8.5444,2.498935,3.331914,1.174871,22,86,19,4,0.02106239,0.00340773,0.43210000,0.00800000,0.800000,0.922703,0.000000,-0.43791582,2026-03-22,2026-07-19,17,138,99,120,0.141667,0.888285,0.890638,0.070208,,,,,,,,GLOBAL_BASELINE_NO_ENTITY_RANKING,,,NOT_APPLICABLE_GLOBAL_BASELINE,HF9g-P5,,,,X 全窗基线 · 不参与实体赏罚,3924591,393,A168_HF9F_20260827_0900,2026-08-27 09:00:00
2026-04-27,42525088,2123,0,51.0812191384,-51.0812191384,-50.6725693853,0E-7,1,1,0.50665070000000000,0.506650700000,-1.013391052207602,-1.013391052207602,-1.013391052207602,0E-17,ELIGIBLE,R03b_20260811_FULL_v1,L1_ELIGIBILITY,v2026-08-11,2026-03-21..2026-08-06,baccarat_bet02_101_all_pairs_incl_sentinel,round_win = game_pnl > 0 (decisive only),COMPATIBILITY_ONLY_NOT_PRODUCTION,14217.3322,13118.3760,48.4489,296,260,-0.00340773,-0.43210000,0.00581582,-0.01078936,-48.4489,14217.3322,OK,104.9470,2.9069,6.0000,94.0000,AG03-UNRESOLVED,ALL5_LEVELS_bet23_to_bet27,2.9069,2.9069,2.9069,2.9069,2.9069,6.000000,6.000000,6.000000,6.000000,6.000000,94.000000,94.000000,94.000000,94.000000,94.000000,5.0,14.5347,12.892,-71.0328,-69.3902,PENDING_AG03,FALSE,NOT_FOR_ENFORCEMENT,45.5419,12331.2734,-56.4981,-59.4051,-102.0401,-0.00397389,-0.00417836,2.9069,-59.4051,-0.00417836,2.9069,2.9069,2.9069,2.9069,2.9069,-59.4051,-0.00417836,14.5347,12.892,-71.0328,-69.3902,-0.00499621,-0.00488068,-0.00717716,48.0315,50.4553,0.1863,2.8499,0.3511,836.3137,15.2941,42.7787,48.1588,28.2851,40.8824,68.1083,85.1354,102.1624,136.2166,35.2485,-8.5444,2.498935,3.331914,1.174871,22,86,19,4,0.02106239,0.00340773,0.43210000,0.00800000,0.800000,0.922703,0.000000,-0.43791582,2026-03-22,2026-07-19,17,138,99,120,0.141667,0.888285,0.890638,0.070208,,,,,,,,GLOBAL_BASELINE_NO_ENTITY_RANKING,,,NOT_APPLICABLE_GLOBAL_BASELINE,HF9g-P5,,,,X 全窗基线 · 不参与实体赏罚,3924592,393,A168_HF9F_20260827_0900,2026-08-27 09:00:00
2026-04-27,42525088,2141,0,345.6495828367,-183.8923888983,-181.6720585731,0.5000000,9,5,0.43057354233529591,0.382526606667,0.2804222770179383,0.4834255068818119,0.2804222770179383,0.04804693566829591,ELIGIBLE,R03b_20260811_FULL_v1,L1_ELIGIBILITY,v2026-08-11,2026-03-21..2026-08-06,baccarat_bet02_101_all_pairs_incl_sentinel,round_win = game_pnl > 0 (decisive only),COMPATIBILITY_ONLY_NOT_PRODUCTION,14217.3322,13118.3760,48.4489,296,260,-0.00340773,-0.43210000,0.00581582,-0.01078936,-48.4489,14217.3322,OK,104.9470,2.9069,6.0000,94.0000,AG03-UNRESOLVED,ALL5_LEVELS_bet23_to_bet27,2.9069,2.9069,2.9069,2.9069,2.9069,6.000000,6.000000,6.000000,6.000000,6.000000,94.000000,94.000000,94.000000,94.000000,94.000000,5.0,14.5347,12.892,-71.0328,-69.3902,PENDING_AG03,FALSE,NOT_FOR_ENFORCEMENT,45.5419,12331.2734,-56.4981,-59.4051,-102.0401,-0.00397389,-0.00417836,2.9069,-59.4051,-0.00417836,2.9069,2.9069,2.9069,2.9069,2.9069,-59.4051,-0.00417836,14.5347,12.892,-71.0328,-69.3902,-0.00499621,-0.00488068,-0.00717716,48.0315,50.4553,0.1863,2.8499,0.3511,836.3137,15.2941,42.7787,48.1588,28.2851,40.8824,68.1083,85.1354,102.1624,136.2166,35.2485,-8.5444,2.498935,3.331914,1.174871,22,86,19,4,0.02106239,0.00340773,0.43210000,0.00800000,0.800000,0.922703,0.000000,-0.43791582,2026-03-22,2026-07-19,17,138,99,120,0.141667,0.888285,0.890638,0.070208,,,,,,,,GLOBAL_BASELINE_NO_ENTITY_RANKING,,,NOT_APPLICABLE_GLOBAL_BASELINE,HF9g-P5,,,,X 全窗基线 · 不参与实体赏罚,3924593,393,A168_HF9F_20260827_0900,2026-08-27 09:00:00
2026-04-27,42525088,763,0,221.3519495998,183.8923888984,185.6632044952,0.8000000,5,5,0.50128862000000000,0.501288620000,1.335882339249048,1.335882339249048,1.335882339249048,0E-17,ELIGIBLE,R03b_20260811_FULL_v1,L1_ELIGIBILITY,v2026-08-11,2026-03-21..2026-08-06,baccarat_bet02_101_all_pairs_incl_sentinel,round_win = game_pnl > 0 (decisive only),COMPATIBILITY_ONLY_NOT_PRODUCTION,14217.3322,13118.3760,48.4489,296,260,-0.00340773,-0.43210000,0.00581582,-0.01078936,-48.4489,14217.3322,OK,104.9470,2.9069,6.0000,94.0000,AG03-UNRESOLVED,ALL5_LEVELS_bet23_to_bet27,2.9069,2.9069,2.9069,2.9069,2.9069,6.000000,6.000000,6.000000,6.000000,6.000000,94.000000,94.000000,94.000000,94.000000,94.000000,5.0,14.5347,12.892,-71.0328,-69.3902,PENDING_AG03,FALSE,NOT_FOR_ENFORCEMENT,45.5419,12331.2734,-56.4981,-59.4051,-102.0401,-0.00397389,-0.00417836,2.9069,-59.4051,-0.00417836,2.9069,2.9069,2.9069,2.9069,2.9069,-59.4051,-0.00417836,14.5347,12.892,-71.0328,-69.3902,-0.00499621,-0.00488068,-0.00717716,48.0315,50.4553,0.1863,2.8499,0.3511,836.3137,15.2941,42.7787,48.1588,28.2851,40.8824,68.1083,85.1354,102.1624,136.2166,35.2485,-8.5444,2.498935,3.331914,1.174871,22,86,19,4,0.02106239,0.00340773,0.43210000,0.00800000,0.800000,0.922703,0.000000,-0.43791582,2026-03-22,2026-07-19,17,138,99,120,0.141667,0.888285,0.890638,0.070208,,,,,,,,GLOBAL_BASELINE_NO_ENTITY_RANKING,,,NOT_APPLICABLE_GLOBAL_BASELINE,HF9g-P5,,,,X 全窗基线 · 不参与实体赏罚,3924594,393,A168_HF9F_20260827_0900,2026-08-27 09:00:00
2026-05-01,42525088,1017,0,103.3591731265,-31.0077519380,-30.5391903532,0.5000000,3,3,0.49771390000000000,0.497713900000,0.006466134837551399,0.0064661348375514,0.006466134837551399,0E-17,ELIGIBLE,R03b_20260811_FULL_v1,L1_ELIGIBILITY,v2026-08-11,2026-03-21..2026-08-06,baccarat_bet02_101_all_pairs_incl_sentinel,round_win = game_pnl > 0 (decisive only),COMPATIBILITY_ONLY_NOT_PRODUCTION,14217.3322,13118.3760,48.4489,296,260,-0.00340773,-0.43210000,0.00581582,-0.01078936,-48.4489,14217.3322,OK,104.9470,2.9069,6.0000,94.0000,AG03-UNRESOLVED,ALL5_LEVELS_bet23_to_bet27,2.9069,2.9069,2.9069,2.9069,2.9069,6.000000,6.000000,6.000000,6.000000,6.000000,94.000000,94.000000,94.000000,94.000000,94.000000,5.0,14.5347,12.892,-71.0328,-69.3902,PENDING_AG03,FALSE,NOT_FOR_ENFORCEMENT,45.5419,12331.2734,-56.4981,-59.4051,-102.0401,-0.00397389,-0.00417836,2.9069,-59.4051,-0.00417836,2.9069,2.9069,2.9069,2.9069,2.9069,-59.4051,-0.00417836,14.5347,12.892,-71.0328,-69.3902,-0.00499621,-0.00488068,-0.00717716,48.0315,50.4553,0.1863,2.8499,0.3511,836.3137,15.2941,42.7787,48.1588,28.2851,40.8824,68.1083,85.1354,102.1624,136.2166,35.2485,-8.5444,2.498935,3.331914,1.174871,22,86,19,4,0.02106239,0.00340773,0.43210000,0.00800000,0.800000,0.922703,0.000000,-0.43791582,2026-03-22,2026-07-19,17,138,99,120,0.141667,0.888285,0.890638,0.070208,,,,,,,,GLOBAL_BASELINE_NO_ENTITY_RANKING,,,NOT_APPLICABLE_GLOBAL_BASELINE,HF9g-P5,,,,X 全窗基线 · 不参与实体赏罚,3924595,393,A168_HF9F_20260827_0900,2026-08-27 09:00:00
2026-05-01,42525088,1325,0,172.2652885443,68.9061154177,70.2842377261,0.6666667,5,3,0.44674026111120110,0.400235022222,0.7662066607032776,0.9418859903813918,0.7662066607032776,0.04650523888920110,ELIGIBLE,R03b_20260811_FULL_v1,L1_ELIGIBILITY,v2026-08-11,2026-03-21..2026-08-06,baccarat_bet02_101_all_pairs_incl_sentinel,round_win = game_pnl > 0 (decisive only),COMPATIBILITY_ONLY_NOT_PRODUCTION,14217.3322,13118.3760,48.4489,296,260,-0.00340773,-0.43210000,0.00581582,-0.01078936,-48.4489,14217.3322,OK,104.9470,2.9069,6.0000,94.0000,AG03-UNRESOLVED,ALL5_LEVELS_bet23_to_bet27,2.9069,2.9069,2.9069,2.9069,2.9069,6.000000,6.000000,6.000000,6.000000,6.000000,94.000000,94.000000,94.000000,94.000000,94.000000,5.0,14.5347,12.892,-71.0328,-69.3902,PENDING_AG03,FALSE,NOT_FOR_ENFORCEMENT,45.5419,12331.2734,-56.4981,-59.4051,-102.0401,-0.00397389,-0.00417836,2.9069,-59.4051,-0.00417836,2.9069,2.9069,2.9069,2.9069,2.9069,-59.4051,-0.00417836,14.5347,12.892,-71.0328,-69.3902,-0.00499621,-0.00488068,-0.00717716,48.0315,50.4553,0.1863,2.8499,0.3511,836.3137,15.2941,42.7787,48.1588,28.2851,40.8824,68.1083,85.1354,102.1624,136.2166,35.2485,-8.5444,2.498935,3.331914,1.174871,22,86,19,4,0.02106239,0.00340773,0.43210000,0.00800000,0.800000,0.922703,0.000000,-0.43791582,2026-03-22,2026-07-19,17,138,99,120,0.141667,0.888285,0.890638,0.070208,,,,,,,,GLOBAL_BASELINE_NO_ENTITY_RANKING,,,NOT_APPLICABLE_GLOBAL_BASELINE,HF9g-P5,,,,X 全窗基线 · 不参与实体赏罚,3924596,393,A168_HF9F_20260827_0900,2026-08-27 09:00:00
2026-05-01,42525088,1505,0,68.9061154177,68.9061154177,69.4573643411,1.0000000,1,1,0.49324550000000000,0.493245500000,1.01360149184955,1.01360149184955,1.01360149184955,0E-17,ELIGIBLE,R03b_20260811_FULL_v1,L1_ELIGIBILITY,v2026-08-11,2026-03-21..2026-08-06,baccarat_bet02_101_all_pairs_incl_sentinel,round_win = game_pnl > 0 (decisive only),COMPATIBILITY_ONLY_NOT_PRODUCTION,14217.3322,13118.3760,48.4489,296,260,-0.00340773,-0.43210000,0.00581582,-0.01078936,-48.4489,14217.3322,OK,104.9470,2.9069,6.0000,94.0000,AG03-UNRESOLVED,ALL5_LEVELS_bet23_to_bet27,2.9069,2.9069,2.9069,2.9069,2.9069,6.000000,6.000000,6.000000,6.000000,6.000000,94.000000,94.000000,94.000000,94.000000,94.000000,5.0,14.5347,12.892,-71.0328,-69.3902,PENDING_AG03,FALSE,NOT_FOR_ENFORCEMENT,45.5419,12331.2734,-56.4981,-59.4051,-102.0401,-0.00397389,-0.00417836,2.9069,-59.4051,-0.00417836,2.9069,2.9069,2.9069,2.9069,2.9069,-59.4051,-0.00417836,14.5347,12.892,-71.0328,-69.3902,-0.00499621,-0.00488068,-0.00717716,48.0315,50.4553,0.1863,2.8499,0.3511,836.3137,15.2941,42.7787,48.1588,28.2851,40.8824,68.1083,85.1354,102.1624,136.2166,35.2485,-8.5444,2.498935,3.331914,1.174871,22,86,19,4,0.02106239,0.00340773,0.43210000,0.00800000,0.800000,0.922703,0.000000,-0.43791582,2026-03-22,2026-07-19,17,138,99,120,0.141667,0.888285,0.890638,0.070208,,,,,,,,GLOBAL_BASELINE_NO_ENTITY_RANKING,,,NOT_APPLICABLE_GLOBAL_BASELINE,HF9g-P5,,,,X 全窗基线 · 不参与实体赏罚,3924597,393,A168_HF9F_20260827_0900,2026-08-27 09:00:00
2026-05-01,42525088,1623,0,101.6365202411,0.8613264428,1.6744186046,0.5000000,4,4,0.49994810000000000,0.499948100000,0.00020760000111838688,0.00020760000111838688,0.00020760000111838688,0E-17,ELIGIBLE,R03b_20260811_FULL_v1,L1_ELIGIBILITY,v2026-08-11,2026-03-21..2026-08-06,baccarat_bet02_101_all_pairs_incl_sentinel,round_win = game_pnl > 0 (decisive only),COMPATIBILITY_ONLY_NOT_PRODUCTION,14217.3322,13118.3760,48.4489,296,260,-0.00340773,-0.43210000,0.00581582,-0.01078936,-48.4489,14217.3322,OK,104.9470,2.9069,6.0000,94.0000,AG03-UNRESOLVED,ALL5_LEVELS_bet23_to_bet27,2.9069,2.9069,2.9069,2.9069,2.9069,6.000000,6.000000,6.000000,6.000000,6.000000,94.000000,94.000000,94.000000,94.000000,94.000000,5.0,14.5347,12.892,-71.0328,-69.3902,PENDING_AG03,FALSE,NOT_FOR_ENFORCEMENT,45.5419,12331.2734,-56.4981,-59.4051,-102.0401,-0.00397389,-0.00417836,2.9069,-59.4051,-0.00417836,2.9069,2.9069,2.9069,2.9069,2.9069,-59.4051,-0.00417836,14.5347,12.892,-71.0328,-69.3902,-0.00499621,-0.00488068,-0.00717716,48.0315,50.4553,0.1863,2.8499,0.3511,836.3137,15.2941,42.7787,48.1588,28.2851,40.8824,68.1083,85.1354,102.1624,136.2166,35.2485,-8.5444,2.498935,3.331914,1.174871,22,86,19,4,0.02106239,0.00340773,0.43210000,0.00800000,0.800000,0.922703,0.000000,-0.43791582,2026-03-22,2026-07-19,17,138,99,120,0.141667,0.888285,0.890638,0.070208,,,,,,,,GLOBAL_BASELINE_NO_ENTITY_RANKING,,,NOT_APPLICABLE_GLOBAL_BASELINE,HF9g-P5,,,,X 全窗基线 · 不参与实体赏罚,3924598,393,A168_HF9F_20260827_0900,2026-08-27 09:00:00
2026-05-01,42525088,1985,0,87.8552971577,-18.9491817399,-18.2463393627,0.5000000,2,2,0.49324550000000000,0.493245500000,0.01910635448239258,0.01910635448239258,0.01910635448239258,0E-17,ELIGIBLE,R03b_20260811_FULL_v1,L1_ELIGIBILITY,v2026-08-11,2026-03-21..2026-08-06,baccarat_bet02_101_all_pairs_incl_sentinel,round_win = game_pnl > 0 (decisive only),COMPATIBILITY_ONLY_NOT_PRODUCTION,14217.3322,13118.3760,48.4489,296,260,-0.00340773,-0.43210000,0.00581582,-0.01078936,-48.4489,14217.3322,OK,104.9470,2.9069,6.0000,94.0000,AG03-UNRESOLVED,ALL5_LEVELS_bet23_to_bet27,2.9069,2.9069,2.9069,2.9069,2.9069,6.000000,6.000000,6.000000,6.000000,6.000000,94.000000,94.000000,94.000000,94.000000,94.000000,5.0,14.5347,12.892,-71.0328,-69.3902,PENDING_AG03,FALSE,NOT_FOR_ENFORCEMENT,45.5419,12331.2734,-56.4981,-59.4051,-102.0401,-0.00397389,-0.00417836,2.9069,-59.4051,-0.00417836,2.9069,2.9069,2.9069,2.9069,2.9069,-59.4051,-0.00417836,14.5347,12.892,-71.0328,-69.3902,-0.00499621,-0.00488068,-0.00717716,48.0315,50.4553,0.1863,2.8499,0.3511,836.3137,15.2941,42.7787,48.1588,28.2851,40.8824,68.1083,85.1354,102.1624,136.2166,35.2485,-8.5444,2.498935,3.331914,1.174871,22,86,19,4,0.02106239,0.00340773,0.43210000,0.00800000,0.800000,0.922703,0.000000,-0.43791582,2026-03-22,2026-07-19,17,138,99,120,0.141667,0.888285,0.890638,0.070208,,,,,,,,GLOBAL_BASELINE_NO_ENTITY_RANKING,,,NOT_APPLICABLE_GLOBAL_BASELINE,HF9g-P5,,,,X 全窗基线 · 不参与实体赏罚,3924599,393,A168_HF9F_20260827_0900,2026-08-27 09:00:00
2026-05-01,42525088,2222,0,51.6795865633,51.6795865633,52.0930232558,1.0000000,1,1,0.49324550000000000,0.493245500000,1.01360149184955,1.01360149184955,1.01360149184955,0E-17,ELIGIBLE,R03b_20260811_FULL_v1,L1_ELIGIBILITY,v2026-08-11,2026-03-21..2026-08-06,baccarat_bet02_101_all_pairs_incl_sentinel,round_win = game_pnl > 0 (decisive only),COMPATIBILITY_ONLY_NOT_PRODUCTION,14217.3322,13118.3760,48.4489,296,260,-0.00340773,-0.43210000,0.00581582,-0.01078936,-48.4489,14217.3322,OK,104.9470,2.9069,6.0000,94.0000,AG03-UNRESOLVED,ALL5_LEVELS_bet23_to_bet27,2.9069,2.9069,2.9069,2.9069,2.9069,6.000000,6.000000,6.000000,6.000000,6.000000,94.000000,94.000000,94.000000,94.000000,94.000000,5.0,14.5347,12.892,-71.0328,-69.3902,PENDING_AG03,FALSE,NOT_FOR_ENFORCEMENT,45.5419,12331.2734,-56.4981,-59.4051,-102.0401,-0.00397389,-0.00417836,2.9069,-59.4051,-0.00417836,2.9069,2.9069,2.9069,2.9069,2.9069,-59.4051,-0.00417836,14.5347,12.892,-71.0328,-69.3902,-0.00499621,-0.00488068,-0.00717716,48.0315,50.4553,0.1863,2.8499,0.3511,836.3137,15.2941,42.7787,48.1588,28.2851,40.8824,68.1083,85.1354,102.1624,136.2166,35.2485,-8.5444,2.498935,3.331914,1.174871,22,86,19,4,0.02106239,0.00340773,0.43210000,0.00800000,0.800000,0.922703,0.000000,-0.43791582,2026-03-22,2026-07-19,17,138,99,120,0.141667,0.888285,0.890638,0.070208,,,,,,,,GLOBAL_BASELINE_NO_ENTITY_RANKING,,,NOT_APPLICABLE_GLOBAL_BASELINE,HF9g-P5,,,,X 全窗基线 · 不参与实体赏罚,3924600,393,A168_HF9F_20260827_0900,2026-08-27 09:00:00
2026-05-01,42525088,2229,0,60.2928509905,-60.2928509905,-59.8105081826,0E-7,1,1,0.49324550000000000,0.493245500000,-0.9865810262130424,-0.9865810262130424,-0.9865810262130424,0E-17,ELIGIBLE,R03b_20260811_FULL_v1,L1_ELIGIBILITY,v2026-08-11,2026-03-21..2026-08-06,baccarat_bet02_101_all_pairs_incl_sentinel,round_win = game_pnl > 0 (decisive only),COMPATIBILITY_ONLY_NOT_PRODUCTION,14217.3322,13118.3760,48.4489,296,260,-0.00340773,-0.43210000,0.00581582,-0.01078936,-48.4489,14217.3322,OK,104.9470,2.9069,6.0000,94.0000,AG03-UNRESOLVED,ALL5_LEVELS_bet23_to_bet27,2.9069,2.9069,2.9069,2.9069,2.9069,6.000000,6.000000,6.000000,6.000000,6.000000,94.000000,94.000000,94.000000,94.000000,94.000000,5.0,14.5347,12.892,-71.0328,-69.3902,PENDING_AG03,FALSE,NOT_FOR_ENFORCEMENT,45.5419,12331.2734,-56.4981,-59.4051,-102.0401,-0.00397389,-0.00417836,2.9069,-59.4051,-0.00417836,2.9069,2.9069,2.9069,2.9069,2.9069,-59.4051,-0.00417836,14.5347,12.892,-71.0328,-69.3902,-0.00499621,-0.00488068,-0.00717716,48.0315,50.4553,0.1863,2.8499,0.3511,836.3137,15.2941,42.7787,48.1588,28.2851,40.8824,68.1083,85.1354,102.1624,136.2166,35.2485,-8.5444,2.498935,3.331914,1.174871,22,86,19,4,0.02106239,0.00340773,0.43210000,0.00800000,0.800000,0.922703,0.000000,-0.43791582,2026-03-22,2026-07-19,17,138,99,120,0.141667,0.888285,0.890638,0.070208,,,,,,,,GLOBAL_BASELINE_NO_ENTITY_RANKING,,,NOT_APPLICABLE_GLOBAL_BASELINE,HF9g-P5,,,,X 全窗基线 · 不参与实体赏罚,3924601,393,A168_HF9F_20260827_0900,2026-08-27 09:00:00
2026-05-01,42525088,2261,0,34.4530577089,34.4530577089,34.7286821705,1.0000000,1,1,0.49324550000000000,0.493245500000,1.01360149184955,1.01360149184955,1.01360149184955,0E-17,ELIGIBLE,R03b_20260811_FULL_v1,L1_ELIGIBILITY,v2026-08-11,2026-03-21..2026-08-06,baccarat_bet02_101_all_pairs_incl_sentinel,round_win = game_pnl > 0 (decisive only),COMPATIBILITY_ONLY_NOT_PRODUCTION,14217.3322,13118.3760,48.4489,296,260,-0.00340773,-0.43210000,0.00581582,-0.01078936,-48.4489,14217.3322,OK,104.9470,2.9069,6.0000,94.0000,AG03-UNRESOLVED,ALL5_LEVELS_bet23_to_bet27,2.9069,2.9069,2.9069,2.9069,2.9069,6.000000,6.000000,6.000000,6.000000,6.000000,94.000000,94.000000,94.000000,94.000000,94.000000,5.0,14.5347,12.892,-71.0328,-69.3902,PENDING_AG03,FALSE,NOT_FOR_ENFORCEMENT,45.5419,12331.2734,-56.4981,-59.4051,-102.0401,-0.00397389,-0.00417836,2.9069,-59.4051,-0.00417836,2.9069,2.9069,2.9069,2.9069,2.9069,-59.4051,-0.00417836,14.5347,12.892,-71.0328,-69.3902,-0.00499621,-0.00488068,-0.00717716,48.0315,50.4553,0.1863,2.8499,0.3511,836.3137,15.2941,42.7787,48.1588,28.2851,40.8824,68.1083,85.1354,102.1624,136.2166,35.2485,-8.5444,2.498935,3.331914,1.174871,22,86,19,4,0.02106239,0.00340773,0.43210000,0.00800000,0.800000,0.922703,0.000000,-0.43791582,2026-03-22,2026-07-19,17,138,99,120,0.141667,0.888285,0.890638,0.070208,,,,,,,,GLOBAL_BASELINE_NO_ENTITY_RANKING,,,NOT_APPLICABLE_GLOBAL_BASELINE,HF9g-P5,,,,X 全窗基线 · 不参与实体赏罚,3924602,393,A168_HF9F_20260827_0900,2026-08-27 09:00:00
2026-05-01,42525088,987,0,392.7648578812,49.9569336777,53.0990525410,0.5454545,12,11,0.46372634090909091,0.463726340909,0.5435558636574938,0.5435558636581055,0.5435558636574938,9.091E-14,ELIGIBLE,R03b_20260811_FULL_v1,L1_ELIGIBILITY,v2026-08-11,2026-03-21..2026-08-06,baccarat_bet02_101_all_pairs_incl_sentinel,round_win = game_pnl > 0 (decisive only),COMPATIBILITY_ONLY_NOT_PRODUCTION,14217.3322,13118.3760,48.4489,296,260,-0.00340773,-0.43210000,0.00581582,-0.01078936,-48.4489,14217.3322,OK,104.9470,2.9069,6.0000,94.0000,AG03-UNRESOLVED,ALL5_LEVELS_bet23_to_bet27,2.9069,2.9069,2.9069,2.9069,2.9069,6.000000,6.000000,6.000000,6.000000,6.000000,94.000000,94.000000,94.000000,94.000000,94.000000,5.0,14.5347,12.892,-71.0328,-69.3902,PENDING_AG03,FALSE,NOT_FOR_ENFORCEMENT,45.5419,12331.2734,-56.4981,-59.4051,-102.0401,-0.00397389,-0.00417836,2.9069,-59.4051,-0.00417836,2.9069,2.9069,2.9069,2.9069,2.9069,-59.4051,-0.00417836,14.5347,12.892,-71.0328,-69.3902,-0.00499621,-0.00488068,-0.00717716,48.0315,50.4553,0.1863,2.8499,0.3511,836.3137,15.2941,42.7787,48.1588,28.2851,40.8824,68.1083,85.1354,102.1624,136.2166,35.2485,-8.5444,2.498935,3.331914,1.174871,22,86,19,4,0.02106239,0.00340773,0.43210000,0.00800000,0.800000,0.922703,0.000000,-0.43791582,2026-03-22,2026-07-19,17,138,99,120,0.141667,0.888285,0.890638,0.070208,,,,,,,,GLOBAL_BASELINE_NO_ENTITY_RANKING,,,NOT_APPLICABLE_GLOBAL_BASELINE,HF9g-P5,,,,X 全窗基线 · 不参与实体赏罚,3924603,393,A168_HF9F_20260827_0900,2026-08-27 09:00:00
2026-05-03,42525088,-1,1,65.4608096469,3.4453057709,3.9689922480,0.5000000,2,2,0.49994810000000000,0.499948100000,0.00014679536856514622,0.00014679536856514622,0.00014679536856514622,0E-17,SENTINEL_DEALER,R03b_20260811_FULL_v1,L1_ELIGIBILITY,v2026-08-11,2026-03-21..2026-08-06,baccarat_bet02_101_all_pairs_incl_sentinel,round_win = game_pnl > 0 (decisive only),COMPATIBILITY_ONLY_NOT_PRODUCTION,14217.3322,13118.3760,48.4489,296,260,-0.00340773,-0.43210000,0.00581582,-0.01078936,-48.4489,14217.3322,OK,104.9470,2.9069,6.0000,94.0000,AG03-UNRESOLVED,ALL5_LEVELS_bet23_to_bet27,2.9069,2.9069,2.9069,2.9069,2.9069,6.000000,6.000000,6.000000,6.000000,6.000000,94.000000,94.000000,94.000000,94.000000,94.000000,5.0,14.5347,12.892,-71.0328,-69.3902,PENDING_AG03,FALSE,NOT_FOR_ENFORCEMENT,45.5419,12331.2734,-56.4981,-59.4051,-102.0401,-0.00397389,-0.00417836,2.9069,-59.4051,-0.00417836,2.9069,2.9069,2.9069,2.9069,2.9069,-59.4051,-0.00417836,14.5347,12.892,-71.0328,-69.3902,-0.00499621,-0.00488068,-0.00717716,48.0315,50.4553,0.1863,2.8499,0.3511,836.3137,15.2941,42.7787,48.1588,28.2851,40.8824,68.1083,85.1354,102.1624,136.2166,35.2485,-8.5444,2.498935,3.331914,1.174871,22,86,19,4,0.02106239,0.00340773,0.43210000,0.00800000,0.800000,0.922703,0.000000,-0.43791582,2026-03-22,2026-07-19,17,138,99,120,0.141667,0.888285,0.890638,0.070208,,,,,,,,GLOBAL_BASELINE_NO_ENTITY_RANKING,,,NOT_APPLICABLE_GLOBAL_BASELINE,HF9g-P5,,,,X 全窗基线 · 不参与实体赏罚,3924604,393,A168_HF9F_20260827_0900,2026-08-27 09:00:00
2026-05-03,42525088,1004,0,165.3746770025,17.2265288545,18.1636520241,0.5000000,3,3,0.50665070000000000,0.506650700000,-0.018812684590367487,-0.018812684590367487,-0.018812684590367487,0E-17,ELIGIBLE,R03b_20260811_FULL_v1,L1_ELIGIBILITY,v2026-08-11,2026-03-21..2026-08-06,baccarat_bet02_101_all_pairs_incl_sentinel,round_win = game_pnl > 0 (decisive only),COMPATIBILITY_ONLY_NOT_PRODUCTION,14217.3322,13118.3760,48.4489,296,260,-0.00340773,-0.43210000,0.00581582,-0.01078936,-48.4489,14217.3322,OK,104.9470,2.9069,6.0000,94.0000,AG03-UNRESOLVED,ALL5_LEVELS_bet23_to_bet27,2.9069,2.9069,2.9069,2.9069,2.9069,6.000000,6.000000,6.000000,6.000000,6.000000,94.000000,94.000000,94.000000,94.000000,94.000000,5.0,14.5347,12.892,-71.0328,-69.3902,PENDING_AG03,FALSE,NOT_FOR_ENFORCEMENT,45.5419,12331.2734,-56.4981,-59.4051,-102.0401,-0.00397389,-0.00417836,2.9069,-59.4051,-0.00417836,2.9069,2.9069,2.9069,2.9069,2.9069,-59.4051,-0.00417836,14.5347,12.892,-71.0328,-69.3902,-0.00499621,-0.00488068,-0.00717716,48.0315,50.4553,0.1863,2.8499,0.3511,836.3137,15.2941,42.7787,48.1588,28.2851,40.8824,68.1083,85.1354,102.1624,136.2166,35.2485,-8.5444,2.498935,3.331914,1.174871,22,86,19,4,0.02106239,0.00340773,0.43210000,0.00800000,0.800000,0.922703,0.000000,-0.43791582,2026-03-22,2026-07-19,17,138,99,120,0.141667,0.888285,0.890638,0.070208,,,,,,,,GLOBAL_BASELINE_NO_ENTITY_RANKING,,,NOT_APPLICABLE_GLOBAL_BASELINE,HF9g-P5,,,,X 全窗基线 · 不参与实体赏罚,3924605,393,A168_HF9F_20260827_0900,2026-08-27 09:00:00
2026-05-03,42525088,1078,0,17.2265288544,-17.2265288544,-17.0887166236,0E-7,1,1,0.49324550000000000,0.493245500000,-0.9865810262130424,-0.9865810262130424,-0.9865810262130424,0E-17,ELIGIBLE,R03b_20260811_FULL_v1,L1_ELIGIBILITY,v2026-08-11,2026-03-21..2026-08-06,baccarat_bet02_101_all_pairs_incl_sentinel,round_win = game_pnl > 0 (decisive only),COMPATIBILITY_ONLY_NOT_PRODUCTION,14217.3322,13118.3760,48.4489,296,260,-0.00340773,-0.43210000,0.00581582,-0.01078936,-48.4489,14217.3322,OK,104.9470,2.9069,6.0000,94.0000,AG03-UNRESOLVED,ALL5_LEVELS_bet23_to_bet27,2.9069,2.9069,2.9069,2.9069,2.9069,6.000000,6.000000,6.000000,6.000000,6.000000,94.000000,94.000000,94.000000,94.000000,94.000000,5.0,14.5347,12.892,-71.0328,-69.3902,PENDING_AG03,FALSE,NOT_FOR_ENFORCEMENT,45.5419,12331.2734,-56.4981,-59.4051,-102.0401,-0.00397389,-0.00417836,2.9069,-59.4051,-0.00417836,2.9069,2.9069,2.9069,2.9069,2.9069,-59.4051,-0.00417836,14.5347,12.892,-71.0328,-69.3902,-0.00499621,-0.00488068,-0.00717716,48.0315,50.4553,0.1863,2.8499,0.3511,836.3137,15.2941,42.7787,48.1588,28.2851,40.8824,68.1083,85.1354,102.1624,136.2166,35.2485,-8.5444,2.498935,3.331914,1.174871,22,86,19,4,0.02106239,0.00340773,0.43210000,0.00800000,0.800000,0.922703,0.000000,-0.43791582,2026-03-22,2026-07-19,17,138,99,120,0.141667,0.888285,0.890638,0.070208,,,,,,,,GLOBAL_BASELINE_NO_ENTITY_RANKING,,,NOT_APPLICABLE_GLOBAL_BASELINE,HF9g-P5,,,,X 全窗基线 · 不参与实体赏罚,3924606,393,A168_HF9F_20260827_0900,2026-08-27 09:00:00
2026-05-03,42525088,1374,0,136.0895779500,-1.7226528854,-0.6339362618,0.3333333,3,3,0.50218230000000000,0.502182300000,-0.5849155494134425,-0.5849155494134426,-0.5849155494134425,0E-17,ELIGIBLE,R03b_20260811_FULL_v1,L1_ELIGIBILITY,v2026-08-11,2026-03-21..2026-08-06,baccarat_bet02_101_all_pairs_incl_sentinel,round_win = game_pnl > 0 (decisive only),COMPATIBILITY_ONLY_NOT_PRODUCTION,14217.3322,13118.3760,48.4489,296,260,-0.00340773,-0.43210000,0.00581582,-0.01078936,-48.4489,14217.3322,OK,104.9470,2.9069,6.0000,94.0000,AG03-UNRESOLVED,ALL5_LEVELS_bet23_to_bet27,2.9069,2.9069,2.9069,2.9069,2.9069,6.000000,6.000000,6.000000,6.000000,6.000000,94.000000,94.000000,94.000000,94.000000,94.000000,5.0,14.5347,12.892,-71.0328,-69.3902,PENDING_AG03,FALSE,NOT_FOR_ENFORCEMENT,45.5419,12331.2734,-56.4981,-59.4051,-102.0401,-0.00397389,-0.00417836,2.9069,-59.4051,-0.00417836,2.9069,2.9069,2.9069,2.9069,2.9069,-59.4051,-0.00417836,14.5347,12.892,-71.0328,-69.3902,-0.00499621,-0.00488068,-0.00717716,48.0315,50.4553,0.1863,2.8499,0.3511,836.3137,15.2941,42.7787,48.1588,28.2851,40.8824,68.1083,85.1354,102.1624,136.2166,35.2485,-8.5444,2.498935,3.331914,1.174871,22,86,19,4,0.02106239,0.00340773,0.43210000,0.00800000,0.800000,0.922703,0.000000,-0.43791582,2026-03-22,2026-07-19,17,138,99,120,0.141667,0.888285,0.890638,0.070208,,,,,,,,GLOBAL_BASELINE_NO_ENTITY_RANKING,,,NOT_APPLICABLE_GLOBAL_BASELINE,HF9g-P5,,,,X 全窗基线 · 不参与实体赏罚,3924607,393,A168_HF9F_20260827_0900,2026-08-27 09:00:00
2026-05-03,42525088,1385,0,34.4530577089,-34.4530577089,-34.1774332472,0E-7,1,1,0.50665070000000000,0.506650700000,-1.013391052207602,-1.013391052207602,-1.013391052207602,0E-17,ELIGIBLE,R03b_20260811_FULL_v1,L1_ELIGIBILITY,v2026-08-11,2026-03-21..2026-08-06,baccarat_bet02_101_all_pairs_incl_sentinel,round_win = game_pnl > 0 (decisive only),COMPATIBILITY_ONLY_NOT_PRODUCTION,14217.3322,13118.3760,48.4489,296,260,-0.00340773,-0.43210000,0.00581582,-0.01078936,-48.4489,14217.3322,OK,104.9470,2.9069,6.0000,94.0000,AG03-UNRESOLVED,ALL5_LEVELS_bet23_to_bet27,2.9069,2.9069,2.9069,2.9069,2.9069,6.000000,6.000000,6.000000,6.000000,6.000000,94.000000,94.000000,94.000000,94.000000,94.000000,5.0,14.5347,12.892,-71.0328,-69.3902,PENDING_AG03,FALSE,NOT_FOR_ENFORCEMENT,45.5419,12331.2734,-56.4981,-59.4051,-102.0401,-0.00397389,-0.00417836,2.9069,-59.4051,-0.00417836,2.9069,2.9069,2.9069,2.9069,2.9069,-59.4051,-0.00417836,14.5347,12.892,-71.0328,-69.3902,-0.00499621,-0.00488068,-0.00717716,48.0315,50.4553,0.1863,2.8499,0.3511,836.3137,15.2941,42.7787,48.1588,28.2851,40.8824,68.1083,85.1354,102.1624,136.2166,35.2485,-8.5444,2.498935,3.331914,1.174871,22,86,19,4,0.02106239,0.00340773,0.43210000,0.00800000,0.800000,0.922703,0.000000,-0.43791582,2026-03-22,2026-07-19,17,138,99,120,0.141667,0.888285,0.890638,0.070208,,,,,,,,GLOBAL_BASELINE_NO_ENTITY_RANKING,,,NOT_APPLICABLE_GLOBAL_BASELINE,HF9g-P5,,,,X 全窗基线 · 不参与实体赏罚,3924608,393,A168_HF9F_20260827_0900,2026-08-27 09:00:00
2026-05-03,42525088,1401,0,55.1248923342,55.1248923342,55.5658914729,1.0000000,1,1,0.49324550000000000,0.493245500000,1.01360149184955,1.01360149184955,1.01360149184955,0E-17,ELIGIBLE,R03b_20260811_FULL_v1,L1_ELIGIBILITY,v2026-08-11,2026-03-21..2026-08-06,baccarat_bet02_101_all_pairs_incl_sentinel,round_win = game_pnl > 0 (decisive only),COMPATIBILITY_ONLY_NOT_PRODUCTION,14217.3322,13118.3760,48.4489,296,260,-0.00340773,-0.43210000,0.00581582,-0.01078936,-48.4489,14217.3322,OK,104.9470,2.9069,6.0000,94.0000,AG03-UNRESOLVED,ALL5_LEVELS_bet23_to_bet27,2.9069,2.9069,2.9069,2.9069,2.9069,6.000000,6.000000,6.000000,6.000000,6.000000,94.000000,94.000000,94.000000,94.000000,94.000000,5.0,14.5347,12.892,-71.0328,-69.3902,PENDING_AG03,FALSE,NOT_FOR_ENFORCEMENT,45.5419,12331.2734,-56.4981,-59.4051,-102.0401,-0.00397389,-0.00417836,2.9069,-59.4051,-0.00417836,2.9069,2.9069,2.9069,2.9069,2.9069,-59.4051,-0.00417836,14.5347,12.892,-71.0328,-69.3902,-0.00499621,-0.00488068,-0.00717716,48.0315,50.4553,0.1863,2.8499,0.3511,836.3137,15.2941,42.7787,48.1588,28.2851,40.8824,68.1083,85.1354,102.1624,136.2166,35.2485,-8.5444,2.498935,3.331914,1.174871,22,86,19,4,0.02106239,0.00340773,0.43210000,0.00800000,0.800000,0.922703,0.000000,-0.43791582,2026-03-22,2026-07-19,17,138,99,120,0.141667,0.888285,0.890638,0.070208,,,,,,,,GLOBAL_BASELINE_NO_ENTITY_RANKING,,,NOT_APPLICABLE_GLOBAL_BASELINE,HF9g-P5,,,,X 全窗基线 · 不参与实体赏罚,3924609,393,A168_HF9F_20260827_0900,2026-08-27 09:00:00
2026-05-03,42525088,1402,0,335.9173126614,-163.6520241171,-161.2403100775,0.2000000,6,6,0.49547970000000000,0.495479700000,-1.3214793953192199,-1.3214793953192199,-1.3214793953192199,0E-17,ELIGIBLE,R03b_20260811_FULL_v1,L1_ELIGIBILITY,v2026-08-11,2026-03-21..2026-08-06,baccarat_bet02_101_all_pairs_incl_sentinel,round_win = game_pnl > 0 (decisive only),COMPATIBILITY_ONLY_NOT_PRODUCTION,14217.3322,13118.3760,48.4489,296,260,-0.00340773,-0.43210000,0.00581582,-0.01078936,-48.4489,14217.3322,OK,104.9470,2.9069,6.0000,94.0000,AG03-UNRESOLVED,ALL5_LEVELS_bet23_to_bet27,2.9069,2.9069,2.9069,2.9069,2.9069,6.000000,6.000000,6.000000,6.000000,6.000000,94.000000,94.000000,94.000000,94.000000,94.000000,5.0,14.5347,12.892,-71.0328,-69.3902,PENDING_AG03,FALSE,NOT_FOR_ENFORCEMENT,45.5419,12331.2734,-56.4981,-59.4051,-102.0401,-0.00397389,-0.00417836,2.9069,-59.4051,-0.00417836,2.9069,2.9069,2.9069,2.9069,2.9069,-59.4051,-0.00417836,14.5347,12.892,-71.0328,-69.3902,-0.00499621,-0.00488068,-0.00717716,48.0315,50.4553,0.1863,2.8499,0.3511,836.3137,15.2941,42.7787,48.1588,28.2851,40.8824,68.1083,85.1354,102.1624,136.2166,35.2485,-8.5444,2.498935,3.331914,1.174871,22,86,19,4,0.02106239,0.00340773,0.43210000,0.00800000,0.800000,0.922703,0.000000,-0.43791582,2026-03-22,2026-07-19,17,138,99,120,0.141667,0.888285,0.890638,0.070208,,,,,,,,GLOBAL_BASELINE_NO_ENTITY_RANKING,,,NOT_APPLICABLE_GLOBAL_BASELINE,HF9g-P5,,,,X 全窗基线 · 不参与实体赏罚,3924610,393,A168_HF9F_20260827_0900,2026-08-27 09:00:00
2026-05-03,42525088,1505,0,275.6244616708,0E-10,2.2049956934,0.5000000,4,4,0.49324550000000000,0.493245500000,0.027020465636507562,0.027020465636507562,0.027020465636507562,0E-17,ELIGIBLE,R03b_20260811_FULL_v1,L1_ELIGIBILITY,v2026-08-11,2026-03-21..2026-08-06,baccarat_bet02_101_all_pairs_incl_sentinel,round_win = game_pnl > 0 (decisive only),COMPATIBILITY_ONLY_NOT_PRODUCTION,14217.3322,13118.3760,48.4489,296,260,-0.00340773,-0.43210000,0.00581582,-0.01078936,-48.4489,14217.3322,OK,104.9470,2.9069,6.0000,94.0000,AG03-UNRESOLVED,ALL5_LEVELS_bet23_to_bet27,2.9069,2.9069,2.9069,2.9069,2.9069,6.000000,6.000000,6.000000,6.000000,6.000000,94.000000,94.000000,94.000000,94.000000,94.000000,5.0,14.5347,12.892,-71.0328,-69.3902,PENDING_AG03,FALSE,NOT_FOR_ENFORCEMENT,45.5419,12331.2734,-56.4981,-59.4051,-102.0401,-0.00397389,-0.00417836,2.9069,-59.4051,-0.00417836,2.9069,2.9069,2.9069,2.9069,2.9069,-59.4051,-0.00417836,14.5347,12.892,-71.0328,-69.3902,-0.00499621,-0.00488068,-0.00717716,48.0315,50.4553,0.1863,2.8499,0.3511,836.3137,15.2941,42.7787,48.1588,28.2851,40.8824,68.1083,85.1354,102.1624,136.2166,35.2485,-8.5444,2.498935,3.331914,1.174871,22,86,19,4,0.02106239,0.00340773,0.43210000,0.00800000,0.800000,0.922703,0.000000,-0.43791582,2026-03-22,2026-07-19,17,138,99,120,0.141667,0.888285,0.890638,0.070208,,,,,,,,GLOBAL_BASELINE_NO_ENTITY_RANKING,,,NOT_APPLICABLE_GLOBAL_BASELINE,HF9g-P5,,,,X 全窗基线 · 不参与实体赏罚,3924611,393,A168_HF9F_20260827_0900,2026-08-27 09:00:00
2026-05-03,42525088,1947,0,51.6795865633,-51.6795865633,-51.2661498708,0E-7,1,1,0.49324550000000000,0.493245500000,-0.9865810262130424,-0.9865810262130424,-0.9865810262130424,0E-17,ELIGIBLE,R03b_20260811_FULL_v1,L1_ELIGIBILITY,v2026-08-11,2026-03-21..2026-08-06,baccarat_bet02_101_all_pairs_incl_sentinel,round_win = game_pnl > 0 (decisive only),COMPATIBILITY_ONLY_NOT_PRODUCTION,14217.3322,13118.3760,48.4489,296,260,-0.00340773,-0.43210000,0.00581582,-0.01078936,-48.4489,14217.3322,OK,104.9470,2.9069,6.0000,94.0000,AG03-UNRESOLVED,ALL5_LEVELS_bet23_to_bet27,2.9069,2.9069,2.9069,2.9069,2.9069,6.000000,6.000000,6.000000,6.000000,6.000000,94.000000,94.000000,94.000000,94.000000,94.000000,5.0,14.5347,12.892,-71.0328,-69.3902,PENDING_AG03,FALSE,NOT_FOR_ENFORCEMENT,45.5419,12331.2734,-56.4981,-59.4051,-102.0401,-0.00397389,-0.00417836,2.9069,-59.4051,-0.00417836,2.9069,2.9069,2.9069,2.9069,2.9069,-59.4051,-0.00417836,14.5347,12.892,-71.0328,-69.3902,-0.00499621,-0.00488068,-0.00717716,48.0315,50.4553,0.1863,2.8499,0.3511,836.3137,15.2941,42.7787,48.1588,28.2851,40.8824,68.1083,85.1354,102.1624,136.2166,35.2485,-8.5444,2.498935,3.331914,1.174871,22,86,19,4,0.02106239,0.00340773,0.43210000,0.00800000,0.800000,0.922703,0.000000,-0.43791582,2026-03-22,2026-07-19,17,138,99,120,0.141667,0.888285,0.890638,0.070208,,,,,,,,GLOBAL_BASELINE_NO_ENTITY_RANKING,,,NOT_APPLICABLE_GLOBAL_BASELINE,HF9g-P5,,,,X 全窗基线 · 不参与实体赏罚,3924612,393,A168_HF9F_20260827_0900,2026-08-27 09:00:00
2026-05-03,42525088,2093,0,17.2265288544,-17.2265288544,-17.0887166236,0E-7,1,1,0.50665070000000000,0.506650700000,-1.013391052207602,-1.013391052207602,-1.013391052207602,0E-17,ELIGIBLE,R03b_20260811_FULL_v1,L1_ELIGIBILITY,v2026-08-11,2026-03-21..2026-08-06,baccarat_bet02_101_all_pairs_incl_sentinel,round_win = game_pnl > 0 (decisive only),COMPATIBILITY_ONLY_NOT_PRODUCTION,14217.3322,13118.3760,48.4489,296,260,-0.00340773,-0.43210000,0.00581582,-0.01078936,-48.4489,14217.3322,OK,104.9470,2.9069,6.0000,94.0000,AG03-UNRESOLVED,ALL5_LEVELS_bet23_to_bet27,2.9069,2.9069,2.9069,2.9069,2.9069,6.000000,6.000000,6.000000,6.000000,6.000000,94.000000,94.000000,94.000000,94.000000,94.000000,5.0,14.5347,12.892,-71.0328,-69.3902,PENDING_AG03,FALSE,NOT_FOR_ENFORCEMENT,45.5419,12331.2734,-56.4981,-59.4051,-102.0401,-0.00397389,-0.00417836,2.9069,-59.4051,-0.00417836,2.9069,2.9069,2.9069,2.9069,2.9069,-59.4051,-0.00417836,14.5347,12.892,-71.0328,-69.3902,-0.00499621,-0.00488068,-0.00717716,48.0315,50.4553,0.1863,2.8499,0.3511,836.3137,15.2941,42.7787,48.1588,28.2851,40.8824,68.1083,85.1354,102.1624,136.2166,35.2485,-8.5444,2.498935,3.331914,1.174871,22,86,19,4,0.02106239,0.00340773,0.43210000,0.00800000,0.800000,0.922703,0.000000,-0.43791582,2026-03-22,2026-07-19,17,138,99,120,0.141667,0.888285,0.890638,0.070208,,,,,,,,GLOBAL_BASELINE_NO_ENTITY_RANKING,,,NOT_APPLICABLE_GLOBAL_BASELINE,HF9g-P5,,,,X 全窗基线 · 不参与实体赏罚,3924613,393,A168_HF9F_20260827_0900,2026-08-27 09:00:00
2026-05-03,42525088,2106,0,103.3591731266,103.3591731266,104.1860465116,1.0000000,1,1,0.49324550000000000,0.493245500000,1.01360149184955,1.01360149184955,1.01360149184955,0E-17,ELIGIBLE,R03b_20260811_FULL_v1,L1_ELIGIBILITY,v2026-08-11,2026-03-21..2026-08-06,baccarat_bet02_101_all_pairs_incl_sentinel,round_win = game_pnl > 0 (decisive only),COMPATIBILITY_ONLY_NOT_PRODUCTION,14217.3322,13118.3760,48.4489,296,260,-0.00340773,-0.43210000,0.00581582,-0.01078936,-48.4489,14217.3322,OK,104.9470,2.9069,6.0000,94.0000,AG03-UNRESOLVED,ALL5_LEVELS_bet23_to_bet27,2.9069,2.9069,2.9069,2.9069,2.9069,6.000000,6.000000,6.000000,6.000000,6.000000,94.000000,94.000000,94.000000,94.000000,94.000000,5.0,14.5347,12.892,-71.0328,-69.3902,PENDING_AG03,FALSE,NOT_FOR_ENFORCEMENT,45.5419,12331.2734,-56.4981,-59.4051,-102.0401,-0.00397389,-0.00417836,2.9069,-59.4051,-0.00417836,2.9069,2.9069,2.9069,2.9069,2.9069,-59.4051,-0.00417836,14.5347,12.892,-71.0328,-69.3902,-0.00499621,-0.00488068,-0.00717716,48.0315,50.4553,0.1863,2.8499,0.3511,836.3137,15.2941,42.7787,48.1588,28.2851,40.8824,68.1083,85.1354,102.1624,136.2166,35.2485,-8.5444,2.498935,3.331914,1.174871,22,86,19,4,0.02106239,0.00340773,0.43210000,0.00800000,0.800000,0.922703,0.000000,-0.43791582,2026-03-22,2026-07-19,17,138,99,120,0.141667,0.888285,0.890638,0.070208,,,,,,,,GLOBAL_BASELINE_NO_ENTITY_RANKING,,,NOT_APPLICABLE_GLOBAL_BASELINE,HF9g-P5,,,,X 全窗基线 · 不参与实体赏罚,3924614,393,A168_HF9F_20260827_0900,2026-08-27 09:00:00
2026-05-03,42525088,2142,0,68.9061154178,-34.4530577089,-34.1774332472,0E-7,2,2,0.49324550000000000,0.493245500000,-0.9865810262130424,-0.9865810262130424,-0.9865810262130424,0E-17,ELIGIBLE,R03b_20260811_FULL_v1,L1_ELIGIBILITY,v2026-08-11,2026-03-21..2026-08-06,baccarat_bet02_101_all_pairs_incl_sentinel,round_win = game_pnl > 0 (decisive only),COMPATIBILITY_ONLY_NOT_PRODUCTION,14217.3322,13118.3760,48.4489,296,260,-0.00340773,-0.43210000,0.00581582,-0.01078936,-48.4489,14217.3322,OK,104.9470,2.9069,6.0000,94.0000,AG03-UNRESOLVED,ALL5_LEVELS_bet23_to_bet27,2.9069,2.9069,2.9069,2.9069,2.9069,6.000000,6.000000,6.000000,6.000000,6.000000,94.000000,94.000000,94.000000,94.000000,94.000000,5.0,14.5347,12.892,-71.0328,-69.3902,PENDING_AG03,FALSE,NOT_FOR_ENFORCEMENT,45.5419,12331.2734,-56.4981,-59.4051,-102.0401,-0.00397389,-0.00417836,2.9069,-59.4051,-0.00417836,2.9069,2.9069,2.9069,2.9069,2.9069,-59.4051,-0.00417836,14.5347,12.892,-71.0328,-69.3902,-0.00499621,-0.00488068,-0.00717716,48.0315,50.4553,0.1863,2.8499,0.3511,836.3137,15.2941,42.7787,48.1588,28.2851,40.8824,68.1083,85.1354,102.1624,136.2166,35.2485,-8.5444,2.498935,3.331914,1.174871,22,86,19,4,0.02106239,0.00340773,0.43210000,0.00800000,0.800000,0.922703,0.000000,-0.43791582,2026-03-22,2026-07-19,17,138,99,120,0.141667,0.888285,0.890638,0.070208,,,,,,,,GLOBAL_BASELINE_NO_ENTITY_RANKING,,,NOT_APPLICABLE_GLOBAL_BASELINE,HF9g-P5,,,,X 全窗基线 · 不参与实体赏罚,3924615,393,A168_HF9F_20260827_0900,2026-08-27 09:00:00
2026-05-03,42525088,2145,0,308.3548664943,136.0895779500,138.5564168818,0.7000000,12,10,0.48374988687497062,0.471151276667,1.3684086953343921,1.4497815804771121,1.3684086953343921,0.01259861020797062,ELIGIBLE,R03b_20260811_FULL_v1,L1_ELIGIBILITY,v2026-08-11,2026-03-21..2026-08-06,baccarat_bet02_101_all_pairs_incl_sentinel,round_win = game_pnl > 0 (decisive only),COMPATIBILITY_ONLY_NOT_PRODUCTION,14217.3322,13118.3760,48.4489,296,260,-0.00340773,-0.43210000,0.00581582,-0.01078936,-48.4489,14217.3322,OK,104.9470,2.9069,6.0000,94.0000,AG03-UNRESOLVED,ALL5_LEVELS_bet23_to_bet27,2.9069,2.9069,2.9069,2.9069,2.9069,6.000000,6.000000,6.000000,6.000000,6.000000,94.000000,94.000000,94.000000,94.000000,94.000000,5.0,14.5347,12.892,-71.0328,-69.3902,PENDING_AG03,FALSE,NOT_FOR_ENFORCEMENT,45.5419,12331.2734,-56.4981,-59.4051,-102.0401,-0.00397389,-0.00417836,2.9069,-59.4051,-0.00417836,2.9069,2.9069,2.9069,2.9069,2.9069,-59.4051,-0.00417836,14.5347,12.892,-71.0328,-69.3902,-0.00499621,-0.00488068,-0.00717716,48.0315,50.4553,0.1863,2.8499,0.3511,836.3137,15.2941,42.7787,48.1588,28.2851,40.8824,68.1083,85.1354,102.1624,136.2166,35.2485,-8.5444,2.498935,3.331914,1.174871,22,86,19,4,0.02106239,0.00340773,0.43210000,0.00800000,0.800000,0.922703,0.000000,-0.43791582,2026-03-22,2026-07-19,17,138,99,120,0.141667,0.888285,0.890638,0.070208,,,,,,,,GLOBAL_BASELINE_NO_ENTITY_RANKING,,,NOT_APPLICABLE_GLOBAL_BASELINE,HF9g-P5,,,,X 全窗基线 · 不参与实体赏罚,3924616,393,A168_HF9F_20260827_0900,2026-08-27 09:00:00
2026-05-03,42525088,2156,0,68.9061154178,0E-10,0.5512489233,0.5000000,2,2,0.49994810000000000,0.499948100000,0.00014679536856514622,0.00014679536856514622,0.00014679536856514622,0E-17,ELIGIBLE,R03b_20260811_FULL_v1,L1_ELIGIBILITY,v2026-08-11,2026-03-21..2026-08-06,baccarat_bet02_101_all_pairs_incl_sentinel,round_win = game_pnl > 0 (decisive only),COMPATIBILITY_ONLY_NOT_PRODUCTION,14217.3322,13118.3760,48.4489,296,260,-0.00340773,-0.43210000,0.00581582,-0.01078936,-48.4489,14217.3322,OK,104.9470,2.9069,6.0000,94.0000,AG03-UNRESOLVED,ALL5_LEVELS_bet23_to_bet27,2.9069,2.9069,2.9069,2.9069,2.9069,6.000000,6.000000,6.000000,6.000000,6.000000,94.000000,94.000000,94.000000,94.000000,94.000000,5.0,14.5347,12.892,-71.0328,-69.3902,PENDING_AG03,FALSE,NOT_FOR_ENFORCEMENT,45.5419,12331.2734,-56.4981,-59.4051,-102.0401,-0.00397389,-0.00417836,2.9069,-59.4051,-0.00417836,2.9069,2.9069,2.9069,2.9069,2.9069,-59.4051,-0.00417836,14.5347,12.892,-71.0328,-69.3902,-0.00499621,-0.00488068,-0.00717716,48.0315,50.4553,0.1863,2.8499,0.3511,836.3137,15.2941,42.7787,48.1588,28.2851,40.8824,68.1083,85.1354,102.1624,136.2166,35.2485,-8.5444,2.498935,3.331914,1.174871,22,86,19,4,0.02106239,0.00340773,0.43210000,0.00800000,0.800000,0.922703,0.000000,-0.43791582,2026-03-22,2026-07-19,17,138,99,120,0.141667,0.888285,0.890638,0.070208,,,,,,,,GLOBAL_BASELINE_NO_ENTITY_RANKING,,,NOT_APPLICABLE_GLOBAL_BASELINE,HF9g-P5,,,,X 全窗基线 · 不参与实体赏罚,3924617,393,A168_HF9F_20260827_0900,2026-08-27 09:00:00
2026-05-03,42525088,2160,0,68.9061154177,-1E-10,0.5512489234,0.6666667,3,3,0.49771390000000000,0.497713900000,0.5852756695216578,0.5852756695216578,0.5852756695216578,0E-17,ELIGIBLE,R03b_20260811_FULL_v1,L1_ELIGIBILITY,v2026-08-11,2026-03-21..2026-08-06,baccarat_bet02_101_all_pairs_incl_sentinel,round_win = game_pnl > 0 (decisive only),COMPATIBILITY_ONLY_NOT_PRODUCTION,14217.3322,13118.3760,48.4489,296,260,-0.00340773,-0.43210000,0.00581582,-0.01078936,-48.4489,14217.3322,OK,104.9470,2.9069,6.0000,94.0000,AG03-UNRESOLVED,ALL5_LEVELS_bet23_to_bet27,2.9069,2.9069,2.9069,2.9069,2.9069,6.000000,6.000000,6.000000,6.000000,6.000000,94.000000,94.000000,94.000000,94.000000,94.000000,5.0,14.5347,12.892,-71.0328,-69.3902,PENDING_AG03,FALSE,NOT_FOR_ENFORCEMENT,45.5419,12331.2734,-56.4981,-59.4051,-102.0401,-0.00397389,-0.00417836,2.9069,-59.4051,-0.00417836,2.9069,2.9069,2.9069,2.9069,2.9069,-59.4051,-0.00417836,14.5347,12.892,-71.0328,-69.3902,-0.00499621,-0.00488068,-0.00717716,48.0315,50.4553,0.1863,2.8499,0.3511,836.3137,15.2941,42.7787,48.1588,28.2851,40.8824,68.1083,85.1354,102.1624,136.2166,35.2485,-8.5444,2.498935,3.331914,1.174871,22,86,19,4,0.02106239,0.00340773,0.43210000,0.00800000,0.800000,0.922703,0.000000,-0.43791582,2026-03-22,2026-07-19,17,138,99,120,0.141667,0.888285,0.890638,0.070208,,,,,,,,GLOBAL_BASELINE_NO_ENTITY_RANKING,,,NOT_APPLICABLE_GLOBAL_BASELINE,HF9g-P5,,,,X 全窗基线 · 不参与实体赏罚,3924618,393,A168_HF9F_20260827_0900,2026-08-27 09:00:00
2026-05-03,42525088,2201,0,86.1326442722,-86.1326442722,-85.4435831180,0E-7,1,1,0.49324550000000000,0.493245500000,-0.9865810262130424,-0.9865810262130424,-0.9865810262130424,0E-17,ELIGIBLE,R03b_20260811_FULL_v1,L1_ELIGIBILITY,v2026-08-11,2026-03-21..2026-08-06,baccarat_bet02_101_all_pairs_incl_sentinel,round_win = game_pnl > 0 (decisive only),COMPATIBILITY_ONLY_NOT_PRODUCTION,14217.3322,13118.3760,48.4489,296,260,-0.00340773,-0.43210000,0.00581582,-0.01078936,-48.4489,14217.3322,OK,104.9470,2.9069,6.0000,94.0000,AG03-UNRESOLVED,ALL5_LEVELS_bet23_to_bet27,2.9069,2.9069,2.9069,2.9069,2.9069,6.000000,6.000000,6.000000,6.000000,6.000000,94.000000,94.000000,94.000000,94.000000,94.000000,5.0,14.5347,12.892,-71.0328,-69.3902,PENDING_AG03,FALSE,NOT_FOR_ENFORCEMENT,45.5419,12331.2734,-56.4981,-59.4051,-102.0401,-0.00397389,-0.00417836,2.9069,-59.4051,-0.00417836,2.9069,2.9069,2.9069,2.9069,2.9069,-59.4051,-0.00417836,14.5347,12.892,-71.0328,-69.3902,-0.00499621,-0.00488068,-0.00717716,48.0315,50.4553,0.1863,2.8499,0.3511,836.3137,15.2941,42.7787,48.1588,28.2851,40.8824,68.1083,85.1354,102.1624,136.2166,35.2485,-8.5444,2.498935,3.331914,1.174871,22,86,19,4,0.02106239,0.00340773,0.43210000,0.00800000,0.800000,0.922703,0.000000,-0.43791582,2026-03-22,2026-07-19,17,138,99,120,0.141667,0.888285,0.890638,0.070208,,,,,,,,GLOBAL_BASELINE_NO_ENTITY_RANKING,,,NOT_APPLICABLE_GLOBAL_BASELINE,HF9g-P5,,,,X 全窗基线 · 不参与实体赏罚,3924619,393,A168_HF9F_20260827_0900,2026-08-27 09:00:00
2026-05-03,42525088,2251,0,68.9061154177,34.4530577089,35.0043066322,1.0000000,3,1,0.38860871250015185,0.214214066667,1.2543055855717236,1.915261735237109,1.2543055855717236,0.17439464583315185,ELIGIBLE,R03b_20260811_FULL_v1,L1_ELIGIBILITY,v2026-08-11,2026-03-21..2026-08-06,baccarat_bet02_101_all_pairs_incl_sentinel,round_win = game_pnl > 0 (decisive only),COMPATIBILITY_ONLY_NOT_PRODUCTION,14217.3322,13118.3760,48.4489,296,260,-0.00340773,-0.43210000,0.00581582,-0.01078936,-48.4489,14217.3322,OK,104.9470,2.9069,6.0000,94.0000,AG03-UNRESOLVED,ALL5_LEVELS_bet23_to_bet27,2.9069,2.9069,2.9069,2.9069,2.9069,6.000000,6.000000,6.000000,6.000000,6.000000,94.000000,94.000000,94.000000,94.000000,94.000000,5.0,14.5347,12.892,-71.0328,-69.3902,PENDING_AG03,FALSE,NOT_FOR_ENFORCEMENT,45.5419,12331.2734,-56.4981,-59.4051,-102.0401,-0.00397389,-0.00417836,2.9069,-59.4051,-0.00417836,2.9069,2.9069,2.9069,2.9069,2.9069,-59.4051,-0.00417836,14.5347,12.892,-71.0328,-69.3902,-0.00499621,-0.00488068,-0.00717716,48.0315,50.4553,0.1863,2.8499,0.3511,836.3137,15.2941,42.7787,48.1588,28.2851,40.8824,68.1083,85.1354,102.1624,136.2166,35.2485,-8.5444,2.498935,3.331914,1.174871,22,86,19,4,0.02106239,0.00340773,0.43210000,0.00800000,0.800000,0.922703,0.000000,-0.43791582,2026-03-22,2026-07-19,17,138,99,120,0.141667,0.888285,0.890638,0.070208,,,,,,,,GLOBAL_BASELINE_NO_ENTITY_RANKING,,,NOT_APPLICABLE_GLOBAL_BASELINE,HF9g-P5,,,,X 全窗基线 · 不参与实体赏罚,3924620,393,A168_HF9F_20260827_0900,2026-08-27 09:00:00
2026-05-03,42525088,2256,0,51.6795865633,-17.2265288545,-16.8130921619,0.5000000,2,2,0.49324550000000000,0.493245500000,0.01910635448239258,0.01910635448239258,0.01910635448239258,0E-17,ELIGIBLE,R03b_20260811_FULL_v1,L1_ELIGIBILITY,v2026-08-11,2026-03-21..2026-08-06,baccarat_bet02_101_all_pairs_incl_sentinel,round_win = game_pnl > 0 (decisive only),COMPATIBILITY_ONLY_NOT_PRODUCTION,14217.3322,13118.3760,48.4489,296,260,-0.00340773,-0.43210000,0.00581582,-0.01078936,-48.4489,14217.3322,OK,104.9470,2.9069,6.0000,94.0000,AG03-UNRESOLVED,ALL5_LEVELS_bet23_to_bet27,2.9069,2.9069,2.9069,2.9069,2.9069,6.000000,6.000000,6.000000,6.000000,6.000000,94.000000,94.000000,94.000000,94.000000,94.000000,5.0,14.5347,12.892,-71.0328,-69.3902,PENDING_AG03,FALSE,NOT_FOR_ENFORCEMENT,45.5419,12331.2734,-56.4981,-59.4051,-102.0401,-0.00397389,-0.00417836,2.9069,-59.4051,-0.00417836,2.9069,2.9069,2.9069,2.9069,2.9069,-59.4051,-0.00417836,14.5347,12.892,-71.0328,-69.3902,-0.00499621,-0.00488068,-0.00717716,48.0315,50.4553,0.1863,2.8499,0.3511,836.3137,15.2941,42.7787,48.1588,28.2851,40.8824,68.1083,85.1354,102.1624,136.2166,35.2485,-8.5444,2.498935,3.331914,1.174871,22,86,19,4,0.02106239,0.00340773,0.43210000,0.00800000,0.800000,0.922703,0.000000,-0.43791582,2026-03-22,2026-07-19,17,138,99,120,0.141667,0.888285,0.890638,0.070208,,,,,,,,GLOBAL_BASELINE_NO_ENTITY_RANKING,,,NOT_APPLICABLE_GLOBAL_BASELINE,HF9g-P5,,,,X 全窗基线 · 不参与实体赏罚,3924621,393,A168_HF9F_20260827_0900,2026-08-27 09:00:00
2026-05-03,42525088,583,0,17.2265288544,-17.2265288544,-17.0887166236,0E-7,1,1,0.49324550000000000,0.493245500000,-0.9865810262130424,-0.9865810262130424,-0.9865810262130424,0E-17,ELIGIBLE,R03b_20260811_FULL_v1,L1_ELIGIBILITY,v2026-08-11,2026-03-21..2026-08-06,baccarat_bet02_101_all_pairs_incl_sentinel,round_win = game_pnl > 0 (decisive only),COMPATIBILITY_ONLY_NOT_PRODUCTION,14217.3322,13118.3760,48.4489,296,260,-0.00340773,-0.43210000,0.00581582,-0.01078936,-48.4489,14217.3322,OK,104.9470,2.9069,6.0000,94.0000,AG03-UNRESOLVED,ALL5_LEVELS_bet23_to_bet27,2.9069,2.9069,2.9069,2.9069,2.9069,6.000000,6.000000,6.000000,6.000000,6.000000,94.000000,94.000000,94.000000,94.000000,94.000000,5.0,14.5347,12.892,-71.0328,-69.3902,PENDING_AG03,FALSE,NOT_FOR_ENFORCEMENT,45.5419,12331.2734,-56.4981,-59.4051,-102.0401,-0.00397389,-0.00417836,2.9069,-59.4051,-0.00417836,2.9069,2.9069,2.9069,2.9069,2.9069,-59.4051,-0.00417836,14.5347,12.892,-71.0328,-69.3902,-0.00499621,-0.00488068,-0.00717716,48.0315,50.4553,0.1863,2.8499,0.3511,836.3137,15.2941,42.7787,48.1588,28.2851,40.8824,68.1083,85.1354,102.1624,136.2166,35.2485,-8.5444,2.498935,3.331914,1.174871,22,86,19,4,0.02106239,0.00340773,0.43210000,0.00800000,0.800000,0.922703,0.000000,-0.43791582,2026-03-22,2026-07-19,17,138,99,120,0.141667,0.888285,0.890638,0.070208,,,,,,,,GLOBAL_BASELINE_NO_ENTITY_RANKING,,,NOT_APPLICABLE_GLOBAL_BASELINE,HF9g-P5,,,,X 全窗基线 · 不参与实体赏罚,3924622,393,A168_HF9F_20260827_0900,2026-08-27 09:00:00
2026-05-03,42525088,970,0,172.2652885444,-172.2652885444,-170.8871662360,0E-7,3,3,0.49771390000000000,0.497713900000,-1.724149546644903,-1.724149546644903,-1.724149546644903,0E-17,ELIGIBLE,R03b_20260811_FULL_v1,L1_ELIGIBILITY,v2026-08-11,2026-03-21..2026-08-06,baccarat_bet02_101_all_pairs_incl_sentinel,round_win = game_pnl > 0 (decisive only),COMPATIBILITY_ONLY_NOT_PRODUCTION,14217.3322,13118.3760,48.4489,296,260,-0.00340773,-0.43210000,0.00581582,-0.01078936,-48.4489,14217.3322,OK,104.9470,2.9069,6.0000,94.0000,AG03-UNRESOLVED,ALL5_LEVELS_bet23_to_bet27,2.9069,2.9069,2.9069,2.9069,2.9069,6.000000,6.000000,6.000000,6.000000,6.000000,94.000000,94.000000,94.000000,94.000000,94.000000,5.0,14.5347,12.892,-71.0328,-69.3902,PENDING_AG03,FALSE,NOT_FOR_ENFORCEMENT,45.5419,12331.2734,-56.4981,-59.4051,-102.0401,-0.00397389,-0.00417836,2.9069,-59.4051,-0.00417836,2.9069,2.9069,2.9069,2.9069,2.9069,-59.4051,-0.00417836,14.5347,12.892,-71.0328,-69.3902,-0.00499621,-0.00488068,-0.00717716,48.0315,50.4553,0.1863,2.8499,0.3511,836.3137,15.2941,42.7787,48.1588,28.2851,40.8824,68.1083,85.1354,102.1624,136.2166,35.2485,-8.5444,2.498935,3.331914,1.174871,22,86,19,4,0.02106239,0.00340773,0.43210000,0.00800000,0.800000,0.922703,0.000000,-0.43791582,2026-03-22,2026-07-19,17,138,99,120,0.141667,0.888285,0.890638,0.070208,,,,,,,,GLOBAL_BASELINE_NO_ENTITY_RANKING,,,NOT_APPLICABLE_GLOBAL_BASELINE,HF9g-P5,,,,X 全窗基线 · 不参与实体赏罚,3924623,393,A168_HF9F_20260827_0900,2026-08-27 09:00:00
2026-05-03,42525088,986,0,137.8122308355,136.0895779500,137.1920757967,1.0000000,3,3,0.49771390000000000,0.497713900000,1.739988277604938,1.739988277604938,1.739988277604938,0E-17,ELIGIBLE,R03b_20260811_FULL_v1,L1_ELIGIBILITY,v2026-08-11,2026-03-21..2026-08-06,baccarat_bet02_101_all_pairs_incl_sentinel,round_win = game_pnl > 0 (decisive only),COMPATIBILITY_ONLY_NOT_PRODUCTION,14217.3322,13118.3760,48.4489,296,260,-0.00340773,-0.43210000,0.00581582,-0.01078936,-48.4489,14217.3322,OK,104.9470,2.9069,6.0000,94.0000,AG03-UNRESOLVED,ALL5_LEVELS_bet23_to_bet27,2.9069,2.9069,2.9069,2.9069,2.9069,6.000000,6.000000,6.000000,6.000000,6.000000,94.000000,94.000000,94.000000,94.000000,94.000000,5.0,14.5347,12.892,-71.0328,-69.3902,PENDING_AG03,FALSE,NOT_FOR_ENFORCEMENT,45.5419,12331.2734,-56.4981,-59.4051,-102.0401,-0.00397389,-0.00417836,2.9069,-59.4051,-0.00417836,2.9069,2.9069,2.9069,2.9069,2.9069,-59.4051,-0.00417836,14.5347,12.892,-71.0328,-69.3902,-0.00499621,-0.00488068,-0.00717716,48.0315,50.4553,0.1863,2.8499,0.3511,836.3137,15.2941,42.7787,48.1588,28.2851,40.8824,68.1083,85.1354,102.1624,136.2166,35.2485,-8.5444,2.498935,3.331914,1.174871,22,86,19,4,0.02106239,0.00340773,0.43210000,0.00800000,0.800000,0.922703,0.000000,-0.43791582,2026-03-22,2026-07-19,17,138,99,120,0.141667,0.888285,0.890638,0.070208,,,,,,,,GLOBAL_BASELINE_NO_ENTITY_RANKING,,,NOT_APPLICABLE_GLOBAL_BASELINE,HF9g-P5,,,,X 全窗基线 · 不参与实体赏罚,3924624,393,A168_HF9F_20260827_0900,2026-08-27 09:00:00
2026-05-04,42525088,1205,0,18.9491817399,18.9491817399,19.1007751938,1.0000000,1,1,0.49324550000000000,0.493245500000,1.01360149184955,1.01360149184955,1.01360149184955,0E-17,ELIGIBLE,R03b_20260811_FULL_v1,L1_ELIGIBILITY,v2026-08-11,2026-03-21..2026-08-06,baccarat_bet02_101_all_pairs_incl_sentinel,round_win = game_pnl > 0 (decisive only),COMPATIBILITY_ONLY_NOT_PRODUCTION,14217.3322,13118.3760,48.4489,296,260,-0.00340773,-0.43210000,0.00581582,-0.01078936,-48.4489,14217.3322,OK,104.9470,2.9069,6.0000,94.0000,AG03-UNRESOLVED,ALL5_LEVELS_bet23_to_bet27,2.9069,2.9069,2.9069,2.9069,2.9069,6.000000,6.000000,6.000000,6.000000,6.000000,94.000000,94.000000,94.000000,94.000000,94.000000,5.0,14.5347,12.892,-71.0328,-69.3902,PENDING_AG03,FALSE,NOT_FOR_ENFORCEMENT,45.5419,12331.2734,-56.4981,-59.4051,-102.0401,-0.00397389,-0.00417836,2.9069,-59.4051,-0.00417836,2.9069,2.9069,2.9069,2.9069,2.9069,-59.4051,-0.00417836,14.5347,12.892,-71.0328,-69.3902,-0.00499621,-0.00488068,-0.00717716,48.0315,50.4553,0.1863,2.8499,0.3511,836.3137,15.2941,42.7787,48.1588,28.2851,40.8824,68.1083,85.1354,102.1624,136.2166,35.2485,-8.5444,2.498935,3.331914,1.174871,22,86,19,4,0.02106239,0.00340773,0.43210000,0.00800000,0.800000,0.922703,0.000000,-0.43791582,2026-03-22,2026-07-19,17,138,99,120,0.141667,0.888285,0.890638,0.070208,,,,,,,,GLOBAL_BASELINE_NO_ENTITY_RANKING,,,NOT_APPLICABLE_GLOBAL_BASELINE,HF9g-P5,,,,X 全窗基线 · 不参与实体赏罚,3924625,393,A168_HF9F_20260827_0900,2026-08-27 09:00:00
2026-05-04,42525088,2080,0,8.6132644272,8.6132644272,8.6821705426,1.0000000,1,1,0.49324550000000000,0.493245500000,1.01360149184955,1.01360149184955,1.01360149184955,0E-17,ELIGIBLE,R03b_20260811_FULL_v1,L1_ELIGIBILITY,v2026-08-11,2026-03-21..2026-08-06,baccarat_bet02_101_all_pairs_incl_sentinel,round_win = game_pnl > 0 (decisive only),COMPATIBILITY_ONLY_NOT_PRODUCTION,14217.3322,13118.3760,48.4489,296,260,-0.00340773,-0.43210000,0.00581582,-0.01078936,-48.4489,14217.3322,OK,104.9470,2.9069,6.0000,94.0000,AG03-UNRESOLVED,ALL5_LEVELS_bet23_to_bet27,2.9069,2.9069,2.9069,2.9069,2.9069,6.000000,6.000000,6.000000,6.000000,6.000000,94.000000,94.000000,94.000000,94.000000,94.000000,5.0,14.5347,12.892,-71.0328,-69.3902,PENDING_AG03,FALSE,NOT_FOR_ENFORCEMENT,45.5419,12331.2734,-56.4981,-59.4051,-102.0401,-0.00397389,-0.00417836,2.9069,-59.4051,-0.00417836,2.9069,2.9069,2.9069,2.9069,2.9069,-59.4051,-0.00417836,14.5347,12.892,-71.0328,-69.3902,-0.00499621,-0.00488068,-0.00717716,48.0315,50.4553,0.1863,2.8499,0.3511,836.3137,15.2941,42.7787,48.1588,28.2851,40.8824,68.1083,85.1354,102.1624,136.2166,35.2485,-8.5444,2.498935,3.331914,1.174871,22,86,19,4,0.02106239,0.00340773,0.43210000,0.00800000,0.800000,0.922703,0.000000,-0.43791582,2026-03-22,2026-07-19,17,138,99,120,0.141667,0.888285,0.890638,0.070208,,,,,,,,GLOBAL_BASELINE_NO_ENTITY_RANKING,,,NOT_APPLICABLE_GLOBAL_BASELINE,HF9g-P5,,,,X 全窗基线 · 不参与实体赏罚,3924626,393,A168_HF9F_20260827_0900,2026-08-27 09:00:00
2026-05-04,42525088,2145,0,75.7967269595,-31.0077519380,-30.7596899225,0E-7,3,3,0.50218230000000000,0.502182300000,-1.0043741665754933,-1.0043741665754933,-1.0043741665754933,0E-17,ELIGIBLE,R03b_20260811_FULL_v1,L1_ELIGIBILITY,v2026-08-11,2026-03-21..2026-08-06,baccarat_bet02_101_all_pairs_incl_sentinel,round_win = game_pnl > 0 (decisive only),COMPATIBILITY_ONLY_NOT_PRODUCTION,14217.3322,13118.3760,48.4489,296,260,-0.00340773,-0.43210000,0.00581582,-0.01078936,-48.4489,14217.3322,OK,104.9470,2.9069,6.0000,94.0000,AG03-UNRESOLVED,ALL5_LEVELS_bet23_to_bet27,2.9069,2.9069,2.9069,2.9069,2.9069,6.000000,6.000000,6.000000,6.000000,6.000000,94.000000,94.000000,94.000000,94.000000,94.000000,5.0,14.5347,12.892,-71.0328,-69.3902,PENDING_AG03,FALSE,NOT_FOR_ENFORCEMENT,45.5419,12331.2734,-56.4981,-59.4051,-102.0401,-0.00397389,-0.00417836,2.9069,-59.4051,-0.00417836,2.9069,2.9069,2.9069,2.9069,2.9069,-59.4051,-0.00417836,14.5347,12.892,-71.0328,-69.3902,-0.00499621,-0.00488068,-0.00717716,48.0315,50.4553,0.1863,2.8499,0.3511,836.3137,15.2941,42.7787,48.1588,28.2851,40.8824,68.1083,85.1354,102.1624,136.2166,35.2485,-8.5444,2.498935,3.331914,1.174871,22,86,19,4,0.02106239,0.00340773,0.43210000,0.00800000,0.800000,0.922703,0.000000,-0.43791582,2026-03-22,2026-07-19,17,138,99,120,0.141667,0.888285,0.890638,0.070208,,,,,,,,GLOBAL_BASELINE_NO_ENTITY_RANKING,,,NOT_APPLICABLE_GLOBAL_BASELINE,HF9g-P5,,,,X 全窗基线 · 不参与实体赏罚,3924627,393,A168_HF9F_20260827_0900,2026-08-27 09:00:00
2026-05-04,42525088,2256,0,17.2265288544,-17.2265288544,-17.0887166236,0E-7,1,1,0.50665070000000000,0.506650700000,-1.013391052207602,-1.013391052207602,-1.013391052207602,0E-17,ELIGIBLE,R03b_20260811_FULL_v1,L1_ELIGIBILITY,v2026-08-11,2026-03-21..2026-08-06,baccarat_bet02_101_all_pairs_incl_sentinel,round_win = game_pnl > 0 (decisive only),COMPATIBILITY_ONLY_NOT_PRODUCTION,14217.3322,13118.3760,48.4489,296,260,-0.00340773,-0.43210000,0.00581582,-0.01078936,-48.4489,14217.3322,OK,104.9470,2.9069,6.0000,94.0000,AG03-UNRESOLVED,ALL5_LEVELS_bet23_to_bet27,2.9069,2.9069,2.9069,2.9069,2.9069,6.000000,6.000000,6.000000,6.000000,6.000000,94.000000,94.000000,94.000000,94.000000,94.000000,5.0,14.5347,12.892,-71.0328,-69.3902,PENDING_AG03,FALSE,NOT_FOR_ENFORCEMENT,45.5419,12331.2734,-56.4981,-59.4051,-102.0401,-0.00397389,-0.00417836,2.9069,-59.4051,-0.00417836,2.9069,2.9069,2.9069,2.9069,2.9069,-59.4051,-0.00417836,14.5347,12.892,-71.0328,-69.3902,-0.00499621,-0.00488068,-0.00717716,48.0315,50.4553,0.1863,2.8499,0.3511,836.3137,15.2941,42.7787,48.1588,28.2851,40.8824,68.1083,85.1354,102.1624,136.2166,35.2485,-8.5444,2.498935,3.331914,1.174871,22,86,19,4,0.02106239,0.00340773,0.43210000,0.00800000,0.800000,0.922703,0.000000,-0.43791582,2026-03-22,2026-07-19,17,138,99,120,0.141667,0.888285,0.890638,0.070208,,,,,,,,GLOBAL_BASELINE_NO_ENTITY_RANKING,,,NOT_APPLICABLE_GLOBAL_BASELINE,HF9g-P5,,,,X 全窗基线 · 不参与实体赏罚,3924628,393,A168_HF9F_20260827_0900,2026-08-27 09:00:00
2026-05-04,42525088,2258,0,20.6718346253,20.6718346253,20.8372093023,1.0000000,1,1,0.49324550000000000,0.493245500000,1.01360149184955,1.01360149184955,1.01360149184955,0E-17,ELIGIBLE,R03b_20260811_FULL_v1,L1_ELIGIBILITY,v2026-08-11,2026-03-21..2026-08-06,baccarat_bet02_101_all_pairs_incl_sentinel,round_win = game_pnl > 0 (decisive only),COMPATIBILITY_ONLY_NOT_PRODUCTION,14217.3322,13118.3760,48.4489,296,260,-0.00340773,-0.43210000,0.00581582,-0.01078936,-48.4489,14217.3322,OK,104.9470,2.9069,6.0000,94.0000,AG03-UNRESOLVED,ALL5_LEVELS_bet23_to_bet27,2.9069,2.9069,2.9069,2.9069,2.9069,6.000000,6.000000,6.000000,6.000000,6.000000,94.000000,94.000000,94.000000,94.000000,94.000000,5.0,14.5347,12.892,-71.0328,-69.3902,PENDING_AG03,FALSE,NOT_FOR_ENFORCEMENT,45.5419,12331.2734,-56.4981,-59.4051,-102.0401,-0.00397389,-0.00417836,2.9069,-59.4051,-0.00417836,2.9069,2.9069,2.9069,2.9069,2.9069,-59.4051,-0.00417836,14.5347,12.892,-71.0328,-69.3902,-0.00499621,-0.00488068,-0.00717716,48.0315,50.4553,0.1863,2.8499,0.3511,836.3137,15.2941,42.7787,48.1588,28.2851,40.8824,68.1083,85.1354,102.1624,136.2166,35.2485,-8.5444,2.498935,3.331914,1.174871,22,86,19,4,0.02106239,0.00340773,0.43210000,0.00800000,0.800000,0.922703,0.000000,-0.43791582,2026-03-22,2026-07-19,17,138,99,120,0.141667,0.888285,0.890638,0.070208,,,,,,,,GLOBAL_BASELINE_NO_ENTITY_RANKING,,,NOT_APPLICABLE_GLOBAL_BASELINE,HF9g-P5,,,,X 全窗基线 · 不参与实体赏罚,3924629,393,A168_HF9F_20260827_0900,2026-08-27 09:00:00
2026-05-04,42525088,986,0,24.1171403962,-24.1171403962,-23.9242032730,0E-7,1,1,0.49324550000000000,0.493245500000,-0.9865810262130424,-0.9865810262130424,-0.9865810262130424,0E-17,ELIGIBLE,R03b_20260811_FULL_v1,L1_ELIGIBILITY,v2026-08-11,2026-03-21..2026-08-06,baccarat_bet02_101_all_pairs_incl_sentinel,round_win = game_pnl > 0 (decisive only),COMPATIBILITY_ONLY_NOT_PRODUCTION,14217.3322,13118.3760,48.4489,296,260,-0.00340773,-0.43210000,0.00581582,-0.01078936,-48.4489,14217.3322,OK,104.9470,2.9069,6.0000,94.0000,AG03-UNRESOLVED,ALL5_LEVELS_bet23_to_bet27,2.9069,2.9069,2.9069,2.9069,2.9069,6.000000,6.000000,6.000000,6.000000,6.000000,94.000000,94.000000,94.000000,94.000000,94.000000,5.0,14.5347,12.892,-71.0328,-69.3902,PENDING_AG03,FALSE,NOT_FOR_ENFORCEMENT,45.5419,12331.2734,-56.4981,-59.4051,-102.0401,-0.00397389,-0.00417836,2.9069,-59.4051,-0.00417836,2.9069,2.9069,2.9069,2.9069,2.9069,-59.4051,-0.00417836,14.5347,12.892,-71.0328,-69.3902,-0.00499621,-0.00488068,-0.00717716,48.0315,50.4553,0.1863,2.8499,0.3511,836.3137,15.2941,42.7787,48.1588,28.2851,40.8824,68.1083,85.1354,102.1624,136.2166,35.2485,-8.5444,2.498935,3.331914,1.174871,22,86,19,4,0.02106239,0.00340773,0.43210000,0.00800000,0.800000,0.922703,0.000000,-0.43791582,2026-03-22,2026-07-19,17,138,99,120,0.141667,0.888285,0.890638,0.070208,,,,,,,,GLOBAL_BASELINE_NO_ENTITY_RANKING,,,NOT_APPLICABLE_GLOBAL_BASELINE,HF9g-P5,,,,X 全窗基线 · 不参与实体赏罚,3924630,393,A168_HF9F_20260827_0900,2026-08-27 09:00:00
2026-05-06,42525088,-1,1,51.6795865633,49.9569336778,50.3703703704,1.0000000,2,2,0.49994810000000000,0.499948100000,1.4143603653603398,1.4143603653603398,1.4143603653603398,0E-17,SENTINEL_DEALER,R03b_20260811_FULL_v1,L1_ELIGIBILITY,v2026-08-11,2026-03-21..2026-08-06,baccarat_bet02_101_all_pairs_incl_sentinel,round_win = game_pnl > 0 (decisive only),COMPATIBILITY_ONLY_NOT_PRODUCTION,14217.3322,13118.3760,48.4489,296,260,-0.00340773,-0.43210000,0.00581582,-0.01078936,-48.4489,14217.3322,OK,104.9470,2.9069,6.0000,94.0000,AG03-UNRESOLVED,ALL5_LEVELS_bet23_to_bet27,2.9069,2.9069,2.9069,2.9069,2.9069,6.000000,6.000000,6.000000,6.000000,6.000000,94.000000,94.000000,94.000000,94.000000,94.000000,5.0,14.5347,12.892,-71.0328,-69.3902,PENDING_AG03,FALSE,NOT_FOR_ENFORCEMENT,45.5419,12331.2734,-56.4981,-59.4051,-102.0401,-0.00397389,-0.00417836,2.9069,-59.4051,-0.00417836,2.9069,2.9069,2.9069,2.9069,2.9069,-59.4051,-0.00417836,14.5347,12.892,-71.0328,-69.3902,-0.00499621,-0.00488068,-0.00717716,48.0315,50.4553,0.1863,2.8499,0.3511,836.3137,15.2941,42.7787,48.1588,28.2851,40.8824,68.1083,85.1354,102.1624,136.2166,35.2485,-8.5444,2.498935,3.331914,1.174871,22,86,19,4,0.02106239,0.00340773,0.43210000,0.00800000,0.800000,0.922703,0.000000,-0.43791582,2026-03-22,2026-07-19,17,138,99,120,0.141667,0.888285,0.890638,0.070208,,,,,,,,GLOBAL_BASELINE_NO_ENTITY_RANKING,,,NOT_APPLICABLE_GLOBAL_BASELINE,HF9g-P5,,,,X 全窗基线 · 不参与实体赏罚,3924631,393,A168_HF9F_20260827_0900,2026-08-27 09:00:00
2026-05-06,42525088,1094,0,44.7889750215,-44.7889750215,-44.4306632214,0E-7,1,1,0.49324550000000000,0.493245500000,-0.9865810262130424,-0.9865810262130424,-0.9865810262130424,0E-17,ELIGIBLE,R03b_20260811_FULL_v1,L1_ELIGIBILITY,v2026-08-11,2026-03-21..2026-08-06,baccarat_bet02_101_all_pairs_incl_sentinel,round_win = game_pnl > 0 (decisive only),COMPATIBILITY_ONLY_NOT_PRODUCTION,14217.3322,13118.3760,48.4489,296,260,-0.00340773,-0.43210000,0.00581582,-0.01078936,-48.4489,14217.3322,OK,104.9470,2.9069,6.0000,94.0000,AG03-UNRESOLVED,ALL5_LEVELS_bet23_to_bet27,2.9069,2.9069,2.9069,2.9069,2.9069,6.000000,6.000000,6.000000,6.000000,6.000000,94.000000,94.000000,94.000000,94.000000,94.000000,5.0,14.5347,12.892,-71.0328,-69.3902,PENDING_AG03,FALSE,NOT_FOR_ENFORCEMENT,45.5419,12331.2734,-56.4981,-59.4051,-102.0401,-0.00397389,-0.00417836,2.9069,-59.4051,-0.00417836,2.9069,2.9069,2.9069,2.9069,2.9069,-59.4051,-0.00417836,14.5347,12.892,-71.0328,-69.3902,-0.00499621,-0.00488068,-0.00717716,48.0315,50.4553,0.1863,2.8499,0.3511,836.3137,15.2941,42.7787,48.1588,28.2851,40.8824,68.1083,85.1354,102.1624,136.2166,35.2485,-8.5444,2.498935,3.331914,1.174871,22,86,19,4,0.02106239,0.00340773,0.43210000,0.00800000,0.800000,0.922703,0.000000,-0.43791582,2026-03-22,2026-07-19,17,138,99,120,0.141667,0.888285,0.890638,0.070208,,,,,,,,GLOBAL_BASELINE_NO_ENTITY_RANKING,,,NOT_APPLICABLE_GLOBAL_BASELINE,HF9g-P5,,,,X 全窗基线 · 不参与实体赏罚,3924632,393,A168_HF9F_20260827_0900,2026-08-27 09:00:00
2026-05-06,42525088,1221,0,34.4530577089,-34.4530577089,-34.1774332472,0E-7,1,1,0.49324550000000000,0.493245500000,-0.9865810262130424,-0.9865810262130424,-0.9865810262130424,0E-17,ELIGIBLE,R03b_20260811_FULL_v1,L1_ELIGIBILITY,v2026-08-11,2026-03-21..2026-08-06,baccarat_bet02_101_all_pairs_incl_sentinel,round_win = game_pnl > 0 (decisive only),COMPATIBILITY_ONLY_NOT_PRODUCTION,14217.3322,13118.3760,48.4489,296,260,-0.00340773,-0.43210000,0.00581582,-0.01078936,-48.4489,14217.3322,OK,104.9470,2.9069,6.0000,94.0000,AG03-UNRESOLVED,ALL5_LEVELS_bet23_to_bet27,2.9069,2.9069,2.9069,2.9069,2.9069,6.000000,6.000000,6.000000,6.000000,6.000000,94.000000,94.000000,94.000000,94.000000,94.000000,5.0,14.5347,12.892,-71.0328,-69.3902,PENDING_AG03,FALSE,NOT_FOR_ENFORCEMENT,45.5419,12331.2734,-56.4981,-59.4051,-102.0401,-0.00397389,-0.00417836,2.9069,-59.4051,-0.00417836,2.9069,2.9069,2.9069,2.9069,2.9069,-59.4051,-0.00417836,14.5347,12.892,-71.0328,-69.3902,-0.00499621,-0.00488068,-0.00717716,48.0315,50.4553,0.1863,2.8499,0.3511,836.3137,15.2941,42.7787,48.1588,28.2851,40.8824,68.1083,85.1354,102.1624,136.2166,35.2485,-8.5444,2.498935,3.331914,1.174871,22,86,19,4,0.02106239,0.00340773,0.43210000,0.00800000,0.800000,0.922703,0.000000,-0.43791582,2026-03-22,2026-07-19,17,138,99,120,0.141667,0.888285,0.890638,0.070208,,,,,,,,GLOBAL_BASELINE_NO_ENTITY_RANKING,,,NOT_APPLICABLE_GLOBAL_BASELINE,HF9g-P5,,,,X 全窗基线 · 不参与实体赏罚,3924633,393,A168_HF9F_20260827_0900,2026-08-27 09:00:00
2026-05-06,42525088,1305,0,36.1757105943,-36.1757105943,-35.8863049096,0E-7,1,1,0.49324550000000000,0.493245500000,-0.9865810262130424,-0.9865810262130424,-0.9865810262130424,0E-17,ELIGIBLE,R03b_20260811_FULL_v1,L1_ELIGIBILITY,v2026-08-11,2026-03-21..2026-08-06,baccarat_bet02_101_all_pairs_incl_sentinel,round_win = game_pnl > 0 (decisive only),COMPATIBILITY_ONLY_NOT_PRODUCTION,14217.3322,13118.3760,48.4489,296,260,-0.00340773,-0.43210000,0.00581582,-0.01078936,-48.4489,14217.3322,OK,104.9470,2.9069,6.0000,94.0000,AG03-UNRESOLVED,ALL5_LEVELS_bet23_to_bet27,2.9069,2.9069,2.9069,2.9069,2.9069,6.000000,6.000000,6.000000,6.000000,6.000000,94.000000,94.000000,94.000000,94.000000,94.000000,5.0,14.5347,12.892,-71.0328,-69.3902,PENDING_AG03,FALSE,NOT_FOR_ENFORCEMENT,45.5419,12331.2734,-56.4981,-59.4051,-102.0401,-0.00397389,-0.00417836,2.9069,-59.4051,-0.00417836,2.9069,2.9069,2.9069,2.9069,2.9069,-59.4051,-0.00417836,14.5347,12.892,-71.0328,-69.3902,-0.00499621,-0.00488068,-0.00717716,48.0315,50.4553,0.1863,2.8499,0.3511,836.3137,15.2941,42.7787,48.1588,28.2851,40.8824,68.1083,85.1354,102.1624,136.2166,35.2485,-8.5444,2.498935,3.331914,1.174871,22,86,19,4,0.02106239,0.00340773,0.43210000,0.00800000,0.800000,0.922703,0.000000,-0.43791582,2026-03-22,2026-07-19,17,138,99,120,0.141667,0.888285,0.890638,0.070208,,,,,,,,GLOBAL_BASELINE_NO_ENTITY_RANKING,,,NOT_APPLICABLE_GLOBAL_BASELINE,HF9g-P5,,,,X 全窗基线 · 不参与实体赏罚,3924634,393,A168_HF9F_20260827_0900,2026-08-27 09:00:00
2026-05-06,42525088,919,0,44.7889750215,44.7889750215,45.1472868217,1.0000000,2,2,0.49324550000000000,0.493245500000,1.4334489766152358,1.4334489766152358,1.4334489766152358,0E-17,ELIGIBLE,R03b_20260811_FULL_v1,L1_ELIGIBILITY,v2026-08-11,2026-03-21..2026-08-06,baccarat_bet02_101_all_pairs_incl_sentinel,round_win = game_pnl > 0 (decisive only),COMPATIBILITY_ONLY_NOT_PRODUCTION,14217.3322,13118.3760,48.4489,296,260,-0.00340773,-0.43210000,0.00581582,-0.01078936,-48.4489,14217.3322,OK,104.9470,2.9069,6.0000,94.0000,AG03-UNRESOLVED,ALL5_LEVELS_bet23_to_bet27,2.9069,2.9069,2.9069,2.9069,2.9069,6.000000,6.000000,6.000000,6.000000,6.000000,94.000000,94.000000,94.000000,94.000000,94.000000,5.0,14.5347,12.892,-71.0328,-69.3902,PENDING_AG03,FALSE,NOT_FOR_ENFORCEMENT,45.5419,12331.2734,-56.4981,-59.4051,-102.0401,-0.00397389,-0.00417836,2.9069,-59.4051,-0.00417836,2.9069,2.9069,2.9069,2.9069,2.9069,-59.4051,-0.00417836,14.5347,12.892,-71.0328,-69.3902,-0.00499621,-0.00488068,-0.00717716,48.0315,50.4553,0.1863,2.8499,0.3511,836.3137,15.2941,42.7787,48.1588,28.2851,40.8824,68.1083,85.1354,102.1624,136.2166,35.2485,-8.5444,2.498935,3.331914,1.174871,22,86,19,4,0.02106239,0.00340773,0.43210000,0.00800000,0.800000,0.922703,0.000000,-0.43791582,2026-03-22,2026-07-19,17,138,99,120,0.141667,0.888285,0.890638,0.070208,,,,,,,,GLOBAL_BASELINE_NO_ENTITY_RANKING,,,NOT_APPLICABLE_GLOBAL_BASELINE,HF9g-P5,,,,X 全窗基线 · 不参与实体赏罚,3924635,393,A168_HF9F_20260827_0900,2026-08-27 09:00:00
2026-05-10,42525088,-1,1,68.9061154178,0E-10,0.5512489233,0.5000000,2,2,0.49994810000000000,0.499948100000,0.00014679536856514622,0.00014679536856514622,0.00014679536856514622,0E-17,SENTINEL_DEALER,R03b_20260811_FULL_v1,L1_ELIGIBILITY,v2026-08-11,2026-03-21..2026-08-06,baccarat_bet02_101_all_pairs_incl_sentinel,round_win = game_pnl > 0 (decisive only),COMPATIBILITY_ONLY_NOT_PRODUCTION,14217.3322,13118.3760,48.4489,296,260,-0.00340773,-0.43210000,0.00581582,-0.01078936,-48.4489,14217.3322,OK,104.9470,2.9069,6.0000,94.0000,AG03-UNRESOLVED,ALL5_LEVELS_bet23_to_bet27,2.9069,2.9069,2.9069,2.9069,2.9069,6.000000,6.000000,6.000000,6.000000,6.000000,94.000000,94.000000,94.000000,94.000000,94.000000,5.0,14.5347,12.892,-71.0328,-69.3902,PENDING_AG03,FALSE,NOT_FOR_ENFORCEMENT,45.5419,12331.2734,-56.4981,-59.4051,-102.0401,-0.00397389,-0.00417836,2.9069,-59.4051,-0.00417836,2.9069,2.9069,2.9069,2.9069,2.9069,-59.4051,-0.00417836,14.5347,12.892,-71.0328,-69.3902,-0.00499621,-0.00488068,-0.00717716,48.0315,50.4553,0.1863,2.8499,0.3511,836.3137,15.2941,42.7787,48.1588,28.2851,40.8824,68.1083,85.1354,102.1624,136.2166,35.2485,-8.5444,2.498935,3.331914,1.174871,22,86,19,4,0.02106239,0.00340773,0.43210000,0.00800000,0.800000,0.922703,0.000000,-0.43791582,2026-03-22,2026-07-19,17,138,99,120,0.141667,0.888285,0.890638,0.070208,,,,,,,,GLOBAL_BASELINE_NO_ENTITY_RANKING,,,NOT_APPLICABLE_GLOBAL_BASELINE,HF9g-P5,,,,X 全窗基线 · 不参与实体赏罚,3924636,393,A168_HF9F_20260827_0900,2026-08-27 09:00:00
2026-05-10,42525088,1396,0,55.1248923342,54.1774332472,54.6184323859,1.0000000,2,2,0.49994810000000000,0.499948100000,1.4143603653603398,1.4143603653603398,1.4143603653603398,0E-17,ELIGIBLE,R03b_20260811_FULL_v1,L1_ELIGIBILITY,v2026-08-11,2026-03-21..2026-08-06,baccarat_bet02_101_all_pairs_incl_sentinel,round_win = game_pnl > 0 (decisive only),COMPATIBILITY_ONLY_NOT_PRODUCTION,14217.3322,13118.3760,48.4489,296,260,-0.00340773,-0.43210000,0.00581582,-0.01078936,-48.4489,14217.3322,OK,104.9470,2.9069,6.0000,94.0000,AG03-UNRESOLVED,ALL5_LEVELS_bet23_to_bet27,2.9069,2.9069,2.9069,2.9069,2.9069,6.000000,6.000000,6.000000,6.000000,6.000000,94.000000,94.000000,94.000000,94.000000,94.000000,5.0,14.5347,12.892,-71.0328,-69.3902,PENDING_AG03,FALSE,NOT_FOR_ENFORCEMENT,45.5419,12331.2734,-56.4981,-59.4051,-102.0401,-0.00397389,-0.00417836,2.9069,-59.4051,-0.00417836,2.9069,2.9069,2.9069,2.9069,2.9069,-59.4051,-0.00417836,14.5347,12.892,-71.0328,-69.3902,-0.00499621,-0.00488068,-0.00717716,48.0315,50.4553,0.1863,2.8499,0.3511,836.3137,15.2941,42.7787,48.1588,28.2851,40.8824,68.1083,85.1354,102.1624,136.2166,35.2485,-8.5444,2.498935,3.331914,1.174871,22,86,19,4,0.02106239,0.00340773,0.43210000,0.00800000,0.800000,0.922703,0.000000,-0.43791582,2026-03-22,2026-07-19,17,138,99,120,0.141667,0.888285,0.890638,0.070208,,,,,,,,GLOBAL_BASELINE_NO_ENTITY_RANKING,,,NOT_APPLICABLE_GLOBAL_BASELINE,HF9g-P5,,,,X 全窗基线 · 不参与实体赏罚,3924637,393,A168_HF9F_20260827_0900,2026-08-27 09:00:00
2026-05-10,42525088,2103,0,68.9061154178,-1.7226528855,-1.1714039621,0.5000000,2,2,0.49994810000000000,0.499948100000,0.00014679536856514622,0.00014679536856514622,0.00014679536856514622,0E-17,ELIGIBLE,R03b_20260811_FULL_v1,L1_ELIGIBILITY,v2026-08-11,2026-03-21..2026-08-06,baccarat_bet02_101_all_pairs_incl_sentinel,round_win = game_pnl > 0 (decisive only),COMPATIBILITY_ONLY_NOT_PRODUCTION,14217.3322,13118.3760,48.4489,296,260,-0.00340773,-0.43210000,0.00581582,-0.01078936,-48.4489,14217.3322,OK,104.9470,2.9069,6.0000,94.0000,AG03-UNRESOLVED,ALL5_LEVELS_bet23_to_bet27,2.9069,2.9069,2.9069,2.9069,2.9069,6.000000,6.000000,6.000000,6.000000,6.000000,94.000000,94.000000,94.000000,94.000000,94.000000,5.0,14.5347,12.892,-71.0328,-69.3902,PENDING_AG03,FALSE,NOT_FOR_ENFORCEMENT,45.5419,12331.2734,-56.4981,-59.4051,-102.0401,-0.00397389,-0.00417836,2.9069,-59.4051,-0.00417836,2.9069,2.9069,2.9069,2.9069,2.9069,-59.4051,-0.00417836,14.5347,12.892,-71.0328,-69.3902,-0.00499621,-0.00488068,-0.00717716,48.0315,50.4553,0.1863,2.8499,0.3511,836.3137,15.2941,42.7787,48.1588,28.2851,40.8824,68.1083,85.1354,102.1624,136.2166,35.2485,-8.5444,2.498935,3.331914,1.174871,22,86,19,4,0.02106239,0.00340773,0.43210000,0.00800000,0.800000,0.922703,0.000000,-0.43791582,2026-03-22,2026-07-19,17,138,99,120,0.141667,0.888285,0.890638,0.070208,,,,,,,,GLOBAL_BASELINE_NO_ENTITY_RANKING,,,NOT_APPLICABLE_GLOBAL_BASELINE,HF9g-P5,,,,X 全窗基线 · 不参与实体赏罚,3924638,393,A168_HF9F_20260827_0900,2026-08-27 09:00:00
2026-05-10,42525088,595,0,34.4530577089,-34.4530577089,-34.1774332472,0E-7,1,1,0.50665070000000000,0.506650700000,-1.013391052207602,-1.013391052207602,-1.013391052207602,0E-17,ELIGIBLE,R03b_20260811_FULL_v1,L1_ELIGIBILITY,v2026-08-11,2026-03-21..2026-08-06,baccarat_bet02_101_all_pairs_incl_sentinel,round_win = game_pnl > 0 (decisive only),COMPATIBILITY_ONLY_NOT_PRODUCTION,14217.3322,13118.3760,48.4489,296,260,-0.00340773,-0.43210000,0.00581582,-0.01078936,-48.4489,14217.3322,OK,104.9470,2.9069,6.0000,94.0000,AG03-UNRESOLVED,ALL5_LEVELS_bet23_to_bet27,2.9069,2.9069,2.9069,2.9069,2.9069,6.000000,6.000000,6.000000,6.000000,6.000000,94.000000,94.000000,94.000000,94.000000,94.000000,5.0,14.5347,12.892,-71.0328,-69.3902,PENDING_AG03,FALSE,NOT_FOR_ENFORCEMENT,45.5419,12331.2734,-56.4981,-59.4051,-102.0401,-0.00397389,-0.00417836,2.9069,-59.4051,-0.00417836,2.9069,2.9069,2.9069,2.9069,2.9069,-59.4051,-0.00417836,14.5347,12.892,-71.0328,-69.3902,-0.00499621,-0.00488068,-0.00717716,48.0315,50.4553,0.1863,2.8499,0.3511,836.3137,15.2941,42.7787,48.1588,28.2851,40.8824,68.1083,85.1354,102.1624,136.2166,35.2485,-8.5444,2.498935,3.331914,1.174871,22,86,19,4,0.02106239,0.00340773,0.43210000,0.00800000,0.800000,0.922703,0.000000,-0.43791582,2026-03-22,2026-07-19,17,138,99,120,0.141667,0.888285,0.890638,0.070208,,,,,,,,GLOBAL_BASELINE_NO_ENTITY_RANKING,,,NOT_APPLICABLE_GLOBAL_BASELINE,HF9g-P5,,,,X 全窗基线 · 不参与实体赏罚,3924639,393,A168_HF9F_20260827_0900,2026-08-27 09:00:00
2026-05-26,42525088,-1,1,41.3436692506,-41.3436692506,-41.0129198966,0E-7,1,1,0.49324550000000000,0.493245500000,-0.9865810262130424,-0.9865810262130424,-0.9865810262130424,0E-17,SENTINEL_DEALER,R03b_20260811_FULL_v1,L1_ELIGIBILITY,v2026-08-11,2026-03-21..2026-08-06,baccarat_bet02_101_all_pairs_incl_sentinel,round_win = game_pnl > 0 (decisive only),COMPATIBILITY_ONLY_NOT_PRODUCTION,14217.3322,13118.3760,48.4489,296,260,-0.00340773,-0.43210000,0.00581582,-0.01078936,-48.4489,14217.3322,OK,104.9470,2.9069,6.0000,94.0000,AG03-UNRESOLVED,ALL5_LEVELS_bet23_to_bet27,2.9069,2.9069,2.9069,2.9069,2.9069,6.000000,6.000000,6.000000,6.000000,6.000000,94.000000,94.000000,94.000000,94.000000,94.000000,5.0,14.5347,12.892,-71.0328,-69.3902,PENDING_AG03,FALSE,NOT_FOR_ENFORCEMENT,45.5419,12331.2734,-56.4981,-59.4051,-102.0401,-0.00397389,-0.00417836,2.9069,-59.4051,-0.00417836,2.9069,2.9069,2.9069,2.9069,2.9069,-59.4051,-0.00417836,14.5347,12.892,-71.0328,-69.3902,-0.00499621,-0.00488068,-0.00717716,48.0315,50.4553,0.1863,2.8499,0.3511,836.3137,15.2941,42.7787,48.1588,28.2851,40.8824,68.1083,85.1354,102.1624,136.2166,35.2485,-8.5444,2.498935,3.331914,1.174871,22,86,19,4,0.02106239,0.00340773,0.43210000,0.00800000,0.800000,0.922703,0.000000,-0.43791582,2026-03-22,2026-07-19,17,138,99,120,0.141667,0.888285,0.890638,0.070208,,,,,,,,GLOBAL_BASELINE_NO_ENTITY_RANKING,,,NOT_APPLICABLE_GLOBAL_BASELINE,HF9g-P5,,,,X 全窗基线 · 不参与实体赏罚,3924640,393,A168_HF9F_20260827_0900,2026-08-27 09:00:00
2026-05-26,42525088,1374,0,37.8983634798,37.8983634798,38.2015503876,1.0000000,1,1,0.49324550000000000,0.493245500000,1.01360149184955,1.01360149184955,1.01360149184955,0E-17,ELIGIBLE,R03b_20260811_FULL_v1,L1_ELIGIBILITY,v2026-08-11,2026-03-21..2026-08-06,baccarat_bet02_101_all_pairs_incl_sentinel,round_win = game_pnl > 0 (decisive only),COMPATIBILITY_ONLY_NOT_PRODUCTION,14217.3322,13118.3760,48.4489,296,260,-0.00340773,-0.43210000,0.00581582,-0.01078936,-48.4489,14217.3322,OK,104.9470,2.9069,6.0000,94.0000,AG03-UNRESOLVED,ALL5_LEVELS_bet23_to_bet27,2.9069,2.9069,2.9069,2.9069,2.9069,6.000000,6.000000,6.000000,6.000000,6.000000,94.000000,94.000000,94.000000,94.000000,94.000000,5.0,14.5347,12.892,-71.0328,-69.3902,PENDING_AG03,FALSE,NOT_FOR_ENFORCEMENT,45.5419,12331.2734,-56.4981,-59.4051,-102.0401,-0.00397389,-0.00417836,2.9069,-59.4051,-0.00417836,2.9069,2.9069,2.9069,2.9069,2.9069,-59.4051,-0.00417836,14.5347,12.892,-71.0328,-69.3902,-0.00499621,-0.00488068,-0.00717716,48.0315,50.4553,0.1863,2.8499,0.3511,836.3137,15.2941,42.7787,48.1588,28.2851,40.8824,68.1083,85.1354,102.1624,136.2166,35.2485,-8.5444,2.498935,3.331914,1.174871,22,86,19,4,0.02106239,0.00340773,0.43210000,0.00800000,0.800000,0.922703,0.000000,-0.43791582,2026-03-22,2026-07-19,17,138,99,120,0.141667,0.888285,0.890638,0.070208,,,,,,,,GLOBAL_BASELINE_NO_ENTITY_RANKING,,,NOT_APPLICABLE_GLOBAL_BASELINE,HF9g-P5,,,,X 全窗基线 · 不参与实体赏罚,3924641,393,A168_HF9F_20260827_0900,2026-08-27 09:00:00
2026-05-26,42525088,1963,0,172.2652885443,-172.2652885443,-170.8871662360,0E-7,2,2,0.49324550000000000,0.493245500000,-1.3952362676504506,-1.3952362676504506,-1.3952362676504506,0E-17,ELIGIBLE,R03b_20260811_FULL_v1,L1_ELIGIBILITY,v2026-08-11,2026-03-21..2026-08-06,baccarat_bet02_101_all_pairs_incl_sentinel,round_win = game_pnl > 0 (decisive only),COMPATIBILITY_ONLY_NOT_PRODUCTION,14217.3322,13118.3760,48.4489,296,260,-0.00340773,-0.43210000,0.00581582,-0.01078936,-48.4489,14217.3322,OK,104.9470,2.9069,6.0000,94.0000,AG03-UNRESOLVED,ALL5_LEVELS_bet23_to_bet27,2.9069,2.9069,2.9069,2.9069,2.9069,6.000000,6.000000,6.000000,6.000000,6.000000,94.000000,94.000000,94.000000,94.000000,94.000000,5.0,14.5347,12.892,-71.0328,-69.3902,PENDING_AG03,FALSE,NOT_FOR_ENFORCEMENT,45.5419,12331.2734,-56.4981,-59.4051,-102.0401,-0.00397389,-0.00417836,2.9069,-59.4051,-0.00417836,2.9069,2.9069,2.9069,2.9069,2.9069,-59.4051,-0.00417836,14.5347,12.892,-71.0328,-69.3902,-0.00499621,-0.00488068,-0.00717716,48.0315,50.4553,0.1863,2.8499,0.3511,836.3137,15.2941,42.7787,48.1588,28.2851,40.8824,68.1083,85.1354,102.1624,136.2166,35.2485,-8.5444,2.498935,3.331914,1.174871,22,86,19,4,0.02106239,0.00340773,0.43210000,0.00800000,0.800000,0.922703,0.000000,-0.43791582,2026-03-22,2026-07-19,17,138,99,120,0.141667,0.888285,0.890638,0.070208,,,,,,,,GLOBAL_BASELINE_NO_ENTITY_RANKING,,,NOT_APPLICABLE_GLOBAL_BASELINE,HF9g-P5,,,,X 全窗基线 · 不参与实体赏罚,3924642,393,A168_HF9F_20260827_0900,2026-08-27 09:00:00
2026-05-26,42525088,1985,0,34.4530577089,-34.4530577089,-34.1774332472,0E-7,1,1,0.49324550000000000,0.493245500000,-0.9865810262130424,-0.9865810262130424,-0.9865810262130424,0E-17,ELIGIBLE,R03b_20260811_FULL_v1,L1_ELIGIBILITY,v2026-08-11,2026-03-21..2026-08-06,baccarat_bet02_101_all_pairs_incl_sentinel,round_win = game_pnl > 0 (decisive only),COMPATIBILITY_ONLY_NOT_PRODUCTION,14217.3322,13118.3760,48.4489,296,260,-0.00340773,-0.43210000,0.00581582,-0.01078936,-48.4489,14217.3322,OK,104.9470,2.9069,6.0000,94.0000,AG03-UNRESOLVED,ALL5_LEVELS_bet23_to_bet27,2.9069,2.9069,2.9069,2.9069,2.9069,6.000000,6.000000,6.000000,6.000000,6.000000,94.000000,94.000000,94.000000,94.000000,94.000000,5.0,14.5347,12.892,-71.0328,-69.3902,PENDING_AG03,FALSE,NOT_FOR_ENFORCEMENT,45.5419,12331.2734,-56.4981,-59.4051,-102.0401,-0.00397389,-0.00417836,2.9069,-59.4051,-0.00417836,2.9069,2.9069,2.9069,2.9069,2.9069,-59.4051,-0.00417836,14.5347,12.892,-71.0328,-69.3902,-0.00499621,-0.00488068,-0.00717716,48.0315,50.4553,0.1863,2.8499,0.3511,836.3137,15.2941,42.7787,48.1588,28.2851,40.8824,68.1083,85.1354,102.1624,136.2166,35.2485,-8.5444,2.498935,3.331914,1.174871,22,86,19,4,0.02106239,0.00340773,0.43210000,0.00800000,0.800000,0.922703,0.000000,-0.43791582,2026-03-22,2026-07-19,17,138,99,120,0.141667,0.888285,0.890638,0.070208,,,,,,,,GLOBAL_BASELINE_NO_ENTITY_RANKING,,,NOT_APPLICABLE_GLOBAL_BASELINE,HF9g-P5,,,,X 全窗基线 · 不参与实体赏罚,3924643,393,A168_HF9F_20260827_0900,2026-08-27 09:00:00
2026-05-26,42525088,2196,0,186.0465116279,34.4530577089,35.9414298019,0.5000000,2,2,0.49324550000000000,0.493245500000,0.01910635448239258,0.01910635448239258,0.01910635448239258,0E-17,ELIGIBLE,R03b_20260811_FULL_v1,L1_ELIGIBILITY,v2026-08-11,2026-03-21..2026-08-06,baccarat_bet02_101_all_pairs_incl_sentinel,round_win = game_pnl > 0 (decisive only),COMPATIBILITY_ONLY_NOT_PRODUCTION,14217.3322,13118.3760,48.4489,296,260,-0.00340773,-0.43210000,0.00581582,-0.01078936,-48.4489,14217.3322,OK,104.9470,2.9069,6.0000,94.0000,AG03-UNRESOLVED,ALL5_LEVELS_bet23_to_bet27,2.9069,2.9069,2.9069,2.9069,2.9069,6.000000,6.000000,6.000000,6.000000,6.000000,94.000000,94.000000,94.000000,94.000000,94.000000,5.0,14.5347,12.892,-71.0328,-69.3902,PENDING_AG03,FALSE,NOT_FOR_ENFORCEMENT,45.5419,12331.2734,-56.4981,-59.4051,-102.0401,-0.00397389,-0.00417836,2.9069,-59.4051,-0.00417836,2.9069,2.9069,2.9069,2.9069,2.9069,-59.4051,-0.00417836,14.5347,12.892,-71.0328,-69.3902,-0.00499621,-0.00488068,-0.00717716,48.0315,50.4553,0.1863,2.8499,0.3511,836.3137,15.2941,42.7787,48.1588,28.2851,40.8824,68.1083,85.1354,102.1624,136.2166,35.2485,-8.5444,2.498935,3.331914,1.174871,22,86,19,4,0.02106239,0.00340773,0.43210000,0.00800000,0.800000,0.922703,0.000000,-0.43791582,2026-03-22,2026-07-19,17,138,99,120,0.141667,0.888285,0.890638,0.070208,,,,,,,,GLOBAL_BASELINE_NO_ENTITY_RANKING,,,NOT_APPLICABLE_GLOBAL_BASELINE,HF9g-P5,,,,X 全窗基线 · 不参与实体赏罚,3924644,393,A168_HF9F_20260827_0900,2026-08-27 09:00:00
2026-06-28,42525088,-1,1,34.0831629175,-34.0831629175,-33.8104976142,0E-7,1,1,0.49324550000000000,0.493245500000,-0.9865810262130424,-0.9865810262130424,-0.9865810262130424,0E-17,SENTINEL_DEALER,R03b_20260811_FULL_v1,L1_ELIGIBILITY,v2026-08-11,2026-03-21..2026-08-06,baccarat_bet02_101_all_pairs_incl_sentinel,round_win = game_pnl > 0 (decisive only),COMPATIBILITY_ONLY_NOT_PRODUCTION,14217.3322,13118.3760,48.4489,296,260,-0.00340773,-0.43210000,0.00581582,-0.01078936,-48.4489,14217.3322,OK,104.9470,2.9069,6.0000,94.0000,AG03-UNRESOLVED,ALL5_LEVELS_bet23_to_bet27,2.9069,2.9069,2.9069,2.9069,2.9069,6.000000,6.000000,6.000000,6.000000,6.000000,94.000000,94.000000,94.000000,94.000000,94.000000,5.0,14.5347,12.892,-71.0328,-69.3902,PENDING_AG03,FALSE,NOT_FOR_ENFORCEMENT,45.5419,12331.2734,-56.4981,-59.4051,-102.0401,-0.00397389,-0.00417836,2.9069,-59.4051,-0.00417836,2.9069,2.9069,2.9069,2.9069,2.9069,-59.4051,-0.00417836,14.5347,12.892,-71.0328,-69.3902,-0.00499621,-0.00488068,-0.00717716,48.0315,50.4553,0.1863,2.8499,0.3511,836.3137,15.2941,42.7787,48.1588,28.2851,40.8824,68.1083,85.1354,102.1624,136.2166,35.2485,-8.5444,2.498935,3.331914,1.174871,22,86,19,4,0.02106239,0.00340773,0.43210000,0.00800000,0.800000,0.922703,0.000000,-0.43791582,2026-03-22,2026-07-19,17,138,99,120,0.141667,0.888285,0.890638,0.070208,,,,,,,,GLOBAL_BASELINE_NO_ENTITY_RANKING,,,NOT_APPLICABLE_GLOBAL_BASELINE,HF9g-P5,,,,X 全窗基线 · 不参与实体赏罚,3924645,393,A168_HF9F_20260827_0900,2026-08-27 09:00:00
2026-06-28,42525088,1094,0,68.1663258350,-68.1663258350,-67.6209952284,0E-7,1,1,0.50665070000000000,0.506650700000,-1.013391052207602,-1.013391052207602,-1.013391052207602,0E-17,ELIGIBLE,R03b_20260811_FULL_v1,L1_ELIGIBILITY,v2026-08-11,2026-03-21..2026-08-06,baccarat_bet02_101_all_pairs_incl_sentinel,round_win = game_pnl > 0 (decisive only),COMPATIBILITY_ONLY_NOT_PRODUCTION,14217.3322,13118.3760,48.4489,296,260,-0.00340773,-0.43210000,0.00581582,-0.01078936,-48.4489,14217.3322,OK,104.9470,2.9069,6.0000,94.0000,AG03-UNRESOLVED,ALL5_LEVELS_bet23_to_bet27,2.9069,2.9069,2.9069,2.9069,2.9069,6.000000,6.000000,6.000000,6.000000,6.000000,94.000000,94.000000,94.000000,94.000000,94.000000,5.0,14.5347,12.892,-71.0328,-69.3902,PENDING_AG03,FALSE,NOT_FOR_ENFORCEMENT,45.5419,12331.2734,-56.4981,-59.4051,-102.0401,-0.00397389,-0.00417836,2.9069,-59.4051,-0.00417836,2.9069,2.9069,2.9069,2.9069,2.9069,-59.4051,-0.00417836,14.5347,12.892,-71.0328,-69.3902,-0.00499621,-0.00488068,-0.00717716,48.0315,50.4553,0.1863,2.8499,0.3511,836.3137,15.2941,42.7787,48.1588,28.2851,40.8824,68.1083,85.1354,102.1624,136.2166,35.2485,-8.5444,2.498935,3.331914,1.174871,22,86,19,4,0.02106239,0.00340773,0.43210000,0.00800000,0.800000,0.922703,0.000000,-0.43791582,2026-03-22,2026-07-19,17,138,99,120,0.141667,0.888285,0.890638,0.070208,,,,,,,,GLOBAL_BASELINE_NO_ENTITY_RANKING,,,NOT_APPLICABLE_GLOBAL_BASELINE,HF9g-P5,,,,X 全窗基线 · 不参与实体赏罚,3924646,393,A168_HF9F_20260827_0900,2026-08-27 09:00:00
2026-06-28,42525088,1157,0,59.6455351057,-59.6455351057,-59.1683708248,0E-7,1,1,0.50665070000000000,0.506650700000,-1.013391052207602,-1.013391052207602,-1.013391052207602,0E-17,ELIGIBLE,R03b_20260811_FULL_v1,L1_ELIGIBILITY,v2026-08-11,2026-03-21..2026-08-06,baccarat_bet02_101_all_pairs_incl_sentinel,round_win = game_pnl > 0 (decisive only),COMPATIBILITY_ONLY_NOT_PRODUCTION,14217.3322,13118.3760,48.4489,296,260,-0.00340773,-0.43210000,0.00581582,-0.01078936,-48.4489,14217.3322,OK,104.9470,2.9069,6.0000,94.0000,AG03-UNRESOLVED,ALL5_LEVELS_bet23_to_bet27,2.9069,2.9069,2.9069,2.9069,2.9069,6.000000,6.000000,6.000000,6.000000,6.000000,94.000000,94.000000,94.000000,94.000000,94.000000,5.0,14.5347,12.892,-71.0328,-69.3902,PENDING_AG03,FALSE,NOT_FOR_ENFORCEMENT,45.5419,12331.2734,-56.4981,-59.4051,-102.0401,-0.00397389,-0.00417836,2.9069,-59.4051,-0.00417836,2.9069,2.9069,2.9069,2.9069,2.9069,-59.4051,-0.00417836,14.5347,12.892,-71.0328,-69.3902,-0.00499621,-0.00488068,-0.00717716,48.0315,50.4553,0.1863,2.8499,0.3511,836.3137,15.2941,42.7787,48.1588,28.2851,40.8824,68.1083,85.1354,102.1624,136.2166,35.2485,-8.5444,2.498935,3.331914,1.174871,22,86,19,4,0.02106239,0.00340773,0.43210000,0.00800000,0.800000,0.922703,0.000000,-0.43791582,2026-03-22,2026-07-19,17,138,99,120,0.141667,0.888285,0.890638,0.070208,,,,,,,,GLOBAL_BASELINE_NO_ENTITY_RANKING,,,NOT_APPLICABLE_GLOBAL_BASELINE,HF9g-P5,,,,X 全窗基线 · 不参与实体赏罚,3924647,393,A168_HF9F_20260827_0900,2026-08-27 09:00:00
2026-06-28,42525088,1299,0,102.2494887526,102.2494887526,103.0674846626,1.0000000,1,1,0.49324550000000000,0.493245500000,1.01360149184955,1.01360149184955,1.01360149184955,0E-17,ELIGIBLE,R03b_20260811_FULL_v1,L1_ELIGIBILITY,v2026-08-11,2026-03-21..2026-08-06,baccarat_bet02_101_all_pairs_incl_sentinel,round_win = game_pnl > 0 (decisive only),COMPATIBILITY_ONLY_NOT_PRODUCTION,14217.3322,13118.3760,48.4489,296,260,-0.00340773,-0.43210000,0.00581582,-0.01078936,-48.4489,14217.3322,OK,104.9470,2.9069,6.0000,94.0000,AG03-UNRESOLVED,ALL5_LEVELS_bet23_to_bet27,2.9069,2.9069,2.9069,2.9069,2.9069,6.000000,6.000000,6.000000,6.000000,6.000000,94.000000,94.000000,94.000000,94.000000,94.000000,5.0,14.5347,12.892,-71.0328,-69.3902,PENDING_AG03,FALSE,NOT_FOR_ENFORCEMENT,45.5419,12331.2734,-56.4981,-59.4051,-102.0401,-0.00397389,-0.00417836,2.9069,-59.4051,-0.00417836,2.9069,2.9069,2.9069,2.9069,2.9069,-59.4051,-0.00417836,14.5347,12.892,-71.0328,-69.3902,-0.00499621,-0.00488068,-0.00717716,48.0315,50.4553,0.1863,2.8499,0.3511,836.3137,15.2941,42.7787,48.1588,28.2851,40.8824,68.1083,85.1354,102.1624,136.2166,35.2485,-8.5444,2.498935,3.331914,1.174871,22,86,19,4,0.02106239,0.00340773,0.43210000,0.00800000,0.800000,0.922703,0.000000,-0.43791582,2026-03-22,2026-07-19,17,138,99,120,0.141667,0.888285,0.890638,0.070208,,,,,,,,GLOBAL_BASELINE_NO_ENTITY_RANKING,,,NOT_APPLICABLE_GLOBAL_BASELINE,HF9g-P5,,,,X 全窗基线 · 不参与实体赏罚,3924648,393,A168_HF9F_20260827_0900,2026-08-27 09:00:00
2026-06-28,42525088,1302,0,103.9536468984,22.1540558964,22.9856850716,0.5000000,2,2,0.49994810000000000,0.499948100000,0.00014679536856514622,0.00014679536856514622,0.00014679536856514622,0E-17,ELIGIBLE,R03b_20260811_FULL_v1,L1_ELIGIBILITY,v2026-08-11,2026-03-21..2026-08-06,baccarat_bet02_101_all_pairs_incl_sentinel,round_win = game_pnl > 0 (decisive only),COMPATIBILITY_ONLY_NOT_PRODUCTION,14217.3322,13118.3760,48.4489,296,260,-0.00340773,-0.43210000,0.00581582,-0.01078936,-48.4489,14217.3322,OK,104.9470,2.9069,6.0000,94.0000,AG03-UNRESOLVED,ALL5_LEVELS_bet23_to_bet27,2.9069,2.9069,2.9069,2.9069,2.9069,6.000000,6.000000,6.000000,6.000000,6.000000,94.000000,94.000000,94.000000,94.000000,94.000000,5.0,14.5347,12.892,-71.0328,-69.3902,PENDING_AG03,FALSE,NOT_FOR_ENFORCEMENT,45.5419,12331.2734,-56.4981,-59.4051,-102.0401,-0.00397389,-0.00417836,2.9069,-59.4051,-0.00417836,2.9069,2.9069,2.9069,2.9069,2.9069,-59.4051,-0.00417836,14.5347,12.892,-71.0328,-69.3902,-0.00499621,-0.00488068,-0.00717716,48.0315,50.4553,0.1863,2.8499,0.3511,836.3137,15.2941,42.7787,48.1588,28.2851,40.8824,68.1083,85.1354,102.1624,136.2166,35.2485,-8.5444,2.498935,3.331914,1.174871,22,86,19,4,0.02106239,0.00340773,0.43210000,0.00800000,0.800000,0.922703,0.000000,-0.43791582,2026-03-22,2026-07-19,17,138,99,120,0.141667,0.888285,0.890638,0.070208,,,,,,,,GLOBAL_BASELINE_NO_ENTITY_RANKING,,,NOT_APPLICABLE_GLOBAL_BASELINE,HF9g-P5,,,,X 全窗基线 · 不参与实体赏罚,3924649,393,A168_HF9F_20260827_0900,2026-08-27 09:00:00
2026-06-28,42525088,1318,0,34.0831629175,-34.0831629175,-33.8104976142,0E-7,1,1,0.49324550000000000,0.493245500000,-0.9865810262130424,-0.9865810262130424,-0.9865810262130424,0E-17,ELIGIBLE,R03b_20260811_FULL_v1,L1_ELIGIBILITY,v2026-08-11,2026-03-21..2026-08-06,baccarat_bet02_101_all_pairs_incl_sentinel,round_win = game_pnl > 0 (decisive only),COMPATIBILITY_ONLY_NOT_PRODUCTION,14217.3322,13118.3760,48.4489,296,260,-0.00340773,-0.43210000,0.00581582,-0.01078936,-48.4489,14217.3322,OK,104.9470,2.9069,6.0000,94.0000,AG03-UNRESOLVED,ALL5_LEVELS_bet23_to_bet27,2.9069,2.9069,2.9069,2.9069,2.9069,6.000000,6.000000,6.000000,6.000000,6.000000,94.000000,94.000000,94.000000,94.000000,94.000000,5.0,14.5347,12.892,-71.0328,-69.3902,PENDING_AG03,FALSE,NOT_FOR_ENFORCEMENT,45.5419,12331.2734,-56.4981,-59.4051,-102.0401,-0.00397389,-0.00417836,2.9069,-59.4051,-0.00417836,2.9069,2.9069,2.9069,2.9069,2.9069,-59.4051,-0.00417836,14.5347,12.892,-71.0328,-69.3902,-0.00499621,-0.00488068,-0.00717716,48.0315,50.4553,0.1863,2.8499,0.3511,836.3137,15.2941,42.7787,48.1588,28.2851,40.8824,68.1083,85.1354,102.1624,136.2166,35.2485,-8.5444,2.498935,3.331914,1.174871,22,86,19,4,0.02106239,0.00340773,0.43210000,0.00800000,0.800000,0.922703,0.000000,-0.43791582,2026-03-22,2026-07-19,17,138,99,120,0.141667,0.888285,0.890638,0.070208,,,,,,,,GLOBAL_BASELINE_NO_ENTITY_RANKING,,,NOT_APPLICABLE_GLOBAL_BASELINE,HF9g-P5,,,,X 全窗基线 · 不参与实体赏罚,3924650,393,A168_HF9F_20260827_0900,2026-08-27 09:00:00
2026-06-28,42525088,2201,0,34.0831629175,34.0831629175,34.3558282209,1.0000000,1,1,0.49324550000000000,0.493245500000,1.01360149184955,1.01360149184955,1.01360149184955,0E-17,ELIGIBLE,R03b_20260811_FULL_v1,L1_ELIGIBILITY,v2026-08-11,2026-03-21..2026-08-06,baccarat_bet02_101_all_pairs_incl_sentinel,round_win = game_pnl > 0 (decisive only),COMPATIBILITY_ONLY_NOT_PRODUCTION,14217.3322,13118.3760,48.4489,296,260,-0.00340773,-0.43210000,0.00581582,-0.01078936,-48.4489,14217.3322,OK,104.9470,2.9069,6.0000,94.0000,AG03-UNRESOLVED,ALL5_LEVELS_bet23_to_bet27,2.9069,2.9069,2.9069,2.9069,2.9069,6.000000,6.000000,6.000000,6.000000,6.000000,94.000000,94.000000,94.000000,94.000000,94.000000,5.0,14.5347,12.892,-71.0328,-69.3902,PENDING_AG03,FALSE,NOT_FOR_ENFORCEMENT,45.5419,12331.2734,-56.4981,-59.4051,-102.0401,-0.00397389,-0.00417836,2.9069,-59.4051,-0.00417836,2.9069,2.9069,2.9069,2.9069,2.9069,-59.4051,-0.00417836,14.5347,12.892,-71.0328,-69.3902,-0.00499621,-0.00488068,-0.00717716,48.0315,50.4553,0.1863,2.8499,0.3511,836.3137,15.2941,42.7787,48.1588,28.2851,40.8824,68.1083,85.1354,102.1624,136.2166,35.2485,-8.5444,2.498935,3.331914,1.174871,22,86,19,4,0.02106239,0.00340773,0.43210000,0.00800000,0.800000,0.922703,0.000000,-0.43791582,2026-03-22,2026-07-19,17,138,99,120,0.141667,0.888285,0.890638,0.070208,,,,,,,,GLOBAL_BASELINE_NO_ENTITY_RANKING,,,NOT_APPLICABLE_GLOBAL_BASELINE,HF9g-P5,,,,X 全窗基线 · 不参与实体赏罚,3924651,393,A168_HF9F_20260827_0900,2026-08-27 09:00:00
2026-06-28,42525088,2209,0,238.5821404226,136.3326516700,138.2413087934,0.8000000,5,5,0.49324550000000000,0.493245500000,1.3719730223118614,1.3719730223118614,1.3719730223118614,0E-17,ELIGIBLE,R03b_20260811_FULL_v1,L1_ELIGIBILITY,v2026-08-11,2026-03-21..2026-08-06,baccarat_bet02_101_all_pairs_incl_sentinel,round_win = game_pnl > 0 (decisive only),COMPATIBILITY_ONLY_NOT_PRODUCTION,14217.3322,13118.3760,48.4489,296,260,-0.00340773,-0.43210000,0.00581582,-0.01078936,-48.4489,14217.3322,OK,104.9470,2.9069,6.0000,94.0000,AG03-UNRESOLVED,ALL5_LEVELS_bet23_to_bet27,2.9069,2.9069,2.9069,2.9069,2.9069,6.000000,6.000000,6.000000,6.000000,6.000000,94.000000,94.000000,94.000000,94.000000,94.000000,5.0,14.5347,12.892,-71.0328,-69.3902,PENDING_AG03,FALSE,NOT_FOR_ENFORCEMENT,45.5419,12331.2734,-56.4981,-59.4051,-102.0401,-0.00397389,-0.00417836,2.9069,-59.4051,-0.00417836,2.9069,2.9069,2.9069,2.9069,2.9069,-59.4051,-0.00417836,14.5347,12.892,-71.0328,-69.3902,-0.00499621,-0.00488068,-0.00717716,48.0315,50.4553,0.1863,2.8499,0.3511,836.3137,15.2941,42.7787,48.1588,28.2851,40.8824,68.1083,85.1354,102.1624,136.2166,35.2485,-8.5444,2.498935,3.331914,1.174871,22,86,19,4,0.02106239,0.00340773,0.43210000,0.00800000,0.800000,0.922703,0.000000,-0.43791582,2026-03-22,2026-07-19,17,138,99,120,0.141667,0.888285,0.890638,0.070208,,,,,,,,GLOBAL_BASELINE_NO_ENTITY_RANKING,,,NOT_APPLICABLE_GLOBAL_BASELINE,HF9g-P5,,,,X 全窗基线 · 不参与实体赏罚,3924652,393,A168_HF9F_20260827_0900,2026-08-27 09:00:00
2026-06-28,42525088,2212,0,59.6455351057,-59.6455351057,-59.1683708248,0E-7,1,1,0.49324550000000000,0.493245500000,-0.9865810262130424,-0.9865810262130424,-0.9865810262130424,0E-17,ELIGIBLE,R03b_20260811_FULL_v1,L1_ELIGIBILITY,v2026-08-11,2026-03-21..2026-08-06,baccarat_bet02_101_all_pairs_incl_sentinel,round_win = game_pnl > 0 (decisive only),COMPATIBILITY_ONLY_NOT_PRODUCTION,14217.3322,13118.3760,48.4489,296,260,-0.00340773,-0.43210000,0.00581582,-0.01078936,-48.4489,14217.3322,OK,104.9470,2.9069,6.0000,94.0000,AG03-UNRESOLVED,ALL5_LEVELS_bet23_to_bet27,2.9069,2.9069,2.9069,2.9069,2.9069,6.000000,6.000000,6.000000,6.000000,6.000000,94.000000,94.000000,94.000000,94.000000,94.000000,5.0,14.5347,12.892,-71.0328,-69.3902,PENDING_AG03,FALSE,NOT_FOR_ENFORCEMENT,45.5419,12331.2734,-56.4981,-59.4051,-102.0401,-0.00397389,-0.00417836,2.9069,-59.4051,-0.00417836,2.9069,2.9069,2.9069,2.9069,2.9069,-59.4051,-0.00417836,14.5347,12.892,-71.0328,-69.3902,-0.00499621,-0.00488068,-0.00717716,48.0315,50.4553,0.1863,2.8499,0.3511,836.3137,15.2941,42.7787,48.1588,28.2851,40.8824,68.1083,85.1354,102.1624,136.2166,35.2485,-8.5444,2.498935,3.331914,1.174871,22,86,19,4,0.02106239,0.00340773,0.43210000,0.00800000,0.800000,0.922703,0.000000,-0.43791582,2026-03-22,2026-07-19,17,138,99,120,0.141667,0.888285,0.890638,0.070208,,,,,,,,GLOBAL_BASELINE_NO_ENTITY_RANKING,,,NOT_APPLICABLE_GLOBAL_BASELINE,HF9g-P5,,,,X 全窗基线 · 不参与实体赏罚,3924653,393,A168_HF9F_20260827_0900,2026-08-27 09:00:00
2026-06-28,42525088,2258,0,373.2106339469,215.2351738240,217.6073619633,0.8000000,8,6,0.47338547666659908,0.454187594445,1.4627382342137496,1.5530528539455692,1.4627382342137496,0.01919788222159908,ELIGIBLE,R03b_20260811_FULL_v1,L1_ELIGIBILITY,v2026-08-11,2026-03-21..2026-08-06,baccarat_bet02_101_all_pairs_incl_sentinel,round_win = game_pnl > 0 (decisive only),COMPATIBILITY_ONLY_NOT_PRODUCTION,14217.3322,13118.3760,48.4489,296,260,-0.00340773,-0.43210000,0.00581582,-0.01078936,-48.4489,14217.3322,OK,104.9470,2.9069,6.0000,94.0000,AG03-UNRESOLVED,ALL5_LEVELS_bet23_to_bet27,2.9069,2.9069,2.9069,2.9069,2.9069,6.000000,6.000000,6.000000,6.000000,6.000000,94.000000,94.000000,94.000000,94.000000,94.000000,5.0,14.5347,12.892,-71.0328,-69.3902,PENDING_AG03,FALSE,NOT_FOR_ENFORCEMENT,45.5419,12331.2734,-56.4981,-59.4051,-102.0401,-0.00397389,-0.00417836,2.9069,-59.4051,-0.00417836,2.9069,2.9069,2.9069,2.9069,2.9069,-59.4051,-0.00417836,14.5347,12.892,-71.0328,-69.3902,-0.00499621,-0.00488068,-0.00717716,48.0315,50.4553,0.1863,2.8499,0.3511,836.3137,15.2941,42.7787,48.1588,28.2851,40.8824,68.1083,85.1354,102.1624,136.2166,35.2485,-8.5444,2.498935,3.331914,1.174871,22,86,19,4,0.02106239,0.00340773,0.43210000,0.00800000,0.800000,0.922703,0.000000,-0.43791582,2026-03-22,2026-07-19,17,138,99,120,0.141667,0.888285,0.890638,0.070208,,,,,,,,GLOBAL_BASELINE_NO_ENTITY_RANKING,,,NOT_APPLICABLE_GLOBAL_BASELINE,HF9g-P5,,,,X 全窗基线 · 不参与实体赏罚,3924654,393,A168_HF9F_20260827_0900,2026-08-27 09:00:00
2026-06-28,42525088,529,0,153.3742331288,0E-10,1.2269938650,0.5000000,2,2,0.49324550000000000,0.493245500000,0.01910635448239258,0.01910635448239258,0.01910635448239258,0E-17,ELIGIBLE,R03b_20260811_FULL_v1,L1_ELIGIBILITY,v2026-08-11,2026-03-21..2026-08-06,baccarat_bet02_101_all_pairs_incl_sentinel,round_win = game_pnl > 0 (decisive only),COMPATIBILITY_ONLY_NOT_PRODUCTION,14217.3322,13118.3760,48.4489,296,260,-0.00340773,-0.43210000,0.00581582,-0.01078936,-48.4489,14217.3322,OK,104.9470,2.9069,6.0000,94.0000,AG03-UNRESOLVED,ALL5_LEVELS_bet23_to_bet27,2.9069,2.9069,2.9069,2.9069,2.9069,6.000000,6.000000,6.000000,6.000000,6.000000,94.000000,94.000000,94.000000,94.000000,94.000000,5.0,14.5347,12.892,-71.0328,-69.3902,PENDING_AG03,FALSE,NOT_FOR_ENFORCEMENT,45.5419,12331.2734,-56.4981,-59.4051,-102.0401,-0.00397389,-0.00417836,2.9069,-59.4051,-0.00417836,2.9069,2.9069,2.9069,2.9069,2.9069,-59.4051,-0.00417836,14.5347,12.892,-71.0328,-69.3902,-0.00499621,-0.00488068,-0.00717716,48.0315,50.4553,0.1863,2.8499,0.3511,836.3137,15.2941,42.7787,48.1588,28.2851,40.8824,68.1083,85.1354,102.1624,136.2166,35.2485,-8.5444,2.498935,3.331914,1.174871,22,86,19,4,0.02106239,0.00340773,0.43210000,0.00800000,0.800000,0.922703,0.000000,-0.43791582,2026-03-22,2026-07-19,17,138,99,120,0.141667,0.888285,0.890638,0.070208,,,,,,,,GLOBAL_BASELINE_NO_ENTITY_RANKING,,,NOT_APPLICABLE_GLOBAL_BASELINE,HF9g-P5,,,,X 全窗基线 · 不参与实体赏罚,3924655,393,A168_HF9F_20260827_0900,2026-08-27 09:00:00
2026-06-28,42525088,763,0,76.6871165644,-76.6871165644,-76.0736196319,0E-7,1,1,0.49324550000000000,0.493245500000,-0.9865810262130424,-0.9865810262130424,-0.9865810262130424,0E-17,ELIGIBLE,R03b_20260811_FULL_v1,L1_ELIGIBILITY,v2026-08-11,2026-03-21..2026-08-06,baccarat_bet02_101_all_pairs_incl_sentinel,round_win = game_pnl > 0 (decisive only),COMPATIBILITY_ONLY_NOT_PRODUCTION,14217.3322,13118.3760,48.4489,296,260,-0.00340773,-0.43210000,0.00581582,-0.01078936,-48.4489,14217.3322,OK,104.9470,2.9069,6.0000,94.0000,AG03-UNRESOLVED,ALL5_LEVELS_bet23_to_bet27,2.9069,2.9069,2.9069,2.9069,2.9069,6.000000,6.000000,6.000000,6.000000,6.000000,94.000000,94.000000,94.000000,94.000000,94.000000,5.0,14.5347,12.892,-71.0328,-69.3902,PENDING_AG03,FALSE,NOT_FOR_ENFORCEMENT,45.5419,12331.2734,-56.4981,-59.4051,-102.0401,-0.00397389,-0.00417836,2.9069,-59.4051,-0.00417836,2.9069,2.9069,2.9069,2.9069,2.9069,-59.4051,-0.00417836,14.5347,12.892,-71.0328,-69.3902,-0.00499621,-0.00488068,-0.00717716,48.0315,50.4553,0.1863,2.8499,0.3511,836.3137,15.2941,42.7787,48.1588,28.2851,40.8824,68.1083,85.1354,102.1624,136.2166,35.2485,-8.5444,2.498935,3.331914,1.174871,22,86,19,4,0.02106239,0.00340773,0.43210000,0.00800000,0.800000,0.922703,0.000000,-0.43791582,2026-03-22,2026-07-19,17,138,99,120,0.141667,0.888285,0.890638,0.070208,,,,,,,,GLOBAL_BASELINE_NO_ENTITY_RANKING,,,NOT_APPLICABLE_GLOBAL_BASELINE,HF9g-P5,,,,X 全窗基线 · 不参与实体赏罚,3924656,393,A168_HF9F_20260827_0900,2026-08-27 09:00:00
2026-06-28,42525088,987,0,51.1247443763,-51.1247443763,-50.7157464213,0E-7,1,1,0.49324550000000000,0.493245500000,-0.9865810262130424,-0.9865810262130424,-0.9865810262130424,0E-17,ELIGIBLE,R03b_20260811_FULL_v1,L1_ELIGIBILITY,v2026-08-11,2026-03-21..2026-08-06,baccarat_bet02_101_all_pairs_incl_sentinel,round_win = game_pnl > 0 (decisive only),COMPATIBILITY_ONLY_NOT_PRODUCTION,14217.3322,13118.3760,48.4489,296,260,-0.00340773,-0.43210000,0.00581582,-0.01078936,-48.4489,14217.3322,OK,104.9470,2.9069,6.0000,94.0000,AG03-UNRESOLVED,ALL5_LEVELS_bet23_to_bet27,2.9069,2.9069,2.9069,2.9069,2.9069,6.000000,6.000000,6.000000,6.000000,6.000000,94.000000,94.000000,94.000000,94.000000,94.000000,5.0,14.5347,12.892,-71.0328,-69.3902,PENDING_AG03,FALSE,NOT_FOR_ENFORCEMENT,45.5419,12331.2734,-56.4981,-59.4051,-102.0401,-0.00397389,-0.00417836,2.9069,-59.4051,-0.00417836,2.9069,2.9069,2.9069,2.9069,2.9069,-59.4051,-0.00417836,14.5347,12.892,-71.0328,-69.3902,-0.00499621,-0.00488068,-0.00717716,48.0315,50.4553,0.1863,2.8499,0.3511,836.3137,15.2941,42.7787,48.1588,28.2851,40.8824,68.1083,85.1354,102.1624,136.2166,35.2485,-8.5444,2.498935,3.331914,1.174871,22,86,19,4,0.02106239,0.00340773,0.43210000,0.00800000,0.800000,0.922703,0.000000,-0.43791582,2026-03-22,2026-07-19,17,138,99,120,0.141667,0.888285,0.890638,0.070208,,,,,,,,GLOBAL_BASELINE_NO_ENTITY_RANKING,,,NOT_APPLICABLE_GLOBAL_BASELINE,HF9g-P5,,,,X 全窗基线 · 不参与实体赏罚,3924657,393,A168_HF9F_20260827_0900,2026-08-27 09:00:00
2026-06-28,42525088,994,0,76.6871165644,-76.6871165644,-76.0736196319,0E-7,1,1,0.49324550000000000,0.493245500000,-0.9865810262130424,-0.9865810262130424,-0.9865810262130424,0E-17,ELIGIBLE,R03b_20260811_FULL_v1,L1_ELIGIBILITY,v2026-08-11,2026-03-21..2026-08-06,baccarat_bet02_101_all_pairs_incl_sentinel,round_win = game_pnl > 0 (decisive only),COMPATIBILITY_ONLY_NOT_PRODUCTION,14217.3322,13118.3760,48.4489,296,260,-0.00340773,-0.43210000,0.00581582,-0.01078936,-48.4489,14217.3322,OK,104.9470,2.9069,6.0000,94.0000,AG03-UNRESOLVED,ALL5_LEVELS_bet23_to_bet27,2.9069,2.9069,2.9069,2.9069,2.9069,6.000000,6.000000,6.000000,6.000000,6.000000,94.000000,94.000000,94.000000,94.000000,94.000000,5.0,14.5347,12.892,-71.0328,-69.3902,PENDING_AG03,FALSE,NOT_FOR_ENFORCEMENT,45.5419,12331.2734,-56.4981,-59.4051,-102.0401,-0.00397389,-0.00417836,2.9069,-59.4051,-0.00417836,2.9069,2.9069,2.9069,2.9069,2.9069,-59.4051,-0.00417836,14.5347,12.892,-71.0328,-69.3902,-0.00499621,-0.00488068,-0.00717716,48.0315,50.4553,0.1863,2.8499,0.3511,836.3137,15.2941,42.7787,48.1588,28.2851,40.8824,68.1083,85.1354,102.1624,136.2166,35.2485,-8.5444,2.498935,3.331914,1.174871,22,86,19,4,0.02106239,0.00340773,0.43210000,0.00800000,0.800000,0.922703,0.000000,-0.43791582,2026-03-22,2026-07-19,17,138,99,120,0.141667,0.888285,0.890638,0.070208,,,,,,,,GLOBAL_BASELINE_NO_ENTITY_RANKING,,,NOT_APPLICABLE_GLOBAL_BASELINE,HF9g-P5,,,,X 全窗基线 · 不参与实体赏罚,3924658,393,A168_HF9F_20260827_0900,2026-08-27 09:00:00
2026-07-10,42525088,1951,0,31.6087173515,-31.6087173515,-31.3558476127,0E-7,1,1,0.49324550000000000,0.493245500000,-0.9865810262130424,-0.9865810262130424,-0.9865810262130424,0E-17,ELIGIBLE,R03b_20260811_FULL_v1,L1_ELIGIBILITY,v2026-08-11,2026-03-21..2026-08-06,baccarat_bet02_101_all_pairs_incl_sentinel,round_win = game_pnl > 0 (decisive only),COMPATIBILITY_ONLY_NOT_PRODUCTION,14217.3322,13118.3760,48.4489,296,260,-0.00340773,-0.43210000,0.00581582,-0.01078936,-48.4489,14217.3322,OK,104.9470,2.9069,6.0000,94.0000,AG03-UNRESOLVED,ALL5_LEVELS_bet23_to_bet27,2.9069,2.9069,2.9069,2.9069,2.9069,6.000000,6.000000,6.000000,6.000000,6.000000,94.000000,94.000000,94.000000,94.000000,94.000000,5.0,14.5347,12.892,-71.0328,-69.3902,PENDING_AG03,FALSE,NOT_FOR_ENFORCEMENT,45.5419,12331.2734,-56.4981,-59.4051,-102.0401,-0.00397389,-0.00417836,2.9069,-59.4051,-0.00417836,2.9069,2.9069,2.9069,2.9069,2.9069,-59.4051,-0.00417836,14.5347,12.892,-71.0328,-69.3902,-0.00499621,-0.00488068,-0.00717716,48.0315,50.4553,0.1863,2.8499,0.3511,836.3137,15.2941,42.7787,48.1588,28.2851,40.8824,68.1083,85.1354,102.1624,136.2166,35.2485,-8.5444,2.498935,3.331914,1.174871,22,86,19,4,0.02106239,0.00340773,0.43210000,0.00800000,0.800000,0.922703,0.000000,-0.43791582,2026-03-22,2026-07-19,17,138,99,120,0.141667,0.888285,0.890638,0.070208,,,,,,,,GLOBAL_BASELINE_NO_ENTITY_RANKING,,,NOT_APPLICABLE_GLOBAL_BASELINE,HF9g-P5,,,,X 全窗基线 · 不参与实体赏罚,3924659,393,A168_HF9F_20260827_0900,2026-08-27 09:00:00
2026-07-10,42525088,2235,0,39.9268008651,-39.9268008651,-39.6073864582,0E-7,1,1,0.49324550000000000,0.493245500000,-0.9865810262130424,-0.9865810262130424,-0.9865810262130424,0E-17,ELIGIBLE,R03b_20260811_FULL_v1,L1_ELIGIBILITY,v2026-08-11,2026-03-21..2026-08-06,baccarat_bet02_101_all_pairs_incl_sentinel,round_win = game_pnl > 0 (decisive only),COMPATIBILITY_ONLY_NOT_PRODUCTION,14217.3322,13118.3760,48.4489,296,260,-0.00340773,-0.43210000,0.00581582,-0.01078936,-48.4489,14217.3322,OK,104.9470,2.9069,6.0000,94.0000,AG03-UNRESOLVED,ALL5_LEVELS_bet23_to_bet27,2.9069,2.9069,2.9069,2.9069,2.9069,6.000000,6.000000,6.000000,6.000000,6.000000,94.000000,94.000000,94.000000,94.000000,94.000000,5.0,14.5347,12.892,-71.0328,-69.3902,PENDING_AG03,FALSE,NOT_FOR_ENFORCEMENT,45.5419,12331.2734,-56.4981,-59.4051,-102.0401,-0.00397389,-0.00417836,2.9069,-59.4051,-0.00417836,2.9069,2.9069,2.9069,2.9069,2.9069,-59.4051,-0.00417836,14.5347,12.892,-71.0328,-69.3902,-0.00499621,-0.00488068,-0.00717716,48.0315,50.4553,0.1863,2.8499,0.3511,836.3137,15.2941,42.7787,48.1588,28.2851,40.8824,68.1083,85.1354,102.1624,136.2166,35.2485,-8.5444,2.498935,3.331914,1.174871,22,86,19,4,0.02106239,0.00340773,0.43210000,0.00800000,0.800000,0.922703,0.000000,-0.43791582,2026-03-22,2026-07-19,17,138,99,120,0.141667,0.888285,0.890638,0.070208,,,,,,,,GLOBAL_BASELINE_NO_ENTITY_RANKING,,,NOT_APPLICABLE_GLOBAL_BASELINE,HF9g-P5,,,,X 全窗基线 · 不参与实体赏罚,3924660,393,A168_HF9F_20260827_0900,2026-08-27 09:00:00
2026-07-10,42525088,2250,0,41.5904175678,-41.5904175678,-41.2576942273,0E-7,1,1,0.49324550000000000,0.493245500000,-0.9865810262130424,-0.9865810262130424,-0.9865810262130424,0E-17,ELIGIBLE,R03b_20260811_FULL_v1,L1_ELIGIBILITY,v2026-08-11,2026-03-21..2026-08-06,baccarat_bet02_101_all_pairs_incl_sentinel,round_win = game_pnl > 0 (decisive only),COMPATIBILITY_ONLY_NOT_PRODUCTION,14217.3322,13118.3760,48.4489,296,260,-0.00340773,-0.43210000,0.00581582,-0.01078936,-48.4489,14217.3322,OK,104.9470,2.9069,6.0000,94.0000,AG03-UNRESOLVED,ALL5_LEVELS_bet23_to_bet27,2.9069,2.9069,2.9069,2.9069,2.9069,6.000000,6.000000,6.000000,6.000000,6.000000,94.000000,94.000000,94.000000,94.000000,94.000000,5.0,14.5347,12.892,-71.0328,-69.3902,PENDING_AG03,FALSE,NOT_FOR_ENFORCEMENT,45.5419,12331.2734,-56.4981,-59.4051,-102.0401,-0.00397389,-0.00417836,2.9069,-59.4051,-0.00417836,2.9069,2.9069,2.9069,2.9069,2.9069,-59.4051,-0.00417836,14.5347,12.892,-71.0328,-69.3902,-0.00499621,-0.00488068,-0.00717716,48.0315,50.4553,0.1863,2.8499,0.3511,836.3137,15.2941,42.7787,48.1588,28.2851,40.8824,68.1083,85.1354,102.1624,136.2166,35.2485,-8.5444,2.498935,3.331914,1.174871,22,86,19,4,0.02106239,0.00340773,0.43210000,0.00800000,0.800000,0.922703,0.000000,-0.43791582,2026-03-22,2026-07-19,17,138,99,120,0.141667,0.888285,0.890638,0.070208,,,,,,,,GLOBAL_BASELINE_NO_ENTITY_RANKING,,,NOT_APPLICABLE_GLOBAL_BASELINE,HF9g-P5,,,,X 全窗基线 · 不参与实体赏罚,3924661,393,A168_HF9F_20260827_0900,2026-08-27 09:00:00
2026-07-19,42525088,1396,0,34.9359507569,33.1891532191,33.4686408252,1.0000000,1,1,0.50665070000000000,0.506650700000,0.9867858985152569,0.9867858985152569,0.9867858985152569,0E-17,ELIGIBLE,R03b_20260811_FULL_v1,L1_ELIGIBILITY,v2026-08-11,2026-03-21..2026-08-06,baccarat_bet02_101_all_pairs_incl_sentinel,round_win = game_pnl > 0 (decisive only),COMPATIBILITY_ONLY_NOT_PRODUCTION,14217.3322,13118.3760,48.4489,296,260,-0.00340773,-0.43210000,0.00581582,-0.01078936,-48.4489,14217.3322,OK,104.9470,2.9069,6.0000,94.0000,AG03-UNRESOLVED,ALL5_LEVELS_bet23_to_bet27,2.9069,2.9069,2.9069,2.9069,2.9069,6.000000,6.000000,6.000000,6.000000,6.000000,94.000000,94.000000,94.000000,94.000000,94.000000,5.0,14.5347,12.892,-71.0328,-69.3902,PENDING_AG03,FALSE,NOT_FOR_ENFORCEMENT,45.5419,12331.2734,-56.4981,-59.4051,-102.0401,-0.00397389,-0.00417836,2.9069,-59.4051,-0.00417836,2.9069,2.9069,2.9069,2.9069,2.9069,-59.4051,-0.00417836,14.5347,12.892,-71.0328,-69.3902,-0.00499621,-0.00488068,-0.00717716,48.0315,50.4553,0.1863,2.8499,0.3511,836.3137,15.2941,42.7787,48.1588,28.2851,40.8824,68.1083,85.1354,102.1624,136.2166,35.2485,-8.5444,2.498935,3.331914,1.174871,22,86,19,4,0.02106239,0.00340773,0.43210000,0.00800000,0.800000,0.922703,0.000000,-0.43791582,2026-03-22,2026-07-19,17,138,99,120,0.141667,0.888285,0.890638,0.070208,,,,,,,,GLOBAL_BASELINE_NO_ENTITY_RANKING,,,NOT_APPLICABLE_GLOBAL_BASELINE,HF9g-P5,,,,X 全窗基线 · 不参与实体赏罚,3924662,393,A168_HF9F_20260827_0900,2026-08-27 09:00:00
2026-07-19,42525088,1687,0,83.1808351356,-83.1808351356,-82.5153884545,0E-7,1,1,0.50665070000000000,0.506650700000,-1.013391052207602,-1.013391052207602,-1.013391052207602,0E-17,ELIGIBLE,R03b_20260811_FULL_v1,L1_ELIGIBILITY,v2026-08-11,2026-03-21..2026-08-06,baccarat_bet02_101_all_pairs_incl_sentinel,round_win = game_pnl > 0 (decisive only),COMPATIBILITY_ONLY_NOT_PRODUCTION,14217.3322,13118.3760,48.4489,296,260,-0.00340773,-0.43210000,0.00581582,-0.01078936,-48.4489,14217.3322,OK,104.9470,2.9069,6.0000,94.0000,AG03-UNRESOLVED,ALL5_LEVELS_bet23_to_bet27,2.9069,2.9069,2.9069,2.9069,2.9069,6.000000,6.000000,6.000000,6.000000,6.000000,94.000000,94.000000,94.000000,94.000000,94.000000,5.0,14.5347,12.892,-71.0328,-69.3902,PENDING_AG03,FALSE,NOT_FOR_ENFORCEMENT,45.5419,12331.2734,-56.4981,-59.4051,-102.0401,-0.00397389,-0.00417836,2.9069,-59.4051,-0.00417836,2.9069,2.9069,2.9069,2.9069,2.9069,-59.4051,-0.00417836,14.5347,12.892,-71.0328,-69.3902,-0.00499621,-0.00488068,-0.00717716,48.0315,50.4553,0.1863,2.8499,0.3511,836.3137,15.2941,42.7787,48.1588,28.2851,40.8824,68.1083,85.1354,102.1624,136.2166,35.2485,-8.5444,2.498935,3.331914,1.174871,22,86,19,4,0.02106239,0.00340773,0.43210000,0.00800000,0.800000,0.922703,0.000000,-0.43791582,2026-03-22,2026-07-19,17,138,99,120,0.141667,0.888285,0.890638,0.070208,,,,,,,,GLOBAL_BASELINE_NO_ENTITY_RANKING,,,NOT_APPLICABLE_GLOBAL_BASELINE,HF9g-P5,,,,X 全窗基线 · 不参与实体赏罚,3924663,393,A168_HF9F_20260827_0900,2026-08-27 09:00:00
2026-07-19,42525088,2169,0,68.2082848111,31.6087173515,31.8748960240,1.0000000,2,2,0.49994810000000000,0.499948100000,1.0001038053877793,1.0001038053877793,1.0001038053877793,0E-17,ELIGIBLE,R03b_20260811_FULL_v1,L1_ELIGIBILITY,v2026-08-11,2026-03-21..2026-08-06,baccarat_bet02_101_all_pairs_incl_sentinel,round_win = game_pnl > 0 (decisive only),COMPATIBILITY_ONLY_NOT_PRODUCTION,14217.3322,13118.3760,48.4489,296,260,-0.00340773,-0.43210000,0.00581582,-0.01078936,-48.4489,14217.3322,OK,104.9470,2.9069,6.0000,94.0000,AG03-UNRESOLVED,ALL5_LEVELS_bet23_to_bet27,2.9069,2.9069,2.9069,2.9069,2.9069,6.000000,6.000000,6.000000,6.000000,6.000000,94.000000,94.000000,94.000000,94.000000,94.000000,5.0,14.5347,12.892,-71.0328,-69.3902,PENDING_AG03,FALSE,NOT_FOR_ENFORCEMENT,45.5419,12331.2734,-56.4981,-59.4051,-102.0401,-0.00397389,-0.00417836,2.9069,-59.4051,-0.00417836,2.9069,2.9069,2.9069,2.9069,2.9069,-59.4051,-0.00417836,14.5347,12.892,-71.0328,-69.3902,-0.00499621,-0.00488068,-0.00717716,48.0315,50.4553,0.1863,2.8499,0.3511,836.3137,15.2941,42.7787,48.1588,28.2851,40.8824,68.1083,85.1354,102.1624,136.2166,35.2485,-8.5444,2.498935,3.331914,1.174871,22,86,19,4,0.02106239,0.00340773,0.43210000,0.00800000,0.800000,0.922703,0.000000,-0.43791582,2026-03-22,2026-07-19,17,138,99,120,0.141667,0.888285,0.890638,0.070208,,,,,,,,GLOBAL_BASELINE_NO_ENTITY_RANKING,,,NOT_APPLICABLE_GLOBAL_BASELINE,HF9g-P5,,,,X 全窗基线 · 不参与实体赏罚,3924664,393,A168_HF9F_20260827_0900,2026-08-27 09:00:00
2026-03-25,147768075,1396,0,88.2112857783,61.8795586803,61.8795586803,0.6666667,3,3,0.49324550000000000,0.493245500000,0.6008033672792107,0.6008033672792106,0.6008033672792107,0E-17,ELIGIBLE,R03b_20260811_FULL_v1,L1_ELIGIBILITY,v2026-08-11,2026-03-21..2026-08-06,baccarat_bet02_101_all_pairs_incl_sentinel,round_win = game_pnl > 0 (decisive only),COMPATIBILITY_ONLY_NOT_PRODUCTION,88.2113,88.2113,-61.8796,3,3,0.70149254,,0.70149254,0.70149254,61.8796,88.2113,THIN_EXPOSURE,0.0000,-2.4752,4.0000,96.0000,AG03-UNRESOLVED,ALL5_LEVELS_bet23_to_bet27,-2.4752,-2.4752,-2.4752,-3.7128,-3.7128,4.000000,4.000000,4.000000,6.000000,6.000000,96.000000,96.000000,96.000000,94.000000,94.000000,5.0,-14.8511,-13.505,-47.0285,-48.3745,PENDING_AG03,FALSE,NOT_FOR_ENFORCEMENT,-59.4044,84.6828,-61.8796,-59.4044,-2.4752,-0.70149254,-0.67343284,-2.4752,-59.4044,-0.67343284,-2.4752,-2.4752,-2.4752,-3.7128,-3.7128,-59.4044,-0.67343284,-14.8511,-13.505,-47.0285,-48.3745,-0.53313433,-0.54839371,-0.02805970,29.4038,29.4038,-20.6265,-61.8796,-61.8796,88.2113,3.0000,,29.4038,14.4825,18.4322,47.068,56.6132,56.6132,56.6132,18.4322,18.4322,3.071429,3.071429,1.595238,1,1,1,1,0E-8,-0.70149254,,0E-8,0.000000,1.000000,0.000000,,2026-03-25,2026-03-25,1,1,1,1,1.000000,,,0.000000,,,,,,,,GLOBAL_BASELINE_NO_ENTITY_RANKING,,,NOT_APPLICABLE_GLOBAL_BASELINE,HF9g-P5,,,,X 全窗基线 · 不参与实体赏罚,3924665,393,A168_HF9F_20260827_0900,2026-08-27 09:00:00
2026-03-26,111466995,1384,0,26.3317270980,26.3317270980,26.3317270980,1.0000000,1,1,0.49324550000000000,0.493245500000,1.01360149184955,1.01360149184955,1.01360149184955,0E-17,ELIGIBLE,R03b_20260811_FULL_v1,L1_ELIGIBILITY,v2026-08-11,2026-03-21..2026-08-06,baccarat_bet02_101_all_pairs_incl_sentinel,round_win = game_pnl > 0 (decisive only),COMPATIBILITY_ONLY_NOT_PRODUCTION,197.4880,197.4880,-61.8796,5,5,0.31333333,,0.31333333,0.31333333,61.8796,197.4880,THIN_EXPOSURE,0.0000,-2.4752,4.0000,96.0000,AG03-UNRESOLVED,ALL5_LEVELS_bet23_to_bet27,-2.4752,-2.4752,-2.4752,-3.0940,-3.0940,4.000000,4.000000,4.000000,5.000000,5.000000,96.000000,96.000000,96.000000,95.000000,95.000000,5.0,-13.6135,-12.4703,-48.2661,-49.4092,PENDING_AG03,FALSE,NOT_FOR_ENFORCEMENT,-59.4044,189.5884,-61.8796,-59.4044,-2.4752,-0.31333333,-0.30080000,-2.4752,-59.4044,-0.30080000,-2.4752,-2.4752,-2.4752,-3.0940,-3.0940,-59.4044,-0.30080000,-13.6135,-12.4703,-48.2661,-49.4092,-0.24440000,-0.2501886,-0.01253333,39.4976,39.4976,-12.3759,-61.8796,-30.9398,197.4880,5.0000,,39.4976,26.3317,26.3317,49.372,78.9952,78.9952,78.9952,26.3317,26.3317,3.0,3.0,1.5,2,2,1,2,0E-8,-0.31333333,,0E-8,0.000000,1.000000,0.000000,,2026-03-26,2026-03-26,1,2,2,1,1.000000,,,0.000000,,,,,,,,GLOBAL_BASELINE_NO_ENTITY_RANKING,,,NOT_APPLICABLE_GLOBAL_BASELINE,HF9g-P5,,,,X 全窗基线 · 不参与实体赏罚,3924666,393,A168_HF9F_20260827_0900,2026-08-27 09:00:00
2026-03-26,111466995,2209,0,171.1562261369,35.5478315822,35.5478315822,0.5000000,4,4,0.49994810000000000,0.499948100000,0.00020760000111838688,0.00020760000111838688,0.00020760000111838688,0E-17,ELIGIBLE,R03b_20260811_FULL_v1,L1_ELIGIBILITY,v2026-08-11,2026-03-21..2026-08-06,baccarat_bet02_101_all_pairs_incl_sentinel,round_win = game_pnl > 0 (decisive only),COMPATIBILITY_ONLY_NOT_PRODUCTION,197.4880,197.4880,-61.8796,5,5,0.31333333,,0.31333333,0.31333333,61.8796,197.4880,THIN_EXPOSURE,0.0000,-2.4752,4.0000,96.0000,AG03-UNRESOLVED,ALL5_LEVELS_bet23_to_bet27,-2.4752,-2.4752,-2.4752,-3.0940,-3.0940,4.000000,4.000000,4.000000,5.000000,5.000000,96.000000,96.000000,96.000000,95.000000,95.000000,5.0,-13.6135,-12.4703,-48.2661,-49.4092,PENDING_AG03,FALSE,NOT_FOR_ENFORCEMENT,-59.4044,189.5884,-61.8796,-59.4044,-2.4752,-0.31333333,-0.30080000,-2.4752,-59.4044,-0.30080000,-2.4752,-2.4752,-2.4752,-3.0940,-3.0940,-59.4044,-0.30080000,-13.6135,-12.4703,-48.2661,-49.4092,-0.24440000,-0.2501886,-0.01253333,39.4976,39.4976,-12.3759,-61.8796,-30.9398,197.4880,5.0000,,39.4976,26.3317,26.3317,49.372,78.9952,78.9952,78.9952,26.3317,26.3317,3.0,3.0,1.5,2,2,1,2,0E-8,-0.31333333,,0E-8,0.000000,1.000000,0.000000,,2026-03-26,2026-03-26,1,2,2,1,1.000000,,,0.000000,,,,,,,,GLOBAL_BASELINE_NO_ENTITY_RANKING,,,NOT_APPLICABLE_GLOBAL_BASELINE,HF9g-P5,,,,X 全窗基线 · 不参与实体赏罚,3924667,393,A168_HF9F_20260827_0900,2026-08-27 09:00:00
2026-03-23,147706399,2202,0,107.9600811018,15.7990362588,15.7990362588,0.5000000,5,4,0.48388963636363636,0.441788250000,0.06447493137593041,0.2344412799387362,0.06447493137593041,0.04210138636363636,ELIGIBLE,R03b_20260811_FULL_v1,L1_ELIGIBILITY,v2026-08-11,2026-03-21..2026-08-06,baccarat_bet02_101_all_pairs_incl_sentinel,round_win = game_pnl > 0 (decisive only),COMPATIBILITY_ONLY_NOT_PRODUCTION,218.5533,218.5533,-61.8796,11,8,0.28313253,,0.28313253,0.28313253,61.8796,218.5533,THIN_EXPOSURE,0.0000,-2.4752,4.0000,96.0000,AG03-UNRESOLVED,ALL5_LEVELS_bet23_to_bet27,-2.4752,-2.4752,-2.4752,-2.4752,-2.4752,4.000000,4.000000,4.000000,4.000000,4.000000,96.000000,96.000000,96.000000,96.000000,96.000000,5.0,-12.3759,-11.4247,-49.5036,-50.4549,PENDING_AG03,FALSE,NOT_FOR_ENFORCEMENT,-59.4044,209.8112,-61.8796,-59.4044,-2.4752,-0.28313253,-0.27180723,-2.4752,-59.4044,-0.27180723,-2.4752,-2.4752,-2.4752,-2.4752,-2.4752,-59.4044,-0.27180723,-12.3759,-11.4247,-49.5036,-50.4549,-0.22650602,-0.23085853,-0.01132530,19.8685,27.3192,-7.7349,-30.9398,-20.6265,109.2767,4.0000,,19.8685,8.5578,26.3317,26.3317,26.3317,26.3317,26.3317,26.3317,15.799,1.0,1.0,0.754545,3,3,3,5,0E-8,-0.28313253,,0E-8,0.000000,1.000000,0.000000,,2026-03-23,2026-03-27,2,3,3,5,0.400000,,,0.000000,,,,,,,,GLOBAL_BASELINE_NO_ENTITY_RANKING,,,NOT_APPLICABLE_GLOBAL_BASELINE,HF9g-P5,,,,X 全窗基线 · 不参与实体赏罚,3924668,393,A168_HF9F_20260827_0900,2026-08-27 09:00:00
2026-03-27,147706399,2088,0,84.2615267136,19.7487953235,19.7487953235,0.6666667,5,3,0.47576870909090909,0.356907550000,0.6620678537085811,1.1198765520946605,0.6620678537085811,0.11886115909090909,ELIGIBLE,R03b_20260811_FULL_v1,L1_ELIGIBILITY,v2026-08-11,2026-03-21..2026-08-06,baccarat_bet02_101_all_pairs_incl_sentinel,round_win = game_pnl > 0 (decisive only),COMPATIBILITY_ONLY_NOT_PRODUCTION,218.5533,218.5533,-61.8796,11,8,0.28313253,,0.28313253,0.28313253,61.8796,218.5533,THIN_EXPOSURE,0.0000,-2.4752,4.0000,96.0000,AG03-UNRESOLVED,ALL5_LEVELS_bet23_to_bet27,-2.4752,-2.4752,-2.4752,-2.4752,-2.4752,4.000000,4.000000,4.000000,4.000000,4.000000,96.000000,96.000000,96.000000,96.000000,96.000000,5.0,-12.3759,-11.4247,-49.5036,-50.4549,PENDING_AG03,FALSE,NOT_FOR_ENFORCEMENT,-59.4044,209.8112,-61.8796,-59.4044,-2.4752,-0.28313253,-0.27180723,-2.4752,-59.4044,-0.27180723,-2.4752,-2.4752,-2.4752,-2.4752,-2.4752,-59.4044,-0.27180723,-12.3759,-11.4247,-49.5036,-50.4549,-0.22650602,-0.23085853,-0.01132530,19.8685,27.3192,-7.7349,-30.9398,-20.6265,109.2767,4.0000,,19.8685,8.5578,26.3317,26.3317,26.3317,26.3317,26.3317,26.3317,15.799,1.0,1.0,0.754545,3,3,3,5,0E-8,-0.28313253,,0E-8,0.000000,1.000000,0.000000,,2026-03-23,2026-03-27,2,3,3,5,0.400000,,,0.000000,,,,,,,,GLOBAL_BASELINE_NO_ENTITY_RANKING,,,NOT_APPLICABLE_GLOBAL_BASELINE,HF9g-P5,,,,X 全窗基线 · 不参与实体赏罚,3924669,393,A168_HF9F_20260827_0900,2026-08-27 09:00:00
2026-03-27,147706399,2129,0,26.3317270980,26.3317270980,26.3317270980,1.0000000,1,1,0.49324550000000000,0.493245500000,1.01360149184955,1.01360149184955,1.01360149184955,0E-17,ELIGIBLE,R03b_20260811_FULL_v1,L1_ELIGIBILITY,v2026-08-11,2026-03-21..2026-08-06,baccarat_bet02_101_all_pairs_incl_sentinel,round_win = game_pnl > 0 (decisive only),COMPATIBILITY_ONLY_NOT_PRODUCTION,218.5533,218.5533,-61.8796,11,8,0.28313253,,0.28313253,0.28313253,61.8796,218.5533,THIN_EXPOSURE,0.0000,-2.4752,4.0000,96.0000,AG03-UNRESOLVED,ALL5_LEVELS_bet23_to_bet27,-2.4752,-2.4752,-2.4752,-2.4752,-2.4752,4.000000,4.000000,4.000000,4.000000,4.000000,96.000000,96.000000,96.000000,96.000000,96.000000,5.0,-12.3759,-11.4247,-49.5036,-50.4549,PENDING_AG03,FALSE,NOT_FOR_ENFORCEMENT,-59.4044,209.8112,-61.8796,-59.4044,-2.4752,-0.28313253,-0.27180723,-2.4752,-59.4044,-0.27180723,-2.4752,-2.4752,-2.4752,-2.4752,-2.4752,-59.4044,-0.27180723,-12.3759,-11.4247,-49.5036,-50.4549,-0.22650602,-0.23085853,-0.01132530,19.8685,27.3192,-7.7349,-30.9398,-20.6265,109.2767,4.0000,,19.8685,8.5578,26.3317,26.3317,26.3317,26.3317,26.3317,26.3317,15.799,1.0,1.0,0.754545,3,3,3,5,0E-8,-0.28313253,,0E-8,0.000000,1.000000,0.000000,,2026-03-23,2026-03-27,2,3,3,5,0.400000,,,0.000000,,,,,,,,GLOBAL_BASELINE_NO_ENTITY_RANKING,,,NOT_APPLICABLE_GLOBAL_BASELINE,HF9g-P5,,,,X 全窗基线 · 不参与实体赏罚,3924670,393,A168_HF9F_20260827_0900,2026-08-27 09:00:00
2026-03-25,147769305,2147,0,297.5485162071,61.8795586802,61.8795586802,0.6666667,3,3,0.50665070000000000,0.506650700000,0.5543606114942035,0.5543606114942035,0.5543606114942035,0E-17,ELIGIBLE,R03b_20260811_FULL_v1,L1_ELIGIBILITY,v2026-08-11,2026-03-21..2026-08-06,baccarat_bet02_101_all_pairs_incl_sentinel,round_win = game_pnl > 0 (decisive only),COMPATIBILITY_ONLY_NOT_PRODUCTION,297.5485,297.5485,-61.8796,3,3,0.20796460,,0.20796460,0.20796460,61.8796,297.5485,THIN_EXPOSURE,0.0000,-2.4752,4.0000,96.0000,AG03-UNRESOLVED,ALL5_LEVELS_bet23_to_bet27,-2.4752,-2.4752,-2.4752,-2.4752,-2.4752,4.000000,4.000000,4.000000,4.000000,4.000000,96.000000,96.000000,96.000000,96.000000,96.000000,5.0,-12.3759,-11.4247,-49.5036,-50.4549,PENDING_AG03,FALSE,NOT_FOR_ENFORCEMENT,-59.4044,285.6466,-61.8796,-59.4044,-2.4752,-0.20796460,-0.19964602,-2.4752,-59.4044,-0.19964602,-2.4752,-2.4752,-2.4752,-2.4752,-2.4752,-59.4044,-0.19964602,-12.3759,-11.4247,-49.5036,-50.4549,-0.16637168,-0.16956866,-0.00831858,99.1828,99.1828,-20.6265,-61.8796,-61.8796,297.5485,3.0000,,99.1828,85.5781,105.3269,111.2515,113.2264,113.2264,113.2264,105.3269,75.0454,1.075,1.075,0.941667,1,1,1,1,0E-8,-0.20796460,,0E-8,0.000000,1.000000,0.000000,,2026-03-25,2026-03-25,1,1,1,1,1.000000,,,0.000000,,,,,,,,GLOBAL_BASELINE_NO_ENTITY_RANKING,,,NOT_APPLICABLE_GLOBAL_BASELINE,HF9g-P5,,,,X 全窗基线 · 不参与实体赏罚,3924671,393,A168_HF9F_20260827_0900,2026-08-27 09:00:00
2026-06-08,135409075,1157,0,16.2017323391,16.2017323391,16.2017323391,1.0000000,1,1,0.49324550000000000,0.493245500000,1.01360149184955,1.01360149184955,1.01360149184955,0E-17,ELIGIBLE,R03b_20260811_FULL_v1,L1_ELIGIBILITY,v2026-08-11,2026-03-21..2026-08-06,baccarat_bet02_101_all_pairs_incl_sentinel,round_win = game_pnl > 0 (decisive only),COMPATIBILITY_ONLY_NOT_PRODUCTION,77.3392,77.3392,-61.8791,7,7,0.80010024,1.29824736,0.44821390,0.80010024,61.8791,77.3392,THIN_EXPOSURE,0.0000,-2.4752,4.0000,96.0000,AG03-UNRESOLVED,ALL5_LEVELS_bet23_to_bet27,-2.4752,-2.4752,-2.4752,-3.7127,-3.7127,4.000000,4.000000,4.000000,6.000000,6.000000,96.000000,96.000000,96.000000,94.000000,94.000000,5.0,-14.8510,-13.5049,-47.0281,-48.3742,PENDING_AG03,FALSE,NOT_FOR_ENFORCEMENT,-59.4039,74.2456,-61.8791,-59.4039,-2.4752,-0.80010024,-0.76809623,-2.4752,-59.4039,-0.76809623,-2.4752,-2.4752,-2.4752,-3.7127,-3.7127,-59.4039,-0.76809623,-14.8510,-13.5049,-47.0281,-48.3742,-0.60807619,-0.62548055,-0.03200401,11.0485,11.0485,-8.8399,-10.3132,-8.8399,12.8899,1.1667,16.0080,9.0647,8.2089,8.5163,14.7062,22.3126,23.8403,23.8403,8.5163,7.8932,2.799376,2.799376,1.297331,5,7,6,3,0.41396764,-0.80010024,-1.29824736,0E-8,0.000000,1.000000,0.000000,0.85003346,2026-06-08,2026-08-02,6,7,7,56,0.107143,1.765976,1.448887,1.379892,,,,,,,,GLOBAL_BASELINE_NO_ENTITY_RANKING,,,NOT_APPLICABLE_GLOBAL_BASELINE,HF9g-P5,,,,X 全窗基线 · 不参与实体赏罚,3924672,393,A168_HF9F_20260827_0900,2026-08-27 09:00:00
2026-06-08,135409075,1505,0,8.3085806867,7.8931516524,7.8931516524,1.0000000,1,1,0.50665070000000000,0.506650700000,0.9867858985152569,0.9867858985152569,0.9867858985152569,0E-17,ELIGIBLE,R03b_20260811_FULL_v1,L1_ELIGIBILITY,v2026-08-11,2026-03-21..2026-08-06,baccarat_bet02_101_all_pairs_incl_sentinel,round_win = game_pnl > 0 (decisive only),COMPATIBILITY_ONLY_NOT_PRODUCTION,77.3392,77.3392,-61.8791,7,7,0.80010024,1.29824736,0.44821390,0.80010024,61.8791,77.3392,THIN_EXPOSURE,0.0000,-2.4752,4.0000,96.0000,AG03-UNRESOLVED,ALL5_LEVELS_bet23_to_bet27,-2.4752,-2.4752,-2.4752,-3.7127,-3.7127,4.000000,4.000000,4.000000,6.000000,6.000000,96.000000,96.000000,96.000000,94.000000,94.000000,5.0,-14.8510,-13.5049,-47.0281,-48.3742,PENDING_AG03,FALSE,NOT_FOR_ENFORCEMENT,-59.4039,74.2456,-61.8791,-59.4039,-2.4752,-0.80010024,-0.76809623,-2.4752,-59.4039,-0.76809623,-2.4752,-2.4752,-2.4752,-3.7127,-3.7127,-59.4039,-0.76809623,-14.8510,-13.5049,-47.0281,-48.3742,-0.60807619,-0.62548055,-0.03200401,11.0485,11.0485,-8.8399,-10.3132,-8.8399,12.8899,1.1667,16.0080,9.0647,8.2089,8.5163,14.7062,22.3126,23.8403,23.8403,8.5163,7.8932,2.799376,2.799376,1.297331,5,7,6,3,0.41396764,-0.80010024,-1.29824736,0E-8,0.000000,1.000000,0.000000,0.85003346,2026-06-08,2026-08-02,6,7,7,56,0.107143,1.765976,1.448887,1.379892,,,,,,,,GLOBAL_BASELINE_NO_ENTITY_RANKING,,,NOT_APPLICABLE_GLOBAL_BASELINE,HF9g-P5,,,,X 全窗基线 · 不参与实体赏罚,3924673,393,A168_HF9F_20260827_0900,2026-08-27 09:00:00
2026-06-25,135409075,2235,0,8.5162952039,8.5162952039,8.5162952039,1.0000000,1,1,0.49324550000000000,0.493245500000,1.01360149184955,1.01360149184955,1.01360149184955,0E-17,ELIGIBLE,R03b_20260811_FULL_v1,L1_ELIGIBILITY,v2026-08-11,2026-03-21..2026-08-06,baccarat_bet02_101_all_pairs_incl_sentinel,round_win = game_pnl > 0 (decisive only),COMPATIBILITY_ONLY_NOT_PRODUCTION,77.3392,77.3392,-61.8791,7,7,0.80010024,1.29824736,0.44821390,0.80010024,61.8791,77.3392,THIN_EXPOSURE,0.0000,-2.4752,4.0000,96.0000,AG03-UNRESOLVED,ALL5_LEVELS_bet23_to_bet27,-2.4752,-2.4752,-2.4752,-3.7127,-3.7127,4.000000,4.000000,4.000000,6.000000,6.000000,96.000000,96.000000,96.000000,94.000000,94.000000,5.0,-14.8510,-13.5049,-47.0281,-48.3742,PENDING_AG03,FALSE,NOT_FOR_ENFORCEMENT,-59.4039,74.2456,-61.8791,-59.4039,-2.4752,-0.80010024,-0.76809623,-2.4752,-59.4039,-0.76809623,-2.4752,-2.4752,-2.4752,-3.7127,-3.7127,-59.4039,-0.76809623,-14.8510,-13.5049,-47.0281,-48.3742,-0.60807619,-0.62548055,-0.03200401,11.0485,11.0485,-8.8399,-10.3132,-8.8399,12.8899,1.1667,16.0080,9.0647,8.2089,8.5163,14.7062,22.3126,23.8403,23.8403,8.5163,7.8932,2.799376,2.799376,1.297331,5,7,6,3,0.41396764,-0.80010024,-1.29824736,0E-8,0.000000,1.000000,0.000000,0.85003346,2026-06-08,2026-08-02,6,7,7,56,0.107143,1.765976,1.448887,1.379892,,,,,,,,GLOBAL_BASELINE_NO_ENTITY_RANKING,,,NOT_APPLICABLE_GLOBAL_BASELINE,HF9g-P5,,,,X 全窗基线 · 不参与实体赏罚,3924674,393,A168_HF9F_20260827_0900,2026-08-27 09:00:00
2026-06-26,135409075,2147,0,2.0771451717,-2.0771451717,-2.0771451717,0E-7,1,1,0.50665070000000000,0.506650700000,-1.013391052207602,-1.013391052207602,-1.013391052207602,0E-17,ELIGIBLE,R03b_20260811_FULL_v1,L1_ELIGIBILITY,v2026-08-11,2026-03-21..2026-08-06,baccarat_bet02_101_all_pairs_incl_sentinel,round_win = game_pnl > 0 (decisive only),COMPATIBILITY_ONLY_NOT_PRODUCTION,77.3392,77.3392,-61.8791,7,7,0.80010024,1.29824736,0.44821390,0.80010024,61.8791,77.3392,THIN_EXPOSURE,0.0000,-2.4752,4.0000,96.0000,AG03-UNRESOLVED,ALL5_LEVELS_bet23_to_bet27,-2.4752,-2.4752,-2.4752,-3.7127,-3.7127,4.000000,4.000000,4.000000,6.000000,6.000000,96.000000,96.000000,96.000000,94.000000,94.000000,5.0,-14.8510,-13.5049,-47.0281,-48.3742,PENDING_AG03,FALSE,NOT_FOR_ENFORCEMENT,-59.4039,74.2456,-61.8791,-59.4039,-2.4752,-0.80010024,-0.76809623,-2.4752,-59.4039,-0.76809623,-2.4752,-2.4752,-2.4752,-3.7127,-3.7127,-59.4039,-0.76809623,-14.8510,-13.5049,-47.0281,-48.3742,-0.60807619,-0.62548055,-0.03200401,11.0485,11.0485,-8.8399,-10.3132,-8.8399,12.8899,1.1667,16.0080,9.0647,8.2089,8.5163,14.7062,22.3126,23.8403,23.8403,8.5163,7.8932,2.799376,2.799376,1.297331,5,7,6,3,0.41396764,-0.80010024,-1.29824736,0E-8,0.000000,1.000000,0.000000,0.85003346,2026-06-08,2026-08-02,6,7,7,56,0.107143,1.765976,1.448887,1.379892,,,,,,,,GLOBAL_BASELINE_NO_ENTITY_RANKING,,,NOT_APPLICABLE_GLOBAL_BASELINE,HF9g-P5,,,,X 全窗基线 · 不参与实体赏罚,3924675,393,A168_HF9F_20260827_0900,2026-08-27 09:00:00
2026-07-05,135409075,1299,0,10.2195151862,-10.2195151862,-10.2195151862,0E-7,1,1,0.50665070000000000,0.506650700000,-1.013391052207602,-1.013391052207602,-1.013391052207602,0E-17,ELIGIBLE,R03b_20260811_FULL_v1,L1_ELIGIBILITY,v2026-08-11,2026-03-21..2026-08-06,baccarat_bet02_101_all_pairs_incl_sentinel,round_win = game_pnl > 0 (decisive only),COMPATIBILITY_ONLY_NOT_PRODUCTION,77.3392,77.3392,-61.8791,7,7,0.80010024,1.29824736,0.44821390,0.80010024,61.8791,77.3392,THIN_EXPOSURE,0.0000,-2.4752,4.0000,96.0000,AG03-UNRESOLVED,ALL5_LEVELS_bet23_to_bet27,-2.4752,-2.4752,-2.4752,-3.7127,-3.7127,4.000000,4.000000,4.000000,6.000000,6.000000,96.000000,96.000000,96.000000,94.000000,94.000000,5.0,-14.8510,-13.5049,-47.0281,-48.3742,PENDING_AG03,FALSE,NOT_FOR_ENFORCEMENT,-59.4039,74.2456,-61.8791,-59.4039,-2.4752,-0.80010024,-0.76809623,-2.4752,-59.4039,-0.76809623,-2.4752,-2.4752,-2.4752,-3.7127,-3.7127,-59.4039,-0.76809623,-14.8510,-13.5049,-47.0281,-48.3742,-0.60807619,-0.62548055,-0.03200401,11.0485,11.0485,-8.8399,-10.3132,-8.8399,12.8899,1.1667,16.0080,9.0647,8.2089,8.5163,14.7062,22.3126,23.8403,23.8403,8.5163,7.8932,2.799376,2.799376,1.297331,5,7,6,3,0.41396764,-0.80010024,-1.29824736,0E-8,0.000000,1.000000,0.000000,0.85003346,2026-06-08,2026-08-02,6,7,7,56,0.107143,1.765976,1.448887,1.379892,,,,,,,,GLOBAL_BASELINE_NO_ENTITY_RANKING,,,NOT_APPLICABLE_GLOBAL_BASELINE,HF9g-P5,,,,X 全窗基线 · 不参与实体赏罚,3924676,393,A168_HF9F_20260827_0900,2026-08-27 09:00:00
2026-07-09,135409075,1985,0,8.1756121490,65.4048971917,65.4048971917,1.0000000,1,1,0.09460280000000000,0.094602800000,3.0936243558399505,3.0936243558399505,3.0936243558399505,0E-17,ELIGIBLE,R03b_20260811_FULL_v1,L1_ELIGIBILITY,v2026-08-11,2026-03-21..2026-08-06,baccarat_bet02_101_all_pairs_incl_sentinel,round_win = game_pnl > 0 (decisive only),COMPATIBILITY_ONLY_NOT_PRODUCTION,77.3392,77.3392,-61.8791,7,7,0.80010024,1.29824736,0.44821390,0.80010024,61.8791,77.3392,THIN_EXPOSURE,0.0000,-2.4752,4.0000,96.0000,AG03-UNRESOLVED,ALL5_LEVELS_bet23_to_bet27,-2.4752,-2.4752,-2.4752,-3.7127,-3.7127,4.000000,4.000000,4.000000,6.000000,6.000000,96.000000,96.000000,96.000000,94.000000,94.000000,5.0,-14.8510,-13.5049,-47.0281,-48.3742,PENDING_AG03,FALSE,NOT_FOR_ENFORCEMENT,-59.4039,74.2456,-61.8791,-59.4039,-2.4752,-0.80010024,-0.76809623,-2.4752,-59.4039,-0.76809623,-2.4752,-2.4752,-2.4752,-3.7127,-3.7127,-59.4039,-0.76809623,-14.8510,-13.5049,-47.0281,-48.3742,-0.60807619,-0.62548055,-0.03200401,11.0485,11.0485,-8.8399,-10.3132,-8.8399,12.8899,1.1667,16.0080,9.0647,8.2089,8.5163,14.7062,22.3126,23.8403,23.8403,8.5163,7.8932,2.799376,2.799376,1.297331,5,7,6,3,0.41396764,-0.80010024,-1.29824736,0E-8,0.000000,1.000000,0.000000,0.85003346,2026-06-08,2026-08-02,6,7,7,56,0.107143,1.765976,1.448887,1.379892,,,,,,,,GLOBAL_BASELINE_NO_ENTITY_RANKING,,,NOT_APPLICABLE_GLOBAL_BASELINE,HF9g-P5,,,,X 全窗基线 · 不参与实体赏罚,3924677,393,A168_HF9F_20260827_0900,2026-08-27 09:00:00
2026-08-02,135409075,2160,0,23.8403103281,-23.8403103281,-23.8403103281,0E-7,1,1,0.49324550000000000,0.493245500000,-0.9865810262130424,-0.9865810262130424,-0.9865810262130424,0E-17,ELIGIBLE,R03b_20260811_FULL_v1,L1_ELIGIBILITY,v2026-08-11,2026-03-21..2026-08-06,baccarat_bet02_101_all_pairs_incl_sentinel,round_win = game_pnl > 0 (decisive only),COMPATIBILITY_ONLY_NOT_PRODUCTION,77.3392,77.3392,-61.8791,7,7,0.80010024,1.29824736,0.44821390,0.80010024,61.8791,77.3392,THIN_EXPOSURE,0.0000,-2.4752,4.0000,96.0000,AG03-UNRESOLVED,ALL5_LEVELS_bet23_to_bet27,-2.4752,-2.4752,-2.4752,-3.7127,-3.7127,4.000000,4.000000,4.000000,6.000000,6.000000,96.000000,96.000000,96.000000,94.000000,94.000000,5.0,-14.8510,-13.5049,-47.0281,-48.3742,PENDING_AG03,FALSE,NOT_FOR_ENFORCEMENT,-59.4039,74.2456,-61.8791,-59.4039,-2.4752,-0.80010024,-0.76809623,-2.4752,-59.4039,-0.76809623,-2.4752,-2.4752,-2.4752,-3.7127,-3.7127,-59.4039,-0.76809623,-14.8510,-13.5049,-47.0281,-48.3742,-0.60807619,-0.62548055,-0.03200401,11.0485,11.0485,-8.8399,-10.3132,-8.8399,12.8899,1.1667,16.0080,9.0647,8.2089,8.5163,14.7062,22.3126,23.8403,23.8403,8.5163,7.8932,2.799376,2.799376,1.297331,5,7,6,3,0.41396764,-0.80010024,-1.29824736,0E-8,0.000000,1.000000,0.000000,0.85003346,2026-06-08,2026-08-02,6,7,7,56,0.107143,1.765976,1.448887,1.379892,,,,,,,,GLOBAL_BASELINE_NO_ENTITY_RANKING,,,NOT_APPLICABLE_GLOBAL_BASELINE,HF9g-P5,,,,X 全窗基线 · 不参与实体赏罚,3924678,393,A168_HF9F_20260827_0900,2026-08-27 09:00:00
2026-08-03,5929741,2093,0,51.3703028280,-46.2332725452,-46.2332725452,0.2000000,5,5,0.49860758000000000,0.498607580000,-1.3354188732730328,-1.3354188732730328,-1.3354188732730328,0E-17,ELIGIBLE,R03b_20260811_FULL_v1,L1_ELIGIBILITY,v2026-08-11,2026-03-21..2026-08-06,baccarat_bet02_101_all_pairs_incl_sentinel,round_win = game_pnl > 0 (decisive only),COMPATIBILITY_ONLY_NOT_PRODUCTION,1964.4004,1828.2691,-61.2334,151,151,0.03117155,0.03117155,,0.03117155,61.2334,1964.4004,OK,0.0000,-1.8370,3.0000,97.0000,AG03-UNRESOLVED,ALL5_LEVELS_bet23_to_bet27,-1.8370,-1.8370,-1.8370,-2.4493,-3.0617,3.000000,3.000000,3.000000,4.000000,5.000000,97.000000,97.000000,97.000000,96.000000,95.000000,5.0,-11.0220,-10.2653,-50.2114,-50.9681,PENDING_AG03,FALSE,NOT_FOR_ENFORCEMENT,-59.3964,1773.4210,-61.2334,-59.3964,-1.8370,-0.03117155,-0.03023640,-1.8370,-59.3964,-0.03023640,-1.8370,-1.8370,-1.8370,-2.4493,-3.0617,-59.3964,-0.03023640,-11.0220,-10.2653,-50.2114,-50.9681,-0.02556067,-0.02594588,-0.00093515,13.0093,12.1077,-0.4055,-15.3084,-1.4935,491.1001,37.7500,13.0093,,5.137,8.9898,15.2185,25.6852,30.8222,64.1359,7.7055,-2.5685,3.428571,7.13429,1.447114,20,17,13,2,1.00000000,-0.03117155,-0.03117155,0E-8,0.000000,0.930701,0.000000,,2026-08-03,2026-08-06,4,41,31,4,1.000000,,1.000000,3.333333,,,,,,,,GLOBAL_BASELINE_NO_ENTITY_RANKING,,,NOT_APPLICABLE_GLOBAL_BASELINE,HF9g-P5,,,,X 全窗基线 · 不参与实体赏罚,3924679,393,A168_HF9F_20260827_0900,2026-08-27 09:00:00
2026-08-03,5929741,2170,0,42.3804998331,7.7055454242,7.7055454242,0.3333333,3,3,0.50218230000000000,0.502182300000,-0.5849155494134425,-0.5849155494134426,-0.5849155494134425,0E-17,ELIGIBLE,R03b_20260811_FULL_v1,L1_ELIGIBILITY,v2026-08-11,2026-03-21..2026-08-06,baccarat_bet02_101_all_pairs_incl_sentinel,round_win = game_pnl > 0 (decisive only),COMPATIBILITY_ONLY_NOT_PRODUCTION,1964.4004,1828.2691,-61.2334,151,151,0.03117155,0.03117155,,0.03117155,61.2334,1964.4004,OK,0.0000,-1.8370,3.0000,97.0000,AG03-UNRESOLVED,ALL5_LEVELS_bet23_to_bet27,-1.8370,-1.8370,-1.8370,-2.4493,-3.0617,3.000000,3.000000,3.000000,4.000000,5.000000,97.000000,97.000000,97.000000,96.000000,95.000000,5.0,-11.0220,-10.2653,-50.2114,-50.9681,PENDING_AG03,FALSE,NOT_FOR_ENFORCEMENT,-59.3964,1773.4210,-61.2334,-59.3964,-1.8370,-0.03117155,-0.03023640,-1.8370,-59.3964,-0.03023640,-1.8370,-1.8370,-1.8370,-2.4493,-3.0617,-59.3964,-0.03023640,-11.0220,-10.2653,-50.2114,-50.9681,-0.02556067,-0.02594588,-0.00093515,13.0093,12.1077,-0.4055,-15.3084,-1.4935,491.1001,37.7500,13.0093,,5.137,8.9898,15.2185,25.6852,30.8222,64.1359,7.7055,-2.5685,3.428571,7.13429,1.447114,20,17,13,2,1.00000000,-0.03117155,-0.03117155,0E-8,0.000000,0.930701,0.000000,,2026-08-03,2026-08-06,4,41,31,4,1.000000,,1.000000,3.333333,,,,,,,,GLOBAL_BASELINE_NO_ENTITY_RANKING,,,NOT_APPLICABLE_GLOBAL_BASELINE,HF9g-P5,,,,X 全窗基线 · 不参与实体赏罚,3924680,393,A168_HF9F_20260827_0900,2026-08-27 09:00:00
2026-08-03,5929741,2288,0,69.3499088178,-41.4815195336,-41.4815195336,0.2500000,8,8,0.49827245000000000,0.498272450000,-1.404449446798726,-1.404449446798726,-1.404449446798726,0E-17,ELIGIBLE,R03b_20260811_FULL_v1,L1_ELIGIBILITY,v2026-08-11,2026-03-21..2026-08-06,baccarat_bet02_101_all_pairs_incl_sentinel,round_win = game_pnl > 0 (decisive only),COMPATIBILITY_ONLY_NOT_PRODUCTION,1964.4004,1828.2691,-61.2334,151,151,0.03117155,0.03117155,,0.03117155,61.2334,1964.4004,OK,0.0000,-1.8370,3.0000,97.0000,AG03-UNRESOLVED,ALL5_LEVELS_bet23_to_bet27,-1.8370,-1.8370,-1.8370,-2.4493,-3.0617,3.000000,3.000000,3.000000,4.000000,5.000000,97.000000,97.000000,97.000000,96.000000,95.000000,5.0,-11.0220,-10.2653,-50.2114,-50.9681,PENDING_AG03,FALSE,NOT_FOR_ENFORCEMENT,-59.3964,1773.4210,-61.2334,-59.3964,-1.8370,-0.03117155,-0.03023640,-1.8370,-59.3964,-0.03023640,-1.8370,-1.8370,-1.8370,-2.4493,-3.0617,-59.3964,-0.03023640,-11.0220,-10.2653,-50.2114,-50.9681,-0.02556067,-0.02594588,-0.00093515,13.0093,12.1077,-0.4055,-15.3084,-1.4935,491.1001,37.7500,13.0093,,5.137,8.9898,15.2185,25.6852,30.8222,64.1359,7.7055,-2.5685,3.428571,7.13429,1.447114,20,17,13,2,1.00000000,-0.03117155,-0.03117155,0E-8,0.000000,0.930701,0.000000,,2026-08-03,2026-08-06,4,41,31,4,1.000000,,1.000000,3.333333,,,,,,,,GLOBAL_BASELINE_NO_ENTITY_RANKING,,,NOT_APPLICABLE_GLOBAL_BASELINE,HF9g-P5,,,,X 全窗基线 · 不参与实体赏罚,3924681,393,A168_HF9F_20260827_0900,2026-08-27 09:00:00
2026-08-04,5929741,-1,1,52.6545603987,18.2364575039,18.2364575039,0.4000000,5,5,0.49592654000000000,0.495926540000,-0.42901076602576227,-0.42901076602576227,-0.42901076602576227,0E-17,SENTINEL_DEALER,R03b_20260811_FULL_v1,L1_ELIGIBILITY,v2026-08-11,2026-03-21..2026-08-06,baccarat_bet02_101_all_pairs_incl_sentinel,round_win = game_pnl > 0 (decisive only),COMPATIBILITY_ONLY_NOT_PRODUCTION,1964.4004,1828.2691,-61.2334,151,151,0.03117155,0.03117155,,0.03117155,61.2334,1964.4004,OK,0.0000,-1.8370,3.0000,97.0000,AG03-UNRESOLVED,ALL5_LEVELS_bet23_to_bet27,-1.8370,-1.8370,-1.8370,-2.4493,-3.0617,3.000000,3.000000,3.000000,4.000000,5.000000,97.000000,97.000000,97.000000,96.000000,95.000000,5.0,-11.0220,-10.2653,-50.2114,-50.9681,PENDING_AG03,FALSE,NOT_FOR_ENFORCEMENT,-59.3964,1773.4210,-61.2334,-59.3964,-1.8370,-0.03117155,-0.03023640,-1.8370,-59.3964,-0.03023640,-1.8370,-1.8370,-1.8370,-2.4493,-3.0617,-59.3964,-0.03023640,-11.0220,-10.2653,-50.2114,-50.9681,-0.02556067,-0.02594588,-0.00093515,13.0093,12.1077,-0.4055,-15.3084,-1.4935,491.1001,37.7500,13.0093,,5.137,8.9898,15.2185,25.6852,30.8222,64.1359,7.7055,-2.5685,3.428571,7.13429,1.447114,20,17,13,2,1.00000000,-0.03117155,-0.03117155,0E-8,0.000000,0.930701,0.000000,,2026-08-03,2026-08-06,4,41,31,4,1.000000,,1.000000,3.333333,,,,,,,,GLOBAL_BASELINE_NO_ENTITY_RANKING,,,NOT_APPLICABLE_GLOBAL_BASELINE,HF9g-P5,,,,X 全窗基线 · 不参与实体赏罚,3924682,393,A168_HF9F_20260827_0900,2026-08-27 09:00:00
2026-08-04,5929741,1307,0,98.8878329438,24.4008938432,24.4008938432,0.4000000,5,5,0.49860758000000000,0.498607580000,-0.440988213962219,-0.440988213962219,-0.440988213962219,0E-17,ELIGIBLE,R03b_20260811_FULL_v1,L1_ELIGIBILITY,v2026-08-11,2026-03-21..2026-08-06,baccarat_bet02_101_all_pairs_incl_sentinel,round_win = game_pnl > 0 (decisive only),COMPATIBILITY_ONLY_NOT_PRODUCTION,1964.4004,1828.2691,-61.2334,151,151,0.03117155,0.03117155,,0.03117155,61.2334,1964.4004,OK,0.0000,-1.8370,3.0000,97.0000,AG03-UNRESOLVED,ALL5_LEVELS_bet23_to_bet27,-1.8370,-1.8370,-1.8370,-2.4493,-3.0617,3.000000,3.000000,3.000000,4.000000,5.000000,97.000000,97.000000,97.000000,96.000000,95.000000,5.0,-11.0220,-10.2653,-50.2114,-50.9681,PENDING_AG03,FALSE,NOT_FOR_ENFORCEMENT,-59.3964,1773.4210,-61.2334,-59.3964,-1.8370,-0.03117155,-0.03023640,-1.8370,-59.3964,-0.03023640,-1.8370,-1.8370,-1.8370,-2.4493,-3.0617,-59.3964,-0.03023640,-11.0220,-10.2653,-50.2114,-50.9681,-0.02556067,-0.02594588,-0.00093515,13.0093,12.1077,-0.4055,-15.3084,-1.4935,491.1001,37.7500,13.0093,,5.137,8.9898,15.2185,25.6852,30.8222,64.1359,7.7055,-2.5685,3.428571,7.13429,1.447114,20,17,13,2,1.00000000,-0.03117155,-0.03117155,0E-8,0.000000,0.930701,0.000000,,2026-08-03,2026-08-06,4,41,31,4,1.000000,,1.000000,3.333333,,,,,,,,GLOBAL_BASELINE_NO_ENTITY_RANKING,,,NOT_APPLICABLE_GLOBAL_BASELINE,HF9g-P5,,,,X 全窗基线 · 不参与实体赏罚,3924683,393,A168_HF9F_20260827_0900,2026-08-27 09:00:00
2026-08-04,5929741,1385,0,7.7055454242,2.3116636273,2.3116636273,0.5000000,2,2,0.50665070000000000,0.506650700000,-0.018812684590367487,-0.018812684590367487,-0.018812684590367487,0E-17,ELIGIBLE,R03b_20260811_FULL_v1,L1_ELIGIBILITY,v2026-08-11,2026-03-21..2026-08-06,baccarat_bet02_101_all_pairs_incl_sentinel,round_win = game_pnl > 0 (decisive only),COMPATIBILITY_ONLY_NOT_PRODUCTION,1964.4004,1828.2691,-61.2334,151,151,0.03117155,0.03117155,,0.03117155,61.2334,1964.4004,OK,0.0000,-1.8370,3.0000,97.0000,AG03-UNRESOLVED,ALL5_LEVELS_bet23_to_bet27,-1.8370,-1.8370,-1.8370,-2.4493,-3.0617,3.000000,3.000000,3.000000,4.000000,5.000000,97.000000,97.000000,97.000000,96.000000,95.000000,5.0,-11.0220,-10.2653,-50.2114,-50.9681,PENDING_AG03,FALSE,NOT_FOR_ENFORCEMENT,-59.3964,1773.4210,-61.2334,-59.3964,-1.8370,-0.03117155,-0.03023640,-1.8370,-59.3964,-0.03023640,-1.8370,-1.8370,-1.8370,-2.4493,-3.0617,-59.3964,-0.03023640,-11.0220,-10.2653,-50.2114,-50.9681,-0.02556067,-0.02594588,-0.00093515,13.0093,12.1077,-0.4055,-15.3084,-1.4935,491.1001,37.7500,13.0093,,5.137,8.9898,15.2185,25.6852,30.8222,64.1359,7.7055,-2.5685,3.428571,7.13429,1.447114,20,17,13,2,1.00000000,-0.03117155,-0.03117155,0E-8,0.000000,0.930701,0.000000,,2026-08-03,2026-08-06,4,41,31,4,1.000000,,1.000000,3.333333,,,,,,,,GLOBAL_BASELINE_NO_ENTITY_RANKING,,,NOT_APPLICABLE_GLOBAL_BASELINE,HF9g-P5,,,,X 全窗基线 · 不参与实体赏罚,3924684,393,A168_HF9F_20260827_0900,2026-08-27 09:00:00
2026-08-04,5929741,2170,0,124.0592813295,-124.0592813295,-124.0592813295,0E-7,4,4,0.50329940000000000,0.503299400000,-2.013241432932159,-2.013241432932159,-2.013241432932159,0E-17,ELIGIBLE,R03b_20260811_FULL_v1,L1_ELIGIBILITY,v2026-08-11,2026-03-21..2026-08-06,baccarat_bet02_101_all_pairs_incl_sentinel,round_win = game_pnl > 0 (decisive only),COMPATIBILITY_ONLY_NOT_PRODUCTION,1964.4004,1828.2691,-61.2334,151,151,0.03117155,0.03117155,,0.03117155,61.2334,1964.4004,OK,0.0000,-1.8370,3.0000,97.0000,AG03-UNRESOLVED,ALL5_LEVELS_bet23_to_bet27,-1.8370,-1.8370,-1.8370,-2.4493,-3.0617,3.000000,3.000000,3.000000,4.000000,5.000000,97.000000,97.000000,97.000000,96.000000,95.000000,5.0,-11.0220,-10.2653,-50.2114,-50.9681,PENDING_AG03,FALSE,NOT_FOR_ENFORCEMENT,-59.3964,1773.4210,-61.2334,-59.3964,-1.8370,-0.03117155,-0.03023640,-1.8370,-59.3964,-0.03023640,-1.8370,-1.8370,-1.8370,-2.4493,-3.0617,-59.3964,-0.03023640,-11.0220,-10.2653,-50.2114,-50.9681,-0.02556067,-0.02594588,-0.00093515,13.0093,12.1077,-0.4055,-15.3084,-1.4935,491.1001,37.7500,13.0093,,5.137,8.9898,15.2185,25.6852,30.8222,64.1359,7.7055,-2.5685,3.428571,7.13429,1.447114,20,17,13,2,1.00000000,-0.03117155,-0.03117155,0E-8,0.000000,0.930701,0.000000,,2026-08-03,2026-08-06,4,41,31,4,1.000000,,1.000000,3.333333,,,,,,,,GLOBAL_BASELINE_NO_ENTITY_RANKING,,,NOT_APPLICABLE_GLOBAL_BASELINE,HF9g-P5,,,,X 全窗基线 · 不参与实体赏罚,3924685,393,A168_HF9F_20260827_0900,2026-08-27 09:00:00
2026-08-04,5929741,2261,0,15.4110908484,10.1456348085,10.1456348085,0.7500000,4,4,0.49994810000000000,0.499948100000,1.0002076053883384,1.0002076053883384,1.0002076053883384,0E-17,ELIGIBLE,R03b_20260811_FULL_v1,L1_ELIGIBILITY,v2026-08-11,2026-03-21..2026-08-06,baccarat_bet02_101_all_pairs_incl_sentinel,round_win = game_pnl > 0 (decisive only),COMPATIBILITY_ONLY_NOT_PRODUCTION,1964.4004,1828.2691,-61.2334,151,151,0.03117155,0.03117155,,0.03117155,61.2334,1964.4004,OK,0.0000,-1.8370,3.0000,97.0000,AG03-UNRESOLVED,ALL5_LEVELS_bet23_to_bet27,-1.8370,-1.8370,-1.8370,-2.4493,-3.0617,3.000000,3.000000,3.000000,4.000000,5.000000,97.000000,97.000000,97.000000,96.000000,95.000000,5.0,-11.0220,-10.2653,-50.2114,-50.9681,PENDING_AG03,FALSE,NOT_FOR_ENFORCEMENT,-59.3964,1773.4210,-61.2334,-59.3964,-1.8370,-0.03117155,-0.03023640,-1.8370,-59.3964,-0.03023640,-1.8370,-1.8370,-1.8370,-2.4493,-3.0617,-59.3964,-0.03023640,-11.0220,-10.2653,-50.2114,-50.9681,-0.02556067,-0.02594588,-0.00093515,13.0093,12.1077,-0.4055,-15.3084,-1.4935,491.1001,37.7500,13.0093,,5.137,8.9898,15.2185,25.6852,30.8222,64.1359,7.7055,-2.5685,3.428571,7.13429,1.447114,20,17,13,2,1.00000000,-0.03117155,-0.03117155,0E-8,0.000000,0.930701,0.000000,,2026-08-03,2026-08-06,4,41,31,4,1.000000,,1.000000,3.333333,,,,,,,,GLOBAL_BASELINE_NO_ENTITY_RANKING,,,NOT_APPLICABLE_GLOBAL_BASELINE,HF9g-P5,,,,X 全窗基线 · 不参与实体赏罚,3924686,393,A168_HF9F_20260827_0900,2026-08-27 09:00:00
2026-08-04,5929741,772,0,7.7055454242,2.4400893843,2.4400893843,1.0000000,2,2,0.50665070000000000,0.506650700000,0.9867858985152569,0.9867858985152569,0.9867858985152569,0E-17,ELIGIBLE,R03b_20260811_FULL_v1,L1_ELIGIBILITY,v2026-08-11,2026-03-21..2026-08-06,baccarat_bet02_101_all_pairs_incl_sentinel,round_win = game_pnl > 0 (decisive only),COMPATIBILITY_ONLY_NOT_PRODUCTION,1964.4004,1828.2691,-61.2334,151,151,0.03117155,0.03117155,,0.03117155,61.2334,1964.4004,OK,0.0000,-1.8370,3.0000,97.0000,AG03-UNRESOLVED,ALL5_LEVELS_bet23_to_bet27,-1.8370,-1.8370,-1.8370,-2.4493,-3.0617,3.000000,3.000000,3.000000,4.000000,5.000000,97.000000,97.000000,97.000000,96.000000,95.000000,5.0,-11.0220,-10.2653,-50.2114,-50.9681,PENDING_AG03,FALSE,NOT_FOR_ENFORCEMENT,-59.3964,1773.4210,-61.2334,-59.3964,-1.8370,-0.03117155,-0.03023640,-1.8370,-59.3964,-0.03023640,-1.8370,-1.8370,-1.8370,-2.4493,-3.0617,-59.3964,-0.03023640,-11.0220,-10.2653,-50.2114,-50.9681,-0.02556067,-0.02594588,-0.00093515,13.0093,12.1077,-0.4055,-15.3084,-1.4935,491.1001,37.7500,13.0093,,5.137,8.9898,15.2185,25.6852,30.8222,64.1359,7.7055,-2.5685,3.428571,7.13429,1.447114,20,17,13,2,1.00000000,-0.03117155,-0.03117155,0E-8,0.000000,0.930701,0.000000,,2026-08-03,2026-08-06,4,41,31,4,1.000000,,1.000000,3.333333,,,,,,,,GLOBAL_BASELINE_NO_ENTITY_RANKING,,,NOT_APPLICABLE_GLOBAL_BASELINE,HF9g-P5,,,,X 全窗基线 · 不参与实体赏罚,3924687,393,A168_HF9F_20260827_0900,2026-08-27 09:00:00
2026-08-04,5929741,919,0,43.6647574038,-33.6475483523,-33.6475483523,0.2000000,5,5,0.50128862000000000,0.501288620000,-1.347408145195933,-1.347408145195933,-1.347408145195933,0E-17,ELIGIBLE,R03b_20260811_FULL_v1,L1_ELIGIBILITY,v2026-08-11,2026-03-21..2026-08-06,baccarat_bet02_101_all_pairs_incl_sentinel,round_win = game_pnl > 0 (decisive only),COMPATIBILITY_ONLY_NOT_PRODUCTION,1964.4004,1828.2691,-61.2334,151,151,0.03117155,0.03117155,,0.03117155,61.2334,1964.4004,OK,0.0000,-1.8370,3.0000,97.0000,AG03-UNRESOLVED,ALL5_LEVELS_bet23_to_bet27,-1.8370,-1.8370,-1.8370,-2.4493,-3.0617,3.000000,3.000000,3.000000,4.000000,5.000000,97.000000,97.000000,97.000000,96.000000,95.000000,5.0,-11.0220,-10.2653,-50.2114,-50.9681,PENDING_AG03,FALSE,NOT_FOR_ENFORCEMENT,-59.3964,1773.4210,-61.2334,-59.3964,-1.8370,-0.03117155,-0.03023640,-1.8370,-59.3964,-0.03023640,-1.8370,-1.8370,-1.8370,-2.4493,-3.0617,-59.3964,-0.03023640,-11.0220,-10.2653,-50.2114,-50.9681,-0.02556067,-0.02594588,-0.00093515,13.0093,12.1077,-0.4055,-15.3084,-1.4935,491.1001,37.7500,13.0093,,5.137,8.9898,15.2185,25.6852,30.8222,64.1359,7.7055,-2.5685,3.428571,7.13429,1.447114,20,17,13,2,1.00000000,-0.03117155,-0.03117155,0E-8,0.000000,0.930701,0.000000,,2026-08-03,2026-08-06,4,41,31,4,1.000000,,1.000000,3.333333,,,,,,,,GLOBAL_BASELINE_NO_ENTITY_RANKING,,,NOT_APPLICABLE_GLOBAL_BASELINE,HF9g-P5,,,,X 全窗基线 · 不参与实体赏罚,3924688,393,A168_HF9F_20260827_0900,2026-08-27 09:00:00
2026-08-05,5929741,-1,1,202.6558446565,74.1401895566,74.1401895566,0.5454545,24,24,0.49994810000000000,0.499948100000,0.42688830016683177,0.42688830016683177,0.42688830016683177,0E-17,SENTINEL_DEALER,R03b_20260811_FULL_v1,L1_ELIGIBILITY,v2026-08-11,2026-03-21..2026-08-06,baccarat_bet02_101_all_pairs_incl_sentinel,round_win = game_pnl > 0 (decisive only),COMPATIBILITY_ONLY_NOT_PRODUCTION,1964.4004,1828.2691,-61.2334,151,151,0.03117155,0.03117155,,0.03117155,61.2334,1964.4004,OK,0.0000,-1.8370,3.0000,97.0000,AG03-UNRESOLVED,ALL5_LEVELS_bet23_to_bet27,-1.8370,-1.8370,-1.8370,-2.4493,-3.0617,3.000000,3.000000,3.000000,4.000000,5.000000,97.000000,97.000000,97.000000,96.000000,95.000000,5.0,-11.0220,-10.2653,-50.2114,-50.9681,PENDING_AG03,FALSE,NOT_FOR_ENFORCEMENT,-59.3964,1773.4210,-61.2334,-59.3964,-1.8370,-0.03117155,-0.03023640,-1.8370,-59.3964,-0.03023640,-1.8370,-1.8370,-1.8370,-2.4493,-3.0617,-59.3964,-0.03023640,-11.0220,-10.2653,-50.2114,-50.9681,-0.02556067,-0.02594588,-0.00093515,13.0093,12.1077,-0.4055,-15.3084,-1.4935,491.1001,37.7500,13.0093,,5.137,8.9898,15.2185,25.6852,30.8222,64.1359,7.7055,-2.5685,3.428571,7.13429,1.447114,20,17,13,2,1.00000000,-0.03117155,-0.03117155,0E-8,0.000000,0.930701,0.000000,,2026-08-03,2026-08-06,4,41,31,4,1.000000,,1.000000,3.333333,,,,,,,,GLOBAL_BASELINE_NO_ENTITY_RANKING,,,NOT_APPLICABLE_GLOBAL_BASELINE,HF9g-P5,,,,X 全窗基线 · 不参与实体赏罚,3924689,393,A168_HF9F_20260827_0900,2026-08-27 09:00:00
2026-08-05,5929741,1623,0,12.8425757070,7.3202681530,7.3202681530,0.7500000,4,4,0.50329940000000000,0.503299400000,0.9868238854431842,0.9868238854431842,0.9868238854431842,0E-17,ELIGIBLE,R03b_20260811_FULL_v1,L1_ELIGIBILITY,v2026-08-11,2026-03-21..2026-08-06,baccarat_bet02_101_all_pairs_incl_sentinel,round_win = game_pnl > 0 (decisive only),COMPATIBILITY_ONLY_NOT_PRODUCTION,1964.4004,1828.2691,-61.2334,151,151,0.03117155,0.03117155,,0.03117155,61.2334,1964.4004,OK,0.0000,-1.8370,3.0000,97.0000,AG03-UNRESOLVED,ALL5_LEVELS_bet23_to_bet27,-1.8370,-1.8370,-1.8370,-2.4493,-3.0617,3.000000,3.000000,3.000000,4.000000,5.000000,97.000000,97.000000,97.000000,96.000000,95.000000,5.0,-11.0220,-10.2653,-50.2114,-50.9681,PENDING_AG03,FALSE,NOT_FOR_ENFORCEMENT,-59.3964,1773.4210,-61.2334,-59.3964,-1.8370,-0.03117155,-0.03023640,-1.8370,-59.3964,-0.03023640,-1.8370,-1.8370,-1.8370,-2.4493,-3.0617,-59.3964,-0.03023640,-11.0220,-10.2653,-50.2114,-50.9681,-0.02556067,-0.02594588,-0.00093515,13.0093,12.1077,-0.4055,-15.3084,-1.4935,491.1001,37.7500,13.0093,,5.137,8.9898,15.2185,25.6852,30.8222,64.1359,7.7055,-2.5685,3.428571,7.13429,1.447114,20,17,13,2,1.00000000,-0.03117155,-0.03117155,0E-8,0.000000,0.930701,0.000000,,2026-08-03,2026-08-06,4,41,31,4,1.000000,,1.000000,3.333333,,,,,,,,GLOBAL_BASELINE_NO_ENTITY_RANKING,,,NOT_APPLICABLE_GLOBAL_BASELINE,HF9g-P5,,,,X 全窗基线 · 不参与实体赏罚,3924690,393,A168_HF9F_20260827_0900,2026-08-27 09:00:00
2026-08-05,5929741,2242,0,15.4110908484,-15.4110908484,-15.4110908484,0E-7,2,2,0.49994810000000000,0.499948100000,-1.4140667746232096,-1.4140667746232096,-1.4140667746232096,0E-17,ELIGIBLE,R03b_20260811_FULL_v1,L1_ELIGIBILITY,v2026-08-11,2026-03-21..2026-08-06,baccarat_bet02_101_all_pairs_incl_sentinel,round_win = game_pnl > 0 (decisive only),COMPATIBILITY_ONLY_NOT_PRODUCTION,1964.4004,1828.2691,-61.2334,151,151,0.03117155,0.03117155,,0.03117155,61.2334,1964.4004,OK,0.0000,-1.8370,3.0000,97.0000,AG03-UNRESOLVED,ALL5_LEVELS_bet23_to_bet27,-1.8370,-1.8370,-1.8370,-2.4493,-3.0617,3.000000,3.000000,3.000000,4.000000,5.000000,97.000000,97.000000,97.000000,96.000000,95.000000,5.0,-11.0220,-10.2653,-50.2114,-50.9681,PENDING_AG03,FALSE,NOT_FOR_ENFORCEMENT,-59.3964,1773.4210,-61.2334,-59.3964,-1.8370,-0.03117155,-0.03023640,-1.8370,-59.3964,-0.03023640,-1.8370,-1.8370,-1.8370,-2.4493,-3.0617,-59.3964,-0.03023640,-11.0220,-10.2653,-50.2114,-50.9681,-0.02556067,-0.02594588,-0.00093515,13.0093,12.1077,-0.4055,-15.3084,-1.4935,491.1001,37.7500,13.0093,,5.137,8.9898,15.2185,25.6852,30.8222,64.1359,7.7055,-2.5685,3.428571,7.13429,1.447114,20,17,13,2,1.00000000,-0.03117155,-0.03117155,0E-8,0.000000,0.930701,0.000000,,2026-08-03,2026-08-06,4,41,31,4,1.000000,,1.000000,3.333333,,,,,,,,GLOBAL_BASELINE_NO_ENTITY_RANKING,,,NOT_APPLICABLE_GLOBAL_BASELINE,HF9g-P5,,,,X 全窗基线 · 不参与实体赏罚,3924691,393,A168_HF9F_20260827_0900,2026-08-27 09:00:00
2026-08-05,5929741,925,0,5.1370302828,-5.1370302828,-5.1370302828,0E-7,1,1,0.49324550000000000,0.493245500000,-0.9865810262130424,-0.9865810262130424,-0.9865810262130424,0E-17,ELIGIBLE,R03b_20260811_FULL_v1,L1_ELIGIBILITY,v2026-08-11,2026-03-21..2026-08-06,baccarat_bet02_101_all_pairs_incl_sentinel,round_win = game_pnl > 0 (decisive only),COMPATIBILITY_ONLY_NOT_PRODUCTION,1964.4004,1828.2691,-61.2334,151,151,0.03117155,0.03117155,,0.03117155,61.2334,1964.4004,OK,0.0000,-1.8370,3.0000,97.0000,AG03-UNRESOLVED,ALL5_LEVELS_bet23_to_bet27,-1.8370,-1.8370,-1.8370,-2.4493,-3.0617,3.000000,3.000000,3.000000,4.000000,5.000000,97.000000,97.000000,97.000000,96.000000,95.000000,5.0,-11.0220,-10.2653,-50.2114,-50.9681,PENDING_AG03,FALSE,NOT_FOR_ENFORCEMENT,-59.3964,1773.4210,-61.2334,-59.3964,-1.8370,-0.03117155,-0.03023640,-1.8370,-59.3964,-0.03023640,-1.8370,-1.8370,-1.8370,-2.4493,-3.0617,-59.3964,-0.03023640,-11.0220,-10.2653,-50.2114,-50.9681,-0.02556067,-0.02594588,-0.00093515,13.0093,12.1077,-0.4055,-15.3084,-1.4935,491.1001,37.7500,13.0093,,5.137,8.9898,15.2185,25.6852,30.8222,64.1359,7.7055,-2.5685,3.428571,7.13429,1.447114,20,17,13,2,1.00000000,-0.03117155,-0.03117155,0E-8,0.000000,0.930701,0.000000,,2026-08-03,2026-08-06,4,41,31,4,1.000000,,1.000000,3.333333,,,,,,,,GLOBAL_BASELINE_NO_ENTITY_RANKING,,,NOT_APPLICABLE_GLOBAL_BASELINE,HF9g-P5,,,,X 全窗基线 · 不参与实体赏罚,3924692,393,A168_HF9F_20260827_0900,2026-08-27 09:00:00
2026-08-05,5929741,970,0,7.7055454242,-2.5685151414,-2.5685151414,0E-7,2,2,0.49994810000000000,0.499948100000,-0.9998962053866608,-0.9998962053866608,-0.9998962053866608,0E-17,ELIGIBLE,R03b_20260811_FULL_v1,L1_ELIGIBILITY,v2026-08-11,2026-03-21..2026-08-06,baccarat_bet02_101_all_pairs_incl_sentinel,round_win = game_pnl > 0 (decisive only),COMPATIBILITY_ONLY_NOT_PRODUCTION,1964.4004,1828.2691,-61.2334,151,151,0.03117155,0.03117155,,0.03117155,61.2334,1964.4004,OK,0.0000,-1.8370,3.0000,97.0000,AG03-UNRESOLVED,ALL5_LEVELS_bet23_to_bet27,-1.8370,-1.8370,-1.8370,-2.4493,-3.0617,3.000000,3.000000,3.000000,4.000000,5.000000,97.000000,97.000000,97.000000,96.000000,95.000000,5.0,-11.0220,-10.2653,-50.2114,-50.9681,PENDING_AG03,FALSE,NOT_FOR_ENFORCEMENT,-59.3964,1773.4210,-61.2334,-59.3964,-1.8370,-0.03117155,-0.03023640,-1.8370,-59.3964,-0.03023640,-1.8370,-1.8370,-1.8370,-2.4493,-3.0617,-59.3964,-0.03023640,-11.0220,-10.2653,-50.2114,-50.9681,-0.02556067,-0.02594588,-0.00093515,13.0093,12.1077,-0.4055,-15.3084,-1.4935,491.1001,37.7500,13.0093,,5.137,8.9898,15.2185,25.6852,30.8222,64.1359,7.7055,-2.5685,3.428571,7.13429,1.447114,20,17,13,2,1.00000000,-0.03117155,-0.03117155,0E-8,0.000000,0.930701,0.000000,,2026-08-03,2026-08-06,4,41,31,4,1.000000,,1.000000,3.333333,,,,,,,,GLOBAL_BASELINE_NO_ENTITY_RANKING,,,NOT_APPLICABLE_GLOBAL_BASELINE,HF9g-P5,,,,X 全窗基线 · 不参与实体赏罚,3924693,393,A168_HF9F_20260827_0900,2026-08-27 09:00:00
2026-08-06,5929741,-1,1,1150.9516348610,229.5610407623,229.5610407623,0.5555556,69,69,0.49887956956521739,0.498879569565,0.8997056443585285,0.8997056443619805,0.8997056443585285,2.1739E-13,SENTINEL_DEALER,R03b_20260811_FULL_v1,L1_ELIGIBILITY,v2026-08-11,2026-03-21..2026-08-06,baccarat_bet02_101_all_pairs_incl_sentinel,round_win = game_pnl > 0 (decisive only),COMPATIBILITY_ONLY_NOT_PRODUCTION,1964.4004,1828.2691,-61.2334,151,151,0.03117155,0.03117155,,0.03117155,61.2334,1964.4004,OK,0.0000,-1.8370,3.0000,97.0000,AG03-UNRESOLVED,ALL5_LEVELS_bet23_to_bet27,-1.8370,-1.8370,-1.8370,-2.4493,-3.0617,3.000000,3.000000,3.000000,4.000000,5.000000,97.000000,97.000000,97.000000,96.000000,95.000000,5.0,-11.0220,-10.2653,-50.2114,-50.9681,PENDING_AG03,FALSE,NOT_FOR_ENFORCEMENT,-59.3964,1773.4210,-61.2334,-59.3964,-1.8370,-0.03117155,-0.03023640,-1.8370,-59.3964,-0.03023640,-1.8370,-1.8370,-1.8370,-2.4493,-3.0617,-59.3964,-0.03023640,-11.0220,-10.2653,-50.2114,-50.9681,-0.02556067,-0.02594588,-0.00093515,13.0093,12.1077,-0.4055,-15.3084,-1.4935,491.1001,37.7500,13.0093,,5.137,8.9898,15.2185,25.6852,30.8222,64.1359,7.7055,-2.5685,3.428571,7.13429,1.447114,20,17,13,2,1.00000000,-0.03117155,-0.03117155,0E-8,0.000000,0.930701,0.000000,,2026-08-03,2026-08-06,4,41,31,4,1.000000,,1.000000,3.333333,,,,,,,,GLOBAL_BASELINE_NO_ENTITY_RANKING,,,NOT_APPLICABLE_GLOBAL_BASELINE,HF9g-P5,,,,X 全窗基线 · 不参与实体赏罚,3924694,393,A168_HF9F_20260827_0900,2026-08-27 09:00:00
2026-08-06,5929741,1017,0,5.1370302828,-5.1370302828,-5.1370302828,0E-7,1,1,0.49324550000000000,0.493245500000,-0.9865810262130424,-0.9865810262130424,-0.9865810262130424,0E-17,ELIGIBLE,R03b_20260811_FULL_v1,L1_ELIGIBILITY,v2026-08-11,2026-03-21..2026-08-06,baccarat_bet02_101_all_pairs_incl_sentinel,round_win = game_pnl > 0 (decisive only),COMPATIBILITY_ONLY_NOT_PRODUCTION,1964.4004,1828.2691,-61.2334,151,151,0.03117155,0.03117155,,0.03117155,61.2334,1964.4004,OK,0.0000,-1.8370,3.0000,97.0000,AG03-UNRESOLVED,ALL5_LEVELS_bet23_to_bet27,-1.8370,-1.8370,-1.8370,-2.4493,-3.0617,3.000000,3.000000,3.000000,4.000000,5.000000,97.000000,97.000000,97.000000,96.000000,95.000000,5.0,-11.0220,-10.2653,-50.2114,-50.9681,PENDING_AG03,FALSE,NOT_FOR_ENFORCEMENT,-59.3964,1773.4210,-61.2334,-59.3964,-1.8370,-0.03117155,-0.03023640,-1.8370,-59.3964,-0.03023640,-1.8370,-1.8370,-1.8370,-2.4493,-3.0617,-59.3964,-0.03023640,-11.0220,-10.2653,-50.2114,-50.9681,-0.02556067,-0.02594588,-0.00093515,13.0093,12.1077,-0.4055,-15.3084,-1.4935,491.1001,37.7500,13.0093,,5.137,8.9898,15.2185,25.6852,30.8222,64.1359,7.7055,-2.5685,3.428571,7.13429,1.447114,20,17,13,2,1.00000000,-0.03117155,-0.03117155,0E-8,0.000000,0.930701,0.000000,,2026-08-03,2026-08-06,4,41,31,4,1.000000,,1.000000,3.333333,,,,,,,,GLOBAL_BASELINE_NO_ENTITY_RANKING,,,NOT_APPLICABLE_GLOBAL_BASELINE,HF9g-P5,,,,X 全窗基线 · 不参与实体赏罚,3924695,393,A168_HF9F_20260827_0900,2026-08-27 09:00:00
2026-08-06,5929741,1374,0,5.1370302828,-5.1370302828,-5.1370302828,0E-7,1,1,0.49324550000000000,0.493245500000,-0.9865810262130424,-0.9865810262130424,-0.9865810262130424,0E-17,ELIGIBLE,R03b_20260811_FULL_v1,L1_ELIGIBILITY,v2026-08-11,2026-03-21..2026-08-06,baccarat_bet02_101_all_pairs_incl_sentinel,round_win = game_pnl > 0 (decisive only),COMPATIBILITY_ONLY_NOT_PRODUCTION,1964.4004,1828.2691,-61.2334,151,151,0.03117155,0.03117155,,0.03117155,61.2334,1964.4004,OK,0.0000,-1.8370,3.0000,97.0000,AG03-UNRESOLVED,ALL5_LEVELS_bet23_to_bet27,-1.8370,-1.8370,-1.8370,-2.4493,-3.0617,3.000000,3.000000,3.000000,4.000000,5.000000,97.000000,97.000000,97.000000,96.000000,95.000000,5.0,-11.0220,-10.2653,-50.2114,-50.9681,PENDING_AG03,FALSE,NOT_FOR_ENFORCEMENT,-59.3964,1773.4210,-61.2334,-59.3964,-1.8370,-0.03117155,-0.03023640,-1.8370,-59.3964,-0.03023640,-1.8370,-1.8370,-1.8370,-2.4493,-3.0617,-59.3964,-0.03023640,-11.0220,-10.2653,-50.2114,-50.9681,-0.02556067,-0.02594588,-0.00093515,13.0093,12.1077,-0.4055,-15.3084,-1.4935,491.1001,37.7500,13.0093,,5.137,8.9898,15.2185,25.6852,30.8222,64.1359,7.7055,-2.5685,3.428571,7.13429,1.447114,20,17,13,2,1.00000000,-0.03117155,-0.03117155,0E-8,0.000000,0.930701,0.000000,,2026-08-03,2026-08-06,4,41,31,4,1.000000,,1.000000,3.333333,,,,,,,,GLOBAL_BASELINE_NO_ENTITY_RANKING,,,NOT_APPLICABLE_GLOBAL_BASELINE,HF9g-P5,,,,X 全窗基线 · 不参与实体赏罚,3924696,393,A168_HF9F_20260827_0900,2026-08-27 09:00:00
2026-08-06,5929741,1963,0,41.0962422624,-41.0962422624,-41.0962422624,0E-7,3,3,0.49324550000000000,0.493245500000,-1.708808463184432,-1.7088084631844318,-1.708808463184432,0E-17,ELIGIBLE,R03b_20260811_FULL_v1,L1_ELIGIBILITY,v2026-08-11,2026-03-21..2026-08-06,baccarat_bet02_101_all_pairs_incl_sentinel,round_win = game_pnl > 0 (decisive only),COMPATIBILITY_ONLY_NOT_PRODUCTION,1964.4004,1828.2691,-61.2334,151,151,0.03117155,0.03117155,,0.03117155,61.2334,1964.4004,OK,0.0000,-1.8370,3.0000,97.0000,AG03-UNRESOLVED,ALL5_LEVELS_bet23_to_bet27,-1.8370,-1.8370,-1.8370,-2.4493,-3.0617,3.000000,3.000000,3.000000,4.000000,5.000000,97.000000,97.000000,97.000000,96.000000,95.000000,5.0,-11.0220,-10.2653,-50.2114,-50.9681,PENDING_AG03,FALSE,NOT_FOR_ENFORCEMENT,-59.3964,1773.4210,-61.2334,-59.3964,-1.8370,-0.03117155,-0.03023640,-1.8370,-59.3964,-0.03023640,-1.8370,-1.8370,-1.8370,-2.4493,-3.0617,-59.3964,-0.03023640,-11.0220,-10.2653,-50.2114,-50.9681,-0.02556067,-0.02594588,-0.00093515,13.0093,12.1077,-0.4055,-15.3084,-1.4935,491.1001,37.7500,13.0093,,5.137,8.9898,15.2185,25.6852,30.8222,64.1359,7.7055,-2.5685,3.428571,7.13429,1.447114,20,17,13,2,1.00000000,-0.03117155,-0.03117155,0E-8,0.000000,0.930701,0.000000,,2026-08-03,2026-08-06,4,41,31,4,1.000000,,1.000000,3.333333,,,,,,,,GLOBAL_BASELINE_NO_ENTITY_RANKING,,,NOT_APPLICABLE_GLOBAL_BASELINE,HF9g-P5,,,,X 全窗基线 · 不参与实体赏罚,3924697,393,A168_HF9F_20260827_0900,2026-08-27 09:00:00
2026-08-06,5929741,2117,0,5.1370302828,4.8801787687,4.8801787687,1.0000000,1,1,0.50665070000000000,0.506650700000,0.9867858985152569,0.9867858985152569,0.9867858985152569,0E-17,ELIGIBLE,R03b_20260811_FULL_v1,L1_ELIGIBILITY,v2026-08-11,2026-03-21..2026-08-06,baccarat_bet02_101_all_pairs_incl_sentinel,round_win = game_pnl > 0 (decisive only),COMPATIBILITY_ONLY_NOT_PRODUCTION,1964.4004,1828.2691,-61.2334,151,151,0.03117155,0.03117155,,0.03117155,61.2334,1964.4004,OK,0.0000,-1.8370,3.0000,97.0000,AG03-UNRESOLVED,ALL5_LEVELS_bet23_to_bet27,-1.8370,-1.8370,-1.8370,-2.4493,-3.0617,3.000000,3.000000,3.000000,4.000000,5.000000,97.000000,97.000000,97.000000,96.000000,95.000000,5.0,-11.0220,-10.2653,-50.2114,-50.9681,PENDING_AG03,FALSE,NOT_FOR_ENFORCEMENT,-59.3964,1773.4210,-61.2334,-59.3964,-1.8370,-0.03117155,-0.03023640,-1.8370,-59.3964,-0.03023640,-1.8370,-1.8370,-1.8370,-2.4493,-3.0617,-59.3964,-0.03023640,-11.0220,-10.2653,-50.2114,-50.9681,-0.02556067,-0.02594588,-0.00093515,13.0093,12.1077,-0.4055,-15.3084,-1.4935,491.1001,37.7500,13.0093,,5.137,8.9898,15.2185,25.6852,30.8222,64.1359,7.7055,-2.5685,3.428571,7.13429,1.447114,20,17,13,2,1.00000000,-0.03117155,-0.03117155,0E-8,0.000000,0.930701,0.000000,,2026-08-03,2026-08-06,4,41,31,4,1.000000,,1.000000,3.333333,,,,,,,,GLOBAL_BASELINE_NO_ENTITY_RANKING,,,NOT_APPLICABLE_GLOBAL_BASELINE,HF9g-P5,,,,X 全窗基线 · 不参与实体赏罚,3924698,393,A168_HF9F_20260827_0900,2026-08-27 09:00:00
2026-05-04,149554245,2223,0,64.8643038763,64.8643038763,64.8643038763,1.0000000,2,2,0.49324550000000000,0.493245500000,1.4334489766152358,1.4334489766152358,1.4334489766152358,0E-17,ELIGIBLE,R03b_20260811_FULL_v1,L1_ELIGIBILITY,v2026-08-11,2026-03-21..2026-08-06,baccarat_bet02_101_all_pairs_incl_sentinel,round_win = game_pnl > 0 (decisive only),COMPATIBILITY_ONLY_NOT_PRODUCTION,68.4967,68.4967,-61.2319,3,3,0.89393939,,0.89393939,0.89393939,61.2319,68.4967,THIN_EXPOSURE,0.0000,-1.8370,3.0000,97.0000,AG03-UNRESOLVED,ALL5_LEVELS_bet23_to_bet27,-1.8370,-1.8370,-1.8370,-2.4493,-2.4493,3.000000,3.000000,3.000000,4.000000,4.000000,97.000000,97.000000,97.000000,96.000000,96.000000,5.0,-10.4094,-9.7286,-50.8225,-51.5033,PENDING_AG03,FALSE,NOT_FOR_ENFORCEMENT,-59.3949,66.4418,-61.2319,-59.3949,-1.8370,-0.89393939,-0.86712121,-1.8370,-59.3949,-0.86712121,-1.8370,-1.8370,-1.8370,-2.4493,-2.4493,-59.3949,-0.86712121,-10.4094,-9.7286,-50.8225,-51.5033,-0.74196970,-0.7519098,-0.02681818,22.8322,22.8322,-20.4106,-30.6160,-30.6160,34.2484,1.5000,,22.8322,5.9675,12.9729,42.1618,51.8914,51.8914,51.8914,12.9729,12.9729,4.0,4.0,1.76,2,2,2,2,0E-8,-0.89393939,,0E-8,0.000000,1.000000,0.000000,,2026-05-04,2026-05-16,2,2,2,13,0.153846,,,0.000000,,,,,,,,GLOBAL_BASELINE_NO_ENTITY_RANKING,,,NOT_APPLICABLE_GLOBAL_BASELINE,HF9g-P5,,,,X 全窗基线 · 不参与实体赏罚,3924699,393,A168_HF9F_20260827_0900,2026-08-27 09:00:00
2026-05-16,149554245,-1,1,3.6324010171,-3.6324010171,-3.6324010171,0E-7,1,1,0.08158750000000000,0.081587500000,-0.29805260355172214,-0.2980526035517222,-0.29805260355172214,0E-17,SENTINEL_DEALER,R03b_20260811_FULL_v1,L1_ELIGIBILITY,v2026-08-11,2026-03-21..2026-08-06,baccarat_bet02_101_all_pairs_incl_sentinel,round_win = game_pnl > 0 (decisive only),COMPATIBILITY_ONLY_NOT_PRODUCTION,68.4967,68.4967,-61.2319,3,3,0.89393939,,0.89393939,0.89393939,61.2319,68.4967,THIN_EXPOSURE,0.0000,-1.8370,3.0000,97.0000,AG03-UNRESOLVED,ALL5_LEVELS_bet23_to_bet27,-1.8370,-1.8370,-1.8370,-2.4493,-2.4493,3.000000,3.000000,3.000000,4.000000,4.000000,97.000000,97.000000,97.000000,96.000000,96.000000,5.0,-10.4094,-9.7286,-50.8225,-51.5033,PENDING_AG03,FALSE,NOT_FOR_ENFORCEMENT,-59.3949,66.4418,-61.2319,-59.3949,-1.8370,-0.89393939,-0.86712121,-1.8370,-59.3949,-0.86712121,-1.8370,-1.8370,-1.8370,-2.4493,-2.4493,-59.3949,-0.86712121,-10.4094,-9.7286,-50.8225,-51.5033,-0.74196970,-0.7519098,-0.02681818,22.8322,22.8322,-20.4106,-30.6160,-30.6160,34.2484,1.5000,,22.8322,5.9675,12.9729,42.1618,51.8914,51.8914,51.8914,12.9729,12.9729,4.0,4.0,1.76,2,2,2,2,0E-8,-0.89393939,,0E-8,0.000000,1.000000,0.000000,,2026-05-04,2026-05-16,2,2,2,13,0.153846,,,0.000000,,,,,,,,GLOBAL_BASELINE_NO_ENTITY_RANKING,,,NOT_APPLICABLE_GLOBAL_BASELINE,HF9g-P5,,,,X 全窗基线 · 不参与实体赏罚,3924700,393,A168_HF9F_20260827_0900,2026-08-27 09:00:00
2026-05-12,149928866,2267,0,98.5937418921,61.2319028592,61.2319028592,0.8571429,10,8,0.47542143928537218,0.448442112500,2.0223247569816607,2.1742311038984736,2.0223247569816607,0.02697932678537218,ELIGIBLE,R03b_20260811_FULL_v1,L1_ELIGIBILITY,v2026-08-11,2026-03-21..2026-08-06,baccarat_bet02_101_all_pairs_incl_sentinel,round_win = game_pnl > 0 (decisive only),COMPATIBILITY_ONLY_NOT_PRODUCTION,98.5937,70.0534,-61.2319,10,8,0.62105263,,0.62105263,0.62105263,61.2319,98.5937,THIN_EXPOSURE,0.0000,-1.8370,3.0000,97.0000,AG03-UNRESOLVED,ALL5_LEVELS_bet23_to_bet27,-1.8370,-1.8370,-1.8370,-2.4493,-2.4493,3.000000,3.000000,3.000000,4.000000,4.000000,97.000000,97.000000,97.000000,96.000000,96.000000,5.0,-10.4094,-9.7286,-50.8225,-51.5033,PENDING_AG03,FALSE,NOT_FOR_ENFORCEMENT,-59.3949,67.9518,-61.2319,-59.3949,-1.8370,-0.62105263,-0.60242105,-1.8370,-59.3949,-0.60242105,-1.8370,-1.8370,-1.8370,-2.4493,-2.4493,-59.3949,-0.60242105,-10.4094,-9.7286,-50.8225,-51.5033,-0.51547368,-0.52237944,-0.01863158,9.8594,8.7567,-7.6540,-61.2319,-61.2319,98.5937,8.0000,,9.8594,5.1891,10.3783,12.9729,15.5674,15.5674,15.5674,7.7837,7.654,1.5,1.5,0.95,1,1,1,3,0E-8,-0.62105263,,0E-8,0.000000,0.710526,0.000000,,2026-05-12,2026-05-12,1,1,1,1,1.000000,,,0.000000,,,,,,,,GLOBAL_BASELINE_NO_ENTITY_RANKING,,,NOT_APPLICABLE_GLOBAL_BASELINE,HF9g-P5,,,,X 全窗基线 · 不参与实体赏罚,3924701,393,A168_HF9F_20260827_0900,2026-08-27 09:00:00
2026-05-04,149523778,-1,1,20.7565772405,-0.2594572156,-0.2594572156,0.4000000,5,5,0.49592654000000000,0.495926540000,-0.42901076602576227,-0.42901076602576227,-0.42901076602576227,0E-17,SENTINEL_DEALER,R03b_20260811_FULL_v1,L1_ELIGIBILITY,v2026-08-11,2026-03-21..2026-08-06,baccarat_bet02_101_all_pairs_incl_sentinel,round_win = game_pnl > 0 (decisive only),COMPATIBILITY_ONLY_NOT_PRODUCTION,168.6472,145.2960,-61.2319,45,45,0.36307692,,0.36307692,0.36307692,61.2319,168.6472,OK,0.0000,-1.8370,3.0000,97.0000,AG03-UNRESOLVED,ALL5_LEVELS_bet23_to_bet27,-1.8370,-1.8370,-1.8370,-2.4493,-2.4493,3.000000,3.000000,3.000000,4.000000,4.000000,97.000000,97.000000,97.000000,96.000000,96.000000,5.0,-10.4094,-9.7286,-50.8225,-51.5033,PENDING_AG03,FALSE,NOT_FOR_ENFORCEMENT,-59.3949,140.9372,-61.2319,-59.3949,-1.8370,-0.36307692,-0.35218462,-1.8370,-59.3949,-0.35218462,-1.8370,-1.8370,-1.8370,-2.4493,-2.4493,-59.3949,-0.35218462,-10.4094,-9.7286,-50.8225,-51.5033,-0.30135385,-0.30539106,-0.01089231,3.7477,3.2288,-1.3607,-61.2319,-3.4018,168.6472,45.0000,,3.7477,2.5946,2.5946,5.1891,5.1891,5.1891,5.1891,2.5946,2.5946,2.0,2.0,1.444444,16,17,1,2,0E-8,-0.36307692,,0E-8,0.000000,0.861538,0.000000,,2026-05-04,2026-05-04,1,18,16,1,1.000000,,,0.000000,,,,,,,,GLOBAL_BASELINE_NO_ENTITY_RANKING,,,NOT_APPLICABLE_GLOBAL_BASELINE,HF9g-P5,,,,X 全窗基线 · 不参与实体赏罚,3924702,393,A168_HF9F_20260827_0900,2026-08-27 09:00:00
2026-05-04,149523778,1017,0,12.9728607754,5.1891443101,5.1891443101,0.6666667,4,4,0.49659680000000000,0.496596800000,0.5891529468324541,0.589152946832454,0.5891529468324541,0E-17,ELIGIBLE,R03b_20260811_FULL_v1,L1_ELIGIBILITY,v2026-08-11,2026-03-21..2026-08-06,baccarat_bet02_101_all_pairs_incl_sentinel,round_win = game_pnl > 0 (decisive only),COMPATIBILITY_ONLY_NOT_PRODUCTION,168.6472,145.2960,-61.2319,45,45,0.36307692,,0.36307692,0.36307692,61.2319,168.6472,OK,0.0000,-1.8370,3.0000,97.0000,AG03-UNRESOLVED,ALL5_LEVELS_bet23_to_bet27,-1.8370,-1.8370,-1.8370,-2.4493,-2.4493,3.000000,3.000000,3.000000,4.000000,4.000000,97.000000,97.000000,97.000000,96.000000,96.000000,5.0,-10.4094,-9.7286,-50.8225,-51.5033,PENDING_AG03,FALSE,NOT_FOR_ENFORCEMENT,-59.3949,140.9372,-61.2319,-59.3949,-1.8370,-0.36307692,-0.35218462,-1.8370,-59.3949,-0.35218462,-1.8370,-1.8370,-1.8370,-2.4493,-2.4493,-59.3949,-0.35218462,-10.4094,-9.7286,-50.8225,-51.5033,-0.30135385,-0.30539106,-0.01089231,3.7477,3.2288,-1.3607,-61.2319,-3.4018,168.6472,45.0000,,3.7477,2.5946,2.5946,5.1891,5.1891,5.1891,5.1891,2.5946,2.5946,2.0,2.0,1.444444,16,17,1,2,0E-8,-0.36307692,,0E-8,0.000000,0.861538,0.000000,,2026-05-04,2026-05-04,1,18,16,1,1.000000,,,0.000000,,,,,,,,GLOBAL_BASELINE_NO_ENTITY_RANKING,,,NOT_APPLICABLE_GLOBAL_BASELINE,HF9g-P5,,,,X 全窗基线 · 不参与实体赏罚,3924703,393,A168_HF9F_20260827_0900,2026-08-27 09:00:00
2026-05-04,149523778,1221,0,15.5674329304,5.1891443102,5.1891443102,0.7500000,4,4,0.49324550000000000,0.493245500000,1.0271117246678039,1.0271117246678039,1.0271117246678039,0E-17,ELIGIBLE,R03b_20260811_FULL_v1,L1_ELIGIBILITY,v2026-08-11,2026-03-21..2026-08-06,baccarat_bet02_101_all_pairs_incl_sentinel,round_win = game_pnl > 0 (decisive only),COMPATIBILITY_ONLY_NOT_PRODUCTION,168.6472,145.2960,-61.2319,45,45,0.36307692,,0.36307692,0.36307692,61.2319,168.6472,OK,0.0000,-1.8370,3.0000,97.0000,AG03-UNRESOLVED,ALL5_LEVELS_bet23_to_bet27,-1.8370,-1.8370,-1.8370,-2.4493,-2.4493,3.000000,3.000000,3.000000,4.000000,4.000000,97.000000,97.000000,97.000000,96.000000,96.000000,5.0,-10.4094,-9.7286,-50.8225,-51.5033,PENDING_AG03,FALSE,NOT_FOR_ENFORCEMENT,-59.3949,140.9372,-61.2319,-59.3949,-1.8370,-0.36307692,-0.35218462,-1.8370,-59.3949,-0.35218462,-1.8370,-1.8370,-1.8370,-2.4493,-2.4493,-59.3949,-0.35218462,-10.4094,-9.7286,-50.8225,-51.5033,-0.30135385,-0.30539106,-0.01089231,3.7477,3.2288,-1.3607,-61.2319,-3.4018,168.6472,45.0000,,3.7477,2.5946,2.5946,5.1891,5.1891,5.1891,5.1891,2.5946,2.5946,2.0,2.0,1.444444,16,17,1,2,0E-8,-0.36307692,,0E-8,0.000000,0.861538,0.000000,,2026-05-04,2026-05-04,1,18,16,1,1.000000,,,0.000000,,,,,,,,GLOBAL_BASELINE_NO_ENTITY_RANKING,,,NOT_APPLICABLE_GLOBAL_BASELINE,HF9g-P5,,,,X 全窗基线 · 不参与实体赏罚,3924704,393,A168_HF9F_20260827_0900,2026-08-27 09:00:00
2026-05-04,149523778,1302,0,10.3782886202,5.1891443101,5.1891443101,1.0000000,2,2,0.49324550000000000,0.493245500000,1.01360149184955,1.01360149184955,1.01360149184955,0E-17,ELIGIBLE,R03b_20260811_FULL_v1,L1_ELIGIBILITY,v2026-08-11,2026-03-21..2026-08-06,baccarat_bet02_101_all_pairs_incl_sentinel,round_win = game_pnl > 0 (decisive only),COMPATIBILITY_ONLY_NOT_PRODUCTION,168.6472,145.2960,-61.2319,45,45,0.36307692,,0.36307692,0.36307692,61.2319,168.6472,OK,0.0000,-1.8370,3.0000,97.0000,AG03-UNRESOLVED,ALL5_LEVELS_bet23_to_bet27,-1.8370,-1.8370,-1.8370,-2.4493,-2.4493,3.000000,3.000000,3.000000,4.000000,4.000000,97.000000,97.000000,97.000000,96.000000,96.000000,5.0,-10.4094,-9.7286,-50.8225,-51.5033,PENDING_AG03,FALSE,NOT_FOR_ENFORCEMENT,-59.3949,140.9372,-61.2319,-59.3949,-1.8370,-0.36307692,-0.35218462,-1.8370,-59.3949,-0.35218462,-1.8370,-1.8370,-1.8370,-2.4493,-2.4493,-59.3949,-0.35218462,-10.4094,-9.7286,-50.8225,-51.5033,-0.30135385,-0.30539106,-0.01089231,3.7477,3.2288,-1.3607,-61.2319,-3.4018,168.6472,45.0000,,3.7477,2.5946,2.5946,5.1891,5.1891,5.1891,5.1891,2.5946,2.5946,2.0,2.0,1.444444,16,17,1,2,0E-8,-0.36307692,,0E-8,0.000000,0.861538,0.000000,,2026-05-04,2026-05-04,1,18,16,1,1.000000,,,0.000000,,,,,,,,GLOBAL_BASELINE_NO_ENTITY_RANKING,,,NOT_APPLICABLE_GLOBAL_BASELINE,HF9g-P5,,,,X 全窗基线 · 不参与实体赏罚,3924705,393,A168_HF9F_20260827_0900,2026-08-27 09:00:00
2026-05-04,149523778,1401,0,2.5945721551,2.5945721551,2.5945721551,1.0000000,1,1,0.49324550000000000,0.493245500000,1.01360149184955,1.01360149184955,1.01360149184955,0E-17,ELIGIBLE,R03b_20260811_FULL_v1,L1_ELIGIBILITY,v2026-08-11,2026-03-21..2026-08-06,baccarat_bet02_101_all_pairs_incl_sentinel,round_win = game_pnl > 0 (decisive only),COMPATIBILITY_ONLY_NOT_PRODUCTION,168.6472,145.2960,-61.2319,45,45,0.36307692,,0.36307692,0.36307692,61.2319,168.6472,OK,0.0000,-1.8370,3.0000,97.0000,AG03-UNRESOLVED,ALL5_LEVELS_bet23_to_bet27,-1.8370,-1.8370,-1.8370,-2.4493,-2.4493,3.000000,3.000000,3.000000,4.000000,4.000000,97.000000,97.000000,97.000000,96.000000,96.000000,5.0,-10.4094,-9.7286,-50.8225,-51.5033,PENDING_AG03,FALSE,NOT_FOR_ENFORCEMENT,-59.3949,140.9372,-61.2319,-59.3949,-1.8370,-0.36307692,-0.35218462,-1.8370,-59.3949,-0.35218462,-1.8370,-1.8370,-1.8370,-2.4493,-2.4493,-59.3949,-0.35218462,-10.4094,-9.7286,-50.8225,-51.5033,-0.30135385,-0.30539106,-0.01089231,3.7477,3.2288,-1.3607,-61.2319,-3.4018,168.6472,45.0000,,3.7477,2.5946,2.5946,5.1891,5.1891,5.1891,5.1891,2.5946,2.5946,2.0,2.0,1.444444,16,17,1,2,0E-8,-0.36307692,,0E-8,0.000000,0.861538,0.000000,,2026-05-04,2026-05-04,1,18,16,1,1.000000,,,0.000000,,,,,,,,GLOBAL_BASELINE_NO_ENTITY_RANKING,,,NOT_APPLICABLE_GLOBAL_BASELINE,HF9g-P5,,,,X 全窗基线 · 不参与实体赏罚,3924706,393,A168_HF9F_20260827_0900,2026-08-27 09:00:00
2026-05-04,149523778,1490,0,2.5945721551,-2.5945721551,-2.5945721551,0E-7,1,1,0.50665070000000000,0.506650700000,-1.013391052207602,-1.013391052207602,-1.013391052207602,0E-17,ELIGIBLE,R03b_20260811_FULL_v1,L1_ELIGIBILITY,v2026-08-11,2026-03-21..2026-08-06,baccarat_bet02_101_all_pairs_incl_sentinel,round_win = game_pnl > 0 (decisive only),COMPATIBILITY_ONLY_NOT_PRODUCTION,168.6472,145.2960,-61.2319,45,45,0.36307692,,0.36307692,0.36307692,61.2319,168.6472,OK,0.0000,-1.8370,3.0000,97.0000,AG03-UNRESOLVED,ALL5_LEVELS_bet23_to_bet27,-1.8370,-1.8370,-1.8370,-2.4493,-2.4493,3.000000,3.000000,3.000000,4.000000,4.000000,97.000000,97.000000,97.000000,96.000000,96.000000,5.0,-10.4094,-9.7286,-50.8225,-51.5033,PENDING_AG03,FALSE,NOT_FOR_ENFORCEMENT,-59.3949,140.9372,-61.2319,-59.3949,-1.8370,-0.36307692,-0.35218462,-1.8370,-59.3949,-0.35218462,-1.8370,-1.8370,-1.8370,-2.4493,-2.4493,-59.3949,-0.35218462,-10.4094,-9.7286,-50.8225,-51.5033,-0.30135385,-0.30539106,-0.01089231,3.7477,3.2288,-1.3607,-61.2319,-3.4018,168.6472,45.0000,,3.7477,2.5946,2.5946,5.1891,5.1891,5.1891,5.1891,2.5946,2.5946,2.0,2.0,1.444444,16,17,1,2,0E-8,-0.36307692,,0E-8,0.000000,0.861538,0.000000,,2026-05-04,2026-05-04,1,18,16,1,1.000000,,,0.000000,,,,,,,,GLOBAL_BASELINE_NO_ENTITY_RANKING,,,NOT_APPLICABLE_GLOBAL_BASELINE,HF9g-P5,,,,X 全窗基线 · 不参与实体赏罚,3924707,393,A168_HF9F_20260827_0900,2026-08-27 09:00:00
2026-05-04,149523778,1951,0,7.7837164652,5.1891443101,5.1891443101,1.0000000,2,2,0.49324550000000000,0.493245500000,1.01360149184955,1.01360149184955,1.01360149184955,0E-17,ELIGIBLE,R03b_20260811_FULL_v1,L1_ELIGIBILITY,v2026-08-11,2026-03-21..2026-08-06,baccarat_bet02_101_all_pairs_incl_sentinel,round_win = game_pnl > 0 (decisive only),COMPATIBILITY_ONLY_NOT_PRODUCTION,168.6472,145.2960,-61.2319,45,45,0.36307692,,0.36307692,0.36307692,61.2319,168.6472,OK,0.0000,-1.8370,3.0000,97.0000,AG03-UNRESOLVED,ALL5_LEVELS_bet23_to_bet27,-1.8370,-1.8370,-1.8370,-2.4493,-2.4493,3.000000,3.000000,3.000000,4.000000,4.000000,97.000000,97.000000,97.000000,96.000000,96.000000,5.0,-10.4094,-9.7286,-50.8225,-51.5033,PENDING_AG03,FALSE,NOT_FOR_ENFORCEMENT,-59.3949,140.9372,-61.2319,-59.3949,-1.8370,-0.36307692,-0.35218462,-1.8370,-59.3949,-0.35218462,-1.8370,-1.8370,-1.8370,-2.4493,-2.4493,-59.3949,-0.35218462,-10.4094,-9.7286,-50.8225,-51.5033,-0.30135385,-0.30539106,-0.01089231,3.7477,3.2288,-1.3607,-61.2319,-3.4018,168.6472,45.0000,,3.7477,2.5946,2.5946,5.1891,5.1891,5.1891,5.1891,2.5946,2.5946,2.0,2.0,1.444444,16,17,1,2,0E-8,-0.36307692,,0E-8,0.000000,0.861538,0.000000,,2026-05-04,2026-05-04,1,18,16,1,1.000000,,,0.000000,,,,,,,,GLOBAL_BASELINE_NO_ENTITY_RANKING,,,NOT_APPLICABLE_GLOBAL_BASELINE,HF9g-P5,,,,X 全窗基线 · 不参与实体赏罚,3924708,393,A168_HF9F_20260827_0900,2026-08-27 09:00:00
2026-05-04,149523778,2155,0,2.5945721551,2.5945721551,2.5945721551,1.0000000,1,1,0.49324550000000000,0.493245500000,1.01360149184955,1.01360149184955,1.01360149184955,0E-17,ELIGIBLE,R03b_20260811_FULL_v1,L1_ELIGIBILITY,v2026-08-11,2026-03-21..2026-08-06,baccarat_bet02_101_all_pairs_incl_sentinel,round_win = game_pnl > 0 (decisive only),COMPATIBILITY_ONLY_NOT_PRODUCTION,168.6472,145.2960,-61.2319,45,45,0.36307692,,0.36307692,0.36307692,61.2319,168.6472,OK,0.0000,-1.8370,3.0000,97.0000,AG03-UNRESOLVED,ALL5_LEVELS_bet23_to_bet27,-1.8370,-1.8370,-1.8370,-2.4493,-2.4493,3.000000,3.000000,3.000000,4.000000,4.000000,97.000000,97.000000,97.000000,96.000000,96.000000,5.0,-10.4094,-9.7286,-50.8225,-51.5033,PENDING_AG03,FALSE,NOT_FOR_ENFORCEMENT,-59.3949,140.9372,-61.2319,-59.3949,-1.8370,-0.36307692,-0.35218462,-1.8370,-59.3949,-0.35218462,-1.8370,-1.8370,-1.8370,-2.4493,-2.4493,-59.3949,-0.35218462,-10.4094,-9.7286,-50.8225,-51.5033,-0.30135385,-0.30539106,-0.01089231,3.7477,3.2288,-1.3607,-61.2319,-3.4018,168.6472,45.0000,,3.7477,2.5946,2.5946,5.1891,5.1891,5.1891,5.1891,2.5946,2.5946,2.0,2.0,1.444444,16,17,1,2,0E-8,-0.36307692,,0E-8,0.000000,0.861538,0.000000,,2026-05-04,2026-05-04,1,18,16,1,1.000000,,,0.000000,,,,,,,,GLOBAL_BASELINE_NO_ENTITY_RANKING,,,NOT_APPLICABLE_GLOBAL_BASELINE,HF9g-P5,,,,X 全窗基线 · 不参与实体赏罚,3924709,393,A168_HF9F_20260827_0900,2026-08-27 09:00:00
2026-05-04,149523778,2156,0,12.9728607754,7.7837164652,7.7837164652,0.7500000,4,4,0.49324550000000000,0.493245500000,1.0271117246678039,1.0271117246678039,1.0271117246678039,0E-17,ELIGIBLE,R03b_20260811_FULL_v1,L1_ELIGIBILITY,v2026-08-11,2026-03-21..2026-08-06,baccarat_bet02_101_all_pairs_incl_sentinel,round_win = game_pnl > 0 (decisive only),COMPATIBILITY_ONLY_NOT_PRODUCTION,168.6472,145.2960,-61.2319,45,45,0.36307692,,0.36307692,0.36307692,61.2319,168.6472,OK,0.0000,-1.8370,3.0000,97.0000,AG03-UNRESOLVED,ALL5_LEVELS_bet23_to_bet27,-1.8370,-1.8370,-1.8370,-2.4493,-2.4493,3.000000,3.000000,3.000000,4.000000,4.000000,97.000000,97.000000,97.000000,96.000000,96.000000,5.0,-10.4094,-9.7286,-50.8225,-51.5033,PENDING_AG03,FALSE,NOT_FOR_ENFORCEMENT,-59.3949,140.9372,-61.2319,-59.3949,-1.8370,-0.36307692,-0.35218462,-1.8370,-59.3949,-0.35218462,-1.8370,-1.8370,-1.8370,-2.4493,-2.4493,-59.3949,-0.35218462,-10.4094,-9.7286,-50.8225,-51.5033,-0.30135385,-0.30539106,-0.01089231,3.7477,3.2288,-1.3607,-61.2319,-3.4018,168.6472,45.0000,,3.7477,2.5946,2.5946,5.1891,5.1891,5.1891,5.1891,2.5946,2.5946,2.0,2.0,1.444444,16,17,1,2,0E-8,-0.36307692,,0E-8,0.000000,0.861538,0.000000,,2026-05-04,2026-05-04,1,18,16,1,1.000000,,,0.000000,,,,,,,,GLOBAL_BASELINE_NO_ENTITY_RANKING,,,NOT_APPLICABLE_GLOBAL_BASELINE,HF9g-P5,,,,X 全窗基线 · 不参与实体赏罚,3924710,393,A168_HF9F_20260827_0900,2026-08-27 09:00:00
2026-05-04,149523778,2170,0,5.1891443101,-5.1891443101,-5.1891443101,0E-7,1,1,0.50665070000000000,0.506650700000,-1.013391052207602,-1.013391052207602,-1.013391052207602,0E-17,ELIGIBLE,R03b_20260811_FULL_v1,L1_ELIGIBILITY,v2026-08-11,2026-03-21..2026-08-06,baccarat_bet02_101_all_pairs_incl_sentinel,round_win = game_pnl > 0 (decisive only),COMPATIBILITY_ONLY_NOT_PRODUCTION,168.6472,145.2960,-61.2319,45,45,0.36307692,,0.36307692,0.36307692,61.2319,168.6472,OK,0.0000,-1.8370,3.0000,97.0000,AG03-UNRESOLVED,ALL5_LEVELS_bet23_to_bet27,-1.8370,-1.8370,-1.8370,-2.4493,-2.4493,3.000000,3.000000,3.000000,4.000000,4.000000,97.000000,97.000000,97.000000,96.000000,96.000000,5.0,-10.4094,-9.7286,-50.8225,-51.5033,PENDING_AG03,FALSE,NOT_FOR_ENFORCEMENT,-59.3949,140.9372,-61.2319,-59.3949,-1.8370,-0.36307692,-0.35218462,-1.8370,-59.3949,-0.35218462,-1.8370,-1.8370,-1.8370,-2.4493,-2.4493,-59.3949,-0.35218462,-10.4094,-9.7286,-50.8225,-51.5033,-0.30135385,-0.30539106,-0.01089231,3.7477,3.2288,-1.3607,-61.2319,-3.4018,168.6472,45.0000,,3.7477,2.5946,2.5946,5.1891,5.1891,5.1891,5.1891,2.5946,2.5946,2.0,2.0,1.444444,16,17,1,2,0E-8,-0.36307692,,0E-8,0.000000,0.861538,0.000000,,2026-05-04,2026-05-04,1,18,16,1,1.000000,,,0.000000,,,,,,,,GLOBAL_BASELINE_NO_ENTITY_RANKING,,,NOT_APPLICABLE_GLOBAL_BASELINE,HF9g-P5,,,,X 全窗基线 · 不参与实体赏罚,3924711,393,A168_HF9F_20260827_0900,2026-08-27 09:00:00
2026-05-04,149523778,2216,0,12.9728607754,2.5945721552,2.5945721552,0.7500000,4,4,0.49324550000000000,0.493245500000,1.0271117246678039,1.0271117246678039,1.0271117246678039,0E-17,ELIGIBLE,R03b_20260811_FULL_v1,L1_ELIGIBILITY,v2026-08-11,2026-03-21..2026-08-06,baccarat_bet02_101_all_pairs_incl_sentinel,round_win = game_pnl > 0 (decisive only),COMPATIBILITY_ONLY_NOT_PRODUCTION,168.6472,145.2960,-61.2319,45,45,0.36307692,,0.36307692,0.36307692,61.2319,168.6472,OK,0.0000,-1.8370,3.0000,97.0000,AG03-UNRESOLVED,ALL5_LEVELS_bet23_to_bet27,-1.8370,-1.8370,-1.8370,-2.4493,-2.4493,3.000000,3.000000,3.000000,4.000000,4.000000,97.000000,97.000000,97.000000,96.000000,96.000000,5.0,-10.4094,-9.7286,-50.8225,-51.5033,PENDING_AG03,FALSE,NOT_FOR_ENFORCEMENT,-59.3949,140.9372,-61.2319,-59.3949,-1.8370,-0.36307692,-0.35218462,-1.8370,-59.3949,-0.35218462,-1.8370,-1.8370,-1.8370,-2.4493,-2.4493,-59.3949,-0.35218462,-10.4094,-9.7286,-50.8225,-51.5033,-0.30135385,-0.30539106,-0.01089231,3.7477,3.2288,-1.3607,-61.2319,-3.4018,168.6472,45.0000,,3.7477,2.5946,2.5946,5.1891,5.1891,5.1891,5.1891,2.5946,2.5946,2.0,2.0,1.444444,16,17,1,2,0E-8,-0.36307692,,0E-8,0.000000,0.861538,0.000000,,2026-05-04,2026-05-04,1,18,16,1,1.000000,,,0.000000,,,,,,,,GLOBAL_BASELINE_NO_ENTITY_RANKING,,,NOT_APPLICABLE_GLOBAL_BASELINE,HF9g-P5,,,,X 全窗基线 · 不参与实体赏罚,3924712,393,A168_HF9F_20260827_0900,2026-08-27 09:00:00
2026-05-04,149523778,2224,0,7.7837164652,7.7837164652,7.7837164652,1.0000000,2,2,0.49324550000000000,0.493245500000,1.4334489766152358,1.4334489766152358,1.4334489766152358,0E-17,ELIGIBLE,R03b_20260811_FULL_v1,L1_ELIGIBILITY,v2026-08-11,2026-03-21..2026-08-06,baccarat_bet02_101_all_pairs_incl_sentinel,round_win = game_pnl > 0 (decisive only),COMPATIBILITY_ONLY_NOT_PRODUCTION,168.6472,145.2960,-61.2319,45,45,0.36307692,,0.36307692,0.36307692,61.2319,168.6472,OK,0.0000,-1.8370,3.0000,97.0000,AG03-UNRESOLVED,ALL5_LEVELS_bet23_to_bet27,-1.8370,-1.8370,-1.8370,-2.4493,-2.4493,3.000000,3.000000,3.000000,4.000000,4.000000,97.000000,97.000000,97.000000,96.000000,96.000000,5.0,-10.4094,-9.7286,-50.8225,-51.5033,PENDING_AG03,FALSE,NOT_FOR_ENFORCEMENT,-59.3949,140.9372,-61.2319,-59.3949,-1.8370,-0.36307692,-0.35218462,-1.8370,-59.3949,-0.35218462,-1.8370,-1.8370,-1.8370,-2.4493,-2.4493,-59.3949,-0.35218462,-10.4094,-9.7286,-50.8225,-51.5033,-0.30135385,-0.30539106,-0.01089231,3.7477,3.2288,-1.3607,-61.2319,-3.4018,168.6472,45.0000,,3.7477,2.5946,2.5946,5.1891,5.1891,5.1891,5.1891,2.5946,2.5946,2.0,2.0,1.444444,16,17,1,2,0E-8,-0.36307692,,0E-8,0.000000,0.861538,0.000000,,2026-05-04,2026-05-04,1,18,16,1,1.000000,,,0.000000,,,,,,,,GLOBAL_BASELINE_NO_ENTITY_RANKING,,,NOT_APPLICABLE_GLOBAL_BASELINE,HF9g-P5,,,,X 全窗基线 · 不参与实体赏罚,3924713,393,A168_HF9F_20260827_0900,2026-08-27 09:00:00
2026-05-04,149523778,2229,0,10.3782886203,5.1891443101,5.1891443101,0.6666667,3,3,0.49324550000000000,0.493245500000,0.6008033672792107,0.6008033672792106,0.6008033672792107,0E-17,ELIGIBLE,R03b_20260811_FULL_v1,L1_ELIGIBILITY,v2026-08-11,2026-03-21..2026-08-06,baccarat_bet02_101_all_pairs_incl_sentinel,round_win = game_pnl > 0 (decisive only),COMPATIBILITY_ONLY_NOT_PRODUCTION,168.6472,145.2960,-61.2319,45,45,0.36307692,,0.36307692,0.36307692,61.2319,168.6472,OK,0.0000,-1.8370,3.0000,97.0000,AG03-UNRESOLVED,ALL5_LEVELS_bet23_to_bet27,-1.8370,-1.8370,-1.8370,-2.4493,-2.4493,3.000000,3.000000,3.000000,4.000000,4.000000,97.000000,97.000000,97.000000,96.000000,96.000000,5.0,-10.4094,-9.7286,-50.8225,-51.5033,PENDING_AG03,FALSE,NOT_FOR_ENFORCEMENT,-59.3949,140.9372,-61.2319,-59.3949,-1.8370,-0.36307692,-0.35218462,-1.8370,-59.3949,-0.35218462,-1.8370,-1.8370,-1.8370,-2.4493,-2.4493,-59.3949,-0.35218462,-10.4094,-9.7286,-50.8225,-51.5033,-0.30135385,-0.30539106,-0.01089231,3.7477,3.2288,-1.3607,-61.2319,-3.4018,168.6472,45.0000,,3.7477,2.5946,2.5946,5.1891,5.1891,5.1891,5.1891,2.5946,2.5946,2.0,2.0,1.444444,16,17,1,2,0E-8,-0.36307692,,0E-8,0.000000,0.861538,0.000000,,2026-05-04,2026-05-04,1,18,16,1,1.000000,,,0.000000,,,,,,,,GLOBAL_BASELINE_NO_ENTITY_RANKING,,,NOT_APPLICABLE_GLOBAL_BASELINE,HF9g-P5,,,,X 全窗基线 · 不参与实体赏罚,3924714,393,A168_HF9F_20260827_0900,2026-08-27 09:00:00
2026-05-04,149523778,2239,0,2.5945721551,-2.5945721551,-2.5945721551,0E-7,1,1,0.49324550000000000,0.493245500000,-0.9865810262130424,-0.9865810262130424,-0.9865810262130424,0E-17,ELIGIBLE,R03b_20260811_FULL_v1,L1_ELIGIBILITY,v2026-08-11,2026-03-21..2026-08-06,baccarat_bet02_101_all_pairs_incl_sentinel,round_win = game_pnl > 0 (decisive only),COMPATIBILITY_ONLY_NOT_PRODUCTION,168.6472,145.2960,-61.2319,45,45,0.36307692,,0.36307692,0.36307692,61.2319,168.6472,OK,0.0000,-1.8370,3.0000,97.0000,AG03-UNRESOLVED,ALL5_LEVELS_bet23_to_bet27,-1.8370,-1.8370,-1.8370,-2.4493,-2.4493,3.000000,3.000000,3.000000,4.000000,4.000000,97.000000,97.000000,97.000000,96.000000,96.000000,5.0,-10.4094,-9.7286,-50.8225,-51.5033,PENDING_AG03,FALSE,NOT_FOR_ENFORCEMENT,-59.3949,140.9372,-61.2319,-59.3949,-1.8370,-0.36307692,-0.35218462,-1.8370,-59.3949,-0.35218462,-1.8370,-1.8370,-1.8370,-2.4493,-2.4493,-59.3949,-0.35218462,-10.4094,-9.7286,-50.8225,-51.5033,-0.30135385,-0.30539106,-0.01089231,3.7477,3.2288,-1.3607,-61.2319,-3.4018,168.6472,45.0000,,3.7477,2.5946,2.5946,5.1891,5.1891,5.1891,5.1891,2.5946,2.5946,2.0,2.0,1.444444,16,17,1,2,0E-8,-0.36307692,,0E-8,0.000000,0.861538,0.000000,,2026-05-04,2026-05-04,1,18,16,1,1.000000,,,0.000000,,,,,,,,GLOBAL_BASELINE_NO_ENTITY_RANKING,,,NOT_APPLICABLE_GLOBAL_BASELINE,HF9g-P5,,,,X 全窗基线 · 不参与实体赏罚,3924715,393,A168_HF9F_20260827_0900,2026-08-27 09:00:00
2026-05-04,149523778,2252,0,5.1891443101,4.9296870946,4.9296870946,1.0000000,1,1,0.50665070000000000,0.506650700000,0.9867858985152569,0.9867858985152569,0.9867858985152569,0E-17,ELIGIBLE,R03b_20260811_FULL_v1,L1_ELIGIBILITY,v2026-08-11,2026-03-21..2026-08-06,baccarat_bet02_101_all_pairs_incl_sentinel,round_win = game_pnl > 0 (decisive only),COMPATIBILITY_ONLY_NOT_PRODUCTION,168.6472,145.2960,-61.2319,45,45,0.36307692,,0.36307692,0.36307692,61.2319,168.6472,OK,0.0000,-1.8370,3.0000,97.0000,AG03-UNRESOLVED,ALL5_LEVELS_bet23_to_bet27,-1.8370,-1.8370,-1.8370,-2.4493,-2.4493,3.000000,3.000000,3.000000,4.000000,4.000000,97.000000,97.000000,97.000000,96.000000,96.000000,5.0,-10.4094,-9.7286,-50.8225,-51.5033,PENDING_AG03,FALSE,NOT_FOR_ENFORCEMENT,-59.3949,140.9372,-61.2319,-59.3949,-1.8370,-0.36307692,-0.35218462,-1.8370,-59.3949,-0.35218462,-1.8370,-1.8370,-1.8370,-2.4493,-2.4493,-59.3949,-0.35218462,-10.4094,-9.7286,-50.8225,-51.5033,-0.30135385,-0.30539106,-0.01089231,3.7477,3.2288,-1.3607,-61.2319,-3.4018,168.6472,45.0000,,3.7477,2.5946,2.5946,5.1891,5.1891,5.1891,5.1891,2.5946,2.5946,2.0,2.0,1.444444,16,17,1,2,0E-8,-0.36307692,,0E-8,0.000000,0.861538,0.000000,,2026-05-04,2026-05-04,1,18,16,1,1.000000,,,0.000000,,,,,,,,GLOBAL_BASELINE_NO_ENTITY_RANKING,,,NOT_APPLICABLE_GLOBAL_BASELINE,HF9g-P5,,,,X 全窗基线 · 不参与实体赏罚,3924716,393,A168_HF9F_20260827_0900,2026-08-27 09:00:00
2026-05-04,149523778,2271,0,23.3511493955,9.8593741892,9.8593741892,1.0000000,5,5,0.50665070000000000,0.506650700000,1.3955260008387969,1.3955260008387969,1.3955260008387969,0E-17,ELIGIBLE,R03b_20260811_FULL_v1,L1_ELIGIBILITY,v2026-08-11,2026-03-21..2026-08-06,baccarat_bet02_101_all_pairs_incl_sentinel,round_win = game_pnl > 0 (decisive only),COMPATIBILITY_ONLY_NOT_PRODUCTION,168.6472,145.2960,-61.2319,45,45,0.36307692,,0.36307692,0.36307692,61.2319,168.6472,OK,0.0000,-1.8370,3.0000,97.0000,AG03-UNRESOLVED,ALL5_LEVELS_bet23_to_bet27,-1.8370,-1.8370,-1.8370,-2.4493,-2.4493,3.000000,3.000000,3.000000,4.000000,4.000000,97.000000,97.000000,97.000000,96.000000,96.000000,5.0,-10.4094,-9.7286,-50.8225,-51.5033,PENDING_AG03,FALSE,NOT_FOR_ENFORCEMENT,-59.3949,140.9372,-61.2319,-59.3949,-1.8370,-0.36307692,-0.35218462,-1.8370,-59.3949,-0.35218462,-1.8370,-1.8370,-1.8370,-2.4493,-2.4493,-59.3949,-0.35218462,-10.4094,-9.7286,-50.8225,-51.5033,-0.30135385,-0.30539106,-0.01089231,3.7477,3.2288,-1.3607,-61.2319,-3.4018,168.6472,45.0000,,3.7477,2.5946,2.5946,5.1891,5.1891,5.1891,5.1891,2.5946,2.5946,2.0,2.0,1.444444,16,17,1,2,0E-8,-0.36307692,,0E-8,0.000000,0.861538,0.000000,,2026-05-04,2026-05-04,1,18,16,1,1.000000,,,0.000000,,,,,,,,GLOBAL_BASELINE_NO_ENTITY_RANKING,,,NOT_APPLICABLE_GLOBAL_BASELINE,HF9g-P5,,,,X 全窗基线 · 不参与实体赏罚,3924717,393,A168_HF9F_20260827_0900,2026-08-27 09:00:00
2026-05-04,149523778,752,0,12.9728607754,7.7837164652,7.7837164652,0.7500000,4,4,0.49324550000000000,0.493245500000,1.0271117246678039,1.0271117246678039,1.0271117246678039,0E-17,ELIGIBLE,R03b_20260811_FULL_v1,L1_ELIGIBILITY,v2026-08-11,2026-03-21..2026-08-06,baccarat_bet02_101_all_pairs_incl_sentinel,round_win = game_pnl > 0 (decisive only),COMPATIBILITY_ONLY_NOT_PRODUCTION,168.6472,145.2960,-61.2319,45,45,0.36307692,,0.36307692,0.36307692,61.2319,168.6472,OK,0.0000,-1.8370,3.0000,97.0000,AG03-UNRESOLVED,ALL5_LEVELS_bet23_to_bet27,-1.8370,-1.8370,-1.8370,-2.4493,-2.4493,3.000000,3.000000,3.000000,4.000000,4.000000,97.000000,97.000000,97.000000,96.000000,96.000000,5.0,-10.4094,-9.7286,-50.8225,-51.5033,PENDING_AG03,FALSE,NOT_FOR_ENFORCEMENT,-59.3949,140.9372,-61.2319,-59.3949,-1.8370,-0.36307692,-0.35218462,-1.8370,-59.3949,-0.35218462,-1.8370,-1.8370,-1.8370,-2.4493,-2.4493,-59.3949,-0.35218462,-10.4094,-9.7286,-50.8225,-51.5033,-0.30135385,-0.30539106,-0.01089231,3.7477,3.2288,-1.3607,-61.2319,-3.4018,168.6472,45.0000,,3.7477,2.5946,2.5946,5.1891,5.1891,5.1891,5.1891,2.5946,2.5946,2.0,2.0,1.444444,16,17,1,2,0E-8,-0.36307692,,0E-8,0.000000,0.861538,0.000000,,2026-05-04,2026-05-04,1,18,16,1,1.000000,,,0.000000,,,,,,,,GLOBAL_BASELINE_NO_ENTITY_RANKING,,,NOT_APPLICABLE_GLOBAL_BASELINE,HF9g-P5,,,,X 全窗基线 · 不参与实体赏罚,3924718,393,A168_HF9F_20260827_0900,2026-08-27 09:00:00
2026-05-19,150290661,2130,0,78.6155362983,7.9134450728,7.9134450728,0.5714286,11,9,0.48157990499974855,0.456399200000,0.47575741250472064,0.6110057338195695,0.47575741250472064,0.02518070499974855,ELIGIBLE,R03b_20260811_FULL_v1,L1_ELIGIBILITY,v2026-08-11,2026-03-21..2026-08-06,baccarat_bet02_101_all_pairs_incl_sentinel,round_win = game_pnl > 0 (decisive only),COMPATIBILITY_ONLY_NOT_PRODUCTION,197.9659,174.6147,-61.2319,21,17,0.30930537,,0.30930537,0.30930537,61.2319,197.9659,THIN_EXPOSURE,0.0000,-1.8370,3.0000,97.0000,AG03-UNRESOLVED,ALL5_LEVELS_bet23_to_bet27,-1.8370,-1.8370,-1.8370,-2.4493,-2.4493,3.000000,3.000000,3.000000,4.000000,4.000000,97.000000,97.000000,97.000000,96.000000,96.000000,5.0,-10.4094,-9.7286,-50.8225,-51.5033,PENDING_AG03,FALSE,NOT_FOR_ENFORCEMENT,-59.3949,169.3763,-61.2319,-59.3949,-1.8370,-0.30930537,-0.30002621,-1.8370,-59.3949,-0.30002621,-1.8370,-1.8370,-1.8370,-2.4493,-2.4493,-59.3949,-0.30002621,-10.4094,-9.7286,-50.8225,-51.5033,-0.25672346,-0.26016276,-0.00927916,9.4269,10.2715,-3.6019,-61.2319,-61.2319,197.9659,17.0000,,9.4269,4.5405,10.3783,12.9729,15.5155,21.6647,25.9457,5.1891,0.0,2.087499,2.5,0.908333,1,2,1,5,0E-8,-0.30930537,,0E-8,0.000000,0.882045,0.000000,,2026-05-19,2026-05-19,1,1,1,1,1.000000,,,0.000000,,,,,,,,GLOBAL_BASELINE_NO_ENTITY_RANKING,,,NOT_APPLICABLE_GLOBAL_BASELINE,HF9g-P5,,,,X 全窗基线 · 不参与实体赏罚,3924719,393,A168_HF9F_20260827_0900,2026-08-27 09:00:00
2026-05-19,150290661,2167,0,119.3503191327,53.3184577862,53.3184577862,0.7500000,10,8,0.48681620833310004,0.450498525000,1.4893101613419522,1.7026008313617822,1.4893101613419522,0.03631768333310004,ELIGIBLE,R03b_20260811_FULL_v1,L1_ELIGIBILITY,v2026-08-11,2026-03-21..2026-08-06,baccarat_bet02_101_all_pairs_incl_sentinel,round_win = game_pnl > 0 (decisive only),COMPATIBILITY_ONLY_NOT_PRODUCTION,197.9659,174.6147,-61.2319,21,17,0.30930537,,0.30930537,0.30930537,61.2319,197.9659,THIN_EXPOSURE,0.0000,-1.8370,3.0000,97.0000,AG03-UNRESOLVED,ALL5_LEVELS_bet23_to_bet27,-1.8370,-1.8370,-1.8370,-2.4493,-2.4493,3.000000,3.000000,3.000000,4.000000,4.000000,97.000000,97.000000,97.000000,96.000000,96.000000,5.0,-10.4094,-9.7286,-50.8225,-51.5033,PENDING_AG03,FALSE,NOT_FOR_ENFORCEMENT,-59.3949,169.3763,-61.2319,-59.3949,-1.8370,-0.30930537,-0.30002621,-1.8370,-59.3949,-0.30002621,-1.8370,-1.8370,-1.8370,-2.4493,-2.4493,-59.3949,-0.30002621,-10.4094,-9.7286,-50.8225,-51.5033,-0.25672346,-0.26016276,-0.00927916,9.4269,10.2715,-3.6019,-61.2319,-61.2319,197.9659,17.0000,,9.4269,4.5405,10.3783,12.9729,15.5155,21.6647,25.9457,5.1891,0.0,2.087499,2.5,0.908333,1,2,1,5,0E-8,-0.30930537,,0E-8,0.000000,0.882045,0.000000,,2026-05-19,2026-05-19,1,1,1,1,1.000000,,,0.000000,,,,,,,,GLOBAL_BASELINE_NO_ENTITY_RANKING,,,NOT_APPLICABLE_GLOBAL_BASELINE,HF9g-P5,,,,X 全窗基线 · 不参与实体赏罚,3924720,393,A168_HF9F_20260827_0900,2026-08-27 09:00:00
2026-05-20,117387978,1400,0,9.5999169737,-9.5999169737,-9.5999169737,0E-7,1,1,0.49324550000000000,0.493245500000,-0.9865810262130424,-0.9865810262130424,-0.9865810262130424,0E-17,ELIGIBLE,R03b_20260811_FULL_v1,L1_ELIGIBILITY,v2026-08-11,2026-03-21..2026-08-06,baccarat_bet02_101_all_pairs_incl_sentinel,round_win = game_pnl > 0 (decisive only),COMPATIBILITY_ONLY_NOT_PRODUCTION,350.3477,350.3477,-61.8695,12,12,0.17659471,,0.17659471,0.17659471,61.8695,350.3477,THIN_EXPOSURE,0.0000,-2.4748,4.0000,96.0000,AG03-UNRESOLVED,ALL5_LEVELS_bet23_to_bet27,-2.4748,-2.4748,-2.4748,-2.4748,-2.4748,4.000000,4.000000,4.000000,4.000000,4.000000,96.000000,96.000000,96.000000,96.000000,96.000000,5.0,-12.3739,-11.4228,-49.4956,-50.4467,PENDING_AG03,FALSE,NOT_FOR_ENFORCEMENT,-59.3948,336.3338,-61.8695,-59.3948,-2.4748,-0.17659471,-0.16953092,-2.4748,-59.3948,-0.16953092,-2.4748,-2.4748,-2.4748,-2.4748,-2.4748,-59.3948,-0.16953092,-12.3739,-11.4228,-49.4956,-50.4467,-0.14127577,-0.14399051,-0.00706379,29.1956,29.1956,-5.1558,-12.3739,-10.3116,70.0695,2.4000,,29.1956,9.9635,23.442,44.7837,64.6827,89.7462,93.9235,23.442,5.1571,3.828432,4.006628,1.24544,5,6,4,2,0E-8,-0.17659471,,0E-8,0.000000,1.000000,0.000000,,2026-05-20,2026-07-02,5,6,6,44,0.113636,,,0.000000,,,,,,,,GLOBAL_BASELINE_NO_ENTITY_RANKING,,,NOT_APPLICABLE_GLOBAL_BASELINE,HF9g-P5,,,,X 全窗基线 · 不参与实体赏罚,3924721,393,A168_HF9F_20260827_0900,2026-08-27 09:00:00
2026-05-26,117387978,-1,1,78.8749935135,-26.7630117793,-26.7630117793,0.5000000,2,2,0.50665070000000000,0.506650700000,-0.018812684590367487,-0.018812684590367487,-0.018812684590367487,0E-17,SENTINEL_DEALER,R03b_20260811_FULL_v1,L1_ELIGIBILITY,v2026-08-11,2026-03-21..2026-08-06,baccarat_bet02_101_all_pairs_incl_sentinel,round_win = game_pnl > 0 (decisive only),COMPATIBILITY_ONLY_NOT_PRODUCTION,350.3477,350.3477,-61.8695,12,12,0.17659471,,0.17659471,0.17659471,61.8695,350.3477,THIN_EXPOSURE,0.0000,-2.4748,4.0000,96.0000,AG03-UNRESOLVED,ALL5_LEVELS_bet23_to_bet27,-2.4748,-2.4748,-2.4748,-2.4748,-2.4748,4.000000,4.000000,4.000000,4.000000,4.000000,96.000000,96.000000,96.000000,96.000000,96.000000,5.0,-12.3739,-11.4228,-49.4956,-50.4467,PENDING_AG03,FALSE,NOT_FOR_ENFORCEMENT,-59.3948,336.3338,-61.8695,-59.3948,-2.4748,-0.17659471,-0.16953092,-2.4748,-59.3948,-0.16953092,-2.4748,-2.4748,-2.4748,-2.4748,-2.4748,-59.3948,-0.16953092,-12.3739,-11.4228,-49.4956,-50.4467,-0.14127577,-0.14399051,-0.00706379,29.1956,29.1956,-5.1558,-12.3739,-10.3116,70.0695,2.4000,,29.1956,9.9635,23.442,44.7837,64.6827,89.7462,93.9235,23.442,5.1571,3.828432,4.006628,1.24544,5,6,4,2,0E-8,-0.17659471,,0E-8,0.000000,1.000000,0.000000,,2026-05-20,2026-07-02,5,6,6,44,0.113636,,,0.000000,,,,,,,,GLOBAL_BASELINE_NO_ENTITY_RANKING,,,NOT_APPLICABLE_GLOBAL_BASELINE,HF9g-P5,,,,X 全窗基线 · 不参与实体赏罚,3924722,393,A168_HF9F_20260827_0900,2026-08-27 09:00:00
2026-05-26,117387978,2147,0,142.1825540969,135.0734263920,135.0734263920,1.0000000,2,2,0.50665070000000000,0.506650700000,1.3955260008387969,1.3955260008387969,1.3955260008387969,0E-17,ELIGIBLE,R03b_20260811_FULL_v1,L1_ELIGIBILITY,v2026-08-11,2026-03-21..2026-08-06,baccarat_bet02_101_all_pairs_incl_sentinel,round_win = game_pnl > 0 (decisive only),COMPATIBILITY_ONLY_NOT_PRODUCTION,350.3477,350.3477,-61.8695,12,12,0.17659471,,0.17659471,0.17659471,61.8695,350.3477,THIN_EXPOSURE,0.0000,-2.4748,4.0000,96.0000,AG03-UNRESOLVED,ALL5_LEVELS_bet23_to_bet27,-2.4748,-2.4748,-2.4748,-2.4748,-2.4748,4.000000,4.000000,4.000000,4.000000,4.000000,96.000000,96.000000,96.000000,96.000000,96.000000,5.0,-12.3739,-11.4228,-49.4956,-50.4467,PENDING_AG03,FALSE,NOT_FOR_ENFORCEMENT,-59.3948,336.3338,-61.8695,-59.3948,-2.4748,-0.17659471,-0.16953092,-2.4748,-59.3948,-0.16953092,-2.4748,-2.4748,-2.4748,-2.4748,-2.4748,-59.3948,-0.16953092,-12.3739,-11.4228,-49.4956,-50.4467,-0.14127577,-0.14399051,-0.00706379,29.1956,29.1956,-5.1558,-12.3739,-10.3116,70.0695,2.4000,,29.1956,9.9635,23.442,44.7837,64.6827,89.7462,93.9235,23.442,5.1571,3.828432,4.006628,1.24544,5,6,4,2,0E-8,-0.17659471,,0E-8,0.000000,1.000000,0.000000,,2026-05-20,2026-07-02,5,6,6,44,0.113636,,,0.000000,,,,,,,,GLOBAL_BASELINE_NO_ENTITY_RANKING,,,NOT_APPLICABLE_GLOBAL_BASELINE,HF9g-P5,,,,X 全窗基线 · 不参与实体赏罚,3924723,393,A168_HF9F_20260827_0900,2026-08-27 09:00:00
2026-06-04,117387978,986,0,26.2298454496,-26.2298454496,-26.2298454496,0E-7,1,1,0.49324550000000000,0.493245500000,-0.9865810262130424,-0.9865810262130424,-0.9865810262130424,0E-17,ELIGIBLE,R03b_20260811_FULL_v1,L1_ELIGIBILITY,v2026-08-11,2026-03-21..2026-08-06,baccarat_bet02_101_all_pairs_incl_sentinel,round_win = game_pnl > 0 (decisive only),COMPATIBILITY_ONLY_NOT_PRODUCTION,350.3477,350.3477,-61.8695,12,12,0.17659471,,0.17659471,0.17659471,61.8695,350.3477,THIN_EXPOSURE,0.0000,-2.4748,4.0000,96.0000,AG03-UNRESOLVED,ALL5_LEVELS_bet23_to_bet27,-2.4748,-2.4748,-2.4748,-2.4748,-2.4748,4.000000,4.000000,4.000000,4.000000,4.000000,96.000000,96.000000,96.000000,96.000000,96.000000,5.0,-12.3739,-11.4228,-49.4956,-50.4467,PENDING_AG03,FALSE,NOT_FOR_ENFORCEMENT,-59.3948,336.3338,-61.8695,-59.3948,-2.4748,-0.17659471,-0.16953092,-2.4748,-59.3948,-0.16953092,-2.4748,-2.4748,-2.4748,-2.4748,-2.4748,-59.3948,-0.16953092,-12.3739,-11.4228,-49.4956,-50.4467,-0.14127577,-0.14399051,-0.00706379,29.1956,29.1956,-5.1558,-12.3739,-10.3116,70.0695,2.4000,,29.1956,9.9635,23.442,44.7837,64.6827,89.7462,93.9235,23.442,5.1571,3.828432,4.006628,1.24544,5,6,4,2,0E-8,-0.17659471,,0E-8,0.000000,1.000000,0.000000,,2026-05-20,2026-07-02,5,6,6,44,0.113636,,,0.000000,,,,,,,,GLOBAL_BASELINE_NO_ENTITY_RANKING,,,NOT_APPLICABLE_GLOBAL_BASELINE,HF9g-P5,,,,X 全窗基线 · 不参与实体赏罚,3924724,393,A168_HF9F_20260827_0900,2026-08-27 09:00:00
2026-07-01,117387978,1318,0,15.4906668732,-5.1635556244,-5.1635556244,0.5000000,2,2,0.49324550000000000,0.493245500000,0.01910635448239258,0.01910635448239258,0.01910635448239258,0E-17,ELIGIBLE,R03b_20260811_FULL_v1,L1_ELIGIBILITY,v2026-08-11,2026-03-21..2026-08-06,baccarat_bet02_101_all_pairs_incl_sentinel,round_win = game_pnl > 0 (decisive only),COMPATIBILITY_ONLY_NOT_PRODUCTION,350.3477,350.3477,-61.8695,12,12,0.17659471,,0.17659471,0.17659471,61.8695,350.3477,THIN_EXPOSURE,0.0000,-2.4748,4.0000,96.0000,AG03-UNRESOLVED,ALL5_LEVELS_bet23_to_bet27,-2.4748,-2.4748,-2.4748,-2.4748,-2.4748,4.000000,4.000000,4.000000,4.000000,4.000000,96.000000,96.000000,96.000000,96.000000,96.000000,5.0,-12.3739,-11.4228,-49.4956,-50.4467,PENDING_AG03,FALSE,NOT_FOR_ENFORCEMENT,-59.3948,336.3338,-61.8695,-59.3948,-2.4748,-0.17659471,-0.16953092,-2.4748,-59.3948,-0.16953092,-2.4748,-2.4748,-2.4748,-2.4748,-2.4748,-59.3948,-0.16953092,-12.3739,-11.4228,-49.4956,-50.4467,-0.14127577,-0.14399051,-0.00706379,29.1956,29.1956,-5.1558,-12.3739,-10.3116,70.0695,2.4000,,29.1956,9.9635,23.442,44.7837,64.6827,89.7462,93.9235,23.442,5.1571,3.828432,4.006628,1.24544,5,6,4,2,0E-8,-0.17659471,,0E-8,0.000000,1.000000,0.000000,,2026-05-20,2026-07-02,5,6,6,44,0.113636,,,0.000000,,,,,,,,GLOBAL_BASELINE_NO_ENTITY_RANKING,,,NOT_APPLICABLE_GLOBAL_BASELINE,HF9g-P5,,,,X 全窗基线 · 不参与实体赏罚,3924725,393,A168_HF9F_20260827_0900,2026-08-27 09:00:00
2026-07-02,117387978,2123,0,77.9696899284,-5.4475511838,-5.4475511838,0.7500000,4,4,0.49994810000000000,0.499948100000,1.0002076053883384,1.0002076053883384,1.0002076053883384,0E-17,ELIGIBLE,R03b_20260811_FULL_v1,L1_ELIGIBILITY,v2026-08-11,2026-03-21..2026-08-06,baccarat_bet02_101_all_pairs_incl_sentinel,round_win = game_pnl > 0 (decisive only),COMPATIBILITY_ONLY_NOT_PRODUCTION,350.3477,350.3477,-61.8695,12,12,0.17659471,,0.17659471,0.17659471,61.8695,350.3477,THIN_EXPOSURE,0.0000,-2.4748,4.0000,96.0000,AG03-UNRESOLVED,ALL5_LEVELS_bet23_to_bet27,-2.4748,-2.4748,-2.4748,-2.4748,-2.4748,4.000000,4.000000,4.000000,4.000000,4.000000,96.000000,96.000000,96.000000,96.000000,96.000000,5.0,-12.3739,-11.4228,-49.4956,-50.4467,PENDING_AG03,FALSE,NOT_FOR_ENFORCEMENT,-59.3948,336.3338,-61.8695,-59.3948,-2.4748,-0.17659471,-0.16953092,-2.4748,-59.3948,-0.16953092,-2.4748,-2.4748,-2.4748,-2.4748,-2.4748,-59.3948,-0.16953092,-12.3739,-11.4228,-49.4956,-50.4467,-0.14127577,-0.14399051,-0.00706379,29.1956,29.1956,-5.1558,-12.3739,-10.3116,70.0695,2.4000,,29.1956,9.9635,23.442,44.7837,64.6827,89.7462,93.9235,23.442,5.1571,3.828432,4.006628,1.24544,5,6,4,2,0E-8,-0.17659471,,0E-8,0.000000,1.000000,0.000000,,2026-05-20,2026-07-02,5,6,6,44,0.113636,,,0.000000,,,,,,,,GLOBAL_BASELINE_NO_ENTITY_RANKING,,,NOT_APPLICABLE_GLOBAL_BASELINE,HF9g-P5,,,,X 全窗基线 · 不参与实体赏罚,3924726,393,A168_HF9F_20260827_0900,2026-08-27 09:00:00
2026-03-26,147799716,-1,1,706.9284267975,117.8470816101,117.8470816101,0.5529412,94,94,0.50009070851063830,0.500090708511,0.9745144939276602,0.974514493920991,0.9745144939276602,-3.6170E-13,SENTINEL_DEALER,R03b_20260811_FULL_v1,L1_ELIGIBILITY,v2026-08-11,2026-03-21..2026-08-06,baccarat_bet02_101_all_pairs_incl_sentinel,round_win = game_pnl > 0 (decisive only),COMPATIBILITY_ONLY_NOT_PRODUCTION,922.6164,823.5760,-61.8672,117,117,0.06705630,,0.06705630,0.06705630,61.8672,922.6164,OK,0.0000,-2.4747,4.0000,96.0000,AG03-UNRESOLVED,ALL5_LEVELS_bet23_to_bet27,-2.4747,-2.4747,-3.7120,-4.9494,-4.9494,4.000000,4.000000,6.000000,8.000000,8.000000,96.000000,96.000000,94.000000,92.000000,92.000000,5.0,-18.5602,-16.5037,-43.3071,-45.3635,PENDING_AG03,FALSE,NOT_FOR_ENFORCEMENT,-59.3926,790.6330,-61.8672,-59.3926,-2.4747,-0.06705630,-0.06437405,-2.4747,-59.3926,-0.06437405,-2.4747,-2.4747,-3.7120,-4.9494,-4.9494,-59.3926,-0.06437405,-18.5602,-16.5037,-43.3071,-45.3635,-0.04693941,-0.04916834,-0.00268225,7.8856,7.0391,-0.5288,-20.6224,-1.9957,307.5388,39.0000,,7.8856,4.4018,6.6027,11.0045,11.0045,21.3927,24.1879,4.4018,0.0,3.24,3.663335,1.194302,19,7,6,2,0E-8,-0.06705630,,0E-8,0.000000,0.892653,0.000000,,2026-03-26,2026-03-28,3,31,23,3,1.000000,,,0.000000,,,,,,,,GLOBAL_BASELINE_NO_ENTITY_RANKING,,,NOT_APPLICABLE_GLOBAL_BASELINE,HF9g-P5,,,,X 全窗基线 · 不参与实体赏罚,3924727,393,A168_HF9F_20260827_0900,2026-08-27 09:00:00
2026-03-26,147799716,1109,0,30.8125715290,-0.4401795933,-0.4401795933,0.6000000,6,6,0.50218230000000000,0.502182300000,0.4374582199563857,0.4374582199563857,0.4374582199563857,0E-17,ELIGIBLE,R03b_20260811_FULL_v1,L1_ELIGIBILITY,v2026-08-11,2026-03-21..2026-08-06,baccarat_bet02_101_all_pairs_incl_sentinel,round_win = game_pnl > 0 (decisive only),COMPATIBILITY_ONLY_NOT_PRODUCTION,922.6164,823.5760,-61.8672,117,117,0.06705630,,0.06705630,0.06705630,61.8672,922.6164,OK,0.0000,-2.4747,4.0000,96.0000,AG03-UNRESOLVED,ALL5_LEVELS_bet23_to_bet27,-2.4747,-2.4747,-3.7120,-4.9494,-4.9494,4.000000,4.000000,6.000000,8.000000,8.000000,96.000000,96.000000,94.000000,92.000000,92.000000,5.0,-18.5602,-16.5037,-43.3071,-45.3635,PENDING_AG03,FALSE,NOT_FOR_ENFORCEMENT,-59.3926,790.6330,-61.8672,-59.3926,-2.4747,-0.06705630,-0.06437405,-2.4747,-59.3926,-0.06437405,-2.4747,-2.4747,-3.7120,-4.9494,-4.9494,-59.3926,-0.06437405,-18.5602,-16.5037,-43.3071,-45.3635,-0.04693941,-0.04916834,-0.00268225,7.8856,7.0391,-0.5288,-20.6224,-1.9957,307.5388,39.0000,,7.8856,4.4018,6.6027,11.0045,11.0045,21.3927,24.1879,4.4018,0.0,3.24,3.663335,1.194302,19,7,6,2,0E-8,-0.06705630,,0E-8,0.000000,0.892653,0.000000,,2026-03-26,2026-03-28,3,31,23,3,1.000000,,,0.000000,,,,,,,,GLOBAL_BASELINE_NO_ENTITY_RANKING,,,NOT_APPLICABLE_GLOBAL_BASELINE,HF9g-P5,,,,X 全窗基线 · 不参与实体赏罚,3924728,393,A168_HF9F_20260827_0900,2026-08-27 09:00:00
2026-03-26,147799716,1984,0,4.4017959327,0E-10,0E-10,,1,1,0.50665070000000000,0.506650700000,,,,0E-17,NO_DECISIVE_ROUND,R03b_20260811_FULL_v1,L1_ELIGIBILITY,v2026-08-11,2026-03-21..2026-08-06,baccarat_bet02_101_all_pairs_incl_sentinel,round_win = game_pnl > 0 (decisive only),COMPATIBILITY_ONLY_NOT_PRODUCTION,922.6164,823.5760,-61.8672,117,117,0.06705630,,0.06705630,0.06705630,61.8672,922.6164,OK,0.0000,-2.4747,4.0000,96.0000,AG03-UNRESOLVED,ALL5_LEVELS_bet23_to_bet27,-2.4747,-2.4747,-3.7120,-4.9494,-4.9494,4.000000,4.000000,6.000000,8.000000,8.000000,96.000000,96.000000,94.000000,92.000000,92.000000,5.0,-18.5602,-16.5037,-43.3071,-45.3635,PENDING_AG03,FALSE,NOT_FOR_ENFORCEMENT,-59.3926,790.6330,-61.8672,-59.3926,-2.4747,-0.06705630,-0.06437405,-2.4747,-59.3926,-0.06437405,-2.4747,-2.4747,-3.7120,-4.9494,-4.9494,-59.3926,-0.06437405,-18.5602,-16.5037,-43.3071,-45.3635,-0.04693941,-0.04916834,-0.00268225,7.8856,7.0391,-0.5288,-20.6224,-1.9957,307.5388,39.0000,,7.8856,4.4018,6.6027,11.0045,11.0045,21.3927,24.1879,4.4018,0.0,3.24,3.663335,1.194302,19,7,6,2,0E-8,-0.06705630,,0E-8,0.000000,0.892653,0.000000,,2026-03-26,2026-03-28,3,31,23,3,1.000000,,,0.000000,,,,,,,,GLOBAL_BASELINE_NO_ENTITY_RANKING,,,NOT_APPLICABLE_GLOBAL_BASELINE,HF9g-P5,,,,X 全窗基线 · 不参与实体赏罚,3924729,393,A168_HF9F_20260827_0900,2026-08-27 09:00:00
2026-03-26,147799716,2108,0,7.0428734924,-7.0428734924,-7.0428734924,0E-7,1,1,0.50665070000000000,0.506650700000,-1.013391052207602,-1.013391052207602,-1.013391052207602,0E-17,ELIGIBLE,R03b_20260811_FULL_v1,L1_ELIGIBILITY,v2026-08-11,2026-03-21..2026-08-06,baccarat_bet02_101_all_pairs_incl_sentinel,round_win = game_pnl > 0 (decisive only),COMPATIBILITY_ONLY_NOT_PRODUCTION,922.6164,823.5760,-61.8672,117,117,0.06705630,,0.06705630,0.06705630,61.8672,922.6164,OK,0.0000,-2.4747,4.0000,96.0000,AG03-UNRESOLVED,ALL5_LEVELS_bet23_to_bet27,-2.4747,-2.4747,-3.7120,-4.9494,-4.9494,4.000000,4.000000,6.000000,8.000000,8.000000,96.000000,96.000000,94.000000,92.000000,92.000000,5.0,-18.5602,-16.5037,-43.3071,-45.3635,PENDING_AG03,FALSE,NOT_FOR_ENFORCEMENT,-59.3926,790.6330,-61.8672,-59.3926,-2.4747,-0.06705630,-0.06437405,-2.4747,-59.3926,-0.06437405,-2.4747,-2.4747,-3.7120,-4.9494,-4.9494,-59.3926,-0.06437405,-18.5602,-16.5037,-43.3071,-45.3635,-0.04693941,-0.04916834,-0.00268225,7.8856,7.0391,-0.5288,-20.6224,-1.9957,307.5388,39.0000,,7.8856,4.4018,6.6027,11.0045,11.0045,21.3927,24.1879,4.4018,0.0,3.24,3.663335,1.194302,19,7,6,2,0E-8,-0.06705630,,0E-8,0.000000,0.892653,0.000000,,2026-03-26,2026-03-28,3,31,23,3,1.000000,,,0.000000,,,,,,,,GLOBAL_BASELINE_NO_ENTITY_RANKING,,,NOT_APPLICABLE_GLOBAL_BASELINE,HF9g-P5,,,,X 全窗基线 · 不参与实体赏罚,3924730,393,A168_HF9F_20260827_0900,2026-08-27 09:00:00
2026-03-26,147799716,2171,0,21.3487102738,11.6977726913,11.6977726913,0.5000000,2,2,0.49994810000000000,0.499948100000,0.00014679536856514622,0.00014679536856514622,0.00014679536856514622,0E-17,ELIGIBLE,R03b_20260811_FULL_v1,L1_ELIGIBILITY,v2026-08-11,2026-03-21..2026-08-06,baccarat_bet02_101_all_pairs_incl_sentinel,round_win = game_pnl > 0 (decisive only),COMPATIBILITY_ONLY_NOT_PRODUCTION,922.6164,823.5760,-61.8672,117,117,0.06705630,,0.06705630,0.06705630,61.8672,922.6164,OK,0.0000,-2.4747,4.0000,96.0000,AG03-UNRESOLVED,ALL5_LEVELS_bet23_to_bet27,-2.4747,-2.4747,-3.7120,-4.9494,-4.9494,4.000000,4.000000,6.000000,8.000000,8.000000,96.000000,96.000000,94.000000,92.000000,92.000000,5.0,-18.5602,-16.5037,-43.3071,-45.3635,PENDING_AG03,FALSE,NOT_FOR_ENFORCEMENT,-59.3926,790.6330,-61.8672,-59.3926,-2.4747,-0.06705630,-0.06437405,-2.4747,-59.3926,-0.06437405,-2.4747,-2.4747,-3.7120,-4.9494,-4.9494,-59.3926,-0.06437405,-18.5602,-16.5037,-43.3071,-45.3635,-0.04693941,-0.04916834,-0.00268225,7.8856,7.0391,-0.5288,-20.6224,-1.9957,307.5388,39.0000,,7.8856,4.4018,6.6027,11.0045,11.0045,21.3927,24.1879,4.4018,0.0,3.24,3.663335,1.194302,19,7,6,2,0E-8,-0.06705630,,0E-8,0.000000,0.892653,0.000000,,2026-03-26,2026-03-28,3,31,23,3,1.000000,,,0.000000,,,,,,,,GLOBAL_BASELINE_NO_ENTITY_RANKING,,,NOT_APPLICABLE_GLOBAL_BASELINE,HF9g-P5,,,,X 全窗基线 · 不参与实体赏罚,3924731,393,A168_HF9F_20260827_0900,2026-08-27 09:00:00
2026-03-26,147799716,2232,0,11.0044898319,-11.0044898319,-11.0044898319,0E-7,1,1,0.50665070000000000,0.506650700000,-1.013391052207602,-1.013391052207602,-1.013391052207602,0E-17,ELIGIBLE,R03b_20260811_FULL_v1,L1_ELIGIBILITY,v2026-08-11,2026-03-21..2026-08-06,baccarat_bet02_101_all_pairs_incl_sentinel,round_win = game_pnl > 0 (decisive only),COMPATIBILITY_ONLY_NOT_PRODUCTION,922.6164,823.5760,-61.8672,117,117,0.06705630,,0.06705630,0.06705630,61.8672,922.6164,OK,0.0000,-2.4747,4.0000,96.0000,AG03-UNRESOLVED,ALL5_LEVELS_bet23_to_bet27,-2.4747,-2.4747,-3.7120,-4.9494,-4.9494,4.000000,4.000000,6.000000,8.000000,8.000000,96.000000,96.000000,94.000000,92.000000,92.000000,5.0,-18.5602,-16.5037,-43.3071,-45.3635,PENDING_AG03,FALSE,NOT_FOR_ENFORCEMENT,-59.3926,790.6330,-61.8672,-59.3926,-2.4747,-0.06705630,-0.06437405,-2.4747,-59.3926,-0.06437405,-2.4747,-2.4747,-3.7120,-4.9494,-4.9494,-59.3926,-0.06437405,-18.5602,-16.5037,-43.3071,-45.3635,-0.04693941,-0.04916834,-0.00268225,7.8856,7.0391,-0.5288,-20.6224,-1.9957,307.5388,39.0000,,7.8856,4.4018,6.6027,11.0045,11.0045,21.3927,24.1879,4.4018,0.0,3.24,3.663335,1.194302,19,7,6,2,0E-8,-0.06705630,,0E-8,0.000000,0.892653,0.000000,,2026-03-26,2026-03-28,3,31,23,3,1.000000,,,0.000000,,,,,,,,GLOBAL_BASELINE_NO_ENTITY_RANKING,,,NOT_APPLICABLE_GLOBAL_BASELINE,HF9g-P5,,,,X 全窗基线 · 不参与实体赏罚,3924732,393,A168_HF9F_20260827_0900,2026-08-27 09:00:00
2026-03-26,147799716,2258,0,8.8035918654,-4.4017959327,-4.4017959327,0E-7,2,2,0.49324550000000000,0.493245500000,-0.9865810262130424,-0.9865810262130424,-0.9865810262130424,0E-17,ELIGIBLE,R03b_20260811_FULL_v1,L1_ELIGIBILITY,v2026-08-11,2026-03-21..2026-08-06,baccarat_bet02_101_all_pairs_incl_sentinel,round_win = game_pnl > 0 (decisive only),COMPATIBILITY_ONLY_NOT_PRODUCTION,922.6164,823.5760,-61.8672,117,117,0.06705630,,0.06705630,0.06705630,61.8672,922.6164,OK,0.0000,-2.4747,4.0000,96.0000,AG03-UNRESOLVED,ALL5_LEVELS_bet23_to_bet27,-2.4747,-2.4747,-3.7120,-4.9494,-4.9494,4.000000,4.000000,6.000000,8.000000,8.000000,96.000000,96.000000,94.000000,92.000000,92.000000,5.0,-18.5602,-16.5037,-43.3071,-45.3635,PENDING_AG03,FALSE,NOT_FOR_ENFORCEMENT,-59.3926,790.6330,-61.8672,-59.3926,-2.4747,-0.06705630,-0.06437405,-2.4747,-59.3926,-0.06437405,-2.4747,-2.4747,-3.7120,-4.9494,-4.9494,-59.3926,-0.06437405,-18.5602,-16.5037,-43.3071,-45.3635,-0.04693941,-0.04916834,-0.00268225,7.8856,7.0391,-0.5288,-20.6224,-1.9957,307.5388,39.0000,,7.8856,4.4018,6.6027,11.0045,11.0045,21.3927,24.1879,4.4018,0.0,3.24,3.663335,1.194302,19,7,6,2,0E-8,-0.06705630,,0E-8,0.000000,0.892653,0.000000,,2026-03-26,2026-03-28,3,31,23,3,1.000000,,,0.000000,,,,,,,,GLOBAL_BASELINE_NO_ENTITY_RANKING,,,NOT_APPLICABLE_GLOBAL_BASELINE,HF9g-P5,,,,X 全窗基线 · 不参与实体赏罚,3924733,393,A168_HF9F_20260827_0900,2026-08-27 09:00:00
2026-03-27,147799716,-1,1,22.2290694603,-22.2290694603,-22.2290694603,0E-7,3,3,0.50665070000000000,0.506650700000,-1.7552447903592512,-1.7552447903592512,-1.7552447903592512,0E-17,SENTINEL_DEALER,R03b_20260811_FULL_v1,L1_ELIGIBILITY,v2026-08-11,2026-03-21..2026-08-06,baccarat_bet02_101_all_pairs_incl_sentinel,round_win = game_pnl > 0 (decisive only),COMPATIBILITY_ONLY_NOT_PRODUCTION,922.6164,823.5760,-61.8672,117,117,0.06705630,,0.06705630,0.06705630,61.8672,922.6164,OK,0.0000,-2.4747,4.0000,96.0000,AG03-UNRESOLVED,ALL5_LEVELS_bet23_to_bet27,-2.4747,-2.4747,-3.7120,-4.9494,-4.9494,4.000000,4.000000,6.000000,8.000000,8.000000,96.000000,96.000000,94.000000,92.000000,92.000000,5.0,-18.5602,-16.5037,-43.3071,-45.3635,PENDING_AG03,FALSE,NOT_FOR_ENFORCEMENT,-59.3926,790.6330,-61.8672,-59.3926,-2.4747,-0.06705630,-0.06437405,-2.4747,-59.3926,-0.06437405,-2.4747,-2.4747,-3.7120,-4.9494,-4.9494,-59.3926,-0.06437405,-18.5602,-16.5037,-43.3071,-45.3635,-0.04693941,-0.04916834,-0.00268225,7.8856,7.0391,-0.5288,-20.6224,-1.9957,307.5388,39.0000,,7.8856,4.4018,6.6027,11.0045,11.0045,21.3927,24.1879,4.4018,0.0,3.24,3.663335,1.194302,19,7,6,2,0E-8,-0.06705630,,0E-8,0.000000,0.892653,0.000000,,2026-03-26,2026-03-28,3,31,23,3,1.000000,,,0.000000,,,,,,,,GLOBAL_BASELINE_NO_ENTITY_RANKING,,,NOT_APPLICABLE_GLOBAL_BASELINE,HF9g-P5,,,,X 全窗基线 · 不参与实体赏罚,3924734,393,A168_HF9F_20260827_0900,2026-08-27 09:00:00
2026-03-28,147799716,-1,1,110.0448983186,-22.5592041553,-22.5592041553,0.3333333,7,7,0.49899058571428571,0.498990585714,-0.8115531348621552,-0.8115531348607564,-0.8115531348621552,2.8571E-13,SENTINEL_DEALER,R03b_20260811_FULL_v1,L1_ELIGIBILITY,v2026-08-11,2026-03-21..2026-08-06,baccarat_bet02_101_all_pairs_incl_sentinel,round_win = game_pnl > 0 (decisive only),COMPATIBILITY_ONLY_NOT_PRODUCTION,922.6164,823.5760,-61.8672,117,117,0.06705630,,0.06705630,0.06705630,61.8672,922.6164,OK,0.0000,-2.4747,4.0000,96.0000,AG03-UNRESOLVED,ALL5_LEVELS_bet23_to_bet27,-2.4747,-2.4747,-3.7120,-4.9494,-4.9494,4.000000,4.000000,6.000000,8.000000,8.000000,96.000000,96.000000,94.000000,92.000000,92.000000,5.0,-18.5602,-16.5037,-43.3071,-45.3635,PENDING_AG03,FALSE,NOT_FOR_ENFORCEMENT,-59.3926,790.6330,-61.8672,-59.3926,-2.4747,-0.06705630,-0.06437405,-2.4747,-59.3926,-0.06437405,-2.4747,-2.4747,-3.7120,-4.9494,-4.9494,-59.3926,-0.06437405,-18.5602,-16.5037,-43.3071,-45.3635,-0.04693941,-0.04916834,-0.00268225,7.8856,7.0391,-0.5288,-20.6224,-1.9957,307.5388,39.0000,,7.8856,4.4018,6.6027,11.0045,11.0045,21.3927,24.1879,4.4018,0.0,3.24,3.663335,1.194302,19,7,6,2,0E-8,-0.06705630,,0E-8,0.000000,0.892653,0.000000,,2026-03-26,2026-03-28,3,31,23,3,1.000000,,,0.000000,,,,,,,,GLOBAL_BASELINE_NO_ENTITY_RANKING,,,NOT_APPLICABLE_GLOBAL_BASELINE,HF9g-P5,,,,X 全窗基线 · 不参与实体赏罚,3924735,393,A168_HF9F_20260827_0900,2026-08-27 09:00:00
2026-03-31,140583939,1330,0,31.4111457216,9.9468628118,9.9468628118,0.5000000,4,4,0.49659680000000000,0.496596800000,0.013613115331600182,0.013613115331600183,0.013613115331600182,0E-17,ELIGIBLE,R03b_20260811_FULL_v1,L1_ELIGIBILITY,v2026-08-11,2026-03-21..2026-08-06,baccarat_bet02_101_all_pairs_incl_sentinel,round_win = game_pnl > 0 (decisive only),COMPATIBILITY_ONLY_NOT_PRODUCTION,704.5342,595.8180,-61.2272,64,64,0.08690448,-0.23809524,0.23143503,0.08690448,61.2272,704.5342,OK,0.0000,-1.8368,3.0000,97.0000,AG03-UNRESOLVED,ALL5_LEVELS_bet23_to_bet27,-1.8368,-1.8368,-1.8368,-2.4491,-2.4491,3.000000,3.000000,3.000000,4.000000,4.000000,97.000000,97.000000,97.000000,96.000000,96.000000,5.0,-10.4086,-9.7278,-50.8186,-51.4994,PENDING_AG03,FALSE,NOT_FOR_ENFORCEMENT,-59.3904,577.9435,-61.2272,-59.3904,-1.8368,-0.08690448,-0.08429734,-1.8368,-59.3904,-0.08429734,-1.8368,-1.8368,-1.8368,-2.4491,-2.4491,-59.3904,-0.08429734,-10.4086,-9.7278,-50.8186,-51.4994,-0.07213072,-0.07309705,-0.00260713,11.0083,9.3097,-0.9567,-8.7467,-6.1227,100.6477,9.1429,12.7570,10.3758,7.7147,10.4704,12.9409,15.5122,15.7056,31.351,10.2862,0.0,1.5,2.994253,1.05138,7,11,9,2,0.30781946,-0.08690448,0.23809524,0E-8,0.000000,0.845691,0.000000,-0.46953027,2026-03-31,2026-07-13,7,10,10,105,0.066667,1.229492,1.158850,1.026065,,,,,,,,GLOBAL_BASELINE_NO_ENTITY_RANKING,,,NOT_APPLICABLE_GLOBAL_BASELINE,HF9g-P5,,,,X 全窗基线 · 不参与实体赏罚,3924736,393,A168_HF9F_20260827_0900,2026-08-27 09:00:00
2026-03-31,140583939,2101,0,120.4093919327,56.5400622987,56.5400622987,0.6666667,10,10,0.49860758000000000,0.498607580000,1.0083584300857016,1.0083584300857016,1.0083584300857016,0E-17,ELIGIBLE,R03b_20260811_FULL_v1,L1_ELIGIBILITY,v2026-08-11,2026-03-21..2026-08-06,baccarat_bet02_101_all_pairs_incl_sentinel,round_win = game_pnl > 0 (decisive only),COMPATIBILITY_ONLY_NOT_PRODUCTION,704.5342,595.8180,-61.2272,64,64,0.08690448,-0.23809524,0.23143503,0.08690448,61.2272,704.5342,OK,0.0000,-1.8368,3.0000,97.0000,AG03-UNRESOLVED,ALL5_LEVELS_bet23_to_bet27,-1.8368,-1.8368,-1.8368,-2.4491,-2.4491,3.000000,3.000000,3.000000,4.000000,4.000000,97.000000,97.000000,97.000000,96.000000,96.000000,5.0,-10.4086,-9.7278,-50.8186,-51.4994,PENDING_AG03,FALSE,NOT_FOR_ENFORCEMENT,-59.3904,577.9435,-61.2272,-59.3904,-1.8368,-0.08690448,-0.08429734,-1.8368,-59.3904,-0.08429734,-1.8368,-1.8368,-1.8368,-2.4491,-2.4491,-59.3904,-0.08429734,-10.4086,-9.7278,-50.8186,-51.4994,-0.07213072,-0.07309705,-0.00260713,11.0083,9.3097,-0.9567,-8.7467,-6.1227,100.6477,9.1429,12.7570,10.3758,7.7147,10.4704,12.9409,15.5122,15.7056,31.351,10.2862,0.0,1.5,2.994253,1.05138,7,11,9,2,0.30781946,-0.08690448,0.23809524,0E-8,0.000000,0.845691,0.000000,-0.46953027,2026-03-31,2026-07-13,7,10,10,105,0.066667,1.229492,1.158850,1.026065,,,,,,,,GLOBAL_BASELINE_NO_ENTITY_RANKING,,,NOT_APPLICABLE_GLOBAL_BASELINE,HF9g-P5,,,,X 全窗基线 · 不参与实体赏罚,3924737,393,A168_HF9F_20260827_0900,2026-08-27 09:00:00
2026-03-31,140583939,2170,0,68.0574823968,26.8303536371,26.8303536371,0.7500000,6,6,0.50441650000000000,0.504416500000,0.9823723240197533,0.9823723240197534,0.9823723240197533,0E-17,ELIGIBLE,R03b_20260811_FULL_v1,L1_ELIGIBILITY,v2026-08-11,2026-03-21..2026-08-06,baccarat_bet02_101_all_pairs_incl_sentinel,round_win = game_pnl > 0 (decisive only),COMPATIBILITY_ONLY_NOT_PRODUCTION,704.5342,595.8180,-61.2272,64,64,0.08690448,-0.23809524,0.23143503,0.08690448,61.2272,704.5342,OK,0.0000,-1.8368,3.0000,97.0000,AG03-UNRESOLVED,ALL5_LEVELS_bet23_to_bet27,-1.8368,-1.8368,-1.8368,-2.4491,-2.4491,3.000000,3.000000,3.000000,4.000000,4.000000,97.000000,97.000000,97.000000,96.000000,96.000000,5.0,-10.4086,-9.7278,-50.8186,-51.4994,PENDING_AG03,FALSE,NOT_FOR_ENFORCEMENT,-59.3904,577.9435,-61.2272,-59.3904,-1.8368,-0.08690448,-0.08429734,-1.8368,-59.3904,-0.08429734,-1.8368,-1.8368,-1.8368,-2.4491,-2.4491,-59.3904,-0.08429734,-10.4086,-9.7278,-50.8186,-51.4994,-0.07213072,-0.07309705,-0.00260713,11.0083,9.3097,-0.9567,-8.7467,-6.1227,100.6477,9.1429,12.7570,10.3758,7.7147,10.4704,12.9409,15.5122,15.7056,31.351,10.2862,0.0,1.5,2.994253,1.05138,7,11,9,2,0.30781946,-0.08690448,0.23809524,0E-8,0.000000,0.845691,0.000000,-0.46953027,2026-03-31,2026-07-13,7,10,10,105,0.066667,1.229492,1.158850,1.026065,,,,,,,,GLOBAL_BASELINE_NO_ENTITY_RANKING,,,NOT_APPLICABLE_GLOBAL_BASELINE,HF9g-P5,,,,X 全窗基线 · 不参与实体赏罚,3924738,393,A168_HF9F_20260827_0900,2026-08-27 09:00:00
2026-05-09,140583939,1325,0,38.9185823258,-28.7997509211,-28.7997509211,0.2500000,4,4,0.49994810000000000,0.499948100000,-0.9997924053861017,-0.9997924053861017,-0.9997924053861017,0E-17,ELIGIBLE,R03b_20260811_FULL_v1,L1_ELIGIBILITY,v2026-08-11,2026-03-21..2026-08-06,baccarat_bet02_101_all_pairs_incl_sentinel,round_win = game_pnl > 0 (decisive only),COMPATIBILITY_ONLY_NOT_PRODUCTION,704.5342,595.8180,-61.2272,64,64,0.08690448,-0.23809524,0.23143503,0.08690448,61.2272,704.5342,OK,0.0000,-1.8368,3.0000,97.0000,AG03-UNRESOLVED,ALL5_LEVELS_bet23_to_bet27,-1.8368,-1.8368,-1.8368,-2.4491,-2.4491,3.000000,3.000000,3.000000,4.000000,4.000000,97.000000,97.000000,97.000000,96.000000,96.000000,5.0,-10.4086,-9.7278,-50.8186,-51.4994,PENDING_AG03,FALSE,NOT_FOR_ENFORCEMENT,-59.3904,577.9435,-61.2272,-59.3904,-1.8368,-0.08690448,-0.08429734,-1.8368,-59.3904,-0.08429734,-1.8368,-1.8368,-1.8368,-2.4491,-2.4491,-59.3904,-0.08429734,-10.4086,-9.7278,-50.8186,-51.4994,-0.07213072,-0.07309705,-0.00260713,11.0083,9.3097,-0.9567,-8.7467,-6.1227,100.6477,9.1429,12.7570,10.3758,7.7147,10.4704,12.9409,15.5122,15.7056,31.351,10.2862,0.0,1.5,2.994253,1.05138,7,11,9,2,0.30781946,-0.08690448,0.23809524,0E-8,0.000000,0.845691,0.000000,-0.46953027,2026-03-31,2026-07-13,7,10,10,105,0.066667,1.229492,1.158850,1.026065,,,,,,,,GLOBAL_BASELINE_NO_ENTITY_RANKING,,,NOT_APPLICABLE_GLOBAL_BASELINE,HF9g-P5,,,,X 全窗基线 · 不参与实体赏罚,3924739,393,A168_HF9F_20260827_0900,2026-08-27 09:00:00
2026-06-10,140583939,1220,0,7.7146604264,-7.7146604264,-7.7146604264,0E-7,1,1,0.49324550000000000,0.493245500000,-0.9865810262130424,-0.9865810262130424,-0.9865810262130424,0E-17,ELIGIBLE,R03b_20260811_FULL_v1,L1_ELIGIBILITY,v2026-08-11,2026-03-21..2026-08-06,baccarat_bet02_101_all_pairs_incl_sentinel,round_win = game_pnl > 0 (decisive only),COMPATIBILITY_ONLY_NOT_PRODUCTION,704.5342,595.8180,-61.2272,64,64,0.08690448,-0.23809524,0.23143503,0.08690448,61.2272,704.5342,OK,0.0000,-1.8368,3.0000,97.0000,AG03-UNRESOLVED,ALL5_LEVELS_bet23_to_bet27,-1.8368,-1.8368,-1.8368,-2.4491,-2.4491,3.000000,3.000000,3.000000,4.000000,4.000000,97.000000,97.000000,97.000000,96.000000,96.000000,5.0,-10.4086,-9.7278,-50.8186,-51.4994,PENDING_AG03,FALSE,NOT_FOR_ENFORCEMENT,-59.3904,577.9435,-61.2272,-59.3904,-1.8368,-0.08690448,-0.08429734,-1.8368,-59.3904,-0.08429734,-1.8368,-1.8368,-1.8368,-2.4491,-2.4491,-59.3904,-0.08429734,-10.4086,-9.7278,-50.8186,-51.4994,-0.07213072,-0.07309705,-0.00260713,11.0083,9.3097,-0.9567,-8.7467,-6.1227,100.6477,9.1429,12.7570,10.3758,7.7147,10.4704,12.9409,15.5122,15.7056,31.351,10.2862,0.0,1.5,2.994253,1.05138,7,11,9,2,0.30781946,-0.08690448,0.23809524,0E-8,0.000000,0.845691,0.000000,-0.46953027,2026-03-31,2026-07-13,7,10,10,105,0.066667,1.229492,1.158850,1.026065,,,,,,,,GLOBAL_BASELINE_NO_ENTITY_RANKING,,,NOT_APPLICABLE_GLOBAL_BASELINE,HF9g-P5,,,,X 全窗基线 · 不参与实体赏罚,3924740,393,A168_HF9F_20260827_0900,2026-08-27 09:00:00
2026-06-10,140583939,583,0,7.7146604264,0E-10,0E-10,,1,1,0.49324550000000000,0.493245500000,,,,0E-17,NO_DECISIVE_ROUND,R03b_20260811_FULL_v1,L1_ELIGIBILITY,v2026-08-11,2026-03-21..2026-08-06,baccarat_bet02_101_all_pairs_incl_sentinel,round_win = game_pnl > 0 (decisive only),COMPATIBILITY_ONLY_NOT_PRODUCTION,704.5342,595.8180,-61.2272,64,64,0.08690448,-0.23809524,0.23143503,0.08690448,61.2272,704.5342,OK,0.0000,-1.8368,3.0000,97.0000,AG03-UNRESOLVED,ALL5_LEVELS_bet23_to_bet27,-1.8368,-1.8368,-1.8368,-2.4491,-2.4491,3.000000,3.000000,3.000000,4.000000,4.000000,97.000000,97.000000,97.000000,96.000000,96.000000,5.0,-10.4086,-9.7278,-50.8186,-51.4994,PENDING_AG03,FALSE,NOT_FOR_ENFORCEMENT,-59.3904,577.9435,-61.2272,-59.3904,-1.8368,-0.08690448,-0.08429734,-1.8368,-59.3904,-0.08429734,-1.8368,-1.8368,-1.8368,-2.4491,-2.4491,-59.3904,-0.08429734,-10.4086,-9.7278,-50.8186,-51.4994,-0.07213072,-0.07309705,-0.00260713,11.0083,9.3097,-0.9567,-8.7467,-6.1227,100.6477,9.1429,12.7570,10.3758,7.7147,10.4704,12.9409,15.5122,15.7056,31.351,10.2862,0.0,1.5,2.994253,1.05138,7,11,9,2,0.30781946,-0.08690448,0.23809524,0E-8,0.000000,0.845691,0.000000,-0.46953027,2026-03-31,2026-07-13,7,10,10,105,0.066667,1.229492,1.158850,1.026065,,,,,,,,GLOBAL_BASELINE_NO_ENTITY_RANKING,,,NOT_APPLICABLE_GLOBAL_BASELINE,HF9g-P5,,,,X 全窗基线 · 不参与实体赏罚,3924741,393,A168_HF9F_20260827_0900,2026-08-27 09:00:00
2026-06-20,140583939,2261,0,195.4380641348,59.0171522614,59.0171522614,0.6470588,19,19,0.50100640526315789,0.501006405263,1.204381534499198,1.2043815345004993,1.204381534499198,1.5789E-13,ELIGIBLE,R03b_20260811_FULL_v1,L1_ELIGIBILITY,v2026-08-11,2026-03-21..2026-08-06,baccarat_bet02_101_all_pairs_incl_sentinel,round_win = game_pnl > 0 (decisive only),COMPATIBILITY_ONLY_NOT_PRODUCTION,704.5342,595.8180,-61.2272,64,64,0.08690448,-0.23809524,0.23143503,0.08690448,61.2272,704.5342,OK,0.0000,-1.8368,3.0000,97.0000,AG03-UNRESOLVED,ALL5_LEVELS_bet23_to_bet27,-1.8368,-1.8368,-1.8368,-2.4491,-2.4491,3.000000,3.000000,3.000000,4.000000,4.000000,97.000000,97.000000,97.000000,96.000000,96.000000,5.0,-10.4086,-9.7278,-50.8186,-51.4994,PENDING_AG03,FALSE,NOT_FOR_ENFORCEMENT,-59.3904,577.9435,-61.2272,-59.3904,-1.8368,-0.08690448,-0.08429734,-1.8368,-59.3904,-0.08429734,-1.8368,-1.8368,-1.8368,-2.4491,-2.4491,-59.3904,-0.08429734,-10.4086,-9.7278,-50.8186,-51.4994,-0.07213072,-0.07309705,-0.00260713,11.0083,9.3097,-0.9567,-8.7467,-6.1227,100.6477,9.1429,12.7570,10.3758,7.7147,10.4704,12.9409,15.5122,15.7056,31.351,10.2862,0.0,1.5,2.994253,1.05138,7,11,9,2,0.30781946,-0.08690448,0.23809524,0E-8,0.000000,0.845691,0.000000,-0.46953027,2026-03-31,2026-07-13,7,10,10,105,0.066667,1.229492,1.158850,1.026065,,,,,,,,GLOBAL_BASELINE_NO_ENTITY_RANKING,,,NOT_APPLICABLE_GLOBAL_BASELINE,HF9g-P5,,,,X 全窗基线 · 不参与实体赏罚,3924742,393,A168_HF9F_20260827_0900,2026-08-27 09:00:00
2026-06-22,140583939,1935,0,18.0008743282,-2.9572864968,-2.9572864968,0.5000000,2,2,0.50665070000000000,0.506650700000,-0.018812684590367487,-0.018812684590367487,-0.018812684590367487,0E-17,ELIGIBLE,R03b_20260811_FULL_v1,L1_ELIGIBILITY,v2026-08-11,2026-03-21..2026-08-06,baccarat_bet02_101_all_pairs_incl_sentinel,round_win = game_pnl > 0 (decisive only),COMPATIBILITY_ONLY_NOT_PRODUCTION,704.5342,595.8180,-61.2272,64,64,0.08690448,-0.23809524,0.23143503,0.08690448,61.2272,704.5342,OK,0.0000,-1.8368,3.0000,97.0000,AG03-UNRESOLVED,ALL5_LEVELS_bet23_to_bet27,-1.8368,-1.8368,-1.8368,-2.4491,-2.4491,3.000000,3.000000,3.000000,4.000000,4.000000,97.000000,97.000000,97.000000,96.000000,96.000000,5.0,-10.4086,-9.7278,-50.8186,-51.4994,PENDING_AG03,FALSE,NOT_FOR_ENFORCEMENT,-59.3904,577.9435,-61.2272,-59.3904,-1.8368,-0.08690448,-0.08429734,-1.8368,-59.3904,-0.08429734,-1.8368,-1.8368,-1.8368,-2.4491,-2.4491,-59.3904,-0.08429734,-10.4086,-9.7278,-50.8186,-51.4994,-0.07213072,-0.07309705,-0.00260713,11.0083,9.3097,-0.9567,-8.7467,-6.1227,100.6477,9.1429,12.7570,10.3758,7.7147,10.4704,12.9409,15.5122,15.7056,31.351,10.2862,0.0,1.5,2.994253,1.05138,7,11,9,2,0.30781946,-0.08690448,0.23809524,0E-8,0.000000,0.845691,0.000000,-0.46953027,2026-03-31,2026-07-13,7,10,10,105,0.066667,1.229492,1.158850,1.026065,,,,,,,,GLOBAL_BASELINE_NO_ENTITY_RANKING,,,NOT_APPLICABLE_GLOBAL_BASELINE,HF9g-P5,,,,X 全窗基线 · 不参与实体赏罚,3924743,393,A168_HF9F_20260827_0900,2026-08-27 09:00:00
2026-07-09,140583939,1490,0,56.7991118684,-23.2360003098,-23.2360003098,0.3333333,7,7,0.49516052857142857,0.495160528571,-0.7928252472495432,-0.7928252472474502,-0.7928252472495432,4.2857E-13,ELIGIBLE,R03b_20260811_FULL_v1,L1_ELIGIBILITY,v2026-08-11,2026-03-21..2026-08-06,baccarat_bet02_101_all_pairs_incl_sentinel,round_win = game_pnl > 0 (decisive only),COMPATIBILITY_ONLY_NOT_PRODUCTION,704.5342,595.8180,-61.2272,64,64,0.08690448,-0.23809524,0.23143503,0.08690448,61.2272,704.5342,OK,0.0000,-1.8368,3.0000,97.0000,AG03-UNRESOLVED,ALL5_LEVELS_bet23_to_bet27,-1.8368,-1.8368,-1.8368,-2.4491,-2.4491,3.000000,3.000000,3.000000,4.000000,4.000000,97.000000,97.000000,97.000000,96.000000,96.000000,5.0,-10.4086,-9.7278,-50.8186,-51.4994,PENDING_AG03,FALSE,NOT_FOR_ENFORCEMENT,-59.3904,577.9435,-61.2272,-59.3904,-1.8368,-0.08690448,-0.08429734,-1.8368,-59.3904,-0.08429734,-1.8368,-1.8368,-1.8368,-2.4491,-2.4491,-59.3904,-0.08429734,-10.4086,-9.7278,-50.8186,-51.4994,-0.07213072,-0.07309705,-0.00260713,11.0083,9.3097,-0.9567,-8.7467,-6.1227,100.6477,9.1429,12.7570,10.3758,7.7147,10.4704,12.9409,15.5122,15.7056,31.351,10.2862,0.0,1.5,2.994253,1.05138,7,11,9,2,0.30781946,-0.08690448,0.23809524,0E-8,0.000000,0.845691,0.000000,-0.46953027,2026-03-31,2026-07-13,7,10,10,105,0.066667,1.229492,1.158850,1.026065,,,,,,,,GLOBAL_BASELINE_NO_ENTITY_RANKING,,,NOT_APPLICABLE_GLOBAL_BASELINE,HF9g-P5,,,,X 全窗基线 · 不参与实体赏罚,3924744,393,A168_HF9F_20260827_0900,2026-08-27 09:00:00
2026-07-13,140583939,2212,0,12.9088890610,0E-10,0E-10,,1,1,0.50665070000000000,0.506650700000,,,,0E-17,NO_DECISIVE_ROUND,R03b_20260811_FULL_v1,L1_ELIGIBILITY,v2026-08-11,2026-03-21..2026-08-06,baccarat_bet02_101_all_pairs_incl_sentinel,round_win = game_pnl > 0 (decisive only),COMPATIBILITY_ONLY_NOT_PRODUCTION,704.5342,595.8180,-61.2272,64,64,0.08690448,-0.23809524,0.23143503,0.08690448,61.2272,704.5342,OK,0.0000,-1.8368,3.0000,97.0000,AG03-UNRESOLVED,ALL5_LEVELS_bet23_to_bet27,-1.8368,-1.8368,-1.8368,-2.4491,-2.4491,3.000000,3.000000,3.000000,4.000000,4.000000,97.000000,97.000000,97.000000,96.000000,96.000000,5.0,-10.4086,-9.7278,-50.8186,-51.4994,PENDING_AG03,FALSE,NOT_FOR_ENFORCEMENT,-59.3904,577.9435,-61.2272,-59.3904,-1.8368,-0.08690448,-0.08429734,-1.8368,-59.3904,-0.08429734,-1.8368,-1.8368,-1.8368,-2.4491,-2.4491,-59.3904,-0.08429734,-10.4086,-9.7278,-50.8186,-51.4994,-0.07213072,-0.07309705,-0.00260713,11.0083,9.3097,-0.9567,-8.7467,-6.1227,100.6477,9.1429,12.7570,10.3758,7.7147,10.4704,12.9409,15.5122,15.7056,31.351,10.2862,0.0,1.5,2.994253,1.05138,7,11,9,2,0.30781946,-0.08690448,0.23809524,0E-8,0.000000,0.845691,0.000000,-0.46953027,2026-03-31,2026-07-13,7,10,10,105,0.066667,1.229492,1.158850,1.026065,,,,,,,,GLOBAL_BASELINE_NO_ENTITY_RANKING,,,NOT_APPLICABLE_GLOBAL_BASELINE,HF9g-P5,,,,X 全窗基线 · 不参与实体赏罚,3924745,393,A168_HF9F_20260827_0900,2026-08-27 09:00:00
2026-07-13,140583939,772,0,147.1613352954,-28.3995559342,-28.3995559342,0.4285714,9,9,0.49473496666666667,0.494734966667,-0.35012394713339057,-0.35012394713515205,-0.35012394713339057,-3.3333E-13,ELIGIBLE,R03b_20260811_FULL_v1,L1_ELIGIBILITY,v2026-08-11,2026-03-21..2026-08-06,baccarat_bet02_101_all_pairs_incl_sentinel,round_win = game_pnl > 0 (decisive only),COMPATIBILITY_ONLY_NOT_PRODUCTION,704.5342,595.8180,-61.2272,64,64,0.08690448,-0.23809524,0.23143503,0.08690448,61.2272,704.5342,OK,0.0000,-1.8368,3.0000,97.0000,AG03-UNRESOLVED,ALL5_LEVELS_bet23_to_bet27,-1.8368,-1.8368,-1.8368,-2.4491,-2.4491,3.000000,3.000000,3.000000,4.000000,4.000000,97.000000,97.000000,97.000000,96.000000,96.000000,5.0,-10.4086,-9.7278,-50.8186,-51.4994,PENDING_AG03,FALSE,NOT_FOR_ENFORCEMENT,-59.3904,577.9435,-61.2272,-59.3904,-1.8368,-0.08690448,-0.08429734,-1.8368,-59.3904,-0.08429734,-1.8368,-1.8368,-1.8368,-2.4491,-2.4491,-59.3904,-0.08429734,-10.4086,-9.7278,-50.8186,-51.4994,-0.07213072,-0.07309705,-0.00260713,11.0083,9.3097,-0.9567,-8.7467,-6.1227,100.6477,9.1429,12.7570,10.3758,7.7147,10.4704,12.9409,15.5122,15.7056,31.351,10.2862,0.0,1.5,2.994253,1.05138,7,11,9,2,0.30781946,-0.08690448,0.23809524,0E-8,0.000000,0.845691,0.000000,-0.46953027,2026-03-31,2026-07-13,7,10,10,105,0.066667,1.229492,1.158850,1.026065,,,,,,,,GLOBAL_BASELINE_NO_ENTITY_RANKING,,,NOT_APPLICABLE_GLOBAL_BASELINE,HF9g-P5,,,,X 全窗基线 · 不参与实体赏罚,3924746,393,A168_HF9F_20260827_0900,2026-08-27 09:00:00
2026-05-05,149603001,948,0,65.1192101670,61.8632496586,61.8632496586,1.0000000,1,1,0.50665070000000000,0.506650700000,0.9867858985152569,0.9867858985152569,0.9867858985152569,0E-17,ELIGIBLE,R03b_20260811_FULL_v1,L1_ELIGIBILITY,v2026-08-11,2026-03-21..2026-08-06,baccarat_bet02_101_all_pairs_incl_sentinel,round_win = game_pnl > 0 (decisive only),COMPATIBILITY_ONLY_NOT_PRODUCTION,65.1192,65.1192,-61.8632,1,1,0.95000000,,0.95000000,0.95000000,61.8632,65.1192,THIN_EXPOSURE,0.0000,-2.4745,4.0000,96.0000,AG03-UNRESOLVED,ALL5_LEVELS_bet23_to_bet27,-2.4745,-2.4745,-2.4745,-2.4745,-2.4745,4.000000,4.000000,4.000000,4.000000,4.000000,96.000000,96.000000,96.000000,96.000000,96.000000,5.0,-12.3726,-11.4216,-49.4906,-50.4416,PENDING_AG03,FALSE,NOT_FOR_ENFORCEMENT,-59.3887,62.5144,-61.8632,-59.3887,-2.4745,-0.95000000,-0.91200000,-2.4745,-59.3887,-0.91200000,-2.4745,-2.4745,-2.4745,-2.4745,-2.4745,-59.3887,-0.91200000,-12.3726,-11.4216,-49.4906,-50.4416,-0.76000000,-0.77460406,-0.03800000,65.1192,65.1192,-61.8632,-61.8632,-61.8632,65.1192,1.0000,,65.1192,65.1192,65.1192,65.1192,65.1192,65.1192,65.1192,65.1192,61.8633,1.0,1.0,1.0,1,1,1,1,0E-8,-0.95000000,,0E-8,0.000000,1.000000,0.000000,,2026-05-05,2026-05-05,1,1,1,1,1.000000,,,0.000000,,,,,,,,GLOBAL_BASELINE_NO_ENTITY_RANKING,,,NOT_APPLICABLE_GLOBAL_BASELINE,HF9g-P5,,,,X 全窗基线 · 不参与实体赏罚,3924747,393,A168_HF9F_20260827_0900,2026-08-27 09:00:00
2026-04-27,119477974,1654,0,44.6946218877,-44.6946218877,-44.6946218877,0E-7,1,1,0.49324550000000000,0.493245500000,-0.9865810262130424,-0.9865810262130424,-0.9865810262130424,0E-17,ELIGIBLE,R03b_20260811_FULL_v1,L1_ELIGIBILITY,v2026-08-11,2026-03-21..2026-08-06,baccarat_bet02_101_all_pairs_incl_sentinel,round_win = game_pnl > 0 (decisive only),COMPATIBILITY_ONLY_NOT_PRODUCTION,975.1842,929.8438,-61.8611,78,78,0.06343529,0.14068838,-0.73910006,0.06343529,61.8611,975.1842,OK,0.0000,-2.4744,4.0000,96.0000,AG03-UNRESOLVED,ALL5_LEVELS_bet23_to_bet27,-2.4744,-2.4744,-2.4744,-3.7117,-3.7117,4.000000,4.000000,4.000000,6.000000,6.000000,96.000000,96.000000,96.000000,94.000000,94.000000,5.0,-14.8467,-13.501,-47.0144,-48.3601,PENDING_AG03,FALSE,NOT_FOR_ENFORCEMENT,-59.3866,892.6500,-61.8611,-59.3866,-2.4744,-0.06343529,-0.06089787,-2.4744,-59.3866,-0.06089787,-2.4744,-2.4744,-2.4744,-3.7117,-3.7117,-59.3866,-0.06089787,-14.8467,-13.501,-47.0144,-48.3601,-0.04821082,-0.04959071,-0.00253741,12.5024,11.9211,-0.7931,-2.8119,-1.4059,44.3266,3.5455,13.4781,7.1358,3.2702,6.7449,16.3512,32.3439,43.4683,75.7607,5.4868,0.0,6.444635,11.23233,1.853608,19,31,9,2,0.91219128,-0.06343529,-0.14068838,0E-8,0.000000,0.953506,0.000000,0.87978844,2026-04-27,2026-08-06,22,44,41,102,0.215686,1.888798,1.078044,3.040638,,,,,,,,GLOBAL_BASELINE_NO_ENTITY_RANKING,,,NOT_APPLICABLE_GLOBAL_BASELINE,HF9g-P5,,,,X 全窗基线 · 不参与实体赏罚,3924748,393,A168_HF9F_20260827_0900,2026-08-27 09:00:00
2026-05-15,119477974,1306,0,6.7219829850,6.3858838357,6.3858838357,1.0000000,2,2,0.50665070000000000,0.506650700000,1.3955260008387969,1.3955260008387969,1.3955260008387969,0E-17,ELIGIBLE,R03b_20260811_FULL_v1,L1_ELIGIBILITY,v2026-08-11,2026-03-21..2026-08-06,baccarat_bet02_101_all_pairs_incl_sentinel,round_win = game_pnl > 0 (decisive only),COMPATIBILITY_ONLY_NOT_PRODUCTION,975.1842,929.8438,-61.8611,78,78,0.06343529,0.14068838,-0.73910006,0.06343529,61.8611,975.1842,OK,0.0000,-2.4744,4.0000,96.0000,AG03-UNRESOLVED,ALL5_LEVELS_bet23_to_bet27,-2.4744,-2.4744,-2.4744,-3.7117,-3.7117,4.000000,4.000000,4.000000,6.000000,6.000000,96.000000,96.000000,96.000000,94.000000,94.000000,5.0,-14.8467,-13.501,-47.0144,-48.3601,PENDING_AG03,FALSE,NOT_FOR_ENFORCEMENT,-59.3866,892.6500,-61.8611,-59.3866,-2.4744,-0.06343529,-0.06089787,-2.4744,-59.3866,-0.06089787,-2.4744,-2.4744,-2.4744,-3.7117,-3.7117,-59.3866,-0.06089787,-14.8467,-13.501,-47.0144,-48.3601,-0.04821082,-0.04959071,-0.00253741,12.5024,11.9211,-0.7931,-2.8119,-1.4059,44.3266,3.5455,13.4781,7.1358,3.2702,6.7449,16.3512,32.3439,43.4683,75.7607,5.4868,0.0,6.444635,11.23233,1.853608,19,31,9,2,0.91219128,-0.06343529,-0.14068838,0E-8,0.000000,0.953506,0.000000,0.87978844,2026-04-27,2026-08-06,22,44,41,102,0.215686,1.888798,1.078044,3.040638,,,,,,,,GLOBAL_BASELINE_NO_ENTITY_RANKING,,,NOT_APPLICABLE_GLOBAL_BASELINE,HF9g-P5,,,,X 全窗基线 · 不参与实体赏罚,3924749,393,A168_HF9F_20260827_0900,2026-08-27 09:00:00
2026-05-15,119477974,2233,0,8.6125406995,-8.6125406995,-8.6125406995,0E-7,1,1,0.50665070000000000,0.506650700000,-1.013391052207602,-1.013391052207602,-1.013391052207602,0E-17,ELIGIBLE,R03b_20260811_FULL_v1,L1_ELIGIBILITY,v2026-08-11,2026-03-21..2026-08-06,baccarat_bet02_101_all_pairs_incl_sentinel,round_win = game_pnl > 0 (decisive only),COMPATIBILITY_ONLY_NOT_PRODUCTION,975.1842,929.8438,-61.8611,78,78,0.06343529,0.14068838,-0.73910006,0.06343529,61.8611,975.1842,OK,0.0000,-2.4744,4.0000,96.0000,AG03-UNRESOLVED,ALL5_LEVELS_bet23_to_bet27,-2.4744,-2.4744,-2.4744,-3.7117,-3.7117,4.000000,4.000000,4.000000,6.000000,6.000000,96.000000,96.000000,96.000000,94.000000,94.000000,5.0,-14.8467,-13.501,-47.0144,-48.3601,PENDING_AG03,FALSE,NOT_FOR_ENFORCEMENT,-59.3866,892.6500,-61.8611,-59.3866,-2.4744,-0.06343529,-0.06089787,-2.4744,-59.3866,-0.06089787,-2.4744,-2.4744,-2.4744,-3.7117,-3.7117,-59.3866,-0.06089787,-14.8467,-13.501,-47.0144,-48.3601,-0.04821082,-0.04959071,-0.00253741,12.5024,11.9211,-0.7931,-2.8119,-1.4059,44.3266,3.5455,13.4781,7.1358,3.2702,6.7449,16.3512,32.3439,43.4683,75.7607,5.4868,0.0,6.444635,11.23233,1.853608,19,31,9,2,0.91219128,-0.06343529,-0.14068838,0E-8,0.000000,0.953506,0.000000,0.87978844,2026-04-27,2026-08-06,22,44,41,102,0.215686,1.888798,1.078044,3.040638,,,,,,,,GLOBAL_BASELINE_NO_ENTITY_RANKING,,,NOT_APPLICABLE_GLOBAL_BASELINE,HF9g-P5,,,,X 全窗基线 · 不参与实体赏罚,3924750,393,A168_HF9F_20260827_0900,2026-08-27 09:00:00
2026-05-18,119477974,1710,0,2.3106816511,-2.3106816511,-2.3106816511,0E-7,1,1,0.50665070000000000,0.506650700000,-1.013391052207602,-1.013391052207602,-1.013391052207602,0E-17,ELIGIBLE,R03b_20260811_FULL_v1,L1_ELIGIBILITY,v2026-08-11,2026-03-21..2026-08-06,baccarat_bet02_101_all_pairs_incl_sentinel,round_win = game_pnl > 0 (decisive only),COMPATIBILITY_ONLY_NOT_PRODUCTION,975.1842,929.8438,-61.8611,78,78,0.06343529,0.14068838,-0.73910006,0.06343529,61.8611,975.1842,OK,0.0000,-2.4744,4.0000,96.0000,AG03-UNRESOLVED,ALL5_LEVELS_bet23_to_bet27,-2.4744,-2.4744,-2.4744,-3.7117,-3.7117,4.000000,4.000000,4.000000,6.000000,6.000000,96.000000,96.000000,96.000000,94.000000,94.000000,5.0,-14.8467,-13.501,-47.0144,-48.3601,PENDING_AG03,FALSE,NOT_FOR_ENFORCEMENT,-59.3866,892.6500,-61.8611,-59.3866,-2.4744,-0.06343529,-0.06089787,-2.4744,-59.3866,-0.06089787,-2.4744,-2.4744,-2.4744,-3.7117,-3.7117,-59.3866,-0.06089787,-14.8467,-13.501,-47.0144,-48.3601,-0.04821082,-0.04959071,-0.00253741,12.5024,11.9211,-0.7931,-2.8119,-1.4059,44.3266,3.5455,13.4781,7.1358,3.2702,6.7449,16.3512,32.3439,43.4683,75.7607,5.4868,0.0,6.444635,11.23233,1.853608,19,31,9,2,0.91219128,-0.06343529,-0.14068838,0E-8,0.000000,0.953506,0.000000,0.87978844,2026-04-27,2026-08-06,22,44,41,102,0.215686,1.888798,1.078044,3.040638,,,,,,,,GLOBAL_BASELINE_NO_ENTITY_RANKING,,,NOT_APPLICABLE_GLOBAL_BASELINE,HF9g-P5,,,,X 全窗基线 · 不参与实体赏罚,3924751,393,A168_HF9F_20260827_0900,2026-08-27 09:00:00
2026-05-19,119477974,1505,0,2.3106816511,-2.3106816511,-2.3106816511,0E-7,1,1,0.49324550000000000,0.493245500000,-0.9865810262130424,-0.9865810262130424,-0.9865810262130424,0E-17,ELIGIBLE,R03b_20260811_FULL_v1,L1_ELIGIBILITY,v2026-08-11,2026-03-21..2026-08-06,baccarat_bet02_101_all_pairs_incl_sentinel,round_win = game_pnl > 0 (decisive only),COMPATIBILITY_ONLY_NOT_PRODUCTION,975.1842,929.8438,-61.8611,78,78,0.06343529,0.14068838,-0.73910006,0.06343529,61.8611,975.1842,OK,0.0000,-2.4744,4.0000,96.0000,AG03-UNRESOLVED,ALL5_LEVELS_bet23_to_bet27,-2.4744,-2.4744,-2.4744,-3.7117,-3.7117,4.000000,4.000000,4.000000,6.000000,6.000000,96.000000,96.000000,96.000000,94.000000,94.000000,5.0,-14.8467,-13.501,-47.0144,-48.3601,PENDING_AG03,FALSE,NOT_FOR_ENFORCEMENT,-59.3866,892.6500,-61.8611,-59.3866,-2.4744,-0.06343529,-0.06089787,-2.4744,-59.3866,-0.06089787,-2.4744,-2.4744,-2.4744,-3.7117,-3.7117,-59.3866,-0.06089787,-14.8467,-13.501,-47.0144,-48.3601,-0.04821082,-0.04959071,-0.00253741,12.5024,11.9211,-0.7931,-2.8119,-1.4059,44.3266,3.5455,13.4781,7.1358,3.2702,6.7449,16.3512,32.3439,43.4683,75.7607,5.4868,0.0,6.444635,11.23233,1.853608,19,31,9,2,0.91219128,-0.06343529,-0.14068838,0E-8,0.000000,0.953506,0.000000,0.87978844,2026-04-27,2026-08-06,22,44,41,102,0.215686,1.888798,1.078044,3.040638,,,,,,,,GLOBAL_BASELINE_NO_ENTITY_RANKING,,,NOT_APPLICABLE_GLOBAL_BASELINE,HF9g-P5,,,,X 全窗基线 · 不参与实体赏罚,3924752,393,A168_HF9F_20260827_0900,2026-08-27 09:00:00
2026-06-03,119477974,1210,0,2.2848596888,-2.2848596888,-2.2848596888,0E-7,1,1,0.49324550000000000,0.493245500000,-0.9865810262130424,-0.9865810262130424,-0.9865810262130424,0E-17,ELIGIBLE,R03b_20260811_FULL_v1,L1_ELIGIBILITY,v2026-08-11,2026-03-21..2026-08-06,baccarat_bet02_101_all_pairs_incl_sentinel,round_win = game_pnl > 0 (decisive only),COMPATIBILITY_ONLY_NOT_PRODUCTION,975.1842,929.8438,-61.8611,78,78,0.06343529,0.14068838,-0.73910006,0.06343529,61.8611,975.1842,OK,0.0000,-2.4744,4.0000,96.0000,AG03-UNRESOLVED,ALL5_LEVELS_bet23_to_bet27,-2.4744,-2.4744,-2.4744,-3.7117,-3.7117,4.000000,4.000000,4.000000,6.000000,6.000000,96.000000,96.000000,96.000000,94.000000,94.000000,5.0,-14.8467,-13.501,-47.0144,-48.3601,PENDING_AG03,FALSE,NOT_FOR_ENFORCEMENT,-59.3866,892.6500,-61.8611,-59.3866,-2.4744,-0.06343529,-0.06089787,-2.4744,-59.3866,-0.06089787,-2.4744,-2.4744,-2.4744,-3.7117,-3.7117,-59.3866,-0.06089787,-14.8467,-13.501,-47.0144,-48.3601,-0.04821082,-0.04959071,-0.00253741,12.5024,11.9211,-0.7931,-2.8119,-1.4059,44.3266,3.5455,13.4781,7.1358,3.2702,6.7449,16.3512,32.3439,43.4683,75.7607,5.4868,0.0,6.444635,11.23233,1.853608,19,31,9,2,0.91219128,-0.06343529,-0.14068838,0E-8,0.000000,0.953506,0.000000,0.87978844,2026-04-27,2026-08-06,22,44,41,102,0.215686,1.888798,1.078044,3.040638,,,,,,,,GLOBAL_BASELINE_NO_ENTITY_RANKING,,,NOT_APPLICABLE_GLOBAL_BASELINE,HF9g-P5,,,,X 全窗基线 · 不参与实体赏罚,3924753,393,A168_HF9F_20260827_0900,2026-08-27 09:00:00
2026-06-03,119477974,2196,0,6.8545790665,-2.3991026733,-2.3991026733,0.5000000,2,2,0.49994810000000000,0.499948100000,0.00014679536856514622,0.00014679536856514622,0.00014679536856514622,0E-17,ELIGIBLE,R03b_20260811_FULL_v1,L1_ELIGIBILITY,v2026-08-11,2026-03-21..2026-08-06,baccarat_bet02_101_all_pairs_incl_sentinel,round_win = game_pnl > 0 (decisive only),COMPATIBILITY_ONLY_NOT_PRODUCTION,975.1842,929.8438,-61.8611,78,78,0.06343529,0.14068838,-0.73910006,0.06343529,61.8611,975.1842,OK,0.0000,-2.4744,4.0000,96.0000,AG03-UNRESOLVED,ALL5_LEVELS_bet23_to_bet27,-2.4744,-2.4744,-2.4744,-3.7117,-3.7117,4.000000,4.000000,4.000000,6.000000,6.000000,96.000000,96.000000,96.000000,94.000000,94.000000,5.0,-14.8467,-13.501,-47.0144,-48.3601,PENDING_AG03,FALSE,NOT_FOR_ENFORCEMENT,-59.3866,892.6500,-61.8611,-59.3866,-2.4744,-0.06343529,-0.06089787,-2.4744,-59.3866,-0.06089787,-2.4744,-2.4744,-2.4744,-3.7117,-3.7117,-59.3866,-0.06089787,-14.8467,-13.501,-47.0144,-48.3601,-0.04821082,-0.04959071,-0.00253741,12.5024,11.9211,-0.7931,-2.8119,-1.4059,44.3266,3.5455,13.4781,7.1358,3.2702,6.7449,16.3512,32.3439,43.4683,75.7607,5.4868,0.0,6.444635,11.23233,1.853608,19,31,9,2,0.91219128,-0.06343529,-0.14068838,0E-8,0.000000,0.953506,0.000000,0.87978844,2026-04-27,2026-08-06,22,44,41,102,0.215686,1.888798,1.078044,3.040638,,,,,,,,GLOBAL_BASELINE_NO_ENTITY_RANKING,,,NOT_APPLICABLE_GLOBAL_BASELINE,HF9g-P5,,,,X 全窗基线 · 不参与实体赏罚,3924754,393,A168_HF9F_20260827_0900,2026-08-27 09:00:00
2026-06-07,119477974,2088,0,9.5548677898,-4.7774338949,-4.7774338949,0E-7,2,2,0.49994810000000000,0.499948100000,-0.9998962053866608,-0.9998962053866608,-0.9998962053866608,0E-17,ELIGIBLE,R03b_20260811_FULL_v1,L1_ELIGIBILITY,v2026-08-11,2026-03-21..2026-08-06,baccarat_bet02_101_all_pairs_incl_sentinel,round_win = game_pnl > 0 (decisive only),COMPATIBILITY_ONLY_NOT_PRODUCTION,975.1842,929.8438,-61.8611,78,78,0.06343529,0.14068838,-0.73910006,0.06343529,61.8611,975.1842,OK,0.0000,-2.4744,4.0000,96.0000,AG03-UNRESOLVED,ALL5_LEVELS_bet23_to_bet27,-2.4744,-2.4744,-2.4744,-3.7117,-3.7117,4.000000,4.000000,4.000000,6.000000,6.000000,96.000000,96.000000,96.000000,94.000000,94.000000,5.0,-14.8467,-13.501,-47.0144,-48.3601,PENDING_AG03,FALSE,NOT_FOR_ENFORCEMENT,-59.3866,892.6500,-61.8611,-59.3866,-2.4744,-0.06343529,-0.06089787,-2.4744,-59.3866,-0.06089787,-2.4744,-2.4744,-2.4744,-3.7117,-3.7117,-59.3866,-0.06089787,-14.8467,-13.501,-47.0144,-48.3601,-0.04821082,-0.04959071,-0.00253741,12.5024,11.9211,-0.7931,-2.8119,-1.4059,44.3266,3.5455,13.4781,7.1358,3.2702,6.7449,16.3512,32.3439,43.4683,75.7607,5.4868,0.0,6.444635,11.23233,1.853608,19,31,9,2,0.91219128,-0.06343529,-0.14068838,0E-8,0.000000,0.953506,0.000000,0.87978844,2026-04-27,2026-08-06,22,44,41,102,0.215686,1.888798,1.078044,3.040638,,,,,,,,GLOBAL_BASELINE_NO_ENTITY_RANKING,,,NOT_APPLICABLE_GLOBAL_BASELINE,HF9g-P5,,,,X 全窗基线 · 不参与实体赏罚,3924755,393,A168_HF9F_20260827_0900,2026-08-27 09:00:00
2026-06-10,119477974,2147,0,2.2848596888,-2.2848596888,-2.2848596888,0E-7,1,1,0.50665070000000000,0.506650700000,-1.013391052207602,-1.013391052207602,-1.013391052207602,0E-17,ELIGIBLE,R03b_20260811_FULL_v1,L1_ELIGIBILITY,v2026-08-11,2026-03-21..2026-08-06,baccarat_bet02_101_all_pairs_incl_sentinel,round_win = game_pnl > 0 (decisive only),COMPATIBILITY_ONLY_NOT_PRODUCTION,975.1842,929.8438,-61.8611,78,78,0.06343529,0.14068838,-0.73910006,0.06343529,61.8611,975.1842,OK,0.0000,-2.4744,4.0000,96.0000,AG03-UNRESOLVED,ALL5_LEVELS_bet23_to_bet27,-2.4744,-2.4744,-2.4744,-3.7117,-3.7117,4.000000,4.000000,4.000000,6.000000,6.000000,96.000000,96.000000,96.000000,94.000000,94.000000,5.0,-14.8467,-13.501,-47.0144,-48.3601,PENDING_AG03,FALSE,NOT_FOR_ENFORCEMENT,-59.3866,892.6500,-61.8611,-59.3866,-2.4744,-0.06343529,-0.06089787,-2.4744,-59.3866,-0.06089787,-2.4744,-2.4744,-2.4744,-3.7117,-3.7117,-59.3866,-0.06089787,-14.8467,-13.501,-47.0144,-48.3601,-0.04821082,-0.04959071,-0.00253741,12.5024,11.9211,-0.7931,-2.8119,-1.4059,44.3266,3.5455,13.4781,7.1358,3.2702,6.7449,16.3512,32.3439,43.4683,75.7607,5.4868,0.0,6.444635,11.23233,1.853608,19,31,9,2,0.91219128,-0.06343529,-0.14068838,0E-8,0.000000,0.953506,0.000000,0.87978844,2026-04-27,2026-08-06,22,44,41,102,0.215686,1.888798,1.078044,3.040638,,,,,,,,GLOBAL_BASELINE_NO_ENTITY_RANKING,,,NOT_APPLICABLE_GLOBAL_BASELINE,HF9g-P5,,,,X 全窗基线 · 不参与实体赏罚,3924756,393,A168_HF9F_20260827_0900,2026-08-27 09:00:00
2026-07-14,119477974,1210,0,204.7990843315,53.4276253934,53.4276253934,0.6250000,10,10,0.49860758000000000,0.498607580000,0.7149862706646061,0.7149862706646061,0.7149862706646061,0E-17,ELIGIBLE,R03b_20260811_FULL_v1,L1_ELIGIBILITY,v2026-08-11,2026-03-21..2026-08-06,baccarat_bet02_101_all_pairs_incl_sentinel,round_win = game_pnl > 0 (decisive only),COMPATIBILITY_ONLY_NOT_PRODUCTION,975.1842,929.8438,-61.8611,78,78,0.06343529,0.14068838,-0.73910006,0.06343529,61.8611,975.1842,OK,0.0000,-2.4744,4.0000,96.0000,AG03-UNRESOLVED,ALL5_LEVELS_bet23_to_bet27,-2.4744,-2.4744,-2.4744,-3.7117,-3.7117,4.000000,4.000000,4.000000,6.000000,6.000000,96.000000,96.000000,96.000000,94.000000,94.000000,5.0,-14.8467,-13.501,-47.0144,-48.3601,PENDING_AG03,FALSE,NOT_FOR_ENFORCEMENT,-59.3866,892.6500,-61.8611,-59.3866,-2.4744,-0.06343529,-0.06089787,-2.4744,-59.3866,-0.06089787,-2.4744,-2.4744,-2.4744,-3.7117,-3.7117,-59.3866,-0.06089787,-14.8467,-13.501,-47.0144,-48.3601,-0.04821082,-0.04959071,-0.00253741,12.5024,11.9211,-0.7931,-2.8119,-1.4059,44.3266,3.5455,13.4781,7.1358,3.2702,6.7449,16.3512,32.3439,43.4683,75.7607,5.4868,0.0,6.444635,11.23233,1.853608,19,31,9,2,0.91219128,-0.06343529,-0.14068838,0E-8,0.000000,0.953506,0.000000,0.87978844,2026-04-27,2026-08-06,22,44,41,102,0.215686,1.888798,1.078044,3.040638,,,,,,,,GLOBAL_BASELINE_NO_ENTITY_RANKING,,,NOT_APPLICABLE_GLOBAL_BASELINE,HF9g-P5,,,,X 全窗基线 · 不参与实体赏罚,3924757,393,A168_HF9F_20260827_0900,2026-08-27 09:00:00
2026-07-14,119477974,1994,0,24.9356170543,24.9356170543,24.9356170543,1.0000000,1,1,0.49324550000000000,0.493245500000,1.01360149184955,1.01360149184955,1.01360149184955,0E-17,ELIGIBLE,R03b_20260811_FULL_v1,L1_ELIGIBILITY,v2026-08-11,2026-03-21..2026-08-06,baccarat_bet02_101_all_pairs_incl_sentinel,round_win = game_pnl > 0 (decisive only),COMPATIBILITY_ONLY_NOT_PRODUCTION,975.1842,929.8438,-61.8611,78,78,0.06343529,0.14068838,-0.73910006,0.06343529,61.8611,975.1842,OK,0.0000,-2.4744,4.0000,96.0000,AG03-UNRESOLVED,ALL5_LEVELS_bet23_to_bet27,-2.4744,-2.4744,-2.4744,-3.7117,-3.7117,4.000000,4.000000,4.000000,6.000000,6.000000,96.000000,96.000000,96.000000,94.000000,94.000000,5.0,-14.8467,-13.501,-47.0144,-48.3601,PENDING_AG03,FALSE,NOT_FOR_ENFORCEMENT,-59.3866,892.6500,-61.8611,-59.3866,-2.4744,-0.06343529,-0.06089787,-2.4744,-59.3866,-0.06089787,-2.4744,-2.4744,-2.4744,-3.7117,-3.7117,-59.3866,-0.06089787,-14.8467,-13.501,-47.0144,-48.3601,-0.04821082,-0.04959071,-0.00253741,12.5024,11.9211,-0.7931,-2.8119,-1.4059,44.3266,3.5455,13.4781,7.1358,3.2702,6.7449,16.3512,32.3439,43.4683,75.7607,5.4868,0.0,6.444635,11.23233,1.853608,19,31,9,2,0.91219128,-0.06343529,-0.14068838,0E-8,0.000000,0.953506,0.000000,0.87978844,2026-04-27,2026-08-06,22,44,41,102,0.215686,1.888798,1.078044,3.040638,,,,,,,,GLOBAL_BASELINE_NO_ENTITY_RANKING,,,NOT_APPLICABLE_GLOBAL_BASELINE,HF9g-P5,,,,X 全窗基线 · 不参与实体赏罚,3924758,393,A168_HF9F_20260827_0900,2026-08-27 09:00:00
2026-07-14,119477974,986,0,3.2702448596,-3.2702448596,-3.2702448596,0E-7,1,1,0.50665070000000000,0.506650700000,-1.013391052207602,-1.013391052207602,-1.013391052207602,0E-17,ELIGIBLE,R03b_20260811_FULL_v1,L1_ELIGIBILITY,v2026-08-11,2026-03-21..2026-08-06,baccarat_bet02_101_all_pairs_incl_sentinel,round_win = game_pnl > 0 (decisive only),COMPATIBILITY_ONLY_NOT_PRODUCTION,975.1842,929.8438,-61.8611,78,78,0.06343529,0.14068838,-0.73910006,0.06343529,61.8611,975.1842,OK,0.0000,-2.4744,4.0000,96.0000,AG03-UNRESOLVED,ALL5_LEVELS_bet23_to_bet27,-2.4744,-2.4744,-2.4744,-3.7117,-3.7117,4.000000,4.000000,4.000000,6.000000,6.000000,96.000000,96.000000,96.000000,94.000000,94.000000,5.0,-14.8467,-13.501,-47.0144,-48.3601,PENDING_AG03,FALSE,NOT_FOR_ENFORCEMENT,-59.3866,892.6500,-61.8611,-59.3866,-2.4744,-0.06343529,-0.06089787,-2.4744,-59.3866,-0.06089787,-2.4744,-2.4744,-2.4744,-3.7117,-3.7117,-59.3866,-0.06089787,-14.8467,-13.501,-47.0144,-48.3601,-0.04821082,-0.04959071,-0.00253741,12.5024,11.9211,-0.7931,-2.8119,-1.4059,44.3266,3.5455,13.4781,7.1358,3.2702,6.7449,16.3512,32.3439,43.4683,75.7607,5.4868,0.0,6.444635,11.23233,1.853608,19,31,9,2,0.91219128,-0.06343529,-0.14068838,0E-8,0.000000,0.953506,0.000000,0.87978844,2026-04-27,2026-08-06,22,44,41,102,0.215686,1.888798,1.078044,3.040638,,,,,,,,GLOBAL_BASELINE_NO_ENTITY_RANKING,,,NOT_APPLICABLE_GLOBAL_BASELINE,HF9g-P5,,,,X 全窗基线 · 不参与实体赏罚,3924759,393,A168_HF9F_20260827_0900,2026-08-27 09:00:00
2026-07-17,119477974,462,0,2.6570739484,-2.6570739484,-2.6570739484,0E-7,1,1,0.50665070000000000,0.506650700000,-1.013391052207602,-1.013391052207602,-1.013391052207602,0E-17,ELIGIBLE,R03b_20260811_FULL_v1,L1_ELIGIBILITY,v2026-08-11,2026-03-21..2026-08-06,baccarat_bet02_101_all_pairs_incl_sentinel,round_win = game_pnl > 0 (decisive only),COMPATIBILITY_ONLY_NOT_PRODUCTION,975.1842,929.8438,-61.8611,78,78,0.06343529,0.14068838,-0.73910006,0.06343529,61.8611,975.1842,OK,0.0000,-2.4744,4.0000,96.0000,AG03-UNRESOLVED,ALL5_LEVELS_bet23_to_bet27,-2.4744,-2.4744,-2.4744,-3.7117,-3.7117,4.000000,4.000000,4.000000,6.000000,6.000000,96.000000,96.000000,96.000000,94.000000,94.000000,5.0,-14.8467,-13.501,-47.0144,-48.3601,PENDING_AG03,FALSE,NOT_FOR_ENFORCEMENT,-59.3866,892.6500,-61.8611,-59.3866,-2.4744,-0.06343529,-0.06089787,-2.4744,-59.3866,-0.06089787,-2.4744,-2.4744,-2.4744,-3.7117,-3.7117,-59.3866,-0.06089787,-14.8467,-13.501,-47.0144,-48.3601,-0.04821082,-0.04959071,-0.00253741,12.5024,11.9211,-0.7931,-2.8119,-1.4059,44.3266,3.5455,13.4781,7.1358,3.2702,6.7449,16.3512,32.3439,43.4683,75.7607,5.4868,0.0,6.444635,11.23233,1.853608,19,31,9,2,0.91219128,-0.06343529,-0.14068838,0E-8,0.000000,0.953506,0.000000,0.87978844,2026-04-27,2026-08-06,22,44,41,102,0.215686,1.888798,1.078044,3.040638,,,,,,,,GLOBAL_BASELINE_NO_ENTITY_RANKING,,,NOT_APPLICABLE_GLOBAL_BASELINE,HF9g-P5,,,,X 全窗基线 · 不参与实体赏罚,3924760,393,A168_HF9F_20260827_0900,2026-08-27 09:00:00
2026-07-18,119477974,1307,0,6.7448800229,-6.7448800229,-6.7448800229,0E-7,1,1,0.49324550000000000,0.493245500000,-0.9865810262130424,-0.9865810262130424,-0.9865810262130424,0E-17,ELIGIBLE,R03b_20260811_FULL_v1,L1_ELIGIBILITY,v2026-08-11,2026-03-21..2026-08-06,baccarat_bet02_101_all_pairs_incl_sentinel,round_win = game_pnl > 0 (decisive only),COMPATIBILITY_ONLY_NOT_PRODUCTION,975.1842,929.8438,-61.8611,78,78,0.06343529,0.14068838,-0.73910006,0.06343529,61.8611,975.1842,OK,0.0000,-2.4744,4.0000,96.0000,AG03-UNRESOLVED,ALL5_LEVELS_bet23_to_bet27,-2.4744,-2.4744,-2.4744,-3.7117,-3.7117,4.000000,4.000000,4.000000,6.000000,6.000000,96.000000,96.000000,96.000000,94.000000,94.000000,5.0,-14.8467,-13.501,-47.0144,-48.3601,PENDING_AG03,FALSE,NOT_FOR_ENFORCEMENT,-59.3866,892.6500,-61.8611,-59.3866,-2.4744,-0.06343529,-0.06089787,-2.4744,-59.3866,-0.06089787,-2.4744,-2.4744,-2.4744,-3.7117,-3.7117,-59.3866,-0.06089787,-14.8467,-13.501,-47.0144,-48.3601,-0.04821082,-0.04959071,-0.00253741,12.5024,11.9211,-0.7931,-2.8119,-1.4059,44.3266,3.5455,13.4781,7.1358,3.2702,6.7449,16.3512,32.3439,43.4683,75.7607,5.4868,0.0,6.444635,11.23233,1.853608,19,31,9,2,0.91219128,-0.06343529,-0.14068838,0E-8,0.000000,0.953506,0.000000,0.87978844,2026-04-27,2026-08-06,22,44,41,102,0.215686,1.888798,1.078044,3.040638,,,,,,,,GLOBAL_BASELINE_NO_ENTITY_RANKING,,,NOT_APPLICABLE_GLOBAL_BASELINE,HF9g-P5,,,,X 全窗基线 · 不参与实体赏罚,3924761,393,A168_HF9F_20260827_0900,2026-08-27 09:00:00
2026-07-19,119477974,1941,0,86.0483178678,-12.4882475575,-12.4882475575,0.5000000,4,4,0.49994810000000000,0.499948100000,0.00020760000111838688,0.00020760000111838688,0.00020760000111838688,0E-17,ELIGIBLE,R03b_20260811_FULL_v1,L1_ELIGIBILITY,v2026-08-11,2026-03-21..2026-08-06,baccarat_bet02_101_all_pairs_incl_sentinel,round_win = game_pnl > 0 (decisive only),COMPATIBILITY_ONLY_NOT_PRODUCTION,975.1842,929.8438,-61.8611,78,78,0.06343529,0.14068838,-0.73910006,0.06343529,61.8611,975.1842,OK,0.0000,-2.4744,4.0000,96.0000,AG03-UNRESOLVED,ALL5_LEVELS_bet23_to_bet27,-2.4744,-2.4744,-2.4744,-3.7117,-3.7117,4.000000,4.000000,4.000000,6.000000,6.000000,96.000000,96.000000,96.000000,94.000000,94.000000,5.0,-14.8467,-13.501,-47.0144,-48.3601,PENDING_AG03,FALSE,NOT_FOR_ENFORCEMENT,-59.3866,892.6500,-61.8611,-59.3866,-2.4744,-0.06343529,-0.06089787,-2.4744,-59.3866,-0.06089787,-2.4744,-2.4744,-2.4744,-3.7117,-3.7117,-59.3866,-0.06089787,-14.8467,-13.501,-47.0144,-48.3601,-0.04821082,-0.04959071,-0.00253741,12.5024,11.9211,-0.7931,-2.8119,-1.4059,44.3266,3.5455,13.4781,7.1358,3.2702,6.7449,16.3512,32.3439,43.4683,75.7607,5.4868,0.0,6.444635,11.23233,1.853608,19,31,9,2,0.91219128,-0.06343529,-0.14068838,0E-8,0.000000,0.953506,0.000000,0.87978844,2026-04-27,2026-08-06,22,44,41,102,0.215686,1.888798,1.078044,3.040638,,,,,,,,GLOBAL_BASELINE_NO_ENTITY_RANKING,,,NOT_APPLICABLE_GLOBAL_BASELINE,HF9g-P5,,,,X 全窗基线 · 不参与实体赏罚,3924762,393,A168_HF9F_20260827_0900,2026-08-27 09:00:00
2026-07-20,119477974,2223,0,41.6956219597,41.6956219597,41.6956219597,1.0000000,1,1,0.49324550000000000,0.493245500000,1.01360149184955,1.01360149184955,1.01360149184955,0E-17,ELIGIBLE,R03b_20260811_FULL_v1,L1_ELIGIBILITY,v2026-08-11,2026-03-21..2026-08-06,baccarat_bet02_101_all_pairs_incl_sentinel,round_win = game_pnl > 0 (decisive only),COMPATIBILITY_ONLY_NOT_PRODUCTION,975.1842,929.8438,-61.8611,78,78,0.06343529,0.14068838,-0.73910006,0.06343529,61.8611,975.1842,OK,0.0000,-2.4744,4.0000,96.0000,AG03-UNRESOLVED,ALL5_LEVELS_bet23_to_bet27,-2.4744,-2.4744,-2.4744,-3.7117,-3.7117,4.000000,4.000000,4.000000,6.000000,6.000000,96.000000,96.000000,96.000000,94.000000,94.000000,5.0,-14.8467,-13.501,-47.0144,-48.3601,PENDING_AG03,FALSE,NOT_FOR_ENFORCEMENT,-59.3866,892.6500,-61.8611,-59.3866,-2.4744,-0.06343529,-0.06089787,-2.4744,-59.3866,-0.06089787,-2.4744,-2.4744,-2.4744,-3.7117,-3.7117,-59.3866,-0.06089787,-14.8467,-13.501,-47.0144,-48.3601,-0.04821082,-0.04959071,-0.00253741,12.5024,11.9211,-0.7931,-2.8119,-1.4059,44.3266,3.5455,13.4781,7.1358,3.2702,6.7449,16.3512,32.3439,43.4683,75.7607,5.4868,0.0,6.444635,11.23233,1.853608,19,31,9,2,0.91219128,-0.06343529,-0.14068838,0E-8,0.000000,0.953506,0.000000,0.87978844,2026-04-27,2026-08-06,22,44,41,102,0.215686,1.888798,1.078044,3.040638,,,,,,,,GLOBAL_BASELINE_NO_ENTITY_RANKING,,,NOT_APPLICABLE_GLOBAL_BASELINE,HF9g-P5,,,,X 全窗基线 · 不参与实体赏罚,3924763,393,A168_HF9F_20260827_0900,2026-08-27 09:00:00
2026-07-21,119477974,-1,1,21.2565915873,-7.3069533582,-7.3069533582,0.5000000,2,2,0.49994810000000000,0.499948100000,0.00014679536856514622,0.00014679536856514622,0.00014679536856514622,0E-17,SENTINEL_DEALER,R03b_20260811_FULL_v1,L1_ELIGIBILITY,v2026-08-11,2026-03-21..2026-08-06,baccarat_bet02_101_all_pairs_incl_sentinel,round_win = game_pnl > 0 (decisive only),COMPATIBILITY_ONLY_NOT_PRODUCTION,975.1842,929.8438,-61.8611,78,78,0.06343529,0.14068838,-0.73910006,0.06343529,61.8611,975.1842,OK,0.0000,-2.4744,4.0000,96.0000,AG03-UNRESOLVED,ALL5_LEVELS_bet23_to_bet27,-2.4744,-2.4744,-2.4744,-3.7117,-3.7117,4.000000,4.000000,4.000000,6.000000,6.000000,96.000000,96.000000,96.000000,94.000000,94.000000,5.0,-14.8467,-13.501,-47.0144,-48.3601,PENDING_AG03,FALSE,NOT_FOR_ENFORCEMENT,-59.3866,892.6500,-61.8611,-59.3866,-2.4744,-0.06343529,-0.06089787,-2.4744,-59.3866,-0.06089787,-2.4744,-2.4744,-2.4744,-3.7117,-3.7117,-59.3866,-0.06089787,-14.8467,-13.501,-47.0144,-48.3601,-0.04821082,-0.04959071,-0.00253741,12.5024,11.9211,-0.7931,-2.8119,-1.4059,44.3266,3.5455,13.4781,7.1358,3.2702,6.7449,16.3512,32.3439,43.4683,75.7607,5.4868,0.0,6.444635,11.23233,1.853608,19,31,9,2,0.91219128,-0.06343529,-0.14068838,0E-8,0.000000,0.953506,0.000000,0.87978844,2026-04-27,2026-08-06,22,44,41,102,0.215686,1.888798,1.078044,3.040638,,,,,,,,GLOBAL_BASELINE_NO_ENTITY_RANKING,,,NOT_APPLICABLE_GLOBAL_BASELINE,HF9g-P5,,,,X 全窗基线 · 不参与实体赏罚,3924764,393,A168_HF9F_20260827_0900,2026-08-27 09:00:00
2026-07-22,119477974,-1,1,53.3458692720,-13.6634918040,-13.6634918040,0.5000000,6,6,0.50218230000000000,0.502182300000,-0.01069114476356389,-0.01069114476356389,-0.01069114476356389,0E-17,SENTINEL_DEALER,R03b_20260811_FULL_v1,L1_ELIGIBILITY,v2026-08-11,2026-03-21..2026-08-06,baccarat_bet02_101_all_pairs_incl_sentinel,round_win = game_pnl > 0 (decisive only),COMPATIBILITY_ONLY_NOT_PRODUCTION,975.1842,929.8438,-61.8611,78,78,0.06343529,0.14068838,-0.73910006,0.06343529,61.8611,975.1842,OK,0.0000,-2.4744,4.0000,96.0000,AG03-UNRESOLVED,ALL5_LEVELS_bet23_to_bet27,-2.4744,-2.4744,-2.4744,-3.7117,-3.7117,4.000000,4.000000,4.000000,6.000000,6.000000,96.000000,96.000000,96.000000,94.000000,94.000000,5.0,-14.8467,-13.501,-47.0144,-48.3601,PENDING_AG03,FALSE,NOT_FOR_ENFORCEMENT,-59.3866,892.6500,-61.8611,-59.3866,-2.4744,-0.06343529,-0.06089787,-2.4744,-59.3866,-0.06089787,-2.4744,-2.4744,-2.4744,-3.7117,-3.7117,-59.3866,-0.06089787,-14.8467,-13.501,-47.0144,-48.3601,-0.04821082,-0.04959071,-0.00253741,12.5024,11.9211,-0.7931,-2.8119,-1.4059,44.3266,3.5455,13.4781,7.1358,3.2702,6.7449,16.3512,32.3439,43.4683,75.7607,5.4868,0.0,6.444635,11.23233,1.853608,19,31,9,2,0.91219128,-0.06343529,-0.14068838,0E-8,0.000000,0.953506,0.000000,0.87978844,2026-04-27,2026-08-06,22,44,41,102,0.215686,1.888798,1.078044,3.040638,,,,,,,,GLOBAL_BASELINE_NO_ENTITY_RANKING,,,NOT_APPLICABLE_GLOBAL_BASELINE,HF9g-P5,,,,X 全窗基线 · 不参与实体赏罚,3924765,393,A168_HF9F_20260827_0900,2026-08-27 09:00:00
2026-07-23,119477974,-1,1,8.5843927564,-2.8614642522,-2.8614642522,0.5000000,2,2,0.49994810000000000,0.499948100000,0.00014679536856514622,0.00014679536856514622,0.00014679536856514622,0E-17,SENTINEL_DEALER,R03b_20260811_FULL_v1,L1_ELIGIBILITY,v2026-08-11,2026-03-21..2026-08-06,baccarat_bet02_101_all_pairs_incl_sentinel,round_win = game_pnl > 0 (decisive only),COMPATIBILITY_ONLY_NOT_PRODUCTION,975.1842,929.8438,-61.8611,78,78,0.06343529,0.14068838,-0.73910006,0.06343529,61.8611,975.1842,OK,0.0000,-2.4744,4.0000,96.0000,AG03-UNRESOLVED,ALL5_LEVELS_bet23_to_bet27,-2.4744,-2.4744,-2.4744,-3.7117,-3.7117,4.000000,4.000000,4.000000,6.000000,6.000000,96.000000,96.000000,96.000000,94.000000,94.000000,5.0,-14.8467,-13.501,-47.0144,-48.3601,PENDING_AG03,FALSE,NOT_FOR_ENFORCEMENT,-59.3866,892.6500,-61.8611,-59.3866,-2.4744,-0.06343529,-0.06089787,-2.4744,-59.3866,-0.06089787,-2.4744,-2.4744,-2.4744,-3.7117,-3.7117,-59.3866,-0.06089787,-14.8467,-13.501,-47.0144,-48.3601,-0.04821082,-0.04959071,-0.00253741,12.5024,11.9211,-0.7931,-2.8119,-1.4059,44.3266,3.5455,13.4781,7.1358,3.2702,6.7449,16.3512,32.3439,43.4683,75.7607,5.4868,0.0,6.444635,11.23233,1.853608,19,31,9,2,0.91219128,-0.06343529,-0.14068838,0E-8,0.000000,0.953506,0.000000,0.87978844,2026-04-27,2026-08-06,22,44,41,102,0.215686,1.888798,1.078044,3.040638,,,,,,,,GLOBAL_BASELINE_NO_ENTITY_RANKING,,,NOT_APPLICABLE_GLOBAL_BASELINE,HF9g-P5,,,,X 全窗基线 · 不参与实体赏罚,3924766,393,A168_HF9F_20260827_0900,2026-08-27 09:00:00
2026-07-24,119477974,2141,0,8.9931733639,-8.9931733639,-8.9931733639,0E-7,1,1,0.50665070000000000,0.506650700000,-1.013391052207602,-1.013391052207602,-1.013391052207602,0E-17,ELIGIBLE,R03b_20260811_FULL_v1,L1_ELIGIBILITY,v2026-08-11,2026-03-21..2026-08-06,baccarat_bet02_101_all_pairs_incl_sentinel,round_win = game_pnl > 0 (decisive only),COMPATIBILITY_ONLY_NOT_PRODUCTION,975.1842,929.8438,-61.8611,78,78,0.06343529,0.14068838,-0.73910006,0.06343529,61.8611,975.1842,OK,0.0000,-2.4744,4.0000,96.0000,AG03-UNRESOLVED,ALL5_LEVELS_bet23_to_bet27,-2.4744,-2.4744,-2.4744,-3.7117,-3.7117,4.000000,4.000000,4.000000,6.000000,6.000000,96.000000,96.000000,96.000000,94.000000,94.000000,5.0,-14.8467,-13.501,-47.0144,-48.3601,PENDING_AG03,FALSE,NOT_FOR_ENFORCEMENT,-59.3866,892.6500,-61.8611,-59.3866,-2.4744,-0.06343529,-0.06089787,-2.4744,-59.3866,-0.06089787,-2.4744,-2.4744,-2.4744,-3.7117,-3.7117,-59.3866,-0.06089787,-14.8467,-13.501,-47.0144,-48.3601,-0.04821082,-0.04959071,-0.00253741,12.5024,11.9211,-0.7931,-2.8119,-1.4059,44.3266,3.5455,13.4781,7.1358,3.2702,6.7449,16.3512,32.3439,43.4683,75.7607,5.4868,0.0,6.444635,11.23233,1.853608,19,31,9,2,0.91219128,-0.06343529,-0.14068838,0E-8,0.000000,0.953506,0.000000,0.87978844,2026-04-27,2026-08-06,22,44,41,102,0.215686,1.888798,1.078044,3.040638,,,,,,,,GLOBAL_BASELINE_NO_ENTITY_RANKING,,,NOT_APPLICABLE_GLOBAL_BASELINE,HF9g-P5,,,,X 全窗基线 · 不参与实体赏罚,3924767,393,A168_HF9F_20260827_0900,2026-08-27 09:00:00
2026-07-29,119477974,-1,1,13.2853697420,-4.5170257123,-4.5170257123,0.5000000,2,2,0.49994810000000000,0.499948100000,0.00014679536856514622,0.00014679536856514622,0.00014679536856514622,0E-17,SENTINEL_DEALER,R03b_20260811_FULL_v1,L1_ELIGIBILITY,v2026-08-11,2026-03-21..2026-08-06,baccarat_bet02_101_all_pairs_incl_sentinel,round_win = game_pnl > 0 (decisive only),COMPATIBILITY_ONLY_NOT_PRODUCTION,975.1842,929.8438,-61.8611,78,78,0.06343529,0.14068838,-0.73910006,0.06343529,61.8611,975.1842,OK,0.0000,-2.4744,4.0000,96.0000,AG03-UNRESOLVED,ALL5_LEVELS_bet23_to_bet27,-2.4744,-2.4744,-2.4744,-3.7117,-3.7117,4.000000,4.000000,4.000000,6.000000,6.000000,96.000000,96.000000,96.000000,94.000000,94.000000,5.0,-14.8467,-13.501,-47.0144,-48.3601,PENDING_AG03,FALSE,NOT_FOR_ENFORCEMENT,-59.3866,892.6500,-61.8611,-59.3866,-2.4744,-0.06343529,-0.06089787,-2.4744,-59.3866,-0.06089787,-2.4744,-2.4744,-2.4744,-3.7117,-3.7117,-59.3866,-0.06089787,-14.8467,-13.501,-47.0144,-48.3601,-0.04821082,-0.04959071,-0.00253741,12.5024,11.9211,-0.7931,-2.8119,-1.4059,44.3266,3.5455,13.4781,7.1358,3.2702,6.7449,16.3512,32.3439,43.4683,75.7607,5.4868,0.0,6.444635,11.23233,1.853608,19,31,9,2,0.91219128,-0.06343529,-0.14068838,0E-8,0.000000,0.953506,0.000000,0.87978844,2026-04-27,2026-08-06,22,44,41,102,0.215686,1.888798,1.078044,3.040638,,,,,,,,GLOBAL_BASELINE_NO_ENTITY_RANKING,,,NOT_APPLICABLE_GLOBAL_BASELINE,HF9g-P5,,,,X 全窗基线 · 不参与实体赏罚,3924768,393,A168_HF9F_20260827_0900,2026-08-27 09:00:00
2026-07-29,119477974,1307,0,4.0878060744,-2.0439030372,-2.0439030372,0E-7,2,2,0.50665070000000000,0.506650700000,-1.013391052207602,-1.013391052207602,-1.013391052207602,0E-17,ELIGIBLE,R03b_20260811_FULL_v1,L1_ELIGIBILITY,v2026-08-11,2026-03-21..2026-08-06,baccarat_bet02_101_all_pairs_incl_sentinel,round_win = game_pnl > 0 (decisive only),COMPATIBILITY_ONLY_NOT_PRODUCTION,975.1842,929.8438,-61.8611,78,78,0.06343529,0.14068838,-0.73910006,0.06343529,61.8611,975.1842,OK,0.0000,-2.4744,4.0000,96.0000,AG03-UNRESOLVED,ALL5_LEVELS_bet23_to_bet27,-2.4744,-2.4744,-2.4744,-3.7117,-3.7117,4.000000,4.000000,4.000000,6.000000,6.000000,96.000000,96.000000,96.000000,94.000000,94.000000,5.0,-14.8467,-13.501,-47.0144,-48.3601,PENDING_AG03,FALSE,NOT_FOR_ENFORCEMENT,-59.3866,892.6500,-61.8611,-59.3866,-2.4744,-0.06343529,-0.06089787,-2.4744,-59.3866,-0.06089787,-2.4744,-2.4744,-2.4744,-3.7117,-3.7117,-59.3866,-0.06089787,-14.8467,-13.501,-47.0144,-48.3601,-0.04821082,-0.04959071,-0.00253741,12.5024,11.9211,-0.7931,-2.8119,-1.4059,44.3266,3.5455,13.4781,7.1358,3.2702,6.7449,16.3512,32.3439,43.4683,75.7607,5.4868,0.0,6.444635,11.23233,1.853608,19,31,9,2,0.91219128,-0.06343529,-0.14068838,0E-8,0.000000,0.953506,0.000000,0.87978844,2026-04-27,2026-08-06,22,44,41,102,0.215686,1.888798,1.078044,3.040638,,,,,,,,GLOBAL_BASELINE_NO_ENTITY_RANKING,,,NOT_APPLICABLE_GLOBAL_BASELINE,HF9g-P5,,,,X 全窗基线 · 不参与实体赏罚,3924769,393,A168_HF9F_20260827_0900,2026-08-27 09:00:00
2026-07-29,119477974,1330,0,6.5404897192,-2.1563177043,-2.1563177043,0.5000000,2,2,0.49994810000000000,0.499948100000,0.00014679536856514622,0.00014679536856514622,0.00014679536856514622,0E-17,ELIGIBLE,R03b_20260811_FULL_v1,L1_ELIGIBILITY,v2026-08-11,2026-03-21..2026-08-06,baccarat_bet02_101_all_pairs_incl_sentinel,round_win = game_pnl > 0 (decisive only),COMPATIBILITY_ONLY_NOT_PRODUCTION,975.1842,929.8438,-61.8611,78,78,0.06343529,0.14068838,-0.73910006,0.06343529,61.8611,975.1842,OK,0.0000,-2.4744,4.0000,96.0000,AG03-UNRESOLVED,ALL5_LEVELS_bet23_to_bet27,-2.4744,-2.4744,-2.4744,-3.7117,-3.7117,4.000000,4.000000,4.000000,6.000000,6.000000,96.000000,96.000000,96.000000,94.000000,94.000000,5.0,-14.8467,-13.501,-47.0144,-48.3601,PENDING_AG03,FALSE,NOT_FOR_ENFORCEMENT,-59.3866,892.6500,-61.8611,-59.3866,-2.4744,-0.06343529,-0.06089787,-2.4744,-59.3866,-0.06089787,-2.4744,-2.4744,-2.4744,-3.7117,-3.7117,-59.3866,-0.06089787,-14.8467,-13.501,-47.0144,-48.3601,-0.04821082,-0.04959071,-0.00253741,12.5024,11.9211,-0.7931,-2.8119,-1.4059,44.3266,3.5455,13.4781,7.1358,3.2702,6.7449,16.3512,32.3439,43.4683,75.7607,5.4868,0.0,6.444635,11.23233,1.853608,19,31,9,2,0.91219128,-0.06343529,-0.14068838,0E-8,0.000000,0.953506,0.000000,0.87978844,2026-04-27,2026-08-06,22,44,41,102,0.215686,1.888798,1.078044,3.040638,,,,,,,,GLOBAL_BASELINE_NO_ENTITY_RANKING,,,NOT_APPLICABLE_GLOBAL_BASELINE,HF9g-P5,,,,X 全窗基线 · 不参与实体赏罚,3924770,393,A168_HF9F_20260827_0900,2026-08-27 09:00:00
2026-07-30,119477974,1331,0,5.5185382005,-5.5185382005,-5.5185382005,0E-7,1,1,0.50665070000000000,0.506650700000,-1.013391052207602,-1.013391052207602,-1.013391052207602,0E-17,ELIGIBLE,R03b_20260811_FULL_v1,L1_ELIGIBILITY,v2026-08-11,2026-03-21..2026-08-06,baccarat_bet02_101_all_pairs_incl_sentinel,round_win = game_pnl > 0 (decisive only),COMPATIBILITY_ONLY_NOT_PRODUCTION,975.1842,929.8438,-61.8611,78,78,0.06343529,0.14068838,-0.73910006,0.06343529,61.8611,975.1842,OK,0.0000,-2.4744,4.0000,96.0000,AG03-UNRESOLVED,ALL5_LEVELS_bet23_to_bet27,-2.4744,-2.4744,-2.4744,-3.7117,-3.7117,4.000000,4.000000,4.000000,6.000000,6.000000,96.000000,96.000000,96.000000,94.000000,94.000000,5.0,-14.8467,-13.501,-47.0144,-48.3601,PENDING_AG03,FALSE,NOT_FOR_ENFORCEMENT,-59.3866,892.6500,-61.8611,-59.3866,-2.4744,-0.06343529,-0.06089787,-2.4744,-59.3866,-0.06089787,-2.4744,-2.4744,-2.4744,-3.7117,-3.7117,-59.3866,-0.06089787,-14.8467,-13.501,-47.0144,-48.3601,-0.04821082,-0.04959071,-0.00253741,12.5024,11.9211,-0.7931,-2.8119,-1.4059,44.3266,3.5455,13.4781,7.1358,3.2702,6.7449,16.3512,32.3439,43.4683,75.7607,5.4868,0.0,6.444635,11.23233,1.853608,19,31,9,2,0.91219128,-0.06343529,-0.14068838,0E-8,0.000000,0.953506,0.000000,0.87978844,2026-04-27,2026-08-06,22,44,41,102,0.215686,1.888798,1.078044,3.040638,,,,,,,,GLOBAL_BASELINE_NO_ENTITY_RANKING,,,NOT_APPLICABLE_GLOBAL_BASELINE,HF9g-P5,,,,X 全窗基线 · 不参与实体赏罚,3924771,393,A168_HF9F_20260827_0900,2026-08-27 09:00:00
2026-07-30,119477974,2127,0,4.4965866819,-4.4965866819,-4.4965866819,0E-7,1,1,0.50665070000000000,0.506650700000,-1.013391052207602,-1.013391052207602,-1.013391052207602,0E-17,ELIGIBLE,R03b_20260811_FULL_v1,L1_ELIGIBILITY,v2026-08-11,2026-03-21..2026-08-06,baccarat_bet02_101_all_pairs_incl_sentinel,round_win = game_pnl > 0 (decisive only),COMPATIBILITY_ONLY_NOT_PRODUCTION,975.1842,929.8438,-61.8611,78,78,0.06343529,0.14068838,-0.73910006,0.06343529,61.8611,975.1842,OK,0.0000,-2.4744,4.0000,96.0000,AG03-UNRESOLVED,ALL5_LEVELS_bet23_to_bet27,-2.4744,-2.4744,-2.4744,-3.7117,-3.7117,4.000000,4.000000,4.000000,6.000000,6.000000,96.000000,96.000000,96.000000,94.000000,94.000000,5.0,-14.8467,-13.501,-47.0144,-48.3601,PENDING_AG03,FALSE,NOT_FOR_ENFORCEMENT,-59.3866,892.6500,-61.8611,-59.3866,-2.4744,-0.06343529,-0.06089787,-2.4744,-59.3866,-0.06089787,-2.4744,-2.4744,-2.4744,-3.7117,-3.7117,-59.3866,-0.06089787,-14.8467,-13.501,-47.0144,-48.3601,-0.04821082,-0.04959071,-0.00253741,12.5024,11.9211,-0.7931,-2.8119,-1.4059,44.3266,3.5455,13.4781,7.1358,3.2702,6.7449,16.3512,32.3439,43.4683,75.7607,5.4868,0.0,6.444635,11.23233,1.853608,19,31,9,2,0.91219128,-0.06343529,-0.14068838,0E-8,0.000000,0.953506,0.000000,0.87978844,2026-04-27,2026-08-06,22,44,41,102,0.215686,1.888798,1.078044,3.040638,,,,,,,,GLOBAL_BASELINE_NO_ENTITY_RANKING,,,NOT_APPLICABLE_GLOBAL_BASELINE,HF9g-P5,,,,X 全窗基线 · 不参与实体赏罚,3924772,393,A168_HF9F_20260827_0900,2026-08-27 09:00:00
2026-07-30,119477974,2171,0,2.8614642521,2.7183910395,2.7183910395,1.0000000,1,1,0.50665070000000000,0.506650700000,0.9867858985152569,0.9867858985152569,0.9867858985152569,0E-17,ELIGIBLE,R03b_20260811_FULL_v1,L1_ELIGIBILITY,v2026-08-11,2026-03-21..2026-08-06,baccarat_bet02_101_all_pairs_incl_sentinel,round_win = game_pnl > 0 (decisive only),COMPATIBILITY_ONLY_NOT_PRODUCTION,975.1842,929.8438,-61.8611,78,78,0.06343529,0.14068838,-0.73910006,0.06343529,61.8611,975.1842,OK,0.0000,-2.4744,4.0000,96.0000,AG03-UNRESOLVED,ALL5_LEVELS_bet23_to_bet27,-2.4744,-2.4744,-2.4744,-3.7117,-3.7117,4.000000,4.000000,4.000000,6.000000,6.000000,96.000000,96.000000,96.000000,94.000000,94.000000,5.0,-14.8467,-13.501,-47.0144,-48.3601,PENDING_AG03,FALSE,NOT_FOR_ENFORCEMENT,-59.3866,892.6500,-61.8611,-59.3866,-2.4744,-0.06343529,-0.06089787,-2.4744,-59.3866,-0.06089787,-2.4744,-2.4744,-2.4744,-3.7117,-3.7117,-59.3866,-0.06089787,-14.8467,-13.501,-47.0144,-48.3601,-0.04821082,-0.04959071,-0.00253741,12.5024,11.9211,-0.7931,-2.8119,-1.4059,44.3266,3.5455,13.4781,7.1358,3.2702,6.7449,16.3512,32.3439,43.4683,75.7607,5.4868,0.0,6.444635,11.23233,1.853608,19,31,9,2,0.91219128,-0.06343529,-0.14068838,0E-8,0.000000,0.953506,0.000000,0.87978844,2026-04-27,2026-08-06,22,44,41,102,0.215686,1.888798,1.078044,3.040638,,,,,,,,GLOBAL_BASELINE_NO_ENTITY_RANKING,,,NOT_APPLICABLE_GLOBAL_BASELINE,HF9g-P5,,,,X 全窗基线 · 不参与实体赏罚,3924773,393,A168_HF9F_20260827_0900,2026-08-27 09:00:00
2026-07-30,119477974,2280,0,4.4965866819,0E-10,0E-10,,1,1,0.49324550000000000,0.493245500000,,,,0E-17,NO_DECISIVE_ROUND,R03b_20260811_FULL_v1,L1_ELIGIBILITY,v2026-08-11,2026-03-21..2026-08-06,baccarat_bet02_101_all_pairs_incl_sentinel,round_win = game_pnl > 0 (decisive only),COMPATIBILITY_ONLY_NOT_PRODUCTION,975.1842,929.8438,-61.8611,78,78,0.06343529,0.14068838,-0.73910006,0.06343529,61.8611,975.1842,OK,0.0000,-2.4744,4.0000,96.0000,AG03-UNRESOLVED,ALL5_LEVELS_bet23_to_bet27,-2.4744,-2.4744,-2.4744,-3.7117,-3.7117,4.000000,4.000000,4.000000,6.000000,6.000000,96.000000,96.000000,96.000000,94.000000,94.000000,5.0,-14.8467,-13.501,-47.0144,-48.3601,PENDING_AG03,FALSE,NOT_FOR_ENFORCEMENT,-59.3866,892.6500,-61.8611,-59.3866,-2.4744,-0.06343529,-0.06089787,-2.4744,-59.3866,-0.06089787,-2.4744,-2.4744,-2.4744,-3.7117,-3.7117,-59.3866,-0.06089787,-14.8467,-13.501,-47.0144,-48.3601,-0.04821082,-0.04959071,-0.00253741,12.5024,11.9211,-0.7931,-2.8119,-1.4059,44.3266,3.5455,13.4781,7.1358,3.2702,6.7449,16.3512,32.3439,43.4683,75.7607,5.4868,0.0,6.444635,11.23233,1.853608,19,31,9,2,0.91219128,-0.06343529,-0.14068838,0E-8,0.000000,0.953506,0.000000,0.87978844,2026-04-27,2026-08-06,22,44,41,102,0.215686,1.888798,1.078044,3.040638,,,,,,,,GLOBAL_BASELINE_NO_ENTITY_RANKING,,,NOT_APPLICABLE_GLOBAL_BASELINE,HF9g-P5,,,,X 全窗基线 · 不参与实体赏罚,3924774,393,A168_HF9F_20260827_0900,2026-08-27 09:00:00
2026-07-30,119477974,919,0,4.0878060745,-4.0878060745,-4.0878060745,0E-7,1,1,0.50665070000000000,0.506650700000,-1.013391052207602,-1.013391052207602,-1.013391052207602,0E-17,ELIGIBLE,R03b_20260811_FULL_v1,L1_ELIGIBILITY,v2026-08-11,2026-03-21..2026-08-06,baccarat_bet02_101_all_pairs_incl_sentinel,round_win = game_pnl > 0 (decisive only),COMPATIBILITY_ONLY_NOT_PRODUCTION,975.1842,929.8438,-61.8611,78,78,0.06343529,0.14068838,-0.73910006,0.06343529,61.8611,975.1842,OK,0.0000,-2.4744,4.0000,96.0000,AG03-UNRESOLVED,ALL5_LEVELS_bet23_to_bet27,-2.4744,-2.4744,-2.4744,-3.7117,-3.7117,4.000000,4.000000,4.000000,6.000000,6.000000,96.000000,96.000000,96.000000,94.000000,94.000000,5.0,-14.8467,-13.501,-47.0144,-48.3601,PENDING_AG03,FALSE,NOT_FOR_ENFORCEMENT,-59.3866,892.6500,-61.8611,-59.3866,-2.4744,-0.06343529,-0.06089787,-2.4744,-59.3866,-0.06089787,-2.4744,-2.4744,-2.4744,-3.7117,-3.7117,-59.3866,-0.06089787,-14.8467,-13.501,-47.0144,-48.3601,-0.04821082,-0.04959071,-0.00253741,12.5024,11.9211,-0.7931,-2.8119,-1.4059,44.3266,3.5455,13.4781,7.1358,3.2702,6.7449,16.3512,32.3439,43.4683,75.7607,5.4868,0.0,6.444635,11.23233,1.853608,19,31,9,2,0.91219128,-0.06343529,-0.14068838,0E-8,0.000000,0.953506,0.000000,0.87978844,2026-04-27,2026-08-06,22,44,41,102,0.215686,1.888798,1.078044,3.040638,,,,,,,,GLOBAL_BASELINE_NO_ENTITY_RANKING,,,NOT_APPLICABLE_GLOBAL_BASELINE,HF9g-P5,,,,X 全窗基线 · 不参与实体赏罚,3924775,393,A168_HF9F_20260827_0900,2026-08-27 09:00:00
2026-08-01,119477974,1353,0,7.4753515436,-7.4753515436,-7.4753515436,0E-7,1,1,0.50665070000000000,0.506650700000,-1.013391052207602,-1.013391052207602,-1.013391052207602,0E-17,ELIGIBLE,R03b_20260811_FULL_v1,L1_ELIGIBILITY,v2026-08-11,2026-03-21..2026-08-06,baccarat_bet02_101_all_pairs_incl_sentinel,round_win = game_pnl > 0 (decisive only),COMPATIBILITY_ONLY_NOT_PRODUCTION,975.1842,929.8438,-61.8611,78,78,0.06343529,0.14068838,-0.73910006,0.06343529,61.8611,975.1842,OK,0.0000,-2.4744,4.0000,96.0000,AG03-UNRESOLVED,ALL5_LEVELS_bet23_to_bet27,-2.4744,-2.4744,-2.4744,-3.7117,-3.7117,4.000000,4.000000,4.000000,6.000000,6.000000,96.000000,96.000000,96.000000,94.000000,94.000000,5.0,-14.8467,-13.501,-47.0144,-48.3601,PENDING_AG03,FALSE,NOT_FOR_ENFORCEMENT,-59.3866,892.6500,-61.8611,-59.3866,-2.4744,-0.06343529,-0.06089787,-2.4744,-59.3866,-0.06089787,-2.4744,-2.4744,-2.4744,-3.7117,-3.7117,-59.3866,-0.06089787,-14.8467,-13.501,-47.0144,-48.3601,-0.04821082,-0.04959071,-0.00253741,12.5024,11.9211,-0.7931,-2.8119,-1.4059,44.3266,3.5455,13.4781,7.1358,3.2702,6.7449,16.3512,32.3439,43.4683,75.7607,5.4868,0.0,6.444635,11.23233,1.853608,19,31,9,2,0.91219128,-0.06343529,-0.14068838,0E-8,0.000000,0.953506,0.000000,0.87978844,2026-04-27,2026-08-06,22,44,41,102,0.215686,1.888798,1.078044,3.040638,,,,,,,,GLOBAL_BASELINE_NO_ENTITY_RANKING,,,NOT_APPLICABLE_GLOBAL_BASELINE,HF9g-P5,,,,X 全窗基线 · 不参与实体赏罚,3924776,393,A168_HF9F_20260827_0900,2026-08-27 09:00:00
2026-08-01,119477974,1382,0,11.3140455795,3.6467593341,3.6467593341,1.0000000,2,2,0.50665070000000000,0.506650700000,0.9867858985152569,0.9867858985152569,0.9867858985152569,0E-17,ELIGIBLE,R03b_20260811_FULL_v1,L1_ELIGIBILITY,v2026-08-11,2026-03-21..2026-08-06,baccarat_bet02_101_all_pairs_incl_sentinel,round_win = game_pnl > 0 (decisive only),COMPATIBILITY_ONLY_NOT_PRODUCTION,975.1842,929.8438,-61.8611,78,78,0.06343529,0.14068838,-0.73910006,0.06343529,61.8611,975.1842,OK,0.0000,-2.4744,4.0000,96.0000,AG03-UNRESOLVED,ALL5_LEVELS_bet23_to_bet27,-2.4744,-2.4744,-2.4744,-3.7117,-3.7117,4.000000,4.000000,4.000000,6.000000,6.000000,96.000000,96.000000,96.000000,94.000000,94.000000,5.0,-14.8467,-13.501,-47.0144,-48.3601,PENDING_AG03,FALSE,NOT_FOR_ENFORCEMENT,-59.3866,892.6500,-61.8611,-59.3866,-2.4744,-0.06343529,-0.06089787,-2.4744,-59.3866,-0.06089787,-2.4744,-2.4744,-2.4744,-3.7117,-3.7117,-59.3866,-0.06089787,-14.8467,-13.501,-47.0144,-48.3601,-0.04821082,-0.04959071,-0.00253741,12.5024,11.9211,-0.7931,-2.8119,-1.4059,44.3266,3.5455,13.4781,7.1358,3.2702,6.7449,16.3512,32.3439,43.4683,75.7607,5.4868,0.0,6.444635,11.23233,1.853608,19,31,9,2,0.91219128,-0.06343529,-0.14068838,0E-8,0.000000,0.953506,0.000000,0.87978844,2026-04-27,2026-08-06,22,44,41,102,0.215686,1.888798,1.078044,3.040638,,,,,,,,GLOBAL_BASELINE_NO_ENTITY_RANKING,,,NOT_APPLICABLE_GLOBAL_BASELINE,HF9g-P5,,,,X 全窗基线 · 不参与实体赏罚,3924777,393,A168_HF9F_20260827_0900,2026-08-27 09:00:00
2026-08-01,119477974,2196,0,51.3172781639,-17.4357523840,-17.4357523840,0.5000000,2,2,0.50665070000000000,0.506650700000,-0.018812684590367487,-0.018812684590367487,-0.018812684590367487,0E-17,ELIGIBLE,R03b_20260811_FULL_v1,L1_ELIGIBILITY,v2026-08-11,2026-03-21..2026-08-06,baccarat_bet02_101_all_pairs_incl_sentinel,round_win = game_pnl > 0 (decisive only),COMPATIBILITY_ONLY_NOT_PRODUCTION,975.1842,929.8438,-61.8611,78,78,0.06343529,0.14068838,-0.73910006,0.06343529,61.8611,975.1842,OK,0.0000,-2.4744,4.0000,96.0000,AG03-UNRESOLVED,ALL5_LEVELS_bet23_to_bet27,-2.4744,-2.4744,-2.4744,-3.7117,-3.7117,4.000000,4.000000,4.000000,6.000000,6.000000,96.000000,96.000000,96.000000,94.000000,94.000000,5.0,-14.8467,-13.501,-47.0144,-48.3601,PENDING_AG03,FALSE,NOT_FOR_ENFORCEMENT,-59.3866,892.6500,-61.8611,-59.3866,-2.4744,-0.06343529,-0.06089787,-2.4744,-59.3866,-0.06089787,-2.4744,-2.4744,-2.4744,-3.7117,-3.7117,-59.3866,-0.06089787,-14.8467,-13.501,-47.0144,-48.3601,-0.04821082,-0.04959071,-0.00253741,12.5024,11.9211,-0.7931,-2.8119,-1.4059,44.3266,3.5455,13.4781,7.1358,3.2702,6.7449,16.3512,32.3439,43.4683,75.7607,5.4868,0.0,6.444635,11.23233,1.853608,19,31,9,2,0.91219128,-0.06343529,-0.14068838,0E-8,0.000000,0.953506,0.000000,0.87978844,2026-04-27,2026-08-06,22,44,41,102,0.215686,1.888798,1.078044,3.040638,,,,,,,,GLOBAL_BASELINE_NO_ENTITY_RANKING,,,NOT_APPLICABLE_GLOBAL_BASELINE,HF9g-P5,,,,X 全窗基线 · 不参与实体赏罚,3924778,393,A168_HF9F_20260827_0900,2026-08-27 09:00:00
2026-08-04,119477974,1205,0,2.2224018102,2.1112817197,2.1112817197,1.0000000,1,1,0.50665070000000000,0.506650700000,0.9867858985152569,0.9867858985152569,0.9867858985152569,0E-17,ELIGIBLE,R03b_20260811_FULL_v1,L1_ELIGIBILITY,v2026-08-11,2026-03-21..2026-08-06,baccarat_bet02_101_all_pairs_incl_sentinel,round_win = game_pnl > 0 (decisive only),COMPATIBILITY_ONLY_NOT_PRODUCTION,975.1842,929.8438,-61.8611,78,78,0.06343529,0.14068838,-0.73910006,0.06343529,61.8611,975.1842,OK,0.0000,-2.4744,4.0000,96.0000,AG03-UNRESOLVED,ALL5_LEVELS_bet23_to_bet27,-2.4744,-2.4744,-2.4744,-3.7117,-3.7117,4.000000,4.000000,4.000000,6.000000,6.000000,96.000000,96.000000,96.000000,94.000000,94.000000,5.0,-14.8467,-13.501,-47.0144,-48.3601,PENDING_AG03,FALSE,NOT_FOR_ENFORCEMENT,-59.3866,892.6500,-61.8611,-59.3866,-2.4744,-0.06343529,-0.06089787,-2.4744,-59.3866,-0.06089787,-2.4744,-2.4744,-2.4744,-3.7117,-3.7117,-59.3866,-0.06089787,-14.8467,-13.501,-47.0144,-48.3601,-0.04821082,-0.04959071,-0.00253741,12.5024,11.9211,-0.7931,-2.8119,-1.4059,44.3266,3.5455,13.4781,7.1358,3.2702,6.7449,16.3512,32.3439,43.4683,75.7607,5.4868,0.0,6.444635,11.23233,1.853608,19,31,9,2,0.91219128,-0.06343529,-0.14068838,0E-8,0.000000,0.953506,0.000000,0.87978844,2026-04-27,2026-08-06,22,44,41,102,0.215686,1.888798,1.078044,3.040638,,,,,,,,GLOBAL_BASELINE_NO_ENTITY_RANKING,,,NOT_APPLICABLE_GLOBAL_BASELINE,HF9g-P5,,,,X 全窗基线 · 不参与实体赏罚,3924779,393,A168_HF9F_20260827_0900,2026-08-27 09:00:00
2026-08-04,119477974,1405,0,2.2224018102,2.2224018102,2.2224018102,1.0000000,1,1,0.49324550000000000,0.493245500000,1.01360149184955,1.01360149184955,1.01360149184955,0E-17,ELIGIBLE,R03b_20260811_FULL_v1,L1_ELIGIBILITY,v2026-08-11,2026-03-21..2026-08-06,baccarat_bet02_101_all_pairs_incl_sentinel,round_win = game_pnl > 0 (decisive only),COMPATIBILITY_ONLY_NOT_PRODUCTION,975.1842,929.8438,-61.8611,78,78,0.06343529,0.14068838,-0.73910006,0.06343529,61.8611,975.1842,OK,0.0000,-2.4744,4.0000,96.0000,AG03-UNRESOLVED,ALL5_LEVELS_bet23_to_bet27,-2.4744,-2.4744,-2.4744,-3.7117,-3.7117,4.000000,4.000000,4.000000,6.000000,6.000000,96.000000,96.000000,96.000000,94.000000,94.000000,5.0,-14.8467,-13.501,-47.0144,-48.3601,PENDING_AG03,FALSE,NOT_FOR_ENFORCEMENT,-59.3866,892.6500,-61.8611,-59.3866,-2.4744,-0.06343529,-0.06089787,-2.4744,-59.3866,-0.06089787,-2.4744,-2.4744,-2.4744,-3.7117,-3.7117,-59.3866,-0.06089787,-14.8467,-13.501,-47.0144,-48.3601,-0.04821082,-0.04959071,-0.00253741,12.5024,11.9211,-0.7931,-2.8119,-1.4059,44.3266,3.5455,13.4781,7.1358,3.2702,6.7449,16.3512,32.3439,43.4683,75.7607,5.4868,0.0,6.444635,11.23233,1.853608,19,31,9,2,0.91219128,-0.06343529,-0.14068838,0E-8,0.000000,0.953506,0.000000,0.87978844,2026-04-27,2026-08-06,22,44,41,102,0.215686,1.888798,1.078044,3.040638,,,,,,,,GLOBAL_BASELINE_NO_ENTITY_RANKING,,,NOT_APPLICABLE_GLOBAL_BASELINE,HF9g-P5,,,,X 全窗基线 · 不参与实体赏罚,3924780,393,A168_HF9F_20260827_0900,2026-08-27 09:00:00
2026-08-04,119477974,1505,0,45.8622919024,-45.8622919024,-45.8622919024,0E-7,2,2,0.50665070000000000,0.506650700000,-1.4331513700195317,-1.4331513700195317,-1.4331513700195317,0E-17,ELIGIBLE,R03b_20260811_FULL_v1,L1_ELIGIBILITY,v2026-08-11,2026-03-21..2026-08-06,baccarat_bet02_101_all_pairs_incl_sentinel,round_win = game_pnl > 0 (decisive only),COMPATIBILITY_ONLY_NOT_PRODUCTION,975.1842,929.8438,-61.8611,78,78,0.06343529,0.14068838,-0.73910006,0.06343529,61.8611,975.1842,OK,0.0000,-2.4744,4.0000,96.0000,AG03-UNRESOLVED,ALL5_LEVELS_bet23_to_bet27,-2.4744,-2.4744,-2.4744,-3.7117,-3.7117,4.000000,4.000000,4.000000,6.000000,6.000000,96.000000,96.000000,96.000000,94.000000,94.000000,5.0,-14.8467,-13.501,-47.0144,-48.3601,PENDING_AG03,FALSE,NOT_FOR_ENFORCEMENT,-59.3866,892.6500,-61.8611,-59.3866,-2.4744,-0.06343529,-0.06089787,-2.4744,-59.3866,-0.06089787,-2.4744,-2.4744,-2.4744,-3.7117,-3.7117,-59.3866,-0.06089787,-14.8467,-13.501,-47.0144,-48.3601,-0.04821082,-0.04959071,-0.00253741,12.5024,11.9211,-0.7931,-2.8119,-1.4059,44.3266,3.5455,13.4781,7.1358,3.2702,6.7449,16.3512,32.3439,43.4683,75.7607,5.4868,0.0,6.444635,11.23233,1.853608,19,31,9,2,0.91219128,-0.06343529,-0.14068838,0E-8,0.000000,0.953506,0.000000,0.87978844,2026-04-27,2026-08-06,22,44,41,102,0.215686,1.888798,1.078044,3.040638,,,,,,,,GLOBAL_BASELINE_NO_ENTITY_RANKING,,,NOT_APPLICABLE_GLOBAL_BASELINE,HF9g-P5,,,,X 全窗基线 · 不参与实体赏罚,3924781,393,A168_HF9F_20260827_0900,2026-08-27 09:00:00
2026-08-04,119477974,1710,0,2.2224018102,-2.2224018102,-2.2224018102,0E-7,1,1,0.50665070000000000,0.506650700000,-1.013391052207602,-1.013391052207602,-1.013391052207602,0E-17,ELIGIBLE,R03b_20260811_FULL_v1,L1_ELIGIBILITY,v2026-08-11,2026-03-21..2026-08-06,baccarat_bet02_101_all_pairs_incl_sentinel,round_win = game_pnl > 0 (decisive only),COMPATIBILITY_ONLY_NOT_PRODUCTION,975.1842,929.8438,-61.8611,78,78,0.06343529,0.14068838,-0.73910006,0.06343529,61.8611,975.1842,OK,0.0000,-2.4744,4.0000,96.0000,AG03-UNRESOLVED,ALL5_LEVELS_bet23_to_bet27,-2.4744,-2.4744,-2.4744,-3.7117,-3.7117,4.000000,4.000000,4.000000,6.000000,6.000000,96.000000,96.000000,96.000000,94.000000,94.000000,5.0,-14.8467,-13.501,-47.0144,-48.3601,PENDING_AG03,FALSE,NOT_FOR_ENFORCEMENT,-59.3866,892.6500,-61.8611,-59.3866,-2.4744,-0.06343529,-0.06089787,-2.4744,-59.3866,-0.06089787,-2.4744,-2.4744,-2.4744,-3.7117,-3.7117,-59.3866,-0.06089787,-14.8467,-13.501,-47.0144,-48.3601,-0.04821082,-0.04959071,-0.00253741,12.5024,11.9211,-0.7931,-2.8119,-1.4059,44.3266,3.5455,13.4781,7.1358,3.2702,6.7449,16.3512,32.3439,43.4683,75.7607,5.4868,0.0,6.444635,11.23233,1.853608,19,31,9,2,0.91219128,-0.06343529,-0.14068838,0E-8,0.000000,0.953506,0.000000,0.87978844,2026-04-27,2026-08-06,22,44,41,102,0.215686,1.888798,1.078044,3.040638,,,,,,,,GLOBAL_BASELINE_NO_ENTITY_RANKING,,,NOT_APPLICABLE_GLOBAL_BASELINE,HF9g-P5,,,,X 全窗基线 · 不参与实体赏罚,3924782,393,A168_HF9F_20260827_0900,2026-08-27 09:00:00
2026-08-04,119477974,462,0,159.4068207533,157.7299175691,157.7299175691,1.0000000,5,5,0.50128862000000000,0.501288620000,2.2303125007307085,2.2303125007307085,2.2303125007307085,0E-17,ELIGIBLE,R03b_20260811_FULL_v1,L1_ELIGIBILITY,v2026-08-11,2026-03-21..2026-08-06,baccarat_bet02_101_all_pairs_incl_sentinel,round_win = game_pnl > 0 (decisive only),COMPATIBILITY_ONLY_NOT_PRODUCTION,975.1842,929.8438,-61.8611,78,78,0.06343529,0.14068838,-0.73910006,0.06343529,61.8611,975.1842,OK,0.0000,-2.4744,4.0000,96.0000,AG03-UNRESOLVED,ALL5_LEVELS_bet23_to_bet27,-2.4744,-2.4744,-2.4744,-3.7117,-3.7117,4.000000,4.000000,4.000000,6.000000,6.000000,96.000000,96.000000,96.000000,94.000000,94.000000,5.0,-14.8467,-13.501,-47.0144,-48.3601,PENDING_AG03,FALSE,NOT_FOR_ENFORCEMENT,-59.3866,892.6500,-61.8611,-59.3866,-2.4744,-0.06343529,-0.06089787,-2.4744,-59.3866,-0.06089787,-2.4744,-2.4744,-2.4744,-3.7117,-3.7117,-59.3866,-0.06089787,-14.8467,-13.501,-47.0144,-48.3601,-0.04821082,-0.04959071,-0.00253741,12.5024,11.9211,-0.7931,-2.8119,-1.4059,44.3266,3.5455,13.4781,7.1358,3.2702,6.7449,16.3512,32.3439,43.4683,75.7607,5.4868,0.0,6.444635,11.23233,1.853608,19,31,9,2,0.91219128,-0.06343529,-0.14068838,0E-8,0.000000,0.953506,0.000000,0.87978844,2026-04-27,2026-08-06,22,44,41,102,0.215686,1.888798,1.078044,3.040638,,,,,,,,GLOBAL_BASELINE_NO_ENTITY_RANKING,,,NOT_APPLICABLE_GLOBAL_BASELINE,HF9g-P5,,,,X 全窗基线 · 不参与实体赏罚,3924783,393,A168_HF9F_20260827_0900,2026-08-27 09:00:00
2026-08-04,119477974,948,0,12.7283012769,4.2124616130,4.2124616130,0.5000000,2,2,0.49994810000000000,0.499948100000,0.00014679536856514622,0.00014679536856514622,0.00014679536856514622,0E-17,ELIGIBLE,R03b_20260811_FULL_v1,L1_ELIGIBILITY,v2026-08-11,2026-03-21..2026-08-06,baccarat_bet02_101_all_pairs_incl_sentinel,round_win = game_pnl > 0 (decisive only),COMPATIBILITY_ONLY_NOT_PRODUCTION,975.1842,929.8438,-61.8611,78,78,0.06343529,0.14068838,-0.73910006,0.06343529,61.8611,975.1842,OK,0.0000,-2.4744,4.0000,96.0000,AG03-UNRESOLVED,ALL5_LEVELS_bet23_to_bet27,-2.4744,-2.4744,-2.4744,-3.7117,-3.7117,4.000000,4.000000,4.000000,6.000000,6.000000,96.000000,96.000000,96.000000,94.000000,94.000000,5.0,-14.8467,-13.501,-47.0144,-48.3601,PENDING_AG03,FALSE,NOT_FOR_ENFORCEMENT,-59.3866,892.6500,-61.8611,-59.3866,-2.4744,-0.06343529,-0.06089787,-2.4744,-59.3866,-0.06089787,-2.4744,-2.4744,-2.4744,-3.7117,-3.7117,-59.3866,-0.06089787,-14.8467,-13.501,-47.0144,-48.3601,-0.04821082,-0.04959071,-0.00253741,12.5024,11.9211,-0.7931,-2.8119,-1.4059,44.3266,3.5455,13.4781,7.1358,3.2702,6.7449,16.3512,32.3439,43.4683,75.7607,5.4868,0.0,6.444635,11.23233,1.853608,19,31,9,2,0.91219128,-0.06343529,-0.14068838,0E-8,0.000000,0.953506,0.000000,0.87978844,2026-04-27,2026-08-06,22,44,41,102,0.215686,1.888798,1.078044,3.040638,,,,,,,,GLOBAL_BASELINE_NO_ENTITY_RANKING,,,NOT_APPLICABLE_GLOBAL_BASELINE,HF9g-P5,,,,X 全窗基线 · 不参与实体赏罚,3924784,393,A168_HF9F_20260827_0900,2026-08-27 09:00:00
2026-08-05,119477974,2251,0,4.0407305641,-4.0407305641,-4.0407305641,0E-7,1,1,0.50665070000000000,0.506650700000,-1.013391052207602,-1.013391052207602,-1.013391052207602,0E-17,ELIGIBLE,R03b_20260811_FULL_v1,L1_ELIGIBILITY,v2026-08-11,2026-03-21..2026-08-06,baccarat_bet02_101_all_pairs_incl_sentinel,round_win = game_pnl > 0 (decisive only),COMPATIBILITY_ONLY_NOT_PRODUCTION,975.1842,929.8438,-61.8611,78,78,0.06343529,0.14068838,-0.73910006,0.06343529,61.8611,975.1842,OK,0.0000,-2.4744,4.0000,96.0000,AG03-UNRESOLVED,ALL5_LEVELS_bet23_to_bet27,-2.4744,-2.4744,-2.4744,-3.7117,-3.7117,4.000000,4.000000,4.000000,6.000000,6.000000,96.000000,96.000000,96.000000,94.000000,94.000000,5.0,-14.8467,-13.501,-47.0144,-48.3601,PENDING_AG03,FALSE,NOT_FOR_ENFORCEMENT,-59.3866,892.6500,-61.8611,-59.3866,-2.4744,-0.06343529,-0.06089787,-2.4744,-59.3866,-0.06089787,-2.4744,-2.4744,-2.4744,-3.7117,-3.7117,-59.3866,-0.06089787,-14.8467,-13.501,-47.0144,-48.3601,-0.04821082,-0.04959071,-0.00253741,12.5024,11.9211,-0.7931,-2.8119,-1.4059,44.3266,3.5455,13.4781,7.1358,3.2702,6.7449,16.3512,32.3439,43.4683,75.7607,5.4868,0.0,6.444635,11.23233,1.853608,19,31,9,2,0.91219128,-0.06343529,-0.14068838,0E-8,0.000000,0.953506,0.000000,0.87978844,2026-04-27,2026-08-06,22,44,41,102,0.215686,1.888798,1.078044,3.040638,,,,,,,,GLOBAL_BASELINE_NO_ENTITY_RANKING,,,NOT_APPLICABLE_GLOBAL_BASELINE,HF9g-P5,,,,X 全窗基线 · 不参与实体赏罚,3924785,393,A168_HF9F_20260827_0900,2026-08-27 09:00:00
2026-08-05,119477974,2261,0,2.2224018102,-2.2224018102,-2.2224018102,0E-7,1,1,0.50665070000000000,0.506650700000,-1.013391052207602,-1.013391052207602,-1.013391052207602,0E-17,ELIGIBLE,R03b_20260811_FULL_v1,L1_ELIGIBILITY,v2026-08-11,2026-03-21..2026-08-06,baccarat_bet02_101_all_pairs_incl_sentinel,round_win = game_pnl > 0 (decisive only),COMPATIBILITY_ONLY_NOT_PRODUCTION,975.1842,929.8438,-61.8611,78,78,0.06343529,0.14068838,-0.73910006,0.06343529,61.8611,975.1842,OK,0.0000,-2.4744,4.0000,96.0000,AG03-UNRESOLVED,ALL5_LEVELS_bet23_to_bet27,-2.4744,-2.4744,-2.4744,-3.7117,-3.7117,4.000000,4.000000,4.000000,6.000000,6.000000,96.000000,96.000000,96.000000,94.000000,94.000000,5.0,-14.8467,-13.501,-47.0144,-48.3601,PENDING_AG03,FALSE,NOT_FOR_ENFORCEMENT,-59.3866,892.6500,-61.8611,-59.3866,-2.4744,-0.06343529,-0.06089787,-2.4744,-59.3866,-0.06089787,-2.4744,-2.4744,-2.4744,-3.7117,-3.7117,-59.3866,-0.06089787,-14.8467,-13.501,-47.0144,-48.3601,-0.04821082,-0.04959071,-0.00253741,12.5024,11.9211,-0.7931,-2.8119,-1.4059,44.3266,3.5455,13.4781,7.1358,3.2702,6.7449,16.3512,32.3439,43.4683,75.7607,5.4868,0.0,6.444635,11.23233,1.853608,19,31,9,2,0.91219128,-0.06343529,-0.14068838,0E-8,0.000000,0.953506,0.000000,0.87978844,2026-04-27,2026-08-06,22,44,41,102,0.215686,1.888798,1.078044,3.040638,,,,,,,,GLOBAL_BASELINE_NO_ENTITY_RANKING,,,NOT_APPLICABLE_GLOBAL_BASELINE,HF9g-P5,,,,X 全窗基线 · 不参与实体赏罚,3924786,393,A168_HF9F_20260827_0900,2026-08-27 09:00:00
2026-08-06,119477974,-1,1,4.0407305640,-2.0203652820,-2.0203652820,0E-7,2,2,0.50665070000000000,0.506650700000,-1.013391052207602,-1.013391052207602,-1.013391052207602,0E-17,SENTINEL_DEALER,R03b_20260811_FULL_v1,L1_ELIGIBILITY,v2026-08-11,2026-03-21..2026-08-06,baccarat_bet02_101_all_pairs_incl_sentinel,round_win = game_pnl > 0 (decisive only),COMPATIBILITY_ONLY_NOT_PRODUCTION,975.1842,929.8438,-61.8611,78,78,0.06343529,0.14068838,-0.73910006,0.06343529,61.8611,975.1842,OK,0.0000,-2.4744,4.0000,96.0000,AG03-UNRESOLVED,ALL5_LEVELS_bet23_to_bet27,-2.4744,-2.4744,-2.4744,-3.7117,-3.7117,4.000000,4.000000,4.000000,6.000000,6.000000,96.000000,96.000000,96.000000,94.000000,94.000000,5.0,-14.8467,-13.501,-47.0144,-48.3601,PENDING_AG03,FALSE,NOT_FOR_ENFORCEMENT,-59.3866,892.6500,-61.8611,-59.3866,-2.4744,-0.06343529,-0.06089787,-2.4744,-59.3866,-0.06089787,-2.4744,-2.4744,-2.4744,-3.7117,-3.7117,-59.3866,-0.06089787,-14.8467,-13.501,-47.0144,-48.3601,-0.04821082,-0.04959071,-0.00253741,12.5024,11.9211,-0.7931,-2.8119,-1.4059,44.3266,3.5455,13.4781,7.1358,3.2702,6.7449,16.3512,32.3439,43.4683,75.7607,5.4868,0.0,6.444635,11.23233,1.853608,19,31,9,2,0.91219128,-0.06343529,-0.14068838,0E-8,0.000000,0.953506,0.000000,0.87978844,2026-04-27,2026-08-06,22,44,41,102,0.215686,1.888798,1.078044,3.040638,,,,,,,,GLOBAL_BASELINE_NO_ENTITY_RANKING,,,NOT_APPLICABLE_GLOBAL_BASELINE,HF9g-P5,,,,X 全窗基线 · 不参与实体赏罚,3924787,393,A168_HF9F_20260827_0900,2026-08-27 09:00:00
2026-08-06,119477974,2239,0,76.7738807176,-5.4650880880,-5.4650880880,0.7500000,4,4,0.50665070000000000,0.506650700000,0.9734833216690844,0.9734833216690844,0.9734833216690844,0E-17,ELIGIBLE,R03b_20260811_FULL_v1,L1_ELIGIBILITY,v2026-08-11,2026-03-21..2026-08-06,baccarat_bet02_101_all_pairs_incl_sentinel,round_win = game_pnl > 0 (decisive only),COMPATIBILITY_ONLY_NOT_PRODUCTION,975.1842,929.8438,-61.8611,78,78,0.06343529,0.14068838,-0.73910006,0.06343529,61.8611,975.1842,OK,0.0000,-2.4744,4.0000,96.0000,AG03-UNRESOLVED,ALL5_LEVELS_bet23_to_bet27,-2.4744,-2.4744,-2.4744,-3.7117,-3.7117,4.000000,4.000000,4.000000,6.000000,6.000000,96.000000,96.000000,96.000000,94.000000,94.000000,5.0,-14.8467,-13.501,-47.0144,-48.3601,PENDING_AG03,FALSE,NOT_FOR_ENFORCEMENT,-59.3866,892.6500,-61.8611,-59.3866,-2.4744,-0.06343529,-0.06089787,-2.4744,-59.3866,-0.06089787,-2.4744,-2.4744,-2.4744,-3.7117,-3.7117,-59.3866,-0.06089787,-14.8467,-13.501,-47.0144,-48.3601,-0.04821082,-0.04959071,-0.00253741,12.5024,11.9211,-0.7931,-2.8119,-1.4059,44.3266,3.5455,13.4781,7.1358,3.2702,6.7449,16.3512,32.3439,43.4683,75.7607,5.4868,0.0,6.444635,11.23233,1.853608,19,31,9,2,0.91219128,-0.06343529,-0.14068838,0E-8,0.000000,0.953506,0.000000,0.87978844,2026-04-27,2026-08-06,22,44,41,102,0.215686,1.888798,1.078044,3.040638,,,,,,,,GLOBAL_BASELINE_NO_ENTITY_RANKING,,,NOT_APPLICABLE_GLOBAL_BASELINE,HF9g-P5,,,,X 全窗基线 · 不参与实体赏罚,3924788,393,A168_HF9F_20260827_0900,2026-08-27 09:00:00
2026-04-04,67445858,1382,0,15.7055728608,5.2351909536,5.2351909536,0.5000000,2,2,0.49994810000000000,0.499948100000,0.00014679536856514622,0.00014679536856514622,0.00014679536856514622,0E-17,ELIGIBLE,R03b_20260811_FULL_v1,L1_ELIGIBILITY,v2026-08-11,2026-03-21..2026-08-06,baccarat_bet02_101_all_pairs_incl_sentinel,round_win = game_pnl > 0 (decisive only),COMPATIBILITY_ONLY_NOT_PRODUCTION,6158.4169,5839.0703,-61.8608,44,39,0.01004492,,0.01004492,0.01004492,61.8608,6158.4169,OK,0.0000,-2.4744,4.0000,96.0000,AG03-UNRESOLVED,ALL5_LEVELS_bet23_to_bet27,-2.4744,-2.4744,-2.4744,-3.0930,-3.0930,4.000000,4.000000,4.000000,5.000000,5.000000,96.000000,96.000000,96.000000,95.000000,95.000000,5.0,-13.6094,-12.4666,-48.2514,-49.3943,PENDING_AG03,FALSE,NOT_FOR_ENFORCEMENT,-59.3864,5605.5075,-61.8608,-59.3864,-2.4744,-0.01004492,-0.00964313,-2.4744,-59.3864,-0.00964313,-2.4744,-2.4744,-2.4744,-3.0930,-3.0930,-59.3864,-0.00964313,-13.6094,-12.4666,-48.2514,-49.3943,-0.00783504,-0.00802061,-0.00040180,139.9640,149.7198,-1.5862,-5.1551,-3.0930,513.2014,3.2500,,139.9640,10.4704,25.9457,167.657,407.4807,780.3829,1171.1898,22.146,-9.1616,30.077494,45.13996,5.394489,17,17,7,5,0E-8,-0.01004492,,0E-8,0.000000,0.948145,0.000000,,2026-04-04,2026-06-14,12,20,20,72,0.166667,,,0.000000,,,,,,,,GLOBAL_BASELINE_NO_ENTITY_RANKING,,,NOT_APPLICABLE_GLOBAL_BASELINE,HF9g-P5,,,,X 全窗基线 · 不参与实体赏罚,3924789,393,A168_HF9F_20260827_0900,2026-08-27 09:00:00
2026-04-04,67445858,1384,0,152.0822972018,144.4781823417,144.4781823417,1.0000000,1,1,0.50665070000000000,0.506650700000,0.9867858985152569,0.9867858985152569,0.9867858985152569,0E-17,ELIGIBLE,R03b_20260811_FULL_v1,L1_ELIGIBILITY,v2026-08-11,2026-03-21..2026-08-06,baccarat_bet02_101_all_pairs_incl_sentinel,round_win = game_pnl > 0 (decisive only),COMPATIBILITY_ONLY_NOT_PRODUCTION,6158.4169,5839.0703,-61.8608,44,39,0.01004492,,0.01004492,0.01004492,61.8608,6158.4169,OK,0.0000,-2.4744,4.0000,96.0000,AG03-UNRESOLVED,ALL5_LEVELS_bet23_to_bet27,-2.4744,-2.4744,-2.4744,-3.0930,-3.0930,4.000000,4.000000,4.000000,5.000000,5.000000,96.000000,96.000000,96.000000,95.000000,95.000000,5.0,-13.6094,-12.4666,-48.2514,-49.3943,PENDING_AG03,FALSE,NOT_FOR_ENFORCEMENT,-59.3864,5605.5075,-61.8608,-59.3864,-2.4744,-0.01004492,-0.00964313,-2.4744,-59.3864,-0.00964313,-2.4744,-2.4744,-2.4744,-3.0930,-3.0930,-59.3864,-0.00964313,-13.6094,-12.4666,-48.2514,-49.3943,-0.00783504,-0.00802061,-0.00040180,139.9640,149.7198,-1.5862,-5.1551,-3.0930,513.2014,3.2500,,139.9640,10.4704,25.9457,167.657,407.4807,780.3829,1171.1898,22.146,-9.1616,30.077494,45.13996,5.394489,17,17,7,5,0E-8,-0.01004492,,0E-8,0.000000,0.948145,0.000000,,2026-04-04,2026-06-14,12,20,20,72,0.166667,,,0.000000,,,,,,,,GLOBAL_BASELINE_NO_ENTITY_RANKING,,,NOT_APPLICABLE_GLOBAL_BASELINE,HF9g-P5,,,,X 全窗基线 · 不参与实体赏罚,3924790,393,A168_HF9F_20260827_0900,2026-08-27 09:00:00
2026-04-04,67445858,1623,0,5.2351909536,0E-10,0E-10,,1,1,0.49324550000000000,0.493245500000,,,,0E-17,NO_DECISIVE_ROUND,R03b_20260811_FULL_v1,L1_ELIGIBILITY,v2026-08-11,2026-03-21..2026-08-06,baccarat_bet02_101_all_pairs_incl_sentinel,round_win = game_pnl > 0 (decisive only),COMPATIBILITY_ONLY_NOT_PRODUCTION,6158.4169,5839.0703,-61.8608,44,39,0.01004492,,0.01004492,0.01004492,61.8608,6158.4169,OK,0.0000,-2.4744,4.0000,96.0000,AG03-UNRESOLVED,ALL5_LEVELS_bet23_to_bet27,-2.4744,-2.4744,-2.4744,-3.0930,-3.0930,4.000000,4.000000,4.000000,5.000000,5.000000,96.000000,96.000000,96.000000,95.000000,95.000000,5.0,-13.6094,-12.4666,-48.2514,-49.3943,PENDING_AG03,FALSE,NOT_FOR_ENFORCEMENT,-59.3864,5605.5075,-61.8608,-59.3864,-2.4744,-0.01004492,-0.00964313,-2.4744,-59.3864,-0.00964313,-2.4744,-2.4744,-2.4744,-3.0930,-3.0930,-59.3864,-0.00964313,-13.6094,-12.4666,-48.2514,-49.3943,-0.00783504,-0.00802061,-0.00040180,139.9640,149.7198,-1.5862,-5.1551,-3.0930,513.2014,3.2500,,139.9640,10.4704,25.9457,167.657,407.4807,780.3829,1171.1898,22.146,-9.1616,30.077494,45.13996,5.394489,17,17,7,5,0E-8,-0.01004492,,0E-8,0.000000,0.948145,0.000000,,2026-04-04,2026-06-14,12,20,20,72,0.166667,,,0.000000,,,,,,,,GLOBAL_BASELINE_NO_ENTITY_RANKING,,,NOT_APPLICABLE_GLOBAL_BASELINE,HF9g-P5,,,,X 全窗基线 · 不参与实体赏罚,3924791,393,A168_HF9F_20260827_0900,2026-08-27 09:00:00
2026-04-04,67445858,1951,0,5.2351909536,5.2351909536,5.2351909536,1.0000000,1,1,0.49324550000000000,0.493245500000,1.01360149184955,1.01360149184955,1.01360149184955,0E-17,ELIGIBLE,R03b_20260811_FULL_v1,L1_ELIGIBILITY,v2026-08-11,2026-03-21..2026-08-06,baccarat_bet02_101_all_pairs_incl_sentinel,round_win = game_pnl > 0 (decisive only),COMPATIBILITY_ONLY_NOT_PRODUCTION,6158.4169,5839.0703,-61.8608,44,39,0.01004492,,0.01004492,0.01004492,61.8608,6158.4169,OK,0.0000,-2.4744,4.0000,96.0000,AG03-UNRESOLVED,ALL5_LEVELS_bet23_to_bet27,-2.4744,-2.4744,-2.4744,-3.0930,-3.0930,4.000000,4.000000,4.000000,5.000000,5.000000,96.000000,96.000000,96.000000,95.000000,95.000000,5.0,-13.6094,-12.4666,-48.2514,-49.3943,PENDING_AG03,FALSE,NOT_FOR_ENFORCEMENT,-59.3864,5605.5075,-61.8608,-59.3864,-2.4744,-0.01004492,-0.00964313,-2.4744,-59.3864,-0.00964313,-2.4744,-2.4744,-2.4744,-3.0930,-3.0930,-59.3864,-0.00964313,-13.6094,-12.4666,-48.2514,-49.3943,-0.00783504,-0.00802061,-0.00040180,139.9640,149.7198,-1.5862,-5.1551,-3.0930,513.2014,3.2500,,139.9640,10.4704,25.9457,167.657,407.4807,780.3829,1171.1898,22.146,-9.1616,30.077494,45.13996,5.394489,17,17,7,5,0E-8,-0.01004492,,0E-8,0.000000,0.948145,0.000000,,2026-04-04,2026-06-14,12,20,20,72,0.166667,,,0.000000,,,,,,,,GLOBAL_BASELINE_NO_ENTITY_RANKING,,,NOT_APPLICABLE_GLOBAL_BASELINE,HF9g-P5,,,,X 全窗基线 · 不参与实体赏罚,3924792,393,A168_HF9F_20260827_0900,2026-08-27 09:00:00
2026-04-04,67445858,948,0,15.7055728608,5.2351909536,5.2351909536,0.5000000,2,2,0.49994810000000000,0.499948100000,0.00014679536856514622,0.00014679536856514622,0.00014679536856514622,0E-17,ELIGIBLE,R03b_20260811_FULL_v1,L1_ELIGIBILITY,v2026-08-11,2026-03-21..2026-08-06,baccarat_bet02_101_all_pairs_incl_sentinel,round_win = game_pnl > 0 (decisive only),COMPATIBILITY_ONLY_NOT_PRODUCTION,6158.4169,5839.0703,-61.8608,44,39,0.01004492,,0.01004492,0.01004492,61.8608,6158.4169,OK,0.0000,-2.4744,4.0000,96.0000,AG03-UNRESOLVED,ALL5_LEVELS_bet23_to_bet27,-2.4744,-2.4744,-2.4744,-3.0930,-3.0930,4.000000,4.000000,4.000000,5.000000,5.000000,96.000000,96.000000,96.000000,95.000000,95.000000,5.0,-13.6094,-12.4666,-48.2514,-49.3943,PENDING_AG03,FALSE,NOT_FOR_ENFORCEMENT,-59.3864,5605.5075,-61.8608,-59.3864,-2.4744,-0.01004492,-0.00964313,-2.4744,-59.3864,-0.00964313,-2.4744,-2.4744,-2.4744,-3.0930,-3.0930,-59.3864,-0.00964313,-13.6094,-12.4666,-48.2514,-49.3943,-0.00783504,-0.00802061,-0.00040180,139.9640,149.7198,-1.5862,-5.1551,-3.0930,513.2014,3.2500,,139.9640,10.4704,25.9457,167.657,407.4807,780.3829,1171.1898,22.146,-9.1616,30.077494,45.13996,5.394489,17,17,7,5,0E-8,-0.01004492,,0E-8,0.000000,0.948145,0.000000,,2026-04-04,2026-06-14,12,20,20,72,0.166667,,,0.000000,,,,,,,,GLOBAL_BASELINE_NO_ENTITY_RANKING,,,NOT_APPLICABLE_GLOBAL_BASELINE,HF9g-P5,,,,X 全窗基线 · 不参与实体赏罚,3924793,393,A168_HF9F_20260827_0900,2026-08-27 09:00:00
2026-04-07,67445858,-1,1,54.9695050127,7.8527864303,7.8527864303,0.3333333,3,3,0.49771390000000000,0.497713900000,-0.5694369385616226,-0.5694369385616226,-0.5694369385616226,0E-17,SENTINEL_DEALER,R03b_20260811_FULL_v1,L1_ELIGIBILITY,v2026-08-11,2026-03-21..2026-08-06,baccarat_bet02_101_all_pairs_incl_sentinel,round_win = game_pnl > 0 (decisive only),COMPATIBILITY_ONLY_NOT_PRODUCTION,6158.4169,5839.0703,-61.8608,44,39,0.01004492,,0.01004492,0.01004492,61.8608,6158.4169,OK,0.0000,-2.4744,4.0000,96.0000,AG03-UNRESOLVED,ALL5_LEVELS_bet23_to_bet27,-2.4744,-2.4744,-2.4744,-3.0930,-3.0930,4.000000,4.000000,4.000000,5.000000,5.000000,96.000000,96.000000,96.000000,95.000000,95.000000,5.0,-13.6094,-12.4666,-48.2514,-49.3943,PENDING_AG03,FALSE,NOT_FOR_ENFORCEMENT,-59.3864,5605.5075,-61.8608,-59.3864,-2.4744,-0.01004492,-0.00964313,-2.4744,-59.3864,-0.00964313,-2.4744,-2.4744,-2.4744,-3.0930,-3.0930,-59.3864,-0.00964313,-13.6094,-12.4666,-48.2514,-49.3943,-0.00783504,-0.00802061,-0.00040180,139.9640,149.7198,-1.5862,-5.1551,-3.0930,513.2014,3.2500,,139.9640,10.4704,25.9457,167.657,407.4807,780.3829,1171.1898,22.146,-9.1616,30.077494,45.13996,5.394489,17,17,7,5,0E-8,-0.01004492,,0E-8,0.000000,0.948145,0.000000,,2026-04-04,2026-06-14,12,20,20,72,0.166667,,,0.000000,,,,,,,,GLOBAL_BASELINE_NO_ENTITY_RANKING,,,NOT_APPLICABLE_GLOBAL_BASELINE,HF9g-P5,,,,X 全窗基线 · 不参与实体赏罚,3924794,393,A168_HF9F_20260827_0900,2026-08-27 09:00:00
2026-04-15,67445858,1205,0,332.4346255531,-43.4520849149,-43.4520849149,0.2000000,12,12,0.49994810000000000,0.499948100000,-1.897038361899665,-1.897038361899665,-1.897038361899665,0E-17,ELIGIBLE,R03b_20260811_FULL_v1,L1_ELIGIBILITY,v2026-08-11,2026-03-21..2026-08-06,baccarat_bet02_101_all_pairs_incl_sentinel,round_win = game_pnl > 0 (decisive only),COMPATIBILITY_ONLY_NOT_PRODUCTION,6158.4169,5839.0703,-61.8608,44,39,0.01004492,,0.01004492,0.01004492,61.8608,6158.4169,OK,0.0000,-2.4744,4.0000,96.0000,AG03-UNRESOLVED,ALL5_LEVELS_bet23_to_bet27,-2.4744,-2.4744,-2.4744,-3.0930,-3.0930,4.000000,4.000000,4.000000,5.000000,5.000000,96.000000,96.000000,96.000000,95.000000,95.000000,5.0,-13.6094,-12.4666,-48.2514,-49.3943,PENDING_AG03,FALSE,NOT_FOR_ENFORCEMENT,-59.3864,5605.5075,-61.8608,-59.3864,-2.4744,-0.01004492,-0.00964313,-2.4744,-59.3864,-0.00964313,-2.4744,-2.4744,-2.4744,-3.0930,-3.0930,-59.3864,-0.00964313,-13.6094,-12.4666,-48.2514,-49.3943,-0.00783504,-0.00802061,-0.00040180,139.9640,149.7198,-1.5862,-5.1551,-3.0930,513.2014,3.2500,,139.9640,10.4704,25.9457,167.657,407.4807,780.3829,1171.1898,22.146,-9.1616,30.077494,45.13996,5.394489,17,17,7,5,0E-8,-0.01004492,,0E-8,0.000000,0.948145,0.000000,,2026-04-04,2026-06-14,12,20,20,72,0.166667,,,0.000000,,,,,,,,GLOBAL_BASELINE_NO_ENTITY_RANKING,,,NOT_APPLICABLE_GLOBAL_BASELINE,HF9g-P5,,,,X 全窗基线 · 不参与实体赏罚,3924795,393,A168_HF9F_20260827_0900,2026-08-27 09:00:00
2026-04-15,67445858,1963,0,260.7125094888,-260.7125094888,-260.7125094888,0E-7,2,2,0.49994810000000000,0.499948100000,-1.4140667746232096,-1.4140667746232096,-1.4140667746232096,0E-17,ELIGIBLE,R03b_20260811_FULL_v1,L1_ELIGIBILITY,v2026-08-11,2026-03-21..2026-08-06,baccarat_bet02_101_all_pairs_incl_sentinel,round_win = game_pnl > 0 (decisive only),COMPATIBILITY_ONLY_NOT_PRODUCTION,6158.4169,5839.0703,-61.8608,44,39,0.01004492,,0.01004492,0.01004492,61.8608,6158.4169,OK,0.0000,-2.4744,4.0000,96.0000,AG03-UNRESOLVED,ALL5_LEVELS_bet23_to_bet27,-2.4744,-2.4744,-2.4744,-3.0930,-3.0930,4.000000,4.000000,4.000000,5.000000,5.000000,96.000000,96.000000,96.000000,95.000000,95.000000,5.0,-13.6094,-12.4666,-48.2514,-49.3943,PENDING_AG03,FALSE,NOT_FOR_ENFORCEMENT,-59.3864,5605.5075,-61.8608,-59.3864,-2.4744,-0.01004492,-0.00964313,-2.4744,-59.3864,-0.00964313,-2.4744,-2.4744,-2.4744,-3.0930,-3.0930,-59.3864,-0.00964313,-13.6094,-12.4666,-48.2514,-49.3943,-0.00783504,-0.00802061,-0.00040180,139.9640,149.7198,-1.5862,-5.1551,-3.0930,513.2014,3.2500,,139.9640,10.4704,25.9457,167.657,407.4807,780.3829,1171.1898,22.146,-9.1616,30.077494,45.13996,5.394489,17,17,7,5,0E-8,-0.01004492,,0E-8,0.000000,0.948145,0.000000,,2026-04-04,2026-06-14,12,20,20,72,0.166667,,,0.000000,,,,,,,,GLOBAL_BASELINE_NO_ENTITY_RANKING,,,NOT_APPLICABLE_GLOBAL_BASELINE,HF9g-P5,,,,X 全窗基线 · 不参与实体赏罚,3924796,393,A168_HF9F_20260827_0900,2026-08-27 09:00:00
2026-04-25,67445858,1318,0,235.5835929116,223.8044132660,223.8044132660,1.0000000,1,1,0.50665070000000000,0.506650700000,0.9867858985152569,0.9867858985152569,0.9867858985152569,0E-17,ELIGIBLE,R03b_20260811_FULL_v1,L1_ELIGIBILITY,v2026-08-11,2026-03-21..2026-08-06,baccarat_bet02_101_all_pairs_incl_sentinel,round_win = game_pnl > 0 (decisive only),COMPATIBILITY_ONLY_NOT_PRODUCTION,6158.4169,5839.0703,-61.8608,44,39,0.01004492,,0.01004492,0.01004492,61.8608,6158.4169,OK,0.0000,-2.4744,4.0000,96.0000,AG03-UNRESOLVED,ALL5_LEVELS_bet23_to_bet27,-2.4744,-2.4744,-2.4744,-3.0930,-3.0930,4.000000,4.000000,4.000000,5.000000,5.000000,96.000000,96.000000,96.000000,95.000000,95.000000,5.0,-13.6094,-12.4666,-48.2514,-49.3943,PENDING_AG03,FALSE,NOT_FOR_ENFORCEMENT,-59.3864,5605.5075,-61.8608,-59.3864,-2.4744,-0.01004492,-0.00964313,-2.4744,-59.3864,-0.00964313,-2.4744,-2.4744,-2.4744,-3.0930,-3.0930,-59.3864,-0.00964313,-13.6094,-12.4666,-48.2514,-49.3943,-0.00783504,-0.00802061,-0.00040180,139.9640,149.7198,-1.5862,-5.1551,-3.0930,513.2014,3.2500,,139.9640,10.4704,25.9457,167.657,407.4807,780.3829,1171.1898,22.146,-9.1616,30.077494,45.13996,5.394489,17,17,7,5,0E-8,-0.01004492,,0E-8,0.000000,0.948145,0.000000,,2026-04-04,2026-06-14,12,20,20,72,0.166667,,,0.000000,,,,,,,,GLOBAL_BASELINE_NO_ENTITY_RANKING,,,NOT_APPLICABLE_GLOBAL_BASELINE,HF9g-P5,,,,X 全窗基线 · 不参与实体赏罚,3924797,393,A168_HF9F_20260827_0900,2026-08-27 09:00:00
2026-04-25,67445858,2205,0,209.4076381436,0E-10,0E-10,,1,1,0.50665070000000000,0.506650700000,,,,0E-17,NO_DECISIVE_ROUND,R03b_20260811_FULL_v1,L1_ELIGIBILITY,v2026-08-11,2026-03-21..2026-08-06,baccarat_bet02_101_all_pairs_incl_sentinel,round_win = game_pnl > 0 (decisive only),COMPATIBILITY_ONLY_NOT_PRODUCTION,6158.4169,5839.0703,-61.8608,44,39,0.01004492,,0.01004492,0.01004492,61.8608,6158.4169,OK,0.0000,-2.4744,4.0000,96.0000,AG03-UNRESOLVED,ALL5_LEVELS_bet23_to_bet27,-2.4744,-2.4744,-2.4744,-3.0930,-3.0930,4.000000,4.000000,4.000000,5.000000,5.000000,96.000000,96.000000,96.000000,95.000000,95.000000,5.0,-13.6094,-12.4666,-48.2514,-49.3943,PENDING_AG03,FALSE,NOT_FOR_ENFORCEMENT,-59.3864,5605.5075,-61.8608,-59.3864,-2.4744,-0.01004492,-0.00964313,-2.4744,-59.3864,-0.00964313,-2.4744,-2.4744,-2.4744,-3.0930,-3.0930,-59.3864,-0.00964313,-13.6094,-12.4666,-48.2514,-49.3943,-0.00783504,-0.00802061,-0.00040180,139.9640,149.7198,-1.5862,-5.1551,-3.0930,513.2014,3.2500,,139.9640,10.4704,25.9457,167.657,407.4807,780.3829,1171.1898,22.146,-9.1616,30.077494,45.13996,5.394489,17,17,7,5,0E-8,-0.01004492,,0E-8,0.000000,0.948145,0.000000,,2026-04-04,2026-06-14,12,20,20,72,0.166667,,,0.000000,,,,,,,,GLOBAL_BASELINE_NO_ENTITY_RANKING,,,NOT_APPLICABLE_GLOBAL_BASELINE,HF9g-P5,,,,X 全窗基线 · 不参与实体赏罚,3924798,393,A168_HF9F_20260827_0900,2026-08-27 09:00:00
2026-04-27,67445858,2252,0,575.8710048950,209.4076381436,209.4076381436,0.5000000,2,2,0.49324550000000000,0.493245500000,0.01910635448239258,0.01910635448239258,0.01910635448239258,0E-17,ELIGIBLE,R03b_20260811_FULL_v1,L1_ELIGIBILITY,v2026-08-11,2026-03-21..2026-08-06,baccarat_bet02_101_all_pairs_incl_sentinel,round_win = game_pnl > 0 (decisive only),COMPATIBILITY_ONLY_NOT_PRODUCTION,6158.4169,5839.0703,-61.8608,44,39,0.01004492,,0.01004492,0.01004492,61.8608,6158.4169,OK,0.0000,-2.4744,4.0000,96.0000,AG03-UNRESOLVED,ALL5_LEVELS_bet23_to_bet27,-2.4744,-2.4744,-2.4744,-3.0930,-3.0930,4.000000,4.000000,4.000000,5.000000,5.000000,96.000000,96.000000,96.000000,95.000000,95.000000,5.0,-13.6094,-12.4666,-48.2514,-49.3943,PENDING_AG03,FALSE,NOT_FOR_ENFORCEMENT,-59.3864,5605.5075,-61.8608,-59.3864,-2.4744,-0.01004492,-0.00964313,-2.4744,-59.3864,-0.00964313,-2.4744,-2.4744,-2.4744,-3.0930,-3.0930,-59.3864,-0.00964313,-13.6094,-12.4666,-48.2514,-49.3943,-0.00783504,-0.00802061,-0.00040180,139.9640,149.7198,-1.5862,-5.1551,-3.0930,513.2014,3.2500,,139.9640,10.4704,25.9457,167.657,407.4807,780.3829,1171.1898,22.146,-9.1616,30.077494,45.13996,5.394489,17,17,7,5,0E-8,-0.01004492,,0E-8,0.000000,0.948145,0.000000,,2026-04-04,2026-06-14,12,20,20,72,0.166667,,,0.000000,,,,,,,,GLOBAL_BASELINE_NO_ENTITY_RANKING,,,NOT_APPLICABLE_GLOBAL_BASELINE,HF9g-P5,,,,X 全窗基线 · 不参与实体赏罚,3924799,393,A168_HF9F_20260827_0900,2026-08-27 09:00:00
2026-05-18,67445858,-1,1,1072.3366716828,1010.0669399616,1010.0669399616,0.5000000,2,2,0.49324550000000000,0.493245500000,0.01910635448239258,0.01910635448239258,0.01910635448239258,0E-17,SENTINEL_DEALER,R03b_20260811_FULL_v1,L1_ELIGIBILITY,v2026-08-11,2026-03-21..2026-08-06,baccarat_bet02_101_all_pairs_incl_sentinel,round_win = game_pnl > 0 (decisive only),COMPATIBILITY_ONLY_NOT_PRODUCTION,6158.4169,5839.0703,-61.8608,44,39,0.01004492,,0.01004492,0.01004492,61.8608,6158.4169,OK,0.0000,-2.4744,4.0000,96.0000,AG03-UNRESOLVED,ALL5_LEVELS_bet23_to_bet27,-2.4744,-2.4744,-2.4744,-3.0930,-3.0930,4.000000,4.000000,4.000000,5.000000,5.000000,96.000000,96.000000,96.000000,95.000000,95.000000,5.0,-13.6094,-12.4666,-48.2514,-49.3943,PENDING_AG03,FALSE,NOT_FOR_ENFORCEMENT,-59.3864,5605.5075,-61.8608,-59.3864,-2.4744,-0.01004492,-0.00964313,-2.4744,-59.3864,-0.00964313,-2.4744,-2.4744,-2.4744,-3.0930,-3.0930,-59.3864,-0.00964313,-13.6094,-12.4666,-48.2514,-49.3943,-0.00783504,-0.00802061,-0.00040180,139.9640,149.7198,-1.5862,-5.1551,-3.0930,513.2014,3.2500,,139.9640,10.4704,25.9457,167.657,407.4807,780.3829,1171.1898,22.146,-9.1616,30.077494,45.13996,5.394489,17,17,7,5,0E-8,-0.01004492,,0E-8,0.000000,0.948145,0.000000,,2026-04-04,2026-06-14,12,20,20,72,0.166667,,,0.000000,,,,,,,,GLOBAL_BASELINE_NO_ENTITY_RANKING,,,NOT_APPLICABLE_GLOBAL_BASELINE,HF9g-P5,,,,X 全窗基线 · 不参与实体赏罚,3924800,393,A168_HF9F_20260827_0900,2026-08-27 09:00:00
2026-05-18,67445858,1509,0,51.8914431010,49.2968709460,49.2968709460,1.0000000,1,1,0.50665070000000000,0.506650700000,0.9867858985152569,0.9867858985152569,0.9867858985152569,0E-17,ELIGIBLE,R03b_20260811_FULL_v1,L1_ELIGIBILITY,v2026-08-11,2026-03-21..2026-08-06,baccarat_bet02_101_all_pairs_incl_sentinel,round_win = game_pnl > 0 (decisive only),COMPATIBILITY_ONLY_NOT_PRODUCTION,6158.4169,5839.0703,-61.8608,44,39,0.01004492,,0.01004492,0.01004492,61.8608,6158.4169,OK,0.0000,-2.4744,4.0000,96.0000,AG03-UNRESOLVED,ALL5_LEVELS_bet23_to_bet27,-2.4744,-2.4744,-2.4744,-3.0930,-3.0930,4.000000,4.000000,4.000000,5.000000,5.000000,96.000000,96.000000,96.000000,95.000000,95.000000,5.0,-13.6094,-12.4666,-48.2514,-49.3943,PENDING_AG03,FALSE,NOT_FOR_ENFORCEMENT,-59.3864,5605.5075,-61.8608,-59.3864,-2.4744,-0.01004492,-0.00964313,-2.4744,-59.3864,-0.00964313,-2.4744,-2.4744,-2.4744,-3.0930,-3.0930,-59.3864,-0.00964313,-13.6094,-12.4666,-48.2514,-49.3943,-0.00783504,-0.00802061,-0.00040180,139.9640,149.7198,-1.5862,-5.1551,-3.0930,513.2014,3.2500,,139.9640,10.4704,25.9457,167.657,407.4807,780.3829,1171.1898,22.146,-9.1616,30.077494,45.13996,5.394489,17,17,7,5,0E-8,-0.01004492,,0E-8,0.000000,0.948145,0.000000,,2026-04-04,2026-06-14,12,20,20,72,0.166667,,,0.000000,,,,,,,,GLOBAL_BASELINE_NO_ENTITY_RANKING,,,NOT_APPLICABLE_GLOBAL_BASELINE,HF9g-P5,,,,X 全窗基线 · 不参与实体赏罚,3924801,393,A168_HF9F_20260827_0900,2026-08-27 09:00:00
2026-05-18,67445858,2242,0,23.3511493955,-23.3511493955,-23.3511493955,0E-7,1,1,0.49324550000000000,0.493245500000,-0.9865810262130424,-0.9865810262130424,-0.9865810262130424,0E-17,ELIGIBLE,R03b_20260811_FULL_v1,L1_ELIGIBILITY,v2026-08-11,2026-03-21..2026-08-06,baccarat_bet02_101_all_pairs_incl_sentinel,round_win = game_pnl > 0 (decisive only),COMPATIBILITY_ONLY_NOT_PRODUCTION,6158.4169,5839.0703,-61.8608,44,39,0.01004492,,0.01004492,0.01004492,61.8608,6158.4169,OK,0.0000,-2.4744,4.0000,96.0000,AG03-UNRESOLVED,ALL5_LEVELS_bet23_to_bet27,-2.4744,-2.4744,-2.4744,-3.0930,-3.0930,4.000000,4.000000,4.000000,5.000000,5.000000,96.000000,96.000000,96.000000,95.000000,95.000000,5.0,-13.6094,-12.4666,-48.2514,-49.3943,PENDING_AG03,FALSE,NOT_FOR_ENFORCEMENT,-59.3864,5605.5075,-61.8608,-59.3864,-2.4744,-0.01004492,-0.00964313,-2.4744,-59.3864,-0.00964313,-2.4744,-2.4744,-2.4744,-3.0930,-3.0930,-59.3864,-0.00964313,-13.6094,-12.4666,-48.2514,-49.3943,-0.00783504,-0.00802061,-0.00040180,139.9640,149.7198,-1.5862,-5.1551,-3.0930,513.2014,3.2500,,139.9640,10.4704,25.9457,167.657,407.4807,780.3829,1171.1898,22.146,-9.1616,30.077494,45.13996,5.394489,17,17,7,5,0E-8,-0.01004492,,0E-8,0.000000,0.948145,0.000000,,2026-04-04,2026-06-14,12,20,20,72,0.166667,,,0.000000,,,,,,,,GLOBAL_BASELINE_NO_ENTITY_RANKING,,,NOT_APPLICABLE_GLOBAL_BASELINE,HF9g-P5,,,,X 全窗基线 · 不参与实体赏罚,3924802,393,A168_HF9F_20260827_0900,2026-08-27 09:00:00
2026-05-21,67445858,2248,0,1171.1898707903,-1171.1898707903,-1171.1898707903,0E-7,1,1,0.49324550000000000,0.493245500000,-0.9865810262130424,-0.9865810262130424,-0.9865810262130424,0E-17,ELIGIBLE,R03b_20260811_FULL_v1,L1_ELIGIBILITY,v2026-08-11,2026-03-21..2026-08-06,baccarat_bet02_101_all_pairs_incl_sentinel,round_win = game_pnl > 0 (decisive only),COMPATIBILITY_ONLY_NOT_PRODUCTION,6158.4169,5839.0703,-61.8608,44,39,0.01004492,,0.01004492,0.01004492,61.8608,6158.4169,OK,0.0000,-2.4744,4.0000,96.0000,AG03-UNRESOLVED,ALL5_LEVELS_bet23_to_bet27,-2.4744,-2.4744,-2.4744,-3.0930,-3.0930,4.000000,4.000000,4.000000,5.000000,5.000000,96.000000,96.000000,96.000000,95.000000,95.000000,5.0,-13.6094,-12.4666,-48.2514,-49.3943,PENDING_AG03,FALSE,NOT_FOR_ENFORCEMENT,-59.3864,5605.5075,-61.8608,-59.3864,-2.4744,-0.01004492,-0.00964313,-2.4744,-59.3864,-0.00964313,-2.4744,-2.4744,-2.4744,-3.0930,-3.0930,-59.3864,-0.00964313,-13.6094,-12.4666,-48.2514,-49.3943,-0.00783504,-0.00802061,-0.00040180,139.9640,149.7198,-1.5862,-5.1551,-3.0930,513.2014,3.2500,,139.9640,10.4704,25.9457,167.657,407.4807,780.3829,1171.1898,22.146,-9.1616,30.077494,45.13996,5.394489,17,17,7,5,0E-8,-0.01004492,,0E-8,0.000000,0.948145,0.000000,,2026-04-04,2026-06-14,12,20,20,72,0.166667,,,0.000000,,,,,,,,GLOBAL_BASELINE_NO_ENTITY_RANKING,,,NOT_APPLICABLE_GLOBAL_BASELINE,HF9g-P5,,,,X 全窗基线 · 不参与实体赏罚,3924803,393,A168_HF9F_20260827_0900,2026-08-27 09:00:00
2026-05-25,67445858,1400,0,26.9835504126,-26.9835504126,-26.9835504126,0E-7,2,1,0.05141798076920394,0.050211200000,-0.23281988193936573,-0.22992530875270223,-0.23281988193936573,0.00120678076920394,ELIGIBLE,R03b_20260811_FULL_v1,L1_ELIGIBILITY,v2026-08-11,2026-03-21..2026-08-06,baccarat_bet02_101_all_pairs_incl_sentinel,round_win = game_pnl > 0 (decisive only),COMPATIBILITY_ONLY_NOT_PRODUCTION,6158.4169,5839.0703,-61.8608,44,39,0.01004492,,0.01004492,0.01004492,61.8608,6158.4169,OK,0.0000,-2.4744,4.0000,96.0000,AG03-UNRESOLVED,ALL5_LEVELS_bet23_to_bet27,-2.4744,-2.4744,-2.4744,-3.0930,-3.0930,4.000000,4.000000,4.000000,5.000000,5.000000,96.000000,96.000000,96.000000,95.000000,95.000000,5.0,-13.6094,-12.4666,-48.2514,-49.3943,PENDING_AG03,FALSE,NOT_FOR_ENFORCEMENT,-59.3864,5605.5075,-61.8608,-59.3864,-2.4744,-0.01004492,-0.00964313,-2.4744,-59.3864,-0.00964313,-2.4744,-2.4744,-2.4744,-3.0930,-3.0930,-59.3864,-0.00964313,-13.6094,-12.4666,-48.2514,-49.3943,-0.00783504,-0.00802061,-0.00040180,139.9640,149.7198,-1.5862,-5.1551,-3.0930,513.2014,3.2500,,139.9640,10.4704,25.9457,167.657,407.4807,780.3829,1171.1898,22.146,-9.1616,30.077494,45.13996,5.394489,17,17,7,5,0E-8,-0.01004492,,0E-8,0.000000,0.948145,0.000000,,2026-04-04,2026-06-14,12,20,20,72,0.166667,,,0.000000,,,,,,,,GLOBAL_BASELINE_NO_ENTITY_RANKING,,,NOT_APPLICABLE_GLOBAL_BASELINE,HF9g-P5,,,,X 全窗基线 · 不参与实体赏罚,3924804,393,A168_HF9F_20260827_0900,2026-08-27 09:00:00
2026-05-26,67445858,1966,0,286.4407659177,286.4407659177,286.4407659177,1.0000000,1,1,0.49324550000000000,0.493245500000,1.01360149184955,1.01360149184955,1.01360149184955,0E-17,ELIGIBLE,R03b_20260811_FULL_v1,L1_ELIGIBILITY,v2026-08-11,2026-03-21..2026-08-06,baccarat_bet02_101_all_pairs_incl_sentinel,round_win = game_pnl > 0 (decisive only),COMPATIBILITY_ONLY_NOT_PRODUCTION,6158.4169,5839.0703,-61.8608,44,39,0.01004492,,0.01004492,0.01004492,61.8608,6158.4169,OK,0.0000,-2.4744,4.0000,96.0000,AG03-UNRESOLVED,ALL5_LEVELS_bet23_to_bet27,-2.4744,-2.4744,-2.4744,-3.0930,-3.0930,4.000000,4.000000,4.000000,5.000000,5.000000,96.000000,96.000000,96.000000,95.000000,95.000000,5.0,-13.6094,-12.4666,-48.2514,-49.3943,PENDING_AG03,FALSE,NOT_FOR_ENFORCEMENT,-59.3864,5605.5075,-61.8608,-59.3864,-2.4744,-0.01004492,-0.00964313,-2.4744,-59.3864,-0.00964313,-2.4744,-2.4744,-2.4744,-3.0930,-3.0930,-59.3864,-0.00964313,-13.6094,-12.4666,-48.2514,-49.3943,-0.00783504,-0.00802061,-0.00040180,139.9640,149.7198,-1.5862,-5.1551,-3.0930,513.2014,3.2500,,139.9640,10.4704,25.9457,167.657,407.4807,780.3829,1171.1898,22.146,-9.1616,30.077494,45.13996,5.394489,17,17,7,5,0E-8,-0.01004492,,0E-8,0.000000,0.948145,0.000000,,2026-04-04,2026-06-14,12,20,20,72,0.166667,,,0.000000,,,,,,,,GLOBAL_BASELINE_NO_ENTITY_RANKING,,,NOT_APPLICABLE_GLOBAL_BASELINE,HF9g-P5,,,,X 全窗基线 · 不参与实体赏罚,3924805,393,A168_HF9F_20260827_0900,2026-08-27 09:00:00
2026-06-09,67445858,-1,1,360.0174865636,-360.0174865636,-360.0174865636,0E-7,2,1,0.47428717857148251,0.280106050000,-0.9498311488012238,-0.6237735893609975,-0.9498311488012238,0.19418112857148251,SENTINEL_DEALER,R03b_20260811_FULL_v1,L1_ELIGIBILITY,v2026-08-11,2026-03-21..2026-08-06,baccarat_bet02_101_all_pairs_incl_sentinel,round_win = game_pnl > 0 (decisive only),COMPATIBILITY_ONLY_NOT_PRODUCTION,6158.4169,5839.0703,-61.8608,44,39,0.01004492,,0.01004492,0.01004492,61.8608,6158.4169,OK,0.0000,-2.4744,4.0000,96.0000,AG03-UNRESOLVED,ALL5_LEVELS_bet23_to_bet27,-2.4744,-2.4744,-2.4744,-3.0930,-3.0930,4.000000,4.000000,4.000000,5.000000,5.000000,96.000000,96.000000,96.000000,95.000000,95.000000,5.0,-13.6094,-12.4666,-48.2514,-49.3943,PENDING_AG03,FALSE,NOT_FOR_ENFORCEMENT,-59.3864,5605.5075,-61.8608,-59.3864,-2.4744,-0.01004492,-0.00964313,-2.4744,-59.3864,-0.00964313,-2.4744,-2.4744,-2.4744,-3.0930,-3.0930,-59.3864,-0.00964313,-13.6094,-12.4666,-48.2514,-49.3943,-0.00783504,-0.00802061,-0.00040180,139.9640,149.7198,-1.5862,-5.1551,-3.0930,513.2014,3.2500,,139.9640,10.4704,25.9457,167.657,407.4807,780.3829,1171.1898,22.146,-9.1616,30.077494,45.13996,5.394489,17,17,7,5,0E-8,-0.01004492,,0E-8,0.000000,0.948145,0.000000,,2026-04-04,2026-06-14,12,20,20,72,0.166667,,,0.000000,,,,,,,,GLOBAL_BASELINE_NO_ENTITY_RANKING,,,NOT_APPLICABLE_GLOBAL_BASELINE,HF9g-P5,,,,X 全窗基线 · 不参与实体赏罚,3924806,393,A168_HF9F_20260827_0900,2026-08-27 09:00:00
2026-06-09,67445858,2152,0,694.3194383727,609.4581736828,609.4581736828,1.0000000,2,1,0.48986961481484382,0.280106050000,1.0204702427827752,1.6031457840727341,1.0204702427827752,0.20976356481484382,ELIGIBLE,R03b_20260811_FULL_v1,L1_ELIGIBILITY,v2026-08-11,2026-03-21..2026-08-06,baccarat_bet02_101_all_pairs_incl_sentinel,round_win = game_pnl > 0 (decisive only),COMPATIBILITY_ONLY_NOT_PRODUCTION,6158.4169,5839.0703,-61.8608,44,39,0.01004492,,0.01004492,0.01004492,61.8608,6158.4169,OK,0.0000,-2.4744,4.0000,96.0000,AG03-UNRESOLVED,ALL5_LEVELS_bet23_to_bet27,-2.4744,-2.4744,-2.4744,-3.0930,-3.0930,4.000000,4.000000,4.000000,5.000000,5.000000,96.000000,96.000000,96.000000,95.000000,95.000000,5.0,-13.6094,-12.4666,-48.2514,-49.3943,PENDING_AG03,FALSE,NOT_FOR_ENFORCEMENT,-59.3864,5605.5075,-61.8608,-59.3864,-2.4744,-0.01004492,-0.00964313,-2.4744,-59.3864,-0.00964313,-2.4744,-2.4744,-2.4744,-3.0930,-3.0930,-59.3864,-0.00964313,-13.6094,-12.4666,-48.2514,-49.3943,-0.00783504,-0.00802061,-0.00040180,139.9640,149.7198,-1.5862,-5.1551,-3.0930,513.2014,3.2500,,139.9640,10.4704,25.9457,167.657,407.4807,780.3829,1171.1898,22.146,-9.1616,30.077494,45.13996,5.394489,17,17,7,5,0E-8,-0.01004492,,0E-8,0.000000,0.948145,0.000000,,2026-04-04,2026-06-14,12,20,20,72,0.166667,,,0.000000,,,,,,,,GLOBAL_BASELINE_NO_ENTITY_RANKING,,,NOT_APPLICABLE_GLOBAL_BASELINE,HF9g-P5,,,,X 全窗基线 · 不参与实体赏罚,3924807,393,A168_HF9F_20260827_0900,2026-08-27 09:00:00
2026-06-12,67445858,-1,1,597.6290276956,-597.6290276956,-597.6290276956,0E-7,3,1,0.45292605507744735,0.197889300000,-0.9098936551137704,-0.4966998184331015,-0.9098936551137704,0.25503675507744735,SENTINEL_DEALER,R03b_20260811_FULL_v1,L1_ELIGIBILITY,v2026-08-11,2026-03-21..2026-08-06,baccarat_bet02_101_all_pairs_incl_sentinel,round_win = game_pnl > 0 (decisive only),COMPATIBILITY_ONLY_NOT_PRODUCTION,6158.4169,5839.0703,-61.8608,44,39,0.01004492,,0.01004492,0.01004492,61.8608,6158.4169,OK,0.0000,-2.4744,4.0000,96.0000,AG03-UNRESOLVED,ALL5_LEVELS_bet23_to_bet27,-2.4744,-2.4744,-2.4744,-3.0930,-3.0930,4.000000,4.000000,4.000000,5.000000,5.000000,96.000000,96.000000,96.000000,95.000000,95.000000,5.0,-13.6094,-12.4666,-48.2514,-49.3943,PENDING_AG03,FALSE,NOT_FOR_ENFORCEMENT,-59.3864,5605.5075,-61.8608,-59.3864,-2.4744,-0.01004492,-0.00964313,-2.4744,-59.3864,-0.00964313,-2.4744,-2.4744,-2.4744,-3.0930,-3.0930,-59.3864,-0.00964313,-13.6094,-12.4666,-48.2514,-49.3943,-0.00783504,-0.00802061,-0.00040180,139.9640,149.7198,-1.5862,-5.1551,-3.0930,513.2014,3.2500,,139.9640,10.4704,25.9457,167.657,407.4807,780.3829,1171.1898,22.146,-9.1616,30.077494,45.13996,5.394489,17,17,7,5,0E-8,-0.01004492,,0E-8,0.000000,0.948145,0.000000,,2026-04-04,2026-06-14,12,20,20,72,0.166667,,,0.000000,,,,,,,,GLOBAL_BASELINE_NO_ENTITY_RANKING,,,NOT_APPLICABLE_GLOBAL_BASELINE,HF9g-P5,,,,X 全窗基线 · 不参与实体赏罚,3924808,393,A168_HF9F_20260827_0900,2026-08-27 09:00:00
2026-06-14,67445858,-1,1,11.3148352920,-11.3148352920,-11.3148352920,0E-7,1,1,0.50665070000000000,0.506650700000,-1.013391052207602,-1.013391052207602,-1.013391052207602,0E-17,SENTINEL_DEALER,R03b_20260811_FULL_v1,L1_ELIGIBILITY,v2026-08-11,2026-03-21..2026-08-06,baccarat_bet02_101_all_pairs_incl_sentinel,round_win = game_pnl > 0 (decisive only),COMPATIBILITY_ONLY_NOT_PRODUCTION,6158.4169,5839.0703,-61.8608,44,39,0.01004492,,0.01004492,0.01004492,61.8608,6158.4169,OK,0.0000,-2.4744,4.0000,96.0000,AG03-UNRESOLVED,ALL5_LEVELS_bet23_to_bet27,-2.4744,-2.4744,-2.4744,-3.0930,-3.0930,4.000000,4.000000,4.000000,5.000000,5.000000,96.000000,96.000000,96.000000,95.000000,95.000000,5.0,-13.6094,-12.4666,-48.2514,-49.3943,PENDING_AG03,FALSE,NOT_FOR_ENFORCEMENT,-59.3864,5605.5075,-61.8608,-59.3864,-2.4744,-0.01004492,-0.00964313,-2.4744,-59.3864,-0.00964313,-2.4744,-2.4744,-2.4744,-3.0930,-3.0930,-59.3864,-0.00964313,-13.6094,-12.4666,-48.2514,-49.3943,-0.00783504,-0.00802061,-0.00040180,139.9640,149.7198,-1.5862,-5.1551,-3.0930,513.2014,3.2500,,139.9640,10.4704,25.9457,167.657,407.4807,780.3829,1171.1898,22.146,-9.1616,30.077494,45.13996,5.394489,17,17,7,5,0E-8,-0.01004492,,0E-8,0.000000,0.948145,0.000000,,2026-04-04,2026-06-14,12,20,20,72,0.166667,,,0.000000,,,,,,,,GLOBAL_BASELINE_NO_ENTITY_RANKING,,,NOT_APPLICABLE_GLOBAL_BASELINE,HF9g-P5,,,,X 全窗基线 · 不参与实体赏罚,3924809,393,A168_HF9F_20260827_0900,2026-08-27 09:00:00
2026-03-22,124106016,1108,0,329.1465887250,191.5633146379,191.5633146379,0.8333333,8,8,0.49994810000000000,0.499948100000,1.6332474276894162,1.6332474276894162,1.6332474276894162,0E-17,ELIGIBLE,R03b_20260811_FULL_v1,L1_ELIGIBILITY,v2026-08-11,2026-03-21..2026-08-06,baccarat_bet02_101_all_pairs_incl_sentinel,round_win = game_pnl > 0 (decisive only),COMPATIBILITY_ONLY_NOT_PRODUCTION,6261.7136,5355.1710,-61.8591,137,136,0.00987894,,0.00987894,0.00987894,61.8591,6261.7136,OK,0.0000,-2.4744,4.0000,96.0000,AG03-UNRESOLVED,ALL5_LEVELS_bet23_to_bet27,-2.4744,-2.4744,-2.4744,-3.0930,-3.0930,4.000000,4.000000,4.000000,5.000000,5.000000,96.000000,96.000000,96.000000,95.000000,95.000000,5.0,-13.6090,-12.4662,-48.2501,-49.3929,PENDING_AG03,FALSE,NOT_FOR_ENFORCEMENT,-59.3847,5140.9641,-61.8591,-59.3847,-2.4744,-0.00987894,-0.00948378,-2.4744,-59.3847,-0.00948378,-2.4744,-2.4744,-2.4744,-3.0930,-3.0930,-59.3847,-0.00948378,-13.6090,-12.4662,-48.2501,-49.3929,-0.00770557,-0.00788808,-0.00039516,45.7059,39.3763,-0.4548,-8.8370,-1.3162,894.5305,19.4286,,45.7059,25.7155,51.4311,64.2888,77.1466,98.3618,131.9208,34.5523,0.0,1.912499,2.565003,0.888683,23,40,8,2,0E-8,-0.00987894,,0E-8,0.000000,0.855225,0.000000,,2026-03-22,2026-06-24,7,47,44,95,0.073684,,,0.000000,,,,,,,,GLOBAL_BASELINE_NO_ENTITY_RANKING,,,NOT_APPLICABLE_GLOBAL_BASELINE,HF9g-P5,,,,X 全窗基线 · 不参与实体赏罚,3924810,393,A168_HF9F_20260827_0900,2026-08-27 09:00:00
2026-03-22,124106016,2106,0,394.9759064698,75.7037154066,75.7037154066,0.6000000,6,6,0.49547970000000000,0.495479700000,0.4674480948863271,0.4674480948863271,0.4674480948863271,0E-17,ELIGIBLE,R03b_20260811_FULL_v1,L1_ELIGIBILITY,v2026-08-11,2026-03-21..2026-08-06,baccarat_bet02_101_all_pairs_incl_sentinel,round_win = game_pnl > 0 (decisive only),COMPATIBILITY_ONLY_NOT_PRODUCTION,6261.7136,5355.1710,-61.8591,137,136,0.00987894,,0.00987894,0.00987894,61.8591,6261.7136,OK,0.0000,-2.4744,4.0000,96.0000,AG03-UNRESOLVED,ALL5_LEVELS_bet23_to_bet27,-2.4744,-2.4744,-2.4744,-3.0930,-3.0930,4.000000,4.000000,4.000000,5.000000,5.000000,96.000000,96.000000,96.000000,95.000000,95.000000,5.0,-13.6090,-12.4662,-48.2501,-49.3929,PENDING_AG03,FALSE,NOT_FOR_ENFORCEMENT,-59.3847,5140.9641,-61.8591,-59.3847,-2.4744,-0.00987894,-0.00948378,-2.4744,-59.3847,-0.00948378,-2.4744,-2.4744,-2.4744,-3.0930,-3.0930,-59.3847,-0.00948378,-13.6090,-12.4662,-48.2501,-49.3929,-0.00770557,-0.00788808,-0.00039516,45.7059,39.3763,-0.4548,-8.8370,-1.3162,894.5305,19.4286,,45.7059,25.7155,51.4311,64.2888,77.1466,98.3618,131.9208,34.5523,0.0,1.912499,2.565003,0.888683,23,40,8,2,0E-8,-0.00987894,,0E-8,0.000000,0.855225,0.000000,,2026-03-22,2026-06-24,7,47,44,95,0.073684,,,0.000000,,,,,,,,GLOBAL_BASELINE_NO_ENTITY_RANKING,,,NOT_APPLICABLE_GLOBAL_BASELINE,HF9g-P5,,,,X 全窗基线 · 不参与实体赏罚,3924811,393,A168_HF9F_20260827_0900,2026-08-27 09:00:00
2026-03-22,124106016,2241,0,26.3317270980,25.0151407431,25.0151407431,1.0000000,1,1,0.50665070000000000,0.506650700000,0.9867858985152569,0.9867858985152569,0.9867858985152569,0E-17,ELIGIBLE,R03b_20260811_FULL_v1,L1_ELIGIBILITY,v2026-08-11,2026-03-21..2026-08-06,baccarat_bet02_101_all_pairs_incl_sentinel,round_win = game_pnl > 0 (decisive only),COMPATIBILITY_ONLY_NOT_PRODUCTION,6261.7136,5355.1710,-61.8591,137,136,0.00987894,,0.00987894,0.00987894,61.8591,6261.7136,OK,0.0000,-2.4744,4.0000,96.0000,AG03-UNRESOLVED,ALL5_LEVELS_bet23_to_bet27,-2.4744,-2.4744,-2.4744,-3.0930,-3.0930,4.000000,4.000000,4.000000,5.000000,5.000000,96.000000,96.000000,96.000000,95.000000,95.000000,5.0,-13.6090,-12.4662,-48.2501,-49.3929,PENDING_AG03,FALSE,NOT_FOR_ENFORCEMENT,-59.3847,5140.9641,-61.8591,-59.3847,-2.4744,-0.00987894,-0.00948378,-2.4744,-59.3847,-0.00948378,-2.4744,-2.4744,-2.4744,-3.0930,-3.0930,-59.3847,-0.00948378,-13.6090,-12.4662,-48.2501,-49.3929,-0.00770557,-0.00788808,-0.00039516,45.7059,39.3763,-0.4548,-8.8370,-1.3162,894.5305,19.4286,,45.7059,25.7155,51.4311,64.2888,77.1466,98.3618,131.9208,34.5523,0.0,1.912499,2.565003,0.888683,23,40,8,2,0E-8,-0.00987894,,0E-8,0.000000,0.855225,0.000000,,2026-03-22,2026-06-24,7,47,44,95,0.073684,,,0.000000,,,,,,,,GLOBAL_BASELINE_NO_ENTITY_RANKING,,,NOT_APPLICABLE_GLOBAL_BASELINE,HF9g-P5,,,,X 全窗基线 · 不参与实体赏罚,3924812,393,A168_HF9F_20260827_0900,2026-08-27 09:00:00
2026-04-15,124106016,1004,0,65.4398869199,-65.4398869199,-65.4398869199,0E-7,2,2,0.49324550000000000,0.493245500000,-1.3952362676504506,-1.3952362676504506,-1.3952362676504506,0E-17,ELIGIBLE,R03b_20260811_FULL_v1,L1_ELIGIBILITY,v2026-08-11,2026-03-21..2026-08-06,baccarat_bet02_101_all_pairs_incl_sentinel,round_win = game_pnl > 0 (decisive only),COMPATIBILITY_ONLY_NOT_PRODUCTION,6261.7136,5355.1710,-61.8591,137,136,0.00987894,,0.00987894,0.00987894,61.8591,6261.7136,OK,0.0000,-2.4744,4.0000,96.0000,AG03-UNRESOLVED,ALL5_LEVELS_bet23_to_bet27,-2.4744,-2.4744,-2.4744,-3.0930,-3.0930,4.000000,4.000000,4.000000,5.000000,5.000000,96.000000,96.000000,96.000000,95.000000,95.000000,5.0,-13.6090,-12.4662,-48.2501,-49.3929,PENDING_AG03,FALSE,NOT_FOR_ENFORCEMENT,-59.3847,5140.9641,-61.8591,-59.3847,-2.4744,-0.00987894,-0.00948378,-2.4744,-59.3847,-0.00948378,-2.4744,-2.4744,-2.4744,-3.0930,-3.0930,-59.3847,-0.00948378,-13.6090,-12.4662,-48.2501,-49.3929,-0.00770557,-0.00788808,-0.00039516,45.7059,39.3763,-0.4548,-8.8370,-1.3162,894.5305,19.4286,,45.7059,25.7155,51.4311,64.2888,77.1466,98.3618,131.9208,34.5523,0.0,1.912499,2.565003,0.888683,23,40,8,2,0E-8,-0.00987894,,0E-8,0.000000,0.855225,0.000000,,2026-03-22,2026-06-24,7,47,44,95,0.073684,,,0.000000,,,,,,,,GLOBAL_BASELINE_NO_ENTITY_RANKING,,,NOT_APPLICABLE_GLOBAL_BASELINE,HF9g-P5,,,,X 全窗基线 · 不参与实体赏罚,3924813,393,A168_HF9F_20260827_0900,2026-08-27 09:00:00
2026-04-15,124106016,1151,0,107.3214145486,-107.3214145486,-107.3214145486,0E-7,2,2,0.49994810000000000,0.499948100000,-1.4140667746232096,-1.4140667746232096,-1.4140667746232096,0E-17,ELIGIBLE,R03b_20260811_FULL_v1,L1_ELIGIBILITY,v2026-08-11,2026-03-21..2026-08-06,baccarat_bet02_101_all_pairs_incl_sentinel,round_win = game_pnl > 0 (decisive only),COMPATIBILITY_ONLY_NOT_PRODUCTION,6261.7136,5355.1710,-61.8591,137,136,0.00987894,,0.00987894,0.00987894,61.8591,6261.7136,OK,0.0000,-2.4744,4.0000,96.0000,AG03-UNRESOLVED,ALL5_LEVELS_bet23_to_bet27,-2.4744,-2.4744,-2.4744,-3.0930,-3.0930,4.000000,4.000000,4.000000,5.000000,5.000000,96.000000,96.000000,96.000000,95.000000,95.000000,5.0,-13.6090,-12.4662,-48.2501,-49.3929,PENDING_AG03,FALSE,NOT_FOR_ENFORCEMENT,-59.3847,5140.9641,-61.8591,-59.3847,-2.4744,-0.00987894,-0.00948378,-2.4744,-59.3847,-0.00948378,-2.4744,-2.4744,-2.4744,-3.0930,-3.0930,-59.3847,-0.00948378,-13.6090,-12.4662,-48.2501,-49.3929,-0.00770557,-0.00788808,-0.00039516,45.7059,39.3763,-0.4548,-8.8370,-1.3162,894.5305,19.4286,,45.7059,25.7155,51.4311,64.2888,77.1466,98.3618,131.9208,34.5523,0.0,1.912499,2.565003,0.888683,23,40,8,2,0E-8,-0.00987894,,0E-8,0.000000,0.855225,0.000000,,2026-03-22,2026-06-24,7,47,44,95,0.073684,,,0.000000,,,,,,,,GLOBAL_BASELINE_NO_ENTITY_RANKING,,,NOT_APPLICABLE_GLOBAL_BASELINE,HF9g-P5,,,,X 全窗基线 · 不参与实体赏罚,3924814,393,A168_HF9F_20260827_0900,2026-08-27 09:00:00
2026-04-15,124106016,1400,0,26.1759547680,-26.1759547680,-26.1759547680,0E-7,1,1,0.50665070000000000,0.506650700000,-1.013391052207602,-1.013391052207602,-1.013391052207602,0E-17,ELIGIBLE,R03b_20260811_FULL_v1,L1_ELIGIBILITY,v2026-08-11,2026-03-21..2026-08-06,baccarat_bet02_101_all_pairs_incl_sentinel,round_win = game_pnl > 0 (decisive only),COMPATIBILITY_ONLY_NOT_PRODUCTION,6261.7136,5355.1710,-61.8591,137,136,0.00987894,,0.00987894,0.00987894,61.8591,6261.7136,OK,0.0000,-2.4744,4.0000,96.0000,AG03-UNRESOLVED,ALL5_LEVELS_bet23_to_bet27,-2.4744,-2.4744,-2.4744,-3.0930,-3.0930,4.000000,4.000000,4.000000,5.000000,5.000000,96.000000,96.000000,96.000000,95.000000,95.000000,5.0,-13.6090,-12.4662,-48.2501,-49.3929,PENDING_AG03,FALSE,NOT_FOR_ENFORCEMENT,-59.3847,5140.9641,-61.8591,-59.3847,-2.4744,-0.00987894,-0.00948378,-2.4744,-59.3847,-0.00948378,-2.4744,-2.4744,-2.4744,-3.0930,-3.0930,-59.3847,-0.00948378,-13.6090,-12.4662,-48.2501,-49.3929,-0.00770557,-0.00788808,-0.00039516,45.7059,39.3763,-0.4548,-8.8370,-1.3162,894.5305,19.4286,,45.7059,25.7155,51.4311,64.2888,77.1466,98.3618,131.9208,34.5523,0.0,1.912499,2.565003,0.888683,23,40,8,2,0E-8,-0.00987894,,0E-8,0.000000,0.855225,0.000000,,2026-03-22,2026-06-24,7,47,44,95,0.073684,,,0.000000,,,,,,,,GLOBAL_BASELINE_NO_ENTITY_RANKING,,,NOT_APPLICABLE_GLOBAL_BASELINE,HF9g-P5,,,,X 全窗基线 · 不参与实体赏罚,3924815,393,A168_HF9F_20260827_0900,2026-08-27 09:00:00
2026-04-15,124106016,2201,0,60.7282150617,8.3763055257,8.3763055257,0.5000000,2,2,0.49994810000000000,0.499948100000,0.00014679536856514622,0.00014679536856514622,0.00014679536856514622,0E-17,ELIGIBLE,R03b_20260811_FULL_v1,L1_ELIGIBILITY,v2026-08-11,2026-03-21..2026-08-06,baccarat_bet02_101_all_pairs_incl_sentinel,round_win = game_pnl > 0 (decisive only),COMPATIBILITY_ONLY_NOT_PRODUCTION,6261.7136,5355.1710,-61.8591,137,136,0.00987894,,0.00987894,0.00987894,61.8591,6261.7136,OK,0.0000,-2.4744,4.0000,96.0000,AG03-UNRESOLVED,ALL5_LEVELS_bet23_to_bet27,-2.4744,-2.4744,-2.4744,-3.0930,-3.0930,4.000000,4.000000,4.000000,5.000000,5.000000,96.000000,96.000000,96.000000,95.000000,95.000000,5.0,-13.6090,-12.4662,-48.2501,-49.3929,PENDING_AG03,FALSE,NOT_FOR_ENFORCEMENT,-59.3847,5140.9641,-61.8591,-59.3847,-2.4744,-0.00987894,-0.00948378,-2.4744,-59.3847,-0.00948378,-2.4744,-2.4744,-2.4744,-3.0930,-3.0930,-59.3847,-0.00948378,-13.6090,-12.4662,-48.2501,-49.3929,-0.00770557,-0.00788808,-0.00039516,45.7059,39.3763,-0.4548,-8.8370,-1.3162,894.5305,19.4286,,45.7059,25.7155,51.4311,64.2888,77.1466,98.3618,131.9208,34.5523,0.0,1.912499,2.565003,0.888683,23,40,8,2,0E-8,-0.00987894,,0E-8,0.000000,0.855225,0.000000,,2026-03-22,2026-06-24,7,47,44,95,0.073684,,,0.000000,,,,,,,,GLOBAL_BASELINE_NO_ENTITY_RANKING,,,NOT_APPLICABLE_GLOBAL_BASELINE,HF9g-P5,,,,X 全窗基线 · 不参与实体赏罚,3924816,393,A168_HF9F_20260827_0900,2026-08-27 09:00:00
2026-04-15,124106016,2251,0,131.9268120307,-79.5749024947,-79.5749024947,0.2000000,5,5,0.49860758000000000,0.498607580000,-1.3354188732730328,-1.3354188732730328,-1.3354188732730328,0E-17,ELIGIBLE,R03b_20260811_FULL_v1,L1_ELIGIBILITY,v2026-08-11,2026-03-21..2026-08-06,baccarat_bet02_101_all_pairs_incl_sentinel,round_win = game_pnl > 0 (decisive only),COMPATIBILITY_ONLY_NOT_PRODUCTION,6261.7136,5355.1710,-61.8591,137,136,0.00987894,,0.00987894,0.00987894,61.8591,6261.7136,OK,0.0000,-2.4744,4.0000,96.0000,AG03-UNRESOLVED,ALL5_LEVELS_bet23_to_bet27,-2.4744,-2.4744,-2.4744,-3.0930,-3.0930,4.000000,4.000000,4.000000,5.000000,5.000000,96.000000,96.000000,96.000000,95.000000,95.000000,5.0,-13.6090,-12.4662,-48.2501,-49.3929,PENDING_AG03,FALSE,NOT_FOR_ENFORCEMENT,-59.3847,5140.9641,-61.8591,-59.3847,-2.4744,-0.00987894,-0.00948378,-2.4744,-59.3847,-0.00948378,-2.4744,-2.4744,-2.4744,-3.0930,-3.0930,-59.3847,-0.00948378,-13.6090,-12.4662,-48.2501,-49.3929,-0.00770557,-0.00788808,-0.00039516,45.7059,39.3763,-0.4548,-8.8370,-1.3162,894.5305,19.4286,,45.7059,25.7155,51.4311,64.2888,77.1466,98.3618,131.9208,34.5523,0.0,1.912499,2.565003,0.888683,23,40,8,2,0E-8,-0.00987894,,0E-8,0.000000,0.855225,0.000000,,2026-03-22,2026-06-24,7,47,44,95,0.073684,,,0.000000,,,,,,,,GLOBAL_BASELINE_NO_ENTITY_RANKING,,,NOT_APPLICABLE_GLOBAL_BASELINE,HF9g-P5,,,,X 全窗基线 · 不参与实体赏罚,3924817,393,A168_HF9F_20260827_0900,2026-08-27 09:00:00
2026-04-21,124106016,1017,0,24.3436379342,-11.2556605502,-11.2556605502,0E-7,2,2,0.49324550000000000,0.493245500000,-0.9865810262130424,-0.9865810262130424,-0.9865810262130424,0E-17,ELIGIBLE,R03b_20260811_FULL_v1,L1_ELIGIBILITY,v2026-08-11,2026-03-21..2026-08-06,baccarat_bet02_101_all_pairs_incl_sentinel,round_win = game_pnl > 0 (decisive only),COMPATIBILITY_ONLY_NOT_PRODUCTION,6261.7136,5355.1710,-61.8591,137,136,0.00987894,,0.00987894,0.00987894,61.8591,6261.7136,OK,0.0000,-2.4744,4.0000,96.0000,AG03-UNRESOLVED,ALL5_LEVELS_bet23_to_bet27,-2.4744,-2.4744,-2.4744,-3.0930,-3.0930,4.000000,4.000000,4.000000,5.000000,5.000000,96.000000,96.000000,96.000000,95.000000,95.000000,5.0,-13.6090,-12.4662,-48.2501,-49.3929,PENDING_AG03,FALSE,NOT_FOR_ENFORCEMENT,-59.3847,5140.9641,-61.8591,-59.3847,-2.4744,-0.00987894,-0.00948378,-2.4744,-59.3847,-0.00948378,-2.4744,-2.4744,-2.4744,-3.0930,-3.0930,-59.3847,-0.00948378,-13.6090,-12.4662,-48.2501,-49.3929,-0.00770557,-0.00788808,-0.00039516,45.7059,39.3763,-0.4548,-8.8370,-1.3162,894.5305,19.4286,,45.7059,25.7155,51.4311,64.2888,77.1466,98.3618,131.9208,34.5523,0.0,1.912499,2.565003,0.888683,23,40,8,2,0E-8,-0.00987894,,0E-8,0.000000,0.855225,0.000000,,2026-03-22,2026-06-24,7,47,44,95,0.073684,,,0.000000,,,,,,,,GLOBAL_BASELINE_NO_ENTITY_RANKING,,,NOT_APPLICABLE_GLOBAL_BASELINE,HF9g-P5,,,,X 全窗基线 · 不参与实体赏罚,3924818,393,A168_HF9F_20260827_0900,2026-08-27 09:00:00
2026-04-21,124106016,2177,0,31.9346648169,5.1304871345,5.1304871345,0.6666667,3,3,0.50218230000000000,0.502182300000,0.5697959874915163,0.5697959874915164,0.5697959874915163,0E-17,ELIGIBLE,R03b_20260811_FULL_v1,L1_ELIGIBILITY,v2026-08-11,2026-03-21..2026-08-06,baccarat_bet02_101_all_pairs_incl_sentinel,round_win = game_pnl > 0 (decisive only),COMPATIBILITY_ONLY_NOT_PRODUCTION,6261.7136,5355.1710,-61.8591,137,136,0.00987894,,0.00987894,0.00987894,61.8591,6261.7136,OK,0.0000,-2.4744,4.0000,96.0000,AG03-UNRESOLVED,ALL5_LEVELS_bet23_to_bet27,-2.4744,-2.4744,-2.4744,-3.0930,-3.0930,4.000000,4.000000,4.000000,5.000000,5.000000,96.000000,96.000000,96.000000,95.000000,95.000000,5.0,-13.6090,-12.4662,-48.2501,-49.3929,PENDING_AG03,FALSE,NOT_FOR_ENFORCEMENT,-59.3847,5140.9641,-61.8591,-59.3847,-2.4744,-0.00987894,-0.00948378,-2.4744,-59.3847,-0.00948378,-2.4744,-2.4744,-2.4744,-3.0930,-3.0930,-59.3847,-0.00948378,-13.6090,-12.4662,-48.2501,-49.3929,-0.00770557,-0.00788808,-0.00039516,45.7059,39.3763,-0.4548,-8.8370,-1.3162,894.5305,19.4286,,45.7059,25.7155,51.4311,64.2888,77.1466,98.3618,131.9208,34.5523,0.0,1.912499,2.565003,0.888683,23,40,8,2,0E-8,-0.00987894,,0E-8,0.000000,0.855225,0.000000,,2026-03-22,2026-06-24,7,47,44,95,0.073684,,,0.000000,,,,,,,,GLOBAL_BASELINE_NO_ENTITY_RANKING,,,NOT_APPLICABLE_GLOBAL_BASELINE,HF9g-P5,,,,X 全窗基线 · 不参与实体赏罚,3924819,393,A168_HF9F_20260827_0900,2026-08-27 09:00:00
2026-06-05,124106016,1645,0,51.4310695091,-51.4310695091,-51.4310695091,0E-7,1,1,0.50665070000000000,0.506650700000,-1.013391052207602,-1.013391052207602,-1.013391052207602,0E-17,ELIGIBLE,R03b_20260811_FULL_v1,L1_ELIGIBILITY,v2026-08-11,2026-03-21..2026-08-06,baccarat_bet02_101_all_pairs_incl_sentinel,round_win = game_pnl > 0 (decisive only),COMPATIBILITY_ONLY_NOT_PRODUCTION,6261.7136,5355.1710,-61.8591,137,136,0.00987894,,0.00987894,0.00987894,61.8591,6261.7136,OK,0.0000,-2.4744,4.0000,96.0000,AG03-UNRESOLVED,ALL5_LEVELS_bet23_to_bet27,-2.4744,-2.4744,-2.4744,-3.0930,-3.0930,4.000000,4.000000,4.000000,5.000000,5.000000,96.000000,96.000000,96.000000,95.000000,95.000000,5.0,-13.6090,-12.4662,-48.2501,-49.3929,PENDING_AG03,FALSE,NOT_FOR_ENFORCEMENT,-59.3847,5140.9641,-61.8591,-59.3847,-2.4744,-0.00987894,-0.00948378,-2.4744,-59.3847,-0.00948378,-2.4744,-2.4744,-2.4744,-3.0930,-3.0930,-59.3847,-0.00948378,-13.6090,-12.4662,-48.2501,-49.3929,-0.00770557,-0.00788808,-0.00039516,45.7059,39.3763,-0.4548,-8.8370,-1.3162,894.5305,19.4286,,45.7059,25.7155,51.4311,64.2888,77.1466,98.3618,131.9208,34.5523,0.0,1.912499,2.565003,0.888683,23,40,8,2,0E-8,-0.00987894,,0E-8,0.000000,0.855225,0.000000,,2026-03-22,2026-06-24,7,47,44,95,0.073684,,,0.000000,,,,,,,,GLOBAL_BASELINE_NO_ENTITY_RANKING,,,NOT_APPLICABLE_GLOBAL_BASELINE,HF9g-P5,,,,X 全窗基线 · 不参与实体赏罚,3924820,393,A168_HF9F_20260827_0900,2026-08-27 09:00:00
2026-06-05,124106016,2106,0,424.3063234500,52.0739578779,52.0739578779,0.6666667,6,6,0.50665070000000000,0.506650700000,0.7839842952205449,0.7839842952205449,0.7839842952205449,0E-17,ELIGIBLE,R03b_20260811_FULL_v1,L1_ELIGIBILITY,v2026-08-11,2026-03-21..2026-08-06,baccarat_bet02_101_all_pairs_incl_sentinel,round_win = game_pnl > 0 (decisive only),COMPATIBILITY_ONLY_NOT_PRODUCTION,6261.7136,5355.1710,-61.8591,137,136,0.00987894,,0.00987894,0.00987894,61.8591,6261.7136,OK,0.0000,-2.4744,4.0000,96.0000,AG03-UNRESOLVED,ALL5_LEVELS_bet23_to_bet27,-2.4744,-2.4744,-2.4744,-3.0930,-3.0930,4.000000,4.000000,4.000000,5.000000,5.000000,96.000000,96.000000,96.000000,95.000000,95.000000,5.0,-13.6090,-12.4662,-48.2501,-49.3929,PENDING_AG03,FALSE,NOT_FOR_ENFORCEMENT,-59.3847,5140.9641,-61.8591,-59.3847,-2.4744,-0.00987894,-0.00948378,-2.4744,-59.3847,-0.00948378,-2.4744,-2.4744,-2.4744,-3.0930,-3.0930,-59.3847,-0.00948378,-13.6090,-12.4662,-48.2501,-49.3929,-0.00770557,-0.00788808,-0.00039516,45.7059,39.3763,-0.4548,-8.8370,-1.3162,894.5305,19.4286,,45.7059,25.7155,51.4311,64.2888,77.1466,98.3618,131.9208,34.5523,0.0,1.912499,2.565003,0.888683,23,40,8,2,0E-8,-0.00987894,,0E-8,0.000000,0.855225,0.000000,,2026-03-22,2026-06-24,7,47,44,95,0.073684,,,0.000000,,,,,,,,GLOBAL_BASELINE_NO_ENTITY_RANKING,,,NOT_APPLICABLE_GLOBAL_BASELINE,HF9g-P5,,,,X 全窗基线 · 不参与实体赏罚,3924821,393,A168_HF9F_20260827_0900,2026-08-27 09:00:00
2026-06-05,124106016,2134,0,1166.4566564662,-0.2571553477,-0.2571553477,0.6000000,16,16,0.50162375000000000,0.501623750000,0.7620231740811003,0.7620231740811003,0.7620231740811003,0E-17,ELIGIBLE,R03b_20260811_FULL_v1,L1_ELIGIBILITY,v2026-08-11,2026-03-21..2026-08-06,baccarat_bet02_101_all_pairs_incl_sentinel,round_win = game_pnl > 0 (decisive only),COMPATIBILITY_ONLY_NOT_PRODUCTION,6261.7136,5355.1710,-61.8591,137,136,0.00987894,,0.00987894,0.00987894,61.8591,6261.7136,OK,0.0000,-2.4744,4.0000,96.0000,AG03-UNRESOLVED,ALL5_LEVELS_bet23_to_bet27,-2.4744,-2.4744,-2.4744,-3.0930,-3.0930,4.000000,4.000000,4.000000,5.000000,5.000000,96.000000,96.000000,96.000000,95.000000,95.000000,5.0,-13.6090,-12.4662,-48.2501,-49.3929,PENDING_AG03,FALSE,NOT_FOR_ENFORCEMENT,-59.3847,5140.9641,-61.8591,-59.3847,-2.4744,-0.00987894,-0.00948378,-2.4744,-59.3847,-0.00948378,-2.4744,-2.4744,-2.4744,-3.0930,-3.0930,-59.3847,-0.00948378,-13.6090,-12.4662,-48.2501,-49.3929,-0.00770557,-0.00788808,-0.00039516,45.7059,39.3763,-0.4548,-8.8370,-1.3162,894.5305,19.4286,,45.7059,25.7155,51.4311,64.2888,77.1466,98.3618,131.9208,34.5523,0.0,1.912499,2.565003,0.888683,23,40,8,2,0E-8,-0.00987894,,0E-8,0.000000,0.855225,0.000000,,2026-03-22,2026-06-24,7,47,44,95,0.073684,,,0.000000,,,,,,,,GLOBAL_BASELINE_NO_ENTITY_RANKING,,,NOT_APPLICABLE_GLOBAL_BASELINE,HF9g-P5,,,,X 全窗基线 · 不参与实体赏罚,3924822,393,A168_HF9F_20260827_0900,2026-08-27 09:00:00
2026-06-08,124106016,-1,1,720.2921284747,-224.3037518965,-224.3037518965,0.3333333,18,18,0.50069283333333333,0.500692833333,-1.4200938114937958,-1.4200938114909658,-1.4200938114937958,3.3333E-13,SENTINEL_DEALER,R03b_20260811_FULL_v1,L1_ELIGIBILITY,v2026-08-11,2026-03-21..2026-08-06,baccarat_bet02_101_all_pairs_incl_sentinel,round_win = game_pnl > 0 (decisive only),COMPATIBILITY_ONLY_NOT_PRODUCTION,6261.7136,5355.1710,-61.8591,137,136,0.00987894,,0.00987894,0.00987894,61.8591,6261.7136,OK,0.0000,-2.4744,4.0000,96.0000,AG03-UNRESOLVED,ALL5_LEVELS_bet23_to_bet27,-2.4744,-2.4744,-2.4744,-3.0930,-3.0930,4.000000,4.000000,4.000000,5.000000,5.000000,96.000000,96.000000,96.000000,95.000000,95.000000,5.0,-13.6090,-12.4662,-48.2501,-49.3929,PENDING_AG03,FALSE,NOT_FOR_ENFORCEMENT,-59.3847,5140.9641,-61.8591,-59.3847,-2.4744,-0.00987894,-0.00948378,-2.4744,-59.3847,-0.00948378,-2.4744,-2.4744,-2.4744,-3.0930,-3.0930,-59.3847,-0.00948378,-13.6090,-12.4662,-48.2501,-49.3929,-0.00770557,-0.00788808,-0.00039516,45.7059,39.3763,-0.4548,-8.8370,-1.3162,894.5305,19.4286,,45.7059,25.7155,51.4311,64.2888,77.1466,98.3618,131.9208,34.5523,0.0,1.912499,2.565003,0.888683,23,40,8,2,0E-8,-0.00987894,,0E-8,0.000000,0.855225,0.000000,,2026-03-22,2026-06-24,7,47,44,95,0.073684,,,0.000000,,,,,,,,GLOBAL_BASELINE_NO_ENTITY_RANKING,,,NOT_APPLICABLE_GLOBAL_BASELINE,HF9g-P5,,,,X 全窗基线 · 不参与实体赏罚,3924823,393,A168_HF9F_20260827_0900,2026-08-27 09:00:00
2026-06-08,124106016,1399,0,12.8577673773,12.2148790084,12.2148790084,1.0000000,1,1,0.50665070000000000,0.506650700000,0.9867858985152569,0.9867858985152569,0.9867858985152569,0E-17,ELIGIBLE,R03b_20260811_FULL_v1,L1_ELIGIBILITY,v2026-08-11,2026-03-21..2026-08-06,baccarat_bet02_101_all_pairs_incl_sentinel,round_win = game_pnl > 0 (decisive only),COMPATIBILITY_ONLY_NOT_PRODUCTION,6261.7136,5355.1710,-61.8591,137,136,0.00987894,,0.00987894,0.00987894,61.8591,6261.7136,OK,0.0000,-2.4744,4.0000,96.0000,AG03-UNRESOLVED,ALL5_LEVELS_bet23_to_bet27,-2.4744,-2.4744,-2.4744,-3.0930,-3.0930,4.000000,4.000000,4.000000,5.000000,5.000000,96.000000,96.000000,96.000000,95.000000,95.000000,5.0,-13.6090,-12.4662,-48.2501,-49.3929,PENDING_AG03,FALSE,NOT_FOR_ENFORCEMENT,-59.3847,5140.9641,-61.8591,-59.3847,-2.4744,-0.00987894,-0.00948378,-2.4744,-59.3847,-0.00948378,-2.4744,-2.4744,-2.4744,-3.0930,-3.0930,-59.3847,-0.00948378,-13.6090,-12.4662,-48.2501,-49.3929,-0.00770557,-0.00788808,-0.00039516,45.7059,39.3763,-0.4548,-8.8370,-1.3162,894.5305,19.4286,,45.7059,25.7155,51.4311,64.2888,77.1466,98.3618,131.9208,34.5523,0.0,1.912499,2.565003,0.888683,23,40,8,2,0E-8,-0.00987894,,0E-8,0.000000,0.855225,0.000000,,2026-03-22,2026-06-24,7,47,44,95,0.073684,,,0.000000,,,,,,,,GLOBAL_BASELINE_NO_ENTITY_RANKING,,,NOT_APPLICABLE_GLOBAL_BASELINE,HF9g-P5,,,,X 全窗基线 · 不参与实体赏罚,3924824,393,A168_HF9F_20260827_0900,2026-08-27 09:00:00
2026-06-08,124106016,1401,0,253.2980173323,-25.7155347546,-25.7155347546,0.5000000,5,5,0.49860758000000000,0.498607580000,0.005569701597489473,0.005569701597489473,0.005569701597489473,0E-17,ELIGIBLE,R03b_20260811_FULL_v1,L1_ELIGIBILITY,v2026-08-11,2026-03-21..2026-08-06,baccarat_bet02_101_all_pairs_incl_sentinel,round_win = game_pnl > 0 (decisive only),COMPATIBILITY_ONLY_NOT_PRODUCTION,6261.7136,5355.1710,-61.8591,137,136,0.00987894,,0.00987894,0.00987894,61.8591,6261.7136,OK,0.0000,-2.4744,4.0000,96.0000,AG03-UNRESOLVED,ALL5_LEVELS_bet23_to_bet27,-2.4744,-2.4744,-2.4744,-3.0930,-3.0930,4.000000,4.000000,4.000000,5.000000,5.000000,96.000000,96.000000,96.000000,95.000000,95.000000,5.0,-13.6090,-12.4662,-48.2501,-49.3929,PENDING_AG03,FALSE,NOT_FOR_ENFORCEMENT,-59.3847,5140.9641,-61.8591,-59.3847,-2.4744,-0.00987894,-0.00948378,-2.4744,-59.3847,-0.00948378,-2.4744,-2.4744,-2.4744,-3.0930,-3.0930,-59.3847,-0.00948378,-13.6090,-12.4662,-48.2501,-49.3929,-0.00770557,-0.00788808,-0.00039516,45.7059,39.3763,-0.4548,-8.8370,-1.3162,894.5305,19.4286,,45.7059,25.7155,51.4311,64.2888,77.1466,98.3618,131.9208,34.5523,0.0,1.912499,2.565003,0.888683,23,40,8,2,0E-8,-0.00987894,,0E-8,0.000000,0.855225,0.000000,,2026-03-22,2026-06-24,7,47,44,95,0.073684,,,0.000000,,,,,,,,GLOBAL_BASELINE_NO_ENTITY_RANKING,,,NOT_APPLICABLE_GLOBAL_BASELINE,HF9g-P5,,,,X 全窗基线 · 不参与实体赏罚,3924825,393,A168_HF9F_20260827_0900,2026-08-27 09:00:00
2026-06-08,124106016,1402,0,77.1466042636,-77.1466042636,-77.1466042636,0E-7,1,1,0.49324550000000000,0.493245500000,-0.9865810262130424,-0.9865810262130424,-0.9865810262130424,0E-17,ELIGIBLE,R03b_20260811_FULL_v1,L1_ELIGIBILITY,v2026-08-11,2026-03-21..2026-08-06,baccarat_bet02_101_all_pairs_incl_sentinel,round_win = game_pnl > 0 (decisive only),COMPATIBILITY_ONLY_NOT_PRODUCTION,6261.7136,5355.1710,-61.8591,137,136,0.00987894,,0.00987894,0.00987894,61.8591,6261.7136,OK,0.0000,-2.4744,4.0000,96.0000,AG03-UNRESOLVED,ALL5_LEVELS_bet23_to_bet27,-2.4744,-2.4744,-2.4744,-3.0930,-3.0930,4.000000,4.000000,4.000000,5.000000,5.000000,96.000000,96.000000,96.000000,95.000000,95.000000,5.0,-13.6090,-12.4662,-48.2501,-49.3929,PENDING_AG03,FALSE,NOT_FOR_ENFORCEMENT,-59.3847,5140.9641,-61.8591,-59.3847,-2.4744,-0.00987894,-0.00948378,-2.4744,-59.3847,-0.00948378,-2.4744,-2.4744,-2.4744,-3.0930,-3.0930,-59.3847,-0.00948378,-13.6090,-12.4662,-48.2501,-49.3929,-0.00770557,-0.00788808,-0.00039516,45.7059,39.3763,-0.4548,-8.8370,-1.3162,894.5305,19.4286,,45.7059,25.7155,51.4311,64.2888,77.1466,98.3618,131.9208,34.5523,0.0,1.912499,2.565003,0.888683,23,40,8,2,0E-8,-0.00987894,,0E-8,0.000000,0.855225,0.000000,,2026-03-22,2026-06-24,7,47,44,95,0.073684,,,0.000000,,,,,,,,GLOBAL_BASELINE_NO_ENTITY_RANKING,,,NOT_APPLICABLE_GLOBAL_BASELINE,HF9g-P5,,,,X 全窗基线 · 不参与实体赏罚,3924826,393,A168_HF9F_20260827_0900,2026-08-27 09:00:00
2026-06-08,124106016,1750,0,25.7155347545,24.4297580168,24.4297580168,1.0000000,1,1,0.50665070000000000,0.506650700000,0.9867858985152569,0.9867858985152569,0.9867858985152569,0E-17,ELIGIBLE,R03b_20260811_FULL_v1,L1_ELIGIBILITY,v2026-08-11,2026-03-21..2026-08-06,baccarat_bet02_101_all_pairs_incl_sentinel,round_win = game_pnl > 0 (decisive only),COMPATIBILITY_ONLY_NOT_PRODUCTION,6261.7136,5355.1710,-61.8591,137,136,0.00987894,,0.00987894,0.00987894,61.8591,6261.7136,OK,0.0000,-2.4744,4.0000,96.0000,AG03-UNRESOLVED,ALL5_LEVELS_bet23_to_bet27,-2.4744,-2.4744,-2.4744,-3.0930,-3.0930,4.000000,4.000000,4.000000,5.000000,5.000000,96.000000,96.000000,96.000000,95.000000,95.000000,5.0,-13.6090,-12.4662,-48.2501,-49.3929,PENDING_AG03,FALSE,NOT_FOR_ENFORCEMENT,-59.3847,5140.9641,-61.8591,-59.3847,-2.4744,-0.00987894,-0.00948378,-2.4744,-59.3847,-0.00948378,-2.4744,-2.4744,-2.4744,-3.0930,-3.0930,-59.3847,-0.00948378,-13.6090,-12.4662,-48.2501,-49.3929,-0.00770557,-0.00788808,-0.00039516,45.7059,39.3763,-0.4548,-8.8370,-1.3162,894.5305,19.4286,,45.7059,25.7155,51.4311,64.2888,77.1466,98.3618,131.9208,34.5523,0.0,1.912499,2.565003,0.888683,23,40,8,2,0E-8,-0.00987894,,0E-8,0.000000,0.855225,0.000000,,2026-03-22,2026-06-24,7,47,44,95,0.073684,,,0.000000,,,,,,,,GLOBAL_BASELINE_NO_ENTITY_RANKING,,,NOT_APPLICABLE_GLOBAL_BASELINE,HF9g-P5,,,,X 全窗基线 · 不参与实体赏罚,3924827,393,A168_HF9F_20260827_0900,2026-08-27 09:00:00
2026-06-08,124106016,2089,0,12.8577673773,12.8577673773,12.8577673773,1.0000000,1,1,0.49324550000000000,0.493245500000,1.01360149184955,1.01360149184955,1.01360149184955,0E-17,ELIGIBLE,R03b_20260811_FULL_v1,L1_ELIGIBILITY,v2026-08-11,2026-03-21..2026-08-06,baccarat_bet02_101_all_pairs_incl_sentinel,round_win = game_pnl > 0 (decisive only),COMPATIBILITY_ONLY_NOT_PRODUCTION,6261.7136,5355.1710,-61.8591,137,136,0.00987894,,0.00987894,0.00987894,61.8591,6261.7136,OK,0.0000,-2.4744,4.0000,96.0000,AG03-UNRESOLVED,ALL5_LEVELS_bet23_to_bet27,-2.4744,-2.4744,-2.4744,-3.0930,-3.0930,4.000000,4.000000,4.000000,5.000000,5.000000,96.000000,96.000000,96.000000,95.000000,95.000000,5.0,-13.6090,-12.4662,-48.2501,-49.3929,PENDING_AG03,FALSE,NOT_FOR_ENFORCEMENT,-59.3847,5140.9641,-61.8591,-59.3847,-2.4744,-0.00987894,-0.00948378,-2.4744,-59.3847,-0.00948378,-2.4744,-2.4744,-2.4744,-3.0930,-3.0930,-59.3847,-0.00948378,-13.6090,-12.4662,-48.2501,-49.3929,-0.00770557,-0.00788808,-0.00039516,45.7059,39.3763,-0.4548,-8.8370,-1.3162,894.5305,19.4286,,45.7059,25.7155,51.4311,64.2888,77.1466,98.3618,131.9208,34.5523,0.0,1.912499,2.565003,0.888683,23,40,8,2,0E-8,-0.00987894,,0E-8,0.000000,0.855225,0.000000,,2026-03-22,2026-06-24,7,47,44,95,0.073684,,,0.000000,,,,,,,,GLOBAL_BASELINE_NO_ENTITY_RANKING,,,NOT_APPLICABLE_GLOBAL_BASELINE,HF9g-P5,,,,X 全窗基线 · 不参与实体赏罚,3924828,393,A168_HF9F_20260827_0900,2026-08-27 09:00:00
2026-06-08,124106016,2129,0,25.7155347545,24.4297580168,24.4297580168,1.0000000,1,1,0.50665070000000000,0.506650700000,0.9867858985152569,0.9867858985152569,0.9867858985152569,0E-17,ELIGIBLE,R03b_20260811_FULL_v1,L1_ELIGIBILITY,v2026-08-11,2026-03-21..2026-08-06,baccarat_bet02_101_all_pairs_incl_sentinel,round_win = game_pnl > 0 (decisive only),COMPATIBILITY_ONLY_NOT_PRODUCTION,6261.7136,5355.1710,-61.8591,137,136,0.00987894,,0.00987894,0.00987894,61.8591,6261.7136,OK,0.0000,-2.4744,4.0000,96.0000,AG03-UNRESOLVED,ALL5_LEVELS_bet23_to_bet27,-2.4744,-2.4744,-2.4744,-3.0930,-3.0930,4.000000,4.000000,4.000000,5.000000,5.000000,96.000000,96.000000,96.000000,95.000000,95.000000,5.0,-13.6090,-12.4662,-48.2501,-49.3929,PENDING_AG03,FALSE,NOT_FOR_ENFORCEMENT,-59.3847,5140.9641,-61.8591,-59.3847,-2.4744,-0.00987894,-0.00948378,-2.4744,-59.3847,-0.00948378,-2.4744,-2.4744,-2.4744,-3.0930,-3.0930,-59.3847,-0.00948378,-13.6090,-12.4662,-48.2501,-49.3929,-0.00770557,-0.00788808,-0.00039516,45.7059,39.3763,-0.4548,-8.8370,-1.3162,894.5305,19.4286,,45.7059,25.7155,51.4311,64.2888,77.1466,98.3618,131.9208,34.5523,0.0,1.912499,2.565003,0.888683,23,40,8,2,0E-8,-0.00987894,,0E-8,0.000000,0.855225,0.000000,,2026-03-22,2026-06-24,7,47,44,95,0.073684,,,0.000000,,,,,,,,GLOBAL_BASELINE_NO_ENTITY_RANKING,,,NOT_APPLICABLE_GLOBAL_BASELINE,HF9g-P5,,,,X 全窗基线 · 不参与实体赏罚,3924829,393,A168_HF9F_20260827_0900,2026-08-27 09:00:00
2026-06-08,124106016,2223,0,101.5763622805,69.6248103479,69.6248103479,1.0000000,2,2,0.50665070000000000,0.506650700000,0.9867858985152569,0.9867858985152569,0.9867858985152569,0E-17,ELIGIBLE,R03b_20260811_FULL_v1,L1_ELIGIBILITY,v2026-08-11,2026-03-21..2026-08-06,baccarat_bet02_101_all_pairs_incl_sentinel,round_win = game_pnl > 0 (decisive only),COMPATIBILITY_ONLY_NOT_PRODUCTION,6261.7136,5355.1710,-61.8591,137,136,0.00987894,,0.00987894,0.00987894,61.8591,6261.7136,OK,0.0000,-2.4744,4.0000,96.0000,AG03-UNRESOLVED,ALL5_LEVELS_bet23_to_bet27,-2.4744,-2.4744,-2.4744,-3.0930,-3.0930,4.000000,4.000000,4.000000,5.000000,5.000000,96.000000,96.000000,96.000000,95.000000,95.000000,5.0,-13.6090,-12.4662,-48.2501,-49.3929,PENDING_AG03,FALSE,NOT_FOR_ENFORCEMENT,-59.3847,5140.9641,-61.8591,-59.3847,-2.4744,-0.00987894,-0.00948378,-2.4744,-59.3847,-0.00948378,-2.4744,-2.4744,-2.4744,-3.0930,-3.0930,-59.3847,-0.00948378,-13.6090,-12.4662,-48.2501,-49.3929,-0.00770557,-0.00788808,-0.00039516,45.7059,39.3763,-0.4548,-8.8370,-1.3162,894.5305,19.4286,,45.7059,25.7155,51.4311,64.2888,77.1466,98.3618,131.9208,34.5523,0.0,1.912499,2.565003,0.888683,23,40,8,2,0E-8,-0.00987894,,0E-8,0.000000,0.855225,0.000000,,2026-03-22,2026-06-24,7,47,44,95,0.073684,,,0.000000,,,,,,,,GLOBAL_BASELINE_NO_ENTITY_RANKING,,,NOT_APPLICABLE_GLOBAL_BASELINE,HF9g-P5,,,,X 全窗基线 · 不参与实体赏罚,3924830,393,A168_HF9F_20260827_0900,2026-08-27 09:00:00
2026-06-08,124106016,2246,0,13.6292334199,-13.6292334199,-13.6292334199,0E-7,1,1,0.50665070000000000,0.506650700000,-1.013391052207602,-1.013391052207602,-1.013391052207602,0E-17,ELIGIBLE,R03b_20260811_FULL_v1,L1_ELIGIBILITY,v2026-08-11,2026-03-21..2026-08-06,baccarat_bet02_101_all_pairs_incl_sentinel,round_win = game_pnl > 0 (decisive only),COMPATIBILITY_ONLY_NOT_PRODUCTION,6261.7136,5355.1710,-61.8591,137,136,0.00987894,,0.00987894,0.00987894,61.8591,6261.7136,OK,0.0000,-2.4744,4.0000,96.0000,AG03-UNRESOLVED,ALL5_LEVELS_bet23_to_bet27,-2.4744,-2.4744,-2.4744,-3.0930,-3.0930,4.000000,4.000000,4.000000,5.000000,5.000000,96.000000,96.000000,96.000000,95.000000,95.000000,5.0,-13.6090,-12.4662,-48.2501,-49.3929,PENDING_AG03,FALSE,NOT_FOR_ENFORCEMENT,-59.3847,5140.9641,-61.8591,-59.3847,-2.4744,-0.00987894,-0.00948378,-2.4744,-59.3847,-0.00948378,-2.4744,-2.4744,-2.4744,-3.0930,-3.0930,-59.3847,-0.00948378,-13.6090,-12.4662,-48.2501,-49.3929,-0.00770557,-0.00788808,-0.00039516,45.7059,39.3763,-0.4548,-8.8370,-1.3162,894.5305,19.4286,,45.7059,25.7155,51.4311,64.2888,77.1466,98.3618,131.9208,34.5523,0.0,1.912499,2.565003,0.888683,23,40,8,2,0E-8,-0.00987894,,0E-8,0.000000,0.855225,0.000000,,2026-03-22,2026-06-24,7,47,44,95,0.073684,,,0.000000,,,,,,,,GLOBAL_BASELINE_NO_ENTITY_RANKING,,,NOT_APPLICABLE_GLOBAL_BASELINE,HF9g-P5,,,,X 全窗基线 · 不参与实体赏罚,3924831,393,A168_HF9F_20260827_0900,2026-08-27 09:00:00
2026-06-08,124106016,789,0,271.2988916603,-66.8603903618,-66.8603903618,0.3333333,6,6,0.49771390000000000,0.497713900000,-0.8053054414300617,-0.8053054414300617,-0.8053054414300617,0E-17,ELIGIBLE,R03b_20260811_FULL_v1,L1_ELIGIBILITY,v2026-08-11,2026-03-21..2026-08-06,baccarat_bet02_101_all_pairs_incl_sentinel,round_win = game_pnl > 0 (decisive only),COMPATIBILITY_ONLY_NOT_PRODUCTION,6261.7136,5355.1710,-61.8591,137,136,0.00987894,,0.00987894,0.00987894,61.8591,6261.7136,OK,0.0000,-2.4744,4.0000,96.0000,AG03-UNRESOLVED,ALL5_LEVELS_bet23_to_bet27,-2.4744,-2.4744,-2.4744,-3.0930,-3.0930,4.000000,4.000000,4.000000,5.000000,5.000000,96.000000,96.000000,96.000000,95.000000,95.000000,5.0,-13.6090,-12.4662,-48.2501,-49.3929,PENDING_AG03,FALSE,NOT_FOR_ENFORCEMENT,-59.3847,5140.9641,-61.8591,-59.3847,-2.4744,-0.00987894,-0.00948378,-2.4744,-59.3847,-0.00948378,-2.4744,-2.4744,-2.4744,-3.0930,-3.0930,-59.3847,-0.00948378,-13.6090,-12.4662,-48.2501,-49.3929,-0.00770557,-0.00788808,-0.00039516,45.7059,39.3763,-0.4548,-8.8370,-1.3162,894.5305,19.4286,,45.7059,25.7155,51.4311,64.2888,77.1466,98.3618,131.9208,34.5523,0.0,1.912499,2.565003,0.888683,23,40,8,2,0E-8,-0.00987894,,0E-8,0.000000,0.855225,0.000000,,2026-03-22,2026-06-24,7,47,44,95,0.073684,,,0.000000,,,,,,,,GLOBAL_BASELINE_NO_ENTITY_RANKING,,,NOT_APPLICABLE_GLOBAL_BASELINE,HF9g-P5,,,,X 全窗基线 · 不参与实体赏罚,3924832,393,A168_HF9F_20260827_0900,2026-08-27 09:00:00
2026-06-08,124106016,948,0,25.7155347545,0E-10,0E-10,,1,1,0.50665070000000000,0.506650700000,,,,0E-17,NO_DECISIVE_ROUND,R03b_20260811_FULL_v1,L1_ELIGIBILITY,v2026-08-11,2026-03-21..2026-08-06,baccarat_bet02_101_all_pairs_incl_sentinel,round_win = game_pnl > 0 (decisive only),COMPATIBILITY_ONLY_NOT_PRODUCTION,6261.7136,5355.1710,-61.8591,137,136,0.00987894,,0.00987894,0.00987894,61.8591,6261.7136,OK,0.0000,-2.4744,4.0000,96.0000,AG03-UNRESOLVED,ALL5_LEVELS_bet23_to_bet27,-2.4744,-2.4744,-2.4744,-3.0930,-3.0930,4.000000,4.000000,4.000000,5.000000,5.000000,96.000000,96.000000,96.000000,95.000000,95.000000,5.0,-13.6090,-12.4662,-48.2501,-49.3929,PENDING_AG03,FALSE,NOT_FOR_ENFORCEMENT,-59.3847,5140.9641,-61.8591,-59.3847,-2.4744,-0.00987894,-0.00948378,-2.4744,-59.3847,-0.00948378,-2.4744,-2.4744,-2.4744,-3.0930,-3.0930,-59.3847,-0.00948378,-13.6090,-12.4662,-48.2501,-49.3929,-0.00770557,-0.00788808,-0.00039516,45.7059,39.3763,-0.4548,-8.8370,-1.3162,894.5305,19.4286,,45.7059,25.7155,51.4311,64.2888,77.1466,98.3618,131.9208,34.5523,0.0,1.912499,2.565003,0.888683,23,40,8,2,0E-8,-0.00987894,,0E-8,0.000000,0.855225,0.000000,,2026-03-22,2026-06-24,7,47,44,95,0.073684,,,0.000000,,,,,,,,GLOBAL_BASELINE_NO_ENTITY_RANKING,,,NOT_APPLICABLE_GLOBAL_BASELINE,HF9g-P5,,,,X 全窗基线 · 不参与实体赏罚,3924833,393,A168_HF9F_20260827_0900,2026-08-27 09:00:00
2026-06-08,124106016,970,0,30.8586417055,30.8586417055,30.8586417055,1.0000000,1,1,0.49324550000000000,0.493245500000,1.01360149184955,1.01360149184955,1.01360149184955,0E-17,ELIGIBLE,R03b_20260811_FULL_v1,L1_ELIGIBILITY,v2026-08-11,2026-03-21..2026-08-06,baccarat_bet02_101_all_pairs_incl_sentinel,round_win = game_pnl > 0 (decisive only),COMPATIBILITY_ONLY_NOT_PRODUCTION,6261.7136,5355.1710,-61.8591,137,136,0.00987894,,0.00987894,0.00987894,61.8591,6261.7136,OK,0.0000,-2.4744,4.0000,96.0000,AG03-UNRESOLVED,ALL5_LEVELS_bet23_to_bet27,-2.4744,-2.4744,-2.4744,-3.0930,-3.0930,4.000000,4.000000,4.000000,5.000000,5.000000,96.000000,96.000000,96.000000,95.000000,95.000000,5.0,-13.6090,-12.4662,-48.2501,-49.3929,PENDING_AG03,FALSE,NOT_FOR_ENFORCEMENT,-59.3847,5140.9641,-61.8591,-59.3847,-2.4744,-0.00987894,-0.00948378,-2.4744,-59.3847,-0.00948378,-2.4744,-2.4744,-2.4744,-3.0930,-3.0930,-59.3847,-0.00948378,-13.6090,-12.4662,-48.2501,-49.3929,-0.00770557,-0.00788808,-0.00039516,45.7059,39.3763,-0.4548,-8.8370,-1.3162,894.5305,19.4286,,45.7059,25.7155,51.4311,64.2888,77.1466,98.3618,131.9208,34.5523,0.0,1.912499,2.565003,0.888683,23,40,8,2,0E-8,-0.00987894,,0E-8,0.000000,0.855225,0.000000,,2026-03-22,2026-06-24,7,47,44,95,0.073684,,,0.000000,,,,,,,,GLOBAL_BASELINE_NO_ENTITY_RANKING,,,NOT_APPLICABLE_GLOBAL_BASELINE,HF9g-P5,,,,X 全窗基线 · 不参与实体赏罚,3924834,393,A168_HF9F_20260827_0900,2026-08-27 09:00:00
2026-06-13,124106016,-1,1,192.8665106591,141.4354411500,141.4354411500,1.0000000,3,3,0.49324550000000000,0.493245500000,1.4334489766152358,1.4334489766152358,1.4334489766152358,0E-17,SENTINEL_DEALER,R03b_20260811_FULL_v1,L1_ELIGIBILITY,v2026-08-11,2026-03-21..2026-08-06,baccarat_bet02_101_all_pairs_incl_sentinel,round_win = game_pnl > 0 (decisive only),COMPATIBILITY_ONLY_NOT_PRODUCTION,6261.7136,5355.1710,-61.8591,137,136,0.00987894,,0.00987894,0.00987894,61.8591,6261.7136,OK,0.0000,-2.4744,4.0000,96.0000,AG03-UNRESOLVED,ALL5_LEVELS_bet23_to_bet27,-2.4744,-2.4744,-2.4744,-3.0930,-3.0930,4.000000,4.000000,4.000000,5.000000,5.000000,96.000000,96.000000,96.000000,95.000000,95.000000,5.0,-13.6090,-12.4662,-48.2501,-49.3929,PENDING_AG03,FALSE,NOT_FOR_ENFORCEMENT,-59.3847,5140.9641,-61.8591,-59.3847,-2.4744,-0.00987894,-0.00948378,-2.4744,-59.3847,-0.00948378,-2.4744,-2.4744,-2.4744,-3.0930,-3.0930,-59.3847,-0.00948378,-13.6090,-12.4662,-48.2501,-49.3929,-0.00770557,-0.00788808,-0.00039516,45.7059,39.3763,-0.4548,-8.8370,-1.3162,894.5305,19.4286,,45.7059,25.7155,51.4311,64.2888,77.1466,98.3618,131.9208,34.5523,0.0,1.912499,2.565003,0.888683,23,40,8,2,0E-8,-0.00987894,,0E-8,0.000000,0.855225,0.000000,,2026-03-22,2026-06-24,7,47,44,95,0.073684,,,0.000000,,,,,,,,GLOBAL_BASELINE_NO_ENTITY_RANKING,,,NOT_APPLICABLE_GLOBAL_BASELINE,HF9g-P5,,,,X 全窗基线 · 不参与实体赏罚,3924835,393,A168_HF9F_20260827_0900,2026-08-27 09:00:00
2026-06-13,124106016,1115,0,90.0043716409,90.0043716409,90.0043716409,1.0000000,1,1,0.49324550000000000,0.493245500000,1.01360149184955,1.01360149184955,1.01360149184955,0E-17,ELIGIBLE,R03b_20260811_FULL_v1,L1_ELIGIBILITY,v2026-08-11,2026-03-21..2026-08-06,baccarat_bet02_101_all_pairs_incl_sentinel,round_win = game_pnl > 0 (decisive only),COMPATIBILITY_ONLY_NOT_PRODUCTION,6261.7136,5355.1710,-61.8591,137,136,0.00987894,,0.00987894,0.00987894,61.8591,6261.7136,OK,0.0000,-2.4744,4.0000,96.0000,AG03-UNRESOLVED,ALL5_LEVELS_bet23_to_bet27,-2.4744,-2.4744,-2.4744,-3.0930,-3.0930,4.000000,4.000000,4.000000,5.000000,5.000000,96.000000,96.000000,96.000000,95.000000,95.000000,5.0,-13.6090,-12.4662,-48.2501,-49.3929,PENDING_AG03,FALSE,NOT_FOR_ENFORCEMENT,-59.3847,5140.9641,-61.8591,-59.3847,-2.4744,-0.00987894,-0.00948378,-2.4744,-59.3847,-0.00948378,-2.4744,-2.4744,-2.4744,-3.0930,-3.0930,-59.3847,-0.00948378,-13.6090,-12.4662,-48.2501,-49.3929,-0.00770557,-0.00788808,-0.00039516,45.7059,39.3763,-0.4548,-8.8370,-1.3162,894.5305,19.4286,,45.7059,25.7155,51.4311,64.2888,77.1466,98.3618,131.9208,34.5523,0.0,1.912499,2.565003,0.888683,23,40,8,2,0E-8,-0.00987894,,0E-8,0.000000,0.855225,0.000000,,2026-03-22,2026-06-24,7,47,44,95,0.073684,,,0.000000,,,,,,,,GLOBAL_BASELINE_NO_ENTITY_RANKING,,,NOT_APPLICABLE_GLOBAL_BASELINE,HF9g-P5,,,,X 全窗基线 · 不参与实体赏罚,3924836,393,A168_HF9F_20260827_0900,2026-08-27 09:00:00
2026-06-13,124106016,1210,0,51.4310695091,0E-10,0E-10,,1,1,0.50665070000000000,0.506650700000,,,,0E-17,NO_DECISIVE_ROUND,R03b_20260811_FULL_v1,L1_ELIGIBILITY,v2026-08-11,2026-03-21..2026-08-06,baccarat_bet02_101_all_pairs_incl_sentinel,round_win = game_pnl > 0 (decisive only),COMPATIBILITY_ONLY_NOT_PRODUCTION,6261.7136,5355.1710,-61.8591,137,136,0.00987894,,0.00987894,0.00987894,61.8591,6261.7136,OK,0.0000,-2.4744,4.0000,96.0000,AG03-UNRESOLVED,ALL5_LEVELS_bet23_to_bet27,-2.4744,-2.4744,-2.4744,-3.0930,-3.0930,4.000000,4.000000,4.000000,5.000000,5.000000,96.000000,96.000000,96.000000,95.000000,95.000000,5.0,-13.6090,-12.4662,-48.2501,-49.3929,PENDING_AG03,FALSE,NOT_FOR_ENFORCEMENT,-59.3847,5140.9641,-61.8591,-59.3847,-2.4744,-0.00987894,-0.00948378,-2.4744,-59.3847,-0.00948378,-2.4744,-2.4744,-2.4744,-3.0930,-3.0930,-59.3847,-0.00948378,-13.6090,-12.4662,-48.2501,-49.3929,-0.00770557,-0.00788808,-0.00039516,45.7059,39.3763,-0.4548,-8.8370,-1.3162,894.5305,19.4286,,45.7059,25.7155,51.4311,64.2888,77.1466,98.3618,131.9208,34.5523,0.0,1.912499,2.565003,0.888683,23,40,8,2,0E-8,-0.00987894,,0E-8,0.000000,0.855225,0.000000,,2026-03-22,2026-06-24,7,47,44,95,0.073684,,,0.000000,,,,,,,,GLOBAL_BASELINE_NO_ENTITY_RANKING,,,NOT_APPLICABLE_GLOBAL_BASELINE,HF9g-P5,,,,X 全窗基线 · 不参与实体赏罚,3924837,393,A168_HF9F_20260827_0900,2026-08-27 09:00:00
2026-06-13,124106016,1331,0,141.4354411500,-141.4354411500,-141.4354411500,0E-7,2,2,0.50665070000000000,0.506650700000,-1.4331513700195317,-1.4331513700195317,-1.4331513700195317,0E-17,ELIGIBLE,R03b_20260811_FULL_v1,L1_ELIGIBILITY,v2026-08-11,2026-03-21..2026-08-06,baccarat_bet02_101_all_pairs_incl_sentinel,round_win = game_pnl > 0 (decisive only),COMPATIBILITY_ONLY_NOT_PRODUCTION,6261.7136,5355.1710,-61.8591,137,136,0.00987894,,0.00987894,0.00987894,61.8591,6261.7136,OK,0.0000,-2.4744,4.0000,96.0000,AG03-UNRESOLVED,ALL5_LEVELS_bet23_to_bet27,-2.4744,-2.4744,-2.4744,-3.0930,-3.0930,4.000000,4.000000,4.000000,5.000000,5.000000,96.000000,96.000000,96.000000,95.000000,95.000000,5.0,-13.6090,-12.4662,-48.2501,-49.3929,PENDING_AG03,FALSE,NOT_FOR_ENFORCEMENT,-59.3847,5140.9641,-61.8591,-59.3847,-2.4744,-0.00987894,-0.00948378,-2.4744,-59.3847,-0.00948378,-2.4744,-2.4744,-2.4744,-3.0930,-3.0930,-59.3847,-0.00948378,-13.6090,-12.4662,-48.2501,-49.3929,-0.00770557,-0.00788808,-0.00039516,45.7059,39.3763,-0.4548,-8.8370,-1.3162,894.5305,19.4286,,45.7059,25.7155,51.4311,64.2888,77.1466,98.3618,131.9208,34.5523,0.0,1.912499,2.565003,0.888683,23,40,8,2,0E-8,-0.00987894,,0E-8,0.000000,0.855225,0.000000,,2026-03-22,2026-06-24,7,47,44,95,0.073684,,,0.000000,,,,,,,,GLOBAL_BASELINE_NO_ENTITY_RANKING,,,NOT_APPLICABLE_GLOBAL_BASELINE,HF9g-P5,,,,X 全窗基线 · 不参与实体赏罚,3924838,393,A168_HF9F_20260827_0900,2026-08-27 09:00:00
2026-06-13,124106016,1374,0,64.2888368864,64.2888368864,64.2888368864,1.0000000,1,1,0.49324550000000000,0.493245500000,1.01360149184955,1.01360149184955,1.01360149184955,0E-17,ELIGIBLE,R03b_20260811_FULL_v1,L1_ELIGIBILITY,v2026-08-11,2026-03-21..2026-08-06,baccarat_bet02_101_all_pairs_incl_sentinel,round_win = game_pnl > 0 (decisive only),COMPATIBILITY_ONLY_NOT_PRODUCTION,6261.7136,5355.1710,-61.8591,137,136,0.00987894,,0.00987894,0.00987894,61.8591,6261.7136,OK,0.0000,-2.4744,4.0000,96.0000,AG03-UNRESOLVED,ALL5_LEVELS_bet23_to_bet27,-2.4744,-2.4744,-2.4744,-3.0930,-3.0930,4.000000,4.000000,4.000000,5.000000,5.000000,96.000000,96.000000,96.000000,95.000000,95.000000,5.0,-13.6090,-12.4662,-48.2501,-49.3929,PENDING_AG03,FALSE,NOT_FOR_ENFORCEMENT,-59.3847,5140.9641,-61.8591,-59.3847,-2.4744,-0.00987894,-0.00948378,-2.4744,-59.3847,-0.00948378,-2.4744,-2.4744,-2.4744,-3.0930,-3.0930,-59.3847,-0.00948378,-13.6090,-12.4662,-48.2501,-49.3929,-0.00770557,-0.00788808,-0.00039516,45.7059,39.3763,-0.4548,-8.8370,-1.3162,894.5305,19.4286,,45.7059,25.7155,51.4311,64.2888,77.1466,98.3618,131.9208,34.5523,0.0,1.912499,2.565003,0.888683,23,40,8,2,0E-8,-0.00987894,,0E-8,0.000000,0.855225,0.000000,,2026-03-22,2026-06-24,7,47,44,95,0.073684,,,0.000000,,,,,,,,GLOBAL_BASELINE_NO_ENTITY_RANKING,,,NOT_APPLICABLE_GLOBAL_BASELINE,HF9g-P5,,,,X 全窗基线 · 不参与实体赏罚,3924839,393,A168_HF9F_20260827_0900,2026-08-27 09:00:00
2026-06-13,124106016,1383,0,51.4310695091,51.4310695091,51.4310695091,1.0000000,1,1,0.49324550000000000,0.493245500000,1.01360149184955,1.01360149184955,1.01360149184955,0E-17,ELIGIBLE,R03b_20260811_FULL_v1,L1_ELIGIBILITY,v2026-08-11,2026-03-21..2026-08-06,baccarat_bet02_101_all_pairs_incl_sentinel,round_win = game_pnl > 0 (decisive only),COMPATIBILITY_ONLY_NOT_PRODUCTION,6261.7136,5355.1710,-61.8591,137,136,0.00987894,,0.00987894,0.00987894,61.8591,6261.7136,OK,0.0000,-2.4744,4.0000,96.0000,AG03-UNRESOLVED,ALL5_LEVELS_bet23_to_bet27,-2.4744,-2.4744,-2.4744,-3.0930,-3.0930,4.000000,4.000000,4.000000,5.000000,5.000000,96.000000,96.000000,96.000000,95.000000,95.000000,5.0,-13.6090,-12.4662,-48.2501,-49.3929,PENDING_AG03,FALSE,NOT_FOR_ENFORCEMENT,-59.3847,5140.9641,-61.8591,-59.3847,-2.4744,-0.00987894,-0.00948378,-2.4744,-59.3847,-0.00948378,-2.4744,-2.4744,-2.4744,-3.0930,-3.0930,-59.3847,-0.00948378,-13.6090,-12.4662,-48.2501,-49.3929,-0.00770557,-0.00788808,-0.00039516,45.7059,39.3763,-0.4548,-8.8370,-1.3162,894.5305,19.4286,,45.7059,25.7155,51.4311,64.2888,77.1466,98.3618,131.9208,34.5523,0.0,1.912499,2.565003,0.888683,23,40,8,2,0E-8,-0.00987894,,0E-8,0.000000,0.855225,0.000000,,2026-03-22,2026-06-24,7,47,44,95,0.073684,,,0.000000,,,,,,,,GLOBAL_BASELINE_NO_ENTITY_RANKING,,,NOT_APPLICABLE_GLOBAL_BASELINE,HF9g-P5,,,,X 全窗基线 · 不参与实体赏罚,3924840,393,A168_HF9F_20260827_0900,2026-08-27 09:00:00
2026-06-13,124106016,1396,0,51.4310695091,48.8595160336,48.8595160336,1.0000000,1,1,0.50665070000000000,0.506650700000,0.9867858985152569,0.9867858985152569,0.9867858985152569,0E-17,ELIGIBLE,R03b_20260811_FULL_v1,L1_ELIGIBILITY,v2026-08-11,2026-03-21..2026-08-06,baccarat_bet02_101_all_pairs_incl_sentinel,round_win = game_pnl > 0 (decisive only),COMPATIBILITY_ONLY_NOT_PRODUCTION,6261.7136,5355.1710,-61.8591,137,136,0.00987894,,0.00987894,0.00987894,61.8591,6261.7136,OK,0.0000,-2.4744,4.0000,96.0000,AG03-UNRESOLVED,ALL5_LEVELS_bet23_to_bet27,-2.4744,-2.4744,-2.4744,-3.0930,-3.0930,4.000000,4.000000,4.000000,5.000000,5.000000,96.000000,96.000000,96.000000,95.000000,95.000000,5.0,-13.6090,-12.4662,-48.2501,-49.3929,PENDING_AG03,FALSE,NOT_FOR_ENFORCEMENT,-59.3847,5140.9641,-61.8591,-59.3847,-2.4744,-0.00987894,-0.00948378,-2.4744,-59.3847,-0.00948378,-2.4744,-2.4744,-2.4744,-3.0930,-3.0930,-59.3847,-0.00948378,-13.6090,-12.4662,-48.2501,-49.3929,-0.00770557,-0.00788808,-0.00039516,45.7059,39.3763,-0.4548,-8.8370,-1.3162,894.5305,19.4286,,45.7059,25.7155,51.4311,64.2888,77.1466,98.3618,131.9208,34.5523,0.0,1.912499,2.565003,0.888683,23,40,8,2,0E-8,-0.00987894,,0E-8,0.000000,0.855225,0.000000,,2026-03-22,2026-06-24,7,47,44,95,0.073684,,,0.000000,,,,,,,,GLOBAL_BASELINE_NO_ENTITY_RANKING,,,NOT_APPLICABLE_GLOBAL_BASELINE,HF9g-P5,,,,X 全窗基线 · 不参与实体赏罚,3924841,393,A168_HF9F_20260827_0900,2026-08-27 09:00:00
2026-06-13,124106016,1490,0,102.8621390182,97.7190320673,97.7190320673,1.0000000,1,1,0.50665070000000000,0.506650700000,0.9867858985152569,0.9867858985152569,0.9867858985152569,0E-17,ELIGIBLE,R03b_20260811_FULL_v1,L1_ELIGIBILITY,v2026-08-11,2026-03-21..2026-08-06,baccarat_bet02_101_all_pairs_incl_sentinel,round_win = game_pnl > 0 (decisive only),COMPATIBILITY_ONLY_NOT_PRODUCTION,6261.7136,5355.1710,-61.8591,137,136,0.00987894,,0.00987894,0.00987894,61.8591,6261.7136,OK,0.0000,-2.4744,4.0000,96.0000,AG03-UNRESOLVED,ALL5_LEVELS_bet23_to_bet27,-2.4744,-2.4744,-2.4744,-3.0930,-3.0930,4.000000,4.000000,4.000000,5.000000,5.000000,96.000000,96.000000,96.000000,95.000000,95.000000,5.0,-13.6090,-12.4662,-48.2501,-49.3929,PENDING_AG03,FALSE,NOT_FOR_ENFORCEMENT,-59.3847,5140.9641,-61.8591,-59.3847,-2.4744,-0.00987894,-0.00948378,-2.4744,-59.3847,-0.00948378,-2.4744,-2.4744,-2.4744,-3.0930,-3.0930,-59.3847,-0.00948378,-13.6090,-12.4662,-48.2501,-49.3929,-0.00770557,-0.00788808,-0.00039516,45.7059,39.3763,-0.4548,-8.8370,-1.3162,894.5305,19.4286,,45.7059,25.7155,51.4311,64.2888,77.1466,98.3618,131.9208,34.5523,0.0,1.912499,2.565003,0.888683,23,40,8,2,0E-8,-0.00987894,,0E-8,0.000000,0.855225,0.000000,,2026-03-22,2026-06-24,7,47,44,95,0.073684,,,0.000000,,,,,,,,GLOBAL_BASELINE_NO_ENTITY_RANKING,,,NOT_APPLICABLE_GLOBAL_BASELINE,HF9g-P5,,,,X 全窗基线 · 不参与实体赏罚,3924842,393,A168_HF9F_20260827_0900,2026-08-27 09:00:00
2026-06-13,124106016,1966,0,51.4310695091,48.8595160336,48.8595160336,1.0000000,1,1,0.50665070000000000,0.506650700000,0.9867858985152569,0.9867858985152569,0.9867858985152569,0E-17,ELIGIBLE,R03b_20260811_FULL_v1,L1_ELIGIBILITY,v2026-08-11,2026-03-21..2026-08-06,baccarat_bet02_101_all_pairs_incl_sentinel,round_win = game_pnl > 0 (decisive only),COMPATIBILITY_ONLY_NOT_PRODUCTION,6261.7136,5355.1710,-61.8591,137,136,0.00987894,,0.00987894,0.00987894,61.8591,6261.7136,OK,0.0000,-2.4744,4.0000,96.0000,AG03-UNRESOLVED,ALL5_LEVELS_bet23_to_bet27,-2.4744,-2.4744,-2.4744,-3.0930,-3.0930,4.000000,4.000000,4.000000,5.000000,5.000000,96.000000,96.000000,96.000000,95.000000,95.000000,5.0,-13.6090,-12.4662,-48.2501,-49.3929,PENDING_AG03,FALSE,NOT_FOR_ENFORCEMENT,-59.3847,5140.9641,-61.8591,-59.3847,-2.4744,-0.00987894,-0.00948378,-2.4744,-59.3847,-0.00948378,-2.4744,-2.4744,-2.4744,-3.0930,-3.0930,-59.3847,-0.00948378,-13.6090,-12.4662,-48.2501,-49.3929,-0.00770557,-0.00788808,-0.00039516,45.7059,39.3763,-0.4548,-8.8370,-1.3162,894.5305,19.4286,,45.7059,25.7155,51.4311,64.2888,77.1466,98.3618,131.9208,34.5523,0.0,1.912499,2.565003,0.888683,23,40,8,2,0E-8,-0.00987894,,0E-8,0.000000,0.855225,0.000000,,2026-03-22,2026-06-24,7,47,44,95,0.073684,,,0.000000,,,,,,,,GLOBAL_BASELINE_NO_ENTITY_RANKING,,,NOT_APPLICABLE_GLOBAL_BASELINE,HF9g-P5,,,,X 全窗基线 · 不参与实体赏罚,3924843,393,A168_HF9F_20260827_0900,2026-08-27 09:00:00
2026-06-13,124106016,2100,0,231.4398127910,-41.7877439762,-41.7877439762,0.3333333,4,4,0.50329940000000000,0.503299400000,-0.5887925454369916,-0.5887925454369916,-0.5887925454369916,0E-17,ELIGIBLE,R03b_20260811_FULL_v1,L1_ELIGIBILITY,v2026-08-11,2026-03-21..2026-08-06,baccarat_bet02_101_all_pairs_incl_sentinel,round_win = game_pnl > 0 (decisive only),COMPATIBILITY_ONLY_NOT_PRODUCTION,6261.7136,5355.1710,-61.8591,137,136,0.00987894,,0.00987894,0.00987894,61.8591,6261.7136,OK,0.0000,-2.4744,4.0000,96.0000,AG03-UNRESOLVED,ALL5_LEVELS_bet23_to_bet27,-2.4744,-2.4744,-2.4744,-3.0930,-3.0930,4.000000,4.000000,4.000000,5.000000,5.000000,96.000000,96.000000,96.000000,95.000000,95.000000,5.0,-13.6090,-12.4662,-48.2501,-49.3929,PENDING_AG03,FALSE,NOT_FOR_ENFORCEMENT,-59.3847,5140.9641,-61.8591,-59.3847,-2.4744,-0.00987894,-0.00948378,-2.4744,-59.3847,-0.00948378,-2.4744,-2.4744,-2.4744,-3.0930,-3.0930,-59.3847,-0.00948378,-13.6090,-12.4662,-48.2501,-49.3929,-0.00770557,-0.00788808,-0.00039516,45.7059,39.3763,-0.4548,-8.8370,-1.3162,894.5305,19.4286,,45.7059,25.7155,51.4311,64.2888,77.1466,98.3618,131.9208,34.5523,0.0,1.912499,2.565003,0.888683,23,40,8,2,0E-8,-0.00987894,,0E-8,0.000000,0.855225,0.000000,,2026-03-22,2026-06-24,7,47,44,95,0.073684,,,0.000000,,,,,,,,GLOBAL_BASELINE_NO_ENTITY_RANKING,,,NOT_APPLICABLE_GLOBAL_BASELINE,HF9g-P5,,,,X 全窗基线 · 不参与实体赏罚,3924844,393,A168_HF9F_20260827_0900,2026-08-27 09:00:00
2026-06-13,124106016,2103,0,334.3019518091,-25.7155347545,-25.7155347545,0.6666667,4,3,0.49979915333333302,0.499948100000,0.5780460690880679,0.5775300591747329,0.5780460690880679,-0.00014894666666698,ELIGIBLE,R03b_20260811_FULL_v1,L1_ELIGIBILITY,v2026-08-11,2026-03-21..2026-08-06,baccarat_bet02_101_all_pairs_incl_sentinel,round_win = game_pnl > 0 (decisive only),COMPATIBILITY_ONLY_NOT_PRODUCTION,6261.7136,5355.1710,-61.8591,137,136,0.00987894,,0.00987894,0.00987894,61.8591,6261.7136,OK,0.0000,-2.4744,4.0000,96.0000,AG03-UNRESOLVED,ALL5_LEVELS_bet23_to_bet27,-2.4744,-2.4744,-2.4744,-3.0930,-3.0930,4.000000,4.000000,4.000000,5.000000,5.000000,96.000000,96.000000,96.000000,95.000000,95.000000,5.0,-13.6090,-12.4662,-48.2501,-49.3929,PENDING_AG03,FALSE,NOT_FOR_ENFORCEMENT,-59.3847,5140.9641,-61.8591,-59.3847,-2.4744,-0.00987894,-0.00948378,-2.4744,-59.3847,-0.00948378,-2.4744,-2.4744,-2.4744,-3.0930,-3.0930,-59.3847,-0.00948378,-13.6090,-12.4662,-48.2501,-49.3929,-0.00770557,-0.00788808,-0.00039516,45.7059,39.3763,-0.4548,-8.8370,-1.3162,894.5305,19.4286,,45.7059,25.7155,51.4311,64.2888,77.1466,98.3618,131.9208,34.5523,0.0,1.912499,2.565003,0.888683,23,40,8,2,0E-8,-0.00987894,,0E-8,0.000000,0.855225,0.000000,,2026-03-22,2026-06-24,7,47,44,95,0.073684,,,0.000000,,,,,,,,GLOBAL_BASELINE_NO_ENTITY_RANKING,,,NOT_APPLICABLE_GLOBAL_BASELINE,HF9g-P5,,,,X 全窗基线 · 不参与实体赏罚,3924845,393,A168_HF9F_20260827_0900,2026-08-27 09:00:00
2026-06-13,124106016,2216,0,77.1466042636,0E-10,0E-10,,1,1,0.49324550000000000,0.493245500000,,,,0E-17,NO_DECISIVE_ROUND,R03b_20260811_FULL_v1,L1_ELIGIBILITY,v2026-08-11,2026-03-21..2026-08-06,baccarat_bet02_101_all_pairs_incl_sentinel,round_win = game_pnl > 0 (decisive only),COMPATIBILITY_ONLY_NOT_PRODUCTION,6261.7136,5355.1710,-61.8591,137,136,0.00987894,,0.00987894,0.00987894,61.8591,6261.7136,OK,0.0000,-2.4744,4.0000,96.0000,AG03-UNRESOLVED,ALL5_LEVELS_bet23_to_bet27,-2.4744,-2.4744,-2.4744,-3.0930,-3.0930,4.000000,4.000000,4.000000,5.000000,5.000000,96.000000,96.000000,96.000000,95.000000,95.000000,5.0,-13.6090,-12.4662,-48.2501,-49.3929,PENDING_AG03,FALSE,NOT_FOR_ENFORCEMENT,-59.3847,5140.9641,-61.8591,-59.3847,-2.4744,-0.00987894,-0.00948378,-2.4744,-59.3847,-0.00948378,-2.4744,-2.4744,-2.4744,-3.0930,-3.0930,-59.3847,-0.00948378,-13.6090,-12.4662,-48.2501,-49.3929,-0.00770557,-0.00788808,-0.00039516,45.7059,39.3763,-0.4548,-8.8370,-1.3162,894.5305,19.4286,,45.7059,25.7155,51.4311,64.2888,77.1466,98.3618,131.9208,34.5523,0.0,1.912499,2.565003,0.888683,23,40,8,2,0E-8,-0.00987894,,0E-8,0.000000,0.855225,0.000000,,2026-03-22,2026-06-24,7,47,44,95,0.073684,,,0.000000,,,,,,,,GLOBAL_BASELINE_NO_ENTITY_RANKING,,,NOT_APPLICABLE_GLOBAL_BASELINE,HF9g-P5,,,,X 全窗基线 · 不参与实体赏罚,3924846,393,A168_HF9F_20260827_0900,2026-08-27 09:00:00
2026-06-13,124106016,2229,0,51.4310695091,0E-10,0E-10,,1,1,0.50665070000000000,0.506650700000,,,,0E-17,NO_DECISIVE_ROUND,R03b_20260811_FULL_v1,L1_ELIGIBILITY,v2026-08-11,2026-03-21..2026-08-06,baccarat_bet02_101_all_pairs_incl_sentinel,round_win = game_pnl > 0 (decisive only),COMPATIBILITY_ONLY_NOT_PRODUCTION,6261.7136,5355.1710,-61.8591,137,136,0.00987894,,0.00987894,0.00987894,61.8591,6261.7136,OK,0.0000,-2.4744,4.0000,96.0000,AG03-UNRESOLVED,ALL5_LEVELS_bet23_to_bet27,-2.4744,-2.4744,-2.4744,-3.0930,-3.0930,4.000000,4.000000,4.000000,5.000000,5.000000,96.000000,96.000000,96.000000,95.000000,95.000000,5.0,-13.6090,-12.4662,-48.2501,-49.3929,PENDING_AG03,FALSE,NOT_FOR_ENFORCEMENT,-59.3847,5140.9641,-61.8591,-59.3847,-2.4744,-0.00987894,-0.00948378,-2.4744,-59.3847,-0.00948378,-2.4744,-2.4744,-2.4744,-3.0930,-3.0930,-59.3847,-0.00948378,-13.6090,-12.4662,-48.2501,-49.3929,-0.00770557,-0.00788808,-0.00039516,45.7059,39.3763,-0.4548,-8.8370,-1.3162,894.5305,19.4286,,45.7059,25.7155,51.4311,64.2888,77.1466,98.3618,131.9208,34.5523,0.0,1.912499,2.565003,0.888683,23,40,8,2,0E-8,-0.00987894,,0E-8,0.000000,0.855225,0.000000,,2026-03-22,2026-06-24,7,47,44,95,0.073684,,,0.000000,,,,,,,,GLOBAL_BASELINE_NO_ENTITY_RANKING,,,NOT_APPLICABLE_GLOBAL_BASELINE,HF9g-P5,,,,X 全窗基线 · 不参与实体赏罚,3924847,393,A168_HF9F_20260827_0900,2026-08-27 09:00:00
2026-06-13,124106016,987,0,231.4398127910,-41.7877439762,-41.7877439762,0.3333333,4,4,0.50329940000000000,0.503299400000,-0.5887925454369916,-0.5887925454369916,-0.5887925454369916,0E-17,ELIGIBLE,R03b_20260811_FULL_v1,L1_ELIGIBILITY,v2026-08-11,2026-03-21..2026-08-06,baccarat_bet02_101_all_pairs_incl_sentinel,round_win = game_pnl > 0 (decisive only),COMPATIBILITY_ONLY_NOT_PRODUCTION,6261.7136,5355.1710,-61.8591,137,136,0.00987894,,0.00987894,0.00987894,61.8591,6261.7136,OK,0.0000,-2.4744,4.0000,96.0000,AG03-UNRESOLVED,ALL5_LEVELS_bet23_to_bet27,-2.4744,-2.4744,-2.4744,-3.0930,-3.0930,4.000000,4.000000,4.000000,5.000000,5.000000,96.000000,96.000000,96.000000,95.000000,95.000000,5.0,-13.6090,-12.4662,-48.2501,-49.3929,PENDING_AG03,FALSE,NOT_FOR_ENFORCEMENT,-59.3847,5140.9641,-61.8591,-59.3847,-2.4744,-0.00987894,-0.00948378,-2.4744,-59.3847,-0.00948378,-2.4744,-2.4744,-2.4744,-3.0930,-3.0930,-59.3847,-0.00948378,-13.6090,-12.4662,-48.2501,-49.3929,-0.00770557,-0.00788808,-0.00039516,45.7059,39.3763,-0.4548,-8.8370,-1.3162,894.5305,19.4286,,45.7059,25.7155,51.4311,64.2888,77.1466,98.3618,131.9208,34.5523,0.0,1.912499,2.565003,0.888683,23,40,8,2,0E-8,-0.00987894,,0E-8,0.000000,0.855225,0.000000,,2026-03-22,2026-06-24,7,47,44,95,0.073684,,,0.000000,,,,,,,,GLOBAL_BASELINE_NO_ENTITY_RANKING,,,NOT_APPLICABLE_GLOBAL_BASELINE,HF9g-P5,,,,X 全窗基线 · 不参与实体赏罚,3924848,393,A168_HF9F_20260827_0900,2026-08-27 09:00:00
2026-06-24,124106016,1990,0,57.3456425026,-25.5226682440,-25.5226682440,0.4000000,6,6,0.49771390000000000,0.497713900000,-0.4369944132040151,-0.436994413204015,-0.4369944132040151,0E-17,ELIGIBLE,R03b_20260811_FULL_v1,L1_ELIGIBILITY,v2026-08-11,2026-03-21..2026-08-06,baccarat_bet02_101_all_pairs_incl_sentinel,round_win = game_pnl > 0 (decisive only),COMPATIBILITY_ONLY_NOT_PRODUCTION,6261.7136,5355.1710,-61.8591,137,136,0.00987894,,0.00987894,0.00987894,61.8591,6261.7136,OK,0.0000,-2.4744,4.0000,96.0000,AG03-UNRESOLVED,ALL5_LEVELS_bet23_to_bet27,-2.4744,-2.4744,-2.4744,-3.0930,-3.0930,4.000000,4.000000,4.000000,5.000000,5.000000,96.000000,96.000000,96.000000,95.000000,95.000000,5.0,-13.6090,-12.4662,-48.2501,-49.3929,PENDING_AG03,FALSE,NOT_FOR_ENFORCEMENT,-59.3847,5140.9641,-61.8591,-59.3847,-2.4744,-0.00987894,-0.00948378,-2.4744,-59.3847,-0.00948378,-2.4744,-2.4744,-2.4744,-3.0930,-3.0930,-59.3847,-0.00948378,-13.6090,-12.4662,-48.2501,-49.3929,-0.00770557,-0.00788808,-0.00039516,45.7059,39.3763,-0.4548,-8.8370,-1.3162,894.5305,19.4286,,45.7059,25.7155,51.4311,64.2888,77.1466,98.3618,131.9208,34.5523,0.0,1.912499,2.565003,0.888683,23,40,8,2,0E-8,-0.00987894,,0E-8,0.000000,0.855225,0.000000,,2026-03-22,2026-06-24,7,47,44,95,0.073684,,,0.000000,,,,,,,,GLOBAL_BASELINE_NO_ENTITY_RANKING,,,NOT_APPLICABLE_GLOBAL_BASELINE,HF9g-P5,,,,X 全窗基线 · 不参与实体赏罚,3924849,393,A168_HF9F_20260827_0900,2026-08-27 09:00:00
2026-06-24,124106016,462,0,12.8577673773,-12.8577673773,-12.8577673773,0E-7,1,1,0.50665070000000000,0.506650700000,-1.013391052207602,-1.013391052207602,-1.013391052207602,0E-17,ELIGIBLE,R03b_20260811_FULL_v1,L1_ELIGIBILITY,v2026-08-11,2026-03-21..2026-08-06,baccarat_bet02_101_all_pairs_incl_sentinel,round_win = game_pnl > 0 (decisive only),COMPATIBILITY_ONLY_NOT_PRODUCTION,6261.7136,5355.1710,-61.8591,137,136,0.00987894,,0.00987894,0.00987894,61.8591,6261.7136,OK,0.0000,-2.4744,4.0000,96.0000,AG03-UNRESOLVED,ALL5_LEVELS_bet23_to_bet27,-2.4744,-2.4744,-2.4744,-3.0930,-3.0930,4.000000,4.000000,4.000000,5.000000,5.000000,96.000000,96.000000,96.000000,95.000000,95.000000,5.0,-13.6090,-12.4662,-48.2501,-49.3929,PENDING_AG03,FALSE,NOT_FOR_ENFORCEMENT,-59.3847,5140.9641,-61.8591,-59.3847,-2.4744,-0.00987894,-0.00948378,-2.4744,-59.3847,-0.00948378,-2.4744,-2.4744,-2.4744,-3.0930,-3.0930,-59.3847,-0.00948378,-13.6090,-12.4662,-48.2501,-49.3929,-0.00770557,-0.00788808,-0.00039516,45.7059,39.3763,-0.4548,-8.8370,-1.3162,894.5305,19.4286,,45.7059,25.7155,51.4311,64.2888,77.1466,98.3618,131.9208,34.5523,0.0,1.912499,2.565003,0.888683,23,40,8,2,0E-8,-0.00987894,,0E-8,0.000000,0.855225,0.000000,,2026-03-22,2026-06-24,7,47,44,95,0.073684,,,0.000000,,,,,,,,GLOBAL_BASELINE_NO_ENTITY_RANKING,,,NOT_APPLICABLE_GLOBAL_BASELINE,HF9g-P5,,,,X 全窗基线 · 不参与实体赏罚,3924850,393,A168_HF9F_20260827_0900,2026-08-27 09:00:00
2026-06-24,124106016,526,0,57.0884871551,25.2012240595,25.2012240595,0.7500000,10,10,0.49324550000000000,0.493245500000,1.4525553310976282,1.4525553310976282,1.4525553310976282,0E-17,ELIGIBLE,R03b_20260811_FULL_v1,L1_ELIGIBILITY,v2026-08-11,2026-03-21..2026-08-06,baccarat_bet02_101_all_pairs_incl_sentinel,round_win = game_pnl > 0 (decisive only),COMPATIBILITY_ONLY_NOT_PRODUCTION,6261.7136,5355.1710,-61.8591,137,136,0.00987894,,0.00987894,0.00987894,61.8591,6261.7136,OK,0.0000,-2.4744,4.0000,96.0000,AG03-UNRESOLVED,ALL5_LEVELS_bet23_to_bet27,-2.4744,-2.4744,-2.4744,-3.0930,-3.0930,4.000000,4.000000,4.000000,5.000000,5.000000,96.000000,96.000000,96.000000,95.000000,95.000000,5.0,-13.6090,-12.4662,-48.2501,-49.3929,PENDING_AG03,FALSE,NOT_FOR_ENFORCEMENT,-59.3847,5140.9641,-61.8591,-59.3847,-2.4744,-0.00987894,-0.00948378,-2.4744,-59.3847,-0.00948378,-2.4744,-2.4744,-2.4744,-3.0930,-3.0930,-59.3847,-0.00948378,-13.6090,-12.4662,-48.2501,-49.3929,-0.00770557,-0.00788808,-0.00039516,45.7059,39.3763,-0.4548,-8.8370,-1.3162,894.5305,19.4286,,45.7059,25.7155,51.4311,64.2888,77.1466,98.3618,131.9208,34.5523,0.0,1.912499,2.565003,0.888683,23,40,8,2,0E-8,-0.00987894,,0E-8,0.000000,0.855225,0.000000,,2026-03-22,2026-06-24,7,47,44,95,0.073684,,,0.000000,,,,,,,,GLOBAL_BASELINE_NO_ENTITY_RANKING,,,NOT_APPLICABLE_GLOBAL_BASELINE,HF9g-P5,,,,X 全窗基线 · 不参与实体赏罚,3924851,393,A168_HF9F_20260827_0900,2026-08-27 09:00:00
2026-04-08,143881824,1299,0,39.2639321519,39.2639321519,39.2639321519,1.0000000,1,1,0.49324550000000000,0.493245500000,1.01360149184955,1.01360149184955,1.01360149184955,0E-17,ELIGIBLE,R03b_20260811_FULL_v1,L1_ELIGIBILITY,v2026-08-11,2026-03-21..2026-08-06,baccarat_bet02_101_all_pairs_incl_sentinel,round_win = game_pnl > 0 (decisive only),COMPATIBILITY_ONLY_NOT_PRODUCTION,1013.8603,917.5328,-61.8572,42,42,0.06101158,,0.06101158,0.06101158,61.8572,1013.8603,OK,0.0000,-2.4743,4.0000,96.0000,AG03-UNRESOLVED,ALL5_LEVELS_bet23_to_bet27,-2.4743,-2.4743,-3.0929,-3.0929,-3.0929,4.000000,4.000000,5.000000,5.000000,5.000000,96.000000,96.000000,95.000000,95.000000,95.000000,5.0,-14.2272,-12.9803,-47.6301,-48.8769,PENDING_AG03,FALSE,NOT_FOR_ENFORCEMENT,-59.3829,880.8314,-61.8572,-59.3829,-2.4743,-0.06101158,-0.05857112,-2.4743,-59.3829,-0.05857112,-2.4743,-2.4743,-3.0929,-3.0929,-3.0929,-59.3829,-0.05857112,-14.2272,-12.9803,-47.6301,-48.8769,-0.04697892,-0.04820872,-0.00244046,24.1395,21.8460,-1.4728,-12.3714,-4.4184,202.7721,8.4000,,24.1395,13.088,18.2196,30.8876,43.1903,62.546,79.3131,13.088,-3.9264,3.432901,4.353186,1.324924,12,15,5,2,0E-8,-0.06101158,,0E-8,0.000000,0.904989,0.000000,,2026-04-08,2026-05-12,5,14,13,35,0.142857,,,0.000000,,,,,,,,GLOBAL_BASELINE_NO_ENTITY_RANKING,,,NOT_APPLICABLE_GLOBAL_BASELINE,HF9g-P5,,,,X 全窗基线 · 不参与实体赏罚,3924852,393,A168_HF9F_20260827_0900,2026-08-27 09:00:00
2026-04-08,143881824,1485,0,13.0879773840,-13.0879773840,-13.0879773840,0E-7,1,1,0.49324550000000000,0.493245500000,-0.9865810262130424,-0.9865810262130424,-0.9865810262130424,0E-17,ELIGIBLE,R03b_20260811_FULL_v1,L1_ELIGIBILITY,v2026-08-11,2026-03-21..2026-08-06,baccarat_bet02_101_all_pairs_incl_sentinel,round_win = game_pnl > 0 (decisive only),COMPATIBILITY_ONLY_NOT_PRODUCTION,1013.8603,917.5328,-61.8572,42,42,0.06101158,,0.06101158,0.06101158,61.8572,1013.8603,OK,0.0000,-2.4743,4.0000,96.0000,AG03-UNRESOLVED,ALL5_LEVELS_bet23_to_bet27,-2.4743,-2.4743,-3.0929,-3.0929,-3.0929,4.000000,4.000000,5.000000,5.000000,5.000000,96.000000,96.000000,95.000000,95.000000,95.000000,5.0,-14.2272,-12.9803,-47.6301,-48.8769,PENDING_AG03,FALSE,NOT_FOR_ENFORCEMENT,-59.3829,880.8314,-61.8572,-59.3829,-2.4743,-0.06101158,-0.05857112,-2.4743,-59.3829,-0.05857112,-2.4743,-2.4743,-3.0929,-3.0929,-3.0929,-59.3829,-0.05857112,-14.2272,-12.9803,-47.6301,-48.8769,-0.04697892,-0.04820872,-0.00244046,24.1395,21.8460,-1.4728,-12.3714,-4.4184,202.7721,8.4000,,24.1395,13.088,18.2196,30.8876,43.1903,62.546,79.3131,13.088,-3.9264,3.432901,4.353186,1.324924,12,15,5,2,0E-8,-0.06101158,,0E-8,0.000000,0.904989,0.000000,,2026-04-08,2026-05-12,5,14,13,35,0.142857,,,0.000000,,,,,,,,GLOBAL_BASELINE_NO_ENTITY_RANKING,,,NOT_APPLICABLE_GLOBAL_BASELINE,HF9g-P5,,,,X 全窗基线 · 不参与实体赏罚,3924853,393,A168_HF9F_20260827_0900,2026-08-27 09:00:00
2026-04-08,143881824,2093,0,75.9102688271,26.1759547679,26.1759547679,0.3333333,3,3,0.50665070000000000,0.506650700000,-0.6004420894325239,-0.6004420894325239,-0.6004420894325239,0E-17,ELIGIBLE,R03b_20260811_FULL_v1,L1_ELIGIBILITY,v2026-08-11,2026-03-21..2026-08-06,baccarat_bet02_101_all_pairs_incl_sentinel,round_win = game_pnl > 0 (decisive only),COMPATIBILITY_ONLY_NOT_PRODUCTION,1013.8603,917.5328,-61.8572,42,42,0.06101158,,0.06101158,0.06101158,61.8572,1013.8603,OK,0.0000,-2.4743,4.0000,96.0000,AG03-UNRESOLVED,ALL5_LEVELS_bet23_to_bet27,-2.4743,-2.4743,-3.0929,-3.0929,-3.0929,4.000000,4.000000,5.000000,5.000000,5.000000,96.000000,96.000000,95.000000,95.000000,95.000000,5.0,-14.2272,-12.9803,-47.6301,-48.8769,PENDING_AG03,FALSE,NOT_FOR_ENFORCEMENT,-59.3829,880.8314,-61.8572,-59.3829,-2.4743,-0.06101158,-0.05857112,-2.4743,-59.3829,-0.05857112,-2.4743,-2.4743,-3.0929,-3.0929,-3.0929,-59.3829,-0.05857112,-14.2272,-12.9803,-47.6301,-48.8769,-0.04697892,-0.04820872,-0.00244046,24.1395,21.8460,-1.4728,-12.3714,-4.4184,202.7721,8.4000,,24.1395,13.088,18.2196,30.8876,43.1903,62.546,79.3131,13.088,-3.9264,3.432901,4.353186,1.324924,12,15,5,2,0E-8,-0.06101158,,0E-8,0.000000,0.904989,0.000000,,2026-04-08,2026-05-12,5,14,13,35,0.142857,,,0.000000,,,,,,,,GLOBAL_BASELINE_NO_ENTITY_RANKING,,,NOT_APPLICABLE_GLOBAL_BASELINE,HF9g-P5,,,,X 全窗基线 · 不参与实体赏罚,3924854,393,A168_HF9F_20260827_0900,2026-08-27 09:00:00
2026-04-08,143881824,2127,0,52.3519095359,26.1759547679,26.1759547679,0.5000000,2,2,0.49324550000000000,0.493245500000,0.01910635448239258,0.01910635448239258,0.01910635448239258,0E-17,ELIGIBLE,R03b_20260811_FULL_v1,L1_ELIGIBILITY,v2026-08-11,2026-03-21..2026-08-06,baccarat_bet02_101_all_pairs_incl_sentinel,round_win = game_pnl > 0 (decisive only),COMPATIBILITY_ONLY_NOT_PRODUCTION,1013.8603,917.5328,-61.8572,42,42,0.06101158,,0.06101158,0.06101158,61.8572,1013.8603,OK,0.0000,-2.4743,4.0000,96.0000,AG03-UNRESOLVED,ALL5_LEVELS_bet23_to_bet27,-2.4743,-2.4743,-3.0929,-3.0929,-3.0929,4.000000,4.000000,5.000000,5.000000,5.000000,96.000000,96.000000,95.000000,95.000000,95.000000,5.0,-14.2272,-12.9803,-47.6301,-48.8769,PENDING_AG03,FALSE,NOT_FOR_ENFORCEMENT,-59.3829,880.8314,-61.8572,-59.3829,-2.4743,-0.06101158,-0.05857112,-2.4743,-59.3829,-0.05857112,-2.4743,-2.4743,-3.0929,-3.0929,-3.0929,-59.3829,-0.05857112,-14.2272,-12.9803,-47.6301,-48.8769,-0.04697892,-0.04820872,-0.00244046,24.1395,21.8460,-1.4728,-12.3714,-4.4184,202.7721,8.4000,,24.1395,13.088,18.2196,30.8876,43.1903,62.546,79.3131,13.088,-3.9264,3.432901,4.353186,1.324924,12,15,5,2,0E-8,-0.06101158,,0E-8,0.000000,0.904989,0.000000,,2026-04-08,2026-05-12,5,14,13,35,0.142857,,,0.000000,,,,,,,,GLOBAL_BASELINE_NO_ENTITY_RANKING,,,NOT_APPLICABLE_GLOBAL_BASELINE,HF9g-P5,,,,X 全窗基线 · 不参与实体赏罚,3924855,393,A168_HF9F_20260827_0900,2026-08-27 09:00:00
2026-04-09,143881824,1363,0,184.8022406619,68.0836583514,68.0836583514,0.6250000,9,9,0.49920336666666667,0.499203366667,0.7116141230598275,0.7116141230579411,0.7116141230598275,-3.3333E-13,ELIGIBLE,R03b_20260811_FULL_v1,L1_ELIGIBILITY,v2026-08-11,2026-03-21..2026-08-06,baccarat_bet02_101_all_pairs_incl_sentinel,round_win = game_pnl > 0 (decisive only),COMPATIBILITY_ONLY_NOT_PRODUCTION,1013.8603,917.5328,-61.8572,42,42,0.06101158,,0.06101158,0.06101158,61.8572,1013.8603,OK,0.0000,-2.4743,4.0000,96.0000,AG03-UNRESOLVED,ALL5_LEVELS_bet23_to_bet27,-2.4743,-2.4743,-3.0929,-3.0929,-3.0929,4.000000,4.000000,5.000000,5.000000,5.000000,96.000000,96.000000,95.000000,95.000000,95.000000,5.0,-14.2272,-12.9803,-47.6301,-48.8769,PENDING_AG03,FALSE,NOT_FOR_ENFORCEMENT,-59.3829,880.8314,-61.8572,-59.3829,-2.4743,-0.06101158,-0.05857112,-2.4743,-59.3829,-0.05857112,-2.4743,-2.4743,-3.0929,-3.0929,-3.0929,-59.3829,-0.05857112,-14.2272,-12.9803,-47.6301,-48.8769,-0.04697892,-0.04820872,-0.00244046,24.1395,21.8460,-1.4728,-12.3714,-4.4184,202.7721,8.4000,,24.1395,13.088,18.2196,30.8876,43.1903,62.546,79.3131,13.088,-3.9264,3.432901,4.353186,1.324924,12,15,5,2,0E-8,-0.06101158,,0E-8,0.000000,0.904989,0.000000,,2026-04-08,2026-05-12,5,14,13,35,0.142857,,,0.000000,,,,,,,,GLOBAL_BASELINE_NO_ENTITY_RANKING,,,NOT_APPLICABLE_GLOBAL_BASELINE,HF9g-P5,,,,X 全窗基线 · 不参与实体赏罚,3924856,393,A168_HF9F_20260827_0900,2026-08-27 09:00:00
2026-04-09,143881824,1382,0,80.8837002331,-23.8201188389,-23.8201188389,0.3333333,3,3,0.49324550000000000,0.493245500000,-0.5540025479526107,-0.5540025479526106,-0.5540025479526107,0E-17,ELIGIBLE,R03b_20260811_FULL_v1,L1_ELIGIBILITY,v2026-08-11,2026-03-21..2026-08-06,baccarat_bet02_101_all_pairs_incl_sentinel,round_win = game_pnl > 0 (decisive only),COMPATIBILITY_ONLY_NOT_PRODUCTION,1013.8603,917.5328,-61.8572,42,42,0.06101158,,0.06101158,0.06101158,61.8572,1013.8603,OK,0.0000,-2.4743,4.0000,96.0000,AG03-UNRESOLVED,ALL5_LEVELS_bet23_to_bet27,-2.4743,-2.4743,-3.0929,-3.0929,-3.0929,4.000000,4.000000,5.000000,5.000000,5.000000,96.000000,96.000000,95.000000,95.000000,95.000000,5.0,-14.2272,-12.9803,-47.6301,-48.8769,PENDING_AG03,FALSE,NOT_FOR_ENFORCEMENT,-59.3829,880.8314,-61.8572,-59.3829,-2.4743,-0.06101158,-0.05857112,-2.4743,-59.3829,-0.05857112,-2.4743,-2.4743,-3.0929,-3.0929,-3.0929,-59.3829,-0.05857112,-14.2272,-12.9803,-47.6301,-48.8769,-0.04697892,-0.04820872,-0.00244046,24.1395,21.8460,-1.4728,-12.3714,-4.4184,202.7721,8.4000,,24.1395,13.088,18.2196,30.8876,43.1903,62.546,79.3131,13.088,-3.9264,3.432901,4.353186,1.324924,12,15,5,2,0E-8,-0.06101158,,0E-8,0.000000,0.904989,0.000000,,2026-04-08,2026-05-12,5,14,13,35,0.142857,,,0.000000,,,,,,,,GLOBAL_BASELINE_NO_ENTITY_RANKING,,,NOT_APPLICABLE_GLOBAL_BASELINE,HF9g-P5,,,,X 全窗基线 · 不参与实体赏罚,3924857,393,A168_HF9F_20260827_0900,2026-08-27 09:00:00
2026-04-09,143881824,1947,0,52.3519095359,52.3519095359,52.3519095359,1.0000000,1,1,0.49324550000000000,0.493245500000,1.01360149184955,1.01360149184955,1.01360149184955,0E-17,ELIGIBLE,R03b_20260811_FULL_v1,L1_ELIGIBILITY,v2026-08-11,2026-03-21..2026-08-06,baccarat_bet02_101_all_pairs_incl_sentinel,round_win = game_pnl > 0 (decisive only),COMPATIBILITY_ONLY_NOT_PRODUCTION,1013.8603,917.5328,-61.8572,42,42,0.06101158,,0.06101158,0.06101158,61.8572,1013.8603,OK,0.0000,-2.4743,4.0000,96.0000,AG03-UNRESOLVED,ALL5_LEVELS_bet23_to_bet27,-2.4743,-2.4743,-3.0929,-3.0929,-3.0929,4.000000,4.000000,5.000000,5.000000,5.000000,96.000000,96.000000,95.000000,95.000000,95.000000,5.0,-14.2272,-12.9803,-47.6301,-48.8769,PENDING_AG03,FALSE,NOT_FOR_ENFORCEMENT,-59.3829,880.8314,-61.8572,-59.3829,-2.4743,-0.06101158,-0.05857112,-2.4743,-59.3829,-0.05857112,-2.4743,-2.4743,-3.0929,-3.0929,-3.0929,-59.3829,-0.05857112,-14.2272,-12.9803,-47.6301,-48.8769,-0.04697892,-0.04820872,-0.00244046,24.1395,21.8460,-1.4728,-12.3714,-4.4184,202.7721,8.4000,,24.1395,13.088,18.2196,30.8876,43.1903,62.546,79.3131,13.088,-3.9264,3.432901,4.353186,1.324924,12,15,5,2,0E-8,-0.06101158,,0E-8,0.000000,0.904989,0.000000,,2026-04-08,2026-05-12,5,14,13,35,0.142857,,,0.000000,,,,,,,,GLOBAL_BASELINE_NO_ENTITY_RANKING,,,NOT_APPLICABLE_GLOBAL_BASELINE,HF9g-P5,,,,X 全窗基线 · 不参与实体赏罚,3924858,393,A168_HF9F_20260827_0900,2026-08-27 09:00:00
2026-04-09,143881824,2134,0,26.1759547680,0E-10,0E-10,,2,2,0.49324550000000000,0.493245500000,,,,0E-17,NO_DECISIVE_ROUND,R03b_20260811_FULL_v1,L1_ELIGIBILITY,v2026-08-11,2026-03-21..2026-08-06,baccarat_bet02_101_all_pairs_incl_sentinel,round_win = game_pnl > 0 (decisive only),COMPATIBILITY_ONLY_NOT_PRODUCTION,1013.8603,917.5328,-61.8572,42,42,0.06101158,,0.06101158,0.06101158,61.8572,1013.8603,OK,0.0000,-2.4743,4.0000,96.0000,AG03-UNRESOLVED,ALL5_LEVELS_bet23_to_bet27,-2.4743,-2.4743,-3.0929,-3.0929,-3.0929,4.000000,4.000000,5.000000,5.000000,5.000000,96.000000,96.000000,95.000000,95.000000,95.000000,5.0,-14.2272,-12.9803,-47.6301,-48.8769,PENDING_AG03,FALSE,NOT_FOR_ENFORCEMENT,-59.3829,880.8314,-61.8572,-59.3829,-2.4743,-0.06101158,-0.05857112,-2.4743,-59.3829,-0.05857112,-2.4743,-2.4743,-3.0929,-3.0929,-3.0929,-59.3829,-0.05857112,-14.2272,-12.9803,-47.6301,-48.8769,-0.04697892,-0.04820872,-0.00244046,24.1395,21.8460,-1.4728,-12.3714,-4.4184,202.7721,8.4000,,24.1395,13.088,18.2196,30.8876,43.1903,62.546,79.3131,13.088,-3.9264,3.432901,4.353186,1.324924,12,15,5,2,0E-8,-0.06101158,,0E-8,0.000000,0.904989,0.000000,,2026-04-08,2026-05-12,5,14,13,35,0.142857,,,0.000000,,,,,,,,GLOBAL_BASELINE_NO_ENTITY_RANKING,,,NOT_APPLICABLE_GLOBAL_BASELINE,HF9g-P5,,,,X 全窗基线 · 不参与实体赏罚,3924859,393,A168_HF9F_20260827_0900,2026-08-27 09:00:00
2026-04-09,143881824,919,0,47.1167185824,-21.5951626836,-21.5951626836,0.3333333,3,3,0.49771390000000000,0.497713900000,-0.5694369385616226,-0.5694369385616226,-0.5694369385616226,0E-17,ELIGIBLE,R03b_20260811_FULL_v1,L1_ELIGIBILITY,v2026-08-11,2026-03-21..2026-08-06,baccarat_bet02_101_all_pairs_incl_sentinel,round_win = game_pnl > 0 (decisive only),COMPATIBILITY_ONLY_NOT_PRODUCTION,1013.8603,917.5328,-61.8572,42,42,0.06101158,,0.06101158,0.06101158,61.8572,1013.8603,OK,0.0000,-2.4743,4.0000,96.0000,AG03-UNRESOLVED,ALL5_LEVELS_bet23_to_bet27,-2.4743,-2.4743,-3.0929,-3.0929,-3.0929,4.000000,4.000000,5.000000,5.000000,5.000000,96.000000,96.000000,95.000000,95.000000,95.000000,5.0,-14.2272,-12.9803,-47.6301,-48.8769,PENDING_AG03,FALSE,NOT_FOR_ENFORCEMENT,-59.3829,880.8314,-61.8572,-59.3829,-2.4743,-0.06101158,-0.05857112,-2.4743,-59.3829,-0.05857112,-2.4743,-2.4743,-3.0929,-3.0929,-3.0929,-59.3829,-0.05857112,-14.2272,-12.9803,-47.6301,-48.8769,-0.04697892,-0.04820872,-0.00244046,24.1395,21.8460,-1.4728,-12.3714,-4.4184,202.7721,8.4000,,24.1395,13.088,18.2196,30.8876,43.1903,62.546,79.3131,13.088,-3.9264,3.432901,4.353186,1.324924,12,15,5,2,0E-8,-0.06101158,,0E-8,0.000000,0.904989,0.000000,,2026-04-08,2026-05-12,5,14,13,35,0.142857,,,0.000000,,,,,,,,GLOBAL_BASELINE_NO_ENTITY_RANKING,,,NOT_APPLICABLE_GLOBAL_BASELINE,HF9g-P5,,,,X 全窗基线 · 不参与实体赏罚,3924860,393,A168_HF9F_20260827_0900,2026-08-27 09:00:00
2026-04-09,143881824,987,0,79.3131429469,-79.3131429469,-79.3131429469,0E-7,1,1,0.49324550000000000,0.493245500000,-0.9865810262130424,-0.9865810262130424,-0.9865810262130424,0E-17,ELIGIBLE,R03b_20260811_FULL_v1,L1_ELIGIBILITY,v2026-08-11,2026-03-21..2026-08-06,baccarat_bet02_101_all_pairs_incl_sentinel,round_win = game_pnl > 0 (decisive only),COMPATIBILITY_ONLY_NOT_PRODUCTION,1013.8603,917.5328,-61.8572,42,42,0.06101158,,0.06101158,0.06101158,61.8572,1013.8603,OK,0.0000,-2.4743,4.0000,96.0000,AG03-UNRESOLVED,ALL5_LEVELS_bet23_to_bet27,-2.4743,-2.4743,-3.0929,-3.0929,-3.0929,4.000000,4.000000,5.000000,5.000000,5.000000,96.000000,96.000000,95.000000,95.000000,95.000000,5.0,-14.2272,-12.9803,-47.6301,-48.8769,PENDING_AG03,FALSE,NOT_FOR_ENFORCEMENT,-59.3829,880.8314,-61.8572,-59.3829,-2.4743,-0.06101158,-0.05857112,-2.4743,-59.3829,-0.05857112,-2.4743,-2.4743,-3.0929,-3.0929,-3.0929,-59.3829,-0.05857112,-14.2272,-12.9803,-47.6301,-48.8769,-0.04697892,-0.04820872,-0.00244046,24.1395,21.8460,-1.4728,-12.3714,-4.4184,202.7721,8.4000,,24.1395,13.088,18.2196,30.8876,43.1903,62.546,79.3131,13.088,-3.9264,3.432901,4.353186,1.324924,12,15,5,2,0E-8,-0.06101158,,0E-8,0.000000,0.904989,0.000000,,2026-04-08,2026-05-12,5,14,13,35,0.142857,,,0.000000,,,,,,,,GLOBAL_BASELINE_NO_ENTITY_RANKING,,,NOT_APPLICABLE_GLOBAL_BASELINE,HF9g-P5,,,,X 全窗基线 · 不参与实体赏罚,3924861,393,A168_HF9F_20260827_0900,2026-08-27 09:00:00
2026-04-10,143881824,1509,0,36.6463366752,-36.6463366752,-36.6463366752,0E-7,2,2,0.49324550000000000,0.493245500000,-1.3952362676504506,-1.3952362676504506,-1.3952362676504506,0E-17,ELIGIBLE,R03b_20260811_FULL_v1,L1_ELIGIBILITY,v2026-08-11,2026-03-21..2026-08-06,baccarat_bet02_101_all_pairs_incl_sentinel,round_win = game_pnl > 0 (decisive only),COMPATIBILITY_ONLY_NOT_PRODUCTION,1013.8603,917.5328,-61.8572,42,42,0.06101158,,0.06101158,0.06101158,61.8572,1013.8603,OK,0.0000,-2.4743,4.0000,96.0000,AG03-UNRESOLVED,ALL5_LEVELS_bet23_to_bet27,-2.4743,-2.4743,-3.0929,-3.0929,-3.0929,4.000000,4.000000,5.000000,5.000000,5.000000,96.000000,96.000000,95.000000,95.000000,95.000000,5.0,-14.2272,-12.9803,-47.6301,-48.8769,PENDING_AG03,FALSE,NOT_FOR_ENFORCEMENT,-59.3829,880.8314,-61.8572,-59.3829,-2.4743,-0.06101158,-0.05857112,-2.4743,-59.3829,-0.05857112,-2.4743,-2.4743,-3.0929,-3.0929,-3.0929,-59.3829,-0.05857112,-14.2272,-12.9803,-47.6301,-48.8769,-0.04697892,-0.04820872,-0.00244046,24.1395,21.8460,-1.4728,-12.3714,-4.4184,202.7721,8.4000,,24.1395,13.088,18.2196,30.8876,43.1903,62.546,79.3131,13.088,-3.9264,3.432901,4.353186,1.324924,12,15,5,2,0E-8,-0.06101158,,0E-8,0.000000,0.904989,0.000000,,2026-04-08,2026-05-12,5,14,13,35,0.142857,,,0.000000,,,,,,,,GLOBAL_BASELINE_NO_ENTITY_RANKING,,,NOT_APPLICABLE_GLOBAL_BASELINE,HF9g-P5,,,,X 全窗基线 · 不参与实体赏罚,3924862,393,A168_HF9F_20260827_0900,2026-08-27 09:00:00
2026-04-10,143881824,1704,0,54.9695050128,22.9039604220,22.9039604220,0.6000000,5,5,0.49592654000000000,0.495926540000,0.46544610904919037,0.46544610904919037,0.46544610904919037,0E-17,ELIGIBLE,R03b_20260811_FULL_v1,L1_ELIGIBILITY,v2026-08-11,2026-03-21..2026-08-06,baccarat_bet02_101_all_pairs_incl_sentinel,round_win = game_pnl > 0 (decisive only),COMPATIBILITY_ONLY_NOT_PRODUCTION,1013.8603,917.5328,-61.8572,42,42,0.06101158,,0.06101158,0.06101158,61.8572,1013.8603,OK,0.0000,-2.4743,4.0000,96.0000,AG03-UNRESOLVED,ALL5_LEVELS_bet23_to_bet27,-2.4743,-2.4743,-3.0929,-3.0929,-3.0929,4.000000,4.000000,5.000000,5.000000,5.000000,96.000000,96.000000,95.000000,95.000000,95.000000,5.0,-14.2272,-12.9803,-47.6301,-48.8769,PENDING_AG03,FALSE,NOT_FOR_ENFORCEMENT,-59.3829,880.8314,-61.8572,-59.3829,-2.4743,-0.06101158,-0.05857112,-2.4743,-59.3829,-0.05857112,-2.4743,-2.4743,-3.0929,-3.0929,-3.0929,-59.3829,-0.05857112,-14.2272,-12.9803,-47.6301,-48.8769,-0.04697892,-0.04820872,-0.00244046,24.1395,21.8460,-1.4728,-12.3714,-4.4184,202.7721,8.4000,,24.1395,13.088,18.2196,30.8876,43.1903,62.546,79.3131,13.088,-3.9264,3.432901,4.353186,1.324924,12,15,5,2,0E-8,-0.06101158,,0E-8,0.000000,0.904989,0.000000,,2026-04-08,2026-05-12,5,14,13,35,0.142857,,,0.000000,,,,,,,,GLOBAL_BASELINE_NO_ENTITY_RANKING,,,NOT_APPLICABLE_GLOBAL_BASELINE,HF9g-P5,,,,X 全窗基线 · 不参与实体赏罚,3924863,393,A168_HF9F_20260827_0900,2026-08-27 09:00:00
2026-04-10,143881824,987,0,26.1759547680,-0.6543988692,-0.6543988692,0.5000000,2,2,0.49994810000000000,0.499948100000,0.00014679536856514622,0.00014679536856514622,0.00014679536856514622,0E-17,ELIGIBLE,R03b_20260811_FULL_v1,L1_ELIGIBILITY,v2026-08-11,2026-03-21..2026-08-06,baccarat_bet02_101_all_pairs_incl_sentinel,round_win = game_pnl > 0 (decisive only),COMPATIBILITY_ONLY_NOT_PRODUCTION,1013.8603,917.5328,-61.8572,42,42,0.06101158,,0.06101158,0.06101158,61.8572,1013.8603,OK,0.0000,-2.4743,4.0000,96.0000,AG03-UNRESOLVED,ALL5_LEVELS_bet23_to_bet27,-2.4743,-2.4743,-3.0929,-3.0929,-3.0929,4.000000,4.000000,5.000000,5.000000,5.000000,96.000000,96.000000,95.000000,95.000000,95.000000,5.0,-14.2272,-12.9803,-47.6301,-48.8769,PENDING_AG03,FALSE,NOT_FOR_ENFORCEMENT,-59.3829,880.8314,-61.8572,-59.3829,-2.4743,-0.06101158,-0.05857112,-2.4743,-59.3829,-0.05857112,-2.4743,-2.4743,-3.0929,-3.0929,-3.0929,-59.3829,-0.05857112,-14.2272,-12.9803,-47.6301,-48.8769,-0.04697892,-0.04820872,-0.00244046,24.1395,21.8460,-1.4728,-12.3714,-4.4184,202.7721,8.4000,,24.1395,13.088,18.2196,30.8876,43.1903,62.546,79.3131,13.088,-3.9264,3.432901,4.353186,1.324924,12,15,5,2,0E-8,-0.06101158,,0E-8,0.000000,0.904989,0.000000,,2026-04-08,2026-05-12,5,14,13,35,0.142857,,,0.000000,,,,,,,,GLOBAL_BASELINE_NO_ENTITY_RANKING,,,NOT_APPLICABLE_GLOBAL_BASELINE,HF9g-P5,,,,X 全窗基线 · 不参与实体赏罚,3924864,393,A168_HF9F_20260827_0900,2026-08-27 09:00:00
2026-04-27,143881824,2252,0,39.2639321519,-39.2639321519,-39.2639321519,0E-7,1,1,0.50665070000000000,0.506650700000,-1.013391052207602,-1.013391052207602,-1.013391052207602,0E-17,ELIGIBLE,R03b_20260811_FULL_v1,L1_ELIGIBILITY,v2026-08-11,2026-03-21..2026-08-06,baccarat_bet02_101_all_pairs_incl_sentinel,round_win = game_pnl > 0 (decisive only),COMPATIBILITY_ONLY_NOT_PRODUCTION,1013.8603,917.5328,-61.8572,42,42,0.06101158,,0.06101158,0.06101158,61.8572,1013.8603,OK,0.0000,-2.4743,4.0000,96.0000,AG03-UNRESOLVED,ALL5_LEVELS_bet23_to_bet27,-2.4743,-2.4743,-3.0929,-3.0929,-3.0929,4.000000,4.000000,5.000000,5.000000,5.000000,96.000000,96.000000,95.000000,95.000000,95.000000,5.0,-14.2272,-12.9803,-47.6301,-48.8769,PENDING_AG03,FALSE,NOT_FOR_ENFORCEMENT,-59.3829,880.8314,-61.8572,-59.3829,-2.4743,-0.06101158,-0.05857112,-2.4743,-59.3829,-0.05857112,-2.4743,-2.4743,-3.0929,-3.0929,-3.0929,-59.3829,-0.05857112,-14.2272,-12.9803,-47.6301,-48.8769,-0.04697892,-0.04820872,-0.00244046,24.1395,21.8460,-1.4728,-12.3714,-4.4184,202.7721,8.4000,,24.1395,13.088,18.2196,30.8876,43.1903,62.546,79.3131,13.088,-3.9264,3.432901,4.353186,1.324924,12,15,5,2,0E-8,-0.06101158,,0E-8,0.000000,0.904989,0.000000,,2026-04-08,2026-05-12,5,14,13,35,0.142857,,,0.000000,,,,,,,,GLOBAL_BASELINE_NO_ENTITY_RANKING,,,NOT_APPLICABLE_GLOBAL_BASELINE,HF9g-P5,,,,X 全窗基线 · 不参与实体赏罚,3924865,393,A168_HF9F_20260827_0900,2026-08-27 09:00:00
2026-04-27,143881824,986,0,65.4398869199,-26.1759547680,-26.1759547680,0E-7,2,2,0.49994810000000000,0.499948100000,-0.9998962053866608,-0.9998962053866608,-0.9998962053866608,0E-17,ELIGIBLE,R03b_20260811_FULL_v1,L1_ELIGIBILITY,v2026-08-11,2026-03-21..2026-08-06,baccarat_bet02_101_all_pairs_incl_sentinel,round_win = game_pnl > 0 (decisive only),COMPATIBILITY_ONLY_NOT_PRODUCTION,1013.8603,917.5328,-61.8572,42,42,0.06101158,,0.06101158,0.06101158,61.8572,1013.8603,OK,0.0000,-2.4743,4.0000,96.0000,AG03-UNRESOLVED,ALL5_LEVELS_bet23_to_bet27,-2.4743,-2.4743,-3.0929,-3.0929,-3.0929,4.000000,4.000000,5.000000,5.000000,5.000000,96.000000,96.000000,95.000000,95.000000,95.000000,5.0,-14.2272,-12.9803,-47.6301,-48.8769,PENDING_AG03,FALSE,NOT_FOR_ENFORCEMENT,-59.3829,880.8314,-61.8572,-59.3829,-2.4743,-0.06101158,-0.05857112,-2.4743,-59.3829,-0.05857112,-2.4743,-2.4743,-3.0929,-3.0929,-3.0929,-59.3829,-0.05857112,-14.2272,-12.9803,-47.6301,-48.8769,-0.04697892,-0.04820872,-0.00244046,24.1395,21.8460,-1.4728,-12.3714,-4.4184,202.7721,8.4000,,24.1395,13.088,18.2196,30.8876,43.1903,62.546,79.3131,13.088,-3.9264,3.432901,4.353186,1.324924,12,15,5,2,0E-8,-0.06101158,,0E-8,0.000000,0.904989,0.000000,,2026-04-08,2026-05-12,5,14,13,35,0.142857,,,0.000000,,,,,,,,GLOBAL_BASELINE_NO_ENTITY_RANKING,,,NOT_APPLICABLE_GLOBAL_BASELINE,HF9g-P5,,,,X 全窗基线 · 不参与实体赏罚,3924866,393,A168_HF9F_20260827_0900,2026-08-27 09:00:00
2026-05-12,143881824,1374,0,140.1068963728,67.4588760312,67.4588760312,0.5000000,4,4,0.49659680000000000,0.496596800000,0.013613115331600182,0.013613115331600183,0.013613115331600182,0E-17,ELIGIBLE,R03b_20260811_FULL_v1,L1_ELIGIBILITY,v2026-08-11,2026-03-21..2026-08-06,baccarat_bet02_101_all_pairs_incl_sentinel,round_win = game_pnl > 0 (decisive only),COMPATIBILITY_ONLY_NOT_PRODUCTION,1013.8603,917.5328,-61.8572,42,42,0.06101158,,0.06101158,0.06101158,61.8572,1013.8603,OK,0.0000,-2.4743,4.0000,96.0000,AG03-UNRESOLVED,ALL5_LEVELS_bet23_to_bet27,-2.4743,-2.4743,-3.0929,-3.0929,-3.0929,4.000000,4.000000,5.000000,5.000000,5.000000,96.000000,96.000000,95.000000,95.000000,95.000000,5.0,-14.2272,-12.9803,-47.6301,-48.8769,PENDING_AG03,FALSE,NOT_FOR_ENFORCEMENT,-59.3829,880.8314,-61.8572,-59.3829,-2.4743,-0.06101158,-0.05857112,-2.4743,-59.3829,-0.05857112,-2.4743,-2.4743,-3.0929,-3.0929,-3.0929,-59.3829,-0.05857112,-14.2272,-12.9803,-47.6301,-48.8769,-0.04697892,-0.04820872,-0.00244046,24.1395,21.8460,-1.4728,-12.3714,-4.4184,202.7721,8.4000,,24.1395,13.088,18.2196,30.8876,43.1903,62.546,79.3131,13.088,-3.9264,3.432901,4.353186,1.324924,12,15,5,2,0E-8,-0.06101158,,0E-8,0.000000,0.904989,0.000000,,2026-04-08,2026-05-12,5,14,13,35,0.142857,,,0.000000,,,,,,,,GLOBAL_BASELINE_NO_ENTITY_RANKING,,,NOT_APPLICABLE_GLOBAL_BASELINE,HF9g-P5,,,,X 全窗基线 · 不参与实体赏罚,3924867,393,A168_HF9F_20260827_0900,2026-08-27 09:00:00
2026-06-26,152099124,1384,0,43.3711257976,41.2025695077,41.2025695077,1.0000000,1,1,0.50665070000000000,0.506650700000,0.9867858985152569,0.9867858985152569,0.9867858985152569,0E-17,ELIGIBLE,R03b_20260811_FULL_v1,L1_ELIGIBILITY,v2026-08-11,2026-03-21..2026-08-06,baccarat_bet02_101_all_pairs_incl_sentinel,round_win = game_pnl > 0 (decisive only),COMPATIBILITY_ONLY_NOT_PRODUCTION,84.6770,64.0240,-61.8555,3,3,0.73048780,,0.73048780,0.73048780,61.8555,84.6770,THIN_EXPOSURE,0.0000,-2.4742,4.0000,96.0000,AG03-UNRESOLVED,ALL5_LEVELS_bet23_to_bet27,-2.4742,-2.4742,-2.4742,-2.4742,-2.4742,4.000000,4.000000,4.000000,4.000000,4.000000,96.000000,96.000000,96.000000,96.000000,96.000000,5.0,-12.3711,-11.4202,-49.4844,-50.4353,PENDING_AG03,FALSE,NOT_FOR_ENFORCEMENT,-59.3813,61.4631,-61.8555,-59.3813,-2.4742,-0.73048780,-0.70126829,-2.4742,-59.3813,-0.70126829,-2.4742,-2.4742,-2.4742,-2.4742,-2.4742,-59.3813,-0.70126829,-12.3711,-11.4202,-49.4844,-50.4353,-0.58439024,-0.59561981,-0.02921951,28.2257,21.3413,-20.6185,-61.8555,-30.9277,84.6770,3.0000,,28.2257,20.6529,20.6529,37.6916,43.3711,43.3711,43.3711,20.6529,20.6529,2.1,2.1,1.366667,2,2,1,2,0E-8,-0.73048780,,0E-8,0.000000,0.756098,0.000000,,2026-06-26,2026-06-26,1,2,2,1,1.000000,,,0.000000,,,,,,,,GLOBAL_BASELINE_NO_ENTITY_RANKING,,,NOT_APPLICABLE_GLOBAL_BASELINE,HF9g-P5,,,,X 全窗基线 · 不参与实体赏罚,3924868,393,A168_HF9F_20260827_0900,2026-08-27 09:00:00
2026-06-26,152099124,2177,0,41.3058340930,20.6529170465,20.6529170465,1.0000000,2,2,0.49324550000000000,0.493245500000,1.01360149184955,1.01360149184955,1.01360149184955,0E-17,ELIGIBLE,R03b_20260811_FULL_v1,L1_ELIGIBILITY,v2026-08-11,2026-03-21..2026-08-06,baccarat_bet02_101_all_pairs_incl_sentinel,round_win = game_pnl > 0 (decisive only),COMPATIBILITY_ONLY_NOT_PRODUCTION,84.6770,64.0240,-61.8555,3,3,0.73048780,,0.73048780,0.73048780,61.8555,84.6770,THIN_EXPOSURE,0.0000,-2.4742,4.0000,96.0000,AG03-UNRESOLVED,ALL5_LEVELS_bet23_to_bet27,-2.4742,-2.4742,-2.4742,-2.4742,-2.4742,4.000000,4.000000,4.000000,4.000000,4.000000,96.000000,96.000000,96.000000,96.000000,96.000000,5.0,-12.3711,-11.4202,-49.4844,-50.4353,PENDING_AG03,FALSE,NOT_FOR_ENFORCEMENT,-59.3813,61.4631,-61.8555,-59.3813,-2.4742,-0.73048780,-0.70126829,-2.4742,-59.3813,-0.70126829,-2.4742,-2.4742,-2.4742,-2.4742,-2.4742,-59.3813,-0.70126829,-12.3711,-11.4202,-49.4844,-50.4353,-0.58439024,-0.59561981,-0.02921951,28.2257,21.3413,-20.6185,-61.8555,-30.9277,84.6770,3.0000,,28.2257,20.6529,20.6529,37.6916,43.3711,43.3711,43.3711,20.6529,20.6529,2.1,2.1,1.366667,2,2,1,2,0E-8,-0.73048780,,0E-8,0.000000,0.756098,0.000000,,2026-06-26,2026-06-26,1,2,2,1,1.000000,,,0.000000,,,,,,,,GLOBAL_BASELINE_NO_ENTITY_RANKING,,,NOT_APPLICABLE_GLOBAL_BASELINE,HF9g-P5,,,,X 全窗基线 · 不参与实体赏罚,3924869,393,A168_HF9F_20260827_0900,2026-08-27 09:00:00
2026-06-21,151848062,1353,0,25.7155347545,25.7155347545,25.7155347545,1.0000000,1,1,0.49324550000000000,0.493245500000,1.01360149184955,1.01360149184955,1.01360149184955,0E-17,ELIGIBLE,R03b_20260811_FULL_v1,L1_ELIGIBILITY,v2026-08-11,2026-03-21..2026-08-06,baccarat_bet02_101_all_pairs_incl_sentinel,round_win = game_pnl > 0 (decisive only),COMPATIBILITY_ONLY_NOT_PRODUCTION,474.9659,449.2504,-61.2030,19,19,0.12885761,,0.12885761,0.12885761,61.2030,474.9659,THIN_EXPOSURE,0.0000,-1.8361,3.0000,97.0000,AG03-UNRESOLVED,ALL5_LEVELS_bet23_to_bet27,-1.8361,-1.8361,-1.8361,-2.4481,-2.4481,3.000000,3.000000,3.000000,4.000000,4.000000,97.000000,97.000000,97.000000,96.000000,96.000000,5.0,-10.4045,-9.724,-50.7985,-51.479,PENDING_AG03,FALSE,NOT_FOR_ENFORCEMENT,-59.3669,435.7729,-61.2030,-59.3669,-1.8361,-0.12885761,-0.12499188,-1.8361,-59.3669,-0.12499188,-1.8361,-1.8361,-1.8361,-2.4481,-2.4481,-59.3669,-0.12499188,-10.4045,-9.724,-50.7985,-51.479,-0.10695181,-0.10838464,-0.00386573,24.9982,23.6448,-3.2212,-61.2030,-5.1002,474.9659,19.0000,,24.9982,25.7155,25.7155,25.7155,25.7155,25.7155,25.7155,25.7155,24.4298,1.0,1.0,0.972105,12,13,1,2,0E-8,-0.12885761,,0E-8,0.000000,0.945858,0.000000,,2026-06-21,2026-06-21,1,12,12,1,1.000000,,,0.000000,,,,,,,,GLOBAL_BASELINE_NO_ENTITY_RANKING,,,NOT_APPLICABLE_GLOBAL_BASELINE,HF9g-P5,,,,X 全窗基线 · 不参与实体赏罚,3924870,393,A168_HF9F_20260827_0900,2026-08-27 09:00:00
2026-06-21,151848062,1382,0,25.7155347545,25.7155347545,25.7155347545,1.0000000,1,1,0.49324550000000000,0.493245500000,1.01360149184955,1.01360149184955,1.01360149184955,0E-17,ELIGIBLE,R03b_20260811_FULL_v1,L1_ELIGIBILITY,v2026-08-11,2026-03-21..2026-08-06,baccarat_bet02_101_all_pairs_incl_sentinel,round_win = game_pnl > 0 (decisive only),COMPATIBILITY_ONLY_NOT_PRODUCTION,474.9659,449.2504,-61.2030,19,19,0.12885761,,0.12885761,0.12885761,61.2030,474.9659,THIN_EXPOSURE,0.0000,-1.8361,3.0000,97.0000,AG03-UNRESOLVED,ALL5_LEVELS_bet23_to_bet27,-1.8361,-1.8361,-1.8361,-2.4481,-2.4481,3.000000,3.000000,3.000000,4.000000,4.000000,97.000000,97.000000,97.000000,96.000000,96.000000,5.0,-10.4045,-9.724,-50.7985,-51.479,PENDING_AG03,FALSE,NOT_FOR_ENFORCEMENT,-59.3669,435.7729,-61.2030,-59.3669,-1.8361,-0.12885761,-0.12499188,-1.8361,-59.3669,-0.12499188,-1.8361,-1.8361,-1.8361,-2.4481,-2.4481,-59.3669,-0.12499188,-10.4045,-9.724,-50.7985,-51.479,-0.10695181,-0.10838464,-0.00386573,24.9982,23.6448,-3.2212,-61.2030,-5.1002,474.9659,19.0000,,24.9982,25.7155,25.7155,25.7155,25.7155,25.7155,25.7155,25.7155,24.4298,1.0,1.0,0.972105,12,13,1,2,0E-8,-0.12885761,,0E-8,0.000000,0.945858,0.000000,,2026-06-21,2026-06-21,1,12,12,1,1.000000,,,0.000000,,,,,,,,GLOBAL_BASELINE_NO_ENTITY_RANKING,,,NOT_APPLICABLE_GLOBAL_BASELINE,HF9g-P5,,,,X 全窗基线 · 不参与实体赏罚,3924871,393,A168_HF9F_20260827_0900,2026-08-27 09:00:00
2026-06-21,151848062,1384,0,77.1466042635,-25.7155347545,-25.7155347545,0.3333333,3,3,0.49771390000000000,0.497713900000,-0.5694369385616226,-0.5694369385616226,-0.5694369385616226,0E-17,ELIGIBLE,R03b_20260811_FULL_v1,L1_ELIGIBILITY,v2026-08-11,2026-03-21..2026-08-06,baccarat_bet02_101_all_pairs_incl_sentinel,round_win = game_pnl > 0 (decisive only),COMPATIBILITY_ONLY_NOT_PRODUCTION,474.9659,449.2504,-61.2030,19,19,0.12885761,,0.12885761,0.12885761,61.2030,474.9659,THIN_EXPOSURE,0.0000,-1.8361,3.0000,97.0000,AG03-UNRESOLVED,ALL5_LEVELS_bet23_to_bet27,-1.8361,-1.8361,-1.8361,-2.4481,-2.4481,3.000000,3.000000,3.000000,4.000000,4.000000,97.000000,97.000000,97.000000,96.000000,96.000000,5.0,-10.4045,-9.724,-50.7985,-51.479,PENDING_AG03,FALSE,NOT_FOR_ENFORCEMENT,-59.3669,435.7729,-61.2030,-59.3669,-1.8361,-0.12885761,-0.12499188,-1.8361,-59.3669,-0.12499188,-1.8361,-1.8361,-1.8361,-2.4481,-2.4481,-59.3669,-0.12499188,-10.4045,-9.724,-50.7985,-51.479,-0.10695181,-0.10838464,-0.00386573,24.9982,23.6448,-3.2212,-61.2030,-5.1002,474.9659,19.0000,,24.9982,25.7155,25.7155,25.7155,25.7155,25.7155,25.7155,25.7155,24.4298,1.0,1.0,0.972105,12,13,1,2,0E-8,-0.12885761,,0E-8,0.000000,0.945858,0.000000,,2026-06-21,2026-06-21,1,12,12,1,1.000000,,,0.000000,,,,,,,,GLOBAL_BASELINE_NO_ENTITY_RANKING,,,NOT_APPLICABLE_GLOBAL_BASELINE,HF9g-P5,,,,X 全窗基线 · 不参与实体赏罚,3924872,393,A168_HF9F_20260827_0900,2026-08-27 09:00:00
2026-06-21,151848062,1509,0,25.7155347545,-25.7155347545,-25.7155347545,0E-7,1,1,0.50665070000000000,0.506650700000,-1.013391052207602,-1.013391052207602,-1.013391052207602,0E-17,ELIGIBLE,R03b_20260811_FULL_v1,L1_ELIGIBILITY,v2026-08-11,2026-03-21..2026-08-06,baccarat_bet02_101_all_pairs_incl_sentinel,round_win = game_pnl > 0 (decisive only),COMPATIBILITY_ONLY_NOT_PRODUCTION,474.9659,449.2504,-61.2030,19,19,0.12885761,,0.12885761,0.12885761,61.2030,474.9659,THIN_EXPOSURE,0.0000,-1.8361,3.0000,97.0000,AG03-UNRESOLVED,ALL5_LEVELS_bet23_to_bet27,-1.8361,-1.8361,-1.8361,-2.4481,-2.4481,3.000000,3.000000,3.000000,4.000000,4.000000,97.000000,97.000000,97.000000,96.000000,96.000000,5.0,-10.4045,-9.724,-50.7985,-51.479,PENDING_AG03,FALSE,NOT_FOR_ENFORCEMENT,-59.3669,435.7729,-61.2030,-59.3669,-1.8361,-0.12885761,-0.12499188,-1.8361,-59.3669,-0.12499188,-1.8361,-1.8361,-1.8361,-2.4481,-2.4481,-59.3669,-0.12499188,-10.4045,-9.724,-50.7985,-51.479,-0.10695181,-0.10838464,-0.00386573,24.9982,23.6448,-3.2212,-61.2030,-5.1002,474.9659,19.0000,,24.9982,25.7155,25.7155,25.7155,25.7155,25.7155,25.7155,25.7155,24.4298,1.0,1.0,0.972105,12,13,1,2,0E-8,-0.12885761,,0E-8,0.000000,0.945858,0.000000,,2026-06-21,2026-06-21,1,12,12,1,1.000000,,,0.000000,,,,,,,,GLOBAL_BASELINE_NO_ENTITY_RANKING,,,NOT_APPLICABLE_GLOBAL_BASELINE,HF9g-P5,,,,X 全窗基线 · 不参与实体赏罚,3924873,393,A168_HF9F_20260827_0900,2026-08-27 09:00:00
2026-06-21,151848062,1704,0,25.7155347545,-25.7155347545,-25.7155347545,0E-7,1,1,0.49324550000000000,0.493245500000,-0.9865810262130424,-0.9865810262130424,-0.9865810262130424,0E-17,ELIGIBLE,R03b_20260811_FULL_v1,L1_ELIGIBILITY,v2026-08-11,2026-03-21..2026-08-06,baccarat_bet02_101_all_pairs_incl_sentinel,round_win = game_pnl > 0 (decisive only),COMPATIBILITY_ONLY_NOT_PRODUCTION,474.9659,449.2504,-61.2030,19,19,0.12885761,,0.12885761,0.12885761,61.2030,474.9659,THIN_EXPOSURE,0.0000,-1.8361,3.0000,97.0000,AG03-UNRESOLVED,ALL5_LEVELS_bet23_to_bet27,-1.8361,-1.8361,-1.8361,-2.4481,-2.4481,3.000000,3.000000,3.000000,4.000000,4.000000,97.000000,97.000000,97.000000,96.000000,96.000000,5.0,-10.4045,-9.724,-50.7985,-51.479,PENDING_AG03,FALSE,NOT_FOR_ENFORCEMENT,-59.3669,435.7729,-61.2030,-59.3669,-1.8361,-0.12885761,-0.12499188,-1.8361,-59.3669,-0.12499188,-1.8361,-1.8361,-1.8361,-2.4481,-2.4481,-59.3669,-0.12499188,-10.4045,-9.724,-50.7985,-51.479,-0.10695181,-0.10838464,-0.00386573,24.9982,23.6448,-3.2212,-61.2030,-5.1002,474.9659,19.0000,,24.9982,25.7155,25.7155,25.7155,25.7155,25.7155,25.7155,25.7155,24.4298,1.0,1.0,0.972105,12,13,1,2,0E-8,-0.12885761,,0E-8,0.000000,0.945858,0.000000,,2026-06-21,2026-06-21,1,12,12,1,1.000000,,,0.000000,,,,,,,,GLOBAL_BASELINE_NO_ENTITY_RANKING,,,NOT_APPLICABLE_GLOBAL_BASELINE,HF9g-P5,,,,X 全窗基线 · 不参与实体赏罚,3924874,393,A168_HF9F_20260827_0900,2026-08-27 09:00:00
2026-06-21,151848062,1957,0,25.7155347545,25.7155347545,25.7155347545,1.0000000,1,1,0.49324550000000000,0.493245500000,1.01360149184955,1.01360149184955,1.01360149184955,0E-17,ELIGIBLE,R03b_20260811_FULL_v1,L1_ELIGIBILITY,v2026-08-11,2026-03-21..2026-08-06,baccarat_bet02_101_all_pairs_incl_sentinel,round_win = game_pnl > 0 (decisive only),COMPATIBILITY_ONLY_NOT_PRODUCTION,474.9659,449.2504,-61.2030,19,19,0.12885761,,0.12885761,0.12885761,61.2030,474.9659,THIN_EXPOSURE,0.0000,-1.8361,3.0000,97.0000,AG03-UNRESOLVED,ALL5_LEVELS_bet23_to_bet27,-1.8361,-1.8361,-1.8361,-2.4481,-2.4481,3.000000,3.000000,3.000000,4.000000,4.000000,97.000000,97.000000,97.000000,96.000000,96.000000,5.0,-10.4045,-9.724,-50.7985,-51.479,PENDING_AG03,FALSE,NOT_FOR_ENFORCEMENT,-59.3669,435.7729,-61.2030,-59.3669,-1.8361,-0.12885761,-0.12499188,-1.8361,-59.3669,-0.12499188,-1.8361,-1.8361,-1.8361,-2.4481,-2.4481,-59.3669,-0.12499188,-10.4045,-9.724,-50.7985,-51.479,-0.10695181,-0.10838464,-0.00386573,24.9982,23.6448,-3.2212,-61.2030,-5.1002,474.9659,19.0000,,24.9982,25.7155,25.7155,25.7155,25.7155,25.7155,25.7155,25.7155,24.4298,1.0,1.0,0.972105,12,13,1,2,0E-8,-0.12885761,,0E-8,0.000000,0.945858,0.000000,,2026-06-21,2026-06-21,1,12,12,1,1.000000,,,0.000000,,,,,,,,GLOBAL_BASELINE_NO_ENTITY_RANKING,,,NOT_APPLICABLE_GLOBAL_BASELINE,HF9g-P5,,,,X 全窗基线 · 不参与实体赏罚,3924875,393,A168_HF9F_20260827_0900,2026-08-27 09:00:00
2026-06-21,151848062,2127,0,13.3720780724,-13.3720780724,-13.3720780724,0E-7,1,1,0.49324550000000000,0.493245500000,-0.9865810262130424,-0.9865810262130424,-0.9865810262130424,0E-17,ELIGIBLE,R03b_20260811_FULL_v1,L1_ELIGIBILITY,v2026-08-11,2026-03-21..2026-08-06,baccarat_bet02_101_all_pairs_incl_sentinel,round_win = game_pnl > 0 (decisive only),COMPATIBILITY_ONLY_NOT_PRODUCTION,474.9659,449.2504,-61.2030,19,19,0.12885761,,0.12885761,0.12885761,61.2030,474.9659,THIN_EXPOSURE,0.0000,-1.8361,3.0000,97.0000,AG03-UNRESOLVED,ALL5_LEVELS_bet23_to_bet27,-1.8361,-1.8361,-1.8361,-2.4481,-2.4481,3.000000,3.000000,3.000000,4.000000,4.000000,97.000000,97.000000,97.000000,96.000000,96.000000,5.0,-10.4045,-9.724,-50.7985,-51.479,PENDING_AG03,FALSE,NOT_FOR_ENFORCEMENT,-59.3669,435.7729,-61.2030,-59.3669,-1.8361,-0.12885761,-0.12499188,-1.8361,-59.3669,-0.12499188,-1.8361,-1.8361,-1.8361,-2.4481,-2.4481,-59.3669,-0.12499188,-10.4045,-9.724,-50.7985,-51.479,-0.10695181,-0.10838464,-0.00386573,24.9982,23.6448,-3.2212,-61.2030,-5.1002,474.9659,19.0000,,24.9982,25.7155,25.7155,25.7155,25.7155,25.7155,25.7155,25.7155,24.4298,1.0,1.0,0.972105,12,13,1,2,0E-8,-0.12885761,,0E-8,0.000000,0.945858,0.000000,,2026-06-21,2026-06-21,1,12,12,1,1.000000,,,0.000000,,,,,,,,GLOBAL_BASELINE_NO_ENTITY_RANKING,,,NOT_APPLICABLE_GLOBAL_BASELINE,HF9g-P5,,,,X 全窗基线 · 不参与实体赏罚,3924876,393,A168_HF9F_20260827_0900,2026-08-27 09:00:00
2026-06-21,151848062,2229,0,25.7155347545,25.7155347545,25.7155347545,1.0000000,1,1,0.49324550000000000,0.493245500000,1.01360149184955,1.01360149184955,1.01360149184955,0E-17,ELIGIBLE,R03b_20260811_FULL_v1,L1_ELIGIBILITY,v2026-08-11,2026-03-21..2026-08-06,baccarat_bet02_101_all_pairs_incl_sentinel,round_win = game_pnl > 0 (decisive only),COMPATIBILITY_ONLY_NOT_PRODUCTION,474.9659,449.2504,-61.2030,19,19,0.12885761,,0.12885761,0.12885761,61.2030,474.9659,THIN_EXPOSURE,0.0000,-1.8361,3.0000,97.0000,AG03-UNRESOLVED,ALL5_LEVELS_bet23_to_bet27,-1.8361,-1.8361,-1.8361,-2.4481,-2.4481,3.000000,3.000000,3.000000,4.000000,4.000000,97.000000,97.000000,97.000000,96.000000,96.000000,5.0,-10.4045,-9.724,-50.7985,-51.479,PENDING_AG03,FALSE,NOT_FOR_ENFORCEMENT,-59.3669,435.7729,-61.2030,-59.3669,-1.8361,-0.12885761,-0.12499188,-1.8361,-59.3669,-0.12499188,-1.8361,-1.8361,-1.8361,-2.4481,-2.4481,-59.3669,-0.12499188,-10.4045,-9.724,-50.7985,-51.479,-0.10695181,-0.10838464,-0.00386573,24.9982,23.6448,-3.2212,-61.2030,-5.1002,474.9659,19.0000,,24.9982,25.7155,25.7155,25.7155,25.7155,25.7155,25.7155,25.7155,24.4298,1.0,1.0,0.972105,12,13,1,2,0E-8,-0.12885761,,0E-8,0.000000,0.945858,0.000000,,2026-06-21,2026-06-21,1,12,12,1,1.000000,,,0.000000,,,,,,,,GLOBAL_BASELINE_NO_ENTITY_RANKING,,,NOT_APPLICABLE_GLOBAL_BASELINE,HF9g-P5,,,,X 全窗基线 · 不参与实体赏罚,3924877,393,A168_HF9F_20260827_0900,2026-08-27 09:00:00
2026-06-21,151848062,2235,0,25.7155347545,24.4297580168,24.4297580168,1.0000000,1,1,0.50665070000000000,0.506650700000,0.9867858985152569,0.9867858985152569,0.9867858985152569,0E-17,ELIGIBLE,R03b_20260811_FULL_v1,L1_ELIGIBILITY,v2026-08-11,2026-03-21..2026-08-06,baccarat_bet02_101_all_pairs_incl_sentinel,round_win = game_pnl > 0 (decisive only),COMPATIBILITY_ONLY_NOT_PRODUCTION,474.9659,449.2504,-61.2030,19,19,0.12885761,,0.12885761,0.12885761,61.2030,474.9659,THIN_EXPOSURE,0.0000,-1.8361,3.0000,97.0000,AG03-UNRESOLVED,ALL5_LEVELS_bet23_to_bet27,-1.8361,-1.8361,-1.8361,-2.4481,-2.4481,3.000000,3.000000,3.000000,4.000000,4.000000,97.000000,97.000000,97.000000,96.000000,96.000000,5.0,-10.4045,-9.724,-50.7985,-51.479,PENDING_AG03,FALSE,NOT_FOR_ENFORCEMENT,-59.3669,435.7729,-61.2030,-59.3669,-1.8361,-0.12885761,-0.12499188,-1.8361,-59.3669,-0.12499188,-1.8361,-1.8361,-1.8361,-2.4481,-2.4481,-59.3669,-0.12499188,-10.4045,-9.724,-50.7985,-51.479,-0.10695181,-0.10838464,-0.00386573,24.9982,23.6448,-3.2212,-61.2030,-5.1002,474.9659,19.0000,,24.9982,25.7155,25.7155,25.7155,25.7155,25.7155,25.7155,25.7155,24.4298,1.0,1.0,0.972105,12,13,1,2,0E-8,-0.12885761,,0E-8,0.000000,0.945858,0.000000,,2026-06-21,2026-06-21,1,12,12,1,1.000000,,,0.000000,,,,,,,,GLOBAL_BASELINE_NO_ENTITY_RANKING,,,NOT_APPLICABLE_GLOBAL_BASELINE,HF9g-P5,,,,X 全窗基线 · 不参与实体赏罚,3924878,393,A168_HF9F_20260827_0900,2026-08-27 09:00:00
2026-06-21,151848062,2251,0,77.1466042635,74.5750507881,74.5750507881,1.0000000,3,3,0.50218230000000000,0.502182300000,1.724507524396475,1.7245075243964754,1.724507524396475,0E-17,ELIGIBLE,R03b_20260811_FULL_v1,L1_ELIGIBILITY,v2026-08-11,2026-03-21..2026-08-06,baccarat_bet02_101_all_pairs_incl_sentinel,round_win = game_pnl > 0 (decisive only),COMPATIBILITY_ONLY_NOT_PRODUCTION,474.9659,449.2504,-61.2030,19,19,0.12885761,,0.12885761,0.12885761,61.2030,474.9659,THIN_EXPOSURE,0.0000,-1.8361,3.0000,97.0000,AG03-UNRESOLVED,ALL5_LEVELS_bet23_to_bet27,-1.8361,-1.8361,-1.8361,-2.4481,-2.4481,3.000000,3.000000,3.000000,4.000000,4.000000,97.000000,97.000000,97.000000,96.000000,96.000000,5.0,-10.4045,-9.724,-50.7985,-51.479,PENDING_AG03,FALSE,NOT_FOR_ENFORCEMENT,-59.3669,435.7729,-61.2030,-59.3669,-1.8361,-0.12885761,-0.12499188,-1.8361,-59.3669,-0.12499188,-1.8361,-1.8361,-1.8361,-2.4481,-2.4481,-59.3669,-0.12499188,-10.4045,-9.724,-50.7985,-51.479,-0.10695181,-0.10838464,-0.00386573,24.9982,23.6448,-3.2212,-61.2030,-5.1002,474.9659,19.0000,,24.9982,25.7155,25.7155,25.7155,25.7155,25.7155,25.7155,25.7155,24.4298,1.0,1.0,0.972105,12,13,1,2,0E-8,-0.12885761,,0E-8,0.000000,0.945858,0.000000,,2026-06-21,2026-06-21,1,12,12,1,1.000000,,,0.000000,,,,,,,,GLOBAL_BASELINE_NO_ENTITY_RANKING,,,NOT_APPLICABLE_GLOBAL_BASELINE,HF9g-P5,,,,X 全窗基线 · 不参与实体赏罚,3924879,393,A168_HF9F_20260827_0900,2026-08-27 09:00:00
2026-06-21,151848062,2267,0,51.4310695090,-51.4310695090,-51.4310695090,0E-7,2,2,0.49994810000000000,0.499948100000,-1.4140667746232096,-1.4140667746232096,-1.4140667746232096,0E-17,ELIGIBLE,R03b_20260811_FULL_v1,L1_ELIGIBILITY,v2026-08-11,2026-03-21..2026-08-06,baccarat_bet02_101_all_pairs_incl_sentinel,round_win = game_pnl > 0 (decisive only),COMPATIBILITY_ONLY_NOT_PRODUCTION,474.9659,449.2504,-61.2030,19,19,0.12885761,,0.12885761,0.12885761,61.2030,474.9659,THIN_EXPOSURE,0.0000,-1.8361,3.0000,97.0000,AG03-UNRESOLVED,ALL5_LEVELS_bet23_to_bet27,-1.8361,-1.8361,-1.8361,-2.4481,-2.4481,3.000000,3.000000,3.000000,4.000000,4.000000,97.000000,97.000000,97.000000,96.000000,96.000000,5.0,-10.4045,-9.724,-50.7985,-51.479,PENDING_AG03,FALSE,NOT_FOR_ENFORCEMENT,-59.3669,435.7729,-61.2030,-59.3669,-1.8361,-0.12885761,-0.12499188,-1.8361,-59.3669,-0.12499188,-1.8361,-1.8361,-1.8361,-2.4481,-2.4481,-59.3669,-0.12499188,-10.4045,-9.724,-50.7985,-51.479,-0.10695181,-0.10838464,-0.00386573,24.9982,23.6448,-3.2212,-61.2030,-5.1002,474.9659,19.0000,,24.9982,25.7155,25.7155,25.7155,25.7155,25.7155,25.7155,25.7155,24.4298,1.0,1.0,0.972105,12,13,1,2,0E-8,-0.12885761,,0E-8,0.000000,0.945858,0.000000,,2026-06-21,2026-06-21,1,12,12,1,1.000000,,,0.000000,,,,,,,,GLOBAL_BASELINE_NO_ENTITY_RANKING,,,NOT_APPLICABLE_GLOBAL_BASELINE,HF9g-P5,,,,X 全窗基线 · 不参与实体赏罚,3924880,393,A168_HF9F_20260827_0900,2026-08-27 09:00:00
2026-06-21,151848062,986,0,50.1452927713,1.2857767377,1.2857767377,0.5000000,2,2,0.49994810000000000,0.499948100000,0.00014679536856514622,0.00014679536856514622,0.00014679536856514622,0E-17,ELIGIBLE,R03b_20260811_FULL_v1,L1_ELIGIBILITY,v2026-08-11,2026-03-21..2026-08-06,baccarat_bet02_101_all_pairs_incl_sentinel,round_win = game_pnl > 0 (decisive only),COMPATIBILITY_ONLY_NOT_PRODUCTION,474.9659,449.2504,-61.2030,19,19,0.12885761,,0.12885761,0.12885761,61.2030,474.9659,THIN_EXPOSURE,0.0000,-1.8361,3.0000,97.0000,AG03-UNRESOLVED,ALL5_LEVELS_bet23_to_bet27,-1.8361,-1.8361,-1.8361,-2.4481,-2.4481,3.000000,3.000000,3.000000,4.000000,4.000000,97.000000,97.000000,97.000000,96.000000,96.000000,5.0,-10.4045,-9.724,-50.7985,-51.479,PENDING_AG03,FALSE,NOT_FOR_ENFORCEMENT,-59.3669,435.7729,-61.2030,-59.3669,-1.8361,-0.12885761,-0.12499188,-1.8361,-59.3669,-0.12499188,-1.8361,-1.8361,-1.8361,-2.4481,-2.4481,-59.3669,-0.12499188,-10.4045,-9.724,-50.7985,-51.479,-0.10695181,-0.10838464,-0.00386573,24.9982,23.6448,-3.2212,-61.2030,-5.1002,474.9659,19.0000,,24.9982,25.7155,25.7155,25.7155,25.7155,25.7155,25.7155,25.7155,24.4298,1.0,1.0,0.972105,12,13,1,2,0E-8,-0.12885761,,0E-8,0.000000,0.945858,0.000000,,2026-06-21,2026-06-21,1,12,12,1,1.000000,,,0.000000,,,,,,,,GLOBAL_BASELINE_NO_ENTITY_RANKING,,,NOT_APPLICABLE_GLOBAL_BASELINE,HF9g-P5,,,,X 全窗基线 · 不参与实体赏罚,3924881,393,A168_HF9F_20260827_0900,2026-08-27 09:00:00
2026-06-21,151848062,987,0,25.7155347545,0E-10,0E-10,,1,1,0.50665070000000000,0.506650700000,,,,0E-17,NO_DECISIVE_ROUND,R03b_20260811_FULL_v1,L1_ELIGIBILITY,v2026-08-11,2026-03-21..2026-08-06,baccarat_bet02_101_all_pairs_incl_sentinel,round_win = game_pnl > 0 (decisive only),COMPATIBILITY_ONLY_NOT_PRODUCTION,474.9659,449.2504,-61.2030,19,19,0.12885761,,0.12885761,0.12885761,61.2030,474.9659,THIN_EXPOSURE,0.0000,-1.8361,3.0000,97.0000,AG03-UNRESOLVED,ALL5_LEVELS_bet23_to_bet27,-1.8361,-1.8361,-1.8361,-2.4481,-2.4481,3.000000,3.000000,3.000000,4.000000,4.000000,97.000000,97.000000,97.000000,96.000000,96.000000,5.0,-10.4045,-9.724,-50.7985,-51.479,PENDING_AG03,FALSE,NOT_FOR_ENFORCEMENT,-59.3669,435.7729,-61.2030,-59.3669,-1.8361,-0.12885761,-0.12499188,-1.8361,-59.3669,-0.12499188,-1.8361,-1.8361,-1.8361,-2.4481,-2.4481,-59.3669,-0.12499188,-10.4045,-9.724,-50.7985,-51.479,-0.10695181,-0.10838464,-0.00386573,24.9982,23.6448,-3.2212,-61.2030,-5.1002,474.9659,19.0000,,24.9982,25.7155,25.7155,25.7155,25.7155,25.7155,25.7155,25.7155,24.4298,1.0,1.0,0.972105,12,13,1,2,0E-8,-0.12885761,,0E-8,0.000000,0.945858,0.000000,,2026-06-21,2026-06-21,1,12,12,1,1.000000,,,0.000000,,,,,,,,GLOBAL_BASELINE_NO_ENTITY_RANKING,,,NOT_APPLICABLE_GLOBAL_BASELINE,HF9g-P5,,,,X 全窗基线 · 不参与实体赏罚,3924882,393,A168_HF9F_20260827_0900,2026-08-27 09:00:00
2026-06-18,151694258,-1,1,334.3019518085,49.6309820765,49.6309820765,0.5833333,65,65,0.49633900769230769,0.496339007692,1.347746425499091,1.347746425503864,1.347746425499091,3.0769E-13,SENTINEL_DEALER,R03b_20260811_FULL_v1,L1_ELIGIBILITY,v2026-08-11,2026-03-21..2026-08-06,baccarat_bet02_101_all_pairs_incl_sentinel,round_win = game_pnl > 0 (decisive only),COMPATIBILITY_ONLY_NOT_PRODUCTION,900.0437,838.3264,-61.2030,175,175,0.06800000,,0.06800000,0.06800000,61.2030,900.0437,OK,0.0000,-1.8361,3.0000,97.0000,AG03-UNRESOLVED,ALL5_LEVELS_bet23_to_bet27,-1.8361,-1.8361,-1.8361,-2.4481,-2.4481,3.000000,3.000000,3.000000,4.000000,4.000000,97.000000,97.000000,97.000000,96.000000,96.000000,5.0,-10.4045,-9.724,-50.7985,-51.479,PENDING_AG03,FALSE,NOT_FOR_ENFORCEMENT,-59.3669,813.1766,-61.2030,-59.3669,-1.8361,-0.06800000,-0.06596000,-1.8361,-59.3669,-0.06596000,-1.8361,-1.8361,-1.8361,-2.4481,-2.4481,-59.3669,-0.06596000,-10.4045,-9.724,-50.7985,-51.479,-0.05644000,-0.05719612,-0.00204000,5.1431,4.7904,-0.3497,-61.2030,-1.9743,900.0437,175.0000,,5.1431,5.1431,5.1431,5.1431,5.1431,5.1431,5.1431,5.1431,4.886,1.0,1.0,1.0,29,18,1,2,0E-8,-0.06800000,,0E-8,0.000000,0.931429,0.000000,,2026-06-18,2026-06-18,1,31,29,1,1.000000,,,0.000000,,,,,,,,GLOBAL_BASELINE_NO_ENTITY_RANKING,,,NOT_APPLICABLE_GLOBAL_BASELINE,HF9g-P5,,,,X 全窗基线 · 不参与实体赏罚,3924883,393,A168_HF9F_20260827_0900,2026-08-27 09:00:00
2026-06-18,151694258,1129,0,36.0017486563,4.8859516034,4.8859516034,0.5714286,7,7,0.49707555714285714,0.497075557143,0.39344589990031587,0.3934458998995593,0.39344589990031587,-1.4286E-13,ELIGIBLE,R03b_20260811_FULL_v1,L1_ELIGIBILITY,v2026-08-11,2026-03-21..2026-08-06,baccarat_bet02_101_all_pairs_incl_sentinel,round_win = game_pnl > 0 (decisive only),COMPATIBILITY_ONLY_NOT_PRODUCTION,900.0437,838.3264,-61.2030,175,175,0.06800000,,0.06800000,0.06800000,61.2030,900.0437,OK,0.0000,-1.8361,3.0000,97.0000,AG03-UNRESOLVED,ALL5_LEVELS_bet23_to_bet27,-1.8361,-1.8361,-1.8361,-2.4481,-2.4481,3.000000,3.000000,3.000000,4.000000,4.000000,97.000000,97.000000,97.000000,96.000000,96.000000,5.0,-10.4045,-9.724,-50.7985,-51.479,PENDING_AG03,FALSE,NOT_FOR_ENFORCEMENT,-59.3669,813.1766,-61.2030,-59.3669,-1.8361,-0.06800000,-0.06596000,-1.8361,-59.3669,-0.06596000,-1.8361,-1.8361,-1.8361,-2.4481,-2.4481,-59.3669,-0.06596000,-10.4045,-9.724,-50.7985,-51.479,-0.05644000,-0.05719612,-0.00204000,5.1431,4.7904,-0.3497,-61.2030,-1.9743,900.0437,175.0000,,5.1431,5.1431,5.1431,5.1431,5.1431,5.1431,5.1431,5.1431,4.886,1.0,1.0,1.0,29,18,1,2,0E-8,-0.06800000,,0E-8,0.000000,0.931429,0.000000,,2026-06-18,2026-06-18,1,31,29,1,1.000000,,,0.000000,,,,,,,,GLOBAL_BASELINE_NO_ENTITY_RANKING,,,NOT_APPLICABLE_GLOBAL_BASELINE,HF9g-P5,,,,X 全窗基线 · 不参与实体赏罚,3924884,393,A168_HF9F_20260827_0900,2026-08-27 09:00:00
2026-06-18,151694258,1299,0,36.0017486563,4.8859516034,4.8859516034,0.5714286,7,7,0.49899058571428571,0.498990585714,0.38330657246501415,0.3833065724665265,0.38330657246501415,2.8571E-13,ELIGIBLE,R03b_20260811_FULL_v1,L1_ELIGIBILITY,v2026-08-11,2026-03-21..2026-08-06,baccarat_bet02_101_all_pairs_incl_sentinel,round_win = game_pnl > 0 (decisive only),COMPATIBILITY_ONLY_NOT_PRODUCTION,900.0437,838.3264,-61.2030,175,175,0.06800000,,0.06800000,0.06800000,61.2030,900.0437,OK,0.0000,-1.8361,3.0000,97.0000,AG03-UNRESOLVED,ALL5_LEVELS_bet23_to_bet27,-1.8361,-1.8361,-1.8361,-2.4481,-2.4481,3.000000,3.000000,3.000000,4.000000,4.000000,97.000000,97.000000,97.000000,96.000000,96.000000,5.0,-10.4045,-9.724,-50.7985,-51.479,PENDING_AG03,FALSE,NOT_FOR_ENFORCEMENT,-59.3669,813.1766,-61.2030,-59.3669,-1.8361,-0.06800000,-0.06596000,-1.8361,-59.3669,-0.06596000,-1.8361,-1.8361,-1.8361,-2.4481,-2.4481,-59.3669,-0.06596000,-10.4045,-9.724,-50.7985,-51.479,-0.05644000,-0.05719612,-0.00204000,5.1431,4.7904,-0.3497,-61.2030,-1.9743,900.0437,175.0000,,5.1431,5.1431,5.1431,5.1431,5.1431,5.1431,5.1431,5.1431,4.886,1.0,1.0,1.0,29,18,1,2,0E-8,-0.06800000,,0E-8,0.000000,0.931429,0.000000,,2026-06-18,2026-06-18,1,31,29,1,1.000000,,,0.000000,,,,,,,,GLOBAL_BASELINE_NO_ENTITY_RANKING,,,NOT_APPLICABLE_GLOBAL_BASELINE,HF9g-P5,,,,X 全窗基线 · 不参与实体赏罚,3924885,393,A168_HF9F_20260827_0900,2026-08-27 09:00:00
2026-06-18,151694258,1402,0,36.0017486563,5.1431069509,5.1431069509,0.5714286,7,7,0.49324550000000000,0.493245500000,0.4137436818725812,0.41374368187258126,0.4137436818725812,0E-17,ELIGIBLE,R03b_20260811_FULL_v1,L1_ELIGIBILITY,v2026-08-11,2026-03-21..2026-08-06,baccarat_bet02_101_all_pairs_incl_sentinel,round_win = game_pnl > 0 (decisive only),COMPATIBILITY_ONLY_NOT_PRODUCTION,900.0437,838.3264,-61.2030,175,175,0.06800000,,0.06800000,0.06800000,61.2030,900.0437,OK,0.0000,-1.8361,3.0000,97.0000,AG03-UNRESOLVED,ALL5_LEVELS_bet23_to_bet27,-1.8361,-1.8361,-1.8361,-2.4481,-2.4481,3.000000,3.000000,3.000000,4.000000,4.000000,97.000000,97.000000,97.000000,96.000000,96.000000,5.0,-10.4045,-9.724,-50.7985,-51.479,PENDING_AG03,FALSE,NOT_FOR_ENFORCEMENT,-59.3669,813.1766,-61.2030,-59.3669,-1.8361,-0.06800000,-0.06596000,-1.8361,-59.3669,-0.06596000,-1.8361,-1.8361,-1.8361,-2.4481,-2.4481,-59.3669,-0.06596000,-10.4045,-9.724,-50.7985,-51.479,-0.05644000,-0.05719612,-0.00204000,5.1431,4.7904,-0.3497,-61.2030,-1.9743,900.0437,175.0000,,5.1431,5.1431,5.1431,5.1431,5.1431,5.1431,5.1431,5.1431,4.886,1.0,1.0,1.0,29,18,1,2,0E-8,-0.06800000,,0E-8,0.000000,0.931429,0.000000,,2026-06-18,2026-06-18,1,31,29,1,1.000000,,,0.000000,,,,,,,,GLOBAL_BASELINE_NO_ENTITY_RANKING,,,NOT_APPLICABLE_GLOBAL_BASELINE,HF9g-P5,,,,X 全窗基线 · 不参与实体赏罚,3924886,393,A168_HF9F_20260827_0900,2026-08-27 09:00:00
2026-06-18,151694258,1405,0,25.7155347545,-5.6574176459,-5.6574176459,0.4000000,5,5,0.50128862000000000,0.501288620000,-0.4529779837142727,-0.4529779837142727,-0.4529779837142727,0E-17,ELIGIBLE,R03b_20260811_FULL_v1,L1_ELIGIBILITY,v2026-08-11,2026-03-21..2026-08-06,baccarat_bet02_101_all_pairs_incl_sentinel,round_win = game_pnl > 0 (decisive only),COMPATIBILITY_ONLY_NOT_PRODUCTION,900.0437,838.3264,-61.2030,175,175,0.06800000,,0.06800000,0.06800000,61.2030,900.0437,OK,0.0000,-1.8361,3.0000,97.0000,AG03-UNRESOLVED,ALL5_LEVELS_bet23_to_bet27,-1.8361,-1.8361,-1.8361,-2.4481,-2.4481,3.000000,3.000000,3.000000,4.000000,4.000000,97.000000,97.000000,97.000000,96.000000,96.000000,5.0,-10.4045,-9.724,-50.7985,-51.479,PENDING_AG03,FALSE,NOT_FOR_ENFORCEMENT,-59.3669,813.1766,-61.2030,-59.3669,-1.8361,-0.06800000,-0.06596000,-1.8361,-59.3669,-0.06596000,-1.8361,-1.8361,-1.8361,-2.4481,-2.4481,-59.3669,-0.06596000,-10.4045,-9.724,-50.7985,-51.479,-0.05644000,-0.05719612,-0.00204000,5.1431,4.7904,-0.3497,-61.2030,-1.9743,900.0437,175.0000,,5.1431,5.1431,5.1431,5.1431,5.1431,5.1431,5.1431,5.1431,4.886,1.0,1.0,1.0,29,18,1,2,0E-8,-0.06800000,,0E-8,0.000000,0.931429,0.000000,,2026-06-18,2026-06-18,1,31,29,1,1.000000,,,0.000000,,,,,,,,GLOBAL_BASELINE_NO_ENTITY_RANKING,,,NOT_APPLICABLE_GLOBAL_BASELINE,HF9g-P5,,,,X 全窗基线 · 不参与实体赏罚,3924887,393,A168_HF9F_20260827_0900,2026-08-27 09:00:00
2026-06-18,151694258,1490,0,20.5724278036,5.1431069509,5.1431069509,0.6666667,4,4,0.49324550000000000,0.493245500000,0.6008033672792107,0.6008033672792106,0.6008033672792107,0E-17,ELIGIBLE,R03b_20260811_FULL_v1,L1_ELIGIBILITY,v2026-08-11,2026-03-21..2026-08-06,baccarat_bet02_101_all_pairs_incl_sentinel,round_win = game_pnl > 0 (decisive only),COMPATIBILITY_ONLY_NOT_PRODUCTION,900.0437,838.3264,-61.2030,175,175,0.06800000,,0.06800000,0.06800000,61.2030,900.0437,OK,0.0000,-1.8361,3.0000,97.0000,AG03-UNRESOLVED,ALL5_LEVELS_bet23_to_bet27,-1.8361,-1.8361,-1.8361,-2.4481,-2.4481,3.000000,3.000000,3.000000,4.000000,4.000000,97.000000,97.000000,97.000000,96.000000,96.000000,5.0,-10.4045,-9.724,-50.7985,-51.479,PENDING_AG03,FALSE,NOT_FOR_ENFORCEMENT,-59.3669,813.1766,-61.2030,-59.3669,-1.8361,-0.06800000,-0.06596000,-1.8361,-59.3669,-0.06596000,-1.8361,-1.8361,-1.8361,-2.4481,-2.4481,-59.3669,-0.06596000,-10.4045,-9.724,-50.7985,-51.479,-0.05644000,-0.05719612,-0.00204000,5.1431,4.7904,-0.3497,-61.2030,-1.9743,900.0437,175.0000,,5.1431,5.1431,5.1431,5.1431,5.1431,5.1431,5.1431,5.1431,4.886,1.0,1.0,1.0,29,18,1,2,0E-8,-0.06800000,,0E-8,0.000000,0.931429,0.000000,,2026-06-18,2026-06-18,1,31,29,1,1.000000,,,0.000000,,,,,,,,GLOBAL_BASELINE_NO_ENTITY_RANKING,,,NOT_APPLICABLE_GLOBAL_BASELINE,HF9g-P5,,,,X 全窗基线 · 不参与实体赏罚,3924888,393,A168_HF9F_20260827_0900,2026-08-27 09:00:00
2026-06-18,151694258,1509,0,25.7155347545,5.1431069509,5.1431069509,0.6000000,5,5,0.49592654000000000,0.495926540000,0.46544610904919037,0.46544610904919037,0.46544610904919037,0E-17,ELIGIBLE,R03b_20260811_FULL_v1,L1_ELIGIBILITY,v2026-08-11,2026-03-21..2026-08-06,baccarat_bet02_101_all_pairs_incl_sentinel,round_win = game_pnl > 0 (decisive only),COMPATIBILITY_ONLY_NOT_PRODUCTION,900.0437,838.3264,-61.2030,175,175,0.06800000,,0.06800000,0.06800000,61.2030,900.0437,OK,0.0000,-1.8361,3.0000,97.0000,AG03-UNRESOLVED,ALL5_LEVELS_bet23_to_bet27,-1.8361,-1.8361,-1.8361,-2.4481,-2.4481,3.000000,3.000000,3.000000,4.000000,4.000000,97.000000,97.000000,97.000000,96.000000,96.000000,5.0,-10.4045,-9.724,-50.7985,-51.479,PENDING_AG03,FALSE,NOT_FOR_ENFORCEMENT,-59.3669,813.1766,-61.2030,-59.3669,-1.8361,-0.06800000,-0.06596000,-1.8361,-59.3669,-0.06596000,-1.8361,-1.8361,-1.8361,-2.4481,-2.4481,-59.3669,-0.06596000,-10.4045,-9.724,-50.7985,-51.479,-0.05644000,-0.05719612,-0.00204000,5.1431,4.7904,-0.3497,-61.2030,-1.9743,900.0437,175.0000,,5.1431,5.1431,5.1431,5.1431,5.1431,5.1431,5.1431,5.1431,4.886,1.0,1.0,1.0,29,18,1,2,0E-8,-0.06800000,,0E-8,0.000000,0.931429,0.000000,,2026-06-18,2026-06-18,1,31,29,1,1.000000,,,0.000000,,,,,,,,GLOBAL_BASELINE_NO_ENTITY_RANKING,,,NOT_APPLICABLE_GLOBAL_BASELINE,HF9g-P5,,,,X 全窗基线 · 不参与实体赏罚,3924889,393,A168_HF9F_20260827_0900,2026-08-27 09:00:00
2026-06-18,151694258,1645,0,46.2879625581,-0.2571553475,-0.2571553475,0.5000000,9,9,0.49622443333333333,0.496224433333,0.021358439276243733,0.02135843927812949,0.021358439276243733,3.3333E-13,ELIGIBLE,R03b_20260811_FULL_v1,L1_ELIGIBILITY,v2026-08-11,2026-03-21..2026-08-06,baccarat_bet02_101_all_pairs_incl_sentinel,round_win = game_pnl > 0 (decisive only),COMPATIBILITY_ONLY_NOT_PRODUCTION,900.0437,838.3264,-61.2030,175,175,0.06800000,,0.06800000,0.06800000,61.2030,900.0437,OK,0.0000,-1.8361,3.0000,97.0000,AG03-UNRESOLVED,ALL5_LEVELS_bet23_to_bet27,-1.8361,-1.8361,-1.8361,-2.4481,-2.4481,3.000000,3.000000,3.000000,4.000000,4.000000,97.000000,97.000000,97.000000,96.000000,96.000000,5.0,-10.4045,-9.724,-50.7985,-51.479,PENDING_AG03,FALSE,NOT_FOR_ENFORCEMENT,-59.3669,813.1766,-61.2030,-59.3669,-1.8361,-0.06800000,-0.06596000,-1.8361,-59.3669,-0.06596000,-1.8361,-1.8361,-1.8361,-2.4481,-2.4481,-59.3669,-0.06596000,-10.4045,-9.724,-50.7985,-51.479,-0.05644000,-0.05719612,-0.00204000,5.1431,4.7904,-0.3497,-61.2030,-1.9743,900.0437,175.0000,,5.1431,5.1431,5.1431,5.1431,5.1431,5.1431,5.1431,5.1431,4.886,1.0,1.0,1.0,29,18,1,2,0E-8,-0.06800000,,0E-8,0.000000,0.931429,0.000000,,2026-06-18,2026-06-18,1,31,29,1,1.000000,,,0.000000,,,,,,,,GLOBAL_BASELINE_NO_ENTITY_RANKING,,,NOT_APPLICABLE_GLOBAL_BASELINE,HF9g-P5,,,,X 全窗基线 · 不参与实体赏罚,3924890,393,A168_HF9F_20260827_0900,2026-08-27 09:00:00
2026-06-18,151694258,1957,0,30.8586417054,-15.6864762002,-15.6864762002,0.2000000,6,6,0.49771390000000000,0.497713900000,-1.3314309533564708,-1.3314309533564703,-1.3314309533564708,0E-17,ELIGIBLE,R03b_20260811_FULL_v1,L1_ELIGIBILITY,v2026-08-11,2026-03-21..2026-08-06,baccarat_bet02_101_all_pairs_incl_sentinel,round_win = game_pnl > 0 (decisive only),COMPATIBILITY_ONLY_NOT_PRODUCTION,900.0437,838.3264,-61.2030,175,175,0.06800000,,0.06800000,0.06800000,61.2030,900.0437,OK,0.0000,-1.8361,3.0000,97.0000,AG03-UNRESOLVED,ALL5_LEVELS_bet23_to_bet27,-1.8361,-1.8361,-1.8361,-2.4481,-2.4481,3.000000,3.000000,3.000000,4.000000,4.000000,97.000000,97.000000,97.000000,96.000000,96.000000,5.0,-10.4045,-9.724,-50.7985,-51.479,PENDING_AG03,FALSE,NOT_FOR_ENFORCEMENT,-59.3669,813.1766,-61.2030,-59.3669,-1.8361,-0.06800000,-0.06596000,-1.8361,-59.3669,-0.06596000,-1.8361,-1.8361,-1.8361,-2.4481,-2.4481,-59.3669,-0.06596000,-10.4045,-9.724,-50.7985,-51.479,-0.05644000,-0.05719612,-0.00204000,5.1431,4.7904,-0.3497,-61.2030,-1.9743,900.0437,175.0000,,5.1431,5.1431,5.1431,5.1431,5.1431,5.1431,5.1431,5.1431,4.886,1.0,1.0,1.0,29,18,1,2,0E-8,-0.06800000,,0E-8,0.000000,0.931429,0.000000,,2026-06-18,2026-06-18,1,31,29,1,1.000000,,,0.000000,,,,,,,,GLOBAL_BASELINE_NO_ENTITY_RANKING,,,NOT_APPLICABLE_GLOBAL_BASELINE,HF9g-P5,,,,X 全窗基线 · 不参与实体赏罚,3924891,393,A168_HF9F_20260827_0900,2026-08-27 09:00:00
2026-06-18,151694258,2088,0,41.1448556072,-5.1431069509,-5.1431069509,0.4285714,8,8,0.49492115000000000,0.494921150000,-0.3511078388389871,-0.3511078388389871,-0.3511078388389871,0E-17,ELIGIBLE,R03b_20260811_FULL_v1,L1_ELIGIBILITY,v2026-08-11,2026-03-21..2026-08-06,baccarat_bet02_101_all_pairs_incl_sentinel,round_win = game_pnl > 0 (decisive only),COMPATIBILITY_ONLY_NOT_PRODUCTION,900.0437,838.3264,-61.2030,175,175,0.06800000,,0.06800000,0.06800000,61.2030,900.0437,OK,0.0000,-1.8361,3.0000,97.0000,AG03-UNRESOLVED,ALL5_LEVELS_bet23_to_bet27,-1.8361,-1.8361,-1.8361,-2.4481,-2.4481,3.000000,3.000000,3.000000,4.000000,4.000000,97.000000,97.000000,97.000000,96.000000,96.000000,5.0,-10.4045,-9.724,-50.7985,-51.479,PENDING_AG03,FALSE,NOT_FOR_ENFORCEMENT,-59.3669,813.1766,-61.2030,-59.3669,-1.8361,-0.06800000,-0.06596000,-1.8361,-59.3669,-0.06596000,-1.8361,-1.8361,-1.8361,-2.4481,-2.4481,-59.3669,-0.06596000,-10.4045,-9.724,-50.7985,-51.479,-0.05644000,-0.05719612,-0.00204000,5.1431,4.7904,-0.3497,-61.2030,-1.9743,900.0437,175.0000,,5.1431,5.1431,5.1431,5.1431,5.1431,5.1431,5.1431,5.1431,4.886,1.0,1.0,1.0,29,18,1,2,0E-8,-0.06800000,,0E-8,0.000000,0.931429,0.000000,,2026-06-18,2026-06-18,1,31,29,1,1.000000,,,0.000000,,,,,,,,GLOBAL_BASELINE_NO_ENTITY_RANKING,,,NOT_APPLICABLE_GLOBAL_BASELINE,HF9g-P5,,,,X 全窗基线 · 不参与实体赏罚,3924892,393,A168_HF9F_20260827_0900,2026-08-27 09:00:00
2026-06-18,151694258,2108,0,25.7155347545,-0.2571553475,-0.2571553475,0.5000000,5,5,0.49860758000000000,0.498607580000,0.005569701597489473,0.005569701597489473,0.005569701597489473,0E-17,ELIGIBLE,R03b_20260811_FULL_v1,L1_ELIGIBILITY,v2026-08-11,2026-03-21..2026-08-06,baccarat_bet02_101_all_pairs_incl_sentinel,round_win = game_pnl > 0 (decisive only),COMPATIBILITY_ONLY_NOT_PRODUCTION,900.0437,838.3264,-61.2030,175,175,0.06800000,,0.06800000,0.06800000,61.2030,900.0437,OK,0.0000,-1.8361,3.0000,97.0000,AG03-UNRESOLVED,ALL5_LEVELS_bet23_to_bet27,-1.8361,-1.8361,-1.8361,-2.4481,-2.4481,3.000000,3.000000,3.000000,4.000000,4.000000,97.000000,97.000000,97.000000,96.000000,96.000000,5.0,-10.4045,-9.724,-50.7985,-51.479,PENDING_AG03,FALSE,NOT_FOR_ENFORCEMENT,-59.3669,813.1766,-61.2030,-59.3669,-1.8361,-0.06800000,-0.06596000,-1.8361,-59.3669,-0.06596000,-1.8361,-1.8361,-1.8361,-2.4481,-2.4481,-59.3669,-0.06596000,-10.4045,-9.724,-50.7985,-51.479,-0.05644000,-0.05719612,-0.00204000,5.1431,4.7904,-0.3497,-61.2030,-1.9743,900.0437,175.0000,,5.1431,5.1431,5.1431,5.1431,5.1431,5.1431,5.1431,5.1431,4.886,1.0,1.0,1.0,29,18,1,2,0E-8,-0.06800000,,0E-8,0.000000,0.931429,0.000000,,2026-06-18,2026-06-18,1,31,29,1,1.000000,,,0.000000,,,,,,,,GLOBAL_BASELINE_NO_ENTITY_RANKING,,,NOT_APPLICABLE_GLOBAL_BASELINE,HF9g-P5,,,,X 全窗基线 · 不参与实体赏罚,3924893,393,A168_HF9F_20260827_0900,2026-08-27 09:00:00
2026-06-18,151694258,2201,0,36.0017486563,9.7719032068,9.7719032068,0.6666667,7,7,0.49899058571428571,0.498990585714,0.8214433547731099,0.8214433547745106,0.8214433547731099,2.8571E-13,ELIGIBLE,R03b_20260811_FULL_v1,L1_ELIGIBILITY,v2026-08-11,2026-03-21..2026-08-06,baccarat_bet02_101_all_pairs_incl_sentinel,round_win = game_pnl > 0 (decisive only),COMPATIBILITY_ONLY_NOT_PRODUCTION,900.0437,838.3264,-61.2030,175,175,0.06800000,,0.06800000,0.06800000,61.2030,900.0437,OK,0.0000,-1.8361,3.0000,97.0000,AG03-UNRESOLVED,ALL5_LEVELS_bet23_to_bet27,-1.8361,-1.8361,-1.8361,-2.4481,-2.4481,3.000000,3.000000,3.000000,4.000000,4.000000,97.000000,97.000000,97.000000,96.000000,96.000000,5.0,-10.4045,-9.724,-50.7985,-51.479,PENDING_AG03,FALSE,NOT_FOR_ENFORCEMENT,-59.3669,813.1766,-61.2030,-59.3669,-1.8361,-0.06800000,-0.06596000,-1.8361,-59.3669,-0.06596000,-1.8361,-1.8361,-1.8361,-2.4481,-2.4481,-59.3669,-0.06596000,-10.4045,-9.724,-50.7985,-51.479,-0.05644000,-0.05719612,-0.00204000,5.1431,4.7904,-0.3497,-61.2030,-1.9743,900.0437,175.0000,,5.1431,5.1431,5.1431,5.1431,5.1431,5.1431,5.1431,5.1431,4.886,1.0,1.0,1.0,29,18,1,2,0E-8,-0.06800000,,0E-8,0.000000,0.931429,0.000000,,2026-06-18,2026-06-18,1,31,29,1,1.000000,,,0.000000,,,,,,,,GLOBAL_BASELINE_NO_ENTITY_RANKING,,,NOT_APPLICABLE_GLOBAL_BASELINE,HF9g-P5,,,,X 全窗基线 · 不参与实体赏罚,3924894,393,A168_HF9F_20260827_0900,2026-08-27 09:00:00
2026-06-18,151694258,2218,0,46.2879625581,-0.5143106950,-0.5143106950,0.5000000,9,9,0.49920336666666667,0.499203366667,0.004506444376759088,0.004506444374873482,0.004506444376759088,-3.3333E-13,ELIGIBLE,R03b_20260811_FULL_v1,L1_ELIGIBILITY,v2026-08-11,2026-03-21..2026-08-06,baccarat_bet02_101_all_pairs_incl_sentinel,round_win = game_pnl > 0 (decisive only),COMPATIBILITY_ONLY_NOT_PRODUCTION,900.0437,838.3264,-61.2030,175,175,0.06800000,,0.06800000,0.06800000,61.2030,900.0437,OK,0.0000,-1.8361,3.0000,97.0000,AG03-UNRESOLVED,ALL5_LEVELS_bet23_to_bet27,-1.8361,-1.8361,-1.8361,-2.4481,-2.4481,3.000000,3.000000,3.000000,4.000000,4.000000,97.000000,97.000000,97.000000,96.000000,96.000000,5.0,-10.4045,-9.724,-50.7985,-51.479,PENDING_AG03,FALSE,NOT_FOR_ENFORCEMENT,-59.3669,813.1766,-61.2030,-59.3669,-1.8361,-0.06800000,-0.06596000,-1.8361,-59.3669,-0.06596000,-1.8361,-1.8361,-1.8361,-2.4481,-2.4481,-59.3669,-0.06596000,-10.4045,-9.724,-50.7985,-51.479,-0.05644000,-0.05719612,-0.00204000,5.1431,4.7904,-0.3497,-61.2030,-1.9743,900.0437,175.0000,,5.1431,5.1431,5.1431,5.1431,5.1431,5.1431,5.1431,5.1431,4.886,1.0,1.0,1.0,29,18,1,2,0E-8,-0.06800000,,0E-8,0.000000,0.931429,0.000000,,2026-06-18,2026-06-18,1,31,29,1,1.000000,,,0.000000,,,,,,,,GLOBAL_BASELINE_NO_ENTITY_RANKING,,,NOT_APPLICABLE_GLOBAL_BASELINE,HF9g-P5,,,,X 全窗基线 · 不参与实体赏罚,3924895,393,A168_HF9F_20260827_0900,2026-08-27 09:00:00
2026-06-18,151694258,2242,0,30.8586417054,9.2575925118,9.2575925118,0.6666667,6,6,0.50441650000000000,0.504416500000,0.7948912480929629,0.7948912480929629,0.7948912480929629,0E-17,ELIGIBLE,R03b_20260811_FULL_v1,L1_ELIGIBILITY,v2026-08-11,2026-03-21..2026-08-06,baccarat_bet02_101_all_pairs_incl_sentinel,round_win = game_pnl > 0 (decisive only),COMPATIBILITY_ONLY_NOT_PRODUCTION,900.0437,838.3264,-61.2030,175,175,0.06800000,,0.06800000,0.06800000,61.2030,900.0437,OK,0.0000,-1.8361,3.0000,97.0000,AG03-UNRESOLVED,ALL5_LEVELS_bet23_to_bet27,-1.8361,-1.8361,-1.8361,-2.4481,-2.4481,3.000000,3.000000,3.000000,4.000000,4.000000,97.000000,97.000000,97.000000,96.000000,96.000000,5.0,-10.4045,-9.724,-50.7985,-51.479,PENDING_AG03,FALSE,NOT_FOR_ENFORCEMENT,-59.3669,813.1766,-61.2030,-59.3669,-1.8361,-0.06800000,-0.06596000,-1.8361,-59.3669,-0.06596000,-1.8361,-1.8361,-1.8361,-2.4481,-2.4481,-59.3669,-0.06596000,-10.4045,-9.724,-50.7985,-51.479,-0.05644000,-0.05719612,-0.00204000,5.1431,4.7904,-0.3497,-61.2030,-1.9743,900.0437,175.0000,,5.1431,5.1431,5.1431,5.1431,5.1431,5.1431,5.1431,5.1431,4.886,1.0,1.0,1.0,29,18,1,2,0E-8,-0.06800000,,0E-8,0.000000,0.931429,0.000000,,2026-06-18,2026-06-18,1,31,29,1,1.000000,,,0.000000,,,,,,,,GLOBAL_BASELINE_NO_ENTITY_RANKING,,,NOT_APPLICABLE_GLOBAL_BASELINE,HF9g-P5,,,,X 全窗基线 · 不参与实体赏罚,3924896,393,A168_HF9F_20260827_0900,2026-08-27 09:00:00
2026-06-18,151694258,2246,0,36.0017486563,25.7155347545,25.7155347545,0.8571429,7,7,0.49324550000000000,0.493245500000,1.925739544596175,1.9257395445961751,1.925739544596175,0E-17,ELIGIBLE,R03b_20260811_FULL_v1,L1_ELIGIBILITY,v2026-08-11,2026-03-21..2026-08-06,baccarat_bet02_101_all_pairs_incl_sentinel,round_win = game_pnl > 0 (decisive only),COMPATIBILITY_ONLY_NOT_PRODUCTION,900.0437,838.3264,-61.2030,175,175,0.06800000,,0.06800000,0.06800000,61.2030,900.0437,OK,0.0000,-1.8361,3.0000,97.0000,AG03-UNRESOLVED,ALL5_LEVELS_bet23_to_bet27,-1.8361,-1.8361,-1.8361,-2.4481,-2.4481,3.000000,3.000000,3.000000,4.000000,4.000000,97.000000,97.000000,97.000000,96.000000,96.000000,5.0,-10.4045,-9.724,-50.7985,-51.479,PENDING_AG03,FALSE,NOT_FOR_ENFORCEMENT,-59.3669,813.1766,-61.2030,-59.3669,-1.8361,-0.06800000,-0.06596000,-1.8361,-59.3669,-0.06596000,-1.8361,-1.8361,-1.8361,-2.4481,-2.4481,-59.3669,-0.06596000,-10.4045,-9.724,-50.7985,-51.479,-0.05644000,-0.05719612,-0.00204000,5.1431,4.7904,-0.3497,-61.2030,-1.9743,900.0437,175.0000,,5.1431,5.1431,5.1431,5.1431,5.1431,5.1431,5.1431,5.1431,4.886,1.0,1.0,1.0,29,18,1,2,0E-8,-0.06800000,,0E-8,0.000000,0.931429,0.000000,,2026-06-18,2026-06-18,1,31,29,1,1.000000,,,0.000000,,,,,,,,GLOBAL_BASELINE_NO_ENTITY_RANKING,,,NOT_APPLICABLE_GLOBAL_BASELINE,HF9g-P5,,,,X 全窗基线 · 不参与实体赏罚,3924897,393,A168_HF9F_20260827_0900,2026-08-27 09:00:00
2026-06-18,151694258,2251,0,30.8586417054,-20.5724278036,-20.5724278036,0.1666667,6,6,0.49771390000000000,0.497713900000,-1.6218105569273533,-1.6218105569273533,-1.6218105569273533,0E-17,ELIGIBLE,R03b_20260811_FULL_v1,L1_ELIGIBILITY,v2026-08-11,2026-03-21..2026-08-06,baccarat_bet02_101_all_pairs_incl_sentinel,round_win = game_pnl > 0 (decisive only),COMPATIBILITY_ONLY_NOT_PRODUCTION,900.0437,838.3264,-61.2030,175,175,0.06800000,,0.06800000,0.06800000,61.2030,900.0437,OK,0.0000,-1.8361,3.0000,97.0000,AG03-UNRESOLVED,ALL5_LEVELS_bet23_to_bet27,-1.8361,-1.8361,-1.8361,-2.4481,-2.4481,3.000000,3.000000,3.000000,4.000000,4.000000,97.000000,97.000000,97.000000,96.000000,96.000000,5.0,-10.4045,-9.724,-50.7985,-51.479,PENDING_AG03,FALSE,NOT_FOR_ENFORCEMENT,-59.3669,813.1766,-61.2030,-59.3669,-1.8361,-0.06800000,-0.06596000,-1.8361,-59.3669,-0.06596000,-1.8361,-1.8361,-1.8361,-2.4481,-2.4481,-59.3669,-0.06596000,-10.4045,-9.724,-50.7985,-51.479,-0.05644000,-0.05719612,-0.00204000,5.1431,4.7904,-0.3497,-61.2030,-1.9743,900.0437,175.0000,,5.1431,5.1431,5.1431,5.1431,5.1431,5.1431,5.1431,5.1431,4.886,1.0,1.0,1.0,29,18,1,2,0E-8,-0.06800000,,0E-8,0.000000,0.931429,0.000000,,2026-06-18,2026-06-18,1,31,29,1,1.000000,,,0.000000,,,,,,,,GLOBAL_BASELINE_NO_ENTITY_RANKING,,,NOT_APPLICABLE_GLOBAL_BASELINE,HF9g-P5,,,,X 全窗基线 · 不参与实体赏罚,3924898,393,A168_HF9F_20260827_0900,2026-08-27 09:00:00
2026-06-18,151694258,529,0,25.7155347545,-25.7155347545,-25.7155347545,0E-7,5,5,0.49592654000000000,0.495926540000,-2.2179245161756675,-2.2179245161756675,-2.2179245161756675,0E-17,ELIGIBLE,R03b_20260811_FULL_v1,L1_ELIGIBILITY,v2026-08-11,2026-03-21..2026-08-06,baccarat_bet02_101_all_pairs_incl_sentinel,round_win = game_pnl > 0 (decisive only),COMPATIBILITY_ONLY_NOT_PRODUCTION,900.0437,838.3264,-61.2030,175,175,0.06800000,,0.06800000,0.06800000,61.2030,900.0437,OK,0.0000,-1.8361,3.0000,97.0000,AG03-UNRESOLVED,ALL5_LEVELS_bet23_to_bet27,-1.8361,-1.8361,-1.8361,-2.4481,-2.4481,3.000000,3.000000,3.000000,4.000000,4.000000,97.000000,97.000000,97.000000,96.000000,96.000000,5.0,-10.4045,-9.724,-50.7985,-51.479,PENDING_AG03,FALSE,NOT_FOR_ENFORCEMENT,-59.3669,813.1766,-61.2030,-59.3669,-1.8361,-0.06800000,-0.06596000,-1.8361,-59.3669,-0.06596000,-1.8361,-1.8361,-1.8361,-2.4481,-2.4481,-59.3669,-0.06596000,-10.4045,-9.724,-50.7985,-51.479,-0.05644000,-0.05719612,-0.00204000,5.1431,4.7904,-0.3497,-61.2030,-1.9743,900.0437,175.0000,,5.1431,5.1431,5.1431,5.1431,5.1431,5.1431,5.1431,5.1431,4.886,1.0,1.0,1.0,29,18,1,2,0E-8,-0.06800000,,0E-8,0.000000,0.931429,0.000000,,2026-06-18,2026-06-18,1,31,29,1,1.000000,,,0.000000,,,,,,,,GLOBAL_BASELINE_NO_ENTITY_RANKING,,,NOT_APPLICABLE_GLOBAL_BASELINE,HF9g-P5,,,,X 全窗基线 · 不参与实体赏罚,3924899,393,A168_HF9F_20260827_0900,2026-08-27 09:00:00
2026-06-18,151694258,919,0,36.0017486563,15.4293208527,15.4293208527,0.7142857,7,7,0.49324550000000000,0.493245500000,1.169741613234378,1.1697416132343783,1.169741613234378,0E-17,ELIGIBLE,R03b_20260811_FULL_v1,L1_ELIGIBILITY,v2026-08-11,2026-03-21..2026-08-06,baccarat_bet02_101_all_pairs_incl_sentinel,round_win = game_pnl > 0 (decisive only),COMPATIBILITY_ONLY_NOT_PRODUCTION,900.0437,838.3264,-61.2030,175,175,0.06800000,,0.06800000,0.06800000,61.2030,900.0437,OK,0.0000,-1.8361,3.0000,97.0000,AG03-UNRESOLVED,ALL5_LEVELS_bet23_to_bet27,-1.8361,-1.8361,-1.8361,-2.4481,-2.4481,3.000000,3.000000,3.000000,4.000000,4.000000,97.000000,97.000000,97.000000,96.000000,96.000000,5.0,-10.4045,-9.724,-50.7985,-51.479,PENDING_AG03,FALSE,NOT_FOR_ENFORCEMENT,-59.3669,813.1766,-61.2030,-59.3669,-1.8361,-0.06800000,-0.06596000,-1.8361,-59.3669,-0.06596000,-1.8361,-1.8361,-1.8361,-2.4481,-2.4481,-59.3669,-0.06596000,-10.4045,-9.724,-50.7985,-51.479,-0.05644000,-0.05719612,-0.00204000,5.1431,4.7904,-0.3497,-61.2030,-1.9743,900.0437,175.0000,,5.1431,5.1431,5.1431,5.1431,5.1431,5.1431,5.1431,5.1431,4.886,1.0,1.0,1.0,29,18,1,2,0E-8,-0.06800000,,0E-8,0.000000,0.931429,0.000000,,2026-06-18,2026-06-18,1,31,29,1,1.000000,,,0.000000,,,,,,,,GLOBAL_BASELINE_NO_ENTITY_RANKING,,,NOT_APPLICABLE_GLOBAL_BASELINE,HF9g-P5,,,,X 全窗基线 · 不参与实体赏罚,3924900,393,A168_HF9F_20260827_0900,2026-08-27 09:00:00
2026-06-28,152185514,-1,1,462.8796255810,4E-10,4E-10,0.5079365,70,70,0.49937359142857143,0.499373591429,0.1359321921407397,0.13593219213393623,0.1359321921407397,-4.2857E-13,SENTINEL_DEALER,R03b_20260811_FULL_v1,L1_ELIGIBILITY,v2026-08-11,2026-03-21..2026-08-06,baccarat_bet02_101_all_pairs_incl_sentinel,round_win = game_pnl > 0 (decisive only),COMPATIBILITY_ONLY_NOT_PRODUCTION,1049.1938,946.3317,-61.2030,161,161,0.05833333,,0.05833333,0.05833333,61.2030,1049.1938,OK,0.0000,-1.8361,3.0000,97.0000,AG03-UNRESOLVED,ALL5_LEVELS_bet23_to_bet27,-1.8361,-1.8361,-1.8361,-2.4481,-2.4481,3.000000,3.000000,3.000000,4.000000,4.000000,97.000000,97.000000,97.000000,96.000000,96.000000,5.0,-10.4045,-9.724,-50.7985,-51.479,PENDING_AG03,FALSE,NOT_FOR_ENFORCEMENT,-59.3669,917.9417,-61.2030,-59.3669,-1.8361,-0.05833333,-0.05658333,-1.8361,-59.3669,-0.05658333,-1.8361,-1.8361,-1.8361,-2.4481,-2.4481,-59.3669,-0.05658333,-10.4045,-9.724,-50.7985,-51.479,-0.04841667,-0.0490653,-0.00175000,6.5167,5.8778,-0.3801,-61.2030,-2.0401,1049.1938,161.0000,,6.5167,5.1431,5.1431,10.2862,10.2862,10.2862,10.2862,5.1431,0.0,2.0,2.0,1.267081,29,27,1,2,0E-8,-0.05833333,,0E-8,0.000000,0.901961,0.000000,,2026-06-28,2026-06-28,1,30,29,1,1.000000,,,0.000000,,,,,,,,GLOBAL_BASELINE_NO_ENTITY_RANKING,,,NOT_APPLICABLE_GLOBAL_BASELINE,HF9g-P5,,,,X 全窗基线 · 不参与实体赏罚,3924901,393,A168_HF9F_20260827_0900,2026-08-27 09:00:00
2026-06-28,152185514,1151,0,5.1431069509,5.1431069509,5.1431069509,1.0000000,1,1,0.49324550000000000,0.493245500000,1.01360149184955,1.01360149184955,1.01360149184955,0E-17,ELIGIBLE,R03b_20260811_FULL_v1,L1_ELIGIBILITY,v2026-08-11,2026-03-21..2026-08-06,baccarat_bet02_101_all_pairs_incl_sentinel,round_win = game_pnl > 0 (decisive only),COMPATIBILITY_ONLY_NOT_PRODUCTION,1049.1938,946.3317,-61.2030,161,161,0.05833333,,0.05833333,0.05833333,61.2030,1049.1938,OK,0.0000,-1.8361,3.0000,97.0000,AG03-UNRESOLVED,ALL5_LEVELS_bet23_to_bet27,-1.8361,-1.8361,-1.8361,-2.4481,-2.4481,3.000000,3.000000,3.000000,4.000000,4.000000,97.000000,97.000000,97.000000,96.000000,96.000000,5.0,-10.4045,-9.724,-50.7985,-51.479,PENDING_AG03,FALSE,NOT_FOR_ENFORCEMENT,-59.3669,917.9417,-61.2030,-59.3669,-1.8361,-0.05833333,-0.05658333,-1.8361,-59.3669,-0.05658333,-1.8361,-1.8361,-1.8361,-2.4481,-2.4481,-59.3669,-0.05658333,-10.4045,-9.724,-50.7985,-51.479,-0.04841667,-0.0490653,-0.00175000,6.5167,5.8778,-0.3801,-61.2030,-2.0401,1049.1938,161.0000,,6.5167,5.1431,5.1431,10.2862,10.2862,10.2862,10.2862,5.1431,0.0,2.0,2.0,1.267081,29,27,1,2,0E-8,-0.05833333,,0E-8,0.000000,0.901961,0.000000,,2026-06-28,2026-06-28,1,30,29,1,1.000000,,,0.000000,,,,,,,,GLOBAL_BASELINE_NO_ENTITY_RANKING,,,NOT_APPLICABLE_GLOBAL_BASELINE,HF9g-P5,,,,X 全窗基线 · 不参与实体赏罚,3924902,393,A168_HF9F_20260827_0900,2026-08-27 09:00:00
2026-06-28,152185514,1205,0,25.7155347545,4.6287962559,4.6287962559,0.7500000,4,4,0.49994810000000000,0.499948100000,1.0002076053883384,1.0002076053883384,1.0002076053883384,0E-17,ELIGIBLE,R03b_20260811_FULL_v1,L1_ELIGIBILITY,v2026-08-11,2026-03-21..2026-08-06,baccarat_bet02_101_all_pairs_incl_sentinel,round_win = game_pnl > 0 (decisive only),COMPATIBILITY_ONLY_NOT_PRODUCTION,1049.1938,946.3317,-61.2030,161,161,0.05833333,,0.05833333,0.05833333,61.2030,1049.1938,OK,0.0000,-1.8361,3.0000,97.0000,AG03-UNRESOLVED,ALL5_LEVELS_bet23_to_bet27,-1.8361,-1.8361,-1.8361,-2.4481,-2.4481,3.000000,3.000000,3.000000,4.000000,4.000000,97.000000,97.000000,97.000000,96.000000,96.000000,5.0,-10.4045,-9.724,-50.7985,-51.479,PENDING_AG03,FALSE,NOT_FOR_ENFORCEMENT,-59.3669,917.9417,-61.2030,-59.3669,-1.8361,-0.05833333,-0.05658333,-1.8361,-59.3669,-0.05658333,-1.8361,-1.8361,-1.8361,-2.4481,-2.4481,-59.3669,-0.05658333,-10.4045,-9.724,-50.7985,-51.479,-0.04841667,-0.0490653,-0.00175000,6.5167,5.8778,-0.3801,-61.2030,-2.0401,1049.1938,161.0000,,6.5167,5.1431,5.1431,10.2862,10.2862,10.2862,10.2862,5.1431,0.0,2.0,2.0,1.267081,29,27,1,2,0E-8,-0.05833333,,0E-8,0.000000,0.901961,0.000000,,2026-06-28,2026-06-28,1,30,29,1,1.000000,,,0.000000,,,,,,,,GLOBAL_BASELINE_NO_ENTITY_RANKING,,,NOT_APPLICABLE_GLOBAL_BASELINE,HF9g-P5,,,,X 全窗基线 · 不参与实体赏罚,3924903,393,A168_HF9F_20260827_0900,2026-08-27 09:00:00
2026-06-28,152185514,1221,0,25.7155347545,15.1721655052,15.1721655052,0.7500000,4,4,0.49659680000000000,0.496596800000,1.0136362796769356,1.0136362796769358,1.0136362796769356,0E-17,ELIGIBLE,R03b_20260811_FULL_v1,L1_ELIGIBILITY,v2026-08-11,2026-03-21..2026-08-06,baccarat_bet02_101_all_pairs_incl_sentinel,round_win = game_pnl > 0 (decisive only),COMPATIBILITY_ONLY_NOT_PRODUCTION,1049.1938,946.3317,-61.2030,161,161,0.05833333,,0.05833333,0.05833333,61.2030,1049.1938,OK,0.0000,-1.8361,3.0000,97.0000,AG03-UNRESOLVED,ALL5_LEVELS_bet23_to_bet27,-1.8361,-1.8361,-1.8361,-2.4481,-2.4481,3.000000,3.000000,3.000000,4.000000,4.000000,97.000000,97.000000,97.000000,96.000000,96.000000,5.0,-10.4045,-9.724,-50.7985,-51.479,PENDING_AG03,FALSE,NOT_FOR_ENFORCEMENT,-59.3669,917.9417,-61.2030,-59.3669,-1.8361,-0.05833333,-0.05658333,-1.8361,-59.3669,-0.05658333,-1.8361,-1.8361,-1.8361,-2.4481,-2.4481,-59.3669,-0.05658333,-10.4045,-9.724,-50.7985,-51.479,-0.04841667,-0.0490653,-0.00175000,6.5167,5.8778,-0.3801,-61.2030,-2.0401,1049.1938,161.0000,,6.5167,5.1431,5.1431,10.2862,10.2862,10.2862,10.2862,5.1431,0.0,2.0,2.0,1.267081,29,27,1,2,0E-8,-0.05833333,,0E-8,0.000000,0.901961,0.000000,,2026-06-28,2026-06-28,1,30,29,1,1.000000,,,0.000000,,,,,,,,GLOBAL_BASELINE_NO_ENTITY_RANKING,,,NOT_APPLICABLE_GLOBAL_BASELINE,HF9g-P5,,,,X 全窗基线 · 不参与实体赏罚,3924904,393,A168_HF9F_20260827_0900,2026-08-27 09:00:00
2026-06-28,152185514,1323,0,5.1431069509,4.8859516034,4.8859516034,1.0000000,1,1,0.50665070000000000,0.506650700000,0.9867858985152569,0.9867858985152569,0.9867858985152569,0E-17,ELIGIBLE,R03b_20260811_FULL_v1,L1_ELIGIBILITY,v2026-08-11,2026-03-21..2026-08-06,baccarat_bet02_101_all_pairs_incl_sentinel,round_win = game_pnl > 0 (decisive only),COMPATIBILITY_ONLY_NOT_PRODUCTION,1049.1938,946.3317,-61.2030,161,161,0.05833333,,0.05833333,0.05833333,61.2030,1049.1938,OK,0.0000,-1.8361,3.0000,97.0000,AG03-UNRESOLVED,ALL5_LEVELS_bet23_to_bet27,-1.8361,-1.8361,-1.8361,-2.4481,-2.4481,3.000000,3.000000,3.000000,4.000000,4.000000,97.000000,97.000000,97.000000,96.000000,96.000000,5.0,-10.4045,-9.724,-50.7985,-51.479,PENDING_AG03,FALSE,NOT_FOR_ENFORCEMENT,-59.3669,917.9417,-61.2030,-59.3669,-1.8361,-0.05833333,-0.05658333,-1.8361,-59.3669,-0.05658333,-1.8361,-1.8361,-1.8361,-2.4481,-2.4481,-59.3669,-0.05658333,-10.4045,-9.724,-50.7985,-51.479,-0.04841667,-0.0490653,-0.00175000,6.5167,5.8778,-0.3801,-61.2030,-2.0401,1049.1938,161.0000,,6.5167,5.1431,5.1431,10.2862,10.2862,10.2862,10.2862,5.1431,0.0,2.0,2.0,1.267081,29,27,1,2,0E-8,-0.05833333,,0E-8,0.000000,0.901961,0.000000,,2026-06-28,2026-06-28,1,30,29,1,1.000000,,,0.000000,,,,,,,,GLOBAL_BASELINE_NO_ENTITY_RANKING,,,NOT_APPLICABLE_GLOBAL_BASELINE,HF9g-P5,,,,X 全窗基线 · 不参与实体赏罚,3924905,393,A168_HF9F_20260827_0900,2026-08-27 09:00:00
2026-06-28,152185514,1353,0,10.2862139018,-10.2862139018,-10.2862139018,0E-7,1,1,0.49324550000000000,0.493245500000,-0.9865810262130424,-0.9865810262130424,-0.9865810262130424,0E-17,ELIGIBLE,R03b_20260811_FULL_v1,L1_ELIGIBILITY,v2026-08-11,2026-03-21..2026-08-06,baccarat_bet02_101_all_pairs_incl_sentinel,round_win = game_pnl > 0 (decisive only),COMPATIBILITY_ONLY_NOT_PRODUCTION,1049.1938,946.3317,-61.2030,161,161,0.05833333,,0.05833333,0.05833333,61.2030,1049.1938,OK,0.0000,-1.8361,3.0000,97.0000,AG03-UNRESOLVED,ALL5_LEVELS_bet23_to_bet27,-1.8361,-1.8361,-1.8361,-2.4481,-2.4481,3.000000,3.000000,3.000000,4.000000,4.000000,97.000000,97.000000,97.000000,96.000000,96.000000,5.0,-10.4045,-9.724,-50.7985,-51.479,PENDING_AG03,FALSE,NOT_FOR_ENFORCEMENT,-59.3669,917.9417,-61.2030,-59.3669,-1.8361,-0.05833333,-0.05658333,-1.8361,-59.3669,-0.05658333,-1.8361,-1.8361,-1.8361,-2.4481,-2.4481,-59.3669,-0.05658333,-10.4045,-9.724,-50.7985,-51.479,-0.04841667,-0.0490653,-0.00175000,6.5167,5.8778,-0.3801,-61.2030,-2.0401,1049.1938,161.0000,,6.5167,5.1431,5.1431,10.2862,10.2862,10.2862,10.2862,5.1431,0.0,2.0,2.0,1.267081,29,27,1,2,0E-8,-0.05833333,,0E-8,0.000000,0.901961,0.000000,,2026-06-28,2026-06-28,1,30,29,1,1.000000,,,0.000000,,,,,,,,GLOBAL_BASELINE_NO_ENTITY_RANKING,,,NOT_APPLICABLE_GLOBAL_BASELINE,HF9g-P5,,,,X 全窗基线 · 不参与实体赏罚,3924906,393,A168_HF9F_20260827_0900,2026-08-27 09:00:00
2026-06-28,152185514,1384,0,41.1448556072,-0.2571553475,-0.2571553475,0.5000000,6,6,0.49771390000000000,0.497713900000,0.011199674067230152,0.011199674067230152,0.011199674067230152,0E-17,ELIGIBLE,R03b_20260811_FULL_v1,L1_ELIGIBILITY,v2026-08-11,2026-03-21..2026-08-06,baccarat_bet02_101_all_pairs_incl_sentinel,round_win = game_pnl > 0 (decisive only),COMPATIBILITY_ONLY_NOT_PRODUCTION,1049.1938,946.3317,-61.2030,161,161,0.05833333,,0.05833333,0.05833333,61.2030,1049.1938,OK,0.0000,-1.8361,3.0000,97.0000,AG03-UNRESOLVED,ALL5_LEVELS_bet23_to_bet27,-1.8361,-1.8361,-1.8361,-2.4481,-2.4481,3.000000,3.000000,3.000000,4.000000,4.000000,97.000000,97.000000,97.000000,96.000000,96.000000,5.0,-10.4045,-9.724,-50.7985,-51.479,PENDING_AG03,FALSE,NOT_FOR_ENFORCEMENT,-59.3669,917.9417,-61.2030,-59.3669,-1.8361,-0.05833333,-0.05658333,-1.8361,-59.3669,-0.05658333,-1.8361,-1.8361,-1.8361,-2.4481,-2.4481,-59.3669,-0.05658333,-10.4045,-9.724,-50.7985,-51.479,-0.04841667,-0.0490653,-0.00175000,6.5167,5.8778,-0.3801,-61.2030,-2.0401,1049.1938,161.0000,,6.5167,5.1431,5.1431,10.2862,10.2862,10.2862,10.2862,5.1431,0.0,2.0,2.0,1.267081,29,27,1,2,0E-8,-0.05833333,,0E-8,0.000000,0.901961,0.000000,,2026-06-28,2026-06-28,1,30,29,1,1.000000,,,0.000000,,,,,,,,GLOBAL_BASELINE_NO_ENTITY_RANKING,,,NOT_APPLICABLE_GLOBAL_BASELINE,HF9g-P5,,,,X 全窗基线 · 不参与实体赏罚,3924907,393,A168_HF9F_20260827_0900,2026-08-27 09:00:00
2026-06-28,152185514,1385,0,5.1431069509,-5.1431069509,-5.1431069509,0E-7,1,1,0.50665070000000000,0.506650700000,-1.013391052207602,-1.013391052207602,-1.013391052207602,0E-17,ELIGIBLE,R03b_20260811_FULL_v1,L1_ELIGIBILITY,v2026-08-11,2026-03-21..2026-08-06,baccarat_bet02_101_all_pairs_incl_sentinel,round_win = game_pnl > 0 (decisive only),COMPATIBILITY_ONLY_NOT_PRODUCTION,1049.1938,946.3317,-61.2030,161,161,0.05833333,,0.05833333,0.05833333,61.2030,1049.1938,OK,0.0000,-1.8361,3.0000,97.0000,AG03-UNRESOLVED,ALL5_LEVELS_bet23_to_bet27,-1.8361,-1.8361,-1.8361,-2.4481,-2.4481,3.000000,3.000000,3.000000,4.000000,4.000000,97.000000,97.000000,97.000000,96.000000,96.000000,5.0,-10.4045,-9.724,-50.7985,-51.479,PENDING_AG03,FALSE,NOT_FOR_ENFORCEMENT,-59.3669,917.9417,-61.2030,-59.3669,-1.8361,-0.05833333,-0.05658333,-1.8361,-59.3669,-0.05658333,-1.8361,-1.8361,-1.8361,-2.4481,-2.4481,-59.3669,-0.05658333,-10.4045,-9.724,-50.7985,-51.479,-0.04841667,-0.0490653,-0.00175000,6.5167,5.8778,-0.3801,-61.2030,-2.0401,1049.1938,161.0000,,6.5167,5.1431,5.1431,10.2862,10.2862,10.2862,10.2862,5.1431,0.0,2.0,2.0,1.267081,29,27,1,2,0E-8,-0.05833333,,0E-8,0.000000,0.901961,0.000000,,2026-06-28,2026-06-28,1,30,29,1,1.000000,,,0.000000,,,,,,,,GLOBAL_BASELINE_NO_ENTITY_RANKING,,,NOT_APPLICABLE_GLOBAL_BASELINE,HF9g-P5,,,,X 全窗基线 · 不参与实体赏罚,3924908,393,A168_HF9F_20260827_0900,2026-08-27 09:00:00
2026-06-28,152185514,1401,0,30.8586417054,-5.6574176459,-5.6574176459,0.4000000,6,6,0.50441650000000000,0.504416500000,-0.466983001748531,-0.466983001748531,-0.466983001748531,0E-17,ELIGIBLE,R03b_20260811_FULL_v1,L1_ELIGIBILITY,v2026-08-11,2026-03-21..2026-08-06,baccarat_bet02_101_all_pairs_incl_sentinel,round_win = game_pnl > 0 (decisive only),COMPATIBILITY_ONLY_NOT_PRODUCTION,1049.1938,946.3317,-61.2030,161,161,0.05833333,,0.05833333,0.05833333,61.2030,1049.1938,OK,0.0000,-1.8361,3.0000,97.0000,AG03-UNRESOLVED,ALL5_LEVELS_bet23_to_bet27,-1.8361,-1.8361,-1.8361,-2.4481,-2.4481,3.000000,3.000000,3.000000,4.000000,4.000000,97.000000,97.000000,97.000000,96.000000,96.000000,5.0,-10.4045,-9.724,-50.7985,-51.479,PENDING_AG03,FALSE,NOT_FOR_ENFORCEMENT,-59.3669,917.9417,-61.2030,-59.3669,-1.8361,-0.05833333,-0.05658333,-1.8361,-59.3669,-0.05658333,-1.8361,-1.8361,-1.8361,-2.4481,-2.4481,-59.3669,-0.05658333,-10.4045,-9.724,-50.7985,-51.479,-0.04841667,-0.0490653,-0.00175000,6.5167,5.8778,-0.3801,-61.2030,-2.0401,1049.1938,161.0000,,6.5167,5.1431,5.1431,10.2862,10.2862,10.2862,10.2862,5.1431,0.0,2.0,2.0,1.267081,29,27,1,2,0E-8,-0.05833333,,0E-8,0.000000,0.901961,0.000000,,2026-06-28,2026-06-28,1,30,29,1,1.000000,,,0.000000,,,,,,,,GLOBAL_BASELINE_NO_ENTITY_RANKING,,,NOT_APPLICABLE_GLOBAL_BASELINE,HF9g-P5,,,,X 全窗基线 · 不参与实体赏罚,3924909,393,A168_HF9F_20260827_0900,2026-08-27 09:00:00
2026-06-28,152185514,1509,0,36.0017486563,15.1721655052,15.1721655052,0.8000000,7,7,0.49516052857142857,0.495160528571,1.3633474226866982,1.3633474226886262,1.3633474226866982,4.2857E-13,ELIGIBLE,R03b_20260811_FULL_v1,L1_ELIGIBILITY,v2026-08-11,2026-03-21..2026-08-06,baccarat_bet02_101_all_pairs_incl_sentinel,round_win = game_pnl > 0 (decisive only),COMPATIBILITY_ONLY_NOT_PRODUCTION,1049.1938,946.3317,-61.2030,161,161,0.05833333,,0.05833333,0.05833333,61.2030,1049.1938,OK,0.0000,-1.8361,3.0000,97.0000,AG03-UNRESOLVED,ALL5_LEVELS_bet23_to_bet27,-1.8361,-1.8361,-1.8361,-2.4481,-2.4481,3.000000,3.000000,3.000000,4.000000,4.000000,97.000000,97.000000,97.000000,96.000000,96.000000,5.0,-10.4045,-9.724,-50.7985,-51.479,PENDING_AG03,FALSE,NOT_FOR_ENFORCEMENT,-59.3669,917.9417,-61.2030,-59.3669,-1.8361,-0.05833333,-0.05658333,-1.8361,-59.3669,-0.05658333,-1.8361,-1.8361,-1.8361,-2.4481,-2.4481,-59.3669,-0.05658333,-10.4045,-9.724,-50.7985,-51.479,-0.04841667,-0.0490653,-0.00175000,6.5167,5.8778,-0.3801,-61.2030,-2.0401,1049.1938,161.0000,,6.5167,5.1431,5.1431,10.2862,10.2862,10.2862,10.2862,5.1431,0.0,2.0,2.0,1.267081,29,27,1,2,0E-8,-0.05833333,,0E-8,0.000000,0.901961,0.000000,,2026-06-28,2026-06-28,1,30,29,1,1.000000,,,0.000000,,,,,,,,GLOBAL_BASELINE_NO_ENTITY_RANKING,,,NOT_APPLICABLE_GLOBAL_BASELINE,HF9g-P5,,,,X 全窗基线 · 不参与实体赏罚,3924910,393,A168_HF9F_20260827_0900,2026-08-27 09:00:00
2026-06-28,152185514,1654,0,20.5724278036,10.2862139018,10.2862139018,0.6666667,3,3,0.49324550000000000,0.493245500000,0.6008033672792107,0.6008033672792106,0.6008033672792107,0E-17,ELIGIBLE,R03b_20260811_FULL_v1,L1_ELIGIBILITY,v2026-08-11,2026-03-21..2026-08-06,baccarat_bet02_101_all_pairs_incl_sentinel,round_win = game_pnl > 0 (decisive only),COMPATIBILITY_ONLY_NOT_PRODUCTION,1049.1938,946.3317,-61.2030,161,161,0.05833333,,0.05833333,0.05833333,61.2030,1049.1938,OK,0.0000,-1.8361,3.0000,97.0000,AG03-UNRESOLVED,ALL5_LEVELS_bet23_to_bet27,-1.8361,-1.8361,-1.8361,-2.4481,-2.4481,3.000000,3.000000,3.000000,4.000000,4.000000,97.000000,97.000000,97.000000,96.000000,96.000000,5.0,-10.4045,-9.724,-50.7985,-51.479,PENDING_AG03,FALSE,NOT_FOR_ENFORCEMENT,-59.3669,917.9417,-61.2030,-59.3669,-1.8361,-0.05833333,-0.05658333,-1.8361,-59.3669,-0.05658333,-1.8361,-1.8361,-1.8361,-2.4481,-2.4481,-59.3669,-0.05658333,-10.4045,-9.724,-50.7985,-51.479,-0.04841667,-0.0490653,-0.00175000,6.5167,5.8778,-0.3801,-61.2030,-2.0401,1049.1938,161.0000,,6.5167,5.1431,5.1431,10.2862,10.2862,10.2862,10.2862,5.1431,0.0,2.0,2.0,1.267081,29,27,1,2,0E-8,-0.05833333,,0E-8,0.000000,0.901961,0.000000,,2026-06-28,2026-06-28,1,30,29,1,1.000000,,,0.000000,,,,,,,,GLOBAL_BASELINE_NO_ENTITY_RANKING,,,NOT_APPLICABLE_GLOBAL_BASELINE,HF9g-P5,,,,X 全窗基线 · 不参与实体赏罚,3924911,393,A168_HF9F_20260827_0900,2026-08-27 09:00:00
2026-06-28,152185514,1702,0,10.2862139018,-10.2862139018,-10.2862139018,0E-7,1,1,0.50665070000000000,0.506650700000,-1.013391052207602,-1.013391052207602,-1.013391052207602,0E-17,ELIGIBLE,R03b_20260811_FULL_v1,L1_ELIGIBILITY,v2026-08-11,2026-03-21..2026-08-06,baccarat_bet02_101_all_pairs_incl_sentinel,round_win = game_pnl > 0 (decisive only),COMPATIBILITY_ONLY_NOT_PRODUCTION,1049.1938,946.3317,-61.2030,161,161,0.05833333,,0.05833333,0.05833333,61.2030,1049.1938,OK,0.0000,-1.8361,3.0000,97.0000,AG03-UNRESOLVED,ALL5_LEVELS_bet23_to_bet27,-1.8361,-1.8361,-1.8361,-2.4481,-2.4481,3.000000,3.000000,3.000000,4.000000,4.000000,97.000000,97.000000,97.000000,96.000000,96.000000,5.0,-10.4045,-9.724,-50.7985,-51.479,PENDING_AG03,FALSE,NOT_FOR_ENFORCEMENT,-59.3669,917.9417,-61.2030,-59.3669,-1.8361,-0.05833333,-0.05658333,-1.8361,-59.3669,-0.05658333,-1.8361,-1.8361,-1.8361,-2.4481,-2.4481,-59.3669,-0.05658333,-10.4045,-9.724,-50.7985,-51.479,-0.04841667,-0.0490653,-0.00175000,6.5167,5.8778,-0.3801,-61.2030,-2.0401,1049.1938,161.0000,,6.5167,5.1431,5.1431,10.2862,10.2862,10.2862,10.2862,5.1431,0.0,2.0,2.0,1.267081,29,27,1,2,0E-8,-0.05833333,,0E-8,0.000000,0.901961,0.000000,,2026-06-28,2026-06-28,1,30,29,1,1.000000,,,0.000000,,,,,,,,GLOBAL_BASELINE_NO_ENTITY_RANKING,,,NOT_APPLICABLE_GLOBAL_BASELINE,HF9g-P5,,,,X 全窗基线 · 不参与实体赏罚,3924912,393,A168_HF9F_20260827_0900,2026-08-27 09:00:00
2026-06-28,152185514,1957,0,15.4293208527,14.9150101576,14.9150101576,1.0000000,2,2,0.49994810000000000,0.499948100000,1.4143603653603398,1.4143603653603398,1.4143603653603398,0E-17,ELIGIBLE,R03b_20260811_FULL_v1,L1_ELIGIBILITY,v2026-08-11,2026-03-21..2026-08-06,baccarat_bet02_101_all_pairs_incl_sentinel,round_win = game_pnl > 0 (decisive only),COMPATIBILITY_ONLY_NOT_PRODUCTION,1049.1938,946.3317,-61.2030,161,161,0.05833333,,0.05833333,0.05833333,61.2030,1049.1938,OK,0.0000,-1.8361,3.0000,97.0000,AG03-UNRESOLVED,ALL5_LEVELS_bet23_to_bet27,-1.8361,-1.8361,-1.8361,-2.4481,-2.4481,3.000000,3.000000,3.000000,4.000000,4.000000,97.000000,97.000000,97.000000,96.000000,96.000000,5.0,-10.4045,-9.724,-50.7985,-51.479,PENDING_AG03,FALSE,NOT_FOR_ENFORCEMENT,-59.3669,917.9417,-61.2030,-59.3669,-1.8361,-0.05833333,-0.05658333,-1.8361,-59.3669,-0.05658333,-1.8361,-1.8361,-1.8361,-2.4481,-2.4481,-59.3669,-0.05658333,-10.4045,-9.724,-50.7985,-51.479,-0.04841667,-0.0490653,-0.00175000,6.5167,5.8778,-0.3801,-61.2030,-2.0401,1049.1938,161.0000,,6.5167,5.1431,5.1431,10.2862,10.2862,10.2862,10.2862,5.1431,0.0,2.0,2.0,1.267081,29,27,1,2,0E-8,-0.05833333,,0E-8,0.000000,0.901961,0.000000,,2026-06-28,2026-06-28,1,30,29,1,1.000000,,,0.000000,,,,,,,,GLOBAL_BASELINE_NO_ENTITY_RANKING,,,NOT_APPLICABLE_GLOBAL_BASELINE,HF9g-P5,,,,X 全窗基线 · 不参与实体赏罚,3924913,393,A168_HF9F_20260827_0900,2026-08-27 09:00:00
2026-06-28,152185514,1994,0,30.8586417054,-0.5143106950,-0.5143106950,0.6000000,5,5,0.50128862000000000,0.501288620000,0.4414521777673877,0.4414521777673877,0.4414521777673877,0E-17,ELIGIBLE,R03b_20260811_FULL_v1,L1_ELIGIBILITY,v2026-08-11,2026-03-21..2026-08-06,baccarat_bet02_101_all_pairs_incl_sentinel,round_win = game_pnl > 0 (decisive only),COMPATIBILITY_ONLY_NOT_PRODUCTION,1049.1938,946.3317,-61.2030,161,161,0.05833333,,0.05833333,0.05833333,61.2030,1049.1938,OK,0.0000,-1.8361,3.0000,97.0000,AG03-UNRESOLVED,ALL5_LEVELS_bet23_to_bet27,-1.8361,-1.8361,-1.8361,-2.4481,-2.4481,3.000000,3.000000,3.000000,4.000000,4.000000,97.000000,97.000000,97.000000,96.000000,96.000000,5.0,-10.4045,-9.724,-50.7985,-51.479,PENDING_AG03,FALSE,NOT_FOR_ENFORCEMENT,-59.3669,917.9417,-61.2030,-59.3669,-1.8361,-0.05833333,-0.05658333,-1.8361,-59.3669,-0.05658333,-1.8361,-1.8361,-1.8361,-2.4481,-2.4481,-59.3669,-0.05658333,-10.4045,-9.724,-50.7985,-51.479,-0.04841667,-0.0490653,-0.00175000,6.5167,5.8778,-0.3801,-61.2030,-2.0401,1049.1938,161.0000,,6.5167,5.1431,5.1431,10.2862,10.2862,10.2862,10.2862,5.1431,0.0,2.0,2.0,1.267081,29,27,1,2,0E-8,-0.05833333,,0E-8,0.000000,0.901961,0.000000,,2026-06-28,2026-06-28,1,30,29,1,1.000000,,,0.000000,,,,,,,,GLOBAL_BASELINE_NO_ENTITY_RANKING,,,NOT_APPLICABLE_GLOBAL_BASELINE,HF9g-P5,,,,X 全窗基线 · 不参与实体赏罚,3924914,393,A168_HF9F_20260827_0900,2026-08-27 09:00:00
2026-06-28,152185514,2034,0,20.5724278036,-10.5433692493,-10.5433692493,0.3333333,3,3,0.50218230000000000,0.502182300000,-0.5849155494134425,-0.5849155494134426,-0.5849155494134425,0E-17,ELIGIBLE,R03b_20260811_FULL_v1,L1_ELIGIBILITY,v2026-08-11,2026-03-21..2026-08-06,baccarat_bet02_101_all_pairs_incl_sentinel,round_win = game_pnl > 0 (decisive only),COMPATIBILITY_ONLY_NOT_PRODUCTION,1049.1938,946.3317,-61.2030,161,161,0.05833333,,0.05833333,0.05833333,61.2030,1049.1938,OK,0.0000,-1.8361,3.0000,97.0000,AG03-UNRESOLVED,ALL5_LEVELS_bet23_to_bet27,-1.8361,-1.8361,-1.8361,-2.4481,-2.4481,3.000000,3.000000,3.000000,4.000000,4.000000,97.000000,97.000000,97.000000,96.000000,96.000000,5.0,-10.4045,-9.724,-50.7985,-51.479,PENDING_AG03,FALSE,NOT_FOR_ENFORCEMENT,-59.3669,917.9417,-61.2030,-59.3669,-1.8361,-0.05833333,-0.05658333,-1.8361,-59.3669,-0.05658333,-1.8361,-1.8361,-1.8361,-2.4481,-2.4481,-59.3669,-0.05658333,-10.4045,-9.724,-50.7985,-51.479,-0.04841667,-0.0490653,-0.00175000,6.5167,5.8778,-0.3801,-61.2030,-2.0401,1049.1938,161.0000,,6.5167,5.1431,5.1431,10.2862,10.2862,10.2862,10.2862,5.1431,0.0,2.0,2.0,1.267081,29,27,1,2,0E-8,-0.05833333,,0E-8,0.000000,0.901961,0.000000,,2026-06-28,2026-06-28,1,30,29,1,1.000000,,,0.000000,,,,,,,,GLOBAL_BASELINE_NO_ENTITY_RANKING,,,NOT_APPLICABLE_GLOBAL_BASELINE,HF9g-P5,,,,X 全窗基线 · 不参与实体赏罚,3924915,393,A168_HF9F_20260827_0900,2026-08-27 09:00:00
2026-06-28,152185514,2065,0,41.1448556072,20.5724278036,20.5724278036,0.8000000,5,5,0.49324550000000000,0.493245500000,1.3719730223118614,1.3719730223118614,1.3719730223118614,0E-17,ELIGIBLE,R03b_20260811_FULL_v1,L1_ELIGIBILITY,v2026-08-11,2026-03-21..2026-08-06,baccarat_bet02_101_all_pairs_incl_sentinel,round_win = game_pnl > 0 (decisive only),COMPATIBILITY_ONLY_NOT_PRODUCTION,1049.1938,946.3317,-61.2030,161,161,0.05833333,,0.05833333,0.05833333,61.2030,1049.1938,OK,0.0000,-1.8361,3.0000,97.0000,AG03-UNRESOLVED,ALL5_LEVELS_bet23_to_bet27,-1.8361,-1.8361,-1.8361,-2.4481,-2.4481,3.000000,3.000000,3.000000,4.000000,4.000000,97.000000,97.000000,97.000000,96.000000,96.000000,5.0,-10.4045,-9.724,-50.7985,-51.479,PENDING_AG03,FALSE,NOT_FOR_ENFORCEMENT,-59.3669,917.9417,-61.2030,-59.3669,-1.8361,-0.05833333,-0.05658333,-1.8361,-59.3669,-0.05658333,-1.8361,-1.8361,-1.8361,-2.4481,-2.4481,-59.3669,-0.05658333,-10.4045,-9.724,-50.7985,-51.479,-0.04841667,-0.0490653,-0.00175000,6.5167,5.8778,-0.3801,-61.2030,-2.0401,1049.1938,161.0000,,6.5167,5.1431,5.1431,10.2862,10.2862,10.2862,10.2862,5.1431,0.0,2.0,2.0,1.267081,29,27,1,2,0E-8,-0.05833333,,0E-8,0.000000,0.901961,0.000000,,2026-06-28,2026-06-28,1,30,29,1,1.000000,,,0.000000,,,,,,,,GLOBAL_BASELINE_NO_ENTITY_RANKING,,,NOT_APPLICABLE_GLOBAL_BASELINE,HF9g-P5,,,,X 全窗基线 · 不参与实体赏罚,3924916,393,A168_HF9F_20260827_0900,2026-08-27 09:00:00
2026-06-28,152185514,2092,0,10.2862139018,10.2862139018,10.2862139018,1.0000000,1,1,0.49324550000000000,0.493245500000,1.01360149184955,1.01360149184955,1.01360149184955,0E-17,ELIGIBLE,R03b_20260811_FULL_v1,L1_ELIGIBILITY,v2026-08-11,2026-03-21..2026-08-06,baccarat_bet02_101_all_pairs_incl_sentinel,round_win = game_pnl > 0 (decisive only),COMPATIBILITY_ONLY_NOT_PRODUCTION,1049.1938,946.3317,-61.2030,161,161,0.05833333,,0.05833333,0.05833333,61.2030,1049.1938,OK,0.0000,-1.8361,3.0000,97.0000,AG03-UNRESOLVED,ALL5_LEVELS_bet23_to_bet27,-1.8361,-1.8361,-1.8361,-2.4481,-2.4481,3.000000,3.000000,3.000000,4.000000,4.000000,97.000000,97.000000,97.000000,96.000000,96.000000,5.0,-10.4045,-9.724,-50.7985,-51.479,PENDING_AG03,FALSE,NOT_FOR_ENFORCEMENT,-59.3669,917.9417,-61.2030,-59.3669,-1.8361,-0.05833333,-0.05658333,-1.8361,-59.3669,-0.05658333,-1.8361,-1.8361,-1.8361,-2.4481,-2.4481,-59.3669,-0.05658333,-10.4045,-9.724,-50.7985,-51.479,-0.04841667,-0.0490653,-0.00175000,6.5167,5.8778,-0.3801,-61.2030,-2.0401,1049.1938,161.0000,,6.5167,5.1431,5.1431,10.2862,10.2862,10.2862,10.2862,5.1431,0.0,2.0,2.0,1.267081,29,27,1,2,0E-8,-0.05833333,,0E-8,0.000000,0.901961,0.000000,,2026-06-28,2026-06-28,1,30,29,1,1.000000,,,0.000000,,,,,,,,GLOBAL_BASELINE_NO_ENTITY_RANKING,,,NOT_APPLICABLE_GLOBAL_BASELINE,HF9g-P5,,,,X 全窗基线 · 不参与实体赏罚,3924917,393,A168_HF9F_20260827_0900,2026-08-27 09:00:00
2026-06-28,152185514,2130,0,10.2862139018,9.7719032067,9.7719032067,1.0000000,1,1,0.50665070000000000,0.506650700000,0.9867858985152569,0.9867858985152569,0.9867858985152569,0E-17,ELIGIBLE,R03b_20260811_FULL_v1,L1_ELIGIBILITY,v2026-08-11,2026-03-21..2026-08-06,baccarat_bet02_101_all_pairs_incl_sentinel,round_win = game_pnl > 0 (decisive only),COMPATIBILITY_ONLY_NOT_PRODUCTION,1049.1938,946.3317,-61.2030,161,161,0.05833333,,0.05833333,0.05833333,61.2030,1049.1938,OK,0.0000,-1.8361,3.0000,97.0000,AG03-UNRESOLVED,ALL5_LEVELS_bet23_to_bet27,-1.8361,-1.8361,-1.8361,-2.4481,-2.4481,3.000000,3.000000,3.000000,4.000000,4.000000,97.000000,97.000000,97.000000,96.000000,96.000000,5.0,-10.4045,-9.724,-50.7985,-51.479,PENDING_AG03,FALSE,NOT_FOR_ENFORCEMENT,-59.3669,917.9417,-61.2030,-59.3669,-1.8361,-0.05833333,-0.05658333,-1.8361,-59.3669,-0.05658333,-1.8361,-1.8361,-1.8361,-2.4481,-2.4481,-59.3669,-0.05658333,-10.4045,-9.724,-50.7985,-51.479,-0.04841667,-0.0490653,-0.00175000,6.5167,5.8778,-0.3801,-61.2030,-2.0401,1049.1938,161.0000,,6.5167,5.1431,5.1431,10.2862,10.2862,10.2862,10.2862,5.1431,0.0,2.0,2.0,1.267081,29,27,1,2,0E-8,-0.05833333,,0E-8,0.000000,0.901961,0.000000,,2026-06-28,2026-06-28,1,30,29,1,1.000000,,,0.000000,,,,,,,,GLOBAL_BASELINE_NO_ENTITY_RANKING,,,NOT_APPLICABLE_GLOBAL_BASELINE,HF9g-P5,,,,X 全窗基线 · 不参与实体赏罚,3924918,393,A168_HF9F_20260827_0900,2026-08-27 09:00:00
2026-06-28,152185514,2134,0,25.7155347545,25.2012240594,25.2012240594,1.0000000,3,3,0.49771390000000000,0.497713900000,1.739988277604938,1.739988277604938,1.739988277604938,0E-17,ELIGIBLE,R03b_20260811_FULL_v1,L1_ELIGIBILITY,v2026-08-11,2026-03-21..2026-08-06,baccarat_bet02_101_all_pairs_incl_sentinel,round_win = game_pnl > 0 (decisive only),COMPATIBILITY_ONLY_NOT_PRODUCTION,1049.1938,946.3317,-61.2030,161,161,0.05833333,,0.05833333,0.05833333,61.2030,1049.1938,OK,0.0000,-1.8361,3.0000,97.0000,AG03-UNRESOLVED,ALL5_LEVELS_bet23_to_bet27,-1.8361,-1.8361,-1.8361,-2.4481,-2.4481,3.000000,3.000000,3.000000,4.000000,4.000000,97.000000,97.000000,97.000000,96.000000,96.000000,5.0,-10.4045,-9.724,-50.7985,-51.479,PENDING_AG03,FALSE,NOT_FOR_ENFORCEMENT,-59.3669,917.9417,-61.2030,-59.3669,-1.8361,-0.05833333,-0.05658333,-1.8361,-59.3669,-0.05658333,-1.8361,-1.8361,-1.8361,-2.4481,-2.4481,-59.3669,-0.05658333,-10.4045,-9.724,-50.7985,-51.479,-0.04841667,-0.0490653,-0.00175000,6.5167,5.8778,-0.3801,-61.2030,-2.0401,1049.1938,161.0000,,6.5167,5.1431,5.1431,10.2862,10.2862,10.2862,10.2862,5.1431,0.0,2.0,2.0,1.267081,29,27,1,2,0E-8,-0.05833333,,0E-8,0.000000,0.901961,0.000000,,2026-06-28,2026-06-28,1,30,29,1,1.000000,,,0.000000,,,,,,,,GLOBAL_BASELINE_NO_ENTITY_RANKING,,,NOT_APPLICABLE_GLOBAL_BASELINE,HF9g-P5,,,,X 全窗基线 · 不参与实体赏罚,3924919,393,A168_HF9F_20260827_0900,2026-08-27 09:00:00
2026-06-28,152185514,2136,0,30.8586417054,10.0290585543,10.0290585543,0.8000000,5,5,0.49592654000000000,0.495926540000,1.359902984124143,1.359902984124143,1.359902984124143,0E-17,ELIGIBLE,R03b_20260811_FULL_v1,L1_ELIGIBILITY,v2026-08-11,2026-03-21..2026-08-06,baccarat_bet02_101_all_pairs_incl_sentinel,round_win = game_pnl > 0 (decisive only),COMPATIBILITY_ONLY_NOT_PRODUCTION,1049.1938,946.3317,-61.2030,161,161,0.05833333,,0.05833333,0.05833333,61.2030,1049.1938,OK,0.0000,-1.8361,3.0000,97.0000,AG03-UNRESOLVED,ALL5_LEVELS_bet23_to_bet27,-1.8361,-1.8361,-1.8361,-2.4481,-2.4481,3.000000,3.000000,3.000000,4.000000,4.000000,97.000000,97.000000,97.000000,96.000000,96.000000,5.0,-10.4045,-9.724,-50.7985,-51.479,PENDING_AG03,FALSE,NOT_FOR_ENFORCEMENT,-59.3669,917.9417,-61.2030,-59.3669,-1.8361,-0.05833333,-0.05658333,-1.8361,-59.3669,-0.05658333,-1.8361,-1.8361,-1.8361,-2.4481,-2.4481,-59.3669,-0.05658333,-10.4045,-9.724,-50.7985,-51.479,-0.04841667,-0.0490653,-0.00175000,6.5167,5.8778,-0.3801,-61.2030,-2.0401,1049.1938,161.0000,,6.5167,5.1431,5.1431,10.2862,10.2862,10.2862,10.2862,5.1431,0.0,2.0,2.0,1.267081,29,27,1,2,0E-8,-0.05833333,,0E-8,0.000000,0.901961,0.000000,,2026-06-28,2026-06-28,1,30,29,1,1.000000,,,0.000000,,,,,,,,GLOBAL_BASELINE_NO_ENTITY_RANKING,,,NOT_APPLICABLE_GLOBAL_BASELINE,HF9g-P5,,,,X 全窗基线 · 不参与实体赏罚,3924920,393,A168_HF9F_20260827_0900,2026-08-27 09:00:00
2026-06-28,152185514,2169,0,15.4293208527,15.1721655052,15.1721655052,1.0000000,2,2,0.49994810000000000,0.499948100000,1.4143603653603398,1.4143603653603398,1.4143603653603398,0E-17,ELIGIBLE,R03b_20260811_FULL_v1,L1_ELIGIBILITY,v2026-08-11,2026-03-21..2026-08-06,baccarat_bet02_101_all_pairs_incl_sentinel,round_win = game_pnl > 0 (decisive only),COMPATIBILITY_ONLY_NOT_PRODUCTION,1049.1938,946.3317,-61.2030,161,161,0.05833333,,0.05833333,0.05833333,61.2030,1049.1938,OK,0.0000,-1.8361,3.0000,97.0000,AG03-UNRESOLVED,ALL5_LEVELS_bet23_to_bet27,-1.8361,-1.8361,-1.8361,-2.4481,-2.4481,3.000000,3.000000,3.000000,4.000000,4.000000,97.000000,97.000000,97.000000,96.000000,96.000000,5.0,-10.4045,-9.724,-50.7985,-51.479,PENDING_AG03,FALSE,NOT_FOR_ENFORCEMENT,-59.3669,917.9417,-61.2030,-59.3669,-1.8361,-0.05833333,-0.05658333,-1.8361,-59.3669,-0.05658333,-1.8361,-1.8361,-1.8361,-2.4481,-2.4481,-59.3669,-0.05658333,-10.4045,-9.724,-50.7985,-51.479,-0.04841667,-0.0490653,-0.00175000,6.5167,5.8778,-0.3801,-61.2030,-2.0401,1049.1938,161.0000,,6.5167,5.1431,5.1431,10.2862,10.2862,10.2862,10.2862,5.1431,0.0,2.0,2.0,1.267081,29,27,1,2,0E-8,-0.05833333,,0E-8,0.000000,0.901961,0.000000,,2026-06-28,2026-06-28,1,30,29,1,1.000000,,,0.000000,,,,,,,,GLOBAL_BASELINE_NO_ENTITY_RANKING,,,NOT_APPLICABLE_GLOBAL_BASELINE,HF9g-P5,,,,X 全窗基线 · 不参与实体赏罚,3924921,393,A168_HF9F_20260827_0900,2026-08-27 09:00:00
2026-06-28,152185514,2222,0,30.8586417054,-10.2862139018,-10.2862139018,0.3333333,5,5,0.49324550000000000,0.493245500000,-0.5540025479526107,-0.5540025479526106,-0.5540025479526107,0E-17,ELIGIBLE,R03b_20260811_FULL_v1,L1_ELIGIBILITY,v2026-08-11,2026-03-21..2026-08-06,baccarat_bet02_101_all_pairs_incl_sentinel,round_win = game_pnl > 0 (decisive only),COMPATIBILITY_ONLY_NOT_PRODUCTION,1049.1938,946.3317,-61.2030,161,161,0.05833333,,0.05833333,0.05833333,61.2030,1049.1938,OK,0.0000,-1.8361,3.0000,97.0000,AG03-UNRESOLVED,ALL5_LEVELS_bet23_to_bet27,-1.8361,-1.8361,-1.8361,-2.4481,-2.4481,3.000000,3.000000,3.000000,4.000000,4.000000,97.000000,97.000000,97.000000,96.000000,96.000000,5.0,-10.4045,-9.724,-50.7985,-51.479,PENDING_AG03,FALSE,NOT_FOR_ENFORCEMENT,-59.3669,917.9417,-61.2030,-59.3669,-1.8361,-0.05833333,-0.05658333,-1.8361,-59.3669,-0.05658333,-1.8361,-1.8361,-1.8361,-2.4481,-2.4481,-59.3669,-0.05658333,-10.4045,-9.724,-50.7985,-51.479,-0.04841667,-0.0490653,-0.00175000,6.5167,5.8778,-0.3801,-61.2030,-2.0401,1049.1938,161.0000,,6.5167,5.1431,5.1431,10.2862,10.2862,10.2862,10.2862,5.1431,0.0,2.0,2.0,1.267081,29,27,1,2,0E-8,-0.05833333,,0E-8,0.000000,0.901961,0.000000,,2026-06-28,2026-06-28,1,30,29,1,1.000000,,,0.000000,,,,,,,,GLOBAL_BASELINE_NO_ENTITY_RANKING,,,NOT_APPLICABLE_GLOBAL_BASELINE,HF9g-P5,,,,X 全窗基线 · 不参与实体赏罚,3924922,393,A168_HF9F_20260827_0900,2026-08-27 09:00:00
2026-06-28,152185514,2234,0,25.7155347545,-5.4002622984,-5.4002622984,0.3333333,5,5,0.50396966000000000,0.503969660000,-0.5911202050821986,-0.5911202050821988,-0.5911202050821986,0E-17,ELIGIBLE,R03b_20260811_FULL_v1,L1_ELIGIBILITY,v2026-08-11,2026-03-21..2026-08-06,baccarat_bet02_101_all_pairs_incl_sentinel,round_win = game_pnl > 0 (decisive only),COMPATIBILITY_ONLY_NOT_PRODUCTION,1049.1938,946.3317,-61.2030,161,161,0.05833333,,0.05833333,0.05833333,61.2030,1049.1938,OK,0.0000,-1.8361,3.0000,97.0000,AG03-UNRESOLVED,ALL5_LEVELS_bet23_to_bet27,-1.8361,-1.8361,-1.8361,-2.4481,-2.4481,3.000000,3.000000,3.000000,4.000000,4.000000,97.000000,97.000000,97.000000,96.000000,96.000000,5.0,-10.4045,-9.724,-50.7985,-51.479,PENDING_AG03,FALSE,NOT_FOR_ENFORCEMENT,-59.3669,917.9417,-61.2030,-59.3669,-1.8361,-0.05833333,-0.05658333,-1.8361,-59.3669,-0.05658333,-1.8361,-1.8361,-1.8361,-2.4481,-2.4481,-59.3669,-0.05658333,-10.4045,-9.724,-50.7985,-51.479,-0.04841667,-0.0490653,-0.00175000,6.5167,5.8778,-0.3801,-61.2030,-2.0401,1049.1938,161.0000,,6.5167,5.1431,5.1431,10.2862,10.2862,10.2862,10.2862,5.1431,0.0,2.0,2.0,1.267081,29,27,1,2,0E-8,-0.05833333,,0E-8,0.000000,0.901961,0.000000,,2026-06-28,2026-06-28,1,30,29,1,1.000000,,,0.000000,,,,,,,,GLOBAL_BASELINE_NO_ENTITY_RANKING,,,NOT_APPLICABLE_GLOBAL_BASELINE,HF9g-P5,,,,X 全窗基线 · 不参与实体赏罚,3924923,393,A168_HF9F_20260827_0900,2026-08-27 09:00:00
2026-06-28,152185514,2256,0,15.4293208527,0E-10,0E-10,0.5000000,3,3,0.49324550000000000,0.493245500000,0.01910635448239258,0.01910635448239258,0.01910635448239258,0E-17,ELIGIBLE,R03b_20260811_FULL_v1,L1_ELIGIBILITY,v2026-08-11,2026-03-21..2026-08-06,baccarat_bet02_101_all_pairs_incl_sentinel,round_win = game_pnl > 0 (decisive only),COMPATIBILITY_ONLY_NOT_PRODUCTION,1049.1938,946.3317,-61.2030,161,161,0.05833333,,0.05833333,0.05833333,61.2030,1049.1938,OK,0.0000,-1.8361,3.0000,97.0000,AG03-UNRESOLVED,ALL5_LEVELS_bet23_to_bet27,-1.8361,-1.8361,-1.8361,-2.4481,-2.4481,3.000000,3.000000,3.000000,4.000000,4.000000,97.000000,97.000000,97.000000,96.000000,96.000000,5.0,-10.4045,-9.724,-50.7985,-51.479,PENDING_AG03,FALSE,NOT_FOR_ENFORCEMENT,-59.3669,917.9417,-61.2030,-59.3669,-1.8361,-0.05833333,-0.05658333,-1.8361,-59.3669,-0.05658333,-1.8361,-1.8361,-1.8361,-2.4481,-2.4481,-59.3669,-0.05658333,-10.4045,-9.724,-50.7985,-51.479,-0.04841667,-0.0490653,-0.00175000,6.5167,5.8778,-0.3801,-61.2030,-2.0401,1049.1938,161.0000,,6.5167,5.1431,5.1431,10.2862,10.2862,10.2862,10.2862,5.1431,0.0,2.0,2.0,1.267081,29,27,1,2,0E-8,-0.05833333,,0E-8,0.000000,0.901961,0.000000,,2026-06-28,2026-06-28,1,30,29,1,1.000000,,,0.000000,,,,,,,,GLOBAL_BASELINE_NO_ENTITY_RANKING,,,NOT_APPLICABLE_GLOBAL_BASELINE,HF9g-P5,,,,X 全窗基线 · 不参与实体赏罚,3924924,393,A168_HF9F_20260827_0900,2026-08-27 09:00:00
2026-06-28,152185514,2261,0,51.4310695090,-21.0867384987,-21.0867384987,0.2500000,8,8,0.49994810000000000,0.499948100000,-1.4139199792546444,-1.4139199792546444,-1.4139199792546444,0E-17,ELIGIBLE,R03b_20260811_FULL_v1,L1_ELIGIBILITY,v2026-08-11,2026-03-21..2026-08-06,baccarat_bet02_101_all_pairs_incl_sentinel,round_win = game_pnl > 0 (decisive only),COMPATIBILITY_ONLY_NOT_PRODUCTION,1049.1938,946.3317,-61.2030,161,161,0.05833333,,0.05833333,0.05833333,61.2030,1049.1938,OK,0.0000,-1.8361,3.0000,97.0000,AG03-UNRESOLVED,ALL5_LEVELS_bet23_to_bet27,-1.8361,-1.8361,-1.8361,-2.4481,-2.4481,3.000000,3.000000,3.000000,4.000000,4.000000,97.000000,97.000000,97.000000,96.000000,96.000000,5.0,-10.4045,-9.724,-50.7985,-51.479,PENDING_AG03,FALSE,NOT_FOR_ENFORCEMENT,-59.3669,917.9417,-61.2030,-59.3669,-1.8361,-0.05833333,-0.05658333,-1.8361,-59.3669,-0.05658333,-1.8361,-1.8361,-1.8361,-2.4481,-2.4481,-59.3669,-0.05658333,-10.4045,-9.724,-50.7985,-51.479,-0.04841667,-0.0490653,-0.00175000,6.5167,5.8778,-0.3801,-61.2030,-2.0401,1049.1938,161.0000,,6.5167,5.1431,5.1431,10.2862,10.2862,10.2862,10.2862,5.1431,0.0,2.0,2.0,1.267081,29,27,1,2,0E-8,-0.05833333,,0E-8,0.000000,0.901961,0.000000,,2026-06-28,2026-06-28,1,30,29,1,1.000000,,,0.000000,,,,,,,,GLOBAL_BASELINE_NO_ENTITY_RANKING,,,NOT_APPLICABLE_GLOBAL_BASELINE,HF9g-P5,,,,X 全窗基线 · 不参与实体赏罚,3924925,393,A168_HF9F_20260827_0900,2026-08-27 09:00:00
2026-06-28,152185514,752,0,25.7155347545,-5.1431069509,-5.1431069509,0.3333333,4,4,0.50329940000000000,0.503299400000,-0.5887925454369916,-0.5887925454369916,-0.5887925454369916,0E-17,ELIGIBLE,R03b_20260811_FULL_v1,L1_ELIGIBILITY,v2026-08-11,2026-03-21..2026-08-06,baccarat_bet02_101_all_pairs_incl_sentinel,round_win = game_pnl > 0 (decisive only),COMPATIBILITY_ONLY_NOT_PRODUCTION,1049.1938,946.3317,-61.2030,161,161,0.05833333,,0.05833333,0.05833333,61.2030,1049.1938,OK,0.0000,-1.8361,3.0000,97.0000,AG03-UNRESOLVED,ALL5_LEVELS_bet23_to_bet27,-1.8361,-1.8361,-1.8361,-2.4481,-2.4481,3.000000,3.000000,3.000000,4.000000,4.000000,97.000000,97.000000,97.000000,96.000000,96.000000,5.0,-10.4045,-9.724,-50.7985,-51.479,PENDING_AG03,FALSE,NOT_FOR_ENFORCEMENT,-59.3669,917.9417,-61.2030,-59.3669,-1.8361,-0.05833333,-0.05658333,-1.8361,-59.3669,-0.05658333,-1.8361,-1.8361,-1.8361,-2.4481,-2.4481,-59.3669,-0.05658333,-10.4045,-9.724,-50.7985,-51.479,-0.04841667,-0.0490653,-0.00175000,6.5167,5.8778,-0.3801,-61.2030,-2.0401,1049.1938,161.0000,,6.5167,5.1431,5.1431,10.2862,10.2862,10.2862,10.2862,5.1431,0.0,2.0,2.0,1.267081,29,27,1,2,0E-8,-0.05833333,,0E-8,0.000000,0.901961,0.000000,,2026-06-28,2026-06-28,1,30,29,1,1.000000,,,0.000000,,,,,,,,GLOBAL_BASELINE_NO_ENTITY_RANKING,,,NOT_APPLICABLE_GLOBAL_BASELINE,HF9g-P5,,,,X 全窗基线 · 不参与实体赏罚,3924926,393,A168_HF9F_20260827_0900,2026-08-27 09:00:00
2026-06-28,152185514,970,0,20.5724278036,-15.4293208527,-15.4293208527,0E-7,4,4,0.49659680000000000,0.496596800000,-1.7203016256901094,-1.7203016256901091,-1.7203016256901094,0E-17,ELIGIBLE,R03b_20260811_FULL_v1,L1_ELIGIBILITY,v2026-08-11,2026-03-21..2026-08-06,baccarat_bet02_101_all_pairs_incl_sentinel,round_win = game_pnl > 0 (decisive only),COMPATIBILITY_ONLY_NOT_PRODUCTION,1049.1938,946.3317,-61.2030,161,161,0.05833333,,0.05833333,0.05833333,61.2030,1049.1938,OK,0.0000,-1.8361,3.0000,97.0000,AG03-UNRESOLVED,ALL5_LEVELS_bet23_to_bet27,-1.8361,-1.8361,-1.8361,-2.4481,-2.4481,3.000000,3.000000,3.000000,4.000000,4.000000,97.000000,97.000000,97.000000,96.000000,96.000000,5.0,-10.4045,-9.724,-50.7985,-51.479,PENDING_AG03,FALSE,NOT_FOR_ENFORCEMENT,-59.3669,917.9417,-61.2030,-59.3669,-1.8361,-0.05833333,-0.05658333,-1.8361,-59.3669,-0.05658333,-1.8361,-1.8361,-1.8361,-2.4481,-2.4481,-59.3669,-0.05658333,-10.4045,-9.724,-50.7985,-51.479,-0.04841667,-0.0490653,-0.00175000,6.5167,5.8778,-0.3801,-61.2030,-2.0401,1049.1938,161.0000,,6.5167,5.1431,5.1431,10.2862,10.2862,10.2862,10.2862,5.1431,0.0,2.0,2.0,1.267081,29,27,1,2,0E-8,-0.05833333,,0E-8,0.000000,0.901961,0.000000,,2026-06-28,2026-06-28,1,30,29,1,1.000000,,,0.000000,,,,,,,,GLOBAL_BASELINE_NO_ENTITY_RANKING,,,NOT_APPLICABLE_GLOBAL_BASELINE,HF9g-P5,,,,X 全窗基线 · 不参与实体赏罚,3924927,393,A168_HF9F_20260827_0900,2026-08-27 09:00:00
2026-03-27,146488044,1383,0,200.0000000000,-200.0000000000,-200.0000000000,0E-7,1,1,0.50665070000000000,0.506650700000,-1.013391052207602,-1.013391052207602,-1.013391052207602,0E-17,ELIGIBLE,R03b_20260811_FULL_v1,L1_ELIGIBILITY,v2026-08-11,2026-03-21..2026-08-06,baccarat_bet02_101_all_pairs_incl_sentinel,round_win = game_pnl > 0 (decisive only),COMPATIBILITY_ONLY_NOT_PRODUCTION,2334.0000,2134.0000,-61.2000,18,18,0.02622108,,0.02622108,0.02622108,61.2000,2334.0000,THIN_EXPOSURE,0.0000,-1.8360,3.0000,97.0000,AG03-UNRESOLVED,ALL5_LEVELS_bet23_to_bet27,-1.8360,-1.8360,-1.8360,-1.8360,-1.8360,3.000000,3.000000,3.000000,3.000000,3.000000,97.000000,97.000000,97.000000,97.000000,97.000000,5.0,-9.1800,-8.6455,-52.0200,-52.5545,PENDING_AG03,FALSE,NOT_FOR_ENFORCEMENT,-59.3640,2069.9800,-61.2000,-59.3640,-1.8360,-0.02622108,-0.02543445,-1.8360,-59.3640,-0.02543445,-1.8360,-1.8360,-1.8360,-1.8360,-1.8360,-59.3640,-0.02543445,-9.1800,-8.6455,-52.0200,-52.5545,-0.02228792,-0.02251693,-0.00078663,129.6667,118.5556,-3.4000,-12.2400,-10.2000,466.8000,3.6000,,129.6667,100.0,109.0,200.0,200.0,213.2,222.0,102.0,38.0,1.955963,2.036697,1.189602,5,7,5,2,0E-8,-0.02622108,,0E-8,0.000000,0.914310,0.000000,,2026-03-27,2026-07-04,5,6,6,100,0.050000,,,0.000000,,,,,,,,GLOBAL_BASELINE_NO_ENTITY_RANKING,,,NOT_APPLICABLE_GLOBAL_BASELINE,HF9g-P5,,,,X 全窗基线 · 不参与实体赏罚,3924928,393,A168_HF9F_20260827_0900,2026-08-27 09:00:00
2026-03-27,146488044,1400,0,200.0000000000,0E-10,0E-10,,1,1,0.50665070000000000,0.506650700000,,,,0E-17,NO_DECISIVE_ROUND,R03b_20260811_FULL_v1,L1_ELIGIBILITY,v2026-08-11,2026-03-21..2026-08-06,baccarat_bet02_101_all_pairs_incl_sentinel,round_win = game_pnl > 0 (decisive only),COMPATIBILITY_ONLY_NOT_PRODUCTION,2334.0000,2134.0000,-61.2000,18,18,0.02622108,,0.02622108,0.02622108,61.2000,2334.0000,THIN_EXPOSURE,0.0000,-1.8360,3.0000,97.0000,AG03-UNRESOLVED,ALL5_LEVELS_bet23_to_bet27,-1.8360,-1.8360,-1.8360,-1.8360,-1.8360,3.000000,3.000000,3.000000,3.000000,3.000000,97.000000,97.000000,97.000000,97.000000,97.000000,5.0,-9.1800,-8.6455,-52.0200,-52.5545,PENDING_AG03,FALSE,NOT_FOR_ENFORCEMENT,-59.3640,2069.9800,-61.2000,-59.3640,-1.8360,-0.02622108,-0.02543445,-1.8360,-59.3640,-0.02543445,-1.8360,-1.8360,-1.8360,-1.8360,-1.8360,-59.3640,-0.02543445,-9.1800,-8.6455,-52.0200,-52.5545,-0.02228792,-0.02251693,-0.00078663,129.6667,118.5556,-3.4000,-12.2400,-10.2000,466.8000,3.6000,,129.6667,100.0,109.0,200.0,200.0,213.2,222.0,102.0,38.0,1.955963,2.036697,1.189602,5,7,5,2,0E-8,-0.02622108,,0E-8,0.000000,0.914310,0.000000,,2026-03-27,2026-07-04,5,6,6,100,0.050000,,,0.000000,,,,,,,,GLOBAL_BASELINE_NO_ENTITY_RANKING,,,NOT_APPLICABLE_GLOBAL_BASELINE,HF9g-P5,,,,X 全窗基线 · 不参与实体赏罚,3924929,393,A168_HF9F_20260827_0900,2026-08-27 09:00:00
2026-03-29,146488044,1115,0,162.0000000000,-162.0000000000,-162.0000000000,0E-7,1,1,0.50665070000000000,0.506650700000,-1.013391052207602,-1.013391052207602,-1.013391052207602,0E-17,ELIGIBLE,R03b_20260811_FULL_v1,L1_ELIGIBILITY,v2026-08-11,2026-03-21..2026-08-06,baccarat_bet02_101_all_pairs_incl_sentinel,round_win = game_pnl > 0 (decisive only),COMPATIBILITY_ONLY_NOT_PRODUCTION,2334.0000,2134.0000,-61.2000,18,18,0.02622108,,0.02622108,0.02622108,61.2000,2334.0000,THIN_EXPOSURE,0.0000,-1.8360,3.0000,97.0000,AG03-UNRESOLVED,ALL5_LEVELS_bet23_to_bet27,-1.8360,-1.8360,-1.8360,-1.8360,-1.8360,3.000000,3.000000,3.000000,3.000000,3.000000,97.000000,97.000000,97.000000,97.000000,97.000000,5.0,-9.1800,-8.6455,-52.0200,-52.5545,PENDING_AG03,FALSE,NOT_FOR_ENFORCEMENT,-59.3640,2069.9800,-61.2000,-59.3640,-1.8360,-0.02622108,-0.02543445,-1.8360,-59.3640,-0.02543445,-1.8360,-1.8360,-1.8360,-1.8360,-1.8360,-59.3640,-0.02543445,-9.1800,-8.6455,-52.0200,-52.5545,-0.02228792,-0.02251693,-0.00078663,129.6667,118.5556,-3.4000,-12.2400,-10.2000,466.8000,3.6000,,129.6667,100.0,109.0,200.0,200.0,213.2,222.0,102.0,38.0,1.955963,2.036697,1.189602,5,7,5,2,0E-8,-0.02622108,,0E-8,0.000000,0.914310,0.000000,,2026-03-27,2026-07-04,5,6,6,100,0.050000,,,0.000000,,,,,,,,GLOBAL_BASELINE_NO_ENTITY_RANKING,,,NOT_APPLICABLE_GLOBAL_BASELINE,HF9g-P5,,,,X 全窗基线 · 不参与实体赏罚,3924930,393,A168_HF9F_20260827_0900,2026-08-27 09:00:00
2026-04-18,146488044,2156,0,104.0000000000,-104.0000000000,-104.0000000000,0E-7,1,1,0.49324550000000000,0.493245500000,-0.9865810262130424,-0.9865810262130424,-0.9865810262130424,0E-17,ELIGIBLE,R03b_20260811_FULL_v1,L1_ELIGIBILITY,v2026-08-11,2026-03-21..2026-08-06,baccarat_bet02_101_all_pairs_incl_sentinel,round_win = game_pnl > 0 (decisive only),COMPATIBILITY_ONLY_NOT_PRODUCTION,2334.0000,2134.0000,-61.2000,18,18,0.02622108,,0.02622108,0.02622108,61.2000,2334.0000,THIN_EXPOSURE,0.0000,-1.8360,3.0000,97.0000,AG03-UNRESOLVED,ALL5_LEVELS_bet23_to_bet27,-1.8360,-1.8360,-1.8360,-1.8360,-1.8360,3.000000,3.000000,3.000000,3.000000,3.000000,97.000000,97.000000,97.000000,97.000000,97.000000,5.0,-9.1800,-8.6455,-52.0200,-52.5545,PENDING_AG03,FALSE,NOT_FOR_ENFORCEMENT,-59.3640,2069.9800,-61.2000,-59.3640,-1.8360,-0.02622108,-0.02543445,-1.8360,-59.3640,-0.02543445,-1.8360,-1.8360,-1.8360,-1.8360,-1.8360,-59.3640,-0.02543445,-9.1800,-8.6455,-52.0200,-52.5545,-0.02228792,-0.02251693,-0.00078663,129.6667,118.5556,-3.4000,-12.2400,-10.2000,466.8000,3.6000,,129.6667,100.0,109.0,200.0,200.0,213.2,222.0,102.0,38.0,1.955963,2.036697,1.189602,5,7,5,2,0E-8,-0.02622108,,0E-8,0.000000,0.914310,0.000000,,2026-03-27,2026-07-04,5,6,6,100,0.050000,,,0.000000,,,,,,,,GLOBAL_BASELINE_NO_ENTITY_RANKING,,,NOT_APPLICABLE_GLOBAL_BASELINE,HF9g-P5,,,,X 全窗基线 · 不参与实体赏罚,3924931,393,A168_HF9F_20260827_0900,2026-08-27 09:00:00
2026-04-18,146488044,2248,0,466.0000000000,66.0000000000,66.0000000000,0.7500000,4,4,0.49324550000000000,0.493245500000,1.0271117246678039,1.0271117246678039,1.0271117246678039,0E-17,ELIGIBLE,R03b_20260811_FULL_v1,L1_ELIGIBILITY,v2026-08-11,2026-03-21..2026-08-06,baccarat_bet02_101_all_pairs_incl_sentinel,round_win = game_pnl > 0 (decisive only),COMPATIBILITY_ONLY_NOT_PRODUCTION,2334.0000,2134.0000,-61.2000,18,18,0.02622108,,0.02622108,0.02622108,61.2000,2334.0000,THIN_EXPOSURE,0.0000,-1.8360,3.0000,97.0000,AG03-UNRESOLVED,ALL5_LEVELS_bet23_to_bet27,-1.8360,-1.8360,-1.8360,-1.8360,-1.8360,3.000000,3.000000,3.000000,3.000000,3.000000,97.000000,97.000000,97.000000,97.000000,97.000000,5.0,-9.1800,-8.6455,-52.0200,-52.5545,PENDING_AG03,FALSE,NOT_FOR_ENFORCEMENT,-59.3640,2069.9800,-61.2000,-59.3640,-1.8360,-0.02622108,-0.02543445,-1.8360,-59.3640,-0.02543445,-1.8360,-1.8360,-1.8360,-1.8360,-1.8360,-59.3640,-0.02543445,-9.1800,-8.6455,-52.0200,-52.5545,-0.02228792,-0.02251693,-0.00078663,129.6667,118.5556,-3.4000,-12.2400,-10.2000,466.8000,3.6000,,129.6667,100.0,109.0,200.0,200.0,213.2,222.0,102.0,38.0,1.955963,2.036697,1.189602,5,7,5,2,0E-8,-0.02622108,,0E-8,0.000000,0.914310,0.000000,,2026-03-27,2026-07-04,5,6,6,100,0.050000,,,0.000000,,,,,,,,GLOBAL_BASELINE_NO_ENTITY_RANKING,,,NOT_APPLICABLE_GLOBAL_BASELINE,HF9g-P5,,,,X 全窗基线 · 不参与实体赏罚,3924932,393,A168_HF9F_20260827_0900,2026-08-27 09:00:00
2026-06-20,146488044,-1,1,936.0000000000,499.2000000000,499.2000000000,0.7142857,7,7,0.50665070000000000,0.506650700000,1.098798430526454,1.098798430526454,1.098798430526454,0E-17,SENTINEL_DEALER,R03b_20260811_FULL_v1,L1_ELIGIBILITY,v2026-08-11,2026-03-21..2026-08-06,baccarat_bet02_101_all_pairs_incl_sentinel,round_win = game_pnl > 0 (decisive only),COMPATIBILITY_ONLY_NOT_PRODUCTION,2334.0000,2134.0000,-61.2000,18,18,0.02622108,,0.02622108,0.02622108,61.2000,2334.0000,THIN_EXPOSURE,0.0000,-1.8360,3.0000,97.0000,AG03-UNRESOLVED,ALL5_LEVELS_bet23_to_bet27,-1.8360,-1.8360,-1.8360,-1.8360,-1.8360,3.000000,3.000000,3.000000,3.000000,3.000000,97.000000,97.000000,97.000000,97.000000,97.000000,5.0,-9.1800,-8.6455,-52.0200,-52.5545,PENDING_AG03,FALSE,NOT_FOR_ENFORCEMENT,-59.3640,2069.9800,-61.2000,-59.3640,-1.8360,-0.02622108,-0.02543445,-1.8360,-59.3640,-0.02543445,-1.8360,-1.8360,-1.8360,-1.8360,-1.8360,-59.3640,-0.02543445,-9.1800,-8.6455,-52.0200,-52.5545,-0.02228792,-0.02251693,-0.00078663,129.6667,118.5556,-3.4000,-12.2400,-10.2000,466.8000,3.6000,,129.6667,100.0,109.0,200.0,200.0,213.2,222.0,102.0,38.0,1.955963,2.036697,1.189602,5,7,5,2,0E-8,-0.02622108,,0E-8,0.000000,0.914310,0.000000,,2026-03-27,2026-07-04,5,6,6,100,0.050000,,,0.000000,,,,,,,,GLOBAL_BASELINE_NO_ENTITY_RANKING,,,NOT_APPLICABLE_GLOBAL_BASELINE,HF9g-P5,,,,X 全窗基线 · 不参与实体赏罚,3924933,393,A168_HF9F_20260827_0900,2026-08-27 09:00:00
2026-07-04,146488044,2170,0,266.0000000000,-38.0000000000,-38.0000000000,0.6666667,3,3,0.49324550000000000,0.493245500000,0.6008033672792107,0.6008033672792106,0.6008033672792107,0E-17,ELIGIBLE,R03b_20260811_FULL_v1,L1_ELIGIBILITY,v2026-08-11,2026-03-21..2026-08-06,baccarat_bet02_101_all_pairs_incl_sentinel,round_win = game_pnl > 0 (decisive only),COMPATIBILITY_ONLY_NOT_PRODUCTION,2334.0000,2134.0000,-61.2000,18,18,0.02622108,,0.02622108,0.02622108,61.2000,2334.0000,THIN_EXPOSURE,0.0000,-1.8360,3.0000,97.0000,AG03-UNRESOLVED,ALL5_LEVELS_bet23_to_bet27,-1.8360,-1.8360,-1.8360,-1.8360,-1.8360,3.000000,3.000000,3.000000,3.000000,3.000000,97.000000,97.000000,97.000000,97.000000,97.000000,5.0,-9.1800,-8.6455,-52.0200,-52.5545,PENDING_AG03,FALSE,NOT_FOR_ENFORCEMENT,-59.3640,2069.9800,-61.2000,-59.3640,-1.8360,-0.02622108,-0.02543445,-1.8360,-59.3640,-0.02543445,-1.8360,-1.8360,-1.8360,-1.8360,-1.8360,-59.3640,-0.02543445,-9.1800,-8.6455,-52.0200,-52.5545,-0.02228792,-0.02251693,-0.00078663,129.6667,118.5556,-3.4000,-12.2400,-10.2000,466.8000,3.6000,,129.6667,100.0,109.0,200.0,200.0,213.2,222.0,102.0,38.0,1.955963,2.036697,1.189602,5,7,5,2,0E-8,-0.02622108,,0E-8,0.000000,0.914310,0.000000,,2026-03-27,2026-07-04,5,6,6,100,0.050000,,,0.000000,,,,,,,,GLOBAL_BASELINE_NO_ENTITY_RANKING,,,NOT_APPLICABLE_GLOBAL_BASELINE,HF9g-P5,,,,X 全窗基线 · 不参与实体赏罚,3924934,393,A168_HF9F_20260827_0900,2026-08-27 09:00:00
2026-07-22,153337219,2153,0,69.4927032660,61.3170911172,61.8873400646,0.5000000,10,7,0.40195900714285714,0.401959007143,0.399927563267958,0.3999275632673519,0.399927563267958,-1.4286E-13,ELIGIBLE,R03b_20260811_FULL_v1,L1_ELIGIBILITY,v2026-08-11,2026-03-21..2026-08-06,baccarat_bet02_101_all_pairs_incl_sentinel,round_win = game_pnl > 0 (decisive only),COMPATIBILITY_ONLY_NOT_PRODUCTION,69.4927,63.3610,-61.8873,10,7,0.89055882,0.89055882,,0.88235294,61.8873,69.4927,THIN_EXPOSURE,0.5702,-3.0944,5.0000,95.0000,AG03-UNRESOLVED,ALL5_LEVELS_bet23_to_bet27,-3.0944,-3.0944,-3.0944,-3.0944,-3.0944,5.000000,5.000000,5.000000,5.000000,5.000000,95.000000,95.000000,95.000000,95.000000,95.000000,5.0,-15.4718,-14.0001,-46.9858,-48.4575,PENDING_AG03,FALSE,NOT_FOR_ENFORCEMENT,-58.7930,60.1929,-62.4576,-59.3632,-3.6646,-0.89876471,-0.85423676,-3.0944,-59.3632,-0.85423676,-3.0944,-3.0944,-3.0944,-3.0944,-3.0944,-59.3632,-0.85423676,-15.4718,-14.0001,-46.9858,-48.4575,-0.67612500,-0.69730332,-0.05273382,6.9493,9.0516,-8.8410,-61.8873,-61.8873,69.4927,7.0000,6.9493,,6.1317,6.1317,6.1317,10.2195,10.2195,10.2195,6.1317,-3.0383,1.666667,1.666667,1.133333,1,1,1,3,1.00000000,-0.89055882,-0.89055882,0.00900000,0.900000,0.911765,0.000000,,2026-07-22,2026-07-22,1,1,1,1,1.000000,,1.000000,3.333333,,,,,,,,GLOBAL_BASELINE_NO_ENTITY_RANKING,,,NOT_APPLICABLE_GLOBAL_BASELINE,HF9g-P5,,,,X 全窗基线 · 不参与实体赏罚,3924935,393,A168_HF9F_20260827_0900,2026-08-27 09:00:00
2026-03-21,145852672,1078,0,15.4062857646,6.6026938992,6.7259441852,0.5000000,2,2,0.49324550000000000,0.493245500000,0.01910635448239258,0.01910635448239258,0.01910635448239258,0E-17,ELIGIBLE,R03b_20260811_FULL_v1,L1_ELIGIBILITY,v2026-08-11,2026-03-21..2026-08-06,baccarat_bet02_101_all_pairs_incl_sentinel,round_win = game_pnl > 0 (decisive only),COMPATIBILITY_ONLY_NOT_PRODUCTION,92.4377,92.4377,-62.3646,8,8,0.67466667,,0.67466667,0.66666667,62.3646,92.4377,THIN_EXPOSURE,0.7395,-3.7419,6.0000,94.0000,AG03-UNRESOLVED,ALL5_LEVELS_bet23_to_bet27,-3.7419,-3.7419,-3.7419,-3.7419,-3.7419,6.000000,6.000000,6.000000,6.000000,6.000000,94.000000,94.000000,94.000000,94.000000,94.000000,5.0,-18.7094,-16.595,-44.3948,-46.5092,PENDING_AG03,FALSE,NOT_FOR_ENFORCEMENT,-58.6228,86.8915,-63.1041,-59.3623,-4.4814,-0.68266667,-0.64218667,-3.7419,-59.3623,-0.64218667,-3.7419,-3.7419,-3.7419,-3.7419,-3.7419,-59.3623,-0.64218667,-18.7094,-16.595,-44.3948,-46.5092,-0.48026667,-0.50314058,-0.04848000,11.5547,11.5547,-7.7956,-62.3646,-12.4729,92.4377,8.0000,,11.5547,11.0045,11.0045,12.1049,17.8273,19.8081,19.8081,11.0045,11.0925,1.8,1.8,1.05,5,6,1,1,0E-8,-0.67466667,,0.00800000,0.800000,1.000000,0.000000,,2026-03-21,2026-03-21,1,5,5,1,1.000000,,,0.000000,,,,,,,,GLOBAL_BASELINE_NO_ENTITY_RANKING,,,NOT_APPLICABLE_GLOBAL_BASELINE,HF9g-P5,,,,X 全窗基线 · 不参与实体赏罚,3924936,393,A168_HF9F_20260827_0900,2026-08-27 09:00:00
2026-03-21,145852672,1384,0,30.8125715292,30.8125715292,31.0590721014,1.0000000,2,2,0.49324550000000000,0.493245500000,1.4334489766152358,1.4334489766152358,1.4334489766152358,0E-17,ELIGIBLE,R03b_20260811_FULL_v1,L1_ELIGIBILITY,v2026-08-11,2026-03-21..2026-08-06,baccarat_bet02_101_all_pairs_incl_sentinel,round_win = game_pnl > 0 (decisive only),COMPATIBILITY_ONLY_NOT_PRODUCTION,92.4377,92.4377,-62.3646,8,8,0.67466667,,0.67466667,0.66666667,62.3646,92.4377,THIN_EXPOSURE,0.7395,-3.7419,6.0000,94.0000,AG03-UNRESOLVED,ALL5_LEVELS_bet23_to_bet27,-3.7419,-3.7419,-3.7419,-3.7419,-3.7419,6.000000,6.000000,6.000000,6.000000,6.000000,94.000000,94.000000,94.000000,94.000000,94.000000,5.0,-18.7094,-16.595,-44.3948,-46.5092,PENDING_AG03,FALSE,NOT_FOR_ENFORCEMENT,-58.6228,86.8915,-63.1041,-59.3623,-4.4814,-0.68266667,-0.64218667,-3.7419,-59.3623,-0.64218667,-3.7419,-3.7419,-3.7419,-3.7419,-3.7419,-59.3623,-0.64218667,-18.7094,-16.595,-44.3948,-46.5092,-0.48026667,-0.50314058,-0.04848000,11.5547,11.5547,-7.7956,-62.3646,-12.4729,92.4377,8.0000,,11.5547,11.0045,11.0045,12.1049,17.8273,19.8081,19.8081,11.0045,11.0925,1.8,1.8,1.05,5,6,1,1,0E-8,-0.67466667,,0.00800000,0.800000,1.000000,0.000000,,2026-03-21,2026-03-21,1,5,5,1,1.000000,,,0.000000,,,,,,,,GLOBAL_BASELINE_NO_ENTITY_RANKING,,,NOT_APPLICABLE_GLOBAL_BASELINE,HF9g-P5,,,,X 全窗基线 · 不参与实体赏罚,3924937,393,A168_HF9F_20260827_0900,2026-08-27 09:00:00
2026-03-21,145852672,2130,0,11.0044898319,-11.0044898319,-10.9164539132,0E-7,1,1,0.49324550000000000,0.493245500000,-0.9865810262130424,-0.9865810262130424,-0.9865810262130424,0E-17,ELIGIBLE,R03b_20260811_FULL_v1,L1_ELIGIBILITY,v2026-08-11,2026-03-21..2026-08-06,baccarat_bet02_101_all_pairs_incl_sentinel,round_win = game_pnl > 0 (decisive only),COMPATIBILITY_ONLY_NOT_PRODUCTION,92.4377,92.4377,-62.3646,8,8,0.67466667,,0.67466667,0.66666667,62.3646,92.4377,THIN_EXPOSURE,0.7395,-3.7419,6.0000,94.0000,AG03-UNRESOLVED,ALL5_LEVELS_bet23_to_bet27,-3.7419,-3.7419,-3.7419,-3.7419,-3.7419,6.000000,6.000000,6.000000,6.000000,6.000000,94.000000,94.000000,94.000000,94.000000,94.000000,5.0,-18.7094,-16.595,-44.3948,-46.5092,PENDING_AG03,FALSE,NOT_FOR_ENFORCEMENT,-58.6228,86.8915,-63.1041,-59.3623,-4.4814,-0.68266667,-0.64218667,-3.7419,-59.3623,-0.64218667,-3.7419,-3.7419,-3.7419,-3.7419,-3.7419,-59.3623,-0.64218667,-18.7094,-16.595,-44.3948,-46.5092,-0.48026667,-0.50314058,-0.04848000,11.5547,11.5547,-7.7956,-62.3646,-12.4729,92.4377,8.0000,,11.5547,11.0045,11.0045,12.1049,17.8273,19.8081,19.8081,11.0045,11.0925,1.8,1.8,1.05,5,6,1,1,0E-8,-0.67466667,,0.00800000,0.800000,1.000000,0.000000,,2026-03-21,2026-03-21,1,5,5,1,1.000000,,,0.000000,,,,,,,,GLOBAL_BASELINE_NO_ENTITY_RANKING,,,NOT_APPLICABLE_GLOBAL_BASELINE,HF9g-P5,,,,X 全窗基线 · 不参与实体赏罚,3924938,393,A168_HF9F_20260827_0900,2026-08-27 09:00:00
2026-03-21,145852672,2241,0,13.2053877982,13.2053877982,13.3110309006,1.0000000,1,1,0.49324550000000000,0.493245500000,1.01360149184955,1.01360149184955,1.01360149184955,0E-17,ELIGIBLE,R03b_20260811_FULL_v1,L1_ELIGIBILITY,v2026-08-11,2026-03-21..2026-08-06,baccarat_bet02_101_all_pairs_incl_sentinel,round_win = game_pnl > 0 (decisive only),COMPATIBILITY_ONLY_NOT_PRODUCTION,92.4377,92.4377,-62.3646,8,8,0.67466667,,0.67466667,0.66666667,62.3646,92.4377,THIN_EXPOSURE,0.7395,-3.7419,6.0000,94.0000,AG03-UNRESOLVED,ALL5_LEVELS_bet23_to_bet27,-3.7419,-3.7419,-3.7419,-3.7419,-3.7419,6.000000,6.000000,6.000000,6.000000,6.000000,94.000000,94.000000,94.000000,94.000000,94.000000,5.0,-18.7094,-16.595,-44.3948,-46.5092,PENDING_AG03,FALSE,NOT_FOR_ENFORCEMENT,-58.6228,86.8915,-63.1041,-59.3623,-4.4814,-0.68266667,-0.64218667,-3.7419,-59.3623,-0.64218667,-3.7419,-3.7419,-3.7419,-3.7419,-3.7419,-59.3623,-0.64218667,-18.7094,-16.595,-44.3948,-46.5092,-0.48026667,-0.50314058,-0.04848000,11.5547,11.5547,-7.7956,-62.3646,-12.4729,92.4377,8.0000,,11.5547,11.0045,11.0045,12.1049,17.8273,19.8081,19.8081,11.0045,11.0925,1.8,1.8,1.05,5,6,1,1,0E-8,-0.67466667,,0.00800000,0.800000,1.000000,0.000000,,2026-03-21,2026-03-21,1,5,5,1,1.000000,,,0.000000,,,,,,,,GLOBAL_BASELINE_NO_ENTITY_RANKING,,,NOT_APPLICABLE_GLOBAL_BASELINE,HF9g-P5,,,,X 全窗基线 · 不参与实体赏罚,3924939,393,A168_HF9F_20260827_0900,2026-08-27 09:00:00
2026-03-21,145852672,526,0,11.0044898319,11.0044898319,11.0925257505,1.0000000,1,1,0.49324550000000000,0.493245500000,1.01360149184955,1.01360149184955,1.01360149184955,0E-17,ELIGIBLE,R03b_20260811_FULL_v1,L1_ELIGIBILITY,v2026-08-11,2026-03-21..2026-08-06,baccarat_bet02_101_all_pairs_incl_sentinel,round_win = game_pnl > 0 (decisive only),COMPATIBILITY_ONLY_NOT_PRODUCTION,92.4377,92.4377,-62.3646,8,8,0.67466667,,0.67466667,0.66666667,62.3646,92.4377,THIN_EXPOSURE,0.7395,-3.7419,6.0000,94.0000,AG03-UNRESOLVED,ALL5_LEVELS_bet23_to_bet27,-3.7419,-3.7419,-3.7419,-3.7419,-3.7419,6.000000,6.000000,6.000000,6.000000,6.000000,94.000000,94.000000,94.000000,94.000000,94.000000,5.0,-18.7094,-16.595,-44.3948,-46.5092,PENDING_AG03,FALSE,NOT_FOR_ENFORCEMENT,-58.6228,86.8915,-63.1041,-59.3623,-4.4814,-0.68266667,-0.64218667,-3.7419,-59.3623,-0.64218667,-3.7419,-3.7419,-3.7419,-3.7419,-3.7419,-59.3623,-0.64218667,-18.7094,-16.595,-44.3948,-46.5092,-0.48026667,-0.50314058,-0.04848000,11.5547,11.5547,-7.7956,-62.3646,-12.4729,92.4377,8.0000,,11.5547,11.0045,11.0045,12.1049,17.8273,19.8081,19.8081,11.0045,11.0925,1.8,1.8,1.05,5,6,1,1,0E-8,-0.67466667,,0.00800000,0.800000,1.000000,0.000000,,2026-03-21,2026-03-21,1,5,5,1,1.000000,,,0.000000,,,,,,,,GLOBAL_BASELINE_NO_ENTITY_RANKING,,,NOT_APPLICABLE_GLOBAL_BASELINE,HF9g-P5,,,,X 全窗基线 · 不参与实体赏罚,3924940,393,A168_HF9F_20260827_0900,2026-08-27 09:00:00
2026-03-21,145852672,919,0,11.0044898319,11.0044898319,11.0925257505,1.0000000,1,1,0.49324550000000000,0.493245500000,1.01360149184955,1.01360149184955,1.01360149184955,0E-17,ELIGIBLE,R03b_20260811_FULL_v1,L1_ELIGIBILITY,v2026-08-11,2026-03-21..2026-08-06,baccarat_bet02_101_all_pairs_incl_sentinel,round_win = game_pnl > 0 (decisive only),COMPATIBILITY_ONLY_NOT_PRODUCTION,92.4377,92.4377,-62.3646,8,8,0.67466667,,0.67466667,0.66666667,62.3646,92.4377,THIN_EXPOSURE,0.7395,-3.7419,6.0000,94.0000,AG03-UNRESOLVED,ALL5_LEVELS_bet23_to_bet27,-3.7419,-3.7419,-3.7419,-3.7419,-3.7419,6.000000,6.000000,6.000000,6.000000,6.000000,94.000000,94.000000,94.000000,94.000000,94.000000,5.0,-18.7094,-16.595,-44.3948,-46.5092,PENDING_AG03,FALSE,NOT_FOR_ENFORCEMENT,-58.6228,86.8915,-63.1041,-59.3623,-4.4814,-0.68266667,-0.64218667,-3.7419,-59.3623,-0.64218667,-3.7419,-3.7419,-3.7419,-3.7419,-3.7419,-59.3623,-0.64218667,-18.7094,-16.595,-44.3948,-46.5092,-0.48026667,-0.50314058,-0.04848000,11.5547,11.5547,-7.7956,-62.3646,-12.4729,92.4377,8.0000,,11.5547,11.0045,11.0045,12.1049,17.8273,19.8081,19.8081,11.0045,11.0925,1.8,1.8,1.05,5,6,1,1,0E-8,-0.67466667,,0.00800000,0.800000,1.000000,0.000000,,2026-03-21,2026-03-21,1,5,5,1,1.000000,,,0.000000,,,,,,,,GLOBAL_BASELINE_NO_ENTITY_RANKING,,,NOT_APPLICABLE_GLOBAL_BASELINE,HF9g-P5,,,,X 全窗基线 · 不参与实体赏罚,3924941,393,A168_HF9F_20260827_0900,2026-08-27 09:00:00
2026-07-27,145924982,-1,1,211.7057806004,61.8335786023,61.8335786023,0.2500000,8,4,0.42140005151442308,0.312836725000,-0.6942317251556068,-0.2710533016732125,-0.6942317251556068,0.10856332651442308,SENTINEL_DEALER,R03b_20260811_FULL_v1,L1_ELIGIBILITY,v2026-08-11,2026-03-21..2026-08-06,baccarat_bet02_101_all_pairs_incl_sentinel,round_win = game_pnl > 0 (decisive only),COMPATIBILITY_ONLY_NOT_PRODUCTION,211.7058,211.7058,-61.8336,8,4,0.29207317,0.29207317,,0.29207317,61.8336,211.7058,THIN_EXPOSURE,0.0000,-2.4733,4.0000,96.0000,AG03-UNRESOLVED,ALL5_LEVELS_bet23_to_bet27,-2.4733,-2.4733,-3.0917,-3.0917,-3.0917,4.000000,4.000000,5.000000,5.000000,5.000000,96.000000,96.000000,95.000000,95.000000,95.000000,5.0,-14.2217,-12.9754,-47.6119,-48.8582,PENDING_AG03,FALSE,NOT_FOR_ENFORCEMENT,-59.3602,203.2375,-61.8336,-59.3602,-2.4733,-0.29207317,-0.28039024,-2.4733,-59.3602,-0.28039024,-2.4733,-2.4733,-3.0917,-3.0917,-3.0917,-59.3602,-0.28039024,-14.2217,-12.9754,-47.6119,-48.8582,-0.22489634,-0.2307836,-0.01168293,26.4632,52.9264,-15.4584,-61.8336,-30.9168,211.7058,4.0000,26.4632,,10.3271,20.6542,46.472,53.4428,54.2173,54.2173,20.6542,-10.3271,2.625,2.625,1.28125,2,1,1,5,1.00000000,-0.29207317,-0.29207317,0E-8,0.000000,1.000000,0.000000,,2026-07-27,2026-07-27,1,2,2,1,1.000000,,1.000000,3.333333,,,,,,,,GLOBAL_BASELINE_NO_ENTITY_RANKING,,,NOT_APPLICABLE_GLOBAL_BASELINE,HF9g-P5,,,,X 全窗基线 · 不参与实体赏罚,3924942,393,A168_HF9F_20260827_0900,2026-08-27 09:00:00
2026-07-12,130791043,2142,0,154.6484909508,49.5701339943,49.5701339943,0.6250000,9,9,0.49771390000000000,0.497713900000,0.7200464420157047,0.7200464420157048,0.7200464420157047,0E-17,ELIGIBLE,R03b_20260811_FULL_v1,L1_ELIGIBILITY,v2026-08-11,2026-03-21..2026-08-06,baccarat_bet02_101_all_pairs_incl_sentinel,round_win = game_pnl > 0 (decisive only),COMPATIBILITY_ONLY_NOT_PRODUCTION,232.1018,208.8658,-61.8336,14,14,0.26640712,0.26640712,,0.26640712,61.8336,232.1018,THIN_EXPOSURE,0.0000,-2.4733,4.0000,96.0000,AG03-UNRESOLVED,ALL5_LEVELS_bet23_to_bet27,-2.4733,-2.4733,-2.4733,-3.0917,-3.0917,4.000000,4.000000,4.000000,5.000000,5.000000,96.000000,96.000000,96.000000,95.000000,95.000000,5.0,-13.6034,-12.4611,-48.2302,-49.3725,PENDING_AG03,FALSE,NOT_FOR_ENFORCEMENT,-59.3602,200.5112,-61.8336,-59.3602,-2.4733,-0.26640712,-0.25575083,-2.4733,-59.3602,-0.25575083,-2.4733,-2.4733,-2.4733,-3.0917,-3.0917,-59.3602,-0.25575083,-13.6034,-12.4611,-48.2302,-49.3725,-0.20779755,-0.21271922,-0.01065628,16.5787,14.9190,-4.4167,-30.9168,-30.9168,116.0509,7.0000,16.5787,,10.3271,12.9089,25.8178,28.6319,48.3309,53.9592,12.9089,3.8727,3.744001,4.18,1.284286,2,2,2,2,1.00000000,-0.26640712,-0.26640712,0E-8,0.000000,0.899889,0.000000,,2026-07-12,2026-07-17,2,2,2,6,0.333333,,1.000000,3.333333,,,,,,,,GLOBAL_BASELINE_NO_ENTITY_RANKING,,,NOT_APPLICABLE_GLOBAL_BASELINE,HF9g-P5,,,,X 全窗基线 · 不参与实体赏罚,3924943,393,A168_HF9F_20260827_0900,2026-08-27 09:00:00
2026-07-17,130791043,2155,0,77.4533343660,12.2634446080,12.2634446080,0.7500000,5,5,0.49592654000000000,0.495926540000,1.0163275685615971,1.0163275685615971,1.0163275685615971,0E-17,ELIGIBLE,R03b_20260811_FULL_v1,L1_ELIGIBILITY,v2026-08-11,2026-03-21..2026-08-06,baccarat_bet02_101_all_pairs_incl_sentinel,round_win = game_pnl > 0 (decisive only),COMPATIBILITY_ONLY_NOT_PRODUCTION,232.1018,208.8658,-61.8336,14,14,0.26640712,0.26640712,,0.26640712,61.8336,232.1018,THIN_EXPOSURE,0.0000,-2.4733,4.0000,96.0000,AG03-UNRESOLVED,ALL5_LEVELS_bet23_to_bet27,-2.4733,-2.4733,-2.4733,-3.0917,-3.0917,4.000000,4.000000,4.000000,5.000000,5.000000,96.000000,96.000000,96.000000,95.000000,95.000000,5.0,-13.6034,-12.4611,-48.2302,-49.3725,PENDING_AG03,FALSE,NOT_FOR_ENFORCEMENT,-59.3602,200.5112,-61.8336,-59.3602,-2.4733,-0.26640712,-0.25575083,-2.4733,-59.3602,-0.25575083,-2.4733,-2.4733,-2.4733,-3.0917,-3.0917,-59.3602,-0.25575083,-13.6034,-12.4611,-48.2302,-49.3725,-0.20779755,-0.21271922,-0.01065628,16.5787,14.9190,-4.4167,-30.9168,-30.9168,116.0509,7.0000,16.5787,,10.3271,12.9089,25.8178,28.6319,48.3309,53.9592,12.9089,3.8727,3.744001,4.18,1.284286,2,2,2,2,1.00000000,-0.26640712,-0.26640712,0E-8,0.000000,0.899889,0.000000,,2026-07-12,2026-07-17,2,2,2,6,0.333333,,1.000000,3.333333,,,,,,,,GLOBAL_BASELINE_NO_ENTITY_RANKING,,,NOT_APPLICABLE_GLOBAL_BASELINE,HF9g-P5,,,,X 全窗基线 · 不参与实体赏罚,3924944,393,A168_HF9F_20260827_0900,2026-08-27 09:00:00
2026-06-21,73143541,2103,0,54.0026229846,7.7146604264,7.7146604264,0.3333333,3,3,0.49324550000000000,0.493245500000,-0.5540025479526107,-0.5540025479526106,-0.5540025479526107,0E-17,ELIGIBLE,R03b_20260811_FULL_v1,L1_ELIGIBILITY,v2026-08-11,2026-03-21..2026-08-06,baccarat_bet02_101_all_pairs_incl_sentinel,round_win = game_pnl > 0 (decisive only),COMPATIBILITY_ONLY_NOT_PRODUCTION,464.9369,452.0791,-61.8330,22,20,0.13299226,,0.13299226,0.13299226,61.8330,464.9369,THIN_EXPOSURE,0.0000,-2.4733,4.0000,96.0000,AG03-UNRESOLVED,ALL5_LEVELS_bet23_to_bet27,-2.4733,-2.4733,-3.0917,-3.0917,-3.0917,4.000000,4.000000,5.000000,5.000000,5.000000,96.000000,96.000000,95.000000,95.000000,95.000000,5.0,-14.2216,-12.9752,-47.6114,-48.8578,PENDING_AG03,FALSE,NOT_FOR_ENFORCEMENT,-59.3597,433.9959,-61.8330,-59.3597,-2.4733,-0.13299226,-0.12767257,-2.4733,-59.3597,-0.12767257,-2.4733,-2.4733,-3.0917,-3.0917,-3.0917,-59.3597,-0.12767257,-14.2216,-12.9752,-47.6114,-48.8578,-0.10240404,-0.10508474,-0.00531969,21.1335,22.6040,-3.0917,-61.8330,-12.3666,464.9369,20.0000,,21.1335,12.8578,16.3294,26.2298,42.4306,51.4311,51.4311,16.3294,-5.1431,3.149606,3.149606,1.294202,3,5,2,3,0E-8,-0.13299226,,0E-8,0.000000,0.972345,0.000000,,2026-06-21,2026-06-21,1,5,3,1,1.000000,,,0.000000,,,,,,,,GLOBAL_BASELINE_NO_ENTITY_RANKING,,,NOT_APPLICABLE_GLOBAL_BASELINE,HF9g-P5,,,,X 全窗基线 · 不参与实体赏罚,3924945,393,A168_HF9F_20260827_0900,2026-08-27 09:00:00
2026-06-21,73143541,2141,0,89.7472162934,56.0727235323,56.0727235323,0.7500000,6,4,0.46308528690485063,0.398611775000,1.1507995178994692,1.4353726864268026,1.1507995178994692,0.06447351190485063,ELIGIBLE,R03b_20260811_FULL_v1,L1_ELIGIBILITY,v2026-08-11,2026-03-21..2026-08-06,baccarat_bet02_101_all_pairs_incl_sentinel,round_win = game_pnl > 0 (decisive only),COMPATIBILITY_ONLY_NOT_PRODUCTION,464.9369,452.0791,-61.8330,22,20,0.13299226,,0.13299226,0.13299226,61.8330,464.9369,THIN_EXPOSURE,0.0000,-2.4733,4.0000,96.0000,AG03-UNRESOLVED,ALL5_LEVELS_bet23_to_bet27,-2.4733,-2.4733,-3.0917,-3.0917,-3.0917,4.000000,4.000000,5.000000,5.000000,5.000000,96.000000,96.000000,95.000000,95.000000,95.000000,5.0,-14.2216,-12.9752,-47.6114,-48.8578,PENDING_AG03,FALSE,NOT_FOR_ENFORCEMENT,-59.3597,433.9959,-61.8330,-59.3597,-2.4733,-0.13299226,-0.12767257,-2.4733,-59.3597,-0.12767257,-2.4733,-2.4733,-3.0917,-3.0917,-3.0917,-59.3597,-0.12767257,-14.2216,-12.9752,-47.6114,-48.8578,-0.10240404,-0.10508474,-0.00531969,21.1335,22.6040,-3.0917,-61.8330,-12.3666,464.9369,20.0000,,21.1335,12.8578,16.3294,26.2298,42.4306,51.4311,51.4311,16.3294,-5.1431,3.149606,3.149606,1.294202,3,5,2,3,0E-8,-0.13299226,,0E-8,0.000000,0.972345,0.000000,,2026-06-21,2026-06-21,1,5,3,1,1.000000,,,0.000000,,,,,,,,GLOBAL_BASELINE_NO_ENTITY_RANKING,,,NOT_APPLICABLE_GLOBAL_BASELINE,HF9g-P5,,,,X 全窗基线 · 不参与实体赏罚,3924946,393,A168_HF9F_20260827_0900,2026-08-27 09:00:00
2026-06-21,73143541,2147,0,90.0043716409,90.0043716409,90.0043716409,1.0000000,2,2,0.49324550000000000,0.493245500000,1.4334489766152358,1.4334489766152358,1.4334489766152358,0E-17,ELIGIBLE,R03b_20260811_FULL_v1,L1_ELIGIBILITY,v2026-08-11,2026-03-21..2026-08-06,baccarat_bet02_101_all_pairs_incl_sentinel,round_win = game_pnl > 0 (decisive only),COMPATIBILITY_ONLY_NOT_PRODUCTION,464.9369,452.0791,-61.8330,22,20,0.13299226,,0.13299226,0.13299226,61.8330,464.9369,THIN_EXPOSURE,0.0000,-2.4733,4.0000,96.0000,AG03-UNRESOLVED,ALL5_LEVELS_bet23_to_bet27,-2.4733,-2.4733,-3.0917,-3.0917,-3.0917,4.000000,4.000000,5.000000,5.000000,5.000000,96.000000,96.000000,95.000000,95.000000,95.000000,5.0,-14.2216,-12.9752,-47.6114,-48.8578,PENDING_AG03,FALSE,NOT_FOR_ENFORCEMENT,-59.3597,433.9959,-61.8330,-59.3597,-2.4733,-0.13299226,-0.12767257,-2.4733,-59.3597,-0.12767257,-2.4733,-2.4733,-3.0917,-3.0917,-3.0917,-59.3597,-0.12767257,-14.2216,-12.9752,-47.6114,-48.8578,-0.10240404,-0.10508474,-0.00531969,21.1335,22.6040,-3.0917,-61.8330,-12.3666,464.9369,20.0000,,21.1335,12.8578,16.3294,26.2298,42.4306,51.4311,51.4311,16.3294,-5.1431,3.149606,3.149606,1.294202,3,5,2,3,0E-8,-0.13299226,,0E-8,0.000000,0.972345,0.000000,,2026-06-21,2026-06-21,1,5,3,1,1.000000,,,0.000000,,,,,,,,GLOBAL_BASELINE_NO_ENTITY_RANKING,,,NOT_APPLICABLE_GLOBAL_BASELINE,HF9g-P5,,,,X 全窗基线 · 不参与实体赏罚,3924947,393,A168_HF9F_20260827_0900,2026-08-27 09:00:00
2026-06-21,73143541,2235,0,14.6578548101,-14.6578548101,-14.6578548101,0E-7,1,1,0.49324550000000000,0.493245500000,-0.9865810262130424,-0.9865810262130424,-0.9865810262130424,0E-17,ELIGIBLE,R03b_20260811_FULL_v1,L1_ELIGIBILITY,v2026-08-11,2026-03-21..2026-08-06,baccarat_bet02_101_all_pairs_incl_sentinel,round_win = game_pnl > 0 (decisive only),COMPATIBILITY_ONLY_NOT_PRODUCTION,464.9369,452.0791,-61.8330,22,20,0.13299226,,0.13299226,0.13299226,61.8330,464.9369,THIN_EXPOSURE,0.0000,-2.4733,4.0000,96.0000,AG03-UNRESOLVED,ALL5_LEVELS_bet23_to_bet27,-2.4733,-2.4733,-3.0917,-3.0917,-3.0917,4.000000,4.000000,5.000000,5.000000,5.000000,96.000000,96.000000,95.000000,95.000000,95.000000,5.0,-14.2216,-12.9752,-47.6114,-48.8578,PENDING_AG03,FALSE,NOT_FOR_ENFORCEMENT,-59.3597,433.9959,-61.8330,-59.3597,-2.4733,-0.13299226,-0.12767257,-2.4733,-59.3597,-0.12767257,-2.4733,-2.4733,-3.0917,-3.0917,-3.0917,-59.3597,-0.12767257,-14.2216,-12.9752,-47.6114,-48.8578,-0.10240404,-0.10508474,-0.00531969,21.1335,22.6040,-3.0917,-61.8330,-12.3666,464.9369,20.0000,,21.1335,12.8578,16.3294,26.2298,42.4306,51.4311,51.4311,16.3294,-5.1431,3.149606,3.149606,1.294202,3,5,2,3,0E-8,-0.13299226,,0E-8,0.000000,0.972345,0.000000,,2026-06-21,2026-06-21,1,5,3,1,1.000000,,,0.000000,,,,,,,,GLOBAL_BASELINE_NO_ENTITY_RANKING,,,NOT_APPLICABLE_GLOBAL_BASELINE,HF9g-P5,,,,X 全窗基线 · 不参与实体赏罚,3924948,393,A168_HF9F_20260827_0900,2026-08-27 09:00:00
2026-06-21,73143541,2251,0,216.5248026332,-77.3008974721,-77.3008974721,0.3333333,10,10,0.50665070000000000,0.506650700000,-1.0399962058999468,-1.0399962058999468,-1.0399962058999468,0E-17,ELIGIBLE,R03b_20260811_FULL_v1,L1_ELIGIBILITY,v2026-08-11,2026-03-21..2026-08-06,baccarat_bet02_101_all_pairs_incl_sentinel,round_win = game_pnl > 0 (decisive only),COMPATIBILITY_ONLY_NOT_PRODUCTION,464.9369,452.0791,-61.8330,22,20,0.13299226,,0.13299226,0.13299226,61.8330,464.9369,THIN_EXPOSURE,0.0000,-2.4733,4.0000,96.0000,AG03-UNRESOLVED,ALL5_LEVELS_bet23_to_bet27,-2.4733,-2.4733,-3.0917,-3.0917,-3.0917,4.000000,4.000000,5.000000,5.000000,5.000000,96.000000,96.000000,95.000000,95.000000,95.000000,5.0,-14.2216,-12.9752,-47.6114,-48.8578,PENDING_AG03,FALSE,NOT_FOR_ENFORCEMENT,-59.3597,433.9959,-61.8330,-59.3597,-2.4733,-0.13299226,-0.12767257,-2.4733,-59.3597,-0.12767257,-2.4733,-2.4733,-3.0917,-3.0917,-3.0917,-59.3597,-0.12767257,-14.2216,-12.9752,-47.6114,-48.8578,-0.10240404,-0.10508474,-0.00531969,21.1335,22.6040,-3.0917,-61.8330,-12.3666,464.9369,20.0000,,21.1335,12.8578,16.3294,26.2298,42.4306,51.4311,51.4311,16.3294,-5.1431,3.149606,3.149606,1.294202,3,5,2,3,0E-8,-0.13299226,,0E-8,0.000000,0.972345,0.000000,,2026-06-21,2026-06-21,1,5,3,1,1.000000,,,0.000000,,,,,,,,GLOBAL_BASELINE_NO_ENTITY_RANKING,,,NOT_APPLICABLE_GLOBAL_BASELINE,HF9g-P5,,,,X 全窗基线 · 不参与实体赏罚,3924949,393,A168_HF9F_20260827_0900,2026-08-27 09:00:00
2026-03-21,131525470,1963,0,21.0653816784,21.0653816784,21.0653816784,1.0000000,2,2,0.49324550000000000,0.493245500000,1.4334489766152358,1.4334489766152358,1.4334489766152358,0E-17,ELIGIBLE,R03b_20260811_FULL_v1,L1_ELIGIBILITY,v2026-08-11,2026-03-21..2026-08-06,baccarat_bet02_101_all_pairs_incl_sentinel,round_win = game_pnl > 0 (decisive only),COMPATIBILITY_ONLY_NOT_PRODUCTION,4813.5884,3984.0278,-61.8305,157,157,0.01284500,,0.01284500,0.01284500,61.8305,4813.5884,OK,0.0000,-2.4732,4.0000,96.0000,AG03-UNRESOLVED,ALL5_LEVELS_bet23_to_bet27,-2.4732,-2.4732,-2.4732,-3.0915,-3.0915,4.000000,4.000000,4.000000,5.000000,5.000000,96.000000,96.000000,96.000000,95.000000,95.000000,5.0,-13.6027,-12.4604,-48.2278,-49.3701,PENDING_AG03,FALSE,NOT_FOR_ENFORCEMENT,-59.3573,3824.6667,-61.8305,-59.3573,-2.4732,-0.01284500,-0.01233120,-2.4732,-59.3573,-0.01233120,-2.4732,-2.4732,-2.4732,-3.0915,-3.0915,-59.3573,-0.01233120,-13.6027,-12.4604,-48.2278,-49.3701,-0.01001910,-0.0102564,-0.00051380,30.6598,25.3760,-0.3938,-4.1220,-0.5424,320.9059,10.4667,,30.6598,13.1659,26.176,39.4976,52.6635,78.5279,104.3374,23.6986,0.0,3.0,3.986001,1.171296,29,64,9,2,0E-8,-0.01284500,,0E-8,0.000000,0.827663,0.000000,,2026-03-21,2026-04-08,15,114,103,19,0.789474,,,0.000000,,,,,,,,GLOBAL_BASELINE_NO_ENTITY_RANKING,,,NOT_APPLICABLE_GLOBAL_BASELINE,HF9g-P5,,,,X 全窗基线 · 不参与实体赏罚,3924950,393,A168_HF9F_20260827_0900,2026-08-27 09:00:00
2026-03-21,131525470,2147,0,10.5326908392,10.5326908392,10.5326908392,1.0000000,1,1,0.49324550000000000,0.493245500000,1.01360149184955,1.01360149184955,1.01360149184955,0E-17,ELIGIBLE,R03b_20260811_FULL_v1,L1_ELIGIBILITY,v2026-08-11,2026-03-21..2026-08-06,baccarat_bet02_101_all_pairs_incl_sentinel,round_win = game_pnl > 0 (decisive only),COMPATIBILITY_ONLY_NOT_PRODUCTION,4813.5884,3984.0278,-61.8305,157,157,0.01284500,,0.01284500,0.01284500,61.8305,4813.5884,OK,0.0000,-2.4732,4.0000,96.0000,AG03-UNRESOLVED,ALL5_LEVELS_bet23_to_bet27,-2.4732,-2.4732,-2.4732,-3.0915,-3.0915,4.000000,4.000000,4.000000,5.000000,5.000000,96.000000,96.000000,96.000000,95.000000,95.000000,5.0,-13.6027,-12.4604,-48.2278,-49.3701,PENDING_AG03,FALSE,NOT_FOR_ENFORCEMENT,-59.3573,3824.6667,-61.8305,-59.3573,-2.4732,-0.01284500,-0.01233120,-2.4732,-59.3573,-0.01233120,-2.4732,-2.4732,-2.4732,-3.0915,-3.0915,-59.3573,-0.01233120,-13.6027,-12.4604,-48.2278,-49.3701,-0.01001910,-0.0102564,-0.00051380,30.6598,25.3760,-0.3938,-4.1220,-0.5424,320.9059,10.4667,,30.6598,13.1659,26.176,39.4976,52.6635,78.5279,104.3374,23.6986,0.0,3.0,3.986001,1.171296,29,64,9,2,0E-8,-0.01284500,,0E-8,0.000000,0.827663,0.000000,,2026-03-21,2026-04-08,15,114,103,19,0.789474,,,0.000000,,,,,,,,GLOBAL_BASELINE_NO_ENTITY_RANKING,,,NOT_APPLICABLE_GLOBAL_BASELINE,HF9g-P5,,,,X 全窗基线 · 不参与实体赏罚,3924951,393,A168_HF9F_20260827_0900,2026-08-27 09:00:00
2026-03-21,131525470,2254,0,10.5326908392,10.5326908392,10.5326908392,1.0000000,1,1,0.49324550000000000,0.493245500000,1.01360149184955,1.01360149184955,1.01360149184955,0E-17,ELIGIBLE,R03b_20260811_FULL_v1,L1_ELIGIBILITY,v2026-08-11,2026-03-21..2026-08-06,baccarat_bet02_101_all_pairs_incl_sentinel,round_win = game_pnl > 0 (decisive only),COMPATIBILITY_ONLY_NOT_PRODUCTION,4813.5884,3984.0278,-61.8305,157,157,0.01284500,,0.01284500,0.01284500,61.8305,4813.5884,OK,0.0000,-2.4732,4.0000,96.0000,AG03-UNRESOLVED,ALL5_LEVELS_bet23_to_bet27,-2.4732,-2.4732,-2.4732,-3.0915,-3.0915,4.000000,4.000000,4.000000,5.000000,5.000000,96.000000,96.000000,96.000000,95.000000,95.000000,5.0,-13.6027,-12.4604,-48.2278,-49.3701,PENDING_AG03,FALSE,NOT_FOR_ENFORCEMENT,-59.3573,3824.6667,-61.8305,-59.3573,-2.4732,-0.01284500,-0.01233120,-2.4732,-59.3573,-0.01233120,-2.4732,-2.4732,-2.4732,-3.0915,-3.0915,-59.3573,-0.01233120,-13.6027,-12.4604,-48.2278,-49.3701,-0.01001910,-0.0102564,-0.00051380,30.6598,25.3760,-0.3938,-4.1220,-0.5424,320.9059,10.4667,,30.6598,13.1659,26.176,39.4976,52.6635,78.5279,104.3374,23.6986,0.0,3.0,3.986001,1.171296,29,64,9,2,0E-8,-0.01284500,,0E-8,0.000000,0.827663,0.000000,,2026-03-21,2026-04-08,15,114,103,19,0.789474,,,0.000000,,,,,,,,GLOBAL_BASELINE_NO_ENTITY_RANKING,,,NOT_APPLICABLE_GLOBAL_BASELINE,HF9g-P5,,,,X 全窗基线 · 不参与实体赏罚,3924952,393,A168_HF9F_20260827_0900,2026-08-27 09:00:00
2026-03-21,131525470,2256,0,15.7990362588,-15.7990362588,-15.7990362588,0E-7,1,1,0.49324550000000000,0.493245500000,-0.9865810262130424,-0.9865810262130424,-0.9865810262130424,0E-17,ELIGIBLE,R03b_20260811_FULL_v1,L1_ELIGIBILITY,v2026-08-11,2026-03-21..2026-08-06,baccarat_bet02_101_all_pairs_incl_sentinel,round_win = game_pnl > 0 (decisive only),COMPATIBILITY_ONLY_NOT_PRODUCTION,4813.5884,3984.0278,-61.8305,157,157,0.01284500,,0.01284500,0.01284500,61.8305,4813.5884,OK,0.0000,-2.4732,4.0000,96.0000,AG03-UNRESOLVED,ALL5_LEVELS_bet23_to_bet27,-2.4732,-2.4732,-2.4732,-3.0915,-3.0915,4.000000,4.000000,4.000000,5.000000,5.000000,96.000000,96.000000,96.000000,95.000000,95.000000,5.0,-13.6027,-12.4604,-48.2278,-49.3701,PENDING_AG03,FALSE,NOT_FOR_ENFORCEMENT,-59.3573,3824.6667,-61.8305,-59.3573,-2.4732,-0.01284500,-0.01233120,-2.4732,-59.3573,-0.01233120,-2.4732,-2.4732,-2.4732,-3.0915,-3.0915,-59.3573,-0.01233120,-13.6027,-12.4604,-48.2278,-49.3701,-0.01001910,-0.0102564,-0.00051380,30.6598,25.3760,-0.3938,-4.1220,-0.5424,320.9059,10.4667,,30.6598,13.1659,26.176,39.4976,52.6635,78.5279,104.3374,23.6986,0.0,3.0,3.986001,1.171296,29,64,9,2,0E-8,-0.01284500,,0E-8,0.000000,0.827663,0.000000,,2026-03-21,2026-04-08,15,114,103,19,0.789474,,,0.000000,,,,,,,,GLOBAL_BASELINE_NO_ENTITY_RANKING,,,NOT_APPLICABLE_GLOBAL_BASELINE,HF9g-P5,,,,X 全窗基线 · 不参与实体赏罚,3924953,393,A168_HF9F_20260827_0900,2026-08-27 09:00:00
2026-03-22,131525470,1331,0,4.7397108776,-4.7397108776,-4.7397108776,0E-7,1,1,0.49324550000000000,0.493245500000,-0.9865810262130424,-0.9865810262130424,-0.9865810262130424,0E-17,ELIGIBLE,R03b_20260811_FULL_v1,L1_ELIGIBILITY,v2026-08-11,2026-03-21..2026-08-06,baccarat_bet02_101_all_pairs_incl_sentinel,round_win = game_pnl > 0 (decisive only),COMPATIBILITY_ONLY_NOT_PRODUCTION,4813.5884,3984.0278,-61.8305,157,157,0.01284500,,0.01284500,0.01284500,61.8305,4813.5884,OK,0.0000,-2.4732,4.0000,96.0000,AG03-UNRESOLVED,ALL5_LEVELS_bet23_to_bet27,-2.4732,-2.4732,-2.4732,-3.0915,-3.0915,4.000000,4.000000,4.000000,5.000000,5.000000,96.000000,96.000000,96.000000,95.000000,95.000000,5.0,-13.6027,-12.4604,-48.2278,-49.3701,PENDING_AG03,FALSE,NOT_FOR_ENFORCEMENT,-59.3573,3824.6667,-61.8305,-59.3573,-2.4732,-0.01284500,-0.01233120,-2.4732,-59.3573,-0.01233120,-2.4732,-2.4732,-2.4732,-3.0915,-3.0915,-59.3573,-0.01233120,-13.6027,-12.4604,-48.2278,-49.3701,-0.01001910,-0.0102564,-0.00051380,30.6598,25.3760,-0.3938,-4.1220,-0.5424,320.9059,10.4667,,30.6598,13.1659,26.176,39.4976,52.6635,78.5279,104.3374,23.6986,0.0,3.0,3.986001,1.171296,29,64,9,2,0E-8,-0.01284500,,0E-8,0.000000,0.827663,0.000000,,2026-03-21,2026-04-08,15,114,103,19,0.789474,,,0.000000,,,,,,,,GLOBAL_BASELINE_NO_ENTITY_RANKING,,,NOT_APPLICABLE_GLOBAL_BASELINE,HF9g-P5,,,,X 全窗基线 · 不参与实体赏罚,3924954,393,A168_HF9F_20260827_0900,2026-08-27 09:00:00
2026-03-24,131525470,-1,1,97.6907075335,95.9264818179,95.9264818179,1.0000000,3,3,0.49771390000000000,0.497713900000,1.739988277604938,1.739988277604938,1.739988277604938,0E-17,SENTINEL_DEALER,R03b_20260811_FULL_v1,L1_ELIGIBILITY,v2026-08-11,2026-03-21..2026-08-06,baccarat_bet02_101_all_pairs_incl_sentinel,round_win = game_pnl > 0 (decisive only),COMPATIBILITY_ONLY_NOT_PRODUCTION,4813.5884,3984.0278,-61.8305,157,157,0.01284500,,0.01284500,0.01284500,61.8305,4813.5884,OK,0.0000,-2.4732,4.0000,96.0000,AG03-UNRESOLVED,ALL5_LEVELS_bet23_to_bet27,-2.4732,-2.4732,-2.4732,-3.0915,-3.0915,4.000000,4.000000,4.000000,5.000000,5.000000,96.000000,96.000000,96.000000,95.000000,95.000000,5.0,-13.6027,-12.4604,-48.2278,-49.3701,PENDING_AG03,FALSE,NOT_FOR_ENFORCEMENT,-59.3573,3824.6667,-61.8305,-59.3573,-2.4732,-0.01284500,-0.01233120,-2.4732,-59.3573,-0.01233120,-2.4732,-2.4732,-2.4732,-3.0915,-3.0915,-59.3573,-0.01233120,-13.6027,-12.4604,-48.2278,-49.3701,-0.01001910,-0.0102564,-0.00051380,30.6598,25.3760,-0.3938,-4.1220,-0.5424,320.9059,10.4667,,30.6598,13.1659,26.176,39.4976,52.6635,78.5279,104.3374,23.6986,0.0,3.0,3.986001,1.171296,29,64,9,2,0E-8,-0.01284500,,0E-8,0.000000,0.827663,0.000000,,2026-03-21,2026-04-08,15,114,103,19,0.789474,,,0.000000,,,,,,,,GLOBAL_BASELINE_NO_ENTITY_RANKING,,,NOT_APPLICABLE_GLOBAL_BASELINE,HF9g-P5,,,,X 全窗基线 · 不参与实体赏罚,3924955,393,A168_HF9F_20260827_0900,2026-08-27 09:00:00
2026-03-24,131525470,1302,0,15.7990362588,-15.7990362588,-15.7990362588,0E-7,1,1,0.50665070000000000,0.506650700000,-1.013391052207602,-1.013391052207602,-1.013391052207602,0E-17,ELIGIBLE,R03b_20260811_FULL_v1,L1_ELIGIBILITY,v2026-08-11,2026-03-21..2026-08-06,baccarat_bet02_101_all_pairs_incl_sentinel,round_win = game_pnl > 0 (decisive only),COMPATIBILITY_ONLY_NOT_PRODUCTION,4813.5884,3984.0278,-61.8305,157,157,0.01284500,,0.01284500,0.01284500,61.8305,4813.5884,OK,0.0000,-2.4732,4.0000,96.0000,AG03-UNRESOLVED,ALL5_LEVELS_bet23_to_bet27,-2.4732,-2.4732,-2.4732,-3.0915,-3.0915,4.000000,4.000000,4.000000,5.000000,5.000000,96.000000,96.000000,96.000000,95.000000,95.000000,5.0,-13.6027,-12.4604,-48.2278,-49.3701,PENDING_AG03,FALSE,NOT_FOR_ENFORCEMENT,-59.3573,3824.6667,-61.8305,-59.3573,-2.4732,-0.01284500,-0.01233120,-2.4732,-59.3573,-0.01233120,-2.4732,-2.4732,-2.4732,-3.0915,-3.0915,-59.3573,-0.01233120,-13.6027,-12.4604,-48.2278,-49.3701,-0.01001910,-0.0102564,-0.00051380,30.6598,25.3760,-0.3938,-4.1220,-0.5424,320.9059,10.4667,,30.6598,13.1659,26.176,39.4976,52.6635,78.5279,104.3374,23.6986,0.0,3.0,3.986001,1.171296,29,64,9,2,0E-8,-0.01284500,,0E-8,0.000000,0.827663,0.000000,,2026-03-21,2026-04-08,15,114,103,19,0.789474,,,0.000000,,,,,,,,GLOBAL_BASELINE_NO_ENTITY_RANKING,,,NOT_APPLICABLE_GLOBAL_BASELINE,HF9g-P5,,,,X 全窗基线 · 不参与实体赏罚,3924956,393,A168_HF9F_20260827_0900,2026-08-27 09:00:00
2026-03-24,131525470,1363,0,57.9297996156,55.0333096348,55.0333096348,1.0000000,2,2,0.50665070000000000,0.506650700000,1.3955260008387969,1.3955260008387969,1.3955260008387969,0E-17,ELIGIBLE,R03b_20260811_FULL_v1,L1_ELIGIBILITY,v2026-08-11,2026-03-21..2026-08-06,baccarat_bet02_101_all_pairs_incl_sentinel,round_win = game_pnl > 0 (decisive only),COMPATIBILITY_ONLY_NOT_PRODUCTION,4813.5884,3984.0278,-61.8305,157,157,0.01284500,,0.01284500,0.01284500,61.8305,4813.5884,OK,0.0000,-2.4732,4.0000,96.0000,AG03-UNRESOLVED,ALL5_LEVELS_bet23_to_bet27,-2.4732,-2.4732,-2.4732,-3.0915,-3.0915,4.000000,4.000000,4.000000,5.000000,5.000000,96.000000,96.000000,96.000000,95.000000,95.000000,5.0,-13.6027,-12.4604,-48.2278,-49.3701,PENDING_AG03,FALSE,NOT_FOR_ENFORCEMENT,-59.3573,3824.6667,-61.8305,-59.3573,-2.4732,-0.01284500,-0.01233120,-2.4732,-59.3573,-0.01233120,-2.4732,-2.4732,-2.4732,-3.0915,-3.0915,-59.3573,-0.01233120,-13.6027,-12.4604,-48.2278,-49.3701,-0.01001910,-0.0102564,-0.00051380,30.6598,25.3760,-0.3938,-4.1220,-0.5424,320.9059,10.4667,,30.6598,13.1659,26.176,39.4976,52.6635,78.5279,104.3374,23.6986,0.0,3.0,3.986001,1.171296,29,64,9,2,0E-8,-0.01284500,,0E-8,0.000000,0.827663,0.000000,,2026-03-21,2026-04-08,15,114,103,19,0.789474,,,0.000000,,,,,,,,GLOBAL_BASELINE_NO_ENTITY_RANKING,,,NOT_APPLICABLE_GLOBAL_BASELINE,HF9g-P5,,,,X 全窗基线 · 不参与实体赏罚,3924957,393,A168_HF9F_20260827_0900,2026-08-27 09:00:00
2026-03-24,131525470,1645,0,39.7609079180,0E-10,0E-10,,1,1,0.49324550000000000,0.493245500000,,,,0E-17,NO_DECISIVE_ROUND,R03b_20260811_FULL_v1,L1_ELIGIBILITY,v2026-08-11,2026-03-21..2026-08-06,baccarat_bet02_101_all_pairs_incl_sentinel,round_win = game_pnl > 0 (decisive only),COMPATIBILITY_ONLY_NOT_PRODUCTION,4813.5884,3984.0278,-61.8305,157,157,0.01284500,,0.01284500,0.01284500,61.8305,4813.5884,OK,0.0000,-2.4732,4.0000,96.0000,AG03-UNRESOLVED,ALL5_LEVELS_bet23_to_bet27,-2.4732,-2.4732,-2.4732,-3.0915,-3.0915,4.000000,4.000000,4.000000,5.000000,5.000000,96.000000,96.000000,96.000000,95.000000,95.000000,5.0,-13.6027,-12.4604,-48.2278,-49.3701,PENDING_AG03,FALSE,NOT_FOR_ENFORCEMENT,-59.3573,3824.6667,-61.8305,-59.3573,-2.4732,-0.01284500,-0.01233120,-2.4732,-59.3573,-0.01233120,-2.4732,-2.4732,-2.4732,-3.0915,-3.0915,-59.3573,-0.01233120,-13.6027,-12.4604,-48.2278,-49.3701,-0.01001910,-0.0102564,-0.00051380,30.6598,25.3760,-0.3938,-4.1220,-0.5424,320.9059,10.4667,,30.6598,13.1659,26.176,39.4976,52.6635,78.5279,104.3374,23.6986,0.0,3.0,3.986001,1.171296,29,64,9,2,0E-8,-0.01284500,,0E-8,0.000000,0.827663,0.000000,,2026-03-21,2026-04-08,15,114,103,19,0.789474,,,0.000000,,,,,,,,GLOBAL_BASELINE_NO_ENTITY_RANKING,,,NOT_APPLICABLE_GLOBAL_BASELINE,HF9g-P5,,,,X 全窗基线 · 不参与实体赏罚,3924958,393,A168_HF9F_20260827_0900,2026-08-27 09:00:00
2026-03-24,131525470,1711,0,18.4322089686,-18.4322089686,-18.4322089686,0E-7,1,1,0.49324550000000000,0.493245500000,-0.9865810262130424,-0.9865810262130424,-0.9865810262130424,0E-17,ELIGIBLE,R03b_20260811_FULL_v1,L1_ELIGIBILITY,v2026-08-11,2026-03-21..2026-08-06,baccarat_bet02_101_all_pairs_incl_sentinel,round_win = game_pnl > 0 (decisive only),COMPATIBILITY_ONLY_NOT_PRODUCTION,4813.5884,3984.0278,-61.8305,157,157,0.01284500,,0.01284500,0.01284500,61.8305,4813.5884,OK,0.0000,-2.4732,4.0000,96.0000,AG03-UNRESOLVED,ALL5_LEVELS_bet23_to_bet27,-2.4732,-2.4732,-2.4732,-3.0915,-3.0915,4.000000,4.000000,4.000000,5.000000,5.000000,96.000000,96.000000,96.000000,95.000000,95.000000,5.0,-13.6027,-12.4604,-48.2278,-49.3701,PENDING_AG03,FALSE,NOT_FOR_ENFORCEMENT,-59.3573,3824.6667,-61.8305,-59.3573,-2.4732,-0.01284500,-0.01233120,-2.4732,-59.3573,-0.01233120,-2.4732,-2.4732,-2.4732,-3.0915,-3.0915,-59.3573,-0.01233120,-13.6027,-12.4604,-48.2278,-49.3701,-0.01001910,-0.0102564,-0.00051380,30.6598,25.3760,-0.3938,-4.1220,-0.5424,320.9059,10.4667,,30.6598,13.1659,26.176,39.4976,52.6635,78.5279,104.3374,23.6986,0.0,3.0,3.986001,1.171296,29,64,9,2,0E-8,-0.01284500,,0E-8,0.000000,0.827663,0.000000,,2026-03-21,2026-04-08,15,114,103,19,0.789474,,,0.000000,,,,,,,,GLOBAL_BASELINE_NO_ENTITY_RANKING,,,NOT_APPLICABLE_GLOBAL_BASELINE,HF9g-P5,,,,X 全窗基线 · 不参与实体赏罚,3924959,393,A168_HF9F_20260827_0900,2026-08-27 09:00:00
2026-03-24,131525470,1942,0,13.1658635490,-13.1658635490,-13.1658635490,0E-7,1,1,0.50665070000000000,0.506650700000,-1.013391052207602,-1.013391052207602,-1.013391052207602,0E-17,ELIGIBLE,R03b_20260811_FULL_v1,L1_ELIGIBILITY,v2026-08-11,2026-03-21..2026-08-06,baccarat_bet02_101_all_pairs_incl_sentinel,round_win = game_pnl > 0 (decisive only),COMPATIBILITY_ONLY_NOT_PRODUCTION,4813.5884,3984.0278,-61.8305,157,157,0.01284500,,0.01284500,0.01284500,61.8305,4813.5884,OK,0.0000,-2.4732,4.0000,96.0000,AG03-UNRESOLVED,ALL5_LEVELS_bet23_to_bet27,-2.4732,-2.4732,-2.4732,-3.0915,-3.0915,4.000000,4.000000,4.000000,5.000000,5.000000,96.000000,96.000000,96.000000,95.000000,95.000000,5.0,-13.6027,-12.4604,-48.2278,-49.3701,PENDING_AG03,FALSE,NOT_FOR_ENFORCEMENT,-59.3573,3824.6667,-61.8305,-59.3573,-2.4732,-0.01284500,-0.01233120,-2.4732,-59.3573,-0.01233120,-2.4732,-2.4732,-2.4732,-3.0915,-3.0915,-59.3573,-0.01233120,-13.6027,-12.4604,-48.2278,-49.3701,-0.01001910,-0.0102564,-0.00051380,30.6598,25.3760,-0.3938,-4.1220,-0.5424,320.9059,10.4667,,30.6598,13.1659,26.176,39.4976,52.6635,78.5279,104.3374,23.6986,0.0,3.0,3.986001,1.171296,29,64,9,2,0E-8,-0.01284500,,0E-8,0.000000,0.827663,0.000000,,2026-03-21,2026-04-08,15,114,103,19,0.789474,,,0.000000,,,,,,,,GLOBAL_BASELINE_NO_ENTITY_RANKING,,,NOT_APPLICABLE_GLOBAL_BASELINE,HF9g-P5,,,,X 全窗基线 · 不参与实体赏罚,3924960,393,A168_HF9F_20260827_0900,2026-08-27 09:00:00
2026-03-24,131525470,1963,0,52.6634541960,-52.6634541960,-52.6634541960,0E-7,1,1,0.49324550000000000,0.493245500000,-0.9865810262130424,-0.9865810262130424,-0.9865810262130424,0E-17,ELIGIBLE,R03b_20260811_FULL_v1,L1_ELIGIBILITY,v2026-08-11,2026-03-21..2026-08-06,baccarat_bet02_101_all_pairs_incl_sentinel,round_win = game_pnl > 0 (decisive only),COMPATIBILITY_ONLY_NOT_PRODUCTION,4813.5884,3984.0278,-61.8305,157,157,0.01284500,,0.01284500,0.01284500,61.8305,4813.5884,OK,0.0000,-2.4732,4.0000,96.0000,AG03-UNRESOLVED,ALL5_LEVELS_bet23_to_bet27,-2.4732,-2.4732,-2.4732,-3.0915,-3.0915,4.000000,4.000000,4.000000,5.000000,5.000000,96.000000,96.000000,96.000000,95.000000,95.000000,5.0,-13.6027,-12.4604,-48.2278,-49.3701,PENDING_AG03,FALSE,NOT_FOR_ENFORCEMENT,-59.3573,3824.6667,-61.8305,-59.3573,-2.4732,-0.01284500,-0.01233120,-2.4732,-59.3573,-0.01233120,-2.4732,-2.4732,-2.4732,-3.0915,-3.0915,-59.3573,-0.01233120,-13.6027,-12.4604,-48.2278,-49.3701,-0.01001910,-0.0102564,-0.00051380,30.6598,25.3760,-0.3938,-4.1220,-0.5424,320.9059,10.4667,,30.6598,13.1659,26.176,39.4976,52.6635,78.5279,104.3374,23.6986,0.0,3.0,3.986001,1.171296,29,64,9,2,0E-8,-0.01284500,,0E-8,0.000000,0.827663,0.000000,,2026-03-21,2026-04-08,15,114,103,19,0.789474,,,0.000000,,,,,,,,GLOBAL_BASELINE_NO_ENTITY_RANKING,,,NOT_APPLICABLE_GLOBAL_BASELINE,HF9g-P5,,,,X 全窗基线 · 不参与实体赏罚,3924961,393,A168_HF9F_20260827_0900,2026-08-27 09:00:00
2026-03-24,131525470,2222,0,28.9648998078,28.9648998078,28.9648998078,1.0000000,1,1,0.49324550000000000,0.493245500000,1.01360149184955,1.01360149184955,1.01360149184955,0E-17,ELIGIBLE,R03b_20260811_FULL_v1,L1_ELIGIBILITY,v2026-08-11,2026-03-21..2026-08-06,baccarat_bet02_101_all_pairs_incl_sentinel,round_win = game_pnl > 0 (decisive only),COMPATIBILITY_ONLY_NOT_PRODUCTION,4813.5884,3984.0278,-61.8305,157,157,0.01284500,,0.01284500,0.01284500,61.8305,4813.5884,OK,0.0000,-2.4732,4.0000,96.0000,AG03-UNRESOLVED,ALL5_LEVELS_bet23_to_bet27,-2.4732,-2.4732,-2.4732,-3.0915,-3.0915,4.000000,4.000000,4.000000,5.000000,5.000000,96.000000,96.000000,96.000000,95.000000,95.000000,5.0,-13.6027,-12.4604,-48.2278,-49.3701,PENDING_AG03,FALSE,NOT_FOR_ENFORCEMENT,-59.3573,3824.6667,-61.8305,-59.3573,-2.4732,-0.01284500,-0.01233120,-2.4732,-59.3573,-0.01233120,-2.4732,-2.4732,-2.4732,-3.0915,-3.0915,-59.3573,-0.01233120,-13.6027,-12.4604,-48.2278,-49.3701,-0.01001910,-0.0102564,-0.00051380,30.6598,25.3760,-0.3938,-4.1220,-0.5424,320.9059,10.4667,,30.6598,13.1659,26.176,39.4976,52.6635,78.5279,104.3374,23.6986,0.0,3.0,3.986001,1.171296,29,64,9,2,0E-8,-0.01284500,,0E-8,0.000000,0.827663,0.000000,,2026-03-21,2026-04-08,15,114,103,19,0.789474,,,0.000000,,,,,,,,GLOBAL_BASELINE_NO_ENTITY_RANKING,,,NOT_APPLICABLE_GLOBAL_BASELINE,HF9g-P5,,,,X 全窗基线 · 不参与实体赏罚,3924962,393,A168_HF9F_20260827_0900,2026-08-27 09:00:00
2026-03-24,131525470,2244,0,42.1307633568,15.7990362588,15.7990362588,0.5000000,2,2,0.49994810000000000,0.499948100000,0.00014679536856514622,0.00014679536856514622,0.00014679536856514622,0E-17,ELIGIBLE,R03b_20260811_FULL_v1,L1_ELIGIBILITY,v2026-08-11,2026-03-21..2026-08-06,baccarat_bet02_101_all_pairs_incl_sentinel,round_win = game_pnl > 0 (decisive only),COMPATIBILITY_ONLY_NOT_PRODUCTION,4813.5884,3984.0278,-61.8305,157,157,0.01284500,,0.01284500,0.01284500,61.8305,4813.5884,OK,0.0000,-2.4732,4.0000,96.0000,AG03-UNRESOLVED,ALL5_LEVELS_bet23_to_bet27,-2.4732,-2.4732,-2.4732,-3.0915,-3.0915,4.000000,4.000000,4.000000,5.000000,5.000000,96.000000,96.000000,96.000000,95.000000,95.000000,5.0,-13.6027,-12.4604,-48.2278,-49.3701,PENDING_AG03,FALSE,NOT_FOR_ENFORCEMENT,-59.3573,3824.6667,-61.8305,-59.3573,-2.4732,-0.01284500,-0.01233120,-2.4732,-59.3573,-0.01233120,-2.4732,-2.4732,-2.4732,-3.0915,-3.0915,-59.3573,-0.01233120,-13.6027,-12.4604,-48.2278,-49.3701,-0.01001910,-0.0102564,-0.00051380,30.6598,25.3760,-0.3938,-4.1220,-0.5424,320.9059,10.4667,,30.6598,13.1659,26.176,39.4976,52.6635,78.5279,104.3374,23.6986,0.0,3.0,3.986001,1.171296,29,64,9,2,0E-8,-0.01284500,,0E-8,0.000000,0.827663,0.000000,,2026-03-21,2026-04-08,15,114,103,19,0.789474,,,0.000000,,,,,,,,GLOBAL_BASELINE_NO_ENTITY_RANKING,,,NOT_APPLICABLE_GLOBAL_BASELINE,HF9g-P5,,,,X 全窗基线 · 不参与实体赏罚,3924963,393,A168_HF9F_20260827_0900,2026-08-27 09:00:00
2026-03-24,131525470,2252,0,3.9497590647,-3.9497590647,-3.9497590647,0E-7,1,1,0.49324550000000000,0.493245500000,-0.9865810262130424,-0.9865810262130424,-0.9865810262130424,0E-17,ELIGIBLE,R03b_20260811_FULL_v1,L1_ELIGIBILITY,v2026-08-11,2026-03-21..2026-08-06,baccarat_bet02_101_all_pairs_incl_sentinel,round_win = game_pnl > 0 (decisive only),COMPATIBILITY_ONLY_NOT_PRODUCTION,4813.5884,3984.0278,-61.8305,157,157,0.01284500,,0.01284500,0.01284500,61.8305,4813.5884,OK,0.0000,-2.4732,4.0000,96.0000,AG03-UNRESOLVED,ALL5_LEVELS_bet23_to_bet27,-2.4732,-2.4732,-2.4732,-3.0915,-3.0915,4.000000,4.000000,4.000000,5.000000,5.000000,96.000000,96.000000,96.000000,95.000000,95.000000,5.0,-13.6027,-12.4604,-48.2278,-49.3701,PENDING_AG03,FALSE,NOT_FOR_ENFORCEMENT,-59.3573,3824.6667,-61.8305,-59.3573,-2.4732,-0.01284500,-0.01233120,-2.4732,-59.3573,-0.01233120,-2.4732,-2.4732,-2.4732,-3.0915,-3.0915,-59.3573,-0.01233120,-13.6027,-12.4604,-48.2278,-49.3701,-0.01001910,-0.0102564,-0.00051380,30.6598,25.3760,-0.3938,-4.1220,-0.5424,320.9059,10.4667,,30.6598,13.1659,26.176,39.4976,52.6635,78.5279,104.3374,23.6986,0.0,3.0,3.986001,1.171296,29,64,9,2,0E-8,-0.01284500,,0E-8,0.000000,0.827663,0.000000,,2026-03-21,2026-04-08,15,114,103,19,0.789474,,,0.000000,,,,,,,,GLOBAL_BASELINE_NO_ENTITY_RANKING,,,NOT_APPLICABLE_GLOBAL_BASELINE,HF9g-P5,,,,X 全窗基线 · 不参与实体赏罚,3924964,393,A168_HF9F_20260827_0900,2026-08-27 09:00:00
2026-03-24,131525470,948,0,36.8644179372,-36.8644179372,-36.8644179372,0E-7,1,1,0.50665070000000000,0.506650700000,-1.013391052207602,-1.013391052207602,-1.013391052207602,0E-17,ELIGIBLE,R03b_20260811_FULL_v1,L1_ELIGIBILITY,v2026-08-11,2026-03-21..2026-08-06,baccarat_bet02_101_all_pairs_incl_sentinel,round_win = game_pnl > 0 (decisive only),COMPATIBILITY_ONLY_NOT_PRODUCTION,4813.5884,3984.0278,-61.8305,157,157,0.01284500,,0.01284500,0.01284500,61.8305,4813.5884,OK,0.0000,-2.4732,4.0000,96.0000,AG03-UNRESOLVED,ALL5_LEVELS_bet23_to_bet27,-2.4732,-2.4732,-2.4732,-3.0915,-3.0915,4.000000,4.000000,4.000000,5.000000,5.000000,96.000000,96.000000,96.000000,95.000000,95.000000,5.0,-13.6027,-12.4604,-48.2278,-49.3701,PENDING_AG03,FALSE,NOT_FOR_ENFORCEMENT,-59.3573,3824.6667,-61.8305,-59.3573,-2.4732,-0.01284500,-0.01233120,-2.4732,-59.3573,-0.01233120,-2.4732,-2.4732,-2.4732,-3.0915,-3.0915,-59.3573,-0.01233120,-13.6027,-12.4604,-48.2278,-49.3701,-0.01001910,-0.0102564,-0.00051380,30.6598,25.3760,-0.3938,-4.1220,-0.5424,320.9059,10.4667,,30.6598,13.1659,26.176,39.4976,52.6635,78.5279,104.3374,23.6986,0.0,3.0,3.986001,1.171296,29,64,9,2,0E-8,-0.01284500,,0E-8,0.000000,0.827663,0.000000,,2026-03-21,2026-04-08,15,114,103,19,0.789474,,,0.000000,,,,,,,,GLOBAL_BASELINE_NO_ENTITY_RANKING,,,NOT_APPLICABLE_GLOBAL_BASELINE,HF9g-P5,,,,X 全窗基线 · 不参与实体赏罚,3924965,393,A168_HF9F_20260827_0900,2026-08-27 09:00:00
2026-03-25,131525470,-1,1,165.8898807174,-84.9198198911,-84.9198198911,0.3333333,9,9,0.50069283333333333,0.500692833333,-0.8198915443404646,-0.8198915443388308,-0.8198915443404646,3.3333E-13,SENTINEL_DEALER,R03b_20260811_FULL_v1,L1_ELIGIBILITY,v2026-08-11,2026-03-21..2026-08-06,baccarat_bet02_101_all_pairs_incl_sentinel,round_win = game_pnl > 0 (decisive only),COMPATIBILITY_ONLY_NOT_PRODUCTION,4813.5884,3984.0278,-61.8305,157,157,0.01284500,,0.01284500,0.01284500,61.8305,4813.5884,OK,0.0000,-2.4732,4.0000,96.0000,AG03-UNRESOLVED,ALL5_LEVELS_bet23_to_bet27,-2.4732,-2.4732,-2.4732,-3.0915,-3.0915,4.000000,4.000000,4.000000,5.000000,5.000000,96.000000,96.000000,96.000000,95.000000,95.000000,5.0,-13.6027,-12.4604,-48.2278,-49.3701,PENDING_AG03,FALSE,NOT_FOR_ENFORCEMENT,-59.3573,3824.6667,-61.8305,-59.3573,-2.4732,-0.01284500,-0.01233120,-2.4732,-59.3573,-0.01233120,-2.4732,-2.4732,-2.4732,-3.0915,-3.0915,-59.3573,-0.01233120,-13.6027,-12.4604,-48.2278,-49.3701,-0.01001910,-0.0102564,-0.00051380,30.6598,25.3760,-0.3938,-4.1220,-0.5424,320.9059,10.4667,,30.6598,13.1659,26.176,39.4976,52.6635,78.5279,104.3374,23.6986,0.0,3.0,3.986001,1.171296,29,64,9,2,0E-8,-0.01284500,,0E-8,0.000000,0.827663,0.000000,,2026-03-21,2026-04-08,15,114,103,19,0.789474,,,0.000000,,,,,,,,GLOBAL_BASELINE_NO_ENTITY_RANKING,,,NOT_APPLICABLE_GLOBAL_BASELINE,HF9g-P5,,,,X 全窗基线 · 不参与实体赏罚,3924966,393,A168_HF9F_20260827_0900,2026-08-27 09:00:00
2026-03-25,131525470,1205,0,10.5326908392,-10.5326908392,-10.5326908392,0E-7,1,1,0.50665070000000000,0.506650700000,-1.013391052207602,-1.013391052207602,-1.013391052207602,0E-17,ELIGIBLE,R03b_20260811_FULL_v1,L1_ELIGIBILITY,v2026-08-11,2026-03-21..2026-08-06,baccarat_bet02_101_all_pairs_incl_sentinel,round_win = game_pnl > 0 (decisive only),COMPATIBILITY_ONLY_NOT_PRODUCTION,4813.5884,3984.0278,-61.8305,157,157,0.01284500,,0.01284500,0.01284500,61.8305,4813.5884,OK,0.0000,-2.4732,4.0000,96.0000,AG03-UNRESOLVED,ALL5_LEVELS_bet23_to_bet27,-2.4732,-2.4732,-2.4732,-3.0915,-3.0915,4.000000,4.000000,4.000000,5.000000,5.000000,96.000000,96.000000,96.000000,95.000000,95.000000,5.0,-13.6027,-12.4604,-48.2278,-49.3701,PENDING_AG03,FALSE,NOT_FOR_ENFORCEMENT,-59.3573,3824.6667,-61.8305,-59.3573,-2.4732,-0.01284500,-0.01233120,-2.4732,-59.3573,-0.01233120,-2.4732,-2.4732,-2.4732,-3.0915,-3.0915,-59.3573,-0.01233120,-13.6027,-12.4604,-48.2278,-49.3701,-0.01001910,-0.0102564,-0.00051380,30.6598,25.3760,-0.3938,-4.1220,-0.5424,320.9059,10.4667,,30.6598,13.1659,26.176,39.4976,52.6635,78.5279,104.3374,23.6986,0.0,3.0,3.986001,1.171296,29,64,9,2,0E-8,-0.01284500,,0E-8,0.000000,0.827663,0.000000,,2026-03-21,2026-04-08,15,114,103,19,0.789474,,,0.000000,,,,,,,,GLOBAL_BASELINE_NO_ENTITY_RANKING,,,NOT_APPLICABLE_GLOBAL_BASELINE,HF9g-P5,,,,X 全窗基线 · 不参与实体赏罚,3924967,393,A168_HF9F_20260827_0900,2026-08-27 09:00:00
2026-03-25,131525470,1301,0,13.1658635490,12.5075703715,12.5075703715,1.0000000,1,1,0.50665070000000000,0.506650700000,0.9867858985152569,0.9867858985152569,0.9867858985152569,0E-17,ELIGIBLE,R03b_20260811_FULL_v1,L1_ELIGIBILITY,v2026-08-11,2026-03-21..2026-08-06,baccarat_bet02_101_all_pairs_incl_sentinel,round_win = game_pnl > 0 (decisive only),COMPATIBILITY_ONLY_NOT_PRODUCTION,4813.5884,3984.0278,-61.8305,157,157,0.01284500,,0.01284500,0.01284500,61.8305,4813.5884,OK,0.0000,-2.4732,4.0000,96.0000,AG03-UNRESOLVED,ALL5_LEVELS_bet23_to_bet27,-2.4732,-2.4732,-2.4732,-3.0915,-3.0915,4.000000,4.000000,4.000000,5.000000,5.000000,96.000000,96.000000,96.000000,95.000000,95.000000,5.0,-13.6027,-12.4604,-48.2278,-49.3701,PENDING_AG03,FALSE,NOT_FOR_ENFORCEMENT,-59.3573,3824.6667,-61.8305,-59.3573,-2.4732,-0.01284500,-0.01233120,-2.4732,-59.3573,-0.01233120,-2.4732,-2.4732,-2.4732,-3.0915,-3.0915,-59.3573,-0.01233120,-13.6027,-12.4604,-48.2278,-49.3701,-0.01001910,-0.0102564,-0.00051380,30.6598,25.3760,-0.3938,-4.1220,-0.5424,320.9059,10.4667,,30.6598,13.1659,26.176,39.4976,52.6635,78.5279,104.3374,23.6986,0.0,3.0,3.986001,1.171296,29,64,9,2,0E-8,-0.01284500,,0E-8,0.000000,0.827663,0.000000,,2026-03-21,2026-04-08,15,114,103,19,0.789474,,,0.000000,,,,,,,,GLOBAL_BASELINE_NO_ENTITY_RANKING,,,NOT_APPLICABLE_GLOBAL_BASELINE,HF9g-P5,,,,X 全窗基线 · 不参与实体赏罚,3924968,393,A168_HF9F_20260827_0900,2026-08-27 09:00:00
2026-03-25,131525470,1304,0,26.3317270980,0E-10,0E-10,,1,1,0.49324550000000000,0.493245500000,,,,0E-17,NO_DECISIVE_ROUND,R03b_20260811_FULL_v1,L1_ELIGIBILITY,v2026-08-11,2026-03-21..2026-08-06,baccarat_bet02_101_all_pairs_incl_sentinel,round_win = game_pnl > 0 (decisive only),COMPATIBILITY_ONLY_NOT_PRODUCTION,4813.5884,3984.0278,-61.8305,157,157,0.01284500,,0.01284500,0.01284500,61.8305,4813.5884,OK,0.0000,-2.4732,4.0000,96.0000,AG03-UNRESOLVED,ALL5_LEVELS_bet23_to_bet27,-2.4732,-2.4732,-2.4732,-3.0915,-3.0915,4.000000,4.000000,4.000000,5.000000,5.000000,96.000000,96.000000,96.000000,95.000000,95.000000,5.0,-13.6027,-12.4604,-48.2278,-49.3701,PENDING_AG03,FALSE,NOT_FOR_ENFORCEMENT,-59.3573,3824.6667,-61.8305,-59.3573,-2.4732,-0.01284500,-0.01233120,-2.4732,-59.3573,-0.01233120,-2.4732,-2.4732,-2.4732,-3.0915,-3.0915,-59.3573,-0.01233120,-13.6027,-12.4604,-48.2278,-49.3701,-0.01001910,-0.0102564,-0.00051380,30.6598,25.3760,-0.3938,-4.1220,-0.5424,320.9059,10.4667,,30.6598,13.1659,26.176,39.4976,52.6635,78.5279,104.3374,23.6986,0.0,3.0,3.986001,1.171296,29,64,9,2,0E-8,-0.01284500,,0E-8,0.000000,0.827663,0.000000,,2026-03-21,2026-04-08,15,114,103,19,0.789474,,,0.000000,,,,,,,,GLOBAL_BASELINE_NO_ENTITY_RANKING,,,NOT_APPLICABLE_GLOBAL_BASELINE,HF9g-P5,,,,X 全窗基线 · 不参与实体赏罚,3924969,393,A168_HF9F_20260827_0900,2026-08-27 09:00:00
2026-03-25,131525470,1318,0,13.1658635490,12.5075703715,12.5075703715,1.0000000,1,1,0.50665070000000000,0.506650700000,0.9867858985152569,0.9867858985152569,0.9867858985152569,0E-17,ELIGIBLE,R03b_20260811_FULL_v1,L1_ELIGIBILITY,v2026-08-11,2026-03-21..2026-08-06,baccarat_bet02_101_all_pairs_incl_sentinel,round_win = game_pnl > 0 (decisive only),COMPATIBILITY_ONLY_NOT_PRODUCTION,4813.5884,3984.0278,-61.8305,157,157,0.01284500,,0.01284500,0.01284500,61.8305,4813.5884,OK,0.0000,-2.4732,4.0000,96.0000,AG03-UNRESOLVED,ALL5_LEVELS_bet23_to_bet27,-2.4732,-2.4732,-2.4732,-3.0915,-3.0915,4.000000,4.000000,4.000000,5.000000,5.000000,96.000000,96.000000,96.000000,95.000000,95.000000,5.0,-13.6027,-12.4604,-48.2278,-49.3701,PENDING_AG03,FALSE,NOT_FOR_ENFORCEMENT,-59.3573,3824.6667,-61.8305,-59.3573,-2.4732,-0.01284500,-0.01233120,-2.4732,-59.3573,-0.01233120,-2.4732,-2.4732,-2.4732,-3.0915,-3.0915,-59.3573,-0.01233120,-13.6027,-12.4604,-48.2278,-49.3701,-0.01001910,-0.0102564,-0.00051380,30.6598,25.3760,-0.3938,-4.1220,-0.5424,320.9059,10.4667,,30.6598,13.1659,26.176,39.4976,52.6635,78.5279,104.3374,23.6986,0.0,3.0,3.986001,1.171296,29,64,9,2,0E-8,-0.01284500,,0E-8,0.000000,0.827663,0.000000,,2026-03-21,2026-04-08,15,114,103,19,0.789474,,,0.000000,,,,,,,,GLOBAL_BASELINE_NO_ENTITY_RANKING,,,NOT_APPLICABLE_GLOBAL_BASELINE,HF9g-P5,,,,X 全窗基线 · 不参与实体赏罚,3924970,393,A168_HF9F_20260827_0900,2026-08-27 09:00:00
2026-03-25,131525470,1330,0,10.5326908392,-10.5326908392,-10.5326908392,0E-7,1,1,0.49324550000000000,0.493245500000,-0.9865810262130424,-0.9865810262130424,-0.9865810262130424,0E-17,ELIGIBLE,R03b_20260811_FULL_v1,L1_ELIGIBILITY,v2026-08-11,2026-03-21..2026-08-06,baccarat_bet02_101_all_pairs_incl_sentinel,round_win = game_pnl > 0 (decisive only),COMPATIBILITY_ONLY_NOT_PRODUCTION,4813.5884,3984.0278,-61.8305,157,157,0.01284500,,0.01284500,0.01284500,61.8305,4813.5884,OK,0.0000,-2.4732,4.0000,96.0000,AG03-UNRESOLVED,ALL5_LEVELS_bet23_to_bet27,-2.4732,-2.4732,-2.4732,-3.0915,-3.0915,4.000000,4.000000,4.000000,5.000000,5.000000,96.000000,96.000000,96.000000,95.000000,95.000000,5.0,-13.6027,-12.4604,-48.2278,-49.3701,PENDING_AG03,FALSE,NOT_FOR_ENFORCEMENT,-59.3573,3824.6667,-61.8305,-59.3573,-2.4732,-0.01284500,-0.01233120,-2.4732,-59.3573,-0.01233120,-2.4732,-2.4732,-2.4732,-3.0915,-3.0915,-59.3573,-0.01233120,-13.6027,-12.4604,-48.2278,-49.3701,-0.01001910,-0.0102564,-0.00051380,30.6598,25.3760,-0.3938,-4.1220,-0.5424,320.9059,10.4667,,30.6598,13.1659,26.176,39.4976,52.6635,78.5279,104.3374,23.6986,0.0,3.0,3.986001,1.171296,29,64,9,2,0E-8,-0.01284500,,0E-8,0.000000,0.827663,0.000000,,2026-03-21,2026-04-08,15,114,103,19,0.789474,,,0.000000,,,,,,,,GLOBAL_BASELINE_NO_ENTITY_RANKING,,,NOT_APPLICABLE_GLOBAL_BASELINE,HF9g-P5,,,,X 全窗基线 · 不参与实体赏罚,3924971,393,A168_HF9F_20260827_0900,2026-08-27 09:00:00
2026-03-25,131525470,1385,0,75.0454222293,46.2780103747,46.2780103747,1.0000000,3,3,0.50665070000000000,0.506650700000,1.3955260008387969,1.3955260008387969,1.3955260008387969,0E-17,ELIGIBLE,R03b_20260811_FULL_v1,L1_ELIGIBILITY,v2026-08-11,2026-03-21..2026-08-06,baccarat_bet02_101_all_pairs_incl_sentinel,round_win = game_pnl > 0 (decisive only),COMPATIBILITY_ONLY_NOT_PRODUCTION,4813.5884,3984.0278,-61.8305,157,157,0.01284500,,0.01284500,0.01284500,61.8305,4813.5884,OK,0.0000,-2.4732,4.0000,96.0000,AG03-UNRESOLVED,ALL5_LEVELS_bet23_to_bet27,-2.4732,-2.4732,-2.4732,-3.0915,-3.0915,4.000000,4.000000,4.000000,5.000000,5.000000,96.000000,96.000000,96.000000,95.000000,95.000000,5.0,-13.6027,-12.4604,-48.2278,-49.3701,PENDING_AG03,FALSE,NOT_FOR_ENFORCEMENT,-59.3573,3824.6667,-61.8305,-59.3573,-2.4732,-0.01284500,-0.01233120,-2.4732,-59.3573,-0.01233120,-2.4732,-2.4732,-2.4732,-3.0915,-3.0915,-59.3573,-0.01233120,-13.6027,-12.4604,-48.2278,-49.3701,-0.01001910,-0.0102564,-0.00051380,30.6598,25.3760,-0.3938,-4.1220,-0.5424,320.9059,10.4667,,30.6598,13.1659,26.176,39.4976,52.6635,78.5279,104.3374,23.6986,0.0,3.0,3.986001,1.171296,29,64,9,2,0E-8,-0.01284500,,0E-8,0.000000,0.827663,0.000000,,2026-03-21,2026-04-08,15,114,103,19,0.789474,,,0.000000,,,,,,,,GLOBAL_BASELINE_NO_ENTITY_RANKING,,,NOT_APPLICABLE_GLOBAL_BASELINE,HF9g-P5,,,,X 全窗基线 · 不参与实体赏罚,3924972,393,A168_HF9F_20260827_0900,2026-08-27 09:00:00
2026-03-25,131525470,1396,0,7.8995181294,7.8995181294,7.8995181294,1.0000000,1,1,0.49324550000000000,0.493245500000,1.01360149184955,1.01360149184955,1.01360149184955,0E-17,ELIGIBLE,R03b_20260811_FULL_v1,L1_ELIGIBILITY,v2026-08-11,2026-03-21..2026-08-06,baccarat_bet02_101_all_pairs_incl_sentinel,round_win = game_pnl > 0 (decisive only),COMPATIBILITY_ONLY_NOT_PRODUCTION,4813.5884,3984.0278,-61.8305,157,157,0.01284500,,0.01284500,0.01284500,61.8305,4813.5884,OK,0.0000,-2.4732,4.0000,96.0000,AG03-UNRESOLVED,ALL5_LEVELS_bet23_to_bet27,-2.4732,-2.4732,-2.4732,-3.0915,-3.0915,4.000000,4.000000,4.000000,5.000000,5.000000,96.000000,96.000000,96.000000,95.000000,95.000000,5.0,-13.6027,-12.4604,-48.2278,-49.3701,PENDING_AG03,FALSE,NOT_FOR_ENFORCEMENT,-59.3573,3824.6667,-61.8305,-59.3573,-2.4732,-0.01284500,-0.01233120,-2.4732,-59.3573,-0.01233120,-2.4732,-2.4732,-2.4732,-3.0915,-3.0915,-59.3573,-0.01233120,-13.6027,-12.4604,-48.2278,-49.3701,-0.01001910,-0.0102564,-0.00051380,30.6598,25.3760,-0.3938,-4.1220,-0.5424,320.9059,10.4667,,30.6598,13.1659,26.176,39.4976,52.6635,78.5279,104.3374,23.6986,0.0,3.0,3.986001,1.171296,29,64,9,2,0E-8,-0.01284500,,0E-8,0.000000,0.827663,0.000000,,2026-03-21,2026-04-08,15,114,103,19,0.789474,,,0.000000,,,,,,,,GLOBAL_BASELINE_NO_ENTITY_RANKING,,,NOT_APPLICABLE_GLOBAL_BASELINE,HF9g-P5,,,,X 全窗基线 · 不参与实体赏罚,3924973,393,A168_HF9F_20260827_0900,2026-08-27 09:00:00
2026-03-25,131525470,1401,0,53.7167232799,27.3849961819,27.3849961819,1.0000000,2,2,0.49324550000000000,0.493245500000,1.01360149184955,1.01360149184955,1.01360149184955,0E-17,ELIGIBLE,R03b_20260811_FULL_v1,L1_ELIGIBILITY,v2026-08-11,2026-03-21..2026-08-06,baccarat_bet02_101_all_pairs_incl_sentinel,round_win = game_pnl > 0 (decisive only),COMPATIBILITY_ONLY_NOT_PRODUCTION,4813.5884,3984.0278,-61.8305,157,157,0.01284500,,0.01284500,0.01284500,61.8305,4813.5884,OK,0.0000,-2.4732,4.0000,96.0000,AG03-UNRESOLVED,ALL5_LEVELS_bet23_to_bet27,-2.4732,-2.4732,-2.4732,-3.0915,-3.0915,4.000000,4.000000,4.000000,5.000000,5.000000,96.000000,96.000000,96.000000,95.000000,95.000000,5.0,-13.6027,-12.4604,-48.2278,-49.3701,PENDING_AG03,FALSE,NOT_FOR_ENFORCEMENT,-59.3573,3824.6667,-61.8305,-59.3573,-2.4732,-0.01284500,-0.01233120,-2.4732,-59.3573,-0.01233120,-2.4732,-2.4732,-2.4732,-3.0915,-3.0915,-59.3573,-0.01233120,-13.6027,-12.4604,-48.2278,-49.3701,-0.01001910,-0.0102564,-0.00051380,30.6598,25.3760,-0.3938,-4.1220,-0.5424,320.9059,10.4667,,30.6598,13.1659,26.176,39.4976,52.6635,78.5279,104.3374,23.6986,0.0,3.0,3.986001,1.171296,29,64,9,2,0E-8,-0.01284500,,0E-8,0.000000,0.827663,0.000000,,2026-03-21,2026-04-08,15,114,103,19,0.789474,,,0.000000,,,,,,,,GLOBAL_BASELINE_NO_ENTITY_RANKING,,,NOT_APPLICABLE_GLOBAL_BASELINE,HF9g-P5,,,,X 全窗基线 · 不参与实体赏罚,3924974,393,A168_HF9F_20260827_0900,2026-08-27 09:00:00
2026-03-25,131525470,1935,0,10.5326908392,-10.5326908392,-10.5326908392,0E-7,1,1,0.49324550000000000,0.493245500000,-0.9865810262130424,-0.9865810262130424,-0.9865810262130424,0E-17,ELIGIBLE,R03b_20260811_FULL_v1,L1_ELIGIBILITY,v2026-08-11,2026-03-21..2026-08-06,baccarat_bet02_101_all_pairs_incl_sentinel,round_win = game_pnl > 0 (decisive only),COMPATIBILITY_ONLY_NOT_PRODUCTION,4813.5884,3984.0278,-61.8305,157,157,0.01284500,,0.01284500,0.01284500,61.8305,4813.5884,OK,0.0000,-2.4732,4.0000,96.0000,AG03-UNRESOLVED,ALL5_LEVELS_bet23_to_bet27,-2.4732,-2.4732,-2.4732,-3.0915,-3.0915,4.000000,4.000000,4.000000,5.000000,5.000000,96.000000,96.000000,96.000000,95.000000,95.000000,5.0,-13.6027,-12.4604,-48.2278,-49.3701,PENDING_AG03,FALSE,NOT_FOR_ENFORCEMENT,-59.3573,3824.6667,-61.8305,-59.3573,-2.4732,-0.01284500,-0.01233120,-2.4732,-59.3573,-0.01233120,-2.4732,-2.4732,-2.4732,-3.0915,-3.0915,-59.3573,-0.01233120,-13.6027,-12.4604,-48.2278,-49.3701,-0.01001910,-0.0102564,-0.00051380,30.6598,25.3760,-0.3938,-4.1220,-0.5424,320.9059,10.4667,,30.6598,13.1659,26.176,39.4976,52.6635,78.5279,104.3374,23.6986,0.0,3.0,3.986001,1.171296,29,64,9,2,0E-8,-0.01284500,,0E-8,0.000000,0.827663,0.000000,,2026-03-21,2026-04-08,15,114,103,19,0.789474,,,0.000000,,,,,,,,GLOBAL_BASELINE_NO_ENTITY_RANKING,,,NOT_APPLICABLE_GLOBAL_BASELINE,HF9g-P5,,,,X 全窗基线 · 不参与实体赏罚,3924975,393,A168_HF9F_20260827_0900,2026-08-27 09:00:00
2026-03-25,131525470,2093,0,65.8293177450,65.8293177450,65.8293177450,1.0000000,2,2,0.49324550000000000,0.493245500000,1.4334489766152358,1.4334489766152358,1.4334489766152358,0E-17,ELIGIBLE,R03b_20260811_FULL_v1,L1_ELIGIBILITY,v2026-08-11,2026-03-21..2026-08-06,baccarat_bet02_101_all_pairs_incl_sentinel,round_win = game_pnl > 0 (decisive only),COMPATIBILITY_ONLY_NOT_PRODUCTION,4813.5884,3984.0278,-61.8305,157,157,0.01284500,,0.01284500,0.01284500,61.8305,4813.5884,OK,0.0000,-2.4732,4.0000,96.0000,AG03-UNRESOLVED,ALL5_LEVELS_bet23_to_bet27,-2.4732,-2.4732,-2.4732,-3.0915,-3.0915,4.000000,4.000000,4.000000,5.000000,5.000000,96.000000,96.000000,96.000000,95.000000,95.000000,5.0,-13.6027,-12.4604,-48.2278,-49.3701,PENDING_AG03,FALSE,NOT_FOR_ENFORCEMENT,-59.3573,3824.6667,-61.8305,-59.3573,-2.4732,-0.01284500,-0.01233120,-2.4732,-59.3573,-0.01233120,-2.4732,-2.4732,-2.4732,-3.0915,-3.0915,-59.3573,-0.01233120,-13.6027,-12.4604,-48.2278,-49.3701,-0.01001910,-0.0102564,-0.00051380,30.6598,25.3760,-0.3938,-4.1220,-0.5424,320.9059,10.4667,,30.6598,13.1659,26.176,39.4976,52.6635,78.5279,104.3374,23.6986,0.0,3.0,3.986001,1.171296,29,64,9,2,0E-8,-0.01284500,,0E-8,0.000000,0.827663,0.000000,,2026-03-21,2026-04-08,15,114,103,19,0.789474,,,0.000000,,,,,,,,GLOBAL_BASELINE_NO_ENTITY_RANKING,,,NOT_APPLICABLE_GLOBAL_BASELINE,HF9g-P5,,,,X 全窗基线 · 不参与实体赏罚,3924976,393,A168_HF9F_20260827_0900,2026-08-27 09:00:00
2026-03-25,131525470,2106,0,132.1852700319,25.8050925561,25.8050925561,0.6666667,3,3,0.49324550000000000,0.493245500000,0.6008033672792107,0.6008033672792106,0.6008033672792107,0E-17,ELIGIBLE,R03b_20260811_FULL_v1,L1_ELIGIBILITY,v2026-08-11,2026-03-21..2026-08-06,baccarat_bet02_101_all_pairs_incl_sentinel,round_win = game_pnl > 0 (decisive only),COMPATIBILITY_ONLY_NOT_PRODUCTION,4813.5884,3984.0278,-61.8305,157,157,0.01284500,,0.01284500,0.01284500,61.8305,4813.5884,OK,0.0000,-2.4732,4.0000,96.0000,AG03-UNRESOLVED,ALL5_LEVELS_bet23_to_bet27,-2.4732,-2.4732,-2.4732,-3.0915,-3.0915,4.000000,4.000000,4.000000,5.000000,5.000000,96.000000,96.000000,96.000000,95.000000,95.000000,5.0,-13.6027,-12.4604,-48.2278,-49.3701,PENDING_AG03,FALSE,NOT_FOR_ENFORCEMENT,-59.3573,3824.6667,-61.8305,-59.3573,-2.4732,-0.01284500,-0.01233120,-2.4732,-59.3573,-0.01233120,-2.4732,-2.4732,-2.4732,-3.0915,-3.0915,-59.3573,-0.01233120,-13.6027,-12.4604,-48.2278,-49.3701,-0.01001910,-0.0102564,-0.00051380,30.6598,25.3760,-0.3938,-4.1220,-0.5424,320.9059,10.4667,,30.6598,13.1659,26.176,39.4976,52.6635,78.5279,104.3374,23.6986,0.0,3.0,3.986001,1.171296,29,64,9,2,0E-8,-0.01284500,,0E-8,0.000000,0.827663,0.000000,,2026-03-21,2026-04-08,15,114,103,19,0.789474,,,0.000000,,,,,,,,GLOBAL_BASELINE_NO_ENTITY_RANKING,,,NOT_APPLICABLE_GLOBAL_BASELINE,HF9g-P5,,,,X 全窗基线 · 不参与实体赏罚,3924977,393,A168_HF9F_20260827_0900,2026-08-27 09:00:00
2026-03-25,131525470,2117,0,105.3269083920,25.0151407431,25.0151407431,1.0000000,3,3,0.49771390000000000,0.497713900000,1.0045827004620043,1.0045827004620043,1.0045827004620043,0E-17,ELIGIBLE,R03b_20260811_FULL_v1,L1_ELIGIBILITY,v2026-08-11,2026-03-21..2026-08-06,baccarat_bet02_101_all_pairs_incl_sentinel,round_win = game_pnl > 0 (decisive only),COMPATIBILITY_ONLY_NOT_PRODUCTION,4813.5884,3984.0278,-61.8305,157,157,0.01284500,,0.01284500,0.01284500,61.8305,4813.5884,OK,0.0000,-2.4732,4.0000,96.0000,AG03-UNRESOLVED,ALL5_LEVELS_bet23_to_bet27,-2.4732,-2.4732,-2.4732,-3.0915,-3.0915,4.000000,4.000000,4.000000,5.000000,5.000000,96.000000,96.000000,96.000000,95.000000,95.000000,5.0,-13.6027,-12.4604,-48.2278,-49.3701,PENDING_AG03,FALSE,NOT_FOR_ENFORCEMENT,-59.3573,3824.6667,-61.8305,-59.3573,-2.4732,-0.01284500,-0.01233120,-2.4732,-59.3573,-0.01233120,-2.4732,-2.4732,-2.4732,-3.0915,-3.0915,-59.3573,-0.01233120,-13.6027,-12.4604,-48.2278,-49.3701,-0.01001910,-0.0102564,-0.00051380,30.6598,25.3760,-0.3938,-4.1220,-0.5424,320.9059,10.4667,,30.6598,13.1659,26.176,39.4976,52.6635,78.5279,104.3374,23.6986,0.0,3.0,3.986001,1.171296,29,64,9,2,0E-8,-0.01284500,,0E-8,0.000000,0.827663,0.000000,,2026-03-21,2026-04-08,15,114,103,19,0.789474,,,0.000000,,,,,,,,GLOBAL_BASELINE_NO_ENTITY_RANKING,,,NOT_APPLICABLE_GLOBAL_BASELINE,HF9g-P5,,,,X 全窗基线 · 不参与实体赏罚,3924978,393,A168_HF9F_20260827_0900,2026-08-27 09:00:00
2026-03-25,131525470,2218,0,36.8644179372,-36.8644179372,-36.8644179372,0E-7,2,2,0.49324550000000000,0.493245500000,-1.3952362676504506,-1.3952362676504506,-1.3952362676504506,0E-17,ELIGIBLE,R03b_20260811_FULL_v1,L1_ELIGIBILITY,v2026-08-11,2026-03-21..2026-08-06,baccarat_bet02_101_all_pairs_incl_sentinel,round_win = game_pnl > 0 (decisive only),COMPATIBILITY_ONLY_NOT_PRODUCTION,4813.5884,3984.0278,-61.8305,157,157,0.01284500,,0.01284500,0.01284500,61.8305,4813.5884,OK,0.0000,-2.4732,4.0000,96.0000,AG03-UNRESOLVED,ALL5_LEVELS_bet23_to_bet27,-2.4732,-2.4732,-2.4732,-3.0915,-3.0915,4.000000,4.000000,4.000000,5.000000,5.000000,96.000000,96.000000,96.000000,95.000000,95.000000,5.0,-13.6027,-12.4604,-48.2278,-49.3701,PENDING_AG03,FALSE,NOT_FOR_ENFORCEMENT,-59.3573,3824.6667,-61.8305,-59.3573,-2.4732,-0.01284500,-0.01233120,-2.4732,-59.3573,-0.01233120,-2.4732,-2.4732,-2.4732,-3.0915,-3.0915,-59.3573,-0.01233120,-13.6027,-12.4604,-48.2278,-49.3701,-0.01001910,-0.0102564,-0.00051380,30.6598,25.3760,-0.3938,-4.1220,-0.5424,320.9059,10.4667,,30.6598,13.1659,26.176,39.4976,52.6635,78.5279,104.3374,23.6986,0.0,3.0,3.986001,1.171296,29,64,9,2,0E-8,-0.01284500,,0E-8,0.000000,0.827663,0.000000,,2026-03-21,2026-04-08,15,114,103,19,0.789474,,,0.000000,,,,,,,,GLOBAL_BASELINE_NO_ENTITY_RANKING,,,NOT_APPLICABLE_GLOBAL_BASELINE,HF9g-P5,,,,X 全窗基线 · 不参与实体赏罚,3924979,393,A168_HF9F_20260827_0900,2026-08-27 09:00:00
2026-03-25,131525470,2234,0,26.3317270980,-13.1658635490,-13.1658635490,0E-7,2,2,0.49324550000000000,0.493245500000,-0.9865810262130424,-0.9865810262130424,-0.9865810262130424,0E-17,ELIGIBLE,R03b_20260811_FULL_v1,L1_ELIGIBILITY,v2026-08-11,2026-03-21..2026-08-06,baccarat_bet02_101_all_pairs_incl_sentinel,round_win = game_pnl > 0 (decisive only),COMPATIBILITY_ONLY_NOT_PRODUCTION,4813.5884,3984.0278,-61.8305,157,157,0.01284500,,0.01284500,0.01284500,61.8305,4813.5884,OK,0.0000,-2.4732,4.0000,96.0000,AG03-UNRESOLVED,ALL5_LEVELS_bet23_to_bet27,-2.4732,-2.4732,-2.4732,-3.0915,-3.0915,4.000000,4.000000,4.000000,5.000000,5.000000,96.000000,96.000000,96.000000,95.000000,95.000000,5.0,-13.6027,-12.4604,-48.2278,-49.3701,PENDING_AG03,FALSE,NOT_FOR_ENFORCEMENT,-59.3573,3824.6667,-61.8305,-59.3573,-2.4732,-0.01284500,-0.01233120,-2.4732,-59.3573,-0.01233120,-2.4732,-2.4732,-2.4732,-3.0915,-3.0915,-59.3573,-0.01233120,-13.6027,-12.4604,-48.2278,-49.3701,-0.01001910,-0.0102564,-0.00051380,30.6598,25.3760,-0.3938,-4.1220,-0.5424,320.9059,10.4667,,30.6598,13.1659,26.176,39.4976,52.6635,78.5279,104.3374,23.6986,0.0,3.0,3.986001,1.171296,29,64,9,2,0E-8,-0.01284500,,0E-8,0.000000,0.827663,0.000000,,2026-03-21,2026-04-08,15,114,103,19,0.789474,,,0.000000,,,,,,,,GLOBAL_BASELINE_NO_ENTITY_RANKING,,,NOT_APPLICABLE_GLOBAL_BASELINE,HF9g-P5,,,,X 全窗基线 · 不参与实体赏罚,3924980,393,A168_HF9F_20260827_0900,2026-08-27 09:00:00
2026-03-25,131525470,2235,0,23.6985543882,-23.6985543882,-23.6985543882,0E-7,1,1,0.49324550000000000,0.493245500000,-0.9865810262130424,-0.9865810262130424,-0.9865810262130424,0E-17,ELIGIBLE,R03b_20260811_FULL_v1,L1_ELIGIBILITY,v2026-08-11,2026-03-21..2026-08-06,baccarat_bet02_101_all_pairs_incl_sentinel,round_win = game_pnl > 0 (decisive only),COMPATIBILITY_ONLY_NOT_PRODUCTION,4813.5884,3984.0278,-61.8305,157,157,0.01284500,,0.01284500,0.01284500,61.8305,4813.5884,OK,0.0000,-2.4732,4.0000,96.0000,AG03-UNRESOLVED,ALL5_LEVELS_bet23_to_bet27,-2.4732,-2.4732,-2.4732,-3.0915,-3.0915,4.000000,4.000000,4.000000,5.000000,5.000000,96.000000,96.000000,96.000000,95.000000,95.000000,5.0,-13.6027,-12.4604,-48.2278,-49.3701,PENDING_AG03,FALSE,NOT_FOR_ENFORCEMENT,-59.3573,3824.6667,-61.8305,-59.3573,-2.4732,-0.01284500,-0.01233120,-2.4732,-59.3573,-0.01233120,-2.4732,-2.4732,-2.4732,-3.0915,-3.0915,-59.3573,-0.01233120,-13.6027,-12.4604,-48.2278,-49.3701,-0.01001910,-0.0102564,-0.00051380,30.6598,25.3760,-0.3938,-4.1220,-0.5424,320.9059,10.4667,,30.6598,13.1659,26.176,39.4976,52.6635,78.5279,104.3374,23.6986,0.0,3.0,3.986001,1.171296,29,64,9,2,0E-8,-0.01284500,,0E-8,0.000000,0.827663,0.000000,,2026-03-21,2026-04-08,15,114,103,19,0.789474,,,0.000000,,,,,,,,GLOBAL_BASELINE_NO_ENTITY_RANKING,,,NOT_APPLICABLE_GLOBAL_BASELINE,HF9g-P5,,,,X 全窗基线 · 不参与实体赏罚,3924981,393,A168_HF9F_20260827_0900,2026-08-27 09:00:00
2026-03-25,131525470,462,0,13.1658635490,12.5075703715,12.5075703715,1.0000000,1,1,0.50665070000000000,0.506650700000,0.9867858985152569,0.9867858985152569,0.9867858985152569,0E-17,ELIGIBLE,R03b_20260811_FULL_v1,L1_ELIGIBILITY,v2026-08-11,2026-03-21..2026-08-06,baccarat_bet02_101_all_pairs_incl_sentinel,round_win = game_pnl > 0 (decisive only),COMPATIBILITY_ONLY_NOT_PRODUCTION,4813.5884,3984.0278,-61.8305,157,157,0.01284500,,0.01284500,0.01284500,61.8305,4813.5884,OK,0.0000,-2.4732,4.0000,96.0000,AG03-UNRESOLVED,ALL5_LEVELS_bet23_to_bet27,-2.4732,-2.4732,-2.4732,-3.0915,-3.0915,4.000000,4.000000,4.000000,5.000000,5.000000,96.000000,96.000000,96.000000,95.000000,95.000000,5.0,-13.6027,-12.4604,-48.2278,-49.3701,PENDING_AG03,FALSE,NOT_FOR_ENFORCEMENT,-59.3573,3824.6667,-61.8305,-59.3573,-2.4732,-0.01284500,-0.01233120,-2.4732,-59.3573,-0.01233120,-2.4732,-2.4732,-2.4732,-3.0915,-3.0915,-59.3573,-0.01233120,-13.6027,-12.4604,-48.2278,-49.3701,-0.01001910,-0.0102564,-0.00051380,30.6598,25.3760,-0.3938,-4.1220,-0.5424,320.9059,10.4667,,30.6598,13.1659,26.176,39.4976,52.6635,78.5279,104.3374,23.6986,0.0,3.0,3.986001,1.171296,29,64,9,2,0E-8,-0.01284500,,0E-8,0.000000,0.827663,0.000000,,2026-03-21,2026-04-08,15,114,103,19,0.789474,,,0.000000,,,,,,,,GLOBAL_BASELINE_NO_ENTITY_RANKING,,,NOT_APPLICABLE_GLOBAL_BASELINE,HF9g-P5,,,,X 全窗基线 · 不参与实体赏罚,3924982,393,A168_HF9F_20260827_0900,2026-08-27 09:00:00
2026-03-26,131525470,-1,1,13.6924980909,13.0078731864,13.0078731864,1.0000000,1,1,0.50665070000000000,0.506650700000,0.9867858985152569,0.9867858985152569,0.9867858985152569,0E-17,SENTINEL_DEALER,R03b_20260811_FULL_v1,L1_ELIGIBILITY,v2026-08-11,2026-03-21..2026-08-06,baccarat_bet02_101_all_pairs_incl_sentinel,round_win = game_pnl > 0 (decisive only),COMPATIBILITY_ONLY_NOT_PRODUCTION,4813.5884,3984.0278,-61.8305,157,157,0.01284500,,0.01284500,0.01284500,61.8305,4813.5884,OK,0.0000,-2.4732,4.0000,96.0000,AG03-UNRESOLVED,ALL5_LEVELS_bet23_to_bet27,-2.4732,-2.4732,-2.4732,-3.0915,-3.0915,4.000000,4.000000,4.000000,5.000000,5.000000,96.000000,96.000000,96.000000,95.000000,95.000000,5.0,-13.6027,-12.4604,-48.2278,-49.3701,PENDING_AG03,FALSE,NOT_FOR_ENFORCEMENT,-59.3573,3824.6667,-61.8305,-59.3573,-2.4732,-0.01284500,-0.01233120,-2.4732,-59.3573,-0.01233120,-2.4732,-2.4732,-2.4732,-3.0915,-3.0915,-59.3573,-0.01233120,-13.6027,-12.4604,-48.2278,-49.3701,-0.01001910,-0.0102564,-0.00051380,30.6598,25.3760,-0.3938,-4.1220,-0.5424,320.9059,10.4667,,30.6598,13.1659,26.176,39.4976,52.6635,78.5279,104.3374,23.6986,0.0,3.0,3.986001,1.171296,29,64,9,2,0E-8,-0.01284500,,0E-8,0.000000,0.827663,0.000000,,2026-03-21,2026-04-08,15,114,103,19,0.789474,,,0.000000,,,,,,,,GLOBAL_BASELINE_NO_ENTITY_RANKING,,,NOT_APPLICABLE_GLOBAL_BASELINE,HF9g-P5,,,,X 全窗基线 · 不参与实体赏罚,3924983,393,A168_HF9F_20260827_0900,2026-08-27 09:00:00
2026-03-26,131525470,1307,0,51.8735023830,-51.8735023830,-51.8735023830,0E-7,1,1,0.50665070000000000,0.506650700000,-1.013391052207602,-1.013391052207602,-1.013391052207602,0E-17,ELIGIBLE,R03b_20260811_FULL_v1,L1_ELIGIBILITY,v2026-08-11,2026-03-21..2026-08-06,baccarat_bet02_101_all_pairs_incl_sentinel,round_win = game_pnl > 0 (decisive only),COMPATIBILITY_ONLY_NOT_PRODUCTION,4813.5884,3984.0278,-61.8305,157,157,0.01284500,,0.01284500,0.01284500,61.8305,4813.5884,OK,0.0000,-2.4732,4.0000,96.0000,AG03-UNRESOLVED,ALL5_LEVELS_bet23_to_bet27,-2.4732,-2.4732,-2.4732,-3.0915,-3.0915,4.000000,4.000000,4.000000,5.000000,5.000000,96.000000,96.000000,96.000000,95.000000,95.000000,5.0,-13.6027,-12.4604,-48.2278,-49.3701,PENDING_AG03,FALSE,NOT_FOR_ENFORCEMENT,-59.3573,3824.6667,-61.8305,-59.3573,-2.4732,-0.01284500,-0.01233120,-2.4732,-59.3573,-0.01233120,-2.4732,-2.4732,-2.4732,-3.0915,-3.0915,-59.3573,-0.01233120,-13.6027,-12.4604,-48.2278,-49.3701,-0.01001910,-0.0102564,-0.00051380,30.6598,25.3760,-0.3938,-4.1220,-0.5424,320.9059,10.4667,,30.6598,13.1659,26.176,39.4976,52.6635,78.5279,104.3374,23.6986,0.0,3.0,3.986001,1.171296,29,64,9,2,0E-8,-0.01284500,,0E-8,0.000000,0.827663,0.000000,,2026-03-21,2026-04-08,15,114,103,19,0.789474,,,0.000000,,,,,,,,GLOBAL_BASELINE_NO_ENTITY_RANKING,,,NOT_APPLICABLE_GLOBAL_BASELINE,HF9g-P5,,,,X 全窗基线 · 不参与实体赏罚,3924984,393,A168_HF9F_20260827_0900,2026-08-27 09:00:00
2026-03-26,131525470,2088,0,26.5950443690,25.2652921505,25.2652921505,1.0000000,1,1,0.50665070000000000,0.506650700000,0.9867858985152569,0.9867858985152569,0.9867858985152569,0E-17,ELIGIBLE,R03b_20260811_FULL_v1,L1_ELIGIBILITY,v2026-08-11,2026-03-21..2026-08-06,baccarat_bet02_101_all_pairs_incl_sentinel,round_win = game_pnl > 0 (decisive only),COMPATIBILITY_ONLY_NOT_PRODUCTION,4813.5884,3984.0278,-61.8305,157,157,0.01284500,,0.01284500,0.01284500,61.8305,4813.5884,OK,0.0000,-2.4732,4.0000,96.0000,AG03-UNRESOLVED,ALL5_LEVELS_bet23_to_bet27,-2.4732,-2.4732,-2.4732,-3.0915,-3.0915,4.000000,4.000000,4.000000,5.000000,5.000000,96.000000,96.000000,96.000000,95.000000,95.000000,5.0,-13.6027,-12.4604,-48.2278,-49.3701,PENDING_AG03,FALSE,NOT_FOR_ENFORCEMENT,-59.3573,3824.6667,-61.8305,-59.3573,-2.4732,-0.01284500,-0.01233120,-2.4732,-59.3573,-0.01233120,-2.4732,-2.4732,-2.4732,-3.0915,-3.0915,-59.3573,-0.01233120,-13.6027,-12.4604,-48.2278,-49.3701,-0.01001910,-0.0102564,-0.00051380,30.6598,25.3760,-0.3938,-4.1220,-0.5424,320.9059,10.4667,,30.6598,13.1659,26.176,39.4976,52.6635,78.5279,104.3374,23.6986,0.0,3.0,3.986001,1.171296,29,64,9,2,0E-8,-0.01284500,,0E-8,0.000000,0.827663,0.000000,,2026-03-21,2026-04-08,15,114,103,19,0.789474,,,0.000000,,,,,,,,GLOBAL_BASELINE_NO_ENTITY_RANKING,,,NOT_APPLICABLE_GLOBAL_BASELINE,HF9g-P5,,,,X 全窗基线 · 不参与实体赏罚,3924985,393,A168_HF9F_20260827_0900,2026-08-27 09:00:00
2026-03-26,131525470,2117,0,26.3317270980,25.0151407431,25.0151407431,1.0000000,1,1,0.50665070000000000,0.506650700000,0.9867858985152569,0.9867858985152569,0.9867858985152569,0E-17,ELIGIBLE,R03b_20260811_FULL_v1,L1_ELIGIBILITY,v2026-08-11,2026-03-21..2026-08-06,baccarat_bet02_101_all_pairs_incl_sentinel,round_win = game_pnl > 0 (decisive only),COMPATIBILITY_ONLY_NOT_PRODUCTION,4813.5884,3984.0278,-61.8305,157,157,0.01284500,,0.01284500,0.01284500,61.8305,4813.5884,OK,0.0000,-2.4732,4.0000,96.0000,AG03-UNRESOLVED,ALL5_LEVELS_bet23_to_bet27,-2.4732,-2.4732,-2.4732,-3.0915,-3.0915,4.000000,4.000000,4.000000,5.000000,5.000000,96.000000,96.000000,96.000000,95.000000,95.000000,5.0,-13.6027,-12.4604,-48.2278,-49.3701,PENDING_AG03,FALSE,NOT_FOR_ENFORCEMENT,-59.3573,3824.6667,-61.8305,-59.3573,-2.4732,-0.01284500,-0.01233120,-2.4732,-59.3573,-0.01233120,-2.4732,-2.4732,-2.4732,-3.0915,-3.0915,-59.3573,-0.01233120,-13.6027,-12.4604,-48.2278,-49.3701,-0.01001910,-0.0102564,-0.00051380,30.6598,25.3760,-0.3938,-4.1220,-0.5424,320.9059,10.4667,,30.6598,13.1659,26.176,39.4976,52.6635,78.5279,104.3374,23.6986,0.0,3.0,3.986001,1.171296,29,64,9,2,0E-8,-0.01284500,,0E-8,0.000000,0.827663,0.000000,,2026-03-21,2026-04-08,15,114,103,19,0.789474,,,0.000000,,,,,,,,GLOBAL_BASELINE_NO_ENTITY_RANKING,,,NOT_APPLICABLE_GLOBAL_BASELINE,HF9g-P5,,,,X 全窗基线 · 不参与实体赏罚,3924986,393,A168_HF9F_20260827_0900,2026-08-27 09:00:00
2026-03-26,131525470,2171,0,18.4322089686,-18.4322089686,-18.4322089686,0E-7,1,1,0.50665070000000000,0.506650700000,-1.013391052207602,-1.013391052207602,-1.013391052207602,0E-17,ELIGIBLE,R03b_20260811_FULL_v1,L1_ELIGIBILITY,v2026-08-11,2026-03-21..2026-08-06,baccarat_bet02_101_all_pairs_incl_sentinel,round_win = game_pnl > 0 (decisive only),COMPATIBILITY_ONLY_NOT_PRODUCTION,4813.5884,3984.0278,-61.8305,157,157,0.01284500,,0.01284500,0.01284500,61.8305,4813.5884,OK,0.0000,-2.4732,4.0000,96.0000,AG03-UNRESOLVED,ALL5_LEVELS_bet23_to_bet27,-2.4732,-2.4732,-2.4732,-3.0915,-3.0915,4.000000,4.000000,4.000000,5.000000,5.000000,96.000000,96.000000,96.000000,95.000000,95.000000,5.0,-13.6027,-12.4604,-48.2278,-49.3701,PENDING_AG03,FALSE,NOT_FOR_ENFORCEMENT,-59.3573,3824.6667,-61.8305,-59.3573,-2.4732,-0.01284500,-0.01233120,-2.4732,-59.3573,-0.01233120,-2.4732,-2.4732,-2.4732,-3.0915,-3.0915,-59.3573,-0.01233120,-13.6027,-12.4604,-48.2278,-49.3701,-0.01001910,-0.0102564,-0.00051380,30.6598,25.3760,-0.3938,-4.1220,-0.5424,320.9059,10.4667,,30.6598,13.1659,26.176,39.4976,52.6635,78.5279,104.3374,23.6986,0.0,3.0,3.986001,1.171296,29,64,9,2,0E-8,-0.01284500,,0E-8,0.000000,0.827663,0.000000,,2026-03-21,2026-04-08,15,114,103,19,0.789474,,,0.000000,,,,,,,,GLOBAL_BASELINE_NO_ENTITY_RANKING,,,NOT_APPLICABLE_GLOBAL_BASELINE,HF9g-P5,,,,X 全窗基线 · 不参与实体赏罚,3924987,393,A168_HF9F_20260827_0900,2026-08-27 09:00:00
2026-03-26,131525470,2264,0,6.8462490455,6.8462490455,6.8462490455,1.0000000,1,1,0.49324550000000000,0.493245500000,1.01360149184955,1.01360149184955,1.01360149184955,0E-17,ELIGIBLE,R03b_20260811_FULL_v1,L1_ELIGIBILITY,v2026-08-11,2026-03-21..2026-08-06,baccarat_bet02_101_all_pairs_incl_sentinel,round_win = game_pnl > 0 (decisive only),COMPATIBILITY_ONLY_NOT_PRODUCTION,4813.5884,3984.0278,-61.8305,157,157,0.01284500,,0.01284500,0.01284500,61.8305,4813.5884,OK,0.0000,-2.4732,4.0000,96.0000,AG03-UNRESOLVED,ALL5_LEVELS_bet23_to_bet27,-2.4732,-2.4732,-2.4732,-3.0915,-3.0915,4.000000,4.000000,4.000000,5.000000,5.000000,96.000000,96.000000,96.000000,95.000000,95.000000,5.0,-13.6027,-12.4604,-48.2278,-49.3701,PENDING_AG03,FALSE,NOT_FOR_ENFORCEMENT,-59.3573,3824.6667,-61.8305,-59.3573,-2.4732,-0.01284500,-0.01233120,-2.4732,-59.3573,-0.01233120,-2.4732,-2.4732,-2.4732,-3.0915,-3.0915,-59.3573,-0.01233120,-13.6027,-12.4604,-48.2278,-49.3701,-0.01001910,-0.0102564,-0.00051380,30.6598,25.3760,-0.3938,-4.1220,-0.5424,320.9059,10.4667,,30.6598,13.1659,26.176,39.4976,52.6635,78.5279,104.3374,23.6986,0.0,3.0,3.986001,1.171296,29,64,9,2,0E-8,-0.01284500,,0E-8,0.000000,0.827663,0.000000,,2026-03-21,2026-04-08,15,114,103,19,0.789474,,,0.000000,,,,,,,,GLOBAL_BASELINE_NO_ENTITY_RANKING,,,NOT_APPLICABLE_GLOBAL_BASELINE,HF9g-P5,,,,X 全窗基线 · 不参与实体赏罚,3924988,393,A168_HF9F_20260827_0900,2026-08-27 09:00:00
2026-03-28,131525470,-1,1,50.0302814862,48.7136951313,48.7136951313,1.0000000,2,2,0.49994810000000000,0.499948100000,1.4143603653603398,1.4143603653603398,1.4143603653603398,0E-17,SENTINEL_DEALER,R03b_20260811_FULL_v1,L1_ELIGIBILITY,v2026-08-11,2026-03-21..2026-08-06,baccarat_bet02_101_all_pairs_incl_sentinel,round_win = game_pnl > 0 (decisive only),COMPATIBILITY_ONLY_NOT_PRODUCTION,4813.5884,3984.0278,-61.8305,157,157,0.01284500,,0.01284500,0.01284500,61.8305,4813.5884,OK,0.0000,-2.4732,4.0000,96.0000,AG03-UNRESOLVED,ALL5_LEVELS_bet23_to_bet27,-2.4732,-2.4732,-2.4732,-3.0915,-3.0915,4.000000,4.000000,4.000000,5.000000,5.000000,96.000000,96.000000,96.000000,95.000000,95.000000,5.0,-13.6027,-12.4604,-48.2278,-49.3701,PENDING_AG03,FALSE,NOT_FOR_ENFORCEMENT,-59.3573,3824.6667,-61.8305,-59.3573,-2.4732,-0.01284500,-0.01233120,-2.4732,-59.3573,-0.01233120,-2.4732,-2.4732,-2.4732,-3.0915,-3.0915,-59.3573,-0.01233120,-13.6027,-12.4604,-48.2278,-49.3701,-0.01001910,-0.0102564,-0.00051380,30.6598,25.3760,-0.3938,-4.1220,-0.5424,320.9059,10.4667,,30.6598,13.1659,26.176,39.4976,52.6635,78.5279,104.3374,23.6986,0.0,3.0,3.986001,1.171296,29,64,9,2,0E-8,-0.01284500,,0E-8,0.000000,0.827663,0.000000,,2026-03-21,2026-04-08,15,114,103,19,0.789474,,,0.000000,,,,,,,,GLOBAL_BASELINE_NO_ENTITY_RANKING,,,NOT_APPLICABLE_GLOBAL_BASELINE,HF9g-P5,,,,X 全窗基线 · 不参与实体赏罚,3924989,393,A168_HF9F_20260827_0900,2026-08-27 09:00:00
2026-03-28,131525470,1304,0,21.0653816784,-21.0653816784,-21.0653816784,0E-7,1,1,0.49324550000000000,0.493245500000,-0.9865810262130424,-0.9865810262130424,-0.9865810262130424,0E-17,ELIGIBLE,R03b_20260811_FULL_v1,L1_ELIGIBILITY,v2026-08-11,2026-03-21..2026-08-06,baccarat_bet02_101_all_pairs_incl_sentinel,round_win = game_pnl > 0 (decisive only),COMPATIBILITY_ONLY_NOT_PRODUCTION,4813.5884,3984.0278,-61.8305,157,157,0.01284500,,0.01284500,0.01284500,61.8305,4813.5884,OK,0.0000,-2.4732,4.0000,96.0000,AG03-UNRESOLVED,ALL5_LEVELS_bet23_to_bet27,-2.4732,-2.4732,-2.4732,-3.0915,-3.0915,4.000000,4.000000,4.000000,5.000000,5.000000,96.000000,96.000000,96.000000,95.000000,95.000000,5.0,-13.6027,-12.4604,-48.2278,-49.3701,PENDING_AG03,FALSE,NOT_FOR_ENFORCEMENT,-59.3573,3824.6667,-61.8305,-59.3573,-2.4732,-0.01284500,-0.01233120,-2.4732,-59.3573,-0.01233120,-2.4732,-2.4732,-2.4732,-3.0915,-3.0915,-59.3573,-0.01233120,-13.6027,-12.4604,-48.2278,-49.3701,-0.01001910,-0.0102564,-0.00051380,30.6598,25.3760,-0.3938,-4.1220,-0.5424,320.9059,10.4667,,30.6598,13.1659,26.176,39.4976,52.6635,78.5279,104.3374,23.6986,0.0,3.0,3.986001,1.171296,29,64,9,2,0E-8,-0.01284500,,0E-8,0.000000,0.827663,0.000000,,2026-03-21,2026-04-08,15,114,103,19,0.789474,,,0.000000,,,,,,,,GLOBAL_BASELINE_NO_ENTITY_RANKING,,,NOT_APPLICABLE_GLOBAL_BASELINE,HF9g-P5,,,,X 全窗基线 · 不参与实体赏罚,3924990,393,A168_HF9F_20260827_0900,2026-08-27 09:00:00
2026-03-28,131525470,1401,0,80.5750849198,-80.5750849198,-80.5750849198,0E-7,1,1,0.50665070000000000,0.506650700000,-1.013391052207602,-1.013391052207602,-1.013391052207602,0E-17,ELIGIBLE,R03b_20260811_FULL_v1,L1_ELIGIBILITY,v2026-08-11,2026-03-21..2026-08-06,baccarat_bet02_101_all_pairs_incl_sentinel,round_win = game_pnl > 0 (decisive only),COMPATIBILITY_ONLY_NOT_PRODUCTION,4813.5884,3984.0278,-61.8305,157,157,0.01284500,,0.01284500,0.01284500,61.8305,4813.5884,OK,0.0000,-2.4732,4.0000,96.0000,AG03-UNRESOLVED,ALL5_LEVELS_bet23_to_bet27,-2.4732,-2.4732,-2.4732,-3.0915,-3.0915,4.000000,4.000000,4.000000,5.000000,5.000000,96.000000,96.000000,96.000000,95.000000,95.000000,5.0,-13.6027,-12.4604,-48.2278,-49.3701,PENDING_AG03,FALSE,NOT_FOR_ENFORCEMENT,-59.3573,3824.6667,-61.8305,-59.3573,-2.4732,-0.01284500,-0.01233120,-2.4732,-59.3573,-0.01233120,-2.4732,-2.4732,-2.4732,-3.0915,-3.0915,-59.3573,-0.01233120,-13.6027,-12.4604,-48.2278,-49.3701,-0.01001910,-0.0102564,-0.00051380,30.6598,25.3760,-0.3938,-4.1220,-0.5424,320.9059,10.4667,,30.6598,13.1659,26.176,39.4976,52.6635,78.5279,104.3374,23.6986,0.0,3.0,3.986001,1.171296,29,64,9,2,0E-8,-0.01284500,,0E-8,0.000000,0.827663,0.000000,,2026-03-21,2026-04-08,15,114,103,19,0.789474,,,0.000000,,,,,,,,GLOBAL_BASELINE_NO_ENTITY_RANKING,,,NOT_APPLICABLE_GLOBAL_BASELINE,HF9g-P5,,,,X 全窗基线 · 不参与实体赏罚,3924991,393,A168_HF9F_20260827_0900,2026-08-27 09:00:00
2026-03-28,131525470,1402,0,14.2191326329,-14.2191326329,-14.2191326329,0E-7,1,1,0.49324550000000000,0.493245500000,-0.9865810262130424,-0.9865810262130424,-0.9865810262130424,0E-17,ELIGIBLE,R03b_20260811_FULL_v1,L1_ELIGIBILITY,v2026-08-11,2026-03-21..2026-08-06,baccarat_bet02_101_all_pairs_incl_sentinel,round_win = game_pnl > 0 (decisive only),COMPATIBILITY_ONLY_NOT_PRODUCTION,4813.5884,3984.0278,-61.8305,157,157,0.01284500,,0.01284500,0.01284500,61.8305,4813.5884,OK,0.0000,-2.4732,4.0000,96.0000,AG03-UNRESOLVED,ALL5_LEVELS_bet23_to_bet27,-2.4732,-2.4732,-2.4732,-3.0915,-3.0915,4.000000,4.000000,4.000000,5.000000,5.000000,96.000000,96.000000,96.000000,95.000000,95.000000,5.0,-13.6027,-12.4604,-48.2278,-49.3701,PENDING_AG03,FALSE,NOT_FOR_ENFORCEMENT,-59.3573,3824.6667,-61.8305,-59.3573,-2.4732,-0.01284500,-0.01233120,-2.4732,-59.3573,-0.01233120,-2.4732,-2.4732,-2.4732,-3.0915,-3.0915,-59.3573,-0.01233120,-13.6027,-12.4604,-48.2278,-49.3701,-0.01001910,-0.0102564,-0.00051380,30.6598,25.3760,-0.3938,-4.1220,-0.5424,320.9059,10.4667,,30.6598,13.1659,26.176,39.4976,52.6635,78.5279,104.3374,23.6986,0.0,3.0,3.986001,1.171296,29,64,9,2,0E-8,-0.01284500,,0E-8,0.000000,0.827663,0.000000,,2026-03-21,2026-04-08,15,114,103,19,0.789474,,,0.000000,,,,,,,,GLOBAL_BASELINE_NO_ENTITY_RANKING,,,NOT_APPLICABLE_GLOBAL_BASELINE,HF9g-P5,,,,X 全窗基线 · 不参与实体赏罚,3924992,393,A168_HF9F_20260827_0900,2026-08-27 09:00:00
2026-03-28,131525470,2233,0,14.2191326329,0E-10,0E-10,,1,1,0.50665070000000000,0.506650700000,,,,0E-17,NO_DECISIVE_ROUND,R03b_20260811_FULL_v1,L1_ELIGIBILITY,v2026-08-11,2026-03-21..2026-08-06,baccarat_bet02_101_all_pairs_incl_sentinel,round_win = game_pnl > 0 (decisive only),COMPATIBILITY_ONLY_NOT_PRODUCTION,4813.5884,3984.0278,-61.8305,157,157,0.01284500,,0.01284500,0.01284500,61.8305,4813.5884,OK,0.0000,-2.4732,4.0000,96.0000,AG03-UNRESOLVED,ALL5_LEVELS_bet23_to_bet27,-2.4732,-2.4732,-2.4732,-3.0915,-3.0915,4.000000,4.000000,4.000000,5.000000,5.000000,96.000000,96.000000,96.000000,95.000000,95.000000,5.0,-13.6027,-12.4604,-48.2278,-49.3701,PENDING_AG03,FALSE,NOT_FOR_ENFORCEMENT,-59.3573,3824.6667,-61.8305,-59.3573,-2.4732,-0.01284500,-0.01233120,-2.4732,-59.3573,-0.01233120,-2.4732,-2.4732,-2.4732,-3.0915,-3.0915,-59.3573,-0.01233120,-13.6027,-12.4604,-48.2278,-49.3701,-0.01001910,-0.0102564,-0.00051380,30.6598,25.3760,-0.3938,-4.1220,-0.5424,320.9059,10.4667,,30.6598,13.1659,26.176,39.4976,52.6635,78.5279,104.3374,23.6986,0.0,3.0,3.986001,1.171296,29,64,9,2,0E-8,-0.01284500,,0E-8,0.000000,0.827663,0.000000,,2026-03-21,2026-04-08,15,114,103,19,0.789474,,,0.000000,,,,,,,,GLOBAL_BASELINE_NO_ENTITY_RANKING,,,NOT_APPLICABLE_GLOBAL_BASELINE,HF9g-P5,,,,X 全窗基线 · 不参与实体赏罚,3924993,393,A168_HF9F_20260827_0900,2026-08-27 09:00:00
2026-03-28,131525470,2239,0,52.6634541960,-52.6634541960,-52.6634541960,0E-7,1,1,0.49324550000000000,0.493245500000,-0.9865810262130424,-0.9865810262130424,-0.9865810262130424,0E-17,ELIGIBLE,R03b_20260811_FULL_v1,L1_ELIGIBILITY,v2026-08-11,2026-03-21..2026-08-06,baccarat_bet02_101_all_pairs_incl_sentinel,round_win = game_pnl > 0 (decisive only),COMPATIBILITY_ONLY_NOT_PRODUCTION,4813.5884,3984.0278,-61.8305,157,157,0.01284500,,0.01284500,0.01284500,61.8305,4813.5884,OK,0.0000,-2.4732,4.0000,96.0000,AG03-UNRESOLVED,ALL5_LEVELS_bet23_to_bet27,-2.4732,-2.4732,-2.4732,-3.0915,-3.0915,4.000000,4.000000,4.000000,5.000000,5.000000,96.000000,96.000000,96.000000,95.000000,95.000000,5.0,-13.6027,-12.4604,-48.2278,-49.3701,PENDING_AG03,FALSE,NOT_FOR_ENFORCEMENT,-59.3573,3824.6667,-61.8305,-59.3573,-2.4732,-0.01284500,-0.01233120,-2.4732,-59.3573,-0.01233120,-2.4732,-2.4732,-2.4732,-3.0915,-3.0915,-59.3573,-0.01233120,-13.6027,-12.4604,-48.2278,-49.3701,-0.01001910,-0.0102564,-0.00051380,30.6598,25.3760,-0.3938,-4.1220,-0.5424,320.9059,10.4667,,30.6598,13.1659,26.176,39.4976,52.6635,78.5279,104.3374,23.6986,0.0,3.0,3.986001,1.171296,29,64,9,2,0E-8,-0.01284500,,0E-8,0.000000,0.827663,0.000000,,2026-03-21,2026-04-08,15,114,103,19,0.789474,,,0.000000,,,,,,,,GLOBAL_BASELINE_NO_ENTITY_RANKING,,,NOT_APPLICABLE_GLOBAL_BASELINE,HF9g-P5,,,,X 全窗基线 · 不参与实体赏罚,3924994,393,A168_HF9F_20260827_0900,2026-08-27 09:00:00
2026-03-29,131525470,1331,0,6.5829317745,6.5829317745,6.5829317745,1.0000000,1,1,0.49324550000000000,0.493245500000,1.01360149184955,1.01360149184955,1.01360149184955,0E-17,ELIGIBLE,R03b_20260811_FULL_v1,L1_ELIGIBILITY,v2026-08-11,2026-03-21..2026-08-06,baccarat_bet02_101_all_pairs_incl_sentinel,round_win = game_pnl > 0 (decisive only),COMPATIBILITY_ONLY_NOT_PRODUCTION,4813.5884,3984.0278,-61.8305,157,157,0.01284500,,0.01284500,0.01284500,61.8305,4813.5884,OK,0.0000,-2.4732,4.0000,96.0000,AG03-UNRESOLVED,ALL5_LEVELS_bet23_to_bet27,-2.4732,-2.4732,-2.4732,-3.0915,-3.0915,4.000000,4.000000,4.000000,5.000000,5.000000,96.000000,96.000000,96.000000,95.000000,95.000000,5.0,-13.6027,-12.4604,-48.2278,-49.3701,PENDING_AG03,FALSE,NOT_FOR_ENFORCEMENT,-59.3573,3824.6667,-61.8305,-59.3573,-2.4732,-0.01284500,-0.01233120,-2.4732,-59.3573,-0.01233120,-2.4732,-2.4732,-2.4732,-3.0915,-3.0915,-59.3573,-0.01233120,-13.6027,-12.4604,-48.2278,-49.3701,-0.01001910,-0.0102564,-0.00051380,30.6598,25.3760,-0.3938,-4.1220,-0.5424,320.9059,10.4667,,30.6598,13.1659,26.176,39.4976,52.6635,78.5279,104.3374,23.6986,0.0,3.0,3.986001,1.171296,29,64,9,2,0E-8,-0.01284500,,0E-8,0.000000,0.827663,0.000000,,2026-03-21,2026-04-08,15,114,103,19,0.789474,,,0.000000,,,,,,,,GLOBAL_BASELINE_NO_ENTITY_RANKING,,,NOT_APPLICABLE_GLOBAL_BASELINE,HF9g-P5,,,,X 全窗基线 · 不参与实体赏罚,3924995,393,A168_HF9F_20260827_0900,2026-08-27 09:00:00
2026-03-29,131525470,2130,0,13.1658635490,-13.1658635490,-13.1658635490,0E-7,1,1,0.49324550000000000,0.493245500000,-0.9865810262130424,-0.9865810262130424,-0.9865810262130424,0E-17,ELIGIBLE,R03b_20260811_FULL_v1,L1_ELIGIBILITY,v2026-08-11,2026-03-21..2026-08-06,baccarat_bet02_101_all_pairs_incl_sentinel,round_win = game_pnl > 0 (decisive only),COMPATIBILITY_ONLY_NOT_PRODUCTION,4813.5884,3984.0278,-61.8305,157,157,0.01284500,,0.01284500,0.01284500,61.8305,4813.5884,OK,0.0000,-2.4732,4.0000,96.0000,AG03-UNRESOLVED,ALL5_LEVELS_bet23_to_bet27,-2.4732,-2.4732,-2.4732,-3.0915,-3.0915,4.000000,4.000000,4.000000,5.000000,5.000000,96.000000,96.000000,96.000000,95.000000,95.000000,5.0,-13.6027,-12.4604,-48.2278,-49.3701,PENDING_AG03,FALSE,NOT_FOR_ENFORCEMENT,-59.3573,3824.6667,-61.8305,-59.3573,-2.4732,-0.01284500,-0.01233120,-2.4732,-59.3573,-0.01233120,-2.4732,-2.4732,-2.4732,-3.0915,-3.0915,-59.3573,-0.01233120,-13.6027,-12.4604,-48.2278,-49.3701,-0.01001910,-0.0102564,-0.00051380,30.6598,25.3760,-0.3938,-4.1220,-0.5424,320.9059,10.4667,,30.6598,13.1659,26.176,39.4976,52.6635,78.5279,104.3374,23.6986,0.0,3.0,3.986001,1.171296,29,64,9,2,0E-8,-0.01284500,,0E-8,0.000000,0.827663,0.000000,,2026-03-21,2026-04-08,15,114,103,19,0.789474,,,0.000000,,,,,,,,GLOBAL_BASELINE_NO_ENTITY_RANKING,,,NOT_APPLICABLE_GLOBAL_BASELINE,HF9g-P5,,,,X 全窗基线 · 不参与实体赏罚,3924996,393,A168_HF9F_20260827_0900,2026-08-27 09:00:00
2026-03-30,131525470,-1,1,132.7119045738,0E-10,0E-10,,1,1,0.49324550000000000,0.493245500000,,,,0E-17,SENTINEL_DEALER,R03b_20260811_FULL_v1,L1_ELIGIBILITY,v2026-08-11,2026-03-21..2026-08-06,baccarat_bet02_101_all_pairs_incl_sentinel,round_win = game_pnl > 0 (decisive only),COMPATIBILITY_ONLY_NOT_PRODUCTION,4813.5884,3984.0278,-61.8305,157,157,0.01284500,,0.01284500,0.01284500,61.8305,4813.5884,OK,0.0000,-2.4732,4.0000,96.0000,AG03-UNRESOLVED,ALL5_LEVELS_bet23_to_bet27,-2.4732,-2.4732,-2.4732,-3.0915,-3.0915,4.000000,4.000000,4.000000,5.000000,5.000000,96.000000,96.000000,96.000000,95.000000,95.000000,5.0,-13.6027,-12.4604,-48.2278,-49.3701,PENDING_AG03,FALSE,NOT_FOR_ENFORCEMENT,-59.3573,3824.6667,-61.8305,-59.3573,-2.4732,-0.01284500,-0.01233120,-2.4732,-59.3573,-0.01233120,-2.4732,-2.4732,-2.4732,-3.0915,-3.0915,-59.3573,-0.01233120,-13.6027,-12.4604,-48.2278,-49.3701,-0.01001910,-0.0102564,-0.00051380,30.6598,25.3760,-0.3938,-4.1220,-0.5424,320.9059,10.4667,,30.6598,13.1659,26.176,39.4976,52.6635,78.5279,104.3374,23.6986,0.0,3.0,3.986001,1.171296,29,64,9,2,0E-8,-0.01284500,,0E-8,0.000000,0.827663,0.000000,,2026-03-21,2026-04-08,15,114,103,19,0.789474,,,0.000000,,,,,,,,GLOBAL_BASELINE_NO_ENTITY_RANKING,,,NOT_APPLICABLE_GLOBAL_BASELINE,HF9g-P5,,,,X 全窗基线 · 不参与实体赏罚,3924997,393,A168_HF9F_20260827_0900,2026-08-27 09:00:00
2026-03-30,131525470,1158,0,36.8644179372,36.8644179372,36.8644179372,1.0000000,1,1,0.49324550000000000,0.493245500000,1.01360149184955,1.01360149184955,1.01360149184955,0E-17,ELIGIBLE,R03b_20260811_FULL_v1,L1_ELIGIBILITY,v2026-08-11,2026-03-21..2026-08-06,baccarat_bet02_101_all_pairs_incl_sentinel,round_win = game_pnl > 0 (decisive only),COMPATIBILITY_ONLY_NOT_PRODUCTION,4813.5884,3984.0278,-61.8305,157,157,0.01284500,,0.01284500,0.01284500,61.8305,4813.5884,OK,0.0000,-2.4732,4.0000,96.0000,AG03-UNRESOLVED,ALL5_LEVELS_bet23_to_bet27,-2.4732,-2.4732,-2.4732,-3.0915,-3.0915,4.000000,4.000000,4.000000,5.000000,5.000000,96.000000,96.000000,96.000000,95.000000,95.000000,5.0,-13.6027,-12.4604,-48.2278,-49.3701,PENDING_AG03,FALSE,NOT_FOR_ENFORCEMENT,-59.3573,3824.6667,-61.8305,-59.3573,-2.4732,-0.01284500,-0.01233120,-2.4732,-59.3573,-0.01233120,-2.4732,-2.4732,-2.4732,-3.0915,-3.0915,-59.3573,-0.01233120,-13.6027,-12.4604,-48.2278,-49.3701,-0.01001910,-0.0102564,-0.00051380,30.6598,25.3760,-0.3938,-4.1220,-0.5424,320.9059,10.4667,,30.6598,13.1659,26.176,39.4976,52.6635,78.5279,104.3374,23.6986,0.0,3.0,3.986001,1.171296,29,64,9,2,0E-8,-0.01284500,,0E-8,0.000000,0.827663,0.000000,,2026-03-21,2026-04-08,15,114,103,19,0.789474,,,0.000000,,,,,,,,GLOBAL_BASELINE_NO_ENTITY_RANKING,,,NOT_APPLICABLE_GLOBAL_BASELINE,HF9g-P5,,,,X 全窗基线 · 不参与实体赏罚,3924998,393,A168_HF9F_20260827_0900,2026-08-27 09:00:00
2026-03-30,131525470,1221,0,13.1658635490,-13.1658635490,-13.1658635490,0E-7,1,1,0.49324550000000000,0.493245500000,-0.9865810262130424,-0.9865810262130424,-0.9865810262130424,0E-17,ELIGIBLE,R03b_20260811_FULL_v1,L1_ELIGIBILITY,v2026-08-11,2026-03-21..2026-08-06,baccarat_bet02_101_all_pairs_incl_sentinel,round_win = game_pnl > 0 (decisive only),COMPATIBILITY_ONLY_NOT_PRODUCTION,4813.5884,3984.0278,-61.8305,157,157,0.01284500,,0.01284500,0.01284500,61.8305,4813.5884,OK,0.0000,-2.4732,4.0000,96.0000,AG03-UNRESOLVED,ALL5_LEVELS_bet23_to_bet27,-2.4732,-2.4732,-2.4732,-3.0915,-3.0915,4.000000,4.000000,4.000000,5.000000,5.000000,96.000000,96.000000,96.000000,95.000000,95.000000,5.0,-13.6027,-12.4604,-48.2278,-49.3701,PENDING_AG03,FALSE,NOT_FOR_ENFORCEMENT,-59.3573,3824.6667,-61.8305,-59.3573,-2.4732,-0.01284500,-0.01233120,-2.4732,-59.3573,-0.01233120,-2.4732,-2.4732,-2.4732,-3.0915,-3.0915,-59.3573,-0.01233120,-13.6027,-12.4604,-48.2278,-49.3701,-0.01001910,-0.0102564,-0.00051380,30.6598,25.3760,-0.3938,-4.1220,-0.5424,320.9059,10.4667,,30.6598,13.1659,26.176,39.4976,52.6635,78.5279,104.3374,23.6986,0.0,3.0,3.986001,1.171296,29,64,9,2,0E-8,-0.01284500,,0E-8,0.000000,0.827663,0.000000,,2026-03-21,2026-04-08,15,114,103,19,0.789474,,,0.000000,,,,,,,,GLOBAL_BASELINE_NO_ENTITY_RANKING,,,NOT_APPLICABLE_GLOBAL_BASELINE,HF9g-P5,,,,X 全窗基线 · 不参与实体赏罚,3924999,393,A168_HF9F_20260827_0900,2026-08-27 09:00:00
2026-03-30,131525470,1318,0,15.7990362588,-15.7990362588,-15.7990362588,0E-7,1,1,0.50665070000000000,0.506650700000,-1.013391052207602,-1.013391052207602,-1.013391052207602,0E-17,ELIGIBLE,R03b_20260811_FULL_v1,L1_ELIGIBILITY,v2026-08-11,2026-03-21..2026-08-06,baccarat_bet02_101_all_pairs_incl_sentinel,round_win = game_pnl > 0 (decisive only),COMPATIBILITY_ONLY_NOT_PRODUCTION,4813.5884,3984.0278,-61.8305,157,157,0.01284500,,0.01284500,0.01284500,61.8305,4813.5884,OK,0.0000,-2.4732,4.0000,96.0000,AG03-UNRESOLVED,ALL5_LEVELS_bet23_to_bet27,-2.4732,-2.4732,-2.4732,-3.0915,-3.0915,4.000000,4.000000,4.000000,5.000000,5.000000,96.000000,96.000000,96.000000,95.000000,95.000000,5.0,-13.6027,-12.4604,-48.2278,-49.3701,PENDING_AG03,FALSE,NOT_FOR_ENFORCEMENT,-59.3573,3824.6667,-61.8305,-59.3573,-2.4732,-0.01284500,-0.01233120,-2.4732,-59.3573,-0.01233120,-2.4732,-2.4732,-2.4732,-3.0915,-3.0915,-59.3573,-0.01233120,-13.6027,-12.4604,-48.2278,-49.3701,-0.01001910,-0.0102564,-0.00051380,30.6598,25.3760,-0.3938,-4.1220,-0.5424,320.9059,10.4667,,30.6598,13.1659,26.176,39.4976,52.6635,78.5279,104.3374,23.6986,0.0,3.0,3.986001,1.171296,29,64,9,2,0E-8,-0.01284500,,0E-8,0.000000,0.827663,0.000000,,2026-03-21,2026-04-08,15,114,103,19,0.789474,,,0.000000,,,,,,,,GLOBAL_BASELINE_NO_ENTITY_RANKING,,,NOT_APPLICABLE_GLOBAL_BASELINE,HF9g-P5,,,,X 全窗基线 · 不参与实体赏罚,3925000,393,A168_HF9F_20260827_0900,2026-08-27 09:00:00
2026-03-30,131525470,1331,0,39.4975906470,39.4975906470,39.4975906470,1.0000000,1,1,0.49324550000000000,0.493245500000,1.01360149184955,1.01360149184955,1.01360149184955,0E-17,ELIGIBLE,R03b_20260811_FULL_v1,L1_ELIGIBILITY,v2026-08-11,2026-03-21..2026-08-06,baccarat_bet02_101_all_pairs_incl_sentinel,round_win = game_pnl > 0 (decisive only),COMPATIBILITY_ONLY_NOT_PRODUCTION,4813.5884,3984.0278,-61.8305,157,157,0.01284500,,0.01284500,0.01284500,61.8305,4813.5884,OK,0.0000,-2.4732,4.0000,96.0000,AG03-UNRESOLVED,ALL5_LEVELS_bet23_to_bet27,-2.4732,-2.4732,-2.4732,-3.0915,-3.0915,4.000000,4.000000,4.000000,5.000000,5.000000,96.000000,96.000000,96.000000,95.000000,95.000000,5.0,-13.6027,-12.4604,-48.2278,-49.3701,PENDING_AG03,FALSE,NOT_FOR_ENFORCEMENT,-59.3573,3824.6667,-61.8305,-59.3573,-2.4732,-0.01284500,-0.01233120,-2.4732,-59.3573,-0.01233120,-2.4732,-2.4732,-2.4732,-3.0915,-3.0915,-59.3573,-0.01233120,-13.6027,-12.4604,-48.2278,-49.3701,-0.01001910,-0.0102564,-0.00051380,30.6598,25.3760,-0.3938,-4.1220,-0.5424,320.9059,10.4667,,30.6598,13.1659,26.176,39.4976,52.6635,78.5279,104.3374,23.6986,0.0,3.0,3.986001,1.171296,29,64,9,2,0E-8,-0.01284500,,0E-8,0.000000,0.827663,0.000000,,2026-03-21,2026-04-08,15,114,103,19,0.789474,,,0.000000,,,,,,,,GLOBAL_BASELINE_NO_ENTITY_RANKING,,,NOT_APPLICABLE_GLOBAL_BASELINE,HF9g-P5,,,,X 全窗基线 · 不参与实体赏罚,3925001,393,A168_HF9F_20260827_0900,2026-08-27 09:00:00
2026-03-30,131525470,1396,0,65.8293177450,12.5075703715,12.5075703715,1.0000000,3,3,0.50218230000000000,0.502182300000,0.99564488342984,0.99564488342984,0.99564488342984,0E-17,ELIGIBLE,R03b_20260811_FULL_v1,L1_ELIGIBILITY,v2026-08-11,2026-03-21..2026-08-06,baccarat_bet02_101_all_pairs_incl_sentinel,round_win = game_pnl > 0 (decisive only),COMPATIBILITY_ONLY_NOT_PRODUCTION,4813.5884,3984.0278,-61.8305,157,157,0.01284500,,0.01284500,0.01284500,61.8305,4813.5884,OK,0.0000,-2.4732,4.0000,96.0000,AG03-UNRESOLVED,ALL5_LEVELS_bet23_to_bet27,-2.4732,-2.4732,-2.4732,-3.0915,-3.0915,4.000000,4.000000,4.000000,5.000000,5.000000,96.000000,96.000000,96.000000,95.000000,95.000000,5.0,-13.6027,-12.4604,-48.2278,-49.3701,PENDING_AG03,FALSE,NOT_FOR_ENFORCEMENT,-59.3573,3824.6667,-61.8305,-59.3573,-2.4732,-0.01284500,-0.01233120,-2.4732,-59.3573,-0.01233120,-2.4732,-2.4732,-2.4732,-3.0915,-3.0915,-59.3573,-0.01233120,-13.6027,-12.4604,-48.2278,-49.3701,-0.01001910,-0.0102564,-0.00051380,30.6598,25.3760,-0.3938,-4.1220,-0.5424,320.9059,10.4667,,30.6598,13.1659,26.176,39.4976,52.6635,78.5279,104.3374,23.6986,0.0,3.0,3.986001,1.171296,29,64,9,2,0E-8,-0.01284500,,0E-8,0.000000,0.827663,0.000000,,2026-03-21,2026-04-08,15,114,103,19,0.789474,,,0.000000,,,,,,,,GLOBAL_BASELINE_NO_ENTITY_RANKING,,,NOT_APPLICABLE_GLOBAL_BASELINE,HF9g-P5,,,,X 全窗基线 · 不参与实体赏罚,3925002,393,A168_HF9F_20260827_0900,2026-08-27 09:00:00
2026-03-30,131525470,1646,0,26.3317270980,-26.3317270980,-26.3317270980,0E-7,1,1,0.49324550000000000,0.493245500000,-0.9865810262130424,-0.9865810262130424,-0.9865810262130424,0E-17,ELIGIBLE,R03b_20260811_FULL_v1,L1_ELIGIBILITY,v2026-08-11,2026-03-21..2026-08-06,baccarat_bet02_101_all_pairs_incl_sentinel,round_win = game_pnl > 0 (decisive only),COMPATIBILITY_ONLY_NOT_PRODUCTION,4813.5884,3984.0278,-61.8305,157,157,0.01284500,,0.01284500,0.01284500,61.8305,4813.5884,OK,0.0000,-2.4732,4.0000,96.0000,AG03-UNRESOLVED,ALL5_LEVELS_bet23_to_bet27,-2.4732,-2.4732,-2.4732,-3.0915,-3.0915,4.000000,4.000000,4.000000,5.000000,5.000000,96.000000,96.000000,96.000000,95.000000,95.000000,5.0,-13.6027,-12.4604,-48.2278,-49.3701,PENDING_AG03,FALSE,NOT_FOR_ENFORCEMENT,-59.3573,3824.6667,-61.8305,-59.3573,-2.4732,-0.01284500,-0.01233120,-2.4732,-59.3573,-0.01233120,-2.4732,-2.4732,-2.4732,-3.0915,-3.0915,-59.3573,-0.01233120,-13.6027,-12.4604,-48.2278,-49.3701,-0.01001910,-0.0102564,-0.00051380,30.6598,25.3760,-0.3938,-4.1220,-0.5424,320.9059,10.4667,,30.6598,13.1659,26.176,39.4976,52.6635,78.5279,104.3374,23.6986,0.0,3.0,3.986001,1.171296,29,64,9,2,0E-8,-0.01284500,,0E-8,0.000000,0.827663,0.000000,,2026-03-21,2026-04-08,15,114,103,19,0.789474,,,0.000000,,,,,,,,GLOBAL_BASELINE_NO_ENTITY_RANKING,,,NOT_APPLICABLE_GLOBAL_BASELINE,HF9g-P5,,,,X 全窗基线 · 不参与实体赏罚,3925003,393,A168_HF9F_20260827_0900,2026-08-27 09:00:00
2026-03-30,131525470,1702,0,26.3317270980,-26.3317270980,-26.3317270980,0E-7,1,1,0.50665070000000000,0.506650700000,-1.013391052207602,-1.013391052207602,-1.013391052207602,0E-17,ELIGIBLE,R03b_20260811_FULL_v1,L1_ELIGIBILITY,v2026-08-11,2026-03-21..2026-08-06,baccarat_bet02_101_all_pairs_incl_sentinel,round_win = game_pnl > 0 (decisive only),COMPATIBILITY_ONLY_NOT_PRODUCTION,4813.5884,3984.0278,-61.8305,157,157,0.01284500,,0.01284500,0.01284500,61.8305,4813.5884,OK,0.0000,-2.4732,4.0000,96.0000,AG03-UNRESOLVED,ALL5_LEVELS_bet23_to_bet27,-2.4732,-2.4732,-2.4732,-3.0915,-3.0915,4.000000,4.000000,4.000000,5.000000,5.000000,96.000000,96.000000,96.000000,95.000000,95.000000,5.0,-13.6027,-12.4604,-48.2278,-49.3701,PENDING_AG03,FALSE,NOT_FOR_ENFORCEMENT,-59.3573,3824.6667,-61.8305,-59.3573,-2.4732,-0.01284500,-0.01233120,-2.4732,-59.3573,-0.01233120,-2.4732,-2.4732,-2.4732,-3.0915,-3.0915,-59.3573,-0.01233120,-13.6027,-12.4604,-48.2278,-49.3701,-0.01001910,-0.0102564,-0.00051380,30.6598,25.3760,-0.3938,-4.1220,-0.5424,320.9059,10.4667,,30.6598,13.1659,26.176,39.4976,52.6635,78.5279,104.3374,23.6986,0.0,3.0,3.986001,1.171296,29,64,9,2,0E-8,-0.01284500,,0E-8,0.000000,0.827663,0.000000,,2026-03-21,2026-04-08,15,114,103,19,0.789474,,,0.000000,,,,,,,,GLOBAL_BASELINE_NO_ENTITY_RANKING,,,NOT_APPLICABLE_GLOBAL_BASELINE,HF9g-P5,,,,X 全窗基线 · 不参与实体赏罚,3925004,393,A168_HF9F_20260827_0900,2026-08-27 09:00:00
2026-03-30,131525470,1714,0,52.6634541960,52.6634541960,52.6634541960,1.0000000,1,1,0.49324550000000000,0.493245500000,1.01360149184955,1.01360149184955,1.01360149184955,0E-17,ELIGIBLE,R03b_20260811_FULL_v1,L1_ELIGIBILITY,v2026-08-11,2026-03-21..2026-08-06,baccarat_bet02_101_all_pairs_incl_sentinel,round_win = game_pnl > 0 (decisive only),COMPATIBILITY_ONLY_NOT_PRODUCTION,4813.5884,3984.0278,-61.8305,157,157,0.01284500,,0.01284500,0.01284500,61.8305,4813.5884,OK,0.0000,-2.4732,4.0000,96.0000,AG03-UNRESOLVED,ALL5_LEVELS_bet23_to_bet27,-2.4732,-2.4732,-2.4732,-3.0915,-3.0915,4.000000,4.000000,4.000000,5.000000,5.000000,96.000000,96.000000,96.000000,95.000000,95.000000,5.0,-13.6027,-12.4604,-48.2278,-49.3701,PENDING_AG03,FALSE,NOT_FOR_ENFORCEMENT,-59.3573,3824.6667,-61.8305,-59.3573,-2.4732,-0.01284500,-0.01233120,-2.4732,-59.3573,-0.01233120,-2.4732,-2.4732,-2.4732,-3.0915,-3.0915,-59.3573,-0.01233120,-13.6027,-12.4604,-48.2278,-49.3701,-0.01001910,-0.0102564,-0.00051380,30.6598,25.3760,-0.3938,-4.1220,-0.5424,320.9059,10.4667,,30.6598,13.1659,26.176,39.4976,52.6635,78.5279,104.3374,23.6986,0.0,3.0,3.986001,1.171296,29,64,9,2,0E-8,-0.01284500,,0E-8,0.000000,0.827663,0.000000,,2026-03-21,2026-04-08,15,114,103,19,0.789474,,,0.000000,,,,,,,,GLOBAL_BASELINE_NO_ENTITY_RANKING,,,NOT_APPLICABLE_GLOBAL_BASELINE,HF9g-P5,,,,X 全窗基线 · 不参与实体赏罚,3925005,393,A168_HF9F_20260827_0900,2026-08-27 09:00:00
2026-03-30,131525470,2147,0,52.6634541960,-52.6634541960,-52.6634541960,0E-7,1,1,0.49324550000000000,0.493245500000,-0.9865810262130424,-0.9865810262130424,-0.9865810262130424,0E-17,ELIGIBLE,R03b_20260811_FULL_v1,L1_ELIGIBILITY,v2026-08-11,2026-03-21..2026-08-06,baccarat_bet02_101_all_pairs_incl_sentinel,round_win = game_pnl > 0 (decisive only),COMPATIBILITY_ONLY_NOT_PRODUCTION,4813.5884,3984.0278,-61.8305,157,157,0.01284500,,0.01284500,0.01284500,61.8305,4813.5884,OK,0.0000,-2.4732,4.0000,96.0000,AG03-UNRESOLVED,ALL5_LEVELS_bet23_to_bet27,-2.4732,-2.4732,-2.4732,-3.0915,-3.0915,4.000000,4.000000,4.000000,5.000000,5.000000,96.000000,96.000000,96.000000,95.000000,95.000000,5.0,-13.6027,-12.4604,-48.2278,-49.3701,PENDING_AG03,FALSE,NOT_FOR_ENFORCEMENT,-59.3573,3824.6667,-61.8305,-59.3573,-2.4732,-0.01284500,-0.01233120,-2.4732,-59.3573,-0.01233120,-2.4732,-2.4732,-2.4732,-3.0915,-3.0915,-59.3573,-0.01233120,-13.6027,-12.4604,-48.2278,-49.3701,-0.01001910,-0.0102564,-0.00051380,30.6598,25.3760,-0.3938,-4.1220,-0.5424,320.9059,10.4667,,30.6598,13.1659,26.176,39.4976,52.6635,78.5279,104.3374,23.6986,0.0,3.0,3.986001,1.171296,29,64,9,2,0E-8,-0.01284500,,0E-8,0.000000,0.827663,0.000000,,2026-03-21,2026-04-08,15,114,103,19,0.789474,,,0.000000,,,,,,,,GLOBAL_BASELINE_NO_ENTITY_RANKING,,,NOT_APPLICABLE_GLOBAL_BASELINE,HF9g-P5,,,,X 全窗基线 · 不参与实体赏罚,3925006,393,A168_HF9F_20260827_0900,2026-08-27 09:00:00
2026-03-30,131525470,2235,0,21.0653816784,20.0121125945,20.0121125945,1.0000000,1,1,0.50665070000000000,0.506650700000,0.9867858985152569,0.9867858985152569,0.9867858985152569,0E-17,ELIGIBLE,R03b_20260811_FULL_v1,L1_ELIGIBILITY,v2026-08-11,2026-03-21..2026-08-06,baccarat_bet02_101_all_pairs_incl_sentinel,round_win = game_pnl > 0 (decisive only),COMPATIBILITY_ONLY_NOT_PRODUCTION,4813.5884,3984.0278,-61.8305,157,157,0.01284500,,0.01284500,0.01284500,61.8305,4813.5884,OK,0.0000,-2.4732,4.0000,96.0000,AG03-UNRESOLVED,ALL5_LEVELS_bet23_to_bet27,-2.4732,-2.4732,-2.4732,-3.0915,-3.0915,4.000000,4.000000,4.000000,5.000000,5.000000,96.000000,96.000000,96.000000,95.000000,95.000000,5.0,-13.6027,-12.4604,-48.2278,-49.3701,PENDING_AG03,FALSE,NOT_FOR_ENFORCEMENT,-59.3573,3824.6667,-61.8305,-59.3573,-2.4732,-0.01284500,-0.01233120,-2.4732,-59.3573,-0.01233120,-2.4732,-2.4732,-2.4732,-3.0915,-3.0915,-59.3573,-0.01233120,-13.6027,-12.4604,-48.2278,-49.3701,-0.01001910,-0.0102564,-0.00051380,30.6598,25.3760,-0.3938,-4.1220,-0.5424,320.9059,10.4667,,30.6598,13.1659,26.176,39.4976,52.6635,78.5279,104.3374,23.6986,0.0,3.0,3.986001,1.171296,29,64,9,2,0E-8,-0.01284500,,0E-8,0.000000,0.827663,0.000000,,2026-03-21,2026-04-08,15,114,103,19,0.789474,,,0.000000,,,,,,,,GLOBAL_BASELINE_NO_ENTITY_RANKING,,,NOT_APPLICABLE_GLOBAL_BASELINE,HF9g-P5,,,,X 全窗基线 · 不参与实体赏罚,3925007,393,A168_HF9F_20260827_0900,2026-08-27 09:00:00
2026-04-01,131525470,2088,0,11.7791796456,-11.7791796456,-11.7791796456,0E-7,1,1,0.49324550000000000,0.493245500000,-0.9865810262130424,-0.9865810262130424,-0.9865810262130424,0E-17,ELIGIBLE,R03b_20260811_FULL_v1,L1_ELIGIBILITY,v2026-08-11,2026-03-21..2026-08-06,baccarat_bet02_101_all_pairs_incl_sentinel,round_win = game_pnl > 0 (decisive only),COMPATIBILITY_ONLY_NOT_PRODUCTION,4813.5884,3984.0278,-61.8305,157,157,0.01284500,,0.01284500,0.01284500,61.8305,4813.5884,OK,0.0000,-2.4732,4.0000,96.0000,AG03-UNRESOLVED,ALL5_LEVELS_bet23_to_bet27,-2.4732,-2.4732,-2.4732,-3.0915,-3.0915,4.000000,4.000000,4.000000,5.000000,5.000000,96.000000,96.000000,96.000000,95.000000,95.000000,5.0,-13.6027,-12.4604,-48.2278,-49.3701,PENDING_AG03,FALSE,NOT_FOR_ENFORCEMENT,-59.3573,3824.6667,-61.8305,-59.3573,-2.4732,-0.01284500,-0.01233120,-2.4732,-59.3573,-0.01233120,-2.4732,-2.4732,-2.4732,-3.0915,-3.0915,-59.3573,-0.01233120,-13.6027,-12.4604,-48.2278,-49.3701,-0.01001910,-0.0102564,-0.00051380,30.6598,25.3760,-0.3938,-4.1220,-0.5424,320.9059,10.4667,,30.6598,13.1659,26.176,39.4976,52.6635,78.5279,104.3374,23.6986,0.0,3.0,3.986001,1.171296,29,64,9,2,0E-8,-0.01284500,,0E-8,0.000000,0.827663,0.000000,,2026-03-21,2026-04-08,15,114,103,19,0.789474,,,0.000000,,,,,,,,GLOBAL_BASELINE_NO_ENTITY_RANKING,,,NOT_APPLICABLE_GLOBAL_BASELINE,HF9g-P5,,,,X 全窗基线 · 不参与实体赏罚,3925008,393,A168_HF9F_20260827_0900,2026-08-27 09:00:00
2026-04-02,131525470,-1,1,65.4398869199,-65.4398869199,-65.4398869199,0E-7,2,2,0.50665070000000000,0.506650700000,-1.4331513700195317,-1.4331513700195317,-1.4331513700195317,0E-17,SENTINEL_DEALER,R03b_20260811_FULL_v1,L1_ELIGIBILITY,v2026-08-11,2026-03-21..2026-08-06,baccarat_bet02_101_all_pairs_incl_sentinel,round_win = game_pnl > 0 (decisive only),COMPATIBILITY_ONLY_NOT_PRODUCTION,4813.5884,3984.0278,-61.8305,157,157,0.01284500,,0.01284500,0.01284500,61.8305,4813.5884,OK,0.0000,-2.4732,4.0000,96.0000,AG03-UNRESOLVED,ALL5_LEVELS_bet23_to_bet27,-2.4732,-2.4732,-2.4732,-3.0915,-3.0915,4.000000,4.000000,4.000000,5.000000,5.000000,96.000000,96.000000,96.000000,95.000000,95.000000,5.0,-13.6027,-12.4604,-48.2278,-49.3701,PENDING_AG03,FALSE,NOT_FOR_ENFORCEMENT,-59.3573,3824.6667,-61.8305,-59.3573,-2.4732,-0.01284500,-0.01233120,-2.4732,-59.3573,-0.01233120,-2.4732,-2.4732,-2.4732,-3.0915,-3.0915,-59.3573,-0.01233120,-13.6027,-12.4604,-48.2278,-49.3701,-0.01001910,-0.0102564,-0.00051380,30.6598,25.3760,-0.3938,-4.1220,-0.5424,320.9059,10.4667,,30.6598,13.1659,26.176,39.4976,52.6635,78.5279,104.3374,23.6986,0.0,3.0,3.986001,1.171296,29,64,9,2,0E-8,-0.01284500,,0E-8,0.000000,0.827663,0.000000,,2026-03-21,2026-04-08,15,114,103,19,0.789474,,,0.000000,,,,,,,,GLOBAL_BASELINE_NO_ENTITY_RANKING,,,NOT_APPLICABLE_GLOBAL_BASELINE,HF9g-P5,,,,X 全窗基线 · 不参与实体赏罚,3925009,393,A168_HF9F_20260827_0900,2026-08-27 09:00:00
2026-04-02,131525470,2121,0,39.2639321519,-39.2639321519,-39.2639321519,0E-7,1,1,0.49324550000000000,0.493245500000,-0.9865810262130424,-0.9865810262130424,-0.9865810262130424,0E-17,ELIGIBLE,R03b_20260811_FULL_v1,L1_ELIGIBILITY,v2026-08-11,2026-03-21..2026-08-06,baccarat_bet02_101_all_pairs_incl_sentinel,round_win = game_pnl > 0 (decisive only),COMPATIBILITY_ONLY_NOT_PRODUCTION,4813.5884,3984.0278,-61.8305,157,157,0.01284500,,0.01284500,0.01284500,61.8305,4813.5884,OK,0.0000,-2.4732,4.0000,96.0000,AG03-UNRESOLVED,ALL5_LEVELS_bet23_to_bet27,-2.4732,-2.4732,-2.4732,-3.0915,-3.0915,4.000000,4.000000,4.000000,5.000000,5.000000,96.000000,96.000000,96.000000,95.000000,95.000000,5.0,-13.6027,-12.4604,-48.2278,-49.3701,PENDING_AG03,FALSE,NOT_FOR_ENFORCEMENT,-59.3573,3824.6667,-61.8305,-59.3573,-2.4732,-0.01284500,-0.01233120,-2.4732,-59.3573,-0.01233120,-2.4732,-2.4732,-2.4732,-3.0915,-3.0915,-59.3573,-0.01233120,-13.6027,-12.4604,-48.2278,-49.3701,-0.01001910,-0.0102564,-0.00051380,30.6598,25.3760,-0.3938,-4.1220,-0.5424,320.9059,10.4667,,30.6598,13.1659,26.176,39.4976,52.6635,78.5279,104.3374,23.6986,0.0,3.0,3.986001,1.171296,29,64,9,2,0E-8,-0.01284500,,0E-8,0.000000,0.827663,0.000000,,2026-03-21,2026-04-08,15,114,103,19,0.789474,,,0.000000,,,,,,,,GLOBAL_BASELINE_NO_ENTITY_RANKING,,,NOT_APPLICABLE_GLOBAL_BASELINE,HF9g-P5,,,,X 全窗基线 · 不参与实体赏罚,3925010,393,A168_HF9F_20260827_0900,2026-08-27 09:00:00
2026-04-03,131525470,-1,1,15.7055728608,-0.3926393215,-0.3926393215,0.5000000,2,2,0.49994810000000000,0.499948100000,0.00014679536856514622,0.00014679536856514622,0.00014679536856514622,0E-17,SENTINEL_DEALER,R03b_20260811_FULL_v1,L1_ELIGIBILITY,v2026-08-11,2026-03-21..2026-08-06,baccarat_bet02_101_all_pairs_incl_sentinel,round_win = game_pnl > 0 (decisive only),COMPATIBILITY_ONLY_NOT_PRODUCTION,4813.5884,3984.0278,-61.8305,157,157,0.01284500,,0.01284500,0.01284500,61.8305,4813.5884,OK,0.0000,-2.4732,4.0000,96.0000,AG03-UNRESOLVED,ALL5_LEVELS_bet23_to_bet27,-2.4732,-2.4732,-2.4732,-3.0915,-3.0915,4.000000,4.000000,4.000000,5.000000,5.000000,96.000000,96.000000,96.000000,95.000000,95.000000,5.0,-13.6027,-12.4604,-48.2278,-49.3701,PENDING_AG03,FALSE,NOT_FOR_ENFORCEMENT,-59.3573,3824.6667,-61.8305,-59.3573,-2.4732,-0.01284500,-0.01233120,-2.4732,-59.3573,-0.01233120,-2.4732,-2.4732,-2.4732,-3.0915,-3.0915,-59.3573,-0.01233120,-13.6027,-12.4604,-48.2278,-49.3701,-0.01001910,-0.0102564,-0.00051380,30.6598,25.3760,-0.3938,-4.1220,-0.5424,320.9059,10.4667,,30.6598,13.1659,26.176,39.4976,52.6635,78.5279,104.3374,23.6986,0.0,3.0,3.986001,1.171296,29,64,9,2,0E-8,-0.01284500,,0E-8,0.000000,0.827663,0.000000,,2026-03-21,2026-04-08,15,114,103,19,0.789474,,,0.000000,,,,,,,,GLOBAL_BASELINE_NO_ENTITY_RANKING,,,NOT_APPLICABLE_GLOBAL_BASELINE,HF9g-P5,,,,X 全窗基线 · 不参与实体赏罚,3925011,393,A168_HF9F_20260827_0900,2026-08-27 09:00:00
2026-04-03,131525470,1401,0,10.4703819072,-10.4703819072,-10.4703819072,0E-7,1,1,0.50665070000000000,0.506650700000,-1.013391052207602,-1.013391052207602,-1.013391052207602,0E-17,ELIGIBLE,R03b_20260811_FULL_v1,L1_ELIGIBILITY,v2026-08-11,2026-03-21..2026-08-06,baccarat_bet02_101_all_pairs_incl_sentinel,round_win = game_pnl > 0 (decisive only),COMPATIBILITY_ONLY_NOT_PRODUCTION,4813.5884,3984.0278,-61.8305,157,157,0.01284500,,0.01284500,0.01284500,61.8305,4813.5884,OK,0.0000,-2.4732,4.0000,96.0000,AG03-UNRESOLVED,ALL5_LEVELS_bet23_to_bet27,-2.4732,-2.4732,-2.4732,-3.0915,-3.0915,4.000000,4.000000,4.000000,5.000000,5.000000,96.000000,96.000000,96.000000,95.000000,95.000000,5.0,-13.6027,-12.4604,-48.2278,-49.3701,PENDING_AG03,FALSE,NOT_FOR_ENFORCEMENT,-59.3573,3824.6667,-61.8305,-59.3573,-2.4732,-0.01284500,-0.01233120,-2.4732,-59.3573,-0.01233120,-2.4732,-2.4732,-2.4732,-3.0915,-3.0915,-59.3573,-0.01233120,-13.6027,-12.4604,-48.2278,-49.3701,-0.01001910,-0.0102564,-0.00051380,30.6598,25.3760,-0.3938,-4.1220,-0.5424,320.9059,10.4667,,30.6598,13.1659,26.176,39.4976,52.6635,78.5279,104.3374,23.6986,0.0,3.0,3.986001,1.171296,29,64,9,2,0E-8,-0.01284500,,0E-8,0.000000,0.827663,0.000000,,2026-03-21,2026-04-08,15,114,103,19,0.789474,,,0.000000,,,,,,,,GLOBAL_BASELINE_NO_ENTITY_RANKING,,,NOT_APPLICABLE_GLOBAL_BASELINE,HF9g-P5,,,,X 全窗基线 · 不参与实体赏罚,3925012,393,A168_HF9F_20260827_0900,2026-08-27 09:00:00
2026-04-03,131525470,2218,0,7.8527864304,7.8527864304,7.8527864304,1.0000000,1,1,0.49324550000000000,0.493245500000,1.01360149184955,1.01360149184955,1.01360149184955,0E-17,ELIGIBLE,R03b_20260811_FULL_v1,L1_ELIGIBILITY,v2026-08-11,2026-03-21..2026-08-06,baccarat_bet02_101_all_pairs_incl_sentinel,round_win = game_pnl > 0 (decisive only),COMPATIBILITY_ONLY_NOT_PRODUCTION,4813.5884,3984.0278,-61.8305,157,157,0.01284500,,0.01284500,0.01284500,61.8305,4813.5884,OK,0.0000,-2.4732,4.0000,96.0000,AG03-UNRESOLVED,ALL5_LEVELS_bet23_to_bet27,-2.4732,-2.4732,-2.4732,-3.0915,-3.0915,4.000000,4.000000,4.000000,5.000000,5.000000,96.000000,96.000000,96.000000,95.000000,95.000000,5.0,-13.6027,-12.4604,-48.2278,-49.3701,PENDING_AG03,FALSE,NOT_FOR_ENFORCEMENT,-59.3573,3824.6667,-61.8305,-59.3573,-2.4732,-0.01284500,-0.01233120,-2.4732,-59.3573,-0.01233120,-2.4732,-2.4732,-2.4732,-3.0915,-3.0915,-59.3573,-0.01233120,-13.6027,-12.4604,-48.2278,-49.3701,-0.01001910,-0.0102564,-0.00051380,30.6598,25.3760,-0.3938,-4.1220,-0.5424,320.9059,10.4667,,30.6598,13.1659,26.176,39.4976,52.6635,78.5279,104.3374,23.6986,0.0,3.0,3.986001,1.171296,29,64,9,2,0E-8,-0.01284500,,0E-8,0.000000,0.827663,0.000000,,2026-03-21,2026-04-08,15,114,103,19,0.789474,,,0.000000,,,,,,,,GLOBAL_BASELINE_NO_ENTITY_RANKING,,,NOT_APPLICABLE_GLOBAL_BASELINE,HF9g-P5,,,,X 全窗基线 · 不参与实体赏罚,3925013,393,A168_HF9F_20260827_0900,2026-08-27 09:00:00
2026-04-04,131525470,-1,1,520.9014998824,-28.7935502448,-28.7935502448,0.5000000,10,10,0.49726706000000000,0.497267060000,0.01728488841940615,0.017284888419406154,0.01728488841940615,0E-17,SENTINEL_DEALER,R03b_20260811_FULL_v1,L1_ELIGIBILITY,v2026-08-11,2026-03-21..2026-08-06,baccarat_bet02_101_all_pairs_incl_sentinel,round_win = game_pnl > 0 (decisive only),COMPATIBILITY_ONLY_NOT_PRODUCTION,4813.5884,3984.0278,-61.8305,157,157,0.01284500,,0.01284500,0.01284500,61.8305,4813.5884,OK,0.0000,-2.4732,4.0000,96.0000,AG03-UNRESOLVED,ALL5_LEVELS_bet23_to_bet27,-2.4732,-2.4732,-2.4732,-3.0915,-3.0915,4.000000,4.000000,4.000000,5.000000,5.000000,96.000000,96.000000,96.000000,95.000000,95.000000,5.0,-13.6027,-12.4604,-48.2278,-49.3701,PENDING_AG03,FALSE,NOT_FOR_ENFORCEMENT,-59.3573,3824.6667,-61.8305,-59.3573,-2.4732,-0.01284500,-0.01233120,-2.4732,-59.3573,-0.01233120,-2.4732,-2.4732,-2.4732,-3.0915,-3.0915,-59.3573,-0.01233120,-13.6027,-12.4604,-48.2278,-49.3701,-0.01001910,-0.0102564,-0.00051380,30.6598,25.3760,-0.3938,-4.1220,-0.5424,320.9059,10.4667,,30.6598,13.1659,26.176,39.4976,52.6635,78.5279,104.3374,23.6986,0.0,3.0,3.986001,1.171296,29,64,9,2,0E-8,-0.01284500,,0E-8,0.000000,0.827663,0.000000,,2026-03-21,2026-04-08,15,114,103,19,0.789474,,,0.000000,,,,,,,,GLOBAL_BASELINE_NO_ENTITY_RANKING,,,NOT_APPLICABLE_GLOBAL_BASELINE,HF9g-P5,,,,X 全窗基线 · 不参与实体赏罚,3925014,393,A168_HF9F_20260827_0900,2026-08-27 09:00:00
2026-04-04,131525470,1323,0,44.4991231055,-44.4991231055,-44.4991231055,0E-7,1,1,0.50665070000000000,0.506650700000,-1.013391052207602,-1.013391052207602,-1.013391052207602,0E-17,ELIGIBLE,R03b_20260811_FULL_v1,L1_ELIGIBILITY,v2026-08-11,2026-03-21..2026-08-06,baccarat_bet02_101_all_pairs_incl_sentinel,round_win = game_pnl > 0 (decisive only),COMPATIBILITY_ONLY_NOT_PRODUCTION,4813.5884,3984.0278,-61.8305,157,157,0.01284500,,0.01284500,0.01284500,61.8305,4813.5884,OK,0.0000,-2.4732,4.0000,96.0000,AG03-UNRESOLVED,ALL5_LEVELS_bet23_to_bet27,-2.4732,-2.4732,-2.4732,-3.0915,-3.0915,4.000000,4.000000,4.000000,5.000000,5.000000,96.000000,96.000000,96.000000,95.000000,95.000000,5.0,-13.6027,-12.4604,-48.2278,-49.3701,PENDING_AG03,FALSE,NOT_FOR_ENFORCEMENT,-59.3573,3824.6667,-61.8305,-59.3573,-2.4732,-0.01284500,-0.01233120,-2.4732,-59.3573,-0.01233120,-2.4732,-2.4732,-2.4732,-3.0915,-3.0915,-59.3573,-0.01233120,-13.6027,-12.4604,-48.2278,-49.3701,-0.01001910,-0.0102564,-0.00051380,30.6598,25.3760,-0.3938,-4.1220,-0.5424,320.9059,10.4667,,30.6598,13.1659,26.176,39.4976,52.6635,78.5279,104.3374,23.6986,0.0,3.0,3.986001,1.171296,29,64,9,2,0E-8,-0.01284500,,0E-8,0.000000,0.827663,0.000000,,2026-03-21,2026-04-08,15,114,103,19,0.789474,,,0.000000,,,,,,,,GLOBAL_BASELINE_NO_ENTITY_RANKING,,,NOT_APPLICABLE_GLOBAL_BASELINE,HF9g-P5,,,,X 全窗基线 · 不参与实体赏罚,3925015,393,A168_HF9F_20260827_0900,2026-08-27 09:00:00
2026-04-04,131525470,1325,0,78.5278643039,-78.5278643039,-78.5278643039,0E-7,1,1,0.49324550000000000,0.493245500000,-0.9865810262130424,-0.9865810262130424,-0.9865810262130424,0E-17,ELIGIBLE,R03b_20260811_FULL_v1,L1_ELIGIBILITY,v2026-08-11,2026-03-21..2026-08-06,baccarat_bet02_101_all_pairs_incl_sentinel,round_win = game_pnl > 0 (decisive only),COMPATIBILITY_ONLY_NOT_PRODUCTION,4813.5884,3984.0278,-61.8305,157,157,0.01284500,,0.01284500,0.01284500,61.8305,4813.5884,OK,0.0000,-2.4732,4.0000,96.0000,AG03-UNRESOLVED,ALL5_LEVELS_bet23_to_bet27,-2.4732,-2.4732,-2.4732,-3.0915,-3.0915,4.000000,4.000000,4.000000,5.000000,5.000000,96.000000,96.000000,96.000000,95.000000,95.000000,5.0,-13.6027,-12.4604,-48.2278,-49.3701,PENDING_AG03,FALSE,NOT_FOR_ENFORCEMENT,-59.3573,3824.6667,-61.8305,-59.3573,-2.4732,-0.01284500,-0.01233120,-2.4732,-59.3573,-0.01233120,-2.4732,-2.4732,-2.4732,-3.0915,-3.0915,-59.3573,-0.01233120,-13.6027,-12.4604,-48.2278,-49.3701,-0.01001910,-0.0102564,-0.00051380,30.6598,25.3760,-0.3938,-4.1220,-0.5424,320.9059,10.4667,,30.6598,13.1659,26.176,39.4976,52.6635,78.5279,104.3374,23.6986,0.0,3.0,3.986001,1.171296,29,64,9,2,0E-8,-0.01284500,,0E-8,0.000000,0.827663,0.000000,,2026-03-21,2026-04-08,15,114,103,19,0.789474,,,0.000000,,,,,,,,GLOBAL_BASELINE_NO_ENTITY_RANKING,,,NOT_APPLICABLE_GLOBAL_BASELINE,HF9g-P5,,,,X 全窗基线 · 不参与实体赏罚,3925016,393,A168_HF9F_20260827_0900,2026-08-27 09:00:00
2026-04-04,131525470,1505,0,282.7003114940,175.5097767191,175.5097767191,0.8333333,7,7,0.50090561428571429,0.500905614286,1.6285592473342474,1.6285592473328494,1.6285592473342474,-2.8571E-13,ELIGIBLE,R03b_20260811_FULL_v1,L1_ELIGIBILITY,v2026-08-11,2026-03-21..2026-08-06,baccarat_bet02_101_all_pairs_incl_sentinel,round_win = game_pnl > 0 (decisive only),COMPATIBILITY_ONLY_NOT_PRODUCTION,4813.5884,3984.0278,-61.8305,157,157,0.01284500,,0.01284500,0.01284500,61.8305,4813.5884,OK,0.0000,-2.4732,4.0000,96.0000,AG03-UNRESOLVED,ALL5_LEVELS_bet23_to_bet27,-2.4732,-2.4732,-2.4732,-3.0915,-3.0915,4.000000,4.000000,4.000000,5.000000,5.000000,96.000000,96.000000,96.000000,95.000000,95.000000,5.0,-13.6027,-12.4604,-48.2278,-49.3701,PENDING_AG03,FALSE,NOT_FOR_ENFORCEMENT,-59.3573,3824.6667,-61.8305,-59.3573,-2.4732,-0.01284500,-0.01233120,-2.4732,-59.3573,-0.01233120,-2.4732,-2.4732,-2.4732,-3.0915,-3.0915,-59.3573,-0.01233120,-13.6027,-12.4604,-48.2278,-49.3701,-0.01001910,-0.0102564,-0.00051380,30.6598,25.3760,-0.3938,-4.1220,-0.5424,320.9059,10.4667,,30.6598,13.1659,26.176,39.4976,52.6635,78.5279,104.3374,23.6986,0.0,3.0,3.986001,1.171296,29,64,9,2,0E-8,-0.01284500,,0E-8,0.000000,0.827663,0.000000,,2026-03-21,2026-04-08,15,114,103,19,0.789474,,,0.000000,,,,,,,,GLOBAL_BASELINE_NO_ENTITY_RANKING,,,NOT_APPLICABLE_GLOBAL_BASELINE,HF9g-P5,,,,X 全窗基线 · 不参与实体赏罚,3925017,393,A168_HF9F_20260827_0900,2026-08-27 09:00:00
2026-04-04,131525470,1702,0,99.4686281182,0E-10,0E-10,,1,1,0.50665070000000000,0.506650700000,,,,0E-17,NO_DECISIVE_ROUND,R03b_20260811_FULL_v1,L1_ELIGIBILITY,v2026-08-11,2026-03-21..2026-08-06,baccarat_bet02_101_all_pairs_incl_sentinel,round_win = game_pnl > 0 (decisive only),COMPATIBILITY_ONLY_NOT_PRODUCTION,4813.5884,3984.0278,-61.8305,157,157,0.01284500,,0.01284500,0.01284500,61.8305,4813.5884,OK,0.0000,-2.4732,4.0000,96.0000,AG03-UNRESOLVED,ALL5_LEVELS_bet23_to_bet27,-2.4732,-2.4732,-2.4732,-3.0915,-3.0915,4.000000,4.000000,4.000000,5.000000,5.000000,96.000000,96.000000,96.000000,95.000000,95.000000,5.0,-13.6027,-12.4604,-48.2278,-49.3701,PENDING_AG03,FALSE,NOT_FOR_ENFORCEMENT,-59.3573,3824.6667,-61.8305,-59.3573,-2.4732,-0.01284500,-0.01233120,-2.4732,-59.3573,-0.01233120,-2.4732,-2.4732,-2.4732,-3.0915,-3.0915,-59.3573,-0.01233120,-13.6027,-12.4604,-48.2278,-49.3701,-0.01001910,-0.0102564,-0.00051380,30.6598,25.3760,-0.3938,-4.1220,-0.5424,320.9059,10.4667,,30.6598,13.1659,26.176,39.4976,52.6635,78.5279,104.3374,23.6986,0.0,3.0,3.986001,1.171296,29,64,9,2,0E-8,-0.01284500,,0E-8,0.000000,0.827663,0.000000,,2026-03-21,2026-04-08,15,114,103,19,0.789474,,,0.000000,,,,,,,,GLOBAL_BASELINE_NO_ENTITY_RANKING,,,NOT_APPLICABLE_GLOBAL_BASELINE,HF9g-P5,,,,X 全窗基线 · 不参与实体赏罚,3925018,393,A168_HF9F_20260827_0900,2026-08-27 09:00:00
2026-04-04,131525470,1935,0,73.2926733503,73.2926733503,73.2926733503,1.0000000,1,1,0.49324550000000000,0.493245500000,1.01360149184955,1.01360149184955,1.01360149184955,0E-17,ELIGIBLE,R03b_20260811_FULL_v1,L1_ELIGIBILITY,v2026-08-11,2026-03-21..2026-08-06,baccarat_bet02_101_all_pairs_incl_sentinel,round_win = game_pnl > 0 (decisive only),COMPATIBILITY_ONLY_NOT_PRODUCTION,4813.5884,3984.0278,-61.8305,157,157,0.01284500,,0.01284500,0.01284500,61.8305,4813.5884,OK,0.0000,-2.4732,4.0000,96.0000,AG03-UNRESOLVED,ALL5_LEVELS_bet23_to_bet27,-2.4732,-2.4732,-2.4732,-3.0915,-3.0915,4.000000,4.000000,4.000000,5.000000,5.000000,96.000000,96.000000,96.000000,95.000000,95.000000,5.0,-13.6027,-12.4604,-48.2278,-49.3701,PENDING_AG03,FALSE,NOT_FOR_ENFORCEMENT,-59.3573,3824.6667,-61.8305,-59.3573,-2.4732,-0.01284500,-0.01233120,-2.4732,-59.3573,-0.01233120,-2.4732,-2.4732,-2.4732,-3.0915,-3.0915,-59.3573,-0.01233120,-13.6027,-12.4604,-48.2278,-49.3701,-0.01001910,-0.0102564,-0.00051380,30.6598,25.3760,-0.3938,-4.1220,-0.5424,320.9059,10.4667,,30.6598,13.1659,26.176,39.4976,52.6635,78.5279,104.3374,23.6986,0.0,3.0,3.986001,1.171296,29,64,9,2,0E-8,-0.01284500,,0E-8,0.000000,0.827663,0.000000,,2026-03-21,2026-04-08,15,114,103,19,0.789474,,,0.000000,,,,,,,,GLOBAL_BASELINE_NO_ENTITY_RANKING,,,NOT_APPLICABLE_GLOBAL_BASELINE,HF9g-P5,,,,X 全窗基线 · 不参与实体赏罚,3925019,393,A168_HF9F_20260827_0900,2026-08-27 09:00:00
2026-04-04,131525470,1940,0,78.5278643039,74.6014710887,74.6014710887,1.0000000,1,1,0.50665070000000000,0.506650700000,0.9867858985152569,0.9867858985152569,0.9867858985152569,0E-17,ELIGIBLE,R03b_20260811_FULL_v1,L1_ELIGIBILITY,v2026-08-11,2026-03-21..2026-08-06,baccarat_bet02_101_all_pairs_incl_sentinel,round_win = game_pnl > 0 (decisive only),COMPATIBILITY_ONLY_NOT_PRODUCTION,4813.5884,3984.0278,-61.8305,157,157,0.01284500,,0.01284500,0.01284500,61.8305,4813.5884,OK,0.0000,-2.4732,4.0000,96.0000,AG03-UNRESOLVED,ALL5_LEVELS_bet23_to_bet27,-2.4732,-2.4732,-2.4732,-3.0915,-3.0915,4.000000,4.000000,4.000000,5.000000,5.000000,96.000000,96.000000,96.000000,95.000000,95.000000,5.0,-13.6027,-12.4604,-48.2278,-49.3701,PENDING_AG03,FALSE,NOT_FOR_ENFORCEMENT,-59.3573,3824.6667,-61.8305,-59.3573,-2.4732,-0.01284500,-0.01233120,-2.4732,-59.3573,-0.01233120,-2.4732,-2.4732,-2.4732,-3.0915,-3.0915,-59.3573,-0.01233120,-13.6027,-12.4604,-48.2278,-49.3701,-0.01001910,-0.0102564,-0.00051380,30.6598,25.3760,-0.3938,-4.1220,-0.5424,320.9059,10.4667,,30.6598,13.1659,26.176,39.4976,52.6635,78.5279,104.3374,23.6986,0.0,3.0,3.986001,1.171296,29,64,9,2,0E-8,-0.01284500,,0E-8,0.000000,0.827663,0.000000,,2026-03-21,2026-04-08,15,114,103,19,0.789474,,,0.000000,,,,,,,,GLOBAL_BASELINE_NO_ENTITY_RANKING,,,NOT_APPLICABLE_GLOBAL_BASELINE,HF9g-P5,,,,X 全窗基线 · 不参与实体赏罚,3925020,393,A168_HF9F_20260827_0900,2026-08-27 09:00:00
2026-04-04,131525470,2117,0,52.3519095359,52.3519095359,52.3519095359,1.0000000,1,1,0.49324550000000000,0.493245500000,1.01360149184955,1.01360149184955,1.01360149184955,0E-17,ELIGIBLE,R03b_20260811_FULL_v1,L1_ELIGIBILITY,v2026-08-11,2026-03-21..2026-08-06,baccarat_bet02_101_all_pairs_incl_sentinel,round_win = game_pnl > 0 (decisive only),COMPATIBILITY_ONLY_NOT_PRODUCTION,4813.5884,3984.0278,-61.8305,157,157,0.01284500,,0.01284500,0.01284500,61.8305,4813.5884,OK,0.0000,-2.4732,4.0000,96.0000,AG03-UNRESOLVED,ALL5_LEVELS_bet23_to_bet27,-2.4732,-2.4732,-2.4732,-3.0915,-3.0915,4.000000,4.000000,4.000000,5.000000,5.000000,96.000000,96.000000,96.000000,95.000000,95.000000,5.0,-13.6027,-12.4604,-48.2278,-49.3701,PENDING_AG03,FALSE,NOT_FOR_ENFORCEMENT,-59.3573,3824.6667,-61.8305,-59.3573,-2.4732,-0.01284500,-0.01233120,-2.4732,-59.3573,-0.01233120,-2.4732,-2.4732,-2.4732,-3.0915,-3.0915,-59.3573,-0.01233120,-13.6027,-12.4604,-48.2278,-49.3701,-0.01001910,-0.0102564,-0.00051380,30.6598,25.3760,-0.3938,-4.1220,-0.5424,320.9059,10.4667,,30.6598,13.1659,26.176,39.4976,52.6635,78.5279,104.3374,23.6986,0.0,3.0,3.986001,1.171296,29,64,9,2,0E-8,-0.01284500,,0E-8,0.000000,0.827663,0.000000,,2026-03-21,2026-04-08,15,114,103,19,0.789474,,,0.000000,,,,,,,,GLOBAL_BASELINE_NO_ENTITY_RANKING,,,NOT_APPLICABLE_GLOBAL_BASELINE,HF9g-P5,,,,X 全窗基线 · 不参与实体赏罚,3925021,393,A168_HF9F_20260827_0900,2026-08-27 09:00:00
2026-04-04,131525470,2123,0,209.4076381435,131.6650524828,131.6650524828,0.8000000,5,5,0.49860758000000000,0.498607580000,1.3478731046594083,1.3478731046594083,1.3478731046594083,0E-17,ELIGIBLE,R03b_20260811_FULL_v1,L1_ELIGIBILITY,v2026-08-11,2026-03-21..2026-08-06,baccarat_bet02_101_all_pairs_incl_sentinel,round_win = game_pnl > 0 (decisive only),COMPATIBILITY_ONLY_NOT_PRODUCTION,4813.5884,3984.0278,-61.8305,157,157,0.01284500,,0.01284500,0.01284500,61.8305,4813.5884,OK,0.0000,-2.4732,4.0000,96.0000,AG03-UNRESOLVED,ALL5_LEVELS_bet23_to_bet27,-2.4732,-2.4732,-2.4732,-3.0915,-3.0915,4.000000,4.000000,4.000000,5.000000,5.000000,96.000000,96.000000,96.000000,95.000000,95.000000,5.0,-13.6027,-12.4604,-48.2278,-49.3701,PENDING_AG03,FALSE,NOT_FOR_ENFORCEMENT,-59.3573,3824.6667,-61.8305,-59.3573,-2.4732,-0.01284500,-0.01233120,-2.4732,-59.3573,-0.01233120,-2.4732,-2.4732,-2.4732,-3.0915,-3.0915,-59.3573,-0.01233120,-13.6027,-12.4604,-48.2278,-49.3701,-0.01001910,-0.0102564,-0.00051380,30.6598,25.3760,-0.3938,-4.1220,-0.5424,320.9059,10.4667,,30.6598,13.1659,26.176,39.4976,52.6635,78.5279,104.3374,23.6986,0.0,3.0,3.986001,1.171296,29,64,9,2,0E-8,-0.01284500,,0E-8,0.000000,0.827663,0.000000,,2026-03-21,2026-04-08,15,114,103,19,0.789474,,,0.000000,,,,,,,,GLOBAL_BASELINE_NO_ENTITY_RANKING,,,NOT_APPLICABLE_GLOBAL_BASELINE,HF9g-P5,,,,X 全窗基线 · 不参与实体赏罚,3925022,393,A168_HF9F_20260827_0900,2026-08-27 09:00:00
2026-04-04,131525470,2155,0,78.5278643039,-26.1759547679,-26.1759547679,0.5000000,2,2,0.49994810000000000,0.499948100000,0.00014679536856514622,0.00014679536856514622,0.00014679536856514622,0E-17,ELIGIBLE,R03b_20260811_FULL_v1,L1_ELIGIBILITY,v2026-08-11,2026-03-21..2026-08-06,baccarat_bet02_101_all_pairs_incl_sentinel,round_win = game_pnl > 0 (decisive only),COMPATIBILITY_ONLY_NOT_PRODUCTION,4813.5884,3984.0278,-61.8305,157,157,0.01284500,,0.01284500,0.01284500,61.8305,4813.5884,OK,0.0000,-2.4732,4.0000,96.0000,AG03-UNRESOLVED,ALL5_LEVELS_bet23_to_bet27,-2.4732,-2.4732,-2.4732,-3.0915,-3.0915,4.000000,4.000000,4.000000,5.000000,5.000000,96.000000,96.000000,96.000000,95.000000,95.000000,5.0,-13.6027,-12.4604,-48.2278,-49.3701,PENDING_AG03,FALSE,NOT_FOR_ENFORCEMENT,-59.3573,3824.6667,-61.8305,-59.3573,-2.4732,-0.01284500,-0.01233120,-2.4732,-59.3573,-0.01233120,-2.4732,-2.4732,-2.4732,-3.0915,-3.0915,-59.3573,-0.01233120,-13.6027,-12.4604,-48.2278,-49.3701,-0.01001910,-0.0102564,-0.00051380,30.6598,25.3760,-0.3938,-4.1220,-0.5424,320.9059,10.4667,,30.6598,13.1659,26.176,39.4976,52.6635,78.5279,104.3374,23.6986,0.0,3.0,3.986001,1.171296,29,64,9,2,0E-8,-0.01284500,,0E-8,0.000000,0.827663,0.000000,,2026-03-21,2026-04-08,15,114,103,19,0.789474,,,0.000000,,,,,,,,GLOBAL_BASELINE_NO_ENTITY_RANKING,,,NOT_APPLICABLE_GLOBAL_BASELINE,HF9g-P5,,,,X 全窗基线 · 不参与实体赏罚,3925023,393,A168_HF9F_20260827_0900,2026-08-27 09:00:00
2026-04-04,131525470,2188,0,52.3519095359,52.3519095359,52.3519095359,1.0000000,1,1,0.49324550000000000,0.493245500000,1.01360149184955,1.01360149184955,1.01360149184955,0E-17,ELIGIBLE,R03b_20260811_FULL_v1,L1_ELIGIBILITY,v2026-08-11,2026-03-21..2026-08-06,baccarat_bet02_101_all_pairs_incl_sentinel,round_win = game_pnl > 0 (decisive only),COMPATIBILITY_ONLY_NOT_PRODUCTION,4813.5884,3984.0278,-61.8305,157,157,0.01284500,,0.01284500,0.01284500,61.8305,4813.5884,OK,0.0000,-2.4732,4.0000,96.0000,AG03-UNRESOLVED,ALL5_LEVELS_bet23_to_bet27,-2.4732,-2.4732,-2.4732,-3.0915,-3.0915,4.000000,4.000000,4.000000,5.000000,5.000000,96.000000,96.000000,96.000000,95.000000,95.000000,5.0,-13.6027,-12.4604,-48.2278,-49.3701,PENDING_AG03,FALSE,NOT_FOR_ENFORCEMENT,-59.3573,3824.6667,-61.8305,-59.3573,-2.4732,-0.01284500,-0.01233120,-2.4732,-59.3573,-0.01233120,-2.4732,-2.4732,-2.4732,-3.0915,-3.0915,-59.3573,-0.01233120,-13.6027,-12.4604,-48.2278,-49.3701,-0.01001910,-0.0102564,-0.00051380,30.6598,25.3760,-0.3938,-4.1220,-0.5424,320.9059,10.4667,,30.6598,13.1659,26.176,39.4976,52.6635,78.5279,104.3374,23.6986,0.0,3.0,3.986001,1.171296,29,64,9,2,0E-8,-0.01284500,,0E-8,0.000000,0.827663,0.000000,,2026-03-21,2026-04-08,15,114,103,19,0.789474,,,0.000000,,,,,,,,GLOBAL_BASELINE_NO_ENTITY_RANKING,,,NOT_APPLICABLE_GLOBAL_BASELINE,HF9g-P5,,,,X 全窗基线 · 不参与实体赏罚,3925024,393,A168_HF9F_20260827_0900,2026-08-27 09:00:00
2026-04-04,131525470,2250,0,39.2639321519,-39.2639321519,-39.2639321519,0E-7,1,1,0.50665070000000000,0.506650700000,-1.013391052207602,-1.013391052207602,-1.013391052207602,0E-17,ELIGIBLE,R03b_20260811_FULL_v1,L1_ELIGIBILITY,v2026-08-11,2026-03-21..2026-08-06,baccarat_bet02_101_all_pairs_incl_sentinel,round_win = game_pnl > 0 (decisive only),COMPATIBILITY_ONLY_NOT_PRODUCTION,4813.5884,3984.0278,-61.8305,157,157,0.01284500,,0.01284500,0.01284500,61.8305,4813.5884,OK,0.0000,-2.4732,4.0000,96.0000,AG03-UNRESOLVED,ALL5_LEVELS_bet23_to_bet27,-2.4732,-2.4732,-2.4732,-3.0915,-3.0915,4.000000,4.000000,4.000000,5.000000,5.000000,96.000000,96.000000,96.000000,95.000000,95.000000,5.0,-13.6027,-12.4604,-48.2278,-49.3701,PENDING_AG03,FALSE,NOT_FOR_ENFORCEMENT,-59.3573,3824.6667,-61.8305,-59.3573,-2.4732,-0.01284500,-0.01233120,-2.4732,-59.3573,-0.01233120,-2.4732,-2.4732,-2.4732,-3.0915,-3.0915,-59.3573,-0.01233120,-13.6027,-12.4604,-48.2278,-49.3701,-0.01001910,-0.0102564,-0.00051380,30.6598,25.3760,-0.3938,-4.1220,-0.5424,320.9059,10.4667,,30.6598,13.1659,26.176,39.4976,52.6635,78.5279,104.3374,23.6986,0.0,3.0,3.986001,1.171296,29,64,9,2,0E-8,-0.01284500,,0E-8,0.000000,0.827663,0.000000,,2026-03-21,2026-04-08,15,114,103,19,0.789474,,,0.000000,,,,,,,,GLOBAL_BASELINE_NO_ENTITY_RANKING,,,NOT_APPLICABLE_GLOBAL_BASELINE,HF9g-P5,,,,X 全窗基线 · 不参与实体赏罚,3925025,393,A168_HF9F_20260827_0900,2026-08-27 09:00:00
2026-04-04,131525470,462,0,52.3519095359,52.3519095359,52.3519095359,1.0000000,1,1,0.49324550000000000,0.493245500000,1.01360149184955,1.01360149184955,1.01360149184955,0E-17,ELIGIBLE,R03b_20260811_FULL_v1,L1_ELIGIBILITY,v2026-08-11,2026-03-21..2026-08-06,baccarat_bet02_101_all_pairs_incl_sentinel,round_win = game_pnl > 0 (decisive only),COMPATIBILITY_ONLY_NOT_PRODUCTION,4813.5884,3984.0278,-61.8305,157,157,0.01284500,,0.01284500,0.01284500,61.8305,4813.5884,OK,0.0000,-2.4732,4.0000,96.0000,AG03-UNRESOLVED,ALL5_LEVELS_bet23_to_bet27,-2.4732,-2.4732,-2.4732,-3.0915,-3.0915,4.000000,4.000000,4.000000,5.000000,5.000000,96.000000,96.000000,96.000000,95.000000,95.000000,5.0,-13.6027,-12.4604,-48.2278,-49.3701,PENDING_AG03,FALSE,NOT_FOR_ENFORCEMENT,-59.3573,3824.6667,-61.8305,-59.3573,-2.4732,-0.01284500,-0.01233120,-2.4732,-59.3573,-0.01233120,-2.4732,-2.4732,-2.4732,-3.0915,-3.0915,-59.3573,-0.01233120,-13.6027,-12.4604,-48.2278,-49.3701,-0.01001910,-0.0102564,-0.00051380,30.6598,25.3760,-0.3938,-4.1220,-0.5424,320.9059,10.4667,,30.6598,13.1659,26.176,39.4976,52.6635,78.5279,104.3374,23.6986,0.0,3.0,3.986001,1.171296,29,64,9,2,0E-8,-0.01284500,,0E-8,0.000000,0.827663,0.000000,,2026-03-21,2026-04-08,15,114,103,19,0.789474,,,0.000000,,,,,,,,GLOBAL_BASELINE_NO_ENTITY_RANKING,,,NOT_APPLICABLE_GLOBAL_BASELINE,HF9g-P5,,,,X 全窗基线 · 不参与实体赏罚,3925026,393,A168_HF9F_20260827_0900,2026-08-27 09:00:00
2026-04-04,131525470,970,0,78.5278643039,0E-10,0E-10,,1,1,0.49324550000000000,0.493245500000,,,,0E-17,NO_DECISIVE_ROUND,R03b_20260811_FULL_v1,L1_ELIGIBILITY,v2026-08-11,2026-03-21..2026-08-06,baccarat_bet02_101_all_pairs_incl_sentinel,round_win = game_pnl > 0 (decisive only),COMPATIBILITY_ONLY_NOT_PRODUCTION,4813.5884,3984.0278,-61.8305,157,157,0.01284500,,0.01284500,0.01284500,61.8305,4813.5884,OK,0.0000,-2.4732,4.0000,96.0000,AG03-UNRESOLVED,ALL5_LEVELS_bet23_to_bet27,-2.4732,-2.4732,-2.4732,-3.0915,-3.0915,4.000000,4.000000,4.000000,5.000000,5.000000,96.000000,96.000000,96.000000,95.000000,95.000000,5.0,-13.6027,-12.4604,-48.2278,-49.3701,PENDING_AG03,FALSE,NOT_FOR_ENFORCEMENT,-59.3573,3824.6667,-61.8305,-59.3573,-2.4732,-0.01284500,-0.01233120,-2.4732,-59.3573,-0.01233120,-2.4732,-2.4732,-2.4732,-3.0915,-3.0915,-59.3573,-0.01233120,-13.6027,-12.4604,-48.2278,-49.3701,-0.01001910,-0.0102564,-0.00051380,30.6598,25.3760,-0.3938,-4.1220,-0.5424,320.9059,10.4667,,30.6598,13.1659,26.176,39.4976,52.6635,78.5279,104.3374,23.6986,0.0,3.0,3.986001,1.171296,29,64,9,2,0E-8,-0.01284500,,0E-8,0.000000,0.827663,0.000000,,2026-03-21,2026-04-08,15,114,103,19,0.789474,,,0.000000,,,,,,,,GLOBAL_BASELINE_NO_ENTITY_RANKING,,,NOT_APPLICABLE_GLOBAL_BASELINE,HF9g-P5,,,,X 全窗基线 · 不参与实体赏罚,3925027,393,A168_HF9F_20260827_0900,2026-08-27 09:00:00
2026-04-04,131525470,987,0,65.4398869199,0E-10,0E-10,,1,1,0.49324550000000000,0.493245500000,,,,0E-17,NO_DECISIVE_ROUND,R03b_20260811_FULL_v1,L1_ELIGIBILITY,v2026-08-11,2026-03-21..2026-08-06,baccarat_bet02_101_all_pairs_incl_sentinel,round_win = game_pnl > 0 (decisive only),COMPATIBILITY_ONLY_NOT_PRODUCTION,4813.5884,3984.0278,-61.8305,157,157,0.01284500,,0.01284500,0.01284500,61.8305,4813.5884,OK,0.0000,-2.4732,4.0000,96.0000,AG03-UNRESOLVED,ALL5_LEVELS_bet23_to_bet27,-2.4732,-2.4732,-2.4732,-3.0915,-3.0915,4.000000,4.000000,4.000000,5.000000,5.000000,96.000000,96.000000,96.000000,95.000000,95.000000,5.0,-13.6027,-12.4604,-48.2278,-49.3701,PENDING_AG03,FALSE,NOT_FOR_ENFORCEMENT,-59.3573,3824.6667,-61.8305,-59.3573,-2.4732,-0.01284500,-0.01233120,-2.4732,-59.3573,-0.01233120,-2.4732,-2.4732,-2.4732,-3.0915,-3.0915,-59.3573,-0.01233120,-13.6027,-12.4604,-48.2278,-49.3701,-0.01001910,-0.0102564,-0.00051380,30.6598,25.3760,-0.3938,-4.1220,-0.5424,320.9059,10.4667,,30.6598,13.1659,26.176,39.4976,52.6635,78.5279,104.3374,23.6986,0.0,3.0,3.986001,1.171296,29,64,9,2,0E-8,-0.01284500,,0E-8,0.000000,0.827663,0.000000,,2026-03-21,2026-04-08,15,114,103,19,0.789474,,,0.000000,,,,,,,,GLOBAL_BASELINE_NO_ENTITY_RANKING,,,NOT_APPLICABLE_GLOBAL_BASELINE,HF9g-P5,,,,X 全窗基线 · 不参与实体赏罚,3925028,393,A168_HF9F_20260827_0900,2026-08-27 09:00:00
2026-04-05,131525470,-1,1,78.5278643039,-78.5278643039,-78.5278643039,0E-7,2,2,0.49324550000000000,0.493245500000,-1.3952362676504506,-1.3952362676504506,-1.3952362676504506,0E-17,SENTINEL_DEALER,R03b_20260811_FULL_v1,L1_ELIGIBILITY,v2026-08-11,2026-03-21..2026-08-06,baccarat_bet02_101_all_pairs_incl_sentinel,round_win = game_pnl > 0 (decisive only),COMPATIBILITY_ONLY_NOT_PRODUCTION,4813.5884,3984.0278,-61.8305,157,157,0.01284500,,0.01284500,0.01284500,61.8305,4813.5884,OK,0.0000,-2.4732,4.0000,96.0000,AG03-UNRESOLVED,ALL5_LEVELS_bet23_to_bet27,-2.4732,-2.4732,-2.4732,-3.0915,-3.0915,4.000000,4.000000,4.000000,5.000000,5.000000,96.000000,96.000000,96.000000,95.000000,95.000000,5.0,-13.6027,-12.4604,-48.2278,-49.3701,PENDING_AG03,FALSE,NOT_FOR_ENFORCEMENT,-59.3573,3824.6667,-61.8305,-59.3573,-2.4732,-0.01284500,-0.01233120,-2.4732,-59.3573,-0.01233120,-2.4732,-2.4732,-2.4732,-3.0915,-3.0915,-59.3573,-0.01233120,-13.6027,-12.4604,-48.2278,-49.3701,-0.01001910,-0.0102564,-0.00051380,30.6598,25.3760,-0.3938,-4.1220,-0.5424,320.9059,10.4667,,30.6598,13.1659,26.176,39.4976,52.6635,78.5279,104.3374,23.6986,0.0,3.0,3.986001,1.171296,29,64,9,2,0E-8,-0.01284500,,0E-8,0.000000,0.827663,0.000000,,2026-03-21,2026-04-08,15,114,103,19,0.789474,,,0.000000,,,,,,,,GLOBAL_BASELINE_NO_ENTITY_RANKING,,,NOT_APPLICABLE_GLOBAL_BASELINE,HF9g-P5,,,,X 全窗基线 · 不参与实体赏罚,3925029,393,A168_HF9F_20260827_0900,2026-08-27 09:00:00
2026-04-05,131525470,1994,0,52.3519095360,-1.3087977384,-1.3087977384,0.5000000,2,2,0.50665070000000000,0.506650700000,-0.018812684590367487,-0.018812684590367487,-0.018812684590367487,0E-17,ELIGIBLE,R03b_20260811_FULL_v1,L1_ELIGIBILITY,v2026-08-11,2026-03-21..2026-08-06,baccarat_bet02_101_all_pairs_incl_sentinel,round_win = game_pnl > 0 (decisive only),COMPATIBILITY_ONLY_NOT_PRODUCTION,4813.5884,3984.0278,-61.8305,157,157,0.01284500,,0.01284500,0.01284500,61.8305,4813.5884,OK,0.0000,-2.4732,4.0000,96.0000,AG03-UNRESOLVED,ALL5_LEVELS_bet23_to_bet27,-2.4732,-2.4732,-2.4732,-3.0915,-3.0915,4.000000,4.000000,4.000000,5.000000,5.000000,96.000000,96.000000,96.000000,95.000000,95.000000,5.0,-13.6027,-12.4604,-48.2278,-49.3701,PENDING_AG03,FALSE,NOT_FOR_ENFORCEMENT,-59.3573,3824.6667,-61.8305,-59.3573,-2.4732,-0.01284500,-0.01233120,-2.4732,-59.3573,-0.01233120,-2.4732,-2.4732,-2.4732,-3.0915,-3.0915,-59.3573,-0.01233120,-13.6027,-12.4604,-48.2278,-49.3701,-0.01001910,-0.0102564,-0.00051380,30.6598,25.3760,-0.3938,-4.1220,-0.5424,320.9059,10.4667,,30.6598,13.1659,26.176,39.4976,52.6635,78.5279,104.3374,23.6986,0.0,3.0,3.986001,1.171296,29,64,9,2,0E-8,-0.01284500,,0E-8,0.000000,0.827663,0.000000,,2026-03-21,2026-04-08,15,114,103,19,0.789474,,,0.000000,,,,,,,,GLOBAL_BASELINE_NO_ENTITY_RANKING,,,NOT_APPLICABLE_GLOBAL_BASELINE,HF9g-P5,,,,X 全窗基线 · 不参与实体赏罚,3925030,393,A168_HF9F_20260827_0900,2026-08-27 09:00:00
2026-04-05,131525470,2218,0,36.6463366751,36.6463366751,36.6463366751,1.0000000,1,1,0.49324550000000000,0.493245500000,1.01360149184955,1.01360149184955,1.01360149184955,0E-17,ELIGIBLE,R03b_20260811_FULL_v1,L1_ELIGIBILITY,v2026-08-11,2026-03-21..2026-08-06,baccarat_bet02_101_all_pairs_incl_sentinel,round_win = game_pnl > 0 (decisive only),COMPATIBILITY_ONLY_NOT_PRODUCTION,4813.5884,3984.0278,-61.8305,157,157,0.01284500,,0.01284500,0.01284500,61.8305,4813.5884,OK,0.0000,-2.4732,4.0000,96.0000,AG03-UNRESOLVED,ALL5_LEVELS_bet23_to_bet27,-2.4732,-2.4732,-2.4732,-3.0915,-3.0915,4.000000,4.000000,4.000000,5.000000,5.000000,96.000000,96.000000,96.000000,95.000000,95.000000,5.0,-13.6027,-12.4604,-48.2278,-49.3701,PENDING_AG03,FALSE,NOT_FOR_ENFORCEMENT,-59.3573,3824.6667,-61.8305,-59.3573,-2.4732,-0.01284500,-0.01233120,-2.4732,-59.3573,-0.01233120,-2.4732,-2.4732,-2.4732,-3.0915,-3.0915,-59.3573,-0.01233120,-13.6027,-12.4604,-48.2278,-49.3701,-0.01001910,-0.0102564,-0.00051380,30.6598,25.3760,-0.3938,-4.1220,-0.5424,320.9059,10.4667,,30.6598,13.1659,26.176,39.4976,52.6635,78.5279,104.3374,23.6986,0.0,3.0,3.986001,1.171296,29,64,9,2,0E-8,-0.01284500,,0E-8,0.000000,0.827663,0.000000,,2026-03-21,2026-04-08,15,114,103,19,0.789474,,,0.000000,,,,,,,,GLOBAL_BASELINE_NO_ENTITY_RANKING,,,NOT_APPLICABLE_GLOBAL_BASELINE,HF9g-P5,,,,X 全窗基线 · 不参与实体赏罚,3925031,393,A168_HF9F_20260827_0900,2026-08-27 09:00:00
2026-04-05,131525470,2267,0,34.0287411983,-34.0287411983,-34.0287411983,0E-7,1,1,0.50665070000000000,0.506650700000,-1.013391052207602,-1.013391052207602,-1.013391052207602,0E-17,ELIGIBLE,R03b_20260811_FULL_v1,L1_ELIGIBILITY,v2026-08-11,2026-03-21..2026-08-06,baccarat_bet02_101_all_pairs_incl_sentinel,round_win = game_pnl > 0 (decisive only),COMPATIBILITY_ONLY_NOT_PRODUCTION,4813.5884,3984.0278,-61.8305,157,157,0.01284500,,0.01284500,0.01284500,61.8305,4813.5884,OK,0.0000,-2.4732,4.0000,96.0000,AG03-UNRESOLVED,ALL5_LEVELS_bet23_to_bet27,-2.4732,-2.4732,-2.4732,-3.0915,-3.0915,4.000000,4.000000,4.000000,5.000000,5.000000,96.000000,96.000000,96.000000,95.000000,95.000000,5.0,-13.6027,-12.4604,-48.2278,-49.3701,PENDING_AG03,FALSE,NOT_FOR_ENFORCEMENT,-59.3573,3824.6667,-61.8305,-59.3573,-2.4732,-0.01284500,-0.01233120,-2.4732,-59.3573,-0.01233120,-2.4732,-2.4732,-2.4732,-3.0915,-3.0915,-59.3573,-0.01233120,-13.6027,-12.4604,-48.2278,-49.3701,-0.01001910,-0.0102564,-0.00051380,30.6598,25.3760,-0.3938,-4.1220,-0.5424,320.9059,10.4667,,30.6598,13.1659,26.176,39.4976,52.6635,78.5279,104.3374,23.6986,0.0,3.0,3.986001,1.171296,29,64,9,2,0E-8,-0.01284500,,0E-8,0.000000,0.827663,0.000000,,2026-03-21,2026-04-08,15,114,103,19,0.789474,,,0.000000,,,,,,,,GLOBAL_BASELINE_NO_ENTITY_RANKING,,,NOT_APPLICABLE_GLOBAL_BASELINE,HF9g-P5,,,,X 全窗基线 · 不参与实体赏罚,3925032,393,A168_HF9F_20260827_0900,2026-08-27 09:00:00
2026-04-05,131525470,583,0,10.2086223595,-10.2086223595,-10.2086223595,0E-7,1,1,0.50665070000000000,0.506650700000,-1.013391052207602,-1.013391052207602,-1.013391052207602,0E-17,ELIGIBLE,R03b_20260811_FULL_v1,L1_ELIGIBILITY,v2026-08-11,2026-03-21..2026-08-06,baccarat_bet02_101_all_pairs_incl_sentinel,round_win = game_pnl > 0 (decisive only),COMPATIBILITY_ONLY_NOT_PRODUCTION,4813.5884,3984.0278,-61.8305,157,157,0.01284500,,0.01284500,0.01284500,61.8305,4813.5884,OK,0.0000,-2.4732,4.0000,96.0000,AG03-UNRESOLVED,ALL5_LEVELS_bet23_to_bet27,-2.4732,-2.4732,-2.4732,-3.0915,-3.0915,4.000000,4.000000,4.000000,5.000000,5.000000,96.000000,96.000000,96.000000,95.000000,95.000000,5.0,-13.6027,-12.4604,-48.2278,-49.3701,PENDING_AG03,FALSE,NOT_FOR_ENFORCEMENT,-59.3573,3824.6667,-61.8305,-59.3573,-2.4732,-0.01284500,-0.01233120,-2.4732,-59.3573,-0.01233120,-2.4732,-2.4732,-2.4732,-3.0915,-3.0915,-59.3573,-0.01233120,-13.6027,-12.4604,-48.2278,-49.3701,-0.01001910,-0.0102564,-0.00051380,30.6598,25.3760,-0.3938,-4.1220,-0.5424,320.9059,10.4667,,30.6598,13.1659,26.176,39.4976,52.6635,78.5279,104.3374,23.6986,0.0,3.0,3.986001,1.171296,29,64,9,2,0E-8,-0.01284500,,0E-8,0.000000,0.827663,0.000000,,2026-03-21,2026-04-08,15,114,103,19,0.789474,,,0.000000,,,,,,,,GLOBAL_BASELINE_NO_ENTITY_RANKING,,,NOT_APPLICABLE_GLOBAL_BASELINE,HF9g-P5,,,,X 全窗基线 · 不参与实体赏罚,3925033,393,A168_HF9F_20260827_0900,2026-08-27 09:00:00
2026-04-07,131525470,-1,1,41.8815276288,15.0511739916,15.0511739916,0.6666667,3,3,0.50218230000000000,0.502182300000,0.5697959874915163,0.5697959874915164,0.5697959874915163,0E-17,SENTINEL_DEALER,R03b_20260811_FULL_v1,L1_ELIGIBILITY,v2026-08-11,2026-03-21..2026-08-06,baccarat_bet02_101_all_pairs_incl_sentinel,round_win = game_pnl > 0 (decisive only),COMPATIBILITY_ONLY_NOT_PRODUCTION,4813.5884,3984.0278,-61.8305,157,157,0.01284500,,0.01284500,0.01284500,61.8305,4813.5884,OK,0.0000,-2.4732,4.0000,96.0000,AG03-UNRESOLVED,ALL5_LEVELS_bet23_to_bet27,-2.4732,-2.4732,-2.4732,-3.0915,-3.0915,4.000000,4.000000,4.000000,5.000000,5.000000,96.000000,96.000000,96.000000,95.000000,95.000000,5.0,-13.6027,-12.4604,-48.2278,-49.3701,PENDING_AG03,FALSE,NOT_FOR_ENFORCEMENT,-59.3573,3824.6667,-61.8305,-59.3573,-2.4732,-0.01284500,-0.01233120,-2.4732,-59.3573,-0.01233120,-2.4732,-2.4732,-2.4732,-3.0915,-3.0915,-59.3573,-0.01233120,-13.6027,-12.4604,-48.2278,-49.3701,-0.01001910,-0.0102564,-0.00051380,30.6598,25.3760,-0.3938,-4.1220,-0.5424,320.9059,10.4667,,30.6598,13.1659,26.176,39.4976,52.6635,78.5279,104.3374,23.6986,0.0,3.0,3.986001,1.171296,29,64,9,2,0E-8,-0.01284500,,0E-8,0.000000,0.827663,0.000000,,2026-03-21,2026-04-08,15,114,103,19,0.789474,,,0.000000,,,,,,,,GLOBAL_BASELINE_NO_ENTITY_RANKING,,,NOT_APPLICABLE_GLOBAL_BASELINE,HF9g-P5,,,,X 全窗基线 · 不参与实体赏罚,3925034,393,A168_HF9F_20260827_0900,2026-08-27 09:00:00
2026-04-07,131525470,1304,0,80.3601811376,-80.3601811376,-80.3601811376,0E-7,1,1,0.50665070000000000,0.506650700000,-1.013391052207602,-1.013391052207602,-1.013391052207602,0E-17,ELIGIBLE,R03b_20260811_FULL_v1,L1_ELIGIBILITY,v2026-08-11,2026-03-21..2026-08-06,baccarat_bet02_101_all_pairs_incl_sentinel,round_win = game_pnl > 0 (decisive only),COMPATIBILITY_ONLY_NOT_PRODUCTION,4813.5884,3984.0278,-61.8305,157,157,0.01284500,,0.01284500,0.01284500,61.8305,4813.5884,OK,0.0000,-2.4732,4.0000,96.0000,AG03-UNRESOLVED,ALL5_LEVELS_bet23_to_bet27,-2.4732,-2.4732,-2.4732,-3.0915,-3.0915,4.000000,4.000000,4.000000,5.000000,5.000000,96.000000,96.000000,96.000000,95.000000,95.000000,5.0,-13.6027,-12.4604,-48.2278,-49.3701,PENDING_AG03,FALSE,NOT_FOR_ENFORCEMENT,-59.3573,3824.6667,-61.8305,-59.3573,-2.4732,-0.01284500,-0.01233120,-2.4732,-59.3573,-0.01233120,-2.4732,-2.4732,-2.4732,-3.0915,-3.0915,-59.3573,-0.01233120,-13.6027,-12.4604,-48.2278,-49.3701,-0.01001910,-0.0102564,-0.00051380,30.6598,25.3760,-0.3938,-4.1220,-0.5424,320.9059,10.4667,,30.6598,13.1659,26.176,39.4976,52.6635,78.5279,104.3374,23.6986,0.0,3.0,3.986001,1.171296,29,64,9,2,0E-8,-0.01284500,,0E-8,0.000000,0.827663,0.000000,,2026-03-21,2026-04-08,15,114,103,19,0.789474,,,0.000000,,,,,,,,GLOBAL_BASELINE_NO_ENTITY_RANKING,,,NOT_APPLICABLE_GLOBAL_BASELINE,HF9g-P5,,,,X 全窗基线 · 不参与实体赏罚,3925035,393,A168_HF9F_20260827_0900,2026-08-27 09:00:00
2026-04-07,131525470,1507,0,26.1759547680,0E-10,0E-10,,1,1,0.50665070000000000,0.506650700000,,,,0E-17,NO_DECISIVE_ROUND,R03b_20260811_FULL_v1,L1_ELIGIBILITY,v2026-08-11,2026-03-21..2026-08-06,baccarat_bet02_101_all_pairs_incl_sentinel,round_win = game_pnl > 0 (decisive only),COMPATIBILITY_ONLY_NOT_PRODUCTION,4813.5884,3984.0278,-61.8305,157,157,0.01284500,,0.01284500,0.01284500,61.8305,4813.5884,OK,0.0000,-2.4732,4.0000,96.0000,AG03-UNRESOLVED,ALL5_LEVELS_bet23_to_bet27,-2.4732,-2.4732,-2.4732,-3.0915,-3.0915,4.000000,4.000000,4.000000,5.000000,5.000000,96.000000,96.000000,96.000000,95.000000,95.000000,5.0,-13.6027,-12.4604,-48.2278,-49.3701,PENDING_AG03,FALSE,NOT_FOR_ENFORCEMENT,-59.3573,3824.6667,-61.8305,-59.3573,-2.4732,-0.01284500,-0.01233120,-2.4732,-59.3573,-0.01233120,-2.4732,-2.4732,-2.4732,-3.0915,-3.0915,-59.3573,-0.01233120,-13.6027,-12.4604,-48.2278,-49.3701,-0.01001910,-0.0102564,-0.00051380,30.6598,25.3760,-0.3938,-4.1220,-0.5424,320.9059,10.4667,,30.6598,13.1659,26.176,39.4976,52.6635,78.5279,104.3374,23.6986,0.0,3.0,3.986001,1.171296,29,64,9,2,0E-8,-0.01284500,,0E-8,0.000000,0.827663,0.000000,,2026-03-21,2026-04-08,15,114,103,19,0.789474,,,0.000000,,,,,,,,GLOBAL_BASELINE_NO_ENTITY_RANKING,,,NOT_APPLICABLE_GLOBAL_BASELINE,HF9g-P5,,,,X 全窗基线 · 不参与实体赏罚,3925036,393,A168_HF9F_20260827_0900,2026-08-27 09:00:00
2026-04-07,131525470,1710,0,26.1759547680,26.1759547680,26.1759547680,1.0000000,1,1,0.49324550000000000,0.493245500000,1.01360149184955,1.01360149184955,1.01360149184955,0E-17,ELIGIBLE,R03b_20260811_FULL_v1,L1_ELIGIBILITY,v2026-08-11,2026-03-21..2026-08-06,baccarat_bet02_101_all_pairs_incl_sentinel,round_win = game_pnl > 0 (decisive only),COMPATIBILITY_ONLY_NOT_PRODUCTION,4813.5884,3984.0278,-61.8305,157,157,0.01284500,,0.01284500,0.01284500,61.8305,4813.5884,OK,0.0000,-2.4732,4.0000,96.0000,AG03-UNRESOLVED,ALL5_LEVELS_bet23_to_bet27,-2.4732,-2.4732,-2.4732,-3.0915,-3.0915,4.000000,4.000000,4.000000,5.000000,5.000000,96.000000,96.000000,96.000000,95.000000,95.000000,5.0,-13.6027,-12.4604,-48.2278,-49.3701,PENDING_AG03,FALSE,NOT_FOR_ENFORCEMENT,-59.3573,3824.6667,-61.8305,-59.3573,-2.4732,-0.01284500,-0.01233120,-2.4732,-59.3573,-0.01233120,-2.4732,-2.4732,-2.4732,-3.0915,-3.0915,-59.3573,-0.01233120,-13.6027,-12.4604,-48.2278,-49.3701,-0.01001910,-0.0102564,-0.00051380,30.6598,25.3760,-0.3938,-4.1220,-0.5424,320.9059,10.4667,,30.6598,13.1659,26.176,39.4976,52.6635,78.5279,104.3374,23.6986,0.0,3.0,3.986001,1.171296,29,64,9,2,0E-8,-0.01284500,,0E-8,0.000000,0.827663,0.000000,,2026-03-21,2026-04-08,15,114,103,19,0.789474,,,0.000000,,,,,,,,GLOBAL_BASELINE_NO_ENTITY_RANKING,,,NOT_APPLICABLE_GLOBAL_BASELINE,HF9g-P5,,,,X 全窗基线 · 不参与实体赏罚,3925037,393,A168_HF9F_20260827_0900,2026-08-27 09:00:00
2026-04-07,131525470,2130,0,50.7813522498,48.2422846373,48.2422846373,1.0000000,2,2,0.50665070000000000,0.506650700000,1.3955260008387969,1.3955260008387969,1.3955260008387969,0E-17,ELIGIBLE,R03b_20260811_FULL_v1,L1_ELIGIBILITY,v2026-08-11,2026-03-21..2026-08-06,baccarat_bet02_101_all_pairs_incl_sentinel,round_win = game_pnl > 0 (decisive only),COMPATIBILITY_ONLY_NOT_PRODUCTION,4813.5884,3984.0278,-61.8305,157,157,0.01284500,,0.01284500,0.01284500,61.8305,4813.5884,OK,0.0000,-2.4732,4.0000,96.0000,AG03-UNRESOLVED,ALL5_LEVELS_bet23_to_bet27,-2.4732,-2.4732,-2.4732,-3.0915,-3.0915,4.000000,4.000000,4.000000,5.000000,5.000000,96.000000,96.000000,96.000000,95.000000,95.000000,5.0,-13.6027,-12.4604,-48.2278,-49.3701,PENDING_AG03,FALSE,NOT_FOR_ENFORCEMENT,-59.3573,3824.6667,-61.8305,-59.3573,-2.4732,-0.01284500,-0.01233120,-2.4732,-59.3573,-0.01233120,-2.4732,-2.4732,-2.4732,-3.0915,-3.0915,-59.3573,-0.01233120,-13.6027,-12.4604,-48.2278,-49.3701,-0.01001910,-0.0102564,-0.00051380,30.6598,25.3760,-0.3938,-4.1220,-0.5424,320.9059,10.4667,,30.6598,13.1659,26.176,39.4976,52.6635,78.5279,104.3374,23.6986,0.0,3.0,3.986001,1.171296,29,64,9,2,0E-8,-0.01284500,,0E-8,0.000000,0.827663,0.000000,,2026-03-21,2026-04-08,15,114,103,19,0.789474,,,0.000000,,,,,,,,GLOBAL_BASELINE_NO_ENTITY_RANKING,,,NOT_APPLICABLE_GLOBAL_BASELINE,HF9g-P5,,,,X 全窗基线 · 不参与实体赏罚,3925038,393,A168_HF9F_20260827_0900,2026-08-27 09:00:00
2026-04-07,131525470,2142,0,73.2926733504,-6.2822291443,-6.2822291443,0.6666667,4,4,0.49994810000000000,0.499948100000,0.5775300591747329,0.5775300591747329,0.5775300591747329,0E-17,ELIGIBLE,R03b_20260811_FULL_v1,L1_ELIGIBILITY,v2026-08-11,2026-03-21..2026-08-06,baccarat_bet02_101_all_pairs_incl_sentinel,round_win = game_pnl > 0 (decisive only),COMPATIBILITY_ONLY_NOT_PRODUCTION,4813.5884,3984.0278,-61.8305,157,157,0.01284500,,0.01284500,0.01284500,61.8305,4813.5884,OK,0.0000,-2.4732,4.0000,96.0000,AG03-UNRESOLVED,ALL5_LEVELS_bet23_to_bet27,-2.4732,-2.4732,-2.4732,-3.0915,-3.0915,4.000000,4.000000,4.000000,5.000000,5.000000,96.000000,96.000000,96.000000,95.000000,95.000000,5.0,-13.6027,-12.4604,-48.2278,-49.3701,PENDING_AG03,FALSE,NOT_FOR_ENFORCEMENT,-59.3573,3824.6667,-61.8305,-59.3573,-2.4732,-0.01284500,-0.01233120,-2.4732,-59.3573,-0.01233120,-2.4732,-2.4732,-2.4732,-3.0915,-3.0915,-59.3573,-0.01233120,-13.6027,-12.4604,-48.2278,-49.3701,-0.01001910,-0.0102564,-0.00051380,30.6598,25.3760,-0.3938,-4.1220,-0.5424,320.9059,10.4667,,30.6598,13.1659,26.176,39.4976,52.6635,78.5279,104.3374,23.6986,0.0,3.0,3.986001,1.171296,29,64,9,2,0E-8,-0.01284500,,0E-8,0.000000,0.827663,0.000000,,2026-03-21,2026-04-08,15,114,103,19,0.789474,,,0.000000,,,,,,,,GLOBAL_BASELINE_NO_ENTITY_RANKING,,,NOT_APPLICABLE_GLOBAL_BASELINE,HF9g-P5,,,,X 全窗基线 · 不参与实体赏罚,3925039,393,A168_HF9F_20260827_0900,2026-08-27 09:00:00
2026-04-07,131525470,2147,0,26.1759547680,-26.1759547680,-26.1759547680,0E-7,1,1,0.49324550000000000,0.493245500000,-0.9865810262130424,-0.9865810262130424,-0.9865810262130424,0E-17,ELIGIBLE,R03b_20260811_FULL_v1,L1_ELIGIBILITY,v2026-08-11,2026-03-21..2026-08-06,baccarat_bet02_101_all_pairs_incl_sentinel,round_win = game_pnl > 0 (decisive only),COMPATIBILITY_ONLY_NOT_PRODUCTION,4813.5884,3984.0278,-61.8305,157,157,0.01284500,,0.01284500,0.01284500,61.8305,4813.5884,OK,0.0000,-2.4732,4.0000,96.0000,AG03-UNRESOLVED,ALL5_LEVELS_bet23_to_bet27,-2.4732,-2.4732,-2.4732,-3.0915,-3.0915,4.000000,4.000000,4.000000,5.000000,5.000000,96.000000,96.000000,96.000000,95.000000,95.000000,5.0,-13.6027,-12.4604,-48.2278,-49.3701,PENDING_AG03,FALSE,NOT_FOR_ENFORCEMENT,-59.3573,3824.6667,-61.8305,-59.3573,-2.4732,-0.01284500,-0.01233120,-2.4732,-59.3573,-0.01233120,-2.4732,-2.4732,-2.4732,-3.0915,-3.0915,-59.3573,-0.01233120,-13.6027,-12.4604,-48.2278,-49.3701,-0.01001910,-0.0102564,-0.00051380,30.6598,25.3760,-0.3938,-4.1220,-0.5424,320.9059,10.4667,,30.6598,13.1659,26.176,39.4976,52.6635,78.5279,104.3374,23.6986,0.0,3.0,3.986001,1.171296,29,64,9,2,0E-8,-0.01284500,,0E-8,0.000000,0.827663,0.000000,,2026-03-21,2026-04-08,15,114,103,19,0.789474,,,0.000000,,,,,,,,GLOBAL_BASELINE_NO_ENTITY_RANKING,,,NOT_APPLICABLE_GLOBAL_BASELINE,HF9g-P5,,,,X 全窗基线 · 不参与实体赏罚,3925040,393,A168_HF9F_20260827_0900,2026-08-27 09:00:00
2026-04-07,131525470,2169,0,36.1228175798,-36.1228175798,-36.1228175798,0E-7,2,2,0.49324550000000000,0.493245500000,-1.3952362676504506,-1.3952362676504506,-1.3952362676504506,0E-17,ELIGIBLE,R03b_20260811_FULL_v1,L1_ELIGIBILITY,v2026-08-11,2026-03-21..2026-08-06,baccarat_bet02_101_all_pairs_incl_sentinel,round_win = game_pnl > 0 (decisive only),COMPATIBILITY_ONLY_NOT_PRODUCTION,4813.5884,3984.0278,-61.8305,157,157,0.01284500,,0.01284500,0.01284500,61.8305,4813.5884,OK,0.0000,-2.4732,4.0000,96.0000,AG03-UNRESOLVED,ALL5_LEVELS_bet23_to_bet27,-2.4732,-2.4732,-2.4732,-3.0915,-3.0915,4.000000,4.000000,4.000000,5.000000,5.000000,96.000000,96.000000,96.000000,95.000000,95.000000,5.0,-13.6027,-12.4604,-48.2278,-49.3701,PENDING_AG03,FALSE,NOT_FOR_ENFORCEMENT,-59.3573,3824.6667,-61.8305,-59.3573,-2.4732,-0.01284500,-0.01233120,-2.4732,-59.3573,-0.01233120,-2.4732,-2.4732,-2.4732,-3.0915,-3.0915,-59.3573,-0.01233120,-13.6027,-12.4604,-48.2278,-49.3701,-0.01001910,-0.0102564,-0.00051380,30.6598,25.3760,-0.3938,-4.1220,-0.5424,320.9059,10.4667,,30.6598,13.1659,26.176,39.4976,52.6635,78.5279,104.3374,23.6986,0.0,3.0,3.986001,1.171296,29,64,9,2,0E-8,-0.01284500,,0E-8,0.000000,0.827663,0.000000,,2026-03-21,2026-04-08,15,114,103,19,0.789474,,,0.000000,,,,,,,,GLOBAL_BASELINE_NO_ENTITY_RANKING,,,NOT_APPLICABLE_GLOBAL_BASELINE,HF9g-P5,,,,X 全窗基线 · 不参与实体赏罚,3925041,393,A168_HF9F_20260827_0900,2026-08-27 09:00:00
2026-04-07,131525470,2256,0,26.1759547680,0E-10,0E-10,,1,1,0.50665070000000000,0.506650700000,,,,0E-17,NO_DECISIVE_ROUND,R03b_20260811_FULL_v1,L1_ELIGIBILITY,v2026-08-11,2026-03-21..2026-08-06,baccarat_bet02_101_all_pairs_incl_sentinel,round_win = game_pnl > 0 (decisive only),COMPATIBILITY_ONLY_NOT_PRODUCTION,4813.5884,3984.0278,-61.8305,157,157,0.01284500,,0.01284500,0.01284500,61.8305,4813.5884,OK,0.0000,-2.4732,4.0000,96.0000,AG03-UNRESOLVED,ALL5_LEVELS_bet23_to_bet27,-2.4732,-2.4732,-2.4732,-3.0915,-3.0915,4.000000,4.000000,4.000000,5.000000,5.000000,96.000000,96.000000,96.000000,95.000000,95.000000,5.0,-13.6027,-12.4604,-48.2278,-49.3701,PENDING_AG03,FALSE,NOT_FOR_ENFORCEMENT,-59.3573,3824.6667,-61.8305,-59.3573,-2.4732,-0.01284500,-0.01233120,-2.4732,-59.3573,-0.01233120,-2.4732,-2.4732,-2.4732,-3.0915,-3.0915,-59.3573,-0.01233120,-13.6027,-12.4604,-48.2278,-49.3701,-0.01001910,-0.0102564,-0.00051380,30.6598,25.3760,-0.3938,-4.1220,-0.5424,320.9059,10.4667,,30.6598,13.1659,26.176,39.4976,52.6635,78.5279,104.3374,23.6986,0.0,3.0,3.986001,1.171296,29,64,9,2,0E-8,-0.01284500,,0E-8,0.000000,0.827663,0.000000,,2026-03-21,2026-04-08,15,114,103,19,0.789474,,,0.000000,,,,,,,,GLOBAL_BASELINE_NO_ENTITY_RANKING,,,NOT_APPLICABLE_GLOBAL_BASELINE,HF9g-P5,,,,X 全窗基线 · 不参与实体赏罚,3925042,393,A168_HF9F_20260827_0900,2026-08-27 09:00:00
2026-04-08,131525470,-1,1,70.9368374213,-41.6197680811,-41.6197680811,0.3333333,4,4,0.49994810000000000,0.499948100000,-0.5771704854251445,-0.5771704854251445,-0.5771704854251445,0E-17,SENTINEL_DEALER,R03b_20260811_FULL_v1,L1_ELIGIBILITY,v2026-08-11,2026-03-21..2026-08-06,baccarat_bet02_101_all_pairs_incl_sentinel,round_win = game_pnl > 0 (decisive only),COMPATIBILITY_ONLY_NOT_PRODUCTION,4813.5884,3984.0278,-61.8305,157,157,0.01284500,,0.01284500,0.01284500,61.8305,4813.5884,OK,0.0000,-2.4732,4.0000,96.0000,AG03-UNRESOLVED,ALL5_LEVELS_bet23_to_bet27,-2.4732,-2.4732,-2.4732,-3.0915,-3.0915,4.000000,4.000000,4.000000,5.000000,5.000000,96.000000,96.000000,96.000000,95.000000,95.000000,5.0,-13.6027,-12.4604,-48.2278,-49.3701,PENDING_AG03,FALSE,NOT_FOR_ENFORCEMENT,-59.3573,3824.6667,-61.8305,-59.3573,-2.4732,-0.01284500,-0.01233120,-2.4732,-59.3573,-0.01233120,-2.4732,-2.4732,-2.4732,-3.0915,-3.0915,-59.3573,-0.01233120,-13.6027,-12.4604,-48.2278,-49.3701,-0.01001910,-0.0102564,-0.00051380,30.6598,25.3760,-0.3938,-4.1220,-0.5424,320.9059,10.4667,,30.6598,13.1659,26.176,39.4976,52.6635,78.5279,104.3374,23.6986,0.0,3.0,3.986001,1.171296,29,64,9,2,0E-8,-0.01284500,,0E-8,0.000000,0.827663,0.000000,,2026-03-21,2026-04-08,15,114,103,19,0.789474,,,0.000000,,,,,,,,GLOBAL_BASELINE_NO_ENTITY_RANKING,,,NOT_APPLICABLE_GLOBAL_BASELINE,HF9g-P5,,,,X 全窗基线 · 不参与实体赏罚,3925043,393,A168_HF9F_20260827_0900,2026-08-27 09:00:00
2026-04-08,131525470,1396,0,7.8527864304,-7.8527864304,-7.8527864304,0E-7,1,1,0.49324550000000000,0.493245500000,-0.9865810262130424,-0.9865810262130424,-0.9865810262130424,0E-17,ELIGIBLE,R03b_20260811_FULL_v1,L1_ELIGIBILITY,v2026-08-11,2026-03-21..2026-08-06,baccarat_bet02_101_all_pairs_incl_sentinel,round_win = game_pnl > 0 (decisive only),COMPATIBILITY_ONLY_NOT_PRODUCTION,4813.5884,3984.0278,-61.8305,157,157,0.01284500,,0.01284500,0.01284500,61.8305,4813.5884,OK,0.0000,-2.4732,4.0000,96.0000,AG03-UNRESOLVED,ALL5_LEVELS_bet23_to_bet27,-2.4732,-2.4732,-2.4732,-3.0915,-3.0915,4.000000,4.000000,4.000000,5.000000,5.000000,96.000000,96.000000,96.000000,95.000000,95.000000,5.0,-13.6027,-12.4604,-48.2278,-49.3701,PENDING_AG03,FALSE,NOT_FOR_ENFORCEMENT,-59.3573,3824.6667,-61.8305,-59.3573,-2.4732,-0.01284500,-0.01233120,-2.4732,-59.3573,-0.01233120,-2.4732,-2.4732,-2.4732,-3.0915,-3.0915,-59.3573,-0.01233120,-13.6027,-12.4604,-48.2278,-49.3701,-0.01001910,-0.0102564,-0.00051380,30.6598,25.3760,-0.3938,-4.1220,-0.5424,320.9059,10.4667,,30.6598,13.1659,26.176,39.4976,52.6635,78.5279,104.3374,23.6986,0.0,3.0,3.986001,1.171296,29,64,9,2,0E-8,-0.01284500,,0E-8,0.000000,0.827663,0.000000,,2026-03-21,2026-04-08,15,114,103,19,0.789474,,,0.000000,,,,,,,,GLOBAL_BASELINE_NO_ENTITY_RANKING,,,NOT_APPLICABLE_GLOBAL_BASELINE,HF9g-P5,,,,X 全窗基线 · 不参与实体赏罚,3925044,393,A168_HF9F_20260827_0900,2026-08-27 09:00:00
2026-04-08,131525470,1405,0,13.6114964793,-13.6114964793,-13.6114964793,0E-7,1,1,0.50665070000000000,0.506650700000,-1.013391052207602,-1.013391052207602,-1.013391052207602,0E-17,ELIGIBLE,R03b_20260811_FULL_v1,L1_ELIGIBILITY,v2026-08-11,2026-03-21..2026-08-06,baccarat_bet02_101_all_pairs_incl_sentinel,round_win = game_pnl > 0 (decisive only),COMPATIBILITY_ONLY_NOT_PRODUCTION,4813.5884,3984.0278,-61.8305,157,157,0.01284500,,0.01284500,0.01284500,61.8305,4813.5884,OK,0.0000,-2.4732,4.0000,96.0000,AG03-UNRESOLVED,ALL5_LEVELS_bet23_to_bet27,-2.4732,-2.4732,-2.4732,-3.0915,-3.0915,4.000000,4.000000,4.000000,5.000000,5.000000,96.000000,96.000000,96.000000,95.000000,95.000000,5.0,-13.6027,-12.4604,-48.2278,-49.3701,PENDING_AG03,FALSE,NOT_FOR_ENFORCEMENT,-59.3573,3824.6667,-61.8305,-59.3573,-2.4732,-0.01284500,-0.01233120,-2.4732,-59.3573,-0.01233120,-2.4732,-2.4732,-2.4732,-3.0915,-3.0915,-59.3573,-0.01233120,-13.6027,-12.4604,-48.2278,-49.3701,-0.01001910,-0.0102564,-0.00051380,30.6598,25.3760,-0.3938,-4.1220,-0.5424,320.9059,10.4667,,30.6598,13.1659,26.176,39.4976,52.6635,78.5279,104.3374,23.6986,0.0,3.0,3.986001,1.171296,29,64,9,2,0E-8,-0.01284500,,0E-8,0.000000,0.827663,0.000000,,2026-03-21,2026-04-08,15,114,103,19,0.789474,,,0.000000,,,,,,,,GLOBAL_BASELINE_NO_ENTITY_RANKING,,,NOT_APPLICABLE_GLOBAL_BASELINE,HF9g-P5,,,,X 全窗基线 · 不参与实体赏罚,3925045,393,A168_HF9F_20260827_0900,2026-08-27 09:00:00
2026-04-08,131525470,2209,0,26.1759547680,-26.1759547680,-26.1759547680,0E-7,1,1,0.50665070000000000,0.506650700000,-1.013391052207602,-1.013391052207602,-1.013391052207602,0E-17,ELIGIBLE,R03b_20260811_FULL_v1,L1_ELIGIBILITY,v2026-08-11,2026-03-21..2026-08-06,baccarat_bet02_101_all_pairs_incl_sentinel,round_win = game_pnl > 0 (decisive only),COMPATIBILITY_ONLY_NOT_PRODUCTION,4813.5884,3984.0278,-61.8305,157,157,0.01284500,,0.01284500,0.01284500,61.8305,4813.5884,OK,0.0000,-2.4732,4.0000,96.0000,AG03-UNRESOLVED,ALL5_LEVELS_bet23_to_bet27,-2.4732,-2.4732,-2.4732,-3.0915,-3.0915,4.000000,4.000000,4.000000,5.000000,5.000000,96.000000,96.000000,96.000000,95.000000,95.000000,5.0,-13.6027,-12.4604,-48.2278,-49.3701,PENDING_AG03,FALSE,NOT_FOR_ENFORCEMENT,-59.3573,3824.6667,-61.8305,-59.3573,-2.4732,-0.01284500,-0.01233120,-2.4732,-59.3573,-0.01233120,-2.4732,-2.4732,-2.4732,-3.0915,-3.0915,-59.3573,-0.01233120,-13.6027,-12.4604,-48.2278,-49.3701,-0.01001910,-0.0102564,-0.00051380,30.6598,25.3760,-0.3938,-4.1220,-0.5424,320.9059,10.4667,,30.6598,13.1659,26.176,39.4976,52.6635,78.5279,104.3374,23.6986,0.0,3.0,3.986001,1.171296,29,64,9,2,0E-8,-0.01284500,,0E-8,0.000000,0.827663,0.000000,,2026-03-21,2026-04-08,15,114,103,19,0.789474,,,0.000000,,,,,,,,GLOBAL_BASELINE_NO_ENTITY_RANKING,,,NOT_APPLICABLE_GLOBAL_BASELINE,HF9g-P5,,,,X 全窗基线 · 不参与实体赏罚,3925046,393,A168_HF9F_20260827_0900,2026-08-27 09:00:00
2026-05-09,149776270,-1,1,14.0106896373,-3.1134865860,-3.1134865860,0.5000000,3,3,0.49324550000000000,0.493245500000,0.01910635448239258,0.01910635448239258,0.01910635448239258,0E-17,SENTINEL_DEALER,R03b_20260811_FULL_v1,L1_ELIGIBILITY,v2026-08-11,2026-03-21..2026-08-06,baccarat_bet02_101_all_pairs_incl_sentinel,round_win = game_pnl > 0 (decisive only),COMPATIBILITY_ONLY_NOT_PRODUCTION,156.7122,119.8692,-61.8287,14,14,0.39453642,,0.39453642,0.39453642,61.8287,156.7122,THIN_EXPOSURE,0.0000,-2.4731,4.0000,96.0000,AG03-UNRESOLVED,ALL5_LEVELS_bet23_to_bet27,-2.4731,-3.0914,-3.0914,-3.0914,-3.0914,4.000000,5.000000,5.000000,5.000000,5.000000,96.000000,95.000000,95.000000,95.000000,95.000000,5.0,-14.8389,-13.4832,-46.9898,-48.3454,PENDING_AG03,FALSE,NOT_FOR_ENFORCEMENT,-59.3555,115.0745,-61.8287,-59.3555,-2.4731,-0.39453642,-0.37875497,-2.4731,-59.3555,-0.37875497,-2.4731,-3.0914,-3.0914,-3.0914,-3.0914,-59.3555,-0.37875497,-14.8389,-13.4832,-46.9898,-48.3454,-0.29984768,-0.30849829,-0.01578146,11.1937,8.5621,-4.4163,-20.6096,-12.3657,52.2374,4.6667,,11.1937,3.3729,7.2648,17.1242,22.8322,37.3618,41.5132,3.8919,1.2973,5.142857,5.714286,1.540816,4,5,4,2,0E-8,-0.39453642,,0E-8,0.000000,0.764901,0.000000,,2026-05-09,2026-05-18,3,5,5,10,0.300000,,,0.000000,,,,,,,,GLOBAL_BASELINE_NO_ENTITY_RANKING,,,NOT_APPLICABLE_GLOBAL_BASELINE,HF9g-P5,,,,X 全窗基线 · 不参与实体赏罚,3925047,393,A168_HF9F_20260827_0900,2026-08-27 09:00:00
2026-05-09,149776270,2233,0,8.5620881118,-3.3729438016,-3.3729438016,0.3333333,3,3,0.49324550000000000,0.493245500000,-0.5540025479526107,-0.5540025479526106,-0.5540025479526107,0E-17,ELIGIBLE,R03b_20260811_FULL_v1,L1_ELIGIBILITY,v2026-08-11,2026-03-21..2026-08-06,baccarat_bet02_101_all_pairs_incl_sentinel,round_win = game_pnl > 0 (decisive only),COMPATIBILITY_ONLY_NOT_PRODUCTION,156.7122,119.8692,-61.8287,14,14,0.39453642,,0.39453642,0.39453642,61.8287,156.7122,THIN_EXPOSURE,0.0000,-2.4731,4.0000,96.0000,AG03-UNRESOLVED,ALL5_LEVELS_bet23_to_bet27,-2.4731,-3.0914,-3.0914,-3.0914,-3.0914,4.000000,5.000000,5.000000,5.000000,5.000000,96.000000,95.000000,95.000000,95.000000,95.000000,5.0,-14.8389,-13.4832,-46.9898,-48.3454,PENDING_AG03,FALSE,NOT_FOR_ENFORCEMENT,-59.3555,115.0745,-61.8287,-59.3555,-2.4731,-0.39453642,-0.37875497,-2.4731,-59.3555,-0.37875497,-2.4731,-3.0914,-3.0914,-3.0914,-3.0914,-59.3555,-0.37875497,-14.8389,-13.4832,-46.9898,-48.3454,-0.29984768,-0.30849829,-0.01578146,11.1937,8.5621,-4.4163,-20.6096,-12.3657,52.2374,4.6667,,11.1937,3.3729,7.2648,17.1242,22.8322,37.3618,41.5132,3.8919,1.2973,5.142857,5.714286,1.540816,4,5,4,2,0E-8,-0.39453642,,0E-8,0.000000,0.764901,0.000000,,2026-05-09,2026-05-18,3,5,5,10,0.300000,,,0.000000,,,,,,,,GLOBAL_BASELINE_NO_ENTITY_RANKING,,,NOT_APPLICABLE_GLOBAL_BASELINE,HF9g-P5,,,,X 全窗基线 · 不参与实体赏罚,3925048,393,A168_HF9F_20260827_0900,2026-08-27 09:00:00
2026-05-16,149776270,1331,0,103.7828862020,72.6480203414,72.6480203414,1.0000000,5,5,0.49592654000000000,0.495926540000,1.746219638207319,1.746219638207319,1.746219638207319,0E-17,ELIGIBLE,R03b_20260811_FULL_v1,L1_ELIGIBILITY,v2026-08-11,2026-03-21..2026-08-06,baccarat_bet02_101_all_pairs_incl_sentinel,round_win = game_pnl > 0 (decisive only),COMPATIBILITY_ONLY_NOT_PRODUCTION,156.7122,119.8692,-61.8287,14,14,0.39453642,,0.39453642,0.39453642,61.8287,156.7122,THIN_EXPOSURE,0.0000,-2.4731,4.0000,96.0000,AG03-UNRESOLVED,ALL5_LEVELS_bet23_to_bet27,-2.4731,-3.0914,-3.0914,-3.0914,-3.0914,4.000000,5.000000,5.000000,5.000000,5.000000,96.000000,95.000000,95.000000,95.000000,95.000000,5.0,-14.8389,-13.4832,-46.9898,-48.3454,PENDING_AG03,FALSE,NOT_FOR_ENFORCEMENT,-59.3555,115.0745,-61.8287,-59.3555,-2.4731,-0.39453642,-0.37875497,-2.4731,-59.3555,-0.37875497,-2.4731,-3.0914,-3.0914,-3.0914,-3.0914,-59.3555,-0.37875497,-14.8389,-13.4832,-46.9898,-48.3454,-0.29984768,-0.30849829,-0.01578146,11.1937,8.5621,-4.4163,-20.6096,-12.3657,52.2374,4.6667,,11.1937,3.3729,7.2648,17.1242,22.8322,37.3618,41.5132,3.8919,1.2973,5.142857,5.714286,1.540816,4,5,4,2,0E-8,-0.39453642,,0E-8,0.000000,0.764901,0.000000,,2026-05-09,2026-05-18,3,5,5,10,0.300000,,,0.000000,,,,,,,,GLOBAL_BASELINE_NO_ENTITY_RANKING,,,NOT_APPLICABLE_GLOBAL_BASELINE,HF9g-P5,,,,X 全窗基线 · 不参与实体赏罚,3925049,393,A168_HF9F_20260827_0900,2026-08-27 09:00:00
2026-05-18,149776270,2123,0,13.2323179908,12.7912407244,12.7912407244,1.0000000,2,2,0.49994810000000000,0.499948100000,1.4143603653603398,1.4143603653603398,1.4143603653603398,0E-17,ELIGIBLE,R03b_20260811_FULL_v1,L1_ELIGIBILITY,v2026-08-11,2026-03-21..2026-08-06,baccarat_bet02_101_all_pairs_incl_sentinel,round_win = game_pnl > 0 (decisive only),COMPATIBILITY_ONLY_NOT_PRODUCTION,156.7122,119.8692,-61.8287,14,14,0.39453642,,0.39453642,0.39453642,61.8287,156.7122,THIN_EXPOSURE,0.0000,-2.4731,4.0000,96.0000,AG03-UNRESOLVED,ALL5_LEVELS_bet23_to_bet27,-2.4731,-3.0914,-3.0914,-3.0914,-3.0914,4.000000,5.000000,5.000000,5.000000,5.000000,96.000000,95.000000,95.000000,95.000000,95.000000,5.0,-14.8389,-13.4832,-46.9898,-48.3454,PENDING_AG03,FALSE,NOT_FOR_ENFORCEMENT,-59.3555,115.0745,-61.8287,-59.3555,-2.4731,-0.39453642,-0.37875497,-2.4731,-59.3555,-0.37875497,-2.4731,-3.0914,-3.0914,-3.0914,-3.0914,-59.3555,-0.37875497,-14.8389,-13.4832,-46.9898,-48.3454,-0.29984768,-0.30849829,-0.01578146,11.1937,8.5621,-4.4163,-20.6096,-12.3657,52.2374,4.6667,,11.1937,3.3729,7.2648,17.1242,22.8322,37.3618,41.5132,3.8919,1.2973,5.142857,5.714286,1.540816,4,5,4,2,0E-8,-0.39453642,,0E-8,0.000000,0.764901,0.000000,,2026-05-09,2026-05-18,3,5,5,10,0.300000,,,0.000000,,,,,,,,GLOBAL_BASELINE_NO_ENTITY_RANKING,,,NOT_APPLICABLE_GLOBAL_BASELINE,HF9g-P5,,,,X 全窗基线 · 不参与实体赏罚,3925050,393,A168_HF9F_20260827_0900,2026-08-27 09:00:00
2026-05-18,149776270,970,0,17.1241762233,-17.1241762233,-17.1241762233,0E-7,1,1,0.49324550000000000,0.493245500000,-0.9865810262130424,-0.9865810262130424,-0.9865810262130424,0E-17,ELIGIBLE,R03b_20260811_FULL_v1,L1_ELIGIBILITY,v2026-08-11,2026-03-21..2026-08-06,baccarat_bet02_101_all_pairs_incl_sentinel,round_win = game_pnl > 0 (decisive only),COMPATIBILITY_ONLY_NOT_PRODUCTION,156.7122,119.8692,-61.8287,14,14,0.39453642,,0.39453642,0.39453642,61.8287,156.7122,THIN_EXPOSURE,0.0000,-2.4731,4.0000,96.0000,AG03-UNRESOLVED,ALL5_LEVELS_bet23_to_bet27,-2.4731,-3.0914,-3.0914,-3.0914,-3.0914,4.000000,5.000000,5.000000,5.000000,5.000000,96.000000,95.000000,95.000000,95.000000,95.000000,5.0,-14.8389,-13.4832,-46.9898,-48.3454,PENDING_AG03,FALSE,NOT_FOR_ENFORCEMENT,-59.3555,115.0745,-61.8287,-59.3555,-2.4731,-0.39453642,-0.37875497,-2.4731,-59.3555,-0.37875497,-2.4731,-3.0914,-3.0914,-3.0914,-3.0914,-59.3555,-0.37875497,-14.8389,-13.4832,-46.9898,-48.3454,-0.29984768,-0.30849829,-0.01578146,11.1937,8.5621,-4.4163,-20.6096,-12.3657,52.2374,4.6667,,11.1937,3.3729,7.2648,17.1242,22.8322,37.3618,41.5132,3.8919,1.2973,5.142857,5.714286,1.540816,4,5,4,2,0E-8,-0.39453642,,0E-8,0.000000,0.764901,0.000000,,2026-05-09,2026-05-18,3,5,5,10,0.300000,,,0.000000,,,,,,,,GLOBAL_BASELINE_NO_ENTITY_RANKING,,,NOT_APPLICABLE_GLOBAL_BASELINE,HF9g-P5,,,,X 全窗基线 · 不参与实体赏罚,3925051,393,A168_HF9F_20260827_0900,2026-08-27 09:00:00
2026-05-11,149871578,-1,1,228.3223496449,24.1295210421,24.1295210421,0.6666667,16,11,0.47367611590892545,0.419408801515,1.1595514347515745,1.5032021073323365,1.1595514347515745,0.05426731439392545,SENTINEL_DEALER,R03b_20260811_FULL_v1,L1_ELIGIBILITY,v2026-08-11,2026-03-21..2026-08-06,baccarat_bet02_101_all_pairs_incl_sentinel,round_win = game_pnl > 0 (decisive only),COMPATIBILITY_ONLY_NOT_PRODUCTION,632.8161,593.8976,-61.8287,44,30,0.09770398,,0.09770398,0.09770398,61.8287,632.8161,OK,0.0000,-2.4731,4.0000,96.0000,AG03-UNRESOLVED,ALL5_LEVELS_bet23_to_bet27,-2.4731,-2.4731,-2.4731,-2.4731,-2.4731,4.000000,4.000000,4.000000,4.000000,4.000000,96.000000,96.000000,96.000000,96.000000,96.000000,5.0,-12.3657,-11.4153,-49.4629,-50.4134,PENDING_AG03,FALSE,NOT_FOR_ENFORCEMENT,-59.3555,570.1417,-61.8287,-59.3555,-2.4731,-0.09770398,-0.09379582,-2.4731,-59.3555,-0.09379582,-2.4731,-2.4731,-2.4731,-2.4731,-2.4731,-59.3555,-0.09379582,-12.3657,-11.4153,-49.4629,-50.4134,-0.07816318,-0.07966516,-0.00390816,14.3822,19.7966,-2.0610,-61.8287,-15.4572,632.8161,30.0000,,14.3822,5.1891,12.9729,24.6484,27.6322,37.1024,46.7023,11.6756,-2.5946,2.86,3.6,1.108636,4,3,1,5,0E-8,-0.09770398,,0E-8,0.000000,0.938499,0.000000,,2026-05-11,2026-05-11,1,4,4,1,1.000000,,,0.000000,,,,,,,,GLOBAL_BASELINE_NO_ENTITY_RANKING,,,NOT_APPLICABLE_GLOBAL_BASELINE,HF9g-P5,,,,X 全窗基线 · 不参与实体赏罚,3925052,393,A168_HF9F_20260827_0900,2026-08-27 09:00:00
2026-05-11,149871578,2145,0,101.1883140473,-10.1188314049,-10.1188314049,0.5555556,13,9,0.47307642666618827,0.415084500000,0.4955937857699123,0.8552503830703607,0.4955937857699123,0.05799192666618827,ELIGIBLE,R03b_20260811_FULL_v1,L1_ELIGIBILITY,v2026-08-11,2026-03-21..2026-08-06,baccarat_bet02_101_all_pairs_incl_sentinel,round_win = game_pnl > 0 (decisive only),COMPATIBILITY_ONLY_NOT_PRODUCTION,632.8161,593.8976,-61.8287,44,30,0.09770398,,0.09770398,0.09770398,61.8287,632.8161,OK,0.0000,-2.4731,4.0000,96.0000,AG03-UNRESOLVED,ALL5_LEVELS_bet23_to_bet27,-2.4731,-2.4731,-2.4731,-2.4731,-2.4731,4.000000,4.000000,4.000000,4.000000,4.000000,96.000000,96.000000,96.000000,96.000000,96.000000,5.0,-12.3657,-11.4153,-49.4629,-50.4134,PENDING_AG03,FALSE,NOT_FOR_ENFORCEMENT,-59.3555,570.1417,-61.8287,-59.3555,-2.4731,-0.09770398,-0.09379582,-2.4731,-59.3555,-0.09379582,-2.4731,-2.4731,-2.4731,-2.4731,-2.4731,-59.3555,-0.09379582,-12.3657,-11.4153,-49.4629,-50.4134,-0.07816318,-0.07966516,-0.00390816,14.3822,19.7966,-2.0610,-61.8287,-15.4572,632.8161,30.0000,,14.3822,5.1891,12.9729,24.6484,27.6322,37.1024,46.7023,11.6756,-2.5946,2.86,3.6,1.108636,4,3,1,5,0E-8,-0.09770398,,0E-8,0.000000,0.938499,0.000000,,2026-05-11,2026-05-11,1,4,4,1,1.000000,,,0.000000,,,,,,,,GLOBAL_BASELINE_NO_ENTITY_RANKING,,,NOT_APPLICABLE_GLOBAL_BASELINE,HF9g-P5,,,,X 全窗基线 · 不参与实体赏罚,3925053,393,A168_HF9F_20260827_0900,2026-08-27 09:00:00
2026-05-11,149871578,2152,0,303.3054849256,47.8179648176,47.8179648176,0.6000000,15,10,0.48121757532551190,0.400957685000,0.7517766259212337,1.2843026915980207,0.7517766259212337,0.08025989032551190,ELIGIBLE,R03b_20260811_FULL_v1,L1_ELIGIBILITY,v2026-08-11,2026-03-21..2026-08-06,baccarat_bet02_101_all_pairs_incl_sentinel,round_win = game_pnl > 0 (decisive only),COMPATIBILITY_ONLY_NOT_PRODUCTION,632.8161,593.8976,-61.8287,44,30,0.09770398,,0.09770398,0.09770398,61.8287,632.8161,OK,0.0000,-2.4731,4.0000,96.0000,AG03-UNRESOLVED,ALL5_LEVELS_bet23_to_bet27,-2.4731,-2.4731,-2.4731,-2.4731,-2.4731,4.000000,4.000000,4.000000,4.000000,4.000000,96.000000,96.000000,96.000000,96.000000,96.000000,5.0,-12.3657,-11.4153,-49.4629,-50.4134,PENDING_AG03,FALSE,NOT_FOR_ENFORCEMENT,-59.3555,570.1417,-61.8287,-59.3555,-2.4731,-0.09770398,-0.09379582,-2.4731,-59.3555,-0.09379582,-2.4731,-2.4731,-2.4731,-2.4731,-2.4731,-59.3555,-0.09379582,-12.3657,-11.4153,-49.4629,-50.4134,-0.07816318,-0.07966516,-0.00390816,14.3822,19.7966,-2.0610,-61.8287,-15.4572,632.8161,30.0000,,14.3822,5.1891,12.9729,24.6484,27.6322,37.1024,46.7023,11.6756,-2.5946,2.86,3.6,1.108636,4,3,1,5,0E-8,-0.09770398,,0E-8,0.000000,0.938499,0.000000,,2026-05-11,2026-05-11,1,4,4,1,1.000000,,,0.000000,,,,,,,,GLOBAL_BASELINE_NO_ENTITY_RANKING,,,NOT_APPLICABLE_GLOBAL_BASELINE,HF9g-P5,,,,X 全窗基线 · 不参与实体赏罚,3925054,393,A168_HF9F_20260827_0900,2026-08-27 09:00:00
2026-07-21,153313318,1509,0,91.9756366758,61.8280668765,61.8280668765,0.7142857,9,7,0.48339044489789797,0.460036885714,1.222457606242059,1.349676252304517,1.222457606242059,0.02335355918389797,ELIGIBLE,R03b_20260811_FULL_v1,L1_ELIGIBILITY,v2026-08-11,2026-03-21..2026-08-06,baccarat_bet02_101_all_pairs_incl_sentinel,round_win = game_pnl > 0 (decisive only),COMPATIBILITY_ONLY_NOT_PRODUCTION,91.9756,91.9756,-61.8281,9,7,0.67222222,0.67222222,,0.67222222,61.8281,91.9756,THIN_EXPOSURE,0.0000,-2.4731,4.0000,96.0000,AG03-UNRESOLVED,ALL5_LEVELS_bet23_to_bet27,-2.4731,-2.4731,-2.4731,-2.4731,-2.4731,4.000000,4.000000,4.000000,4.000000,4.000000,96.000000,96.000000,96.000000,96.000000,96.000000,5.0,-12.3656,-11.4151,-49.4625,-50.4129,PENDING_AG03,FALSE,NOT_FOR_ENFORCEMENT,-59.3549,88.2966,-61.8281,-59.3549,-2.4731,-0.67222222,-0.64533333,-2.4731,-59.3549,-0.64533333,-2.4731,-2.4731,-2.4731,-2.4731,-2.4731,-59.3549,-0.64533333,-12.3656,-11.4151,-49.4625,-50.4129,-0.53777778,-0.54811165,-0.02688889,10.2195,13.1394,-8.8326,-61.8281,-61.8281,91.9756,7.0000,10.2195,,4.0878,10.2195,12.7744,20.439,20.439,20.439,10.2195,9.7085,2.0,2.0,1.0,1,1,1,4,1.00000000,-0.67222222,-0.67222222,0E-8,0.000000,1.000000,0.000000,,2026-07-21,2026-07-21,1,1,1,1,1.000000,,1.000000,3.333333,,,,,,,,GLOBAL_BASELINE_NO_ENTITY_RANKING,,,NOT_APPLICABLE_GLOBAL_BASELINE,HF9g-P5,,,,X 全窗基线 · 不参与实体赏罚,3925055,393,A168_HF9F_20260827_0900,2026-08-27 09:00:00
2026-07-14,153010847,1400,0,47.0097698564,19.0082982465,19.0082982465,0.5000000,6,2,0.46378334722292133,0.352328230000,0.10270594507743629,0.43718099405349903,0.10270594507743629,0.11145511722292133,ELIGIBLE,R03b_20260811_FULL_v1,L1_ELIGIBILITY,v2026-08-11,2026-03-21..2026-08-06,baccarat_bet02_101_all_pairs_incl_sentinel,round_win = game_pnl > 0 (decisive only),COMPATIBILITY_ONLY_NOT_PRODUCTION,183.9513,183.9513,-61.8281,23,7,0.33611111,0.33611111,,0.33611111,61.8281,183.9513,THIN_EXPOSURE,0.0000,-2.4731,4.0000,96.0000,AG03-UNRESOLVED,ALL5_LEVELS_bet23_to_bet27,-2.4731,-2.4731,-2.4731,-2.4731,-2.4731,4.000000,4.000000,4.000000,4.000000,4.000000,96.000000,96.000000,96.000000,96.000000,96.000000,5.0,-12.3656,-11.4151,-49.4625,-50.4129,PENDING_AG03,FALSE,NOT_FOR_ENFORCEMENT,-59.3549,176.5932,-61.8281,-59.3549,-2.4731,-0.33611111,-0.32266667,-2.4731,-59.3549,-0.32266667,-2.4731,-2.4731,-2.4731,-2.4731,-2.4731,-59.3549,-0.32266667,-12.3656,-11.4151,-49.4625,-50.4129,-0.26888889,-0.27405582,-0.01344444,7.9979,26.2788,-8.8326,-61.8281,-30.9140,183.9513,7.0000,7.9979,,2.0439,2.0439,13.2854,22.8917,25.9576,28.6146,2.0439,-2.0439,12.7,14.0,3.913043,2,2,1,6,1.00000000,-0.33611111,-0.33611111,0E-8,0.000000,1.000000,0.000000,,2026-07-14,2026-07-14,1,2,2,1,1.000000,,1.000000,3.333333,,,,,,,,GLOBAL_BASELINE_NO_ENTITY_RANKING,,,NOT_APPLICABLE_GLOBAL_BASELINE,HF9g-P5,,,,X 全窗基线 · 不参与实体赏罚,3925056,393,A168_HF9F_20260827_0900,2026-08-27 09:00:00
2026-07-14,153010847,2160,0,136.9415034948,42.8197686304,42.8197686304,0.6000000,17,5,0.42058129466723095,0.261982352000,0.8127022988494326,1.718917312588546,0.8127022988494326,0.15859894266723095,ELIGIBLE,R03b_20260811_FULL_v1,L1_ELIGIBILITY,v2026-08-11,2026-03-21..2026-08-06,baccarat_bet02_101_all_pairs_incl_sentinel,round_win = game_pnl > 0 (decisive only),COMPATIBILITY_ONLY_NOT_PRODUCTION,183.9513,183.9513,-61.8281,23,7,0.33611111,0.33611111,,0.33611111,61.8281,183.9513,THIN_EXPOSURE,0.0000,-2.4731,4.0000,96.0000,AG03-UNRESOLVED,ALL5_LEVELS_bet23_to_bet27,-2.4731,-2.4731,-2.4731,-2.4731,-2.4731,4.000000,4.000000,4.000000,4.000000,4.000000,96.000000,96.000000,96.000000,96.000000,96.000000,5.0,-12.3656,-11.4151,-49.4625,-50.4129,PENDING_AG03,FALSE,NOT_FOR_ENFORCEMENT,-59.3549,176.5932,-61.8281,-59.3549,-2.4731,-0.33611111,-0.32266667,-2.4731,-59.3549,-0.32266667,-2.4731,-2.4731,-2.4731,-2.4731,-2.4731,-59.3549,-0.32266667,-12.3656,-11.4151,-49.4625,-50.4129,-0.26888889,-0.27405582,-0.01344444,7.9979,26.2788,-8.8326,-61.8281,-30.9140,183.9513,7.0000,7.9979,,2.0439,2.0439,13.2854,22.8917,25.9576,28.6146,2.0439,-2.0439,12.7,14.0,3.913043,2,2,1,6,1.00000000,-0.33611111,-0.33611111,0E-8,0.000000,1.000000,0.000000,,2026-07-14,2026-07-14,1,2,2,1,1.000000,,1.000000,3.333333,,,,,,,,GLOBAL_BASELINE_NO_ENTITY_RANKING,,,NOT_APPLICABLE_GLOBAL_BASELINE,HF9g-P5,,,,X 全窗基线 · 不参与实体赏罚,3925057,393,A168_HF9F_20260827_0900,2026-08-27 09:00:00
2026-07-31,153668450,-1,1,26.5707394841,13.2853697421,13.2853697421,0.5000000,2,2,0.50665070000000000,0.506650700000,-0.018812684590367487,-0.018812684590367487,-0.018812684590367487,0E-17,SENTINEL_DEALER,R03b_20260811_FULL_v1,L1_ELIGIBILITY,v2026-08-11,2026-03-21..2026-08-06,baccarat_bet02_101_all_pairs_incl_sentinel,round_win = game_pnl > 0 (decisive only),COMPATIBILITY_ONLY_NOT_PRODUCTION,492.5806,466.0099,-61.8281,34,34,0.12551867,0.12551867,,0.12551867,61.8281,492.5806,OK,0.0000,-2.4731,4.0000,96.0000,AG03-UNRESOLVED,ALL5_LEVELS_bet23_to_bet27,-2.4731,-2.4731,-2.4731,-3.7097,-3.7097,4.000000,4.000000,4.000000,6.000000,6.000000,96.000000,96.000000,96.000000,94.000000,94.000000,5.0,-14.8387,-13.4938,-46.9893,-48.3343,PENDING_AG03,FALSE,NOT_FOR_ENFORCEMENT,-59.3549,447.3695,-61.8281,-59.3549,-2.4731,-0.12551867,-0.12049793,-2.4731,-59.3549,-0.12049793,-2.4731,-2.4731,-2.4731,-3.7097,-3.7097,-59.3549,-0.12049793,-14.8387,-13.4938,-46.9893,-48.3343,-0.09539419,-0.09812456,-0.00502075,14.4877,13.7062,-1.8185,-61.8281,-4.1219,492.5806,34.0000,14.4877,,6.1317,10.2195,20.439,20.439,36.7902,40.8781,10.2195,-6.1317,3.599998,4.0,1.417647,15,16,1,3,1.00000000,-0.12551867,-0.12551867,0E-8,0.000000,0.946058,0.000000,,2026-07-31,2026-07-31,1,15,15,1,1.000000,,1.000000,3.333333,,,,,,,,GLOBAL_BASELINE_NO_ENTITY_RANKING,,,NOT_APPLICABLE_GLOBAL_BASELINE,HF9g-P5,,,,X 全窗基线 · 不参与实体赏罚,3925058,393,A168_HF9F_20260827_0900,2026-08-27 09:00:00
2026-07-31,153668450,1304,0,20.4390303724,20.4390303724,20.4390303724,1.0000000,1,1,0.49324550000000000,0.493245500000,1.01360149184955,1.01360149184955,1.01360149184955,0E-17,ELIGIBLE,R03b_20260811_FULL_v1,L1_ELIGIBILITY,v2026-08-11,2026-03-21..2026-08-06,baccarat_bet02_101_all_pairs_incl_sentinel,round_win = game_pnl > 0 (decisive only),COMPATIBILITY_ONLY_NOT_PRODUCTION,492.5806,466.0099,-61.8281,34,34,0.12551867,0.12551867,,0.12551867,61.8281,492.5806,OK,0.0000,-2.4731,4.0000,96.0000,AG03-UNRESOLVED,ALL5_LEVELS_bet23_to_bet27,-2.4731,-2.4731,-2.4731,-3.7097,-3.7097,4.000000,4.000000,4.000000,6.000000,6.000000,96.000000,96.000000,96.000000,94.000000,94.000000,5.0,-14.8387,-13.4938,-46.9893,-48.3343,PENDING_AG03,FALSE,NOT_FOR_ENFORCEMENT,-59.3549,447.3695,-61.8281,-59.3549,-2.4731,-0.12551867,-0.12049793,-2.4731,-59.3549,-0.12049793,-2.4731,-2.4731,-2.4731,-3.7097,-3.7097,-59.3549,-0.12049793,-14.8387,-13.4938,-46.9893,-48.3343,-0.09539419,-0.09812456,-0.00502075,14.4877,13.7062,-1.8185,-61.8281,-4.1219,492.5806,34.0000,14.4877,,6.1317,10.2195,20.439,20.439,36.7902,40.8781,10.2195,-6.1317,3.599998,4.0,1.417647,15,16,1,3,1.00000000,-0.12551867,-0.12551867,0E-8,0.000000,0.946058,0.000000,,2026-07-31,2026-07-31,1,15,15,1,1.000000,,1.000000,3.333333,,,,,,,,GLOBAL_BASELINE_NO_ENTITY_RANKING,,,NOT_APPLICABLE_GLOBAL_BASELINE,HF9g-P5,,,,X 全窗基线 · 不参与实体赏罚,3925059,393,A168_HF9F_20260827_0900,2026-08-27 09:00:00
2026-07-31,153668450,1306,0,6.1317091117,-6.1317091117,-6.1317091117,0E-7,1,1,0.50665070000000000,0.506650700000,-1.013391052207602,-1.013391052207602,-1.013391052207602,0E-17,ELIGIBLE,R03b_20260811_FULL_v1,L1_ELIGIBILITY,v2026-08-11,2026-03-21..2026-08-06,baccarat_bet02_101_all_pairs_incl_sentinel,round_win = game_pnl > 0 (decisive only),COMPATIBILITY_ONLY_NOT_PRODUCTION,492.5806,466.0099,-61.8281,34,34,0.12551867,0.12551867,,0.12551867,61.8281,492.5806,OK,0.0000,-2.4731,4.0000,96.0000,AG03-UNRESOLVED,ALL5_LEVELS_bet23_to_bet27,-2.4731,-2.4731,-2.4731,-3.7097,-3.7097,4.000000,4.000000,4.000000,6.000000,6.000000,96.000000,96.000000,96.000000,94.000000,94.000000,5.0,-14.8387,-13.4938,-46.9893,-48.3343,PENDING_AG03,FALSE,NOT_FOR_ENFORCEMENT,-59.3549,447.3695,-61.8281,-59.3549,-2.4731,-0.12551867,-0.12049793,-2.4731,-59.3549,-0.12049793,-2.4731,-2.4731,-2.4731,-3.7097,-3.7097,-59.3549,-0.12049793,-14.8387,-13.4938,-46.9893,-48.3343,-0.09539419,-0.09812456,-0.00502075,14.4877,13.7062,-1.8185,-61.8281,-4.1219,492.5806,34.0000,14.4877,,6.1317,10.2195,20.439,20.439,36.7902,40.8781,10.2195,-6.1317,3.599998,4.0,1.417647,15,16,1,3,1.00000000,-0.12551867,-0.12551867,0E-8,0.000000,0.946058,0.000000,,2026-07-31,2026-07-31,1,15,15,1,1.000000,,1.000000,3.333333,,,,,,,,GLOBAL_BASELINE_NO_ENTITY_RANKING,,,NOT_APPLICABLE_GLOBAL_BASELINE,HF9g-P5,,,,X 全窗基线 · 不参与实体赏罚,3925060,393,A168_HF9F_20260827_0900,2026-08-27 09:00:00
2026-07-31,153668450,1331,0,51.0975759310,30.6585455586,30.6585455586,0.5000000,2,2,0.49994810000000000,0.499948100000,0.00014679536856514622,0.00014679536856514622,0.00014679536856514622,0E-17,ELIGIBLE,R03b_20260811_FULL_v1,L1_ELIGIBILITY,v2026-08-11,2026-03-21..2026-08-06,baccarat_bet02_101_all_pairs_incl_sentinel,round_win = game_pnl > 0 (decisive only),COMPATIBILITY_ONLY_NOT_PRODUCTION,492.5806,466.0099,-61.8281,34,34,0.12551867,0.12551867,,0.12551867,61.8281,492.5806,OK,0.0000,-2.4731,4.0000,96.0000,AG03-UNRESOLVED,ALL5_LEVELS_bet23_to_bet27,-2.4731,-2.4731,-2.4731,-3.7097,-3.7097,4.000000,4.000000,4.000000,6.000000,6.000000,96.000000,96.000000,96.000000,94.000000,94.000000,5.0,-14.8387,-13.4938,-46.9893,-48.3343,PENDING_AG03,FALSE,NOT_FOR_ENFORCEMENT,-59.3549,447.3695,-61.8281,-59.3549,-2.4731,-0.12551867,-0.12049793,-2.4731,-59.3549,-0.12049793,-2.4731,-2.4731,-2.4731,-3.7097,-3.7097,-59.3549,-0.12049793,-14.8387,-13.4938,-46.9893,-48.3343,-0.09539419,-0.09812456,-0.00502075,14.4877,13.7062,-1.8185,-61.8281,-4.1219,492.5806,34.0000,14.4877,,6.1317,10.2195,20.439,20.439,36.7902,40.8781,10.2195,-6.1317,3.599998,4.0,1.417647,15,16,1,3,1.00000000,-0.12551867,-0.12551867,0E-8,0.000000,0.946058,0.000000,,2026-07-31,2026-07-31,1,15,15,1,1.000000,,1.000000,3.333333,,,,,,,,GLOBAL_BASELINE_NO_ENTITY_RANKING,,,NOT_APPLICABLE_GLOBAL_BASELINE,HF9g-P5,,,,X 全窗基线 · 不参与实体赏罚,3925061,393,A168_HF9F_20260827_0900,2026-08-27 09:00:00
2026-07-31,153668450,1935,0,22.4829334096,-2.5548787965,-2.5548787965,0.3333333,3,3,0.36930140000000000,0.369301400000,-0.12908515820983488,-0.12908515820983488,-0.12908515820983488,0E-17,ELIGIBLE,R03b_20260811_FULL_v1,L1_ELIGIBILITY,v2026-08-11,2026-03-21..2026-08-06,baccarat_bet02_101_all_pairs_incl_sentinel,round_win = game_pnl > 0 (decisive only),COMPATIBILITY_ONLY_NOT_PRODUCTION,492.5806,466.0099,-61.8281,34,34,0.12551867,0.12551867,,0.12551867,61.8281,492.5806,OK,0.0000,-2.4731,4.0000,96.0000,AG03-UNRESOLVED,ALL5_LEVELS_bet23_to_bet27,-2.4731,-2.4731,-2.4731,-3.7097,-3.7097,4.000000,4.000000,4.000000,6.000000,6.000000,96.000000,96.000000,96.000000,94.000000,94.000000,5.0,-14.8387,-13.4938,-46.9893,-48.3343,PENDING_AG03,FALSE,NOT_FOR_ENFORCEMENT,-59.3549,447.3695,-61.8281,-59.3549,-2.4731,-0.12551867,-0.12049793,-2.4731,-59.3549,-0.12049793,-2.4731,-2.4731,-2.4731,-3.7097,-3.7097,-59.3549,-0.12049793,-14.8387,-13.4938,-46.9893,-48.3343,-0.09539419,-0.09812456,-0.00502075,14.4877,13.7062,-1.8185,-61.8281,-4.1219,492.5806,34.0000,14.4877,,6.1317,10.2195,20.439,20.439,36.7902,40.8781,10.2195,-6.1317,3.599998,4.0,1.417647,15,16,1,3,1.00000000,-0.12551867,-0.12551867,0E-8,0.000000,0.946058,0.000000,,2026-07-31,2026-07-31,1,15,15,1,1.000000,,1.000000,3.333333,,,,,,,,GLOBAL_BASELINE_NO_ENTITY_RANKING,,,NOT_APPLICABLE_GLOBAL_BASELINE,HF9g-P5,,,,X 全窗基线 · 不参与实体赏罚,3925062,393,A168_HF9F_20260827_0900,2026-08-27 09:00:00
2026-07-31,153668450,1942,0,87.8878306013,-6.1317091117,-6.1317091117,0.2500000,4,4,0.49659680000000000,0.496596800000,-0.9864100490137353,-0.9864100490137354,-0.9864100490137353,0E-17,ELIGIBLE,R03b_20260811_FULL_v1,L1_ELIGIBILITY,v2026-08-11,2026-03-21..2026-08-06,baccarat_bet02_101_all_pairs_incl_sentinel,round_win = game_pnl > 0 (decisive only),COMPATIBILITY_ONLY_NOT_PRODUCTION,492.5806,466.0099,-61.8281,34,34,0.12551867,0.12551867,,0.12551867,61.8281,492.5806,OK,0.0000,-2.4731,4.0000,96.0000,AG03-UNRESOLVED,ALL5_LEVELS_bet23_to_bet27,-2.4731,-2.4731,-2.4731,-3.7097,-3.7097,4.000000,4.000000,4.000000,6.000000,6.000000,96.000000,96.000000,96.000000,94.000000,94.000000,5.0,-14.8387,-13.4938,-46.9893,-48.3343,PENDING_AG03,FALSE,NOT_FOR_ENFORCEMENT,-59.3549,447.3695,-61.8281,-59.3549,-2.4731,-0.12551867,-0.12049793,-2.4731,-59.3549,-0.12049793,-2.4731,-2.4731,-2.4731,-3.7097,-3.7097,-59.3549,-0.12049793,-14.8387,-13.4938,-46.9893,-48.3343,-0.09539419,-0.09812456,-0.00502075,14.4877,13.7062,-1.8185,-61.8281,-4.1219,492.5806,34.0000,14.4877,,6.1317,10.2195,20.439,20.439,36.7902,40.8781,10.2195,-6.1317,3.599998,4.0,1.417647,15,16,1,3,1.00000000,-0.12551867,-0.12551867,0E-8,0.000000,0.946058,0.000000,,2026-07-31,2026-07-31,1,15,15,1,1.000000,,1.000000,3.333333,,,,,,,,GLOBAL_BASELINE_NO_ENTITY_RANKING,,,NOT_APPLICABLE_GLOBAL_BASELINE,HF9g-P5,,,,X 全窗基线 · 不参与实体赏罚,3925063,393,A168_HF9F_20260827_0900,2026-08-27 09:00:00
2026-07-31,153668450,1947,0,20.4390303724,20.4390303724,20.4390303724,1.0000000,1,1,0.49324550000000000,0.493245500000,1.01360149184955,1.01360149184955,1.01360149184955,0E-17,ELIGIBLE,R03b_20260811_FULL_v1,L1_ELIGIBILITY,v2026-08-11,2026-03-21..2026-08-06,baccarat_bet02_101_all_pairs_incl_sentinel,round_win = game_pnl > 0 (decisive only),COMPATIBILITY_ONLY_NOT_PRODUCTION,492.5806,466.0099,-61.8281,34,34,0.12551867,0.12551867,,0.12551867,61.8281,492.5806,OK,0.0000,-2.4731,4.0000,96.0000,AG03-UNRESOLVED,ALL5_LEVELS_bet23_to_bet27,-2.4731,-2.4731,-2.4731,-3.7097,-3.7097,4.000000,4.000000,4.000000,6.000000,6.000000,96.000000,96.000000,96.000000,94.000000,94.000000,5.0,-14.8387,-13.4938,-46.9893,-48.3343,PENDING_AG03,FALSE,NOT_FOR_ENFORCEMENT,-59.3549,447.3695,-61.8281,-59.3549,-2.4731,-0.12551867,-0.12049793,-2.4731,-59.3549,-0.12049793,-2.4731,-2.4731,-2.4731,-3.7097,-3.7097,-59.3549,-0.12049793,-14.8387,-13.4938,-46.9893,-48.3343,-0.09539419,-0.09812456,-0.00502075,14.4877,13.7062,-1.8185,-61.8281,-4.1219,492.5806,34.0000,14.4877,,6.1317,10.2195,20.439,20.439,36.7902,40.8781,10.2195,-6.1317,3.599998,4.0,1.417647,15,16,1,3,1.00000000,-0.12551867,-0.12551867,0E-8,0.000000,0.946058,0.000000,,2026-07-31,2026-07-31,1,15,15,1,1.000000,,1.000000,3.333333,,,,,,,,GLOBAL_BASELINE_NO_ENTITY_RANKING,,,NOT_APPLICABLE_GLOBAL_BASELINE,HF9g-P5,,,,X 全窗基线 · 不参与实体赏罚,3925064,393,A168_HF9F_20260827_0900,2026-08-27 09:00:00
2026-07-31,153668450,1994,0,61.3170911172,-20.4390303724,-20.4390303724,0.3333333,3,3,0.49771390000000000,0.497713900000,-0.5694369385616226,-0.5694369385616226,-0.5694369385616226,0E-17,ELIGIBLE,R03b_20260811_FULL_v1,L1_ELIGIBILITY,v2026-08-11,2026-03-21..2026-08-06,baccarat_bet02_101_all_pairs_incl_sentinel,round_win = game_pnl > 0 (decisive only),COMPATIBILITY_ONLY_NOT_PRODUCTION,492.5806,466.0099,-61.8281,34,34,0.12551867,0.12551867,,0.12551867,61.8281,492.5806,OK,0.0000,-2.4731,4.0000,96.0000,AG03-UNRESOLVED,ALL5_LEVELS_bet23_to_bet27,-2.4731,-2.4731,-2.4731,-3.7097,-3.7097,4.000000,4.000000,4.000000,6.000000,6.000000,96.000000,96.000000,96.000000,94.000000,94.000000,5.0,-14.8387,-13.4938,-46.9893,-48.3343,PENDING_AG03,FALSE,NOT_FOR_ENFORCEMENT,-59.3549,447.3695,-61.8281,-59.3549,-2.4731,-0.12551867,-0.12049793,-2.4731,-59.3549,-0.12049793,-2.4731,-2.4731,-2.4731,-3.7097,-3.7097,-59.3549,-0.12049793,-14.8387,-13.4938,-46.9893,-48.3343,-0.09539419,-0.09812456,-0.00502075,14.4877,13.7062,-1.8185,-61.8281,-4.1219,492.5806,34.0000,14.4877,,6.1317,10.2195,20.439,20.439,36.7902,40.8781,10.2195,-6.1317,3.599998,4.0,1.417647,15,16,1,3,1.00000000,-0.12551867,-0.12551867,0E-8,0.000000,0.946058,0.000000,,2026-07-31,2026-07-31,1,15,15,1,1.000000,,1.000000,3.333333,,,,,,,,GLOBAL_BASELINE_NO_ENTITY_RANKING,,,NOT_APPLICABLE_GLOBAL_BASELINE,HF9g-P5,,,,X 全窗基线 · 不参与实体赏罚,3925065,393,A168_HF9F_20260827_0900,2026-08-27 09:00:00
2026-07-31,153668450,2152,0,20.4390303724,19.4170788538,19.4170788538,1.0000000,1,1,0.50665070000000000,0.506650700000,0.9867858985152569,0.9867858985152569,0.9867858985152569,0E-17,ELIGIBLE,R03b_20260811_FULL_v1,L1_ELIGIBILITY,v2026-08-11,2026-03-21..2026-08-06,baccarat_bet02_101_all_pairs_incl_sentinel,round_win = game_pnl > 0 (decisive only),COMPATIBILITY_ONLY_NOT_PRODUCTION,492.5806,466.0099,-61.8281,34,34,0.12551867,0.12551867,,0.12551867,61.8281,492.5806,OK,0.0000,-2.4731,4.0000,96.0000,AG03-UNRESOLVED,ALL5_LEVELS_bet23_to_bet27,-2.4731,-2.4731,-2.4731,-3.7097,-3.7097,4.000000,4.000000,4.000000,6.000000,6.000000,96.000000,96.000000,96.000000,94.000000,94.000000,5.0,-14.8387,-13.4938,-46.9893,-48.3343,PENDING_AG03,FALSE,NOT_FOR_ENFORCEMENT,-59.3549,447.3695,-61.8281,-59.3549,-2.4731,-0.12551867,-0.12049793,-2.4731,-59.3549,-0.12049793,-2.4731,-2.4731,-2.4731,-3.7097,-3.7097,-59.3549,-0.12049793,-14.8387,-13.4938,-46.9893,-48.3343,-0.09539419,-0.09812456,-0.00502075,14.4877,13.7062,-1.8185,-61.8281,-4.1219,492.5806,34.0000,14.4877,,6.1317,10.2195,20.439,20.439,36.7902,40.8781,10.2195,-6.1317,3.599998,4.0,1.417647,15,16,1,3,1.00000000,-0.12551867,-0.12551867,0E-8,0.000000,0.946058,0.000000,,2026-07-31,2026-07-31,1,15,15,1,1.000000,,1.000000,3.333333,,,,,,,,GLOBAL_BASELINE_NO_ENTITY_RANKING,,,NOT_APPLICABLE_GLOBAL_BASELINE,HF9g-P5,,,,X 全窗基线 · 不参与实体赏罚,3925066,393,A168_HF9F_20260827_0900,2026-08-27 09:00:00
2026-07-31,153668450,2261,0,10.2195151862,9.7085394269,9.7085394269,1.0000000,1,1,0.50665070000000000,0.506650700000,0.9867858985152569,0.9867858985152569,0.9867858985152569,0E-17,ELIGIBLE,R03b_20260811_FULL_v1,L1_ELIGIBILITY,v2026-08-11,2026-03-21..2026-08-06,baccarat_bet02_101_all_pairs_incl_sentinel,round_win = game_pnl > 0 (decisive only),COMPATIBILITY_ONLY_NOT_PRODUCTION,492.5806,466.0099,-61.8281,34,34,0.12551867,0.12551867,,0.12551867,61.8281,492.5806,OK,0.0000,-2.4731,4.0000,96.0000,AG03-UNRESOLVED,ALL5_LEVELS_bet23_to_bet27,-2.4731,-2.4731,-2.4731,-3.7097,-3.7097,4.000000,4.000000,4.000000,6.000000,6.000000,96.000000,96.000000,96.000000,94.000000,94.000000,5.0,-14.8387,-13.4938,-46.9893,-48.3343,PENDING_AG03,FALSE,NOT_FOR_ENFORCEMENT,-59.3549,447.3695,-61.8281,-59.3549,-2.4731,-0.12551867,-0.12049793,-2.4731,-59.3549,-0.12049793,-2.4731,-2.4731,-2.4731,-3.7097,-3.7097,-59.3549,-0.12049793,-14.8387,-13.4938,-46.9893,-48.3343,-0.09539419,-0.09812456,-0.00502075,14.4877,13.7062,-1.8185,-61.8281,-4.1219,492.5806,34.0000,14.4877,,6.1317,10.2195,20.439,20.439,36.7902,40.8781,10.2195,-6.1317,3.599998,4.0,1.417647,15,16,1,3,1.00000000,-0.12551867,-0.12551867,0E-8,0.000000,0.946058,0.000000,,2026-07-31,2026-07-31,1,15,15,1,1.000000,,1.000000,3.333333,,,,,,,,GLOBAL_BASELINE_NO_ENTITY_RANKING,,,NOT_APPLICABLE_GLOBAL_BASELINE,HF9g-P5,,,,X 全窗基线 · 不参与实体赏罚,3925067,393,A168_HF9F_20260827_0900,2026-08-27 09:00:00
2026-07-31,153668450,2289,0,6.1317091117,-6.1317091117,-6.1317091117,0E-7,1,1,0.09460280000000000,0.094602800000,-0.32324545095860213,-0.32324545095860213,-0.32324545095860213,0E-17,ELIGIBLE,R03b_20260811_FULL_v1,L1_ELIGIBILITY,v2026-08-11,2026-03-21..2026-08-06,baccarat_bet02_101_all_pairs_incl_sentinel,round_win = game_pnl > 0 (decisive only),COMPATIBILITY_ONLY_NOT_PRODUCTION,492.5806,466.0099,-61.8281,34,34,0.12551867,0.12551867,,0.12551867,61.8281,492.5806,OK,0.0000,-2.4731,4.0000,96.0000,AG03-UNRESOLVED,ALL5_LEVELS_bet23_to_bet27,-2.4731,-2.4731,-2.4731,-3.7097,-3.7097,4.000000,4.000000,4.000000,6.000000,6.000000,96.000000,96.000000,96.000000,94.000000,94.000000,5.0,-14.8387,-13.4938,-46.9893,-48.3343,PENDING_AG03,FALSE,NOT_FOR_ENFORCEMENT,-59.3549,447.3695,-61.8281,-59.3549,-2.4731,-0.12551867,-0.12049793,-2.4731,-59.3549,-0.12049793,-2.4731,-2.4731,-2.4731,-3.7097,-3.7097,-59.3549,-0.12049793,-14.8387,-13.4938,-46.9893,-48.3343,-0.09539419,-0.09812456,-0.00502075,14.4877,13.7062,-1.8185,-61.8281,-4.1219,492.5806,34.0000,14.4877,,6.1317,10.2195,20.439,20.439,36.7902,40.8781,10.2195,-6.1317,3.599998,4.0,1.417647,15,16,1,3,1.00000000,-0.12551867,-0.12551867,0E-8,0.000000,0.946058,0.000000,,2026-07-31,2026-07-31,1,15,15,1,1.000000,,1.000000,3.333333,,,,,,,,GLOBAL_BASELINE_NO_ENTITY_RANKING,,,NOT_APPLICABLE_GLOBAL_BASELINE,HF9g-P5,,,,X 全窗基线 · 不参与实体赏罚,3925068,393,A168_HF9F_20260827_0900,2026-08-27 09:00:00
2026-07-31,153668450,789,0,10.2195151862,10.2195151862,10.2195151862,1.0000000,1,1,0.49324550000000000,0.493245500000,1.01360149184955,1.01360149184955,1.01360149184955,0E-17,ELIGIBLE,R03b_20260811_FULL_v1,L1_ELIGIBILITY,v2026-08-11,2026-03-21..2026-08-06,baccarat_bet02_101_all_pairs_incl_sentinel,round_win = game_pnl > 0 (decisive only),COMPATIBILITY_ONLY_NOT_PRODUCTION,492.5806,466.0099,-61.8281,34,34,0.12551867,0.12551867,,0.12551867,61.8281,492.5806,OK,0.0000,-2.4731,4.0000,96.0000,AG03-UNRESOLVED,ALL5_LEVELS_bet23_to_bet27,-2.4731,-2.4731,-2.4731,-3.7097,-3.7097,4.000000,4.000000,4.000000,6.000000,6.000000,96.000000,96.000000,96.000000,94.000000,94.000000,5.0,-14.8387,-13.4938,-46.9893,-48.3343,PENDING_AG03,FALSE,NOT_FOR_ENFORCEMENT,-59.3549,447.3695,-61.8281,-59.3549,-2.4731,-0.12551867,-0.12049793,-2.4731,-59.3549,-0.12049793,-2.4731,-2.4731,-2.4731,-3.7097,-3.7097,-59.3549,-0.12049793,-14.8387,-13.4938,-46.9893,-48.3343,-0.09539419,-0.09812456,-0.00502075,14.4877,13.7062,-1.8185,-61.8281,-4.1219,492.5806,34.0000,14.4877,,6.1317,10.2195,20.439,20.439,36.7902,40.8781,10.2195,-6.1317,3.599998,4.0,1.417647,15,16,1,3,1.00000000,-0.12551867,-0.12551867,0E-8,0.000000,0.946058,0.000000,,2026-07-31,2026-07-31,1,15,15,1,1.000000,,1.000000,3.333333,,,,,,,,GLOBAL_BASELINE_NO_ENTITY_RANKING,,,NOT_APPLICABLE_GLOBAL_BASELINE,HF9g-P5,,,,X 全窗基线 · 不参与实体赏罚,3925069,393,A168_HF9F_20260827_0900,2026-08-27 09:00:00
2026-07-31,153668450,925,0,106.2829579364,-18.9061030944,-18.9061030944,0.2857143,9,9,0.49771390000000000,0.497713900000,-1.1218082406523517,-1.1218082406523517,-1.1218082406523517,0E-17,ELIGIBLE,R03b_20260811_FULL_v1,L1_ELIGIBILITY,v2026-08-11,2026-03-21..2026-08-06,baccarat_bet02_101_all_pairs_incl_sentinel,round_win = game_pnl > 0 (decisive only),COMPATIBILITY_ONLY_NOT_PRODUCTION,492.5806,466.0099,-61.8281,34,34,0.12551867,0.12551867,,0.12551867,61.8281,492.5806,OK,0.0000,-2.4731,4.0000,96.0000,AG03-UNRESOLVED,ALL5_LEVELS_bet23_to_bet27,-2.4731,-2.4731,-2.4731,-3.7097,-3.7097,4.000000,4.000000,4.000000,6.000000,6.000000,96.000000,96.000000,96.000000,94.000000,94.000000,5.0,-14.8387,-13.4938,-46.9893,-48.3343,PENDING_AG03,FALSE,NOT_FOR_ENFORCEMENT,-59.3549,447.3695,-61.8281,-59.3549,-2.4731,-0.12551867,-0.12049793,-2.4731,-59.3549,-0.12049793,-2.4731,-2.4731,-2.4731,-3.7097,-3.7097,-59.3549,-0.12049793,-14.8387,-13.4938,-46.9893,-48.3343,-0.09539419,-0.09812456,-0.00502075,14.4877,13.7062,-1.8185,-61.8281,-4.1219,492.5806,34.0000,14.4877,,6.1317,10.2195,20.439,20.439,36.7902,40.8781,10.2195,-6.1317,3.599998,4.0,1.417647,15,16,1,3,1.00000000,-0.12551867,-0.12551867,0E-8,0.000000,0.946058,0.000000,,2026-07-31,2026-07-31,1,15,15,1,1.000000,,1.000000,3.333333,,,,,,,,GLOBAL_BASELINE_NO_ENTITY_RANKING,,,NOT_APPLICABLE_GLOBAL_BASELINE,HF9g-P5,,,,X 全窗基线 · 不参与实体赏罚,3925070,393,A168_HF9F_20260827_0900,2026-08-27 09:00:00
2026-07-31,153668450,970,0,20.4390303724,20.4390303724,20.4390303724,1.0000000,1,1,0.49324550000000000,0.493245500000,1.01360149184955,1.01360149184955,1.01360149184955,0E-17,ELIGIBLE,R03b_20260811_FULL_v1,L1_ELIGIBILITY,v2026-08-11,2026-03-21..2026-08-06,baccarat_bet02_101_all_pairs_incl_sentinel,round_win = game_pnl > 0 (decisive only),COMPATIBILITY_ONLY_NOT_PRODUCTION,492.5806,466.0099,-61.8281,34,34,0.12551867,0.12551867,,0.12551867,61.8281,492.5806,OK,0.0000,-2.4731,4.0000,96.0000,AG03-UNRESOLVED,ALL5_LEVELS_bet23_to_bet27,-2.4731,-2.4731,-2.4731,-3.7097,-3.7097,4.000000,4.000000,4.000000,6.000000,6.000000,96.000000,96.000000,96.000000,94.000000,94.000000,5.0,-14.8387,-13.4938,-46.9893,-48.3343,PENDING_AG03,FALSE,NOT_FOR_ENFORCEMENT,-59.3549,447.3695,-61.8281,-59.3549,-2.4731,-0.12551867,-0.12049793,-2.4731,-59.3549,-0.12049793,-2.4731,-2.4731,-2.4731,-3.7097,-3.7097,-59.3549,-0.12049793,-14.8387,-13.4938,-46.9893,-48.3343,-0.09539419,-0.09812456,-0.00502075,14.4877,13.7062,-1.8185,-61.8281,-4.1219,492.5806,34.0000,14.4877,,6.1317,10.2195,20.439,20.439,36.7902,40.8781,10.2195,-6.1317,3.599998,4.0,1.417647,15,16,1,3,1.00000000,-0.12551867,-0.12551867,0E-8,0.000000,0.946058,0.000000,,2026-07-31,2026-07-31,1,15,15,1,1.000000,,1.000000,3.333333,,,,,,,,GLOBAL_BASELINE_NO_ENTITY_RANKING,,,NOT_APPLICABLE_GLOBAL_BASELINE,HF9g-P5,,,,X 全窗基线 · 不参与实体赏罚,3925071,393,A168_HF9F_20260827_0900,2026-08-27 09:00:00
2026-07-31,153668450,989,0,6.1317091117,-6.1317091117,-6.1317091117,0E-7,1,1,0.50665070000000000,0.506650700000,-1.013391052207602,-1.013391052207602,-1.013391052207602,0E-17,ELIGIBLE,R03b_20260811_FULL_v1,L1_ELIGIBILITY,v2026-08-11,2026-03-21..2026-08-06,baccarat_bet02_101_all_pairs_incl_sentinel,round_win = game_pnl > 0 (decisive only),COMPATIBILITY_ONLY_NOT_PRODUCTION,492.5806,466.0099,-61.8281,34,34,0.12551867,0.12551867,,0.12551867,61.8281,492.5806,OK,0.0000,-2.4731,4.0000,96.0000,AG03-UNRESOLVED,ALL5_LEVELS_bet23_to_bet27,-2.4731,-2.4731,-2.4731,-3.7097,-3.7097,4.000000,4.000000,4.000000,6.000000,6.000000,96.000000,96.000000,96.000000,94.000000,94.000000,5.0,-14.8387,-13.4938,-46.9893,-48.3343,PENDING_AG03,FALSE,NOT_FOR_ENFORCEMENT,-59.3549,447.3695,-61.8281,-59.3549,-2.4731,-0.12551867,-0.12049793,-2.4731,-59.3549,-0.12049793,-2.4731,-2.4731,-2.4731,-3.7097,-3.7097,-59.3549,-0.12049793,-14.8387,-13.4938,-46.9893,-48.3343,-0.09539419,-0.09812456,-0.00502075,14.4877,13.7062,-1.8185,-61.8281,-4.1219,492.5806,34.0000,14.4877,,6.1317,10.2195,20.439,20.439,36.7902,40.8781,10.2195,-6.1317,3.599998,4.0,1.417647,15,16,1,3,1.00000000,-0.12551867,-0.12551867,0E-8,0.000000,0.946058,0.000000,,2026-07-31,2026-07-31,1,15,15,1,1.000000,,1.000000,3.333333,,,,,,,,GLOBAL_BASELINE_NO_ENTITY_RANKING,,,NOT_APPLICABLE_GLOBAL_BASELINE,HF9g-P5,,,,X 全窗基线 · 不参与实体赏罚,3925072,393,A168_HF9F_20260827_0900,2026-08-27 09:00:00
2026-07-31,153668450,994,0,16.3512242979,-16.3512242979,-16.3512242979,0E-7,2,2,0.50665070000000000,0.506650700000,-1.4331513700195317,-1.4331513700195317,-1.4331513700195317,0E-17,ELIGIBLE,R03b_20260811_FULL_v1,L1_ELIGIBILITY,v2026-08-11,2026-03-21..2026-08-06,baccarat_bet02_101_all_pairs_incl_sentinel,round_win = game_pnl > 0 (decisive only),COMPATIBILITY_ONLY_NOT_PRODUCTION,492.5806,466.0099,-61.8281,34,34,0.12551867,0.12551867,,0.12551867,61.8281,492.5806,OK,0.0000,-2.4731,4.0000,96.0000,AG03-UNRESOLVED,ALL5_LEVELS_bet23_to_bet27,-2.4731,-2.4731,-2.4731,-3.7097,-3.7097,4.000000,4.000000,4.000000,6.000000,6.000000,96.000000,96.000000,96.000000,94.000000,94.000000,5.0,-14.8387,-13.4938,-46.9893,-48.3343,PENDING_AG03,FALSE,NOT_FOR_ENFORCEMENT,-59.3549,447.3695,-61.8281,-59.3549,-2.4731,-0.12551867,-0.12049793,-2.4731,-59.3549,-0.12049793,-2.4731,-2.4731,-2.4731,-3.7097,-3.7097,-59.3549,-0.12049793,-14.8387,-13.4938,-46.9893,-48.3343,-0.09539419,-0.09812456,-0.00502075,14.4877,13.7062,-1.8185,-61.8281,-4.1219,492.5806,34.0000,14.4877,,6.1317,10.2195,20.439,20.439,36.7902,40.8781,10.2195,-6.1317,3.599998,4.0,1.417647,15,16,1,3,1.00000000,-0.12551867,-0.12551867,0E-8,0.000000,0.946058,0.000000,,2026-07-31,2026-07-31,1,15,15,1,1.000000,,1.000000,3.333333,,,,,,,,GLOBAL_BASELINE_NO_ENTITY_RANKING,,,NOT_APPLICABLE_GLOBAL_BASELINE,HF9g-P5,,,,X 全窗基线 · 不参与实体赏罚,3925073,393,A168_HF9F_20260827_0900,2026-08-27 09:00:00
2026-06-23,151940610,1004,0,12.4628710302,-4.1542903434,-4.1542903434,0.3333333,3,3,0.49771390000000000,0.497713900000,-0.5694369385616226,-0.5694369385616226,-0.5694369385616226,0E-17,ELIGIBLE,R03b_20260811_FULL_v1,L1_ELIGIBILITY,v2026-08-11,2026-03-21..2026-08-06,baccarat_bet02_101_all_pairs_incl_sentinel,round_win = game_pnl > 0 (decisive only),COMPATIBILITY_ONLY_NOT_PRODUCTION,1369.5616,1219.1650,-61.8269,284,279,0.04514357,,0.04514357,0.04514357,61.8269,1369.5616,OK,0.0000,-2.4731,4.0000,96.0000,AG03-UNRESOLVED,ALL5_LEVELS_bet23_to_bet27,-2.4731,-2.4731,-2.4731,-3.0913,-3.0913,4.000000,4.000000,4.000000,5.000000,5.000000,96.000000,96.000000,96.000000,95.000000,95.000000,5.0,-13.6019,-12.4597,-48.2250,-49.3672,PENDING_AG03,FALSE,NOT_FOR_ENFORCEMENT,-59.3538,1170.3984,-61.8269,-59.3538,-2.4731,-0.04514357,-0.04333783,-2.4731,-59.3538,-0.04333783,-2.4731,-2.4731,-2.4731,-3.0913,-3.0913,-59.3538,-0.04333783,-13.6019,-12.4597,-48.2250,-49.3672,-0.03521198,-0.03604598,-0.00180574,4.8224,4.3698,-0.2216,-20.6090,-0.7826,456.5205,93.0000,,4.8224,4.1543,4.1543,5.1098,6.1417,8.1756,8.3557,4.1543,0.0,1.967993,2.011347,1.160824,25,52,3,5,0E-8,-0.04514357,,0E-8,0.000000,0.890186,0.000000,,2026-06-23,2026-07-05,3,79,58,13,0.230769,,,0.000000,,,,,,,,GLOBAL_BASELINE_NO_ENTITY_RANKING,,,NOT_APPLICABLE_GLOBAL_BASELINE,HF9g-P5,,,,X 全窗基线 · 不参与实体赏罚,3925074,393,A168_HF9F_20260827_0900,2026-08-27 09:00:00
2026-06-23,151940610,1304,0,42.5814760198,12.8263714351,12.8263714351,0.6666667,10,10,0.50128862000000000,0.501288620000,0.9922715754217412,0.9922715754217414,0.9922715754217412,0E-17,ELIGIBLE,R03b_20260811_FULL_v1,L1_ELIGIBILITY,v2026-08-11,2026-03-21..2026-08-06,baccarat_bet02_101_all_pairs_incl_sentinel,round_win = game_pnl > 0 (decisive only),COMPATIBILITY_ONLY_NOT_PRODUCTION,1369.5616,1219.1650,-61.8269,284,279,0.04514357,,0.04514357,0.04514357,61.8269,1369.5616,OK,0.0000,-2.4731,4.0000,96.0000,AG03-UNRESOLVED,ALL5_LEVELS_bet23_to_bet27,-2.4731,-2.4731,-2.4731,-3.0913,-3.0913,4.000000,4.000000,4.000000,5.000000,5.000000,96.000000,96.000000,96.000000,95.000000,95.000000,5.0,-13.6019,-12.4597,-48.2250,-49.3672,PENDING_AG03,FALSE,NOT_FOR_ENFORCEMENT,-59.3538,1170.3984,-61.8269,-59.3538,-2.4731,-0.04514357,-0.04333783,-2.4731,-59.3538,-0.04333783,-2.4731,-2.4731,-2.4731,-3.0913,-3.0913,-59.3538,-0.04333783,-13.6019,-12.4597,-48.2250,-49.3672,-0.03521198,-0.03604598,-0.00180574,4.8224,4.3698,-0.2216,-20.6090,-0.7826,456.5205,93.0000,,4.8224,4.1543,4.1543,5.1098,6.1417,8.1756,8.3557,4.1543,0.0,1.967993,2.011347,1.160824,25,52,3,5,0E-8,-0.04514357,,0E-8,0.000000,0.890186,0.000000,,2026-06-23,2026-07-05,3,79,58,13,0.230769,,,0.000000,,,,,,,,GLOBAL_BASELINE_NO_ENTITY_RANKING,,,NOT_APPLICABLE_GLOBAL_BASELINE,HF9g-P5,,,,X 全窗基线 · 不参与实体赏罚,3925075,393,A168_HF9F_20260827_0900,2026-08-27 09:00:00
2026-06-23,151940610,1318,0,62.9374987021,-12.3590137715,-12.3590137715,0.4615385,14,14,0.49899058571428571,0.498990585714,-0.27007165854383425,-0.27007165854177423,-0.27007165854383425,2.8571E-13,ELIGIBLE,R03b_20260811_FULL_v1,L1_ELIGIBILITY,v2026-08-11,2026-03-21..2026-08-06,baccarat_bet02_101_all_pairs_incl_sentinel,round_win = game_pnl > 0 (decisive only),COMPATIBILITY_ONLY_NOT_PRODUCTION,1369.5616,1219.1650,-61.8269,284,279,0.04514357,,0.04514357,0.04514357,61.8269,1369.5616,OK,0.0000,-2.4731,4.0000,96.0000,AG03-UNRESOLVED,ALL5_LEVELS_bet23_to_bet27,-2.4731,-2.4731,-2.4731,-3.0913,-3.0913,4.000000,4.000000,4.000000,5.000000,5.000000,96.000000,96.000000,96.000000,95.000000,95.000000,5.0,-13.6019,-12.4597,-48.2250,-49.3672,PENDING_AG03,FALSE,NOT_FOR_ENFORCEMENT,-59.3538,1170.3984,-61.8269,-59.3538,-2.4731,-0.04514357,-0.04333783,-2.4731,-59.3538,-0.04333783,-2.4731,-2.4731,-2.4731,-3.0913,-3.0913,-59.3538,-0.04333783,-13.6019,-12.4597,-48.2250,-49.3672,-0.03521198,-0.03604598,-0.00180574,4.8224,4.3698,-0.2216,-20.6090,-0.7826,456.5205,93.0000,,4.8224,4.1543,4.1543,5.1098,6.1417,8.1756,8.3557,4.1543,0.0,1.967993,2.011347,1.160824,25,52,3,5,0E-8,-0.04514357,,0E-8,0.000000,0.890186,0.000000,,2026-06-23,2026-07-05,3,79,58,13,0.230769,,,0.000000,,,,,,,,GLOBAL_BASELINE_NO_ENTITY_RANKING,,,NOT_APPLICABLE_GLOBAL_BASELINE,HF9g-P5,,,,X 全窗基线 · 不参与实体赏罚,3925076,393,A168_HF9F_20260827_0900,2026-08-27 09:00:00
2026-06-23,151940610,1383,0,18.6943065453,-2.2848596889,-2.2848596889,0.5000000,5,5,0.49860758000000000,0.498607580000,0.005569701597489473,0.005569701597489473,0.005569701597489473,0E-17,ELIGIBLE,R03b_20260811_FULL_v1,L1_ELIGIBILITY,v2026-08-11,2026-03-21..2026-08-06,baccarat_bet02_101_all_pairs_incl_sentinel,round_win = game_pnl > 0 (decisive only),COMPATIBILITY_ONLY_NOT_PRODUCTION,1369.5616,1219.1650,-61.8269,284,279,0.04514357,,0.04514357,0.04514357,61.8269,1369.5616,OK,0.0000,-2.4731,4.0000,96.0000,AG03-UNRESOLVED,ALL5_LEVELS_bet23_to_bet27,-2.4731,-2.4731,-2.4731,-3.0913,-3.0913,4.000000,4.000000,4.000000,5.000000,5.000000,96.000000,96.000000,96.000000,95.000000,95.000000,5.0,-13.6019,-12.4597,-48.2250,-49.3672,PENDING_AG03,FALSE,NOT_FOR_ENFORCEMENT,-59.3538,1170.3984,-61.8269,-59.3538,-2.4731,-0.04514357,-0.04333783,-2.4731,-59.3538,-0.04333783,-2.4731,-2.4731,-2.4731,-3.0913,-3.0913,-59.3538,-0.04333783,-13.6019,-12.4597,-48.2250,-49.3672,-0.03521198,-0.03604598,-0.00180574,4.8224,4.3698,-0.2216,-20.6090,-0.7826,456.5205,93.0000,,4.8224,4.1543,4.1543,5.1098,6.1417,8.1756,8.3557,4.1543,0.0,1.967993,2.011347,1.160824,25,52,3,5,0E-8,-0.04514357,,0E-8,0.000000,0.890186,0.000000,,2026-06-23,2026-07-05,3,79,58,13,0.230769,,,0.000000,,,,,,,,GLOBAL_BASELINE_NO_ENTITY_RANKING,,,NOT_APPLICABLE_GLOBAL_BASELINE,HF9g-P5,,,,X 全窗基线 · 不参与实体赏罚,3925077,393,A168_HF9F_20260827_0900,2026-08-27 09:00:00
2026-06-23,151940610,1384,0,43.8277631227,-7.1453793907,-7.1453793907,0.3333333,9,9,0.49920336666666667,0.499203366667,-0.812594921956427,-0.812594921958059,-0.812594921956427,-3.3333E-13,ELIGIBLE,R03b_20260811_FULL_v1,L1_ELIGIBILITY,v2026-08-11,2026-03-21..2026-08-06,baccarat_bet02_101_all_pairs_incl_sentinel,round_win = game_pnl > 0 (decisive only),COMPATIBILITY_ONLY_NOT_PRODUCTION,1369.5616,1219.1650,-61.8269,284,279,0.04514357,,0.04514357,0.04514357,61.8269,1369.5616,OK,0.0000,-2.4731,4.0000,96.0000,AG03-UNRESOLVED,ALL5_LEVELS_bet23_to_bet27,-2.4731,-2.4731,-2.4731,-3.0913,-3.0913,4.000000,4.000000,4.000000,5.000000,5.000000,96.000000,96.000000,96.000000,95.000000,95.000000,5.0,-13.6019,-12.4597,-48.2250,-49.3672,PENDING_AG03,FALSE,NOT_FOR_ENFORCEMENT,-59.3538,1170.3984,-61.8269,-59.3538,-2.4731,-0.04514357,-0.04333783,-2.4731,-59.3538,-0.04333783,-2.4731,-2.4731,-2.4731,-3.0913,-3.0913,-59.3538,-0.04333783,-13.6019,-12.4597,-48.2250,-49.3672,-0.03521198,-0.03604598,-0.00180574,4.8224,4.3698,-0.2216,-20.6090,-0.7826,456.5205,93.0000,,4.8224,4.1543,4.1543,5.1098,6.1417,8.1756,8.3557,4.1543,0.0,1.967993,2.011347,1.160824,25,52,3,5,0E-8,-0.04514357,,0E-8,0.000000,0.890186,0.000000,,2026-06-23,2026-07-05,3,79,58,13,0.230769,,,0.000000,,,,,,,,GLOBAL_BASELINE_NO_ENTITY_RANKING,,,NOT_APPLICABLE_GLOBAL_BASELINE,HF9g-P5,,,,X 全窗基线 · 不参与实体赏罚,3925078,393,A168_HF9F_20260827_0900,2026-08-27 09:00:00
2026-06-23,151940610,1396,0,4.1542903434,-4.1542903434,-4.1542903434,0E-7,1,1,0.50665070000000000,0.506650700000,-1.013391052207602,-1.013391052207602,-1.013391052207602,0E-17,ELIGIBLE,R03b_20260811_FULL_v1,L1_ELIGIBILITY,v2026-08-11,2026-03-21..2026-08-06,baccarat_bet02_101_all_pairs_incl_sentinel,round_win = game_pnl > 0 (decisive only),COMPATIBILITY_ONLY_NOT_PRODUCTION,1369.5616,1219.1650,-61.8269,284,279,0.04514357,,0.04514357,0.04514357,61.8269,1369.5616,OK,0.0000,-2.4731,4.0000,96.0000,AG03-UNRESOLVED,ALL5_LEVELS_bet23_to_bet27,-2.4731,-2.4731,-2.4731,-3.0913,-3.0913,4.000000,4.000000,4.000000,5.000000,5.000000,96.000000,96.000000,96.000000,95.000000,95.000000,5.0,-13.6019,-12.4597,-48.2250,-49.3672,PENDING_AG03,FALSE,NOT_FOR_ENFORCEMENT,-59.3538,1170.3984,-61.8269,-59.3538,-2.4731,-0.04514357,-0.04333783,-2.4731,-59.3538,-0.04333783,-2.4731,-2.4731,-2.4731,-3.0913,-3.0913,-59.3538,-0.04333783,-13.6019,-12.4597,-48.2250,-49.3672,-0.03521198,-0.03604598,-0.00180574,4.8224,4.3698,-0.2216,-20.6090,-0.7826,456.5205,93.0000,,4.8224,4.1543,4.1543,5.1098,6.1417,8.1756,8.3557,4.1543,0.0,1.967993,2.011347,1.160824,25,52,3,5,0E-8,-0.04514357,,0E-8,0.000000,0.890186,0.000000,,2026-06-23,2026-07-05,3,79,58,13,0.230769,,,0.000000,,,,,,,,GLOBAL_BASELINE_NO_ENTITY_RANKING,,,NOT_APPLICABLE_GLOBAL_BASELINE,HF9g-P5,,,,X 全窗基线 · 不参与实体赏罚,3925079,393,A168_HF9F_20260827_0900,2026-08-27 09:00:00
2026-06-23,151940610,1405,0,12.4628710302,-4.1542903434,-4.1542903434,0.3333333,3,3,0.50218230000000000,0.502182300000,-0.5849155494134425,-0.5849155494134426,-0.5849155494134425,0E-17,ELIGIBLE,R03b_20260811_FULL_v1,L1_ELIGIBILITY,v2026-08-11,2026-03-21..2026-08-06,baccarat_bet02_101_all_pairs_incl_sentinel,round_win = game_pnl > 0 (decisive only),COMPATIBILITY_ONLY_NOT_PRODUCTION,1369.5616,1219.1650,-61.8269,284,279,0.04514357,,0.04514357,0.04514357,61.8269,1369.5616,OK,0.0000,-2.4731,4.0000,96.0000,AG03-UNRESOLVED,ALL5_LEVELS_bet23_to_bet27,-2.4731,-2.4731,-2.4731,-3.0913,-3.0913,4.000000,4.000000,4.000000,5.000000,5.000000,96.000000,96.000000,96.000000,95.000000,95.000000,5.0,-13.6019,-12.4597,-48.2250,-49.3672,PENDING_AG03,FALSE,NOT_FOR_ENFORCEMENT,-59.3538,1170.3984,-61.8269,-59.3538,-2.4731,-0.04514357,-0.04333783,-2.4731,-59.3538,-0.04333783,-2.4731,-2.4731,-2.4731,-3.0913,-3.0913,-59.3538,-0.04333783,-13.6019,-12.4597,-48.2250,-49.3672,-0.03521198,-0.03604598,-0.00180574,4.8224,4.3698,-0.2216,-20.6090,-0.7826,456.5205,93.0000,,4.8224,4.1543,4.1543,5.1098,6.1417,8.1756,8.3557,4.1543,0.0,1.967993,2.011347,1.160824,25,52,3,5,0E-8,-0.04514357,,0E-8,0.000000,0.890186,0.000000,,2026-06-23,2026-07-05,3,79,58,13,0.230769,,,0.000000,,,,,,,,GLOBAL_BASELINE_NO_ENTITY_RANKING,,,NOT_APPLICABLE_GLOBAL_BASELINE,HF9g-P5,,,,X 全窗基线 · 不参与实体赏罚,3925080,393,A168_HF9F_20260827_0900,2026-08-27 09:00:00
2026-06-23,151940610,1507,0,24.9257420603,-4.1542903433,-4.1542903433,0.5000000,5,5,0.50128862000000000,0.501288620000,-0.0051544971185412255,-0.0051544971185412255,-0.0051544971185412255,0E-17,ELIGIBLE,R03b_20260811_FULL_v1,L1_ELIGIBILITY,v2026-08-11,2026-03-21..2026-08-06,baccarat_bet02_101_all_pairs_incl_sentinel,round_win = game_pnl > 0 (decisive only),COMPATIBILITY_ONLY_NOT_PRODUCTION,1369.5616,1219.1650,-61.8269,284,279,0.04514357,,0.04514357,0.04514357,61.8269,1369.5616,OK,0.0000,-2.4731,4.0000,96.0000,AG03-UNRESOLVED,ALL5_LEVELS_bet23_to_bet27,-2.4731,-2.4731,-2.4731,-3.0913,-3.0913,4.000000,4.000000,4.000000,5.000000,5.000000,96.000000,96.000000,96.000000,95.000000,95.000000,5.0,-13.6019,-12.4597,-48.2250,-49.3672,PENDING_AG03,FALSE,NOT_FOR_ENFORCEMENT,-59.3538,1170.3984,-61.8269,-59.3538,-2.4731,-0.04514357,-0.04333783,-2.4731,-59.3538,-0.04333783,-2.4731,-2.4731,-2.4731,-3.0913,-3.0913,-59.3538,-0.04333783,-13.6019,-12.4597,-48.2250,-49.3672,-0.03521198,-0.03604598,-0.00180574,4.8224,4.3698,-0.2216,-20.6090,-0.7826,456.5205,93.0000,,4.8224,4.1543,4.1543,5.1098,6.1417,8.1756,8.3557,4.1543,0.0,1.967993,2.011347,1.160824,25,52,3,5,0E-8,-0.04514357,,0E-8,0.000000,0.890186,0.000000,,2026-06-23,2026-07-05,3,79,58,13,0.230769,,,0.000000,,,,,,,,GLOBAL_BASELINE_NO_ENTITY_RANKING,,,NOT_APPLICABLE_GLOBAL_BASELINE,HF9g-P5,,,,X 全窗基线 · 不参与实体赏罚,3925081,393,A168_HF9F_20260827_0900,2026-08-27 09:00:00
2026-06-23,151940610,1509,0,3.9465758262,3.7492470349,3.7492470349,1.0000000,1,1,0.50665070000000000,0.506650700000,0.9867858985152569,0.9867858985152569,0.9867858985152569,0E-17,ELIGIBLE,R03b_20260811_FULL_v1,L1_ELIGIBILITY,v2026-08-11,2026-03-21..2026-08-06,baccarat_bet02_101_all_pairs_incl_sentinel,round_win = game_pnl > 0 (decisive only),COMPATIBILITY_ONLY_NOT_PRODUCTION,1369.5616,1219.1650,-61.8269,284,279,0.04514357,,0.04514357,0.04514357,61.8269,1369.5616,OK,0.0000,-2.4731,4.0000,96.0000,AG03-UNRESOLVED,ALL5_LEVELS_bet23_to_bet27,-2.4731,-2.4731,-2.4731,-3.0913,-3.0913,4.000000,4.000000,4.000000,5.000000,5.000000,96.000000,96.000000,96.000000,95.000000,95.000000,5.0,-13.6019,-12.4597,-48.2250,-49.3672,PENDING_AG03,FALSE,NOT_FOR_ENFORCEMENT,-59.3538,1170.3984,-61.8269,-59.3538,-2.4731,-0.04514357,-0.04333783,-2.4731,-59.3538,-0.04333783,-2.4731,-2.4731,-2.4731,-3.0913,-3.0913,-59.3538,-0.04333783,-13.6019,-12.4597,-48.2250,-49.3672,-0.03521198,-0.03604598,-0.00180574,4.8224,4.3698,-0.2216,-20.6090,-0.7826,456.5205,93.0000,,4.8224,4.1543,4.1543,5.1098,6.1417,8.1756,8.3557,4.1543,0.0,1.967993,2.011347,1.160824,25,52,3,5,0E-8,-0.04514357,,0E-8,0.000000,0.890186,0.000000,,2026-06-23,2026-07-05,3,79,58,13,0.230769,,,0.000000,,,,,,,,GLOBAL_BASELINE_NO_ENTITY_RANKING,,,NOT_APPLICABLE_GLOBAL_BASELINE,HF9g-P5,,,,X 全窗基线 · 不参与实体赏罚,3925082,393,A168_HF9F_20260827_0900,2026-08-27 09:00:00
2026-06-23,151940610,1654,0,8.3085806868,-8.3085806868,-8.3085806868,0E-7,2,2,0.49994810000000000,0.499948100000,-1.4140667746232096,-1.4140667746232096,-1.4140667746232096,0E-17,ELIGIBLE,R03b_20260811_FULL_v1,L1_ELIGIBILITY,v2026-08-11,2026-03-21..2026-08-06,baccarat_bet02_101_all_pairs_incl_sentinel,round_win = game_pnl > 0 (decisive only),COMPATIBILITY_ONLY_NOT_PRODUCTION,1369.5616,1219.1650,-61.8269,284,279,0.04514357,,0.04514357,0.04514357,61.8269,1369.5616,OK,0.0000,-2.4731,4.0000,96.0000,AG03-UNRESOLVED,ALL5_LEVELS_bet23_to_bet27,-2.4731,-2.4731,-2.4731,-3.0913,-3.0913,4.000000,4.000000,4.000000,5.000000,5.000000,96.000000,96.000000,96.000000,95.000000,95.000000,5.0,-13.6019,-12.4597,-48.2250,-49.3672,PENDING_AG03,FALSE,NOT_FOR_ENFORCEMENT,-59.3538,1170.3984,-61.8269,-59.3538,-2.4731,-0.04514357,-0.04333783,-2.4731,-59.3538,-0.04333783,-2.4731,-2.4731,-2.4731,-3.0913,-3.0913,-59.3538,-0.04333783,-13.6019,-12.4597,-48.2250,-49.3672,-0.03521198,-0.03604598,-0.00180574,4.8224,4.3698,-0.2216,-20.6090,-0.7826,456.5205,93.0000,,4.8224,4.1543,4.1543,5.1098,6.1417,8.1756,8.3557,4.1543,0.0,1.967993,2.011347,1.160824,25,52,3,5,0E-8,-0.04514357,,0E-8,0.000000,0.890186,0.000000,,2026-06-23,2026-07-05,3,79,58,13,0.230769,,,0.000000,,,,,,,,GLOBAL_BASELINE_NO_ENTITY_RANKING,,,NOT_APPLICABLE_GLOBAL_BASELINE,HF9g-P5,,,,X 全窗基线 · 不参与实体赏罚,3925083,393,A168_HF9F_20260827_0900,2026-08-27 09:00:00
2026-06-23,151940610,1963,0,12.4628710302,3.9465758262,3.9465758262,0.6666667,3,3,0.49771390000000000,0.497713900000,0.5852756695216578,0.5852756695216578,0.5852756695216578,0E-17,ELIGIBLE,R03b_20260811_FULL_v1,L1_ELIGIBILITY,v2026-08-11,2026-03-21..2026-08-06,baccarat_bet02_101_all_pairs_incl_sentinel,round_win = game_pnl > 0 (decisive only),COMPATIBILITY_ONLY_NOT_PRODUCTION,1369.5616,1219.1650,-61.8269,284,279,0.04514357,,0.04514357,0.04514357,61.8269,1369.5616,OK,0.0000,-2.4731,4.0000,96.0000,AG03-UNRESOLVED,ALL5_LEVELS_bet23_to_bet27,-2.4731,-2.4731,-2.4731,-3.0913,-3.0913,4.000000,4.000000,4.000000,5.000000,5.000000,96.000000,96.000000,96.000000,95.000000,95.000000,5.0,-13.6019,-12.4597,-48.2250,-49.3672,PENDING_AG03,FALSE,NOT_FOR_ENFORCEMENT,-59.3538,1170.3984,-61.8269,-59.3538,-2.4731,-0.04514357,-0.04333783,-2.4731,-59.3538,-0.04333783,-2.4731,-2.4731,-2.4731,-3.0913,-3.0913,-59.3538,-0.04333783,-13.6019,-12.4597,-48.2250,-49.3672,-0.03521198,-0.03604598,-0.00180574,4.8224,4.3698,-0.2216,-20.6090,-0.7826,456.5205,93.0000,,4.8224,4.1543,4.1543,5.1098,6.1417,8.1756,8.3557,4.1543,0.0,1.967993,2.011347,1.160824,25,52,3,5,0E-8,-0.04514357,,0E-8,0.000000,0.890186,0.000000,,2026-06-23,2026-07-05,3,79,58,13,0.230769,,,0.000000,,,,,,,,GLOBAL_BASELINE_NO_ENTITY_RANKING,,,NOT_APPLICABLE_GLOBAL_BASELINE,HF9g-P5,,,,X 全窗基线 · 不参与实体赏罚,3925084,393,A168_HF9F_20260827_0900,2026-08-27 09:00:00
2026-06-23,151940610,1985,0,8.3085806868,8.3085806868,8.3085806868,1.0000000,2,2,0.49324550000000000,0.493245500000,1.4334489766152358,1.4334489766152358,1.4334489766152358,0E-17,ELIGIBLE,R03b_20260811_FULL_v1,L1_ELIGIBILITY,v2026-08-11,2026-03-21..2026-08-06,baccarat_bet02_101_all_pairs_incl_sentinel,round_win = game_pnl > 0 (decisive only),COMPATIBILITY_ONLY_NOT_PRODUCTION,1369.5616,1219.1650,-61.8269,284,279,0.04514357,,0.04514357,0.04514357,61.8269,1369.5616,OK,0.0000,-2.4731,4.0000,96.0000,AG03-UNRESOLVED,ALL5_LEVELS_bet23_to_bet27,-2.4731,-2.4731,-2.4731,-3.0913,-3.0913,4.000000,4.000000,4.000000,5.000000,5.000000,96.000000,96.000000,96.000000,95.000000,95.000000,5.0,-13.6019,-12.4597,-48.2250,-49.3672,PENDING_AG03,FALSE,NOT_FOR_ENFORCEMENT,-59.3538,1170.3984,-61.8269,-59.3538,-2.4731,-0.04514357,-0.04333783,-2.4731,-59.3538,-0.04333783,-2.4731,-2.4731,-2.4731,-3.0913,-3.0913,-59.3538,-0.04333783,-13.6019,-12.4597,-48.2250,-49.3672,-0.03521198,-0.03604598,-0.00180574,4.8224,4.3698,-0.2216,-20.6090,-0.7826,456.5205,93.0000,,4.8224,4.1543,4.1543,5.1098,6.1417,8.1756,8.3557,4.1543,0.0,1.967993,2.011347,1.160824,25,52,3,5,0E-8,-0.04514357,,0E-8,0.000000,0.890186,0.000000,,2026-06-23,2026-07-05,3,79,58,13,0.230769,,,0.000000,,,,,,,,GLOBAL_BASELINE_NO_ENTITY_RANKING,,,NOT_APPLICABLE_GLOBAL_BASELINE,HF9g-P5,,,,X 全窗基线 · 不参与实体赏罚,3925085,393,A168_HF9F_20260827_0900,2026-08-27 09:00:00
2026-06-23,151940610,2108,0,2.0771451717,-2.0771451717,-2.0771451717,0E-7,1,1,0.49324550000000000,0.493245500000,-0.9865810262130424,-0.9865810262130424,-0.9865810262130424,0E-17,ELIGIBLE,R03b_20260811_FULL_v1,L1_ELIGIBILITY,v2026-08-11,2026-03-21..2026-08-06,baccarat_bet02_101_all_pairs_incl_sentinel,round_win = game_pnl > 0 (decisive only),COMPATIBILITY_ONLY_NOT_PRODUCTION,1369.5616,1219.1650,-61.8269,284,279,0.04514357,,0.04514357,0.04514357,61.8269,1369.5616,OK,0.0000,-2.4731,4.0000,96.0000,AG03-UNRESOLVED,ALL5_LEVELS_bet23_to_bet27,-2.4731,-2.4731,-2.4731,-3.0913,-3.0913,4.000000,4.000000,4.000000,5.000000,5.000000,96.000000,96.000000,96.000000,95.000000,95.000000,5.0,-13.6019,-12.4597,-48.2250,-49.3672,PENDING_AG03,FALSE,NOT_FOR_ENFORCEMENT,-59.3538,1170.3984,-61.8269,-59.3538,-2.4731,-0.04514357,-0.04333783,-2.4731,-59.3538,-0.04333783,-2.4731,-2.4731,-2.4731,-3.0913,-3.0913,-59.3538,-0.04333783,-13.6019,-12.4597,-48.2250,-49.3672,-0.03521198,-0.03604598,-0.00180574,4.8224,4.3698,-0.2216,-20.6090,-0.7826,456.5205,93.0000,,4.8224,4.1543,4.1543,5.1098,6.1417,8.1756,8.3557,4.1543,0.0,1.967993,2.011347,1.160824,25,52,3,5,0E-8,-0.04514357,,0E-8,0.000000,0.890186,0.000000,,2026-06-23,2026-07-05,3,79,58,13,0.230769,,,0.000000,,,,,,,,GLOBAL_BASELINE_NO_ENTITY_RANKING,,,NOT_APPLICABLE_GLOBAL_BASELINE,HF9g-P5,,,,X 全窗基线 · 不参与实体赏罚,3925086,393,A168_HF9F_20260827_0900,2026-08-27 09:00:00
2026-06-23,151940610,2117,0,12.4628710302,-4.1542903434,-4.1542903434,0.3333333,3,3,0.49324550000000000,0.493245500000,-0.5540025479526107,-0.5540025479526106,-0.5540025479526107,0E-17,ELIGIBLE,R03b_20260811_FULL_v1,L1_ELIGIBILITY,v2026-08-11,2026-03-21..2026-08-06,baccarat_bet02_101_all_pairs_incl_sentinel,round_win = game_pnl > 0 (decisive only),COMPATIBILITY_ONLY_NOT_PRODUCTION,1369.5616,1219.1650,-61.8269,284,279,0.04514357,,0.04514357,0.04514357,61.8269,1369.5616,OK,0.0000,-2.4731,4.0000,96.0000,AG03-UNRESOLVED,ALL5_LEVELS_bet23_to_bet27,-2.4731,-2.4731,-2.4731,-3.0913,-3.0913,4.000000,4.000000,4.000000,5.000000,5.000000,96.000000,96.000000,96.000000,95.000000,95.000000,5.0,-13.6019,-12.4597,-48.2250,-49.3672,PENDING_AG03,FALSE,NOT_FOR_ENFORCEMENT,-59.3538,1170.3984,-61.8269,-59.3538,-2.4731,-0.04514357,-0.04333783,-2.4731,-59.3538,-0.04333783,-2.4731,-2.4731,-2.4731,-3.0913,-3.0913,-59.3538,-0.04333783,-13.6019,-12.4597,-48.2250,-49.3672,-0.03521198,-0.03604598,-0.00180574,4.8224,4.3698,-0.2216,-20.6090,-0.7826,456.5205,93.0000,,4.8224,4.1543,4.1543,5.1098,6.1417,8.1756,8.3557,4.1543,0.0,1.967993,2.011347,1.160824,25,52,3,5,0E-8,-0.04514357,,0E-8,0.000000,0.890186,0.000000,,2026-06-23,2026-07-05,3,79,58,13,0.230769,,,0.000000,,,,,,,,GLOBAL_BASELINE_NO_ENTITY_RANKING,,,NOT_APPLICABLE_GLOBAL_BASELINE,HF9g-P5,,,,X 全窗基线 · 不参与实体赏罚,3925087,393,A168_HF9F_20260827_0900,2026-08-27 09:00:00
2026-06-23,151940610,2127,0,8.3085806868,-8.3085806868,-8.3085806868,0E-7,2,2,0.49324550000000000,0.493245500000,-1.3952362676504506,-1.3952362676504506,-1.3952362676504506,0E-17,ELIGIBLE,R03b_20260811_FULL_v1,L1_ELIGIBILITY,v2026-08-11,2026-03-21..2026-08-06,baccarat_bet02_101_all_pairs_incl_sentinel,round_win = game_pnl > 0 (decisive only),COMPATIBILITY_ONLY_NOT_PRODUCTION,1369.5616,1219.1650,-61.8269,284,279,0.04514357,,0.04514357,0.04514357,61.8269,1369.5616,OK,0.0000,-2.4731,4.0000,96.0000,AG03-UNRESOLVED,ALL5_LEVELS_bet23_to_bet27,-2.4731,-2.4731,-2.4731,-3.0913,-3.0913,4.000000,4.000000,4.000000,5.000000,5.000000,96.000000,96.000000,96.000000,95.000000,95.000000,5.0,-13.6019,-12.4597,-48.2250,-49.3672,PENDING_AG03,FALSE,NOT_FOR_ENFORCEMENT,-59.3538,1170.3984,-61.8269,-59.3538,-2.4731,-0.04514357,-0.04333783,-2.4731,-59.3538,-0.04333783,-2.4731,-2.4731,-2.4731,-3.0913,-3.0913,-59.3538,-0.04333783,-13.6019,-12.4597,-48.2250,-49.3672,-0.03521198,-0.03604598,-0.00180574,4.8224,4.3698,-0.2216,-20.6090,-0.7826,456.5205,93.0000,,4.8224,4.1543,4.1543,5.1098,6.1417,8.1756,8.3557,4.1543,0.0,1.967993,2.011347,1.160824,25,52,3,5,0E-8,-0.04514357,,0E-8,0.000000,0.890186,0.000000,,2026-06-23,2026-07-05,3,79,58,13,0.230769,,,0.000000,,,,,,,,GLOBAL_BASELINE_NO_ENTITY_RANKING,,,NOT_APPLICABLE_GLOBAL_BASELINE,HF9g-P5,,,,X 全窗基线 · 不参与实体赏罚,3925088,393,A168_HF9F_20260827_0900,2026-08-27 09:00:00
2026-06-23,151940610,2134,0,26.3797436806,13.5014436160,13.5014436160,0.8333333,7,7,0.49707555714285714,0.497075557143,1.647348125108566,1.6473481251078634,1.647348125108566,-1.4286E-13,ELIGIBLE,R03b_20260811_FULL_v1,L1_ELIGIBILITY,v2026-08-11,2026-03-21..2026-08-06,baccarat_bet02_101_all_pairs_incl_sentinel,round_win = game_pnl > 0 (decisive only),COMPATIBILITY_ONLY_NOT_PRODUCTION,1369.5616,1219.1650,-61.8269,284,279,0.04514357,,0.04514357,0.04514357,61.8269,1369.5616,OK,0.0000,-2.4731,4.0000,96.0000,AG03-UNRESOLVED,ALL5_LEVELS_bet23_to_bet27,-2.4731,-2.4731,-2.4731,-3.0913,-3.0913,4.000000,4.000000,4.000000,5.000000,5.000000,96.000000,96.000000,96.000000,95.000000,95.000000,5.0,-13.6019,-12.4597,-48.2250,-49.3672,PENDING_AG03,FALSE,NOT_FOR_ENFORCEMENT,-59.3538,1170.3984,-61.8269,-59.3538,-2.4731,-0.04514357,-0.04333783,-2.4731,-59.3538,-0.04333783,-2.4731,-2.4731,-2.4731,-3.0913,-3.0913,-59.3538,-0.04333783,-13.6019,-12.4597,-48.2250,-49.3672,-0.03521198,-0.03604598,-0.00180574,4.8224,4.3698,-0.2216,-20.6090,-0.7826,456.5205,93.0000,,4.8224,4.1543,4.1543,5.1098,6.1417,8.1756,8.3557,4.1543,0.0,1.967993,2.011347,1.160824,25,52,3,5,0E-8,-0.04514357,,0E-8,0.000000,0.890186,0.000000,,2026-06-23,2026-07-05,3,79,58,13,0.230769,,,0.000000,,,,,,,,GLOBAL_BASELINE_NO_ENTITY_RANKING,,,NOT_APPLICABLE_GLOBAL_BASELINE,HF9g-P5,,,,X 全窗基线 · 不参与实体赏罚,3925089,393,A168_HF9F_20260827_0900,2026-08-27 09:00:00
2026-06-23,151940610,2173,0,19.9405936482,5.1305485740,5.1305485740,0.6666667,4,4,0.49659680000000000,0.496596800000,0.5891529468324541,0.589152946832454,0.5891529468324541,0E-17,ELIGIBLE,R03b_20260811_FULL_v1,L1_ELIGIBILITY,v2026-08-11,2026-03-21..2026-08-06,baccarat_bet02_101_all_pairs_incl_sentinel,round_win = game_pnl > 0 (decisive only),COMPATIBILITY_ONLY_NOT_PRODUCTION,1369.5616,1219.1650,-61.8269,284,279,0.04514357,,0.04514357,0.04514357,61.8269,1369.5616,OK,0.0000,-2.4731,4.0000,96.0000,AG03-UNRESOLVED,ALL5_LEVELS_bet23_to_bet27,-2.4731,-2.4731,-2.4731,-3.0913,-3.0913,4.000000,4.000000,4.000000,5.000000,5.000000,96.000000,96.000000,96.000000,95.000000,95.000000,5.0,-13.6019,-12.4597,-48.2250,-49.3672,PENDING_AG03,FALSE,NOT_FOR_ENFORCEMENT,-59.3538,1170.3984,-61.8269,-59.3538,-2.4731,-0.04514357,-0.04333783,-2.4731,-59.3538,-0.04333783,-2.4731,-2.4731,-2.4731,-3.0913,-3.0913,-59.3538,-0.04333783,-13.6019,-12.4597,-48.2250,-49.3672,-0.03521198,-0.03604598,-0.00180574,4.8224,4.3698,-0.2216,-20.6090,-0.7826,456.5205,93.0000,,4.8224,4.1543,4.1543,5.1098,6.1417,8.1756,8.3557,4.1543,0.0,1.967993,2.011347,1.160824,25,52,3,5,0E-8,-0.04514357,,0E-8,0.000000,0.890186,0.000000,,2026-06-23,2026-07-05,3,79,58,13,0.230769,,,0.000000,,,,,,,,GLOBAL_BASELINE_NO_ENTITY_RANKING,,,NOT_APPLICABLE_GLOBAL_BASELINE,HF9g-P5,,,,X 全窗基线 · 不参与实体赏罚,3925090,393,A168_HF9F_20260827_0900,2026-08-27 09:00:00
2026-06-23,151940610,2177,0,48.6051970177,-32.1957501613,-32.1957501613,0.1818182,11,11,0.49933877272727273,0.499338772727,-2.106195168263225,-2.106195168261418,-2.106195168263225,2.7273E-13,ELIGIBLE,R03b_20260811_FULL_v1,L1_ELIGIBILITY,v2026-08-11,2026-03-21..2026-08-06,baccarat_bet02_101_all_pairs_incl_sentinel,round_win = game_pnl > 0 (decisive only),COMPATIBILITY_ONLY_NOT_PRODUCTION,1369.5616,1219.1650,-61.8269,284,279,0.04514357,,0.04514357,0.04514357,61.8269,1369.5616,OK,0.0000,-2.4731,4.0000,96.0000,AG03-UNRESOLVED,ALL5_LEVELS_bet23_to_bet27,-2.4731,-2.4731,-2.4731,-3.0913,-3.0913,4.000000,4.000000,4.000000,5.000000,5.000000,96.000000,96.000000,96.000000,95.000000,95.000000,5.0,-13.6019,-12.4597,-48.2250,-49.3672,PENDING_AG03,FALSE,NOT_FOR_ENFORCEMENT,-59.3538,1170.3984,-61.8269,-59.3538,-2.4731,-0.04514357,-0.04333783,-2.4731,-59.3538,-0.04333783,-2.4731,-2.4731,-2.4731,-3.0913,-3.0913,-59.3538,-0.04333783,-13.6019,-12.4597,-48.2250,-49.3672,-0.03521198,-0.03604598,-0.00180574,4.8224,4.3698,-0.2216,-20.6090,-0.7826,456.5205,93.0000,,4.8224,4.1543,4.1543,5.1098,6.1417,8.1756,8.3557,4.1543,0.0,1.967993,2.011347,1.160824,25,52,3,5,0E-8,-0.04514357,,0E-8,0.000000,0.890186,0.000000,,2026-06-23,2026-07-05,3,79,58,13,0.230769,,,0.000000,,,,,,,,GLOBAL_BASELINE_NO_ENTITY_RANKING,,,NOT_APPLICABLE_GLOBAL_BASELINE,HF9g-P5,,,,X 全窗基线 · 不参与实体赏罚,3925091,393,A168_HF9F_20260827_0900,2026-08-27 09:00:00
2026-06-23,151940610,2205,0,4.1542903434,-4.1542903434,-4.1542903434,0E-7,1,1,0.50665070000000000,0.506650700000,-1.013391052207602,-1.013391052207602,-1.013391052207602,0E-17,ELIGIBLE,R03b_20260811_FULL_v1,L1_ELIGIBILITY,v2026-08-11,2026-03-21..2026-08-06,baccarat_bet02_101_all_pairs_incl_sentinel,round_win = game_pnl > 0 (decisive only),COMPATIBILITY_ONLY_NOT_PRODUCTION,1369.5616,1219.1650,-61.8269,284,279,0.04514357,,0.04514357,0.04514357,61.8269,1369.5616,OK,0.0000,-2.4731,4.0000,96.0000,AG03-UNRESOLVED,ALL5_LEVELS_bet23_to_bet27,-2.4731,-2.4731,-2.4731,-3.0913,-3.0913,4.000000,4.000000,4.000000,5.000000,5.000000,96.000000,96.000000,96.000000,95.000000,95.000000,5.0,-13.6019,-12.4597,-48.2250,-49.3672,PENDING_AG03,FALSE,NOT_FOR_ENFORCEMENT,-59.3538,1170.3984,-61.8269,-59.3538,-2.4731,-0.04514357,-0.04333783,-2.4731,-59.3538,-0.04333783,-2.4731,-2.4731,-2.4731,-3.0913,-3.0913,-59.3538,-0.04333783,-13.6019,-12.4597,-48.2250,-49.3672,-0.03521198,-0.03604598,-0.00180574,4.8224,4.3698,-0.2216,-20.6090,-0.7826,456.5205,93.0000,,4.8224,4.1543,4.1543,5.1098,6.1417,8.1756,8.3557,4.1543,0.0,1.967993,2.011347,1.160824,25,52,3,5,0E-8,-0.04514357,,0E-8,0.000000,0.890186,0.000000,,2026-06-23,2026-07-05,3,79,58,13,0.230769,,,0.000000,,,,,,,,GLOBAL_BASELINE_NO_ENTITY_RANKING,,,NOT_APPLICABLE_GLOBAL_BASELINE,HF9g-P5,,,,X 全窗基线 · 不参与实体赏罚,3925092,393,A168_HF9F_20260827_0900,2026-08-27 09:00:00
2026-06-23,151940610,2220,0,40.7120453651,16.8248758907,16.8248758907,0.7142857,8,8,0.49994810000000000,0.499948100000,1.134168054123783,1.134168054123783,1.134168054123783,0E-17,ELIGIBLE,R03b_20260811_FULL_v1,L1_ELIGIBILITY,v2026-08-11,2026-03-21..2026-08-06,baccarat_bet02_101_all_pairs_incl_sentinel,round_win = game_pnl > 0 (decisive only),COMPATIBILITY_ONLY_NOT_PRODUCTION,1369.5616,1219.1650,-61.8269,284,279,0.04514357,,0.04514357,0.04514357,61.8269,1369.5616,OK,0.0000,-2.4731,4.0000,96.0000,AG03-UNRESOLVED,ALL5_LEVELS_bet23_to_bet27,-2.4731,-2.4731,-2.4731,-3.0913,-3.0913,4.000000,4.000000,4.000000,5.000000,5.000000,96.000000,96.000000,96.000000,95.000000,95.000000,5.0,-13.6019,-12.4597,-48.2250,-49.3672,PENDING_AG03,FALSE,NOT_FOR_ENFORCEMENT,-59.3538,1170.3984,-61.8269,-59.3538,-2.4731,-0.04514357,-0.04333783,-2.4731,-59.3538,-0.04333783,-2.4731,-2.4731,-2.4731,-3.0913,-3.0913,-59.3538,-0.04333783,-13.6019,-12.4597,-48.2250,-49.3672,-0.03521198,-0.03604598,-0.00180574,4.8224,4.3698,-0.2216,-20.6090,-0.7826,456.5205,93.0000,,4.8224,4.1543,4.1543,5.1098,6.1417,8.1756,8.3557,4.1543,0.0,1.967993,2.011347,1.160824,25,52,3,5,0E-8,-0.04514357,,0E-8,0.000000,0.890186,0.000000,,2026-06-23,2026-07-05,3,79,58,13,0.230769,,,0.000000,,,,,,,,GLOBAL_BASELINE_NO_ENTITY_RANKING,,,NOT_APPLICABLE_GLOBAL_BASELINE,HF9g-P5,,,,X 全窗基线 · 不参与实体赏罚,3925093,393,A168_HF9F_20260827_0900,2026-08-27 09:00:00
2026-06-23,151940610,2224,0,24.9257420603,12.0474419957,12.0474419957,0.6666667,6,6,0.49994810000000000,0.499948100000,0.8167508423630434,0.8167508423630434,0.8167508423630434,0E-17,ELIGIBLE,R03b_20260811_FULL_v1,L1_ELIGIBILITY,v2026-08-11,2026-03-21..2026-08-06,baccarat_bet02_101_all_pairs_incl_sentinel,round_win = game_pnl > 0 (decisive only),COMPATIBILITY_ONLY_NOT_PRODUCTION,1369.5616,1219.1650,-61.8269,284,279,0.04514357,,0.04514357,0.04514357,61.8269,1369.5616,OK,0.0000,-2.4731,4.0000,96.0000,AG03-UNRESOLVED,ALL5_LEVELS_bet23_to_bet27,-2.4731,-2.4731,-2.4731,-3.0913,-3.0913,4.000000,4.000000,4.000000,5.000000,5.000000,96.000000,96.000000,96.000000,95.000000,95.000000,5.0,-13.6019,-12.4597,-48.2250,-49.3672,PENDING_AG03,FALSE,NOT_FOR_ENFORCEMENT,-59.3538,1170.3984,-61.8269,-59.3538,-2.4731,-0.04514357,-0.04333783,-2.4731,-59.3538,-0.04333783,-2.4731,-2.4731,-2.4731,-3.0913,-3.0913,-59.3538,-0.04333783,-13.6019,-12.4597,-48.2250,-49.3672,-0.03521198,-0.03604598,-0.00180574,4.8224,4.3698,-0.2216,-20.6090,-0.7826,456.5205,93.0000,,4.8224,4.1543,4.1543,5.1098,6.1417,8.1756,8.3557,4.1543,0.0,1.967993,2.011347,1.160824,25,52,3,5,0E-8,-0.04514357,,0E-8,0.000000,0.890186,0.000000,,2026-06-23,2026-07-05,3,79,58,13,0.230769,,,0.000000,,,,,,,,GLOBAL_BASELINE_NO_ENTITY_RANKING,,,NOT_APPLICABLE_GLOBAL_BASELINE,HF9g-P5,,,,X 全窗基线 · 不参与实体赏罚,3925094,393,A168_HF9F_20260827_0900,2026-08-27 09:00:00
2026-06-23,151940610,2251,0,31.1571775755,26.0681719047,26.0681719047,1.0000000,8,8,0.50162375000000000,0.501623750000,2.6371731398704275,2.6371731398704275,2.6371731398704275,0E-17,ELIGIBLE,R03b_20260811_FULL_v1,L1_ELIGIBILITY,v2026-08-11,2026-03-21..2026-08-06,baccarat_bet02_101_all_pairs_incl_sentinel,round_win = game_pnl > 0 (decisive only),COMPATIBILITY_ONLY_NOT_PRODUCTION,1369.5616,1219.1650,-61.8269,284,279,0.04514357,,0.04514357,0.04514357,61.8269,1369.5616,OK,0.0000,-2.4731,4.0000,96.0000,AG03-UNRESOLVED,ALL5_LEVELS_bet23_to_bet27,-2.4731,-2.4731,-2.4731,-3.0913,-3.0913,4.000000,4.000000,4.000000,5.000000,5.000000,96.000000,96.000000,96.000000,95.000000,95.000000,5.0,-13.6019,-12.4597,-48.2250,-49.3672,PENDING_AG03,FALSE,NOT_FOR_ENFORCEMENT,-59.3538,1170.3984,-61.8269,-59.3538,-2.4731,-0.04514357,-0.04333783,-2.4731,-59.3538,-0.04333783,-2.4731,-2.4731,-2.4731,-3.0913,-3.0913,-59.3538,-0.04333783,-13.6019,-12.4597,-48.2250,-49.3672,-0.03521198,-0.03604598,-0.00180574,4.8224,4.3698,-0.2216,-20.6090,-0.7826,456.5205,93.0000,,4.8224,4.1543,4.1543,5.1098,6.1417,8.1756,8.3557,4.1543,0.0,1.967993,2.011347,1.160824,25,52,3,5,0E-8,-0.04514357,,0E-8,0.000000,0.890186,0.000000,,2026-06-23,2026-07-05,3,79,58,13,0.230769,,,0.000000,,,,,,,,GLOBAL_BASELINE_NO_ENTITY_RANKING,,,NOT_APPLICABLE_GLOBAL_BASELINE,HF9g-P5,,,,X 全窗基线 · 不参与实体赏罚,3925095,393,A168_HF9F_20260827_0900,2026-08-27 09:00:00
2026-06-23,151940610,2280,0,16.6171613736,8.1008661696,8.1008661696,0.7500000,4,4,0.49659680000000000,0.496596800000,1.0136362796769356,1.0136362796769358,1.0136362796769356,0E-17,ELIGIBLE,R03b_20260811_FULL_v1,L1_ELIGIBILITY,v2026-08-11,2026-03-21..2026-08-06,baccarat_bet02_101_all_pairs_incl_sentinel,round_win = game_pnl > 0 (decisive only),COMPATIBILITY_ONLY_NOT_PRODUCTION,1369.5616,1219.1650,-61.8269,284,279,0.04514357,,0.04514357,0.04514357,61.8269,1369.5616,OK,0.0000,-2.4731,4.0000,96.0000,AG03-UNRESOLVED,ALL5_LEVELS_bet23_to_bet27,-2.4731,-2.4731,-2.4731,-3.0913,-3.0913,4.000000,4.000000,4.000000,5.000000,5.000000,96.000000,96.000000,96.000000,95.000000,95.000000,5.0,-13.6019,-12.4597,-48.2250,-49.3672,PENDING_AG03,FALSE,NOT_FOR_ENFORCEMENT,-59.3538,1170.3984,-61.8269,-59.3538,-2.4731,-0.04514357,-0.04333783,-2.4731,-59.3538,-0.04333783,-2.4731,-2.4731,-2.4731,-3.0913,-3.0913,-59.3538,-0.04333783,-13.6019,-12.4597,-48.2250,-49.3672,-0.03521198,-0.03604598,-0.00180574,4.8224,4.3698,-0.2216,-20.6090,-0.7826,456.5205,93.0000,,4.8224,4.1543,4.1543,5.1098,6.1417,8.1756,8.3557,4.1543,0.0,1.967993,2.011347,1.160824,25,52,3,5,0E-8,-0.04514357,,0E-8,0.000000,0.890186,0.000000,,2026-06-23,2026-07-05,3,79,58,13,0.230769,,,0.000000,,,,,,,,GLOBAL_BASELINE_NO_ENTITY_RANKING,,,NOT_APPLICABLE_GLOBAL_BASELINE,HF9g-P5,,,,X 全窗基线 · 不参与实体赏罚,3925096,393,A168_HF9F_20260827_0900,2026-08-27 09:00:00
2026-06-23,151940610,462,0,8.3085806868,-4.1542903434,-4.1542903434,0E-7,2,2,0.49994810000000000,0.499948100000,-0.9998962053866608,-0.9998962053866608,-0.9998962053866608,0E-17,ELIGIBLE,R03b_20260811_FULL_v1,L1_ELIGIBILITY,v2026-08-11,2026-03-21..2026-08-06,baccarat_bet02_101_all_pairs_incl_sentinel,round_win = game_pnl > 0 (decisive only),COMPATIBILITY_ONLY_NOT_PRODUCTION,1369.5616,1219.1650,-61.8269,284,279,0.04514357,,0.04514357,0.04514357,61.8269,1369.5616,OK,0.0000,-2.4731,4.0000,96.0000,AG03-UNRESOLVED,ALL5_LEVELS_bet23_to_bet27,-2.4731,-2.4731,-2.4731,-3.0913,-3.0913,4.000000,4.000000,4.000000,5.000000,5.000000,96.000000,96.000000,96.000000,95.000000,95.000000,5.0,-13.6019,-12.4597,-48.2250,-49.3672,PENDING_AG03,FALSE,NOT_FOR_ENFORCEMENT,-59.3538,1170.3984,-61.8269,-59.3538,-2.4731,-0.04514357,-0.04333783,-2.4731,-59.3538,-0.04333783,-2.4731,-2.4731,-2.4731,-3.0913,-3.0913,-59.3538,-0.04333783,-13.6019,-12.4597,-48.2250,-49.3672,-0.03521198,-0.03604598,-0.00180574,4.8224,4.3698,-0.2216,-20.6090,-0.7826,456.5205,93.0000,,4.8224,4.1543,4.1543,5.1098,6.1417,8.1756,8.3557,4.1543,0.0,1.967993,2.011347,1.160824,25,52,3,5,0E-8,-0.04514357,,0E-8,0.000000,0.890186,0.000000,,2026-06-23,2026-07-05,3,79,58,13,0.230769,,,0.000000,,,,,,,,GLOBAL_BASELINE_NO_ENTITY_RANKING,,,NOT_APPLICABLE_GLOBAL_BASELINE,HF9g-P5,,,,X 全窗基线 · 不参与实体赏罚,3925097,393,A168_HF9F_20260827_0900,2026-08-27 09:00:00
2026-06-23,151940610,583,0,21.6023097856,8.1008661696,8.1008661696,0.7500000,5,5,0.49592654000000000,0.495926540000,1.0163275685615971,1.0163275685615971,1.0163275685615971,0E-17,ELIGIBLE,R03b_20260811_FULL_v1,L1_ELIGIBILITY,v2026-08-11,2026-03-21..2026-08-06,baccarat_bet02_101_all_pairs_incl_sentinel,round_win = game_pnl > 0 (decisive only),COMPATIBILITY_ONLY_NOT_PRODUCTION,1369.5616,1219.1650,-61.8269,284,279,0.04514357,,0.04514357,0.04514357,61.8269,1369.5616,OK,0.0000,-2.4731,4.0000,96.0000,AG03-UNRESOLVED,ALL5_LEVELS_bet23_to_bet27,-2.4731,-2.4731,-2.4731,-3.0913,-3.0913,4.000000,4.000000,4.000000,5.000000,5.000000,96.000000,96.000000,96.000000,95.000000,95.000000,5.0,-13.6019,-12.4597,-48.2250,-49.3672,PENDING_AG03,FALSE,NOT_FOR_ENFORCEMENT,-59.3538,1170.3984,-61.8269,-59.3538,-2.4731,-0.04514357,-0.04333783,-2.4731,-59.3538,-0.04333783,-2.4731,-2.4731,-2.4731,-3.0913,-3.0913,-59.3538,-0.04333783,-13.6019,-12.4597,-48.2250,-49.3672,-0.03521198,-0.03604598,-0.00180574,4.8224,4.3698,-0.2216,-20.6090,-0.7826,456.5205,93.0000,,4.8224,4.1543,4.1543,5.1098,6.1417,8.1756,8.3557,4.1543,0.0,1.967993,2.011347,1.160824,25,52,3,5,0E-8,-0.04514357,,0E-8,0.000000,0.890186,0.000000,,2026-06-23,2026-07-05,3,79,58,13,0.230769,,,0.000000,,,,,,,,GLOBAL_BASELINE_NO_ENTITY_RANKING,,,NOT_APPLICABLE_GLOBAL_BASELINE,HF9g-P5,,,,X 全窗基线 · 不参与实体赏罚,3925098,393,A168_HF9F_20260827_0900,2026-08-27 09:00:00
2026-06-23,151940610,970,0,12.4628710302,4.1542903434,4.1542903434,0.6666667,3,3,0.49324550000000000,0.493245500000,0.6008033672792107,0.6008033672792106,0.6008033672792107,0E-17,ELIGIBLE,R03b_20260811_FULL_v1,L1_ELIGIBILITY,v2026-08-11,2026-03-21..2026-08-06,baccarat_bet02_101_all_pairs_incl_sentinel,round_win = game_pnl > 0 (decisive only),COMPATIBILITY_ONLY_NOT_PRODUCTION,1369.5616,1219.1650,-61.8269,284,279,0.04514357,,0.04514357,0.04514357,61.8269,1369.5616,OK,0.0000,-2.4731,4.0000,96.0000,AG03-UNRESOLVED,ALL5_LEVELS_bet23_to_bet27,-2.4731,-2.4731,-2.4731,-3.0913,-3.0913,4.000000,4.000000,4.000000,5.000000,5.000000,96.000000,96.000000,96.000000,95.000000,95.000000,5.0,-13.6019,-12.4597,-48.2250,-49.3672,PENDING_AG03,FALSE,NOT_FOR_ENFORCEMENT,-59.3538,1170.3984,-61.8269,-59.3538,-2.4731,-0.04514357,-0.04333783,-2.4731,-59.3538,-0.04333783,-2.4731,-2.4731,-2.4731,-3.0913,-3.0913,-59.3538,-0.04333783,-13.6019,-12.4597,-48.2250,-49.3672,-0.03521198,-0.03604598,-0.00180574,4.8224,4.3698,-0.2216,-20.6090,-0.7826,456.5205,93.0000,,4.8224,4.1543,4.1543,5.1098,6.1417,8.1756,8.3557,4.1543,0.0,1.967993,2.011347,1.160824,25,52,3,5,0E-8,-0.04514357,,0E-8,0.000000,0.890186,0.000000,,2026-06-23,2026-07-05,3,79,58,13,0.230769,,,0.000000,,,,,,,,GLOBAL_BASELINE_NO_ENTITY_RANKING,,,NOT_APPLICABLE_GLOBAL_BASELINE,HF9g-P5,,,,X 全窗基线 · 不参与实体赏罚,3925099,393,A168_HF9F_20260827_0900,2026-08-27 09:00:00
2026-07-03,151940610,-1,1,41.2868413522,-11.8546376160,-11.8546376160,0.3750000,8,8,0.49659680000000000,0.496596800000,-0.6878713085241178,-0.6878713085241179,-0.6878713085241178,0E-17,SENTINEL_DEALER,R03b_20260811_FULL_v1,L1_ELIGIBILITY,v2026-08-11,2026-03-21..2026-08-06,baccarat_bet02_101_all_pairs_incl_sentinel,round_win = game_pnl > 0 (decisive only),COMPATIBILITY_ONLY_NOT_PRODUCTION,1369.5616,1219.1650,-61.8269,284,279,0.04514357,,0.04514357,0.04514357,61.8269,1369.5616,OK,0.0000,-2.4731,4.0000,96.0000,AG03-UNRESOLVED,ALL5_LEVELS_bet23_to_bet27,-2.4731,-2.4731,-2.4731,-3.0913,-3.0913,4.000000,4.000000,4.000000,5.000000,5.000000,96.000000,96.000000,96.000000,95.000000,95.000000,5.0,-13.6019,-12.4597,-48.2250,-49.3672,PENDING_AG03,FALSE,NOT_FOR_ENFORCEMENT,-59.3538,1170.3984,-61.8269,-59.3538,-2.4731,-0.04514357,-0.04333783,-2.4731,-59.3538,-0.04333783,-2.4731,-2.4731,-2.4731,-3.0913,-3.0913,-59.3538,-0.04333783,-13.6019,-12.4597,-48.2250,-49.3672,-0.03521198,-0.03604598,-0.00180574,4.8224,4.3698,-0.2216,-20.6090,-0.7826,456.5205,93.0000,,4.8224,4.1543,4.1543,5.1098,6.1417,8.1756,8.3557,4.1543,0.0,1.967993,2.011347,1.160824,25,52,3,5,0E-8,-0.04514357,,0E-8,0.000000,0.890186,0.000000,,2026-06-23,2026-07-05,3,79,58,13,0.230769,,,0.000000,,,,,,,,GLOBAL_BASELINE_NO_ENTITY_RANKING,,,NOT_APPLICABLE_GLOBAL_BASELINE,HF9g-P5,,,,X 全窗基线 · 不参与实体赏罚,3925100,393,A168_HF9F_20260827_0900,2026-08-27 09:00:00
2026-07-03,151940610,1094,0,44.5570862119,9.0953685156,9.0953685156,0.6250000,9,9,0.49771390000000000,0.497713900000,0.7200464420157047,0.7200464420157048,0.7200464420157047,0E-17,ELIGIBLE,R03b_20260811_FULL_v1,L1_ELIGIBILITY,v2026-08-11,2026-03-21..2026-08-06,baccarat_bet02_101_all_pairs_incl_sentinel,round_win = game_pnl > 0 (decisive only),COMPATIBILITY_ONLY_NOT_PRODUCTION,1369.5616,1219.1650,-61.8269,284,279,0.04514357,,0.04514357,0.04514357,61.8269,1369.5616,OK,0.0000,-2.4731,4.0000,96.0000,AG03-UNRESOLVED,ALL5_LEVELS_bet23_to_bet27,-2.4731,-2.4731,-2.4731,-3.0913,-3.0913,4.000000,4.000000,4.000000,5.000000,5.000000,96.000000,96.000000,96.000000,95.000000,95.000000,5.0,-13.6019,-12.4597,-48.2250,-49.3672,PENDING_AG03,FALSE,NOT_FOR_ENFORCEMENT,-59.3538,1170.3984,-61.8269,-59.3538,-2.4731,-0.04514357,-0.04333783,-2.4731,-59.3538,-0.04333783,-2.4731,-2.4731,-2.4731,-3.0913,-3.0913,-59.3538,-0.04333783,-13.6019,-12.4597,-48.2250,-49.3672,-0.03521198,-0.03604598,-0.00180574,4.8224,4.3698,-0.2216,-20.6090,-0.7826,456.5205,93.0000,,4.8224,4.1543,4.1543,5.1098,6.1417,8.1756,8.3557,4.1543,0.0,1.967993,2.011347,1.160824,25,52,3,5,0E-8,-0.04514357,,0E-8,0.000000,0.890186,0.000000,,2026-06-23,2026-07-05,3,79,58,13,0.230769,,,0.000000,,,,,,,,GLOBAL_BASELINE_NO_ENTITY_RANKING,,,NOT_APPLICABLE_GLOBAL_BASELINE,HF9g-P5,,,,X 全窗基线 · 不参与实体赏罚,3925101,393,A168_HF9F_20260827_0900,2026-08-27 09:00:00
2026-07-03,151940610,1299,0,15.3292727793,-5.1097575931,-5.1097575931,0.3333333,3,3,0.49324550000000000,0.493245500000,-0.5540025479526107,-0.5540025479526106,-0.5540025479526107,0E-17,ELIGIBLE,R03b_20260811_FULL_v1,L1_ELIGIBILITY,v2026-08-11,2026-03-21..2026-08-06,baccarat_bet02_101_all_pairs_incl_sentinel,round_win = game_pnl > 0 (decisive only),COMPATIBILITY_ONLY_NOT_PRODUCTION,1369.5616,1219.1650,-61.8269,284,279,0.04514357,,0.04514357,0.04514357,61.8269,1369.5616,OK,0.0000,-2.4731,4.0000,96.0000,AG03-UNRESOLVED,ALL5_LEVELS_bet23_to_bet27,-2.4731,-2.4731,-2.4731,-3.0913,-3.0913,4.000000,4.000000,4.000000,5.000000,5.000000,96.000000,96.000000,96.000000,95.000000,95.000000,5.0,-13.6019,-12.4597,-48.2250,-49.3672,PENDING_AG03,FALSE,NOT_FOR_ENFORCEMENT,-59.3538,1170.3984,-61.8269,-59.3538,-2.4731,-0.04514357,-0.04333783,-2.4731,-59.3538,-0.04333783,-2.4731,-2.4731,-2.4731,-3.0913,-3.0913,-59.3538,-0.04333783,-13.6019,-12.4597,-48.2250,-49.3672,-0.03521198,-0.03604598,-0.00180574,4.8224,4.3698,-0.2216,-20.6090,-0.7826,456.5205,93.0000,,4.8224,4.1543,4.1543,5.1098,6.1417,8.1756,8.3557,4.1543,0.0,1.967993,2.011347,1.160824,25,52,3,5,0E-8,-0.04514357,,0E-8,0.000000,0.890186,0.000000,,2026-06-23,2026-07-05,3,79,58,13,0.230769,,,0.000000,,,,,,,,GLOBAL_BASELINE_NO_ENTITY_RANKING,,,NOT_APPLICABLE_GLOBAL_BASELINE,HF9g-P5,,,,X 全窗基线 · 不参与实体赏罚,3925102,393,A168_HF9F_20260827_0900,2026-08-27 09:00:00
2026-07-03,151940610,1331,0,25.5487879655,4.8542697134,4.8542697134,0.6000000,5,5,0.49860758000000000,0.498607580000,0.4534424453485946,0.4534424453485946,0.4534424453485946,0E-17,ELIGIBLE,R03b_20260811_FULL_v1,L1_ELIGIBILITY,v2026-08-11,2026-03-21..2026-08-06,baccarat_bet02_101_all_pairs_incl_sentinel,round_win = game_pnl > 0 (decisive only),COMPATIBILITY_ONLY_NOT_PRODUCTION,1369.5616,1219.1650,-61.8269,284,279,0.04514357,,0.04514357,0.04514357,61.8269,1369.5616,OK,0.0000,-2.4731,4.0000,96.0000,AG03-UNRESOLVED,ALL5_LEVELS_bet23_to_bet27,-2.4731,-2.4731,-2.4731,-3.0913,-3.0913,4.000000,4.000000,4.000000,5.000000,5.000000,96.000000,96.000000,96.000000,95.000000,95.000000,5.0,-13.6019,-12.4597,-48.2250,-49.3672,PENDING_AG03,FALSE,NOT_FOR_ENFORCEMENT,-59.3538,1170.3984,-61.8269,-59.3538,-2.4731,-0.04514357,-0.04333783,-2.4731,-59.3538,-0.04333783,-2.4731,-2.4731,-2.4731,-3.0913,-3.0913,-59.3538,-0.04333783,-13.6019,-12.4597,-48.2250,-49.3672,-0.03521198,-0.03604598,-0.00180574,4.8224,4.3698,-0.2216,-20.6090,-0.7826,456.5205,93.0000,,4.8224,4.1543,4.1543,5.1098,6.1417,8.1756,8.3557,4.1543,0.0,1.967993,2.011347,1.160824,25,52,3,5,0E-8,-0.04514357,,0E-8,0.000000,0.890186,0.000000,,2026-06-23,2026-07-05,3,79,58,13,0.230769,,,0.000000,,,,,,,,GLOBAL_BASELINE_NO_ENTITY_RANKING,,,NOT_APPLICABLE_GLOBAL_BASELINE,HF9g-P5,,,,X 全窗基线 · 不参与实体赏罚,3925103,393,A168_HF9F_20260827_0900,2026-08-27 09:00:00
2026-07-03,151940610,1399,0,4.0878060745,-4.0878060745,-4.0878060745,0E-7,1,1,0.50665070000000000,0.506650700000,-1.013391052207602,-1.013391052207602,-1.013391052207602,0E-17,ELIGIBLE,R03b_20260811_FULL_v1,L1_ELIGIBILITY,v2026-08-11,2026-03-21..2026-08-06,baccarat_bet02_101_all_pairs_incl_sentinel,round_win = game_pnl > 0 (decisive only),COMPATIBILITY_ONLY_NOT_PRODUCTION,1369.5616,1219.1650,-61.8269,284,279,0.04514357,,0.04514357,0.04514357,61.8269,1369.5616,OK,0.0000,-2.4731,4.0000,96.0000,AG03-UNRESOLVED,ALL5_LEVELS_bet23_to_bet27,-2.4731,-2.4731,-2.4731,-3.0913,-3.0913,4.000000,4.000000,4.000000,5.000000,5.000000,96.000000,96.000000,96.000000,95.000000,95.000000,5.0,-13.6019,-12.4597,-48.2250,-49.3672,PENDING_AG03,FALSE,NOT_FOR_ENFORCEMENT,-59.3538,1170.3984,-61.8269,-59.3538,-2.4731,-0.04514357,-0.04333783,-2.4731,-59.3538,-0.04333783,-2.4731,-2.4731,-2.4731,-3.0913,-3.0913,-59.3538,-0.04333783,-13.6019,-12.4597,-48.2250,-49.3672,-0.03521198,-0.03604598,-0.00180574,4.8224,4.3698,-0.2216,-20.6090,-0.7826,456.5205,93.0000,,4.8224,4.1543,4.1543,5.1098,6.1417,8.1756,8.3557,4.1543,0.0,1.967993,2.011347,1.160824,25,52,3,5,0E-8,-0.04514357,,0E-8,0.000000,0.890186,0.000000,,2026-06-23,2026-07-05,3,79,58,13,0.230769,,,0.000000,,,,,,,,GLOBAL_BASELINE_NO_ENTITY_RANKING,,,NOT_APPLICABLE_GLOBAL_BASELINE,HF9g-P5,,,,X 全窗基线 · 不参与实体赏罚,3925104,393,A168_HF9F_20260827_0900,2026-08-27 09:00:00
2026-07-03,151940610,1402,0,10.2195151862,-10.2195151862,-10.2195151862,0E-7,2,2,0.49994810000000000,0.499948100000,-1.4140667746232096,-1.4140667746232096,-1.4140667746232096,0E-17,ELIGIBLE,R03b_20260811_FULL_v1,L1_ELIGIBILITY,v2026-08-11,2026-03-21..2026-08-06,baccarat_bet02_101_all_pairs_incl_sentinel,round_win = game_pnl > 0 (decisive only),COMPATIBILITY_ONLY_NOT_PRODUCTION,1369.5616,1219.1650,-61.8269,284,279,0.04514357,,0.04514357,0.04514357,61.8269,1369.5616,OK,0.0000,-2.4731,4.0000,96.0000,AG03-UNRESOLVED,ALL5_LEVELS_bet23_to_bet27,-2.4731,-2.4731,-2.4731,-3.0913,-3.0913,4.000000,4.000000,4.000000,5.000000,5.000000,96.000000,96.000000,96.000000,95.000000,95.000000,5.0,-13.6019,-12.4597,-48.2250,-49.3672,PENDING_AG03,FALSE,NOT_FOR_ENFORCEMENT,-59.3538,1170.3984,-61.8269,-59.3538,-2.4731,-0.04514357,-0.04333783,-2.4731,-59.3538,-0.04333783,-2.4731,-2.4731,-2.4731,-3.0913,-3.0913,-59.3538,-0.04333783,-13.6019,-12.4597,-48.2250,-49.3672,-0.03521198,-0.03604598,-0.00180574,4.8224,4.3698,-0.2216,-20.6090,-0.7826,456.5205,93.0000,,4.8224,4.1543,4.1543,5.1098,6.1417,8.1756,8.3557,4.1543,0.0,1.967993,2.011347,1.160824,25,52,3,5,0E-8,-0.04514357,,0E-8,0.000000,0.890186,0.000000,,2026-06-23,2026-07-05,3,79,58,13,0.230769,,,0.000000,,,,,,,,GLOBAL_BASELINE_NO_ENTITY_RANKING,,,NOT_APPLICABLE_GLOBAL_BASELINE,HF9g-P5,,,,X 全窗基线 · 不参与实体赏罚,3925105,393,A168_HF9F_20260827_0900,2026-08-27 09:00:00
2026-07-03,151940610,1405,0,56.0029432204,18.9674201854,18.9674201854,0.7000000,11,11,0.50055742727272727,0.500557427273,1.2613863683331403,1.2613863683314164,1.2613863683331403,-2.7273E-13,ELIGIBLE,R03b_20260811_FULL_v1,L1_ELIGIBILITY,v2026-08-11,2026-03-21..2026-08-06,baccarat_bet02_101_all_pairs_incl_sentinel,round_win = game_pnl > 0 (decisive only),COMPATIBILITY_ONLY_NOT_PRODUCTION,1369.5616,1219.1650,-61.8269,284,279,0.04514357,,0.04514357,0.04514357,61.8269,1369.5616,OK,0.0000,-2.4731,4.0000,96.0000,AG03-UNRESOLVED,ALL5_LEVELS_bet23_to_bet27,-2.4731,-2.4731,-2.4731,-3.0913,-3.0913,4.000000,4.000000,4.000000,5.000000,5.000000,96.000000,96.000000,96.000000,95.000000,95.000000,5.0,-13.6019,-12.4597,-48.2250,-49.3672,PENDING_AG03,FALSE,NOT_FOR_ENFORCEMENT,-59.3538,1170.3984,-61.8269,-59.3538,-2.4731,-0.04514357,-0.04333783,-2.4731,-59.3538,-0.04333783,-2.4731,-2.4731,-2.4731,-3.0913,-3.0913,-59.3538,-0.04333783,-13.6019,-12.4597,-48.2250,-49.3672,-0.03521198,-0.03604598,-0.00180574,4.8224,4.3698,-0.2216,-20.6090,-0.7826,456.5205,93.0000,,4.8224,4.1543,4.1543,5.1098,6.1417,8.1756,8.3557,4.1543,0.0,1.967993,2.011347,1.160824,25,52,3,5,0E-8,-0.04514357,,0E-8,0.000000,0.890186,0.000000,,2026-06-23,2026-07-05,3,79,58,13,0.230769,,,0.000000,,,,,,,,GLOBAL_BASELINE_NO_ENTITY_RANKING,,,NOT_APPLICABLE_GLOBAL_BASELINE,HF9g-P5,,,,X 全窗基线 · 不参与实体赏罚,3925106,393,A168_HF9F_20260827_0900,2026-08-27 09:00:00
2026-07-03,151940610,1509,0,44.5570862118,1.1752442464,1.1752442464,0.5714286,8,8,0.49492115000000000,0.494921150000,0.40486010814450674,0.40486010814450674,0.40486010814450674,0E-17,ELIGIBLE,R03b_20260811_FULL_v1,L1_ELIGIBILITY,v2026-08-11,2026-03-21..2026-08-06,baccarat_bet02_101_all_pairs_incl_sentinel,round_win = game_pnl > 0 (decisive only),COMPATIBILITY_ONLY_NOT_PRODUCTION,1369.5616,1219.1650,-61.8269,284,279,0.04514357,,0.04514357,0.04514357,61.8269,1369.5616,OK,0.0000,-2.4731,4.0000,96.0000,AG03-UNRESOLVED,ALL5_LEVELS_bet23_to_bet27,-2.4731,-2.4731,-2.4731,-3.0913,-3.0913,4.000000,4.000000,4.000000,5.000000,5.000000,96.000000,96.000000,96.000000,95.000000,95.000000,5.0,-13.6019,-12.4597,-48.2250,-49.3672,PENDING_AG03,FALSE,NOT_FOR_ENFORCEMENT,-59.3538,1170.3984,-61.8269,-59.3538,-2.4731,-0.04514357,-0.04333783,-2.4731,-59.3538,-0.04333783,-2.4731,-2.4731,-2.4731,-3.0913,-3.0913,-59.3538,-0.04333783,-13.6019,-12.4597,-48.2250,-49.3672,-0.03521198,-0.03604598,-0.00180574,4.8224,4.3698,-0.2216,-20.6090,-0.7826,456.5205,93.0000,,4.8224,4.1543,4.1543,5.1098,6.1417,8.1756,8.3557,4.1543,0.0,1.967993,2.011347,1.160824,25,52,3,5,0E-8,-0.04514357,,0E-8,0.000000,0.890186,0.000000,,2026-06-23,2026-07-05,3,79,58,13,0.230769,,,0.000000,,,,,,,,GLOBAL_BASELINE_NO_ENTITY_RANKING,,,NOT_APPLICABLE_GLOBAL_BASELINE,HF9g-P5,,,,X 全窗基线 · 不参与实体赏罚,3925107,393,A168_HF9F_20260827_0900,2026-08-27 09:00:00
2026-07-03,151940610,1710,0,29.8409843437,5.4163430486,5.4163430486,0.6000000,6,6,0.49994810000000000,0.499948100000,0.44744570176651083,0.44744570176651083,0.44744570176651083,0E-17,ELIGIBLE,R03b_20260811_FULL_v1,L1_ELIGIBILITY,v2026-08-11,2026-03-21..2026-08-06,baccarat_bet02_101_all_pairs_incl_sentinel,round_win = game_pnl > 0 (decisive only),COMPATIBILITY_ONLY_NOT_PRODUCTION,1369.5616,1219.1650,-61.8269,284,279,0.04514357,,0.04514357,0.04514357,61.8269,1369.5616,OK,0.0000,-2.4731,4.0000,96.0000,AG03-UNRESOLVED,ALL5_LEVELS_bet23_to_bet27,-2.4731,-2.4731,-2.4731,-3.0913,-3.0913,4.000000,4.000000,4.000000,5.000000,5.000000,96.000000,96.000000,96.000000,95.000000,95.000000,5.0,-13.6019,-12.4597,-48.2250,-49.3672,PENDING_AG03,FALSE,NOT_FOR_ENFORCEMENT,-59.3538,1170.3984,-61.8269,-59.3538,-2.4731,-0.04514357,-0.04333783,-2.4731,-59.3538,-0.04333783,-2.4731,-2.4731,-2.4731,-3.0913,-3.0913,-59.3538,-0.04333783,-13.6019,-12.4597,-48.2250,-49.3672,-0.03521198,-0.03604598,-0.00180574,4.8224,4.3698,-0.2216,-20.6090,-0.7826,456.5205,93.0000,,4.8224,4.1543,4.1543,5.1098,6.1417,8.1756,8.3557,4.1543,0.0,1.967993,2.011347,1.160824,25,52,3,5,0E-8,-0.04514357,,0E-8,0.000000,0.890186,0.000000,,2026-06-23,2026-07-05,3,79,58,13,0.230769,,,0.000000,,,,,,,,GLOBAL_BASELINE_NO_ENTITY_RANKING,,,NOT_APPLICABLE_GLOBAL_BASELINE,HF9g-P5,,,,X 全窗基线 · 不参与实体赏罚,3925108,393,A168_HF9F_20260827_0900,2026-08-27 09:00:00
2026-07-03,151940610,1940,0,25.1400073581,4.4454891060,4.4454891060,0.6000000,5,5,0.49860758000000000,0.498607580000,0.4534424453485946,0.4534424453485946,0.4534424453485946,0E-17,ELIGIBLE,R03b_20260811_FULL_v1,L1_ELIGIBILITY,v2026-08-11,2026-03-21..2026-08-06,baccarat_bet02_101_all_pairs_incl_sentinel,round_win = game_pnl > 0 (decisive only),COMPATIBILITY_ONLY_NOT_PRODUCTION,1369.5616,1219.1650,-61.8269,284,279,0.04514357,,0.04514357,0.04514357,61.8269,1369.5616,OK,0.0000,-2.4731,4.0000,96.0000,AG03-UNRESOLVED,ALL5_LEVELS_bet23_to_bet27,-2.4731,-2.4731,-2.4731,-3.0913,-3.0913,4.000000,4.000000,4.000000,5.000000,5.000000,96.000000,96.000000,96.000000,95.000000,95.000000,5.0,-13.6019,-12.4597,-48.2250,-49.3672,PENDING_AG03,FALSE,NOT_FOR_ENFORCEMENT,-59.3538,1170.3984,-61.8269,-59.3538,-2.4731,-0.04514357,-0.04333783,-2.4731,-59.3538,-0.04333783,-2.4731,-2.4731,-2.4731,-3.0913,-3.0913,-59.3538,-0.04333783,-13.6019,-12.4597,-48.2250,-49.3672,-0.03521198,-0.03604598,-0.00180574,4.8224,4.3698,-0.2216,-20.6090,-0.7826,456.5205,93.0000,,4.8224,4.1543,4.1543,5.1098,6.1417,8.1756,8.3557,4.1543,0.0,1.967993,2.011347,1.160824,25,52,3,5,0E-8,-0.04514357,,0E-8,0.000000,0.890186,0.000000,,2026-06-23,2026-07-05,3,79,58,13,0.230769,,,0.000000,,,,,,,,GLOBAL_BASELINE_NO_ENTITY_RANKING,,,NOT_APPLICABLE_GLOBAL_BASELINE,HF9g-P5,,,,X 全窗基线 · 不参与实体赏罚,3925109,393,A168_HF9F_20260827_0900,2026-08-27 09:00:00
2026-07-03,151940610,1951,0,5.1097575931,5.1097575931,5.1097575931,1.0000000,1,1,0.49324550000000000,0.493245500000,1.01360149184955,1.01360149184955,1.01360149184955,0E-17,ELIGIBLE,R03b_20260811_FULL_v1,L1_ELIGIBILITY,v2026-08-11,2026-03-21..2026-08-06,baccarat_bet02_101_all_pairs_incl_sentinel,round_win = game_pnl > 0 (decisive only),COMPATIBILITY_ONLY_NOT_PRODUCTION,1369.5616,1219.1650,-61.8269,284,279,0.04514357,,0.04514357,0.04514357,61.8269,1369.5616,OK,0.0000,-2.4731,4.0000,96.0000,AG03-UNRESOLVED,ALL5_LEVELS_bet23_to_bet27,-2.4731,-2.4731,-2.4731,-3.0913,-3.0913,4.000000,4.000000,4.000000,5.000000,5.000000,96.000000,96.000000,96.000000,95.000000,95.000000,5.0,-13.6019,-12.4597,-48.2250,-49.3672,PENDING_AG03,FALSE,NOT_FOR_ENFORCEMENT,-59.3538,1170.3984,-61.8269,-59.3538,-2.4731,-0.04514357,-0.04333783,-2.4731,-59.3538,-0.04333783,-2.4731,-2.4731,-2.4731,-3.0913,-3.0913,-59.3538,-0.04333783,-13.6019,-12.4597,-48.2250,-49.3672,-0.03521198,-0.03604598,-0.00180574,4.8224,4.3698,-0.2216,-20.6090,-0.7826,456.5205,93.0000,,4.8224,4.1543,4.1543,5.1098,6.1417,8.1756,8.3557,4.1543,0.0,1.967993,2.011347,1.160824,25,52,3,5,0E-8,-0.04514357,,0E-8,0.000000,0.890186,0.000000,,2026-06-23,2026-07-05,3,79,58,13,0.230769,,,0.000000,,,,,,,,GLOBAL_BASELINE_NO_ENTITY_RANKING,,,NOT_APPLICABLE_GLOBAL_BASELINE,HF9g-P5,,,,X 全窗基线 · 不参与实体赏罚,3925110,393,A168_HF9F_20260827_0900,2026-08-27 09:00:00
2026-07-03,151940610,1957,0,43.9439153007,23.6581776560,23.6581776560,0.7500000,8,8,0.49492115000000000,0.494921150000,1.4430183229979692,1.4430183229979692,1.4430183229979692,0E-17,ELIGIBLE,R03b_20260811_FULL_v1,L1_ELIGIBILITY,v2026-08-11,2026-03-21..2026-08-06,baccarat_bet02_101_all_pairs_incl_sentinel,round_win = game_pnl > 0 (decisive only),COMPATIBILITY_ONLY_NOT_PRODUCTION,1369.5616,1219.1650,-61.8269,284,279,0.04514357,,0.04514357,0.04514357,61.8269,1369.5616,OK,0.0000,-2.4731,4.0000,96.0000,AG03-UNRESOLVED,ALL5_LEVELS_bet23_to_bet27,-2.4731,-2.4731,-2.4731,-3.0913,-3.0913,4.000000,4.000000,4.000000,5.000000,5.000000,96.000000,96.000000,96.000000,95.000000,95.000000,5.0,-13.6019,-12.4597,-48.2250,-49.3672,PENDING_AG03,FALSE,NOT_FOR_ENFORCEMENT,-59.3538,1170.3984,-61.8269,-59.3538,-2.4731,-0.04514357,-0.04333783,-2.4731,-59.3538,-0.04333783,-2.4731,-2.4731,-2.4731,-3.0913,-3.0913,-59.3538,-0.04333783,-13.6019,-12.4597,-48.2250,-49.3672,-0.03521198,-0.03604598,-0.00180574,4.8224,4.3698,-0.2216,-20.6090,-0.7826,456.5205,93.0000,,4.8224,4.1543,4.1543,5.1098,6.1417,8.1756,8.3557,4.1543,0.0,1.967993,2.011347,1.160824,25,52,3,5,0E-8,-0.04514357,,0E-8,0.000000,0.890186,0.000000,,2026-06-23,2026-07-05,3,79,58,13,0.230769,,,0.000000,,,,,,,,GLOBAL_BASELINE_NO_ENTITY_RANKING,,,NOT_APPLICABLE_GLOBAL_BASELINE,HF9g-P5,,,,X 全窗基线 · 不参与实体赏罚,3925111,393,A168_HF9F_20260827_0900,2026-08-27 09:00:00
2026-07-03,151940610,1985,0,31.6804970772,5.8762212320,5.8762212320,0.6000000,6,6,0.49771390000000000,0.497713900000,0.4574421269484404,0.45744212694844033,0.4574421269484404,0E-17,ELIGIBLE,R03b_20260811_FULL_v1,L1_ELIGIBILITY,v2026-08-11,2026-03-21..2026-08-06,baccarat_bet02_101_all_pairs_incl_sentinel,round_win = game_pnl > 0 (decisive only),COMPATIBILITY_ONLY_NOT_PRODUCTION,1369.5616,1219.1650,-61.8269,284,279,0.04514357,,0.04514357,0.04514357,61.8269,1369.5616,OK,0.0000,-2.4731,4.0000,96.0000,AG03-UNRESOLVED,ALL5_LEVELS_bet23_to_bet27,-2.4731,-2.4731,-2.4731,-3.0913,-3.0913,4.000000,4.000000,4.000000,5.000000,5.000000,96.000000,96.000000,96.000000,95.000000,95.000000,5.0,-13.6019,-12.4597,-48.2250,-49.3672,PENDING_AG03,FALSE,NOT_FOR_ENFORCEMENT,-59.3538,1170.3984,-61.8269,-59.3538,-2.4731,-0.04514357,-0.04333783,-2.4731,-59.3538,-0.04333783,-2.4731,-2.4731,-2.4731,-3.0913,-3.0913,-59.3538,-0.04333783,-13.6019,-12.4597,-48.2250,-49.3672,-0.03521198,-0.03604598,-0.00180574,4.8224,4.3698,-0.2216,-20.6090,-0.7826,456.5205,93.0000,,4.8224,4.1543,4.1543,5.1098,6.1417,8.1756,8.3557,4.1543,0.0,1.967993,2.011347,1.160824,25,52,3,5,0E-8,-0.04514357,,0E-8,0.000000,0.890186,0.000000,,2026-06-23,2026-07-05,3,79,58,13,0.230769,,,0.000000,,,,,,,,GLOBAL_BASELINE_NO_ENTITY_RANKING,,,NOT_APPLICABLE_GLOBAL_BASELINE,HF9g-P5,,,,X 全窗基线 · 不参与实体赏罚,3925112,393,A168_HF9F_20260827_0900,2026-08-27 09:00:00
2026-07-03,151940610,2145,0,5.1097575931,-5.1097575931,-5.1097575931,0E-7,1,1,0.49324550000000000,0.493245500000,-0.9865810262130424,-0.9865810262130424,-0.9865810262130424,0E-17,ELIGIBLE,R03b_20260811_FULL_v1,L1_ELIGIBILITY,v2026-08-11,2026-03-21..2026-08-06,baccarat_bet02_101_all_pairs_incl_sentinel,round_win = game_pnl > 0 (decisive only),COMPATIBILITY_ONLY_NOT_PRODUCTION,1369.5616,1219.1650,-61.8269,284,279,0.04514357,,0.04514357,0.04514357,61.8269,1369.5616,OK,0.0000,-2.4731,4.0000,96.0000,AG03-UNRESOLVED,ALL5_LEVELS_bet23_to_bet27,-2.4731,-2.4731,-2.4731,-3.0913,-3.0913,4.000000,4.000000,4.000000,5.000000,5.000000,96.000000,96.000000,96.000000,95.000000,95.000000,5.0,-13.6019,-12.4597,-48.2250,-49.3672,PENDING_AG03,FALSE,NOT_FOR_ENFORCEMENT,-59.3538,1170.3984,-61.8269,-59.3538,-2.4731,-0.04514357,-0.04333783,-2.4731,-59.3538,-0.04333783,-2.4731,-2.4731,-2.4731,-3.0913,-3.0913,-59.3538,-0.04333783,-13.6019,-12.4597,-48.2250,-49.3672,-0.03521198,-0.03604598,-0.00180574,4.8224,4.3698,-0.2216,-20.6090,-0.7826,456.5205,93.0000,,4.8224,4.1543,4.1543,5.1098,6.1417,8.1756,8.3557,4.1543,0.0,1.967993,2.011347,1.160824,25,52,3,5,0E-8,-0.04514357,,0E-8,0.000000,0.890186,0.000000,,2026-06-23,2026-07-05,3,79,58,13,0.230769,,,0.000000,,,,,,,,GLOBAL_BASELINE_NO_ENTITY_RANKING,,,NOT_APPLICABLE_GLOBAL_BASELINE,HF9g-P5,,,,X 全窗基线 · 不参与实体赏罚,3925113,393,A168_HF9F_20260827_0900,2026-08-27 09:00:00
2026-07-03,151940610,2216,0,10.2195151862,-5.1097575931,-5.1097575931,0E-7,2,2,0.49994810000000000,0.499948100000,-0.9998962053866608,-0.9998962053866608,-0.9998962053866608,0E-17,ELIGIBLE,R03b_20260811_FULL_v1,L1_ELIGIBILITY,v2026-08-11,2026-03-21..2026-08-06,baccarat_bet02_101_all_pairs_incl_sentinel,round_win = game_pnl > 0 (decisive only),COMPATIBILITY_ONLY_NOT_PRODUCTION,1369.5616,1219.1650,-61.8269,284,279,0.04514357,,0.04514357,0.04514357,61.8269,1369.5616,OK,0.0000,-2.4731,4.0000,96.0000,AG03-UNRESOLVED,ALL5_LEVELS_bet23_to_bet27,-2.4731,-2.4731,-2.4731,-3.0913,-3.0913,4.000000,4.000000,4.000000,5.000000,5.000000,96.000000,96.000000,96.000000,95.000000,95.000000,5.0,-13.6019,-12.4597,-48.2250,-49.3672,PENDING_AG03,FALSE,NOT_FOR_ENFORCEMENT,-59.3538,1170.3984,-61.8269,-59.3538,-2.4731,-0.04514357,-0.04333783,-2.4731,-59.3538,-0.04333783,-2.4731,-2.4731,-2.4731,-3.0913,-3.0913,-59.3538,-0.04333783,-13.6019,-12.4597,-48.2250,-49.3672,-0.03521198,-0.03604598,-0.00180574,4.8224,4.3698,-0.2216,-20.6090,-0.7826,456.5205,93.0000,,4.8224,4.1543,4.1543,5.1098,6.1417,8.1756,8.3557,4.1543,0.0,1.967993,2.011347,1.160824,25,52,3,5,0E-8,-0.04514357,,0E-8,0.000000,0.890186,0.000000,,2026-06-23,2026-07-05,3,79,58,13,0.230769,,,0.000000,,,,,,,,GLOBAL_BASELINE_NO_ENTITY_RANKING,,,NOT_APPLICABLE_GLOBAL_BASELINE,HF9g-P5,,,,X 全窗基线 · 不参与实体赏罚,3925114,393,A168_HF9F_20260827_0900,2026-08-27 09:00:00
2026-07-03,151940610,2241,0,10.2195151862,5.1097575931,5.1097575931,1.0000000,2,2,0.49324550000000000,0.493245500000,1.01360149184955,1.01360149184955,1.01360149184955,0E-17,ELIGIBLE,R03b_20260811_FULL_v1,L1_ELIGIBILITY,v2026-08-11,2026-03-21..2026-08-06,baccarat_bet02_101_all_pairs_incl_sentinel,round_win = game_pnl > 0 (decisive only),COMPATIBILITY_ONLY_NOT_PRODUCTION,1369.5616,1219.1650,-61.8269,284,279,0.04514357,,0.04514357,0.04514357,61.8269,1369.5616,OK,0.0000,-2.4731,4.0000,96.0000,AG03-UNRESOLVED,ALL5_LEVELS_bet23_to_bet27,-2.4731,-2.4731,-2.4731,-3.0913,-3.0913,4.000000,4.000000,4.000000,5.000000,5.000000,96.000000,96.000000,96.000000,95.000000,95.000000,5.0,-13.6019,-12.4597,-48.2250,-49.3672,PENDING_AG03,FALSE,NOT_FOR_ENFORCEMENT,-59.3538,1170.3984,-61.8269,-59.3538,-2.4731,-0.04514357,-0.04333783,-2.4731,-59.3538,-0.04333783,-2.4731,-2.4731,-2.4731,-3.0913,-3.0913,-59.3538,-0.04333783,-13.6019,-12.4597,-48.2250,-49.3672,-0.03521198,-0.03604598,-0.00180574,4.8224,4.3698,-0.2216,-20.6090,-0.7826,456.5205,93.0000,,4.8224,4.1543,4.1543,5.1098,6.1417,8.1756,8.3557,4.1543,0.0,1.967993,2.011347,1.160824,25,52,3,5,0E-8,-0.04514357,,0E-8,0.000000,0.890186,0.000000,,2026-06-23,2026-07-05,3,79,58,13,0.230769,,,0.000000,,,,,,,,GLOBAL_BASELINE_NO_ENTITY_RANKING,,,NOT_APPLICABLE_GLOBAL_BASELINE,HF9g-P5,,,,X 全窗基线 · 不参与实体赏罚,3925115,393,A168_HF9F_20260827_0900,2026-08-27 09:00:00
2026-07-03,151940610,2250,0,10.2195151862,-5.1097575931,-5.1097575931,0E-7,2,2,0.49324550000000000,0.493245500000,-0.9865810262130424,-0.9865810262130424,-0.9865810262130424,0E-17,ELIGIBLE,R03b_20260811_FULL_v1,L1_ELIGIBILITY,v2026-08-11,2026-03-21..2026-08-06,baccarat_bet02_101_all_pairs_incl_sentinel,round_win = game_pnl > 0 (decisive only),COMPATIBILITY_ONLY_NOT_PRODUCTION,1369.5616,1219.1650,-61.8269,284,279,0.04514357,,0.04514357,0.04514357,61.8269,1369.5616,OK,0.0000,-2.4731,4.0000,96.0000,AG03-UNRESOLVED,ALL5_LEVELS_bet23_to_bet27,-2.4731,-2.4731,-2.4731,-3.0913,-3.0913,4.000000,4.000000,4.000000,5.000000,5.000000,96.000000,96.000000,96.000000,95.000000,95.000000,5.0,-13.6019,-12.4597,-48.2250,-49.3672,PENDING_AG03,FALSE,NOT_FOR_ENFORCEMENT,-59.3538,1170.3984,-61.8269,-59.3538,-2.4731,-0.04514357,-0.04333783,-2.4731,-59.3538,-0.04333783,-2.4731,-2.4731,-2.4731,-3.0913,-3.0913,-59.3538,-0.04333783,-13.6019,-12.4597,-48.2250,-49.3672,-0.03521198,-0.03604598,-0.00180574,4.8224,4.3698,-0.2216,-20.6090,-0.7826,456.5205,93.0000,,4.8224,4.1543,4.1543,5.1098,6.1417,8.1756,8.3557,4.1543,0.0,1.967993,2.011347,1.160824,25,52,3,5,0E-8,-0.04514357,,0E-8,0.000000,0.890186,0.000000,,2026-06-23,2026-07-05,3,79,58,13,0.230769,,,0.000000,,,,,,,,GLOBAL_BASELINE_NO_ENTITY_RANKING,,,NOT_APPLICABLE_GLOBAL_BASELINE,HF9g-P5,,,,X 全窗基线 · 不参与实体赏罚,3925116,393,A168_HF9F_20260827_0900,2026-08-27 09:00:00
2026-07-03,151940610,2254,0,19.8258594612,-0.2554878797,-0.2554878797,0.5000000,4,4,0.49994810000000000,0.499948100000,0.00014679536856514622,0.00014679536856514622,0.00014679536856514622,0E-17,ELIGIBLE,R03b_20260811_FULL_v1,L1_ELIGIBILITY,v2026-08-11,2026-03-21..2026-08-06,baccarat_bet02_101_all_pairs_incl_sentinel,round_win = game_pnl > 0 (decisive only),COMPATIBILITY_ONLY_NOT_PRODUCTION,1369.5616,1219.1650,-61.8269,284,279,0.04514357,,0.04514357,0.04514357,61.8269,1369.5616,OK,0.0000,-2.4731,4.0000,96.0000,AG03-UNRESOLVED,ALL5_LEVELS_bet23_to_bet27,-2.4731,-2.4731,-2.4731,-3.0913,-3.0913,4.000000,4.000000,4.000000,5.000000,5.000000,96.000000,96.000000,96.000000,95.000000,95.000000,5.0,-13.6019,-12.4597,-48.2250,-49.3672,PENDING_AG03,FALSE,NOT_FOR_ENFORCEMENT,-59.3538,1170.3984,-61.8269,-59.3538,-2.4731,-0.04514357,-0.04333783,-2.4731,-59.3538,-0.04333783,-2.4731,-2.4731,-2.4731,-3.0913,-3.0913,-59.3538,-0.04333783,-13.6019,-12.4597,-48.2250,-49.3672,-0.03521198,-0.03604598,-0.00180574,4.8224,4.3698,-0.2216,-20.6090,-0.7826,456.5205,93.0000,,4.8224,4.1543,4.1543,5.1098,6.1417,8.1756,8.3557,4.1543,0.0,1.967993,2.011347,1.160824,25,52,3,5,0E-8,-0.04514357,,0E-8,0.000000,0.890186,0.000000,,2026-06-23,2026-07-05,3,79,58,13,0.230769,,,0.000000,,,,,,,,GLOBAL_BASELINE_NO_ENTITY_RANKING,,,NOT_APPLICABLE_GLOBAL_BASELINE,HF9g-P5,,,,X 全窗基线 · 不参与实体赏罚,3925117,393,A168_HF9F_20260827_0900,2026-08-27 09:00:00
2026-07-03,151940610,462,0,5.1097575931,-5.1097575931,-5.1097575931,0E-7,1,1,0.49324550000000000,0.493245500000,-0.9865810262130424,-0.9865810262130424,-0.9865810262130424,0E-17,ELIGIBLE,R03b_20260811_FULL_v1,L1_ELIGIBILITY,v2026-08-11,2026-03-21..2026-08-06,baccarat_bet02_101_all_pairs_incl_sentinel,round_win = game_pnl > 0 (decisive only),COMPATIBILITY_ONLY_NOT_PRODUCTION,1369.5616,1219.1650,-61.8269,284,279,0.04514357,,0.04514357,0.04514357,61.8269,1369.5616,OK,0.0000,-2.4731,4.0000,96.0000,AG03-UNRESOLVED,ALL5_LEVELS_bet23_to_bet27,-2.4731,-2.4731,-2.4731,-3.0913,-3.0913,4.000000,4.000000,4.000000,5.000000,5.000000,96.000000,96.000000,96.000000,95.000000,95.000000,5.0,-13.6019,-12.4597,-48.2250,-49.3672,PENDING_AG03,FALSE,NOT_FOR_ENFORCEMENT,-59.3538,1170.3984,-61.8269,-59.3538,-2.4731,-0.04514357,-0.04333783,-2.4731,-59.3538,-0.04333783,-2.4731,-2.4731,-2.4731,-3.0913,-3.0913,-59.3538,-0.04333783,-13.6019,-12.4597,-48.2250,-49.3672,-0.03521198,-0.03604598,-0.00180574,4.8224,4.3698,-0.2216,-20.6090,-0.7826,456.5205,93.0000,,4.8224,4.1543,4.1543,5.1098,6.1417,8.1756,8.3557,4.1543,0.0,1.967993,2.011347,1.160824,25,52,3,5,0E-8,-0.04514357,,0E-8,0.000000,0.890186,0.000000,,2026-06-23,2026-07-05,3,79,58,13,0.230769,,,0.000000,,,,,,,,GLOBAL_BASELINE_NO_ENTITY_RANKING,,,NOT_APPLICABLE_GLOBAL_BASELINE,HF9g-P5,,,,X 全窗基线 · 不参与实体赏罚,3925118,393,A168_HF9F_20260827_0900,2026-08-27 09:00:00
2026-07-03,151940610,994,0,9.4019539713,9.1464660916,9.1464660916,1.0000000,2,2,0.49994810000000000,0.499948100000,1.4143603653603398,1.4143603653603398,1.4143603653603398,0E-17,ELIGIBLE,R03b_20260811_FULL_v1,L1_ELIGIBILITY,v2026-08-11,2026-03-21..2026-08-06,baccarat_bet02_101_all_pairs_incl_sentinel,round_win = game_pnl > 0 (decisive only),COMPATIBILITY_ONLY_NOT_PRODUCTION,1369.5616,1219.1650,-61.8269,284,279,0.04514357,,0.04514357,0.04514357,61.8269,1369.5616,OK,0.0000,-2.4731,4.0000,96.0000,AG03-UNRESOLVED,ALL5_LEVELS_bet23_to_bet27,-2.4731,-2.4731,-2.4731,-3.0913,-3.0913,4.000000,4.000000,4.000000,5.000000,5.000000,96.000000,96.000000,96.000000,95.000000,95.000000,5.0,-13.6019,-12.4597,-48.2250,-49.3672,PENDING_AG03,FALSE,NOT_FOR_ENFORCEMENT,-59.3538,1170.3984,-61.8269,-59.3538,-2.4731,-0.04514357,-0.04333783,-2.4731,-59.3538,-0.04333783,-2.4731,-2.4731,-2.4731,-3.0913,-3.0913,-59.3538,-0.04333783,-13.6019,-12.4597,-48.2250,-49.3672,-0.03521198,-0.03604598,-0.00180574,4.8224,4.3698,-0.2216,-20.6090,-0.7826,456.5205,93.0000,,4.8224,4.1543,4.1543,5.1098,6.1417,8.1756,8.3557,4.1543,0.0,1.967993,2.011347,1.160824,25,52,3,5,0E-8,-0.04514357,,0E-8,0.000000,0.890186,0.000000,,2026-06-23,2026-07-05,3,79,58,13,0.230769,,,0.000000,,,,,,,,GLOBAL_BASELINE_NO_ENTITY_RANKING,,,NOT_APPLICABLE_GLOBAL_BASELINE,HF9g-P5,,,,X 全窗基线 · 不参与实体赏罚,3925119,393,A168_HF9F_20260827_0900,2026-08-27 09:00:00
2026-07-05,151940610,-1,1,99.1292973063,-5.7229285043,-5.7229285043,0.4666667,18,18,0.49622443333333333,0.496224433333,-0.22896000380081225,-0.22896000379823137,-0.22896000380081225,3.3333E-13,SENTINEL_DEALER,R03b_20260811_FULL_v1,L1_ELIGIBILITY,v2026-08-11,2026-03-21..2026-08-06,baccarat_bet02_101_all_pairs_incl_sentinel,round_win = game_pnl > 0 (decisive only),COMPATIBILITY_ONLY_NOT_PRODUCTION,1369.5616,1219.1650,-61.8269,284,279,0.04514357,,0.04514357,0.04514357,61.8269,1369.5616,OK,0.0000,-2.4731,4.0000,96.0000,AG03-UNRESOLVED,ALL5_LEVELS_bet23_to_bet27,-2.4731,-2.4731,-2.4731,-3.0913,-3.0913,4.000000,4.000000,4.000000,5.000000,5.000000,96.000000,96.000000,96.000000,95.000000,95.000000,5.0,-13.6019,-12.4597,-48.2250,-49.3672,PENDING_AG03,FALSE,NOT_FOR_ENFORCEMENT,-59.3538,1170.3984,-61.8269,-59.3538,-2.4731,-0.04514357,-0.04333783,-2.4731,-59.3538,-0.04333783,-2.4731,-2.4731,-2.4731,-3.0913,-3.0913,-59.3538,-0.04333783,-13.6019,-12.4597,-48.2250,-49.3672,-0.03521198,-0.03604598,-0.00180574,4.8224,4.3698,-0.2216,-20.6090,-0.7826,456.5205,93.0000,,4.8224,4.1543,4.1543,5.1098,6.1417,8.1756,8.3557,4.1543,0.0,1.967993,2.011347,1.160824,25,52,3,5,0E-8,-0.04514357,,0E-8,0.000000,0.890186,0.000000,,2026-06-23,2026-07-05,3,79,58,13,0.230769,,,0.000000,,,,,,,,GLOBAL_BASELINE_NO_ENTITY_RANKING,,,NOT_APPLICABLE_GLOBAL_BASELINE,HF9g-P5,,,,X 全窗基线 · 不参与实体赏罚,3925120,393,A168_HF9F_20260827_0900,2026-08-27 09:00:00
2026-07-05,151940610,1004,0,8.1756121490,-0.2043903037,-0.2043903037,0.5000000,2,2,0.49994810000000000,0.499948100000,0.00014679536856514622,0.00014679536856514622,0.00014679536856514622,0E-17,ELIGIBLE,R03b_20260811_FULL_v1,L1_ELIGIBILITY,v2026-08-11,2026-03-21..2026-08-06,baccarat_bet02_101_all_pairs_incl_sentinel,round_win = game_pnl > 0 (decisive only),COMPATIBILITY_ONLY_NOT_PRODUCTION,1369.5616,1219.1650,-61.8269,284,279,0.04514357,,0.04514357,0.04514357,61.8269,1369.5616,OK,0.0000,-2.4731,4.0000,96.0000,AG03-UNRESOLVED,ALL5_LEVELS_bet23_to_bet27,-2.4731,-2.4731,-2.4731,-3.0913,-3.0913,4.000000,4.000000,4.000000,5.000000,5.000000,96.000000,96.000000,96.000000,95.000000,95.000000,5.0,-13.6019,-12.4597,-48.2250,-49.3672,PENDING_AG03,FALSE,NOT_FOR_ENFORCEMENT,-59.3538,1170.3984,-61.8269,-59.3538,-2.4731,-0.04514357,-0.04333783,-2.4731,-59.3538,-0.04333783,-2.4731,-2.4731,-2.4731,-3.0913,-3.0913,-59.3538,-0.04333783,-13.6019,-12.4597,-48.2250,-49.3672,-0.03521198,-0.03604598,-0.00180574,4.8224,4.3698,-0.2216,-20.6090,-0.7826,456.5205,93.0000,,4.8224,4.1543,4.1543,5.1098,6.1417,8.1756,8.3557,4.1543,0.0,1.967993,2.011347,1.160824,25,52,3,5,0E-8,-0.04514357,,0E-8,0.000000,0.890186,0.000000,,2026-06-23,2026-07-05,3,79,58,13,0.230769,,,0.000000,,,,,,,,GLOBAL_BASELINE_NO_ENTITY_RANKING,,,NOT_APPLICABLE_GLOBAL_BASELINE,HF9g-P5,,,,X 全窗基线 · 不参与实体赏罚,3925121,393,A168_HF9F_20260827_0900,2026-08-27 09:00:00
2026-07-05,151940610,1299,0,4.0878060745,-4.0878060745,-4.0878060745,0E-7,1,1,0.50665070000000000,0.506650700000,-1.013391052207602,-1.013391052207602,-1.013391052207602,0E-17,ELIGIBLE,R03b_20260811_FULL_v1,L1_ELIGIBILITY,v2026-08-11,2026-03-21..2026-08-06,baccarat_bet02_101_all_pairs_incl_sentinel,round_win = game_pnl > 0 (decisive only),COMPATIBILITY_ONLY_NOT_PRODUCTION,1369.5616,1219.1650,-61.8269,284,279,0.04514357,,0.04514357,0.04514357,61.8269,1369.5616,OK,0.0000,-2.4731,4.0000,96.0000,AG03-UNRESOLVED,ALL5_LEVELS_bet23_to_bet27,-2.4731,-2.4731,-2.4731,-3.0913,-3.0913,4.000000,4.000000,4.000000,5.000000,5.000000,96.000000,96.000000,96.000000,95.000000,95.000000,5.0,-13.6019,-12.4597,-48.2250,-49.3672,PENDING_AG03,FALSE,NOT_FOR_ENFORCEMENT,-59.3538,1170.3984,-61.8269,-59.3538,-2.4731,-0.04514357,-0.04333783,-2.4731,-59.3538,-0.04333783,-2.4731,-2.4731,-2.4731,-3.0913,-3.0913,-59.3538,-0.04333783,-13.6019,-12.4597,-48.2250,-49.3672,-0.03521198,-0.03604598,-0.00180574,4.8224,4.3698,-0.2216,-20.6090,-0.7826,456.5205,93.0000,,4.8224,4.1543,4.1543,5.1098,6.1417,8.1756,8.3557,4.1543,0.0,1.967993,2.011347,1.160824,25,52,3,5,0E-8,-0.04514357,,0E-8,0.000000,0.890186,0.000000,,2026-06-23,2026-07-05,3,79,58,13,0.230769,,,0.000000,,,,,,,,GLOBAL_BASELINE_NO_ENTITY_RANKING,,,NOT_APPLICABLE_GLOBAL_BASELINE,HF9g-P5,,,,X 全窗基线 · 不参与实体赏罚,3925122,393,A168_HF9F_20260827_0900,2026-08-27 09:00:00
2026-07-05,151940610,1318,0,4.0878060745,3.8834157708,3.8834157708,1.0000000,1,1,0.50665070000000000,0.506650700000,0.9867858985152569,0.9867858985152569,0.9867858985152569,0E-17,ELIGIBLE,R03b_20260811_FULL_v1,L1_ELIGIBILITY,v2026-08-11,2026-03-21..2026-08-06,baccarat_bet02_101_all_pairs_incl_sentinel,round_win = game_pnl > 0 (decisive only),COMPATIBILITY_ONLY_NOT_PRODUCTION,1369.5616,1219.1650,-61.8269,284,279,0.04514357,,0.04514357,0.04514357,61.8269,1369.5616,OK,0.0000,-2.4731,4.0000,96.0000,AG03-UNRESOLVED,ALL5_LEVELS_bet23_to_bet27,-2.4731,-2.4731,-2.4731,-3.0913,-3.0913,4.000000,4.000000,4.000000,5.000000,5.000000,96.000000,96.000000,96.000000,95.000000,95.000000,5.0,-13.6019,-12.4597,-48.2250,-49.3672,PENDING_AG03,FALSE,NOT_FOR_ENFORCEMENT,-59.3538,1170.3984,-61.8269,-59.3538,-2.4731,-0.04514357,-0.04333783,-2.4731,-59.3538,-0.04333783,-2.4731,-2.4731,-2.4731,-3.0913,-3.0913,-59.3538,-0.04333783,-13.6019,-12.4597,-48.2250,-49.3672,-0.03521198,-0.03604598,-0.00180574,4.8224,4.3698,-0.2216,-20.6090,-0.7826,456.5205,93.0000,,4.8224,4.1543,4.1543,5.1098,6.1417,8.1756,8.3557,4.1543,0.0,1.967993,2.011347,1.160824,25,52,3,5,0E-8,-0.04514357,,0E-8,0.000000,0.890186,0.000000,,2026-06-23,2026-07-05,3,79,58,13,0.230769,,,0.000000,,,,,,,,GLOBAL_BASELINE_NO_ENTITY_RANKING,,,NOT_APPLICABLE_GLOBAL_BASELINE,HF9g-P5,,,,X 全窗基线 · 不参与实体赏罚,3925123,393,A168_HF9F_20260827_0900,2026-08-27 09:00:00
2026-07-05,151940610,1353,0,8.1756121490,-8.1756121490,-8.1756121490,0E-7,1,1,0.50665070000000000,0.506650700000,-1.013391052207602,-1.013391052207602,-1.013391052207602,0E-17,ELIGIBLE,R03b_20260811_FULL_v1,L1_ELIGIBILITY,v2026-08-11,2026-03-21..2026-08-06,baccarat_bet02_101_all_pairs_incl_sentinel,round_win = game_pnl > 0 (decisive only),COMPATIBILITY_ONLY_NOT_PRODUCTION,1369.5616,1219.1650,-61.8269,284,279,0.04514357,,0.04514357,0.04514357,61.8269,1369.5616,OK,0.0000,-2.4731,4.0000,96.0000,AG03-UNRESOLVED,ALL5_LEVELS_bet23_to_bet27,-2.4731,-2.4731,-2.4731,-3.0913,-3.0913,4.000000,4.000000,4.000000,5.000000,5.000000,96.000000,96.000000,96.000000,95.000000,95.000000,5.0,-13.6019,-12.4597,-48.2250,-49.3672,PENDING_AG03,FALSE,NOT_FOR_ENFORCEMENT,-59.3538,1170.3984,-61.8269,-59.3538,-2.4731,-0.04514357,-0.04333783,-2.4731,-59.3538,-0.04333783,-2.4731,-2.4731,-2.4731,-3.0913,-3.0913,-59.3538,-0.04333783,-13.6019,-12.4597,-48.2250,-49.3672,-0.03521198,-0.03604598,-0.00180574,4.8224,4.3698,-0.2216,-20.6090,-0.7826,456.5205,93.0000,,4.8224,4.1543,4.1543,5.1098,6.1417,8.1756,8.3557,4.1543,0.0,1.967993,2.011347,1.160824,25,52,3,5,0E-8,-0.04514357,,0E-8,0.000000,0.890186,0.000000,,2026-06-23,2026-07-05,3,79,58,13,0.230769,,,0.000000,,,,,,,,GLOBAL_BASELINE_NO_ENTITY_RANKING,,,NOT_APPLICABLE_GLOBAL_BASELINE,HF9g-P5,,,,X 全窗基线 · 不参与实体赏罚,3925124,393,A168_HF9F_20260827_0900,2026-08-27 09:00:00
2026-07-05,151940610,1399,0,20.0302497650,11.8546376160,11.8546376160,0.7500000,4,4,0.49659680000000000,0.496596800000,1.0136362796769356,1.0136362796769358,1.0136362796769356,0E-17,ELIGIBLE,R03b_20260811_FULL_v1,L1_ELIGIBILITY,v2026-08-11,2026-03-21..2026-08-06,baccarat_bet02_101_all_pairs_incl_sentinel,round_win = game_pnl > 0 (decisive only),COMPATIBILITY_ONLY_NOT_PRODUCTION,1369.5616,1219.1650,-61.8269,284,279,0.04514357,,0.04514357,0.04514357,61.8269,1369.5616,OK,0.0000,-2.4731,4.0000,96.0000,AG03-UNRESOLVED,ALL5_LEVELS_bet23_to_bet27,-2.4731,-2.4731,-2.4731,-3.0913,-3.0913,4.000000,4.000000,4.000000,5.000000,5.000000,96.000000,96.000000,96.000000,95.000000,95.000000,5.0,-13.6019,-12.4597,-48.2250,-49.3672,PENDING_AG03,FALSE,NOT_FOR_ENFORCEMENT,-59.3538,1170.3984,-61.8269,-59.3538,-2.4731,-0.04514357,-0.04333783,-2.4731,-59.3538,-0.04333783,-2.4731,-2.4731,-2.4731,-3.0913,-3.0913,-59.3538,-0.04333783,-13.6019,-12.4597,-48.2250,-49.3672,-0.03521198,-0.03604598,-0.00180574,4.8224,4.3698,-0.2216,-20.6090,-0.7826,456.5205,93.0000,,4.8224,4.1543,4.1543,5.1098,6.1417,8.1756,8.3557,4.1543,0.0,1.967993,2.011347,1.160824,25,52,3,5,0E-8,-0.04514357,,0E-8,0.000000,0.890186,0.000000,,2026-06-23,2026-07-05,3,79,58,13,0.230769,,,0.000000,,,,,,,,GLOBAL_BASELINE_NO_ENTITY_RANKING,,,NOT_APPLICABLE_GLOBAL_BASELINE,HF9g-P5,,,,X 全窗基线 · 不参与实体赏罚,3925125,393,A168_HF9F_20260827_0900,2026-08-27 09:00:00
2026-07-05,151940610,1957,0,56.6161141315,8.3800024528,8.3800024528,0.5000000,14,9,0.44023506330579332,0.410332920370,0.3405228792843463,0.5155922695400555,0.3405228792843463,0.02990214293579332,ELIGIBLE,R03b_20260811_FULL_v1,L1_ELIGIBILITY,v2026-08-11,2026-03-21..2026-08-06,baccarat_bet02_101_all_pairs_incl_sentinel,round_win = game_pnl > 0 (decisive only),COMPATIBILITY_ONLY_NOT_PRODUCTION,1369.5616,1219.1650,-61.8269,284,279,0.04514357,,0.04514357,0.04514357,61.8269,1369.5616,OK,0.0000,-2.4731,4.0000,96.0000,AG03-UNRESOLVED,ALL5_LEVELS_bet23_to_bet27,-2.4731,-2.4731,-2.4731,-3.0913,-3.0913,4.000000,4.000000,4.000000,5.000000,5.000000,96.000000,96.000000,96.000000,95.000000,95.000000,5.0,-13.6019,-12.4597,-48.2250,-49.3672,PENDING_AG03,FALSE,NOT_FOR_ENFORCEMENT,-59.3538,1170.3984,-61.8269,-59.3538,-2.4731,-0.04514357,-0.04333783,-2.4731,-59.3538,-0.04333783,-2.4731,-2.4731,-2.4731,-3.0913,-3.0913,-59.3538,-0.04333783,-13.6019,-12.4597,-48.2250,-49.3672,-0.03521198,-0.03604598,-0.00180574,4.8224,4.3698,-0.2216,-20.6090,-0.7826,456.5205,93.0000,,4.8224,4.1543,4.1543,5.1098,6.1417,8.1756,8.3557,4.1543,0.0,1.967993,2.011347,1.160824,25,52,3,5,0E-8,-0.04514357,,0E-8,0.000000,0.890186,0.000000,,2026-06-23,2026-07-05,3,79,58,13,0.230769,,,0.000000,,,,,,,,GLOBAL_BASELINE_NO_ENTITY_RANKING,,,NOT_APPLICABLE_GLOBAL_BASELINE,HF9g-P5,,,,X 全窗基线 · 不参与实体赏罚,3925126,393,A168_HF9F_20260827_0900,2026-08-27 09:00:00
2026-07-05,151940610,1963,0,18.3951273352,-6.1317091118,-6.1317091118,0.2500000,4,4,0.49324550000000000,0.493245500000,-0.9730707933947887,-0.9730707933947887,-0.9730707933947887,0E-17,ELIGIBLE,R03b_20260811_FULL_v1,L1_ELIGIBILITY,v2026-08-11,2026-03-21..2026-08-06,baccarat_bet02_101_all_pairs_incl_sentinel,round_win = game_pnl > 0 (decisive only),COMPATIBILITY_ONLY_NOT_PRODUCTION,1369.5616,1219.1650,-61.8269,284,279,0.04514357,,0.04514357,0.04514357,61.8269,1369.5616,OK,0.0000,-2.4731,4.0000,96.0000,AG03-UNRESOLVED,ALL5_LEVELS_bet23_to_bet27,-2.4731,-2.4731,-2.4731,-3.0913,-3.0913,4.000000,4.000000,4.000000,5.000000,5.000000,96.000000,96.000000,96.000000,95.000000,95.000000,5.0,-13.6019,-12.4597,-48.2250,-49.3672,PENDING_AG03,FALSE,NOT_FOR_ENFORCEMENT,-59.3538,1170.3984,-61.8269,-59.3538,-2.4731,-0.04514357,-0.04333783,-2.4731,-59.3538,-0.04333783,-2.4731,-2.4731,-2.4731,-3.0913,-3.0913,-59.3538,-0.04333783,-13.6019,-12.4597,-48.2250,-49.3672,-0.03521198,-0.03604598,-0.00180574,4.8224,4.3698,-0.2216,-20.6090,-0.7826,456.5205,93.0000,,4.8224,4.1543,4.1543,5.1098,6.1417,8.1756,8.3557,4.1543,0.0,1.967993,2.011347,1.160824,25,52,3,5,0E-8,-0.04514357,,0E-8,0.000000,0.890186,0.000000,,2026-06-23,2026-07-05,3,79,58,13,0.230769,,,0.000000,,,,,,,,GLOBAL_BASELINE_NO_ENTITY_RANKING,,,NOT_APPLICABLE_GLOBAL_BASELINE,HF9g-P5,,,,X 全窗基线 · 不参与实体赏罚,3925127,393,A168_HF9F_20260827_0900,2026-08-27 09:00:00
2026-07-05,151940610,1985,0,4.0878060745,-4.0878060745,-4.0878060745,0E-7,1,1,0.50665070000000000,0.506650700000,-1.013391052207602,-1.013391052207602,-1.013391052207602,0E-17,ELIGIBLE,R03b_20260811_FULL_v1,L1_ELIGIBILITY,v2026-08-11,2026-03-21..2026-08-06,baccarat_bet02_101_all_pairs_incl_sentinel,round_win = game_pnl > 0 (decisive only),COMPATIBILITY_ONLY_NOT_PRODUCTION,1369.5616,1219.1650,-61.8269,284,279,0.04514357,,0.04514357,0.04514357,61.8269,1369.5616,OK,0.0000,-2.4731,4.0000,96.0000,AG03-UNRESOLVED,ALL5_LEVELS_bet23_to_bet27,-2.4731,-2.4731,-2.4731,-3.0913,-3.0913,4.000000,4.000000,4.000000,5.000000,5.000000,96.000000,96.000000,96.000000,95.000000,95.000000,5.0,-13.6019,-12.4597,-48.2250,-49.3672,PENDING_AG03,FALSE,NOT_FOR_ENFORCEMENT,-59.3538,1170.3984,-61.8269,-59.3538,-2.4731,-0.04514357,-0.04333783,-2.4731,-59.3538,-0.04333783,-2.4731,-2.4731,-2.4731,-3.0913,-3.0913,-59.3538,-0.04333783,-13.6019,-12.4597,-48.2250,-49.3672,-0.03521198,-0.03604598,-0.00180574,4.8224,4.3698,-0.2216,-20.6090,-0.7826,456.5205,93.0000,,4.8224,4.1543,4.1543,5.1098,6.1417,8.1756,8.3557,4.1543,0.0,1.967993,2.011347,1.160824,25,52,3,5,0E-8,-0.04514357,,0E-8,0.000000,0.890186,0.000000,,2026-06-23,2026-07-05,3,79,58,13,0.230769,,,0.000000,,,,,,,,GLOBAL_BASELINE_NO_ENTITY_RANKING,,,NOT_APPLICABLE_GLOBAL_BASELINE,HF9g-P5,,,,X 全窗基线 · 不参与实体赏罚,3925128,393,A168_HF9F_20260827_0900,2026-08-27 09:00:00
2026-07-05,151940610,1990,0,8.1756121490,7.7668315415,7.7668315415,1.0000000,1,1,0.50665070000000000,0.506650700000,0.9867858985152569,0.9867858985152569,0.9867858985152569,0E-17,ELIGIBLE,R03b_20260811_FULL_v1,L1_ELIGIBILITY,v2026-08-11,2026-03-21..2026-08-06,baccarat_bet02_101_all_pairs_incl_sentinel,round_win = game_pnl > 0 (decisive only),COMPATIBILITY_ONLY_NOT_PRODUCTION,1369.5616,1219.1650,-61.8269,284,279,0.04514357,,0.04514357,0.04514357,61.8269,1369.5616,OK,0.0000,-2.4731,4.0000,96.0000,AG03-UNRESOLVED,ALL5_LEVELS_bet23_to_bet27,-2.4731,-2.4731,-2.4731,-3.0913,-3.0913,4.000000,4.000000,4.000000,5.000000,5.000000,96.000000,96.000000,96.000000,95.000000,95.000000,5.0,-13.6019,-12.4597,-48.2250,-49.3672,PENDING_AG03,FALSE,NOT_FOR_ENFORCEMENT,-59.3538,1170.3984,-61.8269,-59.3538,-2.4731,-0.04514357,-0.04333783,-2.4731,-59.3538,-0.04333783,-2.4731,-2.4731,-2.4731,-3.0913,-3.0913,-59.3538,-0.04333783,-13.6019,-12.4597,-48.2250,-49.3672,-0.03521198,-0.03604598,-0.00180574,4.8224,4.3698,-0.2216,-20.6090,-0.7826,456.5205,93.0000,,4.8224,4.1543,4.1543,5.1098,6.1417,8.1756,8.3557,4.1543,0.0,1.967993,2.011347,1.160824,25,52,3,5,0E-8,-0.04514357,,0E-8,0.000000,0.890186,0.000000,,2026-06-23,2026-07-05,3,79,58,13,0.230769,,,0.000000,,,,,,,,GLOBAL_BASELINE_NO_ENTITY_RANKING,,,NOT_APPLICABLE_GLOBAL_BASELINE,HF9g-P5,,,,X 全窗基线 · 不参与实体赏罚,3925129,393,A168_HF9F_20260827_0900,2026-08-27 09:00:00
2026-07-05,151940610,2088,0,4.0878060745,4.0878060745,4.0878060745,1.0000000,1,1,0.49324550000000000,0.493245500000,1.01360149184955,1.01360149184955,1.01360149184955,0E-17,ELIGIBLE,R03b_20260811_FULL_v1,L1_ELIGIBILITY,v2026-08-11,2026-03-21..2026-08-06,baccarat_bet02_101_all_pairs_incl_sentinel,round_win = game_pnl > 0 (decisive only),COMPATIBILITY_ONLY_NOT_PRODUCTION,1369.5616,1219.1650,-61.8269,284,279,0.04514357,,0.04514357,0.04514357,61.8269,1369.5616,OK,0.0000,-2.4731,4.0000,96.0000,AG03-UNRESOLVED,ALL5_LEVELS_bet23_to_bet27,-2.4731,-2.4731,-2.4731,-3.0913,-3.0913,4.000000,4.000000,4.000000,5.000000,5.000000,96.000000,96.000000,96.000000,95.000000,95.000000,5.0,-13.6019,-12.4597,-48.2250,-49.3672,PENDING_AG03,FALSE,NOT_FOR_ENFORCEMENT,-59.3538,1170.3984,-61.8269,-59.3538,-2.4731,-0.04514357,-0.04333783,-2.4731,-59.3538,-0.04333783,-2.4731,-2.4731,-2.4731,-3.0913,-3.0913,-59.3538,-0.04333783,-13.6019,-12.4597,-48.2250,-49.3672,-0.03521198,-0.03604598,-0.00180574,4.8224,4.3698,-0.2216,-20.6090,-0.7826,456.5205,93.0000,,4.8224,4.1543,4.1543,5.1098,6.1417,8.1756,8.3557,4.1543,0.0,1.967993,2.011347,1.160824,25,52,3,5,0E-8,-0.04514357,,0E-8,0.000000,0.890186,0.000000,,2026-06-23,2026-07-05,3,79,58,13,0.230769,,,0.000000,,,,,,,,GLOBAL_BASELINE_NO_ENTITY_RANKING,,,NOT_APPLICABLE_GLOBAL_BASELINE,HF9g-P5,,,,X 全窗基线 · 不参与实体赏罚,3925130,393,A168_HF9F_20260827_0900,2026-08-27 09:00:00
2026-07-05,151940610,2115,0,4.2921963782,-4.2921963782,-4.2921963782,0E-7,1,1,0.49324550000000000,0.493245500000,-0.9865810262130424,-0.9865810262130424,-0.9865810262130424,0E-17,ELIGIBLE,R03b_20260811_FULL_v1,L1_ELIGIBILITY,v2026-08-11,2026-03-21..2026-08-06,baccarat_bet02_101_all_pairs_incl_sentinel,round_win = game_pnl > 0 (decisive only),COMPATIBILITY_ONLY_NOT_PRODUCTION,1369.5616,1219.1650,-61.8269,284,279,0.04514357,,0.04514357,0.04514357,61.8269,1369.5616,OK,0.0000,-2.4731,4.0000,96.0000,AG03-UNRESOLVED,ALL5_LEVELS_bet23_to_bet27,-2.4731,-2.4731,-2.4731,-3.0913,-3.0913,4.000000,4.000000,4.000000,5.000000,5.000000,96.000000,96.000000,96.000000,95.000000,95.000000,5.0,-13.6019,-12.4597,-48.2250,-49.3672,PENDING_AG03,FALSE,NOT_FOR_ENFORCEMENT,-59.3538,1170.3984,-61.8269,-59.3538,-2.4731,-0.04514357,-0.04333783,-2.4731,-59.3538,-0.04333783,-2.4731,-2.4731,-2.4731,-3.0913,-3.0913,-59.3538,-0.04333783,-13.6019,-12.4597,-48.2250,-49.3672,-0.03521198,-0.03604598,-0.00180574,4.8224,4.3698,-0.2216,-20.6090,-0.7826,456.5205,93.0000,,4.8224,4.1543,4.1543,5.1098,6.1417,8.1756,8.3557,4.1543,0.0,1.967993,2.011347,1.160824,25,52,3,5,0E-8,-0.04514357,,0E-8,0.000000,0.890186,0.000000,,2026-06-23,2026-07-05,3,79,58,13,0.230769,,,0.000000,,,,,,,,GLOBAL_BASELINE_NO_ENTITY_RANKING,,,NOT_APPLICABLE_GLOBAL_BASELINE,HF9g-P5,,,,X 全窗基线 · 不参与实体赏罚,3925131,393,A168_HF9F_20260827_0900,2026-08-27 09:00:00
2026-07-05,151940610,2188,0,46.6009892492,-22.0741528022,-22.0741528022,0.2500000,8,8,0.49492115000000000,0.494921150000,-1.385554729997152,-1.385554729997152,-1.385554729997152,0E-17,ELIGIBLE,R03b_20260811_FULL_v1,L1_ELIGIBILITY,v2026-08-11,2026-03-21..2026-08-06,baccarat_bet02_101_all_pairs_incl_sentinel,round_win = game_pnl > 0 (decisive only),COMPATIBILITY_ONLY_NOT_PRODUCTION,1369.5616,1219.1650,-61.8269,284,279,0.04514357,,0.04514357,0.04514357,61.8269,1369.5616,OK,0.0000,-2.4731,4.0000,96.0000,AG03-UNRESOLVED,ALL5_LEVELS_bet23_to_bet27,-2.4731,-2.4731,-2.4731,-3.0913,-3.0913,4.000000,4.000000,4.000000,5.000000,5.000000,96.000000,96.000000,96.000000,95.000000,95.000000,5.0,-13.6019,-12.4597,-48.2250,-49.3672,PENDING_AG03,FALSE,NOT_FOR_ENFORCEMENT,-59.3538,1170.3984,-61.8269,-59.3538,-2.4731,-0.04514357,-0.04333783,-2.4731,-59.3538,-0.04333783,-2.4731,-2.4731,-2.4731,-3.0913,-3.0913,-59.3538,-0.04333783,-13.6019,-12.4597,-48.2250,-49.3672,-0.03521198,-0.03604598,-0.00180574,4.8224,4.3698,-0.2216,-20.6090,-0.7826,456.5205,93.0000,,4.8224,4.1543,4.1543,5.1098,6.1417,8.1756,8.3557,4.1543,0.0,1.967993,2.011347,1.160824,25,52,3,5,0E-8,-0.04514357,,0E-8,0.000000,0.890186,0.000000,,2026-06-23,2026-07-05,3,79,58,13,0.230769,,,0.000000,,,,,,,,GLOBAL_BASELINE_NO_ENTITY_RANKING,,,NOT_APPLICABLE_GLOBAL_BASELINE,HF9g-P5,,,,X 全窗基线 · 不参与实体赏罚,3925132,393,A168_HF9F_20260827_0900,2026-08-27 09:00:00
2026-07-05,151940610,2224,0,12.2634182235,4.0878060745,4.0878060745,0.5000000,2,2,0.49324550000000000,0.493245500000,0.01910635448239258,0.01910635448239258,0.01910635448239258,0E-17,ELIGIBLE,R03b_20260811_FULL_v1,L1_ELIGIBILITY,v2026-08-11,2026-03-21..2026-08-06,baccarat_bet02_101_all_pairs_incl_sentinel,round_win = game_pnl > 0 (decisive only),COMPATIBILITY_ONLY_NOT_PRODUCTION,1369.5616,1219.1650,-61.8269,284,279,0.04514357,,0.04514357,0.04514357,61.8269,1369.5616,OK,0.0000,-2.4731,4.0000,96.0000,AG03-UNRESOLVED,ALL5_LEVELS_bet23_to_bet27,-2.4731,-2.4731,-2.4731,-3.0913,-3.0913,4.000000,4.000000,4.000000,5.000000,5.000000,96.000000,96.000000,96.000000,95.000000,95.000000,5.0,-13.6019,-12.4597,-48.2250,-49.3672,PENDING_AG03,FALSE,NOT_FOR_ENFORCEMENT,-59.3538,1170.3984,-61.8269,-59.3538,-2.4731,-0.04514357,-0.04333783,-2.4731,-59.3538,-0.04333783,-2.4731,-2.4731,-2.4731,-3.0913,-3.0913,-59.3538,-0.04333783,-13.6019,-12.4597,-48.2250,-49.3672,-0.03521198,-0.03604598,-0.00180574,4.8224,4.3698,-0.2216,-20.6090,-0.7826,456.5205,93.0000,,4.8224,4.1543,4.1543,5.1098,6.1417,8.1756,8.3557,4.1543,0.0,1.967993,2.011347,1.160824,25,52,3,5,0E-8,-0.04514357,,0E-8,0.000000,0.890186,0.000000,,2026-06-23,2026-07-05,3,79,58,13,0.230769,,,0.000000,,,,,,,,GLOBAL_BASELINE_NO_ENTITY_RANKING,,,NOT_APPLICABLE_GLOBAL_BASELINE,HF9g-P5,,,,X 全窗基线 · 不参与实体赏罚,3925133,393,A168_HF9F_20260827_0900,2026-08-27 09:00:00
2026-07-05,151940610,2229,0,8.1756121490,7.7668315415,7.7668315415,1.0000000,1,1,0.50665070000000000,0.506650700000,0.9867858985152569,0.9867858985152569,0.9867858985152569,0E-17,ELIGIBLE,R03b_20260811_FULL_v1,L1_ELIGIBILITY,v2026-08-11,2026-03-21..2026-08-06,baccarat_bet02_101_all_pairs_incl_sentinel,round_win = game_pnl > 0 (decisive only),COMPATIBILITY_ONLY_NOT_PRODUCTION,1369.5616,1219.1650,-61.8269,284,279,0.04514357,,0.04514357,0.04514357,61.8269,1369.5616,OK,0.0000,-2.4731,4.0000,96.0000,AG03-UNRESOLVED,ALL5_LEVELS_bet23_to_bet27,-2.4731,-2.4731,-2.4731,-3.0913,-3.0913,4.000000,4.000000,4.000000,5.000000,5.000000,96.000000,96.000000,96.000000,95.000000,95.000000,5.0,-13.6019,-12.4597,-48.2250,-49.3672,PENDING_AG03,FALSE,NOT_FOR_ENFORCEMENT,-59.3538,1170.3984,-61.8269,-59.3538,-2.4731,-0.04514357,-0.04333783,-2.4731,-59.3538,-0.04333783,-2.4731,-2.4731,-2.4731,-3.0913,-3.0913,-59.3538,-0.04333783,-13.6019,-12.4597,-48.2250,-49.3672,-0.03521198,-0.03604598,-0.00180574,4.8224,4.3698,-0.2216,-20.6090,-0.7826,456.5205,93.0000,,4.8224,4.1543,4.1543,5.1098,6.1417,8.1756,8.3557,4.1543,0.0,1.967993,2.011347,1.160824,25,52,3,5,0E-8,-0.04514357,,0E-8,0.000000,0.890186,0.000000,,2026-06-23,2026-07-05,3,79,58,13,0.230769,,,0.000000,,,,,,,,GLOBAL_BASELINE_NO_ENTITY_RANKING,,,NOT_APPLICABLE_GLOBAL_BASELINE,HF9g-P5,,,,X 全窗基线 · 不参与实体赏罚,3925134,393,A168_HF9F_20260827_0900,2026-08-27 09:00:00
2026-07-05,151940610,2234,0,32.7024485960,16.3512242980,16.3512242980,0.6000000,5,5,0.49592654000000000,0.495926540000,0.46544610904919037,0.46544610904919037,0.46544610904919037,0E-17,ELIGIBLE,R03b_20260811_FULL_v1,L1_ELIGIBILITY,v2026-08-11,2026-03-21..2026-08-06,baccarat_bet02_101_all_pairs_incl_sentinel,round_win = game_pnl > 0 (decisive only),COMPATIBILITY_ONLY_NOT_PRODUCTION,1369.5616,1219.1650,-61.8269,284,279,0.04514357,,0.04514357,0.04514357,61.8269,1369.5616,OK,0.0000,-2.4731,4.0000,96.0000,AG03-UNRESOLVED,ALL5_LEVELS_bet23_to_bet27,-2.4731,-2.4731,-2.4731,-3.0913,-3.0913,4.000000,4.000000,4.000000,5.000000,5.000000,96.000000,96.000000,96.000000,95.000000,95.000000,5.0,-13.6019,-12.4597,-48.2250,-49.3672,PENDING_AG03,FALSE,NOT_FOR_ENFORCEMENT,-59.3538,1170.3984,-61.8269,-59.3538,-2.4731,-0.04514357,-0.04333783,-2.4731,-59.3538,-0.04333783,-2.4731,-2.4731,-2.4731,-3.0913,-3.0913,-59.3538,-0.04333783,-13.6019,-12.4597,-48.2250,-49.3672,-0.03521198,-0.03604598,-0.00180574,4.8224,4.3698,-0.2216,-20.6090,-0.7826,456.5205,93.0000,,4.8224,4.1543,4.1543,5.1098,6.1417,8.1756,8.3557,4.1543,0.0,1.967993,2.011347,1.160824,25,52,3,5,0E-8,-0.04514357,,0E-8,0.000000,0.890186,0.000000,,2026-06-23,2026-07-05,3,79,58,13,0.230769,,,0.000000,,,,,,,,GLOBAL_BASELINE_NO_ENTITY_RANKING,,,NOT_APPLICABLE_GLOBAL_BASELINE,HF9g-P5,,,,X 全窗基线 · 不参与实体赏罚,3925135,393,A168_HF9F_20260827_0900,2026-08-27 09:00:00
2026-07-05,151940610,2242,0,22.4829334097,-10.2195151862,-10.2195151862,0.3333333,4,4,0.49324550000000000,0.493245500000,-0.5540025479526107,-0.5540025479526106,-0.5540025479526107,0E-17,ELIGIBLE,R03b_20260811_FULL_v1,L1_ELIGIBILITY,v2026-08-11,2026-03-21..2026-08-06,baccarat_bet02_101_all_pairs_incl_sentinel,round_win = game_pnl > 0 (decisive only),COMPATIBILITY_ONLY_NOT_PRODUCTION,1369.5616,1219.1650,-61.8269,284,279,0.04514357,,0.04514357,0.04514357,61.8269,1369.5616,OK,0.0000,-2.4731,4.0000,96.0000,AG03-UNRESOLVED,ALL5_LEVELS_bet23_to_bet27,-2.4731,-2.4731,-2.4731,-3.0913,-3.0913,4.000000,4.000000,4.000000,5.000000,5.000000,96.000000,96.000000,96.000000,95.000000,95.000000,5.0,-13.6019,-12.4597,-48.2250,-49.3672,PENDING_AG03,FALSE,NOT_FOR_ENFORCEMENT,-59.3538,1170.3984,-61.8269,-59.3538,-2.4731,-0.04514357,-0.04333783,-2.4731,-59.3538,-0.04333783,-2.4731,-2.4731,-2.4731,-3.0913,-3.0913,-59.3538,-0.04333783,-13.6019,-12.4597,-48.2250,-49.3672,-0.03521198,-0.03604598,-0.00180574,4.8224,4.3698,-0.2216,-20.6090,-0.7826,456.5205,93.0000,,4.8224,4.1543,4.1543,5.1098,6.1417,8.1756,8.3557,4.1543,0.0,1.967993,2.011347,1.160824,25,52,3,5,0E-8,-0.04514357,,0E-8,0.000000,0.890186,0.000000,,2026-06-23,2026-07-05,3,79,58,13,0.230769,,,0.000000,,,,,,,,GLOBAL_BASELINE_NO_ENTITY_RANKING,,,NOT_APPLICABLE_GLOBAL_BASELINE,HF9g-P5,,,,X 全窗基线 · 不参与实体赏罚,3925136,393,A168_HF9F_20260827_0900,2026-08-27 09:00:00
2026-07-05,151940610,2250,0,13.4897600458,8.9318562728,8.9318562728,1.0000000,3,3,0.50218230000000000,0.502182300000,1.4080544974538591,1.4080544974538591,1.4080544974538591,0E-17,ELIGIBLE,R03b_20260811_FULL_v1,L1_ELIGIBILITY,v2026-08-11,2026-03-21..2026-08-06,baccarat_bet02_101_all_pairs_incl_sentinel,round_win = game_pnl > 0 (decisive only),COMPATIBILITY_ONLY_NOT_PRODUCTION,1369.5616,1219.1650,-61.8269,284,279,0.04514357,,0.04514357,0.04514357,61.8269,1369.5616,OK,0.0000,-2.4731,4.0000,96.0000,AG03-UNRESOLVED,ALL5_LEVELS_bet23_to_bet27,-2.4731,-2.4731,-2.4731,-3.0913,-3.0913,4.000000,4.000000,4.000000,5.000000,5.000000,96.000000,96.000000,96.000000,95.000000,95.000000,5.0,-13.6019,-12.4597,-48.2250,-49.3672,PENDING_AG03,FALSE,NOT_FOR_ENFORCEMENT,-59.3538,1170.3984,-61.8269,-59.3538,-2.4731,-0.04514357,-0.04333783,-2.4731,-59.3538,-0.04333783,-2.4731,-2.4731,-2.4731,-3.0913,-3.0913,-59.3538,-0.04333783,-13.6019,-12.4597,-48.2250,-49.3672,-0.03521198,-0.03604598,-0.00180574,4.8224,4.3698,-0.2216,-20.6090,-0.7826,456.5205,93.0000,,4.8224,4.1543,4.1543,5.1098,6.1417,8.1756,8.3557,4.1543,0.0,1.967993,2.011347,1.160824,25,52,3,5,0E-8,-0.04514357,,0E-8,0.000000,0.890186,0.000000,,2026-06-23,2026-07-05,3,79,58,13,0.230769,,,0.000000,,,,,,,,GLOBAL_BASELINE_NO_ENTITY_RANKING,,,NOT_APPLICABLE_GLOBAL_BASELINE,HF9g-P5,,,,X 全窗基线 · 不参与实体赏罚,3925137,393,A168_HF9F_20260827_0900,2026-08-27 09:00:00
2026-07-05,151940610,2271,0,8.1756121490,-8.1756121490,-8.1756121490,0E-7,1,1,0.49324550000000000,0.493245500000,-0.9865810262130424,-0.9865810262130424,-0.9865810262130424,0E-17,ELIGIBLE,R03b_20260811_FULL_v1,L1_ELIGIBILITY,v2026-08-11,2026-03-21..2026-08-06,baccarat_bet02_101_all_pairs_incl_sentinel,round_win = game_pnl > 0 (decisive only),COMPATIBILITY_ONLY_NOT_PRODUCTION,1369.5616,1219.1650,-61.8269,284,279,0.04514357,,0.04514357,0.04514357,61.8269,1369.5616,OK,0.0000,-2.4731,4.0000,96.0000,AG03-UNRESOLVED,ALL5_LEVELS_bet23_to_bet27,-2.4731,-2.4731,-2.4731,-3.0913,-3.0913,4.000000,4.000000,4.000000,5.000000,5.000000,96.000000,96.000000,96.000000,95.000000,95.000000,5.0,-13.6019,-12.4597,-48.2250,-49.3672,PENDING_AG03,FALSE,NOT_FOR_ENFORCEMENT,-59.3538,1170.3984,-61.8269,-59.3538,-2.4731,-0.04514357,-0.04333783,-2.4731,-59.3538,-0.04333783,-2.4731,-2.4731,-2.4731,-3.0913,-3.0913,-59.3538,-0.04333783,-13.6019,-12.4597,-48.2250,-49.3672,-0.03521198,-0.03604598,-0.00180574,4.8224,4.3698,-0.2216,-20.6090,-0.7826,456.5205,93.0000,,4.8224,4.1543,4.1543,5.1098,6.1417,8.1756,8.3557,4.1543,0.0,1.967993,2.011347,1.160824,25,52,3,5,0E-8,-0.04514357,,0E-8,0.000000,0.890186,0.000000,,2026-06-23,2026-07-05,3,79,58,13,0.230769,,,0.000000,,,,,,,,GLOBAL_BASELINE_NO_ENTITY_RANKING,,,NOT_APPLICABLE_GLOBAL_BASELINE,HF9g-P5,,,,X 全窗基线 · 不参与实体赏罚,3925138,393,A168_HF9F_20260827_0900,2026-08-27 09:00:00
2026-07-05,151940610,948,0,6.1317091117,0E-10,0E-10,,1,1,0.50665070000000000,0.506650700000,,,,0E-17,NO_DECISIVE_ROUND,R03b_20260811_FULL_v1,L1_ELIGIBILITY,v2026-08-11,2026-03-21..2026-08-06,baccarat_bet02_101_all_pairs_incl_sentinel,round_win = game_pnl > 0 (decisive only),COMPATIBILITY_ONLY_NOT_PRODUCTION,1369.5616,1219.1650,-61.8269,284,279,0.04514357,,0.04514357,0.04514357,61.8269,1369.5616,OK,0.0000,-2.4731,4.0000,96.0000,AG03-UNRESOLVED,ALL5_LEVELS_bet23_to_bet27,-2.4731,-2.4731,-2.4731,-3.0913,-3.0913,4.000000,4.000000,4.000000,5.000000,5.000000,96.000000,96.000000,96.000000,95.000000,95.000000,5.0,-13.6019,-12.4597,-48.2250,-49.3672,PENDING_AG03,FALSE,NOT_FOR_ENFORCEMENT,-59.3538,1170.3984,-61.8269,-59.3538,-2.4731,-0.04514357,-0.04333783,-2.4731,-59.3538,-0.04333783,-2.4731,-2.4731,-2.4731,-3.0913,-3.0913,-59.3538,-0.04333783,-13.6019,-12.4597,-48.2250,-49.3672,-0.03521198,-0.03604598,-0.00180574,4.8224,4.3698,-0.2216,-20.6090,-0.7826,456.5205,93.0000,,4.8224,4.1543,4.1543,5.1098,6.1417,8.1756,8.3557,4.1543,0.0,1.967993,2.011347,1.160824,25,52,3,5,0E-8,-0.04514357,,0E-8,0.000000,0.890186,0.000000,,2026-06-23,2026-07-05,3,79,58,13,0.230769,,,0.000000,,,,,,,,GLOBAL_BASELINE_NO_ENTITY_RANKING,,,NOT_APPLICABLE_GLOBAL_BASELINE,HF9g-P5,,,,X 全窗基线 · 不参与实体赏罚,3925139,393,A168_HF9F_20260827_0900,2026-08-27 09:00:00
2026-07-02,137252177,-1,1,138.6414685153,61.1881341492,61.1881341492,0.6250000,10,10,0.49458602000000000,0.494586020000,0.7377761284009752,0.7377761284009752,0.7377761284009752,0E-17,SENTINEL_DEALER,R03b_20260811_FULL_v1,L1_ELIGIBILITY,v2026-08-11,2026-03-21..2026-08-06,baccarat_bet02_101_all_pairs_incl_sentinel,round_win = game_pnl > 0 (decisive only),COMPATIBILITY_ONLY_NOT_PRODUCTION,138.6415,116.4382,-61.1881,10,10,0.44134078,,0.44134078,0.44134078,61.1881,138.6415,THIN_EXPOSURE,0.0000,-1.8356,3.0000,97.0000,AG03-UNRESOLVED,ALL5_LEVELS_bet23_to_bet27,-1.8356,-1.8356,-1.8356,-2.4475,-2.4475,3.000000,3.000000,3.000000,4.000000,4.000000,97.000000,97.000000,97.000000,96.000000,96.000000,5.0,-10.4020,-9.7216,-50.7862,-51.4665,PENDING_AG03,FALSE,NOT_FOR_ENFORCEMENT,-59.3525,112.9450,-61.1881,-59.3525,-1.8356,-0.44134078,-0.42810056,-1.8356,-59.3525,-0.42810056,-1.8356,-1.8356,-1.8356,-2.4475,-2.4475,-59.3525,-0.42810056,-10.4020,-9.7216,-50.7862,-51.4665,-0.36631285,-0.37122031,-0.01324022,13.8641,11.6438,-6.1188,-61.1881,-61.1881,138.6415,10.0000,,13.8641,11.1016,11.2307,18.5888,24.0105,25.8178,25.8178,11.1016,5.5508,2.29885,2.29885,1.234483,1,1,1,2,0E-8,-0.44134078,,0E-8,0.000000,0.839851,0.000000,,2026-07-02,2026-07-02,1,1,1,1,1.000000,,,0.000000,,,,,,,,GLOBAL_BASELINE_NO_ENTITY_RANKING,,,NOT_APPLICABLE_GLOBAL_BASELINE,HF9g-P5,,,,X 全窗基线 · 不参与实体赏罚,3925140,393,A168_HF9F_20260827_0900,2026-08-27 09:00:00
2026-06-21,151873811,-1,1,501.4529277137,-69.4319438373,-69.4319438373,0.4444444,9,9,0.50218230000000000,0.502182300000,-0.34643043305270216,-0.34643043305270216,-0.34643043305270216,0E-17,SENTINEL_DEALER,R03b_20260811_FULL_v1,L1_ELIGIBILITY,v2026-08-11,2026-03-21..2026-08-06,baccarat_bet02_101_all_pairs_incl_sentinel,round_win = game_pnl > 0 (decisive only),COMPATIBILITY_ONLY_NOT_PRODUCTION,2956.8775,2746.0101,-61.8208,55,55,0.02090746,,0.02090746,0.02090746,61.8208,2956.8775,OK,0.0000,-2.4728,4.0000,96.0000,AG03-UNRESOLVED,ALL5_LEVELS_bet23_to_bet27,-2.4728,-2.4728,-2.4728,-3.0910,-3.0910,4.000000,4.000000,4.000000,5.000000,5.000000,96.000000,96.000000,96.000000,95.000000,95.000000,5.0,-13.6006,-12.4585,-48.2202,-49.3623,PENDING_AG03,FALSE,NOT_FOR_ENFORCEMENT,-59.3480,2636.1697,-61.8208,-59.3480,-2.4728,-0.02090746,-0.02007116,-2.4728,-59.3480,-0.02007116,-2.4728,-2.4728,-2.4728,-3.0910,-3.0910,-59.3480,-0.02007116,-13.6006,-12.4585,-48.2202,-49.3623,-0.01630782,-0.01669407,-0.00083630,53.7614,49.9275,-1.1240,-12.3642,-1.3439,591.3755,11.0000,,53.7614,51.4311,51.4311,64.2888,77.1466,77.1466,102.2193,51.4311,0.0,1.5,1.9875,1.04531,24,32,8,2,0E-8,-0.02090746,,0E-8,0.000000,0.928686,0.000000,,2026-06-21,2026-07-01,5,46,38,11,0.454546,,,0.000000,,,,,,,,GLOBAL_BASELINE_NO_ENTITY_RANKING,,,NOT_APPLICABLE_GLOBAL_BASELINE,HF9g-P5,,,,X 全窗基线 · 不参与实体赏罚,3925141,393,A168_HF9F_20260827_0900,2026-08-27 09:00:00
2026-06-21,151873811,1157,0,64.2888368864,-64.2888368864,-64.2888368864,0E-7,1,1,0.49324550000000000,0.493245500000,-0.9865810262130424,-0.9865810262130424,-0.9865810262130424,0E-17,ELIGIBLE,R03b_20260811_FULL_v1,L1_ELIGIBILITY,v2026-08-11,2026-03-21..2026-08-06,baccarat_bet02_101_all_pairs_incl_sentinel,round_win = game_pnl > 0 (decisive only),COMPATIBILITY_ONLY_NOT_PRODUCTION,2956.8775,2746.0101,-61.8208,55,55,0.02090746,,0.02090746,0.02090746,61.8208,2956.8775,OK,0.0000,-2.4728,4.0000,96.0000,AG03-UNRESOLVED,ALL5_LEVELS_bet23_to_bet27,-2.4728,-2.4728,-2.4728,-3.0910,-3.0910,4.000000,4.000000,4.000000,5.000000,5.000000,96.000000,96.000000,96.000000,95.000000,95.000000,5.0,-13.6006,-12.4585,-48.2202,-49.3623,PENDING_AG03,FALSE,NOT_FOR_ENFORCEMENT,-59.3480,2636.1697,-61.8208,-59.3480,-2.4728,-0.02090746,-0.02007116,-2.4728,-59.3480,-0.02007116,-2.4728,-2.4728,-2.4728,-3.0910,-3.0910,-59.3480,-0.02007116,-13.6006,-12.4585,-48.2202,-49.3623,-0.01630782,-0.01669407,-0.00083630,53.7614,49.9275,-1.1240,-12.3642,-1.3439,591.3755,11.0000,,53.7614,51.4311,51.4311,64.2888,77.1466,77.1466,102.2193,51.4311,0.0,1.5,1.9875,1.04531,24,32,8,2,0E-8,-0.02090746,,0E-8,0.000000,0.928686,0.000000,,2026-06-21,2026-07-01,5,46,38,11,0.454546,,,0.000000,,,,,,,,GLOBAL_BASELINE_NO_ENTITY_RANKING,,,NOT_APPLICABLE_GLOBAL_BASELINE,HF9g-P5,,,,X 全窗基线 · 不参与实体赏罚,3925142,393,A168_HF9F_20260827_0900,2026-08-27 09:00:00
2026-06-21,151873811,1210,0,128.5776737727,-77.1466042636,-77.1466042636,0E-7,2,2,0.49994810000000000,0.499948100000,-0.9998962053866608,-0.9998962053866608,-0.9998962053866608,0E-17,ELIGIBLE,R03b_20260811_FULL_v1,L1_ELIGIBILITY,v2026-08-11,2026-03-21..2026-08-06,baccarat_bet02_101_all_pairs_incl_sentinel,round_win = game_pnl > 0 (decisive only),COMPATIBILITY_ONLY_NOT_PRODUCTION,2956.8775,2746.0101,-61.8208,55,55,0.02090746,,0.02090746,0.02090746,61.8208,2956.8775,OK,0.0000,-2.4728,4.0000,96.0000,AG03-UNRESOLVED,ALL5_LEVELS_bet23_to_bet27,-2.4728,-2.4728,-2.4728,-3.0910,-3.0910,4.000000,4.000000,4.000000,5.000000,5.000000,96.000000,96.000000,96.000000,95.000000,95.000000,5.0,-13.6006,-12.4585,-48.2202,-49.3623,PENDING_AG03,FALSE,NOT_FOR_ENFORCEMENT,-59.3480,2636.1697,-61.8208,-59.3480,-2.4728,-0.02090746,-0.02007116,-2.4728,-59.3480,-0.02007116,-2.4728,-2.4728,-2.4728,-3.0910,-3.0910,-59.3480,-0.02007116,-13.6006,-12.4585,-48.2202,-49.3623,-0.01630782,-0.01669407,-0.00083630,53.7614,49.9275,-1.1240,-12.3642,-1.3439,591.3755,11.0000,,53.7614,51.4311,51.4311,64.2888,77.1466,77.1466,102.2193,51.4311,0.0,1.5,1.9875,1.04531,24,32,8,2,0E-8,-0.02090746,,0E-8,0.000000,0.928686,0.000000,,2026-06-21,2026-07-01,5,46,38,11,0.454546,,,0.000000,,,,,,,,GLOBAL_BASELINE_NO_ENTITY_RANKING,,,NOT_APPLICABLE_GLOBAL_BASELINE,HF9g-P5,,,,X 全窗基线 · 不参与实体赏罚,3925143,393,A168_HF9F_20260827_0900,2026-08-27 09:00:00
2026-06-21,151873811,1383,0,137.3209555892,-19.9809705042,-19.9809705042,0.5000000,2,2,0.50665070000000000,0.506650700000,-0.018812684590367487,-0.018812684590367487,-0.018812684590367487,0E-17,ELIGIBLE,R03b_20260811_FULL_v1,L1_ELIGIBILITY,v2026-08-11,2026-03-21..2026-08-06,baccarat_bet02_101_all_pairs_incl_sentinel,round_win = game_pnl > 0 (decisive only),COMPATIBILITY_ONLY_NOT_PRODUCTION,2956.8775,2746.0101,-61.8208,55,55,0.02090746,,0.02090746,0.02090746,61.8208,2956.8775,OK,0.0000,-2.4728,4.0000,96.0000,AG03-UNRESOLVED,ALL5_LEVELS_bet23_to_bet27,-2.4728,-2.4728,-2.4728,-3.0910,-3.0910,4.000000,4.000000,4.000000,5.000000,5.000000,96.000000,96.000000,96.000000,95.000000,95.000000,5.0,-13.6006,-12.4585,-48.2202,-49.3623,PENDING_AG03,FALSE,NOT_FOR_ENFORCEMENT,-59.3480,2636.1697,-61.8208,-59.3480,-2.4728,-0.02090746,-0.02007116,-2.4728,-59.3480,-0.02007116,-2.4728,-2.4728,-2.4728,-3.0910,-3.0910,-59.3480,-0.02007116,-13.6006,-12.4585,-48.2202,-49.3623,-0.01630782,-0.01669407,-0.00083630,53.7614,49.9275,-1.1240,-12.3642,-1.3439,591.3755,11.0000,,53.7614,51.4311,51.4311,64.2888,77.1466,77.1466,102.2193,51.4311,0.0,1.5,1.9875,1.04531,24,32,8,2,0E-8,-0.02090746,,0E-8,0.000000,0.928686,0.000000,,2026-06-21,2026-07-01,5,46,38,11,0.454546,,,0.000000,,,,,,,,GLOBAL_BASELINE_NO_ENTITY_RANKING,,,NOT_APPLICABLE_GLOBAL_BASELINE,HF9g-P5,,,,X 全窗基线 · 不参与实体赏罚,3925144,393,A168_HF9F_20260827_0900,2026-08-27 09:00:00
2026-06-21,151873811,1507,0,51.4310695091,-51.4310695091,-51.4310695091,0E-7,1,1,0.49324550000000000,0.493245500000,-0.9865810262130424,-0.9865810262130424,-0.9865810262130424,0E-17,ELIGIBLE,R03b_20260811_FULL_v1,L1_ELIGIBILITY,v2026-08-11,2026-03-21..2026-08-06,baccarat_bet02_101_all_pairs_incl_sentinel,round_win = game_pnl > 0 (decisive only),COMPATIBILITY_ONLY_NOT_PRODUCTION,2956.8775,2746.0101,-61.8208,55,55,0.02090746,,0.02090746,0.02090746,61.8208,2956.8775,OK,0.0000,-2.4728,4.0000,96.0000,AG03-UNRESOLVED,ALL5_LEVELS_bet23_to_bet27,-2.4728,-2.4728,-2.4728,-3.0910,-3.0910,4.000000,4.000000,4.000000,5.000000,5.000000,96.000000,96.000000,96.000000,95.000000,95.000000,5.0,-13.6006,-12.4585,-48.2202,-49.3623,PENDING_AG03,FALSE,NOT_FOR_ENFORCEMENT,-59.3480,2636.1697,-61.8208,-59.3480,-2.4728,-0.02090746,-0.02007116,-2.4728,-59.3480,-0.02007116,-2.4728,-2.4728,-2.4728,-3.0910,-3.0910,-59.3480,-0.02007116,-13.6006,-12.4585,-48.2202,-49.3623,-0.01630782,-0.01669407,-0.00083630,53.7614,49.9275,-1.1240,-12.3642,-1.3439,591.3755,11.0000,,53.7614,51.4311,51.4311,64.2888,77.1466,77.1466,102.2193,51.4311,0.0,1.5,1.9875,1.04531,24,32,8,2,0E-8,-0.02090746,,0E-8,0.000000,0.928686,0.000000,,2026-06-21,2026-07-01,5,46,38,11,0.454546,,,0.000000,,,,,,,,GLOBAL_BASELINE_NO_ENTITY_RANKING,,,NOT_APPLICABLE_GLOBAL_BASELINE,HF9g-P5,,,,X 全窗基线 · 不参与实体赏罚,3925145,393,A168_HF9F_20260827_0900,2026-08-27 09:00:00
2026-06-21,151873811,1623,0,51.4310695091,51.4310695091,51.4310695091,1.0000000,1,1,0.49324550000000000,0.493245500000,1.01360149184955,1.01360149184955,1.01360149184955,0E-17,ELIGIBLE,R03b_20260811_FULL_v1,L1_ELIGIBILITY,v2026-08-11,2026-03-21..2026-08-06,baccarat_bet02_101_all_pairs_incl_sentinel,round_win = game_pnl > 0 (decisive only),COMPATIBILITY_ONLY_NOT_PRODUCTION,2956.8775,2746.0101,-61.8208,55,55,0.02090746,,0.02090746,0.02090746,61.8208,2956.8775,OK,0.0000,-2.4728,4.0000,96.0000,AG03-UNRESOLVED,ALL5_LEVELS_bet23_to_bet27,-2.4728,-2.4728,-2.4728,-3.0910,-3.0910,4.000000,4.000000,4.000000,5.000000,5.000000,96.000000,96.000000,96.000000,95.000000,95.000000,5.0,-13.6006,-12.4585,-48.2202,-49.3623,PENDING_AG03,FALSE,NOT_FOR_ENFORCEMENT,-59.3480,2636.1697,-61.8208,-59.3480,-2.4728,-0.02090746,-0.02007116,-2.4728,-59.3480,-0.02007116,-2.4728,-2.4728,-2.4728,-3.0910,-3.0910,-59.3480,-0.02007116,-13.6006,-12.4585,-48.2202,-49.3623,-0.01630782,-0.01669407,-0.00083630,53.7614,49.9275,-1.1240,-12.3642,-1.3439,591.3755,11.0000,,53.7614,51.4311,51.4311,64.2888,77.1466,77.1466,102.2193,51.4311,0.0,1.5,1.9875,1.04531,24,32,8,2,0E-8,-0.02090746,,0E-8,0.000000,0.928686,0.000000,,2026-06-21,2026-07-01,5,46,38,11,0.454546,,,0.000000,,,,,,,,GLOBAL_BASELINE_NO_ENTITY_RANKING,,,NOT_APPLICABLE_GLOBAL_BASELINE,HF9g-P5,,,,X 全窗基线 · 不参与实体赏罚,3925146,393,A168_HF9F_20260827_0900,2026-08-27 09:00:00
2026-06-21,151873811,1710,0,64.2888368864,61.0743950420,61.0743950420,1.0000000,1,1,0.50665070000000000,0.506650700000,0.9867858985152569,0.9867858985152569,0.9867858985152569,0E-17,ELIGIBLE,R03b_20260811_FULL_v1,L1_ELIGIBILITY,v2026-08-11,2026-03-21..2026-08-06,baccarat_bet02_101_all_pairs_incl_sentinel,round_win = game_pnl > 0 (decisive only),COMPATIBILITY_ONLY_NOT_PRODUCTION,2956.8775,2746.0101,-61.8208,55,55,0.02090746,,0.02090746,0.02090746,61.8208,2956.8775,OK,0.0000,-2.4728,4.0000,96.0000,AG03-UNRESOLVED,ALL5_LEVELS_bet23_to_bet27,-2.4728,-2.4728,-2.4728,-3.0910,-3.0910,4.000000,4.000000,4.000000,5.000000,5.000000,96.000000,96.000000,96.000000,95.000000,95.000000,5.0,-13.6006,-12.4585,-48.2202,-49.3623,PENDING_AG03,FALSE,NOT_FOR_ENFORCEMENT,-59.3480,2636.1697,-61.8208,-59.3480,-2.4728,-0.02090746,-0.02007116,-2.4728,-59.3480,-0.02007116,-2.4728,-2.4728,-2.4728,-3.0910,-3.0910,-59.3480,-0.02007116,-13.6006,-12.4585,-48.2202,-49.3623,-0.01630782,-0.01669407,-0.00083630,53.7614,49.9275,-1.1240,-12.3642,-1.3439,591.3755,11.0000,,53.7614,51.4311,51.4311,64.2888,77.1466,77.1466,102.2193,51.4311,0.0,1.5,1.9875,1.04531,24,32,8,2,0E-8,-0.02090746,,0E-8,0.000000,0.928686,0.000000,,2026-06-21,2026-07-01,5,46,38,11,0.454546,,,0.000000,,,,,,,,GLOBAL_BASELINE_NO_ENTITY_RANKING,,,NOT_APPLICABLE_GLOBAL_BASELINE,HF9g-P5,,,,X 全窗基线 · 不参与实体赏罚,3925147,393,A168_HF9F_20260827_0900,2026-08-27 09:00:00
2026-06-21,151873811,1935,0,51.4310695091,0E-10,0E-10,,1,1,0.49324550000000000,0.493245500000,,,,0E-17,NO_DECISIVE_ROUND,R03b_20260811_FULL_v1,L1_ELIGIBILITY,v2026-08-11,2026-03-21..2026-08-06,baccarat_bet02_101_all_pairs_incl_sentinel,round_win = game_pnl > 0 (decisive only),COMPATIBILITY_ONLY_NOT_PRODUCTION,2956.8775,2746.0101,-61.8208,55,55,0.02090746,,0.02090746,0.02090746,61.8208,2956.8775,OK,0.0000,-2.4728,4.0000,96.0000,AG03-UNRESOLVED,ALL5_LEVELS_bet23_to_bet27,-2.4728,-2.4728,-2.4728,-3.0910,-3.0910,4.000000,4.000000,4.000000,5.000000,5.000000,96.000000,96.000000,96.000000,95.000000,95.000000,5.0,-13.6006,-12.4585,-48.2202,-49.3623,PENDING_AG03,FALSE,NOT_FOR_ENFORCEMENT,-59.3480,2636.1697,-61.8208,-59.3480,-2.4728,-0.02090746,-0.02007116,-2.4728,-59.3480,-0.02007116,-2.4728,-2.4728,-2.4728,-3.0910,-3.0910,-59.3480,-0.02007116,-13.6006,-12.4585,-48.2202,-49.3623,-0.01630782,-0.01669407,-0.00083630,53.7614,49.9275,-1.1240,-12.3642,-1.3439,591.3755,11.0000,,53.7614,51.4311,51.4311,64.2888,77.1466,77.1466,102.2193,51.4311,0.0,1.5,1.9875,1.04531,24,32,8,2,0E-8,-0.02090746,,0E-8,0.000000,0.928686,0.000000,,2026-06-21,2026-07-01,5,46,38,11,0.454546,,,0.000000,,,,,,,,GLOBAL_BASELINE_NO_ENTITY_RANKING,,,NOT_APPLICABLE_GLOBAL_BASELINE,HF9g-P5,,,,X 全窗基线 · 不参与实体赏罚,3925148,393,A168_HF9F_20260827_0900,2026-08-27 09:00:00
2026-06-21,151873811,2130,0,51.4310695091,-51.4310695091,-51.4310695091,0E-7,1,1,0.50665070000000000,0.506650700000,-1.013391052207602,-1.013391052207602,-1.013391052207602,0E-17,ELIGIBLE,R03b_20260811_FULL_v1,L1_ELIGIBILITY,v2026-08-11,2026-03-21..2026-08-06,baccarat_bet02_101_all_pairs_incl_sentinel,round_win = game_pnl > 0 (decisive only),COMPATIBILITY_ONLY_NOT_PRODUCTION,2956.8775,2746.0101,-61.8208,55,55,0.02090746,,0.02090746,0.02090746,61.8208,2956.8775,OK,0.0000,-2.4728,4.0000,96.0000,AG03-UNRESOLVED,ALL5_LEVELS_bet23_to_bet27,-2.4728,-2.4728,-2.4728,-3.0910,-3.0910,4.000000,4.000000,4.000000,5.000000,5.000000,96.000000,96.000000,96.000000,95.000000,95.000000,5.0,-13.6006,-12.4585,-48.2202,-49.3623,PENDING_AG03,FALSE,NOT_FOR_ENFORCEMENT,-59.3480,2636.1697,-61.8208,-59.3480,-2.4728,-0.02090746,-0.02007116,-2.4728,-59.3480,-0.02007116,-2.4728,-2.4728,-2.4728,-3.0910,-3.0910,-59.3480,-0.02007116,-13.6006,-12.4585,-48.2202,-49.3623,-0.01630782,-0.01669407,-0.00083630,53.7614,49.9275,-1.1240,-12.3642,-1.3439,591.3755,11.0000,,53.7614,51.4311,51.4311,64.2888,77.1466,77.1466,102.2193,51.4311,0.0,1.5,1.9875,1.04531,24,32,8,2,0E-8,-0.02090746,,0E-8,0.000000,0.928686,0.000000,,2026-06-21,2026-07-01,5,46,38,11,0.454546,,,0.000000,,,,,,,,GLOBAL_BASELINE_NO_ENTITY_RANKING,,,NOT_APPLICABLE_GLOBAL_BASELINE,HF9g-P5,,,,X 全窗基线 · 不参与实体赏罚,3925149,393,A168_HF9F_20260827_0900,2026-08-27 09:00:00
2026-06-21,151873811,2156,0,77.1466042636,-77.1466042636,-77.1466042636,0E-7,1,1,0.49324550000000000,0.493245500000,-0.9865810262130424,-0.9865810262130424,-0.9865810262130424,0E-17,ELIGIBLE,R03b_20260811_FULL_v1,L1_ELIGIBILITY,v2026-08-11,2026-03-21..2026-08-06,baccarat_bet02_101_all_pairs_incl_sentinel,round_win = game_pnl > 0 (decisive only),COMPATIBILITY_ONLY_NOT_PRODUCTION,2956.8775,2746.0101,-61.8208,55,55,0.02090746,,0.02090746,0.02090746,61.8208,2956.8775,OK,0.0000,-2.4728,4.0000,96.0000,AG03-UNRESOLVED,ALL5_LEVELS_bet23_to_bet27,-2.4728,-2.4728,-2.4728,-3.0910,-3.0910,4.000000,4.000000,4.000000,5.000000,5.000000,96.000000,96.000000,96.000000,95.000000,95.000000,5.0,-13.6006,-12.4585,-48.2202,-49.3623,PENDING_AG03,FALSE,NOT_FOR_ENFORCEMENT,-59.3480,2636.1697,-61.8208,-59.3480,-2.4728,-0.02090746,-0.02007116,-2.4728,-59.3480,-0.02007116,-2.4728,-2.4728,-2.4728,-3.0910,-3.0910,-59.3480,-0.02007116,-13.6006,-12.4585,-48.2202,-49.3623,-0.01630782,-0.01669407,-0.00083630,53.7614,49.9275,-1.1240,-12.3642,-1.3439,591.3755,11.0000,,53.7614,51.4311,51.4311,64.2888,77.1466,77.1466,102.2193,51.4311,0.0,1.5,1.9875,1.04531,24,32,8,2,0E-8,-0.02090746,,0E-8,0.000000,0.928686,0.000000,,2026-06-21,2026-07-01,5,46,38,11,0.454546,,,0.000000,,,,,,,,GLOBAL_BASELINE_NO_ENTITY_RANKING,,,NOT_APPLICABLE_GLOBAL_BASELINE,HF9g-P5,,,,X 全窗基线 · 不参与实体赏罚,3925150,393,A168_HF9F_20260827_0900,2026-08-27 09:00:00
2026-06-21,151873811,2171,0,102.8621390182,-2.5715534755,-2.5715534755,0.5000000,2,2,0.49994810000000000,0.499948100000,0.00014679536856514622,0.00014679536856514622,0.00014679536856514622,0E-17,ELIGIBLE,R03b_20260811_FULL_v1,L1_ELIGIBILITY,v2026-08-11,2026-03-21..2026-08-06,baccarat_bet02_101_all_pairs_incl_sentinel,round_win = game_pnl > 0 (decisive only),COMPATIBILITY_ONLY_NOT_PRODUCTION,2956.8775,2746.0101,-61.8208,55,55,0.02090746,,0.02090746,0.02090746,61.8208,2956.8775,OK,0.0000,-2.4728,4.0000,96.0000,AG03-UNRESOLVED,ALL5_LEVELS_bet23_to_bet27,-2.4728,-2.4728,-2.4728,-3.0910,-3.0910,4.000000,4.000000,4.000000,5.000000,5.000000,96.000000,96.000000,96.000000,95.000000,95.000000,5.0,-13.6006,-12.4585,-48.2202,-49.3623,PENDING_AG03,FALSE,NOT_FOR_ENFORCEMENT,-59.3480,2636.1697,-61.8208,-59.3480,-2.4728,-0.02090746,-0.02007116,-2.4728,-59.3480,-0.02007116,-2.4728,-2.4728,-2.4728,-3.0910,-3.0910,-59.3480,-0.02007116,-13.6006,-12.4585,-48.2202,-49.3623,-0.01630782,-0.01669407,-0.00083630,53.7614,49.9275,-1.1240,-12.3642,-1.3439,591.3755,11.0000,,53.7614,51.4311,51.4311,64.2888,77.1466,77.1466,102.2193,51.4311,0.0,1.5,1.9875,1.04531,24,32,8,2,0E-8,-0.02090746,,0E-8,0.000000,0.928686,0.000000,,2026-06-21,2026-07-01,5,46,38,11,0.454546,,,0.000000,,,,,,,,GLOBAL_BASELINE_NO_ENTITY_RANKING,,,NOT_APPLICABLE_GLOBAL_BASELINE,HF9g-P5,,,,X 全窗基线 · 不参与实体赏罚,3925151,393,A168_HF9F_20260827_0900,2026-08-27 09:00:00
2026-06-21,151873811,2212,0,64.2888368864,61.0743950420,61.0743950420,1.0000000,1,1,0.50665070000000000,0.506650700000,0.9867858985152569,0.9867858985152569,0.9867858985152569,0E-17,ELIGIBLE,R03b_20260811_FULL_v1,L1_ELIGIBILITY,v2026-08-11,2026-03-21..2026-08-06,baccarat_bet02_101_all_pairs_incl_sentinel,round_win = game_pnl > 0 (decisive only),COMPATIBILITY_ONLY_NOT_PRODUCTION,2956.8775,2746.0101,-61.8208,55,55,0.02090746,,0.02090746,0.02090746,61.8208,2956.8775,OK,0.0000,-2.4728,4.0000,96.0000,AG03-UNRESOLVED,ALL5_LEVELS_bet23_to_bet27,-2.4728,-2.4728,-2.4728,-3.0910,-3.0910,4.000000,4.000000,4.000000,5.000000,5.000000,96.000000,96.000000,96.000000,95.000000,95.000000,5.0,-13.6006,-12.4585,-48.2202,-49.3623,PENDING_AG03,FALSE,NOT_FOR_ENFORCEMENT,-59.3480,2636.1697,-61.8208,-59.3480,-2.4728,-0.02090746,-0.02007116,-2.4728,-59.3480,-0.02007116,-2.4728,-2.4728,-2.4728,-3.0910,-3.0910,-59.3480,-0.02007116,-13.6006,-12.4585,-48.2202,-49.3623,-0.01630782,-0.01669407,-0.00083630,53.7614,49.9275,-1.1240,-12.3642,-1.3439,591.3755,11.0000,,53.7614,51.4311,51.4311,64.2888,77.1466,77.1466,102.2193,51.4311,0.0,1.5,1.9875,1.04531,24,32,8,2,0E-8,-0.02090746,,0E-8,0.000000,0.928686,0.000000,,2026-06-21,2026-07-01,5,46,38,11,0.454546,,,0.000000,,,,,,,,GLOBAL_BASELINE_NO_ENTITY_RANKING,,,NOT_APPLICABLE_GLOBAL_BASELINE,HF9g-P5,,,,X 全窗基线 · 不参与实体赏罚,3925152,393,A168_HF9F_20260827_0900,2026-08-27 09:00:00
2026-06-21,151873811,2276,0,25.7155347545,24.4297580168,24.4297580168,1.0000000,1,1,0.50665070000000000,0.506650700000,0.9867858985152569,0.9867858985152569,0.9867858985152569,0E-17,ELIGIBLE,R03b_20260811_FULL_v1,L1_ELIGIBILITY,v2026-08-11,2026-03-21..2026-08-06,baccarat_bet02_101_all_pairs_incl_sentinel,round_win = game_pnl > 0 (decisive only),COMPATIBILITY_ONLY_NOT_PRODUCTION,2956.8775,2746.0101,-61.8208,55,55,0.02090746,,0.02090746,0.02090746,61.8208,2956.8775,OK,0.0000,-2.4728,4.0000,96.0000,AG03-UNRESOLVED,ALL5_LEVELS_bet23_to_bet27,-2.4728,-2.4728,-2.4728,-3.0910,-3.0910,4.000000,4.000000,4.000000,5.000000,5.000000,96.000000,96.000000,96.000000,95.000000,95.000000,5.0,-13.6006,-12.4585,-48.2202,-49.3623,PENDING_AG03,FALSE,NOT_FOR_ENFORCEMENT,-59.3480,2636.1697,-61.8208,-59.3480,-2.4728,-0.02090746,-0.02007116,-2.4728,-59.3480,-0.02007116,-2.4728,-2.4728,-2.4728,-3.0910,-3.0910,-59.3480,-0.02007116,-13.6006,-12.4585,-48.2202,-49.3623,-0.01630782,-0.01669407,-0.00083630,53.7614,49.9275,-1.1240,-12.3642,-1.3439,591.3755,11.0000,,53.7614,51.4311,51.4311,64.2888,77.1466,77.1466,102.2193,51.4311,0.0,1.5,1.9875,1.04531,24,32,8,2,0E-8,-0.02090746,,0E-8,0.000000,0.928686,0.000000,,2026-06-21,2026-07-01,5,46,38,11,0.454546,,,0.000000,,,,,,,,GLOBAL_BASELINE_NO_ENTITY_RANKING,,,NOT_APPLICABLE_GLOBAL_BASELINE,HF9g-P5,,,,X 全窗基线 · 不参与实体赏罚,3925153,393,A168_HF9F_20260827_0900,2026-08-27 09:00:00
2026-06-21,151873811,2281,0,141.4354411500,12.8577673772,12.8577673772,0.5000000,2,2,0.49324550000000000,0.493245500000,0.01910635448239258,0.01910635448239258,0.01910635448239258,0E-17,ELIGIBLE,R03b_20260811_FULL_v1,L1_ELIGIBILITY,v2026-08-11,2026-03-21..2026-08-06,baccarat_bet02_101_all_pairs_incl_sentinel,round_win = game_pnl > 0 (decisive only),COMPATIBILITY_ONLY_NOT_PRODUCTION,2956.8775,2746.0101,-61.8208,55,55,0.02090746,,0.02090746,0.02090746,61.8208,2956.8775,OK,0.0000,-2.4728,4.0000,96.0000,AG03-UNRESOLVED,ALL5_LEVELS_bet23_to_bet27,-2.4728,-2.4728,-2.4728,-3.0910,-3.0910,4.000000,4.000000,4.000000,5.000000,5.000000,96.000000,96.000000,96.000000,95.000000,95.000000,5.0,-13.6006,-12.4585,-48.2202,-49.3623,PENDING_AG03,FALSE,NOT_FOR_ENFORCEMENT,-59.3480,2636.1697,-61.8208,-59.3480,-2.4728,-0.02090746,-0.02007116,-2.4728,-59.3480,-0.02007116,-2.4728,-2.4728,-2.4728,-3.0910,-3.0910,-59.3480,-0.02007116,-13.6006,-12.4585,-48.2202,-49.3623,-0.01630782,-0.01669407,-0.00083630,53.7614,49.9275,-1.1240,-12.3642,-1.3439,591.3755,11.0000,,53.7614,51.4311,51.4311,64.2888,77.1466,77.1466,102.2193,51.4311,0.0,1.5,1.9875,1.04531,24,32,8,2,0E-8,-0.02090746,,0E-8,0.000000,0.928686,0.000000,,2026-06-21,2026-07-01,5,46,38,11,0.454546,,,0.000000,,,,,,,,GLOBAL_BASELINE_NO_ENTITY_RANKING,,,NOT_APPLICABLE_GLOBAL_BASELINE,HF9g-P5,,,,X 全窗基线 · 不参与实体赏罚,3925154,393,A168_HF9F_20260827_0900,2026-08-27 09:00:00
2026-06-21,151873811,948,0,154.2932085272,0E-10,0E-10,0.5000000,2,2,0.49994810000000000,0.499948100000,0.00014679536856514622,0.00014679536856514622,0.00014679536856514622,0E-17,ELIGIBLE,R03b_20260811_FULL_v1,L1_ELIGIBILITY,v2026-08-11,2026-03-21..2026-08-06,baccarat_bet02_101_all_pairs_incl_sentinel,round_win = game_pnl > 0 (decisive only),COMPATIBILITY_ONLY_NOT_PRODUCTION,2956.8775,2746.0101,-61.8208,55,55,0.02090746,,0.02090746,0.02090746,61.8208,2956.8775,OK,0.0000,-2.4728,4.0000,96.0000,AG03-UNRESOLVED,ALL5_LEVELS_bet23_to_bet27,-2.4728,-2.4728,-2.4728,-3.0910,-3.0910,4.000000,4.000000,4.000000,5.000000,5.000000,96.000000,96.000000,96.000000,95.000000,95.000000,5.0,-13.6006,-12.4585,-48.2202,-49.3623,PENDING_AG03,FALSE,NOT_FOR_ENFORCEMENT,-59.3480,2636.1697,-61.8208,-59.3480,-2.4728,-0.02090746,-0.02007116,-2.4728,-59.3480,-0.02007116,-2.4728,-2.4728,-2.4728,-3.0910,-3.0910,-59.3480,-0.02007116,-13.6006,-12.4585,-48.2202,-49.3623,-0.01630782,-0.01669407,-0.00083630,53.7614,49.9275,-1.1240,-12.3642,-1.3439,591.3755,11.0000,,53.7614,51.4311,51.4311,64.2888,77.1466,77.1466,102.2193,51.4311,0.0,1.5,1.9875,1.04531,24,32,8,2,0E-8,-0.02090746,,0E-8,0.000000,0.928686,0.000000,,2026-06-21,2026-07-01,5,46,38,11,0.454546,,,0.000000,,,,,,,,GLOBAL_BASELINE_NO_ENTITY_RANKING,,,NOT_APPLICABLE_GLOBAL_BASELINE,HF9g-P5,,,,X 全窗基线 · 不参与实体赏罚,3925155,393,A168_HF9F_20260827_0900,2026-08-27 09:00:00
2026-06-23,151873811,2170,0,5.1431069509,-5.1431069509,-5.1431069509,0E-7,1,1,0.50665070000000000,0.506650700000,-1.013391052207602,-1.013391052207602,-1.013391052207602,0E-17,ELIGIBLE,R03b_20260811_FULL_v1,L1_ELIGIBILITY,v2026-08-11,2026-03-21..2026-08-06,baccarat_bet02_101_all_pairs_incl_sentinel,round_win = game_pnl > 0 (decisive only),COMPATIBILITY_ONLY_NOT_PRODUCTION,2956.8775,2746.0101,-61.8208,55,55,0.02090746,,0.02090746,0.02090746,61.8208,2956.8775,OK,0.0000,-2.4728,4.0000,96.0000,AG03-UNRESOLVED,ALL5_LEVELS_bet23_to_bet27,-2.4728,-2.4728,-2.4728,-3.0910,-3.0910,4.000000,4.000000,4.000000,5.000000,5.000000,96.000000,96.000000,96.000000,95.000000,95.000000,5.0,-13.6006,-12.4585,-48.2202,-49.3623,PENDING_AG03,FALSE,NOT_FOR_ENFORCEMENT,-59.3480,2636.1697,-61.8208,-59.3480,-2.4728,-0.02090746,-0.02007116,-2.4728,-59.3480,-0.02007116,-2.4728,-2.4728,-2.4728,-3.0910,-3.0910,-59.3480,-0.02007116,-13.6006,-12.4585,-48.2202,-49.3623,-0.01630782,-0.01669407,-0.00083630,53.7614,49.9275,-1.1240,-12.3642,-1.3439,591.3755,11.0000,,53.7614,51.4311,51.4311,64.2888,77.1466,77.1466,102.2193,51.4311,0.0,1.5,1.9875,1.04531,24,32,8,2,0E-8,-0.02090746,,0E-8,0.000000,0.928686,0.000000,,2026-06-21,2026-07-01,5,46,38,11,0.454546,,,0.000000,,,,,,,,GLOBAL_BASELINE_NO_ENTITY_RANKING,,,NOT_APPLICABLE_GLOBAL_BASELINE,HF9g-P5,,,,X 全窗基线 · 不参与实体赏罚,3925156,393,A168_HF9F_20260827_0900,2026-08-27 09:00:00
2026-06-23,151873811,2241,0,5.1431069509,0E-10,0E-10,,1,1,0.50665070000000000,0.506650700000,,,,0E-17,NO_DECISIVE_ROUND,R03b_20260811_FULL_v1,L1_ELIGIBILITY,v2026-08-11,2026-03-21..2026-08-06,baccarat_bet02_101_all_pairs_incl_sentinel,round_win = game_pnl > 0 (decisive only),COMPATIBILITY_ONLY_NOT_PRODUCTION,2956.8775,2746.0101,-61.8208,55,55,0.02090746,,0.02090746,0.02090746,61.8208,2956.8775,OK,0.0000,-2.4728,4.0000,96.0000,AG03-UNRESOLVED,ALL5_LEVELS_bet23_to_bet27,-2.4728,-2.4728,-2.4728,-3.0910,-3.0910,4.000000,4.000000,4.000000,5.000000,5.000000,96.000000,96.000000,96.000000,95.000000,95.000000,5.0,-13.6006,-12.4585,-48.2202,-49.3623,PENDING_AG03,FALSE,NOT_FOR_ENFORCEMENT,-59.3480,2636.1697,-61.8208,-59.3480,-2.4728,-0.02090746,-0.02007116,-2.4728,-59.3480,-0.02007116,-2.4728,-2.4728,-2.4728,-3.0910,-3.0910,-59.3480,-0.02007116,-13.6006,-12.4585,-48.2202,-49.3623,-0.01630782,-0.01669407,-0.00083630,53.7614,49.9275,-1.1240,-12.3642,-1.3439,591.3755,11.0000,,53.7614,51.4311,51.4311,64.2888,77.1466,77.1466,102.2193,51.4311,0.0,1.5,1.9875,1.04531,24,32,8,2,0E-8,-0.02090746,,0E-8,0.000000,0.928686,0.000000,,2026-06-21,2026-07-01,5,46,38,11,0.454546,,,0.000000,,,,,,,,GLOBAL_BASELINE_NO_ENTITY_RANKING,,,NOT_APPLICABLE_GLOBAL_BASELINE,HF9g-P5,,,,X 全窗基线 · 不参与实体赏罚,3925157,393,A168_HF9F_20260827_0900,2026-08-27 09:00:00
2026-06-25,151873811,-1,1,295.7286496773,162.6507573226,162.6507573226,0.7500000,5,5,0.49860758000000000,0.498607580000,1.005573579286957,1.005573579286957,1.005573579286957,0E-17,SENTINEL_DEALER,R03b_20260811_FULL_v1,L1_ELIGIBILITY,v2026-08-11,2026-03-21..2026-08-06,baccarat_bet02_101_all_pairs_incl_sentinel,round_win = game_pnl > 0 (decisive only),COMPATIBILITY_ONLY_NOT_PRODUCTION,2956.8775,2746.0101,-61.8208,55,55,0.02090746,,0.02090746,0.02090746,61.8208,2956.8775,OK,0.0000,-2.4728,4.0000,96.0000,AG03-UNRESOLVED,ALL5_LEVELS_bet23_to_bet27,-2.4728,-2.4728,-2.4728,-3.0910,-3.0910,4.000000,4.000000,4.000000,5.000000,5.000000,96.000000,96.000000,96.000000,95.000000,95.000000,5.0,-13.6006,-12.4585,-48.2202,-49.3623,PENDING_AG03,FALSE,NOT_FOR_ENFORCEMENT,-59.3480,2636.1697,-61.8208,-59.3480,-2.4728,-0.02090746,-0.02007116,-2.4728,-59.3480,-0.02007116,-2.4728,-2.4728,-2.4728,-3.0910,-3.0910,-59.3480,-0.02007116,-13.6006,-12.4585,-48.2202,-49.3623,-0.01630782,-0.01669407,-0.00083630,53.7614,49.9275,-1.1240,-12.3642,-1.3439,591.3755,11.0000,,53.7614,51.4311,51.4311,64.2888,77.1466,77.1466,102.2193,51.4311,0.0,1.5,1.9875,1.04531,24,32,8,2,0E-8,-0.02090746,,0E-8,0.000000,0.928686,0.000000,,2026-06-21,2026-07-01,5,46,38,11,0.454546,,,0.000000,,,,,,,,GLOBAL_BASELINE_NO_ENTITY_RANKING,,,NOT_APPLICABLE_GLOBAL_BASELINE,HF9g-P5,,,,X 全窗基线 · 不参与实体赏罚,3925158,393,A168_HF9F_20260827_0900,2026-08-27 09:00:00
2026-06-25,151873811,1004,0,51.4310695091,48.8595160336,48.8595160336,1.0000000,1,1,0.50665070000000000,0.506650700000,0.9867858985152569,0.9867858985152569,0.9867858985152569,0E-17,ELIGIBLE,R03b_20260811_FULL_v1,L1_ELIGIBILITY,v2026-08-11,2026-03-21..2026-08-06,baccarat_bet02_101_all_pairs_incl_sentinel,round_win = game_pnl > 0 (decisive only),COMPATIBILITY_ONLY_NOT_PRODUCTION,2956.8775,2746.0101,-61.8208,55,55,0.02090746,,0.02090746,0.02090746,61.8208,2956.8775,OK,0.0000,-2.4728,4.0000,96.0000,AG03-UNRESOLVED,ALL5_LEVELS_bet23_to_bet27,-2.4728,-2.4728,-2.4728,-3.0910,-3.0910,4.000000,4.000000,4.000000,5.000000,5.000000,96.000000,96.000000,96.000000,95.000000,95.000000,5.0,-13.6006,-12.4585,-48.2202,-49.3623,PENDING_AG03,FALSE,NOT_FOR_ENFORCEMENT,-59.3480,2636.1697,-61.8208,-59.3480,-2.4728,-0.02090746,-0.02007116,-2.4728,-59.3480,-0.02007116,-2.4728,-2.4728,-2.4728,-3.0910,-3.0910,-59.3480,-0.02007116,-13.6006,-12.4585,-48.2202,-49.3623,-0.01630782,-0.01669407,-0.00083630,53.7614,49.9275,-1.1240,-12.3642,-1.3439,591.3755,11.0000,,53.7614,51.4311,51.4311,64.2888,77.1466,77.1466,102.2193,51.4311,0.0,1.5,1.9875,1.04531,24,32,8,2,0E-8,-0.02090746,,0E-8,0.000000,0.928686,0.000000,,2026-06-21,2026-07-01,5,46,38,11,0.454546,,,0.000000,,,,,,,,GLOBAL_BASELINE_NO_ENTITY_RANKING,,,NOT_APPLICABLE_GLOBAL_BASELINE,HF9g-P5,,,,X 全窗基线 · 不参与实体赏罚,3925159,393,A168_HF9F_20260827_0900,2026-08-27 09:00:00
2026-06-25,151873811,1383,0,77.1466042636,-77.1466042636,-77.1466042636,0E-7,2,2,0.50665070000000000,0.506650700000,-1.4331513700195317,-1.4331513700195317,-1.4331513700195317,0E-17,ELIGIBLE,R03b_20260811_FULL_v1,L1_ELIGIBILITY,v2026-08-11,2026-03-21..2026-08-06,baccarat_bet02_101_all_pairs_incl_sentinel,round_win = game_pnl > 0 (decisive only),COMPATIBILITY_ONLY_NOT_PRODUCTION,2956.8775,2746.0101,-61.8208,55,55,0.02090746,,0.02090746,0.02090746,61.8208,2956.8775,OK,0.0000,-2.4728,4.0000,96.0000,AG03-UNRESOLVED,ALL5_LEVELS_bet23_to_bet27,-2.4728,-2.4728,-2.4728,-3.0910,-3.0910,4.000000,4.000000,4.000000,5.000000,5.000000,96.000000,96.000000,96.000000,95.000000,95.000000,5.0,-13.6006,-12.4585,-48.2202,-49.3623,PENDING_AG03,FALSE,NOT_FOR_ENFORCEMENT,-59.3480,2636.1697,-61.8208,-59.3480,-2.4728,-0.02090746,-0.02007116,-2.4728,-59.3480,-0.02007116,-2.4728,-2.4728,-2.4728,-3.0910,-3.0910,-59.3480,-0.02007116,-13.6006,-12.4585,-48.2202,-49.3623,-0.01630782,-0.01669407,-0.00083630,53.7614,49.9275,-1.1240,-12.3642,-1.3439,591.3755,11.0000,,53.7614,51.4311,51.4311,64.2888,77.1466,77.1466,102.2193,51.4311,0.0,1.5,1.9875,1.04531,24,32,8,2,0E-8,-0.02090746,,0E-8,0.000000,0.928686,0.000000,,2026-06-21,2026-07-01,5,46,38,11,0.454546,,,0.000000,,,,,,,,GLOBAL_BASELINE_NO_ENTITY_RANKING,,,NOT_APPLICABLE_GLOBAL_BASELINE,HF9g-P5,,,,X 全窗基线 · 不参与实体赏罚,3925160,393,A168_HF9F_20260827_0900,2026-08-27 09:00:00
2026-06-25,151873811,1385,0,51.4310695091,-51.4310695091,-51.4310695091,0E-7,1,1,0.49324550000000000,0.493245500000,-0.9865810262130424,-0.9865810262130424,-0.9865810262130424,0E-17,ELIGIBLE,R03b_20260811_FULL_v1,L1_ELIGIBILITY,v2026-08-11,2026-03-21..2026-08-06,baccarat_bet02_101_all_pairs_incl_sentinel,round_win = game_pnl > 0 (decisive only),COMPATIBILITY_ONLY_NOT_PRODUCTION,2956.8775,2746.0101,-61.8208,55,55,0.02090746,,0.02090746,0.02090746,61.8208,2956.8775,OK,0.0000,-2.4728,4.0000,96.0000,AG03-UNRESOLVED,ALL5_LEVELS_bet23_to_bet27,-2.4728,-2.4728,-2.4728,-3.0910,-3.0910,4.000000,4.000000,4.000000,5.000000,5.000000,96.000000,96.000000,96.000000,95.000000,95.000000,5.0,-13.6006,-12.4585,-48.2202,-49.3623,PENDING_AG03,FALSE,NOT_FOR_ENFORCEMENT,-59.3480,2636.1697,-61.8208,-59.3480,-2.4728,-0.02090746,-0.02007116,-2.4728,-59.3480,-0.02007116,-2.4728,-2.4728,-2.4728,-3.0910,-3.0910,-59.3480,-0.02007116,-13.6006,-12.4585,-48.2202,-49.3623,-0.01630782,-0.01669407,-0.00083630,53.7614,49.9275,-1.1240,-12.3642,-1.3439,591.3755,11.0000,,53.7614,51.4311,51.4311,64.2888,77.1466,77.1466,102.2193,51.4311,0.0,1.5,1.9875,1.04531,24,32,8,2,0E-8,-0.02090746,,0E-8,0.000000,0.928686,0.000000,,2026-06-21,2026-07-01,5,46,38,11,0.454546,,,0.000000,,,,,,,,GLOBAL_BASELINE_NO_ENTITY_RANKING,,,NOT_APPLICABLE_GLOBAL_BASELINE,HF9g-P5,,,,X 全窗基线 · 不参与实体赏罚,3925161,393,A168_HF9F_20260827_0900,2026-08-27 09:00:00
2026-06-25,151873811,1507,0,51.4310695091,51.4310695091,51.4310695091,1.0000000,1,1,0.49324550000000000,0.493245500000,1.01360149184955,1.01360149184955,1.01360149184955,0E-17,ELIGIBLE,R03b_20260811_FULL_v1,L1_ELIGIBILITY,v2026-08-11,2026-03-21..2026-08-06,baccarat_bet02_101_all_pairs_incl_sentinel,round_win = game_pnl > 0 (decisive only),COMPATIBILITY_ONLY_NOT_PRODUCTION,2956.8775,2746.0101,-61.8208,55,55,0.02090746,,0.02090746,0.02090746,61.8208,2956.8775,OK,0.0000,-2.4728,4.0000,96.0000,AG03-UNRESOLVED,ALL5_LEVELS_bet23_to_bet27,-2.4728,-2.4728,-2.4728,-3.0910,-3.0910,4.000000,4.000000,4.000000,5.000000,5.000000,96.000000,96.000000,96.000000,95.000000,95.000000,5.0,-13.6006,-12.4585,-48.2202,-49.3623,PENDING_AG03,FALSE,NOT_FOR_ENFORCEMENT,-59.3480,2636.1697,-61.8208,-59.3480,-2.4728,-0.02090746,-0.02007116,-2.4728,-59.3480,-0.02007116,-2.4728,-2.4728,-2.4728,-3.0910,-3.0910,-59.3480,-0.02007116,-13.6006,-12.4585,-48.2202,-49.3623,-0.01630782,-0.01669407,-0.00083630,53.7614,49.9275,-1.1240,-12.3642,-1.3439,591.3755,11.0000,,53.7614,51.4311,51.4311,64.2888,77.1466,77.1466,102.2193,51.4311,0.0,1.5,1.9875,1.04531,24,32,8,2,0E-8,-0.02090746,,0E-8,0.000000,0.928686,0.000000,,2026-06-21,2026-07-01,5,46,38,11,0.454546,,,0.000000,,,,,,,,GLOBAL_BASELINE_NO_ENTITY_RANKING,,,NOT_APPLICABLE_GLOBAL_BASELINE,HF9g-P5,,,,X 全窗基线 · 不参与实体赏罚,3925162,393,A168_HF9F_20260827_0900,2026-08-27 09:00:00
2026-06-25,151873811,2103,0,51.4310695091,48.8595160336,48.8595160336,1.0000000,1,1,0.50665070000000000,0.506650700000,0.9867858985152569,0.9867858985152569,0.9867858985152569,0E-17,ELIGIBLE,R03b_20260811_FULL_v1,L1_ELIGIBILITY,v2026-08-11,2026-03-21..2026-08-06,baccarat_bet02_101_all_pairs_incl_sentinel,round_win = game_pnl > 0 (decisive only),COMPATIBILITY_ONLY_NOT_PRODUCTION,2956.8775,2746.0101,-61.8208,55,55,0.02090746,,0.02090746,0.02090746,61.8208,2956.8775,OK,0.0000,-2.4728,4.0000,96.0000,AG03-UNRESOLVED,ALL5_LEVELS_bet23_to_bet27,-2.4728,-2.4728,-2.4728,-3.0910,-3.0910,4.000000,4.000000,4.000000,5.000000,5.000000,96.000000,96.000000,96.000000,95.000000,95.000000,5.0,-13.6006,-12.4585,-48.2202,-49.3623,PENDING_AG03,FALSE,NOT_FOR_ENFORCEMENT,-59.3480,2636.1697,-61.8208,-59.3480,-2.4728,-0.02090746,-0.02007116,-2.4728,-59.3480,-0.02007116,-2.4728,-2.4728,-2.4728,-3.0910,-3.0910,-59.3480,-0.02007116,-13.6006,-12.4585,-48.2202,-49.3623,-0.01630782,-0.01669407,-0.00083630,53.7614,49.9275,-1.1240,-12.3642,-1.3439,591.3755,11.0000,,53.7614,51.4311,51.4311,64.2888,77.1466,77.1466,102.2193,51.4311,0.0,1.5,1.9875,1.04531,24,32,8,2,0E-8,-0.02090746,,0E-8,0.000000,0.928686,0.000000,,2026-06-21,2026-07-01,5,46,38,11,0.454546,,,0.000000,,,,,,,,GLOBAL_BASELINE_NO_ENTITY_RANKING,,,NOT_APPLICABLE_GLOBAL_BASELINE,HF9g-P5,,,,X 全窗基线 · 不参与实体赏罚,3925163,393,A168_HF9F_20260827_0900,2026-08-27 09:00:00
2026-06-25,151873811,2145,0,77.1466042636,-77.1466042636,-77.1466042636,0E-7,1,1,0.50665070000000000,0.506650700000,-1.013391052207602,-1.013391052207602,-1.013391052207602,0E-17,ELIGIBLE,R03b_20260811_FULL_v1,L1_ELIGIBILITY,v2026-08-11,2026-03-21..2026-08-06,baccarat_bet02_101_all_pairs_incl_sentinel,round_win = game_pnl > 0 (decisive only),COMPATIBILITY_ONLY_NOT_PRODUCTION,2956.8775,2746.0101,-61.8208,55,55,0.02090746,,0.02090746,0.02090746,61.8208,2956.8775,OK,0.0000,-2.4728,4.0000,96.0000,AG03-UNRESOLVED,ALL5_LEVELS_bet23_to_bet27,-2.4728,-2.4728,-2.4728,-3.0910,-3.0910,4.000000,4.000000,4.000000,5.000000,5.000000,96.000000,96.000000,96.000000,95.000000,95.000000,5.0,-13.6006,-12.4585,-48.2202,-49.3623,PENDING_AG03,FALSE,NOT_FOR_ENFORCEMENT,-59.3480,2636.1697,-61.8208,-59.3480,-2.4728,-0.02090746,-0.02007116,-2.4728,-59.3480,-0.02007116,-2.4728,-2.4728,-2.4728,-3.0910,-3.0910,-59.3480,-0.02007116,-13.6006,-12.4585,-48.2202,-49.3623,-0.01630782,-0.01669407,-0.00083630,53.7614,49.9275,-1.1240,-12.3642,-1.3439,591.3755,11.0000,,53.7614,51.4311,51.4311,64.2888,77.1466,77.1466,102.2193,51.4311,0.0,1.5,1.9875,1.04531,24,32,8,2,0E-8,-0.02090746,,0E-8,0.000000,0.928686,0.000000,,2026-06-21,2026-07-01,5,46,38,11,0.454546,,,0.000000,,,,,,,,GLOBAL_BASELINE_NO_ENTITY_RANKING,,,NOT_APPLICABLE_GLOBAL_BASELINE,HF9g-P5,,,,X 全窗基线 · 不参与实体赏罚,3925164,393,A168_HF9F_20260827_0900,2026-08-27 09:00:00
2026-06-25,151873811,2153,0,51.4310695091,48.8595160336,48.8595160336,1.0000000,1,1,0.50665070000000000,0.506650700000,0.9867858985152569,0.9867858985152569,0.9867858985152569,0E-17,ELIGIBLE,R03b_20260811_FULL_v1,L1_ELIGIBILITY,v2026-08-11,2026-03-21..2026-08-06,baccarat_bet02_101_all_pairs_incl_sentinel,round_win = game_pnl > 0 (decisive only),COMPATIBILITY_ONLY_NOT_PRODUCTION,2956.8775,2746.0101,-61.8208,55,55,0.02090746,,0.02090746,0.02090746,61.8208,2956.8775,OK,0.0000,-2.4728,4.0000,96.0000,AG03-UNRESOLVED,ALL5_LEVELS_bet23_to_bet27,-2.4728,-2.4728,-2.4728,-3.0910,-3.0910,4.000000,4.000000,4.000000,5.000000,5.000000,96.000000,96.000000,96.000000,95.000000,95.000000,5.0,-13.6006,-12.4585,-48.2202,-49.3623,PENDING_AG03,FALSE,NOT_FOR_ENFORCEMENT,-59.3480,2636.1697,-61.8208,-59.3480,-2.4728,-0.02090746,-0.02007116,-2.4728,-59.3480,-0.02007116,-2.4728,-2.4728,-2.4728,-3.0910,-3.0910,-59.3480,-0.02007116,-13.6006,-12.4585,-48.2202,-49.3623,-0.01630782,-0.01669407,-0.00083630,53.7614,49.9275,-1.1240,-12.3642,-1.3439,591.3755,11.0000,,53.7614,51.4311,51.4311,64.2888,77.1466,77.1466,102.2193,51.4311,0.0,1.5,1.9875,1.04531,24,32,8,2,0E-8,-0.02090746,,0E-8,0.000000,0.928686,0.000000,,2026-06-21,2026-07-01,5,46,38,11,0.454546,,,0.000000,,,,,,,,GLOBAL_BASELINE_NO_ENTITY_RANKING,,,NOT_APPLICABLE_GLOBAL_BASELINE,HF9g-P5,,,,X 全窗基线 · 不参与实体赏罚,3925165,393,A168_HF9F_20260827_0900,2026-08-27 09:00:00
2026-06-25,151873811,2175,0,77.1466042636,-77.1466042636,-77.1466042636,0E-7,1,1,0.50665070000000000,0.506650700000,-1.013391052207602,-1.013391052207602,-1.013391052207602,0E-17,ELIGIBLE,R03b_20260811_FULL_v1,L1_ELIGIBILITY,v2026-08-11,2026-03-21..2026-08-06,baccarat_bet02_101_all_pairs_incl_sentinel,round_win = game_pnl > 0 (decisive only),COMPATIBILITY_ONLY_NOT_PRODUCTION,2956.8775,2746.0101,-61.8208,55,55,0.02090746,,0.02090746,0.02090746,61.8208,2956.8775,OK,0.0000,-2.4728,4.0000,96.0000,AG03-UNRESOLVED,ALL5_LEVELS_bet23_to_bet27,-2.4728,-2.4728,-2.4728,-3.0910,-3.0910,4.000000,4.000000,4.000000,5.000000,5.000000,96.000000,96.000000,96.000000,95.000000,95.000000,5.0,-13.6006,-12.4585,-48.2202,-49.3623,PENDING_AG03,FALSE,NOT_FOR_ENFORCEMENT,-59.3480,2636.1697,-61.8208,-59.3480,-2.4728,-0.02090746,-0.02007116,-2.4728,-59.3480,-0.02007116,-2.4728,-2.4728,-2.4728,-3.0910,-3.0910,-59.3480,-0.02007116,-13.6006,-12.4585,-48.2202,-49.3623,-0.01630782,-0.01669407,-0.00083630,53.7614,49.9275,-1.1240,-12.3642,-1.3439,591.3755,11.0000,,53.7614,51.4311,51.4311,64.2888,77.1466,77.1466,102.2193,51.4311,0.0,1.5,1.9875,1.04531,24,32,8,2,0E-8,-0.02090746,,0E-8,0.000000,0.928686,0.000000,,2026-06-21,2026-07-01,5,46,38,11,0.454546,,,0.000000,,,,,,,,GLOBAL_BASELINE_NO_ENTITY_RANKING,,,NOT_APPLICABLE_GLOBAL_BASELINE,HF9g-P5,,,,X 全窗基线 · 不参与实体赏罚,3925166,393,A168_HF9F_20260827_0900,2026-08-27 09:00:00
2026-06-25,151873811,2188,0,51.4310695091,-51.4310695091,-51.4310695091,0E-7,1,1,0.50665070000000000,0.506650700000,-1.013391052207602,-1.013391052207602,-1.013391052207602,0E-17,ELIGIBLE,R03b_20260811_FULL_v1,L1_ELIGIBILITY,v2026-08-11,2026-03-21..2026-08-06,baccarat_bet02_101_all_pairs_incl_sentinel,round_win = game_pnl > 0 (decisive only),COMPATIBILITY_ONLY_NOT_PRODUCTION,2956.8775,2746.0101,-61.8208,55,55,0.02090746,,0.02090746,0.02090746,61.8208,2956.8775,OK,0.0000,-2.4728,4.0000,96.0000,AG03-UNRESOLVED,ALL5_LEVELS_bet23_to_bet27,-2.4728,-2.4728,-2.4728,-3.0910,-3.0910,4.000000,4.000000,4.000000,5.000000,5.000000,96.000000,96.000000,96.000000,95.000000,95.000000,5.0,-13.6006,-12.4585,-48.2202,-49.3623,PENDING_AG03,FALSE,NOT_FOR_ENFORCEMENT,-59.3480,2636.1697,-61.8208,-59.3480,-2.4728,-0.02090746,-0.02007116,-2.4728,-59.3480,-0.02007116,-2.4728,-2.4728,-2.4728,-3.0910,-3.0910,-59.3480,-0.02007116,-13.6006,-12.4585,-48.2202,-49.3623,-0.01630782,-0.01669407,-0.00083630,53.7614,49.9275,-1.1240,-12.3642,-1.3439,591.3755,11.0000,,53.7614,51.4311,51.4311,64.2888,77.1466,77.1466,102.2193,51.4311,0.0,1.5,1.9875,1.04531,24,32,8,2,0E-8,-0.02090746,,0E-8,0.000000,0.928686,0.000000,,2026-06-21,2026-07-01,5,46,38,11,0.454546,,,0.000000,,,,,,,,GLOBAL_BASELINE_NO_ENTITY_RANKING,,,NOT_APPLICABLE_GLOBAL_BASELINE,HF9g-P5,,,,X 全窗基线 · 不参与实体赏罚,3925167,393,A168_HF9F_20260827_0900,2026-08-27 09:00:00
2026-06-25,151873811,2235,0,154.2932085273,51.4310695091,51.4310695091,0.5000000,2,2,0.49994810000000000,0.499948100000,0.00014679536856514622,0.00014679536856514622,0.00014679536856514622,0E-17,ELIGIBLE,R03b_20260811_FULL_v1,L1_ELIGIBILITY,v2026-08-11,2026-03-21..2026-08-06,baccarat_bet02_101_all_pairs_incl_sentinel,round_win = game_pnl > 0 (decisive only),COMPATIBILITY_ONLY_NOT_PRODUCTION,2956.8775,2746.0101,-61.8208,55,55,0.02090746,,0.02090746,0.02090746,61.8208,2956.8775,OK,0.0000,-2.4728,4.0000,96.0000,AG03-UNRESOLVED,ALL5_LEVELS_bet23_to_bet27,-2.4728,-2.4728,-2.4728,-3.0910,-3.0910,4.000000,4.000000,4.000000,5.000000,5.000000,96.000000,96.000000,96.000000,95.000000,95.000000,5.0,-13.6006,-12.4585,-48.2202,-49.3623,PENDING_AG03,FALSE,NOT_FOR_ENFORCEMENT,-59.3480,2636.1697,-61.8208,-59.3480,-2.4728,-0.02090746,-0.02007116,-2.4728,-59.3480,-0.02007116,-2.4728,-2.4728,-2.4728,-3.0910,-3.0910,-59.3480,-0.02007116,-13.6006,-12.4585,-48.2202,-49.3623,-0.01630782,-0.01669407,-0.00083630,53.7614,49.9275,-1.1240,-12.3642,-1.3439,591.3755,11.0000,,53.7614,51.4311,51.4311,64.2888,77.1466,77.1466,102.2193,51.4311,0.0,1.5,1.9875,1.04531,24,32,8,2,0E-8,-0.02090746,,0E-8,0.000000,0.928686,0.000000,,2026-06-21,2026-07-01,5,46,38,11,0.454546,,,0.000000,,,,,,,,GLOBAL_BASELINE_NO_ENTITY_RANKING,,,NOT_APPLICABLE_GLOBAL_BASELINE,HF9g-P5,,,,X 全窗基线 · 不参与实体赏罚,3925168,393,A168_HF9F_20260827_0900,2026-08-27 09:00:00
2026-06-25,151873811,2288,0,51.4310695091,0E-10,0E-10,,1,1,0.50665070000000000,0.506650700000,,,,0E-17,NO_DECISIVE_ROUND,R03b_20260811_FULL_v1,L1_ELIGIBILITY,v2026-08-11,2026-03-21..2026-08-06,baccarat_bet02_101_all_pairs_incl_sentinel,round_win = game_pnl > 0 (decisive only),COMPATIBILITY_ONLY_NOT_PRODUCTION,2956.8775,2746.0101,-61.8208,55,55,0.02090746,,0.02090746,0.02090746,61.8208,2956.8775,OK,0.0000,-2.4728,4.0000,96.0000,AG03-UNRESOLVED,ALL5_LEVELS_bet23_to_bet27,-2.4728,-2.4728,-2.4728,-3.0910,-3.0910,4.000000,4.000000,4.000000,5.000000,5.000000,96.000000,96.000000,96.000000,95.000000,95.000000,5.0,-13.6006,-12.4585,-48.2202,-49.3623,PENDING_AG03,FALSE,NOT_FOR_ENFORCEMENT,-59.3480,2636.1697,-61.8208,-59.3480,-2.4728,-0.02090746,-0.02007116,-2.4728,-59.3480,-0.02007116,-2.4728,-2.4728,-2.4728,-3.0910,-3.0910,-59.3480,-0.02007116,-13.6006,-12.4585,-48.2202,-49.3623,-0.01630782,-0.01669407,-0.00083630,53.7614,49.9275,-1.1240,-12.3642,-1.3439,591.3755,11.0000,,53.7614,51.4311,51.4311,64.2888,77.1466,77.1466,102.2193,51.4311,0.0,1.5,1.9875,1.04531,24,32,8,2,0E-8,-0.02090746,,0E-8,0.000000,0.928686,0.000000,,2026-06-21,2026-07-01,5,46,38,11,0.454546,,,0.000000,,,,,,,,GLOBAL_BASELINE_NO_ENTITY_RANKING,,,NOT_APPLICABLE_GLOBAL_BASELINE,HF9g-P5,,,,X 全窗基线 · 不参与实体赏罚,3925169,393,A168_HF9F_20260827_0900,2026-08-27 09:00:00
2026-06-25,151873811,462,0,51.4310695091,51.4310695091,51.4310695091,1.0000000,1,1,0.49324550000000000,0.493245500000,1.01360149184955,1.01360149184955,1.01360149184955,0E-17,ELIGIBLE,R03b_20260811_FULL_v1,L1_ELIGIBILITY,v2026-08-11,2026-03-21..2026-08-06,baccarat_bet02_101_all_pairs_incl_sentinel,round_win = game_pnl > 0 (decisive only),COMPATIBILITY_ONLY_NOT_PRODUCTION,2956.8775,2746.0101,-61.8208,55,55,0.02090746,,0.02090746,0.02090746,61.8208,2956.8775,OK,0.0000,-2.4728,4.0000,96.0000,AG03-UNRESOLVED,ALL5_LEVELS_bet23_to_bet27,-2.4728,-2.4728,-2.4728,-3.0910,-3.0910,4.000000,4.000000,4.000000,5.000000,5.000000,96.000000,96.000000,96.000000,95.000000,95.000000,5.0,-13.6006,-12.4585,-48.2202,-49.3623,PENDING_AG03,FALSE,NOT_FOR_ENFORCEMENT,-59.3480,2636.1697,-61.8208,-59.3480,-2.4728,-0.02090746,-0.02007116,-2.4728,-59.3480,-0.02007116,-2.4728,-2.4728,-2.4728,-3.0910,-3.0910,-59.3480,-0.02007116,-13.6006,-12.4585,-48.2202,-49.3623,-0.01630782,-0.01669407,-0.00083630,53.7614,49.9275,-1.1240,-12.3642,-1.3439,591.3755,11.0000,,53.7614,51.4311,51.4311,64.2888,77.1466,77.1466,102.2193,51.4311,0.0,1.5,1.9875,1.04531,24,32,8,2,0E-8,-0.02090746,,0E-8,0.000000,0.928686,0.000000,,2026-06-21,2026-07-01,5,46,38,11,0.454546,,,0.000000,,,,,,,,GLOBAL_BASELINE_NO_ENTITY_RANKING,,,NOT_APPLICABLE_GLOBAL_BASELINE,HF9g-P5,,,,X 全窗基线 · 不参与实体赏罚,3925170,393,A168_HF9F_20260827_0900,2026-08-27 09:00:00
2026-06-25,151873811,529,0,128.5776737727,124.7203435596,124.7203435596,1.0000000,2,2,0.49994810000000000,0.499948100000,1.4143603653603398,1.4143603653603398,1.4143603653603398,0E-17,ELIGIBLE,R03b_20260811_FULL_v1,L1_ELIGIBILITY,v2026-08-11,2026-03-21..2026-08-06,baccarat_bet02_101_all_pairs_incl_sentinel,round_win = game_pnl > 0 (decisive only),COMPATIBILITY_ONLY_NOT_PRODUCTION,2956.8775,2746.0101,-61.8208,55,55,0.02090746,,0.02090746,0.02090746,61.8208,2956.8775,OK,0.0000,-2.4728,4.0000,96.0000,AG03-UNRESOLVED,ALL5_LEVELS_bet23_to_bet27,-2.4728,-2.4728,-2.4728,-3.0910,-3.0910,4.000000,4.000000,4.000000,5.000000,5.000000,96.000000,96.000000,96.000000,95.000000,95.000000,5.0,-13.6006,-12.4585,-48.2202,-49.3623,PENDING_AG03,FALSE,NOT_FOR_ENFORCEMENT,-59.3480,2636.1697,-61.8208,-59.3480,-2.4728,-0.02090746,-0.02007116,-2.4728,-59.3480,-0.02007116,-2.4728,-2.4728,-2.4728,-3.0910,-3.0910,-59.3480,-0.02007116,-13.6006,-12.4585,-48.2202,-49.3623,-0.01630782,-0.01669407,-0.00083630,53.7614,49.9275,-1.1240,-12.3642,-1.3439,591.3755,11.0000,,53.7614,51.4311,51.4311,64.2888,77.1466,77.1466,102.2193,51.4311,0.0,1.5,1.9875,1.04531,24,32,8,2,0E-8,-0.02090746,,0E-8,0.000000,0.928686,0.000000,,2026-06-21,2026-07-01,5,46,38,11,0.454546,,,0.000000,,,,,,,,GLOBAL_BASELINE_NO_ENTITY_RANKING,,,NOT_APPLICABLE_GLOBAL_BASELINE,HF9g-P5,,,,X 全窗基线 · 不参与实体赏罚,3925171,393,A168_HF9F_20260827_0900,2026-08-27 09:00:00
2026-06-27,151873811,2222,0,20.5724278036,-20.5724278036,-20.5724278036,0E-7,1,1,0.50665070000000000,0.506650700000,-1.013391052207602,-1.013391052207602,-1.013391052207602,0E-17,ELIGIBLE,R03b_20260811_FULL_v1,L1_ELIGIBILITY,v2026-08-11,2026-03-21..2026-08-06,baccarat_bet02_101_all_pairs_incl_sentinel,round_win = game_pnl > 0 (decisive only),COMPATIBILITY_ONLY_NOT_PRODUCTION,2956.8775,2746.0101,-61.8208,55,55,0.02090746,,0.02090746,0.02090746,61.8208,2956.8775,OK,0.0000,-2.4728,4.0000,96.0000,AG03-UNRESOLVED,ALL5_LEVELS_bet23_to_bet27,-2.4728,-2.4728,-2.4728,-3.0910,-3.0910,4.000000,4.000000,4.000000,5.000000,5.000000,96.000000,96.000000,96.000000,95.000000,95.000000,5.0,-13.6006,-12.4585,-48.2202,-49.3623,PENDING_AG03,FALSE,NOT_FOR_ENFORCEMENT,-59.3480,2636.1697,-61.8208,-59.3480,-2.4728,-0.02090746,-0.02007116,-2.4728,-59.3480,-0.02007116,-2.4728,-2.4728,-2.4728,-3.0910,-3.0910,-59.3480,-0.02007116,-13.6006,-12.4585,-48.2202,-49.3623,-0.01630782,-0.01669407,-0.00083630,53.7614,49.9275,-1.1240,-12.3642,-1.3439,591.3755,11.0000,,53.7614,51.4311,51.4311,64.2888,77.1466,77.1466,102.2193,51.4311,0.0,1.5,1.9875,1.04531,24,32,8,2,0E-8,-0.02090746,,0E-8,0.000000,0.928686,0.000000,,2026-06-21,2026-07-01,5,46,38,11,0.454546,,,0.000000,,,,,,,,GLOBAL_BASELINE_NO_ENTITY_RANKING,,,NOT_APPLICABLE_GLOBAL_BASELINE,HF9g-P5,,,,X 全窗基线 · 不参与实体赏罚,3925172,393,A168_HF9F_20260827_0900,2026-08-27 09:00:00
2026-06-27,151873811,2246,0,10.5433692494,10.0162007869,10.0162007869,1.0000000,1,1,0.50665070000000000,0.506650700000,0.9867858985152569,0.9867858985152569,0.9867858985152569,0E-17,ELIGIBLE,R03b_20260811_FULL_v1,L1_ELIGIBILITY,v2026-08-11,2026-03-21..2026-08-06,baccarat_bet02_101_all_pairs_incl_sentinel,round_win = game_pnl > 0 (decisive only),COMPATIBILITY_ONLY_NOT_PRODUCTION,2956.8775,2746.0101,-61.8208,55,55,0.02090746,,0.02090746,0.02090746,61.8208,2956.8775,OK,0.0000,-2.4728,4.0000,96.0000,AG03-UNRESOLVED,ALL5_LEVELS_bet23_to_bet27,-2.4728,-2.4728,-2.4728,-3.0910,-3.0910,4.000000,4.000000,4.000000,5.000000,5.000000,96.000000,96.000000,96.000000,95.000000,95.000000,5.0,-13.6006,-12.4585,-48.2202,-49.3623,PENDING_AG03,FALSE,NOT_FOR_ENFORCEMENT,-59.3480,2636.1697,-61.8208,-59.3480,-2.4728,-0.02090746,-0.02007116,-2.4728,-59.3480,-0.02007116,-2.4728,-2.4728,-2.4728,-3.0910,-3.0910,-59.3480,-0.02007116,-13.6006,-12.4585,-48.2202,-49.3623,-0.01630782,-0.01669407,-0.00083630,53.7614,49.9275,-1.1240,-12.3642,-1.3439,591.3755,11.0000,,53.7614,51.4311,51.4311,64.2888,77.1466,77.1466,102.2193,51.4311,0.0,1.5,1.9875,1.04531,24,32,8,2,0E-8,-0.02090746,,0E-8,0.000000,0.928686,0.000000,,2026-06-21,2026-07-01,5,46,38,11,0.454546,,,0.000000,,,,,,,,GLOBAL_BASELINE_NO_ENTITY_RANKING,,,NOT_APPLICABLE_GLOBAL_BASELINE,HF9g-P5,,,,X 全窗基线 · 不参与实体赏罚,3925173,393,A168_HF9F_20260827_0900,2026-08-27 09:00:00
2026-07-01,151873811,1384,0,9.0362223427,8.5844112256,8.5844112256,1.0000000,1,1,0.50665070000000000,0.506650700000,0.9867858985152569,0.9867858985152569,0.9867858985152569,0E-17,ELIGIBLE,R03b_20260811_FULL_v1,L1_ELIGIBILITY,v2026-08-11,2026-03-21..2026-08-06,baccarat_bet02_101_all_pairs_incl_sentinel,round_win = game_pnl > 0 (decisive only),COMPATIBILITY_ONLY_NOT_PRODUCTION,2956.8775,2746.0101,-61.8208,55,55,0.02090746,,0.02090746,0.02090746,61.8208,2956.8775,OK,0.0000,-2.4728,4.0000,96.0000,AG03-UNRESOLVED,ALL5_LEVELS_bet23_to_bet27,-2.4728,-2.4728,-2.4728,-3.0910,-3.0910,4.000000,4.000000,4.000000,5.000000,5.000000,96.000000,96.000000,96.000000,95.000000,95.000000,5.0,-13.6006,-12.4585,-48.2202,-49.3623,PENDING_AG03,FALSE,NOT_FOR_ENFORCEMENT,-59.3480,2636.1697,-61.8208,-59.3480,-2.4728,-0.02090746,-0.02007116,-2.4728,-59.3480,-0.02007116,-2.4728,-2.4728,-2.4728,-3.0910,-3.0910,-59.3480,-0.02007116,-13.6006,-12.4585,-48.2202,-49.3623,-0.01630782,-0.01669407,-0.00083630,53.7614,49.9275,-1.1240,-12.3642,-1.3439,591.3755,11.0000,,53.7614,51.4311,51.4311,64.2888,77.1466,77.1466,102.2193,51.4311,0.0,1.5,1.9875,1.04531,24,32,8,2,0E-8,-0.02090746,,0E-8,0.000000,0.928686,0.000000,,2026-06-21,2026-07-01,5,46,38,11,0.454546,,,0.000000,,,,,,,,GLOBAL_BASELINE_NO_ENTITY_RANKING,,,NOT_APPLICABLE_GLOBAL_BASELINE,HF9g-P5,,,,X 全窗基线 · 不参与实体赏罚,3925174,393,A168_HF9F_20260827_0900,2026-08-27 09:00:00
2026-07-01,151873811,2280,0,17.5560891230,17.5560891230,17.5560891230,1.0000000,1,1,0.49324550000000000,0.493245500000,1.01360149184955,1.01360149184955,1.01360149184955,0E-17,ELIGIBLE,R03b_20260811_FULL_v1,L1_ELIGIBILITY,v2026-08-11,2026-03-21..2026-08-06,baccarat_bet02_101_all_pairs_incl_sentinel,round_win = game_pnl > 0 (decisive only),COMPATIBILITY_ONLY_NOT_PRODUCTION,2956.8775,2746.0101,-61.8208,55,55,0.02090746,,0.02090746,0.02090746,61.8208,2956.8775,OK,0.0000,-2.4728,4.0000,96.0000,AG03-UNRESOLVED,ALL5_LEVELS_bet23_to_bet27,-2.4728,-2.4728,-2.4728,-3.0910,-3.0910,4.000000,4.000000,4.000000,5.000000,5.000000,96.000000,96.000000,96.000000,95.000000,95.000000,5.0,-13.6006,-12.4585,-48.2202,-49.3623,PENDING_AG03,FALSE,NOT_FOR_ENFORCEMENT,-59.3480,2636.1697,-61.8208,-59.3480,-2.4728,-0.02090746,-0.02007116,-2.4728,-59.3480,-0.02007116,-2.4728,-2.4728,-2.4728,-3.0910,-3.0910,-59.3480,-0.02007116,-13.6006,-12.4585,-48.2202,-49.3623,-0.01630782,-0.01669407,-0.00083630,53.7614,49.9275,-1.1240,-12.3642,-1.3439,591.3755,11.0000,,53.7614,51.4311,51.4311,64.2888,77.1466,77.1466,102.2193,51.4311,0.0,1.5,1.9875,1.04531,24,32,8,2,0E-8,-0.02090746,,0E-8,0.000000,0.928686,0.000000,,2026-06-21,2026-07-01,5,46,38,11,0.454546,,,0.000000,,,,,,,,GLOBAL_BASELINE_NO_ENTITY_RANKING,,,NOT_APPLICABLE_GLOBAL_BASELINE,HF9g-P5,,,,X 全窗基线 · 不参与实体赏罚,3925175,393,A168_HF9F_20260827_0900,2026-08-27 09:00:00
2026-03-31,147610593,2115,0,84.3294752600,60.0847511226,60.0847511226,1.0000000,4,4,0.50665070000000000,0.506650700000,1.7091633124209307,1.7091633124209307,1.7091633124209307,0E-17,ELIGIBLE,R03b_20260811_FULL_v1,L1_ELIGIBILITY,v2026-08-11,2026-03-21..2026-08-06,baccarat_bet02_101_all_pairs_incl_sentinel,round_win = game_pnl > 0 (decisive only),COMPATIBILITY_ONLY_NOT_PRODUCTION,923.9119,798.0395,-61.8186,44,44,0.06690959,,0.06690959,0.06690959,61.8186,923.9119,OK,0.0000,-2.4727,4.0000,96.0000,AG03-UNRESOLVED,ALL5_LEVELS_bet23_to_bet27,-2.4727,-2.4727,-2.4727,-3.0909,-3.0909,4.000000,4.000000,4.000000,5.000000,5.000000,96.000000,96.000000,96.000000,95.000000,95.000000,5.0,-13.6001,-12.458,-48.2185,-49.3605,PENDING_AG03,FALSE,NOT_FOR_ENFORCEMENT,-59.3458,766.1180,-61.8186,-59.3458,-2.4727,-0.06690959,-0.06423321,-2.4727,-59.3458,-0.06423321,-2.4727,-2.4727,-2.4727,-3.0909,-3.0909,-59.3458,-0.06423321,-13.6001,-12.458,-48.2185,-49.3605,-0.05218948,-0.05342559,-0.00267638,20.9980,18.1373,-1.4050,-10.3031,-4.7553,153.9853,7.3333,,20.9980,21.0062,21.0824,21.0824,21.0824,21.0824,21.0824,21.0062,0.0,1.0,1.0,0.995998,12,14,5,1,0E-8,-0.06690959,,0E-8,0.000000,0.863761,0.000000,,2026-03-31,2026-06-08,6,13,13,70,0.085714,,,0.000000,,,,,,,,GLOBAL_BASELINE_NO_ENTITY_RANKING,,,NOT_APPLICABLE_GLOBAL_BASELINE,HF9g-P5,,,,X 全窗基线 · 不参与实体赏罚,3925176,393,A168_HF9F_20260827_0900,2026-08-27 09:00:00
2026-04-01,147610593,1017,0,42.1647376300,20.0282503742,20.0282503742,1.0000000,2,2,0.50665070000000000,0.506650700000,0.9867858985152569,0.9867858985152569,0.9867858985152569,0E-17,ELIGIBLE,R03b_20260811_FULL_v1,L1_ELIGIBILITY,v2026-08-11,2026-03-21..2026-08-06,baccarat_bet02_101_all_pairs_incl_sentinel,round_win = game_pnl > 0 (decisive only),COMPATIBILITY_ONLY_NOT_PRODUCTION,923.9119,798.0395,-61.8186,44,44,0.06690959,,0.06690959,0.06690959,61.8186,923.9119,OK,0.0000,-2.4727,4.0000,96.0000,AG03-UNRESOLVED,ALL5_LEVELS_bet23_to_bet27,-2.4727,-2.4727,-2.4727,-3.0909,-3.0909,4.000000,4.000000,4.000000,5.000000,5.000000,96.000000,96.000000,96.000000,95.000000,95.000000,5.0,-13.6001,-12.458,-48.2185,-49.3605,PENDING_AG03,FALSE,NOT_FOR_ENFORCEMENT,-59.3458,766.1180,-61.8186,-59.3458,-2.4727,-0.06690959,-0.06423321,-2.4727,-59.3458,-0.06423321,-2.4727,-2.4727,-2.4727,-3.0909,-3.0909,-59.3458,-0.06423321,-13.6001,-12.458,-48.2185,-49.3605,-0.05218948,-0.05342559,-0.00267638,20.9980,18.1373,-1.4050,-10.3031,-4.7553,153.9853,7.3333,,20.9980,21.0062,21.0824,21.0824,21.0824,21.0824,21.0824,21.0062,0.0,1.0,1.0,0.995998,12,14,5,1,0E-8,-0.06690959,,0E-8,0.000000,0.863761,0.000000,,2026-03-31,2026-06-08,6,13,13,70,0.085714,,,0.000000,,,,,,,,GLOBAL_BASELINE_NO_ENTITY_RANKING,,,NOT_APPLICABLE_GLOBAL_BASELINE,HF9g-P5,,,,X 全窗基线 · 不参与实体赏罚,3925177,393,A168_HF9F_20260827_0900,2026-08-27 09:00:00
2026-04-01,147610593,1307,0,42.1647376300,-1.0541184408,-1.0541184408,0.5000000,2,2,0.50665070000000000,0.506650700000,-0.018812684590367487,-0.018812684590367487,-0.018812684590367487,0E-17,ELIGIBLE,R03b_20260811_FULL_v1,L1_ELIGIBILITY,v2026-08-11,2026-03-21..2026-08-06,baccarat_bet02_101_all_pairs_incl_sentinel,round_win = game_pnl > 0 (decisive only),COMPATIBILITY_ONLY_NOT_PRODUCTION,923.9119,798.0395,-61.8186,44,44,0.06690959,,0.06690959,0.06690959,61.8186,923.9119,OK,0.0000,-2.4727,4.0000,96.0000,AG03-UNRESOLVED,ALL5_LEVELS_bet23_to_bet27,-2.4727,-2.4727,-2.4727,-3.0909,-3.0909,4.000000,4.000000,4.000000,5.000000,5.000000,96.000000,96.000000,96.000000,95.000000,95.000000,5.0,-13.6001,-12.458,-48.2185,-49.3605,PENDING_AG03,FALSE,NOT_FOR_ENFORCEMENT,-59.3458,766.1180,-61.8186,-59.3458,-2.4727,-0.06690959,-0.06423321,-2.4727,-59.3458,-0.06423321,-2.4727,-2.4727,-2.4727,-3.0909,-3.0909,-59.3458,-0.06423321,-13.6001,-12.458,-48.2185,-49.3605,-0.05218948,-0.05342559,-0.00267638,20.9980,18.1373,-1.4050,-10.3031,-4.7553,153.9853,7.3333,,20.9980,21.0062,21.0824,21.0824,21.0824,21.0824,21.0824,21.0062,0.0,1.0,1.0,0.995998,12,14,5,1,0E-8,-0.06690959,,0E-8,0.000000,0.863761,0.000000,,2026-03-31,2026-06-08,6,13,13,70,0.085714,,,0.000000,,,,,,,,GLOBAL_BASELINE_NO_ENTITY_RANKING,,,NOT_APPLICABLE_GLOBAL_BASELINE,HF9g-P5,,,,X 全窗基线 · 不参与实体赏罚,3925178,393,A168_HF9F_20260827_0900,2026-08-27 09:00:00
2026-04-01,147610593,1331,0,84.3294752600,18.9741319334,18.9741319334,0.6666667,4,4,0.50665070000000000,0.506650700000,0.5543606114942035,0.5543606114942035,0.5543606114942035,0E-17,ELIGIBLE,R03b_20260811_FULL_v1,L1_ELIGIBILITY,v2026-08-11,2026-03-21..2026-08-06,baccarat_bet02_101_all_pairs_incl_sentinel,round_win = game_pnl > 0 (decisive only),COMPATIBILITY_ONLY_NOT_PRODUCTION,923.9119,798.0395,-61.8186,44,44,0.06690959,,0.06690959,0.06690959,61.8186,923.9119,OK,0.0000,-2.4727,4.0000,96.0000,AG03-UNRESOLVED,ALL5_LEVELS_bet23_to_bet27,-2.4727,-2.4727,-2.4727,-3.0909,-3.0909,4.000000,4.000000,4.000000,5.000000,5.000000,96.000000,96.000000,96.000000,95.000000,95.000000,5.0,-13.6001,-12.458,-48.2185,-49.3605,PENDING_AG03,FALSE,NOT_FOR_ENFORCEMENT,-59.3458,766.1180,-61.8186,-59.3458,-2.4727,-0.06690959,-0.06423321,-2.4727,-59.3458,-0.06423321,-2.4727,-2.4727,-2.4727,-3.0909,-3.0909,-59.3458,-0.06423321,-13.6001,-12.458,-48.2185,-49.3605,-0.05218948,-0.05342559,-0.00267638,20.9980,18.1373,-1.4050,-10.3031,-4.7553,153.9853,7.3333,,20.9980,21.0062,21.0824,21.0824,21.0824,21.0824,21.0824,21.0062,0.0,1.0,1.0,0.995998,12,14,5,1,0E-8,-0.06690959,,0E-8,0.000000,0.863761,0.000000,,2026-03-31,2026-06-08,6,13,13,70,0.085714,,,0.000000,,,,,,,,GLOBAL_BASELINE_NO_ENTITY_RANKING,,,NOT_APPLICABLE_GLOBAL_BASELINE,HF9g-P5,,,,X 全窗基线 · 不参与实体赏罚,3925179,393,A168_HF9F_20260827_0900,2026-08-27 09:00:00
2026-04-01,147610593,1402,0,42.1647376300,-42.1647376300,-42.1647376300,0E-7,2,2,0.50665070000000000,0.506650700000,-1.4331513700195317,-1.4331513700195317,-1.4331513700195317,0E-17,ELIGIBLE,R03b_20260811_FULL_v1,L1_ELIGIBILITY,v2026-08-11,2026-03-21..2026-08-06,baccarat_bet02_101_all_pairs_incl_sentinel,round_win = game_pnl > 0 (decisive only),COMPATIBILITY_ONLY_NOT_PRODUCTION,923.9119,798.0395,-61.8186,44,44,0.06690959,,0.06690959,0.06690959,61.8186,923.9119,OK,0.0000,-2.4727,4.0000,96.0000,AG03-UNRESOLVED,ALL5_LEVELS_bet23_to_bet27,-2.4727,-2.4727,-2.4727,-3.0909,-3.0909,4.000000,4.000000,4.000000,5.000000,5.000000,96.000000,96.000000,96.000000,95.000000,95.000000,5.0,-13.6001,-12.458,-48.2185,-49.3605,PENDING_AG03,FALSE,NOT_FOR_ENFORCEMENT,-59.3458,766.1180,-61.8186,-59.3458,-2.4727,-0.06690959,-0.06423321,-2.4727,-59.3458,-0.06423321,-2.4727,-2.4727,-2.4727,-3.0909,-3.0909,-59.3458,-0.06423321,-13.6001,-12.458,-48.2185,-49.3605,-0.05218948,-0.05342559,-0.00267638,20.9980,18.1373,-1.4050,-10.3031,-4.7553,153.9853,7.3333,,20.9980,21.0062,21.0824,21.0824,21.0824,21.0824,21.0824,21.0062,0.0,1.0,1.0,0.995998,12,14,5,1,0E-8,-0.06690959,,0E-8,0.000000,0.863761,0.000000,,2026-03-31,2026-06-08,6,13,13,70,0.085714,,,0.000000,,,,,,,,GLOBAL_BASELINE_NO_ENTITY_RANKING,,,NOT_APPLICABLE_GLOBAL_BASELINE,HF9g-P5,,,,X 全窗基线 · 不参与实体赏罚,3925180,393,A168_HF9F_20260827_0900,2026-08-27 09:00:00
2026-04-01,147610593,1654,0,147.5765817050,-3.1623553224,-3.1623553224,0.5000000,7,7,0.50665070000000000,0.506650700000,-0.032584525537284574,-0.032584525537284574,-0.032584525537284574,0E-17,ELIGIBLE,R03b_20260811_FULL_v1,L1_ELIGIBILITY,v2026-08-11,2026-03-21..2026-08-06,baccarat_bet02_101_all_pairs_incl_sentinel,round_win = game_pnl > 0 (decisive only),COMPATIBILITY_ONLY_NOT_PRODUCTION,923.9119,798.0395,-61.8186,44,44,0.06690959,,0.06690959,0.06690959,61.8186,923.9119,OK,0.0000,-2.4727,4.0000,96.0000,AG03-UNRESOLVED,ALL5_LEVELS_bet23_to_bet27,-2.4727,-2.4727,-2.4727,-3.0909,-3.0909,4.000000,4.000000,4.000000,5.000000,5.000000,96.000000,96.000000,96.000000,95.000000,95.000000,5.0,-13.6001,-12.458,-48.2185,-49.3605,PENDING_AG03,FALSE,NOT_FOR_ENFORCEMENT,-59.3458,766.1180,-61.8186,-59.3458,-2.4727,-0.06690959,-0.06423321,-2.4727,-59.3458,-0.06423321,-2.4727,-2.4727,-2.4727,-3.0909,-3.0909,-59.3458,-0.06423321,-13.6001,-12.458,-48.2185,-49.3605,-0.05218948,-0.05342559,-0.00267638,20.9980,18.1373,-1.4050,-10.3031,-4.7553,153.9853,7.3333,,20.9980,21.0062,21.0824,21.0824,21.0824,21.0824,21.0824,21.0062,0.0,1.0,1.0,0.995998,12,14,5,1,0E-8,-0.06690959,,0E-8,0.000000,0.863761,0.000000,,2026-03-31,2026-06-08,6,13,13,70,0.085714,,,0.000000,,,,,,,,GLOBAL_BASELINE_NO_ENTITY_RANKING,,,NOT_APPLICABLE_GLOBAL_BASELINE,HF9g-P5,,,,X 全窗基线 · 不参与实体赏罚,3925181,393,A168_HF9F_20260827_0900,2026-08-27 09:00:00
2026-04-01,147610593,789,0,42.1647376300,-42.1647376300,-42.1647376300,0E-7,2,2,0.50665070000000000,0.506650700000,-1.4331513700195317,-1.4331513700195317,-1.4331513700195317,0E-17,ELIGIBLE,R03b_20260811_FULL_v1,L1_ELIGIBILITY,v2026-08-11,2026-03-21..2026-08-06,baccarat_bet02_101_all_pairs_incl_sentinel,round_win = game_pnl > 0 (decisive only),COMPATIBILITY_ONLY_NOT_PRODUCTION,923.9119,798.0395,-61.8186,44,44,0.06690959,,0.06690959,0.06690959,61.8186,923.9119,OK,0.0000,-2.4727,4.0000,96.0000,AG03-UNRESOLVED,ALL5_LEVELS_bet23_to_bet27,-2.4727,-2.4727,-2.4727,-3.0909,-3.0909,4.000000,4.000000,4.000000,5.000000,5.000000,96.000000,96.000000,96.000000,95.000000,95.000000,5.0,-13.6001,-12.458,-48.2185,-49.3605,PENDING_AG03,FALSE,NOT_FOR_ENFORCEMENT,-59.3458,766.1180,-61.8186,-59.3458,-2.4727,-0.06690959,-0.06423321,-2.4727,-59.3458,-0.06423321,-2.4727,-2.4727,-2.4727,-3.0909,-3.0909,-59.3458,-0.06423321,-13.6001,-12.458,-48.2185,-49.3605,-0.05218948,-0.05342559,-0.00267638,20.9980,18.1373,-1.4050,-10.3031,-4.7553,153.9853,7.3333,,20.9980,21.0062,21.0824,21.0824,21.0824,21.0824,21.0824,21.0062,0.0,1.0,1.0,0.995998,12,14,5,1,0E-8,-0.06690959,,0E-8,0.000000,0.863761,0.000000,,2026-03-31,2026-06-08,6,13,13,70,0.085714,,,0.000000,,,,,,,,GLOBAL_BASELINE_NO_ENTITY_RANKING,,,NOT_APPLICABLE_GLOBAL_BASELINE,HF9g-P5,,,,X 全窗基线 · 不参与实体赏罚,3925182,393,A168_HF9F_20260827_0900,2026-08-27 09:00:00
2026-05-10,147610593,1363,0,21.0061968281,19.9558869867,19.9558869867,1.0000000,1,1,0.50665070000000000,0.506650700000,0.9867858985152569,0.9867858985152569,0.9867858985152569,0E-17,ELIGIBLE,R03b_20260811_FULL_v1,L1_ELIGIBILITY,v2026-08-11,2026-03-21..2026-08-06,baccarat_bet02_101_all_pairs_incl_sentinel,round_win = game_pnl > 0 (decisive only),COMPATIBILITY_ONLY_NOT_PRODUCTION,923.9119,798.0395,-61.8186,44,44,0.06690959,,0.06690959,0.06690959,61.8186,923.9119,OK,0.0000,-2.4727,4.0000,96.0000,AG03-UNRESOLVED,ALL5_LEVELS_bet23_to_bet27,-2.4727,-2.4727,-2.4727,-3.0909,-3.0909,4.000000,4.000000,4.000000,5.000000,5.000000,96.000000,96.000000,96.000000,95.000000,95.000000,5.0,-13.6001,-12.458,-48.2185,-49.3605,PENDING_AG03,FALSE,NOT_FOR_ENFORCEMENT,-59.3458,766.1180,-61.8186,-59.3458,-2.4727,-0.06690959,-0.06423321,-2.4727,-59.3458,-0.06423321,-2.4727,-2.4727,-2.4727,-3.0909,-3.0909,-59.3458,-0.06423321,-13.6001,-12.458,-48.2185,-49.3605,-0.05218948,-0.05342559,-0.00267638,20.9980,18.1373,-1.4050,-10.3031,-4.7553,153.9853,7.3333,,20.9980,21.0062,21.0824,21.0824,21.0824,21.0824,21.0824,21.0062,0.0,1.0,1.0,0.995998,12,14,5,1,0E-8,-0.06690959,,0E-8,0.000000,0.863761,0.000000,,2026-03-31,2026-06-08,6,13,13,70,0.085714,,,0.000000,,,,,,,,GLOBAL_BASELINE_NO_ENTITY_RANKING,,,NOT_APPLICABLE_GLOBAL_BASELINE,HF9g-P5,,,,X 全窗基线 · 不参与实体赏罚,3925183,393,A168_HF9F_20260827_0900,2026-08-27 09:00:00
2026-05-10,147610593,2175,0,42.0123936562,-1.0503098414,-1.0503098414,0.5000000,2,2,0.50665070000000000,0.506650700000,-0.018812684590367487,-0.018812684590367487,-0.018812684590367487,0E-17,ELIGIBLE,R03b_20260811_FULL_v1,L1_ELIGIBILITY,v2026-08-11,2026-03-21..2026-08-06,baccarat_bet02_101_all_pairs_incl_sentinel,round_win = game_pnl > 0 (decisive only),COMPATIBILITY_ONLY_NOT_PRODUCTION,923.9119,798.0395,-61.8186,44,44,0.06690959,,0.06690959,0.06690959,61.8186,923.9119,OK,0.0000,-2.4727,4.0000,96.0000,AG03-UNRESOLVED,ALL5_LEVELS_bet23_to_bet27,-2.4727,-2.4727,-2.4727,-3.0909,-3.0909,4.000000,4.000000,4.000000,5.000000,5.000000,96.000000,96.000000,96.000000,95.000000,95.000000,5.0,-13.6001,-12.458,-48.2185,-49.3605,PENDING_AG03,FALSE,NOT_FOR_ENFORCEMENT,-59.3458,766.1180,-61.8186,-59.3458,-2.4727,-0.06690959,-0.06423321,-2.4727,-59.3458,-0.06423321,-2.4727,-2.4727,-2.4727,-3.0909,-3.0909,-59.3458,-0.06423321,-13.6001,-12.458,-48.2185,-49.3605,-0.05218948,-0.05342559,-0.00267638,20.9980,18.1373,-1.4050,-10.3031,-4.7553,153.9853,7.3333,,20.9980,21.0062,21.0824,21.0824,21.0824,21.0824,21.0824,21.0062,0.0,1.0,1.0,0.995998,12,14,5,1,0E-8,-0.06690959,,0E-8,0.000000,0.863761,0.000000,,2026-03-31,2026-06-08,6,13,13,70,0.085714,,,0.000000,,,,,,,,GLOBAL_BASELINE_NO_ENTITY_RANKING,,,NOT_APPLICABLE_GLOBAL_BASELINE,HF9g-P5,,,,X 全窗基线 · 不参与实体赏罚,3925184,393,A168_HF9F_20260827_0900,2026-08-27 09:00:00
2026-05-23,147610593,1710,0,21.0061968281,19.9558869867,19.9558869867,1.0000000,1,1,0.50665070000000000,0.506650700000,0.9867858985152569,0.9867858985152569,0.9867858985152569,0E-17,ELIGIBLE,R03b_20260811_FULL_v1,L1_ELIGIBILITY,v2026-08-11,2026-03-21..2026-08-06,baccarat_bet02_101_all_pairs_incl_sentinel,round_win = game_pnl > 0 (decisive only),COMPATIBILITY_ONLY_NOT_PRODUCTION,923.9119,798.0395,-61.8186,44,44,0.06690959,,0.06690959,0.06690959,61.8186,923.9119,OK,0.0000,-2.4727,4.0000,96.0000,AG03-UNRESOLVED,ALL5_LEVELS_bet23_to_bet27,-2.4727,-2.4727,-2.4727,-3.0909,-3.0909,4.000000,4.000000,4.000000,5.000000,5.000000,96.000000,96.000000,96.000000,95.000000,95.000000,5.0,-13.6001,-12.458,-48.2185,-49.3605,PENDING_AG03,FALSE,NOT_FOR_ENFORCEMENT,-59.3458,766.1180,-61.8186,-59.3458,-2.4727,-0.06690959,-0.06423321,-2.4727,-59.3458,-0.06423321,-2.4727,-2.4727,-2.4727,-3.0909,-3.0909,-59.3458,-0.06423321,-13.6001,-12.458,-48.2185,-49.3605,-0.05218948,-0.05342559,-0.00267638,20.9980,18.1373,-1.4050,-10.3031,-4.7553,153.9853,7.3333,,20.9980,21.0062,21.0824,21.0824,21.0824,21.0824,21.0824,21.0062,0.0,1.0,1.0,0.995998,12,14,5,1,0E-8,-0.06690959,,0E-8,0.000000,0.863761,0.000000,,2026-03-31,2026-06-08,6,13,13,70,0.085714,,,0.000000,,,,,,,,GLOBAL_BASELINE_NO_ENTITY_RANKING,,,NOT_APPLICABLE_GLOBAL_BASELINE,HF9g-P5,,,,X 全窗基线 · 不参与实体赏罚,3925185,393,A168_HF9F_20260827_0900,2026-08-27 09:00:00
2026-05-23,147610593,1951,0,21.0061968281,-21.0061968281,-21.0061968281,0E-7,1,1,0.50665070000000000,0.506650700000,-1.013391052207602,-1.013391052207602,-1.013391052207602,0E-17,ELIGIBLE,R03b_20260811_FULL_v1,L1_ELIGIBILITY,v2026-08-11,2026-03-21..2026-08-06,baccarat_bet02_101_all_pairs_incl_sentinel,round_win = game_pnl > 0 (decisive only),COMPATIBILITY_ONLY_NOT_PRODUCTION,923.9119,798.0395,-61.8186,44,44,0.06690959,,0.06690959,0.06690959,61.8186,923.9119,OK,0.0000,-2.4727,4.0000,96.0000,AG03-UNRESOLVED,ALL5_LEVELS_bet23_to_bet27,-2.4727,-2.4727,-2.4727,-3.0909,-3.0909,4.000000,4.000000,4.000000,5.000000,5.000000,96.000000,96.000000,96.000000,95.000000,95.000000,5.0,-13.6001,-12.458,-48.2185,-49.3605,PENDING_AG03,FALSE,NOT_FOR_ENFORCEMENT,-59.3458,766.1180,-61.8186,-59.3458,-2.4727,-0.06690959,-0.06423321,-2.4727,-59.3458,-0.06423321,-2.4727,-2.4727,-2.4727,-3.0909,-3.0909,-59.3458,-0.06423321,-13.6001,-12.458,-48.2185,-49.3605,-0.05218948,-0.05342559,-0.00267638,20.9980,18.1373,-1.4050,-10.3031,-4.7553,153.9853,7.3333,,20.9980,21.0062,21.0824,21.0824,21.0824,21.0824,21.0824,21.0062,0.0,1.0,1.0,0.995998,12,14,5,1,0E-8,-0.06690959,,0E-8,0.000000,0.863761,0.000000,,2026-03-31,2026-06-08,6,13,13,70,0.085714,,,0.000000,,,,,,,,GLOBAL_BASELINE_NO_ENTITY_RANKING,,,NOT_APPLICABLE_GLOBAL_BASELINE,HF9g-P5,,,,X 全窗基线 · 不参与实体赏罚,3925186,393,A168_HF9F_20260827_0900,2026-08-27 09:00:00
2026-05-26,147610593,2185,0,147.0433777967,16.8049574625,16.8049574625,0.5714286,7,7,0.50665070000000000,0.506650700000,0.34280260342128577,0.34280260342128577,0.34280260342128577,0E-17,ELIGIBLE,R03b_20260811_FULL_v1,L1_ELIGIBILITY,v2026-08-11,2026-03-21..2026-08-06,baccarat_bet02_101_all_pairs_incl_sentinel,round_win = game_pnl > 0 (decisive only),COMPATIBILITY_ONLY_NOT_PRODUCTION,923.9119,798.0395,-61.8186,44,44,0.06690959,,0.06690959,0.06690959,61.8186,923.9119,OK,0.0000,-2.4727,4.0000,96.0000,AG03-UNRESOLVED,ALL5_LEVELS_bet23_to_bet27,-2.4727,-2.4727,-2.4727,-3.0909,-3.0909,4.000000,4.000000,4.000000,5.000000,5.000000,96.000000,96.000000,96.000000,95.000000,95.000000,5.0,-13.6001,-12.458,-48.2185,-49.3605,PENDING_AG03,FALSE,NOT_FOR_ENFORCEMENT,-59.3458,766.1180,-61.8186,-59.3458,-2.4727,-0.06690959,-0.06423321,-2.4727,-59.3458,-0.06423321,-2.4727,-2.4727,-2.4727,-3.0909,-3.0909,-59.3458,-0.06423321,-13.6001,-12.458,-48.2185,-49.3605,-0.05218948,-0.05342559,-0.00267638,20.9980,18.1373,-1.4050,-10.3031,-4.7553,153.9853,7.3333,,20.9980,21.0062,21.0824,21.0824,21.0824,21.0824,21.0824,21.0062,0.0,1.0,1.0,0.995998,12,14,5,1,0E-8,-0.06690959,,0E-8,0.000000,0.863761,0.000000,,2026-03-31,2026-06-08,6,13,13,70,0.085714,,,0.000000,,,,,,,,GLOBAL_BASELINE_NO_ENTITY_RANKING,,,NOT_APPLICABLE_GLOBAL_BASELINE,HF9g-P5,,,,X 全窗基线 · 不参与实体赏罚,3925187,393,A168_HF9F_20260827_0900,2026-08-27 09:00:00
2026-06-08,147610593,-1,1,83.0858068672,-42.5814760195,-42.5814760195,0.2500000,4,4,0.50665070000000000,0.506650700000,-1.0266936290537745,-1.0266936290537745,-1.0266936290537745,0E-17,SENTINEL_DEALER,R03b_20260811_FULL_v1,L1_ELIGIBILITY,v2026-08-11,2026-03-21..2026-08-06,baccarat_bet02_101_all_pairs_incl_sentinel,round_win = game_pnl > 0 (decisive only),COMPATIBILITY_ONLY_NOT_PRODUCTION,923.9119,798.0395,-61.8186,44,44,0.06690959,,0.06690959,0.06690959,61.8186,923.9119,OK,0.0000,-2.4727,4.0000,96.0000,AG03-UNRESOLVED,ALL5_LEVELS_bet23_to_bet27,-2.4727,-2.4727,-2.4727,-3.0909,-3.0909,4.000000,4.000000,4.000000,5.000000,5.000000,96.000000,96.000000,96.000000,95.000000,95.000000,5.0,-13.6001,-12.458,-48.2185,-49.3605,PENDING_AG03,FALSE,NOT_FOR_ENFORCEMENT,-59.3458,766.1180,-61.8186,-59.3458,-2.4727,-0.06690959,-0.06423321,-2.4727,-59.3458,-0.06423321,-2.4727,-2.4727,-2.4727,-3.0909,-3.0909,-59.3458,-0.06423321,-13.6001,-12.458,-48.2185,-49.3605,-0.05218948,-0.05342559,-0.00267638,20.9980,18.1373,-1.4050,-10.3031,-4.7553,153.9853,7.3333,,20.9980,21.0062,21.0824,21.0824,21.0824,21.0824,21.0824,21.0062,0.0,1.0,1.0,0.995998,12,14,5,1,0E-8,-0.06690959,,0E-8,0.000000,0.863761,0.000000,,2026-03-31,2026-06-08,6,13,13,70,0.085714,,,0.000000,,,,,,,,GLOBAL_BASELINE_NO_ENTITY_RANKING,,,NOT_APPLICABLE_GLOBAL_BASELINE,HF9g-P5,,,,X 全窗基线 · 不参与实体赏罚,3925188,393,A168_HF9F_20260827_0900,2026-08-27 09:00:00
2026-06-08,147610593,2153,0,103.8572585840,59.1986373927,59.1986373927,1.0000000,5,5,0.50665070000000000,0.506650700000,1.7091633124209307,1.7091633124209307,1.7091633124209307,0E-17,ELIGIBLE,R03b_20260811_FULL_v1,L1_ELIGIBILITY,v2026-08-11,2026-03-21..2026-08-06,baccarat_bet02_101_all_pairs_incl_sentinel,round_win = game_pnl > 0 (decisive only),COMPATIBILITY_ONLY_NOT_PRODUCTION,923.9119,798.0395,-61.8186,44,44,0.06690959,,0.06690959,0.06690959,61.8186,923.9119,OK,0.0000,-2.4727,4.0000,96.0000,AG03-UNRESOLVED,ALL5_LEVELS_bet23_to_bet27,-2.4727,-2.4727,-2.4727,-3.0909,-3.0909,4.000000,4.000000,4.000000,5.000000,5.000000,96.000000,96.000000,96.000000,95.000000,95.000000,5.0,-13.6001,-12.458,-48.2185,-49.3605,PENDING_AG03,FALSE,NOT_FOR_ENFORCEMENT,-59.3458,766.1180,-61.8186,-59.3458,-2.4727,-0.06690959,-0.06423321,-2.4727,-59.3458,-0.06423321,-2.4727,-2.4727,-2.4727,-3.0909,-3.0909,-59.3458,-0.06423321,-13.6001,-12.458,-48.2185,-49.3605,-0.05218948,-0.05342559,-0.00267638,20.9980,18.1373,-1.4050,-10.3031,-4.7553,153.9853,7.3333,,20.9980,21.0062,21.0824,21.0824,21.0824,21.0824,21.0824,21.0062,0.0,1.0,1.0,0.995998,12,14,5,1,0E-8,-0.06690959,,0E-8,0.000000,0.863761,0.000000,,2026-03-31,2026-06-08,6,13,13,70,0.085714,,,0.000000,,,,,,,,GLOBAL_BASELINE_NO_ENTITY_RANKING,,,NOT_APPLICABLE_GLOBAL_BASELINE,HF9g-P5,,,,X 全窗基线 · 不参与实体赏罚,3925189,393,A168_HF9F_20260827_0900,2026-08-27 09:00:00
2026-04-14,139298192,2239,0,64.3928487292,61.1732062927,61.1732062927,1.0000000,1,1,0.50665070000000000,0.506650700000,0.9867858985152569,0.9867858985152569,0.9867858985152569,0E-17,ELIGIBLE,R03b_20260811_FULL_v1,L1_ELIGIBILITY,v2026-08-11,2026-03-21..2026-08-06,baccarat_bet02_101_all_pairs_incl_sentinel,round_win = game_pnl > 0 (decisive only),COMPATIBILITY_ONLY_NOT_PRODUCTION,64.3928,64.3928,-61.1732,1,1,0.95000000,,0.95000000,0.95000000,61.1732,64.3928,THIN_EXPOSURE,0.0000,-1.8352,3.0000,97.0000,AG03-UNRESOLVED,ALL5_LEVELS_bet23_to_bet27,-1.8352,-1.8352,-1.8352,-2.4469,-2.4469,3.000000,3.000000,3.000000,4.000000,4.000000,97.000000,97.000000,97.000000,96.000000,96.000000,5.0,-10.3994,-9.7192,-50.7738,-51.454,PENDING_AG03,FALSE,NOT_FOR_ENFORCEMENT,-59.3380,62.4611,-61.1732,-59.3380,-1.8352,-0.95000000,-0.92150000,-1.8352,-59.3380,-0.92150000,-1.8352,-1.8352,-1.8352,-2.4469,-2.4469,-59.3380,-0.92150000,-10.3994,-9.7192,-50.7738,-51.454,-0.78850000,-0.79906346,-0.02850000,64.3928,64.3928,-61.1732,-61.1732,-61.1732,64.3928,1.0000,,64.3928,64.3928,64.3928,64.3928,64.3928,64.3928,64.3928,64.3928,61.1732,1.0,1.0,1.0,1,1,1,1,0E-8,-0.95000000,,0E-8,0.000000,1.000000,0.000000,,2026-04-14,2026-04-14,1,1,1,1,1.000000,,,0.000000,,,,,,,,GLOBAL_BASELINE_NO_ENTITY_RANKING,,,NOT_APPLICABLE_GLOBAL_BASELINE,HF9g-P5,,,,X 全窗基线 · 不参与实体赏罚,3925190,393,A168_HF9F_20260827_0900,2026-08-27 09:00:00
2026-03-28,147885767,-1,1,13.1658635490,12.5075703715,12.5075703715,1.0000000,1,1,0.50665070000000000,0.506650700000,0.9867858985152569,0.9867858985152569,0.9867858985152569,0E-17,SENTINEL_DEALER,R03b_20260811_FULL_v1,L1_ELIGIBILITY,v2026-08-11,2026-03-21..2026-08-06,baccarat_bet02_101_all_pairs_incl_sentinel,round_win = game_pnl > 0 (decisive only),COMPATIBILITY_ONLY_NOT_PRODUCTION,111.6465,111.6465,-61.1686,8,8,0.54787736,,0.54787736,0.54787736,61.1686,111.6465,THIN_EXPOSURE,0.0000,-1.8351,3.0000,97.0000,AG03-UNRESOLVED,ALL5_LEVELS_bet23_to_bet27,-1.8351,-1.8351,-1.8351,-2.4467,-2.4467,3.000000,3.000000,3.000000,4.000000,4.000000,97.000000,97.000000,97.000000,96.000000,96.000000,5.0,-10.3987,-9.7185,-50.7699,-51.4501,PENDING_AG03,FALSE,NOT_FOR_ENFORCEMENT,-59.3335,108.2971,-61.1686,-59.3335,-1.8351,-0.54787736,-0.53144104,-1.8351,-59.3335,-0.53144104,-1.8351,-1.8351,-1.8351,-2.4467,-2.4467,-59.3335,-0.53144104,-10.3987,-9.7185,-50.7699,-51.4501,-0.45473821,-0.4608303,-0.01643632,13.9558,13.9558,-7.6461,-61.1686,-8.7384,111.6465,8.0000,,13.9558,7.8995,10.5327,13.1659,32.3354,40.5509,40.5509,10.5327,7.8995,3.85,3.85,1.325,7,7,1,2,0E-8,-0.54787736,,0E-8,0.000000,1.000000,0.000000,,2026-03-28,2026-03-28,1,7,7,1,1.000000,,,0.000000,,,,,,,,GLOBAL_BASELINE_NO_ENTITY_RANKING,,,NOT_APPLICABLE_GLOBAL_BASELINE,HF9g-P5,,,,X 全窗基线 · 不参与实体赏罚,3925191,393,A168_HF9F_20260827_0900,2026-08-27 09:00:00
2026-03-28,147885767,1654,0,7.8995181294,7.8995181294,7.8995181294,1.0000000,1,1,0.49324550000000000,0.493245500000,1.01360149184955,1.01360149184955,1.01360149184955,0E-17,ELIGIBLE,R03b_20260811_FULL_v1,L1_ELIGIBILITY,v2026-08-11,2026-03-21..2026-08-06,baccarat_bet02_101_all_pairs_incl_sentinel,round_win = game_pnl > 0 (decisive only),COMPATIBILITY_ONLY_NOT_PRODUCTION,111.6465,111.6465,-61.1686,8,8,0.54787736,,0.54787736,0.54787736,61.1686,111.6465,THIN_EXPOSURE,0.0000,-1.8351,3.0000,97.0000,AG03-UNRESOLVED,ALL5_LEVELS_bet23_to_bet27,-1.8351,-1.8351,-1.8351,-2.4467,-2.4467,3.000000,3.000000,3.000000,4.000000,4.000000,97.000000,97.000000,97.000000,96.000000,96.000000,5.0,-10.3987,-9.7185,-50.7699,-51.4501,PENDING_AG03,FALSE,NOT_FOR_ENFORCEMENT,-59.3335,108.2971,-61.1686,-59.3335,-1.8351,-0.54787736,-0.53144104,-1.8351,-59.3335,-0.53144104,-1.8351,-1.8351,-1.8351,-2.4467,-2.4467,-59.3335,-0.53144104,-10.3987,-9.7185,-50.7699,-51.4501,-0.45473821,-0.4608303,-0.01643632,13.9558,13.9558,-7.6461,-61.1686,-8.7384,111.6465,8.0000,,13.9558,7.8995,10.5327,13.1659,32.3354,40.5509,40.5509,10.5327,7.8995,3.85,3.85,1.325,7,7,1,2,0E-8,-0.54787736,,0E-8,0.000000,1.000000,0.000000,,2026-03-28,2026-03-28,1,7,7,1,1.000000,,,0.000000,,,,,,,,GLOBAL_BASELINE_NO_ENTITY_RANKING,,,NOT_APPLICABLE_GLOBAL_BASELINE,HF9g-P5,,,,X 全窗基线 · 不参与实体赏罚,3925192,393,A168_HF9F_20260827_0900,2026-08-27 09:00:00
2026-03-28,147885767,2141,0,23.6985543882,-23.6985543882,-23.6985543882,0E-7,2,2,0.50665070000000000,0.506650700000,-1.4331513700195317,-1.4331513700195317,-1.4331513700195317,0E-17,ELIGIBLE,R03b_20260811_FULL_v1,L1_ELIGIBILITY,v2026-08-11,2026-03-21..2026-08-06,baccarat_bet02_101_all_pairs_incl_sentinel,round_win = game_pnl > 0 (decisive only),COMPATIBILITY_ONLY_NOT_PRODUCTION,111.6465,111.6465,-61.1686,8,8,0.54787736,,0.54787736,0.54787736,61.1686,111.6465,THIN_EXPOSURE,0.0000,-1.8351,3.0000,97.0000,AG03-UNRESOLVED,ALL5_LEVELS_bet23_to_bet27,-1.8351,-1.8351,-1.8351,-2.4467,-2.4467,3.000000,3.000000,3.000000,4.000000,4.000000,97.000000,97.000000,97.000000,96.000000,96.000000,5.0,-10.3987,-9.7185,-50.7699,-51.4501,PENDING_AG03,FALSE,NOT_FOR_ENFORCEMENT,-59.3335,108.2971,-61.1686,-59.3335,-1.8351,-0.54787736,-0.53144104,-1.8351,-59.3335,-0.53144104,-1.8351,-1.8351,-1.8351,-2.4467,-2.4467,-59.3335,-0.53144104,-10.3987,-9.7185,-50.7699,-51.4501,-0.45473821,-0.4608303,-0.01643632,13.9558,13.9558,-7.6461,-61.1686,-8.7384,111.6465,8.0000,,13.9558,7.8995,10.5327,13.1659,32.3354,40.5509,40.5509,10.5327,7.8995,3.85,3.85,1.325,7,7,1,2,0E-8,-0.54787736,,0E-8,0.000000,1.000000,0.000000,,2026-03-28,2026-03-28,1,7,7,1,1.000000,,,0.000000,,,,,,,,GLOBAL_BASELINE_NO_ENTITY_RANKING,,,NOT_APPLICABLE_GLOBAL_BASELINE,HF9g-P5,,,,X 全窗基线 · 不参与实体赏罚,3925193,393,A168_HF9F_20260827_0900,2026-08-27 09:00:00
2026-03-28,147885767,2193,0,7.8995181294,7.5045422229,7.5045422229,1.0000000,1,1,0.50665070000000000,0.506650700000,0.9867858985152569,0.9867858985152569,0.9867858985152569,0E-17,ELIGIBLE,R03b_20260811_FULL_v1,L1_ELIGIBILITY,v2026-08-11,2026-03-21..2026-08-06,baccarat_bet02_101_all_pairs_incl_sentinel,round_win = game_pnl > 0 (decisive only),COMPATIBILITY_ONLY_NOT_PRODUCTION,111.6465,111.6465,-61.1686,8,8,0.54787736,,0.54787736,0.54787736,61.1686,111.6465,THIN_EXPOSURE,0.0000,-1.8351,3.0000,97.0000,AG03-UNRESOLVED,ALL5_LEVELS_bet23_to_bet27,-1.8351,-1.8351,-1.8351,-2.4467,-2.4467,3.000000,3.000000,3.000000,4.000000,4.000000,97.000000,97.000000,97.000000,96.000000,96.000000,5.0,-10.3987,-9.7185,-50.7699,-51.4501,PENDING_AG03,FALSE,NOT_FOR_ENFORCEMENT,-59.3335,108.2971,-61.1686,-59.3335,-1.8351,-0.54787736,-0.53144104,-1.8351,-59.3335,-0.53144104,-1.8351,-1.8351,-1.8351,-2.4467,-2.4467,-59.3335,-0.53144104,-10.3987,-9.7185,-50.7699,-51.4501,-0.45473821,-0.4608303,-0.01643632,13.9558,13.9558,-7.6461,-61.1686,-8.7384,111.6465,8.0000,,13.9558,7.8995,10.5327,13.1659,32.3354,40.5509,40.5509,10.5327,7.8995,3.85,3.85,1.325,7,7,1,2,0E-8,-0.54787736,,0E-8,0.000000,1.000000,0.000000,,2026-03-28,2026-03-28,1,7,7,1,1.000000,,,0.000000,,,,,,,,GLOBAL_BASELINE_NO_ENTITY_RANKING,,,NOT_APPLICABLE_GLOBAL_BASELINE,HF9g-P5,,,,X 全窗基线 · 不参与实体赏罚,3925194,393,A168_HF9F_20260827_0900,2026-08-27 09:00:00
2026-03-28,147885767,2244,0,7.8995181294,7.8995181294,7.8995181294,1.0000000,1,1,0.49324550000000000,0.493245500000,1.01360149184955,1.01360149184955,1.01360149184955,0E-17,ELIGIBLE,R03b_20260811_FULL_v1,L1_ELIGIBILITY,v2026-08-11,2026-03-21..2026-08-06,baccarat_bet02_101_all_pairs_incl_sentinel,round_win = game_pnl > 0 (decisive only),COMPATIBILITY_ONLY_NOT_PRODUCTION,111.6465,111.6465,-61.1686,8,8,0.54787736,,0.54787736,0.54787736,61.1686,111.6465,THIN_EXPOSURE,0.0000,-1.8351,3.0000,97.0000,AG03-UNRESOLVED,ALL5_LEVELS_bet23_to_bet27,-1.8351,-1.8351,-1.8351,-2.4467,-2.4467,3.000000,3.000000,3.000000,4.000000,4.000000,97.000000,97.000000,97.000000,96.000000,96.000000,5.0,-10.3987,-9.7185,-50.7699,-51.4501,PENDING_AG03,FALSE,NOT_FOR_ENFORCEMENT,-59.3335,108.2971,-61.1686,-59.3335,-1.8351,-0.54787736,-0.53144104,-1.8351,-59.3335,-0.53144104,-1.8351,-1.8351,-1.8351,-2.4467,-2.4467,-59.3335,-0.53144104,-10.3987,-9.7185,-50.7699,-51.4501,-0.45473821,-0.4608303,-0.01643632,13.9558,13.9558,-7.6461,-61.1686,-8.7384,111.6465,8.0000,,13.9558,7.8995,10.5327,13.1659,32.3354,40.5509,40.5509,10.5327,7.8995,3.85,3.85,1.325,7,7,1,2,0E-8,-0.54787736,,0E-8,0.000000,1.000000,0.000000,,2026-03-28,2026-03-28,1,7,7,1,1.000000,,,0.000000,,,,,,,,GLOBAL_BASELINE_NO_ENTITY_RANKING,,,NOT_APPLICABLE_GLOBAL_BASELINE,HF9g-P5,,,,X 全窗基线 · 不参与实体赏罚,3925195,393,A168_HF9F_20260827_0900,2026-08-27 09:00:00
2026-03-28,147885767,462,0,40.5508597309,38.5233167443,38.5233167443,1.0000000,1,1,0.50665070000000000,0.506650700000,0.9867858985152569,0.9867858985152569,0.9867858985152569,0E-17,ELIGIBLE,R03b_20260811_FULL_v1,L1_ELIGIBILITY,v2026-08-11,2026-03-21..2026-08-06,baccarat_bet02_101_all_pairs_incl_sentinel,round_win = game_pnl > 0 (decisive only),COMPATIBILITY_ONLY_NOT_PRODUCTION,111.6465,111.6465,-61.1686,8,8,0.54787736,,0.54787736,0.54787736,61.1686,111.6465,THIN_EXPOSURE,0.0000,-1.8351,3.0000,97.0000,AG03-UNRESOLVED,ALL5_LEVELS_bet23_to_bet27,-1.8351,-1.8351,-1.8351,-2.4467,-2.4467,3.000000,3.000000,3.000000,4.000000,4.000000,97.000000,97.000000,97.000000,96.000000,96.000000,5.0,-10.3987,-9.7185,-50.7699,-51.4501,PENDING_AG03,FALSE,NOT_FOR_ENFORCEMENT,-59.3335,108.2971,-61.1686,-59.3335,-1.8351,-0.54787736,-0.53144104,-1.8351,-59.3335,-0.53144104,-1.8351,-1.8351,-1.8351,-2.4467,-2.4467,-59.3335,-0.53144104,-10.3987,-9.7185,-50.7699,-51.4501,-0.45473821,-0.4608303,-0.01643632,13.9558,13.9558,-7.6461,-61.1686,-8.7384,111.6465,8.0000,,13.9558,7.8995,10.5327,13.1659,32.3354,40.5509,40.5509,10.5327,7.8995,3.85,3.85,1.325,7,7,1,2,0E-8,-0.54787736,,0E-8,0.000000,1.000000,0.000000,,2026-03-28,2026-03-28,1,7,7,1,1.000000,,,0.000000,,,,,,,,GLOBAL_BASELINE_NO_ENTITY_RANKING,,,NOT_APPLICABLE_GLOBAL_BASELINE,HF9g-P5,,,,X 全窗基线 · 不参与实体赏罚,3925196,393,A168_HF9F_20260827_0900,2026-08-27 09:00:00
2026-03-28,147885767,948,0,10.5326908392,10.5326908392,10.5326908392,1.0000000,1,1,0.49324550000000000,0.493245500000,1.01360149184955,1.01360149184955,1.01360149184955,0E-17,ELIGIBLE,R03b_20260811_FULL_v1,L1_ELIGIBILITY,v2026-08-11,2026-03-21..2026-08-06,baccarat_bet02_101_all_pairs_incl_sentinel,round_win = game_pnl > 0 (decisive only),COMPATIBILITY_ONLY_NOT_PRODUCTION,111.6465,111.6465,-61.1686,8,8,0.54787736,,0.54787736,0.54787736,61.1686,111.6465,THIN_EXPOSURE,0.0000,-1.8351,3.0000,97.0000,AG03-UNRESOLVED,ALL5_LEVELS_bet23_to_bet27,-1.8351,-1.8351,-1.8351,-2.4467,-2.4467,3.000000,3.000000,3.000000,4.000000,4.000000,97.000000,97.000000,97.000000,96.000000,96.000000,5.0,-10.3987,-9.7185,-50.7699,-51.4501,PENDING_AG03,FALSE,NOT_FOR_ENFORCEMENT,-59.3335,108.2971,-61.1686,-59.3335,-1.8351,-0.54787736,-0.53144104,-1.8351,-59.3335,-0.53144104,-1.8351,-1.8351,-1.8351,-2.4467,-2.4467,-59.3335,-0.53144104,-10.3987,-9.7185,-50.7699,-51.4501,-0.45473821,-0.4608303,-0.01643632,13.9558,13.9558,-7.6461,-61.1686,-8.7384,111.6465,8.0000,,13.9558,7.8995,10.5327,13.1659,32.3354,40.5509,40.5509,10.5327,7.8995,3.85,3.85,1.325,7,7,1,2,0E-8,-0.54787736,,0E-8,0.000000,1.000000,0.000000,,2026-03-28,2026-03-28,1,7,7,1,1.000000,,,0.000000,,,,,,,,GLOBAL_BASELINE_NO_ENTITY_RANKING,,,NOT_APPLICABLE_GLOBAL_BASELINE,HF9g-P5,,,,X 全窗基线 · 不参与实体赏罚,3925197,393,A168_HF9F_20260827_0900,2026-08-27 09:00:00
2026-07-17,153116323,2233,0,61.3170911172,61.3170911172,61.8689449373,1.0000000,1,1,0.49324550000000000,0.493245500000,1.01360149184955,1.01360149184955,1.01360149184955,0E-17,ELIGIBLE,R03b_20260811_FULL_v1,L1_ELIGIBILITY,v2026-08-11,2026-03-21..2026-08-06,baccarat_bet02_101_all_pairs_incl_sentinel,round_win = game_pnl > 0 (decisive only),COMPATIBILITY_ONLY_NOT_PRODUCTION,61.3171,61.3171,-61.8689,1,1,1.00900000,1.00900000,,1.00000000,61.8689,61.3171,THIN_EXPOSURE,0.5519,-3.0934,5.0000,95.0000,AG03-UNRESOLVED,ALL5_LEVELS_bet23_to_bet27,-3.0934,-3.0934,-3.0934,-3.0934,-3.0934,5.000000,5.000000,5.000000,5.000000,5.000000,95.000000,95.000000,95.000000,95.000000,95.000000,5.0,-15.4672,-13.9959,-46.9536,-48.4249,PENDING_AG03,FALSE,NOT_FOR_ENFORCEMENT,-58.7755,58.2512,-62.4208,-59.3274,-3.6453,-1.01800000,-0.96755000,-3.0934,-59.3274,-0.96755000,-3.0934,-3.0934,-3.0934,-3.0934,-3.0934,-59.3274,-0.96755000,-15.4672,-13.9959,-46.9536,-48.4249,-0.76575000,-0.78974497,-0.05945000,61.3171,61.3171,-61.8689,-61.8689,-61.8689,61.3171,1.0000,61.3171,,61.3171,61.3171,61.3171,61.3171,61.3171,61.3171,61.3171,61.8689,1.0,1.0,1.0,1,1,1,1,1.00000000,-1.00900000,-1.00900000,0.00900000,0.900000,1.000000,1.000000,,2026-07-17,2026-07-17,1,1,1,1,1.000000,,1.000000,3.333333,,,,,,,,GLOBAL_BASELINE_NO_ENTITY_RANKING,,,NOT_APPLICABLE_GLOBAL_BASELINE,HF9g-P5,,,,X 全窗基线 · 不参与实体赏罚,3925198,393,A168_HF9F_20260827_0900,2026-08-27 09:00:00
2026-07-29,153604175,1307,0,61.3170911172,61.3170911172,61.8689449373,1.0000000,1,1,0.49324550000000000,0.493245500000,1.01360149184955,1.01360149184955,1.01360149184955,0E-17,ELIGIBLE,R03b_20260811_FULL_v1,L1_ELIGIBILITY,v2026-08-11,2026-03-21..2026-08-06,baccarat_bet02_101_all_pairs_incl_sentinel,round_win = game_pnl > 0 (decisive only),COMPATIBILITY_ONLY_NOT_PRODUCTION,61.3171,61.3171,-61.8689,1,1,1.00900000,1.00900000,,1.00000000,61.8689,61.3171,THIN_EXPOSURE,0.5519,-3.0934,5.0000,95.0000,AG03-UNRESOLVED,ALL5_LEVELS_bet23_to_bet27,-3.0934,-3.0934,-3.0934,-3.0934,-3.0934,5.000000,5.000000,5.000000,5.000000,5.000000,95.000000,95.000000,95.000000,95.000000,95.000000,5.0,-15.4672,-13.9959,-46.9536,-48.4249,PENDING_AG03,FALSE,NOT_FOR_ENFORCEMENT,-58.7755,58.2512,-62.4208,-59.3274,-3.6453,-1.01800000,-0.96755000,-3.0934,-59.3274,-0.96755000,-3.0934,-3.0934,-3.0934,-3.0934,-3.0934,-59.3274,-0.96755000,-15.4672,-13.9959,-46.9536,-48.4249,-0.76575000,-0.78974497,-0.05945000,61.3171,61.3171,-61.8689,-61.8689,-61.8689,61.3171,1.0000,61.3171,,61.3171,61.3171,61.3171,61.3171,61.3171,61.3171,61.3171,61.8689,1.0,1.0,1.0,1,1,1,1,1.00000000,-1.00900000,-1.00900000,0.00900000,0.900000,1.000000,0.000000,,2026-07-29,2026-07-29,1,1,1,1,1.000000,,1.000000,3.333333,,,,,,,,GLOBAL_BASELINE_NO_ENTITY_RANKING,,,NOT_APPLICABLE_GLOBAL_BASELINE,HF9g-P5,,,,X 全窗基线 · 不参与实体赏罚,3925199,393,A168_HF9F_20260827_0900,2026-08-27 09:00:00
2026-07-04,93876031,1505,0,62.2208452741,61.1623163710,61.1623163710,1.0000000,2,2,0.49994810000000000,0.499948100000,1.4143603653603398,1.4143603653603398,1.4143603653603398,0E-17,ELIGIBLE,R03b_20260811_FULL_v1,L1_ELIGIBILITY,v2026-08-11,2026-03-21..2026-08-06,baccarat_bet02_101_all_pairs_incl_sentinel,round_win = game_pnl > 0 (decisive only),COMPATIBILITY_ONLY_NOT_PRODUCTION,62.2208,62.2208,-61.1623,2,2,0.98298755,,0.98298755,0.98298755,61.1623,62.2208,THIN_EXPOSURE,0.0000,-1.8349,3.0000,97.0000,AG03-UNRESOLVED,ALL5_LEVELS_bet23_to_bet27,-1.8349,-1.8349,-1.8349,-2.4465,-2.4465,3.000000,3.000000,3.000000,4.000000,4.000000,97.000000,97.000000,97.000000,96.000000,96.000000,5.0,-10.3976,-9.7175,-50.7647,-51.4448,PENDING_AG03,FALSE,NOT_FOR_ENFORCEMENT,-59.3274,60.3542,-61.1623,-59.3274,-1.8349,-0.98298755,-0.95349793,-1.8349,-59.3274,-0.95349793,-1.8349,-1.8349,-1.8349,-2.4465,-2.4465,-59.3274,-0.95349793,-10.3976,-9.7175,-50.7647,-51.4448,-0.81587967,-0.82680994,-0.02948963,31.1104,31.1104,-30.5812,-61.1623,-61.1623,62.2208,2.0000,,31.1104,21.1706,31.1104,41.0503,41.0503,41.0503,41.0503,31.1104,30.5812,1.319502,1.319502,1.0,1,1,1,2,0E-8,-0.98298755,,0E-8,0.000000,1.000000,0.000000,,2026-07-04,2026-07-04,1,1,1,1,1.000000,,,0.000000,,,,,,,,GLOBAL_BASELINE_NO_ENTITY_RANKING,,,NOT_APPLICABLE_GLOBAL_BASELINE,HF9g-P5,,,,X 全窗基线 · 不参与实体赏罚,3925200,393,A168_HF9F_20260827_0900,2026-08-27 09:00:00
2026-08-06,153895466,1402,0,8.4760999666,-8.4760999666,-8.4760999666,0E-7,1,1,0.50665070000000000,0.506650700000,-1.013391052207602,-1.013391052207602,-1.013391052207602,0E-17,ELIGIBLE,R03b_20260811_FULL_v1,L1_ELIGIBILITY,v2026-08-11,2026-03-21..2026-08-06,baccarat_bet02_101_all_pairs_incl_sentinel,round_win = game_pnl > 0 (decisive only),COMPATIBILITY_ONLY_NOT_PRODUCTION,82.4493,82.4493,-61.7985,4,4,0.74953271,0.74953271,,0.74953271,61.7985,82.4493,THIN_EXPOSURE,0.0000,-2.4719,4.0000,96.0000,AG03-UNRESOLVED,ALL5_LEVELS_bet23_to_bet27,-2.4719,-2.4719,-3.0899,-3.0899,-3.0899,4.000000,4.000000,5.000000,5.000000,5.000000,96.000000,96.000000,95.000000,95.000000,95.000000,5.0,-14.2136,-12.968,-47.5848,-48.8305,PENDING_AG03,FALSE,NOT_FOR_ENFORCEMENT,-59.3265,79.1514,-61.7985,-59.3265,-2.4719,-0.74953271,-0.71955140,-2.4719,-59.3265,-0.71955140,-2.4719,-2.4719,-3.0899,-3.0899,-3.0899,-59.3265,-0.71955140,-14.2136,-12.968,-47.5848,-48.8305,-0.57714019,-0.59224837,-0.02998131,20.6123,20.6123,-15.4496,-61.7985,-20.5995,82.4493,4.0000,20.6123,,9.7604,16.1816,31.4643,41.6099,41.6099,41.6099,16.1816,15.3726,2.571429,2.571429,1.27381,2,2,1,1,1.00000000,-0.74953271,-0.74953271,0E-8,0.000000,1.000000,0.000000,,2026-08-06,2026-08-06,1,3,2,1,1.000000,,1.000000,3.333333,,,,,,,,GLOBAL_BASELINE_NO_ENTITY_RANKING,,,NOT_APPLICABLE_GLOBAL_BASELINE,HF9g-P5,,,,X 全窗基线 · 不参与实体赏罚,3925201,393,A168_HF9F_20260827_0900,2026-08-27 09:00:00
2026-08-06,153895466,2251,0,73.9732360722,70.2745742686,70.2745742686,1.0000000,3,3,0.50665070000000000,0.506650700000,1.7091633124209307,1.7091633124209307,1.7091633124209307,0E-17,ELIGIBLE,R03b_20260811_FULL_v1,L1_ELIGIBILITY,v2026-08-11,2026-03-21..2026-08-06,baccarat_bet02_101_all_pairs_incl_sentinel,round_win = game_pnl > 0 (decisive only),COMPATIBILITY_ONLY_NOT_PRODUCTION,82.4493,82.4493,-61.7985,4,4,0.74953271,0.74953271,,0.74953271,61.7985,82.4493,THIN_EXPOSURE,0.0000,-2.4719,4.0000,96.0000,AG03-UNRESOLVED,ALL5_LEVELS_bet23_to_bet27,-2.4719,-2.4719,-3.0899,-3.0899,-3.0899,4.000000,4.000000,5.000000,5.000000,5.000000,96.000000,96.000000,95.000000,95.000000,95.000000,5.0,-14.2136,-12.968,-47.5848,-48.8305,PENDING_AG03,FALSE,NOT_FOR_ENFORCEMENT,-59.3265,79.1514,-61.7985,-59.3265,-2.4719,-0.74953271,-0.71955140,-2.4719,-59.3265,-0.71955140,-2.4719,-2.4719,-3.0899,-3.0899,-3.0899,-59.3265,-0.71955140,-14.2136,-12.968,-47.5848,-48.8305,-0.57714019,-0.59224837,-0.02998131,20.6123,20.6123,-15.4496,-61.7985,-20.5995,82.4493,4.0000,20.6123,,9.7604,16.1816,31.4643,41.6099,41.6099,41.6099,16.1816,15.3726,2.571429,2.571429,1.27381,2,2,1,1,1.00000000,-0.74953271,-0.74953271,0E-8,0.000000,1.000000,0.000000,,2026-08-06,2026-08-06,1,3,2,1,1.000000,,1.000000,3.333333,,,,,,,,GLOBAL_BASELINE_NO_ENTITY_RANKING,,,NOT_APPLICABLE_GLOBAL_BASELINE,HF9g-P5,,,,X 全窗基线 · 不参与实体赏罚,3925202,393,A168_HF9F_20260827_0900,2026-08-27 09:00:00
2026-04-06,143765745,1396,0,26.1759547680,-26.1759547680,-26.1759547680,0E-7,1,1,0.49324550000000000,0.493245500000,-0.9865810262130424,-0.9865810262130424,-0.9865810262130424,0E-17,ELIGIBLE,R03b_20260811_FULL_v1,L1_ELIGIBILITY,v2026-08-11,2026-03-21..2026-08-06,baccarat_bet02_101_all_pairs_incl_sentinel,round_win = game_pnl > 0 (decisive only),COMPATIBILITY_ONLY_NOT_PRODUCTION,373.8914,350.7474,-61.1582,13,11,0.16357210,,0.16357210,0.16357210,61.1582,373.8914,THIN_EXPOSURE,0.0000,-1.8347,3.0000,97.0000,AG03-UNRESOLVED,ALL5_LEVELS_bet23_to_bet27,-1.8347,-1.8347,-1.8347,-2.4463,-2.4463,3.000000,3.000000,3.000000,4.000000,4.000000,97.000000,97.000000,97.000000,96.000000,96.000000,5.0,-10.3969,-9.7169,-50.7613,-51.4414,PENDING_AG03,FALSE,NOT_FOR_ENFORCEMENT,-59.3235,340.2250,-61.1582,-59.3235,-1.8347,-0.16357210,-0.15866494,-1.8347,-59.3235,-0.15866494,-1.8347,-1.8347,-1.8347,-2.4463,-2.4463,-59.3235,-0.15866494,-10.3969,-9.7169,-50.7613,-51.4414,-0.13576485,-0.13758368,-0.00490716,28.7609,31.8861,-5.5598,-20.3861,-6.1158,124.6305,3.6667,,28.7609,12.5363,18.0009,23.144,57.2647,158.3033,181.6201,18.0009,-12.8578,8.794203,10.089513,1.597749,8,8,3,3,0E-8,-0.16357210,,0E-8,0.000000,0.938100,0.000000,,2026-04-06,2026-06-30,3,10,10,86,0.034884,,,0.000000,,,,,,,,GLOBAL_BASELINE_NO_ENTITY_RANKING,,,NOT_APPLICABLE_GLOBAL_BASELINE,HF9g-P5,,,,X 全窗基线 · 不参与实体赏罚,3925203,393,A168_HF9F_20260827_0900,2026-08-27 09:00:00
2026-04-06,143765745,2223,0,13.0879773840,12.4335785148,12.4335785148,1.0000000,1,1,0.50665070000000000,0.506650700000,0.9867858985152569,0.9867858985152569,0.9867858985152569,0E-17,ELIGIBLE,R03b_20260811_FULL_v1,L1_ELIGIBILITY,v2026-08-11,2026-03-21..2026-08-06,baccarat_bet02_101_all_pairs_incl_sentinel,round_win = game_pnl > 0 (decisive only),COMPATIBILITY_ONLY_NOT_PRODUCTION,373.8914,350.7474,-61.1582,13,11,0.16357210,,0.16357210,0.16357210,61.1582,373.8914,THIN_EXPOSURE,0.0000,-1.8347,3.0000,97.0000,AG03-UNRESOLVED,ALL5_LEVELS_bet23_to_bet27,-1.8347,-1.8347,-1.8347,-2.4463,-2.4463,3.000000,3.000000,3.000000,4.000000,4.000000,97.000000,97.000000,97.000000,96.000000,96.000000,5.0,-10.3969,-9.7169,-50.7613,-51.4414,PENDING_AG03,FALSE,NOT_FOR_ENFORCEMENT,-59.3235,340.2250,-61.1582,-59.3235,-1.8347,-0.16357210,-0.15866494,-1.8347,-59.3235,-0.15866494,-1.8347,-1.8347,-1.8347,-2.4463,-2.4463,-59.3235,-0.15866494,-10.3969,-9.7169,-50.7613,-51.4414,-0.13576485,-0.13758368,-0.00490716,28.7609,31.8861,-5.5598,-20.3861,-6.1158,124.6305,3.6667,,28.7609,12.5363,18.0009,23.144,57.2647,158.3033,181.6201,18.0009,-12.8578,8.794203,10.089513,1.597749,8,8,3,3,0E-8,-0.16357210,,0E-8,0.000000,0.938100,0.000000,,2026-04-06,2026-06-30,3,10,10,86,0.034884,,,0.000000,,,,,,,,GLOBAL_BASELINE_NO_ENTITY_RANKING,,,NOT_APPLICABLE_GLOBAL_BASELINE,HF9g-P5,,,,X 全窗基线 · 不参与实体赏罚,3925204,393,A168_HF9F_20260827_0900,2026-08-27 09:00:00
2026-05-04,143765745,1363,0,181.6200508536,181.6200508536,181.6200508536,1.0000000,1,1,0.49324550000000000,0.493245500000,1.01360149184955,1.01360149184955,1.01360149184955,0E-17,ELIGIBLE,R03b_20260811_FULL_v1,L1_ELIGIBILITY,v2026-08-11,2026-03-21..2026-08-06,baccarat_bet02_101_all_pairs_incl_sentinel,round_win = game_pnl > 0 (decisive only),COMPATIBILITY_ONLY_NOT_PRODUCTION,373.8914,350.7474,-61.1582,13,11,0.16357210,,0.16357210,0.16357210,61.1582,373.8914,THIN_EXPOSURE,0.0000,-1.8347,3.0000,97.0000,AG03-UNRESOLVED,ALL5_LEVELS_bet23_to_bet27,-1.8347,-1.8347,-1.8347,-2.4463,-2.4463,3.000000,3.000000,3.000000,4.000000,4.000000,97.000000,97.000000,97.000000,96.000000,96.000000,5.0,-10.3969,-9.7169,-50.7613,-51.4414,PENDING_AG03,FALSE,NOT_FOR_ENFORCEMENT,-59.3235,340.2250,-61.1582,-59.3235,-1.8347,-0.16357210,-0.15866494,-1.8347,-59.3235,-0.15866494,-1.8347,-1.8347,-1.8347,-2.4463,-2.4463,-59.3235,-0.15866494,-10.3969,-9.7169,-50.7613,-51.4414,-0.13576485,-0.13758368,-0.00490716,28.7609,31.8861,-5.5598,-20.3861,-6.1158,124.6305,3.6667,,28.7609,12.5363,18.0009,23.144,57.2647,158.3033,181.6201,18.0009,-12.8578,8.794203,10.089513,1.597749,8,8,3,3,0E-8,-0.16357210,,0E-8,0.000000,0.938100,0.000000,,2026-04-06,2026-06-30,3,10,10,86,0.034884,,,0.000000,,,,,,,,GLOBAL_BASELINE_NO_ENTITY_RANKING,,,NOT_APPLICABLE_GLOBAL_BASELINE,HF9g-P5,,,,X 全窗基线 · 不参与实体赏罚,3925205,393,A168_HF9F_20260827_0900,2026-08-27 09:00:00
2026-06-30,143765745,-1,1,33.4301951810,-33.4301951810,-33.4301951810,0E-7,3,2,0.48008424999961259,0.400384900000,-1.358961772095647,-1.1556266868189036,-1.358961772095647,0.07969934999961259,SENTINEL_DEALER,R03b_20260811_FULL_v1,L1_ELIGIBILITY,v2026-08-11,2026-03-21..2026-08-06,baccarat_bet02_101_all_pairs_incl_sentinel,round_win = game_pnl > 0 (decisive only),COMPATIBILITY_ONLY_NOT_PRODUCTION,373.8914,350.7474,-61.1582,13,11,0.16357210,,0.16357210,0.16357210,61.1582,373.8914,THIN_EXPOSURE,0.0000,-1.8347,3.0000,97.0000,AG03-UNRESOLVED,ALL5_LEVELS_bet23_to_bet27,-1.8347,-1.8347,-1.8347,-2.4463,-2.4463,3.000000,3.000000,3.000000,4.000000,4.000000,97.000000,97.000000,97.000000,96.000000,96.000000,5.0,-10.3969,-9.7169,-50.7613,-51.4414,PENDING_AG03,FALSE,NOT_FOR_ENFORCEMENT,-59.3235,340.2250,-61.1582,-59.3235,-1.8347,-0.16357210,-0.15866494,-1.8347,-59.3235,-0.15866494,-1.8347,-1.8347,-1.8347,-2.4463,-2.4463,-59.3235,-0.15866494,-10.3969,-9.7169,-50.7613,-51.4414,-0.13576485,-0.13758368,-0.00490716,28.7609,31.8861,-5.5598,-20.3861,-6.1158,124.6305,3.6667,,28.7609,12.5363,18.0009,23.144,57.2647,158.3033,181.6201,18.0009,-12.8578,8.794203,10.089513,1.597749,8,8,3,3,0E-8,-0.16357210,,0E-8,0.000000,0.938100,0.000000,,2026-04-06,2026-06-30,3,10,10,86,0.034884,,,0.000000,,,,,,,,GLOBAL_BASELINE_NO_ENTITY_RANKING,,,NOT_APPLICABLE_GLOBAL_BASELINE,HF9g-P5,,,,X 全窗基线 · 不参与实体赏罚,3925206,393,A168_HF9F_20260827_0900,2026-08-27 09:00:00
2026-06-30,143765745,1094,0,11.5719906395,11.5719906395,11.5719906395,1.0000000,1,1,0.49324550000000000,0.493245500000,1.01360149184955,1.01360149184955,1.01360149184955,0E-17,ELIGIBLE,R03b_20260811_FULL_v1,L1_ELIGIBILITY,v2026-08-11,2026-03-21..2026-08-06,baccarat_bet02_101_all_pairs_incl_sentinel,round_win = game_pnl > 0 (decisive only),COMPATIBILITY_ONLY_NOT_PRODUCTION,373.8914,350.7474,-61.1582,13,11,0.16357210,,0.16357210,0.16357210,61.1582,373.8914,THIN_EXPOSURE,0.0000,-1.8347,3.0000,97.0000,AG03-UNRESOLVED,ALL5_LEVELS_bet23_to_bet27,-1.8347,-1.8347,-1.8347,-2.4463,-2.4463,3.000000,3.000000,3.000000,4.000000,4.000000,97.000000,97.000000,97.000000,96.000000,96.000000,5.0,-10.3969,-9.7169,-50.7613,-51.4414,PENDING_AG03,FALSE,NOT_FOR_ENFORCEMENT,-59.3235,340.2250,-61.1582,-59.3235,-1.8347,-0.16357210,-0.15866494,-1.8347,-59.3235,-0.15866494,-1.8347,-1.8347,-1.8347,-2.4463,-2.4463,-59.3235,-0.15866494,-10.3969,-9.7169,-50.7613,-51.4414,-0.13576485,-0.13758368,-0.00490716,28.7609,31.8861,-5.5598,-20.3861,-6.1158,124.6305,3.6667,,28.7609,12.5363,18.0009,23.144,57.2647,158.3033,181.6201,18.0009,-12.8578,8.794203,10.089513,1.597749,8,8,3,3,0E-8,-0.16357210,,0E-8,0.000000,0.938100,0.000000,,2026-04-06,2026-06-30,3,10,10,86,0.034884,,,0.000000,,,,,,,,GLOBAL_BASELINE_NO_ENTITY_RANKING,,,NOT_APPLICABLE_GLOBAL_BASELINE,HF9g-P5,,,,X 全窗基线 · 不参与实体赏罚,3925207,393,A168_HF9F_20260827_0900,2026-08-27 09:00:00
2026-06-30,143765745,1396,0,23.1439812791,-23.1439812791,-23.1439812791,0E-7,2,1,0.45942145555473929,0.294119100000,-0.9218839085157078,-0.6454994830709712,-0.9218839085157078,0.16530235555473929,ELIGIBLE,R03b_20260811_FULL_v1,L1_ELIGIBILITY,v2026-08-11,2026-03-21..2026-08-06,baccarat_bet02_101_all_pairs_incl_sentinel,round_win = game_pnl > 0 (decisive only),COMPATIBILITY_ONLY_NOT_PRODUCTION,373.8914,350.7474,-61.1582,13,11,0.16357210,,0.16357210,0.16357210,61.1582,373.8914,THIN_EXPOSURE,0.0000,-1.8347,3.0000,97.0000,AG03-UNRESOLVED,ALL5_LEVELS_bet23_to_bet27,-1.8347,-1.8347,-1.8347,-2.4463,-2.4463,3.000000,3.000000,3.000000,4.000000,4.000000,97.000000,97.000000,97.000000,96.000000,96.000000,5.0,-10.3969,-9.7169,-50.7613,-51.4414,PENDING_AG03,FALSE,NOT_FOR_ENFORCEMENT,-59.3235,340.2250,-61.1582,-59.3235,-1.8347,-0.16357210,-0.15866494,-1.8347,-59.3235,-0.15866494,-1.8347,-1.8347,-1.8347,-2.4463,-2.4463,-59.3235,-0.15866494,-10.3969,-9.7169,-50.7613,-51.4414,-0.13576485,-0.13758368,-0.00490716,28.7609,31.8861,-5.5598,-20.3861,-6.1158,124.6305,3.6667,,28.7609,12.5363,18.0009,23.144,57.2647,158.3033,181.6201,18.0009,-12.8578,8.794203,10.089513,1.597749,8,8,3,3,0E-8,-0.16357210,,0E-8,0.000000,0.938100,0.000000,,2026-04-06,2026-06-30,3,10,10,86,0.034884,,,0.000000,,,,,,,,GLOBAL_BASELINE_NO_ENTITY_RANKING,,,NOT_APPLICABLE_GLOBAL_BASELINE,HF9g-P5,,,,X 全窗基线 · 不参与实体赏罚,3925208,393,A168_HF9F_20260827_0900,2026-08-27 09:00:00
2026-06-30,143765745,1400,0,41.1448556073,-18.0008743282,-18.0008743282,0E-7,2,2,0.49994810000000000,0.499948100000,-0.9998962053866608,-0.9998962053866608,-0.9998962053866608,0E-17,ELIGIBLE,R03b_20260811_FULL_v1,L1_ELIGIBILITY,v2026-08-11,2026-03-21..2026-08-06,baccarat_bet02_101_all_pairs_incl_sentinel,round_win = game_pnl > 0 (decisive only),COMPATIBILITY_ONLY_NOT_PRODUCTION,373.8914,350.7474,-61.1582,13,11,0.16357210,,0.16357210,0.16357210,61.1582,373.8914,THIN_EXPOSURE,0.0000,-1.8347,3.0000,97.0000,AG03-UNRESOLVED,ALL5_LEVELS_bet23_to_bet27,-1.8347,-1.8347,-1.8347,-2.4463,-2.4463,3.000000,3.000000,3.000000,4.000000,4.000000,97.000000,97.000000,97.000000,96.000000,96.000000,5.0,-10.3969,-9.7169,-50.7613,-51.4414,PENDING_AG03,FALSE,NOT_FOR_ENFORCEMENT,-59.3235,340.2250,-61.1582,-59.3235,-1.8347,-0.16357210,-0.15866494,-1.8347,-59.3235,-0.15866494,-1.8347,-1.8347,-1.8347,-2.4463,-2.4463,-59.3235,-0.15866494,-10.3969,-9.7169,-50.7613,-51.4414,-0.13576485,-0.13758368,-0.00490716,28.7609,31.8861,-5.5598,-20.3861,-6.1158,124.6305,3.6667,,28.7609,12.5363,18.0009,23.144,57.2647,158.3033,181.6201,18.0009,-12.8578,8.794203,10.089513,1.597749,8,8,3,3,0E-8,-0.16357210,,0E-8,0.000000,0.938100,0.000000,,2026-04-06,2026-06-30,3,10,10,86,0.034884,,,0.000000,,,,,,,,GLOBAL_BASELINE_NO_ENTITY_RANKING,,,NOT_APPLICABLE_GLOBAL_BASELINE,HF9g-P5,,,,X 全窗基线 · 不参与实体赏罚,3925209,393,A168_HF9F_20260827_0900,2026-08-27 09:00:00
2026-06-30,143765745,2220,0,23.1439812791,-23.1439812791,-23.1439812791,0E-7,1,1,0.49324550000000000,0.493245500000,-0.9865810262130424,-0.9865810262130424,-0.9865810262130424,0E-17,ELIGIBLE,R03b_20260811_FULL_v1,L1_ELIGIBILITY,v2026-08-11,2026-03-21..2026-08-06,baccarat_bet02_101_all_pairs_incl_sentinel,round_win = game_pnl > 0 (decisive only),COMPATIBILITY_ONLY_NOT_PRODUCTION,373.8914,350.7474,-61.1582,13,11,0.16357210,,0.16357210,0.16357210,61.1582,373.8914,THIN_EXPOSURE,0.0000,-1.8347,3.0000,97.0000,AG03-UNRESOLVED,ALL5_LEVELS_bet23_to_bet27,-1.8347,-1.8347,-1.8347,-2.4463,-2.4463,3.000000,3.000000,3.000000,4.000000,4.000000,97.000000,97.000000,97.000000,96.000000,96.000000,5.0,-10.3969,-9.7169,-50.7613,-51.4414,PENDING_AG03,FALSE,NOT_FOR_ENFORCEMENT,-59.3235,340.2250,-61.1582,-59.3235,-1.8347,-0.16357210,-0.15866494,-1.8347,-59.3235,-0.15866494,-1.8347,-1.8347,-1.8347,-2.4463,-2.4463,-59.3235,-0.15866494,-10.3969,-9.7169,-50.7613,-51.4414,-0.13576485,-0.13758368,-0.00490716,28.7609,31.8861,-5.5598,-20.3861,-6.1158,124.6305,3.6667,,28.7609,12.5363,18.0009,23.144,57.2647,158.3033,181.6201,18.0009,-12.8578,8.794203,10.089513,1.597749,8,8,3,3,0E-8,-0.16357210,,0E-8,0.000000,0.938100,0.000000,,2026-04-06,2026-06-30,3,10,10,86,0.034884,,,0.000000,,,,,,,,GLOBAL_BASELINE_NO_ENTITY_RANKING,,,NOT_APPLICABLE_GLOBAL_BASELINE,HF9g-P5,,,,X 全窗基线 · 不参与实体赏罚,3925210,393,A168_HF9F_20260827_0900,2026-08-27 09:00:00
2026-06-30,143765745,550,0,20.5724278036,-20.5724278036,-20.5724278036,0E-7,1,1,0.49324550000000000,0.493245500000,-0.9865810262130424,-0.9865810262130424,-0.9865810262130424,0E-17,ELIGIBLE,R03b_20260811_FULL_v1,L1_ELIGIBILITY,v2026-08-11,2026-03-21..2026-08-06,baccarat_bet02_101_all_pairs_incl_sentinel,round_win = game_pnl > 0 (decisive only),COMPATIBILITY_ONLY_NOT_PRODUCTION,373.8914,350.7474,-61.1582,13,11,0.16357210,,0.16357210,0.16357210,61.1582,373.8914,THIN_EXPOSURE,0.0000,-1.8347,3.0000,97.0000,AG03-UNRESOLVED,ALL5_LEVELS_bet23_to_bet27,-1.8347,-1.8347,-1.8347,-2.4463,-2.4463,3.000000,3.000000,3.000000,4.000000,4.000000,97.000000,97.000000,97.000000,96.000000,96.000000,5.0,-10.3969,-9.7169,-50.7613,-51.4414,PENDING_AG03,FALSE,NOT_FOR_ENFORCEMENT,-59.3235,340.2250,-61.1582,-59.3235,-1.8347,-0.16357210,-0.15866494,-1.8347,-59.3235,-0.15866494,-1.8347,-1.8347,-1.8347,-2.4463,-2.4463,-59.3235,-0.15866494,-10.3969,-9.7169,-50.7613,-51.4414,-0.13576485,-0.13758368,-0.00490716,28.7609,31.8861,-5.5598,-20.3861,-6.1158,124.6305,3.6667,,28.7609,12.5363,18.0009,23.144,57.2647,158.3033,181.6201,18.0009,-12.8578,8.794203,10.089513,1.597749,8,8,3,3,0E-8,-0.16357210,,0E-8,0.000000,0.938100,0.000000,,2026-04-06,2026-06-30,3,10,10,86,0.034884,,,0.000000,,,,,,,,GLOBAL_BASELINE_NO_ENTITY_RANKING,,,NOT_APPLICABLE_GLOBAL_BASELINE,HF9g-P5,,,,X 全窗基线 · 不参与实体赏罚,3925211,393,A168_HF9F_20260827_0900,2026-08-27 09:00:00
2026-03-27,140589105,-1,1,5.2663454196,5.0030281486,5.0030281486,1.0000000,1,1,0.50665070000000000,0.506650700000,0.9867858985152569,0.9867858985152569,0.9867858985152569,0E-17,SENTINEL_DEALER,R03b_20260811_FULL_v1,L1_ELIGIBILITY,v2026-08-11,2026-03-21..2026-08-06,baccarat_bet02_101_all_pairs_incl_sentinel,round_win = game_pnl > 0 (decisive only),COMPATIBILITY_ONLY_NOT_PRODUCTION,660.2942,639.3422,-61.7944,50,50,0.09358623,-0.07888407,0.15405692,0.09358623,61.7944,660.2942,OK,0.0000,-2.4718,4.0000,96.0000,AG03-UNRESOLVED,ALL5_LEVELS_bet23_to_bet27,-2.4718,-2.4718,-3.0897,-3.0897,-3.0897,4.000000,4.000000,5.000000,5.000000,5.000000,96.000000,96.000000,95.000000,95.000000,95.000000,5.0,-14.2127,-12.9671,-47.5817,-48.8273,PENDING_AG03,FALSE,NOT_FOR_ENFORCEMENT,-59.3227,613.7685,-61.7944,-59.3227,-2.4718,-0.09358623,-0.08984278,-2.4718,-59.3227,-0.08984278,-2.4718,-2.4718,-3.0897,-3.0897,-3.0897,-59.3227,-0.08984278,-14.2127,-12.9671,-47.5817,-48.8273,-0.07206139,-0.07394779,-0.00374345,13.2059,12.7868,-1.2359,-3.4330,-1.4713,36.6830,2.7778,12.2436,13.5801,3.8528,10.4811,20.9408,30.1023,31.4111,52.3519,10.1614,2.5121,2.996918,4.994863,1.259965,24,28,10,4,0.25959663,-0.09358623,0.07888407,0E-8,0.000000,0.968269,0.000000,-0.23294099,2026-03-27,2026-07-31,18,42,39,127,0.141732,0.901582,0.927131,0.865322,,,,,,,,GLOBAL_BASELINE_NO_ENTITY_RANKING,,,NOT_APPLICABLE_GLOBAL_BASELINE,HF9g-P5,,,,X 全窗基线 · 不参与实体赏罚,3925212,393,A168_HF9F_20260827_0900,2026-08-27 09:00:00
2026-03-27,140589105,1402,0,9.4794217553,9.4794217553,9.4794217553,1.0000000,1,1,0.49324550000000000,0.493245500000,1.01360149184955,1.01360149184955,1.01360149184955,0E-17,ELIGIBLE,R03b_20260811_FULL_v1,L1_ELIGIBILITY,v2026-08-11,2026-03-21..2026-08-06,baccarat_bet02_101_all_pairs_incl_sentinel,round_win = game_pnl > 0 (decisive only),COMPATIBILITY_ONLY_NOT_PRODUCTION,660.2942,639.3422,-61.7944,50,50,0.09358623,-0.07888407,0.15405692,0.09358623,61.7944,660.2942,OK,0.0000,-2.4718,4.0000,96.0000,AG03-UNRESOLVED,ALL5_LEVELS_bet23_to_bet27,-2.4718,-2.4718,-3.0897,-3.0897,-3.0897,4.000000,4.000000,5.000000,5.000000,5.000000,96.000000,96.000000,95.000000,95.000000,95.000000,5.0,-14.2127,-12.9671,-47.5817,-48.8273,PENDING_AG03,FALSE,NOT_FOR_ENFORCEMENT,-59.3227,613.7685,-61.7944,-59.3227,-2.4718,-0.09358623,-0.08984278,-2.4718,-59.3227,-0.08984278,-2.4718,-2.4718,-3.0897,-3.0897,-3.0897,-59.3227,-0.08984278,-14.2127,-12.9671,-47.5817,-48.8273,-0.07206139,-0.07394779,-0.00374345,13.2059,12.7868,-1.2359,-3.4330,-1.4713,36.6830,2.7778,12.2436,13.5801,3.8528,10.4811,20.9408,30.1023,31.4111,52.3519,10.1614,2.5121,2.996918,4.994863,1.259965,24,28,10,4,0.25959663,-0.09358623,0.07888407,0E-8,0.000000,0.968269,0.000000,-0.23294099,2026-03-27,2026-07-31,18,42,39,127,0.141732,0.901582,0.927131,0.865322,,,,,,,,GLOBAL_BASELINE_NO_ENTITY_RANKING,,,NOT_APPLICABLE_GLOBAL_BASELINE,HF9g-P5,,,,X 全窗基线 · 不参与实体赏罚,3925213,393,A168_HF9F_20260827_0900,2026-08-27 09:00:00
2026-03-28,140589105,2196,0,2.8964899808,-2.8964899808,-2.8964899808,0E-7,1,1,0.49324550000000000,0.493245500000,-0.9865810262130424,-0.9865810262130424,-0.9865810262130424,0E-17,ELIGIBLE,R03b_20260811_FULL_v1,L1_ELIGIBILITY,v2026-08-11,2026-03-21..2026-08-06,baccarat_bet02_101_all_pairs_incl_sentinel,round_win = game_pnl > 0 (decisive only),COMPATIBILITY_ONLY_NOT_PRODUCTION,660.2942,639.3422,-61.7944,50,50,0.09358623,-0.07888407,0.15405692,0.09358623,61.7944,660.2942,OK,0.0000,-2.4718,4.0000,96.0000,AG03-UNRESOLVED,ALL5_LEVELS_bet23_to_bet27,-2.4718,-2.4718,-3.0897,-3.0897,-3.0897,4.000000,4.000000,5.000000,5.000000,5.000000,96.000000,96.000000,95.000000,95.000000,95.000000,5.0,-14.2127,-12.9671,-47.5817,-48.8273,PENDING_AG03,FALSE,NOT_FOR_ENFORCEMENT,-59.3227,613.7685,-61.7944,-59.3227,-2.4718,-0.09358623,-0.08984278,-2.4718,-59.3227,-0.08984278,-2.4718,-2.4718,-3.0897,-3.0897,-3.0897,-59.3227,-0.08984278,-14.2127,-12.9671,-47.5817,-48.8273,-0.07206139,-0.07394779,-0.00374345,13.2059,12.7868,-1.2359,-3.4330,-1.4713,36.6830,2.7778,12.2436,13.5801,3.8528,10.4811,20.9408,30.1023,31.4111,52.3519,10.1614,2.5121,2.996918,4.994863,1.259965,24,28,10,4,0.25959663,-0.09358623,0.07888407,0E-8,0.000000,0.968269,0.000000,-0.23294099,2026-03-27,2026-07-31,18,42,39,127,0.141732,0.901582,0.927131,0.865322,,,,,,,,GLOBAL_BASELINE_NO_ENTITY_RANKING,,,NOT_APPLICABLE_GLOBAL_BASELINE,HF9g-P5,,,,X 全窗基线 · 不参与实体赏罚,3925214,393,A168_HF9F_20260827_0900,2026-08-27 09:00:00
2026-04-01,140589105,2088,0,2.6175954768,-2.6175954768,-2.6175954768,0E-7,1,1,0.07468630000000000,0.074686300000,-0.284103102408954,-0.284103102408954,-0.284103102408954,0E-17,ELIGIBLE,R03b_20260811_FULL_v1,L1_ELIGIBILITY,v2026-08-11,2026-03-21..2026-08-06,baccarat_bet02_101_all_pairs_incl_sentinel,round_win = game_pnl > 0 (decisive only),COMPATIBILITY_ONLY_NOT_PRODUCTION,660.2942,639.3422,-61.7944,50,50,0.09358623,-0.07888407,0.15405692,0.09358623,61.7944,660.2942,OK,0.0000,-2.4718,4.0000,96.0000,AG03-UNRESOLVED,ALL5_LEVELS_bet23_to_bet27,-2.4718,-2.4718,-3.0897,-3.0897,-3.0897,4.000000,4.000000,5.000000,5.000000,5.000000,96.000000,96.000000,95.000000,95.000000,95.000000,5.0,-14.2127,-12.9671,-47.5817,-48.8273,PENDING_AG03,FALSE,NOT_FOR_ENFORCEMENT,-59.3227,613.7685,-61.7944,-59.3227,-2.4718,-0.09358623,-0.08984278,-2.4718,-59.3227,-0.08984278,-2.4718,-2.4718,-3.0897,-3.0897,-3.0897,-59.3227,-0.08984278,-14.2127,-12.9671,-47.5817,-48.8273,-0.07206139,-0.07394779,-0.00374345,13.2059,12.7868,-1.2359,-3.4330,-1.4713,36.6830,2.7778,12.2436,13.5801,3.8528,10.4811,20.9408,30.1023,31.4111,52.3519,10.1614,2.5121,2.996918,4.994863,1.259965,24,28,10,4,0.25959663,-0.09358623,0.07888407,0E-8,0.000000,0.968269,0.000000,-0.23294099,2026-03-27,2026-07-31,18,42,39,127,0.141732,0.901582,0.927131,0.865322,,,,,,,,GLOBAL_BASELINE_NO_ENTITY_RANKING,,,NOT_APPLICABLE_GLOBAL_BASELINE,HF9g-P5,,,,X 全窗基线 · 不参与实体赏罚,3925215,393,A168_HF9F_20260827_0900,2026-08-27 09:00:00
2026-04-07,140589105,-1,1,31.1493861739,-0.2617595477,-0.2617595477,0.5000000,2,2,0.49994810000000000,0.499948100000,0.00014679536856514622,0.00014679536856514622,0.00014679536856514622,0E-17,SENTINEL_DEALER,R03b_20260811_FULL_v1,L1_ELIGIBILITY,v2026-08-11,2026-03-21..2026-08-06,baccarat_bet02_101_all_pairs_incl_sentinel,round_win = game_pnl > 0 (decisive only),COMPATIBILITY_ONLY_NOT_PRODUCTION,660.2942,639.3422,-61.7944,50,50,0.09358623,-0.07888407,0.15405692,0.09358623,61.7944,660.2942,OK,0.0000,-2.4718,4.0000,96.0000,AG03-UNRESOLVED,ALL5_LEVELS_bet23_to_bet27,-2.4718,-2.4718,-3.0897,-3.0897,-3.0897,4.000000,4.000000,5.000000,5.000000,5.000000,96.000000,96.000000,95.000000,95.000000,95.000000,5.0,-14.2127,-12.9671,-47.5817,-48.8273,PENDING_AG03,FALSE,NOT_FOR_ENFORCEMENT,-59.3227,613.7685,-61.7944,-59.3227,-2.4718,-0.09358623,-0.08984278,-2.4718,-59.3227,-0.08984278,-2.4718,-2.4718,-3.0897,-3.0897,-3.0897,-59.3227,-0.08984278,-14.2127,-12.9671,-47.5817,-48.8273,-0.07206139,-0.07394779,-0.00374345,13.2059,12.7868,-1.2359,-3.4330,-1.4713,36.6830,2.7778,12.2436,13.5801,3.8528,10.4811,20.9408,30.1023,31.4111,52.3519,10.1614,2.5121,2.996918,4.994863,1.259965,24,28,10,4,0.25959663,-0.09358623,0.07888407,0E-8,0.000000,0.968269,0.000000,-0.23294099,2026-03-27,2026-07-31,18,42,39,127,0.141732,0.901582,0.927131,0.865322,,,,,,,,GLOBAL_BASELINE_NO_ENTITY_RANKING,,,NOT_APPLICABLE_GLOBAL_BASELINE,HF9g-P5,,,,X 全窗基线 · 不参与实体赏罚,3925216,393,A168_HF9F_20260827_0900,2026-08-27 09:00:00
2026-04-07,140589105,1318,0,26.1759547680,24.8671570296,24.8671570296,1.0000000,1,1,0.50665070000000000,0.506650700000,0.9867858985152569,0.9867858985152569,0.9867858985152569,0E-17,ELIGIBLE,R03b_20260811_FULL_v1,L1_ELIGIBILITY,v2026-08-11,2026-03-21..2026-08-06,baccarat_bet02_101_all_pairs_incl_sentinel,round_win = game_pnl > 0 (decisive only),COMPATIBILITY_ONLY_NOT_PRODUCTION,660.2942,639.3422,-61.7944,50,50,0.09358623,-0.07888407,0.15405692,0.09358623,61.7944,660.2942,OK,0.0000,-2.4718,4.0000,96.0000,AG03-UNRESOLVED,ALL5_LEVELS_bet23_to_bet27,-2.4718,-2.4718,-3.0897,-3.0897,-3.0897,4.000000,4.000000,5.000000,5.000000,5.000000,96.000000,96.000000,95.000000,95.000000,95.000000,5.0,-14.2127,-12.9671,-47.5817,-48.8273,PENDING_AG03,FALSE,NOT_FOR_ENFORCEMENT,-59.3227,613.7685,-61.7944,-59.3227,-2.4718,-0.09358623,-0.08984278,-2.4718,-59.3227,-0.08984278,-2.4718,-2.4718,-3.0897,-3.0897,-3.0897,-59.3227,-0.08984278,-14.2127,-12.9671,-47.5817,-48.8273,-0.07206139,-0.07394779,-0.00374345,13.2059,12.7868,-1.2359,-3.4330,-1.4713,36.6830,2.7778,12.2436,13.5801,3.8528,10.4811,20.9408,30.1023,31.4111,52.3519,10.1614,2.5121,2.996918,4.994863,1.259965,24,28,10,4,0.25959663,-0.09358623,0.07888407,0E-8,0.000000,0.968269,0.000000,-0.23294099,2026-03-27,2026-07-31,18,42,39,127,0.141732,0.901582,0.927131,0.865322,,,,,,,,GLOBAL_BASELINE_NO_ENTITY_RANKING,,,NOT_APPLICABLE_GLOBAL_BASELINE,HF9g-P5,,,,X 全窗基线 · 不参与实体赏罚,3925217,393,A168_HF9F_20260827_0900,2026-08-27 09:00:00
2026-04-07,140589105,1353,0,13.0879773840,-13.0879773840,-13.0879773840,0E-7,1,1,0.49324550000000000,0.493245500000,-0.9865810262130424,-0.9865810262130424,-0.9865810262130424,0E-17,ELIGIBLE,R03b_20260811_FULL_v1,L1_ELIGIBILITY,v2026-08-11,2026-03-21..2026-08-06,baccarat_bet02_101_all_pairs_incl_sentinel,round_win = game_pnl > 0 (decisive only),COMPATIBILITY_ONLY_NOT_PRODUCTION,660.2942,639.3422,-61.7944,50,50,0.09358623,-0.07888407,0.15405692,0.09358623,61.7944,660.2942,OK,0.0000,-2.4718,4.0000,96.0000,AG03-UNRESOLVED,ALL5_LEVELS_bet23_to_bet27,-2.4718,-2.4718,-3.0897,-3.0897,-3.0897,4.000000,4.000000,5.000000,5.000000,5.000000,96.000000,96.000000,95.000000,95.000000,95.000000,5.0,-14.2127,-12.9671,-47.5817,-48.8273,PENDING_AG03,FALSE,NOT_FOR_ENFORCEMENT,-59.3227,613.7685,-61.7944,-59.3227,-2.4718,-0.09358623,-0.08984278,-2.4718,-59.3227,-0.08984278,-2.4718,-2.4718,-3.0897,-3.0897,-3.0897,-59.3227,-0.08984278,-14.2127,-12.9671,-47.5817,-48.8273,-0.07206139,-0.07394779,-0.00374345,13.2059,12.7868,-1.2359,-3.4330,-1.4713,36.6830,2.7778,12.2436,13.5801,3.8528,10.4811,20.9408,30.1023,31.4111,52.3519,10.1614,2.5121,2.996918,4.994863,1.259965,24,28,10,4,0.25959663,-0.09358623,0.07888407,0E-8,0.000000,0.968269,0.000000,-0.23294099,2026-03-27,2026-07-31,18,42,39,127,0.141732,0.901582,0.927131,0.865322,,,,,,,,GLOBAL_BASELINE_NO_ENTITY_RANKING,,,NOT_APPLICABLE_GLOBAL_BASELINE,HF9g-P5,,,,X 全窗基线 · 不参与实体赏罚,3925218,393,A168_HF9F_20260827_0900,2026-08-27 09:00:00
2026-04-07,140589105,1400,0,5.2351909536,5.2351909536,5.2351909536,1.0000000,1,1,0.49324550000000000,0.493245500000,1.01360149184955,1.01360149184955,1.01360149184955,0E-17,ELIGIBLE,R03b_20260811_FULL_v1,L1_ELIGIBILITY,v2026-08-11,2026-03-21..2026-08-06,baccarat_bet02_101_all_pairs_incl_sentinel,round_win = game_pnl > 0 (decisive only),COMPATIBILITY_ONLY_NOT_PRODUCTION,660.2942,639.3422,-61.7944,50,50,0.09358623,-0.07888407,0.15405692,0.09358623,61.7944,660.2942,OK,0.0000,-2.4718,4.0000,96.0000,AG03-UNRESOLVED,ALL5_LEVELS_bet23_to_bet27,-2.4718,-2.4718,-3.0897,-3.0897,-3.0897,4.000000,4.000000,5.000000,5.000000,5.000000,96.000000,96.000000,95.000000,95.000000,95.000000,5.0,-14.2127,-12.9671,-47.5817,-48.8273,PENDING_AG03,FALSE,NOT_FOR_ENFORCEMENT,-59.3227,613.7685,-61.7944,-59.3227,-2.4718,-0.09358623,-0.08984278,-2.4718,-59.3227,-0.08984278,-2.4718,-2.4718,-3.0897,-3.0897,-3.0897,-59.3227,-0.08984278,-14.2127,-12.9671,-47.5817,-48.8273,-0.07206139,-0.07394779,-0.00374345,13.2059,12.7868,-1.2359,-3.4330,-1.4713,36.6830,2.7778,12.2436,13.5801,3.8528,10.4811,20.9408,30.1023,31.4111,52.3519,10.1614,2.5121,2.996918,4.994863,1.259965,24,28,10,4,0.25959663,-0.09358623,0.07888407,0E-8,0.000000,0.968269,0.000000,-0.23294099,2026-03-27,2026-07-31,18,42,39,127,0.141732,0.901582,0.927131,0.865322,,,,,,,,GLOBAL_BASELINE_NO_ENTITY_RANKING,,,NOT_APPLICABLE_GLOBAL_BASELINE,HF9g-P5,,,,X 全窗基线 · 不参与实体赏罚,3925219,393,A168_HF9F_20260827_0900,2026-08-27 09:00:00
2026-04-07,140589105,1402,0,15.7055728608,-15.7055728608,-15.7055728608,0E-7,1,1,0.49324550000000000,0.493245500000,-0.9865810262130424,-0.9865810262130424,-0.9865810262130424,0E-17,ELIGIBLE,R03b_20260811_FULL_v1,L1_ELIGIBILITY,v2026-08-11,2026-03-21..2026-08-06,baccarat_bet02_101_all_pairs_incl_sentinel,round_win = game_pnl > 0 (decisive only),COMPATIBILITY_ONLY_NOT_PRODUCTION,660.2942,639.3422,-61.7944,50,50,0.09358623,-0.07888407,0.15405692,0.09358623,61.7944,660.2942,OK,0.0000,-2.4718,4.0000,96.0000,AG03-UNRESOLVED,ALL5_LEVELS_bet23_to_bet27,-2.4718,-2.4718,-3.0897,-3.0897,-3.0897,4.000000,4.000000,5.000000,5.000000,5.000000,96.000000,96.000000,95.000000,95.000000,95.000000,5.0,-14.2127,-12.9671,-47.5817,-48.8273,PENDING_AG03,FALSE,NOT_FOR_ENFORCEMENT,-59.3227,613.7685,-61.7944,-59.3227,-2.4718,-0.09358623,-0.08984278,-2.4718,-59.3227,-0.08984278,-2.4718,-2.4718,-3.0897,-3.0897,-3.0897,-59.3227,-0.08984278,-14.2127,-12.9671,-47.5817,-48.8273,-0.07206139,-0.07394779,-0.00374345,13.2059,12.7868,-1.2359,-3.4330,-1.4713,36.6830,2.7778,12.2436,13.5801,3.8528,10.4811,20.9408,30.1023,31.4111,52.3519,10.1614,2.5121,2.996918,4.994863,1.259965,24,28,10,4,0.25959663,-0.09358623,0.07888407,0E-8,0.000000,0.968269,0.000000,-0.23294099,2026-03-27,2026-07-31,18,42,39,127,0.141732,0.901582,0.927131,0.865322,,,,,,,,GLOBAL_BASELINE_NO_ENTITY_RANKING,,,NOT_APPLICABLE_GLOBAL_BASELINE,HF9g-P5,,,,X 全窗基线 · 不参与实体赏罚,3925220,393,A168_HF9F_20260827_0900,2026-08-27 09:00:00
2026-04-07,140589105,1485,0,31.4111457215,31.4111457215,31.4111457215,1.0000000,1,1,0.49324550000000000,0.493245500000,1.01360149184955,1.01360149184955,1.01360149184955,0E-17,ELIGIBLE,R03b_20260811_FULL_v1,L1_ELIGIBILITY,v2026-08-11,2026-03-21..2026-08-06,baccarat_bet02_101_all_pairs_incl_sentinel,round_win = game_pnl > 0 (decisive only),COMPATIBILITY_ONLY_NOT_PRODUCTION,660.2942,639.3422,-61.7944,50,50,0.09358623,-0.07888407,0.15405692,0.09358623,61.7944,660.2942,OK,0.0000,-2.4718,4.0000,96.0000,AG03-UNRESOLVED,ALL5_LEVELS_bet23_to_bet27,-2.4718,-2.4718,-3.0897,-3.0897,-3.0897,4.000000,4.000000,5.000000,5.000000,5.000000,96.000000,96.000000,95.000000,95.000000,95.000000,5.0,-14.2127,-12.9671,-47.5817,-48.8273,PENDING_AG03,FALSE,NOT_FOR_ENFORCEMENT,-59.3227,613.7685,-61.7944,-59.3227,-2.4718,-0.09358623,-0.08984278,-2.4718,-59.3227,-0.08984278,-2.4718,-2.4718,-3.0897,-3.0897,-3.0897,-59.3227,-0.08984278,-14.2127,-12.9671,-47.5817,-48.8273,-0.07206139,-0.07394779,-0.00374345,13.2059,12.7868,-1.2359,-3.4330,-1.4713,36.6830,2.7778,12.2436,13.5801,3.8528,10.4811,20.9408,30.1023,31.4111,52.3519,10.1614,2.5121,2.996918,4.994863,1.259965,24,28,10,4,0.25959663,-0.09358623,0.07888407,0E-8,0.000000,0.968269,0.000000,-0.23294099,2026-03-27,2026-07-31,18,42,39,127,0.141732,0.901582,0.927131,0.865322,,,,,,,,GLOBAL_BASELINE_NO_ENTITY_RANKING,,,NOT_APPLICABLE_GLOBAL_BASELINE,HF9g-P5,,,,X 全窗基线 · 不参与实体赏罚,3925221,393,A168_HF9F_20260827_0900,2026-08-27 09:00:00
2026-04-07,140589105,2196,0,18.8466874329,-18.8466874329,-18.8466874329,0E-7,2,2,0.29392415000000000,0.293924150000,-0.9124455438455121,-0.9124455438455121,-0.9124455438455121,0E-17,ELIGIBLE,R03b_20260811_FULL_v1,L1_ELIGIBILITY,v2026-08-11,2026-03-21..2026-08-06,baccarat_bet02_101_all_pairs_incl_sentinel,round_win = game_pnl > 0 (decisive only),COMPATIBILITY_ONLY_NOT_PRODUCTION,660.2942,639.3422,-61.7944,50,50,0.09358623,-0.07888407,0.15405692,0.09358623,61.7944,660.2942,OK,0.0000,-2.4718,4.0000,96.0000,AG03-UNRESOLVED,ALL5_LEVELS_bet23_to_bet27,-2.4718,-2.4718,-3.0897,-3.0897,-3.0897,4.000000,4.000000,5.000000,5.000000,5.000000,96.000000,96.000000,95.000000,95.000000,95.000000,5.0,-14.2127,-12.9671,-47.5817,-48.8273,PENDING_AG03,FALSE,NOT_FOR_ENFORCEMENT,-59.3227,613.7685,-61.7944,-59.3227,-2.4718,-0.09358623,-0.08984278,-2.4718,-59.3227,-0.08984278,-2.4718,-2.4718,-3.0897,-3.0897,-3.0897,-59.3227,-0.08984278,-14.2127,-12.9671,-47.5817,-48.8273,-0.07206139,-0.07394779,-0.00374345,13.2059,12.7868,-1.2359,-3.4330,-1.4713,36.6830,2.7778,12.2436,13.5801,3.8528,10.4811,20.9408,30.1023,31.4111,52.3519,10.1614,2.5121,2.996918,4.994863,1.259965,24,28,10,4,0.25959663,-0.09358623,0.07888407,0E-8,0.000000,0.968269,0.000000,-0.23294099,2026-03-27,2026-07-31,18,42,39,127,0.141732,0.901582,0.927131,0.865322,,,,,,,,GLOBAL_BASELINE_NO_ENTITY_RANKING,,,NOT_APPLICABLE_GLOBAL_BASELINE,HF9g-P5,,,,X 全窗基线 · 不参与实体赏罚,3925222,393,A168_HF9F_20260827_0900,2026-08-27 09:00:00
2026-04-07,140589105,2246,0,30.8876266262,-30.8876266262,-30.8876266262,0E-7,1,1,0.50665070000000000,0.506650700000,-1.013391052207602,-1.013391052207602,-1.013391052207602,0E-17,ELIGIBLE,R03b_20260811_FULL_v1,L1_ELIGIBILITY,v2026-08-11,2026-03-21..2026-08-06,baccarat_bet02_101_all_pairs_incl_sentinel,round_win = game_pnl > 0 (decisive only),COMPATIBILITY_ONLY_NOT_PRODUCTION,660.2942,639.3422,-61.7944,50,50,0.09358623,-0.07888407,0.15405692,0.09358623,61.7944,660.2942,OK,0.0000,-2.4718,4.0000,96.0000,AG03-UNRESOLVED,ALL5_LEVELS_bet23_to_bet27,-2.4718,-2.4718,-3.0897,-3.0897,-3.0897,4.000000,4.000000,5.000000,5.000000,5.000000,96.000000,96.000000,95.000000,95.000000,95.000000,5.0,-14.2127,-12.9671,-47.5817,-48.8273,PENDING_AG03,FALSE,NOT_FOR_ENFORCEMENT,-59.3227,613.7685,-61.7944,-59.3227,-2.4718,-0.09358623,-0.08984278,-2.4718,-59.3227,-0.08984278,-2.4718,-2.4718,-3.0897,-3.0897,-3.0897,-59.3227,-0.08984278,-14.2127,-12.9671,-47.5817,-48.8273,-0.07206139,-0.07394779,-0.00374345,13.2059,12.7868,-1.2359,-3.4330,-1.4713,36.6830,2.7778,12.2436,13.5801,3.8528,10.4811,20.9408,30.1023,31.4111,52.3519,10.1614,2.5121,2.996918,4.994863,1.259965,24,28,10,4,0.25959663,-0.09358623,0.07888407,0E-8,0.000000,0.968269,0.000000,-0.23294099,2026-03-27,2026-07-31,18,42,39,127,0.141732,0.901582,0.927131,0.865322,,,,,,,,GLOBAL_BASELINE_NO_ENTITY_RANKING,,,NOT_APPLICABLE_GLOBAL_BASELINE,HF9g-P5,,,,X 全窗基线 · 不参与实体赏罚,3925223,393,A168_HF9F_20260827_0900,2026-08-27 09:00:00
2026-04-07,140589105,2264,0,15.7055728608,15.7055728608,15.7055728608,1.0000000,1,1,0.49324550000000000,0.493245500000,1.01360149184955,1.01360149184955,1.01360149184955,0E-17,ELIGIBLE,R03b_20260811_FULL_v1,L1_ELIGIBILITY,v2026-08-11,2026-03-21..2026-08-06,baccarat_bet02_101_all_pairs_incl_sentinel,round_win = game_pnl > 0 (decisive only),COMPATIBILITY_ONLY_NOT_PRODUCTION,660.2942,639.3422,-61.7944,50,50,0.09358623,-0.07888407,0.15405692,0.09358623,61.7944,660.2942,OK,0.0000,-2.4718,4.0000,96.0000,AG03-UNRESOLVED,ALL5_LEVELS_bet23_to_bet27,-2.4718,-2.4718,-3.0897,-3.0897,-3.0897,4.000000,4.000000,5.000000,5.000000,5.000000,96.000000,96.000000,95.000000,95.000000,95.000000,5.0,-14.2127,-12.9671,-47.5817,-48.8273,PENDING_AG03,FALSE,NOT_FOR_ENFORCEMENT,-59.3227,613.7685,-61.7944,-59.3227,-2.4718,-0.09358623,-0.08984278,-2.4718,-59.3227,-0.08984278,-2.4718,-2.4718,-3.0897,-3.0897,-3.0897,-59.3227,-0.08984278,-14.2127,-12.9671,-47.5817,-48.8273,-0.07206139,-0.07394779,-0.00374345,13.2059,12.7868,-1.2359,-3.4330,-1.4713,36.6830,2.7778,12.2436,13.5801,3.8528,10.4811,20.9408,30.1023,31.4111,52.3519,10.1614,2.5121,2.996918,4.994863,1.259965,24,28,10,4,0.25959663,-0.09358623,0.07888407,0E-8,0.000000,0.968269,0.000000,-0.23294099,2026-03-27,2026-07-31,18,42,39,127,0.141732,0.901582,0.927131,0.865322,,,,,,,,GLOBAL_BASELINE_NO_ENTITY_RANKING,,,NOT_APPLICABLE_GLOBAL_BASELINE,HF9g-P5,,,,X 全窗基线 · 不参与实体赏罚,3925224,393,A168_HF9F_20260827_0900,2026-08-27 09:00:00
2026-04-07,140589105,2267,0,47.1167185824,47.1167185824,47.1167185824,1.0000000,3,3,0.49324550000000000,0.493245500000,1.755609282511032,1.7556092825110319,1.755609282511032,0E-17,ELIGIBLE,R03b_20260811_FULL_v1,L1_ELIGIBILITY,v2026-08-11,2026-03-21..2026-08-06,baccarat_bet02_101_all_pairs_incl_sentinel,round_win = game_pnl > 0 (decisive only),COMPATIBILITY_ONLY_NOT_PRODUCTION,660.2942,639.3422,-61.7944,50,50,0.09358623,-0.07888407,0.15405692,0.09358623,61.7944,660.2942,OK,0.0000,-2.4718,4.0000,96.0000,AG03-UNRESOLVED,ALL5_LEVELS_bet23_to_bet27,-2.4718,-2.4718,-3.0897,-3.0897,-3.0897,4.000000,4.000000,5.000000,5.000000,5.000000,96.000000,96.000000,95.000000,95.000000,95.000000,5.0,-14.2127,-12.9671,-47.5817,-48.8273,PENDING_AG03,FALSE,NOT_FOR_ENFORCEMENT,-59.3227,613.7685,-61.7944,-59.3227,-2.4718,-0.09358623,-0.08984278,-2.4718,-59.3227,-0.08984278,-2.4718,-2.4718,-3.0897,-3.0897,-3.0897,-59.3227,-0.08984278,-14.2127,-12.9671,-47.5817,-48.8273,-0.07206139,-0.07394779,-0.00374345,13.2059,12.7868,-1.2359,-3.4330,-1.4713,36.6830,2.7778,12.2436,13.5801,3.8528,10.4811,20.9408,30.1023,31.4111,52.3519,10.1614,2.5121,2.996918,4.994863,1.259965,24,28,10,4,0.25959663,-0.09358623,0.07888407,0E-8,0.000000,0.968269,0.000000,-0.23294099,2026-03-27,2026-07-31,18,42,39,127,0.141732,0.901582,0.927131,0.865322,,,,,,,,GLOBAL_BASELINE_NO_ENTITY_RANKING,,,NOT_APPLICABLE_GLOBAL_BASELINE,HF9g-P5,,,,X 全窗基线 · 不参与实体赏罚,3925225,393,A168_HF9F_20260827_0900,2026-08-27 09:00:00
2026-04-07,140589105,752,0,52.3519095359,52.3519095359,52.3519095359,1.0000000,1,1,0.49324550000000000,0.493245500000,1.01360149184955,1.01360149184955,1.01360149184955,0E-17,ELIGIBLE,R03b_20260811_FULL_v1,L1_ELIGIBILITY,v2026-08-11,2026-03-21..2026-08-06,baccarat_bet02_101_all_pairs_incl_sentinel,round_win = game_pnl > 0 (decisive only),COMPATIBILITY_ONLY_NOT_PRODUCTION,660.2942,639.3422,-61.7944,50,50,0.09358623,-0.07888407,0.15405692,0.09358623,61.7944,660.2942,OK,0.0000,-2.4718,4.0000,96.0000,AG03-UNRESOLVED,ALL5_LEVELS_bet23_to_bet27,-2.4718,-2.4718,-3.0897,-3.0897,-3.0897,4.000000,4.000000,5.000000,5.000000,5.000000,96.000000,96.000000,95.000000,95.000000,95.000000,5.0,-14.2127,-12.9671,-47.5817,-48.8273,PENDING_AG03,FALSE,NOT_FOR_ENFORCEMENT,-59.3227,613.7685,-61.7944,-59.3227,-2.4718,-0.09358623,-0.08984278,-2.4718,-59.3227,-0.08984278,-2.4718,-2.4718,-3.0897,-3.0897,-3.0897,-59.3227,-0.08984278,-14.2127,-12.9671,-47.5817,-48.8273,-0.07206139,-0.07394779,-0.00374345,13.2059,12.7868,-1.2359,-3.4330,-1.4713,36.6830,2.7778,12.2436,13.5801,3.8528,10.4811,20.9408,30.1023,31.4111,52.3519,10.1614,2.5121,2.996918,4.994863,1.259965,24,28,10,4,0.25959663,-0.09358623,0.07888407,0E-8,0.000000,0.968269,0.000000,-0.23294099,2026-03-27,2026-07-31,18,42,39,127,0.141732,0.901582,0.927131,0.865322,,,,,,,,GLOBAL_BASELINE_NO_ENTITY_RANKING,,,NOT_APPLICABLE_GLOBAL_BASELINE,HF9g-P5,,,,X 全窗基线 · 不参与实体赏罚,3925226,393,A168_HF9F_20260827_0900,2026-08-27 09:00:00
2026-04-08,140589105,-1,1,26.1759547680,24.8671570296,24.8671570296,1.0000000,1,1,0.50665070000000000,0.506650700000,0.9867858985152569,0.9867858985152569,0.9867858985152569,0E-17,SENTINEL_DEALER,R03b_20260811_FULL_v1,L1_ELIGIBILITY,v2026-08-11,2026-03-21..2026-08-06,baccarat_bet02_101_all_pairs_incl_sentinel,round_win = game_pnl > 0 (decisive only),COMPATIBILITY_ONLY_NOT_PRODUCTION,660.2942,639.3422,-61.7944,50,50,0.09358623,-0.07888407,0.15405692,0.09358623,61.7944,660.2942,OK,0.0000,-2.4718,4.0000,96.0000,AG03-UNRESOLVED,ALL5_LEVELS_bet23_to_bet27,-2.4718,-2.4718,-3.0897,-3.0897,-3.0897,4.000000,4.000000,5.000000,5.000000,5.000000,96.000000,96.000000,95.000000,95.000000,95.000000,5.0,-14.2127,-12.9671,-47.5817,-48.8273,PENDING_AG03,FALSE,NOT_FOR_ENFORCEMENT,-59.3227,613.7685,-61.7944,-59.3227,-2.4718,-0.09358623,-0.08984278,-2.4718,-59.3227,-0.08984278,-2.4718,-2.4718,-3.0897,-3.0897,-3.0897,-59.3227,-0.08984278,-14.2127,-12.9671,-47.5817,-48.8273,-0.07206139,-0.07394779,-0.00374345,13.2059,12.7868,-1.2359,-3.4330,-1.4713,36.6830,2.7778,12.2436,13.5801,3.8528,10.4811,20.9408,30.1023,31.4111,52.3519,10.1614,2.5121,2.996918,4.994863,1.259965,24,28,10,4,0.25959663,-0.09358623,0.07888407,0E-8,0.000000,0.968269,0.000000,-0.23294099,2026-03-27,2026-07-31,18,42,39,127,0.141732,0.901582,0.927131,0.865322,,,,,,,,GLOBAL_BASELINE_NO_ENTITY_RANKING,,,NOT_APPLICABLE_GLOBAL_BASELINE,HF9g-P5,,,,X 全窗基线 · 不参与实体赏罚,3925227,393,A168_HF9F_20260827_0900,2026-08-27 09:00:00
2026-04-08,140589105,1714,0,32.4581839123,-32.4581839123,-32.4581839123,0E-7,1,1,0.49324550000000000,0.493245500000,-0.9865810262130424,-0.9865810262130424,-0.9865810262130424,0E-17,ELIGIBLE,R03b_20260811_FULL_v1,L1_ELIGIBILITY,v2026-08-11,2026-03-21..2026-08-06,baccarat_bet02_101_all_pairs_incl_sentinel,round_win = game_pnl > 0 (decisive only),COMPATIBILITY_ONLY_NOT_PRODUCTION,660.2942,639.3422,-61.7944,50,50,0.09358623,-0.07888407,0.15405692,0.09358623,61.7944,660.2942,OK,0.0000,-2.4718,4.0000,96.0000,AG03-UNRESOLVED,ALL5_LEVELS_bet23_to_bet27,-2.4718,-2.4718,-3.0897,-3.0897,-3.0897,4.000000,4.000000,5.000000,5.000000,5.000000,96.000000,96.000000,95.000000,95.000000,95.000000,5.0,-14.2127,-12.9671,-47.5817,-48.8273,PENDING_AG03,FALSE,NOT_FOR_ENFORCEMENT,-59.3227,613.7685,-61.7944,-59.3227,-2.4718,-0.09358623,-0.08984278,-2.4718,-59.3227,-0.08984278,-2.4718,-2.4718,-3.0897,-3.0897,-3.0897,-59.3227,-0.08984278,-14.2127,-12.9671,-47.5817,-48.8273,-0.07206139,-0.07394779,-0.00374345,13.2059,12.7868,-1.2359,-3.4330,-1.4713,36.6830,2.7778,12.2436,13.5801,3.8528,10.4811,20.9408,30.1023,31.4111,52.3519,10.1614,2.5121,2.996918,4.994863,1.259965,24,28,10,4,0.25959663,-0.09358623,0.07888407,0E-8,0.000000,0.968269,0.000000,-0.23294099,2026-03-27,2026-07-31,18,42,39,127,0.141732,0.901582,0.927131,0.865322,,,,,,,,GLOBAL_BASELINE_NO_ENTITY_RANKING,,,NOT_APPLICABLE_GLOBAL_BASELINE,HF9g-P5,,,,X 全窗基线 · 不参与实体赏罚,3925228,393,A168_HF9F_20260827_0900,2026-08-27 09:00:00
2026-04-08,140589105,1963,0,22.2495615528,22.2495615528,22.2495615528,1.0000000,1,1,0.49324550000000000,0.493245500000,1.01360149184955,1.01360149184955,1.01360149184955,0E-17,ELIGIBLE,R03b_20260811_FULL_v1,L1_ELIGIBILITY,v2026-08-11,2026-03-21..2026-08-06,baccarat_bet02_101_all_pairs_incl_sentinel,round_win = game_pnl > 0 (decisive only),COMPATIBILITY_ONLY_NOT_PRODUCTION,660.2942,639.3422,-61.7944,50,50,0.09358623,-0.07888407,0.15405692,0.09358623,61.7944,660.2942,OK,0.0000,-2.4718,4.0000,96.0000,AG03-UNRESOLVED,ALL5_LEVELS_bet23_to_bet27,-2.4718,-2.4718,-3.0897,-3.0897,-3.0897,4.000000,4.000000,5.000000,5.000000,5.000000,96.000000,96.000000,95.000000,95.000000,95.000000,5.0,-14.2127,-12.9671,-47.5817,-48.8273,PENDING_AG03,FALSE,NOT_FOR_ENFORCEMENT,-59.3227,613.7685,-61.7944,-59.3227,-2.4718,-0.09358623,-0.08984278,-2.4718,-59.3227,-0.08984278,-2.4718,-2.4718,-3.0897,-3.0897,-3.0897,-59.3227,-0.08984278,-14.2127,-12.9671,-47.5817,-48.8273,-0.07206139,-0.07394779,-0.00374345,13.2059,12.7868,-1.2359,-3.4330,-1.4713,36.6830,2.7778,12.2436,13.5801,3.8528,10.4811,20.9408,30.1023,31.4111,52.3519,10.1614,2.5121,2.996918,4.994863,1.259965,24,28,10,4,0.25959663,-0.09358623,0.07888407,0E-8,0.000000,0.968269,0.000000,-0.23294099,2026-03-27,2026-07-31,18,42,39,127,0.141732,0.901582,0.927131,0.865322,,,,,,,,GLOBAL_BASELINE_NO_ENTITY_RANKING,,,NOT_APPLICABLE_GLOBAL_BASELINE,HF9g-P5,,,,X 全窗基线 · 不参与实体赏罚,3925229,393,A168_HF9F_20260827_0900,2026-08-27 09:00:00
2026-04-08,140589105,2250,0,29.3170693401,-29.3170693401,-29.3170693401,0E-7,1,1,0.50665070000000000,0.506650700000,-1.013391052207602,-1.013391052207602,-1.013391052207602,0E-17,ELIGIBLE,R03b_20260811_FULL_v1,L1_ELIGIBILITY,v2026-08-11,2026-03-21..2026-08-06,baccarat_bet02_101_all_pairs_incl_sentinel,round_win = game_pnl > 0 (decisive only),COMPATIBILITY_ONLY_NOT_PRODUCTION,660.2942,639.3422,-61.7944,50,50,0.09358623,-0.07888407,0.15405692,0.09358623,61.7944,660.2942,OK,0.0000,-2.4718,4.0000,96.0000,AG03-UNRESOLVED,ALL5_LEVELS_bet23_to_bet27,-2.4718,-2.4718,-3.0897,-3.0897,-3.0897,4.000000,4.000000,5.000000,5.000000,5.000000,96.000000,96.000000,95.000000,95.000000,95.000000,5.0,-14.2127,-12.9671,-47.5817,-48.8273,PENDING_AG03,FALSE,NOT_FOR_ENFORCEMENT,-59.3227,613.7685,-61.7944,-59.3227,-2.4718,-0.09358623,-0.08984278,-2.4718,-59.3227,-0.08984278,-2.4718,-2.4718,-3.0897,-3.0897,-3.0897,-59.3227,-0.08984278,-14.2127,-12.9671,-47.5817,-48.8273,-0.07206139,-0.07394779,-0.00374345,13.2059,12.7868,-1.2359,-3.4330,-1.4713,36.6830,2.7778,12.2436,13.5801,3.8528,10.4811,20.9408,30.1023,31.4111,52.3519,10.1614,2.5121,2.996918,4.994863,1.259965,24,28,10,4,0.25959663,-0.09358623,0.07888407,0E-8,0.000000,0.968269,0.000000,-0.23294099,2026-03-27,2026-07-31,18,42,39,127,0.141732,0.901582,0.927131,0.865322,,,,,,,,GLOBAL_BASELINE_NO_ENTITY_RANKING,,,NOT_APPLICABLE_GLOBAL_BASELINE,HF9g-P5,,,,X 全窗基线 · 不参与实体赏罚,3925230,393,A168_HF9F_20260827_0900,2026-08-27 09:00:00
2026-04-12,140589105,2171,0,16.2290919561,-16.2290919561,-16.2290919561,0E-7,1,1,0.49324550000000000,0.493245500000,-0.9865810262130424,-0.9865810262130424,-0.9865810262130424,0E-17,ELIGIBLE,R03b_20260811_FULL_v1,L1_ELIGIBILITY,v2026-08-11,2026-03-21..2026-08-06,baccarat_bet02_101_all_pairs_incl_sentinel,round_win = game_pnl > 0 (decisive only),COMPATIBILITY_ONLY_NOT_PRODUCTION,660.2942,639.3422,-61.7944,50,50,0.09358623,-0.07888407,0.15405692,0.09358623,61.7944,660.2942,OK,0.0000,-2.4718,4.0000,96.0000,AG03-UNRESOLVED,ALL5_LEVELS_bet23_to_bet27,-2.4718,-2.4718,-3.0897,-3.0897,-3.0897,4.000000,4.000000,5.000000,5.000000,5.000000,96.000000,96.000000,95.000000,95.000000,95.000000,5.0,-14.2127,-12.9671,-47.5817,-48.8273,PENDING_AG03,FALSE,NOT_FOR_ENFORCEMENT,-59.3227,613.7685,-61.7944,-59.3227,-2.4718,-0.09358623,-0.08984278,-2.4718,-59.3227,-0.08984278,-2.4718,-2.4718,-3.0897,-3.0897,-3.0897,-59.3227,-0.08984278,-14.2127,-12.9671,-47.5817,-48.8273,-0.07206139,-0.07394779,-0.00374345,13.2059,12.7868,-1.2359,-3.4330,-1.4713,36.6830,2.7778,12.2436,13.5801,3.8528,10.4811,20.9408,30.1023,31.4111,52.3519,10.1614,2.5121,2.996918,4.994863,1.259965,24,28,10,4,0.25959663,-0.09358623,0.07888407,0E-8,0.000000,0.968269,0.000000,-0.23294099,2026-03-27,2026-07-31,18,42,39,127,0.141732,0.901582,0.927131,0.865322,,,,,,,,GLOBAL_BASELINE_NO_ENTITY_RANKING,,,NOT_APPLICABLE_GLOBAL_BASELINE,HF9g-P5,,,,X 全窗基线 · 不参与实体赏罚,3925231,393,A168_HF9F_20260827_0900,2026-08-27 09:00:00
2026-05-01,140589105,1505,0,3.8918582326,3.6972653209,3.6972653209,1.0000000,1,1,0.50665070000000000,0.506650700000,0.9867858985152569,0.9867858985152569,0.9867858985152569,0E-17,ELIGIBLE,R03b_20260811_FULL_v1,L1_ELIGIBILITY,v2026-08-11,2026-03-21..2026-08-06,baccarat_bet02_101_all_pairs_incl_sentinel,round_win = game_pnl > 0 (decisive only),COMPATIBILITY_ONLY_NOT_PRODUCTION,660.2942,639.3422,-61.7944,50,50,0.09358623,-0.07888407,0.15405692,0.09358623,61.7944,660.2942,OK,0.0000,-2.4718,4.0000,96.0000,AG03-UNRESOLVED,ALL5_LEVELS_bet23_to_bet27,-2.4718,-2.4718,-3.0897,-3.0897,-3.0897,4.000000,4.000000,5.000000,5.000000,5.000000,96.000000,96.000000,95.000000,95.000000,95.000000,5.0,-14.2127,-12.9671,-47.5817,-48.8273,PENDING_AG03,FALSE,NOT_FOR_ENFORCEMENT,-59.3227,613.7685,-61.7944,-59.3227,-2.4718,-0.09358623,-0.08984278,-2.4718,-59.3227,-0.08984278,-2.4718,-2.4718,-3.0897,-3.0897,-3.0897,-59.3227,-0.08984278,-14.2127,-12.9671,-47.5817,-48.8273,-0.07206139,-0.07394779,-0.00374345,13.2059,12.7868,-1.2359,-3.4330,-1.4713,36.6830,2.7778,12.2436,13.5801,3.8528,10.4811,20.9408,30.1023,31.4111,52.3519,10.1614,2.5121,2.996918,4.994863,1.259965,24,28,10,4,0.25959663,-0.09358623,0.07888407,0E-8,0.000000,0.968269,0.000000,-0.23294099,2026-03-27,2026-07-31,18,42,39,127,0.141732,0.901582,0.927131,0.865322,,,,,,,,GLOBAL_BASELINE_NO_ENTITY_RANKING,,,NOT_APPLICABLE_GLOBAL_BASELINE,HF9g-P5,,,,X 全窗基线 · 不参与实体赏罚,3925232,393,A168_HF9F_20260827_0900,2026-08-27 09:00:00
2026-05-16,140589105,-1,1,12.7134035598,2.5945721551,2.5945721551,1.0000000,2,2,0.49994810000000000,0.499948100000,1.0001038053877793,1.0001038053877793,1.0001038053877793,0E-17,SENTINEL_DEALER,R03b_20260811_FULL_v1,L1_ELIGIBILITY,v2026-08-11,2026-03-21..2026-08-06,baccarat_bet02_101_all_pairs_incl_sentinel,round_win = game_pnl > 0 (decisive only),COMPATIBILITY_ONLY_NOT_PRODUCTION,660.2942,639.3422,-61.7944,50,50,0.09358623,-0.07888407,0.15405692,0.09358623,61.7944,660.2942,OK,0.0000,-2.4718,4.0000,96.0000,AG03-UNRESOLVED,ALL5_LEVELS_bet23_to_bet27,-2.4718,-2.4718,-3.0897,-3.0897,-3.0897,4.000000,4.000000,5.000000,5.000000,5.000000,96.000000,96.000000,95.000000,95.000000,95.000000,5.0,-14.2127,-12.9671,-47.5817,-48.8273,PENDING_AG03,FALSE,NOT_FOR_ENFORCEMENT,-59.3227,613.7685,-61.7944,-59.3227,-2.4718,-0.09358623,-0.08984278,-2.4718,-59.3227,-0.08984278,-2.4718,-2.4718,-3.0897,-3.0897,-3.0897,-59.3227,-0.08984278,-14.2127,-12.9671,-47.5817,-48.8273,-0.07206139,-0.07394779,-0.00374345,13.2059,12.7868,-1.2359,-3.4330,-1.4713,36.6830,2.7778,12.2436,13.5801,3.8528,10.4811,20.9408,30.1023,31.4111,52.3519,10.1614,2.5121,2.996918,4.994863,1.259965,24,28,10,4,0.25959663,-0.09358623,0.07888407,0E-8,0.000000,0.968269,0.000000,-0.23294099,2026-03-27,2026-07-31,18,42,39,127,0.141732,0.901582,0.927131,0.865322,,,,,,,,GLOBAL_BASELINE_NO_ENTITY_RANKING,,,NOT_APPLICABLE_GLOBAL_BASELINE,HF9g-P5,,,,X 全窗基线 · 不参与实体赏罚,3925233,393,A168_HF9F_20260827_0900,2026-08-27 09:00:00
2026-05-16,140589105,1405,0,5.1891443101,4.9296870946,4.9296870946,1.0000000,1,1,0.50665070000000000,0.506650700000,0.9867858985152569,0.9867858985152569,0.9867858985152569,0E-17,ELIGIBLE,R03b_20260811_FULL_v1,L1_ELIGIBILITY,v2026-08-11,2026-03-21..2026-08-06,baccarat_bet02_101_all_pairs_incl_sentinel,round_win = game_pnl > 0 (decisive only),COMPATIBILITY_ONLY_NOT_PRODUCTION,660.2942,639.3422,-61.7944,50,50,0.09358623,-0.07888407,0.15405692,0.09358623,61.7944,660.2942,OK,0.0000,-2.4718,4.0000,96.0000,AG03-UNRESOLVED,ALL5_LEVELS_bet23_to_bet27,-2.4718,-2.4718,-3.0897,-3.0897,-3.0897,4.000000,4.000000,5.000000,5.000000,5.000000,96.000000,96.000000,95.000000,95.000000,95.000000,5.0,-14.2127,-12.9671,-47.5817,-48.8273,PENDING_AG03,FALSE,NOT_FOR_ENFORCEMENT,-59.3227,613.7685,-61.7944,-59.3227,-2.4718,-0.09358623,-0.08984278,-2.4718,-59.3227,-0.08984278,-2.4718,-2.4718,-3.0897,-3.0897,-3.0897,-59.3227,-0.08984278,-14.2127,-12.9671,-47.5817,-48.8273,-0.07206139,-0.07394779,-0.00374345,13.2059,12.7868,-1.2359,-3.4330,-1.4713,36.6830,2.7778,12.2436,13.5801,3.8528,10.4811,20.9408,30.1023,31.4111,52.3519,10.1614,2.5121,2.996918,4.994863,1.259965,24,28,10,4,0.25959663,-0.09358623,0.07888407,0E-8,0.000000,0.968269,0.000000,-0.23294099,2026-03-27,2026-07-31,18,42,39,127,0.141732,0.901582,0.927131,0.865322,,,,,,,,GLOBAL_BASELINE_NO_ENTITY_RANKING,,,NOT_APPLICABLE_GLOBAL_BASELINE,HF9g-P5,,,,X 全窗基线 · 不参与实体赏罚,3925234,393,A168_HF9F_20260827_0900,2026-08-27 09:00:00
2026-06-06,140589105,2171,0,2.8287088230,-2.8287088230,-2.8287088230,0E-7,1,1,0.49324550000000000,0.493245500000,-0.9865810262130424,-0.9865810262130424,-0.9865810262130424,0E-17,ELIGIBLE,R03b_20260811_FULL_v1,L1_ELIGIBILITY,v2026-08-11,2026-03-21..2026-08-06,baccarat_bet02_101_all_pairs_incl_sentinel,round_win = game_pnl > 0 (decisive only),COMPATIBILITY_ONLY_NOT_PRODUCTION,660.2942,639.3422,-61.7944,50,50,0.09358623,-0.07888407,0.15405692,0.09358623,61.7944,660.2942,OK,0.0000,-2.4718,4.0000,96.0000,AG03-UNRESOLVED,ALL5_LEVELS_bet23_to_bet27,-2.4718,-2.4718,-3.0897,-3.0897,-3.0897,4.000000,4.000000,5.000000,5.000000,5.000000,96.000000,96.000000,95.000000,95.000000,95.000000,5.0,-14.2127,-12.9671,-47.5817,-48.8273,PENDING_AG03,FALSE,NOT_FOR_ENFORCEMENT,-59.3227,613.7685,-61.7944,-59.3227,-2.4718,-0.09358623,-0.08984278,-2.4718,-59.3227,-0.08984278,-2.4718,-2.4718,-3.0897,-3.0897,-3.0897,-59.3227,-0.08984278,-14.2127,-12.9671,-47.5817,-48.8273,-0.07206139,-0.07394779,-0.00374345,13.2059,12.7868,-1.2359,-3.4330,-1.4713,36.6830,2.7778,12.2436,13.5801,3.8528,10.4811,20.9408,30.1023,31.4111,52.3519,10.1614,2.5121,2.996918,4.994863,1.259965,24,28,10,4,0.25959663,-0.09358623,0.07888407,0E-8,0.000000,0.968269,0.000000,-0.23294099,2026-03-27,2026-07-31,18,42,39,127,0.141732,0.901582,0.927131,0.865322,,,,,,,,GLOBAL_BASELINE_NO_ENTITY_RANKING,,,NOT_APPLICABLE_GLOBAL_BASELINE,HF9g-P5,,,,X 全窗基线 · 不参与实体赏罚,3925235,393,A168_HF9F_20260827_0900,2026-08-27 09:00:00
2026-06-17,140589105,-1,1,10.2862139019,7.4575050789,7.4575050789,1.0000000,3,3,0.49771390000000000,0.497713900000,1.4206944795187548,1.420694479518755,1.4206944795187548,0E-17,SENTINEL_DEALER,R03b_20260811_FULL_v1,L1_ELIGIBILITY,v2026-08-11,2026-03-21..2026-08-06,baccarat_bet02_101_all_pairs_incl_sentinel,round_win = game_pnl > 0 (decisive only),COMPATIBILITY_ONLY_NOT_PRODUCTION,660.2942,639.3422,-61.7944,50,50,0.09358623,-0.07888407,0.15405692,0.09358623,61.7944,660.2942,OK,0.0000,-2.4718,4.0000,96.0000,AG03-UNRESOLVED,ALL5_LEVELS_bet23_to_bet27,-2.4718,-2.4718,-3.0897,-3.0897,-3.0897,4.000000,4.000000,5.000000,5.000000,5.000000,96.000000,96.000000,95.000000,95.000000,95.000000,5.0,-14.2127,-12.9671,-47.5817,-48.8273,PENDING_AG03,FALSE,NOT_FOR_ENFORCEMENT,-59.3227,613.7685,-61.7944,-59.3227,-2.4718,-0.09358623,-0.08984278,-2.4718,-59.3227,-0.08984278,-2.4718,-2.4718,-3.0897,-3.0897,-3.0897,-59.3227,-0.08984278,-14.2127,-12.9671,-47.5817,-48.8273,-0.07206139,-0.07394779,-0.00374345,13.2059,12.7868,-1.2359,-3.4330,-1.4713,36.6830,2.7778,12.2436,13.5801,3.8528,10.4811,20.9408,30.1023,31.4111,52.3519,10.1614,2.5121,2.996918,4.994863,1.259965,24,28,10,4,0.25959663,-0.09358623,0.07888407,0E-8,0.000000,0.968269,0.000000,-0.23294099,2026-03-27,2026-07-31,18,42,39,127,0.141732,0.901582,0.927131,0.865322,,,,,,,,GLOBAL_BASELINE_NO_ENTITY_RANKING,,,NOT_APPLICABLE_GLOBAL_BASELINE,HF9g-P5,,,,X 全窗基线 · 不参与实体赏罚,3925236,393,A168_HF9F_20260827_0900,2026-08-27 09:00:00
2026-06-24,140589105,2093,0,2.5715534755,-2.5715534755,-2.5715534755,0E-7,1,1,0.09460280000000000,0.094602800000,-0.32324545095860213,-0.32324545095860213,-0.32324545095860213,0E-17,ELIGIBLE,R03b_20260811_FULL_v1,L1_ELIGIBILITY,v2026-08-11,2026-03-21..2026-08-06,baccarat_bet02_101_all_pairs_incl_sentinel,round_win = game_pnl > 0 (decisive only),COMPATIBILITY_ONLY_NOT_PRODUCTION,660.2942,639.3422,-61.7944,50,50,0.09358623,-0.07888407,0.15405692,0.09358623,61.7944,660.2942,OK,0.0000,-2.4718,4.0000,96.0000,AG03-UNRESOLVED,ALL5_LEVELS_bet23_to_bet27,-2.4718,-2.4718,-3.0897,-3.0897,-3.0897,4.000000,4.000000,5.000000,5.000000,5.000000,96.000000,96.000000,95.000000,95.000000,95.000000,5.0,-14.2127,-12.9671,-47.5817,-48.8273,PENDING_AG03,FALSE,NOT_FOR_ENFORCEMENT,-59.3227,613.7685,-61.7944,-59.3227,-2.4718,-0.09358623,-0.08984278,-2.4718,-59.3227,-0.08984278,-2.4718,-2.4718,-3.0897,-3.0897,-3.0897,-59.3227,-0.08984278,-14.2127,-12.9671,-47.5817,-48.8273,-0.07206139,-0.07394779,-0.00374345,13.2059,12.7868,-1.2359,-3.4330,-1.4713,36.6830,2.7778,12.2436,13.5801,3.8528,10.4811,20.9408,30.1023,31.4111,52.3519,10.1614,2.5121,2.996918,4.994863,1.259965,24,28,10,4,0.25959663,-0.09358623,0.07888407,0E-8,0.000000,0.968269,0.000000,-0.23294099,2026-03-27,2026-07-31,18,42,39,127,0.141732,0.901582,0.927131,0.865322,,,,,,,,GLOBAL_BASELINE_NO_ENTITY_RANKING,,,NOT_APPLICABLE_GLOBAL_BASELINE,HF9g-P5,,,,X 全窗基线 · 不参与实体赏罚,3925237,393,A168_HF9F_20260827_0900,2026-08-27 09:00:00
2026-06-30,140589105,1507,0,3.0981333746,0E-10,0E-10,,1,1,0.49324550000000000,0.493245500000,,,,0E-17,NO_DECISIVE_ROUND,R03b_20260811_FULL_v1,L1_ELIGIBILITY,v2026-08-11,2026-03-21..2026-08-06,baccarat_bet02_101_all_pairs_incl_sentinel,round_win = game_pnl > 0 (decisive only),COMPATIBILITY_ONLY_NOT_PRODUCTION,660.2942,639.3422,-61.7944,50,50,0.09358623,-0.07888407,0.15405692,0.09358623,61.7944,660.2942,OK,0.0000,-2.4718,4.0000,96.0000,AG03-UNRESOLVED,ALL5_LEVELS_bet23_to_bet27,-2.4718,-2.4718,-3.0897,-3.0897,-3.0897,4.000000,4.000000,5.000000,5.000000,5.000000,96.000000,96.000000,95.000000,95.000000,95.000000,5.0,-14.2127,-12.9671,-47.5817,-48.8273,PENDING_AG03,FALSE,NOT_FOR_ENFORCEMENT,-59.3227,613.7685,-61.7944,-59.3227,-2.4718,-0.09358623,-0.08984278,-2.4718,-59.3227,-0.08984278,-2.4718,-2.4718,-3.0897,-3.0897,-3.0897,-59.3227,-0.08984278,-14.2127,-12.9671,-47.5817,-48.8273,-0.07206139,-0.07394779,-0.00374345,13.2059,12.7868,-1.2359,-3.4330,-1.4713,36.6830,2.7778,12.2436,13.5801,3.8528,10.4811,20.9408,30.1023,31.4111,52.3519,10.1614,2.5121,2.996918,4.994863,1.259965,24,28,10,4,0.25959663,-0.09358623,0.07888407,0E-8,0.000000,0.968269,0.000000,-0.23294099,2026-03-27,2026-07-31,18,42,39,127,0.141732,0.901582,0.927131,0.865322,,,,,,,,GLOBAL_BASELINE_NO_ENTITY_RANKING,,,NOT_APPLICABLE_GLOBAL_BASELINE,HF9g-P5,,,,X 全窗基线 · 不参与实体赏罚,3925238,393,A168_HF9F_20260827_0900,2026-08-27 09:00:00
2026-06-30,140589105,2117,0,3.0981333746,-3.0981333746,-3.0981333746,0E-7,1,1,0.49324550000000000,0.493245500000,-0.9865810262130424,-0.9865810262130424,-0.9865810262130424,0E-17,ELIGIBLE,R03b_20260811_FULL_v1,L1_ELIGIBILITY,v2026-08-11,2026-03-21..2026-08-06,baccarat_bet02_101_all_pairs_incl_sentinel,round_win = game_pnl > 0 (decisive only),COMPATIBILITY_ONLY_NOT_PRODUCTION,660.2942,639.3422,-61.7944,50,50,0.09358623,-0.07888407,0.15405692,0.09358623,61.7944,660.2942,OK,0.0000,-2.4718,4.0000,96.0000,AG03-UNRESOLVED,ALL5_LEVELS_bet23_to_bet27,-2.4718,-2.4718,-3.0897,-3.0897,-3.0897,4.000000,4.000000,5.000000,5.000000,5.000000,96.000000,96.000000,95.000000,95.000000,95.000000,5.0,-14.2127,-12.9671,-47.5817,-48.8273,PENDING_AG03,FALSE,NOT_FOR_ENFORCEMENT,-59.3227,613.7685,-61.7944,-59.3227,-2.4718,-0.09358623,-0.08984278,-2.4718,-59.3227,-0.08984278,-2.4718,-2.4718,-3.0897,-3.0897,-3.0897,-59.3227,-0.08984278,-14.2127,-12.9671,-47.5817,-48.8273,-0.07206139,-0.07394779,-0.00374345,13.2059,12.7868,-1.2359,-3.4330,-1.4713,36.6830,2.7778,12.2436,13.5801,3.8528,10.4811,20.9408,30.1023,31.4111,52.3519,10.1614,2.5121,2.996918,4.994863,1.259965,24,28,10,4,0.25959663,-0.09358623,0.07888407,0E-8,0.000000,0.968269,0.000000,-0.23294099,2026-03-27,2026-07-31,18,42,39,127,0.141732,0.901582,0.927131,0.865322,,,,,,,,GLOBAL_BASELINE_NO_ENTITY_RANKING,,,NOT_APPLICABLE_GLOBAL_BASELINE,HF9g-P5,,,,X 全窗基线 · 不参与实体赏罚,3925239,393,A168_HF9F_20260827_0900,2026-08-27 09:00:00
2026-07-01,140589105,1109,0,10.8434668112,-10.8434668112,-10.8434668112,0E-7,1,1,0.50665070000000000,0.506650700000,-1.013391052207602,-1.013391052207602,-1.013391052207602,0E-17,ELIGIBLE,R03b_20260811_FULL_v1,L1_ELIGIBILITY,v2026-08-11,2026-03-21..2026-08-06,baccarat_bet02_101_all_pairs_incl_sentinel,round_win = game_pnl > 0 (decisive only),COMPATIBILITY_ONLY_NOT_PRODUCTION,660.2942,639.3422,-61.7944,50,50,0.09358623,-0.07888407,0.15405692,0.09358623,61.7944,660.2942,OK,0.0000,-2.4718,4.0000,96.0000,AG03-UNRESOLVED,ALL5_LEVELS_bet23_to_bet27,-2.4718,-2.4718,-3.0897,-3.0897,-3.0897,4.000000,4.000000,5.000000,5.000000,5.000000,96.000000,96.000000,95.000000,95.000000,95.000000,5.0,-14.2127,-12.9671,-47.5817,-48.8273,PENDING_AG03,FALSE,NOT_FOR_ENFORCEMENT,-59.3227,613.7685,-61.7944,-59.3227,-2.4718,-0.09358623,-0.08984278,-2.4718,-59.3227,-0.08984278,-2.4718,-2.4718,-3.0897,-3.0897,-3.0897,-59.3227,-0.08984278,-14.2127,-12.9671,-47.5817,-48.8273,-0.07206139,-0.07394779,-0.00374345,13.2059,12.7868,-1.2359,-3.4330,-1.4713,36.6830,2.7778,12.2436,13.5801,3.8528,10.4811,20.9408,30.1023,31.4111,52.3519,10.1614,2.5121,2.996918,4.994863,1.259965,24,28,10,4,0.25959663,-0.09358623,0.07888407,0E-8,0.000000,0.968269,0.000000,-0.23294099,2026-03-27,2026-07-31,18,42,39,127,0.141732,0.901582,0.927131,0.865322,,,,,,,,GLOBAL_BASELINE_NO_ENTITY_RANKING,,,NOT_APPLICABLE_GLOBAL_BASELINE,HF9g-P5,,,,X 全窗基线 · 不参与实体赏罚,3925240,393,A168_HF9F_20260827_0900,2026-08-27 09:00:00
2026-07-08,140589105,1325,0,2.5817778122,2.5817778122,2.5817778122,1.0000000,1,1,0.49324550000000000,0.493245500000,1.01360149184955,1.01360149184955,1.01360149184955,0E-17,ELIGIBLE,R03b_20260811_FULL_v1,L1_ELIGIBILITY,v2026-08-11,2026-03-21..2026-08-06,baccarat_bet02_101_all_pairs_incl_sentinel,round_win = game_pnl > 0 (decisive only),COMPATIBILITY_ONLY_NOT_PRODUCTION,660.2942,639.3422,-61.7944,50,50,0.09358623,-0.07888407,0.15405692,0.09358623,61.7944,660.2942,OK,0.0000,-2.4718,4.0000,96.0000,AG03-UNRESOLVED,ALL5_LEVELS_bet23_to_bet27,-2.4718,-2.4718,-3.0897,-3.0897,-3.0897,4.000000,4.000000,5.000000,5.000000,5.000000,96.000000,96.000000,95.000000,95.000000,95.000000,5.0,-14.2127,-12.9671,-47.5817,-48.8273,PENDING_AG03,FALSE,NOT_FOR_ENFORCEMENT,-59.3227,613.7685,-61.7944,-59.3227,-2.4718,-0.09358623,-0.08984278,-2.4718,-59.3227,-0.08984278,-2.4718,-2.4718,-3.0897,-3.0897,-3.0897,-59.3227,-0.08984278,-14.2127,-12.9671,-47.5817,-48.8273,-0.07206139,-0.07394779,-0.00374345,13.2059,12.7868,-1.2359,-3.4330,-1.4713,36.6830,2.7778,12.2436,13.5801,3.8528,10.4811,20.9408,30.1023,31.4111,52.3519,10.1614,2.5121,2.996918,4.994863,1.259965,24,28,10,4,0.25959663,-0.09358623,0.07888407,0E-8,0.000000,0.968269,0.000000,-0.23294099,2026-03-27,2026-07-31,18,42,39,127,0.141732,0.901582,0.927131,0.865322,,,,,,,,GLOBAL_BASELINE_NO_ENTITY_RANKING,,,NOT_APPLICABLE_GLOBAL_BASELINE,HF9g-P5,,,,X 全窗基线 · 不参与实体赏罚,3925241,393,A168_HF9F_20260827_0900,2026-08-27 09:00:00
2026-07-13,140589105,-1,1,144.5795574832,-27.1086670281,-27.1086670281,0.4285714,7,7,0.49516052857142857,0.495160528571,-0.3523729031294806,-0.3523729031272156,-0.3523729031294806,4.2857E-13,SENTINEL_DEALER,R03b_20260811_FULL_v1,L1_ELIGIBILITY,v2026-08-11,2026-03-21..2026-08-06,baccarat_bet02_101_all_pairs_incl_sentinel,round_win = game_pnl > 0 (decisive only),COMPATIBILITY_ONLY_NOT_PRODUCTION,660.2942,639.3422,-61.7944,50,50,0.09358623,-0.07888407,0.15405692,0.09358623,61.7944,660.2942,OK,0.0000,-2.4718,4.0000,96.0000,AG03-UNRESOLVED,ALL5_LEVELS_bet23_to_bet27,-2.4718,-2.4718,-3.0897,-3.0897,-3.0897,4.000000,4.000000,5.000000,5.000000,5.000000,96.000000,96.000000,95.000000,95.000000,95.000000,5.0,-14.2127,-12.9671,-47.5817,-48.8273,PENDING_AG03,FALSE,NOT_FOR_ENFORCEMENT,-59.3227,613.7685,-61.7944,-59.3227,-2.4718,-0.09358623,-0.08984278,-2.4718,-59.3227,-0.08984278,-2.4718,-2.4718,-3.0897,-3.0897,-3.0897,-59.3227,-0.08984278,-14.2127,-12.9671,-47.5817,-48.8273,-0.07206139,-0.07394779,-0.00374345,13.2059,12.7868,-1.2359,-3.4330,-1.4713,36.6830,2.7778,12.2436,13.5801,3.8528,10.4811,20.9408,30.1023,31.4111,52.3519,10.1614,2.5121,2.996918,4.994863,1.259965,24,28,10,4,0.25959663,-0.09358623,0.07888407,0E-8,0.000000,0.968269,0.000000,-0.23294099,2026-03-27,2026-07-31,18,42,39,127,0.141732,0.901582,0.927131,0.865322,,,,,,,,GLOBAL_BASELINE_NO_ENTITY_RANKING,,,NOT_APPLICABLE_GLOBAL_BASELINE,HF9g-P5,,,,X 全窗基线 · 不参与实体赏罚,3925242,393,A168_HF9F_20260827_0900,2026-08-27 09:00:00
2026-07-22,140589105,1402,0,2.5817778122,2.4526889216,2.4526889216,1.0000000,1,1,0.50665070000000000,0.506650700000,0.9867858985152569,0.9867858985152569,0.9867858985152569,0E-17,ELIGIBLE,R03b_20260811_FULL_v1,L1_ELIGIBILITY,v2026-08-11,2026-03-21..2026-08-06,baccarat_bet02_101_all_pairs_incl_sentinel,round_win = game_pnl > 0 (decisive only),COMPATIBILITY_ONLY_NOT_PRODUCTION,660.2942,639.3422,-61.7944,50,50,0.09358623,-0.07888407,0.15405692,0.09358623,61.7944,660.2942,OK,0.0000,-2.4718,4.0000,96.0000,AG03-UNRESOLVED,ALL5_LEVELS_bet23_to_bet27,-2.4718,-2.4718,-3.0897,-3.0897,-3.0897,4.000000,4.000000,5.000000,5.000000,5.000000,96.000000,96.000000,95.000000,95.000000,95.000000,5.0,-14.2127,-12.9671,-47.5817,-48.8273,PENDING_AG03,FALSE,NOT_FOR_ENFORCEMENT,-59.3227,613.7685,-61.7944,-59.3227,-2.4718,-0.09358623,-0.08984278,-2.4718,-59.3227,-0.08984278,-2.4718,-2.4718,-3.0897,-3.0897,-3.0897,-59.3227,-0.08984278,-14.2127,-12.9671,-47.5817,-48.8273,-0.07206139,-0.07394779,-0.00374345,13.2059,12.7868,-1.2359,-3.4330,-1.4713,36.6830,2.7778,12.2436,13.5801,3.8528,10.4811,20.9408,30.1023,31.4111,52.3519,10.1614,2.5121,2.996918,4.994863,1.259965,24,28,10,4,0.25959663,-0.09358623,0.07888407,0E-8,0.000000,0.968269,0.000000,-0.23294099,2026-03-27,2026-07-31,18,42,39,127,0.141732,0.901582,0.927131,0.865322,,,,,,,,GLOBAL_BASELINE_NO_ENTITY_RANKING,,,NOT_APPLICABLE_GLOBAL_BASELINE,HF9g-P5,,,,X 全窗基线 · 不参与实体赏罚,3925243,393,A168_HF9F_20260827_0900,2026-08-27 09:00:00
2026-07-22,140589105,789,0,4.9053778432,4.6601089510,4.6601089510,1.0000000,1,1,0.50665070000000000,0.506650700000,0.9867858985152569,0.9867858985152569,0.9867858985152569,0E-17,ELIGIBLE,R03b_20260811_FULL_v1,L1_ELIGIBILITY,v2026-08-11,2026-03-21..2026-08-06,baccarat_bet02_101_all_pairs_incl_sentinel,round_win = game_pnl > 0 (decisive only),COMPATIBILITY_ONLY_NOT_PRODUCTION,660.2942,639.3422,-61.7944,50,50,0.09358623,-0.07888407,0.15405692,0.09358623,61.7944,660.2942,OK,0.0000,-2.4718,4.0000,96.0000,AG03-UNRESOLVED,ALL5_LEVELS_bet23_to_bet27,-2.4718,-2.4718,-3.0897,-3.0897,-3.0897,4.000000,4.000000,5.000000,5.000000,5.000000,96.000000,96.000000,95.000000,95.000000,95.000000,5.0,-14.2127,-12.9671,-47.5817,-48.8273,PENDING_AG03,FALSE,NOT_FOR_ENFORCEMENT,-59.3227,613.7685,-61.7944,-59.3227,-2.4718,-0.09358623,-0.08984278,-2.4718,-59.3227,-0.08984278,-2.4718,-2.4718,-3.0897,-3.0897,-3.0897,-59.3227,-0.08984278,-14.2127,-12.9671,-47.5817,-48.8273,-0.07206139,-0.07394779,-0.00374345,13.2059,12.7868,-1.2359,-3.4330,-1.4713,36.6830,2.7778,12.2436,13.5801,3.8528,10.4811,20.9408,30.1023,31.4111,52.3519,10.1614,2.5121,2.996918,4.994863,1.259965,24,28,10,4,0.25959663,-0.09358623,0.07888407,0E-8,0.000000,0.968269,0.000000,-0.23294099,2026-03-27,2026-07-31,18,42,39,127,0.141732,0.901582,0.927131,0.865322,,,,,,,,GLOBAL_BASELINE_NO_ENTITY_RANKING,,,NOT_APPLICABLE_GLOBAL_BASELINE,HF9g-P5,,,,X 全窗基线 · 不参与实体赏罚,3925244,393,A168_HF9F_20260827_0900,2026-08-27 09:00:00
2026-07-29,140589105,1330,0,2.5817778122,2.5817778122,2.5817778122,1.0000000,1,1,0.49324550000000000,0.493245500000,1.01360149184955,1.01360149184955,1.01360149184955,0E-17,ELIGIBLE,R03b_20260811_FULL_v1,L1_ELIGIBILITY,v2026-08-11,2026-03-21..2026-08-06,baccarat_bet02_101_all_pairs_incl_sentinel,round_win = game_pnl > 0 (decisive only),COMPATIBILITY_ONLY_NOT_PRODUCTION,660.2942,639.3422,-61.7944,50,50,0.09358623,-0.07888407,0.15405692,0.09358623,61.7944,660.2942,OK,0.0000,-2.4718,4.0000,96.0000,AG03-UNRESOLVED,ALL5_LEVELS_bet23_to_bet27,-2.4718,-2.4718,-3.0897,-3.0897,-3.0897,4.000000,4.000000,5.000000,5.000000,5.000000,96.000000,96.000000,95.000000,95.000000,95.000000,5.0,-14.2127,-12.9671,-47.5817,-48.8273,PENDING_AG03,FALSE,NOT_FOR_ENFORCEMENT,-59.3227,613.7685,-61.7944,-59.3227,-2.4718,-0.09358623,-0.08984278,-2.4718,-59.3227,-0.08984278,-2.4718,-2.4718,-3.0897,-3.0897,-3.0897,-59.3227,-0.08984278,-14.2127,-12.9671,-47.5817,-48.8273,-0.07206139,-0.07394779,-0.00374345,13.2059,12.7868,-1.2359,-3.4330,-1.4713,36.6830,2.7778,12.2436,13.5801,3.8528,10.4811,20.9408,30.1023,31.4111,52.3519,10.1614,2.5121,2.996918,4.994863,1.259965,24,28,10,4,0.25959663,-0.09358623,0.07888407,0E-8,0.000000,0.968269,0.000000,-0.23294099,2026-03-27,2026-07-31,18,42,39,127,0.141732,0.901582,0.927131,0.865322,,,,,,,,GLOBAL_BASELINE_NO_ENTITY_RANKING,,,NOT_APPLICABLE_GLOBAL_BASELINE,HF9g-P5,,,,X 全窗基线 · 不参与实体赏罚,3925245,393,A168_HF9F_20260827_0900,2026-08-27 09:00:00
2026-07-29,140589105,1396,0,5.1635556244,0E-10,0E-10,,1,1,0.49324550000000000,0.493245500000,,,,0E-17,NO_DECISIVE_ROUND,R03b_20260811_FULL_v1,L1_ELIGIBILITY,v2026-08-11,2026-03-21..2026-08-06,baccarat_bet02_101_all_pairs_incl_sentinel,round_win = game_pnl > 0 (decisive only),COMPATIBILITY_ONLY_NOT_PRODUCTION,660.2942,639.3422,-61.7944,50,50,0.09358623,-0.07888407,0.15405692,0.09358623,61.7944,660.2942,OK,0.0000,-2.4718,4.0000,96.0000,AG03-UNRESOLVED,ALL5_LEVELS_bet23_to_bet27,-2.4718,-2.4718,-3.0897,-3.0897,-3.0897,4.000000,4.000000,5.000000,5.000000,5.000000,96.000000,96.000000,95.000000,95.000000,95.000000,5.0,-14.2127,-12.9671,-47.5817,-48.8273,PENDING_AG03,FALSE,NOT_FOR_ENFORCEMENT,-59.3227,613.7685,-61.7944,-59.3227,-2.4718,-0.09358623,-0.08984278,-2.4718,-59.3227,-0.08984278,-2.4718,-2.4718,-3.0897,-3.0897,-3.0897,-59.3227,-0.08984278,-14.2127,-12.9671,-47.5817,-48.8273,-0.07206139,-0.07394779,-0.00374345,13.2059,12.7868,-1.2359,-3.4330,-1.4713,36.6830,2.7778,12.2436,13.5801,3.8528,10.4811,20.9408,30.1023,31.4111,52.3519,10.1614,2.5121,2.996918,4.994863,1.259965,24,28,10,4,0.25959663,-0.09358623,0.07888407,0E-8,0.000000,0.968269,0.000000,-0.23294099,2026-03-27,2026-07-31,18,42,39,127,0.141732,0.901582,0.927131,0.865322,,,,,,,,GLOBAL_BASELINE_NO_ENTITY_RANKING,,,NOT_APPLICABLE_GLOBAL_BASELINE,HF9g-P5,,,,X 全窗基线 · 不参与实体赏罚,3925246,393,A168_HF9F_20260827_0900,2026-08-27 09:00:00
2026-07-29,140589105,2147,0,5.1635556244,5.1635556244,5.1635556244,1.0000000,1,1,0.49324550000000000,0.493245500000,1.01360149184955,1.01360149184955,1.01360149184955,0E-17,ELIGIBLE,R03b_20260811_FULL_v1,L1_ELIGIBILITY,v2026-08-11,2026-03-21..2026-08-06,baccarat_bet02_101_all_pairs_incl_sentinel,round_win = game_pnl > 0 (decisive only),COMPATIBILITY_ONLY_NOT_PRODUCTION,660.2942,639.3422,-61.7944,50,50,0.09358623,-0.07888407,0.15405692,0.09358623,61.7944,660.2942,OK,0.0000,-2.4718,4.0000,96.0000,AG03-UNRESOLVED,ALL5_LEVELS_bet23_to_bet27,-2.4718,-2.4718,-3.0897,-3.0897,-3.0897,4.000000,4.000000,5.000000,5.000000,5.000000,96.000000,96.000000,95.000000,95.000000,95.000000,5.0,-14.2127,-12.9671,-47.5817,-48.8273,PENDING_AG03,FALSE,NOT_FOR_ENFORCEMENT,-59.3227,613.7685,-61.7944,-59.3227,-2.4718,-0.09358623,-0.08984278,-2.4718,-59.3227,-0.08984278,-2.4718,-2.4718,-3.0897,-3.0897,-3.0897,-59.3227,-0.08984278,-14.2127,-12.9671,-47.5817,-48.8273,-0.07206139,-0.07394779,-0.00374345,13.2059,12.7868,-1.2359,-3.4330,-1.4713,36.6830,2.7778,12.2436,13.5801,3.8528,10.4811,20.9408,30.1023,31.4111,52.3519,10.1614,2.5121,2.996918,4.994863,1.259965,24,28,10,4,0.25959663,-0.09358623,0.07888407,0E-8,0.000000,0.968269,0.000000,-0.23294099,2026-03-27,2026-07-31,18,42,39,127,0.141732,0.901582,0.927131,0.865322,,,,,,,,GLOBAL_BASELINE_NO_ENTITY_RANKING,,,NOT_APPLICABLE_GLOBAL_BASELINE,HF9g-P5,,,,X 全窗基线 · 不参与实体赏罚,3925247,393,A168_HF9F_20260827_0900,2026-08-27 09:00:00
2026-07-31,140589105,2276,0,3.8527727121,-3.8527727121,-3.8527727121,0E-7,1,1,0.49324550000000000,0.493245500000,-0.9865810262130424,-0.9865810262130424,-0.9865810262130424,0E-17,ELIGIBLE,R03b_20260811_FULL_v1,L1_ELIGIBILITY,v2026-08-11,2026-03-21..2026-08-06,baccarat_bet02_101_all_pairs_incl_sentinel,round_win = game_pnl > 0 (decisive only),COMPATIBILITY_ONLY_NOT_PRODUCTION,660.2942,639.3422,-61.7944,50,50,0.09358623,-0.07888407,0.15405692,0.09358623,61.7944,660.2942,OK,0.0000,-2.4718,4.0000,96.0000,AG03-UNRESOLVED,ALL5_LEVELS_bet23_to_bet27,-2.4718,-2.4718,-3.0897,-3.0897,-3.0897,4.000000,4.000000,5.000000,5.000000,5.000000,96.000000,96.000000,95.000000,95.000000,95.000000,5.0,-14.2127,-12.9671,-47.5817,-48.8273,PENDING_AG03,FALSE,NOT_FOR_ENFORCEMENT,-59.3227,613.7685,-61.7944,-59.3227,-2.4718,-0.09358623,-0.08984278,-2.4718,-59.3227,-0.08984278,-2.4718,-2.4718,-3.0897,-3.0897,-3.0897,-59.3227,-0.08984278,-14.2127,-12.9671,-47.5817,-48.8273,-0.07206139,-0.07394779,-0.00374345,13.2059,12.7868,-1.2359,-3.4330,-1.4713,36.6830,2.7778,12.2436,13.5801,3.8528,10.4811,20.9408,30.1023,31.4111,52.3519,10.1614,2.5121,2.996918,4.994863,1.259965,24,28,10,4,0.25959663,-0.09358623,0.07888407,0E-8,0.000000,0.968269,0.000000,-0.23294099,2026-03-27,2026-07-31,18,42,39,127,0.141732,0.901582,0.927131,0.865322,,,,,,,,GLOBAL_BASELINE_NO_ENTITY_RANKING,,,NOT_APPLICABLE_GLOBAL_BASELINE,HF9g-P5,,,,X 全窗基线 · 不参与实体赏罚,3925248,393,A168_HF9F_20260827_0900,2026-08-27 09:00:00
2026-07-24,153421894,1109,0,14.9743113108,-12.3925334986,-12.3925334986,0E-7,3,3,0.49324550000000000,0.493245500000,-1.3952362676504506,-1.3952362676504506,-1.3952362676504506,0E-17,ELIGIBLE,R03b_20260811_FULL_v1,L1_ELIGIBILITY,v2026-08-11,2026-03-21..2026-08-06,baccarat_bet02_101_all_pairs_incl_sentinel,round_win = game_pnl > 0 (decisive only),COMPATIBILITY_ONLY_NOT_PRODUCTION,1615.1602,1509.3073,-61.7819,173,172,0.03825128,0.03825128,,0.03825128,61.7819,1615.1602,OK,0.0000,-2.4713,4.0000,96.0000,AG03-UNRESOLVED,ALL5_LEVELS_bet23_to_bet27,-2.4713,-2.4713,-3.0891,-3.0891,-3.0891,4.000000,4.000000,5.000000,5.000000,5.000000,96.000000,96.000000,95.000000,95.000000,95.000000,5.0,-14.2098,-12.9645,-47.5721,-48.8174,PENDING_AG03,FALSE,NOT_FOR_ENFORCEMENT,-59.3107,1448.9350,-61.7819,-59.3107,-2.4713,-0.03825128,-0.03672123,-2.4713,-59.3107,-0.03672123,-2.4713,-2.4713,-3.0891,-3.0891,-3.0891,-59.3107,-0.03672123,-14.2098,-12.9645,-47.5721,-48.8174,-0.02945348,-0.03022451,-0.00153005,9.3362,8.7750,-0.3592,-30.8910,-3.6342,807.5801,86.0000,9.3362,,5.1636,7.7453,10.3271,15.4907,21.0931,27.8058,7.7453,0.0,2.723332,3.590001,1.205395,11,17,2,2,1.00000000,-0.03825128,-0.03825128,0E-8,0.000000,0.934463,0.000000,,2026-07-24,2026-07-25,2,17,11,2,1.000000,,1.000000,3.333333,,,,,,,,GLOBAL_BASELINE_NO_ENTITY_RANKING,,,NOT_APPLICABLE_GLOBAL_BASELINE,HF9g-P5,,,,X 全窗基线 · 不参与实体赏罚,3925249,393,A168_HF9F_20260827_0900,2026-08-27 09:00:00
2026-07-24,153421894,1115,0,149.7431131076,22.0742002946,22.0742002946,0.6000000,21,21,0.50154395714285714,0.501543957143,0.8806218169658436,0.8806218169645664,0.8806218169658436,-1.4286E-13,ELIGIBLE,R03b_20260811_FULL_v1,L1_ELIGIBILITY,v2026-08-11,2026-03-21..2026-08-06,baccarat_bet02_101_all_pairs_incl_sentinel,round_win = game_pnl > 0 (decisive only),COMPATIBILITY_ONLY_NOT_PRODUCTION,1615.1602,1509.3073,-61.7819,173,172,0.03825128,0.03825128,,0.03825128,61.7819,1615.1602,OK,0.0000,-2.4713,4.0000,96.0000,AG03-UNRESOLVED,ALL5_LEVELS_bet23_to_bet27,-2.4713,-2.4713,-3.0891,-3.0891,-3.0891,4.000000,4.000000,5.000000,5.000000,5.000000,96.000000,96.000000,95.000000,95.000000,95.000000,5.0,-14.2098,-12.9645,-47.5721,-48.8174,PENDING_AG03,FALSE,NOT_FOR_ENFORCEMENT,-59.3107,1448.9350,-61.7819,-59.3107,-2.4713,-0.03825128,-0.03672123,-2.4713,-59.3107,-0.03672123,-2.4713,-2.4713,-3.0891,-3.0891,-3.0891,-59.3107,-0.03672123,-14.2098,-12.9645,-47.5721,-48.8174,-0.02945348,-0.03022451,-0.00153005,9.3362,8.7750,-0.3592,-30.8910,-3.6342,807.5801,86.0000,9.3362,,5.1636,7.7453,10.3271,15.4907,21.0931,27.8058,7.7453,0.0,2.723332,3.590001,1.205395,11,17,2,2,1.00000000,-0.03825128,-0.03825128,0E-8,0.000000,0.934463,0.000000,,2026-07-24,2026-07-25,2,17,11,2,1.000000,,1.000000,3.333333,,,,,,,,GLOBAL_BASELINE_NO_ENTITY_RANKING,,,NOT_APPLICABLE_GLOBAL_BASELINE,HF9g-P5,,,,X 全窗基线 · 不参与实体赏罚,3925250,393,A168_HF9F_20260827_0900,2026-08-27 09:00:00
2026-07-24,153421894,2130,0,296.9044484030,84.9404900216,84.9404900216,0.6363636,26,25,0.50218230000000000,0.502092932000,1.2587444989388472,1.2595818905631575,1.2587444989388472,0.00008936800000000,ELIGIBLE,R03b_20260811_FULL_v1,L1_ELIGIBILITY,v2026-08-11,2026-03-21..2026-08-06,baccarat_bet02_101_all_pairs_incl_sentinel,round_win = game_pnl > 0 (decisive only),COMPATIBILITY_ONLY_NOT_PRODUCTION,1615.1602,1509.3073,-61.7819,173,172,0.03825128,0.03825128,,0.03825128,61.7819,1615.1602,OK,0.0000,-2.4713,4.0000,96.0000,AG03-UNRESOLVED,ALL5_LEVELS_bet23_to_bet27,-2.4713,-2.4713,-3.0891,-3.0891,-3.0891,4.000000,4.000000,5.000000,5.000000,5.000000,96.000000,96.000000,95.000000,95.000000,95.000000,5.0,-14.2098,-12.9645,-47.5721,-48.8174,PENDING_AG03,FALSE,NOT_FOR_ENFORCEMENT,-59.3107,1448.9350,-61.7819,-59.3107,-2.4713,-0.03825128,-0.03672123,-2.4713,-59.3107,-0.03672123,-2.4713,-2.4713,-3.0891,-3.0891,-3.0891,-59.3107,-0.03672123,-14.2098,-12.9645,-47.5721,-48.8174,-0.02945348,-0.03022451,-0.00153005,9.3362,8.7750,-0.3592,-30.8910,-3.6342,807.5801,86.0000,9.3362,,5.1636,7.7453,10.3271,15.4907,21.0931,27.8058,7.7453,0.0,2.723332,3.590001,1.205395,11,17,2,2,1.00000000,-0.03825128,-0.03825128,0E-8,0.000000,0.934463,0.000000,,2026-07-24,2026-07-25,2,17,11,2,1.000000,,1.000000,3.333333,,,,,,,,GLOBAL_BASELINE_NO_ENTITY_RANKING,,,NOT_APPLICABLE_GLOBAL_BASELINE,HF9g-P5,,,,X 全窗基线 · 不参与实体赏罚,3925251,393,A168_HF9F_20260827_0900,2026-08-27 09:00:00
2026-07-24,153421894,2153,0,183.3062246662,54.6046007281,54.6046007281,0.6000000,10,10,0.50262914000000000,0.502629140000,0.615835904497673,0.615835904497673,0.615835904497673,0E-17,ELIGIBLE,R03b_20260811_FULL_v1,L1_ELIGIBILITY,v2026-08-11,2026-03-21..2026-08-06,baccarat_bet02_101_all_pairs_incl_sentinel,round_win = game_pnl > 0 (decisive only),COMPATIBILITY_ONLY_NOT_PRODUCTION,1615.1602,1509.3073,-61.7819,173,172,0.03825128,0.03825128,,0.03825128,61.7819,1615.1602,OK,0.0000,-2.4713,4.0000,96.0000,AG03-UNRESOLVED,ALL5_LEVELS_bet23_to_bet27,-2.4713,-2.4713,-3.0891,-3.0891,-3.0891,4.000000,4.000000,5.000000,5.000000,5.000000,96.000000,96.000000,95.000000,95.000000,95.000000,5.0,-14.2098,-12.9645,-47.5721,-48.8174,PENDING_AG03,FALSE,NOT_FOR_ENFORCEMENT,-59.3107,1448.9350,-61.7819,-59.3107,-2.4713,-0.03825128,-0.03672123,-2.4713,-59.3107,-0.03672123,-2.4713,-2.4713,-3.0891,-3.0891,-3.0891,-59.3107,-0.03672123,-14.2098,-12.9645,-47.5721,-48.8174,-0.02945348,-0.03022451,-0.00153005,9.3362,8.7750,-0.3592,-30.8910,-3.6342,807.5801,86.0000,9.3362,,5.1636,7.7453,10.3271,15.4907,21.0931,27.8058,7.7453,0.0,2.723332,3.590001,1.205395,11,17,2,2,1.00000000,-0.03825128,-0.03825128,0E-8,0.000000,0.934463,0.000000,,2026-07-24,2026-07-25,2,17,11,2,1.000000,,1.000000,3.333333,,,,,,,,GLOBAL_BASELINE_NO_ENTITY_RANKING,,,NOT_APPLICABLE_GLOBAL_BASELINE,HF9g-P5,,,,X 全窗基线 · 不参与实体赏罚,3925252,393,A168_HF9F_20260827_0900,2026-08-27 09:00:00
2026-07-24,153421894,2156,0,116.1800015490,0.7745333438,0.7745333438,0.5000000,14,14,0.49994810000000000,0.499948100000,0.00038838403883944536,0.00038838403883944536,0.00038838403883944536,0E-17,ELIGIBLE,R03b_20260811_FULL_v1,L1_ELIGIBILITY,v2026-08-11,2026-03-21..2026-08-06,baccarat_bet02_101_all_pairs_incl_sentinel,round_win = game_pnl > 0 (decisive only),COMPATIBILITY_ONLY_NOT_PRODUCTION,1615.1602,1509.3073,-61.7819,173,172,0.03825128,0.03825128,,0.03825128,61.7819,1615.1602,OK,0.0000,-2.4713,4.0000,96.0000,AG03-UNRESOLVED,ALL5_LEVELS_bet23_to_bet27,-2.4713,-2.4713,-3.0891,-3.0891,-3.0891,4.000000,4.000000,5.000000,5.000000,5.000000,96.000000,96.000000,95.000000,95.000000,95.000000,5.0,-14.2098,-12.9645,-47.5721,-48.8174,PENDING_AG03,FALSE,NOT_FOR_ENFORCEMENT,-59.3107,1448.9350,-61.7819,-59.3107,-2.4713,-0.03825128,-0.03672123,-2.4713,-59.3107,-0.03672123,-2.4713,-2.4713,-3.0891,-3.0891,-3.0891,-59.3107,-0.03672123,-14.2098,-12.9645,-47.5721,-48.8174,-0.02945348,-0.03022451,-0.00153005,9.3362,8.7750,-0.3592,-30.8910,-3.6342,807.5801,86.0000,9.3362,,5.1636,7.7453,10.3271,15.4907,21.0931,27.8058,7.7453,0.0,2.723332,3.590001,1.205395,11,17,2,2,1.00000000,-0.03825128,-0.03825128,0E-8,0.000000,0.934463,0.000000,,2026-07-24,2026-07-25,2,17,11,2,1.000000,,1.000000,3.333333,,,,,,,,GLOBAL_BASELINE_NO_ENTITY_RANKING,,,NOT_APPLICABLE_GLOBAL_BASELINE,HF9g-P5,,,,X 全窗基线 · 不参与实体赏罚,3925253,393,A168_HF9F_20260827_0900,2026-08-27 09:00:00
2026-07-24,153421894,2174,0,22.2032891849,5.9897245243,5.9897245243,0.7500000,4,4,0.50665070000000000,0.506650700000,0.9734833216690844,0.9734833216690844,0.9734833216690844,0E-17,ELIGIBLE,R03b_20260811_FULL_v1,L1_ELIGIBILITY,v2026-08-11,2026-03-21..2026-08-06,baccarat_bet02_101_all_pairs_incl_sentinel,round_win = game_pnl > 0 (decisive only),COMPATIBILITY_ONLY_NOT_PRODUCTION,1615.1602,1509.3073,-61.7819,173,172,0.03825128,0.03825128,,0.03825128,61.7819,1615.1602,OK,0.0000,-2.4713,4.0000,96.0000,AG03-UNRESOLVED,ALL5_LEVELS_bet23_to_bet27,-2.4713,-2.4713,-3.0891,-3.0891,-3.0891,4.000000,4.000000,5.000000,5.000000,5.000000,96.000000,96.000000,95.000000,95.000000,95.000000,5.0,-14.2098,-12.9645,-47.5721,-48.8174,PENDING_AG03,FALSE,NOT_FOR_ENFORCEMENT,-59.3107,1448.9350,-61.7819,-59.3107,-2.4713,-0.03825128,-0.03672123,-2.4713,-59.3107,-0.03672123,-2.4713,-2.4713,-3.0891,-3.0891,-3.0891,-59.3107,-0.03672123,-14.2098,-12.9645,-47.5721,-48.8174,-0.02945348,-0.03022451,-0.00153005,9.3362,8.7750,-0.3592,-30.8910,-3.6342,807.5801,86.0000,9.3362,,5.1636,7.7453,10.3271,15.4907,21.0931,27.8058,7.7453,0.0,2.723332,3.590001,1.205395,11,17,2,2,1.00000000,-0.03825128,-0.03825128,0E-8,0.000000,0.934463,0.000000,,2026-07-24,2026-07-25,2,17,11,2,1.000000,,1.000000,3.333333,,,,,,,,GLOBAL_BASELINE_NO_ENTITY_RANKING,,,NOT_APPLICABLE_GLOBAL_BASELINE,HF9g-P5,,,,X 全窗基线 · 不参与实体赏罚,3925254,393,A168_HF9F_20260827_0900,2026-08-27 09:00:00
2026-07-24,153421894,2177,0,2.5817778122,-2.5817778122,-2.5817778122,0E-7,1,1,0.49324550000000000,0.493245500000,-0.9865810262130424,-0.9865810262130424,-0.9865810262130424,0E-17,ELIGIBLE,R03b_20260811_FULL_v1,L1_ELIGIBILITY,v2026-08-11,2026-03-21..2026-08-06,baccarat_bet02_101_all_pairs_incl_sentinel,round_win = game_pnl > 0 (decisive only),COMPATIBILITY_ONLY_NOT_PRODUCTION,1615.1602,1509.3073,-61.7819,173,172,0.03825128,0.03825128,,0.03825128,61.7819,1615.1602,OK,0.0000,-2.4713,4.0000,96.0000,AG03-UNRESOLVED,ALL5_LEVELS_bet23_to_bet27,-2.4713,-2.4713,-3.0891,-3.0891,-3.0891,4.000000,4.000000,5.000000,5.000000,5.000000,96.000000,96.000000,95.000000,95.000000,95.000000,5.0,-14.2098,-12.9645,-47.5721,-48.8174,PENDING_AG03,FALSE,NOT_FOR_ENFORCEMENT,-59.3107,1448.9350,-61.7819,-59.3107,-2.4713,-0.03825128,-0.03672123,-2.4713,-59.3107,-0.03672123,-2.4713,-2.4713,-3.0891,-3.0891,-3.0891,-59.3107,-0.03672123,-14.2098,-12.9645,-47.5721,-48.8174,-0.02945348,-0.03022451,-0.00153005,9.3362,8.7750,-0.3592,-30.8910,-3.6342,807.5801,86.0000,9.3362,,5.1636,7.7453,10.3271,15.4907,21.0931,27.8058,7.7453,0.0,2.723332,3.590001,1.205395,11,17,2,2,1.00000000,-0.03825128,-0.03825128,0E-8,0.000000,0.934463,0.000000,,2026-07-24,2026-07-25,2,17,11,2,1.000000,,1.000000,3.333333,,,,,,,,GLOBAL_BASELINE_NO_ENTITY_RANKING,,,NOT_APPLICABLE_GLOBAL_BASELINE,HF9g-P5,,,,X 全窗基线 · 不参与实体赏罚,3925255,393,A168_HF9F_20260827_0900,2026-08-27 09:00:00
2026-07-24,153421894,2235,0,49.0537784318,-10.8434668112,-10.8434668112,0.3333333,5,5,0.50128862000000000,0.501288620000,-0.5818161120757372,-0.5818161120757372,-0.5818161120757372,0E-17,ELIGIBLE,R03b_20260811_FULL_v1,L1_ELIGIBILITY,v2026-08-11,2026-03-21..2026-08-06,baccarat_bet02_101_all_pairs_incl_sentinel,round_win = game_pnl > 0 (decisive only),COMPATIBILITY_ONLY_NOT_PRODUCTION,1615.1602,1509.3073,-61.7819,173,172,0.03825128,0.03825128,,0.03825128,61.7819,1615.1602,OK,0.0000,-2.4713,4.0000,96.0000,AG03-UNRESOLVED,ALL5_LEVELS_bet23_to_bet27,-2.4713,-2.4713,-3.0891,-3.0891,-3.0891,4.000000,4.000000,5.000000,5.000000,5.000000,96.000000,96.000000,95.000000,95.000000,95.000000,5.0,-14.2098,-12.9645,-47.5721,-48.8174,PENDING_AG03,FALSE,NOT_FOR_ENFORCEMENT,-59.3107,1448.9350,-61.7819,-59.3107,-2.4713,-0.03825128,-0.03672123,-2.4713,-59.3107,-0.03672123,-2.4713,-2.4713,-3.0891,-3.0891,-3.0891,-59.3107,-0.03672123,-14.2098,-12.9645,-47.5721,-48.8174,-0.02945348,-0.03022451,-0.00153005,9.3362,8.7750,-0.3592,-30.8910,-3.6342,807.5801,86.0000,9.3362,,5.1636,7.7453,10.3271,15.4907,21.0931,27.8058,7.7453,0.0,2.723332,3.590001,1.205395,11,17,2,2,1.00000000,-0.03825128,-0.03825128,0E-8,0.000000,0.934463,0.000000,,2026-07-24,2026-07-25,2,17,11,2,1.000000,,1.000000,3.333333,,,,,,,,GLOBAL_BASELINE_NO_ENTITY_RANKING,,,NOT_APPLICABLE_GLOBAL_BASELINE,HF9g-P5,,,,X 全窗基线 · 不参与实体赏罚,3925256,393,A168_HF9F_20260827_0900,2026-08-27 09:00:00
2026-07-24,153421894,529,0,24.0105336535,13.2574290657,13.2574290657,0.8333333,8,8,0.49827245000000000,0.498272450000,1.6414661915736004,1.6414661915736004,1.6414661915736004,0E-17,ELIGIBLE,R03b_20260811_FULL_v1,L1_ELIGIBILITY,v2026-08-11,2026-03-21..2026-08-06,baccarat_bet02_101_all_pairs_incl_sentinel,round_win = game_pnl > 0 (decisive only),COMPATIBILITY_ONLY_NOT_PRODUCTION,1615.1602,1509.3073,-61.7819,173,172,0.03825128,0.03825128,,0.03825128,61.7819,1615.1602,OK,0.0000,-2.4713,4.0000,96.0000,AG03-UNRESOLVED,ALL5_LEVELS_bet23_to_bet27,-2.4713,-2.4713,-3.0891,-3.0891,-3.0891,4.000000,4.000000,5.000000,5.000000,5.000000,96.000000,96.000000,95.000000,95.000000,95.000000,5.0,-14.2098,-12.9645,-47.5721,-48.8174,PENDING_AG03,FALSE,NOT_FOR_ENFORCEMENT,-59.3107,1448.9350,-61.7819,-59.3107,-2.4713,-0.03825128,-0.03672123,-2.4713,-59.3107,-0.03672123,-2.4713,-2.4713,-3.0891,-3.0891,-3.0891,-59.3107,-0.03672123,-14.2098,-12.9645,-47.5721,-48.8174,-0.02945348,-0.03022451,-0.00153005,9.3362,8.7750,-0.3592,-30.8910,-3.6342,807.5801,86.0000,9.3362,,5.1636,7.7453,10.3271,15.4907,21.0931,27.8058,7.7453,0.0,2.723332,3.590001,1.205395,11,17,2,2,1.00000000,-0.03825128,-0.03825128,0E-8,0.000000,0.934463,0.000000,,2026-07-24,2026-07-25,2,17,11,2,1.000000,,1.000000,3.333333,,,,,,,,GLOBAL_BASELINE_NO_ENTITY_RANKING,,,NOT_APPLICABLE_GLOBAL_BASELINE,HF9g-P5,,,,X 全窗基线 · 不参与实体赏罚,3925257,393,A168_HF9F_20260827_0900,2026-08-27 09:00:00
2026-07-24,153421894,550,0,23.2360003098,-8.1326001084,-8.1326001084,0.3333333,3,3,0.50218230000000000,0.502182300000,-0.5849155494134425,-0.5849155494134426,-0.5849155494134425,0E-17,ELIGIBLE,R03b_20260811_FULL_v1,L1_ELIGIBILITY,v2026-08-11,2026-03-21..2026-08-06,baccarat_bet02_101_all_pairs_incl_sentinel,round_win = game_pnl > 0 (decisive only),COMPATIBILITY_ONLY_NOT_PRODUCTION,1615.1602,1509.3073,-61.7819,173,172,0.03825128,0.03825128,,0.03825128,61.7819,1615.1602,OK,0.0000,-2.4713,4.0000,96.0000,AG03-UNRESOLVED,ALL5_LEVELS_bet23_to_bet27,-2.4713,-2.4713,-3.0891,-3.0891,-3.0891,4.000000,4.000000,5.000000,5.000000,5.000000,96.000000,96.000000,95.000000,95.000000,95.000000,5.0,-14.2098,-12.9645,-47.5721,-48.8174,PENDING_AG03,FALSE,NOT_FOR_ENFORCEMENT,-59.3107,1448.9350,-61.7819,-59.3107,-2.4713,-0.03825128,-0.03672123,-2.4713,-59.3107,-0.03672123,-2.4713,-2.4713,-3.0891,-3.0891,-3.0891,-59.3107,-0.03672123,-14.2098,-12.9645,-47.5721,-48.8174,-0.02945348,-0.03022451,-0.00153005,9.3362,8.7750,-0.3592,-30.8910,-3.6342,807.5801,86.0000,9.3362,,5.1636,7.7453,10.3271,15.4907,21.0931,27.8058,7.7453,0.0,2.723332,3.590001,1.205395,11,17,2,2,1.00000000,-0.03825128,-0.03825128,0E-8,0.000000,0.934463,0.000000,,2026-07-24,2026-07-25,2,17,11,2,1.000000,,1.000000,3.333333,,,,,,,,GLOBAL_BASELINE_NO_ENTITY_RANKING,,,NOT_APPLICABLE_GLOBAL_BASELINE,HF9g-P5,,,,X 全窗基线 · 不参与实体赏罚,3925258,393,A168_HF9F_20260827_0900,2026-08-27 09:00:00
2026-07-24,153421894,595,0,25.8177781220,-25.8177781220,-25.8177781220,0E-7,2,2,0.49994810000000000,0.499948100000,-1.4140667746232096,-1.4140667746232096,-1.4140667746232096,0E-17,ELIGIBLE,R03b_20260811_FULL_v1,L1_ELIGIBILITY,v2026-08-11,2026-03-21..2026-08-06,baccarat_bet02_101_all_pairs_incl_sentinel,round_win = game_pnl > 0 (decisive only),COMPATIBILITY_ONLY_NOT_PRODUCTION,1615.1602,1509.3073,-61.7819,173,172,0.03825128,0.03825128,,0.03825128,61.7819,1615.1602,OK,0.0000,-2.4713,4.0000,96.0000,AG03-UNRESOLVED,ALL5_LEVELS_bet23_to_bet27,-2.4713,-2.4713,-3.0891,-3.0891,-3.0891,4.000000,4.000000,5.000000,5.000000,5.000000,96.000000,96.000000,95.000000,95.000000,95.000000,5.0,-14.2098,-12.9645,-47.5721,-48.8174,PENDING_AG03,FALSE,NOT_FOR_ENFORCEMENT,-59.3107,1448.9350,-61.7819,-59.3107,-2.4713,-0.03825128,-0.03672123,-2.4713,-59.3107,-0.03672123,-2.4713,-2.4713,-3.0891,-3.0891,-3.0891,-59.3107,-0.03672123,-14.2098,-12.9645,-47.5721,-48.8174,-0.02945348,-0.03022451,-0.00153005,9.3362,8.7750,-0.3592,-30.8910,-3.6342,807.5801,86.0000,9.3362,,5.1636,7.7453,10.3271,15.4907,21.0931,27.8058,7.7453,0.0,2.723332,3.590001,1.205395,11,17,2,2,1.00000000,-0.03825128,-0.03825128,0E-8,0.000000,0.934463,0.000000,,2026-07-24,2026-07-25,2,17,11,2,1.000000,,1.000000,3.333333,,,,,,,,GLOBAL_BASELINE_NO_ENTITY_RANKING,,,NOT_APPLICABLE_GLOBAL_BASELINE,HF9g-P5,,,,X 全窗基线 · 不参与实体赏罚,3925259,393,A168_HF9F_20260827_0900,2026-08-27 09:00:00
2026-07-24,153421894,919,0,30.9813337464,-10.8434668112,-10.8434668112,0.3333333,3,3,0.50665070000000000,0.506650700000,-0.6004420894325239,-0.6004420894325239,-0.6004420894325239,0E-17,ELIGIBLE,R03b_20260811_FULL_v1,L1_ELIGIBILITY,v2026-08-11,2026-03-21..2026-08-06,baccarat_bet02_101_all_pairs_incl_sentinel,round_win = game_pnl > 0 (decisive only),COMPATIBILITY_ONLY_NOT_PRODUCTION,1615.1602,1509.3073,-61.7819,173,172,0.03825128,0.03825128,,0.03825128,61.7819,1615.1602,OK,0.0000,-2.4713,4.0000,96.0000,AG03-UNRESOLVED,ALL5_LEVELS_bet23_to_bet27,-2.4713,-2.4713,-3.0891,-3.0891,-3.0891,4.000000,4.000000,5.000000,5.000000,5.000000,96.000000,96.000000,95.000000,95.000000,95.000000,5.0,-14.2098,-12.9645,-47.5721,-48.8174,PENDING_AG03,FALSE,NOT_FOR_ENFORCEMENT,-59.3107,1448.9350,-61.7819,-59.3107,-2.4713,-0.03825128,-0.03672123,-2.4713,-59.3107,-0.03672123,-2.4713,-2.4713,-3.0891,-3.0891,-3.0891,-59.3107,-0.03672123,-14.2098,-12.9645,-47.5721,-48.8174,-0.02945348,-0.03022451,-0.00153005,9.3362,8.7750,-0.3592,-30.8910,-3.6342,807.5801,86.0000,9.3362,,5.1636,7.7453,10.3271,15.4907,21.0931,27.8058,7.7453,0.0,2.723332,3.590001,1.205395,11,17,2,2,1.00000000,-0.03825128,-0.03825128,0E-8,0.000000,0.934463,0.000000,,2026-07-24,2026-07-25,2,17,11,2,1.000000,,1.000000,3.333333,,,,,,,,GLOBAL_BASELINE_NO_ENTITY_RANKING,,,NOT_APPLICABLE_GLOBAL_BASELINE,HF9g-P5,,,,X 全窗基线 · 不参与实体赏罚,3925260,393,A168_HF9F_20260827_0900,2026-08-27 09:00:00
2026-07-24,153421894,986,0,37.6939560581,5.7315467431,5.7315467431,0.5555556,9,9,0.50367176666666667,0.503671766667,0.3113111275590903,0.3113111275570917,0.3113111275590903,-3.3333E-13,ELIGIBLE,R03b_20260811_FULL_v1,L1_ELIGIBILITY,v2026-08-11,2026-03-21..2026-08-06,baccarat_bet02_101_all_pairs_incl_sentinel,round_win = game_pnl > 0 (decisive only),COMPATIBILITY_ONLY_NOT_PRODUCTION,1615.1602,1509.3073,-61.7819,173,172,0.03825128,0.03825128,,0.03825128,61.7819,1615.1602,OK,0.0000,-2.4713,4.0000,96.0000,AG03-UNRESOLVED,ALL5_LEVELS_bet23_to_bet27,-2.4713,-2.4713,-3.0891,-3.0891,-3.0891,4.000000,4.000000,5.000000,5.000000,5.000000,96.000000,96.000000,95.000000,95.000000,95.000000,5.0,-14.2098,-12.9645,-47.5721,-48.8174,PENDING_AG03,FALSE,NOT_FOR_ENFORCEMENT,-59.3107,1448.9350,-61.7819,-59.3107,-2.4713,-0.03825128,-0.03672123,-2.4713,-59.3107,-0.03672123,-2.4713,-2.4713,-3.0891,-3.0891,-3.0891,-59.3107,-0.03672123,-14.2098,-12.9645,-47.5721,-48.8174,-0.02945348,-0.03022451,-0.00153005,9.3362,8.7750,-0.3592,-30.8910,-3.6342,807.5801,86.0000,9.3362,,5.1636,7.7453,10.3271,15.4907,21.0931,27.8058,7.7453,0.0,2.723332,3.590001,1.205395,11,17,2,2,1.00000000,-0.03825128,-0.03825128,0E-8,0.000000,0.934463,0.000000,,2026-07-24,2026-07-25,2,17,11,2,1.000000,,1.000000,3.333333,,,,,,,,GLOBAL_BASELINE_NO_ENTITY_RANKING,,,NOT_APPLICABLE_GLOBAL_BASELINE,HF9g-P5,,,,X 全窗基线 · 不参与实体赏罚,3925261,393,A168_HF9F_20260827_0900,2026-08-27 09:00:00
2026-07-25,153421894,1323,0,84.4241344589,-6.9708000929,-6.9708000929,0.3750000,10,10,0.49324550000000000,0.493245500000,-0.6689586021016365,-0.6689586021016365,-0.6689586021016365,0E-17,ELIGIBLE,R03b_20260811_FULL_v1,L1_ELIGIBILITY,v2026-08-11,2026-03-21..2026-08-06,baccarat_bet02_101_all_pairs_incl_sentinel,round_win = game_pnl > 0 (decisive only),COMPATIBILITY_ONLY_NOT_PRODUCTION,1615.1602,1509.3073,-61.7819,173,172,0.03825128,0.03825128,,0.03825128,61.7819,1615.1602,OK,0.0000,-2.4713,4.0000,96.0000,AG03-UNRESOLVED,ALL5_LEVELS_bet23_to_bet27,-2.4713,-2.4713,-3.0891,-3.0891,-3.0891,4.000000,4.000000,5.000000,5.000000,5.000000,96.000000,96.000000,95.000000,95.000000,95.000000,5.0,-14.2098,-12.9645,-47.5721,-48.8174,PENDING_AG03,FALSE,NOT_FOR_ENFORCEMENT,-59.3107,1448.9350,-61.7819,-59.3107,-2.4713,-0.03825128,-0.03672123,-2.4713,-59.3107,-0.03672123,-2.4713,-2.4713,-3.0891,-3.0891,-3.0891,-59.3107,-0.03672123,-14.2098,-12.9645,-47.5721,-48.8174,-0.02945348,-0.03022451,-0.00153005,9.3362,8.7750,-0.3592,-30.8910,-3.6342,807.5801,86.0000,9.3362,,5.1636,7.7453,10.3271,15.4907,21.0931,27.8058,7.7453,0.0,2.723332,3.590001,1.205395,11,17,2,2,1.00000000,-0.03825128,-0.03825128,0E-8,0.000000,0.934463,0.000000,,2026-07-24,2026-07-25,2,17,11,2,1.000000,,1.000000,3.333333,,,,,,,,GLOBAL_BASELINE_NO_ENTITY_RANKING,,,NOT_APPLICABLE_GLOBAL_BASELINE,HF9g-P5,,,,X 全窗基线 · 不参与实体赏罚,3925262,393,A168_HF9F_20260827_0900,2026-08-27 09:00:00
2026-07-25,153421894,1485,0,30.9813337464,5.1635556244,5.1635556244,0.5000000,2,2,0.49994810000000000,0.499948100000,0.00014679536856514622,0.00014679536856514622,0.00014679536856514622,0E-17,ELIGIBLE,R03b_20260811_FULL_v1,L1_ELIGIBILITY,v2026-08-11,2026-03-21..2026-08-06,baccarat_bet02_101_all_pairs_incl_sentinel,round_win = game_pnl > 0 (decisive only),COMPATIBILITY_ONLY_NOT_PRODUCTION,1615.1602,1509.3073,-61.7819,173,172,0.03825128,0.03825128,,0.03825128,61.7819,1615.1602,OK,0.0000,-2.4713,4.0000,96.0000,AG03-UNRESOLVED,ALL5_LEVELS_bet23_to_bet27,-2.4713,-2.4713,-3.0891,-3.0891,-3.0891,4.000000,4.000000,5.000000,5.000000,5.000000,96.000000,96.000000,95.000000,95.000000,95.000000,5.0,-14.2098,-12.9645,-47.5721,-48.8174,PENDING_AG03,FALSE,NOT_FOR_ENFORCEMENT,-59.3107,1448.9350,-61.7819,-59.3107,-2.4713,-0.03825128,-0.03672123,-2.4713,-59.3107,-0.03672123,-2.4713,-2.4713,-3.0891,-3.0891,-3.0891,-59.3107,-0.03672123,-14.2098,-12.9645,-47.5721,-48.8174,-0.02945348,-0.03022451,-0.00153005,9.3362,8.7750,-0.3592,-30.8910,-3.6342,807.5801,86.0000,9.3362,,5.1636,7.7453,10.3271,15.4907,21.0931,27.8058,7.7453,0.0,2.723332,3.590001,1.205395,11,17,2,2,1.00000000,-0.03825128,-0.03825128,0E-8,0.000000,0.934463,0.000000,,2026-07-24,2026-07-25,2,17,11,2,1.000000,,1.000000,3.333333,,,,,,,,GLOBAL_BASELINE_NO_ENTITY_RANKING,,,NOT_APPLICABLE_GLOBAL_BASELINE,HF9g-P5,,,,X 全窗基线 · 不参与实体赏罚,3925263,393,A168_HF9F_20260827_0900,2026-08-27 09:00:00
2026-07-25,153421894,1710,0,414.1171610770,-59.4196163478,-59.4196163478,0.4137931,31,31,0.49756975806451613,0.497569758065,-0.9023128425168319,-0.9023128425220391,-0.9023128425168319,-4.8387E-13,ELIGIBLE,R03b_20260811_FULL_v1,L1_ELIGIBILITY,v2026-08-11,2026-03-21..2026-08-06,baccarat_bet02_101_all_pairs_incl_sentinel,round_win = game_pnl > 0 (decisive only),COMPATIBILITY_ONLY_NOT_PRODUCTION,1615.1602,1509.3073,-61.7819,173,172,0.03825128,0.03825128,,0.03825128,61.7819,1615.1602,OK,0.0000,-2.4713,4.0000,96.0000,AG03-UNRESOLVED,ALL5_LEVELS_bet23_to_bet27,-2.4713,-2.4713,-3.0891,-3.0891,-3.0891,4.000000,4.000000,5.000000,5.000000,5.000000,96.000000,96.000000,95.000000,95.000000,95.000000,5.0,-14.2098,-12.9645,-47.5721,-48.8174,PENDING_AG03,FALSE,NOT_FOR_ENFORCEMENT,-59.3107,1448.9350,-61.7819,-59.3107,-2.4713,-0.03825128,-0.03672123,-2.4713,-59.3107,-0.03672123,-2.4713,-2.4713,-3.0891,-3.0891,-3.0891,-59.3107,-0.03672123,-14.2098,-12.9645,-47.5721,-48.8174,-0.02945348,-0.03022451,-0.00153005,9.3362,8.7750,-0.3592,-30.8910,-3.6342,807.5801,86.0000,9.3362,,5.1636,7.7453,10.3271,15.4907,21.0931,27.8058,7.7453,0.0,2.723332,3.590001,1.205395,11,17,2,2,1.00000000,-0.03825128,-0.03825128,0E-8,0.000000,0.934463,0.000000,,2026-07-24,2026-07-25,2,17,11,2,1.000000,,1.000000,3.333333,,,,,,,,GLOBAL_BASELINE_NO_ENTITY_RANKING,,,NOT_APPLICABLE_GLOBAL_BASELINE,HF9g-P5,,,,X 全窗基线 · 不参与实体赏罚,3925264,393,A168_HF9F_20260827_0900,2026-08-27 09:00:00
2026-07-25,153421894,2129,0,108.9510236749,6.2479023057,6.2479023057,0.4761905,21,21,0.49899058571428571,0.498990585714,-0.20896688133261457,-0.20896688132999625,-0.20896688133261457,2.8571E-13,ELIGIBLE,R03b_20260811_FULL_v1,L1_ELIGIBILITY,v2026-08-11,2026-03-21..2026-08-06,baccarat_bet02_101_all_pairs_incl_sentinel,round_win = game_pnl > 0 (decisive only),COMPATIBILITY_ONLY_NOT_PRODUCTION,1615.1602,1509.3073,-61.7819,173,172,0.03825128,0.03825128,,0.03825128,61.7819,1615.1602,OK,0.0000,-2.4713,4.0000,96.0000,AG03-UNRESOLVED,ALL5_LEVELS_bet23_to_bet27,-2.4713,-2.4713,-3.0891,-3.0891,-3.0891,4.000000,4.000000,5.000000,5.000000,5.000000,96.000000,96.000000,95.000000,95.000000,95.000000,5.0,-14.2098,-12.9645,-47.5721,-48.8174,PENDING_AG03,FALSE,NOT_FOR_ENFORCEMENT,-59.3107,1448.9350,-61.7819,-59.3107,-2.4713,-0.03825128,-0.03672123,-2.4713,-59.3107,-0.03672123,-2.4713,-2.4713,-3.0891,-3.0891,-3.0891,-59.3107,-0.03672123,-14.2098,-12.9645,-47.5721,-48.8174,-0.02945348,-0.03022451,-0.00153005,9.3362,8.7750,-0.3592,-30.8910,-3.6342,807.5801,86.0000,9.3362,,5.1636,7.7453,10.3271,15.4907,21.0931,27.8058,7.7453,0.0,2.723332,3.590001,1.205395,11,17,2,2,1.00000000,-0.03825128,-0.03825128,0E-8,0.000000,0.934463,0.000000,,2026-07-24,2026-07-25,2,17,11,2,1.000000,,1.000000,3.333333,,,,,,,,GLOBAL_BASELINE_NO_ENTITY_RANKING,,,NOT_APPLICABLE_GLOBAL_BASELINE,HF9g-P5,,,,X 全窗基线 · 不参与实体赏罚,3925265,393,A168_HF9F_20260827_0900,2026-08-27 09:00:00
2026-04-24,130235464,1400,0,21.0823688150,21.0823688150,21.0823688150,1.0000000,1,1,0.49324550000000000,0.493245500000,1.01360149184955,1.01360149184955,1.01360149184955,0E-17,ELIGIBLE,R03b_20260811_FULL_v1,L1_ELIGIBILITY,v2026-08-11,2026-03-21..2026-08-06,baccarat_bet02_101_all_pairs_incl_sentinel,round_win = game_pnl > 0 (decisive only),COMPATIBILITY_ONLY_NOT_PRODUCTION,105.4118,63.2471,-61.1389,3,3,0.58000000,,0.58000000,0.58000000,61.1389,105.4118,THIN_EXPOSURE,0.0000,-1.8342,3.0000,97.0000,AG03-UNRESOLVED,ALL5_LEVELS_bet23_to_bet27,-1.8342,-1.8342,-1.8342,-2.4456,-3.0569,3.000000,3.000000,3.000000,4.000000,5.000000,97.000000,97.000000,97.000000,96.000000,95.000000,5.0,-11.0050,-10.2495,-50.1339,-50.8894,PENDING_AG03,FALSE,NOT_FOR_ENFORCEMENT,-59.3047,61.3497,-61.1389,-59.3047,-1.8342,-0.58000000,-0.56260000,-1.8342,-59.3047,-0.56260000,-1.8342,-1.8342,-1.8342,-2.4456,-3.0569,-59.3047,-0.56260000,-11.0050,-10.2495,-50.1339,-50.8894,-0.47560000,-0.48276751,-0.01740000,35.1373,21.0824,-20.3796,-61.1389,-30.5694,105.4118,3.0000,,35.1373,26.353,42.1647,42.1647,42.1647,42.1647,42.1647,21.0824,21.0824,1.0,1.0,0.833333,2,2,1,2,0E-8,-0.58000000,,0E-8,0.000000,0.600000,0.000000,,2026-04-24,2026-04-24,1,2,2,1,1.000000,,,0.000000,,,,,,,,GLOBAL_BASELINE_NO_ENTITY_RANKING,,,NOT_APPLICABLE_GLOBAL_BASELINE,HF9g-P5,,,,X 全窗基线 · 不参与实体赏罚,3925266,393,A168_HF9F_20260827_0900,2026-08-27 09:00:00
2026-04-24,130235464,2266,0,84.3294752598,40.0565007484,40.0565007484,1.0000000,2,2,0.50665070000000000,0.506650700000,0.9867858985152569,0.9867858985152569,0.9867858985152569,0E-17,ELIGIBLE,R03b_20260811_FULL_v1,L1_ELIGIBILITY,v2026-08-11,2026-03-21..2026-08-06,baccarat_bet02_101_all_pairs_incl_sentinel,round_win = game_pnl > 0 (decisive only),COMPATIBILITY_ONLY_NOT_PRODUCTION,105.4118,63.2471,-61.1389,3,3,0.58000000,,0.58000000,0.58000000,61.1389,105.4118,THIN_EXPOSURE,0.0000,-1.8342,3.0000,97.0000,AG03-UNRESOLVED,ALL5_LEVELS_bet23_to_bet27,-1.8342,-1.8342,-1.8342,-2.4456,-3.0569,3.000000,3.000000,3.000000,4.000000,5.000000,97.000000,97.000000,97.000000,96.000000,95.000000,5.0,-11.0050,-10.2495,-50.1339,-50.8894,PENDING_AG03,FALSE,NOT_FOR_ENFORCEMENT,-59.3047,61.3497,-61.1389,-59.3047,-1.8342,-0.58000000,-0.56260000,-1.8342,-59.3047,-0.56260000,-1.8342,-1.8342,-1.8342,-2.4456,-3.0569,-59.3047,-0.56260000,-11.0050,-10.2495,-50.1339,-50.8894,-0.47560000,-0.48276751,-0.01740000,35.1373,21.0824,-20.3796,-61.1389,-30.5694,105.4118,3.0000,,35.1373,26.353,42.1647,42.1647,42.1647,42.1647,42.1647,21.0824,21.0824,1.0,1.0,0.833333,2,2,1,2,0E-8,-0.58000000,,0E-8,0.000000,0.600000,0.000000,,2026-04-24,2026-04-24,1,2,2,1,1.000000,,,0.000000,,,,,,,,GLOBAL_BASELINE_NO_ENTITY_RANKING,,,NOT_APPLICABLE_GLOBAL_BASELINE,HF9g-P5,,,,X 全窗基线 · 不参与实体赏罚,3925267,393,A168_HF9F_20260827_0900,2026-08-27 09:00:00
2026-04-09,147158199,2130,0,33.2434625553,33.2434625553,33.2434625553,1.0000000,1,1,0.49324550000000000,0.493245500000,1.01360149184955,1.01360149184955,1.01360149184955,0E-17,ELIGIBLE,R03b_20260811_FULL_v1,L1_ELIGIBILITY,v2026-08-11,2026-03-21..2026-08-06,baccarat_bet02_101_all_pairs_incl_sentinel,round_win = game_pnl > 0 (decisive only),COMPATIBILITY_ONLY_NOT_PRODUCTION,61.7753,61.7753,-61.7753,2,2,1.00000000,,1.00000000,1.00000000,61.7753,61.7753,THIN_EXPOSURE,0.0000,-2.4710,4.0000,96.0000,AG03-UNRESOLVED,ALL5_LEVELS_bet23_to_bet27,-2.4710,-2.4710,-2.4710,-3.0888,-3.0888,4.000000,4.000000,4.000000,5.000000,5.000000,96.000000,96.000000,96.000000,95.000000,95.000000,5.0,-13.5906,-12.4493,-48.1847,-49.3259,PENDING_AG03,FALSE,NOT_FOR_ENFORCEMENT,-59.3042,59.3042,-61.7753,-59.3042,-2.4710,-1.00000000,-0.96000000,-2.4710,-59.3042,-0.96000000,-2.4710,-2.4710,-2.4710,-3.0888,-3.0888,-59.3042,-0.96000000,-13.5906,-12.4493,-48.1847,-49.3259,-0.78000000,-0.79847424,-0.04000000,30.8876,30.8876,-30.8876,-61.7753,-30.8876,61.7753,2.0000,,30.8876,28.5318,30.8876,33.2435,33.2435,33.2435,33.2435,30.8876,30.8876,1.076271,1.076271,1.0,2,2,1,1,0E-8,-1.00000000,,0E-8,0.000000,1.000000,0.000000,,2026-04-09,2026-04-09,1,2,2,1,1.000000,,,0.000000,,,,,,,,GLOBAL_BASELINE_NO_ENTITY_RANKING,,,NOT_APPLICABLE_GLOBAL_BASELINE,HF9g-P5,,,,X 全窗基线 · 不参与实体赏罚,3925268,393,A168_HF9F_20260827_0900,2026-08-27 09:00:00
2026-04-09,147158199,2229,0,28.5317906971,28.5317906971,28.5317906971,1.0000000,1,1,0.49324550000000000,0.493245500000,1.01360149184955,1.01360149184955,1.01360149184955,0E-17,ELIGIBLE,R03b_20260811_FULL_v1,L1_ELIGIBILITY,v2026-08-11,2026-03-21..2026-08-06,baccarat_bet02_101_all_pairs_incl_sentinel,round_win = game_pnl > 0 (decisive only),COMPATIBILITY_ONLY_NOT_PRODUCTION,61.7753,61.7753,-61.7753,2,2,1.00000000,,1.00000000,1.00000000,61.7753,61.7753,THIN_EXPOSURE,0.0000,-2.4710,4.0000,96.0000,AG03-UNRESOLVED,ALL5_LEVELS_bet23_to_bet27,-2.4710,-2.4710,-2.4710,-3.0888,-3.0888,4.000000,4.000000,4.000000,5.000000,5.000000,96.000000,96.000000,96.000000,95.000000,95.000000,5.0,-13.5906,-12.4493,-48.1847,-49.3259,PENDING_AG03,FALSE,NOT_FOR_ENFORCEMENT,-59.3042,59.3042,-61.7753,-59.3042,-2.4710,-1.00000000,-0.96000000,-2.4710,-59.3042,-0.96000000,-2.4710,-2.4710,-2.4710,-3.0888,-3.0888,-59.3042,-0.96000000,-13.5906,-12.4493,-48.1847,-49.3259,-0.78000000,-0.79847424,-0.04000000,30.8876,30.8876,-30.8876,-61.7753,-30.8876,61.7753,2.0000,,30.8876,28.5318,30.8876,33.2435,33.2435,33.2435,33.2435,30.8876,30.8876,1.076271,1.076271,1.0,2,2,1,1,0E-8,-1.00000000,,0E-8,0.000000,1.000000,0.000000,,2026-04-09,2026-04-09,1,2,2,1,1.000000,,,0.000000,,,,,,,,GLOBAL_BASELINE_NO_ENTITY_RANKING,,,NOT_APPLICABLE_GLOBAL_BASELINE,HF9g-P5,,,,X 全窗基线 · 不参与实体赏罚,3925269,393,A168_HF9F_20260827_0900,2026-08-27 09:00:00
2026-04-28,149287799,1399,0,41.8815276288,40.4418501166,40.4418501166,1.0000000,3,3,0.50218230000000000,0.502182300000,1.724507524396475,1.7245075243964754,1.724507524396475,0E-17,ELIGIBLE,R03b_20260811_FULL_v1,L1_ELIGIBILITY,v2026-08-11,2026-03-21..2026-08-06,baccarat_bet02_101_all_pairs_incl_sentinel,round_win = game_pnl > 0 (decisive only),COMPATIBILITY_ONLY_NOT_PRODUCTION,180.6141,180.6141,-61.7753,11,11,0.34202899,,0.34202899,0.34202899,61.7753,180.6141,THIN_EXPOSURE,0.0000,-2.4710,4.0000,96.0000,AG03-UNRESOLVED,ALL5_LEVELS_bet23_to_bet27,-2.4710,-2.4710,-2.4710,-3.0888,-3.0888,4.000000,4.000000,4.000000,5.000000,5.000000,96.000000,96.000000,96.000000,95.000000,95.000000,5.0,-13.5906,-12.4493,-48.1847,-49.3259,PENDING_AG03,FALSE,NOT_FOR_ENFORCEMENT,-59.3042,173.3895,-61.7753,-59.3042,-2.4710,-0.34202899,-0.32834783,-2.4710,-59.3042,-0.32834783,-2.4710,-2.4710,-2.4710,-3.0888,-3.0888,-59.3042,-0.32834783,-13.5906,-12.4493,-48.1847,-49.3259,-0.26678261,-0.27310133,-0.01368116,16.4195,16.4195,-5.6159,-61.7753,-20.5918,180.6141,11.0000,,16.4195,6.544,13.088,26.176,31.4111,38.6095,39.2639,13.088,4.9734,2.95,3.0,1.254545,3,3,1,2,0E-8,-0.34202899,,0E-8,0.000000,1.000000,0.000000,,2026-04-28,2026-04-28,1,3,3,1,1.000000,,,0.000000,,,,,,,,GLOBAL_BASELINE_NO_ENTITY_RANKING,,,NOT_APPLICABLE_GLOBAL_BASELINE,HF9g-P5,,,,X 全窗基线 · 不参与实体赏罚,3925270,393,A168_HF9F_20260827_0900,2026-08-27 09:00:00
2026-04-28,149287799,1507,0,128.2621783631,21.5951626835,21.5951626835,0.5000000,6,6,0.49994810000000000,0.499948100000,0.00025425703667063243,0.00025425703667063243,0.00025425703667063243,0E-17,ELIGIBLE,R03b_20260811_FULL_v1,L1_ELIGIBILITY,v2026-08-11,2026-03-21..2026-08-06,baccarat_bet02_101_all_pairs_incl_sentinel,round_win = game_pnl > 0 (decisive only),COMPATIBILITY_ONLY_NOT_PRODUCTION,180.6141,180.6141,-61.7753,11,11,0.34202899,,0.34202899,0.34202899,61.7753,180.6141,THIN_EXPOSURE,0.0000,-2.4710,4.0000,96.0000,AG03-UNRESOLVED,ALL5_LEVELS_bet23_to_bet27,-2.4710,-2.4710,-2.4710,-3.0888,-3.0888,4.000000,4.000000,4.000000,5.000000,5.000000,96.000000,96.000000,96.000000,95.000000,95.000000,5.0,-13.5906,-12.4493,-48.1847,-49.3259,PENDING_AG03,FALSE,NOT_FOR_ENFORCEMENT,-59.3042,173.3895,-61.7753,-59.3042,-2.4710,-0.34202899,-0.32834783,-2.4710,-59.3042,-0.32834783,-2.4710,-2.4710,-2.4710,-3.0888,-3.0888,-59.3042,-0.32834783,-13.5906,-12.4493,-48.1847,-49.3259,-0.26678261,-0.27310133,-0.01368116,16.4195,16.4195,-5.6159,-61.7753,-20.5918,180.6141,11.0000,,16.4195,6.544,13.088,26.176,31.4111,38.6095,39.2639,13.088,4.9734,2.95,3.0,1.254545,3,3,1,2,0E-8,-0.34202899,,0E-8,0.000000,1.000000,0.000000,,2026-04-28,2026-04-28,1,3,3,1,1.000000,,,0.000000,,,,,,,,GLOBAL_BASELINE_NO_ENTITY_RANKING,,,NOT_APPLICABLE_GLOBAL_BASELINE,HF9g-P5,,,,X 全窗基线 · 不参与实体赏罚,3925271,393,A168_HF9F_20260827_0900,2026-08-27 09:00:00
2026-04-28,149287799,1750,0,10.4703819072,-0.2617595477,-0.2617595477,0.5000000,2,2,0.50665070000000000,0.506650700000,-0.018812684590367487,-0.018812684590367487,-0.018812684590367487,0E-17,ELIGIBLE,R03b_20260811_FULL_v1,L1_ELIGIBILITY,v2026-08-11,2026-03-21..2026-08-06,baccarat_bet02_101_all_pairs_incl_sentinel,round_win = game_pnl > 0 (decisive only),COMPATIBILITY_ONLY_NOT_PRODUCTION,180.6141,180.6141,-61.7753,11,11,0.34202899,,0.34202899,0.34202899,61.7753,180.6141,THIN_EXPOSURE,0.0000,-2.4710,4.0000,96.0000,AG03-UNRESOLVED,ALL5_LEVELS_bet23_to_bet27,-2.4710,-2.4710,-2.4710,-3.0888,-3.0888,4.000000,4.000000,4.000000,5.000000,5.000000,96.000000,96.000000,96.000000,95.000000,95.000000,5.0,-13.5906,-12.4493,-48.1847,-49.3259,PENDING_AG03,FALSE,NOT_FOR_ENFORCEMENT,-59.3042,173.3895,-61.7753,-59.3042,-2.4710,-0.34202899,-0.32834783,-2.4710,-59.3042,-0.32834783,-2.4710,-2.4710,-2.4710,-3.0888,-3.0888,-59.3042,-0.32834783,-13.5906,-12.4493,-48.1847,-49.3259,-0.26678261,-0.27310133,-0.01368116,16.4195,16.4195,-5.6159,-61.7753,-20.5918,180.6141,11.0000,,16.4195,6.544,13.088,26.176,31.4111,38.6095,39.2639,13.088,4.9734,2.95,3.0,1.254545,3,3,1,2,0E-8,-0.34202899,,0E-8,0.000000,1.000000,0.000000,,2026-04-28,2026-04-28,1,3,3,1,1.000000,,,0.000000,,,,,,,,GLOBAL_BASELINE_NO_ENTITY_RANKING,,,NOT_APPLICABLE_GLOBAL_BASELINE,HF9g-P5,,,,X 全窗基线 · 不参与实体赏罚,3925272,393,A168_HF9F_20260827_0900,2026-08-27 09:00:00
2026-05-16,150128261,-1,1,132.0637226924,-8.0431736807,-8.0431736807,0.3333333,11,11,0.49812011818181818,0.498120118182,-0.9887276973552708,-0.9887276973563605,-0.9887276973552708,-1.8182E-13,SENTINEL_DEALER,R03b_20260811_FULL_v1,L1_ELIGIBILITY,v2026-08-11,2026-03-21..2026-08-06,baccarat_bet02_101_all_pairs_incl_sentinel,round_win = game_pnl > 0 (decisive only),COMPATIBILITY_ONLY_NOT_PRODUCTION,238.4182,191.7159,-61.7738,30,28,0.25909870,,0.25909870,0.25909870,61.7738,238.4182,OK,0.0000,-2.4710,4.0000,96.0000,AG03-UNRESOLVED,ALL5_LEVELS_bet23_to_bet27,-2.4710,-2.4710,-2.4710,-3.0887,-3.0887,4.000000,4.000000,4.000000,5.000000,5.000000,96.000000,96.000000,96.000000,95.000000,95.000000,5.0,-13.5902,-12.449,-48.1836,-49.3248,PENDING_AG03,FALSE,NOT_FOR_ENFORCEMENT,-59.3029,184.0472,-61.7738,-59.3029,-2.4710,-0.25909870,-0.24873475,-2.4710,-59.3029,-0.24873475,-2.4710,-2.4710,-2.4710,-3.0887,-3.0887,-59.3029,-0.24873475,-13.5902,-12.449,-48.1836,-49.3248,-0.20209699,-0.20688364,-0.01036395,7.9473,6.8470,-2.2062,-30.8869,-5.6158,119.2091,14.0000,,7.9473,5.1891,5.1891,10.3783,15.5674,18.162,23.0917,5.1891,0.0,3.5,4.45,1.531519,10,7,2,3,0E-8,-0.25909870,,0E-8,0.000000,0.804116,0.000000,,2026-05-16,2026-06-16,2,11,10,32,0.062500,,,0.000000,,,,,,,,GLOBAL_BASELINE_NO_ENTITY_RANKING,,,NOT_APPLICABLE_GLOBAL_BASELINE,HF9g-P5,,,,X 全窗基线 · 不参与实体赏罚,3925273,393,A168_HF9F_20260827_0900,2026-08-27 09:00:00
2026-05-16,150128261,2093,0,5.1891443101,0E-10,0E-10,,1,1,0.49324550000000000,0.493245500000,,,,0E-17,NO_DECISIVE_ROUND,R03b_20260811_FULL_v1,L1_ELIGIBILITY,v2026-08-11,2026-03-21..2026-08-06,baccarat_bet02_101_all_pairs_incl_sentinel,round_win = game_pnl > 0 (decisive only),COMPATIBILITY_ONLY_NOT_PRODUCTION,238.4182,191.7159,-61.7738,30,28,0.25909870,,0.25909870,0.25909870,61.7738,238.4182,OK,0.0000,-2.4710,4.0000,96.0000,AG03-UNRESOLVED,ALL5_LEVELS_bet23_to_bet27,-2.4710,-2.4710,-2.4710,-3.0887,-3.0887,4.000000,4.000000,4.000000,5.000000,5.000000,96.000000,96.000000,96.000000,95.000000,95.000000,5.0,-13.5902,-12.449,-48.1836,-49.3248,PENDING_AG03,FALSE,NOT_FOR_ENFORCEMENT,-59.3029,184.0472,-61.7738,-59.3029,-2.4710,-0.25909870,-0.24873475,-2.4710,-59.3029,-0.24873475,-2.4710,-2.4710,-2.4710,-3.0887,-3.0887,-59.3029,-0.24873475,-13.5902,-12.449,-48.1836,-49.3248,-0.20209699,-0.20688364,-0.01036395,7.9473,6.8470,-2.2062,-30.8869,-5.6158,119.2091,14.0000,,7.9473,5.1891,5.1891,10.3783,15.5674,18.162,23.0917,5.1891,0.0,3.5,4.45,1.531519,10,7,2,3,0E-8,-0.25909870,,0E-8,0.000000,0.804116,0.000000,,2026-05-16,2026-06-16,2,11,10,32,0.062500,,,0.000000,,,,,,,,GLOBAL_BASELINE_NO_ENTITY_RANKING,,,NOT_APPLICABLE_GLOBAL_BASELINE,HF9g-P5,,,,X 全窗基线 · 不参与实体赏罚,3925274,393,A168_HF9F_20260827_0900,2026-08-27 09:00:00
2026-05-16,150128261,2129,0,5.1891443101,5.1891443101,5.1891443101,1.0000000,1,1,0.49324550000000000,0.493245500000,1.01360149184955,1.01360149184955,1.01360149184955,0E-17,ELIGIBLE,R03b_20260811_FULL_v1,L1_ELIGIBILITY,v2026-08-11,2026-03-21..2026-08-06,baccarat_bet02_101_all_pairs_incl_sentinel,round_win = game_pnl > 0 (decisive only),COMPATIBILITY_ONLY_NOT_PRODUCTION,238.4182,191.7159,-61.7738,30,28,0.25909870,,0.25909870,0.25909870,61.7738,238.4182,OK,0.0000,-2.4710,4.0000,96.0000,AG03-UNRESOLVED,ALL5_LEVELS_bet23_to_bet27,-2.4710,-2.4710,-2.4710,-3.0887,-3.0887,4.000000,4.000000,4.000000,5.000000,5.000000,96.000000,96.000000,96.000000,95.000000,95.000000,5.0,-13.5902,-12.449,-48.1836,-49.3248,PENDING_AG03,FALSE,NOT_FOR_ENFORCEMENT,-59.3029,184.0472,-61.7738,-59.3029,-2.4710,-0.25909870,-0.24873475,-2.4710,-59.3029,-0.24873475,-2.4710,-2.4710,-2.4710,-3.0887,-3.0887,-59.3029,-0.24873475,-13.5902,-12.449,-48.1836,-49.3248,-0.20209699,-0.20688364,-0.01036395,7.9473,6.8470,-2.2062,-30.8869,-5.6158,119.2091,14.0000,,7.9473,5.1891,5.1891,10.3783,15.5674,18.162,23.0917,5.1891,0.0,3.5,4.45,1.531519,10,7,2,3,0E-8,-0.25909870,,0E-8,0.000000,0.804116,0.000000,,2026-05-16,2026-06-16,2,11,10,32,0.062500,,,0.000000,,,,,,,,GLOBAL_BASELINE_NO_ENTITY_RANKING,,,NOT_APPLICABLE_GLOBAL_BASELINE,HF9g-P5,,,,X 全窗基线 · 不参与实体赏罚,3925275,393,A168_HF9F_20260827_0900,2026-08-27 09:00:00
2026-05-16,150128261,2174,0,20.7565772404,-10.3782886202,-10.3782886202,0E-7,3,3,0.50665070000000000,0.506650700000,-1.013391052207602,-1.013391052207602,-1.013391052207602,0E-17,ELIGIBLE,R03b_20260811_FULL_v1,L1_ELIGIBILITY,v2026-08-11,2026-03-21..2026-08-06,baccarat_bet02_101_all_pairs_incl_sentinel,round_win = game_pnl > 0 (decisive only),COMPATIBILITY_ONLY_NOT_PRODUCTION,238.4182,191.7159,-61.7738,30,28,0.25909870,,0.25909870,0.25909870,61.7738,238.4182,OK,0.0000,-2.4710,4.0000,96.0000,AG03-UNRESOLVED,ALL5_LEVELS_bet23_to_bet27,-2.4710,-2.4710,-2.4710,-3.0887,-3.0887,4.000000,4.000000,4.000000,5.000000,5.000000,96.000000,96.000000,96.000000,95.000000,95.000000,5.0,-13.5902,-12.449,-48.1836,-49.3248,PENDING_AG03,FALSE,NOT_FOR_ENFORCEMENT,-59.3029,184.0472,-61.7738,-59.3029,-2.4710,-0.25909870,-0.24873475,-2.4710,-59.3029,-0.24873475,-2.4710,-2.4710,-2.4710,-3.0887,-3.0887,-59.3029,-0.24873475,-13.5902,-12.449,-48.1836,-49.3248,-0.20209699,-0.20688364,-0.01036395,7.9473,6.8470,-2.2062,-30.8869,-5.6158,119.2091,14.0000,,7.9473,5.1891,5.1891,10.3783,15.5674,18.162,23.0917,5.1891,0.0,3.5,4.45,1.531519,10,7,2,3,0E-8,-0.25909870,,0E-8,0.000000,0.804116,0.000000,,2026-05-16,2026-06-16,2,11,10,32,0.062500,,,0.000000,,,,,,,,GLOBAL_BASELINE_NO_ENTITY_RANKING,,,NOT_APPLICABLE_GLOBAL_BASELINE,HF9g-P5,,,,X 全窗基线 · 不参与实体赏罚,3925276,393,A168_HF9F_20260827_0900,2026-08-27 09:00:00
2026-05-16,150128261,2235,0,7.7837164652,-7.7837164652,-7.7837164652,0E-7,1,1,0.50665070000000000,0.506650700000,-1.013391052207602,-1.013391052207602,-1.013391052207602,0E-17,ELIGIBLE,R03b_20260811_FULL_v1,L1_ELIGIBILITY,v2026-08-11,2026-03-21..2026-08-06,baccarat_bet02_101_all_pairs_incl_sentinel,round_win = game_pnl > 0 (decisive only),COMPATIBILITY_ONLY_NOT_PRODUCTION,238.4182,191.7159,-61.7738,30,28,0.25909870,,0.25909870,0.25909870,61.7738,238.4182,OK,0.0000,-2.4710,4.0000,96.0000,AG03-UNRESOLVED,ALL5_LEVELS_bet23_to_bet27,-2.4710,-2.4710,-2.4710,-3.0887,-3.0887,4.000000,4.000000,4.000000,5.000000,5.000000,96.000000,96.000000,96.000000,95.000000,95.000000,5.0,-13.5902,-12.449,-48.1836,-49.3248,PENDING_AG03,FALSE,NOT_FOR_ENFORCEMENT,-59.3029,184.0472,-61.7738,-59.3029,-2.4710,-0.25909870,-0.24873475,-2.4710,-59.3029,-0.24873475,-2.4710,-2.4710,-2.4710,-3.0887,-3.0887,-59.3029,-0.24873475,-13.5902,-12.449,-48.1836,-49.3248,-0.20209699,-0.20688364,-0.01036395,7.9473,6.8470,-2.2062,-30.8869,-5.6158,119.2091,14.0000,,7.9473,5.1891,5.1891,10.3783,15.5674,18.162,23.0917,5.1891,0.0,3.5,4.45,1.531519,10,7,2,3,0E-8,-0.25909870,,0E-8,0.000000,0.804116,0.000000,,2026-05-16,2026-06-16,2,11,10,32,0.062500,,,0.000000,,,,,,,,GLOBAL_BASELINE_NO_ENTITY_RANKING,,,NOT_APPLICABLE_GLOBAL_BASELINE,HF9g-P5,,,,X 全窗基线 · 不参与实体赏罚,3925277,393,A168_HF9F_20260827_0900,2026-08-27 09:00:00
2026-05-16,150128261,2248,0,7.7837164652,7.7837164652,7.7837164652,1.0000000,1,1,0.49324550000000000,0.493245500000,1.01360149184955,1.01360149184955,1.01360149184955,0E-17,ELIGIBLE,R03b_20260811_FULL_v1,L1_ELIGIBILITY,v2026-08-11,2026-03-21..2026-08-06,baccarat_bet02_101_all_pairs_incl_sentinel,round_win = game_pnl > 0 (decisive only),COMPATIBILITY_ONLY_NOT_PRODUCTION,238.4182,191.7159,-61.7738,30,28,0.25909870,,0.25909870,0.25909870,61.7738,238.4182,OK,0.0000,-2.4710,4.0000,96.0000,AG03-UNRESOLVED,ALL5_LEVELS_bet23_to_bet27,-2.4710,-2.4710,-2.4710,-3.0887,-3.0887,4.000000,4.000000,4.000000,5.000000,5.000000,96.000000,96.000000,96.000000,95.000000,95.000000,5.0,-13.5902,-12.449,-48.1836,-49.3248,PENDING_AG03,FALSE,NOT_FOR_ENFORCEMENT,-59.3029,184.0472,-61.7738,-59.3029,-2.4710,-0.25909870,-0.24873475,-2.4710,-59.3029,-0.24873475,-2.4710,-2.4710,-2.4710,-3.0887,-3.0887,-59.3029,-0.24873475,-13.5902,-12.449,-48.1836,-49.3248,-0.20209699,-0.20688364,-0.01036395,7.9473,6.8470,-2.2062,-30.8869,-5.6158,119.2091,14.0000,,7.9473,5.1891,5.1891,10.3783,15.5674,18.162,23.0917,5.1891,0.0,3.5,4.45,1.531519,10,7,2,3,0E-8,-0.25909870,,0E-8,0.000000,0.804116,0.000000,,2026-05-16,2026-06-16,2,11,10,32,0.062500,,,0.000000,,,,,,,,GLOBAL_BASELINE_NO_ENTITY_RANKING,,,NOT_APPLICABLE_GLOBAL_BASELINE,HF9g-P5,,,,X 全窗基线 · 不参与实体赏罚,3925278,393,A168_HF9F_20260827_0900,2026-08-27 09:00:00
2026-05-16,150128261,763,0,57.0805874111,77.5777074360,77.5777074360,0.7500000,11,9,0.44823106666666667,0.448231066667,1.7162870360698834,1.7162870360678677,1.7162870360698834,-3.3333E-13,ELIGIBLE,R03b_20260811_FULL_v1,L1_ELIGIBILITY,v2026-08-11,2026-03-21..2026-08-06,baccarat_bet02_101_all_pairs_incl_sentinel,round_win = game_pnl > 0 (decisive only),COMPATIBILITY_ONLY_NOT_PRODUCTION,238.4182,191.7159,-61.7738,30,28,0.25909870,,0.25909870,0.25909870,61.7738,238.4182,OK,0.0000,-2.4710,4.0000,96.0000,AG03-UNRESOLVED,ALL5_LEVELS_bet23_to_bet27,-2.4710,-2.4710,-2.4710,-3.0887,-3.0887,4.000000,4.000000,4.000000,5.000000,5.000000,96.000000,96.000000,96.000000,95.000000,95.000000,5.0,-13.5902,-12.449,-48.1836,-49.3248,PENDING_AG03,FALSE,NOT_FOR_ENFORCEMENT,-59.3029,184.0472,-61.7738,-59.3029,-2.4710,-0.25909870,-0.24873475,-2.4710,-59.3029,-0.24873475,-2.4710,-2.4710,-2.4710,-3.0887,-3.0887,-59.3029,-0.24873475,-13.5902,-12.449,-48.1836,-49.3248,-0.20209699,-0.20688364,-0.01036395,7.9473,6.8470,-2.2062,-30.8869,-5.6158,119.2091,14.0000,,7.9473,5.1891,5.1891,10.3783,15.5674,18.162,23.0917,5.1891,0.0,3.5,4.45,1.531519,10,7,2,3,0E-8,-0.25909870,,0E-8,0.000000,0.804116,0.000000,,2026-05-16,2026-06-16,2,11,10,32,0.062500,,,0.000000,,,,,,,,GLOBAL_BASELINE_NO_ENTITY_RANKING,,,NOT_APPLICABLE_GLOBAL_BASELINE,HF9g-P5,,,,X 全窗基线 · 不参与实体赏罚,3925279,393,A168_HF9F_20260827_0900,2026-08-27 09:00:00
2026-06-16,150128261,-1,1,2.5715534755,-2.5715534755,-2.5715534755,0E-7,1,1,0.50665070000000000,0.506650700000,-1.013391052207602,-1.013391052207602,-1.013391052207602,0E-17,SENTINEL_DEALER,R03b_20260811_FULL_v1,L1_ELIGIBILITY,v2026-08-11,2026-03-21..2026-08-06,baccarat_bet02_101_all_pairs_incl_sentinel,round_win = game_pnl > 0 (decisive only),COMPATIBILITY_ONLY_NOT_PRODUCTION,238.4182,191.7159,-61.7738,30,28,0.25909870,,0.25909870,0.25909870,61.7738,238.4182,OK,0.0000,-2.4710,4.0000,96.0000,AG03-UNRESOLVED,ALL5_LEVELS_bet23_to_bet27,-2.4710,-2.4710,-2.4710,-3.0887,-3.0887,4.000000,4.000000,4.000000,5.000000,5.000000,96.000000,96.000000,96.000000,95.000000,95.000000,5.0,-13.5902,-12.449,-48.1836,-49.3248,PENDING_AG03,FALSE,NOT_FOR_ENFORCEMENT,-59.3029,184.0472,-61.7738,-59.3029,-2.4710,-0.25909870,-0.24873475,-2.4710,-59.3029,-0.24873475,-2.4710,-2.4710,-2.4710,-3.0887,-3.0887,-59.3029,-0.24873475,-13.5902,-12.449,-48.1836,-49.3248,-0.20209699,-0.20688364,-0.01036395,7.9473,6.8470,-2.2062,-30.8869,-5.6158,119.2091,14.0000,,7.9473,5.1891,5.1891,10.3783,15.5674,18.162,23.0917,5.1891,0.0,3.5,4.45,1.531519,10,7,2,3,0E-8,-0.25909870,,0E-8,0.000000,0.804116,0.000000,,2026-05-16,2026-06-16,2,11,10,32,0.062500,,,0.000000,,,,,,,,GLOBAL_BASELINE_NO_ENTITY_RANKING,,,NOT_APPLICABLE_GLOBAL_BASELINE,HF9g-P5,,,,X 全窗基线 · 不参与实体赏罚,3925280,393,A168_HF9F_20260827_0900,2026-08-27 09:00:00
2026-04-22,149027573,2123,0,308.8762662621,80.4910609113,80.4910609113,0.7142857,14,8,0.39687754999995651,0.339640112500,1.7164695346214018,2.0930028901122086,1.7164695346214018,0.05723743749995651,ELIGIBLE,R03b_20260811_FULL_v1,L1_ELIGIBILITY,v2026-08-11,2026-03-21..2026-08-06,baccarat_bet02_101_all_pairs_incl_sentinel,round_win = game_pnl > 0 (decisive only),COMPATIBILITY_ONLY_NOT_PRODUCTION,554.1452,527.9692,-61.7732,20,10,0.11147471,-0.07631579,0.26059322,0.11147471,61.7732,554.1452,THIN_EXPOSURE,0.0000,-2.4709,4.0000,96.0000,AG03-UNRESOLVED,ALL5_LEVELS_bet23_to_bet27,-2.4709,-2.4709,-3.0887,-3.0887,-3.0887,4.000000,4.000000,5.000000,5.000000,5.000000,96.000000,96.000000,95.000000,95.000000,95.000000,5.0,-14.2078,-12.9627,-47.5653,-48.8105,PENDING_AG03,FALSE,NOT_FOR_ENFORCEMENT,-59.3022,506.8504,-61.7732,-59.3022,-2.4709,-0.11147471,-0.10701572,-2.4709,-59.3022,-0.10701572,-2.4709,-2.4709,-3.0887,-3.0887,-3.0887,-59.3022,-0.10701572,-14.2078,-12.9627,-47.5653,-48.8105,-0.08583553,-0.0880825,-0.00445899,27.7073,52.7969,-6.1773,-30.8866,-30.8866,277.0726,5.0000,40.8781,22.0626,13.088,25.8178,32.7199,45.4497,83.9078,116.18,19.4529,-12.9089,3.25,4.5,1.073185,2,2,2,4,0.44260766,-0.11147471,0.07631579,0E-8,0.000000,0.952763,0.000000,-0.33690901,2026-04-22,2026-07-20,2,2,2,90,0.022222,1.852826,1.475359,1.475359,,,,,,,,GLOBAL_BASELINE_NO_ENTITY_RANKING,,,NOT_APPLICABLE_GLOBAL_BASELINE,HF9g-P5,,,,X 全窗基线 · 不参与实体赏罚,3925281,393,A168_HF9F_20260827_0900,2026-08-27 09:00:00
2026-07-20,149027573,1401,0,245.2688921591,-18.7178891384,-18.7178891384,0.5000000,6,2,0.36373603397439857,0.216448266667,0.4005753264418314,0.9737252013423441,0.4005753264418314,0.14728776730739857,ELIGIBLE,R03b_20260811_FULL_v1,L1_ELIGIBILITY,v2026-08-11,2026-03-21..2026-08-06,baccarat_bet02_101_all_pairs_incl_sentinel,round_win = game_pnl > 0 (decisive only),COMPATIBILITY_ONLY_NOT_PRODUCTION,554.1452,527.9692,-61.7732,20,10,0.11147471,-0.07631579,0.26059322,0.11147471,61.7732,554.1452,THIN_EXPOSURE,0.0000,-2.4709,4.0000,96.0000,AG03-UNRESOLVED,ALL5_LEVELS_bet23_to_bet27,-2.4709,-2.4709,-3.0887,-3.0887,-3.0887,4.000000,4.000000,5.000000,5.000000,5.000000,96.000000,96.000000,95.000000,95.000000,95.000000,5.0,-14.2078,-12.9627,-47.5653,-48.8105,PENDING_AG03,FALSE,NOT_FOR_ENFORCEMENT,-59.3022,506.8504,-61.7732,-59.3022,-2.4709,-0.11147471,-0.10701572,-2.4709,-59.3022,-0.10701572,-2.4709,-2.4709,-3.0887,-3.0887,-3.0887,-59.3022,-0.10701572,-14.2078,-12.9627,-47.5653,-48.8105,-0.08583553,-0.0880825,-0.00445899,27.7073,52.7969,-6.1773,-30.8866,-30.8866,277.0726,5.0000,40.8781,22.0626,13.088,25.8178,32.7199,45.4497,83.9078,116.18,19.4529,-12.9089,3.25,4.5,1.073185,2,2,2,4,0.44260766,-0.11147471,0.07631579,0E-8,0.000000,0.952763,0.000000,-0.33690901,2026-04-22,2026-07-20,2,2,2,90,0.022222,1.852826,1.475359,1.475359,,,,,,,,GLOBAL_BASELINE_NO_ENTITY_RANKING,,,NOT_APPLICABLE_GLOBAL_BASELINE,HF9g-P5,,,,X 全窗基线 · 不参与实体赏罚,3925282,393,A168_HF9F_20260827_0900,2026-08-27 09:00:00
2026-06-23,151954103,-1,1,555.4555506972,-106.9766245780,-106.9766245780,0.3979592,108,108,0.49920336666666667,0.499203366667,-2.004535098061539,-2.004535098068136,-2.004535098061539,-3.3333E-13,SENTINEL_DEALER,R03b_20260811_FULL_v1,L1_ELIGIBILITY,v2026-08-11,2026-03-21..2026-08-06,baccarat_bet02_101_all_pairs_incl_sentinel,round_win = game_pnl > 0 (decisive only),COMPATIBILITY_ONLY_NOT_PRODUCTION,1774.4869,1585.4010,-61.1320,302,300,0.03445052,0.89175317,-0.08930348,0.03445052,61.1320,1774.4869,OK,0.0000,-1.8340,3.0000,97.0000,AG03-UNRESOLVED,ALL5_LEVELS_bet23_to_bet27,-1.8340,-1.8340,-1.8340,-2.4453,-2.4453,3.000000,3.000000,3.000000,4.000000,4.000000,97.000000,97.000000,97.000000,96.000000,96.000000,5.0,-10.3924,-9.7127,-50.7396,-51.4193,PENDING_AG03,FALSE,NOT_FOR_ENFORCEMENT,-59.2980,1537.8390,-61.1320,-59.2980,-1.8340,-0.03445052,-0.03341700,-1.8340,-59.2980,-0.03341700,-1.8340,-1.8340,-1.8340,-2.4453,-2.4453,-59.2980,-0.03341700,-10.3924,-9.7127,-50.7396,-51.4193,-0.02859393,-0.028977,-0.00103352,5.8758,5.2847,-0.2038,-30.5660,-0.8990,887.2434,150.0000,27.9800,5.2743,5.1431,5.1431,5.1431,5.1431,5.1431,36.5686,5.1431,0.0,1.0,7.110209,1.142458,29,34,2,2,0.12614358,-0.03445052,-0.89175317,0E-8,0.000000,0.893442,0.000000,0.98105665,2026-06-23,2026-07-08,2,68,33,16,0.125000,5.304964,4.761920,0.420479,,,,,,,,GLOBAL_BASELINE_NO_ENTITY_RANKING,,,NOT_APPLICABLE_GLOBAL_BASELINE,HF9g-P5,,,,X 全窗基线 · 不参与实体赏罚,3925283,393,A168_HF9F_20260827_0900,2026-08-27 09:00:00
2026-06-23,151954103,1157,0,36.0017486563,-10.5433692493,-10.5433692493,0.3333333,7,7,0.50282064285714286,0.502820642857,-0.8303280647496518,-0.8303280647489506,-0.8303280647496518,1.4286E-13,ELIGIBLE,R03b_20260811_FULL_v1,L1_ELIGIBILITY,v2026-08-11,2026-03-21..2026-08-06,baccarat_bet02_101_all_pairs_incl_sentinel,round_win = game_pnl > 0 (decisive only),COMPATIBILITY_ONLY_NOT_PRODUCTION,1774.4869,1585.4010,-61.1320,302,300,0.03445052,0.89175317,-0.08930348,0.03445052,61.1320,1774.4869,OK,0.0000,-1.8340,3.0000,97.0000,AG03-UNRESOLVED,ALL5_LEVELS_bet23_to_bet27,-1.8340,-1.8340,-1.8340,-2.4453,-2.4453,3.000000,3.000000,3.000000,4.000000,4.000000,97.000000,97.000000,97.000000,96.000000,96.000000,5.0,-10.3924,-9.7127,-50.7396,-51.4193,PENDING_AG03,FALSE,NOT_FOR_ENFORCEMENT,-59.2980,1537.8390,-61.1320,-59.2980,-1.8340,-0.03445052,-0.03341700,-1.8340,-59.2980,-0.03341700,-1.8340,-1.8340,-1.8340,-2.4453,-2.4453,-59.2980,-0.03341700,-10.3924,-9.7127,-50.7396,-51.4193,-0.02859393,-0.028977,-0.00103352,5.8758,5.2847,-0.2038,-30.5660,-0.8990,887.2434,150.0000,27.9800,5.2743,5.1431,5.1431,5.1431,5.1431,5.1431,36.5686,5.1431,0.0,1.0,7.110209,1.142458,29,34,2,2,0.12614358,-0.03445052,-0.89175317,0E-8,0.000000,0.893442,0.000000,0.98105665,2026-06-23,2026-07-08,2,68,33,16,0.125000,5.304964,4.761920,0.420479,,,,,,,,GLOBAL_BASELINE_NO_ENTITY_RANKING,,,NOT_APPLICABLE_GLOBAL_BASELINE,HF9g-P5,,,,X 全窗基线 · 不参与实体赏罚,3925284,393,A168_HF9F_20260827_0900,2026-08-27 09:00:00
2026-06-23,151954103,1318,0,41.1448556072,4.3716409084,4.3716409084,0.6000000,8,8,0.50329940000000000,0.503299400000,0.4324676459530309,0.432467645953031,0.4324676459530309,0E-17,ELIGIBLE,R03b_20260811_FULL_v1,L1_ELIGIBILITY,v2026-08-11,2026-03-21..2026-08-06,baccarat_bet02_101_all_pairs_incl_sentinel,round_win = game_pnl > 0 (decisive only),COMPATIBILITY_ONLY_NOT_PRODUCTION,1774.4869,1585.4010,-61.1320,302,300,0.03445052,0.89175317,-0.08930348,0.03445052,61.1320,1774.4869,OK,0.0000,-1.8340,3.0000,97.0000,AG03-UNRESOLVED,ALL5_LEVELS_bet23_to_bet27,-1.8340,-1.8340,-1.8340,-2.4453,-2.4453,3.000000,3.000000,3.000000,4.000000,4.000000,97.000000,97.000000,97.000000,96.000000,96.000000,5.0,-10.3924,-9.7127,-50.7396,-51.4193,PENDING_AG03,FALSE,NOT_FOR_ENFORCEMENT,-59.2980,1537.8390,-61.1320,-59.2980,-1.8340,-0.03445052,-0.03341700,-1.8340,-59.2980,-0.03341700,-1.8340,-1.8340,-1.8340,-2.4453,-2.4453,-59.2980,-0.03341700,-10.3924,-9.7127,-50.7396,-51.4193,-0.02859393,-0.028977,-0.00103352,5.8758,5.2847,-0.2038,-30.5660,-0.8990,887.2434,150.0000,27.9800,5.2743,5.1431,5.1431,5.1431,5.1431,5.1431,36.5686,5.1431,0.0,1.0,7.110209,1.142458,29,34,2,2,0.12614358,-0.03445052,-0.89175317,0E-8,0.000000,0.893442,0.000000,0.98105665,2026-06-23,2026-07-08,2,68,33,16,0.125000,5.304964,4.761920,0.420479,,,,,,,,GLOBAL_BASELINE_NO_ENTITY_RANKING,,,NOT_APPLICABLE_GLOBAL_BASELINE,HF9g-P5,,,,X 全窗基线 · 不参与实体赏罚,3925285,393,A168_HF9F_20260827_0900,2026-08-27 09:00:00
2026-06-23,151954103,1383,0,30.8586417054,-0.5143106950,-0.5143106950,0.5000000,6,6,0.49994810000000000,0.499948100000,0.00025425703667063243,0.00025425703667063243,0.00025425703667063243,0E-17,ELIGIBLE,R03b_20260811_FULL_v1,L1_ELIGIBILITY,v2026-08-11,2026-03-21..2026-08-06,baccarat_bet02_101_all_pairs_incl_sentinel,round_win = game_pnl > 0 (decisive only),COMPATIBILITY_ONLY_NOT_PRODUCTION,1774.4869,1585.4010,-61.1320,302,300,0.03445052,0.89175317,-0.08930348,0.03445052,61.1320,1774.4869,OK,0.0000,-1.8340,3.0000,97.0000,AG03-UNRESOLVED,ALL5_LEVELS_bet23_to_bet27,-1.8340,-1.8340,-1.8340,-2.4453,-2.4453,3.000000,3.000000,3.000000,4.000000,4.000000,97.000000,97.000000,97.000000,96.000000,96.000000,5.0,-10.3924,-9.7127,-50.7396,-51.4193,PENDING_AG03,FALSE,NOT_FOR_ENFORCEMENT,-59.2980,1537.8390,-61.1320,-59.2980,-1.8340,-0.03445052,-0.03341700,-1.8340,-59.2980,-0.03341700,-1.8340,-1.8340,-1.8340,-2.4453,-2.4453,-59.2980,-0.03341700,-10.3924,-9.7127,-50.7396,-51.4193,-0.02859393,-0.028977,-0.00103352,5.8758,5.2847,-0.2038,-30.5660,-0.8990,887.2434,150.0000,27.9800,5.2743,5.1431,5.1431,5.1431,5.1431,5.1431,36.5686,5.1431,0.0,1.0,7.110209,1.142458,29,34,2,2,0.12614358,-0.03445052,-0.89175317,0E-8,0.000000,0.893442,0.000000,0.98105665,2026-06-23,2026-07-08,2,68,33,16,0.125000,5.304964,4.761920,0.420479,,,,,,,,GLOBAL_BASELINE_NO_ENTITY_RANKING,,,NOT_APPLICABLE_GLOBAL_BASELINE,HF9g-P5,,,,X 全窗基线 · 不参与实体赏罚,3925286,393,A168_HF9F_20260827_0900,2026-08-27 09:00:00
2026-06-23,151954103,1384,0,20.5724278036,9.5147478593,9.5147478593,0.7500000,4,4,0.50665070000000000,0.506650700000,0.9734833216690844,0.9734833216690844,0.9734833216690844,0E-17,ELIGIBLE,R03b_20260811_FULL_v1,L1_ELIGIBILITY,v2026-08-11,2026-03-21..2026-08-06,baccarat_bet02_101_all_pairs_incl_sentinel,round_win = game_pnl > 0 (decisive only),COMPATIBILITY_ONLY_NOT_PRODUCTION,1774.4869,1585.4010,-61.1320,302,300,0.03445052,0.89175317,-0.08930348,0.03445052,61.1320,1774.4869,OK,0.0000,-1.8340,3.0000,97.0000,AG03-UNRESOLVED,ALL5_LEVELS_bet23_to_bet27,-1.8340,-1.8340,-1.8340,-2.4453,-2.4453,3.000000,3.000000,3.000000,4.000000,4.000000,97.000000,97.000000,97.000000,96.000000,96.000000,5.0,-10.3924,-9.7127,-50.7396,-51.4193,PENDING_AG03,FALSE,NOT_FOR_ENFORCEMENT,-59.2980,1537.8390,-61.1320,-59.2980,-1.8340,-0.03445052,-0.03341700,-1.8340,-59.2980,-0.03341700,-1.8340,-1.8340,-1.8340,-2.4453,-2.4453,-59.2980,-0.03341700,-10.3924,-9.7127,-50.7396,-51.4193,-0.02859393,-0.028977,-0.00103352,5.8758,5.2847,-0.2038,-30.5660,-0.8990,887.2434,150.0000,27.9800,5.2743,5.1431,5.1431,5.1431,5.1431,5.1431,36.5686,5.1431,0.0,1.0,7.110209,1.142458,29,34,2,2,0.12614358,-0.03445052,-0.89175317,0E-8,0.000000,0.893442,0.000000,0.98105665,2026-06-23,2026-07-08,2,68,33,16,0.125000,5.304964,4.761920,0.420479,,,,,,,,GLOBAL_BASELINE_NO_ENTITY_RANKING,,,NOT_APPLICABLE_GLOBAL_BASELINE,HF9g-P5,,,,X 全窗基线 · 不参与实体赏罚,3925287,393,A168_HF9F_20260827_0900,2026-08-27 09:00:00
2026-06-23,151954103,1396,0,30.8586417054,4.3716409084,4.3716409084,0.6000000,6,6,0.50441650000000000,0.504416500000,0.42747908374280613,0.42747908374280613,0.42747908374280613,0E-17,ELIGIBLE,R03b_20260811_FULL_v1,L1_ELIGIBILITY,v2026-08-11,2026-03-21..2026-08-06,baccarat_bet02_101_all_pairs_incl_sentinel,round_win = game_pnl > 0 (decisive only),COMPATIBILITY_ONLY_NOT_PRODUCTION,1774.4869,1585.4010,-61.1320,302,300,0.03445052,0.89175317,-0.08930348,0.03445052,61.1320,1774.4869,OK,0.0000,-1.8340,3.0000,97.0000,AG03-UNRESOLVED,ALL5_LEVELS_bet23_to_bet27,-1.8340,-1.8340,-1.8340,-2.4453,-2.4453,3.000000,3.000000,3.000000,4.000000,4.000000,97.000000,97.000000,97.000000,96.000000,96.000000,5.0,-10.3924,-9.7127,-50.7396,-51.4193,PENDING_AG03,FALSE,NOT_FOR_ENFORCEMENT,-59.2980,1537.8390,-61.1320,-59.2980,-1.8340,-0.03445052,-0.03341700,-1.8340,-59.2980,-0.03341700,-1.8340,-1.8340,-1.8340,-2.4453,-2.4453,-59.2980,-0.03341700,-10.3924,-9.7127,-50.7396,-51.4193,-0.02859393,-0.028977,-0.00103352,5.8758,5.2847,-0.2038,-30.5660,-0.8990,887.2434,150.0000,27.9800,5.2743,5.1431,5.1431,5.1431,5.1431,5.1431,36.5686,5.1431,0.0,1.0,7.110209,1.142458,29,34,2,2,0.12614358,-0.03445052,-0.89175317,0E-8,0.000000,0.893442,0.000000,0.98105665,2026-06-23,2026-07-08,2,68,33,16,0.125000,5.304964,4.761920,0.420479,,,,,,,,GLOBAL_BASELINE_NO_ENTITY_RANKING,,,NOT_APPLICABLE_GLOBAL_BASELINE,HF9g-P5,,,,X 全窗基线 · 不参与实体赏罚,3925288,393,A168_HF9F_20260827_0900,2026-08-27 09:00:00
2026-06-23,151954103,1485,0,25.7155347545,-20.5724278036,-20.5724278036,0E-7,5,5,0.50128862000000000,0.501288620000,-2.005161139317648,-2.005161139317648,-2.005161139317648,0E-17,ELIGIBLE,R03b_20260811_FULL_v1,L1_ELIGIBILITY,v2026-08-11,2026-03-21..2026-08-06,baccarat_bet02_101_all_pairs_incl_sentinel,round_win = game_pnl > 0 (decisive only),COMPATIBILITY_ONLY_NOT_PRODUCTION,1774.4869,1585.4010,-61.1320,302,300,0.03445052,0.89175317,-0.08930348,0.03445052,61.1320,1774.4869,OK,0.0000,-1.8340,3.0000,97.0000,AG03-UNRESOLVED,ALL5_LEVELS_bet23_to_bet27,-1.8340,-1.8340,-1.8340,-2.4453,-2.4453,3.000000,3.000000,3.000000,4.000000,4.000000,97.000000,97.000000,97.000000,96.000000,96.000000,5.0,-10.3924,-9.7127,-50.7396,-51.4193,PENDING_AG03,FALSE,NOT_FOR_ENFORCEMENT,-59.2980,1537.8390,-61.1320,-59.2980,-1.8340,-0.03445052,-0.03341700,-1.8340,-59.2980,-0.03341700,-1.8340,-1.8340,-1.8340,-2.4453,-2.4453,-59.2980,-0.03341700,-10.3924,-9.7127,-50.7396,-51.4193,-0.02859393,-0.028977,-0.00103352,5.8758,5.2847,-0.2038,-30.5660,-0.8990,887.2434,150.0000,27.9800,5.2743,5.1431,5.1431,5.1431,5.1431,5.1431,36.5686,5.1431,0.0,1.0,7.110209,1.142458,29,34,2,2,0.12614358,-0.03445052,-0.89175317,0E-8,0.000000,0.893442,0.000000,0.98105665,2026-06-23,2026-07-08,2,68,33,16,0.125000,5.304964,4.761920,0.420479,,,,,,,,GLOBAL_BASELINE_NO_ENTITY_RANKING,,,NOT_APPLICABLE_GLOBAL_BASELINE,HF9g-P5,,,,X 全窗基线 · 不参与实体赏罚,3925289,393,A168_HF9F_20260827_0900,2026-08-27 09:00:00
2026-06-23,151954103,1507,0,51.4310695090,-1.0286213900,-1.0286213900,0.5000000,10,10,0.50128862000000000,0.501288620000,-0.008149975543682601,-0.008149975543682601,-0.008149975543682601,0E-17,ELIGIBLE,R03b_20260811_FULL_v1,L1_ELIGIBILITY,v2026-08-11,2026-03-21..2026-08-06,baccarat_bet02_101_all_pairs_incl_sentinel,round_win = game_pnl > 0 (decisive only),COMPATIBILITY_ONLY_NOT_PRODUCTION,1774.4869,1585.4010,-61.1320,302,300,0.03445052,0.89175317,-0.08930348,0.03445052,61.1320,1774.4869,OK,0.0000,-1.8340,3.0000,97.0000,AG03-UNRESOLVED,ALL5_LEVELS_bet23_to_bet27,-1.8340,-1.8340,-1.8340,-2.4453,-2.4453,3.000000,3.000000,3.000000,4.000000,4.000000,97.000000,97.000000,97.000000,96.000000,96.000000,5.0,-10.3924,-9.7127,-50.7396,-51.4193,PENDING_AG03,FALSE,NOT_FOR_ENFORCEMENT,-59.2980,1537.8390,-61.1320,-59.2980,-1.8340,-0.03445052,-0.03341700,-1.8340,-59.2980,-0.03341700,-1.8340,-1.8340,-1.8340,-2.4453,-2.4453,-59.2980,-0.03341700,-10.3924,-9.7127,-50.7396,-51.4193,-0.02859393,-0.028977,-0.00103352,5.8758,5.2847,-0.2038,-30.5660,-0.8990,887.2434,150.0000,27.9800,5.2743,5.1431,5.1431,5.1431,5.1431,5.1431,36.5686,5.1431,0.0,1.0,7.110209,1.142458,29,34,2,2,0.12614358,-0.03445052,-0.89175317,0E-8,0.000000,0.893442,0.000000,0.98105665,2026-06-23,2026-07-08,2,68,33,16,0.125000,5.304964,4.761920,0.420479,,,,,,,,GLOBAL_BASELINE_NO_ENTITY_RANKING,,,NOT_APPLICABLE_GLOBAL_BASELINE,HF9g-P5,,,,X 全窗基线 · 不参与实体赏罚,3925290,393,A168_HF9F_20260827_0900,2026-08-27 09:00:00
2026-06-23,151954103,1942,0,36.0017486563,24.4297580170,24.4297580170,0.8571429,7,7,0.50473567142857143,0.504735671429,1.8648471934442603,1.8648471934420079,1.8648471934442603,-4.2857E-13,ELIGIBLE,R03b_20260811_FULL_v1,L1_ELIGIBILITY,v2026-08-11,2026-03-21..2026-08-06,baccarat_bet02_101_all_pairs_incl_sentinel,round_win = game_pnl > 0 (decisive only),COMPATIBILITY_ONLY_NOT_PRODUCTION,1774.4869,1585.4010,-61.1320,302,300,0.03445052,0.89175317,-0.08930348,0.03445052,61.1320,1774.4869,OK,0.0000,-1.8340,3.0000,97.0000,AG03-UNRESOLVED,ALL5_LEVELS_bet23_to_bet27,-1.8340,-1.8340,-1.8340,-2.4453,-2.4453,3.000000,3.000000,3.000000,4.000000,4.000000,97.000000,97.000000,97.000000,96.000000,96.000000,5.0,-10.3924,-9.7127,-50.7396,-51.4193,PENDING_AG03,FALSE,NOT_FOR_ENFORCEMENT,-59.2980,1537.8390,-61.1320,-59.2980,-1.8340,-0.03445052,-0.03341700,-1.8340,-59.2980,-0.03341700,-1.8340,-1.8340,-1.8340,-2.4453,-2.4453,-59.2980,-0.03341700,-10.3924,-9.7127,-50.7396,-51.4193,-0.02859393,-0.028977,-0.00103352,5.8758,5.2847,-0.2038,-30.5660,-0.8990,887.2434,150.0000,27.9800,5.2743,5.1431,5.1431,5.1431,5.1431,5.1431,36.5686,5.1431,0.0,1.0,7.110209,1.142458,29,34,2,2,0.12614358,-0.03445052,-0.89175317,0E-8,0.000000,0.893442,0.000000,0.98105665,2026-06-23,2026-07-08,2,68,33,16,0.125000,5.304964,4.761920,0.420479,,,,,,,,GLOBAL_BASELINE_NO_ENTITY_RANKING,,,NOT_APPLICABLE_GLOBAL_BASELINE,HF9g-P5,,,,X 全窗基线 · 不参与实体赏罚,3925291,393,A168_HF9F_20260827_0900,2026-08-27 09:00:00
2026-06-23,151954103,1985,0,30.8586417054,-0.2571553475,-0.2571553475,0.5000000,6,6,0.49994810000000000,0.499948100000,0.00025425703667063243,0.00025425703667063243,0.00025425703667063243,0E-17,ELIGIBLE,R03b_20260811_FULL_v1,L1_ELIGIBILITY,v2026-08-11,2026-03-21..2026-08-06,baccarat_bet02_101_all_pairs_incl_sentinel,round_win = game_pnl > 0 (decisive only),COMPATIBILITY_ONLY_NOT_PRODUCTION,1774.4869,1585.4010,-61.1320,302,300,0.03445052,0.89175317,-0.08930348,0.03445052,61.1320,1774.4869,OK,0.0000,-1.8340,3.0000,97.0000,AG03-UNRESOLVED,ALL5_LEVELS_bet23_to_bet27,-1.8340,-1.8340,-1.8340,-2.4453,-2.4453,3.000000,3.000000,3.000000,4.000000,4.000000,97.000000,97.000000,97.000000,96.000000,96.000000,5.0,-10.3924,-9.7127,-50.7396,-51.4193,PENDING_AG03,FALSE,NOT_FOR_ENFORCEMENT,-59.2980,1537.8390,-61.1320,-59.2980,-1.8340,-0.03445052,-0.03341700,-1.8340,-59.2980,-0.03341700,-1.8340,-1.8340,-1.8340,-2.4453,-2.4453,-59.2980,-0.03341700,-10.3924,-9.7127,-50.7396,-51.4193,-0.02859393,-0.028977,-0.00103352,5.8758,5.2847,-0.2038,-30.5660,-0.8990,887.2434,150.0000,27.9800,5.2743,5.1431,5.1431,5.1431,5.1431,5.1431,36.5686,5.1431,0.0,1.0,7.110209,1.142458,29,34,2,2,0.12614358,-0.03445052,-0.89175317,0E-8,0.000000,0.893442,0.000000,0.98105665,2026-06-23,2026-07-08,2,68,33,16,0.125000,5.304964,4.761920,0.420479,,,,,,,,GLOBAL_BASELINE_NO_ENTITY_RANKING,,,NOT_APPLICABLE_GLOBAL_BASELINE,HF9g-P5,,,,X 全窗基线 · 不参与实体赏罚,3925292,393,A168_HF9F_20260827_0900,2026-08-27 09:00:00
2026-06-23,151954103,2108,0,59.1457299354,-8.7432818164,-8.7432818164,0.5000000,10,10,0.50396966000000000,0.503969660000,-0.022456495799120468,-0.022456495799120468,-0.022456495799120468,0E-17,ELIGIBLE,R03b_20260811_FULL_v1,L1_ELIGIBILITY,v2026-08-11,2026-03-21..2026-08-06,baccarat_bet02_101_all_pairs_incl_sentinel,round_win = game_pnl > 0 (decisive only),COMPATIBILITY_ONLY_NOT_PRODUCTION,1774.4869,1585.4010,-61.1320,302,300,0.03445052,0.89175317,-0.08930348,0.03445052,61.1320,1774.4869,OK,0.0000,-1.8340,3.0000,97.0000,AG03-UNRESOLVED,ALL5_LEVELS_bet23_to_bet27,-1.8340,-1.8340,-1.8340,-2.4453,-2.4453,3.000000,3.000000,3.000000,4.000000,4.000000,97.000000,97.000000,97.000000,96.000000,96.000000,5.0,-10.3924,-9.7127,-50.7396,-51.4193,PENDING_AG03,FALSE,NOT_FOR_ENFORCEMENT,-59.2980,1537.8390,-61.1320,-59.2980,-1.8340,-0.03445052,-0.03341700,-1.8340,-59.2980,-0.03341700,-1.8340,-1.8340,-1.8340,-2.4453,-2.4453,-59.2980,-0.03341700,-10.3924,-9.7127,-50.7396,-51.4193,-0.02859393,-0.028977,-0.00103352,5.8758,5.2847,-0.2038,-30.5660,-0.8990,887.2434,150.0000,27.9800,5.2743,5.1431,5.1431,5.1431,5.1431,5.1431,36.5686,5.1431,0.0,1.0,7.110209,1.142458,29,34,2,2,0.12614358,-0.03445052,-0.89175317,0E-8,0.000000,0.893442,0.000000,0.98105665,2026-06-23,2026-07-08,2,68,33,16,0.125000,5.304964,4.761920,0.420479,,,,,,,,GLOBAL_BASELINE_NO_ENTITY_RANKING,,,NOT_APPLICABLE_GLOBAL_BASELINE,HF9g-P5,,,,X 全窗基线 · 不参与实体赏罚,3925293,393,A168_HF9F_20260827_0900,2026-08-27 09:00:00
2026-06-23,151954103,2115,0,36.0017486563,14.1435441152,14.1435441152,0.7142857,7,7,0.50473567142857143,0.504735671429,1.1088843393366314,1.1088843393343726,1.1088843393366314,-4.2857E-13,ELIGIBLE,R03b_20260811_FULL_v1,L1_ELIGIBILITY,v2026-08-11,2026-03-21..2026-08-06,baccarat_bet02_101_all_pairs_incl_sentinel,round_win = game_pnl > 0 (decisive only),COMPATIBILITY_ONLY_NOT_PRODUCTION,1774.4869,1585.4010,-61.1320,302,300,0.03445052,0.89175317,-0.08930348,0.03445052,61.1320,1774.4869,OK,0.0000,-1.8340,3.0000,97.0000,AG03-UNRESOLVED,ALL5_LEVELS_bet23_to_bet27,-1.8340,-1.8340,-1.8340,-2.4453,-2.4453,3.000000,3.000000,3.000000,4.000000,4.000000,97.000000,97.000000,97.000000,96.000000,96.000000,5.0,-10.3924,-9.7127,-50.7396,-51.4193,PENDING_AG03,FALSE,NOT_FOR_ENFORCEMENT,-59.2980,1537.8390,-61.1320,-59.2980,-1.8340,-0.03445052,-0.03341700,-1.8340,-59.2980,-0.03341700,-1.8340,-1.8340,-1.8340,-2.4453,-2.4453,-59.2980,-0.03341700,-10.3924,-9.7127,-50.7396,-51.4193,-0.02859393,-0.028977,-0.00103352,5.8758,5.2847,-0.2038,-30.5660,-0.8990,887.2434,150.0000,27.9800,5.2743,5.1431,5.1431,5.1431,5.1431,5.1431,36.5686,5.1431,0.0,1.0,7.110209,1.142458,29,34,2,2,0.12614358,-0.03445052,-0.89175317,0E-8,0.000000,0.893442,0.000000,0.98105665,2026-06-23,2026-07-08,2,68,33,16,0.125000,5.304964,4.761920,0.420479,,,,,,,,GLOBAL_BASELINE_NO_ENTITY_RANKING,,,NOT_APPLICABLE_GLOBAL_BASELINE,HF9g-P5,,,,X 全窗基线 · 不参与实体赏罚,3925294,393,A168_HF9F_20260827_0900,2026-08-27 09:00:00
2026-06-23,151954103,2121,0,25.7155347545,-5.4002622984,-5.4002622984,0.4000000,5,5,0.50128862000000000,0.501288620000,-0.4529779837142727,-0.4529779837142727,-0.4529779837142727,0E-17,ELIGIBLE,R03b_20260811_FULL_v1,L1_ELIGIBILITY,v2026-08-11,2026-03-21..2026-08-06,baccarat_bet02_101_all_pairs_incl_sentinel,round_win = game_pnl > 0 (decisive only),COMPATIBILITY_ONLY_NOT_PRODUCTION,1774.4869,1585.4010,-61.1320,302,300,0.03445052,0.89175317,-0.08930348,0.03445052,61.1320,1774.4869,OK,0.0000,-1.8340,3.0000,97.0000,AG03-UNRESOLVED,ALL5_LEVELS_bet23_to_bet27,-1.8340,-1.8340,-1.8340,-2.4453,-2.4453,3.000000,3.000000,3.000000,4.000000,4.000000,97.000000,97.000000,97.000000,96.000000,96.000000,5.0,-10.3924,-9.7127,-50.7396,-51.4193,PENDING_AG03,FALSE,NOT_FOR_ENFORCEMENT,-59.2980,1537.8390,-61.1320,-59.2980,-1.8340,-0.03445052,-0.03341700,-1.8340,-59.2980,-0.03341700,-1.8340,-1.8340,-1.8340,-2.4453,-2.4453,-59.2980,-0.03341700,-10.3924,-9.7127,-50.7396,-51.4193,-0.02859393,-0.028977,-0.00103352,5.8758,5.2847,-0.2038,-30.5660,-0.8990,887.2434,150.0000,27.9800,5.2743,5.1431,5.1431,5.1431,5.1431,5.1431,36.5686,5.1431,0.0,1.0,7.110209,1.142458,29,34,2,2,0.12614358,-0.03445052,-0.89175317,0E-8,0.000000,0.893442,0.000000,0.98105665,2026-06-23,2026-07-08,2,68,33,16,0.125000,5.304964,4.761920,0.420479,,,,,,,,GLOBAL_BASELINE_NO_ENTITY_RANKING,,,NOT_APPLICABLE_GLOBAL_BASELINE,HF9g-P5,,,,X 全窗基线 · 不参与实体赏罚,3925295,393,A168_HF9F_20260827_0900,2026-08-27 09:00:00
2026-06-23,151954103,2152,0,20.5724278036,-0.2571553475,-0.2571553475,0.5000000,4,4,0.50329940000000000,0.503299400000,-0.01319788734859681,-0.01319788734859681,-0.01319788734859681,0E-17,ELIGIBLE,R03b_20260811_FULL_v1,L1_ELIGIBILITY,v2026-08-11,2026-03-21..2026-08-06,baccarat_bet02_101_all_pairs_incl_sentinel,round_win = game_pnl > 0 (decisive only),COMPATIBILITY_ONLY_NOT_PRODUCTION,1774.4869,1585.4010,-61.1320,302,300,0.03445052,0.89175317,-0.08930348,0.03445052,61.1320,1774.4869,OK,0.0000,-1.8340,3.0000,97.0000,AG03-UNRESOLVED,ALL5_LEVELS_bet23_to_bet27,-1.8340,-1.8340,-1.8340,-2.4453,-2.4453,3.000000,3.000000,3.000000,4.000000,4.000000,97.000000,97.000000,97.000000,96.000000,96.000000,5.0,-10.3924,-9.7127,-50.7396,-51.4193,PENDING_AG03,FALSE,NOT_FOR_ENFORCEMENT,-59.2980,1537.8390,-61.1320,-59.2980,-1.8340,-0.03445052,-0.03341700,-1.8340,-59.2980,-0.03341700,-1.8340,-1.8340,-1.8340,-2.4453,-2.4453,-59.2980,-0.03341700,-10.3924,-9.7127,-50.7396,-51.4193,-0.02859393,-0.028977,-0.00103352,5.8758,5.2847,-0.2038,-30.5660,-0.8990,887.2434,150.0000,27.9800,5.2743,5.1431,5.1431,5.1431,5.1431,5.1431,36.5686,5.1431,0.0,1.0,7.110209,1.142458,29,34,2,2,0.12614358,-0.03445052,-0.89175317,0E-8,0.000000,0.893442,0.000000,0.98105665,2026-06-23,2026-07-08,2,68,33,16,0.125000,5.304964,4.761920,0.420479,,,,,,,,GLOBAL_BASELINE_NO_ENTITY_RANKING,,,NOT_APPLICABLE_GLOBAL_BASELINE,HF9g-P5,,,,X 全窗基线 · 不参与实体赏罚,3925296,393,A168_HF9F_20260827_0900,2026-08-27 09:00:00
2026-06-23,151954103,2155,0,20.5724278036,0E-10,0E-10,0.5000000,4,4,0.49659680000000000,0.496596800000,0.009625926164049043,0.009625926164049045,0.009625926164049043,0E-17,ELIGIBLE,R03b_20260811_FULL_v1,L1_ELIGIBILITY,v2026-08-11,2026-03-21..2026-08-06,baccarat_bet02_101_all_pairs_incl_sentinel,round_win = game_pnl > 0 (decisive only),COMPATIBILITY_ONLY_NOT_PRODUCTION,1774.4869,1585.4010,-61.1320,302,300,0.03445052,0.89175317,-0.08930348,0.03445052,61.1320,1774.4869,OK,0.0000,-1.8340,3.0000,97.0000,AG03-UNRESOLVED,ALL5_LEVELS_bet23_to_bet27,-1.8340,-1.8340,-1.8340,-2.4453,-2.4453,3.000000,3.000000,3.000000,4.000000,4.000000,97.000000,97.000000,97.000000,96.000000,96.000000,5.0,-10.3924,-9.7127,-50.7396,-51.4193,PENDING_AG03,FALSE,NOT_FOR_ENFORCEMENT,-59.2980,1537.8390,-61.1320,-59.2980,-1.8340,-0.03445052,-0.03341700,-1.8340,-59.2980,-0.03341700,-1.8340,-1.8340,-1.8340,-2.4453,-2.4453,-59.2980,-0.03341700,-10.3924,-9.7127,-50.7396,-51.4193,-0.02859393,-0.028977,-0.00103352,5.8758,5.2847,-0.2038,-30.5660,-0.8990,887.2434,150.0000,27.9800,5.2743,5.1431,5.1431,5.1431,5.1431,5.1431,36.5686,5.1431,0.0,1.0,7.110209,1.142458,29,34,2,2,0.12614358,-0.03445052,-0.89175317,0E-8,0.000000,0.893442,0.000000,0.98105665,2026-06-23,2026-07-08,2,68,33,16,0.125000,5.304964,4.761920,0.420479,,,,,,,,GLOBAL_BASELINE_NO_ENTITY_RANKING,,,NOT_APPLICABLE_GLOBAL_BASELINE,HF9g-P5,,,,X 全窗基线 · 不参与实体赏罚,3925297,393,A168_HF9F_20260827_0900,2026-08-27 09:00:00
2026-06-23,151954103,2160,0,41.1448556072,4.8859516034,4.8859516034,0.5714286,8,8,0.49994810000000000,0.499948100000,0.37823910403297295,0.37823910403297295,0.37823910403297295,0E-17,ELIGIBLE,R03b_20260811_FULL_v1,L1_ELIGIBILITY,v2026-08-11,2026-03-21..2026-08-06,baccarat_bet02_101_all_pairs_incl_sentinel,round_win = game_pnl > 0 (decisive only),COMPATIBILITY_ONLY_NOT_PRODUCTION,1774.4869,1585.4010,-61.1320,302,300,0.03445052,0.89175317,-0.08930348,0.03445052,61.1320,1774.4869,OK,0.0000,-1.8340,3.0000,97.0000,AG03-UNRESOLVED,ALL5_LEVELS_bet23_to_bet27,-1.8340,-1.8340,-1.8340,-2.4453,-2.4453,3.000000,3.000000,3.000000,4.000000,4.000000,97.000000,97.000000,97.000000,96.000000,96.000000,5.0,-10.3924,-9.7127,-50.7396,-51.4193,PENDING_AG03,FALSE,NOT_FOR_ENFORCEMENT,-59.2980,1537.8390,-61.1320,-59.2980,-1.8340,-0.03445052,-0.03341700,-1.8340,-59.2980,-0.03341700,-1.8340,-1.8340,-1.8340,-2.4453,-2.4453,-59.2980,-0.03341700,-10.3924,-9.7127,-50.7396,-51.4193,-0.02859393,-0.028977,-0.00103352,5.8758,5.2847,-0.2038,-30.5660,-0.8990,887.2434,150.0000,27.9800,5.2743,5.1431,5.1431,5.1431,5.1431,5.1431,36.5686,5.1431,0.0,1.0,7.110209,1.142458,29,34,2,2,0.12614358,-0.03445052,-0.89175317,0E-8,0.000000,0.893442,0.000000,0.98105665,2026-06-23,2026-07-08,2,68,33,16,0.125000,5.304964,4.761920,0.420479,,,,,,,,GLOBAL_BASELINE_NO_ENTITY_RANKING,,,NOT_APPLICABLE_GLOBAL_BASELINE,HF9g-P5,,,,X 全窗基线 · 不参与实体赏罚,3925298,393,A168_HF9F_20260827_0900,2026-08-27 09:00:00
2026-06-23,151954103,2173,0,46.2879625581,-15.9436315477,-15.9436315477,0.2857143,8,7,0.49771390000000000,0.498033071429,-1.1218082406523517,-1.1234941045362936,-1.1218082406523517,-0.00031917142900000,ELIGIBLE,R03b_20260811_FULL_v1,L1_ELIGIBILITY,v2026-08-11,2026-03-21..2026-08-06,baccarat_bet02_101_all_pairs_incl_sentinel,round_win = game_pnl > 0 (decisive only),COMPATIBILITY_ONLY_NOT_PRODUCTION,1774.4869,1585.4010,-61.1320,302,300,0.03445052,0.89175317,-0.08930348,0.03445052,61.1320,1774.4869,OK,0.0000,-1.8340,3.0000,97.0000,AG03-UNRESOLVED,ALL5_LEVELS_bet23_to_bet27,-1.8340,-1.8340,-1.8340,-2.4453,-2.4453,3.000000,3.000000,3.000000,4.000000,4.000000,97.000000,97.000000,97.000000,96.000000,96.000000,5.0,-10.3924,-9.7127,-50.7396,-51.4193,PENDING_AG03,FALSE,NOT_FOR_ENFORCEMENT,-59.2980,1537.8390,-61.1320,-59.2980,-1.8340,-0.03445052,-0.03341700,-1.8340,-59.2980,-0.03341700,-1.8340,-1.8340,-1.8340,-2.4453,-2.4453,-59.2980,-0.03341700,-10.3924,-9.7127,-50.7396,-51.4193,-0.02859393,-0.028977,-0.00103352,5.8758,5.2847,-0.2038,-30.5660,-0.8990,887.2434,150.0000,27.9800,5.2743,5.1431,5.1431,5.1431,5.1431,5.1431,36.5686,5.1431,0.0,1.0,7.110209,1.142458,29,34,2,2,0.12614358,-0.03445052,-0.89175317,0E-8,0.000000,0.893442,0.000000,0.98105665,2026-06-23,2026-07-08,2,68,33,16,0.125000,5.304964,4.761920,0.420479,,,,,,,,GLOBAL_BASELINE_NO_ENTITY_RANKING,,,NOT_APPLICABLE_GLOBAL_BASELINE,HF9g-P5,,,,X 全窗基线 · 不参与实体赏罚,3925299,393,A168_HF9F_20260827_0900,2026-08-27 09:00:00
2026-06-23,151954103,2177,0,25.7155347545,0E-10,0E-10,0.5000000,5,5,0.49324550000000000,0.493245500000,0.027020465636507562,0.027020465636507562,0.027020465636507562,0E-17,ELIGIBLE,R03b_20260811_FULL_v1,L1_ELIGIBILITY,v2026-08-11,2026-03-21..2026-08-06,baccarat_bet02_101_all_pairs_incl_sentinel,round_win = game_pnl > 0 (decisive only),COMPATIBILITY_ONLY_NOT_PRODUCTION,1774.4869,1585.4010,-61.1320,302,300,0.03445052,0.89175317,-0.08930348,0.03445052,61.1320,1774.4869,OK,0.0000,-1.8340,3.0000,97.0000,AG03-UNRESOLVED,ALL5_LEVELS_bet23_to_bet27,-1.8340,-1.8340,-1.8340,-2.4453,-2.4453,3.000000,3.000000,3.000000,4.000000,4.000000,97.000000,97.000000,97.000000,96.000000,96.000000,5.0,-10.3924,-9.7127,-50.7396,-51.4193,PENDING_AG03,FALSE,NOT_FOR_ENFORCEMENT,-59.2980,1537.8390,-61.1320,-59.2980,-1.8340,-0.03445052,-0.03341700,-1.8340,-59.2980,-0.03341700,-1.8340,-1.8340,-1.8340,-2.4453,-2.4453,-59.2980,-0.03341700,-10.3924,-9.7127,-50.7396,-51.4193,-0.02859393,-0.028977,-0.00103352,5.8758,5.2847,-0.2038,-30.5660,-0.8990,887.2434,150.0000,27.9800,5.2743,5.1431,5.1431,5.1431,5.1431,5.1431,36.5686,5.1431,0.0,1.0,7.110209,1.142458,29,34,2,2,0.12614358,-0.03445052,-0.89175317,0E-8,0.000000,0.893442,0.000000,0.98105665,2026-06-23,2026-07-08,2,68,33,16,0.125000,5.304964,4.761920,0.420479,,,,,,,,GLOBAL_BASELINE_NO_ENTITY_RANKING,,,NOT_APPLICABLE_GLOBAL_BASELINE,HF9g-P5,,,,X 全窗基线 · 不参与实体赏罚,3925300,393,A168_HF9F_20260827_0900,2026-08-27 09:00:00
2026-06-23,151954103,2208,0,30.8586417054,0E-10,0E-10,0.3333333,4,3,0.50329940000000000,0.504416500000,-0.5887925454369916,-0.5926725951415955,-0.5887925454369916,-0.00111710000000000,ELIGIBLE,R03b_20260811_FULL_v1,L1_ELIGIBILITY,v2026-08-11,2026-03-21..2026-08-06,baccarat_bet02_101_all_pairs_incl_sentinel,round_win = game_pnl > 0 (decisive only),COMPATIBILITY_ONLY_NOT_PRODUCTION,1774.4869,1585.4010,-61.1320,302,300,0.03445052,0.89175317,-0.08930348,0.03445052,61.1320,1774.4869,OK,0.0000,-1.8340,3.0000,97.0000,AG03-UNRESOLVED,ALL5_LEVELS_bet23_to_bet27,-1.8340,-1.8340,-1.8340,-2.4453,-2.4453,3.000000,3.000000,3.000000,4.000000,4.000000,97.000000,97.000000,97.000000,96.000000,96.000000,5.0,-10.3924,-9.7127,-50.7396,-51.4193,PENDING_AG03,FALSE,NOT_FOR_ENFORCEMENT,-59.2980,1537.8390,-61.1320,-59.2980,-1.8340,-0.03445052,-0.03341700,-1.8340,-59.2980,-0.03341700,-1.8340,-1.8340,-1.8340,-2.4453,-2.4453,-59.2980,-0.03341700,-10.3924,-9.7127,-50.7396,-51.4193,-0.02859393,-0.028977,-0.00103352,5.8758,5.2847,-0.2038,-30.5660,-0.8990,887.2434,150.0000,27.9800,5.2743,5.1431,5.1431,5.1431,5.1431,5.1431,36.5686,5.1431,0.0,1.0,7.110209,1.142458,29,34,2,2,0.12614358,-0.03445052,-0.89175317,0E-8,0.000000,0.893442,0.000000,0.98105665,2026-06-23,2026-07-08,2,68,33,16,0.125000,5.304964,4.761920,0.420479,,,,,,,,GLOBAL_BASELINE_NO_ENTITY_RANKING,,,NOT_APPLICABLE_GLOBAL_BASELINE,HF9g-P5,,,,X 全窗基线 · 不参与实体赏罚,3925301,393,A168_HF9F_20260827_0900,2026-08-27 09:00:00
2026-06-23,151954103,2212,0,51.4310695090,-0.5143106950,-0.5143106950,0.5000000,10,10,0.49726706000000000,0.497267060000,0.015460074195716421,0.015460074195716421,0.015460074195716421,0E-17,ELIGIBLE,R03b_20260811_FULL_v1,L1_ELIGIBILITY,v2026-08-11,2026-03-21..2026-08-06,baccarat_bet02_101_all_pairs_incl_sentinel,round_win = game_pnl > 0 (decisive only),COMPATIBILITY_ONLY_NOT_PRODUCTION,1774.4869,1585.4010,-61.1320,302,300,0.03445052,0.89175317,-0.08930348,0.03445052,61.1320,1774.4869,OK,0.0000,-1.8340,3.0000,97.0000,AG03-UNRESOLVED,ALL5_LEVELS_bet23_to_bet27,-1.8340,-1.8340,-1.8340,-2.4453,-2.4453,3.000000,3.000000,3.000000,4.000000,4.000000,97.000000,97.000000,97.000000,96.000000,96.000000,5.0,-10.3924,-9.7127,-50.7396,-51.4193,PENDING_AG03,FALSE,NOT_FOR_ENFORCEMENT,-59.2980,1537.8390,-61.1320,-59.2980,-1.8340,-0.03445052,-0.03341700,-1.8340,-59.2980,-0.03341700,-1.8340,-1.8340,-1.8340,-2.4453,-2.4453,-59.2980,-0.03341700,-10.3924,-9.7127,-50.7396,-51.4193,-0.02859393,-0.028977,-0.00103352,5.8758,5.2847,-0.2038,-30.5660,-0.8990,887.2434,150.0000,27.9800,5.2743,5.1431,5.1431,5.1431,5.1431,5.1431,36.5686,5.1431,0.0,1.0,7.110209,1.142458,29,34,2,2,0.12614358,-0.03445052,-0.89175317,0E-8,0.000000,0.893442,0.000000,0.98105665,2026-06-23,2026-07-08,2,68,33,16,0.125000,5.304964,4.761920,0.420479,,,,,,,,GLOBAL_BASELINE_NO_ENTITY_RANKING,,,NOT_APPLICABLE_GLOBAL_BASELINE,HF9g-P5,,,,X 全窗基线 · 不参与实体赏罚,3925302,393,A168_HF9F_20260827_0900,2026-08-27 09:00:00
2026-06-23,151954103,2220,0,30.8586417054,24.9440687120,24.9440687120,1.0000000,6,6,0.50218230000000000,0.502182300000,2.2263296407989763,2.2263296407989763,2.2263296407989763,0E-17,ELIGIBLE,R03b_20260811_FULL_v1,L1_ELIGIBILITY,v2026-08-11,2026-03-21..2026-08-06,baccarat_bet02_101_all_pairs_incl_sentinel,round_win = game_pnl > 0 (decisive only),COMPATIBILITY_ONLY_NOT_PRODUCTION,1774.4869,1585.4010,-61.1320,302,300,0.03445052,0.89175317,-0.08930348,0.03445052,61.1320,1774.4869,OK,0.0000,-1.8340,3.0000,97.0000,AG03-UNRESOLVED,ALL5_LEVELS_bet23_to_bet27,-1.8340,-1.8340,-1.8340,-2.4453,-2.4453,3.000000,3.000000,3.000000,4.000000,4.000000,97.000000,97.000000,97.000000,96.000000,96.000000,5.0,-10.3924,-9.7127,-50.7396,-51.4193,PENDING_AG03,FALSE,NOT_FOR_ENFORCEMENT,-59.2980,1537.8390,-61.1320,-59.2980,-1.8340,-0.03445052,-0.03341700,-1.8340,-59.2980,-0.03341700,-1.8340,-1.8340,-1.8340,-2.4453,-2.4453,-59.2980,-0.03341700,-10.3924,-9.7127,-50.7396,-51.4193,-0.02859393,-0.028977,-0.00103352,5.8758,5.2847,-0.2038,-30.5660,-0.8990,887.2434,150.0000,27.9800,5.2743,5.1431,5.1431,5.1431,5.1431,5.1431,36.5686,5.1431,0.0,1.0,7.110209,1.142458,29,34,2,2,0.12614358,-0.03445052,-0.89175317,0E-8,0.000000,0.893442,0.000000,0.98105665,2026-06-23,2026-07-08,2,68,33,16,0.125000,5.304964,4.761920,0.420479,,,,,,,,GLOBAL_BASELINE_NO_ENTITY_RANKING,,,NOT_APPLICABLE_GLOBAL_BASELINE,HF9g-P5,,,,X 全窗基线 · 不参与实体赏罚,3925303,393,A168_HF9F_20260827_0900,2026-08-27 09:00:00
2026-06-23,151954103,2222,0,25.7155347545,-5.1431069509,-5.1431069509,0.4000000,5,5,0.49860758000000000,0.498607580000,-0.440988213962219,-0.440988213962219,-0.440988213962219,0E-17,ELIGIBLE,R03b_20260811_FULL_v1,L1_ELIGIBILITY,v2026-08-11,2026-03-21..2026-08-06,baccarat_bet02_101_all_pairs_incl_sentinel,round_win = game_pnl > 0 (decisive only),COMPATIBILITY_ONLY_NOT_PRODUCTION,1774.4869,1585.4010,-61.1320,302,300,0.03445052,0.89175317,-0.08930348,0.03445052,61.1320,1774.4869,OK,0.0000,-1.8340,3.0000,97.0000,AG03-UNRESOLVED,ALL5_LEVELS_bet23_to_bet27,-1.8340,-1.8340,-1.8340,-2.4453,-2.4453,3.000000,3.000000,3.000000,4.000000,4.000000,97.000000,97.000000,97.000000,96.000000,96.000000,5.0,-10.3924,-9.7127,-50.7396,-51.4193,PENDING_AG03,FALSE,NOT_FOR_ENFORCEMENT,-59.2980,1537.8390,-61.1320,-59.2980,-1.8340,-0.03445052,-0.03341700,-1.8340,-59.2980,-0.03341700,-1.8340,-1.8340,-1.8340,-2.4453,-2.4453,-59.2980,-0.03341700,-10.3924,-9.7127,-50.7396,-51.4193,-0.02859393,-0.028977,-0.00103352,5.8758,5.2847,-0.2038,-30.5660,-0.8990,887.2434,150.0000,27.9800,5.2743,5.1431,5.1431,5.1431,5.1431,5.1431,36.5686,5.1431,0.0,1.0,7.110209,1.142458,29,34,2,2,0.12614358,-0.03445052,-0.89175317,0E-8,0.000000,0.893442,0.000000,0.98105665,2026-06-23,2026-07-08,2,68,33,16,0.125000,5.304964,4.761920,0.420479,,,,,,,,GLOBAL_BASELINE_NO_ENTITY_RANKING,,,NOT_APPLICABLE_GLOBAL_BASELINE,HF9g-P5,,,,X 全窗基线 · 不参与实体赏罚,3925304,393,A168_HF9F_20260827_0900,2026-08-27 09:00:00
2026-06-23,151954103,2224,0,20.5724278036,-5.4002622984,-5.4002622984,0.3333333,4,4,0.50665070000000000,0.506650700000,-0.6004420894325239,-0.6004420894325239,-0.6004420894325239,0E-17,ELIGIBLE,R03b_20260811_FULL_v1,L1_ELIGIBILITY,v2026-08-11,2026-03-21..2026-08-06,baccarat_bet02_101_all_pairs_incl_sentinel,round_win = game_pnl > 0 (decisive only),COMPATIBILITY_ONLY_NOT_PRODUCTION,1774.4869,1585.4010,-61.1320,302,300,0.03445052,0.89175317,-0.08930348,0.03445052,61.1320,1774.4869,OK,0.0000,-1.8340,3.0000,97.0000,AG03-UNRESOLVED,ALL5_LEVELS_bet23_to_bet27,-1.8340,-1.8340,-1.8340,-2.4453,-2.4453,3.000000,3.000000,3.000000,4.000000,4.000000,97.000000,97.000000,97.000000,96.000000,96.000000,5.0,-10.3924,-9.7127,-50.7396,-51.4193,PENDING_AG03,FALSE,NOT_FOR_ENFORCEMENT,-59.2980,1537.8390,-61.1320,-59.2980,-1.8340,-0.03445052,-0.03341700,-1.8340,-59.2980,-0.03341700,-1.8340,-1.8340,-1.8340,-2.4453,-2.4453,-59.2980,-0.03341700,-10.3924,-9.7127,-50.7396,-51.4193,-0.02859393,-0.028977,-0.00103352,5.8758,5.2847,-0.2038,-30.5660,-0.8990,887.2434,150.0000,27.9800,5.2743,5.1431,5.1431,5.1431,5.1431,5.1431,36.5686,5.1431,0.0,1.0,7.110209,1.142458,29,34,2,2,0.12614358,-0.03445052,-0.89175317,0E-8,0.000000,0.893442,0.000000,0.98105665,2026-06-23,2026-07-08,2,68,33,16,0.125000,5.304964,4.761920,0.420479,,,,,,,,GLOBAL_BASELINE_NO_ENTITY_RANKING,,,NOT_APPLICABLE_GLOBAL_BASELINE,HF9g-P5,,,,X 全窗基线 · 不参与实体赏罚,3925305,393,A168_HF9F_20260827_0900,2026-08-27 09:00:00
2026-06-23,151954103,2241,0,20.5724278036,-10.5433692493,-10.5433692493,0.2500000,4,4,0.49994810000000000,0.499948100000,-0.9997924053861017,-0.9997924053861017,-0.9997924053861017,0E-17,ELIGIBLE,R03b_20260811_FULL_v1,L1_ELIGIBILITY,v2026-08-11,2026-03-21..2026-08-06,baccarat_bet02_101_all_pairs_incl_sentinel,round_win = game_pnl > 0 (decisive only),COMPATIBILITY_ONLY_NOT_PRODUCTION,1774.4869,1585.4010,-61.1320,302,300,0.03445052,0.89175317,-0.08930348,0.03445052,61.1320,1774.4869,OK,0.0000,-1.8340,3.0000,97.0000,AG03-UNRESOLVED,ALL5_LEVELS_bet23_to_bet27,-1.8340,-1.8340,-1.8340,-2.4453,-2.4453,3.000000,3.000000,3.000000,4.000000,4.000000,97.000000,97.000000,97.000000,96.000000,96.000000,5.0,-10.3924,-9.7127,-50.7396,-51.4193,PENDING_AG03,FALSE,NOT_FOR_ENFORCEMENT,-59.2980,1537.8390,-61.1320,-59.2980,-1.8340,-0.03445052,-0.03341700,-1.8340,-59.2980,-0.03341700,-1.8340,-1.8340,-1.8340,-2.4453,-2.4453,-59.2980,-0.03341700,-10.3924,-9.7127,-50.7396,-51.4193,-0.02859393,-0.028977,-0.00103352,5.8758,5.2847,-0.2038,-30.5660,-0.8990,887.2434,150.0000,27.9800,5.2743,5.1431,5.1431,5.1431,5.1431,5.1431,36.5686,5.1431,0.0,1.0,7.110209,1.142458,29,34,2,2,0.12614358,-0.03445052,-0.89175317,0E-8,0.000000,0.893442,0.000000,0.98105665,2026-06-23,2026-07-08,2,68,33,16,0.125000,5.304964,4.761920,0.420479,,,,,,,,GLOBAL_BASELINE_NO_ENTITY_RANKING,,,NOT_APPLICABLE_GLOBAL_BASELINE,HF9g-P5,,,,X 全窗基线 · 不参与实体赏罚,3925306,393,A168_HF9F_20260827_0900,2026-08-27 09:00:00
2026-06-23,151954103,2251,0,64.2888368863,16.5865199168,16.5865199168,0.6000000,11,11,0.49933877272727273,0.499338772727,0.6366380572032987,0.6366380572050242,0.6366380572032987,2.7273E-13,ELIGIBLE,R03b_20260811_FULL_v1,L1_ELIGIBILITY,v2026-08-11,2026-03-21..2026-08-06,baccarat_bet02_101_all_pairs_incl_sentinel,round_win = game_pnl > 0 (decisive only),COMPATIBILITY_ONLY_NOT_PRODUCTION,1774.4869,1585.4010,-61.1320,302,300,0.03445052,0.89175317,-0.08930348,0.03445052,61.1320,1774.4869,OK,0.0000,-1.8340,3.0000,97.0000,AG03-UNRESOLVED,ALL5_LEVELS_bet23_to_bet27,-1.8340,-1.8340,-1.8340,-2.4453,-2.4453,3.000000,3.000000,3.000000,4.000000,4.000000,97.000000,97.000000,97.000000,96.000000,96.000000,5.0,-10.3924,-9.7127,-50.7396,-51.4193,PENDING_AG03,FALSE,NOT_FOR_ENFORCEMENT,-59.2980,1537.8390,-61.1320,-59.2980,-1.8340,-0.03445052,-0.03341700,-1.8340,-59.2980,-0.03341700,-1.8340,-1.8340,-1.8340,-2.4453,-2.4453,-59.2980,-0.03341700,-10.3924,-9.7127,-50.7396,-51.4193,-0.02859393,-0.028977,-0.00103352,5.8758,5.2847,-0.2038,-30.5660,-0.8990,887.2434,150.0000,27.9800,5.2743,5.1431,5.1431,5.1431,5.1431,5.1431,36.5686,5.1431,0.0,1.0,7.110209,1.142458,29,34,2,2,0.12614358,-0.03445052,-0.89175317,0E-8,0.000000,0.893442,0.000000,0.98105665,2026-06-23,2026-07-08,2,68,33,16,0.125000,5.304964,4.761920,0.420479,,,,,,,,GLOBAL_BASELINE_NO_ENTITY_RANKING,,,NOT_APPLICABLE_GLOBAL_BASELINE,HF9g-P5,,,,X 全窗基线 · 不参与实体赏罚,3925307,393,A168_HF9F_20260827_0900,2026-08-27 09:00:00
2026-06-23,151954103,2280,0,25.7155347545,15.1721655052,15.1721655052,0.8000000,5,5,0.49592654000000000,0.495926540000,1.359902984124143,1.359902984124143,1.359902984124143,0E-17,ELIGIBLE,R03b_20260811_FULL_v1,L1_ELIGIBILITY,v2026-08-11,2026-03-21..2026-08-06,baccarat_bet02_101_all_pairs_incl_sentinel,round_win = game_pnl > 0 (decisive only),COMPATIBILITY_ONLY_NOT_PRODUCTION,1774.4869,1585.4010,-61.1320,302,300,0.03445052,0.89175317,-0.08930348,0.03445052,61.1320,1774.4869,OK,0.0000,-1.8340,3.0000,97.0000,AG03-UNRESOLVED,ALL5_LEVELS_bet23_to_bet27,-1.8340,-1.8340,-1.8340,-2.4453,-2.4453,3.000000,3.000000,3.000000,4.000000,4.000000,97.000000,97.000000,97.000000,96.000000,96.000000,5.0,-10.3924,-9.7127,-50.7396,-51.4193,PENDING_AG03,FALSE,NOT_FOR_ENFORCEMENT,-59.2980,1537.8390,-61.1320,-59.2980,-1.8340,-0.03445052,-0.03341700,-1.8340,-59.2980,-0.03341700,-1.8340,-1.8340,-1.8340,-2.4453,-2.4453,-59.2980,-0.03341700,-10.3924,-9.7127,-50.7396,-51.4193,-0.02859393,-0.028977,-0.00103352,5.8758,5.2847,-0.2038,-30.5660,-0.8990,887.2434,150.0000,27.9800,5.2743,5.1431,5.1431,5.1431,5.1431,5.1431,36.5686,5.1431,0.0,1.0,7.110209,1.142458,29,34,2,2,0.12614358,-0.03445052,-0.89175317,0E-8,0.000000,0.893442,0.000000,0.98105665,2026-06-23,2026-07-08,2,68,33,16,0.125000,5.304964,4.761920,0.420479,,,,,,,,GLOBAL_BASELINE_NO_ENTITY_RANKING,,,NOT_APPLICABLE_GLOBAL_BASELINE,HF9g-P5,,,,X 全窗基线 · 不参与实体赏罚,3925308,393,A168_HF9F_20260827_0900,2026-08-27 09:00:00
2026-06-23,151954103,462,0,56.5741764599,-20.8295831511,-20.8295831511,0.3000000,11,11,0.50055742727272727,0.500557427273,-1.2684373319618214,-1.2684373319635474,-1.2684373319618214,-2.7273E-13,ELIGIBLE,R03b_20260811_FULL_v1,L1_ELIGIBILITY,v2026-08-11,2026-03-21..2026-08-06,baccarat_bet02_101_all_pairs_incl_sentinel,round_win = game_pnl > 0 (decisive only),COMPATIBILITY_ONLY_NOT_PRODUCTION,1774.4869,1585.4010,-61.1320,302,300,0.03445052,0.89175317,-0.08930348,0.03445052,61.1320,1774.4869,OK,0.0000,-1.8340,3.0000,97.0000,AG03-UNRESOLVED,ALL5_LEVELS_bet23_to_bet27,-1.8340,-1.8340,-1.8340,-2.4453,-2.4453,3.000000,3.000000,3.000000,4.000000,4.000000,97.000000,97.000000,97.000000,96.000000,96.000000,5.0,-10.3924,-9.7127,-50.7396,-51.4193,PENDING_AG03,FALSE,NOT_FOR_ENFORCEMENT,-59.2980,1537.8390,-61.1320,-59.2980,-1.8340,-0.03445052,-0.03341700,-1.8340,-59.2980,-0.03341700,-1.8340,-1.8340,-1.8340,-2.4453,-2.4453,-59.2980,-0.03341700,-10.3924,-9.7127,-50.7396,-51.4193,-0.02859393,-0.028977,-0.00103352,5.8758,5.2847,-0.2038,-30.5660,-0.8990,887.2434,150.0000,27.9800,5.2743,5.1431,5.1431,5.1431,5.1431,5.1431,36.5686,5.1431,0.0,1.0,7.110209,1.142458,29,34,2,2,0.12614358,-0.03445052,-0.89175317,0E-8,0.000000,0.893442,0.000000,0.98105665,2026-06-23,2026-07-08,2,68,33,16,0.125000,5.304964,4.761920,0.420479,,,,,,,,GLOBAL_BASELINE_NO_ENTITY_RANKING,,,NOT_APPLICABLE_GLOBAL_BASELINE,HF9g-P5,,,,X 全窗基线 · 不参与实体赏罚,3925309,393,A168_HF9F_20260827_0900,2026-08-27 09:00:00
2026-06-23,151954103,583,0,30.8586417054,-10.5433692493,-10.5433692493,0.3333333,6,6,0.50218230000000000,0.502182300000,-0.8271955028234007,-0.8271955028234007,-0.8271955028234007,0E-17,ELIGIBLE,R03b_20260811_FULL_v1,L1_ELIGIBILITY,v2026-08-11,2026-03-21..2026-08-06,baccarat_bet02_101_all_pairs_incl_sentinel,round_win = game_pnl > 0 (decisive only),COMPATIBILITY_ONLY_NOT_PRODUCTION,1774.4869,1585.4010,-61.1320,302,300,0.03445052,0.89175317,-0.08930348,0.03445052,61.1320,1774.4869,OK,0.0000,-1.8340,3.0000,97.0000,AG03-UNRESOLVED,ALL5_LEVELS_bet23_to_bet27,-1.8340,-1.8340,-1.8340,-2.4453,-2.4453,3.000000,3.000000,3.000000,4.000000,4.000000,97.000000,97.000000,97.000000,96.000000,96.000000,5.0,-10.3924,-9.7127,-50.7396,-51.4193,PENDING_AG03,FALSE,NOT_FOR_ENFORCEMENT,-59.2980,1537.8390,-61.1320,-59.2980,-1.8340,-0.03445052,-0.03341700,-1.8340,-59.2980,-0.03341700,-1.8340,-1.8340,-1.8340,-2.4453,-2.4453,-59.2980,-0.03341700,-10.3924,-9.7127,-50.7396,-51.4193,-0.02859393,-0.028977,-0.00103352,5.8758,5.2847,-0.2038,-30.5660,-0.8990,887.2434,150.0000,27.9800,5.2743,5.1431,5.1431,5.1431,5.1431,5.1431,36.5686,5.1431,0.0,1.0,7.110209,1.142458,29,34,2,2,0.12614358,-0.03445052,-0.89175317,0E-8,0.000000,0.893442,0.000000,0.98105665,2026-06-23,2026-07-08,2,68,33,16,0.125000,5.304964,4.761920,0.420479,,,,,,,,GLOBAL_BASELINE_NO_ENTITY_RANKING,,,NOT_APPLICABLE_GLOBAL_BASELINE,HF9g-P5,,,,X 全窗基线 · 不参与实体赏罚,3925310,393,A168_HF9F_20260827_0900,2026-08-27 09:00:00
2026-06-23,151954103,970,0,43.7164090827,-28.5442435775,-28.5442435775,0.1666667,7,7,0.50473567142857143,0.504735671429,-1.6562674095404992,-1.6562674095426126,-1.6562674095404992,-4.2857E-13,ELIGIBLE,R03b_20260811_FULL_v1,L1_ELIGIBILITY,v2026-08-11,2026-03-21..2026-08-06,baccarat_bet02_101_all_pairs_incl_sentinel,round_win = game_pnl > 0 (decisive only),COMPATIBILITY_ONLY_NOT_PRODUCTION,1774.4869,1585.4010,-61.1320,302,300,0.03445052,0.89175317,-0.08930348,0.03445052,61.1320,1774.4869,OK,0.0000,-1.8340,3.0000,97.0000,AG03-UNRESOLVED,ALL5_LEVELS_bet23_to_bet27,-1.8340,-1.8340,-1.8340,-2.4453,-2.4453,3.000000,3.000000,3.000000,4.000000,4.000000,97.000000,97.000000,97.000000,96.000000,96.000000,5.0,-10.3924,-9.7127,-50.7396,-51.4193,PENDING_AG03,FALSE,NOT_FOR_ENFORCEMENT,-59.2980,1537.8390,-61.1320,-59.2980,-1.8340,-0.03445052,-0.03341700,-1.8340,-59.2980,-0.03341700,-1.8340,-1.8340,-1.8340,-2.4453,-2.4453,-59.2980,-0.03341700,-10.3924,-9.7127,-50.7396,-51.4193,-0.02859393,-0.028977,-0.00103352,5.8758,5.2847,-0.2038,-30.5660,-0.8990,887.2434,150.0000,27.9800,5.2743,5.1431,5.1431,5.1431,5.1431,5.1431,36.5686,5.1431,0.0,1.0,7.110209,1.142458,29,34,2,2,0.12614358,-0.03445052,-0.89175317,0E-8,0.000000,0.893442,0.000000,0.98105665,2026-06-23,2026-07-08,2,68,33,16,0.125000,5.304964,4.761920,0.420479,,,,,,,,GLOBAL_BASELINE_NO_ENTITY_RANKING,,,NOT_APPLICABLE_GLOBAL_BASELINE,HF9g-P5,,,,X 全窗基线 · 不参与实体赏罚,3925311,393,A168_HF9F_20260827_0900,2026-08-27 09:00:00
2026-06-23,151954103,987,0,15.4293208527,-5.1431069509,-5.1431069509,0.3333333,3,3,0.49771390000000000,0.497713900000,-0.5694369385616226,-0.5694369385616226,-0.5694369385616226,0E-17,ELIGIBLE,R03b_20260811_FULL_v1,L1_ELIGIBILITY,v2026-08-11,2026-03-21..2026-08-06,baccarat_bet02_101_all_pairs_incl_sentinel,round_win = game_pnl > 0 (decisive only),COMPATIBILITY_ONLY_NOT_PRODUCTION,1774.4869,1585.4010,-61.1320,302,300,0.03445052,0.89175317,-0.08930348,0.03445052,61.1320,1774.4869,OK,0.0000,-1.8340,3.0000,97.0000,AG03-UNRESOLVED,ALL5_LEVELS_bet23_to_bet27,-1.8340,-1.8340,-1.8340,-2.4453,-2.4453,3.000000,3.000000,3.000000,4.000000,4.000000,97.000000,97.000000,97.000000,96.000000,96.000000,5.0,-10.3924,-9.7127,-50.7396,-51.4193,PENDING_AG03,FALSE,NOT_FOR_ENFORCEMENT,-59.2980,1537.8390,-61.1320,-59.2980,-1.8340,-0.03445052,-0.03341700,-1.8340,-59.2980,-0.03341700,-1.8340,-1.8340,-1.8340,-2.4453,-2.4453,-59.2980,-0.03341700,-10.3924,-9.7127,-50.7396,-51.4193,-0.02859393,-0.028977,-0.00103352,5.8758,5.2847,-0.2038,-30.5660,-0.8990,887.2434,150.0000,27.9800,5.2743,5.1431,5.1431,5.1431,5.1431,5.1431,36.5686,5.1431,0.0,1.0,7.110209,1.142458,29,34,2,2,0.12614358,-0.03445052,-0.89175317,0E-8,0.000000,0.893442,0.000000,0.98105665,2026-06-23,2026-07-08,2,68,33,16,0.125000,5.304964,4.761920,0.420479,,,,,,,,GLOBAL_BASELINE_NO_ENTITY_RANKING,,,NOT_APPLICABLE_GLOBAL_BASELINE,HF9g-P5,,,,X 全窗基线 · 不参与实体赏罚,3925312,393,A168_HF9F_20260827_0900,2026-08-27 09:00:00
2026-07-08,151954103,1004,0,49.0537784318,49.0537784318,49.0537784318,1.0000000,1,1,0.49324550000000000,0.493245500000,1.01360149184955,1.01360149184955,1.01360149184955,0E-17,ELIGIBLE,R03b_20260811_FULL_v1,L1_ELIGIBILITY,v2026-08-11,2026-03-21..2026-08-06,baccarat_bet02_101_all_pairs_incl_sentinel,round_win = game_pnl > 0 (decisive only),COMPATIBILITY_ONLY_NOT_PRODUCTION,1774.4869,1585.4010,-61.1320,302,300,0.03445052,0.89175317,-0.08930348,0.03445052,61.1320,1774.4869,OK,0.0000,-1.8340,3.0000,97.0000,AG03-UNRESOLVED,ALL5_LEVELS_bet23_to_bet27,-1.8340,-1.8340,-1.8340,-2.4453,-2.4453,3.000000,3.000000,3.000000,4.000000,4.000000,97.000000,97.000000,97.000000,96.000000,96.000000,5.0,-10.3924,-9.7127,-50.7396,-51.4193,PENDING_AG03,FALSE,NOT_FOR_ENFORCEMENT,-59.2980,1537.8390,-61.1320,-59.2980,-1.8340,-0.03445052,-0.03341700,-1.8340,-59.2980,-0.03341700,-1.8340,-1.8340,-1.8340,-2.4453,-2.4453,-59.2980,-0.03341700,-10.3924,-9.7127,-50.7396,-51.4193,-0.02859393,-0.028977,-0.00103352,5.8758,5.2847,-0.2038,-30.5660,-0.8990,887.2434,150.0000,27.9800,5.2743,5.1431,5.1431,5.1431,5.1431,5.1431,36.5686,5.1431,0.0,1.0,7.110209,1.142458,29,34,2,2,0.12614358,-0.03445052,-0.89175317,0E-8,0.000000,0.893442,0.000000,0.98105665,2026-06-23,2026-07-08,2,68,33,16,0.125000,5.304964,4.761920,0.420479,,,,,,,,GLOBAL_BASELINE_NO_ENTITY_RANKING,,,NOT_APPLICABLE_GLOBAL_BASELINE,HF9g-P5,,,,X 全窗基线 · 不参与实体赏罚,3925313,393,A168_HF9F_20260827_0900,2026-08-27 09:00:00
2026-07-08,151954103,1331,0,32.2722226525,18.7178891385,18.7178891385,1.0000000,3,3,0.50218230000000000,0.502182300000,1.4080544974538591,1.4080544974538591,1.4080544974538591,0E-17,ELIGIBLE,R03b_20260811_FULL_v1,L1_ELIGIBILITY,v2026-08-11,2026-03-21..2026-08-06,baccarat_bet02_101_all_pairs_incl_sentinel,round_win = game_pnl > 0 (decisive only),COMPATIBILITY_ONLY_NOT_PRODUCTION,1774.4869,1585.4010,-61.1320,302,300,0.03445052,0.89175317,-0.08930348,0.03445052,61.1320,1774.4869,OK,0.0000,-1.8340,3.0000,97.0000,AG03-UNRESOLVED,ALL5_LEVELS_bet23_to_bet27,-1.8340,-1.8340,-1.8340,-2.4453,-2.4453,3.000000,3.000000,3.000000,4.000000,4.000000,97.000000,97.000000,97.000000,96.000000,96.000000,5.0,-10.3924,-9.7127,-50.7396,-51.4193,PENDING_AG03,FALSE,NOT_FOR_ENFORCEMENT,-59.2980,1537.8390,-61.1320,-59.2980,-1.8340,-0.03445052,-0.03341700,-1.8340,-59.2980,-0.03341700,-1.8340,-1.8340,-1.8340,-2.4453,-2.4453,-59.2980,-0.03341700,-10.3924,-9.7127,-50.7396,-51.4193,-0.02859393,-0.028977,-0.00103352,5.8758,5.2847,-0.2038,-30.5660,-0.8990,887.2434,150.0000,27.9800,5.2743,5.1431,5.1431,5.1431,5.1431,5.1431,36.5686,5.1431,0.0,1.0,7.110209,1.142458,29,34,2,2,0.12614358,-0.03445052,-0.89175317,0E-8,0.000000,0.893442,0.000000,0.98105665,2026-06-23,2026-07-08,2,68,33,16,0.125000,5.304964,4.761920,0.420479,,,,,,,,GLOBAL_BASELINE_NO_ENTITY_RANKING,,,NOT_APPLICABLE_GLOBAL_BASELINE,HF9g-P5,,,,X 全窗基线 · 不参与实体赏罚,3925314,393,A168_HF9F_20260827_0900,2026-08-27 09:00:00
2026-07-08,151954103,1402,0,25.0432447784,23.7910825394,23.7910825394,1.0000000,1,1,0.50665070000000000,0.506650700000,0.9867858985152569,0.9867858985152569,0.9867858985152569,0E-17,ELIGIBLE,R03b_20260811_FULL_v1,L1_ELIGIBILITY,v2026-08-11,2026-03-21..2026-08-06,baccarat_bet02_101_all_pairs_incl_sentinel,round_win = game_pnl > 0 (decisive only),COMPATIBILITY_ONLY_NOT_PRODUCTION,1774.4869,1585.4010,-61.1320,302,300,0.03445052,0.89175317,-0.08930348,0.03445052,61.1320,1774.4869,OK,0.0000,-1.8340,3.0000,97.0000,AG03-UNRESOLVED,ALL5_LEVELS_bet23_to_bet27,-1.8340,-1.8340,-1.8340,-2.4453,-2.4453,3.000000,3.000000,3.000000,4.000000,4.000000,97.000000,97.000000,97.000000,96.000000,96.000000,5.0,-10.3924,-9.7127,-50.7396,-51.4193,PENDING_AG03,FALSE,NOT_FOR_ENFORCEMENT,-59.2980,1537.8390,-61.1320,-59.2980,-1.8340,-0.03445052,-0.03341700,-1.8340,-59.2980,-0.03341700,-1.8340,-1.8340,-1.8340,-2.4453,-2.4453,-59.2980,-0.03341700,-10.3924,-9.7127,-50.7396,-51.4193,-0.02859393,-0.028977,-0.00103352,5.8758,5.2847,-0.2038,-30.5660,-0.8990,887.2434,150.0000,27.9800,5.2743,5.1431,5.1431,5.1431,5.1431,5.1431,36.5686,5.1431,0.0,1.0,7.110209,1.142458,29,34,2,2,0.12614358,-0.03445052,-0.89175317,0E-8,0.000000,0.893442,0.000000,0.98105665,2026-06-23,2026-07-08,2,68,33,16,0.125000,5.304964,4.761920,0.420479,,,,,,,,GLOBAL_BASELINE_NO_ENTITY_RANKING,,,NOT_APPLICABLE_GLOBAL_BASELINE,HF9g-P5,,,,X 全窗基线 · 不参与实体赏罚,3925315,393,A168_HF9F_20260827_0900,2026-08-27 09:00:00
2026-07-08,151954103,2169,0,117.4708904551,108.0474014406,108.0474014406,1.0000000,3,3,0.49771390000000000,0.497713900000,1.4206944795187548,1.420694479518755,1.4206944795187548,0E-17,ELIGIBLE,R03b_20260811_FULL_v1,L1_ELIGIBILITY,v2026-08-11,2026-03-21..2026-08-06,baccarat_bet02_101_all_pairs_incl_sentinel,round_win = game_pnl > 0 (decisive only),COMPATIBILITY_ONLY_NOT_PRODUCTION,1774.4869,1585.4010,-61.1320,302,300,0.03445052,0.89175317,-0.08930348,0.03445052,61.1320,1774.4869,OK,0.0000,-1.8340,3.0000,97.0000,AG03-UNRESOLVED,ALL5_LEVELS_bet23_to_bet27,-1.8340,-1.8340,-1.8340,-2.4453,-2.4453,3.000000,3.000000,3.000000,4.000000,4.000000,97.000000,97.000000,97.000000,96.000000,96.000000,5.0,-10.3924,-9.7127,-50.7396,-51.4193,PENDING_AG03,FALSE,NOT_FOR_ENFORCEMENT,-59.2980,1537.8390,-61.1320,-59.2980,-1.8340,-0.03445052,-0.03341700,-1.8340,-59.2980,-0.03341700,-1.8340,-1.8340,-1.8340,-2.4453,-2.4453,-59.2980,-0.03341700,-10.3924,-9.7127,-50.7396,-51.4193,-0.02859393,-0.028977,-0.00103352,5.8758,5.2847,-0.2038,-30.5660,-0.8990,887.2434,150.0000,27.9800,5.2743,5.1431,5.1431,5.1431,5.1431,5.1431,36.5686,5.1431,0.0,1.0,7.110209,1.142458,29,34,2,2,0.12614358,-0.03445052,-0.89175317,0E-8,0.000000,0.893442,0.000000,0.98105665,2026-06-23,2026-07-08,2,68,33,16,0.125000,5.304964,4.761920,0.420479,,,,,,,,GLOBAL_BASELINE_NO_ENTITY_RANKING,,,NOT_APPLICABLE_GLOBAL_BASELINE,HF9g-P5,,,,X 全窗基线 · 不参与实体赏罚,3925316,393,A168_HF9F_20260827_0900,2026-08-27 09:00:00
2026-08-03,153786577,2141,0,89.3843269206,48.2880846582,48.2880846582,0.6666667,3,3,0.49324550000000000,0.493245500000,0.6008033672792107,0.6008033672792106,0.6008033672792107,0E-17,ELIGIBLE,R03b_20260811_FULL_v1,L1_ELIGIBILITY,v2026-08-11,2026-03-21..2026-08-06,baccarat_bet02_101_all_pairs_incl_sentinel,round_win = game_pnl > 0 (decisive only),COMPATIBILITY_ONLY_NOT_PRODUCTION,102.2269,102.2269,-61.1307,4,4,0.59798995,0.59798995,,0.59798995,61.1307,102.2269,THIN_EXPOSURE,0.0000,-1.8339,3.0000,97.0000,AG03-UNRESOLVED,ALL5_LEVELS_bet23_to_bet27,-1.8339,-1.8339,-1.8339,-2.4452,-2.4452,3.000000,3.000000,3.000000,4.000000,4.000000,97.000000,97.000000,97.000000,96.000000,96.000000,5.0,-10.3922,-9.7125,-50.7384,-51.4182,PENDING_AG03,FALSE,NOT_FOR_ENFORCEMENT,-59.2967,99.1601,-61.1307,-59.2967,-1.8339,-0.59798995,-0.58005025,-1.8339,-59.2967,-0.58005025,-1.8339,-1.8339,-1.8339,-2.4452,-2.4452,-59.2967,-0.58005025,-10.3922,-9.7125,-50.7384,-51.4182,-0.49633166,-0.50298097,-0.01793970,25.5567,25.5567,-15.2827,-61.1307,-61.1307,102.2269,4.0000,25.5567,,16.6953,25.1714,34.4181,39.0414,39.0414,39.0414,25.1714,21.3187,1.55102,1.55102,1.015306,1,2,1,1,1.00000000,-0.59798995,-0.59798995,0E-8,0.000000,1.000000,0.000000,,2026-08-03,2026-08-03,1,1,1,1,1.000000,,1.000000,3.333333,,,,,,,,GLOBAL_BASELINE_NO_ENTITY_RANKING,,,NOT_APPLICABLE_GLOBAL_BASELINE,HF9g-P5,,,,X 全窗基线 · 不参与实体赏罚,3925317,393,A168_HF9F_20260827_0900,2026-08-27 09:00:00
2026-08-03,153786577,2288,0,12.8425757070,12.8425757070,12.8425757070,1.0000000,1,1,0.49324550000000000,0.493245500000,1.01360149184955,1.01360149184955,1.01360149184955,0E-17,ELIGIBLE,R03b_20260811_FULL_v1,L1_ELIGIBILITY,v2026-08-11,2026-03-21..2026-08-06,baccarat_bet02_101_all_pairs_incl_sentinel,round_win = game_pnl > 0 (decisive only),COMPATIBILITY_ONLY_NOT_PRODUCTION,102.2269,102.2269,-61.1307,4,4,0.59798995,0.59798995,,0.59798995,61.1307,102.2269,THIN_EXPOSURE,0.0000,-1.8339,3.0000,97.0000,AG03-UNRESOLVED,ALL5_LEVELS_bet23_to_bet27,-1.8339,-1.8339,-1.8339,-2.4452,-2.4452,3.000000,3.000000,3.000000,4.000000,4.000000,97.000000,97.000000,97.000000,96.000000,96.000000,5.0,-10.3922,-9.7125,-50.7384,-51.4182,PENDING_AG03,FALSE,NOT_FOR_ENFORCEMENT,-59.2967,99.1601,-61.1307,-59.2967,-1.8339,-0.59798995,-0.58005025,-1.8339,-59.2967,-0.58005025,-1.8339,-1.8339,-1.8339,-2.4452,-2.4452,-59.2967,-0.58005025,-10.3922,-9.7125,-50.7384,-51.4182,-0.49633166,-0.50298097,-0.01793970,25.5567,25.5567,-15.2827,-61.1307,-61.1307,102.2269,4.0000,25.5567,,16.6953,25.1714,34.4181,39.0414,39.0414,39.0414,25.1714,21.3187,1.55102,1.55102,1.015306,1,2,1,1,1.00000000,-0.59798995,-0.59798995,0E-8,0.000000,1.000000,0.000000,,2026-08-03,2026-08-03,1,1,1,1,1.000000,,1.000000,3.333333,,,,,,,,GLOBAL_BASELINE_NO_ENTITY_RANKING,,,NOT_APPLICABLE_GLOBAL_BASELINE,HF9g-P5,,,,X 全窗基线 · 不参与实体赏罚,3925318,393,A168_HF9F_20260827_0900,2026-08-27 09:00:00
2026-03-23,123633016,-1,1,582.9844379497,-45.0272533376,-45.0272533376,0.5000000,20,20,0.50195888000000000,0.501958880000,-0.01662177554137299,-0.01662177554137299,-0.01662177554137299,0E-17,SENTINEL_DEALER,R03b_20260811_FULL_v1,L1_ELIGIBILITY,v2026-08-11,2026-03-21..2026-08-06,baccarat_bet02_101_all_pairs_incl_sentinel,round_win = game_pnl > 0 (decisive only),COMPATIBILITY_ONLY_NOT_PRODUCTION,52336.9300,47513.8143,-61.7654,1417,1414,0.00118015,-0.01250000,0.00119359,0.00118015,61.7654,52336.9300,OK,0.0000,-2.4706,4.0000,96.0000,AG03-UNRESOLVED,ALL5_LEVELS_bet23_to_bet27,-2.4706,-2.4706,-2.4706,-2.4706,-2.4706,4.000000,4.000000,4.000000,4.000000,4.000000,96.000000,96.000000,96.000000,96.000000,96.000000,5.0,-12.3531,-11.4036,-49.4123,-50.3618,PENDING_AG03,FALSE,NOT_FOR_ENFORCEMENT,-59.2948,45613.2617,-61.7654,-59.2948,-2.4706,-0.00118015,-0.00113294,-2.4706,-59.2948,-0.00113294,-2.4706,-2.4706,-2.4706,-2.4706,-2.4706,-59.2948,-0.00113294,-12.3531,-11.4036,-49.4123,-50.3618,-0.00094412,-0.00096226,-0.00004721,36.9350,33.6024,-0.0437,-3.2508,-0.1159,2754.5753,74.4211,12.8426,37.0032,13.1659,26.3317,52.6635,71.0957,102.6937,147.4577,26.3317,0.0,3.9,5.6,1.402681,30,147,41,3,0.00098153,-0.00118015,0.01250000,0E-8,0.000000,0.907845,0.000000,-0.01369359,2026-03-23,2026-08-06,19,533,225,137,0.138686,0.347066,0.347707,0.003272,,,,,,,,GLOBAL_BASELINE_NO_ENTITY_RANKING,,,NOT_APPLICABLE_GLOBAL_BASELINE,HF9g-P5,,,,X 全窗基线 · 不参与实体赏罚,3925319,393,A168_HF9F_20260827_0900,2026-08-27 09:00:00
2026-03-23,123633016,1017,0,133.5018563868,-55.8232614477,-55.8232614477,0.3333333,4,4,0.49994810000000000,0.499948100000,-0.5771704854251445,-0.5771704854251445,-0.5771704854251445,0E-17,ELIGIBLE,R03b_20260811_FULL_v1,L1_ELIGIBILITY,v2026-08-11,2026-03-21..2026-08-06,baccarat_bet02_101_all_pairs_incl_sentinel,round_win = game_pnl > 0 (decisive only),COMPATIBILITY_ONLY_NOT_PRODUCTION,52336.9300,47513.8143,-61.7654,1417,1414,0.00118015,-0.01250000,0.00119359,0.00118015,61.7654,52336.9300,OK,0.0000,-2.4706,4.0000,96.0000,AG03-UNRESOLVED,ALL5_LEVELS_bet23_to_bet27,-2.4706,-2.4706,-2.4706,-2.4706,-2.4706,4.000000,4.000000,4.000000,4.000000,4.000000,96.000000,96.000000,96.000000,96.000000,96.000000,5.0,-12.3531,-11.4036,-49.4123,-50.3618,PENDING_AG03,FALSE,NOT_FOR_ENFORCEMENT,-59.2948,45613.2617,-61.7654,-59.2948,-2.4706,-0.00118015,-0.00113294,-2.4706,-59.2948,-0.00113294,-2.4706,-2.4706,-2.4706,-2.4706,-2.4706,-59.2948,-0.00113294,-12.3531,-11.4036,-49.4123,-50.3618,-0.00094412,-0.00096226,-0.00004721,36.9350,33.6024,-0.0437,-3.2508,-0.1159,2754.5753,74.4211,12.8426,37.0032,13.1659,26.3317,52.6635,71.0957,102.6937,147.4577,26.3317,0.0,3.9,5.6,1.402681,30,147,41,3,0.00098153,-0.00118015,0.01250000,0E-8,0.000000,0.907845,0.000000,-0.01369359,2026-03-23,2026-08-06,19,533,225,137,0.138686,0.347066,0.347707,0.003272,,,,,,,,GLOBAL_BASELINE_NO_ENTITY_RANKING,,,NOT_APPLICABLE_GLOBAL_BASELINE,HF9g-P5,,,,X 全窗基线 · 不参与实体赏罚,3925320,393,A168_HF9F_20260827_0900,2026-08-27 09:00:00
2026-03-23,123633016,1105,0,484.5037786029,40.8141770018,40.8141770018,0.6250000,8,8,0.49659680000000000,0.496596800000,0.7263750131803139,0.726375013180314,0.7263750131803139,0E-17,ELIGIBLE,R03b_20260811_FULL_v1,L1_ELIGIBILITY,v2026-08-11,2026-03-21..2026-08-06,baccarat_bet02_101_all_pairs_incl_sentinel,round_win = game_pnl > 0 (decisive only),COMPATIBILITY_ONLY_NOT_PRODUCTION,52336.9300,47513.8143,-61.7654,1417,1414,0.00118015,-0.01250000,0.00119359,0.00118015,61.7654,52336.9300,OK,0.0000,-2.4706,4.0000,96.0000,AG03-UNRESOLVED,ALL5_LEVELS_bet23_to_bet27,-2.4706,-2.4706,-2.4706,-2.4706,-2.4706,4.000000,4.000000,4.000000,4.000000,4.000000,96.000000,96.000000,96.000000,96.000000,96.000000,5.0,-12.3531,-11.4036,-49.4123,-50.3618,PENDING_AG03,FALSE,NOT_FOR_ENFORCEMENT,-59.2948,45613.2617,-61.7654,-59.2948,-2.4706,-0.00118015,-0.00113294,-2.4706,-59.2948,-0.00113294,-2.4706,-2.4706,-2.4706,-2.4706,-2.4706,-59.2948,-0.00113294,-12.3531,-11.4036,-49.4123,-50.3618,-0.00094412,-0.00096226,-0.00004721,36.9350,33.6024,-0.0437,-3.2508,-0.1159,2754.5753,74.4211,12.8426,37.0032,13.1659,26.3317,52.6635,71.0957,102.6937,147.4577,26.3317,0.0,3.9,5.6,1.402681,30,147,41,3,0.00098153,-0.00118015,0.01250000,0E-8,0.000000,0.907845,0.000000,-0.01369359,2026-03-23,2026-08-06,19,533,225,137,0.138686,0.347066,0.347707,0.003272,,,,,,,,GLOBAL_BASELINE_NO_ENTITY_RANKING,,,NOT_APPLICABLE_GLOBAL_BASELINE,HF9g-P5,,,,X 全窗基线 · 不参与实体赏罚,3925321,393,A168_HF9F_20260827_0900,2026-08-27 09:00:00
2026-03-23,123633016,1210,0,194.8547805252,-92.1610448430,-92.1610448430,0.2500000,4,4,0.49994810000000000,0.499948100000,-0.9997924053861017,-0.9997924053861017,-0.9997924053861017,0E-17,ELIGIBLE,R03b_20260811_FULL_v1,L1_ELIGIBILITY,v2026-08-11,2026-03-21..2026-08-06,baccarat_bet02_101_all_pairs_incl_sentinel,round_win = game_pnl > 0 (decisive only),COMPATIBILITY_ONLY_NOT_PRODUCTION,52336.9300,47513.8143,-61.7654,1417,1414,0.00118015,-0.01250000,0.00119359,0.00118015,61.7654,52336.9300,OK,0.0000,-2.4706,4.0000,96.0000,AG03-UNRESOLVED,ALL5_LEVELS_bet23_to_bet27,-2.4706,-2.4706,-2.4706,-2.4706,-2.4706,4.000000,4.000000,4.000000,4.000000,4.000000,96.000000,96.000000,96.000000,96.000000,96.000000,5.0,-12.3531,-11.4036,-49.4123,-50.3618,PENDING_AG03,FALSE,NOT_FOR_ENFORCEMENT,-59.2948,45613.2617,-61.7654,-59.2948,-2.4706,-0.00118015,-0.00113294,-2.4706,-59.2948,-0.00113294,-2.4706,-2.4706,-2.4706,-2.4706,-2.4706,-59.2948,-0.00113294,-12.3531,-11.4036,-49.4123,-50.3618,-0.00094412,-0.00096226,-0.00004721,36.9350,33.6024,-0.0437,-3.2508,-0.1159,2754.5753,74.4211,12.8426,37.0032,13.1659,26.3317,52.6635,71.0957,102.6937,147.4577,26.3317,0.0,3.9,5.6,1.402681,30,147,41,3,0.00098153,-0.00118015,0.01250000,0E-8,0.000000,0.907845,0.000000,-0.01369359,2026-03-23,2026-08-06,19,533,225,137,0.138686,0.347066,0.347707,0.003272,,,,,,,,GLOBAL_BASELINE_NO_ENTITY_RANKING,,,NOT_APPLICABLE_GLOBAL_BASELINE,HF9g-P5,,,,X 全窗基线 · 不参与实体赏罚,3925322,393,A168_HF9F_20260827_0900,2026-08-27 09:00:00
2026-03-23,123633016,1323,0,194.8547805252,25.9367511915,25.9367511915,0.6666667,6,6,0.50665070000000000,0.506650700000,0.7839842952205449,0.7839842952205449,0.7839842952205449,0E-17,ELIGIBLE,R03b_20260811_FULL_v1,L1_ELIGIBILITY,v2026-08-11,2026-03-21..2026-08-06,baccarat_bet02_101_all_pairs_incl_sentinel,round_win = game_pnl > 0 (decisive only),COMPATIBILITY_ONLY_NOT_PRODUCTION,52336.9300,47513.8143,-61.7654,1417,1414,0.00118015,-0.01250000,0.00119359,0.00118015,61.7654,52336.9300,OK,0.0000,-2.4706,4.0000,96.0000,AG03-UNRESOLVED,ALL5_LEVELS_bet23_to_bet27,-2.4706,-2.4706,-2.4706,-2.4706,-2.4706,4.000000,4.000000,4.000000,4.000000,4.000000,96.000000,96.000000,96.000000,96.000000,96.000000,5.0,-12.3531,-11.4036,-49.4123,-50.3618,PENDING_AG03,FALSE,NOT_FOR_ENFORCEMENT,-59.2948,45613.2617,-61.7654,-59.2948,-2.4706,-0.00118015,-0.00113294,-2.4706,-59.2948,-0.00113294,-2.4706,-2.4706,-2.4706,-2.4706,-2.4706,-59.2948,-0.00113294,-12.3531,-11.4036,-49.4123,-50.3618,-0.00094412,-0.00096226,-0.00004721,36.9350,33.6024,-0.0437,-3.2508,-0.1159,2754.5753,74.4211,12.8426,37.0032,13.1659,26.3317,52.6635,71.0957,102.6937,147.4577,26.3317,0.0,3.9,5.6,1.402681,30,147,41,3,0.00098153,-0.00118015,0.01250000,0E-8,0.000000,0.907845,0.000000,-0.01369359,2026-03-23,2026-08-06,19,533,225,137,0.138686,0.347066,0.347707,0.003272,,,,,,,,GLOBAL_BASELINE_NO_ENTITY_RANKING,,,NOT_APPLICABLE_GLOBAL_BASELINE,HF9g-P5,,,,X 全窗基线 · 不参与实体赏罚,3925323,393,A168_HF9F_20260827_0900,2026-08-27 09:00:00
2026-03-23,123633016,1363,0,181.6889169762,23.6985543882,23.6985543882,0.6000000,5,5,0.50396966000000000,0.503969660000,0.4294742719815242,0.4294742719815242,0.4294742719815242,0E-17,ELIGIBLE,R03b_20260811_FULL_v1,L1_ELIGIBILITY,v2026-08-11,2026-03-21..2026-08-06,baccarat_bet02_101_all_pairs_incl_sentinel,round_win = game_pnl > 0 (decisive only),COMPATIBILITY_ONLY_NOT_PRODUCTION,52336.9300,47513.8143,-61.7654,1417,1414,0.00118015,-0.01250000,0.00119359,0.00118015,61.7654,52336.9300,OK,0.0000,-2.4706,4.0000,96.0000,AG03-UNRESOLVED,ALL5_LEVELS_bet23_to_bet27,-2.4706,-2.4706,-2.4706,-2.4706,-2.4706,4.000000,4.000000,4.000000,4.000000,4.000000,96.000000,96.000000,96.000000,96.000000,96.000000,5.0,-12.3531,-11.4036,-49.4123,-50.3618,PENDING_AG03,FALSE,NOT_FOR_ENFORCEMENT,-59.2948,45613.2617,-61.7654,-59.2948,-2.4706,-0.00118015,-0.00113294,-2.4706,-59.2948,-0.00113294,-2.4706,-2.4706,-2.4706,-2.4706,-2.4706,-59.2948,-0.00113294,-12.3531,-11.4036,-49.4123,-50.3618,-0.00094412,-0.00096226,-0.00004721,36.9350,33.6024,-0.0437,-3.2508,-0.1159,2754.5753,74.4211,12.8426,37.0032,13.1659,26.3317,52.6635,71.0957,102.6937,147.4577,26.3317,0.0,3.9,5.6,1.402681,30,147,41,3,0.00098153,-0.00118015,0.01250000,0E-8,0.000000,0.907845,0.000000,-0.01369359,2026-03-23,2026-08-06,19,533,225,137,0.138686,0.347066,0.347707,0.003272,,,,,,,,GLOBAL_BASELINE_NO_ENTITY_RANKING,,,NOT_APPLICABLE_GLOBAL_BASELINE,HF9g-P5,,,,X 全窗基线 · 不参与实体赏罚,3925324,393,A168_HF9F_20260827_0900,2026-08-27 09:00:00
2026-03-23,123633016,1385,0,26.3317270980,-26.3317270980,-26.3317270980,0E-7,1,1,0.49324550000000000,0.493245500000,-0.9865810262130424,-0.9865810262130424,-0.9865810262130424,0E-17,ELIGIBLE,R03b_20260811_FULL_v1,L1_ELIGIBILITY,v2026-08-11,2026-03-21..2026-08-06,baccarat_bet02_101_all_pairs_incl_sentinel,round_win = game_pnl > 0 (decisive only),COMPATIBILITY_ONLY_NOT_PRODUCTION,52336.9300,47513.8143,-61.7654,1417,1414,0.00118015,-0.01250000,0.00119359,0.00118015,61.7654,52336.9300,OK,0.0000,-2.4706,4.0000,96.0000,AG03-UNRESOLVED,ALL5_LEVELS_bet23_to_bet27,-2.4706,-2.4706,-2.4706,-2.4706,-2.4706,4.000000,4.000000,4.000000,4.000000,4.000000,96.000000,96.000000,96.000000,96.000000,96.000000,5.0,-12.3531,-11.4036,-49.4123,-50.3618,PENDING_AG03,FALSE,NOT_FOR_ENFORCEMENT,-59.2948,45613.2617,-61.7654,-59.2948,-2.4706,-0.00118015,-0.00113294,-2.4706,-59.2948,-0.00113294,-2.4706,-2.4706,-2.4706,-2.4706,-2.4706,-59.2948,-0.00113294,-12.3531,-11.4036,-49.4123,-50.3618,-0.00094412,-0.00096226,-0.00004721,36.9350,33.6024,-0.0437,-3.2508,-0.1159,2754.5753,74.4211,12.8426,37.0032,13.1659,26.3317,52.6635,71.0957,102.6937,147.4577,26.3317,0.0,3.9,5.6,1.402681,30,147,41,3,0.00098153,-0.00118015,0.01250000,0E-8,0.000000,0.907845,0.000000,-0.01369359,2026-03-23,2026-08-06,19,533,225,137,0.138686,0.347066,0.347707,0.003272,,,,,,,,GLOBAL_BASELINE_NO_ENTITY_RANKING,,,NOT_APPLICABLE_GLOBAL_BASELINE,HF9g-P5,,,,X 全窗基线 · 不参与实体赏罚,3925325,393,A168_HF9F_20260827_0900,2026-08-27 09:00:00
2026-03-23,123633016,1393,0,708.3234589357,473.9710877638,473.9710877638,0.9000000,11,11,0.49568280909090909,0.495682809091,2.557221766345434,2.5572217663448553,2.557221766345434,-9.091E-14,ELIGIBLE,R03b_20260811_FULL_v1,L1_ELIGIBILITY,v2026-08-11,2026-03-21..2026-08-06,baccarat_bet02_101_all_pairs_incl_sentinel,round_win = game_pnl > 0 (decisive only),COMPATIBILITY_ONLY_NOT_PRODUCTION,52336.9300,47513.8143,-61.7654,1417,1414,0.00118015,-0.01250000,0.00119359,0.00118015,61.7654,52336.9300,OK,0.0000,-2.4706,4.0000,96.0000,AG03-UNRESOLVED,ALL5_LEVELS_bet23_to_bet27,-2.4706,-2.4706,-2.4706,-2.4706,-2.4706,4.000000,4.000000,4.000000,4.000000,4.000000,96.000000,96.000000,96.000000,96.000000,96.000000,5.0,-12.3531,-11.4036,-49.4123,-50.3618,PENDING_AG03,FALSE,NOT_FOR_ENFORCEMENT,-59.2948,45613.2617,-61.7654,-59.2948,-2.4706,-0.00118015,-0.00113294,-2.4706,-59.2948,-0.00113294,-2.4706,-2.4706,-2.4706,-2.4706,-2.4706,-59.2948,-0.00113294,-12.3531,-11.4036,-49.4123,-50.3618,-0.00094412,-0.00096226,-0.00004721,36.9350,33.6024,-0.0437,-3.2508,-0.1159,2754.5753,74.4211,12.8426,37.0032,13.1659,26.3317,52.6635,71.0957,102.6937,147.4577,26.3317,0.0,3.9,5.6,1.402681,30,147,41,3,0.00098153,-0.00118015,0.01250000,0E-8,0.000000,0.907845,0.000000,-0.01369359,2026-03-23,2026-08-06,19,533,225,137,0.138686,0.347066,0.347707,0.003272,,,,,,,,GLOBAL_BASELINE_NO_ENTITY_RANKING,,,NOT_APPLICABLE_GLOBAL_BASELINE,HF9g-P5,,,,X 全窗基线 · 不参与实体赏罚,3925326,393,A168_HF9F_20260827_0900,2026-08-27 09:00:00
2026-03-23,123633016,1400,0,131.6586354900,-28.9648998078,-28.9648998078,0.2500000,4,4,0.50329940000000000,0.503299400000,-1.013219660140378,-1.013219660140378,-1.013219660140378,0E-17,ELIGIBLE,R03b_20260811_FULL_v1,L1_ELIGIBILITY,v2026-08-11,2026-03-21..2026-08-06,baccarat_bet02_101_all_pairs_incl_sentinel,round_win = game_pnl > 0 (decisive only),COMPATIBILITY_ONLY_NOT_PRODUCTION,52336.9300,47513.8143,-61.7654,1417,1414,0.00118015,-0.01250000,0.00119359,0.00118015,61.7654,52336.9300,OK,0.0000,-2.4706,4.0000,96.0000,AG03-UNRESOLVED,ALL5_LEVELS_bet23_to_bet27,-2.4706,-2.4706,-2.4706,-2.4706,-2.4706,4.000000,4.000000,4.000000,4.000000,4.000000,96.000000,96.000000,96.000000,96.000000,96.000000,5.0,-12.3531,-11.4036,-49.4123,-50.3618,PENDING_AG03,FALSE,NOT_FOR_ENFORCEMENT,-59.2948,45613.2617,-61.7654,-59.2948,-2.4706,-0.00118015,-0.00113294,-2.4706,-59.2948,-0.00113294,-2.4706,-2.4706,-2.4706,-2.4706,-2.4706,-59.2948,-0.00113294,-12.3531,-11.4036,-49.4123,-50.3618,-0.00094412,-0.00096226,-0.00004721,36.9350,33.6024,-0.0437,-3.2508,-0.1159,2754.5753,74.4211,12.8426,37.0032,13.1659,26.3317,52.6635,71.0957,102.6937,147.4577,26.3317,0.0,3.9,5.6,1.402681,30,147,41,3,0.00098153,-0.00118015,0.01250000,0E-8,0.000000,0.907845,0.000000,-0.01369359,2026-03-23,2026-08-06,19,533,225,137,0.138686,0.347066,0.347707,0.003272,,,,,,,,GLOBAL_BASELINE_NO_ENTITY_RANKING,,,NOT_APPLICABLE_GLOBAL_BASELINE,HF9g-P5,,,,X 全窗基线 · 不参与实体赏罚,3925327,393,A168_HF9F_20260827_0900,2026-08-27 09:00:00
2026-03-23,123633016,1485,0,152.7240171684,-101.3771493273,-101.3771493273,0.2500000,4,4,0.50329940000000000,0.503299400000,-1.013219660140378,-1.013219660140378,-1.013219660140378,0E-17,ELIGIBLE,R03b_20260811_FULL_v1,L1_ELIGIBILITY,v2026-08-11,2026-03-21..2026-08-06,baccarat_bet02_101_all_pairs_incl_sentinel,round_win = game_pnl > 0 (decisive only),COMPATIBILITY_ONLY_NOT_PRODUCTION,52336.9300,47513.8143,-61.7654,1417,1414,0.00118015,-0.01250000,0.00119359,0.00118015,61.7654,52336.9300,OK,0.0000,-2.4706,4.0000,96.0000,AG03-UNRESOLVED,ALL5_LEVELS_bet23_to_bet27,-2.4706,-2.4706,-2.4706,-2.4706,-2.4706,4.000000,4.000000,4.000000,4.000000,4.000000,96.000000,96.000000,96.000000,96.000000,96.000000,5.0,-12.3531,-11.4036,-49.4123,-50.3618,PENDING_AG03,FALSE,NOT_FOR_ENFORCEMENT,-59.2948,45613.2617,-61.7654,-59.2948,-2.4706,-0.00118015,-0.00113294,-2.4706,-59.2948,-0.00113294,-2.4706,-2.4706,-2.4706,-2.4706,-2.4706,-59.2948,-0.00113294,-12.3531,-11.4036,-49.4123,-50.3618,-0.00094412,-0.00096226,-0.00004721,36.9350,33.6024,-0.0437,-3.2508,-0.1159,2754.5753,74.4211,12.8426,37.0032,13.1659,26.3317,52.6635,71.0957,102.6937,147.4577,26.3317,0.0,3.9,5.6,1.402681,30,147,41,3,0.00098153,-0.00118015,0.01250000,0E-8,0.000000,0.907845,0.000000,-0.01369359,2026-03-23,2026-08-06,19,533,225,137,0.138686,0.347066,0.347707,0.003272,,,,,,,,GLOBAL_BASELINE_NO_ENTITY_RANKING,,,NOT_APPLICABLE_GLOBAL_BASELINE,HF9g-P5,,,,X 全窗基线 · 不参与实体赏罚,3925328,393,A168_HF9F_20260827_0900,2026-08-27 09:00:00
2026-03-23,123633016,1505,0,52.6634541960,0E-10,0E-10,0.5000000,2,2,0.49324550000000000,0.493245500000,0.01910635448239258,0.01910635448239258,0.01910635448239258,0E-17,ELIGIBLE,R03b_20260811_FULL_v1,L1_ELIGIBILITY,v2026-08-11,2026-03-21..2026-08-06,baccarat_bet02_101_all_pairs_incl_sentinel,round_win = game_pnl > 0 (decisive only),COMPATIBILITY_ONLY_NOT_PRODUCTION,52336.9300,47513.8143,-61.7654,1417,1414,0.00118015,-0.01250000,0.00119359,0.00118015,61.7654,52336.9300,OK,0.0000,-2.4706,4.0000,96.0000,AG03-UNRESOLVED,ALL5_LEVELS_bet23_to_bet27,-2.4706,-2.4706,-2.4706,-2.4706,-2.4706,4.000000,4.000000,4.000000,4.000000,4.000000,96.000000,96.000000,96.000000,96.000000,96.000000,5.0,-12.3531,-11.4036,-49.4123,-50.3618,PENDING_AG03,FALSE,NOT_FOR_ENFORCEMENT,-59.2948,45613.2617,-61.7654,-59.2948,-2.4706,-0.00118015,-0.00113294,-2.4706,-59.2948,-0.00113294,-2.4706,-2.4706,-2.4706,-2.4706,-2.4706,-59.2948,-0.00113294,-12.3531,-11.4036,-49.4123,-50.3618,-0.00094412,-0.00096226,-0.00004721,36.9350,33.6024,-0.0437,-3.2508,-0.1159,2754.5753,74.4211,12.8426,37.0032,13.1659,26.3317,52.6635,71.0957,102.6937,147.4577,26.3317,0.0,3.9,5.6,1.402681,30,147,41,3,0.00098153,-0.00118015,0.01250000,0E-8,0.000000,0.907845,0.000000,-0.01369359,2026-03-23,2026-08-06,19,533,225,137,0.138686,0.347066,0.347707,0.003272,,,,,,,,GLOBAL_BASELINE_NO_ENTITY_RANKING,,,NOT_APPLICABLE_GLOBAL_BASELINE,HF9g-P5,,,,X 全窗基线 · 不参与实体赏罚,3925329,393,A168_HF9F_20260827_0900,2026-08-27 09:00:00
2026-03-23,123633016,1646,0,52.6634541960,-52.6634541960,-52.6634541960,0E-7,1,1,0.49324550000000000,0.493245500000,-0.9865810262130424,-0.9865810262130424,-0.9865810262130424,0E-17,ELIGIBLE,R03b_20260811_FULL_v1,L1_ELIGIBILITY,v2026-08-11,2026-03-21..2026-08-06,baccarat_bet02_101_all_pairs_incl_sentinel,round_win = game_pnl > 0 (decisive only),COMPATIBILITY_ONLY_NOT_PRODUCTION,52336.9300,47513.8143,-61.7654,1417,1414,0.00118015,-0.01250000,0.00119359,0.00118015,61.7654,52336.9300,OK,0.0000,-2.4706,4.0000,96.0000,AG03-UNRESOLVED,ALL5_LEVELS_bet23_to_bet27,-2.4706,-2.4706,-2.4706,-2.4706,-2.4706,4.000000,4.000000,4.000000,4.000000,4.000000,96.000000,96.000000,96.000000,96.000000,96.000000,5.0,-12.3531,-11.4036,-49.4123,-50.3618,PENDING_AG03,FALSE,NOT_FOR_ENFORCEMENT,-59.2948,45613.2617,-61.7654,-59.2948,-2.4706,-0.00118015,-0.00113294,-2.4706,-59.2948,-0.00113294,-2.4706,-2.4706,-2.4706,-2.4706,-2.4706,-59.2948,-0.00113294,-12.3531,-11.4036,-49.4123,-50.3618,-0.00094412,-0.00096226,-0.00004721,36.9350,33.6024,-0.0437,-3.2508,-0.1159,2754.5753,74.4211,12.8426,37.0032,13.1659,26.3317,52.6635,71.0957,102.6937,147.4577,26.3317,0.0,3.9,5.6,1.402681,30,147,41,3,0.00098153,-0.00118015,0.01250000,0E-8,0.000000,0.907845,0.000000,-0.01369359,2026-03-23,2026-08-06,19,533,225,137,0.138686,0.347066,0.347707,0.003272,,,,,,,,GLOBAL_BASELINE_NO_ENTITY_RANKING,,,NOT_APPLICABLE_GLOBAL_BASELINE,HF9g-P5,,,,X 全窗基线 · 不参与实体赏罚,3925330,393,A168_HF9F_20260827_0900,2026-08-27 09:00:00
2026-03-23,123633016,1711,0,155.3571898781,-52.6634541959,-52.6634541959,0.3333333,3,3,0.50665070000000000,0.506650700000,-0.6004420894325239,-0.6004420894325239,-0.6004420894325239,0E-17,ELIGIBLE,R03b_20260811_FULL_v1,L1_ELIGIBILITY,v2026-08-11,2026-03-21..2026-08-06,baccarat_bet02_101_all_pairs_incl_sentinel,round_win = game_pnl > 0 (decisive only),COMPATIBILITY_ONLY_NOT_PRODUCTION,52336.9300,47513.8143,-61.7654,1417,1414,0.00118015,-0.01250000,0.00119359,0.00118015,61.7654,52336.9300,OK,0.0000,-2.4706,4.0000,96.0000,AG03-UNRESOLVED,ALL5_LEVELS_bet23_to_bet27,-2.4706,-2.4706,-2.4706,-2.4706,-2.4706,4.000000,4.000000,4.000000,4.000000,4.000000,96.000000,96.000000,96.000000,96.000000,96.000000,5.0,-12.3531,-11.4036,-49.4123,-50.3618,PENDING_AG03,FALSE,NOT_FOR_ENFORCEMENT,-59.2948,45613.2617,-61.7654,-59.2948,-2.4706,-0.00118015,-0.00113294,-2.4706,-59.2948,-0.00113294,-2.4706,-2.4706,-2.4706,-2.4706,-2.4706,-59.2948,-0.00113294,-12.3531,-11.4036,-49.4123,-50.3618,-0.00094412,-0.00096226,-0.00004721,36.9350,33.6024,-0.0437,-3.2508,-0.1159,2754.5753,74.4211,12.8426,37.0032,13.1659,26.3317,52.6635,71.0957,102.6937,147.4577,26.3317,0.0,3.9,5.6,1.402681,30,147,41,3,0.00098153,-0.00118015,0.01250000,0E-8,0.000000,0.907845,0.000000,-0.01369359,2026-03-23,2026-08-06,19,533,225,137,0.138686,0.347066,0.347707,0.003272,,,,,,,,GLOBAL_BASELINE_NO_ENTITY_RANKING,,,NOT_APPLICABLE_GLOBAL_BASELINE,HF9g-P5,,,,X 全窗基线 · 不参与实体赏罚,3925331,393,A168_HF9F_20260827_0900,2026-08-27 09:00:00
2026-03-23,123633016,1941,0,52.6634541960,-52.6634541960,-52.6634541960,0E-7,1,1,0.50665070000000000,0.506650700000,-1.013391052207602,-1.013391052207602,-1.013391052207602,0E-17,ELIGIBLE,R03b_20260811_FULL_v1,L1_ELIGIBILITY,v2026-08-11,2026-03-21..2026-08-06,baccarat_bet02_101_all_pairs_incl_sentinel,round_win = game_pnl > 0 (decisive only),COMPATIBILITY_ONLY_NOT_PRODUCTION,52336.9300,47513.8143,-61.7654,1417,1414,0.00118015,-0.01250000,0.00119359,0.00118015,61.7654,52336.9300,OK,0.0000,-2.4706,4.0000,96.0000,AG03-UNRESOLVED,ALL5_LEVELS_bet23_to_bet27,-2.4706,-2.4706,-2.4706,-2.4706,-2.4706,4.000000,4.000000,4.000000,4.000000,4.000000,96.000000,96.000000,96.000000,96.000000,96.000000,5.0,-12.3531,-11.4036,-49.4123,-50.3618,PENDING_AG03,FALSE,NOT_FOR_ENFORCEMENT,-59.2948,45613.2617,-61.7654,-59.2948,-2.4706,-0.00118015,-0.00113294,-2.4706,-59.2948,-0.00113294,-2.4706,-2.4706,-2.4706,-2.4706,-2.4706,-59.2948,-0.00113294,-12.3531,-11.4036,-49.4123,-50.3618,-0.00094412,-0.00096226,-0.00004721,36.9350,33.6024,-0.0437,-3.2508,-0.1159,2754.5753,74.4211,12.8426,37.0032,13.1659,26.3317,52.6635,71.0957,102.6937,147.4577,26.3317,0.0,3.9,5.6,1.402681,30,147,41,3,0.00098153,-0.00118015,0.01250000,0E-8,0.000000,0.907845,0.000000,-0.01369359,2026-03-23,2026-08-06,19,533,225,137,0.138686,0.347066,0.347707,0.003272,,,,,,,,GLOBAL_BASELINE_NO_ENTITY_RANKING,,,NOT_APPLICABLE_GLOBAL_BASELINE,HF9g-P5,,,,X 全窗基线 · 不参与实体赏罚,3925332,393,A168_HF9F_20260827_0900,2026-08-27 09:00:00
2026-03-23,123633016,1942,0,236.9855438819,-78.9951812939,-78.9951812939,0.4000000,5,5,0.49592654000000000,0.495926540000,-0.42901076602576227,-0.42901076602576227,-0.42901076602576227,0E-17,ELIGIBLE,R03b_20260811_FULL_v1,L1_ELIGIBILITY,v2026-08-11,2026-03-21..2026-08-06,baccarat_bet02_101_all_pairs_incl_sentinel,round_win = game_pnl > 0 (decisive only),COMPATIBILITY_ONLY_NOT_PRODUCTION,52336.9300,47513.8143,-61.7654,1417,1414,0.00118015,-0.01250000,0.00119359,0.00118015,61.7654,52336.9300,OK,0.0000,-2.4706,4.0000,96.0000,AG03-UNRESOLVED,ALL5_LEVELS_bet23_to_bet27,-2.4706,-2.4706,-2.4706,-2.4706,-2.4706,4.000000,4.000000,4.000000,4.000000,4.000000,96.000000,96.000000,96.000000,96.000000,96.000000,5.0,-12.3531,-11.4036,-49.4123,-50.3618,PENDING_AG03,FALSE,NOT_FOR_ENFORCEMENT,-59.2948,45613.2617,-61.7654,-59.2948,-2.4706,-0.00118015,-0.00113294,-2.4706,-59.2948,-0.00113294,-2.4706,-2.4706,-2.4706,-2.4706,-2.4706,-59.2948,-0.00113294,-12.3531,-11.4036,-49.4123,-50.3618,-0.00094412,-0.00096226,-0.00004721,36.9350,33.6024,-0.0437,-3.2508,-0.1159,2754.5753,74.4211,12.8426,37.0032,13.1659,26.3317,52.6635,71.0957,102.6937,147.4577,26.3317,0.0,3.9,5.6,1.402681,30,147,41,3,0.00098153,-0.00118015,0.01250000,0E-8,0.000000,0.907845,0.000000,-0.01369359,2026-03-23,2026-08-06,19,533,225,137,0.138686,0.347066,0.347707,0.003272,,,,,,,,GLOBAL_BASELINE_NO_ENTITY_RANKING,,,NOT_APPLICABLE_GLOBAL_BASELINE,HF9g-P5,,,,X 全窗基线 · 不参与实体赏罚,3925333,393,A168_HF9F_20260827_0900,2026-08-27 09:00:00
2026-03-23,123633016,1957,0,26.3317270980,-26.3317270980,-26.3317270980,0E-7,1,1,0.50665070000000000,0.506650700000,-1.013391052207602,-1.013391052207602,-1.013391052207602,0E-17,ELIGIBLE,R03b_20260811_FULL_v1,L1_ELIGIBILITY,v2026-08-11,2026-03-21..2026-08-06,baccarat_bet02_101_all_pairs_incl_sentinel,round_win = game_pnl > 0 (decisive only),COMPATIBILITY_ONLY_NOT_PRODUCTION,52336.9300,47513.8143,-61.7654,1417,1414,0.00118015,-0.01250000,0.00119359,0.00118015,61.7654,52336.9300,OK,0.0000,-2.4706,4.0000,96.0000,AG03-UNRESOLVED,ALL5_LEVELS_bet23_to_bet27,-2.4706,-2.4706,-2.4706,-2.4706,-2.4706,4.000000,4.000000,4.000000,4.000000,4.000000,96.000000,96.000000,96.000000,96.000000,96.000000,5.0,-12.3531,-11.4036,-49.4123,-50.3618,PENDING_AG03,FALSE,NOT_FOR_ENFORCEMENT,-59.2948,45613.2617,-61.7654,-59.2948,-2.4706,-0.00118015,-0.00113294,-2.4706,-59.2948,-0.00113294,-2.4706,-2.4706,-2.4706,-2.4706,-2.4706,-59.2948,-0.00113294,-12.3531,-11.4036,-49.4123,-50.3618,-0.00094412,-0.00096226,-0.00004721,36.9350,33.6024,-0.0437,-3.2508,-0.1159,2754.5753,74.4211,12.8426,37.0032,13.1659,26.3317,52.6635,71.0957,102.6937,147.4577,26.3317,0.0,3.9,5.6,1.402681,30,147,41,3,0.00098153,-0.00118015,0.01250000,0E-8,0.000000,0.907845,0.000000,-0.01369359,2026-03-23,2026-08-06,19,533,225,137,0.138686,0.347066,0.347707,0.003272,,,,,,,,GLOBAL_BASELINE_NO_ENTITY_RANKING,,,NOT_APPLICABLE_GLOBAL_BASELINE,HF9g-P5,,,,X 全窗基线 · 不参与实体赏罚,3925334,393,A168_HF9F_20260827_0900,2026-08-27 09:00:00
2026-03-23,123633016,1966,0,78.9951812940,26.3317270980,26.3317270980,0.5000000,2,2,0.49994810000000000,0.499948100000,0.00014679536856514622,0.00014679536856514622,0.00014679536856514622,0E-17,ELIGIBLE,R03b_20260811_FULL_v1,L1_ELIGIBILITY,v2026-08-11,2026-03-21..2026-08-06,baccarat_bet02_101_all_pairs_incl_sentinel,round_win = game_pnl > 0 (decisive only),COMPATIBILITY_ONLY_NOT_PRODUCTION,52336.9300,47513.8143,-61.7654,1417,1414,0.00118015,-0.01250000,0.00119359,0.00118015,61.7654,52336.9300,OK,0.0000,-2.4706,4.0000,96.0000,AG03-UNRESOLVED,ALL5_LEVELS_bet23_to_bet27,-2.4706,-2.4706,-2.4706,-2.4706,-2.4706,4.000000,4.000000,4.000000,4.000000,4.000000,96.000000,96.000000,96.000000,96.000000,96.000000,5.0,-12.3531,-11.4036,-49.4123,-50.3618,PENDING_AG03,FALSE,NOT_FOR_ENFORCEMENT,-59.2948,45613.2617,-61.7654,-59.2948,-2.4706,-0.00118015,-0.00113294,-2.4706,-59.2948,-0.00113294,-2.4706,-2.4706,-2.4706,-2.4706,-2.4706,-59.2948,-0.00113294,-12.3531,-11.4036,-49.4123,-50.3618,-0.00094412,-0.00096226,-0.00004721,36.9350,33.6024,-0.0437,-3.2508,-0.1159,2754.5753,74.4211,12.8426,37.0032,13.1659,26.3317,52.6635,71.0957,102.6937,147.4577,26.3317,0.0,3.9,5.6,1.402681,30,147,41,3,0.00098153,-0.00118015,0.01250000,0E-8,0.000000,0.907845,0.000000,-0.01369359,2026-03-23,2026-08-06,19,533,225,137,0.138686,0.347066,0.347707,0.003272,,,,,,,,GLOBAL_BASELINE_NO_ENTITY_RANKING,,,NOT_APPLICABLE_GLOBAL_BASELINE,HF9g-P5,,,,X 全窗基线 · 不参与实体赏罚,3925335,393,A168_HF9F_20260827_0900,2026-08-27 09:00:00
2026-03-23,123633016,2115,0,34.2312452274,-34.2312452274,-34.2312452274,0E-7,1,1,0.50665070000000000,0.506650700000,-1.013391052207602,-1.013391052207602,-1.013391052207602,0E-17,ELIGIBLE,R03b_20260811_FULL_v1,L1_ELIGIBILITY,v2026-08-11,2026-03-21..2026-08-06,baccarat_bet02_101_all_pairs_incl_sentinel,round_win = game_pnl > 0 (decisive only),COMPATIBILITY_ONLY_NOT_PRODUCTION,52336.9300,47513.8143,-61.7654,1417,1414,0.00118015,-0.01250000,0.00119359,0.00118015,61.7654,52336.9300,OK,0.0000,-2.4706,4.0000,96.0000,AG03-UNRESOLVED,ALL5_LEVELS_bet23_to_bet27,-2.4706,-2.4706,-2.4706,-2.4706,-2.4706,4.000000,4.000000,4.000000,4.000000,4.000000,96.000000,96.000000,96.000000,96.000000,96.000000,5.0,-12.3531,-11.4036,-49.4123,-50.3618,PENDING_AG03,FALSE,NOT_FOR_ENFORCEMENT,-59.2948,45613.2617,-61.7654,-59.2948,-2.4706,-0.00118015,-0.00113294,-2.4706,-59.2948,-0.00113294,-2.4706,-2.4706,-2.4706,-2.4706,-2.4706,-59.2948,-0.00113294,-12.3531,-11.4036,-49.4123,-50.3618,-0.00094412,-0.00096226,-0.00004721,36.9350,33.6024,-0.0437,-3.2508,-0.1159,2754.5753,74.4211,12.8426,37.0032,13.1659,26.3317,52.6635,71.0957,102.6937,147.4577,26.3317,0.0,3.9,5.6,1.402681,30,147,41,3,0.00098153,-0.00118015,0.01250000,0E-8,0.000000,0.907845,0.000000,-0.01369359,2026-03-23,2026-08-06,19,533,225,137,0.138686,0.347066,0.347707,0.003272,,,,,,,,GLOBAL_BASELINE_NO_ENTITY_RANKING,,,NOT_APPLICABLE_GLOBAL_BASELINE,HF9g-P5,,,,X 全窗基线 · 不参与实体赏罚,3925336,393,A168_HF9F_20260827_0900,2026-08-27 09:00:00
2026-03-23,123633016,2127,0,26.3317270980,-26.3317270980,-26.3317270980,0E-7,1,1,0.50665070000000000,0.506650700000,-1.013391052207602,-1.013391052207602,-1.013391052207602,0E-17,ELIGIBLE,R03b_20260811_FULL_v1,L1_ELIGIBILITY,v2026-08-11,2026-03-21..2026-08-06,baccarat_bet02_101_all_pairs_incl_sentinel,round_win = game_pnl > 0 (decisive only),COMPATIBILITY_ONLY_NOT_PRODUCTION,52336.9300,47513.8143,-61.7654,1417,1414,0.00118015,-0.01250000,0.00119359,0.00118015,61.7654,52336.9300,OK,0.0000,-2.4706,4.0000,96.0000,AG03-UNRESOLVED,ALL5_LEVELS_bet23_to_bet27,-2.4706,-2.4706,-2.4706,-2.4706,-2.4706,4.000000,4.000000,4.000000,4.000000,4.000000,96.000000,96.000000,96.000000,96.000000,96.000000,5.0,-12.3531,-11.4036,-49.4123,-50.3618,PENDING_AG03,FALSE,NOT_FOR_ENFORCEMENT,-59.2948,45613.2617,-61.7654,-59.2948,-2.4706,-0.00118015,-0.00113294,-2.4706,-59.2948,-0.00113294,-2.4706,-2.4706,-2.4706,-2.4706,-2.4706,-59.2948,-0.00113294,-12.3531,-11.4036,-49.4123,-50.3618,-0.00094412,-0.00096226,-0.00004721,36.9350,33.6024,-0.0437,-3.2508,-0.1159,2754.5753,74.4211,12.8426,37.0032,13.1659,26.3317,52.6635,71.0957,102.6937,147.4577,26.3317,0.0,3.9,5.6,1.402681,30,147,41,3,0.00098153,-0.00118015,0.01250000,0E-8,0.000000,0.907845,0.000000,-0.01369359,2026-03-23,2026-08-06,19,533,225,137,0.138686,0.347066,0.347707,0.003272,,,,,,,,GLOBAL_BASELINE_NO_ENTITY_RANKING,,,NOT_APPLICABLE_GLOBAL_BASELINE,HF9g-P5,,,,X 全窗基线 · 不参与实体赏罚,3925337,393,A168_HF9F_20260827_0900,2026-08-27 09:00:00
2026-03-23,123633016,2141,0,175.8959370146,-22.8822708482,-22.8822708482,0.5000000,4,4,0.50665070000000000,0.506650700000,-0.02660515369234503,-0.02660515369234503,-0.02660515369234503,0E-17,ELIGIBLE,R03b_20260811_FULL_v1,L1_ELIGIBILITY,v2026-08-11,2026-03-21..2026-08-06,baccarat_bet02_101_all_pairs_incl_sentinel,round_win = game_pnl > 0 (decisive only),COMPATIBILITY_ONLY_NOT_PRODUCTION,52336.9300,47513.8143,-61.7654,1417,1414,0.00118015,-0.01250000,0.00119359,0.00118015,61.7654,52336.9300,OK,0.0000,-2.4706,4.0000,96.0000,AG03-UNRESOLVED,ALL5_LEVELS_bet23_to_bet27,-2.4706,-2.4706,-2.4706,-2.4706,-2.4706,4.000000,4.000000,4.000000,4.000000,4.000000,96.000000,96.000000,96.000000,96.000000,96.000000,5.0,-12.3531,-11.4036,-49.4123,-50.3618,PENDING_AG03,FALSE,NOT_FOR_ENFORCEMENT,-59.2948,45613.2617,-61.7654,-59.2948,-2.4706,-0.00118015,-0.00113294,-2.4706,-59.2948,-0.00113294,-2.4706,-2.4706,-2.4706,-2.4706,-2.4706,-59.2948,-0.00113294,-12.3531,-11.4036,-49.4123,-50.3618,-0.00094412,-0.00096226,-0.00004721,36.9350,33.6024,-0.0437,-3.2508,-0.1159,2754.5753,74.4211,12.8426,37.0032,13.1659,26.3317,52.6635,71.0957,102.6937,147.4577,26.3317,0.0,3.9,5.6,1.402681,30,147,41,3,0.00098153,-0.00118015,0.01250000,0E-8,0.000000,0.907845,0.000000,-0.01369359,2026-03-23,2026-08-06,19,533,225,137,0.138686,0.347066,0.347707,0.003272,,,,,,,,GLOBAL_BASELINE_NO_ENTITY_RANKING,,,NOT_APPLICABLE_GLOBAL_BASELINE,HF9g-P5,,,,X 全窗基线 · 不参与实体赏罚,3925338,393,A168_HF9F_20260827_0900,2026-08-27 09:00:00
2026-03-23,123633016,2142,0,78.9951812940,-26.3317270980,-26.3317270980,0.3333333,3,3,0.49324550000000000,0.493245500000,-0.5540025479526107,-0.5540025479526106,-0.5540025479526107,0E-17,ELIGIBLE,R03b_20260811_FULL_v1,L1_ELIGIBILITY,v2026-08-11,2026-03-21..2026-08-06,baccarat_bet02_101_all_pairs_incl_sentinel,round_win = game_pnl > 0 (decisive only),COMPATIBILITY_ONLY_NOT_PRODUCTION,52336.9300,47513.8143,-61.7654,1417,1414,0.00118015,-0.01250000,0.00119359,0.00118015,61.7654,52336.9300,OK,0.0000,-2.4706,4.0000,96.0000,AG03-UNRESOLVED,ALL5_LEVELS_bet23_to_bet27,-2.4706,-2.4706,-2.4706,-2.4706,-2.4706,4.000000,4.000000,4.000000,4.000000,4.000000,96.000000,96.000000,96.000000,96.000000,96.000000,5.0,-12.3531,-11.4036,-49.4123,-50.3618,PENDING_AG03,FALSE,NOT_FOR_ENFORCEMENT,-59.2948,45613.2617,-61.7654,-59.2948,-2.4706,-0.00118015,-0.00113294,-2.4706,-59.2948,-0.00113294,-2.4706,-2.4706,-2.4706,-2.4706,-2.4706,-59.2948,-0.00113294,-12.3531,-11.4036,-49.4123,-50.3618,-0.00094412,-0.00096226,-0.00004721,36.9350,33.6024,-0.0437,-3.2508,-0.1159,2754.5753,74.4211,12.8426,37.0032,13.1659,26.3317,52.6635,71.0957,102.6937,147.4577,26.3317,0.0,3.9,5.6,1.402681,30,147,41,3,0.00098153,-0.00118015,0.01250000,0E-8,0.000000,0.907845,0.000000,-0.01369359,2026-03-23,2026-08-06,19,533,225,137,0.138686,0.347066,0.347707,0.003272,,,,,,,,GLOBAL_BASELINE_NO_ENTITY_RANKING,,,NOT_APPLICABLE_GLOBAL_BASELINE,HF9g-P5,,,,X 全窗基线 · 不参与实体赏罚,3925339,393,A168_HF9F_20260827_0900,2026-08-27 09:00:00
2026-03-23,123633016,2147,0,184.3220896859,-157.9903625879,-157.9903625879,0E-7,3,3,0.49771390000000000,0.497713900000,-1.4077622098436522,-1.4077622098436524,-1.4077622098436522,0E-17,ELIGIBLE,R03b_20260811_FULL_v1,L1_ELIGIBILITY,v2026-08-11,2026-03-21..2026-08-06,baccarat_bet02_101_all_pairs_incl_sentinel,round_win = game_pnl > 0 (decisive only),COMPATIBILITY_ONLY_NOT_PRODUCTION,52336.9300,47513.8143,-61.7654,1417,1414,0.00118015,-0.01250000,0.00119359,0.00118015,61.7654,52336.9300,OK,0.0000,-2.4706,4.0000,96.0000,AG03-UNRESOLVED,ALL5_LEVELS_bet23_to_bet27,-2.4706,-2.4706,-2.4706,-2.4706,-2.4706,4.000000,4.000000,4.000000,4.000000,4.000000,96.000000,96.000000,96.000000,96.000000,96.000000,5.0,-12.3531,-11.4036,-49.4123,-50.3618,PENDING_AG03,FALSE,NOT_FOR_ENFORCEMENT,-59.2948,45613.2617,-61.7654,-59.2948,-2.4706,-0.00118015,-0.00113294,-2.4706,-59.2948,-0.00113294,-2.4706,-2.4706,-2.4706,-2.4706,-2.4706,-59.2948,-0.00113294,-12.3531,-11.4036,-49.4123,-50.3618,-0.00094412,-0.00096226,-0.00004721,36.9350,33.6024,-0.0437,-3.2508,-0.1159,2754.5753,74.4211,12.8426,37.0032,13.1659,26.3317,52.6635,71.0957,102.6937,147.4577,26.3317,0.0,3.9,5.6,1.402681,30,147,41,3,0.00098153,-0.00118015,0.01250000,0E-8,0.000000,0.907845,0.000000,-0.01369359,2026-03-23,2026-08-06,19,533,225,137,0.138686,0.347066,0.347707,0.003272,,,,,,,,GLOBAL_BASELINE_NO_ENTITY_RANKING,,,NOT_APPLICABLE_GLOBAL_BASELINE,HF9g-P5,,,,X 全窗基线 · 不参与实体赏罚,3925340,393,A168_HF9F_20260827_0900,2026-08-27 09:00:00
2026-03-23,123633016,2153,0,26.3317270980,-26.3317270980,-26.3317270980,0E-7,1,1,0.49324550000000000,0.493245500000,-0.9865810262130424,-0.9865810262130424,-0.9865810262130424,0E-17,ELIGIBLE,R03b_20260811_FULL_v1,L1_ELIGIBILITY,v2026-08-11,2026-03-21..2026-08-06,baccarat_bet02_101_all_pairs_incl_sentinel,round_win = game_pnl > 0 (decisive only),COMPATIBILITY_ONLY_NOT_PRODUCTION,52336.9300,47513.8143,-61.7654,1417,1414,0.00118015,-0.01250000,0.00119359,0.00118015,61.7654,52336.9300,OK,0.0000,-2.4706,4.0000,96.0000,AG03-UNRESOLVED,ALL5_LEVELS_bet23_to_bet27,-2.4706,-2.4706,-2.4706,-2.4706,-2.4706,4.000000,4.000000,4.000000,4.000000,4.000000,96.000000,96.000000,96.000000,96.000000,96.000000,5.0,-12.3531,-11.4036,-49.4123,-50.3618,PENDING_AG03,FALSE,NOT_FOR_ENFORCEMENT,-59.2948,45613.2617,-61.7654,-59.2948,-2.4706,-0.00118015,-0.00113294,-2.4706,-59.2948,-0.00113294,-2.4706,-2.4706,-2.4706,-2.4706,-2.4706,-59.2948,-0.00113294,-12.3531,-11.4036,-49.4123,-50.3618,-0.00094412,-0.00096226,-0.00004721,36.9350,33.6024,-0.0437,-3.2508,-0.1159,2754.5753,74.4211,12.8426,37.0032,13.1659,26.3317,52.6635,71.0957,102.6937,147.4577,26.3317,0.0,3.9,5.6,1.402681,30,147,41,3,0.00098153,-0.00118015,0.01250000,0E-8,0.000000,0.907845,0.000000,-0.01369359,2026-03-23,2026-08-06,19,533,225,137,0.138686,0.347066,0.347707,0.003272,,,,,,,,GLOBAL_BASELINE_NO_ENTITY_RANKING,,,NOT_APPLICABLE_GLOBAL_BASELINE,HF9g-P5,,,,X 全窗基线 · 不参与实体赏罚,3925341,393,A168_HF9F_20260827_0900,2026-08-27 09:00:00
2026-03-23,123633016,2167,0,297.5485162072,-92.1610448430,-92.1610448430,0.2500000,4,4,0.50329940000000000,0.503299400000,-1.013219660140378,-1.013219660140378,-1.013219660140378,0E-17,ELIGIBLE,R03b_20260811_FULL_v1,L1_ELIGIBILITY,v2026-08-11,2026-03-21..2026-08-06,baccarat_bet02_101_all_pairs_incl_sentinel,round_win = game_pnl > 0 (decisive only),COMPATIBILITY_ONLY_NOT_PRODUCTION,52336.9300,47513.8143,-61.7654,1417,1414,0.00118015,-0.01250000,0.00119359,0.00118015,61.7654,52336.9300,OK,0.0000,-2.4706,4.0000,96.0000,AG03-UNRESOLVED,ALL5_LEVELS_bet23_to_bet27,-2.4706,-2.4706,-2.4706,-2.4706,-2.4706,4.000000,4.000000,4.000000,4.000000,4.000000,96.000000,96.000000,96.000000,96.000000,96.000000,5.0,-12.3531,-11.4036,-49.4123,-50.3618,PENDING_AG03,FALSE,NOT_FOR_ENFORCEMENT,-59.2948,45613.2617,-61.7654,-59.2948,-2.4706,-0.00118015,-0.00113294,-2.4706,-59.2948,-0.00113294,-2.4706,-2.4706,-2.4706,-2.4706,-2.4706,-59.2948,-0.00113294,-12.3531,-11.4036,-49.4123,-50.3618,-0.00094412,-0.00096226,-0.00004721,36.9350,33.6024,-0.0437,-3.2508,-0.1159,2754.5753,74.4211,12.8426,37.0032,13.1659,26.3317,52.6635,71.0957,102.6937,147.4577,26.3317,0.0,3.9,5.6,1.402681,30,147,41,3,0.00098153,-0.00118015,0.01250000,0E-8,0.000000,0.907845,0.000000,-0.01369359,2026-03-23,2026-08-06,19,533,225,137,0.138686,0.347066,0.347707,0.003272,,,,,,,,GLOBAL_BASELINE_NO_ENTITY_RANKING,,,NOT_APPLICABLE_GLOBAL_BASELINE,HF9g-P5,,,,X 全窗基线 · 不参与实体赏罚,3925342,393,A168_HF9F_20260827_0900,2026-08-27 09:00:00
2026-03-23,123633016,2177,0,129.0254627802,25.0151407431,25.0151407431,0.5000000,4,4,0.50329940000000000,0.503299400000,-0.01319788734859681,-0.01319788734859681,-0.01319788734859681,0E-17,ELIGIBLE,R03b_20260811_FULL_v1,L1_ELIGIBILITY,v2026-08-11,2026-03-21..2026-08-06,baccarat_bet02_101_all_pairs_incl_sentinel,round_win = game_pnl > 0 (decisive only),COMPATIBILITY_ONLY_NOT_PRODUCTION,52336.9300,47513.8143,-61.7654,1417,1414,0.00118015,-0.01250000,0.00119359,0.00118015,61.7654,52336.9300,OK,0.0000,-2.4706,4.0000,96.0000,AG03-UNRESOLVED,ALL5_LEVELS_bet23_to_bet27,-2.4706,-2.4706,-2.4706,-2.4706,-2.4706,4.000000,4.000000,4.000000,4.000000,4.000000,96.000000,96.000000,96.000000,96.000000,96.000000,5.0,-12.3531,-11.4036,-49.4123,-50.3618,PENDING_AG03,FALSE,NOT_FOR_ENFORCEMENT,-59.2948,45613.2617,-61.7654,-59.2948,-2.4706,-0.00118015,-0.00113294,-2.4706,-59.2948,-0.00113294,-2.4706,-2.4706,-2.4706,-2.4706,-2.4706,-59.2948,-0.00113294,-12.3531,-11.4036,-49.4123,-50.3618,-0.00094412,-0.00096226,-0.00004721,36.9350,33.6024,-0.0437,-3.2508,-0.1159,2754.5753,74.4211,12.8426,37.0032,13.1659,26.3317,52.6635,71.0957,102.6937,147.4577,26.3317,0.0,3.9,5.6,1.402681,30,147,41,3,0.00098153,-0.00118015,0.01250000,0E-8,0.000000,0.907845,0.000000,-0.01369359,2026-03-23,2026-08-06,19,533,225,137,0.138686,0.347066,0.347707,0.003272,,,,,,,,GLOBAL_BASELINE_NO_ENTITY_RANKING,,,NOT_APPLICABLE_GLOBAL_BASELINE,HF9g-P5,,,,X 全窗基线 · 不参与实体赏罚,3925343,393,A168_HF9F_20260827_0900,2026-08-27 09:00:00
2026-03-23,123633016,2201,0,221.1865076231,81.7600126392,81.7600126392,0.5000000,4,4,0.50329940000000000,0.503299400000,-0.01319788734859681,-0.01319788734859681,-0.01319788734859681,0E-17,ELIGIBLE,R03b_20260811_FULL_v1,L1_ELIGIBILITY,v2026-08-11,2026-03-21..2026-08-06,baccarat_bet02_101_all_pairs_incl_sentinel,round_win = game_pnl > 0 (decisive only),COMPATIBILITY_ONLY_NOT_PRODUCTION,52336.9300,47513.8143,-61.7654,1417,1414,0.00118015,-0.01250000,0.00119359,0.00118015,61.7654,52336.9300,OK,0.0000,-2.4706,4.0000,96.0000,AG03-UNRESOLVED,ALL5_LEVELS_bet23_to_bet27,-2.4706,-2.4706,-2.4706,-2.4706,-2.4706,4.000000,4.000000,4.000000,4.000000,4.000000,96.000000,96.000000,96.000000,96.000000,96.000000,5.0,-12.3531,-11.4036,-49.4123,-50.3618,PENDING_AG03,FALSE,NOT_FOR_ENFORCEMENT,-59.2948,45613.2617,-61.7654,-59.2948,-2.4706,-0.00118015,-0.00113294,-2.4706,-59.2948,-0.00113294,-2.4706,-2.4706,-2.4706,-2.4706,-2.4706,-59.2948,-0.00113294,-12.3531,-11.4036,-49.4123,-50.3618,-0.00094412,-0.00096226,-0.00004721,36.9350,33.6024,-0.0437,-3.2508,-0.1159,2754.5753,74.4211,12.8426,37.0032,13.1659,26.3317,52.6635,71.0957,102.6937,147.4577,26.3317,0.0,3.9,5.6,1.402681,30,147,41,3,0.00098153,-0.00118015,0.01250000,0E-8,0.000000,0.907845,0.000000,-0.01369359,2026-03-23,2026-08-06,19,533,225,137,0.138686,0.347066,0.347707,0.003272,,,,,,,,GLOBAL_BASELINE_NO_ENTITY_RANKING,,,NOT_APPLICABLE_GLOBAL_BASELINE,HF9g-P5,,,,X 全窗基线 · 不参与实体赏罚,3925344,393,A168_HF9F_20260827_0900,2026-08-27 09:00:00
2026-03-23,123633016,2216,0,115.8595992312,-63.1961450352,-63.1961450352,0.3333333,3,3,0.49324550000000000,0.493245500000,-0.5540025479526107,-0.5540025479526106,-0.5540025479526107,0E-17,ELIGIBLE,R03b_20260811_FULL_v1,L1_ELIGIBILITY,v2026-08-11,2026-03-21..2026-08-06,baccarat_bet02_101_all_pairs_incl_sentinel,round_win = game_pnl > 0 (decisive only),COMPATIBILITY_ONLY_NOT_PRODUCTION,52336.9300,47513.8143,-61.7654,1417,1414,0.00118015,-0.01250000,0.00119359,0.00118015,61.7654,52336.9300,OK,0.0000,-2.4706,4.0000,96.0000,AG03-UNRESOLVED,ALL5_LEVELS_bet23_to_bet27,-2.4706,-2.4706,-2.4706,-2.4706,-2.4706,4.000000,4.000000,4.000000,4.000000,4.000000,96.000000,96.000000,96.000000,96.000000,96.000000,5.0,-12.3531,-11.4036,-49.4123,-50.3618,PENDING_AG03,FALSE,NOT_FOR_ENFORCEMENT,-59.2948,45613.2617,-61.7654,-59.2948,-2.4706,-0.00118015,-0.00113294,-2.4706,-59.2948,-0.00113294,-2.4706,-2.4706,-2.4706,-2.4706,-2.4706,-59.2948,-0.00113294,-12.3531,-11.4036,-49.4123,-50.3618,-0.00094412,-0.00096226,-0.00004721,36.9350,33.6024,-0.0437,-3.2508,-0.1159,2754.5753,74.4211,12.8426,37.0032,13.1659,26.3317,52.6635,71.0957,102.6937,147.4577,26.3317,0.0,3.9,5.6,1.402681,30,147,41,3,0.00098153,-0.00118015,0.01250000,0E-8,0.000000,0.907845,0.000000,-0.01369359,2026-03-23,2026-08-06,19,533,225,137,0.138686,0.347066,0.347707,0.003272,,,,,,,,GLOBAL_BASELINE_NO_ENTITY_RANKING,,,NOT_APPLICABLE_GLOBAL_BASELINE,HF9g-P5,,,,X 全窗基线 · 不参与实体赏罚,3925345,393,A168_HF9F_20260827_0900,2026-08-27 09:00:00
2026-03-23,123633016,2222,0,181.6889169761,75.0454222292,75.0454222292,0.6666667,3,3,0.50665070000000000,0.506650700000,0.5543606114942035,0.5543606114942035,0.5543606114942035,0E-17,ELIGIBLE,R03b_20260811_FULL_v1,L1_ELIGIBILITY,v2026-08-11,2026-03-21..2026-08-06,baccarat_bet02_101_all_pairs_incl_sentinel,round_win = game_pnl > 0 (decisive only),COMPATIBILITY_ONLY_NOT_PRODUCTION,52336.9300,47513.8143,-61.7654,1417,1414,0.00118015,-0.01250000,0.00119359,0.00118015,61.7654,52336.9300,OK,0.0000,-2.4706,4.0000,96.0000,AG03-UNRESOLVED,ALL5_LEVELS_bet23_to_bet27,-2.4706,-2.4706,-2.4706,-2.4706,-2.4706,4.000000,4.000000,4.000000,4.000000,4.000000,96.000000,96.000000,96.000000,96.000000,96.000000,5.0,-12.3531,-11.4036,-49.4123,-50.3618,PENDING_AG03,FALSE,NOT_FOR_ENFORCEMENT,-59.2948,45613.2617,-61.7654,-59.2948,-2.4706,-0.00118015,-0.00113294,-2.4706,-59.2948,-0.00113294,-2.4706,-2.4706,-2.4706,-2.4706,-2.4706,-59.2948,-0.00113294,-12.3531,-11.4036,-49.4123,-50.3618,-0.00094412,-0.00096226,-0.00004721,36.9350,33.6024,-0.0437,-3.2508,-0.1159,2754.5753,74.4211,12.8426,37.0032,13.1659,26.3317,52.6635,71.0957,102.6937,147.4577,26.3317,0.0,3.9,5.6,1.402681,30,147,41,3,0.00098153,-0.00118015,0.01250000,0E-8,0.000000,0.907845,0.000000,-0.01369359,2026-03-23,2026-08-06,19,533,225,137,0.138686,0.347066,0.347707,0.003272,,,,,,,,GLOBAL_BASELINE_NO_ENTITY_RANKING,,,NOT_APPLICABLE_GLOBAL_BASELINE,HF9g-P5,,,,X 全窗基线 · 不参与实体赏罚,3925346,393,A168_HF9F_20260827_0900,2026-08-27 09:00:00
2026-03-23,123633016,2223,0,305.4480343368,-24.2251889302,-24.2251889302,0.5000000,8,8,0.50162375000000000,0.501623750000,-0.009185365523350236,-0.009185365523350236,-0.009185365523350236,0E-17,ELIGIBLE,R03b_20260811_FULL_v1,L1_ELIGIBILITY,v2026-08-11,2026-03-21..2026-08-06,baccarat_bet02_101_all_pairs_incl_sentinel,round_win = game_pnl > 0 (decisive only),COMPATIBILITY_ONLY_NOT_PRODUCTION,52336.9300,47513.8143,-61.7654,1417,1414,0.00118015,-0.01250000,0.00119359,0.00118015,61.7654,52336.9300,OK,0.0000,-2.4706,4.0000,96.0000,AG03-UNRESOLVED,ALL5_LEVELS_bet23_to_bet27,-2.4706,-2.4706,-2.4706,-2.4706,-2.4706,4.000000,4.000000,4.000000,4.000000,4.000000,96.000000,96.000000,96.000000,96.000000,96.000000,5.0,-12.3531,-11.4036,-49.4123,-50.3618,PENDING_AG03,FALSE,NOT_FOR_ENFORCEMENT,-59.2948,45613.2617,-61.7654,-59.2948,-2.4706,-0.00118015,-0.00113294,-2.4706,-59.2948,-0.00113294,-2.4706,-2.4706,-2.4706,-2.4706,-2.4706,-59.2948,-0.00113294,-12.3531,-11.4036,-49.4123,-50.3618,-0.00094412,-0.00096226,-0.00004721,36.9350,33.6024,-0.0437,-3.2508,-0.1159,2754.5753,74.4211,12.8426,37.0032,13.1659,26.3317,52.6635,71.0957,102.6937,147.4577,26.3317,0.0,3.9,5.6,1.402681,30,147,41,3,0.00098153,-0.00118015,0.01250000,0E-8,0.000000,0.907845,0.000000,-0.01369359,2026-03-23,2026-08-06,19,533,225,137,0.138686,0.347066,0.347707,0.003272,,,,,,,,GLOBAL_BASELINE_NO_ENTITY_RANKING,,,NOT_APPLICABLE_GLOBAL_BASELINE,HF9g-P5,,,,X 全窗基线 · 不参与实体赏罚,3925347,393,A168_HF9F_20260827_0900,2026-08-27 09:00:00
2026-03-23,123633016,2233,0,850.5147852648,369.4341311848,369.4341311848,0.7500000,10,10,0.50665070000000000,0.506650700000,1.3767133162484293,1.3767133162484293,1.3767133162484293,0E-17,ELIGIBLE,R03b_20260811_FULL_v1,L1_ELIGIBILITY,v2026-08-11,2026-03-21..2026-08-06,baccarat_bet02_101_all_pairs_incl_sentinel,round_win = game_pnl > 0 (decisive only),COMPATIBILITY_ONLY_NOT_PRODUCTION,52336.9300,47513.8143,-61.7654,1417,1414,0.00118015,-0.01250000,0.00119359,0.00118015,61.7654,52336.9300,OK,0.0000,-2.4706,4.0000,96.0000,AG03-UNRESOLVED,ALL5_LEVELS_bet23_to_bet27,-2.4706,-2.4706,-2.4706,-2.4706,-2.4706,4.000000,4.000000,4.000000,4.000000,4.000000,96.000000,96.000000,96.000000,96.000000,96.000000,5.0,-12.3531,-11.4036,-49.4123,-50.3618,PENDING_AG03,FALSE,NOT_FOR_ENFORCEMENT,-59.2948,45613.2617,-61.7654,-59.2948,-2.4706,-0.00118015,-0.00113294,-2.4706,-59.2948,-0.00113294,-2.4706,-2.4706,-2.4706,-2.4706,-2.4706,-59.2948,-0.00113294,-12.3531,-11.4036,-49.4123,-50.3618,-0.00094412,-0.00096226,-0.00004721,36.9350,33.6024,-0.0437,-3.2508,-0.1159,2754.5753,74.4211,12.8426,37.0032,13.1659,26.3317,52.6635,71.0957,102.6937,147.4577,26.3317,0.0,3.9,5.6,1.402681,30,147,41,3,0.00098153,-0.00118015,0.01250000,0E-8,0.000000,0.907845,0.000000,-0.01369359,2026-03-23,2026-08-06,19,533,225,137,0.138686,0.347066,0.347707,0.003272,,,,,,,,GLOBAL_BASELINE_NO_ENTITY_RANKING,,,NOT_APPLICABLE_GLOBAL_BASELINE,HF9g-P5,,,,X 全窗基线 · 不参与实体赏罚,3925348,393,A168_HF9F_20260827_0900,2026-08-27 09:00:00
2026-03-23,123633016,2235,0,52.6634541960,52.6634541960,52.6634541960,1.0000000,1,1,0.49324550000000000,0.493245500000,1.01360149184955,1.01360149184955,1.01360149184955,0E-17,ELIGIBLE,R03b_20260811_FULL_v1,L1_ELIGIBILITY,v2026-08-11,2026-03-21..2026-08-06,baccarat_bet02_101_all_pairs_incl_sentinel,round_win = game_pnl > 0 (decisive only),COMPATIBILITY_ONLY_NOT_PRODUCTION,52336.9300,47513.8143,-61.7654,1417,1414,0.00118015,-0.01250000,0.00119359,0.00118015,61.7654,52336.9300,OK,0.0000,-2.4706,4.0000,96.0000,AG03-UNRESOLVED,ALL5_LEVELS_bet23_to_bet27,-2.4706,-2.4706,-2.4706,-2.4706,-2.4706,4.000000,4.000000,4.000000,4.000000,4.000000,96.000000,96.000000,96.000000,96.000000,96.000000,5.0,-12.3531,-11.4036,-49.4123,-50.3618,PENDING_AG03,FALSE,NOT_FOR_ENFORCEMENT,-59.2948,45613.2617,-61.7654,-59.2948,-2.4706,-0.00118015,-0.00113294,-2.4706,-59.2948,-0.00113294,-2.4706,-2.4706,-2.4706,-2.4706,-2.4706,-59.2948,-0.00113294,-12.3531,-11.4036,-49.4123,-50.3618,-0.00094412,-0.00096226,-0.00004721,36.9350,33.6024,-0.0437,-3.2508,-0.1159,2754.5753,74.4211,12.8426,37.0032,13.1659,26.3317,52.6635,71.0957,102.6937,147.4577,26.3317,0.0,3.9,5.6,1.402681,30,147,41,3,0.00098153,-0.00118015,0.01250000,0E-8,0.000000,0.907845,0.000000,-0.01369359,2026-03-23,2026-08-06,19,533,225,137,0.138686,0.347066,0.347707,0.003272,,,,,,,,GLOBAL_BASELINE_NO_ENTITY_RANKING,,,NOT_APPLICABLE_GLOBAL_BASELINE,HF9g-P5,,,,X 全窗基线 · 不参与实体赏罚,3925349,393,A168_HF9F_20260827_0900,2026-08-27 09:00:00
2026-03-23,123633016,2248,0,52.6634541960,-52.6634541960,-52.6634541960,0E-7,1,1,0.50665070000000000,0.506650700000,-1.013391052207602,-1.013391052207602,-1.013391052207602,0E-17,ELIGIBLE,R03b_20260811_FULL_v1,L1_ELIGIBILITY,v2026-08-11,2026-03-21..2026-08-06,baccarat_bet02_101_all_pairs_incl_sentinel,round_win = game_pnl > 0 (decisive only),COMPATIBILITY_ONLY_NOT_PRODUCTION,52336.9300,47513.8143,-61.7654,1417,1414,0.00118015,-0.01250000,0.00119359,0.00118015,61.7654,52336.9300,OK,0.0000,-2.4706,4.0000,96.0000,AG03-UNRESOLVED,ALL5_LEVELS_bet23_to_bet27,-2.4706,-2.4706,-2.4706,-2.4706,-2.4706,4.000000,4.000000,4.000000,4.000000,4.000000,96.000000,96.000000,96.000000,96.000000,96.000000,5.0,-12.3531,-11.4036,-49.4123,-50.3618,PENDING_AG03,FALSE,NOT_FOR_ENFORCEMENT,-59.2948,45613.2617,-61.7654,-59.2948,-2.4706,-0.00118015,-0.00113294,-2.4706,-59.2948,-0.00113294,-2.4706,-2.4706,-2.4706,-2.4706,-2.4706,-59.2948,-0.00113294,-12.3531,-11.4036,-49.4123,-50.3618,-0.00094412,-0.00096226,-0.00004721,36.9350,33.6024,-0.0437,-3.2508,-0.1159,2754.5753,74.4211,12.8426,37.0032,13.1659,26.3317,52.6635,71.0957,102.6937,147.4577,26.3317,0.0,3.9,5.6,1.402681,30,147,41,3,0.00098153,-0.00118015,0.01250000,0E-8,0.000000,0.907845,0.000000,-0.01369359,2026-03-23,2026-08-06,19,533,225,137,0.138686,0.347066,0.347707,0.003272,,,,,,,,GLOBAL_BASELINE_NO_ENTITY_RANKING,,,NOT_APPLICABLE_GLOBAL_BASELINE,HF9g-P5,,,,X 全窗基线 · 不参与实体赏罚,3925350,393,A168_HF9F_20260827_0900,2026-08-27 09:00:00
2026-03-23,123633016,2258,0,131.6586354900,78.9951812940,78.9951812940,0.8000000,5,5,0.49324550000000000,0.493245500000,1.3719730223118614,1.3719730223118614,1.3719730223118614,0E-17,ELIGIBLE,R03b_20260811_FULL_v1,L1_ELIGIBILITY,v2026-08-11,2026-03-21..2026-08-06,baccarat_bet02_101_all_pairs_incl_sentinel,round_win = game_pnl > 0 (decisive only),COMPATIBILITY_ONLY_NOT_PRODUCTION,52336.9300,47513.8143,-61.7654,1417,1414,0.00118015,-0.01250000,0.00119359,0.00118015,61.7654,52336.9300,OK,0.0000,-2.4706,4.0000,96.0000,AG03-UNRESOLVED,ALL5_LEVELS_bet23_to_bet27,-2.4706,-2.4706,-2.4706,-2.4706,-2.4706,4.000000,4.000000,4.000000,4.000000,4.000000,96.000000,96.000000,96.000000,96.000000,96.000000,5.0,-12.3531,-11.4036,-49.4123,-50.3618,PENDING_AG03,FALSE,NOT_FOR_ENFORCEMENT,-59.2948,45613.2617,-61.7654,-59.2948,-2.4706,-0.00118015,-0.00113294,-2.4706,-59.2948,-0.00113294,-2.4706,-2.4706,-2.4706,-2.4706,-2.4706,-59.2948,-0.00113294,-12.3531,-11.4036,-49.4123,-50.3618,-0.00094412,-0.00096226,-0.00004721,36.9350,33.6024,-0.0437,-3.2508,-0.1159,2754.5753,74.4211,12.8426,37.0032,13.1659,26.3317,52.6635,71.0957,102.6937,147.4577,26.3317,0.0,3.9,5.6,1.402681,30,147,41,3,0.00098153,-0.00118015,0.01250000,0E-8,0.000000,0.907845,0.000000,-0.01369359,2026-03-23,2026-08-06,19,533,225,137,0.138686,0.347066,0.347707,0.003272,,,,,,,,GLOBAL_BASELINE_NO_ENTITY_RANKING,,,NOT_APPLICABLE_GLOBAL_BASELINE,HF9g-P5,,,,X 全窗基线 · 不参与实体赏罚,3925351,393,A168_HF9F_20260827_0900,2026-08-27 09:00:00
2026-03-23,123633016,2264,0,368.6441793719,263.3172709799,263.3172709799,0.7500000,8,8,0.49492115000000000,0.494921150000,1.4430183229979692,1.4430183229979692,1.4430183229979692,0E-17,ELIGIBLE,R03b_20260811_FULL_v1,L1_ELIGIBILITY,v2026-08-11,2026-03-21..2026-08-06,baccarat_bet02_101_all_pairs_incl_sentinel,round_win = game_pnl > 0 (decisive only),COMPATIBILITY_ONLY_NOT_PRODUCTION,52336.9300,47513.8143,-61.7654,1417,1414,0.00118015,-0.01250000,0.00119359,0.00118015,61.7654,52336.9300,OK,0.0000,-2.4706,4.0000,96.0000,AG03-UNRESOLVED,ALL5_LEVELS_bet23_to_bet27,-2.4706,-2.4706,-2.4706,-2.4706,-2.4706,4.000000,4.000000,4.000000,4.000000,4.000000,96.000000,96.000000,96.000000,96.000000,96.000000,5.0,-12.3531,-11.4036,-49.4123,-50.3618,PENDING_AG03,FALSE,NOT_FOR_ENFORCEMENT,-59.2948,45613.2617,-61.7654,-59.2948,-2.4706,-0.00118015,-0.00113294,-2.4706,-59.2948,-0.00113294,-2.4706,-2.4706,-2.4706,-2.4706,-2.4706,-59.2948,-0.00113294,-12.3531,-11.4036,-49.4123,-50.3618,-0.00094412,-0.00096226,-0.00004721,36.9350,33.6024,-0.0437,-3.2508,-0.1159,2754.5753,74.4211,12.8426,37.0032,13.1659,26.3317,52.6635,71.0957,102.6937,147.4577,26.3317,0.0,3.9,5.6,1.402681,30,147,41,3,0.00098153,-0.00118015,0.01250000,0E-8,0.000000,0.907845,0.000000,-0.01369359,2026-03-23,2026-08-06,19,533,225,137,0.138686,0.347066,0.347707,0.003272,,,,,,,,GLOBAL_BASELINE_NO_ENTITY_RANKING,,,NOT_APPLICABLE_GLOBAL_BASELINE,HF9g-P5,,,,X 全窗基线 · 不参与实体赏罚,3925352,393,A168_HF9F_20260827_0900,2026-08-27 09:00:00
2026-03-23,123633016,2266,0,184.3220896859,-26.3317270981,-26.3317270981,0.3333333,3,3,0.49324550000000000,0.493245500000,-0.5540025479526107,-0.5540025479526106,-0.5540025479526107,0E-17,ELIGIBLE,R03b_20260811_FULL_v1,L1_ELIGIBILITY,v2026-08-11,2026-03-21..2026-08-06,baccarat_bet02_101_all_pairs_incl_sentinel,round_win = game_pnl > 0 (decisive only),COMPATIBILITY_ONLY_NOT_PRODUCTION,52336.9300,47513.8143,-61.7654,1417,1414,0.00118015,-0.01250000,0.00119359,0.00118015,61.7654,52336.9300,OK,0.0000,-2.4706,4.0000,96.0000,AG03-UNRESOLVED,ALL5_LEVELS_bet23_to_bet27,-2.4706,-2.4706,-2.4706,-2.4706,-2.4706,4.000000,4.000000,4.000000,4.000000,4.000000,96.000000,96.000000,96.000000,96.000000,96.000000,5.0,-12.3531,-11.4036,-49.4123,-50.3618,PENDING_AG03,FALSE,NOT_FOR_ENFORCEMENT,-59.2948,45613.2617,-61.7654,-59.2948,-2.4706,-0.00118015,-0.00113294,-2.4706,-59.2948,-0.00113294,-2.4706,-2.4706,-2.4706,-2.4706,-2.4706,-59.2948,-0.00113294,-12.3531,-11.4036,-49.4123,-50.3618,-0.00094412,-0.00096226,-0.00004721,36.9350,33.6024,-0.0437,-3.2508,-0.1159,2754.5753,74.4211,12.8426,37.0032,13.1659,26.3317,52.6635,71.0957,102.6937,147.4577,26.3317,0.0,3.9,5.6,1.402681,30,147,41,3,0.00098153,-0.00118015,0.01250000,0E-8,0.000000,0.907845,0.000000,-0.01369359,2026-03-23,2026-08-06,19,533,225,137,0.138686,0.347066,0.347707,0.003272,,,,,,,,GLOBAL_BASELINE_NO_ENTITY_RANKING,,,NOT_APPLICABLE_GLOBAL_BASELINE,HF9g-P5,,,,X 全窗基线 · 不参与实体赏罚,3925353,393,A168_HF9F_20260827_0900,2026-08-27 09:00:00
2026-03-23,123633016,529,0,157.9903625880,52.6634541960,52.6634541960,0.6666667,3,3,0.49324550000000000,0.493245500000,0.6008033672792107,0.6008033672792106,0.6008033672792107,0E-17,ELIGIBLE,R03b_20260811_FULL_v1,L1_ELIGIBILITY,v2026-08-11,2026-03-21..2026-08-06,baccarat_bet02_101_all_pairs_incl_sentinel,round_win = game_pnl > 0 (decisive only),COMPATIBILITY_ONLY_NOT_PRODUCTION,52336.9300,47513.8143,-61.7654,1417,1414,0.00118015,-0.01250000,0.00119359,0.00118015,61.7654,52336.9300,OK,0.0000,-2.4706,4.0000,96.0000,AG03-UNRESOLVED,ALL5_LEVELS_bet23_to_bet27,-2.4706,-2.4706,-2.4706,-2.4706,-2.4706,4.000000,4.000000,4.000000,4.000000,4.000000,96.000000,96.000000,96.000000,96.000000,96.000000,5.0,-12.3531,-11.4036,-49.4123,-50.3618,PENDING_AG03,FALSE,NOT_FOR_ENFORCEMENT,-59.2948,45613.2617,-61.7654,-59.2948,-2.4706,-0.00118015,-0.00113294,-2.4706,-59.2948,-0.00113294,-2.4706,-2.4706,-2.4706,-2.4706,-2.4706,-59.2948,-0.00113294,-12.3531,-11.4036,-49.4123,-50.3618,-0.00094412,-0.00096226,-0.00004721,36.9350,33.6024,-0.0437,-3.2508,-0.1159,2754.5753,74.4211,12.8426,37.0032,13.1659,26.3317,52.6635,71.0957,102.6937,147.4577,26.3317,0.0,3.9,5.6,1.402681,30,147,41,3,0.00098153,-0.00118015,0.01250000,0E-8,0.000000,0.907845,0.000000,-0.01369359,2026-03-23,2026-08-06,19,533,225,137,0.138686,0.347066,0.347707,0.003272,,,,,,,,GLOBAL_BASELINE_NO_ENTITY_RANKING,,,NOT_APPLICABLE_GLOBAL_BASELINE,HF9g-P5,,,,X 全窗基线 · 不参与实体赏罚,3925354,393,A168_HF9F_20260827_0900,2026-08-27 09:00:00
2026-03-23,123633016,583,0,155.3571898782,-1.3165863549,-1.3165863549,0.5000000,4,4,0.50329940000000000,0.503299400000,-0.01319788734859681,-0.01319788734859681,-0.01319788734859681,0E-17,ELIGIBLE,R03b_20260811_FULL_v1,L1_ELIGIBILITY,v2026-08-11,2026-03-21..2026-08-06,baccarat_bet02_101_all_pairs_incl_sentinel,round_win = game_pnl > 0 (decisive only),COMPATIBILITY_ONLY_NOT_PRODUCTION,52336.9300,47513.8143,-61.7654,1417,1414,0.00118015,-0.01250000,0.00119359,0.00118015,61.7654,52336.9300,OK,0.0000,-2.4706,4.0000,96.0000,AG03-UNRESOLVED,ALL5_LEVELS_bet23_to_bet27,-2.4706,-2.4706,-2.4706,-2.4706,-2.4706,4.000000,4.000000,4.000000,4.000000,4.000000,96.000000,96.000000,96.000000,96.000000,96.000000,5.0,-12.3531,-11.4036,-49.4123,-50.3618,PENDING_AG03,FALSE,NOT_FOR_ENFORCEMENT,-59.2948,45613.2617,-61.7654,-59.2948,-2.4706,-0.00118015,-0.00113294,-2.4706,-59.2948,-0.00113294,-2.4706,-2.4706,-2.4706,-2.4706,-2.4706,-59.2948,-0.00113294,-12.3531,-11.4036,-49.4123,-50.3618,-0.00094412,-0.00096226,-0.00004721,36.9350,33.6024,-0.0437,-3.2508,-0.1159,2754.5753,74.4211,12.8426,37.0032,13.1659,26.3317,52.6635,71.0957,102.6937,147.4577,26.3317,0.0,3.9,5.6,1.402681,30,147,41,3,0.00098153,-0.00118015,0.01250000,0E-8,0.000000,0.907845,0.000000,-0.01369359,2026-03-23,2026-08-06,19,533,225,137,0.138686,0.347066,0.347707,0.003272,,,,,,,,GLOBAL_BASELINE_NO_ENTITY_RANKING,,,NOT_APPLICABLE_GLOBAL_BASELINE,HF9g-P5,,,,X 全窗基线 · 不参与实体赏罚,3925355,393,A168_HF9F_20260827_0900,2026-08-27 09:00:00
2026-03-23,123633016,772,0,210.6538167839,-105.3269083919,-105.3269083919,0.3333333,3,3,0.49771390000000000,0.497713900000,-0.5694369385616226,-0.5694369385616226,-0.5694369385616226,0E-17,ELIGIBLE,R03b_20260811_FULL_v1,L1_ELIGIBILITY,v2026-08-11,2026-03-21..2026-08-06,baccarat_bet02_101_all_pairs_incl_sentinel,round_win = game_pnl > 0 (decisive only),COMPATIBILITY_ONLY_NOT_PRODUCTION,52336.9300,47513.8143,-61.7654,1417,1414,0.00118015,-0.01250000,0.00119359,0.00118015,61.7654,52336.9300,OK,0.0000,-2.4706,4.0000,96.0000,AG03-UNRESOLVED,ALL5_LEVELS_bet23_to_bet27,-2.4706,-2.4706,-2.4706,-2.4706,-2.4706,4.000000,4.000000,4.000000,4.000000,4.000000,96.000000,96.000000,96.000000,96.000000,96.000000,5.0,-12.3531,-11.4036,-49.4123,-50.3618,PENDING_AG03,FALSE,NOT_FOR_ENFORCEMENT,-59.2948,45613.2617,-61.7654,-59.2948,-2.4706,-0.00118015,-0.00113294,-2.4706,-59.2948,-0.00113294,-2.4706,-2.4706,-2.4706,-2.4706,-2.4706,-59.2948,-0.00113294,-12.3531,-11.4036,-49.4123,-50.3618,-0.00094412,-0.00096226,-0.00004721,36.9350,33.6024,-0.0437,-3.2508,-0.1159,2754.5753,74.4211,12.8426,37.0032,13.1659,26.3317,52.6635,71.0957,102.6937,147.4577,26.3317,0.0,3.9,5.6,1.402681,30,147,41,3,0.00098153,-0.00118015,0.01250000,0E-8,0.000000,0.907845,0.000000,-0.01369359,2026-03-23,2026-08-06,19,533,225,137,0.138686,0.347066,0.347707,0.003272,,,,,,,,GLOBAL_BASELINE_NO_ENTITY_RANKING,,,NOT_APPLICABLE_GLOBAL_BASELINE,HF9g-P5,,,,X 全窗基线 · 不参与实体赏罚,3925356,393,A168_HF9F_20260827_0900,2026-08-27 09:00:00
2026-03-23,123633016,986,0,524.0013692498,9.7427390263,9.7427390263,0.5000000,10,10,0.50128862000000000,0.501288620000,-0.00728955973225404,-0.00728955973225404,-0.00728955973225404,0E-17,ELIGIBLE,R03b_20260811_FULL_v1,L1_ELIGIBILITY,v2026-08-11,2026-03-21..2026-08-06,baccarat_bet02_101_all_pairs_incl_sentinel,round_win = game_pnl > 0 (decisive only),COMPATIBILITY_ONLY_NOT_PRODUCTION,52336.9300,47513.8143,-61.7654,1417,1414,0.00118015,-0.01250000,0.00119359,0.00118015,61.7654,52336.9300,OK,0.0000,-2.4706,4.0000,96.0000,AG03-UNRESOLVED,ALL5_LEVELS_bet23_to_bet27,-2.4706,-2.4706,-2.4706,-2.4706,-2.4706,4.000000,4.000000,4.000000,4.000000,4.000000,96.000000,96.000000,96.000000,96.000000,96.000000,5.0,-12.3531,-11.4036,-49.4123,-50.3618,PENDING_AG03,FALSE,NOT_FOR_ENFORCEMENT,-59.2948,45613.2617,-61.7654,-59.2948,-2.4706,-0.00118015,-0.00113294,-2.4706,-59.2948,-0.00113294,-2.4706,-2.4706,-2.4706,-2.4706,-2.4706,-59.2948,-0.00113294,-12.3531,-11.4036,-49.4123,-50.3618,-0.00094412,-0.00096226,-0.00004721,36.9350,33.6024,-0.0437,-3.2508,-0.1159,2754.5753,74.4211,12.8426,37.0032,13.1659,26.3317,52.6635,71.0957,102.6937,147.4577,26.3317,0.0,3.9,5.6,1.402681,30,147,41,3,0.00098153,-0.00118015,0.01250000,0E-8,0.000000,0.907845,0.000000,-0.01369359,2026-03-23,2026-08-06,19,533,225,137,0.138686,0.347066,0.347707,0.003272,,,,,,,,GLOBAL_BASELINE_NO_ENTITY_RANKING,,,NOT_APPLICABLE_GLOBAL_BASELINE,HF9g-P5,,,,X 全窗基线 · 不参与实体赏罚,3925357,393,A168_HF9F_20260827_0900,2026-08-27 09:00:00
2026-03-24,123633016,-1,1,5029.8865102577,327.3033678280,327.3033678280,0.5375000,87,87,0.49786798275862069,0.497867982759,0.708965522328683,0.7089655223218954,0.708965522328683,-3.7931E-13,SENTINEL_DEALER,R03b_20260811_FULL_v1,L1_ELIGIBILITY,v2026-08-11,2026-03-21..2026-08-06,baccarat_bet02_101_all_pairs_incl_sentinel,round_win = game_pnl > 0 (decisive only),COMPATIBILITY_ONLY_NOT_PRODUCTION,52336.9300,47513.8143,-61.7654,1417,1414,0.00118015,-0.01250000,0.00119359,0.00118015,61.7654,52336.9300,OK,0.0000,-2.4706,4.0000,96.0000,AG03-UNRESOLVED,ALL5_LEVELS_bet23_to_bet27,-2.4706,-2.4706,-2.4706,-2.4706,-2.4706,4.000000,4.000000,4.000000,4.000000,4.000000,96.000000,96.000000,96.000000,96.000000,96.000000,5.0,-12.3531,-11.4036,-49.4123,-50.3618,PENDING_AG03,FALSE,NOT_FOR_ENFORCEMENT,-59.2948,45613.2617,-61.7654,-59.2948,-2.4706,-0.00118015,-0.00113294,-2.4706,-59.2948,-0.00113294,-2.4706,-2.4706,-2.4706,-2.4706,-2.4706,-59.2948,-0.00113294,-12.3531,-11.4036,-49.4123,-50.3618,-0.00094412,-0.00096226,-0.00004721,36.9350,33.6024,-0.0437,-3.2508,-0.1159,2754.5753,74.4211,12.8426,37.0032,13.1659,26.3317,52.6635,71.0957,102.6937,147.4577,26.3317,0.0,3.9,5.6,1.402681,30,147,41,3,0.00098153,-0.00118015,0.01250000,0E-8,0.000000,0.907845,0.000000,-0.01369359,2026-03-23,2026-08-06,19,533,225,137,0.138686,0.347066,0.347707,0.003272,,,,,,,,GLOBAL_BASELINE_NO_ENTITY_RANKING,,,NOT_APPLICABLE_GLOBAL_BASELINE,HF9g-P5,,,,X 全窗基线 · 不参与实体赏罚,3925358,393,A168_HF9F_20260827_0900,2026-08-27 09:00:00
2026-03-24,123633016,1115,0,184.5854069568,-52.6634541959,-52.6634541959,0.5000000,3,3,0.49324550000000000,0.493245500000,0.01910635448239258,0.01910635448239258,0.01910635448239258,0E-17,ELIGIBLE,R03b_20260811_FULL_v1,L1_ELIGIBILITY,v2026-08-11,2026-03-21..2026-08-06,baccarat_bet02_101_all_pairs_incl_sentinel,round_win = game_pnl > 0 (decisive only),COMPATIBILITY_ONLY_NOT_PRODUCTION,52336.9300,47513.8143,-61.7654,1417,1414,0.00118015,-0.01250000,0.00119359,0.00118015,61.7654,52336.9300,OK,0.0000,-2.4706,4.0000,96.0000,AG03-UNRESOLVED,ALL5_LEVELS_bet23_to_bet27,-2.4706,-2.4706,-2.4706,-2.4706,-2.4706,4.000000,4.000000,4.000000,4.000000,4.000000,96.000000,96.000000,96.000000,96.000000,96.000000,5.0,-12.3531,-11.4036,-49.4123,-50.3618,PENDING_AG03,FALSE,NOT_FOR_ENFORCEMENT,-59.2948,45613.2617,-61.7654,-59.2948,-2.4706,-0.00118015,-0.00113294,-2.4706,-59.2948,-0.00113294,-2.4706,-2.4706,-2.4706,-2.4706,-2.4706,-59.2948,-0.00113294,-12.3531,-11.4036,-49.4123,-50.3618,-0.00094412,-0.00096226,-0.00004721,36.9350,33.6024,-0.0437,-3.2508,-0.1159,2754.5753,74.4211,12.8426,37.0032,13.1659,26.3317,52.6635,71.0957,102.6937,147.4577,26.3317,0.0,3.9,5.6,1.402681,30,147,41,3,0.00098153,-0.00118015,0.01250000,0E-8,0.000000,0.907845,0.000000,-0.01369359,2026-03-23,2026-08-06,19,533,225,137,0.138686,0.347066,0.347707,0.003272,,,,,,,,GLOBAL_BASELINE_NO_ENTITY_RANKING,,,NOT_APPLICABLE_GLOBAL_BASELINE,HF9g-P5,,,,X 全窗基线 · 不参与实体赏罚,3925359,393,A168_HF9F_20260827_0900,2026-08-27 09:00:00
2026-03-24,123633016,1151,0,426.0473444453,-54.2433578219,-54.2433578219,0.5714286,7,7,0.49324550000000000,0.493245500000,0.4137436818725812,0.41374368187258126,0.4137436818725812,0E-17,ELIGIBLE,R03b_20260811_FULL_v1,L1_ELIGIBILITY,v2026-08-11,2026-03-21..2026-08-06,baccarat_bet02_101_all_pairs_incl_sentinel,round_win = game_pnl > 0 (decisive only),COMPATIBILITY_ONLY_NOT_PRODUCTION,52336.9300,47513.8143,-61.7654,1417,1414,0.00118015,-0.01250000,0.00119359,0.00118015,61.7654,52336.9300,OK,0.0000,-2.4706,4.0000,96.0000,AG03-UNRESOLVED,ALL5_LEVELS_bet23_to_bet27,-2.4706,-2.4706,-2.4706,-2.4706,-2.4706,4.000000,4.000000,4.000000,4.000000,4.000000,96.000000,96.000000,96.000000,96.000000,96.000000,5.0,-12.3531,-11.4036,-49.4123,-50.3618,PENDING_AG03,FALSE,NOT_FOR_ENFORCEMENT,-59.2948,45613.2617,-61.7654,-59.2948,-2.4706,-0.00118015,-0.00113294,-2.4706,-59.2948,-0.00113294,-2.4706,-2.4706,-2.4706,-2.4706,-2.4706,-59.2948,-0.00113294,-12.3531,-11.4036,-49.4123,-50.3618,-0.00094412,-0.00096226,-0.00004721,36.9350,33.6024,-0.0437,-3.2508,-0.1159,2754.5753,74.4211,12.8426,37.0032,13.1659,26.3317,52.6635,71.0957,102.6937,147.4577,26.3317,0.0,3.9,5.6,1.402681,30,147,41,3,0.00098153,-0.00118015,0.01250000,0E-8,0.000000,0.907845,0.000000,-0.01369359,2026-03-23,2026-08-06,19,533,225,137,0.138686,0.347066,0.347707,0.003272,,,,,,,,GLOBAL_BASELINE_NO_ENTITY_RANKING,,,NOT_APPLICABLE_GLOBAL_BASELINE,HF9g-P5,,,,X 全窗基线 · 不参与实体赏罚,3925360,393,A168_HF9F_20260827_0900,2026-08-27 09:00:00
2026-03-24,123633016,1296,0,52.6634541960,-52.6634541960,-52.6634541960,0E-7,1,1,0.49324550000000000,0.493245500000,-0.9865810262130424,-0.9865810262130424,-0.9865810262130424,0E-17,ELIGIBLE,R03b_20260811_FULL_v1,L1_ELIGIBILITY,v2026-08-11,2026-03-21..2026-08-06,baccarat_bet02_101_all_pairs_incl_sentinel,round_win = game_pnl > 0 (decisive only),COMPATIBILITY_ONLY_NOT_PRODUCTION,52336.9300,47513.8143,-61.7654,1417,1414,0.00118015,-0.01250000,0.00119359,0.00118015,61.7654,52336.9300,OK,0.0000,-2.4706,4.0000,96.0000,AG03-UNRESOLVED,ALL5_LEVELS_bet23_to_bet27,-2.4706,-2.4706,-2.4706,-2.4706,-2.4706,4.000000,4.000000,4.000000,4.000000,4.000000,96.000000,96.000000,96.000000,96.000000,96.000000,5.0,-12.3531,-11.4036,-49.4123,-50.3618,PENDING_AG03,FALSE,NOT_FOR_ENFORCEMENT,-59.2948,45613.2617,-61.7654,-59.2948,-2.4706,-0.00118015,-0.00113294,-2.4706,-59.2948,-0.00113294,-2.4706,-2.4706,-2.4706,-2.4706,-2.4706,-59.2948,-0.00113294,-12.3531,-11.4036,-49.4123,-50.3618,-0.00094412,-0.00096226,-0.00004721,36.9350,33.6024,-0.0437,-3.2508,-0.1159,2754.5753,74.4211,12.8426,37.0032,13.1659,26.3317,52.6635,71.0957,102.6937,147.4577,26.3317,0.0,3.9,5.6,1.402681,30,147,41,3,0.00098153,-0.00118015,0.01250000,0E-8,0.000000,0.907845,0.000000,-0.01369359,2026-03-23,2026-08-06,19,533,225,137,0.138686,0.347066,0.347707,0.003272,,,,,,,,GLOBAL_BASELINE_NO_ENTITY_RANKING,,,NOT_APPLICABLE_GLOBAL_BASELINE,HF9g-P5,,,,X 全窗基线 · 不参与实体赏罚,3925361,393,A168_HF9F_20260827_0900,2026-08-27 09:00:00
2026-03-24,123633016,1299,0,106.1168602049,-52.9267714669,-52.9267714669,0.3333333,3,3,0.49324550000000000,0.493245500000,-0.5540025479526107,-0.5540025479526106,-0.5540025479526107,0E-17,ELIGIBLE,R03b_20260811_FULL_v1,L1_ELIGIBILITY,v2026-08-11,2026-03-21..2026-08-06,baccarat_bet02_101_all_pairs_incl_sentinel,round_win = game_pnl > 0 (decisive only),COMPATIBILITY_ONLY_NOT_PRODUCTION,52336.9300,47513.8143,-61.7654,1417,1414,0.00118015,-0.01250000,0.00119359,0.00118015,61.7654,52336.9300,OK,0.0000,-2.4706,4.0000,96.0000,AG03-UNRESOLVED,ALL5_LEVELS_bet23_to_bet27,-2.4706,-2.4706,-2.4706,-2.4706,-2.4706,4.000000,4.000000,4.000000,4.000000,4.000000,96.000000,96.000000,96.000000,96.000000,96.000000,5.0,-12.3531,-11.4036,-49.4123,-50.3618,PENDING_AG03,FALSE,NOT_FOR_ENFORCEMENT,-59.2948,45613.2617,-61.7654,-59.2948,-2.4706,-0.00118015,-0.00113294,-2.4706,-59.2948,-0.00113294,-2.4706,-2.4706,-2.4706,-2.4706,-2.4706,-59.2948,-0.00113294,-12.3531,-11.4036,-49.4123,-50.3618,-0.00094412,-0.00096226,-0.00004721,36.9350,33.6024,-0.0437,-3.2508,-0.1159,2754.5753,74.4211,12.8426,37.0032,13.1659,26.3317,52.6635,71.0957,102.6937,147.4577,26.3317,0.0,3.9,5.6,1.402681,30,147,41,3,0.00098153,-0.00118015,0.01250000,0E-8,0.000000,0.907845,0.000000,-0.01369359,2026-03-23,2026-08-06,19,533,225,137,0.138686,0.347066,0.347707,0.003272,,,,,,,,GLOBAL_BASELINE_NO_ENTITY_RANKING,,,NOT_APPLICABLE_GLOBAL_BASELINE,HF9g-P5,,,,X 全窗基线 · 不参与实体赏罚,3925362,393,A168_HF9F_20260827_0900,2026-08-27 09:00:00
2026-03-24,123633016,1301,0,500.3028148616,-26.3317270980,-26.3317270980,0.6000000,5,5,0.49324550000000000,0.493245500000,0.47746420675292983,0.47746420675292983,0.47746420675292983,0E-17,ELIGIBLE,R03b_20260811_FULL_v1,L1_ELIGIBILITY,v2026-08-11,2026-03-21..2026-08-06,baccarat_bet02_101_all_pairs_incl_sentinel,round_win = game_pnl > 0 (decisive only),COMPATIBILITY_ONLY_NOT_PRODUCTION,52336.9300,47513.8143,-61.7654,1417,1414,0.00118015,-0.01250000,0.00119359,0.00118015,61.7654,52336.9300,OK,0.0000,-2.4706,4.0000,96.0000,AG03-UNRESOLVED,ALL5_LEVELS_bet23_to_bet27,-2.4706,-2.4706,-2.4706,-2.4706,-2.4706,4.000000,4.000000,4.000000,4.000000,4.000000,96.000000,96.000000,96.000000,96.000000,96.000000,5.0,-12.3531,-11.4036,-49.4123,-50.3618,PENDING_AG03,FALSE,NOT_FOR_ENFORCEMENT,-59.2948,45613.2617,-61.7654,-59.2948,-2.4706,-0.00118015,-0.00113294,-2.4706,-59.2948,-0.00113294,-2.4706,-2.4706,-2.4706,-2.4706,-2.4706,-59.2948,-0.00113294,-12.3531,-11.4036,-49.4123,-50.3618,-0.00094412,-0.00096226,-0.00004721,36.9350,33.6024,-0.0437,-3.2508,-0.1159,2754.5753,74.4211,12.8426,37.0032,13.1659,26.3317,52.6635,71.0957,102.6937,147.4577,26.3317,0.0,3.9,5.6,1.402681,30,147,41,3,0.00098153,-0.00118015,0.01250000,0E-8,0.000000,0.907845,0.000000,-0.01369359,2026-03-23,2026-08-06,19,533,225,137,0.138686,0.347066,0.347707,0.003272,,,,,,,,GLOBAL_BASELINE_NO_ENTITY_RANKING,,,NOT_APPLICABLE_GLOBAL_BASELINE,HF9g-P5,,,,X 全窗基线 · 不参与实体赏罚,3925363,393,A168_HF9F_20260827_0900,2026-08-27 09:00:00
2026-03-24,123633016,1304,0,315.9807251760,-3.9497590647,-3.9497590647,0.5000000,10,9,0.49870687777777778,0.498458633333,0.007315028401801832,0.008719328011297618,0.007315028401801832,0.00024824444477778,ELIGIBLE,R03b_20260811_FULL_v1,L1_ELIGIBILITY,v2026-08-11,2026-03-21..2026-08-06,baccarat_bet02_101_all_pairs_incl_sentinel,round_win = game_pnl > 0 (decisive only),COMPATIBILITY_ONLY_NOT_PRODUCTION,52336.9300,47513.8143,-61.7654,1417,1414,0.00118015,-0.01250000,0.00119359,0.00118015,61.7654,52336.9300,OK,0.0000,-2.4706,4.0000,96.0000,AG03-UNRESOLVED,ALL5_LEVELS_bet23_to_bet27,-2.4706,-2.4706,-2.4706,-2.4706,-2.4706,4.000000,4.000000,4.000000,4.000000,4.000000,96.000000,96.000000,96.000000,96.000000,96.000000,5.0,-12.3531,-11.4036,-49.4123,-50.3618,PENDING_AG03,FALSE,NOT_FOR_ENFORCEMENT,-59.2948,45613.2617,-61.7654,-59.2948,-2.4706,-0.00118015,-0.00113294,-2.4706,-59.2948,-0.00113294,-2.4706,-2.4706,-2.4706,-2.4706,-2.4706,-59.2948,-0.00113294,-12.3531,-11.4036,-49.4123,-50.3618,-0.00094412,-0.00096226,-0.00004721,36.9350,33.6024,-0.0437,-3.2508,-0.1159,2754.5753,74.4211,12.8426,37.0032,13.1659,26.3317,52.6635,71.0957,102.6937,147.4577,26.3317,0.0,3.9,5.6,1.402681,30,147,41,3,0.00098153,-0.00118015,0.01250000,0E-8,0.000000,0.907845,0.000000,-0.01369359,2026-03-23,2026-08-06,19,533,225,137,0.138686,0.347066,0.347707,0.003272,,,,,,,,GLOBAL_BASELINE_NO_ENTITY_RANKING,,,NOT_APPLICABLE_GLOBAL_BASELINE,HF9g-P5,,,,X 全窗基线 · 不参与实体赏罚,3925364,393,A168_HF9F_20260827_0900,2026-08-27 09:00:00
2026-03-24,123633016,1318,0,155.3571898782,0E-10,0E-10,0.6666667,4,4,0.50665070000000000,0.506650700000,0.5543606114942035,0.5543606114942035,0.5543606114942035,0E-17,ELIGIBLE,R03b_20260811_FULL_v1,L1_ELIGIBILITY,v2026-08-11,2026-03-21..2026-08-06,baccarat_bet02_101_all_pairs_incl_sentinel,round_win = game_pnl > 0 (decisive only),COMPATIBILITY_ONLY_NOT_PRODUCTION,52336.9300,47513.8143,-61.7654,1417,1414,0.00118015,-0.01250000,0.00119359,0.00118015,61.7654,52336.9300,OK,0.0000,-2.4706,4.0000,96.0000,AG03-UNRESOLVED,ALL5_LEVELS_bet23_to_bet27,-2.4706,-2.4706,-2.4706,-2.4706,-2.4706,4.000000,4.000000,4.000000,4.000000,4.000000,96.000000,96.000000,96.000000,96.000000,96.000000,5.0,-12.3531,-11.4036,-49.4123,-50.3618,PENDING_AG03,FALSE,NOT_FOR_ENFORCEMENT,-59.2948,45613.2617,-61.7654,-59.2948,-2.4706,-0.00118015,-0.00113294,-2.4706,-59.2948,-0.00113294,-2.4706,-2.4706,-2.4706,-2.4706,-2.4706,-59.2948,-0.00113294,-12.3531,-11.4036,-49.4123,-50.3618,-0.00094412,-0.00096226,-0.00004721,36.9350,33.6024,-0.0437,-3.2508,-0.1159,2754.5753,74.4211,12.8426,37.0032,13.1659,26.3317,52.6635,71.0957,102.6937,147.4577,26.3317,0.0,3.9,5.6,1.402681,30,147,41,3,0.00098153,-0.00118015,0.01250000,0E-8,0.000000,0.907845,0.000000,-0.01369359,2026-03-23,2026-08-06,19,533,225,137,0.138686,0.347066,0.347707,0.003272,,,,,,,,GLOBAL_BASELINE_NO_ENTITY_RANKING,,,NOT_APPLICABLE_GLOBAL_BASELINE,HF9g-P5,,,,X 全窗基线 · 不参与实体赏罚,3925365,393,A168_HF9F_20260827_0900,2026-08-27 09:00:00
2026-03-24,123633016,1323,0,287.0158253682,153.5139689813,153.5139689813,0.7500000,10,10,0.49860758000000000,0.498607580000,1.4220957937916714,1.4220957937916714,1.4220957937916714,0E-17,ELIGIBLE,R03b_20260811_FULL_v1,L1_ELIGIBILITY,v2026-08-11,2026-03-21..2026-08-06,baccarat_bet02_101_all_pairs_incl_sentinel,round_win = game_pnl > 0 (decisive only),COMPATIBILITY_ONLY_NOT_PRODUCTION,52336.9300,47513.8143,-61.7654,1417,1414,0.00118015,-0.01250000,0.00119359,0.00118015,61.7654,52336.9300,OK,0.0000,-2.4706,4.0000,96.0000,AG03-UNRESOLVED,ALL5_LEVELS_bet23_to_bet27,-2.4706,-2.4706,-2.4706,-2.4706,-2.4706,4.000000,4.000000,4.000000,4.000000,4.000000,96.000000,96.000000,96.000000,96.000000,96.000000,5.0,-12.3531,-11.4036,-49.4123,-50.3618,PENDING_AG03,FALSE,NOT_FOR_ENFORCEMENT,-59.2948,45613.2617,-61.7654,-59.2948,-2.4706,-0.00118015,-0.00113294,-2.4706,-59.2948,-0.00113294,-2.4706,-2.4706,-2.4706,-2.4706,-2.4706,-59.2948,-0.00113294,-12.3531,-11.4036,-49.4123,-50.3618,-0.00094412,-0.00096226,-0.00004721,36.9350,33.6024,-0.0437,-3.2508,-0.1159,2754.5753,74.4211,12.8426,37.0032,13.1659,26.3317,52.6635,71.0957,102.6937,147.4577,26.3317,0.0,3.9,5.6,1.402681,30,147,41,3,0.00098153,-0.00118015,0.01250000,0E-8,0.000000,0.907845,0.000000,-0.01369359,2026-03-23,2026-08-06,19,533,225,137,0.138686,0.347066,0.347707,0.003272,,,,,,,,GLOBAL_BASELINE_NO_ENTITY_RANKING,,,NOT_APPLICABLE_GLOBAL_BASELINE,HF9g-P5,,,,X 全窗基线 · 不参与实体赏罚,3925366,393,A168_HF9F_20260827_0900,2026-08-27 09:00:00
2026-03-24,123633016,1325,0,78.9951812940,-27.6483134529,-27.6483134529,0.3333333,3,3,0.50218230000000000,0.502182300000,-0.5849155494134425,-0.5849155494134426,-0.5849155494134425,0E-17,ELIGIBLE,R03b_20260811_FULL_v1,L1_ELIGIBILITY,v2026-08-11,2026-03-21..2026-08-06,baccarat_bet02_101_all_pairs_incl_sentinel,round_win = game_pnl > 0 (decisive only),COMPATIBILITY_ONLY_NOT_PRODUCTION,52336.9300,47513.8143,-61.7654,1417,1414,0.00118015,-0.01250000,0.00119359,0.00118015,61.7654,52336.9300,OK,0.0000,-2.4706,4.0000,96.0000,AG03-UNRESOLVED,ALL5_LEVELS_bet23_to_bet27,-2.4706,-2.4706,-2.4706,-2.4706,-2.4706,4.000000,4.000000,4.000000,4.000000,4.000000,96.000000,96.000000,96.000000,96.000000,96.000000,5.0,-12.3531,-11.4036,-49.4123,-50.3618,PENDING_AG03,FALSE,NOT_FOR_ENFORCEMENT,-59.2948,45613.2617,-61.7654,-59.2948,-2.4706,-0.00118015,-0.00113294,-2.4706,-59.2948,-0.00113294,-2.4706,-2.4706,-2.4706,-2.4706,-2.4706,-59.2948,-0.00113294,-12.3531,-11.4036,-49.4123,-50.3618,-0.00094412,-0.00096226,-0.00004721,36.9350,33.6024,-0.0437,-3.2508,-0.1159,2754.5753,74.4211,12.8426,37.0032,13.1659,26.3317,52.6635,71.0957,102.6937,147.4577,26.3317,0.0,3.9,5.6,1.402681,30,147,41,3,0.00098153,-0.00118015,0.01250000,0E-8,0.000000,0.907845,0.000000,-0.01369359,2026-03-23,2026-08-06,19,533,225,137,0.138686,0.347066,0.347707,0.003272,,,,,,,,GLOBAL_BASELINE_NO_ENTITY_RANKING,,,NOT_APPLICABLE_GLOBAL_BASELINE,HF9g-P5,,,,X 全窗基线 · 不参与实体赏罚,3925367,393,A168_HF9F_20260827_0900,2026-08-27 09:00:00
2026-03-24,123633016,1330,0,302.8148616269,-71.7539563420,-71.7539563420,0.5000000,4,4,0.50665070000000000,0.506650700000,-0.02660515369234503,-0.02660515369234503,-0.02660515369234503,0E-17,ELIGIBLE,R03b_20260811_FULL_v1,L1_ELIGIBILITY,v2026-08-11,2026-03-21..2026-08-06,baccarat_bet02_101_all_pairs_incl_sentinel,round_win = game_pnl > 0 (decisive only),COMPATIBILITY_ONLY_NOT_PRODUCTION,52336.9300,47513.8143,-61.7654,1417,1414,0.00118015,-0.01250000,0.00119359,0.00118015,61.7654,52336.9300,OK,0.0000,-2.4706,4.0000,96.0000,AG03-UNRESOLVED,ALL5_LEVELS_bet23_to_bet27,-2.4706,-2.4706,-2.4706,-2.4706,-2.4706,4.000000,4.000000,4.000000,4.000000,4.000000,96.000000,96.000000,96.000000,96.000000,96.000000,5.0,-12.3531,-11.4036,-49.4123,-50.3618,PENDING_AG03,FALSE,NOT_FOR_ENFORCEMENT,-59.2948,45613.2617,-61.7654,-59.2948,-2.4706,-0.00118015,-0.00113294,-2.4706,-59.2948,-0.00113294,-2.4706,-2.4706,-2.4706,-2.4706,-2.4706,-59.2948,-0.00113294,-12.3531,-11.4036,-49.4123,-50.3618,-0.00094412,-0.00096226,-0.00004721,36.9350,33.6024,-0.0437,-3.2508,-0.1159,2754.5753,74.4211,12.8426,37.0032,13.1659,26.3317,52.6635,71.0957,102.6937,147.4577,26.3317,0.0,3.9,5.6,1.402681,30,147,41,3,0.00098153,-0.00118015,0.01250000,0E-8,0.000000,0.907845,0.000000,-0.01369359,2026-03-23,2026-08-06,19,533,225,137,0.138686,0.347066,0.347707,0.003272,,,,,,,,GLOBAL_BASELINE_NO_ENTITY_RANKING,,,NOT_APPLICABLE_GLOBAL_BASELINE,HF9g-P5,,,,X 全窗基线 · 不参与实体赏罚,3925368,393,A168_HF9F_20260827_0900,2026-08-27 09:00:00
2026-03-24,123633016,1363,0,134.2918081998,-9.7427390263,-9.7427390263,0.5000000,5,5,0.50128862000000000,0.501288620000,-0.0051544971185412255,-0.0051544971185412255,-0.0051544971185412255,0E-17,ELIGIBLE,R03b_20260811_FULL_v1,L1_ELIGIBILITY,v2026-08-11,2026-03-21..2026-08-06,baccarat_bet02_101_all_pairs_incl_sentinel,round_win = game_pnl > 0 (decisive only),COMPATIBILITY_ONLY_NOT_PRODUCTION,52336.9300,47513.8143,-61.7654,1417,1414,0.00118015,-0.01250000,0.00119359,0.00118015,61.7654,52336.9300,OK,0.0000,-2.4706,4.0000,96.0000,AG03-UNRESOLVED,ALL5_LEVELS_bet23_to_bet27,-2.4706,-2.4706,-2.4706,-2.4706,-2.4706,4.000000,4.000000,4.000000,4.000000,4.000000,96.000000,96.000000,96.000000,96.000000,96.000000,5.0,-12.3531,-11.4036,-49.4123,-50.3618,PENDING_AG03,FALSE,NOT_FOR_ENFORCEMENT,-59.2948,45613.2617,-61.7654,-59.2948,-2.4706,-0.00118015,-0.00113294,-2.4706,-59.2948,-0.00113294,-2.4706,-2.4706,-2.4706,-2.4706,-2.4706,-59.2948,-0.00113294,-12.3531,-11.4036,-49.4123,-50.3618,-0.00094412,-0.00096226,-0.00004721,36.9350,33.6024,-0.0437,-3.2508,-0.1159,2754.5753,74.4211,12.8426,37.0032,13.1659,26.3317,52.6635,71.0957,102.6937,147.4577,26.3317,0.0,3.9,5.6,1.402681,30,147,41,3,0.00098153,-0.00118015,0.01250000,0E-8,0.000000,0.907845,0.000000,-0.01369359,2026-03-23,2026-08-06,19,533,225,137,0.138686,0.347066,0.347707,0.003272,,,,,,,,GLOBAL_BASELINE_NO_ENTITY_RANKING,,,NOT_APPLICABLE_GLOBAL_BASELINE,HF9g-P5,,,,X 全窗基线 · 不参与实体赏罚,3925369,393,A168_HF9F_20260827_0900,2026-08-27 09:00:00
2026-03-24,123633016,1383,0,52.6634541960,-52.6634541960,-52.6634541960,0E-7,2,2,0.50665070000000000,0.506650700000,-1.4331513700195317,-1.4331513700195317,-1.4331513700195317,0E-17,ELIGIBLE,R03b_20260811_FULL_v1,L1_ELIGIBILITY,v2026-08-11,2026-03-21..2026-08-06,baccarat_bet02_101_all_pairs_incl_sentinel,round_win = game_pnl > 0 (decisive only),COMPATIBILITY_ONLY_NOT_PRODUCTION,52336.9300,47513.8143,-61.7654,1417,1414,0.00118015,-0.01250000,0.00119359,0.00118015,61.7654,52336.9300,OK,0.0000,-2.4706,4.0000,96.0000,AG03-UNRESOLVED,ALL5_LEVELS_bet23_to_bet27,-2.4706,-2.4706,-2.4706,-2.4706,-2.4706,4.000000,4.000000,4.000000,4.000000,4.000000,96.000000,96.000000,96.000000,96.000000,96.000000,5.0,-12.3531,-11.4036,-49.4123,-50.3618,PENDING_AG03,FALSE,NOT_FOR_ENFORCEMENT,-59.2948,45613.2617,-61.7654,-59.2948,-2.4706,-0.00118015,-0.00113294,-2.4706,-59.2948,-0.00113294,-2.4706,-2.4706,-2.4706,-2.4706,-2.4706,-59.2948,-0.00113294,-12.3531,-11.4036,-49.4123,-50.3618,-0.00094412,-0.00096226,-0.00004721,36.9350,33.6024,-0.0437,-3.2508,-0.1159,2754.5753,74.4211,12.8426,37.0032,13.1659,26.3317,52.6635,71.0957,102.6937,147.4577,26.3317,0.0,3.9,5.6,1.402681,30,147,41,3,0.00098153,-0.00118015,0.01250000,0E-8,0.000000,0.907845,0.000000,-0.01369359,2026-03-23,2026-08-06,19,533,225,137,0.138686,0.347066,0.347707,0.003272,,,,,,,,GLOBAL_BASELINE_NO_ENTITY_RANKING,,,NOT_APPLICABLE_GLOBAL_BASELINE,HF9g-P5,,,,X 全窗基线 · 不参与实体赏罚,3925370,393,A168_HF9F_20260827_0900,2026-08-27 09:00:00
2026-03-24,123633016,1384,0,78.9951812939,-78.9951812939,-78.9951812939,0E-7,1,1,0.49324550000000000,0.493245500000,-0.9865810262130424,-0.9865810262130424,-0.9865810262130424,0E-17,ELIGIBLE,R03b_20260811_FULL_v1,L1_ELIGIBILITY,v2026-08-11,2026-03-21..2026-08-06,baccarat_bet02_101_all_pairs_incl_sentinel,round_win = game_pnl > 0 (decisive only),COMPATIBILITY_ONLY_NOT_PRODUCTION,52336.9300,47513.8143,-61.7654,1417,1414,0.00118015,-0.01250000,0.00119359,0.00118015,61.7654,52336.9300,OK,0.0000,-2.4706,4.0000,96.0000,AG03-UNRESOLVED,ALL5_LEVELS_bet23_to_bet27,-2.4706,-2.4706,-2.4706,-2.4706,-2.4706,4.000000,4.000000,4.000000,4.000000,4.000000,96.000000,96.000000,96.000000,96.000000,96.000000,5.0,-12.3531,-11.4036,-49.4123,-50.3618,PENDING_AG03,FALSE,NOT_FOR_ENFORCEMENT,-59.2948,45613.2617,-61.7654,-59.2948,-2.4706,-0.00118015,-0.00113294,-2.4706,-59.2948,-0.00113294,-2.4706,-2.4706,-2.4706,-2.4706,-2.4706,-59.2948,-0.00113294,-12.3531,-11.4036,-49.4123,-50.3618,-0.00094412,-0.00096226,-0.00004721,36.9350,33.6024,-0.0437,-3.2508,-0.1159,2754.5753,74.4211,12.8426,37.0032,13.1659,26.3317,52.6635,71.0957,102.6937,147.4577,26.3317,0.0,3.9,5.6,1.402681,30,147,41,3,0.00098153,-0.00118015,0.01250000,0E-8,0.000000,0.907845,0.000000,-0.01369359,2026-03-23,2026-08-06,19,533,225,137,0.138686,0.347066,0.347707,0.003272,,,,,,,,GLOBAL_BASELINE_NO_ENTITY_RANKING,,,NOT_APPLICABLE_GLOBAL_BASELINE,HF9g-P5,,,,X 全窗基线 · 不参与实体赏罚,3925371,393,A168_HF9F_20260827_0900,2026-08-27 09:00:00
2026-03-24,123633016,1385,0,92.1610448430,-13.1658635490,-13.1658635490,0.6666667,3,3,0.49324550000000000,0.493245500000,0.6008033672792107,0.6008033672792106,0.6008033672792107,0E-17,ELIGIBLE,R03b_20260811_FULL_v1,L1_ELIGIBILITY,v2026-08-11,2026-03-21..2026-08-06,baccarat_bet02_101_all_pairs_incl_sentinel,round_win = game_pnl > 0 (decisive only),COMPATIBILITY_ONLY_NOT_PRODUCTION,52336.9300,47513.8143,-61.7654,1417,1414,0.00118015,-0.01250000,0.00119359,0.00118015,61.7654,52336.9300,OK,0.0000,-2.4706,4.0000,96.0000,AG03-UNRESOLVED,ALL5_LEVELS_bet23_to_bet27,-2.4706,-2.4706,-2.4706,-2.4706,-2.4706,4.000000,4.000000,4.000000,4.000000,4.000000,96.000000,96.000000,96.000000,96.000000,96.000000,5.0,-12.3531,-11.4036,-49.4123,-50.3618,PENDING_AG03,FALSE,NOT_FOR_ENFORCEMENT,-59.2948,45613.2617,-61.7654,-59.2948,-2.4706,-0.00118015,-0.00113294,-2.4706,-59.2948,-0.00113294,-2.4706,-2.4706,-2.4706,-2.4706,-2.4706,-59.2948,-0.00113294,-12.3531,-11.4036,-49.4123,-50.3618,-0.00094412,-0.00096226,-0.00004721,36.9350,33.6024,-0.0437,-3.2508,-0.1159,2754.5753,74.4211,12.8426,37.0032,13.1659,26.3317,52.6635,71.0957,102.6937,147.4577,26.3317,0.0,3.9,5.6,1.402681,30,147,41,3,0.00098153,-0.00118015,0.01250000,0E-8,0.000000,0.907845,0.000000,-0.01369359,2026-03-23,2026-08-06,19,533,225,137,0.138686,0.347066,0.347707,0.003272,,,,,,,,GLOBAL_BASELINE_NO_ENTITY_RANKING,,,NOT_APPLICABLE_GLOBAL_BASELINE,HF9g-P5,,,,X 全窗基线 · 不参与实体赏罚,3925372,393,A168_HF9F_20260827_0900,2026-08-27 09:00:00
2026-03-24,123633016,1401,0,105.3269083920,0E-10,0E-10,,2,2,0.50665070000000000,0.506650700000,,,,0E-17,NO_DECISIVE_ROUND,R03b_20260811_FULL_v1,L1_ELIGIBILITY,v2026-08-11,2026-03-21..2026-08-06,baccarat_bet02_101_all_pairs_incl_sentinel,round_win = game_pnl > 0 (decisive only),COMPATIBILITY_ONLY_NOT_PRODUCTION,52336.9300,47513.8143,-61.7654,1417,1414,0.00118015,-0.01250000,0.00119359,0.00118015,61.7654,52336.9300,OK,0.0000,-2.4706,4.0000,96.0000,AG03-UNRESOLVED,ALL5_LEVELS_bet23_to_bet27,-2.4706,-2.4706,-2.4706,-2.4706,-2.4706,4.000000,4.000000,4.000000,4.000000,4.000000,96.000000,96.000000,96.000000,96.000000,96.000000,5.0,-12.3531,-11.4036,-49.4123,-50.3618,PENDING_AG03,FALSE,NOT_FOR_ENFORCEMENT,-59.2948,45613.2617,-61.7654,-59.2948,-2.4706,-0.00118015,-0.00113294,-2.4706,-59.2948,-0.00113294,-2.4706,-2.4706,-2.4706,-2.4706,-2.4706,-59.2948,-0.00113294,-12.3531,-11.4036,-49.4123,-50.3618,-0.00094412,-0.00096226,-0.00004721,36.9350,33.6024,-0.0437,-3.2508,-0.1159,2754.5753,74.4211,12.8426,37.0032,13.1659,26.3317,52.6635,71.0957,102.6937,147.4577,26.3317,0.0,3.9,5.6,1.402681,30,147,41,3,0.00098153,-0.00118015,0.01250000,0E-8,0.000000,0.907845,0.000000,-0.01369359,2026-03-23,2026-08-06,19,533,225,137,0.138686,0.347066,0.347707,0.003272,,,,,,,,GLOBAL_BASELINE_NO_ENTITY_RANKING,,,NOT_APPLICABLE_GLOBAL_BASELINE,HF9g-P5,,,,X 全窗基线 · 不参与实体赏罚,3925373,393,A168_HF9F_20260827_0900,2026-08-27 09:00:00
2026-03-24,123633016,1491,0,208.0206440740,-208.0206440740,-208.0206440740,0E-7,2,2,0.49994810000000000,0.499948100000,-1.4140667746232096,-1.4140667746232096,-1.4140667746232096,0E-17,ELIGIBLE,R03b_20260811_FULL_v1,L1_ELIGIBILITY,v2026-08-11,2026-03-21..2026-08-06,baccarat_bet02_101_all_pairs_incl_sentinel,round_win = game_pnl > 0 (decisive only),COMPATIBILITY_ONLY_NOT_PRODUCTION,52336.9300,47513.8143,-61.7654,1417,1414,0.00118015,-0.01250000,0.00119359,0.00118015,61.7654,52336.9300,OK,0.0000,-2.4706,4.0000,96.0000,AG03-UNRESOLVED,ALL5_LEVELS_bet23_to_bet27,-2.4706,-2.4706,-2.4706,-2.4706,-2.4706,4.000000,4.000000,4.000000,4.000000,4.000000,96.000000,96.000000,96.000000,96.000000,96.000000,5.0,-12.3531,-11.4036,-49.4123,-50.3618,PENDING_AG03,FALSE,NOT_FOR_ENFORCEMENT,-59.2948,45613.2617,-61.7654,-59.2948,-2.4706,-0.00118015,-0.00113294,-2.4706,-59.2948,-0.00113294,-2.4706,-2.4706,-2.4706,-2.4706,-2.4706,-59.2948,-0.00113294,-12.3531,-11.4036,-49.4123,-50.3618,-0.00094412,-0.00096226,-0.00004721,36.9350,33.6024,-0.0437,-3.2508,-0.1159,2754.5753,74.4211,12.8426,37.0032,13.1659,26.3317,52.6635,71.0957,102.6937,147.4577,26.3317,0.0,3.9,5.6,1.402681,30,147,41,3,0.00098153,-0.00118015,0.01250000,0E-8,0.000000,0.907845,0.000000,-0.01369359,2026-03-23,2026-08-06,19,533,225,137,0.138686,0.347066,0.347707,0.003272,,,,,,,,GLOBAL_BASELINE_NO_ENTITY_RANKING,,,NOT_APPLICABLE_GLOBAL_BASELINE,HF9g-P5,,,,X 全窗基线 · 不参与实体赏罚,3925374,393,A168_HF9F_20260827_0900,2026-08-27 09:00:00
2026-03-24,123633016,1507,0,26.3317270980,-26.3317270980,-26.3317270980,0E-7,1,1,0.49324550000000000,0.493245500000,-0.9865810262130424,-0.9865810262130424,-0.9865810262130424,0E-17,ELIGIBLE,R03b_20260811_FULL_v1,L1_ELIGIBILITY,v2026-08-11,2026-03-21..2026-08-06,baccarat_bet02_101_all_pairs_incl_sentinel,round_win = game_pnl > 0 (decisive only),COMPATIBILITY_ONLY_NOT_PRODUCTION,52336.9300,47513.8143,-61.7654,1417,1414,0.00118015,-0.01250000,0.00119359,0.00118015,61.7654,52336.9300,OK,0.0000,-2.4706,4.0000,96.0000,AG03-UNRESOLVED,ALL5_LEVELS_bet23_to_bet27,-2.4706,-2.4706,-2.4706,-2.4706,-2.4706,4.000000,4.000000,4.000000,4.000000,4.000000,96.000000,96.000000,96.000000,96.000000,96.000000,5.0,-12.3531,-11.4036,-49.4123,-50.3618,PENDING_AG03,FALSE,NOT_FOR_ENFORCEMENT,-59.2948,45613.2617,-61.7654,-59.2948,-2.4706,-0.00118015,-0.00113294,-2.4706,-59.2948,-0.00113294,-2.4706,-2.4706,-2.4706,-2.4706,-2.4706,-59.2948,-0.00113294,-12.3531,-11.4036,-49.4123,-50.3618,-0.00094412,-0.00096226,-0.00004721,36.9350,33.6024,-0.0437,-3.2508,-0.1159,2754.5753,74.4211,12.8426,37.0032,13.1659,26.3317,52.6635,71.0957,102.6937,147.4577,26.3317,0.0,3.9,5.6,1.402681,30,147,41,3,0.00098153,-0.00118015,0.01250000,0E-8,0.000000,0.907845,0.000000,-0.01369359,2026-03-23,2026-08-06,19,533,225,137,0.138686,0.347066,0.347707,0.003272,,,,,,,,GLOBAL_BASELINE_NO_ENTITY_RANKING,,,NOT_APPLICABLE_GLOBAL_BASELINE,HF9g-P5,,,,X 全窗基线 · 不参与实体赏罚,3925375,393,A168_HF9F_20260827_0900,2026-08-27 09:00:00
2026-03-24,123633016,1623,0,346.2622113386,0.3291465886,0.3291465886,0.5000000,6,6,0.50218230000000000,0.502182300000,-0.01069114476356389,-0.01069114476356389,-0.01069114476356389,0E-17,ELIGIBLE,R03b_20260811_FULL_v1,L1_ELIGIBILITY,v2026-08-11,2026-03-21..2026-08-06,baccarat_bet02_101_all_pairs_incl_sentinel,round_win = game_pnl > 0 (decisive only),COMPATIBILITY_ONLY_NOT_PRODUCTION,52336.9300,47513.8143,-61.7654,1417,1414,0.00118015,-0.01250000,0.00119359,0.00118015,61.7654,52336.9300,OK,0.0000,-2.4706,4.0000,96.0000,AG03-UNRESOLVED,ALL5_LEVELS_bet23_to_bet27,-2.4706,-2.4706,-2.4706,-2.4706,-2.4706,4.000000,4.000000,4.000000,4.000000,4.000000,96.000000,96.000000,96.000000,96.000000,96.000000,5.0,-12.3531,-11.4036,-49.4123,-50.3618,PENDING_AG03,FALSE,NOT_FOR_ENFORCEMENT,-59.2948,45613.2617,-61.7654,-59.2948,-2.4706,-0.00118015,-0.00113294,-2.4706,-59.2948,-0.00113294,-2.4706,-2.4706,-2.4706,-2.4706,-2.4706,-59.2948,-0.00113294,-12.3531,-11.4036,-49.4123,-50.3618,-0.00094412,-0.00096226,-0.00004721,36.9350,33.6024,-0.0437,-3.2508,-0.1159,2754.5753,74.4211,12.8426,37.0032,13.1659,26.3317,52.6635,71.0957,102.6937,147.4577,26.3317,0.0,3.9,5.6,1.402681,30,147,41,3,0.00098153,-0.00118015,0.01250000,0E-8,0.000000,0.907845,0.000000,-0.01369359,2026-03-23,2026-08-06,19,533,225,137,0.138686,0.347066,0.347707,0.003272,,,,,,,,GLOBAL_BASELINE_NO_ENTITY_RANKING,,,NOT_APPLICABLE_GLOBAL_BASELINE,HF9g-P5,,,,X 全窗基线 · 不参与实体赏罚,3925376,393,A168_HF9F_20260827_0900,2026-08-27 09:00:00
2026-03-24,123633016,1654,0,13.1658635490,0E-10,0E-10,,1,1,0.50665070000000000,0.506650700000,,,,0E-17,NO_DECISIVE_ROUND,R03b_20260811_FULL_v1,L1_ELIGIBILITY,v2026-08-11,2026-03-21..2026-08-06,baccarat_bet02_101_all_pairs_incl_sentinel,round_win = game_pnl > 0 (decisive only),COMPATIBILITY_ONLY_NOT_PRODUCTION,52336.9300,47513.8143,-61.7654,1417,1414,0.00118015,-0.01250000,0.00119359,0.00118015,61.7654,52336.9300,OK,0.0000,-2.4706,4.0000,96.0000,AG03-UNRESOLVED,ALL5_LEVELS_bet23_to_bet27,-2.4706,-2.4706,-2.4706,-2.4706,-2.4706,4.000000,4.000000,4.000000,4.000000,4.000000,96.000000,96.000000,96.000000,96.000000,96.000000,5.0,-12.3531,-11.4036,-49.4123,-50.3618,PENDING_AG03,FALSE,NOT_FOR_ENFORCEMENT,-59.2948,45613.2617,-61.7654,-59.2948,-2.4706,-0.00118015,-0.00113294,-2.4706,-59.2948,-0.00113294,-2.4706,-2.4706,-2.4706,-2.4706,-2.4706,-59.2948,-0.00113294,-12.3531,-11.4036,-49.4123,-50.3618,-0.00094412,-0.00096226,-0.00004721,36.9350,33.6024,-0.0437,-3.2508,-0.1159,2754.5753,74.4211,12.8426,37.0032,13.1659,26.3317,52.6635,71.0957,102.6937,147.4577,26.3317,0.0,3.9,5.6,1.402681,30,147,41,3,0.00098153,-0.00118015,0.01250000,0E-8,0.000000,0.907845,0.000000,-0.01369359,2026-03-23,2026-08-06,19,533,225,137,0.138686,0.347066,0.347707,0.003272,,,,,,,,GLOBAL_BASELINE_NO_ENTITY_RANKING,,,NOT_APPLICABLE_GLOBAL_BASELINE,HF9g-P5,,,,X 全窗基线 · 不参与实体赏罚,3925377,393,A168_HF9F_20260827_0900,2026-08-27 09:00:00
2026-03-24,123633016,1942,0,55.2966269058,26.3317270980,26.3317270980,1.0000000,2,2,0.49994810000000000,0.499948100000,1.0001038053877793,1.0001038053877793,1.0001038053877793,0E-17,ELIGIBLE,R03b_20260811_FULL_v1,L1_ELIGIBILITY,v2026-08-11,2026-03-21..2026-08-06,baccarat_bet02_101_all_pairs_incl_sentinel,round_win = game_pnl > 0 (decisive only),COMPATIBILITY_ONLY_NOT_PRODUCTION,52336.9300,47513.8143,-61.7654,1417,1414,0.00118015,-0.01250000,0.00119359,0.00118015,61.7654,52336.9300,OK,0.0000,-2.4706,4.0000,96.0000,AG03-UNRESOLVED,ALL5_LEVELS_bet23_to_bet27,-2.4706,-2.4706,-2.4706,-2.4706,-2.4706,4.000000,4.000000,4.000000,4.000000,4.000000,96.000000,96.000000,96.000000,96.000000,96.000000,5.0,-12.3531,-11.4036,-49.4123,-50.3618,PENDING_AG03,FALSE,NOT_FOR_ENFORCEMENT,-59.2948,45613.2617,-61.7654,-59.2948,-2.4706,-0.00118015,-0.00113294,-2.4706,-59.2948,-0.00113294,-2.4706,-2.4706,-2.4706,-2.4706,-2.4706,-59.2948,-0.00113294,-12.3531,-11.4036,-49.4123,-50.3618,-0.00094412,-0.00096226,-0.00004721,36.9350,33.6024,-0.0437,-3.2508,-0.1159,2754.5753,74.4211,12.8426,37.0032,13.1659,26.3317,52.6635,71.0957,102.6937,147.4577,26.3317,0.0,3.9,5.6,1.402681,30,147,41,3,0.00098153,-0.00118015,0.01250000,0E-8,0.000000,0.907845,0.000000,-0.01369359,2026-03-23,2026-08-06,19,533,225,137,0.138686,0.347066,0.347707,0.003272,,,,,,,,GLOBAL_BASELINE_NO_ENTITY_RANKING,,,NOT_APPLICABLE_GLOBAL_BASELINE,HF9g-P5,,,,X 全窗基线 · 不参与实体赏罚,3925378,393,A168_HF9F_20260827_0900,2026-08-27 09:00:00
2026-03-24,123633016,1949,0,131.6586354900,-26.3317270980,-26.3317270980,0.5000000,3,3,0.49324550000000000,0.493245500000,0.01910635448239258,0.01910635448239258,0.01910635448239258,0E-17,ELIGIBLE,R03b_20260811_FULL_v1,L1_ELIGIBILITY,v2026-08-11,2026-03-21..2026-08-06,baccarat_bet02_101_all_pairs_incl_sentinel,round_win = game_pnl > 0 (decisive only),COMPATIBILITY_ONLY_NOT_PRODUCTION,52336.9300,47513.8143,-61.7654,1417,1414,0.00118015,-0.01250000,0.00119359,0.00118015,61.7654,52336.9300,OK,0.0000,-2.4706,4.0000,96.0000,AG03-UNRESOLVED,ALL5_LEVELS_bet23_to_bet27,-2.4706,-2.4706,-2.4706,-2.4706,-2.4706,4.000000,4.000000,4.000000,4.000000,4.000000,96.000000,96.000000,96.000000,96.000000,96.000000,5.0,-12.3531,-11.4036,-49.4123,-50.3618,PENDING_AG03,FALSE,NOT_FOR_ENFORCEMENT,-59.2948,45613.2617,-61.7654,-59.2948,-2.4706,-0.00118015,-0.00113294,-2.4706,-59.2948,-0.00113294,-2.4706,-2.4706,-2.4706,-2.4706,-2.4706,-59.2948,-0.00113294,-12.3531,-11.4036,-49.4123,-50.3618,-0.00094412,-0.00096226,-0.00004721,36.9350,33.6024,-0.0437,-3.2508,-0.1159,2754.5753,74.4211,12.8426,37.0032,13.1659,26.3317,52.6635,71.0957,102.6937,147.4577,26.3317,0.0,3.9,5.6,1.402681,30,147,41,3,0.00098153,-0.00118015,0.01250000,0E-8,0.000000,0.907845,0.000000,-0.01369359,2026-03-23,2026-08-06,19,533,225,137,0.138686,0.347066,0.347707,0.003272,,,,,,,,GLOBAL_BASELINE_NO_ENTITY_RANKING,,,NOT_APPLICABLE_GLOBAL_BASELINE,HF9g-P5,,,,X 全窗基线 · 不参与实体赏罚,3925379,393,A168_HF9F_20260827_0900,2026-08-27 09:00:00
2026-03-24,123633016,1951,0,315.9807251759,-105.3269083919,-105.3269083919,0.5000000,6,6,0.49324550000000000,0.493245500000,0.03309317671092531,0.03309317671092531,0.03309317671092531,0E-17,ELIGIBLE,R03b_20260811_FULL_v1,L1_ELIGIBILITY,v2026-08-11,2026-03-21..2026-08-06,baccarat_bet02_101_all_pairs_incl_sentinel,round_win = game_pnl > 0 (decisive only),COMPATIBILITY_ONLY_NOT_PRODUCTION,52336.9300,47513.8143,-61.7654,1417,1414,0.00118015,-0.01250000,0.00119359,0.00118015,61.7654,52336.9300,OK,0.0000,-2.4706,4.0000,96.0000,AG03-UNRESOLVED,ALL5_LEVELS_bet23_to_bet27,-2.4706,-2.4706,-2.4706,-2.4706,-2.4706,4.000000,4.000000,4.000000,4.000000,4.000000,96.000000,96.000000,96.000000,96.000000,96.000000,5.0,-12.3531,-11.4036,-49.4123,-50.3618,PENDING_AG03,FALSE,NOT_FOR_ENFORCEMENT,-59.2948,45613.2617,-61.7654,-59.2948,-2.4706,-0.00118015,-0.00113294,-2.4706,-59.2948,-0.00113294,-2.4706,-2.4706,-2.4706,-2.4706,-2.4706,-59.2948,-0.00113294,-12.3531,-11.4036,-49.4123,-50.3618,-0.00094412,-0.00096226,-0.00004721,36.9350,33.6024,-0.0437,-3.2508,-0.1159,2754.5753,74.4211,12.8426,37.0032,13.1659,26.3317,52.6635,71.0957,102.6937,147.4577,26.3317,0.0,3.9,5.6,1.402681,30,147,41,3,0.00098153,-0.00118015,0.01250000,0E-8,0.000000,0.907845,0.000000,-0.01369359,2026-03-23,2026-08-06,19,533,225,137,0.138686,0.347066,0.347707,0.003272,,,,,,,,GLOBAL_BASELINE_NO_ENTITY_RANKING,,,NOT_APPLICABLE_GLOBAL_BASELINE,HF9g-P5,,,,X 全窗基线 · 不参与实体赏罚,3925380,393,A168_HF9F_20260827_0900,2026-08-27 09:00:00
2026-03-24,123633016,1991,0,170.6295915950,11.7176185586,11.7176185586,0.5714286,7,7,0.50090561428571429,0.500905614286,0.3731730247484194,0.373173024746908,0.3731730247484194,-2.8571E-13,ELIGIBLE,R03b_20260811_FULL_v1,L1_ELIGIBILITY,v2026-08-11,2026-03-21..2026-08-06,baccarat_bet02_101_all_pairs_incl_sentinel,round_win = game_pnl > 0 (decisive only),COMPATIBILITY_ONLY_NOT_PRODUCTION,52336.9300,47513.8143,-61.7654,1417,1414,0.00118015,-0.01250000,0.00119359,0.00118015,61.7654,52336.9300,OK,0.0000,-2.4706,4.0000,96.0000,AG03-UNRESOLVED,ALL5_LEVELS_bet23_to_bet27,-2.4706,-2.4706,-2.4706,-2.4706,-2.4706,4.000000,4.000000,4.000000,4.000000,4.000000,96.000000,96.000000,96.000000,96.000000,96.000000,5.0,-12.3531,-11.4036,-49.4123,-50.3618,PENDING_AG03,FALSE,NOT_FOR_ENFORCEMENT,-59.2948,45613.2617,-61.7654,-59.2948,-2.4706,-0.00118015,-0.00113294,-2.4706,-59.2948,-0.00113294,-2.4706,-2.4706,-2.4706,-2.4706,-2.4706,-59.2948,-0.00113294,-12.3531,-11.4036,-49.4123,-50.3618,-0.00094412,-0.00096226,-0.00004721,36.9350,33.6024,-0.0437,-3.2508,-0.1159,2754.5753,74.4211,12.8426,37.0032,13.1659,26.3317,52.6635,71.0957,102.6937,147.4577,26.3317,0.0,3.9,5.6,1.402681,30,147,41,3,0.00098153,-0.00118015,0.01250000,0E-8,0.000000,0.907845,0.000000,-0.01369359,2026-03-23,2026-08-06,19,533,225,137,0.138686,0.347066,0.347707,0.003272,,,,,,,,GLOBAL_BASELINE_NO_ENTITY_RANKING,,,NOT_APPLICABLE_GLOBAL_BASELINE,HF9g-P5,,,,X 全窗基线 · 不参与实体赏罚,3925381,393,A168_HF9F_20260827_0900,2026-08-27 09:00:00
2026-03-24,123633016,1994,0,129.0254627802,-76.3620085842,-76.3620085842,0.3333333,3,3,0.49771390000000000,0.497713900000,-0.5694369385616226,-0.5694369385616226,-0.5694369385616226,0E-17,ELIGIBLE,R03b_20260811_FULL_v1,L1_ELIGIBILITY,v2026-08-11,2026-03-21..2026-08-06,baccarat_bet02_101_all_pairs_incl_sentinel,round_win = game_pnl > 0 (decisive only),COMPATIBILITY_ONLY_NOT_PRODUCTION,52336.9300,47513.8143,-61.7654,1417,1414,0.00118015,-0.01250000,0.00119359,0.00118015,61.7654,52336.9300,OK,0.0000,-2.4706,4.0000,96.0000,AG03-UNRESOLVED,ALL5_LEVELS_bet23_to_bet27,-2.4706,-2.4706,-2.4706,-2.4706,-2.4706,4.000000,4.000000,4.000000,4.000000,4.000000,96.000000,96.000000,96.000000,96.000000,96.000000,5.0,-12.3531,-11.4036,-49.4123,-50.3618,PENDING_AG03,FALSE,NOT_FOR_ENFORCEMENT,-59.2948,45613.2617,-61.7654,-59.2948,-2.4706,-0.00118015,-0.00113294,-2.4706,-59.2948,-0.00113294,-2.4706,-2.4706,-2.4706,-2.4706,-2.4706,-59.2948,-0.00113294,-12.3531,-11.4036,-49.4123,-50.3618,-0.00094412,-0.00096226,-0.00004721,36.9350,33.6024,-0.0437,-3.2508,-0.1159,2754.5753,74.4211,12.8426,37.0032,13.1659,26.3317,52.6635,71.0957,102.6937,147.4577,26.3317,0.0,3.9,5.6,1.402681,30,147,41,3,0.00098153,-0.00118015,0.01250000,0E-8,0.000000,0.907845,0.000000,-0.01369359,2026-03-23,2026-08-06,19,533,225,137,0.138686,0.347066,0.347707,0.003272,,,,,,,,GLOBAL_BASELINE_NO_ENTITY_RANKING,,,NOT_APPLICABLE_GLOBAL_BASELINE,HF9g-P5,,,,X 全窗基线 · 不参与实体赏罚,3925382,393,A168_HF9F_20260827_0900,2026-08-27 09:00:00
2026-03-24,123633016,2101,0,530.5843010244,4.9240329673,4.9240329673,0.6000000,7,7,0.49707555714285714,0.497075557143,0.4602999749247982,0.46029997492415853,0.4602999749247982,-1.4286E-13,ELIGIBLE,R03b_20260811_FULL_v1,L1_ELIGIBILITY,v2026-08-11,2026-03-21..2026-08-06,baccarat_bet02_101_all_pairs_incl_sentinel,round_win = game_pnl > 0 (decisive only),COMPATIBILITY_ONLY_NOT_PRODUCTION,52336.9300,47513.8143,-61.7654,1417,1414,0.00118015,-0.01250000,0.00119359,0.00118015,61.7654,52336.9300,OK,0.0000,-2.4706,4.0000,96.0000,AG03-UNRESOLVED,ALL5_LEVELS_bet23_to_bet27,-2.4706,-2.4706,-2.4706,-2.4706,-2.4706,4.000000,4.000000,4.000000,4.000000,4.000000,96.000000,96.000000,96.000000,96.000000,96.000000,5.0,-12.3531,-11.4036,-49.4123,-50.3618,PENDING_AG03,FALSE,NOT_FOR_ENFORCEMENT,-59.2948,45613.2617,-61.7654,-59.2948,-2.4706,-0.00118015,-0.00113294,-2.4706,-59.2948,-0.00113294,-2.4706,-2.4706,-2.4706,-2.4706,-2.4706,-59.2948,-0.00113294,-12.3531,-11.4036,-49.4123,-50.3618,-0.00094412,-0.00096226,-0.00004721,36.9350,33.6024,-0.0437,-3.2508,-0.1159,2754.5753,74.4211,12.8426,37.0032,13.1659,26.3317,52.6635,71.0957,102.6937,147.4577,26.3317,0.0,3.9,5.6,1.402681,30,147,41,3,0.00098153,-0.00118015,0.01250000,0E-8,0.000000,0.907845,0.000000,-0.01369359,2026-03-23,2026-08-06,19,533,225,137,0.138686,0.347066,0.347707,0.003272,,,,,,,,GLOBAL_BASELINE_NO_ENTITY_RANKING,,,NOT_APPLICABLE_GLOBAL_BASELINE,HF9g-P5,,,,X 全窗基线 · 不参与实体赏罚,3925383,393,A168_HF9F_20260827_0900,2026-08-27 09:00:00
2026-03-24,123633016,2106,0,236.9855438818,-131.6586354898,-131.6586354898,0.2500000,4,4,0.49994810000000000,0.499948100000,-0.9997924053861017,-0.9997924053861017,-0.9997924053861017,0E-17,ELIGIBLE,R03b_20260811_FULL_v1,L1_ELIGIBILITY,v2026-08-11,2026-03-21..2026-08-06,baccarat_bet02_101_all_pairs_incl_sentinel,round_win = game_pnl > 0 (decisive only),COMPATIBILITY_ONLY_NOT_PRODUCTION,52336.9300,47513.8143,-61.7654,1417,1414,0.00118015,-0.01250000,0.00119359,0.00118015,61.7654,52336.9300,OK,0.0000,-2.4706,4.0000,96.0000,AG03-UNRESOLVED,ALL5_LEVELS_bet23_to_bet27,-2.4706,-2.4706,-2.4706,-2.4706,-2.4706,4.000000,4.000000,4.000000,4.000000,4.000000,96.000000,96.000000,96.000000,96.000000,96.000000,5.0,-12.3531,-11.4036,-49.4123,-50.3618,PENDING_AG03,FALSE,NOT_FOR_ENFORCEMENT,-59.2948,45613.2617,-61.7654,-59.2948,-2.4706,-0.00118015,-0.00113294,-2.4706,-59.2948,-0.00113294,-2.4706,-2.4706,-2.4706,-2.4706,-2.4706,-59.2948,-0.00113294,-12.3531,-11.4036,-49.4123,-50.3618,-0.00094412,-0.00096226,-0.00004721,36.9350,33.6024,-0.0437,-3.2508,-0.1159,2754.5753,74.4211,12.8426,37.0032,13.1659,26.3317,52.6635,71.0957,102.6937,147.4577,26.3317,0.0,3.9,5.6,1.402681,30,147,41,3,0.00098153,-0.00118015,0.01250000,0E-8,0.000000,0.907845,0.000000,-0.01369359,2026-03-23,2026-08-06,19,533,225,137,0.138686,0.347066,0.347707,0.003272,,,,,,,,GLOBAL_BASELINE_NO_ENTITY_RANKING,,,NOT_APPLICABLE_GLOBAL_BASELINE,HF9g-P5,,,,X 全窗基线 · 不参与实体赏罚,3925384,393,A168_HF9F_20260827_0900,2026-08-27 09:00:00
2026-03-24,123633016,2117,0,52.6634541960,-1.3165863549,-1.3165863549,0.5000000,2,2,0.50665070000000000,0.506650700000,-0.018812684590367487,-0.018812684590367487,-0.018812684590367487,0E-17,ELIGIBLE,R03b_20260811_FULL_v1,L1_ELIGIBILITY,v2026-08-11,2026-03-21..2026-08-06,baccarat_bet02_101_all_pairs_incl_sentinel,round_win = game_pnl > 0 (decisive only),COMPATIBILITY_ONLY_NOT_PRODUCTION,52336.9300,47513.8143,-61.7654,1417,1414,0.00118015,-0.01250000,0.00119359,0.00118015,61.7654,52336.9300,OK,0.0000,-2.4706,4.0000,96.0000,AG03-UNRESOLVED,ALL5_LEVELS_bet23_to_bet27,-2.4706,-2.4706,-2.4706,-2.4706,-2.4706,4.000000,4.000000,4.000000,4.000000,4.000000,96.000000,96.000000,96.000000,96.000000,96.000000,5.0,-12.3531,-11.4036,-49.4123,-50.3618,PENDING_AG03,FALSE,NOT_FOR_ENFORCEMENT,-59.2948,45613.2617,-61.7654,-59.2948,-2.4706,-0.00118015,-0.00113294,-2.4706,-59.2948,-0.00113294,-2.4706,-2.4706,-2.4706,-2.4706,-2.4706,-59.2948,-0.00113294,-12.3531,-11.4036,-49.4123,-50.3618,-0.00094412,-0.00096226,-0.00004721,36.9350,33.6024,-0.0437,-3.2508,-0.1159,2754.5753,74.4211,12.8426,37.0032,13.1659,26.3317,52.6635,71.0957,102.6937,147.4577,26.3317,0.0,3.9,5.6,1.402681,30,147,41,3,0.00098153,-0.00118015,0.01250000,0E-8,0.000000,0.907845,0.000000,-0.01369359,2026-03-23,2026-08-06,19,533,225,137,0.138686,0.347066,0.347707,0.003272,,,,,,,,GLOBAL_BASELINE_NO_ENTITY_RANKING,,,NOT_APPLICABLE_GLOBAL_BASELINE,HF9g-P5,,,,X 全窗基线 · 不参与实体赏罚,3925385,393,A168_HF9F_20260827_0900,2026-08-27 09:00:00
2026-03-24,123633016,2118,0,129.0254627802,-0.2633172710,-0.2633172710,0.6000000,6,6,0.50665070000000000,0.506650700000,0.4175076967804994,0.4175076967804994,0.4175076967804994,0E-17,ELIGIBLE,R03b_20260811_FULL_v1,L1_ELIGIBILITY,v2026-08-11,2026-03-21..2026-08-06,baccarat_bet02_101_all_pairs_incl_sentinel,round_win = game_pnl > 0 (decisive only),COMPATIBILITY_ONLY_NOT_PRODUCTION,52336.9300,47513.8143,-61.7654,1417,1414,0.00118015,-0.01250000,0.00119359,0.00118015,61.7654,52336.9300,OK,0.0000,-2.4706,4.0000,96.0000,AG03-UNRESOLVED,ALL5_LEVELS_bet23_to_bet27,-2.4706,-2.4706,-2.4706,-2.4706,-2.4706,4.000000,4.000000,4.000000,4.000000,4.000000,96.000000,96.000000,96.000000,96.000000,96.000000,5.0,-12.3531,-11.4036,-49.4123,-50.3618,PENDING_AG03,FALSE,NOT_FOR_ENFORCEMENT,-59.2948,45613.2617,-61.7654,-59.2948,-2.4706,-0.00118015,-0.00113294,-2.4706,-59.2948,-0.00113294,-2.4706,-2.4706,-2.4706,-2.4706,-2.4706,-59.2948,-0.00113294,-12.3531,-11.4036,-49.4123,-50.3618,-0.00094412,-0.00096226,-0.00004721,36.9350,33.6024,-0.0437,-3.2508,-0.1159,2754.5753,74.4211,12.8426,37.0032,13.1659,26.3317,52.6635,71.0957,102.6937,147.4577,26.3317,0.0,3.9,5.6,1.402681,30,147,41,3,0.00098153,-0.00118015,0.01250000,0E-8,0.000000,0.907845,0.000000,-0.01369359,2026-03-23,2026-08-06,19,533,225,137,0.138686,0.347066,0.347707,0.003272,,,,,,,,GLOBAL_BASELINE_NO_ENTITY_RANKING,,,NOT_APPLICABLE_GLOBAL_BASELINE,HF9g-P5,,,,X 全窗基线 · 不参与实体赏罚,3925386,393,A168_HF9F_20260827_0900,2026-08-27 09:00:00
2026-03-24,123633016,2127,0,118.4927719410,-13.1658635490,-13.1658635490,0.5000000,4,4,0.49324550000000000,0.493245500000,0.027020465636507562,0.027020465636507562,0.027020465636507562,0E-17,ELIGIBLE,R03b_20260811_FULL_v1,L1_ELIGIBILITY,v2026-08-11,2026-03-21..2026-08-06,baccarat_bet02_101_all_pairs_incl_sentinel,round_win = game_pnl > 0 (decisive only),COMPATIBILITY_ONLY_NOT_PRODUCTION,52336.9300,47513.8143,-61.7654,1417,1414,0.00118015,-0.01250000,0.00119359,0.00118015,61.7654,52336.9300,OK,0.0000,-2.4706,4.0000,96.0000,AG03-UNRESOLVED,ALL5_LEVELS_bet23_to_bet27,-2.4706,-2.4706,-2.4706,-2.4706,-2.4706,4.000000,4.000000,4.000000,4.000000,4.000000,96.000000,96.000000,96.000000,96.000000,96.000000,5.0,-12.3531,-11.4036,-49.4123,-50.3618,PENDING_AG03,FALSE,NOT_FOR_ENFORCEMENT,-59.2948,45613.2617,-61.7654,-59.2948,-2.4706,-0.00118015,-0.00113294,-2.4706,-59.2948,-0.00113294,-2.4706,-2.4706,-2.4706,-2.4706,-2.4706,-59.2948,-0.00113294,-12.3531,-11.4036,-49.4123,-50.3618,-0.00094412,-0.00096226,-0.00004721,36.9350,33.6024,-0.0437,-3.2508,-0.1159,2754.5753,74.4211,12.8426,37.0032,13.1659,26.3317,52.6635,71.0957,102.6937,147.4577,26.3317,0.0,3.9,5.6,1.402681,30,147,41,3,0.00098153,-0.00118015,0.01250000,0E-8,0.000000,0.907845,0.000000,-0.01369359,2026-03-23,2026-08-06,19,533,225,137,0.138686,0.347066,0.347707,0.003272,,,,,,,,GLOBAL_BASELINE_NO_ENTITY_RANKING,,,NOT_APPLICABLE_GLOBAL_BASELINE,HF9g-P5,,,,X 全窗基线 · 不参与实体赏罚,3925387,393,A168_HF9F_20260827_0900,2026-08-27 09:00:00
2026-03-24,123633016,2130,0,47.3971087764,21.0653816784,21.0653816784,1.0000000,2,2,0.49994810000000000,0.499948100000,1.0001038053877793,1.0001038053877793,1.0001038053877793,0E-17,ELIGIBLE,R03b_20260811_FULL_v1,L1_ELIGIBILITY,v2026-08-11,2026-03-21..2026-08-06,baccarat_bet02_101_all_pairs_incl_sentinel,round_win = game_pnl > 0 (decisive only),COMPATIBILITY_ONLY_NOT_PRODUCTION,52336.9300,47513.8143,-61.7654,1417,1414,0.00118015,-0.01250000,0.00119359,0.00118015,61.7654,52336.9300,OK,0.0000,-2.4706,4.0000,96.0000,AG03-UNRESOLVED,ALL5_LEVELS_bet23_to_bet27,-2.4706,-2.4706,-2.4706,-2.4706,-2.4706,4.000000,4.000000,4.000000,4.000000,4.000000,96.000000,96.000000,96.000000,96.000000,96.000000,5.0,-12.3531,-11.4036,-49.4123,-50.3618,PENDING_AG03,FALSE,NOT_FOR_ENFORCEMENT,-59.2948,45613.2617,-61.7654,-59.2948,-2.4706,-0.00118015,-0.00113294,-2.4706,-59.2948,-0.00113294,-2.4706,-2.4706,-2.4706,-2.4706,-2.4706,-59.2948,-0.00113294,-12.3531,-11.4036,-49.4123,-50.3618,-0.00094412,-0.00096226,-0.00004721,36.9350,33.6024,-0.0437,-3.2508,-0.1159,2754.5753,74.4211,12.8426,37.0032,13.1659,26.3317,52.6635,71.0957,102.6937,147.4577,26.3317,0.0,3.9,5.6,1.402681,30,147,41,3,0.00098153,-0.00118015,0.01250000,0E-8,0.000000,0.907845,0.000000,-0.01369359,2026-03-23,2026-08-06,19,533,225,137,0.138686,0.347066,0.347707,0.003272,,,,,,,,GLOBAL_BASELINE_NO_ENTITY_RANKING,,,NOT_APPLICABLE_GLOBAL_BASELINE,HF9g-P5,,,,X 全窗基线 · 不参与实体赏罚,3925388,393,A168_HF9F_20260827_0900,2026-08-27 09:00:00
2026-03-24,123633016,2134,0,26.3317270980,-26.3317270980,-26.3317270980,0E-7,1,1,0.49324550000000000,0.493245500000,-0.9865810262130424,-0.9865810262130424,-0.9865810262130424,0E-17,ELIGIBLE,R03b_20260811_FULL_v1,L1_ELIGIBILITY,v2026-08-11,2026-03-21..2026-08-06,baccarat_bet02_101_all_pairs_incl_sentinel,round_win = game_pnl > 0 (decisive only),COMPATIBILITY_ONLY_NOT_PRODUCTION,52336.9300,47513.8143,-61.7654,1417,1414,0.00118015,-0.01250000,0.00119359,0.00118015,61.7654,52336.9300,OK,0.0000,-2.4706,4.0000,96.0000,AG03-UNRESOLVED,ALL5_LEVELS_bet23_to_bet27,-2.4706,-2.4706,-2.4706,-2.4706,-2.4706,4.000000,4.000000,4.000000,4.000000,4.000000,96.000000,96.000000,96.000000,96.000000,96.000000,5.0,-12.3531,-11.4036,-49.4123,-50.3618,PENDING_AG03,FALSE,NOT_FOR_ENFORCEMENT,-59.2948,45613.2617,-61.7654,-59.2948,-2.4706,-0.00118015,-0.00113294,-2.4706,-59.2948,-0.00113294,-2.4706,-2.4706,-2.4706,-2.4706,-2.4706,-59.2948,-0.00113294,-12.3531,-11.4036,-49.4123,-50.3618,-0.00094412,-0.00096226,-0.00004721,36.9350,33.6024,-0.0437,-3.2508,-0.1159,2754.5753,74.4211,12.8426,37.0032,13.1659,26.3317,52.6635,71.0957,102.6937,147.4577,26.3317,0.0,3.9,5.6,1.402681,30,147,41,3,0.00098153,-0.00118015,0.01250000,0E-8,0.000000,0.907845,0.000000,-0.01369359,2026-03-23,2026-08-06,19,533,225,137,0.138686,0.347066,0.347707,0.003272,,,,,,,,GLOBAL_BASELINE_NO_ENTITY_RANKING,,,NOT_APPLICABLE_GLOBAL_BASELINE,HF9g-P5,,,,X 全窗基线 · 不参与实体赏罚,3925389,393,A168_HF9F_20260827_0900,2026-08-27 09:00:00
2026-03-24,123633016,2141,0,52.6634541960,-1.3165863549,-1.3165863549,0.5000000,2,2,0.49994810000000000,0.499948100000,0.00014679536856514622,0.00014679536856514622,0.00014679536856514622,0E-17,ELIGIBLE,R03b_20260811_FULL_v1,L1_ELIGIBILITY,v2026-08-11,2026-03-21..2026-08-06,baccarat_bet02_101_all_pairs_incl_sentinel,round_win = game_pnl > 0 (decisive only),COMPATIBILITY_ONLY_NOT_PRODUCTION,52336.9300,47513.8143,-61.7654,1417,1414,0.00118015,-0.01250000,0.00119359,0.00118015,61.7654,52336.9300,OK,0.0000,-2.4706,4.0000,96.0000,AG03-UNRESOLVED,ALL5_LEVELS_bet23_to_bet27,-2.4706,-2.4706,-2.4706,-2.4706,-2.4706,4.000000,4.000000,4.000000,4.000000,4.000000,96.000000,96.000000,96.000000,96.000000,96.000000,5.0,-12.3531,-11.4036,-49.4123,-50.3618,PENDING_AG03,FALSE,NOT_FOR_ENFORCEMENT,-59.2948,45613.2617,-61.7654,-59.2948,-2.4706,-0.00118015,-0.00113294,-2.4706,-59.2948,-0.00113294,-2.4706,-2.4706,-2.4706,-2.4706,-2.4706,-59.2948,-0.00113294,-12.3531,-11.4036,-49.4123,-50.3618,-0.00094412,-0.00096226,-0.00004721,36.9350,33.6024,-0.0437,-3.2508,-0.1159,2754.5753,74.4211,12.8426,37.0032,13.1659,26.3317,52.6635,71.0957,102.6937,147.4577,26.3317,0.0,3.9,5.6,1.402681,30,147,41,3,0.00098153,-0.00118015,0.01250000,0E-8,0.000000,0.907845,0.000000,-0.01369359,2026-03-23,2026-08-06,19,533,225,137,0.138686,0.347066,0.347707,0.003272,,,,,,,,GLOBAL_BASELINE_NO_ENTITY_RANKING,,,NOT_APPLICABLE_GLOBAL_BASELINE,HF9g-P5,,,,X 全窗基线 · 不参与实体赏罚,3925390,393,A168_HF9F_20260827_0900,2026-08-27 09:00:00
2026-03-24,123633016,2151,0,184.3220896858,-184.3220896858,-184.3220896858,0E-7,2,2,0.49994810000000000,0.499948100000,-1.4140667746232096,-1.4140667746232096,-1.4140667746232096,0E-17,ELIGIBLE,R03b_20260811_FULL_v1,L1_ELIGIBILITY,v2026-08-11,2026-03-21..2026-08-06,baccarat_bet02_101_all_pairs_incl_sentinel,round_win = game_pnl > 0 (decisive only),COMPATIBILITY_ONLY_NOT_PRODUCTION,52336.9300,47513.8143,-61.7654,1417,1414,0.00118015,-0.01250000,0.00119359,0.00118015,61.7654,52336.9300,OK,0.0000,-2.4706,4.0000,96.0000,AG03-UNRESOLVED,ALL5_LEVELS_bet23_to_bet27,-2.4706,-2.4706,-2.4706,-2.4706,-2.4706,4.000000,4.000000,4.000000,4.000000,4.000000,96.000000,96.000000,96.000000,96.000000,96.000000,5.0,-12.3531,-11.4036,-49.4123,-50.3618,PENDING_AG03,FALSE,NOT_FOR_ENFORCEMENT,-59.2948,45613.2617,-61.7654,-59.2948,-2.4706,-0.00118015,-0.00113294,-2.4706,-59.2948,-0.00113294,-2.4706,-2.4706,-2.4706,-2.4706,-2.4706,-59.2948,-0.00113294,-12.3531,-11.4036,-49.4123,-50.3618,-0.00094412,-0.00096226,-0.00004721,36.9350,33.6024,-0.0437,-3.2508,-0.1159,2754.5753,74.4211,12.8426,37.0032,13.1659,26.3317,52.6635,71.0957,102.6937,147.4577,26.3317,0.0,3.9,5.6,1.402681,30,147,41,3,0.00098153,-0.00118015,0.01250000,0E-8,0.000000,0.907845,0.000000,-0.01369359,2026-03-23,2026-08-06,19,533,225,137,0.138686,0.347066,0.347707,0.003272,,,,,,,,GLOBAL_BASELINE_NO_ENTITY_RANKING,,,NOT_APPLICABLE_GLOBAL_BASELINE,HF9g-P5,,,,X 全窗基线 · 不参与实体赏罚,3925391,393,A168_HF9F_20260827_0900,2026-08-27 09:00:00
2026-03-24,123633016,2160,0,135.6083945547,-27.6483134529,-27.6483134529,0.3333333,3,3,0.49324550000000000,0.493245500000,-0.5540025479526107,-0.5540025479526106,-0.5540025479526107,0E-17,ELIGIBLE,R03b_20260811_FULL_v1,L1_ELIGIBILITY,v2026-08-11,2026-03-21..2026-08-06,baccarat_bet02_101_all_pairs_incl_sentinel,round_win = game_pnl > 0 (decisive only),COMPATIBILITY_ONLY_NOT_PRODUCTION,52336.9300,47513.8143,-61.7654,1417,1414,0.00118015,-0.01250000,0.00119359,0.00118015,61.7654,52336.9300,OK,0.0000,-2.4706,4.0000,96.0000,AG03-UNRESOLVED,ALL5_LEVELS_bet23_to_bet27,-2.4706,-2.4706,-2.4706,-2.4706,-2.4706,4.000000,4.000000,4.000000,4.000000,4.000000,96.000000,96.000000,96.000000,96.000000,96.000000,5.0,-12.3531,-11.4036,-49.4123,-50.3618,PENDING_AG03,FALSE,NOT_FOR_ENFORCEMENT,-59.2948,45613.2617,-61.7654,-59.2948,-2.4706,-0.00118015,-0.00113294,-2.4706,-59.2948,-0.00113294,-2.4706,-2.4706,-2.4706,-2.4706,-2.4706,-59.2948,-0.00113294,-12.3531,-11.4036,-49.4123,-50.3618,-0.00094412,-0.00096226,-0.00004721,36.9350,33.6024,-0.0437,-3.2508,-0.1159,2754.5753,74.4211,12.8426,37.0032,13.1659,26.3317,52.6635,71.0957,102.6937,147.4577,26.3317,0.0,3.9,5.6,1.402681,30,147,41,3,0.00098153,-0.00118015,0.01250000,0E-8,0.000000,0.907845,0.000000,-0.01369359,2026-03-23,2026-08-06,19,533,225,137,0.138686,0.347066,0.347707,0.003272,,,,,,,,GLOBAL_BASELINE_NO_ENTITY_RANKING,,,NOT_APPLICABLE_GLOBAL_BASELINE,HF9g-P5,,,,X 全窗基线 · 不参与实体赏罚,3925392,393,A168_HF9F_20260827_0900,2026-08-27 09:00:00
2026-03-24,123633016,2162,0,901.0717012930,708.4287858441,708.4287858441,0.8333333,7,7,0.50282064285714286,0.502820642857,1.6192006553726281,1.6192006553733256,1.6192006553726281,1.4286E-13,ELIGIBLE,R03b_20260811_FULL_v1,L1_ELIGIBILITY,v2026-08-11,2026-03-21..2026-08-06,baccarat_bet02_101_all_pairs_incl_sentinel,round_win = game_pnl > 0 (decisive only),COMPATIBILITY_ONLY_NOT_PRODUCTION,52336.9300,47513.8143,-61.7654,1417,1414,0.00118015,-0.01250000,0.00119359,0.00118015,61.7654,52336.9300,OK,0.0000,-2.4706,4.0000,96.0000,AG03-UNRESOLVED,ALL5_LEVELS_bet23_to_bet27,-2.4706,-2.4706,-2.4706,-2.4706,-2.4706,4.000000,4.000000,4.000000,4.000000,4.000000,96.000000,96.000000,96.000000,96.000000,96.000000,5.0,-12.3531,-11.4036,-49.4123,-50.3618,PENDING_AG03,FALSE,NOT_FOR_ENFORCEMENT,-59.2948,45613.2617,-61.7654,-59.2948,-2.4706,-0.00118015,-0.00113294,-2.4706,-59.2948,-0.00113294,-2.4706,-2.4706,-2.4706,-2.4706,-2.4706,-59.2948,-0.00113294,-12.3531,-11.4036,-49.4123,-50.3618,-0.00094412,-0.00096226,-0.00004721,36.9350,33.6024,-0.0437,-3.2508,-0.1159,2754.5753,74.4211,12.8426,37.0032,13.1659,26.3317,52.6635,71.0957,102.6937,147.4577,26.3317,0.0,3.9,5.6,1.402681,30,147,41,3,0.00098153,-0.00118015,0.01250000,0E-8,0.000000,0.907845,0.000000,-0.01369359,2026-03-23,2026-08-06,19,533,225,137,0.138686,0.347066,0.347707,0.003272,,,,,,,,GLOBAL_BASELINE_NO_ENTITY_RANKING,,,NOT_APPLICABLE_GLOBAL_BASELINE,HF9g-P5,,,,X 全窗基线 · 不参与实体赏罚,3925393,393,A168_HF9F_20260827_0900,2026-08-27 09:00:00
2026-03-24,123633016,2174,0,105.3269083920,-105.3269083920,-105.3269083920,0E-7,3,3,0.49771390000000000,0.497713900000,-1.724149546644903,-1.724149546644903,-1.724149546644903,0E-17,ELIGIBLE,R03b_20260811_FULL_v1,L1_ELIGIBILITY,v2026-08-11,2026-03-21..2026-08-06,baccarat_bet02_101_all_pairs_incl_sentinel,round_win = game_pnl > 0 (decisive only),COMPATIBILITY_ONLY_NOT_PRODUCTION,52336.9300,47513.8143,-61.7654,1417,1414,0.00118015,-0.01250000,0.00119359,0.00118015,61.7654,52336.9300,OK,0.0000,-2.4706,4.0000,96.0000,AG03-UNRESOLVED,ALL5_LEVELS_bet23_to_bet27,-2.4706,-2.4706,-2.4706,-2.4706,-2.4706,4.000000,4.000000,4.000000,4.000000,4.000000,96.000000,96.000000,96.000000,96.000000,96.000000,5.0,-12.3531,-11.4036,-49.4123,-50.3618,PENDING_AG03,FALSE,NOT_FOR_ENFORCEMENT,-59.2948,45613.2617,-61.7654,-59.2948,-2.4706,-0.00118015,-0.00113294,-2.4706,-59.2948,-0.00113294,-2.4706,-2.4706,-2.4706,-2.4706,-2.4706,-59.2948,-0.00113294,-12.3531,-11.4036,-49.4123,-50.3618,-0.00094412,-0.00096226,-0.00004721,36.9350,33.6024,-0.0437,-3.2508,-0.1159,2754.5753,74.4211,12.8426,37.0032,13.1659,26.3317,52.6635,71.0957,102.6937,147.4577,26.3317,0.0,3.9,5.6,1.402681,30,147,41,3,0.00098153,-0.00118015,0.01250000,0E-8,0.000000,0.907845,0.000000,-0.01369359,2026-03-23,2026-08-06,19,533,225,137,0.138686,0.347066,0.347707,0.003272,,,,,,,,GLOBAL_BASELINE_NO_ENTITY_RANKING,,,NOT_APPLICABLE_GLOBAL_BASELINE,HF9g-P5,,,,X 全窗基线 · 不参与实体赏罚,3925394,393,A168_HF9F_20260827_0900,2026-08-27 09:00:00
2026-03-24,123633016,2175,0,71.0956631646,26.4633857335,26.4633857335,0.6666667,3,3,0.50665070000000000,0.506650700000,0.5543606114942035,0.5543606114942035,0.5543606114942035,0E-17,ELIGIBLE,R03b_20260811_FULL_v1,L1_ELIGIBILITY,v2026-08-11,2026-03-21..2026-08-06,baccarat_bet02_101_all_pairs_incl_sentinel,round_win = game_pnl > 0 (decisive only),COMPATIBILITY_ONLY_NOT_PRODUCTION,52336.9300,47513.8143,-61.7654,1417,1414,0.00118015,-0.01250000,0.00119359,0.00118015,61.7654,52336.9300,OK,0.0000,-2.4706,4.0000,96.0000,AG03-UNRESOLVED,ALL5_LEVELS_bet23_to_bet27,-2.4706,-2.4706,-2.4706,-2.4706,-2.4706,4.000000,4.000000,4.000000,4.000000,4.000000,96.000000,96.000000,96.000000,96.000000,96.000000,5.0,-12.3531,-11.4036,-49.4123,-50.3618,PENDING_AG03,FALSE,NOT_FOR_ENFORCEMENT,-59.2948,45613.2617,-61.7654,-59.2948,-2.4706,-0.00118015,-0.00113294,-2.4706,-59.2948,-0.00113294,-2.4706,-2.4706,-2.4706,-2.4706,-2.4706,-59.2948,-0.00113294,-12.3531,-11.4036,-49.4123,-50.3618,-0.00094412,-0.00096226,-0.00004721,36.9350,33.6024,-0.0437,-3.2508,-0.1159,2754.5753,74.4211,12.8426,37.0032,13.1659,26.3317,52.6635,71.0957,102.6937,147.4577,26.3317,0.0,3.9,5.6,1.402681,30,147,41,3,0.00098153,-0.00118015,0.01250000,0E-8,0.000000,0.907845,0.000000,-0.01369359,2026-03-23,2026-08-06,19,533,225,137,0.138686,0.347066,0.347707,0.003272,,,,,,,,GLOBAL_BASELINE_NO_ENTITY_RANKING,,,NOT_APPLICABLE_GLOBAL_BASELINE,HF9g-P5,,,,X 全窗基线 · 不参与实体赏罚,3925395,393,A168_HF9F_20260827_0900,2026-08-27 09:00:00
2026-03-24,123633016,2177,0,142.1913263292,-11.8492771941,-11.8492771941,0.6000000,6,6,0.49994810000000000,0.499948100000,0.44744570176651083,0.44744570176651083,0.44744570176651083,0E-17,ELIGIBLE,R03b_20260811_FULL_v1,L1_ELIGIBILITY,v2026-08-11,2026-03-21..2026-08-06,baccarat_bet02_101_all_pairs_incl_sentinel,round_win = game_pnl > 0 (decisive only),COMPATIBILITY_ONLY_NOT_PRODUCTION,52336.9300,47513.8143,-61.7654,1417,1414,0.00118015,-0.01250000,0.00119359,0.00118015,61.7654,52336.9300,OK,0.0000,-2.4706,4.0000,96.0000,AG03-UNRESOLVED,ALL5_LEVELS_bet23_to_bet27,-2.4706,-2.4706,-2.4706,-2.4706,-2.4706,4.000000,4.000000,4.000000,4.000000,4.000000,96.000000,96.000000,96.000000,96.000000,96.000000,5.0,-12.3531,-11.4036,-49.4123,-50.3618,PENDING_AG03,FALSE,NOT_FOR_ENFORCEMENT,-59.2948,45613.2617,-61.7654,-59.2948,-2.4706,-0.00118015,-0.00113294,-2.4706,-59.2948,-0.00113294,-2.4706,-2.4706,-2.4706,-2.4706,-2.4706,-59.2948,-0.00113294,-12.3531,-11.4036,-49.4123,-50.3618,-0.00094412,-0.00096226,-0.00004721,36.9350,33.6024,-0.0437,-3.2508,-0.1159,2754.5753,74.4211,12.8426,37.0032,13.1659,26.3317,52.6635,71.0957,102.6937,147.4577,26.3317,0.0,3.9,5.6,1.402681,30,147,41,3,0.00098153,-0.00118015,0.01250000,0E-8,0.000000,0.907845,0.000000,-0.01369359,2026-03-23,2026-08-06,19,533,225,137,0.138686,0.347066,0.347707,0.003272,,,,,,,,GLOBAL_BASELINE_NO_ENTITY_RANKING,,,NOT_APPLICABLE_GLOBAL_BASELINE,HF9g-P5,,,,X 全窗基线 · 不参与实体赏罚,3925396,393,A168_HF9F_20260827_0900,2026-08-27 09:00:00
2026-03-24,123633016,2189,0,339.6792795642,-25.1467993787,-25.1467993787,0.5000000,10,10,0.50262914000000000,0.502629140000,-0.016628371259645974,-0.016628371259645974,-0.016628371259645974,0E-17,ELIGIBLE,R03b_20260811_FULL_v1,L1_ELIGIBILITY,v2026-08-11,2026-03-21..2026-08-06,baccarat_bet02_101_all_pairs_incl_sentinel,round_win = game_pnl > 0 (decisive only),COMPATIBILITY_ONLY_NOT_PRODUCTION,52336.9300,47513.8143,-61.7654,1417,1414,0.00118015,-0.01250000,0.00119359,0.00118015,61.7654,52336.9300,OK,0.0000,-2.4706,4.0000,96.0000,AG03-UNRESOLVED,ALL5_LEVELS_bet23_to_bet27,-2.4706,-2.4706,-2.4706,-2.4706,-2.4706,4.000000,4.000000,4.000000,4.000000,4.000000,96.000000,96.000000,96.000000,96.000000,96.000000,5.0,-12.3531,-11.4036,-49.4123,-50.3618,PENDING_AG03,FALSE,NOT_FOR_ENFORCEMENT,-59.2948,45613.2617,-61.7654,-59.2948,-2.4706,-0.00118015,-0.00113294,-2.4706,-59.2948,-0.00113294,-2.4706,-2.4706,-2.4706,-2.4706,-2.4706,-59.2948,-0.00113294,-12.3531,-11.4036,-49.4123,-50.3618,-0.00094412,-0.00096226,-0.00004721,36.9350,33.6024,-0.0437,-3.2508,-0.1159,2754.5753,74.4211,12.8426,37.0032,13.1659,26.3317,52.6635,71.0957,102.6937,147.4577,26.3317,0.0,3.9,5.6,1.402681,30,147,41,3,0.00098153,-0.00118015,0.01250000,0E-8,0.000000,0.907845,0.000000,-0.01369359,2026-03-23,2026-08-06,19,533,225,137,0.138686,0.347066,0.347707,0.003272,,,,,,,,GLOBAL_BASELINE_NO_ENTITY_RANKING,,,NOT_APPLICABLE_GLOBAL_BASELINE,HF9g-P5,,,,X 全窗基线 · 不参与实体赏罚,3925397,393,A168_HF9F_20260827_0900,2026-08-27 09:00:00
2026-03-24,123633016,2201,0,315.9807251758,78.9951812939,78.9951812939,0.6666667,4,4,0.49324550000000000,0.493245500000,0.6008033672792107,0.6008033672792106,0.6008033672792107,0E-17,ELIGIBLE,R03b_20260811_FULL_v1,L1_ELIGIBILITY,v2026-08-11,2026-03-21..2026-08-06,baccarat_bet02_101_all_pairs_incl_sentinel,round_win = game_pnl > 0 (decisive only),COMPATIBILITY_ONLY_NOT_PRODUCTION,52336.9300,47513.8143,-61.7654,1417,1414,0.00118015,-0.01250000,0.00119359,0.00118015,61.7654,52336.9300,OK,0.0000,-2.4706,4.0000,96.0000,AG03-UNRESOLVED,ALL5_LEVELS_bet23_to_bet27,-2.4706,-2.4706,-2.4706,-2.4706,-2.4706,4.000000,4.000000,4.000000,4.000000,4.000000,96.000000,96.000000,96.000000,96.000000,96.000000,5.0,-12.3531,-11.4036,-49.4123,-50.3618,PENDING_AG03,FALSE,NOT_FOR_ENFORCEMENT,-59.2948,45613.2617,-61.7654,-59.2948,-2.4706,-0.00118015,-0.00113294,-2.4706,-59.2948,-0.00113294,-2.4706,-2.4706,-2.4706,-2.4706,-2.4706,-59.2948,-0.00113294,-12.3531,-11.4036,-49.4123,-50.3618,-0.00094412,-0.00096226,-0.00004721,36.9350,33.6024,-0.0437,-3.2508,-0.1159,2754.5753,74.4211,12.8426,37.0032,13.1659,26.3317,52.6635,71.0957,102.6937,147.4577,26.3317,0.0,3.9,5.6,1.402681,30,147,41,3,0.00098153,-0.00118015,0.01250000,0E-8,0.000000,0.907845,0.000000,-0.01369359,2026-03-23,2026-08-06,19,533,225,137,0.138686,0.347066,0.347707,0.003272,,,,,,,,GLOBAL_BASELINE_NO_ENTITY_RANKING,,,NOT_APPLICABLE_GLOBAL_BASELINE,HF9g-P5,,,,X 全窗基线 · 不参与实体赏罚,3925398,393,A168_HF9F_20260827_0900,2026-08-27 09:00:00
2026-03-24,123633016,2202,0,105.3269083920,102.6937356822,102.6937356822,1.0000000,2,2,0.49994810000000000,0.499948100000,1.4143603653603398,1.4143603653603398,1.4143603653603398,0E-17,ELIGIBLE,R03b_20260811_FULL_v1,L1_ELIGIBILITY,v2026-08-11,2026-03-21..2026-08-06,baccarat_bet02_101_all_pairs_incl_sentinel,round_win = game_pnl > 0 (decisive only),COMPATIBILITY_ONLY_NOT_PRODUCTION,52336.9300,47513.8143,-61.7654,1417,1414,0.00118015,-0.01250000,0.00119359,0.00118015,61.7654,52336.9300,OK,0.0000,-2.4706,4.0000,96.0000,AG03-UNRESOLVED,ALL5_LEVELS_bet23_to_bet27,-2.4706,-2.4706,-2.4706,-2.4706,-2.4706,4.000000,4.000000,4.000000,4.000000,4.000000,96.000000,96.000000,96.000000,96.000000,96.000000,5.0,-12.3531,-11.4036,-49.4123,-50.3618,PENDING_AG03,FALSE,NOT_FOR_ENFORCEMENT,-59.2948,45613.2617,-61.7654,-59.2948,-2.4706,-0.00118015,-0.00113294,-2.4706,-59.2948,-0.00113294,-2.4706,-2.4706,-2.4706,-2.4706,-2.4706,-59.2948,-0.00113294,-12.3531,-11.4036,-49.4123,-50.3618,-0.00094412,-0.00096226,-0.00004721,36.9350,33.6024,-0.0437,-3.2508,-0.1159,2754.5753,74.4211,12.8426,37.0032,13.1659,26.3317,52.6635,71.0957,102.6937,147.4577,26.3317,0.0,3.9,5.6,1.402681,30,147,41,3,0.00098153,-0.00118015,0.01250000,0E-8,0.000000,0.907845,0.000000,-0.01369359,2026-03-23,2026-08-06,19,533,225,137,0.138686,0.347066,0.347707,0.003272,,,,,,,,GLOBAL_BASELINE_NO_ENTITY_RANKING,,,NOT_APPLICABLE_GLOBAL_BASELINE,HF9g-P5,,,,X 全窗基线 · 不参与实体赏罚,3925399,393,A168_HF9F_20260827_0900,2026-08-27 09:00:00
2026-03-24,123633016,2209,0,184.8487242279,-26.8583616399,-26.8583616399,0.5000000,3,3,0.49771390000000000,0.497713900000,0.006466134837551399,0.0064661348375514,0.006466134837551399,0E-17,ELIGIBLE,R03b_20260811_FULL_v1,L1_ELIGIBILITY,v2026-08-11,2026-03-21..2026-08-06,baccarat_bet02_101_all_pairs_incl_sentinel,round_win = game_pnl > 0 (decisive only),COMPATIBILITY_ONLY_NOT_PRODUCTION,52336.9300,47513.8143,-61.7654,1417,1414,0.00118015,-0.01250000,0.00119359,0.00118015,61.7654,52336.9300,OK,0.0000,-2.4706,4.0000,96.0000,AG03-UNRESOLVED,ALL5_LEVELS_bet23_to_bet27,-2.4706,-2.4706,-2.4706,-2.4706,-2.4706,4.000000,4.000000,4.000000,4.000000,4.000000,96.000000,96.000000,96.000000,96.000000,96.000000,5.0,-12.3531,-11.4036,-49.4123,-50.3618,PENDING_AG03,FALSE,NOT_FOR_ENFORCEMENT,-59.2948,45613.2617,-61.7654,-59.2948,-2.4706,-0.00118015,-0.00113294,-2.4706,-59.2948,-0.00113294,-2.4706,-2.4706,-2.4706,-2.4706,-2.4706,-59.2948,-0.00113294,-12.3531,-11.4036,-49.4123,-50.3618,-0.00094412,-0.00096226,-0.00004721,36.9350,33.6024,-0.0437,-3.2508,-0.1159,2754.5753,74.4211,12.8426,37.0032,13.1659,26.3317,52.6635,71.0957,102.6937,147.4577,26.3317,0.0,3.9,5.6,1.402681,30,147,41,3,0.00098153,-0.00118015,0.01250000,0E-8,0.000000,0.907845,0.000000,-0.01369359,2026-03-23,2026-08-06,19,533,225,137,0.138686,0.347066,0.347707,0.003272,,,,,,,,GLOBAL_BASELINE_NO_ENTITY_RANKING,,,NOT_APPLICABLE_GLOBAL_BASELINE,HF9g-P5,,,,X 全窗基线 · 不参与实体赏罚,3925400,393,A168_HF9F_20260827_0900,2026-08-27 09:00:00
2026-03-24,123633016,2212,0,236.9855438819,-52.6634541959,-52.6634541959,0.5000000,5,5,0.49324550000000000,0.493245500000,0.027020465636507562,0.027020465636507562,0.027020465636507562,0E-17,ELIGIBLE,R03b_20260811_FULL_v1,L1_ELIGIBILITY,v2026-08-11,2026-03-21..2026-08-06,baccarat_bet02_101_all_pairs_incl_sentinel,round_win = game_pnl > 0 (decisive only),COMPATIBILITY_ONLY_NOT_PRODUCTION,52336.9300,47513.8143,-61.7654,1417,1414,0.00118015,-0.01250000,0.00119359,0.00118015,61.7654,52336.9300,OK,0.0000,-2.4706,4.0000,96.0000,AG03-UNRESOLVED,ALL5_LEVELS_bet23_to_bet27,-2.4706,-2.4706,-2.4706,-2.4706,-2.4706,4.000000,4.000000,4.000000,4.000000,4.000000,96.000000,96.000000,96.000000,96.000000,96.000000,5.0,-12.3531,-11.4036,-49.4123,-50.3618,PENDING_AG03,FALSE,NOT_FOR_ENFORCEMENT,-59.2948,45613.2617,-61.7654,-59.2948,-2.4706,-0.00118015,-0.00113294,-2.4706,-59.2948,-0.00113294,-2.4706,-2.4706,-2.4706,-2.4706,-2.4706,-59.2948,-0.00113294,-12.3531,-11.4036,-49.4123,-50.3618,-0.00094412,-0.00096226,-0.00004721,36.9350,33.6024,-0.0437,-3.2508,-0.1159,2754.5753,74.4211,12.8426,37.0032,13.1659,26.3317,52.6635,71.0957,102.6937,147.4577,26.3317,0.0,3.9,5.6,1.402681,30,147,41,3,0.00098153,-0.00118015,0.01250000,0E-8,0.000000,0.907845,0.000000,-0.01369359,2026-03-23,2026-08-06,19,533,225,137,0.138686,0.347066,0.347707,0.003272,,,,,,,,GLOBAL_BASELINE_NO_ENTITY_RANKING,,,NOT_APPLICABLE_GLOBAL_BASELINE,HF9g-P5,,,,X 全窗基线 · 不参与实体赏罚,3925401,393,A168_HF9F_20260827_0900,2026-08-27 09:00:00
2026-03-24,123633016,2216,0,183.7954551439,-79.5613134265,-79.5613134265,0.3333333,3,3,0.50218230000000000,0.502182300000,-0.5849155494134425,-0.5849155494134426,-0.5849155494134425,0E-17,ELIGIBLE,R03b_20260811_FULL_v1,L1_ELIGIBILITY,v2026-08-11,2026-03-21..2026-08-06,baccarat_bet02_101_all_pairs_incl_sentinel,round_win = game_pnl > 0 (decisive only),COMPATIBILITY_ONLY_NOT_PRODUCTION,52336.9300,47513.8143,-61.7654,1417,1414,0.00118015,-0.01250000,0.00119359,0.00118015,61.7654,52336.9300,OK,0.0000,-2.4706,4.0000,96.0000,AG03-UNRESOLVED,ALL5_LEVELS_bet23_to_bet27,-2.4706,-2.4706,-2.4706,-2.4706,-2.4706,4.000000,4.000000,4.000000,4.000000,4.000000,96.000000,96.000000,96.000000,96.000000,96.000000,5.0,-12.3531,-11.4036,-49.4123,-50.3618,PENDING_AG03,FALSE,NOT_FOR_ENFORCEMENT,-59.2948,45613.2617,-61.7654,-59.2948,-2.4706,-0.00118015,-0.00113294,-2.4706,-59.2948,-0.00113294,-2.4706,-2.4706,-2.4706,-2.4706,-2.4706,-59.2948,-0.00113294,-12.3531,-11.4036,-49.4123,-50.3618,-0.00094412,-0.00096226,-0.00004721,36.9350,33.6024,-0.0437,-3.2508,-0.1159,2754.5753,74.4211,12.8426,37.0032,13.1659,26.3317,52.6635,71.0957,102.6937,147.4577,26.3317,0.0,3.9,5.6,1.402681,30,147,41,3,0.00098153,-0.00118015,0.01250000,0E-8,0.000000,0.907845,0.000000,-0.01369359,2026-03-23,2026-08-06,19,533,225,137,0.138686,0.347066,0.347707,0.003272,,,,,,,,GLOBAL_BASELINE_NO_ENTITY_RANKING,,,NOT_APPLICABLE_GLOBAL_BASELINE,HF9g-P5,,,,X 全窗基线 · 不参与实体赏罚,3925402,393,A168_HF9F_20260827_0900,2026-08-27 09:00:00
2026-03-24,123633016,2218,0,52.6634541960,-52.6634541960,-52.6634541960,0E-7,2,2,0.49994810000000000,0.499948100000,-1.4140667746232096,-1.4140667746232096,-1.4140667746232096,0E-17,ELIGIBLE,R03b_20260811_FULL_v1,L1_ELIGIBILITY,v2026-08-11,2026-03-21..2026-08-06,baccarat_bet02_101_all_pairs_incl_sentinel,round_win = game_pnl > 0 (decisive only),COMPATIBILITY_ONLY_NOT_PRODUCTION,52336.9300,47513.8143,-61.7654,1417,1414,0.00118015,-0.01250000,0.00119359,0.00118015,61.7654,52336.9300,OK,0.0000,-2.4706,4.0000,96.0000,AG03-UNRESOLVED,ALL5_LEVELS_bet23_to_bet27,-2.4706,-2.4706,-2.4706,-2.4706,-2.4706,4.000000,4.000000,4.000000,4.000000,4.000000,96.000000,96.000000,96.000000,96.000000,96.000000,5.0,-12.3531,-11.4036,-49.4123,-50.3618,PENDING_AG03,FALSE,NOT_FOR_ENFORCEMENT,-59.2948,45613.2617,-61.7654,-59.2948,-2.4706,-0.00118015,-0.00113294,-2.4706,-59.2948,-0.00113294,-2.4706,-2.4706,-2.4706,-2.4706,-2.4706,-59.2948,-0.00113294,-12.3531,-11.4036,-49.4123,-50.3618,-0.00094412,-0.00096226,-0.00004721,36.9350,33.6024,-0.0437,-3.2508,-0.1159,2754.5753,74.4211,12.8426,37.0032,13.1659,26.3317,52.6635,71.0957,102.6937,147.4577,26.3317,0.0,3.9,5.6,1.402681,30,147,41,3,0.00098153,-0.00118015,0.01250000,0E-8,0.000000,0.907845,0.000000,-0.01369359,2026-03-23,2026-08-06,19,533,225,137,0.138686,0.347066,0.347707,0.003272,,,,,,,,GLOBAL_BASELINE_NO_ENTITY_RANKING,,,NOT_APPLICABLE_GLOBAL_BASELINE,HF9g-P5,,,,X 全窗基线 · 不参与实体赏罚,3925403,393,A168_HF9F_20260827_0900,2026-08-27 09:00:00
2026-03-24,123633016,2222,0,371.2773520815,-18.6955262396,-18.6955262396,0.6000000,6,6,0.49771390000000000,0.497713900000,0.4574421269484404,0.45744212694844033,0.4574421269484404,0E-17,ELIGIBLE,R03b_20260811_FULL_v1,L1_ELIGIBILITY,v2026-08-11,2026-03-21..2026-08-06,baccarat_bet02_101_all_pairs_incl_sentinel,round_win = game_pnl > 0 (decisive only),COMPATIBILITY_ONLY_NOT_PRODUCTION,52336.9300,47513.8143,-61.7654,1417,1414,0.00118015,-0.01250000,0.00119359,0.00118015,61.7654,52336.9300,OK,0.0000,-2.4706,4.0000,96.0000,AG03-UNRESOLVED,ALL5_LEVELS_bet23_to_bet27,-2.4706,-2.4706,-2.4706,-2.4706,-2.4706,4.000000,4.000000,4.000000,4.000000,4.000000,96.000000,96.000000,96.000000,96.000000,96.000000,5.0,-12.3531,-11.4036,-49.4123,-50.3618,PENDING_AG03,FALSE,NOT_FOR_ENFORCEMENT,-59.2948,45613.2617,-61.7654,-59.2948,-2.4706,-0.00118015,-0.00113294,-2.4706,-59.2948,-0.00113294,-2.4706,-2.4706,-2.4706,-2.4706,-2.4706,-59.2948,-0.00113294,-12.3531,-11.4036,-49.4123,-50.3618,-0.00094412,-0.00096226,-0.00004721,36.9350,33.6024,-0.0437,-3.2508,-0.1159,2754.5753,74.4211,12.8426,37.0032,13.1659,26.3317,52.6635,71.0957,102.6937,147.4577,26.3317,0.0,3.9,5.6,1.402681,30,147,41,3,0.00098153,-0.00118015,0.01250000,0E-8,0.000000,0.907845,0.000000,-0.01369359,2026-03-23,2026-08-06,19,533,225,137,0.138686,0.347066,0.347707,0.003272,,,,,,,,GLOBAL_BASELINE_NO_ENTITY_RANKING,,,NOT_APPLICABLE_GLOBAL_BASELINE,HF9g-P5,,,,X 全窗基线 · 不参与实体赏罚,3925404,393,A168_HF9F_20260827_0900,2026-08-27 09:00:00
2026-03-24,123633016,2224,0,284.3826526583,-43.0523738052,-43.0523738052,0.6000000,5,5,0.50396966000000000,0.503969660000,0.4294742719815242,0.4294742719815242,0.4294742719815242,0E-17,ELIGIBLE,R03b_20260811_FULL_v1,L1_ELIGIBILITY,v2026-08-11,2026-03-21..2026-08-06,baccarat_bet02_101_all_pairs_incl_sentinel,round_win = game_pnl > 0 (decisive only),COMPATIBILITY_ONLY_NOT_PRODUCTION,52336.9300,47513.8143,-61.7654,1417,1414,0.00118015,-0.01250000,0.00119359,0.00118015,61.7654,52336.9300,OK,0.0000,-2.4706,4.0000,96.0000,AG03-UNRESOLVED,ALL5_LEVELS_bet23_to_bet27,-2.4706,-2.4706,-2.4706,-2.4706,-2.4706,4.000000,4.000000,4.000000,4.000000,4.000000,96.000000,96.000000,96.000000,96.000000,96.000000,5.0,-12.3531,-11.4036,-49.4123,-50.3618,PENDING_AG03,FALSE,NOT_FOR_ENFORCEMENT,-59.2948,45613.2617,-61.7654,-59.2948,-2.4706,-0.00118015,-0.00113294,-2.4706,-59.2948,-0.00113294,-2.4706,-2.4706,-2.4706,-2.4706,-2.4706,-59.2948,-0.00113294,-12.3531,-11.4036,-49.4123,-50.3618,-0.00094412,-0.00096226,-0.00004721,36.9350,33.6024,-0.0437,-3.2508,-0.1159,2754.5753,74.4211,12.8426,37.0032,13.1659,26.3317,52.6635,71.0957,102.6937,147.4577,26.3317,0.0,3.9,5.6,1.402681,30,147,41,3,0.00098153,-0.00118015,0.01250000,0E-8,0.000000,0.907845,0.000000,-0.01369359,2026-03-23,2026-08-06,19,533,225,137,0.138686,0.347066,0.347707,0.003272,,,,,,,,GLOBAL_BASELINE_NO_ENTITY_RANKING,,,NOT_APPLICABLE_GLOBAL_BASELINE,HF9g-P5,,,,X 全窗基线 · 不参与实体赏罚,3925405,393,A168_HF9F_20260827_0900,2026-08-27 09:00:00
2026-03-24,123633016,2232,0,263.3172709797,-105.3269083919,-105.3269083919,0.3333333,3,3,0.49771390000000000,0.497713900000,-0.5694369385616226,-0.5694369385616226,-0.5694369385616226,0E-17,ELIGIBLE,R03b_20260811_FULL_v1,L1_ELIGIBILITY,v2026-08-11,2026-03-21..2026-08-06,baccarat_bet02_101_all_pairs_incl_sentinel,round_win = game_pnl > 0 (decisive only),COMPATIBILITY_ONLY_NOT_PRODUCTION,52336.9300,47513.8143,-61.7654,1417,1414,0.00118015,-0.01250000,0.00119359,0.00118015,61.7654,52336.9300,OK,0.0000,-2.4706,4.0000,96.0000,AG03-UNRESOLVED,ALL5_LEVELS_bet23_to_bet27,-2.4706,-2.4706,-2.4706,-2.4706,-2.4706,4.000000,4.000000,4.000000,4.000000,4.000000,96.000000,96.000000,96.000000,96.000000,96.000000,5.0,-12.3531,-11.4036,-49.4123,-50.3618,PENDING_AG03,FALSE,NOT_FOR_ENFORCEMENT,-59.2948,45613.2617,-61.7654,-59.2948,-2.4706,-0.00118015,-0.00113294,-2.4706,-59.2948,-0.00113294,-2.4706,-2.4706,-2.4706,-2.4706,-2.4706,-59.2948,-0.00113294,-12.3531,-11.4036,-49.4123,-50.3618,-0.00094412,-0.00096226,-0.00004721,36.9350,33.6024,-0.0437,-3.2508,-0.1159,2754.5753,74.4211,12.8426,37.0032,13.1659,26.3317,52.6635,71.0957,102.6937,147.4577,26.3317,0.0,3.9,5.6,1.402681,30,147,41,3,0.00098153,-0.00118015,0.01250000,0E-8,0.000000,0.907845,0.000000,-0.01369359,2026-03-23,2026-08-06,19,533,225,137,0.138686,0.347066,0.347707,0.003272,,,,,,,,GLOBAL_BASELINE_NO_ENTITY_RANKING,,,NOT_APPLICABLE_GLOBAL_BASELINE,HF9g-P5,,,,X 全窗基线 · 不参与实体赏罚,3925406,393,A168_HF9F_20260827_0900,2026-08-27 09:00:00
2026-03-24,123633016,2233,0,52.6634541960,26.3317270980,26.3317270980,0.6666667,3,3,0.49324550000000000,0.493245500000,0.6008033672792107,0.6008033672792106,0.6008033672792107,0E-17,ELIGIBLE,R03b_20260811_FULL_v1,L1_ELIGIBILITY,v2026-08-11,2026-03-21..2026-08-06,baccarat_bet02_101_all_pairs_incl_sentinel,round_win = game_pnl > 0 (decisive only),COMPATIBILITY_ONLY_NOT_PRODUCTION,52336.9300,47513.8143,-61.7654,1417,1414,0.00118015,-0.01250000,0.00119359,0.00118015,61.7654,52336.9300,OK,0.0000,-2.4706,4.0000,96.0000,AG03-UNRESOLVED,ALL5_LEVELS_bet23_to_bet27,-2.4706,-2.4706,-2.4706,-2.4706,-2.4706,4.000000,4.000000,4.000000,4.000000,4.000000,96.000000,96.000000,96.000000,96.000000,96.000000,5.0,-12.3531,-11.4036,-49.4123,-50.3618,PENDING_AG03,FALSE,NOT_FOR_ENFORCEMENT,-59.2948,45613.2617,-61.7654,-59.2948,-2.4706,-0.00118015,-0.00113294,-2.4706,-59.2948,-0.00113294,-2.4706,-2.4706,-2.4706,-2.4706,-2.4706,-59.2948,-0.00113294,-12.3531,-11.4036,-49.4123,-50.3618,-0.00094412,-0.00096226,-0.00004721,36.9350,33.6024,-0.0437,-3.2508,-0.1159,2754.5753,74.4211,12.8426,37.0032,13.1659,26.3317,52.6635,71.0957,102.6937,147.4577,26.3317,0.0,3.9,5.6,1.402681,30,147,41,3,0.00098153,-0.00118015,0.01250000,0E-8,0.000000,0.907845,0.000000,-0.01369359,2026-03-23,2026-08-06,19,533,225,137,0.138686,0.347066,0.347707,0.003272,,,,,,,,GLOBAL_BASELINE_NO_ENTITY_RANKING,,,NOT_APPLICABLE_GLOBAL_BASELINE,HF9g-P5,,,,X 全窗基线 · 不参与实体赏罚,3925407,393,A168_HF9F_20260827_0900,2026-08-27 09:00:00
2026-03-24,123633016,2242,0,131.6586354900,-131.6586354900,-131.6586354900,0E-7,3,3,0.49324550000000000,0.493245500000,-1.708808463184432,-1.7088084631844318,-1.708808463184432,0E-17,ELIGIBLE,R03b_20260811_FULL_v1,L1_ELIGIBILITY,v2026-08-11,2026-03-21..2026-08-06,baccarat_bet02_101_all_pairs_incl_sentinel,round_win = game_pnl > 0 (decisive only),COMPATIBILITY_ONLY_NOT_PRODUCTION,52336.9300,47513.8143,-61.7654,1417,1414,0.00118015,-0.01250000,0.00119359,0.00118015,61.7654,52336.9300,OK,0.0000,-2.4706,4.0000,96.0000,AG03-UNRESOLVED,ALL5_LEVELS_bet23_to_bet27,-2.4706,-2.4706,-2.4706,-2.4706,-2.4706,4.000000,4.000000,4.000000,4.000000,4.000000,96.000000,96.000000,96.000000,96.000000,96.000000,5.0,-12.3531,-11.4036,-49.4123,-50.3618,PENDING_AG03,FALSE,NOT_FOR_ENFORCEMENT,-59.2948,45613.2617,-61.7654,-59.2948,-2.4706,-0.00118015,-0.00113294,-2.4706,-59.2948,-0.00113294,-2.4706,-2.4706,-2.4706,-2.4706,-2.4706,-59.2948,-0.00113294,-12.3531,-11.4036,-49.4123,-50.3618,-0.00094412,-0.00096226,-0.00004721,36.9350,33.6024,-0.0437,-3.2508,-0.1159,2754.5753,74.4211,12.8426,37.0032,13.1659,26.3317,52.6635,71.0957,102.6937,147.4577,26.3317,0.0,3.9,5.6,1.402681,30,147,41,3,0.00098153,-0.00118015,0.01250000,0E-8,0.000000,0.907845,0.000000,-0.01369359,2026-03-23,2026-08-06,19,533,225,137,0.138686,0.347066,0.347707,0.003272,,,,,,,,GLOBAL_BASELINE_NO_ENTITY_RANKING,,,NOT_APPLICABLE_GLOBAL_BASELINE,HF9g-P5,,,,X 全窗基线 · 不参与实体赏罚,3925408,393,A168_HF9F_20260827_0900,2026-08-27 09:00:00
2026-03-24,123633016,2244,0,23.4352371172,-23.4352371172,-23.4352371172,0E-7,1,1,0.49324550000000000,0.493245500000,-0.9865810262130424,-0.9865810262130424,-0.9865810262130424,0E-17,ELIGIBLE,R03b_20260811_FULL_v1,L1_ELIGIBILITY,v2026-08-11,2026-03-21..2026-08-06,baccarat_bet02_101_all_pairs_incl_sentinel,round_win = game_pnl > 0 (decisive only),COMPATIBILITY_ONLY_NOT_PRODUCTION,52336.9300,47513.8143,-61.7654,1417,1414,0.00118015,-0.01250000,0.00119359,0.00118015,61.7654,52336.9300,OK,0.0000,-2.4706,4.0000,96.0000,AG03-UNRESOLVED,ALL5_LEVELS_bet23_to_bet27,-2.4706,-2.4706,-2.4706,-2.4706,-2.4706,4.000000,4.000000,4.000000,4.000000,4.000000,96.000000,96.000000,96.000000,96.000000,96.000000,5.0,-12.3531,-11.4036,-49.4123,-50.3618,PENDING_AG03,FALSE,NOT_FOR_ENFORCEMENT,-59.2948,45613.2617,-61.7654,-59.2948,-2.4706,-0.00118015,-0.00113294,-2.4706,-59.2948,-0.00113294,-2.4706,-2.4706,-2.4706,-2.4706,-2.4706,-59.2948,-0.00113294,-12.3531,-11.4036,-49.4123,-50.3618,-0.00094412,-0.00096226,-0.00004721,36.9350,33.6024,-0.0437,-3.2508,-0.1159,2754.5753,74.4211,12.8426,37.0032,13.1659,26.3317,52.6635,71.0957,102.6937,147.4577,26.3317,0.0,3.9,5.6,1.402681,30,147,41,3,0.00098153,-0.00118015,0.01250000,0E-8,0.000000,0.907845,0.000000,-0.01369359,2026-03-23,2026-08-06,19,533,225,137,0.138686,0.347066,0.347707,0.003272,,,,,,,,GLOBAL_BASELINE_NO_ENTITY_RANKING,,,NOT_APPLICABLE_GLOBAL_BASELINE,HF9g-P5,,,,X 全窗基线 · 不参与实体赏罚,3925409,393,A168_HF9F_20260827_0900,2026-08-27 09:00:00
2026-03-24,123633016,2246,0,352.8451431130,1.4482449904,1.4482449904,0.5000000,4,4,0.50665070000000000,0.506650700000,-0.02660515369234503,-0.02660515369234503,-0.02660515369234503,0E-17,ELIGIBLE,R03b_20260811_FULL_v1,L1_ELIGIBILITY,v2026-08-11,2026-03-21..2026-08-06,baccarat_bet02_101_all_pairs_incl_sentinel,round_win = game_pnl > 0 (decisive only),COMPATIBILITY_ONLY_NOT_PRODUCTION,52336.9300,47513.8143,-61.7654,1417,1414,0.00118015,-0.01250000,0.00119359,0.00118015,61.7654,52336.9300,OK,0.0000,-2.4706,4.0000,96.0000,AG03-UNRESOLVED,ALL5_LEVELS_bet23_to_bet27,-2.4706,-2.4706,-2.4706,-2.4706,-2.4706,4.000000,4.000000,4.000000,4.000000,4.000000,96.000000,96.000000,96.000000,96.000000,96.000000,5.0,-12.3531,-11.4036,-49.4123,-50.3618,PENDING_AG03,FALSE,NOT_FOR_ENFORCEMENT,-59.2948,45613.2617,-61.7654,-59.2948,-2.4706,-0.00118015,-0.00113294,-2.4706,-59.2948,-0.00113294,-2.4706,-2.4706,-2.4706,-2.4706,-2.4706,-59.2948,-0.00113294,-12.3531,-11.4036,-49.4123,-50.3618,-0.00094412,-0.00096226,-0.00004721,36.9350,33.6024,-0.0437,-3.2508,-0.1159,2754.5753,74.4211,12.8426,37.0032,13.1659,26.3317,52.6635,71.0957,102.6937,147.4577,26.3317,0.0,3.9,5.6,1.402681,30,147,41,3,0.00098153,-0.00118015,0.01250000,0E-8,0.000000,0.907845,0.000000,-0.01369359,2026-03-23,2026-08-06,19,533,225,137,0.138686,0.347066,0.347707,0.003272,,,,,,,,GLOBAL_BASELINE_NO_ENTITY_RANKING,,,NOT_APPLICABLE_GLOBAL_BASELINE,HF9g-P5,,,,X 全窗基线 · 不参与实体赏罚,3925410,393,A168_HF9F_20260827_0900,2026-08-27 09:00:00
2026-03-24,123633016,2248,0,160.6235352978,83.8665508070,83.8665508070,0.7500000,5,5,0.50665070000000000,0.506650700000,0.9734833216690844,0.9734833216690844,0.9734833216690844,0E-17,ELIGIBLE,R03b_20260811_FULL_v1,L1_ELIGIBILITY,v2026-08-11,2026-03-21..2026-08-06,baccarat_bet02_101_all_pairs_incl_sentinel,round_win = game_pnl > 0 (decisive only),COMPATIBILITY_ONLY_NOT_PRODUCTION,52336.9300,47513.8143,-61.7654,1417,1414,0.00118015,-0.01250000,0.00119359,0.00118015,61.7654,52336.9300,OK,0.0000,-2.4706,4.0000,96.0000,AG03-UNRESOLVED,ALL5_LEVELS_bet23_to_bet27,-2.4706,-2.4706,-2.4706,-2.4706,-2.4706,4.000000,4.000000,4.000000,4.000000,4.000000,96.000000,96.000000,96.000000,96.000000,96.000000,5.0,-12.3531,-11.4036,-49.4123,-50.3618,PENDING_AG03,FALSE,NOT_FOR_ENFORCEMENT,-59.2948,45613.2617,-61.7654,-59.2948,-2.4706,-0.00118015,-0.00113294,-2.4706,-59.2948,-0.00113294,-2.4706,-2.4706,-2.4706,-2.4706,-2.4706,-59.2948,-0.00113294,-12.3531,-11.4036,-49.4123,-50.3618,-0.00094412,-0.00096226,-0.00004721,36.9350,33.6024,-0.0437,-3.2508,-0.1159,2754.5753,74.4211,12.8426,37.0032,13.1659,26.3317,52.6635,71.0957,102.6937,147.4577,26.3317,0.0,3.9,5.6,1.402681,30,147,41,3,0.00098153,-0.00118015,0.01250000,0E-8,0.000000,0.907845,0.000000,-0.01369359,2026-03-23,2026-08-06,19,533,225,137,0.138686,0.347066,0.347707,0.003272,,,,,,,,GLOBAL_BASELINE_NO_ENTITY_RANKING,,,NOT_APPLICABLE_GLOBAL_BASELINE,HF9g-P5,,,,X 全窗基线 · 不参与实体赏罚,3925411,393,A168_HF9F_20260827_0900,2026-08-27 09:00:00
2026-03-24,123633016,2250,0,184.8487242279,-184.8487242279,-184.8487242279,0E-7,2,2,0.49994810000000000,0.499948100000,-1.4140667746232096,-1.4140667746232096,-1.4140667746232096,0E-17,ELIGIBLE,R03b_20260811_FULL_v1,L1_ELIGIBILITY,v2026-08-11,2026-03-21..2026-08-06,baccarat_bet02_101_all_pairs_incl_sentinel,round_win = game_pnl > 0 (decisive only),COMPATIBILITY_ONLY_NOT_PRODUCTION,52336.9300,47513.8143,-61.7654,1417,1414,0.00118015,-0.01250000,0.00119359,0.00118015,61.7654,52336.9300,OK,0.0000,-2.4706,4.0000,96.0000,AG03-UNRESOLVED,ALL5_LEVELS_bet23_to_bet27,-2.4706,-2.4706,-2.4706,-2.4706,-2.4706,4.000000,4.000000,4.000000,4.000000,4.000000,96.000000,96.000000,96.000000,96.000000,96.000000,5.0,-12.3531,-11.4036,-49.4123,-50.3618,PENDING_AG03,FALSE,NOT_FOR_ENFORCEMENT,-59.2948,45613.2617,-61.7654,-59.2948,-2.4706,-0.00118015,-0.00113294,-2.4706,-59.2948,-0.00113294,-2.4706,-2.4706,-2.4706,-2.4706,-2.4706,-59.2948,-0.00113294,-12.3531,-11.4036,-49.4123,-50.3618,-0.00094412,-0.00096226,-0.00004721,36.9350,33.6024,-0.0437,-3.2508,-0.1159,2754.5753,74.4211,12.8426,37.0032,13.1659,26.3317,52.6635,71.0957,102.6937,147.4577,26.3317,0.0,3.9,5.6,1.402681,30,147,41,3,0.00098153,-0.00118015,0.01250000,0E-8,0.000000,0.907845,0.000000,-0.01369359,2026-03-23,2026-08-06,19,533,225,137,0.138686,0.347066,0.347707,0.003272,,,,,,,,GLOBAL_BASELINE_NO_ENTITY_RANKING,,,NOT_APPLICABLE_GLOBAL_BASELINE,HF9g-P5,,,,X 全窗基线 · 不参与实体赏罚,3925412,393,A168_HF9F_20260827_0900,2026-08-27 09:00:00
2026-03-24,123633016,2251,0,89.5278721332,-38.1810042921,-38.1810042921,0.5000000,2,2,0.50665070000000000,0.506650700000,-0.018812684590367487,-0.018812684590367487,-0.018812684590367487,0E-17,ELIGIBLE,R03b_20260811_FULL_v1,L1_ELIGIBILITY,v2026-08-11,2026-03-21..2026-08-06,baccarat_bet02_101_all_pairs_incl_sentinel,round_win = game_pnl > 0 (decisive only),COMPATIBILITY_ONLY_NOT_PRODUCTION,52336.9300,47513.8143,-61.7654,1417,1414,0.00118015,-0.01250000,0.00119359,0.00118015,61.7654,52336.9300,OK,0.0000,-2.4706,4.0000,96.0000,AG03-UNRESOLVED,ALL5_LEVELS_bet23_to_bet27,-2.4706,-2.4706,-2.4706,-2.4706,-2.4706,4.000000,4.000000,4.000000,4.000000,4.000000,96.000000,96.000000,96.000000,96.000000,96.000000,5.0,-12.3531,-11.4036,-49.4123,-50.3618,PENDING_AG03,FALSE,NOT_FOR_ENFORCEMENT,-59.2948,45613.2617,-61.7654,-59.2948,-2.4706,-0.00118015,-0.00113294,-2.4706,-59.2948,-0.00113294,-2.4706,-2.4706,-2.4706,-2.4706,-2.4706,-59.2948,-0.00113294,-12.3531,-11.4036,-49.4123,-50.3618,-0.00094412,-0.00096226,-0.00004721,36.9350,33.6024,-0.0437,-3.2508,-0.1159,2754.5753,74.4211,12.8426,37.0032,13.1659,26.3317,52.6635,71.0957,102.6937,147.4577,26.3317,0.0,3.9,5.6,1.402681,30,147,41,3,0.00098153,-0.00118015,0.01250000,0E-8,0.000000,0.907845,0.000000,-0.01369359,2026-03-23,2026-08-06,19,533,225,137,0.138686,0.347066,0.347707,0.003272,,,,,,,,GLOBAL_BASELINE_NO_ENTITY_RANKING,,,NOT_APPLICABLE_GLOBAL_BASELINE,HF9g-P5,,,,X 全窗基线 · 不参与实体赏罚,3925413,393,A168_HF9F_20260827_0900,2026-08-27 09:00:00
2026-03-24,123633016,2256,0,155.3571898781,-52.6634541959,-52.6634541959,0.5000000,2,2,0.50665070000000000,0.506650700000,-0.018812684590367487,-0.018812684590367487,-0.018812684590367487,0E-17,ELIGIBLE,R03b_20260811_FULL_v1,L1_ELIGIBILITY,v2026-08-11,2026-03-21..2026-08-06,baccarat_bet02_101_all_pairs_incl_sentinel,round_win = game_pnl > 0 (decisive only),COMPATIBILITY_ONLY_NOT_PRODUCTION,52336.9300,47513.8143,-61.7654,1417,1414,0.00118015,-0.01250000,0.00119359,0.00118015,61.7654,52336.9300,OK,0.0000,-2.4706,4.0000,96.0000,AG03-UNRESOLVED,ALL5_LEVELS_bet23_to_bet27,-2.4706,-2.4706,-2.4706,-2.4706,-2.4706,4.000000,4.000000,4.000000,4.000000,4.000000,96.000000,96.000000,96.000000,96.000000,96.000000,5.0,-12.3531,-11.4036,-49.4123,-50.3618,PENDING_AG03,FALSE,NOT_FOR_ENFORCEMENT,-59.2948,45613.2617,-61.7654,-59.2948,-2.4706,-0.00118015,-0.00113294,-2.4706,-59.2948,-0.00113294,-2.4706,-2.4706,-2.4706,-2.4706,-2.4706,-59.2948,-0.00113294,-12.3531,-11.4036,-49.4123,-50.3618,-0.00094412,-0.00096226,-0.00004721,36.9350,33.6024,-0.0437,-3.2508,-0.1159,2754.5753,74.4211,12.8426,37.0032,13.1659,26.3317,52.6635,71.0957,102.6937,147.4577,26.3317,0.0,3.9,5.6,1.402681,30,147,41,3,0.00098153,-0.00118015,0.01250000,0E-8,0.000000,0.907845,0.000000,-0.01369359,2026-03-23,2026-08-06,19,533,225,137,0.138686,0.347066,0.347707,0.003272,,,,,,,,GLOBAL_BASELINE_NO_ENTITY_RANKING,,,NOT_APPLICABLE_GLOBAL_BASELINE,HF9g-P5,,,,X 全窗基线 · 不参与实体赏罚,3925414,393,A168_HF9F_20260827_0900,2026-08-27 09:00:00
2026-03-24,123633016,2258,0,260.6840982701,-50.0302814861,-50.0302814861,0.5000000,4,4,0.49659680000000000,0.496596800000,0.013613115331600182,0.013613115331600183,0.013613115331600182,0E-17,ELIGIBLE,R03b_20260811_FULL_v1,L1_ELIGIBILITY,v2026-08-11,2026-03-21..2026-08-06,baccarat_bet02_101_all_pairs_incl_sentinel,round_win = game_pnl > 0 (decisive only),COMPATIBILITY_ONLY_NOT_PRODUCTION,52336.9300,47513.8143,-61.7654,1417,1414,0.00118015,-0.01250000,0.00119359,0.00118015,61.7654,52336.9300,OK,0.0000,-2.4706,4.0000,96.0000,AG03-UNRESOLVED,ALL5_LEVELS_bet23_to_bet27,-2.4706,-2.4706,-2.4706,-2.4706,-2.4706,4.000000,4.000000,4.000000,4.000000,4.000000,96.000000,96.000000,96.000000,96.000000,96.000000,5.0,-12.3531,-11.4036,-49.4123,-50.3618,PENDING_AG03,FALSE,NOT_FOR_ENFORCEMENT,-59.2948,45613.2617,-61.7654,-59.2948,-2.4706,-0.00118015,-0.00113294,-2.4706,-59.2948,-0.00113294,-2.4706,-2.4706,-2.4706,-2.4706,-2.4706,-59.2948,-0.00113294,-12.3531,-11.4036,-49.4123,-50.3618,-0.00094412,-0.00096226,-0.00004721,36.9350,33.6024,-0.0437,-3.2508,-0.1159,2754.5753,74.4211,12.8426,37.0032,13.1659,26.3317,52.6635,71.0957,102.6937,147.4577,26.3317,0.0,3.9,5.6,1.402681,30,147,41,3,0.00098153,-0.00118015,0.01250000,0E-8,0.000000,0.907845,0.000000,-0.01369359,2026-03-23,2026-08-06,19,533,225,137,0.138686,0.347066,0.347707,0.003272,,,,,,,,GLOBAL_BASELINE_NO_ENTITY_RANKING,,,NOT_APPLICABLE_GLOBAL_BASELINE,HF9g-P5,,,,X 全窗基线 · 不参与实体赏罚,3925415,393,A168_HF9F_20260827_0900,2026-08-27 09:00:00
2026-03-24,123633016,526,0,52.6634541960,-52.6634541960,-52.6634541960,0E-7,1,1,0.50665070000000000,0.506650700000,-1.013391052207602,-1.013391052207602,-1.013391052207602,0E-17,ELIGIBLE,R03b_20260811_FULL_v1,L1_ELIGIBILITY,v2026-08-11,2026-03-21..2026-08-06,baccarat_bet02_101_all_pairs_incl_sentinel,round_win = game_pnl > 0 (decisive only),COMPATIBILITY_ONLY_NOT_PRODUCTION,52336.9300,47513.8143,-61.7654,1417,1414,0.00118015,-0.01250000,0.00119359,0.00118015,61.7654,52336.9300,OK,0.0000,-2.4706,4.0000,96.0000,AG03-UNRESOLVED,ALL5_LEVELS_bet23_to_bet27,-2.4706,-2.4706,-2.4706,-2.4706,-2.4706,4.000000,4.000000,4.000000,4.000000,4.000000,96.000000,96.000000,96.000000,96.000000,96.000000,5.0,-12.3531,-11.4036,-49.4123,-50.3618,PENDING_AG03,FALSE,NOT_FOR_ENFORCEMENT,-59.2948,45613.2617,-61.7654,-59.2948,-2.4706,-0.00118015,-0.00113294,-2.4706,-59.2948,-0.00113294,-2.4706,-2.4706,-2.4706,-2.4706,-2.4706,-59.2948,-0.00113294,-12.3531,-11.4036,-49.4123,-50.3618,-0.00094412,-0.00096226,-0.00004721,36.9350,33.6024,-0.0437,-3.2508,-0.1159,2754.5753,74.4211,12.8426,37.0032,13.1659,26.3317,52.6635,71.0957,102.6937,147.4577,26.3317,0.0,3.9,5.6,1.402681,30,147,41,3,0.00098153,-0.00118015,0.01250000,0E-8,0.000000,0.907845,0.000000,-0.01369359,2026-03-23,2026-08-06,19,533,225,137,0.138686,0.347066,0.347707,0.003272,,,,,,,,GLOBAL_BASELINE_NO_ENTITY_RANKING,,,NOT_APPLICABLE_GLOBAL_BASELINE,HF9g-P5,,,,X 全窗基线 · 不参与实体赏罚,3925416,393,A168_HF9F_20260827_0900,2026-08-27 09:00:00
2026-03-24,123633016,583,0,526.6345419596,263.3172709798,263.3172709798,0.6666667,6,6,0.49547970000000000,0.495479700000,0.83867571210634,0.83867571210634,0.83867571210634,0E-17,ELIGIBLE,R03b_20260811_FULL_v1,L1_ELIGIBILITY,v2026-08-11,2026-03-21..2026-08-06,baccarat_bet02_101_all_pairs_incl_sentinel,round_win = game_pnl > 0 (decisive only),COMPATIBILITY_ONLY_NOT_PRODUCTION,52336.9300,47513.8143,-61.7654,1417,1414,0.00118015,-0.01250000,0.00119359,0.00118015,61.7654,52336.9300,OK,0.0000,-2.4706,4.0000,96.0000,AG03-UNRESOLVED,ALL5_LEVELS_bet23_to_bet27,-2.4706,-2.4706,-2.4706,-2.4706,-2.4706,4.000000,4.000000,4.000000,4.000000,4.000000,96.000000,96.000000,96.000000,96.000000,96.000000,5.0,-12.3531,-11.4036,-49.4123,-50.3618,PENDING_AG03,FALSE,NOT_FOR_ENFORCEMENT,-59.2948,45613.2617,-61.7654,-59.2948,-2.4706,-0.00118015,-0.00113294,-2.4706,-59.2948,-0.00113294,-2.4706,-2.4706,-2.4706,-2.4706,-2.4706,-59.2948,-0.00113294,-12.3531,-11.4036,-49.4123,-50.3618,-0.00094412,-0.00096226,-0.00004721,36.9350,33.6024,-0.0437,-3.2508,-0.1159,2754.5753,74.4211,12.8426,37.0032,13.1659,26.3317,52.6635,71.0957,102.6937,147.4577,26.3317,0.0,3.9,5.6,1.402681,30,147,41,3,0.00098153,-0.00118015,0.01250000,0E-8,0.000000,0.907845,0.000000,-0.01369359,2026-03-23,2026-08-06,19,533,225,137,0.138686,0.347066,0.347707,0.003272,,,,,,,,GLOBAL_BASELINE_NO_ENTITY_RANKING,,,NOT_APPLICABLE_GLOBAL_BASELINE,HF9g-P5,,,,X 全窗基线 · 不参与实体赏罚,3925417,393,A168_HF9F_20260827_0900,2026-08-27 09:00:00
2026-03-24,123633016,752,0,52.6634541960,-52.6634541960,-52.6634541960,0E-7,1,1,0.50665070000000000,0.506650700000,-1.013391052207602,-1.013391052207602,-1.013391052207602,0E-17,ELIGIBLE,R03b_20260811_FULL_v1,L1_ELIGIBILITY,v2026-08-11,2026-03-21..2026-08-06,baccarat_bet02_101_all_pairs_incl_sentinel,round_win = game_pnl > 0 (decisive only),COMPATIBILITY_ONLY_NOT_PRODUCTION,52336.9300,47513.8143,-61.7654,1417,1414,0.00118015,-0.01250000,0.00119359,0.00118015,61.7654,52336.9300,OK,0.0000,-2.4706,4.0000,96.0000,AG03-UNRESOLVED,ALL5_LEVELS_bet23_to_bet27,-2.4706,-2.4706,-2.4706,-2.4706,-2.4706,4.000000,4.000000,4.000000,4.000000,4.000000,96.000000,96.000000,96.000000,96.000000,96.000000,5.0,-12.3531,-11.4036,-49.4123,-50.3618,PENDING_AG03,FALSE,NOT_FOR_ENFORCEMENT,-59.2948,45613.2617,-61.7654,-59.2948,-2.4706,-0.00118015,-0.00113294,-2.4706,-59.2948,-0.00113294,-2.4706,-2.4706,-2.4706,-2.4706,-2.4706,-59.2948,-0.00113294,-12.3531,-11.4036,-49.4123,-50.3618,-0.00094412,-0.00096226,-0.00004721,36.9350,33.6024,-0.0437,-3.2508,-0.1159,2754.5753,74.4211,12.8426,37.0032,13.1659,26.3317,52.6635,71.0957,102.6937,147.4577,26.3317,0.0,3.9,5.6,1.402681,30,147,41,3,0.00098153,-0.00118015,0.01250000,0E-8,0.000000,0.907845,0.000000,-0.01369359,2026-03-23,2026-08-06,19,533,225,137,0.138686,0.347066,0.347707,0.003272,,,,,,,,GLOBAL_BASELINE_NO_ENTITY_RANKING,,,NOT_APPLICABLE_GLOBAL_BASELINE,HF9g-P5,,,,X 全窗基线 · 不参与实体赏罚,3925418,393,A168_HF9F_20260827_0900,2026-08-27 09:00:00
2026-03-24,123633016,763,0,566.1321326066,184.8487242279,184.8487242279,0.5000000,6,6,0.49994810000000000,0.499948100000,0.00025425703667063243,0.00025425703667063243,0.00025425703667063243,0E-17,ELIGIBLE,R03b_20260811_FULL_v1,L1_ELIGIBILITY,v2026-08-11,2026-03-21..2026-08-06,baccarat_bet02_101_all_pairs_incl_sentinel,round_win = game_pnl > 0 (decisive only),COMPATIBILITY_ONLY_NOT_PRODUCTION,52336.9300,47513.8143,-61.7654,1417,1414,0.00118015,-0.01250000,0.00119359,0.00118015,61.7654,52336.9300,OK,0.0000,-2.4706,4.0000,96.0000,AG03-UNRESOLVED,ALL5_LEVELS_bet23_to_bet27,-2.4706,-2.4706,-2.4706,-2.4706,-2.4706,4.000000,4.000000,4.000000,4.000000,4.000000,96.000000,96.000000,96.000000,96.000000,96.000000,5.0,-12.3531,-11.4036,-49.4123,-50.3618,PENDING_AG03,FALSE,NOT_FOR_ENFORCEMENT,-59.2948,45613.2617,-61.7654,-59.2948,-2.4706,-0.00118015,-0.00113294,-2.4706,-59.2948,-0.00113294,-2.4706,-2.4706,-2.4706,-2.4706,-2.4706,-59.2948,-0.00113294,-12.3531,-11.4036,-49.4123,-50.3618,-0.00094412,-0.00096226,-0.00004721,36.9350,33.6024,-0.0437,-3.2508,-0.1159,2754.5753,74.4211,12.8426,37.0032,13.1659,26.3317,52.6635,71.0957,102.6937,147.4577,26.3317,0.0,3.9,5.6,1.402681,30,147,41,3,0.00098153,-0.00118015,0.01250000,0E-8,0.000000,0.907845,0.000000,-0.01369359,2026-03-23,2026-08-06,19,533,225,137,0.138686,0.347066,0.347707,0.003272,,,,,,,,GLOBAL_BASELINE_NO_ENTITY_RANKING,,,NOT_APPLICABLE_GLOBAL_BASELINE,HF9g-P5,,,,X 全窗基线 · 不参与实体赏罚,3925419,393,A168_HF9F_20260827_0900,2026-08-27 09:00:00
2026-03-24,123633016,919,0,55.2966269058,-55.2966269058,-55.2966269058,0E-7,2,1,0.47065451904761905,0.256040200000,-0.9429344687666296,-0.5866503638730671,-0.9429344687666296,0.21461431904761905,ELIGIBLE,R03b_20260811_FULL_v1,L1_ELIGIBILITY,v2026-08-11,2026-03-21..2026-08-06,baccarat_bet02_101_all_pairs_incl_sentinel,round_win = game_pnl > 0 (decisive only),COMPATIBILITY_ONLY_NOT_PRODUCTION,52336.9300,47513.8143,-61.7654,1417,1414,0.00118015,-0.01250000,0.00119359,0.00118015,61.7654,52336.9300,OK,0.0000,-2.4706,4.0000,96.0000,AG03-UNRESOLVED,ALL5_LEVELS_bet23_to_bet27,-2.4706,-2.4706,-2.4706,-2.4706,-2.4706,4.000000,4.000000,4.000000,4.000000,4.000000,96.000000,96.000000,96.000000,96.000000,96.000000,5.0,-12.3531,-11.4036,-49.4123,-50.3618,PENDING_AG03,FALSE,NOT_FOR_ENFORCEMENT,-59.2948,45613.2617,-61.7654,-59.2948,-2.4706,-0.00118015,-0.00113294,-2.4706,-59.2948,-0.00113294,-2.4706,-2.4706,-2.4706,-2.4706,-2.4706,-59.2948,-0.00113294,-12.3531,-11.4036,-49.4123,-50.3618,-0.00094412,-0.00096226,-0.00004721,36.9350,33.6024,-0.0437,-3.2508,-0.1159,2754.5753,74.4211,12.8426,37.0032,13.1659,26.3317,52.6635,71.0957,102.6937,147.4577,26.3317,0.0,3.9,5.6,1.402681,30,147,41,3,0.00098153,-0.00118015,0.01250000,0E-8,0.000000,0.907845,0.000000,-0.01369359,2026-03-23,2026-08-06,19,533,225,137,0.138686,0.347066,0.347707,0.003272,,,,,,,,GLOBAL_BASELINE_NO_ENTITY_RANKING,,,NOT_APPLICABLE_GLOBAL_BASELINE,HF9g-P5,,,,X 全窗基线 · 不参与实体赏罚,3925420,393,A168_HF9F_20260827_0900,2026-08-27 09:00:00
2026-03-24,123633016,948,0,189.5884351056,52.6634541960,52.6634541960,0.5000000,7,7,0.49899058571428571,0.498990585714,0.004945109955477372,0.0049451099568770685,0.004945109955477372,2.8571E-13,ELIGIBLE,R03b_20260811_FULL_v1,L1_ELIGIBILITY,v2026-08-11,2026-03-21..2026-08-06,baccarat_bet02_101_all_pairs_incl_sentinel,round_win = game_pnl > 0 (decisive only),COMPATIBILITY_ONLY_NOT_PRODUCTION,52336.9300,47513.8143,-61.7654,1417,1414,0.00118015,-0.01250000,0.00119359,0.00118015,61.7654,52336.9300,OK,0.0000,-2.4706,4.0000,96.0000,AG03-UNRESOLVED,ALL5_LEVELS_bet23_to_bet27,-2.4706,-2.4706,-2.4706,-2.4706,-2.4706,4.000000,4.000000,4.000000,4.000000,4.000000,96.000000,96.000000,96.000000,96.000000,96.000000,5.0,-12.3531,-11.4036,-49.4123,-50.3618,PENDING_AG03,FALSE,NOT_FOR_ENFORCEMENT,-59.2948,45613.2617,-61.7654,-59.2948,-2.4706,-0.00118015,-0.00113294,-2.4706,-59.2948,-0.00113294,-2.4706,-2.4706,-2.4706,-2.4706,-2.4706,-59.2948,-0.00113294,-12.3531,-11.4036,-49.4123,-50.3618,-0.00094412,-0.00096226,-0.00004721,36.9350,33.6024,-0.0437,-3.2508,-0.1159,2754.5753,74.4211,12.8426,37.0032,13.1659,26.3317,52.6635,71.0957,102.6937,147.4577,26.3317,0.0,3.9,5.6,1.402681,30,147,41,3,0.00098153,-0.00118015,0.01250000,0E-8,0.000000,0.907845,0.000000,-0.01369359,2026-03-23,2026-08-06,19,533,225,137,0.138686,0.347066,0.347707,0.003272,,,,,,,,GLOBAL_BASELINE_NO_ENTITY_RANKING,,,NOT_APPLICABLE_GLOBAL_BASELINE,HF9g-P5,,,,X 全窗基线 · 不参与实体赏罚,3925421,393,A168_HF9F_20260827_0900,2026-08-27 09:00:00
2026-03-24,123633016,970,0,215.9201622036,-68.4624904548,-68.4624904548,0.2500000,6,6,0.49547970000000000,0.495479700000,-0.9819589297737525,-0.9819589297737525,-0.9819589297737525,0E-17,ELIGIBLE,R03b_20260811_FULL_v1,L1_ELIGIBILITY,v2026-08-11,2026-03-21..2026-08-06,baccarat_bet02_101_all_pairs_incl_sentinel,round_win = game_pnl > 0 (decisive only),COMPATIBILITY_ONLY_NOT_PRODUCTION,52336.9300,47513.8143,-61.7654,1417,1414,0.00118015,-0.01250000,0.00119359,0.00118015,61.7654,52336.9300,OK,0.0000,-2.4706,4.0000,96.0000,AG03-UNRESOLVED,ALL5_LEVELS_bet23_to_bet27,-2.4706,-2.4706,-2.4706,-2.4706,-2.4706,4.000000,4.000000,4.000000,4.000000,4.000000,96.000000,96.000000,96.000000,96.000000,96.000000,5.0,-12.3531,-11.4036,-49.4123,-50.3618,PENDING_AG03,FALSE,NOT_FOR_ENFORCEMENT,-59.2948,45613.2617,-61.7654,-59.2948,-2.4706,-0.00118015,-0.00113294,-2.4706,-59.2948,-0.00113294,-2.4706,-2.4706,-2.4706,-2.4706,-2.4706,-59.2948,-0.00113294,-12.3531,-11.4036,-49.4123,-50.3618,-0.00094412,-0.00096226,-0.00004721,36.9350,33.6024,-0.0437,-3.2508,-0.1159,2754.5753,74.4211,12.8426,37.0032,13.1659,26.3317,52.6635,71.0957,102.6937,147.4577,26.3317,0.0,3.9,5.6,1.402681,30,147,41,3,0.00098153,-0.00118015,0.01250000,0E-8,0.000000,0.907845,0.000000,-0.01369359,2026-03-23,2026-08-06,19,533,225,137,0.138686,0.347066,0.347707,0.003272,,,,,,,,GLOBAL_BASELINE_NO_ENTITY_RANKING,,,NOT_APPLICABLE_GLOBAL_BASELINE,HF9g-P5,,,,X 全窗基线 · 不参与实体赏罚,3925422,393,A168_HF9F_20260827_0900,2026-08-27 09:00:00
2026-03-25,123633016,-1,1,7016.3520025307,730.3104510619,730.3104510619,0.5096774,172,172,0.49862316744186047,0.498623167442,0.2752496964609105,0.275249696457436,0.2752496964609105,-1.3953E-13,SENTINEL_DEALER,R03b_20260811_FULL_v1,L1_ELIGIBILITY,v2026-08-11,2026-03-21..2026-08-06,baccarat_bet02_101_all_pairs_incl_sentinel,round_win = game_pnl > 0 (decisive only),COMPATIBILITY_ONLY_NOT_PRODUCTION,52336.9300,47513.8143,-61.7654,1417,1414,0.00118015,-0.01250000,0.00119359,0.00118015,61.7654,52336.9300,OK,0.0000,-2.4706,4.0000,96.0000,AG03-UNRESOLVED,ALL5_LEVELS_bet23_to_bet27,-2.4706,-2.4706,-2.4706,-2.4706,-2.4706,4.000000,4.000000,4.000000,4.000000,4.000000,96.000000,96.000000,96.000000,96.000000,96.000000,5.0,-12.3531,-11.4036,-49.4123,-50.3618,PENDING_AG03,FALSE,NOT_FOR_ENFORCEMENT,-59.2948,45613.2617,-61.7654,-59.2948,-2.4706,-0.00118015,-0.00113294,-2.4706,-59.2948,-0.00113294,-2.4706,-2.4706,-2.4706,-2.4706,-2.4706,-59.2948,-0.00113294,-12.3531,-11.4036,-49.4123,-50.3618,-0.00094412,-0.00096226,-0.00004721,36.9350,33.6024,-0.0437,-3.2508,-0.1159,2754.5753,74.4211,12.8426,37.0032,13.1659,26.3317,52.6635,71.0957,102.6937,147.4577,26.3317,0.0,3.9,5.6,1.402681,30,147,41,3,0.00098153,-0.00118015,0.01250000,0E-8,0.000000,0.907845,0.000000,-0.01369359,2026-03-23,2026-08-06,19,533,225,137,0.138686,0.347066,0.347707,0.003272,,,,,,,,GLOBAL_BASELINE_NO_ENTITY_RANKING,,,NOT_APPLICABLE_GLOBAL_BASELINE,HF9g-P5,,,,X 全窗基线 · 不参与实体赏罚,3925423,393,A168_HF9F_20260827_0900,2026-08-27 09:00:00
2026-03-25,123633016,1004,0,181.6889169761,-27.6483134528,-27.6483134528,0.5000000,4,4,0.50665070000000000,0.506650700000,-0.02660515369234503,-0.02660515369234503,-0.02660515369234503,0E-17,ELIGIBLE,R03b_20260811_FULL_v1,L1_ELIGIBILITY,v2026-08-11,2026-03-21..2026-08-06,baccarat_bet02_101_all_pairs_incl_sentinel,round_win = game_pnl > 0 (decisive only),COMPATIBILITY_ONLY_NOT_PRODUCTION,52336.9300,47513.8143,-61.7654,1417,1414,0.00118015,-0.01250000,0.00119359,0.00118015,61.7654,52336.9300,OK,0.0000,-2.4706,4.0000,96.0000,AG03-UNRESOLVED,ALL5_LEVELS_bet23_to_bet27,-2.4706,-2.4706,-2.4706,-2.4706,-2.4706,4.000000,4.000000,4.000000,4.000000,4.000000,96.000000,96.000000,96.000000,96.000000,96.000000,5.0,-12.3531,-11.4036,-49.4123,-50.3618,PENDING_AG03,FALSE,NOT_FOR_ENFORCEMENT,-59.2948,45613.2617,-61.7654,-59.2948,-2.4706,-0.00118015,-0.00113294,-2.4706,-59.2948,-0.00113294,-2.4706,-2.4706,-2.4706,-2.4706,-2.4706,-59.2948,-0.00113294,-12.3531,-11.4036,-49.4123,-50.3618,-0.00094412,-0.00096226,-0.00004721,36.9350,33.6024,-0.0437,-3.2508,-0.1159,2754.5753,74.4211,12.8426,37.0032,13.1659,26.3317,52.6635,71.0957,102.6937,147.4577,26.3317,0.0,3.9,5.6,1.402681,30,147,41,3,0.00098153,-0.00118015,0.01250000,0E-8,0.000000,0.907845,0.000000,-0.01369359,2026-03-23,2026-08-06,19,533,225,137,0.138686,0.347066,0.347707,0.003272,,,,,,,,GLOBAL_BASELINE_NO_ENTITY_RANKING,,,NOT_APPLICABLE_GLOBAL_BASELINE,HF9g-P5,,,,X 全窗基线 · 不参与实体赏罚,3925424,393,A168_HF9F_20260827_0900,2026-08-27 09:00:00
2026-03-25,123633016,1078,0,52.6634541960,-52.6634541960,-52.6634541960,0E-7,1,1,0.49324550000000000,0.493245500000,-0.9865810262130424,-0.9865810262130424,-0.9865810262130424,0E-17,ELIGIBLE,R03b_20260811_FULL_v1,L1_ELIGIBILITY,v2026-08-11,2026-03-21..2026-08-06,baccarat_bet02_101_all_pairs_incl_sentinel,round_win = game_pnl > 0 (decisive only),COMPATIBILITY_ONLY_NOT_PRODUCTION,52336.9300,47513.8143,-61.7654,1417,1414,0.00118015,-0.01250000,0.00119359,0.00118015,61.7654,52336.9300,OK,0.0000,-2.4706,4.0000,96.0000,AG03-UNRESOLVED,ALL5_LEVELS_bet23_to_bet27,-2.4706,-2.4706,-2.4706,-2.4706,-2.4706,4.000000,4.000000,4.000000,4.000000,4.000000,96.000000,96.000000,96.000000,96.000000,96.000000,5.0,-12.3531,-11.4036,-49.4123,-50.3618,PENDING_AG03,FALSE,NOT_FOR_ENFORCEMENT,-59.2948,45613.2617,-61.7654,-59.2948,-2.4706,-0.00118015,-0.00113294,-2.4706,-59.2948,-0.00113294,-2.4706,-2.4706,-2.4706,-2.4706,-2.4706,-59.2948,-0.00113294,-12.3531,-11.4036,-49.4123,-50.3618,-0.00094412,-0.00096226,-0.00004721,36.9350,33.6024,-0.0437,-3.2508,-0.1159,2754.5753,74.4211,12.8426,37.0032,13.1659,26.3317,52.6635,71.0957,102.6937,147.4577,26.3317,0.0,3.9,5.6,1.402681,30,147,41,3,0.00098153,-0.00118015,0.01250000,0E-8,0.000000,0.907845,0.000000,-0.01369359,2026-03-23,2026-08-06,19,533,225,137,0.138686,0.347066,0.347707,0.003272,,,,,,,,GLOBAL_BASELINE_NO_ENTITY_RANKING,,,NOT_APPLICABLE_GLOBAL_BASELINE,HF9g-P5,,,,X 全窗基线 · 不参与实体赏罚,3925425,393,A168_HF9F_20260827_0900,2026-08-27 09:00:00
2026-03-25,123633016,1109,0,39.4975906470,-13.8241567265,-13.8241567265,0.3333333,3,3,0.50665070000000000,0.506650700000,-0.6004420894325239,-0.6004420894325239,-0.6004420894325239,0E-17,ELIGIBLE,R03b_20260811_FULL_v1,L1_ELIGIBILITY,v2026-08-11,2026-03-21..2026-08-06,baccarat_bet02_101_all_pairs_incl_sentinel,round_win = game_pnl > 0 (decisive only),COMPATIBILITY_ONLY_NOT_PRODUCTION,52336.9300,47513.8143,-61.7654,1417,1414,0.00118015,-0.01250000,0.00119359,0.00118015,61.7654,52336.9300,OK,0.0000,-2.4706,4.0000,96.0000,AG03-UNRESOLVED,ALL5_LEVELS_bet23_to_bet27,-2.4706,-2.4706,-2.4706,-2.4706,-2.4706,4.000000,4.000000,4.000000,4.000000,4.000000,96.000000,96.000000,96.000000,96.000000,96.000000,5.0,-12.3531,-11.4036,-49.4123,-50.3618,PENDING_AG03,FALSE,NOT_FOR_ENFORCEMENT,-59.2948,45613.2617,-61.7654,-59.2948,-2.4706,-0.00118015,-0.00113294,-2.4706,-59.2948,-0.00113294,-2.4706,-2.4706,-2.4706,-2.4706,-2.4706,-59.2948,-0.00113294,-12.3531,-11.4036,-49.4123,-50.3618,-0.00094412,-0.00096226,-0.00004721,36.9350,33.6024,-0.0437,-3.2508,-0.1159,2754.5753,74.4211,12.8426,37.0032,13.1659,26.3317,52.6635,71.0957,102.6937,147.4577,26.3317,0.0,3.9,5.6,1.402681,30,147,41,3,0.00098153,-0.00118015,0.01250000,0E-8,0.000000,0.907845,0.000000,-0.01369359,2026-03-23,2026-08-06,19,533,225,137,0.138686,0.347066,0.347707,0.003272,,,,,,,,GLOBAL_BASELINE_NO_ENTITY_RANKING,,,NOT_APPLICABLE_GLOBAL_BASELINE,HF9g-P5,,,,X 全窗基线 · 不参与实体赏罚,3925426,393,A168_HF9F_20260827_0900,2026-08-27 09:00:00
2026-03-25,123633016,1205,0,355.4783158228,158.6486557653,158.6486557653,0.6000000,6,6,0.50218230000000000,0.502182300000,0.4374582199563857,0.4374582199563857,0.4374582199563857,0E-17,ELIGIBLE,R03b_20260811_FULL_v1,L1_ELIGIBILITY,v2026-08-11,2026-03-21..2026-08-06,baccarat_bet02_101_all_pairs_incl_sentinel,round_win = game_pnl > 0 (decisive only),COMPATIBILITY_ONLY_NOT_PRODUCTION,52336.9300,47513.8143,-61.7654,1417,1414,0.00118015,-0.01250000,0.00119359,0.00118015,61.7654,52336.9300,OK,0.0000,-2.4706,4.0000,96.0000,AG03-UNRESOLVED,ALL5_LEVELS_bet23_to_bet27,-2.4706,-2.4706,-2.4706,-2.4706,-2.4706,4.000000,4.000000,4.000000,4.000000,4.000000,96.000000,96.000000,96.000000,96.000000,96.000000,5.0,-12.3531,-11.4036,-49.4123,-50.3618,PENDING_AG03,FALSE,NOT_FOR_ENFORCEMENT,-59.2948,45613.2617,-61.7654,-59.2948,-2.4706,-0.00118015,-0.00113294,-2.4706,-59.2948,-0.00113294,-2.4706,-2.4706,-2.4706,-2.4706,-2.4706,-59.2948,-0.00113294,-12.3531,-11.4036,-49.4123,-50.3618,-0.00094412,-0.00096226,-0.00004721,36.9350,33.6024,-0.0437,-3.2508,-0.1159,2754.5753,74.4211,12.8426,37.0032,13.1659,26.3317,52.6635,71.0957,102.6937,147.4577,26.3317,0.0,3.9,5.6,1.402681,30,147,41,3,0.00098153,-0.00118015,0.01250000,0E-8,0.000000,0.907845,0.000000,-0.01369359,2026-03-23,2026-08-06,19,533,225,137,0.138686,0.347066,0.347707,0.003272,,,,,,,,GLOBAL_BASELINE_NO_ENTITY_RANKING,,,NOT_APPLICABLE_GLOBAL_BASELINE,HF9g-P5,,,,X 全窗基线 · 不参与实体赏罚,3925427,393,A168_HF9F_20260827_0900,2026-08-27 09:00:00
2026-03-25,123633016,1299,0,78.9951812940,-78.9951812940,-78.9951812940,0E-7,2,2,0.50665070000000000,0.506650700000,-1.4331513700195317,-1.4331513700195317,-1.4331513700195317,0E-17,ELIGIBLE,R03b_20260811_FULL_v1,L1_ELIGIBILITY,v2026-08-11,2026-03-21..2026-08-06,baccarat_bet02_101_all_pairs_incl_sentinel,round_win = game_pnl > 0 (decisive only),COMPATIBILITY_ONLY_NOT_PRODUCTION,52336.9300,47513.8143,-61.7654,1417,1414,0.00118015,-0.01250000,0.00119359,0.00118015,61.7654,52336.9300,OK,0.0000,-2.4706,4.0000,96.0000,AG03-UNRESOLVED,ALL5_LEVELS_bet23_to_bet27,-2.4706,-2.4706,-2.4706,-2.4706,-2.4706,4.000000,4.000000,4.000000,4.000000,4.000000,96.000000,96.000000,96.000000,96.000000,96.000000,5.0,-12.3531,-11.4036,-49.4123,-50.3618,PENDING_AG03,FALSE,NOT_FOR_ENFORCEMENT,-59.2948,45613.2617,-61.7654,-59.2948,-2.4706,-0.00118015,-0.00113294,-2.4706,-59.2948,-0.00113294,-2.4706,-2.4706,-2.4706,-2.4706,-2.4706,-59.2948,-0.00113294,-12.3531,-11.4036,-49.4123,-50.3618,-0.00094412,-0.00096226,-0.00004721,36.9350,33.6024,-0.0437,-3.2508,-0.1159,2754.5753,74.4211,12.8426,37.0032,13.1659,26.3317,52.6635,71.0957,102.6937,147.4577,26.3317,0.0,3.9,5.6,1.402681,30,147,41,3,0.00098153,-0.00118015,0.01250000,0E-8,0.000000,0.907845,0.000000,-0.01369359,2026-03-23,2026-08-06,19,533,225,137,0.138686,0.347066,0.347707,0.003272,,,,,,,,GLOBAL_BASELINE_NO_ENTITY_RANKING,,,NOT_APPLICABLE_GLOBAL_BASELINE,HF9g-P5,,,,X 全窗基线 · 不参与实体赏罚,3925428,393,A168_HF9F_20260827_0900,2026-08-27 09:00:00
2026-03-25,123633016,1301,0,173.7893988468,105.4585670275,105.4585670275,0.8000000,6,6,0.50441650000000000,0.504416500000,1.3219411692341432,1.3219411692341432,1.3219411692341432,0E-17,ELIGIBLE,R03b_20260811_FULL_v1,L1_ELIGIBILITY,v2026-08-11,2026-03-21..2026-08-06,baccarat_bet02_101_all_pairs_incl_sentinel,round_win = game_pnl > 0 (decisive only),COMPATIBILITY_ONLY_NOT_PRODUCTION,52336.9300,47513.8143,-61.7654,1417,1414,0.00118015,-0.01250000,0.00119359,0.00118015,61.7654,52336.9300,OK,0.0000,-2.4706,4.0000,96.0000,AG03-UNRESOLVED,ALL5_LEVELS_bet23_to_bet27,-2.4706,-2.4706,-2.4706,-2.4706,-2.4706,4.000000,4.000000,4.000000,4.000000,4.000000,96.000000,96.000000,96.000000,96.000000,96.000000,5.0,-12.3531,-11.4036,-49.4123,-50.3618,PENDING_AG03,FALSE,NOT_FOR_ENFORCEMENT,-59.2948,45613.2617,-61.7654,-59.2948,-2.4706,-0.00118015,-0.00113294,-2.4706,-59.2948,-0.00113294,-2.4706,-2.4706,-2.4706,-2.4706,-2.4706,-59.2948,-0.00113294,-12.3531,-11.4036,-49.4123,-50.3618,-0.00094412,-0.00096226,-0.00004721,36.9350,33.6024,-0.0437,-3.2508,-0.1159,2754.5753,74.4211,12.8426,37.0032,13.1659,26.3317,52.6635,71.0957,102.6937,147.4577,26.3317,0.0,3.9,5.6,1.402681,30,147,41,3,0.00098153,-0.00118015,0.01250000,0E-8,0.000000,0.907845,0.000000,-0.01369359,2026-03-23,2026-08-06,19,533,225,137,0.138686,0.347066,0.347707,0.003272,,,,,,,,GLOBAL_BASELINE_NO_ENTITY_RANKING,,,NOT_APPLICABLE_GLOBAL_BASELINE,HF9g-P5,,,,X 全窗基线 · 不参与实体赏罚,3925429,393,A168_HF9F_20260827_0900,2026-08-27 09:00:00
2026-03-25,123633016,1307,0,63.1961450352,-37.5227111147,-37.5227111147,0.3333333,3,3,0.50218230000000000,0.502182300000,-0.5849155494134425,-0.5849155494134426,-0.5849155494134425,0E-17,ELIGIBLE,R03b_20260811_FULL_v1,L1_ELIGIBILITY,v2026-08-11,2026-03-21..2026-08-06,baccarat_bet02_101_all_pairs_incl_sentinel,round_win = game_pnl > 0 (decisive only),COMPATIBILITY_ONLY_NOT_PRODUCTION,52336.9300,47513.8143,-61.7654,1417,1414,0.00118015,-0.01250000,0.00119359,0.00118015,61.7654,52336.9300,OK,0.0000,-2.4706,4.0000,96.0000,AG03-UNRESOLVED,ALL5_LEVELS_bet23_to_bet27,-2.4706,-2.4706,-2.4706,-2.4706,-2.4706,4.000000,4.000000,4.000000,4.000000,4.000000,96.000000,96.000000,96.000000,96.000000,96.000000,5.0,-12.3531,-11.4036,-49.4123,-50.3618,PENDING_AG03,FALSE,NOT_FOR_ENFORCEMENT,-59.2948,45613.2617,-61.7654,-59.2948,-2.4706,-0.00118015,-0.00113294,-2.4706,-59.2948,-0.00113294,-2.4706,-2.4706,-2.4706,-2.4706,-2.4706,-59.2948,-0.00113294,-12.3531,-11.4036,-49.4123,-50.3618,-0.00094412,-0.00096226,-0.00004721,36.9350,33.6024,-0.0437,-3.2508,-0.1159,2754.5753,74.4211,12.8426,37.0032,13.1659,26.3317,52.6635,71.0957,102.6937,147.4577,26.3317,0.0,3.9,5.6,1.402681,30,147,41,3,0.00098153,-0.00118015,0.01250000,0E-8,0.000000,0.907845,0.000000,-0.01369359,2026-03-23,2026-08-06,19,533,225,137,0.138686,0.347066,0.347707,0.003272,,,,,,,,GLOBAL_BASELINE_NO_ENTITY_RANKING,,,NOT_APPLICABLE_GLOBAL_BASELINE,HF9g-P5,,,,X 全窗基线 · 不参与实体赏罚,3925430,393,A168_HF9F_20260827_0900,2026-08-27 09:00:00
2026-03-25,123633016,1318,0,102.6937356822,-1.3165863549,-1.3165863549,0.5000000,3,3,0.50218230000000000,0.502182300000,-0.00617253530718887,-0.00617253530718887,-0.00617253530718887,0E-17,ELIGIBLE,R03b_20260811_FULL_v1,L1_ELIGIBILITY,v2026-08-11,2026-03-21..2026-08-06,baccarat_bet02_101_all_pairs_incl_sentinel,round_win = game_pnl > 0 (decisive only),COMPATIBILITY_ONLY_NOT_PRODUCTION,52336.9300,47513.8143,-61.7654,1417,1414,0.00118015,-0.01250000,0.00119359,0.00118015,61.7654,52336.9300,OK,0.0000,-2.4706,4.0000,96.0000,AG03-UNRESOLVED,ALL5_LEVELS_bet23_to_bet27,-2.4706,-2.4706,-2.4706,-2.4706,-2.4706,4.000000,4.000000,4.000000,4.000000,4.000000,96.000000,96.000000,96.000000,96.000000,96.000000,5.0,-12.3531,-11.4036,-49.4123,-50.3618,PENDING_AG03,FALSE,NOT_FOR_ENFORCEMENT,-59.2948,45613.2617,-61.7654,-59.2948,-2.4706,-0.00118015,-0.00113294,-2.4706,-59.2948,-0.00113294,-2.4706,-2.4706,-2.4706,-2.4706,-2.4706,-59.2948,-0.00113294,-12.3531,-11.4036,-49.4123,-50.3618,-0.00094412,-0.00096226,-0.00004721,36.9350,33.6024,-0.0437,-3.2508,-0.1159,2754.5753,74.4211,12.8426,37.0032,13.1659,26.3317,52.6635,71.0957,102.6937,147.4577,26.3317,0.0,3.9,5.6,1.402681,30,147,41,3,0.00098153,-0.00118015,0.01250000,0E-8,0.000000,0.907845,0.000000,-0.01369359,2026-03-23,2026-08-06,19,533,225,137,0.138686,0.347066,0.347707,0.003272,,,,,,,,GLOBAL_BASELINE_NO_ENTITY_RANKING,,,NOT_APPLICABLE_GLOBAL_BASELINE,HF9g-P5,,,,X 全窗基线 · 不参与实体赏罚,3925431,393,A168_HF9F_20260827_0900,2026-08-27 09:00:00
2026-03-25,123633016,1325,0,78.9951812940,-78.9951812940,-78.9951812940,0E-7,2,2,0.49324550000000000,0.493245500000,-1.3952362676504506,-1.3952362676504506,-1.3952362676504506,0E-17,ELIGIBLE,R03b_20260811_FULL_v1,L1_ELIGIBILITY,v2026-08-11,2026-03-21..2026-08-06,baccarat_bet02_101_all_pairs_incl_sentinel,round_win = game_pnl > 0 (decisive only),COMPATIBILITY_ONLY_NOT_PRODUCTION,52336.9300,47513.8143,-61.7654,1417,1414,0.00118015,-0.01250000,0.00119359,0.00118015,61.7654,52336.9300,OK,0.0000,-2.4706,4.0000,96.0000,AG03-UNRESOLVED,ALL5_LEVELS_bet23_to_bet27,-2.4706,-2.4706,-2.4706,-2.4706,-2.4706,4.000000,4.000000,4.000000,4.000000,4.000000,96.000000,96.000000,96.000000,96.000000,96.000000,5.0,-12.3531,-11.4036,-49.4123,-50.3618,PENDING_AG03,FALSE,NOT_FOR_ENFORCEMENT,-59.2948,45613.2617,-61.7654,-59.2948,-2.4706,-0.00118015,-0.00113294,-2.4706,-59.2948,-0.00113294,-2.4706,-2.4706,-2.4706,-2.4706,-2.4706,-59.2948,-0.00113294,-12.3531,-11.4036,-49.4123,-50.3618,-0.00094412,-0.00096226,-0.00004721,36.9350,33.6024,-0.0437,-3.2508,-0.1159,2754.5753,74.4211,12.8426,37.0032,13.1659,26.3317,52.6635,71.0957,102.6937,147.4577,26.3317,0.0,3.9,5.6,1.402681,30,147,41,3,0.00098153,-0.00118015,0.01250000,0E-8,0.000000,0.907845,0.000000,-0.01369359,2026-03-23,2026-08-06,19,533,225,137,0.138686,0.347066,0.347707,0.003272,,,,,,,,GLOBAL_BASELINE_NO_ENTITY_RANKING,,,NOT_APPLICABLE_GLOBAL_BASELINE,HF9g-P5,,,,X 全窗基线 · 不参与实体赏罚,3925432,393,A168_HF9F_20260827_0900,2026-08-27 09:00:00
2026-03-25,123633016,1354,0,184.3220896860,-26.3317270980,-26.3317270980,0.5000000,6,6,0.49547970000000000,0.495479700000,0.022145762000773162,0.022145762000773162,0.022145762000773162,0E-17,ELIGIBLE,R03b_20260811_FULL_v1,L1_ELIGIBILITY,v2026-08-11,2026-03-21..2026-08-06,baccarat_bet02_101_all_pairs_incl_sentinel,round_win = game_pnl > 0 (decisive only),COMPATIBILITY_ONLY_NOT_PRODUCTION,52336.9300,47513.8143,-61.7654,1417,1414,0.00118015,-0.01250000,0.00119359,0.00118015,61.7654,52336.9300,OK,0.0000,-2.4706,4.0000,96.0000,AG03-UNRESOLVED,ALL5_LEVELS_bet23_to_bet27,-2.4706,-2.4706,-2.4706,-2.4706,-2.4706,4.000000,4.000000,4.000000,4.000000,4.000000,96.000000,96.000000,96.000000,96.000000,96.000000,5.0,-12.3531,-11.4036,-49.4123,-50.3618,PENDING_AG03,FALSE,NOT_FOR_ENFORCEMENT,-59.2948,45613.2617,-61.7654,-59.2948,-2.4706,-0.00118015,-0.00113294,-2.4706,-59.2948,-0.00113294,-2.4706,-2.4706,-2.4706,-2.4706,-2.4706,-59.2948,-0.00113294,-12.3531,-11.4036,-49.4123,-50.3618,-0.00094412,-0.00096226,-0.00004721,36.9350,33.6024,-0.0437,-3.2508,-0.1159,2754.5753,74.4211,12.8426,37.0032,13.1659,26.3317,52.6635,71.0957,102.6937,147.4577,26.3317,0.0,3.9,5.6,1.402681,30,147,41,3,0.00098153,-0.00118015,0.01250000,0E-8,0.000000,0.907845,0.000000,-0.01369359,2026-03-23,2026-08-06,19,533,225,137,0.138686,0.347066,0.347707,0.003272,,,,,,,,GLOBAL_BASELINE_NO_ENTITY_RANKING,,,NOT_APPLICABLE_GLOBAL_BASELINE,HF9g-P5,,,,X 全窗基线 · 不参与实体赏罚,3925433,393,A168_HF9F_20260827_0900,2026-08-27 09:00:00
2026-03-25,123633016,1363,0,26.3317270980,-26.3317270980,-26.3317270980,0E-7,1,1,0.49324550000000000,0.493245500000,-0.9865810262130424,-0.9865810262130424,-0.9865810262130424,0E-17,ELIGIBLE,R03b_20260811_FULL_v1,L1_ELIGIBILITY,v2026-08-11,2026-03-21..2026-08-06,baccarat_bet02_101_all_pairs_incl_sentinel,round_win = game_pnl > 0 (decisive only),COMPATIBILITY_ONLY_NOT_PRODUCTION,52336.9300,47513.8143,-61.7654,1417,1414,0.00118015,-0.01250000,0.00119359,0.00118015,61.7654,52336.9300,OK,0.0000,-2.4706,4.0000,96.0000,AG03-UNRESOLVED,ALL5_LEVELS_bet23_to_bet27,-2.4706,-2.4706,-2.4706,-2.4706,-2.4706,4.000000,4.000000,4.000000,4.000000,4.000000,96.000000,96.000000,96.000000,96.000000,96.000000,5.0,-12.3531,-11.4036,-49.4123,-50.3618,PENDING_AG03,FALSE,NOT_FOR_ENFORCEMENT,-59.2948,45613.2617,-61.7654,-59.2948,-2.4706,-0.00118015,-0.00113294,-2.4706,-59.2948,-0.00113294,-2.4706,-2.4706,-2.4706,-2.4706,-2.4706,-59.2948,-0.00113294,-12.3531,-11.4036,-49.4123,-50.3618,-0.00094412,-0.00096226,-0.00004721,36.9350,33.6024,-0.0437,-3.2508,-0.1159,2754.5753,74.4211,12.8426,37.0032,13.1659,26.3317,52.6635,71.0957,102.6937,147.4577,26.3317,0.0,3.9,5.6,1.402681,30,147,41,3,0.00098153,-0.00118015,0.01250000,0E-8,0.000000,0.907845,0.000000,-0.01369359,2026-03-23,2026-08-06,19,533,225,137,0.138686,0.347066,0.347707,0.003272,,,,,,,,GLOBAL_BASELINE_NO_ENTITY_RANKING,,,NOT_APPLICABLE_GLOBAL_BASELINE,HF9g-P5,,,,X 全窗基线 · 不参与实体赏罚,3925434,393,A168_HF9F_20260827_0900,2026-08-27 09:00:00
2026-03-25,123633016,1374,0,260.6840982702,-53.9800405509,-53.9800405509,0.4285714,7,7,0.49899058571428571,0.498990585714,-0.3726239140161595,-0.3726239140146481,-0.3726239140161595,2.8571E-13,ELIGIBLE,R03b_20260811_FULL_v1,L1_ELIGIBILITY,v2026-08-11,2026-03-21..2026-08-06,baccarat_bet02_101_all_pairs_incl_sentinel,round_win = game_pnl > 0 (decisive only),COMPATIBILITY_ONLY_NOT_PRODUCTION,52336.9300,47513.8143,-61.7654,1417,1414,0.00118015,-0.01250000,0.00119359,0.00118015,61.7654,52336.9300,OK,0.0000,-2.4706,4.0000,96.0000,AG03-UNRESOLVED,ALL5_LEVELS_bet23_to_bet27,-2.4706,-2.4706,-2.4706,-2.4706,-2.4706,4.000000,4.000000,4.000000,4.000000,4.000000,96.000000,96.000000,96.000000,96.000000,96.000000,5.0,-12.3531,-11.4036,-49.4123,-50.3618,PENDING_AG03,FALSE,NOT_FOR_ENFORCEMENT,-59.2948,45613.2617,-61.7654,-59.2948,-2.4706,-0.00118015,-0.00113294,-2.4706,-59.2948,-0.00113294,-2.4706,-2.4706,-2.4706,-2.4706,-2.4706,-59.2948,-0.00113294,-12.3531,-11.4036,-49.4123,-50.3618,-0.00094412,-0.00096226,-0.00004721,36.9350,33.6024,-0.0437,-3.2508,-0.1159,2754.5753,74.4211,12.8426,37.0032,13.1659,26.3317,52.6635,71.0957,102.6937,147.4577,26.3317,0.0,3.9,5.6,1.402681,30,147,41,3,0.00098153,-0.00118015,0.01250000,0E-8,0.000000,0.907845,0.000000,-0.01369359,2026-03-23,2026-08-06,19,533,225,137,0.138686,0.347066,0.347707,0.003272,,,,,,,,GLOBAL_BASELINE_NO_ENTITY_RANKING,,,NOT_APPLICABLE_GLOBAL_BASELINE,HF9g-P5,,,,X 全窗基线 · 不参与实体赏罚,3925435,393,A168_HF9F_20260827_0900,2026-08-27 09:00:00
2026-03-25,123633016,1382,0,121.1259446508,27.7799720884,27.7799720884,0.6666667,3,3,0.50665070000000000,0.506650700000,0.5543606114942035,0.5543606114942035,0.5543606114942035,0E-17,ELIGIBLE,R03b_20260811_FULL_v1,L1_ELIGIBILITY,v2026-08-11,2026-03-21..2026-08-06,baccarat_bet02_101_all_pairs_incl_sentinel,round_win = game_pnl > 0 (decisive only),COMPATIBILITY_ONLY_NOT_PRODUCTION,52336.9300,47513.8143,-61.7654,1417,1414,0.00118015,-0.01250000,0.00119359,0.00118015,61.7654,52336.9300,OK,0.0000,-2.4706,4.0000,96.0000,AG03-UNRESOLVED,ALL5_LEVELS_bet23_to_bet27,-2.4706,-2.4706,-2.4706,-2.4706,-2.4706,4.000000,4.000000,4.000000,4.000000,4.000000,96.000000,96.000000,96.000000,96.000000,96.000000,5.0,-12.3531,-11.4036,-49.4123,-50.3618,PENDING_AG03,FALSE,NOT_FOR_ENFORCEMENT,-59.2948,45613.2617,-61.7654,-59.2948,-2.4706,-0.00118015,-0.00113294,-2.4706,-59.2948,-0.00113294,-2.4706,-2.4706,-2.4706,-2.4706,-2.4706,-59.2948,-0.00113294,-12.3531,-11.4036,-49.4123,-50.3618,-0.00094412,-0.00096226,-0.00004721,36.9350,33.6024,-0.0437,-3.2508,-0.1159,2754.5753,74.4211,12.8426,37.0032,13.1659,26.3317,52.6635,71.0957,102.6937,147.4577,26.3317,0.0,3.9,5.6,1.402681,30,147,41,3,0.00098153,-0.00118015,0.01250000,0E-8,0.000000,0.907845,0.000000,-0.01369359,2026-03-23,2026-08-06,19,533,225,137,0.138686,0.347066,0.347707,0.003272,,,,,,,,GLOBAL_BASELINE_NO_ENTITY_RANKING,,,NOT_APPLICABLE_GLOBAL_BASELINE,HF9g-P5,,,,X 全窗基线 · 不参与实体赏罚,3925436,393,A168_HF9F_20260827_0900,2026-08-27 09:00:00
2026-03-25,123633016,1383,0,105.3269083919,-105.3269083919,-105.3269083919,0E-7,2,2,0.49994810000000000,0.499948100000,-1.4140667746232096,-1.4140667746232096,-1.4140667746232096,0E-17,ELIGIBLE,R03b_20260811_FULL_v1,L1_ELIGIBILITY,v2026-08-11,2026-03-21..2026-08-06,baccarat_bet02_101_all_pairs_incl_sentinel,round_win = game_pnl > 0 (decisive only),COMPATIBILITY_ONLY_NOT_PRODUCTION,52336.9300,47513.8143,-61.7654,1417,1414,0.00118015,-0.01250000,0.00119359,0.00118015,61.7654,52336.9300,OK,0.0000,-2.4706,4.0000,96.0000,AG03-UNRESOLVED,ALL5_LEVELS_bet23_to_bet27,-2.4706,-2.4706,-2.4706,-2.4706,-2.4706,4.000000,4.000000,4.000000,4.000000,4.000000,96.000000,96.000000,96.000000,96.000000,96.000000,5.0,-12.3531,-11.4036,-49.4123,-50.3618,PENDING_AG03,FALSE,NOT_FOR_ENFORCEMENT,-59.2948,45613.2617,-61.7654,-59.2948,-2.4706,-0.00118015,-0.00113294,-2.4706,-59.2948,-0.00113294,-2.4706,-2.4706,-2.4706,-2.4706,-2.4706,-59.2948,-0.00113294,-12.3531,-11.4036,-49.4123,-50.3618,-0.00094412,-0.00096226,-0.00004721,36.9350,33.6024,-0.0437,-3.2508,-0.1159,2754.5753,74.4211,12.8426,37.0032,13.1659,26.3317,52.6635,71.0957,102.6937,147.4577,26.3317,0.0,3.9,5.6,1.402681,30,147,41,3,0.00098153,-0.00118015,0.01250000,0E-8,0.000000,0.907845,0.000000,-0.01369359,2026-03-23,2026-08-06,19,533,225,137,0.138686,0.347066,0.347707,0.003272,,,,,,,,GLOBAL_BASELINE_NO_ENTITY_RANKING,,,NOT_APPLICABLE_GLOBAL_BASELINE,HF9g-P5,,,,X 全窗基线 · 不参与实体赏罚,3925437,393,A168_HF9F_20260827_0900,2026-08-27 09:00:00
2026-03-25,123633016,1385,0,273.8499618192,121.1259446508,121.1259446508,0.7500000,6,6,0.49547970000000000,0.495479700000,1.0181228076850934,1.0181228076850934,1.0181228076850934,0E-17,ELIGIBLE,R03b_20260811_FULL_v1,L1_ELIGIBILITY,v2026-08-11,2026-03-21..2026-08-06,baccarat_bet02_101_all_pairs_incl_sentinel,round_win = game_pnl > 0 (decisive only),COMPATIBILITY_ONLY_NOT_PRODUCTION,52336.9300,47513.8143,-61.7654,1417,1414,0.00118015,-0.01250000,0.00119359,0.00118015,61.7654,52336.9300,OK,0.0000,-2.4706,4.0000,96.0000,AG03-UNRESOLVED,ALL5_LEVELS_bet23_to_bet27,-2.4706,-2.4706,-2.4706,-2.4706,-2.4706,4.000000,4.000000,4.000000,4.000000,4.000000,96.000000,96.000000,96.000000,96.000000,96.000000,5.0,-12.3531,-11.4036,-49.4123,-50.3618,PENDING_AG03,FALSE,NOT_FOR_ENFORCEMENT,-59.2948,45613.2617,-61.7654,-59.2948,-2.4706,-0.00118015,-0.00113294,-2.4706,-59.2948,-0.00113294,-2.4706,-2.4706,-2.4706,-2.4706,-2.4706,-59.2948,-0.00113294,-12.3531,-11.4036,-49.4123,-50.3618,-0.00094412,-0.00096226,-0.00004721,36.9350,33.6024,-0.0437,-3.2508,-0.1159,2754.5753,74.4211,12.8426,37.0032,13.1659,26.3317,52.6635,71.0957,102.6937,147.4577,26.3317,0.0,3.9,5.6,1.402681,30,147,41,3,0.00098153,-0.00118015,0.01250000,0E-8,0.000000,0.907845,0.000000,-0.01369359,2026-03-23,2026-08-06,19,533,225,137,0.138686,0.347066,0.347707,0.003272,,,,,,,,GLOBAL_BASELINE_NO_ENTITY_RANKING,,,NOT_APPLICABLE_GLOBAL_BASELINE,HF9g-P5,,,,X 全窗基线 · 不参与实体赏罚,3925438,393,A168_HF9F_20260827_0900,2026-08-27 09:00:00
2026-03-25,123633016,1396,0,26.3317270980,-26.3317270980,-26.3317270980,0E-7,1,1,0.50665070000000000,0.506650700000,-1.013391052207602,-1.013391052207602,-1.013391052207602,0E-17,ELIGIBLE,R03b_20260811_FULL_v1,L1_ELIGIBILITY,v2026-08-11,2026-03-21..2026-08-06,baccarat_bet02_101_all_pairs_incl_sentinel,round_win = game_pnl > 0 (decisive only),COMPATIBILITY_ONLY_NOT_PRODUCTION,52336.9300,47513.8143,-61.7654,1417,1414,0.00118015,-0.01250000,0.00119359,0.00118015,61.7654,52336.9300,OK,0.0000,-2.4706,4.0000,96.0000,AG03-UNRESOLVED,ALL5_LEVELS_bet23_to_bet27,-2.4706,-2.4706,-2.4706,-2.4706,-2.4706,4.000000,4.000000,4.000000,4.000000,4.000000,96.000000,96.000000,96.000000,96.000000,96.000000,5.0,-12.3531,-11.4036,-49.4123,-50.3618,PENDING_AG03,FALSE,NOT_FOR_ENFORCEMENT,-59.2948,45613.2617,-61.7654,-59.2948,-2.4706,-0.00118015,-0.00113294,-2.4706,-59.2948,-0.00113294,-2.4706,-2.4706,-2.4706,-2.4706,-2.4706,-59.2948,-0.00113294,-12.3531,-11.4036,-49.4123,-50.3618,-0.00094412,-0.00096226,-0.00004721,36.9350,33.6024,-0.0437,-3.2508,-0.1159,2754.5753,74.4211,12.8426,37.0032,13.1659,26.3317,52.6635,71.0957,102.6937,147.4577,26.3317,0.0,3.9,5.6,1.402681,30,147,41,3,0.00098153,-0.00118015,0.01250000,0E-8,0.000000,0.907845,0.000000,-0.01369359,2026-03-23,2026-08-06,19,533,225,137,0.138686,0.347066,0.347707,0.003272,,,,,,,,GLOBAL_BASELINE_NO_ENTITY_RANKING,,,NOT_APPLICABLE_GLOBAL_BASELINE,HF9g-P5,,,,X 全窗基线 · 不参与实体赏罚,3925439,393,A168_HF9F_20260827_0900,2026-08-27 09:00:00
2026-03-25,123633016,1400,0,260.6840982702,-107.9600811018,-107.9600811018,0.3333333,8,8,0.50329940000000000,0.503299400000,-0.8326784031811704,-0.8326784031811704,-0.8326784031811704,0E-17,ELIGIBLE,R03b_20260811_FULL_v1,L1_ELIGIBILITY,v2026-08-11,2026-03-21..2026-08-06,baccarat_bet02_101_all_pairs_incl_sentinel,round_win = game_pnl > 0 (decisive only),COMPATIBILITY_ONLY_NOT_PRODUCTION,52336.9300,47513.8143,-61.7654,1417,1414,0.00118015,-0.01250000,0.00119359,0.00118015,61.7654,52336.9300,OK,0.0000,-2.4706,4.0000,96.0000,AG03-UNRESOLVED,ALL5_LEVELS_bet23_to_bet27,-2.4706,-2.4706,-2.4706,-2.4706,-2.4706,4.000000,4.000000,4.000000,4.000000,4.000000,96.000000,96.000000,96.000000,96.000000,96.000000,5.0,-12.3531,-11.4036,-49.4123,-50.3618,PENDING_AG03,FALSE,NOT_FOR_ENFORCEMENT,-59.2948,45613.2617,-61.7654,-59.2948,-2.4706,-0.00118015,-0.00113294,-2.4706,-59.2948,-0.00113294,-2.4706,-2.4706,-2.4706,-2.4706,-2.4706,-59.2948,-0.00113294,-12.3531,-11.4036,-49.4123,-50.3618,-0.00094412,-0.00096226,-0.00004721,36.9350,33.6024,-0.0437,-3.2508,-0.1159,2754.5753,74.4211,12.8426,37.0032,13.1659,26.3317,52.6635,71.0957,102.6937,147.4577,26.3317,0.0,3.9,5.6,1.402681,30,147,41,3,0.00098153,-0.00118015,0.01250000,0E-8,0.000000,0.907845,0.000000,-0.01369359,2026-03-23,2026-08-06,19,533,225,137,0.138686,0.347066,0.347707,0.003272,,,,,,,,GLOBAL_BASELINE_NO_ENTITY_RANKING,,,NOT_APPLICABLE_GLOBAL_BASELINE,HF9g-P5,,,,X 全窗基线 · 不参与实体赏罚,3925440,393,A168_HF9F_20260827_0900,2026-08-27 09:00:00
2026-03-25,123633016,1485,0,97.4273902626,13.2975221843,13.2975221843,0.6666667,7,7,0.50665070000000000,0.506650700000,0.7839842952205449,0.7839842952205449,0.7839842952205449,0E-17,ELIGIBLE,R03b_20260811_FULL_v1,L1_ELIGIBILITY,v2026-08-11,2026-03-21..2026-08-06,baccarat_bet02_101_all_pairs_incl_sentinel,round_win = game_pnl > 0 (decisive only),COMPATIBILITY_ONLY_NOT_PRODUCTION,52336.9300,47513.8143,-61.7654,1417,1414,0.00118015,-0.01250000,0.00119359,0.00118015,61.7654,52336.9300,OK,0.0000,-2.4706,4.0000,96.0000,AG03-UNRESOLVED,ALL5_LEVELS_bet23_to_bet27,-2.4706,-2.4706,-2.4706,-2.4706,-2.4706,4.000000,4.000000,4.000000,4.000000,4.000000,96.000000,96.000000,96.000000,96.000000,96.000000,5.0,-12.3531,-11.4036,-49.4123,-50.3618,PENDING_AG03,FALSE,NOT_FOR_ENFORCEMENT,-59.2948,45613.2617,-61.7654,-59.2948,-2.4706,-0.00118015,-0.00113294,-2.4706,-59.2948,-0.00113294,-2.4706,-2.4706,-2.4706,-2.4706,-2.4706,-59.2948,-0.00113294,-12.3531,-11.4036,-49.4123,-50.3618,-0.00094412,-0.00096226,-0.00004721,36.9350,33.6024,-0.0437,-3.2508,-0.1159,2754.5753,74.4211,12.8426,37.0032,13.1659,26.3317,52.6635,71.0957,102.6937,147.4577,26.3317,0.0,3.9,5.6,1.402681,30,147,41,3,0.00098153,-0.00118015,0.01250000,0E-8,0.000000,0.907845,0.000000,-0.01369359,2026-03-23,2026-08-06,19,533,225,137,0.138686,0.347066,0.347707,0.003272,,,,,,,,GLOBAL_BASELINE_NO_ENTITY_RANKING,,,NOT_APPLICABLE_GLOBAL_BASELINE,HF9g-P5,,,,X 全窗基线 · 不参与实体赏罚,3925441,393,A168_HF9F_20260827_0900,2026-08-27 09:00:00
2026-03-25,123633016,1490,0,76.3620085842,-25.0151407431,-25.0151407431,0.5000000,2,2,0.50665070000000000,0.506650700000,-0.018812684590367487,-0.018812684590367487,-0.018812684590367487,0E-17,ELIGIBLE,R03b_20260811_FULL_v1,L1_ELIGIBILITY,v2026-08-11,2026-03-21..2026-08-06,baccarat_bet02_101_all_pairs_incl_sentinel,round_win = game_pnl > 0 (decisive only),COMPATIBILITY_ONLY_NOT_PRODUCTION,52336.9300,47513.8143,-61.7654,1417,1414,0.00118015,-0.01250000,0.00119359,0.00118015,61.7654,52336.9300,OK,0.0000,-2.4706,4.0000,96.0000,AG03-UNRESOLVED,ALL5_LEVELS_bet23_to_bet27,-2.4706,-2.4706,-2.4706,-2.4706,-2.4706,4.000000,4.000000,4.000000,4.000000,4.000000,96.000000,96.000000,96.000000,96.000000,96.000000,5.0,-12.3531,-11.4036,-49.4123,-50.3618,PENDING_AG03,FALSE,NOT_FOR_ENFORCEMENT,-59.2948,45613.2617,-61.7654,-59.2948,-2.4706,-0.00118015,-0.00113294,-2.4706,-59.2948,-0.00113294,-2.4706,-2.4706,-2.4706,-2.4706,-2.4706,-59.2948,-0.00113294,-12.3531,-11.4036,-49.4123,-50.3618,-0.00094412,-0.00096226,-0.00004721,36.9350,33.6024,-0.0437,-3.2508,-0.1159,2754.5753,74.4211,12.8426,37.0032,13.1659,26.3317,52.6635,71.0957,102.6937,147.4577,26.3317,0.0,3.9,5.6,1.402681,30,147,41,3,0.00098153,-0.00118015,0.01250000,0E-8,0.000000,0.907845,0.000000,-0.01369359,2026-03-23,2026-08-06,19,533,225,137,0.138686,0.347066,0.347707,0.003272,,,,,,,,GLOBAL_BASELINE_NO_ENTITY_RANKING,,,NOT_APPLICABLE_GLOBAL_BASELINE,HF9g-P5,,,,X 全窗基线 · 不参与实体赏罚,3925442,393,A168_HF9F_20260827_0900,2026-08-27 09:00:00
2026-03-25,123633016,1506,0,78.9951812940,-52.6634541960,-52.6634541960,0E-7,2,2,0.49324550000000000,0.493245500000,-0.9865810262130424,-0.9865810262130424,-0.9865810262130424,0E-17,ELIGIBLE,R03b_20260811_FULL_v1,L1_ELIGIBILITY,v2026-08-11,2026-03-21..2026-08-06,baccarat_bet02_101_all_pairs_incl_sentinel,round_win = game_pnl > 0 (decisive only),COMPATIBILITY_ONLY_NOT_PRODUCTION,52336.9300,47513.8143,-61.7654,1417,1414,0.00118015,-0.01250000,0.00119359,0.00118015,61.7654,52336.9300,OK,0.0000,-2.4706,4.0000,96.0000,AG03-UNRESOLVED,ALL5_LEVELS_bet23_to_bet27,-2.4706,-2.4706,-2.4706,-2.4706,-2.4706,4.000000,4.000000,4.000000,4.000000,4.000000,96.000000,96.000000,96.000000,96.000000,96.000000,5.0,-12.3531,-11.4036,-49.4123,-50.3618,PENDING_AG03,FALSE,NOT_FOR_ENFORCEMENT,-59.2948,45613.2617,-61.7654,-59.2948,-2.4706,-0.00118015,-0.00113294,-2.4706,-59.2948,-0.00113294,-2.4706,-2.4706,-2.4706,-2.4706,-2.4706,-59.2948,-0.00113294,-12.3531,-11.4036,-49.4123,-50.3618,-0.00094412,-0.00096226,-0.00004721,36.9350,33.6024,-0.0437,-3.2508,-0.1159,2754.5753,74.4211,12.8426,37.0032,13.1659,26.3317,52.6635,71.0957,102.6937,147.4577,26.3317,0.0,3.9,5.6,1.402681,30,147,41,3,0.00098153,-0.00118015,0.01250000,0E-8,0.000000,0.907845,0.000000,-0.01369359,2026-03-23,2026-08-06,19,533,225,137,0.138686,0.347066,0.347707,0.003272,,,,,,,,GLOBAL_BASELINE_NO_ENTITY_RANKING,,,NOT_APPLICABLE_GLOBAL_BASELINE,HF9g-P5,,,,X 全窗基线 · 不参与实体赏罚,3925443,393,A168_HF9F_20260827_0900,2026-08-27 09:00:00
2026-03-25,123633016,1623,0,105.3269083919,-105.3269083919,-105.3269083919,0E-7,1,1,0.49324550000000000,0.493245500000,-0.9865810262130424,-0.9865810262130424,-0.9865810262130424,0E-17,ELIGIBLE,R03b_20260811_FULL_v1,L1_ELIGIBILITY,v2026-08-11,2026-03-21..2026-08-06,baccarat_bet02_101_all_pairs_incl_sentinel,round_win = game_pnl > 0 (decisive only),COMPATIBILITY_ONLY_NOT_PRODUCTION,52336.9300,47513.8143,-61.7654,1417,1414,0.00118015,-0.01250000,0.00119359,0.00118015,61.7654,52336.9300,OK,0.0000,-2.4706,4.0000,96.0000,AG03-UNRESOLVED,ALL5_LEVELS_bet23_to_bet27,-2.4706,-2.4706,-2.4706,-2.4706,-2.4706,4.000000,4.000000,4.000000,4.000000,4.000000,96.000000,96.000000,96.000000,96.000000,96.000000,5.0,-12.3531,-11.4036,-49.4123,-50.3618,PENDING_AG03,FALSE,NOT_FOR_ENFORCEMENT,-59.2948,45613.2617,-61.7654,-59.2948,-2.4706,-0.00118015,-0.00113294,-2.4706,-59.2948,-0.00113294,-2.4706,-2.4706,-2.4706,-2.4706,-2.4706,-59.2948,-0.00113294,-12.3531,-11.4036,-49.4123,-50.3618,-0.00094412,-0.00096226,-0.00004721,36.9350,33.6024,-0.0437,-3.2508,-0.1159,2754.5753,74.4211,12.8426,37.0032,13.1659,26.3317,52.6635,71.0957,102.6937,147.4577,26.3317,0.0,3.9,5.6,1.402681,30,147,41,3,0.00098153,-0.00118015,0.01250000,0E-8,0.000000,0.907845,0.000000,-0.01369359,2026-03-23,2026-08-06,19,533,225,137,0.138686,0.347066,0.347707,0.003272,,,,,,,,GLOBAL_BASELINE_NO_ENTITY_RANKING,,,NOT_APPLICABLE_GLOBAL_BASELINE,HF9g-P5,,,,X 全窗基线 · 不参与实体赏罚,3925444,393,A168_HF9F_20260827_0900,2026-08-27 09:00:00
2026-03-25,123633016,1654,0,102.6937356822,-25.0151407431,-25.0151407431,0.5000000,3,3,0.50218230000000000,0.502182300000,-0.00617253530718887,-0.00617253530718887,-0.00617253530718887,0E-17,ELIGIBLE,R03b_20260811_FULL_v1,L1_ELIGIBILITY,v2026-08-11,2026-03-21..2026-08-06,baccarat_bet02_101_all_pairs_incl_sentinel,round_win = game_pnl > 0 (decisive only),COMPATIBILITY_ONLY_NOT_PRODUCTION,52336.9300,47513.8143,-61.7654,1417,1414,0.00118015,-0.01250000,0.00119359,0.00118015,61.7654,52336.9300,OK,0.0000,-2.4706,4.0000,96.0000,AG03-UNRESOLVED,ALL5_LEVELS_bet23_to_bet27,-2.4706,-2.4706,-2.4706,-2.4706,-2.4706,4.000000,4.000000,4.000000,4.000000,4.000000,96.000000,96.000000,96.000000,96.000000,96.000000,5.0,-12.3531,-11.4036,-49.4123,-50.3618,PENDING_AG03,FALSE,NOT_FOR_ENFORCEMENT,-59.2948,45613.2617,-61.7654,-59.2948,-2.4706,-0.00118015,-0.00113294,-2.4706,-59.2948,-0.00113294,-2.4706,-2.4706,-2.4706,-2.4706,-2.4706,-59.2948,-0.00113294,-12.3531,-11.4036,-49.4123,-50.3618,-0.00094412,-0.00096226,-0.00004721,36.9350,33.6024,-0.0437,-3.2508,-0.1159,2754.5753,74.4211,12.8426,37.0032,13.1659,26.3317,52.6635,71.0957,102.6937,147.4577,26.3317,0.0,3.9,5.6,1.402681,30,147,41,3,0.00098153,-0.00118015,0.01250000,0E-8,0.000000,0.907845,0.000000,-0.01369359,2026-03-23,2026-08-06,19,533,225,137,0.138686,0.347066,0.347707,0.003272,,,,,,,,GLOBAL_BASELINE_NO_ENTITY_RANKING,,,NOT_APPLICABLE_GLOBAL_BASELINE,HF9g-P5,,,,X 全窗基线 · 不参与实体赏罚,3925445,393,A168_HF9F_20260827_0900,2026-08-27 09:00:00
2026-03-25,123633016,1711,0,76.3620085842,-25.0151407431,-25.0151407431,0.3333333,3,3,0.50665070000000000,0.506650700000,-0.6004420894325239,-0.6004420894325239,-0.6004420894325239,0E-17,ELIGIBLE,R03b_20260811_FULL_v1,L1_ELIGIBILITY,v2026-08-11,2026-03-21..2026-08-06,baccarat_bet02_101_all_pairs_incl_sentinel,round_win = game_pnl > 0 (decisive only),COMPATIBILITY_ONLY_NOT_PRODUCTION,52336.9300,47513.8143,-61.7654,1417,1414,0.00118015,-0.01250000,0.00119359,0.00118015,61.7654,52336.9300,OK,0.0000,-2.4706,4.0000,96.0000,AG03-UNRESOLVED,ALL5_LEVELS_bet23_to_bet27,-2.4706,-2.4706,-2.4706,-2.4706,-2.4706,4.000000,4.000000,4.000000,4.000000,4.000000,96.000000,96.000000,96.000000,96.000000,96.000000,5.0,-12.3531,-11.4036,-49.4123,-50.3618,PENDING_AG03,FALSE,NOT_FOR_ENFORCEMENT,-59.2948,45613.2617,-61.7654,-59.2948,-2.4706,-0.00118015,-0.00113294,-2.4706,-59.2948,-0.00113294,-2.4706,-2.4706,-2.4706,-2.4706,-2.4706,-59.2948,-0.00113294,-12.3531,-11.4036,-49.4123,-50.3618,-0.00094412,-0.00096226,-0.00004721,36.9350,33.6024,-0.0437,-3.2508,-0.1159,2754.5753,74.4211,12.8426,37.0032,13.1659,26.3317,52.6635,71.0957,102.6937,147.4577,26.3317,0.0,3.9,5.6,1.402681,30,147,41,3,0.00098153,-0.00118015,0.01250000,0E-8,0.000000,0.907845,0.000000,-0.01369359,2026-03-23,2026-08-06,19,533,225,137,0.138686,0.347066,0.347707,0.003272,,,,,,,,GLOBAL_BASELINE_NO_ENTITY_RANKING,,,NOT_APPLICABLE_GLOBAL_BASELINE,HF9g-P5,,,,X 全窗基线 · 不参与实体赏罚,3925446,393,A168_HF9F_20260827_0900,2026-08-27 09:00:00
2026-03-25,123633016,1750,0,26.3317270980,-26.3317270980,-26.3317270980,0E-7,1,1,0.50665070000000000,0.506650700000,-1.013391052207602,-1.013391052207602,-1.013391052207602,0E-17,ELIGIBLE,R03b_20260811_FULL_v1,L1_ELIGIBILITY,v2026-08-11,2026-03-21..2026-08-06,baccarat_bet02_101_all_pairs_incl_sentinel,round_win = game_pnl > 0 (decisive only),COMPATIBILITY_ONLY_NOT_PRODUCTION,52336.9300,47513.8143,-61.7654,1417,1414,0.00118015,-0.01250000,0.00119359,0.00118015,61.7654,52336.9300,OK,0.0000,-2.4706,4.0000,96.0000,AG03-UNRESOLVED,ALL5_LEVELS_bet23_to_bet27,-2.4706,-2.4706,-2.4706,-2.4706,-2.4706,4.000000,4.000000,4.000000,4.000000,4.000000,96.000000,96.000000,96.000000,96.000000,96.000000,5.0,-12.3531,-11.4036,-49.4123,-50.3618,PENDING_AG03,FALSE,NOT_FOR_ENFORCEMENT,-59.2948,45613.2617,-61.7654,-59.2948,-2.4706,-0.00118015,-0.00113294,-2.4706,-59.2948,-0.00113294,-2.4706,-2.4706,-2.4706,-2.4706,-2.4706,-59.2948,-0.00113294,-12.3531,-11.4036,-49.4123,-50.3618,-0.00094412,-0.00096226,-0.00004721,36.9350,33.6024,-0.0437,-3.2508,-0.1159,2754.5753,74.4211,12.8426,37.0032,13.1659,26.3317,52.6635,71.0957,102.6937,147.4577,26.3317,0.0,3.9,5.6,1.402681,30,147,41,3,0.00098153,-0.00118015,0.01250000,0E-8,0.000000,0.907845,0.000000,-0.01369359,2026-03-23,2026-08-06,19,533,225,137,0.138686,0.347066,0.347707,0.003272,,,,,,,,GLOBAL_BASELINE_NO_ENTITY_RANKING,,,NOT_APPLICABLE_GLOBAL_BASELINE,HF9g-P5,,,,X 全窗基线 · 不参与实体赏罚,3925447,393,A168_HF9F_20260827_0900,2026-08-27 09:00:00
2026-03-25,123633016,1935,0,171.1562261370,118.4927719410,118.4927719410,0.7500000,5,5,0.49592654000000000,0.495926540000,1.0163275685615971,1.0163275685615971,1.0163275685615971,0E-17,ELIGIBLE,R03b_20260811_FULL_v1,L1_ELIGIBILITY,v2026-08-11,2026-03-21..2026-08-06,baccarat_bet02_101_all_pairs_incl_sentinel,round_win = game_pnl > 0 (decisive only),COMPATIBILITY_ONLY_NOT_PRODUCTION,52336.9300,47513.8143,-61.7654,1417,1414,0.00118015,-0.01250000,0.00119359,0.00118015,61.7654,52336.9300,OK,0.0000,-2.4706,4.0000,96.0000,AG03-UNRESOLVED,ALL5_LEVELS_bet23_to_bet27,-2.4706,-2.4706,-2.4706,-2.4706,-2.4706,4.000000,4.000000,4.000000,4.000000,4.000000,96.000000,96.000000,96.000000,96.000000,96.000000,5.0,-12.3531,-11.4036,-49.4123,-50.3618,PENDING_AG03,FALSE,NOT_FOR_ENFORCEMENT,-59.2948,45613.2617,-61.7654,-59.2948,-2.4706,-0.00118015,-0.00113294,-2.4706,-59.2948,-0.00113294,-2.4706,-2.4706,-2.4706,-2.4706,-2.4706,-59.2948,-0.00113294,-12.3531,-11.4036,-49.4123,-50.3618,-0.00094412,-0.00096226,-0.00004721,36.9350,33.6024,-0.0437,-3.2508,-0.1159,2754.5753,74.4211,12.8426,37.0032,13.1659,26.3317,52.6635,71.0957,102.6937,147.4577,26.3317,0.0,3.9,5.6,1.402681,30,147,41,3,0.00098153,-0.00118015,0.01250000,0E-8,0.000000,0.907845,0.000000,-0.01369359,2026-03-23,2026-08-06,19,533,225,137,0.138686,0.347066,0.347707,0.003272,,,,,,,,GLOBAL_BASELINE_NO_ENTITY_RANKING,,,NOT_APPLICABLE_GLOBAL_BASELINE,HF9g-P5,,,,X 全窗基线 · 不参与实体赏罚,3925448,393,A168_HF9F_20260827_0900,2026-08-27 09:00:00
2026-03-25,123633016,1942,0,65.8293177450,13.1658635490,13.1658635490,0.5000000,4,4,0.49324550000000000,0.493245500000,0.027020465636507562,0.027020465636507562,0.027020465636507562,0E-17,ELIGIBLE,R03b_20260811_FULL_v1,L1_ELIGIBILITY,v2026-08-11,2026-03-21..2026-08-06,baccarat_bet02_101_all_pairs_incl_sentinel,round_win = game_pnl > 0 (decisive only),COMPATIBILITY_ONLY_NOT_PRODUCTION,52336.9300,47513.8143,-61.7654,1417,1414,0.00118015,-0.01250000,0.00119359,0.00118015,61.7654,52336.9300,OK,0.0000,-2.4706,4.0000,96.0000,AG03-UNRESOLVED,ALL5_LEVELS_bet23_to_bet27,-2.4706,-2.4706,-2.4706,-2.4706,-2.4706,4.000000,4.000000,4.000000,4.000000,4.000000,96.000000,96.000000,96.000000,96.000000,96.000000,5.0,-12.3531,-11.4036,-49.4123,-50.3618,PENDING_AG03,FALSE,NOT_FOR_ENFORCEMENT,-59.2948,45613.2617,-61.7654,-59.2948,-2.4706,-0.00118015,-0.00113294,-2.4706,-59.2948,-0.00113294,-2.4706,-2.4706,-2.4706,-2.4706,-2.4706,-59.2948,-0.00113294,-12.3531,-11.4036,-49.4123,-50.3618,-0.00094412,-0.00096226,-0.00004721,36.9350,33.6024,-0.0437,-3.2508,-0.1159,2754.5753,74.4211,12.8426,37.0032,13.1659,26.3317,52.6635,71.0957,102.6937,147.4577,26.3317,0.0,3.9,5.6,1.402681,30,147,41,3,0.00098153,-0.00118015,0.01250000,0E-8,0.000000,0.907845,0.000000,-0.01369359,2026-03-23,2026-08-06,19,533,225,137,0.138686,0.347066,0.347707,0.003272,,,,,,,,GLOBAL_BASELINE_NO_ENTITY_RANKING,,,NOT_APPLICABLE_GLOBAL_BASELINE,HF9g-P5,,,,X 全窗基线 · 不参与实体赏罚,3925449,393,A168_HF9F_20260827_0900,2026-08-27 09:00:00
2026-03-25,123633016,1949,0,484.5037786029,52.7951128315,52.7951128315,0.6666667,7,7,0.49899058571428571,0.498990585714,0.8214433547731099,0.8214433547745106,0.8214433547731099,2.8571E-13,ELIGIBLE,R03b_20260811_FULL_v1,L1_ELIGIBILITY,v2026-08-11,2026-03-21..2026-08-06,baccarat_bet02_101_all_pairs_incl_sentinel,round_win = game_pnl > 0 (decisive only),COMPATIBILITY_ONLY_NOT_PRODUCTION,52336.9300,47513.8143,-61.7654,1417,1414,0.00118015,-0.01250000,0.00119359,0.00118015,61.7654,52336.9300,OK,0.0000,-2.4706,4.0000,96.0000,AG03-UNRESOLVED,ALL5_LEVELS_bet23_to_bet27,-2.4706,-2.4706,-2.4706,-2.4706,-2.4706,4.000000,4.000000,4.000000,4.000000,4.000000,96.000000,96.000000,96.000000,96.000000,96.000000,5.0,-12.3531,-11.4036,-49.4123,-50.3618,PENDING_AG03,FALSE,NOT_FOR_ENFORCEMENT,-59.2948,45613.2617,-61.7654,-59.2948,-2.4706,-0.00118015,-0.00113294,-2.4706,-59.2948,-0.00113294,-2.4706,-2.4706,-2.4706,-2.4706,-2.4706,-59.2948,-0.00113294,-12.3531,-11.4036,-49.4123,-50.3618,-0.00094412,-0.00096226,-0.00004721,36.9350,33.6024,-0.0437,-3.2508,-0.1159,2754.5753,74.4211,12.8426,37.0032,13.1659,26.3317,52.6635,71.0957,102.6937,147.4577,26.3317,0.0,3.9,5.6,1.402681,30,147,41,3,0.00098153,-0.00118015,0.01250000,0E-8,0.000000,0.907845,0.000000,-0.01369359,2026-03-23,2026-08-06,19,533,225,137,0.138686,0.347066,0.347707,0.003272,,,,,,,,GLOBAL_BASELINE_NO_ENTITY_RANKING,,,NOT_APPLICABLE_GLOBAL_BASELINE,HF9g-P5,,,,X 全窗基线 · 不参与实体赏罚,3925450,393,A168_HF9F_20260827_0900,2026-08-27 09:00:00
2026-03-25,123633016,1951,0,13.1658635490,-13.1658635490,-13.1658635490,0E-7,1,1,0.49324550000000000,0.493245500000,-0.9865810262130424,-0.9865810262130424,-0.9865810262130424,0E-17,ELIGIBLE,R03b_20260811_FULL_v1,L1_ELIGIBILITY,v2026-08-11,2026-03-21..2026-08-06,baccarat_bet02_101_all_pairs_incl_sentinel,round_win = game_pnl > 0 (decisive only),COMPATIBILITY_ONLY_NOT_PRODUCTION,52336.9300,47513.8143,-61.7654,1417,1414,0.00118015,-0.01250000,0.00119359,0.00118015,61.7654,52336.9300,OK,0.0000,-2.4706,4.0000,96.0000,AG03-UNRESOLVED,ALL5_LEVELS_bet23_to_bet27,-2.4706,-2.4706,-2.4706,-2.4706,-2.4706,4.000000,4.000000,4.000000,4.000000,4.000000,96.000000,96.000000,96.000000,96.000000,96.000000,5.0,-12.3531,-11.4036,-49.4123,-50.3618,PENDING_AG03,FALSE,NOT_FOR_ENFORCEMENT,-59.2948,45613.2617,-61.7654,-59.2948,-2.4706,-0.00118015,-0.00113294,-2.4706,-59.2948,-0.00113294,-2.4706,-2.4706,-2.4706,-2.4706,-2.4706,-59.2948,-0.00113294,-12.3531,-11.4036,-49.4123,-50.3618,-0.00094412,-0.00096226,-0.00004721,36.9350,33.6024,-0.0437,-3.2508,-0.1159,2754.5753,74.4211,12.8426,37.0032,13.1659,26.3317,52.6635,71.0957,102.6937,147.4577,26.3317,0.0,3.9,5.6,1.402681,30,147,41,3,0.00098153,-0.00118015,0.01250000,0E-8,0.000000,0.907845,0.000000,-0.01369359,2026-03-23,2026-08-06,19,533,225,137,0.138686,0.347066,0.347707,0.003272,,,,,,,,GLOBAL_BASELINE_NO_ENTITY_RANKING,,,NOT_APPLICABLE_GLOBAL_BASELINE,HF9g-P5,,,,X 全窗基线 · 不参与实体赏罚,3925451,393,A168_HF9F_20260827_0900,2026-08-27 09:00:00
2026-03-25,123633016,1994,0,26.3317270980,-26.3317270980,-26.3317270980,0E-7,2,2,0.49994810000000000,0.499948100000,-1.4140667746232096,-1.4140667746232096,-1.4140667746232096,0E-17,ELIGIBLE,R03b_20260811_FULL_v1,L1_ELIGIBILITY,v2026-08-11,2026-03-21..2026-08-06,baccarat_bet02_101_all_pairs_incl_sentinel,round_win = game_pnl > 0 (decisive only),COMPATIBILITY_ONLY_NOT_PRODUCTION,52336.9300,47513.8143,-61.7654,1417,1414,0.00118015,-0.01250000,0.00119359,0.00118015,61.7654,52336.9300,OK,0.0000,-2.4706,4.0000,96.0000,AG03-UNRESOLVED,ALL5_LEVELS_bet23_to_bet27,-2.4706,-2.4706,-2.4706,-2.4706,-2.4706,4.000000,4.000000,4.000000,4.000000,4.000000,96.000000,96.000000,96.000000,96.000000,96.000000,5.0,-12.3531,-11.4036,-49.4123,-50.3618,PENDING_AG03,FALSE,NOT_FOR_ENFORCEMENT,-59.2948,45613.2617,-61.7654,-59.2948,-2.4706,-0.00118015,-0.00113294,-2.4706,-59.2948,-0.00113294,-2.4706,-2.4706,-2.4706,-2.4706,-2.4706,-59.2948,-0.00113294,-12.3531,-11.4036,-49.4123,-50.3618,-0.00094412,-0.00096226,-0.00004721,36.9350,33.6024,-0.0437,-3.2508,-0.1159,2754.5753,74.4211,12.8426,37.0032,13.1659,26.3317,52.6635,71.0957,102.6937,147.4577,26.3317,0.0,3.9,5.6,1.402681,30,147,41,3,0.00098153,-0.00118015,0.01250000,0E-8,0.000000,0.907845,0.000000,-0.01369359,2026-03-23,2026-08-06,19,533,225,137,0.138686,0.347066,0.347707,0.003272,,,,,,,,GLOBAL_BASELINE_NO_ENTITY_RANKING,,,NOT_APPLICABLE_GLOBAL_BASELINE,HF9g-P5,,,,X 全窗基线 · 不参与实体赏罚,3925452,393,A168_HF9F_20260827_0900,2026-08-27 09:00:00
2026-03-25,123633016,2075,0,184.3220896860,-105.3269083920,-105.3269083920,0.2500000,5,5,0.49860758000000000,0.498607580000,-0.9944341760919779,-0.9944341760919779,-0.9944341760919779,0E-17,ELIGIBLE,R03b_20260811_FULL_v1,L1_ELIGIBILITY,v2026-08-11,2026-03-21..2026-08-06,baccarat_bet02_101_all_pairs_incl_sentinel,round_win = game_pnl > 0 (decisive only),COMPATIBILITY_ONLY_NOT_PRODUCTION,52336.9300,47513.8143,-61.7654,1417,1414,0.00118015,-0.01250000,0.00119359,0.00118015,61.7654,52336.9300,OK,0.0000,-2.4706,4.0000,96.0000,AG03-UNRESOLVED,ALL5_LEVELS_bet23_to_bet27,-2.4706,-2.4706,-2.4706,-2.4706,-2.4706,4.000000,4.000000,4.000000,4.000000,4.000000,96.000000,96.000000,96.000000,96.000000,96.000000,5.0,-12.3531,-11.4036,-49.4123,-50.3618,PENDING_AG03,FALSE,NOT_FOR_ENFORCEMENT,-59.2948,45613.2617,-61.7654,-59.2948,-2.4706,-0.00118015,-0.00113294,-2.4706,-59.2948,-0.00113294,-2.4706,-2.4706,-2.4706,-2.4706,-2.4706,-59.2948,-0.00113294,-12.3531,-11.4036,-49.4123,-50.3618,-0.00094412,-0.00096226,-0.00004721,36.9350,33.6024,-0.0437,-3.2508,-0.1159,2754.5753,74.4211,12.8426,37.0032,13.1659,26.3317,52.6635,71.0957,102.6937,147.4577,26.3317,0.0,3.9,5.6,1.402681,30,147,41,3,0.00098153,-0.00118015,0.01250000,0E-8,0.000000,0.907845,0.000000,-0.01369359,2026-03-23,2026-08-06,19,533,225,137,0.138686,0.347066,0.347707,0.003272,,,,,,,,GLOBAL_BASELINE_NO_ENTITY_RANKING,,,NOT_APPLICABLE_GLOBAL_BASELINE,HF9g-P5,,,,X 全窗基线 · 不参与实体赏罚,3925453,393,A168_HF9F_20260827_0900,2026-08-27 09:00:00
2026-03-25,123633016,2088,0,39.4975906470,-39.4975906470,-39.4975906470,0E-7,2,2,0.49994810000000000,0.499948100000,-1.4140667746232096,-1.4140667746232096,-1.4140667746232096,0E-17,ELIGIBLE,R03b_20260811_FULL_v1,L1_ELIGIBILITY,v2026-08-11,2026-03-21..2026-08-06,baccarat_bet02_101_all_pairs_incl_sentinel,round_win = game_pnl > 0 (decisive only),COMPATIBILITY_ONLY_NOT_PRODUCTION,52336.9300,47513.8143,-61.7654,1417,1414,0.00118015,-0.01250000,0.00119359,0.00118015,61.7654,52336.9300,OK,0.0000,-2.4706,4.0000,96.0000,AG03-UNRESOLVED,ALL5_LEVELS_bet23_to_bet27,-2.4706,-2.4706,-2.4706,-2.4706,-2.4706,4.000000,4.000000,4.000000,4.000000,4.000000,96.000000,96.000000,96.000000,96.000000,96.000000,5.0,-12.3531,-11.4036,-49.4123,-50.3618,PENDING_AG03,FALSE,NOT_FOR_ENFORCEMENT,-59.2948,45613.2617,-61.7654,-59.2948,-2.4706,-0.00118015,-0.00113294,-2.4706,-59.2948,-0.00113294,-2.4706,-2.4706,-2.4706,-2.4706,-2.4706,-59.2948,-0.00113294,-12.3531,-11.4036,-49.4123,-50.3618,-0.00094412,-0.00096226,-0.00004721,36.9350,33.6024,-0.0437,-3.2508,-0.1159,2754.5753,74.4211,12.8426,37.0032,13.1659,26.3317,52.6635,71.0957,102.6937,147.4577,26.3317,0.0,3.9,5.6,1.402681,30,147,41,3,0.00098153,-0.00118015,0.01250000,0E-8,0.000000,0.907845,0.000000,-0.01369359,2026-03-23,2026-08-06,19,533,225,137,0.138686,0.347066,0.347707,0.003272,,,,,,,,GLOBAL_BASELINE_NO_ENTITY_RANKING,,,NOT_APPLICABLE_GLOBAL_BASELINE,HF9g-P5,,,,X 全窗基线 · 不参与实体赏罚,3925454,393,A168_HF9F_20260827_0900,2026-08-27 09:00:00
2026-03-25,123633016,2093,0,78.9951812940,-52.6634541960,-52.6634541960,0E-7,2,2,0.49324550000000000,0.493245500000,-0.9865810262130424,-0.9865810262130424,-0.9865810262130424,0E-17,ELIGIBLE,R03b_20260811_FULL_v1,L1_ELIGIBILITY,v2026-08-11,2026-03-21..2026-08-06,baccarat_bet02_101_all_pairs_incl_sentinel,round_win = game_pnl > 0 (decisive only),COMPATIBILITY_ONLY_NOT_PRODUCTION,52336.9300,47513.8143,-61.7654,1417,1414,0.00118015,-0.01250000,0.00119359,0.00118015,61.7654,52336.9300,OK,0.0000,-2.4706,4.0000,96.0000,AG03-UNRESOLVED,ALL5_LEVELS_bet23_to_bet27,-2.4706,-2.4706,-2.4706,-2.4706,-2.4706,4.000000,4.000000,4.000000,4.000000,4.000000,96.000000,96.000000,96.000000,96.000000,96.000000,5.0,-12.3531,-11.4036,-49.4123,-50.3618,PENDING_AG03,FALSE,NOT_FOR_ENFORCEMENT,-59.2948,45613.2617,-61.7654,-59.2948,-2.4706,-0.00118015,-0.00113294,-2.4706,-59.2948,-0.00113294,-2.4706,-2.4706,-2.4706,-2.4706,-2.4706,-59.2948,-0.00113294,-12.3531,-11.4036,-49.4123,-50.3618,-0.00094412,-0.00096226,-0.00004721,36.9350,33.6024,-0.0437,-3.2508,-0.1159,2754.5753,74.4211,12.8426,37.0032,13.1659,26.3317,52.6635,71.0957,102.6937,147.4577,26.3317,0.0,3.9,5.6,1.402681,30,147,41,3,0.00098153,-0.00118015,0.01250000,0E-8,0.000000,0.907845,0.000000,-0.01369359,2026-03-23,2026-08-06,19,533,225,137,0.138686,0.347066,0.347707,0.003272,,,,,,,,GLOBAL_BASELINE_NO_ENTITY_RANKING,,,NOT_APPLICABLE_GLOBAL_BASELINE,HF9g-P5,,,,X 全窗基线 · 不参与实体赏罚,3925455,393,A168_HF9F_20260827_0900,2026-08-27 09:00:00
2026-03-25,123633016,2101,0,129.0254627801,-26.3317270979,-26.3317270979,0.5000000,2,2,0.50665070000000000,0.506650700000,-0.018812684590367487,-0.018812684590367487,-0.018812684590367487,0E-17,ELIGIBLE,R03b_20260811_FULL_v1,L1_ELIGIBILITY,v2026-08-11,2026-03-21..2026-08-06,baccarat_bet02_101_all_pairs_incl_sentinel,round_win = game_pnl > 0 (decisive only),COMPATIBILITY_ONLY_NOT_PRODUCTION,52336.9300,47513.8143,-61.7654,1417,1414,0.00118015,-0.01250000,0.00119359,0.00118015,61.7654,52336.9300,OK,0.0000,-2.4706,4.0000,96.0000,AG03-UNRESOLVED,ALL5_LEVELS_bet23_to_bet27,-2.4706,-2.4706,-2.4706,-2.4706,-2.4706,4.000000,4.000000,4.000000,4.000000,4.000000,96.000000,96.000000,96.000000,96.000000,96.000000,5.0,-12.3531,-11.4036,-49.4123,-50.3618,PENDING_AG03,FALSE,NOT_FOR_ENFORCEMENT,-59.2948,45613.2617,-61.7654,-59.2948,-2.4706,-0.00118015,-0.00113294,-2.4706,-59.2948,-0.00113294,-2.4706,-2.4706,-2.4706,-2.4706,-2.4706,-59.2948,-0.00113294,-12.3531,-11.4036,-49.4123,-50.3618,-0.00094412,-0.00096226,-0.00004721,36.9350,33.6024,-0.0437,-3.2508,-0.1159,2754.5753,74.4211,12.8426,37.0032,13.1659,26.3317,52.6635,71.0957,102.6937,147.4577,26.3317,0.0,3.9,5.6,1.402681,30,147,41,3,0.00098153,-0.00118015,0.01250000,0E-8,0.000000,0.907845,0.000000,-0.01369359,2026-03-23,2026-08-06,19,533,225,137,0.138686,0.347066,0.347707,0.003272,,,,,,,,GLOBAL_BASELINE_NO_ENTITY_RANKING,,,NOT_APPLICABLE_GLOBAL_BASELINE,HF9g-P5,,,,X 全窗基线 · 不参与实体赏罚,3925456,393,A168_HF9F_20260827_0900,2026-08-27 09:00:00
2026-03-25,123633016,2106,0,299.9183716460,-180.8989651632,-180.8989651632,0.2857143,8,8,0.49659680000000000,0.496596800000,-1.1159112260582862,-1.1159112260582862,-1.1159112260582862,0E-17,ELIGIBLE,R03b_20260811_FULL_v1,L1_ELIGIBILITY,v2026-08-11,2026-03-21..2026-08-06,baccarat_bet02_101_all_pairs_incl_sentinel,round_win = game_pnl > 0 (decisive only),COMPATIBILITY_ONLY_NOT_PRODUCTION,52336.9300,47513.8143,-61.7654,1417,1414,0.00118015,-0.01250000,0.00119359,0.00118015,61.7654,52336.9300,OK,0.0000,-2.4706,4.0000,96.0000,AG03-UNRESOLVED,ALL5_LEVELS_bet23_to_bet27,-2.4706,-2.4706,-2.4706,-2.4706,-2.4706,4.000000,4.000000,4.000000,4.000000,4.000000,96.000000,96.000000,96.000000,96.000000,96.000000,5.0,-12.3531,-11.4036,-49.4123,-50.3618,PENDING_AG03,FALSE,NOT_FOR_ENFORCEMENT,-59.2948,45613.2617,-61.7654,-59.2948,-2.4706,-0.00118015,-0.00113294,-2.4706,-59.2948,-0.00113294,-2.4706,-2.4706,-2.4706,-2.4706,-2.4706,-59.2948,-0.00113294,-12.3531,-11.4036,-49.4123,-50.3618,-0.00094412,-0.00096226,-0.00004721,36.9350,33.6024,-0.0437,-3.2508,-0.1159,2754.5753,74.4211,12.8426,37.0032,13.1659,26.3317,52.6635,71.0957,102.6937,147.4577,26.3317,0.0,3.9,5.6,1.402681,30,147,41,3,0.00098153,-0.00118015,0.01250000,0E-8,0.000000,0.907845,0.000000,-0.01369359,2026-03-23,2026-08-06,19,533,225,137,0.138686,0.347066,0.347707,0.003272,,,,,,,,GLOBAL_BASELINE_NO_ENTITY_RANKING,,,NOT_APPLICABLE_GLOBAL_BASELINE,HF9g-P5,,,,X 全窗基线 · 不参与实体赏罚,3925457,393,A168_HF9F_20260827_0900,2026-08-27 09:00:00
2026-03-25,123633016,2117,0,65.8293177450,-39.4975906470,-39.4975906470,0.5000000,2,2,0.49324550000000000,0.493245500000,0.01910635448239258,0.01910635448239258,0.01910635448239258,0E-17,ELIGIBLE,R03b_20260811_FULL_v1,L1_ELIGIBILITY,v2026-08-11,2026-03-21..2026-08-06,baccarat_bet02_101_all_pairs_incl_sentinel,round_win = game_pnl > 0 (decisive only),COMPATIBILITY_ONLY_NOT_PRODUCTION,52336.9300,47513.8143,-61.7654,1417,1414,0.00118015,-0.01250000,0.00119359,0.00118015,61.7654,52336.9300,OK,0.0000,-2.4706,4.0000,96.0000,AG03-UNRESOLVED,ALL5_LEVELS_bet23_to_bet27,-2.4706,-2.4706,-2.4706,-2.4706,-2.4706,4.000000,4.000000,4.000000,4.000000,4.000000,96.000000,96.000000,96.000000,96.000000,96.000000,5.0,-12.3531,-11.4036,-49.4123,-50.3618,PENDING_AG03,FALSE,NOT_FOR_ENFORCEMENT,-59.2948,45613.2617,-61.7654,-59.2948,-2.4706,-0.00118015,-0.00113294,-2.4706,-59.2948,-0.00113294,-2.4706,-2.4706,-2.4706,-2.4706,-2.4706,-59.2948,-0.00113294,-12.3531,-11.4036,-49.4123,-50.3618,-0.00094412,-0.00096226,-0.00004721,36.9350,33.6024,-0.0437,-3.2508,-0.1159,2754.5753,74.4211,12.8426,37.0032,13.1659,26.3317,52.6635,71.0957,102.6937,147.4577,26.3317,0.0,3.9,5.6,1.402681,30,147,41,3,0.00098153,-0.00118015,0.01250000,0E-8,0.000000,0.907845,0.000000,-0.01369359,2026-03-23,2026-08-06,19,533,225,137,0.138686,0.347066,0.347707,0.003272,,,,,,,,GLOBAL_BASELINE_NO_ENTITY_RANKING,,,NOT_APPLICABLE_GLOBAL_BASELINE,HF9g-P5,,,,X 全窗基线 · 不参与实体赏罚,3925458,393,A168_HF9F_20260827_0900,2026-08-27 09:00:00
2026-03-25,123633016,2121,0,26.3317270980,-26.3317270980,-26.3317270980,0E-7,1,1,0.49324550000000000,0.493245500000,-0.9865810262130424,-0.9865810262130424,-0.9865810262130424,0E-17,ELIGIBLE,R03b_20260811_FULL_v1,L1_ELIGIBILITY,v2026-08-11,2026-03-21..2026-08-06,baccarat_bet02_101_all_pairs_incl_sentinel,round_win = game_pnl > 0 (decisive only),COMPATIBILITY_ONLY_NOT_PRODUCTION,52336.9300,47513.8143,-61.7654,1417,1414,0.00118015,-0.01250000,0.00119359,0.00118015,61.7654,52336.9300,OK,0.0000,-2.4706,4.0000,96.0000,AG03-UNRESOLVED,ALL5_LEVELS_bet23_to_bet27,-2.4706,-2.4706,-2.4706,-2.4706,-2.4706,4.000000,4.000000,4.000000,4.000000,4.000000,96.000000,96.000000,96.000000,96.000000,96.000000,5.0,-12.3531,-11.4036,-49.4123,-50.3618,PENDING_AG03,FALSE,NOT_FOR_ENFORCEMENT,-59.2948,45613.2617,-61.7654,-59.2948,-2.4706,-0.00118015,-0.00113294,-2.4706,-59.2948,-0.00113294,-2.4706,-2.4706,-2.4706,-2.4706,-2.4706,-59.2948,-0.00113294,-12.3531,-11.4036,-49.4123,-50.3618,-0.00094412,-0.00096226,-0.00004721,36.9350,33.6024,-0.0437,-3.2508,-0.1159,2754.5753,74.4211,12.8426,37.0032,13.1659,26.3317,52.6635,71.0957,102.6937,147.4577,26.3317,0.0,3.9,5.6,1.402681,30,147,41,3,0.00098153,-0.00118015,0.01250000,0E-8,0.000000,0.907845,0.000000,-0.01369359,2026-03-23,2026-08-06,19,533,225,137,0.138686,0.347066,0.347707,0.003272,,,,,,,,GLOBAL_BASELINE_NO_ENTITY_RANKING,,,NOT_APPLICABLE_GLOBAL_BASELINE,HF9g-P5,,,,X 全窗基线 · 不参与实体赏罚,3925459,393,A168_HF9F_20260827_0900,2026-08-27 09:00:00
2026-03-25,123633016,2123,0,429.2071516971,48.9770124022,48.9770124022,0.5000000,7,7,0.50473567142857143,0.504735671429,-0.023200997840541474,-0.023200997842641315,-0.023200997840541474,-4.2857E-13,ELIGIBLE,R03b_20260811_FULL_v1,L1_ELIGIBILITY,v2026-08-11,2026-03-21..2026-08-06,baccarat_bet02_101_all_pairs_incl_sentinel,round_win = game_pnl > 0 (decisive only),COMPATIBILITY_ONLY_NOT_PRODUCTION,52336.9300,47513.8143,-61.7654,1417,1414,0.00118015,-0.01250000,0.00119359,0.00118015,61.7654,52336.9300,OK,0.0000,-2.4706,4.0000,96.0000,AG03-UNRESOLVED,ALL5_LEVELS_bet23_to_bet27,-2.4706,-2.4706,-2.4706,-2.4706,-2.4706,4.000000,4.000000,4.000000,4.000000,4.000000,96.000000,96.000000,96.000000,96.000000,96.000000,5.0,-12.3531,-11.4036,-49.4123,-50.3618,PENDING_AG03,FALSE,NOT_FOR_ENFORCEMENT,-59.2948,45613.2617,-61.7654,-59.2948,-2.4706,-0.00118015,-0.00113294,-2.4706,-59.2948,-0.00113294,-2.4706,-2.4706,-2.4706,-2.4706,-2.4706,-59.2948,-0.00113294,-12.3531,-11.4036,-49.4123,-50.3618,-0.00094412,-0.00096226,-0.00004721,36.9350,33.6024,-0.0437,-3.2508,-0.1159,2754.5753,74.4211,12.8426,37.0032,13.1659,26.3317,52.6635,71.0957,102.6937,147.4577,26.3317,0.0,3.9,5.6,1.402681,30,147,41,3,0.00098153,-0.00118015,0.01250000,0E-8,0.000000,0.907845,0.000000,-0.01369359,2026-03-23,2026-08-06,19,533,225,137,0.138686,0.347066,0.347707,0.003272,,,,,,,,GLOBAL_BASELINE_NO_ENTITY_RANKING,,,NOT_APPLICABLE_GLOBAL_BASELINE,HF9g-P5,,,,X 全窗基线 · 不参与实体赏罚,3925460,393,A168_HF9F_20260827_0900,2026-08-27 09:00:00
2026-03-25,123633016,2129,0,168.5230534272,0E-10,0E-10,0.5000000,3,3,0.50665070000000000,0.506650700000,-0.018812684590367487,-0.018812684590367487,-0.018812684590367487,0E-17,ELIGIBLE,R03b_20260811_FULL_v1,L1_ELIGIBILITY,v2026-08-11,2026-03-21..2026-08-06,baccarat_bet02_101_all_pairs_incl_sentinel,round_win = game_pnl > 0 (decisive only),COMPATIBILITY_ONLY_NOT_PRODUCTION,52336.9300,47513.8143,-61.7654,1417,1414,0.00118015,-0.01250000,0.00119359,0.00118015,61.7654,52336.9300,OK,0.0000,-2.4706,4.0000,96.0000,AG03-UNRESOLVED,ALL5_LEVELS_bet23_to_bet27,-2.4706,-2.4706,-2.4706,-2.4706,-2.4706,4.000000,4.000000,4.000000,4.000000,4.000000,96.000000,96.000000,96.000000,96.000000,96.000000,5.0,-12.3531,-11.4036,-49.4123,-50.3618,PENDING_AG03,FALSE,NOT_FOR_ENFORCEMENT,-59.2948,45613.2617,-61.7654,-59.2948,-2.4706,-0.00118015,-0.00113294,-2.4706,-59.2948,-0.00113294,-2.4706,-2.4706,-2.4706,-2.4706,-2.4706,-59.2948,-0.00113294,-12.3531,-11.4036,-49.4123,-50.3618,-0.00094412,-0.00096226,-0.00004721,36.9350,33.6024,-0.0437,-3.2508,-0.1159,2754.5753,74.4211,12.8426,37.0032,13.1659,26.3317,52.6635,71.0957,102.6937,147.4577,26.3317,0.0,3.9,5.6,1.402681,30,147,41,3,0.00098153,-0.00118015,0.01250000,0E-8,0.000000,0.907845,0.000000,-0.01369359,2026-03-23,2026-08-06,19,533,225,137,0.138686,0.347066,0.347707,0.003272,,,,,,,,GLOBAL_BASELINE_NO_ENTITY_RANKING,,,NOT_APPLICABLE_GLOBAL_BASELINE,HF9g-P5,,,,X 全窗基线 · 不参与实体赏罚,3925461,393,A168_HF9F_20260827_0900,2026-08-27 09:00:00
2026-03-25,123633016,2130,0,358.1114885326,106.6434947469,106.6434947469,0.6000000,5,5,0.50128862000000000,0.501288620000,0.4414521777673877,0.4414521777673877,0.4414521777673877,0E-17,ELIGIBLE,R03b_20260811_FULL_v1,L1_ELIGIBILITY,v2026-08-11,2026-03-21..2026-08-06,baccarat_bet02_101_all_pairs_incl_sentinel,round_win = game_pnl > 0 (decisive only),COMPATIBILITY_ONLY_NOT_PRODUCTION,52336.9300,47513.8143,-61.7654,1417,1414,0.00118015,-0.01250000,0.00119359,0.00118015,61.7654,52336.9300,OK,0.0000,-2.4706,4.0000,96.0000,AG03-UNRESOLVED,ALL5_LEVELS_bet23_to_bet27,-2.4706,-2.4706,-2.4706,-2.4706,-2.4706,4.000000,4.000000,4.000000,4.000000,4.000000,96.000000,96.000000,96.000000,96.000000,96.000000,5.0,-12.3531,-11.4036,-49.4123,-50.3618,PENDING_AG03,FALSE,NOT_FOR_ENFORCEMENT,-59.2948,45613.2617,-61.7654,-59.2948,-2.4706,-0.00118015,-0.00113294,-2.4706,-59.2948,-0.00113294,-2.4706,-2.4706,-2.4706,-2.4706,-2.4706,-59.2948,-0.00113294,-12.3531,-11.4036,-49.4123,-50.3618,-0.00094412,-0.00096226,-0.00004721,36.9350,33.6024,-0.0437,-3.2508,-0.1159,2754.5753,74.4211,12.8426,37.0032,13.1659,26.3317,52.6635,71.0957,102.6937,147.4577,26.3317,0.0,3.9,5.6,1.402681,30,147,41,3,0.00098153,-0.00118015,0.01250000,0E-8,0.000000,0.907845,0.000000,-0.01369359,2026-03-23,2026-08-06,19,533,225,137,0.138686,0.347066,0.347707,0.003272,,,,,,,,GLOBAL_BASELINE_NO_ENTITY_RANKING,,,NOT_APPLICABLE_GLOBAL_BASELINE,HF9g-P5,,,,X 全窗基线 · 不参与实体赏罚,3925462,393,A168_HF9F_20260827_0900,2026-08-27 09:00:00
2026-03-25,123633016,2147,0,315.9807251758,52.6634541960,52.6634541960,0.6666667,3,3,0.49324550000000000,0.493245500000,0.6008033672792107,0.6008033672792106,0.6008033672792107,0E-17,ELIGIBLE,R03b_20260811_FULL_v1,L1_ELIGIBILITY,v2026-08-11,2026-03-21..2026-08-06,baccarat_bet02_101_all_pairs_incl_sentinel,round_win = game_pnl > 0 (decisive only),COMPATIBILITY_ONLY_NOT_PRODUCTION,52336.9300,47513.8143,-61.7654,1417,1414,0.00118015,-0.01250000,0.00119359,0.00118015,61.7654,52336.9300,OK,0.0000,-2.4706,4.0000,96.0000,AG03-UNRESOLVED,ALL5_LEVELS_bet23_to_bet27,-2.4706,-2.4706,-2.4706,-2.4706,-2.4706,4.000000,4.000000,4.000000,4.000000,4.000000,96.000000,96.000000,96.000000,96.000000,96.000000,5.0,-12.3531,-11.4036,-49.4123,-50.3618,PENDING_AG03,FALSE,NOT_FOR_ENFORCEMENT,-59.2948,45613.2617,-61.7654,-59.2948,-2.4706,-0.00118015,-0.00113294,-2.4706,-59.2948,-0.00113294,-2.4706,-2.4706,-2.4706,-2.4706,-2.4706,-59.2948,-0.00113294,-12.3531,-11.4036,-49.4123,-50.3618,-0.00094412,-0.00096226,-0.00004721,36.9350,33.6024,-0.0437,-3.2508,-0.1159,2754.5753,74.4211,12.8426,37.0032,13.1659,26.3317,52.6635,71.0957,102.6937,147.4577,26.3317,0.0,3.9,5.6,1.402681,30,147,41,3,0.00098153,-0.00118015,0.01250000,0E-8,0.000000,0.907845,0.000000,-0.01369359,2026-03-23,2026-08-06,19,533,225,137,0.138686,0.347066,0.347707,0.003272,,,,,,,,GLOBAL_BASELINE_NO_ENTITY_RANKING,,,NOT_APPLICABLE_GLOBAL_BASELINE,HF9g-P5,,,,X 全窗基线 · 不参与实体赏罚,3925463,393,A168_HF9F_20260827_0900,2026-08-27 09:00:00
2026-03-25,123633016,2152,0,1137.5306106332,576.4015061749,576.4015061749,0.7368421,22,22,0.49994810000000000,0.499948100000,2.0651940696710502,2.0651940696710507,2.0651940696710502,0E-17,ELIGIBLE,R03b_20260811_FULL_v1,L1_ELIGIBILITY,v2026-08-11,2026-03-21..2026-08-06,baccarat_bet02_101_all_pairs_incl_sentinel,round_win = game_pnl > 0 (decisive only),COMPATIBILITY_ONLY_NOT_PRODUCTION,52336.9300,47513.8143,-61.7654,1417,1414,0.00118015,-0.01250000,0.00119359,0.00118015,61.7654,52336.9300,OK,0.0000,-2.4706,4.0000,96.0000,AG03-UNRESOLVED,ALL5_LEVELS_bet23_to_bet27,-2.4706,-2.4706,-2.4706,-2.4706,-2.4706,4.000000,4.000000,4.000000,4.000000,4.000000,96.000000,96.000000,96.000000,96.000000,96.000000,5.0,-12.3531,-11.4036,-49.4123,-50.3618,PENDING_AG03,FALSE,NOT_FOR_ENFORCEMENT,-59.2948,45613.2617,-61.7654,-59.2948,-2.4706,-0.00118015,-0.00113294,-2.4706,-59.2948,-0.00113294,-2.4706,-2.4706,-2.4706,-2.4706,-2.4706,-59.2948,-0.00113294,-12.3531,-11.4036,-49.4123,-50.3618,-0.00094412,-0.00096226,-0.00004721,36.9350,33.6024,-0.0437,-3.2508,-0.1159,2754.5753,74.4211,12.8426,37.0032,13.1659,26.3317,52.6635,71.0957,102.6937,147.4577,26.3317,0.0,3.9,5.6,1.402681,30,147,41,3,0.00098153,-0.00118015,0.01250000,0E-8,0.000000,0.907845,0.000000,-0.01369359,2026-03-23,2026-08-06,19,533,225,137,0.138686,0.347066,0.347707,0.003272,,,,,,,,GLOBAL_BASELINE_NO_ENTITY_RANKING,,,NOT_APPLICABLE_GLOBAL_BASELINE,HF9g-P5,,,,X 全窗基线 · 不参与实体赏罚,3925464,393,A168_HF9F_20260827_0900,2026-08-27 09:00:00
2026-03-25,123633016,2153,0,366.0110066622,104.0103220371,104.0103220371,0.7142857,8,8,0.49827245000000000,0.498272450000,1.14304157705577,1.14304157705577,1.14304157705577,0E-17,ELIGIBLE,R03b_20260811_FULL_v1,L1_ELIGIBILITY,v2026-08-11,2026-03-21..2026-08-06,baccarat_bet02_101_all_pairs_incl_sentinel,round_win = game_pnl > 0 (decisive only),COMPATIBILITY_ONLY_NOT_PRODUCTION,52336.9300,47513.8143,-61.7654,1417,1414,0.00118015,-0.01250000,0.00119359,0.00118015,61.7654,52336.9300,OK,0.0000,-2.4706,4.0000,96.0000,AG03-UNRESOLVED,ALL5_LEVELS_bet23_to_bet27,-2.4706,-2.4706,-2.4706,-2.4706,-2.4706,4.000000,4.000000,4.000000,4.000000,4.000000,96.000000,96.000000,96.000000,96.000000,96.000000,5.0,-12.3531,-11.4036,-49.4123,-50.3618,PENDING_AG03,FALSE,NOT_FOR_ENFORCEMENT,-59.2948,45613.2617,-61.7654,-59.2948,-2.4706,-0.00118015,-0.00113294,-2.4706,-59.2948,-0.00113294,-2.4706,-2.4706,-2.4706,-2.4706,-2.4706,-59.2948,-0.00113294,-12.3531,-11.4036,-49.4123,-50.3618,-0.00094412,-0.00096226,-0.00004721,36.9350,33.6024,-0.0437,-3.2508,-0.1159,2754.5753,74.4211,12.8426,37.0032,13.1659,26.3317,52.6635,71.0957,102.6937,147.4577,26.3317,0.0,3.9,5.6,1.402681,30,147,41,3,0.00098153,-0.00118015,0.01250000,0E-8,0.000000,0.907845,0.000000,-0.01369359,2026-03-23,2026-08-06,19,533,225,137,0.138686,0.347066,0.347707,0.003272,,,,,,,,GLOBAL_BASELINE_NO_ENTITY_RANKING,,,NOT_APPLICABLE_GLOBAL_BASELINE,HF9g-P5,,,,X 全窗基线 · 不参与实体赏罚,3925465,393,A168_HF9F_20260827_0900,2026-08-27 09:00:00
2026-03-25,123633016,2155,0,210.6538167840,-52.6634541960,-52.6634541960,0.3333333,6,6,0.49994810000000000,0.499948100000,-0.8162423282897021,-0.8162423282897021,-0.8162423282897021,0E-17,ELIGIBLE,R03b_20260811_FULL_v1,L1_ELIGIBILITY,v2026-08-11,2026-03-21..2026-08-06,baccarat_bet02_101_all_pairs_incl_sentinel,round_win = game_pnl > 0 (decisive only),COMPATIBILITY_ONLY_NOT_PRODUCTION,52336.9300,47513.8143,-61.7654,1417,1414,0.00118015,-0.01250000,0.00119359,0.00118015,61.7654,52336.9300,OK,0.0000,-2.4706,4.0000,96.0000,AG03-UNRESOLVED,ALL5_LEVELS_bet23_to_bet27,-2.4706,-2.4706,-2.4706,-2.4706,-2.4706,4.000000,4.000000,4.000000,4.000000,4.000000,96.000000,96.000000,96.000000,96.000000,96.000000,5.0,-12.3531,-11.4036,-49.4123,-50.3618,PENDING_AG03,FALSE,NOT_FOR_ENFORCEMENT,-59.2948,45613.2617,-61.7654,-59.2948,-2.4706,-0.00118015,-0.00113294,-2.4706,-59.2948,-0.00113294,-2.4706,-2.4706,-2.4706,-2.4706,-2.4706,-59.2948,-0.00113294,-12.3531,-11.4036,-49.4123,-50.3618,-0.00094412,-0.00096226,-0.00004721,36.9350,33.6024,-0.0437,-3.2508,-0.1159,2754.5753,74.4211,12.8426,37.0032,13.1659,26.3317,52.6635,71.0957,102.6937,147.4577,26.3317,0.0,3.9,5.6,1.402681,30,147,41,3,0.00098153,-0.00118015,0.01250000,0E-8,0.000000,0.907845,0.000000,-0.01369359,2026-03-23,2026-08-06,19,533,225,137,0.138686,0.347066,0.347707,0.003272,,,,,,,,GLOBAL_BASELINE_NO_ENTITY_RANKING,,,NOT_APPLICABLE_GLOBAL_BASELINE,HF9g-P5,,,,X 全窗基线 · 不参与实体赏罚,3925466,393,A168_HF9F_20260827_0900,2026-08-27 09:00:00
2026-03-25,123633016,2156,0,52.6634541960,-26.3317270980,-26.3317270980,0E-7,2,2,0.50665070000000000,0.506650700000,-1.013391052207602,-1.013391052207602,-1.013391052207602,0E-17,ELIGIBLE,R03b_20260811_FULL_v1,L1_ELIGIBILITY,v2026-08-11,2026-03-21..2026-08-06,baccarat_bet02_101_all_pairs_incl_sentinel,round_win = game_pnl > 0 (decisive only),COMPATIBILITY_ONLY_NOT_PRODUCTION,52336.9300,47513.8143,-61.7654,1417,1414,0.00118015,-0.01250000,0.00119359,0.00118015,61.7654,52336.9300,OK,0.0000,-2.4706,4.0000,96.0000,AG03-UNRESOLVED,ALL5_LEVELS_bet23_to_bet27,-2.4706,-2.4706,-2.4706,-2.4706,-2.4706,4.000000,4.000000,4.000000,4.000000,4.000000,96.000000,96.000000,96.000000,96.000000,96.000000,5.0,-12.3531,-11.4036,-49.4123,-50.3618,PENDING_AG03,FALSE,NOT_FOR_ENFORCEMENT,-59.2948,45613.2617,-61.7654,-59.2948,-2.4706,-0.00118015,-0.00113294,-2.4706,-59.2948,-0.00113294,-2.4706,-2.4706,-2.4706,-2.4706,-2.4706,-59.2948,-0.00113294,-12.3531,-11.4036,-49.4123,-50.3618,-0.00094412,-0.00096226,-0.00004721,36.9350,33.6024,-0.0437,-3.2508,-0.1159,2754.5753,74.4211,12.8426,37.0032,13.1659,26.3317,52.6635,71.0957,102.6937,147.4577,26.3317,0.0,3.9,5.6,1.402681,30,147,41,3,0.00098153,-0.00118015,0.01250000,0E-8,0.000000,0.907845,0.000000,-0.01369359,2026-03-23,2026-08-06,19,533,225,137,0.138686,0.347066,0.347707,0.003272,,,,,,,,GLOBAL_BASELINE_NO_ENTITY_RANKING,,,NOT_APPLICABLE_GLOBAL_BASELINE,HF9g-P5,,,,X 全窗基线 · 不参与实体赏罚,3925467,393,A168_HF9F_20260827_0900,2026-08-27 09:00:00
2026-03-25,123633016,2160,0,713.5898043558,67.2775627353,67.2775627353,0.6000000,16,16,0.50162375000000000,0.501623750000,0.7620231740811003,0.7620231740811003,0.7620231740811003,0E-17,ELIGIBLE,R03b_20260811_FULL_v1,L1_ELIGIBILITY,v2026-08-11,2026-03-21..2026-08-06,baccarat_bet02_101_all_pairs_incl_sentinel,round_win = game_pnl > 0 (decisive only),COMPATIBILITY_ONLY_NOT_PRODUCTION,52336.9300,47513.8143,-61.7654,1417,1414,0.00118015,-0.01250000,0.00119359,0.00118015,61.7654,52336.9300,OK,0.0000,-2.4706,4.0000,96.0000,AG03-UNRESOLVED,ALL5_LEVELS_bet23_to_bet27,-2.4706,-2.4706,-2.4706,-2.4706,-2.4706,4.000000,4.000000,4.000000,4.000000,4.000000,96.000000,96.000000,96.000000,96.000000,96.000000,5.0,-12.3531,-11.4036,-49.4123,-50.3618,PENDING_AG03,FALSE,NOT_FOR_ENFORCEMENT,-59.2948,45613.2617,-61.7654,-59.2948,-2.4706,-0.00118015,-0.00113294,-2.4706,-59.2948,-0.00113294,-2.4706,-2.4706,-2.4706,-2.4706,-2.4706,-59.2948,-0.00113294,-12.3531,-11.4036,-49.4123,-50.3618,-0.00094412,-0.00096226,-0.00004721,36.9350,33.6024,-0.0437,-3.2508,-0.1159,2754.5753,74.4211,12.8426,37.0032,13.1659,26.3317,52.6635,71.0957,102.6937,147.4577,26.3317,0.0,3.9,5.6,1.402681,30,147,41,3,0.00098153,-0.00118015,0.01250000,0E-8,0.000000,0.907845,0.000000,-0.01369359,2026-03-23,2026-08-06,19,533,225,137,0.138686,0.347066,0.347707,0.003272,,,,,,,,GLOBAL_BASELINE_NO_ENTITY_RANKING,,,NOT_APPLICABLE_GLOBAL_BASELINE,HF9g-P5,,,,X 全窗基线 · 不参与实体赏罚,3925468,393,A168_HF9F_20260827_0900,2026-08-27 09:00:00
2026-03-25,123633016,2167,0,78.9951812940,52.6634541960,52.6634541960,1.0000000,3,3,0.49324550000000000,0.493245500000,1.4334489766152358,1.4334489766152358,1.4334489766152358,0E-17,ELIGIBLE,R03b_20260811_FULL_v1,L1_ELIGIBILITY,v2026-08-11,2026-03-21..2026-08-06,baccarat_bet02_101_all_pairs_incl_sentinel,round_win = game_pnl > 0 (decisive only),COMPATIBILITY_ONLY_NOT_PRODUCTION,52336.9300,47513.8143,-61.7654,1417,1414,0.00118015,-0.01250000,0.00119359,0.00118015,61.7654,52336.9300,OK,0.0000,-2.4706,4.0000,96.0000,AG03-UNRESOLVED,ALL5_LEVELS_bet23_to_bet27,-2.4706,-2.4706,-2.4706,-2.4706,-2.4706,4.000000,4.000000,4.000000,4.000000,4.000000,96.000000,96.000000,96.000000,96.000000,96.000000,5.0,-12.3531,-11.4036,-49.4123,-50.3618,PENDING_AG03,FALSE,NOT_FOR_ENFORCEMENT,-59.2948,45613.2617,-61.7654,-59.2948,-2.4706,-0.00118015,-0.00113294,-2.4706,-59.2948,-0.00113294,-2.4706,-2.4706,-2.4706,-2.4706,-2.4706,-59.2948,-0.00113294,-12.3531,-11.4036,-49.4123,-50.3618,-0.00094412,-0.00096226,-0.00004721,36.9350,33.6024,-0.0437,-3.2508,-0.1159,2754.5753,74.4211,12.8426,37.0032,13.1659,26.3317,52.6635,71.0957,102.6937,147.4577,26.3317,0.0,3.9,5.6,1.402681,30,147,41,3,0.00098153,-0.00118015,0.01250000,0E-8,0.000000,0.907845,0.000000,-0.01369359,2026-03-23,2026-08-06,19,533,225,137,0.138686,0.347066,0.347707,0.003272,,,,,,,,GLOBAL_BASELINE_NO_ENTITY_RANKING,,,NOT_APPLICABLE_GLOBAL_BASELINE,HF9g-P5,,,,X 全窗基线 · 不参与实体赏罚,3925469,393,A168_HF9F_20260827_0900,2026-08-27 09:00:00
2026-03-25,123633016,2175,0,13.1658635490,-13.1658635490,-13.1658635490,0E-7,1,1,0.49324550000000000,0.493245500000,-0.9865810262130424,-0.9865810262130424,-0.9865810262130424,0E-17,ELIGIBLE,R03b_20260811_FULL_v1,L1_ELIGIBILITY,v2026-08-11,2026-03-21..2026-08-06,baccarat_bet02_101_all_pairs_incl_sentinel,round_win = game_pnl > 0 (decisive only),COMPATIBILITY_ONLY_NOT_PRODUCTION,52336.9300,47513.8143,-61.7654,1417,1414,0.00118015,-0.01250000,0.00119359,0.00118015,61.7654,52336.9300,OK,0.0000,-2.4706,4.0000,96.0000,AG03-UNRESOLVED,ALL5_LEVELS_bet23_to_bet27,-2.4706,-2.4706,-2.4706,-2.4706,-2.4706,4.000000,4.000000,4.000000,4.000000,4.000000,96.000000,96.000000,96.000000,96.000000,96.000000,5.0,-12.3531,-11.4036,-49.4123,-50.3618,PENDING_AG03,FALSE,NOT_FOR_ENFORCEMENT,-59.2948,45613.2617,-61.7654,-59.2948,-2.4706,-0.00118015,-0.00113294,-2.4706,-59.2948,-0.00113294,-2.4706,-2.4706,-2.4706,-2.4706,-2.4706,-59.2948,-0.00113294,-12.3531,-11.4036,-49.4123,-50.3618,-0.00094412,-0.00096226,-0.00004721,36.9350,33.6024,-0.0437,-3.2508,-0.1159,2754.5753,74.4211,12.8426,37.0032,13.1659,26.3317,52.6635,71.0957,102.6937,147.4577,26.3317,0.0,3.9,5.6,1.402681,30,147,41,3,0.00098153,-0.00118015,0.01250000,0E-8,0.000000,0.907845,0.000000,-0.01369359,2026-03-23,2026-08-06,19,533,225,137,0.138686,0.347066,0.347707,0.003272,,,,,,,,GLOBAL_BASELINE_NO_ENTITY_RANKING,,,NOT_APPLICABLE_GLOBAL_BASELINE,HF9g-P5,,,,X 全窗基线 · 不参与实体赏罚,3925470,393,A168_HF9F_20260827_0900,2026-08-27 09:00:00
2026-03-25,123633016,2188,0,131.6586354900,-26.3317270980,-26.3317270980,0.4000000,5,5,0.49592654000000000,0.495926540000,-0.42901076602576227,-0.42901076602576227,-0.42901076602576227,0E-17,ELIGIBLE,R03b_20260811_FULL_v1,L1_ELIGIBILITY,v2026-08-11,2026-03-21..2026-08-06,baccarat_bet02_101_all_pairs_incl_sentinel,round_win = game_pnl > 0 (decisive only),COMPATIBILITY_ONLY_NOT_PRODUCTION,52336.9300,47513.8143,-61.7654,1417,1414,0.00118015,-0.01250000,0.00119359,0.00118015,61.7654,52336.9300,OK,0.0000,-2.4706,4.0000,96.0000,AG03-UNRESOLVED,ALL5_LEVELS_bet23_to_bet27,-2.4706,-2.4706,-2.4706,-2.4706,-2.4706,4.000000,4.000000,4.000000,4.000000,4.000000,96.000000,96.000000,96.000000,96.000000,96.000000,5.0,-12.3531,-11.4036,-49.4123,-50.3618,PENDING_AG03,FALSE,NOT_FOR_ENFORCEMENT,-59.2948,45613.2617,-61.7654,-59.2948,-2.4706,-0.00118015,-0.00113294,-2.4706,-59.2948,-0.00113294,-2.4706,-2.4706,-2.4706,-2.4706,-2.4706,-59.2948,-0.00113294,-12.3531,-11.4036,-49.4123,-50.3618,-0.00094412,-0.00096226,-0.00004721,36.9350,33.6024,-0.0437,-3.2508,-0.1159,2754.5753,74.4211,12.8426,37.0032,13.1659,26.3317,52.6635,71.0957,102.6937,147.4577,26.3317,0.0,3.9,5.6,1.402681,30,147,41,3,0.00098153,-0.00118015,0.01250000,0E-8,0.000000,0.907845,0.000000,-0.01369359,2026-03-23,2026-08-06,19,533,225,137,0.138686,0.347066,0.347707,0.003272,,,,,,,,GLOBAL_BASELINE_NO_ENTITY_RANKING,,,NOT_APPLICABLE_GLOBAL_BASELINE,HF9g-P5,,,,X 全窗基线 · 不参与实体赏罚,3925471,393,A168_HF9F_20260827_0900,2026-08-27 09:00:00
2026-03-25,123633016,2196,0,26.3317270980,-26.3317270980,-26.3317270980,0E-7,1,1,0.50665070000000000,0.506650700000,-1.013391052207602,-1.013391052207602,-1.013391052207602,0E-17,ELIGIBLE,R03b_20260811_FULL_v1,L1_ELIGIBILITY,v2026-08-11,2026-03-21..2026-08-06,baccarat_bet02_101_all_pairs_incl_sentinel,round_win = game_pnl > 0 (decisive only),COMPATIBILITY_ONLY_NOT_PRODUCTION,52336.9300,47513.8143,-61.7654,1417,1414,0.00118015,-0.01250000,0.00119359,0.00118015,61.7654,52336.9300,OK,0.0000,-2.4706,4.0000,96.0000,AG03-UNRESOLVED,ALL5_LEVELS_bet23_to_bet27,-2.4706,-2.4706,-2.4706,-2.4706,-2.4706,4.000000,4.000000,4.000000,4.000000,4.000000,96.000000,96.000000,96.000000,96.000000,96.000000,5.0,-12.3531,-11.4036,-49.4123,-50.3618,PENDING_AG03,FALSE,NOT_FOR_ENFORCEMENT,-59.2948,45613.2617,-61.7654,-59.2948,-2.4706,-0.00118015,-0.00113294,-2.4706,-59.2948,-0.00113294,-2.4706,-2.4706,-2.4706,-2.4706,-2.4706,-59.2948,-0.00113294,-12.3531,-11.4036,-49.4123,-50.3618,-0.00094412,-0.00096226,-0.00004721,36.9350,33.6024,-0.0437,-3.2508,-0.1159,2754.5753,74.4211,12.8426,37.0032,13.1659,26.3317,52.6635,71.0957,102.6937,147.4577,26.3317,0.0,3.9,5.6,1.402681,30,147,41,3,0.00098153,-0.00118015,0.01250000,0E-8,0.000000,0.907845,0.000000,-0.01369359,2026-03-23,2026-08-06,19,533,225,137,0.138686,0.347066,0.347707,0.003272,,,,,,,,GLOBAL_BASELINE_NO_ENTITY_RANKING,,,NOT_APPLICABLE_GLOBAL_BASELINE,HF9g-P5,,,,X 全窗基线 · 不参与实体赏罚,3925472,393,A168_HF9F_20260827_0900,2026-08-27 09:00:00
2026-03-25,123633016,2201,0,26.3317270980,25.0151407431,25.0151407431,1.0000000,1,1,0.50665070000000000,0.506650700000,0.9867858985152569,0.9867858985152569,0.9867858985152569,0E-17,ELIGIBLE,R03b_20260811_FULL_v1,L1_ELIGIBILITY,v2026-08-11,2026-03-21..2026-08-06,baccarat_bet02_101_all_pairs_incl_sentinel,round_win = game_pnl > 0 (decisive only),COMPATIBILITY_ONLY_NOT_PRODUCTION,52336.9300,47513.8143,-61.7654,1417,1414,0.00118015,-0.01250000,0.00119359,0.00118015,61.7654,52336.9300,OK,0.0000,-2.4706,4.0000,96.0000,AG03-UNRESOLVED,ALL5_LEVELS_bet23_to_bet27,-2.4706,-2.4706,-2.4706,-2.4706,-2.4706,4.000000,4.000000,4.000000,4.000000,4.000000,96.000000,96.000000,96.000000,96.000000,96.000000,5.0,-12.3531,-11.4036,-49.4123,-50.3618,PENDING_AG03,FALSE,NOT_FOR_ENFORCEMENT,-59.2948,45613.2617,-61.7654,-59.2948,-2.4706,-0.00118015,-0.00113294,-2.4706,-59.2948,-0.00113294,-2.4706,-2.4706,-2.4706,-2.4706,-2.4706,-59.2948,-0.00113294,-12.3531,-11.4036,-49.4123,-50.3618,-0.00094412,-0.00096226,-0.00004721,36.9350,33.6024,-0.0437,-3.2508,-0.1159,2754.5753,74.4211,12.8426,37.0032,13.1659,26.3317,52.6635,71.0957,102.6937,147.4577,26.3317,0.0,3.9,5.6,1.402681,30,147,41,3,0.00098153,-0.00118015,0.01250000,0E-8,0.000000,0.907845,0.000000,-0.01369359,2026-03-23,2026-08-06,19,533,225,137,0.138686,0.347066,0.347707,0.003272,,,,,,,,GLOBAL_BASELINE_NO_ENTITY_RANKING,,,NOT_APPLICABLE_GLOBAL_BASELINE,HF9g-P5,,,,X 全窗基线 · 不参与实体赏罚,3925473,393,A168_HF9F_20260827_0900,2026-08-27 09:00:00
2026-03-25,123633016,2202,0,78.9951812940,-26.3317270980,-26.3317270980,0.3333333,6,6,0.49547970000000000,0.495479700000,-0.7943841881047936,-0.7943841881047936,-0.7943841881047936,0E-17,ELIGIBLE,R03b_20260811_FULL_v1,L1_ELIGIBILITY,v2026-08-11,2026-03-21..2026-08-06,baccarat_bet02_101_all_pairs_incl_sentinel,round_win = game_pnl > 0 (decisive only),COMPATIBILITY_ONLY_NOT_PRODUCTION,52336.9300,47513.8143,-61.7654,1417,1414,0.00118015,-0.01250000,0.00119359,0.00118015,61.7654,52336.9300,OK,0.0000,-2.4706,4.0000,96.0000,AG03-UNRESOLVED,ALL5_LEVELS_bet23_to_bet27,-2.4706,-2.4706,-2.4706,-2.4706,-2.4706,4.000000,4.000000,4.000000,4.000000,4.000000,96.000000,96.000000,96.000000,96.000000,96.000000,5.0,-12.3531,-11.4036,-49.4123,-50.3618,PENDING_AG03,FALSE,NOT_FOR_ENFORCEMENT,-59.2948,45613.2617,-61.7654,-59.2948,-2.4706,-0.00118015,-0.00113294,-2.4706,-59.2948,-0.00113294,-2.4706,-2.4706,-2.4706,-2.4706,-2.4706,-59.2948,-0.00113294,-12.3531,-11.4036,-49.4123,-50.3618,-0.00094412,-0.00096226,-0.00004721,36.9350,33.6024,-0.0437,-3.2508,-0.1159,2754.5753,74.4211,12.8426,37.0032,13.1659,26.3317,52.6635,71.0957,102.6937,147.4577,26.3317,0.0,3.9,5.6,1.402681,30,147,41,3,0.00098153,-0.00118015,0.01250000,0E-8,0.000000,0.907845,0.000000,-0.01369359,2026-03-23,2026-08-06,19,533,225,137,0.138686,0.347066,0.347707,0.003272,,,,,,,,GLOBAL_BASELINE_NO_ENTITY_RANKING,,,NOT_APPLICABLE_GLOBAL_BASELINE,HF9g-P5,,,,X 全窗基线 · 不参与实体赏罚,3925474,393,A168_HF9F_20260827_0900,2026-08-27 09:00:00
2026-03-25,123633016,2209,0,105.3269083920,-52.6634541960,-52.6634541960,0.3333333,3,3,0.49324550000000000,0.493245500000,-0.5540025479526107,-0.5540025479526106,-0.5540025479526107,0E-17,ELIGIBLE,R03b_20260811_FULL_v1,L1_ELIGIBILITY,v2026-08-11,2026-03-21..2026-08-06,baccarat_bet02_101_all_pairs_incl_sentinel,round_win = game_pnl > 0 (decisive only),COMPATIBILITY_ONLY_NOT_PRODUCTION,52336.9300,47513.8143,-61.7654,1417,1414,0.00118015,-0.01250000,0.00119359,0.00118015,61.7654,52336.9300,OK,0.0000,-2.4706,4.0000,96.0000,AG03-UNRESOLVED,ALL5_LEVELS_bet23_to_bet27,-2.4706,-2.4706,-2.4706,-2.4706,-2.4706,4.000000,4.000000,4.000000,4.000000,4.000000,96.000000,96.000000,96.000000,96.000000,96.000000,5.0,-12.3531,-11.4036,-49.4123,-50.3618,PENDING_AG03,FALSE,NOT_FOR_ENFORCEMENT,-59.2948,45613.2617,-61.7654,-59.2948,-2.4706,-0.00118015,-0.00113294,-2.4706,-59.2948,-0.00113294,-2.4706,-2.4706,-2.4706,-2.4706,-2.4706,-59.2948,-0.00113294,-12.3531,-11.4036,-49.4123,-50.3618,-0.00094412,-0.00096226,-0.00004721,36.9350,33.6024,-0.0437,-3.2508,-0.1159,2754.5753,74.4211,12.8426,37.0032,13.1659,26.3317,52.6635,71.0957,102.6937,147.4577,26.3317,0.0,3.9,5.6,1.402681,30,147,41,3,0.00098153,-0.00118015,0.01250000,0E-8,0.000000,0.907845,0.000000,-0.01369359,2026-03-23,2026-08-06,19,533,225,137,0.138686,0.347066,0.347707,0.003272,,,,,,,,GLOBAL_BASELINE_NO_ENTITY_RANKING,,,NOT_APPLICABLE_GLOBAL_BASELINE,HF9g-P5,,,,X 全窗基线 · 不参与实体赏罚,3925475,393,A168_HF9F_20260827_0900,2026-08-27 09:00:00
2026-03-25,123633016,2212,0,26.3317270980,-26.3317270980,-26.3317270980,0E-7,1,1,0.49324550000000000,0.493245500000,-0.9865810262130424,-0.9865810262130424,-0.9865810262130424,0E-17,ELIGIBLE,R03b_20260811_FULL_v1,L1_ELIGIBILITY,v2026-08-11,2026-03-21..2026-08-06,baccarat_bet02_101_all_pairs_incl_sentinel,round_win = game_pnl > 0 (decisive only),COMPATIBILITY_ONLY_NOT_PRODUCTION,52336.9300,47513.8143,-61.7654,1417,1414,0.00118015,-0.01250000,0.00119359,0.00118015,61.7654,52336.9300,OK,0.0000,-2.4706,4.0000,96.0000,AG03-UNRESOLVED,ALL5_LEVELS_bet23_to_bet27,-2.4706,-2.4706,-2.4706,-2.4706,-2.4706,4.000000,4.000000,4.000000,4.000000,4.000000,96.000000,96.000000,96.000000,96.000000,96.000000,5.0,-12.3531,-11.4036,-49.4123,-50.3618,PENDING_AG03,FALSE,NOT_FOR_ENFORCEMENT,-59.2948,45613.2617,-61.7654,-59.2948,-2.4706,-0.00118015,-0.00113294,-2.4706,-59.2948,-0.00113294,-2.4706,-2.4706,-2.4706,-2.4706,-2.4706,-59.2948,-0.00113294,-12.3531,-11.4036,-49.4123,-50.3618,-0.00094412,-0.00096226,-0.00004721,36.9350,33.6024,-0.0437,-3.2508,-0.1159,2754.5753,74.4211,12.8426,37.0032,13.1659,26.3317,52.6635,71.0957,102.6937,147.4577,26.3317,0.0,3.9,5.6,1.402681,30,147,41,3,0.00098153,-0.00118015,0.01250000,0E-8,0.000000,0.907845,0.000000,-0.01369359,2026-03-23,2026-08-06,19,533,225,137,0.138686,0.347066,0.347707,0.003272,,,,,,,,GLOBAL_BASELINE_NO_ENTITY_RANKING,,,NOT_APPLICABLE_GLOBAL_BASELINE,HF9g-P5,,,,X 全窗基线 · 不参与实体赏罚,3925476,393,A168_HF9F_20260827_0900,2026-08-27 09:00:00
2026-03-25,123633016,2218,0,52.6634541960,-52.6634541960,-52.6634541960,0E-7,2,2,0.49324550000000000,0.493245500000,-1.3952362676504506,-1.3952362676504506,-1.3952362676504506,0E-17,ELIGIBLE,R03b_20260811_FULL_v1,L1_ELIGIBILITY,v2026-08-11,2026-03-21..2026-08-06,baccarat_bet02_101_all_pairs_incl_sentinel,round_win = game_pnl > 0 (decisive only),COMPATIBILITY_ONLY_NOT_PRODUCTION,52336.9300,47513.8143,-61.7654,1417,1414,0.00118015,-0.01250000,0.00119359,0.00118015,61.7654,52336.9300,OK,0.0000,-2.4706,4.0000,96.0000,AG03-UNRESOLVED,ALL5_LEVELS_bet23_to_bet27,-2.4706,-2.4706,-2.4706,-2.4706,-2.4706,4.000000,4.000000,4.000000,4.000000,4.000000,96.000000,96.000000,96.000000,96.000000,96.000000,5.0,-12.3531,-11.4036,-49.4123,-50.3618,PENDING_AG03,FALSE,NOT_FOR_ENFORCEMENT,-59.2948,45613.2617,-61.7654,-59.2948,-2.4706,-0.00118015,-0.00113294,-2.4706,-59.2948,-0.00113294,-2.4706,-2.4706,-2.4706,-2.4706,-2.4706,-59.2948,-0.00113294,-12.3531,-11.4036,-49.4123,-50.3618,-0.00094412,-0.00096226,-0.00004721,36.9350,33.6024,-0.0437,-3.2508,-0.1159,2754.5753,74.4211,12.8426,37.0032,13.1659,26.3317,52.6635,71.0957,102.6937,147.4577,26.3317,0.0,3.9,5.6,1.402681,30,147,41,3,0.00098153,-0.00118015,0.01250000,0E-8,0.000000,0.907845,0.000000,-0.01369359,2026-03-23,2026-08-06,19,533,225,137,0.138686,0.347066,0.347707,0.003272,,,,,,,,GLOBAL_BASELINE_NO_ENTITY_RANKING,,,NOT_APPLICABLE_GLOBAL_BASELINE,HF9g-P5,,,,X 全窗基线 · 不参与实体赏罚,3925477,393,A168_HF9F_20260827_0900,2026-08-27 09:00:00
2026-03-25,123633016,2220,0,131.6586354900,-26.3317270980,-26.3317270980,0.3333333,3,3,0.49771390000000000,0.497713900000,-0.5694369385616226,-0.5694369385616226,-0.5694369385616226,0E-17,ELIGIBLE,R03b_20260811_FULL_v1,L1_ELIGIBILITY,v2026-08-11,2026-03-21..2026-08-06,baccarat_bet02_101_all_pairs_incl_sentinel,round_win = game_pnl > 0 (decisive only),COMPATIBILITY_ONLY_NOT_PRODUCTION,52336.9300,47513.8143,-61.7654,1417,1414,0.00118015,-0.01250000,0.00119359,0.00118015,61.7654,52336.9300,OK,0.0000,-2.4706,4.0000,96.0000,AG03-UNRESOLVED,ALL5_LEVELS_bet23_to_bet27,-2.4706,-2.4706,-2.4706,-2.4706,-2.4706,4.000000,4.000000,4.000000,4.000000,4.000000,96.000000,96.000000,96.000000,96.000000,96.000000,5.0,-12.3531,-11.4036,-49.4123,-50.3618,PENDING_AG03,FALSE,NOT_FOR_ENFORCEMENT,-59.2948,45613.2617,-61.7654,-59.2948,-2.4706,-0.00118015,-0.00113294,-2.4706,-59.2948,-0.00113294,-2.4706,-2.4706,-2.4706,-2.4706,-2.4706,-59.2948,-0.00113294,-12.3531,-11.4036,-49.4123,-50.3618,-0.00094412,-0.00096226,-0.00004721,36.9350,33.6024,-0.0437,-3.2508,-0.1159,2754.5753,74.4211,12.8426,37.0032,13.1659,26.3317,52.6635,71.0957,102.6937,147.4577,26.3317,0.0,3.9,5.6,1.402681,30,147,41,3,0.00098153,-0.00118015,0.01250000,0E-8,0.000000,0.907845,0.000000,-0.01369359,2026-03-23,2026-08-06,19,533,225,137,0.138686,0.347066,0.347707,0.003272,,,,,,,,GLOBAL_BASELINE_NO_ENTITY_RANKING,,,NOT_APPLICABLE_GLOBAL_BASELINE,HF9g-P5,,,,X 全窗基线 · 不参与实体赏罚,3925478,393,A168_HF9F_20260827_0900,2026-08-27 09:00:00
2026-03-25,123633016,2222,0,471.3379150542,422.0975853806,422.0975853806,0.9090909,11,11,0.50665070000000000,0.506650700000,2.669722531982928,2.669722531982928,2.669722531982928,0E-17,ELIGIBLE,R03b_20260811_FULL_v1,L1_ELIGIBILITY,v2026-08-11,2026-03-21..2026-08-06,baccarat_bet02_101_all_pairs_incl_sentinel,round_win = game_pnl > 0 (decisive only),COMPATIBILITY_ONLY_NOT_PRODUCTION,52336.9300,47513.8143,-61.7654,1417,1414,0.00118015,-0.01250000,0.00119359,0.00118015,61.7654,52336.9300,OK,0.0000,-2.4706,4.0000,96.0000,AG03-UNRESOLVED,ALL5_LEVELS_bet23_to_bet27,-2.4706,-2.4706,-2.4706,-2.4706,-2.4706,4.000000,4.000000,4.000000,4.000000,4.000000,96.000000,96.000000,96.000000,96.000000,96.000000,5.0,-12.3531,-11.4036,-49.4123,-50.3618,PENDING_AG03,FALSE,NOT_FOR_ENFORCEMENT,-59.2948,45613.2617,-61.7654,-59.2948,-2.4706,-0.00118015,-0.00113294,-2.4706,-59.2948,-0.00113294,-2.4706,-2.4706,-2.4706,-2.4706,-2.4706,-59.2948,-0.00113294,-12.3531,-11.4036,-49.4123,-50.3618,-0.00094412,-0.00096226,-0.00004721,36.9350,33.6024,-0.0437,-3.2508,-0.1159,2754.5753,74.4211,12.8426,37.0032,13.1659,26.3317,52.6635,71.0957,102.6937,147.4577,26.3317,0.0,3.9,5.6,1.402681,30,147,41,3,0.00098153,-0.00118015,0.01250000,0E-8,0.000000,0.907845,0.000000,-0.01369359,2026-03-23,2026-08-06,19,533,225,137,0.138686,0.347066,0.347707,0.003272,,,,,,,,GLOBAL_BASELINE_NO_ENTITY_RANKING,,,NOT_APPLICABLE_GLOBAL_BASELINE,HF9g-P5,,,,X 全窗基线 · 不参与实体赏罚,3925479,393,A168_HF9F_20260827_0900,2026-08-27 09:00:00
2026-03-25,123633016,2232,0,78.9951812940,-26.3317270980,-26.3317270980,0.3333333,3,3,0.49324550000000000,0.493245500000,-0.5540025479526107,-0.5540025479526106,-0.5540025479526107,0E-17,ELIGIBLE,R03b_20260811_FULL_v1,L1_ELIGIBILITY,v2026-08-11,2026-03-21..2026-08-06,baccarat_bet02_101_all_pairs_incl_sentinel,round_win = game_pnl > 0 (decisive only),COMPATIBILITY_ONLY_NOT_PRODUCTION,52336.9300,47513.8143,-61.7654,1417,1414,0.00118015,-0.01250000,0.00119359,0.00118015,61.7654,52336.9300,OK,0.0000,-2.4706,4.0000,96.0000,AG03-UNRESOLVED,ALL5_LEVELS_bet23_to_bet27,-2.4706,-2.4706,-2.4706,-2.4706,-2.4706,4.000000,4.000000,4.000000,4.000000,4.000000,96.000000,96.000000,96.000000,96.000000,96.000000,5.0,-12.3531,-11.4036,-49.4123,-50.3618,PENDING_AG03,FALSE,NOT_FOR_ENFORCEMENT,-59.2948,45613.2617,-61.7654,-59.2948,-2.4706,-0.00118015,-0.00113294,-2.4706,-59.2948,-0.00113294,-2.4706,-2.4706,-2.4706,-2.4706,-2.4706,-59.2948,-0.00113294,-12.3531,-11.4036,-49.4123,-50.3618,-0.00094412,-0.00096226,-0.00004721,36.9350,33.6024,-0.0437,-3.2508,-0.1159,2754.5753,74.4211,12.8426,37.0032,13.1659,26.3317,52.6635,71.0957,102.6937,147.4577,26.3317,0.0,3.9,5.6,1.402681,30,147,41,3,0.00098153,-0.00118015,0.01250000,0E-8,0.000000,0.907845,0.000000,-0.01369359,2026-03-23,2026-08-06,19,533,225,137,0.138686,0.347066,0.347707,0.003272,,,,,,,,GLOBAL_BASELINE_NO_ENTITY_RANKING,,,NOT_APPLICABLE_GLOBAL_BASELINE,HF9g-P5,,,,X 全窗基线 · 不参与实体赏罚,3925480,393,A168_HF9F_20260827_0900,2026-08-27 09:00:00
2026-03-25,123633016,2234,0,163.2567080076,73.7288358744,73.7288358744,0.8000000,6,6,0.49324550000000000,0.493245500000,1.3719730223118614,1.3719730223118614,1.3719730223118614,0E-17,ELIGIBLE,R03b_20260811_FULL_v1,L1_ELIGIBILITY,v2026-08-11,2026-03-21..2026-08-06,baccarat_bet02_101_all_pairs_incl_sentinel,round_win = game_pnl > 0 (decisive only),COMPATIBILITY_ONLY_NOT_PRODUCTION,52336.9300,47513.8143,-61.7654,1417,1414,0.00118015,-0.01250000,0.00119359,0.00118015,61.7654,52336.9300,OK,0.0000,-2.4706,4.0000,96.0000,AG03-UNRESOLVED,ALL5_LEVELS_bet23_to_bet27,-2.4706,-2.4706,-2.4706,-2.4706,-2.4706,4.000000,4.000000,4.000000,4.000000,4.000000,96.000000,96.000000,96.000000,96.000000,96.000000,5.0,-12.3531,-11.4036,-49.4123,-50.3618,PENDING_AG03,FALSE,NOT_FOR_ENFORCEMENT,-59.2948,45613.2617,-61.7654,-59.2948,-2.4706,-0.00118015,-0.00113294,-2.4706,-59.2948,-0.00113294,-2.4706,-2.4706,-2.4706,-2.4706,-2.4706,-59.2948,-0.00113294,-12.3531,-11.4036,-49.4123,-50.3618,-0.00094412,-0.00096226,-0.00004721,36.9350,33.6024,-0.0437,-3.2508,-0.1159,2754.5753,74.4211,12.8426,37.0032,13.1659,26.3317,52.6635,71.0957,102.6937,147.4577,26.3317,0.0,3.9,5.6,1.402681,30,147,41,3,0.00098153,-0.00118015,0.01250000,0E-8,0.000000,0.907845,0.000000,-0.01369359,2026-03-23,2026-08-06,19,533,225,137,0.138686,0.347066,0.347707,0.003272,,,,,,,,GLOBAL_BASELINE_NO_ENTITY_RANKING,,,NOT_APPLICABLE_GLOBAL_BASELINE,HF9g-P5,,,,X 全窗基线 · 不参与实体赏罚,3925481,393,A168_HF9F_20260827_0900,2026-08-27 09:00:00
2026-03-25,123633016,2235,0,102.6937356822,-77.0203017617,-77.0203017617,0.3333333,3,3,0.50665070000000000,0.506650700000,-0.6004420894325239,-0.6004420894325239,-0.6004420894325239,0E-17,ELIGIBLE,R03b_20260811_FULL_v1,L1_ELIGIBILITY,v2026-08-11,2026-03-21..2026-08-06,baccarat_bet02_101_all_pairs_incl_sentinel,round_win = game_pnl > 0 (decisive only),COMPATIBILITY_ONLY_NOT_PRODUCTION,52336.9300,47513.8143,-61.7654,1417,1414,0.00118015,-0.01250000,0.00119359,0.00118015,61.7654,52336.9300,OK,0.0000,-2.4706,4.0000,96.0000,AG03-UNRESOLVED,ALL5_LEVELS_bet23_to_bet27,-2.4706,-2.4706,-2.4706,-2.4706,-2.4706,4.000000,4.000000,4.000000,4.000000,4.000000,96.000000,96.000000,96.000000,96.000000,96.000000,5.0,-12.3531,-11.4036,-49.4123,-50.3618,PENDING_AG03,FALSE,NOT_FOR_ENFORCEMENT,-59.2948,45613.2617,-61.7654,-59.2948,-2.4706,-0.00118015,-0.00113294,-2.4706,-59.2948,-0.00113294,-2.4706,-2.4706,-2.4706,-2.4706,-2.4706,-59.2948,-0.00113294,-12.3531,-11.4036,-49.4123,-50.3618,-0.00094412,-0.00096226,-0.00004721,36.9350,33.6024,-0.0437,-3.2508,-0.1159,2754.5753,74.4211,12.8426,37.0032,13.1659,26.3317,52.6635,71.0957,102.6937,147.4577,26.3317,0.0,3.9,5.6,1.402681,30,147,41,3,0.00098153,-0.00118015,0.01250000,0E-8,0.000000,0.907845,0.000000,-0.01369359,2026-03-23,2026-08-06,19,533,225,137,0.138686,0.347066,0.347707,0.003272,,,,,,,,GLOBAL_BASELINE_NO_ENTITY_RANKING,,,NOT_APPLICABLE_GLOBAL_BASELINE,HF9g-P5,,,,X 全窗基线 · 不参与实体赏罚,3925482,393,A168_HF9F_20260827_0900,2026-08-27 09:00:00
2026-03-25,123633016,2242,0,210.6538167840,-80.3117676489,-80.3117676489,0.3333333,7,7,0.49899058571428571,0.498990585714,-0.8115531348621552,-0.8115531348607564,-0.8115531348621552,2.8571E-13,ELIGIBLE,R03b_20260811_FULL_v1,L1_ELIGIBILITY,v2026-08-11,2026-03-21..2026-08-06,baccarat_bet02_101_all_pairs_incl_sentinel,round_win = game_pnl > 0 (decisive only),COMPATIBILITY_ONLY_NOT_PRODUCTION,52336.9300,47513.8143,-61.7654,1417,1414,0.00118015,-0.01250000,0.00119359,0.00118015,61.7654,52336.9300,OK,0.0000,-2.4706,4.0000,96.0000,AG03-UNRESOLVED,ALL5_LEVELS_bet23_to_bet27,-2.4706,-2.4706,-2.4706,-2.4706,-2.4706,4.000000,4.000000,4.000000,4.000000,4.000000,96.000000,96.000000,96.000000,96.000000,96.000000,5.0,-12.3531,-11.4036,-49.4123,-50.3618,PENDING_AG03,FALSE,NOT_FOR_ENFORCEMENT,-59.2948,45613.2617,-61.7654,-59.2948,-2.4706,-0.00118015,-0.00113294,-2.4706,-59.2948,-0.00113294,-2.4706,-2.4706,-2.4706,-2.4706,-2.4706,-59.2948,-0.00113294,-12.3531,-11.4036,-49.4123,-50.3618,-0.00094412,-0.00096226,-0.00004721,36.9350,33.6024,-0.0437,-3.2508,-0.1159,2754.5753,74.4211,12.8426,37.0032,13.1659,26.3317,52.6635,71.0957,102.6937,147.4577,26.3317,0.0,3.9,5.6,1.402681,30,147,41,3,0.00098153,-0.00118015,0.01250000,0E-8,0.000000,0.907845,0.000000,-0.01369359,2026-03-23,2026-08-06,19,533,225,137,0.138686,0.347066,0.347707,0.003272,,,,,,,,GLOBAL_BASELINE_NO_ENTITY_RANKING,,,NOT_APPLICABLE_GLOBAL_BASELINE,HF9g-P5,,,,X 全窗基线 · 不参与实体赏罚,3925483,393,A168_HF9F_20260827_0900,2026-08-27 09:00:00
2026-03-25,123633016,2246,0,36.8644179372,-36.8644179372,-36.8644179372,0E-7,2,2,0.49994810000000000,0.499948100000,-1.4140667746232096,-1.4140667746232096,-1.4140667746232096,0E-17,ELIGIBLE,R03b_20260811_FULL_v1,L1_ELIGIBILITY,v2026-08-11,2026-03-21..2026-08-06,baccarat_bet02_101_all_pairs_incl_sentinel,round_win = game_pnl > 0 (decisive only),COMPATIBILITY_ONLY_NOT_PRODUCTION,52336.9300,47513.8143,-61.7654,1417,1414,0.00118015,-0.01250000,0.00119359,0.00118015,61.7654,52336.9300,OK,0.0000,-2.4706,4.0000,96.0000,AG03-UNRESOLVED,ALL5_LEVELS_bet23_to_bet27,-2.4706,-2.4706,-2.4706,-2.4706,-2.4706,4.000000,4.000000,4.000000,4.000000,4.000000,96.000000,96.000000,96.000000,96.000000,96.000000,5.0,-12.3531,-11.4036,-49.4123,-50.3618,PENDING_AG03,FALSE,NOT_FOR_ENFORCEMENT,-59.2948,45613.2617,-61.7654,-59.2948,-2.4706,-0.00118015,-0.00113294,-2.4706,-59.2948,-0.00113294,-2.4706,-2.4706,-2.4706,-2.4706,-2.4706,-59.2948,-0.00113294,-12.3531,-11.4036,-49.4123,-50.3618,-0.00094412,-0.00096226,-0.00004721,36.9350,33.6024,-0.0437,-3.2508,-0.1159,2754.5753,74.4211,12.8426,37.0032,13.1659,26.3317,52.6635,71.0957,102.6937,147.4577,26.3317,0.0,3.9,5.6,1.402681,30,147,41,3,0.00098153,-0.00118015,0.01250000,0E-8,0.000000,0.907845,0.000000,-0.01369359,2026-03-23,2026-08-06,19,533,225,137,0.138686,0.347066,0.347707,0.003272,,,,,,,,GLOBAL_BASELINE_NO_ENTITY_RANKING,,,NOT_APPLICABLE_GLOBAL_BASELINE,HF9g-P5,,,,X 全窗基线 · 不参与实体赏罚,3925484,393,A168_HF9F_20260827_0900,2026-08-27 09:00:00
2026-03-25,123633016,2248,0,452.9057060855,183.9271137794,183.9271137794,0.6666667,12,12,0.49994810000000000,0.499948100000,1.1550601183494658,1.1550601183494658,1.1550601183494658,0E-17,ELIGIBLE,R03b_20260811_FULL_v1,L1_ELIGIBILITY,v2026-08-11,2026-03-21..2026-08-06,baccarat_bet02_101_all_pairs_incl_sentinel,round_win = game_pnl > 0 (decisive only),COMPATIBILITY_ONLY_NOT_PRODUCTION,52336.9300,47513.8143,-61.7654,1417,1414,0.00118015,-0.01250000,0.00119359,0.00118015,61.7654,52336.9300,OK,0.0000,-2.4706,4.0000,96.0000,AG03-UNRESOLVED,ALL5_LEVELS_bet23_to_bet27,-2.4706,-2.4706,-2.4706,-2.4706,-2.4706,4.000000,4.000000,4.000000,4.000000,4.000000,96.000000,96.000000,96.000000,96.000000,96.000000,5.0,-12.3531,-11.4036,-49.4123,-50.3618,PENDING_AG03,FALSE,NOT_FOR_ENFORCEMENT,-59.2948,45613.2617,-61.7654,-59.2948,-2.4706,-0.00118015,-0.00113294,-2.4706,-59.2948,-0.00113294,-2.4706,-2.4706,-2.4706,-2.4706,-2.4706,-59.2948,-0.00113294,-12.3531,-11.4036,-49.4123,-50.3618,-0.00094412,-0.00096226,-0.00004721,36.9350,33.6024,-0.0437,-3.2508,-0.1159,2754.5753,74.4211,12.8426,37.0032,13.1659,26.3317,52.6635,71.0957,102.6937,147.4577,26.3317,0.0,3.9,5.6,1.402681,30,147,41,3,0.00098153,-0.00118015,0.01250000,0E-8,0.000000,0.907845,0.000000,-0.01369359,2026-03-23,2026-08-06,19,533,225,137,0.138686,0.347066,0.347707,0.003272,,,,,,,,GLOBAL_BASELINE_NO_ENTITY_RANKING,,,NOT_APPLICABLE_GLOBAL_BASELINE,HF9g-P5,,,,X 全窗基线 · 不参与实体赏罚,3925485,393,A168_HF9F_20260827_0900,2026-08-27 09:00:00
2026-03-25,123633016,2250,0,210.6538167839,1E-10,1E-10,0.6666667,6,6,0.49324550000000000,0.493245500000,0.8496642703256836,0.8496642703256835,0.8496642703256836,0E-17,ELIGIBLE,R03b_20260811_FULL_v1,L1_ELIGIBILITY,v2026-08-11,2026-03-21..2026-08-06,baccarat_bet02_101_all_pairs_incl_sentinel,round_win = game_pnl > 0 (decisive only),COMPATIBILITY_ONLY_NOT_PRODUCTION,52336.9300,47513.8143,-61.7654,1417,1414,0.00118015,-0.01250000,0.00119359,0.00118015,61.7654,52336.9300,OK,0.0000,-2.4706,4.0000,96.0000,AG03-UNRESOLVED,ALL5_LEVELS_bet23_to_bet27,-2.4706,-2.4706,-2.4706,-2.4706,-2.4706,4.000000,4.000000,4.000000,4.000000,4.000000,96.000000,96.000000,96.000000,96.000000,96.000000,5.0,-12.3531,-11.4036,-49.4123,-50.3618,PENDING_AG03,FALSE,NOT_FOR_ENFORCEMENT,-59.2948,45613.2617,-61.7654,-59.2948,-2.4706,-0.00118015,-0.00113294,-2.4706,-59.2948,-0.00113294,-2.4706,-2.4706,-2.4706,-2.4706,-2.4706,-59.2948,-0.00113294,-12.3531,-11.4036,-49.4123,-50.3618,-0.00094412,-0.00096226,-0.00004721,36.9350,33.6024,-0.0437,-3.2508,-0.1159,2754.5753,74.4211,12.8426,37.0032,13.1659,26.3317,52.6635,71.0957,102.6937,147.4577,26.3317,0.0,3.9,5.6,1.402681,30,147,41,3,0.00098153,-0.00118015,0.01250000,0E-8,0.000000,0.907845,0.000000,-0.01369359,2026-03-23,2026-08-06,19,533,225,137,0.138686,0.347066,0.347707,0.003272,,,,,,,,GLOBAL_BASELINE_NO_ENTITY_RANKING,,,NOT_APPLICABLE_GLOBAL_BASELINE,HF9g-P5,,,,X 全窗基线 · 不参与实体赏罚,3925486,393,A168_HF9F_20260827_0900,2026-08-27 09:00:00
2026-03-25,123633016,2256,0,26.3317270980,0E-10,0E-10,0.5000000,2,2,0.49324550000000000,0.493245500000,0.01910635448239258,0.01910635448239258,0.01910635448239258,0E-17,ELIGIBLE,R03b_20260811_FULL_v1,L1_ELIGIBILITY,v2026-08-11,2026-03-21..2026-08-06,baccarat_bet02_101_all_pairs_incl_sentinel,round_win = game_pnl > 0 (decisive only),COMPATIBILITY_ONLY_NOT_PRODUCTION,52336.9300,47513.8143,-61.7654,1417,1414,0.00118015,-0.01250000,0.00119359,0.00118015,61.7654,52336.9300,OK,0.0000,-2.4706,4.0000,96.0000,AG03-UNRESOLVED,ALL5_LEVELS_bet23_to_bet27,-2.4706,-2.4706,-2.4706,-2.4706,-2.4706,4.000000,4.000000,4.000000,4.000000,4.000000,96.000000,96.000000,96.000000,96.000000,96.000000,5.0,-12.3531,-11.4036,-49.4123,-50.3618,PENDING_AG03,FALSE,NOT_FOR_ENFORCEMENT,-59.2948,45613.2617,-61.7654,-59.2948,-2.4706,-0.00118015,-0.00113294,-2.4706,-59.2948,-0.00113294,-2.4706,-2.4706,-2.4706,-2.4706,-2.4706,-59.2948,-0.00113294,-12.3531,-11.4036,-49.4123,-50.3618,-0.00094412,-0.00096226,-0.00004721,36.9350,33.6024,-0.0437,-3.2508,-0.1159,2754.5753,74.4211,12.8426,37.0032,13.1659,26.3317,52.6635,71.0957,102.6937,147.4577,26.3317,0.0,3.9,5.6,1.402681,30,147,41,3,0.00098153,-0.00118015,0.01250000,0E-8,0.000000,0.907845,0.000000,-0.01369359,2026-03-23,2026-08-06,19,533,225,137,0.138686,0.347066,0.347707,0.003272,,,,,,,,GLOBAL_BASELINE_NO_ENTITY_RANKING,,,NOT_APPLICABLE_GLOBAL_BASELINE,HF9g-P5,,,,X 全窗基线 · 不参与实体赏罚,3925487,393,A168_HF9F_20260827_0900,2026-08-27 09:00:00
2026-03-25,123633016,2258,0,13.1658635490,13.1658635490,13.1658635490,1.0000000,1,1,0.49324550000000000,0.493245500000,1.01360149184955,1.01360149184955,1.01360149184955,0E-17,ELIGIBLE,R03b_20260811_FULL_v1,L1_ELIGIBILITY,v2026-08-11,2026-03-21..2026-08-06,baccarat_bet02_101_all_pairs_incl_sentinel,round_win = game_pnl > 0 (decisive only),COMPATIBILITY_ONLY_NOT_PRODUCTION,52336.9300,47513.8143,-61.7654,1417,1414,0.00118015,-0.01250000,0.00119359,0.00118015,61.7654,52336.9300,OK,0.0000,-2.4706,4.0000,96.0000,AG03-UNRESOLVED,ALL5_LEVELS_bet23_to_bet27,-2.4706,-2.4706,-2.4706,-2.4706,-2.4706,4.000000,4.000000,4.000000,4.000000,4.000000,96.000000,96.000000,96.000000,96.000000,96.000000,5.0,-12.3531,-11.4036,-49.4123,-50.3618,PENDING_AG03,FALSE,NOT_FOR_ENFORCEMENT,-59.2948,45613.2617,-61.7654,-59.2948,-2.4706,-0.00118015,-0.00113294,-2.4706,-59.2948,-0.00113294,-2.4706,-2.4706,-2.4706,-2.4706,-2.4706,-59.2948,-0.00113294,-12.3531,-11.4036,-49.4123,-50.3618,-0.00094412,-0.00096226,-0.00004721,36.9350,33.6024,-0.0437,-3.2508,-0.1159,2754.5753,74.4211,12.8426,37.0032,13.1659,26.3317,52.6635,71.0957,102.6937,147.4577,26.3317,0.0,3.9,5.6,1.402681,30,147,41,3,0.00098153,-0.00118015,0.01250000,0E-8,0.000000,0.907845,0.000000,-0.01369359,2026-03-23,2026-08-06,19,533,225,137,0.138686,0.347066,0.347707,0.003272,,,,,,,,GLOBAL_BASELINE_NO_ENTITY_RANKING,,,NOT_APPLICABLE_GLOBAL_BASELINE,HF9g-P5,,,,X 全窗基线 · 不参与实体赏罚,3925488,393,A168_HF9F_20260827_0900,2026-08-27 09:00:00
2026-03-25,123633016,462,0,39.4975906470,-0.6582931775,-0.6582931775,0.5000000,3,3,0.50665070000000000,0.506650700000,-0.018812684590367487,-0.018812684590367487,-0.018812684590367487,0E-17,ELIGIBLE,R03b_20260811_FULL_v1,L1_ELIGIBILITY,v2026-08-11,2026-03-21..2026-08-06,baccarat_bet02_101_all_pairs_incl_sentinel,round_win = game_pnl > 0 (decisive only),COMPATIBILITY_ONLY_NOT_PRODUCTION,52336.9300,47513.8143,-61.7654,1417,1414,0.00118015,-0.01250000,0.00119359,0.00118015,61.7654,52336.9300,OK,0.0000,-2.4706,4.0000,96.0000,AG03-UNRESOLVED,ALL5_LEVELS_bet23_to_bet27,-2.4706,-2.4706,-2.4706,-2.4706,-2.4706,4.000000,4.000000,4.000000,4.000000,4.000000,96.000000,96.000000,96.000000,96.000000,96.000000,5.0,-12.3531,-11.4036,-49.4123,-50.3618,PENDING_AG03,FALSE,NOT_FOR_ENFORCEMENT,-59.2948,45613.2617,-61.7654,-59.2948,-2.4706,-0.00118015,-0.00113294,-2.4706,-59.2948,-0.00113294,-2.4706,-2.4706,-2.4706,-2.4706,-2.4706,-59.2948,-0.00113294,-12.3531,-11.4036,-49.4123,-50.3618,-0.00094412,-0.00096226,-0.00004721,36.9350,33.6024,-0.0437,-3.2508,-0.1159,2754.5753,74.4211,12.8426,37.0032,13.1659,26.3317,52.6635,71.0957,102.6937,147.4577,26.3317,0.0,3.9,5.6,1.402681,30,147,41,3,0.00098153,-0.00118015,0.01250000,0E-8,0.000000,0.907845,0.000000,-0.01369359,2026-03-23,2026-08-06,19,533,225,137,0.138686,0.347066,0.347707,0.003272,,,,,,,,GLOBAL_BASELINE_NO_ENTITY_RANKING,,,NOT_APPLICABLE_GLOBAL_BASELINE,HF9g-P5,,,,X 全窗基线 · 不参与实体赏罚,3925489,393,A168_HF9F_20260827_0900,2026-08-27 09:00:00
2026-03-25,123633016,526,0,78.9951812940,-78.9951812940,-78.9951812940,0E-7,2,2,0.49994810000000000,0.499948100000,-1.4140667746232096,-1.4140667746232096,-1.4140667746232096,0E-17,ELIGIBLE,R03b_20260811_FULL_v1,L1_ELIGIBILITY,v2026-08-11,2026-03-21..2026-08-06,baccarat_bet02_101_all_pairs_incl_sentinel,round_win = game_pnl > 0 (decisive only),COMPATIBILITY_ONLY_NOT_PRODUCTION,52336.9300,47513.8143,-61.7654,1417,1414,0.00118015,-0.01250000,0.00119359,0.00118015,61.7654,52336.9300,OK,0.0000,-2.4706,4.0000,96.0000,AG03-UNRESOLVED,ALL5_LEVELS_bet23_to_bet27,-2.4706,-2.4706,-2.4706,-2.4706,-2.4706,4.000000,4.000000,4.000000,4.000000,4.000000,96.000000,96.000000,96.000000,96.000000,96.000000,5.0,-12.3531,-11.4036,-49.4123,-50.3618,PENDING_AG03,FALSE,NOT_FOR_ENFORCEMENT,-59.2948,45613.2617,-61.7654,-59.2948,-2.4706,-0.00118015,-0.00113294,-2.4706,-59.2948,-0.00113294,-2.4706,-2.4706,-2.4706,-2.4706,-2.4706,-59.2948,-0.00113294,-12.3531,-11.4036,-49.4123,-50.3618,-0.00094412,-0.00096226,-0.00004721,36.9350,33.6024,-0.0437,-3.2508,-0.1159,2754.5753,74.4211,12.8426,37.0032,13.1659,26.3317,52.6635,71.0957,102.6937,147.4577,26.3317,0.0,3.9,5.6,1.402681,30,147,41,3,0.00098153,-0.00118015,0.01250000,0E-8,0.000000,0.907845,0.000000,-0.01369359,2026-03-23,2026-08-06,19,533,225,137,0.138686,0.347066,0.347707,0.003272,,,,,,,,GLOBAL_BASELINE_NO_ENTITY_RANKING,,,NOT_APPLICABLE_GLOBAL_BASELINE,HF9g-P5,,,,X 全窗基线 · 不参与实体赏罚,3925490,393,A168_HF9F_20260827_0900,2026-08-27 09:00:00
2026-03-25,123633016,529,0,26.3317270980,-26.3317270980,-26.3317270980,0E-7,1,1,0.49324550000000000,0.493245500000,-0.9865810262130424,-0.9865810262130424,-0.9865810262130424,0E-17,ELIGIBLE,R03b_20260811_FULL_v1,L1_ELIGIBILITY,v2026-08-11,2026-03-21..2026-08-06,baccarat_bet02_101_all_pairs_incl_sentinel,round_win = game_pnl > 0 (decisive only),COMPATIBILITY_ONLY_NOT_PRODUCTION,52336.9300,47513.8143,-61.7654,1417,1414,0.00118015,-0.01250000,0.00119359,0.00118015,61.7654,52336.9300,OK,0.0000,-2.4706,4.0000,96.0000,AG03-UNRESOLVED,ALL5_LEVELS_bet23_to_bet27,-2.4706,-2.4706,-2.4706,-2.4706,-2.4706,4.000000,4.000000,4.000000,4.000000,4.000000,96.000000,96.000000,96.000000,96.000000,96.000000,5.0,-12.3531,-11.4036,-49.4123,-50.3618,PENDING_AG03,FALSE,NOT_FOR_ENFORCEMENT,-59.2948,45613.2617,-61.7654,-59.2948,-2.4706,-0.00118015,-0.00113294,-2.4706,-59.2948,-0.00113294,-2.4706,-2.4706,-2.4706,-2.4706,-2.4706,-59.2948,-0.00113294,-12.3531,-11.4036,-49.4123,-50.3618,-0.00094412,-0.00096226,-0.00004721,36.9350,33.6024,-0.0437,-3.2508,-0.1159,2754.5753,74.4211,12.8426,37.0032,13.1659,26.3317,52.6635,71.0957,102.6937,147.4577,26.3317,0.0,3.9,5.6,1.402681,30,147,41,3,0.00098153,-0.00118015,0.01250000,0E-8,0.000000,0.907845,0.000000,-0.01369359,2026-03-23,2026-08-06,19,533,225,137,0.138686,0.347066,0.347707,0.003272,,,,,,,,GLOBAL_BASELINE_NO_ENTITY_RANKING,,,NOT_APPLICABLE_GLOBAL_BASELINE,HF9g-P5,,,,X 全窗基线 · 不参与实体赏罚,3925491,393,A168_HF9F_20260827_0900,2026-08-27 09:00:00
2026-03-25,123633016,550,0,26.3317270980,-26.3317270980,-26.3317270980,0E-7,1,1,0.49324550000000000,0.493245500000,-0.9865810262130424,-0.9865810262130424,-0.9865810262130424,0E-17,ELIGIBLE,R03b_20260811_FULL_v1,L1_ELIGIBILITY,v2026-08-11,2026-03-21..2026-08-06,baccarat_bet02_101_all_pairs_incl_sentinel,round_win = game_pnl > 0 (decisive only),COMPATIBILITY_ONLY_NOT_PRODUCTION,52336.9300,47513.8143,-61.7654,1417,1414,0.00118015,-0.01250000,0.00119359,0.00118015,61.7654,52336.9300,OK,0.0000,-2.4706,4.0000,96.0000,AG03-UNRESOLVED,ALL5_LEVELS_bet23_to_bet27,-2.4706,-2.4706,-2.4706,-2.4706,-2.4706,4.000000,4.000000,4.000000,4.000000,4.000000,96.000000,96.000000,96.000000,96.000000,96.000000,5.0,-12.3531,-11.4036,-49.4123,-50.3618,PENDING_AG03,FALSE,NOT_FOR_ENFORCEMENT,-59.2948,45613.2617,-61.7654,-59.2948,-2.4706,-0.00118015,-0.00113294,-2.4706,-59.2948,-0.00113294,-2.4706,-2.4706,-2.4706,-2.4706,-2.4706,-59.2948,-0.00113294,-12.3531,-11.4036,-49.4123,-50.3618,-0.00094412,-0.00096226,-0.00004721,36.9350,33.6024,-0.0437,-3.2508,-0.1159,2754.5753,74.4211,12.8426,37.0032,13.1659,26.3317,52.6635,71.0957,102.6937,147.4577,26.3317,0.0,3.9,5.6,1.402681,30,147,41,3,0.00098153,-0.00118015,0.01250000,0E-8,0.000000,0.907845,0.000000,-0.01369359,2026-03-23,2026-08-06,19,533,225,137,0.138686,0.347066,0.347707,0.003272,,,,,,,,GLOBAL_BASELINE_NO_ENTITY_RANKING,,,NOT_APPLICABLE_GLOBAL_BASELINE,HF9g-P5,,,,X 全窗基线 · 不参与实体赏罚,3925492,393,A168_HF9F_20260827_0900,2026-08-27 09:00:00
2026-03-25,123633016,763,0,26.3317270980,-26.3317270980,-26.3317270980,0E-7,1,1,0.49324550000000000,0.493245500000,-0.9865810262130424,-0.9865810262130424,-0.9865810262130424,0E-17,ELIGIBLE,R03b_20260811_FULL_v1,L1_ELIGIBILITY,v2026-08-11,2026-03-21..2026-08-06,baccarat_bet02_101_all_pairs_incl_sentinel,round_win = game_pnl > 0 (decisive only),COMPATIBILITY_ONLY_NOT_PRODUCTION,52336.9300,47513.8143,-61.7654,1417,1414,0.00118015,-0.01250000,0.00119359,0.00118015,61.7654,52336.9300,OK,0.0000,-2.4706,4.0000,96.0000,AG03-UNRESOLVED,ALL5_LEVELS_bet23_to_bet27,-2.4706,-2.4706,-2.4706,-2.4706,-2.4706,4.000000,4.000000,4.000000,4.000000,4.000000,96.000000,96.000000,96.000000,96.000000,96.000000,5.0,-12.3531,-11.4036,-49.4123,-50.3618,PENDING_AG03,FALSE,NOT_FOR_ENFORCEMENT,-59.2948,45613.2617,-61.7654,-59.2948,-2.4706,-0.00118015,-0.00113294,-2.4706,-59.2948,-0.00113294,-2.4706,-2.4706,-2.4706,-2.4706,-2.4706,-59.2948,-0.00113294,-12.3531,-11.4036,-49.4123,-50.3618,-0.00094412,-0.00096226,-0.00004721,36.9350,33.6024,-0.0437,-3.2508,-0.1159,2754.5753,74.4211,12.8426,37.0032,13.1659,26.3317,52.6635,71.0957,102.6937,147.4577,26.3317,0.0,3.9,5.6,1.402681,30,147,41,3,0.00098153,-0.00118015,0.01250000,0E-8,0.000000,0.907845,0.000000,-0.01369359,2026-03-23,2026-08-06,19,533,225,137,0.138686,0.347066,0.347707,0.003272,,,,,,,,GLOBAL_BASELINE_NO_ENTITY_RANKING,,,NOT_APPLICABLE_GLOBAL_BASELINE,HF9g-P5,,,,X 全窗基线 · 不参与实体赏罚,3925493,393,A168_HF9F_20260827_0900,2026-08-27 09:00:00
2026-03-25,123633016,789,0,240.6719856756,-133.5018563868,-133.5018563868,0.2000000,7,7,0.50090561428571429,0.500905614286,-1.3456930240160987,-1.3456930240173777,-1.3456930240160987,-2.8571E-13,ELIGIBLE,R03b_20260811_FULL_v1,L1_ELIGIBILITY,v2026-08-11,2026-03-21..2026-08-06,baccarat_bet02_101_all_pairs_incl_sentinel,round_win = game_pnl > 0 (decisive only),COMPATIBILITY_ONLY_NOT_PRODUCTION,52336.9300,47513.8143,-61.7654,1417,1414,0.00118015,-0.01250000,0.00119359,0.00118015,61.7654,52336.9300,OK,0.0000,-2.4706,4.0000,96.0000,AG03-UNRESOLVED,ALL5_LEVELS_bet23_to_bet27,-2.4706,-2.4706,-2.4706,-2.4706,-2.4706,4.000000,4.000000,4.000000,4.000000,4.000000,96.000000,96.000000,96.000000,96.000000,96.000000,5.0,-12.3531,-11.4036,-49.4123,-50.3618,PENDING_AG03,FALSE,NOT_FOR_ENFORCEMENT,-59.2948,45613.2617,-61.7654,-59.2948,-2.4706,-0.00118015,-0.00113294,-2.4706,-59.2948,-0.00113294,-2.4706,-2.4706,-2.4706,-2.4706,-2.4706,-59.2948,-0.00113294,-12.3531,-11.4036,-49.4123,-50.3618,-0.00094412,-0.00096226,-0.00004721,36.9350,33.6024,-0.0437,-3.2508,-0.1159,2754.5753,74.4211,12.8426,37.0032,13.1659,26.3317,52.6635,71.0957,102.6937,147.4577,26.3317,0.0,3.9,5.6,1.402681,30,147,41,3,0.00098153,-0.00118015,0.01250000,0E-8,0.000000,0.907845,0.000000,-0.01369359,2026-03-23,2026-08-06,19,533,225,137,0.138686,0.347066,0.347707,0.003272,,,,,,,,GLOBAL_BASELINE_NO_ENTITY_RANKING,,,NOT_APPLICABLE_GLOBAL_BASELINE,HF9g-P5,,,,X 全窗基线 · 不参与实体赏罚,3925494,393,A168_HF9F_20260827_0900,2026-08-27 09:00:00
2026-03-25,123633016,919,0,52.6634541960,0E-10,0E-10,0.5000000,2,2,0.49324550000000000,0.493245500000,0.01910635448239258,0.01910635448239258,0.01910635448239258,0E-17,ELIGIBLE,R03b_20260811_FULL_v1,L1_ELIGIBILITY,v2026-08-11,2026-03-21..2026-08-06,baccarat_bet02_101_all_pairs_incl_sentinel,round_win = game_pnl > 0 (decisive only),COMPATIBILITY_ONLY_NOT_PRODUCTION,52336.9300,47513.8143,-61.7654,1417,1414,0.00118015,-0.01250000,0.00119359,0.00118015,61.7654,52336.9300,OK,0.0000,-2.4706,4.0000,96.0000,AG03-UNRESOLVED,ALL5_LEVELS_bet23_to_bet27,-2.4706,-2.4706,-2.4706,-2.4706,-2.4706,4.000000,4.000000,4.000000,4.000000,4.000000,96.000000,96.000000,96.000000,96.000000,96.000000,5.0,-12.3531,-11.4036,-49.4123,-50.3618,PENDING_AG03,FALSE,NOT_FOR_ENFORCEMENT,-59.2948,45613.2617,-61.7654,-59.2948,-2.4706,-0.00118015,-0.00113294,-2.4706,-59.2948,-0.00113294,-2.4706,-2.4706,-2.4706,-2.4706,-2.4706,-59.2948,-0.00113294,-12.3531,-11.4036,-49.4123,-50.3618,-0.00094412,-0.00096226,-0.00004721,36.9350,33.6024,-0.0437,-3.2508,-0.1159,2754.5753,74.4211,12.8426,37.0032,13.1659,26.3317,52.6635,71.0957,102.6937,147.4577,26.3317,0.0,3.9,5.6,1.402681,30,147,41,3,0.00098153,-0.00118015,0.01250000,0E-8,0.000000,0.907845,0.000000,-0.01369359,2026-03-23,2026-08-06,19,533,225,137,0.138686,0.347066,0.347707,0.003272,,,,,,,,GLOBAL_BASELINE_NO_ENTITY_RANKING,,,NOT_APPLICABLE_GLOBAL_BASELINE,HF9g-P5,,,,X 全窗基线 · 不参与实体赏罚,3925495,393,A168_HF9F_20260827_0900,2026-08-27 09:00:00
2026-03-25,123633016,925,0,26.3317270980,-26.3317270980,-26.3317270980,0E-7,1,1,0.49324550000000000,0.493245500000,-0.9865810262130424,-0.9865810262130424,-0.9865810262130424,0E-17,ELIGIBLE,R03b_20260811_FULL_v1,L1_ELIGIBILITY,v2026-08-11,2026-03-21..2026-08-06,baccarat_bet02_101_all_pairs_incl_sentinel,round_win = game_pnl > 0 (decisive only),COMPATIBILITY_ONLY_NOT_PRODUCTION,52336.9300,47513.8143,-61.7654,1417,1414,0.00118015,-0.01250000,0.00119359,0.00118015,61.7654,52336.9300,OK,0.0000,-2.4706,4.0000,96.0000,AG03-UNRESOLVED,ALL5_LEVELS_bet23_to_bet27,-2.4706,-2.4706,-2.4706,-2.4706,-2.4706,4.000000,4.000000,4.000000,4.000000,4.000000,96.000000,96.000000,96.000000,96.000000,96.000000,5.0,-12.3531,-11.4036,-49.4123,-50.3618,PENDING_AG03,FALSE,NOT_FOR_ENFORCEMENT,-59.2948,45613.2617,-61.7654,-59.2948,-2.4706,-0.00118015,-0.00113294,-2.4706,-59.2948,-0.00113294,-2.4706,-2.4706,-2.4706,-2.4706,-2.4706,-59.2948,-0.00113294,-12.3531,-11.4036,-49.4123,-50.3618,-0.00094412,-0.00096226,-0.00004721,36.9350,33.6024,-0.0437,-3.2508,-0.1159,2754.5753,74.4211,12.8426,37.0032,13.1659,26.3317,52.6635,71.0957,102.6937,147.4577,26.3317,0.0,3.9,5.6,1.402681,30,147,41,3,0.00098153,-0.00118015,0.01250000,0E-8,0.000000,0.907845,0.000000,-0.01369359,2026-03-23,2026-08-06,19,533,225,137,0.138686,0.347066,0.347707,0.003272,,,,,,,,GLOBAL_BASELINE_NO_ENTITY_RANKING,,,NOT_APPLICABLE_GLOBAL_BASELINE,HF9g-P5,,,,X 全窗基线 · 不参与实体赏罚,3925496,393,A168_HF9F_20260827_0900,2026-08-27 09:00:00
2026-03-25,123633016,986,0,350.2119704033,-38.1810042920,-38.1810042920,0.4444444,9,9,0.50069283333333333,0.500692833333,-0.33749065733668826,-0.337490657334688,-0.33749065733668826,3.3333E-13,ELIGIBLE,R03b_20260811_FULL_v1,L1_ELIGIBILITY,v2026-08-11,2026-03-21..2026-08-06,baccarat_bet02_101_all_pairs_incl_sentinel,round_win = game_pnl > 0 (decisive only),COMPATIBILITY_ONLY_NOT_PRODUCTION,52336.9300,47513.8143,-61.7654,1417,1414,0.00118015,-0.01250000,0.00119359,0.00118015,61.7654,52336.9300,OK,0.0000,-2.4706,4.0000,96.0000,AG03-UNRESOLVED,ALL5_LEVELS_bet23_to_bet27,-2.4706,-2.4706,-2.4706,-2.4706,-2.4706,4.000000,4.000000,4.000000,4.000000,4.000000,96.000000,96.000000,96.000000,96.000000,96.000000,5.0,-12.3531,-11.4036,-49.4123,-50.3618,PENDING_AG03,FALSE,NOT_FOR_ENFORCEMENT,-59.2948,45613.2617,-61.7654,-59.2948,-2.4706,-0.00118015,-0.00113294,-2.4706,-59.2948,-0.00113294,-2.4706,-2.4706,-2.4706,-2.4706,-2.4706,-59.2948,-0.00113294,-12.3531,-11.4036,-49.4123,-50.3618,-0.00094412,-0.00096226,-0.00004721,36.9350,33.6024,-0.0437,-3.2508,-0.1159,2754.5753,74.4211,12.8426,37.0032,13.1659,26.3317,52.6635,71.0957,102.6937,147.4577,26.3317,0.0,3.9,5.6,1.402681,30,147,41,3,0.00098153,-0.00118015,0.01250000,0E-8,0.000000,0.907845,0.000000,-0.01369359,2026-03-23,2026-08-06,19,533,225,137,0.138686,0.347066,0.347707,0.003272,,,,,,,,GLOBAL_BASELINE_NO_ENTITY_RANKING,,,NOT_APPLICABLE_GLOBAL_BASELINE,HF9g-P5,,,,X 全窗基线 · 不参与实体赏罚,3925497,393,A168_HF9F_20260827_0900,2026-08-27 09:00:00
2026-03-25,123633016,987,0,179.0557442662,26.3317270980,26.3317270980,0.6666667,3,3,0.50665070000000000,0.506650700000,0.5543606114942035,0.5543606114942035,0.5543606114942035,0E-17,ELIGIBLE,R03b_20260811_FULL_v1,L1_ELIGIBILITY,v2026-08-11,2026-03-21..2026-08-06,baccarat_bet02_101_all_pairs_incl_sentinel,round_win = game_pnl > 0 (decisive only),COMPATIBILITY_ONLY_NOT_PRODUCTION,52336.9300,47513.8143,-61.7654,1417,1414,0.00118015,-0.01250000,0.00119359,0.00118015,61.7654,52336.9300,OK,0.0000,-2.4706,4.0000,96.0000,AG03-UNRESOLVED,ALL5_LEVELS_bet23_to_bet27,-2.4706,-2.4706,-2.4706,-2.4706,-2.4706,4.000000,4.000000,4.000000,4.000000,4.000000,96.000000,96.000000,96.000000,96.000000,96.000000,5.0,-12.3531,-11.4036,-49.4123,-50.3618,PENDING_AG03,FALSE,NOT_FOR_ENFORCEMENT,-59.2948,45613.2617,-61.7654,-59.2948,-2.4706,-0.00118015,-0.00113294,-2.4706,-59.2948,-0.00113294,-2.4706,-2.4706,-2.4706,-2.4706,-2.4706,-59.2948,-0.00113294,-12.3531,-11.4036,-49.4123,-50.3618,-0.00094412,-0.00096226,-0.00004721,36.9350,33.6024,-0.0437,-3.2508,-0.1159,2754.5753,74.4211,12.8426,37.0032,13.1659,26.3317,52.6635,71.0957,102.6937,147.4577,26.3317,0.0,3.9,5.6,1.402681,30,147,41,3,0.00098153,-0.00118015,0.01250000,0E-8,0.000000,0.907845,0.000000,-0.01369359,2026-03-23,2026-08-06,19,533,225,137,0.138686,0.347066,0.347707,0.003272,,,,,,,,GLOBAL_BASELINE_NO_ENTITY_RANKING,,,NOT_APPLICABLE_GLOBAL_BASELINE,HF9g-P5,,,,X 全窗基线 · 不参与实体赏罚,3925498,393,A168_HF9F_20260827_0900,2026-08-27 09:00:00
2026-03-25,123633016,994,0,26.3317270980,-26.3317270980,-26.3317270980,0E-7,1,1,0.49324550000000000,0.493245500000,-0.9865810262130424,-0.9865810262130424,-0.9865810262130424,0E-17,ELIGIBLE,R03b_20260811_FULL_v1,L1_ELIGIBILITY,v2026-08-11,2026-03-21..2026-08-06,baccarat_bet02_101_all_pairs_incl_sentinel,round_win = game_pnl > 0 (decisive only),COMPATIBILITY_ONLY_NOT_PRODUCTION,52336.9300,47513.8143,-61.7654,1417,1414,0.00118015,-0.01250000,0.00119359,0.00118015,61.7654,52336.9300,OK,0.0000,-2.4706,4.0000,96.0000,AG03-UNRESOLVED,ALL5_LEVELS_bet23_to_bet27,-2.4706,-2.4706,-2.4706,-2.4706,-2.4706,4.000000,4.000000,4.000000,4.000000,4.000000,96.000000,96.000000,96.000000,96.000000,96.000000,5.0,-12.3531,-11.4036,-49.4123,-50.3618,PENDING_AG03,FALSE,NOT_FOR_ENFORCEMENT,-59.2948,45613.2617,-61.7654,-59.2948,-2.4706,-0.00118015,-0.00113294,-2.4706,-59.2948,-0.00113294,-2.4706,-2.4706,-2.4706,-2.4706,-2.4706,-59.2948,-0.00113294,-12.3531,-11.4036,-49.4123,-50.3618,-0.00094412,-0.00096226,-0.00004721,36.9350,33.6024,-0.0437,-3.2508,-0.1159,2754.5753,74.4211,12.8426,37.0032,13.1659,26.3317,52.6635,71.0957,102.6937,147.4577,26.3317,0.0,3.9,5.6,1.402681,30,147,41,3,0.00098153,-0.00118015,0.01250000,0E-8,0.000000,0.907845,0.000000,-0.01369359,2026-03-23,2026-08-06,19,533,225,137,0.138686,0.347066,0.347707,0.003272,,,,,,,,GLOBAL_BASELINE_NO_ENTITY_RANKING,,,NOT_APPLICABLE_GLOBAL_BASELINE,HF9g-P5,,,,X 全窗基线 · 不参与实体赏罚,3925499,393,A168_HF9F_20260827_0900,2026-08-27 09:00:00
2026-03-26,123633016,-1,1,1511.4411354249,-37.7991942501,-37.7991942501,0.4927536,78,77,0.50119577012987013,0.501166754545,-0.14025187955987553,-0.139769815919438,-0.14025187955987553,0.00002901558487013,SENTINEL_DEALER,R03b_20260811_FULL_v1,L1_ELIGIBILITY,v2026-08-11,2026-03-21..2026-08-06,baccarat_bet02_101_all_pairs_incl_sentinel,round_win = game_pnl > 0 (decisive only),COMPATIBILITY_ONLY_NOT_PRODUCTION,52336.9300,47513.8143,-61.7654,1417,1414,0.00118015,-0.01250000,0.00119359,0.00118015,61.7654,52336.9300,OK,0.0000,-2.4706,4.0000,96.0000,AG03-UNRESOLVED,ALL5_LEVELS_bet23_to_bet27,-2.4706,-2.4706,-2.4706,-2.4706,-2.4706,4.000000,4.000000,4.000000,4.000000,4.000000,96.000000,96.000000,96.000000,96.000000,96.000000,5.0,-12.3531,-11.4036,-49.4123,-50.3618,PENDING_AG03,FALSE,NOT_FOR_ENFORCEMENT,-59.2948,45613.2617,-61.7654,-59.2948,-2.4706,-0.00118015,-0.00113294,-2.4706,-59.2948,-0.00113294,-2.4706,-2.4706,-2.4706,-2.4706,-2.4706,-59.2948,-0.00113294,-12.3531,-11.4036,-49.4123,-50.3618,-0.00094412,-0.00096226,-0.00004721,36.9350,33.6024,-0.0437,-3.2508,-0.1159,2754.5753,74.4211,12.8426,37.0032,13.1659,26.3317,52.6635,71.0957,102.6937,147.4577,26.3317,0.0,3.9,5.6,1.402681,30,147,41,3,0.00098153,-0.00118015,0.01250000,0E-8,0.000000,0.907845,0.000000,-0.01369359,2026-03-23,2026-08-06,19,533,225,137,0.138686,0.347066,0.347707,0.003272,,,,,,,,GLOBAL_BASELINE_NO_ENTITY_RANKING,,,NOT_APPLICABLE_GLOBAL_BASELINE,HF9g-P5,,,,X 全窗基线 · 不参与实体赏罚,3925500,393,A168_HF9F_20260827_0900,2026-08-27 09:00:00
2026-03-26,123633016,1017,0,52.6634541960,26.3317270980,26.3317270980,0.6666667,3,3,0.49324550000000000,0.493245500000,0.6008033672792107,0.6008033672792106,0.6008033672792107,0E-17,ELIGIBLE,R03b_20260811_FULL_v1,L1_ELIGIBILITY,v2026-08-11,2026-03-21..2026-08-06,baccarat_bet02_101_all_pairs_incl_sentinel,round_win = game_pnl > 0 (decisive only),COMPATIBILITY_ONLY_NOT_PRODUCTION,52336.9300,47513.8143,-61.7654,1417,1414,0.00118015,-0.01250000,0.00119359,0.00118015,61.7654,52336.9300,OK,0.0000,-2.4706,4.0000,96.0000,AG03-UNRESOLVED,ALL5_LEVELS_bet23_to_bet27,-2.4706,-2.4706,-2.4706,-2.4706,-2.4706,4.000000,4.000000,4.000000,4.000000,4.000000,96.000000,96.000000,96.000000,96.000000,96.000000,5.0,-12.3531,-11.4036,-49.4123,-50.3618,PENDING_AG03,FALSE,NOT_FOR_ENFORCEMENT,-59.2948,45613.2617,-61.7654,-59.2948,-2.4706,-0.00118015,-0.00113294,-2.4706,-59.2948,-0.00113294,-2.4706,-2.4706,-2.4706,-2.4706,-2.4706,-59.2948,-0.00113294,-12.3531,-11.4036,-49.4123,-50.3618,-0.00094412,-0.00096226,-0.00004721,36.9350,33.6024,-0.0437,-3.2508,-0.1159,2754.5753,74.4211,12.8426,37.0032,13.1659,26.3317,52.6635,71.0957,102.6937,147.4577,26.3317,0.0,3.9,5.6,1.402681,30,147,41,3,0.00098153,-0.00118015,0.01250000,0E-8,0.000000,0.907845,0.000000,-0.01369359,2026-03-23,2026-08-06,19,533,225,137,0.138686,0.347066,0.347707,0.003272,,,,,,,,GLOBAL_BASELINE_NO_ENTITY_RANKING,,,NOT_APPLICABLE_GLOBAL_BASELINE,HF9g-P5,,,,X 全窗基线 · 不参与实体赏罚,3925501,393,A168_HF9F_20260827_0900,2026-08-27 09:00:00
2026-03-26,123633016,1109,0,52.6634541960,13.1658635490,13.1658635490,0.6666667,4,4,0.49324550000000000,0.493245500000,0.6008033672792107,0.6008033672792106,0.6008033672792107,0E-17,ELIGIBLE,R03b_20260811_FULL_v1,L1_ELIGIBILITY,v2026-08-11,2026-03-21..2026-08-06,baccarat_bet02_101_all_pairs_incl_sentinel,round_win = game_pnl > 0 (decisive only),COMPATIBILITY_ONLY_NOT_PRODUCTION,52336.9300,47513.8143,-61.7654,1417,1414,0.00118015,-0.01250000,0.00119359,0.00118015,61.7654,52336.9300,OK,0.0000,-2.4706,4.0000,96.0000,AG03-UNRESOLVED,ALL5_LEVELS_bet23_to_bet27,-2.4706,-2.4706,-2.4706,-2.4706,-2.4706,4.000000,4.000000,4.000000,4.000000,4.000000,96.000000,96.000000,96.000000,96.000000,96.000000,5.0,-12.3531,-11.4036,-49.4123,-50.3618,PENDING_AG03,FALSE,NOT_FOR_ENFORCEMENT,-59.2948,45613.2617,-61.7654,-59.2948,-2.4706,-0.00118015,-0.00113294,-2.4706,-59.2948,-0.00113294,-2.4706,-2.4706,-2.4706,-2.4706,-2.4706,-59.2948,-0.00113294,-12.3531,-11.4036,-49.4123,-50.3618,-0.00094412,-0.00096226,-0.00004721,36.9350,33.6024,-0.0437,-3.2508,-0.1159,2754.5753,74.4211,12.8426,37.0032,13.1659,26.3317,52.6635,71.0957,102.6937,147.4577,26.3317,0.0,3.9,5.6,1.402681,30,147,41,3,0.00098153,-0.00118015,0.01250000,0E-8,0.000000,0.907845,0.000000,-0.01369359,2026-03-23,2026-08-06,19,533,225,137,0.138686,0.347066,0.347707,0.003272,,,,,,,,GLOBAL_BASELINE_NO_ENTITY_RANKING,,,NOT_APPLICABLE_GLOBAL_BASELINE,HF9g-P5,,,,X 全窗基线 · 不参与实体赏罚,3925502,393,A168_HF9F_20260827_0900,2026-08-27 09:00:00
2026-03-26,123633016,1302,0,13.1658635490,-13.1658635490,-13.1658635490,0E-7,1,1,0.50665070000000000,0.506650700000,-1.013391052207602,-1.013391052207602,-1.013391052207602,0E-17,ELIGIBLE,R03b_20260811_FULL_v1,L1_ELIGIBILITY,v2026-08-11,2026-03-21..2026-08-06,baccarat_bet02_101_all_pairs_incl_sentinel,round_win = game_pnl > 0 (decisive only),COMPATIBILITY_ONLY_NOT_PRODUCTION,52336.9300,47513.8143,-61.7654,1417,1414,0.00118015,-0.01250000,0.00119359,0.00118015,61.7654,52336.9300,OK,0.0000,-2.4706,4.0000,96.0000,AG03-UNRESOLVED,ALL5_LEVELS_bet23_to_bet27,-2.4706,-2.4706,-2.4706,-2.4706,-2.4706,4.000000,4.000000,4.000000,4.000000,4.000000,96.000000,96.000000,96.000000,96.000000,96.000000,5.0,-12.3531,-11.4036,-49.4123,-50.3618,PENDING_AG03,FALSE,NOT_FOR_ENFORCEMENT,-59.2948,45613.2617,-61.7654,-59.2948,-2.4706,-0.00118015,-0.00113294,-2.4706,-59.2948,-0.00113294,-2.4706,-2.4706,-2.4706,-2.4706,-2.4706,-59.2948,-0.00113294,-12.3531,-11.4036,-49.4123,-50.3618,-0.00094412,-0.00096226,-0.00004721,36.9350,33.6024,-0.0437,-3.2508,-0.1159,2754.5753,74.4211,12.8426,37.0032,13.1659,26.3317,52.6635,71.0957,102.6937,147.4577,26.3317,0.0,3.9,5.6,1.402681,30,147,41,3,0.00098153,-0.00118015,0.01250000,0E-8,0.000000,0.907845,0.000000,-0.01369359,2026-03-23,2026-08-06,19,533,225,137,0.138686,0.347066,0.347707,0.003272,,,,,,,,GLOBAL_BASELINE_NO_ENTITY_RANKING,,,NOT_APPLICABLE_GLOBAL_BASELINE,HF9g-P5,,,,X 全窗基线 · 不参与实体赏罚,3925503,393,A168_HF9F_20260827_0900,2026-08-27 09:00:00
2026-03-26,123633016,1382,0,13.1658635490,-13.1658635490,-13.1658635490,0E-7,1,1,0.49324550000000000,0.493245500000,-0.9865810262130424,-0.9865810262130424,-0.9865810262130424,0E-17,ELIGIBLE,R03b_20260811_FULL_v1,L1_ELIGIBILITY,v2026-08-11,2026-03-21..2026-08-06,baccarat_bet02_101_all_pairs_incl_sentinel,round_win = game_pnl > 0 (decisive only),COMPATIBILITY_ONLY_NOT_PRODUCTION,52336.9300,47513.8143,-61.7654,1417,1414,0.00118015,-0.01250000,0.00119359,0.00118015,61.7654,52336.9300,OK,0.0000,-2.4706,4.0000,96.0000,AG03-UNRESOLVED,ALL5_LEVELS_bet23_to_bet27,-2.4706,-2.4706,-2.4706,-2.4706,-2.4706,4.000000,4.000000,4.000000,4.000000,4.000000,96.000000,96.000000,96.000000,96.000000,96.000000,5.0,-12.3531,-11.4036,-49.4123,-50.3618,PENDING_AG03,FALSE,NOT_FOR_ENFORCEMENT,-59.2948,45613.2617,-61.7654,-59.2948,-2.4706,-0.00118015,-0.00113294,-2.4706,-59.2948,-0.00113294,-2.4706,-2.4706,-2.4706,-2.4706,-2.4706,-59.2948,-0.00113294,-12.3531,-11.4036,-49.4123,-50.3618,-0.00094412,-0.00096226,-0.00004721,36.9350,33.6024,-0.0437,-3.2508,-0.1159,2754.5753,74.4211,12.8426,37.0032,13.1659,26.3317,52.6635,71.0957,102.6937,147.4577,26.3317,0.0,3.9,5.6,1.402681,30,147,41,3,0.00098153,-0.00118015,0.01250000,0E-8,0.000000,0.907845,0.000000,-0.01369359,2026-03-23,2026-08-06,19,533,225,137,0.138686,0.347066,0.347707,0.003272,,,,,,,,GLOBAL_BASELINE_NO_ENTITY_RANKING,,,NOT_APPLICABLE_GLOBAL_BASELINE,HF9g-P5,,,,X 全窗基线 · 不参与实体赏罚,3925504,393,A168_HF9F_20260827_0900,2026-08-27 09:00:00
2026-03-26,123633016,1384,0,26.3317270980,-0.6582931775,-0.6582931775,0.5000000,2,2,0.50665070000000000,0.506650700000,-0.018812684590367487,-0.018812684590367487,-0.018812684590367487,0E-17,ELIGIBLE,R03b_20260811_FULL_v1,L1_ELIGIBILITY,v2026-08-11,2026-03-21..2026-08-06,baccarat_bet02_101_all_pairs_incl_sentinel,round_win = game_pnl > 0 (decisive only),COMPATIBILITY_ONLY_NOT_PRODUCTION,52336.9300,47513.8143,-61.7654,1417,1414,0.00118015,-0.01250000,0.00119359,0.00118015,61.7654,52336.9300,OK,0.0000,-2.4706,4.0000,96.0000,AG03-UNRESOLVED,ALL5_LEVELS_bet23_to_bet27,-2.4706,-2.4706,-2.4706,-2.4706,-2.4706,4.000000,4.000000,4.000000,4.000000,4.000000,96.000000,96.000000,96.000000,96.000000,96.000000,5.0,-12.3531,-11.4036,-49.4123,-50.3618,PENDING_AG03,FALSE,NOT_FOR_ENFORCEMENT,-59.2948,45613.2617,-61.7654,-59.2948,-2.4706,-0.00118015,-0.00113294,-2.4706,-59.2948,-0.00113294,-2.4706,-2.4706,-2.4706,-2.4706,-2.4706,-59.2948,-0.00113294,-12.3531,-11.4036,-49.4123,-50.3618,-0.00094412,-0.00096226,-0.00004721,36.9350,33.6024,-0.0437,-3.2508,-0.1159,2754.5753,74.4211,12.8426,37.0032,13.1659,26.3317,52.6635,71.0957,102.6937,147.4577,26.3317,0.0,3.9,5.6,1.402681,30,147,41,3,0.00098153,-0.00118015,0.01250000,0E-8,0.000000,0.907845,0.000000,-0.01369359,2026-03-23,2026-08-06,19,533,225,137,0.138686,0.347066,0.347707,0.003272,,,,,,,,GLOBAL_BASELINE_NO_ENTITY_RANKING,,,NOT_APPLICABLE_GLOBAL_BASELINE,HF9g-P5,,,,X 全窗基线 · 不参与实体赏罚,3925505,393,A168_HF9F_20260827_0900,2026-08-27 09:00:00
2026-03-26,123633016,1507,0,39.4975906470,-13.1658635490,-13.1658635490,0.5000000,2,2,0.49324550000000000,0.493245500000,0.01910635448239258,0.01910635448239258,0.01910635448239258,0E-17,ELIGIBLE,R03b_20260811_FULL_v1,L1_ELIGIBILITY,v2026-08-11,2026-03-21..2026-08-06,baccarat_bet02_101_all_pairs_incl_sentinel,round_win = game_pnl > 0 (decisive only),COMPATIBILITY_ONLY_NOT_PRODUCTION,52336.9300,47513.8143,-61.7654,1417,1414,0.00118015,-0.01250000,0.00119359,0.00118015,61.7654,52336.9300,OK,0.0000,-2.4706,4.0000,96.0000,AG03-UNRESOLVED,ALL5_LEVELS_bet23_to_bet27,-2.4706,-2.4706,-2.4706,-2.4706,-2.4706,4.000000,4.000000,4.000000,4.000000,4.000000,96.000000,96.000000,96.000000,96.000000,96.000000,5.0,-12.3531,-11.4036,-49.4123,-50.3618,PENDING_AG03,FALSE,NOT_FOR_ENFORCEMENT,-59.2948,45613.2617,-61.7654,-59.2948,-2.4706,-0.00118015,-0.00113294,-2.4706,-59.2948,-0.00113294,-2.4706,-2.4706,-2.4706,-2.4706,-2.4706,-59.2948,-0.00113294,-12.3531,-11.4036,-49.4123,-50.3618,-0.00094412,-0.00096226,-0.00004721,36.9350,33.6024,-0.0437,-3.2508,-0.1159,2754.5753,74.4211,12.8426,37.0032,13.1659,26.3317,52.6635,71.0957,102.6937,147.4577,26.3317,0.0,3.9,5.6,1.402681,30,147,41,3,0.00098153,-0.00118015,0.01250000,0E-8,0.000000,0.907845,0.000000,-0.01369359,2026-03-23,2026-08-06,19,533,225,137,0.138686,0.347066,0.347707,0.003272,,,,,,,,GLOBAL_BASELINE_NO_ENTITY_RANKING,,,NOT_APPLICABLE_GLOBAL_BASELINE,HF9g-P5,,,,X 全窗基线 · 不参与实体赏罚,3925506,393,A168_HF9F_20260827_0900,2026-08-27 09:00:00
2026-03-26,123633016,1509,0,26.3317270980,0E-10,0E-10,0.5000000,2,2,0.49324550000000000,0.493245500000,0.01910635448239258,0.01910635448239258,0.01910635448239258,0E-17,ELIGIBLE,R03b_20260811_FULL_v1,L1_ELIGIBILITY,v2026-08-11,2026-03-21..2026-08-06,baccarat_bet02_101_all_pairs_incl_sentinel,round_win = game_pnl > 0 (decisive only),COMPATIBILITY_ONLY_NOT_PRODUCTION,52336.9300,47513.8143,-61.7654,1417,1414,0.00118015,-0.01250000,0.00119359,0.00118015,61.7654,52336.9300,OK,0.0000,-2.4706,4.0000,96.0000,AG03-UNRESOLVED,ALL5_LEVELS_bet23_to_bet27,-2.4706,-2.4706,-2.4706,-2.4706,-2.4706,4.000000,4.000000,4.000000,4.000000,4.000000,96.000000,96.000000,96.000000,96.000000,96.000000,5.0,-12.3531,-11.4036,-49.4123,-50.3618,PENDING_AG03,FALSE,NOT_FOR_ENFORCEMENT,-59.2948,45613.2617,-61.7654,-59.2948,-2.4706,-0.00118015,-0.00113294,-2.4706,-59.2948,-0.00113294,-2.4706,-2.4706,-2.4706,-2.4706,-2.4706,-59.2948,-0.00113294,-12.3531,-11.4036,-49.4123,-50.3618,-0.00094412,-0.00096226,-0.00004721,36.9350,33.6024,-0.0437,-3.2508,-0.1159,2754.5753,74.4211,12.8426,37.0032,13.1659,26.3317,52.6635,71.0957,102.6937,147.4577,26.3317,0.0,3.9,5.6,1.402681,30,147,41,3,0.00098153,-0.00118015,0.01250000,0E-8,0.000000,0.907845,0.000000,-0.01369359,2026-03-23,2026-08-06,19,533,225,137,0.138686,0.347066,0.347707,0.003272,,,,,,,,GLOBAL_BASELINE_NO_ENTITY_RANKING,,,NOT_APPLICABLE_GLOBAL_BASELINE,HF9g-P5,,,,X 全窗基线 · 不参与实体赏罚,3925507,393,A168_HF9F_20260827_0900,2026-08-27 09:00:00
2026-03-26,123633016,1646,0,52.6634541960,-26.3317270980,-26.3317270980,0.3333333,3,3,0.49324550000000000,0.493245500000,-0.5540025479526107,-0.5540025479526106,-0.5540025479526107,0E-17,ELIGIBLE,R03b_20260811_FULL_v1,L1_ELIGIBILITY,v2026-08-11,2026-03-21..2026-08-06,baccarat_bet02_101_all_pairs_incl_sentinel,round_win = game_pnl > 0 (decisive only),COMPATIBILITY_ONLY_NOT_PRODUCTION,52336.9300,47513.8143,-61.7654,1417,1414,0.00118015,-0.01250000,0.00119359,0.00118015,61.7654,52336.9300,OK,0.0000,-2.4706,4.0000,96.0000,AG03-UNRESOLVED,ALL5_LEVELS_bet23_to_bet27,-2.4706,-2.4706,-2.4706,-2.4706,-2.4706,4.000000,4.000000,4.000000,4.000000,4.000000,96.000000,96.000000,96.000000,96.000000,96.000000,5.0,-12.3531,-11.4036,-49.4123,-50.3618,PENDING_AG03,FALSE,NOT_FOR_ENFORCEMENT,-59.2948,45613.2617,-61.7654,-59.2948,-2.4706,-0.00118015,-0.00113294,-2.4706,-59.2948,-0.00113294,-2.4706,-2.4706,-2.4706,-2.4706,-2.4706,-59.2948,-0.00113294,-12.3531,-11.4036,-49.4123,-50.3618,-0.00094412,-0.00096226,-0.00004721,36.9350,33.6024,-0.0437,-3.2508,-0.1159,2754.5753,74.4211,12.8426,37.0032,13.1659,26.3317,52.6635,71.0957,102.6937,147.4577,26.3317,0.0,3.9,5.6,1.402681,30,147,41,3,0.00098153,-0.00118015,0.01250000,0E-8,0.000000,0.907845,0.000000,-0.01369359,2026-03-23,2026-08-06,19,533,225,137,0.138686,0.347066,0.347707,0.003272,,,,,,,,GLOBAL_BASELINE_NO_ENTITY_RANKING,,,NOT_APPLICABLE_GLOBAL_BASELINE,HF9g-P5,,,,X 全窗基线 · 不参与实体赏罚,3925508,393,A168_HF9F_20260827_0900,2026-08-27 09:00:00
2026-03-26,123633016,1941,0,39.4975906470,-26.3317270980,-26.3317270980,0E-7,3,3,0.49324550000000000,0.493245500000,-1.3952362676504506,-1.3952362676504506,-1.3952362676504506,0E-17,ELIGIBLE,R03b_20260811_FULL_v1,L1_ELIGIBILITY,v2026-08-11,2026-03-21..2026-08-06,baccarat_bet02_101_all_pairs_incl_sentinel,round_win = game_pnl > 0 (decisive only),COMPATIBILITY_ONLY_NOT_PRODUCTION,52336.9300,47513.8143,-61.7654,1417,1414,0.00118015,-0.01250000,0.00119359,0.00118015,61.7654,52336.9300,OK,0.0000,-2.4706,4.0000,96.0000,AG03-UNRESOLVED,ALL5_LEVELS_bet23_to_bet27,-2.4706,-2.4706,-2.4706,-2.4706,-2.4706,4.000000,4.000000,4.000000,4.000000,4.000000,96.000000,96.000000,96.000000,96.000000,96.000000,5.0,-12.3531,-11.4036,-49.4123,-50.3618,PENDING_AG03,FALSE,NOT_FOR_ENFORCEMENT,-59.2948,45613.2617,-61.7654,-59.2948,-2.4706,-0.00118015,-0.00113294,-2.4706,-59.2948,-0.00113294,-2.4706,-2.4706,-2.4706,-2.4706,-2.4706,-59.2948,-0.00113294,-12.3531,-11.4036,-49.4123,-50.3618,-0.00094412,-0.00096226,-0.00004721,36.9350,33.6024,-0.0437,-3.2508,-0.1159,2754.5753,74.4211,12.8426,37.0032,13.1659,26.3317,52.6635,71.0957,102.6937,147.4577,26.3317,0.0,3.9,5.6,1.402681,30,147,41,3,0.00098153,-0.00118015,0.01250000,0E-8,0.000000,0.907845,0.000000,-0.01369359,2026-03-23,2026-08-06,19,533,225,137,0.138686,0.347066,0.347707,0.003272,,,,,,,,GLOBAL_BASELINE_NO_ENTITY_RANKING,,,NOT_APPLICABLE_GLOBAL_BASELINE,HF9g-P5,,,,X 全窗基线 · 不参与实体赏罚,3925509,393,A168_HF9F_20260827_0900,2026-08-27 09:00:00
2026-03-26,123633016,1984,0,13.1658635490,-13.1658635490,-13.1658635490,0E-7,1,1,0.49324550000000000,0.493245500000,-0.9865810262130424,-0.9865810262130424,-0.9865810262130424,0E-17,ELIGIBLE,R03b_20260811_FULL_v1,L1_ELIGIBILITY,v2026-08-11,2026-03-21..2026-08-06,baccarat_bet02_101_all_pairs_incl_sentinel,round_win = game_pnl > 0 (decisive only),COMPATIBILITY_ONLY_NOT_PRODUCTION,52336.9300,47513.8143,-61.7654,1417,1414,0.00118015,-0.01250000,0.00119359,0.00118015,61.7654,52336.9300,OK,0.0000,-2.4706,4.0000,96.0000,AG03-UNRESOLVED,ALL5_LEVELS_bet23_to_bet27,-2.4706,-2.4706,-2.4706,-2.4706,-2.4706,4.000000,4.000000,4.000000,4.000000,4.000000,96.000000,96.000000,96.000000,96.000000,96.000000,5.0,-12.3531,-11.4036,-49.4123,-50.3618,PENDING_AG03,FALSE,NOT_FOR_ENFORCEMENT,-59.2948,45613.2617,-61.7654,-59.2948,-2.4706,-0.00118015,-0.00113294,-2.4706,-59.2948,-0.00113294,-2.4706,-2.4706,-2.4706,-2.4706,-2.4706,-59.2948,-0.00113294,-12.3531,-11.4036,-49.4123,-50.3618,-0.00094412,-0.00096226,-0.00004721,36.9350,33.6024,-0.0437,-3.2508,-0.1159,2754.5753,74.4211,12.8426,37.0032,13.1659,26.3317,52.6635,71.0957,102.6937,147.4577,26.3317,0.0,3.9,5.6,1.402681,30,147,41,3,0.00098153,-0.00118015,0.01250000,0E-8,0.000000,0.907845,0.000000,-0.01369359,2026-03-23,2026-08-06,19,533,225,137,0.138686,0.347066,0.347707,0.003272,,,,,,,,GLOBAL_BASELINE_NO_ENTITY_RANKING,,,NOT_APPLICABLE_GLOBAL_BASELINE,HF9g-P5,,,,X 全窗基线 · 不参与实体赏罚,3925510,393,A168_HF9F_20260827_0900,2026-08-27 09:00:00
2026-03-26,123633016,2088,0,13.1658635490,-13.1658635490,-13.1658635490,0E-7,1,1,0.50665070000000000,0.506650700000,-1.013391052207602,-1.013391052207602,-1.013391052207602,0E-17,ELIGIBLE,R03b_20260811_FULL_v1,L1_ELIGIBILITY,v2026-08-11,2026-03-21..2026-08-06,baccarat_bet02_101_all_pairs_incl_sentinel,round_win = game_pnl > 0 (decisive only),COMPATIBILITY_ONLY_NOT_PRODUCTION,52336.9300,47513.8143,-61.7654,1417,1414,0.00118015,-0.01250000,0.00119359,0.00118015,61.7654,52336.9300,OK,0.0000,-2.4706,4.0000,96.0000,AG03-UNRESOLVED,ALL5_LEVELS_bet23_to_bet27,-2.4706,-2.4706,-2.4706,-2.4706,-2.4706,4.000000,4.000000,4.000000,4.000000,4.000000,96.000000,96.000000,96.000000,96.000000,96.000000,5.0,-12.3531,-11.4036,-49.4123,-50.3618,PENDING_AG03,FALSE,NOT_FOR_ENFORCEMENT,-59.2948,45613.2617,-61.7654,-59.2948,-2.4706,-0.00118015,-0.00113294,-2.4706,-59.2948,-0.00113294,-2.4706,-2.4706,-2.4706,-2.4706,-2.4706,-59.2948,-0.00113294,-12.3531,-11.4036,-49.4123,-50.3618,-0.00094412,-0.00096226,-0.00004721,36.9350,33.6024,-0.0437,-3.2508,-0.1159,2754.5753,74.4211,12.8426,37.0032,13.1659,26.3317,52.6635,71.0957,102.6937,147.4577,26.3317,0.0,3.9,5.6,1.402681,30,147,41,3,0.00098153,-0.00118015,0.01250000,0E-8,0.000000,0.907845,0.000000,-0.01369359,2026-03-23,2026-08-06,19,533,225,137,0.138686,0.347066,0.347707,0.003272,,,,,,,,GLOBAL_BASELINE_NO_ENTITY_RANKING,,,NOT_APPLICABLE_GLOBAL_BASELINE,HF9g-P5,,,,X 全窗基线 · 不参与实体赏罚,3925511,393,A168_HF9F_20260827_0900,2026-08-27 09:00:00
2026-03-26,123633016,2093,0,39.4975906470,25.0151407430,25.0151407430,1.0000000,3,3,0.50665070000000000,0.506650700000,1.3955260008387969,1.3955260008387969,1.3955260008387969,0E-17,ELIGIBLE,R03b_20260811_FULL_v1,L1_ELIGIBILITY,v2026-08-11,2026-03-21..2026-08-06,baccarat_bet02_101_all_pairs_incl_sentinel,round_win = game_pnl > 0 (decisive only),COMPATIBILITY_ONLY_NOT_PRODUCTION,52336.9300,47513.8143,-61.7654,1417,1414,0.00118015,-0.01250000,0.00119359,0.00118015,61.7654,52336.9300,OK,0.0000,-2.4706,4.0000,96.0000,AG03-UNRESOLVED,ALL5_LEVELS_bet23_to_bet27,-2.4706,-2.4706,-2.4706,-2.4706,-2.4706,4.000000,4.000000,4.000000,4.000000,4.000000,96.000000,96.000000,96.000000,96.000000,96.000000,5.0,-12.3531,-11.4036,-49.4123,-50.3618,PENDING_AG03,FALSE,NOT_FOR_ENFORCEMENT,-59.2948,45613.2617,-61.7654,-59.2948,-2.4706,-0.00118015,-0.00113294,-2.4706,-59.2948,-0.00113294,-2.4706,-2.4706,-2.4706,-2.4706,-2.4706,-59.2948,-0.00113294,-12.3531,-11.4036,-49.4123,-50.3618,-0.00094412,-0.00096226,-0.00004721,36.9350,33.6024,-0.0437,-3.2508,-0.1159,2754.5753,74.4211,12.8426,37.0032,13.1659,26.3317,52.6635,71.0957,102.6937,147.4577,26.3317,0.0,3.9,5.6,1.402681,30,147,41,3,0.00098153,-0.00118015,0.01250000,0E-8,0.000000,0.907845,0.000000,-0.01369359,2026-03-23,2026-08-06,19,533,225,137,0.138686,0.347066,0.347707,0.003272,,,,,,,,GLOBAL_BASELINE_NO_ENTITY_RANKING,,,NOT_APPLICABLE_GLOBAL_BASELINE,HF9g-P5,,,,X 全窗基线 · 不参与实体赏罚,3925512,393,A168_HF9F_20260827_0900,2026-08-27 09:00:00
2026-03-26,123633016,2108,0,13.1658635490,-13.1658635490,-13.1658635490,0E-7,1,1,0.49324550000000000,0.493245500000,-0.9865810262130424,-0.9865810262130424,-0.9865810262130424,0E-17,ELIGIBLE,R03b_20260811_FULL_v1,L1_ELIGIBILITY,v2026-08-11,2026-03-21..2026-08-06,baccarat_bet02_101_all_pairs_incl_sentinel,round_win = game_pnl > 0 (decisive only),COMPATIBILITY_ONLY_NOT_PRODUCTION,52336.9300,47513.8143,-61.7654,1417,1414,0.00118015,-0.01250000,0.00119359,0.00118015,61.7654,52336.9300,OK,0.0000,-2.4706,4.0000,96.0000,AG03-UNRESOLVED,ALL5_LEVELS_bet23_to_bet27,-2.4706,-2.4706,-2.4706,-2.4706,-2.4706,4.000000,4.000000,4.000000,4.000000,4.000000,96.000000,96.000000,96.000000,96.000000,96.000000,5.0,-12.3531,-11.4036,-49.4123,-50.3618,PENDING_AG03,FALSE,NOT_FOR_ENFORCEMENT,-59.2948,45613.2617,-61.7654,-59.2948,-2.4706,-0.00118015,-0.00113294,-2.4706,-59.2948,-0.00113294,-2.4706,-2.4706,-2.4706,-2.4706,-2.4706,-59.2948,-0.00113294,-12.3531,-11.4036,-49.4123,-50.3618,-0.00094412,-0.00096226,-0.00004721,36.9350,33.6024,-0.0437,-3.2508,-0.1159,2754.5753,74.4211,12.8426,37.0032,13.1659,26.3317,52.6635,71.0957,102.6937,147.4577,26.3317,0.0,3.9,5.6,1.402681,30,147,41,3,0.00098153,-0.00118015,0.01250000,0E-8,0.000000,0.907845,0.000000,-0.01369359,2026-03-23,2026-08-06,19,533,225,137,0.138686,0.347066,0.347707,0.003272,,,,,,,,GLOBAL_BASELINE_NO_ENTITY_RANKING,,,NOT_APPLICABLE_GLOBAL_BASELINE,HF9g-P5,,,,X 全窗基线 · 不参与实体赏罚,3925513,393,A168_HF9F_20260827_0900,2026-08-27 09:00:00
2026-03-26,123633016,2117,0,51.6101851121,-51.6101851121,-51.6101851121,0E-7,2,2,0.49994810000000000,0.499948100000,-1.4140667746232096,-1.4140667746232096,-1.4140667746232096,0E-17,ELIGIBLE,R03b_20260811_FULL_v1,L1_ELIGIBILITY,v2026-08-11,2026-03-21..2026-08-06,baccarat_bet02_101_all_pairs_incl_sentinel,round_win = game_pnl > 0 (decisive only),COMPATIBILITY_ONLY_NOT_PRODUCTION,52336.9300,47513.8143,-61.7654,1417,1414,0.00118015,-0.01250000,0.00119359,0.00118015,61.7654,52336.9300,OK,0.0000,-2.4706,4.0000,96.0000,AG03-UNRESOLVED,ALL5_LEVELS_bet23_to_bet27,-2.4706,-2.4706,-2.4706,-2.4706,-2.4706,4.000000,4.000000,4.000000,4.000000,4.000000,96.000000,96.000000,96.000000,96.000000,96.000000,5.0,-12.3531,-11.4036,-49.4123,-50.3618,PENDING_AG03,FALSE,NOT_FOR_ENFORCEMENT,-59.2948,45613.2617,-61.7654,-59.2948,-2.4706,-0.00118015,-0.00113294,-2.4706,-59.2948,-0.00113294,-2.4706,-2.4706,-2.4706,-2.4706,-2.4706,-59.2948,-0.00113294,-12.3531,-11.4036,-49.4123,-50.3618,-0.00094412,-0.00096226,-0.00004721,36.9350,33.6024,-0.0437,-3.2508,-0.1159,2754.5753,74.4211,12.8426,37.0032,13.1659,26.3317,52.6635,71.0957,102.6937,147.4577,26.3317,0.0,3.9,5.6,1.402681,30,147,41,3,0.00098153,-0.00118015,0.01250000,0E-8,0.000000,0.907845,0.000000,-0.01369359,2026-03-23,2026-08-06,19,533,225,137,0.138686,0.347066,0.347707,0.003272,,,,,,,,GLOBAL_BASELINE_NO_ENTITY_RANKING,,,NOT_APPLICABLE_GLOBAL_BASELINE,HF9g-P5,,,,X 全窗基线 · 不参与实体赏罚,3925514,393,A168_HF9F_20260827_0900,2026-08-27 09:00:00
2026-03-26,123633016,2121,0,26.3317270980,-26.3317270980,-26.3317270980,0E-7,2,2,0.49324550000000000,0.493245500000,-1.3952362676504506,-1.3952362676504506,-1.3952362676504506,0E-17,ELIGIBLE,R03b_20260811_FULL_v1,L1_ELIGIBILITY,v2026-08-11,2026-03-21..2026-08-06,baccarat_bet02_101_all_pairs_incl_sentinel,round_win = game_pnl > 0 (decisive only),COMPATIBILITY_ONLY_NOT_PRODUCTION,52336.9300,47513.8143,-61.7654,1417,1414,0.00118015,-0.01250000,0.00119359,0.00118015,61.7654,52336.9300,OK,0.0000,-2.4706,4.0000,96.0000,AG03-UNRESOLVED,ALL5_LEVELS_bet23_to_bet27,-2.4706,-2.4706,-2.4706,-2.4706,-2.4706,4.000000,4.000000,4.000000,4.000000,4.000000,96.000000,96.000000,96.000000,96.000000,96.000000,5.0,-12.3531,-11.4036,-49.4123,-50.3618,PENDING_AG03,FALSE,NOT_FOR_ENFORCEMENT,-59.2948,45613.2617,-61.7654,-59.2948,-2.4706,-0.00118015,-0.00113294,-2.4706,-59.2948,-0.00113294,-2.4706,-2.4706,-2.4706,-2.4706,-2.4706,-59.2948,-0.00113294,-12.3531,-11.4036,-49.4123,-50.3618,-0.00094412,-0.00096226,-0.00004721,36.9350,33.6024,-0.0437,-3.2508,-0.1159,2754.5753,74.4211,12.8426,37.0032,13.1659,26.3317,52.6635,71.0957,102.6937,147.4577,26.3317,0.0,3.9,5.6,1.402681,30,147,41,3,0.00098153,-0.00118015,0.01250000,0E-8,0.000000,0.907845,0.000000,-0.01369359,2026-03-23,2026-08-06,19,533,225,137,0.138686,0.347066,0.347707,0.003272,,,,,,,,GLOBAL_BASELINE_NO_ENTITY_RANKING,,,NOT_APPLICABLE_GLOBAL_BASELINE,HF9g-P5,,,,X 全窗基线 · 不参与实体赏罚,3925515,393,A168_HF9F_20260827_0900,2026-08-27 09:00:00
2026-03-26,123633016,2141,0,52.6634541960,-52.6634541960,-52.6634541960,0E-7,2,2,0.50665070000000000,0.506650700000,-1.4331513700195317,-1.4331513700195317,-1.4331513700195317,0E-17,ELIGIBLE,R03b_20260811_FULL_v1,L1_ELIGIBILITY,v2026-08-11,2026-03-21..2026-08-06,baccarat_bet02_101_all_pairs_incl_sentinel,round_win = game_pnl > 0 (decisive only),COMPATIBILITY_ONLY_NOT_PRODUCTION,52336.9300,47513.8143,-61.7654,1417,1414,0.00118015,-0.01250000,0.00119359,0.00118015,61.7654,52336.9300,OK,0.0000,-2.4706,4.0000,96.0000,AG03-UNRESOLVED,ALL5_LEVELS_bet23_to_bet27,-2.4706,-2.4706,-2.4706,-2.4706,-2.4706,4.000000,4.000000,4.000000,4.000000,4.000000,96.000000,96.000000,96.000000,96.000000,96.000000,5.0,-12.3531,-11.4036,-49.4123,-50.3618,PENDING_AG03,FALSE,NOT_FOR_ENFORCEMENT,-59.2948,45613.2617,-61.7654,-59.2948,-2.4706,-0.00118015,-0.00113294,-2.4706,-59.2948,-0.00113294,-2.4706,-2.4706,-2.4706,-2.4706,-2.4706,-59.2948,-0.00113294,-12.3531,-11.4036,-49.4123,-50.3618,-0.00094412,-0.00096226,-0.00004721,36.9350,33.6024,-0.0437,-3.2508,-0.1159,2754.5753,74.4211,12.8426,37.0032,13.1659,26.3317,52.6635,71.0957,102.6937,147.4577,26.3317,0.0,3.9,5.6,1.402681,30,147,41,3,0.00098153,-0.00118015,0.01250000,0E-8,0.000000,0.907845,0.000000,-0.01369359,2026-03-23,2026-08-06,19,533,225,137,0.138686,0.347066,0.347707,0.003272,,,,,,,,GLOBAL_BASELINE_NO_ENTITY_RANKING,,,NOT_APPLICABLE_GLOBAL_BASELINE,HF9g-P5,,,,X 全窗基线 · 不参与实体赏罚,3925516,393,A168_HF9F_20260827_0900,2026-08-27 09:00:00
2026-03-26,123633016,2155,0,26.3317270980,-26.3317270980,-26.3317270980,0E-7,2,2,0.49324550000000000,0.493245500000,-1.3952362676504506,-1.3952362676504506,-1.3952362676504506,0E-17,ELIGIBLE,R03b_20260811_FULL_v1,L1_ELIGIBILITY,v2026-08-11,2026-03-21..2026-08-06,baccarat_bet02_101_all_pairs_incl_sentinel,round_win = game_pnl > 0 (decisive only),COMPATIBILITY_ONLY_NOT_PRODUCTION,52336.9300,47513.8143,-61.7654,1417,1414,0.00118015,-0.01250000,0.00119359,0.00118015,61.7654,52336.9300,OK,0.0000,-2.4706,4.0000,96.0000,AG03-UNRESOLVED,ALL5_LEVELS_bet23_to_bet27,-2.4706,-2.4706,-2.4706,-2.4706,-2.4706,4.000000,4.000000,4.000000,4.000000,4.000000,96.000000,96.000000,96.000000,96.000000,96.000000,5.0,-12.3531,-11.4036,-49.4123,-50.3618,PENDING_AG03,FALSE,NOT_FOR_ENFORCEMENT,-59.2948,45613.2617,-61.7654,-59.2948,-2.4706,-0.00118015,-0.00113294,-2.4706,-59.2948,-0.00113294,-2.4706,-2.4706,-2.4706,-2.4706,-2.4706,-59.2948,-0.00113294,-12.3531,-11.4036,-49.4123,-50.3618,-0.00094412,-0.00096226,-0.00004721,36.9350,33.6024,-0.0437,-3.2508,-0.1159,2754.5753,74.4211,12.8426,37.0032,13.1659,26.3317,52.6635,71.0957,102.6937,147.4577,26.3317,0.0,3.9,5.6,1.402681,30,147,41,3,0.00098153,-0.00118015,0.01250000,0E-8,0.000000,0.907845,0.000000,-0.01369359,2026-03-23,2026-08-06,19,533,225,137,0.138686,0.347066,0.347707,0.003272,,,,,,,,GLOBAL_BASELINE_NO_ENTITY_RANKING,,,NOT_APPLICABLE_GLOBAL_BASELINE,HF9g-P5,,,,X 全窗基线 · 不参与实体赏罚,3925517,393,A168_HF9F_20260827_0900,2026-08-27 09:00:00
2026-03-26,123633016,2156,0,15.7990362588,0E-10,0E-10,,1,1,0.50665070000000000,0.506650700000,,,,0E-17,NO_DECISIVE_ROUND,R03b_20260811_FULL_v1,L1_ELIGIBILITY,v2026-08-11,2026-03-21..2026-08-06,baccarat_bet02_101_all_pairs_incl_sentinel,round_win = game_pnl > 0 (decisive only),COMPATIBILITY_ONLY_NOT_PRODUCTION,52336.9300,47513.8143,-61.7654,1417,1414,0.00118015,-0.01250000,0.00119359,0.00118015,61.7654,52336.9300,OK,0.0000,-2.4706,4.0000,96.0000,AG03-UNRESOLVED,ALL5_LEVELS_bet23_to_bet27,-2.4706,-2.4706,-2.4706,-2.4706,-2.4706,4.000000,4.000000,4.000000,4.000000,4.000000,96.000000,96.000000,96.000000,96.000000,96.000000,5.0,-12.3531,-11.4036,-49.4123,-50.3618,PENDING_AG03,FALSE,NOT_FOR_ENFORCEMENT,-59.2948,45613.2617,-61.7654,-59.2948,-2.4706,-0.00118015,-0.00113294,-2.4706,-59.2948,-0.00113294,-2.4706,-2.4706,-2.4706,-2.4706,-2.4706,-59.2948,-0.00113294,-12.3531,-11.4036,-49.4123,-50.3618,-0.00094412,-0.00096226,-0.00004721,36.9350,33.6024,-0.0437,-3.2508,-0.1159,2754.5753,74.4211,12.8426,37.0032,13.1659,26.3317,52.6635,71.0957,102.6937,147.4577,26.3317,0.0,3.9,5.6,1.402681,30,147,41,3,0.00098153,-0.00118015,0.01250000,0E-8,0.000000,0.907845,0.000000,-0.01369359,2026-03-23,2026-08-06,19,533,225,137,0.138686,0.347066,0.347707,0.003272,,,,,,,,GLOBAL_BASELINE_NO_ENTITY_RANKING,,,NOT_APPLICABLE_GLOBAL_BASELINE,HF9g-P5,,,,X 全窗基线 · 不参与实体赏罚,3925518,393,A168_HF9F_20260827_0900,2026-08-27 09:00:00
2026-03-26,123633016,2167,0,26.3317270980,0E-10,0E-10,0.5000000,2,2,0.49324550000000000,0.493245500000,0.01910635448239258,0.01910635448239258,0.01910635448239258,0E-17,ELIGIBLE,R03b_20260811_FULL_v1,L1_ELIGIBILITY,v2026-08-11,2026-03-21..2026-08-06,baccarat_bet02_101_all_pairs_incl_sentinel,round_win = game_pnl > 0 (decisive only),COMPATIBILITY_ONLY_NOT_PRODUCTION,52336.9300,47513.8143,-61.7654,1417,1414,0.00118015,-0.01250000,0.00119359,0.00118015,61.7654,52336.9300,OK,0.0000,-2.4706,4.0000,96.0000,AG03-UNRESOLVED,ALL5_LEVELS_bet23_to_bet27,-2.4706,-2.4706,-2.4706,-2.4706,-2.4706,4.000000,4.000000,4.000000,4.000000,4.000000,96.000000,96.000000,96.000000,96.000000,96.000000,5.0,-12.3531,-11.4036,-49.4123,-50.3618,PENDING_AG03,FALSE,NOT_FOR_ENFORCEMENT,-59.2948,45613.2617,-61.7654,-59.2948,-2.4706,-0.00118015,-0.00113294,-2.4706,-59.2948,-0.00113294,-2.4706,-2.4706,-2.4706,-2.4706,-2.4706,-59.2948,-0.00113294,-12.3531,-11.4036,-49.4123,-50.3618,-0.00094412,-0.00096226,-0.00004721,36.9350,33.6024,-0.0437,-3.2508,-0.1159,2754.5753,74.4211,12.8426,37.0032,13.1659,26.3317,52.6635,71.0957,102.6937,147.4577,26.3317,0.0,3.9,5.6,1.402681,30,147,41,3,0.00098153,-0.00118015,0.01250000,0E-8,0.000000,0.907845,0.000000,-0.01369359,2026-03-23,2026-08-06,19,533,225,137,0.138686,0.347066,0.347707,0.003272,,,,,,,,GLOBAL_BASELINE_NO_ENTITY_RANKING,,,NOT_APPLICABLE_GLOBAL_BASELINE,HF9g-P5,,,,X 全窗基线 · 不参与实体赏罚,3925519,393,A168_HF9F_20260827_0900,2026-08-27 09:00:00
2026-03-26,123633016,2171,0,52.6634541960,-52.6634541960,-52.6634541960,0E-7,3,3,0.49771390000000000,0.497713900000,-1.724149546644903,-1.724149546644903,-1.724149546644903,0E-17,ELIGIBLE,R03b_20260811_FULL_v1,L1_ELIGIBILITY,v2026-08-11,2026-03-21..2026-08-06,baccarat_bet02_101_all_pairs_incl_sentinel,round_win = game_pnl > 0 (decisive only),COMPATIBILITY_ONLY_NOT_PRODUCTION,52336.9300,47513.8143,-61.7654,1417,1414,0.00118015,-0.01250000,0.00119359,0.00118015,61.7654,52336.9300,OK,0.0000,-2.4706,4.0000,96.0000,AG03-UNRESOLVED,ALL5_LEVELS_bet23_to_bet27,-2.4706,-2.4706,-2.4706,-2.4706,-2.4706,4.000000,4.000000,4.000000,4.000000,4.000000,96.000000,96.000000,96.000000,96.000000,96.000000,5.0,-12.3531,-11.4036,-49.4123,-50.3618,PENDING_AG03,FALSE,NOT_FOR_ENFORCEMENT,-59.2948,45613.2617,-61.7654,-59.2948,-2.4706,-0.00118015,-0.00113294,-2.4706,-59.2948,-0.00113294,-2.4706,-2.4706,-2.4706,-2.4706,-2.4706,-59.2948,-0.00113294,-12.3531,-11.4036,-49.4123,-50.3618,-0.00094412,-0.00096226,-0.00004721,36.9350,33.6024,-0.0437,-3.2508,-0.1159,2754.5753,74.4211,12.8426,37.0032,13.1659,26.3317,52.6635,71.0957,102.6937,147.4577,26.3317,0.0,3.9,5.6,1.402681,30,147,41,3,0.00098153,-0.00118015,0.01250000,0E-8,0.000000,0.907845,0.000000,-0.01369359,2026-03-23,2026-08-06,19,533,225,137,0.138686,0.347066,0.347707,0.003272,,,,,,,,GLOBAL_BASELINE_NO_ENTITY_RANKING,,,NOT_APPLICABLE_GLOBAL_BASELINE,HF9g-P5,,,,X 全窗基线 · 不参与实体赏罚,3925520,393,A168_HF9F_20260827_0900,2026-08-27 09:00:00
2026-03-26,123633016,2177,0,21.0653816784,-21.0653816784,-21.0653816784,0E-7,1,1,0.49324550000000000,0.493245500000,-0.9865810262130424,-0.9865810262130424,-0.9865810262130424,0E-17,ELIGIBLE,R03b_20260811_FULL_v1,L1_ELIGIBILITY,v2026-08-11,2026-03-21..2026-08-06,baccarat_bet02_101_all_pairs_incl_sentinel,round_win = game_pnl > 0 (decisive only),COMPATIBILITY_ONLY_NOT_PRODUCTION,52336.9300,47513.8143,-61.7654,1417,1414,0.00118015,-0.01250000,0.00119359,0.00118015,61.7654,52336.9300,OK,0.0000,-2.4706,4.0000,96.0000,AG03-UNRESOLVED,ALL5_LEVELS_bet23_to_bet27,-2.4706,-2.4706,-2.4706,-2.4706,-2.4706,4.000000,4.000000,4.000000,4.000000,4.000000,96.000000,96.000000,96.000000,96.000000,96.000000,5.0,-12.3531,-11.4036,-49.4123,-50.3618,PENDING_AG03,FALSE,NOT_FOR_ENFORCEMENT,-59.2948,45613.2617,-61.7654,-59.2948,-2.4706,-0.00118015,-0.00113294,-2.4706,-59.2948,-0.00113294,-2.4706,-2.4706,-2.4706,-2.4706,-2.4706,-59.2948,-0.00113294,-12.3531,-11.4036,-49.4123,-50.3618,-0.00094412,-0.00096226,-0.00004721,36.9350,33.6024,-0.0437,-3.2508,-0.1159,2754.5753,74.4211,12.8426,37.0032,13.1659,26.3317,52.6635,71.0957,102.6937,147.4577,26.3317,0.0,3.9,5.6,1.402681,30,147,41,3,0.00098153,-0.00118015,0.01250000,0E-8,0.000000,0.907845,0.000000,-0.01369359,2026-03-23,2026-08-06,19,533,225,137,0.138686,0.347066,0.347707,0.003272,,,,,,,,GLOBAL_BASELINE_NO_ENTITY_RANKING,,,NOT_APPLICABLE_GLOBAL_BASELINE,HF9g-P5,,,,X 全窗基线 · 不参与实体赏罚,3925521,393,A168_HF9F_20260827_0900,2026-08-27 09:00:00
2026-03-26,123633016,2216,0,26.3317270980,25.0151407430,25.0151407430,1.0000000,2,2,0.50665070000000000,0.506650700000,1.3955260008387969,1.3955260008387969,1.3955260008387969,0E-17,ELIGIBLE,R03b_20260811_FULL_v1,L1_ELIGIBILITY,v2026-08-11,2026-03-21..2026-08-06,baccarat_bet02_101_all_pairs_incl_sentinel,round_win = game_pnl > 0 (decisive only),COMPATIBILITY_ONLY_NOT_PRODUCTION,52336.9300,47513.8143,-61.7654,1417,1414,0.00118015,-0.01250000,0.00119359,0.00118015,61.7654,52336.9300,OK,0.0000,-2.4706,4.0000,96.0000,AG03-UNRESOLVED,ALL5_LEVELS_bet23_to_bet27,-2.4706,-2.4706,-2.4706,-2.4706,-2.4706,4.000000,4.000000,4.000000,4.000000,4.000000,96.000000,96.000000,96.000000,96.000000,96.000000,5.0,-12.3531,-11.4036,-49.4123,-50.3618,PENDING_AG03,FALSE,NOT_FOR_ENFORCEMENT,-59.2948,45613.2617,-61.7654,-59.2948,-2.4706,-0.00118015,-0.00113294,-2.4706,-59.2948,-0.00113294,-2.4706,-2.4706,-2.4706,-2.4706,-2.4706,-59.2948,-0.00113294,-12.3531,-11.4036,-49.4123,-50.3618,-0.00094412,-0.00096226,-0.00004721,36.9350,33.6024,-0.0437,-3.2508,-0.1159,2754.5753,74.4211,12.8426,37.0032,13.1659,26.3317,52.6635,71.0957,102.6937,147.4577,26.3317,0.0,3.9,5.6,1.402681,30,147,41,3,0.00098153,-0.00118015,0.01250000,0E-8,0.000000,0.907845,0.000000,-0.01369359,2026-03-23,2026-08-06,19,533,225,137,0.138686,0.347066,0.347707,0.003272,,,,,,,,GLOBAL_BASELINE_NO_ENTITY_RANKING,,,NOT_APPLICABLE_GLOBAL_BASELINE,HF9g-P5,,,,X 全窗基线 · 不参与实体赏罚,3925522,393,A168_HF9F_20260827_0900,2026-08-27 09:00:00
2026-03-26,123633016,2222,0,132.9752218449,97.4932195803,97.4932195803,0.8571429,7,7,0.50090561428571429,0.500905614286,1.8850333966533306,1.8850333966518211,1.8850333966533306,-2.8571E-13,ELIGIBLE,R03b_20260811_FULL_v1,L1_ELIGIBILITY,v2026-08-11,2026-03-21..2026-08-06,baccarat_bet02_101_all_pairs_incl_sentinel,round_win = game_pnl > 0 (decisive only),COMPATIBILITY_ONLY_NOT_PRODUCTION,52336.9300,47513.8143,-61.7654,1417,1414,0.00118015,-0.01250000,0.00119359,0.00118015,61.7654,52336.9300,OK,0.0000,-2.4706,4.0000,96.0000,AG03-UNRESOLVED,ALL5_LEVELS_bet23_to_bet27,-2.4706,-2.4706,-2.4706,-2.4706,-2.4706,4.000000,4.000000,4.000000,4.000000,4.000000,96.000000,96.000000,96.000000,96.000000,96.000000,5.0,-12.3531,-11.4036,-49.4123,-50.3618,PENDING_AG03,FALSE,NOT_FOR_ENFORCEMENT,-59.2948,45613.2617,-61.7654,-59.2948,-2.4706,-0.00118015,-0.00113294,-2.4706,-59.2948,-0.00113294,-2.4706,-2.4706,-2.4706,-2.4706,-2.4706,-59.2948,-0.00113294,-12.3531,-11.4036,-49.4123,-50.3618,-0.00094412,-0.00096226,-0.00004721,36.9350,33.6024,-0.0437,-3.2508,-0.1159,2754.5753,74.4211,12.8426,37.0032,13.1659,26.3317,52.6635,71.0957,102.6937,147.4577,26.3317,0.0,3.9,5.6,1.402681,30,147,41,3,0.00098153,-0.00118015,0.01250000,0E-8,0.000000,0.907845,0.000000,-0.01369359,2026-03-23,2026-08-06,19,533,225,137,0.138686,0.347066,0.347707,0.003272,,,,,,,,GLOBAL_BASELINE_NO_ENTITY_RANKING,,,NOT_APPLICABLE_GLOBAL_BASELINE,HF9g-P5,,,,X 全窗基线 · 不参与实体赏罚,3925523,393,A168_HF9F_20260827_0900,2026-08-27 09:00:00
2026-03-26,123633016,2229,0,13.1658635490,-13.1658635490,-13.1658635490,0E-7,1,1,0.49324550000000000,0.493245500000,-0.9865810262130424,-0.9865810262130424,-0.9865810262130424,0E-17,ELIGIBLE,R03b_20260811_FULL_v1,L1_ELIGIBILITY,v2026-08-11,2026-03-21..2026-08-06,baccarat_bet02_101_all_pairs_incl_sentinel,round_win = game_pnl > 0 (decisive only),COMPATIBILITY_ONLY_NOT_PRODUCTION,52336.9300,47513.8143,-61.7654,1417,1414,0.00118015,-0.01250000,0.00119359,0.00118015,61.7654,52336.9300,OK,0.0000,-2.4706,4.0000,96.0000,AG03-UNRESOLVED,ALL5_LEVELS_bet23_to_bet27,-2.4706,-2.4706,-2.4706,-2.4706,-2.4706,4.000000,4.000000,4.000000,4.000000,4.000000,96.000000,96.000000,96.000000,96.000000,96.000000,5.0,-12.3531,-11.4036,-49.4123,-50.3618,PENDING_AG03,FALSE,NOT_FOR_ENFORCEMENT,-59.2948,45613.2617,-61.7654,-59.2948,-2.4706,-0.00118015,-0.00113294,-2.4706,-59.2948,-0.00113294,-2.4706,-2.4706,-2.4706,-2.4706,-2.4706,-59.2948,-0.00113294,-12.3531,-11.4036,-49.4123,-50.3618,-0.00094412,-0.00096226,-0.00004721,36.9350,33.6024,-0.0437,-3.2508,-0.1159,2754.5753,74.4211,12.8426,37.0032,13.1659,26.3317,52.6635,71.0957,102.6937,147.4577,26.3317,0.0,3.9,5.6,1.402681,30,147,41,3,0.00098153,-0.00118015,0.01250000,0E-8,0.000000,0.907845,0.000000,-0.01369359,2026-03-23,2026-08-06,19,533,225,137,0.138686,0.347066,0.347707,0.003272,,,,,,,,GLOBAL_BASELINE_NO_ENTITY_RANKING,,,NOT_APPLICABLE_GLOBAL_BASELINE,HF9g-P5,,,,X 全窗基线 · 不参与实体赏罚,3925524,393,A168_HF9F_20260827_0900,2026-08-27 09:00:00
2026-03-26,123633016,2232,0,13.1658635490,-13.1658635490,-13.1658635490,0E-7,1,1,0.49324550000000000,0.493245500000,-0.9865810262130424,-0.9865810262130424,-0.9865810262130424,0E-17,ELIGIBLE,R03b_20260811_FULL_v1,L1_ELIGIBILITY,v2026-08-11,2026-03-21..2026-08-06,baccarat_bet02_101_all_pairs_incl_sentinel,round_win = game_pnl > 0 (decisive only),COMPATIBILITY_ONLY_NOT_PRODUCTION,52336.9300,47513.8143,-61.7654,1417,1414,0.00118015,-0.01250000,0.00119359,0.00118015,61.7654,52336.9300,OK,0.0000,-2.4706,4.0000,96.0000,AG03-UNRESOLVED,ALL5_LEVELS_bet23_to_bet27,-2.4706,-2.4706,-2.4706,-2.4706,-2.4706,4.000000,4.000000,4.000000,4.000000,4.000000,96.000000,96.000000,96.000000,96.000000,96.000000,5.0,-12.3531,-11.4036,-49.4123,-50.3618,PENDING_AG03,FALSE,NOT_FOR_ENFORCEMENT,-59.2948,45613.2617,-61.7654,-59.2948,-2.4706,-0.00118015,-0.00113294,-2.4706,-59.2948,-0.00113294,-2.4706,-2.4706,-2.4706,-2.4706,-2.4706,-59.2948,-0.00113294,-12.3531,-11.4036,-49.4123,-50.3618,-0.00094412,-0.00096226,-0.00004721,36.9350,33.6024,-0.0437,-3.2508,-0.1159,2754.5753,74.4211,12.8426,37.0032,13.1659,26.3317,52.6635,71.0957,102.6937,147.4577,26.3317,0.0,3.9,5.6,1.402681,30,147,41,3,0.00098153,-0.00118015,0.01250000,0E-8,0.000000,0.907845,0.000000,-0.01369359,2026-03-23,2026-08-06,19,533,225,137,0.138686,0.347066,0.347707,0.003272,,,,,,,,GLOBAL_BASELINE_NO_ENTITY_RANKING,,,NOT_APPLICABLE_GLOBAL_BASELINE,HF9g-P5,,,,X 全窗基线 · 不参与实体赏罚,3925525,393,A168_HF9F_20260827_0900,2026-08-27 09:00:00
2026-03-26,123633016,2233,0,15.7990362588,-15.7990362588,-15.7990362588,0E-7,2,2,0.49994810000000000,0.499948100000,-1.4140667746232096,-1.4140667746232096,-1.4140667746232096,0E-17,ELIGIBLE,R03b_20260811_FULL_v1,L1_ELIGIBILITY,v2026-08-11,2026-03-21..2026-08-06,baccarat_bet02_101_all_pairs_incl_sentinel,round_win = game_pnl > 0 (decisive only),COMPATIBILITY_ONLY_NOT_PRODUCTION,52336.9300,47513.8143,-61.7654,1417,1414,0.00118015,-0.01250000,0.00119359,0.00118015,61.7654,52336.9300,OK,0.0000,-2.4706,4.0000,96.0000,AG03-UNRESOLVED,ALL5_LEVELS_bet23_to_bet27,-2.4706,-2.4706,-2.4706,-2.4706,-2.4706,4.000000,4.000000,4.000000,4.000000,4.000000,96.000000,96.000000,96.000000,96.000000,96.000000,5.0,-12.3531,-11.4036,-49.4123,-50.3618,PENDING_AG03,FALSE,NOT_FOR_ENFORCEMENT,-59.2948,45613.2617,-61.7654,-59.2948,-2.4706,-0.00118015,-0.00113294,-2.4706,-59.2948,-0.00113294,-2.4706,-2.4706,-2.4706,-2.4706,-2.4706,-59.2948,-0.00113294,-12.3531,-11.4036,-49.4123,-50.3618,-0.00094412,-0.00096226,-0.00004721,36.9350,33.6024,-0.0437,-3.2508,-0.1159,2754.5753,74.4211,12.8426,37.0032,13.1659,26.3317,52.6635,71.0957,102.6937,147.4577,26.3317,0.0,3.9,5.6,1.402681,30,147,41,3,0.00098153,-0.00118015,0.01250000,0E-8,0.000000,0.907845,0.000000,-0.01369359,2026-03-23,2026-08-06,19,533,225,137,0.138686,0.347066,0.347707,0.003272,,,,,,,,GLOBAL_BASELINE_NO_ENTITY_RANKING,,,NOT_APPLICABLE_GLOBAL_BASELINE,HF9g-P5,,,,X 全窗基线 · 不参与实体赏罚,3925526,393,A168_HF9F_20260827_0900,2026-08-27 09:00:00
2026-03-26,123633016,2258,0,13.1658635490,13.1658635490,13.1658635490,1.0000000,1,1,0.49324550000000000,0.493245500000,1.01360149184955,1.01360149184955,1.01360149184955,0E-17,ELIGIBLE,R03b_20260811_FULL_v1,L1_ELIGIBILITY,v2026-08-11,2026-03-21..2026-08-06,baccarat_bet02_101_all_pairs_incl_sentinel,round_win = game_pnl > 0 (decisive only),COMPATIBILITY_ONLY_NOT_PRODUCTION,52336.9300,47513.8143,-61.7654,1417,1414,0.00118015,-0.01250000,0.00119359,0.00118015,61.7654,52336.9300,OK,0.0000,-2.4706,4.0000,96.0000,AG03-UNRESOLVED,ALL5_LEVELS_bet23_to_bet27,-2.4706,-2.4706,-2.4706,-2.4706,-2.4706,4.000000,4.000000,4.000000,4.000000,4.000000,96.000000,96.000000,96.000000,96.000000,96.000000,5.0,-12.3531,-11.4036,-49.4123,-50.3618,PENDING_AG03,FALSE,NOT_FOR_ENFORCEMENT,-59.2948,45613.2617,-61.7654,-59.2948,-2.4706,-0.00118015,-0.00113294,-2.4706,-59.2948,-0.00113294,-2.4706,-2.4706,-2.4706,-2.4706,-2.4706,-59.2948,-0.00113294,-12.3531,-11.4036,-49.4123,-50.3618,-0.00094412,-0.00096226,-0.00004721,36.9350,33.6024,-0.0437,-3.2508,-0.1159,2754.5753,74.4211,12.8426,37.0032,13.1659,26.3317,52.6635,71.0957,102.6937,147.4577,26.3317,0.0,3.9,5.6,1.402681,30,147,41,3,0.00098153,-0.00118015,0.01250000,0E-8,0.000000,0.907845,0.000000,-0.01369359,2026-03-23,2026-08-06,19,533,225,137,0.138686,0.347066,0.347707,0.003272,,,,,,,,GLOBAL_BASELINE_NO_ENTITY_RANKING,,,NOT_APPLICABLE_GLOBAL_BASELINE,HF9g-P5,,,,X 全窗基线 · 不参与实体赏罚,3925527,393,A168_HF9F_20260827_0900,2026-08-27 09:00:00
2026-03-26,123633016,462,0,50.0302814862,-24.3568475657,-24.3568475657,0.3333333,3,3,0.50218230000000000,0.502182300000,-0.5849155494134425,-0.5849155494134426,-0.5849155494134425,0E-17,ELIGIBLE,R03b_20260811_FULL_v1,L1_ELIGIBILITY,v2026-08-11,2026-03-21..2026-08-06,baccarat_bet02_101_all_pairs_incl_sentinel,round_win = game_pnl > 0 (decisive only),COMPATIBILITY_ONLY_NOT_PRODUCTION,52336.9300,47513.8143,-61.7654,1417,1414,0.00118015,-0.01250000,0.00119359,0.00118015,61.7654,52336.9300,OK,0.0000,-2.4706,4.0000,96.0000,AG03-UNRESOLVED,ALL5_LEVELS_bet23_to_bet27,-2.4706,-2.4706,-2.4706,-2.4706,-2.4706,4.000000,4.000000,4.000000,4.000000,4.000000,96.000000,96.000000,96.000000,96.000000,96.000000,5.0,-12.3531,-11.4036,-49.4123,-50.3618,PENDING_AG03,FALSE,NOT_FOR_ENFORCEMENT,-59.2948,45613.2617,-61.7654,-59.2948,-2.4706,-0.00118015,-0.00113294,-2.4706,-59.2948,-0.00113294,-2.4706,-2.4706,-2.4706,-2.4706,-2.4706,-59.2948,-0.00113294,-12.3531,-11.4036,-49.4123,-50.3618,-0.00094412,-0.00096226,-0.00004721,36.9350,33.6024,-0.0437,-3.2508,-0.1159,2754.5753,74.4211,12.8426,37.0032,13.1659,26.3317,52.6635,71.0957,102.6937,147.4577,26.3317,0.0,3.9,5.6,1.402681,30,147,41,3,0.00098153,-0.00118015,0.01250000,0E-8,0.000000,0.907845,0.000000,-0.01369359,2026-03-23,2026-08-06,19,533,225,137,0.138686,0.347066,0.347707,0.003272,,,,,,,,GLOBAL_BASELINE_NO_ENTITY_RANKING,,,NOT_APPLICABLE_GLOBAL_BASELINE,HF9g-P5,,,,X 全窗基线 · 不参与实体赏罚,3925528,393,A168_HF9F_20260827_0900,2026-08-27 09:00:00
2026-03-26,123633016,583,0,39.4975906470,13.1658635490,13.1658635490,0.6666667,3,3,0.49324550000000000,0.493245500000,0.6008033672792107,0.6008033672792106,0.6008033672792107,0E-17,ELIGIBLE,R03b_20260811_FULL_v1,L1_ELIGIBILITY,v2026-08-11,2026-03-21..2026-08-06,baccarat_bet02_101_all_pairs_incl_sentinel,round_win = game_pnl > 0 (decisive only),COMPATIBILITY_ONLY_NOT_PRODUCTION,52336.9300,47513.8143,-61.7654,1417,1414,0.00118015,-0.01250000,0.00119359,0.00118015,61.7654,52336.9300,OK,0.0000,-2.4706,4.0000,96.0000,AG03-UNRESOLVED,ALL5_LEVELS_bet23_to_bet27,-2.4706,-2.4706,-2.4706,-2.4706,-2.4706,4.000000,4.000000,4.000000,4.000000,4.000000,96.000000,96.000000,96.000000,96.000000,96.000000,5.0,-12.3531,-11.4036,-49.4123,-50.3618,PENDING_AG03,FALSE,NOT_FOR_ENFORCEMENT,-59.2948,45613.2617,-61.7654,-59.2948,-2.4706,-0.00118015,-0.00113294,-2.4706,-59.2948,-0.00113294,-2.4706,-2.4706,-2.4706,-2.4706,-2.4706,-59.2948,-0.00113294,-12.3531,-11.4036,-49.4123,-50.3618,-0.00094412,-0.00096226,-0.00004721,36.9350,33.6024,-0.0437,-3.2508,-0.1159,2754.5753,74.4211,12.8426,37.0032,13.1659,26.3317,52.6635,71.0957,102.6937,147.4577,26.3317,0.0,3.9,5.6,1.402681,30,147,41,3,0.00098153,-0.00118015,0.01250000,0E-8,0.000000,0.907845,0.000000,-0.01369359,2026-03-23,2026-08-06,19,533,225,137,0.138686,0.347066,0.347707,0.003272,,,,,,,,GLOBAL_BASELINE_NO_ENTITY_RANKING,,,NOT_APPLICABLE_GLOBAL_BASELINE,HF9g-P5,,,,X 全窗基线 · 不参与实体赏罚,3925529,393,A168_HF9F_20260827_0900,2026-08-27 09:00:00
2026-03-26,123633016,595,0,39.4975906470,0E-10,0E-10,0.5000000,3,3,0.49324550000000000,0.493245500000,0.01910635448239258,0.01910635448239258,0.01910635448239258,0E-17,ELIGIBLE,R03b_20260811_FULL_v1,L1_ELIGIBILITY,v2026-08-11,2026-03-21..2026-08-06,baccarat_bet02_101_all_pairs_incl_sentinel,round_win = game_pnl > 0 (decisive only),COMPATIBILITY_ONLY_NOT_PRODUCTION,52336.9300,47513.8143,-61.7654,1417,1414,0.00118015,-0.01250000,0.00119359,0.00118015,61.7654,52336.9300,OK,0.0000,-2.4706,4.0000,96.0000,AG03-UNRESOLVED,ALL5_LEVELS_bet23_to_bet27,-2.4706,-2.4706,-2.4706,-2.4706,-2.4706,4.000000,4.000000,4.000000,4.000000,4.000000,96.000000,96.000000,96.000000,96.000000,96.000000,5.0,-12.3531,-11.4036,-49.4123,-50.3618,PENDING_AG03,FALSE,NOT_FOR_ENFORCEMENT,-59.2948,45613.2617,-61.7654,-59.2948,-2.4706,-0.00118015,-0.00113294,-2.4706,-59.2948,-0.00113294,-2.4706,-2.4706,-2.4706,-2.4706,-2.4706,-59.2948,-0.00113294,-12.3531,-11.4036,-49.4123,-50.3618,-0.00094412,-0.00096226,-0.00004721,36.9350,33.6024,-0.0437,-3.2508,-0.1159,2754.5753,74.4211,12.8426,37.0032,13.1659,26.3317,52.6635,71.0957,102.6937,147.4577,26.3317,0.0,3.9,5.6,1.402681,30,147,41,3,0.00098153,-0.00118015,0.01250000,0E-8,0.000000,0.907845,0.000000,-0.01369359,2026-03-23,2026-08-06,19,533,225,137,0.138686,0.347066,0.347707,0.003272,,,,,,,,GLOBAL_BASELINE_NO_ENTITY_RANKING,,,NOT_APPLICABLE_GLOBAL_BASELINE,HF9g-P5,,,,X 全窗基线 · 不参与实体赏罚,3925530,393,A168_HF9F_20260827_0900,2026-08-27 09:00:00
2026-03-26,123633016,789,0,13.1658635490,-13.1658635490,-13.1658635490,0E-7,1,1,0.49324550000000000,0.493245500000,-0.9865810262130424,-0.9865810262130424,-0.9865810262130424,0E-17,ELIGIBLE,R03b_20260811_FULL_v1,L1_ELIGIBILITY,v2026-08-11,2026-03-21..2026-08-06,baccarat_bet02_101_all_pairs_incl_sentinel,round_win = game_pnl > 0 (decisive only),COMPATIBILITY_ONLY_NOT_PRODUCTION,52336.9300,47513.8143,-61.7654,1417,1414,0.00118015,-0.01250000,0.00119359,0.00118015,61.7654,52336.9300,OK,0.0000,-2.4706,4.0000,96.0000,AG03-UNRESOLVED,ALL5_LEVELS_bet23_to_bet27,-2.4706,-2.4706,-2.4706,-2.4706,-2.4706,4.000000,4.000000,4.000000,4.000000,4.000000,96.000000,96.000000,96.000000,96.000000,96.000000,5.0,-12.3531,-11.4036,-49.4123,-50.3618,PENDING_AG03,FALSE,NOT_FOR_ENFORCEMENT,-59.2948,45613.2617,-61.7654,-59.2948,-2.4706,-0.00118015,-0.00113294,-2.4706,-59.2948,-0.00113294,-2.4706,-2.4706,-2.4706,-2.4706,-2.4706,-59.2948,-0.00113294,-12.3531,-11.4036,-49.4123,-50.3618,-0.00094412,-0.00096226,-0.00004721,36.9350,33.6024,-0.0437,-3.2508,-0.1159,2754.5753,74.4211,12.8426,37.0032,13.1659,26.3317,52.6635,71.0957,102.6937,147.4577,26.3317,0.0,3.9,5.6,1.402681,30,147,41,3,0.00098153,-0.00118015,0.01250000,0E-8,0.000000,0.907845,0.000000,-0.01369359,2026-03-23,2026-08-06,19,533,225,137,0.138686,0.347066,0.347707,0.003272,,,,,,,,GLOBAL_BASELINE_NO_ENTITY_RANKING,,,NOT_APPLICABLE_GLOBAL_BASELINE,HF9g-P5,,,,X 全窗基线 · 不参与实体赏罚,3925531,393,A168_HF9F_20260827_0900,2026-08-27 09:00:00
2026-03-26,123633016,986,0,52.6634541960,0E-10,0E-10,0.5000000,4,4,0.49324550000000000,0.493245500000,0.027020465636507562,0.027020465636507562,0.027020465636507562,0E-17,ELIGIBLE,R03b_20260811_FULL_v1,L1_ELIGIBILITY,v2026-08-11,2026-03-21..2026-08-06,baccarat_bet02_101_all_pairs_incl_sentinel,round_win = game_pnl > 0 (decisive only),COMPATIBILITY_ONLY_NOT_PRODUCTION,52336.9300,47513.8143,-61.7654,1417,1414,0.00118015,-0.01250000,0.00119359,0.00118015,61.7654,52336.9300,OK,0.0000,-2.4706,4.0000,96.0000,AG03-UNRESOLVED,ALL5_LEVELS_bet23_to_bet27,-2.4706,-2.4706,-2.4706,-2.4706,-2.4706,4.000000,4.000000,4.000000,4.000000,4.000000,96.000000,96.000000,96.000000,96.000000,96.000000,5.0,-12.3531,-11.4036,-49.4123,-50.3618,PENDING_AG03,FALSE,NOT_FOR_ENFORCEMENT,-59.2948,45613.2617,-61.7654,-59.2948,-2.4706,-0.00118015,-0.00113294,-2.4706,-59.2948,-0.00113294,-2.4706,-2.4706,-2.4706,-2.4706,-2.4706,-59.2948,-0.00113294,-12.3531,-11.4036,-49.4123,-50.3618,-0.00094412,-0.00096226,-0.00004721,36.9350,33.6024,-0.0437,-3.2508,-0.1159,2754.5753,74.4211,12.8426,37.0032,13.1659,26.3317,52.6635,71.0957,102.6937,147.4577,26.3317,0.0,3.9,5.6,1.402681,30,147,41,3,0.00098153,-0.00118015,0.01250000,0E-8,0.000000,0.907845,0.000000,-0.01369359,2026-03-23,2026-08-06,19,533,225,137,0.138686,0.347066,0.347707,0.003272,,,,,,,,GLOBAL_BASELINE_NO_ENTITY_RANKING,,,NOT_APPLICABLE_GLOBAL_BASELINE,HF9g-P5,,,,X 全窗基线 · 不参与实体赏罚,3925532,393,A168_HF9F_20260827_0900,2026-08-27 09:00:00
2026-03-27,123633016,-1,1,470.8112805122,28.1749479947,28.1749479947,0.5714286,25,25,0.49860758000000000,0.498607580000,0.6674179988360269,0.6674179988360267,0.6674179988360269,0E-17,SENTINEL_DEALER,R03b_20260811_FULL_v1,L1_ELIGIBILITY,v2026-08-11,2026-03-21..2026-08-06,baccarat_bet02_101_all_pairs_incl_sentinel,round_win = game_pnl > 0 (decisive only),COMPATIBILITY_ONLY_NOT_PRODUCTION,52336.9300,47513.8143,-61.7654,1417,1414,0.00118015,-0.01250000,0.00119359,0.00118015,61.7654,52336.9300,OK,0.0000,-2.4706,4.0000,96.0000,AG03-UNRESOLVED,ALL5_LEVELS_bet23_to_bet27,-2.4706,-2.4706,-2.4706,-2.4706,-2.4706,4.000000,4.000000,4.000000,4.000000,4.000000,96.000000,96.000000,96.000000,96.000000,96.000000,5.0,-12.3531,-11.4036,-49.4123,-50.3618,PENDING_AG03,FALSE,NOT_FOR_ENFORCEMENT,-59.2948,45613.2617,-61.7654,-59.2948,-2.4706,-0.00118015,-0.00113294,-2.4706,-59.2948,-0.00113294,-2.4706,-2.4706,-2.4706,-2.4706,-2.4706,-59.2948,-0.00113294,-12.3531,-11.4036,-49.4123,-50.3618,-0.00094412,-0.00096226,-0.00004721,36.9350,33.6024,-0.0437,-3.2508,-0.1159,2754.5753,74.4211,12.8426,37.0032,13.1659,26.3317,52.6635,71.0957,102.6937,147.4577,26.3317,0.0,3.9,5.6,1.402681,30,147,41,3,0.00098153,-0.00118015,0.01250000,0E-8,0.000000,0.907845,0.000000,-0.01369359,2026-03-23,2026-08-06,19,533,225,137,0.138686,0.347066,0.347707,0.003272,,,,,,,,GLOBAL_BASELINE_NO_ENTITY_RANKING,,,NOT_APPLICABLE_GLOBAL_BASELINE,HF9g-P5,,,,X 全窗基线 · 不参与实体赏罚,3925533,393,A168_HF9F_20260827_0900,2026-08-27 09:00:00
2026-03-27,123633016,1017,0,15.2724017168,-15.2724017168,-15.2724017168,0E-7,1,1,0.49324550000000000,0.493245500000,-0.9865810262130424,-0.9865810262130424,-0.9865810262130424,0E-17,ELIGIBLE,R03b_20260811_FULL_v1,L1_ELIGIBILITY,v2026-08-11,2026-03-21..2026-08-06,baccarat_bet02_101_all_pairs_incl_sentinel,round_win = game_pnl > 0 (decisive only),COMPATIBILITY_ONLY_NOT_PRODUCTION,52336.9300,47513.8143,-61.7654,1417,1414,0.00118015,-0.01250000,0.00119359,0.00118015,61.7654,52336.9300,OK,0.0000,-2.4706,4.0000,96.0000,AG03-UNRESOLVED,ALL5_LEVELS_bet23_to_bet27,-2.4706,-2.4706,-2.4706,-2.4706,-2.4706,4.000000,4.000000,4.000000,4.000000,4.000000,96.000000,96.000000,96.000000,96.000000,96.000000,5.0,-12.3531,-11.4036,-49.4123,-50.3618,PENDING_AG03,FALSE,NOT_FOR_ENFORCEMENT,-59.2948,45613.2617,-61.7654,-59.2948,-2.4706,-0.00118015,-0.00113294,-2.4706,-59.2948,-0.00113294,-2.4706,-2.4706,-2.4706,-2.4706,-2.4706,-59.2948,-0.00113294,-12.3531,-11.4036,-49.4123,-50.3618,-0.00094412,-0.00096226,-0.00004721,36.9350,33.6024,-0.0437,-3.2508,-0.1159,2754.5753,74.4211,12.8426,37.0032,13.1659,26.3317,52.6635,71.0957,102.6937,147.4577,26.3317,0.0,3.9,5.6,1.402681,30,147,41,3,0.00098153,-0.00118015,0.01250000,0E-8,0.000000,0.907845,0.000000,-0.01369359,2026-03-23,2026-08-06,19,533,225,137,0.138686,0.347066,0.347707,0.003272,,,,,,,,GLOBAL_BASELINE_NO_ENTITY_RANKING,,,NOT_APPLICABLE_GLOBAL_BASELINE,HF9g-P5,,,,X 全窗基线 · 不参与实体赏罚,3925534,393,A168_HF9F_20260827_0900,2026-08-27 09:00:00
2026-03-27,123633016,1078,0,26.3317270980,-0.6582931775,-0.6582931775,0.5000000,2,2,0.50665070000000000,0.506650700000,-0.018812684590367487,-0.018812684590367487,-0.018812684590367487,0E-17,ELIGIBLE,R03b_20260811_FULL_v1,L1_ELIGIBILITY,v2026-08-11,2026-03-21..2026-08-06,baccarat_bet02_101_all_pairs_incl_sentinel,round_win = game_pnl > 0 (decisive only),COMPATIBILITY_ONLY_NOT_PRODUCTION,52336.9300,47513.8143,-61.7654,1417,1414,0.00118015,-0.01250000,0.00119359,0.00118015,61.7654,52336.9300,OK,0.0000,-2.4706,4.0000,96.0000,AG03-UNRESOLVED,ALL5_LEVELS_bet23_to_bet27,-2.4706,-2.4706,-2.4706,-2.4706,-2.4706,4.000000,4.000000,4.000000,4.000000,4.000000,96.000000,96.000000,96.000000,96.000000,96.000000,5.0,-12.3531,-11.4036,-49.4123,-50.3618,PENDING_AG03,FALSE,NOT_FOR_ENFORCEMENT,-59.2948,45613.2617,-61.7654,-59.2948,-2.4706,-0.00118015,-0.00113294,-2.4706,-59.2948,-0.00113294,-2.4706,-2.4706,-2.4706,-2.4706,-2.4706,-59.2948,-0.00113294,-12.3531,-11.4036,-49.4123,-50.3618,-0.00094412,-0.00096226,-0.00004721,36.9350,33.6024,-0.0437,-3.2508,-0.1159,2754.5753,74.4211,12.8426,37.0032,13.1659,26.3317,52.6635,71.0957,102.6937,147.4577,26.3317,0.0,3.9,5.6,1.402681,30,147,41,3,0.00098153,-0.00118015,0.01250000,0E-8,0.000000,0.907845,0.000000,-0.01369359,2026-03-23,2026-08-06,19,533,225,137,0.138686,0.347066,0.347707,0.003272,,,,,,,,GLOBAL_BASELINE_NO_ENTITY_RANKING,,,NOT_APPLICABLE_GLOBAL_BASELINE,HF9g-P5,,,,X 全窗基线 · 不参与实体赏罚,3925535,393,A168_HF9F_20260827_0900,2026-08-27 09:00:00
2026-03-27,123633016,1094,0,78.9951812940,26.3317270980,26.3317270980,0.6666667,3,3,0.49324550000000000,0.493245500000,0.6008033672792107,0.6008033672792106,0.6008033672792107,0E-17,ELIGIBLE,R03b_20260811_FULL_v1,L1_ELIGIBILITY,v2026-08-11,2026-03-21..2026-08-06,baccarat_bet02_101_all_pairs_incl_sentinel,round_win = game_pnl > 0 (decisive only),COMPATIBILITY_ONLY_NOT_PRODUCTION,52336.9300,47513.8143,-61.7654,1417,1414,0.00118015,-0.01250000,0.00119359,0.00118015,61.7654,52336.9300,OK,0.0000,-2.4706,4.0000,96.0000,AG03-UNRESOLVED,ALL5_LEVELS_bet23_to_bet27,-2.4706,-2.4706,-2.4706,-2.4706,-2.4706,4.000000,4.000000,4.000000,4.000000,4.000000,96.000000,96.000000,96.000000,96.000000,96.000000,5.0,-12.3531,-11.4036,-49.4123,-50.3618,PENDING_AG03,FALSE,NOT_FOR_ENFORCEMENT,-59.2948,45613.2617,-61.7654,-59.2948,-2.4706,-0.00118015,-0.00113294,-2.4706,-59.2948,-0.00113294,-2.4706,-2.4706,-2.4706,-2.4706,-2.4706,-59.2948,-0.00113294,-12.3531,-11.4036,-49.4123,-50.3618,-0.00094412,-0.00096226,-0.00004721,36.9350,33.6024,-0.0437,-3.2508,-0.1159,2754.5753,74.4211,12.8426,37.0032,13.1659,26.3317,52.6635,71.0957,102.6937,147.4577,26.3317,0.0,3.9,5.6,1.402681,30,147,41,3,0.00098153,-0.00118015,0.01250000,0E-8,0.000000,0.907845,0.000000,-0.01369359,2026-03-23,2026-08-06,19,533,225,137,0.138686,0.347066,0.347707,0.003272,,,,,,,,GLOBAL_BASELINE_NO_ENTITY_RANKING,,,NOT_APPLICABLE_GLOBAL_BASELINE,HF9g-P5,,,,X 全窗基线 · 不参与实体赏罚,3925536,393,A168_HF9F_20260827_0900,2026-08-27 09:00:00
2026-03-27,123633016,1257,0,63.1961450352,-37.5227111147,-37.5227111147,0.3333333,3,3,0.50218230000000000,0.502182300000,-0.5849155494134425,-0.5849155494134426,-0.5849155494134425,0E-17,ELIGIBLE,R03b_20260811_FULL_v1,L1_ELIGIBILITY,v2026-08-11,2026-03-21..2026-08-06,baccarat_bet02_101_all_pairs_incl_sentinel,round_win = game_pnl > 0 (decisive only),COMPATIBILITY_ONLY_NOT_PRODUCTION,52336.9300,47513.8143,-61.7654,1417,1414,0.00118015,-0.01250000,0.00119359,0.00118015,61.7654,52336.9300,OK,0.0000,-2.4706,4.0000,96.0000,AG03-UNRESOLVED,ALL5_LEVELS_bet23_to_bet27,-2.4706,-2.4706,-2.4706,-2.4706,-2.4706,4.000000,4.000000,4.000000,4.000000,4.000000,96.000000,96.000000,96.000000,96.000000,96.000000,5.0,-12.3531,-11.4036,-49.4123,-50.3618,PENDING_AG03,FALSE,NOT_FOR_ENFORCEMENT,-59.2948,45613.2617,-61.7654,-59.2948,-2.4706,-0.00118015,-0.00113294,-2.4706,-59.2948,-0.00113294,-2.4706,-2.4706,-2.4706,-2.4706,-2.4706,-59.2948,-0.00113294,-12.3531,-11.4036,-49.4123,-50.3618,-0.00094412,-0.00096226,-0.00004721,36.9350,33.6024,-0.0437,-3.2508,-0.1159,2754.5753,74.4211,12.8426,37.0032,13.1659,26.3317,52.6635,71.0957,102.6937,147.4577,26.3317,0.0,3.9,5.6,1.402681,30,147,41,3,0.00098153,-0.00118015,0.01250000,0E-8,0.000000,0.907845,0.000000,-0.01369359,2026-03-23,2026-08-06,19,533,225,137,0.138686,0.347066,0.347707,0.003272,,,,,,,,GLOBAL_BASELINE_NO_ENTITY_RANKING,,,NOT_APPLICABLE_GLOBAL_BASELINE,HF9g-P5,,,,X 全窗基线 · 不参与实体赏罚,3925537,393,A168_HF9F_20260827_0900,2026-08-27 09:00:00
2026-03-27,123633016,1302,0,26.3317270980,-26.3317270980,-26.3317270980,0E-7,1,1,0.50665070000000000,0.506650700000,-1.013391052207602,-1.013391052207602,-1.013391052207602,0E-17,ELIGIBLE,R03b_20260811_FULL_v1,L1_ELIGIBILITY,v2026-08-11,2026-03-21..2026-08-06,baccarat_bet02_101_all_pairs_incl_sentinel,round_win = game_pnl > 0 (decisive only),COMPATIBILITY_ONLY_NOT_PRODUCTION,52336.9300,47513.8143,-61.7654,1417,1414,0.00118015,-0.01250000,0.00119359,0.00118015,61.7654,52336.9300,OK,0.0000,-2.4706,4.0000,96.0000,AG03-UNRESOLVED,ALL5_LEVELS_bet23_to_bet27,-2.4706,-2.4706,-2.4706,-2.4706,-2.4706,4.000000,4.000000,4.000000,4.000000,4.000000,96.000000,96.000000,96.000000,96.000000,96.000000,5.0,-12.3531,-11.4036,-49.4123,-50.3618,PENDING_AG03,FALSE,NOT_FOR_ENFORCEMENT,-59.2948,45613.2617,-61.7654,-59.2948,-2.4706,-0.00118015,-0.00113294,-2.4706,-59.2948,-0.00113294,-2.4706,-2.4706,-2.4706,-2.4706,-2.4706,-59.2948,-0.00113294,-12.3531,-11.4036,-49.4123,-50.3618,-0.00094412,-0.00096226,-0.00004721,36.9350,33.6024,-0.0437,-3.2508,-0.1159,2754.5753,74.4211,12.8426,37.0032,13.1659,26.3317,52.6635,71.0957,102.6937,147.4577,26.3317,0.0,3.9,5.6,1.402681,30,147,41,3,0.00098153,-0.00118015,0.01250000,0E-8,0.000000,0.907845,0.000000,-0.01369359,2026-03-23,2026-08-06,19,533,225,137,0.138686,0.347066,0.347707,0.003272,,,,,,,,GLOBAL_BASELINE_NO_ENTITY_RANKING,,,NOT_APPLICABLE_GLOBAL_BASELINE,HF9g-P5,,,,X 全窗基线 · 不参与实体赏罚,3925538,393,A168_HF9F_20260827_0900,2026-08-27 09:00:00
2026-03-27,123633016,1382,0,13.1658635490,-13.1658635490,-13.1658635490,0E-7,1,1,0.49324550000000000,0.493245500000,-0.9865810262130424,-0.9865810262130424,-0.9865810262130424,0E-17,ELIGIBLE,R03b_20260811_FULL_v1,L1_ELIGIBILITY,v2026-08-11,2026-03-21..2026-08-06,baccarat_bet02_101_all_pairs_incl_sentinel,round_win = game_pnl > 0 (decisive only),COMPATIBILITY_ONLY_NOT_PRODUCTION,52336.9300,47513.8143,-61.7654,1417,1414,0.00118015,-0.01250000,0.00119359,0.00118015,61.7654,52336.9300,OK,0.0000,-2.4706,4.0000,96.0000,AG03-UNRESOLVED,ALL5_LEVELS_bet23_to_bet27,-2.4706,-2.4706,-2.4706,-2.4706,-2.4706,4.000000,4.000000,4.000000,4.000000,4.000000,96.000000,96.000000,96.000000,96.000000,96.000000,5.0,-12.3531,-11.4036,-49.4123,-50.3618,PENDING_AG03,FALSE,NOT_FOR_ENFORCEMENT,-59.2948,45613.2617,-61.7654,-59.2948,-2.4706,-0.00118015,-0.00113294,-2.4706,-59.2948,-0.00113294,-2.4706,-2.4706,-2.4706,-2.4706,-2.4706,-59.2948,-0.00113294,-12.3531,-11.4036,-49.4123,-50.3618,-0.00094412,-0.00096226,-0.00004721,36.9350,33.6024,-0.0437,-3.2508,-0.1159,2754.5753,74.4211,12.8426,37.0032,13.1659,26.3317,52.6635,71.0957,102.6937,147.4577,26.3317,0.0,3.9,5.6,1.402681,30,147,41,3,0.00098153,-0.00118015,0.01250000,0E-8,0.000000,0.907845,0.000000,-0.01369359,2026-03-23,2026-08-06,19,533,225,137,0.138686,0.347066,0.347707,0.003272,,,,,,,,GLOBAL_BASELINE_NO_ENTITY_RANKING,,,NOT_APPLICABLE_GLOBAL_BASELINE,HF9g-P5,,,,X 全窗基线 · 不参与实体赏罚,3925539,393,A168_HF9F_20260827_0900,2026-08-27 09:00:00
2026-03-27,123633016,2093,0,13.1658635490,0E-10,0E-10,,1,1,0.50665070000000000,0.506650700000,,,,0E-17,NO_DECISIVE_ROUND,R03b_20260811_FULL_v1,L1_ELIGIBILITY,v2026-08-11,2026-03-21..2026-08-06,baccarat_bet02_101_all_pairs_incl_sentinel,round_win = game_pnl > 0 (decisive only),COMPATIBILITY_ONLY_NOT_PRODUCTION,52336.9300,47513.8143,-61.7654,1417,1414,0.00118015,-0.01250000,0.00119359,0.00118015,61.7654,52336.9300,OK,0.0000,-2.4706,4.0000,96.0000,AG03-UNRESOLVED,ALL5_LEVELS_bet23_to_bet27,-2.4706,-2.4706,-2.4706,-2.4706,-2.4706,4.000000,4.000000,4.000000,4.000000,4.000000,96.000000,96.000000,96.000000,96.000000,96.000000,5.0,-12.3531,-11.4036,-49.4123,-50.3618,PENDING_AG03,FALSE,NOT_FOR_ENFORCEMENT,-59.2948,45613.2617,-61.7654,-59.2948,-2.4706,-0.00118015,-0.00113294,-2.4706,-59.2948,-0.00113294,-2.4706,-2.4706,-2.4706,-2.4706,-2.4706,-59.2948,-0.00113294,-12.3531,-11.4036,-49.4123,-50.3618,-0.00094412,-0.00096226,-0.00004721,36.9350,33.6024,-0.0437,-3.2508,-0.1159,2754.5753,74.4211,12.8426,37.0032,13.1659,26.3317,52.6635,71.0957,102.6937,147.4577,26.3317,0.0,3.9,5.6,1.402681,30,147,41,3,0.00098153,-0.00118015,0.01250000,0E-8,0.000000,0.907845,0.000000,-0.01369359,2026-03-23,2026-08-06,19,533,225,137,0.138686,0.347066,0.347707,0.003272,,,,,,,,GLOBAL_BASELINE_NO_ENTITY_RANKING,,,NOT_APPLICABLE_GLOBAL_BASELINE,HF9g-P5,,,,X 全窗基线 · 不参与实体赏罚,3925540,393,A168_HF9F_20260827_0900,2026-08-27 09:00:00
2026-03-27,123633016,2156,0,13.1658635490,-13.1658635490,-13.1658635490,0E-7,1,1,0.49324550000000000,0.493245500000,-0.9865810262130424,-0.9865810262130424,-0.9865810262130424,0E-17,ELIGIBLE,R03b_20260811_FULL_v1,L1_ELIGIBILITY,v2026-08-11,2026-03-21..2026-08-06,baccarat_bet02_101_all_pairs_incl_sentinel,round_win = game_pnl > 0 (decisive only),COMPATIBILITY_ONLY_NOT_PRODUCTION,52336.9300,47513.8143,-61.7654,1417,1414,0.00118015,-0.01250000,0.00119359,0.00118015,61.7654,52336.9300,OK,0.0000,-2.4706,4.0000,96.0000,AG03-UNRESOLVED,ALL5_LEVELS_bet23_to_bet27,-2.4706,-2.4706,-2.4706,-2.4706,-2.4706,4.000000,4.000000,4.000000,4.000000,4.000000,96.000000,96.000000,96.000000,96.000000,96.000000,5.0,-12.3531,-11.4036,-49.4123,-50.3618,PENDING_AG03,FALSE,NOT_FOR_ENFORCEMENT,-59.2948,45613.2617,-61.7654,-59.2948,-2.4706,-0.00118015,-0.00113294,-2.4706,-59.2948,-0.00113294,-2.4706,-2.4706,-2.4706,-2.4706,-2.4706,-59.2948,-0.00113294,-12.3531,-11.4036,-49.4123,-50.3618,-0.00094412,-0.00096226,-0.00004721,36.9350,33.6024,-0.0437,-3.2508,-0.1159,2754.5753,74.4211,12.8426,37.0032,13.1659,26.3317,52.6635,71.0957,102.6937,147.4577,26.3317,0.0,3.9,5.6,1.402681,30,147,41,3,0.00098153,-0.00118015,0.01250000,0E-8,0.000000,0.907845,0.000000,-0.01369359,2026-03-23,2026-08-06,19,533,225,137,0.138686,0.347066,0.347707,0.003272,,,,,,,,GLOBAL_BASELINE_NO_ENTITY_RANKING,,,NOT_APPLICABLE_GLOBAL_BASELINE,HF9g-P5,,,,X 全窗基线 · 不参与实体赏罚,3925541,393,A168_HF9F_20260827_0900,2026-08-27 09:00:00
2026-03-27,123633016,2177,0,184.3220896860,26.3317270980,26.3317270980,0.6000000,5,5,0.49324550000000000,0.493245500000,0.47746420675292983,0.47746420675292983,0.47746420675292983,0E-17,ELIGIBLE,R03b_20260811_FULL_v1,L1_ELIGIBILITY,v2026-08-11,2026-03-21..2026-08-06,baccarat_bet02_101_all_pairs_incl_sentinel,round_win = game_pnl > 0 (decisive only),COMPATIBILITY_ONLY_NOT_PRODUCTION,52336.9300,47513.8143,-61.7654,1417,1414,0.00118015,-0.01250000,0.00119359,0.00118015,61.7654,52336.9300,OK,0.0000,-2.4706,4.0000,96.0000,AG03-UNRESOLVED,ALL5_LEVELS_bet23_to_bet27,-2.4706,-2.4706,-2.4706,-2.4706,-2.4706,4.000000,4.000000,4.000000,4.000000,4.000000,96.000000,96.000000,96.000000,96.000000,96.000000,5.0,-12.3531,-11.4036,-49.4123,-50.3618,PENDING_AG03,FALSE,NOT_FOR_ENFORCEMENT,-59.2948,45613.2617,-61.7654,-59.2948,-2.4706,-0.00118015,-0.00113294,-2.4706,-59.2948,-0.00113294,-2.4706,-2.4706,-2.4706,-2.4706,-2.4706,-59.2948,-0.00113294,-12.3531,-11.4036,-49.4123,-50.3618,-0.00094412,-0.00096226,-0.00004721,36.9350,33.6024,-0.0437,-3.2508,-0.1159,2754.5753,74.4211,12.8426,37.0032,13.1659,26.3317,52.6635,71.0957,102.6937,147.4577,26.3317,0.0,3.9,5.6,1.402681,30,147,41,3,0.00098153,-0.00118015,0.01250000,0E-8,0.000000,0.907845,0.000000,-0.01369359,2026-03-23,2026-08-06,19,533,225,137,0.138686,0.347066,0.347707,0.003272,,,,,,,,GLOBAL_BASELINE_NO_ENTITY_RANKING,,,NOT_APPLICABLE_GLOBAL_BASELINE,HF9g-P5,,,,X 全窗基线 · 不参与实体赏罚,3925542,393,A168_HF9F_20260827_0900,2026-08-27 09:00:00
2026-03-27,123633016,2223,0,105.3269083920,-13.1658635490,-13.1658635490,0.6666667,4,4,0.49324550000000000,0.493245500000,0.6008033672792107,0.6008033672792106,0.6008033672792107,0E-17,ELIGIBLE,R03b_20260811_FULL_v1,L1_ELIGIBILITY,v2026-08-11,2026-03-21..2026-08-06,baccarat_bet02_101_all_pairs_incl_sentinel,round_win = game_pnl > 0 (decisive only),COMPATIBILITY_ONLY_NOT_PRODUCTION,52336.9300,47513.8143,-61.7654,1417,1414,0.00118015,-0.01250000,0.00119359,0.00118015,61.7654,52336.9300,OK,0.0000,-2.4706,4.0000,96.0000,AG03-UNRESOLVED,ALL5_LEVELS_bet23_to_bet27,-2.4706,-2.4706,-2.4706,-2.4706,-2.4706,4.000000,4.000000,4.000000,4.000000,4.000000,96.000000,96.000000,96.000000,96.000000,96.000000,5.0,-12.3531,-11.4036,-49.4123,-50.3618,PENDING_AG03,FALSE,NOT_FOR_ENFORCEMENT,-59.2948,45613.2617,-61.7654,-59.2948,-2.4706,-0.00118015,-0.00113294,-2.4706,-59.2948,-0.00113294,-2.4706,-2.4706,-2.4706,-2.4706,-2.4706,-59.2948,-0.00113294,-12.3531,-11.4036,-49.4123,-50.3618,-0.00094412,-0.00096226,-0.00004721,36.9350,33.6024,-0.0437,-3.2508,-0.1159,2754.5753,74.4211,12.8426,37.0032,13.1659,26.3317,52.6635,71.0957,102.6937,147.4577,26.3317,0.0,3.9,5.6,1.402681,30,147,41,3,0.00098153,-0.00118015,0.01250000,0E-8,0.000000,0.907845,0.000000,-0.01369359,2026-03-23,2026-08-06,19,533,225,137,0.138686,0.347066,0.347707,0.003272,,,,,,,,GLOBAL_BASELINE_NO_ENTITY_RANKING,,,NOT_APPLICABLE_GLOBAL_BASELINE,HF9g-P5,,,,X 全窗基线 · 不参与实体赏罚,3925543,393,A168_HF9F_20260827_0900,2026-08-27 09:00:00
2026-03-27,123633016,471,0,13.1658635490,-13.1658635490,-13.1658635490,0E-7,1,1,0.50665070000000000,0.506650700000,-1.013391052207602,-1.013391052207602,-1.013391052207602,0E-17,ELIGIBLE,R03b_20260811_FULL_v1,L1_ELIGIBILITY,v2026-08-11,2026-03-21..2026-08-06,baccarat_bet02_101_all_pairs_incl_sentinel,round_win = game_pnl > 0 (decisive only),COMPATIBILITY_ONLY_NOT_PRODUCTION,52336.9300,47513.8143,-61.7654,1417,1414,0.00118015,-0.01250000,0.00119359,0.00118015,61.7654,52336.9300,OK,0.0000,-2.4706,4.0000,96.0000,AG03-UNRESOLVED,ALL5_LEVELS_bet23_to_bet27,-2.4706,-2.4706,-2.4706,-2.4706,-2.4706,4.000000,4.000000,4.000000,4.000000,4.000000,96.000000,96.000000,96.000000,96.000000,96.000000,5.0,-12.3531,-11.4036,-49.4123,-50.3618,PENDING_AG03,FALSE,NOT_FOR_ENFORCEMENT,-59.2948,45613.2617,-61.7654,-59.2948,-2.4706,-0.00118015,-0.00113294,-2.4706,-59.2948,-0.00113294,-2.4706,-2.4706,-2.4706,-2.4706,-2.4706,-59.2948,-0.00113294,-12.3531,-11.4036,-49.4123,-50.3618,-0.00094412,-0.00096226,-0.00004721,36.9350,33.6024,-0.0437,-3.2508,-0.1159,2754.5753,74.4211,12.8426,37.0032,13.1659,26.3317,52.6635,71.0957,102.6937,147.4577,26.3317,0.0,3.9,5.6,1.402681,30,147,41,3,0.00098153,-0.00118015,0.01250000,0E-8,0.000000,0.907845,0.000000,-0.01369359,2026-03-23,2026-08-06,19,533,225,137,0.138686,0.347066,0.347707,0.003272,,,,,,,,GLOBAL_BASELINE_NO_ENTITY_RANKING,,,NOT_APPLICABLE_GLOBAL_BASELINE,HF9g-P5,,,,X 全窗基线 · 不参与实体赏罚,3925544,393,A168_HF9F_20260827_0900,2026-08-27 09:00:00
2026-03-28,123633016,-1,1,313.3475524662,-53.9800405511,-53.9800405511,0.4666667,16,16,0.50162375000000000,0.501623750000,-0.27077783101393066,-0.27077783101393066,-0.27077783101393066,0E-17,SENTINEL_DEALER,R03b_20260811_FULL_v1,L1_ELIGIBILITY,v2026-08-11,2026-03-21..2026-08-06,baccarat_bet02_101_all_pairs_incl_sentinel,round_win = game_pnl > 0 (decisive only),COMPATIBILITY_ONLY_NOT_PRODUCTION,52336.9300,47513.8143,-61.7654,1417,1414,0.00118015,-0.01250000,0.00119359,0.00118015,61.7654,52336.9300,OK,0.0000,-2.4706,4.0000,96.0000,AG03-UNRESOLVED,ALL5_LEVELS_bet23_to_bet27,-2.4706,-2.4706,-2.4706,-2.4706,-2.4706,4.000000,4.000000,4.000000,4.000000,4.000000,96.000000,96.000000,96.000000,96.000000,96.000000,5.0,-12.3531,-11.4036,-49.4123,-50.3618,PENDING_AG03,FALSE,NOT_FOR_ENFORCEMENT,-59.2948,45613.2617,-61.7654,-59.2948,-2.4706,-0.00118015,-0.00113294,-2.4706,-59.2948,-0.00113294,-2.4706,-2.4706,-2.4706,-2.4706,-2.4706,-59.2948,-0.00113294,-12.3531,-11.4036,-49.4123,-50.3618,-0.00094412,-0.00096226,-0.00004721,36.9350,33.6024,-0.0437,-3.2508,-0.1159,2754.5753,74.4211,12.8426,37.0032,13.1659,26.3317,52.6635,71.0957,102.6937,147.4577,26.3317,0.0,3.9,5.6,1.402681,30,147,41,3,0.00098153,-0.00118015,0.01250000,0E-8,0.000000,0.907845,0.000000,-0.01369359,2026-03-23,2026-08-06,19,533,225,137,0.138686,0.347066,0.347707,0.003272,,,,,,,,GLOBAL_BASELINE_NO_ENTITY_RANKING,,,NOT_APPLICABLE_GLOBAL_BASELINE,HF9g-P5,,,,X 全窗基线 · 不参与实体赏罚,3925545,393,A168_HF9F_20260827_0900,2026-08-27 09:00:00
2026-03-28,123633016,1004,0,26.3317270980,0E-10,0E-10,0.5000000,2,2,0.49324550000000000,0.493245500000,0.01910635448239258,0.01910635448239258,0.01910635448239258,0E-17,ELIGIBLE,R03b_20260811_FULL_v1,L1_ELIGIBILITY,v2026-08-11,2026-03-21..2026-08-06,baccarat_bet02_101_all_pairs_incl_sentinel,round_win = game_pnl > 0 (decisive only),COMPATIBILITY_ONLY_NOT_PRODUCTION,52336.9300,47513.8143,-61.7654,1417,1414,0.00118015,-0.01250000,0.00119359,0.00118015,61.7654,52336.9300,OK,0.0000,-2.4706,4.0000,96.0000,AG03-UNRESOLVED,ALL5_LEVELS_bet23_to_bet27,-2.4706,-2.4706,-2.4706,-2.4706,-2.4706,4.000000,4.000000,4.000000,4.000000,4.000000,96.000000,96.000000,96.000000,96.000000,96.000000,5.0,-12.3531,-11.4036,-49.4123,-50.3618,PENDING_AG03,FALSE,NOT_FOR_ENFORCEMENT,-59.2948,45613.2617,-61.7654,-59.2948,-2.4706,-0.00118015,-0.00113294,-2.4706,-59.2948,-0.00113294,-2.4706,-2.4706,-2.4706,-2.4706,-2.4706,-59.2948,-0.00113294,-12.3531,-11.4036,-49.4123,-50.3618,-0.00094412,-0.00096226,-0.00004721,36.9350,33.6024,-0.0437,-3.2508,-0.1159,2754.5753,74.4211,12.8426,37.0032,13.1659,26.3317,52.6635,71.0957,102.6937,147.4577,26.3317,0.0,3.9,5.6,1.402681,30,147,41,3,0.00098153,-0.00118015,0.01250000,0E-8,0.000000,0.907845,0.000000,-0.01369359,2026-03-23,2026-08-06,19,533,225,137,0.138686,0.347066,0.347707,0.003272,,,,,,,,GLOBAL_BASELINE_NO_ENTITY_RANKING,,,NOT_APPLICABLE_GLOBAL_BASELINE,HF9g-P5,,,,X 全窗基线 · 不参与实体赏罚,3925546,393,A168_HF9F_20260827_0900,2026-08-27 09:00:00
2026-03-28,123633016,1109,0,13.1658635490,-13.1658635490,-13.1658635490,0E-7,1,1,0.49324550000000000,0.493245500000,-0.9865810262130424,-0.9865810262130424,-0.9865810262130424,0E-17,ELIGIBLE,R03b_20260811_FULL_v1,L1_ELIGIBILITY,v2026-08-11,2026-03-21..2026-08-06,baccarat_bet02_101_all_pairs_incl_sentinel,round_win = game_pnl > 0 (decisive only),COMPATIBILITY_ONLY_NOT_PRODUCTION,52336.9300,47513.8143,-61.7654,1417,1414,0.00118015,-0.01250000,0.00119359,0.00118015,61.7654,52336.9300,OK,0.0000,-2.4706,4.0000,96.0000,AG03-UNRESOLVED,ALL5_LEVELS_bet23_to_bet27,-2.4706,-2.4706,-2.4706,-2.4706,-2.4706,4.000000,4.000000,4.000000,4.000000,4.000000,96.000000,96.000000,96.000000,96.000000,96.000000,5.0,-12.3531,-11.4036,-49.4123,-50.3618,PENDING_AG03,FALSE,NOT_FOR_ENFORCEMENT,-59.2948,45613.2617,-61.7654,-59.2948,-2.4706,-0.00118015,-0.00113294,-2.4706,-59.2948,-0.00113294,-2.4706,-2.4706,-2.4706,-2.4706,-2.4706,-59.2948,-0.00113294,-12.3531,-11.4036,-49.4123,-50.3618,-0.00094412,-0.00096226,-0.00004721,36.9350,33.6024,-0.0437,-3.2508,-0.1159,2754.5753,74.4211,12.8426,37.0032,13.1659,26.3317,52.6635,71.0957,102.6937,147.4577,26.3317,0.0,3.9,5.6,1.402681,30,147,41,3,0.00098153,-0.00118015,0.01250000,0E-8,0.000000,0.907845,0.000000,-0.01369359,2026-03-23,2026-08-06,19,533,225,137,0.138686,0.347066,0.347707,0.003272,,,,,,,,GLOBAL_BASELINE_NO_ENTITY_RANKING,,,NOT_APPLICABLE_GLOBAL_BASELINE,HF9g-P5,,,,X 全窗基线 · 不参与实体赏罚,3925547,393,A168_HF9F_20260827_0900,2026-08-27 09:00:00
2026-03-28,123633016,1304,0,86.8946994234,60.0363377832,60.0363377832,1.0000000,6,6,0.50665070000000000,0.506650700000,2.2065203483183233,2.2065203483183233,2.2065203483183233,0E-17,ELIGIBLE,R03b_20260811_FULL_v1,L1_ELIGIBILITY,v2026-08-11,2026-03-21..2026-08-06,baccarat_bet02_101_all_pairs_incl_sentinel,round_win = game_pnl > 0 (decisive only),COMPATIBILITY_ONLY_NOT_PRODUCTION,52336.9300,47513.8143,-61.7654,1417,1414,0.00118015,-0.01250000,0.00119359,0.00118015,61.7654,52336.9300,OK,0.0000,-2.4706,4.0000,96.0000,AG03-UNRESOLVED,ALL5_LEVELS_bet23_to_bet27,-2.4706,-2.4706,-2.4706,-2.4706,-2.4706,4.000000,4.000000,4.000000,4.000000,4.000000,96.000000,96.000000,96.000000,96.000000,96.000000,5.0,-12.3531,-11.4036,-49.4123,-50.3618,PENDING_AG03,FALSE,NOT_FOR_ENFORCEMENT,-59.2948,45613.2617,-61.7654,-59.2948,-2.4706,-0.00118015,-0.00113294,-2.4706,-59.2948,-0.00113294,-2.4706,-2.4706,-2.4706,-2.4706,-2.4706,-59.2948,-0.00113294,-12.3531,-11.4036,-49.4123,-50.3618,-0.00094412,-0.00096226,-0.00004721,36.9350,33.6024,-0.0437,-3.2508,-0.1159,2754.5753,74.4211,12.8426,37.0032,13.1659,26.3317,52.6635,71.0957,102.6937,147.4577,26.3317,0.0,3.9,5.6,1.402681,30,147,41,3,0.00098153,-0.00118015,0.01250000,0E-8,0.000000,0.907845,0.000000,-0.01369359,2026-03-23,2026-08-06,19,533,225,137,0.138686,0.347066,0.347707,0.003272,,,,,,,,GLOBAL_BASELINE_NO_ENTITY_RANKING,,,NOT_APPLICABLE_GLOBAL_BASELINE,HF9g-P5,,,,X 全窗基线 · 不参与实体赏罚,3925548,393,A168_HF9F_20260827_0900,2026-08-27 09:00:00
2026-03-28,123633016,1505,0,102.6937356822,51.3468678410,51.3468678410,0.8000000,5,5,0.50665070000000000,0.506650700000,1.3120140225494112,1.3120140225494112,1.3120140225494112,0E-17,ELIGIBLE,R03b_20260811_FULL_v1,L1_ELIGIBILITY,v2026-08-11,2026-03-21..2026-08-06,baccarat_bet02_101_all_pairs_incl_sentinel,round_win = game_pnl > 0 (decisive only),COMPATIBILITY_ONLY_NOT_PRODUCTION,52336.9300,47513.8143,-61.7654,1417,1414,0.00118015,-0.01250000,0.00119359,0.00118015,61.7654,52336.9300,OK,0.0000,-2.4706,4.0000,96.0000,AG03-UNRESOLVED,ALL5_LEVELS_bet23_to_bet27,-2.4706,-2.4706,-2.4706,-2.4706,-2.4706,4.000000,4.000000,4.000000,4.000000,4.000000,96.000000,96.000000,96.000000,96.000000,96.000000,5.0,-12.3531,-11.4036,-49.4123,-50.3618,PENDING_AG03,FALSE,NOT_FOR_ENFORCEMENT,-59.2948,45613.2617,-61.7654,-59.2948,-2.4706,-0.00118015,-0.00113294,-2.4706,-59.2948,-0.00113294,-2.4706,-2.4706,-2.4706,-2.4706,-2.4706,-59.2948,-0.00113294,-12.3531,-11.4036,-49.4123,-50.3618,-0.00094412,-0.00096226,-0.00004721,36.9350,33.6024,-0.0437,-3.2508,-0.1159,2754.5753,74.4211,12.8426,37.0032,13.1659,26.3317,52.6635,71.0957,102.6937,147.4577,26.3317,0.0,3.9,5.6,1.402681,30,147,41,3,0.00098153,-0.00118015,0.01250000,0E-8,0.000000,0.907845,0.000000,-0.01369359,2026-03-23,2026-08-06,19,533,225,137,0.138686,0.347066,0.347707,0.003272,,,,,,,,GLOBAL_BASELINE_NO_ENTITY_RANKING,,,NOT_APPLICABLE_GLOBAL_BASELINE,HF9g-P5,,,,X 全窗基线 · 不参与实体赏罚,3925549,393,A168_HF9F_20260827_0900,2026-08-27 09:00:00
2026-03-28,123633016,1509,0,13.1658635490,-13.1658635490,-13.1658635490,0E-7,1,1,0.49324550000000000,0.493245500000,-0.9865810262130424,-0.9865810262130424,-0.9865810262130424,0E-17,ELIGIBLE,R03b_20260811_FULL_v1,L1_ELIGIBILITY,v2026-08-11,2026-03-21..2026-08-06,baccarat_bet02_101_all_pairs_incl_sentinel,round_win = game_pnl > 0 (decisive only),COMPATIBILITY_ONLY_NOT_PRODUCTION,52336.9300,47513.8143,-61.7654,1417,1414,0.00118015,-0.01250000,0.00119359,0.00118015,61.7654,52336.9300,OK,0.0000,-2.4706,4.0000,96.0000,AG03-UNRESOLVED,ALL5_LEVELS_bet23_to_bet27,-2.4706,-2.4706,-2.4706,-2.4706,-2.4706,4.000000,4.000000,4.000000,4.000000,4.000000,96.000000,96.000000,96.000000,96.000000,96.000000,5.0,-12.3531,-11.4036,-49.4123,-50.3618,PENDING_AG03,FALSE,NOT_FOR_ENFORCEMENT,-59.2948,45613.2617,-61.7654,-59.2948,-2.4706,-0.00118015,-0.00113294,-2.4706,-59.2948,-0.00113294,-2.4706,-2.4706,-2.4706,-2.4706,-2.4706,-59.2948,-0.00113294,-12.3531,-11.4036,-49.4123,-50.3618,-0.00094412,-0.00096226,-0.00004721,36.9350,33.6024,-0.0437,-3.2508,-0.1159,2754.5753,74.4211,12.8426,37.0032,13.1659,26.3317,52.6635,71.0957,102.6937,147.4577,26.3317,0.0,3.9,5.6,1.402681,30,147,41,3,0.00098153,-0.00118015,0.01250000,0E-8,0.000000,0.907845,0.000000,-0.01369359,2026-03-23,2026-08-06,19,533,225,137,0.138686,0.347066,0.347707,0.003272,,,,,,,,GLOBAL_BASELINE_NO_ENTITY_RANKING,,,NOT_APPLICABLE_GLOBAL_BASELINE,HF9g-P5,,,,X 全窗基线 · 不参与实体赏罚,3925550,393,A168_HF9F_20260827_0900,2026-08-27 09:00:00
2026-03-28,123633016,1941,0,90.8444584881,78.9951812940,78.9951812940,1.0000000,3,3,0.50218230000000000,0.502182300000,1.4080544974538591,1.4080544974538591,1.4080544974538591,0E-17,ELIGIBLE,R03b_20260811_FULL_v1,L1_ELIGIBILITY,v2026-08-11,2026-03-21..2026-08-06,baccarat_bet02_101_all_pairs_incl_sentinel,round_win = game_pnl > 0 (decisive only),COMPATIBILITY_ONLY_NOT_PRODUCTION,52336.9300,47513.8143,-61.7654,1417,1414,0.00118015,-0.01250000,0.00119359,0.00118015,61.7654,52336.9300,OK,0.0000,-2.4706,4.0000,96.0000,AG03-UNRESOLVED,ALL5_LEVELS_bet23_to_bet27,-2.4706,-2.4706,-2.4706,-2.4706,-2.4706,4.000000,4.000000,4.000000,4.000000,4.000000,96.000000,96.000000,96.000000,96.000000,96.000000,5.0,-12.3531,-11.4036,-49.4123,-50.3618,PENDING_AG03,FALSE,NOT_FOR_ENFORCEMENT,-59.2948,45613.2617,-61.7654,-59.2948,-2.4706,-0.00118015,-0.00113294,-2.4706,-59.2948,-0.00113294,-2.4706,-2.4706,-2.4706,-2.4706,-2.4706,-59.2948,-0.00113294,-12.3531,-11.4036,-49.4123,-50.3618,-0.00094412,-0.00096226,-0.00004721,36.9350,33.6024,-0.0437,-3.2508,-0.1159,2754.5753,74.4211,12.8426,37.0032,13.1659,26.3317,52.6635,71.0957,102.6937,147.4577,26.3317,0.0,3.9,5.6,1.402681,30,147,41,3,0.00098153,-0.00118015,0.01250000,0E-8,0.000000,0.907845,0.000000,-0.01369359,2026-03-23,2026-08-06,19,533,225,137,0.138686,0.347066,0.347707,0.003272,,,,,,,,GLOBAL_BASELINE_NO_ENTITY_RANKING,,,NOT_APPLICABLE_GLOBAL_BASELINE,HF9g-P5,,,,X 全窗基线 · 不参与实体赏罚,3925551,393,A168_HF9F_20260827_0900,2026-08-27 09:00:00
2026-03-28,123633016,1990,0,36.8644179372,-36.8644179372,-36.8644179372,0E-7,1,1,0.49324550000000000,0.493245500000,-0.9865810262130424,-0.9865810262130424,-0.9865810262130424,0E-17,ELIGIBLE,R03b_20260811_FULL_v1,L1_ELIGIBILITY,v2026-08-11,2026-03-21..2026-08-06,baccarat_bet02_101_all_pairs_incl_sentinel,round_win = game_pnl > 0 (decisive only),COMPATIBILITY_ONLY_NOT_PRODUCTION,52336.9300,47513.8143,-61.7654,1417,1414,0.00118015,-0.01250000,0.00119359,0.00118015,61.7654,52336.9300,OK,0.0000,-2.4706,4.0000,96.0000,AG03-UNRESOLVED,ALL5_LEVELS_bet23_to_bet27,-2.4706,-2.4706,-2.4706,-2.4706,-2.4706,4.000000,4.000000,4.000000,4.000000,4.000000,96.000000,96.000000,96.000000,96.000000,96.000000,5.0,-12.3531,-11.4036,-49.4123,-50.3618,PENDING_AG03,FALSE,NOT_FOR_ENFORCEMENT,-59.2948,45613.2617,-61.7654,-59.2948,-2.4706,-0.00118015,-0.00113294,-2.4706,-59.2948,-0.00113294,-2.4706,-2.4706,-2.4706,-2.4706,-2.4706,-59.2948,-0.00113294,-12.3531,-11.4036,-49.4123,-50.3618,-0.00094412,-0.00096226,-0.00004721,36.9350,33.6024,-0.0437,-3.2508,-0.1159,2754.5753,74.4211,12.8426,37.0032,13.1659,26.3317,52.6635,71.0957,102.6937,147.4577,26.3317,0.0,3.9,5.6,1.402681,30,147,41,3,0.00098153,-0.00118015,0.01250000,0E-8,0.000000,0.907845,0.000000,-0.01369359,2026-03-23,2026-08-06,19,533,225,137,0.138686,0.347066,0.347707,0.003272,,,,,,,,GLOBAL_BASELINE_NO_ENTITY_RANKING,,,NOT_APPLICABLE_GLOBAL_BASELINE,HF9g-P5,,,,X 全窗基线 · 不参与实体赏罚,3925552,393,A168_HF9F_20260827_0900,2026-08-27 09:00:00
2026-03-28,123633016,2127,0,5.2663454196,-5.2663454196,-5.2663454196,0E-7,1,1,0.49324550000000000,0.493245500000,-0.9865810262130424,-0.9865810262130424,-0.9865810262130424,0E-17,ELIGIBLE,R03b_20260811_FULL_v1,L1_ELIGIBILITY,v2026-08-11,2026-03-21..2026-08-06,baccarat_bet02_101_all_pairs_incl_sentinel,round_win = game_pnl > 0 (decisive only),COMPATIBILITY_ONLY_NOT_PRODUCTION,52336.9300,47513.8143,-61.7654,1417,1414,0.00118015,-0.01250000,0.00119359,0.00118015,61.7654,52336.9300,OK,0.0000,-2.4706,4.0000,96.0000,AG03-UNRESOLVED,ALL5_LEVELS_bet23_to_bet27,-2.4706,-2.4706,-2.4706,-2.4706,-2.4706,4.000000,4.000000,4.000000,4.000000,4.000000,96.000000,96.000000,96.000000,96.000000,96.000000,5.0,-12.3531,-11.4036,-49.4123,-50.3618,PENDING_AG03,FALSE,NOT_FOR_ENFORCEMENT,-59.2948,45613.2617,-61.7654,-59.2948,-2.4706,-0.00118015,-0.00113294,-2.4706,-59.2948,-0.00113294,-2.4706,-2.4706,-2.4706,-2.4706,-2.4706,-59.2948,-0.00113294,-12.3531,-11.4036,-49.4123,-50.3618,-0.00094412,-0.00096226,-0.00004721,36.9350,33.6024,-0.0437,-3.2508,-0.1159,2754.5753,74.4211,12.8426,37.0032,13.1659,26.3317,52.6635,71.0957,102.6937,147.4577,26.3317,0.0,3.9,5.6,1.402681,30,147,41,3,0.00098153,-0.00118015,0.01250000,0E-8,0.000000,0.907845,0.000000,-0.01369359,2026-03-23,2026-08-06,19,533,225,137,0.138686,0.347066,0.347707,0.003272,,,,,,,,GLOBAL_BASELINE_NO_ENTITY_RANKING,,,NOT_APPLICABLE_GLOBAL_BASELINE,HF9g-P5,,,,X 全窗基线 · 不参与实体赏罚,3925553,393,A168_HF9F_20260827_0900,2026-08-27 09:00:00
2026-03-28,123633016,2167,0,39.4975906470,-13.8241567265,-13.8241567265,0.3333333,3,3,0.50218230000000000,0.502182300000,-0.5849155494134425,-0.5849155494134426,-0.5849155494134425,0E-17,ELIGIBLE,R03b_20260811_FULL_v1,L1_ELIGIBILITY,v2026-08-11,2026-03-21..2026-08-06,baccarat_bet02_101_all_pairs_incl_sentinel,round_win = game_pnl > 0 (decisive only),COMPATIBILITY_ONLY_NOT_PRODUCTION,52336.9300,47513.8143,-61.7654,1417,1414,0.00118015,-0.01250000,0.00119359,0.00118015,61.7654,52336.9300,OK,0.0000,-2.4706,4.0000,96.0000,AG03-UNRESOLVED,ALL5_LEVELS_bet23_to_bet27,-2.4706,-2.4706,-2.4706,-2.4706,-2.4706,4.000000,4.000000,4.000000,4.000000,4.000000,96.000000,96.000000,96.000000,96.000000,96.000000,5.0,-12.3531,-11.4036,-49.4123,-50.3618,PENDING_AG03,FALSE,NOT_FOR_ENFORCEMENT,-59.2948,45613.2617,-61.7654,-59.2948,-2.4706,-0.00118015,-0.00113294,-2.4706,-59.2948,-0.00113294,-2.4706,-2.4706,-2.4706,-2.4706,-2.4706,-59.2948,-0.00113294,-12.3531,-11.4036,-49.4123,-50.3618,-0.00094412,-0.00096226,-0.00004721,36.9350,33.6024,-0.0437,-3.2508,-0.1159,2754.5753,74.4211,12.8426,37.0032,13.1659,26.3317,52.6635,71.0957,102.6937,147.4577,26.3317,0.0,3.9,5.6,1.402681,30,147,41,3,0.00098153,-0.00118015,0.01250000,0E-8,0.000000,0.907845,0.000000,-0.01369359,2026-03-23,2026-08-06,19,533,225,137,0.138686,0.347066,0.347707,0.003272,,,,,,,,GLOBAL_BASELINE_NO_ENTITY_RANKING,,,NOT_APPLICABLE_GLOBAL_BASELINE,HF9g-P5,,,,X 全窗基线 · 不参与实体赏罚,3925554,393,A168_HF9F_20260827_0900,2026-08-27 09:00:00
2026-03-28,123633016,2196,0,13.1658635490,-13.1658635490,-13.1658635490,0E-7,1,1,0.49324550000000000,0.493245500000,-0.9865810262130424,-0.9865810262130424,-0.9865810262130424,0E-17,ELIGIBLE,R03b_20260811_FULL_v1,L1_ELIGIBILITY,v2026-08-11,2026-03-21..2026-08-06,baccarat_bet02_101_all_pairs_incl_sentinel,round_win = game_pnl > 0 (decisive only),COMPATIBILITY_ONLY_NOT_PRODUCTION,52336.9300,47513.8143,-61.7654,1417,1414,0.00118015,-0.01250000,0.00119359,0.00118015,61.7654,52336.9300,OK,0.0000,-2.4706,4.0000,96.0000,AG03-UNRESOLVED,ALL5_LEVELS_bet23_to_bet27,-2.4706,-2.4706,-2.4706,-2.4706,-2.4706,4.000000,4.000000,4.000000,4.000000,4.000000,96.000000,96.000000,96.000000,96.000000,96.000000,5.0,-12.3531,-11.4036,-49.4123,-50.3618,PENDING_AG03,FALSE,NOT_FOR_ENFORCEMENT,-59.2948,45613.2617,-61.7654,-59.2948,-2.4706,-0.00118015,-0.00113294,-2.4706,-59.2948,-0.00113294,-2.4706,-2.4706,-2.4706,-2.4706,-2.4706,-59.2948,-0.00113294,-12.3531,-11.4036,-49.4123,-50.3618,-0.00094412,-0.00096226,-0.00004721,36.9350,33.6024,-0.0437,-3.2508,-0.1159,2754.5753,74.4211,12.8426,37.0032,13.1659,26.3317,52.6635,71.0957,102.6937,147.4577,26.3317,0.0,3.9,5.6,1.402681,30,147,41,3,0.00098153,-0.00118015,0.01250000,0E-8,0.000000,0.907845,0.000000,-0.01369359,2026-03-23,2026-08-06,19,533,225,137,0.138686,0.347066,0.347707,0.003272,,,,,,,,GLOBAL_BASELINE_NO_ENTITY_RANKING,,,NOT_APPLICABLE_GLOBAL_BASELINE,HF9g-P5,,,,X 全窗基线 · 不参与实体赏罚,3925555,393,A168_HF9F_20260827_0900,2026-08-27 09:00:00
2026-03-28,123633016,2224,0,57.1398478027,-4.6212181058,-4.6212181058,0.6000000,5,5,0.50128862000000000,0.501288620000,0.4414521777673877,0.4414521777673877,0.4414521777673877,0E-17,ELIGIBLE,R03b_20260811_FULL_v1,L1_ELIGIBILITY,v2026-08-11,2026-03-21..2026-08-06,baccarat_bet02_101_all_pairs_incl_sentinel,round_win = game_pnl > 0 (decisive only),COMPATIBILITY_ONLY_NOT_PRODUCTION,52336.9300,47513.8143,-61.7654,1417,1414,0.00118015,-0.01250000,0.00119359,0.00118015,61.7654,52336.9300,OK,0.0000,-2.4706,4.0000,96.0000,AG03-UNRESOLVED,ALL5_LEVELS_bet23_to_bet27,-2.4706,-2.4706,-2.4706,-2.4706,-2.4706,4.000000,4.000000,4.000000,4.000000,4.000000,96.000000,96.000000,96.000000,96.000000,96.000000,5.0,-12.3531,-11.4036,-49.4123,-50.3618,PENDING_AG03,FALSE,NOT_FOR_ENFORCEMENT,-59.2948,45613.2617,-61.7654,-59.2948,-2.4706,-0.00118015,-0.00113294,-2.4706,-59.2948,-0.00113294,-2.4706,-2.4706,-2.4706,-2.4706,-2.4706,-59.2948,-0.00113294,-12.3531,-11.4036,-49.4123,-50.3618,-0.00094412,-0.00096226,-0.00004721,36.9350,33.6024,-0.0437,-3.2508,-0.1159,2754.5753,74.4211,12.8426,37.0032,13.1659,26.3317,52.6635,71.0957,102.6937,147.4577,26.3317,0.0,3.9,5.6,1.402681,30,147,41,3,0.00098153,-0.00118015,0.01250000,0E-8,0.000000,0.907845,0.000000,-0.01369359,2026-03-23,2026-08-06,19,533,225,137,0.138686,0.347066,0.347707,0.003272,,,,,,,,GLOBAL_BASELINE_NO_ENTITY_RANKING,,,NOT_APPLICABLE_GLOBAL_BASELINE,HF9g-P5,,,,X 全窗基线 · 不参与实体赏罚,3925556,393,A168_HF9F_20260827_0900,2026-08-27 09:00:00
2026-03-28,123633016,2233,0,13.1658635490,0E-10,0E-10,,1,1,0.49324550000000000,0.493245500000,,,,0E-17,NO_DECISIVE_ROUND,R03b_20260811_FULL_v1,L1_ELIGIBILITY,v2026-08-11,2026-03-21..2026-08-06,baccarat_bet02_101_all_pairs_incl_sentinel,round_win = game_pnl > 0 (decisive only),COMPATIBILITY_ONLY_NOT_PRODUCTION,52336.9300,47513.8143,-61.7654,1417,1414,0.00118015,-0.01250000,0.00119359,0.00118015,61.7654,52336.9300,OK,0.0000,-2.4706,4.0000,96.0000,AG03-UNRESOLVED,ALL5_LEVELS_bet23_to_bet27,-2.4706,-2.4706,-2.4706,-2.4706,-2.4706,4.000000,4.000000,4.000000,4.000000,4.000000,96.000000,96.000000,96.000000,96.000000,96.000000,5.0,-12.3531,-11.4036,-49.4123,-50.3618,PENDING_AG03,FALSE,NOT_FOR_ENFORCEMENT,-59.2948,45613.2617,-61.7654,-59.2948,-2.4706,-0.00118015,-0.00113294,-2.4706,-59.2948,-0.00113294,-2.4706,-2.4706,-2.4706,-2.4706,-2.4706,-59.2948,-0.00113294,-12.3531,-11.4036,-49.4123,-50.3618,-0.00094412,-0.00096226,-0.00004721,36.9350,33.6024,-0.0437,-3.2508,-0.1159,2754.5753,74.4211,12.8426,37.0032,13.1659,26.3317,52.6635,71.0957,102.6937,147.4577,26.3317,0.0,3.9,5.6,1.402681,30,147,41,3,0.00098153,-0.00118015,0.01250000,0E-8,0.000000,0.907845,0.000000,-0.01369359,2026-03-23,2026-08-06,19,533,225,137,0.138686,0.347066,0.347707,0.003272,,,,,,,,GLOBAL_BASELINE_NO_ENTITY_RANKING,,,NOT_APPLICABLE_GLOBAL_BASELINE,HF9g-P5,,,,X 全窗基线 · 不参与实体赏罚,3925557,393,A168_HF9F_20260827_0900,2026-08-27 09:00:00
2026-03-28,123633016,2239,0,26.3317270980,0E-10,0E-10,0.5000000,2,2,0.49994810000000000,0.499948100000,0.00014679536856514622,0.00014679536856514622,0.00014679536856514622,0E-17,ELIGIBLE,R03b_20260811_FULL_v1,L1_ELIGIBILITY,v2026-08-11,2026-03-21..2026-08-06,baccarat_bet02_101_all_pairs_incl_sentinel,round_win = game_pnl > 0 (decisive only),COMPATIBILITY_ONLY_NOT_PRODUCTION,52336.9300,47513.8143,-61.7654,1417,1414,0.00118015,-0.01250000,0.00119359,0.00118015,61.7654,52336.9300,OK,0.0000,-2.4706,4.0000,96.0000,AG03-UNRESOLVED,ALL5_LEVELS_bet23_to_bet27,-2.4706,-2.4706,-2.4706,-2.4706,-2.4706,4.000000,4.000000,4.000000,4.000000,4.000000,96.000000,96.000000,96.000000,96.000000,96.000000,5.0,-12.3531,-11.4036,-49.4123,-50.3618,PENDING_AG03,FALSE,NOT_FOR_ENFORCEMENT,-59.2948,45613.2617,-61.7654,-59.2948,-2.4706,-0.00118015,-0.00113294,-2.4706,-59.2948,-0.00113294,-2.4706,-2.4706,-2.4706,-2.4706,-2.4706,-59.2948,-0.00113294,-12.3531,-11.4036,-49.4123,-50.3618,-0.00094412,-0.00096226,-0.00004721,36.9350,33.6024,-0.0437,-3.2508,-0.1159,2754.5753,74.4211,12.8426,37.0032,13.1659,26.3317,52.6635,71.0957,102.6937,147.4577,26.3317,0.0,3.9,5.6,1.402681,30,147,41,3,0.00098153,-0.00118015,0.01250000,0E-8,0.000000,0.907845,0.000000,-0.01369359,2026-03-23,2026-08-06,19,533,225,137,0.138686,0.347066,0.347707,0.003272,,,,,,,,GLOBAL_BASELINE_NO_ENTITY_RANKING,,,NOT_APPLICABLE_GLOBAL_BASELINE,HF9g-P5,,,,X 全窗基线 · 不参与实体赏罚,3925558,393,A168_HF9F_20260827_0900,2026-08-27 09:00:00
2026-03-28,123633016,948,0,13.1658635490,-13.1658635490,-13.1658635490,0E-7,1,1,0.50665070000000000,0.506650700000,-1.013391052207602,-1.013391052207602,-1.013391052207602,0E-17,ELIGIBLE,R03b_20260811_FULL_v1,L1_ELIGIBILITY,v2026-08-11,2026-03-21..2026-08-06,baccarat_bet02_101_all_pairs_incl_sentinel,round_win = game_pnl > 0 (decisive only),COMPATIBILITY_ONLY_NOT_PRODUCTION,52336.9300,47513.8143,-61.7654,1417,1414,0.00118015,-0.01250000,0.00119359,0.00118015,61.7654,52336.9300,OK,0.0000,-2.4706,4.0000,96.0000,AG03-UNRESOLVED,ALL5_LEVELS_bet23_to_bet27,-2.4706,-2.4706,-2.4706,-2.4706,-2.4706,4.000000,4.000000,4.000000,4.000000,4.000000,96.000000,96.000000,96.000000,96.000000,96.000000,5.0,-12.3531,-11.4036,-49.4123,-50.3618,PENDING_AG03,FALSE,NOT_FOR_ENFORCEMENT,-59.2948,45613.2617,-61.7654,-59.2948,-2.4706,-0.00118015,-0.00113294,-2.4706,-59.2948,-0.00113294,-2.4706,-2.4706,-2.4706,-2.4706,-2.4706,-59.2948,-0.00113294,-12.3531,-11.4036,-49.4123,-50.3618,-0.00094412,-0.00096226,-0.00004721,36.9350,33.6024,-0.0437,-3.2508,-0.1159,2754.5753,74.4211,12.8426,37.0032,13.1659,26.3317,52.6635,71.0957,102.6937,147.4577,26.3317,0.0,3.9,5.6,1.402681,30,147,41,3,0.00098153,-0.00118015,0.01250000,0E-8,0.000000,0.907845,0.000000,-0.01369359,2026-03-23,2026-08-06,19,533,225,137,0.138686,0.347066,0.347707,0.003272,,,,,,,,GLOBAL_BASELINE_NO_ENTITY_RANKING,,,NOT_APPLICABLE_GLOBAL_BASELINE,HF9g-P5,,,,X 全窗基线 · 不参与实体赏罚,3925559,393,A168_HF9F_20260827_0900,2026-08-27 09:00:00
2026-03-29,123633016,-1,1,188.0085314797,6.5039365931,6.5039365931,0.5000000,12,12,0.50218230000000000,0.502182300000,-0.01380220854039186,-0.01380220854039186,-0.01380220854039186,0E-17,SENTINEL_DEALER,R03b_20260811_FULL_v1,L1_ELIGIBILITY,v2026-08-11,2026-03-21..2026-08-06,baccarat_bet02_101_all_pairs_incl_sentinel,round_win = game_pnl > 0 (decisive only),COMPATIBILITY_ONLY_NOT_PRODUCTION,52336.9300,47513.8143,-61.7654,1417,1414,0.00118015,-0.01250000,0.00119359,0.00118015,61.7654,52336.9300,OK,0.0000,-2.4706,4.0000,96.0000,AG03-UNRESOLVED,ALL5_LEVELS_bet23_to_bet27,-2.4706,-2.4706,-2.4706,-2.4706,-2.4706,4.000000,4.000000,4.000000,4.000000,4.000000,96.000000,96.000000,96.000000,96.000000,96.000000,5.0,-12.3531,-11.4036,-49.4123,-50.3618,PENDING_AG03,FALSE,NOT_FOR_ENFORCEMENT,-59.2948,45613.2617,-61.7654,-59.2948,-2.4706,-0.00118015,-0.00113294,-2.4706,-59.2948,-0.00113294,-2.4706,-2.4706,-2.4706,-2.4706,-2.4706,-59.2948,-0.00113294,-12.3531,-11.4036,-49.4123,-50.3618,-0.00094412,-0.00096226,-0.00004721,36.9350,33.6024,-0.0437,-3.2508,-0.1159,2754.5753,74.4211,12.8426,37.0032,13.1659,26.3317,52.6635,71.0957,102.6937,147.4577,26.3317,0.0,3.9,5.6,1.402681,30,147,41,3,0.00098153,-0.00118015,0.01250000,0E-8,0.000000,0.907845,0.000000,-0.01369359,2026-03-23,2026-08-06,19,533,225,137,0.138686,0.347066,0.347707,0.003272,,,,,,,,GLOBAL_BASELINE_NO_ENTITY_RANKING,,,NOT_APPLICABLE_GLOBAL_BASELINE,HF9g-P5,,,,X 全窗基线 · 不参与实体赏罚,3925560,393,A168_HF9F_20260827_0900,2026-08-27 09:00:00
2026-03-29,123633016,1109,0,78.9951812940,0E-10,0E-10,0.5000000,4,4,0.49659680000000000,0.496596800000,0.013613115331600182,0.013613115331600183,0.013613115331600182,0E-17,ELIGIBLE,R03b_20260811_FULL_v1,L1_ELIGIBILITY,v2026-08-11,2026-03-21..2026-08-06,baccarat_bet02_101_all_pairs_incl_sentinel,round_win = game_pnl > 0 (decisive only),COMPATIBILITY_ONLY_NOT_PRODUCTION,52336.9300,47513.8143,-61.7654,1417,1414,0.00118015,-0.01250000,0.00119359,0.00118015,61.7654,52336.9300,OK,0.0000,-2.4706,4.0000,96.0000,AG03-UNRESOLVED,ALL5_LEVELS_bet23_to_bet27,-2.4706,-2.4706,-2.4706,-2.4706,-2.4706,4.000000,4.000000,4.000000,4.000000,4.000000,96.000000,96.000000,96.000000,96.000000,96.000000,5.0,-12.3531,-11.4036,-49.4123,-50.3618,PENDING_AG03,FALSE,NOT_FOR_ENFORCEMENT,-59.2948,45613.2617,-61.7654,-59.2948,-2.4706,-0.00118015,-0.00113294,-2.4706,-59.2948,-0.00113294,-2.4706,-2.4706,-2.4706,-2.4706,-2.4706,-59.2948,-0.00113294,-12.3531,-11.4036,-49.4123,-50.3618,-0.00094412,-0.00096226,-0.00004721,36.9350,33.6024,-0.0437,-3.2508,-0.1159,2754.5753,74.4211,12.8426,37.0032,13.1659,26.3317,52.6635,71.0957,102.6937,147.4577,26.3317,0.0,3.9,5.6,1.402681,30,147,41,3,0.00098153,-0.00118015,0.01250000,0E-8,0.000000,0.907845,0.000000,-0.01369359,2026-03-23,2026-08-06,19,533,225,137,0.138686,0.347066,0.347707,0.003272,,,,,,,,GLOBAL_BASELINE_NO_ENTITY_RANKING,,,NOT_APPLICABLE_GLOBAL_BASELINE,HF9g-P5,,,,X 全窗基线 · 不参与实体赏罚,3925561,393,A168_HF9F_20260827_0900,2026-08-27 09:00:00
2026-03-29,123633016,1307,0,26.3317270980,-26.3317270980,-26.3317270980,0E-7,1,1,0.50665070000000000,0.506650700000,-1.013391052207602,-1.013391052207602,-1.013391052207602,0E-17,ELIGIBLE,R03b_20260811_FULL_v1,L1_ELIGIBILITY,v2026-08-11,2026-03-21..2026-08-06,baccarat_bet02_101_all_pairs_incl_sentinel,round_win = game_pnl > 0 (decisive only),COMPATIBILITY_ONLY_NOT_PRODUCTION,52336.9300,47513.8143,-61.7654,1417,1414,0.00118015,-0.01250000,0.00119359,0.00118015,61.7654,52336.9300,OK,0.0000,-2.4706,4.0000,96.0000,AG03-UNRESOLVED,ALL5_LEVELS_bet23_to_bet27,-2.4706,-2.4706,-2.4706,-2.4706,-2.4706,4.000000,4.000000,4.000000,4.000000,4.000000,96.000000,96.000000,96.000000,96.000000,96.000000,5.0,-12.3531,-11.4036,-49.4123,-50.3618,PENDING_AG03,FALSE,NOT_FOR_ENFORCEMENT,-59.2948,45613.2617,-61.7654,-59.2948,-2.4706,-0.00118015,-0.00113294,-2.4706,-59.2948,-0.00113294,-2.4706,-2.4706,-2.4706,-2.4706,-2.4706,-59.2948,-0.00113294,-12.3531,-11.4036,-49.4123,-50.3618,-0.00094412,-0.00096226,-0.00004721,36.9350,33.6024,-0.0437,-3.2508,-0.1159,2754.5753,74.4211,12.8426,37.0032,13.1659,26.3317,52.6635,71.0957,102.6937,147.4577,26.3317,0.0,3.9,5.6,1.402681,30,147,41,3,0.00098153,-0.00118015,0.01250000,0E-8,0.000000,0.907845,0.000000,-0.01369359,2026-03-23,2026-08-06,19,533,225,137,0.138686,0.347066,0.347707,0.003272,,,,,,,,GLOBAL_BASELINE_NO_ENTITY_RANKING,,,NOT_APPLICABLE_GLOBAL_BASELINE,HF9g-P5,,,,X 全窗基线 · 不参与实体赏罚,3925562,393,A168_HF9F_20260827_0900,2026-08-27 09:00:00
2026-03-29,123633016,1505,0,13.1658635490,-13.1658635490,-13.1658635490,0E-7,1,1,0.49324550000000000,0.493245500000,-0.9865810262130424,-0.9865810262130424,-0.9865810262130424,0E-17,ELIGIBLE,R03b_20260811_FULL_v1,L1_ELIGIBILITY,v2026-08-11,2026-03-21..2026-08-06,baccarat_bet02_101_all_pairs_incl_sentinel,round_win = game_pnl > 0 (decisive only),COMPATIBILITY_ONLY_NOT_PRODUCTION,52336.9300,47513.8143,-61.7654,1417,1414,0.00118015,-0.01250000,0.00119359,0.00118015,61.7654,52336.9300,OK,0.0000,-2.4706,4.0000,96.0000,AG03-UNRESOLVED,ALL5_LEVELS_bet23_to_bet27,-2.4706,-2.4706,-2.4706,-2.4706,-2.4706,4.000000,4.000000,4.000000,4.000000,4.000000,96.000000,96.000000,96.000000,96.000000,96.000000,5.0,-12.3531,-11.4036,-49.4123,-50.3618,PENDING_AG03,FALSE,NOT_FOR_ENFORCEMENT,-59.2948,45613.2617,-61.7654,-59.2948,-2.4706,-0.00118015,-0.00113294,-2.4706,-59.2948,-0.00113294,-2.4706,-2.4706,-2.4706,-2.4706,-2.4706,-59.2948,-0.00113294,-12.3531,-11.4036,-49.4123,-50.3618,-0.00094412,-0.00096226,-0.00004721,36.9350,33.6024,-0.0437,-3.2508,-0.1159,2754.5753,74.4211,12.8426,37.0032,13.1659,26.3317,52.6635,71.0957,102.6937,147.4577,26.3317,0.0,3.9,5.6,1.402681,30,147,41,3,0.00098153,-0.00118015,0.01250000,0E-8,0.000000,0.907845,0.000000,-0.01369359,2026-03-23,2026-08-06,19,533,225,137,0.138686,0.347066,0.347707,0.003272,,,,,,,,GLOBAL_BASELINE_NO_ENTITY_RANKING,,,NOT_APPLICABLE_GLOBAL_BASELINE,HF9g-P5,,,,X 全窗基线 · 不参与实体赏罚,3925563,393,A168_HF9F_20260827_0900,2026-08-27 09:00:00
2026-03-29,123633016,1508,0,5.2663454196,5.0030281486,5.0030281486,1.0000000,1,1,0.50665070000000000,0.506650700000,0.9867858985152569,0.9867858985152569,0.9867858985152569,0E-17,ELIGIBLE,R03b_20260811_FULL_v1,L1_ELIGIBILITY,v2026-08-11,2026-03-21..2026-08-06,baccarat_bet02_101_all_pairs_incl_sentinel,round_win = game_pnl > 0 (decisive only),COMPATIBILITY_ONLY_NOT_PRODUCTION,52336.9300,47513.8143,-61.7654,1417,1414,0.00118015,-0.01250000,0.00119359,0.00118015,61.7654,52336.9300,OK,0.0000,-2.4706,4.0000,96.0000,AG03-UNRESOLVED,ALL5_LEVELS_bet23_to_bet27,-2.4706,-2.4706,-2.4706,-2.4706,-2.4706,4.000000,4.000000,4.000000,4.000000,4.000000,96.000000,96.000000,96.000000,96.000000,96.000000,5.0,-12.3531,-11.4036,-49.4123,-50.3618,PENDING_AG03,FALSE,NOT_FOR_ENFORCEMENT,-59.2948,45613.2617,-61.7654,-59.2948,-2.4706,-0.00118015,-0.00113294,-2.4706,-59.2948,-0.00113294,-2.4706,-2.4706,-2.4706,-2.4706,-2.4706,-59.2948,-0.00113294,-12.3531,-11.4036,-49.4123,-50.3618,-0.00094412,-0.00096226,-0.00004721,36.9350,33.6024,-0.0437,-3.2508,-0.1159,2754.5753,74.4211,12.8426,37.0032,13.1659,26.3317,52.6635,71.0957,102.6937,147.4577,26.3317,0.0,3.9,5.6,1.402681,30,147,41,3,0.00098153,-0.00118015,0.01250000,0E-8,0.000000,0.907845,0.000000,-0.01369359,2026-03-23,2026-08-06,19,533,225,137,0.138686,0.347066,0.347707,0.003272,,,,,,,,GLOBAL_BASELINE_NO_ENTITY_RANKING,,,NOT_APPLICABLE_GLOBAL_BASELINE,HF9g-P5,,,,X 全窗基线 · 不参与实体赏罚,3925564,393,A168_HF9F_20260827_0900,2026-08-27 09:00:00
2026-03-29,123633016,1994,0,65.8293177450,-40.1558838245,-40.1558838245,0.3333333,3,3,0.50218230000000000,0.502182300000,-0.5849155494134425,-0.5849155494134426,-0.5849155494134425,0E-17,ELIGIBLE,R03b_20260811_FULL_v1,L1_ELIGIBILITY,v2026-08-11,2026-03-21..2026-08-06,baccarat_bet02_101_all_pairs_incl_sentinel,round_win = game_pnl > 0 (decisive only),COMPATIBILITY_ONLY_NOT_PRODUCTION,52336.9300,47513.8143,-61.7654,1417,1414,0.00118015,-0.01250000,0.00119359,0.00118015,61.7654,52336.9300,OK,0.0000,-2.4706,4.0000,96.0000,AG03-UNRESOLVED,ALL5_LEVELS_bet23_to_bet27,-2.4706,-2.4706,-2.4706,-2.4706,-2.4706,4.000000,4.000000,4.000000,4.000000,4.000000,96.000000,96.000000,96.000000,96.000000,96.000000,5.0,-12.3531,-11.4036,-49.4123,-50.3618,PENDING_AG03,FALSE,NOT_FOR_ENFORCEMENT,-59.2948,45613.2617,-61.7654,-59.2948,-2.4706,-0.00118015,-0.00113294,-2.4706,-59.2948,-0.00113294,-2.4706,-2.4706,-2.4706,-2.4706,-2.4706,-59.2948,-0.00113294,-12.3531,-11.4036,-49.4123,-50.3618,-0.00094412,-0.00096226,-0.00004721,36.9350,33.6024,-0.0437,-3.2508,-0.1159,2754.5753,74.4211,12.8426,37.0032,13.1659,26.3317,52.6635,71.0957,102.6937,147.4577,26.3317,0.0,3.9,5.6,1.402681,30,147,41,3,0.00098153,-0.00118015,0.01250000,0E-8,0.000000,0.907845,0.000000,-0.01369359,2026-03-23,2026-08-06,19,533,225,137,0.138686,0.347066,0.347707,0.003272,,,,,,,,GLOBAL_BASELINE_NO_ENTITY_RANKING,,,NOT_APPLICABLE_GLOBAL_BASELINE,HF9g-P5,,,,X 全窗基线 · 不参与实体赏罚,3925565,393,A168_HF9F_20260827_0900,2026-08-27 09:00:00
2026-03-29,123633016,2117,0,71.6222977065,13.6924980909,13.6924980909,0.6666667,3,3,0.49324550000000000,0.493245500000,0.6008033672792107,0.6008033672792106,0.6008033672792107,0E-17,ELIGIBLE,R03b_20260811_FULL_v1,L1_ELIGIBILITY,v2026-08-11,2026-03-21..2026-08-06,baccarat_bet02_101_all_pairs_incl_sentinel,round_win = game_pnl > 0 (decisive only),COMPATIBILITY_ONLY_NOT_PRODUCTION,52336.9300,47513.8143,-61.7654,1417,1414,0.00118015,-0.01250000,0.00119359,0.00118015,61.7654,52336.9300,OK,0.0000,-2.4706,4.0000,96.0000,AG03-UNRESOLVED,ALL5_LEVELS_bet23_to_bet27,-2.4706,-2.4706,-2.4706,-2.4706,-2.4706,4.000000,4.000000,4.000000,4.000000,4.000000,96.000000,96.000000,96.000000,96.000000,96.000000,5.0,-12.3531,-11.4036,-49.4123,-50.3618,PENDING_AG03,FALSE,NOT_FOR_ENFORCEMENT,-59.2948,45613.2617,-61.7654,-59.2948,-2.4706,-0.00118015,-0.00113294,-2.4706,-59.2948,-0.00113294,-2.4706,-2.4706,-2.4706,-2.4706,-2.4706,-59.2948,-0.00113294,-12.3531,-11.4036,-49.4123,-50.3618,-0.00094412,-0.00096226,-0.00004721,36.9350,33.6024,-0.0437,-3.2508,-0.1159,2754.5753,74.4211,12.8426,37.0032,13.1659,26.3317,52.6635,71.0957,102.6937,147.4577,26.3317,0.0,3.9,5.6,1.402681,30,147,41,3,0.00098153,-0.00118015,0.01250000,0E-8,0.000000,0.907845,0.000000,-0.01369359,2026-03-23,2026-08-06,19,533,225,137,0.138686,0.347066,0.347707,0.003272,,,,,,,,GLOBAL_BASELINE_NO_ENTITY_RANKING,,,NOT_APPLICABLE_GLOBAL_BASELINE,HF9g-P5,,,,X 全窗基线 · 不参与实体赏罚,3925566,393,A168_HF9F_20260827_0900,2026-08-27 09:00:00
2026-03-29,123633016,2156,0,13.1658635490,-13.1658635490,-13.1658635490,0E-7,1,1,0.49324550000000000,0.493245500000,-0.9865810262130424,-0.9865810262130424,-0.9865810262130424,0E-17,ELIGIBLE,R03b_20260811_FULL_v1,L1_ELIGIBILITY,v2026-08-11,2026-03-21..2026-08-06,baccarat_bet02_101_all_pairs_incl_sentinel,round_win = game_pnl > 0 (decisive only),COMPATIBILITY_ONLY_NOT_PRODUCTION,52336.9300,47513.8143,-61.7654,1417,1414,0.00118015,-0.01250000,0.00119359,0.00118015,61.7654,52336.9300,OK,0.0000,-2.4706,4.0000,96.0000,AG03-UNRESOLVED,ALL5_LEVELS_bet23_to_bet27,-2.4706,-2.4706,-2.4706,-2.4706,-2.4706,4.000000,4.000000,4.000000,4.000000,4.000000,96.000000,96.000000,96.000000,96.000000,96.000000,5.0,-12.3531,-11.4036,-49.4123,-50.3618,PENDING_AG03,FALSE,NOT_FOR_ENFORCEMENT,-59.2948,45613.2617,-61.7654,-59.2948,-2.4706,-0.00118015,-0.00113294,-2.4706,-59.2948,-0.00113294,-2.4706,-2.4706,-2.4706,-2.4706,-2.4706,-59.2948,-0.00113294,-12.3531,-11.4036,-49.4123,-50.3618,-0.00094412,-0.00096226,-0.00004721,36.9350,33.6024,-0.0437,-3.2508,-0.1159,2754.5753,74.4211,12.8426,37.0032,13.1659,26.3317,52.6635,71.0957,102.6937,147.4577,26.3317,0.0,3.9,5.6,1.402681,30,147,41,3,0.00098153,-0.00118015,0.01250000,0E-8,0.000000,0.907845,0.000000,-0.01369359,2026-03-23,2026-08-06,19,533,225,137,0.138686,0.347066,0.347707,0.003272,,,,,,,,GLOBAL_BASELINE_NO_ENTITY_RANKING,,,NOT_APPLICABLE_GLOBAL_BASELINE,HF9g-P5,,,,X 全窗基线 · 不参与实体赏罚,3925567,393,A168_HF9F_20260827_0900,2026-08-27 09:00:00
2026-03-29,123633016,2239,0,63.1961450352,9.4794217552,9.4794217552,0.6000000,5,5,0.50128862000000000,0.501288620000,0.4414521777673877,0.4414521777673877,0.4414521777673877,0E-17,ELIGIBLE,R03b_20260811_FULL_v1,L1_ELIGIBILITY,v2026-08-11,2026-03-21..2026-08-06,baccarat_bet02_101_all_pairs_incl_sentinel,round_win = game_pnl > 0 (decisive only),COMPATIBILITY_ONLY_NOT_PRODUCTION,52336.9300,47513.8143,-61.7654,1417,1414,0.00118015,-0.01250000,0.00119359,0.00118015,61.7654,52336.9300,OK,0.0000,-2.4706,4.0000,96.0000,AG03-UNRESOLVED,ALL5_LEVELS_bet23_to_bet27,-2.4706,-2.4706,-2.4706,-2.4706,-2.4706,4.000000,4.000000,4.000000,4.000000,4.000000,96.000000,96.000000,96.000000,96.000000,96.000000,5.0,-12.3531,-11.4036,-49.4123,-50.3618,PENDING_AG03,FALSE,NOT_FOR_ENFORCEMENT,-59.2948,45613.2617,-61.7654,-59.2948,-2.4706,-0.00118015,-0.00113294,-2.4706,-59.2948,-0.00113294,-2.4706,-2.4706,-2.4706,-2.4706,-2.4706,-59.2948,-0.00113294,-12.3531,-11.4036,-49.4123,-50.3618,-0.00094412,-0.00096226,-0.00004721,36.9350,33.6024,-0.0437,-3.2508,-0.1159,2754.5753,74.4211,12.8426,37.0032,13.1659,26.3317,52.6635,71.0957,102.6937,147.4577,26.3317,0.0,3.9,5.6,1.402681,30,147,41,3,0.00098153,-0.00118015,0.01250000,0E-8,0.000000,0.907845,0.000000,-0.01369359,2026-03-23,2026-08-06,19,533,225,137,0.138686,0.347066,0.347707,0.003272,,,,,,,,GLOBAL_BASELINE_NO_ENTITY_RANKING,,,NOT_APPLICABLE_GLOBAL_BASELINE,HF9g-P5,,,,X 全窗基线 · 不参与实体赏罚,3925568,393,A168_HF9F_20260827_0900,2026-08-27 09:00:00
2026-03-29,123633016,2250,0,13.1658635490,-13.1658635490,-13.1658635490,0E-7,1,1,0.50665070000000000,0.506650700000,-1.013391052207602,-1.013391052207602,-1.013391052207602,0E-17,ELIGIBLE,R03b_20260811_FULL_v1,L1_ELIGIBILITY,v2026-08-11,2026-03-21..2026-08-06,baccarat_bet02_101_all_pairs_incl_sentinel,round_win = game_pnl > 0 (decisive only),COMPATIBILITY_ONLY_NOT_PRODUCTION,52336.9300,47513.8143,-61.7654,1417,1414,0.00118015,-0.01250000,0.00119359,0.00118015,61.7654,52336.9300,OK,0.0000,-2.4706,4.0000,96.0000,AG03-UNRESOLVED,ALL5_LEVELS_bet23_to_bet27,-2.4706,-2.4706,-2.4706,-2.4706,-2.4706,4.000000,4.000000,4.000000,4.000000,4.000000,96.000000,96.000000,96.000000,96.000000,96.000000,5.0,-12.3531,-11.4036,-49.4123,-50.3618,PENDING_AG03,FALSE,NOT_FOR_ENFORCEMENT,-59.2948,45613.2617,-61.7654,-59.2948,-2.4706,-0.00118015,-0.00113294,-2.4706,-59.2948,-0.00113294,-2.4706,-2.4706,-2.4706,-2.4706,-2.4706,-59.2948,-0.00113294,-12.3531,-11.4036,-49.4123,-50.3618,-0.00094412,-0.00096226,-0.00004721,36.9350,33.6024,-0.0437,-3.2508,-0.1159,2754.5753,74.4211,12.8426,37.0032,13.1659,26.3317,52.6635,71.0957,102.6937,147.4577,26.3317,0.0,3.9,5.6,1.402681,30,147,41,3,0.00098153,-0.00118015,0.01250000,0E-8,0.000000,0.907845,0.000000,-0.01369359,2026-03-23,2026-08-06,19,533,225,137,0.138686,0.347066,0.347707,0.003272,,,,,,,,GLOBAL_BASELINE_NO_ENTITY_RANKING,,,NOT_APPLICABLE_GLOBAL_BASELINE,HF9g-P5,,,,X 全窗基线 · 不参与实体赏罚,3925569,393,A168_HF9F_20260827_0900,2026-08-27 09:00:00
2026-03-29,123633016,2264,0,52.6634541960,-7.8995181294,-7.8995181294,0.5000000,3,3,0.49324550000000000,0.493245500000,0.01910635448239258,0.01910635448239258,0.01910635448239258,0E-17,ELIGIBLE,R03b_20260811_FULL_v1,L1_ELIGIBILITY,v2026-08-11,2026-03-21..2026-08-06,baccarat_bet02_101_all_pairs_incl_sentinel,round_win = game_pnl > 0 (decisive only),COMPATIBILITY_ONLY_NOT_PRODUCTION,52336.9300,47513.8143,-61.7654,1417,1414,0.00118015,-0.01250000,0.00119359,0.00118015,61.7654,52336.9300,OK,0.0000,-2.4706,4.0000,96.0000,AG03-UNRESOLVED,ALL5_LEVELS_bet23_to_bet27,-2.4706,-2.4706,-2.4706,-2.4706,-2.4706,4.000000,4.000000,4.000000,4.000000,4.000000,96.000000,96.000000,96.000000,96.000000,96.000000,5.0,-12.3531,-11.4036,-49.4123,-50.3618,PENDING_AG03,FALSE,NOT_FOR_ENFORCEMENT,-59.2948,45613.2617,-61.7654,-59.2948,-2.4706,-0.00118015,-0.00113294,-2.4706,-59.2948,-0.00113294,-2.4706,-2.4706,-2.4706,-2.4706,-2.4706,-59.2948,-0.00113294,-12.3531,-11.4036,-49.4123,-50.3618,-0.00094412,-0.00096226,-0.00004721,36.9350,33.6024,-0.0437,-3.2508,-0.1159,2754.5753,74.4211,12.8426,37.0032,13.1659,26.3317,52.6635,71.0957,102.6937,147.4577,26.3317,0.0,3.9,5.6,1.402681,30,147,41,3,0.00098153,-0.00118015,0.01250000,0E-8,0.000000,0.907845,0.000000,-0.01369359,2026-03-23,2026-08-06,19,533,225,137,0.138686,0.347066,0.347707,0.003272,,,,,,,,GLOBAL_BASELINE_NO_ENTITY_RANKING,,,NOT_APPLICABLE_GLOBAL_BASELINE,HF9g-P5,,,,X 全窗基线 · 不参与实体赏罚,3925570,393,A168_HF9F_20260827_0900,2026-08-27 09:00:00
2026-03-29,123633016,583,0,13.1658635490,-13.1658635490,-13.1658635490,0E-7,1,1,0.50665070000000000,0.506650700000,-1.013391052207602,-1.013391052207602,-1.013391052207602,0E-17,ELIGIBLE,R03b_20260811_FULL_v1,L1_ELIGIBILITY,v2026-08-11,2026-03-21..2026-08-06,baccarat_bet02_101_all_pairs_incl_sentinel,round_win = game_pnl > 0 (decisive only),COMPATIBILITY_ONLY_NOT_PRODUCTION,52336.9300,47513.8143,-61.7654,1417,1414,0.00118015,-0.01250000,0.00119359,0.00118015,61.7654,52336.9300,OK,0.0000,-2.4706,4.0000,96.0000,AG03-UNRESOLVED,ALL5_LEVELS_bet23_to_bet27,-2.4706,-2.4706,-2.4706,-2.4706,-2.4706,4.000000,4.000000,4.000000,4.000000,4.000000,96.000000,96.000000,96.000000,96.000000,96.000000,5.0,-12.3531,-11.4036,-49.4123,-50.3618,PENDING_AG03,FALSE,NOT_FOR_ENFORCEMENT,-59.2948,45613.2617,-61.7654,-59.2948,-2.4706,-0.00118015,-0.00113294,-2.4706,-59.2948,-0.00113294,-2.4706,-2.4706,-2.4706,-2.4706,-2.4706,-59.2948,-0.00113294,-12.3531,-11.4036,-49.4123,-50.3618,-0.00094412,-0.00096226,-0.00004721,36.9350,33.6024,-0.0437,-3.2508,-0.1159,2754.5753,74.4211,12.8426,37.0032,13.1659,26.3317,52.6635,71.0957,102.6937,147.4577,26.3317,0.0,3.9,5.6,1.402681,30,147,41,3,0.00098153,-0.00118015,0.01250000,0E-8,0.000000,0.907845,0.000000,-0.01369359,2026-03-23,2026-08-06,19,533,225,137,0.138686,0.347066,0.347707,0.003272,,,,,,,,GLOBAL_BASELINE_NO_ENTITY_RANKING,,,NOT_APPLICABLE_GLOBAL_BASELINE,HF9g-P5,,,,X 全窗基线 · 不参与实体赏罚,3925571,393,A168_HF9F_20260827_0900,2026-08-27 09:00:00
2026-03-29,123633016,925,0,13.1658635490,0E-10,0E-10,,1,1,0.49324550000000000,0.493245500000,,,,0E-17,NO_DECISIVE_ROUND,R03b_20260811_FULL_v1,L1_ELIGIBILITY,v2026-08-11,2026-03-21..2026-08-06,baccarat_bet02_101_all_pairs_incl_sentinel,round_win = game_pnl > 0 (decisive only),COMPATIBILITY_ONLY_NOT_PRODUCTION,52336.9300,47513.8143,-61.7654,1417,1414,0.00118015,-0.01250000,0.00119359,0.00118015,61.7654,52336.9300,OK,0.0000,-2.4706,4.0000,96.0000,AG03-UNRESOLVED,ALL5_LEVELS_bet23_to_bet27,-2.4706,-2.4706,-2.4706,-2.4706,-2.4706,4.000000,4.000000,4.000000,4.000000,4.000000,96.000000,96.000000,96.000000,96.000000,96.000000,5.0,-12.3531,-11.4036,-49.4123,-50.3618,PENDING_AG03,FALSE,NOT_FOR_ENFORCEMENT,-59.2948,45613.2617,-61.7654,-59.2948,-2.4706,-0.00118015,-0.00113294,-2.4706,-59.2948,-0.00113294,-2.4706,-2.4706,-2.4706,-2.4706,-2.4706,-59.2948,-0.00113294,-12.3531,-11.4036,-49.4123,-50.3618,-0.00094412,-0.00096226,-0.00004721,36.9350,33.6024,-0.0437,-3.2508,-0.1159,2754.5753,74.4211,12.8426,37.0032,13.1659,26.3317,52.6635,71.0957,102.6937,147.4577,26.3317,0.0,3.9,5.6,1.402681,30,147,41,3,0.00098153,-0.00118015,0.01250000,0E-8,0.000000,0.907845,0.000000,-0.01369359,2026-03-23,2026-08-06,19,533,225,137,0.138686,0.347066,0.347707,0.003272,,,,,,,,GLOBAL_BASELINE_NO_ENTITY_RANKING,,,NOT_APPLICABLE_GLOBAL_BASELINE,HF9g-P5,,,,X 全窗基线 · 不参与实体赏罚,3925572,393,A168_HF9F_20260827_0900,2026-08-27 09:00:00
2026-03-30,123633016,-1,1,516.1018511207,-113.8847196988,-113.8847196988,0.3888889,19,19,0.49959533157894737,0.499595331579,-0.9393756238240002,-0.9393756238244467,-0.9393756238240002,-5.263E-14,SENTINEL_DEALER,R03b_20260811_FULL_v1,L1_ELIGIBILITY,v2026-08-11,2026-03-21..2026-08-06,baccarat_bet02_101_all_pairs_incl_sentinel,round_win = game_pnl > 0 (decisive only),COMPATIBILITY_ONLY_NOT_PRODUCTION,52336.9300,47513.8143,-61.7654,1417,1414,0.00118015,-0.01250000,0.00119359,0.00118015,61.7654,52336.9300,OK,0.0000,-2.4706,4.0000,96.0000,AG03-UNRESOLVED,ALL5_LEVELS_bet23_to_bet27,-2.4706,-2.4706,-2.4706,-2.4706,-2.4706,4.000000,4.000000,4.000000,4.000000,4.000000,96.000000,96.000000,96.000000,96.000000,96.000000,5.0,-12.3531,-11.4036,-49.4123,-50.3618,PENDING_AG03,FALSE,NOT_FOR_ENFORCEMENT,-59.2948,45613.2617,-61.7654,-59.2948,-2.4706,-0.00118015,-0.00113294,-2.4706,-59.2948,-0.00113294,-2.4706,-2.4706,-2.4706,-2.4706,-2.4706,-59.2948,-0.00113294,-12.3531,-11.4036,-49.4123,-50.3618,-0.00094412,-0.00096226,-0.00004721,36.9350,33.6024,-0.0437,-3.2508,-0.1159,2754.5753,74.4211,12.8426,37.0032,13.1659,26.3317,52.6635,71.0957,102.6937,147.4577,26.3317,0.0,3.9,5.6,1.402681,30,147,41,3,0.00098153,-0.00118015,0.01250000,0E-8,0.000000,0.907845,0.000000,-0.01369359,2026-03-23,2026-08-06,19,533,225,137,0.138686,0.347066,0.347707,0.003272,,,,,,,,GLOBAL_BASELINE_NO_ENTITY_RANKING,,,NOT_APPLICABLE_GLOBAL_BASELINE,HF9g-P5,,,,X 全窗基线 · 不参与实体赏罚,3925573,393,A168_HF9F_20260827_0900,2026-08-27 09:00:00
2026-03-30,123633016,1304,0,52.6634541960,-1.3165863549,-1.3165863549,0.5000000,2,2,0.50665070000000000,0.506650700000,-0.018812684590367487,-0.018812684590367487,-0.018812684590367487,0E-17,ELIGIBLE,R03b_20260811_FULL_v1,L1_ELIGIBILITY,v2026-08-11,2026-03-21..2026-08-06,baccarat_bet02_101_all_pairs_incl_sentinel,round_win = game_pnl > 0 (decisive only),COMPATIBILITY_ONLY_NOT_PRODUCTION,52336.9300,47513.8143,-61.7654,1417,1414,0.00118015,-0.01250000,0.00119359,0.00118015,61.7654,52336.9300,OK,0.0000,-2.4706,4.0000,96.0000,AG03-UNRESOLVED,ALL5_LEVELS_bet23_to_bet27,-2.4706,-2.4706,-2.4706,-2.4706,-2.4706,4.000000,4.000000,4.000000,4.000000,4.000000,96.000000,96.000000,96.000000,96.000000,96.000000,5.0,-12.3531,-11.4036,-49.4123,-50.3618,PENDING_AG03,FALSE,NOT_FOR_ENFORCEMENT,-59.2948,45613.2617,-61.7654,-59.2948,-2.4706,-0.00118015,-0.00113294,-2.4706,-59.2948,-0.00113294,-2.4706,-2.4706,-2.4706,-2.4706,-2.4706,-59.2948,-0.00113294,-12.3531,-11.4036,-49.4123,-50.3618,-0.00094412,-0.00096226,-0.00004721,36.9350,33.6024,-0.0437,-3.2508,-0.1159,2754.5753,74.4211,12.8426,37.0032,13.1659,26.3317,52.6635,71.0957,102.6937,147.4577,26.3317,0.0,3.9,5.6,1.402681,30,147,41,3,0.00098153,-0.00118015,0.01250000,0E-8,0.000000,0.907845,0.000000,-0.01369359,2026-03-23,2026-08-06,19,533,225,137,0.138686,0.347066,0.347707,0.003272,,,,,,,,GLOBAL_BASELINE_NO_ENTITY_RANKING,,,NOT_APPLICABLE_GLOBAL_BASELINE,HF9g-P5,,,,X 全窗基线 · 不参与实体赏罚,3925574,393,A168_HF9F_20260827_0900,2026-08-27 09:00:00
2026-03-30,123633016,1318,0,13.1658635490,-13.1658635490,-13.1658635490,0E-7,1,1,0.49324550000000000,0.493245500000,-0.9865810262130424,-0.9865810262130424,-0.9865810262130424,0E-17,ELIGIBLE,R03b_20260811_FULL_v1,L1_ELIGIBILITY,v2026-08-11,2026-03-21..2026-08-06,baccarat_bet02_101_all_pairs_incl_sentinel,round_win = game_pnl > 0 (decisive only),COMPATIBILITY_ONLY_NOT_PRODUCTION,52336.9300,47513.8143,-61.7654,1417,1414,0.00118015,-0.01250000,0.00119359,0.00118015,61.7654,52336.9300,OK,0.0000,-2.4706,4.0000,96.0000,AG03-UNRESOLVED,ALL5_LEVELS_bet23_to_bet27,-2.4706,-2.4706,-2.4706,-2.4706,-2.4706,4.000000,4.000000,4.000000,4.000000,4.000000,96.000000,96.000000,96.000000,96.000000,96.000000,5.0,-12.3531,-11.4036,-49.4123,-50.3618,PENDING_AG03,FALSE,NOT_FOR_ENFORCEMENT,-59.2948,45613.2617,-61.7654,-59.2948,-2.4706,-0.00118015,-0.00113294,-2.4706,-59.2948,-0.00113294,-2.4706,-2.4706,-2.4706,-2.4706,-2.4706,-59.2948,-0.00113294,-12.3531,-11.4036,-49.4123,-50.3618,-0.00094412,-0.00096226,-0.00004721,36.9350,33.6024,-0.0437,-3.2508,-0.1159,2754.5753,74.4211,12.8426,37.0032,13.1659,26.3317,52.6635,71.0957,102.6937,147.4577,26.3317,0.0,3.9,5.6,1.402681,30,147,41,3,0.00098153,-0.00118015,0.01250000,0E-8,0.000000,0.907845,0.000000,-0.01369359,2026-03-23,2026-08-06,19,533,225,137,0.138686,0.347066,0.347707,0.003272,,,,,,,,GLOBAL_BASELINE_NO_ENTITY_RANKING,,,NOT_APPLICABLE_GLOBAL_BASELINE,HF9g-P5,,,,X 全窗基线 · 不参与实体赏罚,3925575,393,A168_HF9F_20260827_0900,2026-08-27 09:00:00
2026-03-30,123633016,1396,0,13.1658635490,-13.1658635490,-13.1658635490,0E-7,1,1,0.50665070000000000,0.506650700000,-1.013391052207602,-1.013391052207602,-1.013391052207602,0E-17,ELIGIBLE,R03b_20260811_FULL_v1,L1_ELIGIBILITY,v2026-08-11,2026-03-21..2026-08-06,baccarat_bet02_101_all_pairs_incl_sentinel,round_win = game_pnl > 0 (decisive only),COMPATIBILITY_ONLY_NOT_PRODUCTION,52336.9300,47513.8143,-61.7654,1417,1414,0.00118015,-0.01250000,0.00119359,0.00118015,61.7654,52336.9300,OK,0.0000,-2.4706,4.0000,96.0000,AG03-UNRESOLVED,ALL5_LEVELS_bet23_to_bet27,-2.4706,-2.4706,-2.4706,-2.4706,-2.4706,4.000000,4.000000,4.000000,4.000000,4.000000,96.000000,96.000000,96.000000,96.000000,96.000000,5.0,-12.3531,-11.4036,-49.4123,-50.3618,PENDING_AG03,FALSE,NOT_FOR_ENFORCEMENT,-59.2948,45613.2617,-61.7654,-59.2948,-2.4706,-0.00118015,-0.00113294,-2.4706,-59.2948,-0.00113294,-2.4706,-2.4706,-2.4706,-2.4706,-2.4706,-59.2948,-0.00113294,-12.3531,-11.4036,-49.4123,-50.3618,-0.00094412,-0.00096226,-0.00004721,36.9350,33.6024,-0.0437,-3.2508,-0.1159,2754.5753,74.4211,12.8426,37.0032,13.1659,26.3317,52.6635,71.0957,102.6937,147.4577,26.3317,0.0,3.9,5.6,1.402681,30,147,41,3,0.00098153,-0.00118015,0.01250000,0E-8,0.000000,0.907845,0.000000,-0.01369359,2026-03-23,2026-08-06,19,533,225,137,0.138686,0.347066,0.347707,0.003272,,,,,,,,GLOBAL_BASELINE_NO_ENTITY_RANKING,,,NOT_APPLICABLE_GLOBAL_BASELINE,HF9g-P5,,,,X 全窗基线 · 不参与实体赏罚,3925576,393,A168_HF9F_20260827_0900,2026-08-27 09:00:00
2026-03-30,123633016,1654,0,10.5326908392,-10.5326908392,-10.5326908392,0E-7,1,1,0.49324550000000000,0.493245500000,-0.9865810262130424,-0.9865810262130424,-0.9865810262130424,0E-17,ELIGIBLE,R03b_20260811_FULL_v1,L1_ELIGIBILITY,v2026-08-11,2026-03-21..2026-08-06,baccarat_bet02_101_all_pairs_incl_sentinel,round_win = game_pnl > 0 (decisive only),COMPATIBILITY_ONLY_NOT_PRODUCTION,52336.9300,47513.8143,-61.7654,1417,1414,0.00118015,-0.01250000,0.00119359,0.00118015,61.7654,52336.9300,OK,0.0000,-2.4706,4.0000,96.0000,AG03-UNRESOLVED,ALL5_LEVELS_bet23_to_bet27,-2.4706,-2.4706,-2.4706,-2.4706,-2.4706,4.000000,4.000000,4.000000,4.000000,4.000000,96.000000,96.000000,96.000000,96.000000,96.000000,5.0,-12.3531,-11.4036,-49.4123,-50.3618,PENDING_AG03,FALSE,NOT_FOR_ENFORCEMENT,-59.2948,45613.2617,-61.7654,-59.2948,-2.4706,-0.00118015,-0.00113294,-2.4706,-59.2948,-0.00113294,-2.4706,-2.4706,-2.4706,-2.4706,-2.4706,-59.2948,-0.00113294,-12.3531,-11.4036,-49.4123,-50.3618,-0.00094412,-0.00096226,-0.00004721,36.9350,33.6024,-0.0437,-3.2508,-0.1159,2754.5753,74.4211,12.8426,37.0032,13.1659,26.3317,52.6635,71.0957,102.6937,147.4577,26.3317,0.0,3.9,5.6,1.402681,30,147,41,3,0.00098153,-0.00118015,0.01250000,0E-8,0.000000,0.907845,0.000000,-0.01369359,2026-03-23,2026-08-06,19,533,225,137,0.138686,0.347066,0.347707,0.003272,,,,,,,,GLOBAL_BASELINE_NO_ENTITY_RANKING,,,NOT_APPLICABLE_GLOBAL_BASELINE,HF9g-P5,,,,X 全窗基线 · 不参与实体赏罚,3925577,393,A168_HF9F_20260827_0900,2026-08-27 09:00:00
2026-03-30,123633016,1994,0,36.8644179372,10.5326908392,10.5326908392,0.5000000,2,2,0.49994810000000000,0.499948100000,0.00014679536856514622,0.00014679536856514622,0.00014679536856514622,0E-17,ELIGIBLE,R03b_20260811_FULL_v1,L1_ELIGIBILITY,v2026-08-11,2026-03-21..2026-08-06,baccarat_bet02_101_all_pairs_incl_sentinel,round_win = game_pnl > 0 (decisive only),COMPATIBILITY_ONLY_NOT_PRODUCTION,52336.9300,47513.8143,-61.7654,1417,1414,0.00118015,-0.01250000,0.00119359,0.00118015,61.7654,52336.9300,OK,0.0000,-2.4706,4.0000,96.0000,AG03-UNRESOLVED,ALL5_LEVELS_bet23_to_bet27,-2.4706,-2.4706,-2.4706,-2.4706,-2.4706,4.000000,4.000000,4.000000,4.000000,4.000000,96.000000,96.000000,96.000000,96.000000,96.000000,5.0,-12.3531,-11.4036,-49.4123,-50.3618,PENDING_AG03,FALSE,NOT_FOR_ENFORCEMENT,-59.2948,45613.2617,-61.7654,-59.2948,-2.4706,-0.00118015,-0.00113294,-2.4706,-59.2948,-0.00113294,-2.4706,-2.4706,-2.4706,-2.4706,-2.4706,-59.2948,-0.00113294,-12.3531,-11.4036,-49.4123,-50.3618,-0.00094412,-0.00096226,-0.00004721,36.9350,33.6024,-0.0437,-3.2508,-0.1159,2754.5753,74.4211,12.8426,37.0032,13.1659,26.3317,52.6635,71.0957,102.6937,147.4577,26.3317,0.0,3.9,5.6,1.402681,30,147,41,3,0.00098153,-0.00118015,0.01250000,0E-8,0.000000,0.907845,0.000000,-0.01369359,2026-03-23,2026-08-06,19,533,225,137,0.138686,0.347066,0.347707,0.003272,,,,,,,,GLOBAL_BASELINE_NO_ENTITY_RANKING,,,NOT_APPLICABLE_GLOBAL_BASELINE,HF9g-P5,,,,X 全窗基线 · 不参与实体赏罚,3925578,393,A168_HF9F_20260827_0900,2026-08-27 09:00:00
2026-03-30,123633016,2093,0,13.1658635490,-13.1658635490,-13.1658635490,0E-7,1,1,0.50665070000000000,0.506650700000,-1.013391052207602,-1.013391052207602,-1.013391052207602,0E-17,ELIGIBLE,R03b_20260811_FULL_v1,L1_ELIGIBILITY,v2026-08-11,2026-03-21..2026-08-06,baccarat_bet02_101_all_pairs_incl_sentinel,round_win = game_pnl > 0 (decisive only),COMPATIBILITY_ONLY_NOT_PRODUCTION,52336.9300,47513.8143,-61.7654,1417,1414,0.00118015,-0.01250000,0.00119359,0.00118015,61.7654,52336.9300,OK,0.0000,-2.4706,4.0000,96.0000,AG03-UNRESOLVED,ALL5_LEVELS_bet23_to_bet27,-2.4706,-2.4706,-2.4706,-2.4706,-2.4706,4.000000,4.000000,4.000000,4.000000,4.000000,96.000000,96.000000,96.000000,96.000000,96.000000,5.0,-12.3531,-11.4036,-49.4123,-50.3618,PENDING_AG03,FALSE,NOT_FOR_ENFORCEMENT,-59.2948,45613.2617,-61.7654,-59.2948,-2.4706,-0.00118015,-0.00113294,-2.4706,-59.2948,-0.00113294,-2.4706,-2.4706,-2.4706,-2.4706,-2.4706,-59.2948,-0.00113294,-12.3531,-11.4036,-49.4123,-50.3618,-0.00094412,-0.00096226,-0.00004721,36.9350,33.6024,-0.0437,-3.2508,-0.1159,2754.5753,74.4211,12.8426,37.0032,13.1659,26.3317,52.6635,71.0957,102.6937,147.4577,26.3317,0.0,3.9,5.6,1.402681,30,147,41,3,0.00098153,-0.00118015,0.01250000,0E-8,0.000000,0.907845,0.000000,-0.01369359,2026-03-23,2026-08-06,19,533,225,137,0.138686,0.347066,0.347707,0.003272,,,,,,,,GLOBAL_BASELINE_NO_ENTITY_RANKING,,,NOT_APPLICABLE_GLOBAL_BASELINE,HF9g-P5,,,,X 全窗基线 · 不参与实体赏罚,3925579,393,A168_HF9F_20260827_0900,2026-08-27 09:00:00
2026-03-30,123633016,2167,0,65.8293177450,-14.4824499039,-14.4824499039,0.3333333,3,3,0.50665070000000000,0.506650700000,-0.6004420894325239,-0.6004420894325239,-0.6004420894325239,0E-17,ELIGIBLE,R03b_20260811_FULL_v1,L1_ELIGIBILITY,v2026-08-11,2026-03-21..2026-08-06,baccarat_bet02_101_all_pairs_incl_sentinel,round_win = game_pnl > 0 (decisive only),COMPATIBILITY_ONLY_NOT_PRODUCTION,52336.9300,47513.8143,-61.7654,1417,1414,0.00118015,-0.01250000,0.00119359,0.00118015,61.7654,52336.9300,OK,0.0000,-2.4706,4.0000,96.0000,AG03-UNRESOLVED,ALL5_LEVELS_bet23_to_bet27,-2.4706,-2.4706,-2.4706,-2.4706,-2.4706,4.000000,4.000000,4.000000,4.000000,4.000000,96.000000,96.000000,96.000000,96.000000,96.000000,5.0,-12.3531,-11.4036,-49.4123,-50.3618,PENDING_AG03,FALSE,NOT_FOR_ENFORCEMENT,-59.2948,45613.2617,-61.7654,-59.2948,-2.4706,-0.00118015,-0.00113294,-2.4706,-59.2948,-0.00113294,-2.4706,-2.4706,-2.4706,-2.4706,-2.4706,-59.2948,-0.00113294,-12.3531,-11.4036,-49.4123,-50.3618,-0.00094412,-0.00096226,-0.00004721,36.9350,33.6024,-0.0437,-3.2508,-0.1159,2754.5753,74.4211,12.8426,37.0032,13.1659,26.3317,52.6635,71.0957,102.6937,147.4577,26.3317,0.0,3.9,5.6,1.402681,30,147,41,3,0.00098153,-0.00118015,0.01250000,0E-8,0.000000,0.907845,0.000000,-0.01369359,2026-03-23,2026-08-06,19,533,225,137,0.138686,0.347066,0.347707,0.003272,,,,,,,,GLOBAL_BASELINE_NO_ENTITY_RANKING,,,NOT_APPLICABLE_GLOBAL_BASELINE,HF9g-P5,,,,X 全窗基线 · 不参与实体赏罚,3925580,393,A168_HF9F_20260827_0900,2026-08-27 09:00:00
2026-03-30,123633016,2205,0,39.4975906470,37.5227111146,37.5227111146,1.0000000,2,2,0.50665070000000000,0.506650700000,1.3955260008387969,1.3955260008387969,1.3955260008387969,0E-17,ELIGIBLE,R03b_20260811_FULL_v1,L1_ELIGIBILITY,v2026-08-11,2026-03-21..2026-08-06,baccarat_bet02_101_all_pairs_incl_sentinel,round_win = game_pnl > 0 (decisive only),COMPATIBILITY_ONLY_NOT_PRODUCTION,52336.9300,47513.8143,-61.7654,1417,1414,0.00118015,-0.01250000,0.00119359,0.00118015,61.7654,52336.9300,OK,0.0000,-2.4706,4.0000,96.0000,AG03-UNRESOLVED,ALL5_LEVELS_bet23_to_bet27,-2.4706,-2.4706,-2.4706,-2.4706,-2.4706,4.000000,4.000000,4.000000,4.000000,4.000000,96.000000,96.000000,96.000000,96.000000,96.000000,5.0,-12.3531,-11.4036,-49.4123,-50.3618,PENDING_AG03,FALSE,NOT_FOR_ENFORCEMENT,-59.2948,45613.2617,-61.7654,-59.2948,-2.4706,-0.00118015,-0.00113294,-2.4706,-59.2948,-0.00113294,-2.4706,-2.4706,-2.4706,-2.4706,-2.4706,-59.2948,-0.00113294,-12.3531,-11.4036,-49.4123,-50.3618,-0.00094412,-0.00096226,-0.00004721,36.9350,33.6024,-0.0437,-3.2508,-0.1159,2754.5753,74.4211,12.8426,37.0032,13.1659,26.3317,52.6635,71.0957,102.6937,147.4577,26.3317,0.0,3.9,5.6,1.402681,30,147,41,3,0.00098153,-0.00118015,0.01250000,0E-8,0.000000,0.907845,0.000000,-0.01369359,2026-03-23,2026-08-06,19,533,225,137,0.138686,0.347066,0.347707,0.003272,,,,,,,,GLOBAL_BASELINE_NO_ENTITY_RANKING,,,NOT_APPLICABLE_GLOBAL_BASELINE,HF9g-P5,,,,X 全窗基线 · 不参与实体赏罚,3925581,393,A168_HF9F_20260827_0900,2026-08-27 09:00:00
2026-03-30,123633016,2250,0,13.1658635490,-13.1658635490,-13.1658635490,0E-7,1,1,0.50665070000000000,0.506650700000,-1.013391052207602,-1.013391052207602,-1.013391052207602,0E-17,ELIGIBLE,R03b_20260811_FULL_v1,L1_ELIGIBILITY,v2026-08-11,2026-03-21..2026-08-06,baccarat_bet02_101_all_pairs_incl_sentinel,round_win = game_pnl > 0 (decisive only),COMPATIBILITY_ONLY_NOT_PRODUCTION,52336.9300,47513.8143,-61.7654,1417,1414,0.00118015,-0.01250000,0.00119359,0.00118015,61.7654,52336.9300,OK,0.0000,-2.4706,4.0000,96.0000,AG03-UNRESOLVED,ALL5_LEVELS_bet23_to_bet27,-2.4706,-2.4706,-2.4706,-2.4706,-2.4706,4.000000,4.000000,4.000000,4.000000,4.000000,96.000000,96.000000,96.000000,96.000000,96.000000,5.0,-12.3531,-11.4036,-49.4123,-50.3618,PENDING_AG03,FALSE,NOT_FOR_ENFORCEMENT,-59.2948,45613.2617,-61.7654,-59.2948,-2.4706,-0.00118015,-0.00113294,-2.4706,-59.2948,-0.00113294,-2.4706,-2.4706,-2.4706,-2.4706,-2.4706,-59.2948,-0.00113294,-12.3531,-11.4036,-49.4123,-50.3618,-0.00094412,-0.00096226,-0.00004721,36.9350,33.6024,-0.0437,-3.2508,-0.1159,2754.5753,74.4211,12.8426,37.0032,13.1659,26.3317,52.6635,71.0957,102.6937,147.4577,26.3317,0.0,3.9,5.6,1.402681,30,147,41,3,0.00098153,-0.00118015,0.01250000,0E-8,0.000000,0.907845,0.000000,-0.01369359,2026-03-23,2026-08-06,19,533,225,137,0.138686,0.347066,0.347707,0.003272,,,,,,,,GLOBAL_BASELINE_NO_ENTITY_RANKING,,,NOT_APPLICABLE_GLOBAL_BASELINE,HF9g-P5,,,,X 全窗基线 · 不参与实体赏罚,3925582,393,A168_HF9F_20260827_0900,2026-08-27 09:00:00
2026-04-02,123633016,2232,0,13.0879773840,-13.0879773840,-13.0879773840,0E-7,1,1,0.49324550000000000,0.493245500000,-0.9865810262130424,-0.9865810262130424,-0.9865810262130424,0E-17,ELIGIBLE,R03b_20260811_FULL_v1,L1_ELIGIBILITY,v2026-08-11,2026-03-21..2026-08-06,baccarat_bet02_101_all_pairs_incl_sentinel,round_win = game_pnl > 0 (decisive only),COMPATIBILITY_ONLY_NOT_PRODUCTION,52336.9300,47513.8143,-61.7654,1417,1414,0.00118015,-0.01250000,0.00119359,0.00118015,61.7654,52336.9300,OK,0.0000,-2.4706,4.0000,96.0000,AG03-UNRESOLVED,ALL5_LEVELS_bet23_to_bet27,-2.4706,-2.4706,-2.4706,-2.4706,-2.4706,4.000000,4.000000,4.000000,4.000000,4.000000,96.000000,96.000000,96.000000,96.000000,96.000000,5.0,-12.3531,-11.4036,-49.4123,-50.3618,PENDING_AG03,FALSE,NOT_FOR_ENFORCEMENT,-59.2948,45613.2617,-61.7654,-59.2948,-2.4706,-0.00118015,-0.00113294,-2.4706,-59.2948,-0.00113294,-2.4706,-2.4706,-2.4706,-2.4706,-2.4706,-59.2948,-0.00113294,-12.3531,-11.4036,-49.4123,-50.3618,-0.00094412,-0.00096226,-0.00004721,36.9350,33.6024,-0.0437,-3.2508,-0.1159,2754.5753,74.4211,12.8426,37.0032,13.1659,26.3317,52.6635,71.0957,102.6937,147.4577,26.3317,0.0,3.9,5.6,1.402681,30,147,41,3,0.00098153,-0.00118015,0.01250000,0E-8,0.000000,0.907845,0.000000,-0.01369359,2026-03-23,2026-08-06,19,533,225,137,0.138686,0.347066,0.347707,0.003272,,,,,,,,GLOBAL_BASELINE_NO_ENTITY_RANKING,,,NOT_APPLICABLE_GLOBAL_BASELINE,HF9g-P5,,,,X 全窗基线 · 不参与实体赏罚,3925583,393,A168_HF9F_20260827_0900,2026-08-27 09:00:00
2026-04-04,123633016,-1,1,78.5278643040,0E-10,0E-10,0.5000000,6,6,0.49324550000000000,0.493245500000,0.027020465636507562,0.027020465636507562,0.027020465636507562,0E-17,SENTINEL_DEALER,R03b_20260811_FULL_v1,L1_ELIGIBILITY,v2026-08-11,2026-03-21..2026-08-06,baccarat_bet02_101_all_pairs_incl_sentinel,round_win = game_pnl > 0 (decisive only),COMPATIBILITY_ONLY_NOT_PRODUCTION,52336.9300,47513.8143,-61.7654,1417,1414,0.00118015,-0.01250000,0.00119359,0.00118015,61.7654,52336.9300,OK,0.0000,-2.4706,4.0000,96.0000,AG03-UNRESOLVED,ALL5_LEVELS_bet23_to_bet27,-2.4706,-2.4706,-2.4706,-2.4706,-2.4706,4.000000,4.000000,4.000000,4.000000,4.000000,96.000000,96.000000,96.000000,96.000000,96.000000,5.0,-12.3531,-11.4036,-49.4123,-50.3618,PENDING_AG03,FALSE,NOT_FOR_ENFORCEMENT,-59.2948,45613.2617,-61.7654,-59.2948,-2.4706,-0.00118015,-0.00113294,-2.4706,-59.2948,-0.00113294,-2.4706,-2.4706,-2.4706,-2.4706,-2.4706,-59.2948,-0.00113294,-12.3531,-11.4036,-49.4123,-50.3618,-0.00094412,-0.00096226,-0.00004721,36.9350,33.6024,-0.0437,-3.2508,-0.1159,2754.5753,74.4211,12.8426,37.0032,13.1659,26.3317,52.6635,71.0957,102.6937,147.4577,26.3317,0.0,3.9,5.6,1.402681,30,147,41,3,0.00098153,-0.00118015,0.01250000,0E-8,0.000000,0.907845,0.000000,-0.01369359,2026-03-23,2026-08-06,19,533,225,137,0.138686,0.347066,0.347707,0.003272,,,,,,,,GLOBAL_BASELINE_NO_ENTITY_RANKING,,,NOT_APPLICABLE_GLOBAL_BASELINE,HF9g-P5,,,,X 全窗基线 · 不参与实体赏罚,3925584,393,A168_HF9F_20260827_0900,2026-08-27 09:00:00
2026-04-04,123633016,1004,0,130.8797738400,26.1759547680,26.1759547680,0.7142857,9,9,0.49324550000000000,0.493245500000,1.169741613234378,1.1697416132343783,1.169741613234378,0E-17,ELIGIBLE,R03b_20260811_FULL_v1,L1_ELIGIBILITY,v2026-08-11,2026-03-21..2026-08-06,baccarat_bet02_101_all_pairs_incl_sentinel,round_win = game_pnl > 0 (decisive only),COMPATIBILITY_ONLY_NOT_PRODUCTION,52336.9300,47513.8143,-61.7654,1417,1414,0.00118015,-0.01250000,0.00119359,0.00118015,61.7654,52336.9300,OK,0.0000,-2.4706,4.0000,96.0000,AG03-UNRESOLVED,ALL5_LEVELS_bet23_to_bet27,-2.4706,-2.4706,-2.4706,-2.4706,-2.4706,4.000000,4.000000,4.000000,4.000000,4.000000,96.000000,96.000000,96.000000,96.000000,96.000000,5.0,-12.3531,-11.4036,-49.4123,-50.3618,PENDING_AG03,FALSE,NOT_FOR_ENFORCEMENT,-59.2948,45613.2617,-61.7654,-59.2948,-2.4706,-0.00118015,-0.00113294,-2.4706,-59.2948,-0.00113294,-2.4706,-2.4706,-2.4706,-2.4706,-2.4706,-59.2948,-0.00113294,-12.3531,-11.4036,-49.4123,-50.3618,-0.00094412,-0.00096226,-0.00004721,36.9350,33.6024,-0.0437,-3.2508,-0.1159,2754.5753,74.4211,12.8426,37.0032,13.1659,26.3317,52.6635,71.0957,102.6937,147.4577,26.3317,0.0,3.9,5.6,1.402681,30,147,41,3,0.00098153,-0.00118015,0.01250000,0E-8,0.000000,0.907845,0.000000,-0.01369359,2026-03-23,2026-08-06,19,533,225,137,0.138686,0.347066,0.347707,0.003272,,,,,,,,GLOBAL_BASELINE_NO_ENTITY_RANKING,,,NOT_APPLICABLE_GLOBAL_BASELINE,HF9g-P5,,,,X 全窗基线 · 不参与实体赏罚,3925585,393,A168_HF9F_20260827_0900,2026-08-27 09:00:00
2026-04-04,123633016,1221,0,91.6158416880,38.6095332828,38.6095332828,0.7142857,7,7,0.49707555714285714,0.497075557143,1.149387776212595,1.1493877762118374,1.149387776212595,-1.4286E-13,ELIGIBLE,R03b_20260811_FULL_v1,L1_ELIGIBILITY,v2026-08-11,2026-03-21..2026-08-06,baccarat_bet02_101_all_pairs_incl_sentinel,round_win = game_pnl > 0 (decisive only),COMPATIBILITY_ONLY_NOT_PRODUCTION,52336.9300,47513.8143,-61.7654,1417,1414,0.00118015,-0.01250000,0.00119359,0.00118015,61.7654,52336.9300,OK,0.0000,-2.4706,4.0000,96.0000,AG03-UNRESOLVED,ALL5_LEVELS_bet23_to_bet27,-2.4706,-2.4706,-2.4706,-2.4706,-2.4706,4.000000,4.000000,4.000000,4.000000,4.000000,96.000000,96.000000,96.000000,96.000000,96.000000,5.0,-12.3531,-11.4036,-49.4123,-50.3618,PENDING_AG03,FALSE,NOT_FOR_ENFORCEMENT,-59.2948,45613.2617,-61.7654,-59.2948,-2.4706,-0.00118015,-0.00113294,-2.4706,-59.2948,-0.00113294,-2.4706,-2.4706,-2.4706,-2.4706,-2.4706,-59.2948,-0.00113294,-12.3531,-11.4036,-49.4123,-50.3618,-0.00094412,-0.00096226,-0.00004721,36.9350,33.6024,-0.0437,-3.2508,-0.1159,2754.5753,74.4211,12.8426,37.0032,13.1659,26.3317,52.6635,71.0957,102.6937,147.4577,26.3317,0.0,3.9,5.6,1.402681,30,147,41,3,0.00098153,-0.00118015,0.01250000,0E-8,0.000000,0.907845,0.000000,-0.01369359,2026-03-23,2026-08-06,19,533,225,137,0.138686,0.347066,0.347707,0.003272,,,,,,,,GLOBAL_BASELINE_NO_ENTITY_RANKING,,,NOT_APPLICABLE_GLOBAL_BASELINE,HF9g-P5,,,,X 全窗基线 · 不参与实体赏罚,3925586,393,A168_HF9F_20260827_0900,2026-08-27 09:00:00
2026-04-04,123633016,1325,0,47.1167185824,15.7055728608,15.7055728608,0.6666667,3,3,0.49324550000000000,0.493245500000,0.6008033672792107,0.6008033672792106,0.6008033672792107,0E-17,ELIGIBLE,R03b_20260811_FULL_v1,L1_ELIGIBILITY,v2026-08-11,2026-03-21..2026-08-06,baccarat_bet02_101_all_pairs_incl_sentinel,round_win = game_pnl > 0 (decisive only),COMPATIBILITY_ONLY_NOT_PRODUCTION,52336.9300,47513.8143,-61.7654,1417,1414,0.00118015,-0.01250000,0.00119359,0.00118015,61.7654,52336.9300,OK,0.0000,-2.4706,4.0000,96.0000,AG03-UNRESOLVED,ALL5_LEVELS_bet23_to_bet27,-2.4706,-2.4706,-2.4706,-2.4706,-2.4706,4.000000,4.000000,4.000000,4.000000,4.000000,96.000000,96.000000,96.000000,96.000000,96.000000,5.0,-12.3531,-11.4036,-49.4123,-50.3618,PENDING_AG03,FALSE,NOT_FOR_ENFORCEMENT,-59.2948,45613.2617,-61.7654,-59.2948,-2.4706,-0.00118015,-0.00113294,-2.4706,-59.2948,-0.00113294,-2.4706,-2.4706,-2.4706,-2.4706,-2.4706,-59.2948,-0.00113294,-12.3531,-11.4036,-49.4123,-50.3618,-0.00094412,-0.00096226,-0.00004721,36.9350,33.6024,-0.0437,-3.2508,-0.1159,2754.5753,74.4211,12.8426,37.0032,13.1659,26.3317,52.6635,71.0957,102.6937,147.4577,26.3317,0.0,3.9,5.6,1.402681,30,147,41,3,0.00098153,-0.00118015,0.01250000,0E-8,0.000000,0.907845,0.000000,-0.01369359,2026-03-23,2026-08-06,19,533,225,137,0.138686,0.347066,0.347707,0.003272,,,,,,,,GLOBAL_BASELINE_NO_ENTITY_RANKING,,,NOT_APPLICABLE_GLOBAL_BASELINE,HF9g-P5,,,,X 全窗基线 · 不参与实体赏罚,3925587,393,A168_HF9F_20260827_0900,2026-08-27 09:00:00
2026-04-04,123633016,1405,0,13.0879773840,-13.0879773840,-13.0879773840,0E-7,1,1,0.49324550000000000,0.493245500000,-0.9865810262130424,-0.9865810262130424,-0.9865810262130424,0E-17,ELIGIBLE,R03b_20260811_FULL_v1,L1_ELIGIBILITY,v2026-08-11,2026-03-21..2026-08-06,baccarat_bet02_101_all_pairs_incl_sentinel,round_win = game_pnl > 0 (decisive only),COMPATIBILITY_ONLY_NOT_PRODUCTION,52336.9300,47513.8143,-61.7654,1417,1414,0.00118015,-0.01250000,0.00119359,0.00118015,61.7654,52336.9300,OK,0.0000,-2.4706,4.0000,96.0000,AG03-UNRESOLVED,ALL5_LEVELS_bet23_to_bet27,-2.4706,-2.4706,-2.4706,-2.4706,-2.4706,4.000000,4.000000,4.000000,4.000000,4.000000,96.000000,96.000000,96.000000,96.000000,96.000000,5.0,-12.3531,-11.4036,-49.4123,-50.3618,PENDING_AG03,FALSE,NOT_FOR_ENFORCEMENT,-59.2948,45613.2617,-61.7654,-59.2948,-2.4706,-0.00118015,-0.00113294,-2.4706,-59.2948,-0.00113294,-2.4706,-2.4706,-2.4706,-2.4706,-2.4706,-59.2948,-0.00113294,-12.3531,-11.4036,-49.4123,-50.3618,-0.00094412,-0.00096226,-0.00004721,36.9350,33.6024,-0.0437,-3.2508,-0.1159,2754.5753,74.4211,12.8426,37.0032,13.1659,26.3317,52.6635,71.0957,102.6937,147.4577,26.3317,0.0,3.9,5.6,1.402681,30,147,41,3,0.00098153,-0.00118015,0.01250000,0E-8,0.000000,0.907845,0.000000,-0.01369359,2026-03-23,2026-08-06,19,533,225,137,0.138686,0.347066,0.347707,0.003272,,,,,,,,GLOBAL_BASELINE_NO_ENTITY_RANKING,,,NOT_APPLICABLE_GLOBAL_BASELINE,HF9g-P5,,,,X 全窗基线 · 不参与实体赏罚,3925588,393,A168_HF9F_20260827_0900,2026-08-27 09:00:00
2026-04-04,123633016,1490,0,52.3519095360,0E-10,0E-10,0.5000000,4,4,0.49324550000000000,0.493245500000,0.027020465636507562,0.027020465636507562,0.027020465636507562,0E-17,ELIGIBLE,R03b_20260811_FULL_v1,L1_ELIGIBILITY,v2026-08-11,2026-03-21..2026-08-06,baccarat_bet02_101_all_pairs_incl_sentinel,round_win = game_pnl > 0 (decisive only),COMPATIBILITY_ONLY_NOT_PRODUCTION,52336.9300,47513.8143,-61.7654,1417,1414,0.00118015,-0.01250000,0.00119359,0.00118015,61.7654,52336.9300,OK,0.0000,-2.4706,4.0000,96.0000,AG03-UNRESOLVED,ALL5_LEVELS_bet23_to_bet27,-2.4706,-2.4706,-2.4706,-2.4706,-2.4706,4.000000,4.000000,4.000000,4.000000,4.000000,96.000000,96.000000,96.000000,96.000000,96.000000,5.0,-12.3531,-11.4036,-49.4123,-50.3618,PENDING_AG03,FALSE,NOT_FOR_ENFORCEMENT,-59.2948,45613.2617,-61.7654,-59.2948,-2.4706,-0.00118015,-0.00113294,-2.4706,-59.2948,-0.00113294,-2.4706,-2.4706,-2.4706,-2.4706,-2.4706,-59.2948,-0.00113294,-12.3531,-11.4036,-49.4123,-50.3618,-0.00094412,-0.00096226,-0.00004721,36.9350,33.6024,-0.0437,-3.2508,-0.1159,2754.5753,74.4211,12.8426,37.0032,13.1659,26.3317,52.6635,71.0957,102.6937,147.4577,26.3317,0.0,3.9,5.6,1.402681,30,147,41,3,0.00098153,-0.00118015,0.01250000,0E-8,0.000000,0.907845,0.000000,-0.01369359,2026-03-23,2026-08-06,19,533,225,137,0.138686,0.347066,0.347707,0.003272,,,,,,,,GLOBAL_BASELINE_NO_ENTITY_RANKING,,,NOT_APPLICABLE_GLOBAL_BASELINE,HF9g-P5,,,,X 全窗基线 · 不参与实体赏罚,3925589,393,A168_HF9F_20260827_0900,2026-08-27 09:00:00
2026-04-04,123633016,2123,0,39.2639321520,11.7791796456,11.7791796456,0.6666667,3,3,0.50665070000000000,0.506650700000,0.5543606114942035,0.5543606114942035,0.5543606114942035,0E-17,ELIGIBLE,R03b_20260811_FULL_v1,L1_ELIGIBILITY,v2026-08-11,2026-03-21..2026-08-06,baccarat_bet02_101_all_pairs_incl_sentinel,round_win = game_pnl > 0 (decisive only),COMPATIBILITY_ONLY_NOT_PRODUCTION,52336.9300,47513.8143,-61.7654,1417,1414,0.00118015,-0.01250000,0.00119359,0.00118015,61.7654,52336.9300,OK,0.0000,-2.4706,4.0000,96.0000,AG03-UNRESOLVED,ALL5_LEVELS_bet23_to_bet27,-2.4706,-2.4706,-2.4706,-2.4706,-2.4706,4.000000,4.000000,4.000000,4.000000,4.000000,96.000000,96.000000,96.000000,96.000000,96.000000,5.0,-12.3531,-11.4036,-49.4123,-50.3618,PENDING_AG03,FALSE,NOT_FOR_ENFORCEMENT,-59.2948,45613.2617,-61.7654,-59.2948,-2.4706,-0.00118015,-0.00113294,-2.4706,-59.2948,-0.00113294,-2.4706,-2.4706,-2.4706,-2.4706,-2.4706,-59.2948,-0.00113294,-12.3531,-11.4036,-49.4123,-50.3618,-0.00094412,-0.00096226,-0.00004721,36.9350,33.6024,-0.0437,-3.2508,-0.1159,2754.5753,74.4211,12.8426,37.0032,13.1659,26.3317,52.6635,71.0957,102.6937,147.4577,26.3317,0.0,3.9,5.6,1.402681,30,147,41,3,0.00098153,-0.00118015,0.01250000,0E-8,0.000000,0.907845,0.000000,-0.01369359,2026-03-23,2026-08-06,19,533,225,137,0.138686,0.347066,0.347707,0.003272,,,,,,,,GLOBAL_BASELINE_NO_ENTITY_RANKING,,,NOT_APPLICABLE_GLOBAL_BASELINE,HF9g-P5,,,,X 全窗基线 · 不参与实体赏罚,3925590,393,A168_HF9F_20260827_0900,2026-08-27 09:00:00
2026-04-04,123633016,2134,0,39.2639321520,-13.0879773840,-13.0879773840,0.5000000,2,2,0.49324550000000000,0.493245500000,0.01910635448239258,0.01910635448239258,0.01910635448239258,0E-17,ELIGIBLE,R03b_20260811_FULL_v1,L1_ELIGIBILITY,v2026-08-11,2026-03-21..2026-08-06,baccarat_bet02_101_all_pairs_incl_sentinel,round_win = game_pnl > 0 (decisive only),COMPATIBILITY_ONLY_NOT_PRODUCTION,52336.9300,47513.8143,-61.7654,1417,1414,0.00118015,-0.01250000,0.00119359,0.00118015,61.7654,52336.9300,OK,0.0000,-2.4706,4.0000,96.0000,AG03-UNRESOLVED,ALL5_LEVELS_bet23_to_bet27,-2.4706,-2.4706,-2.4706,-2.4706,-2.4706,4.000000,4.000000,4.000000,4.000000,4.000000,96.000000,96.000000,96.000000,96.000000,96.000000,5.0,-12.3531,-11.4036,-49.4123,-50.3618,PENDING_AG03,FALSE,NOT_FOR_ENFORCEMENT,-59.2948,45613.2617,-61.7654,-59.2948,-2.4706,-0.00118015,-0.00113294,-2.4706,-59.2948,-0.00113294,-2.4706,-2.4706,-2.4706,-2.4706,-2.4706,-59.2948,-0.00113294,-12.3531,-11.4036,-49.4123,-50.3618,-0.00094412,-0.00096226,-0.00004721,36.9350,33.6024,-0.0437,-3.2508,-0.1159,2754.5753,74.4211,12.8426,37.0032,13.1659,26.3317,52.6635,71.0957,102.6937,147.4577,26.3317,0.0,3.9,5.6,1.402681,30,147,41,3,0.00098153,-0.00118015,0.01250000,0E-8,0.000000,0.907845,0.000000,-0.01369359,2026-03-23,2026-08-06,19,533,225,137,0.138686,0.347066,0.347707,0.003272,,,,,,,,GLOBAL_BASELINE_NO_ENTITY_RANKING,,,NOT_APPLICABLE_GLOBAL_BASELINE,HF9g-P5,,,,X 全窗基线 · 不参与实体赏罚,3925591,393,A168_HF9F_20260827_0900,2026-08-27 09:00:00
2026-04-04,123633016,2205,0,13.0879773840,-13.0879773840,-13.0879773840,0E-7,1,1,0.50665070000000000,0.506650700000,-1.013391052207602,-1.013391052207602,-1.013391052207602,0E-17,ELIGIBLE,R03b_20260811_FULL_v1,L1_ELIGIBILITY,v2026-08-11,2026-03-21..2026-08-06,baccarat_bet02_101_all_pairs_incl_sentinel,round_win = game_pnl > 0 (decisive only),COMPATIBILITY_ONLY_NOT_PRODUCTION,52336.9300,47513.8143,-61.7654,1417,1414,0.00118015,-0.01250000,0.00119359,0.00118015,61.7654,52336.9300,OK,0.0000,-2.4706,4.0000,96.0000,AG03-UNRESOLVED,ALL5_LEVELS_bet23_to_bet27,-2.4706,-2.4706,-2.4706,-2.4706,-2.4706,4.000000,4.000000,4.000000,4.000000,4.000000,96.000000,96.000000,96.000000,96.000000,96.000000,5.0,-12.3531,-11.4036,-49.4123,-50.3618,PENDING_AG03,FALSE,NOT_FOR_ENFORCEMENT,-59.2948,45613.2617,-61.7654,-59.2948,-2.4706,-0.00118015,-0.00113294,-2.4706,-59.2948,-0.00113294,-2.4706,-2.4706,-2.4706,-2.4706,-2.4706,-59.2948,-0.00113294,-12.3531,-11.4036,-49.4123,-50.3618,-0.00094412,-0.00096226,-0.00004721,36.9350,33.6024,-0.0437,-3.2508,-0.1159,2754.5753,74.4211,12.8426,37.0032,13.1659,26.3317,52.6635,71.0957,102.6937,147.4577,26.3317,0.0,3.9,5.6,1.402681,30,147,41,3,0.00098153,-0.00118015,0.01250000,0E-8,0.000000,0.907845,0.000000,-0.01369359,2026-03-23,2026-08-06,19,533,225,137,0.138686,0.347066,0.347707,0.003272,,,,,,,,GLOBAL_BASELINE_NO_ENTITY_RANKING,,,NOT_APPLICABLE_GLOBAL_BASELINE,HF9g-P5,,,,X 全窗基线 · 不参与实体赏罚,3925592,393,A168_HF9F_20260827_0900,2026-08-27 09:00:00
2026-04-04,123633016,2258,0,13.0879773840,12.4335785148,12.4335785148,1.0000000,1,1,0.50665070000000000,0.506650700000,0.9867858985152569,0.9867858985152569,0.9867858985152569,0E-17,ELIGIBLE,R03b_20260811_FULL_v1,L1_ELIGIBILITY,v2026-08-11,2026-03-21..2026-08-06,baccarat_bet02_101_all_pairs_incl_sentinel,round_win = game_pnl > 0 (decisive only),COMPATIBILITY_ONLY_NOT_PRODUCTION,52336.9300,47513.8143,-61.7654,1417,1414,0.00118015,-0.01250000,0.00119359,0.00118015,61.7654,52336.9300,OK,0.0000,-2.4706,4.0000,96.0000,AG03-UNRESOLVED,ALL5_LEVELS_bet23_to_bet27,-2.4706,-2.4706,-2.4706,-2.4706,-2.4706,4.000000,4.000000,4.000000,4.000000,4.000000,96.000000,96.000000,96.000000,96.000000,96.000000,5.0,-12.3531,-11.4036,-49.4123,-50.3618,PENDING_AG03,FALSE,NOT_FOR_ENFORCEMENT,-59.2948,45613.2617,-61.7654,-59.2948,-2.4706,-0.00118015,-0.00113294,-2.4706,-59.2948,-0.00113294,-2.4706,-2.4706,-2.4706,-2.4706,-2.4706,-59.2948,-0.00113294,-12.3531,-11.4036,-49.4123,-50.3618,-0.00094412,-0.00096226,-0.00004721,36.9350,33.6024,-0.0437,-3.2508,-0.1159,2754.5753,74.4211,12.8426,37.0032,13.1659,26.3317,52.6635,71.0957,102.6937,147.4577,26.3317,0.0,3.9,5.6,1.402681,30,147,41,3,0.00098153,-0.00118015,0.01250000,0E-8,0.000000,0.907845,0.000000,-0.01369359,2026-03-23,2026-08-06,19,533,225,137,0.138686,0.347066,0.347707,0.003272,,,,,,,,GLOBAL_BASELINE_NO_ENTITY_RANKING,,,NOT_APPLICABLE_GLOBAL_BASELINE,HF9g-P5,,,,X 全窗基线 · 不参与实体赏罚,3925593,393,A168_HF9F_20260827_0900,2026-08-27 09:00:00
2026-04-04,123633016,595,0,13.0879773840,-13.0879773840,-13.0879773840,0E-7,1,1,0.49324550000000000,0.493245500000,-0.9865810262130424,-0.9865810262130424,-0.9865810262130424,0E-17,ELIGIBLE,R03b_20260811_FULL_v1,L1_ELIGIBILITY,v2026-08-11,2026-03-21..2026-08-06,baccarat_bet02_101_all_pairs_incl_sentinel,round_win = game_pnl > 0 (decisive only),COMPATIBILITY_ONLY_NOT_PRODUCTION,52336.9300,47513.8143,-61.7654,1417,1414,0.00118015,-0.01250000,0.00119359,0.00118015,61.7654,52336.9300,OK,0.0000,-2.4706,4.0000,96.0000,AG03-UNRESOLVED,ALL5_LEVELS_bet23_to_bet27,-2.4706,-2.4706,-2.4706,-2.4706,-2.4706,4.000000,4.000000,4.000000,4.000000,4.000000,96.000000,96.000000,96.000000,96.000000,96.000000,5.0,-12.3531,-11.4036,-49.4123,-50.3618,PENDING_AG03,FALSE,NOT_FOR_ENFORCEMENT,-59.2948,45613.2617,-61.7654,-59.2948,-2.4706,-0.00118015,-0.00113294,-2.4706,-59.2948,-0.00113294,-2.4706,-2.4706,-2.4706,-2.4706,-2.4706,-59.2948,-0.00113294,-12.3531,-11.4036,-49.4123,-50.3618,-0.00094412,-0.00096226,-0.00004721,36.9350,33.6024,-0.0437,-3.2508,-0.1159,2754.5753,74.4211,12.8426,37.0032,13.1659,26.3317,52.6635,71.0957,102.6937,147.4577,26.3317,0.0,3.9,5.6,1.402681,30,147,41,3,0.00098153,-0.00118015,0.01250000,0E-8,0.000000,0.907845,0.000000,-0.01369359,2026-03-23,2026-08-06,19,533,225,137,0.138686,0.347066,0.347707,0.003272,,,,,,,,GLOBAL_BASELINE_NO_ENTITY_RANKING,,,NOT_APPLICABLE_GLOBAL_BASELINE,HF9g-P5,,,,X 全窗基线 · 不参与实体赏罚,3925594,393,A168_HF9F_20260827_0900,2026-08-27 09:00:00
2026-04-04,123633016,789,0,13.0879773840,-13.0879773840,-13.0879773840,0E-7,1,1,0.50665070000000000,0.506650700000,-1.013391052207602,-1.013391052207602,-1.013391052207602,0E-17,ELIGIBLE,R03b_20260811_FULL_v1,L1_ELIGIBILITY,v2026-08-11,2026-03-21..2026-08-06,baccarat_bet02_101_all_pairs_incl_sentinel,round_win = game_pnl > 0 (decisive only),COMPATIBILITY_ONLY_NOT_PRODUCTION,52336.9300,47513.8143,-61.7654,1417,1414,0.00118015,-0.01250000,0.00119359,0.00118015,61.7654,52336.9300,OK,0.0000,-2.4706,4.0000,96.0000,AG03-UNRESOLVED,ALL5_LEVELS_bet23_to_bet27,-2.4706,-2.4706,-2.4706,-2.4706,-2.4706,4.000000,4.000000,4.000000,4.000000,4.000000,96.000000,96.000000,96.000000,96.000000,96.000000,5.0,-12.3531,-11.4036,-49.4123,-50.3618,PENDING_AG03,FALSE,NOT_FOR_ENFORCEMENT,-59.2948,45613.2617,-61.7654,-59.2948,-2.4706,-0.00118015,-0.00113294,-2.4706,-59.2948,-0.00113294,-2.4706,-2.4706,-2.4706,-2.4706,-2.4706,-59.2948,-0.00113294,-12.3531,-11.4036,-49.4123,-50.3618,-0.00094412,-0.00096226,-0.00004721,36.9350,33.6024,-0.0437,-3.2508,-0.1159,2754.5753,74.4211,12.8426,37.0032,13.1659,26.3317,52.6635,71.0957,102.6937,147.4577,26.3317,0.0,3.9,5.6,1.402681,30,147,41,3,0.00098153,-0.00118015,0.01250000,0E-8,0.000000,0.907845,0.000000,-0.01369359,2026-03-23,2026-08-06,19,533,225,137,0.138686,0.347066,0.347707,0.003272,,,,,,,,GLOBAL_BASELINE_NO_ENTITY_RANKING,,,NOT_APPLICABLE_GLOBAL_BASELINE,HF9g-P5,,,,X 全窗基线 · 不参与实体赏罚,3925595,393,A168_HF9F_20260827_0900,2026-08-27 09:00:00
2026-04-04,123633016,970,0,120.4093919328,25.6524356726,25.6524356726,0.6666667,7,7,0.50665070000000000,0.506650700000,0.7839842952205449,0.7839842952205449,0.7839842952205449,0E-17,ELIGIBLE,R03b_20260811_FULL_v1,L1_ELIGIBILITY,v2026-08-11,2026-03-21..2026-08-06,baccarat_bet02_101_all_pairs_incl_sentinel,round_win = game_pnl > 0 (decisive only),COMPATIBILITY_ONLY_NOT_PRODUCTION,52336.9300,47513.8143,-61.7654,1417,1414,0.00118015,-0.01250000,0.00119359,0.00118015,61.7654,52336.9300,OK,0.0000,-2.4706,4.0000,96.0000,AG03-UNRESOLVED,ALL5_LEVELS_bet23_to_bet27,-2.4706,-2.4706,-2.4706,-2.4706,-2.4706,4.000000,4.000000,4.000000,4.000000,4.000000,96.000000,96.000000,96.000000,96.000000,96.000000,5.0,-12.3531,-11.4036,-49.4123,-50.3618,PENDING_AG03,FALSE,NOT_FOR_ENFORCEMENT,-59.2948,45613.2617,-61.7654,-59.2948,-2.4706,-0.00118015,-0.00113294,-2.4706,-59.2948,-0.00113294,-2.4706,-2.4706,-2.4706,-2.4706,-2.4706,-59.2948,-0.00113294,-12.3531,-11.4036,-49.4123,-50.3618,-0.00094412,-0.00096226,-0.00004721,36.9350,33.6024,-0.0437,-3.2508,-0.1159,2754.5753,74.4211,12.8426,37.0032,13.1659,26.3317,52.6635,71.0957,102.6937,147.4577,26.3317,0.0,3.9,5.6,1.402681,30,147,41,3,0.00098153,-0.00118015,0.01250000,0E-8,0.000000,0.907845,0.000000,-0.01369359,2026-03-23,2026-08-06,19,533,225,137,0.138686,0.347066,0.347707,0.003272,,,,,,,,GLOBAL_BASELINE_NO_ENTITY_RANKING,,,NOT_APPLICABLE_GLOBAL_BASELINE,HF9g-P5,,,,X 全窗基线 · 不参与实体赏罚,3925596,393,A168_HF9F_20260827_0900,2026-08-27 09:00:00
2026-04-05,123633016,-1,1,62.8222914432,-36.6463366752,-36.6463366752,0.2500000,4,4,0.49324550000000000,0.493245500000,-0.9730707933947887,-0.9730707933947887,-0.9730707933947887,0E-17,SENTINEL_DEALER,R03b_20260811_FULL_v1,L1_ELIGIBILITY,v2026-08-11,2026-03-21..2026-08-06,baccarat_bet02_101_all_pairs_incl_sentinel,round_win = game_pnl > 0 (decisive only),COMPATIBILITY_ONLY_NOT_PRODUCTION,52336.9300,47513.8143,-61.7654,1417,1414,0.00118015,-0.01250000,0.00119359,0.00118015,61.7654,52336.9300,OK,0.0000,-2.4706,4.0000,96.0000,AG03-UNRESOLVED,ALL5_LEVELS_bet23_to_bet27,-2.4706,-2.4706,-2.4706,-2.4706,-2.4706,4.000000,4.000000,4.000000,4.000000,4.000000,96.000000,96.000000,96.000000,96.000000,96.000000,5.0,-12.3531,-11.4036,-49.4123,-50.3618,PENDING_AG03,FALSE,NOT_FOR_ENFORCEMENT,-59.2948,45613.2617,-61.7654,-59.2948,-2.4706,-0.00118015,-0.00113294,-2.4706,-59.2948,-0.00113294,-2.4706,-2.4706,-2.4706,-2.4706,-2.4706,-59.2948,-0.00113294,-12.3531,-11.4036,-49.4123,-50.3618,-0.00094412,-0.00096226,-0.00004721,36.9350,33.6024,-0.0437,-3.2508,-0.1159,2754.5753,74.4211,12.8426,37.0032,13.1659,26.3317,52.6635,71.0957,102.6937,147.4577,26.3317,0.0,3.9,5.6,1.402681,30,147,41,3,0.00098153,-0.00118015,0.01250000,0E-8,0.000000,0.907845,0.000000,-0.01369359,2026-03-23,2026-08-06,19,533,225,137,0.138686,0.347066,0.347707,0.003272,,,,,,,,GLOBAL_BASELINE_NO_ENTITY_RANKING,,,NOT_APPLICABLE_GLOBAL_BASELINE,HF9g-P5,,,,X 全窗基线 · 不参与实体赏罚,3925597,393,A168_HF9F_20260827_0900,2026-08-27 09:00:00
2026-04-05,123633016,1109,0,26.1759547680,-0.6543988692,-0.6543988692,0.5000000,2,2,0.50665070000000000,0.506650700000,-0.018812684590367487,-0.018812684590367487,-0.018812684590367487,0E-17,ELIGIBLE,R03b_20260811_FULL_v1,L1_ELIGIBILITY,v2026-08-11,2026-03-21..2026-08-06,baccarat_bet02_101_all_pairs_incl_sentinel,round_win = game_pnl > 0 (decisive only),COMPATIBILITY_ONLY_NOT_PRODUCTION,52336.9300,47513.8143,-61.7654,1417,1414,0.00118015,-0.01250000,0.00119359,0.00118015,61.7654,52336.9300,OK,0.0000,-2.4706,4.0000,96.0000,AG03-UNRESOLVED,ALL5_LEVELS_bet23_to_bet27,-2.4706,-2.4706,-2.4706,-2.4706,-2.4706,4.000000,4.000000,4.000000,4.000000,4.000000,96.000000,96.000000,96.000000,96.000000,96.000000,5.0,-12.3531,-11.4036,-49.4123,-50.3618,PENDING_AG03,FALSE,NOT_FOR_ENFORCEMENT,-59.2948,45613.2617,-61.7654,-59.2948,-2.4706,-0.00118015,-0.00113294,-2.4706,-59.2948,-0.00113294,-2.4706,-2.4706,-2.4706,-2.4706,-2.4706,-59.2948,-0.00113294,-12.3531,-11.4036,-49.4123,-50.3618,-0.00094412,-0.00096226,-0.00004721,36.9350,33.6024,-0.0437,-3.2508,-0.1159,2754.5753,74.4211,12.8426,37.0032,13.1659,26.3317,52.6635,71.0957,102.6937,147.4577,26.3317,0.0,3.9,5.6,1.402681,30,147,41,3,0.00098153,-0.00118015,0.01250000,0E-8,0.000000,0.907845,0.000000,-0.01369359,2026-03-23,2026-08-06,19,533,225,137,0.138686,0.347066,0.347707,0.003272,,,,,,,,GLOBAL_BASELINE_NO_ENTITY_RANKING,,,NOT_APPLICABLE_GLOBAL_BASELINE,HF9g-P5,,,,X 全窗基线 · 不参与实体赏罚,3925598,393,A168_HF9F_20260827_0900,2026-08-27 09:00:00
2026-04-05,123633016,1507,0,26.1759547680,-0.6543988692,-0.6543988692,0.5000000,2,2,0.50665070000000000,0.506650700000,-0.018812684590367487,-0.018812684590367487,-0.018812684590367487,0E-17,ELIGIBLE,R03b_20260811_FULL_v1,L1_ELIGIBILITY,v2026-08-11,2026-03-21..2026-08-06,baccarat_bet02_101_all_pairs_incl_sentinel,round_win = game_pnl > 0 (decisive only),COMPATIBILITY_ONLY_NOT_PRODUCTION,52336.9300,47513.8143,-61.7654,1417,1414,0.00118015,-0.01250000,0.00119359,0.00118015,61.7654,52336.9300,OK,0.0000,-2.4706,4.0000,96.0000,AG03-UNRESOLVED,ALL5_LEVELS_bet23_to_bet27,-2.4706,-2.4706,-2.4706,-2.4706,-2.4706,4.000000,4.000000,4.000000,4.000000,4.000000,96.000000,96.000000,96.000000,96.000000,96.000000,5.0,-12.3531,-11.4036,-49.4123,-50.3618,PENDING_AG03,FALSE,NOT_FOR_ENFORCEMENT,-59.2948,45613.2617,-61.7654,-59.2948,-2.4706,-0.00118015,-0.00113294,-2.4706,-59.2948,-0.00113294,-2.4706,-2.4706,-2.4706,-2.4706,-2.4706,-59.2948,-0.00113294,-12.3531,-11.4036,-49.4123,-50.3618,-0.00094412,-0.00096226,-0.00004721,36.9350,33.6024,-0.0437,-3.2508,-0.1159,2754.5753,74.4211,12.8426,37.0032,13.1659,26.3317,52.6635,71.0957,102.6937,147.4577,26.3317,0.0,3.9,5.6,1.402681,30,147,41,3,0.00098153,-0.00118015,0.01250000,0E-8,0.000000,0.907845,0.000000,-0.01369359,2026-03-23,2026-08-06,19,533,225,137,0.138686,0.347066,0.347707,0.003272,,,,,,,,GLOBAL_BASELINE_NO_ENTITY_RANKING,,,NOT_APPLICABLE_GLOBAL_BASELINE,HF9g-P5,,,,X 全窗基线 · 不参与实体赏罚,3925599,393,A168_HF9F_20260827_0900,2026-08-27 09:00:00
2026-04-05,123633016,2224,0,13.0879773840,13.0879773840,13.0879773840,1.0000000,1,1,0.49324550000000000,0.493245500000,1.01360149184955,1.01360149184955,1.01360149184955,0E-17,ELIGIBLE,R03b_20260811_FULL_v1,L1_ELIGIBILITY,v2026-08-11,2026-03-21..2026-08-06,baccarat_bet02_101_all_pairs_incl_sentinel,round_win = game_pnl > 0 (decisive only),COMPATIBILITY_ONLY_NOT_PRODUCTION,52336.9300,47513.8143,-61.7654,1417,1414,0.00118015,-0.01250000,0.00119359,0.00118015,61.7654,52336.9300,OK,0.0000,-2.4706,4.0000,96.0000,AG03-UNRESOLVED,ALL5_LEVELS_bet23_to_bet27,-2.4706,-2.4706,-2.4706,-2.4706,-2.4706,4.000000,4.000000,4.000000,4.000000,4.000000,96.000000,96.000000,96.000000,96.000000,96.000000,5.0,-12.3531,-11.4036,-49.4123,-50.3618,PENDING_AG03,FALSE,NOT_FOR_ENFORCEMENT,-59.2948,45613.2617,-61.7654,-59.2948,-2.4706,-0.00118015,-0.00113294,-2.4706,-59.2948,-0.00113294,-2.4706,-2.4706,-2.4706,-2.4706,-2.4706,-59.2948,-0.00113294,-12.3531,-11.4036,-49.4123,-50.3618,-0.00094412,-0.00096226,-0.00004721,36.9350,33.6024,-0.0437,-3.2508,-0.1159,2754.5753,74.4211,12.8426,37.0032,13.1659,26.3317,52.6635,71.0957,102.6937,147.4577,26.3317,0.0,3.9,5.6,1.402681,30,147,41,3,0.00098153,-0.00118015,0.01250000,0E-8,0.000000,0.907845,0.000000,-0.01369359,2026-03-23,2026-08-06,19,533,225,137,0.138686,0.347066,0.347707,0.003272,,,,,,,,GLOBAL_BASELINE_NO_ENTITY_RANKING,,,NOT_APPLICABLE_GLOBAL_BASELINE,HF9g-P5,,,,X 全窗基线 · 不参与实体赏罚,3925600,393,A168_HF9F_20260827_0900,2026-08-27 09:00:00
2026-04-05,123633016,2233,0,39.2639321520,0E-10,0E-10,0.5000000,3,3,0.49324550000000000,0.493245500000,0.01910635448239258,0.01910635448239258,0.01910635448239258,0E-17,ELIGIBLE,R03b_20260811_FULL_v1,L1_ELIGIBILITY,v2026-08-11,2026-03-21..2026-08-06,baccarat_bet02_101_all_pairs_incl_sentinel,round_win = game_pnl > 0 (decisive only),COMPATIBILITY_ONLY_NOT_PRODUCTION,52336.9300,47513.8143,-61.7654,1417,1414,0.00118015,-0.01250000,0.00119359,0.00118015,61.7654,52336.9300,OK,0.0000,-2.4706,4.0000,96.0000,AG03-UNRESOLVED,ALL5_LEVELS_bet23_to_bet27,-2.4706,-2.4706,-2.4706,-2.4706,-2.4706,4.000000,4.000000,4.000000,4.000000,4.000000,96.000000,96.000000,96.000000,96.000000,96.000000,5.0,-12.3531,-11.4036,-49.4123,-50.3618,PENDING_AG03,FALSE,NOT_FOR_ENFORCEMENT,-59.2948,45613.2617,-61.7654,-59.2948,-2.4706,-0.00118015,-0.00113294,-2.4706,-59.2948,-0.00113294,-2.4706,-2.4706,-2.4706,-2.4706,-2.4706,-59.2948,-0.00113294,-12.3531,-11.4036,-49.4123,-50.3618,-0.00094412,-0.00096226,-0.00004721,36.9350,33.6024,-0.0437,-3.2508,-0.1159,2754.5753,74.4211,12.8426,37.0032,13.1659,26.3317,52.6635,71.0957,102.6937,147.4577,26.3317,0.0,3.9,5.6,1.402681,30,147,41,3,0.00098153,-0.00118015,0.01250000,0E-8,0.000000,0.907845,0.000000,-0.01369359,2026-03-23,2026-08-06,19,533,225,137,0.138686,0.347066,0.347707,0.003272,,,,,,,,GLOBAL_BASELINE_NO_ENTITY_RANKING,,,NOT_APPLICABLE_GLOBAL_BASELINE,HF9g-P5,,,,X 全窗基线 · 不参与实体赏罚,3925601,393,A168_HF9F_20260827_0900,2026-08-27 09:00:00
2026-04-05,123633016,970,0,13.0879773840,13.0879773840,13.0879773840,1.0000000,1,1,0.49324550000000000,0.493245500000,1.01360149184955,1.01360149184955,1.01360149184955,0E-17,ELIGIBLE,R03b_20260811_FULL_v1,L1_ELIGIBILITY,v2026-08-11,2026-03-21..2026-08-06,baccarat_bet02_101_all_pairs_incl_sentinel,round_win = game_pnl > 0 (decisive only),COMPATIBILITY_ONLY_NOT_PRODUCTION,52336.9300,47513.8143,-61.7654,1417,1414,0.00118015,-0.01250000,0.00119359,0.00118015,61.7654,52336.9300,OK,0.0000,-2.4706,4.0000,96.0000,AG03-UNRESOLVED,ALL5_LEVELS_bet23_to_bet27,-2.4706,-2.4706,-2.4706,-2.4706,-2.4706,4.000000,4.000000,4.000000,4.000000,4.000000,96.000000,96.000000,96.000000,96.000000,96.000000,5.0,-12.3531,-11.4036,-49.4123,-50.3618,PENDING_AG03,FALSE,NOT_FOR_ENFORCEMENT,-59.2948,45613.2617,-61.7654,-59.2948,-2.4706,-0.00118015,-0.00113294,-2.4706,-59.2948,-0.00113294,-2.4706,-2.4706,-2.4706,-2.4706,-2.4706,-59.2948,-0.00113294,-12.3531,-11.4036,-49.4123,-50.3618,-0.00094412,-0.00096226,-0.00004721,36.9350,33.6024,-0.0437,-3.2508,-0.1159,2754.5753,74.4211,12.8426,37.0032,13.1659,26.3317,52.6635,71.0957,102.6937,147.4577,26.3317,0.0,3.9,5.6,1.402681,30,147,41,3,0.00098153,-0.00118015,0.01250000,0E-8,0.000000,0.907845,0.000000,-0.01369359,2026-03-23,2026-08-06,19,533,225,137,0.138686,0.347066,0.347707,0.003272,,,,,,,,GLOBAL_BASELINE_NO_ENTITY_RANKING,,,NOT_APPLICABLE_GLOBAL_BASELINE,HF9g-P5,,,,X 全窗基线 · 不参与实体赏罚,3925602,393,A168_HF9F_20260827_0900,2026-08-27 09:00:00
2026-04-07,123633016,-1,1,13.0879773840,-13.0879773840,-13.0879773840,0E-7,1,1,0.49324550000000000,0.493245500000,-0.9865810262130424,-0.9865810262130424,-0.9865810262130424,0E-17,SENTINEL_DEALER,R03b_20260811_FULL_v1,L1_ELIGIBILITY,v2026-08-11,2026-03-21..2026-08-06,baccarat_bet02_101_all_pairs_incl_sentinel,round_win = game_pnl > 0 (decisive only),COMPATIBILITY_ONLY_NOT_PRODUCTION,52336.9300,47513.8143,-61.7654,1417,1414,0.00118015,-0.01250000,0.00119359,0.00118015,61.7654,52336.9300,OK,0.0000,-2.4706,4.0000,96.0000,AG03-UNRESOLVED,ALL5_LEVELS_bet23_to_bet27,-2.4706,-2.4706,-2.4706,-2.4706,-2.4706,4.000000,4.000000,4.000000,4.000000,4.000000,96.000000,96.000000,96.000000,96.000000,96.000000,5.0,-12.3531,-11.4036,-49.4123,-50.3618,PENDING_AG03,FALSE,NOT_FOR_ENFORCEMENT,-59.2948,45613.2617,-61.7654,-59.2948,-2.4706,-0.00118015,-0.00113294,-2.4706,-59.2948,-0.00113294,-2.4706,-2.4706,-2.4706,-2.4706,-2.4706,-59.2948,-0.00113294,-12.3531,-11.4036,-49.4123,-50.3618,-0.00094412,-0.00096226,-0.00004721,36.9350,33.6024,-0.0437,-3.2508,-0.1159,2754.5753,74.4211,12.8426,37.0032,13.1659,26.3317,52.6635,71.0957,102.6937,147.4577,26.3317,0.0,3.9,5.6,1.402681,30,147,41,3,0.00098153,-0.00118015,0.01250000,0E-8,0.000000,0.907845,0.000000,-0.01369359,2026-03-23,2026-08-06,19,533,225,137,0.138686,0.347066,0.347707,0.003272,,,,,,,,GLOBAL_BASELINE_NO_ENTITY_RANKING,,,NOT_APPLICABLE_GLOBAL_BASELINE,HF9g-P5,,,,X 全窗基线 · 不参与实体赏罚,3925603,393,A168_HF9F_20260827_0900,2026-08-27 09:00:00
2026-04-09,123633016,-1,1,26.1759547680,0E-10,0E-10,0.5000000,2,2,0.49324550000000000,0.493245500000,0.01910635448239258,0.01910635448239258,0.01910635448239258,0E-17,SENTINEL_DEALER,R03b_20260811_FULL_v1,L1_ELIGIBILITY,v2026-08-11,2026-03-21..2026-08-06,baccarat_bet02_101_all_pairs_incl_sentinel,round_win = game_pnl > 0 (decisive only),COMPATIBILITY_ONLY_NOT_PRODUCTION,52336.9300,47513.8143,-61.7654,1417,1414,0.00118015,-0.01250000,0.00119359,0.00118015,61.7654,52336.9300,OK,0.0000,-2.4706,4.0000,96.0000,AG03-UNRESOLVED,ALL5_LEVELS_bet23_to_bet27,-2.4706,-2.4706,-2.4706,-2.4706,-2.4706,4.000000,4.000000,4.000000,4.000000,4.000000,96.000000,96.000000,96.000000,96.000000,96.000000,5.0,-12.3531,-11.4036,-49.4123,-50.3618,PENDING_AG03,FALSE,NOT_FOR_ENFORCEMENT,-59.2948,45613.2617,-61.7654,-59.2948,-2.4706,-0.00118015,-0.00113294,-2.4706,-59.2948,-0.00113294,-2.4706,-2.4706,-2.4706,-2.4706,-2.4706,-59.2948,-0.00113294,-12.3531,-11.4036,-49.4123,-50.3618,-0.00094412,-0.00096226,-0.00004721,36.9350,33.6024,-0.0437,-3.2508,-0.1159,2754.5753,74.4211,12.8426,37.0032,13.1659,26.3317,52.6635,71.0957,102.6937,147.4577,26.3317,0.0,3.9,5.6,1.402681,30,147,41,3,0.00098153,-0.00118015,0.01250000,0E-8,0.000000,0.907845,0.000000,-0.01369359,2026-03-23,2026-08-06,19,533,225,137,0.138686,0.347066,0.347707,0.003272,,,,,,,,GLOBAL_BASELINE_NO_ENTITY_RANKING,,,NOT_APPLICABLE_GLOBAL_BASELINE,HF9g-P5,,,,X 全窗基线 · 不参与实体赏罚,3925604,393,A168_HF9F_20260827_0900,2026-08-27 09:00:00
2026-04-09,123633016,1210,0,13.0879773840,-13.0879773840,-13.0879773840,0E-7,1,1,0.49324550000000000,0.493245500000,-0.9865810262130424,-0.9865810262130424,-0.9865810262130424,0E-17,ELIGIBLE,R03b_20260811_FULL_v1,L1_ELIGIBILITY,v2026-08-11,2026-03-21..2026-08-06,baccarat_bet02_101_all_pairs_incl_sentinel,round_win = game_pnl > 0 (decisive only),COMPATIBILITY_ONLY_NOT_PRODUCTION,52336.9300,47513.8143,-61.7654,1417,1414,0.00118015,-0.01250000,0.00119359,0.00118015,61.7654,52336.9300,OK,0.0000,-2.4706,4.0000,96.0000,AG03-UNRESOLVED,ALL5_LEVELS_bet23_to_bet27,-2.4706,-2.4706,-2.4706,-2.4706,-2.4706,4.000000,4.000000,4.000000,4.000000,4.000000,96.000000,96.000000,96.000000,96.000000,96.000000,5.0,-12.3531,-11.4036,-49.4123,-50.3618,PENDING_AG03,FALSE,NOT_FOR_ENFORCEMENT,-59.2948,45613.2617,-61.7654,-59.2948,-2.4706,-0.00118015,-0.00113294,-2.4706,-59.2948,-0.00113294,-2.4706,-2.4706,-2.4706,-2.4706,-2.4706,-59.2948,-0.00113294,-12.3531,-11.4036,-49.4123,-50.3618,-0.00094412,-0.00096226,-0.00004721,36.9350,33.6024,-0.0437,-3.2508,-0.1159,2754.5753,74.4211,12.8426,37.0032,13.1659,26.3317,52.6635,71.0957,102.6937,147.4577,26.3317,0.0,3.9,5.6,1.402681,30,147,41,3,0.00098153,-0.00118015,0.01250000,0E-8,0.000000,0.907845,0.000000,-0.01369359,2026-03-23,2026-08-06,19,533,225,137,0.138686,0.347066,0.347707,0.003272,,,,,,,,GLOBAL_BASELINE_NO_ENTITY_RANKING,,,NOT_APPLICABLE_GLOBAL_BASELINE,HF9g-P5,,,,X 全窗基线 · 不参与实体赏罚,3925605,393,A168_HF9F_20260827_0900,2026-08-27 09:00:00
2026-04-09,123633016,1353,0,13.0879773840,-13.0879773840,-13.0879773840,0E-7,1,1,0.49324550000000000,0.493245500000,-0.9865810262130424,-0.9865810262130424,-0.9865810262130424,0E-17,ELIGIBLE,R03b_20260811_FULL_v1,L1_ELIGIBILITY,v2026-08-11,2026-03-21..2026-08-06,baccarat_bet02_101_all_pairs_incl_sentinel,round_win = game_pnl > 0 (decisive only),COMPATIBILITY_ONLY_NOT_PRODUCTION,52336.9300,47513.8143,-61.7654,1417,1414,0.00118015,-0.01250000,0.00119359,0.00118015,61.7654,52336.9300,OK,0.0000,-2.4706,4.0000,96.0000,AG03-UNRESOLVED,ALL5_LEVELS_bet23_to_bet27,-2.4706,-2.4706,-2.4706,-2.4706,-2.4706,4.000000,4.000000,4.000000,4.000000,4.000000,96.000000,96.000000,96.000000,96.000000,96.000000,5.0,-12.3531,-11.4036,-49.4123,-50.3618,PENDING_AG03,FALSE,NOT_FOR_ENFORCEMENT,-59.2948,45613.2617,-61.7654,-59.2948,-2.4706,-0.00118015,-0.00113294,-2.4706,-59.2948,-0.00113294,-2.4706,-2.4706,-2.4706,-2.4706,-2.4706,-59.2948,-0.00113294,-12.3531,-11.4036,-49.4123,-50.3618,-0.00094412,-0.00096226,-0.00004721,36.9350,33.6024,-0.0437,-3.2508,-0.1159,2754.5753,74.4211,12.8426,37.0032,13.1659,26.3317,52.6635,71.0957,102.6937,147.4577,26.3317,0.0,3.9,5.6,1.402681,30,147,41,3,0.00098153,-0.00118015,0.01250000,0E-8,0.000000,0.907845,0.000000,-0.01369359,2026-03-23,2026-08-06,19,533,225,137,0.138686,0.347066,0.347707,0.003272,,,,,,,,GLOBAL_BASELINE_NO_ENTITY_RANKING,,,NOT_APPLICABLE_GLOBAL_BASELINE,HF9g-P5,,,,X 全窗基线 · 不参与实体赏罚,3925606,393,A168_HF9F_20260827_0900,2026-08-27 09:00:00
2026-04-09,123633016,1507,0,13.0879773840,13.0879773840,13.0879773840,1.0000000,1,1,0.49324550000000000,0.493245500000,1.01360149184955,1.01360149184955,1.01360149184955,0E-17,ELIGIBLE,R03b_20260811_FULL_v1,L1_ELIGIBILITY,v2026-08-11,2026-03-21..2026-08-06,baccarat_bet02_101_all_pairs_incl_sentinel,round_win = game_pnl > 0 (decisive only),COMPATIBILITY_ONLY_NOT_PRODUCTION,52336.9300,47513.8143,-61.7654,1417,1414,0.00118015,-0.01250000,0.00119359,0.00118015,61.7654,52336.9300,OK,0.0000,-2.4706,4.0000,96.0000,AG03-UNRESOLVED,ALL5_LEVELS_bet23_to_bet27,-2.4706,-2.4706,-2.4706,-2.4706,-2.4706,4.000000,4.000000,4.000000,4.000000,4.000000,96.000000,96.000000,96.000000,96.000000,96.000000,5.0,-12.3531,-11.4036,-49.4123,-50.3618,PENDING_AG03,FALSE,NOT_FOR_ENFORCEMENT,-59.2948,45613.2617,-61.7654,-59.2948,-2.4706,-0.00118015,-0.00113294,-2.4706,-59.2948,-0.00113294,-2.4706,-2.4706,-2.4706,-2.4706,-2.4706,-59.2948,-0.00113294,-12.3531,-11.4036,-49.4123,-50.3618,-0.00094412,-0.00096226,-0.00004721,36.9350,33.6024,-0.0437,-3.2508,-0.1159,2754.5753,74.4211,12.8426,37.0032,13.1659,26.3317,52.6635,71.0957,102.6937,147.4577,26.3317,0.0,3.9,5.6,1.402681,30,147,41,3,0.00098153,-0.00118015,0.01250000,0E-8,0.000000,0.907845,0.000000,-0.01369359,2026-03-23,2026-08-06,19,533,225,137,0.138686,0.347066,0.347707,0.003272,,,,,,,,GLOBAL_BASELINE_NO_ENTITY_RANKING,,,NOT_APPLICABLE_GLOBAL_BASELINE,HF9g-P5,,,,X 全窗基线 · 不参与实体赏罚,3925607,393,A168_HF9F_20260827_0900,2026-08-27 09:00:00
2026-04-09,123633016,1947,0,13.0879773840,-13.0879773840,-13.0879773840,0E-7,1,1,0.50665070000000000,0.506650700000,-1.013391052207602,-1.013391052207602,-1.013391052207602,0E-17,ELIGIBLE,R03b_20260811_FULL_v1,L1_ELIGIBILITY,v2026-08-11,2026-03-21..2026-08-06,baccarat_bet02_101_all_pairs_incl_sentinel,round_win = game_pnl > 0 (decisive only),COMPATIBILITY_ONLY_NOT_PRODUCTION,52336.9300,47513.8143,-61.7654,1417,1414,0.00118015,-0.01250000,0.00119359,0.00118015,61.7654,52336.9300,OK,0.0000,-2.4706,4.0000,96.0000,AG03-UNRESOLVED,ALL5_LEVELS_bet23_to_bet27,-2.4706,-2.4706,-2.4706,-2.4706,-2.4706,4.000000,4.000000,4.000000,4.000000,4.000000,96.000000,96.000000,96.000000,96.000000,96.000000,5.0,-12.3531,-11.4036,-49.4123,-50.3618,PENDING_AG03,FALSE,NOT_FOR_ENFORCEMENT,-59.2948,45613.2617,-61.7654,-59.2948,-2.4706,-0.00118015,-0.00113294,-2.4706,-59.2948,-0.00113294,-2.4706,-2.4706,-2.4706,-2.4706,-2.4706,-59.2948,-0.00113294,-12.3531,-11.4036,-49.4123,-50.3618,-0.00094412,-0.00096226,-0.00004721,36.9350,33.6024,-0.0437,-3.2508,-0.1159,2754.5753,74.4211,12.8426,37.0032,13.1659,26.3317,52.6635,71.0957,102.6937,147.4577,26.3317,0.0,3.9,5.6,1.402681,30,147,41,3,0.00098153,-0.00118015,0.01250000,0E-8,0.000000,0.907845,0.000000,-0.01369359,2026-03-23,2026-08-06,19,533,225,137,0.138686,0.347066,0.347707,0.003272,,,,,,,,GLOBAL_BASELINE_NO_ENTITY_RANKING,,,NOT_APPLICABLE_GLOBAL_BASELINE,HF9g-P5,,,,X 全窗基线 · 不参与实体赏罚,3925608,393,A168_HF9F_20260827_0900,2026-08-27 09:00:00
2026-04-09,123633016,2186,0,26.1759547680,0E-10,0E-10,0.5000000,2,2,0.49324550000000000,0.493245500000,0.01910635448239258,0.01910635448239258,0.01910635448239258,0E-17,ELIGIBLE,R03b_20260811_FULL_v1,L1_ELIGIBILITY,v2026-08-11,2026-03-21..2026-08-06,baccarat_bet02_101_all_pairs_incl_sentinel,round_win = game_pnl > 0 (decisive only),COMPATIBILITY_ONLY_NOT_PRODUCTION,52336.9300,47513.8143,-61.7654,1417,1414,0.00118015,-0.01250000,0.00119359,0.00118015,61.7654,52336.9300,OK,0.0000,-2.4706,4.0000,96.0000,AG03-UNRESOLVED,ALL5_LEVELS_bet23_to_bet27,-2.4706,-2.4706,-2.4706,-2.4706,-2.4706,4.000000,4.000000,4.000000,4.000000,4.000000,96.000000,96.000000,96.000000,96.000000,96.000000,5.0,-12.3531,-11.4036,-49.4123,-50.3618,PENDING_AG03,FALSE,NOT_FOR_ENFORCEMENT,-59.2948,45613.2617,-61.7654,-59.2948,-2.4706,-0.00118015,-0.00113294,-2.4706,-59.2948,-0.00113294,-2.4706,-2.4706,-2.4706,-2.4706,-2.4706,-59.2948,-0.00113294,-12.3531,-11.4036,-49.4123,-50.3618,-0.00094412,-0.00096226,-0.00004721,36.9350,33.6024,-0.0437,-3.2508,-0.1159,2754.5753,74.4211,12.8426,37.0032,13.1659,26.3317,52.6635,71.0957,102.6937,147.4577,26.3317,0.0,3.9,5.6,1.402681,30,147,41,3,0.00098153,-0.00118015,0.01250000,0E-8,0.000000,0.907845,0.000000,-0.01369359,2026-03-23,2026-08-06,19,533,225,137,0.138686,0.347066,0.347707,0.003272,,,,,,,,GLOBAL_BASELINE_NO_ENTITY_RANKING,,,NOT_APPLICABLE_GLOBAL_BASELINE,HF9g-P5,,,,X 全窗基线 · 不参与实体赏罚,3925609,393,A168_HF9F_20260827_0900,2026-08-27 09:00:00
2026-04-14,123633016,-1,1,26.1759547680,0E-10,0E-10,,1,1,0.49324550000000000,0.493245500000,,,,0E-17,SENTINEL_DEALER,R03b_20260811_FULL_v1,L1_ELIGIBILITY,v2026-08-11,2026-03-21..2026-08-06,baccarat_bet02_101_all_pairs_incl_sentinel,round_win = game_pnl > 0 (decisive only),COMPATIBILITY_ONLY_NOT_PRODUCTION,52336.9300,47513.8143,-61.7654,1417,1414,0.00118015,-0.01250000,0.00119359,0.00118015,61.7654,52336.9300,OK,0.0000,-2.4706,4.0000,96.0000,AG03-UNRESOLVED,ALL5_LEVELS_bet23_to_bet27,-2.4706,-2.4706,-2.4706,-2.4706,-2.4706,4.000000,4.000000,4.000000,4.000000,4.000000,96.000000,96.000000,96.000000,96.000000,96.000000,5.0,-12.3531,-11.4036,-49.4123,-50.3618,PENDING_AG03,FALSE,NOT_FOR_ENFORCEMENT,-59.2948,45613.2617,-61.7654,-59.2948,-2.4706,-0.00118015,-0.00113294,-2.4706,-59.2948,-0.00113294,-2.4706,-2.4706,-2.4706,-2.4706,-2.4706,-59.2948,-0.00113294,-12.3531,-11.4036,-49.4123,-50.3618,-0.00094412,-0.00096226,-0.00004721,36.9350,33.6024,-0.0437,-3.2508,-0.1159,2754.5753,74.4211,12.8426,37.0032,13.1659,26.3317,52.6635,71.0957,102.6937,147.4577,26.3317,0.0,3.9,5.6,1.402681,30,147,41,3,0.00098153,-0.00118015,0.01250000,0E-8,0.000000,0.907845,0.000000,-0.01369359,2026-03-23,2026-08-06,19,533,225,137,0.138686,0.347066,0.347707,0.003272,,,,,,,,GLOBAL_BASELINE_NO_ENTITY_RANKING,,,NOT_APPLICABLE_GLOBAL_BASELINE,HF9g-P5,,,,X 全窗基线 · 不参与实体赏罚,3925610,393,A168_HF9F_20260827_0900,2026-08-27 09:00:00
2026-04-14,123633016,1935,0,98.1598303799,52.4173494228,52.4173494228,0.6666667,3,3,0.50665070000000000,0.506650700000,0.5543606114942035,0.5543606114942035,0.5543606114942035,0E-17,ELIGIBLE,R03b_20260811_FULL_v1,L1_ELIGIBILITY,v2026-08-11,2026-03-21..2026-08-06,baccarat_bet02_101_all_pairs_incl_sentinel,round_win = game_pnl > 0 (decisive only),COMPATIBILITY_ONLY_NOT_PRODUCTION,52336.9300,47513.8143,-61.7654,1417,1414,0.00118015,-0.01250000,0.00119359,0.00118015,61.7654,52336.9300,OK,0.0000,-2.4706,4.0000,96.0000,AG03-UNRESOLVED,ALL5_LEVELS_bet23_to_bet27,-2.4706,-2.4706,-2.4706,-2.4706,-2.4706,4.000000,4.000000,4.000000,4.000000,4.000000,96.000000,96.000000,96.000000,96.000000,96.000000,5.0,-12.3531,-11.4036,-49.4123,-50.3618,PENDING_AG03,FALSE,NOT_FOR_ENFORCEMENT,-59.2948,45613.2617,-61.7654,-59.2948,-2.4706,-0.00118015,-0.00113294,-2.4706,-59.2948,-0.00113294,-2.4706,-2.4706,-2.4706,-2.4706,-2.4706,-59.2948,-0.00113294,-12.3531,-11.4036,-49.4123,-50.3618,-0.00094412,-0.00096226,-0.00004721,36.9350,33.6024,-0.0437,-3.2508,-0.1159,2754.5753,74.4211,12.8426,37.0032,13.1659,26.3317,52.6635,71.0957,102.6937,147.4577,26.3317,0.0,3.9,5.6,1.402681,30,147,41,3,0.00098153,-0.00118015,0.01250000,0E-8,0.000000,0.907845,0.000000,-0.01369359,2026-03-23,2026-08-06,19,533,225,137,0.138686,0.347066,0.347707,0.003272,,,,,,,,GLOBAL_BASELINE_NO_ENTITY_RANKING,,,NOT_APPLICABLE_GLOBAL_BASELINE,HF9g-P5,,,,X 全窗基线 · 不参与实体赏罚,3925611,393,A168_HF9F_20260827_0900,2026-08-27 09:00:00
2026-04-14,123633016,2167,0,26.1759547680,-26.1759547680,-26.1759547680,0E-7,1,1,0.49324550000000000,0.493245500000,-0.9865810262130424,-0.9865810262130424,-0.9865810262130424,0E-17,ELIGIBLE,R03b_20260811_FULL_v1,L1_ELIGIBILITY,v2026-08-11,2026-03-21..2026-08-06,baccarat_bet02_101_all_pairs_incl_sentinel,round_win = game_pnl > 0 (decisive only),COMPATIBILITY_ONLY_NOT_PRODUCTION,52336.9300,47513.8143,-61.7654,1417,1414,0.00118015,-0.01250000,0.00119359,0.00118015,61.7654,52336.9300,OK,0.0000,-2.4706,4.0000,96.0000,AG03-UNRESOLVED,ALL5_LEVELS_bet23_to_bet27,-2.4706,-2.4706,-2.4706,-2.4706,-2.4706,4.000000,4.000000,4.000000,4.000000,4.000000,96.000000,96.000000,96.000000,96.000000,96.000000,5.0,-12.3531,-11.4036,-49.4123,-50.3618,PENDING_AG03,FALSE,NOT_FOR_ENFORCEMENT,-59.2948,45613.2617,-61.7654,-59.2948,-2.4706,-0.00118015,-0.00113294,-2.4706,-59.2948,-0.00113294,-2.4706,-2.4706,-2.4706,-2.4706,-2.4706,-59.2948,-0.00113294,-12.3531,-11.4036,-49.4123,-50.3618,-0.00094412,-0.00096226,-0.00004721,36.9350,33.6024,-0.0437,-3.2508,-0.1159,2754.5753,74.4211,12.8426,37.0032,13.1659,26.3317,52.6635,71.0957,102.6937,147.4577,26.3317,0.0,3.9,5.6,1.402681,30,147,41,3,0.00098153,-0.00118015,0.01250000,0E-8,0.000000,0.907845,0.000000,-0.01369359,2026-03-23,2026-08-06,19,533,225,137,0.138686,0.347066,0.347707,0.003272,,,,,,,,GLOBAL_BASELINE_NO_ENTITY_RANKING,,,NOT_APPLICABLE_GLOBAL_BASELINE,HF9g-P5,,,,X 全窗基线 · 不参与实体赏罚,3925612,393,A168_HF9F_20260827_0900,2026-08-27 09:00:00
2026-04-18,123633016,-1,1,167.5261105152,15.7055728608,15.7055728608,0.5000000,8,8,0.49324550000000000,0.493245500000,0.03821270896478516,0.03821270896478516,0.03821270896478516,0E-17,SENTINEL_DEALER,R03b_20260811_FULL_v1,L1_ELIGIBILITY,v2026-08-11,2026-03-21..2026-08-06,baccarat_bet02_101_all_pairs_incl_sentinel,round_win = game_pnl > 0 (decisive only),COMPATIBILITY_ONLY_NOT_PRODUCTION,52336.9300,47513.8143,-61.7654,1417,1414,0.00118015,-0.01250000,0.00119359,0.00118015,61.7654,52336.9300,OK,0.0000,-2.4706,4.0000,96.0000,AG03-UNRESOLVED,ALL5_LEVELS_bet23_to_bet27,-2.4706,-2.4706,-2.4706,-2.4706,-2.4706,4.000000,4.000000,4.000000,4.000000,4.000000,96.000000,96.000000,96.000000,96.000000,96.000000,5.0,-12.3531,-11.4036,-49.4123,-50.3618,PENDING_AG03,FALSE,NOT_FOR_ENFORCEMENT,-59.2948,45613.2617,-61.7654,-59.2948,-2.4706,-0.00118015,-0.00113294,-2.4706,-59.2948,-0.00113294,-2.4706,-2.4706,-2.4706,-2.4706,-2.4706,-59.2948,-0.00113294,-12.3531,-11.4036,-49.4123,-50.3618,-0.00094412,-0.00096226,-0.00004721,36.9350,33.6024,-0.0437,-3.2508,-0.1159,2754.5753,74.4211,12.8426,37.0032,13.1659,26.3317,52.6635,71.0957,102.6937,147.4577,26.3317,0.0,3.9,5.6,1.402681,30,147,41,3,0.00098153,-0.00118015,0.01250000,0E-8,0.000000,0.907845,0.000000,-0.01369359,2026-03-23,2026-08-06,19,533,225,137,0.138686,0.347066,0.347707,0.003272,,,,,,,,GLOBAL_BASELINE_NO_ENTITY_RANKING,,,NOT_APPLICABLE_GLOBAL_BASELINE,HF9g-P5,,,,X 全窗基线 · 不参与实体赏罚,3925613,393,A168_HF9F_20260827_0900,2026-08-27 09:00:00
2026-04-18,123633016,1150,0,52.3519095360,0E-10,0E-10,0.5000000,2,2,0.49324550000000000,0.493245500000,0.01910635448239258,0.01910635448239258,0.01910635448239258,0E-17,ELIGIBLE,R03b_20260811_FULL_v1,L1_ELIGIBILITY,v2026-08-11,2026-03-21..2026-08-06,baccarat_bet02_101_all_pairs_incl_sentinel,round_win = game_pnl > 0 (decisive only),COMPATIBILITY_ONLY_NOT_PRODUCTION,52336.9300,47513.8143,-61.7654,1417,1414,0.00118015,-0.01250000,0.00119359,0.00118015,61.7654,52336.9300,OK,0.0000,-2.4706,4.0000,96.0000,AG03-UNRESOLVED,ALL5_LEVELS_bet23_to_bet27,-2.4706,-2.4706,-2.4706,-2.4706,-2.4706,4.000000,4.000000,4.000000,4.000000,4.000000,96.000000,96.000000,96.000000,96.000000,96.000000,5.0,-12.3531,-11.4036,-49.4123,-50.3618,PENDING_AG03,FALSE,NOT_FOR_ENFORCEMENT,-59.2948,45613.2617,-61.7654,-59.2948,-2.4706,-0.00118015,-0.00113294,-2.4706,-59.2948,-0.00113294,-2.4706,-2.4706,-2.4706,-2.4706,-2.4706,-59.2948,-0.00113294,-12.3531,-11.4036,-49.4123,-50.3618,-0.00094412,-0.00096226,-0.00004721,36.9350,33.6024,-0.0437,-3.2508,-0.1159,2754.5753,74.4211,12.8426,37.0032,13.1659,26.3317,52.6635,71.0957,102.6937,147.4577,26.3317,0.0,3.9,5.6,1.402681,30,147,41,3,0.00098153,-0.00118015,0.01250000,0E-8,0.000000,0.907845,0.000000,-0.01369359,2026-03-23,2026-08-06,19,533,225,137,0.138686,0.347066,0.347707,0.003272,,,,,,,,GLOBAL_BASELINE_NO_ENTITY_RANKING,,,NOT_APPLICABLE_GLOBAL_BASELINE,HF9g-P5,,,,X 全窗基线 · 不参与实体赏罚,3925614,393,A168_HF9F_20260827_0900,2026-08-27 09:00:00
2026-04-18,123633016,1402,0,52.3519095360,-26.1759547680,-26.1759547680,0E-7,2,2,0.49324550000000000,0.493245500000,-0.9865810262130424,-0.9865810262130424,-0.9865810262130424,0E-17,ELIGIBLE,R03b_20260811_FULL_v1,L1_ELIGIBILITY,v2026-08-11,2026-03-21..2026-08-06,baccarat_bet02_101_all_pairs_incl_sentinel,round_win = game_pnl > 0 (decisive only),COMPATIBILITY_ONLY_NOT_PRODUCTION,52336.9300,47513.8143,-61.7654,1417,1414,0.00118015,-0.01250000,0.00119359,0.00118015,61.7654,52336.9300,OK,0.0000,-2.4706,4.0000,96.0000,AG03-UNRESOLVED,ALL5_LEVELS_bet23_to_bet27,-2.4706,-2.4706,-2.4706,-2.4706,-2.4706,4.000000,4.000000,4.000000,4.000000,4.000000,96.000000,96.000000,96.000000,96.000000,96.000000,5.0,-12.3531,-11.4036,-49.4123,-50.3618,PENDING_AG03,FALSE,NOT_FOR_ENFORCEMENT,-59.2948,45613.2617,-61.7654,-59.2948,-2.4706,-0.00118015,-0.00113294,-2.4706,-59.2948,-0.00113294,-2.4706,-2.4706,-2.4706,-2.4706,-2.4706,-59.2948,-0.00113294,-12.3531,-11.4036,-49.4123,-50.3618,-0.00094412,-0.00096226,-0.00004721,36.9350,33.6024,-0.0437,-3.2508,-0.1159,2754.5753,74.4211,12.8426,37.0032,13.1659,26.3317,52.6635,71.0957,102.6937,147.4577,26.3317,0.0,3.9,5.6,1.402681,30,147,41,3,0.00098153,-0.00118015,0.01250000,0E-8,0.000000,0.907845,0.000000,-0.01369359,2026-03-23,2026-08-06,19,533,225,137,0.138686,0.347066,0.347707,0.003272,,,,,,,,GLOBAL_BASELINE_NO_ENTITY_RANKING,,,NOT_APPLICABLE_GLOBAL_BASELINE,HF9g-P5,,,,X 全窗基线 · 不参与实体赏罚,3925615,393,A168_HF9F_20260827_0900,2026-08-27 09:00:00
2026-04-18,123633016,1405,0,26.1759547680,26.1759547680,26.1759547680,1.0000000,1,1,0.49324550000000000,0.493245500000,1.01360149184955,1.01360149184955,1.01360149184955,0E-17,ELIGIBLE,R03b_20260811_FULL_v1,L1_ELIGIBILITY,v2026-08-11,2026-03-21..2026-08-06,baccarat_bet02_101_all_pairs_incl_sentinel,round_win = game_pnl > 0 (decisive only),COMPATIBILITY_ONLY_NOT_PRODUCTION,52336.9300,47513.8143,-61.7654,1417,1414,0.00118015,-0.01250000,0.00119359,0.00118015,61.7654,52336.9300,OK,0.0000,-2.4706,4.0000,96.0000,AG03-UNRESOLVED,ALL5_LEVELS_bet23_to_bet27,-2.4706,-2.4706,-2.4706,-2.4706,-2.4706,4.000000,4.000000,4.000000,4.000000,4.000000,96.000000,96.000000,96.000000,96.000000,96.000000,5.0,-12.3531,-11.4036,-49.4123,-50.3618,PENDING_AG03,FALSE,NOT_FOR_ENFORCEMENT,-59.2948,45613.2617,-61.7654,-59.2948,-2.4706,-0.00118015,-0.00113294,-2.4706,-59.2948,-0.00113294,-2.4706,-2.4706,-2.4706,-2.4706,-2.4706,-59.2948,-0.00113294,-12.3531,-11.4036,-49.4123,-50.3618,-0.00094412,-0.00096226,-0.00004721,36.9350,33.6024,-0.0437,-3.2508,-0.1159,2754.5753,74.4211,12.8426,37.0032,13.1659,26.3317,52.6635,71.0957,102.6937,147.4577,26.3317,0.0,3.9,5.6,1.402681,30,147,41,3,0.00098153,-0.00118015,0.01250000,0E-8,0.000000,0.907845,0.000000,-0.01369359,2026-03-23,2026-08-06,19,533,225,137,0.138686,0.347066,0.347707,0.003272,,,,,,,,GLOBAL_BASELINE_NO_ENTITY_RANKING,,,NOT_APPLICABLE_GLOBAL_BASELINE,HF9g-P5,,,,X 全窗基线 · 不参与实体赏罚,3925616,393,A168_HF9F_20260827_0900,2026-08-27 09:00:00
2026-04-18,123633016,2103,0,26.1759547680,-26.1759547680,-26.1759547680,0E-7,1,1,0.49324550000000000,0.493245500000,-0.9865810262130424,-0.9865810262130424,-0.9865810262130424,0E-17,ELIGIBLE,R03b_20260811_FULL_v1,L1_ELIGIBILITY,v2026-08-11,2026-03-21..2026-08-06,baccarat_bet02_101_all_pairs_incl_sentinel,round_win = game_pnl > 0 (decisive only),COMPATIBILITY_ONLY_NOT_PRODUCTION,52336.9300,47513.8143,-61.7654,1417,1414,0.00118015,-0.01250000,0.00119359,0.00118015,61.7654,52336.9300,OK,0.0000,-2.4706,4.0000,96.0000,AG03-UNRESOLVED,ALL5_LEVELS_bet23_to_bet27,-2.4706,-2.4706,-2.4706,-2.4706,-2.4706,4.000000,4.000000,4.000000,4.000000,4.000000,96.000000,96.000000,96.000000,96.000000,96.000000,5.0,-12.3531,-11.4036,-49.4123,-50.3618,PENDING_AG03,FALSE,NOT_FOR_ENFORCEMENT,-59.2948,45613.2617,-61.7654,-59.2948,-2.4706,-0.00118015,-0.00113294,-2.4706,-59.2948,-0.00113294,-2.4706,-2.4706,-2.4706,-2.4706,-2.4706,-59.2948,-0.00113294,-12.3531,-11.4036,-49.4123,-50.3618,-0.00094412,-0.00096226,-0.00004721,36.9350,33.6024,-0.0437,-3.2508,-0.1159,2754.5753,74.4211,12.8426,37.0032,13.1659,26.3317,52.6635,71.0957,102.6937,147.4577,26.3317,0.0,3.9,5.6,1.402681,30,147,41,3,0.00098153,-0.00118015,0.01250000,0E-8,0.000000,0.907845,0.000000,-0.01369359,2026-03-23,2026-08-06,19,533,225,137,0.138686,0.347066,0.347707,0.003272,,,,,,,,GLOBAL_BASELINE_NO_ENTITY_RANKING,,,NOT_APPLICABLE_GLOBAL_BASELINE,HF9g-P5,,,,X 全窗基线 · 不参与实体赏罚,3925617,393,A168_HF9F_20260827_0900,2026-08-27 09:00:00
2026-04-18,123633016,2160,0,505.1959270219,78.0043452084,78.0043452084,0.5000000,17,17,0.50428507647058824,0.504285076471,-0.03428187074704189,-0.034281870750336334,-0.03428187074704189,-4.1176E-13,ELIGIBLE,R03b_20260811_FULL_v1,L1_ELIGIBILITY,v2026-08-11,2026-03-21..2026-08-06,baccarat_bet02_101_all_pairs_incl_sentinel,round_win = game_pnl > 0 (decisive only),COMPATIBILITY_ONLY_NOT_PRODUCTION,52336.9300,47513.8143,-61.7654,1417,1414,0.00118015,-0.01250000,0.00119359,0.00118015,61.7654,52336.9300,OK,0.0000,-2.4706,4.0000,96.0000,AG03-UNRESOLVED,ALL5_LEVELS_bet23_to_bet27,-2.4706,-2.4706,-2.4706,-2.4706,-2.4706,4.000000,4.000000,4.000000,4.000000,4.000000,96.000000,96.000000,96.000000,96.000000,96.000000,5.0,-12.3531,-11.4036,-49.4123,-50.3618,PENDING_AG03,FALSE,NOT_FOR_ENFORCEMENT,-59.2948,45613.2617,-61.7654,-59.2948,-2.4706,-0.00118015,-0.00113294,-2.4706,-59.2948,-0.00113294,-2.4706,-2.4706,-2.4706,-2.4706,-2.4706,-59.2948,-0.00113294,-12.3531,-11.4036,-49.4123,-50.3618,-0.00094412,-0.00096226,-0.00004721,36.9350,33.6024,-0.0437,-3.2508,-0.1159,2754.5753,74.4211,12.8426,37.0032,13.1659,26.3317,52.6635,71.0957,102.6937,147.4577,26.3317,0.0,3.9,5.6,1.402681,30,147,41,3,0.00098153,-0.00118015,0.01250000,0E-8,0.000000,0.907845,0.000000,-0.01369359,2026-03-23,2026-08-06,19,533,225,137,0.138686,0.347066,0.347707,0.003272,,,,,,,,GLOBAL_BASELINE_NO_ENTITY_RANKING,,,NOT_APPLICABLE_GLOBAL_BASELINE,HF9g-P5,,,,X 全窗基线 · 不参与实体赏罚,3925618,393,A168_HF9F_20260827_0900,2026-08-27 09:00:00
2026-04-18,123633016,2256,0,20.4172447190,-10.2086223595,-10.2086223595,0E-7,2,2,0.49324550000000000,0.493245500000,-0.9865810262130424,-0.9865810262130424,-0.9865810262130424,0E-17,ELIGIBLE,R03b_20260811_FULL_v1,L1_ELIGIBILITY,v2026-08-11,2026-03-21..2026-08-06,baccarat_bet02_101_all_pairs_incl_sentinel,round_win = game_pnl > 0 (decisive only),COMPATIBILITY_ONLY_NOT_PRODUCTION,52336.9300,47513.8143,-61.7654,1417,1414,0.00118015,-0.01250000,0.00119359,0.00118015,61.7654,52336.9300,OK,0.0000,-2.4706,4.0000,96.0000,AG03-UNRESOLVED,ALL5_LEVELS_bet23_to_bet27,-2.4706,-2.4706,-2.4706,-2.4706,-2.4706,4.000000,4.000000,4.000000,4.000000,4.000000,96.000000,96.000000,96.000000,96.000000,96.000000,5.0,-12.3531,-11.4036,-49.4123,-50.3618,PENDING_AG03,FALSE,NOT_FOR_ENFORCEMENT,-59.2948,45613.2617,-61.7654,-59.2948,-2.4706,-0.00118015,-0.00113294,-2.4706,-59.2948,-0.00113294,-2.4706,-2.4706,-2.4706,-2.4706,-2.4706,-59.2948,-0.00113294,-12.3531,-11.4036,-49.4123,-50.3618,-0.00094412,-0.00096226,-0.00004721,36.9350,33.6024,-0.0437,-3.2508,-0.1159,2754.5753,74.4211,12.8426,37.0032,13.1659,26.3317,52.6635,71.0957,102.6937,147.4577,26.3317,0.0,3.9,5.6,1.402681,30,147,41,3,0.00098153,-0.00118015,0.01250000,0E-8,0.000000,0.907845,0.000000,-0.01369359,2026-03-23,2026-08-06,19,533,225,137,0.138686,0.347066,0.347707,0.003272,,,,,,,,GLOBAL_BASELINE_NO_ENTITY_RANKING,,,NOT_APPLICABLE_GLOBAL_BASELINE,HF9g-P5,,,,X 全窗基线 · 不参与实体赏罚,3925619,393,A168_HF9F_20260827_0900,2026-08-27 09:00:00
2026-04-19,123633016,-1,1,13.0879773840,-13.0879773840,-13.0879773840,0E-7,1,1,0.50665070000000000,0.506650700000,-1.013391052207602,-1.013391052207602,-1.013391052207602,0E-17,SENTINEL_DEALER,R03b_20260811_FULL_v1,L1_ELIGIBILITY,v2026-08-11,2026-03-21..2026-08-06,baccarat_bet02_101_all_pairs_incl_sentinel,round_win = game_pnl > 0 (decisive only),COMPATIBILITY_ONLY_NOT_PRODUCTION,52336.9300,47513.8143,-61.7654,1417,1414,0.00118015,-0.01250000,0.00119359,0.00118015,61.7654,52336.9300,OK,0.0000,-2.4706,4.0000,96.0000,AG03-UNRESOLVED,ALL5_LEVELS_bet23_to_bet27,-2.4706,-2.4706,-2.4706,-2.4706,-2.4706,4.000000,4.000000,4.000000,4.000000,4.000000,96.000000,96.000000,96.000000,96.000000,96.000000,5.0,-12.3531,-11.4036,-49.4123,-50.3618,PENDING_AG03,FALSE,NOT_FOR_ENFORCEMENT,-59.2948,45613.2617,-61.7654,-59.2948,-2.4706,-0.00118015,-0.00113294,-2.4706,-59.2948,-0.00113294,-2.4706,-2.4706,-2.4706,-2.4706,-2.4706,-59.2948,-0.00113294,-12.3531,-11.4036,-49.4123,-50.3618,-0.00094412,-0.00096226,-0.00004721,36.9350,33.6024,-0.0437,-3.2508,-0.1159,2754.5753,74.4211,12.8426,37.0032,13.1659,26.3317,52.6635,71.0957,102.6937,147.4577,26.3317,0.0,3.9,5.6,1.402681,30,147,41,3,0.00098153,-0.00118015,0.01250000,0E-8,0.000000,0.907845,0.000000,-0.01369359,2026-03-23,2026-08-06,19,533,225,137,0.138686,0.347066,0.347707,0.003272,,,,,,,,GLOBAL_BASELINE_NO_ENTITY_RANKING,,,NOT_APPLICABLE_GLOBAL_BASELINE,HF9g-P5,,,,X 全窗基线 · 不参与实体赏罚,3925620,393,A168_HF9F_20260827_0900,2026-08-27 09:00:00
2026-04-19,123633016,1507,0,13.0879773840,-13.0879773840,-13.0879773840,0E-7,1,1,0.49324550000000000,0.493245500000,-0.9865810262130424,-0.9865810262130424,-0.9865810262130424,0E-17,ELIGIBLE,R03b_20260811_FULL_v1,L1_ELIGIBILITY,v2026-08-11,2026-03-21..2026-08-06,baccarat_bet02_101_all_pairs_incl_sentinel,round_win = game_pnl > 0 (decisive only),COMPATIBILITY_ONLY_NOT_PRODUCTION,52336.9300,47513.8143,-61.7654,1417,1414,0.00118015,-0.01250000,0.00119359,0.00118015,61.7654,52336.9300,OK,0.0000,-2.4706,4.0000,96.0000,AG03-UNRESOLVED,ALL5_LEVELS_bet23_to_bet27,-2.4706,-2.4706,-2.4706,-2.4706,-2.4706,4.000000,4.000000,4.000000,4.000000,4.000000,96.000000,96.000000,96.000000,96.000000,96.000000,5.0,-12.3531,-11.4036,-49.4123,-50.3618,PENDING_AG03,FALSE,NOT_FOR_ENFORCEMENT,-59.2948,45613.2617,-61.7654,-59.2948,-2.4706,-0.00118015,-0.00113294,-2.4706,-59.2948,-0.00113294,-2.4706,-2.4706,-2.4706,-2.4706,-2.4706,-59.2948,-0.00113294,-12.3531,-11.4036,-49.4123,-50.3618,-0.00094412,-0.00096226,-0.00004721,36.9350,33.6024,-0.0437,-3.2508,-0.1159,2754.5753,74.4211,12.8426,37.0032,13.1659,26.3317,52.6635,71.0957,102.6937,147.4577,26.3317,0.0,3.9,5.6,1.402681,30,147,41,3,0.00098153,-0.00118015,0.01250000,0E-8,0.000000,0.907845,0.000000,-0.01369359,2026-03-23,2026-08-06,19,533,225,137,0.138686,0.347066,0.347707,0.003272,,,,,,,,GLOBAL_BASELINE_NO_ENTITY_RANKING,,,NOT_APPLICABLE_GLOBAL_BASELINE,HF9g-P5,,,,X 全窗基线 · 不参与实体赏罚,3925621,393,A168_HF9F_20260827_0900,2026-08-27 09:00:00
2026-04-19,123633016,1702,0,13.0879773840,-13.0879773840,-13.0879773840,0E-7,1,1,0.50665070000000000,0.506650700000,-1.013391052207602,-1.013391052207602,-1.013391052207602,0E-17,ELIGIBLE,R03b_20260811_FULL_v1,L1_ELIGIBILITY,v2026-08-11,2026-03-21..2026-08-06,baccarat_bet02_101_all_pairs_incl_sentinel,round_win = game_pnl > 0 (decisive only),COMPATIBILITY_ONLY_NOT_PRODUCTION,52336.9300,47513.8143,-61.7654,1417,1414,0.00118015,-0.01250000,0.00119359,0.00118015,61.7654,52336.9300,OK,0.0000,-2.4706,4.0000,96.0000,AG03-UNRESOLVED,ALL5_LEVELS_bet23_to_bet27,-2.4706,-2.4706,-2.4706,-2.4706,-2.4706,4.000000,4.000000,4.000000,4.000000,4.000000,96.000000,96.000000,96.000000,96.000000,96.000000,5.0,-12.3531,-11.4036,-49.4123,-50.3618,PENDING_AG03,FALSE,NOT_FOR_ENFORCEMENT,-59.2948,45613.2617,-61.7654,-59.2948,-2.4706,-0.00118015,-0.00113294,-2.4706,-59.2948,-0.00113294,-2.4706,-2.4706,-2.4706,-2.4706,-2.4706,-59.2948,-0.00113294,-12.3531,-11.4036,-49.4123,-50.3618,-0.00094412,-0.00096226,-0.00004721,36.9350,33.6024,-0.0437,-3.2508,-0.1159,2754.5753,74.4211,12.8426,37.0032,13.1659,26.3317,52.6635,71.0957,102.6937,147.4577,26.3317,0.0,3.9,5.6,1.402681,30,147,41,3,0.00098153,-0.00118015,0.01250000,0E-8,0.000000,0.907845,0.000000,-0.01369359,2026-03-23,2026-08-06,19,533,225,137,0.138686,0.347066,0.347707,0.003272,,,,,,,,GLOBAL_BASELINE_NO_ENTITY_RANKING,,,NOT_APPLICABLE_GLOBAL_BASELINE,HF9g-P5,,,,X 全窗基线 · 不参与实体赏罚,3925622,393,A168_HF9F_20260827_0900,2026-08-27 09:00:00
2026-04-19,123633016,1963,0,13.0879773840,0E-10,0E-10,,1,1,0.49324550000000000,0.493245500000,,,,0E-17,NO_DECISIVE_ROUND,R03b_20260811_FULL_v1,L1_ELIGIBILITY,v2026-08-11,2026-03-21..2026-08-06,baccarat_bet02_101_all_pairs_incl_sentinel,round_win = game_pnl > 0 (decisive only),COMPATIBILITY_ONLY_NOT_PRODUCTION,52336.9300,47513.8143,-61.7654,1417,1414,0.00118015,-0.01250000,0.00119359,0.00118015,61.7654,52336.9300,OK,0.0000,-2.4706,4.0000,96.0000,AG03-UNRESOLVED,ALL5_LEVELS_bet23_to_bet27,-2.4706,-2.4706,-2.4706,-2.4706,-2.4706,4.000000,4.000000,4.000000,4.000000,4.000000,96.000000,96.000000,96.000000,96.000000,96.000000,5.0,-12.3531,-11.4036,-49.4123,-50.3618,PENDING_AG03,FALSE,NOT_FOR_ENFORCEMENT,-59.2948,45613.2617,-61.7654,-59.2948,-2.4706,-0.00118015,-0.00113294,-2.4706,-59.2948,-0.00113294,-2.4706,-2.4706,-2.4706,-2.4706,-2.4706,-59.2948,-0.00113294,-12.3531,-11.4036,-49.4123,-50.3618,-0.00094412,-0.00096226,-0.00004721,36.9350,33.6024,-0.0437,-3.2508,-0.1159,2754.5753,74.4211,12.8426,37.0032,13.1659,26.3317,52.6635,71.0957,102.6937,147.4577,26.3317,0.0,3.9,5.6,1.402681,30,147,41,3,0.00098153,-0.00118015,0.01250000,0E-8,0.000000,0.907845,0.000000,-0.01369359,2026-03-23,2026-08-06,19,533,225,137,0.138686,0.347066,0.347707,0.003272,,,,,,,,GLOBAL_BASELINE_NO_ENTITY_RANKING,,,NOT_APPLICABLE_GLOBAL_BASELINE,HF9g-P5,,,,X 全窗基线 · 不参与实体赏罚,3925623,393,A168_HF9F_20260827_0900,2026-08-27 09:00:00
2026-04-19,123633016,2223,0,39.2639321520,-13.0879773840,-13.0879773840,0.5000000,2,2,0.49324550000000000,0.493245500000,0.01910635448239258,0.01910635448239258,0.01910635448239258,0E-17,ELIGIBLE,R03b_20260811_FULL_v1,L1_ELIGIBILITY,v2026-08-11,2026-03-21..2026-08-06,baccarat_bet02_101_all_pairs_incl_sentinel,round_win = game_pnl > 0 (decisive only),COMPATIBILITY_ONLY_NOT_PRODUCTION,52336.9300,47513.8143,-61.7654,1417,1414,0.00118015,-0.01250000,0.00119359,0.00118015,61.7654,52336.9300,OK,0.0000,-2.4706,4.0000,96.0000,AG03-UNRESOLVED,ALL5_LEVELS_bet23_to_bet27,-2.4706,-2.4706,-2.4706,-2.4706,-2.4706,4.000000,4.000000,4.000000,4.000000,4.000000,96.000000,96.000000,96.000000,96.000000,96.000000,5.0,-12.3531,-11.4036,-49.4123,-50.3618,PENDING_AG03,FALSE,NOT_FOR_ENFORCEMENT,-59.2948,45613.2617,-61.7654,-59.2948,-2.4706,-0.00118015,-0.00113294,-2.4706,-59.2948,-0.00113294,-2.4706,-2.4706,-2.4706,-2.4706,-2.4706,-59.2948,-0.00113294,-12.3531,-11.4036,-49.4123,-50.3618,-0.00094412,-0.00096226,-0.00004721,36.9350,33.6024,-0.0437,-3.2508,-0.1159,2754.5753,74.4211,12.8426,37.0032,13.1659,26.3317,52.6635,71.0957,102.6937,147.4577,26.3317,0.0,3.9,5.6,1.402681,30,147,41,3,0.00098153,-0.00118015,0.01250000,0E-8,0.000000,0.907845,0.000000,-0.01369359,2026-03-23,2026-08-06,19,533,225,137,0.138686,0.347066,0.347707,0.003272,,,,,,,,GLOBAL_BASELINE_NO_ENTITY_RANKING,,,NOT_APPLICABLE_GLOBAL_BASELINE,HF9g-P5,,,,X 全窗基线 · 不参与实体赏罚,3925624,393,A168_HF9F_20260827_0900,2026-08-27 09:00:00
2026-04-22,123633016,-1,1,78.5278643039,-26.1759547679,-26.1759547679,0.5000000,2,2,0.49324550000000000,0.493245500000,0.01910635448239258,0.01910635448239258,0.01910635448239258,0E-17,SENTINEL_DEALER,R03b_20260811_FULL_v1,L1_ELIGIBILITY,v2026-08-11,2026-03-21..2026-08-06,baccarat_bet02_101_all_pairs_incl_sentinel,round_win = game_pnl > 0 (decisive only),COMPATIBILITY_ONLY_NOT_PRODUCTION,52336.9300,47513.8143,-61.7654,1417,1414,0.00118015,-0.01250000,0.00119359,0.00118015,61.7654,52336.9300,OK,0.0000,-2.4706,4.0000,96.0000,AG03-UNRESOLVED,ALL5_LEVELS_bet23_to_bet27,-2.4706,-2.4706,-2.4706,-2.4706,-2.4706,4.000000,4.000000,4.000000,4.000000,4.000000,96.000000,96.000000,96.000000,96.000000,96.000000,5.0,-12.3531,-11.4036,-49.4123,-50.3618,PENDING_AG03,FALSE,NOT_FOR_ENFORCEMENT,-59.2948,45613.2617,-61.7654,-59.2948,-2.4706,-0.00118015,-0.00113294,-2.4706,-59.2948,-0.00113294,-2.4706,-2.4706,-2.4706,-2.4706,-2.4706,-59.2948,-0.00113294,-12.3531,-11.4036,-49.4123,-50.3618,-0.00094412,-0.00096226,-0.00004721,36.9350,33.6024,-0.0437,-3.2508,-0.1159,2754.5753,74.4211,12.8426,37.0032,13.1659,26.3317,52.6635,71.0957,102.6937,147.4577,26.3317,0.0,3.9,5.6,1.402681,30,147,41,3,0.00098153,-0.00118015,0.01250000,0E-8,0.000000,0.907845,0.000000,-0.01369359,2026-03-23,2026-08-06,19,533,225,137,0.138686,0.347066,0.347707,0.003272,,,,,,,,GLOBAL_BASELINE_NO_ENTITY_RANKING,,,NOT_APPLICABLE_GLOBAL_BASELINE,HF9g-P5,,,,X 全窗基线 · 不参与实体赏罚,3925625,393,A168_HF9F_20260827_0900,2026-08-27 09:00:00
2026-04-22,123633016,1323,0,26.1759547680,-26.1759547680,-26.1759547680,0E-7,1,1,0.49324550000000000,0.493245500000,-0.9865810262130424,-0.9865810262130424,-0.9865810262130424,0E-17,ELIGIBLE,R03b_20260811_FULL_v1,L1_ELIGIBILITY,v2026-08-11,2026-03-21..2026-08-06,baccarat_bet02_101_all_pairs_incl_sentinel,round_win = game_pnl > 0 (decisive only),COMPATIBILITY_ONLY_NOT_PRODUCTION,52336.9300,47513.8143,-61.7654,1417,1414,0.00118015,-0.01250000,0.00119359,0.00118015,61.7654,52336.9300,OK,0.0000,-2.4706,4.0000,96.0000,AG03-UNRESOLVED,ALL5_LEVELS_bet23_to_bet27,-2.4706,-2.4706,-2.4706,-2.4706,-2.4706,4.000000,4.000000,4.000000,4.000000,4.000000,96.000000,96.000000,96.000000,96.000000,96.000000,5.0,-12.3531,-11.4036,-49.4123,-50.3618,PENDING_AG03,FALSE,NOT_FOR_ENFORCEMENT,-59.2948,45613.2617,-61.7654,-59.2948,-2.4706,-0.00118015,-0.00113294,-2.4706,-59.2948,-0.00113294,-2.4706,-2.4706,-2.4706,-2.4706,-2.4706,-59.2948,-0.00113294,-12.3531,-11.4036,-49.4123,-50.3618,-0.00094412,-0.00096226,-0.00004721,36.9350,33.6024,-0.0437,-3.2508,-0.1159,2754.5753,74.4211,12.8426,37.0032,13.1659,26.3317,52.6635,71.0957,102.6937,147.4577,26.3317,0.0,3.9,5.6,1.402681,30,147,41,3,0.00098153,-0.00118015,0.01250000,0E-8,0.000000,0.907845,0.000000,-0.01369359,2026-03-23,2026-08-06,19,533,225,137,0.138686,0.347066,0.347707,0.003272,,,,,,,,GLOBAL_BASELINE_NO_ENTITY_RANKING,,,NOT_APPLICABLE_GLOBAL_BASELINE,HF9g-P5,,,,X 全窗基线 · 不参与实体赏罚,3925626,393,A168_HF9F_20260827_0900,2026-08-27 09:00:00
2026-04-22,123633016,2254,0,78.5278643040,26.1759547680,26.1759547680,0.6666667,3,3,0.49324550000000000,0.493245500000,0.6008033672792107,0.6008033672792106,0.6008033672792107,0E-17,ELIGIBLE,R03b_20260811_FULL_v1,L1_ELIGIBILITY,v2026-08-11,2026-03-21..2026-08-06,baccarat_bet02_101_all_pairs_incl_sentinel,round_win = game_pnl > 0 (decisive only),COMPATIBILITY_ONLY_NOT_PRODUCTION,52336.9300,47513.8143,-61.7654,1417,1414,0.00118015,-0.01250000,0.00119359,0.00118015,61.7654,52336.9300,OK,0.0000,-2.4706,4.0000,96.0000,AG03-UNRESOLVED,ALL5_LEVELS_bet23_to_bet27,-2.4706,-2.4706,-2.4706,-2.4706,-2.4706,4.000000,4.000000,4.000000,4.000000,4.000000,96.000000,96.000000,96.000000,96.000000,96.000000,5.0,-12.3531,-11.4036,-49.4123,-50.3618,PENDING_AG03,FALSE,NOT_FOR_ENFORCEMENT,-59.2948,45613.2617,-61.7654,-59.2948,-2.4706,-0.00118015,-0.00113294,-2.4706,-59.2948,-0.00113294,-2.4706,-2.4706,-2.4706,-2.4706,-2.4706,-59.2948,-0.00113294,-12.3531,-11.4036,-49.4123,-50.3618,-0.00094412,-0.00096226,-0.00004721,36.9350,33.6024,-0.0437,-3.2508,-0.1159,2754.5753,74.4211,12.8426,37.0032,13.1659,26.3317,52.6635,71.0957,102.6937,147.4577,26.3317,0.0,3.9,5.6,1.402681,30,147,41,3,0.00098153,-0.00118015,0.01250000,0E-8,0.000000,0.907845,0.000000,-0.01369359,2026-03-23,2026-08-06,19,533,225,137,0.138686,0.347066,0.347707,0.003272,,,,,,,,GLOBAL_BASELINE_NO_ENTITY_RANKING,,,NOT_APPLICABLE_GLOBAL_BASELINE,HF9g-P5,,,,X 全窗基线 · 不参与实体赏罚,3925627,393,A168_HF9F_20260827_0900,2026-08-27 09:00:00
2026-04-24,123633016,2254,0,10.4703819072,-10.4703819072,-10.4703819072,0E-7,1,1,0.49324550000000000,0.493245500000,-0.9865810262130424,-0.9865810262130424,-0.9865810262130424,0E-17,ELIGIBLE,R03b_20260811_FULL_v1,L1_ELIGIBILITY,v2026-08-11,2026-03-21..2026-08-06,baccarat_bet02_101_all_pairs_incl_sentinel,round_win = game_pnl > 0 (decisive only),COMPATIBILITY_ONLY_NOT_PRODUCTION,52336.9300,47513.8143,-61.7654,1417,1414,0.00118015,-0.01250000,0.00119359,0.00118015,61.7654,52336.9300,OK,0.0000,-2.4706,4.0000,96.0000,AG03-UNRESOLVED,ALL5_LEVELS_bet23_to_bet27,-2.4706,-2.4706,-2.4706,-2.4706,-2.4706,4.000000,4.000000,4.000000,4.000000,4.000000,96.000000,96.000000,96.000000,96.000000,96.000000,5.0,-12.3531,-11.4036,-49.4123,-50.3618,PENDING_AG03,FALSE,NOT_FOR_ENFORCEMENT,-59.2948,45613.2617,-61.7654,-59.2948,-2.4706,-0.00118015,-0.00113294,-2.4706,-59.2948,-0.00113294,-2.4706,-2.4706,-2.4706,-2.4706,-2.4706,-59.2948,-0.00113294,-12.3531,-11.4036,-49.4123,-50.3618,-0.00094412,-0.00096226,-0.00004721,36.9350,33.6024,-0.0437,-3.2508,-0.1159,2754.5753,74.4211,12.8426,37.0032,13.1659,26.3317,52.6635,71.0957,102.6937,147.4577,26.3317,0.0,3.9,5.6,1.402681,30,147,41,3,0.00098153,-0.00118015,0.01250000,0E-8,0.000000,0.907845,0.000000,-0.01369359,2026-03-23,2026-08-06,19,533,225,137,0.138686,0.347066,0.347707,0.003272,,,,,,,,GLOBAL_BASELINE_NO_ENTITY_RANKING,,,NOT_APPLICABLE_GLOBAL_BASELINE,HF9g-P5,,,,X 全窗基线 · 不参与实体赏罚,3925628,393,A168_HF9F_20260827_0900,2026-08-27 09:00:00
2026-08-06,123633016,1323,0,25.6851514140,-0.6421287854,-0.6421287854,0.5000000,2,2,0.50665070000000000,0.506650700000,-0.018812684590367487,-0.018812684590367487,-0.018812684590367487,0E-17,ELIGIBLE,R03b_20260811_FULL_v1,L1_ELIGIBILITY,v2026-08-11,2026-03-21..2026-08-06,baccarat_bet02_101_all_pairs_incl_sentinel,round_win = game_pnl > 0 (decisive only),COMPATIBILITY_ONLY_NOT_PRODUCTION,52336.9300,47513.8143,-61.7654,1417,1414,0.00118015,-0.01250000,0.00119359,0.00118015,61.7654,52336.9300,OK,0.0000,-2.4706,4.0000,96.0000,AG03-UNRESOLVED,ALL5_LEVELS_bet23_to_bet27,-2.4706,-2.4706,-2.4706,-2.4706,-2.4706,4.000000,4.000000,4.000000,4.000000,4.000000,96.000000,96.000000,96.000000,96.000000,96.000000,5.0,-12.3531,-11.4036,-49.4123,-50.3618,PENDING_AG03,FALSE,NOT_FOR_ENFORCEMENT,-59.2948,45613.2617,-61.7654,-59.2948,-2.4706,-0.00118015,-0.00113294,-2.4706,-59.2948,-0.00113294,-2.4706,-2.4706,-2.4706,-2.4706,-2.4706,-59.2948,-0.00113294,-12.3531,-11.4036,-49.4123,-50.3618,-0.00094412,-0.00096226,-0.00004721,36.9350,33.6024,-0.0437,-3.2508,-0.1159,2754.5753,74.4211,12.8426,37.0032,13.1659,26.3317,52.6635,71.0957,102.6937,147.4577,26.3317,0.0,3.9,5.6,1.402681,30,147,41,3,0.00098153,-0.00118015,0.01250000,0E-8,0.000000,0.907845,0.000000,-0.01369359,2026-03-23,2026-08-06,19,533,225,137,0.138686,0.347066,0.347707,0.003272,,,,,,,,GLOBAL_BASELINE_NO_ENTITY_RANKING,,,NOT_APPLICABLE_GLOBAL_BASELINE,HF9g-P5,,,,X 全窗基线 · 不参与实体赏罚,3925629,393,A168_HF9F_20260827_0900,2026-08-27 09:00:00
2026-08-06,123633016,2288,0,25.6851514140,0E-10,0E-10,0.5000000,2,2,0.49324550000000000,0.493245500000,0.01910635448239258,0.01910635448239258,0.01910635448239258,0E-17,ELIGIBLE,R03b_20260811_FULL_v1,L1_ELIGIBILITY,v2026-08-11,2026-03-21..2026-08-06,baccarat_bet02_101_all_pairs_incl_sentinel,round_win = game_pnl > 0 (decisive only),COMPATIBILITY_ONLY_NOT_PRODUCTION,52336.9300,47513.8143,-61.7654,1417,1414,0.00118015,-0.01250000,0.00119359,0.00118015,61.7654,52336.9300,OK,0.0000,-2.4706,4.0000,96.0000,AG03-UNRESOLVED,ALL5_LEVELS_bet23_to_bet27,-2.4706,-2.4706,-2.4706,-2.4706,-2.4706,4.000000,4.000000,4.000000,4.000000,4.000000,96.000000,96.000000,96.000000,96.000000,96.000000,5.0,-12.3531,-11.4036,-49.4123,-50.3618,PENDING_AG03,FALSE,NOT_FOR_ENFORCEMENT,-59.2948,45613.2617,-61.7654,-59.2948,-2.4706,-0.00118015,-0.00113294,-2.4706,-59.2948,-0.00113294,-2.4706,-2.4706,-2.4706,-2.4706,-2.4706,-59.2948,-0.00113294,-12.3531,-11.4036,-49.4123,-50.3618,-0.00094412,-0.00096226,-0.00004721,36.9350,33.6024,-0.0437,-3.2508,-0.1159,2754.5753,74.4211,12.8426,37.0032,13.1659,26.3317,52.6635,71.0957,102.6937,147.4577,26.3317,0.0,3.9,5.6,1.402681,30,147,41,3,0.00098153,-0.00118015,0.01250000,0E-8,0.000000,0.907845,0.000000,-0.01369359,2026-03-23,2026-08-06,19,533,225,137,0.138686,0.347066,0.347707,0.003272,,,,,,,,GLOBAL_BASELINE_NO_ENTITY_RANKING,,,NOT_APPLICABLE_GLOBAL_BASELINE,HF9g-P5,,,,X 全窗基线 · 不参与实体赏罚,3925630,393,A168_HF9F_20260827_0900,2026-08-27 09:00:00
2026-04-22,149016980,2106,0,274.9562569592,76.1242529595,76.1242529595,0.5555556,21,9,0.36809524739463956,0.330401225926,1.1660701159365756,1.4360627177761118,1.1660701159365756,0.03769402146863956,ELIGIBLE,R03b_20260811_FULL_v1,L1_ELIGIBILITY,v2026-08-11,2026-03-21..2026-08-06,baccarat_bet02_101_all_pairs_incl_sentinel,round_win = game_pnl > 0 (decisive only),COMPATIBILITY_ONLY_NOT_PRODUCTION,455.0110,399.7795,-61.7641,26,12,0.13574188,,0.13574188,0.13574188,61.7641,455.0110,THIN_EXPOSURE,0.0000,-2.4706,4.0000,96.0000,AG03-UNRESOLVED,ALL5_LEVELS_bet23_to_bet27,-2.4706,-2.4706,-2.4706,-2.4706,-2.4706,4.000000,4.000000,4.000000,4.000000,4.000000,96.000000,96.000000,96.000000,96.000000,96.000000,5.0,-12.3528,-11.4033,-49.4112,-50.3607,PENDING_AG03,FALSE,NOT_FOR_ENFORCEMENT,-59.2935,383.7883,-61.7641,-59.2935,-2.4706,-0.13574188,-0.13031221,-2.4706,-59.2935,-0.13031221,-2.4706,-2.4706,-2.4706,-2.4706,-2.4706,-59.2935,-0.13031221,-12.3528,-11.4033,-49.4112,-50.3607,-0.10859350,-0.11068022,-0.00542968,17.5004,33.3150,-5.1470,-30.8820,-30.8820,227.5055,6.0000,,17.5004,5.6809,5.6809,22.7237,55.2315,55.5471,56.8091,5.6809,-5.6809,9.777836,10.0,3.080565,1,2,2,7,0E-8,-0.13574188,,0E-8,0.000000,0.878615,0.000000,,2026-04-22,2026-07-01,2,2,2,71,0.028169,,,0.000000,,,,,,,,GLOBAL_BASELINE_NO_ENTITY_RANKING,,,NOT_APPLICABLE_GLOBAL_BASELINE,HF9g-P5,,,,X 全窗基线 · 不参与实体赏罚,3925631,393,A168_HF9F_20260827_0900,2026-08-27 09:00:00
2026-07-01,149016980,1654,0,180.0547896784,-14.3601979498,-14.3601979498,0.5000000,5,3,0.47046621322752914,0.397637288889,0.08368027047760147,0.2957904757765197,0.08368027047760147,0.07282892433852914,ELIGIBLE,R03b_20260811_FULL_v1,L1_ELIGIBILITY,v2026-08-11,2026-03-21..2026-08-06,baccarat_bet02_101_all_pairs_incl_sentinel,round_win = game_pnl > 0 (decisive only),COMPATIBILITY_ONLY_NOT_PRODUCTION,455.0110,399.7795,-61.7641,26,12,0.13574188,,0.13574188,0.13574188,61.7641,455.0110,THIN_EXPOSURE,0.0000,-2.4706,4.0000,96.0000,AG03-UNRESOLVED,ALL5_LEVELS_bet23_to_bet27,-2.4706,-2.4706,-2.4706,-2.4706,-2.4706,4.000000,4.000000,4.000000,4.000000,4.000000,96.000000,96.000000,96.000000,96.000000,96.000000,5.0,-12.3528,-11.4033,-49.4112,-50.3607,PENDING_AG03,FALSE,NOT_FOR_ENFORCEMENT,-59.2935,383.7883,-61.7641,-59.2935,-2.4706,-0.13574188,-0.13031221,-2.4706,-59.2935,-0.13031221,-2.4706,-2.4706,-2.4706,-2.4706,-2.4706,-59.2935,-0.13031221,-12.3528,-11.4033,-49.4112,-50.3607,-0.10859350,-0.11068022,-0.00542968,17.5004,33.3150,-5.1470,-30.8820,-30.8820,227.5055,6.0000,,17.5004,5.6809,5.6809,22.7237,55.2315,55.5471,56.8091,5.6809,-5.6809,9.777836,10.0,3.080565,1,2,2,7,0E-8,-0.13574188,,0E-8,0.000000,0.878615,0.000000,,2026-04-22,2026-07-01,2,2,2,71,0.028169,,,0.000000,,,,,,,,GLOBAL_BASELINE_NO_ENTITY_RANKING,,,NOT_APPLICABLE_GLOBAL_BASELINE,HF9g-P5,,,,X 全窗基线 · 不参与实体赏罚,3925632,393,A168_HF9F_20260827_0900,2026-08-27 09:00:00
2026-03-31,148033666,1330,0,70.2042881533,6.5987814392,6.5987814392,0.5833333,23,12,0.42053281427947229,0.323288634722,1.142436420046234,1.9259352129481904,1.142436420046234,0.09724417955747229,ELIGIBLE,R03b_20260811_FULL_v1,L1_ELIGIBILITY,v2026-08-11,2026-03-21..2026-08-06,baccarat_bet02_101_all_pairs_incl_sentinel,round_win = game_pnl > 0 (decisive only),COMPATIBILITY_ONLY_NOT_PRODUCTION,232.3520,203.8874,-61.7594,87,60,0.26580116,0.31736264,0.23139183,0.26580116,61.7594,232.3520,OK,0.0000,-2.4704,4.0000,96.0000,AG03-UNRESOLVED,ALL5_LEVELS_bet23_to_bet27,-2.4704,-2.4704,-2.4704,-2.4704,-2.4704,4.000000,4.000000,4.000000,4.000000,4.000000,96.000000,96.000000,96.000000,96.000000,96.000000,5.0,-12.3519,-11.4025,-49.4076,-50.357,PENDING_AG03,FALSE,NOT_FOR_ENFORCEMENT,-59.2891,195.7319,-61.7594,-59.2891,-2.4704,-0.26580116,-0.25516911,-2.4704,-59.2891,-0.25516911,-2.4704,-2.4704,-2.4704,-2.4704,-2.4704,-59.2891,-0.25516911,-12.3519,-11.4025,-49.4076,-50.357,-0.21264093,-0.21672701,-0.01063205,2.6707,3.3981,-1.0293,-20.5865,-2.2057,77.4507,20.0000,2.4473,2.8440,1.3064,2.3191,3.6553,4.6098,5.6079,7.1448,2.0439,0.0,2.418182,3.080908,1.151636,22,21,3,4,0.40024433,-0.26580116,-0.31736264,0E-8,0.000000,0.877493,0.000000,0.08597081,2026-03-31,2026-07-26,3,28,28,118,0.025424,0.860525,0.916349,1.334148,,,,,,,,GLOBAL_BASELINE_NO_ENTITY_RANKING,,,NOT_APPLICABLE_GLOBAL_BASELINE,HF9g-P5,,,,X 全窗基线 · 不参与实体赏罚,3925633,393,A168_HF9F_20260827_0900,2026-08-27 09:00:00
2026-03-31,148033666,2170,0,6.3247106444,4.2164737630,4.2164737630,1.0000000,2,1,0.42680505000210098,0.293924150000,1.158874490228766,1.549915577879723,1.158874490228766,0.13288090000210098,ELIGIBLE,R03b_20260811_FULL_v1,L1_ELIGIBILITY,v2026-08-11,2026-03-21..2026-08-06,baccarat_bet02_101_all_pairs_incl_sentinel,round_win = game_pnl > 0 (decisive only),COMPATIBILITY_ONLY_NOT_PRODUCTION,232.3520,203.8874,-61.7594,87,60,0.26580116,0.31736264,0.23139183,0.26580116,61.7594,232.3520,OK,0.0000,-2.4704,4.0000,96.0000,AG03-UNRESOLVED,ALL5_LEVELS_bet23_to_bet27,-2.4704,-2.4704,-2.4704,-2.4704,-2.4704,4.000000,4.000000,4.000000,4.000000,4.000000,96.000000,96.000000,96.000000,96.000000,96.000000,5.0,-12.3519,-11.4025,-49.4076,-50.357,PENDING_AG03,FALSE,NOT_FOR_ENFORCEMENT,-59.2891,195.7319,-61.7594,-59.2891,-2.4704,-0.26580116,-0.25516911,-2.4704,-59.2891,-0.25516911,-2.4704,-2.4704,-2.4704,-2.4704,-2.4704,-59.2891,-0.25516911,-12.3519,-11.4025,-49.4076,-50.357,-0.21264093,-0.21672701,-0.01063205,2.6707,3.3981,-1.0293,-20.5865,-2.2057,77.4507,20.0000,2.4473,2.8440,1.3064,2.3191,3.6553,4.6098,5.6079,7.1448,2.0439,0.0,2.418182,3.080908,1.151636,22,21,3,4,0.40024433,-0.26580116,-0.31736264,0E-8,0.000000,0.877493,0.000000,0.08597081,2026-03-31,2026-07-26,3,28,28,118,0.025424,0.860525,0.916349,1.334148,,,,,,,,GLOBAL_BASELINE_NO_ENTITY_RANKING,,,NOT_APPLICABLE_GLOBAL_BASELINE,HF9g-P5,,,,X 全窗基线 · 不参与实体赏罚,3925634,393,A168_HF9F_20260827_0900,2026-08-27 09:00:00
2026-03-31,148033666,2174,0,5.2705922037,8.4329475260,8.4329475260,1.0000000,2,1,0.41351696000302541,0.293924150000,1.19091582325471,1.549915577879723,1.19091582325471,0.11959281000302541,ELIGIBLE,R03b_20260811_FULL_v1,L1_ELIGIBILITY,v2026-08-11,2026-03-21..2026-08-06,baccarat_bet02_101_all_pairs_incl_sentinel,round_win = game_pnl > 0 (decisive only),COMPATIBILITY_ONLY_NOT_PRODUCTION,232.3520,203.8874,-61.7594,87,60,0.26580116,0.31736264,0.23139183,0.26580116,61.7594,232.3520,OK,0.0000,-2.4704,4.0000,96.0000,AG03-UNRESOLVED,ALL5_LEVELS_bet23_to_bet27,-2.4704,-2.4704,-2.4704,-2.4704,-2.4704,4.000000,4.000000,4.000000,4.000000,4.000000,96.000000,96.000000,96.000000,96.000000,96.000000,5.0,-12.3519,-11.4025,-49.4076,-50.357,PENDING_AG03,FALSE,NOT_FOR_ENFORCEMENT,-59.2891,195.7319,-61.7594,-59.2891,-2.4704,-0.26580116,-0.25516911,-2.4704,-59.2891,-0.25516911,-2.4704,-2.4704,-2.4704,-2.4704,-2.4704,-59.2891,-0.25516911,-12.3519,-11.4025,-49.4076,-50.357,-0.21264093,-0.21672701,-0.01063205,2.6707,3.3981,-1.0293,-20.5865,-2.2057,77.4507,20.0000,2.4473,2.8440,1.3064,2.3191,3.6553,4.6098,5.6079,7.1448,2.0439,0.0,2.418182,3.080908,1.151636,22,21,3,4,0.40024433,-0.26580116,-0.31736264,0E-8,0.000000,0.877493,0.000000,0.08597081,2026-03-31,2026-07-26,3,28,28,118,0.025424,0.860525,0.916349,1.334148,,,,,,,,GLOBAL_BASELINE_NO_ENTITY_RANKING,,,NOT_APPLICABLE_GLOBAL_BASELINE,HF9g-P5,,,,X 全窗基线 · 不参与实体赏罚,3925635,393,A168_HF9F_20260827_0900,2026-08-27 09:00:00
2026-04-07,148033666,-1,1,40.2673244362,5.9557691904,5.9557691904,0.5000000,15,10,0.45793983409300411,0.397606385000,0.26695805123992056,0.6616160331322133,0.26695805123992056,0.06033344909300411,SENTINEL_DEALER,R03b_20260811_FULL_v1,L1_ELIGIBILITY,v2026-08-11,2026-03-21..2026-08-06,baccarat_bet02_101_all_pairs_incl_sentinel,round_win = game_pnl > 0 (decisive only),COMPATIBILITY_ONLY_NOT_PRODUCTION,232.3520,203.8874,-61.7594,87,60,0.26580116,0.31736264,0.23139183,0.26580116,61.7594,232.3520,OK,0.0000,-2.4704,4.0000,96.0000,AG03-UNRESOLVED,ALL5_LEVELS_bet23_to_bet27,-2.4704,-2.4704,-2.4704,-2.4704,-2.4704,4.000000,4.000000,4.000000,4.000000,4.000000,96.000000,96.000000,96.000000,96.000000,96.000000,5.0,-12.3519,-11.4025,-49.4076,-50.357,PENDING_AG03,FALSE,NOT_FOR_ENFORCEMENT,-59.2891,195.7319,-61.7594,-59.2891,-2.4704,-0.26580116,-0.25516911,-2.4704,-59.2891,-0.25516911,-2.4704,-2.4704,-2.4704,-2.4704,-2.4704,-59.2891,-0.25516911,-12.3519,-11.4025,-49.4076,-50.357,-0.21264093,-0.21672701,-0.01063205,2.6707,3.3981,-1.0293,-20.5865,-2.2057,77.4507,20.0000,2.4473,2.8440,1.3064,2.3191,3.6553,4.6098,5.6079,7.1448,2.0439,0.0,2.418182,3.080908,1.151636,22,21,3,4,0.40024433,-0.26580116,-0.31736264,0E-8,0.000000,0.877493,0.000000,0.08597081,2026-03-31,2026-07-26,3,28,28,118,0.025424,0.860525,0.916349,1.334148,,,,,,,,GLOBAL_BASELINE_NO_ENTITY_RANKING,,,NOT_APPLICABLE_GLOBAL_BASELINE,HF9g-P5,,,,X 全窗基线 · 不参与实体赏罚,3925636,393,A168_HF9F_20260827_0900,2026-08-27 09:00:00
2026-04-07,148033666,1306,0,3.1623553222,3.1623553222,3.1623553222,1.0000000,1,1,0.49324550000000000,0.493245500000,1.01360149184955,1.01360149184955,1.01360149184955,0E-17,ELIGIBLE,R03b_20260811_FULL_v1,L1_ELIGIBILITY,v2026-08-11,2026-03-21..2026-08-06,baccarat_bet02_101_all_pairs_incl_sentinel,round_win = game_pnl > 0 (decisive only),COMPATIBILITY_ONLY_NOT_PRODUCTION,232.3520,203.8874,-61.7594,87,60,0.26580116,0.31736264,0.23139183,0.26580116,61.7594,232.3520,OK,0.0000,-2.4704,4.0000,96.0000,AG03-UNRESOLVED,ALL5_LEVELS_bet23_to_bet27,-2.4704,-2.4704,-2.4704,-2.4704,-2.4704,4.000000,4.000000,4.000000,4.000000,4.000000,96.000000,96.000000,96.000000,96.000000,96.000000,5.0,-12.3519,-11.4025,-49.4076,-50.357,PENDING_AG03,FALSE,NOT_FOR_ENFORCEMENT,-59.2891,195.7319,-61.7594,-59.2891,-2.4704,-0.26580116,-0.25516911,-2.4704,-59.2891,-0.25516911,-2.4704,-2.4704,-2.4704,-2.4704,-2.4704,-59.2891,-0.25516911,-12.3519,-11.4025,-49.4076,-50.357,-0.21264093,-0.21672701,-0.01063205,2.6707,3.3981,-1.0293,-20.5865,-2.2057,77.4507,20.0000,2.4473,2.8440,1.3064,2.3191,3.6553,4.6098,5.6079,7.1448,2.0439,0.0,2.418182,3.080908,1.151636,22,21,3,4,0.40024433,-0.26580116,-0.31736264,0E-8,0.000000,0.877493,0.000000,0.08597081,2026-03-31,2026-07-26,3,28,28,118,0.025424,0.860525,0.916349,1.334148,,,,,,,,GLOBAL_BASELINE_NO_ENTITY_RANKING,,,NOT_APPLICABLE_GLOBAL_BASELINE,HF9g-P5,,,,X 全窗基线 · 不参与实体赏罚,3925637,393,A168_HF9F_20260827_0900,2026-08-27 09:00:00
2026-04-07,148033666,1318,0,7.1680053971,1.2649421289,1.2649421289,0.5000000,3,2,0.44299914285714286,0.400287425000,0.16228075123747648,0.2878109933178697,0.16228075123747648,0.04271171785714286,ELIGIBLE,R03b_20260811_FULL_v1,L1_ELIGIBILITY,v2026-08-11,2026-03-21..2026-08-06,baccarat_bet02_101_all_pairs_incl_sentinel,round_win = game_pnl > 0 (decisive only),COMPATIBILITY_ONLY_NOT_PRODUCTION,232.3520,203.8874,-61.7594,87,60,0.26580116,0.31736264,0.23139183,0.26580116,61.7594,232.3520,OK,0.0000,-2.4704,4.0000,96.0000,AG03-UNRESOLVED,ALL5_LEVELS_bet23_to_bet27,-2.4704,-2.4704,-2.4704,-2.4704,-2.4704,4.000000,4.000000,4.000000,4.000000,4.000000,96.000000,96.000000,96.000000,96.000000,96.000000,5.0,-12.3519,-11.4025,-49.4076,-50.357,PENDING_AG03,FALSE,NOT_FOR_ENFORCEMENT,-59.2891,195.7319,-61.7594,-59.2891,-2.4704,-0.26580116,-0.25516911,-2.4704,-59.2891,-0.25516911,-2.4704,-2.4704,-2.4704,-2.4704,-2.4704,-59.2891,-0.25516911,-12.3519,-11.4025,-49.4076,-50.357,-0.21264093,-0.21672701,-0.01063205,2.6707,3.3981,-1.0293,-20.5865,-2.2057,77.4507,20.0000,2.4473,2.8440,1.3064,2.3191,3.6553,4.6098,5.6079,7.1448,2.0439,0.0,2.418182,3.080908,1.151636,22,21,3,4,0.40024433,-0.26580116,-0.31736264,0E-8,0.000000,0.877493,0.000000,0.08597081,2026-03-31,2026-07-26,3,28,28,118,0.025424,0.860525,0.916349,1.334148,,,,,,,,GLOBAL_BASELINE_NO_ENTITY_RANKING,,,NOT_APPLICABLE_GLOBAL_BASELINE,HF9g-P5,,,,X 全窗基线 · 不参与实体赏罚,3925638,393,A168_HF9F_20260827_0900,2026-08-27 09:00:00
2026-04-07,148033666,1401,0,2.3190605696,2.3190605696,2.3190605696,1.0000000,1,1,0.49324550000000000,0.493245500000,1.01360149184955,1.01360149184955,1.01360149184955,0E-17,ELIGIBLE,R03b_20260811_FULL_v1,L1_ELIGIBILITY,v2026-08-11,2026-03-21..2026-08-06,baccarat_bet02_101_all_pairs_incl_sentinel,round_win = game_pnl > 0 (decisive only),COMPATIBILITY_ONLY_NOT_PRODUCTION,232.3520,203.8874,-61.7594,87,60,0.26580116,0.31736264,0.23139183,0.26580116,61.7594,232.3520,OK,0.0000,-2.4704,4.0000,96.0000,AG03-UNRESOLVED,ALL5_LEVELS_bet23_to_bet27,-2.4704,-2.4704,-2.4704,-2.4704,-2.4704,4.000000,4.000000,4.000000,4.000000,4.000000,96.000000,96.000000,96.000000,96.000000,96.000000,5.0,-12.3519,-11.4025,-49.4076,-50.357,PENDING_AG03,FALSE,NOT_FOR_ENFORCEMENT,-59.2891,195.7319,-61.7594,-59.2891,-2.4704,-0.26580116,-0.25516911,-2.4704,-59.2891,-0.25516911,-2.4704,-2.4704,-2.4704,-2.4704,-2.4704,-59.2891,-0.25516911,-12.3519,-11.4025,-49.4076,-50.357,-0.21264093,-0.21672701,-0.01063205,2.6707,3.3981,-1.0293,-20.5865,-2.2057,77.4507,20.0000,2.4473,2.8440,1.3064,2.3191,3.6553,4.6098,5.6079,7.1448,2.0439,0.0,2.418182,3.080908,1.151636,22,21,3,4,0.40024433,-0.26580116,-0.31736264,0E-8,0.000000,0.877493,0.000000,0.08597081,2026-03-31,2026-07-26,3,28,28,118,0.025424,0.860525,0.916349,1.334148,,,,,,,,GLOBAL_BASELINE_NO_ENTITY_RANKING,,,NOT_APPLICABLE_GLOBAL_BASELINE,HF9g-P5,,,,X 全窗基线 · 不参与实体赏罚,3925639,393,A168_HF9F_20260827_0900,2026-08-27 09:00:00
2026-04-07,148033666,1942,0,2.5298842578,2.4033900449,2.4033900449,1.0000000,1,1,0.50665070000000000,0.506650700000,0.9867858985152569,0.9867858985152569,0.9867858985152569,0E-17,ELIGIBLE,R03b_20260811_FULL_v1,L1_ELIGIBILITY,v2026-08-11,2026-03-21..2026-08-06,baccarat_bet02_101_all_pairs_incl_sentinel,round_win = game_pnl > 0 (decisive only),COMPATIBILITY_ONLY_NOT_PRODUCTION,232.3520,203.8874,-61.7594,87,60,0.26580116,0.31736264,0.23139183,0.26580116,61.7594,232.3520,OK,0.0000,-2.4704,4.0000,96.0000,AG03-UNRESOLVED,ALL5_LEVELS_bet23_to_bet27,-2.4704,-2.4704,-2.4704,-2.4704,-2.4704,4.000000,4.000000,4.000000,4.000000,4.000000,96.000000,96.000000,96.000000,96.000000,96.000000,5.0,-12.3519,-11.4025,-49.4076,-50.357,PENDING_AG03,FALSE,NOT_FOR_ENFORCEMENT,-59.2891,195.7319,-61.7594,-59.2891,-2.4704,-0.26580116,-0.25516911,-2.4704,-59.2891,-0.25516911,-2.4704,-2.4704,-2.4704,-2.4704,-2.4704,-59.2891,-0.25516911,-12.3519,-11.4025,-49.4076,-50.357,-0.21264093,-0.21672701,-0.01063205,2.6707,3.3981,-1.0293,-20.5865,-2.2057,77.4507,20.0000,2.4473,2.8440,1.3064,2.3191,3.6553,4.6098,5.6079,7.1448,2.0439,0.0,2.418182,3.080908,1.151636,22,21,3,4,0.40024433,-0.26580116,-0.31736264,0E-8,0.000000,0.877493,0.000000,0.08597081,2026-03-31,2026-07-26,3,28,28,118,0.025424,0.860525,0.916349,1.334148,,,,,,,,GLOBAL_BASELINE_NO_ENTITY_RANKING,,,NOT_APPLICABLE_GLOBAL_BASELINE,HF9g-P5,,,,X 全窗基线 · 不参与实体赏罚,3925640,393,A168_HF9F_20260827_0900,2026-08-27 09:00:00
2026-04-07,148033666,2160,0,2.1082368815,-2.1082368815,-2.1082368815,0E-7,1,1,0.49324550000000000,0.493245500000,-0.9865810262130424,-0.9865810262130424,-0.9865810262130424,0E-17,ELIGIBLE,R03b_20260811_FULL_v1,L1_ELIGIBILITY,v2026-08-11,2026-03-21..2026-08-06,baccarat_bet02_101_all_pairs_incl_sentinel,round_win = game_pnl > 0 (decisive only),COMPATIBILITY_ONLY_NOT_PRODUCTION,232.3520,203.8874,-61.7594,87,60,0.26580116,0.31736264,0.23139183,0.26580116,61.7594,232.3520,OK,0.0000,-2.4704,4.0000,96.0000,AG03-UNRESOLVED,ALL5_LEVELS_bet23_to_bet27,-2.4704,-2.4704,-2.4704,-2.4704,-2.4704,4.000000,4.000000,4.000000,4.000000,4.000000,96.000000,96.000000,96.000000,96.000000,96.000000,5.0,-12.3519,-11.4025,-49.4076,-50.357,PENDING_AG03,FALSE,NOT_FOR_ENFORCEMENT,-59.2891,195.7319,-61.7594,-59.2891,-2.4704,-0.26580116,-0.25516911,-2.4704,-59.2891,-0.25516911,-2.4704,-2.4704,-2.4704,-2.4704,-2.4704,-59.2891,-0.25516911,-12.3519,-11.4025,-49.4076,-50.357,-0.21264093,-0.21672701,-0.01063205,2.6707,3.3981,-1.0293,-20.5865,-2.2057,77.4507,20.0000,2.4473,2.8440,1.3064,2.3191,3.6553,4.6098,5.6079,7.1448,2.0439,0.0,2.418182,3.080908,1.151636,22,21,3,4,0.40024433,-0.26580116,-0.31736264,0E-8,0.000000,0.877493,0.000000,0.08597081,2026-03-31,2026-07-26,3,28,28,118,0.025424,0.860525,0.916349,1.334148,,,,,,,,GLOBAL_BASELINE_NO_ENTITY_RANKING,,,NOT_APPLICABLE_GLOBAL_BASELINE,HF9g-P5,,,,X 全窗基线 · 不参与实体赏罚,3925641,393,A168_HF9F_20260827_0900,2026-08-27 09:00:00
2026-07-26,148033666,-1,1,29.8409843436,24.7210072356,24.7210072356,1.0000000,12,9,0.46687351904839850,0.431273450000,2.827252043816555,3.0382563203031787,2.827252043816555,0.03560006904839850,SENTINEL_DEALER,R03b_20260811_FULL_v1,L1_ELIGIBILITY,v2026-08-11,2026-03-21..2026-08-06,baccarat_bet02_101_all_pairs_incl_sentinel,round_win = game_pnl > 0 (decisive only),COMPATIBILITY_ONLY_NOT_PRODUCTION,232.3520,203.8874,-61.7594,87,60,0.26580116,0.31736264,0.23139183,0.26580116,61.7594,232.3520,OK,0.0000,-2.4704,4.0000,96.0000,AG03-UNRESOLVED,ALL5_LEVELS_bet23_to_bet27,-2.4704,-2.4704,-2.4704,-2.4704,-2.4704,4.000000,4.000000,4.000000,4.000000,4.000000,96.000000,96.000000,96.000000,96.000000,96.000000,5.0,-12.3519,-11.4025,-49.4076,-50.357,PENDING_AG03,FALSE,NOT_FOR_ENFORCEMENT,-59.2891,195.7319,-61.7594,-59.2891,-2.4704,-0.26580116,-0.25516911,-2.4704,-59.2891,-0.25516911,-2.4704,-2.4704,-2.4704,-2.4704,-2.4704,-59.2891,-0.25516911,-12.3519,-11.4025,-49.4076,-50.357,-0.21264093,-0.21672701,-0.01063205,2.6707,3.3981,-1.0293,-20.5865,-2.2057,77.4507,20.0000,2.4473,2.8440,1.3064,2.3191,3.6553,4.6098,5.6079,7.1448,2.0439,0.0,2.418182,3.080908,1.151636,22,21,3,4,0.40024433,-0.26580116,-0.31736264,0E-8,0.000000,0.877493,0.000000,0.08597081,2026-03-31,2026-07-26,3,28,28,118,0.025424,0.860525,0.916349,1.334148,,,,,,,,GLOBAL_BASELINE_NO_ENTITY_RANKING,,,NOT_APPLICABLE_GLOBAL_BASELINE,HF9g-P5,,,,X 全窗基线 · 不参与实体赏罚,3925642,393,A168_HF9F_20260827_0900,2026-08-27 09:00:00
2026-07-26,148033666,1318,0,3.4746351633,-3.4746351633,-3.4746351633,0E-7,1,1,0.49324550000000000,0.493245500000,-0.9865810262130424,-0.9865810262130424,-0.9865810262130424,0E-17,ELIGIBLE,R03b_20260811_FULL_v1,L1_ELIGIBILITY,v2026-08-11,2026-03-21..2026-08-06,baccarat_bet02_101_all_pairs_incl_sentinel,round_win = game_pnl > 0 (decisive only),COMPATIBILITY_ONLY_NOT_PRODUCTION,232.3520,203.8874,-61.7594,87,60,0.26580116,0.31736264,0.23139183,0.26580116,61.7594,232.3520,OK,0.0000,-2.4704,4.0000,96.0000,AG03-UNRESOLVED,ALL5_LEVELS_bet23_to_bet27,-2.4704,-2.4704,-2.4704,-2.4704,-2.4704,4.000000,4.000000,4.000000,4.000000,4.000000,96.000000,96.000000,96.000000,96.000000,96.000000,5.0,-12.3519,-11.4025,-49.4076,-50.357,PENDING_AG03,FALSE,NOT_FOR_ENFORCEMENT,-59.2891,195.7319,-61.7594,-59.2891,-2.4704,-0.26580116,-0.25516911,-2.4704,-59.2891,-0.25516911,-2.4704,-2.4704,-2.4704,-2.4704,-2.4704,-59.2891,-0.25516911,-12.3519,-11.4025,-49.4076,-50.357,-0.21264093,-0.21672701,-0.01063205,2.6707,3.3981,-1.0293,-20.5865,-2.2057,77.4507,20.0000,2.4473,2.8440,1.3064,2.3191,3.6553,4.6098,5.6079,7.1448,2.0439,0.0,2.418182,3.080908,1.151636,22,21,3,4,0.40024433,-0.26580116,-0.31736264,0E-8,0.000000,0.877493,0.000000,0.08597081,2026-03-31,2026-07-26,3,28,28,118,0.025424,0.860525,0.916349,1.334148,,,,,,,,GLOBAL_BASELINE_NO_ENTITY_RANKING,,,NOT_APPLICABLE_GLOBAL_BASELINE,HF9g-P5,,,,X 全窗基线 · 不参与实体赏罚,3925643,393,A168_HF9F_20260827_0900,2026-08-27 09:00:00
2026-07-26,148033666,1374,0,5.1097575931,-5.1097575931,-5.1097575931,0E-7,2,1,0.42424112000161279,0.300626750000,-0.8583927835626901,-0.655630731788307,-0.8583927835626901,0.12361437000161279,ELIGIBLE,R03b_20260811_FULL_v1,L1_ELIGIBILITY,v2026-08-11,2026-03-21..2026-08-06,baccarat_bet02_101_all_pairs_incl_sentinel,round_win = game_pnl > 0 (decisive only),COMPATIBILITY_ONLY_NOT_PRODUCTION,232.3520,203.8874,-61.7594,87,60,0.26580116,0.31736264,0.23139183,0.26580116,61.7594,232.3520,OK,0.0000,-2.4704,4.0000,96.0000,AG03-UNRESOLVED,ALL5_LEVELS_bet23_to_bet27,-2.4704,-2.4704,-2.4704,-2.4704,-2.4704,4.000000,4.000000,4.000000,4.000000,4.000000,96.000000,96.000000,96.000000,96.000000,96.000000,5.0,-12.3519,-11.4025,-49.4076,-50.357,PENDING_AG03,FALSE,NOT_FOR_ENFORCEMENT,-59.2891,195.7319,-61.7594,-59.2891,-2.4704,-0.26580116,-0.25516911,-2.4704,-59.2891,-0.25516911,-2.4704,-2.4704,-2.4704,-2.4704,-2.4704,-59.2891,-0.25516911,-12.3519,-11.4025,-49.4076,-50.357,-0.21264093,-0.21672701,-0.01063205,2.6707,3.3981,-1.0293,-20.5865,-2.2057,77.4507,20.0000,2.4473,2.8440,1.3064,2.3191,3.6553,4.6098,5.6079,7.1448,2.0439,0.0,2.418182,3.080908,1.151636,22,21,3,4,0.40024433,-0.26580116,-0.31736264,0E-8,0.000000,0.877493,0.000000,0.08597081,2026-03-31,2026-07-26,3,28,28,118,0.025424,0.860525,0.916349,1.334148,,,,,,,,GLOBAL_BASELINE_NO_ENTITY_RANKING,,,NOT_APPLICABLE_GLOBAL_BASELINE,HF9g-P5,,,,X 全窗基线 · 不参与实体赏罚,3925644,393,A168_HF9F_20260827_0900,2026-08-27 09:00:00
2026-07-26,148033666,1384,0,2.2482933410,-2.2482933410,-2.2482933410,0E-7,1,1,0.50665070000000000,0.506650700000,-1.013391052207602,-1.013391052207602,-1.013391052207602,0E-17,ELIGIBLE,R03b_20260811_FULL_v1,L1_ELIGIBILITY,v2026-08-11,2026-03-21..2026-08-06,baccarat_bet02_101_all_pairs_incl_sentinel,round_win = game_pnl > 0 (decisive only),COMPATIBILITY_ONLY_NOT_PRODUCTION,232.3520,203.8874,-61.7594,87,60,0.26580116,0.31736264,0.23139183,0.26580116,61.7594,232.3520,OK,0.0000,-2.4704,4.0000,96.0000,AG03-UNRESOLVED,ALL5_LEVELS_bet23_to_bet27,-2.4704,-2.4704,-2.4704,-2.4704,-2.4704,4.000000,4.000000,4.000000,4.000000,4.000000,96.000000,96.000000,96.000000,96.000000,96.000000,5.0,-12.3519,-11.4025,-49.4076,-50.357,PENDING_AG03,FALSE,NOT_FOR_ENFORCEMENT,-59.2891,195.7319,-61.7594,-59.2891,-2.4704,-0.26580116,-0.25516911,-2.4704,-59.2891,-0.25516911,-2.4704,-2.4704,-2.4704,-2.4704,-2.4704,-59.2891,-0.25516911,-12.3519,-11.4025,-49.4076,-50.357,-0.21264093,-0.21672701,-0.01063205,2.6707,3.3981,-1.0293,-20.5865,-2.2057,77.4507,20.0000,2.4473,2.8440,1.3064,2.3191,3.6553,4.6098,5.6079,7.1448,2.0439,0.0,2.418182,3.080908,1.151636,22,21,3,4,0.40024433,-0.26580116,-0.31736264,0E-8,0.000000,0.877493,0.000000,0.08597081,2026-03-31,2026-07-26,3,28,28,118,0.025424,0.860525,0.916349,1.334148,,,,,,,,GLOBAL_BASELINE_NO_ENTITY_RANKING,,,NOT_APPLICABLE_GLOBAL_BASELINE,HF9g-P5,,,,X 全窗基线 · 不参与实体赏罚,3925645,393,A168_HF9F_20260827_0900,2026-08-27 09:00:00
2026-07-26,148033666,1750,0,2.0439030372,2.0439030372,2.0439030372,1.0000000,1,1,0.49324550000000000,0.493245500000,1.01360149184955,1.01360149184955,1.01360149184955,0E-17,ELIGIBLE,R03b_20260811_FULL_v1,L1_ELIGIBILITY,v2026-08-11,2026-03-21..2026-08-06,baccarat_bet02_101_all_pairs_incl_sentinel,round_win = game_pnl > 0 (decisive only),COMPATIBILITY_ONLY_NOT_PRODUCTION,232.3520,203.8874,-61.7594,87,60,0.26580116,0.31736264,0.23139183,0.26580116,61.7594,232.3520,OK,0.0000,-2.4704,4.0000,96.0000,AG03-UNRESOLVED,ALL5_LEVELS_bet23_to_bet27,-2.4704,-2.4704,-2.4704,-2.4704,-2.4704,4.000000,4.000000,4.000000,4.000000,4.000000,96.000000,96.000000,96.000000,96.000000,96.000000,5.0,-12.3519,-11.4025,-49.4076,-50.357,PENDING_AG03,FALSE,NOT_FOR_ENFORCEMENT,-59.2891,195.7319,-61.7594,-59.2891,-2.4704,-0.26580116,-0.25516911,-2.4704,-59.2891,-0.25516911,-2.4704,-2.4704,-2.4704,-2.4704,-2.4704,-59.2891,-0.25516911,-12.3519,-11.4025,-49.4076,-50.357,-0.21264093,-0.21672701,-0.01063205,2.6707,3.3981,-1.0293,-20.5865,-2.2057,77.4507,20.0000,2.4473,2.8440,1.3064,2.3191,3.6553,4.6098,5.6079,7.1448,2.0439,0.0,2.418182,3.080908,1.151636,22,21,3,4,0.40024433,-0.26580116,-0.31736264,0E-8,0.000000,0.877493,0.000000,0.08597081,2026-03-31,2026-07-26,3,28,28,118,0.025424,0.860525,0.916349,1.334148,,,,,,,,GLOBAL_BASELINE_NO_ENTITY_RANKING,,,NOT_APPLICABLE_GLOBAL_BASELINE,HF9g-P5,,,,X 全窗基线 · 不参与实体赏罚,3925646,393,A168_HF9F_20260827_0900,2026-08-27 09:00:00
2026-07-26,148033666,1966,0,2.0439030372,1.9417078854,1.9417078854,1.0000000,1,1,0.50665070000000000,0.506650700000,0.9867858985152569,0.9867858985152569,0.9867858985152569,0E-17,ELIGIBLE,R03b_20260811_FULL_v1,L1_ELIGIBILITY,v2026-08-11,2026-03-21..2026-08-06,baccarat_bet02_101_all_pairs_incl_sentinel,round_win = game_pnl > 0 (decisive only),COMPATIBILITY_ONLY_NOT_PRODUCTION,232.3520,203.8874,-61.7594,87,60,0.26580116,0.31736264,0.23139183,0.26580116,61.7594,232.3520,OK,0.0000,-2.4704,4.0000,96.0000,AG03-UNRESOLVED,ALL5_LEVELS_bet23_to_bet27,-2.4704,-2.4704,-2.4704,-2.4704,-2.4704,4.000000,4.000000,4.000000,4.000000,4.000000,96.000000,96.000000,96.000000,96.000000,96.000000,5.0,-12.3519,-11.4025,-49.4076,-50.357,PENDING_AG03,FALSE,NOT_FOR_ENFORCEMENT,-59.2891,195.7319,-61.7594,-59.2891,-2.4704,-0.26580116,-0.25516911,-2.4704,-59.2891,-0.25516911,-2.4704,-2.4704,-2.4704,-2.4704,-2.4704,-59.2891,-0.25516911,-12.3519,-11.4025,-49.4076,-50.357,-0.21264093,-0.21672701,-0.01063205,2.6707,3.3981,-1.0293,-20.5865,-2.2057,77.4507,20.0000,2.4473,2.8440,1.3064,2.3191,3.6553,4.6098,5.6079,7.1448,2.0439,0.0,2.418182,3.080908,1.151636,22,21,3,4,0.40024433,-0.26580116,-0.31736264,0E-8,0.000000,0.877493,0.000000,0.08597081,2026-03-31,2026-07-26,3,28,28,118,0.025424,0.860525,0.916349,1.334148,,,,,,,,GLOBAL_BASELINE_NO_ENTITY_RANKING,,,NOT_APPLICABLE_GLOBAL_BASELINE,HF9g-P5,,,,X 全窗基线 · 不参与实体赏罚,3925647,393,A168_HF9F_20260827_0900,2026-08-27 09:00:00
2026-07-26,148033666,2108,0,8.5843927565,1.1548052161,1.1548052161,0.6666667,4,4,0.49994810000000000,0.499948100000,0.5775300591747329,0.5775300591747329,0.5775300591747329,0E-17,ELIGIBLE,R03b_20260811_FULL_v1,L1_ELIGIBILITY,v2026-08-11,2026-03-21..2026-08-06,baccarat_bet02_101_all_pairs_incl_sentinel,round_win = game_pnl > 0 (decisive only),COMPATIBILITY_ONLY_NOT_PRODUCTION,232.3520,203.8874,-61.7594,87,60,0.26580116,0.31736264,0.23139183,0.26580116,61.7594,232.3520,OK,0.0000,-2.4704,4.0000,96.0000,AG03-UNRESOLVED,ALL5_LEVELS_bet23_to_bet27,-2.4704,-2.4704,-2.4704,-2.4704,-2.4704,4.000000,4.000000,4.000000,4.000000,4.000000,96.000000,96.000000,96.000000,96.000000,96.000000,5.0,-12.3519,-11.4025,-49.4076,-50.357,PENDING_AG03,FALSE,NOT_FOR_ENFORCEMENT,-59.2891,195.7319,-61.7594,-59.2891,-2.4704,-0.26580116,-0.25516911,-2.4704,-59.2891,-0.25516911,-2.4704,-2.4704,-2.4704,-2.4704,-2.4704,-59.2891,-0.25516911,-12.3519,-11.4025,-49.4076,-50.357,-0.21264093,-0.21672701,-0.01063205,2.6707,3.3981,-1.0293,-20.5865,-2.2057,77.4507,20.0000,2.4473,2.8440,1.3064,2.3191,3.6553,4.6098,5.6079,7.1448,2.0439,0.0,2.418182,3.080908,1.151636,22,21,3,4,0.40024433,-0.26580116,-0.31736264,0E-8,0.000000,0.877493,0.000000,0.08597081,2026-03-31,2026-07-26,3,28,28,118,0.025424,0.860525,0.916349,1.334148,,,,,,,,GLOBAL_BASELINE_NO_ENTITY_RANKING,,,NOT_APPLICABLE_GLOBAL_BASELINE,HF9g-P5,,,,X 全窗基线 · 不参与实体赏罚,3925648,393,A168_HF9F_20260827_0900,2026-08-27 09:00:00
2026-07-26,148033666,2205,0,1.0219515186,-1.0219515186,-1.0219515186,0E-7,1,1,0.09460280000000000,0.094602800000,-0.32324545095860213,-0.32324545095860213,-0.32324545095860213,0E-17,ELIGIBLE,R03b_20260811_FULL_v1,L1_ELIGIBILITY,v2026-08-11,2026-03-21..2026-08-06,baccarat_bet02_101_all_pairs_incl_sentinel,round_win = game_pnl > 0 (decisive only),COMPATIBILITY_ONLY_NOT_PRODUCTION,232.3520,203.8874,-61.7594,87,60,0.26580116,0.31736264,0.23139183,0.26580116,61.7594,232.3520,OK,0.0000,-2.4704,4.0000,96.0000,AG03-UNRESOLVED,ALL5_LEVELS_bet23_to_bet27,-2.4704,-2.4704,-2.4704,-2.4704,-2.4704,4.000000,4.000000,4.000000,4.000000,4.000000,96.000000,96.000000,96.000000,96.000000,96.000000,5.0,-12.3519,-11.4025,-49.4076,-50.357,PENDING_AG03,FALSE,NOT_FOR_ENFORCEMENT,-59.2891,195.7319,-61.7594,-59.2891,-2.4704,-0.26580116,-0.25516911,-2.4704,-59.2891,-0.25516911,-2.4704,-2.4704,-2.4704,-2.4704,-2.4704,-59.2891,-0.25516911,-12.3519,-11.4025,-49.4076,-50.357,-0.21264093,-0.21672701,-0.01063205,2.6707,3.3981,-1.0293,-20.5865,-2.2057,77.4507,20.0000,2.4473,2.8440,1.3064,2.3191,3.6553,4.6098,5.6079,7.1448,2.0439,0.0,2.418182,3.080908,1.151636,22,21,3,4,0.40024433,-0.26580116,-0.31736264,0E-8,0.000000,0.877493,0.000000,0.08597081,2026-03-31,2026-07-26,3,28,28,118,0.025424,0.860525,0.916349,1.334148,,,,,,,,GLOBAL_BASELINE_NO_ENTITY_RANKING,,,NOT_APPLICABLE_GLOBAL_BASELINE,HF9g-P5,,,,X 全窗基线 · 不参与实体赏罚,3925649,393,A168_HF9F_20260827_0900,2026-08-27 09:00:00
2026-07-26,148033666,2224,0,5.1097575931,5.1097575931,5.1097575931,1.0000000,2,2,0.49324550000000000,0.493245500000,1.4334489766152358,1.4334489766152358,1.4334489766152358,0E-17,ELIGIBLE,R03b_20260811_FULL_v1,L1_ELIGIBILITY,v2026-08-11,2026-03-21..2026-08-06,baccarat_bet02_101_all_pairs_incl_sentinel,round_win = game_pnl > 0 (decisive only),COMPATIBILITY_ONLY_NOT_PRODUCTION,232.3520,203.8874,-61.7594,87,60,0.26580116,0.31736264,0.23139183,0.26580116,61.7594,232.3520,OK,0.0000,-2.4704,4.0000,96.0000,AG03-UNRESOLVED,ALL5_LEVELS_bet23_to_bet27,-2.4704,-2.4704,-2.4704,-2.4704,-2.4704,4.000000,4.000000,4.000000,4.000000,4.000000,96.000000,96.000000,96.000000,96.000000,96.000000,5.0,-12.3519,-11.4025,-49.4076,-50.357,PENDING_AG03,FALSE,NOT_FOR_ENFORCEMENT,-59.2891,195.7319,-61.7594,-59.2891,-2.4704,-0.26580116,-0.25516911,-2.4704,-59.2891,-0.25516911,-2.4704,-2.4704,-2.4704,-2.4704,-2.4704,-59.2891,-0.25516911,-12.3519,-11.4025,-49.4076,-50.357,-0.21264093,-0.21672701,-0.01063205,2.6707,3.3981,-1.0293,-20.5865,-2.2057,77.4507,20.0000,2.4473,2.8440,1.3064,2.3191,3.6553,4.6098,5.6079,7.1448,2.0439,0.0,2.418182,3.080908,1.151636,22,21,3,4,0.40024433,-0.26580116,-0.31736264,0E-8,0.000000,0.877493,0.000000,0.08597081,2026-03-31,2026-07-26,3,28,28,118,0.025424,0.860525,0.916349,1.334148,,,,,,,,GLOBAL_BASELINE_NO_ENTITY_RANKING,,,NOT_APPLICABLE_GLOBAL_BASELINE,HF9g-P5,,,,X 全窗基线 · 不参与实体赏罚,3925650,393,A168_HF9F_20260827_0900,2026-08-27 09:00:00
2026-07-26,148033666,2241,0,9.1975636676,1.0219515186,1.0219515186,0.5000000,3,2,0.44492517272709363,0.393584825000,0.15672882818914421,0.308045137873246,0.15672882818914421,0.05134034772709363,ELIGIBLE,R03b_20260811_FULL_v1,L1_ELIGIBILITY,v2026-08-11,2026-03-21..2026-08-06,baccarat_bet02_101_all_pairs_incl_sentinel,round_win = game_pnl > 0 (decisive only),COMPATIBILITY_ONLY_NOT_PRODUCTION,232.3520,203.8874,-61.7594,87,60,0.26580116,0.31736264,0.23139183,0.26580116,61.7594,232.3520,OK,0.0000,-2.4704,4.0000,96.0000,AG03-UNRESOLVED,ALL5_LEVELS_bet23_to_bet27,-2.4704,-2.4704,-2.4704,-2.4704,-2.4704,4.000000,4.000000,4.000000,4.000000,4.000000,96.000000,96.000000,96.000000,96.000000,96.000000,5.0,-12.3519,-11.4025,-49.4076,-50.357,PENDING_AG03,FALSE,NOT_FOR_ENFORCEMENT,-59.2891,195.7319,-61.7594,-59.2891,-2.4704,-0.26580116,-0.25516911,-2.4704,-59.2891,-0.25516911,-2.4704,-2.4704,-2.4704,-2.4704,-2.4704,-59.2891,-0.25516911,-12.3519,-11.4025,-49.4076,-50.357,-0.21264093,-0.21672701,-0.01063205,2.6707,3.3981,-1.0293,-20.5865,-2.2057,77.4507,20.0000,2.4473,2.8440,1.3064,2.3191,3.6553,4.6098,5.6079,7.1448,2.0439,0.0,2.418182,3.080908,1.151636,22,21,3,4,0.40024433,-0.26580116,-0.31736264,0E-8,0.000000,0.877493,0.000000,0.08597081,2026-03-31,2026-07-26,3,28,28,118,0.025424,0.860525,0.916349,1.334148,,,,,,,,GLOBAL_BASELINE_NO_ENTITY_RANKING,,,NOT_APPLICABLE_GLOBAL_BASELINE,HF9g-P5,,,,X 全窗基线 · 不参与实体赏罚,3925651,393,A168_HF9F_20260827_0900,2026-08-27 09:00:00
2026-07-26,148033666,2280,0,3.8834157707,1.8395127335,1.8395127335,1.0000000,2,1,0.38833952631632975,0.293924150000,1.2550164261961692,1.549915577879723,1.2550164261961692,0.09441537631632975,ELIGIBLE,R03b_20260811_FULL_v1,L1_ELIGIBILITY,v2026-08-11,2026-03-21..2026-08-06,baccarat_bet02_101_all_pairs_incl_sentinel,round_win = game_pnl > 0 (decisive only),COMPATIBILITY_ONLY_NOT_PRODUCTION,232.3520,203.8874,-61.7594,87,60,0.26580116,0.31736264,0.23139183,0.26580116,61.7594,232.3520,OK,0.0000,-2.4704,4.0000,96.0000,AG03-UNRESOLVED,ALL5_LEVELS_bet23_to_bet27,-2.4704,-2.4704,-2.4704,-2.4704,-2.4704,4.000000,4.000000,4.000000,4.000000,4.000000,96.000000,96.000000,96.000000,96.000000,96.000000,5.0,-12.3519,-11.4025,-49.4076,-50.357,PENDING_AG03,FALSE,NOT_FOR_ENFORCEMENT,-59.2891,195.7319,-61.7594,-59.2891,-2.4704,-0.26580116,-0.25516911,-2.4704,-59.2891,-0.25516911,-2.4704,-2.4704,-2.4704,-2.4704,-2.4704,-59.2891,-0.25516911,-12.3519,-11.4025,-49.4076,-50.357,-0.21264093,-0.21672701,-0.01063205,2.6707,3.3981,-1.0293,-20.5865,-2.2057,77.4507,20.0000,2.4473,2.8440,1.3064,2.3191,3.6553,4.6098,5.6079,7.1448,2.0439,0.0,2.418182,3.080908,1.151636,22,21,3,4,0.40024433,-0.26580116,-0.31736264,0E-8,0.000000,0.877493,0.000000,0.08597081,2026-03-31,2026-07-26,3,28,28,118,0.025424,0.860525,0.916349,1.334148,,,,,,,,GLOBAL_BASELINE_NO_ENTITY_RANKING,,,NOT_APPLICABLE_GLOBAL_BASELINE,HF9g-P5,,,,X 全窗基线 · 不参与实体赏罚,3925652,393,A168_HF9F_20260827_0900,2026-08-27 09:00:00
2026-07-26,148033666,2281,0,14.1029309570,-1.1650247314,-1.1650247314,0.6666667,5,3,0.42950170466554555,0.364833000000,0.8298536987614674,1.0860186579666644,0.8298536987614674,0.06466870466554555,ELIGIBLE,R03b_20260811_FULL_v1,L1_ELIGIBILITY,v2026-08-11,2026-03-21..2026-08-06,baccarat_bet02_101_all_pairs_incl_sentinel,round_win = game_pnl > 0 (decisive only),COMPATIBILITY_ONLY_NOT_PRODUCTION,232.3520,203.8874,-61.7594,87,60,0.26580116,0.31736264,0.23139183,0.26580116,61.7594,232.3520,OK,0.0000,-2.4704,4.0000,96.0000,AG03-UNRESOLVED,ALL5_LEVELS_bet23_to_bet27,-2.4704,-2.4704,-2.4704,-2.4704,-2.4704,4.000000,4.000000,4.000000,4.000000,4.000000,96.000000,96.000000,96.000000,96.000000,96.000000,5.0,-12.3519,-11.4025,-49.4076,-50.357,PENDING_AG03,FALSE,NOT_FOR_ENFORCEMENT,-59.2891,195.7319,-61.7594,-59.2891,-2.4704,-0.26580116,-0.25516911,-2.4704,-59.2891,-0.25516911,-2.4704,-2.4704,-2.4704,-2.4704,-2.4704,-59.2891,-0.25516911,-12.3519,-11.4025,-49.4076,-50.357,-0.21264093,-0.21672701,-0.01063205,2.6707,3.3981,-1.0293,-20.5865,-2.2057,77.4507,20.0000,2.4473,2.8440,1.3064,2.3191,3.6553,4.6098,5.6079,7.1448,2.0439,0.0,2.418182,3.080908,1.151636,22,21,3,4,0.40024433,-0.26580116,-0.31736264,0E-8,0.000000,0.877493,0.000000,0.08597081,2026-03-31,2026-07-26,3,28,28,118,0.025424,0.860525,0.916349,1.334148,,,,,,,,GLOBAL_BASELINE_NO_ENTITY_RANKING,,,NOT_APPLICABLE_GLOBAL_BASELINE,HF9g-P5,,,,X 全窗基线 · 不参与实体赏罚,3925653,393,A168_HF9F_20260827_0900,2026-08-27 09:00:00
2026-07-26,148033666,2287,0,2.6570739484,2.6570739484,2.6570739484,1.0000000,1,1,0.49324550000000000,0.493245500000,1.01360149184955,1.01360149184955,1.01360149184955,0E-17,ELIGIBLE,R03b_20260811_FULL_v1,L1_ELIGIBILITY,v2026-08-11,2026-03-21..2026-08-06,baccarat_bet02_101_all_pairs_incl_sentinel,round_win = game_pnl > 0 (decisive only),COMPATIBILITY_ONLY_NOT_PRODUCTION,232.3520,203.8874,-61.7594,87,60,0.26580116,0.31736264,0.23139183,0.26580116,61.7594,232.3520,OK,0.0000,-2.4704,4.0000,96.0000,AG03-UNRESOLVED,ALL5_LEVELS_bet23_to_bet27,-2.4704,-2.4704,-2.4704,-2.4704,-2.4704,4.000000,4.000000,4.000000,4.000000,4.000000,96.000000,96.000000,96.000000,96.000000,96.000000,5.0,-12.3519,-11.4025,-49.4076,-50.357,PENDING_AG03,FALSE,NOT_FOR_ENFORCEMENT,-59.2891,195.7319,-61.7594,-59.2891,-2.4704,-0.26580116,-0.25516911,-2.4704,-59.2891,-0.25516911,-2.4704,-2.4704,-2.4704,-2.4704,-2.4704,-59.2891,-0.25516911,-12.3519,-11.4025,-49.4076,-50.357,-0.21264093,-0.21672701,-0.01063205,2.6707,3.3981,-1.0293,-20.5865,-2.2057,77.4507,20.0000,2.4473,2.8440,1.3064,2.3191,3.6553,4.6098,5.6079,7.1448,2.0439,0.0,2.418182,3.080908,1.151636,22,21,3,4,0.40024433,-0.26580116,-0.31736264,0E-8,0.000000,0.877493,0.000000,0.08597081,2026-03-31,2026-07-26,3,28,28,118,0.025424,0.860525,0.916349,1.334148,,,,,,,,GLOBAL_BASELINE_NO_ENTITY_RANKING,,,NOT_APPLICABLE_GLOBAL_BASELINE,HF9g-P5,,,,X 全窗基线 · 不参与实体赏罚,3925654,393,A168_HF9F_20260827_0900,2026-08-27 09:00:00
2026-07-26,148033666,948,0,3.6790254670,2.0439030372,2.0439030372,1.0000000,2,2,0.49994810000000000,0.499948100000,1.0001038053877793,1.0001038053877793,1.0001038053877793,0E-17,ELIGIBLE,R03b_20260811_FULL_v1,L1_ELIGIBILITY,v2026-08-11,2026-03-21..2026-08-06,baccarat_bet02_101_all_pairs_incl_sentinel,round_win = game_pnl > 0 (decisive only),COMPATIBILITY_ONLY_NOT_PRODUCTION,232.3520,203.8874,-61.7594,87,60,0.26580116,0.31736264,0.23139183,0.26580116,61.7594,232.3520,OK,0.0000,-2.4704,4.0000,96.0000,AG03-UNRESOLVED,ALL5_LEVELS_bet23_to_bet27,-2.4704,-2.4704,-2.4704,-2.4704,-2.4704,4.000000,4.000000,4.000000,4.000000,4.000000,96.000000,96.000000,96.000000,96.000000,96.000000,5.0,-12.3519,-11.4025,-49.4076,-50.357,PENDING_AG03,FALSE,NOT_FOR_ENFORCEMENT,-59.2891,195.7319,-61.7594,-59.2891,-2.4704,-0.26580116,-0.25516911,-2.4704,-59.2891,-0.25516911,-2.4704,-2.4704,-2.4704,-2.4704,-2.4704,-59.2891,-0.25516911,-12.3519,-11.4025,-49.4076,-50.357,-0.21264093,-0.21672701,-0.01063205,2.6707,3.3981,-1.0293,-20.5865,-2.2057,77.4507,20.0000,2.4473,2.8440,1.3064,2.3191,3.6553,4.6098,5.6079,7.1448,2.0439,0.0,2.418182,3.080908,1.151636,22,21,3,4,0.40024433,-0.26580116,-0.31736264,0E-8,0.000000,0.877493,0.000000,0.08597081,2026-03-31,2026-07-26,3,28,28,118,0.025424,0.860525,0.916349,1.334148,,,,,,,,GLOBAL_BASELINE_NO_ENTITY_RANKING,,,NOT_APPLICABLE_GLOBAL_BASELINE,HF9g-P5,,,,X 全窗基线 · 不参与实体赏罚,3925655,393,A168_HF9F_20260827_0900,2026-08-27 09:00:00
2026-07-14,152992887,1318,0,84.4131954380,80.1925356661,80.1925356661,1.0000000,1,1,0.50665070000000000,0.506650700000,0.9867858985152569,0.9867858985152569,0.9867858985152569,0E-17,ELIGIBLE,R03b_20260811_FULL_v1,L1_ELIGIBILITY,v2026-08-11,2026-03-21..2026-08-06,baccarat_bet02_101_all_pairs_incl_sentinel,round_win = game_pnl > 0 (decisive only),COMPATIBILITY_ONLY_NOT_PRODUCTION,276.5401,192.1269,-61.7565,6,6,0.22331855,0.22331855,,0.22331855,61.7565,276.5401,THIN_EXPOSURE,0.0000,-2.4703,4.0000,96.0000,AG03-UNRESOLVED,ALL5_LEVELS_bet23_to_bet27,-2.4703,-2.4703,-3.0878,0.0000,0.0000,4.000000,4.000000,5.000000,0.000000,0.000000,96.000000,96.000000,95.000000,100.000000,100.000000,5.0,-8.0283,-7.6875,-53.7282,-54.0691,PENDING_AG03,FALSE,NOT_FOR_ENFORCEMENT,-59.2863,184.4418,-61.7565,-59.2863,-2.4703,-0.22331855,-0.21438581,-2.4703,-59.2863,-0.21438581,-2.4703,-2.4703,-3.0878,0.0000,0.0000,-59.2863,-0.21438581,-8.0283,-7.6875,-53.7282,-54.0691,-0.19428714,-0.19551986,-0.00893274,46.0900,32.0211,-10.2928,-30.8783,-30.8783,138.2700,3.0000,46.0900,,21.2566,33.009,84.4132,84.4132,84.4132,84.4132,22.8917,10.0969,2.557276,2.557276,1.396285,1,3,2,2,1.00000000,-0.22331855,-0.22331855,0E-8,0.000000,0.694752,0.000000,,2026-07-14,2026-07-19,2,2,2,6,0.333333,,1.000000,3.333333,,,,,,,,GLOBAL_BASELINE_NO_ENTITY_RANKING,,,NOT_APPLICABLE_GLOBAL_BASELINE,HF9g-P5,,,,X 全窗基线 · 不参与实体赏罚,3925656,393,A168_HF9F_20260827_0900,2026-08-27 09:00:00
2026-07-14,152992887,1374,0,129.3790622573,2.8614642521,2.8614642521,0.5000000,3,3,0.50665070000000000,0.506650700000,-0.018812684590367487,-0.018812684590367487,-0.018812684590367487,0E-17,ELIGIBLE,R03b_20260811_FULL_v1,L1_ELIGIBILITY,v2026-08-11,2026-03-21..2026-08-06,baccarat_bet02_101_all_pairs_incl_sentinel,round_win = game_pnl > 0 (decisive only),COMPATIBILITY_ONLY_NOT_PRODUCTION,276.5401,192.1269,-61.7565,6,6,0.22331855,0.22331855,,0.22331855,61.7565,276.5401,THIN_EXPOSURE,0.0000,-2.4703,4.0000,96.0000,AG03-UNRESOLVED,ALL5_LEVELS_bet23_to_bet27,-2.4703,-2.4703,-3.0878,0.0000,0.0000,4.000000,4.000000,5.000000,0.000000,0.000000,96.000000,96.000000,95.000000,100.000000,100.000000,5.0,-8.0283,-7.6875,-53.7282,-54.0691,PENDING_AG03,FALSE,NOT_FOR_ENFORCEMENT,-59.2863,184.4418,-61.7565,-59.2863,-2.4703,-0.22331855,-0.21438581,-2.4703,-59.2863,-0.21438581,-2.4703,-2.4703,-3.0878,0.0000,0.0000,-59.2863,-0.21438581,-8.0283,-7.6875,-53.7282,-54.0691,-0.19428714,-0.19551986,-0.00893274,46.0900,32.0211,-10.2928,-30.8783,-30.8783,138.2700,3.0000,46.0900,,21.2566,33.009,84.4132,84.4132,84.4132,84.4132,22.8917,10.0969,2.557276,2.557276,1.396285,1,3,2,2,1.00000000,-0.22331855,-0.22331855,0E-8,0.000000,0.694752,0.000000,,2026-07-14,2026-07-19,2,2,2,6,0.333333,,1.000000,3.333333,,,,,,,,GLOBAL_BASELINE_NO_ENTITY_RANKING,,,NOT_APPLICABLE_GLOBAL_BASELINE,HF9g-P5,,,,X 全窗基线 · 不参与实体赏罚,3925657,393,A168_HF9F_20260827_0900,2026-08-27 09:00:00
2026-07-19,152992887,2251,0,62.7478232433,-21.2974696481,-21.2974696481,0.5000000,2,2,0.49994810000000000,0.499948100000,0.00014679536856514622,0.00014679536856514622,0.00014679536856514622,0E-17,ELIGIBLE,R03b_20260811_FULL_v1,L1_ELIGIBILITY,v2026-08-11,2026-03-21..2026-08-06,baccarat_bet02_101_all_pairs_incl_sentinel,round_win = game_pnl > 0 (decisive only),COMPATIBILITY_ONLY_NOT_PRODUCTION,276.5401,192.1269,-61.7565,6,6,0.22331855,0.22331855,,0.22331855,61.7565,276.5401,THIN_EXPOSURE,0.0000,-2.4703,4.0000,96.0000,AG03-UNRESOLVED,ALL5_LEVELS_bet23_to_bet27,-2.4703,-2.4703,-3.0878,0.0000,0.0000,4.000000,4.000000,5.000000,0.000000,0.000000,96.000000,96.000000,95.000000,100.000000,100.000000,5.0,-8.0283,-7.6875,-53.7282,-54.0691,PENDING_AG03,FALSE,NOT_FOR_ENFORCEMENT,-59.2863,184.4418,-61.7565,-59.2863,-2.4703,-0.22331855,-0.21438581,-2.4703,-59.2863,-0.21438581,-2.4703,-2.4703,-3.0878,0.0000,0.0000,-59.2863,-0.21438581,-8.0283,-7.6875,-53.7282,-54.0691,-0.19428714,-0.19551986,-0.00893274,46.0900,32.0211,-10.2928,-30.8783,-30.8783,138.2700,3.0000,46.0900,,21.2566,33.009,84.4132,84.4132,84.4132,84.4132,22.8917,10.0969,2.557276,2.557276,1.396285,1,3,2,2,1.00000000,-0.22331855,-0.22331855,0E-8,0.000000,0.694752,0.000000,,2026-07-14,2026-07-19,2,2,2,6,0.333333,,1.000000,3.333333,,,,,,,,GLOBAL_BASELINE_NO_ENTITY_RANKING,,,NOT_APPLICABLE_GLOBAL_BASELINE,HF9g-P5,,,,X 全窗基线 · 不参与实体赏罚,3925658,393,A168_HF9F_20260827_0900,2026-08-27 09:00:00
2026-07-03,152504365,2123,0,152.3285613288,61.7543743372,61.7543743372,0.7368421,19,19,0.50312301578947368,0.503123015789,2.03755553025767,2.0375555302617876,2.03755553025767,4.7368E-13,ELIGIBLE,R03b_20260811_FULL_v1,L1_ELIGIBILITY,v2026-08-11,2026-03-21..2026-08-06,baccarat_bet02_101_all_pairs_incl_sentinel,round_win = game_pnl > 0 (decisive only),COMPATIBILITY_ONLY_NOT_PRODUCTION,152.3286,152.3286,-61.7544,19,19,0.40540247,,0.40540247,0.40540247,61.7544,152.3286,THIN_EXPOSURE,0.0000,-2.4702,4.0000,96.0000,AG03-UNRESOLVED,ALL5_LEVELS_bet23_to_bet27,-2.4702,-2.4702,-3.0877,-3.0877,-3.0877,4.000000,4.000000,5.000000,5.000000,5.000000,96.000000,96.000000,95.000000,95.000000,95.000000,5.0,-14.2035,-12.9587,-47.5509,-48.7956,PENDING_AG03,FALSE,NOT_FOR_ENFORCEMENT,-59.2842,146.2354,-61.7544,-59.2842,-2.4702,-0.40540247,-0.38918637,-2.4702,-59.2842,-0.38918637,-2.4702,-2.4702,-3.0877,-3.0877,-3.0877,-59.2842,-0.38918637,-14.2035,-12.9587,-47.5509,-48.7956,-0.31215990,-0.32033151,-0.01621610,8.0173,8.0173,-3.2502,-61.7544,-61.7544,152.3286,19.0000,,8.0173,5.5232,5.5232,11.0463,11.0463,17.061,21.9821,5.5232,5.247,3.088999,3.98,1.451579,1,1,1,2,0E-8,-0.40540247,,0E-8,0.000000,1.000000,0.000000,,2026-07-03,2026-07-03,1,1,1,1,1.000000,,,0.000000,,,,,,,,GLOBAL_BASELINE_NO_ENTITY_RANKING,,,NOT_APPLICABLE_GLOBAL_BASELINE,HF9g-P5,,,,X 全窗基线 · 不参与实体赏罚,3925659,393,A168_HF9F_20260827_0900,2026-08-27 09:00:00
2026-03-25,147791841,1151,0,9.4794217552,4.5027253338,4.5027253338,1.0000000,2,2,0.50665070000000000,0.506650700000,0.9867858985152569,0.9867858985152569,0.9867858985152569,0E-17,ELIGIBLE,R03b_20260811_FULL_v1,L1_ELIGIBILITY,v2026-08-11,2026-03-21..2026-08-06,baccarat_bet02_101_all_pairs_incl_sentinel,round_win = game_pnl > 0 (decisive only),COMPATIBILITY_ONLY_NOT_PRODUCTION,95.0575,80.8384,-61.1159,7,7,0.64293629,,0.64293629,0.64293629,61.1159,95.0575,THIN_EXPOSURE,0.0000,-1.8335,3.0000,97.0000,AG03-UNRESOLVED,ALL5_LEVELS_bet23_to_bet27,-1.8335,-1.8335,-1.8335,-2.4446,-2.4446,3.000000,3.000000,3.000000,4.000000,4.000000,97.000000,97.000000,97.000000,96.000000,96.000000,5.0,-10.3897,-9.7101,-50.7262,-51.4058,PENDING_AG03,FALSE,NOT_FOR_ENFORCEMENT,-59.2825,78.4133,-61.1159,-59.2825,-1.8335,-0.64293629,-0.62364820,-1.8335,-59.2825,-0.62364820,-1.8335,-1.8335,-1.8335,-2.4446,-2.4446,-59.2825,-0.62364820,-10.3897,-9.7101,-50.7262,-51.4058,-0.53363712,-0.54078621,-0.01928809,13.5796,11.5483,-8.7308,-30.5580,-15.2790,47.5288,3.5000,,13.5796,5.9246,9.4794,16.6548,34.1259,37.9177,37.9177,9.4794,4.5027,4.0,4.0,1.43254,3,4,2,3,0E-8,-0.64293629,,0E-8,0.000000,0.850416,0.000000,,2026-03-25,2026-03-27,2,4,4,3,0.666667,,,0.000000,,,,,,,,GLOBAL_BASELINE_NO_ENTITY_RANKING,,,NOT_APPLICABLE_GLOBAL_BASELINE,HF9g-P5,,,,X 全窗基线 · 不参与实体赏罚,3925660,393,A168_HF9F_20260827_0900,2026-08-27 09:00:00
2026-03-25,147791841,2155,0,18.9588435106,9.4794217553,9.4794217553,1.0000000,2,2,0.49324550000000000,0.493245500000,1.01360149184955,1.01360149184955,1.01360149184955,0E-17,ELIGIBLE,R03b_20260811_FULL_v1,L1_ELIGIBILITY,v2026-08-11,2026-03-21..2026-08-06,baccarat_bet02_101_all_pairs_incl_sentinel,round_win = game_pnl > 0 (decisive only),COMPATIBILITY_ONLY_NOT_PRODUCTION,95.0575,80.8384,-61.1159,7,7,0.64293629,,0.64293629,0.64293629,61.1159,95.0575,THIN_EXPOSURE,0.0000,-1.8335,3.0000,97.0000,AG03-UNRESOLVED,ALL5_LEVELS_bet23_to_bet27,-1.8335,-1.8335,-1.8335,-2.4446,-2.4446,3.000000,3.000000,3.000000,4.000000,4.000000,97.000000,97.000000,97.000000,96.000000,96.000000,5.0,-10.3897,-9.7101,-50.7262,-51.4058,PENDING_AG03,FALSE,NOT_FOR_ENFORCEMENT,-59.2825,78.4133,-61.1159,-59.2825,-1.8335,-0.64293629,-0.62364820,-1.8335,-59.2825,-0.62364820,-1.8335,-1.8335,-1.8335,-2.4446,-2.4446,-59.2825,-0.62364820,-10.3897,-9.7101,-50.7262,-51.4058,-0.53363712,-0.54078621,-0.01928809,13.5796,11.5483,-8.7308,-30.5580,-15.2790,47.5288,3.5000,,13.5796,5.9246,9.4794,16.6548,34.1259,37.9177,37.9177,9.4794,4.5027,4.0,4.0,1.43254,3,4,2,3,0E-8,-0.64293629,,0E-8,0.000000,0.850416,0.000000,,2026-03-25,2026-03-27,2,4,4,3,0.666667,,,0.000000,,,,,,,,GLOBAL_BASELINE_NO_ENTITY_RANKING,,,NOT_APPLICABLE_GLOBAL_BASELINE,HF9g-P5,,,,X 全窗基线 · 不参与实体赏罚,3925661,393,A168_HF9F_20260827_0900,2026-08-27 09:00:00
2026-03-25,147791841,2202,0,56.8765305316,56.8765305316,56.8765305316,1.0000000,2,2,0.49324550000000000,0.493245500000,1.4334489766152358,1.4334489766152358,1.4334489766152358,0E-17,ELIGIBLE,R03b_20260811_FULL_v1,L1_ELIGIBILITY,v2026-08-11,2026-03-21..2026-08-06,baccarat_bet02_101_all_pairs_incl_sentinel,round_win = game_pnl > 0 (decisive only),COMPATIBILITY_ONLY_NOT_PRODUCTION,95.0575,80.8384,-61.1159,7,7,0.64293629,,0.64293629,0.64293629,61.1159,95.0575,THIN_EXPOSURE,0.0000,-1.8335,3.0000,97.0000,AG03-UNRESOLVED,ALL5_LEVELS_bet23_to_bet27,-1.8335,-1.8335,-1.8335,-2.4446,-2.4446,3.000000,3.000000,3.000000,4.000000,4.000000,97.000000,97.000000,97.000000,96.000000,96.000000,5.0,-10.3897,-9.7101,-50.7262,-51.4058,PENDING_AG03,FALSE,NOT_FOR_ENFORCEMENT,-59.2825,78.4133,-61.1159,-59.2825,-1.8335,-0.64293629,-0.62364820,-1.8335,-59.2825,-0.62364820,-1.8335,-1.8335,-1.8335,-2.4446,-2.4446,-59.2825,-0.62364820,-10.3897,-9.7101,-50.7262,-51.4058,-0.53363712,-0.54078621,-0.01928809,13.5796,11.5483,-8.7308,-30.5580,-15.2790,47.5288,3.5000,,13.5796,5.9246,9.4794,16.6548,34.1259,37.9177,37.9177,9.4794,4.5027,4.0,4.0,1.43254,3,4,2,3,0E-8,-0.64293629,,0E-8,0.000000,0.850416,0.000000,,2026-03-25,2026-03-27,2,4,4,3,0.666667,,,0.000000,,,,,,,,GLOBAL_BASELINE_NO_ENTITY_RANKING,,,NOT_APPLICABLE_GLOBAL_BASELINE,HF9g-P5,,,,X 全窗基线 · 不参与实体赏罚,3925662,393,A168_HF9F_20260827_0900,2026-08-27 09:00:00
2026-03-27,147791841,1402,0,9.7427390263,-9.7427390263,-9.7427390263,0E-7,1,1,0.09460280000000000,0.094602800000,-0.32324545095860213,-0.32324545095860213,-0.32324545095860213,0E-17,ELIGIBLE,R03b_20260811_FULL_v1,L1_ELIGIBILITY,v2026-08-11,2026-03-21..2026-08-06,baccarat_bet02_101_all_pairs_incl_sentinel,round_win = game_pnl > 0 (decisive only),COMPATIBILITY_ONLY_NOT_PRODUCTION,95.0575,80.8384,-61.1159,7,7,0.64293629,,0.64293629,0.64293629,61.1159,95.0575,THIN_EXPOSURE,0.0000,-1.8335,3.0000,97.0000,AG03-UNRESOLVED,ALL5_LEVELS_bet23_to_bet27,-1.8335,-1.8335,-1.8335,-2.4446,-2.4446,3.000000,3.000000,3.000000,4.000000,4.000000,97.000000,97.000000,97.000000,96.000000,96.000000,5.0,-10.3897,-9.7101,-50.7262,-51.4058,PENDING_AG03,FALSE,NOT_FOR_ENFORCEMENT,-59.2825,78.4133,-61.1159,-59.2825,-1.8335,-0.64293629,-0.62364820,-1.8335,-59.2825,-0.62364820,-1.8335,-1.8335,-1.8335,-2.4446,-2.4446,-59.2825,-0.62364820,-10.3897,-9.7101,-50.7262,-51.4058,-0.53363712,-0.54078621,-0.01928809,13.5796,11.5483,-8.7308,-30.5580,-15.2790,47.5288,3.5000,,13.5796,5.9246,9.4794,16.6548,34.1259,37.9177,37.9177,9.4794,4.5027,4.0,4.0,1.43254,3,4,2,3,0E-8,-0.64293629,,0E-8,0.000000,0.850416,0.000000,,2026-03-25,2026-03-27,2,4,4,3,0.666667,,,0.000000,,,,,,,,GLOBAL_BASELINE_NO_ENTITY_RANKING,,,NOT_APPLICABLE_GLOBAL_BASELINE,HF9g-P5,,,,X 全窗基线 · 不参与实体赏罚,3925663,393,A168_HF9F_20260827_0900,2026-08-27 09:00:00
2026-04-29,149301030,2153,0,996.2568384684,-36.3845771277,-36.3845771277,0.6086957,42,23,0.43206221921670968,0.313587780435,1.7100676907548382,3.050511336980668,1.7100676907548382,0.11847443878170968,ELIGIBLE,R03b_20260811_FULL_v1,L1_ELIGIBILITY,v2026-08-11,2026-03-21..2026-08-06,baccarat_bet02_101_all_pairs_incl_sentinel,round_win = game_pnl > 0 (decisive only),COMPATIBILITY_ONLY_NOT_PRODUCTION,6441.4634,5753.7176,-61.7513,228,130,0.00958653,,0.00958653,0.00958653,61.7513,6441.4634,OK,0.0000,-2.4701,4.0000,96.0000,AG03-UNRESOLVED,ALL5_LEVELS_bet23_to_bet27,-2.4701,-2.4701,-2.4701,-3.0876,-3.0876,4.000000,4.000000,4.000000,5.000000,5.000000,96.000000,96.000000,96.000000,95.000000,95.000000,5.0,-13.5853,-12.4445,-48.1660,-49.3068,PENDING_AG03,FALSE,NOT_FOR_ENFORCEMENT,-59.2812,5523.5689,-61.7513,-59.2812,-2.4701,-0.00958653,-0.00920306,-2.4701,-59.2812,-0.00920306,-2.4701,-2.4701,-2.4701,-3.0876,-3.0876,-59.2812,-0.00920306,-13.5853,-12.4445,-48.1660,-49.3068,-0.00747749,-0.00765459,-0.00038346,28.2520,44.2594,-0.4750,-20.5838,-2.8069,2147.1545,43.3333,,28.2520,5.2352,20.9408,41.6973,64.8643,83.8046,118.4682,12.9729,-5.1891,4.001984,5.657299,1.349141,15,23,3,3,0E-8,-0.00958653,,0E-8,0.000000,0.893231,0.000000,,2026-04-29,2026-05-26,3,22,20,28,0.107143,,,0.000000,,,,,,,,GLOBAL_BASELINE_NO_ENTITY_RANKING,,,NOT_APPLICABLE_GLOBAL_BASELINE,HF9g-P5,,,,X 全窗基线 · 不参与实体赏罚,3925664,393,A168_HF9F_20260827_0900,2026-08-27 09:00:00
2026-04-29,149301030,2261,0,233.4895165303,-26.9874093657,-26.9874093657,0.6000000,11,6,0.46023939246204870,0.330495675000,0.6270140826990286,1.281123971822096,0.6270140826990286,0.12974371746204870,ELIGIBLE,R03b_20260811_FULL_v1,L1_ELIGIBILITY,v2026-08-11,2026-03-21..2026-08-06,baccarat_bet02_101_all_pairs_incl_sentinel,round_win = game_pnl > 0 (decisive only),COMPATIBILITY_ONLY_NOT_PRODUCTION,6441.4634,5753.7176,-61.7513,228,130,0.00958653,,0.00958653,0.00958653,61.7513,6441.4634,OK,0.0000,-2.4701,4.0000,96.0000,AG03-UNRESOLVED,ALL5_LEVELS_bet23_to_bet27,-2.4701,-2.4701,-2.4701,-3.0876,-3.0876,4.000000,4.000000,4.000000,5.000000,5.000000,96.000000,96.000000,96.000000,95.000000,95.000000,5.0,-13.5853,-12.4445,-48.1660,-49.3068,PENDING_AG03,FALSE,NOT_FOR_ENFORCEMENT,-59.2812,5523.5689,-61.7513,-59.2812,-2.4701,-0.00958653,-0.00920306,-2.4701,-59.2812,-0.00920306,-2.4701,-2.4701,-2.4701,-3.0876,-3.0876,-59.2812,-0.00920306,-13.5853,-12.4445,-48.1660,-49.3068,-0.00747749,-0.00765459,-0.00038346,28.2520,44.2594,-0.4750,-20.5838,-2.8069,2147.1545,43.3333,,28.2520,5.2352,20.9408,41.6973,64.8643,83.8046,118.4682,12.9729,-5.1891,4.001984,5.657299,1.349141,15,23,3,3,0E-8,-0.00958653,,0E-8,0.000000,0.893231,0.000000,,2026-04-29,2026-05-26,3,22,20,28,0.107143,,,0.000000,,,,,,,,GLOBAL_BASELINE_NO_ENTITY_RANKING,,,NOT_APPLICABLE_GLOBAL_BASELINE,HF9g-P5,,,,X 全窗基线 · 不参与实体赏罚,3925665,393,A168_HF9F_20260827_0900,2026-08-27 09:00:00
2026-05-19,149301030,-1,1,1108.9201390693,176.8200923666,176.8200923666,0.5909091,40,22,0.45087626749762138,0.332297040909,1.3200105150325199,2.5751658825813495,1.3200105150325199,0.11857922658862138,SENTINEL_DEALER,R03b_20260811_FULL_v1,L1_ELIGIBILITY,v2026-08-11,2026-03-21..2026-08-06,baccarat_bet02_101_all_pairs_incl_sentinel,round_win = game_pnl > 0 (decisive only),COMPATIBILITY_ONLY_NOT_PRODUCTION,6441.4634,5753.7176,-61.7513,228,130,0.00958653,,0.00958653,0.00958653,61.7513,6441.4634,OK,0.0000,-2.4701,4.0000,96.0000,AG03-UNRESOLVED,ALL5_LEVELS_bet23_to_bet27,-2.4701,-2.4701,-2.4701,-3.0876,-3.0876,4.000000,4.000000,4.000000,5.000000,5.000000,96.000000,96.000000,96.000000,95.000000,95.000000,5.0,-13.5853,-12.4445,-48.1660,-49.3068,PENDING_AG03,FALSE,NOT_FOR_ENFORCEMENT,-59.2812,5523.5689,-61.7513,-59.2812,-2.4701,-0.00958653,-0.00920306,-2.4701,-59.2812,-0.00920306,-2.4701,-2.4701,-2.4701,-3.0876,-3.0876,-59.2812,-0.00920306,-13.5853,-12.4445,-48.1660,-49.3068,-0.00747749,-0.00765459,-0.00038346,28.2520,44.2594,-0.4750,-20.5838,-2.8069,2147.1545,43.3333,,28.2520,5.2352,20.9408,41.6973,64.8643,83.8046,118.4682,12.9729,-5.1891,4.001984,5.657299,1.349141,15,23,3,3,0E-8,-0.00958653,,0E-8,0.000000,0.893231,0.000000,,2026-04-29,2026-05-26,3,22,20,28,0.107143,,,0.000000,,,,,,,,GLOBAL_BASELINE_NO_ENTITY_RANKING,,,NOT_APPLICABLE_GLOBAL_BASELINE,HF9g-P5,,,,X 全窗基线 · 不参与实体赏罚,3925666,393,A168_HF9F_20260827_0900,2026-08-27 09:00:00
2026-05-19,149301030,1115,0,6.4864303876,51.8914431010,51.8914431010,1.0000000,1,1,0.09460280000000000,0.094602800000,3.0936243558399505,3.0936243558399505,3.0936243558399505,0E-17,ELIGIBLE,R03b_20260811_FULL_v1,L1_ELIGIBILITY,v2026-08-11,2026-03-21..2026-08-06,baccarat_bet02_101_all_pairs_incl_sentinel,round_win = game_pnl > 0 (decisive only),COMPATIBILITY_ONLY_NOT_PRODUCTION,6441.4634,5753.7176,-61.7513,228,130,0.00958653,,0.00958653,0.00958653,61.7513,6441.4634,OK,0.0000,-2.4701,4.0000,96.0000,AG03-UNRESOLVED,ALL5_LEVELS_bet23_to_bet27,-2.4701,-2.4701,-2.4701,-3.0876,-3.0876,4.000000,4.000000,4.000000,5.000000,5.000000,96.000000,96.000000,96.000000,95.000000,95.000000,5.0,-13.5853,-12.4445,-48.1660,-49.3068,PENDING_AG03,FALSE,NOT_FOR_ENFORCEMENT,-59.2812,5523.5689,-61.7513,-59.2812,-2.4701,-0.00958653,-0.00920306,-2.4701,-59.2812,-0.00920306,-2.4701,-2.4701,-2.4701,-3.0876,-3.0876,-59.2812,-0.00920306,-13.5853,-12.4445,-48.1660,-49.3068,-0.00747749,-0.00765459,-0.00038346,28.2520,44.2594,-0.4750,-20.5838,-2.8069,2147.1545,43.3333,,28.2520,5.2352,20.9408,41.6973,64.8643,83.8046,118.4682,12.9729,-5.1891,4.001984,5.657299,1.349141,15,23,3,3,0E-8,-0.00958653,,0E-8,0.000000,0.893231,0.000000,,2026-04-29,2026-05-26,3,22,20,28,0.107143,,,0.000000,,,,,,,,GLOBAL_BASELINE_NO_ENTITY_RANKING,,,NOT_APPLICABLE_GLOBAL_BASELINE,HF9g-P5,,,,X 全窗基线 · 不参与实体赏罚,3925667,393,A168_HF9F_20260827_0900,2026-08-27 09:00:00
2026-05-19,149301030,1399,0,417.7261169633,-51.7617144933,-51.7617144933,0.5555556,13,10,0.49273187568419375,0.443502995000,0.3769819099469547,0.6766488464320153,0.3769819099469547,0.04922888068419375,ELIGIBLE,R03b_20260811_FULL_v1,L1_ELIGIBILITY,v2026-08-11,2026-03-21..2026-08-06,baccarat_bet02_101_all_pairs_incl_sentinel,round_win = game_pnl > 0 (decisive only),COMPATIBILITY_ONLY_NOT_PRODUCTION,6441.4634,5753.7176,-61.7513,228,130,0.00958653,,0.00958653,0.00958653,61.7513,6441.4634,OK,0.0000,-2.4701,4.0000,96.0000,AG03-UNRESOLVED,ALL5_LEVELS_bet23_to_bet27,-2.4701,-2.4701,-2.4701,-3.0876,-3.0876,4.000000,4.000000,4.000000,5.000000,5.000000,96.000000,96.000000,96.000000,95.000000,95.000000,5.0,-13.5853,-12.4445,-48.1660,-49.3068,PENDING_AG03,FALSE,NOT_FOR_ENFORCEMENT,-59.2812,5523.5689,-61.7513,-59.2812,-2.4701,-0.00958653,-0.00920306,-2.4701,-59.2812,-0.00920306,-2.4701,-2.4701,-2.4701,-3.0876,-3.0876,-59.2812,-0.00920306,-13.5853,-12.4445,-48.1660,-49.3068,-0.00747749,-0.00765459,-0.00038346,28.2520,44.2594,-0.4750,-20.5838,-2.8069,2147.1545,43.3333,,28.2520,5.2352,20.9408,41.6973,64.8643,83.8046,118.4682,12.9729,-5.1891,4.001984,5.657299,1.349141,15,23,3,3,0E-8,-0.00958653,,0E-8,0.000000,0.893231,0.000000,,2026-04-29,2026-05-26,3,22,20,28,0.107143,,,0.000000,,,,,,,,GLOBAL_BASELINE_NO_ENTITY_RANKING,,,NOT_APPLICABLE_GLOBAL_BASELINE,HF9g-P5,,,,X 全窗基线 · 不参与实体赏罚,3925668,393,A168_HF9F_20260827_0900,2026-08-27 09:00:00
2026-05-19,149301030,1509,0,53.1887291785,-53.1887291785,-53.1887291785,0E-7,2,1,0.44463053658553038,0.293924150000,-0.8947642933022162,-0.6451964315166089,-0.8947642933022162,0.15070638658553038,ELIGIBLE,R03b_20260811_FULL_v1,L1_ELIGIBILITY,v2026-08-11,2026-03-21..2026-08-06,baccarat_bet02_101_all_pairs_incl_sentinel,round_win = game_pnl > 0 (decisive only),COMPATIBILITY_ONLY_NOT_PRODUCTION,6441.4634,5753.7176,-61.7513,228,130,0.00958653,,0.00958653,0.00958653,61.7513,6441.4634,OK,0.0000,-2.4701,4.0000,96.0000,AG03-UNRESOLVED,ALL5_LEVELS_bet23_to_bet27,-2.4701,-2.4701,-2.4701,-3.0876,-3.0876,4.000000,4.000000,4.000000,5.000000,5.000000,96.000000,96.000000,96.000000,95.000000,95.000000,5.0,-13.5853,-12.4445,-48.1660,-49.3068,PENDING_AG03,FALSE,NOT_FOR_ENFORCEMENT,-59.2812,5523.5689,-61.7513,-59.2812,-2.4701,-0.00958653,-0.00920306,-2.4701,-59.2812,-0.00920306,-2.4701,-2.4701,-2.4701,-3.0876,-3.0876,-59.2812,-0.00920306,-13.5853,-12.4445,-48.1660,-49.3068,-0.00747749,-0.00765459,-0.00038346,28.2520,44.2594,-0.4750,-20.5838,-2.8069,2147.1545,43.3333,,28.2520,5.2352,20.9408,41.6973,64.8643,83.8046,118.4682,12.9729,-5.1891,4.001984,5.657299,1.349141,15,23,3,3,0E-8,-0.00958653,,0E-8,0.000000,0.893231,0.000000,,2026-04-29,2026-05-26,3,22,20,28,0.107143,,,0.000000,,,,,,,,GLOBAL_BASELINE_NO_ENTITY_RANKING,,,NOT_APPLICABLE_GLOBAL_BASELINE,HF9g-P5,,,,X 全窗基线 · 不参与实体赏罚,3925669,393,A168_HF9F_20260827_0900,2026-08-27 09:00:00
2026-05-19,149301030,1966,0,51.8914431010,0E-10,0E-10,,1,1,0.49324550000000000,0.493245500000,,,,0E-17,NO_DECISIVE_ROUND,R03b_20260811_FULL_v1,L1_ELIGIBILITY,v2026-08-11,2026-03-21..2026-08-06,baccarat_bet02_101_all_pairs_incl_sentinel,round_win = game_pnl > 0 (decisive only),COMPATIBILITY_ONLY_NOT_PRODUCTION,6441.4634,5753.7176,-61.7513,228,130,0.00958653,,0.00958653,0.00958653,61.7513,6441.4634,OK,0.0000,-2.4701,4.0000,96.0000,AG03-UNRESOLVED,ALL5_LEVELS_bet23_to_bet27,-2.4701,-2.4701,-2.4701,-3.0876,-3.0876,4.000000,4.000000,4.000000,5.000000,5.000000,96.000000,96.000000,96.000000,95.000000,95.000000,5.0,-13.5853,-12.4445,-48.1660,-49.3068,PENDING_AG03,FALSE,NOT_FOR_ENFORCEMENT,-59.2812,5523.5689,-61.7513,-59.2812,-2.4701,-0.00958653,-0.00920306,-2.4701,-59.2812,-0.00920306,-2.4701,-2.4701,-2.4701,-3.0876,-3.0876,-59.2812,-0.00920306,-13.5853,-12.4445,-48.1660,-49.3068,-0.00747749,-0.00765459,-0.00038346,28.2520,44.2594,-0.4750,-20.5838,-2.8069,2147.1545,43.3333,,28.2520,5.2352,20.9408,41.6973,64.8643,83.8046,118.4682,12.9729,-5.1891,4.001984,5.657299,1.349141,15,23,3,3,0E-8,-0.00958653,,0E-8,0.000000,0.893231,0.000000,,2026-04-29,2026-05-26,3,22,20,28,0.107143,,,0.000000,,,,,,,,GLOBAL_BASELINE_NO_ENTITY_RANKING,,,NOT_APPLICABLE_GLOBAL_BASELINE,HF9g-P5,,,,X 全窗基线 · 不参与实体赏罚,3925670,393,A168_HF9F_20260827_0900,2026-08-27 09:00:00
2026-05-19,149301030,2130,0,168.6471900783,79.2641793369,79.2641793369,0.6666667,4,3,0.47231337500000000,0.437976050000,0.674294104432228,0.7983739908840699,0.674294104432228,0.03433732500000000,ELIGIBLE,R03b_20260811_FULL_v1,L1_ELIGIBILITY,v2026-08-11,2026-03-21..2026-08-06,baccarat_bet02_101_all_pairs_incl_sentinel,round_win = game_pnl > 0 (decisive only),COMPATIBILITY_ONLY_NOT_PRODUCTION,6441.4634,5753.7176,-61.7513,228,130,0.00958653,,0.00958653,0.00958653,61.7513,6441.4634,OK,0.0000,-2.4701,4.0000,96.0000,AG03-UNRESOLVED,ALL5_LEVELS_bet23_to_bet27,-2.4701,-2.4701,-2.4701,-3.0876,-3.0876,4.000000,4.000000,4.000000,5.000000,5.000000,96.000000,96.000000,96.000000,95.000000,95.000000,5.0,-13.5853,-12.4445,-48.1660,-49.3068,PENDING_AG03,FALSE,NOT_FOR_ENFORCEMENT,-59.2812,5523.5689,-61.7513,-59.2812,-2.4701,-0.00958653,-0.00920306,-2.4701,-59.2812,-0.00920306,-2.4701,-2.4701,-2.4701,-3.0876,-3.0876,-59.2812,-0.00920306,-13.5853,-12.4445,-48.1660,-49.3068,-0.00747749,-0.00765459,-0.00038346,28.2520,44.2594,-0.4750,-20.5838,-2.8069,2147.1545,43.3333,,28.2520,5.2352,20.9408,41.6973,64.8643,83.8046,118.4682,12.9729,-5.1891,4.001984,5.657299,1.349141,15,23,3,3,0E-8,-0.00958653,,0E-8,0.000000,0.893231,0.000000,,2026-04-29,2026-05-26,3,22,20,28,0.107143,,,0.000000,,,,,,,,GLOBAL_BASELINE_NO_ENTITY_RANKING,,,NOT_APPLICABLE_GLOBAL_BASELINE,HF9g-P5,,,,X 全窗基线 · 不参与实体赏罚,3925671,393,A168_HF9F_20260827_0900,2026-08-27 09:00:00
2026-05-19,149301030,2177,0,31.1348658606,-31.1348658606,-31.1348658606,0E-7,2,1,0.43797605000000000,0.300626750000,-0.8827704148093826,-0.655630731788307,-0.8827704148093826,0.13734930000000000,ELIGIBLE,R03b_20260811_FULL_v1,L1_ELIGIBILITY,v2026-08-11,2026-03-21..2026-08-06,baccarat_bet02_101_all_pairs_incl_sentinel,round_win = game_pnl > 0 (decisive only),COMPATIBILITY_ONLY_NOT_PRODUCTION,6441.4634,5753.7176,-61.7513,228,130,0.00958653,,0.00958653,0.00958653,61.7513,6441.4634,OK,0.0000,-2.4701,4.0000,96.0000,AG03-UNRESOLVED,ALL5_LEVELS_bet23_to_bet27,-2.4701,-2.4701,-2.4701,-3.0876,-3.0876,4.000000,4.000000,4.000000,5.000000,5.000000,96.000000,96.000000,96.000000,95.000000,95.000000,5.0,-13.5853,-12.4445,-48.1660,-49.3068,PENDING_AG03,FALSE,NOT_FOR_ENFORCEMENT,-59.2812,5523.5689,-61.7513,-59.2812,-2.4701,-0.00958653,-0.00920306,-2.4701,-59.2812,-0.00920306,-2.4701,-2.4701,-2.4701,-3.0876,-3.0876,-59.2812,-0.00920306,-13.5853,-12.4445,-48.1660,-49.3068,-0.00747749,-0.00765459,-0.00038346,28.2520,44.2594,-0.4750,-20.5838,-2.8069,2147.1545,43.3333,,28.2520,5.2352,20.9408,41.6973,64.8643,83.8046,118.4682,12.9729,-5.1891,4.001984,5.657299,1.349141,15,23,3,3,0E-8,-0.00958653,,0E-8,0.000000,0.893231,0.000000,,2026-04-29,2026-05-26,3,22,20,28,0.107143,,,0.000000,,,,,,,,GLOBAL_BASELINE_NO_ENTITY_RANKING,,,NOT_APPLICABLE_GLOBAL_BASELINE,HF9g-P5,,,,X 全窗基线 · 不参与实体赏罚,3925672,393,A168_HF9F_20260827_0900,2026-08-27 09:00:00
2026-05-19,149301030,2188,0,186.8091951639,-14.7890612839,-14.7890612839,0.5000000,8,4,0.46240142652796118,0.300626750000,0.15082131633568696,0.8696180881875154,0.15082131633568696,0.16177467652796118,ELIGIBLE,R03b_20260811_FULL_v1,L1_ELIGIBILITY,v2026-08-11,2026-03-21..2026-08-06,baccarat_bet02_101_all_pairs_incl_sentinel,round_win = game_pnl > 0 (decisive only),COMPATIBILITY_ONLY_NOT_PRODUCTION,6441.4634,5753.7176,-61.7513,228,130,0.00958653,,0.00958653,0.00958653,61.7513,6441.4634,OK,0.0000,-2.4701,4.0000,96.0000,AG03-UNRESOLVED,ALL5_LEVELS_bet23_to_bet27,-2.4701,-2.4701,-2.4701,-3.0876,-3.0876,4.000000,4.000000,4.000000,5.000000,5.000000,96.000000,96.000000,96.000000,95.000000,95.000000,5.0,-13.5853,-12.4445,-48.1660,-49.3068,PENDING_AG03,FALSE,NOT_FOR_ENFORCEMENT,-59.2812,5523.5689,-61.7513,-59.2812,-2.4701,-0.00958653,-0.00920306,-2.4701,-59.2812,-0.00920306,-2.4701,-2.4701,-2.4701,-3.0876,-3.0876,-59.2812,-0.00920306,-13.5853,-12.4445,-48.1660,-49.3068,-0.00747749,-0.00765459,-0.00038346,28.2520,44.2594,-0.4750,-20.5838,-2.8069,2147.1545,43.3333,,28.2520,5.2352,20.9408,41.6973,64.8643,83.8046,118.4682,12.9729,-5.1891,4.001984,5.657299,1.349141,15,23,3,3,0E-8,-0.00958653,,0E-8,0.000000,0.893231,0.000000,,2026-04-29,2026-05-26,3,22,20,28,0.107143,,,0.000000,,,,,,,,GLOBAL_BASELINE_NO_ENTITY_RANKING,,,NOT_APPLICABLE_GLOBAL_BASELINE,HF9g-P5,,,,X 全窗基线 · 不参与实体赏罚,3925673,393,A168_HF9F_20260827_0900,2026-08-27 09:00:00
2026-05-19,149301030,2205,0,114.1611748224,51.8914431009,51.8914431009,0.5000000,4,2,0.43349301124942209,0.297275450000,0.18979667349228693,0.6272624026875385,0.18979667349228693,0.13621756124942209,ELIGIBLE,R03b_20260811_FULL_v1,L1_ELIGIBILITY,v2026-08-11,2026-03-21..2026-08-06,baccarat_bet02_101_all_pairs_incl_sentinel,round_win = game_pnl > 0 (decisive only),COMPATIBILITY_ONLY_NOT_PRODUCTION,6441.4634,5753.7176,-61.7513,228,130,0.00958653,,0.00958653,0.00958653,61.7513,6441.4634,OK,0.0000,-2.4701,4.0000,96.0000,AG03-UNRESOLVED,ALL5_LEVELS_bet23_to_bet27,-2.4701,-2.4701,-2.4701,-3.0876,-3.0876,4.000000,4.000000,4.000000,5.000000,5.000000,96.000000,96.000000,96.000000,95.000000,95.000000,5.0,-13.5853,-12.4445,-48.1660,-49.3068,PENDING_AG03,FALSE,NOT_FOR_ENFORCEMENT,-59.2812,5523.5689,-61.7513,-59.2812,-2.4701,-0.00958653,-0.00920306,-2.4701,-59.2812,-0.00920306,-2.4701,-2.4701,-2.4701,-3.0876,-3.0876,-59.2812,-0.00920306,-13.5853,-12.4445,-48.1660,-49.3068,-0.00747749,-0.00765459,-0.00038346,28.2520,44.2594,-0.4750,-20.5838,-2.8069,2147.1545,43.3333,,28.2520,5.2352,20.9408,41.6973,64.8643,83.8046,118.4682,12.9729,-5.1891,4.001984,5.657299,1.349141,15,23,3,3,0E-8,-0.00958653,,0E-8,0.000000,0.893231,0.000000,,2026-04-29,2026-05-26,3,22,20,28,0.107143,,,0.000000,,,,,,,,GLOBAL_BASELINE_NO_ENTITY_RANKING,,,NOT_APPLICABLE_GLOBAL_BASELINE,HF9g-P5,,,,X 全窗基线 · 不参与实体赏罚,3925674,393,A168_HF9F_20260827_0900,2026-08-27 09:00:00
2026-05-19,149301030,2209,0,137.5123242178,-33.7294380158,-33.7294380158,0.5000000,4,2,0.43202537107119787,0.293924150000,0.19406300371000212,0.6397330434626627,0.19406300371000212,0.13810122107119787,ELIGIBLE,R03b_20260811_FULL_v1,L1_ELIGIBILITY,v2026-08-11,2026-03-21..2026-08-06,baccarat_bet02_101_all_pairs_incl_sentinel,round_win = game_pnl > 0 (decisive only),COMPATIBILITY_ONLY_NOT_PRODUCTION,6441.4634,5753.7176,-61.7513,228,130,0.00958653,,0.00958653,0.00958653,61.7513,6441.4634,OK,0.0000,-2.4701,4.0000,96.0000,AG03-UNRESOLVED,ALL5_LEVELS_bet23_to_bet27,-2.4701,-2.4701,-2.4701,-3.0876,-3.0876,4.000000,4.000000,4.000000,5.000000,5.000000,96.000000,96.000000,96.000000,95.000000,95.000000,5.0,-13.5853,-12.4445,-48.1660,-49.3068,PENDING_AG03,FALSE,NOT_FOR_ENFORCEMENT,-59.2812,5523.5689,-61.7513,-59.2812,-2.4701,-0.00958653,-0.00920306,-2.4701,-59.2812,-0.00920306,-2.4701,-2.4701,-2.4701,-3.0876,-3.0876,-59.2812,-0.00920306,-13.5853,-12.4445,-48.1660,-49.3068,-0.00747749,-0.00765459,-0.00038346,28.2520,44.2594,-0.4750,-20.5838,-2.8069,2147.1545,43.3333,,28.2520,5.2352,20.9408,41.6973,64.8643,83.8046,118.4682,12.9729,-5.1891,4.001984,5.657299,1.349141,15,23,3,3,0E-8,-0.00958653,,0E-8,0.000000,0.893231,0.000000,,2026-04-29,2026-05-26,3,22,20,28,0.107143,,,0.000000,,,,,,,,GLOBAL_BASELINE_NO_ENTITY_RANKING,,,NOT_APPLICABLE_GLOBAL_BASELINE,HF9g-P5,,,,X 全窗基线 · 不参与实体赏罚,3925675,393,A168_HF9F_20260827_0900,2026-08-27 09:00:00
2026-05-19,149301030,2235,0,72.6480203415,33.5997094079,33.5997094079,0.6666667,4,3,0.48552003846156979,0.437976050000,0.6277736322592533,0.7983739908840699,0.6277736322592533,0.04754398846156979,ELIGIBLE,R03b_20260811_FULL_v1,L1_ELIGIBILITY,v2026-08-11,2026-03-21..2026-08-06,baccarat_bet02_101_all_pairs_incl_sentinel,round_win = game_pnl > 0 (decisive only),COMPATIBILITY_ONLY_NOT_PRODUCTION,6441.4634,5753.7176,-61.7513,228,130,0.00958653,,0.00958653,0.00958653,61.7513,6441.4634,OK,0.0000,-2.4701,4.0000,96.0000,AG03-UNRESOLVED,ALL5_LEVELS_bet23_to_bet27,-2.4701,-2.4701,-2.4701,-3.0876,-3.0876,4.000000,4.000000,4.000000,5.000000,5.000000,96.000000,96.000000,96.000000,95.000000,95.000000,5.0,-13.5853,-12.4445,-48.1660,-49.3068,PENDING_AG03,FALSE,NOT_FOR_ENFORCEMENT,-59.2812,5523.5689,-61.7513,-59.2812,-2.4701,-0.00958653,-0.00920306,-2.4701,-59.2812,-0.00920306,-2.4701,-2.4701,-2.4701,-3.0876,-3.0876,-59.2812,-0.00920306,-13.5853,-12.4445,-48.1660,-49.3068,-0.00747749,-0.00765459,-0.00038346,28.2520,44.2594,-0.4750,-20.5838,-2.8069,2147.1545,43.3333,,28.2520,5.2352,20.9408,41.6973,64.8643,83.8046,118.4682,12.9729,-5.1891,4.001984,5.657299,1.349141,15,23,3,3,0E-8,-0.00958653,,0E-8,0.000000,0.893231,0.000000,,2026-04-29,2026-05-26,3,22,20,28,0.107143,,,0.000000,,,,,,,,GLOBAL_BASELINE_NO_ENTITY_RANKING,,,NOT_APPLICABLE_GLOBAL_BASELINE,HF9g-P5,,,,X 全窗基线 · 不参与实体赏罚,3925676,393,A168_HF9F_20260827_0900,2026-08-27 09:00:00
2026-05-19,149301030,2250,0,155.6743293032,3.5026724092,3.5026724092,0.5000000,8,4,0.44065422272301773,0.295599800000,0.2390730752495191,0.8958793141080399,0.2390730752495191,0.14505442272301773,ELIGIBLE,R03b_20260811_FULL_v1,L1_ELIGIBILITY,v2026-08-11,2026-03-21..2026-08-06,baccarat_bet02_101_all_pairs_incl_sentinel,round_win = game_pnl > 0 (decisive only),COMPATIBILITY_ONLY_NOT_PRODUCTION,6441.4634,5753.7176,-61.7513,228,130,0.00958653,,0.00958653,0.00958653,61.7513,6441.4634,OK,0.0000,-2.4701,4.0000,96.0000,AG03-UNRESOLVED,ALL5_LEVELS_bet23_to_bet27,-2.4701,-2.4701,-2.4701,-3.0876,-3.0876,4.000000,4.000000,4.000000,5.000000,5.000000,96.000000,96.000000,96.000000,95.000000,95.000000,5.0,-13.5853,-12.4445,-48.1660,-49.3068,PENDING_AG03,FALSE,NOT_FOR_ENFORCEMENT,-59.2812,5523.5689,-61.7513,-59.2812,-2.4701,-0.00958653,-0.00920306,-2.4701,-59.2812,-0.00920306,-2.4701,-2.4701,-2.4701,-3.0876,-3.0876,-59.2812,-0.00920306,-13.5853,-12.4445,-48.1660,-49.3068,-0.00747749,-0.00765459,-0.00038346,28.2520,44.2594,-0.4750,-20.5838,-2.8069,2147.1545,43.3333,,28.2520,5.2352,20.9408,41.6973,64.8643,83.8046,118.4682,12.9729,-5.1891,4.001984,5.657299,1.349141,15,23,3,3,0E-8,-0.00958653,,0E-8,0.000000,0.893231,0.000000,,2026-04-29,2026-05-26,3,22,20,28,0.107143,,,0.000000,,,,,,,,GLOBAL_BASELINE_NO_ENTITY_RANKING,,,NOT_APPLICABLE_GLOBAL_BASELINE,HF9g-P5,,,,X 全窗基线 · 不参与实体赏罚,3925677,393,A168_HF9F_20260827_0900,2026-08-27 09:00:00
2026-05-19,149301030,2251,0,264.6463598155,94.4424264438,94.4424264438,0.7500000,8,4,0.47568312490653313,0.300626750000,1.0985674582653644,1.96005786406958,1.0985674582653644,0.17505637490653313,ELIGIBLE,R03b_20260811_FULL_v1,L1_ELIGIBILITY,v2026-08-11,2026-03-21..2026-08-06,baccarat_bet02_101_all_pairs_incl_sentinel,round_win = game_pnl > 0 (decisive only),COMPATIBILITY_ONLY_NOT_PRODUCTION,6441.4634,5753.7176,-61.7513,228,130,0.00958653,,0.00958653,0.00958653,61.7513,6441.4634,OK,0.0000,-2.4701,4.0000,96.0000,AG03-UNRESOLVED,ALL5_LEVELS_bet23_to_bet27,-2.4701,-2.4701,-2.4701,-3.0876,-3.0876,4.000000,4.000000,4.000000,5.000000,5.000000,96.000000,96.000000,96.000000,95.000000,95.000000,5.0,-13.5853,-12.4445,-48.1660,-49.3068,PENDING_AG03,FALSE,NOT_FOR_ENFORCEMENT,-59.2812,5523.5689,-61.7513,-59.2812,-2.4701,-0.00958653,-0.00920306,-2.4701,-59.2812,-0.00920306,-2.4701,-2.4701,-2.4701,-3.0876,-3.0876,-59.2812,-0.00920306,-13.5853,-12.4445,-48.1660,-49.3068,-0.00747749,-0.00765459,-0.00038346,28.2520,44.2594,-0.4750,-20.5838,-2.8069,2147.1545,43.3333,,28.2520,5.2352,20.9408,41.6973,64.8643,83.8046,118.4682,12.9729,-5.1891,4.001984,5.657299,1.349141,15,23,3,3,0E-8,-0.00958653,,0E-8,0.000000,0.893231,0.000000,,2026-04-29,2026-05-26,3,22,20,28,0.107143,,,0.000000,,,,,,,,GLOBAL_BASELINE_NO_ENTITY_RANKING,,,NOT_APPLICABLE_GLOBAL_BASELINE,HF9g-P5,,,,X 全窗基线 · 不参与实体赏罚,3925678,393,A168_HF9F_20260827_0900,2026-08-27 09:00:00
2026-05-19,149301030,529,0,51.8914431010,-51.8914431010,-51.8914431010,0E-7,1,1,0.50665070000000000,0.506650700000,-1.013391052207602,-1.013391052207602,-1.013391052207602,0E-17,ELIGIBLE,R03b_20260811_FULL_v1,L1_ELIGIBILITY,v2026-08-11,2026-03-21..2026-08-06,baccarat_bet02_101_all_pairs_incl_sentinel,round_win = game_pnl > 0 (decisive only),COMPATIBILITY_ONLY_NOT_PRODUCTION,6441.4634,5753.7176,-61.7513,228,130,0.00958653,,0.00958653,0.00958653,61.7513,6441.4634,OK,0.0000,-2.4701,4.0000,96.0000,AG03-UNRESOLVED,ALL5_LEVELS_bet23_to_bet27,-2.4701,-2.4701,-2.4701,-3.0876,-3.0876,4.000000,4.000000,4.000000,5.000000,5.000000,96.000000,96.000000,96.000000,95.000000,95.000000,5.0,-13.5853,-12.4445,-48.1660,-49.3068,PENDING_AG03,FALSE,NOT_FOR_ENFORCEMENT,-59.2812,5523.5689,-61.7513,-59.2812,-2.4701,-0.00958653,-0.00920306,-2.4701,-59.2812,-0.00920306,-2.4701,-2.4701,-2.4701,-3.0876,-3.0876,-59.2812,-0.00920306,-13.5853,-12.4445,-48.1660,-49.3068,-0.00747749,-0.00765459,-0.00038346,28.2520,44.2594,-0.4750,-20.5838,-2.8069,2147.1545,43.3333,,28.2520,5.2352,20.9408,41.6973,64.8643,83.8046,118.4682,12.9729,-5.1891,4.001984,5.657299,1.349141,15,23,3,3,0E-8,-0.00958653,,0E-8,0.000000,0.893231,0.000000,,2026-04-29,2026-05-26,3,22,20,28,0.107143,,,0.000000,,,,,,,,GLOBAL_BASELINE_NO_ENTITY_RANKING,,,NOT_APPLICABLE_GLOBAL_BASELINE,HF9g-P5,,,,X 全窗基线 · 不参与实体赏罚,3925679,393,A168_HF9F_20260827_0900,2026-08-27 09:00:00
2026-05-19,149301030,752,0,132.3231799076,-21.0160344559,-21.0160344559,0.5000000,6,4,0.47350731827732422,0.398611775000,0.10611979453087074,0.4141569880160188,0.10611979453087074,0.07489554327732422,ELIGIBLE,R03b_20260811_FULL_v1,L1_ELIGIBILITY,v2026-08-11,2026-03-21..2026-08-06,baccarat_bet02_101_all_pairs_incl_sentinel,round_win = game_pnl > 0 (decisive only),COMPATIBILITY_ONLY_NOT_PRODUCTION,6441.4634,5753.7176,-61.7513,228,130,0.00958653,,0.00958653,0.00958653,61.7513,6441.4634,OK,0.0000,-2.4701,4.0000,96.0000,AG03-UNRESOLVED,ALL5_LEVELS_bet23_to_bet27,-2.4701,-2.4701,-2.4701,-3.0876,-3.0876,4.000000,4.000000,4.000000,5.000000,5.000000,96.000000,96.000000,96.000000,95.000000,95.000000,5.0,-13.5853,-12.4445,-48.1660,-49.3068,PENDING_AG03,FALSE,NOT_FOR_ENFORCEMENT,-59.2812,5523.5689,-61.7513,-59.2812,-2.4701,-0.00958653,-0.00920306,-2.4701,-59.2812,-0.00920306,-2.4701,-2.4701,-2.4701,-3.0876,-3.0876,-59.2812,-0.00920306,-13.5853,-12.4445,-48.1660,-49.3068,-0.00747749,-0.00765459,-0.00038346,28.2520,44.2594,-0.4750,-20.5838,-2.8069,2147.1545,43.3333,,28.2520,5.2352,20.9408,41.6973,64.8643,83.8046,118.4682,12.9729,-5.1891,4.001984,5.657299,1.349141,15,23,3,3,0E-8,-0.00958653,,0E-8,0.000000,0.893231,0.000000,,2026-04-29,2026-05-26,3,22,20,28,0.107143,,,0.000000,,,,,,,,GLOBAL_BASELINE_NO_ENTITY_RANKING,,,NOT_APPLICABLE_GLOBAL_BASELINE,HF9g-P5,,,,X 全窗基线 · 不参与实体赏罚,3925680,393,A168_HF9F_20260827_0900,2026-08-27 09:00:00
2026-05-19,149301030,919,0,210.1603445591,-51.8914431010,-51.8914431010,0.4285714,9,7,0.47961686952377840,0.447786714286,-0.270331808651195,-0.10223670376371757,-0.270331808651195,0.03183015523777840,ELIGIBLE,R03b_20260811_FULL_v1,L1_ELIGIBILITY,v2026-08-11,2026-03-21..2026-08-06,baccarat_bet02_101_all_pairs_incl_sentinel,round_win = game_pnl > 0 (decisive only),COMPATIBILITY_ONLY_NOT_PRODUCTION,6441.4634,5753.7176,-61.7513,228,130,0.00958653,,0.00958653,0.00958653,61.7513,6441.4634,OK,0.0000,-2.4701,4.0000,96.0000,AG03-UNRESOLVED,ALL5_LEVELS_bet23_to_bet27,-2.4701,-2.4701,-2.4701,-3.0876,-3.0876,4.000000,4.000000,4.000000,5.000000,5.000000,96.000000,96.000000,96.000000,95.000000,95.000000,5.0,-13.5853,-12.4445,-48.1660,-49.3068,PENDING_AG03,FALSE,NOT_FOR_ENFORCEMENT,-59.2812,5523.5689,-61.7513,-59.2812,-2.4701,-0.00958653,-0.00920306,-2.4701,-59.2812,-0.00920306,-2.4701,-2.4701,-2.4701,-3.0876,-3.0876,-59.2812,-0.00920306,-13.5853,-12.4445,-48.1660,-49.3068,-0.00747749,-0.00765459,-0.00038346,28.2520,44.2594,-0.4750,-20.5838,-2.8069,2147.1545,43.3333,,28.2520,5.2352,20.9408,41.6973,64.8643,83.8046,118.4682,12.9729,-5.1891,4.001984,5.657299,1.349141,15,23,3,3,0E-8,-0.00958653,,0E-8,0.000000,0.893231,0.000000,,2026-04-29,2026-05-26,3,22,20,28,0.107143,,,0.000000,,,,,,,,GLOBAL_BASELINE_NO_ENTITY_RANKING,,,NOT_APPLICABLE_GLOBAL_BASELINE,HF9g-P5,,,,X 全窗基线 · 不参与实体赏罚,3925681,393,A168_HF9F_20260827_0900,2026-08-27 09:00:00
2026-05-26,149301030,-1,1,926.2622593536,176.4309065433,176.4309065433,0.5833333,24,12,0.44023351064134566,0.295041250000,0.998584272684642,2.1897781461561285,0.998584272684642,0.14519226064134566,SENTINEL_DEALER,R03b_20260811_FULL_v1,L1_ELIGIBILITY,v2026-08-11,2026-03-21..2026-08-06,baccarat_bet02_101_all_pairs_incl_sentinel,round_win = game_pnl > 0 (decisive only),COMPATIBILITY_ONLY_NOT_PRODUCTION,6441.4634,5753.7176,-61.7513,228,130,0.00958653,,0.00958653,0.00958653,61.7513,6441.4634,OK,0.0000,-2.4701,4.0000,96.0000,AG03-UNRESOLVED,ALL5_LEVELS_bet23_to_bet27,-2.4701,-2.4701,-2.4701,-3.0876,-3.0876,4.000000,4.000000,4.000000,5.000000,5.000000,96.000000,96.000000,96.000000,95.000000,95.000000,5.0,-13.5853,-12.4445,-48.1660,-49.3068,PENDING_AG03,FALSE,NOT_FOR_ENFORCEMENT,-59.2812,5523.5689,-61.7513,-59.2812,-2.4701,-0.00958653,-0.00920306,-2.4701,-59.2812,-0.00920306,-2.4701,-2.4701,-2.4701,-3.0876,-3.0876,-59.2812,-0.00920306,-13.5853,-12.4445,-48.1660,-49.3068,-0.00747749,-0.00765459,-0.00038346,28.2520,44.2594,-0.4750,-20.5838,-2.8069,2147.1545,43.3333,,28.2520,5.2352,20.9408,41.6973,64.8643,83.8046,118.4682,12.9729,-5.1891,4.001984,5.657299,1.349141,15,23,3,3,0E-8,-0.00958653,,0E-8,0.000000,0.893231,0.000000,,2026-04-29,2026-05-26,3,22,20,28,0.107143,,,0.000000,,,,,,,,GLOBAL_BASELINE_NO_ENTITY_RANKING,,,NOT_APPLICABLE_GLOBAL_BASELINE,HF9g-P5,,,,X 全窗基线 · 不参与实体赏罚,3925682,393,A168_HF9F_20260827_0900,2026-08-27 09:00:00
2026-05-26,149301030,1401,0,267.2409319703,-226.7656063515,-226.7656063515,0.3333333,6,3,0.44336487421047641,0.300626750000,-0.38362939462174833,0.12354565782025938,-0.38362939462174833,0.14273812421047641,ELIGIBLE,R03b_20260811_FULL_v1,L1_ELIGIBILITY,v2026-08-11,2026-03-21..2026-08-06,baccarat_bet02_101_all_pairs_incl_sentinel,round_win = game_pnl > 0 (decisive only),COMPATIBILITY_ONLY_NOT_PRODUCTION,6441.4634,5753.7176,-61.7513,228,130,0.00958653,,0.00958653,0.00958653,61.7513,6441.4634,OK,0.0000,-2.4701,4.0000,96.0000,AG03-UNRESOLVED,ALL5_LEVELS_bet23_to_bet27,-2.4701,-2.4701,-2.4701,-3.0876,-3.0876,4.000000,4.000000,4.000000,5.000000,5.000000,96.000000,96.000000,96.000000,95.000000,95.000000,5.0,-13.5853,-12.4445,-48.1660,-49.3068,PENDING_AG03,FALSE,NOT_FOR_ENFORCEMENT,-59.2812,5523.5689,-61.7513,-59.2812,-2.4701,-0.00958653,-0.00920306,-2.4701,-59.2812,-0.00920306,-2.4701,-2.4701,-2.4701,-3.0876,-3.0876,-59.2812,-0.00920306,-13.5853,-12.4445,-48.1660,-49.3068,-0.00747749,-0.00765459,-0.00038346,28.2520,44.2594,-0.4750,-20.5838,-2.8069,2147.1545,43.3333,,28.2520,5.2352,20.9408,41.6973,64.8643,83.8046,118.4682,12.9729,-5.1891,4.001984,5.657299,1.349141,15,23,3,3,0E-8,-0.00958653,,0E-8,0.000000,0.893231,0.000000,,2026-04-29,2026-05-26,3,22,20,28,0.107143,,,0.000000,,,,,,,,GLOBAL_BASELINE_NO_ENTITY_RANKING,,,NOT_APPLICABLE_GLOBAL_BASELINE,HF9g-P5,,,,X 全窗基线 · 不参与实体赏罚,3925683,393,A168_HF9F_20260827_0900,2026-08-27 09:00:00
2026-05-26,149301030,1490,0,64.8643038763,-64.8643038763,-64.8643038763,0E-7,2,1,0.46135408400002458,0.293924150000,-0.9254767206407468,-0.6451964315166089,-0.9254767206407468,0.16742993400002458,ELIGIBLE,R03b_20260811_FULL_v1,L1_ELIGIBILITY,v2026-08-11,2026-03-21..2026-08-06,baccarat_bet02_101_all_pairs_incl_sentinel,round_win = game_pnl > 0 (decisive only),COMPATIBILITY_ONLY_NOT_PRODUCTION,6441.4634,5753.7176,-61.7513,228,130,0.00958653,,0.00958653,0.00958653,61.7513,6441.4634,OK,0.0000,-2.4701,4.0000,96.0000,AG03-UNRESOLVED,ALL5_LEVELS_bet23_to_bet27,-2.4701,-2.4701,-2.4701,-3.0876,-3.0876,4.000000,4.000000,4.000000,5.000000,5.000000,96.000000,96.000000,96.000000,95.000000,95.000000,5.0,-13.5853,-12.4445,-48.1660,-49.3068,PENDING_AG03,FALSE,NOT_FOR_ENFORCEMENT,-59.2812,5523.5689,-61.7513,-59.2812,-2.4701,-0.00958653,-0.00920306,-2.4701,-59.2812,-0.00920306,-2.4701,-2.4701,-2.4701,-3.0876,-3.0876,-59.2812,-0.00920306,-13.5853,-12.4445,-48.1660,-49.3068,-0.00747749,-0.00765459,-0.00038346,28.2520,44.2594,-0.4750,-20.5838,-2.8069,2147.1545,43.3333,,28.2520,5.2352,20.9408,41.6973,64.8643,83.8046,118.4682,12.9729,-5.1891,4.001984,5.657299,1.349141,15,23,3,3,0E-8,-0.00958653,,0E-8,0.000000,0.893231,0.000000,,2026-04-29,2026-05-26,3,22,20,28,0.107143,,,0.000000,,,,,,,,GLOBAL_BASELINE_NO_ENTITY_RANKING,,,NOT_APPLICABLE_GLOBAL_BASELINE,HF9g-P5,,,,X 全窗基线 · 不参与实体赏罚,3925684,393,A168_HF9F_20260827_0900,2026-08-27 09:00:00
2026-05-26,149301030,2185,0,107.6747444345,32.4321519382,32.4321519382,0.6666667,5,3,0.45549992620705679,0.369301400000,0.7344174996826427,1.0672089453545757,0.7344174996826427,0.08619852620705679,ELIGIBLE,R03b_20260811_FULL_v1,L1_ELIGIBILITY,v2026-08-11,2026-03-21..2026-08-06,baccarat_bet02_101_all_pairs_incl_sentinel,round_win = game_pnl > 0 (decisive only),COMPATIBILITY_ONLY_NOT_PRODUCTION,6441.4634,5753.7176,-61.7513,228,130,0.00958653,,0.00958653,0.00958653,61.7513,6441.4634,OK,0.0000,-2.4701,4.0000,96.0000,AG03-UNRESOLVED,ALL5_LEVELS_bet23_to_bet27,-2.4701,-2.4701,-2.4701,-3.0876,-3.0876,4.000000,4.000000,4.000000,5.000000,5.000000,96.000000,96.000000,96.000000,95.000000,95.000000,5.0,-13.5853,-12.4445,-48.1660,-49.3068,PENDING_AG03,FALSE,NOT_FOR_ENFORCEMENT,-59.2812,5523.5689,-61.7513,-59.2812,-2.4701,-0.00958653,-0.00920306,-2.4701,-59.2812,-0.00920306,-2.4701,-2.4701,-2.4701,-3.0876,-3.0876,-59.2812,-0.00920306,-13.5853,-12.4445,-48.1660,-49.3068,-0.00747749,-0.00765459,-0.00038346,28.2520,44.2594,-0.4750,-20.5838,-2.8069,2147.1545,43.3333,,28.2520,5.2352,20.9408,41.6973,64.8643,83.8046,118.4682,12.9729,-5.1891,4.001984,5.657299,1.349141,15,23,3,3,0E-8,-0.00958653,,0E-8,0.000000,0.893231,0.000000,,2026-04-29,2026-05-26,3,22,20,28,0.107143,,,0.000000,,,,,,,,GLOBAL_BASELINE_NO_ENTITY_RANKING,,,NOT_APPLICABLE_GLOBAL_BASELINE,HF9g-P5,,,,X 全窗基线 · 不参与实体赏罚,3925685,393,A168_HF9F_20260827_0900,2026-08-27 09:00:00
2026-05-26,149301030,2233,0,384.7750505943,-210.2252088632,-210.2252088632,0.3333333,11,6,0.44718921173578343,0.334964075000,-0.5609151492161857,-0.008463288085044127,-0.5609151492161857,0.11222513673578343,ELIGIBLE,R03b_20260811_FULL_v1,L1_ELIGIBILITY,v2026-08-11,2026-03-21..2026-08-06,baccarat_bet02_101_all_pairs_incl_sentinel,round_win = game_pnl > 0 (decisive only),COMPATIBILITY_ONLY_NOT_PRODUCTION,6441.4634,5753.7176,-61.7513,228,130,0.00958653,,0.00958653,0.00958653,61.7513,6441.4634,OK,0.0000,-2.4701,4.0000,96.0000,AG03-UNRESOLVED,ALL5_LEVELS_bet23_to_bet27,-2.4701,-2.4701,-2.4701,-3.0876,-3.0876,4.000000,4.000000,4.000000,5.000000,5.000000,96.000000,96.000000,96.000000,95.000000,95.000000,5.0,-13.5853,-12.4445,-48.1660,-49.3068,PENDING_AG03,FALSE,NOT_FOR_ENFORCEMENT,-59.2812,5523.5689,-61.7513,-59.2812,-2.4701,-0.00958653,-0.00920306,-2.4701,-59.2812,-0.00920306,-2.4701,-2.4701,-2.4701,-3.0876,-3.0876,-59.2812,-0.00920306,-13.5853,-12.4445,-48.1660,-49.3068,-0.00747749,-0.00765459,-0.00038346,28.2520,44.2594,-0.4750,-20.5838,-2.8069,2147.1545,43.3333,,28.2520,5.2352,20.9408,41.6973,64.8643,83.8046,118.4682,12.9729,-5.1891,4.001984,5.657299,1.349141,15,23,3,3,0E-8,-0.00958653,,0E-8,0.000000,0.893231,0.000000,,2026-04-29,2026-05-26,3,22,20,28,0.107143,,,0.000000,,,,,,,,GLOBAL_BASELINE_NO_ENTITY_RANKING,,,NOT_APPLICABLE_GLOBAL_BASELINE,HF9g-P5,,,,X 全窗基线 · 不参与实体赏罚,3925686,393,A168_HF9F_20260827_0900,2026-08-27 09:00:00
2026-05-26,149301030,2256,0,297.0785117534,236.1060661095,236.1060661095,1.0000000,12,6,0.43536560329364677,0.295041250000,2.7895376911507945,3.7863094746902837,2.7895376911507945,0.14032435329364677,ELIGIBLE,R03b_20260811_FULL_v1,L1_ELIGIBILITY,v2026-08-11,2026-03-21..2026-08-06,baccarat_bet02_101_all_pairs_incl_sentinel,round_win = game_pnl > 0 (decisive only),COMPATIBILITY_ONLY_NOT_PRODUCTION,6441.4634,5753.7176,-61.7513,228,130,0.00958653,,0.00958653,0.00958653,61.7513,6441.4634,OK,0.0000,-2.4701,4.0000,96.0000,AG03-UNRESOLVED,ALL5_LEVELS_bet23_to_bet27,-2.4701,-2.4701,-2.4701,-3.0876,-3.0876,4.000000,4.000000,4.000000,5.000000,5.000000,96.000000,96.000000,96.000000,95.000000,95.000000,5.0,-13.5853,-12.4445,-48.1660,-49.3068,PENDING_AG03,FALSE,NOT_FOR_ENFORCEMENT,-59.2812,5523.5689,-61.7513,-59.2812,-2.4701,-0.00958653,-0.00920306,-2.4701,-59.2812,-0.00920306,-2.4701,-2.4701,-2.4701,-3.0876,-3.0876,-59.2812,-0.00920306,-13.5853,-12.4445,-48.1660,-49.3068,-0.00747749,-0.00765459,-0.00038346,28.2520,44.2594,-0.4750,-20.5838,-2.8069,2147.1545,43.3333,,28.2520,5.2352,20.9408,41.6973,64.8643,83.8046,118.4682,12.9729,-5.1891,4.001984,5.657299,1.349141,15,23,3,3,0E-8,-0.00958653,,0E-8,0.000000,0.893231,0.000000,,2026-04-29,2026-05-26,3,22,20,28,0.107143,,,0.000000,,,,,,,,GLOBAL_BASELINE_NO_ENTITY_RANKING,,,NOT_APPLICABLE_GLOBAL_BASELINE,HF9g-P5,,,,X 全窗基线 · 不参与实体赏罚,3925687,393,A168_HF9F_20260827_0900,2026-08-27 09:00:00
2026-05-21,150349722,1325,0,57.0805874111,51.8914431010,51.8914431010,1.0000000,2,2,0.49994810000000000,0.499948100000,1.0001038053877793,1.0001038053877793,1.0001038053877793,0E-17,ELIGIBLE,R03b_20260811_FULL_v1,L1_ELIGIBILITY,v2026-08-11,2026-03-21..2026-08-06,baccarat_bet02_101_all_pairs_incl_sentinel,round_win = game_pnl > 0 (decisive only),COMPATIBILITY_ONLY_NOT_PRODUCTION,67.4589,62.2697,-61.7508,4,4,0.91538462,,0.91538462,0.91538462,61.7508,67.4589,THIN_EXPOSURE,0.0000,-2.4700,4.0000,96.0000,AG03-UNRESOLVED,ALL5_LEVELS_bet23_to_bet27,-2.4700,-2.4700,-2.4700,-3.0875,-3.0875,4.000000,4.000000,4.000000,5.000000,5.000000,96.000000,96.000000,96.000000,95.000000,95.000000,5.0,-13.5852,-12.4444,-48.1656,-49.3064,PENDING_AG03,FALSE,NOT_FOR_ENFORCEMENT,-59.2808,59.7789,-61.7508,-59.2808,-2.4700,-0.91538462,-0.87876923,-2.4700,-59.2808,-0.87876923,-2.4700,-2.4700,-2.4700,-3.0875,-3.0875,-59.2808,-0.87876923,-13.5852,-12.4444,-48.1656,-49.3064,-0.71400000,-0.73091104,-0.03661538,16.8647,15.5674,-15.4377,-61.7508,-61.7508,67.4589,4.0000,,16.8647,5.1891,5.1891,28.5403,51.8914,51.8914,51.8914,5.1891,4.9297,10.0,10.0,3.25,1,2,1,2,0E-8,-0.91538462,,0E-8,0.000000,0.923077,0.000000,,2026-05-21,2026-05-21,1,1,1,1,1.000000,,,0.000000,,,,,,,,GLOBAL_BASELINE_NO_ENTITY_RANKING,,,NOT_APPLICABLE_GLOBAL_BASELINE,HF9g-P5,,,,X 全窗基线 · 不参与实体赏罚,3925688,393,A168_HF9F_20260827_0900,2026-08-27 09:00:00
2026-05-21,150349722,2141,0,10.3782886202,9.8593741892,9.8593741892,1.0000000,2,2,0.50665070000000000,0.506650700000,1.3955260008387969,1.3955260008387969,1.3955260008387969,0E-17,ELIGIBLE,R03b_20260811_FULL_v1,L1_ELIGIBILITY,v2026-08-11,2026-03-21..2026-08-06,baccarat_bet02_101_all_pairs_incl_sentinel,round_win = game_pnl > 0 (decisive only),COMPATIBILITY_ONLY_NOT_PRODUCTION,67.4589,62.2697,-61.7508,4,4,0.91538462,,0.91538462,0.91538462,61.7508,67.4589,THIN_EXPOSURE,0.0000,-2.4700,4.0000,96.0000,AG03-UNRESOLVED,ALL5_LEVELS_bet23_to_bet27,-2.4700,-2.4700,-2.4700,-3.0875,-3.0875,4.000000,4.000000,4.000000,5.000000,5.000000,96.000000,96.000000,96.000000,95.000000,95.000000,5.0,-13.5852,-12.4444,-48.1656,-49.3064,PENDING_AG03,FALSE,NOT_FOR_ENFORCEMENT,-59.2808,59.7789,-61.7508,-59.2808,-2.4700,-0.91538462,-0.87876923,-2.4700,-59.2808,-0.87876923,-2.4700,-2.4700,-2.4700,-3.0875,-3.0875,-59.2808,-0.87876923,-13.5852,-12.4444,-48.1656,-49.3064,-0.71400000,-0.73091104,-0.03661538,16.8647,15.5674,-15.4377,-61.7508,-61.7508,67.4589,4.0000,,16.8647,5.1891,5.1891,28.5403,51.8914,51.8914,51.8914,5.1891,4.9297,10.0,10.0,3.25,1,2,1,2,0E-8,-0.91538462,,0E-8,0.000000,0.923077,0.000000,,2026-05-21,2026-05-21,1,1,1,1,1.000000,,,0.000000,,,,,,,,GLOBAL_BASELINE_NO_ENTITY_RANKING,,,NOT_APPLICABLE_GLOBAL_BASELINE,HF9g-P5,,,,X 全窗基线 · 不参与实体赏罚,3925689,393,A168_HF9F_20260827_0900,2026-08-27 09:00:00
2026-05-17,150181442,2235,0,97.0369985990,61.7508172903,61.7508172903,1.0000000,4,4,0.49324550000000000,0.493245500000,1.755609282511032,1.7556092825110319,1.755609282511032,0E-17,ELIGIBLE,R03b_20260811_FULL_v1,L1_ELIGIBILITY,v2026-08-11,2026-03-21..2026-08-06,baccarat_bet02_101_all_pairs_incl_sentinel,round_win = game_pnl > 0 (decisive only),COMPATIBILITY_ONLY_NOT_PRODUCTION,97.0370,61.7508,-61.7508,4,4,0.63636364,,0.63636364,0.63636364,61.7508,97.0370,THIN_EXPOSURE,0.0000,-2.4700,4.0000,96.0000,AG03-UNRESOLVED,ALL5_LEVELS_bet23_to_bet27,-2.4700,-2.4700,-2.4700,-3.7050,-3.7050,4.000000,4.000000,4.000000,6.000000,6.000000,96.000000,96.000000,96.000000,94.000000,94.000000,5.0,-14.8202,-13.4769,-46.9306,-48.2739,PENDING_AG03,FALSE,NOT_FOR_ENFORCEMENT,-59.2808,59.2808,-61.7508,-59.2808,-2.4700,-0.63636364,-0.61090909,-2.4700,-59.2808,-0.61090909,-2.4700,-2.4700,-2.4700,-3.7050,-3.7050,-59.2808,-0.61090909,-14.8202,-13.4769,-46.9306,-48.2739,-0.48363636,-0.49747901,-0.02545455,24.2592,15.4377,-15.4377,-61.7508,-61.7508,97.0370,4.0000,,24.2592,13.2323,26.4646,35.2862,35.2862,35.2862,35.2862,13.2323,13.2323,1.333333,1.333333,0.916667,1,1,1,1,0E-8,-0.63636364,,0E-8,0.000000,0.636364,0.000000,,2026-05-17,2026-05-17,1,1,1,1,1.000000,,,0.000000,,,,,,,,GLOBAL_BASELINE_NO_ENTITY_RANKING,,,NOT_APPLICABLE_GLOBAL_BASELINE,HF9g-P5,,,,X 全窗基线 · 不参与实体赏罚,3925690,393,A168_HF9F_20260827_0900,2026-08-27 09:00:00
2026-04-02,139548663,-1,1,69.5718170895,17.7091898045,17.7091898045,0.7500000,5,5,0.50128862000000000,0.501288620000,0.9948488239810122,0.9948488239810122,0.9948488239810122,0E-17,SENTINEL_DEALER,R03b_20260811_FULL_v1,L1_ELIGIBILITY,v2026-08-11,2026-03-21..2026-08-06,baccarat_bet02_101_all_pairs_incl_sentinel,round_win = game_pnl > 0 (decisive only),COMPATIBILITY_ONLY_NOT_PRODUCTION,494.5924,420.8041,-61.7503,30,30,0.12485081,,0.12485081,0.12485081,61.7503,494.5924,OK,0.0000,-2.4700,4.0000,96.0000,AG03-UNRESOLVED,ALL5_LEVELS_bet23_to_bet27,-2.4700,-2.4700,-2.4700,-3.7050,-3.7050,4.000000,4.000000,4.000000,6.000000,6.000000,96.000000,96.000000,96.000000,94.000000,94.000000,5.0,-14.8201,-13.4768,-46.9302,-48.2734,PENDING_AG03,FALSE,NOT_FOR_ENFORCEMENT,-59.2802,403.9719,-61.7503,-59.2802,-2.4700,-0.12485081,-0.11985678,-2.4700,-59.2802,-0.11985678,-2.4700,-2.4700,-2.4700,-3.7050,-3.7050,-59.2802,-0.11985678,-14.8201,-13.4768,-46.9302,-48.2734,-0.09488662,-0.09760246,-0.00499403,16.4864,14.0268,-2.0583,-61.7503,-4.1167,494.5924,30.0000,,16.4864,10.5412,14.7577,21.0824,26.9854,31.6236,40.0565,12.6494,4.2165,2.142857,2.714286,1.117143,14,15,1,2,0E-8,-0.12485081,,0E-8,0.000000,0.850810,0.000000,,2026-04-02,2026-04-02,1,15,14,1,1.000000,,,0.000000,,,,,,,,GLOBAL_BASELINE_NO_ENTITY_RANKING,,,NOT_APPLICABLE_GLOBAL_BASELINE,HF9g-P5,,,,X 全窗基线 · 不参与实体赏罚,3925691,393,A168_HF9F_20260827_0900,2026-08-27 09:00:00
2026-04-02,139548663,1205,0,10.5411844075,10.0141251871,10.0141251871,1.0000000,1,1,0.50665070000000000,0.506650700000,0.9867858985152569,0.9867858985152569,0.9867858985152569,0E-17,ELIGIBLE,R03b_20260811_FULL_v1,L1_ELIGIBILITY,v2026-08-11,2026-03-21..2026-08-06,baccarat_bet02_101_all_pairs_incl_sentinel,round_win = game_pnl > 0 (decisive only),COMPATIBILITY_ONLY_NOT_PRODUCTION,494.5924,420.8041,-61.7503,30,30,0.12485081,,0.12485081,0.12485081,61.7503,494.5924,OK,0.0000,-2.4700,4.0000,96.0000,AG03-UNRESOLVED,ALL5_LEVELS_bet23_to_bet27,-2.4700,-2.4700,-2.4700,-3.7050,-3.7050,4.000000,4.000000,4.000000,6.000000,6.000000,96.000000,96.000000,96.000000,94.000000,94.000000,5.0,-14.8201,-13.4768,-46.9302,-48.2734,PENDING_AG03,FALSE,NOT_FOR_ENFORCEMENT,-59.2802,403.9719,-61.7503,-59.2802,-2.4700,-0.12485081,-0.11985678,-2.4700,-59.2802,-0.11985678,-2.4700,-2.4700,-2.4700,-3.7050,-3.7050,-59.2802,-0.11985678,-14.8201,-13.4768,-46.9302,-48.2734,-0.09488662,-0.09760246,-0.00499403,16.4864,14.0268,-2.0583,-61.7503,-4.1167,494.5924,30.0000,,16.4864,10.5412,14.7577,21.0824,26.9854,31.6236,40.0565,12.6494,4.2165,2.142857,2.714286,1.117143,14,15,1,2,0E-8,-0.12485081,,0E-8,0.000000,0.850810,0.000000,,2026-04-02,2026-04-02,1,15,14,1,1.000000,,,0.000000,,,,,,,,GLOBAL_BASELINE_NO_ENTITY_RANKING,,,NOT_APPLICABLE_GLOBAL_BASELINE,HF9g-P5,,,,X 全窗基线 · 不参与实体赏罚,3925692,393,A168_HF9F_20260827_0900,2026-08-27 09:00:00
2026-04-02,139548663,1331,0,8.4329475260,-8.4329475260,-8.4329475260,0E-7,1,1,0.50665070000000000,0.506650700000,-1.013391052207602,-1.013391052207602,-1.013391052207602,0E-17,ELIGIBLE,R03b_20260811_FULL_v1,L1_ELIGIBILITY,v2026-08-11,2026-03-21..2026-08-06,baccarat_bet02_101_all_pairs_incl_sentinel,round_win = game_pnl > 0 (decisive only),COMPATIBILITY_ONLY_NOT_PRODUCTION,494.5924,420.8041,-61.7503,30,30,0.12485081,,0.12485081,0.12485081,61.7503,494.5924,OK,0.0000,-2.4700,4.0000,96.0000,AG03-UNRESOLVED,ALL5_LEVELS_bet23_to_bet27,-2.4700,-2.4700,-2.4700,-3.7050,-3.7050,4.000000,4.000000,4.000000,6.000000,6.000000,96.000000,96.000000,96.000000,94.000000,94.000000,5.0,-14.8201,-13.4768,-46.9302,-48.2734,PENDING_AG03,FALSE,NOT_FOR_ENFORCEMENT,-59.2802,403.9719,-61.7503,-59.2802,-2.4700,-0.12485081,-0.11985678,-2.4700,-59.2802,-0.11985678,-2.4700,-2.4700,-2.4700,-3.7050,-3.7050,-59.2802,-0.11985678,-14.8201,-13.4768,-46.9302,-48.2734,-0.09488662,-0.09760246,-0.00499403,16.4864,14.0268,-2.0583,-61.7503,-4.1167,494.5924,30.0000,,16.4864,10.5412,14.7577,21.0824,26.9854,31.6236,40.0565,12.6494,4.2165,2.142857,2.714286,1.117143,14,15,1,2,0E-8,-0.12485081,,0E-8,0.000000,0.850810,0.000000,,2026-04-02,2026-04-02,1,15,14,1,1.000000,,,0.000000,,,,,,,,GLOBAL_BASELINE_NO_ENTITY_RANKING,,,NOT_APPLICABLE_GLOBAL_BASELINE,HF9g-P5,,,,X 全窗基线 · 不参与实体赏罚,3925693,393,A168_HF9F_20260827_0900,2026-08-27 09:00:00
2026-04-02,139548663,1384,0,23.1906056965,2.1082368815,2.1082368815,0.5000000,2,2,0.49324550000000000,0.493245500000,0.01910635448239258,0.01910635448239258,0.01910635448239258,0E-17,ELIGIBLE,R03b_20260811_FULL_v1,L1_ELIGIBILITY,v2026-08-11,2026-03-21..2026-08-06,baccarat_bet02_101_all_pairs_incl_sentinel,round_win = game_pnl > 0 (decisive only),COMPATIBILITY_ONLY_NOT_PRODUCTION,494.5924,420.8041,-61.7503,30,30,0.12485081,,0.12485081,0.12485081,61.7503,494.5924,OK,0.0000,-2.4700,4.0000,96.0000,AG03-UNRESOLVED,ALL5_LEVELS_bet23_to_bet27,-2.4700,-2.4700,-2.4700,-3.7050,-3.7050,4.000000,4.000000,4.000000,6.000000,6.000000,96.000000,96.000000,96.000000,94.000000,94.000000,5.0,-14.8201,-13.4768,-46.9302,-48.2734,PENDING_AG03,FALSE,NOT_FOR_ENFORCEMENT,-59.2802,403.9719,-61.7503,-59.2802,-2.4700,-0.12485081,-0.11985678,-2.4700,-59.2802,-0.11985678,-2.4700,-2.4700,-2.4700,-3.7050,-3.7050,-59.2802,-0.11985678,-14.8201,-13.4768,-46.9302,-48.2734,-0.09488662,-0.09760246,-0.00499403,16.4864,14.0268,-2.0583,-61.7503,-4.1167,494.5924,30.0000,,16.4864,10.5412,14.7577,21.0824,26.9854,31.6236,40.0565,12.6494,4.2165,2.142857,2.714286,1.117143,14,15,1,2,0E-8,-0.12485081,,0E-8,0.000000,0.850810,0.000000,,2026-04-02,2026-04-02,1,15,14,1,1.000000,,,0.000000,,,,,,,,GLOBAL_BASELINE_NO_ENTITY_RANKING,,,NOT_APPLICABLE_GLOBAL_BASELINE,HF9g-P5,,,,X 全窗基线 · 不参与实体赏罚,3925694,393,A168_HF9F_20260827_0900,2026-08-27 09:00:00
2026-04-02,139548663,1399,0,29.5153163410,28.0395505238,28.0395505238,1.0000000,2,2,0.50665070000000000,0.506650700000,1.3955260008387969,1.3955260008387969,1.3955260008387969,0E-17,ELIGIBLE,R03b_20260811_FULL_v1,L1_ELIGIBILITY,v2026-08-11,2026-03-21..2026-08-06,baccarat_bet02_101_all_pairs_incl_sentinel,round_win = game_pnl > 0 (decisive only),COMPATIBILITY_ONLY_NOT_PRODUCTION,494.5924,420.8041,-61.7503,30,30,0.12485081,,0.12485081,0.12485081,61.7503,494.5924,OK,0.0000,-2.4700,4.0000,96.0000,AG03-UNRESOLVED,ALL5_LEVELS_bet23_to_bet27,-2.4700,-2.4700,-2.4700,-3.7050,-3.7050,4.000000,4.000000,4.000000,6.000000,6.000000,96.000000,96.000000,96.000000,94.000000,94.000000,5.0,-14.8201,-13.4768,-46.9302,-48.2734,PENDING_AG03,FALSE,NOT_FOR_ENFORCEMENT,-59.2802,403.9719,-61.7503,-59.2802,-2.4700,-0.12485081,-0.11985678,-2.4700,-59.2802,-0.11985678,-2.4700,-2.4700,-2.4700,-3.7050,-3.7050,-59.2802,-0.11985678,-14.8201,-13.4768,-46.9302,-48.2734,-0.09488662,-0.09760246,-0.00499403,16.4864,14.0268,-2.0583,-61.7503,-4.1167,494.5924,30.0000,,16.4864,10.5412,14.7577,21.0824,26.9854,31.6236,40.0565,12.6494,4.2165,2.142857,2.714286,1.117143,14,15,1,2,0E-8,-0.12485081,,0E-8,0.000000,0.850810,0.000000,,2026-04-02,2026-04-02,1,15,14,1,1.000000,,,0.000000,,,,,,,,GLOBAL_BASELINE_NO_ENTITY_RANKING,,,NOT_APPLICABLE_GLOBAL_BASELINE,HF9g-P5,,,,X 全窗基线 · 不参与实体赏罚,3925695,393,A168_HF9F_20260827_0900,2026-08-27 09:00:00
2026-04-02,139548663,1400,0,52.7059220375,-27.4070794595,-27.4070794595,0.2500000,4,4,0.49994810000000000,0.499948100000,-0.9997924053861017,-0.9997924053861017,-0.9997924053861017,0E-17,ELIGIBLE,R03b_20260811_FULL_v1,L1_ELIGIBILITY,v2026-08-11,2026-03-21..2026-08-06,baccarat_bet02_101_all_pairs_incl_sentinel,round_win = game_pnl > 0 (decisive only),COMPATIBILITY_ONLY_NOT_PRODUCTION,494.5924,420.8041,-61.7503,30,30,0.12485081,,0.12485081,0.12485081,61.7503,494.5924,OK,0.0000,-2.4700,4.0000,96.0000,AG03-UNRESOLVED,ALL5_LEVELS_bet23_to_bet27,-2.4700,-2.4700,-2.4700,-3.7050,-3.7050,4.000000,4.000000,4.000000,6.000000,6.000000,96.000000,96.000000,96.000000,94.000000,94.000000,5.0,-14.8201,-13.4768,-46.9302,-48.2734,PENDING_AG03,FALSE,NOT_FOR_ENFORCEMENT,-59.2802,403.9719,-61.7503,-59.2802,-2.4700,-0.12485081,-0.11985678,-2.4700,-59.2802,-0.11985678,-2.4700,-2.4700,-2.4700,-3.7050,-3.7050,-59.2802,-0.11985678,-14.8201,-13.4768,-46.9302,-48.2734,-0.09488662,-0.09760246,-0.00499403,16.4864,14.0268,-2.0583,-61.7503,-4.1167,494.5924,30.0000,,16.4864,10.5412,14.7577,21.0824,26.9854,31.6236,40.0565,12.6494,4.2165,2.142857,2.714286,1.117143,14,15,1,2,0E-8,-0.12485081,,0E-8,0.000000,0.850810,0.000000,,2026-04-02,2026-04-02,1,15,14,1,1.000000,,,0.000000,,,,,,,,GLOBAL_BASELINE_NO_ENTITY_RANKING,,,NOT_APPLICABLE_GLOBAL_BASELINE,HF9g-P5,,,,X 全窗基线 · 不参与实体赏罚,3925696,393,A168_HF9F_20260827_0900,2026-08-27 09:00:00
2026-04-02,139548663,1490,0,42.1647376299,-42.1647376299,-42.1647376299,0E-7,2,2,0.49994810000000000,0.499948100000,-1.4140667746232096,-1.4140667746232096,-1.4140667746232096,0E-17,ELIGIBLE,R03b_20260811_FULL_v1,L1_ELIGIBILITY,v2026-08-11,2026-03-21..2026-08-06,baccarat_bet02_101_all_pairs_incl_sentinel,round_win = game_pnl > 0 (decisive only),COMPATIBILITY_ONLY_NOT_PRODUCTION,494.5924,420.8041,-61.7503,30,30,0.12485081,,0.12485081,0.12485081,61.7503,494.5924,OK,0.0000,-2.4700,4.0000,96.0000,AG03-UNRESOLVED,ALL5_LEVELS_bet23_to_bet27,-2.4700,-2.4700,-2.4700,-3.7050,-3.7050,4.000000,4.000000,4.000000,6.000000,6.000000,96.000000,96.000000,96.000000,94.000000,94.000000,5.0,-14.8201,-13.4768,-46.9302,-48.2734,PENDING_AG03,FALSE,NOT_FOR_ENFORCEMENT,-59.2802,403.9719,-61.7503,-59.2802,-2.4700,-0.12485081,-0.11985678,-2.4700,-59.2802,-0.11985678,-2.4700,-2.4700,-2.4700,-3.7050,-3.7050,-59.2802,-0.11985678,-14.8201,-13.4768,-46.9302,-48.2734,-0.09488662,-0.09760246,-0.00499403,16.4864,14.0268,-2.0583,-61.7503,-4.1167,494.5924,30.0000,,16.4864,10.5412,14.7577,21.0824,26.9854,31.6236,40.0565,12.6494,4.2165,2.142857,2.714286,1.117143,14,15,1,2,0E-8,-0.12485081,,0E-8,0.000000,0.850810,0.000000,,2026-04-02,2026-04-02,1,15,14,1,1.000000,,,0.000000,,,,,,,,GLOBAL_BASELINE_NO_ENTITY_RANKING,,,NOT_APPLICABLE_GLOBAL_BASELINE,HF9g-P5,,,,X 全窗基线 · 不参与实体赏罚,3925697,393,A168_HF9F_20260827_0900,2026-08-27 09:00:00
2026-04-02,139548663,1645,0,43.0080323826,0.8432947526,0.8432947526,0.5000000,2,2,0.49324550000000000,0.493245500000,0.01910635448239258,0.01910635448239258,0.01910635448239258,0E-17,ELIGIBLE,R03b_20260811_FULL_v1,L1_ELIGIBILITY,v2026-08-11,2026-03-21..2026-08-06,baccarat_bet02_101_all_pairs_incl_sentinel,round_win = game_pnl > 0 (decisive only),COMPATIBILITY_ONLY_NOT_PRODUCTION,494.5924,420.8041,-61.7503,30,30,0.12485081,,0.12485081,0.12485081,61.7503,494.5924,OK,0.0000,-2.4700,4.0000,96.0000,AG03-UNRESOLVED,ALL5_LEVELS_bet23_to_bet27,-2.4700,-2.4700,-2.4700,-3.7050,-3.7050,4.000000,4.000000,4.000000,6.000000,6.000000,96.000000,96.000000,96.000000,94.000000,94.000000,5.0,-14.8201,-13.4768,-46.9302,-48.2734,PENDING_AG03,FALSE,NOT_FOR_ENFORCEMENT,-59.2802,403.9719,-61.7503,-59.2802,-2.4700,-0.12485081,-0.11985678,-2.4700,-59.2802,-0.11985678,-2.4700,-2.4700,-2.4700,-3.7050,-3.7050,-59.2802,-0.11985678,-14.8201,-13.4768,-46.9302,-48.2734,-0.09488662,-0.09760246,-0.00499403,16.4864,14.0268,-2.0583,-61.7503,-4.1167,494.5924,30.0000,,16.4864,10.5412,14.7577,21.0824,26.9854,31.6236,40.0565,12.6494,4.2165,2.142857,2.714286,1.117143,14,15,1,2,0E-8,-0.12485081,,0E-8,0.000000,0.850810,0.000000,,2026-04-02,2026-04-02,1,15,14,1,1.000000,,,0.000000,,,,,,,,GLOBAL_BASELINE_NO_ENTITY_RANKING,,,NOT_APPLICABLE_GLOBAL_BASELINE,HF9g-P5,,,,X 全窗基线 · 不参与实体赏罚,3925698,393,A168_HF9F_20260827_0900,2026-08-27 09:00:00
2026-04-02,139548663,2088,0,22.3473109439,21.2299453967,21.2299453967,1.0000000,1,1,0.50665070000000000,0.506650700000,0.9867858985152569,0.9867858985152569,0.9867858985152569,0E-17,ELIGIBLE,R03b_20260811_FULL_v1,L1_ELIGIBILITY,v2026-08-11,2026-03-21..2026-08-06,baccarat_bet02_101_all_pairs_incl_sentinel,round_win = game_pnl > 0 (decisive only),COMPATIBILITY_ONLY_NOT_PRODUCTION,494.5924,420.8041,-61.7503,30,30,0.12485081,,0.12485081,0.12485081,61.7503,494.5924,OK,0.0000,-2.4700,4.0000,96.0000,AG03-UNRESOLVED,ALL5_LEVELS_bet23_to_bet27,-2.4700,-2.4700,-2.4700,-3.7050,-3.7050,4.000000,4.000000,4.000000,6.000000,6.000000,96.000000,96.000000,96.000000,94.000000,94.000000,5.0,-14.8201,-13.4768,-46.9302,-48.2734,PENDING_AG03,FALSE,NOT_FOR_ENFORCEMENT,-59.2802,403.9719,-61.7503,-59.2802,-2.4700,-0.12485081,-0.11985678,-2.4700,-59.2802,-0.11985678,-2.4700,-2.4700,-2.4700,-3.7050,-3.7050,-59.2802,-0.11985678,-14.8201,-13.4768,-46.9302,-48.2734,-0.09488662,-0.09760246,-0.00499403,16.4864,14.0268,-2.0583,-61.7503,-4.1167,494.5924,30.0000,,16.4864,10.5412,14.7577,21.0824,26.9854,31.6236,40.0565,12.6494,4.2165,2.142857,2.714286,1.117143,14,15,1,2,0E-8,-0.12485081,,0E-8,0.000000,0.850810,0.000000,,2026-04-02,2026-04-02,1,15,14,1,1.000000,,,0.000000,,,,,,,,GLOBAL_BASELINE_NO_ENTITY_RANKING,,,NOT_APPLICABLE_GLOBAL_BASELINE,HF9g-P5,,,,X 全窗基线 · 不参与实体赏罚,3925699,393,A168_HF9F_20260827_0900,2026-08-27 09:00:00
2026-04-02,139548663,2103,0,29.5153163410,-8.4329475260,-8.4329475260,0E-7,2,2,0.49324550000000000,0.493245500000,-0.9865810262130424,-0.9865810262130424,-0.9865810262130424,0E-17,ELIGIBLE,R03b_20260811_FULL_v1,L1_ELIGIBILITY,v2026-08-11,2026-03-21..2026-08-06,baccarat_bet02_101_all_pairs_incl_sentinel,round_win = game_pnl > 0 (decisive only),COMPATIBILITY_ONLY_NOT_PRODUCTION,494.5924,420.8041,-61.7503,30,30,0.12485081,,0.12485081,0.12485081,61.7503,494.5924,OK,0.0000,-2.4700,4.0000,96.0000,AG03-UNRESOLVED,ALL5_LEVELS_bet23_to_bet27,-2.4700,-2.4700,-2.4700,-3.7050,-3.7050,4.000000,4.000000,4.000000,6.000000,6.000000,96.000000,96.000000,96.000000,94.000000,94.000000,5.0,-14.8201,-13.4768,-46.9302,-48.2734,PENDING_AG03,FALSE,NOT_FOR_ENFORCEMENT,-59.2802,403.9719,-61.7503,-59.2802,-2.4700,-0.12485081,-0.11985678,-2.4700,-59.2802,-0.11985678,-2.4700,-2.4700,-2.4700,-3.7050,-3.7050,-59.2802,-0.11985678,-14.8201,-13.4768,-46.9302,-48.2734,-0.09488662,-0.09760246,-0.00499403,16.4864,14.0268,-2.0583,-61.7503,-4.1167,494.5924,30.0000,,16.4864,10.5412,14.7577,21.0824,26.9854,31.6236,40.0565,12.6494,4.2165,2.142857,2.714286,1.117143,14,15,1,2,0E-8,-0.12485081,,0E-8,0.000000,0.850810,0.000000,,2026-04-02,2026-04-02,1,15,14,1,1.000000,,,0.000000,,,,,,,,GLOBAL_BASELINE_NO_ENTITY_RANKING,,,NOT_APPLICABLE_GLOBAL_BASELINE,HF9g-P5,,,,X 全窗基线 · 不参与实体赏罚,3925700,393,A168_HF9F_20260827_0900,2026-08-27 09:00:00
2026-04-02,139548663,2205,0,61.1388695634,-29.5153163410,-29.5153163410,0E-7,3,3,0.50218230000000000,0.502182300000,-1.4203995680682369,-1.4203995680682369,-1.4203995680682369,0E-17,ELIGIBLE,R03b_20260811_FULL_v1,L1_ELIGIBILITY,v2026-08-11,2026-03-21..2026-08-06,baccarat_bet02_101_all_pairs_incl_sentinel,round_win = game_pnl > 0 (decisive only),COMPATIBILITY_ONLY_NOT_PRODUCTION,494.5924,420.8041,-61.7503,30,30,0.12485081,,0.12485081,0.12485081,61.7503,494.5924,OK,0.0000,-2.4700,4.0000,96.0000,AG03-UNRESOLVED,ALL5_LEVELS_bet23_to_bet27,-2.4700,-2.4700,-2.4700,-3.7050,-3.7050,4.000000,4.000000,4.000000,6.000000,6.000000,96.000000,96.000000,96.000000,94.000000,94.000000,5.0,-14.8201,-13.4768,-46.9302,-48.2734,PENDING_AG03,FALSE,NOT_FOR_ENFORCEMENT,-59.2802,403.9719,-61.7503,-59.2802,-2.4700,-0.12485081,-0.11985678,-2.4700,-59.2802,-0.11985678,-2.4700,-2.4700,-2.4700,-3.7050,-3.7050,-59.2802,-0.11985678,-14.8201,-13.4768,-46.9302,-48.2734,-0.09488662,-0.09760246,-0.00499403,16.4864,14.0268,-2.0583,-61.7503,-4.1167,494.5924,30.0000,,16.4864,10.5412,14.7577,21.0824,26.9854,31.6236,40.0565,12.6494,4.2165,2.142857,2.714286,1.117143,14,15,1,2,0E-8,-0.12485081,,0E-8,0.000000,0.850810,0.000000,,2026-04-02,2026-04-02,1,15,14,1,1.000000,,,0.000000,,,,,,,,GLOBAL_BASELINE_NO_ENTITY_RANKING,,,NOT_APPLICABLE_GLOBAL_BASELINE,HF9g-P5,,,,X 全窗基线 · 不参与实体赏罚,3925701,393,A168_HF9F_20260827_0900,2026-08-27 09:00:00
2026-04-02,139548663,2212,0,16.8658950520,16.0226002994,16.0226002994,1.0000000,1,1,0.50665070000000000,0.506650700000,0.9867858985152569,0.9867858985152569,0.9867858985152569,0E-17,ELIGIBLE,R03b_20260811_FULL_v1,L1_ELIGIBILITY,v2026-08-11,2026-03-21..2026-08-06,baccarat_bet02_101_all_pairs_incl_sentinel,round_win = game_pnl > 0 (decisive only),COMPATIBILITY_ONLY_NOT_PRODUCTION,494.5924,420.8041,-61.7503,30,30,0.12485081,,0.12485081,0.12485081,61.7503,494.5924,OK,0.0000,-2.4700,4.0000,96.0000,AG03-UNRESOLVED,ALL5_LEVELS_bet23_to_bet27,-2.4700,-2.4700,-2.4700,-3.7050,-3.7050,4.000000,4.000000,4.000000,6.000000,6.000000,96.000000,96.000000,96.000000,94.000000,94.000000,5.0,-14.8201,-13.4768,-46.9302,-48.2734,PENDING_AG03,FALSE,NOT_FOR_ENFORCEMENT,-59.2802,403.9719,-61.7503,-59.2802,-2.4700,-0.12485081,-0.11985678,-2.4700,-59.2802,-0.11985678,-2.4700,-2.4700,-2.4700,-3.7050,-3.7050,-59.2802,-0.11985678,-14.8201,-13.4768,-46.9302,-48.2734,-0.09488662,-0.09760246,-0.00499403,16.4864,14.0268,-2.0583,-61.7503,-4.1167,494.5924,30.0000,,16.4864,10.5412,14.7577,21.0824,26.9854,31.6236,40.0565,12.6494,4.2165,2.142857,2.714286,1.117143,14,15,1,2,0E-8,-0.12485081,,0E-8,0.000000,0.850810,0.000000,,2026-04-02,2026-04-02,1,15,14,1,1.000000,,,0.000000,,,,,,,,GLOBAL_BASELINE_NO_ENTITY_RANKING,,,NOT_APPLICABLE_GLOBAL_BASELINE,HF9g-P5,,,,X 全窗基线 · 不参与实体赏罚,3925702,393,A168_HF9F_20260827_0900,2026-08-27 09:00:00
2026-04-02,139548663,2232,0,40.0565007484,38.0536757110,38.0536757110,1.0000000,1,1,0.50665070000000000,0.506650700000,0.9867858985152569,0.9867858985152569,0.9867858985152569,0E-17,ELIGIBLE,R03b_20260811_FULL_v1,L1_ELIGIBILITY,v2026-08-11,2026-03-21..2026-08-06,baccarat_bet02_101_all_pairs_incl_sentinel,round_win = game_pnl > 0 (decisive only),COMPATIBILITY_ONLY_NOT_PRODUCTION,494.5924,420.8041,-61.7503,30,30,0.12485081,,0.12485081,0.12485081,61.7503,494.5924,OK,0.0000,-2.4700,4.0000,96.0000,AG03-UNRESOLVED,ALL5_LEVELS_bet23_to_bet27,-2.4700,-2.4700,-2.4700,-3.7050,-3.7050,4.000000,4.000000,4.000000,6.000000,6.000000,96.000000,96.000000,96.000000,94.000000,94.000000,5.0,-14.8201,-13.4768,-46.9302,-48.2734,PENDING_AG03,FALSE,NOT_FOR_ENFORCEMENT,-59.2802,403.9719,-61.7503,-59.2802,-2.4700,-0.12485081,-0.11985678,-2.4700,-59.2802,-0.11985678,-2.4700,-2.4700,-2.4700,-3.7050,-3.7050,-59.2802,-0.11985678,-14.8201,-13.4768,-46.9302,-48.2734,-0.09488662,-0.09760246,-0.00499403,16.4864,14.0268,-2.0583,-61.7503,-4.1167,494.5924,30.0000,,16.4864,10.5412,14.7577,21.0824,26.9854,31.6236,40.0565,12.6494,4.2165,2.142857,2.714286,1.117143,14,15,1,2,0E-8,-0.12485081,,0E-8,0.000000,0.850810,0.000000,,2026-04-02,2026-04-02,1,15,14,1,1.000000,,,0.000000,,,,,,,,GLOBAL_BASELINE_NO_ENTITY_RANKING,,,NOT_APPLICABLE_GLOBAL_BASELINE,HF9g-P5,,,,X 全窗基线 · 不参与实体赏罚,3925703,393,A168_HF9F_20260827_0900,2026-08-27 09:00:00
2026-04-02,139548663,2235,0,23.1906056965,22.4527227879,22.4527227879,1.0000000,2,2,0.49994810000000000,0.499948100000,1.4143603653603398,1.4143603653603398,1.4143603653603398,0E-17,ELIGIBLE,R03b_20260811_FULL_v1,L1_ELIGIBILITY,v2026-08-11,2026-03-21..2026-08-06,baccarat_bet02_101_all_pairs_incl_sentinel,round_win = game_pnl > 0 (decisive only),COMPATIBILITY_ONLY_NOT_PRODUCTION,494.5924,420.8041,-61.7503,30,30,0.12485081,,0.12485081,0.12485081,61.7503,494.5924,OK,0.0000,-2.4700,4.0000,96.0000,AG03-UNRESOLVED,ALL5_LEVELS_bet23_to_bet27,-2.4700,-2.4700,-2.4700,-3.7050,-3.7050,4.000000,4.000000,4.000000,6.000000,6.000000,96.000000,96.000000,96.000000,94.000000,94.000000,5.0,-14.8201,-13.4768,-46.9302,-48.2734,PENDING_AG03,FALSE,NOT_FOR_ENFORCEMENT,-59.2802,403.9719,-61.7503,-59.2802,-2.4700,-0.12485081,-0.11985678,-2.4700,-59.2802,-0.11985678,-2.4700,-2.4700,-2.4700,-3.7050,-3.7050,-59.2802,-0.11985678,-14.8201,-13.4768,-46.9302,-48.2734,-0.09488662,-0.09760246,-0.00499403,16.4864,14.0268,-2.0583,-61.7503,-4.1167,494.5924,30.0000,,16.4864,10.5412,14.7577,21.0824,26.9854,31.6236,40.0565,12.6494,4.2165,2.142857,2.714286,1.117143,14,15,1,2,0E-8,-0.12485081,,0E-8,0.000000,0.850810,0.000000,,2026-04-02,2026-04-02,1,15,14,1,1.000000,,,0.000000,,,,,,,,GLOBAL_BASELINE_NO_ENTITY_RANKING,,,NOT_APPLICABLE_GLOBAL_BASELINE,HF9g-P5,,,,X 全窗基线 · 不参与实体赏罚,3925704,393,A168_HF9F_20260827_0900,2026-08-27 09:00:00
2026-04-02,139548663,595,0,22.3473109439,21.2299453967,21.2299453967,1.0000000,1,1,0.50665070000000000,0.506650700000,0.9867858985152569,0.9867858985152569,0.9867858985152569,0E-17,ELIGIBLE,R03b_20260811_FULL_v1,L1_ELIGIBILITY,v2026-08-11,2026-03-21..2026-08-06,baccarat_bet02_101_all_pairs_incl_sentinel,round_win = game_pnl > 0 (decisive only),COMPATIBILITY_ONLY_NOT_PRODUCTION,494.5924,420.8041,-61.7503,30,30,0.12485081,,0.12485081,0.12485081,61.7503,494.5924,OK,0.0000,-2.4700,4.0000,96.0000,AG03-UNRESOLVED,ALL5_LEVELS_bet23_to_bet27,-2.4700,-2.4700,-2.4700,-3.7050,-3.7050,4.000000,4.000000,4.000000,6.000000,6.000000,96.000000,96.000000,96.000000,94.000000,94.000000,5.0,-14.8201,-13.4768,-46.9302,-48.2734,PENDING_AG03,FALSE,NOT_FOR_ENFORCEMENT,-59.2802,403.9719,-61.7503,-59.2802,-2.4700,-0.12485081,-0.11985678,-2.4700,-59.2802,-0.11985678,-2.4700,-2.4700,-2.4700,-3.7050,-3.7050,-59.2802,-0.11985678,-14.8201,-13.4768,-46.9302,-48.2734,-0.09488662,-0.09760246,-0.00499403,16.4864,14.0268,-2.0583,-61.7503,-4.1167,494.5924,30.0000,,16.4864,10.5412,14.7577,21.0824,26.9854,31.6236,40.0565,12.6494,4.2165,2.142857,2.714286,1.117143,14,15,1,2,0E-8,-0.12485081,,0E-8,0.000000,0.850810,0.000000,,2026-04-02,2026-04-02,1,15,14,1,1.000000,,,0.000000,,,,,,,,GLOBAL_BASELINE_NO_ENTITY_RANKING,,,NOT_APPLICABLE_GLOBAL_BASELINE,HF9g-P5,,,,X 全窗基线 · 不参与实体赏罚,3925705,393,A168_HF9F_20260827_0900,2026-08-27 09:00:00
2026-03-25,143021566,2101,0,65.0000000000,61.7500000000,61.7500000000,1.0000000,1,1,0.50665070000000000,0.506650700000,0.9867858985152569,0.9867858985152569,0.9867858985152569,0E-17,ELIGIBLE,R03b_20260811_FULL_v1,L1_ELIGIBILITY,v2026-08-11,2026-03-21..2026-08-06,baccarat_bet02_101_all_pairs_incl_sentinel,round_win = game_pnl > 0 (decisive only),COMPATIBILITY_ONLY_NOT_PRODUCTION,65.0000,65.0000,-61.7500,1,1,0.95000000,,0.95000000,0.95000000,61.7500,65.0000,THIN_EXPOSURE,0.0000,-2.4700,4.0000,96.0000,AG03-UNRESOLVED,ALL5_LEVELS_bet23_to_bet27,-2.4700,-2.4700,-2.4700,-2.4700,-2.4700,4.000000,4.000000,4.000000,4.000000,4.000000,96.000000,96.000000,96.000000,96.000000,96.000000,5.0,-12.3500,-11.4007,-49.4000,-50.3493,PENDING_AG03,FALSE,NOT_FOR_ENFORCEMENT,-59.2800,62.4000,-61.7500,-59.2800,-2.4700,-0.95000000,-0.91200000,-2.4700,-59.2800,-0.91200000,-2.4700,-2.4700,-2.4700,-2.4700,-2.4700,-59.2800,-0.91200000,-12.3500,-11.4007,-49.4000,-50.3493,-0.76000000,-0.77460406,-0.03800000,65.0000,65.0000,-61.7500,-61.7500,-61.7500,65.0000,1.0000,,65.0000,65.0,65.0,65.0,65.0,65.0,65.0,65.0,61.75,1.0,1.0,1.0,1,1,1,1,0E-8,-0.95000000,,0E-8,0.000000,1.000000,0.000000,,2026-03-25,2026-03-25,1,1,1,1,1.000000,,,0.000000,,,,,,,,GLOBAL_BASELINE_NO_ENTITY_RANKING,,,NOT_APPLICABLE_GLOBAL_BASELINE,HF9g-P5,,,,X 全窗基线 · 不参与实体赏罚,3925706,393,A168_HF9F_20260827_0900,2026-08-27 09:00:00
2026-07-18,153157574,1205,0,13.1451042771,-13.1451042771,-13.1451042771,0E-7,1,1,0.50665070000000000,0.506650700000,-1.013391052207602,-1.013391052207602,-1.013391052207602,0E-17,ELIGIBLE,R03b_20260811_FULL_v1,L1_ELIGIBILITY,v2026-08-11,2026-03-21..2026-08-06,baccarat_bet02_101_all_pairs_incl_sentinel,round_win = game_pnl > 0 (decisive only),COMPATIBILITY_ONLY_NOT_PRODUCTION,88.0391,88.0391,-61.7489,2,2,0.70138018,0.70138018,,0.70138018,61.7489,88.0391,THIN_EXPOSURE,0.0000,-2.4700,4.0000,96.0000,AG03-UNRESOLVED,ALL5_LEVELS_bet23_to_bet27,-2.4700,-2.4700,-2.4700,-3.0874,0.0000,4.000000,4.000000,4.000000,5.000000,0.000000,96.000000,96.000000,96.000000,95.000000,100.000000,5.0,-10.4973,-9.849,-51.2515,-51.8999,PENDING_AG03,FALSE,NOT_FOR_ENFORCEMENT,-59.2789,84.5175,-61.7489,-59.2789,-2.4700,-0.70138018,-0.67332497,-2.4700,-59.2789,-0.67332497,-2.4700,-2.4700,-2.4700,-3.0874,0.0000,-59.2789,-0.67332497,-10.4973,-9.849,-51.2515,-51.8999,-0.58214555,-0.58950948,-0.02805521,44.0195,44.0195,-30.8744,-61.7489,-30.8744,88.0391,2.0000,44.0195,,13.1451,44.0195,74.894,74.894,74.894,74.894,44.0195,30.8744,1.70138,1.70138,1.0,2,2,1,2,1.00000000,-0.70138018,-0.70138018,0E-8,0.000000,1.000000,0.000000,,2026-07-18,2026-07-18,1,2,2,1,1.000000,,1.000000,3.333333,,,,,,,,GLOBAL_BASELINE_NO_ENTITY_RANKING,,,NOT_APPLICABLE_GLOBAL_BASELINE,HF9g-P5,,,,X 全窗基线 · 不参与实体赏罚,3925707,393,A168_HF9F_20260827_0900,2026-08-27 09:00:00
2026-07-18,153157574,2254,0,74.8939554613,74.8939554613,74.8939554613,1.0000000,1,1,0.49324550000000000,0.493245500000,1.01360149184955,1.01360149184955,1.01360149184955,0E-17,ELIGIBLE,R03b_20260811_FULL_v1,L1_ELIGIBILITY,v2026-08-11,2026-03-21..2026-08-06,baccarat_bet02_101_all_pairs_incl_sentinel,round_win = game_pnl > 0 (decisive only),COMPATIBILITY_ONLY_NOT_PRODUCTION,88.0391,88.0391,-61.7489,2,2,0.70138018,0.70138018,,0.70138018,61.7489,88.0391,THIN_EXPOSURE,0.0000,-2.4700,4.0000,96.0000,AG03-UNRESOLVED,ALL5_LEVELS_bet23_to_bet27,-2.4700,-2.4700,-2.4700,-3.0874,0.0000,4.000000,4.000000,4.000000,5.000000,0.000000,96.000000,96.000000,96.000000,95.000000,100.000000,5.0,-10.4973,-9.849,-51.2515,-51.8999,PENDING_AG03,FALSE,NOT_FOR_ENFORCEMENT,-59.2789,84.5175,-61.7489,-59.2789,-2.4700,-0.70138018,-0.67332497,-2.4700,-59.2789,-0.67332497,-2.4700,-2.4700,-2.4700,-3.0874,0.0000,-59.2789,-0.67332497,-10.4973,-9.849,-51.2515,-51.8999,-0.58214555,-0.58950948,-0.02805521,44.0195,44.0195,-30.8744,-61.7489,-30.8744,88.0391,2.0000,44.0195,,13.1451,44.0195,74.894,74.894,74.894,74.894,44.0195,30.8744,1.70138,1.70138,1.0,2,2,1,2,1.00000000,-0.70138018,-0.70138018,0E-8,0.000000,1.000000,0.000000,,2026-07-18,2026-07-18,1,2,2,1,1.000000,,1.000000,3.333333,,,,,,,,GLOBAL_BASELINE_NO_ENTITY_RANKING,,,NOT_APPLICABLE_GLOBAL_BASELINE,HF9g-P5,,,,X 全窗基线 · 不参与实体赏罚,3925708,393,A168_HF9F_20260827_0900,2026-08-27 09:00:00
2026-03-30,147969821,1331,0,92.1610448430,-39.4975906470,-39.4975906470,0E-7,3,1,0.46750225142857143,0.364833000000,-0.9369857054969613,-0.7578846202888514,-0.9369857054969613,0.10266925142857143,ELIGIBLE,R03b_20260811_FULL_v1,L1_ELIGIBILITY,v2026-08-11,2026-03-21..2026-08-06,baccarat_bet02_101_all_pairs_incl_sentinel,round_win = game_pnl > 0 (decisive only),COMPATIBILITY_ONLY_NOT_PRODUCTION,663.5595,410.7749,-61.7479,20,13,0.09305556,,0.09305556,0.09305556,61.7479,663.5595,THIN_EXPOSURE,0.0000,-2.4699,4.0000,96.0000,AG03-UNRESOLVED,ALL5_LEVELS_bet23_to_bet27,-2.4699,-2.4699,-2.4699,-3.0874,-3.0874,4.000000,4.000000,4.000000,5.000000,5.000000,96.000000,96.000000,96.000000,95.000000,95.000000,5.0,-13.5845,-12.4438,-48.1634,-49.3041,PENDING_AG03,FALSE,NOT_FOR_ENFORCEMENT,-59.2780,394.3439,-61.7479,-59.2780,-2.4699,-0.09305556,-0.08933333,-2.4699,-59.2780,-0.08933333,-2.4699,-2.4699,-2.4699,-3.0874,-3.0874,-59.2780,-0.08933333,-13.5845,-12.4438,-48.1634,-49.3041,-0.07258333,-0.07430246,-0.00372222,33.1780,31.5981,-4.7498,-61.7479,-15.4370,663.5595,13.0000,,33.1780,10.5327,22.382,50.0303,71.0957,109.2767,134.2918,11.8493,-7.8995,4.882353,6.0,1.482353,4,4,1,3,0E-8,-0.09305556,,0E-8,0.000000,0.619048,0.000000,,2026-03-30,2026-03-30,1,4,4,1,1.000000,,,0.000000,,,,,,,,GLOBAL_BASELINE_NO_ENTITY_RANKING,,,NOT_APPLICABLE_GLOBAL_BASELINE,HF9g-P5,,,,X 全窗基线 · 不参与实体赏罚,3925709,393,A168_HF9F_20260827_0900,2026-08-27 09:00:00
2026-03-30,147969821,1941,0,165.8898807174,53.3217473734,53.3217473734,0.7142857,8,7,0.49347748944099379,0.472431135714,1.1685067288837394,1.2817239485329353,1.1685067288837394,0.02104635372699379,ELIGIBLE,R03b_20260811_FULL_v1,L1_ELIGIBILITY,v2026-08-11,2026-03-21..2026-08-06,baccarat_bet02_101_all_pairs_incl_sentinel,round_win = game_pnl > 0 (decisive only),COMPATIBILITY_ONLY_NOT_PRODUCTION,663.5595,410.7749,-61.7479,20,13,0.09305556,,0.09305556,0.09305556,61.7479,663.5595,THIN_EXPOSURE,0.0000,-2.4699,4.0000,96.0000,AG03-UNRESOLVED,ALL5_LEVELS_bet23_to_bet27,-2.4699,-2.4699,-2.4699,-3.0874,-3.0874,4.000000,4.000000,4.000000,5.000000,5.000000,96.000000,96.000000,96.000000,95.000000,95.000000,5.0,-13.5845,-12.4438,-48.1634,-49.3041,PENDING_AG03,FALSE,NOT_FOR_ENFORCEMENT,-59.2780,394.3439,-61.7479,-59.2780,-2.4699,-0.09305556,-0.08933333,-2.4699,-59.2780,-0.08933333,-2.4699,-2.4699,-2.4699,-3.0874,-3.0874,-59.2780,-0.08933333,-13.5845,-12.4438,-48.1634,-49.3041,-0.07258333,-0.07430246,-0.00372222,33.1780,31.5981,-4.7498,-61.7479,-15.4370,663.5595,13.0000,,33.1780,10.5327,22.382,50.0303,71.0957,109.2767,134.2918,11.8493,-7.8995,4.882353,6.0,1.482353,4,4,1,3,0E-8,-0.09305556,,0E-8,0.000000,0.619048,0.000000,,2026-03-30,2026-03-30,1,4,4,1,1.000000,,,0.000000,,,,,,,,GLOBAL_BASELINE_NO_ENTITY_RANKING,,,NOT_APPLICABLE_GLOBAL_BASELINE,HF9g-P5,,,,X 全窗基线 · 不参与实体赏罚,3925710,393,A168_HF9F_20260827_0900,2026-08-27 09:00:00
2026-03-30,147969821,2223,0,181.6889169761,3.1598072517,3.1598072517,0.6666667,5,3,0.49289024150942730,0.454909733333,0.6020400627808521,0.7365486503780201,0.6020400627808521,0.03798050817642730,ELIGIBLE,R03b_20260811_FULL_v1,L1_ELIGIBILITY,v2026-08-11,2026-03-21..2026-08-06,baccarat_bet02_101_all_pairs_incl_sentinel,round_win = game_pnl > 0 (decisive only),COMPATIBILITY_ONLY_NOT_PRODUCTION,663.5595,410.7749,-61.7479,20,13,0.09305556,,0.09305556,0.09305556,61.7479,663.5595,THIN_EXPOSURE,0.0000,-2.4699,4.0000,96.0000,AG03-UNRESOLVED,ALL5_LEVELS_bet23_to_bet27,-2.4699,-2.4699,-2.4699,-3.0874,-3.0874,4.000000,4.000000,4.000000,5.000000,5.000000,96.000000,96.000000,96.000000,95.000000,95.000000,5.0,-13.5845,-12.4438,-48.1634,-49.3041,PENDING_AG03,FALSE,NOT_FOR_ENFORCEMENT,-59.2780,394.3439,-61.7479,-59.2780,-2.4699,-0.09305556,-0.08933333,-2.4699,-59.2780,-0.08933333,-2.4699,-2.4699,-2.4699,-3.0874,-3.0874,-59.2780,-0.08933333,-13.5845,-12.4438,-48.1634,-49.3041,-0.07258333,-0.07430246,-0.00372222,33.1780,31.5981,-4.7498,-61.7479,-15.4370,663.5595,13.0000,,33.1780,10.5327,22.382,50.0303,71.0957,109.2767,134.2918,11.8493,-7.8995,4.882353,6.0,1.482353,4,4,1,3,0E-8,-0.09305556,,0E-8,0.000000,0.619048,0.000000,,2026-03-30,2026-03-30,1,4,4,1,1.000000,,,0.000000,,,,,,,,GLOBAL_BASELINE_NO_ENTITY_RANKING,,,NOT_APPLICABLE_GLOBAL_BASELINE,HF9g-P5,,,,X 全窗基线 · 不参与实体赏罚,3925711,393,A168_HF9F_20260827_0900,2026-08-27 09:00:00
2026-03-30,147969821,2224,0,223.8196803329,44.7639360665,44.7639360665,0.5000000,4,2,0.48440238799999552,0.429039250000,0.04413819045298696,0.202759660484044,0.04413819045298696,0.05536313799999552,ELIGIBLE,R03b_20260811_FULL_v1,L1_ELIGIBILITY,v2026-08-11,2026-03-21..2026-08-06,baccarat_bet02_101_all_pairs_incl_sentinel,round_win = game_pnl > 0 (decisive only),COMPATIBILITY_ONLY_NOT_PRODUCTION,663.5595,410.7749,-61.7479,20,13,0.09305556,,0.09305556,0.09305556,61.7479,663.5595,THIN_EXPOSURE,0.0000,-2.4699,4.0000,96.0000,AG03-UNRESOLVED,ALL5_LEVELS_bet23_to_bet27,-2.4699,-2.4699,-2.4699,-3.0874,-3.0874,4.000000,4.000000,4.000000,5.000000,5.000000,96.000000,96.000000,96.000000,95.000000,95.000000,5.0,-13.5845,-12.4438,-48.1634,-49.3041,PENDING_AG03,FALSE,NOT_FOR_ENFORCEMENT,-59.2780,394.3439,-61.7479,-59.2780,-2.4699,-0.09305556,-0.08933333,-2.4699,-59.2780,-0.08933333,-2.4699,-2.4699,-2.4699,-3.0874,-3.0874,-59.2780,-0.08933333,-13.5845,-12.4438,-48.1634,-49.3041,-0.07258333,-0.07430246,-0.00372222,33.1780,31.5981,-4.7498,-61.7479,-15.4370,663.5595,13.0000,,33.1780,10.5327,22.382,50.0303,71.0957,109.2767,134.2918,11.8493,-7.8995,4.882353,6.0,1.482353,4,4,1,3,0E-8,-0.09305556,,0E-8,0.000000,0.619048,0.000000,,2026-03-30,2026-03-30,1,4,4,1,1.000000,,,0.000000,,,,,,,,GLOBAL_BASELINE_NO_ENTITY_RANKING,,,NOT_APPLICABLE_GLOBAL_BASELINE,HF9g-P5,,,,X 全窗基线 · 不参与实体赏罚,3925712,393,A168_HF9F_20260827_0900,2026-08-27 09:00:00
2026-03-24,129064373,-1,1,18.4322089686,2.6331727098,2.6331727098,0.5000000,2,2,0.49994810000000000,0.499948100000,0.00014679536856514622,0.00014679536856514622,0.00014679536856514622,0E-17,SENTINEL_DEALER,R03b_20260811_FULL_v1,L1_ELIGIBILITY,v2026-08-11,2026-03-21..2026-08-06,baccarat_bet02_101_all_pairs_incl_sentinel,round_win = game_pnl > 0 (decisive only),COMPATIBILITY_ONLY_NOT_PRODUCTION,1487.7426,1479.8431,-61.7479,41,31,0.04150442,,0.04150442,0.04150442,61.7479,1487.7426,OK,0.0000,-2.4699,4.0000,96.0000,AG03-UNRESOLVED,ALL5_LEVELS_bet23_to_bet27,-2.4699,-2.4699,-2.4699,-3.0874,-3.0874,4.000000,4.000000,4.000000,5.000000,5.000000,96.000000,96.000000,96.000000,95.000000,95.000000,5.0,-13.5845,-12.4438,-48.1634,-49.3041,PENDING_AG03,FALSE,NOT_FOR_ENFORCEMENT,-59.2780,1420.6493,-61.7479,-59.2780,-2.4699,-0.04150442,-0.03984425,-2.4699,-59.2780,-0.03984425,-2.4699,-2.4699,-2.4699,-3.0874,-3.0874,-59.2780,-0.03984425,-13.5845,-12.4438,-48.1634,-49.3041,-0.03237345,-0.03314021,-0.00166018,36.2864,47.7369,-1.9919,-61.7479,-5.1457,1487.7426,31.0000,,36.2864,9.8744,18.4322,39.4976,96.374,147.0627,263.3173,18.4322,-5.2663,7.978572,14.285714,1.968641,10,8,4,3,0E-8,-0.04150442,,0E-8,0.000000,0.994690,0.000000,,2026-03-24,2026-03-24,1,12,10,1,1.000000,,,0.000000,,,,,,,,GLOBAL_BASELINE_NO_ENTITY_RANKING,,,NOT_APPLICABLE_GLOBAL_BASELINE,HF9g-P5,,,,X 全窗基线 · 不参与实体赏罚,3925713,393,A168_HF9F_20260827_0900,2026-08-27 09:00:00
2026-03-24,129064373,1094,0,78.9951812940,33.9679279564,33.9679279564,0.5000000,3,2,0.48277943750000000,0.396936125000,0.04873601977146087,0.29790616794075786,0.04873601977146087,0.08584331250000000,ELIGIBLE,R03b_20260811_FULL_v1,L1_ELIGIBILITY,v2026-08-11,2026-03-21..2026-08-06,baccarat_bet02_101_all_pairs_incl_sentinel,round_win = game_pnl > 0 (decisive only),COMPATIBILITY_ONLY_NOT_PRODUCTION,1487.7426,1479.8431,-61.7479,41,31,0.04150442,,0.04150442,0.04150442,61.7479,1487.7426,OK,0.0000,-2.4699,4.0000,96.0000,AG03-UNRESOLVED,ALL5_LEVELS_bet23_to_bet27,-2.4699,-2.4699,-2.4699,-3.0874,-3.0874,4.000000,4.000000,4.000000,5.000000,5.000000,96.000000,96.000000,96.000000,95.000000,95.000000,5.0,-13.5845,-12.4438,-48.1634,-49.3041,PENDING_AG03,FALSE,NOT_FOR_ENFORCEMENT,-59.2780,1420.6493,-61.7479,-59.2780,-2.4699,-0.04150442,-0.03984425,-2.4699,-59.2780,-0.03984425,-2.4699,-2.4699,-2.4699,-3.0874,-3.0874,-59.2780,-0.03984425,-13.5845,-12.4438,-48.1634,-49.3041,-0.03237345,-0.03314021,-0.00166018,36.2864,47.7369,-1.9919,-61.7479,-5.1457,1487.7426,31.0000,,36.2864,9.8744,18.4322,39.4976,96.374,147.0627,263.3173,18.4322,-5.2663,7.978572,14.285714,1.968641,10,8,4,3,0E-8,-0.04150442,,0E-8,0.000000,0.994690,0.000000,,2026-03-24,2026-03-24,1,12,10,1,1.000000,,,0.000000,,,,,,,,GLOBAL_BASELINE_NO_ENTITY_RANKING,,,NOT_APPLICABLE_GLOBAL_BASELINE,HF9g-P5,,,,X 全窗基线 · 不参与实体赏罚,3925714,393,A168_HF9F_20260827_0900,2026-08-27 09:00:00
2026-03-24,129064373,1318,0,7.8995181294,0E-10,0E-10,,1,1,0.50665070000000000,0.506650700000,,,,0E-17,NO_DECISIVE_ROUND,R03b_20260811_FULL_v1,L1_ELIGIBILITY,v2026-08-11,2026-03-21..2026-08-06,baccarat_bet02_101_all_pairs_incl_sentinel,round_win = game_pnl > 0 (decisive only),COMPATIBILITY_ONLY_NOT_PRODUCTION,1487.7426,1479.8431,-61.7479,41,31,0.04150442,,0.04150442,0.04150442,61.7479,1487.7426,OK,0.0000,-2.4699,4.0000,96.0000,AG03-UNRESOLVED,ALL5_LEVELS_bet23_to_bet27,-2.4699,-2.4699,-2.4699,-3.0874,-3.0874,4.000000,4.000000,4.000000,5.000000,5.000000,96.000000,96.000000,96.000000,95.000000,95.000000,5.0,-13.5845,-12.4438,-48.1634,-49.3041,PENDING_AG03,FALSE,NOT_FOR_ENFORCEMENT,-59.2780,1420.6493,-61.7479,-59.2780,-2.4699,-0.04150442,-0.03984425,-2.4699,-59.2780,-0.03984425,-2.4699,-2.4699,-2.4699,-3.0874,-3.0874,-59.2780,-0.03984425,-13.5845,-12.4438,-48.1634,-49.3041,-0.03237345,-0.03314021,-0.00166018,36.2864,47.7369,-1.9919,-61.7479,-5.1457,1487.7426,31.0000,,36.2864,9.8744,18.4322,39.4976,96.374,147.0627,263.3173,18.4322,-5.2663,7.978572,14.285714,1.968641,10,8,4,3,0E-8,-0.04150442,,0E-8,0.000000,0.994690,0.000000,,2026-03-24,2026-03-24,1,12,10,1,1.000000,,,0.000000,,,,,,,,GLOBAL_BASELINE_NO_ENTITY_RANKING,,,NOT_APPLICABLE_GLOBAL_BASELINE,HF9g-P5,,,,X 全窗基线 · 不参与实体赏罚,3925715,393,A168_HF9F_20260827_0900,2026-08-27 09:00:00
2026-03-24,129064373,1935,0,97.4273902626,34.2312452274,34.2312452274,0.3333333,4,3,0.49233927037037037,0.435741850000,-0.5508773855396987,-0.3577199375296409,-0.5508773855396987,0.05659742037037037,ELIGIBLE,R03b_20260811_FULL_v1,L1_ELIGIBILITY,v2026-08-11,2026-03-21..2026-08-06,baccarat_bet02_101_all_pairs_incl_sentinel,round_win = game_pnl > 0 (decisive only),COMPATIBILITY_ONLY_NOT_PRODUCTION,1487.7426,1479.8431,-61.7479,41,31,0.04150442,,0.04150442,0.04150442,61.7479,1487.7426,OK,0.0000,-2.4699,4.0000,96.0000,AG03-UNRESOLVED,ALL5_LEVELS_bet23_to_bet27,-2.4699,-2.4699,-2.4699,-3.0874,-3.0874,4.000000,4.000000,4.000000,5.000000,5.000000,96.000000,96.000000,96.000000,95.000000,95.000000,5.0,-13.5845,-12.4438,-48.1634,-49.3041,PENDING_AG03,FALSE,NOT_FOR_ENFORCEMENT,-59.2780,1420.6493,-61.7479,-59.2780,-2.4699,-0.04150442,-0.03984425,-2.4699,-59.2780,-0.03984425,-2.4699,-2.4699,-2.4699,-3.0874,-3.0874,-59.2780,-0.03984425,-13.5845,-12.4438,-48.1634,-49.3041,-0.03237345,-0.03314021,-0.00166018,36.2864,47.7369,-1.9919,-61.7479,-5.1457,1487.7426,31.0000,,36.2864,9.8744,18.4322,39.4976,96.374,147.0627,263.3173,18.4322,-5.2663,7.978572,14.285714,1.968641,10,8,4,3,0E-8,-0.04150442,,0E-8,0.000000,0.994690,0.000000,,2026-03-24,2026-03-24,1,12,10,1,1.000000,,,0.000000,,,,,,,,GLOBAL_BASELINE_NO_ENTITY_RANKING,,,NOT_APPLICABLE_GLOBAL_BASELINE,HF9g-P5,,,,X 全窗基线 · 不参与实体赏罚,3925716,393,A168_HF9F_20260827_0900,2026-08-27 09:00:00
2026-03-24,129064373,2141,0,297.5485162073,-142.8496195066,-142.8496195066,0.3333333,8,6,0.48901188937499495,0.432390550000,-0.7628502855504233,-0.4897775117974666,-0.7628502855504233,0.05662133937499495,ELIGIBLE,R03b_20260811_FULL_v1,L1_ELIGIBILITY,v2026-08-11,2026-03-21..2026-08-06,baccarat_bet02_101_all_pairs_incl_sentinel,round_win = game_pnl > 0 (decisive only),COMPATIBILITY_ONLY_NOT_PRODUCTION,1487.7426,1479.8431,-61.7479,41,31,0.04150442,,0.04150442,0.04150442,61.7479,1487.7426,OK,0.0000,-2.4699,4.0000,96.0000,AG03-UNRESOLVED,ALL5_LEVELS_bet23_to_bet27,-2.4699,-2.4699,-2.4699,-3.0874,-3.0874,4.000000,4.000000,4.000000,5.000000,5.000000,96.000000,96.000000,96.000000,95.000000,95.000000,5.0,-13.5845,-12.4438,-48.1634,-49.3041,PENDING_AG03,FALSE,NOT_FOR_ENFORCEMENT,-59.2780,1420.6493,-61.7479,-59.2780,-2.4699,-0.04150442,-0.03984425,-2.4699,-59.2780,-0.03984425,-2.4699,-2.4699,-2.4699,-3.0874,-3.0874,-59.2780,-0.03984425,-13.5845,-12.4438,-48.1634,-49.3041,-0.03237345,-0.03314021,-0.00166018,36.2864,47.7369,-1.9919,-61.7479,-5.1457,1487.7426,31.0000,,36.2864,9.8744,18.4322,39.4976,96.374,147.0627,263.3173,18.4322,-5.2663,7.978572,14.285714,1.968641,10,8,4,3,0E-8,-0.04150442,,0E-8,0.000000,0.994690,0.000000,,2026-03-24,2026-03-24,1,12,10,1,1.000000,,,0.000000,,,,,,,,GLOBAL_BASELINE_NO_ENTITY_RANKING,,,NOT_APPLICABLE_GLOBAL_BASELINE,HF9g-P5,,,,X 全窗基线 · 不参与实体赏罚,3925717,393,A168_HF9F_20260827_0900,2026-08-27 09:00:00
2026-03-24,129064373,2218,0,26.3317270980,25.0151407431,25.0151407431,1.0000000,1,1,0.50665070000000000,0.506650700000,0.9867858985152569,0.9867858985152569,0.9867858985152569,0E-17,ELIGIBLE,R03b_20260811_FULL_v1,L1_ELIGIBILITY,v2026-08-11,2026-03-21..2026-08-06,baccarat_bet02_101_all_pairs_incl_sentinel,round_win = game_pnl > 0 (decisive only),COMPATIBILITY_ONLY_NOT_PRODUCTION,1487.7426,1479.8431,-61.7479,41,31,0.04150442,,0.04150442,0.04150442,61.7479,1487.7426,OK,0.0000,-2.4699,4.0000,96.0000,AG03-UNRESOLVED,ALL5_LEVELS_bet23_to_bet27,-2.4699,-2.4699,-2.4699,-3.0874,-3.0874,4.000000,4.000000,4.000000,5.000000,5.000000,96.000000,96.000000,96.000000,95.000000,95.000000,5.0,-13.5845,-12.4438,-48.1634,-49.3041,PENDING_AG03,FALSE,NOT_FOR_ENFORCEMENT,-59.2780,1420.6493,-61.7479,-59.2780,-2.4699,-0.04150442,-0.03984425,-2.4699,-59.2780,-0.03984425,-2.4699,-2.4699,-2.4699,-3.0874,-3.0874,-59.2780,-0.03984425,-13.5845,-12.4438,-48.1634,-49.3041,-0.03237345,-0.03314021,-0.00166018,36.2864,47.7369,-1.9919,-61.7479,-5.1457,1487.7426,31.0000,,36.2864,9.8744,18.4322,39.4976,96.374,147.0627,263.3173,18.4322,-5.2663,7.978572,14.285714,1.968641,10,8,4,3,0E-8,-0.04150442,,0E-8,0.000000,0.994690,0.000000,,2026-03-24,2026-03-24,1,12,10,1,1.000000,,,0.000000,,,,,,,,GLOBAL_BASELINE_NO_ENTITY_RANKING,,,NOT_APPLICABLE_GLOBAL_BASELINE,HF9g-P5,,,,X 全窗基线 · 不参与实体赏罚,3925718,393,A168_HF9F_20260827_0900,2026-08-27 09:00:00
2026-03-24,129064373,2233,0,18.4322089686,18.4322089686,18.4322089686,1.0000000,1,1,0.49324550000000000,0.493245500000,1.01360149184955,1.01360149184955,1.01360149184955,0E-17,ELIGIBLE,R03b_20260811_FULL_v1,L1_ELIGIBILITY,v2026-08-11,2026-03-21..2026-08-06,baccarat_bet02_101_all_pairs_incl_sentinel,round_win = game_pnl > 0 (decisive only),COMPATIBILITY_ONLY_NOT_PRODUCTION,1487.7426,1479.8431,-61.7479,41,31,0.04150442,,0.04150442,0.04150442,61.7479,1487.7426,OK,0.0000,-2.4699,4.0000,96.0000,AG03-UNRESOLVED,ALL5_LEVELS_bet23_to_bet27,-2.4699,-2.4699,-2.4699,-3.0874,-3.0874,4.000000,4.000000,4.000000,5.000000,5.000000,96.000000,96.000000,96.000000,95.000000,95.000000,5.0,-13.5845,-12.4438,-48.1634,-49.3041,PENDING_AG03,FALSE,NOT_FOR_ENFORCEMENT,-59.2780,1420.6493,-61.7479,-59.2780,-2.4699,-0.04150442,-0.03984425,-2.4699,-59.2780,-0.03984425,-2.4699,-2.4699,-2.4699,-3.0874,-3.0874,-59.2780,-0.03984425,-13.5845,-12.4438,-48.1634,-49.3041,-0.03237345,-0.03314021,-0.00166018,36.2864,47.7369,-1.9919,-61.7479,-5.1457,1487.7426,31.0000,,36.2864,9.8744,18.4322,39.4976,96.374,147.0627,263.3173,18.4322,-5.2663,7.978572,14.285714,1.968641,10,8,4,3,0E-8,-0.04150442,,0E-8,0.000000,0.994690,0.000000,,2026-03-24,2026-03-24,1,12,10,1,1.000000,,,0.000000,,,,,,,,GLOBAL_BASELINE_NO_ENTITY_RANKING,,,NOT_APPLICABLE_GLOBAL_BASELINE,HF9g-P5,,,,X 全窗基线 · 不参与实体赏罚,3925719,393,A168_HF9F_20260827_0900,2026-08-27 09:00:00
2026-03-24,129064373,2244,0,942.6758301079,90.3178239459,90.3178239459,0.4666667,21,15,0.48302178240578973,0.419772720000,-0.12675928207282144,0.36800713343443725,-0.12675928207282144,0.06324906240578973,ELIGIBLE,R03b_20260811_FULL_v1,L1_ELIGIBILITY,v2026-08-11,2026-03-21..2026-08-06,baccarat_bet02_101_all_pairs_incl_sentinel,round_win = game_pnl > 0 (decisive only),COMPATIBILITY_ONLY_NOT_PRODUCTION,1487.7426,1479.8431,-61.7479,41,31,0.04150442,,0.04150442,0.04150442,61.7479,1487.7426,OK,0.0000,-2.4699,4.0000,96.0000,AG03-UNRESOLVED,ALL5_LEVELS_bet23_to_bet27,-2.4699,-2.4699,-2.4699,-3.0874,-3.0874,4.000000,4.000000,4.000000,5.000000,5.000000,96.000000,96.000000,96.000000,95.000000,95.000000,5.0,-13.5845,-12.4438,-48.1634,-49.3041,PENDING_AG03,FALSE,NOT_FOR_ENFORCEMENT,-59.2780,1420.6493,-61.7479,-59.2780,-2.4699,-0.04150442,-0.03984425,-2.4699,-59.2780,-0.03984425,-2.4699,-2.4699,-2.4699,-3.0874,-3.0874,-59.2780,-0.03984425,-13.5845,-12.4438,-48.1634,-49.3041,-0.03237345,-0.03314021,-0.00166018,36.2864,47.7369,-1.9919,-61.7479,-5.1457,1487.7426,31.0000,,36.2864,9.8744,18.4322,39.4976,96.374,147.0627,263.3173,18.4322,-5.2663,7.978572,14.285714,1.968641,10,8,4,3,0E-8,-0.04150442,,0E-8,0.000000,0.994690,0.000000,,2026-03-24,2026-03-24,1,12,10,1,1.000000,,,0.000000,,,,,,,,GLOBAL_BASELINE_NO_ENTITY_RANKING,,,NOT_APPLICABLE_GLOBAL_BASELINE,HF9g-P5,,,,X 全窗基线 · 不参与实体赏罚,3925720,393,A168_HF9F_20260827_0900,2026-08-27 09:00:00
2026-07-04,152554172,1505,0,129.5834525608,80.9589993049,80.9589993049,1.0000000,7,7,0.50090561428571429,0.500905614286,2.2320216084223463,2.2320216084210713,2.2320216084223463,-2.8571E-13,ELIGIBLE,R03b_20260811_FULL_v1,L1_ELIGIBILITY,v2026-08-11,2026-03-21..2026-08-06,baccarat_bet02_101_all_pairs_incl_sentinel,round_win = game_pnl > 0 (decisive only),COMPATIBILITY_ONLY_NOT_PRODUCTION,169.6440,123.8605,-61.7463,10,10,0.36397590,-0.47959184,0.62476341,0.36397590,61.7463,169.6440,THIN_EXPOSURE,0.0000,-2.4699,4.0000,96.0000,AG03-UNRESOLVED,ALL5_LEVELS_bet23_to_bet27,-2.4699,-2.4699,-2.4699,-4.9397,-4.9397,4.000000,4.000000,4.000000,8.000000,8.000000,96.000000,96.000000,96.000000,92.000000,92.000000,5.0,-17.2890,-15.5082,-44.4573,-46.2381,PENDING_AG03,FALSE,NOT_FOR_ENFORCEMENT,-59.2765,118.9061,-61.7463,-59.2765,-2.4699,-0.36397590,-0.34941687,-2.4699,-59.2765,-0.34941687,-2.4699,-2.4699,-2.4699,-4.9397,-4.9397,-59.2765,-0.34941687,-17.2890,-15.5082,-44.4573,-46.2381,-0.26206265,-0.27255992,-0.01455904,16.9644,12.3861,-6.1746,-20.5821,-20.5821,56.5480,3.3333,13.3535,18.5119,5.5185,10.7305,21.461,42.922,42.922,42.922,9.6063,4.1185,4.0,4.0,1.580952,3,3,4,2,0.23614458,-0.36397590,0.47959184,0E-8,0.000000,0.730120,0.000000,-1.10435524,2026-07-04,2026-07-13,3,3,3,10,0.300000,0.721346,0.787149,0.787149,,,,,,,,GLOBAL_BASELINE_NO_ENTITY_RANKING,,,NOT_APPLICABLE_GLOBAL_BASELINE,HF9g-P5,,,,X 全窗基线 · 不参与实体赏罚,3925721,393,A168_HF9F_20260827_0900,2026-08-27 09:00:00
2026-07-10,152554172,2188,0,31.2717164697,-10.4239054899,-10.4239054899,0.5000000,2,2,0.49324550000000000,0.493245500000,0.01910635448239258,0.01910635448239258,0.01910635448239258,0E-17,ELIGIBLE,R03b_20260811_FULL_v1,L1_ELIGIBILITY,v2026-08-11,2026-03-21..2026-08-06,baccarat_bet02_101_all_pairs_incl_sentinel,round_win = game_pnl > 0 (decisive only),COMPATIBILITY_ONLY_NOT_PRODUCTION,169.6440,123.8605,-61.7463,10,10,0.36397590,-0.47959184,0.62476341,0.36397590,61.7463,169.6440,THIN_EXPOSURE,0.0000,-2.4699,4.0000,96.0000,AG03-UNRESOLVED,ALL5_LEVELS_bet23_to_bet27,-2.4699,-2.4699,-2.4699,-4.9397,-4.9397,4.000000,4.000000,4.000000,8.000000,8.000000,96.000000,96.000000,96.000000,92.000000,92.000000,5.0,-17.2890,-15.5082,-44.4573,-46.2381,PENDING_AG03,FALSE,NOT_FOR_ENFORCEMENT,-59.2765,118.9061,-61.7463,-59.2765,-2.4699,-0.36397590,-0.34941687,-2.4699,-59.2765,-0.34941687,-2.4699,-2.4699,-2.4699,-4.9397,-4.9397,-59.2765,-0.34941687,-17.2890,-15.5082,-44.4573,-46.2381,-0.26206265,-0.27255992,-0.01455904,16.9644,12.3861,-6.1746,-20.5821,-20.5821,56.5480,3.3333,13.3535,18.5119,5.5185,10.7305,21.461,42.922,42.922,42.922,9.6063,4.1185,4.0,4.0,1.580952,3,3,4,2,0.23614458,-0.36397590,0.47959184,0E-8,0.000000,0.730120,0.000000,-1.10435524,2026-07-04,2026-07-13,3,3,3,10,0.300000,0.721346,0.787149,0.787149,,,,,,,,GLOBAL_BASELINE_NO_ENTITY_RANKING,,,NOT_APPLICABLE_GLOBAL_BASELINE,HF9g-P5,,,,X 全窗基线 · 不参与实体赏罚,3925722,393,A168_HF9F_20260827_0900,2026-08-27 09:00:00
2026-07-13,152554172,1325,0,8.7887830601,-8.7887830601,-8.7887830601,0E-7,1,1,0.49324550000000000,0.493245500000,-0.9865810262130424,-0.9865810262130424,-0.9865810262130424,0E-17,ELIGIBLE,R03b_20260811_FULL_v1,L1_ELIGIBILITY,v2026-08-11,2026-03-21..2026-08-06,baccarat_bet02_101_all_pairs_incl_sentinel,round_win = game_pnl > 0 (decisive only),COMPATIBILITY_ONLY_NOT_PRODUCTION,169.6440,123.8605,-61.7463,10,10,0.36397590,-0.47959184,0.62476341,0.36397590,61.7463,169.6440,THIN_EXPOSURE,0.0000,-2.4699,4.0000,96.0000,AG03-UNRESOLVED,ALL5_LEVELS_bet23_to_bet27,-2.4699,-2.4699,-2.4699,-4.9397,-4.9397,4.000000,4.000000,4.000000,8.000000,8.000000,96.000000,96.000000,96.000000,92.000000,92.000000,5.0,-17.2890,-15.5082,-44.4573,-46.2381,PENDING_AG03,FALSE,NOT_FOR_ENFORCEMENT,-59.2765,118.9061,-61.7463,-59.2765,-2.4699,-0.36397590,-0.34941687,-2.4699,-59.2765,-0.34941687,-2.4699,-2.4699,-2.4699,-4.9397,-4.9397,-59.2765,-0.34941687,-17.2890,-15.5082,-44.4573,-46.2381,-0.26206265,-0.27255992,-0.01455904,16.9644,12.3861,-6.1746,-20.5821,-20.5821,56.5480,3.3333,13.3535,18.5119,5.5185,10.7305,21.461,42.922,42.922,42.922,9.6063,4.1185,4.0,4.0,1.580952,3,3,4,2,0.23614458,-0.36397590,0.47959184,0E-8,0.000000,0.730120,0.000000,-1.10435524,2026-07-04,2026-07-13,3,3,3,10,0.300000,0.721346,0.787149,0.787149,,,,,,,,GLOBAL_BASELINE_NO_ENTITY_RANKING,,,NOT_APPLICABLE_GLOBAL_BASELINE,HF9g-P5,,,,X 全窗基线 · 不参与实体赏罚,3925723,393,A168_HF9F_20260827_0900,2026-08-27 09:00:00
2026-03-25,147447825,1109,0,6.0562972325,-6.0562972325,-6.0562972325,0E-7,1,1,0.49324550000000000,0.493245500000,-0.9865810262130424,-0.9865810262130424,-0.9865810262130424,0E-17,ELIGIBLE,R03b_20260811_FULL_v1,L1_ELIGIBILITY,v2026-08-11,2026-03-21..2026-08-06,baccarat_bet02_101_all_pairs_incl_sentinel,round_win = game_pnl > 0 (decisive only),COMPATIBILITY_ONLY_NOT_PRODUCTION,182.2205,182.2205,-61.7394,10,10,0.33881717,,0.33881717,0.33881717,61.7394,182.2205,THIN_EXPOSURE,0.0000,-2.4696,4.0000,96.0000,AG03-UNRESOLVED,ALL5_LEVELS_bet23_to_bet27,-2.4696,-3.0870,-3.0870,-3.0870,-3.0870,4.000000,5.000000,5.000000,5.000000,5.000000,96.000000,95.000000,95.000000,95.000000,95.000000,5.0,-14.8175,-13.4638,-46.9220,-48.2757,PENDING_AG03,FALSE,NOT_FOR_ENFORCEMENT,-59.2698,174.9317,-61.7394,-59.2698,-2.4696,-0.33881717,-0.32526449,-2.4696,-59.2698,-0.32526449,-2.4696,-3.0870,-3.0870,-3.0870,-3.0870,-59.2698,-0.32526449,-14.8175,-13.4638,-46.9220,-48.2757,-0.25750105,-0.26492996,-0.01355269,18.2220,18.2220,-6.1739,-30.8697,-12.3479,91.1102,5.0000,,18.2220,6.8057,10.9939,36.6463,41.358,45.2844,45.2844,10.9939,7.3293,4.119047,4.119047,1.657469,4,5,4,2,0E-8,-0.33881717,,0E-8,0.000000,1.000000,1.000000,,2026-03-25,2026-04-01,2,5,4,8,0.250000,,,0.000000,,,,,,,,GLOBAL_BASELINE_NO_ENTITY_RANKING,,,NOT_APPLICABLE_GLOBAL_BASELINE,HF9g-P5,,,,X 全窗基线 · 不参与实体赏罚,3925724,393,A168_HF9F_20260827_0900,2026-08-27 09:00:00
2026-04-01,147447825,-1,1,25.1289165772,-8.3763055258,-8.3763055258,0.5000000,2,2,0.49994810000000000,0.499948100000,0.00014679536856514622,0.00014679536856514622,0.00014679536856514622,0E-17,SENTINEL_DEALER,R03b_20260811_FULL_v1,L1_ELIGIBILITY,v2026-08-11,2026-03-21..2026-08-06,baccarat_bet02_101_all_pairs_incl_sentinel,round_win = game_pnl > 0 (decisive only),COMPATIBILITY_ONLY_NOT_PRODUCTION,182.2205,182.2205,-61.7394,10,10,0.33881717,,0.33881717,0.33881717,61.7394,182.2205,THIN_EXPOSURE,0.0000,-2.4696,4.0000,96.0000,AG03-UNRESOLVED,ALL5_LEVELS_bet23_to_bet27,-2.4696,-3.0870,-3.0870,-3.0870,-3.0870,4.000000,5.000000,5.000000,5.000000,5.000000,96.000000,95.000000,95.000000,95.000000,95.000000,5.0,-14.8175,-13.4638,-46.9220,-48.2757,PENDING_AG03,FALSE,NOT_FOR_ENFORCEMENT,-59.2698,174.9317,-61.7394,-59.2698,-2.4696,-0.33881717,-0.32526449,-2.4696,-59.2698,-0.32526449,-2.4696,-3.0870,-3.0870,-3.0870,-3.0870,-59.2698,-0.32526449,-14.8175,-13.4638,-46.9220,-48.2757,-0.25750105,-0.26492996,-0.01355269,18.2220,18.2220,-6.1739,-30.8697,-12.3479,91.1102,5.0000,,18.2220,6.8057,10.9939,36.6463,41.358,45.2844,45.2844,10.9939,7.3293,4.119047,4.119047,1.657469,4,5,4,2,0E-8,-0.33881717,,0E-8,0.000000,1.000000,1.000000,,2026-03-25,2026-04-01,2,5,4,8,0.250000,,,0.000000,,,,,,,,GLOBAL_BASELINE_NO_ENTITY_RANKING,,,NOT_APPLICABLE_GLOBAL_BASELINE,HF9g-P5,,,,X 全窗基线 · 不参与实体赏罚,3925725,393,A168_HF9F_20260827_0900,2026-08-27 09:00:00
2026-04-01,147447825,2220,0,37.4316153182,-37.4316153182,-37.4316153182,0E-7,1,1,0.50665070000000000,0.506650700000,-1.013391052207602,-1.013391052207602,-1.013391052207602,0E-17,ELIGIBLE,R03b_20260811_FULL_v1,L1_ELIGIBILITY,v2026-08-11,2026-03-21..2026-08-06,baccarat_bet02_101_all_pairs_incl_sentinel,round_win = game_pnl > 0 (decisive only),COMPATIBILITY_ONLY_NOT_PRODUCTION,182.2205,182.2205,-61.7394,10,10,0.33881717,,0.33881717,0.33881717,61.7394,182.2205,THIN_EXPOSURE,0.0000,-2.4696,4.0000,96.0000,AG03-UNRESOLVED,ALL5_LEVELS_bet23_to_bet27,-2.4696,-3.0870,-3.0870,-3.0870,-3.0870,4.000000,5.000000,5.000000,5.000000,5.000000,96.000000,95.000000,95.000000,95.000000,95.000000,5.0,-14.8175,-13.4638,-46.9220,-48.2757,PENDING_AG03,FALSE,NOT_FOR_ENFORCEMENT,-59.2698,174.9317,-61.7394,-59.2698,-2.4696,-0.33881717,-0.32526449,-2.4696,-59.2698,-0.32526449,-2.4696,-3.0870,-3.0870,-3.0870,-3.0870,-59.2698,-0.32526449,-14.8175,-13.4638,-46.9220,-48.2757,-0.25750105,-0.26492996,-0.01355269,18.2220,18.2220,-6.1739,-30.8697,-12.3479,91.1102,5.0000,,18.2220,6.8057,10.9939,36.6463,41.358,45.2844,45.2844,10.9939,7.3293,4.119047,4.119047,1.657469,4,5,4,2,0E-8,-0.33881717,,0E-8,0.000000,1.000000,1.000000,,2026-03-25,2026-04-01,2,5,4,8,0.250000,,,0.000000,,,,,,,,GLOBAL_BASELINE_NO_ENTITY_RANKING,,,NOT_APPLICABLE_GLOBAL_BASELINE,HF9g-P5,,,,X 全窗基线 · 不参与实体赏罚,3925726,393,A168_HF9F_20260827_0900,2026-08-27 09:00:00
2026-04-01,147447825,2232,0,89.7835248541,89.7835248541,89.7835248541,1.0000000,3,3,0.49771390000000000,0.497713900000,1.739988277604938,1.739988277604938,1.739988277604938,0E-17,ELIGIBLE,R03b_20260811_FULL_v1,L1_ELIGIBILITY,v2026-08-11,2026-03-21..2026-08-06,baccarat_bet02_101_all_pairs_incl_sentinel,round_win = game_pnl > 0 (decisive only),COMPATIBILITY_ONLY_NOT_PRODUCTION,182.2205,182.2205,-61.7394,10,10,0.33881717,,0.33881717,0.33881717,61.7394,182.2205,THIN_EXPOSURE,0.0000,-2.4696,4.0000,96.0000,AG03-UNRESOLVED,ALL5_LEVELS_bet23_to_bet27,-2.4696,-3.0870,-3.0870,-3.0870,-3.0870,4.000000,5.000000,5.000000,5.000000,5.000000,96.000000,95.000000,95.000000,95.000000,95.000000,5.0,-14.8175,-13.4638,-46.9220,-48.2757,PENDING_AG03,FALSE,NOT_FOR_ENFORCEMENT,-59.2698,174.9317,-61.7394,-59.2698,-2.4696,-0.33881717,-0.32526449,-2.4696,-59.2698,-0.32526449,-2.4696,-3.0870,-3.0870,-3.0870,-3.0870,-59.2698,-0.32526449,-14.8175,-13.4638,-46.9220,-48.2757,-0.25750105,-0.26492996,-0.01355269,18.2220,18.2220,-6.1739,-30.8697,-12.3479,91.1102,5.0000,,18.2220,6.8057,10.9939,36.6463,41.358,45.2844,45.2844,10.9939,7.3293,4.119047,4.119047,1.657469,4,5,4,2,0E-8,-0.33881717,,0E-8,0.000000,1.000000,1.000000,,2026-03-25,2026-04-01,2,5,4,8,0.250000,,,0.000000,,,,,,,,GLOBAL_BASELINE_NO_ENTITY_RANKING,,,NOT_APPLICABLE_GLOBAL_BASELINE,HF9g-P5,,,,X 全窗基线 · 不参与实体赏罚,3925727,393,A168_HF9F_20260827_0900,2026-08-27 09:00:00
2026-04-01,147447825,2246,0,23.8201188388,23.8201188388,23.8201188388,1.0000000,3,3,0.50218230000000000,0.502182300000,1.724507524396475,1.7245075243964754,1.724507524396475,0E-17,ELIGIBLE,R03b_20260811_FULL_v1,L1_ELIGIBILITY,v2026-08-11,2026-03-21..2026-08-06,baccarat_bet02_101_all_pairs_incl_sentinel,round_win = game_pnl > 0 (decisive only),COMPATIBILITY_ONLY_NOT_PRODUCTION,182.2205,182.2205,-61.7394,10,10,0.33881717,,0.33881717,0.33881717,61.7394,182.2205,THIN_EXPOSURE,0.0000,-2.4696,4.0000,96.0000,AG03-UNRESOLVED,ALL5_LEVELS_bet23_to_bet27,-2.4696,-3.0870,-3.0870,-3.0870,-3.0870,4.000000,5.000000,5.000000,5.000000,5.000000,96.000000,95.000000,95.000000,95.000000,95.000000,5.0,-14.8175,-13.4638,-46.9220,-48.2757,PENDING_AG03,FALSE,NOT_FOR_ENFORCEMENT,-59.2698,174.9317,-61.7394,-59.2698,-2.4696,-0.33881717,-0.32526449,-2.4696,-59.2698,-0.32526449,-2.4696,-3.0870,-3.0870,-3.0870,-3.0870,-59.2698,-0.32526449,-14.8175,-13.4638,-46.9220,-48.2757,-0.25750105,-0.26492996,-0.01355269,18.2220,18.2220,-6.1739,-30.8697,-12.3479,91.1102,5.0000,,18.2220,6.8057,10.9939,36.6463,41.358,45.2844,45.2844,10.9939,7.3293,4.119047,4.119047,1.657469,4,5,4,2,0E-8,-0.33881717,,0E-8,0.000000,1.000000,1.000000,,2026-03-25,2026-04-01,2,5,4,8,0.250000,,,0.000000,,,,,,,,GLOBAL_BASELINE_NO_ENTITY_RANKING,,,NOT_APPLICABLE_GLOBAL_BASELINE,HF9g-P5,,,,X 全窗基线 · 不参与实体赏罚,3925728,393,A168_HF9F_20260827_0900,2026-08-27 09:00:00
2026-05-01,149408520,1325,0,28.5402937056,0E-10,0E-10,,1,1,0.50665070000000000,0.506650700000,,,,0E-17,NO_DECISIVE_ROUND,R03b_20260811_FULL_v1,L1_ELIGIBILITY,v2026-08-11,2026-03-21..2026-08-06,baccarat_bet02_101_all_pairs_incl_sentinel,round_win = game_pnl > 0 (decisive only),COMPATIBILITY_ONLY_NOT_PRODUCTION,142.7015,85.6209,-61.1022,7,7,0.42818182,,0.42818182,0.42818182,61.1022,142.7015,THIN_EXPOSURE,0.0000,-1.8331,3.0000,97.0000,AG03-UNRESOLVED,ALL5_LEVELS_bet23_to_bet27,-1.8331,-1.8331,-1.8331,-2.4441,-2.4441,3.000000,3.000000,3.000000,4.000000,4.000000,97.000000,97.000000,97.000000,96.000000,96.000000,5.0,-10.3874,-9.7079,-50.7148,-51.3942,PENDING_AG03,FALSE,NOT_FOR_ENFORCEMENT,-59.2691,83.0523,-61.1022,-59.2691,-1.8331,-0.42818182,-0.41533636,-1.8331,-59.2691,-0.41533636,-1.8331,-1.8331,-1.8331,-2.4441,-2.4441,-59.2691,-0.41533636,-10.3874,-9.7079,-50.7148,-51.3942,-0.35539091,-0.36015205,-0.01284545,20.3859,12.2316,-8.7289,-61.1022,-20.3674,142.7015,7.0000,,20.3859,12.1945,18.162,28.5403,33.1067,34.2484,34.2484,10.3783,4.9297,1.885714,1.885714,1.122449,3,4,1,1,0E-8,-0.42818182,,0E-8,0.000000,0.600000,0.000000,,2026-05-01,2026-05-01,1,3,3,1,1.000000,,,0.000000,,,,,,,,GLOBAL_BASELINE_NO_ENTITY_RANKING,,,NOT_APPLICABLE_GLOBAL_BASELINE,HF9g-P5,,,,X 全窗基线 · 不参与实体赏罚,3925729,393,A168_HF9F_20260827_0900,2026-08-27 09:00:00
2026-05-01,149408520,2134,0,33.7294380157,11.8053033055,11.8053033055,0.6666667,3,3,0.50665070000000000,0.506650700000,0.5543606114942035,0.5543606114942035,0.5543606114942035,0E-17,ELIGIBLE,R03b_20260811_FULL_v1,L1_ELIGIBILITY,v2026-08-11,2026-03-21..2026-08-06,baccarat_bet02_101_all_pairs_incl_sentinel,round_win = game_pnl > 0 (decisive only),COMPATIBILITY_ONLY_NOT_PRODUCTION,142.7015,85.6209,-61.1022,7,7,0.42818182,,0.42818182,0.42818182,61.1022,142.7015,THIN_EXPOSURE,0.0000,-1.8331,3.0000,97.0000,AG03-UNRESOLVED,ALL5_LEVELS_bet23_to_bet27,-1.8331,-1.8331,-1.8331,-2.4441,-2.4441,3.000000,3.000000,3.000000,4.000000,4.000000,97.000000,97.000000,97.000000,96.000000,96.000000,5.0,-10.3874,-9.7079,-50.7148,-51.3942,PENDING_AG03,FALSE,NOT_FOR_ENFORCEMENT,-59.2691,83.0523,-61.1022,-59.2691,-1.8331,-0.42818182,-0.41533636,-1.8331,-59.2691,-0.41533636,-1.8331,-1.8331,-1.8331,-2.4441,-2.4441,-59.2691,-0.41533636,-10.3874,-9.7079,-50.7148,-51.3942,-0.35539091,-0.36015205,-0.01284545,20.3859,12.2316,-8.7289,-61.1022,-20.3674,142.7015,7.0000,,20.3859,12.1945,18.162,28.5403,33.1067,34.2484,34.2484,10.3783,4.9297,1.885714,1.885714,1.122449,3,4,1,1,0E-8,-0.42818182,,0E-8,0.000000,0.600000,0.000000,,2026-05-01,2026-05-01,1,3,3,1,1.000000,,,0.000000,,,,,,,,GLOBAL_BASELINE_NO_ENTITY_RANKING,,,NOT_APPLICABLE_GLOBAL_BASELINE,HF9g-P5,,,,X 全窗基线 · 不参与实体赏罚,3925730,393,A168_HF9F_20260827_0900,2026-08-27 09:00:00
2026-05-01,149408520,2188,0,28.5402937056,0E-10,0E-10,,1,1,0.50665070000000000,0.506650700000,,,,0E-17,NO_DECISIVE_ROUND,R03b_20260811_FULL_v1,L1_ELIGIBILITY,v2026-08-11,2026-03-21..2026-08-06,baccarat_bet02_101_all_pairs_incl_sentinel,round_win = game_pnl > 0 (decisive only),COMPATIBILITY_ONLY_NOT_PRODUCTION,142.7015,85.6209,-61.1022,7,7,0.42818182,,0.42818182,0.42818182,61.1022,142.7015,THIN_EXPOSURE,0.0000,-1.8331,3.0000,97.0000,AG03-UNRESOLVED,ALL5_LEVELS_bet23_to_bet27,-1.8331,-1.8331,-1.8331,-2.4441,-2.4441,3.000000,3.000000,3.000000,4.000000,4.000000,97.000000,97.000000,97.000000,96.000000,96.000000,5.0,-10.3874,-9.7079,-50.7148,-51.3942,PENDING_AG03,FALSE,NOT_FOR_ENFORCEMENT,-59.2691,83.0523,-61.1022,-59.2691,-1.8331,-0.42818182,-0.41533636,-1.8331,-59.2691,-0.41533636,-1.8331,-1.8331,-1.8331,-2.4441,-2.4441,-59.2691,-0.41533636,-10.3874,-9.7079,-50.7148,-51.3942,-0.35539091,-0.36015205,-0.01284545,20.3859,12.2316,-8.7289,-61.1022,-20.3674,142.7015,7.0000,,20.3859,12.1945,18.162,28.5403,33.1067,34.2484,34.2484,10.3783,4.9297,1.885714,1.885714,1.122449,3,4,1,1,0E-8,-0.42818182,,0E-8,0.000000,0.600000,0.000000,,2026-05-01,2026-05-01,1,3,3,1,1.000000,,,0.000000,,,,,,,,GLOBAL_BASELINE_NO_ENTITY_RANKING,,,NOT_APPLICABLE_GLOBAL_BASELINE,HF9g-P5,,,,X 全窗基线 · 不参与实体赏罚,3925731,393,A168_HF9F_20260827_0900,2026-08-27 09:00:00
2026-05-01,149408520,2222,0,51.8914431011,49.2968709459,49.2968709459,1.0000000,2,2,0.50665070000000000,0.506650700000,1.3955260008387969,1.3955260008387969,1.3955260008387969,0E-17,ELIGIBLE,R03b_20260811_FULL_v1,L1_ELIGIBILITY,v2026-08-11,2026-03-21..2026-08-06,baccarat_bet02_101_all_pairs_incl_sentinel,round_win = game_pnl > 0 (decisive only),COMPATIBILITY_ONLY_NOT_PRODUCTION,142.7015,85.6209,-61.1022,7,7,0.42818182,,0.42818182,0.42818182,61.1022,142.7015,THIN_EXPOSURE,0.0000,-1.8331,3.0000,97.0000,AG03-UNRESOLVED,ALL5_LEVELS_bet23_to_bet27,-1.8331,-1.8331,-1.8331,-2.4441,-2.4441,3.000000,3.000000,3.000000,4.000000,4.000000,97.000000,97.000000,97.000000,96.000000,96.000000,5.0,-10.3874,-9.7079,-50.7148,-51.3942,PENDING_AG03,FALSE,NOT_FOR_ENFORCEMENT,-59.2691,83.0523,-61.1022,-59.2691,-1.8331,-0.42818182,-0.41533636,-1.8331,-59.2691,-0.41533636,-1.8331,-1.8331,-1.8331,-2.4441,-2.4441,-59.2691,-0.41533636,-10.3874,-9.7079,-50.7148,-51.3942,-0.35539091,-0.36015205,-0.01284545,20.3859,12.2316,-8.7289,-61.1022,-20.3674,142.7015,7.0000,,20.3859,12.1945,18.162,28.5403,33.1067,34.2484,34.2484,10.3783,4.9297,1.885714,1.885714,1.122449,3,4,1,1,0E-8,-0.42818182,,0E-8,0.000000,0.600000,0.000000,,2026-05-01,2026-05-01,1,3,3,1,1.000000,,,0.000000,,,,,,,,GLOBAL_BASELINE_NO_ENTITY_RANKING,,,NOT_APPLICABLE_GLOBAL_BASELINE,HF9g-P5,,,,X 全窗基线 · 不参与实体赏罚,3925732,393,A168_HF9F_20260827_0900,2026-08-27 09:00:00
2026-05-06,149663697,-1,1,41.5131544809,30.4862228219,30.4862228219,0.8333333,6,6,0.49994810000000000,0.499948100000,1.6332474276894162,1.6332474276894162,1.6332474276894162,0E-17,SENTINEL_DEALER,R03b_20260811_FULL_v1,L1_ELIGIBILITY,v2026-08-11,2026-03-21..2026-08-06,baccarat_bet02_101_all_pairs_incl_sentinel,round_win = game_pnl > 0 (decisive only),COMPATIBILITY_ONLY_NOT_PRODUCTION,365.5752,311.0892,-61.1022,57,57,0.16713982,,0.16713982,0.16713982,61.1022,365.5752,OK,0.0000,-1.8331,3.0000,97.0000,AG03-UNRESOLVED,ALL5_LEVELS_bet23_to_bet27,-1.8331,-1.8331,-1.8331,-2.4441,-2.4441,3.000000,3.000000,3.000000,4.000000,4.000000,97.000000,97.000000,97.000000,96.000000,96.000000,5.0,-10.3874,-9.7079,-50.7148,-51.3942,PENDING_AG03,FALSE,NOT_FOR_ENFORCEMENT,-59.2691,301.7565,-61.1022,-59.2691,-1.8331,-0.16713982,-0.16212562,-1.8331,-59.2691,-0.16212562,-1.8331,-1.8331,-1.8331,-2.4441,-2.4441,-59.2691,-0.16212562,-10.3874,-9.7079,-50.7148,-51.3942,-0.13872605,-0.14058455,-0.00501419,6.4136,5.4577,-1.0720,-15.2755,-3.3946,91.3938,14.2500,,6.4136,5.1891,5.1891,7.7837,12.9729,12.9729,26.7267,5.1891,2.5946,2.5,5.150501,1.235965,12,15,2,2,0E-8,-0.16713982,,0E-8,0.000000,0.850958,0.000000,,2026-05-06,2026-05-10,4,18,19,5,0.800000,,,0.000000,,,,,,,,GLOBAL_BASELINE_NO_ENTITY_RANKING,,,NOT_APPLICABLE_GLOBAL_BASELINE,HF9g-P5,,,,X 全窗基线 · 不参与实体赏罚,3925733,393,A168_HF9F_20260827_0900,2026-08-27 09:00:00
2026-05-06,149663697,1151,0,20.7565772405,7.3945306419,7.3945306419,1.0000000,2,2,0.49994810000000000,0.499948100000,1.0001038053877793,1.0001038053877793,1.0001038053877793,0E-17,ELIGIBLE,R03b_20260811_FULL_v1,L1_ELIGIBILITY,v2026-08-11,2026-03-21..2026-08-06,baccarat_bet02_101_all_pairs_incl_sentinel,round_win = game_pnl > 0 (decisive only),COMPATIBILITY_ONLY_NOT_PRODUCTION,365.5752,311.0892,-61.1022,57,57,0.16713982,,0.16713982,0.16713982,61.1022,365.5752,OK,0.0000,-1.8331,3.0000,97.0000,AG03-UNRESOLVED,ALL5_LEVELS_bet23_to_bet27,-1.8331,-1.8331,-1.8331,-2.4441,-2.4441,3.000000,3.000000,3.000000,4.000000,4.000000,97.000000,97.000000,97.000000,96.000000,96.000000,5.0,-10.3874,-9.7079,-50.7148,-51.3942,PENDING_AG03,FALSE,NOT_FOR_ENFORCEMENT,-59.2691,301.7565,-61.1022,-59.2691,-1.8331,-0.16713982,-0.16212562,-1.8331,-59.2691,-0.16212562,-1.8331,-1.8331,-1.8331,-2.4441,-2.4441,-59.2691,-0.16212562,-10.3874,-9.7079,-50.7148,-51.3942,-0.13872605,-0.14058455,-0.00501419,6.4136,5.4577,-1.0720,-15.2755,-3.3946,91.3938,14.2500,,6.4136,5.1891,5.1891,7.7837,12.9729,12.9729,26.7267,5.1891,2.5946,2.5,5.150501,1.235965,12,15,2,2,0E-8,-0.16713982,,0E-8,0.000000,0.850958,0.000000,,2026-05-06,2026-05-10,4,18,19,5,0.800000,,,0.000000,,,,,,,,GLOBAL_BASELINE_NO_ENTITY_RANKING,,,NOT_APPLICABLE_GLOBAL_BASELINE,HF9g-P5,,,,X 全窗基线 · 不参与实体赏罚,3925734,393,A168_HF9F_20260827_0900,2026-08-27 09:00:00
2026-05-06,149663697,1210,0,25.9457215505,0E-10,0E-10,0.5000000,5,5,0.49324550000000000,0.493245500000,0.027020465636507562,0.027020465636507562,0.027020465636507562,0E-17,ELIGIBLE,R03b_20260811_FULL_v1,L1_ELIGIBILITY,v2026-08-11,2026-03-21..2026-08-06,baccarat_bet02_101_all_pairs_incl_sentinel,round_win = game_pnl > 0 (decisive only),COMPATIBILITY_ONLY_NOT_PRODUCTION,365.5752,311.0892,-61.1022,57,57,0.16713982,,0.16713982,0.16713982,61.1022,365.5752,OK,0.0000,-1.8331,3.0000,97.0000,AG03-UNRESOLVED,ALL5_LEVELS_bet23_to_bet27,-1.8331,-1.8331,-1.8331,-2.4441,-2.4441,3.000000,3.000000,3.000000,4.000000,4.000000,97.000000,97.000000,97.000000,96.000000,96.000000,5.0,-10.3874,-9.7079,-50.7148,-51.3942,PENDING_AG03,FALSE,NOT_FOR_ENFORCEMENT,-59.2691,301.7565,-61.1022,-59.2691,-1.8331,-0.16713982,-0.16212562,-1.8331,-59.2691,-0.16212562,-1.8331,-1.8331,-1.8331,-2.4441,-2.4441,-59.2691,-0.16212562,-10.3874,-9.7079,-50.7148,-51.3942,-0.13872605,-0.14058455,-0.00501419,6.4136,5.4577,-1.0720,-15.2755,-3.3946,91.3938,14.2500,,6.4136,5.1891,5.1891,7.7837,12.9729,12.9729,26.7267,5.1891,2.5946,2.5,5.150501,1.235965,12,15,2,2,0E-8,-0.16713982,,0E-8,0.000000,0.850958,0.000000,,2026-05-06,2026-05-10,4,18,19,5,0.800000,,,0.000000,,,,,,,,GLOBAL_BASELINE_NO_ENTITY_RANKING,,,NOT_APPLICABLE_GLOBAL_BASELINE,HF9g-P5,,,,X 全窗基线 · 不参与实体赏罚,3925735,393,A168_HF9F_20260827_0900,2026-08-27 09:00:00
2026-05-06,149663697,1485,0,12.9728607753,-12.9728607753,-12.9728607753,0E-7,1,1,0.49324550000000000,0.493245500000,-0.9865810262130424,-0.9865810262130424,-0.9865810262130424,0E-17,ELIGIBLE,R03b_20260811_FULL_v1,L1_ELIGIBILITY,v2026-08-11,2026-03-21..2026-08-06,baccarat_bet02_101_all_pairs_incl_sentinel,round_win = game_pnl > 0 (decisive only),COMPATIBILITY_ONLY_NOT_PRODUCTION,365.5752,311.0892,-61.1022,57,57,0.16713982,,0.16713982,0.16713982,61.1022,365.5752,OK,0.0000,-1.8331,3.0000,97.0000,AG03-UNRESOLVED,ALL5_LEVELS_bet23_to_bet27,-1.8331,-1.8331,-1.8331,-2.4441,-2.4441,3.000000,3.000000,3.000000,4.000000,4.000000,97.000000,97.000000,97.000000,96.000000,96.000000,5.0,-10.3874,-9.7079,-50.7148,-51.3942,PENDING_AG03,FALSE,NOT_FOR_ENFORCEMENT,-59.2691,301.7565,-61.1022,-59.2691,-1.8331,-0.16713982,-0.16212562,-1.8331,-59.2691,-0.16212562,-1.8331,-1.8331,-1.8331,-2.4441,-2.4441,-59.2691,-0.16212562,-10.3874,-9.7079,-50.7148,-51.3942,-0.13872605,-0.14058455,-0.00501419,6.4136,5.4577,-1.0720,-15.2755,-3.3946,91.3938,14.2500,,6.4136,5.1891,5.1891,7.7837,12.9729,12.9729,26.7267,5.1891,2.5946,2.5,5.150501,1.235965,12,15,2,2,0E-8,-0.16713982,,0E-8,0.000000,0.850958,0.000000,,2026-05-06,2026-05-10,4,18,19,5,0.800000,,,0.000000,,,,,,,,GLOBAL_BASELINE_NO_ENTITY_RANKING,,,NOT_APPLICABLE_GLOBAL_BASELINE,HF9g-P5,,,,X 全窗基线 · 不参与实体赏罚,3925736,393,A168_HF9F_20260827_0900,2026-08-27 09:00:00
2026-05-06,149663697,1645,0,31.1348658607,0E-10,0E-10,0.5000000,3,3,0.49324550000000000,0.493245500000,0.01910635448239258,0.01910635448239258,0.01910635448239258,0E-17,ELIGIBLE,R03b_20260811_FULL_v1,L1_ELIGIBILITY,v2026-08-11,2026-03-21..2026-08-06,baccarat_bet02_101_all_pairs_incl_sentinel,round_win = game_pnl > 0 (decisive only),COMPATIBILITY_ONLY_NOT_PRODUCTION,365.5752,311.0892,-61.1022,57,57,0.16713982,,0.16713982,0.16713982,61.1022,365.5752,OK,0.0000,-1.8331,3.0000,97.0000,AG03-UNRESOLVED,ALL5_LEVELS_bet23_to_bet27,-1.8331,-1.8331,-1.8331,-2.4441,-2.4441,3.000000,3.000000,3.000000,4.000000,4.000000,97.000000,97.000000,97.000000,96.000000,96.000000,5.0,-10.3874,-9.7079,-50.7148,-51.3942,PENDING_AG03,FALSE,NOT_FOR_ENFORCEMENT,-59.2691,301.7565,-61.1022,-59.2691,-1.8331,-0.16713982,-0.16212562,-1.8331,-59.2691,-0.16212562,-1.8331,-1.8331,-1.8331,-2.4441,-2.4441,-59.2691,-0.16212562,-10.3874,-9.7079,-50.7148,-51.3942,-0.13872605,-0.14058455,-0.00501419,6.4136,5.4577,-1.0720,-15.2755,-3.3946,91.3938,14.2500,,6.4136,5.1891,5.1891,7.7837,12.9729,12.9729,26.7267,5.1891,2.5946,2.5,5.150501,1.235965,12,15,2,2,0E-8,-0.16713982,,0E-8,0.000000,0.850958,0.000000,,2026-05-06,2026-05-10,4,18,19,5,0.800000,,,0.000000,,,,,,,,GLOBAL_BASELINE_NO_ENTITY_RANKING,,,NOT_APPLICABLE_GLOBAL_BASELINE,HF9g-P5,,,,X 全窗基线 · 不参与实体赏罚,3925737,393,A168_HF9F_20260827_0900,2026-08-27 09:00:00
2026-05-06,149663697,1951,0,23.3511493956,9.7296455814,9.7296455814,0.6666667,4,4,0.50329940000000000,0.503299400000,0.5659331339966515,0.5659331339966515,0.5659331339966515,0E-17,ELIGIBLE,R03b_20260811_FULL_v1,L1_ELIGIBILITY,v2026-08-11,2026-03-21..2026-08-06,baccarat_bet02_101_all_pairs_incl_sentinel,round_win = game_pnl > 0 (decisive only),COMPATIBILITY_ONLY_NOT_PRODUCTION,365.5752,311.0892,-61.1022,57,57,0.16713982,,0.16713982,0.16713982,61.1022,365.5752,OK,0.0000,-1.8331,3.0000,97.0000,AG03-UNRESOLVED,ALL5_LEVELS_bet23_to_bet27,-1.8331,-1.8331,-1.8331,-2.4441,-2.4441,3.000000,3.000000,3.000000,4.000000,4.000000,97.000000,97.000000,97.000000,96.000000,96.000000,5.0,-10.3874,-9.7079,-50.7148,-51.3942,PENDING_AG03,FALSE,NOT_FOR_ENFORCEMENT,-59.2691,301.7565,-61.1022,-59.2691,-1.8331,-0.16713982,-0.16212562,-1.8331,-59.2691,-0.16212562,-1.8331,-1.8331,-1.8331,-2.4441,-2.4441,-59.2691,-0.16212562,-10.3874,-9.7079,-50.7148,-51.3942,-0.13872605,-0.14058455,-0.00501419,6.4136,5.4577,-1.0720,-15.2755,-3.3946,91.3938,14.2500,,6.4136,5.1891,5.1891,7.7837,12.9729,12.9729,26.7267,5.1891,2.5946,2.5,5.150501,1.235965,12,15,2,2,0E-8,-0.16713982,,0E-8,0.000000,0.850958,0.000000,,2026-05-06,2026-05-10,4,18,19,5,0.800000,,,0.000000,,,,,,,,GLOBAL_BASELINE_NO_ENTITY_RANKING,,,NOT_APPLICABLE_GLOBAL_BASELINE,HF9g-P5,,,,X 全窗基线 · 不参与实体赏罚,3925738,393,A168_HF9F_20260827_0900,2026-08-27 09:00:00
2026-05-06,149663697,2234,0,20.7565772404,-10.3782886202,-10.3782886202,0.2500000,4,4,0.49324550000000000,0.493245500000,-0.9730707933947887,-0.9730707933947887,-0.9730707933947887,0E-17,ELIGIBLE,R03b_20260811_FULL_v1,L1_ELIGIBILITY,v2026-08-11,2026-03-21..2026-08-06,baccarat_bet02_101_all_pairs_incl_sentinel,round_win = game_pnl > 0 (decisive only),COMPATIBILITY_ONLY_NOT_PRODUCTION,365.5752,311.0892,-61.1022,57,57,0.16713982,,0.16713982,0.16713982,61.1022,365.5752,OK,0.0000,-1.8331,3.0000,97.0000,AG03-UNRESOLVED,ALL5_LEVELS_bet23_to_bet27,-1.8331,-1.8331,-1.8331,-2.4441,-2.4441,3.000000,3.000000,3.000000,4.000000,4.000000,97.000000,97.000000,97.000000,96.000000,96.000000,5.0,-10.3874,-9.7079,-50.7148,-51.3942,PENDING_AG03,FALSE,NOT_FOR_ENFORCEMENT,-59.2691,301.7565,-61.1022,-59.2691,-1.8331,-0.16713982,-0.16212562,-1.8331,-59.2691,-0.16212562,-1.8331,-1.8331,-1.8331,-2.4441,-2.4441,-59.2691,-0.16212562,-10.3874,-9.7079,-50.7148,-51.3942,-0.13872605,-0.14058455,-0.00501419,6.4136,5.4577,-1.0720,-15.2755,-3.3946,91.3938,14.2500,,6.4136,5.1891,5.1891,7.7837,12.9729,12.9729,26.7267,5.1891,2.5946,2.5,5.150501,1.235965,12,15,2,2,0E-8,-0.16713982,,0E-8,0.000000,0.850958,0.000000,,2026-05-06,2026-05-10,4,18,19,5,0.800000,,,0.000000,,,,,,,,GLOBAL_BASELINE_NO_ENTITY_RANKING,,,NOT_APPLICABLE_GLOBAL_BASELINE,HF9g-P5,,,,X 全窗基线 · 不参与实体赏罚,3925739,393,A168_HF9F_20260827_0900,2026-08-27 09:00:00
2026-05-07,149663697,-1,1,73.9453064190,31.6537802917,31.6537802917,0.8000000,14,14,0.49707555714285714,0.497075557143,1.915895167885946,1.9158951678850393,1.915895167885946,-1.4286E-13,SENTINEL_DEALER,R03b_20260811_FULL_v1,L1_ELIGIBILITY,v2026-08-11,2026-03-21..2026-08-06,baccarat_bet02_101_all_pairs_incl_sentinel,round_win = game_pnl > 0 (decisive only),COMPATIBILITY_ONLY_NOT_PRODUCTION,365.5752,311.0892,-61.1022,57,57,0.16713982,,0.16713982,0.16713982,61.1022,365.5752,OK,0.0000,-1.8331,3.0000,97.0000,AG03-UNRESOLVED,ALL5_LEVELS_bet23_to_bet27,-1.8331,-1.8331,-1.8331,-2.4441,-2.4441,3.000000,3.000000,3.000000,4.000000,4.000000,97.000000,97.000000,97.000000,96.000000,96.000000,5.0,-10.3874,-9.7079,-50.7148,-51.3942,PENDING_AG03,FALSE,NOT_FOR_ENFORCEMENT,-59.2691,301.7565,-61.1022,-59.2691,-1.8331,-0.16713982,-0.16212562,-1.8331,-59.2691,-0.16212562,-1.8331,-1.8331,-1.8331,-2.4441,-2.4441,-59.2691,-0.16212562,-10.3874,-9.7079,-50.7148,-51.3942,-0.13872605,-0.14058455,-0.00501419,6.4136,5.4577,-1.0720,-15.2755,-3.3946,91.3938,14.2500,,6.4136,5.1891,5.1891,7.7837,12.9729,12.9729,26.7267,5.1891,2.5946,2.5,5.150501,1.235965,12,15,2,2,0E-8,-0.16713982,,0E-8,0.000000,0.850958,0.000000,,2026-05-06,2026-05-10,4,18,19,5,0.800000,,,0.000000,,,,,,,,GLOBAL_BASELINE_NO_ENTITY_RANKING,,,NOT_APPLICABLE_GLOBAL_BASELINE,HF9g-P5,,,,X 全窗基线 · 不参与实体赏罚,3925740,393,A168_HF9F_20260827_0900,2026-08-27 09:00:00
2026-05-07,149663697,1400,0,12.9728607753,-12.9728607753,-12.9728607753,0E-7,1,1,0.49324550000000000,0.493245500000,-0.9865810262130424,-0.9865810262130424,-0.9865810262130424,0E-17,ELIGIBLE,R03b_20260811_FULL_v1,L1_ELIGIBILITY,v2026-08-11,2026-03-21..2026-08-06,baccarat_bet02_101_all_pairs_incl_sentinel,round_win = game_pnl > 0 (decisive only),COMPATIBILITY_ONLY_NOT_PRODUCTION,365.5752,311.0892,-61.1022,57,57,0.16713982,,0.16713982,0.16713982,61.1022,365.5752,OK,0.0000,-1.8331,3.0000,97.0000,AG03-UNRESOLVED,ALL5_LEVELS_bet23_to_bet27,-1.8331,-1.8331,-1.8331,-2.4441,-2.4441,3.000000,3.000000,3.000000,4.000000,4.000000,97.000000,97.000000,97.000000,96.000000,96.000000,5.0,-10.3874,-9.7079,-50.7148,-51.3942,PENDING_AG03,FALSE,NOT_FOR_ENFORCEMENT,-59.2691,301.7565,-61.1022,-59.2691,-1.8331,-0.16713982,-0.16212562,-1.8331,-59.2691,-0.16212562,-1.8331,-1.8331,-1.8331,-2.4441,-2.4441,-59.2691,-0.16212562,-10.3874,-9.7079,-50.7148,-51.3942,-0.13872605,-0.14058455,-0.00501419,6.4136,5.4577,-1.0720,-15.2755,-3.3946,91.3938,14.2500,,6.4136,5.1891,5.1891,7.7837,12.9729,12.9729,26.7267,5.1891,2.5946,2.5,5.150501,1.235965,12,15,2,2,0E-8,-0.16713982,,0E-8,0.000000,0.850958,0.000000,,2026-05-06,2026-05-10,4,18,19,5,0.800000,,,0.000000,,,,,,,,GLOBAL_BASELINE_NO_ENTITY_RANKING,,,NOT_APPLICABLE_GLOBAL_BASELINE,HF9g-P5,,,,X 全窗基线 · 不参与实体赏罚,3925741,393,A168_HF9F_20260827_0900,2026-08-27 09:00:00
2026-05-07,149663697,2174,0,27.7619220591,-27.7619220591,-27.7619220591,0E-7,1,1,0.49324550000000000,0.493245500000,-0.9865810262130424,-0.9865810262130424,-0.9865810262130424,0E-17,ELIGIBLE,R03b_20260811_FULL_v1,L1_ELIGIBILITY,v2026-08-11,2026-03-21..2026-08-06,baccarat_bet02_101_all_pairs_incl_sentinel,round_win = game_pnl > 0 (decisive only),COMPATIBILITY_ONLY_NOT_PRODUCTION,365.5752,311.0892,-61.1022,57,57,0.16713982,,0.16713982,0.16713982,61.1022,365.5752,OK,0.0000,-1.8331,3.0000,97.0000,AG03-UNRESOLVED,ALL5_LEVELS_bet23_to_bet27,-1.8331,-1.8331,-1.8331,-2.4441,-2.4441,3.000000,3.000000,3.000000,4.000000,4.000000,97.000000,97.000000,97.000000,96.000000,96.000000,5.0,-10.3874,-9.7079,-50.7148,-51.3942,PENDING_AG03,FALSE,NOT_FOR_ENFORCEMENT,-59.2691,301.7565,-61.1022,-59.2691,-1.8331,-0.16713982,-0.16212562,-1.8331,-59.2691,-0.16212562,-1.8331,-1.8331,-1.8331,-2.4441,-2.4441,-59.2691,-0.16212562,-10.3874,-9.7079,-50.7148,-51.3942,-0.13872605,-0.14058455,-0.00501419,6.4136,5.4577,-1.0720,-15.2755,-3.3946,91.3938,14.2500,,6.4136,5.1891,5.1891,7.7837,12.9729,12.9729,26.7267,5.1891,2.5946,2.5,5.150501,1.235965,12,15,2,2,0E-8,-0.16713982,,0E-8,0.000000,0.850958,0.000000,,2026-05-06,2026-05-10,4,18,19,5,0.800000,,,0.000000,,,,,,,,GLOBAL_BASELINE_NO_ENTITY_RANKING,,,NOT_APPLICABLE_GLOBAL_BASELINE,HF9g-P5,,,,X 全窗基线 · 不参与实体赏罚,3925742,393,A168_HF9F_20260827_0900,2026-08-27 09:00:00
2026-05-07,149663697,2175,0,25.1673499040,14.7890612838,14.7890612838,0.7500000,4,4,0.49659680000000000,0.496596800000,1.0136362796769356,1.0136362796769358,1.0136362796769356,0E-17,ELIGIBLE,R03b_20260811_FULL_v1,L1_ELIGIBILITY,v2026-08-11,2026-03-21..2026-08-06,baccarat_bet02_101_all_pairs_incl_sentinel,round_win = game_pnl > 0 (decisive only),COMPATIBILITY_ONLY_NOT_PRODUCTION,365.5752,311.0892,-61.1022,57,57,0.16713982,,0.16713982,0.16713982,61.1022,365.5752,OK,0.0000,-1.8331,3.0000,97.0000,AG03-UNRESOLVED,ALL5_LEVELS_bet23_to_bet27,-1.8331,-1.8331,-1.8331,-2.4441,-2.4441,3.000000,3.000000,3.000000,4.000000,4.000000,97.000000,97.000000,97.000000,96.000000,96.000000,5.0,-10.3874,-9.7079,-50.7148,-51.3942,PENDING_AG03,FALSE,NOT_FOR_ENFORCEMENT,-59.2691,301.7565,-61.1022,-59.2691,-1.8331,-0.16713982,-0.16212562,-1.8331,-59.2691,-0.16212562,-1.8331,-1.8331,-1.8331,-2.4441,-2.4441,-59.2691,-0.16212562,-10.3874,-9.7079,-50.7148,-51.3942,-0.13872605,-0.14058455,-0.00501419,6.4136,5.4577,-1.0720,-15.2755,-3.3946,91.3938,14.2500,,6.4136,5.1891,5.1891,7.7837,12.9729,12.9729,26.7267,5.1891,2.5946,2.5,5.150501,1.235965,12,15,2,2,0E-8,-0.16713982,,0E-8,0.000000,0.850958,0.000000,,2026-05-06,2026-05-10,4,18,19,5,0.800000,,,0.000000,,,,,,,,GLOBAL_BASELINE_NO_ENTITY_RANKING,,,NOT_APPLICABLE_GLOBAL_BASELINE,HF9g-P5,,,,X 全窗基线 · 不参与实体赏罚,3925743,393,A168_HF9F_20260827_0900,2026-08-27 09:00:00
2026-05-09,149663697,1942,0,15.5674329304,10.3782886202,10.3782886202,0.6666667,3,3,0.49324550000000000,0.493245500000,0.6008033672792107,0.6008033672792106,0.6008033672792107,0E-17,ELIGIBLE,R03b_20260811_FULL_v1,L1_ELIGIBILITY,v2026-08-11,2026-03-21..2026-08-06,baccarat_bet02_101_all_pairs_incl_sentinel,round_win = game_pnl > 0 (decisive only),COMPATIBILITY_ONLY_NOT_PRODUCTION,365.5752,311.0892,-61.1022,57,57,0.16713982,,0.16713982,0.16713982,61.1022,365.5752,OK,0.0000,-1.8331,3.0000,97.0000,AG03-UNRESOLVED,ALL5_LEVELS_bet23_to_bet27,-1.8331,-1.8331,-1.8331,-2.4441,-2.4441,3.000000,3.000000,3.000000,4.000000,4.000000,97.000000,97.000000,97.000000,96.000000,96.000000,5.0,-10.3874,-9.7079,-50.7148,-51.3942,PENDING_AG03,FALSE,NOT_FOR_ENFORCEMENT,-59.2691,301.7565,-61.1022,-59.2691,-1.8331,-0.16713982,-0.16212562,-1.8331,-59.2691,-0.16212562,-1.8331,-1.8331,-1.8331,-2.4441,-2.4441,-59.2691,-0.16212562,-10.3874,-9.7079,-50.7148,-51.3942,-0.13872605,-0.14058455,-0.00501419,6.4136,5.4577,-1.0720,-15.2755,-3.3946,91.3938,14.2500,,6.4136,5.1891,5.1891,7.7837,12.9729,12.9729,26.7267,5.1891,2.5946,2.5,5.150501,1.235965,12,15,2,2,0E-8,-0.16713982,,0E-8,0.000000,0.850958,0.000000,,2026-05-06,2026-05-10,4,18,19,5,0.800000,,,0.000000,,,,,,,,GLOBAL_BASELINE_NO_ENTITY_RANKING,,,NOT_APPLICABLE_GLOBAL_BASELINE,HF9g-P5,,,,X 全窗基线 · 不参与实体赏罚,3925744,393,A168_HF9F_20260827_0900,2026-08-27 09:00:00
2026-05-09,149663697,1994,0,5.1891443101,5.1891443101,5.1891443101,1.0000000,1,1,0.49324550000000000,0.493245500000,1.01360149184955,1.01360149184955,1.01360149184955,0E-17,ELIGIBLE,R03b_20260811_FULL_v1,L1_ELIGIBILITY,v2026-08-11,2026-03-21..2026-08-06,baccarat_bet02_101_all_pairs_incl_sentinel,round_win = game_pnl > 0 (decisive only),COMPATIBILITY_ONLY_NOT_PRODUCTION,365.5752,311.0892,-61.1022,57,57,0.16713982,,0.16713982,0.16713982,61.1022,365.5752,OK,0.0000,-1.8331,3.0000,97.0000,AG03-UNRESOLVED,ALL5_LEVELS_bet23_to_bet27,-1.8331,-1.8331,-1.8331,-2.4441,-2.4441,3.000000,3.000000,3.000000,4.000000,4.000000,97.000000,97.000000,97.000000,96.000000,96.000000,5.0,-10.3874,-9.7079,-50.7148,-51.3942,PENDING_AG03,FALSE,NOT_FOR_ENFORCEMENT,-59.2691,301.7565,-61.1022,-59.2691,-1.8331,-0.16713982,-0.16212562,-1.8331,-59.2691,-0.16212562,-1.8331,-1.8331,-1.8331,-2.4441,-2.4441,-59.2691,-0.16212562,-10.3874,-9.7079,-50.7148,-51.3942,-0.13872605,-0.14058455,-0.00501419,6.4136,5.4577,-1.0720,-15.2755,-3.3946,91.3938,14.2500,,6.4136,5.1891,5.1891,7.7837,12.9729,12.9729,26.7267,5.1891,2.5946,2.5,5.150501,1.235965,12,15,2,2,0E-8,-0.16713982,,0E-8,0.000000,0.850958,0.000000,,2026-05-06,2026-05-10,4,18,19,5,0.800000,,,0.000000,,,,,,,,GLOBAL_BASELINE_NO_ENTITY_RANKING,,,NOT_APPLICABLE_GLOBAL_BASELINE,HF9g-P5,,,,X 全窗基线 · 不参与实体赏罚,3925745,393,A168_HF9F_20260827_0900,2026-08-27 09:00:00
2026-05-09,149663697,2034,0,10.3782886202,10.3782886202,10.3782886202,1.0000000,1,1,0.49324550000000000,0.493245500000,1.01360149184955,1.01360149184955,1.01360149184955,0E-17,ELIGIBLE,R03b_20260811_FULL_v1,L1_ELIGIBILITY,v2026-08-11,2026-03-21..2026-08-06,baccarat_bet02_101_all_pairs_incl_sentinel,round_win = game_pnl > 0 (decisive only),COMPATIBILITY_ONLY_NOT_PRODUCTION,365.5752,311.0892,-61.1022,57,57,0.16713982,,0.16713982,0.16713982,61.1022,365.5752,OK,0.0000,-1.8331,3.0000,97.0000,AG03-UNRESOLVED,ALL5_LEVELS_bet23_to_bet27,-1.8331,-1.8331,-1.8331,-2.4441,-2.4441,3.000000,3.000000,3.000000,4.000000,4.000000,97.000000,97.000000,97.000000,96.000000,96.000000,5.0,-10.3874,-9.7079,-50.7148,-51.3942,PENDING_AG03,FALSE,NOT_FOR_ENFORCEMENT,-59.2691,301.7565,-61.1022,-59.2691,-1.8331,-0.16713982,-0.16212562,-1.8331,-59.2691,-0.16212562,-1.8331,-1.8331,-1.8331,-2.4441,-2.4441,-59.2691,-0.16212562,-10.3874,-9.7079,-50.7148,-51.3942,-0.13872605,-0.14058455,-0.00501419,6.4136,5.4577,-1.0720,-15.2755,-3.3946,91.3938,14.2500,,6.4136,5.1891,5.1891,7.7837,12.9729,12.9729,26.7267,5.1891,2.5946,2.5,5.150501,1.235965,12,15,2,2,0E-8,-0.16713982,,0E-8,0.000000,0.850958,0.000000,,2026-05-06,2026-05-10,4,18,19,5,0.800000,,,0.000000,,,,,,,,GLOBAL_BASELINE_NO_ENTITY_RANKING,,,NOT_APPLICABLE_GLOBAL_BASELINE,HF9g-P5,,,,X 全窗基线 · 不参与实体赏罚,3925746,393,A168_HF9F_20260827_0900,2026-08-27 09:00:00
2026-05-09,149663697,2088,0,5.1891443102,2.5945721551,2.5945721551,1.0000000,2,2,0.49324550000000000,0.493245500000,1.01360149184955,1.01360149184955,1.01360149184955,0E-17,ELIGIBLE,R03b_20260811_FULL_v1,L1_ELIGIBILITY,v2026-08-11,2026-03-21..2026-08-06,baccarat_bet02_101_all_pairs_incl_sentinel,round_win = game_pnl > 0 (decisive only),COMPATIBILITY_ONLY_NOT_PRODUCTION,365.5752,311.0892,-61.1022,57,57,0.16713982,,0.16713982,0.16713982,61.1022,365.5752,OK,0.0000,-1.8331,3.0000,97.0000,AG03-UNRESOLVED,ALL5_LEVELS_bet23_to_bet27,-1.8331,-1.8331,-1.8331,-2.4441,-2.4441,3.000000,3.000000,3.000000,4.000000,4.000000,97.000000,97.000000,97.000000,96.000000,96.000000,5.0,-10.3874,-9.7079,-50.7148,-51.3942,PENDING_AG03,FALSE,NOT_FOR_ENFORCEMENT,-59.2691,301.7565,-61.1022,-59.2691,-1.8331,-0.16713982,-0.16212562,-1.8331,-59.2691,-0.16212562,-1.8331,-1.8331,-1.8331,-2.4441,-2.4441,-59.2691,-0.16212562,-10.3874,-9.7079,-50.7148,-51.3942,-0.13872605,-0.14058455,-0.00501419,6.4136,5.4577,-1.0720,-15.2755,-3.3946,91.3938,14.2500,,6.4136,5.1891,5.1891,7.7837,12.9729,12.9729,26.7267,5.1891,2.5946,2.5,5.150501,1.235965,12,15,2,2,0E-8,-0.16713982,,0E-8,0.000000,0.850958,0.000000,,2026-05-06,2026-05-10,4,18,19,5,0.800000,,,0.000000,,,,,,,,GLOBAL_BASELINE_NO_ENTITY_RANKING,,,NOT_APPLICABLE_GLOBAL_BASELINE,HF9g-P5,,,,X 全窗基线 · 不参与实体赏罚,3925747,393,A168_HF9F_20260827_0900,2026-08-27 09:00:00
2026-05-09,149663697,2155,0,10.3782886204,5.1891443102,5.1891443102,0.7500000,4,4,0.49324550000000000,0.493245500000,1.0271117246678039,1.0271117246678039,1.0271117246678039,0E-17,ELIGIBLE,R03b_20260811_FULL_v1,L1_ELIGIBILITY,v2026-08-11,2026-03-21..2026-08-06,baccarat_bet02_101_all_pairs_incl_sentinel,round_win = game_pnl > 0 (decisive only),COMPATIBILITY_ONLY_NOT_PRODUCTION,365.5752,311.0892,-61.1022,57,57,0.16713982,,0.16713982,0.16713982,61.1022,365.5752,OK,0.0000,-1.8331,3.0000,97.0000,AG03-UNRESOLVED,ALL5_LEVELS_bet23_to_bet27,-1.8331,-1.8331,-1.8331,-2.4441,-2.4441,3.000000,3.000000,3.000000,4.000000,4.000000,97.000000,97.000000,97.000000,96.000000,96.000000,5.0,-10.3874,-9.7079,-50.7148,-51.3942,PENDING_AG03,FALSE,NOT_FOR_ENFORCEMENT,-59.2691,301.7565,-61.1022,-59.2691,-1.8331,-0.16713982,-0.16212562,-1.8331,-59.2691,-0.16212562,-1.8331,-1.8331,-1.8331,-2.4441,-2.4441,-59.2691,-0.16212562,-10.3874,-9.7079,-50.7148,-51.3942,-0.13872605,-0.14058455,-0.00501419,6.4136,5.4577,-1.0720,-15.2755,-3.3946,91.3938,14.2500,,6.4136,5.1891,5.1891,7.7837,12.9729,12.9729,26.7267,5.1891,2.5946,2.5,5.150501,1.235965,12,15,2,2,0E-8,-0.16713982,,0E-8,0.000000,0.850958,0.000000,,2026-05-06,2026-05-10,4,18,19,5,0.800000,,,0.000000,,,,,,,,GLOBAL_BASELINE_NO_ENTITY_RANKING,,,NOT_APPLICABLE_GLOBAL_BASELINE,HF9g-P5,,,,X 全窗基线 · 不参与实体赏罚,3925748,393,A168_HF9F_20260827_0900,2026-08-27 09:00:00
2026-05-10,149663697,2034,0,2.5945721551,-2.5945721551,-2.5945721551,0E-7,1,1,0.49324550000000000,0.493245500000,-0.9865810262130424,-0.9865810262130424,-0.9865810262130424,0E-17,ELIGIBLE,R03b_20260811_FULL_v1,L1_ELIGIBILITY,v2026-08-11,2026-03-21..2026-08-06,baccarat_bet02_101_all_pairs_incl_sentinel,round_win = game_pnl > 0 (decisive only),COMPATIBILITY_ONLY_NOT_PRODUCTION,365.5752,311.0892,-61.1022,57,57,0.16713982,,0.16713982,0.16713982,61.1022,365.5752,OK,0.0000,-1.8331,3.0000,97.0000,AG03-UNRESOLVED,ALL5_LEVELS_bet23_to_bet27,-1.8331,-1.8331,-1.8331,-2.4441,-2.4441,3.000000,3.000000,3.000000,4.000000,4.000000,97.000000,97.000000,97.000000,96.000000,96.000000,5.0,-10.3874,-9.7079,-50.7148,-51.3942,PENDING_AG03,FALSE,NOT_FOR_ENFORCEMENT,-59.2691,301.7565,-61.1022,-59.2691,-1.8331,-0.16713982,-0.16212562,-1.8331,-59.2691,-0.16212562,-1.8331,-1.8331,-1.8331,-2.4441,-2.4441,-59.2691,-0.16212562,-10.3874,-9.7079,-50.7148,-51.3942,-0.13872605,-0.14058455,-0.00501419,6.4136,5.4577,-1.0720,-15.2755,-3.3946,91.3938,14.2500,,6.4136,5.1891,5.1891,7.7837,12.9729,12.9729,26.7267,5.1891,2.5946,2.5,5.150501,1.235965,12,15,2,2,0E-8,-0.16713982,,0E-8,0.000000,0.850958,0.000000,,2026-05-06,2026-05-10,4,18,19,5,0.800000,,,0.000000,,,,,,,,GLOBAL_BASELINE_NO_ENTITY_RANKING,,,NOT_APPLICABLE_GLOBAL_BASELINE,HF9g-P5,,,,X 全窗基线 · 不参与实体赏罚,3925749,393,A168_HF9F_20260827_0900,2026-08-27 09:00:00
2026-05-20,150335762,-1,1,172.5390483112,35.0267240930,35.0267240930,0.6000000,11,7,0.43209558690460187,0.402199361905,0.7579133834469443,0.9020151142554308,0.7579133834469443,0.02989622499960187,SENTINEL_DEALER,R03b_20260811_FULL_v1,L1_ELIGIBILITY,v2026-08-11,2026-03-21..2026-08-06,baccarat_bet02_101_all_pairs_incl_sentinel,round_win = game_pnl > 0 (decisive only),COMPATIBILITY_ONLY_NOT_PRODUCTION,414.0937,336.2566,-61.1022,24,20,0.14755639,,0.14755639,0.14755639,61.1022,414.0937,THIN_EXPOSURE,0.0000,-1.8331,3.0000,97.0000,AG03-UNRESOLVED,ALL5_LEVELS_bet23_to_bet27,-1.8331,-1.8331,-1.8331,-2.4441,-2.4441,3.000000,3.000000,3.000000,4.000000,4.000000,97.000000,97.000000,97.000000,96.000000,96.000000,5.0,-10.3874,-9.7079,-50.7148,-51.3942,PENDING_AG03,FALSE,NOT_FOR_ENFORCEMENT,-59.2691,326.1689,-61.1022,-59.2691,-1.8331,-0.14755639,-0.14312970,-1.8331,-59.2691,-0.14312970,-1.8331,-1.8331,-1.8331,-2.4441,-2.4441,-59.2691,-0.14312970,-10.3874,-9.7079,-50.7148,-51.3942,-0.12247180,-0.12411255,-0.00442669,17.2539,16.8128,-3.0551,-61.1022,-8.7289,414.0937,20.0000,,17.2539,5.7081,14.2701,25.9457,38.9186,38.9186,38.9186,11.6756,-2.5946,2.727273,2.727273,1.209091,7,6,1,5,0E-8,-0.14755639,,0E-8,0.000000,0.812030,0.708333,,2026-05-20,2026-05-20,1,7,7,1,1.000000,,,0.000000,,,,,,,,GLOBAL_BASELINE_NO_ENTITY_RANKING,,,NOT_APPLICABLE_GLOBAL_BASELINE,HF9g-P5,,,,X 全窗基线 · 不参与实体赏罚,3925750,393,A168_HF9F_20260827_0900,2026-08-27 09:00:00
2026-05-20,150335762,1506,0,31.1348658606,0E-10,0E-10,0.3333333,3,3,0.49771390000000000,0.497713900000,-0.5694369385616226,-0.5694369385616226,-0.5694369385616226,0E-17,ELIGIBLE,R03b_20260811_FULL_v1,L1_ELIGIBILITY,v2026-08-11,2026-03-21..2026-08-06,baccarat_bet02_101_all_pairs_incl_sentinel,round_win = game_pnl > 0 (decisive only),COMPATIBILITY_ONLY_NOT_PRODUCTION,414.0937,336.2566,-61.1022,24,20,0.14755639,,0.14755639,0.14755639,61.1022,414.0937,THIN_EXPOSURE,0.0000,-1.8331,3.0000,97.0000,AG03-UNRESOLVED,ALL5_LEVELS_bet23_to_bet27,-1.8331,-1.8331,-1.8331,-2.4441,-2.4441,3.000000,3.000000,3.000000,4.000000,4.000000,97.000000,97.000000,97.000000,96.000000,96.000000,5.0,-10.3874,-9.7079,-50.7148,-51.3942,PENDING_AG03,FALSE,NOT_FOR_ENFORCEMENT,-59.2691,326.1689,-61.1022,-59.2691,-1.8331,-0.14755639,-0.14312970,-1.8331,-59.2691,-0.14312970,-1.8331,-1.8331,-1.8331,-2.4441,-2.4441,-59.2691,-0.14312970,-10.3874,-9.7079,-50.7148,-51.3942,-0.12247180,-0.12411255,-0.00442669,17.2539,16.8128,-3.0551,-61.1022,-8.7289,414.0937,20.0000,,17.2539,5.7081,14.2701,25.9457,38.9186,38.9186,38.9186,11.6756,-2.5946,2.727273,2.727273,1.209091,7,6,1,5,0E-8,-0.14755639,,0E-8,0.000000,0.812030,0.708333,,2026-05-20,2026-05-20,1,7,7,1,1.000000,,,0.000000,,,,,,,,GLOBAL_BASELINE_NO_ENTITY_RANKING,,,NOT_APPLICABLE_GLOBAL_BASELINE,HF9g-P5,,,,X 全窗基线 · 不参与实体赏罚,3925751,393,A168_HF9F_20260827_0900,2026-08-27 09:00:00
2026-05-20,150335762,1645,0,73.6858492034,-12.9728607752,-12.9728607752,0.2500000,4,4,0.49659680000000000,0.496596800000,-0.9864100490137353,-0.9864100490137354,-0.9864100490137353,0E-17,ELIGIBLE,R03b_20260811_FULL_v1,L1_ELIGIBILITY,v2026-08-11,2026-03-21..2026-08-06,baccarat_bet02_101_all_pairs_incl_sentinel,round_win = game_pnl > 0 (decisive only),COMPATIBILITY_ONLY_NOT_PRODUCTION,414.0937,336.2566,-61.1022,24,20,0.14755639,,0.14755639,0.14755639,61.1022,414.0937,THIN_EXPOSURE,0.0000,-1.8331,3.0000,97.0000,AG03-UNRESOLVED,ALL5_LEVELS_bet23_to_bet27,-1.8331,-1.8331,-1.8331,-2.4441,-2.4441,3.000000,3.000000,3.000000,4.000000,4.000000,97.000000,97.000000,97.000000,96.000000,96.000000,5.0,-10.3874,-9.7079,-50.7148,-51.3942,PENDING_AG03,FALSE,NOT_FOR_ENFORCEMENT,-59.2691,326.1689,-61.1022,-59.2691,-1.8331,-0.14755639,-0.14312970,-1.8331,-59.2691,-0.14312970,-1.8331,-1.8331,-1.8331,-2.4441,-2.4441,-59.2691,-0.14312970,-10.3874,-9.7079,-50.7148,-51.3942,-0.12247180,-0.12411255,-0.00442669,17.2539,16.8128,-3.0551,-61.1022,-8.7289,414.0937,20.0000,,17.2539,5.7081,14.2701,25.9457,38.9186,38.9186,38.9186,11.6756,-2.5946,2.727273,2.727273,1.209091,7,6,1,5,0E-8,-0.14755639,,0E-8,0.000000,0.812030,0.708333,,2026-05-20,2026-05-20,1,7,7,1,1.000000,,,0.000000,,,,,,,,GLOBAL_BASELINE_NO_ENTITY_RANKING,,,NOT_APPLICABLE_GLOBAL_BASELINE,HF9g-P5,,,,X 全窗基线 · 不参与实体赏罚,3925752,393,A168_HF9F_20260827_0900,2026-08-27 09:00:00
2026-05-20,150335762,1654,0,38.9185823258,-38.9185823258,-38.9185823258,0E-7,1,1,0.50665070000000000,0.506650700000,-1.013391052207602,-1.013391052207602,-1.013391052207602,0E-17,ELIGIBLE,R03b_20260811_FULL_v1,L1_ELIGIBILITY,v2026-08-11,2026-03-21..2026-08-06,baccarat_bet02_101_all_pairs_incl_sentinel,round_win = game_pnl > 0 (decisive only),COMPATIBILITY_ONLY_NOT_PRODUCTION,414.0937,336.2566,-61.1022,24,20,0.14755639,,0.14755639,0.14755639,61.1022,414.0937,THIN_EXPOSURE,0.0000,-1.8331,3.0000,97.0000,AG03-UNRESOLVED,ALL5_LEVELS_bet23_to_bet27,-1.8331,-1.8331,-1.8331,-2.4441,-2.4441,3.000000,3.000000,3.000000,4.000000,4.000000,97.000000,97.000000,97.000000,96.000000,96.000000,5.0,-10.3874,-9.7079,-50.7148,-51.3942,PENDING_AG03,FALSE,NOT_FOR_ENFORCEMENT,-59.2691,326.1689,-61.1022,-59.2691,-1.8331,-0.14755639,-0.14312970,-1.8331,-59.2691,-0.14312970,-1.8331,-1.8331,-1.8331,-2.4441,-2.4441,-59.2691,-0.14312970,-10.3874,-9.7079,-50.7148,-51.3942,-0.12247180,-0.12411255,-0.00442669,17.2539,16.8128,-3.0551,-61.1022,-8.7289,414.0937,20.0000,,17.2539,5.7081,14.2701,25.9457,38.9186,38.9186,38.9186,11.6756,-2.5946,2.727273,2.727273,1.209091,7,6,1,5,0E-8,-0.14755639,,0E-8,0.000000,0.812030,0.708333,,2026-05-20,2026-05-20,1,7,7,1,1.000000,,,0.000000,,,,,,,,GLOBAL_BASELINE_NO_ENTITY_RANKING,,,NOT_APPLICABLE_GLOBAL_BASELINE,HF9g-P5,,,,X 全窗基线 · 不参与实体赏罚,3925753,393,A168_HF9F_20260827_0900,2026-08-27 09:00:00
2026-05-20,150335762,2201,0,64.8643038763,64.8643038763,64.8643038763,1.0000000,2,2,0.49994810000000000,0.499948100000,1.4143603653603398,1.4143603653603398,1.4143603653603398,0E-17,ELIGIBLE,R03b_20260811_FULL_v1,L1_ELIGIBILITY,v2026-08-11,2026-03-21..2026-08-06,baccarat_bet02_101_all_pairs_incl_sentinel,round_win = game_pnl > 0 (decisive only),COMPATIBILITY_ONLY_NOT_PRODUCTION,414.0937,336.2566,-61.1022,24,20,0.14755639,,0.14755639,0.14755639,61.1022,414.0937,THIN_EXPOSURE,0.0000,-1.8331,3.0000,97.0000,AG03-UNRESOLVED,ALL5_LEVELS_bet23_to_bet27,-1.8331,-1.8331,-1.8331,-2.4441,-2.4441,3.000000,3.000000,3.000000,4.000000,4.000000,97.000000,97.000000,97.000000,96.000000,96.000000,5.0,-10.3874,-9.7079,-50.7148,-51.3942,PENDING_AG03,FALSE,NOT_FOR_ENFORCEMENT,-59.2691,326.1689,-61.1022,-59.2691,-1.8331,-0.14755639,-0.14312970,-1.8331,-59.2691,-0.14312970,-1.8331,-1.8331,-1.8331,-2.4441,-2.4441,-59.2691,-0.14312970,-10.3874,-9.7079,-50.7148,-51.3942,-0.12247180,-0.12411255,-0.00442669,17.2539,16.8128,-3.0551,-61.1022,-8.7289,414.0937,20.0000,,17.2539,5.7081,14.2701,25.9457,38.9186,38.9186,38.9186,11.6756,-2.5946,2.727273,2.727273,1.209091,7,6,1,5,0E-8,-0.14755639,,0E-8,0.000000,0.812030,0.708333,,2026-05-20,2026-05-20,1,7,7,1,1.000000,,,0.000000,,,,,,,,GLOBAL_BASELINE_NO_ENTITY_RANKING,,,NOT_APPLICABLE_GLOBAL_BASELINE,HF9g-P5,,,,X 全窗基线 · 不参与实体赏罚,3925754,393,A168_HF9F_20260827_0900,2026-08-27 09:00:00
2026-05-20,150335762,462,0,32.9510663692,13.1025893830,13.1025893830,0.6666667,3,3,0.50218230000000000,0.502182300000,0.5697959874915163,0.5697959874915164,0.5697959874915163,0E-17,ELIGIBLE,R03b_20260811_FULL_v1,L1_ELIGIBILITY,v2026-08-11,2026-03-21..2026-08-06,baccarat_bet02_101_all_pairs_incl_sentinel,round_win = game_pnl > 0 (decisive only),COMPATIBILITY_ONLY_NOT_PRODUCTION,414.0937,336.2566,-61.1022,24,20,0.14755639,,0.14755639,0.14755639,61.1022,414.0937,THIN_EXPOSURE,0.0000,-1.8331,3.0000,97.0000,AG03-UNRESOLVED,ALL5_LEVELS_bet23_to_bet27,-1.8331,-1.8331,-1.8331,-2.4441,-2.4441,3.000000,3.000000,3.000000,4.000000,4.000000,97.000000,97.000000,97.000000,96.000000,96.000000,5.0,-10.3874,-9.7079,-50.7148,-51.3942,PENDING_AG03,FALSE,NOT_FOR_ENFORCEMENT,-59.2691,326.1689,-61.1022,-59.2691,-1.8331,-0.14755639,-0.14312970,-1.8331,-59.2691,-0.14312970,-1.8331,-1.8331,-1.8331,-2.4441,-2.4441,-59.2691,-0.14312970,-10.3874,-9.7079,-50.7148,-51.3942,-0.12247180,-0.12411255,-0.00442669,17.2539,16.8128,-3.0551,-61.1022,-8.7289,414.0937,20.0000,,17.2539,5.7081,14.2701,25.9457,38.9186,38.9186,38.9186,11.6756,-2.5946,2.727273,2.727273,1.209091,7,6,1,5,0E-8,-0.14755639,,0E-8,0.000000,0.812030,0.708333,,2026-05-20,2026-05-20,1,7,7,1,1.000000,,,0.000000,,,,,,,,GLOBAL_BASELINE_NO_ENTITY_RANKING,,,NOT_APPLICABLE_GLOBAL_BASELINE,HF9g-P5,,,,X 全窗基线 · 不参与实体赏罚,3925755,393,A168_HF9F_20260827_0900,2026-08-27 09:00:00
2026-06-02,150903619,2142,0,61.7172834110,-61.7172834110,-61.7172834110,0E-7,2,2,0.50665070000000000,0.506650700000,-1.4331513700195317,-1.4331513700195317,-1.4331513700195317,0E-17,ELIGIBLE,R03b_20260811_FULL_v1,L1_ELIGIBILITY,v2026-08-11,2026-03-21..2026-08-06,baccarat_bet02_101_all_pairs_incl_sentinel,round_win = game_pnl > 0 (decisive only),COMPATIBILITY_ONLY_NOT_PRODUCTION,563.6845,550.8268,-61.1001,24,24,0.10839416,,0.10839416,0.10839416,61.1001,563.6845,THIN_EXPOSURE,0.0000,-1.8330,3.0000,97.0000,AG03-UNRESOLVED,ALL5_LEVELS_bet23_to_bet27,-1.8330,-1.8330,-1.8330,-2.4440,-2.4440,3.000000,3.000000,3.000000,4.000000,4.000000,97.000000,97.000000,97.000000,96.000000,96.000000,5.0,-10.3870,-9.7076,-50.7131,-51.3925,PENDING_AG03,FALSE,NOT_FOR_ENFORCEMENT,-59.2671,534.3020,-61.1001,-59.2671,-1.8330,-0.10839416,-0.10514234,-1.8330,-59.2671,-0.10514234,-1.8330,-1.8330,-1.8330,-2.4440,-2.4440,-59.2671,-0.10514234,-10.3870,-9.7076,-50.7131,-51.3925,-0.08996715,-0.09117244,-0.00325182,23.4869,22.9511,-2.5458,-30.5501,-15.2750,281.8423,12.0000,,23.4869,12.8578,28.2871,30.8586,36.0017,36.0017,36.0017,28.2871,5.8631,1.272727,1.272727,0.830303,3,5,3,2,0E-8,-0.10839416,,0E-8,0.000000,0.977190,0.208333,,2026-06-02,2026-06-09,2,4,4,8,0.250000,,,0.000000,,,,,,,,GLOBAL_BASELINE_NO_ENTITY_RANKING,,,NOT_APPLICABLE_GLOBAL_BASELINE,HF9g-P5,,,,X 全窗基线 · 不参与实体赏罚,3925756,393,A168_HF9F_20260827_0900,2026-08-27 09:00:00
2026-06-02,150903619,2169,0,375.4468074167,135.2637128091,135.2637128091,0.6666667,12,12,0.49771390000000000,0.497713900000,1.1705513390433155,1.1705513390433155,1.1705513390433155,0E-17,ELIGIBLE,R03b_20260811_FULL_v1,L1_ELIGIBILITY,v2026-08-11,2026-03-21..2026-08-06,baccarat_bet02_101_all_pairs_incl_sentinel,round_win = game_pnl > 0 (decisive only),COMPATIBILITY_ONLY_NOT_PRODUCTION,563.6845,550.8268,-61.1001,24,24,0.10839416,,0.10839416,0.10839416,61.1001,563.6845,THIN_EXPOSURE,0.0000,-1.8330,3.0000,97.0000,AG03-UNRESOLVED,ALL5_LEVELS_bet23_to_bet27,-1.8330,-1.8330,-1.8330,-2.4440,-2.4440,3.000000,3.000000,3.000000,4.000000,4.000000,97.000000,97.000000,97.000000,96.000000,96.000000,5.0,-10.3870,-9.7076,-50.7131,-51.3925,PENDING_AG03,FALSE,NOT_FOR_ENFORCEMENT,-59.2671,534.3020,-61.1001,-59.2671,-1.8330,-0.10839416,-0.10514234,-1.8330,-59.2671,-0.10514234,-1.8330,-1.8330,-1.8330,-2.4440,-2.4440,-59.2671,-0.10514234,-10.3870,-9.7076,-50.7131,-51.3925,-0.08996715,-0.09117244,-0.00325182,23.4869,22.9511,-2.5458,-30.5501,-15.2750,281.8423,12.0000,,23.4869,12.8578,28.2871,30.8586,36.0017,36.0017,36.0017,28.2871,5.8631,1.272727,1.272727,0.830303,3,5,3,2,0E-8,-0.10839416,,0E-8,0.000000,0.977190,0.208333,,2026-06-02,2026-06-09,2,4,4,8,0.250000,,,0.000000,,,,,,,,GLOBAL_BASELINE_NO_ENTITY_RANKING,,,NOT_APPLICABLE_GLOBAL_BASELINE,HF9g-P5,,,,X 全窗基线 · 不参与实体赏罚,3925757,393,A168_HF9F_20260827_0900,2026-08-27 09:00:00
2026-06-09,150903619,1331,0,64.2888368865,-25.7155347546,-25.7155347546,0.2500000,5,5,0.49860758000000000,0.498607580000,-0.9944341760919779,-0.9944341760919779,-0.9944341760919779,0E-17,ELIGIBLE,R03b_20260811_FULL_v1,L1_ELIGIBILITY,v2026-08-11,2026-03-21..2026-08-06,baccarat_bet02_101_all_pairs_incl_sentinel,round_win = game_pnl > 0 (decisive only),COMPATIBILITY_ONLY_NOT_PRODUCTION,563.6845,550.8268,-61.1001,24,24,0.10839416,,0.10839416,0.10839416,61.1001,563.6845,THIN_EXPOSURE,0.0000,-1.8330,3.0000,97.0000,AG03-UNRESOLVED,ALL5_LEVELS_bet23_to_bet27,-1.8330,-1.8330,-1.8330,-2.4440,-2.4440,3.000000,3.000000,3.000000,4.000000,4.000000,97.000000,97.000000,97.000000,96.000000,96.000000,5.0,-10.3870,-9.7076,-50.7131,-51.3925,PENDING_AG03,FALSE,NOT_FOR_ENFORCEMENT,-59.2671,534.3020,-61.1001,-59.2671,-1.8330,-0.10839416,-0.10514234,-1.8330,-59.2671,-0.10514234,-1.8330,-1.8330,-1.8330,-2.4440,-2.4440,-59.2671,-0.10514234,-10.3870,-9.7076,-50.7131,-51.3925,-0.08996715,-0.09117244,-0.00325182,23.4869,22.9511,-2.5458,-30.5501,-15.2750,281.8423,12.0000,,23.4869,12.8578,28.2871,30.8586,36.0017,36.0017,36.0017,28.2871,5.8631,1.272727,1.272727,0.830303,3,5,3,2,0E-8,-0.10839416,,0E-8,0.000000,0.977190,0.208333,,2026-06-02,2026-06-09,2,4,4,8,0.250000,,,0.000000,,,,,,,,GLOBAL_BASELINE_NO_ENTITY_RANKING,,,NOT_APPLICABLE_GLOBAL_BASELINE,HF9g-P5,,,,X 全窗基线 · 不参与实体赏罚,3925758,393,A168_HF9F_20260827_0900,2026-08-27 09:00:00
2026-06-09,150903619,2155,0,50.9167588141,24.5840512254,24.5840512254,0.7500000,4,4,0.49994810000000000,0.499948100000,1.0002076053883384,1.0002076053883384,1.0002076053883384,0E-17,ELIGIBLE,R03b_20260811_FULL_v1,L1_ELIGIBILITY,v2026-08-11,2026-03-21..2026-08-06,baccarat_bet02_101_all_pairs_incl_sentinel,round_win = game_pnl > 0 (decisive only),COMPATIBILITY_ONLY_NOT_PRODUCTION,563.6845,550.8268,-61.1001,24,24,0.10839416,,0.10839416,0.10839416,61.1001,563.6845,THIN_EXPOSURE,0.0000,-1.8330,3.0000,97.0000,AG03-UNRESOLVED,ALL5_LEVELS_bet23_to_bet27,-1.8330,-1.8330,-1.8330,-2.4440,-2.4440,3.000000,3.000000,3.000000,4.000000,4.000000,97.000000,97.000000,97.000000,96.000000,96.000000,5.0,-10.3870,-9.7076,-50.7131,-51.3925,PENDING_AG03,FALSE,NOT_FOR_ENFORCEMENT,-59.2671,534.3020,-61.1001,-59.2671,-1.8330,-0.10839416,-0.10514234,-1.8330,-59.2671,-0.10514234,-1.8330,-1.8330,-1.8330,-2.4440,-2.4440,-59.2671,-0.10514234,-10.3870,-9.7076,-50.7131,-51.3925,-0.08996715,-0.09117244,-0.00325182,23.4869,22.9511,-2.5458,-30.5501,-15.2750,281.8423,12.0000,,23.4869,12.8578,28.2871,30.8586,36.0017,36.0017,36.0017,28.2871,5.8631,1.272727,1.272727,0.830303,3,5,3,2,0E-8,-0.10839416,,0E-8,0.000000,0.977190,0.208333,,2026-06-02,2026-06-09,2,4,4,8,0.250000,,,0.000000,,,,,,,,GLOBAL_BASELINE_NO_ENTITY_RANKING,,,NOT_APPLICABLE_GLOBAL_BASELINE,HF9g-P5,,,,X 全窗基线 · 不参与实体赏罚,3925759,393,A168_HF9F_20260827_0900,2026-08-27 09:00:00
2026-06-09,150903619,2252,0,11.3148352920,-11.3148352920,-11.3148352920,0E-7,1,1,0.49324550000000000,0.493245500000,-0.9865810262130424,-0.9865810262130424,-0.9865810262130424,0E-17,ELIGIBLE,R03b_20260811_FULL_v1,L1_ELIGIBILITY,v2026-08-11,2026-03-21..2026-08-06,baccarat_bet02_101_all_pairs_incl_sentinel,round_win = game_pnl > 0 (decisive only),COMPATIBILITY_ONLY_NOT_PRODUCTION,563.6845,550.8268,-61.1001,24,24,0.10839416,,0.10839416,0.10839416,61.1001,563.6845,THIN_EXPOSURE,0.0000,-1.8330,3.0000,97.0000,AG03-UNRESOLVED,ALL5_LEVELS_bet23_to_bet27,-1.8330,-1.8330,-1.8330,-2.4440,-2.4440,3.000000,3.000000,3.000000,4.000000,4.000000,97.000000,97.000000,97.000000,96.000000,96.000000,5.0,-10.3870,-9.7076,-50.7131,-51.3925,PENDING_AG03,FALSE,NOT_FOR_ENFORCEMENT,-59.2671,534.3020,-61.1001,-59.2671,-1.8330,-0.10839416,-0.10514234,-1.8330,-59.2671,-0.10514234,-1.8330,-1.8330,-1.8330,-2.4440,-2.4440,-59.2671,-0.10514234,-10.3870,-9.7076,-50.7131,-51.3925,-0.08996715,-0.09117244,-0.00325182,23.4869,22.9511,-2.5458,-30.5501,-15.2750,281.8423,12.0000,,23.4869,12.8578,28.2871,30.8586,36.0017,36.0017,36.0017,28.2871,5.8631,1.272727,1.272727,0.830303,3,5,3,2,0E-8,-0.10839416,,0E-8,0.000000,0.977190,0.208333,,2026-06-02,2026-06-09,2,4,4,8,0.250000,,,0.000000,,,,,,,,GLOBAL_BASELINE_NO_ENTITY_RANKING,,,NOT_APPLICABLE_GLOBAL_BASELINE,HF9g-P5,,,,X 全窗基线 · 不参与实体赏罚,3925760,393,A168_HF9F_20260827_0900,2026-08-27 09:00:00
2026-07-15,153029600,-1,1,65.5771564300,9.6816667958,9.6816667958,0.6000000,14,14,0.50186312857142857,0.501863128571,0.6206763813731201,0.6206763813758287,0.6206763813731201,4.2857E-13,SENTINEL_DEALER,R03b_20260811_FULL_v1,L1_ELIGIBILITY,v2026-08-11,2026-03-21..2026-08-06,baccarat_bet02_101_all_pairs_incl_sentinel,round_win = game_pnl > 0 (decisive only),COMPATIBILITY_ONLY_NOT_PRODUCTION,814.8091,765.2389,-61.0978,142,142,0.07498416,0.07498416,,0.07498416,61.0978,814.8091,OK,0.0000,-1.8329,3.0000,97.0000,AG03-UNRESOLVED,ALL5_LEVELS_bet23_to_bet27,-1.8329,-1.8329,-1.8329,-2.4439,-2.4439,3.000000,3.000000,3.000000,4.000000,4.000000,97.000000,97.000000,97.000000,96.000000,96.000000,5.0,-10.3866,-9.7072,-50.7112,-51.3905,PENDING_AG03,FALSE,NOT_FOR_ENFORCEMENT,-59.2648,742.2818,-61.0978,-59.2648,-1.8329,-0.07498416,-0.07273463,-1.8329,-59.2648,-0.07273463,-1.8329,-1.8329,-1.8329,-2.4439,-2.4439,-59.2648,-0.07273463,-10.3866,-9.7072,-50.7112,-51.3905,-0.06223685,-0.06307063,-0.00224952,5.7381,5.3890,-0.4303,-30.5489,-0.9854,407.4045,71.0000,5.7381,,4.6472,5.1636,7.229,7.7453,10.0173,12.9089,5.1636,2.4527,1.939999,2.5,1.111268,25,35,4,2,1.00000000,-0.07498416,-0.07498416,0E-8,0.000000,0.939163,0.000000,,2026-07-15,2026-07-16,2,62,38,2,1.000000,,1.000000,3.333333,,,,,,,,GLOBAL_BASELINE_NO_ENTITY_RANKING,,,NOT_APPLICABLE_GLOBAL_BASELINE,HF9g-P5,,,,X 全窗基线 · 不参与实体赏罚,3925761,393,A168_HF9F_20260827_0900,2026-08-27 09:00:00
2026-07-15,153029600,1115,0,11.1016445925,-2.0396044716,-2.0396044716,0.5000000,2,2,0.49994810000000000,0.499948100000,0.00014679536856514622,0.00014679536856514622,0.00014679536856514622,0E-17,ELIGIBLE,R03b_20260811_FULL_v1,L1_ELIGIBILITY,v2026-08-11,2026-03-21..2026-08-06,baccarat_bet02_101_all_pairs_incl_sentinel,round_win = game_pnl > 0 (decisive only),COMPATIBILITY_ONLY_NOT_PRODUCTION,814.8091,765.2389,-61.0978,142,142,0.07498416,0.07498416,,0.07498416,61.0978,814.8091,OK,0.0000,-1.8329,3.0000,97.0000,AG03-UNRESOLVED,ALL5_LEVELS_bet23_to_bet27,-1.8329,-1.8329,-1.8329,-2.4439,-2.4439,3.000000,3.000000,3.000000,4.000000,4.000000,97.000000,97.000000,97.000000,96.000000,96.000000,5.0,-10.3866,-9.7072,-50.7112,-51.3905,PENDING_AG03,FALSE,NOT_FOR_ENFORCEMENT,-59.2648,742.2818,-61.0978,-59.2648,-1.8329,-0.07498416,-0.07273463,-1.8329,-59.2648,-0.07273463,-1.8329,-1.8329,-1.8329,-2.4439,-2.4439,-59.2648,-0.07273463,-10.3866,-9.7072,-50.7112,-51.3905,-0.06223685,-0.06307063,-0.00224952,5.7381,5.3890,-0.4303,-30.5489,-0.9854,407.4045,71.0000,5.7381,,4.6472,5.1636,7.229,7.7453,10.0173,12.9089,5.1636,2.4527,1.939999,2.5,1.111268,25,35,4,2,1.00000000,-0.07498416,-0.07498416,0E-8,0.000000,0.939163,0.000000,,2026-07-15,2026-07-16,2,62,38,2,1.000000,,1.000000,3.333333,,,,,,,,GLOBAL_BASELINE_NO_ENTITY_RANKING,,,NOT_APPLICABLE_GLOBAL_BASELINE,HF9g-P5,,,,X 全窗基线 · 不参与实体赏罚,3925762,393,A168_HF9F_20260827_0900,2026-08-27 09:00:00
2026-07-15,153029600,1302,0,10.3271112488,-10.3271112488,-10.3271112488,0E-7,1,1,0.49324550000000000,0.493245500000,-0.9865810262130424,-0.9865810262130424,-0.9865810262130424,0E-17,ELIGIBLE,R03b_20260811_FULL_v1,L1_ELIGIBILITY,v2026-08-11,2026-03-21..2026-08-06,baccarat_bet02_101_all_pairs_incl_sentinel,round_win = game_pnl > 0 (decisive only),COMPATIBILITY_ONLY_NOT_PRODUCTION,814.8091,765.2389,-61.0978,142,142,0.07498416,0.07498416,,0.07498416,61.0978,814.8091,OK,0.0000,-1.8329,3.0000,97.0000,AG03-UNRESOLVED,ALL5_LEVELS_bet23_to_bet27,-1.8329,-1.8329,-1.8329,-2.4439,-2.4439,3.000000,3.000000,3.000000,4.000000,4.000000,97.000000,97.000000,97.000000,96.000000,96.000000,5.0,-10.3866,-9.7072,-50.7112,-51.3905,PENDING_AG03,FALSE,NOT_FOR_ENFORCEMENT,-59.2648,742.2818,-61.0978,-59.2648,-1.8329,-0.07498416,-0.07273463,-1.8329,-59.2648,-0.07273463,-1.8329,-1.8329,-1.8329,-2.4439,-2.4439,-59.2648,-0.07273463,-10.3866,-9.7072,-50.7112,-51.3905,-0.06223685,-0.06307063,-0.00224952,5.7381,5.3890,-0.4303,-30.5489,-0.9854,407.4045,71.0000,5.7381,,4.6472,5.1636,7.229,7.7453,10.0173,12.9089,5.1636,2.4527,1.939999,2.5,1.111268,25,35,4,2,1.00000000,-0.07498416,-0.07498416,0E-8,0.000000,0.939163,0.000000,,2026-07-15,2026-07-16,2,62,38,2,1.000000,,1.000000,3.333333,,,,,,,,GLOBAL_BASELINE_NO_ENTITY_RANKING,,,NOT_APPLICABLE_GLOBAL_BASELINE,HF9g-P5,,,,X 全窗基线 · 不参与实体赏罚,3925763,393,A168_HF9F_20260827_0900,2026-08-27 09:00:00
2026-07-15,153029600,1318,0,39.7593783079,13.8641468515,13.8641468515,0.6666667,6,6,0.49994810000000000,0.499948100000,0.8167508423630434,0.8167508423630434,0.8167508423630434,0E-17,ELIGIBLE,R03b_20260811_FULL_v1,L1_ELIGIBILITY,v2026-08-11,2026-03-21..2026-08-06,baccarat_bet02_101_all_pairs_incl_sentinel,round_win = game_pnl > 0 (decisive only),COMPATIBILITY_ONLY_NOT_PRODUCTION,814.8091,765.2389,-61.0978,142,142,0.07498416,0.07498416,,0.07498416,61.0978,814.8091,OK,0.0000,-1.8329,3.0000,97.0000,AG03-UNRESOLVED,ALL5_LEVELS_bet23_to_bet27,-1.8329,-1.8329,-1.8329,-2.4439,-2.4439,3.000000,3.000000,3.000000,4.000000,4.000000,97.000000,97.000000,97.000000,96.000000,96.000000,5.0,-10.3866,-9.7072,-50.7112,-51.3905,PENDING_AG03,FALSE,NOT_FOR_ENFORCEMENT,-59.2648,742.2818,-61.0978,-59.2648,-1.8329,-0.07498416,-0.07273463,-1.8329,-59.2648,-0.07273463,-1.8329,-1.8329,-1.8329,-2.4439,-2.4439,-59.2648,-0.07273463,-10.3866,-9.7072,-50.7112,-51.3905,-0.06223685,-0.06307063,-0.00224952,5.7381,5.3890,-0.4303,-30.5489,-0.9854,407.4045,71.0000,5.7381,,4.6472,5.1636,7.229,7.7453,10.0173,12.9089,5.1636,2.4527,1.939999,2.5,1.111268,25,35,4,2,1.00000000,-0.07498416,-0.07498416,0E-8,0.000000,0.939163,0.000000,,2026-07-15,2026-07-16,2,62,38,2,1.000000,,1.000000,3.333333,,,,,,,,GLOBAL_BASELINE_NO_ENTITY_RANKING,,,NOT_APPLICABLE_GLOBAL_BASELINE,HF9g-P5,,,,X 全窗基线 · 不参与实体赏罚,3925764,393,A168_HF9F_20260827_0900,2026-08-27 09:00:00
2026-07-15,153029600,1353,0,5.1635556244,5.1635556244,5.1635556244,1.0000000,2,2,0.49324550000000000,0.493245500000,1.4334489766152358,1.4334489766152358,1.4334489766152358,0E-17,ELIGIBLE,R03b_20260811_FULL_v1,L1_ELIGIBILITY,v2026-08-11,2026-03-21..2026-08-06,baccarat_bet02_101_all_pairs_incl_sentinel,round_win = game_pnl > 0 (decisive only),COMPATIBILITY_ONLY_NOT_PRODUCTION,814.8091,765.2389,-61.0978,142,142,0.07498416,0.07498416,,0.07498416,61.0978,814.8091,OK,0.0000,-1.8329,3.0000,97.0000,AG03-UNRESOLVED,ALL5_LEVELS_bet23_to_bet27,-1.8329,-1.8329,-1.8329,-2.4439,-2.4439,3.000000,3.000000,3.000000,4.000000,4.000000,97.000000,97.000000,97.000000,96.000000,96.000000,5.0,-10.3866,-9.7072,-50.7112,-51.3905,PENDING_AG03,FALSE,NOT_FOR_ENFORCEMENT,-59.2648,742.2818,-61.0978,-59.2648,-1.8329,-0.07498416,-0.07273463,-1.8329,-59.2648,-0.07273463,-1.8329,-1.8329,-1.8329,-2.4439,-2.4439,-59.2648,-0.07273463,-10.3866,-9.7072,-50.7112,-51.3905,-0.06223685,-0.06307063,-0.00224952,5.7381,5.3890,-0.4303,-30.5489,-0.9854,407.4045,71.0000,5.7381,,4.6472,5.1636,7.229,7.7453,10.0173,12.9089,5.1636,2.4527,1.939999,2.5,1.111268,25,35,4,2,1.00000000,-0.07498416,-0.07498416,0E-8,0.000000,0.939163,0.000000,,2026-07-15,2026-07-16,2,62,38,2,1.000000,,1.000000,3.333333,,,,,,,,GLOBAL_BASELINE_NO_ENTITY_RANKING,,,NOT_APPLICABLE_GLOBAL_BASELINE,HF9g-P5,,,,X 全窗基线 · 不参与实体赏罚,3925765,393,A168_HF9F_20260827_0900,2026-08-27 09:00:00
2026-07-15,153029600,1396,0,40.5339116516,30.5940670746,30.5940670746,0.8000000,5,5,0.49860758000000000,0.498607580000,1.3478731046594083,1.3478731046594083,1.3478731046594083,0E-17,ELIGIBLE,R03b_20260811_FULL_v1,L1_ELIGIBILITY,v2026-08-11,2026-03-21..2026-08-06,baccarat_bet02_101_all_pairs_incl_sentinel,round_win = game_pnl > 0 (decisive only),COMPATIBILITY_ONLY_NOT_PRODUCTION,814.8091,765.2389,-61.0978,142,142,0.07498416,0.07498416,,0.07498416,61.0978,814.8091,OK,0.0000,-1.8329,3.0000,97.0000,AG03-UNRESOLVED,ALL5_LEVELS_bet23_to_bet27,-1.8329,-1.8329,-1.8329,-2.4439,-2.4439,3.000000,3.000000,3.000000,4.000000,4.000000,97.000000,97.000000,97.000000,96.000000,96.000000,5.0,-10.3866,-9.7072,-50.7112,-51.3905,PENDING_AG03,FALSE,NOT_FOR_ENFORCEMENT,-59.2648,742.2818,-61.0978,-59.2648,-1.8329,-0.07498416,-0.07273463,-1.8329,-59.2648,-0.07273463,-1.8329,-1.8329,-1.8329,-2.4439,-2.4439,-59.2648,-0.07273463,-10.3866,-9.7072,-50.7112,-51.3905,-0.06223685,-0.06307063,-0.00224952,5.7381,5.3890,-0.4303,-30.5489,-0.9854,407.4045,71.0000,5.7381,,4.6472,5.1636,7.229,7.7453,10.0173,12.9089,5.1636,2.4527,1.939999,2.5,1.111268,25,35,4,2,1.00000000,-0.07498416,-0.07498416,0E-8,0.000000,0.939163,0.000000,,2026-07-15,2026-07-16,2,62,38,2,1.000000,,1.000000,3.333333,,,,,,,,GLOBAL_BASELINE_NO_ENTITY_RANKING,,,NOT_APPLICABLE_GLOBAL_BASELINE,HF9g-P5,,,,X 全窗基线 · 不参与实体赏罚,3925766,393,A168_HF9F_20260827_0900,2026-08-27 09:00:00
2026-07-15,153029600,1402,0,73.0643120853,13.8899646298,13.8899646298,0.6363636,12,12,0.50218230000000000,0.502182300000,0.8900667709809218,0.8900667709809218,0.8900667709809218,0E-17,ELIGIBLE,R03b_20260811_FULL_v1,L1_ELIGIBILITY,v2026-08-11,2026-03-21..2026-08-06,baccarat_bet02_101_all_pairs_incl_sentinel,round_win = game_pnl > 0 (decisive only),COMPATIBILITY_ONLY_NOT_PRODUCTION,814.8091,765.2389,-61.0978,142,142,0.07498416,0.07498416,,0.07498416,61.0978,814.8091,OK,0.0000,-1.8329,3.0000,97.0000,AG03-UNRESOLVED,ALL5_LEVELS_bet23_to_bet27,-1.8329,-1.8329,-1.8329,-2.4439,-2.4439,3.000000,3.000000,3.000000,4.000000,4.000000,97.000000,97.000000,97.000000,96.000000,96.000000,5.0,-10.3866,-9.7072,-50.7112,-51.3905,PENDING_AG03,FALSE,NOT_FOR_ENFORCEMENT,-59.2648,742.2818,-61.0978,-59.2648,-1.8329,-0.07498416,-0.07273463,-1.8329,-59.2648,-0.07273463,-1.8329,-1.8329,-1.8329,-2.4439,-2.4439,-59.2648,-0.07273463,-10.3866,-9.7072,-50.7112,-51.3905,-0.06223685,-0.06307063,-0.00224952,5.7381,5.3890,-0.4303,-30.5489,-0.9854,407.4045,71.0000,5.7381,,4.6472,5.1636,7.229,7.7453,10.0173,12.9089,5.1636,2.4527,1.939999,2.5,1.111268,25,35,4,2,1.00000000,-0.07498416,-0.07498416,0E-8,0.000000,0.939163,0.000000,,2026-07-15,2026-07-16,2,62,38,2,1.000000,,1.000000,3.333333,,,,,,,,GLOBAL_BASELINE_NO_ENTITY_RANKING,,,NOT_APPLICABLE_GLOBAL_BASELINE,HF9g-P5,,,,X 全窗基线 · 不参与实体赏罚,3925767,393,A168_HF9F_20260827_0900,2026-08-27 09:00:00
2026-07-15,153029600,1964,0,5.4217334056,-5.4217334056,-5.4217334056,0E-7,1,1,0.49324550000000000,0.493245500000,-0.9865810262130424,-0.9865810262130424,-0.9865810262130424,0E-17,ELIGIBLE,R03b_20260811_FULL_v1,L1_ELIGIBILITY,v2026-08-11,2026-03-21..2026-08-06,baccarat_bet02_101_all_pairs_incl_sentinel,round_win = game_pnl > 0 (decisive only),COMPATIBILITY_ONLY_NOT_PRODUCTION,814.8091,765.2389,-61.0978,142,142,0.07498416,0.07498416,,0.07498416,61.0978,814.8091,OK,0.0000,-1.8329,3.0000,97.0000,AG03-UNRESOLVED,ALL5_LEVELS_bet23_to_bet27,-1.8329,-1.8329,-1.8329,-2.4439,-2.4439,3.000000,3.000000,3.000000,4.000000,4.000000,97.000000,97.000000,97.000000,96.000000,96.000000,5.0,-10.3866,-9.7072,-50.7112,-51.3905,PENDING_AG03,FALSE,NOT_FOR_ENFORCEMENT,-59.2648,742.2818,-61.0978,-59.2648,-1.8329,-0.07498416,-0.07273463,-1.8329,-59.2648,-0.07273463,-1.8329,-1.8329,-1.8329,-2.4439,-2.4439,-59.2648,-0.07273463,-10.3866,-9.7072,-50.7112,-51.3905,-0.06223685,-0.06307063,-0.00224952,5.7381,5.3890,-0.4303,-30.5489,-0.9854,407.4045,71.0000,5.7381,,4.6472,5.1636,7.229,7.7453,10.0173,12.9089,5.1636,2.4527,1.939999,2.5,1.111268,25,35,4,2,1.00000000,-0.07498416,-0.07498416,0E-8,0.000000,0.939163,0.000000,,2026-07-15,2026-07-16,2,62,38,2,1.000000,,1.000000,3.333333,,,,,,,,GLOBAL_BASELINE_NO_ENTITY_RANKING,,,NOT_APPLICABLE_GLOBAL_BASELINE,HF9g-P5,,,,X 全窗基线 · 不参与实体赏罚,3925768,393,A168_HF9F_20260827_0900,2026-08-27 09:00:00
2026-07-15,153029600,1966,0,2.5817778122,2.5817778122,2.5817778122,1.0000000,1,1,0.49324550000000000,0.493245500000,1.01360149184955,1.01360149184955,1.01360149184955,0E-17,ELIGIBLE,R03b_20260811_FULL_v1,L1_ELIGIBILITY,v2026-08-11,2026-03-21..2026-08-06,baccarat_bet02_101_all_pairs_incl_sentinel,round_win = game_pnl > 0 (decisive only),COMPATIBILITY_ONLY_NOT_PRODUCTION,814.8091,765.2389,-61.0978,142,142,0.07498416,0.07498416,,0.07498416,61.0978,814.8091,OK,0.0000,-1.8329,3.0000,97.0000,AG03-UNRESOLVED,ALL5_LEVELS_bet23_to_bet27,-1.8329,-1.8329,-1.8329,-2.4439,-2.4439,3.000000,3.000000,3.000000,4.000000,4.000000,97.000000,97.000000,97.000000,96.000000,96.000000,5.0,-10.3866,-9.7072,-50.7112,-51.3905,PENDING_AG03,FALSE,NOT_FOR_ENFORCEMENT,-59.2648,742.2818,-61.0978,-59.2648,-1.8329,-0.07498416,-0.07273463,-1.8329,-59.2648,-0.07273463,-1.8329,-1.8329,-1.8329,-2.4439,-2.4439,-59.2648,-0.07273463,-10.3866,-9.7072,-50.7112,-51.3905,-0.06223685,-0.06307063,-0.00224952,5.7381,5.3890,-0.4303,-30.5489,-0.9854,407.4045,71.0000,5.7381,,4.6472,5.1636,7.229,7.7453,10.0173,12.9089,5.1636,2.4527,1.939999,2.5,1.111268,25,35,4,2,1.00000000,-0.07498416,-0.07498416,0E-8,0.000000,0.939163,0.000000,,2026-07-15,2026-07-16,2,62,38,2,1.000000,,1.000000,3.333333,,,,,,,,GLOBAL_BASELINE_NO_ENTITY_RANKING,,,NOT_APPLICABLE_GLOBAL_BASELINE,HF9g-P5,,,,X 全窗基线 · 不参与实体赏罚,3925769,393,A168_HF9F_20260827_0900,2026-08-27 09:00:00
2026-07-15,153029600,2121,0,10.3271112488,-0.2581777812,-0.2581777812,0.5000000,2,2,0.50665070000000000,0.506650700000,-0.018812684590367487,-0.018812684590367487,-0.018812684590367487,0E-17,ELIGIBLE,R03b_20260811_FULL_v1,L1_ELIGIBILITY,v2026-08-11,2026-03-21..2026-08-06,baccarat_bet02_101_all_pairs_incl_sentinel,round_win = game_pnl > 0 (decisive only),COMPATIBILITY_ONLY_NOT_PRODUCTION,814.8091,765.2389,-61.0978,142,142,0.07498416,0.07498416,,0.07498416,61.0978,814.8091,OK,0.0000,-1.8329,3.0000,97.0000,AG03-UNRESOLVED,ALL5_LEVELS_bet23_to_bet27,-1.8329,-1.8329,-1.8329,-2.4439,-2.4439,3.000000,3.000000,3.000000,4.000000,4.000000,97.000000,97.000000,97.000000,96.000000,96.000000,5.0,-10.3866,-9.7072,-50.7112,-51.3905,PENDING_AG03,FALSE,NOT_FOR_ENFORCEMENT,-59.2648,742.2818,-61.0978,-59.2648,-1.8329,-0.07498416,-0.07273463,-1.8329,-59.2648,-0.07273463,-1.8329,-1.8329,-1.8329,-2.4439,-2.4439,-59.2648,-0.07273463,-10.3866,-9.7072,-50.7112,-51.3905,-0.06223685,-0.06307063,-0.00224952,5.7381,5.3890,-0.4303,-30.5489,-0.9854,407.4045,71.0000,5.7381,,4.6472,5.1636,7.229,7.7453,10.0173,12.9089,5.1636,2.4527,1.939999,2.5,1.111268,25,35,4,2,1.00000000,-0.07498416,-0.07498416,0E-8,0.000000,0.939163,0.000000,,2026-07-15,2026-07-16,2,62,38,2,1.000000,,1.000000,3.333333,,,,,,,,GLOBAL_BASELINE_NO_ENTITY_RANKING,,,NOT_APPLICABLE_GLOBAL_BASELINE,HF9g-P5,,,,X 全窗基线 · 不参与实体赏罚,3925770,393,A168_HF9F_20260827_0900,2026-08-27 09:00:00
2026-07-15,153029600,2177,0,12.6507112798,-7.6162445460,-7.6162445460,0.3333333,3,3,0.50218230000000000,0.502182300000,-0.5849155494134425,-0.5849155494134426,-0.5849155494134425,0E-17,ELIGIBLE,R03b_20260811_FULL_v1,L1_ELIGIBILITY,v2026-08-11,2026-03-21..2026-08-06,baccarat_bet02_101_all_pairs_incl_sentinel,round_win = game_pnl > 0 (decisive only),COMPATIBILITY_ONLY_NOT_PRODUCTION,814.8091,765.2389,-61.0978,142,142,0.07498416,0.07498416,,0.07498416,61.0978,814.8091,OK,0.0000,-1.8329,3.0000,97.0000,AG03-UNRESOLVED,ALL5_LEVELS_bet23_to_bet27,-1.8329,-1.8329,-1.8329,-2.4439,-2.4439,3.000000,3.000000,3.000000,4.000000,4.000000,97.000000,97.000000,97.000000,96.000000,96.000000,5.0,-10.3866,-9.7072,-50.7112,-51.3905,PENDING_AG03,FALSE,NOT_FOR_ENFORCEMENT,-59.2648,742.2818,-61.0978,-59.2648,-1.8329,-0.07498416,-0.07273463,-1.8329,-59.2648,-0.07273463,-1.8329,-1.8329,-1.8329,-2.4439,-2.4439,-59.2648,-0.07273463,-10.3866,-9.7072,-50.7112,-51.3905,-0.06223685,-0.06307063,-0.00224952,5.7381,5.3890,-0.4303,-30.5489,-0.9854,407.4045,71.0000,5.7381,,4.6472,5.1636,7.229,7.7453,10.0173,12.9089,5.1636,2.4527,1.939999,2.5,1.111268,25,35,4,2,1.00000000,-0.07498416,-0.07498416,0E-8,0.000000,0.939163,0.000000,,2026-07-15,2026-07-16,2,62,38,2,1.000000,,1.000000,3.333333,,,,,,,,GLOBAL_BASELINE_NO_ENTITY_RANKING,,,NOT_APPLICABLE_GLOBAL_BASELINE,HF9g-P5,,,,X 全窗基线 · 不参与实体赏罚,3925771,393,A168_HF9F_20260827_0900,2026-08-27 09:00:00
2026-07-15,153029600,2201,0,29.9486226215,16.4846513309,16.4846513309,0.8000000,5,5,0.50128862000000000,0.501288620000,1.335882339249048,1.335882339249048,1.335882339249048,0E-17,ELIGIBLE,R03b_20260811_FULL_v1,L1_ELIGIBILITY,v2026-08-11,2026-03-21..2026-08-06,baccarat_bet02_101_all_pairs_incl_sentinel,round_win = game_pnl > 0 (decisive only),COMPATIBILITY_ONLY_NOT_PRODUCTION,814.8091,765.2389,-61.0978,142,142,0.07498416,0.07498416,,0.07498416,61.0978,814.8091,OK,0.0000,-1.8329,3.0000,97.0000,AG03-UNRESOLVED,ALL5_LEVELS_bet23_to_bet27,-1.8329,-1.8329,-1.8329,-2.4439,-2.4439,3.000000,3.000000,3.000000,4.000000,4.000000,97.000000,97.000000,97.000000,96.000000,96.000000,5.0,-10.3866,-9.7072,-50.7112,-51.3905,PENDING_AG03,FALSE,NOT_FOR_ENFORCEMENT,-59.2648,742.2818,-61.0978,-59.2648,-1.8329,-0.07498416,-0.07273463,-1.8329,-59.2648,-0.07273463,-1.8329,-1.8329,-1.8329,-2.4439,-2.4439,-59.2648,-0.07273463,-10.3866,-9.7072,-50.7112,-51.3905,-0.06223685,-0.06307063,-0.00224952,5.7381,5.3890,-0.4303,-30.5489,-0.9854,407.4045,71.0000,5.7381,,4.6472,5.1636,7.229,7.7453,10.0173,12.9089,5.1636,2.4527,1.939999,2.5,1.111268,25,35,4,2,1.00000000,-0.07498416,-0.07498416,0E-8,0.000000,0.939163,0.000000,,2026-07-15,2026-07-16,2,62,38,2,1.000000,,1.000000,3.333333,,,,,,,,GLOBAL_BASELINE_NO_ENTITY_RANKING,,,NOT_APPLICABLE_GLOBAL_BASELINE,HF9g-P5,,,,X 全窗基线 · 不参与实体赏罚,3925772,393,A168_HF9F_20260827_0900,2026-08-27 09:00:00
2026-07-15,153029600,2216,0,7.7453334366,-7.7453334366,-7.7453334366,0E-7,1,1,0.49324550000000000,0.493245500000,-0.9865810262130424,-0.9865810262130424,-0.9865810262130424,0E-17,ELIGIBLE,R03b_20260811_FULL_v1,L1_ELIGIBILITY,v2026-08-11,2026-03-21..2026-08-06,baccarat_bet02_101_all_pairs_incl_sentinel,round_win = game_pnl > 0 (decisive only),COMPATIBILITY_ONLY_NOT_PRODUCTION,814.8091,765.2389,-61.0978,142,142,0.07498416,0.07498416,,0.07498416,61.0978,814.8091,OK,0.0000,-1.8329,3.0000,97.0000,AG03-UNRESOLVED,ALL5_LEVELS_bet23_to_bet27,-1.8329,-1.8329,-1.8329,-2.4439,-2.4439,3.000000,3.000000,3.000000,4.000000,4.000000,97.000000,97.000000,97.000000,96.000000,96.000000,5.0,-10.3866,-9.7072,-50.7112,-51.3905,PENDING_AG03,FALSE,NOT_FOR_ENFORCEMENT,-59.2648,742.2818,-61.0978,-59.2648,-1.8329,-0.07498416,-0.07273463,-1.8329,-59.2648,-0.07273463,-1.8329,-1.8329,-1.8329,-2.4439,-2.4439,-59.2648,-0.07273463,-10.3866,-9.7072,-50.7112,-51.3905,-0.06223685,-0.06307063,-0.00224952,5.7381,5.3890,-0.4303,-30.5489,-0.9854,407.4045,71.0000,5.7381,,4.6472,5.1636,7.229,7.7453,10.0173,12.9089,5.1636,2.4527,1.939999,2.5,1.111268,25,35,4,2,1.00000000,-0.07498416,-0.07498416,0E-8,0.000000,0.939163,0.000000,,2026-07-15,2026-07-16,2,62,38,2,1.000000,,1.000000,3.333333,,,,,,,,GLOBAL_BASELINE_NO_ENTITY_RANKING,,,NOT_APPLICABLE_GLOBAL_BASELINE,HF9g-P5,,,,X 全窗基线 · 不参与实体赏罚,3925773,393,A168_HF9F_20260827_0900,2026-08-27 09:00:00
2026-07-15,153029600,2222,0,14.9743113108,14.9743113108,14.9743113108,1.0000000,2,2,0.49324550000000000,0.493245500000,1.4334489766152358,1.4334489766152358,1.4334489766152358,0E-17,ELIGIBLE,R03b_20260811_FULL_v1,L1_ELIGIBILITY,v2026-08-11,2026-03-21..2026-08-06,baccarat_bet02_101_all_pairs_incl_sentinel,round_win = game_pnl > 0 (decisive only),COMPATIBILITY_ONLY_NOT_PRODUCTION,814.8091,765.2389,-61.0978,142,142,0.07498416,0.07498416,,0.07498416,61.0978,814.8091,OK,0.0000,-1.8329,3.0000,97.0000,AG03-UNRESOLVED,ALL5_LEVELS_bet23_to_bet27,-1.8329,-1.8329,-1.8329,-2.4439,-2.4439,3.000000,3.000000,3.000000,4.000000,4.000000,97.000000,97.000000,97.000000,96.000000,96.000000,5.0,-10.3866,-9.7072,-50.7112,-51.3905,PENDING_AG03,FALSE,NOT_FOR_ENFORCEMENT,-59.2648,742.2818,-61.0978,-59.2648,-1.8329,-0.07498416,-0.07273463,-1.8329,-59.2648,-0.07273463,-1.8329,-1.8329,-1.8329,-2.4439,-2.4439,-59.2648,-0.07273463,-10.3866,-9.7072,-50.7112,-51.3905,-0.06223685,-0.06307063,-0.00224952,5.7381,5.3890,-0.4303,-30.5489,-0.9854,407.4045,71.0000,5.7381,,4.6472,5.1636,7.229,7.7453,10.0173,12.9089,5.1636,2.4527,1.939999,2.5,1.111268,25,35,4,2,1.00000000,-0.07498416,-0.07498416,0E-8,0.000000,0.939163,0.000000,,2026-07-15,2026-07-16,2,62,38,2,1.000000,,1.000000,3.333333,,,,,,,,GLOBAL_BASELINE_NO_ENTITY_RANKING,,,NOT_APPLICABLE_GLOBAL_BASELINE,HF9g-P5,,,,X 全窗基线 · 不参与实体赏罚,3925774,393,A168_HF9F_20260827_0900,2026-08-27 09:00:00
2026-07-15,153029600,2223,0,2.8399555934,-2.8399555934,-2.8399555934,0E-7,1,1,0.49324550000000000,0.493245500000,-0.9865810262130424,-0.9865810262130424,-0.9865810262130424,0E-17,ELIGIBLE,R03b_20260811_FULL_v1,L1_ELIGIBILITY,v2026-08-11,2026-03-21..2026-08-06,baccarat_bet02_101_all_pairs_incl_sentinel,round_win = game_pnl > 0 (decisive only),COMPATIBILITY_ONLY_NOT_PRODUCTION,814.8091,765.2389,-61.0978,142,142,0.07498416,0.07498416,,0.07498416,61.0978,814.8091,OK,0.0000,-1.8329,3.0000,97.0000,AG03-UNRESOLVED,ALL5_LEVELS_bet23_to_bet27,-1.8329,-1.8329,-1.8329,-2.4439,-2.4439,3.000000,3.000000,3.000000,4.000000,4.000000,97.000000,97.000000,97.000000,96.000000,96.000000,5.0,-10.3866,-9.7072,-50.7112,-51.3905,PENDING_AG03,FALSE,NOT_FOR_ENFORCEMENT,-59.2648,742.2818,-61.0978,-59.2648,-1.8329,-0.07498416,-0.07273463,-1.8329,-59.2648,-0.07273463,-1.8329,-1.8329,-1.8329,-2.4439,-2.4439,-59.2648,-0.07273463,-10.3866,-9.7072,-50.7112,-51.3905,-0.06223685,-0.06307063,-0.00224952,5.7381,5.3890,-0.4303,-30.5489,-0.9854,407.4045,71.0000,5.7381,,4.6472,5.1636,7.229,7.7453,10.0173,12.9089,5.1636,2.4527,1.939999,2.5,1.111268,25,35,4,2,1.00000000,-0.07498416,-0.07498416,0E-8,0.000000,0.939163,0.000000,,2026-07-15,2026-07-16,2,62,38,2,1.000000,,1.000000,3.333333,,,,,,,,GLOBAL_BASELINE_NO_ENTITY_RANKING,,,NOT_APPLICABLE_GLOBAL_BASELINE,HF9g-P5,,,,X 全窗基线 · 不参与实体赏罚,3925775,393,A168_HF9F_20260827_0900,2026-08-27 09:00:00
2026-07-15,153029600,2239,0,15.2324890920,-0.1290888906,-0.1290888906,0.6666667,3,3,0.50665070000000000,0.506650700000,0.5543606114942035,0.5543606114942035,0.5543606114942035,0E-17,ELIGIBLE,R03b_20260811_FULL_v1,L1_ELIGIBILITY,v2026-08-11,2026-03-21..2026-08-06,baccarat_bet02_101_all_pairs_incl_sentinel,round_win = game_pnl > 0 (decisive only),COMPATIBILITY_ONLY_NOT_PRODUCTION,814.8091,765.2389,-61.0978,142,142,0.07498416,0.07498416,,0.07498416,61.0978,814.8091,OK,0.0000,-1.8329,3.0000,97.0000,AG03-UNRESOLVED,ALL5_LEVELS_bet23_to_bet27,-1.8329,-1.8329,-1.8329,-2.4439,-2.4439,3.000000,3.000000,3.000000,4.000000,4.000000,97.000000,97.000000,97.000000,96.000000,96.000000,5.0,-10.3866,-9.7072,-50.7112,-51.3905,PENDING_AG03,FALSE,NOT_FOR_ENFORCEMENT,-59.2648,742.2818,-61.0978,-59.2648,-1.8329,-0.07498416,-0.07273463,-1.8329,-59.2648,-0.07273463,-1.8329,-1.8329,-1.8329,-2.4439,-2.4439,-59.2648,-0.07273463,-10.3866,-9.7072,-50.7112,-51.3905,-0.06223685,-0.06307063,-0.00224952,5.7381,5.3890,-0.4303,-30.5489,-0.9854,407.4045,71.0000,5.7381,,4.6472,5.1636,7.229,7.7453,10.0173,12.9089,5.1636,2.4527,1.939999,2.5,1.111268,25,35,4,2,1.00000000,-0.07498416,-0.07498416,0E-8,0.000000,0.939163,0.000000,,2026-07-15,2026-07-16,2,62,38,2,1.000000,,1.000000,3.333333,,,,,,,,GLOBAL_BASELINE_NO_ENTITY_RANKING,,,NOT_APPLICABLE_GLOBAL_BASELINE,HF9g-P5,,,,X 全窗基线 · 不参与实体赏罚,3925776,393,A168_HF9F_20260827_0900,2026-08-27 09:00:00
2026-07-15,153029600,2271,0,7.7453334366,-2.7108667028,-2.7108667028,0.5000000,2,2,0.50665070000000000,0.506650700000,-0.018812684590367487,-0.018812684590367487,-0.018812684590367487,0E-17,ELIGIBLE,R03b_20260811_FULL_v1,L1_ELIGIBILITY,v2026-08-11,2026-03-21..2026-08-06,baccarat_bet02_101_all_pairs_incl_sentinel,round_win = game_pnl > 0 (decisive only),COMPATIBILITY_ONLY_NOT_PRODUCTION,814.8091,765.2389,-61.0978,142,142,0.07498416,0.07498416,,0.07498416,61.0978,814.8091,OK,0.0000,-1.8329,3.0000,97.0000,AG03-UNRESOLVED,ALL5_LEVELS_bet23_to_bet27,-1.8329,-1.8329,-1.8329,-2.4439,-2.4439,3.000000,3.000000,3.000000,4.000000,4.000000,97.000000,97.000000,97.000000,96.000000,96.000000,5.0,-10.3866,-9.7072,-50.7112,-51.3905,PENDING_AG03,FALSE,NOT_FOR_ENFORCEMENT,-59.2648,742.2818,-61.0978,-59.2648,-1.8329,-0.07498416,-0.07273463,-1.8329,-59.2648,-0.07273463,-1.8329,-1.8329,-1.8329,-2.4439,-2.4439,-59.2648,-0.07273463,-10.3866,-9.7072,-50.7112,-51.3905,-0.06223685,-0.06307063,-0.00224952,5.7381,5.3890,-0.4303,-30.5489,-0.9854,407.4045,71.0000,5.7381,,4.6472,5.1636,7.229,7.7453,10.0173,12.9089,5.1636,2.4527,1.939999,2.5,1.111268,25,35,4,2,1.00000000,-0.07498416,-0.07498416,0E-8,0.000000,0.939163,0.000000,,2026-07-15,2026-07-16,2,62,38,2,1.000000,,1.000000,3.333333,,,,,,,,GLOBAL_BASELINE_NO_ENTITY_RANKING,,,NOT_APPLICABLE_GLOBAL_BASELINE,HF9g-P5,,,,X 全窗基线 · 不参与实体赏罚,3925777,393,A168_HF9F_20260827_0900,2026-08-27 09:00:00
2026-07-15,153029600,2278,0,5.1635556244,-5.1635556244,-5.1635556244,0E-7,1,1,0.49324550000000000,0.493245500000,-0.9865810262130424,-0.9865810262130424,-0.9865810262130424,0E-17,ELIGIBLE,R03b_20260811_FULL_v1,L1_ELIGIBILITY,v2026-08-11,2026-03-21..2026-08-06,baccarat_bet02_101_all_pairs_incl_sentinel,round_win = game_pnl > 0 (decisive only),COMPATIBILITY_ONLY_NOT_PRODUCTION,814.8091,765.2389,-61.0978,142,142,0.07498416,0.07498416,,0.07498416,61.0978,814.8091,OK,0.0000,-1.8329,3.0000,97.0000,AG03-UNRESOLVED,ALL5_LEVELS_bet23_to_bet27,-1.8329,-1.8329,-1.8329,-2.4439,-2.4439,3.000000,3.000000,3.000000,4.000000,4.000000,97.000000,97.000000,97.000000,96.000000,96.000000,5.0,-10.3866,-9.7072,-50.7112,-51.3905,PENDING_AG03,FALSE,NOT_FOR_ENFORCEMENT,-59.2648,742.2818,-61.0978,-59.2648,-1.8329,-0.07498416,-0.07273463,-1.8329,-59.2648,-0.07273463,-1.8329,-1.8329,-1.8329,-2.4439,-2.4439,-59.2648,-0.07273463,-10.3866,-9.7072,-50.7112,-51.3905,-0.06223685,-0.06307063,-0.00224952,5.7381,5.3890,-0.4303,-30.5489,-0.9854,407.4045,71.0000,5.7381,,4.6472,5.1636,7.229,7.7453,10.0173,12.9089,5.1636,2.4527,1.939999,2.5,1.111268,25,35,4,2,1.00000000,-0.07498416,-0.07498416,0E-8,0.000000,0.939163,0.000000,,2026-07-15,2026-07-16,2,62,38,2,1.000000,,1.000000,3.333333,,,,,,,,GLOBAL_BASELINE_NO_ENTITY_RANKING,,,NOT_APPLICABLE_GLOBAL_BASELINE,HF9g-P5,,,,X 全窗基线 · 不参与实体赏罚,3925778,393,A168_HF9F_20260827_0900,2026-08-27 09:00:00
2026-07-15,153029600,2280,0,7.2289778742,6.8675289805,6.8675289805,1.0000000,1,1,0.50665070000000000,0.506650700000,0.9867858985152569,0.9867858985152569,0.9867858985152569,0E-17,ELIGIBLE,R03b_20260811_FULL_v1,L1_ELIGIBILITY,v2026-08-11,2026-03-21..2026-08-06,baccarat_bet02_101_all_pairs_incl_sentinel,round_win = game_pnl > 0 (decisive only),COMPATIBILITY_ONLY_NOT_PRODUCTION,814.8091,765.2389,-61.0978,142,142,0.07498416,0.07498416,,0.07498416,61.0978,814.8091,OK,0.0000,-1.8329,3.0000,97.0000,AG03-UNRESOLVED,ALL5_LEVELS_bet23_to_bet27,-1.8329,-1.8329,-1.8329,-2.4439,-2.4439,3.000000,3.000000,3.000000,4.000000,4.000000,97.000000,97.000000,97.000000,96.000000,96.000000,5.0,-10.3866,-9.7072,-50.7112,-51.3905,PENDING_AG03,FALSE,NOT_FOR_ENFORCEMENT,-59.2648,742.2818,-61.0978,-59.2648,-1.8329,-0.07498416,-0.07273463,-1.8329,-59.2648,-0.07273463,-1.8329,-1.8329,-1.8329,-2.4439,-2.4439,-59.2648,-0.07273463,-10.3866,-9.7072,-50.7112,-51.3905,-0.06223685,-0.06307063,-0.00224952,5.7381,5.3890,-0.4303,-30.5489,-0.9854,407.4045,71.0000,5.7381,,4.6472,5.1636,7.229,7.7453,10.0173,12.9089,5.1636,2.4527,1.939999,2.5,1.111268,25,35,4,2,1.00000000,-0.07498416,-0.07498416,0E-8,0.000000,0.939163,0.000000,,2026-07-15,2026-07-16,2,62,38,2,1.000000,,1.000000,3.333333,,,,,,,,GLOBAL_BASELINE_NO_ENTITY_RANKING,,,NOT_APPLICABLE_GLOBAL_BASELINE,HF9g-P5,,,,X 全窗基线 · 不参与实体赏罚,3925779,393,A168_HF9F_20260827_0900,2026-08-27 09:00:00
2026-07-15,153029600,994,0,68.1589342421,40.9340872125,40.9340872125,0.8181818,12,12,0.49771390000000000,0.497713900000,2.1257659036086896,2.1257659036086896,2.1257659036086896,0E-17,ELIGIBLE,R03b_20260811_FULL_v1,L1_ELIGIBILITY,v2026-08-11,2026-03-21..2026-08-06,baccarat_bet02_101_all_pairs_incl_sentinel,round_win = game_pnl > 0 (decisive only),COMPATIBILITY_ONLY_NOT_PRODUCTION,814.8091,765.2389,-61.0978,142,142,0.07498416,0.07498416,,0.07498416,61.0978,814.8091,OK,0.0000,-1.8329,3.0000,97.0000,AG03-UNRESOLVED,ALL5_LEVELS_bet23_to_bet27,-1.8329,-1.8329,-1.8329,-2.4439,-2.4439,3.000000,3.000000,3.000000,4.000000,4.000000,97.000000,97.000000,97.000000,96.000000,96.000000,5.0,-10.3866,-9.7072,-50.7112,-51.3905,PENDING_AG03,FALSE,NOT_FOR_ENFORCEMENT,-59.2648,742.2818,-61.0978,-59.2648,-1.8329,-0.07498416,-0.07273463,-1.8329,-59.2648,-0.07273463,-1.8329,-1.8329,-1.8329,-2.4439,-2.4439,-59.2648,-0.07273463,-10.3866,-9.7072,-50.7112,-51.3905,-0.06223685,-0.06307063,-0.00224952,5.7381,5.3890,-0.4303,-30.5489,-0.9854,407.4045,71.0000,5.7381,,4.6472,5.1636,7.229,7.7453,10.0173,12.9089,5.1636,2.4527,1.939999,2.5,1.111268,25,35,4,2,1.00000000,-0.07498416,-0.07498416,0E-8,0.000000,0.939163,0.000000,,2026-07-15,2026-07-16,2,62,38,2,1.000000,,1.000000,3.333333,,,,,,,,GLOBAL_BASELINE_NO_ENTITY_RANKING,,,NOT_APPLICABLE_GLOBAL_BASELINE,HF9g-P5,,,,X 全窗基线 · 不参与实体赏罚,3925780,393,A168_HF9F_20260827_0900,2026-08-27 09:00:00
2026-07-16,153029600,-1,1,97.3330235201,-40.6630005422,-40.6630005422,0.2857143,16,16,0.49994810000000000,0.499948100000,-1.6031790760744775,-1.6031790760744775,-1.6031790760744775,0E-17,SENTINEL_DEALER,R03b_20260811_FULL_v1,L1_ELIGIBILITY,v2026-08-11,2026-03-21..2026-08-06,baccarat_bet02_101_all_pairs_incl_sentinel,round_win = game_pnl > 0 (decisive only),COMPATIBILITY_ONLY_NOT_PRODUCTION,814.8091,765.2389,-61.0978,142,142,0.07498416,0.07498416,,0.07498416,61.0978,814.8091,OK,0.0000,-1.8329,3.0000,97.0000,AG03-UNRESOLVED,ALL5_LEVELS_bet23_to_bet27,-1.8329,-1.8329,-1.8329,-2.4439,-2.4439,3.000000,3.000000,3.000000,4.000000,4.000000,97.000000,97.000000,97.000000,96.000000,96.000000,5.0,-10.3866,-9.7072,-50.7112,-51.3905,PENDING_AG03,FALSE,NOT_FOR_ENFORCEMENT,-59.2648,742.2818,-61.0978,-59.2648,-1.8329,-0.07498416,-0.07273463,-1.8329,-59.2648,-0.07273463,-1.8329,-1.8329,-1.8329,-2.4439,-2.4439,-59.2648,-0.07273463,-10.3866,-9.7072,-50.7112,-51.3905,-0.06223685,-0.06307063,-0.00224952,5.7381,5.3890,-0.4303,-30.5489,-0.9854,407.4045,71.0000,5.7381,,4.6472,5.1636,7.229,7.7453,10.0173,12.9089,5.1636,2.4527,1.939999,2.5,1.111268,25,35,4,2,1.00000000,-0.07498416,-0.07498416,0E-8,0.000000,0.939163,0.000000,,2026-07-15,2026-07-16,2,62,38,2,1.000000,,1.000000,3.333333,,,,,,,,GLOBAL_BASELINE_NO_ENTITY_RANKING,,,NOT_APPLICABLE_GLOBAL_BASELINE,HF9g-P5,,,,X 全窗基线 · 不参与实体赏罚,3925781,393,A168_HF9F_20260827_0900,2026-08-27 09:00:00
2026-07-16,153029600,1148,0,28.3995559342,-2.8399555934,-2.8399555934,0.6000000,5,5,0.50128862000000000,0.501288620000,0.4414521777673877,0.4414521777673877,0.4414521777673877,0E-17,ELIGIBLE,R03b_20260811_FULL_v1,L1_ELIGIBILITY,v2026-08-11,2026-03-21..2026-08-06,baccarat_bet02_101_all_pairs_incl_sentinel,round_win = game_pnl > 0 (decisive only),COMPATIBILITY_ONLY_NOT_PRODUCTION,814.8091,765.2389,-61.0978,142,142,0.07498416,0.07498416,,0.07498416,61.0978,814.8091,OK,0.0000,-1.8329,3.0000,97.0000,AG03-UNRESOLVED,ALL5_LEVELS_bet23_to_bet27,-1.8329,-1.8329,-1.8329,-2.4439,-2.4439,3.000000,3.000000,3.000000,4.000000,4.000000,97.000000,97.000000,97.000000,96.000000,96.000000,5.0,-10.3866,-9.7072,-50.7112,-51.3905,PENDING_AG03,FALSE,NOT_FOR_ENFORCEMENT,-59.2648,742.2818,-61.0978,-59.2648,-1.8329,-0.07498416,-0.07273463,-1.8329,-59.2648,-0.07273463,-1.8329,-1.8329,-1.8329,-2.4439,-2.4439,-59.2648,-0.07273463,-10.3866,-9.7072,-50.7112,-51.3905,-0.06223685,-0.06307063,-0.00224952,5.7381,5.3890,-0.4303,-30.5489,-0.9854,407.4045,71.0000,5.7381,,4.6472,5.1636,7.229,7.7453,10.0173,12.9089,5.1636,2.4527,1.939999,2.5,1.111268,25,35,4,2,1.00000000,-0.07498416,-0.07498416,0E-8,0.000000,0.939163,0.000000,,2026-07-15,2026-07-16,2,62,38,2,1.000000,,1.000000,3.333333,,,,,,,,GLOBAL_BASELINE_NO_ENTITY_RANKING,,,NOT_APPLICABLE_GLOBAL_BASELINE,HF9g-P5,,,,X 全窗基线 · 不参与实体赏罚,3925782,393,A168_HF9F_20260827_0900,2026-08-27 09:00:00
2026-07-16,153029600,1302,0,41.0502672140,-2.7754111481,-2.7754111481,0.5000000,8,8,0.49994810000000000,0.499948100000,0.00029359073713029245,0.00029359073713029245,0.00029359073713029245,0E-17,ELIGIBLE,R03b_20260811_FULL_v1,L1_ELIGIBILITY,v2026-08-11,2026-03-21..2026-08-06,baccarat_bet02_101_all_pairs_incl_sentinel,round_win = game_pnl > 0 (decisive only),COMPATIBILITY_ONLY_NOT_PRODUCTION,814.8091,765.2389,-61.0978,142,142,0.07498416,0.07498416,,0.07498416,61.0978,814.8091,OK,0.0000,-1.8329,3.0000,97.0000,AG03-UNRESOLVED,ALL5_LEVELS_bet23_to_bet27,-1.8329,-1.8329,-1.8329,-2.4439,-2.4439,3.000000,3.000000,3.000000,4.000000,4.000000,97.000000,97.000000,97.000000,96.000000,96.000000,5.0,-10.3866,-9.7072,-50.7112,-51.3905,PENDING_AG03,FALSE,NOT_FOR_ENFORCEMENT,-59.2648,742.2818,-61.0978,-59.2648,-1.8329,-0.07498416,-0.07273463,-1.8329,-59.2648,-0.07273463,-1.8329,-1.8329,-1.8329,-2.4439,-2.4439,-59.2648,-0.07273463,-10.3866,-9.7072,-50.7112,-51.3905,-0.06223685,-0.06307063,-0.00224952,5.7381,5.3890,-0.4303,-30.5489,-0.9854,407.4045,71.0000,5.7381,,4.6472,5.1636,7.229,7.7453,10.0173,12.9089,5.1636,2.4527,1.939999,2.5,1.111268,25,35,4,2,1.00000000,-0.07498416,-0.07498416,0E-8,0.000000,0.939163,0.000000,,2026-07-15,2026-07-16,2,62,38,2,1.000000,,1.000000,3.333333,,,,,,,,GLOBAL_BASELINE_NO_ENTITY_RANKING,,,NOT_APPLICABLE_GLOBAL_BASELINE,HF9g-P5,,,,X 全窗基线 · 不参与实体赏罚,3925783,393,A168_HF9F_20260827_0900,2026-08-27 09:00:00
2026-07-16,153029600,1304,0,5.1635556244,-5.1635556244,-5.1635556244,0E-7,1,1,0.49324550000000000,0.493245500000,-0.9865810262130424,-0.9865810262130424,-0.9865810262130424,0E-17,ELIGIBLE,R03b_20260811_FULL_v1,L1_ELIGIBILITY,v2026-08-11,2026-03-21..2026-08-06,baccarat_bet02_101_all_pairs_incl_sentinel,round_win = game_pnl > 0 (decisive only),COMPATIBILITY_ONLY_NOT_PRODUCTION,814.8091,765.2389,-61.0978,142,142,0.07498416,0.07498416,,0.07498416,61.0978,814.8091,OK,0.0000,-1.8329,3.0000,97.0000,AG03-UNRESOLVED,ALL5_LEVELS_bet23_to_bet27,-1.8329,-1.8329,-1.8329,-2.4439,-2.4439,3.000000,3.000000,3.000000,4.000000,4.000000,97.000000,97.000000,97.000000,96.000000,96.000000,5.0,-10.3866,-9.7072,-50.7112,-51.3905,PENDING_AG03,FALSE,NOT_FOR_ENFORCEMENT,-59.2648,742.2818,-61.0978,-59.2648,-1.8329,-0.07498416,-0.07273463,-1.8329,-59.2648,-0.07273463,-1.8329,-1.8329,-1.8329,-2.4439,-2.4439,-59.2648,-0.07273463,-10.3866,-9.7072,-50.7112,-51.3905,-0.06223685,-0.06307063,-0.00224952,5.7381,5.3890,-0.4303,-30.5489,-0.9854,407.4045,71.0000,5.7381,,4.6472,5.1636,7.229,7.7453,10.0173,12.9089,5.1636,2.4527,1.939999,2.5,1.111268,25,35,4,2,1.00000000,-0.07498416,-0.07498416,0E-8,0.000000,0.939163,0.000000,,2026-07-15,2026-07-16,2,62,38,2,1.000000,,1.000000,3.333333,,,,,,,,GLOBAL_BASELINE_NO_ENTITY_RANKING,,,NOT_APPLICABLE_GLOBAL_BASELINE,HF9g-P5,,,,X 全窗基线 · 不参与实体赏罚,3925784,393,A168_HF9F_20260827_0900,2026-08-27 09:00:00
2026-07-16,153029600,1318,0,29.4322670591,-4.0663000542,-4.0663000542,0.5000000,6,6,0.49994810000000000,0.499948100000,0.00025425703667063243,0.00025425703667063243,0.00025425703667063243,0E-17,ELIGIBLE,R03b_20260811_FULL_v1,L1_ELIGIBILITY,v2026-08-11,2026-03-21..2026-08-06,baccarat_bet02_101_all_pairs_incl_sentinel,round_win = game_pnl > 0 (decisive only),COMPATIBILITY_ONLY_NOT_PRODUCTION,814.8091,765.2389,-61.0978,142,142,0.07498416,0.07498416,,0.07498416,61.0978,814.8091,OK,0.0000,-1.8329,3.0000,97.0000,AG03-UNRESOLVED,ALL5_LEVELS_bet23_to_bet27,-1.8329,-1.8329,-1.8329,-2.4439,-2.4439,3.000000,3.000000,3.000000,4.000000,4.000000,97.000000,97.000000,97.000000,96.000000,96.000000,5.0,-10.3866,-9.7072,-50.7112,-51.3905,PENDING_AG03,FALSE,NOT_FOR_ENFORCEMENT,-59.2648,742.2818,-61.0978,-59.2648,-1.8329,-0.07498416,-0.07273463,-1.8329,-59.2648,-0.07273463,-1.8329,-1.8329,-1.8329,-2.4439,-2.4439,-59.2648,-0.07273463,-10.3866,-9.7072,-50.7112,-51.3905,-0.06223685,-0.06307063,-0.00224952,5.7381,5.3890,-0.4303,-30.5489,-0.9854,407.4045,71.0000,5.7381,,4.6472,5.1636,7.229,7.7453,10.0173,12.9089,5.1636,2.4527,1.939999,2.5,1.111268,25,35,4,2,1.00000000,-0.07498416,-0.07498416,0E-8,0.000000,0.939163,0.000000,,2026-07-15,2026-07-16,2,62,38,2,1.000000,,1.000000,3.333333,,,,,,,,GLOBAL_BASELINE_NO_ENTITY_RANKING,,,NOT_APPLICABLE_GLOBAL_BASELINE,HF9g-P5,,,,X 全窗基线 · 不参与实体赏罚,3925785,393,A168_HF9F_20260827_0900,2026-08-27 09:00:00
2026-07-16,153029600,1374,0,26.8504892469,0.7745333436,0.7745333436,0.6666667,4,4,0.49324550000000000,0.493245500000,0.6008033672792107,0.6008033672792106,0.6008033672792107,0E-17,ELIGIBLE,R03b_20260811_FULL_v1,L1_ELIGIBILITY,v2026-08-11,2026-03-21..2026-08-06,baccarat_bet02_101_all_pairs_incl_sentinel,round_win = game_pnl > 0 (decisive only),COMPATIBILITY_ONLY_NOT_PRODUCTION,814.8091,765.2389,-61.0978,142,142,0.07498416,0.07498416,,0.07498416,61.0978,814.8091,OK,0.0000,-1.8329,3.0000,97.0000,AG03-UNRESOLVED,ALL5_LEVELS_bet23_to_bet27,-1.8329,-1.8329,-1.8329,-2.4439,-2.4439,3.000000,3.000000,3.000000,4.000000,4.000000,97.000000,97.000000,97.000000,96.000000,96.000000,5.0,-10.3866,-9.7072,-50.7112,-51.3905,PENDING_AG03,FALSE,NOT_FOR_ENFORCEMENT,-59.2648,742.2818,-61.0978,-59.2648,-1.8329,-0.07498416,-0.07273463,-1.8329,-59.2648,-0.07273463,-1.8329,-1.8329,-1.8329,-2.4439,-2.4439,-59.2648,-0.07273463,-10.3866,-9.7072,-50.7112,-51.3905,-0.06223685,-0.06307063,-0.00224952,5.7381,5.3890,-0.4303,-30.5489,-0.9854,407.4045,71.0000,5.7381,,4.6472,5.1636,7.229,7.7453,10.0173,12.9089,5.1636,2.4527,1.939999,2.5,1.111268,25,35,4,2,1.00000000,-0.07498416,-0.07498416,0E-8,0.000000,0.939163,0.000000,,2026-07-15,2026-07-16,2,62,38,2,1.000000,,1.000000,3.333333,,,,,,,,GLOBAL_BASELINE_NO_ENTITY_RANKING,,,NOT_APPLICABLE_GLOBAL_BASELINE,HF9g-P5,,,,X 全窗基线 · 不参与实体赏罚,3925786,393,A168_HF9F_20260827_0900,2026-08-27 09:00:00
2026-07-16,153029600,1385,0,2.5817778122,-2.5817778122,-2.5817778122,0E-7,1,1,0.50665070000000000,0.506650700000,-1.013391052207602,-1.013391052207602,-1.013391052207602,0E-17,ELIGIBLE,R03b_20260811_FULL_v1,L1_ELIGIBILITY,v2026-08-11,2026-03-21..2026-08-06,baccarat_bet02_101_all_pairs_incl_sentinel,round_win = game_pnl > 0 (decisive only),COMPATIBILITY_ONLY_NOT_PRODUCTION,814.8091,765.2389,-61.0978,142,142,0.07498416,0.07498416,,0.07498416,61.0978,814.8091,OK,0.0000,-1.8329,3.0000,97.0000,AG03-UNRESOLVED,ALL5_LEVELS_bet23_to_bet27,-1.8329,-1.8329,-1.8329,-2.4439,-2.4439,3.000000,3.000000,3.000000,4.000000,4.000000,97.000000,97.000000,97.000000,96.000000,96.000000,5.0,-10.3866,-9.7072,-50.7112,-51.3905,PENDING_AG03,FALSE,NOT_FOR_ENFORCEMENT,-59.2648,742.2818,-61.0978,-59.2648,-1.8329,-0.07498416,-0.07273463,-1.8329,-59.2648,-0.07273463,-1.8329,-1.8329,-1.8329,-2.4439,-2.4439,-59.2648,-0.07273463,-10.3866,-9.7072,-50.7112,-51.3905,-0.06223685,-0.06307063,-0.00224952,5.7381,5.3890,-0.4303,-30.5489,-0.9854,407.4045,71.0000,5.7381,,4.6472,5.1636,7.229,7.7453,10.0173,12.9089,5.1636,2.4527,1.939999,2.5,1.111268,25,35,4,2,1.00000000,-0.07498416,-0.07498416,0E-8,0.000000,0.939163,0.000000,,2026-07-15,2026-07-16,2,62,38,2,1.000000,,1.000000,3.333333,,,,,,,,GLOBAL_BASELINE_NO_ENTITY_RANKING,,,NOT_APPLICABLE_GLOBAL_BASELINE,HF9g-P5,,,,X 全窗基线 · 不参与实体赏罚,3925787,393,A168_HF9F_20260827_0900,2026-08-27 09:00:00
2026-07-16,153029600,1710,0,15.4906668732,0E-10,0E-10,0.5000000,2,2,0.49994810000000000,0.499948100000,0.00014679536856514622,0.00014679536856514622,0.00014679536856514622,0E-17,ELIGIBLE,R03b_20260811_FULL_v1,L1_ELIGIBILITY,v2026-08-11,2026-03-21..2026-08-06,baccarat_bet02_101_all_pairs_incl_sentinel,round_win = game_pnl > 0 (decisive only),COMPATIBILITY_ONLY_NOT_PRODUCTION,814.8091,765.2389,-61.0978,142,142,0.07498416,0.07498416,,0.07498416,61.0978,814.8091,OK,0.0000,-1.8329,3.0000,97.0000,AG03-UNRESOLVED,ALL5_LEVELS_bet23_to_bet27,-1.8329,-1.8329,-1.8329,-2.4439,-2.4439,3.000000,3.000000,3.000000,4.000000,4.000000,97.000000,97.000000,97.000000,96.000000,96.000000,5.0,-10.3866,-9.7072,-50.7112,-51.3905,PENDING_AG03,FALSE,NOT_FOR_ENFORCEMENT,-59.2648,742.2818,-61.0978,-59.2648,-1.8329,-0.07498416,-0.07273463,-1.8329,-59.2648,-0.07273463,-1.8329,-1.8329,-1.8329,-2.4439,-2.4439,-59.2648,-0.07273463,-10.3866,-9.7072,-50.7112,-51.3905,-0.06223685,-0.06307063,-0.00224952,5.7381,5.3890,-0.4303,-30.5489,-0.9854,407.4045,71.0000,5.7381,,4.6472,5.1636,7.229,7.7453,10.0173,12.9089,5.1636,2.4527,1.939999,2.5,1.111268,25,35,4,2,1.00000000,-0.07498416,-0.07498416,0E-8,0.000000,0.939163,0.000000,,2026-07-15,2026-07-16,2,62,38,2,1.000000,,1.000000,3.333333,,,,,,,,GLOBAL_BASELINE_NO_ENTITY_RANKING,,,NOT_APPLICABLE_GLOBAL_BASELINE,HF9g-P5,,,,X 全窗基线 · 不参与实体赏罚,3925788,393,A168_HF9F_20260827_0900,2026-08-27 09:00:00
2026-07-16,153029600,1935,0,5.1635556244,-5.1635556244,-5.1635556244,0E-7,1,1,0.49324550000000000,0.493245500000,-0.9865810262130424,-0.9865810262130424,-0.9865810262130424,0E-17,ELIGIBLE,R03b_20260811_FULL_v1,L1_ELIGIBILITY,v2026-08-11,2026-03-21..2026-08-06,baccarat_bet02_101_all_pairs_incl_sentinel,round_win = game_pnl > 0 (decisive only),COMPATIBILITY_ONLY_NOT_PRODUCTION,814.8091,765.2389,-61.0978,142,142,0.07498416,0.07498416,,0.07498416,61.0978,814.8091,OK,0.0000,-1.8329,3.0000,97.0000,AG03-UNRESOLVED,ALL5_LEVELS_bet23_to_bet27,-1.8329,-1.8329,-1.8329,-2.4439,-2.4439,3.000000,3.000000,3.000000,4.000000,4.000000,97.000000,97.000000,97.000000,96.000000,96.000000,5.0,-10.3866,-9.7072,-50.7112,-51.3905,PENDING_AG03,FALSE,NOT_FOR_ENFORCEMENT,-59.2648,742.2818,-61.0978,-59.2648,-1.8329,-0.07498416,-0.07273463,-1.8329,-59.2648,-0.07273463,-1.8329,-1.8329,-1.8329,-2.4439,-2.4439,-59.2648,-0.07273463,-10.3866,-9.7072,-50.7112,-51.3905,-0.06223685,-0.06307063,-0.00224952,5.7381,5.3890,-0.4303,-30.5489,-0.9854,407.4045,71.0000,5.7381,,4.6472,5.1636,7.229,7.7453,10.0173,12.9089,5.1636,2.4527,1.939999,2.5,1.111268,25,35,4,2,1.00000000,-0.07498416,-0.07498416,0E-8,0.000000,0.939163,0.000000,,2026-07-15,2026-07-16,2,62,38,2,1.000000,,1.000000,3.333333,,,,,,,,GLOBAL_BASELINE_NO_ENTITY_RANKING,,,NOT_APPLICABLE_GLOBAL_BASELINE,HF9g-P5,,,,X 全窗基线 · 不参与实体赏罚,3925789,393,A168_HF9F_20260827_0900,2026-08-27 09:00:00
2026-07-16,153029600,1963,0,6.4544445305,-6.4544445305,-6.4544445305,0E-7,1,1,0.50665070000000000,0.506650700000,-1.013391052207602,-1.013391052207602,-1.013391052207602,0E-17,ELIGIBLE,R03b_20260811_FULL_v1,L1_ELIGIBILITY,v2026-08-11,2026-03-21..2026-08-06,baccarat_bet02_101_all_pairs_incl_sentinel,round_win = game_pnl > 0 (decisive only),COMPATIBILITY_ONLY_NOT_PRODUCTION,814.8091,765.2389,-61.0978,142,142,0.07498416,0.07498416,,0.07498416,61.0978,814.8091,OK,0.0000,-1.8329,3.0000,97.0000,AG03-UNRESOLVED,ALL5_LEVELS_bet23_to_bet27,-1.8329,-1.8329,-1.8329,-2.4439,-2.4439,3.000000,3.000000,3.000000,4.000000,4.000000,97.000000,97.000000,97.000000,96.000000,96.000000,5.0,-10.3866,-9.7072,-50.7112,-51.3905,PENDING_AG03,FALSE,NOT_FOR_ENFORCEMENT,-59.2648,742.2818,-61.0978,-59.2648,-1.8329,-0.07498416,-0.07273463,-1.8329,-59.2648,-0.07273463,-1.8329,-1.8329,-1.8329,-2.4439,-2.4439,-59.2648,-0.07273463,-10.3866,-9.7072,-50.7112,-51.3905,-0.06223685,-0.06307063,-0.00224952,5.7381,5.3890,-0.4303,-30.5489,-0.9854,407.4045,71.0000,5.7381,,4.6472,5.1636,7.229,7.7453,10.0173,12.9089,5.1636,2.4527,1.939999,2.5,1.111268,25,35,4,2,1.00000000,-0.07498416,-0.07498416,0E-8,0.000000,0.939163,0.000000,,2026-07-15,2026-07-16,2,62,38,2,1.000000,,1.000000,3.333333,,,,,,,,GLOBAL_BASELINE_NO_ENTITY_RANKING,,,NOT_APPLICABLE_GLOBAL_BASELINE,HF9g-P5,,,,X 全窗基线 · 不参与实体赏罚,3925790,393,A168_HF9F_20260827_0900,2026-08-27 09:00:00
2026-07-16,153029600,1966,0,4.3890222807,4.3890222807,4.3890222807,1.0000000,1,1,0.49324550000000000,0.493245500000,1.01360149184955,1.01360149184955,1.01360149184955,0E-17,ELIGIBLE,R03b_20260811_FULL_v1,L1_ELIGIBILITY,v2026-08-11,2026-03-21..2026-08-06,baccarat_bet02_101_all_pairs_incl_sentinel,round_win = game_pnl > 0 (decisive only),COMPATIBILITY_ONLY_NOT_PRODUCTION,814.8091,765.2389,-61.0978,142,142,0.07498416,0.07498416,,0.07498416,61.0978,814.8091,OK,0.0000,-1.8329,3.0000,97.0000,AG03-UNRESOLVED,ALL5_LEVELS_bet23_to_bet27,-1.8329,-1.8329,-1.8329,-2.4439,-2.4439,3.000000,3.000000,3.000000,4.000000,4.000000,97.000000,97.000000,97.000000,96.000000,96.000000,5.0,-10.3866,-9.7072,-50.7112,-51.3905,PENDING_AG03,FALSE,NOT_FOR_ENFORCEMENT,-59.2648,742.2818,-61.0978,-59.2648,-1.8329,-0.07498416,-0.07273463,-1.8329,-59.2648,-0.07273463,-1.8329,-1.8329,-1.8329,-2.4439,-2.4439,-59.2648,-0.07273463,-10.3866,-9.7072,-50.7112,-51.3905,-0.06223685,-0.06307063,-0.00224952,5.7381,5.3890,-0.4303,-30.5489,-0.9854,407.4045,71.0000,5.7381,,4.6472,5.1636,7.229,7.7453,10.0173,12.9089,5.1636,2.4527,1.939999,2.5,1.111268,25,35,4,2,1.00000000,-0.07498416,-0.07498416,0E-8,0.000000,0.939163,0.000000,,2026-07-15,2026-07-16,2,62,38,2,1.000000,,1.000000,3.333333,,,,,,,,GLOBAL_BASELINE_NO_ENTITY_RANKING,,,NOT_APPLICABLE_GLOBAL_BASELINE,HF9g-P5,,,,X 全窗基线 · 不参与实体赏罚,3925791,393,A168_HF9F_20260827_0900,2026-08-27 09:00:00
2026-07-16,153029600,2103,0,40.7920894327,0.7228977874,0.7228977874,0.6000000,5,5,0.49860758000000000,0.498607580000,0.4534424453485946,0.4534424453485946,0.4534424453485946,0E-17,ELIGIBLE,R03b_20260811_FULL_v1,L1_ELIGIBILITY,v2026-08-11,2026-03-21..2026-08-06,baccarat_bet02_101_all_pairs_incl_sentinel,round_win = game_pnl > 0 (decisive only),COMPATIBILITY_ONLY_NOT_PRODUCTION,814.8091,765.2389,-61.0978,142,142,0.07498416,0.07498416,,0.07498416,61.0978,814.8091,OK,0.0000,-1.8329,3.0000,97.0000,AG03-UNRESOLVED,ALL5_LEVELS_bet23_to_bet27,-1.8329,-1.8329,-1.8329,-2.4439,-2.4439,3.000000,3.000000,3.000000,4.000000,4.000000,97.000000,97.000000,97.000000,96.000000,96.000000,5.0,-10.3866,-9.7072,-50.7112,-51.3905,PENDING_AG03,FALSE,NOT_FOR_ENFORCEMENT,-59.2648,742.2818,-61.0978,-59.2648,-1.8329,-0.07498416,-0.07273463,-1.8329,-59.2648,-0.07273463,-1.8329,-1.8329,-1.8329,-2.4439,-2.4439,-59.2648,-0.07273463,-10.3866,-9.7072,-50.7112,-51.3905,-0.06223685,-0.06307063,-0.00224952,5.7381,5.3890,-0.4303,-30.5489,-0.9854,407.4045,71.0000,5.7381,,4.6472,5.1636,7.229,7.7453,10.0173,12.9089,5.1636,2.4527,1.939999,2.5,1.111268,25,35,4,2,1.00000000,-0.07498416,-0.07498416,0E-8,0.000000,0.939163,0.000000,,2026-07-15,2026-07-16,2,62,38,2,1.000000,,1.000000,3.333333,,,,,,,,GLOBAL_BASELINE_NO_ENTITY_RANKING,,,NOT_APPLICABLE_GLOBAL_BASELINE,HF9g-P5,,,,X 全窗基线 · 不参与实体赏罚,3925792,393,A168_HF9F_20260827_0900,2026-08-27 09:00:00
2026-07-16,153029600,2145,0,10.8434668112,-10.8434668112,-10.8434668112,0E-7,2,2,0.49994810000000000,0.499948100000,-1.4140667746232096,-1.4140667746232096,-1.4140667746232096,0E-17,ELIGIBLE,R03b_20260811_FULL_v1,L1_ELIGIBILITY,v2026-08-11,2026-03-21..2026-08-06,baccarat_bet02_101_all_pairs_incl_sentinel,round_win = game_pnl > 0 (decisive only),COMPATIBILITY_ONLY_NOT_PRODUCTION,814.8091,765.2389,-61.0978,142,142,0.07498416,0.07498416,,0.07498416,61.0978,814.8091,OK,0.0000,-1.8329,3.0000,97.0000,AG03-UNRESOLVED,ALL5_LEVELS_bet23_to_bet27,-1.8329,-1.8329,-1.8329,-2.4439,-2.4439,3.000000,3.000000,3.000000,4.000000,4.000000,97.000000,97.000000,97.000000,96.000000,96.000000,5.0,-10.3866,-9.7072,-50.7112,-51.3905,PENDING_AG03,FALSE,NOT_FOR_ENFORCEMENT,-59.2648,742.2818,-61.0978,-59.2648,-1.8329,-0.07498416,-0.07273463,-1.8329,-59.2648,-0.07273463,-1.8329,-1.8329,-1.8329,-2.4439,-2.4439,-59.2648,-0.07273463,-10.3866,-9.7072,-50.7112,-51.3905,-0.06223685,-0.06307063,-0.00224952,5.7381,5.3890,-0.4303,-30.5489,-0.9854,407.4045,71.0000,5.7381,,4.6472,5.1636,7.229,7.7453,10.0173,12.9089,5.1636,2.4527,1.939999,2.5,1.111268,25,35,4,2,1.00000000,-0.07498416,-0.07498416,0E-8,0.000000,0.939163,0.000000,,2026-07-15,2026-07-16,2,62,38,2,1.000000,,1.000000,3.333333,,,,,,,,GLOBAL_BASELINE_NO_ENTITY_RANKING,,,NOT_APPLICABLE_GLOBAL_BASELINE,HF9g-P5,,,,X 全窗基线 · 不参与实体赏罚,3925793,393,A168_HF9F_20260827_0900,2026-08-27 09:00:00
2026-07-16,153029600,2152,0,15.2324890920,14.6386801952,14.6386801952,1.0000000,3,3,0.50218230000000000,0.502182300000,1.724507524396475,1.7245075243964754,1.724507524396475,0E-17,ELIGIBLE,R03b_20260811_FULL_v1,L1_ELIGIBILITY,v2026-08-11,2026-03-21..2026-08-06,baccarat_bet02_101_all_pairs_incl_sentinel,round_win = game_pnl > 0 (decisive only),COMPATIBILITY_ONLY_NOT_PRODUCTION,814.8091,765.2389,-61.0978,142,142,0.07498416,0.07498416,,0.07498416,61.0978,814.8091,OK,0.0000,-1.8329,3.0000,97.0000,AG03-UNRESOLVED,ALL5_LEVELS_bet23_to_bet27,-1.8329,-1.8329,-1.8329,-2.4439,-2.4439,3.000000,3.000000,3.000000,4.000000,4.000000,97.000000,97.000000,97.000000,96.000000,96.000000,5.0,-10.3866,-9.7072,-50.7112,-51.3905,PENDING_AG03,FALSE,NOT_FOR_ENFORCEMENT,-59.2648,742.2818,-61.0978,-59.2648,-1.8329,-0.07498416,-0.07273463,-1.8329,-59.2648,-0.07273463,-1.8329,-1.8329,-1.8329,-2.4439,-2.4439,-59.2648,-0.07273463,-10.3866,-9.7072,-50.7112,-51.3905,-0.06223685,-0.06307063,-0.00224952,5.7381,5.3890,-0.4303,-30.5489,-0.9854,407.4045,71.0000,5.7381,,4.6472,5.1636,7.229,7.7453,10.0173,12.9089,5.1636,2.4527,1.939999,2.5,1.111268,25,35,4,2,1.00000000,-0.07498416,-0.07498416,0E-8,0.000000,0.939163,0.000000,,2026-07-15,2026-07-16,2,62,38,2,1.000000,,1.000000,3.333333,,,,,,,,GLOBAL_BASELINE_NO_ENTITY_RANKING,,,NOT_APPLICABLE_GLOBAL_BASELINE,HF9g-P5,,,,X 全窗基线 · 不参与实体赏罚,3925794,393,A168_HF9F_20260827_0900,2026-08-27 09:00:00
2026-07-16,153029600,2224,0,9.2944001239,-9.2944001239,-9.2944001239,0E-7,2,2,0.49994810000000000,0.499948100000,-1.4140667746232096,-1.4140667746232096,-1.4140667746232096,0E-17,ELIGIBLE,R03b_20260811_FULL_v1,L1_ELIGIBILITY,v2026-08-11,2026-03-21..2026-08-06,baccarat_bet02_101_all_pairs_incl_sentinel,round_win = game_pnl > 0 (decisive only),COMPATIBILITY_ONLY_NOT_PRODUCTION,814.8091,765.2389,-61.0978,142,142,0.07498416,0.07498416,,0.07498416,61.0978,814.8091,OK,0.0000,-1.8329,3.0000,97.0000,AG03-UNRESOLVED,ALL5_LEVELS_bet23_to_bet27,-1.8329,-1.8329,-1.8329,-2.4439,-2.4439,3.000000,3.000000,3.000000,4.000000,4.000000,97.000000,97.000000,97.000000,96.000000,96.000000,5.0,-10.3866,-9.7072,-50.7112,-51.3905,PENDING_AG03,FALSE,NOT_FOR_ENFORCEMENT,-59.2648,742.2818,-61.0978,-59.2648,-1.8329,-0.07498416,-0.07273463,-1.8329,-59.2648,-0.07273463,-1.8329,-1.8329,-1.8329,-2.4439,-2.4439,-59.2648,-0.07273463,-10.3866,-9.7072,-50.7112,-51.3905,-0.06223685,-0.06307063,-0.00224952,5.7381,5.3890,-0.4303,-30.5489,-0.9854,407.4045,71.0000,5.7381,,4.6472,5.1636,7.229,7.7453,10.0173,12.9089,5.1636,2.4527,1.939999,2.5,1.111268,25,35,4,2,1.00000000,-0.07498416,-0.07498416,0E-8,0.000000,0.939163,0.000000,,2026-07-15,2026-07-16,2,62,38,2,1.000000,,1.000000,3.333333,,,,,,,,GLOBAL_BASELINE_NO_ENTITY_RANKING,,,NOT_APPLICABLE_GLOBAL_BASELINE,HF9g-P5,,,,X 全窗基线 · 不参与实体赏罚,3925795,393,A168_HF9F_20260827_0900,2026-08-27 09:00:00
2026-07-16,153029600,2243,0,10.3271112488,10.3271112488,10.3271112488,1.0000000,1,1,0.49324550000000000,0.493245500000,1.01360149184955,1.01360149184955,1.01360149184955,0E-17,ELIGIBLE,R03b_20260811_FULL_v1,L1_ELIGIBILITY,v2026-08-11,2026-03-21..2026-08-06,baccarat_bet02_101_all_pairs_incl_sentinel,round_win = game_pnl > 0 (decisive only),COMPATIBILITY_ONLY_NOT_PRODUCTION,814.8091,765.2389,-61.0978,142,142,0.07498416,0.07498416,,0.07498416,61.0978,814.8091,OK,0.0000,-1.8329,3.0000,97.0000,AG03-UNRESOLVED,ALL5_LEVELS_bet23_to_bet27,-1.8329,-1.8329,-1.8329,-2.4439,-2.4439,3.000000,3.000000,3.000000,4.000000,4.000000,97.000000,97.000000,97.000000,96.000000,96.000000,5.0,-10.3866,-9.7072,-50.7112,-51.3905,PENDING_AG03,FALSE,NOT_FOR_ENFORCEMENT,-59.2648,742.2818,-61.0978,-59.2648,-1.8329,-0.07498416,-0.07273463,-1.8329,-59.2648,-0.07273463,-1.8329,-1.8329,-1.8329,-2.4439,-2.4439,-59.2648,-0.07273463,-10.3866,-9.7072,-50.7112,-51.3905,-0.06223685,-0.06307063,-0.00224952,5.7381,5.3890,-0.4303,-30.5489,-0.9854,407.4045,71.0000,5.7381,,4.6472,5.1636,7.229,7.7453,10.0173,12.9089,5.1636,2.4527,1.939999,2.5,1.111268,25,35,4,2,1.00000000,-0.07498416,-0.07498416,0E-8,0.000000,0.939163,0.000000,,2026-07-15,2026-07-16,2,62,38,2,1.000000,,1.000000,3.333333,,,,,,,,GLOBAL_BASELINE_NO_ENTITY_RANKING,,,NOT_APPLICABLE_GLOBAL_BASELINE,HF9g-P5,,,,X 全窗基线 · 不参与实体赏罚,3925796,393,A168_HF9F_20260827_0900,2026-08-27 09:00:00
2026-07-16,153029600,2257,0,2.5817778122,2.4526889216,2.4526889216,1.0000000,1,1,0.50665070000000000,0.506650700000,0.9867858985152569,0.9867858985152569,0.9867858985152569,0E-17,ELIGIBLE,R03b_20260811_FULL_v1,L1_ELIGIBILITY,v2026-08-11,2026-03-21..2026-08-06,baccarat_bet02_101_all_pairs_incl_sentinel,round_win = game_pnl > 0 (decisive only),COMPATIBILITY_ONLY_NOT_PRODUCTION,814.8091,765.2389,-61.0978,142,142,0.07498416,0.07498416,,0.07498416,61.0978,814.8091,OK,0.0000,-1.8329,3.0000,97.0000,AG03-UNRESOLVED,ALL5_LEVELS_bet23_to_bet27,-1.8329,-1.8329,-1.8329,-2.4439,-2.4439,3.000000,3.000000,3.000000,4.000000,4.000000,97.000000,97.000000,97.000000,96.000000,96.000000,5.0,-10.3866,-9.7072,-50.7112,-51.3905,PENDING_AG03,FALSE,NOT_FOR_ENFORCEMENT,-59.2648,742.2818,-61.0978,-59.2648,-1.8329,-0.07498416,-0.07273463,-1.8329,-59.2648,-0.07273463,-1.8329,-1.8329,-1.8329,-2.4439,-2.4439,-59.2648,-0.07273463,-10.3866,-9.7072,-50.7112,-51.3905,-0.06223685,-0.06307063,-0.00224952,5.7381,5.3890,-0.4303,-30.5489,-0.9854,407.4045,71.0000,5.7381,,4.6472,5.1636,7.229,7.7453,10.0173,12.9089,5.1636,2.4527,1.939999,2.5,1.111268,25,35,4,2,1.00000000,-0.07498416,-0.07498416,0E-8,0.000000,0.939163,0.000000,,2026-07-15,2026-07-16,2,62,38,2,1.000000,,1.000000,3.333333,,,,,,,,GLOBAL_BASELINE_NO_ENTITY_RANKING,,,NOT_APPLICABLE_GLOBAL_BASELINE,HF9g-P5,,,,X 全窗基线 · 不参与实体赏罚,3925797,393,A168_HF9F_20260827_0900,2026-08-27 09:00:00
2026-07-16,153029600,2287,0,25.3014225596,9.4363979036,9.4363979036,0.7500000,4,4,0.50329940000000000,0.503299400000,0.9868238854431842,0.9868238854431842,0.9868238854431842,0E-17,ELIGIBLE,R03b_20260811_FULL_v1,L1_ELIGIBILITY,v2026-08-11,2026-03-21..2026-08-06,baccarat_bet02_101_all_pairs_incl_sentinel,round_win = game_pnl > 0 (decisive only),COMPATIBILITY_ONLY_NOT_PRODUCTION,814.8091,765.2389,-61.0978,142,142,0.07498416,0.07498416,,0.07498416,61.0978,814.8091,OK,0.0000,-1.8329,3.0000,97.0000,AG03-UNRESOLVED,ALL5_LEVELS_bet23_to_bet27,-1.8329,-1.8329,-1.8329,-2.4439,-2.4439,3.000000,3.000000,3.000000,4.000000,4.000000,97.000000,97.000000,97.000000,96.000000,96.000000,5.0,-10.3866,-9.7072,-50.7112,-51.3905,PENDING_AG03,FALSE,NOT_FOR_ENFORCEMENT,-59.2648,742.2818,-61.0978,-59.2648,-1.8329,-0.07498416,-0.07273463,-1.8329,-59.2648,-0.07273463,-1.8329,-1.8329,-1.8329,-2.4439,-2.4439,-59.2648,-0.07273463,-10.3866,-9.7072,-50.7112,-51.3905,-0.06223685,-0.06307063,-0.00224952,5.7381,5.3890,-0.4303,-30.5489,-0.9854,407.4045,71.0000,5.7381,,4.6472,5.1636,7.229,7.7453,10.0173,12.9089,5.1636,2.4527,1.939999,2.5,1.111268,25,35,4,2,1.00000000,-0.07498416,-0.07498416,0E-8,0.000000,0.939163,0.000000,,2026-07-15,2026-07-16,2,62,38,2,1.000000,,1.000000,3.333333,,,,,,,,GLOBAL_BASELINE_NO_ENTITY_RANKING,,,NOT_APPLICABLE_GLOBAL_BASELINE,HF9g-P5,,,,X 全窗基线 · 不参与实体赏罚,3925798,393,A168_HF9F_20260827_0900,2026-08-27 09:00:00
2026-07-16,153029600,752,0,2.5817778122,-2.5817778122,-2.5817778122,0E-7,1,1,0.49324550000000000,0.493245500000,-0.9865810262130424,-0.9865810262130424,-0.9865810262130424,0E-17,ELIGIBLE,R03b_20260811_FULL_v1,L1_ELIGIBILITY,v2026-08-11,2026-03-21..2026-08-06,baccarat_bet02_101_all_pairs_incl_sentinel,round_win = game_pnl > 0 (decisive only),COMPATIBILITY_ONLY_NOT_PRODUCTION,814.8091,765.2389,-61.0978,142,142,0.07498416,0.07498416,,0.07498416,61.0978,814.8091,OK,0.0000,-1.8329,3.0000,97.0000,AG03-UNRESOLVED,ALL5_LEVELS_bet23_to_bet27,-1.8329,-1.8329,-1.8329,-2.4439,-2.4439,3.000000,3.000000,3.000000,4.000000,4.000000,97.000000,97.000000,97.000000,96.000000,96.000000,5.0,-10.3866,-9.7072,-50.7112,-51.3905,PENDING_AG03,FALSE,NOT_FOR_ENFORCEMENT,-59.2648,742.2818,-61.0978,-59.2648,-1.8329,-0.07498416,-0.07273463,-1.8329,-59.2648,-0.07273463,-1.8329,-1.8329,-1.8329,-2.4439,-2.4439,-59.2648,-0.07273463,-10.3866,-9.7072,-50.7112,-51.3905,-0.06223685,-0.06307063,-0.00224952,5.7381,5.3890,-0.4303,-30.5489,-0.9854,407.4045,71.0000,5.7381,,4.6472,5.1636,7.229,7.7453,10.0173,12.9089,5.1636,2.4527,1.939999,2.5,1.111268,25,35,4,2,1.00000000,-0.07498416,-0.07498416,0E-8,0.000000,0.939163,0.000000,,2026-07-15,2026-07-16,2,62,38,2,1.000000,,1.000000,3.333333,,,,,,,,GLOBAL_BASELINE_NO_ENTITY_RANKING,,,NOT_APPLICABLE_GLOBAL_BASELINE,HF9g-P5,,,,X 全窗基线 · 不参与实体赏罚,3925799,393,A168_HF9F_20260827_0900,2026-08-27 09:00:00
2026-06-27,152135172,-1,1,41.1448556073,41.1448556073,41.1448556073,1.0000000,2,2,0.49324550000000000,0.493245500000,1.4334489766152358,1.4334489766152358,1.4334489766152358,0E-17,SENTINEL_DEALER,R03b_20260811_FULL_v1,L1_ELIGIBILITY,v2026-08-11,2026-03-21..2026-08-06,baccarat_bet02_101_all_pairs_incl_sentinel,round_win = game_pnl > 0 (decisive only),COMPATIBILITY_ONLY_NOT_PRODUCTION,110.3196,110.3196,-61.7301,5,5,0.55955711,,0.55955711,0.55955711,61.7301,110.3196,THIN_EXPOSURE,0.0000,-2.4692,4.0000,96.0000,AG03-UNRESOLVED,ALL5_LEVELS_bet23_to_bet27,-2.4692,-2.4692,-3.0865,-3.0865,-3.0865,4.000000,4.000000,5.000000,5.000000,5.000000,96.000000,96.000000,95.000000,95.000000,95.000000,5.0,-14.1979,-12.9537,-47.5322,-48.7765,PENDING_AG03,FALSE,NOT_FOR_ENFORCEMENT,-59.2609,105.9069,-61.7301,-59.2609,-2.4692,-0.55955711,-0.53717483,-2.4692,-59.2609,-0.53717483,-2.4692,-2.4692,-3.0865,-3.0865,-3.0865,-59.2609,-0.53717483,-14.1979,-12.9537,-47.5322,-48.7765,-0.43085897,-0.44213786,-0.02238228,22.0639,22.0639,-12.3460,-61.7301,-12.3460,110.3196,5.0000,,22.0639,16.7151,23.144,25.6512,33.173,33.173,33.173,23.144,18.0009,1.433333,1.433333,0.953333,5,4,1,2,0E-8,-0.55955711,,0E-8,0.000000,1.000000,0.000000,,2026-06-27,2026-06-27,1,5,5,1,1.000000,,,0.000000,,,,,,,,GLOBAL_BASELINE_NO_ENTITY_RANKING,,,NOT_APPLICABLE_GLOBAL_BASELINE,HF9g-P5,,,,X 全窗基线 · 不参与实体赏罚,3925800,393,A168_HF9F_20260827_0900,2026-08-27 09:00:00
2026-06-27,152135172,2101,0,12.8577673773,12.2148790084,12.2148790084,1.0000000,1,1,0.50665070000000000,0.506650700000,0.9867858985152569,0.9867858985152569,0.9867858985152569,0E-17,ELIGIBLE,R03b_20260811_FULL_v1,L1_ELIGIBILITY,v2026-08-11,2026-03-21..2026-08-06,baccarat_bet02_101_all_pairs_incl_sentinel,round_win = game_pnl > 0 (decisive only),COMPATIBILITY_ONLY_NOT_PRODUCTION,110.3196,110.3196,-61.7301,5,5,0.55955711,,0.55955711,0.55955711,61.7301,110.3196,THIN_EXPOSURE,0.0000,-2.4692,4.0000,96.0000,AG03-UNRESOLVED,ALL5_LEVELS_bet23_to_bet27,-2.4692,-2.4692,-3.0865,-3.0865,-3.0865,4.000000,4.000000,5.000000,5.000000,5.000000,96.000000,96.000000,95.000000,95.000000,95.000000,5.0,-14.1979,-12.9537,-47.5322,-48.7765,PENDING_AG03,FALSE,NOT_FOR_ENFORCEMENT,-59.2609,105.9069,-61.7301,-59.2609,-2.4692,-0.55955711,-0.53717483,-2.4692,-59.2609,-0.53717483,-2.4692,-2.4692,-3.0865,-3.0865,-3.0865,-59.2609,-0.53717483,-14.1979,-12.9537,-47.5322,-48.7765,-0.43085897,-0.44213786,-0.02238228,22.0639,22.0639,-12.3460,-61.7301,-12.3460,110.3196,5.0000,,22.0639,16.7151,23.144,25.6512,33.173,33.173,33.173,23.144,18.0009,1.433333,1.433333,0.953333,5,4,1,2,0E-8,-0.55955711,,0E-8,0.000000,1.000000,0.000000,,2026-06-27,2026-06-27,1,5,5,1,1.000000,,,0.000000,,,,,,,,GLOBAL_BASELINE_NO_ENTITY_RANKING,,,NOT_APPLICABLE_GLOBAL_BASELINE,HF9g-P5,,,,X 全窗基线 · 不参与实体赏罚,3925801,393,A168_HF9F_20260827_0900,2026-08-27 09:00:00
2026-06-27,152135172,2153,0,23.1439812791,-23.1439812791,-23.1439812791,0E-7,1,1,0.50665070000000000,0.506650700000,-1.013391052207602,-1.013391052207602,-1.013391052207602,0E-17,ELIGIBLE,R03b_20260811_FULL_v1,L1_ELIGIBILITY,v2026-08-11,2026-03-21..2026-08-06,baccarat_bet02_101_all_pairs_incl_sentinel,round_win = game_pnl > 0 (decisive only),COMPATIBILITY_ONLY_NOT_PRODUCTION,110.3196,110.3196,-61.7301,5,5,0.55955711,,0.55955711,0.55955711,61.7301,110.3196,THIN_EXPOSURE,0.0000,-2.4692,4.0000,96.0000,AG03-UNRESOLVED,ALL5_LEVELS_bet23_to_bet27,-2.4692,-2.4692,-3.0865,-3.0865,-3.0865,4.000000,4.000000,5.000000,5.000000,5.000000,96.000000,96.000000,95.000000,95.000000,95.000000,5.0,-14.1979,-12.9537,-47.5322,-48.7765,PENDING_AG03,FALSE,NOT_FOR_ENFORCEMENT,-59.2609,105.9069,-61.7301,-59.2609,-2.4692,-0.55955711,-0.53717483,-2.4692,-59.2609,-0.53717483,-2.4692,-2.4692,-3.0865,-3.0865,-3.0865,-59.2609,-0.53717483,-14.1979,-12.9537,-47.5322,-48.7765,-0.43085897,-0.44213786,-0.02238228,22.0639,22.0639,-12.3460,-61.7301,-12.3460,110.3196,5.0000,,22.0639,16.7151,23.144,25.6512,33.173,33.173,33.173,23.144,18.0009,1.433333,1.433333,0.953333,5,4,1,2,0E-8,-0.55955711,,0E-8,0.000000,1.000000,0.000000,,2026-06-27,2026-06-27,1,5,5,1,1.000000,,,0.000000,,,,,,,,GLOBAL_BASELINE_NO_ENTITY_RANKING,,,NOT_APPLICABLE_GLOBAL_BASELINE,HF9g-P5,,,,X 全窗基线 · 不参与实体赏罚,3925802,393,A168_HF9F_20260827_0900,2026-08-27 09:00:00
2026-06-27,152135172,2280,0,33.1730398334,31.5143878417,31.5143878417,1.0000000,1,1,0.50665070000000000,0.506650700000,0.9867858985152569,0.9867858985152569,0.9867858985152569,0E-17,ELIGIBLE,R03b_20260811_FULL_v1,L1_ELIGIBILITY,v2026-08-11,2026-03-21..2026-08-06,baccarat_bet02_101_all_pairs_incl_sentinel,round_win = game_pnl > 0 (decisive only),COMPATIBILITY_ONLY_NOT_PRODUCTION,110.3196,110.3196,-61.7301,5,5,0.55955711,,0.55955711,0.55955711,61.7301,110.3196,THIN_EXPOSURE,0.0000,-2.4692,4.0000,96.0000,AG03-UNRESOLVED,ALL5_LEVELS_bet23_to_bet27,-2.4692,-2.4692,-3.0865,-3.0865,-3.0865,4.000000,4.000000,5.000000,5.000000,5.000000,96.000000,96.000000,95.000000,95.000000,95.000000,5.0,-14.1979,-12.9537,-47.5322,-48.7765,PENDING_AG03,FALSE,NOT_FOR_ENFORCEMENT,-59.2609,105.9069,-61.7301,-59.2609,-2.4692,-0.55955711,-0.53717483,-2.4692,-59.2609,-0.53717483,-2.4692,-2.4692,-3.0865,-3.0865,-3.0865,-59.2609,-0.53717483,-14.1979,-12.9537,-47.5322,-48.7765,-0.43085897,-0.44213786,-0.02238228,22.0639,22.0639,-12.3460,-61.7301,-12.3460,110.3196,5.0000,,22.0639,16.7151,23.144,25.6512,33.173,33.173,33.173,23.144,18.0009,1.433333,1.433333,0.953333,5,4,1,2,0E-8,-0.55955711,,0E-8,0.000000,1.000000,0.000000,,2026-06-27,2026-06-27,1,5,5,1,1.000000,,,0.000000,,,,,,,,GLOBAL_BASELINE_NO_ENTITY_RANKING,,,NOT_APPLICABLE_GLOBAL_BASELINE,HF9g-P5,,,,X 全窗基线 · 不参与实体赏罚,3925803,393,A168_HF9F_20260827_0900,2026-08-27 09:00:00
2026-03-29,147953156,2115,0,61.7283950617,61.7283950617,61.7283950617,1.0000000,1,1,0.49324550000000000,0.493245500000,1.01360149184955,1.01360149184955,1.01360149184955,0E-17,ELIGIBLE,R03b_20260811_FULL_v1,L1_ELIGIBILITY,v2026-08-11,2026-03-21..2026-08-06,baccarat_bet02_101_all_pairs_incl_sentinel,round_win = game_pnl > 0 (decisive only),COMPATIBILITY_ONLY_NOT_PRODUCTION,61.7284,61.7284,-61.7284,1,1,1.00000000,,1.00000000,1.00000000,61.7284,61.7284,THIN_EXPOSURE,0.0000,-2.4691,4.0000,96.0000,AG03-UNRESOLVED,ALL5_LEVELS_bet23_to_bet27,-2.4691,-2.4691,-2.4691,-2.4691,-2.4691,4.000000,4.000000,4.000000,4.000000,4.000000,96.000000,96.000000,96.000000,96.000000,96.000000,5.0,-12.3457,-11.3967,-49.3827,-50.3316,PENDING_AG03,FALSE,NOT_FOR_ENFORCEMENT,-59.2593,59.2593,-61.7284,-59.2593,-2.4691,-1.00000000,-0.96000000,-2.4691,-59.2593,-0.96000000,-2.4691,-2.4691,-2.4691,-2.4691,-2.4691,-59.2593,-0.96000000,-12.3457,-11.3967,-49.3827,-50.3316,-0.80000000,-0.8153727,-0.04000000,61.7284,61.7284,-61.7284,-61.7284,-61.7284,61.7284,1.0000,,61.7284,61.7284,61.7284,61.7284,61.7284,61.7284,61.7284,61.7284,61.7284,1.0,1.0,1.0,1,1,1,1,0E-8,-1.00000000,,0E-8,0.000000,1.000000,0.000000,,2026-03-29,2026-03-29,1,1,1,1,1.000000,,,0.000000,,,,,,,,GLOBAL_BASELINE_NO_ENTITY_RANKING,,,NOT_APPLICABLE_GLOBAL_BASELINE,HF9g-P5,,,,X 全窗基线 · 不参与实体赏罚,3925804,393,A168_HF9F_20260827_0900,2026-08-27 09:00:00
2026-03-23,147695435,2212,0,205.7613168723,61.7283950617,61.7283950617,0.6666667,3,3,0.50665070000000000,0.506650700000,0.5543606114942035,0.5543606114942035,0.5543606114942035,0E-17,ELIGIBLE,R03b_20260811_FULL_v1,L1_ELIGIBILITY,v2026-08-11,2026-03-21..2026-08-06,baccarat_bet02_101_all_pairs_incl_sentinel,round_win = game_pnl > 0 (decisive only),COMPATIBILITY_ONLY_NOT_PRODUCTION,205.7613,205.7613,-61.7284,3,3,0.30000000,,0.30000000,0.30000000,61.7284,205.7613,THIN_EXPOSURE,0.0000,-2.4691,4.0000,96.0000,AG03-UNRESOLVED,ALL5_LEVELS_bet23_to_bet27,-2.4691,-2.4691,-2.4691,-2.4691,-2.4691,4.000000,4.000000,4.000000,4.000000,4.000000,96.000000,96.000000,96.000000,96.000000,96.000000,5.0,-12.3457,-11.3967,-49.3827,-50.3316,PENDING_AG03,FALSE,NOT_FOR_ENFORCEMENT,-59.2593,197.5309,-61.7284,-59.2593,-2.4691,-0.30000000,-0.28800000,-2.4691,-59.2593,-0.28800000,-2.4691,-2.4691,-2.4691,-2.4691,-2.4691,-59.2593,-0.28800000,-12.3457,-11.3967,-49.3827,-50.3316,-0.24000000,-0.24461181,-0.01200000,68.5871,68.5871,-20.5761,-61.7284,-61.7284,205.7613,3.0000,,68.5871,68.5871,68.5871,68.5871,68.5871,68.5871,68.5871,68.5871,65.1578,1.0,1.0,1.0,1,1,1,1,0E-8,-0.30000000,,0E-8,0.000000,1.000000,0.000000,,2026-03-23,2026-03-23,1,1,1,1,1.000000,,,0.000000,,,,,,,,GLOBAL_BASELINE_NO_ENTITY_RANKING,,,NOT_APPLICABLE_GLOBAL_BASELINE,HF9g-P5,,,,X 全窗基线 · 不参与实体赏罚,3925805,393,A168_HF9F_20260827_0900,2026-08-27 09:00:00
2026-03-21,146655694,1306,0,68.5871056242,-1.7146776406,-1.7146776406,0.5000000,2,2,0.49994810000000000,0.499948100000,0.00014679536856514622,0.00014679536856514622,0.00014679536856514622,0E-17,ELIGIBLE,R03b_20260811_FULL_v1,L1_ELIGIBILITY,v2026-08-11,2026-03-21..2026-08-06,baccarat_bet02_101_all_pairs_incl_sentinel,round_win = game_pnl > 0 (decisive only),COMPATIBILITY_ONLY_NOT_PRODUCTION,2326.0489,2188.6855,-61.7284,50,49,0.02653787,,0.02653787,0.02653787,61.7284,2326.0489,OK,0.0000,-2.4691,4.0000,96.0000,AG03-UNRESOLVED,ALL5_LEVELS_bet23_to_bet27,-2.4691,-2.4691,-2.4691,-2.4691,-2.4691,4.000000,4.000000,4.000000,4.000000,4.000000,96.000000,96.000000,96.000000,96.000000,96.000000,5.0,-12.3457,-11.3967,-49.3827,-50.3316,PENDING_AG03,FALSE,NOT_FOR_ENFORCEMENT,-59.2593,2101.1381,-61.7284,-59.2593,-2.4691,-0.02653787,-0.02547636,-2.4691,-59.2593,-0.02547636,-2.4691,-2.4691,-2.4691,-2.4691,-2.4691,-59.2593,-0.02547636,-12.3457,-11.3967,-49.3827,-50.3316,-0.02123030,-0.02163826,-0.00106151,46.5210,44.6671,-1.2598,-7.7160,-2.2046,290.7561,6.1250,,46.5210,34.2936,34.2936,68.5871,68.5871,68.5871,137.1742,34.2936,-6.8587,2.0,4.0,1.356552,14,21,9,3,0E-8,-0.02653787,,0E-8,0.000000,0.940946,0.000000,,2026-03-21,2026-04-08,8,28,27,19,0.421053,,,0.000000,,,,,,,,GLOBAL_BASELINE_NO_ENTITY_RANKING,,,NOT_APPLICABLE_GLOBAL_BASELINE,HF9g-P5,,,,X 全窗基线 · 不参与实体赏罚,3925806,393,A168_HF9F_20260827_0900,2026-08-27 09:00:00
2026-03-21,146655694,2246,0,13.7174211248,-13.7174211248,-13.7174211248,0E-7,2,2,0.01883490000000000,0.018834900000,-0.19594113131146038,-0.19594113131146038,-0.19594113131146038,0E-17,ELIGIBLE,R03b_20260811_FULL_v1,L1_ELIGIBILITY,v2026-08-11,2026-03-21..2026-08-06,baccarat_bet02_101_all_pairs_incl_sentinel,round_win = game_pnl > 0 (decisive only),COMPATIBILITY_ONLY_NOT_PRODUCTION,2326.0489,2188.6855,-61.7284,50,49,0.02653787,,0.02653787,0.02653787,61.7284,2326.0489,OK,0.0000,-2.4691,4.0000,96.0000,AG03-UNRESOLVED,ALL5_LEVELS_bet23_to_bet27,-2.4691,-2.4691,-2.4691,-2.4691,-2.4691,4.000000,4.000000,4.000000,4.000000,4.000000,96.000000,96.000000,96.000000,96.000000,96.000000,5.0,-12.3457,-11.3967,-49.3827,-50.3316,PENDING_AG03,FALSE,NOT_FOR_ENFORCEMENT,-59.2593,2101.1381,-61.7284,-59.2593,-2.4691,-0.02653787,-0.02547636,-2.4691,-59.2593,-0.02547636,-2.4691,-2.4691,-2.4691,-2.4691,-2.4691,-59.2593,-0.02547636,-12.3457,-11.3967,-49.3827,-50.3316,-0.02123030,-0.02163826,-0.00106151,46.5210,44.6671,-1.2598,-7.7160,-2.2046,290.7561,6.1250,,46.5210,34.2936,34.2936,68.5871,68.5871,68.5871,137.1742,34.2936,-6.8587,2.0,4.0,1.356552,14,21,9,3,0E-8,-0.02653787,,0E-8,0.000000,0.940946,0.000000,,2026-03-21,2026-04-08,8,28,27,19,0.421053,,,0.000000,,,,,,,,GLOBAL_BASELINE_NO_ENTITY_RANKING,,,NOT_APPLICABLE_GLOBAL_BASELINE,HF9g-P5,,,,X 全窗基线 · 不参与实体赏罚,3925807,393,A168_HF9F_20260827_0900,2026-08-27 09:00:00
2026-03-21,146655694,772,0,41.1522633745,-41.1522633745,-41.1522633745,0E-7,1,1,0.49324550000000000,0.493245500000,-0.9865810262130424,-0.9865810262130424,-0.9865810262130424,0E-17,ELIGIBLE,R03b_20260811_FULL_v1,L1_ELIGIBILITY,v2026-08-11,2026-03-21..2026-08-06,baccarat_bet02_101_all_pairs_incl_sentinel,round_win = game_pnl > 0 (decisive only),COMPATIBILITY_ONLY_NOT_PRODUCTION,2326.0489,2188.6855,-61.7284,50,49,0.02653787,,0.02653787,0.02653787,61.7284,2326.0489,OK,0.0000,-2.4691,4.0000,96.0000,AG03-UNRESOLVED,ALL5_LEVELS_bet23_to_bet27,-2.4691,-2.4691,-2.4691,-2.4691,-2.4691,4.000000,4.000000,4.000000,4.000000,4.000000,96.000000,96.000000,96.000000,96.000000,96.000000,5.0,-12.3457,-11.3967,-49.3827,-50.3316,PENDING_AG03,FALSE,NOT_FOR_ENFORCEMENT,-59.2593,2101.1381,-61.7284,-59.2593,-2.4691,-0.02653787,-0.02547636,-2.4691,-59.2593,-0.02547636,-2.4691,-2.4691,-2.4691,-2.4691,-2.4691,-59.2593,-0.02547636,-12.3457,-11.3967,-49.3827,-50.3316,-0.02123030,-0.02163826,-0.00106151,46.5210,44.6671,-1.2598,-7.7160,-2.2046,290.7561,6.1250,,46.5210,34.2936,34.2936,68.5871,68.5871,68.5871,137.1742,34.2936,-6.8587,2.0,4.0,1.356552,14,21,9,3,0E-8,-0.02653787,,0E-8,0.000000,0.940946,0.000000,,2026-03-21,2026-04-08,8,28,27,19,0.421053,,,0.000000,,,,,,,,GLOBAL_BASELINE_NO_ENTITY_RANKING,,,NOT_APPLICABLE_GLOBAL_BASELINE,HF9g-P5,,,,X 全窗基线 · 不参与实体赏罚,3925808,393,A168_HF9F_20260827_0900,2026-08-27 09:00:00
2026-03-23,146655694,-1,1,68.5871056241,65.1577503429,65.1577503429,1.0000000,1,1,0.50665070000000000,0.506650700000,0.9867858985152569,0.9867858985152569,0.9867858985152569,0E-17,SENTINEL_DEALER,R03b_20260811_FULL_v1,L1_ELIGIBILITY,v2026-08-11,2026-03-21..2026-08-06,baccarat_bet02_101_all_pairs_incl_sentinel,round_win = game_pnl > 0 (decisive only),COMPATIBILITY_ONLY_NOT_PRODUCTION,2326.0489,2188.6855,-61.7284,50,49,0.02653787,,0.02653787,0.02653787,61.7284,2326.0489,OK,0.0000,-2.4691,4.0000,96.0000,AG03-UNRESOLVED,ALL5_LEVELS_bet23_to_bet27,-2.4691,-2.4691,-2.4691,-2.4691,-2.4691,4.000000,4.000000,4.000000,4.000000,4.000000,96.000000,96.000000,96.000000,96.000000,96.000000,5.0,-12.3457,-11.3967,-49.3827,-50.3316,PENDING_AG03,FALSE,NOT_FOR_ENFORCEMENT,-59.2593,2101.1381,-61.7284,-59.2593,-2.4691,-0.02653787,-0.02547636,-2.4691,-59.2593,-0.02547636,-2.4691,-2.4691,-2.4691,-2.4691,-2.4691,-59.2593,-0.02547636,-12.3457,-11.3967,-49.3827,-50.3316,-0.02123030,-0.02163826,-0.00106151,46.5210,44.6671,-1.2598,-7.7160,-2.2046,290.7561,6.1250,,46.5210,34.2936,34.2936,68.5871,68.5871,68.5871,137.1742,34.2936,-6.8587,2.0,4.0,1.356552,14,21,9,3,0E-8,-0.02653787,,0E-8,0.000000,0.940946,0.000000,,2026-03-21,2026-04-08,8,28,27,19,0.421053,,,0.000000,,,,,,,,GLOBAL_BASELINE_NO_ENTITY_RANKING,,,NOT_APPLICABLE_GLOBAL_BASELINE,HF9g-P5,,,,X 全窗基线 · 不参与实体赏罚,3925809,393,A168_HF9F_20260827_0900,2026-08-27 09:00:00
2026-03-23,146655694,1094,0,102.8806584362,-36.0082304526,-36.0082304526,0.5000000,2,2,0.49994810000000000,0.499948100000,0.00014679536856514622,0.00014679536856514622,0.00014679536856514622,0E-17,ELIGIBLE,R03b_20260811_FULL_v1,L1_ELIGIBILITY,v2026-08-11,2026-03-21..2026-08-06,baccarat_bet02_101_all_pairs_incl_sentinel,round_win = game_pnl > 0 (decisive only),COMPATIBILITY_ONLY_NOT_PRODUCTION,2326.0489,2188.6855,-61.7284,50,49,0.02653787,,0.02653787,0.02653787,61.7284,2326.0489,OK,0.0000,-2.4691,4.0000,96.0000,AG03-UNRESOLVED,ALL5_LEVELS_bet23_to_bet27,-2.4691,-2.4691,-2.4691,-2.4691,-2.4691,4.000000,4.000000,4.000000,4.000000,4.000000,96.000000,96.000000,96.000000,96.000000,96.000000,5.0,-12.3457,-11.3967,-49.3827,-50.3316,PENDING_AG03,FALSE,NOT_FOR_ENFORCEMENT,-59.2593,2101.1381,-61.7284,-59.2593,-2.4691,-0.02653787,-0.02547636,-2.4691,-59.2593,-0.02547636,-2.4691,-2.4691,-2.4691,-2.4691,-2.4691,-59.2593,-0.02547636,-12.3457,-11.3967,-49.3827,-50.3316,-0.02123030,-0.02163826,-0.00106151,46.5210,44.6671,-1.2598,-7.7160,-2.2046,290.7561,6.1250,,46.5210,34.2936,34.2936,68.5871,68.5871,68.5871,137.1742,34.2936,-6.8587,2.0,4.0,1.356552,14,21,9,3,0E-8,-0.02653787,,0E-8,0.000000,0.940946,0.000000,,2026-03-21,2026-04-08,8,28,27,19,0.421053,,,0.000000,,,,,,,,GLOBAL_BASELINE_NO_ENTITY_RANKING,,,NOT_APPLICABLE_GLOBAL_BASELINE,HF9g-P5,,,,X 全窗基线 · 不参与实体赏罚,3925810,393,A168_HF9F_20260827_0900,2026-08-27 09:00:00
2026-03-23,146655694,1485,0,102.8806584362,30.8641975308,30.8641975308,0.5000000,2,2,0.50665070000000000,0.506650700000,-0.018812684590367487,-0.018812684590367487,-0.018812684590367487,0E-17,ELIGIBLE,R03b_20260811_FULL_v1,L1_ELIGIBILITY,v2026-08-11,2026-03-21..2026-08-06,baccarat_bet02_101_all_pairs_incl_sentinel,round_win = game_pnl > 0 (decisive only),COMPATIBILITY_ONLY_NOT_PRODUCTION,2326.0489,2188.6855,-61.7284,50,49,0.02653787,,0.02653787,0.02653787,61.7284,2326.0489,OK,0.0000,-2.4691,4.0000,96.0000,AG03-UNRESOLVED,ALL5_LEVELS_bet23_to_bet27,-2.4691,-2.4691,-2.4691,-2.4691,-2.4691,4.000000,4.000000,4.000000,4.000000,4.000000,96.000000,96.000000,96.000000,96.000000,96.000000,5.0,-12.3457,-11.3967,-49.3827,-50.3316,PENDING_AG03,FALSE,NOT_FOR_ENFORCEMENT,-59.2593,2101.1381,-61.7284,-59.2593,-2.4691,-0.02653787,-0.02547636,-2.4691,-59.2593,-0.02547636,-2.4691,-2.4691,-2.4691,-2.4691,-2.4691,-59.2593,-0.02547636,-12.3457,-11.3967,-49.3827,-50.3316,-0.02123030,-0.02163826,-0.00106151,46.5210,44.6671,-1.2598,-7.7160,-2.2046,290.7561,6.1250,,46.5210,34.2936,34.2936,68.5871,68.5871,68.5871,137.1742,34.2936,-6.8587,2.0,4.0,1.356552,14,21,9,3,0E-8,-0.02653787,,0E-8,0.000000,0.940946,0.000000,,2026-03-21,2026-04-08,8,28,27,19,0.421053,,,0.000000,,,,,,,,GLOBAL_BASELINE_NO_ENTITY_RANKING,,,NOT_APPLICABLE_GLOBAL_BASELINE,HF9g-P5,,,,X 全窗基线 · 不参与实体赏罚,3925811,393,A168_HF9F_20260827_0900,2026-08-27 09:00:00
2026-03-23,146655694,2127,0,144.0329218108,73.7311385460,73.7311385460,0.7500000,4,4,0.49659680000000000,0.496596800000,1.0136362796769356,1.0136362796769358,1.0136362796769356,0E-17,ELIGIBLE,R03b_20260811_FULL_v1,L1_ELIGIBILITY,v2026-08-11,2026-03-21..2026-08-06,baccarat_bet02_101_all_pairs_incl_sentinel,round_win = game_pnl > 0 (decisive only),COMPATIBILITY_ONLY_NOT_PRODUCTION,2326.0489,2188.6855,-61.7284,50,49,0.02653787,,0.02653787,0.02653787,61.7284,2326.0489,OK,0.0000,-2.4691,4.0000,96.0000,AG03-UNRESOLVED,ALL5_LEVELS_bet23_to_bet27,-2.4691,-2.4691,-2.4691,-2.4691,-2.4691,4.000000,4.000000,4.000000,4.000000,4.000000,96.000000,96.000000,96.000000,96.000000,96.000000,5.0,-12.3457,-11.3967,-49.3827,-50.3316,PENDING_AG03,FALSE,NOT_FOR_ENFORCEMENT,-59.2593,2101.1381,-61.7284,-59.2593,-2.4691,-0.02653787,-0.02547636,-2.4691,-59.2593,-0.02547636,-2.4691,-2.4691,-2.4691,-2.4691,-2.4691,-59.2593,-0.02547636,-12.3457,-11.3967,-49.3827,-50.3316,-0.02123030,-0.02163826,-0.00106151,46.5210,44.6671,-1.2598,-7.7160,-2.2046,290.7561,6.1250,,46.5210,34.2936,34.2936,68.5871,68.5871,68.5871,137.1742,34.2936,-6.8587,2.0,4.0,1.356552,14,21,9,3,0E-8,-0.02653787,,0E-8,0.000000,0.940946,0.000000,,2026-03-21,2026-04-08,8,28,27,19,0.421053,,,0.000000,,,,,,,,GLOBAL_BASELINE_NO_ENTITY_RANKING,,,NOT_APPLICABLE_GLOBAL_BASELINE,HF9g-P5,,,,X 全窗基线 · 不参与实体赏罚,3925812,393,A168_HF9F_20260827_0900,2026-08-27 09:00:00
2026-03-23,146655694,2155,0,102.8806584362,102.8806584362,102.8806584362,1.0000000,1,1,0.49324550000000000,0.493245500000,1.01360149184955,1.01360149184955,1.01360149184955,0E-17,ELIGIBLE,R03b_20260811_FULL_v1,L1_ELIGIBILITY,v2026-08-11,2026-03-21..2026-08-06,baccarat_bet02_101_all_pairs_incl_sentinel,round_win = game_pnl > 0 (decisive only),COMPATIBILITY_ONLY_NOT_PRODUCTION,2326.0489,2188.6855,-61.7284,50,49,0.02653787,,0.02653787,0.02653787,61.7284,2326.0489,OK,0.0000,-2.4691,4.0000,96.0000,AG03-UNRESOLVED,ALL5_LEVELS_bet23_to_bet27,-2.4691,-2.4691,-2.4691,-2.4691,-2.4691,4.000000,4.000000,4.000000,4.000000,4.000000,96.000000,96.000000,96.000000,96.000000,96.000000,5.0,-12.3457,-11.3967,-49.3827,-50.3316,PENDING_AG03,FALSE,NOT_FOR_ENFORCEMENT,-59.2593,2101.1381,-61.7284,-59.2593,-2.4691,-0.02653787,-0.02547636,-2.4691,-59.2593,-0.02547636,-2.4691,-2.4691,-2.4691,-2.4691,-2.4691,-59.2593,-0.02547636,-12.3457,-11.3967,-49.3827,-50.3316,-0.02123030,-0.02163826,-0.00106151,46.5210,44.6671,-1.2598,-7.7160,-2.2046,290.7561,6.1250,,46.5210,34.2936,34.2936,68.5871,68.5871,68.5871,137.1742,34.2936,-6.8587,2.0,4.0,1.356552,14,21,9,3,0E-8,-0.02653787,,0E-8,0.000000,0.940946,0.000000,,2026-03-21,2026-04-08,8,28,27,19,0.421053,,,0.000000,,,,,,,,GLOBAL_BASELINE_NO_ENTITY_RANKING,,,NOT_APPLICABLE_GLOBAL_BASELINE,HF9g-P5,,,,X 全窗基线 · 不参与实体赏罚,3925813,393,A168_HF9F_20260827_0900,2026-08-27 09:00:00
2026-03-23,146655694,2233,0,274.3484224967,-1E-10,-1E-10,0.4285714,7,7,0.49899058571428571,0.498990585714,-0.3726239140161595,-0.3726239140146481,-0.3726239140161595,2.8571E-13,ELIGIBLE,R03b_20260811_FULL_v1,L1_ELIGIBILITY,v2026-08-11,2026-03-21..2026-08-06,baccarat_bet02_101_all_pairs_incl_sentinel,round_win = game_pnl > 0 (decisive only),COMPATIBILITY_ONLY_NOT_PRODUCTION,2326.0489,2188.6855,-61.7284,50,49,0.02653787,,0.02653787,0.02653787,61.7284,2326.0489,OK,0.0000,-2.4691,4.0000,96.0000,AG03-UNRESOLVED,ALL5_LEVELS_bet23_to_bet27,-2.4691,-2.4691,-2.4691,-2.4691,-2.4691,4.000000,4.000000,4.000000,4.000000,4.000000,96.000000,96.000000,96.000000,96.000000,96.000000,5.0,-12.3457,-11.3967,-49.3827,-50.3316,PENDING_AG03,FALSE,NOT_FOR_ENFORCEMENT,-59.2593,2101.1381,-61.7284,-59.2593,-2.4691,-0.02653787,-0.02547636,-2.4691,-59.2593,-0.02547636,-2.4691,-2.4691,-2.4691,-2.4691,-2.4691,-59.2593,-0.02547636,-12.3457,-11.3967,-49.3827,-50.3316,-0.02123030,-0.02163826,-0.00106151,46.5210,44.6671,-1.2598,-7.7160,-2.2046,290.7561,6.1250,,46.5210,34.2936,34.2936,68.5871,68.5871,68.5871,137.1742,34.2936,-6.8587,2.0,4.0,1.356552,14,21,9,3,0E-8,-0.02653787,,0E-8,0.000000,0.940946,0.000000,,2026-03-21,2026-04-08,8,28,27,19,0.421053,,,0.000000,,,,,,,,GLOBAL_BASELINE_NO_ENTITY_RANKING,,,NOT_APPLICABLE_GLOBAL_BASELINE,HF9g-P5,,,,X 全窗基线 · 不参与实体赏罚,3925814,393,A168_HF9F_20260827_0900,2026-08-27 09:00:00
2026-03-23,146655694,2235,0,301.7832647462,39.4375857338,39.4375857338,0.5000000,6,6,0.49771390000000000,0.497713900000,0.011199674067230152,0.011199674067230152,0.011199674067230152,0E-17,ELIGIBLE,R03b_20260811_FULL_v1,L1_ELIGIBILITY,v2026-08-11,2026-03-21..2026-08-06,baccarat_bet02_101_all_pairs_incl_sentinel,round_win = game_pnl > 0 (decisive only),COMPATIBILITY_ONLY_NOT_PRODUCTION,2326.0489,2188.6855,-61.7284,50,49,0.02653787,,0.02653787,0.02653787,61.7284,2326.0489,OK,0.0000,-2.4691,4.0000,96.0000,AG03-UNRESOLVED,ALL5_LEVELS_bet23_to_bet27,-2.4691,-2.4691,-2.4691,-2.4691,-2.4691,4.000000,4.000000,4.000000,4.000000,4.000000,96.000000,96.000000,96.000000,96.000000,96.000000,5.0,-12.3457,-11.3967,-49.3827,-50.3316,PENDING_AG03,FALSE,NOT_FOR_ENFORCEMENT,-59.2593,2101.1381,-61.7284,-59.2593,-2.4691,-0.02653787,-0.02547636,-2.4691,-59.2593,-0.02547636,-2.4691,-2.4691,-2.4691,-2.4691,-2.4691,-59.2593,-0.02547636,-12.3457,-11.3967,-49.3827,-50.3316,-0.02123030,-0.02163826,-0.00106151,46.5210,44.6671,-1.2598,-7.7160,-2.2046,290.7561,6.1250,,46.5210,34.2936,34.2936,68.5871,68.5871,68.5871,137.1742,34.2936,-6.8587,2.0,4.0,1.356552,14,21,9,3,0E-8,-0.02653787,,0E-8,0.000000,0.940946,0.000000,,2026-03-21,2026-04-08,8,28,27,19,0.421053,,,0.000000,,,,,,,,GLOBAL_BASELINE_NO_ENTITY_RANKING,,,NOT_APPLICABLE_GLOBAL_BASELINE,HF9g-P5,,,,X 全窗基线 · 不参与实体赏罚,3925815,393,A168_HF9F_20260827_0900,2026-08-27 09:00:00
2026-03-24,146655694,-1,1,68.5871056241,-68.5871056241,-68.5871056241,0E-7,1,1,0.50665070000000000,0.506650700000,-1.013391052207602,-1.013391052207602,-1.013391052207602,0E-17,SENTINEL_DEALER,R03b_20260811_FULL_v1,L1_ELIGIBILITY,v2026-08-11,2026-03-21..2026-08-06,baccarat_bet02_101_all_pairs_incl_sentinel,round_win = game_pnl > 0 (decisive only),COMPATIBILITY_ONLY_NOT_PRODUCTION,2326.0489,2188.6855,-61.7284,50,49,0.02653787,,0.02653787,0.02653787,61.7284,2326.0489,OK,0.0000,-2.4691,4.0000,96.0000,AG03-UNRESOLVED,ALL5_LEVELS_bet23_to_bet27,-2.4691,-2.4691,-2.4691,-2.4691,-2.4691,4.000000,4.000000,4.000000,4.000000,4.000000,96.000000,96.000000,96.000000,96.000000,96.000000,5.0,-12.3457,-11.3967,-49.3827,-50.3316,PENDING_AG03,FALSE,NOT_FOR_ENFORCEMENT,-59.2593,2101.1381,-61.7284,-59.2593,-2.4691,-0.02653787,-0.02547636,-2.4691,-59.2593,-0.02547636,-2.4691,-2.4691,-2.4691,-2.4691,-2.4691,-59.2593,-0.02547636,-12.3457,-11.3967,-49.3827,-50.3316,-0.02123030,-0.02163826,-0.00106151,46.5210,44.6671,-1.2598,-7.7160,-2.2046,290.7561,6.1250,,46.5210,34.2936,34.2936,68.5871,68.5871,68.5871,137.1742,34.2936,-6.8587,2.0,4.0,1.356552,14,21,9,3,0E-8,-0.02653787,,0E-8,0.000000,0.940946,0.000000,,2026-03-21,2026-04-08,8,28,27,19,0.421053,,,0.000000,,,,,,,,GLOBAL_BASELINE_NO_ENTITY_RANKING,,,NOT_APPLICABLE_GLOBAL_BASELINE,HF9g-P5,,,,X 全窗基线 · 不参与实体赏罚,3925816,393,A168_HF9F_20260827_0900,2026-08-27 09:00:00
2026-03-24,146655694,1306,0,34.2935528121,-34.2935528121,-34.2935528121,0E-7,1,1,0.49324550000000000,0.493245500000,-0.9865810262130424,-0.9865810262130424,-0.9865810262130424,0E-17,ELIGIBLE,R03b_20260811_FULL_v1,L1_ELIGIBILITY,v2026-08-11,2026-03-21..2026-08-06,baccarat_bet02_101_all_pairs_incl_sentinel,round_win = game_pnl > 0 (decisive only),COMPATIBILITY_ONLY_NOT_PRODUCTION,2326.0489,2188.6855,-61.7284,50,49,0.02653787,,0.02653787,0.02653787,61.7284,2326.0489,OK,0.0000,-2.4691,4.0000,96.0000,AG03-UNRESOLVED,ALL5_LEVELS_bet23_to_bet27,-2.4691,-2.4691,-2.4691,-2.4691,-2.4691,4.000000,4.000000,4.000000,4.000000,4.000000,96.000000,96.000000,96.000000,96.000000,96.000000,5.0,-12.3457,-11.3967,-49.3827,-50.3316,PENDING_AG03,FALSE,NOT_FOR_ENFORCEMENT,-59.2593,2101.1381,-61.7284,-59.2593,-2.4691,-0.02653787,-0.02547636,-2.4691,-59.2593,-0.02547636,-2.4691,-2.4691,-2.4691,-2.4691,-2.4691,-59.2593,-0.02547636,-12.3457,-11.3967,-49.3827,-50.3316,-0.02123030,-0.02163826,-0.00106151,46.5210,44.6671,-1.2598,-7.7160,-2.2046,290.7561,6.1250,,46.5210,34.2936,34.2936,68.5871,68.5871,68.5871,137.1742,34.2936,-6.8587,2.0,4.0,1.356552,14,21,9,3,0E-8,-0.02653787,,0E-8,0.000000,0.940946,0.000000,,2026-03-21,2026-04-08,8,28,27,19,0.421053,,,0.000000,,,,,,,,GLOBAL_BASELINE_NO_ENTITY_RANKING,,,NOT_APPLICABLE_GLOBAL_BASELINE,HF9g-P5,,,,X 全窗基线 · 不参与实体赏罚,3925817,393,A168_HF9F_20260827_0900,2026-08-27 09:00:00
2026-03-24,146655694,2202,0,68.5871056241,-68.5871056241,-68.5871056241,0E-7,1,1,0.50665070000000000,0.506650700000,-1.013391052207602,-1.013391052207602,-1.013391052207602,0E-17,ELIGIBLE,R03b_20260811_FULL_v1,L1_ELIGIBILITY,v2026-08-11,2026-03-21..2026-08-06,baccarat_bet02_101_all_pairs_incl_sentinel,round_win = game_pnl > 0 (decisive only),COMPATIBILITY_ONLY_NOT_PRODUCTION,2326.0489,2188.6855,-61.7284,50,49,0.02653787,,0.02653787,0.02653787,61.7284,2326.0489,OK,0.0000,-2.4691,4.0000,96.0000,AG03-UNRESOLVED,ALL5_LEVELS_bet23_to_bet27,-2.4691,-2.4691,-2.4691,-2.4691,-2.4691,4.000000,4.000000,4.000000,4.000000,4.000000,96.000000,96.000000,96.000000,96.000000,96.000000,5.0,-12.3457,-11.3967,-49.3827,-50.3316,PENDING_AG03,FALSE,NOT_FOR_ENFORCEMENT,-59.2593,2101.1381,-61.7284,-59.2593,-2.4691,-0.02653787,-0.02547636,-2.4691,-59.2593,-0.02547636,-2.4691,-2.4691,-2.4691,-2.4691,-2.4691,-59.2593,-0.02547636,-12.3457,-11.3967,-49.3827,-50.3316,-0.02123030,-0.02163826,-0.00106151,46.5210,44.6671,-1.2598,-7.7160,-2.2046,290.7561,6.1250,,46.5210,34.2936,34.2936,68.5871,68.5871,68.5871,137.1742,34.2936,-6.8587,2.0,4.0,1.356552,14,21,9,3,0E-8,-0.02653787,,0E-8,0.000000,0.940946,0.000000,,2026-03-21,2026-04-08,8,28,27,19,0.421053,,,0.000000,,,,,,,,GLOBAL_BASELINE_NO_ENTITY_RANKING,,,NOT_APPLICABLE_GLOBAL_BASELINE,HF9g-P5,,,,X 全窗基线 · 不参与实体赏罚,3925818,393,A168_HF9F_20260827_0900,2026-08-27 09:00:00
2026-03-24,146655694,2222,0,342.9355281206,-138.8888888888,-138.8888888888,0.2000000,6,5,0.49458602000000000,0.494586020000,-1.3175059694539848,-1.3175059694539846,-1.3175059694539848,0E-17,ELIGIBLE,R03b_20260811_FULL_v1,L1_ELIGIBILITY,v2026-08-11,2026-03-21..2026-08-06,baccarat_bet02_101_all_pairs_incl_sentinel,round_win = game_pnl > 0 (decisive only),COMPATIBILITY_ONLY_NOT_PRODUCTION,2326.0489,2188.6855,-61.7284,50,49,0.02653787,,0.02653787,0.02653787,61.7284,2326.0489,OK,0.0000,-2.4691,4.0000,96.0000,AG03-UNRESOLVED,ALL5_LEVELS_bet23_to_bet27,-2.4691,-2.4691,-2.4691,-2.4691,-2.4691,4.000000,4.000000,4.000000,4.000000,4.000000,96.000000,96.000000,96.000000,96.000000,96.000000,5.0,-12.3457,-11.3967,-49.3827,-50.3316,PENDING_AG03,FALSE,NOT_FOR_ENFORCEMENT,-59.2593,2101.1381,-61.7284,-59.2593,-2.4691,-0.02653787,-0.02547636,-2.4691,-59.2593,-0.02547636,-2.4691,-2.4691,-2.4691,-2.4691,-2.4691,-59.2593,-0.02547636,-12.3457,-11.3967,-49.3827,-50.3316,-0.02123030,-0.02163826,-0.00106151,46.5210,44.6671,-1.2598,-7.7160,-2.2046,290.7561,6.1250,,46.5210,34.2936,34.2936,68.5871,68.5871,68.5871,137.1742,34.2936,-6.8587,2.0,4.0,1.356552,14,21,9,3,0E-8,-0.02653787,,0E-8,0.000000,0.940946,0.000000,,2026-03-21,2026-04-08,8,28,27,19,0.421053,,,0.000000,,,,,,,,GLOBAL_BASELINE_NO_ENTITY_RANKING,,,NOT_APPLICABLE_GLOBAL_BASELINE,HF9g-P5,,,,X 全窗基线 · 不参与实体赏罚,3925819,393,A168_HF9F_20260827_0900,2026-08-27 09:00:00
2026-03-24,146655694,2232,0,34.2935528121,-34.2935528121,-34.2935528121,0E-7,1,1,0.50665070000000000,0.506650700000,-1.013391052207602,-1.013391052207602,-1.013391052207602,0E-17,ELIGIBLE,R03b_20260811_FULL_v1,L1_ELIGIBILITY,v2026-08-11,2026-03-21..2026-08-06,baccarat_bet02_101_all_pairs_incl_sentinel,round_win = game_pnl > 0 (decisive only),COMPATIBILITY_ONLY_NOT_PRODUCTION,2326.0489,2188.6855,-61.7284,50,49,0.02653787,,0.02653787,0.02653787,61.7284,2326.0489,OK,0.0000,-2.4691,4.0000,96.0000,AG03-UNRESOLVED,ALL5_LEVELS_bet23_to_bet27,-2.4691,-2.4691,-2.4691,-2.4691,-2.4691,4.000000,4.000000,4.000000,4.000000,4.000000,96.000000,96.000000,96.000000,96.000000,96.000000,5.0,-12.3457,-11.3967,-49.3827,-50.3316,PENDING_AG03,FALSE,NOT_FOR_ENFORCEMENT,-59.2593,2101.1381,-61.7284,-59.2593,-2.4691,-0.02653787,-0.02547636,-2.4691,-59.2593,-0.02547636,-2.4691,-2.4691,-2.4691,-2.4691,-2.4691,-59.2593,-0.02547636,-12.3457,-11.3967,-49.3827,-50.3316,-0.02123030,-0.02163826,-0.00106151,46.5210,44.6671,-1.2598,-7.7160,-2.2046,290.7561,6.1250,,46.5210,34.2936,34.2936,68.5871,68.5871,68.5871,137.1742,34.2936,-6.8587,2.0,4.0,1.356552,14,21,9,3,0E-8,-0.02653787,,0E-8,0.000000,0.940946,0.000000,,2026-03-21,2026-04-08,8,28,27,19,0.421053,,,0.000000,,,,,,,,GLOBAL_BASELINE_NO_ENTITY_RANKING,,,NOT_APPLICABLE_GLOBAL_BASELINE,HF9g-P5,,,,X 全窗基线 · 不参与实体赏罚,3925820,393,A168_HF9F_20260827_0900,2026-08-27 09:00:00
2026-03-29,146655694,970,0,34.2935528121,-34.2935528121,-34.2935528121,0E-7,1,1,0.49324550000000000,0.493245500000,-0.9865810262130424,-0.9865810262130424,-0.9865810262130424,0E-17,ELIGIBLE,R03b_20260811_FULL_v1,L1_ELIGIBILITY,v2026-08-11,2026-03-21..2026-08-06,baccarat_bet02_101_all_pairs_incl_sentinel,round_win = game_pnl > 0 (decisive only),COMPATIBILITY_ONLY_NOT_PRODUCTION,2326.0489,2188.6855,-61.7284,50,49,0.02653787,,0.02653787,0.02653787,61.7284,2326.0489,OK,0.0000,-2.4691,4.0000,96.0000,AG03-UNRESOLVED,ALL5_LEVELS_bet23_to_bet27,-2.4691,-2.4691,-2.4691,-2.4691,-2.4691,4.000000,4.000000,4.000000,4.000000,4.000000,96.000000,96.000000,96.000000,96.000000,96.000000,5.0,-12.3457,-11.3967,-49.3827,-50.3316,PENDING_AG03,FALSE,NOT_FOR_ENFORCEMENT,-59.2593,2101.1381,-61.7284,-59.2593,-2.4691,-0.02653787,-0.02547636,-2.4691,-59.2593,-0.02547636,-2.4691,-2.4691,-2.4691,-2.4691,-2.4691,-59.2593,-0.02547636,-12.3457,-11.3967,-49.3827,-50.3316,-0.02123030,-0.02163826,-0.00106151,46.5210,44.6671,-1.2598,-7.7160,-2.2046,290.7561,6.1250,,46.5210,34.2936,34.2936,68.5871,68.5871,68.5871,137.1742,34.2936,-6.8587,2.0,4.0,1.356552,14,21,9,3,0E-8,-0.02653787,,0E-8,0.000000,0.940946,0.000000,,2026-03-21,2026-04-08,8,28,27,19,0.421053,,,0.000000,,,,,,,,GLOBAL_BASELINE_NO_ENTITY_RANKING,,,NOT_APPLICABLE_GLOBAL_BASELINE,HF9g-P5,,,,X 全窗基线 · 不参与实体赏罚,3925821,393,A168_HF9F_20260827_0900,2026-08-27 09:00:00
2026-03-30,146655694,-1,1,68.5871056241,65.1577503429,65.1577503429,1.0000000,1,1,0.50665070000000000,0.506650700000,0.9867858985152569,0.9867858985152569,0.9867858985152569,0E-17,SENTINEL_DEALER,R03b_20260811_FULL_v1,L1_ELIGIBILITY,v2026-08-11,2026-03-21..2026-08-06,baccarat_bet02_101_all_pairs_incl_sentinel,round_win = game_pnl > 0 (decisive only),COMPATIBILITY_ONLY_NOT_PRODUCTION,2326.0489,2188.6855,-61.7284,50,49,0.02653787,,0.02653787,0.02653787,61.7284,2326.0489,OK,0.0000,-2.4691,4.0000,96.0000,AG03-UNRESOLVED,ALL5_LEVELS_bet23_to_bet27,-2.4691,-2.4691,-2.4691,-2.4691,-2.4691,4.000000,4.000000,4.000000,4.000000,4.000000,96.000000,96.000000,96.000000,96.000000,96.000000,5.0,-12.3457,-11.3967,-49.3827,-50.3316,PENDING_AG03,FALSE,NOT_FOR_ENFORCEMENT,-59.2593,2101.1381,-61.7284,-59.2593,-2.4691,-0.02653787,-0.02547636,-2.4691,-59.2593,-0.02547636,-2.4691,-2.4691,-2.4691,-2.4691,-2.4691,-59.2593,-0.02547636,-12.3457,-11.3967,-49.3827,-50.3316,-0.02123030,-0.02163826,-0.00106151,46.5210,44.6671,-1.2598,-7.7160,-2.2046,290.7561,6.1250,,46.5210,34.2936,34.2936,68.5871,68.5871,68.5871,137.1742,34.2936,-6.8587,2.0,4.0,1.356552,14,21,9,3,0E-8,-0.02653787,,0E-8,0.000000,0.940946,0.000000,,2026-03-21,2026-04-08,8,28,27,19,0.421053,,,0.000000,,,,,,,,GLOBAL_BASELINE_NO_ENTITY_RANKING,,,NOT_APPLICABLE_GLOBAL_BASELINE,HF9g-P5,,,,X 全窗基线 · 不参与实体赏罚,3925822,393,A168_HF9F_20260827_0900,2026-08-27 09:00:00
2026-03-30,146655694,1318,0,178.3264746228,89.1632373114,89.1632373114,0.5000000,2,2,0.49994810000000000,0.499948100000,0.00014679536856514622,0.00014679536856514622,0.00014679536856514622,0E-17,ELIGIBLE,R03b_20260811_FULL_v1,L1_ELIGIBILITY,v2026-08-11,2026-03-21..2026-08-06,baccarat_bet02_101_all_pairs_incl_sentinel,round_win = game_pnl > 0 (decisive only),COMPATIBILITY_ONLY_NOT_PRODUCTION,2326.0489,2188.6855,-61.7284,50,49,0.02653787,,0.02653787,0.02653787,61.7284,2326.0489,OK,0.0000,-2.4691,4.0000,96.0000,AG03-UNRESOLVED,ALL5_LEVELS_bet23_to_bet27,-2.4691,-2.4691,-2.4691,-2.4691,-2.4691,4.000000,4.000000,4.000000,4.000000,4.000000,96.000000,96.000000,96.000000,96.000000,96.000000,5.0,-12.3457,-11.3967,-49.3827,-50.3316,PENDING_AG03,FALSE,NOT_FOR_ENFORCEMENT,-59.2593,2101.1381,-61.7284,-59.2593,-2.4691,-0.02653787,-0.02547636,-2.4691,-59.2593,-0.02547636,-2.4691,-2.4691,-2.4691,-2.4691,-2.4691,-59.2593,-0.02547636,-12.3457,-11.3967,-49.3827,-50.3316,-0.02123030,-0.02163826,-0.00106151,46.5210,44.6671,-1.2598,-7.7160,-2.2046,290.7561,6.1250,,46.5210,34.2936,34.2936,68.5871,68.5871,68.5871,137.1742,34.2936,-6.8587,2.0,4.0,1.356552,14,21,9,3,0E-8,-0.02653787,,0E-8,0.000000,0.940946,0.000000,,2026-03-21,2026-04-08,8,28,27,19,0.421053,,,0.000000,,,,,,,,GLOBAL_BASELINE_NO_ENTITY_RANKING,,,NOT_APPLICABLE_GLOBAL_BASELINE,HF9g-P5,,,,X 全窗基线 · 不参与实体赏罚,3925823,393,A168_HF9F_20260827_0900,2026-08-27 09:00:00
2026-03-30,146655694,1384,0,34.2935528121,32.5788751715,32.5788751715,1.0000000,1,1,0.50665070000000000,0.506650700000,0.9867858985152569,0.9867858985152569,0.9867858985152569,0E-17,ELIGIBLE,R03b_20260811_FULL_v1,L1_ELIGIBILITY,v2026-08-11,2026-03-21..2026-08-06,baccarat_bet02_101_all_pairs_incl_sentinel,round_win = game_pnl > 0 (decisive only),COMPATIBILITY_ONLY_NOT_PRODUCTION,2326.0489,2188.6855,-61.7284,50,49,0.02653787,,0.02653787,0.02653787,61.7284,2326.0489,OK,0.0000,-2.4691,4.0000,96.0000,AG03-UNRESOLVED,ALL5_LEVELS_bet23_to_bet27,-2.4691,-2.4691,-2.4691,-2.4691,-2.4691,4.000000,4.000000,4.000000,4.000000,4.000000,96.000000,96.000000,96.000000,96.000000,96.000000,5.0,-12.3457,-11.3967,-49.3827,-50.3316,PENDING_AG03,FALSE,NOT_FOR_ENFORCEMENT,-59.2593,2101.1381,-61.7284,-59.2593,-2.4691,-0.02653787,-0.02547636,-2.4691,-59.2593,-0.02547636,-2.4691,-2.4691,-2.4691,-2.4691,-2.4691,-59.2593,-0.02547636,-12.3457,-11.3967,-49.3827,-50.3316,-0.02123030,-0.02163826,-0.00106151,46.5210,44.6671,-1.2598,-7.7160,-2.2046,290.7561,6.1250,,46.5210,34.2936,34.2936,68.5871,68.5871,68.5871,137.1742,34.2936,-6.8587,2.0,4.0,1.356552,14,21,9,3,0E-8,-0.02653787,,0E-8,0.000000,0.940946,0.000000,,2026-03-21,2026-04-08,8,28,27,19,0.421053,,,0.000000,,,,,,,,GLOBAL_BASELINE_NO_ENTITY_RANKING,,,NOT_APPLICABLE_GLOBAL_BASELINE,HF9g-P5,,,,X 全窗基线 · 不参与实体赏罚,3925824,393,A168_HF9F_20260827_0900,2026-08-27 09:00:00
2026-03-30,146655694,2152,0,34.2935528121,34.2935528121,34.2935528121,1.0000000,1,1,0.49324550000000000,0.493245500000,1.01360149184955,1.01360149184955,1.01360149184955,0E-17,ELIGIBLE,R03b_20260811_FULL_v1,L1_ELIGIBILITY,v2026-08-11,2026-03-21..2026-08-06,baccarat_bet02_101_all_pairs_incl_sentinel,round_win = game_pnl > 0 (decisive only),COMPATIBILITY_ONLY_NOT_PRODUCTION,2326.0489,2188.6855,-61.7284,50,49,0.02653787,,0.02653787,0.02653787,61.7284,2326.0489,OK,0.0000,-2.4691,4.0000,96.0000,AG03-UNRESOLVED,ALL5_LEVELS_bet23_to_bet27,-2.4691,-2.4691,-2.4691,-2.4691,-2.4691,4.000000,4.000000,4.000000,4.000000,4.000000,96.000000,96.000000,96.000000,96.000000,96.000000,5.0,-12.3457,-11.3967,-49.3827,-50.3316,PENDING_AG03,FALSE,NOT_FOR_ENFORCEMENT,-59.2593,2101.1381,-61.7284,-59.2593,-2.4691,-0.02653787,-0.02547636,-2.4691,-59.2593,-0.02547636,-2.4691,-2.4691,-2.4691,-2.4691,-2.4691,-59.2593,-0.02547636,-12.3457,-11.3967,-49.3827,-50.3316,-0.02123030,-0.02163826,-0.00106151,46.5210,44.6671,-1.2598,-7.7160,-2.2046,290.7561,6.1250,,46.5210,34.2936,34.2936,68.5871,68.5871,68.5871,137.1742,34.2936,-6.8587,2.0,4.0,1.356552,14,21,9,3,0E-8,-0.02653787,,0E-8,0.000000,0.940946,0.000000,,2026-03-21,2026-04-08,8,28,27,19,0.421053,,,0.000000,,,,,,,,GLOBAL_BASELINE_NO_ENTITY_RANKING,,,NOT_APPLICABLE_GLOBAL_BASELINE,HF9g-P5,,,,X 全窗基线 · 不参与实体赏罚,3925825,393,A168_HF9F_20260827_0900,2026-08-27 09:00:00
2026-03-30,146655694,2196,0,34.2935528121,0E-10,0E-10,,1,1,0.49324550000000000,0.493245500000,,,,0E-17,NO_DECISIVE_ROUND,R03b_20260811_FULL_v1,L1_ELIGIBILITY,v2026-08-11,2026-03-21..2026-08-06,baccarat_bet02_101_all_pairs_incl_sentinel,round_win = game_pnl > 0 (decisive only),COMPATIBILITY_ONLY_NOT_PRODUCTION,2326.0489,2188.6855,-61.7284,50,49,0.02653787,,0.02653787,0.02653787,61.7284,2326.0489,OK,0.0000,-2.4691,4.0000,96.0000,AG03-UNRESOLVED,ALL5_LEVELS_bet23_to_bet27,-2.4691,-2.4691,-2.4691,-2.4691,-2.4691,4.000000,4.000000,4.000000,4.000000,4.000000,96.000000,96.000000,96.000000,96.000000,96.000000,5.0,-12.3457,-11.3967,-49.3827,-50.3316,PENDING_AG03,FALSE,NOT_FOR_ENFORCEMENT,-59.2593,2101.1381,-61.7284,-59.2593,-2.4691,-0.02653787,-0.02547636,-2.4691,-59.2593,-0.02547636,-2.4691,-2.4691,-2.4691,-2.4691,-2.4691,-59.2593,-0.02547636,-12.3457,-11.3967,-49.3827,-50.3316,-0.02123030,-0.02163826,-0.00106151,46.5210,44.6671,-1.2598,-7.7160,-2.2046,290.7561,6.1250,,46.5210,34.2936,34.2936,68.5871,68.5871,68.5871,137.1742,34.2936,-6.8587,2.0,4.0,1.356552,14,21,9,3,0E-8,-0.02653787,,0E-8,0.000000,0.940946,0.000000,,2026-03-21,2026-04-08,8,28,27,19,0.421053,,,0.000000,,,,,,,,GLOBAL_BASELINE_NO_ENTITY_RANKING,,,NOT_APPLICABLE_GLOBAL_BASELINE,HF9g-P5,,,,X 全窗基线 · 不参与实体赏罚,3925826,393,A168_HF9F_20260827_0900,2026-08-27 09:00:00
2026-04-04,146655694,1399,0,34.4827586207,-34.4827586207,-34.4827586207,0E-7,1,1,0.49324550000000000,0.493245500000,-0.9865810262130424,-0.9865810262130424,-0.9865810262130424,0E-17,ELIGIBLE,R03b_20260811_FULL_v1,L1_ELIGIBILITY,v2026-08-11,2026-03-21..2026-08-06,baccarat_bet02_101_all_pairs_incl_sentinel,round_win = game_pnl > 0 (decisive only),COMPATIBILITY_ONLY_NOT_PRODUCTION,2326.0489,2188.6855,-61.7284,50,49,0.02653787,,0.02653787,0.02653787,61.7284,2326.0489,OK,0.0000,-2.4691,4.0000,96.0000,AG03-UNRESOLVED,ALL5_LEVELS_bet23_to_bet27,-2.4691,-2.4691,-2.4691,-2.4691,-2.4691,4.000000,4.000000,4.000000,4.000000,4.000000,96.000000,96.000000,96.000000,96.000000,96.000000,5.0,-12.3457,-11.3967,-49.3827,-50.3316,PENDING_AG03,FALSE,NOT_FOR_ENFORCEMENT,-59.2593,2101.1381,-61.7284,-59.2593,-2.4691,-0.02653787,-0.02547636,-2.4691,-59.2593,-0.02547636,-2.4691,-2.4691,-2.4691,-2.4691,-2.4691,-59.2593,-0.02547636,-12.3457,-11.3967,-49.3827,-50.3316,-0.02123030,-0.02163826,-0.00106151,46.5210,44.6671,-1.2598,-7.7160,-2.2046,290.7561,6.1250,,46.5210,34.2936,34.2936,68.5871,68.5871,68.5871,137.1742,34.2936,-6.8587,2.0,4.0,1.356552,14,21,9,3,0E-8,-0.02653787,,0E-8,0.000000,0.940946,0.000000,,2026-03-21,2026-04-08,8,28,27,19,0.421053,,,0.000000,,,,,,,,GLOBAL_BASELINE_NO_ENTITY_RANKING,,,NOT_APPLICABLE_GLOBAL_BASELINE,HF9g-P5,,,,X 全窗基线 · 不参与实体赏罚,3925827,393,A168_HF9F_20260827_0900,2026-08-27 09:00:00
2026-04-04,146655694,970,0,34.4827586207,0E-10,0E-10,,1,1,0.49324550000000000,0.493245500000,,,,0E-17,NO_DECISIVE_ROUND,R03b_20260811_FULL_v1,L1_ELIGIBILITY,v2026-08-11,2026-03-21..2026-08-06,baccarat_bet02_101_all_pairs_incl_sentinel,round_win = game_pnl > 0 (decisive only),COMPATIBILITY_ONLY_NOT_PRODUCTION,2326.0489,2188.6855,-61.7284,50,49,0.02653787,,0.02653787,0.02653787,61.7284,2326.0489,OK,0.0000,-2.4691,4.0000,96.0000,AG03-UNRESOLVED,ALL5_LEVELS_bet23_to_bet27,-2.4691,-2.4691,-2.4691,-2.4691,-2.4691,4.000000,4.000000,4.000000,4.000000,4.000000,96.000000,96.000000,96.000000,96.000000,96.000000,5.0,-12.3457,-11.3967,-49.3827,-50.3316,PENDING_AG03,FALSE,NOT_FOR_ENFORCEMENT,-59.2593,2101.1381,-61.7284,-59.2593,-2.4691,-0.02653787,-0.02547636,-2.4691,-59.2593,-0.02547636,-2.4691,-2.4691,-2.4691,-2.4691,-2.4691,-59.2593,-0.02547636,-12.3457,-11.3967,-49.3827,-50.3316,-0.02123030,-0.02163826,-0.00106151,46.5210,44.6671,-1.2598,-7.7160,-2.2046,290.7561,6.1250,,46.5210,34.2936,34.2936,68.5871,68.5871,68.5871,137.1742,34.2936,-6.8587,2.0,4.0,1.356552,14,21,9,3,0E-8,-0.02653787,,0E-8,0.000000,0.940946,0.000000,,2026-03-21,2026-04-08,8,28,27,19,0.421053,,,0.000000,,,,,,,,GLOBAL_BASELINE_NO_ENTITY_RANKING,,,NOT_APPLICABLE_GLOBAL_BASELINE,HF9g-P5,,,,X 全窗基线 · 不参与实体赏罚,3925828,393,A168_HF9F_20260827_0900,2026-08-27 09:00:00
2026-04-05,146655694,1205,0,34.4827586207,34.4827586207,34.4827586207,1.0000000,1,1,0.49324550000000000,0.493245500000,1.01360149184955,1.01360149184955,1.01360149184955,0E-17,ELIGIBLE,R03b_20260811_FULL_v1,L1_ELIGIBILITY,v2026-08-11,2026-03-21..2026-08-06,baccarat_bet02_101_all_pairs_incl_sentinel,round_win = game_pnl > 0 (decisive only),COMPATIBILITY_ONLY_NOT_PRODUCTION,2326.0489,2188.6855,-61.7284,50,49,0.02653787,,0.02653787,0.02653787,61.7284,2326.0489,OK,0.0000,-2.4691,4.0000,96.0000,AG03-UNRESOLVED,ALL5_LEVELS_bet23_to_bet27,-2.4691,-2.4691,-2.4691,-2.4691,-2.4691,4.000000,4.000000,4.000000,4.000000,4.000000,96.000000,96.000000,96.000000,96.000000,96.000000,5.0,-12.3457,-11.3967,-49.3827,-50.3316,PENDING_AG03,FALSE,NOT_FOR_ENFORCEMENT,-59.2593,2101.1381,-61.7284,-59.2593,-2.4691,-0.02653787,-0.02547636,-2.4691,-59.2593,-0.02547636,-2.4691,-2.4691,-2.4691,-2.4691,-2.4691,-59.2593,-0.02547636,-12.3457,-11.3967,-49.3827,-50.3316,-0.02123030,-0.02163826,-0.00106151,46.5210,44.6671,-1.2598,-7.7160,-2.2046,290.7561,6.1250,,46.5210,34.2936,34.2936,68.5871,68.5871,68.5871,137.1742,34.2936,-6.8587,2.0,4.0,1.356552,14,21,9,3,0E-8,-0.02653787,,0E-8,0.000000,0.940946,0.000000,,2026-03-21,2026-04-08,8,28,27,19,0.421053,,,0.000000,,,,,,,,GLOBAL_BASELINE_NO_ENTITY_RANKING,,,NOT_APPLICABLE_GLOBAL_BASELINE,HF9g-P5,,,,X 全窗基线 · 不参与实体赏罚,3925829,393,A168_HF9F_20260827_0900,2026-08-27 09:00:00
2026-04-05,146655694,2246,0,34.4827586207,-34.4827586207,-34.4827586207,0E-7,1,1,0.49324550000000000,0.493245500000,-0.9865810262130424,-0.9865810262130424,-0.9865810262130424,0E-17,ELIGIBLE,R03b_20260811_FULL_v1,L1_ELIGIBILITY,v2026-08-11,2026-03-21..2026-08-06,baccarat_bet02_101_all_pairs_incl_sentinel,round_win = game_pnl > 0 (decisive only),COMPATIBILITY_ONLY_NOT_PRODUCTION,2326.0489,2188.6855,-61.7284,50,49,0.02653787,,0.02653787,0.02653787,61.7284,2326.0489,OK,0.0000,-2.4691,4.0000,96.0000,AG03-UNRESOLVED,ALL5_LEVELS_bet23_to_bet27,-2.4691,-2.4691,-2.4691,-2.4691,-2.4691,4.000000,4.000000,4.000000,4.000000,4.000000,96.000000,96.000000,96.000000,96.000000,96.000000,5.0,-12.3457,-11.3967,-49.3827,-50.3316,PENDING_AG03,FALSE,NOT_FOR_ENFORCEMENT,-59.2593,2101.1381,-61.7284,-59.2593,-2.4691,-0.02653787,-0.02547636,-2.4691,-59.2593,-0.02547636,-2.4691,-2.4691,-2.4691,-2.4691,-2.4691,-59.2593,-0.02547636,-12.3457,-11.3967,-49.3827,-50.3316,-0.02123030,-0.02163826,-0.00106151,46.5210,44.6671,-1.2598,-7.7160,-2.2046,290.7561,6.1250,,46.5210,34.2936,34.2936,68.5871,68.5871,68.5871,137.1742,34.2936,-6.8587,2.0,4.0,1.356552,14,21,9,3,0E-8,-0.02653787,,0E-8,0.000000,0.940946,0.000000,,2026-03-21,2026-04-08,8,28,27,19,0.421053,,,0.000000,,,,,,,,GLOBAL_BASELINE_NO_ENTITY_RANKING,,,NOT_APPLICABLE_GLOBAL_BASELINE,HF9g-P5,,,,X 全窗基线 · 不参与实体赏罚,3925830,393,A168_HF9F_20260827_0900,2026-08-27 09:00:00
2026-04-08,146655694,1400,0,34.4827586207,34.4827586207,34.4827586207,1.0000000,1,1,0.49324550000000000,0.493245500000,1.01360149184955,1.01360149184955,1.01360149184955,0E-17,ELIGIBLE,R03b_20260811_FULL_v1,L1_ELIGIBILITY,v2026-08-11,2026-03-21..2026-08-06,baccarat_bet02_101_all_pairs_incl_sentinel,round_win = game_pnl > 0 (decisive only),COMPATIBILITY_ONLY_NOT_PRODUCTION,2326.0489,2188.6855,-61.7284,50,49,0.02653787,,0.02653787,0.02653787,61.7284,2326.0489,OK,0.0000,-2.4691,4.0000,96.0000,AG03-UNRESOLVED,ALL5_LEVELS_bet23_to_bet27,-2.4691,-2.4691,-2.4691,-2.4691,-2.4691,4.000000,4.000000,4.000000,4.000000,4.000000,96.000000,96.000000,96.000000,96.000000,96.000000,5.0,-12.3457,-11.3967,-49.3827,-50.3316,PENDING_AG03,FALSE,NOT_FOR_ENFORCEMENT,-59.2593,2101.1381,-61.7284,-59.2593,-2.4691,-0.02653787,-0.02547636,-2.4691,-59.2593,-0.02547636,-2.4691,-2.4691,-2.4691,-2.4691,-2.4691,-59.2593,-0.02547636,-12.3457,-11.3967,-49.3827,-50.3316,-0.02123030,-0.02163826,-0.00106151,46.5210,44.6671,-1.2598,-7.7160,-2.2046,290.7561,6.1250,,46.5210,34.2936,34.2936,68.5871,68.5871,68.5871,137.1742,34.2936,-6.8587,2.0,4.0,1.356552,14,21,9,3,0E-8,-0.02653787,,0E-8,0.000000,0.940946,0.000000,,2026-03-21,2026-04-08,8,28,27,19,0.421053,,,0.000000,,,,,,,,GLOBAL_BASELINE_NO_ENTITY_RANKING,,,NOT_APPLICABLE_GLOBAL_BASELINE,HF9g-P5,,,,X 全窗基线 · 不参与实体赏罚,3925831,393,A168_HF9F_20260827_0900,2026-08-27 09:00:00
2026-04-10,148470319,2251,0,31.6235532225,69.5718170894,69.8248055152,1.0000000,5,1,0.29777014000000000,0.152591400000,1.535674149351621,2.35657575243359,1.535674149351621,0.14517874000000000,ELIGIBLE,R03b_20260811_FULL_v1,L1_ELIGIBILITY,v2026-08-11,2026-03-21..2026-08-06,baccarat_bet02_101_all_pairs_incl_sentinel,round_win = game_pnl > 0 (decisive only),COMPATIBILITY_ONLY_NOT_PRODUCTION,130.2890,127.9700,-61.9518,30,7,0.47549515,,0.47549515,0.46763754,61.9518,130.2890,OK,1.0238,-3.7171,6.0000,94.0000,AG03-UNRESOLVED,ALL5_LEVELS_bet23_to_bet27,-3.7171,-3.7171,-3.7171,-3.7171,-3.7171,6.000000,6.000000,6.000000,6.000000,6.000000,94.000000,94.000000,94.000000,94.000000,94.000000,5.0,-18.5855,-16.4851,-44.3900,-46.4904,PENDING_AG03,FALSE,NOT_FOR_ENFORCEMENT,-58.2347,120.2918,-62.9756,-59.2585,-4.7409,-0.48335275,-0.45482304,-3.7171,-59.2585,-0.45482304,-3.7171,-3.7171,-3.7171,-3.7171,-3.7171,-59.2585,-0.45482304,-18.5855,-16.4851,-44.3900,-46.4904,-0.34070421,-0.35682541,-0.03638731,4.3430,18.2814,-8.8503,-61.9518,-30.9759,130.2890,7.0000,,4.3430,2.1082,2.1082,4.2165,12.8602,16.8659,17.7092,2.1082,-2.0914,8.0,8.400001,2.06,2,2,2,8,0E-8,-0.47549515,,0.00800000,0.800000,0.982201,0.000000,,2026-04-10,2026-04-10,1,2,2,1,1.000000,,,0.000000,,,,,,,,GLOBAL_BASELINE_NO_ENTITY_RANKING,,,NOT_APPLICABLE_GLOBAL_BASELINE,HF9g-P5,,,,X 全窗基线 · 不参与实体赏罚,3925832,393,A168_HF9F_20260827_0900,2026-08-27 09:00:00
2026-04-10,148470319,986,0,98.6654860541,-8.6437712143,-7.8729998096,0.5000000,25,6,0.31591005155688387,0.214453710833,0.9699902623854703,1.7041172489525236,0.9699902623854703,0.10145634072388387,ELIGIBLE,R03b_20260811_FULL_v1,L1_ELIGIBILITY,v2026-08-11,2026-03-21..2026-08-06,baccarat_bet02_101_all_pairs_incl_sentinel,round_win = game_pnl > 0 (decisive only),COMPATIBILITY_ONLY_NOT_PRODUCTION,130.2890,127.9700,-61.9518,30,7,0.47549515,,0.47549515,0.46763754,61.9518,130.2890,OK,1.0238,-3.7171,6.0000,94.0000,AG03-UNRESOLVED,ALL5_LEVELS_bet23_to_bet27,-3.7171,-3.7171,-3.7171,-3.7171,-3.7171,6.000000,6.000000,6.000000,6.000000,6.000000,94.000000,94.000000,94.000000,94.000000,94.000000,5.0,-18.5855,-16.4851,-44.3900,-46.4904,PENDING_AG03,FALSE,NOT_FOR_ENFORCEMENT,-58.2347,120.2918,-62.9756,-59.2585,-4.7409,-0.48335275,-0.45482304,-3.7171,-59.2585,-0.45482304,-3.7171,-3.7171,-3.7171,-3.7171,-3.7171,-59.2585,-0.45482304,-18.5855,-16.4851,-44.3900,-46.4904,-0.34070421,-0.35682541,-0.03638731,4.3430,18.2814,-8.8503,-61.9518,-30.9759,130.2890,7.0000,,4.3430,2.1082,2.1082,4.2165,12.8602,16.8659,17.7092,2.1082,-2.0914,8.0,8.400001,2.06,2,2,2,8,0E-8,-0.47549515,,0.00800000,0.800000,0.982201,0.000000,,2026-04-10,2026-04-10,1,2,2,1,1.000000,,,0.000000,,,,,,,,GLOBAL_BASELINE_NO_ENTITY_RANKING,,,NOT_APPLICABLE_GLOBAL_BASELINE,HF9g-P5,,,,X 全窗基线 · 不参与实体赏罚,3925833,393,A168_HF9F_20260827_0900,2026-08-27 09:00:00
2026-05-07,142064700,2123,0,33.7294380157,-33.7294380157,-33.7294380157,0E-7,1,1,0.50665070000000000,0.506650700000,-1.013391052207602,-1.013391052207602,-1.013391052207602,0E-17,ELIGIBLE,R03b_20260811_FULL_v1,L1_ELIGIBILITY,v2026-08-11,2026-03-21..2026-08-06,baccarat_bet02_101_all_pairs_incl_sentinel,round_win = game_pnl > 0 (decisive only),COMPATIBILITY_ONLY_NOT_PRODUCTION,798.0609,688.5591,-61.7260,55,52,0.07734503,0.69154930,-0.10579707,0.07734503,61.7260,798.0609,OK,0.0000,-2.4690,4.0000,96.0000,AG03-UNRESOLVED,ALL5_LEVELS_bet23_to_bet27,-2.4690,-2.4690,-3.0863,-3.0863,-3.0863,4.000000,4.000000,5.000000,5.000000,5.000000,96.000000,96.000000,95.000000,95.000000,95.000000,5.0,-14.1970,-12.9528,-47.5291,-48.7733,PENDING_AG03,FALSE,NOT_FOR_ENFORCEMENT,-59.2570,661.0167,-61.7260,-59.2570,-2.4690,-0.07734503,-0.07425123,-2.4690,-59.2570,-0.07425123,-2.4690,-2.4690,-3.0863,-3.0863,-3.0863,-59.2570,-0.07425123,-14.1970,-12.9528,-47.5291,-48.7733,-0.05955568,-0.0611147,-0.00309380,14.5102,13.2415,-1.1870,-6.1726,-1.5055,79.8061,5.2000,36.6612,12.2951,7.7837,10.3271,18.4269,28.5403,35.4337,58.3482,10.2862,0.0,3.431131,5.650002,1.405059,16,25,9,2,0.22968952,-0.07734503,-0.69154930,0E-8,0.000000,0.862790,0.000000,0.79734637,2026-05-07,2026-07-29,10,41,40,84,0.119048,2.981778,2.526585,0.765632,,,,,,,,GLOBAL_BASELINE_NO_ENTITY_RANKING,,,NOT_APPLICABLE_GLOBAL_BASELINE,HF9g-P5,,,,X 全窗基线 · 不参与实体赏罚,3925834,393,A168_HF9F_20260827_0900,2026-08-27 09:00:00
2026-05-26,142064700,-1,1,23.3511493955,23.3511493955,23.3511493955,1.0000000,2,2,0.49324550000000000,0.493245500000,1.4334489766152358,1.4334489766152358,1.4334489766152358,0E-17,SENTINEL_DEALER,R03b_20260811_FULL_v1,L1_ELIGIBILITY,v2026-08-11,2026-03-21..2026-08-06,baccarat_bet02_101_all_pairs_incl_sentinel,round_win = game_pnl > 0 (decisive only),COMPATIBILITY_ONLY_NOT_PRODUCTION,798.0609,688.5591,-61.7260,55,52,0.07734503,0.69154930,-0.10579707,0.07734503,61.7260,798.0609,OK,0.0000,-2.4690,4.0000,96.0000,AG03-UNRESOLVED,ALL5_LEVELS_bet23_to_bet27,-2.4690,-2.4690,-3.0863,-3.0863,-3.0863,4.000000,4.000000,5.000000,5.000000,5.000000,96.000000,96.000000,95.000000,95.000000,95.000000,5.0,-14.1970,-12.9528,-47.5291,-48.7733,PENDING_AG03,FALSE,NOT_FOR_ENFORCEMENT,-59.2570,661.0167,-61.7260,-59.2570,-2.4690,-0.07734503,-0.07425123,-2.4690,-59.2570,-0.07425123,-2.4690,-2.4690,-3.0863,-3.0863,-3.0863,-59.2570,-0.07425123,-14.1970,-12.9528,-47.5291,-48.7733,-0.05955568,-0.0611147,-0.00309380,14.5102,13.2415,-1.1870,-6.1726,-1.5055,79.8061,5.2000,36.6612,12.2951,7.7837,10.3271,18.4269,28.5403,35.4337,58.3482,10.2862,0.0,3.431131,5.650002,1.405059,16,25,9,2,0.22968952,-0.07734503,-0.69154930,0E-8,0.000000,0.862790,0.000000,0.79734637,2026-05-07,2026-07-29,10,41,40,84,0.119048,2.981778,2.526585,0.765632,,,,,,,,GLOBAL_BASELINE_NO_ENTITY_RANKING,,,NOT_APPLICABLE_GLOBAL_BASELINE,HF9g-P5,,,,X 全窗基线 · 不参与实体赏罚,3925835,393,A168_HF9F_20260827_0900,2026-08-27 09:00:00
2026-05-26,142064700,2188,0,7.7837164652,7.3945306419,7.3945306419,1.0000000,1,1,0.50665070000000000,0.506650700000,0.9867858985152569,0.9867858985152569,0.9867858985152569,0E-17,ELIGIBLE,R03b_20260811_FULL_v1,L1_ELIGIBILITY,v2026-08-11,2026-03-21..2026-08-06,baccarat_bet02_101_all_pairs_incl_sentinel,round_win = game_pnl > 0 (decisive only),COMPATIBILITY_ONLY_NOT_PRODUCTION,798.0609,688.5591,-61.7260,55,52,0.07734503,0.69154930,-0.10579707,0.07734503,61.7260,798.0609,OK,0.0000,-2.4690,4.0000,96.0000,AG03-UNRESOLVED,ALL5_LEVELS_bet23_to_bet27,-2.4690,-2.4690,-3.0863,-3.0863,-3.0863,4.000000,4.000000,5.000000,5.000000,5.000000,96.000000,96.000000,95.000000,95.000000,95.000000,5.0,-14.1970,-12.9528,-47.5291,-48.7733,PENDING_AG03,FALSE,NOT_FOR_ENFORCEMENT,-59.2570,661.0167,-61.7260,-59.2570,-2.4690,-0.07734503,-0.07425123,-2.4690,-59.2570,-0.07425123,-2.4690,-2.4690,-3.0863,-3.0863,-3.0863,-59.2570,-0.07425123,-14.1970,-12.9528,-47.5291,-48.7733,-0.05955568,-0.0611147,-0.00309380,14.5102,13.2415,-1.1870,-6.1726,-1.5055,79.8061,5.2000,36.6612,12.2951,7.7837,10.3271,18.4269,28.5403,35.4337,58.3482,10.2862,0.0,3.431131,5.650002,1.405059,16,25,9,2,0.22968952,-0.07734503,-0.69154930,0E-8,0.000000,0.862790,0.000000,0.79734637,2026-05-07,2026-07-29,10,41,40,84,0.119048,2.981778,2.526585,0.765632,,,,,,,,GLOBAL_BASELINE_NO_ENTITY_RANKING,,,NOT_APPLICABLE_GLOBAL_BASELINE,HF9g-P5,,,,X 全窗基线 · 不参与实体赏罚,3925836,393,A168_HF9F_20260827_0900,2026-08-27 09:00:00
2026-05-27,142064700,-1,1,46.7022987909,25.4268071195,25.4268071195,0.7500000,4,4,0.49994810000000000,0.499948100000,1.0002076053883384,1.0002076053883384,1.0002076053883384,0E-17,SENTINEL_DEALER,R03b_20260811_FULL_v1,L1_ELIGIBILITY,v2026-08-11,2026-03-21..2026-08-06,baccarat_bet02_101_all_pairs_incl_sentinel,round_win = game_pnl > 0 (decisive only),COMPATIBILITY_ONLY_NOT_PRODUCTION,798.0609,688.5591,-61.7260,55,52,0.07734503,0.69154930,-0.10579707,0.07734503,61.7260,798.0609,OK,0.0000,-2.4690,4.0000,96.0000,AG03-UNRESOLVED,ALL5_LEVELS_bet23_to_bet27,-2.4690,-2.4690,-3.0863,-3.0863,-3.0863,4.000000,4.000000,5.000000,5.000000,5.000000,96.000000,96.000000,95.000000,95.000000,95.000000,5.0,-14.1970,-12.9528,-47.5291,-48.7733,PENDING_AG03,FALSE,NOT_FOR_ENFORCEMENT,-59.2570,661.0167,-61.7260,-59.2570,-2.4690,-0.07734503,-0.07425123,-2.4690,-59.2570,-0.07425123,-2.4690,-2.4690,-3.0863,-3.0863,-3.0863,-59.2570,-0.07425123,-14.1970,-12.9528,-47.5291,-48.7733,-0.05955568,-0.0611147,-0.00309380,14.5102,13.2415,-1.1870,-6.1726,-1.5055,79.8061,5.2000,36.6612,12.2951,7.7837,10.3271,18.4269,28.5403,35.4337,58.3482,10.2862,0.0,3.431131,5.650002,1.405059,16,25,9,2,0.22968952,-0.07734503,-0.69154930,0E-8,0.000000,0.862790,0.000000,0.79734637,2026-05-07,2026-07-29,10,41,40,84,0.119048,2.981778,2.526585,0.765632,,,,,,,,GLOBAL_BASELINE_NO_ENTITY_RANKING,,,NOT_APPLICABLE_GLOBAL_BASELINE,HF9g-P5,,,,X 全窗基线 · 不参与实体赏罚,3925837,393,A168_HF9F_20260827_0900,2026-08-27 09:00:00
2026-05-28,142064700,-1,1,7.7837164652,-7.7837164652,-7.7837164652,0E-7,1,1,0.50665070000000000,0.506650700000,-1.013391052207602,-1.013391052207602,-1.013391052207602,0E-17,SENTINEL_DEALER,R03b_20260811_FULL_v1,L1_ELIGIBILITY,v2026-08-11,2026-03-21..2026-08-06,baccarat_bet02_101_all_pairs_incl_sentinel,round_win = game_pnl > 0 (decisive only),COMPATIBILITY_ONLY_NOT_PRODUCTION,798.0609,688.5591,-61.7260,55,52,0.07734503,0.69154930,-0.10579707,0.07734503,61.7260,798.0609,OK,0.0000,-2.4690,4.0000,96.0000,AG03-UNRESOLVED,ALL5_LEVELS_bet23_to_bet27,-2.4690,-2.4690,-3.0863,-3.0863,-3.0863,4.000000,4.000000,5.000000,5.000000,5.000000,96.000000,96.000000,95.000000,95.000000,95.000000,5.0,-14.1970,-12.9528,-47.5291,-48.7733,PENDING_AG03,FALSE,NOT_FOR_ENFORCEMENT,-59.2570,661.0167,-61.7260,-59.2570,-2.4690,-0.07734503,-0.07425123,-2.4690,-59.2570,-0.07425123,-2.4690,-2.4690,-3.0863,-3.0863,-3.0863,-59.2570,-0.07425123,-14.1970,-12.9528,-47.5291,-48.7733,-0.05955568,-0.0611147,-0.00309380,14.5102,13.2415,-1.1870,-6.1726,-1.5055,79.8061,5.2000,36.6612,12.2951,7.7837,10.3271,18.4269,28.5403,35.4337,58.3482,10.2862,0.0,3.431131,5.650002,1.405059,16,25,9,2,0.22968952,-0.07734503,-0.69154930,0E-8,0.000000,0.862790,0.000000,0.79734637,2026-05-07,2026-07-29,10,41,40,84,0.119048,2.981778,2.526585,0.765632,,,,,,,,GLOBAL_BASELINE_NO_ENTITY_RANKING,,,NOT_APPLICABLE_GLOBAL_BASELINE,HF9g-P5,,,,X 全窗基线 · 不参与实体赏罚,3925838,393,A168_HF9F_20260827_0900,2026-08-27 09:00:00
2026-05-28,142064700,1302,0,38.9185823258,-18.1620050854,-18.1620050854,0.5000000,2,2,0.49994810000000000,0.499948100000,0.00014679536856514622,0.00014679536856514622,0.00014679536856514622,0E-17,ELIGIBLE,R03b_20260811_FULL_v1,L1_ELIGIBILITY,v2026-08-11,2026-03-21..2026-08-06,baccarat_bet02_101_all_pairs_incl_sentinel,round_win = game_pnl > 0 (decisive only),COMPATIBILITY_ONLY_NOT_PRODUCTION,798.0609,688.5591,-61.7260,55,52,0.07734503,0.69154930,-0.10579707,0.07734503,61.7260,798.0609,OK,0.0000,-2.4690,4.0000,96.0000,AG03-UNRESOLVED,ALL5_LEVELS_bet23_to_bet27,-2.4690,-2.4690,-3.0863,-3.0863,-3.0863,4.000000,4.000000,5.000000,5.000000,5.000000,96.000000,96.000000,95.000000,95.000000,95.000000,5.0,-14.1970,-12.9528,-47.5291,-48.7733,PENDING_AG03,FALSE,NOT_FOR_ENFORCEMENT,-59.2570,661.0167,-61.7260,-59.2570,-2.4690,-0.07734503,-0.07425123,-2.4690,-59.2570,-0.07425123,-2.4690,-2.4690,-3.0863,-3.0863,-3.0863,-59.2570,-0.07425123,-14.1970,-12.9528,-47.5291,-48.7733,-0.05955568,-0.0611147,-0.00309380,14.5102,13.2415,-1.1870,-6.1726,-1.5055,79.8061,5.2000,36.6612,12.2951,7.7837,10.3271,18.4269,28.5403,35.4337,58.3482,10.2862,0.0,3.431131,5.650002,1.405059,16,25,9,2,0.22968952,-0.07734503,-0.69154930,0E-8,0.000000,0.862790,0.000000,0.79734637,2026-05-07,2026-07-29,10,41,40,84,0.119048,2.981778,2.526585,0.765632,,,,,,,,GLOBAL_BASELINE_NO_ENTITY_RANKING,,,NOT_APPLICABLE_GLOBAL_BASELINE,HF9g-P5,,,,X 全窗基线 · 不参与实体赏罚,3925839,393,A168_HF9F_20260827_0900,2026-08-27 09:00:00
2026-05-28,142064700,2266,0,7.7837164652,-7.7837164652,-7.7837164652,0E-7,1,1,0.49324550000000000,0.493245500000,-0.9865810262130424,-0.9865810262130424,-0.9865810262130424,0E-17,ELIGIBLE,R03b_20260811_FULL_v1,L1_ELIGIBILITY,v2026-08-11,2026-03-21..2026-08-06,baccarat_bet02_101_all_pairs_incl_sentinel,round_win = game_pnl > 0 (decisive only),COMPATIBILITY_ONLY_NOT_PRODUCTION,798.0609,688.5591,-61.7260,55,52,0.07734503,0.69154930,-0.10579707,0.07734503,61.7260,798.0609,OK,0.0000,-2.4690,4.0000,96.0000,AG03-UNRESOLVED,ALL5_LEVELS_bet23_to_bet27,-2.4690,-2.4690,-3.0863,-3.0863,-3.0863,4.000000,4.000000,5.000000,5.000000,5.000000,96.000000,96.000000,95.000000,95.000000,95.000000,5.0,-14.1970,-12.9528,-47.5291,-48.7733,PENDING_AG03,FALSE,NOT_FOR_ENFORCEMENT,-59.2570,661.0167,-61.7260,-59.2570,-2.4690,-0.07734503,-0.07425123,-2.4690,-59.2570,-0.07425123,-2.4690,-2.4690,-3.0863,-3.0863,-3.0863,-59.2570,-0.07425123,-14.1970,-12.9528,-47.5291,-48.7733,-0.05955568,-0.0611147,-0.00309380,14.5102,13.2415,-1.1870,-6.1726,-1.5055,79.8061,5.2000,36.6612,12.2951,7.7837,10.3271,18.4269,28.5403,35.4337,58.3482,10.2862,0.0,3.431131,5.650002,1.405059,16,25,9,2,0.22968952,-0.07734503,-0.69154930,0E-8,0.000000,0.862790,0.000000,0.79734637,2026-05-07,2026-07-29,10,41,40,84,0.119048,2.981778,2.526585,0.765632,,,,,,,,GLOBAL_BASELINE_NO_ENTITY_RANKING,,,NOT_APPLICABLE_GLOBAL_BASELINE,HF9g-P5,,,,X 全窗基线 · 不参与实体赏罚,3925840,393,A168_HF9F_20260827_0900,2026-08-27 09:00:00
2026-05-29,142064700,-1,1,7.7837164652,-7.7837164652,-7.7837164652,0E-7,1,1,0.49324550000000000,0.493245500000,-0.9865810262130424,-0.9865810262130424,-0.9865810262130424,0E-17,SENTINEL_DEALER,R03b_20260811_FULL_v1,L1_ELIGIBILITY,v2026-08-11,2026-03-21..2026-08-06,baccarat_bet02_101_all_pairs_incl_sentinel,round_win = game_pnl > 0 (decisive only),COMPATIBILITY_ONLY_NOT_PRODUCTION,798.0609,688.5591,-61.7260,55,52,0.07734503,0.69154930,-0.10579707,0.07734503,61.7260,798.0609,OK,0.0000,-2.4690,4.0000,96.0000,AG03-UNRESOLVED,ALL5_LEVELS_bet23_to_bet27,-2.4690,-2.4690,-3.0863,-3.0863,-3.0863,4.000000,4.000000,5.000000,5.000000,5.000000,96.000000,96.000000,95.000000,95.000000,95.000000,5.0,-14.1970,-12.9528,-47.5291,-48.7733,PENDING_AG03,FALSE,NOT_FOR_ENFORCEMENT,-59.2570,661.0167,-61.7260,-59.2570,-2.4690,-0.07734503,-0.07425123,-2.4690,-59.2570,-0.07425123,-2.4690,-2.4690,-3.0863,-3.0863,-3.0863,-59.2570,-0.07425123,-14.1970,-12.9528,-47.5291,-48.7733,-0.05955568,-0.0611147,-0.00309380,14.5102,13.2415,-1.1870,-6.1726,-1.5055,79.8061,5.2000,36.6612,12.2951,7.7837,10.3271,18.4269,28.5403,35.4337,58.3482,10.2862,0.0,3.431131,5.650002,1.405059,16,25,9,2,0.22968952,-0.07734503,-0.69154930,0E-8,0.000000,0.862790,0.000000,0.79734637,2026-05-07,2026-07-29,10,41,40,84,0.119048,2.981778,2.526585,0.765632,,,,,,,,GLOBAL_BASELINE_NO_ENTITY_RANKING,,,NOT_APPLICABLE_GLOBAL_BASELINE,HF9g-P5,,,,X 全窗基线 · 不参与实体赏罚,3925841,393,A168_HF9F_20260827_0900,2026-08-27 09:00:00
2026-05-29,142064700,1307,0,38.9185823259,-0.6486430388,-0.6486430388,0E-7,3,2,0.50329940000000000,0.503299400000,-1.0066207164660794,-1.0066207164660794,-1.0066207164660794,0E-17,ELIGIBLE,R03b_20260811_FULL_v1,L1_ELIGIBILITY,v2026-08-11,2026-03-21..2026-08-06,baccarat_bet02_101_all_pairs_incl_sentinel,round_win = game_pnl > 0 (decisive only),COMPATIBILITY_ONLY_NOT_PRODUCTION,798.0609,688.5591,-61.7260,55,52,0.07734503,0.69154930,-0.10579707,0.07734503,61.7260,798.0609,OK,0.0000,-2.4690,4.0000,96.0000,AG03-UNRESOLVED,ALL5_LEVELS_bet23_to_bet27,-2.4690,-2.4690,-3.0863,-3.0863,-3.0863,4.000000,4.000000,5.000000,5.000000,5.000000,96.000000,96.000000,95.000000,95.000000,95.000000,5.0,-14.1970,-12.9528,-47.5291,-48.7733,PENDING_AG03,FALSE,NOT_FOR_ENFORCEMENT,-59.2570,661.0167,-61.7260,-59.2570,-2.4690,-0.07734503,-0.07425123,-2.4690,-59.2570,-0.07425123,-2.4690,-2.4690,-3.0863,-3.0863,-3.0863,-59.2570,-0.07425123,-14.1970,-12.9528,-47.5291,-48.7733,-0.05955568,-0.0611147,-0.00309380,14.5102,13.2415,-1.1870,-6.1726,-1.5055,79.8061,5.2000,36.6612,12.2951,7.7837,10.3271,18.4269,28.5403,35.4337,58.3482,10.2862,0.0,3.431131,5.650002,1.405059,16,25,9,2,0.22968952,-0.07734503,-0.69154930,0E-8,0.000000,0.862790,0.000000,0.79734637,2026-05-07,2026-07-29,10,41,40,84,0.119048,2.981778,2.526585,0.765632,,,,,,,,GLOBAL_BASELINE_NO_ENTITY_RANKING,,,NOT_APPLICABLE_GLOBAL_BASELINE,HF9g-P5,,,,X 全窗基线 · 不参与实体赏罚,3925842,393,A168_HF9F_20260827_0900,2026-08-27 09:00:00
2026-05-29,142064700,1402,0,7.7837164652,7.3945306419,7.3945306419,1.0000000,1,1,0.50665070000000000,0.506650700000,0.9867858985152569,0.9867858985152569,0.9867858985152569,0E-17,ELIGIBLE,R03b_20260811_FULL_v1,L1_ELIGIBILITY,v2026-08-11,2026-03-21..2026-08-06,baccarat_bet02_101_all_pairs_incl_sentinel,round_win = game_pnl > 0 (decisive only),COMPATIBILITY_ONLY_NOT_PRODUCTION,798.0609,688.5591,-61.7260,55,52,0.07734503,0.69154930,-0.10579707,0.07734503,61.7260,798.0609,OK,0.0000,-2.4690,4.0000,96.0000,AG03-UNRESOLVED,ALL5_LEVELS_bet23_to_bet27,-2.4690,-2.4690,-3.0863,-3.0863,-3.0863,4.000000,4.000000,5.000000,5.000000,5.000000,96.000000,96.000000,95.000000,95.000000,95.000000,5.0,-14.1970,-12.9528,-47.5291,-48.7733,PENDING_AG03,FALSE,NOT_FOR_ENFORCEMENT,-59.2570,661.0167,-61.7260,-59.2570,-2.4690,-0.07734503,-0.07425123,-2.4690,-59.2570,-0.07425123,-2.4690,-2.4690,-3.0863,-3.0863,-3.0863,-59.2570,-0.07425123,-14.1970,-12.9528,-47.5291,-48.7733,-0.05955568,-0.0611147,-0.00309380,14.5102,13.2415,-1.1870,-6.1726,-1.5055,79.8061,5.2000,36.6612,12.2951,7.7837,10.3271,18.4269,28.5403,35.4337,58.3482,10.2862,0.0,3.431131,5.650002,1.405059,16,25,9,2,0.22968952,-0.07734503,-0.69154930,0E-8,0.000000,0.862790,0.000000,0.79734637,2026-05-07,2026-07-29,10,41,40,84,0.119048,2.981778,2.526585,0.765632,,,,,,,,GLOBAL_BASELINE_NO_ENTITY_RANKING,,,NOT_APPLICABLE_GLOBAL_BASELINE,HF9g-P5,,,,X 全窗基线 · 不参与实体赏罚,3925843,393,A168_HF9F_20260827_0900,2026-08-27 09:00:00
2026-05-29,142064700,2224,0,31.1348658606,31.1348658606,31.1348658606,1.0000000,2,2,0.49324550000000000,0.493245500000,1.4334489766152358,1.4334489766152358,1.4334489766152358,0E-17,ELIGIBLE,R03b_20260811_FULL_v1,L1_ELIGIBILITY,v2026-08-11,2026-03-21..2026-08-06,baccarat_bet02_101_all_pairs_incl_sentinel,round_win = game_pnl > 0 (decisive only),COMPATIBILITY_ONLY_NOT_PRODUCTION,798.0609,688.5591,-61.7260,55,52,0.07734503,0.69154930,-0.10579707,0.07734503,61.7260,798.0609,OK,0.0000,-2.4690,4.0000,96.0000,AG03-UNRESOLVED,ALL5_LEVELS_bet23_to_bet27,-2.4690,-2.4690,-3.0863,-3.0863,-3.0863,4.000000,4.000000,5.000000,5.000000,5.000000,96.000000,96.000000,95.000000,95.000000,95.000000,5.0,-14.1970,-12.9528,-47.5291,-48.7733,PENDING_AG03,FALSE,NOT_FOR_ENFORCEMENT,-59.2570,661.0167,-61.7260,-59.2570,-2.4690,-0.07734503,-0.07425123,-2.4690,-59.2570,-0.07425123,-2.4690,-2.4690,-3.0863,-3.0863,-3.0863,-59.2570,-0.07425123,-14.1970,-12.9528,-47.5291,-48.7733,-0.05955568,-0.0611147,-0.00309380,14.5102,13.2415,-1.1870,-6.1726,-1.5055,79.8061,5.2000,36.6612,12.2951,7.7837,10.3271,18.4269,28.5403,35.4337,58.3482,10.2862,0.0,3.431131,5.650002,1.405059,16,25,9,2,0.22968952,-0.07734503,-0.69154930,0E-8,0.000000,0.862790,0.000000,0.79734637,2026-05-07,2026-07-29,10,41,40,84,0.119048,2.981778,2.526585,0.765632,,,,,,,,GLOBAL_BASELINE_NO_ENTITY_RANKING,,,NOT_APPLICABLE_GLOBAL_BASELINE,HF9g-P5,,,,X 全窗基线 · 不参与实体赏罚,3925844,393,A168_HF9F_20260827_0900,2026-08-27 09:00:00
2026-05-29,142064700,2241,0,33.2105235847,32.4580976597,32.4580976597,1.0000000,2,2,0.49994810000000000,0.499948100000,1.4143603653603398,1.4143603653603398,1.4143603653603398,0E-17,ELIGIBLE,R03b_20260811_FULL_v1,L1_ELIGIBILITY,v2026-08-11,2026-03-21..2026-08-06,baccarat_bet02_101_all_pairs_incl_sentinel,round_win = game_pnl > 0 (decisive only),COMPATIBILITY_ONLY_NOT_PRODUCTION,798.0609,688.5591,-61.7260,55,52,0.07734503,0.69154930,-0.10579707,0.07734503,61.7260,798.0609,OK,0.0000,-2.4690,4.0000,96.0000,AG03-UNRESOLVED,ALL5_LEVELS_bet23_to_bet27,-2.4690,-2.4690,-3.0863,-3.0863,-3.0863,4.000000,4.000000,5.000000,5.000000,5.000000,96.000000,96.000000,95.000000,95.000000,95.000000,5.0,-14.1970,-12.9528,-47.5291,-48.7733,PENDING_AG03,FALSE,NOT_FOR_ENFORCEMENT,-59.2570,661.0167,-61.7260,-59.2570,-2.4690,-0.07734503,-0.07425123,-2.4690,-59.2570,-0.07425123,-2.4690,-2.4690,-3.0863,-3.0863,-3.0863,-59.2570,-0.07425123,-14.1970,-12.9528,-47.5291,-48.7733,-0.05955568,-0.0611147,-0.00309380,14.5102,13.2415,-1.1870,-6.1726,-1.5055,79.8061,5.2000,36.6612,12.2951,7.7837,10.3271,18.4269,28.5403,35.4337,58.3482,10.2862,0.0,3.431131,5.650002,1.405059,16,25,9,2,0.22968952,-0.07734503,-0.69154930,0E-8,0.000000,0.862790,0.000000,0.79734637,2026-05-07,2026-07-29,10,41,40,84,0.119048,2.981778,2.526585,0.765632,,,,,,,,GLOBAL_BASELINE_NO_ENTITY_RANKING,,,NOT_APPLICABLE_GLOBAL_BASELINE,HF9g-P5,,,,X 全窗基线 · 不参与实体赏罚,3925845,393,A168_HF9F_20260827_0900,2026-08-27 09:00:00
2026-05-30,142064700,-1,1,15.5674329304,0E-10,0E-10,0.5000000,2,2,0.49324550000000000,0.493245500000,0.01910635448239258,0.01910635448239258,0.01910635448239258,0E-17,SENTINEL_DEALER,R03b_20260811_FULL_v1,L1_ELIGIBILITY,v2026-08-11,2026-03-21..2026-08-06,baccarat_bet02_101_all_pairs_incl_sentinel,round_win = game_pnl > 0 (decisive only),COMPATIBILITY_ONLY_NOT_PRODUCTION,798.0609,688.5591,-61.7260,55,52,0.07734503,0.69154930,-0.10579707,0.07734503,61.7260,798.0609,OK,0.0000,-2.4690,4.0000,96.0000,AG03-UNRESOLVED,ALL5_LEVELS_bet23_to_bet27,-2.4690,-2.4690,-3.0863,-3.0863,-3.0863,4.000000,4.000000,5.000000,5.000000,5.000000,96.000000,96.000000,95.000000,95.000000,95.000000,5.0,-14.1970,-12.9528,-47.5291,-48.7733,PENDING_AG03,FALSE,NOT_FOR_ENFORCEMENT,-59.2570,661.0167,-61.7260,-59.2570,-2.4690,-0.07734503,-0.07425123,-2.4690,-59.2570,-0.07425123,-2.4690,-2.4690,-3.0863,-3.0863,-3.0863,-59.2570,-0.07425123,-14.1970,-12.9528,-47.5291,-48.7733,-0.05955568,-0.0611147,-0.00309380,14.5102,13.2415,-1.1870,-6.1726,-1.5055,79.8061,5.2000,36.6612,12.2951,7.7837,10.3271,18.4269,28.5403,35.4337,58.3482,10.2862,0.0,3.431131,5.650002,1.405059,16,25,9,2,0.22968952,-0.07734503,-0.69154930,0E-8,0.000000,0.862790,0.000000,0.79734637,2026-05-07,2026-07-29,10,41,40,84,0.119048,2.981778,2.526585,0.765632,,,,,,,,GLOBAL_BASELINE_NO_ENTITY_RANKING,,,NOT_APPLICABLE_GLOBAL_BASELINE,HF9g-P5,,,,X 全窗基线 · 不参与实体赏罚,3925846,393,A168_HF9F_20260827_0900,2026-08-27 09:00:00
2026-05-30,142064700,1402,0,10.3782886202,-10.3782886202,-10.3782886202,0E-7,1,1,0.50665070000000000,0.506650700000,-1.013391052207602,-1.013391052207602,-1.013391052207602,0E-17,ELIGIBLE,R03b_20260811_FULL_v1,L1_ELIGIBILITY,v2026-08-11,2026-03-21..2026-08-06,baccarat_bet02_101_all_pairs_incl_sentinel,round_win = game_pnl > 0 (decisive only),COMPATIBILITY_ONLY_NOT_PRODUCTION,798.0609,688.5591,-61.7260,55,52,0.07734503,0.69154930,-0.10579707,0.07734503,61.7260,798.0609,OK,0.0000,-2.4690,4.0000,96.0000,AG03-UNRESOLVED,ALL5_LEVELS_bet23_to_bet27,-2.4690,-2.4690,-3.0863,-3.0863,-3.0863,4.000000,4.000000,5.000000,5.000000,5.000000,96.000000,96.000000,95.000000,95.000000,95.000000,5.0,-14.1970,-12.9528,-47.5291,-48.7733,PENDING_AG03,FALSE,NOT_FOR_ENFORCEMENT,-59.2570,661.0167,-61.7260,-59.2570,-2.4690,-0.07734503,-0.07425123,-2.4690,-59.2570,-0.07425123,-2.4690,-2.4690,-3.0863,-3.0863,-3.0863,-59.2570,-0.07425123,-14.1970,-12.9528,-47.5291,-48.7733,-0.05955568,-0.0611147,-0.00309380,14.5102,13.2415,-1.1870,-6.1726,-1.5055,79.8061,5.2000,36.6612,12.2951,7.7837,10.3271,18.4269,28.5403,35.4337,58.3482,10.2862,0.0,3.431131,5.650002,1.405059,16,25,9,2,0.22968952,-0.07734503,-0.69154930,0E-8,0.000000,0.862790,0.000000,0.79734637,2026-05-07,2026-07-29,10,41,40,84,0.119048,2.981778,2.526585,0.765632,,,,,,,,GLOBAL_BASELINE_NO_ENTITY_RANKING,,,NOT_APPLICABLE_GLOBAL_BASELINE,HF9g-P5,,,,X 全窗基线 · 不参与实体赏罚,3925847,393,A168_HF9F_20260827_0900,2026-08-27 09:00:00
2026-05-30,142064700,2248,0,12.9728607753,12.9728607753,12.9728607753,1.0000000,1,1,0.49324550000000000,0.493245500000,1.01360149184955,1.01360149184955,1.01360149184955,0E-17,ELIGIBLE,R03b_20260811_FULL_v1,L1_ELIGIBILITY,v2026-08-11,2026-03-21..2026-08-06,baccarat_bet02_101_all_pairs_incl_sentinel,round_win = game_pnl > 0 (decisive only),COMPATIBILITY_ONLY_NOT_PRODUCTION,798.0609,688.5591,-61.7260,55,52,0.07734503,0.69154930,-0.10579707,0.07734503,61.7260,798.0609,OK,0.0000,-2.4690,4.0000,96.0000,AG03-UNRESOLVED,ALL5_LEVELS_bet23_to_bet27,-2.4690,-2.4690,-3.0863,-3.0863,-3.0863,4.000000,4.000000,5.000000,5.000000,5.000000,96.000000,96.000000,95.000000,95.000000,95.000000,5.0,-14.1970,-12.9528,-47.5291,-48.7733,PENDING_AG03,FALSE,NOT_FOR_ENFORCEMENT,-59.2570,661.0167,-61.7260,-59.2570,-2.4690,-0.07734503,-0.07425123,-2.4690,-59.2570,-0.07425123,-2.4690,-2.4690,-3.0863,-3.0863,-3.0863,-59.2570,-0.07425123,-14.1970,-12.9528,-47.5291,-48.7733,-0.05955568,-0.0611147,-0.00309380,14.5102,13.2415,-1.1870,-6.1726,-1.5055,79.8061,5.2000,36.6612,12.2951,7.7837,10.3271,18.4269,28.5403,35.4337,58.3482,10.2862,0.0,3.431131,5.650002,1.405059,16,25,9,2,0.22968952,-0.07734503,-0.69154930,0E-8,0.000000,0.862790,0.000000,0.79734637,2026-05-07,2026-07-29,10,41,40,84,0.119048,2.981778,2.526585,0.765632,,,,,,,,GLOBAL_BASELINE_NO_ENTITY_RANKING,,,NOT_APPLICABLE_GLOBAL_BASELINE,HF9g-P5,,,,X 全窗基线 · 不参与实体赏罚,3925848,393,A168_HF9F_20260827_0900,2026-08-27 09:00:00
2026-06-02,142064700,-1,1,32.6587291383,-14.1049708129,-14.1049708129,0E-7,3,2,0.50279863103448242,0.503299400000,-1.4221515640145073,-1.4235766693920513,-1.4221515640145073,-0.00050076896551758,SENTINEL_DEALER,R03b_20260811_FULL_v1,L1_ELIGIBILITY,v2026-08-11,2026-03-21..2026-08-06,baccarat_bet02_101_all_pairs_incl_sentinel,round_win = game_pnl > 0 (decisive only),COMPATIBILITY_ONLY_NOT_PRODUCTION,798.0609,688.5591,-61.7260,55,52,0.07734503,0.69154930,-0.10579707,0.07734503,61.7260,798.0609,OK,0.0000,-2.4690,4.0000,96.0000,AG03-UNRESOLVED,ALL5_LEVELS_bet23_to_bet27,-2.4690,-2.4690,-3.0863,-3.0863,-3.0863,4.000000,4.000000,5.000000,5.000000,5.000000,96.000000,96.000000,95.000000,95.000000,95.000000,5.0,-14.1970,-12.9528,-47.5291,-48.7733,PENDING_AG03,FALSE,NOT_FOR_ENFORCEMENT,-59.2570,661.0167,-61.7260,-59.2570,-2.4690,-0.07734503,-0.07425123,-2.4690,-59.2570,-0.07425123,-2.4690,-2.4690,-3.0863,-3.0863,-3.0863,-59.2570,-0.07425123,-14.1970,-12.9528,-47.5291,-48.7733,-0.05955568,-0.0611147,-0.00309380,14.5102,13.2415,-1.1870,-6.1726,-1.5055,79.8061,5.2000,36.6612,12.2951,7.7837,10.3271,18.4269,28.5403,35.4337,58.3482,10.2862,0.0,3.431131,5.650002,1.405059,16,25,9,2,0.22968952,-0.07734503,-0.69154930,0E-8,0.000000,0.862790,0.000000,0.79734637,2026-05-07,2026-07-29,10,41,40,84,0.119048,2.981778,2.526585,0.765632,,,,,,,,GLOBAL_BASELINE_NO_ENTITY_RANKING,,,NOT_APPLICABLE_GLOBAL_BASELINE,HF9g-P5,,,,X 全窗基线 · 不参与实体赏罚,3925849,393,A168_HF9F_20260827_0900,2026-08-27 09:00:00
2026-06-02,142064700,1210,0,10.2862139018,-10.2862139018,-10.2862139018,0E-7,1,1,0.49324550000000000,0.493245500000,-0.9865810262130424,-0.9865810262130424,-0.9865810262130424,0E-17,ELIGIBLE,R03b_20260811_FULL_v1,L1_ELIGIBILITY,v2026-08-11,2026-03-21..2026-08-06,baccarat_bet02_101_all_pairs_incl_sentinel,round_win = game_pnl > 0 (decisive only),COMPATIBILITY_ONLY_NOT_PRODUCTION,798.0609,688.5591,-61.7260,55,52,0.07734503,0.69154930,-0.10579707,0.07734503,61.7260,798.0609,OK,0.0000,-2.4690,4.0000,96.0000,AG03-UNRESOLVED,ALL5_LEVELS_bet23_to_bet27,-2.4690,-2.4690,-3.0863,-3.0863,-3.0863,4.000000,4.000000,5.000000,5.000000,5.000000,96.000000,96.000000,95.000000,95.000000,95.000000,5.0,-14.1970,-12.9528,-47.5291,-48.7733,PENDING_AG03,FALSE,NOT_FOR_ENFORCEMENT,-59.2570,661.0167,-61.7260,-59.2570,-2.4690,-0.07734503,-0.07425123,-2.4690,-59.2570,-0.07425123,-2.4690,-2.4690,-3.0863,-3.0863,-3.0863,-59.2570,-0.07425123,-14.1970,-12.9528,-47.5291,-48.7733,-0.05955568,-0.0611147,-0.00309380,14.5102,13.2415,-1.1870,-6.1726,-1.5055,79.8061,5.2000,36.6612,12.2951,7.7837,10.3271,18.4269,28.5403,35.4337,58.3482,10.2862,0.0,3.431131,5.650002,1.405059,16,25,9,2,0.22968952,-0.07734503,-0.69154930,0E-8,0.000000,0.862790,0.000000,0.79734637,2026-05-07,2026-07-29,10,41,40,84,0.119048,2.981778,2.526585,0.765632,,,,,,,,GLOBAL_BASELINE_NO_ENTITY_RANKING,,,NOT_APPLICABLE_GLOBAL_BASELINE,HF9g-P5,,,,X 全窗基线 · 不参与实体赏罚,3925850,393,A168_HF9F_20260827_0900,2026-08-27 09:00:00
2026-06-02,142064700,1507,0,39.0876128269,17.0751150770,17.0751150770,0.5000000,3,2,0.50329940000000000,0.503299400000,-0.009332315641528947,-0.009332315641528947,-0.009332315641528947,0E-17,ELIGIBLE,R03b_20260811_FULL_v1,L1_ELIGIBILITY,v2026-08-11,2026-03-21..2026-08-06,baccarat_bet02_101_all_pairs_incl_sentinel,round_win = game_pnl > 0 (decisive only),COMPATIBILITY_ONLY_NOT_PRODUCTION,798.0609,688.5591,-61.7260,55,52,0.07734503,0.69154930,-0.10579707,0.07734503,61.7260,798.0609,OK,0.0000,-2.4690,4.0000,96.0000,AG03-UNRESOLVED,ALL5_LEVELS_bet23_to_bet27,-2.4690,-2.4690,-3.0863,-3.0863,-3.0863,4.000000,4.000000,5.000000,5.000000,5.000000,96.000000,96.000000,95.000000,95.000000,95.000000,5.0,-14.1970,-12.9528,-47.5291,-48.7733,PENDING_AG03,FALSE,NOT_FOR_ENFORCEMENT,-59.2570,661.0167,-61.7260,-59.2570,-2.4690,-0.07734503,-0.07425123,-2.4690,-59.2570,-0.07425123,-2.4690,-2.4690,-3.0863,-3.0863,-3.0863,-59.2570,-0.07425123,-14.1970,-12.9528,-47.5291,-48.7733,-0.05955568,-0.0611147,-0.00309380,14.5102,13.2415,-1.1870,-6.1726,-1.5055,79.8061,5.2000,36.6612,12.2951,7.7837,10.3271,18.4269,28.5403,35.4337,58.3482,10.2862,0.0,3.431131,5.650002,1.405059,16,25,9,2,0.22968952,-0.07734503,-0.69154930,0E-8,0.000000,0.862790,0.000000,0.79734637,2026-05-07,2026-07-29,10,41,40,84,0.119048,2.981778,2.526585,0.765632,,,,,,,,GLOBAL_BASELINE_NO_ENTITY_RANKING,,,NOT_APPLICABLE_GLOBAL_BASELINE,HF9g-P5,,,,X 全窗基线 · 不参与实体赏罚,3925851,393,A168_HF9F_20260827_0900,2026-08-27 09:00:00
2026-06-02,142064700,2088,0,10.2862139018,-10.2862139018,-10.2862139018,0E-7,1,1,0.50665070000000000,0.506650700000,-1.013391052207602,-1.013391052207602,-1.013391052207602,0E-17,ELIGIBLE,R03b_20260811_FULL_v1,L1_ELIGIBILITY,v2026-08-11,2026-03-21..2026-08-06,baccarat_bet02_101_all_pairs_incl_sentinel,round_win = game_pnl > 0 (decisive only),COMPATIBILITY_ONLY_NOT_PRODUCTION,798.0609,688.5591,-61.7260,55,52,0.07734503,0.69154930,-0.10579707,0.07734503,61.7260,798.0609,OK,0.0000,-2.4690,4.0000,96.0000,AG03-UNRESOLVED,ALL5_LEVELS_bet23_to_bet27,-2.4690,-2.4690,-3.0863,-3.0863,-3.0863,4.000000,4.000000,5.000000,5.000000,5.000000,96.000000,96.000000,95.000000,95.000000,95.000000,5.0,-14.1970,-12.9528,-47.5291,-48.7733,PENDING_AG03,FALSE,NOT_FOR_ENFORCEMENT,-59.2570,661.0167,-61.7260,-59.2570,-2.4690,-0.07734503,-0.07425123,-2.4690,-59.2570,-0.07425123,-2.4690,-2.4690,-3.0863,-3.0863,-3.0863,-59.2570,-0.07425123,-14.1970,-12.9528,-47.5291,-48.7733,-0.05955568,-0.0611147,-0.00309380,14.5102,13.2415,-1.1870,-6.1726,-1.5055,79.8061,5.2000,36.6612,12.2951,7.7837,10.3271,18.4269,28.5403,35.4337,58.3482,10.2862,0.0,3.431131,5.650002,1.405059,16,25,9,2,0.22968952,-0.07734503,-0.69154930,0E-8,0.000000,0.862790,0.000000,0.79734637,2026-05-07,2026-07-29,10,41,40,84,0.119048,2.981778,2.526585,0.765632,,,,,,,,GLOBAL_BASELINE_NO_ENTITY_RANKING,,,NOT_APPLICABLE_GLOBAL_BASELINE,HF9g-P5,,,,X 全窗基线 · 不参与实体赏罚,3925852,393,A168_HF9F_20260827_0900,2026-08-27 09:00:00
2026-06-02,142064700,2174,0,36.0017486564,-36.0017486564,-36.0017486564,0E-7,1,1,0.50665070000000000,0.506650700000,-1.013391052207602,-1.013391052207602,-1.013391052207602,0E-17,ELIGIBLE,R03b_20260811_FULL_v1,L1_ELIGIBILITY,v2026-08-11,2026-03-21..2026-08-06,baccarat_bet02_101_all_pairs_incl_sentinel,round_win = game_pnl > 0 (decisive only),COMPATIBILITY_ONLY_NOT_PRODUCTION,798.0609,688.5591,-61.7260,55,52,0.07734503,0.69154930,-0.10579707,0.07734503,61.7260,798.0609,OK,0.0000,-2.4690,4.0000,96.0000,AG03-UNRESOLVED,ALL5_LEVELS_bet23_to_bet27,-2.4690,-2.4690,-3.0863,-3.0863,-3.0863,4.000000,4.000000,5.000000,5.000000,5.000000,96.000000,96.000000,95.000000,95.000000,95.000000,5.0,-14.1970,-12.9528,-47.5291,-48.7733,PENDING_AG03,FALSE,NOT_FOR_ENFORCEMENT,-59.2570,661.0167,-61.7260,-59.2570,-2.4690,-0.07734503,-0.07425123,-2.4690,-59.2570,-0.07425123,-2.4690,-2.4690,-3.0863,-3.0863,-3.0863,-59.2570,-0.07425123,-14.1970,-12.9528,-47.5291,-48.7733,-0.05955568,-0.0611147,-0.00309380,14.5102,13.2415,-1.1870,-6.1726,-1.5055,79.8061,5.2000,36.6612,12.2951,7.7837,10.3271,18.4269,28.5403,35.4337,58.3482,10.2862,0.0,3.431131,5.650002,1.405059,16,25,9,2,0.22968952,-0.07734503,-0.69154930,0E-8,0.000000,0.862790,0.000000,0.79734637,2026-05-07,2026-07-29,10,41,40,84,0.119048,2.981778,2.526585,0.765632,,,,,,,,GLOBAL_BASELINE_NO_ENTITY_RANKING,,,NOT_APPLICABLE_GLOBAL_BASELINE,HF9g-P5,,,,X 全窗基线 · 不参与实体赏罚,3925853,393,A168_HF9F_20260827_0900,2026-08-27 09:00:00
2026-06-02,142064700,2175,0,5.1431069509,-5.1431069509,-5.1431069509,0E-7,1,1,0.50665070000000000,0.506650700000,-1.013391052207602,-1.013391052207602,-1.013391052207602,0E-17,ELIGIBLE,R03b_20260811_FULL_v1,L1_ELIGIBILITY,v2026-08-11,2026-03-21..2026-08-06,baccarat_bet02_101_all_pairs_incl_sentinel,round_win = game_pnl > 0 (decisive only),COMPATIBILITY_ONLY_NOT_PRODUCTION,798.0609,688.5591,-61.7260,55,52,0.07734503,0.69154930,-0.10579707,0.07734503,61.7260,798.0609,OK,0.0000,-2.4690,4.0000,96.0000,AG03-UNRESOLVED,ALL5_LEVELS_bet23_to_bet27,-2.4690,-2.4690,-3.0863,-3.0863,-3.0863,4.000000,4.000000,5.000000,5.000000,5.000000,96.000000,96.000000,95.000000,95.000000,95.000000,5.0,-14.1970,-12.9528,-47.5291,-48.7733,PENDING_AG03,FALSE,NOT_FOR_ENFORCEMENT,-59.2570,661.0167,-61.7260,-59.2570,-2.4690,-0.07734503,-0.07425123,-2.4690,-59.2570,-0.07425123,-2.4690,-2.4690,-3.0863,-3.0863,-3.0863,-59.2570,-0.07425123,-14.1970,-12.9528,-47.5291,-48.7733,-0.05955568,-0.0611147,-0.00309380,14.5102,13.2415,-1.1870,-6.1726,-1.5055,79.8061,5.2000,36.6612,12.2951,7.7837,10.3271,18.4269,28.5403,35.4337,58.3482,10.2862,0.0,3.431131,5.650002,1.405059,16,25,9,2,0.22968952,-0.07734503,-0.69154930,0E-8,0.000000,0.862790,0.000000,0.79734637,2026-05-07,2026-07-29,10,41,40,84,0.119048,2.981778,2.526585,0.765632,,,,,,,,GLOBAL_BASELINE_NO_ENTITY_RANKING,,,NOT_APPLICABLE_GLOBAL_BASELINE,HF9g-P5,,,,X 全窗基线 · 不参与实体赏罚,3925854,393,A168_HF9F_20260827_0900,2026-08-27 09:00:00
2026-07-01,142064700,-1,1,25.8177781220,-15.7488446544,-15.7488446544,0.2500000,4,4,0.50665070000000000,0.506650700000,-1.0266936290537745,-1.0266936290537745,-1.0266936290537745,0E-17,SENTINEL_DEALER,R03b_20260811_FULL_v1,L1_ELIGIBILITY,v2026-08-11,2026-03-21..2026-08-06,baccarat_bet02_101_all_pairs_incl_sentinel,round_win = game_pnl > 0 (decisive only),COMPATIBILITY_ONLY_NOT_PRODUCTION,798.0609,688.5591,-61.7260,55,52,0.07734503,0.69154930,-0.10579707,0.07734503,61.7260,798.0609,OK,0.0000,-2.4690,4.0000,96.0000,AG03-UNRESOLVED,ALL5_LEVELS_bet23_to_bet27,-2.4690,-2.4690,-3.0863,-3.0863,-3.0863,4.000000,4.000000,5.000000,5.000000,5.000000,96.000000,96.000000,95.000000,95.000000,95.000000,5.0,-14.1970,-12.9528,-47.5291,-48.7733,PENDING_AG03,FALSE,NOT_FOR_ENFORCEMENT,-59.2570,661.0167,-61.7260,-59.2570,-2.4690,-0.07734503,-0.07425123,-2.4690,-59.2570,-0.07425123,-2.4690,-2.4690,-3.0863,-3.0863,-3.0863,-59.2570,-0.07425123,-14.1970,-12.9528,-47.5291,-48.7733,-0.05955568,-0.0611147,-0.00309380,14.5102,13.2415,-1.1870,-6.1726,-1.5055,79.8061,5.2000,36.6612,12.2951,7.7837,10.3271,18.4269,28.5403,35.4337,58.3482,10.2862,0.0,3.431131,5.650002,1.405059,16,25,9,2,0.22968952,-0.07734503,-0.69154930,0E-8,0.000000,0.862790,0.000000,0.79734637,2026-05-07,2026-07-29,10,41,40,84,0.119048,2.981778,2.526585,0.765632,,,,,,,,GLOBAL_BASELINE_NO_ENTITY_RANKING,,,NOT_APPLICABLE_GLOBAL_BASELINE,HF9g-P5,,,,X 全窗基线 · 不参与实体赏罚,3925855,393,A168_HF9F_20260827_0900,2026-08-27 09:00:00
2026-07-01,142064700,1325,0,25.8177781220,-25.8177781220,-25.8177781220,0E-7,1,1,0.50665070000000000,0.506650700000,-1.013391052207602,-1.013391052207602,-1.013391052207602,0E-17,ELIGIBLE,R03b_20260811_FULL_v1,L1_ELIGIBILITY,v2026-08-11,2026-03-21..2026-08-06,baccarat_bet02_101_all_pairs_incl_sentinel,round_win = game_pnl > 0 (decisive only),COMPATIBILITY_ONLY_NOT_PRODUCTION,798.0609,688.5591,-61.7260,55,52,0.07734503,0.69154930,-0.10579707,0.07734503,61.7260,798.0609,OK,0.0000,-2.4690,4.0000,96.0000,AG03-UNRESOLVED,ALL5_LEVELS_bet23_to_bet27,-2.4690,-2.4690,-3.0863,-3.0863,-3.0863,4.000000,4.000000,5.000000,5.000000,5.000000,96.000000,96.000000,95.000000,95.000000,95.000000,5.0,-14.1970,-12.9528,-47.5291,-48.7733,PENDING_AG03,FALSE,NOT_FOR_ENFORCEMENT,-59.2570,661.0167,-61.7260,-59.2570,-2.4690,-0.07734503,-0.07425123,-2.4690,-59.2570,-0.07425123,-2.4690,-2.4690,-3.0863,-3.0863,-3.0863,-59.2570,-0.07425123,-14.1970,-12.9528,-47.5291,-48.7733,-0.05955568,-0.0611147,-0.00309380,14.5102,13.2415,-1.1870,-6.1726,-1.5055,79.8061,5.2000,36.6612,12.2951,7.7837,10.3271,18.4269,28.5403,35.4337,58.3482,10.2862,0.0,3.431131,5.650002,1.405059,16,25,9,2,0.22968952,-0.07734503,-0.69154930,0E-8,0.000000,0.862790,0.000000,0.79734637,2026-05-07,2026-07-29,10,41,40,84,0.119048,2.981778,2.526585,0.765632,,,,,,,,GLOBAL_BASELINE_NO_ENTITY_RANKING,,,NOT_APPLICABLE_GLOBAL_BASELINE,HF9g-P5,,,,X 全窗基线 · 不参与实体赏罚,3925856,393,A168_HF9F_20260827_0900,2026-08-27 09:00:00
2026-07-01,142064700,1330,0,5.1635556244,5.1635556244,5.1635556244,1.0000000,1,1,0.49324550000000000,0.493245500000,1.01360149184955,1.01360149184955,1.01360149184955,0E-17,ELIGIBLE,R03b_20260811_FULL_v1,L1_ELIGIBILITY,v2026-08-11,2026-03-21..2026-08-06,baccarat_bet02_101_all_pairs_incl_sentinel,round_win = game_pnl > 0 (decisive only),COMPATIBILITY_ONLY_NOT_PRODUCTION,798.0609,688.5591,-61.7260,55,52,0.07734503,0.69154930,-0.10579707,0.07734503,61.7260,798.0609,OK,0.0000,-2.4690,4.0000,96.0000,AG03-UNRESOLVED,ALL5_LEVELS_bet23_to_bet27,-2.4690,-2.4690,-3.0863,-3.0863,-3.0863,4.000000,4.000000,5.000000,5.000000,5.000000,96.000000,96.000000,95.000000,95.000000,95.000000,5.0,-14.1970,-12.9528,-47.5291,-48.7733,PENDING_AG03,FALSE,NOT_FOR_ENFORCEMENT,-59.2570,661.0167,-61.7260,-59.2570,-2.4690,-0.07734503,-0.07425123,-2.4690,-59.2570,-0.07425123,-2.4690,-2.4690,-3.0863,-3.0863,-3.0863,-59.2570,-0.07425123,-14.1970,-12.9528,-47.5291,-48.7733,-0.05955568,-0.0611147,-0.00309380,14.5102,13.2415,-1.1870,-6.1726,-1.5055,79.8061,5.2000,36.6612,12.2951,7.7837,10.3271,18.4269,28.5403,35.4337,58.3482,10.2862,0.0,3.431131,5.650002,1.405059,16,25,9,2,0.22968952,-0.07734503,-0.69154930,0E-8,0.000000,0.862790,0.000000,0.79734637,2026-05-07,2026-07-29,10,41,40,84,0.119048,2.981778,2.526585,0.765632,,,,,,,,GLOBAL_BASELINE_NO_ENTITY_RANKING,,,NOT_APPLICABLE_GLOBAL_BASELINE,HF9g-P5,,,,X 全窗基线 · 不参与实体赏罚,3925857,393,A168_HF9F_20260827_0900,2026-08-27 09:00:00
2026-07-01,142064700,1935,0,20.6542224976,0E-10,0E-10,0.5000000,3,3,0.50218230000000000,0.502182300000,-0.00617253530718887,-0.00617253530718887,-0.00617253530718887,0E-17,ELIGIBLE,R03b_20260811_FULL_v1,L1_ELIGIBILITY,v2026-08-11,2026-03-21..2026-08-06,baccarat_bet02_101_all_pairs_incl_sentinel,round_win = game_pnl > 0 (decisive only),COMPATIBILITY_ONLY_NOT_PRODUCTION,798.0609,688.5591,-61.7260,55,52,0.07734503,0.69154930,-0.10579707,0.07734503,61.7260,798.0609,OK,0.0000,-2.4690,4.0000,96.0000,AG03-UNRESOLVED,ALL5_LEVELS_bet23_to_bet27,-2.4690,-2.4690,-3.0863,-3.0863,-3.0863,4.000000,4.000000,5.000000,5.000000,5.000000,96.000000,96.000000,95.000000,95.000000,95.000000,5.0,-14.1970,-12.9528,-47.5291,-48.7733,PENDING_AG03,FALSE,NOT_FOR_ENFORCEMENT,-59.2570,661.0167,-61.7260,-59.2570,-2.4690,-0.07734503,-0.07425123,-2.4690,-59.2570,-0.07425123,-2.4690,-2.4690,-3.0863,-3.0863,-3.0863,-59.2570,-0.07425123,-14.1970,-12.9528,-47.5291,-48.7733,-0.05955568,-0.0611147,-0.00309380,14.5102,13.2415,-1.1870,-6.1726,-1.5055,79.8061,5.2000,36.6612,12.2951,7.7837,10.3271,18.4269,28.5403,35.4337,58.3482,10.2862,0.0,3.431131,5.650002,1.405059,16,25,9,2,0.22968952,-0.07734503,-0.69154930,0E-8,0.000000,0.862790,0.000000,0.79734637,2026-05-07,2026-07-29,10,41,40,84,0.119048,2.981778,2.526585,0.765632,,,,,,,,GLOBAL_BASELINE_NO_ENTITY_RANKING,,,NOT_APPLICABLE_GLOBAL_BASELINE,HF9g-P5,,,,X 全窗基线 · 不参与实体赏罚,3925858,393,A168_HF9F_20260827_0900,2026-08-27 09:00:00
2026-07-01,142064700,2093,0,7.7453334366,7.7453334366,7.7453334366,1.0000000,1,1,0.49324550000000000,0.493245500000,1.01360149184955,1.01360149184955,1.01360149184955,0E-17,ELIGIBLE,R03b_20260811_FULL_v1,L1_ELIGIBILITY,v2026-08-11,2026-03-21..2026-08-06,baccarat_bet02_101_all_pairs_incl_sentinel,round_win = game_pnl > 0 (decisive only),COMPATIBILITY_ONLY_NOT_PRODUCTION,798.0609,688.5591,-61.7260,55,52,0.07734503,0.69154930,-0.10579707,0.07734503,61.7260,798.0609,OK,0.0000,-2.4690,4.0000,96.0000,AG03-UNRESOLVED,ALL5_LEVELS_bet23_to_bet27,-2.4690,-2.4690,-3.0863,-3.0863,-3.0863,4.000000,4.000000,5.000000,5.000000,5.000000,96.000000,96.000000,95.000000,95.000000,95.000000,5.0,-14.1970,-12.9528,-47.5291,-48.7733,PENDING_AG03,FALSE,NOT_FOR_ENFORCEMENT,-59.2570,661.0167,-61.7260,-59.2570,-2.4690,-0.07734503,-0.07425123,-2.4690,-59.2570,-0.07425123,-2.4690,-2.4690,-3.0863,-3.0863,-3.0863,-59.2570,-0.07425123,-14.1970,-12.9528,-47.5291,-48.7733,-0.05955568,-0.0611147,-0.00309380,14.5102,13.2415,-1.1870,-6.1726,-1.5055,79.8061,5.2000,36.6612,12.2951,7.7837,10.3271,18.4269,28.5403,35.4337,58.3482,10.2862,0.0,3.431131,5.650002,1.405059,16,25,9,2,0.22968952,-0.07734503,-0.69154930,0E-8,0.000000,0.862790,0.000000,0.79734637,2026-05-07,2026-07-29,10,41,40,84,0.119048,2.981778,2.526585,0.765632,,,,,,,,GLOBAL_BASELINE_NO_ENTITY_RANKING,,,NOT_APPLICABLE_GLOBAL_BASELINE,HF9g-P5,,,,X 全窗基线 · 不参与实体赏罚,3925859,393,A168_HF9F_20260827_0900,2026-08-27 09:00:00
2026-07-01,142064700,2117,0,10.3271112488,-10.3271112488,-10.3271112488,0E-7,1,1,0.49324550000000000,0.493245500000,-0.9865810262130424,-0.9865810262130424,-0.9865810262130424,0E-17,ELIGIBLE,R03b_20260811_FULL_v1,L1_ELIGIBILITY,v2026-08-11,2026-03-21..2026-08-06,baccarat_bet02_101_all_pairs_incl_sentinel,round_win = game_pnl > 0 (decisive only),COMPATIBILITY_ONLY_NOT_PRODUCTION,798.0609,688.5591,-61.7260,55,52,0.07734503,0.69154930,-0.10579707,0.07734503,61.7260,798.0609,OK,0.0000,-2.4690,4.0000,96.0000,AG03-UNRESOLVED,ALL5_LEVELS_bet23_to_bet27,-2.4690,-2.4690,-3.0863,-3.0863,-3.0863,4.000000,4.000000,5.000000,5.000000,5.000000,96.000000,96.000000,95.000000,95.000000,95.000000,5.0,-14.1970,-12.9528,-47.5291,-48.7733,PENDING_AG03,FALSE,NOT_FOR_ENFORCEMENT,-59.2570,661.0167,-61.7260,-59.2570,-2.4690,-0.07734503,-0.07425123,-2.4690,-59.2570,-0.07425123,-2.4690,-2.4690,-3.0863,-3.0863,-3.0863,-59.2570,-0.07425123,-14.1970,-12.9528,-47.5291,-48.7733,-0.05955568,-0.0611147,-0.00309380,14.5102,13.2415,-1.1870,-6.1726,-1.5055,79.8061,5.2000,36.6612,12.2951,7.7837,10.3271,18.4269,28.5403,35.4337,58.3482,10.2862,0.0,3.431131,5.650002,1.405059,16,25,9,2,0.22968952,-0.07734503,-0.69154930,0E-8,0.000000,0.862790,0.000000,0.79734637,2026-05-07,2026-07-29,10,41,40,84,0.119048,2.981778,2.526585,0.765632,,,,,,,,GLOBAL_BASELINE_NO_ENTITY_RANKING,,,NOT_APPLICABLE_GLOBAL_BASELINE,HF9g-P5,,,,X 全窗基线 · 不参与实体赏罚,3925860,393,A168_HF9F_20260827_0900,2026-08-27 09:00:00
2026-07-01,142064700,2209,0,51.6355562440,-10.8434668112,-10.8434668112,0.5000000,3,3,0.50665070000000000,0.506650700000,-0.018812684590367487,-0.018812684590367487,-0.018812684590367487,0E-17,ELIGIBLE,R03b_20260811_FULL_v1,L1_ELIGIBILITY,v2026-08-11,2026-03-21..2026-08-06,baccarat_bet02_101_all_pairs_incl_sentinel,round_win = game_pnl > 0 (decisive only),COMPATIBILITY_ONLY_NOT_PRODUCTION,798.0609,688.5591,-61.7260,55,52,0.07734503,0.69154930,-0.10579707,0.07734503,61.7260,798.0609,OK,0.0000,-2.4690,4.0000,96.0000,AG03-UNRESOLVED,ALL5_LEVELS_bet23_to_bet27,-2.4690,-2.4690,-3.0863,-3.0863,-3.0863,4.000000,4.000000,5.000000,5.000000,5.000000,96.000000,96.000000,95.000000,95.000000,95.000000,5.0,-14.1970,-12.9528,-47.5291,-48.7733,PENDING_AG03,FALSE,NOT_FOR_ENFORCEMENT,-59.2570,661.0167,-61.7260,-59.2570,-2.4690,-0.07734503,-0.07425123,-2.4690,-59.2570,-0.07425123,-2.4690,-2.4690,-3.0863,-3.0863,-3.0863,-59.2570,-0.07425123,-14.1970,-12.9528,-47.5291,-48.7733,-0.05955568,-0.0611147,-0.00309380,14.5102,13.2415,-1.1870,-6.1726,-1.5055,79.8061,5.2000,36.6612,12.2951,7.7837,10.3271,18.4269,28.5403,35.4337,58.3482,10.2862,0.0,3.431131,5.650002,1.405059,16,25,9,2,0.22968952,-0.07734503,-0.69154930,0E-8,0.000000,0.862790,0.000000,0.79734637,2026-05-07,2026-07-29,10,41,40,84,0.119048,2.981778,2.526585,0.765632,,,,,,,,GLOBAL_BASELINE_NO_ENTITY_RANKING,,,NOT_APPLICABLE_GLOBAL_BASELINE,HF9g-P5,,,,X 全窗基线 · 不参与实体赏罚,3925861,393,A168_HF9F_20260827_0900,2026-08-27 09:00:00
2026-07-01,142064700,2281,0,10.3271112488,-10.3271112488,-10.3271112488,0E-7,1,1,0.50665070000000000,0.506650700000,-1.013391052207602,-1.013391052207602,-1.013391052207602,0E-17,ELIGIBLE,R03b_20260811_FULL_v1,L1_ELIGIBILITY,v2026-08-11,2026-03-21..2026-08-06,baccarat_bet02_101_all_pairs_incl_sentinel,round_win = game_pnl > 0 (decisive only),COMPATIBILITY_ONLY_NOT_PRODUCTION,798.0609,688.5591,-61.7260,55,52,0.07734503,0.69154930,-0.10579707,0.07734503,61.7260,798.0609,OK,0.0000,-2.4690,4.0000,96.0000,AG03-UNRESOLVED,ALL5_LEVELS_bet23_to_bet27,-2.4690,-2.4690,-3.0863,-3.0863,-3.0863,4.000000,4.000000,5.000000,5.000000,5.000000,96.000000,96.000000,95.000000,95.000000,95.000000,5.0,-14.1970,-12.9528,-47.5291,-48.7733,PENDING_AG03,FALSE,NOT_FOR_ENFORCEMENT,-59.2570,661.0167,-61.7260,-59.2570,-2.4690,-0.07734503,-0.07425123,-2.4690,-59.2570,-0.07425123,-2.4690,-2.4690,-3.0863,-3.0863,-3.0863,-59.2570,-0.07425123,-14.1970,-12.9528,-47.5291,-48.7733,-0.05955568,-0.0611147,-0.00309380,14.5102,13.2415,-1.1870,-6.1726,-1.5055,79.8061,5.2000,36.6612,12.2951,7.7837,10.3271,18.4269,28.5403,35.4337,58.3482,10.2862,0.0,3.431131,5.650002,1.405059,16,25,9,2,0.22968952,-0.07734503,-0.69154930,0E-8,0.000000,0.862790,0.000000,0.79734637,2026-05-07,2026-07-29,10,41,40,84,0.119048,2.981778,2.526585,0.765632,,,,,,,,GLOBAL_BASELINE_NO_ENTITY_RANKING,,,NOT_APPLICABLE_GLOBAL_BASELINE,HF9g-P5,,,,X 全窗基线 · 不参与实体赏罚,3925862,393,A168_HF9F_20260827_0900,2026-08-27 09:00:00
2026-07-25,142064700,1957,0,59.3808896806,56.4118451966,56.4118451966,1.0000000,1,1,0.50665070000000000,0.506650700000,0.9867858985152569,0.9867858985152569,0.9867858985152569,0E-17,ELIGIBLE,R03b_20260811_FULL_v1,L1_ELIGIBILITY,v2026-08-11,2026-03-21..2026-08-06,baccarat_bet02_101_all_pairs_incl_sentinel,round_win = game_pnl > 0 (decisive only),COMPATIBILITY_ONLY_NOT_PRODUCTION,798.0609,688.5591,-61.7260,55,52,0.07734503,0.69154930,-0.10579707,0.07734503,61.7260,798.0609,OK,0.0000,-2.4690,4.0000,96.0000,AG03-UNRESOLVED,ALL5_LEVELS_bet23_to_bet27,-2.4690,-2.4690,-3.0863,-3.0863,-3.0863,4.000000,4.000000,5.000000,5.000000,5.000000,96.000000,96.000000,95.000000,95.000000,95.000000,5.0,-14.1970,-12.9528,-47.5291,-48.7733,PENDING_AG03,FALSE,NOT_FOR_ENFORCEMENT,-59.2570,661.0167,-61.7260,-59.2570,-2.4690,-0.07734503,-0.07425123,-2.4690,-59.2570,-0.07425123,-2.4690,-2.4690,-3.0863,-3.0863,-3.0863,-59.2570,-0.07425123,-14.1970,-12.9528,-47.5291,-48.7733,-0.05955568,-0.0611147,-0.00309380,14.5102,13.2415,-1.1870,-6.1726,-1.5055,79.8061,5.2000,36.6612,12.2951,7.7837,10.3271,18.4269,28.5403,35.4337,58.3482,10.2862,0.0,3.431131,5.650002,1.405059,16,25,9,2,0.22968952,-0.07734503,-0.69154930,0E-8,0.000000,0.862790,0.000000,0.79734637,2026-05-07,2026-07-29,10,41,40,84,0.119048,2.981778,2.526585,0.765632,,,,,,,,GLOBAL_BASELINE_NO_ENTITY_RANKING,,,NOT_APPLICABLE_GLOBAL_BASELINE,HF9g-P5,,,,X 全窗基线 · 不参与实体赏罚,3925863,393,A168_HF9F_20260827_0900,2026-08-27 09:00:00
2026-07-25,142064700,2239,0,33.5631115586,33.5631115586,33.5631115586,1.0000000,1,1,0.49324550000000000,0.493245500000,1.01360149184955,1.01360149184955,1.01360149184955,0E-17,ELIGIBLE,R03b_20260811_FULL_v1,L1_ELIGIBILITY,v2026-08-11,2026-03-21..2026-08-06,baccarat_bet02_101_all_pairs_incl_sentinel,round_win = game_pnl > 0 (decisive only),COMPATIBILITY_ONLY_NOT_PRODUCTION,798.0609,688.5591,-61.7260,55,52,0.07734503,0.69154930,-0.10579707,0.07734503,61.7260,798.0609,OK,0.0000,-2.4690,4.0000,96.0000,AG03-UNRESOLVED,ALL5_LEVELS_bet23_to_bet27,-2.4690,-2.4690,-3.0863,-3.0863,-3.0863,4.000000,4.000000,5.000000,5.000000,5.000000,96.000000,96.000000,95.000000,95.000000,95.000000,5.0,-14.1970,-12.9528,-47.5291,-48.7733,PENDING_AG03,FALSE,NOT_FOR_ENFORCEMENT,-59.2570,661.0167,-61.7260,-59.2570,-2.4690,-0.07734503,-0.07425123,-2.4690,-59.2570,-0.07425123,-2.4690,-2.4690,-3.0863,-3.0863,-3.0863,-59.2570,-0.07425123,-14.1970,-12.9528,-47.5291,-48.7733,-0.05955568,-0.0611147,-0.00309380,14.5102,13.2415,-1.1870,-6.1726,-1.5055,79.8061,5.2000,36.6612,12.2951,7.7837,10.3271,18.4269,28.5403,35.4337,58.3482,10.2862,0.0,3.431131,5.650002,1.405059,16,25,9,2,0.22968952,-0.07734503,-0.69154930,0E-8,0.000000,0.862790,0.000000,0.79734637,2026-05-07,2026-07-29,10,41,40,84,0.119048,2.981778,2.526585,0.765632,,,,,,,,GLOBAL_BASELINE_NO_ENTITY_RANKING,,,NOT_APPLICABLE_GLOBAL_BASELINE,HF9g-P5,,,,X 全窗基线 · 不参与实体赏罚,3925864,393,A168_HF9F_20260827_0900,2026-08-27 09:00:00
2026-07-29,142064700,-1,1,25.8177781220,-25.8177781220,-25.8177781220,0E-7,1,1,0.50665070000000000,0.506650700000,-1.013391052207602,-1.013391052207602,-1.013391052207602,0E-17,SENTINEL_DEALER,R03b_20260811_FULL_v1,L1_ELIGIBILITY,v2026-08-11,2026-03-21..2026-08-06,baccarat_bet02_101_all_pairs_incl_sentinel,round_win = game_pnl > 0 (decisive only),COMPATIBILITY_ONLY_NOT_PRODUCTION,798.0609,688.5591,-61.7260,55,52,0.07734503,0.69154930,-0.10579707,0.07734503,61.7260,798.0609,OK,0.0000,-2.4690,4.0000,96.0000,AG03-UNRESOLVED,ALL5_LEVELS_bet23_to_bet27,-2.4690,-2.4690,-3.0863,-3.0863,-3.0863,4.000000,4.000000,5.000000,5.000000,5.000000,96.000000,96.000000,95.000000,95.000000,95.000000,5.0,-14.1970,-12.9528,-47.5291,-48.7733,PENDING_AG03,FALSE,NOT_FOR_ENFORCEMENT,-59.2570,661.0167,-61.7260,-59.2570,-2.4690,-0.07734503,-0.07425123,-2.4690,-59.2570,-0.07425123,-2.4690,-2.4690,-3.0863,-3.0863,-3.0863,-59.2570,-0.07425123,-14.1970,-12.9528,-47.5291,-48.7733,-0.05955568,-0.0611147,-0.00309380,14.5102,13.2415,-1.1870,-6.1726,-1.5055,79.8061,5.2000,36.6612,12.2951,7.7837,10.3271,18.4269,28.5403,35.4337,58.3482,10.2862,0.0,3.431131,5.650002,1.405059,16,25,9,2,0.22968952,-0.07734503,-0.69154930,0E-8,0.000000,0.862790,0.000000,0.79734637,2026-05-07,2026-07-29,10,41,40,84,0.119048,2.981778,2.526585,0.765632,,,,,,,,GLOBAL_BASELINE_NO_ENTITY_RANKING,,,NOT_APPLICABLE_GLOBAL_BASELINE,HF9g-P5,,,,X 全窗基线 · 不参与实体赏罚,3925865,393,A168_HF9F_20260827_0900,2026-08-27 09:00:00
2026-07-29,142064700,2196,0,64.5444453050,62.6081119459,62.6081119459,1.0000000,2,2,0.49994810000000000,0.499948100000,1.4143603653603398,1.4143603653603398,1.4143603653603398,0E-17,ELIGIBLE,R03b_20260811_FULL_v1,L1_ELIGIBILITY,v2026-08-11,2026-03-21..2026-08-06,baccarat_bet02_101_all_pairs_incl_sentinel,round_win = game_pnl > 0 (decisive only),COMPATIBILITY_ONLY_NOT_PRODUCTION,798.0609,688.5591,-61.7260,55,52,0.07734503,0.69154930,-0.10579707,0.07734503,61.7260,798.0609,OK,0.0000,-2.4690,4.0000,96.0000,AG03-UNRESOLVED,ALL5_LEVELS_bet23_to_bet27,-2.4690,-2.4690,-3.0863,-3.0863,-3.0863,4.000000,4.000000,5.000000,5.000000,5.000000,96.000000,96.000000,95.000000,95.000000,95.000000,5.0,-14.1970,-12.9528,-47.5291,-48.7733,PENDING_AG03,FALSE,NOT_FOR_ENFORCEMENT,-59.2570,661.0167,-61.7260,-59.2570,-2.4690,-0.07734503,-0.07425123,-2.4690,-59.2570,-0.07425123,-2.4690,-2.4690,-3.0863,-3.0863,-3.0863,-59.2570,-0.07425123,-14.1970,-12.9528,-47.5291,-48.7733,-0.05955568,-0.0611147,-0.00309380,14.5102,13.2415,-1.1870,-6.1726,-1.5055,79.8061,5.2000,36.6612,12.2951,7.7837,10.3271,18.4269,28.5403,35.4337,58.3482,10.2862,0.0,3.431131,5.650002,1.405059,16,25,9,2,0.22968952,-0.07734503,-0.69154930,0E-8,0.000000,0.862790,0.000000,0.79734637,2026-05-07,2026-07-29,10,41,40,84,0.119048,2.981778,2.526585,0.765632,,,,,,,,GLOBAL_BASELINE_NO_ENTITY_RANKING,,,NOT_APPLICABLE_GLOBAL_BASELINE,HF9g-P5,,,,X 全窗基线 · 不参与实体赏罚,3925866,393,A168_HF9F_20260827_0900,2026-08-27 09:00:00
2026-03-31,148018646,-1,1,114.2796956053,61.0896068673,61.0896068673,0.8000000,6,6,0.49771390000000000,0.497713900000,1.3518786671008958,1.3518786671008955,1.3518786671008958,0E-17,SENTINEL_DEALER,R03b_20260811_FULL_v1,L1_ELIGIBILITY,v2026-08-11,2026-03-21..2026-08-06,baccarat_bet02_101_all_pairs_incl_sentinel,round_win = game_pnl > 0 (decisive only),COMPATIBILITY_ONLY_NOT_PRODUCTION,114.2797,103.7470,-61.0896,6,6,0.53456221,,0.53456221,0.53456221,61.0896,114.2797,THIN_EXPOSURE,0.0000,-1.8327,3.0000,97.0000,AG03-UNRESOLVED,ALL5_LEVELS_bet23_to_bet27,-1.8327,-1.8327,-1.8327,-2.4436,-2.4436,3.000000,3.000000,3.000000,4.000000,4.000000,97.000000,97.000000,97.000000,96.000000,96.000000,5.0,-10.3852,-9.706,-50.7044,-51.3837,PENDING_AG03,FALSE,NOT_FOR_ENFORCEMENT,-59.2569,100.6346,-61.0896,-59.2569,-1.8327,-0.53456221,-0.51852535,-1.8327,-59.2569,-0.51852535,-1.8327,-1.8327,-1.8327,-2.4436,-2.4436,-59.2569,-0.51852535,-10.3852,-9.706,-50.7044,-51.3837,-0.44368664,-0.44963067,-0.01603687,19.0466,17.2912,-10.1816,-61.0896,-15.2724,114.2797,6.0000,,19.0466,10.5327,18.1689,21.0654,34.3366,35.8111,35.8111,18.1689,13.9558,1.971015,1.971015,1.048309,4,1,1,2,0E-8,-0.53456221,,0E-8,0.000000,0.907834,0.000000,,2026-03-31,2026-03-31,1,4,4,1,1.000000,,,0.000000,,,,,,,,GLOBAL_BASELINE_NO_ENTITY_RANKING,,,NOT_APPLICABLE_GLOBAL_BASELINE,HF9g-P5,,,,X 全窗基线 · 不参与实体赏罚,3925867,393,A168_HF9F_20260827_0900,2026-08-27 09:00:00
2026-07-14,127359773,595,0,220.7415280221,61.7258717246,61.7258717246,0.5714286,9,9,0.50665070000000000,0.506650700000,0.34280260342128577,0.34280260342128577,0.34280260342128577,0E-17,ELIGIBLE,R03b_20260811_FULL_v1,L1_ELIGIBILITY,v2026-08-11,2026-03-21..2026-08-06,baccarat_bet02_101_all_pairs_incl_sentinel,round_win = game_pnl > 0 (decisive only),COMPATIBILITY_ONLY_NOT_PRODUCTION,220.7415,161.4683,-61.7259,9,9,0.27962963,0.27962963,,0.27962963,61.7259,220.7415,THIN_EXPOSURE,0.0000,-2.4690,4.0000,96.0000,AG03-UNRESOLVED,ALL5_LEVELS_bet23_to_bet27,-2.4690,-2.4690,-3.0863,0.0000,0.0000,4.000000,4.000000,5.000000,0.000000,0.000000,96.000000,96.000000,95.000000,100.000000,100.000000,5.0,-8.0244,-7.6836,-53.7015,-54.0422,PENDING_AG03,FALSE,NOT_FOR_ENFORCEMENT,-59.2568,155.0096,-61.7259,-59.2568,-2.4690,-0.27962963,-0.26844444,-2.4690,-59.2568,-0.26844444,-2.4690,-2.4690,-3.0863,0.0000,0.0000,-59.2568,-0.26844444,-8.0244,-7.6836,-53.7015,-54.0422,-0.24327778,-0.24482133,-0.01118519,24.5268,17.9409,-6.8584,-61.7259,-61.7259,220.7415,9.0000,24.5268,,17.3732,18.3951,40.8781,40.8781,40.8781,40.8781,18.3951,0.0,2.222222,2.222222,1.333333,1,1,1,1,1.00000000,-0.27962963,-0.27962963,0E-8,0.000000,0.731481,0.000000,,2026-07-14,2026-07-14,1,1,1,1,1.000000,,1.000000,3.333333,,,,,,,,GLOBAL_BASELINE_NO_ENTITY_RANKING,,,NOT_APPLICABLE_GLOBAL_BASELINE,HF9g-P5,,,,X 全窗基线 · 不参与实体赏罚,3925868,393,A168_HF9F_20260827_0900,2026-08-27 09:00:00
2026-04-06,86150100,-1,1,37.9551344136,-12.4335785148,-12.4335785148,0.3333333,3,3,0.49771390000000000,0.497713900000,-0.5694369385616226,-0.5694369385616226,-0.5694369385616226,0E-17,SENTINEL_DEALER,R03b_20260811_FULL_v1,L1_ELIGIBILITY,v2026-08-11,2026-03-21..2026-08-06,baccarat_bet02_101_all_pairs_incl_sentinel,round_win = game_pnl > 0 (decisive only),COMPATIBILITY_ONLY_NOT_PRODUCTION,140.3031,133.7591,-61.7229,16,15,0.43992537,,0.43992537,0.43992537,61.7229,140.3031,THIN_EXPOSURE,0.0000,-2.4689,4.0000,96.0000,AG03-UNRESOLVED,ALL5_LEVELS_bet23_to_bet27,-2.4689,-2.4689,-2.4689,-3.0861,-3.0861,4.000000,4.000000,4.000000,5.000000,5.000000,96.000000,96.000000,96.000000,95.000000,95.000000,5.0,-13.5790,-12.4388,-48.1439,-49.2841,PENDING_AG03,FALSE,NOT_FOR_ENFORCEMENT,-59.2540,128.4088,-61.7229,-59.2540,-2.4689,-0.43992537,-0.42232836,-2.4689,-59.2540,-0.42232836,-2.4689,-2.4689,-2.4689,-3.0861,-3.0861,-59.2540,-0.42232836,-13.5790,-12.4388,-48.1439,-49.2841,-0.34314179,-0.35126908,-0.01759701,8.7689,8.9173,-4.1149,-61.7229,-20.5743,140.3031,15.0000,,8.7689,3.6646,7.8528,13.088,14.2921,18.0614,19.632,7.8528,4.7248,2.3,2.5,1.116667,3,4,1,3,0E-8,-0.43992537,,0E-8,0.000000,0.953358,0.000000,,2026-04-06,2026-04-06,1,3,3,1,1.000000,,,0.000000,,,,,,,,GLOBAL_BASELINE_NO_ENTITY_RANKING,,,NOT_APPLICABLE_GLOBAL_BASELINE,HF9g-P5,,,,X 全窗基线 · 不参与实体赏罚,3925869,393,A168_HF9F_20260827_0900,2026-08-27 09:00:00
2026-04-06,86150100,2175,0,49.7343140592,37.3007355444,37.3007355444,0.7500000,5,5,0.49592654000000000,0.495926540000,1.0163275685615971,1.0163275685615971,1.0163275685615971,0E-17,ELIGIBLE,R03b_20260811_FULL_v1,L1_ELIGIBILITY,v2026-08-11,2026-03-21..2026-08-06,baccarat_bet02_101_all_pairs_incl_sentinel,round_win = game_pnl > 0 (decisive only),COMPATIBILITY_ONLY_NOT_PRODUCTION,140.3031,133.7591,-61.7229,16,15,0.43992537,,0.43992537,0.43992537,61.7229,140.3031,THIN_EXPOSURE,0.0000,-2.4689,4.0000,96.0000,AG03-UNRESOLVED,ALL5_LEVELS_bet23_to_bet27,-2.4689,-2.4689,-2.4689,-3.0861,-3.0861,4.000000,4.000000,4.000000,5.000000,5.000000,96.000000,96.000000,96.000000,95.000000,95.000000,5.0,-13.5790,-12.4388,-48.1439,-49.2841,PENDING_AG03,FALSE,NOT_FOR_ENFORCEMENT,-59.2540,128.4088,-61.7229,-59.2540,-2.4689,-0.43992537,-0.42232836,-2.4689,-59.2540,-0.42232836,-2.4689,-2.4689,-2.4689,-3.0861,-3.0861,-59.2540,-0.42232836,-13.5790,-12.4388,-48.1439,-49.2841,-0.34314179,-0.35126908,-0.01759701,8.7689,8.9173,-4.1149,-61.7229,-20.5743,140.3031,15.0000,,8.7689,3.6646,7.8528,13.088,14.2921,18.0614,19.632,7.8528,4.7248,2.3,2.5,1.116667,3,4,1,3,0E-8,-0.43992537,,0E-8,0.000000,0.953358,0.000000,,2026-04-06,2026-04-06,1,3,3,1,1.000000,,,0.000000,,,,,,,,GLOBAL_BASELINE_NO_ENTITY_RANKING,,,NOT_APPLICABLE_GLOBAL_BASELINE,HF9g-P5,,,,X 全窗基线 · 不参与实体赏罚,3925870,393,A168_HF9F_20260827_0900,2026-08-27 09:00:00
2026-04-06,86150100,2222,0,29.0553097925,21.4773708870,21.4773708870,0.7500000,5,4,0.50204866415061168,0.445673725000,0.9918136687656288,1.2245547245181145,0.9918136687656288,0.05637493915061168,ELIGIBLE,R03b_20260811_FULL_v1,L1_ELIGIBILITY,v2026-08-11,2026-03-21..2026-08-06,baccarat_bet02_101_all_pairs_incl_sentinel,round_win = game_pnl > 0 (decisive only),COMPATIBILITY_ONLY_NOT_PRODUCTION,140.3031,133.7591,-61.7229,16,15,0.43992537,,0.43992537,0.43992537,61.7229,140.3031,THIN_EXPOSURE,0.0000,-2.4689,4.0000,96.0000,AG03-UNRESOLVED,ALL5_LEVELS_bet23_to_bet27,-2.4689,-2.4689,-2.4689,-3.0861,-3.0861,4.000000,4.000000,4.000000,5.000000,5.000000,96.000000,96.000000,96.000000,95.000000,95.000000,5.0,-13.5790,-12.4388,-48.1439,-49.2841,PENDING_AG03,FALSE,NOT_FOR_ENFORCEMENT,-59.2540,128.4088,-61.7229,-59.2540,-2.4689,-0.43992537,-0.42232836,-2.4689,-59.2540,-0.42232836,-2.4689,-2.4689,-2.4689,-3.0861,-3.0861,-59.2540,-0.42232836,-13.5790,-12.4388,-48.1439,-49.2841,-0.34314179,-0.35126908,-0.01759701,8.7689,8.9173,-4.1149,-61.7229,-20.5743,140.3031,15.0000,,8.7689,3.6646,7.8528,13.088,14.2921,18.0614,19.632,7.8528,4.7248,2.3,2.5,1.116667,3,4,1,3,0E-8,-0.43992537,,0E-8,0.000000,0.953358,0.000000,,2026-04-06,2026-04-06,1,3,3,1,1.000000,,,0.000000,,,,,,,,GLOBAL_BASELINE_NO_ENTITY_RANKING,,,NOT_APPLICABLE_GLOBAL_BASELINE,HF9g-P5,,,,X 全窗基线 · 不参与实体赏罚,3925871,393,A168_HF9F_20260827_0900,2026-08-27 09:00:00
2026-04-06,86150100,2256,0,23.5583592912,15.3783734262,15.3783734262,0.6666667,3,3,0.49771390000000000,0.497713900000,0.5852756695216578,0.5852756695216578,0.5852756695216578,0E-17,ELIGIBLE,R03b_20260811_FULL_v1,L1_ELIGIBILITY,v2026-08-11,2026-03-21..2026-08-06,baccarat_bet02_101_all_pairs_incl_sentinel,round_win = game_pnl > 0 (decisive only),COMPATIBILITY_ONLY_NOT_PRODUCTION,140.3031,133.7591,-61.7229,16,15,0.43992537,,0.43992537,0.43992537,61.7229,140.3031,THIN_EXPOSURE,0.0000,-2.4689,4.0000,96.0000,AG03-UNRESOLVED,ALL5_LEVELS_bet23_to_bet27,-2.4689,-2.4689,-2.4689,-3.0861,-3.0861,4.000000,4.000000,4.000000,5.000000,5.000000,96.000000,96.000000,96.000000,95.000000,95.000000,5.0,-13.5790,-12.4388,-48.1439,-49.2841,PENDING_AG03,FALSE,NOT_FOR_ENFORCEMENT,-59.2540,128.4088,-61.7229,-59.2540,-2.4689,-0.43992537,-0.42232836,-2.4689,-59.2540,-0.42232836,-2.4689,-2.4689,-2.4689,-3.0861,-3.0861,-59.2540,-0.42232836,-13.5790,-12.4388,-48.1439,-49.2841,-0.34314179,-0.35126908,-0.01759701,8.7689,8.9173,-4.1149,-61.7229,-20.5743,140.3031,15.0000,,8.7689,3.6646,7.8528,13.088,14.2921,18.0614,19.632,7.8528,4.7248,2.3,2.5,1.116667,3,4,1,3,0E-8,-0.43992537,,0E-8,0.000000,0.953358,0.000000,,2026-04-06,2026-04-06,1,3,3,1,1.000000,,,0.000000,,,,,,,,GLOBAL_BASELINE_NO_ENTITY_RANKING,,,NOT_APPLICABLE_GLOBAL_BASELINE,HF9g-P5,,,,X 全窗基线 · 不参与实体赏罚,3925872,393,A168_HF9F_20260827_0900,2026-08-27 09:00:00
2026-07-11,152851569,-1,1,495.7013399424,51.2482895722,51.2482895722,0.5643564,109,109,0.50628174954128440,0.506281749541,1.1673788781848602,1.1673788781905687,1.1673788781848602,2.8440E-13,SENTINEL_DEALER,R03b_20260811_FULL_v1,L1_ELIGIBILITY,v2026-08-11,2026-03-21..2026-08-06,baccarat_bet02_101_all_pairs_incl_sentinel,round_win = game_pnl > 0 (decisive only),COMPATIBILITY_ONLY_NOT_PRODUCTION,1282.6272,1131.5932,-61.0849,286,284,0.04762480,0.04762480,,0.04762480,61.0849,1282.6272,OK,0.0000,-1.8325,3.0000,97.0000,AG03-UNRESOLVED,ALL5_LEVELS_bet23_to_bet27,-1.8325,-1.8325,-1.8325,-2.4434,-2.4434,3.000000,3.000000,3.000000,4.000000,4.000000,97.000000,97.000000,97.000000,96.000000,96.000000,5.0,-10.3844,-9.7052,-50.7004,-51.3797,PENDING_AG03,FALSE,NOT_FOR_ENFORCEMENT,-59.2523,1097.6454,-61.0849,-59.2523,-1.8325,-0.04762480,-0.04619605,-1.8325,-59.2523,-0.04619605,-1.8325,-1.8325,-1.8325,-2.4434,-2.4434,-59.2523,-0.04619605,-10.3844,-9.7052,-50.7004,-51.3797,-0.03952858,-0.04005814,-0.00142874,4.4847,3.9845,-0.2151,-30.5424,-1.0014,641.3136,142.0000,4.4847,,2.5818,5.1636,5.1636,5.1636,5.1636,10.3271,5.1636,0.0,1.0,2.0,0.868531,29,19,2,2,1.00000000,-0.04762480,-0.04762480,0E-8,0.000000,0.882246,0.937063,,2026-07-11,2026-07-31,2,61,30,21,0.095238,,1.000000,3.333333,,,,,,,,GLOBAL_BASELINE_NO_ENTITY_RANKING,,,NOT_APPLICABLE_GLOBAL_BASELINE,HF9g-P5,,,,X 全窗基线 · 不参与实体赏罚,3925873,393,A168_HF9F_20260827_0900,2026-08-27 09:00:00
2026-07-11,152851569,1374,0,54.2173340562,23.2360003098,23.2360003098,0.8000000,12,12,0.50665070000000000,0.506650700000,1.855468024713057,1.855468024713057,1.855468024713057,0E-17,ELIGIBLE,R03b_20260811_FULL_v1,L1_ELIGIBILITY,v2026-08-11,2026-03-21..2026-08-06,baccarat_bet02_101_all_pairs_incl_sentinel,round_win = game_pnl > 0 (decisive only),COMPATIBILITY_ONLY_NOT_PRODUCTION,1282.6272,1131.5932,-61.0849,286,284,0.04762480,0.04762480,,0.04762480,61.0849,1282.6272,OK,0.0000,-1.8325,3.0000,97.0000,AG03-UNRESOLVED,ALL5_LEVELS_bet23_to_bet27,-1.8325,-1.8325,-1.8325,-2.4434,-2.4434,3.000000,3.000000,3.000000,4.000000,4.000000,97.000000,97.000000,97.000000,96.000000,96.000000,5.0,-10.3844,-9.7052,-50.7004,-51.3797,PENDING_AG03,FALSE,NOT_FOR_ENFORCEMENT,-59.2523,1097.6454,-61.0849,-59.2523,-1.8325,-0.04762480,-0.04619605,-1.8325,-59.2523,-0.04619605,-1.8325,-1.8325,-1.8325,-2.4434,-2.4434,-59.2523,-0.04619605,-10.3844,-9.7052,-50.7004,-51.3797,-0.03952858,-0.04005814,-0.00142874,4.4847,3.9845,-0.2151,-30.5424,-1.0014,641.3136,142.0000,4.4847,,2.5818,5.1636,5.1636,5.1636,5.1636,10.3271,5.1636,0.0,1.0,2.0,0.868531,29,19,2,2,1.00000000,-0.04762480,-0.04762480,0E-8,0.000000,0.882246,0.937063,,2026-07-11,2026-07-31,2,61,30,21,0.095238,,1.000000,3.333333,,,,,,,,GLOBAL_BASELINE_NO_ENTITY_RANKING,,,NOT_APPLICABLE_GLOBAL_BASELINE,HF9g-P5,,,,X 全窗基线 · 不参与实体赏罚,3925874,393,A168_HF9F_20260827_0900,2026-08-27 09:00:00
2026-07-11,152851569,1383,0,56.7991118684,20.5251336070,20.5251336070,0.7500000,13,13,0.50665070000000000,0.506650700000,1.6861225734517706,1.6861225734517706,1.6861225734517706,0E-17,ELIGIBLE,R03b_20260811_FULL_v1,L1_ELIGIBILITY,v2026-08-11,2026-03-21..2026-08-06,baccarat_bet02_101_all_pairs_incl_sentinel,round_win = game_pnl > 0 (decisive only),COMPATIBILITY_ONLY_NOT_PRODUCTION,1282.6272,1131.5932,-61.0849,286,284,0.04762480,0.04762480,,0.04762480,61.0849,1282.6272,OK,0.0000,-1.8325,3.0000,97.0000,AG03-UNRESOLVED,ALL5_LEVELS_bet23_to_bet27,-1.8325,-1.8325,-1.8325,-2.4434,-2.4434,3.000000,3.000000,3.000000,4.000000,4.000000,97.000000,97.000000,97.000000,96.000000,96.000000,5.0,-10.3844,-9.7052,-50.7004,-51.3797,PENDING_AG03,FALSE,NOT_FOR_ENFORCEMENT,-59.2523,1097.6454,-61.0849,-59.2523,-1.8325,-0.04762480,-0.04619605,-1.8325,-59.2523,-0.04619605,-1.8325,-1.8325,-1.8325,-2.4434,-2.4434,-59.2523,-0.04619605,-10.3844,-9.7052,-50.7004,-51.3797,-0.03952858,-0.04005814,-0.00142874,4.4847,3.9845,-0.2151,-30.5424,-1.0014,641.3136,142.0000,4.4847,,2.5818,5.1636,5.1636,5.1636,5.1636,10.3271,5.1636,0.0,1.0,2.0,0.868531,29,19,2,2,1.00000000,-0.04762480,-0.04762480,0E-8,0.000000,0.882246,0.937063,,2026-07-11,2026-07-31,2,61,30,21,0.095238,,1.000000,3.333333,,,,,,,,GLOBAL_BASELINE_NO_ENTITY_RANKING,,,NOT_APPLICABLE_GLOBAL_BASELINE,HF9g-P5,,,,X 全窗基线 · 不参与实体赏罚,3925875,393,A168_HF9F_20260827_0900,2026-08-27 09:00:00
2026-07-11,152851569,1646,0,51.6355562440,10.1980223582,10.1980223582,0.5833333,12,12,0.50665070000000000,0.506650700000,0.5313198725250433,0.5313198725250433,0.5313198725250433,0E-17,ELIGIBLE,R03b_20260811_FULL_v1,L1_ELIGIBILITY,v2026-08-11,2026-03-21..2026-08-06,baccarat_bet02_101_all_pairs_incl_sentinel,round_win = game_pnl > 0 (decisive only),COMPATIBILITY_ONLY_NOT_PRODUCTION,1282.6272,1131.5932,-61.0849,286,284,0.04762480,0.04762480,,0.04762480,61.0849,1282.6272,OK,0.0000,-1.8325,3.0000,97.0000,AG03-UNRESOLVED,ALL5_LEVELS_bet23_to_bet27,-1.8325,-1.8325,-1.8325,-2.4434,-2.4434,3.000000,3.000000,3.000000,4.000000,4.000000,97.000000,97.000000,97.000000,96.000000,96.000000,5.0,-10.3844,-9.7052,-50.7004,-51.3797,PENDING_AG03,FALSE,NOT_FOR_ENFORCEMENT,-59.2523,1097.6454,-61.0849,-59.2523,-1.8325,-0.04762480,-0.04619605,-1.8325,-59.2523,-0.04619605,-1.8325,-1.8325,-1.8325,-2.4434,-2.4434,-59.2523,-0.04619605,-10.3844,-9.7052,-50.7004,-51.3797,-0.03952858,-0.04005814,-0.00142874,4.4847,3.9845,-0.2151,-30.5424,-1.0014,641.3136,142.0000,4.4847,,2.5818,5.1636,5.1636,5.1636,5.1636,10.3271,5.1636,0.0,1.0,2.0,0.868531,29,19,2,2,1.00000000,-0.04762480,-0.04762480,0E-8,0.000000,0.882246,0.937063,,2026-07-11,2026-07-31,2,61,30,21,0.095238,,1.000000,3.333333,,,,,,,,GLOBAL_BASELINE_NO_ENTITY_RANKING,,,NOT_APPLICABLE_GLOBAL_BASELINE,HF9g-P5,,,,X 全窗基线 · 不参与实体赏罚,3925876,393,A168_HF9F_20260827_0900,2026-08-27 09:00:00
2026-07-11,152851569,1710,0,12.9088890610,2.4526889216,2.4526889216,0.6000000,5,5,0.50665070000000000,0.506650700000,0.4175076967804994,0.4175076967804994,0.4175076967804994,0E-17,ELIGIBLE,R03b_20260811_FULL_v1,L1_ELIGIBILITY,v2026-08-11,2026-03-21..2026-08-06,baccarat_bet02_101_all_pairs_incl_sentinel,round_win = game_pnl > 0 (decisive only),COMPATIBILITY_ONLY_NOT_PRODUCTION,1282.6272,1131.5932,-61.0849,286,284,0.04762480,0.04762480,,0.04762480,61.0849,1282.6272,OK,0.0000,-1.8325,3.0000,97.0000,AG03-UNRESOLVED,ALL5_LEVELS_bet23_to_bet27,-1.8325,-1.8325,-1.8325,-2.4434,-2.4434,3.000000,3.000000,3.000000,4.000000,4.000000,97.000000,97.000000,97.000000,96.000000,96.000000,5.0,-10.3844,-9.7052,-50.7004,-51.3797,PENDING_AG03,FALSE,NOT_FOR_ENFORCEMENT,-59.2523,1097.6454,-61.0849,-59.2523,-1.8325,-0.04762480,-0.04619605,-1.8325,-59.2523,-0.04619605,-1.8325,-1.8325,-1.8325,-2.4434,-2.4434,-59.2523,-0.04619605,-10.3844,-9.7052,-50.7004,-51.3797,-0.03952858,-0.04005814,-0.00142874,4.4847,3.9845,-0.2151,-30.5424,-1.0014,641.3136,142.0000,4.4847,,2.5818,5.1636,5.1636,5.1636,5.1636,10.3271,5.1636,0.0,1.0,2.0,0.868531,29,19,2,2,1.00000000,-0.04762480,-0.04762480,0E-8,0.000000,0.882246,0.937063,,2026-07-11,2026-07-31,2,61,30,21,0.095238,,1.000000,3.333333,,,,,,,,GLOBAL_BASELINE_NO_ENTITY_RANKING,,,NOT_APPLICABLE_GLOBAL_BASELINE,HF9g-P5,,,,X 全窗基线 · 不参与实体赏罚,3925877,393,A168_HF9F_20260827_0900,2026-08-27 09:00:00
2026-07-11,152851569,1940,0,64.5444453050,-7.7453334366,-7.7453334366,0.4615385,15,15,0.50575702000000000,0.505757020000,-0.31888569825649327,-0.31888569825649327,-0.31888569825649327,0E-17,ELIGIBLE,R03b_20260811_FULL_v1,L1_ELIGIBILITY,v2026-08-11,2026-03-21..2026-08-06,baccarat_bet02_101_all_pairs_incl_sentinel,round_win = game_pnl > 0 (decisive only),COMPATIBILITY_ONLY_NOT_PRODUCTION,1282.6272,1131.5932,-61.0849,286,284,0.04762480,0.04762480,,0.04762480,61.0849,1282.6272,OK,0.0000,-1.8325,3.0000,97.0000,AG03-UNRESOLVED,ALL5_LEVELS_bet23_to_bet27,-1.8325,-1.8325,-1.8325,-2.4434,-2.4434,3.000000,3.000000,3.000000,4.000000,4.000000,97.000000,97.000000,97.000000,96.000000,96.000000,5.0,-10.3844,-9.7052,-50.7004,-51.3797,PENDING_AG03,FALSE,NOT_FOR_ENFORCEMENT,-59.2523,1097.6454,-61.0849,-59.2523,-1.8325,-0.04762480,-0.04619605,-1.8325,-59.2523,-0.04619605,-1.8325,-1.8325,-1.8325,-2.4434,-2.4434,-59.2523,-0.04619605,-10.3844,-9.7052,-50.7004,-51.3797,-0.03952858,-0.04005814,-0.00142874,4.4847,3.9845,-0.2151,-30.5424,-1.0014,641.3136,142.0000,4.4847,,2.5818,5.1636,5.1636,5.1636,5.1636,10.3271,5.1636,0.0,1.0,2.0,0.868531,29,19,2,2,1.00000000,-0.04762480,-0.04762480,0E-8,0.000000,0.882246,0.937063,,2026-07-11,2026-07-31,2,61,30,21,0.095238,,1.000000,3.333333,,,,,,,,GLOBAL_BASELINE_NO_ENTITY_RANKING,,,NOT_APPLICABLE_GLOBAL_BASELINE,HF9g-P5,,,,X 全窗基线 · 不参与实体赏罚,3925878,393,A168_HF9F_20260827_0900,2026-08-27 09:00:00
2026-07-11,152851569,1990,0,61.9626674928,-2.7108667028,-2.7108667028,0.5000000,14,14,0.50569318571428571,0.505693185714,-0.04260666281908586,-0.04260666281694738,-0.04260666281908586,2.8571E-13,ELIGIBLE,R03b_20260811_FULL_v1,L1_ELIGIBILITY,v2026-08-11,2026-03-21..2026-08-06,baccarat_bet02_101_all_pairs_incl_sentinel,round_win = game_pnl > 0 (decisive only),COMPATIBILITY_ONLY_NOT_PRODUCTION,1282.6272,1131.5932,-61.0849,286,284,0.04762480,0.04762480,,0.04762480,61.0849,1282.6272,OK,0.0000,-1.8325,3.0000,97.0000,AG03-UNRESOLVED,ALL5_LEVELS_bet23_to_bet27,-1.8325,-1.8325,-1.8325,-2.4434,-2.4434,3.000000,3.000000,3.000000,4.000000,4.000000,97.000000,97.000000,97.000000,96.000000,96.000000,5.0,-10.3844,-9.7052,-50.7004,-51.3797,PENDING_AG03,FALSE,NOT_FOR_ENFORCEMENT,-59.2523,1097.6454,-61.0849,-59.2523,-1.8325,-0.04762480,-0.04619605,-1.8325,-59.2523,-0.04619605,-1.8325,-1.8325,-1.8325,-2.4434,-2.4434,-59.2523,-0.04619605,-10.3844,-9.7052,-50.7004,-51.3797,-0.03952858,-0.04005814,-0.00142874,4.4847,3.9845,-0.2151,-30.5424,-1.0014,641.3136,142.0000,4.4847,,2.5818,5.1636,5.1636,5.1636,5.1636,10.3271,5.1636,0.0,1.0,2.0,0.868531,29,19,2,2,1.00000000,-0.04762480,-0.04762480,0E-8,0.000000,0.882246,0.937063,,2026-07-11,2026-07-31,2,61,30,21,0.095238,,1.000000,3.333333,,,,,,,,GLOBAL_BASELINE_NO_ENTITY_RANKING,,,NOT_APPLICABLE_GLOBAL_BASELINE,HF9g-P5,,,,X 全窗基线 · 不参与实体赏罚,3925879,393,A168_HF9F_20260827_0900,2026-08-27 09:00:00
2026-07-11,152851569,2121,0,10.3271112488,3.7435778277,3.7435778277,0.7500000,4,4,0.50665070000000000,0.506650700000,0.9734833216690844,0.9734833216690844,0.9734833216690844,0E-17,ELIGIBLE,R03b_20260811_FULL_v1,L1_ELIGIBILITY,v2026-08-11,2026-03-21..2026-08-06,baccarat_bet02_101_all_pairs_incl_sentinel,round_win = game_pnl > 0 (decisive only),COMPATIBILITY_ONLY_NOT_PRODUCTION,1282.6272,1131.5932,-61.0849,286,284,0.04762480,0.04762480,,0.04762480,61.0849,1282.6272,OK,0.0000,-1.8325,3.0000,97.0000,AG03-UNRESOLVED,ALL5_LEVELS_bet23_to_bet27,-1.8325,-1.8325,-1.8325,-2.4434,-2.4434,3.000000,3.000000,3.000000,4.000000,4.000000,97.000000,97.000000,97.000000,96.000000,96.000000,5.0,-10.3844,-9.7052,-50.7004,-51.3797,PENDING_AG03,FALSE,NOT_FOR_ENFORCEMENT,-59.2523,1097.6454,-61.0849,-59.2523,-1.8325,-0.04762480,-0.04619605,-1.8325,-59.2523,-0.04619605,-1.8325,-1.8325,-1.8325,-2.4434,-2.4434,-59.2523,-0.04619605,-10.3844,-9.7052,-50.7004,-51.3797,-0.03952858,-0.04005814,-0.00142874,4.4847,3.9845,-0.2151,-30.5424,-1.0014,641.3136,142.0000,4.4847,,2.5818,5.1636,5.1636,5.1636,5.1636,10.3271,5.1636,0.0,1.0,2.0,0.868531,29,19,2,2,1.00000000,-0.04762480,-0.04762480,0E-8,0.000000,0.882246,0.937063,,2026-07-11,2026-07-31,2,61,30,21,0.095238,,1.000000,3.333333,,,,,,,,GLOBAL_BASELINE_NO_ENTITY_RANKING,,,NOT_APPLICABLE_GLOBAL_BASELINE,HF9g-P5,,,,X 全窗基线 · 不参与实体赏罚,3925880,393,A168_HF9F_20260827_0900,2026-08-27 09:00:00
2026-07-11,152851569,2147,0,61.9626674928,-15.6197557638,-15.6197557638,0.3846154,14,14,0.50569318571428571,0.505693185714,-0.8731610446262534,-0.8731610446241874,-0.8731610446262534,2.8571E-13,ELIGIBLE,R03b_20260811_FULL_v1,L1_ELIGIBILITY,v2026-08-11,2026-03-21..2026-08-06,baccarat_bet02_101_all_pairs_incl_sentinel,round_win = game_pnl > 0 (decisive only),COMPATIBILITY_ONLY_NOT_PRODUCTION,1282.6272,1131.5932,-61.0849,286,284,0.04762480,0.04762480,,0.04762480,61.0849,1282.6272,OK,0.0000,-1.8325,3.0000,97.0000,AG03-UNRESOLVED,ALL5_LEVELS_bet23_to_bet27,-1.8325,-1.8325,-1.8325,-2.4434,-2.4434,3.000000,3.000000,3.000000,4.000000,4.000000,97.000000,97.000000,97.000000,96.000000,96.000000,5.0,-10.3844,-9.7052,-50.7004,-51.3797,PENDING_AG03,FALSE,NOT_FOR_ENFORCEMENT,-59.2523,1097.6454,-61.0849,-59.2523,-1.8325,-0.04762480,-0.04619605,-1.8325,-59.2523,-0.04619605,-1.8325,-1.8325,-1.8325,-2.4434,-2.4434,-59.2523,-0.04619605,-10.3844,-9.7052,-50.7004,-51.3797,-0.03952858,-0.04005814,-0.00142874,4.4847,3.9845,-0.2151,-30.5424,-1.0014,641.3136,142.0000,4.4847,,2.5818,5.1636,5.1636,5.1636,5.1636,10.3271,5.1636,0.0,1.0,2.0,0.868531,29,19,2,2,1.00000000,-0.04762480,-0.04762480,0E-8,0.000000,0.882246,0.937063,,2026-07-11,2026-07-31,2,61,30,21,0.095238,,1.000000,3.333333,,,,,,,,GLOBAL_BASELINE_NO_ENTITY_RANKING,,,NOT_APPLICABLE_GLOBAL_BASELINE,HF9g-P5,,,,X 全窗基线 · 不参与实体赏罚,3925881,393,A168_HF9F_20260827_0900,2026-08-27 09:00:00
2026-07-11,152851569,2170,0,67.1262231172,-10.3271112488,-10.3271112488,0.3636364,13,11,0.50380717272727273,0.504213390909,-0.9298149155448006,-0.9325156170724792,-0.9298149155448006,-0.00040621818172727,ELIGIBLE,R03b_20260811_FULL_v1,L1_ELIGIBILITY,v2026-08-11,2026-03-21..2026-08-06,baccarat_bet02_101_all_pairs_incl_sentinel,round_win = game_pnl > 0 (decisive only),COMPATIBILITY_ONLY_NOT_PRODUCTION,1282.6272,1131.5932,-61.0849,286,284,0.04762480,0.04762480,,0.04762480,61.0849,1282.6272,OK,0.0000,-1.8325,3.0000,97.0000,AG03-UNRESOLVED,ALL5_LEVELS_bet23_to_bet27,-1.8325,-1.8325,-1.8325,-2.4434,-2.4434,3.000000,3.000000,3.000000,4.000000,4.000000,97.000000,97.000000,97.000000,96.000000,96.000000,5.0,-10.3844,-9.7052,-50.7004,-51.3797,PENDING_AG03,FALSE,NOT_FOR_ENFORCEMENT,-59.2523,1097.6454,-61.0849,-59.2523,-1.8325,-0.04762480,-0.04619605,-1.8325,-59.2523,-0.04619605,-1.8325,-1.8325,-1.8325,-2.4434,-2.4434,-59.2523,-0.04619605,-10.3844,-9.7052,-50.7004,-51.3797,-0.03952858,-0.04005814,-0.00142874,4.4847,3.9845,-0.2151,-30.5424,-1.0014,641.3136,142.0000,4.4847,,2.5818,5.1636,5.1636,5.1636,5.1636,10.3271,5.1636,0.0,1.0,2.0,0.868531,29,19,2,2,1.00000000,-0.04762480,-0.04762480,0E-8,0.000000,0.882246,0.937063,,2026-07-11,2026-07-31,2,61,30,21,0.095238,,1.000000,3.333333,,,,,,,,GLOBAL_BASELINE_NO_ENTITY_RANKING,,,NOT_APPLICABLE_GLOBAL_BASELINE,HF9g-P5,,,,X 全窗基线 · 不参与实体赏罚,3925882,393,A168_HF9F_20260827_0900,2026-08-27 09:00:00
2026-07-11,152851569,2196,0,49.0537784318,-2.5817778122,-2.5817778122,0.5000000,11,11,0.50665070000000000,0.506650700000,-0.04206644158332448,-0.04206644158332448,-0.04206644158332448,0E-17,ELIGIBLE,R03b_20260811_FULL_v1,L1_ELIGIBILITY,v2026-08-11,2026-03-21..2026-08-06,baccarat_bet02_101_all_pairs_incl_sentinel,round_win = game_pnl > 0 (decisive only),COMPATIBILITY_ONLY_NOT_PRODUCTION,1282.6272,1131.5932,-61.0849,286,284,0.04762480,0.04762480,,0.04762480,61.0849,1282.6272,OK,0.0000,-1.8325,3.0000,97.0000,AG03-UNRESOLVED,ALL5_LEVELS_bet23_to_bet27,-1.8325,-1.8325,-1.8325,-2.4434,-2.4434,3.000000,3.000000,3.000000,4.000000,4.000000,97.000000,97.000000,97.000000,96.000000,96.000000,5.0,-10.3844,-9.7052,-50.7004,-51.3797,PENDING_AG03,FALSE,NOT_FOR_ENFORCEMENT,-59.2523,1097.6454,-61.0849,-59.2523,-1.8325,-0.04762480,-0.04619605,-1.8325,-59.2523,-0.04619605,-1.8325,-1.8325,-1.8325,-2.4434,-2.4434,-59.2523,-0.04619605,-10.3844,-9.7052,-50.7004,-51.3797,-0.03952858,-0.04005814,-0.00142874,4.4847,3.9845,-0.2151,-30.5424,-1.0014,641.3136,142.0000,4.4847,,2.5818,5.1636,5.1636,5.1636,5.1636,10.3271,5.1636,0.0,1.0,2.0,0.868531,29,19,2,2,1.00000000,-0.04762480,-0.04762480,0E-8,0.000000,0.882246,0.937063,,2026-07-11,2026-07-31,2,61,30,21,0.095238,,1.000000,3.333333,,,,,,,,GLOBAL_BASELINE_NO_ENTITY_RANKING,,,NOT_APPLICABLE_GLOBAL_BASELINE,HF9g-P5,,,,X 全窗基线 · 不参与实体赏罚,3925883,393,A168_HF9F_20260827_0900,2026-08-27 09:00:00
2026-07-11,152851569,2205,0,59.3808896806,-15.6197557638,-15.6197557638,0.4545455,12,12,0.50665070000000000,0.506650700000,-0.34565767704657374,-0.34565767704657374,-0.34565767704657374,0E-17,ELIGIBLE,R03b_20260811_FULL_v1,L1_ELIGIBILITY,v2026-08-11,2026-03-21..2026-08-06,baccarat_bet02_101_all_pairs_incl_sentinel,round_win = game_pnl > 0 (decisive only),COMPATIBILITY_ONLY_NOT_PRODUCTION,1282.6272,1131.5932,-61.0849,286,284,0.04762480,0.04762480,,0.04762480,61.0849,1282.6272,OK,0.0000,-1.8325,3.0000,97.0000,AG03-UNRESOLVED,ALL5_LEVELS_bet23_to_bet27,-1.8325,-1.8325,-1.8325,-2.4434,-2.4434,3.000000,3.000000,3.000000,4.000000,4.000000,97.000000,97.000000,97.000000,96.000000,96.000000,5.0,-10.3844,-9.7052,-50.7004,-51.3797,PENDING_AG03,FALSE,NOT_FOR_ENFORCEMENT,-59.2523,1097.6454,-61.0849,-59.2523,-1.8325,-0.04762480,-0.04619605,-1.8325,-59.2523,-0.04619605,-1.8325,-1.8325,-1.8325,-2.4434,-2.4434,-59.2523,-0.04619605,-10.3844,-9.7052,-50.7004,-51.3797,-0.03952858,-0.04005814,-0.00142874,4.4847,3.9845,-0.2151,-30.5424,-1.0014,641.3136,142.0000,4.4847,,2.5818,5.1636,5.1636,5.1636,5.1636,10.3271,5.1636,0.0,1.0,2.0,0.868531,29,19,2,2,1.00000000,-0.04762480,-0.04762480,0E-8,0.000000,0.882246,0.937063,,2026-07-11,2026-07-31,2,61,30,21,0.095238,,1.000000,3.333333,,,,,,,,GLOBAL_BASELINE_NO_ENTITY_RANKING,,,NOT_APPLICABLE_GLOBAL_BASELINE,HF9g-P5,,,,X 全窗基线 · 不参与实体赏罚,3925884,393,A168_HF9F_20260827_0900,2026-08-27 09:00:00
2026-07-11,152851569,2224,0,43.8902228074,12.7798001704,12.7798001704,0.6666667,10,10,0.50665070000000000,0.506650700000,0.9601807448229117,0.9601807448229117,0.9601807448229117,0E-17,ELIGIBLE,R03b_20260811_FULL_v1,L1_ELIGIBILITY,v2026-08-11,2026-03-21..2026-08-06,baccarat_bet02_101_all_pairs_incl_sentinel,round_win = game_pnl > 0 (decisive only),COMPATIBILITY_ONLY_NOT_PRODUCTION,1282.6272,1131.5932,-61.0849,286,284,0.04762480,0.04762480,,0.04762480,61.0849,1282.6272,OK,0.0000,-1.8325,3.0000,97.0000,AG03-UNRESOLVED,ALL5_LEVELS_bet23_to_bet27,-1.8325,-1.8325,-1.8325,-2.4434,-2.4434,3.000000,3.000000,3.000000,4.000000,4.000000,97.000000,97.000000,97.000000,96.000000,96.000000,5.0,-10.3844,-9.7052,-50.7004,-51.3797,PENDING_AG03,FALSE,NOT_FOR_ENFORCEMENT,-59.2523,1097.6454,-61.0849,-59.2523,-1.8325,-0.04762480,-0.04619605,-1.8325,-59.2523,-0.04619605,-1.8325,-1.8325,-1.8325,-2.4434,-2.4434,-59.2523,-0.04619605,-10.3844,-9.7052,-50.7004,-51.3797,-0.03952858,-0.04005814,-0.00142874,4.4847,3.9845,-0.2151,-30.5424,-1.0014,641.3136,142.0000,4.4847,,2.5818,5.1636,5.1636,5.1636,5.1636,10.3271,5.1636,0.0,1.0,2.0,0.868531,29,19,2,2,1.00000000,-0.04762480,-0.04762480,0E-8,0.000000,0.882246,0.937063,,2026-07-11,2026-07-31,2,61,30,21,0.095238,,1.000000,3.333333,,,,,,,,GLOBAL_BASELINE_NO_ENTITY_RANKING,,,NOT_APPLICABLE_GLOBAL_BASELINE,HF9g-P5,,,,X 全窗基线 · 不参与实体赏罚,3925885,393,A168_HF9F_20260827_0900,2026-08-27 09:00:00
2026-07-11,152851569,2229,0,49.0537784318,-25.8177781220,-25.8177781220,0.1250000,11,11,0.50665070000000000,0.506650700000,-2.1591333973244815,-2.1591333973244815,-2.1591333973244815,0E-17,ELIGIBLE,R03b_20260811_FULL_v1,L1_ELIGIBILITY,v2026-08-11,2026-03-21..2026-08-06,baccarat_bet02_101_all_pairs_incl_sentinel,round_win = game_pnl > 0 (decisive only),COMPATIBILITY_ONLY_NOT_PRODUCTION,1282.6272,1131.5932,-61.0849,286,284,0.04762480,0.04762480,,0.04762480,61.0849,1282.6272,OK,0.0000,-1.8325,3.0000,97.0000,AG03-UNRESOLVED,ALL5_LEVELS_bet23_to_bet27,-1.8325,-1.8325,-1.8325,-2.4434,-2.4434,3.000000,3.000000,3.000000,4.000000,4.000000,97.000000,97.000000,97.000000,96.000000,96.000000,5.0,-10.3844,-9.7052,-50.7004,-51.3797,PENDING_AG03,FALSE,NOT_FOR_ENFORCEMENT,-59.2523,1097.6454,-61.0849,-59.2523,-1.8325,-0.04762480,-0.04619605,-1.8325,-59.2523,-0.04619605,-1.8325,-1.8325,-1.8325,-2.4434,-2.4434,-59.2523,-0.04619605,-10.3844,-9.7052,-50.7004,-51.3797,-0.03952858,-0.04005814,-0.00142874,4.4847,3.9845,-0.2151,-30.5424,-1.0014,641.3136,142.0000,4.4847,,2.5818,5.1636,5.1636,5.1636,5.1636,10.3271,5.1636,0.0,1.0,2.0,0.868531,29,19,2,2,1.00000000,-0.04762480,-0.04762480,0E-8,0.000000,0.882246,0.937063,,2026-07-11,2026-07-31,2,61,30,21,0.095238,,1.000000,3.333333,,,,,,,,GLOBAL_BASELINE_NO_ENTITY_RANKING,,,NOT_APPLICABLE_GLOBAL_BASELINE,HF9g-P5,,,,X 全窗基线 · 不参与实体赏罚,3925886,393,A168_HF9F_20260827_0900,2026-08-27 09:00:00
2026-07-11,152851569,2258,0,33.5631115586,9.0362223427,9.0362223427,0.6666667,8,8,0.50665070000000000,0.506650700000,0.7839842952205449,0.7839842952205449,0.7839842952205449,0E-17,ELIGIBLE,R03b_20260811_FULL_v1,L1_ELIGIBILITY,v2026-08-11,2026-03-21..2026-08-06,baccarat_bet02_101_all_pairs_incl_sentinel,round_win = game_pnl > 0 (decisive only),COMPATIBILITY_ONLY_NOT_PRODUCTION,1282.6272,1131.5932,-61.0849,286,284,0.04762480,0.04762480,,0.04762480,61.0849,1282.6272,OK,0.0000,-1.8325,3.0000,97.0000,AG03-UNRESOLVED,ALL5_LEVELS_bet23_to_bet27,-1.8325,-1.8325,-1.8325,-2.4434,-2.4434,3.000000,3.000000,3.000000,4.000000,4.000000,97.000000,97.000000,97.000000,96.000000,96.000000,5.0,-10.3844,-9.7052,-50.7004,-51.3797,PENDING_AG03,FALSE,NOT_FOR_ENFORCEMENT,-59.2523,1097.6454,-61.0849,-59.2523,-1.8325,-0.04762480,-0.04619605,-1.8325,-59.2523,-0.04619605,-1.8325,-1.8325,-1.8325,-2.4434,-2.4434,-59.2523,-0.04619605,-10.3844,-9.7052,-50.7004,-51.3797,-0.03952858,-0.04005814,-0.00142874,4.4847,3.9845,-0.2151,-30.5424,-1.0014,641.3136,142.0000,4.4847,,2.5818,5.1636,5.1636,5.1636,5.1636,10.3271,5.1636,0.0,1.0,2.0,0.868531,29,19,2,2,1.00000000,-0.04762480,-0.04762480,0E-8,0.000000,0.882246,0.937063,,2026-07-11,2026-07-31,2,61,30,21,0.095238,,1.000000,3.333333,,,,,,,,GLOBAL_BASELINE_NO_ENTITY_RANKING,,,NOT_APPLICABLE_GLOBAL_BASELINE,HF9g-P5,,,,X 全窗基线 · 不参与实体赏罚,3925887,393,A168_HF9F_20260827_0900,2026-08-27 09:00:00
2026-07-11,152851569,2280,0,49.0537784318,6.4544445305,6.4544445305,0.5000000,10,10,0.50665070000000000,0.506650700000,-0.04206644158332448,-0.04206644158332448,-0.04206644158332448,0E-17,ELIGIBLE,R03b_20260811_FULL_v1,L1_ELIGIBILITY,v2026-08-11,2026-03-21..2026-08-06,baccarat_bet02_101_all_pairs_incl_sentinel,round_win = game_pnl > 0 (decisive only),COMPATIBILITY_ONLY_NOT_PRODUCTION,1282.6272,1131.5932,-61.0849,286,284,0.04762480,0.04762480,,0.04762480,61.0849,1282.6272,OK,0.0000,-1.8325,3.0000,97.0000,AG03-UNRESOLVED,ALL5_LEVELS_bet23_to_bet27,-1.8325,-1.8325,-1.8325,-2.4434,-2.4434,3.000000,3.000000,3.000000,4.000000,4.000000,97.000000,97.000000,97.000000,96.000000,96.000000,5.0,-10.3844,-9.7052,-50.7004,-51.3797,PENDING_AG03,FALSE,NOT_FOR_ENFORCEMENT,-59.2523,1097.6454,-61.0849,-59.2523,-1.8325,-0.04762480,-0.04619605,-1.8325,-59.2523,-0.04619605,-1.8325,-1.8325,-1.8325,-2.4434,-2.4434,-59.2523,-0.04619605,-10.3844,-9.7052,-50.7004,-51.3797,-0.03952858,-0.04005814,-0.00142874,4.4847,3.9845,-0.2151,-30.5424,-1.0014,641.3136,142.0000,4.4847,,2.5818,5.1636,5.1636,5.1636,5.1636,10.3271,5.1636,0.0,1.0,2.0,0.868531,29,19,2,2,1.00000000,-0.04762480,-0.04762480,0E-8,0.000000,0.882246,0.937063,,2026-07-11,2026-07-31,2,61,30,21,0.095238,,1.000000,3.333333,,,,,,,,GLOBAL_BASELINE_NO_ENTITY_RANKING,,,NOT_APPLICABLE_GLOBAL_BASELINE,HF9g-P5,,,,X 全窗基线 · 不参与实体赏罚,3925888,393,A168_HF9F_20260827_0900,2026-08-27 09:00:00
2026-07-11,152851569,2281,0,30.9813337464,-7.7453334366,-7.7453334366,0.3333333,7,7,0.50665070000000000,0.506650700000,-0.8491533462951141,-0.8491533462951141,-0.8491533462951141,0E-17,ELIGIBLE,R03b_20260811_FULL_v1,L1_ELIGIBILITY,v2026-08-11,2026-03-21..2026-08-06,baccarat_bet02_101_all_pairs_incl_sentinel,round_win = game_pnl > 0 (decisive only),COMPATIBILITY_ONLY_NOT_PRODUCTION,1282.6272,1131.5932,-61.0849,286,284,0.04762480,0.04762480,,0.04762480,61.0849,1282.6272,OK,0.0000,-1.8325,3.0000,97.0000,AG03-UNRESOLVED,ALL5_LEVELS_bet23_to_bet27,-1.8325,-1.8325,-1.8325,-2.4434,-2.4434,3.000000,3.000000,3.000000,4.000000,4.000000,97.000000,97.000000,97.000000,96.000000,96.000000,5.0,-10.3844,-9.7052,-50.7004,-51.3797,PENDING_AG03,FALSE,NOT_FOR_ENFORCEMENT,-59.2523,1097.6454,-61.0849,-59.2523,-1.8325,-0.04762480,-0.04619605,-1.8325,-59.2523,-0.04619605,-1.8325,-1.8325,-1.8325,-2.4434,-2.4434,-59.2523,-0.04619605,-10.3844,-9.7052,-50.7004,-51.3797,-0.03952858,-0.04005814,-0.00142874,4.4847,3.9845,-0.2151,-30.5424,-1.0014,641.3136,142.0000,4.4847,,2.5818,5.1636,5.1636,5.1636,5.1636,10.3271,5.1636,0.0,1.0,2.0,0.868531,29,19,2,2,1.00000000,-0.04762480,-0.04762480,0E-8,0.000000,0.882246,0.937063,,2026-07-11,2026-07-31,2,61,30,21,0.095238,,1.000000,3.333333,,,,,,,,GLOBAL_BASELINE_NO_ENTITY_RANKING,,,NOT_APPLICABLE_GLOBAL_BASELINE,HF9g-P5,,,,X 全窗基线 · 不参与实体赏罚,3925889,393,A168_HF9F_20260827_0900,2026-08-27 09:00:00
2026-07-11,152851569,2287,0,25.8177781220,5.1635556244,5.1635556244,0.6000000,5,5,0.50665070000000000,0.506650700000,0.4175076967804994,0.4175076967804994,0.4175076967804994,0E-17,ELIGIBLE,R03b_20260811_FULL_v1,L1_ELIGIBILITY,v2026-08-11,2026-03-21..2026-08-06,baccarat_bet02_101_all_pairs_incl_sentinel,round_win = game_pnl > 0 (decisive only),COMPATIBILITY_ONLY_NOT_PRODUCTION,1282.6272,1131.5932,-61.0849,286,284,0.04762480,0.04762480,,0.04762480,61.0849,1282.6272,OK,0.0000,-1.8325,3.0000,97.0000,AG03-UNRESOLVED,ALL5_LEVELS_bet23_to_bet27,-1.8325,-1.8325,-1.8325,-2.4434,-2.4434,3.000000,3.000000,3.000000,4.000000,4.000000,97.000000,97.000000,97.000000,96.000000,96.000000,5.0,-10.3844,-9.7052,-50.7004,-51.3797,PENDING_AG03,FALSE,NOT_FOR_ENFORCEMENT,-59.2523,1097.6454,-61.0849,-59.2523,-1.8325,-0.04762480,-0.04619605,-1.8325,-59.2523,-0.04619605,-1.8325,-1.8325,-1.8325,-2.4434,-2.4434,-59.2523,-0.04619605,-10.3844,-9.7052,-50.7004,-51.3797,-0.03952858,-0.04005814,-0.00142874,4.4847,3.9845,-0.2151,-30.5424,-1.0014,641.3136,142.0000,4.4847,,2.5818,5.1636,5.1636,5.1636,5.1636,10.3271,5.1636,0.0,1.0,2.0,0.868531,29,19,2,2,1.00000000,-0.04762480,-0.04762480,0E-8,0.000000,0.882246,0.937063,,2026-07-11,2026-07-31,2,61,30,21,0.095238,,1.000000,3.333333,,,,,,,,GLOBAL_BASELINE_NO_ENTITY_RANKING,,,NOT_APPLICABLE_GLOBAL_BASELINE,HF9g-P5,,,,X 全窗基线 · 不参与实体赏罚,3925890,393,A168_HF9F_20260827_0900,2026-08-27 09:00:00
2026-07-31,152851569,970,0,4.6472000620,4.4148400589,4.4148400589,1.0000000,1,1,0.50665070000000000,0.506650700000,0.9867858985152569,0.9867858985152569,0.9867858985152569,0E-17,ELIGIBLE,R03b_20260811_FULL_v1,L1_ELIGIBILITY,v2026-08-11,2026-03-21..2026-08-06,baccarat_bet02_101_all_pairs_incl_sentinel,round_win = game_pnl > 0 (decisive only),COMPATIBILITY_ONLY_NOT_PRODUCTION,1282.6272,1131.5932,-61.0849,286,284,0.04762480,0.04762480,,0.04762480,61.0849,1282.6272,OK,0.0000,-1.8325,3.0000,97.0000,AG03-UNRESOLVED,ALL5_LEVELS_bet23_to_bet27,-1.8325,-1.8325,-1.8325,-2.4434,-2.4434,3.000000,3.000000,3.000000,4.000000,4.000000,97.000000,97.000000,97.000000,96.000000,96.000000,5.0,-10.3844,-9.7052,-50.7004,-51.3797,PENDING_AG03,FALSE,NOT_FOR_ENFORCEMENT,-59.2523,1097.6454,-61.0849,-59.2523,-1.8325,-0.04762480,-0.04619605,-1.8325,-59.2523,-0.04619605,-1.8325,-1.8325,-1.8325,-2.4434,-2.4434,-59.2523,-0.04619605,-10.3844,-9.7052,-50.7004,-51.3797,-0.03952858,-0.04005814,-0.00142874,4.4847,3.9845,-0.2151,-30.5424,-1.0014,641.3136,142.0000,4.4847,,2.5818,5.1636,5.1636,5.1636,5.1636,10.3271,5.1636,0.0,1.0,2.0,0.868531,29,19,2,2,1.00000000,-0.04762480,-0.04762480,0E-8,0.000000,0.882246,0.937063,,2026-07-11,2026-07-31,2,61,30,21,0.095238,,1.000000,3.333333,,,,,,,,GLOBAL_BASELINE_NO_ENTITY_RANKING,,,NOT_APPLICABLE_GLOBAL_BASELINE,HF9g-P5,,,,X 全窗基线 · 不参与实体赏罚,3925891,393,A168_HF9F_20260827_0900,2026-08-27 09:00:00
2026-03-31,95657052,-1,1,26.3317270980,10.0060562972,10.0060562972,0.7500000,5,5,0.50128862000000000,0.501288620000,0.9948488239810122,0.9948488239810122,0.9948488239810122,0E-17,SENTINEL_DEALER,R03b_20260811_FULL_v1,L1_ELIGIBILITY,v2026-08-11,2026-03-21..2026-08-06,baccarat_bet02_101_all_pairs_incl_sentinel,round_win = game_pnl > 0 (decisive only),COMPATIBILITY_ONLY_NOT_PRODUCTION,335.1241,314.1210,-61.7209,62,58,0.18417314,,0.18417314,0.18417314,61.7209,335.1241,OK,0.0000,-2.4688,4.0000,96.0000,AG03-UNRESOLVED,ALL5_LEVELS_bet23_to_bet27,-2.4688,-2.4688,-2.4688,-3.0860,-3.0860,4.000000,4.000000,4.000000,5.000000,5.000000,96.000000,96.000000,96.000000,95.000000,95.000000,5.0,-13.5786,-12.4383,-48.1423,-49.2825,PENDING_AG03,FALSE,NOT_FOR_ENFORCEMENT,-59.2520,301.5562,-61.7209,-59.2520,-2.4688,-0.18417314,-0.17680622,-2.4688,-59.2520,-0.17680622,-2.4688,-2.4688,-2.4688,-3.0860,-3.0860,-59.2520,-0.17680622,-13.5786,-12.4383,-48.1423,-49.2825,-0.14365505,-0.14705751,-0.00736693,5.4052,5.4159,-1.0642,-20.5736,-5.1434,111.7080,19.3333,,5.4052,5.1891,5.2352,5.2663,7.8528,8.9279,12.9729,5.2352,2.6176,1.705355,2.478011,1.03248,10,11,5,5,0E-8,-0.18417314,,0E-8,0.000000,0.937327,0.000000,,2026-03-31,2026-05-16,3,12,11,47,0.063830,,,0.000000,,,,,,,,GLOBAL_BASELINE_NO_ENTITY_RANKING,,,NOT_APPLICABLE_GLOBAL_BASELINE,HF9g-P5,,,,X 全窗基线 · 不参与实体赏罚,3925892,393,A168_HF9F_20260827_0900,2026-08-27 09:00:00
2026-03-31,95657052,1157,0,7.8995181294,7.5045422229,7.5045422229,1.0000000,1,1,0.50665070000000000,0.506650700000,0.9867858985152569,0.9867858985152569,0.9867858985152569,0E-17,ELIGIBLE,R03b_20260811_FULL_v1,L1_ELIGIBILITY,v2026-08-11,2026-03-21..2026-08-06,baccarat_bet02_101_all_pairs_incl_sentinel,round_win = game_pnl > 0 (decisive only),COMPATIBILITY_ONLY_NOT_PRODUCTION,335.1241,314.1210,-61.7209,62,58,0.18417314,,0.18417314,0.18417314,61.7209,335.1241,OK,0.0000,-2.4688,4.0000,96.0000,AG03-UNRESOLVED,ALL5_LEVELS_bet23_to_bet27,-2.4688,-2.4688,-2.4688,-3.0860,-3.0860,4.000000,4.000000,4.000000,5.000000,5.000000,96.000000,96.000000,96.000000,95.000000,95.000000,5.0,-13.5786,-12.4383,-48.1423,-49.2825,PENDING_AG03,FALSE,NOT_FOR_ENFORCEMENT,-59.2520,301.5562,-61.7209,-59.2520,-2.4688,-0.18417314,-0.17680622,-2.4688,-59.2520,-0.17680622,-2.4688,-2.4688,-2.4688,-3.0860,-3.0860,-59.2520,-0.17680622,-13.5786,-12.4383,-48.1423,-49.2825,-0.14365505,-0.14705751,-0.00736693,5.4052,5.4159,-1.0642,-20.5736,-5.1434,111.7080,19.3333,,5.4052,5.1891,5.2352,5.2663,7.8528,8.9279,12.9729,5.2352,2.6176,1.705355,2.478011,1.03248,10,11,5,5,0E-8,-0.18417314,,0E-8,0.000000,0.937327,0.000000,,2026-03-31,2026-05-16,3,12,11,47,0.063830,,,0.000000,,,,,,,,GLOBAL_BASELINE_NO_ENTITY_RANKING,,,NOT_APPLICABLE_GLOBAL_BASELINE,HF9g-P5,,,,X 全窗基线 · 不参与实体赏罚,3925893,393,A168_HF9F_20260827_0900,2026-08-27 09:00:00
2026-03-31,95657052,1396,0,60.5629723254,1.8432208968,1.8432208968,0.5454545,11,11,0.50055742727272727,0.500557427273,0.2978139754313191,0.2978139754295102,0.2978139754313191,-2.7273E-13,ELIGIBLE,R03b_20260811_FULL_v1,L1_ELIGIBILITY,v2026-08-11,2026-03-21..2026-08-06,baccarat_bet02_101_all_pairs_incl_sentinel,round_win = game_pnl > 0 (decisive only),COMPATIBILITY_ONLY_NOT_PRODUCTION,335.1241,314.1210,-61.7209,62,58,0.18417314,,0.18417314,0.18417314,61.7209,335.1241,OK,0.0000,-2.4688,4.0000,96.0000,AG03-UNRESOLVED,ALL5_LEVELS_bet23_to_bet27,-2.4688,-2.4688,-2.4688,-3.0860,-3.0860,4.000000,4.000000,4.000000,5.000000,5.000000,96.000000,96.000000,96.000000,95.000000,95.000000,5.0,-13.5786,-12.4383,-48.1423,-49.2825,PENDING_AG03,FALSE,NOT_FOR_ENFORCEMENT,-59.2520,301.5562,-61.7209,-59.2520,-2.4688,-0.18417314,-0.17680622,-2.4688,-59.2520,-0.17680622,-2.4688,-2.4688,-2.4688,-3.0860,-3.0860,-59.2520,-0.17680622,-13.5786,-12.4383,-48.1423,-49.2825,-0.14365505,-0.14705751,-0.00736693,5.4052,5.4159,-1.0642,-20.5736,-5.1434,111.7080,19.3333,,5.4052,5.1891,5.2352,5.2663,7.8528,8.9279,12.9729,5.2352,2.6176,1.705355,2.478011,1.03248,10,11,5,5,0E-8,-0.18417314,,0E-8,0.000000,0.937327,0.000000,,2026-03-31,2026-05-16,3,12,11,47,0.063830,,,0.000000,,,,,,,,GLOBAL_BASELINE_NO_ENTITY_RANKING,,,NOT_APPLICABLE_GLOBAL_BASELINE,HF9g-P5,,,,X 全窗基线 · 不参与实体赏罚,3925894,393,A168_HF9F_20260827_0900,2026-08-27 09:00:00
2026-03-31,95657052,1702,0,5.2663454196,0E-10,0E-10,,1,1,0.49324550000000000,0.493245500000,,,,0E-17,NO_DECISIVE_ROUND,R03b_20260811_FULL_v1,L1_ELIGIBILITY,v2026-08-11,2026-03-21..2026-08-06,baccarat_bet02_101_all_pairs_incl_sentinel,round_win = game_pnl > 0 (decisive only),COMPATIBILITY_ONLY_NOT_PRODUCTION,335.1241,314.1210,-61.7209,62,58,0.18417314,,0.18417314,0.18417314,61.7209,335.1241,OK,0.0000,-2.4688,4.0000,96.0000,AG03-UNRESOLVED,ALL5_LEVELS_bet23_to_bet27,-2.4688,-2.4688,-2.4688,-3.0860,-3.0860,4.000000,4.000000,4.000000,5.000000,5.000000,96.000000,96.000000,96.000000,95.000000,95.000000,5.0,-13.5786,-12.4383,-48.1423,-49.2825,PENDING_AG03,FALSE,NOT_FOR_ENFORCEMENT,-59.2520,301.5562,-61.7209,-59.2520,-2.4688,-0.18417314,-0.17680622,-2.4688,-59.2520,-0.17680622,-2.4688,-2.4688,-2.4688,-3.0860,-3.0860,-59.2520,-0.17680622,-13.5786,-12.4383,-48.1423,-49.2825,-0.14365505,-0.14705751,-0.00736693,5.4052,5.4159,-1.0642,-20.5736,-5.1434,111.7080,19.3333,,5.4052,5.1891,5.2352,5.2663,7.8528,8.9279,12.9729,5.2352,2.6176,1.705355,2.478011,1.03248,10,11,5,5,0E-8,-0.18417314,,0E-8,0.000000,0.937327,0.000000,,2026-03-31,2026-05-16,3,12,11,47,0.063830,,,0.000000,,,,,,,,GLOBAL_BASELINE_NO_ENTITY_RANKING,,,NOT_APPLICABLE_GLOBAL_BASELINE,HF9g-P5,,,,X 全窗基线 · 不参与实体赏罚,3925895,393,A168_HF9F_20260827_0900,2026-08-27 09:00:00
2026-03-31,95657052,1711,0,21.0653816784,-0.5266345420,-0.5266345420,0.5000000,4,4,0.49994810000000000,0.499948100000,0.00020760000111838688,0.00020760000111838688,0.00020760000111838688,0E-17,ELIGIBLE,R03b_20260811_FULL_v1,L1_ELIGIBILITY,v2026-08-11,2026-03-21..2026-08-06,baccarat_bet02_101_all_pairs_incl_sentinel,round_win = game_pnl > 0 (decisive only),COMPATIBILITY_ONLY_NOT_PRODUCTION,335.1241,314.1210,-61.7209,62,58,0.18417314,,0.18417314,0.18417314,61.7209,335.1241,OK,0.0000,-2.4688,4.0000,96.0000,AG03-UNRESOLVED,ALL5_LEVELS_bet23_to_bet27,-2.4688,-2.4688,-2.4688,-3.0860,-3.0860,4.000000,4.000000,4.000000,5.000000,5.000000,96.000000,96.000000,96.000000,95.000000,95.000000,5.0,-13.5786,-12.4383,-48.1423,-49.2825,PENDING_AG03,FALSE,NOT_FOR_ENFORCEMENT,-59.2520,301.5562,-61.7209,-59.2520,-2.4688,-0.18417314,-0.17680622,-2.4688,-59.2520,-0.17680622,-2.4688,-2.4688,-2.4688,-3.0860,-3.0860,-59.2520,-0.17680622,-13.5786,-12.4383,-48.1423,-49.2825,-0.14365505,-0.14705751,-0.00736693,5.4052,5.4159,-1.0642,-20.5736,-5.1434,111.7080,19.3333,,5.4052,5.1891,5.2352,5.2663,7.8528,8.9279,12.9729,5.2352,2.6176,1.705355,2.478011,1.03248,10,11,5,5,0E-8,-0.18417314,,0E-8,0.000000,0.937327,0.000000,,2026-03-31,2026-05-16,3,12,11,47,0.063830,,,0.000000,,,,,,,,GLOBAL_BASELINE_NO_ENTITY_RANKING,,,NOT_APPLICABLE_GLOBAL_BASELINE,HF9g-P5,,,,X 全窗基线 · 不参与实体赏罚,3925896,393,A168_HF9F_20260827_0900,2026-08-27 09:00:00
2026-04-23,95657052,-1,1,5.2351909536,0E-10,0E-10,,1,1,0.50665070000000000,0.506650700000,,,,0E-17,SENTINEL_DEALER,R03b_20260811_FULL_v1,L1_ELIGIBILITY,v2026-08-11,2026-03-21..2026-08-06,baccarat_bet02_101_all_pairs_incl_sentinel,round_win = game_pnl > 0 (decisive only),COMPATIBILITY_ONLY_NOT_PRODUCTION,335.1241,314.1210,-61.7209,62,58,0.18417314,,0.18417314,0.18417314,61.7209,335.1241,OK,0.0000,-2.4688,4.0000,96.0000,AG03-UNRESOLVED,ALL5_LEVELS_bet23_to_bet27,-2.4688,-2.4688,-2.4688,-3.0860,-3.0860,4.000000,4.000000,4.000000,5.000000,5.000000,96.000000,96.000000,96.000000,95.000000,95.000000,5.0,-13.5786,-12.4383,-48.1423,-49.2825,PENDING_AG03,FALSE,NOT_FOR_ENFORCEMENT,-59.2520,301.5562,-61.7209,-59.2520,-2.4688,-0.18417314,-0.17680622,-2.4688,-59.2520,-0.17680622,-2.4688,-2.4688,-2.4688,-3.0860,-3.0860,-59.2520,-0.17680622,-13.5786,-12.4383,-48.1423,-49.2825,-0.14365505,-0.14705751,-0.00736693,5.4052,5.4159,-1.0642,-20.5736,-5.1434,111.7080,19.3333,,5.4052,5.1891,5.2352,5.2663,7.8528,8.9279,12.9729,5.2352,2.6176,1.705355,2.478011,1.03248,10,11,5,5,0E-8,-0.18417314,,0E-8,0.000000,0.937327,0.000000,,2026-03-31,2026-05-16,3,12,11,47,0.063830,,,0.000000,,,,,,,,GLOBAL_BASELINE_NO_ENTITY_RANKING,,,NOT_APPLICABLE_GLOBAL_BASELINE,HF9g-P5,,,,X 全窗基线 · 不参与实体赏罚,3925897,393,A168_HF9F_20260827_0900,2026-08-27 09:00:00
2026-04-23,95657052,1306,0,15.7055728608,4.7116718582,4.7116718582,0.6666667,3,3,0.50218230000000000,0.502182300000,0.5697959874915163,0.5697959874915164,0.5697959874915163,0E-17,ELIGIBLE,R03b_20260811_FULL_v1,L1_ELIGIBILITY,v2026-08-11,2026-03-21..2026-08-06,baccarat_bet02_101_all_pairs_incl_sentinel,round_win = game_pnl > 0 (decisive only),COMPATIBILITY_ONLY_NOT_PRODUCTION,335.1241,314.1210,-61.7209,62,58,0.18417314,,0.18417314,0.18417314,61.7209,335.1241,OK,0.0000,-2.4688,4.0000,96.0000,AG03-UNRESOLVED,ALL5_LEVELS_bet23_to_bet27,-2.4688,-2.4688,-2.4688,-3.0860,-3.0860,4.000000,4.000000,4.000000,5.000000,5.000000,96.000000,96.000000,96.000000,95.000000,95.000000,5.0,-13.5786,-12.4383,-48.1423,-49.2825,PENDING_AG03,FALSE,NOT_FOR_ENFORCEMENT,-59.2520,301.5562,-61.7209,-59.2520,-2.4688,-0.18417314,-0.17680622,-2.4688,-59.2520,-0.17680622,-2.4688,-2.4688,-2.4688,-3.0860,-3.0860,-59.2520,-0.17680622,-13.5786,-12.4383,-48.1423,-49.2825,-0.14365505,-0.14705751,-0.00736693,5.4052,5.4159,-1.0642,-20.5736,-5.1434,111.7080,19.3333,,5.4052,5.1891,5.2352,5.2663,7.8528,8.9279,12.9729,5.2352,2.6176,1.705355,2.478011,1.03248,10,11,5,5,0E-8,-0.18417314,,0E-8,0.000000,0.937327,0.000000,,2026-03-31,2026-05-16,3,12,11,47,0.063830,,,0.000000,,,,,,,,GLOBAL_BASELINE_NO_ENTITY_RANKING,,,NOT_APPLICABLE_GLOBAL_BASELINE,HF9g-P5,,,,X 全窗基线 · 不参与实体赏罚,3925898,393,A168_HF9F_20260827_0900,2026-08-27 09:00:00
2026-04-23,95657052,1318,0,47.1167185824,20.5481244929,20.5481244929,0.7000000,10,10,0.49592654000000000,0.495926540000,1.290716721815579,1.290716721815579,1.290716721815579,0E-17,ELIGIBLE,R03b_20260811_FULL_v1,L1_ELIGIBILITY,v2026-08-11,2026-03-21..2026-08-06,baccarat_bet02_101_all_pairs_incl_sentinel,round_win = game_pnl > 0 (decisive only),COMPATIBILITY_ONLY_NOT_PRODUCTION,335.1241,314.1210,-61.7209,62,58,0.18417314,,0.18417314,0.18417314,61.7209,335.1241,OK,0.0000,-2.4688,4.0000,96.0000,AG03-UNRESOLVED,ALL5_LEVELS_bet23_to_bet27,-2.4688,-2.4688,-2.4688,-3.0860,-3.0860,4.000000,4.000000,4.000000,5.000000,5.000000,96.000000,96.000000,96.000000,95.000000,95.000000,5.0,-13.5786,-12.4383,-48.1423,-49.2825,PENDING_AG03,FALSE,NOT_FOR_ENFORCEMENT,-59.2520,301.5562,-61.7209,-59.2520,-2.4688,-0.18417314,-0.17680622,-2.4688,-59.2520,-0.17680622,-2.4688,-2.4688,-2.4688,-3.0860,-3.0860,-59.2520,-0.17680622,-13.5786,-12.4383,-48.1423,-49.2825,-0.14365505,-0.14705751,-0.00736693,5.4052,5.4159,-1.0642,-20.5736,-5.1434,111.7080,19.3333,,5.4052,5.1891,5.2352,5.2663,7.8528,8.9279,12.9729,5.2352,2.6176,1.705355,2.478011,1.03248,10,11,5,5,0E-8,-0.18417314,,0E-8,0.000000,0.937327,0.000000,,2026-03-31,2026-05-16,3,12,11,47,0.063830,,,0.000000,,,,,,,,GLOBAL_BASELINE_NO_ENTITY_RANKING,,,NOT_APPLICABLE_GLOBAL_BASELINE,HF9g-P5,,,,X 全窗基线 · 不参与实体赏罚,3925899,393,A168_HF9F_20260827_0900,2026-08-27 09:00:00
2026-04-23,95657052,2121,0,13.0879773840,-2.6175954768,-2.6175954768,0.5000000,3,3,0.49324550000000000,0.493245500000,0.01910635448239258,0.01910635448239258,0.01910635448239258,0E-17,ELIGIBLE,R03b_20260811_FULL_v1,L1_ELIGIBILITY,v2026-08-11,2026-03-21..2026-08-06,baccarat_bet02_101_all_pairs_incl_sentinel,round_win = game_pnl > 0 (decisive only),COMPATIBILITY_ONLY_NOT_PRODUCTION,335.1241,314.1210,-61.7209,62,58,0.18417314,,0.18417314,0.18417314,61.7209,335.1241,OK,0.0000,-2.4688,4.0000,96.0000,AG03-UNRESOLVED,ALL5_LEVELS_bet23_to_bet27,-2.4688,-2.4688,-2.4688,-3.0860,-3.0860,4.000000,4.000000,4.000000,5.000000,5.000000,96.000000,96.000000,96.000000,95.000000,95.000000,5.0,-13.5786,-12.4383,-48.1423,-49.2825,PENDING_AG03,FALSE,NOT_FOR_ENFORCEMENT,-59.2520,301.5562,-61.7209,-59.2520,-2.4688,-0.18417314,-0.17680622,-2.4688,-59.2520,-0.17680622,-2.4688,-2.4688,-2.4688,-3.0860,-3.0860,-59.2520,-0.17680622,-13.5786,-12.4383,-48.1423,-49.2825,-0.14365505,-0.14705751,-0.00736693,5.4052,5.4159,-1.0642,-20.5736,-5.1434,111.7080,19.3333,,5.4052,5.1891,5.2352,5.2663,7.8528,8.9279,12.9729,5.2352,2.6176,1.705355,2.478011,1.03248,10,11,5,5,0E-8,-0.18417314,,0E-8,0.000000,0.937327,0.000000,,2026-03-31,2026-05-16,3,12,11,47,0.063830,,,0.000000,,,,,,,,GLOBAL_BASELINE_NO_ENTITY_RANKING,,,NOT_APPLICABLE_GLOBAL_BASELINE,HF9g-P5,,,,X 全窗基线 · 不参与实体赏罚,3925900,393,A168_HF9F_20260827_0900,2026-08-27 09:00:00
2026-04-23,95657052,2156,0,44.4991231056,-13.3497369317,-13.3497369317,0.3750000,8,8,0.49827245000000000,0.498272450000,-0.6973384449544185,-0.6973384449544185,-0.6973384449544185,0E-17,ELIGIBLE,R03b_20260811_FULL_v1,L1_ELIGIBILITY,v2026-08-11,2026-03-21..2026-08-06,baccarat_bet02_101_all_pairs_incl_sentinel,round_win = game_pnl > 0 (decisive only),COMPATIBILITY_ONLY_NOT_PRODUCTION,335.1241,314.1210,-61.7209,62,58,0.18417314,,0.18417314,0.18417314,61.7209,335.1241,OK,0.0000,-2.4688,4.0000,96.0000,AG03-UNRESOLVED,ALL5_LEVELS_bet23_to_bet27,-2.4688,-2.4688,-2.4688,-3.0860,-3.0860,4.000000,4.000000,4.000000,5.000000,5.000000,96.000000,96.000000,96.000000,95.000000,95.000000,5.0,-13.5786,-12.4383,-48.1423,-49.2825,PENDING_AG03,FALSE,NOT_FOR_ENFORCEMENT,-59.2520,301.5562,-61.7209,-59.2520,-2.4688,-0.18417314,-0.17680622,-2.4688,-59.2520,-0.17680622,-2.4688,-2.4688,-2.4688,-3.0860,-3.0860,-59.2520,-0.17680622,-13.5786,-12.4383,-48.1423,-49.2825,-0.14365505,-0.14705751,-0.00736693,5.4052,5.4159,-1.0642,-20.5736,-5.1434,111.7080,19.3333,,5.4052,5.1891,5.2352,5.2663,7.8528,8.9279,12.9729,5.2352,2.6176,1.705355,2.478011,1.03248,10,11,5,5,0E-8,-0.18417314,,0E-8,0.000000,0.937327,0.000000,,2026-03-31,2026-05-16,3,12,11,47,0.063830,,,0.000000,,,,,,,,GLOBAL_BASELINE_NO_ENTITY_RANKING,,,NOT_APPLICABLE_GLOBAL_BASELINE,HF9g-P5,,,,X 全窗基线 · 不参与实体赏罚,3925901,393,A168_HF9F_20260827_0900,2026-08-27 09:00:00
2026-04-23,95657052,2235,0,15.7055728608,14.9202942177,14.9202942177,1.0000000,2,2,0.50665070000000000,0.506650700000,1.3955260008387969,1.3955260008387969,1.3955260008387969,0E-17,ELIGIBLE,R03b_20260811_FULL_v1,L1_ELIGIBILITY,v2026-08-11,2026-03-21..2026-08-06,baccarat_bet02_101_all_pairs_incl_sentinel,round_win = game_pnl > 0 (decisive only),COMPATIBILITY_ONLY_NOT_PRODUCTION,335.1241,314.1210,-61.7209,62,58,0.18417314,,0.18417314,0.18417314,61.7209,335.1241,OK,0.0000,-2.4688,4.0000,96.0000,AG03-UNRESOLVED,ALL5_LEVELS_bet23_to_bet27,-2.4688,-2.4688,-2.4688,-3.0860,-3.0860,4.000000,4.000000,4.000000,5.000000,5.000000,96.000000,96.000000,96.000000,95.000000,95.000000,5.0,-13.5786,-12.4383,-48.1423,-49.2825,PENDING_AG03,FALSE,NOT_FOR_ENFORCEMENT,-59.2520,301.5562,-61.7209,-59.2520,-2.4688,-0.18417314,-0.17680622,-2.4688,-59.2520,-0.17680622,-2.4688,-2.4688,-2.4688,-3.0860,-3.0860,-59.2520,-0.17680622,-13.5786,-12.4383,-48.1423,-49.2825,-0.14365505,-0.14705751,-0.00736693,5.4052,5.4159,-1.0642,-20.5736,-5.1434,111.7080,19.3333,,5.4052,5.1891,5.2352,5.2663,7.8528,8.9279,12.9729,5.2352,2.6176,1.705355,2.478011,1.03248,10,11,5,5,0E-8,-0.18417314,,0E-8,0.000000,0.937327,0.000000,,2026-03-31,2026-05-16,3,12,11,47,0.063830,,,0.000000,,,,,,,,GLOBAL_BASELINE_NO_ENTITY_RANKING,,,NOT_APPLICABLE_GLOBAL_BASELINE,HF9g-P5,,,,X 全窗基线 · 不参与实体赏罚,3925902,393,A168_HF9F_20260827_0900,2026-08-27 09:00:00
2026-05-16,95657052,2246,0,72.6480203417,18.6809195162,18.6809195162,0.5555556,13,9,0.43153675740681303,0.408404494444,0.7511880700392523,0.8981046883123892,0.7511880700392523,0.02313226296281303,ELIGIBLE,R03b_20260811_FULL_v1,L1_ELIGIBILITY,v2026-08-11,2026-03-21..2026-08-06,baccarat_bet02_101_all_pairs_incl_sentinel,round_win = game_pnl > 0 (decisive only),COMPATIBILITY_ONLY_NOT_PRODUCTION,335.1241,314.1210,-61.7209,62,58,0.18417314,,0.18417314,0.18417314,61.7209,335.1241,OK,0.0000,-2.4688,4.0000,96.0000,AG03-UNRESOLVED,ALL5_LEVELS_bet23_to_bet27,-2.4688,-2.4688,-2.4688,-3.0860,-3.0860,4.000000,4.000000,4.000000,5.000000,5.000000,96.000000,96.000000,96.000000,95.000000,95.000000,5.0,-13.5786,-12.4383,-48.1423,-49.2825,PENDING_AG03,FALSE,NOT_FOR_ENFORCEMENT,-59.2520,301.5562,-61.7209,-59.2520,-2.4688,-0.18417314,-0.17680622,-2.4688,-59.2520,-0.17680622,-2.4688,-2.4688,-2.4688,-3.0860,-3.0860,-59.2520,-0.17680622,-13.5786,-12.4383,-48.1423,-49.2825,-0.14365505,-0.14705751,-0.00736693,5.4052,5.4159,-1.0642,-20.5736,-5.1434,111.7080,19.3333,,5.4052,5.1891,5.2352,5.2663,7.8528,8.9279,12.9729,5.2352,2.6176,1.705355,2.478011,1.03248,10,11,5,5,0E-8,-0.18417314,,0E-8,0.000000,0.937327,0.000000,,2026-03-31,2026-05-16,3,12,11,47,0.063830,,,0.000000,,,,,,,,GLOBAL_BASELINE_NO_ENTITY_RANKING,,,NOT_APPLICABLE_GLOBAL_BASELINE,HF9g-P5,,,,X 全窗基线 · 不参与实体赏罚,3925903,393,A168_HF9F_20260827_0900,2026-08-27 09:00:00
2026-07-17,153123427,1306,0,327.7324904342,-82.3490267842,-82.3490267842,0.5000000,3,3,0.50665070000000000,0.506650700000,-0.018812684590367487,-0.018812684590367487,-0.018812684590367487,0E-17,ELIGIBLE,R03b_20260811_FULL_v1,L1_ELIGIBILITY,v2026-08-11,2026-03-21..2026-08-06,baccarat_bet02_101_all_pairs_incl_sentinel,round_win = game_pnl > 0 (decisive only),COMPATIBILITY_ONLY_NOT_PRODUCTION,1645.3169,1562.1361,-61.7202,11,11,0.03751264,0.03751264,,0.03751264,61.7202,1645.3169,THIN_EXPOSURE,0.0000,-2.4688,4.0000,96.0000,AG03-UNRESOLVED,ALL5_LEVELS_bet23_to_bet27,-2.4688,-2.4688,-3.7032,-4.9376,0.0000,4.000000,4.000000,6.000000,8.000000,0.000000,96.000000,96.000000,94.000000,92.000000,100.000000,5.0,-13.5784,-12.5292,-48.1417,-49.191,PENDING_AG03,FALSE,NOT_FOR_ENFORCEMENT,-59.2514,1499.6506,-61.7202,-59.2514,-2.4688,-0.03751264,-0.03601213,-2.4688,-59.2514,-0.03601213,-2.4688,-2.4688,-3.7032,-4.9376,0.0000,-59.2514,-0.03601213,-13.5784,-12.5292,-48.1417,-49.191,-0.02925986,-0.02989756,-0.00150051,149.5743,142.0124,-5.6109,-61.7202,-12.3440,1645.3169,11.0000,149.5743,,83.1808,163.0344,166.3617,229.579,316.503,324.4052,163.0344,79.0218,1.941326,1.989796,0.91744,4,4,1,2,1.00000000,-0.03751264,-0.03751264,0E-8,0.000000,0.949444,0.000000,,2026-07-17,2026-07-17,1,5,4,1,1.000000,,1.000000,3.333333,,,,,,,,GLOBAL_BASELINE_NO_ENTITY_RANKING,,,NOT_APPLICABLE_GLOBAL_BASELINE,HF9g-P5,,,,X 全窗基线 · 不参与实体赏罚,3925904,393,A168_HF9F_20260827_0900,2026-08-27 09:00:00
2026-07-17,153123427,1402,0,823.4902678424,158.0435867576,158.0435867576,0.7500000,4,4,0.49994810000000000,0.499948100000,1.0002076053883384,1.0002076053883384,1.0002076053883384,0E-17,ELIGIBLE,R03b_20260811_FULL_v1,L1_ELIGIBILITY,v2026-08-11,2026-03-21..2026-08-06,baccarat_bet02_101_all_pairs_incl_sentinel,round_win = game_pnl > 0 (decisive only),COMPATIBILITY_ONLY_NOT_PRODUCTION,1645.3169,1562.1361,-61.7202,11,11,0.03751264,0.03751264,,0.03751264,61.7202,1645.3169,THIN_EXPOSURE,0.0000,-2.4688,4.0000,96.0000,AG03-UNRESOLVED,ALL5_LEVELS_bet23_to_bet27,-2.4688,-2.4688,-3.7032,-4.9376,0.0000,4.000000,4.000000,6.000000,8.000000,0.000000,96.000000,96.000000,94.000000,92.000000,100.000000,5.0,-13.5784,-12.5292,-48.1417,-49.191,PENDING_AG03,FALSE,NOT_FOR_ENFORCEMENT,-59.2514,1499.6506,-61.7202,-59.2514,-2.4688,-0.03751264,-0.03601213,-2.4688,-59.2514,-0.03601213,-2.4688,-2.4688,-3.7032,-4.9376,0.0000,-59.2514,-0.03601213,-13.5784,-12.5292,-48.1417,-49.191,-0.02925986,-0.02989756,-0.00150051,149.5743,142.0124,-5.6109,-61.7202,-12.3440,1645.3169,11.0000,149.5743,,83.1808,163.0344,166.3617,229.579,316.503,324.4052,163.0344,79.0218,1.941326,1.989796,0.91744,4,4,1,2,1.00000000,-0.03751264,-0.03751264,0E-8,0.000000,0.949444,0.000000,,2026-07-17,2026-07-17,1,5,4,1,1.000000,,1.000000,3.333333,,,,,,,,GLOBAL_BASELINE_NO_ENTITY_RANKING,,,NOT_APPLICABLE_GLOBAL_BASELINE,HF9g-P5,,,,X 全窗基线 · 不参与实体赏罚,3925905,393,A168_HF9F_20260827_0900,2026-08-27 09:00:00
2026-07-17,153123427,1994,0,410.9133255698,69.2064548328,69.2064548328,0.6666667,3,3,0.50665070000000000,0.506650700000,0.5543606114942035,0.5543606114942035,0.5543606114942035,0E-17,ELIGIBLE,R03b_20260811_FULL_v1,L1_ELIGIBILITY,v2026-08-11,2026-03-21..2026-08-06,baccarat_bet02_101_all_pairs_incl_sentinel,round_win = game_pnl > 0 (decisive only),COMPATIBILITY_ONLY_NOT_PRODUCTION,1645.3169,1562.1361,-61.7202,11,11,0.03751264,0.03751264,,0.03751264,61.7202,1645.3169,THIN_EXPOSURE,0.0000,-2.4688,4.0000,96.0000,AG03-UNRESOLVED,ALL5_LEVELS_bet23_to_bet27,-2.4688,-2.4688,-3.7032,-4.9376,0.0000,4.000000,4.000000,6.000000,8.000000,0.000000,96.000000,96.000000,94.000000,92.000000,100.000000,5.0,-13.5784,-12.5292,-48.1417,-49.191,PENDING_AG03,FALSE,NOT_FOR_ENFORCEMENT,-59.2514,1499.6506,-61.7202,-59.2514,-2.4688,-0.03751264,-0.03601213,-2.4688,-59.2514,-0.03601213,-2.4688,-2.4688,-3.7032,-4.9376,0.0000,-59.2514,-0.03601213,-13.5784,-12.5292,-48.1417,-49.191,-0.02925986,-0.02989756,-0.00150051,149.5743,142.0124,-5.6109,-61.7202,-12.3440,1645.3169,11.0000,149.5743,,83.1808,163.0344,166.3617,229.579,316.503,324.4052,163.0344,79.0218,1.941326,1.989796,0.91744,4,4,1,2,1.00000000,-0.03751264,-0.03751264,0E-8,0.000000,0.949444,0.000000,,2026-07-17,2026-07-17,1,5,4,1,1.000000,,1.000000,3.333333,,,,,,,,GLOBAL_BASELINE_NO_ENTITY_RANKING,,,NOT_APPLICABLE_GLOBAL_BASELINE,HF9g-P5,,,,X 全窗基线 · 不参与实体赏罚,3925906,393,A168_HF9F_20260827_0900,2026-08-27 09:00:00
2026-07-17,153123427,994,0,83.1808351356,-83.1808351356,-83.1808351356,0E-7,1,1,0.49324550000000000,0.493245500000,-0.9865810262130424,-0.9865810262130424,-0.9865810262130424,0E-17,ELIGIBLE,R03b_20260811_FULL_v1,L1_ELIGIBILITY,v2026-08-11,2026-03-21..2026-08-06,baccarat_bet02_101_all_pairs_incl_sentinel,round_win = game_pnl > 0 (decisive only),COMPATIBILITY_ONLY_NOT_PRODUCTION,1645.3169,1562.1361,-61.7202,11,11,0.03751264,0.03751264,,0.03751264,61.7202,1645.3169,THIN_EXPOSURE,0.0000,-2.4688,4.0000,96.0000,AG03-UNRESOLVED,ALL5_LEVELS_bet23_to_bet27,-2.4688,-2.4688,-3.7032,-4.9376,0.0000,4.000000,4.000000,6.000000,8.000000,0.000000,96.000000,96.000000,94.000000,92.000000,100.000000,5.0,-13.5784,-12.5292,-48.1417,-49.191,PENDING_AG03,FALSE,NOT_FOR_ENFORCEMENT,-59.2514,1499.6506,-61.7202,-59.2514,-2.4688,-0.03751264,-0.03601213,-2.4688,-59.2514,-0.03601213,-2.4688,-2.4688,-3.7032,-4.9376,0.0000,-59.2514,-0.03601213,-13.5784,-12.5292,-48.1417,-49.191,-0.02925986,-0.02989756,-0.00150051,149.5743,142.0124,-5.6109,-61.7202,-12.3440,1645.3169,11.0000,149.5743,,83.1808,163.0344,166.3617,229.579,316.503,324.4052,163.0344,79.0218,1.941326,1.989796,0.91744,4,4,1,2,1.00000000,-0.03751264,-0.03751264,0E-8,0.000000,0.949444,0.000000,,2026-07-17,2026-07-17,1,5,4,1,1.000000,,1.000000,3.333333,,,,,,,,GLOBAL_BASELINE_NO_ENTITY_RANKING,,,NOT_APPLICABLE_GLOBAL_BASELINE,HF9g-P5,,,,X 全窗基线 · 不参与实体赏罚,3925907,393,A168_HF9F_20260827_0900,2026-08-27 09:00:00
2026-06-20,151776618,2174,0,62.8400657486,61.7179217174,61.7179217174,1.0000000,2,2,0.49994810000000000,0.499948100000,1.4143603653603398,1.4143603653603398,1.4143603653603398,0E-17,ELIGIBLE,R03b_20260811_FULL_v1,L1_ELIGIBILITY,v2026-08-11,2026-03-21..2026-08-06,baccarat_bet02_101_all_pairs_incl_sentinel,round_win = game_pnl > 0 (decisive only),COMPATIBILITY_ONLY_NOT_PRODUCTION,62.8401,62.8401,-61.7179,2,2,0.98214286,,0.98214286,0.98214286,61.7179,62.8401,THIN_EXPOSURE,0.0000,-2.4687,4.0000,96.0000,AG03-UNRESOLVED,ALL5_LEVELS_bet23_to_bet27,-2.4687,-2.4687,-2.4687,-4.3203,-4.3203,4.000000,4.000000,4.000000,7.000000,7.000000,96.000000,96.000000,96.000000,93.000000,93.000000,5.0,-16.0467,-14.4909,-45.6713,-47.2271,PENDING_AG03,FALSE,NOT_FOR_ENFORCEMENT,-59.2492,60.3265,-61.7179,-59.2492,-2.4687,-0.98214286,-0.94285714,-2.4687,-59.2492,-0.94285714,-2.4687,-2.4687,-2.4687,-4.3203,-4.3203,-59.2492,-0.94285714,-16.0467,-14.4909,-45.6713,-47.2271,-0.72678571,-0.75154373,-0.03928571,31.4200,31.4200,-30.8590,-61.7179,-61.7179,62.8401,2.0000,,31.4200,22.4429,31.42,40.3972,40.3972,40.3972,40.3972,31.42,30.859,1.285714,1.285714,1.0,1,1,1,2,0E-8,-0.98214286,,0E-8,0.000000,1.000000,0.000000,,2026-06-20,2026-06-20,1,1,1,1,1.000000,,,0.000000,,,,,,,,GLOBAL_BASELINE_NO_ENTITY_RANKING,,,NOT_APPLICABLE_GLOBAL_BASELINE,HF9g-P5,,,,X 全窗基线 · 不参与实体赏罚,3925908,393,A168_HF9F_20260827_0900,2026-08-27 09:00:00
2026-05-01,149391733,1382,0,7.7837164652,-7.7837164652,-7.7837164652,0E-7,1,1,0.49324550000000000,0.493245500000,-0.9865810262130424,-0.9865810262130424,-0.9865810262130424,0E-17,ELIGIBLE,R03b_20260811_FULL_v1,L1_ELIGIBILITY,v2026-08-11,2026-03-21..2026-08-06,baccarat_bet02_101_all_pairs_incl_sentinel,round_win = game_pnl > 0 (decisive only),COMPATIBILITY_ONLY_NOT_PRODUCTION,644.5325,615.1003,-61.7174,43,32,0.09575522,-0.20975705,0.34670678,0.09575522,61.7174,644.5325,OK,0.0000,-2.4687,4.0000,96.0000,AG03-UNRESOLVED,ALL5_LEVELS_bet23_to_bet27,-2.4687,-2.4687,-2.4687,-3.0859,-3.0859,4.000000,4.000000,4.000000,5.000000,5.000000,96.000000,96.000000,96.000000,95.000000,95.000000,5.0,-13.5778,-12.4376,-48.1395,-49.2797,PENDING_AG03,FALSE,NOT_FOR_ENFORCEMENT,-59.2487,590.4963,-61.7174,-59.2487,-2.4687,-0.09575522,-0.09192501,-2.4687,-59.2487,-0.09192501,-2.4687,-2.4687,-2.4687,-3.0859,-3.0859,-59.2487,-0.09192501,-13.5778,-12.4376,-48.1395,-49.2797,-0.07468907,-0.07645808,-0.00383021,14.9891,19.2219,-1.9287,-12.3435,-7.7147,128.9065,6.4000,12.1112,18.6244,2.5818,12.9089,25.0957,34.286,43.4591,53.7455,12.9089,-2.5818,3.3666,4.163447,1.161148,5,7,5,5,0.45097551,-0.09575522,0.20975705,0E-8,0.000000,0.954335,0.000000,-0.55646383,2026-05-01,2026-08-01,5,8,8,93,0.053763,0.650285,0.807998,1.503252,,,,,,,,GLOBAL_BASELINE_NO_ENTITY_RANKING,,,NOT_APPLICABLE_GLOBAL_BASELINE,HF9g-P5,,,,X 全窗基线 · 不参与实体赏罚,3925909,393,A168_HF9F_20260827_0900,2026-08-27 09:00:00
2026-05-01,149391733,1990,0,12.9728607753,12.9728607753,12.9728607753,1.0000000,1,1,0.49324550000000000,0.493245500000,1.01360149184955,1.01360149184955,1.01360149184955,0E-17,ELIGIBLE,R03b_20260811_FULL_v1,L1_ELIGIBILITY,v2026-08-11,2026-03-21..2026-08-06,baccarat_bet02_101_all_pairs_incl_sentinel,round_win = game_pnl > 0 (decisive only),COMPATIBILITY_ONLY_NOT_PRODUCTION,644.5325,615.1003,-61.7174,43,32,0.09575522,-0.20975705,0.34670678,0.09575522,61.7174,644.5325,OK,0.0000,-2.4687,4.0000,96.0000,AG03-UNRESOLVED,ALL5_LEVELS_bet23_to_bet27,-2.4687,-2.4687,-2.4687,-3.0859,-3.0859,4.000000,4.000000,4.000000,5.000000,5.000000,96.000000,96.000000,96.000000,95.000000,95.000000,5.0,-13.5778,-12.4376,-48.1395,-49.2797,PENDING_AG03,FALSE,NOT_FOR_ENFORCEMENT,-59.2487,590.4963,-61.7174,-59.2487,-2.4687,-0.09575522,-0.09192501,-2.4687,-59.2487,-0.09192501,-2.4687,-2.4687,-2.4687,-3.0859,-3.0859,-59.2487,-0.09192501,-13.5778,-12.4376,-48.1395,-49.2797,-0.07468907,-0.07645808,-0.00383021,14.9891,19.2219,-1.9287,-12.3435,-7.7147,128.9065,6.4000,12.1112,18.6244,2.5818,12.9089,25.0957,34.286,43.4591,53.7455,12.9089,-2.5818,3.3666,4.163447,1.161148,5,7,5,5,0.45097551,-0.09575522,0.20975705,0E-8,0.000000,0.954335,0.000000,-0.55646383,2026-05-01,2026-08-01,5,8,8,93,0.053763,0.650285,0.807998,1.503252,,,,,,,,GLOBAL_BASELINE_NO_ENTITY_RANKING,,,NOT_APPLICABLE_GLOBAL_BASELINE,HF9g-P5,,,,X 全窗基线 · 不参与实体赏罚,3925910,393,A168_HF9F_20260827_0900,2026-08-27 09:00:00
2026-05-01,149391733,595,0,184.2146230088,40.9942400498,40.9942400498,0.6250000,8,8,0.49994810000000000,0.499948100000,0.7074003757330176,0.7074003757330176,0.7074003757330176,0E-17,ELIGIBLE,R03b_20260811_FULL_v1,L1_ELIGIBILITY,v2026-08-11,2026-03-21..2026-08-06,baccarat_bet02_101_all_pairs_incl_sentinel,round_win = game_pnl > 0 (decisive only),COMPATIBILITY_ONLY_NOT_PRODUCTION,644.5325,615.1003,-61.7174,43,32,0.09575522,-0.20975705,0.34670678,0.09575522,61.7174,644.5325,OK,0.0000,-2.4687,4.0000,96.0000,AG03-UNRESOLVED,ALL5_LEVELS_bet23_to_bet27,-2.4687,-2.4687,-2.4687,-3.0859,-3.0859,4.000000,4.000000,4.000000,5.000000,5.000000,96.000000,96.000000,96.000000,95.000000,95.000000,5.0,-13.5778,-12.4376,-48.1395,-49.2797,PENDING_AG03,FALSE,NOT_FOR_ENFORCEMENT,-59.2487,590.4963,-61.7174,-59.2487,-2.4687,-0.09575522,-0.09192501,-2.4687,-59.2487,-0.09192501,-2.4687,-2.4687,-2.4687,-3.0859,-3.0859,-59.2487,-0.09192501,-13.5778,-12.4376,-48.1395,-49.2797,-0.07468907,-0.07645808,-0.00383021,14.9891,19.2219,-1.9287,-12.3435,-7.7147,128.9065,6.4000,12.1112,18.6244,2.5818,12.9089,25.0957,34.286,43.4591,53.7455,12.9089,-2.5818,3.3666,4.163447,1.161148,5,7,5,5,0.45097551,-0.09575522,0.20975705,0E-8,0.000000,0.954335,0.000000,-0.55646383,2026-05-01,2026-08-01,5,8,8,93,0.053763,0.650285,0.807998,1.503252,,,,,,,,GLOBAL_BASELINE_NO_ENTITY_RANKING,,,NOT_APPLICABLE_GLOBAL_BASELINE,HF9g-P5,,,,X 全窗基线 · 不参与实体赏罚,3925911,393,A168_HF9F_20260827_0900,2026-08-27 09:00:00
2026-06-01,149391733,2134,0,148.8929462289,76.5037158948,76.5037158948,0.7142857,9,7,0.48711014880936234,0.457213923810,1.2024997533067319,1.3653040210633491,1.2024997533067319,0.02989622499936234,ELIGIBLE,R03b_20260811_FULL_v1,L1_ELIGIBILITY,v2026-08-11,2026-03-21..2026-08-06,baccarat_bet02_101_all_pairs_incl_sentinel,round_win = game_pnl > 0 (decisive only),COMPATIBILITY_ONLY_NOT_PRODUCTION,644.5325,615.1003,-61.7174,43,32,0.09575522,-0.20975705,0.34670678,0.09575522,61.7174,644.5325,OK,0.0000,-2.4687,4.0000,96.0000,AG03-UNRESOLVED,ALL5_LEVELS_bet23_to_bet27,-2.4687,-2.4687,-2.4687,-3.0859,-3.0859,4.000000,4.000000,4.000000,5.000000,5.000000,96.000000,96.000000,96.000000,95.000000,95.000000,5.0,-13.5778,-12.4376,-48.1395,-49.2797,PENDING_AG03,FALSE,NOT_FOR_ENFORCEMENT,-59.2487,590.4963,-61.7174,-59.2487,-2.4687,-0.09575522,-0.09192501,-2.4687,-59.2487,-0.09192501,-2.4687,-2.4687,-2.4687,-3.0859,-3.0859,-59.2487,-0.09192501,-13.5778,-12.4376,-48.1395,-49.2797,-0.07468907,-0.07645808,-0.00383021,14.9891,19.2219,-1.9287,-12.3435,-7.7147,128.9065,6.4000,12.1112,18.6244,2.5818,12.9089,25.0957,34.286,43.4591,53.7455,12.9089,-2.5818,3.3666,4.163447,1.161148,5,7,5,5,0.45097551,-0.09575522,0.20975705,0E-8,0.000000,0.954335,0.000000,-0.55646383,2026-05-01,2026-08-01,5,8,8,93,0.053763,0.650285,0.807998,1.503252,,,,,,,,GLOBAL_BASELINE_NO_ENTITY_RANKING,,,NOT_APPLICABLE_GLOBAL_BASELINE,HF9g-P5,,,,X 全窗基线 · 不参与实体赏罚,3925912,393,A168_HF9F_20260827_0900,2026-08-27 09:00:00
2026-07-24,149391733,1623,0,2.5817778122,-2.5817778122,-2.5817778122,0E-7,1,1,0.49324550000000000,0.493245500000,-0.9865810262130424,-0.9865810262130424,-0.9865810262130424,0E-17,ELIGIBLE,R03b_20260811_FULL_v1,L1_ELIGIBILITY,v2026-08-11,2026-03-21..2026-08-06,baccarat_bet02_101_all_pairs_incl_sentinel,round_win = game_pnl > 0 (decisive only),COMPATIBILITY_ONLY_NOT_PRODUCTION,644.5325,615.1003,-61.7174,43,32,0.09575522,-0.20975705,0.34670678,0.09575522,61.7174,644.5325,OK,0.0000,-2.4687,4.0000,96.0000,AG03-UNRESOLVED,ALL5_LEVELS_bet23_to_bet27,-2.4687,-2.4687,-2.4687,-3.0859,-3.0859,4.000000,4.000000,4.000000,5.000000,5.000000,96.000000,96.000000,96.000000,95.000000,95.000000,5.0,-13.5778,-12.4376,-48.1395,-49.2797,PENDING_AG03,FALSE,NOT_FOR_ENFORCEMENT,-59.2487,590.4963,-61.7174,-59.2487,-2.4687,-0.09575522,-0.09192501,-2.4687,-59.2487,-0.09192501,-2.4687,-2.4687,-2.4687,-3.0859,-3.0859,-59.2487,-0.09192501,-13.5778,-12.4376,-48.1395,-49.2797,-0.07468907,-0.07645808,-0.00383021,14.9891,19.2219,-1.9287,-12.3435,-7.7147,128.9065,6.4000,12.1112,18.6244,2.5818,12.9089,25.0957,34.286,43.4591,53.7455,12.9089,-2.5818,3.3666,4.163447,1.161148,5,7,5,5,0.45097551,-0.09575522,0.20975705,0E-8,0.000000,0.954335,0.000000,-0.55646383,2026-05-01,2026-08-01,5,8,8,93,0.053763,0.650285,0.807998,1.503252,,,,,,,,GLOBAL_BASELINE_NO_ENTITY_RANKING,,,NOT_APPLICABLE_GLOBAL_BASELINE,HF9g-P5,,,,X 全窗基线 · 不参与实体赏罚,3925913,393,A168_HF9F_20260827_0900,2026-08-27 09:00:00
2026-07-29,149391733,1990,0,193.6333359151,-49.5701339942,-49.5701339942,0.2500000,14,9,0.42673430984406658,0.352628566667,-1.0106693743463044,-0.6075440128733838,-1.0106693743463044,0.07410574317706658,ELIGIBLE,R03b_20260811_FULL_v1,L1_ELIGIBILITY,v2026-08-11,2026-03-21..2026-08-06,baccarat_bet02_101_all_pairs_incl_sentinel,round_win = game_pnl > 0 (decisive only),COMPATIBILITY_ONLY_NOT_PRODUCTION,644.5325,615.1003,-61.7174,43,32,0.09575522,-0.20975705,0.34670678,0.09575522,61.7174,644.5325,OK,0.0000,-2.4687,4.0000,96.0000,AG03-UNRESOLVED,ALL5_LEVELS_bet23_to_bet27,-2.4687,-2.4687,-2.4687,-3.0859,-3.0859,4.000000,4.000000,4.000000,5.000000,5.000000,96.000000,96.000000,96.000000,95.000000,95.000000,5.0,-13.5778,-12.4376,-48.1395,-49.2797,PENDING_AG03,FALSE,NOT_FOR_ENFORCEMENT,-59.2487,590.4963,-61.7174,-59.2487,-2.4687,-0.09575522,-0.09192501,-2.4687,-59.2487,-0.09192501,-2.4687,-2.4687,-2.4687,-3.0859,-3.0859,-59.2487,-0.09192501,-13.5778,-12.4376,-48.1395,-49.2797,-0.07468907,-0.07645808,-0.00383021,14.9891,19.2219,-1.9287,-12.3435,-7.7147,128.9065,6.4000,12.1112,18.6244,2.5818,12.9089,25.0957,34.286,43.4591,53.7455,12.9089,-2.5818,3.3666,4.163447,1.161148,5,7,5,5,0.45097551,-0.09575522,0.20975705,0E-8,0.000000,0.954335,0.000000,-0.55646383,2026-05-01,2026-08-01,5,8,8,93,0.053763,0.650285,0.807998,1.503252,,,,,,,,GLOBAL_BASELINE_NO_ENTITY_RANKING,,,NOT_APPLICABLE_GLOBAL_BASELINE,HF9g-P5,,,,X 全窗基线 · 不参与实体赏罚,3925914,393,A168_HF9F_20260827_0900,2026-08-27 09:00:00
2026-07-29,149391733,526,0,86.7477344899,-16.5233779981,-16.5233779981,0.2500000,8,4,0.43200803725960904,0.330513625000,-0.734858214919983,-0.34232121979359315,-0.734858214919983,0.10149441225960904,ELIGIBLE,R03b_20260811_FULL_v1,L1_ELIGIBILITY,v2026-08-11,2026-03-21..2026-08-06,baccarat_bet02_101_all_pairs_incl_sentinel,round_win = game_pnl > 0 (decisive only),COMPATIBILITY_ONLY_NOT_PRODUCTION,644.5325,615.1003,-61.7174,43,32,0.09575522,-0.20975705,0.34670678,0.09575522,61.7174,644.5325,OK,0.0000,-2.4687,4.0000,96.0000,AG03-UNRESOLVED,ALL5_LEVELS_bet23_to_bet27,-2.4687,-2.4687,-2.4687,-3.0859,-3.0859,4.000000,4.000000,4.000000,5.000000,5.000000,96.000000,96.000000,96.000000,95.000000,95.000000,5.0,-13.5778,-12.4376,-48.1395,-49.2797,PENDING_AG03,FALSE,NOT_FOR_ENFORCEMENT,-59.2487,590.4963,-61.7174,-59.2487,-2.4687,-0.09575522,-0.09192501,-2.4687,-59.2487,-0.09192501,-2.4687,-2.4687,-2.4687,-3.0859,-3.0859,-59.2487,-0.09192501,-13.5778,-12.4376,-48.1395,-49.2797,-0.07468907,-0.07645808,-0.00383021,14.9891,19.2219,-1.9287,-12.3435,-7.7147,128.9065,6.4000,12.1112,18.6244,2.5818,12.9089,25.0957,34.286,43.4591,53.7455,12.9089,-2.5818,3.3666,4.163447,1.161148,5,7,5,5,0.45097551,-0.09575522,0.20975705,0E-8,0.000000,0.954335,0.000000,-0.55646383,2026-05-01,2026-08-01,5,8,8,93,0.053763,0.650285,0.807998,1.503252,,,,,,,,GLOBAL_BASELINE_NO_ENTITY_RANKING,,,NOT_APPLICABLE_GLOBAL_BASELINE,HF9g-P5,,,,X 全窗基线 · 不参与实体赏罚,3925915,393,A168_HF9F_20260827_0900,2026-08-27 09:00:00
2026-08-01,149391733,2256,0,7.7055454242,7.7055454242,7.7055454242,1.0000000,1,1,0.49324550000000000,0.493245500000,1.01360149184955,1.01360149184955,1.01360149184955,0E-17,ELIGIBLE,R03b_20260811_FULL_v1,L1_ELIGIBILITY,v2026-08-11,2026-03-21..2026-08-06,baccarat_bet02_101_all_pairs_incl_sentinel,round_win = game_pnl > 0 (decisive only),COMPATIBILITY_ONLY_NOT_PRODUCTION,644.5325,615.1003,-61.7174,43,32,0.09575522,-0.20975705,0.34670678,0.09575522,61.7174,644.5325,OK,0.0000,-2.4687,4.0000,96.0000,AG03-UNRESOLVED,ALL5_LEVELS_bet23_to_bet27,-2.4687,-2.4687,-2.4687,-3.0859,-3.0859,4.000000,4.000000,4.000000,5.000000,5.000000,96.000000,96.000000,96.000000,95.000000,95.000000,5.0,-13.5778,-12.4376,-48.1395,-49.2797,PENDING_AG03,FALSE,NOT_FOR_ENFORCEMENT,-59.2487,590.4963,-61.7174,-59.2487,-2.4687,-0.09575522,-0.09192501,-2.4687,-59.2487,-0.09192501,-2.4687,-2.4687,-2.4687,-3.0859,-3.0859,-59.2487,-0.09192501,-13.5778,-12.4376,-48.1395,-49.2797,-0.07468907,-0.07645808,-0.00383021,14.9891,19.2219,-1.9287,-12.3435,-7.7147,128.9065,6.4000,12.1112,18.6244,2.5818,12.9089,25.0957,34.286,43.4591,53.7455,12.9089,-2.5818,3.3666,4.163447,1.161148,5,7,5,5,0.45097551,-0.09575522,0.20975705,0E-8,0.000000,0.954335,0.000000,-0.55646383,2026-05-01,2026-08-01,5,8,8,93,0.053763,0.650285,0.807998,1.503252,,,,,,,,GLOBAL_BASELINE_NO_ENTITY_RANKING,,,NOT_APPLICABLE_GLOBAL_BASELINE,HF9g-P5,,,,X 全窗基线 · 不参与实体赏罚,3925916,393,A168_HF9F_20260827_0900,2026-08-27 09:00:00
2026-06-28,152205130,2101,0,23.1439812794,61.7172834107,61.7172834107,0.2500000,8,4,0.27804150833280640,0.257715850000,-0.12517581669994082,-0.03528239953668273,-0.12517581669994082,0.02032565833280640,ELIGIBLE,R03b_20260811_FULL_v1,L1_ELIGIBILITY,v2026-08-11,2026-03-21..2026-08-06,baccarat_bet02_101_all_pairs_incl_sentinel,round_win = game_pnl > 0 (decisive only),COMPATIBILITY_ONLY_NOT_PRODUCTION,23.1440,23.1440,-61.7173,8,4,2.66666667,,2.66666667,2.66666667,61.7173,23.1440,THIN_EXPOSURE,0.0000,-2.4687,4.0000,96.0000,AG03-UNRESOLVED,ALL5_LEVELS_bet23_to_bet27,-2.4687,-2.4687,-2.4687,-3.0859,-3.0859,4.000000,4.000000,4.000000,5.000000,5.000000,96.000000,96.000000,96.000000,95.000000,95.000000,5.0,-13.5778,-12.4376,-48.1395,-49.2797,PENDING_AG03,FALSE,NOT_FOR_ENFORCEMENT,-59.2486,22.2182,-61.7173,-59.2486,-2.4687,-2.66666667,-2.56000000,-2.4687,-59.2486,-2.56000000,-2.4687,-2.4687,-2.4687,-3.0859,-3.0859,-59.2486,-2.56000000,-13.5778,-12.4376,-48.1395,-49.2797,-2.08000000,-2.12926464,-0.10666667,2.8930,5.7860,-15.4293,-61.7173,-61.7173,23.1440,4.0000,,2.8930,2.5716,2.5716,2.5716,4.3716,5.1431,5.1431,2.5716,-2.5716,2.0,2.0,1.125,1,1,1,3,0E-8,-2.66666667,,0E-8,0.000000,1.000000,0.000000,,2026-06-28,2026-06-28,1,1,1,1,1.000000,,,0.000000,,,,,,,,GLOBAL_BASELINE_NO_ENTITY_RANKING,,,NOT_APPLICABLE_GLOBAL_BASELINE,HF9g-P5,,,,X 全窗基线 · 不参与实体赏罚,3925917,393,A168_HF9F_20260827_0900,2026-08-27 09:00:00
2026-06-10,142209857,-1,1,20.5724278037,74.5750507882,74.5750507882,1.0000000,2,2,0.29392415000000000,0.293924150000,2.191911630770837,2.191911630770837,2.191911630770837,0E-17,SENTINEL_DEALER,R03b_20260811_FULL_v1,L1_ELIGIBILITY,v2026-08-11,2026-03-21..2026-08-06,baccarat_bet02_101_all_pairs_incl_sentinel,round_win = game_pnl > 0 (decisive only),COMPATIBILITY_ONLY_NOT_PRODUCTION,46.2880,33.4302,-61.7173,5,3,1.33333333,,1.33333333,1.33333333,61.7173,46.2880,THIN_EXPOSURE,0.0000,-2.4687,4.0000,96.0000,AG03-UNRESOLVED,ALL5_LEVELS_bet23_to_bet27,-2.4687,-2.4687,-3.0859,-3.0859,-3.0859,4.000000,4.000000,5.000000,5.000000,5.000000,96.000000,96.000000,95.000000,95.000000,95.000000,5.0,-14.1950,-12.951,-47.5223,-48.7663,PENDING_AG03,FALSE,NOT_FOR_ENFORCEMENT,-59.2486,32.0930,-61.7173,-59.2486,-2.4687,-1.33333333,-1.28000000,-2.4687,-59.2486,-1.28000000,-2.4687,-2.4687,-3.0859,-3.0859,-3.0859,-59.2486,-1.28000000,-14.1950,-12.951,-47.5223,-48.7663,-1.02666667,-1.0535424,-0.05333333,9.2576,11.1434,-20.5724,-61.7173,-30.8586,46.2880,3.0000,,9.2576,7.0718,7.7147,12.8578,12.8578,12.8578,12.8578,7.7147,0.0,1.666667,1.666667,1.2,2,2,1,4,0E-8,-1.33333333,,0E-8,0.000000,0.722222,0.000000,,2026-06-10,2026-06-10,1,2,2,1,1.000000,,,0.000000,,,,,,,,GLOBAL_BASELINE_NO_ENTITY_RANKING,,,NOT_APPLICABLE_GLOBAL_BASELINE,HF9g-P5,,,,X 全窗基线 · 不参与实体赏罚,3925918,393,A168_HF9F_20260827_0900,2026-08-27 09:00:00
2026-06-10,142209857,1623,0,25.7155347546,-12.8577673773,-12.8577673773,0E-7,3,1,0.27486598000004881,0.197889300000,-0.6156747674709239,-0.4966998184331015,-0.6156747674709239,0.07697668000004881,ELIGIBLE,R03b_20260811_FULL_v1,L1_ELIGIBILITY,v2026-08-11,2026-03-21..2026-08-06,baccarat_bet02_101_all_pairs_incl_sentinel,round_win = game_pnl > 0 (decisive only),COMPATIBILITY_ONLY_NOT_PRODUCTION,46.2880,33.4302,-61.7173,5,3,1.33333333,,1.33333333,1.33333333,61.7173,46.2880,THIN_EXPOSURE,0.0000,-2.4687,4.0000,96.0000,AG03-UNRESOLVED,ALL5_LEVELS_bet23_to_bet27,-2.4687,-2.4687,-3.0859,-3.0859,-3.0859,4.000000,4.000000,5.000000,5.000000,5.000000,96.000000,96.000000,95.000000,95.000000,95.000000,5.0,-14.1950,-12.951,-47.5223,-48.7663,PENDING_AG03,FALSE,NOT_FOR_ENFORCEMENT,-59.2486,32.0930,-61.7173,-59.2486,-2.4687,-1.33333333,-1.28000000,-2.4687,-59.2486,-1.28000000,-2.4687,-2.4687,-3.0859,-3.0859,-3.0859,-59.2486,-1.28000000,-14.1950,-12.951,-47.5223,-48.7663,-1.02666667,-1.0535424,-0.05333333,9.2576,11.1434,-20.5724,-61.7173,-30.8586,46.2880,3.0000,,9.2576,7.0718,7.7147,12.8578,12.8578,12.8578,12.8578,7.7147,0.0,1.666667,1.666667,1.2,2,2,1,4,0E-8,-1.33333333,,0E-8,0.000000,0.722222,0.000000,,2026-06-10,2026-06-10,1,2,2,1,1.000000,,,0.000000,,,,,,,,GLOBAL_BASELINE_NO_ENTITY_RANKING,,,NOT_APPLICABLE_GLOBAL_BASELINE,HF9g-P5,,,,X 全窗基线 · 不参与实体赏罚,3925919,393,A168_HF9F_20260827_0900,2026-08-27 09:00:00
2026-06-09,115517706,1331,0,61.7172834110,61.7172834110,61.7172834110,1.0000000,3,3,0.49324550000000000,0.493245500000,1.755609282511032,1.7556092825110319,1.755609282511032,0E-17,ELIGIBLE,R03b_20260811_FULL_v1,L1_ELIGIBILITY,v2026-08-11,2026-03-21..2026-08-06,baccarat_bet02_101_all_pairs_incl_sentinel,round_win = game_pnl > 0 (decisive only),COMPATIBILITY_ONLY_NOT_PRODUCTION,61.7173,61.7173,-61.7173,3,3,1.00000000,,1.00000000,1.00000000,61.7173,61.7173,THIN_EXPOSURE,0.0000,-2.4687,4.0000,96.0000,AG03-UNRESOLVED,ALL5_LEVELS_bet23_to_bet27,-2.4687,-2.4687,-2.4687,-3.0859,-3.0859,4.000000,4.000000,4.000000,5.000000,5.000000,96.000000,96.000000,96.000000,95.000000,95.000000,5.0,-13.5778,-12.4376,-48.1395,-49.2797,PENDING_AG03,FALSE,NOT_FOR_ENFORCEMENT,-59.2486,59.2486,-61.7173,-59.2486,-2.4687,-1.00000000,-0.96000000,-2.4687,-59.2486,-0.96000000,-2.4687,-2.4687,-2.4687,-3.0859,-3.0859,-59.2486,-0.96000000,-13.5778,-12.4376,-48.1395,-49.2797,-0.78000000,-0.79847424,-0.04000000,20.5724,20.5724,-20.5724,-61.7173,-61.7173,61.7173,3.0000,,20.5724,10.2862,18.0009,31.5015,36.0017,36.0017,36.0017,18.0009,18.0009,2.0,2.0,1.142857,1,1,1,1,0E-8,-1.00000000,,0E-8,0.000000,1.000000,0.000000,,2026-06-09,2026-06-09,1,1,1,1,1.000000,,,0.000000,,,,,,,,GLOBAL_BASELINE_NO_ENTITY_RANKING,,,NOT_APPLICABLE_GLOBAL_BASELINE,HF9g-P5,,,,X 全窗基线 · 不参与实体赏罚,3925920,393,A168_HF9F_20260827_0900,2026-08-27 09:00:00
2026-05-31,134876799,2235,0,7.7146604265,5.1431069510,5.1431069510,1.0000000,3,3,0.49771390000000000,0.497713900000,1.4206944795187548,1.420694479518755,1.4206944795187548,0E-17,ELIGIBLE,R03b_20260811_FULL_v1,L1_ELIGIBILITY,v2026-08-11,2026-03-21..2026-08-06,baccarat_bet02_101_all_pairs_incl_sentinel,round_win = game_pnl > 0 (decisive only),COMPATIBILITY_ONLY_NOT_PRODUCTION,64.2888,61.7173,-61.7173,4,4,0.96000000,,0.96000000,0.96000000,61.7173,64.2888,THIN_EXPOSURE,0.0000,-2.4687,4.0000,96.0000,AG03-UNRESOLVED,ALL5_LEVELS_bet23_to_bet27,-2.4687,-2.4687,-2.4687,-3.0859,-3.0859,4.000000,4.000000,4.000000,5.000000,5.000000,96.000000,96.000000,96.000000,95.000000,95.000000,5.0,-13.5778,-12.4376,-48.1395,-49.2797,PENDING_AG03,FALSE,NOT_FOR_ENFORCEMENT,-59.2486,59.2486,-61.7173,-59.2486,-2.4687,-0.96000000,-0.92160000,-2.4687,-59.2486,-0.92160000,-2.4687,-2.4687,-2.4687,-3.0859,-3.0859,-59.2486,-0.92160000,-13.5778,-12.4376,-48.1395,-49.2797,-0.74880000,-0.76653527,-0.03840000,16.0722,15.4293,-15.4293,-30.8586,-30.8586,32.1444,2.0000,,16.0722,2.5716,2.5716,29.5729,56.5742,56.5742,56.5742,2.5716,2.5716,22.0,22.0,6.25,2,2,1,2,0E-8,-0.96000000,,0E-8,0.000000,0.960000,0.000000,,2026-05-31,2026-06-01,2,2,2,2,1.000000,,,0.000000,,,,,,,,GLOBAL_BASELINE_NO_ENTITY_RANKING,,,NOT_APPLICABLE_GLOBAL_BASELINE,HF9g-P5,,,,X 全窗基线 · 不参与实体赏罚,3925921,393,A168_HF9F_20260827_0900,2026-08-27 09:00:00
2026-06-01,134876799,1396,0,56.5741764600,56.5741764600,56.5741764600,1.0000000,1,1,0.49324550000000000,0.493245500000,1.01360149184955,1.01360149184955,1.01360149184955,0E-17,ELIGIBLE,R03b_20260811_FULL_v1,L1_ELIGIBILITY,v2026-08-11,2026-03-21..2026-08-06,baccarat_bet02_101_all_pairs_incl_sentinel,round_win = game_pnl > 0 (decisive only),COMPATIBILITY_ONLY_NOT_PRODUCTION,64.2888,61.7173,-61.7173,4,4,0.96000000,,0.96000000,0.96000000,61.7173,64.2888,THIN_EXPOSURE,0.0000,-2.4687,4.0000,96.0000,AG03-UNRESOLVED,ALL5_LEVELS_bet23_to_bet27,-2.4687,-2.4687,-2.4687,-3.0859,-3.0859,4.000000,4.000000,4.000000,5.000000,5.000000,96.000000,96.000000,96.000000,95.000000,95.000000,5.0,-13.5778,-12.4376,-48.1395,-49.2797,PENDING_AG03,FALSE,NOT_FOR_ENFORCEMENT,-59.2486,59.2486,-61.7173,-59.2486,-2.4687,-0.96000000,-0.92160000,-2.4687,-59.2486,-0.92160000,-2.4687,-2.4687,-2.4687,-3.0859,-3.0859,-59.2486,-0.92160000,-13.5778,-12.4376,-48.1395,-49.2797,-0.74880000,-0.76653527,-0.03840000,16.0722,15.4293,-15.4293,-30.8586,-30.8586,32.1444,2.0000,,16.0722,2.5716,2.5716,29.5729,56.5742,56.5742,56.5742,2.5716,2.5716,22.0,22.0,6.25,2,2,1,2,0E-8,-0.96000000,,0E-8,0.000000,0.960000,0.000000,,2026-05-31,2026-06-01,2,2,2,2,1.000000,,,0.000000,,,,,,,,GLOBAL_BASELINE_NO_ENTITY_RANKING,,,NOT_APPLICABLE_GLOBAL_BASELINE,HF9g-P5,,,,X 全窗基线 · 不参与实体赏罚,3925922,393,A168_HF9F_20260827_0900,2026-08-27 09:00:00
2026-06-10,148728831,1307,0,7.7146604264,-7.7146604264,-7.7146604264,0E-7,1,1,0.50665070000000000,0.506650700000,-1.013391052207602,-1.013391052207602,-1.013391052207602,0E-17,ELIGIBLE,R03b_20260811_FULL_v1,L1_ELIGIBILITY,v2026-08-11,2026-03-21..2026-08-06,baccarat_bet02_101_all_pairs_incl_sentinel,round_win = game_pnl > 0 (decisive only),COMPATIBILITY_ONLY_NOT_PRODUCTION,77.1466,77.1466,-61.7173,4,4,0.80000000,,0.80000000,0.80000000,61.7173,77.1466,THIN_EXPOSURE,0.0000,-2.4687,4.0000,96.0000,AG03-UNRESOLVED,ALL5_LEVELS_bet23_to_bet27,-2.4687,-2.4687,-3.0859,-3.0859,-3.0859,4.000000,4.000000,5.000000,5.000000,5.000000,96.000000,96.000000,95.000000,95.000000,95.000000,5.0,-14.1950,-12.951,-47.5223,-48.7663,PENDING_AG03,FALSE,NOT_FOR_ENFORCEMENT,-59.2486,74.0607,-61.7173,-59.2486,-2.4687,-0.80000000,-0.76800000,-2.4687,-59.2486,-0.76800000,-2.4687,-2.4687,-3.0859,-3.0859,-3.0859,-59.2486,-0.76800000,-14.1950,-12.951,-47.5223,-48.7663,-0.61600000,-0.63212544,-0.03200000,19.2867,19.2867,-15.4293,-61.7173,-61.7173,77.1466,4.0000,,19.2867,7.7147,19.2867,30.8586,30.8586,30.8586,30.8586,19.2867,19.2867,1.6,1.6,1.0,1,2,1,2,0E-8,-0.80000000,,0E-8,0.000000,1.000000,0.000000,,2026-06-10,2026-06-10,1,1,1,1,1.000000,,,0.000000,,,,,,,,GLOBAL_BASELINE_NO_ENTITY_RANKING,,,NOT_APPLICABLE_GLOBAL_BASELINE,HF9g-P5,,,,X 全窗基线 · 不参与实体赏罚,3925923,393,A168_HF9F_20260827_0900,2026-08-27 09:00:00
2026-06-10,148728831,2223,0,69.4319438374,69.4319438374,69.4319438374,1.0000000,3,3,0.49324550000000000,0.493245500000,1.755609282511032,1.7556092825110319,1.755609282511032,0E-17,ELIGIBLE,R03b_20260811_FULL_v1,L1_ELIGIBILITY,v2026-08-11,2026-03-21..2026-08-06,baccarat_bet02_101_all_pairs_incl_sentinel,round_win = game_pnl > 0 (decisive only),COMPATIBILITY_ONLY_NOT_PRODUCTION,77.1466,77.1466,-61.7173,4,4,0.80000000,,0.80000000,0.80000000,61.7173,77.1466,THIN_EXPOSURE,0.0000,-2.4687,4.0000,96.0000,AG03-UNRESOLVED,ALL5_LEVELS_bet23_to_bet27,-2.4687,-2.4687,-3.0859,-3.0859,-3.0859,4.000000,4.000000,5.000000,5.000000,5.000000,96.000000,96.000000,95.000000,95.000000,95.000000,5.0,-14.1950,-12.951,-47.5223,-48.7663,PENDING_AG03,FALSE,NOT_FOR_ENFORCEMENT,-59.2486,74.0607,-61.7173,-59.2486,-2.4687,-0.80000000,-0.76800000,-2.4687,-59.2486,-0.76800000,-2.4687,-2.4687,-3.0859,-3.0859,-3.0859,-59.2486,-0.76800000,-14.1950,-12.951,-47.5223,-48.7663,-0.61600000,-0.63212544,-0.03200000,19.2867,19.2867,-15.4293,-61.7173,-61.7173,77.1466,4.0000,,19.2867,7.7147,19.2867,30.8586,30.8586,30.8586,30.8586,19.2867,19.2867,1.6,1.6,1.0,1,2,1,2,0E-8,-0.80000000,,0E-8,0.000000,1.000000,0.000000,,2026-06-10,2026-06-10,1,1,1,1,1.000000,,,0.000000,,,,,,,,GLOBAL_BASELINE_NO_ENTITY_RANKING,,,NOT_APPLICABLE_GLOBAL_BASELINE,HF9g-P5,,,,X 全窗基线 · 不参与实体赏罚,3925924,393,A168_HF9F_20260827_0900,2026-08-27 09:00:00
2026-06-14,151477249,1306,0,51.4310695091,36.0017486563,36.0017486563,0.5000000,2,2,0.49994810000000000,0.499948100000,0.00014679536856514622,0.00014679536856514622,0.00014679536856514622,0E-17,ELIGIBLE,R03b_20260811_FULL_v1,L1_ELIGIBILITY,v2026-08-11,2026-03-21..2026-08-06,baccarat_bet02_101_all_pairs_incl_sentinel,round_win = game_pnl > 0 (decisive only),COMPATIBILITY_ONLY_NOT_PRODUCTION,77.1466,77.1466,-61.7173,3,3,0.80000000,,0.80000000,0.80000000,61.7173,77.1466,THIN_EXPOSURE,0.0000,-2.4687,4.0000,96.0000,AG03-UNRESOLVED,ALL5_LEVELS_bet23_to_bet27,-2.4687,-2.4687,-2.4687,-3.0859,-3.0859,4.000000,4.000000,4.000000,5.000000,5.000000,96.000000,96.000000,96.000000,95.000000,95.000000,5.0,-13.5778,-12.4376,-48.1395,-49.2797,PENDING_AG03,FALSE,NOT_FOR_ENFORCEMENT,-59.2486,74.0607,-61.7173,-59.2486,-2.4687,-0.80000000,-0.76800000,-2.4687,-59.2486,-0.76800000,-2.4687,-2.4687,-2.4687,-3.0859,-3.0859,-59.2486,-0.76800000,-13.5778,-12.4376,-48.1395,-49.2797,-0.62400000,-0.63877939,-0.03200000,25.7155,25.7155,-20.5724,-61.7173,-30.8586,77.1466,3.0000,,25.7155,12.2149,25.7155,39.2162,43.7164,43.7164,43.7164,25.7155,25.7155,1.7,1.7,1.0,2,2,1,2,0E-8,-0.80000000,,0E-8,0.000000,1.000000,0.000000,,2026-06-14,2026-06-14,1,2,2,1,1.000000,,,0.000000,,,,,,,,GLOBAL_BASELINE_NO_ENTITY_RANKING,,,NOT_APPLICABLE_GLOBAL_BASELINE,HF9g-P5,,,,X 全窗基线 · 不参与实体赏罚,3925925,393,A168_HF9F_20260827_0900,2026-08-27 09:00:00
2026-06-14,151477249,1402,0,25.7155347545,25.7155347545,25.7155347545,1.0000000,1,1,0.49324550000000000,0.493245500000,1.01360149184955,1.01360149184955,1.01360149184955,0E-17,ELIGIBLE,R03b_20260811_FULL_v1,L1_ELIGIBILITY,v2026-08-11,2026-03-21..2026-08-06,baccarat_bet02_101_all_pairs_incl_sentinel,round_win = game_pnl > 0 (decisive only),COMPATIBILITY_ONLY_NOT_PRODUCTION,77.1466,77.1466,-61.7173,3,3,0.80000000,,0.80000000,0.80000000,61.7173,77.1466,THIN_EXPOSURE,0.0000,-2.4687,4.0000,96.0000,AG03-UNRESOLVED,ALL5_LEVELS_bet23_to_bet27,-2.4687,-2.4687,-2.4687,-3.0859,-3.0859,4.000000,4.000000,4.000000,5.000000,5.000000,96.000000,96.000000,96.000000,95.000000,95.000000,5.0,-13.5778,-12.4376,-48.1395,-49.2797,PENDING_AG03,FALSE,NOT_FOR_ENFORCEMENT,-59.2486,74.0607,-61.7173,-59.2486,-2.4687,-0.80000000,-0.76800000,-2.4687,-59.2486,-0.76800000,-2.4687,-2.4687,-2.4687,-3.0859,-3.0859,-59.2486,-0.76800000,-13.5778,-12.4376,-48.1395,-49.2797,-0.62400000,-0.63877939,-0.03200000,25.7155,25.7155,-20.5724,-61.7173,-30.8586,77.1466,3.0000,,25.7155,12.2149,25.7155,39.2162,43.7164,43.7164,43.7164,25.7155,25.7155,1.7,1.7,1.0,2,2,1,2,0E-8,-0.80000000,,0E-8,0.000000,1.000000,0.000000,,2026-06-14,2026-06-14,1,2,2,1,1.000000,,,0.000000,,,,,,,,GLOBAL_BASELINE_NO_ENTITY_RANKING,,,NOT_APPLICABLE_GLOBAL_BASELINE,HF9g-P5,,,,X 全窗基线 · 不参与实体赏罚,3925926,393,A168_HF9F_20260827_0900,2026-08-27 09:00:00
2026-06-25,152026533,2093,0,12.8577673773,12.8577673773,12.8577673773,1.0000000,1,1,0.49324550000000000,0.493245500000,1.01360149184955,1.01360149184955,1.01360149184955,0E-17,ELIGIBLE,R03b_20260811_FULL_v1,L1_ELIGIBILITY,v2026-08-11,2026-03-21..2026-08-06,baccarat_bet02_101_all_pairs_incl_sentinel,round_win = game_pnl > 0 (decisive only),COMPATIBILITY_ONLY_NOT_PRODUCTION,90.0044,64.2888,-61.7173,4,4,0.68571429,,0.68571429,0.68571429,61.7173,90.0044,THIN_EXPOSURE,0.0000,-2.4687,4.0000,96.0000,AG03-UNRESOLVED,ALL5_LEVELS_bet23_to_bet27,-2.4687,-2.4687,-2.4687,-3.0859,-3.0859,4.000000,4.000000,4.000000,5.000000,5.000000,96.000000,96.000000,96.000000,95.000000,95.000000,5.0,-13.5778,-12.4376,-48.1395,-49.2797,PENDING_AG03,FALSE,NOT_FOR_ENFORCEMENT,-59.2486,61.7173,-61.7173,-59.2486,-2.4687,-0.68571429,-0.65828571,-2.4687,-59.2486,-0.65828571,-2.4687,-2.4687,-2.4687,-3.0859,-3.0859,-59.2486,-0.65828571,-13.5778,-12.4376,-48.1395,-49.2797,-0.53485714,-0.54752519,-0.02742857,22.5011,16.0722,-15.4293,-61.7173,-30.8586,90.0044,4.0000,,22.5011,19.2867,25.7155,25.7155,25.7155,25.7155,25.7155,19.2867,18.6438,1.0,1.0,0.875,2,2,1,2,0E-8,-0.68571429,,0E-8,0.000000,0.714286,0.000000,,2026-06-25,2026-06-25,1,2,2,1,1.000000,,,0.000000,,,,,,,,GLOBAL_BASELINE_NO_ENTITY_RANKING,,,NOT_APPLICABLE_GLOBAL_BASELINE,HF9g-P5,,,,X 全窗基线 · 不参与实体赏罚,3925927,393,A168_HF9F_20260827_0900,2026-08-27 09:00:00
2026-06-25,152026533,2145,0,77.1466042635,48.8595160336,48.8595160336,1.0000000,3,3,0.50665070000000000,0.506650700000,1.3955260008387969,1.3955260008387969,1.3955260008387969,0E-17,ELIGIBLE,R03b_20260811_FULL_v1,L1_ELIGIBILITY,v2026-08-11,2026-03-21..2026-08-06,baccarat_bet02_101_all_pairs_incl_sentinel,round_win = game_pnl > 0 (decisive only),COMPATIBILITY_ONLY_NOT_PRODUCTION,90.0044,64.2888,-61.7173,4,4,0.68571429,,0.68571429,0.68571429,61.7173,90.0044,THIN_EXPOSURE,0.0000,-2.4687,4.0000,96.0000,AG03-UNRESOLVED,ALL5_LEVELS_bet23_to_bet27,-2.4687,-2.4687,-2.4687,-3.0859,-3.0859,4.000000,4.000000,4.000000,5.000000,5.000000,96.000000,96.000000,96.000000,95.000000,95.000000,5.0,-13.5778,-12.4376,-48.1395,-49.2797,PENDING_AG03,FALSE,NOT_FOR_ENFORCEMENT,-59.2486,61.7173,-61.7173,-59.2486,-2.4687,-0.68571429,-0.65828571,-2.4687,-59.2486,-0.65828571,-2.4687,-2.4687,-2.4687,-3.0859,-3.0859,-59.2486,-0.65828571,-13.5778,-12.4376,-48.1395,-49.2797,-0.53485714,-0.54752519,-0.02742857,22.5011,16.0722,-15.4293,-61.7173,-30.8586,90.0044,4.0000,,22.5011,19.2867,25.7155,25.7155,25.7155,25.7155,25.7155,19.2867,18.6438,1.0,1.0,0.875,2,2,1,2,0E-8,-0.68571429,,0E-8,0.000000,0.714286,0.000000,,2026-06-25,2026-06-25,1,2,2,1,1.000000,,,0.000000,,,,,,,,GLOBAL_BASELINE_NO_ENTITY_RANKING,,,NOT_APPLICABLE_GLOBAL_BASELINE,HF9g-P5,,,,X 全窗基线 · 不参与实体赏罚,3925928,393,A168_HF9F_20260827_0900,2026-08-27 09:00:00
2026-06-03,131874658,1307,0,77.1466042636,46.2879625582,46.2879625582,0.6666667,3,3,0.49324550000000000,0.493245500000,0.6008033672792107,0.6008033672792106,0.6008033672792107,0E-17,ELIGIBLE,R03b_20260811_FULL_v1,L1_ELIGIBILITY,v2026-08-11,2026-03-21..2026-08-06,baccarat_bet02_101_all_pairs_incl_sentinel,round_win = game_pnl > 0 (decisive only),COMPATIBILITY_ONLY_NOT_PRODUCTION,92.5759,92.5759,-61.7173,5,5,0.66666667,,0.66666667,0.66666667,61.7173,92.5759,THIN_EXPOSURE,0.0000,-2.4687,4.0000,96.0000,AG03-UNRESOLVED,ALL5_LEVELS_bet23_to_bet27,-2.4687,-2.4687,-2.4687,-2.4687,-2.4687,4.000000,4.000000,4.000000,4.000000,4.000000,96.000000,96.000000,96.000000,96.000000,96.000000,5.0,-12.3435,-11.3947,-49.3738,-50.3226,PENDING_AG03,FALSE,NOT_FOR_ENFORCEMENT,-59.2486,88.8729,-61.7173,-59.2486,-2.4687,-0.66666667,-0.64000000,-2.4687,-59.2486,-0.64000000,-2.4687,-2.4687,-2.4687,-2.4687,-2.4687,-59.2486,-0.64000000,-12.3435,-11.3947,-49.3738,-50.3226,-0.53333333,-0.5435818,-0.02666667,18.5152,18.5152,-12.3435,-61.7173,-61.7173,92.5759,5.0000,,18.5152,9.0004,15.4293,25.7155,41.1449,41.1449,41.1449,15.4293,10.2862,2.666667,2.666667,1.2,1,2,1,1,0E-8,-0.66666667,,0E-8,0.000000,1.000000,0.000000,,2026-06-03,2026-06-03,1,1,1,1,1.000000,,,0.000000,,,,,,,,GLOBAL_BASELINE_NO_ENTITY_RANKING,,,NOT_APPLICABLE_GLOBAL_BASELINE,HF9g-P5,,,,X 全窗基线 · 不参与实体赏罚,3925929,393,A168_HF9F_20260827_0900,2026-08-27 09:00:00
2026-06-03,131874658,1325,0,15.4293208527,15.4293208527,15.4293208527,1.0000000,2,2,0.49324550000000000,0.493245500000,1.4334489766152358,1.4334489766152358,1.4334489766152358,0E-17,ELIGIBLE,R03b_20260811_FULL_v1,L1_ELIGIBILITY,v2026-08-11,2026-03-21..2026-08-06,baccarat_bet02_101_all_pairs_incl_sentinel,round_win = game_pnl > 0 (decisive only),COMPATIBILITY_ONLY_NOT_PRODUCTION,92.5759,92.5759,-61.7173,5,5,0.66666667,,0.66666667,0.66666667,61.7173,92.5759,THIN_EXPOSURE,0.0000,-2.4687,4.0000,96.0000,AG03-UNRESOLVED,ALL5_LEVELS_bet23_to_bet27,-2.4687,-2.4687,-2.4687,-2.4687,-2.4687,4.000000,4.000000,4.000000,4.000000,4.000000,96.000000,96.000000,96.000000,96.000000,96.000000,5.0,-12.3435,-11.3947,-49.3738,-50.3226,PENDING_AG03,FALSE,NOT_FOR_ENFORCEMENT,-59.2486,88.8729,-61.7173,-59.2486,-2.4687,-0.66666667,-0.64000000,-2.4687,-59.2486,-0.64000000,-2.4687,-2.4687,-2.4687,-2.4687,-2.4687,-59.2486,-0.64000000,-12.3435,-11.3947,-49.3738,-50.3226,-0.53333333,-0.5435818,-0.02666667,18.5152,18.5152,-12.3435,-61.7173,-61.7173,92.5759,5.0000,,18.5152,9.0004,15.4293,25.7155,41.1449,41.1449,41.1449,15.4293,10.2862,2.666667,2.666667,1.2,1,2,1,1,0E-8,-0.66666667,,0E-8,0.000000,1.000000,0.000000,,2026-06-03,2026-06-03,1,1,1,1,1.000000,,,0.000000,,,,,,,,GLOBAL_BASELINE_NO_ENTITY_RANKING,,,NOT_APPLICABLE_GLOBAL_BASELINE,HF9g-P5,,,,X 全窗基线 · 不参与实体赏罚,3925930,393,A168_HF9F_20260827_0900,2026-08-27 09:00:00
2026-06-20,151436140,1384,0,102.8621390182,61.7172834109,61.7172834109,1.0000000,2,1,0.47574710749985980,0.300626750000,1.0497414339305908,1.5252488199758223,1.0497414339305908,0.17512035749985980,ELIGIBLE,R03b_20260811_FULL_v1,L1_ELIGIBILITY,v2026-08-11,2026-03-21..2026-08-06,baccarat_bet02_101_all_pairs_incl_sentinel,round_win = game_pnl > 0 (decisive only),COMPATIBILITY_ONLY_NOT_PRODUCTION,102.8621,7.7147,-61.7173,2,1,0.60000000,,0.60000000,0.60000000,61.7173,102.8621,THIN_EXPOSURE,0.0000,-2.4687,4.0000,96.0000,AG03-UNRESOLVED,ALL5_LEVELS_bet23_to_bet27,-2.4687,-2.4687,-3.0859,-3.0859,-3.0859,4.000000,4.000000,5.000000,5.000000,5.000000,96.000000,96.000000,95.000000,95.000000,95.000000,5.0,-14.1950,-12.951,-47.5223,-48.7663,PENDING_AG03,FALSE,NOT_FOR_ENFORCEMENT,-59.2486,7.4061,-61.7173,-59.2486,-2.4687,-0.60000000,-0.57600000,-2.4687,-59.2486,-0.57600000,-2.4687,-2.4687,-3.0859,-3.0859,-3.0859,-59.2486,-0.57600000,-14.1950,-12.951,-47.5223,-48.7663,-0.46200000,-0.47409408,-0.02400000,51.4311,7.7147,-61.7173,-61.7173,-61.7173,102.8621,1.0000,,51.4311,7.7147,51.4311,95.1475,95.1475,95.1475,95.1475,3.8573,30.8586,1.85,1.85,1.0,1,1,1,2,0E-8,-0.60000000,,0E-8,0.000000,0.075000,0.000000,,2026-06-20,2026-06-20,1,1,1,1,1.000000,,,0.000000,,,,,,,,GLOBAL_BASELINE_NO_ENTITY_RANKING,,,NOT_APPLICABLE_GLOBAL_BASELINE,HF9g-P5,,,,X 全窗基线 · 不参与实体赏罚,3925931,393,A168_HF9F_20260827_0900,2026-08-27 09:00:00
2026-06-06,151065492,-1,1,105.4336924937,61.7172834109,61.7172834109,0.8333333,7,7,0.49324550000000000,0.493245500000,1.666235363940442,1.6662353639404415,1.666235363940442,0E-17,SENTINEL_DEALER,R03b_20260811_FULL_v1,L1_ELIGIBILITY,v2026-08-11,2026-03-21..2026-08-06,baccarat_bet02_101_all_pairs_incl_sentinel,round_win = game_pnl > 0 (decisive only),COMPATIBILITY_ONLY_NOT_PRODUCTION,105.4337,87.4328,-61.7173,7,7,0.58536585,,0.58536585,0.58536585,61.7173,105.4337,THIN_EXPOSURE,0.0000,-2.4687,4.0000,96.0000,AG03-UNRESOLVED,ALL5_LEVELS_bet23_to_bet27,-2.4687,-2.4687,-2.4687,-3.0859,-3.0859,4.000000,4.000000,4.000000,5.000000,5.000000,96.000000,96.000000,96.000000,95.000000,95.000000,5.0,-13.5778,-12.4376,-48.1395,-49.2797,PENDING_AG03,FALSE,NOT_FOR_ENFORCEMENT,-59.2486,83.9355,-61.7173,-59.2486,-2.4687,-0.58536585,-0.56195122,-2.4687,-59.2486,-0.56195122,-2.4687,-2.4687,-2.4687,-3.0859,-3.0859,-59.2486,-0.56195122,-13.5778,-12.4376,-48.1395,-49.2797,-0.45658537,-0.46739956,-0.02341463,15.0620,12.4904,-8.8168,-61.7173,-61.7173,105.4337,7.0000,,15.0620,12.8578,15.4293,17.358,18.0009,18.0009,18.0009,12.8578,12.8578,1.166667,1.166667,0.97619,1,1,1,1,0E-8,-0.58536585,,0E-8,0.000000,0.829268,0.000000,,2026-06-06,2026-06-06,1,1,1,1,1.000000,,,0.000000,,,,,,,,GLOBAL_BASELINE_NO_ENTITY_RANKING,,,NOT_APPLICABLE_GLOBAL_BASELINE,HF9g-P5,,,,X 全窗基线 · 不参与实体赏罚,3925932,393,A168_HF9F_20260827_0900,2026-08-27 09:00:00
2026-06-16,147774100,1318,0,38.5733021318,37.2875253941,37.2875253941,1.0000000,2,2,0.49994810000000000,0.499948100000,1.4143603653603398,1.4143603653603398,1.4143603653603398,0E-17,ELIGIBLE,R03b_20260811_FULL_v1,L1_ELIGIBILITY,v2026-08-11,2026-03-21..2026-08-06,baccarat_bet02_101_all_pairs_incl_sentinel,round_win = game_pnl > 0 (decisive only),COMPATIBILITY_ONLY_NOT_PRODUCTION,115.7199,115.7199,-61.7173,5,5,0.53333333,,0.53333333,0.53333333,61.7173,115.7199,THIN_EXPOSURE,0.0000,-2.4687,4.0000,96.0000,AG03-UNRESOLVED,ALL5_LEVELS_bet23_to_bet27,-2.4687,-2.4687,-2.4687,-3.0859,-3.0859,4.000000,4.000000,4.000000,5.000000,5.000000,96.000000,96.000000,96.000000,95.000000,95.000000,5.0,-13.5778,-12.4376,-48.1395,-49.2797,PENDING_AG03,FALSE,NOT_FOR_ENFORCEMENT,-59.2486,111.0911,-61.7173,-59.2486,-2.4687,-0.53333333,-0.51200000,-2.4687,-59.2486,-0.51200000,-2.4687,-2.4687,-2.4687,-3.0859,-3.0859,-59.2486,-0.51200000,-13.5778,-12.4376,-48.1395,-49.2797,-0.41600000,-0.42585293,-0.02133333,23.1440,23.1440,-12.3435,-61.7173,-30.8586,115.7199,5.0000,,23.1440,22.5011,25.7155,25.7155,25.7155,25.7155,25.7155,25.7155,24.4298,1.0,1.0,0.9,2,2,1,2,0E-8,-0.53333333,,0E-8,0.000000,1.000000,0.000000,,2026-06-16,2026-06-16,1,2,2,1,1.000000,,,0.000000,,,,,,,,GLOBAL_BASELINE_NO_ENTITY_RANKING,,,NOT_APPLICABLE_GLOBAL_BASELINE,HF9g-P5,,,,X 全窗基线 · 不参与实体赏罚,3925933,393,A168_HF9F_20260827_0900,2026-08-27 09:00:00
2026-06-16,147774100,986,0,77.1466042635,24.4297580168,24.4297580168,0.6666667,3,3,0.49771390000000000,0.497713900000,0.5852756695216578,0.5852756695216578,0.5852756695216578,0E-17,ELIGIBLE,R03b_20260811_FULL_v1,L1_ELIGIBILITY,v2026-08-11,2026-03-21..2026-08-06,baccarat_bet02_101_all_pairs_incl_sentinel,round_win = game_pnl > 0 (decisive only),COMPATIBILITY_ONLY_NOT_PRODUCTION,115.7199,115.7199,-61.7173,5,5,0.53333333,,0.53333333,0.53333333,61.7173,115.7199,THIN_EXPOSURE,0.0000,-2.4687,4.0000,96.0000,AG03-UNRESOLVED,ALL5_LEVELS_bet23_to_bet27,-2.4687,-2.4687,-2.4687,-3.0859,-3.0859,4.000000,4.000000,4.000000,5.000000,5.000000,96.000000,96.000000,96.000000,95.000000,95.000000,5.0,-13.5778,-12.4376,-48.1395,-49.2797,PENDING_AG03,FALSE,NOT_FOR_ENFORCEMENT,-59.2486,111.0911,-61.7173,-59.2486,-2.4687,-0.53333333,-0.51200000,-2.4687,-59.2486,-0.51200000,-2.4687,-2.4687,-2.4687,-3.0859,-3.0859,-59.2486,-0.51200000,-13.5778,-12.4376,-48.1395,-49.2797,-0.41600000,-0.42585293,-0.02133333,23.1440,23.1440,-12.3435,-61.7173,-30.8586,115.7199,5.0000,,23.1440,22.5011,25.7155,25.7155,25.7155,25.7155,25.7155,25.7155,24.4298,1.0,1.0,0.9,2,2,1,2,0E-8,-0.53333333,,0E-8,0.000000,1.000000,0.000000,,2026-06-16,2026-06-16,1,2,2,1,1.000000,,,0.000000,,,,,,,,GLOBAL_BASELINE_NO_ENTITY_RANKING,,,NOT_APPLICABLE_GLOBAL_BASELINE,HF9g-P5,,,,X 全窗基线 · 不参与实体赏罚,3925934,393,A168_HF9F_20260827_0900,2026-08-27 09:00:00
2026-06-23,151942105,-1,1,25.7155347545,-25.7155347545,-25.7155347545,0E-7,1,1,0.50665070000000000,0.506650700000,-1.013391052207602,-1.013391052207602,-1.013391052207602,0E-17,SENTINEL_DEALER,R03b_20260811_FULL_v1,L1_ELIGIBILITY,v2026-08-11,2026-03-21..2026-08-06,baccarat_bet02_101_all_pairs_incl_sentinel,round_win = game_pnl > 0 (decisive only),COMPATIBILITY_ONLY_NOT_PRODUCTION,140.1497,114.4341,-61.7173,6,6,0.44036697,,0.44036697,0.44036697,61.7173,140.1497,THIN_EXPOSURE,0.0000,-2.4687,4.0000,96.0000,AG03-UNRESOLVED,ALL5_LEVELS_bet23_to_bet27,-2.4687,-2.4687,-3.0859,-3.0859,-3.0859,4.000000,4.000000,5.000000,5.000000,5.000000,96.000000,96.000000,95.000000,95.000000,95.000000,5.0,-14.1950,-12.951,-47.5223,-48.7663,PENDING_AG03,FALSE,NOT_FOR_ENFORCEMENT,-59.2486,109.8568,-61.7173,-59.2486,-2.4687,-0.44036697,-0.42275229,-2.4687,-59.2486,-0.42275229,-2.4687,-2.4687,-3.0859,-3.0859,-3.0859,-59.2486,-0.42275229,-14.1950,-12.951,-47.5223,-48.7663,-0.33908257,-0.34795896,-0.01761468,23.3583,19.0724,-10.2862,-61.7173,-15.4293,140.1497,6.0000,,23.3583,24.4298,25.7155,25.7155,25.7155,25.7155,25.7155,25.0726,18.6438,1.0,1.0,0.908333,4,4,1,2,0E-8,-0.44036697,,0E-8,0.000000,0.816514,0.000000,,2026-06-23,2026-06-23,1,4,4,1,1.000000,,,0.000000,,,,,,,,GLOBAL_BASELINE_NO_ENTITY_RANKING,,,NOT_APPLICABLE_GLOBAL_BASELINE,HF9g-P5,,,,X 全窗基线 · 不参与实体赏罚,3925935,393,A168_HF9F_20260827_0900,2026-08-27 09:00:00
2026-06-23,151942105,1396,0,51.4310695090,25.7155347545,25.7155347545,1.0000000,2,2,0.49324550000000000,0.493245500000,1.01360149184955,1.01360149184955,1.01360149184955,0E-17,ELIGIBLE,R03b_20260811_FULL_v1,L1_ELIGIBILITY,v2026-08-11,2026-03-21..2026-08-06,baccarat_bet02_101_all_pairs_incl_sentinel,round_win = game_pnl > 0 (decisive only),COMPATIBILITY_ONLY_NOT_PRODUCTION,140.1497,114.4341,-61.7173,6,6,0.44036697,,0.44036697,0.44036697,61.7173,140.1497,THIN_EXPOSURE,0.0000,-2.4687,4.0000,96.0000,AG03-UNRESOLVED,ALL5_LEVELS_bet23_to_bet27,-2.4687,-2.4687,-3.0859,-3.0859,-3.0859,4.000000,4.000000,5.000000,5.000000,5.000000,96.000000,96.000000,95.000000,95.000000,95.000000,5.0,-14.1950,-12.951,-47.5223,-48.7663,PENDING_AG03,FALSE,NOT_FOR_ENFORCEMENT,-59.2486,109.8568,-61.7173,-59.2486,-2.4687,-0.44036697,-0.42275229,-2.4687,-59.2486,-0.42275229,-2.4687,-2.4687,-3.0859,-3.0859,-3.0859,-59.2486,-0.42275229,-14.1950,-12.951,-47.5223,-48.7663,-0.33908257,-0.34795896,-0.01761468,23.3583,19.0724,-10.2862,-61.7173,-15.4293,140.1497,6.0000,,23.3583,24.4298,25.7155,25.7155,25.7155,25.7155,25.7155,25.0726,18.6438,1.0,1.0,0.908333,4,4,1,2,0E-8,-0.44036697,,0E-8,0.000000,0.816514,0.000000,,2026-06-23,2026-06-23,1,4,4,1,1.000000,,,0.000000,,,,,,,,GLOBAL_BASELINE_NO_ENTITY_RANKING,,,NOT_APPLICABLE_GLOBAL_BASELINE,HF9g-P5,,,,X 全窗基线 · 不参与实体赏罚,3925936,393,A168_HF9F_20260827_0900,2026-08-27 09:00:00
2026-06-23,151942105,2123,0,24.4297580168,24.4297580168,24.4297580168,1.0000000,1,1,0.49324550000000000,0.493245500000,1.01360149184955,1.01360149184955,1.01360149184955,0E-17,ELIGIBLE,R03b_20260811_FULL_v1,L1_ELIGIBILITY,v2026-08-11,2026-03-21..2026-08-06,baccarat_bet02_101_all_pairs_incl_sentinel,round_win = game_pnl > 0 (decisive only),COMPATIBILITY_ONLY_NOT_PRODUCTION,140.1497,114.4341,-61.7173,6,6,0.44036697,,0.44036697,0.44036697,61.7173,140.1497,THIN_EXPOSURE,0.0000,-2.4687,4.0000,96.0000,AG03-UNRESOLVED,ALL5_LEVELS_bet23_to_bet27,-2.4687,-2.4687,-3.0859,-3.0859,-3.0859,4.000000,4.000000,5.000000,5.000000,5.000000,96.000000,96.000000,95.000000,95.000000,95.000000,5.0,-14.1950,-12.951,-47.5223,-48.7663,PENDING_AG03,FALSE,NOT_FOR_ENFORCEMENT,-59.2486,109.8568,-61.7173,-59.2486,-2.4687,-0.44036697,-0.42275229,-2.4687,-59.2486,-0.42275229,-2.4687,-2.4687,-3.0859,-3.0859,-3.0859,-59.2486,-0.42275229,-14.1950,-12.951,-47.5223,-48.7663,-0.33908257,-0.34795896,-0.01761468,23.3583,19.0724,-10.2862,-61.7173,-15.4293,140.1497,6.0000,,23.3583,24.4298,25.7155,25.7155,25.7155,25.7155,25.7155,25.0726,18.6438,1.0,1.0,0.908333,4,4,1,2,0E-8,-0.44036697,,0E-8,0.000000,0.816514,0.000000,,2026-06-23,2026-06-23,1,4,4,1,1.000000,,,0.000000,,,,,,,,GLOBAL_BASELINE_NO_ENTITY_RANKING,,,NOT_APPLICABLE_GLOBAL_BASELINE,HF9g-P5,,,,X 全窗基线 · 不参与实体赏罚,3925937,393,A168_HF9F_20260827_0900,2026-08-27 09:00:00
2026-06-23,151942105,970,0,38.5733021318,37.2875253941,37.2875253941,1.0000000,2,2,0.49994810000000000,0.499948100000,1.4143603653603398,1.4143603653603398,1.4143603653603398,0E-17,ELIGIBLE,R03b_20260811_FULL_v1,L1_ELIGIBILITY,v2026-08-11,2026-03-21..2026-08-06,baccarat_bet02_101_all_pairs_incl_sentinel,round_win = game_pnl > 0 (decisive only),COMPATIBILITY_ONLY_NOT_PRODUCTION,140.1497,114.4341,-61.7173,6,6,0.44036697,,0.44036697,0.44036697,61.7173,140.1497,THIN_EXPOSURE,0.0000,-2.4687,4.0000,96.0000,AG03-UNRESOLVED,ALL5_LEVELS_bet23_to_bet27,-2.4687,-2.4687,-3.0859,-3.0859,-3.0859,4.000000,4.000000,5.000000,5.000000,5.000000,96.000000,96.000000,95.000000,95.000000,95.000000,5.0,-14.1950,-12.951,-47.5223,-48.7663,PENDING_AG03,FALSE,NOT_FOR_ENFORCEMENT,-59.2486,109.8568,-61.7173,-59.2486,-2.4687,-0.44036697,-0.42275229,-2.4687,-59.2486,-0.42275229,-2.4687,-2.4687,-3.0859,-3.0859,-3.0859,-59.2486,-0.42275229,-14.1950,-12.951,-47.5223,-48.7663,-0.33908257,-0.34795896,-0.01761468,23.3583,19.0724,-10.2862,-61.7173,-15.4293,140.1497,6.0000,,23.3583,24.4298,25.7155,25.7155,25.7155,25.7155,25.7155,25.0726,18.6438,1.0,1.0,0.908333,4,4,1,2,0E-8,-0.44036697,,0E-8,0.000000,0.816514,0.000000,,2026-06-23,2026-06-23,1,4,4,1,1.000000,,,0.000000,,,,,,,,GLOBAL_BASELINE_NO_ENTITY_RANKING,,,NOT_APPLICABLE_GLOBAL_BASELINE,HF9g-P5,,,,X 全窗基线 · 不参与实体赏罚,3925938,393,A168_HF9F_20260827_0900,2026-08-27 09:00:00
2026-06-22,151917873,1374,0,46.2879625583,19.2866510659,19.2866510659,0.6666667,4,3,0.50497504999999728,0.504416500000,0.5601439195171286,0.5620729918323724,0.5601439195171286,0.00055854999999728,ELIGIBLE,R03b_20260811_FULL_v1,L1_ELIGIBILITY,v2026-08-11,2026-03-21..2026-08-06,baccarat_bet02_101_all_pairs_incl_sentinel,round_win = game_pnl > 0 (decisive only),COMPATIBILITY_ONLY_NOT_PRODUCTION,169.7225,154.2932,-61.7173,14,13,0.36363636,,0.36363636,0.36363636,61.7173,169.7225,THIN_EXPOSURE,0.0000,-2.4687,4.0000,96.0000,AG03-UNRESOLVED,ALL5_LEVELS_bet23_to_bet27,-2.4687,-2.4687,-3.0859,-3.0859,-3.0859,4.000000,4.000000,5.000000,5.000000,5.000000,96.000000,96.000000,95.000000,95.000000,95.000000,5.0,-14.1950,-12.951,-47.5223,-48.7663,PENDING_AG03,FALSE,NOT_FOR_ENFORCEMENT,-59.2486,148.1215,-61.7173,-59.2486,-2.4687,-0.36363636,-0.34909091,-2.4687,-59.2486,-0.34909091,-2.4687,-2.4687,-3.0859,-3.0859,-3.0859,-59.2486,-0.34909091,-14.1950,-12.951,-47.5223,-48.7663,-0.28000000,-0.28732975,-0.01454545,12.1230,11.8687,-4.7475,-61.7173,-15.4293,169.7225,13.0000,,12.1230,12.8578,12.8578,12.8578,12.8578,12.8578,12.8578,12.8578,12.2149,1.0,1.0,0.942857,4,4,1,2,0E-8,-0.36363636,,0E-8,0.000000,0.909091,0.000000,,2026-06-22,2026-06-22,1,4,4,1,1.000000,,,0.000000,,,,,,,,GLOBAL_BASELINE_NO_ENTITY_RANKING,,,NOT_APPLICABLE_GLOBAL_BASELINE,HF9g-P5,,,,X 全窗基线 · 不参与实体赏罚,3925939,393,A168_HF9F_20260827_0900,2026-08-27 09:00:00
2026-06-22,151917873,2088,0,38.5733021319,-13.5006557462,-13.5006557462,0.3333333,3,3,0.50665070000000000,0.506650700000,-0.6004420894325239,-0.6004420894325239,-0.6004420894325239,0E-17,ELIGIBLE,R03b_20260811_FULL_v1,L1_ELIGIBILITY,v2026-08-11,2026-03-21..2026-08-06,baccarat_bet02_101_all_pairs_incl_sentinel,round_win = game_pnl > 0 (decisive only),COMPATIBILITY_ONLY_NOT_PRODUCTION,169.7225,154.2932,-61.7173,14,13,0.36363636,,0.36363636,0.36363636,61.7173,169.7225,THIN_EXPOSURE,0.0000,-2.4687,4.0000,96.0000,AG03-UNRESOLVED,ALL5_LEVELS_bet23_to_bet27,-2.4687,-2.4687,-3.0859,-3.0859,-3.0859,4.000000,4.000000,5.000000,5.000000,5.000000,96.000000,96.000000,95.000000,95.000000,95.000000,5.0,-14.1950,-12.951,-47.5223,-48.7663,PENDING_AG03,FALSE,NOT_FOR_ENFORCEMENT,-59.2486,148.1215,-61.7173,-59.2486,-2.4687,-0.36363636,-0.34909091,-2.4687,-59.2486,-0.34909091,-2.4687,-2.4687,-3.0859,-3.0859,-3.0859,-59.2486,-0.34909091,-14.1950,-12.951,-47.5223,-48.7663,-0.28000000,-0.28732975,-0.01454545,12.1230,11.8687,-4.7475,-61.7173,-15.4293,169.7225,13.0000,,12.1230,12.8578,12.8578,12.8578,12.8578,12.8578,12.8578,12.8578,12.2149,1.0,1.0,0.942857,4,4,1,2,0E-8,-0.36363636,,0E-8,0.000000,0.909091,0.000000,,2026-06-22,2026-06-22,1,4,4,1,1.000000,,,0.000000,,,,,,,,GLOBAL_BASELINE_NO_ENTITY_RANKING,,,NOT_APPLICABLE_GLOBAL_BASELINE,HF9g-P5,,,,X 全窗基线 · 不参与实体赏罚,3925940,393,A168_HF9F_20260827_0900,2026-08-27 09:00:00
2026-06-22,151917873,2252,0,25.7155347546,24.4297580168,24.4297580168,1.0000000,2,2,0.50665070000000000,0.506650700000,1.3955260008387969,1.3955260008387969,1.3955260008387969,0E-17,ELIGIBLE,R03b_20260811_FULL_v1,L1_ELIGIBILITY,v2026-08-11,2026-03-21..2026-08-06,baccarat_bet02_101_all_pairs_incl_sentinel,round_win = game_pnl > 0 (decisive only),COMPATIBILITY_ONLY_NOT_PRODUCTION,169.7225,154.2932,-61.7173,14,13,0.36363636,,0.36363636,0.36363636,61.7173,169.7225,THIN_EXPOSURE,0.0000,-2.4687,4.0000,96.0000,AG03-UNRESOLVED,ALL5_LEVELS_bet23_to_bet27,-2.4687,-2.4687,-3.0859,-3.0859,-3.0859,4.000000,4.000000,5.000000,5.000000,5.000000,96.000000,96.000000,95.000000,95.000000,95.000000,5.0,-14.1950,-12.951,-47.5223,-48.7663,PENDING_AG03,FALSE,NOT_FOR_ENFORCEMENT,-59.2486,148.1215,-61.7173,-59.2486,-2.4687,-0.36363636,-0.34909091,-2.4687,-59.2486,-0.34909091,-2.4687,-2.4687,-3.0859,-3.0859,-3.0859,-59.2486,-0.34909091,-14.1950,-12.951,-47.5223,-48.7663,-0.28000000,-0.28732975,-0.01454545,12.1230,11.8687,-4.7475,-61.7173,-15.4293,169.7225,13.0000,,12.1230,12.8578,12.8578,12.8578,12.8578,12.8578,12.8578,12.8578,12.2149,1.0,1.0,0.942857,4,4,1,2,0E-8,-0.36363636,,0E-8,0.000000,0.909091,0.000000,,2026-06-22,2026-06-22,1,4,4,1,1.000000,,,0.000000,,,,,,,,GLOBAL_BASELINE_NO_ENTITY_RANKING,,,NOT_APPLICABLE_GLOBAL_BASELINE,HF9g-P5,,,,X 全窗基线 · 不参与实体赏罚,3925941,393,A168_HF9F_20260827_0900,2026-08-27 09:00:00
2026-06-22,151917873,2281,0,59.1457299356,31.5015300743,31.5015300743,0.8000000,5,5,0.50396966000000000,0.503969660000,1.3239296534401845,1.3239296534401845,1.3239296534401845,0E-17,ELIGIBLE,R03b_20260811_FULL_v1,L1_ELIGIBILITY,v2026-08-11,2026-03-21..2026-08-06,baccarat_bet02_101_all_pairs_incl_sentinel,round_win = game_pnl > 0 (decisive only),COMPATIBILITY_ONLY_NOT_PRODUCTION,169.7225,154.2932,-61.7173,14,13,0.36363636,,0.36363636,0.36363636,61.7173,169.7225,THIN_EXPOSURE,0.0000,-2.4687,4.0000,96.0000,AG03-UNRESOLVED,ALL5_LEVELS_bet23_to_bet27,-2.4687,-2.4687,-3.0859,-3.0859,-3.0859,4.000000,4.000000,5.000000,5.000000,5.000000,96.000000,96.000000,95.000000,95.000000,95.000000,5.0,-14.1950,-12.951,-47.5223,-48.7663,PENDING_AG03,FALSE,NOT_FOR_ENFORCEMENT,-59.2486,148.1215,-61.7173,-59.2486,-2.4687,-0.36363636,-0.34909091,-2.4687,-59.2486,-0.34909091,-2.4687,-2.4687,-3.0859,-3.0859,-3.0859,-59.2486,-0.34909091,-14.1950,-12.951,-47.5223,-48.7663,-0.28000000,-0.28732975,-0.01454545,12.1230,11.8687,-4.7475,-61.7173,-15.4293,169.7225,13.0000,,12.1230,12.8578,12.8578,12.8578,12.8578,12.8578,12.8578,12.8578,12.2149,1.0,1.0,0.942857,4,4,1,2,0E-8,-0.36363636,,0E-8,0.000000,0.909091,0.000000,,2026-06-22,2026-06-22,1,4,4,1,1.000000,,,0.000000,,,,,,,,GLOBAL_BASELINE_NO_ENTITY_RANKING,,,NOT_APPLICABLE_GLOBAL_BASELINE,HF9g-P5,,,,X 全窗基线 · 不参与实体赏罚,3925942,393,A168_HF9F_20260827_0900,2026-08-27 09:00:00
2026-06-16,143559159,1094,0,51.4310695091,-51.4310695091,-51.4310695091,0E-7,1,1,0.50665070000000000,0.506650700000,-1.013391052207602,-1.013391052207602,-1.013391052207602,0E-17,ELIGIBLE,R03b_20260811_FULL_v1,L1_ELIGIBILITY,v2026-08-11,2026-03-21..2026-08-06,baccarat_bet02_101_all_pairs_incl_sentinel,round_win = game_pnl > 0 (decisive only),COMPATIBILITY_ONLY_NOT_PRODUCTION,205.7243,205.7243,-61.7173,5,5,0.30000000,,0.30000000,0.30000000,61.7173,205.7243,THIN_EXPOSURE,0.0000,-2.4687,4.0000,96.0000,AG03-UNRESOLVED,ALL5_LEVELS_bet23_to_bet27,-2.4687,-3.0859,-3.0859,-3.0859,-3.0859,4.000000,5.000000,5.000000,5.000000,5.000000,96.000000,95.000000,95.000000,95.000000,95.000000,5.0,-14.8121,-13.4589,-46.9051,-48.2583,PENDING_AG03,FALSE,NOT_FOR_ENFORCEMENT,-59.2486,197.4953,-61.7173,-59.2486,-2.4687,-0.30000000,-0.28800000,-2.4687,-59.2486,-0.28800000,-2.4687,-3.0859,-3.0859,-3.0859,-3.0859,-59.2486,-0.28800000,-14.8121,-13.4589,-46.9051,-48.2583,-0.22800000,-0.2345778,-0.01200000,41.1449,41.1449,-12.3435,-61.7173,-30.8586,205.7243,5.0000,,41.1449,11.572,51.4311,66.8604,66.8604,66.8604,66.8604,51.4311,-7.7147,1.3,1.3,0.8,2,2,1,4,0E-8,-0.30000000,,0E-8,0.000000,1.000000,0.000000,,2026-06-16,2026-06-16,1,2,2,1,1.000000,,,0.000000,,,,,,,,GLOBAL_BASELINE_NO_ENTITY_RANKING,,,NOT_APPLICABLE_GLOBAL_BASELINE,HF9g-P5,,,,X 全窗基线 · 不参与实体赏罚,3925943,393,A168_HF9F_20260827_0900,2026-08-27 09:00:00
2026-06-16,143559159,2233,0,154.2932085273,113.1483529199,113.1483529199,0.5000000,4,4,0.28894502500000000,0.288945025000,0.9312502217451283,0.9312502217451283,0.9312502217451283,0E-17,ELIGIBLE,R03b_20260811_FULL_v1,L1_ELIGIBILITY,v2026-08-11,2026-03-21..2026-08-06,baccarat_bet02_101_all_pairs_incl_sentinel,round_win = game_pnl > 0 (decisive only),COMPATIBILITY_ONLY_NOT_PRODUCTION,205.7243,205.7243,-61.7173,5,5,0.30000000,,0.30000000,0.30000000,61.7173,205.7243,THIN_EXPOSURE,0.0000,-2.4687,4.0000,96.0000,AG03-UNRESOLVED,ALL5_LEVELS_bet23_to_bet27,-2.4687,-3.0859,-3.0859,-3.0859,-3.0859,4.000000,5.000000,5.000000,5.000000,5.000000,96.000000,95.000000,95.000000,95.000000,95.000000,5.0,-14.8121,-13.4589,-46.9051,-48.2583,PENDING_AG03,FALSE,NOT_FOR_ENFORCEMENT,-59.2486,197.4953,-61.7173,-59.2486,-2.4687,-0.30000000,-0.28800000,-2.4687,-59.2486,-0.28800000,-2.4687,-3.0859,-3.0859,-3.0859,-3.0859,-59.2486,-0.28800000,-14.8121,-13.4589,-46.9051,-48.2583,-0.22800000,-0.2345778,-0.01200000,41.1449,41.1449,-12.3435,-61.7173,-30.8586,205.7243,5.0000,,41.1449,11.572,51.4311,66.8604,66.8604,66.8604,66.8604,51.4311,-7.7147,1.3,1.3,0.8,2,2,1,4,0E-8,-0.30000000,,0E-8,0.000000,1.000000,0.000000,,2026-06-16,2026-06-16,1,2,2,1,1.000000,,,0.000000,,,,,,,,GLOBAL_BASELINE_NO_ENTITY_RANKING,,,NOT_APPLICABLE_GLOBAL_BASELINE,HF9g-P5,,,,X 全窗基线 · 不参与实体赏罚,3925944,393,A168_HF9F_20260827_0900,2026-08-27 09:00:00
2026-06-10,151245017,1306,0,92.5759251165,30.8586417055,30.8586417055,0.6666667,3,3,0.49324550000000000,0.493245500000,0.6008033672792107,0.6008033672792106,0.6008033672792107,0E-17,ELIGIBLE,R03b_20260811_FULL_v1,L1_ELIGIBILITY,v2026-08-11,2026-03-21..2026-08-06,baccarat_bet02_101_all_pairs_incl_sentinel,round_win = game_pnl > 0 (decisive only),COMPATIBILITY_ONLY_NOT_PRODUCTION,462.8796,370.3037,-61.7173,15,15,0.13333333,,0.13333333,0.13333333,61.7173,462.8796,THIN_EXPOSURE,0.0000,-2.4687,4.0000,96.0000,AG03-UNRESOLVED,ALL5_LEVELS_bet23_to_bet27,-2.4687,-2.4687,-2.4687,-3.0859,-3.0859,4.000000,4.000000,4.000000,5.000000,5.000000,96.000000,96.000000,96.000000,95.000000,95.000000,5.0,-13.5778,-12.4376,-48.1395,-49.2797,PENDING_AG03,FALSE,NOT_FOR_ENFORCEMENT,-59.2486,355.4916,-61.7173,-59.2486,-2.4687,-0.13333333,-0.12800000,-2.4687,-59.2486,-0.12800000,-2.4687,-2.4687,-2.4687,-3.0859,-3.0859,-59.2486,-0.12800000,-13.5778,-12.4376,-48.1395,-49.2797,-0.10400000,-0.10646323,-0.00533333,30.8586,24.6869,-4.1145,-61.7173,-61.7173,462.8796,15.0000,,30.8586,30.8586,30.8586,30.8586,30.8586,30.8586,30.8586,30.8586,0.0,1.0,1.0,1.0,1,2,1,1,0E-8,-0.13333333,,0E-8,0.000000,0.800000,0.000000,,2026-06-10,2026-06-10,1,1,1,1,1.000000,,,0.000000,,,,,,,,GLOBAL_BASELINE_NO_ENTITY_RANKING,,,NOT_APPLICABLE_GLOBAL_BASELINE,HF9g-P5,,,,X 全窗基线 · 不参与实体赏罚,3925945,393,A168_HF9F_20260827_0900,2026-08-27 09:00:00
2026-06-10,151245017,1331,0,370.3037004660,30.8586417055,30.8586417055,0.5555556,12,12,0.49324550000000000,0.493245500000,0.37389445146519346,0.37389445146519346,0.37389445146519346,0E-17,ELIGIBLE,R03b_20260811_FULL_v1,L1_ELIGIBILITY,v2026-08-11,2026-03-21..2026-08-06,baccarat_bet02_101_all_pairs_incl_sentinel,round_win = game_pnl > 0 (decisive only),COMPATIBILITY_ONLY_NOT_PRODUCTION,462.8796,370.3037,-61.7173,15,15,0.13333333,,0.13333333,0.13333333,61.7173,462.8796,THIN_EXPOSURE,0.0000,-2.4687,4.0000,96.0000,AG03-UNRESOLVED,ALL5_LEVELS_bet23_to_bet27,-2.4687,-2.4687,-2.4687,-3.0859,-3.0859,4.000000,4.000000,4.000000,5.000000,5.000000,96.000000,96.000000,96.000000,95.000000,95.000000,5.0,-13.5778,-12.4376,-48.1395,-49.2797,PENDING_AG03,FALSE,NOT_FOR_ENFORCEMENT,-59.2486,355.4916,-61.7173,-59.2486,-2.4687,-0.13333333,-0.12800000,-2.4687,-59.2486,-0.12800000,-2.4687,-2.4687,-2.4687,-3.0859,-3.0859,-59.2486,-0.12800000,-13.5778,-12.4376,-48.1395,-49.2797,-0.10400000,-0.10646323,-0.00533333,30.8586,24.6869,-4.1145,-61.7173,-61.7173,462.8796,15.0000,,30.8586,30.8586,30.8586,30.8586,30.8586,30.8586,30.8586,30.8586,0.0,1.0,1.0,1.0,1,2,1,1,0E-8,-0.13333333,,0E-8,0.000000,0.800000,0.000000,,2026-06-10,2026-06-10,1,1,1,1,1.000000,,,0.000000,,,,,,,,GLOBAL_BASELINE_NO_ENTITY_RANKING,,,NOT_APPLICABLE_GLOBAL_BASELINE,HF9g-P5,,,,X 全窗基线 · 不参与实体赏罚,3925946,393,A168_HF9F_20260827_0900,2026-08-27 09:00:00
2026-06-25,152023273,1654,0,239.1544732174,-118.2914598710,-118.2914598710,0E-7,4,4,0.49324550000000000,0.493245500000,-1.3952362676504506,-1.3952362676504506,-1.3952362676504506,0E-17,ELIGIBLE,R03b_20260811_FULL_v1,L1_ELIGIBILITY,v2026-08-11,2026-03-21..2026-08-06,baccarat_bet02_101_all_pairs_incl_sentinel,round_win = game_pnl > 0 (decisive only),COMPATIBILITY_ONLY_NOT_PRODUCTION,907.7584,658.3177,-61.7173,12,12,0.06798867,,0.06798867,0.06798867,61.7173,907.7584,THIN_EXPOSURE,0.0000,-2.4687,4.0000,96.0000,AG03-UNRESOLVED,ALL5_LEVELS_bet23_to_bet27,-2.4687,-2.4687,-2.4687,-3.0859,-3.0859,4.000000,4.000000,4.000000,5.000000,5.000000,96.000000,96.000000,96.000000,95.000000,95.000000,5.0,-13.5778,-12.4376,-48.1395,-49.2797,PENDING_AG03,FALSE,NOT_FOR_ENFORCEMENT,-59.2486,631.9850,-61.7173,-59.2486,-2.4687,-0.06798867,-0.06526912,-2.4687,-59.2486,-0.06526912,-2.4687,-2.4687,-2.4687,-3.0859,-3.0859,-59.2486,-0.06526912,-13.5778,-12.4376,-48.1395,-49.2797,-0.05303116,-0.0542872,-0.00271955,75.6465,54.8598,-5.1431,-61.7173,-12.3435,907.7584,12.0000,,75.6465,51.4311,77.1466,87.4328,128.5777,128.5777,128.5777,64.2888,0.0,1.666667,1.666667,0.980556,4,3,2,1,0E-8,-0.06798867,,0E-8,0.000000,0.725212,0.000000,,2026-06-25,2026-06-25,1,5,4,1,1.000000,,,0.000000,,,,,,,,GLOBAL_BASELINE_NO_ENTITY_RANKING,,,NOT_APPLICABLE_GLOBAL_BASELINE,HF9g-P5,,,,X 全窗基线 · 不参与实体赏罚,3925947,393,A168_HF9F_20260827_0900,2026-08-27 09:00:00
2026-06-25,152023273,2145,0,154.2932085272,154.2932085272,154.2932085272,1.0000000,2,2,0.49324550000000000,0.493245500000,1.4334489766152358,1.4334489766152358,1.4334489766152358,0E-17,ELIGIBLE,R03b_20260811_FULL_v1,L1_ELIGIBILITY,v2026-08-11,2026-03-21..2026-08-06,baccarat_bet02_101_all_pairs_incl_sentinel,round_win = game_pnl > 0 (decisive only),COMPATIBILITY_ONLY_NOT_PRODUCTION,907.7584,658.3177,-61.7173,12,12,0.06798867,,0.06798867,0.06798867,61.7173,907.7584,THIN_EXPOSURE,0.0000,-2.4687,4.0000,96.0000,AG03-UNRESOLVED,ALL5_LEVELS_bet23_to_bet27,-2.4687,-2.4687,-2.4687,-3.0859,-3.0859,4.000000,4.000000,4.000000,5.000000,5.000000,96.000000,96.000000,96.000000,95.000000,95.000000,5.0,-13.5778,-12.4376,-48.1395,-49.2797,PENDING_AG03,FALSE,NOT_FOR_ENFORCEMENT,-59.2486,631.9850,-61.7173,-59.2486,-2.4687,-0.06798867,-0.06526912,-2.4687,-59.2486,-0.06526912,-2.4687,-2.4687,-2.4687,-3.0859,-3.0859,-59.2486,-0.06526912,-13.5778,-12.4376,-48.1395,-49.2797,-0.05303116,-0.0542872,-0.00271955,75.6465,54.8598,-5.1431,-61.7173,-12.3435,907.7584,12.0000,,75.6465,51.4311,77.1466,87.4328,128.5777,128.5777,128.5777,64.2888,0.0,1.666667,1.666667,0.980556,4,3,2,1,0E-8,-0.06798867,,0E-8,0.000000,0.725212,0.000000,,2026-06-25,2026-06-25,1,5,4,1,1.000000,,,0.000000,,,,,,,,GLOBAL_BASELINE_NO_ENTITY_RANKING,,,NOT_APPLICABLE_GLOBAL_BASELINE,HF9g-P5,,,,X 全窗基线 · 不参与实体赏罚,3925948,393,A168_HF9F_20260827_0900,2026-08-27 09:00:00
2026-06-25,152023273,2246,0,514.3106950908,25.7155347545,25.7155347545,0.6000000,6,6,0.49324550000000000,0.493245500000,0.47746420675292983,0.47746420675292983,0.47746420675292983,0E-17,ELIGIBLE,R03b_20260811_FULL_v1,L1_ELIGIBILITY,v2026-08-11,2026-03-21..2026-08-06,baccarat_bet02_101_all_pairs_incl_sentinel,round_win = game_pnl > 0 (decisive only),COMPATIBILITY_ONLY_NOT_PRODUCTION,907.7584,658.3177,-61.7173,12,12,0.06798867,,0.06798867,0.06798867,61.7173,907.7584,THIN_EXPOSURE,0.0000,-2.4687,4.0000,96.0000,AG03-UNRESOLVED,ALL5_LEVELS_bet23_to_bet27,-2.4687,-2.4687,-2.4687,-3.0859,-3.0859,4.000000,4.000000,4.000000,5.000000,5.000000,96.000000,96.000000,96.000000,95.000000,95.000000,5.0,-13.5778,-12.4376,-48.1395,-49.2797,PENDING_AG03,FALSE,NOT_FOR_ENFORCEMENT,-59.2486,631.9850,-61.7173,-59.2486,-2.4687,-0.06798867,-0.06526912,-2.4687,-59.2486,-0.06526912,-2.4687,-2.4687,-2.4687,-3.0859,-3.0859,-59.2486,-0.06526912,-13.5778,-12.4376,-48.1395,-49.2797,-0.05303116,-0.0542872,-0.00271955,75.6465,54.8598,-5.1431,-61.7173,-12.3435,907.7584,12.0000,,75.6465,51.4311,77.1466,87.4328,128.5777,128.5777,128.5777,64.2888,0.0,1.666667,1.666667,0.980556,4,3,2,1,0E-8,-0.06798867,,0E-8,0.000000,0.725212,0.000000,,2026-06-25,2026-06-25,1,5,4,1,1.000000,,,0.000000,,,,,,,,GLOBAL_BASELINE_NO_ENTITY_RANKING,,,NOT_APPLICABLE_GLOBAL_BASELINE,HF9g-P5,,,,X 全窗基线 · 不参与实体赏罚,3925949,393,A168_HF9F_20260827_0900,2026-08-27 09:00:00
2026-06-19,31838857,970,0,822.8971121455,192.8665106592,192.8665106592,0.6666667,3,3,0.50218230000000000,0.502182300000,0.5697959874915163,0.5697959874915164,0.5697959874915163,0E-17,ELIGIBLE,R03b_20260811_FULL_v1,L1_ELIGIBILITY,v2026-08-11,2026-03-21..2026-08-06,baccarat_bet02_101_all_pairs_incl_sentinel,round_win = game_pnl > 0 (decisive only),COMPATIBILITY_ONLY_NOT_PRODUCTION,1152.0560,1100.6249,-61.7173,27,7,0.05357143,,0.05357143,0.05357143,61.7173,1152.0560,THIN_EXPOSURE,0.0000,-2.4687,4.0000,96.0000,AG03-UNRESOLVED,ALL5_LEVELS_bet23_to_bet27,-2.4687,-2.4687,-3.0859,0.0000,0.0000,4.000000,4.000000,5.000000,0.000000,0.000000,96.000000,96.000000,95.000000,100.000000,100.000000,5.0,-8.0232,-7.6826,-53.6940,-54.0347,PENDING_AG03,FALSE,NOT_FOR_ENFORCEMENT,-59.2486,1056.5999,-61.7173,-59.2486,-2.4687,-0.05357143,-0.05142857,-2.4687,-59.2486,-0.05142857,-2.4687,-2.4687,-3.0859,0.0000,0.0000,-59.2486,-0.05142857,-8.0232,-7.6826,-53.6940,-54.0347,-0.04660714,-0.04690286,-0.00214286,42.6687,157.2321,-8.8168,-30.8586,-30.8586,576.0280,3.5000,,42.6687,5.1431,5.1431,41.1449,216.0103,264.87,308.5864,5.1431,-5.1431,51.499998,60.000002,8.296296,2,2,2,7,0E-8,-0.05357143,,0E-8,0.000000,0.955357,0.000000,,2026-06-19,2026-06-23,2,2,2,5,0.400000,,,0.000000,,,,,,,,GLOBAL_BASELINE_NO_ENTITY_RANKING,,,NOT_APPLICABLE_GLOBAL_BASELINE,HF9g-P5,,,,X 全窗基线 · 不参与实体赏罚,3925950,393,A168_HF9F_20260827_0900,2026-08-27 09:00:00
2026-06-23,31838857,2145,0,329.1588448580,-131.1492272480,-131.1492272480,0.5000000,24,4,0.33977901250020279,0.137174416667,0.6765602249189426,2.1092586069693104,0.6765602249189426,0.20260459583320279,ELIGIBLE,R03b_20260811_FULL_v1,L1_ELIGIBILITY,v2026-08-11,2026-03-21..2026-08-06,baccarat_bet02_101_all_pairs_incl_sentinel,round_win = game_pnl > 0 (decisive only),COMPATIBILITY_ONLY_NOT_PRODUCTION,1152.0560,1100.6249,-61.7173,27,7,0.05357143,,0.05357143,0.05357143,61.7173,1152.0560,THIN_EXPOSURE,0.0000,-2.4687,4.0000,96.0000,AG03-UNRESOLVED,ALL5_LEVELS_bet23_to_bet27,-2.4687,-2.4687,-3.0859,0.0000,0.0000,4.000000,4.000000,5.000000,0.000000,0.000000,96.000000,96.000000,95.000000,100.000000,100.000000,5.0,-8.0232,-7.6826,-53.6940,-54.0347,PENDING_AG03,FALSE,NOT_FOR_ENFORCEMENT,-59.2486,1056.5999,-61.7173,-59.2486,-2.4687,-0.05357143,-0.05142857,-2.4687,-59.2486,-0.05142857,-2.4687,-2.4687,-3.0859,0.0000,0.0000,-59.2486,-0.05142857,-8.0232,-7.6826,-53.6940,-54.0347,-0.04660714,-0.04690286,-0.00214286,42.6687,157.2321,-8.8168,-30.8586,-30.8586,576.0280,3.5000,,42.6687,5.1431,5.1431,41.1449,216.0103,264.87,308.5864,5.1431,-5.1431,51.499998,60.000002,8.296296,2,2,2,7,0E-8,-0.05357143,,0E-8,0.000000,0.955357,0.000000,,2026-06-19,2026-06-23,2,2,2,5,0.400000,,,0.000000,,,,,,,,GLOBAL_BASELINE_NO_ENTITY_RANKING,,,NOT_APPLICABLE_GLOBAL_BASELINE,HF9g-P5,,,,X 全窗基线 · 不参与实体赏罚,3925951,393,A168_HF9F_20260827_0900,2026-08-27 09:00:00
2026-06-25,152026424,1306,0,102.8621390181,102.8621390181,102.8621390181,1.0000000,3,3,0.49324550000000000,0.493245500000,1.755609282511032,1.7556092825110319,1.755609282511032,0E-17,ELIGIBLE,R03b_20260811_FULL_v1,L1_ELIGIBILITY,v2026-08-11,2026-03-21..2026-08-06,baccarat_bet02_101_all_pairs_incl_sentinel,round_win = game_pnl > 0 (decisive only),COMPATIBILITY_ONLY_NOT_PRODUCTION,1609.7925,1314.0638,-61.7173,43,41,0.03833866,,0.03833866,0.03833866,61.7173,1609.7925,OK,0.0000,-2.4687,4.0000,96.0000,AG03-UNRESOLVED,ALL5_LEVELS_bet23_to_bet27,-2.4687,-2.4687,-2.4687,-2.4687,-2.4687,4.000000,4.000000,4.000000,4.000000,4.000000,96.000000,96.000000,96.000000,96.000000,96.000000,5.0,-12.3435,-11.3947,-49.3738,-50.3226,PENDING_AG03,FALSE,NOT_FOR_ENFORCEMENT,-59.2486,1261.5013,-61.7173,-59.2486,-2.4687,-0.03833866,-0.03680511,-2.4687,-59.2486,-0.03680511,-2.4687,-2.4687,-2.4687,-2.4687,-2.4687,-59.2486,-0.03680511,-12.3435,-11.3947,-49.3738,-50.3226,-0.03067093,-0.0312603,-0.00153355,37.4370,32.0503,-1.5053,-61.7173,-15.4293,1609.7925,41.0000,,37.4370,25.7155,25.7155,51.4311,51.4311,55.9313,102.8621,25.7155,0.0,2.174999,4.0,1.455814,3,6,3,3,0E-8,-0.03833866,,0E-8,0.000000,0.816294,0.000000,,2026-06-25,2026-06-25,1,4,3,1,1.000000,,,0.000000,,,,,,,,GLOBAL_BASELINE_NO_ENTITY_RANKING,,,NOT_APPLICABLE_GLOBAL_BASELINE,HF9g-P5,,,,X 全窗基线 · 不参与实体赏罚,3925952,393,A168_HF9F_20260827_0900,2026-08-27 09:00:00
2026-06-25,152026424,1402,0,709.7487592255,70.7177205748,70.7177205748,0.5833333,15,14,0.49727246428566699,0.485232103571,0.5962560626379706,0.6799619084699676,0.5962560626379706,0.01204036071466699,ELIGIBLE,R03b_20260811_FULL_v1,L1_ELIGIBILITY,v2026-08-11,2026-03-21..2026-08-06,baccarat_bet02_101_all_pairs_incl_sentinel,round_win = game_pnl > 0 (decisive only),COMPATIBILITY_ONLY_NOT_PRODUCTION,1609.7925,1314.0638,-61.7173,43,41,0.03833866,,0.03833866,0.03833866,61.7173,1609.7925,OK,0.0000,-2.4687,4.0000,96.0000,AG03-UNRESOLVED,ALL5_LEVELS_bet23_to_bet27,-2.4687,-2.4687,-2.4687,-2.4687,-2.4687,4.000000,4.000000,4.000000,4.000000,4.000000,96.000000,96.000000,96.000000,96.000000,96.000000,5.0,-12.3435,-11.3947,-49.3738,-50.3226,PENDING_AG03,FALSE,NOT_FOR_ENFORCEMENT,-59.2486,1261.5013,-61.7173,-59.2486,-2.4687,-0.03833866,-0.03680511,-2.4687,-59.2486,-0.03680511,-2.4687,-2.4687,-2.4687,-2.4687,-2.4687,-59.2486,-0.03680511,-12.3435,-11.3947,-49.3738,-50.3226,-0.03067093,-0.0312603,-0.00153355,37.4370,32.0503,-1.5053,-61.7173,-15.4293,1609.7925,41.0000,,37.4370,25.7155,25.7155,51.4311,51.4311,55.9313,102.8621,25.7155,0.0,2.174999,4.0,1.455814,3,6,3,3,0E-8,-0.03833866,,0E-8,0.000000,0.816294,0.000000,,2026-06-25,2026-06-25,1,4,3,1,1.000000,,,0.000000,,,,,,,,GLOBAL_BASELINE_NO_ENTITY_RANKING,,,NOT_APPLICABLE_GLOBAL_BASELINE,HF9g-P5,,,,X 全窗基线 · 不参与实体赏罚,3925953,393,A168_HF9F_20260827_0900,2026-08-27 09:00:00
2026-06-25,152026424,2145,0,102.8621390181,-1.2857767377,-1.2857767377,0.5000000,3,3,0.50218230000000000,0.502182300000,-0.00617253530718887,-0.00617253530718887,-0.00617253530718887,0E-17,ELIGIBLE,R03b_20260811_FULL_v1,L1_ELIGIBILITY,v2026-08-11,2026-03-21..2026-08-06,baccarat_bet02_101_all_pairs_incl_sentinel,round_win = game_pnl > 0 (decisive only),COMPATIBILITY_ONLY_NOT_PRODUCTION,1609.7925,1314.0638,-61.7173,43,41,0.03833866,,0.03833866,0.03833866,61.7173,1609.7925,OK,0.0000,-2.4687,4.0000,96.0000,AG03-UNRESOLVED,ALL5_LEVELS_bet23_to_bet27,-2.4687,-2.4687,-2.4687,-2.4687,-2.4687,4.000000,4.000000,4.000000,4.000000,4.000000,96.000000,96.000000,96.000000,96.000000,96.000000,5.0,-12.3435,-11.3947,-49.3738,-50.3226,PENDING_AG03,FALSE,NOT_FOR_ENFORCEMENT,-59.2486,1261.5013,-61.7173,-59.2486,-2.4687,-0.03833866,-0.03680511,-2.4687,-59.2486,-0.03680511,-2.4687,-2.4687,-2.4687,-2.4687,-2.4687,-59.2486,-0.03680511,-12.3435,-11.3947,-49.3738,-50.3226,-0.03067093,-0.0312603,-0.00153355,37.4370,32.0503,-1.5053,-61.7173,-15.4293,1609.7925,41.0000,,37.4370,25.7155,25.7155,51.4311,51.4311,55.9313,102.8621,25.7155,0.0,2.174999,4.0,1.455814,3,6,3,3,0E-8,-0.03833866,,0E-8,0.000000,0.816294,0.000000,,2026-06-25,2026-06-25,1,4,3,1,1.000000,,,0.000000,,,,,,,,GLOBAL_BASELINE_NO_ENTITY_RANKING,,,NOT_APPLICABLE_GLOBAL_BASELINE,HF9g-P5,,,,X 全窗基线 · 不参与实体赏罚,3925954,393,A168_HF9F_20260827_0900,2026-08-27 09:00:00
2026-06-25,152026424,2246,0,154.2932085273,48.8595160336,48.8595160336,0.6666667,3,3,0.49771390000000000,0.497713900000,0.5852756695216578,0.5852756695216578,0.5852756695216578,0E-17,ELIGIBLE,R03b_20260811_FULL_v1,L1_ELIGIBILITY,v2026-08-11,2026-03-21..2026-08-06,baccarat_bet02_101_all_pairs_incl_sentinel,round_win = game_pnl > 0 (decisive only),COMPATIBILITY_ONLY_NOT_PRODUCTION,1609.7925,1314.0638,-61.7173,43,41,0.03833866,,0.03833866,0.03833866,61.7173,1609.7925,OK,0.0000,-2.4687,4.0000,96.0000,AG03-UNRESOLVED,ALL5_LEVELS_bet23_to_bet27,-2.4687,-2.4687,-2.4687,-2.4687,-2.4687,4.000000,4.000000,4.000000,4.000000,4.000000,96.000000,96.000000,96.000000,96.000000,96.000000,5.0,-12.3435,-11.3947,-49.3738,-50.3226,PENDING_AG03,FALSE,NOT_FOR_ENFORCEMENT,-59.2486,1261.5013,-61.7173,-59.2486,-2.4687,-0.03833866,-0.03680511,-2.4687,-59.2486,-0.03680511,-2.4687,-2.4687,-2.4687,-2.4687,-2.4687,-59.2486,-0.03680511,-12.3435,-11.3947,-49.3738,-50.3226,-0.03067093,-0.0312603,-0.00153355,37.4370,32.0503,-1.5053,-61.7173,-15.4293,1609.7925,41.0000,,37.4370,25.7155,25.7155,51.4311,51.4311,55.9313,102.8621,25.7155,0.0,2.174999,4.0,1.455814,3,6,3,3,0E-8,-0.03833866,,0E-8,0.000000,0.816294,0.000000,,2026-06-25,2026-06-25,1,4,3,1,1.000000,,,0.000000,,,,,,,,GLOBAL_BASELINE_NO_ENTITY_RANKING,,,NOT_APPLICABLE_GLOBAL_BASELINE,HF9g-P5,,,,X 全窗基线 · 不参与实体赏罚,3925955,393,A168_HF9F_20260827_0900,2026-08-27 09:00:00
2026-06-25,152026424,2271,0,205.7242780361,-79.7181577389,-79.7181577389,0.1666667,7,7,0.50090561428571429,0.500905614286,-1.6374324335038204,-1.6374324335052217,-1.6374324335038204,-2.8571E-13,ELIGIBLE,R03b_20260811_FULL_v1,L1_ELIGIBILITY,v2026-08-11,2026-03-21..2026-08-06,baccarat_bet02_101_all_pairs_incl_sentinel,round_win = game_pnl > 0 (decisive only),COMPATIBILITY_ONLY_NOT_PRODUCTION,1609.7925,1314.0638,-61.7173,43,41,0.03833866,,0.03833866,0.03833866,61.7173,1609.7925,OK,0.0000,-2.4687,4.0000,96.0000,AG03-UNRESOLVED,ALL5_LEVELS_bet23_to_bet27,-2.4687,-2.4687,-2.4687,-2.4687,-2.4687,4.000000,4.000000,4.000000,4.000000,4.000000,96.000000,96.000000,96.000000,96.000000,96.000000,5.0,-12.3435,-11.3947,-49.3738,-50.3226,PENDING_AG03,FALSE,NOT_FOR_ENFORCEMENT,-59.2486,1261.5013,-61.7173,-59.2486,-2.4687,-0.03833866,-0.03680511,-2.4687,-59.2486,-0.03680511,-2.4687,-2.4687,-2.4687,-2.4687,-2.4687,-59.2486,-0.03680511,-12.3435,-11.3947,-49.3738,-50.3226,-0.03067093,-0.0312603,-0.00153355,37.4370,32.0503,-1.5053,-61.7173,-15.4293,1609.7925,41.0000,,37.4370,25.7155,25.7155,51.4311,51.4311,55.9313,102.8621,25.7155,0.0,2.174999,4.0,1.455814,3,6,3,3,0E-8,-0.03833866,,0E-8,0.000000,0.816294,0.000000,,2026-06-25,2026-06-25,1,4,3,1,1.000000,,,0.000000,,,,,,,,GLOBAL_BASELINE_NO_ENTITY_RANKING,,,NOT_APPLICABLE_GLOBAL_BASELINE,HF9g-P5,,,,X 全窗基线 · 不参与实体赏罚,3925956,393,A168_HF9F_20260827_0900,2026-08-27 09:00:00
2026-06-25,152026424,2288,0,334.3019518086,-79.7181577390,-79.7181577390,0.3750000,12,11,0.49751079090909091,0.497510790909,-0.6930342765211354,-0.6930342765206217,-0.6930342765211354,9.091E-14,ELIGIBLE,R03b_20260811_FULL_v1,L1_ELIGIBILITY,v2026-08-11,2026-03-21..2026-08-06,baccarat_bet02_101_all_pairs_incl_sentinel,round_win = game_pnl > 0 (decisive only),COMPATIBILITY_ONLY_NOT_PRODUCTION,1609.7925,1314.0638,-61.7173,43,41,0.03833866,,0.03833866,0.03833866,61.7173,1609.7925,OK,0.0000,-2.4687,4.0000,96.0000,AG03-UNRESOLVED,ALL5_LEVELS_bet23_to_bet27,-2.4687,-2.4687,-2.4687,-2.4687,-2.4687,4.000000,4.000000,4.000000,4.000000,4.000000,96.000000,96.000000,96.000000,96.000000,96.000000,5.0,-12.3435,-11.3947,-49.3738,-50.3226,PENDING_AG03,FALSE,NOT_FOR_ENFORCEMENT,-59.2486,1261.5013,-61.7173,-59.2486,-2.4687,-0.03833866,-0.03680511,-2.4687,-59.2486,-0.03680511,-2.4687,-2.4687,-2.4687,-2.4687,-2.4687,-59.2486,-0.03680511,-12.3435,-11.3947,-49.3738,-50.3226,-0.03067093,-0.0312603,-0.00153355,37.4370,32.0503,-1.5053,-61.7173,-15.4293,1609.7925,41.0000,,37.4370,25.7155,25.7155,51.4311,51.4311,55.9313,102.8621,25.7155,0.0,2.174999,4.0,1.455814,3,6,3,3,0E-8,-0.03833866,,0E-8,0.000000,0.816294,0.000000,,2026-06-25,2026-06-25,1,4,3,1,1.000000,,,0.000000,,,,,,,,GLOBAL_BASELINE_NO_ENTITY_RANKING,,,NOT_APPLICABLE_GLOBAL_BASELINE,HF9g-P5,,,,X 全窗基线 · 不参与实体赏罚,3925957,393,A168_HF9F_20260827_0900,2026-08-27 09:00:00
2026-06-15,151544949,2145,0,43.7164090831,61.0743950417,61.0743950417,0.5000000,11,4,0.28707050476152388,0.245933333333,0.9413437477550782,1.1799513884162225,0.9413437477550782,0.04113717142852388,ELIGIBLE,R03b_20260811_FULL_v1,L1_ELIGIBILITY,v2026-08-11,2026-03-21..2026-08-06,baccarat_bet02_101_all_pairs_incl_sentinel,round_win = game_pnl > 0 (decisive only),COMPATIBILITY_ONLY_NOT_PRODUCTION,43.7164,43.7164,-61.0744,11,4,1.39705882,,1.39705882,1.39705882,61.0744,43.7164,THIN_EXPOSURE,0.0000,-1.8322,3.0000,97.0000,AG03-UNRESOLVED,ALL5_LEVELS_bet23_to_bet27,-1.8322,-1.8322,-1.8322,-2.4430,-2.4430,3.000000,3.000000,3.000000,4.000000,4.000000,97.000000,97.000000,97.000000,96.000000,96.000000,5.0,-10.3826,-9.7035,-50.6917,-51.3709,PENDING_AG03,FALSE,NOT_FOR_ENFORCEMENT,-59.2422,42.4049,-61.0744,-59.2422,-1.8322,-1.39705882,-1.35514706,-1.8322,-59.2422,-1.35514706,-1.8322,-1.8322,-1.8322,-2.4430,-2.4430,-59.2422,-1.35514706,-10.3826,-9.7035,-50.6917,-51.3709,-1.15955882,-1.17509333,-0.04191176,3.9742,10.9291,-15.2686,-61.0744,-61.0744,43.7164,4.0000,,3.9742,2.5716,2.5716,4.5002,8.229,12.472,12.8578,2.5716,-2.5716,4.849999,5.0,1.545455,1,1,1,5,0E-8,-1.39705882,,0E-8,0.000000,1.000000,0.000000,,2026-06-15,2026-06-15,1,1,1,1,1.000000,,,0.000000,,,,,,,,GLOBAL_BASELINE_NO_ENTITY_RANKING,,,NOT_APPLICABLE_GLOBAL_BASELINE,HF9g-P5,,,,X 全窗基线 · 不参与实体赏罚,3925958,393,A168_HF9F_20260827_0900,2026-08-27 09:00:00
2026-06-03,150970863,1994,0,64.2888368864,61.0743950420,61.0743950420,1.0000000,3,3,0.50665070000000000,0.506650700000,1.7091633124209307,1.7091633124209307,1.7091633124209307,0E-17,ELIGIBLE,R03b_20260811_FULL_v1,L1_ELIGIBILITY,v2026-08-11,2026-03-21..2026-08-06,baccarat_bet02_101_all_pairs_incl_sentinel,round_win = game_pnl > 0 (decisive only),COMPATIBILITY_ONLY_NOT_PRODUCTION,64.2888,64.2888,-61.0744,3,3,0.95000000,,0.95000000,0.95000000,61.0744,64.2888,THIN_EXPOSURE,0.0000,-1.8322,3.0000,97.0000,AG03-UNRESOLVED,ALL5_LEVELS_bet23_to_bet27,-1.8322,-1.8322,-1.8322,-2.4430,-2.4430,3.000000,3.000000,3.000000,4.000000,4.000000,97.000000,97.000000,97.000000,96.000000,96.000000,5.0,-10.3826,-9.7035,-50.6917,-51.3709,PENDING_AG03,FALSE,NOT_FOR_ENFORCEMENT,-59.2422,62.3602,-61.0744,-59.2422,-1.8322,-0.95000000,-0.92150000,-1.8322,-59.2422,-0.92150000,-1.8322,-1.8322,-1.8322,-2.4430,-2.4430,-59.2422,-0.92150000,-10.3826,-9.7035,-50.6917,-51.3709,-0.78850000,-0.79906346,-0.02850000,21.4296,21.4296,-20.3581,-61.0744,-61.0744,64.2888,3.0000,,21.4296,12.8578,12.8578,32.1444,38.5733,38.5733,38.5733,12.8578,12.2149,3.0,3.0,1.666667,1,1,1,1,0E-8,-0.95000000,,0E-8,0.000000,1.000000,0.000000,,2026-06-03,2026-06-03,1,1,1,1,1.000000,,,0.000000,,,,,,,,GLOBAL_BASELINE_NO_ENTITY_RANKING,,,NOT_APPLICABLE_GLOBAL_BASELINE,HF9g-P5,,,,X 全窗基线 · 不参与实体赏罚,3925959,393,A168_HF9F_20260827_0900,2026-08-27 09:00:00
2026-06-18,151635426,1485,0,64.2888368863,61.0743950420,61.0743950420,1.0000000,3,3,0.50665070000000000,0.506650700000,1.7091633124209307,1.7091633124209307,1.7091633124209307,0E-17,ELIGIBLE,R03b_20260811_FULL_v1,L1_ELIGIBILITY,v2026-08-11,2026-03-21..2026-08-06,baccarat_bet02_101_all_pairs_incl_sentinel,round_win = game_pnl > 0 (decisive only),COMPATIBILITY_ONLY_NOT_PRODUCTION,64.2888,64.2888,-61.0744,3,3,0.95000000,,0.95000000,0.95000000,61.0744,64.2888,THIN_EXPOSURE,0.0000,-1.8322,3.0000,97.0000,AG03-UNRESOLVED,ALL5_LEVELS_bet23_to_bet27,-1.8322,-1.8322,-1.8322,-2.4430,-2.4430,3.000000,3.000000,3.000000,4.000000,4.000000,97.000000,97.000000,97.000000,96.000000,96.000000,5.0,-10.3826,-9.7035,-50.6917,-51.3709,PENDING_AG03,FALSE,NOT_FOR_ENFORCEMENT,-59.2422,62.3602,-61.0744,-59.2422,-1.8322,-0.95000000,-0.92150000,-1.8322,-59.2422,-0.92150000,-1.8322,-1.8322,-1.8322,-2.4430,-2.4430,-59.2422,-0.92150000,-10.3826,-9.7035,-50.6917,-51.3709,-0.78850000,-0.79906346,-0.02850000,21.4296,21.4296,-20.3581,-61.0744,-61.0744,64.2888,3.0000,,21.4296,16.0722,25.7155,25.7155,25.7155,25.7155,25.7155,25.7155,24.4298,1.0,1.0,0.833333,1,1,1,1,0E-8,-0.95000000,,0E-8,0.000000,1.000000,0.000000,,2026-06-18,2026-06-18,1,1,1,1,1.000000,,,0.000000,,,,,,,,GLOBAL_BASELINE_NO_ENTITY_RANKING,,,NOT_APPLICABLE_GLOBAL_BASELINE,HF9g-P5,,,,X 全窗基线 · 不参与实体赏罚,3925960,393,A168_HF9F_20260827_0900,2026-08-27 09:00:00
2026-06-28,152193802,-1,1,64.2888368864,61.0743950420,61.0743950420,1.0000000,1,1,0.50665070000000000,0.506650700000,0.9867858985152569,0.9867858985152569,0.9867858985152569,0E-17,SENTINEL_DEALER,R03b_20260811_FULL_v1,L1_ELIGIBILITY,v2026-08-11,2026-03-21..2026-08-06,baccarat_bet02_101_all_pairs_incl_sentinel,round_win = game_pnl > 0 (decisive only),COMPATIBILITY_ONLY_NOT_PRODUCTION,64.2888,64.2888,-61.0744,1,1,0.95000000,,0.95000000,0.95000000,61.0744,64.2888,THIN_EXPOSURE,0.0000,-1.8322,3.0000,97.0000,AG03-UNRESOLVED,ALL5_LEVELS_bet23_to_bet27,-1.8322,-1.8322,-1.8322,-2.4430,-2.4430,3.000000,3.000000,3.000000,4.000000,4.000000,97.000000,97.000000,97.000000,96.000000,96.000000,5.0,-10.3826,-9.7035,-50.6917,-51.3709,PENDING_AG03,FALSE,NOT_FOR_ENFORCEMENT,-59.2422,62.3602,-61.0744,-59.2422,-1.8322,-0.95000000,-0.92150000,-1.8322,-59.2422,-0.92150000,-1.8322,-1.8322,-1.8322,-2.4430,-2.4430,-59.2422,-0.92150000,-10.3826,-9.7035,-50.6917,-51.3709,-0.78850000,-0.79906346,-0.02850000,64.2888,64.2888,-61.0744,-61.0744,-61.0744,64.2888,1.0000,,64.2888,64.2888,64.2888,64.2888,64.2888,64.2888,64.2888,64.2888,61.0744,1.0,1.0,1.0,1,1,1,1,0E-8,-0.95000000,,0E-8,0.000000,1.000000,0.000000,,2026-06-28,2026-06-28,1,1,1,1,1.000000,,,0.000000,,,,,,,,GLOBAL_BASELINE_NO_ENTITY_RANKING,,,NOT_APPLICABLE_GLOBAL_BASELINE,HF9g-P5,,,,X 全窗基线 · 不参与实体赏罚,3925961,393,A168_HF9F_20260827_0900,2026-08-27 09:00:00
2026-06-13,151450171,2246,0,141.4354411500,61.0743950420,61.0743950420,1.0000000,2,2,0.49994810000000000,0.499948100000,1.0001038053877793,1.0001038053877793,1.0001038053877793,0E-17,ELIGIBLE,R03b_20260811_FULL_v1,L1_ELIGIBILITY,v2026-08-11,2026-03-21..2026-08-06,baccarat_bet02_101_all_pairs_incl_sentinel,round_win = game_pnl > 0 (decisive only),COMPATIBILITY_ONLY_NOT_PRODUCTION,141.4354,64.2888,-61.0744,2,2,0.43181818,,0.43181818,0.43181818,61.0744,141.4354,THIN_EXPOSURE,0.0000,-1.8322,3.0000,97.0000,AG03-UNRESOLVED,ALL5_LEVELS_bet23_to_bet27,-1.8322,-1.8322,-1.8322,-2.4430,-2.4430,3.000000,3.000000,3.000000,4.000000,4.000000,97.000000,97.000000,97.000000,96.000000,96.000000,5.0,-10.3826,-9.7035,-50.6917,-51.3709,PENDING_AG03,FALSE,NOT_FOR_ENFORCEMENT,-59.2422,62.3602,-61.0744,-59.2422,-1.8322,-0.43181818,-0.41886364,-1.8322,-59.2422,-0.41886364,-1.8322,-1.8322,-1.8322,-2.4430,-2.4430,-59.2422,-0.41886364,-10.3826,-9.7035,-50.6917,-51.3709,-0.35840909,-0.36321067,-0.01295455,70.7177,32.1444,-30.5372,-61.0744,-61.0744,141.4354,2.0000,,70.7177,64.2888,70.7177,77.1466,77.1466,77.1466,77.1466,32.1444,30.5372,1.090909,1.090909,1.0,1,1,1,2,0E-8,-0.43181818,,0E-8,0.000000,0.454545,0.000000,,2026-06-13,2026-06-13,1,1,1,1,1.000000,,,0.000000,,,,,,,,GLOBAL_BASELINE_NO_ENTITY_RANKING,,,NOT_APPLICABLE_GLOBAL_BASELINE,HF9g-P5,,,,X 全窗基线 · 不参与实体赏罚,3925962,393,A168_HF9F_20260827_0900,2026-08-27 09:00:00
2026-06-09,151189390,-1,1,52.9740015944,30.3443310104,30.3443310104,0.8333333,6,6,0.50441650000000000,0.504416500000,1.6114196831874958,1.6114196831874958,1.6114196831874958,0E-17,SENTINEL_DEALER,R03b_20260811_FULL_v1,L1_ELIGIBILITY,v2026-08-11,2026-03-21..2026-08-06,baccarat_bet02_101_all_pairs_incl_sentinel,round_win = game_pnl > 0 (decisive only),COMPATIBILITY_ONLY_NOT_PRODUCTION,162.5222,156.8648,-61.0744,15,15,0.37579114,,0.37579114,0.37579114,61.0744,162.5222,THIN_EXPOSURE,0.0000,-1.8322,3.0000,97.0000,AG03-UNRESOLVED,ALL5_LEVELS_bet23_to_bet27,-1.8322,-1.8322,-1.8322,-2.4430,-2.4430,3.000000,3.000000,3.000000,4.000000,4.000000,97.000000,97.000000,97.000000,96.000000,96.000000,5.0,-10.3826,-9.7035,-50.6917,-51.3709,PENDING_AG03,FALSE,NOT_FOR_ENFORCEMENT,-59.2422,152.1588,-61.0744,-59.2422,-1.8322,-0.37579114,-0.36451741,-1.8322,-59.2422,-0.36451741,-1.8322,-1.8322,-1.8322,-2.4430,-2.4430,-59.2422,-0.36451741,-10.3826,-9.7035,-50.6917,-51.3709,-0.31190665,-0.31608523,-0.01127373,10.8348,10.4577,-4.0716,-30.5372,-8.7249,81.2611,7.5000,,10.8348,7.4575,11.3148,12.8578,20.5724,20.5724,20.5724,9.2576,7.2003,1.818182,1.818182,0.957576,7,5,1,2,0E-8,-0.37579114,,0E-8,0.000000,0.965190,0.800000,,2026-06-09,2026-06-17,2,7,7,9,0.222222,,,0.000000,,,,,,,,GLOBAL_BASELINE_NO_ENTITY_RANKING,,,NOT_APPLICABLE_GLOBAL_BASELINE,HF9g-P5,,,,X 全窗基线 · 不参与实体赏罚,3925963,393,A168_HF9F_20260827_0900,2026-08-27 09:00:00
2026-06-09,151189390,1623,0,29.3157096201,-11.8291459871,-11.8291459871,0.5000000,2,2,0.49994810000000000,0.499948100000,0.00014679536856514622,0.00014679536856514622,0.00014679536856514622,0E-17,ELIGIBLE,R03b_20260811_FULL_v1,L1_ELIGIBILITY,v2026-08-11,2026-03-21..2026-08-06,baccarat_bet02_101_all_pairs_incl_sentinel,round_win = game_pnl > 0 (decisive only),COMPATIBILITY_ONLY_NOT_PRODUCTION,162.5222,156.8648,-61.0744,15,15,0.37579114,,0.37579114,0.37579114,61.0744,162.5222,THIN_EXPOSURE,0.0000,-1.8322,3.0000,97.0000,AG03-UNRESOLVED,ALL5_LEVELS_bet23_to_bet27,-1.8322,-1.8322,-1.8322,-2.4430,-2.4430,3.000000,3.000000,3.000000,4.000000,4.000000,97.000000,97.000000,97.000000,96.000000,96.000000,5.0,-10.3826,-9.7035,-50.6917,-51.3709,PENDING_AG03,FALSE,NOT_FOR_ENFORCEMENT,-59.2422,152.1588,-61.0744,-59.2422,-1.8322,-0.37579114,-0.36451741,-1.8322,-59.2422,-0.36451741,-1.8322,-1.8322,-1.8322,-2.4430,-2.4430,-59.2422,-0.36451741,-10.3826,-9.7035,-50.6917,-51.3709,-0.31190665,-0.31608523,-0.01127373,10.8348,10.4577,-4.0716,-30.5372,-8.7249,81.2611,7.5000,,10.8348,7.4575,11.3148,12.8578,20.5724,20.5724,20.5724,9.2576,7.2003,1.818182,1.818182,0.957576,7,5,1,2,0E-8,-0.37579114,,0E-8,0.000000,0.965190,0.800000,,2026-06-09,2026-06-17,2,7,7,9,0.222222,,,0.000000,,,,,,,,GLOBAL_BASELINE_NO_ENTITY_RANKING,,,NOT_APPLICABLE_GLOBAL_BASELINE,HF9g-P5,,,,X 全窗基线 · 不参与实体赏罚,3925964,393,A168_HF9F_20260827_0900,2026-08-27 09:00:00
2026-06-09,151189390,2130,0,25.7155347546,0E-10,0E-10,0.5000000,2,2,0.49324550000000000,0.493245500000,0.01910635448239258,0.01910635448239258,0.01910635448239258,0E-17,ELIGIBLE,R03b_20260811_FULL_v1,L1_ELIGIBILITY,v2026-08-11,2026-03-21..2026-08-06,baccarat_bet02_101_all_pairs_incl_sentinel,round_win = game_pnl > 0 (decisive only),COMPATIBILITY_ONLY_NOT_PRODUCTION,162.5222,156.8648,-61.0744,15,15,0.37579114,,0.37579114,0.37579114,61.0744,162.5222,THIN_EXPOSURE,0.0000,-1.8322,3.0000,97.0000,AG03-UNRESOLVED,ALL5_LEVELS_bet23_to_bet27,-1.8322,-1.8322,-1.8322,-2.4430,-2.4430,3.000000,3.000000,3.000000,4.000000,4.000000,97.000000,97.000000,97.000000,96.000000,96.000000,5.0,-10.3826,-9.7035,-50.6917,-51.3709,PENDING_AG03,FALSE,NOT_FOR_ENFORCEMENT,-59.2422,152.1588,-61.0744,-59.2422,-1.8322,-0.37579114,-0.36451741,-1.8322,-59.2422,-0.36451741,-1.8322,-1.8322,-1.8322,-2.4430,-2.4430,-59.2422,-0.36451741,-10.3826,-9.7035,-50.6917,-51.3709,-0.31190665,-0.31608523,-0.01127373,10.8348,10.4577,-4.0716,-30.5372,-8.7249,81.2611,7.5000,,10.8348,7.4575,11.3148,12.8578,20.5724,20.5724,20.5724,9.2576,7.2003,1.818182,1.818182,0.957576,7,5,1,2,0E-8,-0.37579114,,0E-8,0.000000,0.965190,0.800000,,2026-06-09,2026-06-17,2,7,7,9,0.222222,,,0.000000,,,,,,,,GLOBAL_BASELINE_NO_ENTITY_RANKING,,,NOT_APPLICABLE_GLOBAL_BASELINE,HF9g-P5,,,,X 全窗基线 · 不参与实体赏罚,3925965,393,A168_HF9F_20260827_0900,2026-08-27 09:00:00
2026-06-09,151189390,2142,0,31.1157970530,24.8154910381,24.8154910381,1.0000000,3,3,0.50665070000000000,0.506650700000,1.7091633124209307,1.7091633124209307,1.7091633124209307,0E-17,ELIGIBLE,R03b_20260811_FULL_v1,L1_ELIGIBILITY,v2026-08-11,2026-03-21..2026-08-06,baccarat_bet02_101_all_pairs_incl_sentinel,round_win = game_pnl > 0 (decisive only),COMPATIBILITY_ONLY_NOT_PRODUCTION,162.5222,156.8648,-61.0744,15,15,0.37579114,,0.37579114,0.37579114,61.0744,162.5222,THIN_EXPOSURE,0.0000,-1.8322,3.0000,97.0000,AG03-UNRESOLVED,ALL5_LEVELS_bet23_to_bet27,-1.8322,-1.8322,-1.8322,-2.4430,-2.4430,3.000000,3.000000,3.000000,4.000000,4.000000,97.000000,97.000000,97.000000,96.000000,96.000000,5.0,-10.3826,-9.7035,-50.6917,-51.3709,PENDING_AG03,FALSE,NOT_FOR_ENFORCEMENT,-59.2422,152.1588,-61.0744,-59.2422,-1.8322,-0.37579114,-0.36451741,-1.8322,-59.2422,-0.36451741,-1.8322,-1.8322,-1.8322,-2.4430,-2.4430,-59.2422,-0.36451741,-10.3826,-9.7035,-50.6917,-51.3709,-0.31190665,-0.31608523,-0.01127373,10.8348,10.4577,-4.0716,-30.5372,-8.7249,81.2611,7.5000,,10.8348,7.4575,11.3148,12.8578,20.5724,20.5724,20.5724,9.2576,7.2003,1.818182,1.818182,0.957576,7,5,1,2,0E-8,-0.37579114,,0E-8,0.000000,0.965190,0.800000,,2026-06-09,2026-06-17,2,7,7,9,0.222222,,,0.000000,,,,,,,,GLOBAL_BASELINE_NO_ENTITY_RANKING,,,NOT_APPLICABLE_GLOBAL_BASELINE,HF9g-P5,,,,X 全窗基线 · 不参与实体赏罚,3925966,393,A168_HF9F_20260827_0900,2026-08-27 09:00:00
2026-06-09,151189390,2205,0,20.5724278036,20.5724278036,20.5724278036,1.0000000,1,1,0.50665070000000000,0.506650700000,0.9867858985152569,0.9867858985152569,0.9867858985152569,0E-17,ELIGIBLE,R03b_20260811_FULL_v1,L1_ELIGIBILITY,v2026-08-11,2026-03-21..2026-08-06,baccarat_bet02_101_all_pairs_incl_sentinel,round_win = game_pnl > 0 (decisive only),COMPATIBILITY_ONLY_NOT_PRODUCTION,162.5222,156.8648,-61.0744,15,15,0.37579114,,0.37579114,0.37579114,61.0744,162.5222,THIN_EXPOSURE,0.0000,-1.8322,3.0000,97.0000,AG03-UNRESOLVED,ALL5_LEVELS_bet23_to_bet27,-1.8322,-1.8322,-1.8322,-2.4430,-2.4430,3.000000,3.000000,3.000000,4.000000,4.000000,97.000000,97.000000,97.000000,96.000000,96.000000,5.0,-10.3826,-9.7035,-50.6917,-51.3709,PENDING_AG03,FALSE,NOT_FOR_ENFORCEMENT,-59.2422,152.1588,-61.0744,-59.2422,-1.8322,-0.37579114,-0.36451741,-1.8322,-59.2422,-0.36451741,-1.8322,-1.8322,-1.8322,-2.4430,-2.4430,-59.2422,-0.36451741,-10.3826,-9.7035,-50.6917,-51.3709,-0.31190665,-0.31608523,-0.01127373,10.8348,10.4577,-4.0716,-30.5372,-8.7249,81.2611,7.5000,,10.8348,7.4575,11.3148,12.8578,20.5724,20.5724,20.5724,9.2576,7.2003,1.818182,1.818182,0.957576,7,5,1,2,0E-8,-0.37579114,,0E-8,0.000000,0.965190,0.800000,,2026-06-09,2026-06-17,2,7,7,9,0.222222,,,0.000000,,,,,,,,GLOBAL_BASELINE_NO_ENTITY_RANKING,,,NOT_APPLICABLE_GLOBAL_BASELINE,HF9g-P5,,,,X 全窗基线 · 不参与实体赏罚,3925967,393,A168_HF9F_20260827_0900,2026-08-27 09:00:00
2026-06-17,151189390,-1,1,2.8287088230,-2.8287088230,-2.8287088230,0E-7,1,1,0.49324550000000000,0.493245500000,-0.9865810262130424,-0.9865810262130424,-0.9865810262130424,0E-17,SENTINEL_DEALER,R03b_20260811_FULL_v1,L1_ELIGIBILITY,v2026-08-11,2026-03-21..2026-08-06,baccarat_bet02_101_all_pairs_incl_sentinel,round_win = game_pnl > 0 (decisive only),COMPATIBILITY_ONLY_NOT_PRODUCTION,162.5222,156.8648,-61.0744,15,15,0.37579114,,0.37579114,0.37579114,61.0744,162.5222,THIN_EXPOSURE,0.0000,-1.8322,3.0000,97.0000,AG03-UNRESOLVED,ALL5_LEVELS_bet23_to_bet27,-1.8322,-1.8322,-1.8322,-2.4430,-2.4430,3.000000,3.000000,3.000000,4.000000,4.000000,97.000000,97.000000,97.000000,96.000000,96.000000,5.0,-10.3826,-9.7035,-50.6917,-51.3709,PENDING_AG03,FALSE,NOT_FOR_ENFORCEMENT,-59.2422,152.1588,-61.0744,-59.2422,-1.8322,-0.37579114,-0.36451741,-1.8322,-59.2422,-0.36451741,-1.8322,-1.8322,-1.8322,-2.4430,-2.4430,-59.2422,-0.36451741,-10.3826,-9.7035,-50.6917,-51.3709,-0.31190665,-0.31608523,-0.01127373,10.8348,10.4577,-4.0716,-30.5372,-8.7249,81.2611,7.5000,,10.8348,7.4575,11.3148,12.8578,20.5724,20.5724,20.5724,9.2576,7.2003,1.818182,1.818182,0.957576,7,5,1,2,0E-8,-0.37579114,,0E-8,0.000000,0.965190,0.800000,,2026-06-09,2026-06-17,2,7,7,9,0.222222,,,0.000000,,,,,,,,GLOBAL_BASELINE_NO_ENTITY_RANKING,,,NOT_APPLICABLE_GLOBAL_BASELINE,HF9g-P5,,,,X 全窗基线 · 不参与实体赏罚,3925968,393,A168_HF9F_20260827_0900,2026-08-27 09:00:00
2026-06-12,151367782,-1,1,12.8577673773,12.8577673773,12.8577673773,1.0000000,1,1,0.49324550000000000,0.493245500000,1.01360149184955,1.01360149184955,1.01360149184955,0E-17,SENTINEL_DEALER,R03b_20260811_FULL_v1,L1_ELIGIBILITY,v2026-08-11,2026-03-21..2026-08-06,baccarat_bet02_101_all_pairs_incl_sentinel,round_win = game_pnl > 0 (decisive only),COMPATIBILITY_ONLY_NOT_PRODUCTION,270.0131,244.2976,-61.0744,17,17,0.22619048,,0.22619048,0.22619048,61.0744,270.0131,THIN_EXPOSURE,0.0000,-1.8322,3.0000,97.0000,AG03-UNRESOLVED,ALL5_LEVELS_bet23_to_bet27,-1.8322,-1.8322,-1.8322,-2.4430,-2.4430,3.000000,3.000000,3.000000,4.000000,4.000000,97.000000,97.000000,97.000000,96.000000,96.000000,5.0,-10.3826,-9.7035,-50.6917,-51.3709,PENDING_AG03,FALSE,NOT_FOR_ENFORCEMENT,-59.2422,236.9687,-61.0744,-59.2422,-1.8322,-0.22619048,-0.21940476,-1.8322,-59.2422,-0.21940476,-1.8322,-1.8322,-1.8322,-2.4430,-2.4430,-59.2422,-0.21940476,-10.3826,-9.7035,-50.6917,-51.3709,-0.18773810,-0.19025321,-0.00678571,15.8831,14.3704,-3.5926,-61.0744,-7.6343,270.0131,17.0000,,15.8831,12.8578,12.8578,12.8578,25.7155,34.0731,38.5733,12.8578,12.2149,2.65,3.0,1.235294,8,9,1,2,0E-8,-0.22619048,,0E-8,0.000000,0.904762,0.000000,,2026-06-12,2026-06-12,1,8,8,1,1.000000,,,0.000000,,,,,,,,GLOBAL_BASELINE_NO_ENTITY_RANKING,,,NOT_APPLICABLE_GLOBAL_BASELINE,HF9g-P5,,,,X 全窗基线 · 不参与实体赏罚,3925969,393,A168_HF9F_20260827_0900,2026-08-27 09:00:00
2026-06-12,151367782,1115,0,12.8577673773,-12.8577673773,-12.8577673773,0E-7,1,1,0.50665070000000000,0.506650700000,-1.013391052207602,-1.013391052207602,-1.013391052207602,0E-17,ELIGIBLE,R03b_20260811_FULL_v1,L1_ELIGIBILITY,v2026-08-11,2026-03-21..2026-08-06,baccarat_bet02_101_all_pairs_incl_sentinel,round_win = game_pnl > 0 (decisive only),COMPATIBILITY_ONLY_NOT_PRODUCTION,270.0131,244.2976,-61.0744,17,17,0.22619048,,0.22619048,0.22619048,61.0744,270.0131,THIN_EXPOSURE,0.0000,-1.8322,3.0000,97.0000,AG03-UNRESOLVED,ALL5_LEVELS_bet23_to_bet27,-1.8322,-1.8322,-1.8322,-2.4430,-2.4430,3.000000,3.000000,3.000000,4.000000,4.000000,97.000000,97.000000,97.000000,96.000000,96.000000,5.0,-10.3826,-9.7035,-50.6917,-51.3709,PENDING_AG03,FALSE,NOT_FOR_ENFORCEMENT,-59.2422,236.9687,-61.0744,-59.2422,-1.8322,-0.22619048,-0.21940476,-1.8322,-59.2422,-0.21940476,-1.8322,-1.8322,-1.8322,-2.4430,-2.4430,-59.2422,-0.21940476,-10.3826,-9.7035,-50.6917,-51.3709,-0.18773810,-0.19025321,-0.00678571,15.8831,14.3704,-3.5926,-61.0744,-7.6343,270.0131,17.0000,,15.8831,12.8578,12.8578,12.8578,25.7155,34.0731,38.5733,12.8578,12.2149,2.65,3.0,1.235294,8,9,1,2,0E-8,-0.22619048,,0E-8,0.000000,0.904762,0.000000,,2026-06-12,2026-06-12,1,8,8,1,1.000000,,,0.000000,,,,,,,,GLOBAL_BASELINE_NO_ENTITY_RANKING,,,NOT_APPLICABLE_GLOBAL_BASELINE,HF9g-P5,,,,X 全窗基线 · 不参与实体赏罚,3925970,393,A168_HF9F_20260827_0900,2026-08-27 09:00:00
2026-06-12,151367782,1940,0,51.4310695092,12.8577673773,12.8577673773,0.6666667,4,4,0.49324550000000000,0.493245500000,0.6008033672792107,0.6008033672792106,0.6008033672792107,0E-17,ELIGIBLE,R03b_20260811_FULL_v1,L1_ELIGIBILITY,v2026-08-11,2026-03-21..2026-08-06,baccarat_bet02_101_all_pairs_incl_sentinel,round_win = game_pnl > 0 (decisive only),COMPATIBILITY_ONLY_NOT_PRODUCTION,270.0131,244.2976,-61.0744,17,17,0.22619048,,0.22619048,0.22619048,61.0744,270.0131,THIN_EXPOSURE,0.0000,-1.8322,3.0000,97.0000,AG03-UNRESOLVED,ALL5_LEVELS_bet23_to_bet27,-1.8322,-1.8322,-1.8322,-2.4430,-2.4430,3.000000,3.000000,3.000000,4.000000,4.000000,97.000000,97.000000,97.000000,96.000000,96.000000,5.0,-10.3826,-9.7035,-50.6917,-51.3709,PENDING_AG03,FALSE,NOT_FOR_ENFORCEMENT,-59.2422,236.9687,-61.0744,-59.2422,-1.8322,-0.22619048,-0.21940476,-1.8322,-59.2422,-0.21940476,-1.8322,-1.8322,-1.8322,-2.4430,-2.4430,-59.2422,-0.21940476,-10.3826,-9.7035,-50.6917,-51.3709,-0.18773810,-0.19025321,-0.00678571,15.8831,14.3704,-3.5926,-61.0744,-7.6343,270.0131,17.0000,,15.8831,12.8578,12.8578,12.8578,25.7155,34.0731,38.5733,12.8578,12.2149,2.65,3.0,1.235294,8,9,1,2,0E-8,-0.22619048,,0E-8,0.000000,0.904762,0.000000,,2026-06-12,2026-06-12,1,8,8,1,1.000000,,,0.000000,,,,,,,,GLOBAL_BASELINE_NO_ENTITY_RANKING,,,NOT_APPLICABLE_GLOBAL_BASELINE,HF9g-P5,,,,X 全窗基线 · 不参与实体赏罚,3925971,393,A168_HF9F_20260827_0900,2026-08-27 09:00:00
2026-06-12,151367782,2103,0,64.2888368865,25.0726463857,25.0726463857,0.7500000,5,5,0.49860758000000000,0.498607580000,1.005573579286957,1.005573579286957,1.005573579286957,0E-17,ELIGIBLE,R03b_20260811_FULL_v1,L1_ELIGIBILITY,v2026-08-11,2026-03-21..2026-08-06,baccarat_bet02_101_all_pairs_incl_sentinel,round_win = game_pnl > 0 (decisive only),COMPATIBILITY_ONLY_NOT_PRODUCTION,270.0131,244.2976,-61.0744,17,17,0.22619048,,0.22619048,0.22619048,61.0744,270.0131,THIN_EXPOSURE,0.0000,-1.8322,3.0000,97.0000,AG03-UNRESOLVED,ALL5_LEVELS_bet23_to_bet27,-1.8322,-1.8322,-1.8322,-2.4430,-2.4430,3.000000,3.000000,3.000000,4.000000,4.000000,97.000000,97.000000,97.000000,96.000000,96.000000,5.0,-10.3826,-9.7035,-50.6917,-51.3709,PENDING_AG03,FALSE,NOT_FOR_ENFORCEMENT,-59.2422,236.9687,-61.0744,-59.2422,-1.8322,-0.22619048,-0.21940476,-1.8322,-59.2422,-0.21940476,-1.8322,-1.8322,-1.8322,-2.4430,-2.4430,-59.2422,-0.21940476,-10.3826,-9.7035,-50.6917,-51.3709,-0.18773810,-0.19025321,-0.00678571,15.8831,14.3704,-3.5926,-61.0744,-7.6343,270.0131,17.0000,,15.8831,12.8578,12.8578,12.8578,25.7155,34.0731,38.5733,12.8578,12.2149,2.65,3.0,1.235294,8,9,1,2,0E-8,-0.22619048,,0E-8,0.000000,0.904762,0.000000,,2026-06-12,2026-06-12,1,8,8,1,1.000000,,,0.000000,,,,,,,,GLOBAL_BASELINE_NO_ENTITY_RANKING,,,NOT_APPLICABLE_GLOBAL_BASELINE,HF9g-P5,,,,X 全窗基线 · 不参与实体赏罚,3925972,393,A168_HF9F_20260827_0900,2026-08-27 09:00:00
2026-06-12,151367782,2152,0,38.5733021318,-38.5733021318,-38.5733021318,0E-7,1,1,0.49324550000000000,0.493245500000,-0.9865810262130424,-0.9865810262130424,-0.9865810262130424,0E-17,ELIGIBLE,R03b_20260811_FULL_v1,L1_ELIGIBILITY,v2026-08-11,2026-03-21..2026-08-06,baccarat_bet02_101_all_pairs_incl_sentinel,round_win = game_pnl > 0 (decisive only),COMPATIBILITY_ONLY_NOT_PRODUCTION,270.0131,244.2976,-61.0744,17,17,0.22619048,,0.22619048,0.22619048,61.0744,270.0131,THIN_EXPOSURE,0.0000,-1.8322,3.0000,97.0000,AG03-UNRESOLVED,ALL5_LEVELS_bet23_to_bet27,-1.8322,-1.8322,-1.8322,-2.4430,-2.4430,3.000000,3.000000,3.000000,4.000000,4.000000,97.000000,97.000000,97.000000,96.000000,96.000000,5.0,-10.3826,-9.7035,-50.6917,-51.3709,PENDING_AG03,FALSE,NOT_FOR_ENFORCEMENT,-59.2422,236.9687,-61.0744,-59.2422,-1.8322,-0.22619048,-0.21940476,-1.8322,-59.2422,-0.21940476,-1.8322,-1.8322,-1.8322,-2.4430,-2.4430,-59.2422,-0.21940476,-10.3826,-9.7035,-50.6917,-51.3709,-0.18773810,-0.19025321,-0.00678571,15.8831,14.3704,-3.5926,-61.0744,-7.6343,270.0131,17.0000,,15.8831,12.8578,12.8578,12.8578,25.7155,34.0731,38.5733,12.8578,12.2149,2.65,3.0,1.235294,8,9,1,2,0E-8,-0.22619048,,0E-8,0.000000,0.904762,0.000000,,2026-06-12,2026-06-12,1,8,8,1,1.000000,,,0.000000,,,,,,,,GLOBAL_BASELINE_NO_ENTITY_RANKING,,,NOT_APPLICABLE_GLOBAL_BASELINE,HF9g-P5,,,,X 全窗基线 · 不参与实体赏罚,3925973,393,A168_HF9F_20260827_0900,2026-08-27 09:00:00
2026-06-12,151367782,2209,0,25.7155347546,24.4297580168,24.4297580168,1.0000000,2,2,0.50665070000000000,0.506650700000,1.3955260008387969,1.3955260008387969,1.3955260008387969,0E-17,ELIGIBLE,R03b_20260811_FULL_v1,L1_ELIGIBILITY,v2026-08-11,2026-03-21..2026-08-06,baccarat_bet02_101_all_pairs_incl_sentinel,round_win = game_pnl > 0 (decisive only),COMPATIBILITY_ONLY_NOT_PRODUCTION,270.0131,244.2976,-61.0744,17,17,0.22619048,,0.22619048,0.22619048,61.0744,270.0131,THIN_EXPOSURE,0.0000,-1.8322,3.0000,97.0000,AG03-UNRESOLVED,ALL5_LEVELS_bet23_to_bet27,-1.8322,-1.8322,-1.8322,-2.4430,-2.4430,3.000000,3.000000,3.000000,4.000000,4.000000,97.000000,97.000000,97.000000,96.000000,96.000000,5.0,-10.3826,-9.7035,-50.6917,-51.3709,PENDING_AG03,FALSE,NOT_FOR_ENFORCEMENT,-59.2422,236.9687,-61.0744,-59.2422,-1.8322,-0.22619048,-0.21940476,-1.8322,-59.2422,-0.21940476,-1.8322,-1.8322,-1.8322,-2.4430,-2.4430,-59.2422,-0.21940476,-10.3826,-9.7035,-50.6917,-51.3709,-0.18773810,-0.19025321,-0.00678571,15.8831,14.3704,-3.5926,-61.0744,-7.6343,270.0131,17.0000,,15.8831,12.8578,12.8578,12.8578,25.7155,34.0731,38.5733,12.8578,12.2149,2.65,3.0,1.235294,8,9,1,2,0E-8,-0.22619048,,0E-8,0.000000,0.904762,0.000000,,2026-06-12,2026-06-12,1,8,8,1,1.000000,,,0.000000,,,,,,,,GLOBAL_BASELINE_NO_ENTITY_RANKING,,,NOT_APPLICABLE_GLOBAL_BASELINE,HF9g-P5,,,,X 全窗基线 · 不参与实体赏罚,3925974,393,A168_HF9F_20260827_0900,2026-08-27 09:00:00
2026-06-12,151367782,2223,0,12.8577673773,-12.8577673773,-12.8577673773,0E-7,1,1,0.49324550000000000,0.493245500000,-0.9865810262130424,-0.9865810262130424,-0.9865810262130424,0E-17,ELIGIBLE,R03b_20260811_FULL_v1,L1_ELIGIBILITY,v2026-08-11,2026-03-21..2026-08-06,baccarat_bet02_101_all_pairs_incl_sentinel,round_win = game_pnl > 0 (decisive only),COMPATIBILITY_ONLY_NOT_PRODUCTION,270.0131,244.2976,-61.0744,17,17,0.22619048,,0.22619048,0.22619048,61.0744,270.0131,THIN_EXPOSURE,0.0000,-1.8322,3.0000,97.0000,AG03-UNRESOLVED,ALL5_LEVELS_bet23_to_bet27,-1.8322,-1.8322,-1.8322,-2.4430,-2.4430,3.000000,3.000000,3.000000,4.000000,4.000000,97.000000,97.000000,97.000000,96.000000,96.000000,5.0,-10.3826,-9.7035,-50.6917,-51.3709,PENDING_AG03,FALSE,NOT_FOR_ENFORCEMENT,-59.2422,236.9687,-61.0744,-59.2422,-1.8322,-0.22619048,-0.21940476,-1.8322,-59.2422,-0.21940476,-1.8322,-1.8322,-1.8322,-2.4430,-2.4430,-59.2422,-0.21940476,-10.3826,-9.7035,-50.6917,-51.3709,-0.18773810,-0.19025321,-0.00678571,15.8831,14.3704,-3.5926,-61.0744,-7.6343,270.0131,17.0000,,15.8831,12.8578,12.8578,12.8578,25.7155,34.0731,38.5733,12.8578,12.2149,2.65,3.0,1.235294,8,9,1,2,0E-8,-0.22619048,,0E-8,0.000000,0.904762,0.000000,,2026-06-12,2026-06-12,1,8,8,1,1.000000,,,0.000000,,,,,,,,GLOBAL_BASELINE_NO_ENTITY_RANKING,,,NOT_APPLICABLE_GLOBAL_BASELINE,HF9g-P5,,,,X 全窗基线 · 不参与实体赏罚,3925975,393,A168_HF9F_20260827_0900,2026-08-27 09:00:00
2026-06-12,151367782,2229,0,25.7155347545,24.4297580168,24.4297580168,1.0000000,1,1,0.50665070000000000,0.506650700000,0.9867858985152569,0.9867858985152569,0.9867858985152569,0E-17,ELIGIBLE,R03b_20260811_FULL_v1,L1_ELIGIBILITY,v2026-08-11,2026-03-21..2026-08-06,baccarat_bet02_101_all_pairs_incl_sentinel,round_win = game_pnl > 0 (decisive only),COMPATIBILITY_ONLY_NOT_PRODUCTION,270.0131,244.2976,-61.0744,17,17,0.22619048,,0.22619048,0.22619048,61.0744,270.0131,THIN_EXPOSURE,0.0000,-1.8322,3.0000,97.0000,AG03-UNRESOLVED,ALL5_LEVELS_bet23_to_bet27,-1.8322,-1.8322,-1.8322,-2.4430,-2.4430,3.000000,3.000000,3.000000,4.000000,4.000000,97.000000,97.000000,97.000000,96.000000,96.000000,5.0,-10.3826,-9.7035,-50.6917,-51.3709,PENDING_AG03,FALSE,NOT_FOR_ENFORCEMENT,-59.2422,236.9687,-61.0744,-59.2422,-1.8322,-0.22619048,-0.21940476,-1.8322,-59.2422,-0.21940476,-1.8322,-1.8322,-1.8322,-2.4430,-2.4430,-59.2422,-0.21940476,-10.3826,-9.7035,-50.6917,-51.3709,-0.18773810,-0.19025321,-0.00678571,15.8831,14.3704,-3.5926,-61.0744,-7.6343,270.0131,17.0000,,15.8831,12.8578,12.8578,12.8578,25.7155,34.0731,38.5733,12.8578,12.2149,2.65,3.0,1.235294,8,9,1,2,0E-8,-0.22619048,,0E-8,0.000000,0.904762,0.000000,,2026-06-12,2026-06-12,1,8,8,1,1.000000,,,0.000000,,,,,,,,GLOBAL_BASELINE_NO_ENTITY_RANKING,,,NOT_APPLICABLE_GLOBAL_BASELINE,HF9g-P5,,,,X 全窗基线 · 不参与实体赏罚,3925976,393,A168_HF9F_20260827_0900,2026-08-27 09:00:00
2026-06-12,151367782,994,0,25.7155347545,25.7155347545,25.7155347545,1.0000000,1,1,0.49324550000000000,0.493245500000,1.01360149184955,1.01360149184955,1.01360149184955,0E-17,ELIGIBLE,R03b_20260811_FULL_v1,L1_ELIGIBILITY,v2026-08-11,2026-03-21..2026-08-06,baccarat_bet02_101_all_pairs_incl_sentinel,round_win = game_pnl > 0 (decisive only),COMPATIBILITY_ONLY_NOT_PRODUCTION,270.0131,244.2976,-61.0744,17,17,0.22619048,,0.22619048,0.22619048,61.0744,270.0131,THIN_EXPOSURE,0.0000,-1.8322,3.0000,97.0000,AG03-UNRESOLVED,ALL5_LEVELS_bet23_to_bet27,-1.8322,-1.8322,-1.8322,-2.4430,-2.4430,3.000000,3.000000,3.000000,4.000000,4.000000,97.000000,97.000000,97.000000,96.000000,96.000000,5.0,-10.3826,-9.7035,-50.6917,-51.3709,PENDING_AG03,FALSE,NOT_FOR_ENFORCEMENT,-59.2422,236.9687,-61.0744,-59.2422,-1.8322,-0.22619048,-0.21940476,-1.8322,-59.2422,-0.21940476,-1.8322,-1.8322,-1.8322,-2.4430,-2.4430,-59.2422,-0.21940476,-10.3826,-9.7035,-50.6917,-51.3709,-0.18773810,-0.19025321,-0.00678571,15.8831,14.3704,-3.5926,-61.0744,-7.6343,270.0131,17.0000,,15.8831,12.8578,12.8578,12.8578,25.7155,34.0731,38.5733,12.8578,12.2149,2.65,3.0,1.235294,8,9,1,2,0E-8,-0.22619048,,0E-8,0.000000,0.904762,0.000000,,2026-06-12,2026-06-12,1,8,8,1,1.000000,,,0.000000,,,,,,,,GLOBAL_BASELINE_NO_ENTITY_RANKING,,,NOT_APPLICABLE_GLOBAL_BASELINE,HF9g-P5,,,,X 全窗基线 · 不参与实体赏罚,3925977,393,A168_HF9F_20260827_0900,2026-08-27 09:00:00
2026-06-20,151797667,1078,0,30.8586417056,-30.8586417056,-30.8586417056,0E-7,4,2,0.43487393571363718,0.357045183334,-1.2405778373055467,-1.0538683456290379,-1.2405778373055467,0.07782875237963718,ELIGIBLE,R03b_20260811_FULL_v1,L1_ELIGIBILITY,v2026-08-11,2026-03-21..2026-08-06,baccarat_bet02_101_all_pairs_incl_sentinel,round_win = game_pnl > 0 (decisive only),COMPATIBILITY_ONLY_NOT_PRODUCTION,336.8735,318.8726,-61.0744,25,20,0.18129771,,0.18129771,0.18129771,61.0744,336.8735,THIN_EXPOSURE,0.0000,-1.8322,3.0000,97.0000,AG03-UNRESOLVED,ALL5_LEVELS_bet23_to_bet27,-1.8322,-1.8322,-1.8322,-2.4430,-2.4430,3.000000,3.000000,3.000000,4.000000,4.000000,97.000000,97.000000,97.000000,96.000000,96.000000,5.0,-10.3826,-9.7035,-50.6917,-51.3709,PENDING_AG03,FALSE,NOT_FOR_ENFORCEMENT,-59.2422,309.3065,-61.0744,-59.2422,-1.8322,-0.18129771,-0.17585878,-1.8322,-59.2422,-0.17585878,-1.8322,-1.8322,-1.8322,-2.4430,-2.4430,-59.2422,-0.17585878,-10.3826,-9.7035,-50.6917,-51.3709,-0.15047710,-0.15249303,-0.00543893,13.4749,15.9436,-3.0537,-61.0744,-20.3581,336.8735,20.0000,,13.4749,12.8578,12.8578,13.5007,25.7155,27.0013,30.8586,12.8578,-2.5716,2.1,2.4,1.048,3,3,1,4,0E-8,-0.18129771,,0E-8,0.000000,0.946565,0.000000,,2026-06-20,2026-06-20,1,3,3,1,1.000000,,,0.000000,,,,,,,,GLOBAL_BASELINE_NO_ENTITY_RANKING,,,NOT_APPLICABLE_GLOBAL_BASELINE,HF9g-P5,,,,X 全窗基线 · 不参与实体赏罚,3925978,393,A168_HF9F_20260827_0900,2026-08-27 09:00:00
2026-06-20,151797667,1363,0,141.4354411502,37.9304137629,37.9304137629,0.6000000,10,10,0.49458602000000000,0.494586020000,0.6667356348082476,0.6667356348082476,0.6667356348082476,0E-17,ELIGIBLE,R03b_20260811_FULL_v1,L1_ELIGIBILITY,v2026-08-11,2026-03-21..2026-08-06,baccarat_bet02_101_all_pairs_incl_sentinel,round_win = game_pnl > 0 (decisive only),COMPATIBILITY_ONLY_NOT_PRODUCTION,336.8735,318.8726,-61.0744,25,20,0.18129771,,0.18129771,0.18129771,61.0744,336.8735,THIN_EXPOSURE,0.0000,-1.8322,3.0000,97.0000,AG03-UNRESOLVED,ALL5_LEVELS_bet23_to_bet27,-1.8322,-1.8322,-1.8322,-2.4430,-2.4430,3.000000,3.000000,3.000000,4.000000,4.000000,97.000000,97.000000,97.000000,96.000000,96.000000,5.0,-10.3826,-9.7035,-50.6917,-51.3709,PENDING_AG03,FALSE,NOT_FOR_ENFORCEMENT,-59.2422,309.3065,-61.0744,-59.2422,-1.8322,-0.18129771,-0.17585878,-1.8322,-59.2422,-0.17585878,-1.8322,-1.8322,-1.8322,-2.4430,-2.4430,-59.2422,-0.17585878,-10.3826,-9.7035,-50.6917,-51.3709,-0.15047710,-0.15249303,-0.00543893,13.4749,15.9436,-3.0537,-61.0744,-20.3581,336.8735,20.0000,,13.4749,12.8578,12.8578,13.5007,25.7155,27.0013,30.8586,12.8578,-2.5716,2.1,2.4,1.048,3,3,1,4,0E-8,-0.18129771,,0E-8,0.000000,0.946565,0.000000,,2026-06-20,2026-06-20,1,3,3,1,1.000000,,,0.000000,,,,,,,,GLOBAL_BASELINE_NO_ENTITY_RANKING,,,NOT_APPLICABLE_GLOBAL_BASELINE,HF9g-P5,,,,X 全窗基线 · 不参与实体赏罚,3925979,393,A168_HF9F_20260827_0900,2026-08-27 09:00:00
2026-06-20,151797667,1985,0,164.5794224292,54.0026229846,54.0026229846,0.6250000,11,8,0.46113261583335534,0.418499993750,0.9297873755410994,1.1839748381296828,0.9297873755410994,0.04263262208335534,ELIGIBLE,R03b_20260811_FULL_v1,L1_ELIGIBILITY,v2026-08-11,2026-03-21..2026-08-06,baccarat_bet02_101_all_pairs_incl_sentinel,round_win = game_pnl > 0 (decisive only),COMPATIBILITY_ONLY_NOT_PRODUCTION,336.8735,318.8726,-61.0744,25,20,0.18129771,,0.18129771,0.18129771,61.0744,336.8735,THIN_EXPOSURE,0.0000,-1.8322,3.0000,97.0000,AG03-UNRESOLVED,ALL5_LEVELS_bet23_to_bet27,-1.8322,-1.8322,-1.8322,-2.4430,-2.4430,3.000000,3.000000,3.000000,4.000000,4.000000,97.000000,97.000000,97.000000,96.000000,96.000000,5.0,-10.3826,-9.7035,-50.6917,-51.3709,PENDING_AG03,FALSE,NOT_FOR_ENFORCEMENT,-59.2422,309.3065,-61.0744,-59.2422,-1.8322,-0.18129771,-0.17585878,-1.8322,-59.2422,-0.17585878,-1.8322,-1.8322,-1.8322,-2.4430,-2.4430,-59.2422,-0.17585878,-10.3826,-9.7035,-50.6917,-51.3709,-0.15047710,-0.15249303,-0.00543893,13.4749,15.9436,-3.0537,-61.0744,-20.3581,336.8735,20.0000,,13.4749,12.8578,12.8578,13.5007,25.7155,27.0013,30.8586,12.8578,-2.5716,2.1,2.4,1.048,3,3,1,4,0E-8,-0.18129771,,0E-8,0.000000,0.946565,0.000000,,2026-06-20,2026-06-20,1,3,3,1,1.000000,,,0.000000,,,,,,,,GLOBAL_BASELINE_NO_ENTITY_RANKING,,,NOT_APPLICABLE_GLOBAL_BASELINE,HF9g-P5,,,,X 全窗基线 · 不参与实体赏罚,3925980,393,A168_HF9F_20260827_0900,2026-08-27 09:00:00
2026-04-13,23159141,-1,1,18.3231683376,-18.3231683376,-18.3231683376,0E-7,3,3,0.50665070000000000,0.506650700000,-1.7552447903592512,-1.7552447903592512,-1.7552447903592512,0E-17,SENTINEL_DEALER,R03b_20260811_FULL_v1,L1_ELIGIBILITY,v2026-08-11,2026-03-21..2026-08-06,baccarat_bet02_101_all_pairs_incl_sentinel,round_win = game_pnl > 0 (decisive only),COMPATIBILITY_ONLY_NOT_PRODUCTION,374.8397,342.1197,-61.7098,44,44,0.16462989,,0.16462989,0.16462989,61.7098,374.8397,OK,0.0000,-2.4684,4.0000,96.0000,AG03-UNRESOLVED,ALL5_LEVELS_bet23_to_bet27,-2.4684,-2.4684,-3.0855,0.0000,0.0000,4.000000,4.000000,5.000000,0.000000,0.000000,96.000000,96.000000,95.000000,100.000000,100.000000,5.0,-8.0223,-7.6816,-53.6875,-54.0282,PENDING_AG03,FALSE,NOT_FOR_ENFORCEMENT,-59.2414,328.4349,-61.7098,-59.2414,-2.4684,-0.16462989,-0.15804469,-2.4684,-59.2414,-0.15804469,-2.4684,-2.4684,-3.0855,0.0000,0.0000,-59.2414,-0.15804469,-8.0223,-7.6816,-53.6875,-54.0282,-0.14322800,-0.14413676,-0.00658520,8.5191,7.7754,-1.4025,-30.8549,-2.8050,187.4198,22.0000,,8.5191,5.2352,6.544,10.4704,17.1191,19.1084,20.9408,6.4131,0.0,2.92,3.2,1.301818,15,16,1,2,0E-8,-0.16462989,,0E-8,0.000000,0.912709,0.000000,,2026-04-13,2026-04-14,2,22,21,2,1.000000,,,0.000000,,,,,,,,GLOBAL_BASELINE_NO_ENTITY_RANKING,,,NOT_APPLICABLE_GLOBAL_BASELINE,HF9g-P5,,,,X 全窗基线 · 不参与实体赏罚,3925981,393,A168_HF9F_20260827_0900,2026-08-27 09:00:00
2026-04-13,23159141,1330,0,26.1759547680,26.1759547680,26.1759547680,1.0000000,2,2,0.49324550000000000,0.493245500000,1.4334489766152358,1.4334489766152358,1.4334489766152358,0E-17,ELIGIBLE,R03b_20260811_FULL_v1,L1_ELIGIBILITY,v2026-08-11,2026-03-21..2026-08-06,baccarat_bet02_101_all_pairs_incl_sentinel,round_win = game_pnl > 0 (decisive only),COMPATIBILITY_ONLY_NOT_PRODUCTION,374.8397,342.1197,-61.7098,44,44,0.16462989,,0.16462989,0.16462989,61.7098,374.8397,OK,0.0000,-2.4684,4.0000,96.0000,AG03-UNRESOLVED,ALL5_LEVELS_bet23_to_bet27,-2.4684,-2.4684,-3.0855,0.0000,0.0000,4.000000,4.000000,5.000000,0.000000,0.000000,96.000000,96.000000,95.000000,100.000000,100.000000,5.0,-8.0223,-7.6816,-53.6875,-54.0282,PENDING_AG03,FALSE,NOT_FOR_ENFORCEMENT,-59.2414,328.4349,-61.7098,-59.2414,-2.4684,-0.16462989,-0.15804469,-2.4684,-59.2414,-0.15804469,-2.4684,-2.4684,-3.0855,0.0000,0.0000,-59.2414,-0.15804469,-8.0223,-7.6816,-53.6875,-54.0282,-0.14322800,-0.14413676,-0.00658520,8.5191,7.7754,-1.4025,-30.8549,-2.8050,187.4198,22.0000,,8.5191,5.2352,6.544,10.4704,17.1191,19.1084,20.9408,6.4131,0.0,2.92,3.2,1.301818,15,16,1,2,0E-8,-0.16462989,,0E-8,0.000000,0.912709,0.000000,,2026-04-13,2026-04-14,2,22,21,2,1.000000,,,0.000000,,,,,,,,GLOBAL_BASELINE_NO_ENTITY_RANKING,,,NOT_APPLICABLE_GLOBAL_BASELINE,HF9g-P5,,,,X 全窗基线 · 不参与实体赏罚,3925982,393,A168_HF9F_20260827_0900,2026-08-27 09:00:00
2026-04-13,23159141,1374,0,5.2351909536,-5.2351909536,-5.2351909536,0E-7,1,1,0.50665070000000000,0.506650700000,-1.013391052207602,-1.013391052207602,-1.013391052207602,0E-17,ELIGIBLE,R03b_20260811_FULL_v1,L1_ELIGIBILITY,v2026-08-11,2026-03-21..2026-08-06,baccarat_bet02_101_all_pairs_incl_sentinel,round_win = game_pnl > 0 (decisive only),COMPATIBILITY_ONLY_NOT_PRODUCTION,374.8397,342.1197,-61.7098,44,44,0.16462989,,0.16462989,0.16462989,61.7098,374.8397,OK,0.0000,-2.4684,4.0000,96.0000,AG03-UNRESOLVED,ALL5_LEVELS_bet23_to_bet27,-2.4684,-2.4684,-3.0855,0.0000,0.0000,4.000000,4.000000,5.000000,0.000000,0.000000,96.000000,96.000000,95.000000,100.000000,100.000000,5.0,-8.0223,-7.6816,-53.6875,-54.0282,PENDING_AG03,FALSE,NOT_FOR_ENFORCEMENT,-59.2414,328.4349,-61.7098,-59.2414,-2.4684,-0.16462989,-0.15804469,-2.4684,-59.2414,-0.15804469,-2.4684,-2.4684,-3.0855,0.0000,0.0000,-59.2414,-0.15804469,-8.0223,-7.6816,-53.6875,-54.0282,-0.14322800,-0.14413676,-0.00658520,8.5191,7.7754,-1.4025,-30.8549,-2.8050,187.4198,22.0000,,8.5191,5.2352,6.544,10.4704,17.1191,19.1084,20.9408,6.4131,0.0,2.92,3.2,1.301818,15,16,1,2,0E-8,-0.16462989,,0E-8,0.000000,0.912709,0.000000,,2026-04-13,2026-04-14,2,22,21,2,1.000000,,,0.000000,,,,,,,,GLOBAL_BASELINE_NO_ENTITY_RANKING,,,NOT_APPLICABLE_GLOBAL_BASELINE,HF9g-P5,,,,X 全窗基线 · 不参与实体赏罚,3925983,393,A168_HF9F_20260827_0900,2026-08-27 09:00:00
2026-04-13,23159141,1384,0,7.0675077873,7.0675077873,7.0675077873,1.0000000,1,1,0.49324550000000000,0.493245500000,1.01360149184955,1.01360149184955,1.01360149184955,0E-17,ELIGIBLE,R03b_20260811_FULL_v1,L1_ELIGIBILITY,v2026-08-11,2026-03-21..2026-08-06,baccarat_bet02_101_all_pairs_incl_sentinel,round_win = game_pnl > 0 (decisive only),COMPATIBILITY_ONLY_NOT_PRODUCTION,374.8397,342.1197,-61.7098,44,44,0.16462989,,0.16462989,0.16462989,61.7098,374.8397,OK,0.0000,-2.4684,4.0000,96.0000,AG03-UNRESOLVED,ALL5_LEVELS_bet23_to_bet27,-2.4684,-2.4684,-3.0855,0.0000,0.0000,4.000000,4.000000,5.000000,0.000000,0.000000,96.000000,96.000000,95.000000,100.000000,100.000000,5.0,-8.0223,-7.6816,-53.6875,-54.0282,PENDING_AG03,FALSE,NOT_FOR_ENFORCEMENT,-59.2414,328.4349,-61.7098,-59.2414,-2.4684,-0.16462989,-0.15804469,-2.4684,-59.2414,-0.15804469,-2.4684,-2.4684,-3.0855,0.0000,0.0000,-59.2414,-0.15804469,-8.0223,-7.6816,-53.6875,-54.0282,-0.14322800,-0.14413676,-0.00658520,8.5191,7.7754,-1.4025,-30.8549,-2.8050,187.4198,22.0000,,8.5191,5.2352,6.544,10.4704,17.1191,19.1084,20.9408,6.4131,0.0,2.92,3.2,1.301818,15,16,1,2,0E-8,-0.16462989,,0E-8,0.000000,0.912709,0.000000,,2026-04-13,2026-04-14,2,22,21,2,1.000000,,,0.000000,,,,,,,,GLOBAL_BASELINE_NO_ENTITY_RANKING,,,NOT_APPLICABLE_GLOBAL_BASELINE,HF9g-P5,,,,X 全窗基线 · 不参与实体赏罚,3925984,393,A168_HF9F_20260827_0900,2026-08-27 09:00:00
2026-04-13,23159141,1507,0,19.8937256237,-1.3873256027,-1.3873256027,0.5000000,3,3,0.50665070000000000,0.506650700000,-0.018812684590367487,-0.018812684590367487,-0.018812684590367487,0E-17,ELIGIBLE,R03b_20260811_FULL_v1,L1_ELIGIBILITY,v2026-08-11,2026-03-21..2026-08-06,baccarat_bet02_101_all_pairs_incl_sentinel,round_win = game_pnl > 0 (decisive only),COMPATIBILITY_ONLY_NOT_PRODUCTION,374.8397,342.1197,-61.7098,44,44,0.16462989,,0.16462989,0.16462989,61.7098,374.8397,OK,0.0000,-2.4684,4.0000,96.0000,AG03-UNRESOLVED,ALL5_LEVELS_bet23_to_bet27,-2.4684,-2.4684,-3.0855,0.0000,0.0000,4.000000,4.000000,5.000000,0.000000,0.000000,96.000000,96.000000,95.000000,100.000000,100.000000,5.0,-8.0223,-7.6816,-53.6875,-54.0282,PENDING_AG03,FALSE,NOT_FOR_ENFORCEMENT,-59.2414,328.4349,-61.7098,-59.2414,-2.4684,-0.16462989,-0.15804469,-2.4684,-59.2414,-0.15804469,-2.4684,-2.4684,-3.0855,0.0000,0.0000,-59.2414,-0.15804469,-8.0223,-7.6816,-53.6875,-54.0282,-0.14322800,-0.14413676,-0.00658520,8.5191,7.7754,-1.4025,-30.8549,-2.8050,187.4198,22.0000,,8.5191,5.2352,6.544,10.4704,17.1191,19.1084,20.9408,6.4131,0.0,2.92,3.2,1.301818,15,16,1,2,0E-8,-0.16462989,,0E-8,0.000000,0.912709,0.000000,,2026-04-13,2026-04-14,2,22,21,2,1.000000,,,0.000000,,,,,,,,GLOBAL_BASELINE_NO_ENTITY_RANKING,,,NOT_APPLICABLE_GLOBAL_BASELINE,HF9g-P5,,,,X 全窗基线 · 不参与实体赏罚,3925985,393,A168_HF9F_20260827_0900,2026-08-27 09:00:00
2026-04-13,23159141,1646,0,20.9407638144,19.8937256236,19.8937256236,1.0000000,1,1,0.50665070000000000,0.506650700000,0.9867858985152569,0.9867858985152569,0.9867858985152569,0E-17,ELIGIBLE,R03b_20260811_FULL_v1,L1_ELIGIBILITY,v2026-08-11,2026-03-21..2026-08-06,baccarat_bet02_101_all_pairs_incl_sentinel,round_win = game_pnl > 0 (decisive only),COMPATIBILITY_ONLY_NOT_PRODUCTION,374.8397,342.1197,-61.7098,44,44,0.16462989,,0.16462989,0.16462989,61.7098,374.8397,OK,0.0000,-2.4684,4.0000,96.0000,AG03-UNRESOLVED,ALL5_LEVELS_bet23_to_bet27,-2.4684,-2.4684,-3.0855,0.0000,0.0000,4.000000,4.000000,5.000000,0.000000,0.000000,96.000000,96.000000,95.000000,100.000000,100.000000,5.0,-8.0223,-7.6816,-53.6875,-54.0282,PENDING_AG03,FALSE,NOT_FOR_ENFORCEMENT,-59.2414,328.4349,-61.7098,-59.2414,-2.4684,-0.16462989,-0.15804469,-2.4684,-59.2414,-0.15804469,-2.4684,-2.4684,-3.0855,0.0000,0.0000,-59.2414,-0.15804469,-8.0223,-7.6816,-53.6875,-54.0282,-0.14322800,-0.14413676,-0.00658520,8.5191,7.7754,-1.4025,-30.8549,-2.8050,187.4198,22.0000,,8.5191,5.2352,6.544,10.4704,17.1191,19.1084,20.9408,6.4131,0.0,2.92,3.2,1.301818,15,16,1,2,0E-8,-0.16462989,,0E-8,0.000000,0.912709,0.000000,,2026-04-13,2026-04-14,2,22,21,2,1.000000,,,0.000000,,,,,,,,GLOBAL_BASELINE_NO_ENTITY_RANKING,,,NOT_APPLICABLE_GLOBAL_BASELINE,HF9g-P5,,,,X 全窗基线 · 不参与实体赏罚,3925986,393,A168_HF9F_20260827_0900,2026-08-27 09:00:00
2026-04-13,23159141,2248,0,15.7055728608,14.9202942177,14.9202942177,1.0000000,1,1,0.50665070000000000,0.506650700000,0.9867858985152569,0.9867858985152569,0.9867858985152569,0E-17,ELIGIBLE,R03b_20260811_FULL_v1,L1_ELIGIBILITY,v2026-08-11,2026-03-21..2026-08-06,baccarat_bet02_101_all_pairs_incl_sentinel,round_win = game_pnl > 0 (decisive only),COMPATIBILITY_ONLY_NOT_PRODUCTION,374.8397,342.1197,-61.7098,44,44,0.16462989,,0.16462989,0.16462989,61.7098,374.8397,OK,0.0000,-2.4684,4.0000,96.0000,AG03-UNRESOLVED,ALL5_LEVELS_bet23_to_bet27,-2.4684,-2.4684,-3.0855,0.0000,0.0000,4.000000,4.000000,5.000000,0.000000,0.000000,96.000000,96.000000,95.000000,100.000000,100.000000,5.0,-8.0223,-7.6816,-53.6875,-54.0282,PENDING_AG03,FALSE,NOT_FOR_ENFORCEMENT,-59.2414,328.4349,-61.7098,-59.2414,-2.4684,-0.16462989,-0.15804469,-2.4684,-59.2414,-0.15804469,-2.4684,-2.4684,-3.0855,0.0000,0.0000,-59.2414,-0.15804469,-8.0223,-7.6816,-53.6875,-54.0282,-0.14322800,-0.14413676,-0.00658520,8.5191,7.7754,-1.4025,-30.8549,-2.8050,187.4198,22.0000,,8.5191,5.2352,6.544,10.4704,17.1191,19.1084,20.9408,6.4131,0.0,2.92,3.2,1.301818,15,16,1,2,0E-8,-0.16462989,,0E-8,0.000000,0.912709,0.000000,,2026-04-13,2026-04-14,2,22,21,2,1.000000,,,0.000000,,,,,,,,GLOBAL_BASELINE_NO_ENTITY_RANKING,,,NOT_APPLICABLE_GLOBAL_BASELINE,HF9g-P5,,,,X 全窗基线 · 不参与实体赏罚,3925987,393,A168_HF9F_20260827_0900,2026-08-27 09:00:00
2026-04-13,23159141,471,0,27.2229929587,0.3402874120,0.3402874120,0.5000000,2,2,0.50665070000000000,0.506650700000,-0.018812684590367487,-0.018812684590367487,-0.018812684590367487,0E-17,ELIGIBLE,R03b_20260811_FULL_v1,L1_ELIGIBILITY,v2026-08-11,2026-03-21..2026-08-06,baccarat_bet02_101_all_pairs_incl_sentinel,round_win = game_pnl > 0 (decisive only),COMPATIBILITY_ONLY_NOT_PRODUCTION,374.8397,342.1197,-61.7098,44,44,0.16462989,,0.16462989,0.16462989,61.7098,374.8397,OK,0.0000,-2.4684,4.0000,96.0000,AG03-UNRESOLVED,ALL5_LEVELS_bet23_to_bet27,-2.4684,-2.4684,-3.0855,0.0000,0.0000,4.000000,4.000000,5.000000,0.000000,0.000000,96.000000,96.000000,95.000000,100.000000,100.000000,5.0,-8.0223,-7.6816,-53.6875,-54.0282,PENDING_AG03,FALSE,NOT_FOR_ENFORCEMENT,-59.2414,328.4349,-61.7098,-59.2414,-2.4684,-0.16462989,-0.15804469,-2.4684,-59.2414,-0.15804469,-2.4684,-2.4684,-3.0855,0.0000,0.0000,-59.2414,-0.15804469,-8.0223,-7.6816,-53.6875,-54.0282,-0.14322800,-0.14413676,-0.00658520,8.5191,7.7754,-1.4025,-30.8549,-2.8050,187.4198,22.0000,,8.5191,5.2352,6.544,10.4704,17.1191,19.1084,20.9408,6.4131,0.0,2.92,3.2,1.301818,15,16,1,2,0E-8,-0.16462989,,0E-8,0.000000,0.912709,0.000000,,2026-04-13,2026-04-14,2,22,21,2,1.000000,,,0.000000,,,,,,,,GLOBAL_BASELINE_NO_ENTITY_RANKING,,,NOT_APPLICABLE_GLOBAL_BASELINE,HF9g-P5,,,,X 全窗基线 · 不参与实体赏罚,3925988,393,A168_HF9F_20260827_0900,2026-08-27 09:00:00
2026-04-13,23159141,550,0,10.4703819072,-0.2617595477,-0.2617595477,0.5000000,2,2,0.50665070000000000,0.506650700000,-0.018812684590367487,-0.018812684590367487,-0.018812684590367487,0E-17,ELIGIBLE,R03b_20260811_FULL_v1,L1_ELIGIBILITY,v2026-08-11,2026-03-21..2026-08-06,baccarat_bet02_101_all_pairs_incl_sentinel,round_win = game_pnl > 0 (decisive only),COMPATIBILITY_ONLY_NOT_PRODUCTION,374.8397,342.1197,-61.7098,44,44,0.16462989,,0.16462989,0.16462989,61.7098,374.8397,OK,0.0000,-2.4684,4.0000,96.0000,AG03-UNRESOLVED,ALL5_LEVELS_bet23_to_bet27,-2.4684,-2.4684,-3.0855,0.0000,0.0000,4.000000,4.000000,5.000000,0.000000,0.000000,96.000000,96.000000,95.000000,100.000000,100.000000,5.0,-8.0223,-7.6816,-53.6875,-54.0282,PENDING_AG03,FALSE,NOT_FOR_ENFORCEMENT,-59.2414,328.4349,-61.7098,-59.2414,-2.4684,-0.16462989,-0.15804469,-2.4684,-59.2414,-0.15804469,-2.4684,-2.4684,-3.0855,0.0000,0.0000,-59.2414,-0.15804469,-8.0223,-7.6816,-53.6875,-54.0282,-0.14322800,-0.14413676,-0.00658520,8.5191,7.7754,-1.4025,-30.8549,-2.8050,187.4198,22.0000,,8.5191,5.2352,6.544,10.4704,17.1191,19.1084,20.9408,6.4131,0.0,2.92,3.2,1.301818,15,16,1,2,0E-8,-0.16462989,,0E-8,0.000000,0.912709,0.000000,,2026-04-13,2026-04-14,2,22,21,2,1.000000,,,0.000000,,,,,,,,GLOBAL_BASELINE_NO_ENTITY_RANKING,,,NOT_APPLICABLE_GLOBAL_BASELINE,HF9g-P5,,,,X 全窗基线 · 不参与实体赏罚,3925989,393,A168_HF9F_20260827_0900,2026-08-27 09:00:00
2026-04-14,23159141,-1,1,36.1228175798,-20.9407638144,-20.9407638144,0.2000000,5,5,0.49860758000000000,0.498607580000,-1.3354188732730328,-1.3354188732730328,-1.3354188732730328,0E-17,SENTINEL_DEALER,R03b_20260811_FULL_v1,L1_ELIGIBILITY,v2026-08-11,2026-03-21..2026-08-06,baccarat_bet02_101_all_pairs_incl_sentinel,round_win = game_pnl > 0 (decisive only),COMPATIBILITY_ONLY_NOT_PRODUCTION,374.8397,342.1197,-61.7098,44,44,0.16462989,,0.16462989,0.16462989,61.7098,374.8397,OK,0.0000,-2.4684,4.0000,96.0000,AG03-UNRESOLVED,ALL5_LEVELS_bet23_to_bet27,-2.4684,-2.4684,-3.0855,0.0000,0.0000,4.000000,4.000000,5.000000,0.000000,0.000000,96.000000,96.000000,95.000000,100.000000,100.000000,5.0,-8.0223,-7.6816,-53.6875,-54.0282,PENDING_AG03,FALSE,NOT_FOR_ENFORCEMENT,-59.2414,328.4349,-61.7098,-59.2414,-2.4684,-0.16462989,-0.15804469,-2.4684,-59.2414,-0.15804469,-2.4684,-2.4684,-3.0855,0.0000,0.0000,-59.2414,-0.15804469,-8.0223,-7.6816,-53.6875,-54.0282,-0.14322800,-0.14413676,-0.00658520,8.5191,7.7754,-1.4025,-30.8549,-2.8050,187.4198,22.0000,,8.5191,5.2352,6.544,10.4704,17.1191,19.1084,20.9408,6.4131,0.0,2.92,3.2,1.301818,15,16,1,2,0E-8,-0.16462989,,0E-8,0.000000,0.912709,0.000000,,2026-04-13,2026-04-14,2,22,21,2,1.000000,,,0.000000,,,,,,,,GLOBAL_BASELINE_NO_ENTITY_RANKING,,,NOT_APPLICABLE_GLOBAL_BASELINE,HF9g-P5,,,,X 全窗基线 · 不参与实体赏罚,3925990,393,A168_HF9F_20260827_0900,2026-08-27 09:00:00
2026-04-14,23159141,1115,0,52.3519095360,20.6790042667,20.6790042667,0.6250000,8,8,0.49659680000000000,0.496596800000,0.7263750131803139,0.726375013180314,0.7263750131803139,0E-17,ELIGIBLE,R03b_20260811_FULL_v1,L1_ELIGIBILITY,v2026-08-11,2026-03-21..2026-08-06,baccarat_bet02_101_all_pairs_incl_sentinel,round_win = game_pnl > 0 (decisive only),COMPATIBILITY_ONLY_NOT_PRODUCTION,374.8397,342.1197,-61.7098,44,44,0.16462989,,0.16462989,0.16462989,61.7098,374.8397,OK,0.0000,-2.4684,4.0000,96.0000,AG03-UNRESOLVED,ALL5_LEVELS_bet23_to_bet27,-2.4684,-2.4684,-3.0855,0.0000,0.0000,4.000000,4.000000,5.000000,0.000000,0.000000,96.000000,96.000000,95.000000,100.000000,100.000000,5.0,-8.0223,-7.6816,-53.6875,-54.0282,PENDING_AG03,FALSE,NOT_FOR_ENFORCEMENT,-59.2414,328.4349,-61.7098,-59.2414,-2.4684,-0.16462989,-0.15804469,-2.4684,-59.2414,-0.15804469,-2.4684,-2.4684,-3.0855,0.0000,0.0000,-59.2414,-0.15804469,-8.0223,-7.6816,-53.6875,-54.0282,-0.14322800,-0.14413676,-0.00658520,8.5191,7.7754,-1.4025,-30.8549,-2.8050,187.4198,22.0000,,8.5191,5.2352,6.544,10.4704,17.1191,19.1084,20.9408,6.4131,0.0,2.92,3.2,1.301818,15,16,1,2,0E-8,-0.16462989,,0E-8,0.000000,0.912709,0.000000,,2026-04-13,2026-04-14,2,22,21,2,1.000000,,,0.000000,,,,,,,,GLOBAL_BASELINE_NO_ENTITY_RANKING,,,NOT_APPLICABLE_GLOBAL_BASELINE,HF9g-P5,,,,X 全窗基线 · 不参与实体赏罚,3925991,393,A168_HF9F_20260827_0900,2026-08-27 09:00:00
2026-04-14,23159141,2063,0,23.2965997435,-23.2965997435,-23.2965997435,0E-7,2,2,0.50665070000000000,0.506650700000,-1.4331513700195317,-1.4331513700195317,-1.4331513700195317,0E-17,ELIGIBLE,R03b_20260811_FULL_v1,L1_ELIGIBILITY,v2026-08-11,2026-03-21..2026-08-06,baccarat_bet02_101_all_pairs_incl_sentinel,round_win = game_pnl > 0 (decisive only),COMPATIBILITY_ONLY_NOT_PRODUCTION,374.8397,342.1197,-61.7098,44,44,0.16462989,,0.16462989,0.16462989,61.7098,374.8397,OK,0.0000,-2.4684,4.0000,96.0000,AG03-UNRESOLVED,ALL5_LEVELS_bet23_to_bet27,-2.4684,-2.4684,-3.0855,0.0000,0.0000,4.000000,4.000000,5.000000,0.000000,0.000000,96.000000,96.000000,95.000000,100.000000,100.000000,5.0,-8.0223,-7.6816,-53.6875,-54.0282,PENDING_AG03,FALSE,NOT_FOR_ENFORCEMENT,-59.2414,328.4349,-61.7098,-59.2414,-2.4684,-0.16462989,-0.15804469,-2.4684,-59.2414,-0.15804469,-2.4684,-2.4684,-3.0855,0.0000,0.0000,-59.2414,-0.15804469,-8.0223,-7.6816,-53.6875,-54.0282,-0.14322800,-0.14413676,-0.00658520,8.5191,7.7754,-1.4025,-30.8549,-2.8050,187.4198,22.0000,,8.5191,5.2352,6.544,10.4704,17.1191,19.1084,20.9408,6.4131,0.0,2.92,3.2,1.301818,15,16,1,2,0E-8,-0.16462989,,0E-8,0.000000,0.912709,0.000000,,2026-04-13,2026-04-14,2,22,21,2,1.000000,,,0.000000,,,,,,,,GLOBAL_BASELINE_NO_ENTITY_RANKING,,,NOT_APPLICABLE_GLOBAL_BASELINE,HF9g-P5,,,,X 全窗基线 · 不参与实体赏罚,3925992,393,A168_HF9F_20260827_0900,2026-08-27 09:00:00
2026-04-14,23159141,2115,0,10.4703819072,10.4703819072,10.4703819072,1.0000000,1,1,0.49324550000000000,0.493245500000,1.01360149184955,1.01360149184955,1.01360149184955,0E-17,ELIGIBLE,R03b_20260811_FULL_v1,L1_ELIGIBILITY,v2026-08-11,2026-03-21..2026-08-06,baccarat_bet02_101_all_pairs_incl_sentinel,round_win = game_pnl > 0 (decisive only),COMPATIBILITY_ONLY_NOT_PRODUCTION,374.8397,342.1197,-61.7098,44,44,0.16462989,,0.16462989,0.16462989,61.7098,374.8397,OK,0.0000,-2.4684,4.0000,96.0000,AG03-UNRESOLVED,ALL5_LEVELS_bet23_to_bet27,-2.4684,-2.4684,-3.0855,0.0000,0.0000,4.000000,4.000000,5.000000,0.000000,0.000000,96.000000,96.000000,95.000000,100.000000,100.000000,5.0,-8.0223,-7.6816,-53.6875,-54.0282,PENDING_AG03,FALSE,NOT_FOR_ENFORCEMENT,-59.2414,328.4349,-61.7098,-59.2414,-2.4684,-0.16462989,-0.15804469,-2.4684,-59.2414,-0.15804469,-2.4684,-2.4684,-3.0855,0.0000,0.0000,-59.2414,-0.15804469,-8.0223,-7.6816,-53.6875,-54.0282,-0.14322800,-0.14413676,-0.00658520,8.5191,7.7754,-1.4025,-30.8549,-2.8050,187.4198,22.0000,,8.5191,5.2352,6.544,10.4704,17.1191,19.1084,20.9408,6.4131,0.0,2.92,3.2,1.301818,15,16,1,2,0E-8,-0.16462989,,0E-8,0.000000,0.912709,0.000000,,2026-04-13,2026-04-14,2,22,21,2,1.000000,,,0.000000,,,,,,,,GLOBAL_BASELINE_NO_ENTITY_RANKING,,,NOT_APPLICABLE_GLOBAL_BASELINE,HF9g-P5,,,,X 全窗基线 · 不参与实体赏罚,3925993,393,A168_HF9F_20260827_0900,2026-08-27 09:00:00
2026-04-14,23159141,2130,0,41.3580085334,30.8876266262,30.8876266262,0.7500000,4,4,0.49324550000000000,0.493245500000,1.0271117246678039,1.0271117246678039,1.0271117246678039,0E-17,ELIGIBLE,R03b_20260811_FULL_v1,L1_ELIGIBILITY,v2026-08-11,2026-03-21..2026-08-06,baccarat_bet02_101_all_pairs_incl_sentinel,round_win = game_pnl > 0 (decisive only),COMPATIBILITY_ONLY_NOT_PRODUCTION,374.8397,342.1197,-61.7098,44,44,0.16462989,,0.16462989,0.16462989,61.7098,374.8397,OK,0.0000,-2.4684,4.0000,96.0000,AG03-UNRESOLVED,ALL5_LEVELS_bet23_to_bet27,-2.4684,-2.4684,-3.0855,0.0000,0.0000,4.000000,4.000000,5.000000,0.000000,0.000000,96.000000,96.000000,95.000000,100.000000,100.000000,5.0,-8.0223,-7.6816,-53.6875,-54.0282,PENDING_AG03,FALSE,NOT_FOR_ENFORCEMENT,-59.2414,328.4349,-61.7098,-59.2414,-2.4684,-0.16462989,-0.15804469,-2.4684,-59.2414,-0.15804469,-2.4684,-2.4684,-3.0855,0.0000,0.0000,-59.2414,-0.15804469,-8.0223,-7.6816,-53.6875,-54.0282,-0.14322800,-0.14413676,-0.00658520,8.5191,7.7754,-1.4025,-30.8549,-2.8050,187.4198,22.0000,,8.5191,5.2352,6.544,10.4704,17.1191,19.1084,20.9408,6.4131,0.0,2.92,3.2,1.301818,15,16,1,2,0E-8,-0.16462989,,0E-8,0.000000,0.912709,0.000000,,2026-04-13,2026-04-14,2,22,21,2,1.000000,,,0.000000,,,,,,,,GLOBAL_BASELINE_NO_ENTITY_RANKING,,,NOT_APPLICABLE_GLOBAL_BASELINE,HF9g-P5,,,,X 全窗基线 · 不参与实体赏罚,3925994,393,A168_HF9F_20260827_0900,2026-08-27 09:00:00
2026-04-14,23159141,2205,0,28.7935502448,11.4519802110,11.4519802110,1.0000000,3,3,0.50218230000000000,0.502182300000,1.4080544974538591,1.4080544974538591,1.4080544974538591,0E-17,ELIGIBLE,R03b_20260811_FULL_v1,L1_ELIGIBILITY,v2026-08-11,2026-03-21..2026-08-06,baccarat_bet02_101_all_pairs_incl_sentinel,round_win = game_pnl > 0 (decisive only),COMPATIBILITY_ONLY_NOT_PRODUCTION,374.8397,342.1197,-61.7098,44,44,0.16462989,,0.16462989,0.16462989,61.7098,374.8397,OK,0.0000,-2.4684,4.0000,96.0000,AG03-UNRESOLVED,ALL5_LEVELS_bet23_to_bet27,-2.4684,-2.4684,-3.0855,0.0000,0.0000,4.000000,4.000000,5.000000,0.000000,0.000000,96.000000,96.000000,95.000000,100.000000,100.000000,5.0,-8.0223,-7.6816,-53.6875,-54.0282,PENDING_AG03,FALSE,NOT_FOR_ENFORCEMENT,-59.2414,328.4349,-61.7098,-59.2414,-2.4684,-0.16462989,-0.15804469,-2.4684,-59.2414,-0.15804469,-2.4684,-2.4684,-3.0855,0.0000,0.0000,-59.2414,-0.15804469,-8.0223,-7.6816,-53.6875,-54.0282,-0.14322800,-0.14413676,-0.00658520,8.5191,7.7754,-1.4025,-30.8549,-2.8050,187.4198,22.0000,,8.5191,5.2352,6.544,10.4704,17.1191,19.1084,20.9408,6.4131,0.0,2.92,3.2,1.301818,15,16,1,2,0E-8,-0.16462989,,0E-8,0.000000,0.912709,0.000000,,2026-04-13,2026-04-14,2,22,21,2,1.000000,,,0.000000,,,,,,,,GLOBAL_BASELINE_NO_ENTITY_RANKING,,,NOT_APPLICABLE_GLOBAL_BASELINE,HF9g-P5,,,,X 全窗基线 · 不参与实体赏罚,3925995,393,A168_HF9F_20260827_0900,2026-08-27 09:00:00
2026-04-14,23159141,2222,0,5.2351909536,0E-10,0E-10,,1,1,0.49324550000000000,0.493245500000,,,,0E-17,NO_DECISIVE_ROUND,R03b_20260811_FULL_v1,L1_ELIGIBILITY,v2026-08-11,2026-03-21..2026-08-06,baccarat_bet02_101_all_pairs_incl_sentinel,round_win = game_pnl > 0 (decisive only),COMPATIBILITY_ONLY_NOT_PRODUCTION,374.8397,342.1197,-61.7098,44,44,0.16462989,,0.16462989,0.16462989,61.7098,374.8397,OK,0.0000,-2.4684,4.0000,96.0000,AG03-UNRESOLVED,ALL5_LEVELS_bet23_to_bet27,-2.4684,-2.4684,-3.0855,0.0000,0.0000,4.000000,4.000000,5.000000,0.000000,0.000000,96.000000,96.000000,95.000000,100.000000,100.000000,5.0,-8.0223,-7.6816,-53.6875,-54.0282,PENDING_AG03,FALSE,NOT_FOR_ENFORCEMENT,-59.2414,328.4349,-61.7098,-59.2414,-2.4684,-0.16462989,-0.15804469,-2.4684,-59.2414,-0.15804469,-2.4684,-2.4684,-3.0855,0.0000,0.0000,-59.2414,-0.15804469,-8.0223,-7.6816,-53.6875,-54.0282,-0.14322800,-0.14413676,-0.00658520,8.5191,7.7754,-1.4025,-30.8549,-2.8050,187.4198,22.0000,,8.5191,5.2352,6.544,10.4704,17.1191,19.1084,20.9408,6.4131,0.0,2.92,3.2,1.301818,15,16,1,2,0E-8,-0.16462989,,0E-8,0.000000,0.912709,0.000000,,2026-04-13,2026-04-14,2,22,21,2,1.000000,,,0.000000,,,,,,,,GLOBAL_BASELINE_NO_ENTITY_RANKING,,,NOT_APPLICABLE_GLOBAL_BASELINE,HF9g-P5,,,,X 全窗基线 · 不参与实体赏罚,3925996,393,A168_HF9F_20260827_0900,2026-08-27 09:00:00
2026-04-14,23159141,471,0,15.7055728608,-0.2617595477,-0.2617595477,0.5000000,3,3,0.50665070000000000,0.506650700000,-0.018812684590367487,-0.018812684590367487,-0.018812684590367487,0E-17,ELIGIBLE,R03b_20260811_FULL_v1,L1_ELIGIBILITY,v2026-08-11,2026-03-21..2026-08-06,baccarat_bet02_101_all_pairs_incl_sentinel,round_win = game_pnl > 0 (decisive only),COMPATIBILITY_ONLY_NOT_PRODUCTION,374.8397,342.1197,-61.7098,44,44,0.16462989,,0.16462989,0.16462989,61.7098,374.8397,OK,0.0000,-2.4684,4.0000,96.0000,AG03-UNRESOLVED,ALL5_LEVELS_bet23_to_bet27,-2.4684,-2.4684,-3.0855,0.0000,0.0000,4.000000,4.000000,5.000000,0.000000,0.000000,96.000000,96.000000,95.000000,100.000000,100.000000,5.0,-8.0223,-7.6816,-53.6875,-54.0282,PENDING_AG03,FALSE,NOT_FOR_ENFORCEMENT,-59.2414,328.4349,-61.7098,-59.2414,-2.4684,-0.16462989,-0.15804469,-2.4684,-59.2414,-0.15804469,-2.4684,-2.4684,-3.0855,0.0000,0.0000,-59.2414,-0.15804469,-8.0223,-7.6816,-53.6875,-54.0282,-0.14322800,-0.14413676,-0.00658520,8.5191,7.7754,-1.4025,-30.8549,-2.8050,187.4198,22.0000,,8.5191,5.2352,6.544,10.4704,17.1191,19.1084,20.9408,6.4131,0.0,2.92,3.2,1.301818,15,16,1,2,0E-8,-0.16462989,,0E-8,0.000000,0.912709,0.000000,,2026-04-13,2026-04-14,2,22,21,2,1.000000,,,0.000000,,,,,,,,GLOBAL_BASELINE_NO_ENTITY_RANKING,,,NOT_APPLICABLE_GLOBAL_BASELINE,HF9g-P5,,,,X 全窗基线 · 不参与实体赏罚,3925997,393,A168_HF9F_20260827_0900,2026-08-27 09:00:00
2026-04-14,23159141,763,0,10.4703819072,-10.4703819072,-10.4703819072,0E-7,1,1,0.49324550000000000,0.493245500000,-0.9865810262130424,-0.9865810262130424,-0.9865810262130424,0E-17,ELIGIBLE,R03b_20260811_FULL_v1,L1_ELIGIBILITY,v2026-08-11,2026-03-21..2026-08-06,baccarat_bet02_101_all_pairs_incl_sentinel,round_win = game_pnl > 0 (decisive only),COMPATIBILITY_ONLY_NOT_PRODUCTION,374.8397,342.1197,-61.7098,44,44,0.16462989,,0.16462989,0.16462989,61.7098,374.8397,OK,0.0000,-2.4684,4.0000,96.0000,AG03-UNRESOLVED,ALL5_LEVELS_bet23_to_bet27,-2.4684,-2.4684,-3.0855,0.0000,0.0000,4.000000,4.000000,5.000000,0.000000,0.000000,96.000000,96.000000,95.000000,100.000000,100.000000,5.0,-8.0223,-7.6816,-53.6875,-54.0282,PENDING_AG03,FALSE,NOT_FOR_ENFORCEMENT,-59.2414,328.4349,-61.7098,-59.2414,-2.4684,-0.16462989,-0.15804469,-2.4684,-59.2414,-0.15804469,-2.4684,-2.4684,-3.0855,0.0000,0.0000,-59.2414,-0.15804469,-8.0223,-7.6816,-53.6875,-54.0282,-0.14322800,-0.14413676,-0.00658520,8.5191,7.7754,-1.4025,-30.8549,-2.8050,187.4198,22.0000,,8.5191,5.2352,6.544,10.4704,17.1191,19.1084,20.9408,6.4131,0.0,2.92,3.2,1.301818,15,16,1,2,0E-8,-0.16462989,,0E-8,0.000000,0.912709,0.000000,,2026-04-13,2026-04-14,2,22,21,2,1.000000,,,0.000000,,,,,,,,GLOBAL_BASELINE_NO_ENTITY_RANKING,,,NOT_APPLICABLE_GLOBAL_BASELINE,HF9g-P5,,,,X 全窗基线 · 不参与实体赏罚,3925998,393,A168_HF9F_20260827_0900,2026-08-27 09:00:00
2026-04-08,148362934,1330,0,11.7539026630,-11.7539026630,-11.7539026630,0E-7,1,1,0.50665070000000000,0.506650700000,-1.013391052207602,-1.013391052207602,-1.013391052207602,0E-17,ELIGIBLE,R03b_20260811_FULL_v1,L1_ELIGIBILITY,v2026-08-11,2026-03-21..2026-08-06,baccarat_bet02_101_all_pairs_incl_sentinel,round_win = game_pnl > 0 (decisive only),COMPATIBILITY_ONLY_NOT_PRODUCTION,85.2158,85.2158,-61.7080,2,2,0.72413793,,0.72413793,0.72413793,61.7080,85.2158,THIN_EXPOSURE,0.0000,-2.4683,4.0000,96.0000,AG03-UNRESOLVED,ALL5_LEVELS_bet23_to_bet27,-2.4683,-2.4683,-2.4683,-2.4683,-2.4683,4.000000,4.000000,4.000000,4.000000,4.000000,96.000000,96.000000,96.000000,96.000000,96.000000,5.0,-12.3416,-11.393,-49.3664,-50.315,PENDING_AG03,FALSE,NOT_FOR_ENFORCEMENT,-59.2397,81.8072,-61.7080,-59.2397,-2.4683,-0.72413793,-0.69517241,-2.4683,-59.2397,-0.69517241,-2.4683,-2.4683,-2.4683,-2.4683,-2.4683,-59.2397,-0.69517241,-12.3416,-11.393,-49.3664,-50.315,-0.57931034,-0.5904423,-0.02896552,42.6079,42.6079,-30.8540,-61.7080,-30.8540,85.2158,2.0000,,42.6079,11.7539,42.6079,73.4619,73.4619,73.4619,73.4619,42.6079,30.854,1.724138,1.724138,1.0,2,2,1,1,0E-8,-0.72413793,,0E-8,0.000000,1.000000,1.000000,,2026-04-08,2026-04-08,1,2,2,1,1.000000,,,0.000000,,,,,,,,GLOBAL_BASELINE_NO_ENTITY_RANKING,,,NOT_APPLICABLE_GLOBAL_BASELINE,HF9g-P5,,,,X 全窗基线 · 不参与实体赏罚,3925999,393,A168_HF9F_20260827_0900,2026-08-27 09:00:00
2026-04-08,148362934,2209,0,73.4618916437,73.4618916437,73.4618916437,1.0000000,1,1,0.50665070000000000,0.506650700000,0.9867858985152569,0.9867858985152569,0.9867858985152569,0E-17,ELIGIBLE,R03b_20260811_FULL_v1,L1_ELIGIBILITY,v2026-08-11,2026-03-21..2026-08-06,baccarat_bet02_101_all_pairs_incl_sentinel,round_win = game_pnl > 0 (decisive only),COMPATIBILITY_ONLY_NOT_PRODUCTION,85.2158,85.2158,-61.7080,2,2,0.72413793,,0.72413793,0.72413793,61.7080,85.2158,THIN_EXPOSURE,0.0000,-2.4683,4.0000,96.0000,AG03-UNRESOLVED,ALL5_LEVELS_bet23_to_bet27,-2.4683,-2.4683,-2.4683,-2.4683,-2.4683,4.000000,4.000000,4.000000,4.000000,4.000000,96.000000,96.000000,96.000000,96.000000,96.000000,5.0,-12.3416,-11.393,-49.3664,-50.315,PENDING_AG03,FALSE,NOT_FOR_ENFORCEMENT,-59.2397,81.8072,-61.7080,-59.2397,-2.4683,-0.72413793,-0.69517241,-2.4683,-59.2397,-0.69517241,-2.4683,-2.4683,-2.4683,-2.4683,-2.4683,-59.2397,-0.69517241,-12.3416,-11.393,-49.3664,-50.315,-0.57931034,-0.5904423,-0.02896552,42.6079,42.6079,-30.8540,-61.7080,-30.8540,85.2158,2.0000,,42.6079,11.7539,42.6079,73.4619,73.4619,73.4619,73.4619,42.6079,30.854,1.724138,1.724138,1.0,2,2,1,1,0E-8,-0.72413793,,0E-8,0.000000,1.000000,1.000000,,2026-04-08,2026-04-08,1,2,2,1,1.000000,,,0.000000,,,,,,,,GLOBAL_BASELINE_NO_ENTITY_RANKING,,,NOT_APPLICABLE_GLOBAL_BASELINE,HF9g-P5,,,,X 全窗基线 · 不参与实体赏罚,3926000,393,A168_HF9F_20260827_0900,2026-08-27 09:00:00
2026-07-25,153437455,-1,1,61.7044897116,61.7044897116,61.7044897116,1.0000000,1,1,0.49324550000000000,0.493245500000,1.01360149184955,1.01360149184955,1.01360149184955,0E-17,SENTINEL_DEALER,R03b_20260811_FULL_v1,L1_ELIGIBILITY,v2026-08-11,2026-03-21..2026-08-06,baccarat_bet02_101_all_pairs_incl_sentinel,round_win = game_pnl > 0 (decisive only),COMPATIBILITY_ONLY_NOT_PRODUCTION,61.7045,61.7045,-61.7045,1,1,1.00000000,1.00000000,,1.00000000,61.7045,61.7045,THIN_EXPOSURE,0.0000,-2.4682,4.0000,96.0000,AG03-UNRESOLVED,ALL5_LEVELS_bet23_to_bet27,-2.4682,-2.4682,-3.0852,-3.0852,-3.0852,4.000000,4.000000,5.000000,5.000000,5.000000,96.000000,96.000000,95.000000,95.000000,95.000000,5.0,-14.1920,-12.9483,-47.5125,-48.7562,PENDING_AG03,FALSE,NOT_FOR_ENFORCEMENT,-59.2363,59.2363,-61.7045,-59.2363,-2.4682,-1.00000000,-0.96000000,-2.4682,-59.2363,-0.96000000,-2.4682,-2.4682,-3.0852,-3.0852,-3.0852,-59.2363,-0.96000000,-14.1920,-12.9483,-47.5125,-48.7562,-0.77000000,-0.7901568,-0.04000000,61.7045,61.7045,-61.7045,-61.7045,-61.7045,61.7045,1.0000,61.7045,,61.7045,61.7045,61.7045,61.7045,61.7045,61.7045,61.7045,61.7045,1.0,1.0,1.0,1,1,1,1,1.00000000,-1.00000000,-1.00000000,0E-8,0.000000,1.000000,0.000000,,2026-07-25,2026-07-25,1,1,1,1,1.000000,,1.000000,3.333333,,,,,,,,GLOBAL_BASELINE_NO_ENTITY_RANKING,,,NOT_APPLICABLE_GLOBAL_BASELINE,HF9g-P5,,,,X 全窗基线 · 不参与实体赏罚,3926001,393,A168_HF9F_20260827_0900,2026-08-27 09:00:00
2026-07-24,153422439,2177,0,134.2524462344,42.5993339013,42.5993339013,0.5000000,3,3,0.49771390000000000,0.497713900000,0.006466134837551399,0.0064661348375514,0.006466134837551399,0E-17,ELIGIBLE,R03b_20260811_FULL_v1,L1_ELIGIBILITY,v2026-08-11,2026-03-21..2026-08-06,baccarat_bet02_101_all_pairs_incl_sentinel,round_win = game_pnl > 0 (decisive only),COMPATIBILITY_ONLY_NOT_PRODUCTION,175.5609,149.7431,-61.7045,5,4,0.35147059,0.35147059,,0.35147059,61.7045,175.5609,THIN_EXPOSURE,0.0000,-2.4682,4.0000,96.0000,AG03-UNRESOLVED,ALL5_LEVELS_bet23_to_bet27,-2.4682,-2.4682,-2.4682,0.0000,0.0000,4.000000,4.000000,4.000000,0.000000,0.000000,96.000000,96.000000,96.000000,100.000000,100.000000,5.0,-7.4045,-7.1123,-54.3000,-54.5922,PENDING_AG03,FALSE,NOT_FOR_ENFORCEMENT,-59.2363,143.7534,-61.7045,-59.2363,-2.4682,-0.35147059,-0.33741176,-2.4682,-59.2363,-0.33741176,-2.4682,-2.4682,-2.4682,0.0000,0.0000,-59.2363,-0.33741176,-7.4045,-7.1123,-54.3000,-54.5922,-0.30929412,-0.31095868,-0.01405882,35.1122,37.4358,-15.4261,-61.7045,-61.7045,175.5609,4.0000,35.1122,,21.9451,30.9813,42.5993,77.4533,77.4533,77.4533,30.9813,0.0,2.5,2.5,1.133333,1,2,1,3,1.00000000,-0.35147059,-0.35147059,0E-8,0.000000,0.852941,0.000000,,2026-07-24,2026-07-24,1,1,1,1,1.000000,,1.000000,3.333333,,,,,,,,GLOBAL_BASELINE_NO_ENTITY_RANKING,,,NOT_APPLICABLE_GLOBAL_BASELINE,HF9g-P5,,,,X 全窗基线 · 不参与实体赏罚,3926002,393,A168_HF9F_20260827_0900,2026-08-27 09:00:00
2026-07-24,153422439,986,0,41.3084449952,19.1051558103,19.1051558103,1.0000000,2,1,0.40363872500000000,0.300626750000,1.215509351572844,1.5252488199758223,1.215509351572844,0.10301197500000000,ELIGIBLE,R03b_20260811_FULL_v1,L1_ELIGIBILITY,v2026-08-11,2026-03-21..2026-08-06,baccarat_bet02_101_all_pairs_incl_sentinel,round_win = game_pnl > 0 (decisive only),COMPATIBILITY_ONLY_NOT_PRODUCTION,175.5609,149.7431,-61.7045,5,4,0.35147059,0.35147059,,0.35147059,61.7045,175.5609,THIN_EXPOSURE,0.0000,-2.4682,4.0000,96.0000,AG03-UNRESOLVED,ALL5_LEVELS_bet23_to_bet27,-2.4682,-2.4682,-2.4682,0.0000,0.0000,4.000000,4.000000,4.000000,0.000000,0.000000,96.000000,96.000000,96.000000,100.000000,100.000000,5.0,-7.4045,-7.1123,-54.3000,-54.5922,PENDING_AG03,FALSE,NOT_FOR_ENFORCEMENT,-59.2363,143.7534,-61.7045,-59.2363,-2.4682,-0.35147059,-0.33741176,-2.4682,-59.2363,-0.33741176,-2.4682,-2.4682,-2.4682,0.0000,0.0000,-59.2363,-0.33741176,-7.4045,-7.1123,-54.3000,-54.5922,-0.30929412,-0.31095868,-0.01405882,35.1122,37.4358,-15.4261,-61.7045,-61.7045,175.5609,4.0000,35.1122,,21.9451,30.9813,42.5993,77.4533,77.4533,77.4533,30.9813,0.0,2.5,2.5,1.133333,1,2,1,3,1.00000000,-0.35147059,-0.35147059,0E-8,0.000000,0.852941,0.000000,,2026-07-24,2026-07-24,1,1,1,1,1.000000,,1.000000,3.333333,,,,,,,,GLOBAL_BASELINE_NO_ENTITY_RANKING,,,NOT_APPLICABLE_GLOBAL_BASELINE,HF9g-P5,,,,X 全窗基线 · 不参与实体赏罚,3926003,393,A168_HF9F_20260827_0900,2026-08-27 09:00:00
2026-07-24,153397427,1353,0,118.7617793612,92.6858234580,92.6858234580,0.7500000,16,14,0.42784295476190476,0.422942264286,2.2555810586958924,2.2933211275712373,2.2555810586958924,0.00490069047590476,ELIGIBLE,R03b_20260811_FULL_v1,L1_ELIGIBILITY,v2026-08-11,2026-03-21..2026-08-06,baccarat_bet02_101_all_pairs_incl_sentinel,round_win = game_pnl > 0 (decisive only),COMPATIBILITY_ONLY_NOT_PRODUCTION,183.0480,162.3938,-61.7045,30,23,0.33709450,0.33709450,,0.33709450,61.7045,183.0480,OK,0.0000,-2.4682,4.0000,96.0000,AG03-UNRESOLVED,ALL5_LEVELS_bet23_to_bet27,-2.4682,-2.4682,-3.0852,-3.0852,-3.0852,4.000000,4.000000,5.000000,5.000000,5.000000,96.000000,96.000000,95.000000,95.000000,95.000000,5.0,-14.1920,-12.9483,-47.5125,-48.7562,PENDING_AG03,FALSE,NOT_FOR_ENFORCEMENT,-59.2363,155.8981,-61.7045,-59.2363,-2.4682,-0.33709450,-0.32361072,-2.4682,-59.2363,-0.32361072,-2.4682,-2.4682,-3.0852,-3.0852,-3.0852,-59.2363,-0.32361072,-14.1920,-12.9483,-47.5125,-48.7562,-0.25956276,-0.26635751,-0.01348378,6.1016,7.0606,-2.6828,-61.7045,-30.8522,183.0480,23.0000,6.1016,,2.5818,5.1636,5.1636,10.3271,15.4907,25.8178,5.1636,-2.5818,3.0,5.0,1.181667,2,3,1,6,1.00000000,-0.33709450,-0.33709450,0E-8,0.000000,0.887165,0.000000,,2026-07-24,2026-07-24,1,2,2,1,1.000000,,1.000000,3.333333,,,,,,,,GLOBAL_BASELINE_NO_ENTITY_RANKING,,,NOT_APPLICABLE_GLOBAL_BASELINE,HF9g-P5,,,,X 全窗基线 · 不参与实体赏罚,3926004,393,A168_HF9F_20260827_0900,2026-08-27 09:00:00
2026-07-24,153397427,2289,0,15.2324890920,-5.1635556244,-5.1635556244,0.5000000,2,2,0.49994810000000000,0.499948100000,0.00014679536856514622,0.00014679536856514622,0.00014679536856514622,0E-17,ELIGIBLE,R03b_20260811_FULL_v1,L1_ELIGIBILITY,v2026-08-11,2026-03-21..2026-08-06,baccarat_bet02_101_all_pairs_incl_sentinel,round_win = game_pnl > 0 (decisive only),COMPATIBILITY_ONLY_NOT_PRODUCTION,183.0480,162.3938,-61.7045,30,23,0.33709450,0.33709450,,0.33709450,61.7045,183.0480,OK,0.0000,-2.4682,4.0000,96.0000,AG03-UNRESOLVED,ALL5_LEVELS_bet23_to_bet27,-2.4682,-2.4682,-3.0852,-3.0852,-3.0852,4.000000,4.000000,5.000000,5.000000,5.000000,96.000000,96.000000,95.000000,95.000000,95.000000,5.0,-14.1920,-12.9483,-47.5125,-48.7562,PENDING_AG03,FALSE,NOT_FOR_ENFORCEMENT,-59.2363,155.8981,-61.7045,-59.2363,-2.4682,-0.33709450,-0.32361072,-2.4682,-59.2363,-0.32361072,-2.4682,-2.4682,-3.0852,-3.0852,-3.0852,-59.2363,-0.32361072,-14.1920,-12.9483,-47.5125,-48.7562,-0.25956276,-0.26635751,-0.01348378,6.1016,7.0606,-2.6828,-61.7045,-30.8522,183.0480,23.0000,6.1016,,2.5818,5.1636,5.1636,10.3271,15.4907,25.8178,5.1636,-2.5818,3.0,5.0,1.181667,2,3,1,6,1.00000000,-0.33709450,-0.33709450,0E-8,0.000000,0.887165,0.000000,,2026-07-24,2026-07-24,1,2,2,1,1.000000,,1.000000,3.333333,,,,,,,,GLOBAL_BASELINE_NO_ENTITY_RANKING,,,NOT_APPLICABLE_GLOBAL_BASELINE,HF9g-P5,,,,X 全窗基线 · 不参与实体赏罚,3926005,393,A168_HF9F_20260827_0900,2026-08-27 09:00:00
2026-07-24,153397427,987,0,49.0537784318,-25.8177781220,-25.8177781220,0.1666667,12,7,0.30831246904761905,0.268111202381,-0.7513266886278099,-0.5609501312136868,-0.7513266886278099,0.04020126666661905,ELIGIBLE,R03b_20260811_FULL_v1,L1_ELIGIBILITY,v2026-08-11,2026-03-21..2026-08-06,baccarat_bet02_101_all_pairs_incl_sentinel,round_win = game_pnl > 0 (decisive only),COMPATIBILITY_ONLY_NOT_PRODUCTION,183.0480,162.3938,-61.7045,30,23,0.33709450,0.33709450,,0.33709450,61.7045,183.0480,OK,0.0000,-2.4682,4.0000,96.0000,AG03-UNRESOLVED,ALL5_LEVELS_bet23_to_bet27,-2.4682,-2.4682,-3.0852,-3.0852,-3.0852,4.000000,4.000000,5.000000,5.000000,5.000000,96.000000,96.000000,95.000000,95.000000,95.000000,5.0,-14.1920,-12.9483,-47.5125,-48.7562,PENDING_AG03,FALSE,NOT_FOR_ENFORCEMENT,-59.2363,155.8981,-61.7045,-59.2363,-2.4682,-0.33709450,-0.32361072,-2.4682,-59.2363,-0.32361072,-2.4682,-2.4682,-3.0852,-3.0852,-3.0852,-59.2363,-0.32361072,-14.1920,-12.9483,-47.5125,-48.7562,-0.25956276,-0.26635751,-0.01348378,6.1016,7.0606,-2.6828,-61.7045,-30.8522,183.0480,23.0000,6.1016,,2.5818,5.1636,5.1636,10.3271,15.4907,25.8178,5.1636,-2.5818,3.0,5.0,1.181667,2,3,1,6,1.00000000,-0.33709450,-0.33709450,0E-8,0.000000,0.887165,0.000000,,2026-07-24,2026-07-24,1,2,2,1,1.000000,,1.000000,3.333333,,,,,,,,GLOBAL_BASELINE_NO_ENTITY_RANKING,,,NOT_APPLICABLE_GLOBAL_BASELINE,HF9g-P5,,,,X 全窗基线 · 不参与实体赏罚,3926006,393,A168_HF9F_20260827_0900,2026-08-27 09:00:00
2026-05-24,150487295,1221,0,221.3170048260,61.0632556692,61.0632556692,0.5833333,12,12,0.50106520000000000,0.501065200000,0.5699716405480333,0.5699716405480334,0.5699716405480333,0E-17,ELIGIBLE,R03b_20260811_FULL_v1,L1_ELIGIBILITY,v2026-08-11,2026-03-21..2026-08-06,baccarat_bet02_101_all_pairs_incl_sentinel,round_win = game_pnl > 0 (decisive only),COMPATIBILITY_ONLY_NOT_PRODUCTION,221.3170,221.3170,-61.0633,12,12,0.27590856,,0.27590856,0.27590856,61.0633,221.3170,THIN_EXPOSURE,0.0000,-1.8319,3.0000,97.0000,AG03-UNRESOLVED,ALL5_LEVELS_bet23_to_bet27,-1.8319,-1.8319,-1.8319,-2.4425,-2.4425,3.000000,3.000000,3.000000,4.000000,4.000000,97.000000,97.000000,97.000000,96.000000,96.000000,5.0,-10.3808,-9.7018,-50.6825,-51.3615,PENDING_AG03,FALSE,NOT_FOR_ENFORCEMENT,-59.2314,214.6775,-61.0633,-59.2314,-1.8319,-0.27590856,-0.26763130,-1.8319,-59.2314,-0.26763130,-1.8319,-1.8319,-1.8319,-2.4425,-2.4425,-59.2314,-0.26763130,-10.3808,-9.7018,-50.6825,-51.3615,-0.22900410,-0.23207205,-0.00827726,18.4431,18.4431,-5.0886,-61.0633,-61.0633,221.3170,12.0000,,18.4431,9.081,12.9729,25.9457,35.364,51.0871,53.7076,12.9729,4.9297,3.937999,4.14,1.421667,1,1,1,2,0E-8,-0.27590856,,0E-8,0.000000,1.000000,0.000000,,2026-05-24,2026-05-24,1,1,1,1,1.000000,,,0.000000,,,,,,,,GLOBAL_BASELINE_NO_ENTITY_RANKING,,,NOT_APPLICABLE_GLOBAL_BASELINE,HF9g-P5,,,,X 全窗基线 · 不参与实体赏罚,3926007,393,A168_HF9F_20260827_0900,2026-08-27 09:00:00
2026-06-19,151762691,-1,1,14.5400162018,14.5400162018,14.5400162018,1.0000000,2,2,0.49324550000000000,0.493245500000,1.4334489766152358,1.4334489766152358,1.4334489766152358,0E-17,SENTINEL_DEALER,R03b_20260811_FULL_v1,L1_ELIGIBILITY,v2026-08-11,2026-03-21..2026-08-06,baccarat_bet02_101_all_pairs_incl_sentinel,round_win = game_pnl > 0 (decisive only),COMPATIBILITY_ONLY_NOT_PRODUCTION,114.2430,114.2430,-61.6912,14,14,0.54000000,,0.54000000,0.54000000,61.6912,114.2430,THIN_EXPOSURE,0.0000,-2.4676,4.0000,96.0000,AG03-UNRESOLVED,ALL5_LEVELS_bet23_to_bet27,-2.4676,-2.4676,-2.4676,-2.4676,-2.4676,4.000000,4.000000,4.000000,4.000000,4.000000,96.000000,96.000000,96.000000,96.000000,96.000000,5.0,-12.3382,-11.3899,-49.3530,-50.3013,PENDING_AG03,FALSE,NOT_FOR_ENFORCEMENT,-59.2236,109.6733,-61.6912,-59.2236,-2.4676,-0.54000000,-0.51840000,-2.4676,-59.2236,-0.51840000,-2.4676,-2.4676,-2.4676,-2.4676,-2.4676,-59.2236,-0.51840000,-12.3382,-11.3899,-49.3530,-50.3013,-0.43200000,-0.44030126,-0.02160000,8.1602,8.1602,-4.4065,-61.6912,-15.4228,114.2430,14.0000,,8.1602,4.1543,6.2314,10.3857,12.4629,27.0029,31.1572,6.2314,4.1543,4.333334,5.0,1.309524,4,4,1,2,0E-8,-0.54000000,,0E-8,0.000000,1.000000,0.000000,,2026-06-19,2026-06-19,1,4,4,1,1.000000,,,0.000000,,,,,,,,GLOBAL_BASELINE_NO_ENTITY_RANKING,,,NOT_APPLICABLE_GLOBAL_BASELINE,HF9g-P5,,,,X 全窗基线 · 不参与实体赏罚,3926008,393,A168_HF9F_20260827_0900,2026-08-27 09:00:00
2026-06-19,151762691,1306,0,2.0771451717,-2.0771451717,-2.0771451717,0E-7,1,1,0.50665070000000000,0.506650700000,-1.013391052207602,-1.013391052207602,-1.013391052207602,0E-17,ELIGIBLE,R03b_20260811_FULL_v1,L1_ELIGIBILITY,v2026-08-11,2026-03-21..2026-08-06,baccarat_bet02_101_all_pairs_incl_sentinel,round_win = game_pnl > 0 (decisive only),COMPATIBILITY_ONLY_NOT_PRODUCTION,114.2430,114.2430,-61.6912,14,14,0.54000000,,0.54000000,0.54000000,61.6912,114.2430,THIN_EXPOSURE,0.0000,-2.4676,4.0000,96.0000,AG03-UNRESOLVED,ALL5_LEVELS_bet23_to_bet27,-2.4676,-2.4676,-2.4676,-2.4676,-2.4676,4.000000,4.000000,4.000000,4.000000,4.000000,96.000000,96.000000,96.000000,96.000000,96.000000,5.0,-12.3382,-11.3899,-49.3530,-50.3013,PENDING_AG03,FALSE,NOT_FOR_ENFORCEMENT,-59.2236,109.6733,-61.6912,-59.2236,-2.4676,-0.54000000,-0.51840000,-2.4676,-59.2236,-0.51840000,-2.4676,-2.4676,-2.4676,-2.4676,-2.4676,-59.2236,-0.51840000,-12.3382,-11.3899,-49.3530,-50.3013,-0.43200000,-0.44030126,-0.02160000,8.1602,8.1602,-4.4065,-61.6912,-15.4228,114.2430,14.0000,,8.1602,4.1543,6.2314,10.3857,12.4629,27.0029,31.1572,6.2314,4.1543,4.333334,5.0,1.309524,4,4,1,2,0E-8,-0.54000000,,0E-8,0.000000,1.000000,0.000000,,2026-06-19,2026-06-19,1,4,4,1,1.000000,,,0.000000,,,,,,,,GLOBAL_BASELINE_NO_ENTITY_RANKING,,,NOT_APPLICABLE_GLOBAL_BASELINE,HF9g-P5,,,,X 全窗基线 · 不参与实体赏罚,3926009,393,A168_HF9F_20260827_0900,2026-08-27 09:00:00
2026-06-19,151762691,2123,0,12.4628710301,-4.3620048605,-4.3620048605,0.5000000,2,2,0.50665070000000000,0.506650700000,-0.018812684590367487,-0.018812684590367487,-0.018812684590367487,0E-17,ELIGIBLE,R03b_20260811_FULL_v1,L1_ELIGIBILITY,v2026-08-11,2026-03-21..2026-08-06,baccarat_bet02_101_all_pairs_incl_sentinel,round_win = game_pnl > 0 (decisive only),COMPATIBILITY_ONLY_NOT_PRODUCTION,114.2430,114.2430,-61.6912,14,14,0.54000000,,0.54000000,0.54000000,61.6912,114.2430,THIN_EXPOSURE,0.0000,-2.4676,4.0000,96.0000,AG03-UNRESOLVED,ALL5_LEVELS_bet23_to_bet27,-2.4676,-2.4676,-2.4676,-2.4676,-2.4676,4.000000,4.000000,4.000000,4.000000,4.000000,96.000000,96.000000,96.000000,96.000000,96.000000,5.0,-12.3382,-11.3899,-49.3530,-50.3013,PENDING_AG03,FALSE,NOT_FOR_ENFORCEMENT,-59.2236,109.6733,-61.6912,-59.2236,-2.4676,-0.54000000,-0.51840000,-2.4676,-59.2236,-0.51840000,-2.4676,-2.4676,-2.4676,-2.4676,-2.4676,-59.2236,-0.51840000,-12.3382,-11.3899,-49.3530,-50.3013,-0.43200000,-0.44030126,-0.02160000,8.1602,8.1602,-4.4065,-61.6912,-15.4228,114.2430,14.0000,,8.1602,4.1543,6.2314,10.3857,12.4629,27.0029,31.1572,6.2314,4.1543,4.333334,5.0,1.309524,4,4,1,2,0E-8,-0.54000000,,0E-8,0.000000,1.000000,0.000000,,2026-06-19,2026-06-19,1,4,4,1,1.000000,,,0.000000,,,,,,,,GLOBAL_BASELINE_NO_ENTITY_RANKING,,,NOT_APPLICABLE_GLOBAL_BASELINE,HF9g-P5,,,,X 全窗基线 · 不参与实体赏罚,3926010,393,A168_HF9F_20260827_0900,2026-08-27 09:00:00
2026-06-19,151762691,2218,0,85.1629520389,53.5903454294,53.5903454294,0.7777778,9,9,0.49920336666666667,0.499203366667,1.6714485881530228,1.6714485881510213,1.6714485881530228,-3.3333E-13,ELIGIBLE,R03b_20260811_FULL_v1,L1_ELIGIBILITY,v2026-08-11,2026-03-21..2026-08-06,baccarat_bet02_101_all_pairs_incl_sentinel,round_win = game_pnl > 0 (decisive only),COMPATIBILITY_ONLY_NOT_PRODUCTION,114.2430,114.2430,-61.6912,14,14,0.54000000,,0.54000000,0.54000000,61.6912,114.2430,THIN_EXPOSURE,0.0000,-2.4676,4.0000,96.0000,AG03-UNRESOLVED,ALL5_LEVELS_bet23_to_bet27,-2.4676,-2.4676,-2.4676,-2.4676,-2.4676,4.000000,4.000000,4.000000,4.000000,4.000000,96.000000,96.000000,96.000000,96.000000,96.000000,5.0,-12.3382,-11.3899,-49.3530,-50.3013,PENDING_AG03,FALSE,NOT_FOR_ENFORCEMENT,-59.2236,109.6733,-61.6912,-59.2236,-2.4676,-0.54000000,-0.51840000,-2.4676,-59.2236,-0.51840000,-2.4676,-2.4676,-2.4676,-2.4676,-2.4676,-59.2236,-0.51840000,-12.3382,-11.3899,-49.3530,-50.3013,-0.43200000,-0.44030126,-0.02160000,8.1602,8.1602,-4.4065,-61.6912,-15.4228,114.2430,14.0000,,8.1602,4.1543,6.2314,10.3857,12.4629,27.0029,31.1572,6.2314,4.1543,4.333334,5.0,1.309524,4,4,1,2,0E-8,-0.54000000,,0E-8,0.000000,1.000000,0.000000,,2026-06-19,2026-06-19,1,4,4,1,1.000000,,,0.000000,,,,,,,,GLOBAL_BASELINE_NO_ENTITY_RANKING,,,NOT_APPLICABLE_GLOBAL_BASELINE,HF9g-P5,,,,X 全窗基线 · 不参与实体赏罚,3926011,393,A168_HF9F_20260827_0900,2026-08-27 09:00:00
2026-06-01,129906266,1004,0,33.4301951809,-33.4301951809,-33.4301951809,0E-7,2,2,0.49994810000000000,0.499948100000,-1.4140667746232096,-1.4140667746232096,-1.4140667746232096,0E-17,ELIGIBLE,R03b_20260811_FULL_v1,L1_ELIGIBILITY,v2026-08-11,2026-03-21..2026-08-06,baccarat_bet02_101_all_pairs_incl_sentinel,round_win = game_pnl > 0 (decisive only),COMPATIBILITY_ONLY_NOT_PRODUCTION,682.4054,611.6059,-61.6823,43,43,0.09038948,-0.38095238,0.17943548,0.09038948,61.6823,682.4054,OK,0.0000,-2.4673,4.0000,96.0000,AG03-UNRESOLVED,ALL5_LEVELS_bet23_to_bet27,-2.4673,-2.4673,-3.0841,-3.0841,-3.0841,4.000000,4.000000,5.000000,5.000000,5.000000,96.000000,96.000000,95.000000,95.000000,95.000000,5.0,-14.1869,-12.9436,-47.4953,-48.7387,PENDING_AG03,FALSE,NOT_FOR_ENFORCEMENT,-59.2150,587.1417,-61.6823,-59.2150,-2.4673,-0.09038948,-0.08677390,-2.4673,-59.2150,-0.08677390,-2.4673,-2.4673,-3.0841,-3.0841,-3.0841,-59.2150,-0.08677390,-14.1869,-12.9436,-47.4953,-48.7387,-0.06959990,-0.07142186,-0.00361558,15.8699,14.2234,-1.4345,-30.8411,-15.4206,341.2027,21.5000,21.6869,15.1045,12.8578,12.8578,20.5724,25.7155,26.6156,28.3996,12.8578,7.3289,2.07,2.208747,1.234265,3,5,2,2,0.15890066,-0.09038948,0.38095238,0E-8,0.000000,0.896250,0.000000,-0.56038786,2026-06-01,2026-07-28,2,4,4,58,0.034483,1.435794,1.366546,0.529669,,,,,,,,GLOBAL_BASELINE_NO_ENTITY_RANKING,,,NOT_APPLICABLE_GLOBAL_BASELINE,HF9g-P5,,,,X 全窗基线 · 不参与实体赏罚,3926012,393,A168_HF9F_20260827_0900,2026-08-27 09:00:00
2026-06-01,129906266,1109,0,131.6635379433,-17.2294082856,-17.2294082856,0.3333333,7,7,0.50665070000000000,0.506650700000,-0.8491533462951141,-0.8491533462951141,-0.8491533462951141,0E-17,ELIGIBLE,R03b_20260811_FULL_v1,L1_ELIGIBILITY,v2026-08-11,2026-03-21..2026-08-06,baccarat_bet02_101_all_pairs_incl_sentinel,round_win = game_pnl > 0 (decisive only),COMPATIBILITY_ONLY_NOT_PRODUCTION,682.4054,611.6059,-61.6823,43,43,0.09038948,-0.38095238,0.17943548,0.09038948,61.6823,682.4054,OK,0.0000,-2.4673,4.0000,96.0000,AG03-UNRESOLVED,ALL5_LEVELS_bet23_to_bet27,-2.4673,-2.4673,-3.0841,-3.0841,-3.0841,4.000000,4.000000,5.000000,5.000000,5.000000,96.000000,96.000000,95.000000,95.000000,95.000000,5.0,-14.1869,-12.9436,-47.4953,-48.7387,PENDING_AG03,FALSE,NOT_FOR_ENFORCEMENT,-59.2150,587.1417,-61.6823,-59.2150,-2.4673,-0.09038948,-0.08677390,-2.4673,-59.2150,-0.08677390,-2.4673,-2.4673,-3.0841,-3.0841,-3.0841,-59.2150,-0.08677390,-14.1869,-12.9436,-47.4953,-48.7387,-0.06959990,-0.07142186,-0.00361558,15.8699,14.2234,-1.4345,-30.8411,-15.4206,341.2027,21.5000,21.6869,15.1045,12.8578,12.8578,20.5724,25.7155,26.6156,28.3996,12.8578,7.3289,2.07,2.208747,1.234265,3,5,2,2,0.15890066,-0.09038948,0.38095238,0E-8,0.000000,0.896250,0.000000,-0.56038786,2026-06-01,2026-07-28,2,4,4,58,0.034483,1.435794,1.366546,0.529669,,,,,,,,GLOBAL_BASELINE_NO_ENTITY_RANKING,,,NOT_APPLICABLE_GLOBAL_BASELINE,HF9g-P5,,,,X 全窗基线 · 不参与实体赏罚,3926013,393,A168_HF9F_20260827_0900,2026-08-27 09:00:00
2026-06-01,129906266,1951,0,380.5899143674,151.8502327254,151.8502327254,0.7391304,26,26,0.50665070000000000,0.506650700000,2.2300645695172743,2.2300645695172743,2.2300645695172743,0E-17,ELIGIBLE,R03b_20260811_FULL_v1,L1_ELIGIBILITY,v2026-08-11,2026-03-21..2026-08-06,baccarat_bet02_101_all_pairs_incl_sentinel,round_win = game_pnl > 0 (decisive only),COMPATIBILITY_ONLY_NOT_PRODUCTION,682.4054,611.6059,-61.6823,43,43,0.09038948,-0.38095238,0.17943548,0.09038948,61.6823,682.4054,OK,0.0000,-2.4673,4.0000,96.0000,AG03-UNRESOLVED,ALL5_LEVELS_bet23_to_bet27,-2.4673,-2.4673,-3.0841,-3.0841,-3.0841,4.000000,4.000000,5.000000,5.000000,5.000000,96.000000,96.000000,95.000000,95.000000,95.000000,5.0,-14.1869,-12.9436,-47.4953,-48.7387,PENDING_AG03,FALSE,NOT_FOR_ENFORCEMENT,-59.2150,587.1417,-61.6823,-59.2150,-2.4673,-0.09038948,-0.08677390,-2.4673,-59.2150,-0.08677390,-2.4673,-2.4673,-3.0841,-3.0841,-3.0841,-59.2150,-0.08677390,-14.1869,-12.9436,-47.4953,-48.7387,-0.06959990,-0.07142186,-0.00361558,15.8699,14.2234,-1.4345,-30.8411,-15.4206,341.2027,21.5000,21.6869,15.1045,12.8578,12.8578,20.5724,25.7155,26.6156,28.3996,12.8578,7.3289,2.07,2.208747,1.234265,3,5,2,2,0.15890066,-0.09038948,0.38095238,0E-8,0.000000,0.896250,0.000000,-0.56038786,2026-06-01,2026-07-28,2,4,4,58,0.034483,1.435794,1.366546,0.529669,,,,,,,,GLOBAL_BASELINE_NO_ENTITY_RANKING,,,NOT_APPLICABLE_GLOBAL_BASELINE,HF9g-P5,,,,X 全窗基线 · 不参与实体赏罚,3926014,393,A168_HF9F_20260827_0900,2026-08-27 09:00:00
2026-06-01,129906266,2160,0,28.2870882301,1.8000874327,1.8000874327,0.6666667,3,3,0.50665070000000000,0.506650700000,0.5543606114942035,0.5543606114942035,0.5543606114942035,0E-17,ELIGIBLE,R03b_20260811_FULL_v1,L1_ELIGIBILITY,v2026-08-11,2026-03-21..2026-08-06,baccarat_bet02_101_all_pairs_incl_sentinel,round_win = game_pnl > 0 (decisive only),COMPATIBILITY_ONLY_NOT_PRODUCTION,682.4054,611.6059,-61.6823,43,43,0.09038948,-0.38095238,0.17943548,0.09038948,61.6823,682.4054,OK,0.0000,-2.4673,4.0000,96.0000,AG03-UNRESOLVED,ALL5_LEVELS_bet23_to_bet27,-2.4673,-2.4673,-3.0841,-3.0841,-3.0841,4.000000,4.000000,5.000000,5.000000,5.000000,96.000000,96.000000,95.000000,95.000000,95.000000,5.0,-14.1869,-12.9436,-47.4953,-48.7387,PENDING_AG03,FALSE,NOT_FOR_ENFORCEMENT,-59.2150,587.1417,-61.6823,-59.2150,-2.4673,-0.09038948,-0.08677390,-2.4673,-59.2150,-0.08677390,-2.4673,-2.4673,-3.0841,-3.0841,-3.0841,-59.2150,-0.08677390,-14.1869,-12.9436,-47.4953,-48.7387,-0.06959990,-0.07142186,-0.00361558,15.8699,14.2234,-1.4345,-30.8411,-15.4206,341.2027,21.5000,21.6869,15.1045,12.8578,12.8578,20.5724,25.7155,26.6156,28.3996,12.8578,7.3289,2.07,2.208747,1.234265,3,5,2,2,0.15890066,-0.09038948,0.38095238,0E-8,0.000000,0.896250,0.000000,-0.56038786,2026-06-01,2026-07-28,2,4,4,58,0.034483,1.435794,1.366546,0.529669,,,,,,,,GLOBAL_BASELINE_NO_ENTITY_RANKING,,,NOT_APPLICABLE_GLOBAL_BASELINE,HF9g-P5,,,,X 全窗基线 · 不参与实体赏罚,3926015,393,A168_HF9F_20260827_0900,2026-08-27 09:00:00
2026-07-28,129906266,2271,0,108.4346681124,-41.3084449952,-41.3084449952,0.2500000,5,5,0.49860758000000000,0.498607580000,-0.9944341760919779,-0.9944341760919779,-0.9944341760919779,0E-17,ELIGIBLE,R03b_20260811_FULL_v1,L1_ELIGIBILITY,v2026-08-11,2026-03-21..2026-08-06,baccarat_bet02_101_all_pairs_incl_sentinel,round_win = game_pnl > 0 (decisive only),COMPATIBILITY_ONLY_NOT_PRODUCTION,682.4054,611.6059,-61.6823,43,43,0.09038948,-0.38095238,0.17943548,0.09038948,61.6823,682.4054,OK,0.0000,-2.4673,4.0000,96.0000,AG03-UNRESOLVED,ALL5_LEVELS_bet23_to_bet27,-2.4673,-2.4673,-3.0841,-3.0841,-3.0841,4.000000,4.000000,5.000000,5.000000,5.000000,96.000000,96.000000,95.000000,95.000000,95.000000,5.0,-14.1869,-12.9436,-47.4953,-48.7387,PENDING_AG03,FALSE,NOT_FOR_ENFORCEMENT,-59.2150,587.1417,-61.6823,-59.2150,-2.4673,-0.09038948,-0.08677390,-2.4673,-59.2150,-0.08677390,-2.4673,-2.4673,-3.0841,-3.0841,-3.0841,-59.2150,-0.08677390,-14.1869,-12.9436,-47.4953,-48.7387,-0.06959990,-0.07142186,-0.00361558,15.8699,14.2234,-1.4345,-30.8411,-15.4206,341.2027,21.5000,21.6869,15.1045,12.8578,12.8578,20.5724,25.7155,26.6156,28.3996,12.8578,7.3289,2.07,2.208747,1.234265,3,5,2,2,0.15890066,-0.09038948,0.38095238,0E-8,0.000000,0.896250,0.000000,-0.56038786,2026-06-01,2026-07-28,2,4,4,58,0.034483,1.435794,1.366546,0.529669,,,,,,,,GLOBAL_BASELINE_NO_ENTITY_RANKING,,,NOT_APPLICABLE_GLOBAL_BASELINE,HF9g-P5,,,,X 全窗基线 · 不参与实体赏罚,3926016,393,A168_HF9F_20260827_0900,2026-08-27 09:00:00
2026-03-26,140084677,-1,1,119.8093582958,-79.1268399295,-79.1268399295,0.5000000,3,3,0.50665070000000000,0.506650700000,-0.018812684590367487,-0.018812684590367487,-0.018812684590367487,0E-17,SENTINEL_DEALER,R03b_20260811_FULL_v1,L1_ELIGIBILITY,v2026-08-11,2026-03-21..2026-08-06,baccarat_bet02_101_all_pairs_incl_sentinel,round_win = game_pnl > 0 (decisive only),COMPATIBILITY_ONLY_NOT_PRODUCTION,3936.9634,3641.1815,-61.6790,418,418,0.01566664,-0.55128205,0.02301052,0.01566664,61.6790,3936.9634,OK,0.0000,-2.4672,4.0000,96.0000,AG03-UNRESOLVED,ALL5_LEVELS_bet23_to_bet27,-2.4672,-2.4672,-3.0839,-3.0839,-3.0839,4.000000,4.000000,5.000000,5.000000,5.000000,96.000000,96.000000,95.000000,95.000000,95.000000,5.0,-14.1862,-12.9429,-47.4928,-48.7361,PENDING_AG03,FALSE,NOT_FOR_ENFORCEMENT,-59.2118,3495.5343,-61.6790,-59.2118,-2.4672,-0.01566664,-0.01503997,-2.4672,-59.2118,-0.01503997,-2.4672,-2.4672,-3.0839,-3.0839,-3.0839,-59.2118,-0.01503997,-14.1862,-12.9429,-47.4928,-48.7361,-0.01206331,-0.0123791,-0.00062667,9.4186,8.7110,-0.1476,-3.2463,-0.4502,207.2086,22.0000,3.5960,9.6203,5.2352,7.5576,12.6392,15.627,20.78,34.6465,6.8057,0.0,2.749529,4.584305,1.246232,28,74,21,2,0.01278769,-0.01566664,0.55128205,0E-8,0.000000,0.924871,0.000000,-0.57429257,2026-03-26,2026-07-19,19,137,114,116,0.163793,0.373796,0.381804,0.042626,,,,,,,,GLOBAL_BASELINE_NO_ENTITY_RANKING,,,NOT_APPLICABLE_GLOBAL_BASELINE,HF9g-P5,,,,X 全窗基线 · 不参与实体赏罚,3926017,393,A168_HF9F_20260827_0900,2026-08-27 09:00:00
2026-03-26,140084677,1017,0,26.3317270980,-26.3317270980,-26.3317270980,0E-7,1,1,0.50665070000000000,0.506650700000,-1.013391052207602,-1.013391052207602,-1.013391052207602,0E-17,ELIGIBLE,R03b_20260811_FULL_v1,L1_ELIGIBILITY,v2026-08-11,2026-03-21..2026-08-06,baccarat_bet02_101_all_pairs_incl_sentinel,round_win = game_pnl > 0 (decisive only),COMPATIBILITY_ONLY_NOT_PRODUCTION,3936.9634,3641.1815,-61.6790,418,418,0.01566664,-0.55128205,0.02301052,0.01566664,61.6790,3936.9634,OK,0.0000,-2.4672,4.0000,96.0000,AG03-UNRESOLVED,ALL5_LEVELS_bet23_to_bet27,-2.4672,-2.4672,-3.0839,-3.0839,-3.0839,4.000000,4.000000,5.000000,5.000000,5.000000,96.000000,96.000000,95.000000,95.000000,95.000000,5.0,-14.1862,-12.9429,-47.4928,-48.7361,PENDING_AG03,FALSE,NOT_FOR_ENFORCEMENT,-59.2118,3495.5343,-61.6790,-59.2118,-2.4672,-0.01566664,-0.01503997,-2.4672,-59.2118,-0.01503997,-2.4672,-2.4672,-3.0839,-3.0839,-3.0839,-59.2118,-0.01503997,-14.1862,-12.9429,-47.4928,-48.7361,-0.01206331,-0.0123791,-0.00062667,9.4186,8.7110,-0.1476,-3.2463,-0.4502,207.2086,22.0000,3.5960,9.6203,5.2352,7.5576,12.6392,15.627,20.78,34.6465,6.8057,0.0,2.749529,4.584305,1.246232,28,74,21,2,0.01278769,-0.01566664,0.55128205,0E-8,0.000000,0.924871,0.000000,-0.57429257,2026-03-26,2026-07-19,19,137,114,116,0.163793,0.373796,0.381804,0.042626,,,,,,,,GLOBAL_BASELINE_NO_ENTITY_RANKING,,,NOT_APPLICABLE_GLOBAL_BASELINE,HF9g-P5,,,,X 全窗基线 · 不参与实体赏罚,3926018,393,A168_HF9F_20260827_0900,2026-08-27 09:00:00
2026-03-26,140084677,1384,0,52.1368196541,2.9359875713,2.9359875713,0.7500000,4,4,0.50329940000000000,0.503299400000,0.9868238854431842,0.9868238854431842,0.9868238854431842,0E-17,ELIGIBLE,R03b_20260811_FULL_v1,L1_ELIGIBILITY,v2026-08-11,2026-03-21..2026-08-06,baccarat_bet02_101_all_pairs_incl_sentinel,round_win = game_pnl > 0 (decisive only),COMPATIBILITY_ONLY_NOT_PRODUCTION,3936.9634,3641.1815,-61.6790,418,418,0.01566664,-0.55128205,0.02301052,0.01566664,61.6790,3936.9634,OK,0.0000,-2.4672,4.0000,96.0000,AG03-UNRESOLVED,ALL5_LEVELS_bet23_to_bet27,-2.4672,-2.4672,-3.0839,-3.0839,-3.0839,4.000000,4.000000,5.000000,5.000000,5.000000,96.000000,96.000000,95.000000,95.000000,95.000000,5.0,-14.1862,-12.9429,-47.4928,-48.7361,PENDING_AG03,FALSE,NOT_FOR_ENFORCEMENT,-59.2118,3495.5343,-61.6790,-59.2118,-2.4672,-0.01566664,-0.01503997,-2.4672,-59.2118,-0.01503997,-2.4672,-2.4672,-3.0839,-3.0839,-3.0839,-59.2118,-0.01503997,-14.1862,-12.9429,-47.4928,-48.7361,-0.01206331,-0.0123791,-0.00062667,9.4186,8.7110,-0.1476,-3.2463,-0.4502,207.2086,22.0000,3.5960,9.6203,5.2352,7.5576,12.6392,15.627,20.78,34.6465,6.8057,0.0,2.749529,4.584305,1.246232,28,74,21,2,0.01278769,-0.01566664,0.55128205,0E-8,0.000000,0.924871,0.000000,-0.57429257,2026-03-26,2026-07-19,19,137,114,116,0.163793,0.373796,0.381804,0.042626,,,,,,,,GLOBAL_BASELINE_NO_ENTITY_RANKING,,,NOT_APPLICABLE_GLOBAL_BASELINE,HF9g-P5,,,,X 全窗基线 · 不参与实体赏罚,3926019,393,A168_HF9F_20260827_0900,2026-08-27 09:00:00
2026-03-26,140084677,1942,0,86.1047476105,12.9947073227,12.9947073227,0.6666667,9,9,0.50665070000000000,0.506650700000,0.9601807448229117,0.9601807448229117,0.9601807448229117,0E-17,ELIGIBLE,R03b_20260811_FULL_v1,L1_ELIGIBILITY,v2026-08-11,2026-03-21..2026-08-06,baccarat_bet02_101_all_pairs_incl_sentinel,round_win = game_pnl > 0 (decisive only),COMPATIBILITY_ONLY_NOT_PRODUCTION,3936.9634,3641.1815,-61.6790,418,418,0.01566664,-0.55128205,0.02301052,0.01566664,61.6790,3936.9634,OK,0.0000,-2.4672,4.0000,96.0000,AG03-UNRESOLVED,ALL5_LEVELS_bet23_to_bet27,-2.4672,-2.4672,-3.0839,-3.0839,-3.0839,4.000000,4.000000,5.000000,5.000000,5.000000,96.000000,96.000000,95.000000,95.000000,95.000000,5.0,-14.1862,-12.9429,-47.4928,-48.7361,PENDING_AG03,FALSE,NOT_FOR_ENFORCEMENT,-59.2118,3495.5343,-61.6790,-59.2118,-2.4672,-0.01566664,-0.01503997,-2.4672,-59.2118,-0.01503997,-2.4672,-2.4672,-3.0839,-3.0839,-3.0839,-59.2118,-0.01503997,-14.1862,-12.9429,-47.4928,-48.7361,-0.01206331,-0.0123791,-0.00062667,9.4186,8.7110,-0.1476,-3.2463,-0.4502,207.2086,22.0000,3.5960,9.6203,5.2352,7.5576,12.6392,15.627,20.78,34.6465,6.8057,0.0,2.749529,4.584305,1.246232,28,74,21,2,0.01278769,-0.01566664,0.55128205,0E-8,0.000000,0.924871,0.000000,-0.57429257,2026-03-26,2026-07-19,19,137,114,116,0.163793,0.373796,0.381804,0.042626,,,,,,,,GLOBAL_BASELINE_NO_ENTITY_RANKING,,,NOT_APPLICABLE_GLOBAL_BASELINE,HF9g-P5,,,,X 全窗基线 · 不参与实体赏罚,3926020,393,A168_HF9F_20260827_0900,2026-08-27 09:00:00
2026-03-26,140084677,1984,0,57.4031650736,-36.8644179372,-36.8644179372,0.3333333,3,3,0.50665070000000000,0.506650700000,-0.6004420894325239,-0.6004420894325239,-0.6004420894325239,0E-17,ELIGIBLE,R03b_20260811_FULL_v1,L1_ELIGIBILITY,v2026-08-11,2026-03-21..2026-08-06,baccarat_bet02_101_all_pairs_incl_sentinel,round_win = game_pnl > 0 (decisive only),COMPATIBILITY_ONLY_NOT_PRODUCTION,3936.9634,3641.1815,-61.6790,418,418,0.01566664,-0.55128205,0.02301052,0.01566664,61.6790,3936.9634,OK,0.0000,-2.4672,4.0000,96.0000,AG03-UNRESOLVED,ALL5_LEVELS_bet23_to_bet27,-2.4672,-2.4672,-3.0839,-3.0839,-3.0839,4.000000,4.000000,5.000000,5.000000,5.000000,96.000000,96.000000,95.000000,95.000000,95.000000,5.0,-14.1862,-12.9429,-47.4928,-48.7361,PENDING_AG03,FALSE,NOT_FOR_ENFORCEMENT,-59.2118,3495.5343,-61.6790,-59.2118,-2.4672,-0.01566664,-0.01503997,-2.4672,-59.2118,-0.01503997,-2.4672,-2.4672,-3.0839,-3.0839,-3.0839,-59.2118,-0.01503997,-14.1862,-12.9429,-47.4928,-48.7361,-0.01206331,-0.0123791,-0.00062667,9.4186,8.7110,-0.1476,-3.2463,-0.4502,207.2086,22.0000,3.5960,9.6203,5.2352,7.5576,12.6392,15.627,20.78,34.6465,6.8057,0.0,2.749529,4.584305,1.246232,28,74,21,2,0.01278769,-0.01566664,0.55128205,0E-8,0.000000,0.924871,0.000000,-0.57429257,2026-03-26,2026-07-19,19,137,114,116,0.163793,0.373796,0.381804,0.042626,,,,,,,,GLOBAL_BASELINE_NO_ENTITY_RANKING,,,NOT_APPLICABLE_GLOBAL_BASELINE,HF9g-P5,,,,X 全窗基线 · 不参与实体赏罚,3926021,393,A168_HF9F_20260827_0900,2026-08-27 09:00:00
2026-03-26,140084677,2093,0,12.6392290071,9.0054506675,9.0054506675,1.0000000,3,3,0.50665070000000000,0.506650700000,1.3955260008387969,1.3955260008387969,1.3955260008387969,0E-17,ELIGIBLE,R03b_20260811_FULL_v1,L1_ELIGIBILITY,v2026-08-11,2026-03-21..2026-08-06,baccarat_bet02_101_all_pairs_incl_sentinel,round_win = game_pnl > 0 (decisive only),COMPATIBILITY_ONLY_NOT_PRODUCTION,3936.9634,3641.1815,-61.6790,418,418,0.01566664,-0.55128205,0.02301052,0.01566664,61.6790,3936.9634,OK,0.0000,-2.4672,4.0000,96.0000,AG03-UNRESOLVED,ALL5_LEVELS_bet23_to_bet27,-2.4672,-2.4672,-3.0839,-3.0839,-3.0839,4.000000,4.000000,5.000000,5.000000,5.000000,96.000000,96.000000,95.000000,95.000000,95.000000,5.0,-14.1862,-12.9429,-47.4928,-48.7361,PENDING_AG03,FALSE,NOT_FOR_ENFORCEMENT,-59.2118,3495.5343,-61.6790,-59.2118,-2.4672,-0.01566664,-0.01503997,-2.4672,-59.2118,-0.01503997,-2.4672,-2.4672,-3.0839,-3.0839,-3.0839,-59.2118,-0.01503997,-14.1862,-12.9429,-47.4928,-48.7361,-0.01206331,-0.0123791,-0.00062667,9.4186,8.7110,-0.1476,-3.2463,-0.4502,207.2086,22.0000,3.5960,9.6203,5.2352,7.5576,12.6392,15.627,20.78,34.6465,6.8057,0.0,2.749529,4.584305,1.246232,28,74,21,2,0.01278769,-0.01566664,0.55128205,0E-8,0.000000,0.924871,0.000000,-0.57429257,2026-03-26,2026-07-19,19,137,114,116,0.163793,0.373796,0.381804,0.042626,,,,,,,,GLOBAL_BASELINE_NO_ENTITY_RANKING,,,NOT_APPLICABLE_GLOBAL_BASELINE,HF9g-P5,,,,X 全窗基线 · 不参与实体赏罚,3926022,393,A168_HF9F_20260827_0900,2026-08-27 09:00:00
2026-03-26,140084677,2167,0,23.6985543882,-23.6985543882,-23.6985543882,0E-7,1,1,0.50665070000000000,0.506650700000,-1.013391052207602,-1.013391052207602,-1.013391052207602,0E-17,ELIGIBLE,R03b_20260811_FULL_v1,L1_ELIGIBILITY,v2026-08-11,2026-03-21..2026-08-06,baccarat_bet02_101_all_pairs_incl_sentinel,round_win = game_pnl > 0 (decisive only),COMPATIBILITY_ONLY_NOT_PRODUCTION,3936.9634,3641.1815,-61.6790,418,418,0.01566664,-0.55128205,0.02301052,0.01566664,61.6790,3936.9634,OK,0.0000,-2.4672,4.0000,96.0000,AG03-UNRESOLVED,ALL5_LEVELS_bet23_to_bet27,-2.4672,-2.4672,-3.0839,-3.0839,-3.0839,4.000000,4.000000,5.000000,5.000000,5.000000,96.000000,96.000000,95.000000,95.000000,95.000000,5.0,-14.1862,-12.9429,-47.4928,-48.7361,PENDING_AG03,FALSE,NOT_FOR_ENFORCEMENT,-59.2118,3495.5343,-61.6790,-59.2118,-2.4672,-0.01566664,-0.01503997,-2.4672,-59.2118,-0.01503997,-2.4672,-2.4672,-3.0839,-3.0839,-3.0839,-59.2118,-0.01503997,-14.1862,-12.9429,-47.4928,-48.7361,-0.01206331,-0.0123791,-0.00062667,9.4186,8.7110,-0.1476,-3.2463,-0.4502,207.2086,22.0000,3.5960,9.6203,5.2352,7.5576,12.6392,15.627,20.78,34.6465,6.8057,0.0,2.749529,4.584305,1.246232,28,74,21,2,0.01278769,-0.01566664,0.55128205,0E-8,0.000000,0.924871,0.000000,-0.57429257,2026-03-26,2026-07-19,19,137,114,116,0.163793,0.373796,0.381804,0.042626,,,,,,,,GLOBAL_BASELINE_NO_ENTITY_RANKING,,,NOT_APPLICABLE_GLOBAL_BASELINE,HF9g-P5,,,,X 全窗基线 · 不参与实体赏罚,3926023,393,A168_HF9F_20260827_0900,2026-08-27 09:00:00
2026-03-26,140084677,2177,0,13.1658635490,-13.1658635490,-13.1658635490,0E-7,1,1,0.50665070000000000,0.506650700000,-1.013391052207602,-1.013391052207602,-1.013391052207602,0E-17,ELIGIBLE,R03b_20260811_FULL_v1,L1_ELIGIBILITY,v2026-08-11,2026-03-21..2026-08-06,baccarat_bet02_101_all_pairs_incl_sentinel,round_win = game_pnl > 0 (decisive only),COMPATIBILITY_ONLY_NOT_PRODUCTION,3936.9634,3641.1815,-61.6790,418,418,0.01566664,-0.55128205,0.02301052,0.01566664,61.6790,3936.9634,OK,0.0000,-2.4672,4.0000,96.0000,AG03-UNRESOLVED,ALL5_LEVELS_bet23_to_bet27,-2.4672,-2.4672,-3.0839,-3.0839,-3.0839,4.000000,4.000000,5.000000,5.000000,5.000000,96.000000,96.000000,95.000000,95.000000,95.000000,5.0,-14.1862,-12.9429,-47.4928,-48.7361,PENDING_AG03,FALSE,NOT_FOR_ENFORCEMENT,-59.2118,3495.5343,-61.6790,-59.2118,-2.4672,-0.01566664,-0.01503997,-2.4672,-59.2118,-0.01503997,-2.4672,-2.4672,-3.0839,-3.0839,-3.0839,-59.2118,-0.01503997,-14.1862,-12.9429,-47.4928,-48.7361,-0.01206331,-0.0123791,-0.00062667,9.4186,8.7110,-0.1476,-3.2463,-0.4502,207.2086,22.0000,3.5960,9.6203,5.2352,7.5576,12.6392,15.627,20.78,34.6465,6.8057,0.0,2.749529,4.584305,1.246232,28,74,21,2,0.01278769,-0.01566664,0.55128205,0E-8,0.000000,0.924871,0.000000,-0.57429257,2026-03-26,2026-07-19,19,137,114,116,0.163793,0.373796,0.381804,0.042626,,,,,,,,GLOBAL_BASELINE_NO_ENTITY_RANKING,,,NOT_APPLICABLE_GLOBAL_BASELINE,HF9g-P5,,,,X 全窗基线 · 不参与实体赏罚,3926024,393,A168_HF9F_20260827_0900,2026-08-27 09:00:00
2026-03-26,140084677,2216,0,13.1658635490,-13.1658635490,-13.1658635490,0E-7,1,1,0.50665070000000000,0.506650700000,-1.013391052207602,-1.013391052207602,-1.013391052207602,0E-17,ELIGIBLE,R03b_20260811_FULL_v1,L1_ELIGIBILITY,v2026-08-11,2026-03-21..2026-08-06,baccarat_bet02_101_all_pairs_incl_sentinel,round_win = game_pnl > 0 (decisive only),COMPATIBILITY_ONLY_NOT_PRODUCTION,3936.9634,3641.1815,-61.6790,418,418,0.01566664,-0.55128205,0.02301052,0.01566664,61.6790,3936.9634,OK,0.0000,-2.4672,4.0000,96.0000,AG03-UNRESOLVED,ALL5_LEVELS_bet23_to_bet27,-2.4672,-2.4672,-3.0839,-3.0839,-3.0839,4.000000,4.000000,5.000000,5.000000,5.000000,96.000000,96.000000,95.000000,95.000000,95.000000,5.0,-14.1862,-12.9429,-47.4928,-48.7361,PENDING_AG03,FALSE,NOT_FOR_ENFORCEMENT,-59.2118,3495.5343,-61.6790,-59.2118,-2.4672,-0.01566664,-0.01503997,-2.4672,-59.2118,-0.01503997,-2.4672,-2.4672,-3.0839,-3.0839,-3.0839,-59.2118,-0.01503997,-14.1862,-12.9429,-47.4928,-48.7361,-0.01206331,-0.0123791,-0.00062667,9.4186,8.7110,-0.1476,-3.2463,-0.4502,207.2086,22.0000,3.5960,9.6203,5.2352,7.5576,12.6392,15.627,20.78,34.6465,6.8057,0.0,2.749529,4.584305,1.246232,28,74,21,2,0.01278769,-0.01566664,0.55128205,0E-8,0.000000,0.924871,0.000000,-0.57429257,2026-03-26,2026-07-19,19,137,114,116,0.163793,0.373796,0.381804,0.042626,,,,,,,,GLOBAL_BASELINE_NO_ENTITY_RANKING,,,NOT_APPLICABLE_GLOBAL_BASELINE,HF9g-P5,,,,X 全窗基线 · 不参与实体赏罚,3926025,393,A168_HF9F_20260827_0900,2026-08-27 09:00:00
2026-03-26,140084677,2222,0,52.6634541960,24.3568475655,24.3568475655,0.7500000,4,4,0.50665070000000000,0.506650700000,0.9734833216690844,0.9734833216690844,0.9734833216690844,0E-17,ELIGIBLE,R03b_20260811_FULL_v1,L1_ELIGIBILITY,v2026-08-11,2026-03-21..2026-08-06,baccarat_bet02_101_all_pairs_incl_sentinel,round_win = game_pnl > 0 (decisive only),COMPATIBILITY_ONLY_NOT_PRODUCTION,3936.9634,3641.1815,-61.6790,418,418,0.01566664,-0.55128205,0.02301052,0.01566664,61.6790,3936.9634,OK,0.0000,-2.4672,4.0000,96.0000,AG03-UNRESOLVED,ALL5_LEVELS_bet23_to_bet27,-2.4672,-2.4672,-3.0839,-3.0839,-3.0839,4.000000,4.000000,5.000000,5.000000,5.000000,96.000000,96.000000,95.000000,95.000000,95.000000,5.0,-14.1862,-12.9429,-47.4928,-48.7361,PENDING_AG03,FALSE,NOT_FOR_ENFORCEMENT,-59.2118,3495.5343,-61.6790,-59.2118,-2.4672,-0.01566664,-0.01503997,-2.4672,-59.2118,-0.01503997,-2.4672,-2.4672,-3.0839,-3.0839,-3.0839,-59.2118,-0.01503997,-14.1862,-12.9429,-47.4928,-48.7361,-0.01206331,-0.0123791,-0.00062667,9.4186,8.7110,-0.1476,-3.2463,-0.4502,207.2086,22.0000,3.5960,9.6203,5.2352,7.5576,12.6392,15.627,20.78,34.6465,6.8057,0.0,2.749529,4.584305,1.246232,28,74,21,2,0.01278769,-0.01566664,0.55128205,0E-8,0.000000,0.924871,0.000000,-0.57429257,2026-03-26,2026-07-19,19,137,114,116,0.163793,0.373796,0.381804,0.042626,,,,,,,,GLOBAL_BASELINE_NO_ENTITY_RANKING,,,NOT_APPLICABLE_GLOBAL_BASELINE,HF9g-P5,,,,X 全窗基线 · 不参与实体赏罚,3926026,393,A168_HF9F_20260827_0900,2026-08-27 09:00:00
2026-03-26,140084677,2248,0,13.1658635490,-13.1658635490,-13.1658635490,0E-7,1,1,0.50665070000000000,0.506650700000,-1.013391052207602,-1.013391052207602,-1.013391052207602,0E-17,ELIGIBLE,R03b_20260811_FULL_v1,L1_ELIGIBILITY,v2026-08-11,2026-03-21..2026-08-06,baccarat_bet02_101_all_pairs_incl_sentinel,round_win = game_pnl > 0 (decisive only),COMPATIBILITY_ONLY_NOT_PRODUCTION,3936.9634,3641.1815,-61.6790,418,418,0.01566664,-0.55128205,0.02301052,0.01566664,61.6790,3936.9634,OK,0.0000,-2.4672,4.0000,96.0000,AG03-UNRESOLVED,ALL5_LEVELS_bet23_to_bet27,-2.4672,-2.4672,-3.0839,-3.0839,-3.0839,4.000000,4.000000,5.000000,5.000000,5.000000,96.000000,96.000000,95.000000,95.000000,95.000000,5.0,-14.1862,-12.9429,-47.4928,-48.7361,PENDING_AG03,FALSE,NOT_FOR_ENFORCEMENT,-59.2118,3495.5343,-61.6790,-59.2118,-2.4672,-0.01566664,-0.01503997,-2.4672,-59.2118,-0.01503997,-2.4672,-2.4672,-3.0839,-3.0839,-3.0839,-59.2118,-0.01503997,-14.1862,-12.9429,-47.4928,-48.7361,-0.01206331,-0.0123791,-0.00062667,9.4186,8.7110,-0.1476,-3.2463,-0.4502,207.2086,22.0000,3.5960,9.6203,5.2352,7.5576,12.6392,15.627,20.78,34.6465,6.8057,0.0,2.749529,4.584305,1.246232,28,74,21,2,0.01278769,-0.01566664,0.55128205,0E-8,0.000000,0.924871,0.000000,-0.57429257,2026-03-26,2026-07-19,19,137,114,116,0.163793,0.373796,0.381804,0.042626,,,,,,,,GLOBAL_BASELINE_NO_ENTITY_RANKING,,,NOT_APPLICABLE_GLOBAL_BASELINE,HF9g-P5,,,,X 全窗基线 · 不参与实体赏罚,3926027,393,A168_HF9F_20260827_0900,2026-08-27 09:00:00
2026-03-26,140084677,462,0,34.7578797694,-17.3789398847,-17.3789398847,0E-7,2,2,0.50665070000000000,0.506650700000,-1.013391052207602,-1.013391052207602,-1.013391052207602,0E-17,ELIGIBLE,R03b_20260811_FULL_v1,L1_ELIGIBILITY,v2026-08-11,2026-03-21..2026-08-06,baccarat_bet02_101_all_pairs_incl_sentinel,round_win = game_pnl > 0 (decisive only),COMPATIBILITY_ONLY_NOT_PRODUCTION,3936.9634,3641.1815,-61.6790,418,418,0.01566664,-0.55128205,0.02301052,0.01566664,61.6790,3936.9634,OK,0.0000,-2.4672,4.0000,96.0000,AG03-UNRESOLVED,ALL5_LEVELS_bet23_to_bet27,-2.4672,-2.4672,-3.0839,-3.0839,-3.0839,4.000000,4.000000,5.000000,5.000000,5.000000,96.000000,96.000000,95.000000,95.000000,95.000000,5.0,-14.1862,-12.9429,-47.4928,-48.7361,PENDING_AG03,FALSE,NOT_FOR_ENFORCEMENT,-59.2118,3495.5343,-61.6790,-59.2118,-2.4672,-0.01566664,-0.01503997,-2.4672,-59.2118,-0.01503997,-2.4672,-2.4672,-3.0839,-3.0839,-3.0839,-59.2118,-0.01503997,-14.1862,-12.9429,-47.4928,-48.7361,-0.01206331,-0.0123791,-0.00062667,9.4186,8.7110,-0.1476,-3.2463,-0.4502,207.2086,22.0000,3.5960,9.6203,5.2352,7.5576,12.6392,15.627,20.78,34.6465,6.8057,0.0,2.749529,4.584305,1.246232,28,74,21,2,0.01278769,-0.01566664,0.55128205,0E-8,0.000000,0.924871,0.000000,-0.57429257,2026-03-26,2026-07-19,19,137,114,116,0.163793,0.373796,0.381804,0.042626,,,,,,,,GLOBAL_BASELINE_NO_ENTITY_RANKING,,,NOT_APPLICABLE_GLOBAL_BASELINE,HF9g-P5,,,,X 全窗基线 · 不参与实体赏罚,3926028,393,A168_HF9F_20260827_0900,2026-08-27 09:00:00
2026-03-26,140084677,583,0,87.9479685072,58.9040735181,58.9040735181,0.8000000,5,5,0.50665070000000000,0.506650700000,1.3120140225494112,1.3120140225494112,1.3120140225494112,0E-17,ELIGIBLE,R03b_20260811_FULL_v1,L1_ELIGIBILITY,v2026-08-11,2026-03-21..2026-08-06,baccarat_bet02_101_all_pairs_incl_sentinel,round_win = game_pnl > 0 (decisive only),COMPATIBILITY_ONLY_NOT_PRODUCTION,3936.9634,3641.1815,-61.6790,418,418,0.01566664,-0.55128205,0.02301052,0.01566664,61.6790,3936.9634,OK,0.0000,-2.4672,4.0000,96.0000,AG03-UNRESOLVED,ALL5_LEVELS_bet23_to_bet27,-2.4672,-2.4672,-3.0839,-3.0839,-3.0839,4.000000,4.000000,5.000000,5.000000,5.000000,96.000000,96.000000,95.000000,95.000000,95.000000,5.0,-14.1862,-12.9429,-47.4928,-48.7361,PENDING_AG03,FALSE,NOT_FOR_ENFORCEMENT,-59.2118,3495.5343,-61.6790,-59.2118,-2.4672,-0.01566664,-0.01503997,-2.4672,-59.2118,-0.01503997,-2.4672,-2.4672,-3.0839,-3.0839,-3.0839,-59.2118,-0.01503997,-14.1862,-12.9429,-47.4928,-48.7361,-0.01206331,-0.0123791,-0.00062667,9.4186,8.7110,-0.1476,-3.2463,-0.4502,207.2086,22.0000,3.5960,9.6203,5.2352,7.5576,12.6392,15.627,20.78,34.6465,6.8057,0.0,2.749529,4.584305,1.246232,28,74,21,2,0.01278769,-0.01566664,0.55128205,0E-8,0.000000,0.924871,0.000000,-0.57429257,2026-03-26,2026-07-19,19,137,114,116,0.163793,0.373796,0.381804,0.042626,,,,,,,,GLOBAL_BASELINE_NO_ENTITY_RANKING,,,NOT_APPLICABLE_GLOBAL_BASELINE,HF9g-P5,,,,X 全窗基线 · 不参与实体赏罚,3926029,393,A168_HF9F_20260827_0900,2026-08-27 09:00:00
2026-03-26,140084677,595,0,51.8735023830,-0.5266345420,-0.5266345420,0.6666667,3,3,0.50665070000000000,0.506650700000,0.5543606114942035,0.5543606114942035,0.5543606114942035,0E-17,ELIGIBLE,R03b_20260811_FULL_v1,L1_ELIGIBILITY,v2026-08-11,2026-03-21..2026-08-06,baccarat_bet02_101_all_pairs_incl_sentinel,round_win = game_pnl > 0 (decisive only),COMPATIBILITY_ONLY_NOT_PRODUCTION,3936.9634,3641.1815,-61.6790,418,418,0.01566664,-0.55128205,0.02301052,0.01566664,61.6790,3936.9634,OK,0.0000,-2.4672,4.0000,96.0000,AG03-UNRESOLVED,ALL5_LEVELS_bet23_to_bet27,-2.4672,-2.4672,-3.0839,-3.0839,-3.0839,4.000000,4.000000,5.000000,5.000000,5.000000,96.000000,96.000000,95.000000,95.000000,95.000000,5.0,-14.1862,-12.9429,-47.4928,-48.7361,PENDING_AG03,FALSE,NOT_FOR_ENFORCEMENT,-59.2118,3495.5343,-61.6790,-59.2118,-2.4672,-0.01566664,-0.01503997,-2.4672,-59.2118,-0.01503997,-2.4672,-2.4672,-3.0839,-3.0839,-3.0839,-59.2118,-0.01503997,-14.1862,-12.9429,-47.4928,-48.7361,-0.01206331,-0.0123791,-0.00062667,9.4186,8.7110,-0.1476,-3.2463,-0.4502,207.2086,22.0000,3.5960,9.6203,5.2352,7.5576,12.6392,15.627,20.78,34.6465,6.8057,0.0,2.749529,4.584305,1.246232,28,74,21,2,0.01278769,-0.01566664,0.55128205,0E-8,0.000000,0.924871,0.000000,-0.57429257,2026-03-26,2026-07-19,19,137,114,116,0.163793,0.373796,0.381804,0.042626,,,,,,,,GLOBAL_BASELINE_NO_ENTITY_RANKING,,,NOT_APPLICABLE_GLOBAL_BASELINE,HF9g-P5,,,,X 全窗基线 · 不参与实体赏罚,3926030,393,A168_HF9F_20260827_0900,2026-08-27 09:00:00
2026-04-01,140084677,1221,0,47.6402376778,-36.9080962229,-36.9080962229,0E-7,3,3,0.50218230000000000,0.502182300000,-1.4203995680682369,-1.4203995680682369,-1.4203995680682369,0E-17,ELIGIBLE,R03b_20260811_FULL_v1,L1_ELIGIBILITY,v2026-08-11,2026-03-21..2026-08-06,baccarat_bet02_101_all_pairs_incl_sentinel,round_win = game_pnl > 0 (decisive only),COMPATIBILITY_ONLY_NOT_PRODUCTION,3936.9634,3641.1815,-61.6790,418,418,0.01566664,-0.55128205,0.02301052,0.01566664,61.6790,3936.9634,OK,0.0000,-2.4672,4.0000,96.0000,AG03-UNRESOLVED,ALL5_LEVELS_bet23_to_bet27,-2.4672,-2.4672,-3.0839,-3.0839,-3.0839,4.000000,4.000000,5.000000,5.000000,5.000000,96.000000,96.000000,95.000000,95.000000,95.000000,5.0,-14.1862,-12.9429,-47.4928,-48.7361,PENDING_AG03,FALSE,NOT_FOR_ENFORCEMENT,-59.2118,3495.5343,-61.6790,-59.2118,-2.4672,-0.01566664,-0.01503997,-2.4672,-59.2118,-0.01503997,-2.4672,-2.4672,-3.0839,-3.0839,-3.0839,-59.2118,-0.01503997,-14.1862,-12.9429,-47.4928,-48.7361,-0.01206331,-0.0123791,-0.00062667,9.4186,8.7110,-0.1476,-3.2463,-0.4502,207.2086,22.0000,3.5960,9.6203,5.2352,7.5576,12.6392,15.627,20.78,34.6465,6.8057,0.0,2.749529,4.584305,1.246232,28,74,21,2,0.01278769,-0.01566664,0.55128205,0E-8,0.000000,0.924871,0.000000,-0.57429257,2026-03-26,2026-07-19,19,137,114,116,0.163793,0.373796,0.381804,0.042626,,,,,,,,GLOBAL_BASELINE_NO_ENTITY_RANKING,,,NOT_APPLICABLE_GLOBAL_BASELINE,HF9g-P5,,,,X 全窗基线 · 不参与实体赏罚,3926031,393,A168_HF9F_20260827_0900,2026-08-27 09:00:00
2026-04-01,140084677,2072,0,34.2905007460,32.5759757087,32.5759757087,1.0000000,4,4,0.50665070000000000,0.506650700000,1.9735717970305138,1.9735717970305138,1.9735717970305138,0E-17,ELIGIBLE,R03b_20260811_FULL_v1,L1_ELIGIBILITY,v2026-08-11,2026-03-21..2026-08-06,baccarat_bet02_101_all_pairs_incl_sentinel,round_win = game_pnl > 0 (decisive only),COMPATIBILITY_ONLY_NOT_PRODUCTION,3936.9634,3641.1815,-61.6790,418,418,0.01566664,-0.55128205,0.02301052,0.01566664,61.6790,3936.9634,OK,0.0000,-2.4672,4.0000,96.0000,AG03-UNRESOLVED,ALL5_LEVELS_bet23_to_bet27,-2.4672,-2.4672,-3.0839,-3.0839,-3.0839,4.000000,4.000000,5.000000,5.000000,5.000000,96.000000,96.000000,95.000000,95.000000,95.000000,5.0,-14.1862,-12.9429,-47.4928,-48.7361,PENDING_AG03,FALSE,NOT_FOR_ENFORCEMENT,-59.2118,3495.5343,-61.6790,-59.2118,-2.4672,-0.01566664,-0.01503997,-2.4672,-59.2118,-0.01503997,-2.4672,-2.4672,-3.0839,-3.0839,-3.0839,-59.2118,-0.01503997,-14.1862,-12.9429,-47.4928,-48.7361,-0.01206331,-0.0123791,-0.00062667,9.4186,8.7110,-0.1476,-3.2463,-0.4502,207.2086,22.0000,3.5960,9.6203,5.2352,7.5576,12.6392,15.627,20.78,34.6465,6.8057,0.0,2.749529,4.584305,1.246232,28,74,21,2,0.01278769,-0.01566664,0.55128205,0E-8,0.000000,0.924871,0.000000,-0.57429257,2026-03-26,2026-07-19,19,137,114,116,0.163793,0.373796,0.381804,0.042626,,,,,,,,GLOBAL_BASELINE_NO_ENTITY_RANKING,,,NOT_APPLICABLE_GLOBAL_BASELINE,HF9g-P5,,,,X 全窗基线 · 不参与实体赏罚,3926032,393,A168_HF9F_20260827_0900,2026-08-27 09:00:00
2026-04-02,140084677,1623,0,8.6380650734,-3.0233227756,-3.0233227756,0.5000000,2,2,0.50665070000000000,0.506650700000,-0.018812684590367487,-0.018812684590367487,-0.018812684590367487,0E-17,ELIGIBLE,R03b_20260811_FULL_v1,L1_ELIGIBILITY,v2026-08-11,2026-03-21..2026-08-06,baccarat_bet02_101_all_pairs_incl_sentinel,round_win = game_pnl > 0 (decisive only),COMPATIBILITY_ONLY_NOT_PRODUCTION,3936.9634,3641.1815,-61.6790,418,418,0.01566664,-0.55128205,0.02301052,0.01566664,61.6790,3936.9634,OK,0.0000,-2.4672,4.0000,96.0000,AG03-UNRESOLVED,ALL5_LEVELS_bet23_to_bet27,-2.4672,-2.4672,-3.0839,-3.0839,-3.0839,4.000000,4.000000,5.000000,5.000000,5.000000,96.000000,96.000000,95.000000,95.000000,95.000000,5.0,-14.1862,-12.9429,-47.4928,-48.7361,PENDING_AG03,FALSE,NOT_FOR_ENFORCEMENT,-59.2118,3495.5343,-61.6790,-59.2118,-2.4672,-0.01566664,-0.01503997,-2.4672,-59.2118,-0.01503997,-2.4672,-2.4672,-3.0839,-3.0839,-3.0839,-59.2118,-0.01503997,-14.1862,-12.9429,-47.4928,-48.7361,-0.01206331,-0.0123791,-0.00062667,9.4186,8.7110,-0.1476,-3.2463,-0.4502,207.2086,22.0000,3.5960,9.6203,5.2352,7.5576,12.6392,15.627,20.78,34.6465,6.8057,0.0,2.749529,4.584305,1.246232,28,74,21,2,0.01278769,-0.01566664,0.55128205,0E-8,0.000000,0.924871,0.000000,-0.57429257,2026-03-26,2026-07-19,19,137,114,116,0.163793,0.373796,0.381804,0.042626,,,,,,,,GLOBAL_BASELINE_NO_ENTITY_RANKING,,,NOT_APPLICABLE_GLOBAL_BASELINE,HF9g-P5,,,,X 全窗基线 · 不参与实体赏罚,3926033,393,A168_HF9F_20260827_0900,2026-08-27 09:00:00
2026-04-09,140084677,-1,1,92.9246394263,53.5690914327,53.5690914327,0.7142857,7,7,0.50665070000000000,0.506650700000,1.098798430526454,1.098798430526454,1.098798430526454,0E-17,SENTINEL_DEALER,R03b_20260811_FULL_v1,L1_ELIGIBILITY,v2026-08-11,2026-03-21..2026-08-06,baccarat_bet02_101_all_pairs_incl_sentinel,round_win = game_pnl > 0 (decisive only),COMPATIBILITY_ONLY_NOT_PRODUCTION,3936.9634,3641.1815,-61.6790,418,418,0.01566664,-0.55128205,0.02301052,0.01566664,61.6790,3936.9634,OK,0.0000,-2.4672,4.0000,96.0000,AG03-UNRESOLVED,ALL5_LEVELS_bet23_to_bet27,-2.4672,-2.4672,-3.0839,-3.0839,-3.0839,4.000000,4.000000,5.000000,5.000000,5.000000,96.000000,96.000000,95.000000,95.000000,95.000000,5.0,-14.1862,-12.9429,-47.4928,-48.7361,PENDING_AG03,FALSE,NOT_FOR_ENFORCEMENT,-59.2118,3495.5343,-61.6790,-59.2118,-2.4672,-0.01566664,-0.01503997,-2.4672,-59.2118,-0.01503997,-2.4672,-2.4672,-3.0839,-3.0839,-3.0839,-59.2118,-0.01503997,-14.1862,-12.9429,-47.4928,-48.7361,-0.01206331,-0.0123791,-0.00062667,9.4186,8.7110,-0.1476,-3.2463,-0.4502,207.2086,22.0000,3.5960,9.6203,5.2352,7.5576,12.6392,15.627,20.78,34.6465,6.8057,0.0,2.749529,4.584305,1.246232,28,74,21,2,0.01278769,-0.01566664,0.55128205,0E-8,0.000000,0.924871,0.000000,-0.57429257,2026-03-26,2026-07-19,19,137,114,116,0.163793,0.373796,0.381804,0.042626,,,,,,,,GLOBAL_BASELINE_NO_ENTITY_RANKING,,,NOT_APPLICABLE_GLOBAL_BASELINE,HF9g-P5,,,,X 全窗基线 · 不参与实体赏罚,3926034,393,A168_HF9F_20260827_0900,2026-08-27 09:00:00
2026-04-09,140084677,1004,0,5.2351909536,-5.2351909536,-5.2351909536,0E-7,1,1,0.50665070000000000,0.506650700000,-1.013391052207602,-1.013391052207602,-1.013391052207602,0E-17,ELIGIBLE,R03b_20260811_FULL_v1,L1_ELIGIBILITY,v2026-08-11,2026-03-21..2026-08-06,baccarat_bet02_101_all_pairs_incl_sentinel,round_win = game_pnl > 0 (decisive only),COMPATIBILITY_ONLY_NOT_PRODUCTION,3936.9634,3641.1815,-61.6790,418,418,0.01566664,-0.55128205,0.02301052,0.01566664,61.6790,3936.9634,OK,0.0000,-2.4672,4.0000,96.0000,AG03-UNRESOLVED,ALL5_LEVELS_bet23_to_bet27,-2.4672,-2.4672,-3.0839,-3.0839,-3.0839,4.000000,4.000000,5.000000,5.000000,5.000000,96.000000,96.000000,95.000000,95.000000,95.000000,5.0,-14.1862,-12.9429,-47.4928,-48.7361,PENDING_AG03,FALSE,NOT_FOR_ENFORCEMENT,-59.2118,3495.5343,-61.6790,-59.2118,-2.4672,-0.01566664,-0.01503997,-2.4672,-59.2118,-0.01503997,-2.4672,-2.4672,-3.0839,-3.0839,-3.0839,-59.2118,-0.01503997,-14.1862,-12.9429,-47.4928,-48.7361,-0.01206331,-0.0123791,-0.00062667,9.4186,8.7110,-0.1476,-3.2463,-0.4502,207.2086,22.0000,3.5960,9.6203,5.2352,7.5576,12.6392,15.627,20.78,34.6465,6.8057,0.0,2.749529,4.584305,1.246232,28,74,21,2,0.01278769,-0.01566664,0.55128205,0E-8,0.000000,0.924871,0.000000,-0.57429257,2026-03-26,2026-07-19,19,137,114,116,0.163793,0.373796,0.381804,0.042626,,,,,,,,GLOBAL_BASELINE_NO_ENTITY_RANKING,,,NOT_APPLICABLE_GLOBAL_BASELINE,HF9g-P5,,,,X 全窗基线 · 不参与实体赏罚,3926035,393,A168_HF9F_20260827_0900,2026-08-27 09:00:00
2026-04-09,140084677,1330,0,13.0879773840,-13.0879773840,-13.0879773840,0E-7,1,1,0.50665070000000000,0.506650700000,-1.013391052207602,-1.013391052207602,-1.013391052207602,0E-17,ELIGIBLE,R03b_20260811_FULL_v1,L1_ELIGIBILITY,v2026-08-11,2026-03-21..2026-08-06,baccarat_bet02_101_all_pairs_incl_sentinel,round_win = game_pnl > 0 (decisive only),COMPATIBILITY_ONLY_NOT_PRODUCTION,3936.9634,3641.1815,-61.6790,418,418,0.01566664,-0.55128205,0.02301052,0.01566664,61.6790,3936.9634,OK,0.0000,-2.4672,4.0000,96.0000,AG03-UNRESOLVED,ALL5_LEVELS_bet23_to_bet27,-2.4672,-2.4672,-3.0839,-3.0839,-3.0839,4.000000,4.000000,5.000000,5.000000,5.000000,96.000000,96.000000,95.000000,95.000000,95.000000,5.0,-14.1862,-12.9429,-47.4928,-48.7361,PENDING_AG03,FALSE,NOT_FOR_ENFORCEMENT,-59.2118,3495.5343,-61.6790,-59.2118,-2.4672,-0.01566664,-0.01503997,-2.4672,-59.2118,-0.01503997,-2.4672,-2.4672,-3.0839,-3.0839,-3.0839,-59.2118,-0.01503997,-14.1862,-12.9429,-47.4928,-48.7361,-0.01206331,-0.0123791,-0.00062667,9.4186,8.7110,-0.1476,-3.2463,-0.4502,207.2086,22.0000,3.5960,9.6203,5.2352,7.5576,12.6392,15.627,20.78,34.6465,6.8057,0.0,2.749529,4.584305,1.246232,28,74,21,2,0.01278769,-0.01566664,0.55128205,0E-8,0.000000,0.924871,0.000000,-0.57429257,2026-03-26,2026-07-19,19,137,114,116,0.163793,0.373796,0.381804,0.042626,,,,,,,,GLOBAL_BASELINE_NO_ENTITY_RANKING,,,NOT_APPLICABLE_GLOBAL_BASELINE,HF9g-P5,,,,X 全窗基线 · 不参与实体赏罚,3926036,393,A168_HF9F_20260827_0900,2026-08-27 09:00:00
2026-04-09,140084677,1374,0,60.2046959664,33.2041986233,33.2041986233,0.8571429,7,7,0.50665070000000000,0.506650700000,1.8547942576316225,1.8547942576316225,1.8547942576316225,0E-17,ELIGIBLE,R03b_20260811_FULL_v1,L1_ELIGIBILITY,v2026-08-11,2026-03-21..2026-08-06,baccarat_bet02_101_all_pairs_incl_sentinel,round_win = game_pnl > 0 (decisive only),COMPATIBILITY_ONLY_NOT_PRODUCTION,3936.9634,3641.1815,-61.6790,418,418,0.01566664,-0.55128205,0.02301052,0.01566664,61.6790,3936.9634,OK,0.0000,-2.4672,4.0000,96.0000,AG03-UNRESOLVED,ALL5_LEVELS_bet23_to_bet27,-2.4672,-2.4672,-3.0839,-3.0839,-3.0839,4.000000,4.000000,5.000000,5.000000,5.000000,96.000000,96.000000,95.000000,95.000000,95.000000,5.0,-14.1862,-12.9429,-47.4928,-48.7361,PENDING_AG03,FALSE,NOT_FOR_ENFORCEMENT,-59.2118,3495.5343,-61.6790,-59.2118,-2.4672,-0.01566664,-0.01503997,-2.4672,-59.2118,-0.01503997,-2.4672,-2.4672,-3.0839,-3.0839,-3.0839,-59.2118,-0.01503997,-14.1862,-12.9429,-47.4928,-48.7361,-0.01206331,-0.0123791,-0.00062667,9.4186,8.7110,-0.1476,-3.2463,-0.4502,207.2086,22.0000,3.5960,9.6203,5.2352,7.5576,12.6392,15.627,20.78,34.6465,6.8057,0.0,2.749529,4.584305,1.246232,28,74,21,2,0.01278769,-0.01566664,0.55128205,0E-8,0.000000,0.924871,0.000000,-0.57429257,2026-03-26,2026-07-19,19,137,114,116,0.163793,0.373796,0.381804,0.042626,,,,,,,,GLOBAL_BASELINE_NO_ENTITY_RANKING,,,NOT_APPLICABLE_GLOBAL_BASELINE,HF9g-P5,,,,X 全窗基线 · 不参与实体赏罚,3926037,393,A168_HF9F_20260827_0900,2026-08-27 09:00:00
2026-04-09,140084677,1402,0,35.5992984845,33.8193335601,33.8193335601,1.0000000,2,2,0.50665070000000000,0.506650700000,1.3955260008387969,1.3955260008387969,1.3955260008387969,0E-17,ELIGIBLE,R03b_20260811_FULL_v1,L1_ELIGIBILITY,v2026-08-11,2026-03-21..2026-08-06,baccarat_bet02_101_all_pairs_incl_sentinel,round_win = game_pnl > 0 (decisive only),COMPATIBILITY_ONLY_NOT_PRODUCTION,3936.9634,3641.1815,-61.6790,418,418,0.01566664,-0.55128205,0.02301052,0.01566664,61.6790,3936.9634,OK,0.0000,-2.4672,4.0000,96.0000,AG03-UNRESOLVED,ALL5_LEVELS_bet23_to_bet27,-2.4672,-2.4672,-3.0839,-3.0839,-3.0839,4.000000,4.000000,5.000000,5.000000,5.000000,96.000000,96.000000,95.000000,95.000000,95.000000,5.0,-14.1862,-12.9429,-47.4928,-48.7361,PENDING_AG03,FALSE,NOT_FOR_ENFORCEMENT,-59.2118,3495.5343,-61.6790,-59.2118,-2.4672,-0.01566664,-0.01503997,-2.4672,-59.2118,-0.01503997,-2.4672,-2.4672,-3.0839,-3.0839,-3.0839,-59.2118,-0.01503997,-14.1862,-12.9429,-47.4928,-48.7361,-0.01206331,-0.0123791,-0.00062667,9.4186,8.7110,-0.1476,-3.2463,-0.4502,207.2086,22.0000,3.5960,9.6203,5.2352,7.5576,12.6392,15.627,20.78,34.6465,6.8057,0.0,2.749529,4.584305,1.246232,28,74,21,2,0.01278769,-0.01566664,0.55128205,0E-8,0.000000,0.924871,0.000000,-0.57429257,2026-03-26,2026-07-19,19,137,114,116,0.163793,0.373796,0.381804,0.042626,,,,,,,,GLOBAL_BASELINE_NO_ENTITY_RANKING,,,NOT_APPLICABLE_GLOBAL_BASELINE,HF9g-P5,,,,X 全窗基线 · 不参与实体赏罚,3926038,393,A168_HF9F_20260827_0900,2026-08-27 09:00:00
2026-04-09,140084677,1710,0,48.9490354161,-1.4789414444,-1.4789414444,0.5000000,4,4,0.50665070000000000,0.506650700000,-0.02660515369234503,-0.02660515369234503,-0.02660515369234503,0E-17,ELIGIBLE,R03b_20260811_FULL_v1,L1_ELIGIBILITY,v2026-08-11,2026-03-21..2026-08-06,baccarat_bet02_101_all_pairs_incl_sentinel,round_win = game_pnl > 0 (decisive only),COMPATIBILITY_ONLY_NOT_PRODUCTION,3936.9634,3641.1815,-61.6790,418,418,0.01566664,-0.55128205,0.02301052,0.01566664,61.6790,3936.9634,OK,0.0000,-2.4672,4.0000,96.0000,AG03-UNRESOLVED,ALL5_LEVELS_bet23_to_bet27,-2.4672,-2.4672,-3.0839,-3.0839,-3.0839,4.000000,4.000000,5.000000,5.000000,5.000000,96.000000,96.000000,95.000000,95.000000,95.000000,5.0,-14.1862,-12.9429,-47.4928,-48.7361,PENDING_AG03,FALSE,NOT_FOR_ENFORCEMENT,-59.2118,3495.5343,-61.6790,-59.2118,-2.4672,-0.01566664,-0.01503997,-2.4672,-59.2118,-0.01503997,-2.4672,-2.4672,-3.0839,-3.0839,-3.0839,-59.2118,-0.01503997,-14.1862,-12.9429,-47.4928,-48.7361,-0.01206331,-0.0123791,-0.00062667,9.4186,8.7110,-0.1476,-3.2463,-0.4502,207.2086,22.0000,3.5960,9.6203,5.2352,7.5576,12.6392,15.627,20.78,34.6465,6.8057,0.0,2.749529,4.584305,1.246232,28,74,21,2,0.01278769,-0.01566664,0.55128205,0E-8,0.000000,0.924871,0.000000,-0.57429257,2026-03-26,2026-07-19,19,137,114,116,0.163793,0.373796,0.381804,0.042626,,,,,,,,GLOBAL_BASELINE_NO_ENTITY_RANKING,,,NOT_APPLICABLE_GLOBAL_BASELINE,HF9g-P5,,,,X 全窗基线 · 不参与实体赏罚,3926039,393,A168_HF9F_20260827_0900,2026-08-27 09:00:00
2026-04-09,140084677,1935,0,11.7791796456,-11.7791796456,-11.7791796456,0E-7,1,1,0.50665070000000000,0.506650700000,-1.013391052207602,-1.013391052207602,-1.013391052207602,0E-17,ELIGIBLE,R03b_20260811_FULL_v1,L1_ELIGIBILITY,v2026-08-11,2026-03-21..2026-08-06,baccarat_bet02_101_all_pairs_incl_sentinel,round_win = game_pnl > 0 (decisive only),COMPATIBILITY_ONLY_NOT_PRODUCTION,3936.9634,3641.1815,-61.6790,418,418,0.01566664,-0.55128205,0.02301052,0.01566664,61.6790,3936.9634,OK,0.0000,-2.4672,4.0000,96.0000,AG03-UNRESOLVED,ALL5_LEVELS_bet23_to_bet27,-2.4672,-2.4672,-3.0839,-3.0839,-3.0839,4.000000,4.000000,5.000000,5.000000,5.000000,96.000000,96.000000,95.000000,95.000000,95.000000,5.0,-14.1862,-12.9429,-47.4928,-48.7361,PENDING_AG03,FALSE,NOT_FOR_ENFORCEMENT,-59.2118,3495.5343,-61.6790,-59.2118,-2.4672,-0.01566664,-0.01503997,-2.4672,-59.2118,-0.01503997,-2.4672,-2.4672,-3.0839,-3.0839,-3.0839,-59.2118,-0.01503997,-14.1862,-12.9429,-47.4928,-48.7361,-0.01206331,-0.0123791,-0.00062667,9.4186,8.7110,-0.1476,-3.2463,-0.4502,207.2086,22.0000,3.5960,9.6203,5.2352,7.5576,12.6392,15.627,20.78,34.6465,6.8057,0.0,2.749529,4.584305,1.246232,28,74,21,2,0.01278769,-0.01566664,0.55128205,0E-8,0.000000,0.924871,0.000000,-0.57429257,2026-03-26,2026-07-19,19,137,114,116,0.163793,0.373796,0.381804,0.042626,,,,,,,,GLOBAL_BASELINE_NO_ENTITY_RANKING,,,NOT_APPLICABLE_GLOBAL_BASELINE,HF9g-P5,,,,X 全窗基线 · 不参与实体赏罚,3926040,393,A168_HF9F_20260827_0900,2026-08-27 09:00:00
2026-04-09,140084677,1994,0,13.0879773840,-13.0879773840,-13.0879773840,0E-7,1,1,0.50665070000000000,0.506650700000,-1.013391052207602,-1.013391052207602,-1.013391052207602,0E-17,ELIGIBLE,R03b_20260811_FULL_v1,L1_ELIGIBILITY,v2026-08-11,2026-03-21..2026-08-06,baccarat_bet02_101_all_pairs_incl_sentinel,round_win = game_pnl > 0 (decisive only),COMPATIBILITY_ONLY_NOT_PRODUCTION,3936.9634,3641.1815,-61.6790,418,418,0.01566664,-0.55128205,0.02301052,0.01566664,61.6790,3936.9634,OK,0.0000,-2.4672,4.0000,96.0000,AG03-UNRESOLVED,ALL5_LEVELS_bet23_to_bet27,-2.4672,-2.4672,-3.0839,-3.0839,-3.0839,4.000000,4.000000,5.000000,5.000000,5.000000,96.000000,96.000000,95.000000,95.000000,95.000000,5.0,-14.1862,-12.9429,-47.4928,-48.7361,PENDING_AG03,FALSE,NOT_FOR_ENFORCEMENT,-59.2118,3495.5343,-61.6790,-59.2118,-2.4672,-0.01566664,-0.01503997,-2.4672,-59.2118,-0.01503997,-2.4672,-2.4672,-3.0839,-3.0839,-3.0839,-59.2118,-0.01503997,-14.1862,-12.9429,-47.4928,-48.7361,-0.01206331,-0.0123791,-0.00062667,9.4186,8.7110,-0.1476,-3.2463,-0.4502,207.2086,22.0000,3.5960,9.6203,5.2352,7.5576,12.6392,15.627,20.78,34.6465,6.8057,0.0,2.749529,4.584305,1.246232,28,74,21,2,0.01278769,-0.01566664,0.55128205,0E-8,0.000000,0.924871,0.000000,-0.57429257,2026-03-26,2026-07-19,19,137,114,116,0.163793,0.373796,0.381804,0.042626,,,,,,,,GLOBAL_BASELINE_NO_ENTITY_RANKING,,,NOT_APPLICABLE_GLOBAL_BASELINE,HF9g-P5,,,,X 全窗基线 · 不参与实体赏罚,3926041,393,A168_HF9F_20260827_0900,2026-08-27 09:00:00
2026-04-09,140084677,2101,0,13.0879773840,-13.0879773840,-13.0879773840,0E-7,1,1,0.50665070000000000,0.506650700000,-1.013391052207602,-1.013391052207602,-1.013391052207602,0E-17,ELIGIBLE,R03b_20260811_FULL_v1,L1_ELIGIBILITY,v2026-08-11,2026-03-21..2026-08-06,baccarat_bet02_101_all_pairs_incl_sentinel,round_win = game_pnl > 0 (decisive only),COMPATIBILITY_ONLY_NOT_PRODUCTION,3936.9634,3641.1815,-61.6790,418,418,0.01566664,-0.55128205,0.02301052,0.01566664,61.6790,3936.9634,OK,0.0000,-2.4672,4.0000,96.0000,AG03-UNRESOLVED,ALL5_LEVELS_bet23_to_bet27,-2.4672,-2.4672,-3.0839,-3.0839,-3.0839,4.000000,4.000000,5.000000,5.000000,5.000000,96.000000,96.000000,95.000000,95.000000,95.000000,5.0,-14.1862,-12.9429,-47.4928,-48.7361,PENDING_AG03,FALSE,NOT_FOR_ENFORCEMENT,-59.2118,3495.5343,-61.6790,-59.2118,-2.4672,-0.01566664,-0.01503997,-2.4672,-59.2118,-0.01503997,-2.4672,-2.4672,-3.0839,-3.0839,-3.0839,-59.2118,-0.01503997,-14.1862,-12.9429,-47.4928,-48.7361,-0.01206331,-0.0123791,-0.00062667,9.4186,8.7110,-0.1476,-3.2463,-0.4502,207.2086,22.0000,3.5960,9.6203,5.2352,7.5576,12.6392,15.627,20.78,34.6465,6.8057,0.0,2.749529,4.584305,1.246232,28,74,21,2,0.01278769,-0.01566664,0.55128205,0E-8,0.000000,0.924871,0.000000,-0.57429257,2026-03-26,2026-07-19,19,137,114,116,0.163793,0.373796,0.381804,0.042626,,,,,,,,GLOBAL_BASELINE_NO_ENTITY_RANKING,,,NOT_APPLICABLE_GLOBAL_BASELINE,HF9g-P5,,,,X 全窗基线 · 不参与实体赏罚,3926042,393,A168_HF9F_20260827_0900,2026-08-27 09:00:00
2026-04-09,140084677,2130,0,28.0082716017,-2.4867157029,-2.4867157029,0.5000000,2,2,0.50665070000000000,0.506650700000,-0.018812684590367487,-0.018812684590367487,-0.018812684590367487,0E-17,ELIGIBLE,R03b_20260811_FULL_v1,L1_ELIGIBILITY,v2026-08-11,2026-03-21..2026-08-06,baccarat_bet02_101_all_pairs_incl_sentinel,round_win = game_pnl > 0 (decisive only),COMPATIBILITY_ONLY_NOT_PRODUCTION,3936.9634,3641.1815,-61.6790,418,418,0.01566664,-0.55128205,0.02301052,0.01566664,61.6790,3936.9634,OK,0.0000,-2.4672,4.0000,96.0000,AG03-UNRESOLVED,ALL5_LEVELS_bet23_to_bet27,-2.4672,-2.4672,-3.0839,-3.0839,-3.0839,4.000000,4.000000,5.000000,5.000000,5.000000,96.000000,96.000000,95.000000,95.000000,95.000000,5.0,-14.1862,-12.9429,-47.4928,-48.7361,PENDING_AG03,FALSE,NOT_FOR_ENFORCEMENT,-59.2118,3495.5343,-61.6790,-59.2118,-2.4672,-0.01566664,-0.01503997,-2.4672,-59.2118,-0.01503997,-2.4672,-2.4672,-3.0839,-3.0839,-3.0839,-59.2118,-0.01503997,-14.1862,-12.9429,-47.4928,-48.7361,-0.01206331,-0.0123791,-0.00062667,9.4186,8.7110,-0.1476,-3.2463,-0.4502,207.2086,22.0000,3.5960,9.6203,5.2352,7.5576,12.6392,15.627,20.78,34.6465,6.8057,0.0,2.749529,4.584305,1.246232,28,74,21,2,0.01278769,-0.01566664,0.55128205,0E-8,0.000000,0.924871,0.000000,-0.57429257,2026-03-26,2026-07-19,19,137,114,116,0.163793,0.373796,0.381804,0.042626,,,,,,,,GLOBAL_BASELINE_NO_ENTITY_RANKING,,,NOT_APPLICABLE_GLOBAL_BASELINE,HF9g-P5,,,,X 全窗基线 · 不参与实体赏罚,3926043,393,A168_HF9F_20260827_0900,2026-08-27 09:00:00
2026-04-09,140084677,2160,0,15.1820537654,-15.1820537654,-15.1820537654,0E-7,1,1,0.50665070000000000,0.506650700000,-1.013391052207602,-1.013391052207602,-1.013391052207602,0E-17,ELIGIBLE,R03b_20260811_FULL_v1,L1_ELIGIBILITY,v2026-08-11,2026-03-21..2026-08-06,baccarat_bet02_101_all_pairs_incl_sentinel,round_win = game_pnl > 0 (decisive only),COMPATIBILITY_ONLY_NOT_PRODUCTION,3936.9634,3641.1815,-61.6790,418,418,0.01566664,-0.55128205,0.02301052,0.01566664,61.6790,3936.9634,OK,0.0000,-2.4672,4.0000,96.0000,AG03-UNRESOLVED,ALL5_LEVELS_bet23_to_bet27,-2.4672,-2.4672,-3.0839,-3.0839,-3.0839,4.000000,4.000000,5.000000,5.000000,5.000000,96.000000,96.000000,95.000000,95.000000,95.000000,5.0,-14.1862,-12.9429,-47.4928,-48.7361,PENDING_AG03,FALSE,NOT_FOR_ENFORCEMENT,-59.2118,3495.5343,-61.6790,-59.2118,-2.4672,-0.01566664,-0.01503997,-2.4672,-59.2118,-0.01503997,-2.4672,-2.4672,-3.0839,-3.0839,-3.0839,-59.2118,-0.01503997,-14.1862,-12.9429,-47.4928,-48.7361,-0.01206331,-0.0123791,-0.00062667,9.4186,8.7110,-0.1476,-3.2463,-0.4502,207.2086,22.0000,3.5960,9.6203,5.2352,7.5576,12.6392,15.627,20.78,34.6465,6.8057,0.0,2.749529,4.584305,1.246232,28,74,21,2,0.01278769,-0.01566664,0.55128205,0E-8,0.000000,0.924871,0.000000,-0.57429257,2026-03-26,2026-07-19,19,137,114,116,0.163793,0.373796,0.381804,0.042626,,,,,,,,GLOBAL_BASELINE_NO_ENTITY_RANKING,,,NOT_APPLICABLE_GLOBAL_BASELINE,HF9g-P5,,,,X 全窗基线 · 不参与实体赏罚,3926044,393,A168_HF9F_20260827_0900,2026-08-27 09:00:00
2026-04-09,140084677,2216,0,9.1615841688,-3.0364107531,-3.0364107531,0.5000000,2,2,0.50665070000000000,0.506650700000,-0.018812684590367487,-0.018812684590367487,-0.018812684590367487,0E-17,ELIGIBLE,R03b_20260811_FULL_v1,L1_ELIGIBILITY,v2026-08-11,2026-03-21..2026-08-06,baccarat_bet02_101_all_pairs_incl_sentinel,round_win = game_pnl > 0 (decisive only),COMPATIBILITY_ONLY_NOT_PRODUCTION,3936.9634,3641.1815,-61.6790,418,418,0.01566664,-0.55128205,0.02301052,0.01566664,61.6790,3936.9634,OK,0.0000,-2.4672,4.0000,96.0000,AG03-UNRESOLVED,ALL5_LEVELS_bet23_to_bet27,-2.4672,-2.4672,-3.0839,-3.0839,-3.0839,4.000000,4.000000,5.000000,5.000000,5.000000,96.000000,96.000000,95.000000,95.000000,95.000000,5.0,-14.1862,-12.9429,-47.4928,-48.7361,PENDING_AG03,FALSE,NOT_FOR_ENFORCEMENT,-59.2118,3495.5343,-61.6790,-59.2118,-2.4672,-0.01566664,-0.01503997,-2.4672,-59.2118,-0.01503997,-2.4672,-2.4672,-3.0839,-3.0839,-3.0839,-59.2118,-0.01503997,-14.1862,-12.9429,-47.4928,-48.7361,-0.01206331,-0.0123791,-0.00062667,9.4186,8.7110,-0.1476,-3.2463,-0.4502,207.2086,22.0000,3.5960,9.6203,5.2352,7.5576,12.6392,15.627,20.78,34.6465,6.8057,0.0,2.749529,4.584305,1.246232,28,74,21,2,0.01278769,-0.01566664,0.55128205,0E-8,0.000000,0.924871,0.000000,-0.57429257,2026-03-26,2026-07-19,19,137,114,116,0.163793,0.373796,0.381804,0.042626,,,,,,,,GLOBAL_BASELINE_NO_ENTITY_RANKING,,,NOT_APPLICABLE_GLOBAL_BASELINE,HF9g-P5,,,,X 全窗基线 · 不参与实体赏罚,3926045,393,A168_HF9F_20260827_0900,2026-08-27 09:00:00
2026-04-09,140084677,2235,0,26.1759547680,-26.1759547680,-26.1759547680,0E-7,1,1,0.50665070000000000,0.506650700000,-1.013391052207602,-1.013391052207602,-1.013391052207602,0E-17,ELIGIBLE,R03b_20260811_FULL_v1,L1_ELIGIBILITY,v2026-08-11,2026-03-21..2026-08-06,baccarat_bet02_101_all_pairs_incl_sentinel,round_win = game_pnl > 0 (decisive only),COMPATIBILITY_ONLY_NOT_PRODUCTION,3936.9634,3641.1815,-61.6790,418,418,0.01566664,-0.55128205,0.02301052,0.01566664,61.6790,3936.9634,OK,0.0000,-2.4672,4.0000,96.0000,AG03-UNRESOLVED,ALL5_LEVELS_bet23_to_bet27,-2.4672,-2.4672,-3.0839,-3.0839,-3.0839,4.000000,4.000000,5.000000,5.000000,5.000000,96.000000,96.000000,95.000000,95.000000,95.000000,5.0,-14.1862,-12.9429,-47.4928,-48.7361,PENDING_AG03,FALSE,NOT_FOR_ENFORCEMENT,-59.2118,3495.5343,-61.6790,-59.2118,-2.4672,-0.01566664,-0.01503997,-2.4672,-59.2118,-0.01503997,-2.4672,-2.4672,-3.0839,-3.0839,-3.0839,-59.2118,-0.01503997,-14.1862,-12.9429,-47.4928,-48.7361,-0.01206331,-0.0123791,-0.00062667,9.4186,8.7110,-0.1476,-3.2463,-0.4502,207.2086,22.0000,3.5960,9.6203,5.2352,7.5576,12.6392,15.627,20.78,34.6465,6.8057,0.0,2.749529,4.584305,1.246232,28,74,21,2,0.01278769,-0.01566664,0.55128205,0E-8,0.000000,0.924871,0.000000,-0.57429257,2026-03-26,2026-07-19,19,137,114,116,0.163793,0.373796,0.381804,0.042626,,,,,,,,GLOBAL_BASELINE_NO_ENTITY_RANKING,,,NOT_APPLICABLE_GLOBAL_BASELINE,HF9g-P5,,,,X 全窗基线 · 不参与实体赏罚,3926046,393,A168_HF9F_20260827_0900,2026-08-27 09:00:00
2026-04-09,140084677,2244,0,25.6524356726,-5.2351909536,-5.2351909536,0.5000000,2,2,0.50665070000000000,0.506650700000,-0.018812684590367487,-0.018812684590367487,-0.018812684590367487,0E-17,ELIGIBLE,R03b_20260811_FULL_v1,L1_ELIGIBILITY,v2026-08-11,2026-03-21..2026-08-06,baccarat_bet02_101_all_pairs_incl_sentinel,round_win = game_pnl > 0 (decisive only),COMPATIBILITY_ONLY_NOT_PRODUCTION,3936.9634,3641.1815,-61.6790,418,418,0.01566664,-0.55128205,0.02301052,0.01566664,61.6790,3936.9634,OK,0.0000,-2.4672,4.0000,96.0000,AG03-UNRESOLVED,ALL5_LEVELS_bet23_to_bet27,-2.4672,-2.4672,-3.0839,-3.0839,-3.0839,4.000000,4.000000,5.000000,5.000000,5.000000,96.000000,96.000000,95.000000,95.000000,95.000000,5.0,-14.1862,-12.9429,-47.4928,-48.7361,PENDING_AG03,FALSE,NOT_FOR_ENFORCEMENT,-59.2118,3495.5343,-61.6790,-59.2118,-2.4672,-0.01566664,-0.01503997,-2.4672,-59.2118,-0.01503997,-2.4672,-2.4672,-3.0839,-3.0839,-3.0839,-59.2118,-0.01503997,-14.1862,-12.9429,-47.4928,-48.7361,-0.01206331,-0.0123791,-0.00062667,9.4186,8.7110,-0.1476,-3.2463,-0.4502,207.2086,22.0000,3.5960,9.6203,5.2352,7.5576,12.6392,15.627,20.78,34.6465,6.8057,0.0,2.749529,4.584305,1.246232,28,74,21,2,0.01278769,-0.01566664,0.55128205,0E-8,0.000000,0.924871,0.000000,-0.57429257,2026-03-26,2026-07-19,19,137,114,116,0.163793,0.373796,0.381804,0.042626,,,,,,,,GLOBAL_BASELINE_NO_ENTITY_RANKING,,,NOT_APPLICABLE_GLOBAL_BASELINE,HF9g-P5,,,,X 全窗基线 · 不参与实体赏罚,3926047,393,A168_HF9F_20260827_0900,2026-08-27 09:00:00
2026-04-09,140084677,2246,0,54.4459859173,24.1604062509,24.1604062509,0.6666667,6,6,0.50665070000000000,0.506650700000,0.7839842952205449,0.7839842952205449,0.7839842952205449,0E-17,ELIGIBLE,R03b_20260811_FULL_v1,L1_ELIGIBILITY,v2026-08-11,2026-03-21..2026-08-06,baccarat_bet02_101_all_pairs_incl_sentinel,round_win = game_pnl > 0 (decisive only),COMPATIBILITY_ONLY_NOT_PRODUCTION,3936.9634,3641.1815,-61.6790,418,418,0.01566664,-0.55128205,0.02301052,0.01566664,61.6790,3936.9634,OK,0.0000,-2.4672,4.0000,96.0000,AG03-UNRESOLVED,ALL5_LEVELS_bet23_to_bet27,-2.4672,-2.4672,-3.0839,-3.0839,-3.0839,4.000000,4.000000,5.000000,5.000000,5.000000,96.000000,96.000000,95.000000,95.000000,95.000000,5.0,-14.1862,-12.9429,-47.4928,-48.7361,PENDING_AG03,FALSE,NOT_FOR_ENFORCEMENT,-59.2118,3495.5343,-61.6790,-59.2118,-2.4672,-0.01566664,-0.01503997,-2.4672,-59.2118,-0.01503997,-2.4672,-2.4672,-3.0839,-3.0839,-3.0839,-59.2118,-0.01503997,-14.1862,-12.9429,-47.4928,-48.7361,-0.01206331,-0.0123791,-0.00062667,9.4186,8.7110,-0.1476,-3.2463,-0.4502,207.2086,22.0000,3.5960,9.6203,5.2352,7.5576,12.6392,15.627,20.78,34.6465,6.8057,0.0,2.749529,4.584305,1.246232,28,74,21,2,0.01278769,-0.01566664,0.55128205,0E-8,0.000000,0.924871,0.000000,-0.57429257,2026-03-26,2026-07-19,19,137,114,116,0.163793,0.373796,0.381804,0.042626,,,,,,,,GLOBAL_BASELINE_NO_ENTITY_RANKING,,,NOT_APPLICABLE_GLOBAL_BASELINE,HF9g-P5,,,,X 全窗基线 · 不参与实体赏罚,3926048,393,A168_HF9F_20260827_0900,2026-08-27 09:00:00
2026-04-11,140084677,1304,0,5.2351909536,-5.2351909536,-5.2351909536,0E-7,1,1,0.50665070000000000,0.506650700000,-1.013391052207602,-1.013391052207602,-1.013391052207602,0E-17,ELIGIBLE,R03b_20260811_FULL_v1,L1_ELIGIBILITY,v2026-08-11,2026-03-21..2026-08-06,baccarat_bet02_101_all_pairs_incl_sentinel,round_win = game_pnl > 0 (decisive only),COMPATIBILITY_ONLY_NOT_PRODUCTION,3936.9634,3641.1815,-61.6790,418,418,0.01566664,-0.55128205,0.02301052,0.01566664,61.6790,3936.9634,OK,0.0000,-2.4672,4.0000,96.0000,AG03-UNRESOLVED,ALL5_LEVELS_bet23_to_bet27,-2.4672,-2.4672,-3.0839,-3.0839,-3.0839,4.000000,4.000000,5.000000,5.000000,5.000000,96.000000,96.000000,95.000000,95.000000,95.000000,5.0,-14.1862,-12.9429,-47.4928,-48.7361,PENDING_AG03,FALSE,NOT_FOR_ENFORCEMENT,-59.2118,3495.5343,-61.6790,-59.2118,-2.4672,-0.01566664,-0.01503997,-2.4672,-59.2118,-0.01503997,-2.4672,-2.4672,-3.0839,-3.0839,-3.0839,-59.2118,-0.01503997,-14.1862,-12.9429,-47.4928,-48.7361,-0.01206331,-0.0123791,-0.00062667,9.4186,8.7110,-0.1476,-3.2463,-0.4502,207.2086,22.0000,3.5960,9.6203,5.2352,7.5576,12.6392,15.627,20.78,34.6465,6.8057,0.0,2.749529,4.584305,1.246232,28,74,21,2,0.01278769,-0.01566664,0.55128205,0E-8,0.000000,0.924871,0.000000,-0.57429257,2026-03-26,2026-07-19,19,137,114,116,0.163793,0.373796,0.381804,0.042626,,,,,,,,GLOBAL_BASELINE_NO_ENTITY_RANKING,,,NOT_APPLICABLE_GLOBAL_BASELINE,HF9g-P5,,,,X 全窗基线 · 不参与实体赏罚,3926049,393,A168_HF9F_20260827_0900,2026-08-27 09:00:00
2026-04-11,140084677,2123,0,37.1698557706,7.9836662042,7.9836662042,0.5000000,3,3,0.50665070000000000,0.506650700000,-0.018812684590367487,-0.018812684590367487,-0.018812684590367487,0E-17,ELIGIBLE,R03b_20260811_FULL_v1,L1_ELIGIBILITY,v2026-08-11,2026-03-21..2026-08-06,baccarat_bet02_101_all_pairs_incl_sentinel,round_win = game_pnl > 0 (decisive only),COMPATIBILITY_ONLY_NOT_PRODUCTION,3936.9634,3641.1815,-61.6790,418,418,0.01566664,-0.55128205,0.02301052,0.01566664,61.6790,3936.9634,OK,0.0000,-2.4672,4.0000,96.0000,AG03-UNRESOLVED,ALL5_LEVELS_bet23_to_bet27,-2.4672,-2.4672,-3.0839,-3.0839,-3.0839,4.000000,4.000000,5.000000,5.000000,5.000000,96.000000,96.000000,95.000000,95.000000,95.000000,5.0,-14.1862,-12.9429,-47.4928,-48.7361,PENDING_AG03,FALSE,NOT_FOR_ENFORCEMENT,-59.2118,3495.5343,-61.6790,-59.2118,-2.4672,-0.01566664,-0.01503997,-2.4672,-59.2118,-0.01503997,-2.4672,-2.4672,-3.0839,-3.0839,-3.0839,-59.2118,-0.01503997,-14.1862,-12.9429,-47.4928,-48.7361,-0.01206331,-0.0123791,-0.00062667,9.4186,8.7110,-0.1476,-3.2463,-0.4502,207.2086,22.0000,3.5960,9.6203,5.2352,7.5576,12.6392,15.627,20.78,34.6465,6.8057,0.0,2.749529,4.584305,1.246232,28,74,21,2,0.01278769,-0.01566664,0.55128205,0E-8,0.000000,0.924871,0.000000,-0.57429257,2026-03-26,2026-07-19,19,137,114,116,0.163793,0.373796,0.381804,0.042626,,,,,,,,GLOBAL_BASELINE_NO_ENTITY_RANKING,,,NOT_APPLICABLE_GLOBAL_BASELINE,HF9g-P5,,,,X 全窗基线 · 不参与实体赏罚,3926050,393,A168_HF9F_20260827_0900,2026-08-27 09:00:00
2026-04-11,140084677,2145,0,43.9756040103,33.0994948040,33.0994948040,0.7500000,4,4,0.50665070000000000,0.506650700000,0.9734833216690844,0.9734833216690844,0.9734833216690844,0E-17,ELIGIBLE,R03b_20260811_FULL_v1,L1_ELIGIBILITY,v2026-08-11,2026-03-21..2026-08-06,baccarat_bet02_101_all_pairs_incl_sentinel,round_win = game_pnl > 0 (decisive only),COMPATIBILITY_ONLY_NOT_PRODUCTION,3936.9634,3641.1815,-61.6790,418,418,0.01566664,-0.55128205,0.02301052,0.01566664,61.6790,3936.9634,OK,0.0000,-2.4672,4.0000,96.0000,AG03-UNRESOLVED,ALL5_LEVELS_bet23_to_bet27,-2.4672,-2.4672,-3.0839,-3.0839,-3.0839,4.000000,4.000000,5.000000,5.000000,5.000000,96.000000,96.000000,95.000000,95.000000,95.000000,5.0,-14.1862,-12.9429,-47.4928,-48.7361,PENDING_AG03,FALSE,NOT_FOR_ENFORCEMENT,-59.2118,3495.5343,-61.6790,-59.2118,-2.4672,-0.01566664,-0.01503997,-2.4672,-59.2118,-0.01503997,-2.4672,-2.4672,-3.0839,-3.0839,-3.0839,-59.2118,-0.01503997,-14.1862,-12.9429,-47.4928,-48.7361,-0.01206331,-0.0123791,-0.00062667,9.4186,8.7110,-0.1476,-3.2463,-0.4502,207.2086,22.0000,3.5960,9.6203,5.2352,7.5576,12.6392,15.627,20.78,34.6465,6.8057,0.0,2.749529,4.584305,1.246232,28,74,21,2,0.01278769,-0.01566664,0.55128205,0E-8,0.000000,0.924871,0.000000,-0.57429257,2026-03-26,2026-07-19,19,137,114,116,0.163793,0.373796,0.381804,0.042626,,,,,,,,GLOBAL_BASELINE_NO_ENTITY_RANKING,,,NOT_APPLICABLE_GLOBAL_BASELINE,HF9g-P5,,,,X 全窗基线 · 不参与实体赏罚,3926051,393,A168_HF9F_20260827_0900,2026-08-27 09:00:00
2026-04-11,140084677,2209,0,4.4499123106,-4.4499123106,-4.4499123106,0E-7,1,1,0.50665070000000000,0.506650700000,-1.013391052207602,-1.013391052207602,-1.013391052207602,0E-17,ELIGIBLE,R03b_20260811_FULL_v1,L1_ELIGIBILITY,v2026-08-11,2026-03-21..2026-08-06,baccarat_bet02_101_all_pairs_incl_sentinel,round_win = game_pnl > 0 (decisive only),COMPATIBILITY_ONLY_NOT_PRODUCTION,3936.9634,3641.1815,-61.6790,418,418,0.01566664,-0.55128205,0.02301052,0.01566664,61.6790,3936.9634,OK,0.0000,-2.4672,4.0000,96.0000,AG03-UNRESOLVED,ALL5_LEVELS_bet23_to_bet27,-2.4672,-2.4672,-3.0839,-3.0839,-3.0839,4.000000,4.000000,5.000000,5.000000,5.000000,96.000000,96.000000,95.000000,95.000000,95.000000,5.0,-14.1862,-12.9429,-47.4928,-48.7361,PENDING_AG03,FALSE,NOT_FOR_ENFORCEMENT,-59.2118,3495.5343,-61.6790,-59.2118,-2.4672,-0.01566664,-0.01503997,-2.4672,-59.2118,-0.01503997,-2.4672,-2.4672,-3.0839,-3.0839,-3.0839,-59.2118,-0.01503997,-14.1862,-12.9429,-47.4928,-48.7361,-0.01206331,-0.0123791,-0.00062667,9.4186,8.7110,-0.1476,-3.2463,-0.4502,207.2086,22.0000,3.5960,9.6203,5.2352,7.5576,12.6392,15.627,20.78,34.6465,6.8057,0.0,2.749529,4.584305,1.246232,28,74,21,2,0.01278769,-0.01566664,0.55128205,0E-8,0.000000,0.924871,0.000000,-0.57429257,2026-03-26,2026-07-19,19,137,114,116,0.163793,0.373796,0.381804,0.042626,,,,,,,,GLOBAL_BASELINE_NO_ENTITY_RANKING,,,NOT_APPLICABLE_GLOBAL_BASELINE,HF9g-P5,,,,X 全窗基线 · 不参与实体赏罚,3926052,393,A168_HF9F_20260827_0900,2026-08-27 09:00:00
2026-04-12,140084677,-1,1,32.9817030077,-27.7465120541,-27.7465120541,0E-7,3,3,0.50665070000000000,0.506650700000,-1.4331513700195317,-1.4331513700195317,-1.4331513700195317,0E-17,SENTINEL_DEALER,R03b_20260811_FULL_v1,L1_ELIGIBILITY,v2026-08-11,2026-03-21..2026-08-06,baccarat_bet02_101_all_pairs_incl_sentinel,round_win = game_pnl > 0 (decisive only),COMPATIBILITY_ONLY_NOT_PRODUCTION,3936.9634,3641.1815,-61.6790,418,418,0.01566664,-0.55128205,0.02301052,0.01566664,61.6790,3936.9634,OK,0.0000,-2.4672,4.0000,96.0000,AG03-UNRESOLVED,ALL5_LEVELS_bet23_to_bet27,-2.4672,-2.4672,-3.0839,-3.0839,-3.0839,4.000000,4.000000,5.000000,5.000000,5.000000,96.000000,96.000000,95.000000,95.000000,95.000000,5.0,-14.1862,-12.9429,-47.4928,-48.7361,PENDING_AG03,FALSE,NOT_FOR_ENFORCEMENT,-59.2118,3495.5343,-61.6790,-59.2118,-2.4672,-0.01566664,-0.01503997,-2.4672,-59.2118,-0.01503997,-2.4672,-2.4672,-3.0839,-3.0839,-3.0839,-59.2118,-0.01503997,-14.1862,-12.9429,-47.4928,-48.7361,-0.01206331,-0.0123791,-0.00062667,9.4186,8.7110,-0.1476,-3.2463,-0.4502,207.2086,22.0000,3.5960,9.6203,5.2352,7.5576,12.6392,15.627,20.78,34.6465,6.8057,0.0,2.749529,4.584305,1.246232,28,74,21,2,0.01278769,-0.01566664,0.55128205,0E-8,0.000000,0.924871,0.000000,-0.57429257,2026-03-26,2026-07-19,19,137,114,116,0.163793,0.373796,0.381804,0.042626,,,,,,,,GLOBAL_BASELINE_NO_ENTITY_RANKING,,,NOT_APPLICABLE_GLOBAL_BASELINE,HF9g-P5,,,,X 全窗基线 · 不参与实体赏罚,3926053,393,A168_HF9F_20260827_0900,2026-08-27 09:00:00
2026-04-12,140084677,1094,0,35.5992984844,2.4867157030,2.4867157030,0.6666667,5,5,0.50665070000000000,0.506650700000,0.5543606114942035,0.5543606114942035,0.5543606114942035,0E-17,ELIGIBLE,R03b_20260811_FULL_v1,L1_ELIGIBILITY,v2026-08-11,2026-03-21..2026-08-06,baccarat_bet02_101_all_pairs_incl_sentinel,round_win = game_pnl > 0 (decisive only),COMPATIBILITY_ONLY_NOT_PRODUCTION,3936.9634,3641.1815,-61.6790,418,418,0.01566664,-0.55128205,0.02301052,0.01566664,61.6790,3936.9634,OK,0.0000,-2.4672,4.0000,96.0000,AG03-UNRESOLVED,ALL5_LEVELS_bet23_to_bet27,-2.4672,-2.4672,-3.0839,-3.0839,-3.0839,4.000000,4.000000,5.000000,5.000000,5.000000,96.000000,96.000000,95.000000,95.000000,95.000000,5.0,-14.1862,-12.9429,-47.4928,-48.7361,PENDING_AG03,FALSE,NOT_FOR_ENFORCEMENT,-59.2118,3495.5343,-61.6790,-59.2118,-2.4672,-0.01566664,-0.01503997,-2.4672,-59.2118,-0.01503997,-2.4672,-2.4672,-3.0839,-3.0839,-3.0839,-59.2118,-0.01503997,-14.1862,-12.9429,-47.4928,-48.7361,-0.01206331,-0.0123791,-0.00062667,9.4186,8.7110,-0.1476,-3.2463,-0.4502,207.2086,22.0000,3.5960,9.6203,5.2352,7.5576,12.6392,15.627,20.78,34.6465,6.8057,0.0,2.749529,4.584305,1.246232,28,74,21,2,0.01278769,-0.01566664,0.55128205,0E-8,0.000000,0.924871,0.000000,-0.57429257,2026-03-26,2026-07-19,19,137,114,116,0.163793,0.373796,0.381804,0.042626,,,,,,,,GLOBAL_BASELINE_NO_ENTITY_RANKING,,,NOT_APPLICABLE_GLOBAL_BASELINE,HF9g-P5,,,,X 全窗基线 · 不参与实体赏罚,3926054,393,A168_HF9F_20260827_0900,2026-08-27 09:00:00
2026-04-12,140084677,1109,0,73.5544328979,39.2508441746,39.2508441746,0.7142857,7,7,0.50665070000000000,0.506650700000,1.098798430526454,1.098798430526454,1.098798430526454,0E-17,ELIGIBLE,R03b_20260811_FULL_v1,L1_ELIGIBILITY,v2026-08-11,2026-03-21..2026-08-06,baccarat_bet02_101_all_pairs_incl_sentinel,round_win = game_pnl > 0 (decisive only),COMPATIBILITY_ONLY_NOT_PRODUCTION,3936.9634,3641.1815,-61.6790,418,418,0.01566664,-0.55128205,0.02301052,0.01566664,61.6790,3936.9634,OK,0.0000,-2.4672,4.0000,96.0000,AG03-UNRESOLVED,ALL5_LEVELS_bet23_to_bet27,-2.4672,-2.4672,-3.0839,-3.0839,-3.0839,4.000000,4.000000,5.000000,5.000000,5.000000,96.000000,96.000000,95.000000,95.000000,95.000000,5.0,-14.1862,-12.9429,-47.4928,-48.7361,PENDING_AG03,FALSE,NOT_FOR_ENFORCEMENT,-59.2118,3495.5343,-61.6790,-59.2118,-2.4672,-0.01566664,-0.01503997,-2.4672,-59.2118,-0.01503997,-2.4672,-2.4672,-3.0839,-3.0839,-3.0839,-59.2118,-0.01503997,-14.1862,-12.9429,-47.4928,-48.7361,-0.01206331,-0.0123791,-0.00062667,9.4186,8.7110,-0.1476,-3.2463,-0.4502,207.2086,22.0000,3.5960,9.6203,5.2352,7.5576,12.6392,15.627,20.78,34.6465,6.8057,0.0,2.749529,4.584305,1.246232,28,74,21,2,0.01278769,-0.01566664,0.55128205,0E-8,0.000000,0.924871,0.000000,-0.57429257,2026-03-26,2026-07-19,19,137,114,116,0.163793,0.373796,0.381804,0.042626,,,,,,,,GLOBAL_BASELINE_NO_ENTITY_RANKING,,,NOT_APPLICABLE_GLOBAL_BASELINE,HF9g-P5,,,,X 全窗基线 · 不参与实体赏罚,3926055,393,A168_HF9F_20260827_0900,2026-08-27 09:00:00
2026-04-12,140084677,1205,0,5.2351909536,-5.2351909536,-5.2351909536,0E-7,1,1,0.50665070000000000,0.506650700000,-1.013391052207602,-1.013391052207602,-1.013391052207602,0E-17,ELIGIBLE,R03b_20260811_FULL_v1,L1_ELIGIBILITY,v2026-08-11,2026-03-21..2026-08-06,baccarat_bet02_101_all_pairs_incl_sentinel,round_win = game_pnl > 0 (decisive only),COMPATIBILITY_ONLY_NOT_PRODUCTION,3936.9634,3641.1815,-61.6790,418,418,0.01566664,-0.55128205,0.02301052,0.01566664,61.6790,3936.9634,OK,0.0000,-2.4672,4.0000,96.0000,AG03-UNRESOLVED,ALL5_LEVELS_bet23_to_bet27,-2.4672,-2.4672,-3.0839,-3.0839,-3.0839,4.000000,4.000000,5.000000,5.000000,5.000000,96.000000,96.000000,95.000000,95.000000,95.000000,5.0,-14.1862,-12.9429,-47.4928,-48.7361,PENDING_AG03,FALSE,NOT_FOR_ENFORCEMENT,-59.2118,3495.5343,-61.6790,-59.2118,-2.4672,-0.01566664,-0.01503997,-2.4672,-59.2118,-0.01503997,-2.4672,-2.4672,-3.0839,-3.0839,-3.0839,-59.2118,-0.01503997,-14.1862,-12.9429,-47.4928,-48.7361,-0.01206331,-0.0123791,-0.00062667,9.4186,8.7110,-0.1476,-3.2463,-0.4502,207.2086,22.0000,3.5960,9.6203,5.2352,7.5576,12.6392,15.627,20.78,34.6465,6.8057,0.0,2.749529,4.584305,1.246232,28,74,21,2,0.01278769,-0.01566664,0.55128205,0E-8,0.000000,0.924871,0.000000,-0.57429257,2026-03-26,2026-07-19,19,137,114,116,0.163793,0.373796,0.381804,0.042626,,,,,,,,GLOBAL_BASELINE_NO_ENTITY_RANKING,,,NOT_APPLICABLE_GLOBAL_BASELINE,HF9g-P5,,,,X 全窗基线 · 不参与实体赏罚,3926056,393,A168_HF9F_20260827_0900,2026-08-27 09:00:00
2026-04-12,140084677,1221,0,25.3906761249,0.1308797739,0.1308797739,0.5000000,2,2,0.50665070000000000,0.506650700000,-0.018812684590367487,-0.018812684590367487,-0.018812684590367487,0E-17,ELIGIBLE,R03b_20260811_FULL_v1,L1_ELIGIBILITY,v2026-08-11,2026-03-21..2026-08-06,baccarat_bet02_101_all_pairs_incl_sentinel,round_win = game_pnl > 0 (decisive only),COMPATIBILITY_ONLY_NOT_PRODUCTION,3936.9634,3641.1815,-61.6790,418,418,0.01566664,-0.55128205,0.02301052,0.01566664,61.6790,3936.9634,OK,0.0000,-2.4672,4.0000,96.0000,AG03-UNRESOLVED,ALL5_LEVELS_bet23_to_bet27,-2.4672,-2.4672,-3.0839,-3.0839,-3.0839,4.000000,4.000000,5.000000,5.000000,5.000000,96.000000,96.000000,95.000000,95.000000,95.000000,5.0,-14.1862,-12.9429,-47.4928,-48.7361,PENDING_AG03,FALSE,NOT_FOR_ENFORCEMENT,-59.2118,3495.5343,-61.6790,-59.2118,-2.4672,-0.01566664,-0.01503997,-2.4672,-59.2118,-0.01503997,-2.4672,-2.4672,-3.0839,-3.0839,-3.0839,-59.2118,-0.01503997,-14.1862,-12.9429,-47.4928,-48.7361,-0.01206331,-0.0123791,-0.00062667,9.4186,8.7110,-0.1476,-3.2463,-0.4502,207.2086,22.0000,3.5960,9.6203,5.2352,7.5576,12.6392,15.627,20.78,34.6465,6.8057,0.0,2.749529,4.584305,1.246232,28,74,21,2,0.01278769,-0.01566664,0.55128205,0E-8,0.000000,0.924871,0.000000,-0.57429257,2026-03-26,2026-07-19,19,137,114,116,0.163793,0.373796,0.381804,0.042626,,,,,,,,GLOBAL_BASELINE_NO_ENTITY_RANKING,,,NOT_APPLICABLE_GLOBAL_BASELINE,HF9g-P5,,,,X 全窗基线 · 不参与实体赏罚,3926057,393,A168_HF9F_20260827_0900,2026-08-27 09:00:00
2026-04-12,140084677,1331,0,13.0879773840,-13.0879773840,-13.0879773840,0E-7,2,2,0.50665070000000000,0.506650700000,-1.4331513700195317,-1.4331513700195317,-1.4331513700195317,0E-17,ELIGIBLE,R03b_20260811_FULL_v1,L1_ELIGIBILITY,v2026-08-11,2026-03-21..2026-08-06,baccarat_bet02_101_all_pairs_incl_sentinel,round_win = game_pnl > 0 (decisive only),COMPATIBILITY_ONLY_NOT_PRODUCTION,3936.9634,3641.1815,-61.6790,418,418,0.01566664,-0.55128205,0.02301052,0.01566664,61.6790,3936.9634,OK,0.0000,-2.4672,4.0000,96.0000,AG03-UNRESOLVED,ALL5_LEVELS_bet23_to_bet27,-2.4672,-2.4672,-3.0839,-3.0839,-3.0839,4.000000,4.000000,5.000000,5.000000,5.000000,96.000000,96.000000,95.000000,95.000000,95.000000,5.0,-14.1862,-12.9429,-47.4928,-48.7361,PENDING_AG03,FALSE,NOT_FOR_ENFORCEMENT,-59.2118,3495.5343,-61.6790,-59.2118,-2.4672,-0.01566664,-0.01503997,-2.4672,-59.2118,-0.01503997,-2.4672,-2.4672,-3.0839,-3.0839,-3.0839,-59.2118,-0.01503997,-14.1862,-12.9429,-47.4928,-48.7361,-0.01206331,-0.0123791,-0.00062667,9.4186,8.7110,-0.1476,-3.2463,-0.4502,207.2086,22.0000,3.5960,9.6203,5.2352,7.5576,12.6392,15.627,20.78,34.6465,6.8057,0.0,2.749529,4.584305,1.246232,28,74,21,2,0.01278769,-0.01566664,0.55128205,0E-8,0.000000,0.924871,0.000000,-0.57429257,2026-03-26,2026-07-19,19,137,114,116,0.163793,0.373796,0.381804,0.042626,,,,,,,,GLOBAL_BASELINE_NO_ENTITY_RANKING,,,NOT_APPLICABLE_GLOBAL_BASELINE,HF9g-P5,,,,X 全窗基线 · 不参与实体赏罚,3926058,393,A168_HF9F_20260827_0900,2026-08-27 09:00:00
2026-04-12,140084677,1396,0,41.0962489857,-11.4912441432,-11.4912441432,0.5000000,4,4,0.50665070000000000,0.506650700000,-0.02660515369234503,-0.02660515369234503,-0.02660515369234503,0E-17,ELIGIBLE,R03b_20260811_FULL_v1,L1_ELIGIBILITY,v2026-08-11,2026-03-21..2026-08-06,baccarat_bet02_101_all_pairs_incl_sentinel,round_win = game_pnl > 0 (decisive only),COMPATIBILITY_ONLY_NOT_PRODUCTION,3936.9634,3641.1815,-61.6790,418,418,0.01566664,-0.55128205,0.02301052,0.01566664,61.6790,3936.9634,OK,0.0000,-2.4672,4.0000,96.0000,AG03-UNRESOLVED,ALL5_LEVELS_bet23_to_bet27,-2.4672,-2.4672,-3.0839,-3.0839,-3.0839,4.000000,4.000000,5.000000,5.000000,5.000000,96.000000,96.000000,95.000000,95.000000,95.000000,5.0,-14.1862,-12.9429,-47.4928,-48.7361,PENDING_AG03,FALSE,NOT_FOR_ENFORCEMENT,-59.2118,3495.5343,-61.6790,-59.2118,-2.4672,-0.01566664,-0.01503997,-2.4672,-59.2118,-0.01503997,-2.4672,-2.4672,-3.0839,-3.0839,-3.0839,-59.2118,-0.01503997,-14.1862,-12.9429,-47.4928,-48.7361,-0.01206331,-0.0123791,-0.00062667,9.4186,8.7110,-0.1476,-3.2463,-0.4502,207.2086,22.0000,3.5960,9.6203,5.2352,7.5576,12.6392,15.627,20.78,34.6465,6.8057,0.0,2.749529,4.584305,1.246232,28,74,21,2,0.01278769,-0.01566664,0.55128205,0E-8,0.000000,0.924871,0.000000,-0.57429257,2026-03-26,2026-07-19,19,137,114,116,0.163793,0.373796,0.381804,0.042626,,,,,,,,GLOBAL_BASELINE_NO_ENTITY_RANKING,,,NOT_APPLICABLE_GLOBAL_BASELINE,HF9g-P5,,,,X 全窗基线 · 不参与实体赏罚,3926059,393,A168_HF9F_20260827_0900,2026-08-27 09:00:00
2026-04-12,140084677,1485,0,10.4703819072,-0.2617595477,-0.2617595477,0.5000000,2,2,0.50665070000000000,0.506650700000,-0.018812684590367487,-0.018812684590367487,-0.018812684590367487,0E-17,ELIGIBLE,R03b_20260811_FULL_v1,L1_ELIGIBILITY,v2026-08-11,2026-03-21..2026-08-06,baccarat_bet02_101_all_pairs_incl_sentinel,round_win = game_pnl > 0 (decisive only),COMPATIBILITY_ONLY_NOT_PRODUCTION,3936.9634,3641.1815,-61.6790,418,418,0.01566664,-0.55128205,0.02301052,0.01566664,61.6790,3936.9634,OK,0.0000,-2.4672,4.0000,96.0000,AG03-UNRESOLVED,ALL5_LEVELS_bet23_to_bet27,-2.4672,-2.4672,-3.0839,-3.0839,-3.0839,4.000000,4.000000,5.000000,5.000000,5.000000,96.000000,96.000000,95.000000,95.000000,95.000000,5.0,-14.1862,-12.9429,-47.4928,-48.7361,PENDING_AG03,FALSE,NOT_FOR_ENFORCEMENT,-59.2118,3495.5343,-61.6790,-59.2118,-2.4672,-0.01566664,-0.01503997,-2.4672,-59.2118,-0.01503997,-2.4672,-2.4672,-3.0839,-3.0839,-3.0839,-59.2118,-0.01503997,-14.1862,-12.9429,-47.4928,-48.7361,-0.01206331,-0.0123791,-0.00062667,9.4186,8.7110,-0.1476,-3.2463,-0.4502,207.2086,22.0000,3.5960,9.6203,5.2352,7.5576,12.6392,15.627,20.78,34.6465,6.8057,0.0,2.749529,4.584305,1.246232,28,74,21,2,0.01278769,-0.01566664,0.55128205,0E-8,0.000000,0.924871,0.000000,-0.57429257,2026-03-26,2026-07-19,19,137,114,116,0.163793,0.373796,0.381804,0.042626,,,,,,,,GLOBAL_BASELINE_NO_ENTITY_RANKING,,,NOT_APPLICABLE_GLOBAL_BASELINE,HF9g-P5,,,,X 全窗基线 · 不参与实体赏罚,3926060,393,A168_HF9F_20260827_0900,2026-08-27 09:00:00
2026-04-12,140084677,1623,0,15.4438133131,-5.2351909536,-5.2351909536,0.5000000,2,2,0.50665070000000000,0.506650700000,-0.018812684590367487,-0.018812684590367487,-0.018812684590367487,0E-17,ELIGIBLE,R03b_20260811_FULL_v1,L1_ELIGIBILITY,v2026-08-11,2026-03-21..2026-08-06,baccarat_bet02_101_all_pairs_incl_sentinel,round_win = game_pnl > 0 (decisive only),COMPATIBILITY_ONLY_NOT_PRODUCTION,3936.9634,3641.1815,-61.6790,418,418,0.01566664,-0.55128205,0.02301052,0.01566664,61.6790,3936.9634,OK,0.0000,-2.4672,4.0000,96.0000,AG03-UNRESOLVED,ALL5_LEVELS_bet23_to_bet27,-2.4672,-2.4672,-3.0839,-3.0839,-3.0839,4.000000,4.000000,5.000000,5.000000,5.000000,96.000000,96.000000,95.000000,95.000000,95.000000,5.0,-14.1862,-12.9429,-47.4928,-48.7361,PENDING_AG03,FALSE,NOT_FOR_ENFORCEMENT,-59.2118,3495.5343,-61.6790,-59.2118,-2.4672,-0.01566664,-0.01503997,-2.4672,-59.2118,-0.01503997,-2.4672,-2.4672,-3.0839,-3.0839,-3.0839,-59.2118,-0.01503997,-14.1862,-12.9429,-47.4928,-48.7361,-0.01206331,-0.0123791,-0.00062667,9.4186,8.7110,-0.1476,-3.2463,-0.4502,207.2086,22.0000,3.5960,9.6203,5.2352,7.5576,12.6392,15.627,20.78,34.6465,6.8057,0.0,2.749529,4.584305,1.246232,28,74,21,2,0.01278769,-0.01566664,0.55128205,0E-8,0.000000,0.924871,0.000000,-0.57429257,2026-03-26,2026-07-19,19,137,114,116,0.163793,0.373796,0.381804,0.042626,,,,,,,,GLOBAL_BASELINE_NO_ENTITY_RANKING,,,NOT_APPLICABLE_GLOBAL_BASELINE,HF9g-P5,,,,X 全窗基线 · 不参与实体赏罚,3926061,393,A168_HF9F_20260827_0900,2026-08-27 09:00:00
2026-04-12,140084677,1645,0,35.3375389368,-5.2221029763,-5.2221029763,0.5000000,4,4,0.50665070000000000,0.506650700000,-0.02660515369234503,-0.02660515369234503,-0.02660515369234503,0E-17,ELIGIBLE,R03b_20260811_FULL_v1,L1_ELIGIBILITY,v2026-08-11,2026-03-21..2026-08-06,baccarat_bet02_101_all_pairs_incl_sentinel,round_win = game_pnl > 0 (decisive only),COMPATIBILITY_ONLY_NOT_PRODUCTION,3936.9634,3641.1815,-61.6790,418,418,0.01566664,-0.55128205,0.02301052,0.01566664,61.6790,3936.9634,OK,0.0000,-2.4672,4.0000,96.0000,AG03-UNRESOLVED,ALL5_LEVELS_bet23_to_bet27,-2.4672,-2.4672,-3.0839,-3.0839,-3.0839,4.000000,4.000000,5.000000,5.000000,5.000000,96.000000,96.000000,95.000000,95.000000,95.000000,5.0,-14.1862,-12.9429,-47.4928,-48.7361,PENDING_AG03,FALSE,NOT_FOR_ENFORCEMENT,-59.2118,3495.5343,-61.6790,-59.2118,-2.4672,-0.01566664,-0.01503997,-2.4672,-59.2118,-0.01503997,-2.4672,-2.4672,-3.0839,-3.0839,-3.0839,-59.2118,-0.01503997,-14.1862,-12.9429,-47.4928,-48.7361,-0.01206331,-0.0123791,-0.00062667,9.4186,8.7110,-0.1476,-3.2463,-0.4502,207.2086,22.0000,3.5960,9.6203,5.2352,7.5576,12.6392,15.627,20.78,34.6465,6.8057,0.0,2.749529,4.584305,1.246232,28,74,21,2,0.01278769,-0.01566664,0.55128205,0E-8,0.000000,0.924871,0.000000,-0.57429257,2026-03-26,2026-07-19,19,137,114,116,0.163793,0.373796,0.381804,0.042626,,,,,,,,GLOBAL_BASELINE_NO_ENTITY_RANKING,,,NOT_APPLICABLE_GLOBAL_BASELINE,HF9g-P5,,,,X 全窗基线 · 不参与实体赏罚,3926062,393,A168_HF9F_20260827_0900,2026-08-27 09:00:00
2026-04-12,140084677,1985,0,33.7669816506,2.9840588436,2.9840588436,0.5000000,4,4,0.50665070000000000,0.506650700000,-0.02660515369234503,-0.02660515369234503,-0.02660515369234503,0E-17,ELIGIBLE,R03b_20260811_FULL_v1,L1_ELIGIBILITY,v2026-08-11,2026-03-21..2026-08-06,baccarat_bet02_101_all_pairs_incl_sentinel,round_win = game_pnl > 0 (decisive only),COMPATIBILITY_ONLY_NOT_PRODUCTION,3936.9634,3641.1815,-61.6790,418,418,0.01566664,-0.55128205,0.02301052,0.01566664,61.6790,3936.9634,OK,0.0000,-2.4672,4.0000,96.0000,AG03-UNRESOLVED,ALL5_LEVELS_bet23_to_bet27,-2.4672,-2.4672,-3.0839,-3.0839,-3.0839,4.000000,4.000000,5.000000,5.000000,5.000000,96.000000,96.000000,95.000000,95.000000,95.000000,5.0,-14.1862,-12.9429,-47.4928,-48.7361,PENDING_AG03,FALSE,NOT_FOR_ENFORCEMENT,-59.2118,3495.5343,-61.6790,-59.2118,-2.4672,-0.01566664,-0.01503997,-2.4672,-59.2118,-0.01503997,-2.4672,-2.4672,-3.0839,-3.0839,-3.0839,-59.2118,-0.01503997,-14.1862,-12.9429,-47.4928,-48.7361,-0.01206331,-0.0123791,-0.00062667,9.4186,8.7110,-0.1476,-3.2463,-0.4502,207.2086,22.0000,3.5960,9.6203,5.2352,7.5576,12.6392,15.627,20.78,34.6465,6.8057,0.0,2.749529,4.584305,1.246232,28,74,21,2,0.01278769,-0.01566664,0.55128205,0E-8,0.000000,0.924871,0.000000,-0.57429257,2026-03-26,2026-07-19,19,137,114,116,0.163793,0.373796,0.381804,0.042626,,,,,,,,GLOBAL_BASELINE_NO_ENTITY_RANKING,,,NOT_APPLICABLE_GLOBAL_BASELINE,HF9g-P5,,,,X 全窗基线 · 不参与实体赏罚,3926063,393,A168_HF9F_20260827_0900,2026-08-27 09:00:00
2026-04-12,140084677,1990,0,17.7996492422,-17.7996492422,-17.7996492422,0E-7,3,3,0.50665070000000000,0.506650700000,-1.7552447903592512,-1.7552447903592512,-1.7552447903592512,0E-17,ELIGIBLE,R03b_20260811_FULL_v1,L1_ELIGIBILITY,v2026-08-11,2026-03-21..2026-08-06,baccarat_bet02_101_all_pairs_incl_sentinel,round_win = game_pnl > 0 (decisive only),COMPATIBILITY_ONLY_NOT_PRODUCTION,3936.9634,3641.1815,-61.6790,418,418,0.01566664,-0.55128205,0.02301052,0.01566664,61.6790,3936.9634,OK,0.0000,-2.4672,4.0000,96.0000,AG03-UNRESOLVED,ALL5_LEVELS_bet23_to_bet27,-2.4672,-2.4672,-3.0839,-3.0839,-3.0839,4.000000,4.000000,5.000000,5.000000,5.000000,96.000000,96.000000,95.000000,95.000000,95.000000,5.0,-14.1862,-12.9429,-47.4928,-48.7361,PENDING_AG03,FALSE,NOT_FOR_ENFORCEMENT,-59.2118,3495.5343,-61.6790,-59.2118,-2.4672,-0.01566664,-0.01503997,-2.4672,-59.2118,-0.01503997,-2.4672,-2.4672,-3.0839,-3.0839,-3.0839,-59.2118,-0.01503997,-14.1862,-12.9429,-47.4928,-48.7361,-0.01206331,-0.0123791,-0.00062667,9.4186,8.7110,-0.1476,-3.2463,-0.4502,207.2086,22.0000,3.5960,9.6203,5.2352,7.5576,12.6392,15.627,20.78,34.6465,6.8057,0.0,2.749529,4.584305,1.246232,28,74,21,2,0.01278769,-0.01566664,0.55128205,0E-8,0.000000,0.924871,0.000000,-0.57429257,2026-03-26,2026-07-19,19,137,114,116,0.163793,0.373796,0.381804,0.042626,,,,,,,,GLOBAL_BASELINE_NO_ENTITY_RANKING,,,NOT_APPLICABLE_GLOBAL_BASELINE,HF9g-P5,,,,X 全窗基线 · 不参与实体赏罚,3926064,393,A168_HF9F_20260827_0900,2026-08-27 09:00:00
2026-04-12,140084677,1994,0,51.5666308930,20.4041567414,20.4041567414,0.7142857,7,7,0.50665070000000000,0.506650700000,1.098798430526454,1.098798430526454,1.098798430526454,0E-17,ELIGIBLE,R03b_20260811_FULL_v1,L1_ELIGIBILITY,v2026-08-11,2026-03-21..2026-08-06,baccarat_bet02_101_all_pairs_incl_sentinel,round_win = game_pnl > 0 (decisive only),COMPATIBILITY_ONLY_NOT_PRODUCTION,3936.9634,3641.1815,-61.6790,418,418,0.01566664,-0.55128205,0.02301052,0.01566664,61.6790,3936.9634,OK,0.0000,-2.4672,4.0000,96.0000,AG03-UNRESOLVED,ALL5_LEVELS_bet23_to_bet27,-2.4672,-2.4672,-3.0839,-3.0839,-3.0839,4.000000,4.000000,5.000000,5.000000,5.000000,96.000000,96.000000,95.000000,95.000000,95.000000,5.0,-14.1862,-12.9429,-47.4928,-48.7361,PENDING_AG03,FALSE,NOT_FOR_ENFORCEMENT,-59.2118,3495.5343,-61.6790,-59.2118,-2.4672,-0.01566664,-0.01503997,-2.4672,-59.2118,-0.01503997,-2.4672,-2.4672,-3.0839,-3.0839,-3.0839,-59.2118,-0.01503997,-14.1862,-12.9429,-47.4928,-48.7361,-0.01206331,-0.0123791,-0.00062667,9.4186,8.7110,-0.1476,-3.2463,-0.4502,207.2086,22.0000,3.5960,9.6203,5.2352,7.5576,12.6392,15.627,20.78,34.6465,6.8057,0.0,2.749529,4.584305,1.246232,28,74,21,2,0.01278769,-0.01566664,0.55128205,0E-8,0.000000,0.924871,0.000000,-0.57429257,2026-03-26,2026-07-19,19,137,114,116,0.163793,0.373796,0.381804,0.042626,,,,,,,,GLOBAL_BASELINE_NO_ENTITY_RANKING,,,NOT_APPLICABLE_GLOBAL_BASELINE,HF9g-P5,,,,X 全窗基线 · 不参与实体赏罚,3926065,393,A168_HF9F_20260827_0900,2026-08-27 09:00:00
2026-04-12,140084677,2101,0,35.3375389368,-5.2221029763,-5.2221029763,0.5000000,4,4,0.50665070000000000,0.506650700000,-0.02660515369234503,-0.02660515369234503,-0.02660515369234503,0E-17,ELIGIBLE,R03b_20260811_FULL_v1,L1_ELIGIBILITY,v2026-08-11,2026-03-21..2026-08-06,baccarat_bet02_101_all_pairs_incl_sentinel,round_win = game_pnl > 0 (decisive only),COMPATIBILITY_ONLY_NOT_PRODUCTION,3936.9634,3641.1815,-61.6790,418,418,0.01566664,-0.55128205,0.02301052,0.01566664,61.6790,3936.9634,OK,0.0000,-2.4672,4.0000,96.0000,AG03-UNRESOLVED,ALL5_LEVELS_bet23_to_bet27,-2.4672,-2.4672,-3.0839,-3.0839,-3.0839,4.000000,4.000000,5.000000,5.000000,5.000000,96.000000,96.000000,95.000000,95.000000,95.000000,5.0,-14.1862,-12.9429,-47.4928,-48.7361,PENDING_AG03,FALSE,NOT_FOR_ENFORCEMENT,-59.2118,3495.5343,-61.6790,-59.2118,-2.4672,-0.01566664,-0.01503997,-2.4672,-59.2118,-0.01503997,-2.4672,-2.4672,-3.0839,-3.0839,-3.0839,-59.2118,-0.01503997,-14.1862,-12.9429,-47.4928,-48.7361,-0.01206331,-0.0123791,-0.00062667,9.4186,8.7110,-0.1476,-3.2463,-0.4502,207.2086,22.0000,3.5960,9.6203,5.2352,7.5576,12.6392,15.627,20.78,34.6465,6.8057,0.0,2.749529,4.584305,1.246232,28,74,21,2,0.01278769,-0.01566664,0.55128205,0E-8,0.000000,0.924871,0.000000,-0.57429257,2026-03-26,2026-07-19,19,137,114,116,0.163793,0.373796,0.381804,0.042626,,,,,,,,GLOBAL_BASELINE_NO_ENTITY_RANKING,,,NOT_APPLICABLE_GLOBAL_BASELINE,HF9g-P5,,,,X 全窗基线 · 不参与实体赏罚,3926066,393,A168_HF9F_20260827_0900,2026-08-27 09:00:00
2026-04-12,140084677,2106,0,18.3231683376,-13.0879773840,-13.0879773840,0E-7,2,2,0.50665070000000000,0.506650700000,-1.013391052207602,-1.013391052207602,-1.013391052207602,0E-17,ELIGIBLE,R03b_20260811_FULL_v1,L1_ELIGIBILITY,v2026-08-11,2026-03-21..2026-08-06,baccarat_bet02_101_all_pairs_incl_sentinel,round_win = game_pnl > 0 (decisive only),COMPATIBILITY_ONLY_NOT_PRODUCTION,3936.9634,3641.1815,-61.6790,418,418,0.01566664,-0.55128205,0.02301052,0.01566664,61.6790,3936.9634,OK,0.0000,-2.4672,4.0000,96.0000,AG03-UNRESOLVED,ALL5_LEVELS_bet23_to_bet27,-2.4672,-2.4672,-3.0839,-3.0839,-3.0839,4.000000,4.000000,5.000000,5.000000,5.000000,96.000000,96.000000,95.000000,95.000000,95.000000,5.0,-14.1862,-12.9429,-47.4928,-48.7361,PENDING_AG03,FALSE,NOT_FOR_ENFORCEMENT,-59.2118,3495.5343,-61.6790,-59.2118,-2.4672,-0.01566664,-0.01503997,-2.4672,-59.2118,-0.01503997,-2.4672,-2.4672,-3.0839,-3.0839,-3.0839,-59.2118,-0.01503997,-14.1862,-12.9429,-47.4928,-48.7361,-0.01206331,-0.0123791,-0.00062667,9.4186,8.7110,-0.1476,-3.2463,-0.4502,207.2086,22.0000,3.5960,9.6203,5.2352,7.5576,12.6392,15.627,20.78,34.6465,6.8057,0.0,2.749529,4.584305,1.246232,28,74,21,2,0.01278769,-0.01566664,0.55128205,0E-8,0.000000,0.924871,0.000000,-0.57429257,2026-03-26,2026-07-19,19,137,114,116,0.163793,0.373796,0.381804,0.042626,,,,,,,,GLOBAL_BASELINE_NO_ENTITY_RANKING,,,NOT_APPLICABLE_GLOBAL_BASELINE,HF9g-P5,,,,X 全窗基线 · 不参与实体赏罚,3926067,393,A168_HF9F_20260827_0900,2026-08-27 09:00:00
2026-04-12,140084677,2129,0,65.4398869199,37.6671989110,37.6671989110,0.7500000,8,8,0.50665070000000000,0.506650700000,1.3767133162484293,1.3767133162484293,1.3767133162484293,0E-17,ELIGIBLE,R03b_20260811_FULL_v1,L1_ELIGIBILITY,v2026-08-11,2026-03-21..2026-08-06,baccarat_bet02_101_all_pairs_incl_sentinel,round_win = game_pnl > 0 (decisive only),COMPATIBILITY_ONLY_NOT_PRODUCTION,3936.9634,3641.1815,-61.6790,418,418,0.01566664,-0.55128205,0.02301052,0.01566664,61.6790,3936.9634,OK,0.0000,-2.4672,4.0000,96.0000,AG03-UNRESOLVED,ALL5_LEVELS_bet23_to_bet27,-2.4672,-2.4672,-3.0839,-3.0839,-3.0839,4.000000,4.000000,5.000000,5.000000,5.000000,96.000000,96.000000,95.000000,95.000000,95.000000,5.0,-14.1862,-12.9429,-47.4928,-48.7361,PENDING_AG03,FALSE,NOT_FOR_ENFORCEMENT,-59.2118,3495.5343,-61.6790,-59.2118,-2.4672,-0.01566664,-0.01503997,-2.4672,-59.2118,-0.01503997,-2.4672,-2.4672,-3.0839,-3.0839,-3.0839,-59.2118,-0.01503997,-14.1862,-12.9429,-47.4928,-48.7361,-0.01206331,-0.0123791,-0.00062667,9.4186,8.7110,-0.1476,-3.2463,-0.4502,207.2086,22.0000,3.5960,9.6203,5.2352,7.5576,12.6392,15.627,20.78,34.6465,6.8057,0.0,2.749529,4.584305,1.246232,28,74,21,2,0.01278769,-0.01566664,0.55128205,0E-8,0.000000,0.924871,0.000000,-0.57429257,2026-03-26,2026-07-19,19,137,114,116,0.163793,0.373796,0.381804,0.042626,,,,,,,,GLOBAL_BASELINE_NO_ENTITY_RANKING,,,NOT_APPLICABLE_GLOBAL_BASELINE,HF9g-P5,,,,X 全窗基线 · 不参与实体赏罚,3926068,393,A168_HF9F_20260827_0900,2026-08-27 09:00:00
2026-04-12,140084677,2147,0,7.8527864304,-7.8527864304,-7.8527864304,0E-7,2,2,0.50665070000000000,0.506650700000,-1.4331513700195317,-1.4331513700195317,-1.4331513700195317,0E-17,ELIGIBLE,R03b_20260811_FULL_v1,L1_ELIGIBILITY,v2026-08-11,2026-03-21..2026-08-06,baccarat_bet02_101_all_pairs_incl_sentinel,round_win = game_pnl > 0 (decisive only),COMPATIBILITY_ONLY_NOT_PRODUCTION,3936.9634,3641.1815,-61.6790,418,418,0.01566664,-0.55128205,0.02301052,0.01566664,61.6790,3936.9634,OK,0.0000,-2.4672,4.0000,96.0000,AG03-UNRESOLVED,ALL5_LEVELS_bet23_to_bet27,-2.4672,-2.4672,-3.0839,-3.0839,-3.0839,4.000000,4.000000,5.000000,5.000000,5.000000,96.000000,96.000000,95.000000,95.000000,95.000000,5.0,-14.1862,-12.9429,-47.4928,-48.7361,PENDING_AG03,FALSE,NOT_FOR_ENFORCEMENT,-59.2118,3495.5343,-61.6790,-59.2118,-2.4672,-0.01566664,-0.01503997,-2.4672,-59.2118,-0.01503997,-2.4672,-2.4672,-3.0839,-3.0839,-3.0839,-59.2118,-0.01503997,-14.1862,-12.9429,-47.4928,-48.7361,-0.01206331,-0.0123791,-0.00062667,9.4186,8.7110,-0.1476,-3.2463,-0.4502,207.2086,22.0000,3.5960,9.6203,5.2352,7.5576,12.6392,15.627,20.78,34.6465,6.8057,0.0,2.749529,4.584305,1.246232,28,74,21,2,0.01278769,-0.01566664,0.55128205,0E-8,0.000000,0.924871,0.000000,-0.57429257,2026-03-26,2026-07-19,19,137,114,116,0.163793,0.373796,0.381804,0.042626,,,,,,,,GLOBAL_BASELINE_NO_ENTITY_RANKING,,,NOT_APPLICABLE_GLOBAL_BASELINE,HF9g-P5,,,,X 全窗基线 · 不参与实体赏罚,3926069,393,A168_HF9F_20260827_0900,2026-08-27 09:00:00
2026-04-12,140084677,2156,0,21.4642829097,-14.3182472581,-14.3182472581,0.3333333,3,3,0.50665070000000000,0.506650700000,-0.6004420894325239,-0.6004420894325239,-0.6004420894325239,0E-17,ELIGIBLE,R03b_20260811_FULL_v1,L1_ELIGIBILITY,v2026-08-11,2026-03-21..2026-08-06,baccarat_bet02_101_all_pairs_incl_sentinel,round_win = game_pnl > 0 (decisive only),COMPATIBILITY_ONLY_NOT_PRODUCTION,3936.9634,3641.1815,-61.6790,418,418,0.01566664,-0.55128205,0.02301052,0.01566664,61.6790,3936.9634,OK,0.0000,-2.4672,4.0000,96.0000,AG03-UNRESOLVED,ALL5_LEVELS_bet23_to_bet27,-2.4672,-2.4672,-3.0839,-3.0839,-3.0839,4.000000,4.000000,5.000000,5.000000,5.000000,96.000000,96.000000,95.000000,95.000000,95.000000,5.0,-14.1862,-12.9429,-47.4928,-48.7361,PENDING_AG03,FALSE,NOT_FOR_ENFORCEMENT,-59.2118,3495.5343,-61.6790,-59.2118,-2.4672,-0.01566664,-0.01503997,-2.4672,-59.2118,-0.01503997,-2.4672,-2.4672,-3.0839,-3.0839,-3.0839,-59.2118,-0.01503997,-14.1862,-12.9429,-47.4928,-48.7361,-0.01206331,-0.0123791,-0.00062667,9.4186,8.7110,-0.1476,-3.2463,-0.4502,207.2086,22.0000,3.5960,9.6203,5.2352,7.5576,12.6392,15.627,20.78,34.6465,6.8057,0.0,2.749529,4.584305,1.246232,28,74,21,2,0.01278769,-0.01566664,0.55128205,0E-8,0.000000,0.924871,0.000000,-0.57429257,2026-03-26,2026-07-19,19,137,114,116,0.163793,0.373796,0.381804,0.042626,,,,,,,,GLOBAL_BASELINE_NO_ENTITY_RANKING,,,NOT_APPLICABLE_GLOBAL_BASELINE,HF9g-P5,,,,X 全窗基线 · 不参与实体赏罚,3926070,393,A168_HF9F_20260827_0900,2026-08-27 09:00:00
2026-04-12,140084677,2170,0,51.0431117975,12.6953380625,12.6953380625,0.6666667,7,7,0.50665070000000000,0.506650700000,0.7839842952205449,0.7839842952205449,0.7839842952205449,0E-17,ELIGIBLE,R03b_20260811_FULL_v1,L1_ELIGIBILITY,v2026-08-11,2026-03-21..2026-08-06,baccarat_bet02_101_all_pairs_incl_sentinel,round_win = game_pnl > 0 (decisive only),COMPATIBILITY_ONLY_NOT_PRODUCTION,3936.9634,3641.1815,-61.6790,418,418,0.01566664,-0.55128205,0.02301052,0.01566664,61.6790,3936.9634,OK,0.0000,-2.4672,4.0000,96.0000,AG03-UNRESOLVED,ALL5_LEVELS_bet23_to_bet27,-2.4672,-2.4672,-3.0839,-3.0839,-3.0839,4.000000,4.000000,5.000000,5.000000,5.000000,96.000000,96.000000,95.000000,95.000000,95.000000,5.0,-14.1862,-12.9429,-47.4928,-48.7361,PENDING_AG03,FALSE,NOT_FOR_ENFORCEMENT,-59.2118,3495.5343,-61.6790,-59.2118,-2.4672,-0.01566664,-0.01503997,-2.4672,-59.2118,-0.01503997,-2.4672,-2.4672,-3.0839,-3.0839,-3.0839,-59.2118,-0.01503997,-14.1862,-12.9429,-47.4928,-48.7361,-0.01206331,-0.0123791,-0.00062667,9.4186,8.7110,-0.1476,-3.2463,-0.4502,207.2086,22.0000,3.5960,9.6203,5.2352,7.5576,12.6392,15.627,20.78,34.6465,6.8057,0.0,2.749529,4.584305,1.246232,28,74,21,2,0.01278769,-0.01566664,0.55128205,0E-8,0.000000,0.924871,0.000000,-0.57429257,2026-03-26,2026-07-19,19,137,114,116,0.163793,0.373796,0.381804,0.042626,,,,,,,,GLOBAL_BASELINE_NO_ENTITY_RANKING,,,NOT_APPLICABLE_GLOBAL_BASELINE,HF9g-P5,,,,X 全窗基线 · 不参与实体赏罚,3926071,393,A168_HF9F_20260827_0900,2026-08-27 09:00:00
2026-04-12,140084677,2229,0,7.8527864304,-7.8527864304,-7.8527864304,0E-7,1,1,0.50665070000000000,0.506650700000,-1.013391052207602,-1.013391052207602,-1.013391052207602,0E-17,ELIGIBLE,R03b_20260811_FULL_v1,L1_ELIGIBILITY,v2026-08-11,2026-03-21..2026-08-06,baccarat_bet02_101_all_pairs_incl_sentinel,round_win = game_pnl > 0 (decisive only),COMPATIBILITY_ONLY_NOT_PRODUCTION,3936.9634,3641.1815,-61.6790,418,418,0.01566664,-0.55128205,0.02301052,0.01566664,61.6790,3936.9634,OK,0.0000,-2.4672,4.0000,96.0000,AG03-UNRESOLVED,ALL5_LEVELS_bet23_to_bet27,-2.4672,-2.4672,-3.0839,-3.0839,-3.0839,4.000000,4.000000,5.000000,5.000000,5.000000,96.000000,96.000000,95.000000,95.000000,95.000000,5.0,-14.1862,-12.9429,-47.4928,-48.7361,PENDING_AG03,FALSE,NOT_FOR_ENFORCEMENT,-59.2118,3495.5343,-61.6790,-59.2118,-2.4672,-0.01566664,-0.01503997,-2.4672,-59.2118,-0.01503997,-2.4672,-2.4672,-3.0839,-3.0839,-3.0839,-59.2118,-0.01503997,-14.1862,-12.9429,-47.4928,-48.7361,-0.01206331,-0.0123791,-0.00062667,9.4186,8.7110,-0.1476,-3.2463,-0.4502,207.2086,22.0000,3.5960,9.6203,5.2352,7.5576,12.6392,15.627,20.78,34.6465,6.8057,0.0,2.749529,4.584305,1.246232,28,74,21,2,0.01278769,-0.01566664,0.55128205,0E-8,0.000000,0.924871,0.000000,-0.57429257,2026-03-26,2026-07-19,19,137,114,116,0.163793,0.373796,0.381804,0.042626,,,,,,,,GLOBAL_BASELINE_NO_ENTITY_RANKING,,,NOT_APPLICABLE_GLOBAL_BASELINE,HF9g-P5,,,,X 全窗基线 · 不参与实体赏罚,3926072,393,A168_HF9F_20260827_0900,2026-08-27 09:00:00
2026-04-12,140084677,2252,0,10.4703819072,-0.2617595477,-0.2617595477,0.5000000,2,2,0.50665070000000000,0.506650700000,-0.018812684590367487,-0.018812684590367487,-0.018812684590367487,0E-17,ELIGIBLE,R03b_20260811_FULL_v1,L1_ELIGIBILITY,v2026-08-11,2026-03-21..2026-08-06,baccarat_bet02_101_all_pairs_incl_sentinel,round_win = game_pnl > 0 (decisive only),COMPATIBILITY_ONLY_NOT_PRODUCTION,3936.9634,3641.1815,-61.6790,418,418,0.01566664,-0.55128205,0.02301052,0.01566664,61.6790,3936.9634,OK,0.0000,-2.4672,4.0000,96.0000,AG03-UNRESOLVED,ALL5_LEVELS_bet23_to_bet27,-2.4672,-2.4672,-3.0839,-3.0839,-3.0839,4.000000,4.000000,5.000000,5.000000,5.000000,96.000000,96.000000,95.000000,95.000000,95.000000,5.0,-14.1862,-12.9429,-47.4928,-48.7361,PENDING_AG03,FALSE,NOT_FOR_ENFORCEMENT,-59.2118,3495.5343,-61.6790,-59.2118,-2.4672,-0.01566664,-0.01503997,-2.4672,-59.2118,-0.01503997,-2.4672,-2.4672,-3.0839,-3.0839,-3.0839,-59.2118,-0.01503997,-14.1862,-12.9429,-47.4928,-48.7361,-0.01206331,-0.0123791,-0.00062667,9.4186,8.7110,-0.1476,-3.2463,-0.4502,207.2086,22.0000,3.5960,9.6203,5.2352,7.5576,12.6392,15.627,20.78,34.6465,6.8057,0.0,2.749529,4.584305,1.246232,28,74,21,2,0.01278769,-0.01566664,0.55128205,0E-8,0.000000,0.924871,0.000000,-0.57429257,2026-03-26,2026-07-19,19,137,114,116,0.163793,0.373796,0.381804,0.042626,,,,,,,,GLOBAL_BASELINE_NO_ENTITY_RANKING,,,NOT_APPLICABLE_GLOBAL_BASELINE,HF9g-P5,,,,X 全窗基线 · 不参与实体赏罚,3926073,393,A168_HF9F_20260827_0900,2026-08-27 09:00:00
2026-04-12,140084677,595,0,23.2965997435,-13.0879773840,-13.0879773840,0.2500000,4,4,0.50665070000000000,0.506650700000,-1.0266936290537745,-1.0266936290537745,-1.0266936290537745,0E-17,ELIGIBLE,R03b_20260811_FULL_v1,L1_ELIGIBILITY,v2026-08-11,2026-03-21..2026-08-06,baccarat_bet02_101_all_pairs_incl_sentinel,round_win = game_pnl > 0 (decisive only),COMPATIBILITY_ONLY_NOT_PRODUCTION,3936.9634,3641.1815,-61.6790,418,418,0.01566664,-0.55128205,0.02301052,0.01566664,61.6790,3936.9634,OK,0.0000,-2.4672,4.0000,96.0000,AG03-UNRESOLVED,ALL5_LEVELS_bet23_to_bet27,-2.4672,-2.4672,-3.0839,-3.0839,-3.0839,4.000000,4.000000,5.000000,5.000000,5.000000,96.000000,96.000000,95.000000,95.000000,95.000000,5.0,-14.1862,-12.9429,-47.4928,-48.7361,PENDING_AG03,FALSE,NOT_FOR_ENFORCEMENT,-59.2118,3495.5343,-61.6790,-59.2118,-2.4672,-0.01566664,-0.01503997,-2.4672,-59.2118,-0.01503997,-2.4672,-2.4672,-3.0839,-3.0839,-3.0839,-59.2118,-0.01503997,-14.1862,-12.9429,-47.4928,-48.7361,-0.01206331,-0.0123791,-0.00062667,9.4186,8.7110,-0.1476,-3.2463,-0.4502,207.2086,22.0000,3.5960,9.6203,5.2352,7.5576,12.6392,15.627,20.78,34.6465,6.8057,0.0,2.749529,4.584305,1.246232,28,74,21,2,0.01278769,-0.01566664,0.55128205,0E-8,0.000000,0.924871,0.000000,-0.57429257,2026-03-26,2026-07-19,19,137,114,116,0.163793,0.373796,0.381804,0.042626,,,,,,,,GLOBAL_BASELINE_NO_ENTITY_RANKING,,,NOT_APPLICABLE_GLOBAL_BASELINE,HF9g-P5,,,,X 全窗基线 · 不参与实体赏罚,3926074,393,A168_HF9F_20260827_0900,2026-08-27 09:00:00
2026-04-16,140084677,-1,1,7.5910268827,-2.4867157029,-2.4867157029,0.5000000,2,2,0.50665070000000000,0.506650700000,-0.018812684590367487,-0.018812684590367487,-0.018812684590367487,0E-17,SENTINEL_DEALER,R03b_20260811_FULL_v1,L1_ELIGIBILITY,v2026-08-11,2026-03-21..2026-08-06,baccarat_bet02_101_all_pairs_incl_sentinel,round_win = game_pnl > 0 (decisive only),COMPATIBILITY_ONLY_NOT_PRODUCTION,3936.9634,3641.1815,-61.6790,418,418,0.01566664,-0.55128205,0.02301052,0.01566664,61.6790,3936.9634,OK,0.0000,-2.4672,4.0000,96.0000,AG03-UNRESOLVED,ALL5_LEVELS_bet23_to_bet27,-2.4672,-2.4672,-3.0839,-3.0839,-3.0839,4.000000,4.000000,5.000000,5.000000,5.000000,96.000000,96.000000,95.000000,95.000000,95.000000,5.0,-14.1862,-12.9429,-47.4928,-48.7361,PENDING_AG03,FALSE,NOT_FOR_ENFORCEMENT,-59.2118,3495.5343,-61.6790,-59.2118,-2.4672,-0.01566664,-0.01503997,-2.4672,-59.2118,-0.01503997,-2.4672,-2.4672,-3.0839,-3.0839,-3.0839,-59.2118,-0.01503997,-14.1862,-12.9429,-47.4928,-48.7361,-0.01206331,-0.0123791,-0.00062667,9.4186,8.7110,-0.1476,-3.2463,-0.4502,207.2086,22.0000,3.5960,9.6203,5.2352,7.5576,12.6392,15.627,20.78,34.6465,6.8057,0.0,2.749529,4.584305,1.246232,28,74,21,2,0.01278769,-0.01566664,0.55128205,0E-8,0.000000,0.924871,0.000000,-0.57429257,2026-03-26,2026-07-19,19,137,114,116,0.163793,0.373796,0.381804,0.042626,,,,,,,,GLOBAL_BASELINE_NO_ENTITY_RANKING,,,NOT_APPLICABLE_GLOBAL_BASELINE,HF9g-P5,,,,X 全窗基线 · 不参与实体赏罚,3926075,393,A168_HF9F_20260827_0900,2026-08-27 09:00:00
2026-04-17,140084677,-1,1,615.1349370469,68.2014501477,68.2014501477,0.5208333,56,56,0.50593256428571429,0.505932564286,0.20648564766667385,0.20648564766271604,0.20648564766667385,-2.8571E-13,SENTINEL_DEALER,R03b_20260811_FULL_v1,L1_ELIGIBILITY,v2026-08-11,2026-03-21..2026-08-06,baccarat_bet02_101_all_pairs_incl_sentinel,round_win = game_pnl > 0 (decisive only),COMPATIBILITY_ONLY_NOT_PRODUCTION,3936.9634,3641.1815,-61.6790,418,418,0.01566664,-0.55128205,0.02301052,0.01566664,61.6790,3936.9634,OK,0.0000,-2.4672,4.0000,96.0000,AG03-UNRESOLVED,ALL5_LEVELS_bet23_to_bet27,-2.4672,-2.4672,-3.0839,-3.0839,-3.0839,4.000000,4.000000,5.000000,5.000000,5.000000,96.000000,96.000000,95.000000,95.000000,95.000000,5.0,-14.1862,-12.9429,-47.4928,-48.7361,PENDING_AG03,FALSE,NOT_FOR_ENFORCEMENT,-59.2118,3495.5343,-61.6790,-59.2118,-2.4672,-0.01566664,-0.01503997,-2.4672,-59.2118,-0.01503997,-2.4672,-2.4672,-3.0839,-3.0839,-3.0839,-59.2118,-0.01503997,-14.1862,-12.9429,-47.4928,-48.7361,-0.01206331,-0.0123791,-0.00062667,9.4186,8.7110,-0.1476,-3.2463,-0.4502,207.2086,22.0000,3.5960,9.6203,5.2352,7.5576,12.6392,15.627,20.78,34.6465,6.8057,0.0,2.749529,4.584305,1.246232,28,74,21,2,0.01278769,-0.01566664,0.55128205,0E-8,0.000000,0.924871,0.000000,-0.57429257,2026-03-26,2026-07-19,19,137,114,116,0.163793,0.373796,0.381804,0.042626,,,,,,,,GLOBAL_BASELINE_NO_ENTITY_RANKING,,,NOT_APPLICABLE_GLOBAL_BASELINE,HF9g-P5,,,,X 全窗基线 · 不参与实体赏罚,3926076,393,A168_HF9F_20260827_0900,2026-08-27 09:00:00
2026-04-17,140084677,1325,0,14.9202942177,0.7852786431,0.7852786431,0.6666667,3,3,0.49324550000000000,0.493245500000,0.6008033672792107,0.6008033672792106,0.6008033672792107,0E-17,ELIGIBLE,R03b_20260811_FULL_v1,L1_ELIGIBILITY,v2026-08-11,2026-03-21..2026-08-06,baccarat_bet02_101_all_pairs_incl_sentinel,round_win = game_pnl > 0 (decisive only),COMPATIBILITY_ONLY_NOT_PRODUCTION,3936.9634,3641.1815,-61.6790,418,418,0.01566664,-0.55128205,0.02301052,0.01566664,61.6790,3936.9634,OK,0.0000,-2.4672,4.0000,96.0000,AG03-UNRESOLVED,ALL5_LEVELS_bet23_to_bet27,-2.4672,-2.4672,-3.0839,-3.0839,-3.0839,4.000000,4.000000,5.000000,5.000000,5.000000,96.000000,96.000000,95.000000,95.000000,95.000000,5.0,-14.1862,-12.9429,-47.4928,-48.7361,PENDING_AG03,FALSE,NOT_FOR_ENFORCEMENT,-59.2118,3495.5343,-61.6790,-59.2118,-2.4672,-0.01566664,-0.01503997,-2.4672,-59.2118,-0.01503997,-2.4672,-2.4672,-3.0839,-3.0839,-3.0839,-59.2118,-0.01503997,-14.1862,-12.9429,-47.4928,-48.7361,-0.01206331,-0.0123791,-0.00062667,9.4186,8.7110,-0.1476,-3.2463,-0.4502,207.2086,22.0000,3.5960,9.6203,5.2352,7.5576,12.6392,15.627,20.78,34.6465,6.8057,0.0,2.749529,4.584305,1.246232,28,74,21,2,0.01278769,-0.01566664,0.55128205,0E-8,0.000000,0.924871,0.000000,-0.57429257,2026-03-26,2026-07-19,19,137,114,116,0.163793,0.373796,0.381804,0.042626,,,,,,,,GLOBAL_BASELINE_NO_ENTITY_RANKING,,,NOT_APPLICABLE_GLOBAL_BASELINE,HF9g-P5,,,,X 全窗基线 · 不参与实体赏罚,3926077,393,A168_HF9F_20260827_0900,2026-08-27 09:00:00
2026-04-17,140084677,1363,0,9.1615841688,-3.9263932152,-3.9263932152,0E-7,2,2,0.50665070000000000,0.506650700000,-1.013391052207602,-1.013391052207602,-1.013391052207602,0E-17,ELIGIBLE,R03b_20260811_FULL_v1,L1_ELIGIBILITY,v2026-08-11,2026-03-21..2026-08-06,baccarat_bet02_101_all_pairs_incl_sentinel,round_win = game_pnl > 0 (decisive only),COMPATIBILITY_ONLY_NOT_PRODUCTION,3936.9634,3641.1815,-61.6790,418,418,0.01566664,-0.55128205,0.02301052,0.01566664,61.6790,3936.9634,OK,0.0000,-2.4672,4.0000,96.0000,AG03-UNRESOLVED,ALL5_LEVELS_bet23_to_bet27,-2.4672,-2.4672,-3.0839,-3.0839,-3.0839,4.000000,4.000000,5.000000,5.000000,5.000000,96.000000,96.000000,95.000000,95.000000,95.000000,5.0,-14.1862,-12.9429,-47.4928,-48.7361,PENDING_AG03,FALSE,NOT_FOR_ENFORCEMENT,-59.2118,3495.5343,-61.6790,-59.2118,-2.4672,-0.01566664,-0.01503997,-2.4672,-59.2118,-0.01503997,-2.4672,-2.4672,-3.0839,-3.0839,-3.0839,-59.2118,-0.01503997,-14.1862,-12.9429,-47.4928,-48.7361,-0.01206331,-0.0123791,-0.00062667,9.4186,8.7110,-0.1476,-3.2463,-0.4502,207.2086,22.0000,3.5960,9.6203,5.2352,7.5576,12.6392,15.627,20.78,34.6465,6.8057,0.0,2.749529,4.584305,1.246232,28,74,21,2,0.01278769,-0.01566664,0.55128205,0E-8,0.000000,0.924871,0.000000,-0.57429257,2026-03-26,2026-07-19,19,137,114,116,0.163793,0.373796,0.381804,0.042626,,,,,,,,GLOBAL_BASELINE_NO_ENTITY_RANKING,,,NOT_APPLICABLE_GLOBAL_BASELINE,HF9g-P5,,,,X 全窗基线 · 不参与实体赏罚,3926078,393,A168_HF9F_20260827_0900,2026-08-27 09:00:00
2026-04-17,140084677,1384,0,5.2351909536,-5.2351909536,-5.2351909536,0E-7,1,1,0.50665070000000000,0.506650700000,-1.013391052207602,-1.013391052207602,-1.013391052207602,0E-17,ELIGIBLE,R03b_20260811_FULL_v1,L1_ELIGIBILITY,v2026-08-11,2026-03-21..2026-08-06,baccarat_bet02_101_all_pairs_incl_sentinel,round_win = game_pnl > 0 (decisive only),COMPATIBILITY_ONLY_NOT_PRODUCTION,3936.9634,3641.1815,-61.6790,418,418,0.01566664,-0.55128205,0.02301052,0.01566664,61.6790,3936.9634,OK,0.0000,-2.4672,4.0000,96.0000,AG03-UNRESOLVED,ALL5_LEVELS_bet23_to_bet27,-2.4672,-2.4672,-3.0839,-3.0839,-3.0839,4.000000,4.000000,5.000000,5.000000,5.000000,96.000000,96.000000,95.000000,95.000000,95.000000,5.0,-14.1862,-12.9429,-47.4928,-48.7361,PENDING_AG03,FALSE,NOT_FOR_ENFORCEMENT,-59.2118,3495.5343,-61.6790,-59.2118,-2.4672,-0.01566664,-0.01503997,-2.4672,-59.2118,-0.01503997,-2.4672,-2.4672,-3.0839,-3.0839,-3.0839,-59.2118,-0.01503997,-14.1862,-12.9429,-47.4928,-48.7361,-0.01206331,-0.0123791,-0.00062667,9.4186,8.7110,-0.1476,-3.2463,-0.4502,207.2086,22.0000,3.5960,9.6203,5.2352,7.5576,12.6392,15.627,20.78,34.6465,6.8057,0.0,2.749529,4.584305,1.246232,28,74,21,2,0.01278769,-0.01566664,0.55128205,0E-8,0.000000,0.924871,0.000000,-0.57429257,2026-03-26,2026-07-19,19,137,114,116,0.163793,0.373796,0.381804,0.042626,,,,,,,,GLOBAL_BASELINE_NO_ENTITY_RANKING,,,NOT_APPLICABLE_GLOBAL_BASELINE,HF9g-P5,,,,X 全窗基线 · 不参与实体赏罚,3926079,393,A168_HF9F_20260827_0900,2026-08-27 09:00:00
2026-04-17,140084677,1646,0,13.0879773840,-0.3271994346,-0.3271994346,0.5000000,2,2,0.50665070000000000,0.506650700000,-0.018812684590367487,-0.018812684590367487,-0.018812684590367487,0E-17,ELIGIBLE,R03b_20260811_FULL_v1,L1_ELIGIBILITY,v2026-08-11,2026-03-21..2026-08-06,baccarat_bet02_101_all_pairs_incl_sentinel,round_win = game_pnl > 0 (decisive only),COMPATIBILITY_ONLY_NOT_PRODUCTION,3936.9634,3641.1815,-61.6790,418,418,0.01566664,-0.55128205,0.02301052,0.01566664,61.6790,3936.9634,OK,0.0000,-2.4672,4.0000,96.0000,AG03-UNRESOLVED,ALL5_LEVELS_bet23_to_bet27,-2.4672,-2.4672,-3.0839,-3.0839,-3.0839,4.000000,4.000000,5.000000,5.000000,5.000000,96.000000,96.000000,95.000000,95.000000,95.000000,5.0,-14.1862,-12.9429,-47.4928,-48.7361,PENDING_AG03,FALSE,NOT_FOR_ENFORCEMENT,-59.2118,3495.5343,-61.6790,-59.2118,-2.4672,-0.01566664,-0.01503997,-2.4672,-59.2118,-0.01503997,-2.4672,-2.4672,-3.0839,-3.0839,-3.0839,-59.2118,-0.01503997,-14.1862,-12.9429,-47.4928,-48.7361,-0.01206331,-0.0123791,-0.00062667,9.4186,8.7110,-0.1476,-3.2463,-0.4502,207.2086,22.0000,3.5960,9.6203,5.2352,7.5576,12.6392,15.627,20.78,34.6465,6.8057,0.0,2.749529,4.584305,1.246232,28,74,21,2,0.01278769,-0.01566664,0.55128205,0E-8,0.000000,0.924871,0.000000,-0.57429257,2026-03-26,2026-07-19,19,137,114,116,0.163793,0.373796,0.381804,0.042626,,,,,,,,GLOBAL_BASELINE_NO_ENTITY_RANKING,,,NOT_APPLICABLE_GLOBAL_BASELINE,HF9g-P5,,,,X 全窗基线 · 不参与实体赏罚,3926080,393,A168_HF9F_20260827_0900,2026-08-27 09:00:00
2026-04-17,140084677,1714,0,10.2086223595,2.0417244719,2.0417244719,0.5000000,2,2,0.49994810000000000,0.499948100000,0.00014679536856514622,0.00014679536856514622,0.00014679536856514622,0E-17,ELIGIBLE,R03b_20260811_FULL_v1,L1_ELIGIBILITY,v2026-08-11,2026-03-21..2026-08-06,baccarat_bet02_101_all_pairs_incl_sentinel,round_win = game_pnl > 0 (decisive only),COMPATIBILITY_ONLY_NOT_PRODUCTION,3936.9634,3641.1815,-61.6790,418,418,0.01566664,-0.55128205,0.02301052,0.01566664,61.6790,3936.9634,OK,0.0000,-2.4672,4.0000,96.0000,AG03-UNRESOLVED,ALL5_LEVELS_bet23_to_bet27,-2.4672,-2.4672,-3.0839,-3.0839,-3.0839,4.000000,4.000000,5.000000,5.000000,5.000000,96.000000,96.000000,95.000000,95.000000,95.000000,5.0,-14.1862,-12.9429,-47.4928,-48.7361,PENDING_AG03,FALSE,NOT_FOR_ENFORCEMENT,-59.2118,3495.5343,-61.6790,-59.2118,-2.4672,-0.01566664,-0.01503997,-2.4672,-59.2118,-0.01503997,-2.4672,-2.4672,-3.0839,-3.0839,-3.0839,-59.2118,-0.01503997,-14.1862,-12.9429,-47.4928,-48.7361,-0.01206331,-0.0123791,-0.00062667,9.4186,8.7110,-0.1476,-3.2463,-0.4502,207.2086,22.0000,3.5960,9.6203,5.2352,7.5576,12.6392,15.627,20.78,34.6465,6.8057,0.0,2.749529,4.584305,1.246232,28,74,21,2,0.01278769,-0.01566664,0.55128205,0E-8,0.000000,0.924871,0.000000,-0.57429257,2026-03-26,2026-07-19,19,137,114,116,0.163793,0.373796,0.381804,0.042626,,,,,,,,GLOBAL_BASELINE_NO_ENTITY_RANKING,,,NOT_APPLICABLE_GLOBAL_BASELINE,HF9g-P5,,,,X 全窗基线 · 不参与实体赏罚,3926081,393,A168_HF9F_20260827_0900,2026-08-27 09:00:00
2026-04-17,140084677,1942,0,26.1759547680,-26.1759547680,-26.1759547680,0E-7,1,1,0.50665070000000000,0.506650700000,-1.013391052207602,-1.013391052207602,-1.013391052207602,0E-17,ELIGIBLE,R03b_20260811_FULL_v1,L1_ELIGIBILITY,v2026-08-11,2026-03-21..2026-08-06,baccarat_bet02_101_all_pairs_incl_sentinel,round_win = game_pnl > 0 (decisive only),COMPATIBILITY_ONLY_NOT_PRODUCTION,3936.9634,3641.1815,-61.6790,418,418,0.01566664,-0.55128205,0.02301052,0.01566664,61.6790,3936.9634,OK,0.0000,-2.4672,4.0000,96.0000,AG03-UNRESOLVED,ALL5_LEVELS_bet23_to_bet27,-2.4672,-2.4672,-3.0839,-3.0839,-3.0839,4.000000,4.000000,5.000000,5.000000,5.000000,96.000000,96.000000,95.000000,95.000000,95.000000,5.0,-14.1862,-12.9429,-47.4928,-48.7361,PENDING_AG03,FALSE,NOT_FOR_ENFORCEMENT,-59.2118,3495.5343,-61.6790,-59.2118,-2.4672,-0.01566664,-0.01503997,-2.4672,-59.2118,-0.01503997,-2.4672,-2.4672,-3.0839,-3.0839,-3.0839,-59.2118,-0.01503997,-14.1862,-12.9429,-47.4928,-48.7361,-0.01206331,-0.0123791,-0.00062667,9.4186,8.7110,-0.1476,-3.2463,-0.4502,207.2086,22.0000,3.5960,9.6203,5.2352,7.5576,12.6392,15.627,20.78,34.6465,6.8057,0.0,2.749529,4.584305,1.246232,28,74,21,2,0.01278769,-0.01566664,0.55128205,0E-8,0.000000,0.924871,0.000000,-0.57429257,2026-03-26,2026-07-19,19,137,114,116,0.163793,0.373796,0.381804,0.042626,,,,,,,,GLOBAL_BASELINE_NO_ENTITY_RANKING,,,NOT_APPLICABLE_GLOBAL_BASELINE,HF9g-P5,,,,X 全窗基线 · 不参与实体赏罚,3926082,393,A168_HF9F_20260827_0900,2026-08-27 09:00:00
2026-04-17,140084677,2140,0,5.2351909536,0E-10,0E-10,,1,1,0.50665070000000000,0.506650700000,,,,0E-17,NO_DECISIVE_ROUND,R03b_20260811_FULL_v1,L1_ELIGIBILITY,v2026-08-11,2026-03-21..2026-08-06,baccarat_bet02_101_all_pairs_incl_sentinel,round_win = game_pnl > 0 (decisive only),COMPATIBILITY_ONLY_NOT_PRODUCTION,3936.9634,3641.1815,-61.6790,418,418,0.01566664,-0.55128205,0.02301052,0.01566664,61.6790,3936.9634,OK,0.0000,-2.4672,4.0000,96.0000,AG03-UNRESOLVED,ALL5_LEVELS_bet23_to_bet27,-2.4672,-2.4672,-3.0839,-3.0839,-3.0839,4.000000,4.000000,5.000000,5.000000,5.000000,96.000000,96.000000,95.000000,95.000000,95.000000,5.0,-14.1862,-12.9429,-47.4928,-48.7361,PENDING_AG03,FALSE,NOT_FOR_ENFORCEMENT,-59.2118,3495.5343,-61.6790,-59.2118,-2.4672,-0.01566664,-0.01503997,-2.4672,-59.2118,-0.01503997,-2.4672,-2.4672,-3.0839,-3.0839,-3.0839,-59.2118,-0.01503997,-14.1862,-12.9429,-47.4928,-48.7361,-0.01206331,-0.0123791,-0.00062667,9.4186,8.7110,-0.1476,-3.2463,-0.4502,207.2086,22.0000,3.5960,9.6203,5.2352,7.5576,12.6392,15.627,20.78,34.6465,6.8057,0.0,2.749529,4.584305,1.246232,28,74,21,2,0.01278769,-0.01566664,0.55128205,0E-8,0.000000,0.924871,0.000000,-0.57429257,2026-03-26,2026-07-19,19,137,114,116,0.163793,0.373796,0.381804,0.042626,,,,,,,,GLOBAL_BASELINE_NO_ENTITY_RANKING,,,NOT_APPLICABLE_GLOBAL_BASELINE,HF9g-P5,,,,X 全窗基线 · 不参与实体赏罚,3926083,393,A168_HF9F_20260827_0900,2026-08-27 09:00:00
2026-04-17,140084677,2171,0,18.3231683376,7.1983875612,7.1983875612,0.6666667,3,3,0.50665070000000000,0.506650700000,0.5543606114942035,0.5543606114942035,0.5543606114942035,0E-17,ELIGIBLE,R03b_20260811_FULL_v1,L1_ELIGIBILITY,v2026-08-11,2026-03-21..2026-08-06,baccarat_bet02_101_all_pairs_incl_sentinel,round_win = game_pnl > 0 (decisive only),COMPATIBILITY_ONLY_NOT_PRODUCTION,3936.9634,3641.1815,-61.6790,418,418,0.01566664,-0.55128205,0.02301052,0.01566664,61.6790,3936.9634,OK,0.0000,-2.4672,4.0000,96.0000,AG03-UNRESOLVED,ALL5_LEVELS_bet23_to_bet27,-2.4672,-2.4672,-3.0839,-3.0839,-3.0839,4.000000,4.000000,5.000000,5.000000,5.000000,96.000000,96.000000,95.000000,95.000000,95.000000,5.0,-14.1862,-12.9429,-47.4928,-48.7361,PENDING_AG03,FALSE,NOT_FOR_ENFORCEMENT,-59.2118,3495.5343,-61.6790,-59.2118,-2.4672,-0.01566664,-0.01503997,-2.4672,-59.2118,-0.01503997,-2.4672,-2.4672,-3.0839,-3.0839,-3.0839,-59.2118,-0.01503997,-14.1862,-12.9429,-47.4928,-48.7361,-0.01206331,-0.0123791,-0.00062667,9.4186,8.7110,-0.1476,-3.2463,-0.4502,207.2086,22.0000,3.5960,9.6203,5.2352,7.5576,12.6392,15.627,20.78,34.6465,6.8057,0.0,2.749529,4.584305,1.246232,28,74,21,2,0.01278769,-0.01566664,0.55128205,0E-8,0.000000,0.924871,0.000000,-0.57429257,2026-03-26,2026-07-19,19,137,114,116,0.163793,0.373796,0.381804,0.042626,,,,,,,,GLOBAL_BASELINE_NO_ENTITY_RANKING,,,NOT_APPLICABLE_GLOBAL_BASELINE,HF9g-P5,,,,X 全窗基线 · 不参与实体赏罚,3926084,393,A168_HF9F_20260827_0900,2026-08-27 09:00:00
2026-04-17,140084677,2177,0,41.6197680810,0.4973431406,0.4973431406,0.5000000,5,5,0.50665070000000000,0.506650700000,-0.02660515369234503,-0.02660515369234503,-0.02660515369234503,0E-17,ELIGIBLE,R03b_20260811_FULL_v1,L1_ELIGIBILITY,v2026-08-11,2026-03-21..2026-08-06,baccarat_bet02_101_all_pairs_incl_sentinel,round_win = game_pnl > 0 (decisive only),COMPATIBILITY_ONLY_NOT_PRODUCTION,3936.9634,3641.1815,-61.6790,418,418,0.01566664,-0.55128205,0.02301052,0.01566664,61.6790,3936.9634,OK,0.0000,-2.4672,4.0000,96.0000,AG03-UNRESOLVED,ALL5_LEVELS_bet23_to_bet27,-2.4672,-2.4672,-3.0839,-3.0839,-3.0839,4.000000,4.000000,5.000000,5.000000,5.000000,96.000000,96.000000,95.000000,95.000000,95.000000,5.0,-14.1862,-12.9429,-47.4928,-48.7361,PENDING_AG03,FALSE,NOT_FOR_ENFORCEMENT,-59.2118,3495.5343,-61.6790,-59.2118,-2.4672,-0.01566664,-0.01503997,-2.4672,-59.2118,-0.01503997,-2.4672,-2.4672,-3.0839,-3.0839,-3.0839,-59.2118,-0.01503997,-14.1862,-12.9429,-47.4928,-48.7361,-0.01206331,-0.0123791,-0.00062667,9.4186,8.7110,-0.1476,-3.2463,-0.4502,207.2086,22.0000,3.5960,9.6203,5.2352,7.5576,12.6392,15.627,20.78,34.6465,6.8057,0.0,2.749529,4.584305,1.246232,28,74,21,2,0.01278769,-0.01566664,0.55128205,0E-8,0.000000,0.924871,0.000000,-0.57429257,2026-03-26,2026-07-19,19,137,114,116,0.163793,0.373796,0.381804,0.042626,,,,,,,,GLOBAL_BASELINE_NO_ENTITY_RANKING,,,NOT_APPLICABLE_GLOBAL_BASELINE,HF9g-P5,,,,X 全窗基线 · 不参与实体赏罚,3926085,393,A168_HF9F_20260827_0900,2026-08-27 09:00:00
2026-04-17,140084677,550,0,6.5439886920,6.5439886920,6.5439886920,1.0000000,2,2,0.49324550000000000,0.493245500000,1.4334489766152358,1.4334489766152358,1.4334489766152358,0E-17,ELIGIBLE,R03b_20260811_FULL_v1,L1_ELIGIBILITY,v2026-08-11,2026-03-21..2026-08-06,baccarat_bet02_101_all_pairs_incl_sentinel,round_win = game_pnl > 0 (decisive only),COMPATIBILITY_ONLY_NOT_PRODUCTION,3936.9634,3641.1815,-61.6790,418,418,0.01566664,-0.55128205,0.02301052,0.01566664,61.6790,3936.9634,OK,0.0000,-2.4672,4.0000,96.0000,AG03-UNRESOLVED,ALL5_LEVELS_bet23_to_bet27,-2.4672,-2.4672,-3.0839,-3.0839,-3.0839,4.000000,4.000000,5.000000,5.000000,5.000000,96.000000,96.000000,95.000000,95.000000,95.000000,5.0,-14.1862,-12.9429,-47.4928,-48.7361,PENDING_AG03,FALSE,NOT_FOR_ENFORCEMENT,-59.2118,3495.5343,-61.6790,-59.2118,-2.4672,-0.01566664,-0.01503997,-2.4672,-59.2118,-0.01503997,-2.4672,-2.4672,-3.0839,-3.0839,-3.0839,-59.2118,-0.01503997,-14.1862,-12.9429,-47.4928,-48.7361,-0.01206331,-0.0123791,-0.00062667,9.4186,8.7110,-0.1476,-3.2463,-0.4502,207.2086,22.0000,3.5960,9.6203,5.2352,7.5576,12.6392,15.627,20.78,34.6465,6.8057,0.0,2.749529,4.584305,1.246232,28,74,21,2,0.01278769,-0.01566664,0.55128205,0E-8,0.000000,0.924871,0.000000,-0.57429257,2026-03-26,2026-07-19,19,137,114,116,0.163793,0.373796,0.381804,0.042626,,,,,,,,GLOBAL_BASELINE_NO_ENTITY_RANKING,,,NOT_APPLICABLE_GLOBAL_BASELINE,HF9g-P5,,,,X 全窗基线 · 不参与实体赏罚,3926086,393,A168_HF9F_20260827_0900,2026-08-27 09:00:00
2026-04-17,140084677,763,0,5.2351909536,-5.2351909536,-5.2351909536,0E-7,1,1,0.50665070000000000,0.506650700000,-1.013391052207602,-1.013391052207602,-1.013391052207602,0E-17,ELIGIBLE,R03b_20260811_FULL_v1,L1_ELIGIBILITY,v2026-08-11,2026-03-21..2026-08-06,baccarat_bet02_101_all_pairs_incl_sentinel,round_win = game_pnl > 0 (decisive only),COMPATIBILITY_ONLY_NOT_PRODUCTION,3936.9634,3641.1815,-61.6790,418,418,0.01566664,-0.55128205,0.02301052,0.01566664,61.6790,3936.9634,OK,0.0000,-2.4672,4.0000,96.0000,AG03-UNRESOLVED,ALL5_LEVELS_bet23_to_bet27,-2.4672,-2.4672,-3.0839,-3.0839,-3.0839,4.000000,4.000000,5.000000,5.000000,5.000000,96.000000,96.000000,95.000000,95.000000,95.000000,5.0,-14.1862,-12.9429,-47.4928,-48.7361,PENDING_AG03,FALSE,NOT_FOR_ENFORCEMENT,-59.2118,3495.5343,-61.6790,-59.2118,-2.4672,-0.01566664,-0.01503997,-2.4672,-59.2118,-0.01503997,-2.4672,-2.4672,-3.0839,-3.0839,-3.0839,-59.2118,-0.01503997,-14.1862,-12.9429,-47.4928,-48.7361,-0.01206331,-0.0123791,-0.00062667,9.4186,8.7110,-0.1476,-3.2463,-0.4502,207.2086,22.0000,3.5960,9.6203,5.2352,7.5576,12.6392,15.627,20.78,34.6465,6.8057,0.0,2.749529,4.584305,1.246232,28,74,21,2,0.01278769,-0.01566664,0.55128205,0E-8,0.000000,0.924871,0.000000,-0.57429257,2026-03-26,2026-07-19,19,137,114,116,0.163793,0.373796,0.381804,0.042626,,,,,,,,GLOBAL_BASELINE_NO_ENTITY_RANKING,,,NOT_APPLICABLE_GLOBAL_BASELINE,HF9g-P5,,,,X 全窗基线 · 不参与实体赏罚,3926087,393,A168_HF9F_20260827_0900,2026-08-27 09:00:00
2026-04-18,140084677,-1,1,156.5322095124,-50.4672407926,-50.4672407926,0.4444444,10,10,0.50396966000000000,0.503969660000,-0.35716254998887953,-0.35716254998887953,-0.35716254998887953,0E-17,SENTINEL_DEALER,R03b_20260811_FULL_v1,L1_ELIGIBILITY,v2026-08-11,2026-03-21..2026-08-06,baccarat_bet02_101_all_pairs_incl_sentinel,round_win = game_pnl > 0 (decisive only),COMPATIBILITY_ONLY_NOT_PRODUCTION,3936.9634,3641.1815,-61.6790,418,418,0.01566664,-0.55128205,0.02301052,0.01566664,61.6790,3936.9634,OK,0.0000,-2.4672,4.0000,96.0000,AG03-UNRESOLVED,ALL5_LEVELS_bet23_to_bet27,-2.4672,-2.4672,-3.0839,-3.0839,-3.0839,4.000000,4.000000,5.000000,5.000000,5.000000,96.000000,96.000000,95.000000,95.000000,95.000000,5.0,-14.1862,-12.9429,-47.4928,-48.7361,PENDING_AG03,FALSE,NOT_FOR_ENFORCEMENT,-59.2118,3495.5343,-61.6790,-59.2118,-2.4672,-0.01566664,-0.01503997,-2.4672,-59.2118,-0.01503997,-2.4672,-2.4672,-3.0839,-3.0839,-3.0839,-59.2118,-0.01503997,-14.1862,-12.9429,-47.4928,-48.7361,-0.01206331,-0.0123791,-0.00062667,9.4186,8.7110,-0.1476,-3.2463,-0.4502,207.2086,22.0000,3.5960,9.6203,5.2352,7.5576,12.6392,15.627,20.78,34.6465,6.8057,0.0,2.749529,4.584305,1.246232,28,74,21,2,0.01278769,-0.01566664,0.55128205,0E-8,0.000000,0.924871,0.000000,-0.57429257,2026-03-26,2026-07-19,19,137,114,116,0.163793,0.373796,0.381804,0.042626,,,,,,,,GLOBAL_BASELINE_NO_ENTITY_RANKING,,,NOT_APPLICABLE_GLOBAL_BASELINE,HF9g-P5,,,,X 全窗基线 · 不参与实体赏罚,3926088,393,A168_HF9F_20260827_0900,2026-08-27 09:00:00
2026-04-19,140084677,-1,1,3.6646336675,-3.6646336675,-3.6646336675,0E-7,1,1,0.50665070000000000,0.506650700000,-1.013391052207602,-1.013391052207602,-1.013391052207602,0E-17,SENTINEL_DEALER,R03b_20260811_FULL_v1,L1_ELIGIBILITY,v2026-08-11,2026-03-21..2026-08-06,baccarat_bet02_101_all_pairs_incl_sentinel,round_win = game_pnl > 0 (decisive only),COMPATIBILITY_ONLY_NOT_PRODUCTION,3936.9634,3641.1815,-61.6790,418,418,0.01566664,-0.55128205,0.02301052,0.01566664,61.6790,3936.9634,OK,0.0000,-2.4672,4.0000,96.0000,AG03-UNRESOLVED,ALL5_LEVELS_bet23_to_bet27,-2.4672,-2.4672,-3.0839,-3.0839,-3.0839,4.000000,4.000000,5.000000,5.000000,5.000000,96.000000,96.000000,95.000000,95.000000,95.000000,5.0,-14.1862,-12.9429,-47.4928,-48.7361,PENDING_AG03,FALSE,NOT_FOR_ENFORCEMENT,-59.2118,3495.5343,-61.6790,-59.2118,-2.4672,-0.01566664,-0.01503997,-2.4672,-59.2118,-0.01503997,-2.4672,-2.4672,-3.0839,-3.0839,-3.0839,-59.2118,-0.01503997,-14.1862,-12.9429,-47.4928,-48.7361,-0.01206331,-0.0123791,-0.00062667,9.4186,8.7110,-0.1476,-3.2463,-0.4502,207.2086,22.0000,3.5960,9.6203,5.2352,7.5576,12.6392,15.627,20.78,34.6465,6.8057,0.0,2.749529,4.584305,1.246232,28,74,21,2,0.01278769,-0.01566664,0.55128205,0E-8,0.000000,0.924871,0.000000,-0.57429257,2026-03-26,2026-07-19,19,137,114,116,0.163793,0.373796,0.381804,0.042626,,,,,,,,GLOBAL_BASELINE_NO_ENTITY_RANKING,,,NOT_APPLICABLE_GLOBAL_BASELINE,HF9g-P5,,,,X 全窗基线 · 不参与实体赏罚,3926089,393,A168_HF9F_20260827_0900,2026-08-27 09:00:00
2026-04-23,140084677,-1,1,7.8527864304,-2.7484752506,-2.7484752506,0.5000000,2,2,0.50665070000000000,0.506650700000,-0.018812684590367487,-0.018812684590367487,-0.018812684590367487,0E-17,SENTINEL_DEALER,R03b_20260811_FULL_v1,L1_ELIGIBILITY,v2026-08-11,2026-03-21..2026-08-06,baccarat_bet02_101_all_pairs_incl_sentinel,round_win = game_pnl > 0 (decisive only),COMPATIBILITY_ONLY_NOT_PRODUCTION,3936.9634,3641.1815,-61.6790,418,418,0.01566664,-0.55128205,0.02301052,0.01566664,61.6790,3936.9634,OK,0.0000,-2.4672,4.0000,96.0000,AG03-UNRESOLVED,ALL5_LEVELS_bet23_to_bet27,-2.4672,-2.4672,-3.0839,-3.0839,-3.0839,4.000000,4.000000,5.000000,5.000000,5.000000,96.000000,96.000000,95.000000,95.000000,95.000000,5.0,-14.1862,-12.9429,-47.4928,-48.7361,PENDING_AG03,FALSE,NOT_FOR_ENFORCEMENT,-59.2118,3495.5343,-61.6790,-59.2118,-2.4672,-0.01566664,-0.01503997,-2.4672,-59.2118,-0.01503997,-2.4672,-2.4672,-3.0839,-3.0839,-3.0839,-59.2118,-0.01503997,-14.1862,-12.9429,-47.4928,-48.7361,-0.01206331,-0.0123791,-0.00062667,9.4186,8.7110,-0.1476,-3.2463,-0.4502,207.2086,22.0000,3.5960,9.6203,5.2352,7.5576,12.6392,15.627,20.78,34.6465,6.8057,0.0,2.749529,4.584305,1.246232,28,74,21,2,0.01278769,-0.01566664,0.55128205,0E-8,0.000000,0.924871,0.000000,-0.57429257,2026-03-26,2026-07-19,19,137,114,116,0.163793,0.373796,0.381804,0.042626,,,,,,,,GLOBAL_BASELINE_NO_ENTITY_RANKING,,,NOT_APPLICABLE_GLOBAL_BASELINE,HF9g-P5,,,,X 全窗基线 · 不参与实体赏罚,3926090,393,A168_HF9F_20260827_0900,2026-08-27 09:00:00
2026-04-28,140084677,-1,1,321.9642436462,-67.5863152109,-67.5863152109,0.4375000,34,34,0.50467934705882353,0.504679347059,-0.760080836403686,-0.7600808364056851,-0.760080836403686,-1.7647E-13,SENTINEL_DEALER,R03b_20260811_FULL_v1,L1_ELIGIBILITY,v2026-08-11,2026-03-21..2026-08-06,baccarat_bet02_101_all_pairs_incl_sentinel,round_win = game_pnl > 0 (decisive only),COMPATIBILITY_ONLY_NOT_PRODUCTION,3936.9634,3641.1815,-61.6790,418,418,0.01566664,-0.55128205,0.02301052,0.01566664,61.6790,3936.9634,OK,0.0000,-2.4672,4.0000,96.0000,AG03-UNRESOLVED,ALL5_LEVELS_bet23_to_bet27,-2.4672,-2.4672,-3.0839,-3.0839,-3.0839,4.000000,4.000000,5.000000,5.000000,5.000000,96.000000,96.000000,95.000000,95.000000,95.000000,5.0,-14.1862,-12.9429,-47.4928,-48.7361,PENDING_AG03,FALSE,NOT_FOR_ENFORCEMENT,-59.2118,3495.5343,-61.6790,-59.2118,-2.4672,-0.01566664,-0.01503997,-2.4672,-59.2118,-0.01503997,-2.4672,-2.4672,-3.0839,-3.0839,-3.0839,-59.2118,-0.01503997,-14.1862,-12.9429,-47.4928,-48.7361,-0.01206331,-0.0123791,-0.00062667,9.4186,8.7110,-0.1476,-3.2463,-0.4502,207.2086,22.0000,3.5960,9.6203,5.2352,7.5576,12.6392,15.627,20.78,34.6465,6.8057,0.0,2.749529,4.584305,1.246232,28,74,21,2,0.01278769,-0.01566664,0.55128205,0E-8,0.000000,0.924871,0.000000,-0.57429257,2026-03-26,2026-07-19,19,137,114,116,0.163793,0.373796,0.381804,0.042626,,,,,,,,GLOBAL_BASELINE_NO_ENTITY_RANKING,,,NOT_APPLICABLE_GLOBAL_BASELINE,HF9g-P5,,,,X 全窗基线 · 不参与实体赏罚,3926091,393,A168_HF9F_20260827_0900,2026-08-27 09:00:00
2026-04-28,140084677,2088,0,19.3702065283,8.7035049603,8.7035049603,0.7500000,4,4,0.50665070000000000,0.506650700000,0.9734833216690844,0.9734833216690844,0.9734833216690844,0E-17,ELIGIBLE,R03b_20260811_FULL_v1,L1_ELIGIBILITY,v2026-08-11,2026-03-21..2026-08-06,baccarat_bet02_101_all_pairs_incl_sentinel,round_win = game_pnl > 0 (decisive only),COMPATIBILITY_ONLY_NOT_PRODUCTION,3936.9634,3641.1815,-61.6790,418,418,0.01566664,-0.55128205,0.02301052,0.01566664,61.6790,3936.9634,OK,0.0000,-2.4672,4.0000,96.0000,AG03-UNRESOLVED,ALL5_LEVELS_bet23_to_bet27,-2.4672,-2.4672,-3.0839,-3.0839,-3.0839,4.000000,4.000000,5.000000,5.000000,5.000000,96.000000,96.000000,95.000000,95.000000,95.000000,5.0,-14.1862,-12.9429,-47.4928,-48.7361,PENDING_AG03,FALSE,NOT_FOR_ENFORCEMENT,-59.2118,3495.5343,-61.6790,-59.2118,-2.4672,-0.01566664,-0.01503997,-2.4672,-59.2118,-0.01503997,-2.4672,-2.4672,-3.0839,-3.0839,-3.0839,-59.2118,-0.01503997,-14.1862,-12.9429,-47.4928,-48.7361,-0.01206331,-0.0123791,-0.00062667,9.4186,8.7110,-0.1476,-3.2463,-0.4502,207.2086,22.0000,3.5960,9.6203,5.2352,7.5576,12.6392,15.627,20.78,34.6465,6.8057,0.0,2.749529,4.584305,1.246232,28,74,21,2,0.01278769,-0.01566664,0.55128205,0E-8,0.000000,0.924871,0.000000,-0.57429257,2026-03-26,2026-07-19,19,137,114,116,0.163793,0.373796,0.381804,0.042626,,,,,,,,GLOBAL_BASELINE_NO_ENTITY_RANKING,,,NOT_APPLICABLE_GLOBAL_BASELINE,HF9g-P5,,,,X 全窗基线 · 不参与实体赏罚,3926092,393,A168_HF9F_20260827_0900,2026-08-27 09:00:00
2026-04-28,140084677,2093,0,12.8262178363,12.3157867183,12.3157867183,1.0000000,3,3,0.50218230000000000,0.502182300000,1.724507524396475,1.7245075243964754,1.724507524396475,0E-17,ELIGIBLE,R03b_20260811_FULL_v1,L1_ELIGIBILITY,v2026-08-11,2026-03-21..2026-08-06,baccarat_bet02_101_all_pairs_incl_sentinel,round_win = game_pnl > 0 (decisive only),COMPATIBILITY_ONLY_NOT_PRODUCTION,3936.9634,3641.1815,-61.6790,418,418,0.01566664,-0.55128205,0.02301052,0.01566664,61.6790,3936.9634,OK,0.0000,-2.4672,4.0000,96.0000,AG03-UNRESOLVED,ALL5_LEVELS_bet23_to_bet27,-2.4672,-2.4672,-3.0839,-3.0839,-3.0839,4.000000,4.000000,5.000000,5.000000,5.000000,96.000000,96.000000,95.000000,95.000000,95.000000,5.0,-14.1862,-12.9429,-47.4928,-48.7361,PENDING_AG03,FALSE,NOT_FOR_ENFORCEMENT,-59.2118,3495.5343,-61.6790,-59.2118,-2.4672,-0.01566664,-0.01503997,-2.4672,-59.2118,-0.01503997,-2.4672,-2.4672,-3.0839,-3.0839,-3.0839,-59.2118,-0.01503997,-14.1862,-12.9429,-47.4928,-48.7361,-0.01206331,-0.0123791,-0.00062667,9.4186,8.7110,-0.1476,-3.2463,-0.4502,207.2086,22.0000,3.5960,9.6203,5.2352,7.5576,12.6392,15.627,20.78,34.6465,6.8057,0.0,2.749529,4.584305,1.246232,28,74,21,2,0.01278769,-0.01566664,0.55128205,0E-8,0.000000,0.924871,0.000000,-0.57429257,2026-03-26,2026-07-19,19,137,114,116,0.163793,0.373796,0.381804,0.042626,,,,,,,,GLOBAL_BASELINE_NO_ENTITY_RANKING,,,NOT_APPLICABLE_GLOBAL_BASELINE,HF9g-P5,,,,X 全窗基线 · 不参与实体赏罚,3926093,393,A168_HF9F_20260827_0900,2026-08-27 09:00:00
2026-04-28,140084677,2177,0,51.8283904406,49.2369709185,49.2369709185,1.0000000,2,2,0.50665070000000000,0.506650700000,1.3955260008387969,1.3955260008387969,1.3955260008387969,0E-17,ELIGIBLE,R03b_20260811_FULL_v1,L1_ELIGIBILITY,v2026-08-11,2026-03-21..2026-08-06,baccarat_bet02_101_all_pairs_incl_sentinel,round_win = game_pnl > 0 (decisive only),COMPATIBILITY_ONLY_NOT_PRODUCTION,3936.9634,3641.1815,-61.6790,418,418,0.01566664,-0.55128205,0.02301052,0.01566664,61.6790,3936.9634,OK,0.0000,-2.4672,4.0000,96.0000,AG03-UNRESOLVED,ALL5_LEVELS_bet23_to_bet27,-2.4672,-2.4672,-3.0839,-3.0839,-3.0839,4.000000,4.000000,5.000000,5.000000,5.000000,96.000000,96.000000,95.000000,95.000000,95.000000,5.0,-14.1862,-12.9429,-47.4928,-48.7361,PENDING_AG03,FALSE,NOT_FOR_ENFORCEMENT,-59.2118,3495.5343,-61.6790,-59.2118,-2.4672,-0.01566664,-0.01503997,-2.4672,-59.2118,-0.01503997,-2.4672,-2.4672,-3.0839,-3.0839,-3.0839,-59.2118,-0.01503997,-14.1862,-12.9429,-47.4928,-48.7361,-0.01206331,-0.0123791,-0.00062667,9.4186,8.7110,-0.1476,-3.2463,-0.4502,207.2086,22.0000,3.5960,9.6203,5.2352,7.5576,12.6392,15.627,20.78,34.6465,6.8057,0.0,2.749529,4.584305,1.246232,28,74,21,2,0.01278769,-0.01566664,0.55128205,0E-8,0.000000,0.924871,0.000000,-0.57429257,2026-03-26,2026-07-19,19,137,114,116,0.163793,0.373796,0.381804,0.042626,,,,,,,,GLOBAL_BASELINE_NO_ENTITY_RANKING,,,NOT_APPLICABLE_GLOBAL_BASELINE,HF9g-P5,,,,X 全窗基线 · 不参与实体赏罚,3926094,393,A168_HF9F_20260827_0900,2026-08-27 09:00:00
2026-04-28,140084677,2188,0,2.6175954768,-2.6175954768,-2.6175954768,0E-7,1,1,0.49324550000000000,0.493245500000,-0.9865810262130424,-0.9865810262130424,-0.9865810262130424,0E-17,ELIGIBLE,R03b_20260811_FULL_v1,L1_ELIGIBILITY,v2026-08-11,2026-03-21..2026-08-06,baccarat_bet02_101_all_pairs_incl_sentinel,round_win = game_pnl > 0 (decisive only),COMPATIBILITY_ONLY_NOT_PRODUCTION,3936.9634,3641.1815,-61.6790,418,418,0.01566664,-0.55128205,0.02301052,0.01566664,61.6790,3936.9634,OK,0.0000,-2.4672,4.0000,96.0000,AG03-UNRESOLVED,ALL5_LEVELS_bet23_to_bet27,-2.4672,-2.4672,-3.0839,-3.0839,-3.0839,4.000000,4.000000,5.000000,5.000000,5.000000,96.000000,96.000000,95.000000,95.000000,95.000000,5.0,-14.1862,-12.9429,-47.4928,-48.7361,PENDING_AG03,FALSE,NOT_FOR_ENFORCEMENT,-59.2118,3495.5343,-61.6790,-59.2118,-2.4672,-0.01566664,-0.01503997,-2.4672,-59.2118,-0.01503997,-2.4672,-2.4672,-3.0839,-3.0839,-3.0839,-59.2118,-0.01503997,-14.1862,-12.9429,-47.4928,-48.7361,-0.01206331,-0.0123791,-0.00062667,9.4186,8.7110,-0.1476,-3.2463,-0.4502,207.2086,22.0000,3.5960,9.6203,5.2352,7.5576,12.6392,15.627,20.78,34.6465,6.8057,0.0,2.749529,4.584305,1.246232,28,74,21,2,0.01278769,-0.01566664,0.55128205,0E-8,0.000000,0.924871,0.000000,-0.57429257,2026-03-26,2026-07-19,19,137,114,116,0.163793,0.373796,0.381804,0.042626,,,,,,,,GLOBAL_BASELINE_NO_ENTITY_RANKING,,,NOT_APPLICABLE_GLOBAL_BASELINE,HF9g-P5,,,,X 全窗基线 · 不参与实体赏罚,3926095,393,A168_HF9F_20260827_0900,2026-08-27 09:00:00
2026-04-28,140084677,2202,0,111.2478077636,52.5220532421,52.5220532421,0.8000000,11,11,0.50665070000000000,0.506650700000,1.855468024713057,1.855468024713057,1.855468024713057,0E-17,ELIGIBLE,R03b_20260811_FULL_v1,L1_ELIGIBILITY,v2026-08-11,2026-03-21..2026-08-06,baccarat_bet02_101_all_pairs_incl_sentinel,round_win = game_pnl > 0 (decisive only),COMPATIBILITY_ONLY_NOT_PRODUCTION,3936.9634,3641.1815,-61.6790,418,418,0.01566664,-0.55128205,0.02301052,0.01566664,61.6790,3936.9634,OK,0.0000,-2.4672,4.0000,96.0000,AG03-UNRESOLVED,ALL5_LEVELS_bet23_to_bet27,-2.4672,-2.4672,-3.0839,-3.0839,-3.0839,4.000000,4.000000,5.000000,5.000000,5.000000,96.000000,96.000000,95.000000,95.000000,95.000000,5.0,-14.1862,-12.9429,-47.4928,-48.7361,PENDING_AG03,FALSE,NOT_FOR_ENFORCEMENT,-59.2118,3495.5343,-61.6790,-59.2118,-2.4672,-0.01566664,-0.01503997,-2.4672,-59.2118,-0.01503997,-2.4672,-2.4672,-3.0839,-3.0839,-3.0839,-59.2118,-0.01503997,-14.1862,-12.9429,-47.4928,-48.7361,-0.01206331,-0.0123791,-0.00062667,9.4186,8.7110,-0.1476,-3.2463,-0.4502,207.2086,22.0000,3.5960,9.6203,5.2352,7.5576,12.6392,15.627,20.78,34.6465,6.8057,0.0,2.749529,4.584305,1.246232,28,74,21,2,0.01278769,-0.01566664,0.55128205,0E-8,0.000000,0.924871,0.000000,-0.57429257,2026-03-26,2026-07-19,19,137,114,116,0.163793,0.373796,0.381804,0.042626,,,,,,,,GLOBAL_BASELINE_NO_ENTITY_RANKING,,,NOT_APPLICABLE_GLOBAL_BASELINE,HF9g-P5,,,,X 全窗基线 · 不参与实体赏罚,3926096,393,A168_HF9F_20260827_0900,2026-08-27 09:00:00
2026-04-28,140084677,2234,0,7.8527864304,0E-10,0E-10,0.5000000,3,3,0.49324550000000000,0.493245500000,0.01910635448239258,0.01910635448239258,0.01910635448239258,0E-17,ELIGIBLE,R03b_20260811_FULL_v1,L1_ELIGIBILITY,v2026-08-11,2026-03-21..2026-08-06,baccarat_bet02_101_all_pairs_incl_sentinel,round_win = game_pnl > 0 (decisive only),COMPATIBILITY_ONLY_NOT_PRODUCTION,3936.9634,3641.1815,-61.6790,418,418,0.01566664,-0.55128205,0.02301052,0.01566664,61.6790,3936.9634,OK,0.0000,-2.4672,4.0000,96.0000,AG03-UNRESOLVED,ALL5_LEVELS_bet23_to_bet27,-2.4672,-2.4672,-3.0839,-3.0839,-3.0839,4.000000,4.000000,5.000000,5.000000,5.000000,96.000000,96.000000,95.000000,95.000000,95.000000,5.0,-14.1862,-12.9429,-47.4928,-48.7361,PENDING_AG03,FALSE,NOT_FOR_ENFORCEMENT,-59.2118,3495.5343,-61.6790,-59.2118,-2.4672,-0.01566664,-0.01503997,-2.4672,-59.2118,-0.01503997,-2.4672,-2.4672,-3.0839,-3.0839,-3.0839,-59.2118,-0.01503997,-14.1862,-12.9429,-47.4928,-48.7361,-0.01206331,-0.0123791,-0.00062667,9.4186,8.7110,-0.1476,-3.2463,-0.4502,207.2086,22.0000,3.5960,9.6203,5.2352,7.5576,12.6392,15.627,20.78,34.6465,6.8057,0.0,2.749529,4.584305,1.246232,28,74,21,2,0.01278769,-0.01566664,0.55128205,0E-8,0.000000,0.924871,0.000000,-0.57429257,2026-03-26,2026-07-19,19,137,114,116,0.163793,0.373796,0.381804,0.042626,,,,,,,,GLOBAL_BASELINE_NO_ENTITY_RANKING,,,NOT_APPLICABLE_GLOBAL_BASELINE,HF9g-P5,,,,X 全窗基线 · 不参与实体赏罚,3926097,393,A168_HF9F_20260827_0900,2026-08-27 09:00:00
2026-04-28,140084677,2248,0,14.3967751224,13.6769363663,13.6769363663,1.0000000,1,1,0.50665070000000000,0.506650700000,0.9867858985152569,0.9867858985152569,0.9867858985152569,0E-17,ELIGIBLE,R03b_20260811_FULL_v1,L1_ELIGIBILITY,v2026-08-11,2026-03-21..2026-08-06,baccarat_bet02_101_all_pairs_incl_sentinel,round_win = game_pnl > 0 (decisive only),COMPATIBILITY_ONLY_NOT_PRODUCTION,3936.9634,3641.1815,-61.6790,418,418,0.01566664,-0.55128205,0.02301052,0.01566664,61.6790,3936.9634,OK,0.0000,-2.4672,4.0000,96.0000,AG03-UNRESOLVED,ALL5_LEVELS_bet23_to_bet27,-2.4672,-2.4672,-3.0839,-3.0839,-3.0839,4.000000,4.000000,5.000000,5.000000,5.000000,96.000000,96.000000,95.000000,95.000000,95.000000,5.0,-14.1862,-12.9429,-47.4928,-48.7361,PENDING_AG03,FALSE,NOT_FOR_ENFORCEMENT,-59.2118,3495.5343,-61.6790,-59.2118,-2.4672,-0.01566664,-0.01503997,-2.4672,-59.2118,-0.01503997,-2.4672,-2.4672,-3.0839,-3.0839,-3.0839,-59.2118,-0.01503997,-14.1862,-12.9429,-47.4928,-48.7361,-0.01206331,-0.0123791,-0.00062667,9.4186,8.7110,-0.1476,-3.2463,-0.4502,207.2086,22.0000,3.5960,9.6203,5.2352,7.5576,12.6392,15.627,20.78,34.6465,6.8057,0.0,2.749529,4.584305,1.246232,28,74,21,2,0.01278769,-0.01566664,0.55128205,0E-8,0.000000,0.924871,0.000000,-0.57429257,2026-03-26,2026-07-19,19,137,114,116,0.163793,0.373796,0.381804,0.042626,,,,,,,,GLOBAL_BASELINE_NO_ENTITY_RANKING,,,NOT_APPLICABLE_GLOBAL_BASELINE,HF9g-P5,,,,X 全窗基线 · 不参与实体赏罚,3926098,393,A168_HF9F_20260827_0900,2026-08-27 09:00:00
2026-04-28,140084677,948,0,157.0557286076,94.7962201923,94.7962201923,0.7692308,14,14,0.50665070000000000,0.506650700000,1.8936593344248376,1.8936593344248376,1.8936593344248376,0E-17,ELIGIBLE,R03b_20260811_FULL_v1,L1_ELIGIBILITY,v2026-08-11,2026-03-21..2026-08-06,baccarat_bet02_101_all_pairs_incl_sentinel,round_win = game_pnl > 0 (decisive only),COMPATIBILITY_ONLY_NOT_PRODUCTION,3936.9634,3641.1815,-61.6790,418,418,0.01566664,-0.55128205,0.02301052,0.01566664,61.6790,3936.9634,OK,0.0000,-2.4672,4.0000,96.0000,AG03-UNRESOLVED,ALL5_LEVELS_bet23_to_bet27,-2.4672,-2.4672,-3.0839,-3.0839,-3.0839,4.000000,4.000000,5.000000,5.000000,5.000000,96.000000,96.000000,95.000000,95.000000,95.000000,5.0,-14.1862,-12.9429,-47.4928,-48.7361,PENDING_AG03,FALSE,NOT_FOR_ENFORCEMENT,-59.2118,3495.5343,-61.6790,-59.2118,-2.4672,-0.01566664,-0.01503997,-2.4672,-59.2118,-0.01503997,-2.4672,-2.4672,-3.0839,-3.0839,-3.0839,-59.2118,-0.01503997,-14.1862,-12.9429,-47.4928,-48.7361,-0.01206331,-0.0123791,-0.00062667,9.4186,8.7110,-0.1476,-3.2463,-0.4502,207.2086,22.0000,3.5960,9.6203,5.2352,7.5576,12.6392,15.627,20.78,34.6465,6.8057,0.0,2.749529,4.584305,1.246232,28,74,21,2,0.01278769,-0.01566664,0.55128205,0E-8,0.000000,0.924871,0.000000,-0.57429257,2026-03-26,2026-07-19,19,137,114,116,0.163793,0.373796,0.381804,0.042626,,,,,,,,GLOBAL_BASELINE_NO_ENTITY_RANKING,,,NOT_APPLICABLE_GLOBAL_BASELINE,HF9g-P5,,,,X 全窗基线 · 不参与实体赏罚,3926099,393,A168_HF9F_20260827_0900,2026-08-27 09:00:00
2026-04-28,140084677,986,0,9.4233437165,0.2748475250,0.2748475250,0.5000000,2,2,0.50665070000000000,0.506650700000,-0.018812684590367487,-0.018812684590367487,-0.018812684590367487,0E-17,ELIGIBLE,R03b_20260811_FULL_v1,L1_ELIGIBILITY,v2026-08-11,2026-03-21..2026-08-06,baccarat_bet02_101_all_pairs_incl_sentinel,round_win = game_pnl > 0 (decisive only),COMPATIBILITY_ONLY_NOT_PRODUCTION,3936.9634,3641.1815,-61.6790,418,418,0.01566664,-0.55128205,0.02301052,0.01566664,61.6790,3936.9634,OK,0.0000,-2.4672,4.0000,96.0000,AG03-UNRESOLVED,ALL5_LEVELS_bet23_to_bet27,-2.4672,-2.4672,-3.0839,-3.0839,-3.0839,4.000000,4.000000,5.000000,5.000000,5.000000,96.000000,96.000000,95.000000,95.000000,95.000000,5.0,-14.1862,-12.9429,-47.4928,-48.7361,PENDING_AG03,FALSE,NOT_FOR_ENFORCEMENT,-59.2118,3495.5343,-61.6790,-59.2118,-2.4672,-0.01566664,-0.01503997,-2.4672,-59.2118,-0.01503997,-2.4672,-2.4672,-3.0839,-3.0839,-3.0839,-59.2118,-0.01503997,-14.1862,-12.9429,-47.4928,-48.7361,-0.01206331,-0.0123791,-0.00062667,9.4186,8.7110,-0.1476,-3.2463,-0.4502,207.2086,22.0000,3.5960,9.6203,5.2352,7.5576,12.6392,15.627,20.78,34.6465,6.8057,0.0,2.749529,4.584305,1.246232,28,74,21,2,0.01278769,-0.01566664,0.55128205,0E-8,0.000000,0.924871,0.000000,-0.57429257,2026-03-26,2026-07-19,19,137,114,116,0.163793,0.373796,0.381804,0.042626,,,,,,,,GLOBAL_BASELINE_NO_ENTITY_RANKING,,,NOT_APPLICABLE_GLOBAL_BASELINE,HF9g-P5,,,,X 全窗基线 · 不参与实体赏罚,3926100,393,A168_HF9F_20260827_0900,2026-08-27 09:00:00
2026-04-29,140084677,-1,1,132.7120906736,27.2491689136,27.2491689136,0.5909091,23,23,0.50548503043478261,0.505485030435,0.8013969414341725,0.801396941432137,0.8013969414341725,-2.1739E-13,SENTINEL_DEALER,R03b_20260811_FULL_v1,L1_ELIGIBILITY,v2026-08-11,2026-03-21..2026-08-06,baccarat_bet02_101_all_pairs_incl_sentinel,round_win = game_pnl > 0 (decisive only),COMPATIBILITY_ONLY_NOT_PRODUCTION,3936.9634,3641.1815,-61.6790,418,418,0.01566664,-0.55128205,0.02301052,0.01566664,61.6790,3936.9634,OK,0.0000,-2.4672,4.0000,96.0000,AG03-UNRESOLVED,ALL5_LEVELS_bet23_to_bet27,-2.4672,-2.4672,-3.0839,-3.0839,-3.0839,4.000000,4.000000,5.000000,5.000000,5.000000,96.000000,96.000000,95.000000,95.000000,95.000000,5.0,-14.1862,-12.9429,-47.4928,-48.7361,PENDING_AG03,FALSE,NOT_FOR_ENFORCEMENT,-59.2118,3495.5343,-61.6790,-59.2118,-2.4672,-0.01566664,-0.01503997,-2.4672,-59.2118,-0.01503997,-2.4672,-2.4672,-3.0839,-3.0839,-3.0839,-59.2118,-0.01503997,-14.1862,-12.9429,-47.4928,-48.7361,-0.01206331,-0.0123791,-0.00062667,9.4186,8.7110,-0.1476,-3.2463,-0.4502,207.2086,22.0000,3.5960,9.6203,5.2352,7.5576,12.6392,15.627,20.78,34.6465,6.8057,0.0,2.749529,4.584305,1.246232,28,74,21,2,0.01278769,-0.01566664,0.55128205,0E-8,0.000000,0.924871,0.000000,-0.57429257,2026-03-26,2026-07-19,19,137,114,116,0.163793,0.373796,0.381804,0.042626,,,,,,,,GLOBAL_BASELINE_NO_ENTITY_RANKING,,,NOT_APPLICABLE_GLOBAL_BASELINE,HF9g-P5,,,,X 全窗基线 · 不参与实体赏罚,3926101,393,A168_HF9F_20260827_0900,2026-08-27 09:00:00
2026-04-29,140084677,1382,0,7.8527864304,-5.2351909536,-5.2351909536,0E-7,2,2,0.50665070000000000,0.506650700000,-1.013391052207602,-1.013391052207602,-1.013391052207602,0E-17,ELIGIBLE,R03b_20260811_FULL_v1,L1_ELIGIBILITY,v2026-08-11,2026-03-21..2026-08-06,baccarat_bet02_101_all_pairs_incl_sentinel,round_win = game_pnl > 0 (decisive only),COMPATIBILITY_ONLY_NOT_PRODUCTION,3936.9634,3641.1815,-61.6790,418,418,0.01566664,-0.55128205,0.02301052,0.01566664,61.6790,3936.9634,OK,0.0000,-2.4672,4.0000,96.0000,AG03-UNRESOLVED,ALL5_LEVELS_bet23_to_bet27,-2.4672,-2.4672,-3.0839,-3.0839,-3.0839,4.000000,4.000000,5.000000,5.000000,5.000000,96.000000,96.000000,95.000000,95.000000,95.000000,5.0,-14.1862,-12.9429,-47.4928,-48.7361,PENDING_AG03,FALSE,NOT_FOR_ENFORCEMENT,-59.2118,3495.5343,-61.6790,-59.2118,-2.4672,-0.01566664,-0.01503997,-2.4672,-59.2118,-0.01503997,-2.4672,-2.4672,-3.0839,-3.0839,-3.0839,-59.2118,-0.01503997,-14.1862,-12.9429,-47.4928,-48.7361,-0.01206331,-0.0123791,-0.00062667,9.4186,8.7110,-0.1476,-3.2463,-0.4502,207.2086,22.0000,3.5960,9.6203,5.2352,7.5576,12.6392,15.627,20.78,34.6465,6.8057,0.0,2.749529,4.584305,1.246232,28,74,21,2,0.01278769,-0.01566664,0.55128205,0E-8,0.000000,0.924871,0.000000,-0.57429257,2026-03-26,2026-07-19,19,137,114,116,0.163793,0.373796,0.381804,0.042626,,,,,,,,GLOBAL_BASELINE_NO_ENTITY_RANKING,,,NOT_APPLICABLE_GLOBAL_BASELINE,HF9g-P5,,,,X 全窗基线 · 不参与实体赏罚,3926102,393,A168_HF9F_20260827_0900,2026-08-27 09:00:00
2026-04-29,140084677,1623,0,5.2351909536,-5.2351909536,-5.2351909536,0E-7,1,1,0.50665070000000000,0.506650700000,-1.013391052207602,-1.013391052207602,-1.013391052207602,0E-17,ELIGIBLE,R03b_20260811_FULL_v1,L1_ELIGIBILITY,v2026-08-11,2026-03-21..2026-08-06,baccarat_bet02_101_all_pairs_incl_sentinel,round_win = game_pnl > 0 (decisive only),COMPATIBILITY_ONLY_NOT_PRODUCTION,3936.9634,3641.1815,-61.6790,418,418,0.01566664,-0.55128205,0.02301052,0.01566664,61.6790,3936.9634,OK,0.0000,-2.4672,4.0000,96.0000,AG03-UNRESOLVED,ALL5_LEVELS_bet23_to_bet27,-2.4672,-2.4672,-3.0839,-3.0839,-3.0839,4.000000,4.000000,5.000000,5.000000,5.000000,96.000000,96.000000,95.000000,95.000000,95.000000,5.0,-14.1862,-12.9429,-47.4928,-48.7361,PENDING_AG03,FALSE,NOT_FOR_ENFORCEMENT,-59.2118,3495.5343,-61.6790,-59.2118,-2.4672,-0.01566664,-0.01503997,-2.4672,-59.2118,-0.01503997,-2.4672,-2.4672,-3.0839,-3.0839,-3.0839,-59.2118,-0.01503997,-14.1862,-12.9429,-47.4928,-48.7361,-0.01206331,-0.0123791,-0.00062667,9.4186,8.7110,-0.1476,-3.2463,-0.4502,207.2086,22.0000,3.5960,9.6203,5.2352,7.5576,12.6392,15.627,20.78,34.6465,6.8057,0.0,2.749529,4.584305,1.246232,28,74,21,2,0.01278769,-0.01566664,0.55128205,0E-8,0.000000,0.924871,0.000000,-0.57429257,2026-03-26,2026-07-19,19,137,114,116,0.163793,0.373796,0.381804,0.042626,,,,,,,,GLOBAL_BASELINE_NO_ENTITY_RANKING,,,NOT_APPLICABLE_GLOBAL_BASELINE,HF9g-P5,,,,X 全窗基线 · 不参与实体赏罚,3926103,393,A168_HF9F_20260827_0900,2026-08-27 09:00:00
2026-04-29,140084677,1963,0,24.6053974819,10.6143496584,10.6143496584,0.6666667,3,3,0.50665070000000000,0.506650700000,0.5543606114942035,0.5543606114942035,0.5543606114942035,0E-17,ELIGIBLE,R03b_20260811_FULL_v1,L1_ELIGIBILITY,v2026-08-11,2026-03-21..2026-08-06,baccarat_bet02_101_all_pairs_incl_sentinel,round_win = game_pnl > 0 (decisive only),COMPATIBILITY_ONLY_NOT_PRODUCTION,3936.9634,3641.1815,-61.6790,418,418,0.01566664,-0.55128205,0.02301052,0.01566664,61.6790,3936.9634,OK,0.0000,-2.4672,4.0000,96.0000,AG03-UNRESOLVED,ALL5_LEVELS_bet23_to_bet27,-2.4672,-2.4672,-3.0839,-3.0839,-3.0839,4.000000,4.000000,5.000000,5.000000,5.000000,96.000000,96.000000,95.000000,95.000000,95.000000,5.0,-14.1862,-12.9429,-47.4928,-48.7361,PENDING_AG03,FALSE,NOT_FOR_ENFORCEMENT,-59.2118,3495.5343,-61.6790,-59.2118,-2.4672,-0.01566664,-0.01503997,-2.4672,-59.2118,-0.01503997,-2.4672,-2.4672,-3.0839,-3.0839,-3.0839,-59.2118,-0.01503997,-14.1862,-12.9429,-47.4928,-48.7361,-0.01206331,-0.0123791,-0.00062667,9.4186,8.7110,-0.1476,-3.2463,-0.4502,207.2086,22.0000,3.5960,9.6203,5.2352,7.5576,12.6392,15.627,20.78,34.6465,6.8057,0.0,2.749529,4.584305,1.246232,28,74,21,2,0.01278769,-0.01566664,0.55128205,0E-8,0.000000,0.924871,0.000000,-0.57429257,2026-03-26,2026-07-19,19,137,114,116,0.163793,0.373796,0.381804,0.042626,,,,,,,,GLOBAL_BASELINE_NO_ENTITY_RANKING,,,NOT_APPLICABLE_GLOBAL_BASELINE,HF9g-P5,,,,X 全窗基线 · 不参与实体赏罚,3926104,393,A168_HF9F_20260827_0900,2026-08-27 09:00:00
2026-04-29,140084677,2088,0,10.4703819072,9.9468628119,9.9468628119,1.0000000,2,2,0.50665070000000000,0.506650700000,1.3955260008387969,1.3955260008387969,1.3955260008387969,0E-17,ELIGIBLE,R03b_20260811_FULL_v1,L1_ELIGIBILITY,v2026-08-11,2026-03-21..2026-08-06,baccarat_bet02_101_all_pairs_incl_sentinel,round_win = game_pnl > 0 (decisive only),COMPATIBILITY_ONLY_NOT_PRODUCTION,3936.9634,3641.1815,-61.6790,418,418,0.01566664,-0.55128205,0.02301052,0.01566664,61.6790,3936.9634,OK,0.0000,-2.4672,4.0000,96.0000,AG03-UNRESOLVED,ALL5_LEVELS_bet23_to_bet27,-2.4672,-2.4672,-3.0839,-3.0839,-3.0839,4.000000,4.000000,5.000000,5.000000,5.000000,96.000000,96.000000,95.000000,95.000000,95.000000,5.0,-14.1862,-12.9429,-47.4928,-48.7361,PENDING_AG03,FALSE,NOT_FOR_ENFORCEMENT,-59.2118,3495.5343,-61.6790,-59.2118,-2.4672,-0.01566664,-0.01503997,-2.4672,-59.2118,-0.01503997,-2.4672,-2.4672,-3.0839,-3.0839,-3.0839,-59.2118,-0.01503997,-14.1862,-12.9429,-47.4928,-48.7361,-0.01206331,-0.0123791,-0.00062667,9.4186,8.7110,-0.1476,-3.2463,-0.4502,207.2086,22.0000,3.5960,9.6203,5.2352,7.5576,12.6392,15.627,20.78,34.6465,6.8057,0.0,2.749529,4.584305,1.246232,28,74,21,2,0.01278769,-0.01566664,0.55128205,0E-8,0.000000,0.924871,0.000000,-0.57429257,2026-03-26,2026-07-19,19,137,114,116,0.163793,0.373796,0.381804,0.042626,,,,,,,,GLOBAL_BASELINE_NO_ENTITY_RANKING,,,NOT_APPLICABLE_GLOBAL_BASELINE,HF9g-P5,,,,X 全窗基线 · 不参与实体赏罚,3926105,393,A168_HF9F_20260827_0900,2026-08-27 09:00:00
2026-04-29,140084677,2093,0,10.4703819072,-10.4703819072,-10.4703819072,0E-7,2,2,0.50665070000000000,0.506650700000,-1.4331513700195317,-1.4331513700195317,-1.4331513700195317,0E-17,ELIGIBLE,R03b_20260811_FULL_v1,L1_ELIGIBILITY,v2026-08-11,2026-03-21..2026-08-06,baccarat_bet02_101_all_pairs_incl_sentinel,round_win = game_pnl > 0 (decisive only),COMPATIBILITY_ONLY_NOT_PRODUCTION,3936.9634,3641.1815,-61.6790,418,418,0.01566664,-0.55128205,0.02301052,0.01566664,61.6790,3936.9634,OK,0.0000,-2.4672,4.0000,96.0000,AG03-UNRESOLVED,ALL5_LEVELS_bet23_to_bet27,-2.4672,-2.4672,-3.0839,-3.0839,-3.0839,4.000000,4.000000,5.000000,5.000000,5.000000,96.000000,96.000000,95.000000,95.000000,95.000000,5.0,-14.1862,-12.9429,-47.4928,-48.7361,PENDING_AG03,FALSE,NOT_FOR_ENFORCEMENT,-59.2118,3495.5343,-61.6790,-59.2118,-2.4672,-0.01566664,-0.01503997,-2.4672,-59.2118,-0.01503997,-2.4672,-2.4672,-3.0839,-3.0839,-3.0839,-59.2118,-0.01503997,-14.1862,-12.9429,-47.4928,-48.7361,-0.01206331,-0.0123791,-0.00062667,9.4186,8.7110,-0.1476,-3.2463,-0.4502,207.2086,22.0000,3.5960,9.6203,5.2352,7.5576,12.6392,15.627,20.78,34.6465,6.8057,0.0,2.749529,4.584305,1.246232,28,74,21,2,0.01278769,-0.01566664,0.55128205,0E-8,0.000000,0.924871,0.000000,-0.57429257,2026-03-26,2026-07-19,19,137,114,116,0.163793,0.373796,0.381804,0.042626,,,,,,,,GLOBAL_BASELINE_NO_ENTITY_RANKING,,,NOT_APPLICABLE_GLOBAL_BASELINE,HF9g-P5,,,,X 全窗基线 · 不参与实体赏罚,3926106,393,A168_HF9F_20260827_0900,2026-08-27 09:00:00
2026-04-29,140084677,2129,0,5.2351909536,0E-10,0E-10,,1,1,0.50665070000000000,0.506650700000,,,,0E-17,NO_DECISIVE_ROUND,R03b_20260811_FULL_v1,L1_ELIGIBILITY,v2026-08-11,2026-03-21..2026-08-06,baccarat_bet02_101_all_pairs_incl_sentinel,round_win = game_pnl > 0 (decisive only),COMPATIBILITY_ONLY_NOT_PRODUCTION,3936.9634,3641.1815,-61.6790,418,418,0.01566664,-0.55128205,0.02301052,0.01566664,61.6790,3936.9634,OK,0.0000,-2.4672,4.0000,96.0000,AG03-UNRESOLVED,ALL5_LEVELS_bet23_to_bet27,-2.4672,-2.4672,-3.0839,-3.0839,-3.0839,4.000000,4.000000,5.000000,5.000000,5.000000,96.000000,96.000000,95.000000,95.000000,95.000000,5.0,-14.1862,-12.9429,-47.4928,-48.7361,PENDING_AG03,FALSE,NOT_FOR_ENFORCEMENT,-59.2118,3495.5343,-61.6790,-59.2118,-2.4672,-0.01566664,-0.01503997,-2.4672,-59.2118,-0.01503997,-2.4672,-2.4672,-3.0839,-3.0839,-3.0839,-59.2118,-0.01503997,-14.1862,-12.9429,-47.4928,-48.7361,-0.01206331,-0.0123791,-0.00062667,9.4186,8.7110,-0.1476,-3.2463,-0.4502,207.2086,22.0000,3.5960,9.6203,5.2352,7.5576,12.6392,15.627,20.78,34.6465,6.8057,0.0,2.749529,4.584305,1.246232,28,74,21,2,0.01278769,-0.01566664,0.55128205,0E-8,0.000000,0.924871,0.000000,-0.57429257,2026-03-26,2026-07-19,19,137,114,116,0.163793,0.373796,0.381804,0.042626,,,,,,,,GLOBAL_BASELINE_NO_ENTITY_RANKING,,,NOT_APPLICABLE_GLOBAL_BASELINE,HF9g-P5,,,,X 全窗基线 · 不参与实体赏罚,3926107,393,A168_HF9F_20260827_0900,2026-08-27 09:00:00
2026-04-29,140084677,2201,0,22.5113211005,5.6278302750,5.6278302750,0.7500000,5,5,0.50665070000000000,0.506650700000,0.9734833216690844,0.9734833216690844,0.9734833216690844,0E-17,ELIGIBLE,R03b_20260811_FULL_v1,L1_ELIGIBILITY,v2026-08-11,2026-03-21..2026-08-06,baccarat_bet02_101_all_pairs_incl_sentinel,round_win = game_pnl > 0 (decisive only),COMPATIBILITY_ONLY_NOT_PRODUCTION,3936.9634,3641.1815,-61.6790,418,418,0.01566664,-0.55128205,0.02301052,0.01566664,61.6790,3936.9634,OK,0.0000,-2.4672,4.0000,96.0000,AG03-UNRESOLVED,ALL5_LEVELS_bet23_to_bet27,-2.4672,-2.4672,-3.0839,-3.0839,-3.0839,4.000000,4.000000,5.000000,5.000000,5.000000,96.000000,96.000000,95.000000,95.000000,95.000000,5.0,-14.1862,-12.9429,-47.4928,-48.7361,PENDING_AG03,FALSE,NOT_FOR_ENFORCEMENT,-59.2118,3495.5343,-61.6790,-59.2118,-2.4672,-0.01566664,-0.01503997,-2.4672,-59.2118,-0.01503997,-2.4672,-2.4672,-3.0839,-3.0839,-3.0839,-59.2118,-0.01503997,-14.1862,-12.9429,-47.4928,-48.7361,-0.01206331,-0.0123791,-0.00062667,9.4186,8.7110,-0.1476,-3.2463,-0.4502,207.2086,22.0000,3.5960,9.6203,5.2352,7.5576,12.6392,15.627,20.78,34.6465,6.8057,0.0,2.749529,4.584305,1.246232,28,74,21,2,0.01278769,-0.01566664,0.55128205,0E-8,0.000000,0.924871,0.000000,-0.57429257,2026-03-26,2026-07-19,19,137,114,116,0.163793,0.373796,0.381804,0.042626,,,,,,,,GLOBAL_BASELINE_NO_ENTITY_RANKING,,,NOT_APPLICABLE_GLOBAL_BASELINE,HF9g-P5,,,,X 全窗基线 · 不参与实体赏罚,3926108,393,A168_HF9F_20260827_0900,2026-08-27 09:00:00
2026-04-29,140084677,595,0,13.0879773840,7.4601471089,7.4601471089,1.0000000,3,3,0.50665070000000000,0.506650700000,1.3955260008387969,1.3955260008387969,1.3955260008387969,0E-17,ELIGIBLE,R03b_20260811_FULL_v1,L1_ELIGIBILITY,v2026-08-11,2026-03-21..2026-08-06,baccarat_bet02_101_all_pairs_incl_sentinel,round_win = game_pnl > 0 (decisive only),COMPATIBILITY_ONLY_NOT_PRODUCTION,3936.9634,3641.1815,-61.6790,418,418,0.01566664,-0.55128205,0.02301052,0.01566664,61.6790,3936.9634,OK,0.0000,-2.4672,4.0000,96.0000,AG03-UNRESOLVED,ALL5_LEVELS_bet23_to_bet27,-2.4672,-2.4672,-3.0839,-3.0839,-3.0839,4.000000,4.000000,5.000000,5.000000,5.000000,96.000000,96.000000,95.000000,95.000000,95.000000,5.0,-14.1862,-12.9429,-47.4928,-48.7361,PENDING_AG03,FALSE,NOT_FOR_ENFORCEMENT,-59.2118,3495.5343,-61.6790,-59.2118,-2.4672,-0.01566664,-0.01503997,-2.4672,-59.2118,-0.01503997,-2.4672,-2.4672,-3.0839,-3.0839,-3.0839,-59.2118,-0.01503997,-14.1862,-12.9429,-47.4928,-48.7361,-0.01206331,-0.0123791,-0.00062667,9.4186,8.7110,-0.1476,-3.2463,-0.4502,207.2086,22.0000,3.5960,9.6203,5.2352,7.5576,12.6392,15.627,20.78,34.6465,6.8057,0.0,2.749529,4.584305,1.246232,28,74,21,2,0.01278769,-0.01566664,0.55128205,0E-8,0.000000,0.924871,0.000000,-0.57429257,2026-03-26,2026-07-19,19,137,114,116,0.163793,0.373796,0.381804,0.042626,,,,,,,,GLOBAL_BASELINE_NO_ENTITY_RANKING,,,NOT_APPLICABLE_GLOBAL_BASELINE,HF9g-P5,,,,X 全窗基线 · 不参与实体赏罚,3926109,393,A168_HF9F_20260827_0900,2026-08-27 09:00:00
2026-04-29,140084677,752,0,13.6114964794,6.8057482396,6.8057482396,0.6666667,3,3,0.50665070000000000,0.506650700000,0.5543606114942035,0.5543606114942035,0.5543606114942035,0E-17,ELIGIBLE,R03b_20260811_FULL_v1,L1_ELIGIBILITY,v2026-08-11,2026-03-21..2026-08-06,baccarat_bet02_101_all_pairs_incl_sentinel,round_win = game_pnl > 0 (decisive only),COMPATIBILITY_ONLY_NOT_PRODUCTION,3936.9634,3641.1815,-61.6790,418,418,0.01566664,-0.55128205,0.02301052,0.01566664,61.6790,3936.9634,OK,0.0000,-2.4672,4.0000,96.0000,AG03-UNRESOLVED,ALL5_LEVELS_bet23_to_bet27,-2.4672,-2.4672,-3.0839,-3.0839,-3.0839,4.000000,4.000000,5.000000,5.000000,5.000000,96.000000,96.000000,95.000000,95.000000,95.000000,5.0,-14.1862,-12.9429,-47.4928,-48.7361,PENDING_AG03,FALSE,NOT_FOR_ENFORCEMENT,-59.2118,3495.5343,-61.6790,-59.2118,-2.4672,-0.01566664,-0.01503997,-2.4672,-59.2118,-0.01503997,-2.4672,-2.4672,-3.0839,-3.0839,-3.0839,-59.2118,-0.01503997,-14.1862,-12.9429,-47.4928,-48.7361,-0.01206331,-0.0123791,-0.00062667,9.4186,8.7110,-0.1476,-3.2463,-0.4502,207.2086,22.0000,3.5960,9.6203,5.2352,7.5576,12.6392,15.627,20.78,34.6465,6.8057,0.0,2.749529,4.584305,1.246232,28,74,21,2,0.01278769,-0.01566664,0.55128205,0E-8,0.000000,0.924871,0.000000,-0.57429257,2026-03-26,2026-07-19,19,137,114,116,0.163793,0.373796,0.381804,0.042626,,,,,,,,GLOBAL_BASELINE_NO_ENTITY_RANKING,,,NOT_APPLICABLE_GLOBAL_BASELINE,HF9g-P5,,,,X 全窗基线 · 不参与实体赏罚,3926110,393,A168_HF9F_20260827_0900,2026-08-27 09:00:00
2026-05-04,140084677,2220,0,18.9403767318,-3.8269939287,-3.8269939287,0.5000000,3,3,0.50665070000000000,0.506650700000,-0.018812684590367487,-0.018812684590367487,-0.018812684590367487,0E-17,ELIGIBLE,R03b_20260811_FULL_v1,L1_ELIGIBILITY,v2026-08-11,2026-03-21..2026-08-06,baccarat_bet02_101_all_pairs_incl_sentinel,round_win = game_pnl > 0 (decisive only),COMPATIBILITY_ONLY_NOT_PRODUCTION,3936.9634,3641.1815,-61.6790,418,418,0.01566664,-0.55128205,0.02301052,0.01566664,61.6790,3936.9634,OK,0.0000,-2.4672,4.0000,96.0000,AG03-UNRESOLVED,ALL5_LEVELS_bet23_to_bet27,-2.4672,-2.4672,-3.0839,-3.0839,-3.0839,4.000000,4.000000,5.000000,5.000000,5.000000,96.000000,96.000000,95.000000,95.000000,95.000000,5.0,-14.1862,-12.9429,-47.4928,-48.7361,PENDING_AG03,FALSE,NOT_FOR_ENFORCEMENT,-59.2118,3495.5343,-61.6790,-59.2118,-2.4672,-0.01566664,-0.01503997,-2.4672,-59.2118,-0.01503997,-2.4672,-2.4672,-3.0839,-3.0839,-3.0839,-59.2118,-0.01503997,-14.1862,-12.9429,-47.4928,-48.7361,-0.01206331,-0.0123791,-0.00062667,9.4186,8.7110,-0.1476,-3.2463,-0.4502,207.2086,22.0000,3.5960,9.6203,5.2352,7.5576,12.6392,15.627,20.78,34.6465,6.8057,0.0,2.749529,4.584305,1.246232,28,74,21,2,0.01278769,-0.01566664,0.55128205,0E-8,0.000000,0.924871,0.000000,-0.57429257,2026-03-26,2026-07-19,19,137,114,116,0.163793,0.373796,0.381804,0.042626,,,,,,,,GLOBAL_BASELINE_NO_ENTITY_RANKING,,,NOT_APPLICABLE_GLOBAL_BASELINE,HF9g-P5,,,,X 全窗基线 · 不参与实体赏罚,3926111,393,A168_HF9F_20260827_0900,2026-08-27 09:00:00
2026-05-07,140084677,1396,0,23.0916921800,-2.7243007628,-2.7243007628,0.6666667,4,4,0.50665070000000000,0.506650700000,0.5543606114942035,0.5543606114942035,0.5543606114942035,0E-17,ELIGIBLE,R03b_20260811_FULL_v1,L1_ELIGIBILITY,v2026-08-11,2026-03-21..2026-08-06,baccarat_bet02_101_all_pairs_incl_sentinel,round_win = game_pnl > 0 (decisive only),COMPATIBILITY_ONLY_NOT_PRODUCTION,3936.9634,3641.1815,-61.6790,418,418,0.01566664,-0.55128205,0.02301052,0.01566664,61.6790,3936.9634,OK,0.0000,-2.4672,4.0000,96.0000,AG03-UNRESOLVED,ALL5_LEVELS_bet23_to_bet27,-2.4672,-2.4672,-3.0839,-3.0839,-3.0839,4.000000,4.000000,5.000000,5.000000,5.000000,96.000000,96.000000,95.000000,95.000000,95.000000,5.0,-14.1862,-12.9429,-47.4928,-48.7361,PENDING_AG03,FALSE,NOT_FOR_ENFORCEMENT,-59.2118,3495.5343,-61.6790,-59.2118,-2.4672,-0.01566664,-0.01503997,-2.4672,-59.2118,-0.01503997,-2.4672,-2.4672,-3.0839,-3.0839,-3.0839,-59.2118,-0.01503997,-14.1862,-12.9429,-47.4928,-48.7361,-0.01206331,-0.0123791,-0.00062667,9.4186,8.7110,-0.1476,-3.2463,-0.4502,207.2086,22.0000,3.5960,9.6203,5.2352,7.5576,12.6392,15.627,20.78,34.6465,6.8057,0.0,2.749529,4.584305,1.246232,28,74,21,2,0.01278769,-0.01566664,0.55128205,0E-8,0.000000,0.924871,0.000000,-0.57429257,2026-03-26,2026-07-19,19,137,114,116,0.163793,0.373796,0.381804,0.042626,,,,,,,,GLOBAL_BASELINE_NO_ENTITY_RANKING,,,NOT_APPLICABLE_GLOBAL_BASELINE,HF9g-P5,,,,X 全窗基线 · 不参与实体赏罚,3926112,393,A168_HF9F_20260827_0900,2026-08-27 09:00:00
2026-05-14,140084677,-1,1,17.6430906543,-6.0064345389,-6.0064345389,0.5000000,2,2,0.50665070000000000,0.506650700000,-0.018812684590367487,-0.018812684590367487,-0.018812684590367487,0E-17,SENTINEL_DEALER,R03b_20260811_FULL_v1,L1_ELIGIBILITY,v2026-08-11,2026-03-21..2026-08-06,baccarat_bet02_101_all_pairs_incl_sentinel,round_win = game_pnl > 0 (decisive only),COMPATIBILITY_ONLY_NOT_PRODUCTION,3936.9634,3641.1815,-61.6790,418,418,0.01566664,-0.55128205,0.02301052,0.01566664,61.6790,3936.9634,OK,0.0000,-2.4672,4.0000,96.0000,AG03-UNRESOLVED,ALL5_LEVELS_bet23_to_bet27,-2.4672,-2.4672,-3.0839,-3.0839,-3.0839,4.000000,4.000000,5.000000,5.000000,5.000000,96.000000,96.000000,95.000000,95.000000,95.000000,5.0,-14.1862,-12.9429,-47.4928,-48.7361,PENDING_AG03,FALSE,NOT_FOR_ENFORCEMENT,-59.2118,3495.5343,-61.6790,-59.2118,-2.4672,-0.01566664,-0.01503997,-2.4672,-59.2118,-0.01503997,-2.4672,-2.4672,-3.0839,-3.0839,-3.0839,-59.2118,-0.01503997,-14.1862,-12.9429,-47.4928,-48.7361,-0.01206331,-0.0123791,-0.00062667,9.4186,8.7110,-0.1476,-3.2463,-0.4502,207.2086,22.0000,3.5960,9.6203,5.2352,7.5576,12.6392,15.627,20.78,34.6465,6.8057,0.0,2.749529,4.584305,1.246232,28,74,21,2,0.01278769,-0.01566664,0.55128205,0E-8,0.000000,0.924871,0.000000,-0.57429257,2026-03-26,2026-07-19,19,137,114,116,0.163793,0.373796,0.381804,0.042626,,,,,,,,GLOBAL_BASELINE_NO_ENTITY_RANKING,,,NOT_APPLICABLE_GLOBAL_BASELINE,HF9g-P5,,,,X 全窗基线 · 不参与实体赏罚,3926113,393,A168_HF9F_20260827_0900,2026-08-27 09:00:00
2026-05-14,140084677,2246,0,3.1134865861,2.9578122568,2.9578122568,1.0000000,1,1,0.50665070000000000,0.506650700000,0.9867858985152569,0.9867858985152569,0.9867858985152569,0E-17,ELIGIBLE,R03b_20260811_FULL_v1,L1_ELIGIBILITY,v2026-08-11,2026-03-21..2026-08-06,baccarat_bet02_101_all_pairs_incl_sentinel,round_win = game_pnl > 0 (decisive only),COMPATIBILITY_ONLY_NOT_PRODUCTION,3936.9634,3641.1815,-61.6790,418,418,0.01566664,-0.55128205,0.02301052,0.01566664,61.6790,3936.9634,OK,0.0000,-2.4672,4.0000,96.0000,AG03-UNRESOLVED,ALL5_LEVELS_bet23_to_bet27,-2.4672,-2.4672,-3.0839,-3.0839,-3.0839,4.000000,4.000000,5.000000,5.000000,5.000000,96.000000,96.000000,95.000000,95.000000,95.000000,5.0,-14.1862,-12.9429,-47.4928,-48.7361,PENDING_AG03,FALSE,NOT_FOR_ENFORCEMENT,-59.2118,3495.5343,-61.6790,-59.2118,-2.4672,-0.01566664,-0.01503997,-2.4672,-59.2118,-0.01503997,-2.4672,-2.4672,-3.0839,-3.0839,-3.0839,-59.2118,-0.01503997,-14.1862,-12.9429,-47.4928,-48.7361,-0.01206331,-0.0123791,-0.00062667,9.4186,8.7110,-0.1476,-3.2463,-0.4502,207.2086,22.0000,3.5960,9.6203,5.2352,7.5576,12.6392,15.627,20.78,34.6465,6.8057,0.0,2.749529,4.584305,1.246232,28,74,21,2,0.01278769,-0.01566664,0.55128205,0E-8,0.000000,0.924871,0.000000,-0.57429257,2026-03-26,2026-07-19,19,137,114,116,0.163793,0.373796,0.381804,0.042626,,,,,,,,GLOBAL_BASELINE_NO_ENTITY_RANKING,,,NOT_APPLICABLE_GLOBAL_BASELINE,HF9g-P5,,,,X 全窗基线 · 不参与实体赏罚,3926114,393,A168_HF9F_20260827_0900,2026-08-27 09:00:00
2026-05-21,140084677,1325,0,3.1134865861,2.9578122568,2.9578122568,1.0000000,1,1,0.50665070000000000,0.506650700000,0.9867858985152569,0.9867858985152569,0.9867858985152569,0E-17,ELIGIBLE,R03b_20260811_FULL_v1,L1_ELIGIBILITY,v2026-08-11,2026-03-21..2026-08-06,baccarat_bet02_101_all_pairs_incl_sentinel,round_win = game_pnl > 0 (decisive only),COMPATIBILITY_ONLY_NOT_PRODUCTION,3936.9634,3641.1815,-61.6790,418,418,0.01566664,-0.55128205,0.02301052,0.01566664,61.6790,3936.9634,OK,0.0000,-2.4672,4.0000,96.0000,AG03-UNRESOLVED,ALL5_LEVELS_bet23_to_bet27,-2.4672,-2.4672,-3.0839,-3.0839,-3.0839,4.000000,4.000000,5.000000,5.000000,5.000000,96.000000,96.000000,95.000000,95.000000,95.000000,5.0,-14.1862,-12.9429,-47.4928,-48.7361,PENDING_AG03,FALSE,NOT_FOR_ENFORCEMENT,-59.2118,3495.5343,-61.6790,-59.2118,-2.4672,-0.01566664,-0.01503997,-2.4672,-59.2118,-0.01503997,-2.4672,-2.4672,-3.0839,-3.0839,-3.0839,-59.2118,-0.01503997,-14.1862,-12.9429,-47.4928,-48.7361,-0.01206331,-0.0123791,-0.00062667,9.4186,8.7110,-0.1476,-3.2463,-0.4502,207.2086,22.0000,3.5960,9.6203,5.2352,7.5576,12.6392,15.627,20.78,34.6465,6.8057,0.0,2.749529,4.584305,1.246232,28,74,21,2,0.01278769,-0.01566664,0.55128205,0E-8,0.000000,0.924871,0.000000,-0.57429257,2026-03-26,2026-07-19,19,137,114,116,0.163793,0.373796,0.381804,0.042626,,,,,,,,GLOBAL_BASELINE_NO_ENTITY_RANKING,,,NOT_APPLICABLE_GLOBAL_BASELINE,HF9g-P5,,,,X 全窗基线 · 不参与实体赏罚,3926115,393,A168_HF9F_20260827_0900,2026-08-27 09:00:00
2026-05-21,140084677,1702,0,5.1891443101,-5.1891443101,-5.1891443101,0E-7,1,1,0.50665070000000000,0.506650700000,-1.013391052207602,-1.013391052207602,-1.013391052207602,0E-17,ELIGIBLE,R03b_20260811_FULL_v1,L1_ELIGIBILITY,v2026-08-11,2026-03-21..2026-08-06,baccarat_bet02_101_all_pairs_incl_sentinel,round_win = game_pnl > 0 (decisive only),COMPATIBILITY_ONLY_NOT_PRODUCTION,3936.9634,3641.1815,-61.6790,418,418,0.01566664,-0.55128205,0.02301052,0.01566664,61.6790,3936.9634,OK,0.0000,-2.4672,4.0000,96.0000,AG03-UNRESOLVED,ALL5_LEVELS_bet23_to_bet27,-2.4672,-2.4672,-3.0839,-3.0839,-3.0839,4.000000,4.000000,5.000000,5.000000,5.000000,96.000000,96.000000,95.000000,95.000000,95.000000,5.0,-14.1862,-12.9429,-47.4928,-48.7361,PENDING_AG03,FALSE,NOT_FOR_ENFORCEMENT,-59.2118,3495.5343,-61.6790,-59.2118,-2.4672,-0.01566664,-0.01503997,-2.4672,-59.2118,-0.01503997,-2.4672,-2.4672,-3.0839,-3.0839,-3.0839,-59.2118,-0.01503997,-14.1862,-12.9429,-47.4928,-48.7361,-0.01206331,-0.0123791,-0.00062667,9.4186,8.7110,-0.1476,-3.2463,-0.4502,207.2086,22.0000,3.5960,9.6203,5.2352,7.5576,12.6392,15.627,20.78,34.6465,6.8057,0.0,2.749529,4.584305,1.246232,28,74,21,2,0.01278769,-0.01566664,0.55128205,0E-8,0.000000,0.924871,0.000000,-0.57429257,2026-03-26,2026-07-19,19,137,114,116,0.163793,0.373796,0.381804,0.042626,,,,,,,,GLOBAL_BASELINE_NO_ENTITY_RANKING,,,NOT_APPLICABLE_GLOBAL_BASELINE,HF9g-P5,,,,X 全窗基线 · 不参与实体赏罚,3926116,393,A168_HF9F_20260827_0900,2026-08-27 09:00:00
2026-05-27,140084677,1401,0,3.3729438016,-3.3729438016,-3.3729438016,0E-7,1,1,0.50665070000000000,0.506650700000,-1.013391052207602,-1.013391052207602,-1.013391052207602,0E-17,ELIGIBLE,R03b_20260811_FULL_v1,L1_ELIGIBILITY,v2026-08-11,2026-03-21..2026-08-06,baccarat_bet02_101_all_pairs_incl_sentinel,round_win = game_pnl > 0 (decisive only),COMPATIBILITY_ONLY_NOT_PRODUCTION,3936.9634,3641.1815,-61.6790,418,418,0.01566664,-0.55128205,0.02301052,0.01566664,61.6790,3936.9634,OK,0.0000,-2.4672,4.0000,96.0000,AG03-UNRESOLVED,ALL5_LEVELS_bet23_to_bet27,-2.4672,-2.4672,-3.0839,-3.0839,-3.0839,4.000000,4.000000,5.000000,5.000000,5.000000,96.000000,96.000000,95.000000,95.000000,95.000000,5.0,-14.1862,-12.9429,-47.4928,-48.7361,PENDING_AG03,FALSE,NOT_FOR_ENFORCEMENT,-59.2118,3495.5343,-61.6790,-59.2118,-2.4672,-0.01566664,-0.01503997,-2.4672,-59.2118,-0.01503997,-2.4672,-2.4672,-3.0839,-3.0839,-3.0839,-59.2118,-0.01503997,-14.1862,-12.9429,-47.4928,-48.7361,-0.01206331,-0.0123791,-0.00062667,9.4186,8.7110,-0.1476,-3.2463,-0.4502,207.2086,22.0000,3.5960,9.6203,5.2352,7.5576,12.6392,15.627,20.78,34.6465,6.8057,0.0,2.749529,4.584305,1.246232,28,74,21,2,0.01278769,-0.01566664,0.55128205,0E-8,0.000000,0.924871,0.000000,-0.57429257,2026-03-26,2026-07-19,19,137,114,116,0.163793,0.373796,0.381804,0.042626,,,,,,,,GLOBAL_BASELINE_NO_ENTITY_RANKING,,,NOT_APPLICABLE_GLOBAL_BASELINE,HF9g-P5,,,,X 全窗基线 · 不参与实体赏罚,3926117,393,A168_HF9F_20260827_0900,2026-08-27 09:00:00
2026-07-19,140084677,1396,0,15.2324890920,-0.1290888906,-0.1290888906,0.6000000,5,5,0.50396966000000000,0.503969660000,0.4294742719815242,0.4294742719815242,0.4294742719815242,0E-17,ELIGIBLE,R03b_20260811_FULL_v1,L1_ELIGIBILITY,v2026-08-11,2026-03-21..2026-08-06,baccarat_bet02_101_all_pairs_incl_sentinel,round_win = game_pnl > 0 (decisive only),COMPATIBILITY_ONLY_NOT_PRODUCTION,3936.9634,3641.1815,-61.6790,418,418,0.01566664,-0.55128205,0.02301052,0.01566664,61.6790,3936.9634,OK,0.0000,-2.4672,4.0000,96.0000,AG03-UNRESOLVED,ALL5_LEVELS_bet23_to_bet27,-2.4672,-2.4672,-3.0839,-3.0839,-3.0839,4.000000,4.000000,5.000000,5.000000,5.000000,96.000000,96.000000,95.000000,95.000000,95.000000,5.0,-14.1862,-12.9429,-47.4928,-48.7361,PENDING_AG03,FALSE,NOT_FOR_ENFORCEMENT,-59.2118,3495.5343,-61.6790,-59.2118,-2.4672,-0.01566664,-0.01503997,-2.4672,-59.2118,-0.01503997,-2.4672,-2.4672,-3.0839,-3.0839,-3.0839,-59.2118,-0.01503997,-14.1862,-12.9429,-47.4928,-48.7361,-0.01206331,-0.0123791,-0.00062667,9.4186,8.7110,-0.1476,-3.2463,-0.4502,207.2086,22.0000,3.5960,9.6203,5.2352,7.5576,12.6392,15.627,20.78,34.6465,6.8057,0.0,2.749529,4.584305,1.246232,28,74,21,2,0.01278769,-0.01566664,0.55128205,0E-8,0.000000,0.924871,0.000000,-0.57429257,2026-03-26,2026-07-19,19,137,114,116,0.163793,0.373796,0.381804,0.042626,,,,,,,,GLOBAL_BASELINE_NO_ENTITY_RANKING,,,NOT_APPLICABLE_GLOBAL_BASELINE,HF9g-P5,,,,X 全窗基线 · 不参与实体赏罚,3926118,393,A168_HF9F_20260827_0900,2026-08-27 09:00:00
2026-07-19,140084677,1398,0,5.1635556244,-2.5817778122,-2.5817778122,0E-7,2,2,0.49324550000000000,0.493245500000,-0.9865810262130424,-0.9865810262130424,-0.9865810262130424,0E-17,ELIGIBLE,R03b_20260811_FULL_v1,L1_ELIGIBILITY,v2026-08-11,2026-03-21..2026-08-06,baccarat_bet02_101_all_pairs_incl_sentinel,round_win = game_pnl > 0 (decisive only),COMPATIBILITY_ONLY_NOT_PRODUCTION,3936.9634,3641.1815,-61.6790,418,418,0.01566664,-0.55128205,0.02301052,0.01566664,61.6790,3936.9634,OK,0.0000,-2.4672,4.0000,96.0000,AG03-UNRESOLVED,ALL5_LEVELS_bet23_to_bet27,-2.4672,-2.4672,-3.0839,-3.0839,-3.0839,4.000000,4.000000,5.000000,5.000000,5.000000,96.000000,96.000000,95.000000,95.000000,95.000000,5.0,-14.1862,-12.9429,-47.4928,-48.7361,PENDING_AG03,FALSE,NOT_FOR_ENFORCEMENT,-59.2118,3495.5343,-61.6790,-59.2118,-2.4672,-0.01566664,-0.01503997,-2.4672,-59.2118,-0.01503997,-2.4672,-2.4672,-3.0839,-3.0839,-3.0839,-59.2118,-0.01503997,-14.1862,-12.9429,-47.4928,-48.7361,-0.01206331,-0.0123791,-0.00062667,9.4186,8.7110,-0.1476,-3.2463,-0.4502,207.2086,22.0000,3.5960,9.6203,5.2352,7.5576,12.6392,15.627,20.78,34.6465,6.8057,0.0,2.749529,4.584305,1.246232,28,74,21,2,0.01278769,-0.01566664,0.55128205,0E-8,0.000000,0.924871,0.000000,-0.57429257,2026-03-26,2026-07-19,19,137,114,116,0.163793,0.373796,0.381804,0.042626,,,,,,,,GLOBAL_BASELINE_NO_ENTITY_RANKING,,,NOT_APPLICABLE_GLOBAL_BASELINE,HF9g-P5,,,,X 全窗基线 · 不参与实体赏罚,3926119,393,A168_HF9F_20260827_0900,2026-08-27 09:00:00
2026-07-19,140084677,1645,0,10.3271112488,-10.3271112488,-10.3271112488,0E-7,2,2,0.49994810000000000,0.499948100000,-1.4140667746232096,-1.4140667746232096,-1.4140667746232096,0E-17,ELIGIBLE,R03b_20260811_FULL_v1,L1_ELIGIBILITY,v2026-08-11,2026-03-21..2026-08-06,baccarat_bet02_101_all_pairs_incl_sentinel,round_win = game_pnl > 0 (decisive only),COMPATIBILITY_ONLY_NOT_PRODUCTION,3936.9634,3641.1815,-61.6790,418,418,0.01566664,-0.55128205,0.02301052,0.01566664,61.6790,3936.9634,OK,0.0000,-2.4672,4.0000,96.0000,AG03-UNRESOLVED,ALL5_LEVELS_bet23_to_bet27,-2.4672,-2.4672,-3.0839,-3.0839,-3.0839,4.000000,4.000000,5.000000,5.000000,5.000000,96.000000,96.000000,95.000000,95.000000,95.000000,5.0,-14.1862,-12.9429,-47.4928,-48.7361,PENDING_AG03,FALSE,NOT_FOR_ENFORCEMENT,-59.2118,3495.5343,-61.6790,-59.2118,-2.4672,-0.01566664,-0.01503997,-2.4672,-59.2118,-0.01503997,-2.4672,-2.4672,-3.0839,-3.0839,-3.0839,-59.2118,-0.01503997,-14.1862,-12.9429,-47.4928,-48.7361,-0.01206331,-0.0123791,-0.00062667,9.4186,8.7110,-0.1476,-3.2463,-0.4502,207.2086,22.0000,3.5960,9.6203,5.2352,7.5576,12.6392,15.627,20.78,34.6465,6.8057,0.0,2.749529,4.584305,1.246232,28,74,21,2,0.01278769,-0.01566664,0.55128205,0E-8,0.000000,0.924871,0.000000,-0.57429257,2026-03-26,2026-07-19,19,137,114,116,0.163793,0.373796,0.381804,0.042626,,,,,,,,GLOBAL_BASELINE_NO_ENTITY_RANKING,,,NOT_APPLICABLE_GLOBAL_BASELINE,HF9g-P5,,,,X 全窗基线 · 不参与实体赏罚,3926120,393,A168_HF9F_20260827_0900,2026-08-27 09:00:00
2026-07-19,140084677,1710,0,4.6472000620,-4.6472000620,-4.6472000620,0E-7,1,1,0.49324550000000000,0.493245500000,-0.9865810262130424,-0.9865810262130424,-0.9865810262130424,0E-17,ELIGIBLE,R03b_20260811_FULL_v1,L1_ELIGIBILITY,v2026-08-11,2026-03-21..2026-08-06,baccarat_bet02_101_all_pairs_incl_sentinel,round_win = game_pnl > 0 (decisive only),COMPATIBILITY_ONLY_NOT_PRODUCTION,3936.9634,3641.1815,-61.6790,418,418,0.01566664,-0.55128205,0.02301052,0.01566664,61.6790,3936.9634,OK,0.0000,-2.4672,4.0000,96.0000,AG03-UNRESOLVED,ALL5_LEVELS_bet23_to_bet27,-2.4672,-2.4672,-3.0839,-3.0839,-3.0839,4.000000,4.000000,5.000000,5.000000,5.000000,96.000000,96.000000,95.000000,95.000000,95.000000,5.0,-14.1862,-12.9429,-47.4928,-48.7361,PENDING_AG03,FALSE,NOT_FOR_ENFORCEMENT,-59.2118,3495.5343,-61.6790,-59.2118,-2.4672,-0.01566664,-0.01503997,-2.4672,-59.2118,-0.01503997,-2.4672,-2.4672,-3.0839,-3.0839,-3.0839,-59.2118,-0.01503997,-14.1862,-12.9429,-47.4928,-48.7361,-0.01206331,-0.0123791,-0.00062667,9.4186,8.7110,-0.1476,-3.2463,-0.4502,207.2086,22.0000,3.5960,9.6203,5.2352,7.5576,12.6392,15.627,20.78,34.6465,6.8057,0.0,2.749529,4.584305,1.246232,28,74,21,2,0.01278769,-0.01566664,0.55128205,0E-8,0.000000,0.924871,0.000000,-0.57429257,2026-03-26,2026-07-19,19,137,114,116,0.163793,0.373796,0.381804,0.042626,,,,,,,,GLOBAL_BASELINE_NO_ENTITY_RANKING,,,NOT_APPLICABLE_GLOBAL_BASELINE,HF9g-P5,,,,X 全窗基线 · 不参与实体赏罚,3926121,393,A168_HF9F_20260827_0900,2026-08-27 09:00:00
2026-07-19,140084677,2141,0,9.8107556864,-4.9053778432,-4.9053778432,0E-7,2,2,0.50665070000000000,0.506650700000,-1.013391052207602,-1.013391052207602,-1.013391052207602,0E-17,ELIGIBLE,R03b_20260811_FULL_v1,L1_ELIGIBILITY,v2026-08-11,2026-03-21..2026-08-06,baccarat_bet02_101_all_pairs_incl_sentinel,round_win = game_pnl > 0 (decisive only),COMPATIBILITY_ONLY_NOT_PRODUCTION,3936.9634,3641.1815,-61.6790,418,418,0.01566664,-0.55128205,0.02301052,0.01566664,61.6790,3936.9634,OK,0.0000,-2.4672,4.0000,96.0000,AG03-UNRESOLVED,ALL5_LEVELS_bet23_to_bet27,-2.4672,-2.4672,-3.0839,-3.0839,-3.0839,4.000000,4.000000,5.000000,5.000000,5.000000,96.000000,96.000000,95.000000,95.000000,95.000000,5.0,-14.1862,-12.9429,-47.4928,-48.7361,PENDING_AG03,FALSE,NOT_FOR_ENFORCEMENT,-59.2118,3495.5343,-61.6790,-59.2118,-2.4672,-0.01566664,-0.01503997,-2.4672,-59.2118,-0.01503997,-2.4672,-2.4672,-3.0839,-3.0839,-3.0839,-59.2118,-0.01503997,-14.1862,-12.9429,-47.4928,-48.7361,-0.01206331,-0.0123791,-0.00062667,9.4186,8.7110,-0.1476,-3.2463,-0.4502,207.2086,22.0000,3.5960,9.6203,5.2352,7.5576,12.6392,15.627,20.78,34.6465,6.8057,0.0,2.749529,4.584305,1.246232,28,74,21,2,0.01278769,-0.01566664,0.55128205,0E-8,0.000000,0.924871,0.000000,-0.57429257,2026-03-26,2026-07-19,19,137,114,116,0.163793,0.373796,0.381804,0.042626,,,,,,,,GLOBAL_BASELINE_NO_ENTITY_RANKING,,,NOT_APPLICABLE_GLOBAL_BASELINE,HF9g-P5,,,,X 全窗基线 · 不参与实体赏罚,3926122,393,A168_HF9F_20260827_0900,2026-08-27 09:00:00
2026-07-19,140084677,994,0,5.1635556244,-5.1635556244,-5.1635556244,0E-7,2,2,0.49324550000000000,0.493245500000,-1.3952362676504506,-1.3952362676504506,-1.3952362676504506,0E-17,ELIGIBLE,R03b_20260811_FULL_v1,L1_ELIGIBILITY,v2026-08-11,2026-03-21..2026-08-06,baccarat_bet02_101_all_pairs_incl_sentinel,round_win = game_pnl > 0 (decisive only),COMPATIBILITY_ONLY_NOT_PRODUCTION,3936.9634,3641.1815,-61.6790,418,418,0.01566664,-0.55128205,0.02301052,0.01566664,61.6790,3936.9634,OK,0.0000,-2.4672,4.0000,96.0000,AG03-UNRESOLVED,ALL5_LEVELS_bet23_to_bet27,-2.4672,-2.4672,-3.0839,-3.0839,-3.0839,4.000000,4.000000,5.000000,5.000000,5.000000,96.000000,96.000000,95.000000,95.000000,95.000000,5.0,-14.1862,-12.9429,-47.4928,-48.7361,PENDING_AG03,FALSE,NOT_FOR_ENFORCEMENT,-59.2118,3495.5343,-61.6790,-59.2118,-2.4672,-0.01566664,-0.01503997,-2.4672,-59.2118,-0.01503997,-2.4672,-2.4672,-3.0839,-3.0839,-3.0839,-59.2118,-0.01503997,-14.1862,-12.9429,-47.4928,-48.7361,-0.01206331,-0.0123791,-0.00062667,9.4186,8.7110,-0.1476,-3.2463,-0.4502,207.2086,22.0000,3.5960,9.6203,5.2352,7.5576,12.6392,15.627,20.78,34.6465,6.8057,0.0,2.749529,4.584305,1.246232,28,74,21,2,0.01278769,-0.01566664,0.55128205,0E-8,0.000000,0.924871,0.000000,-0.57429257,2026-03-26,2026-07-19,19,137,114,116,0.163793,0.373796,0.381804,0.042626,,,,,,,,GLOBAL_BASELINE_NO_ENTITY_RANKING,,,NOT_APPLICABLE_GLOBAL_BASELINE,HF9g-P5,,,,X 全窗基线 · 不参与实体赏罚,3926123,393,A168_HF9F_20260827_0900,2026-08-27 09:00:00
2026-06-16,151593003,1004,0,57.8599531977,56.5356031578,56.5356031578,1.0000000,3,3,0.50218230000000000,0.502182300000,1.724507524396475,1.7245075243964754,1.724507524396475,0E-17,ELIGIBLE,R03b_20260811_FULL_v1,L1_ELIGIBILITY,v2026-08-11,2026-03-21..2026-08-06,baccarat_bet02_101_all_pairs_incl_sentinel,round_win = game_pnl > 0 (decisive only),COMPATIBILITY_ONLY_NOT_PRODUCTION,129.8635,93.8617,-61.6787,7,7,0.47495050,,0.47495050,0.47495050,61.6787,129.8635,THIN_EXPOSURE,0.0000,-2.4671,4.0000,96.0000,AG03-UNRESOLVED,ALL5_LEVELS_bet23_to_bet27,-2.4671,-2.4671,-3.0839,0.0000,0.0000,4.000000,4.000000,5.000000,0.000000,0.000000,96.000000,96.000000,95.000000,100.000000,100.000000,5.0,-8.0182,-7.6778,-53.6605,-54.0009,PENDING_AG03,FALSE,NOT_FOR_ENFORCEMENT,-59.2116,90.1072,-61.6787,-59.2116,-2.4671,-0.47495050,-0.45595248,-2.4671,-59.2116,-0.45595248,-2.4671,-2.4671,-3.0839,0.0000,0.0000,-59.2116,-0.45595248,-8.0182,-7.6778,-53.6605,-54.0009,-0.41320693,-0.41582866,-0.01899802,18.5519,13.4088,-8.8112,-61.6787,-61.6787,129.8635,7.0000,,18.5519,15.4293,16.2008,20.5724,29.2128,31.373,31.373,15.4293,9.7719,1.936508,1.936508,1.145125,1,2,1,2,0E-8,-0.47495050,,0E-8,0.000000,0.722772,0.000000,,2026-06-16,2026-06-16,1,1,1,1,1.000000,,,0.000000,,,,,,,,GLOBAL_BASELINE_NO_ENTITY_RANKING,,,NOT_APPLICABLE_GLOBAL_BASELINE,HF9g-P5,,,,X 全窗基线 · 不参与实体赏罚,3926124,393,A168_HF9F_20260827_0900,2026-08-27 09:00:00
2026-06-16,151593003,1109,0,72.0034973126,5.1431069509,5.1431069509,0.5000000,4,4,0.49659680000000000,0.496596800000,0.009625926164049043,0.009625926164049045,0.009625926164049043,0E-17,ELIGIBLE,R03b_20260811_FULL_v1,L1_ELIGIBILITY,v2026-08-11,2026-03-21..2026-08-06,baccarat_bet02_101_all_pairs_incl_sentinel,round_win = game_pnl > 0 (decisive only),COMPATIBILITY_ONLY_NOT_PRODUCTION,129.8635,93.8617,-61.6787,7,7,0.47495050,,0.47495050,0.47495050,61.6787,129.8635,THIN_EXPOSURE,0.0000,-2.4671,4.0000,96.0000,AG03-UNRESOLVED,ALL5_LEVELS_bet23_to_bet27,-2.4671,-2.4671,-3.0839,0.0000,0.0000,4.000000,4.000000,5.000000,0.000000,0.000000,96.000000,96.000000,95.000000,100.000000,100.000000,5.0,-8.0182,-7.6778,-53.6605,-54.0009,PENDING_AG03,FALSE,NOT_FOR_ENFORCEMENT,-59.2116,90.1072,-61.6787,-59.2116,-2.4671,-0.47495050,-0.45595248,-2.4671,-59.2116,-0.45595248,-2.4671,-2.4671,-3.0839,0.0000,0.0000,-59.2116,-0.45595248,-8.0182,-7.6778,-53.6605,-54.0009,-0.41320693,-0.41582866,-0.01899802,18.5519,13.4088,-8.8112,-61.6787,-61.6787,129.8635,7.0000,,18.5519,15.4293,16.2008,20.5724,29.2128,31.373,31.373,15.4293,9.7719,1.936508,1.936508,1.145125,1,2,1,2,0E-8,-0.47495050,,0E-8,0.000000,0.722772,0.000000,,2026-06-16,2026-06-16,1,1,1,1,1.000000,,,0.000000,,,,,,,,GLOBAL_BASELINE_NO_ENTITY_RANKING,,,NOT_APPLICABLE_GLOBAL_BASELINE,HF9g-P5,,,,X 全窗基线 · 不参与实体赏罚,3926125,393,A168_HF9F_20260827_0900,2026-08-27 09:00:00
2026-03-28,147887520,2141,0,39.4975906470,38.1810042920,38.1810042920,1.0000000,3,3,0.50218230000000000,0.502182300000,1.724507524396475,1.7245075243964754,1.724507524396475,0E-17,ELIGIBLE,R03b_20260811_FULL_v1,L1_ELIGIBILITY,v2026-08-11,2026-03-21..2026-08-06,baccarat_bet02_101_all_pairs_incl_sentinel,round_win = game_pnl > 0 (decisive only),COMPATIBILITY_ONLY_NOT_PRODUCTION,130.0787,116.9129,-61.0369,10,10,0.46923077,,0.46923077,0.46923077,61.0369,130.0787,THIN_EXPOSURE,0.0000,-1.8311,3.0000,97.0000,AG03-UNRESOLVED,ALL5_LEVELS_bet23_to_bet27,-1.8311,-1.8311,-1.8311,-2.4415,-2.4415,3.000000,3.000000,3.000000,4.000000,4.000000,97.000000,97.000000,97.000000,96.000000,96.000000,5.0,-10.3763,-9.6976,-50.6607,-51.3394,PENDING_AG03,FALSE,NOT_FOR_ENFORCEMENT,-59.2058,113.4055,-61.0369,-59.2058,-1.8311,-0.46923077,-0.45515385,-1.8311,-59.2058,-0.45515385,-1.8311,-1.8311,-1.8311,-2.4415,-2.4415,-59.2058,-0.45515385,-10.3763,-9.6976,-50.6607,-51.3394,-0.38946154,-0.39467912,-0.01407692,13.0079,11.6913,-6.1037,-61.0369,-61.0369,130.0787,10.0000,,13.0079,13.1659,13.1659,13.1659,13.1659,13.1659,13.1659,13.1659,12.5076,1.0,1.0,0.988,1,2,1,2,0E-8,-0.46923077,,0E-8,0.000000,0.898785,0.000000,,2026-03-28,2026-03-28,1,1,1,1,1.000000,,,0.000000,,,,,,,,GLOBAL_BASELINE_NO_ENTITY_RANKING,,,NOT_APPLICABLE_GLOBAL_BASELINE,HF9g-P5,,,,X 全窗基线 · 不参与实体赏罚,3926126,393,A168_HF9F_20260827_0900,2026-08-27 09:00:00
2026-03-28,147887520,2223,0,90.5811412171,22.8559391210,22.8559391210,0.6666667,7,7,0.50090561428571429,0.500905614286,0.8120613271247304,0.8120613271233317,0.8120613271247304,-2.8571E-13,ELIGIBLE,R03b_20260811_FULL_v1,L1_ELIGIBILITY,v2026-08-11,2026-03-21..2026-08-06,baccarat_bet02_101_all_pairs_incl_sentinel,round_win = game_pnl > 0 (decisive only),COMPATIBILITY_ONLY_NOT_PRODUCTION,130.0787,116.9129,-61.0369,10,10,0.46923077,,0.46923077,0.46923077,61.0369,130.0787,THIN_EXPOSURE,0.0000,-1.8311,3.0000,97.0000,AG03-UNRESOLVED,ALL5_LEVELS_bet23_to_bet27,-1.8311,-1.8311,-1.8311,-2.4415,-2.4415,3.000000,3.000000,3.000000,4.000000,4.000000,97.000000,97.000000,97.000000,96.000000,96.000000,5.0,-10.3763,-9.6976,-50.6607,-51.3394,PENDING_AG03,FALSE,NOT_FOR_ENFORCEMENT,-59.2058,113.4055,-61.0369,-59.2058,-1.8311,-0.46923077,-0.45515385,-1.8311,-59.2058,-0.45515385,-1.8311,-1.8311,-1.8311,-2.4415,-2.4415,-59.2058,-0.45515385,-10.3763,-9.6976,-50.6607,-51.3394,-0.38946154,-0.39467912,-0.01407692,13.0079,11.6913,-6.1037,-61.0369,-61.0369,130.0787,10.0000,,13.0079,13.1659,13.1659,13.1659,13.1659,13.1659,13.1659,13.1659,12.5076,1.0,1.0,0.988,1,2,1,2,0E-8,-0.46923077,,0E-8,0.000000,0.898785,0.000000,,2026-03-28,2026-03-28,1,1,1,1,1.000000,,,0.000000,,,,,,,,GLOBAL_BASELINE_NO_ENTITY_RANKING,,,NOT_APPLICABLE_GLOBAL_BASELINE,HF9g-P5,,,,X 全窗基线 · 不参与实体赏罚,3926127,393,A168_HF9F_20260827_0900,2026-08-27 09:00:00
2026-04-08,148360741,-1,1,312.0190584620,61.6659287836,61.6659287836,0.6428571,18,18,0.50441650000000000,0.504416500000,1.0360353254572827,1.0360353254572827,1.0360353254572827,0E-17,SENTINEL_DEALER,R03b_20260811_FULL_v1,L1_ELIGIBILITY,v2026-08-11,2026-03-21..2026-08-06,baccarat_bet02_101_all_pairs_incl_sentinel,round_win = game_pnl > 0 (decisive only),COMPATIBILITY_ONLY_NOT_PRODUCTION,312.0191,248.7720,-61.6659,18,18,0.19763514,,0.19763514,0.19763514,61.6659,312.0191,THIN_EXPOSURE,0.0000,-2.4666,4.0000,96.0000,AG03-UNRESOLVED,ALL5_LEVELS_bet23_to_bet27,-2.4666,-2.4666,-2.4666,-2.4666,-2.4666,4.000000,4.000000,4.000000,4.000000,4.000000,96.000000,96.000000,96.000000,96.000000,96.000000,5.0,-12.3332,-11.3852,-49.3327,-50.2807,PENDING_AG03,FALSE,NOT_FOR_ENFORCEMENT,-59.1993,238.8211,-61.6659,-59.1993,-2.4666,-0.19763514,-0.18972973,-2.4666,-59.1993,-0.18972973,-2.4666,-2.4666,-2.4666,-2.4666,-2.4666,-59.1993,-0.18972973,-12.3332,-11.3852,-49.3327,-50.2807,-0.15810811,-0.16114629,-0.00790541,17.3344,13.8207,-3.4259,-61.6659,-61.6659,312.0191,18.0000,,17.3344,10.5412,21.0824,21.0824,21.0824,21.0824,21.0824,18.9741,5.0071,1.0,1.0,0.822222,1,1,1,2,0E-8,-0.19763514,,0E-8,0.000000,0.797297,0.000000,,2026-04-08,2026-04-08,1,1,1,1,1.000000,,,0.000000,,,,,,,,GLOBAL_BASELINE_NO_ENTITY_RANKING,,,NOT_APPLICABLE_GLOBAL_BASELINE,HF9g-P5,,,,X 全窗基线 · 不参与实体赏罚,3926128,393,A168_HF9F_20260827_0900,2026-08-27 09:00:00
2026-04-09,148436306,1966,0,189.7413193350,20.5553095946,20.5553095946,0.5454545,11,11,0.49568280909090909,0.495682809091,0.33016065675406375,0.3301606567534602,0.33016065675406375,-9.091E-14,ELIGIBLE,R03b_20260811_FULL_v1,L1_ELIGIBILITY,v2026-08-11,2026-03-21..2026-08-06,baccarat_bet02_101_all_pairs_incl_sentinel,round_win = game_pnl > 0 (decisive only),COMPATIBILITY_ONLY_NOT_PRODUCTION,358.4003,358.4003,-61.6659,19,19,0.17205882,,0.17205882,0.17205882,61.6659,358.4003,THIN_EXPOSURE,0.0000,-2.4666,4.0000,96.0000,AG03-UNRESOLVED,ALL5_LEVELS_bet23_to_bet27,-2.4666,-2.4666,-2.4666,-4.9333,-4.9333,4.000000,4.000000,4.000000,8.000000,8.000000,96.000000,96.000000,96.000000,92.000000,92.000000,5.0,-17.2665,-15.488,-44.3995,-46.1779,PENDING_AG03,FALSE,NOT_FOR_ENFORCEMENT,-59.1993,344.0643,-61.6659,-59.1993,-2.4666,-0.17205882,-0.16517647,-2.4666,-59.1993,-0.16517647,-2.4666,-2.4666,-2.4666,-4.9333,-4.9333,-59.1993,-0.16517647,-17.2665,-15.488,-44.3995,-46.1779,-0.12388235,-0.12884462,-0.00688235,18.8632,18.8632,-3.2456,-61.6659,-61.6659,358.4003,19.0000,,18.8632,21.0824,21.0824,21.0824,21.0824,21.0824,21.0824,21.0824,10.5412,1.0,1.0,0.894737,1,2,1,2,0E-8,-0.17205882,,0E-8,0.000000,1.000000,0.105263,,2026-04-09,2026-04-09,1,1,1,1,1.000000,,,0.000000,,,,,,,,GLOBAL_BASELINE_NO_ENTITY_RANKING,,,NOT_APPLICABLE_GLOBAL_BASELINE,HF9g-P5,,,,X 全窗基线 · 不参与实体赏罚,3926129,393,A168_HF9F_20260827_0900,2026-08-27 09:00:00
2026-04-09,148436306,2156,0,168.6589505200,41.1106191892,41.1106191892,0.6250000,8,8,0.49492115000000000,0.494921150000,0.7358750597491888,0.7358750597491888,0.7358750597491888,0E-17,ELIGIBLE,R03b_20260811_FULL_v1,L1_ELIGIBILITY,v2026-08-11,2026-03-21..2026-08-06,baccarat_bet02_101_all_pairs_incl_sentinel,round_win = game_pnl > 0 (decisive only),COMPATIBILITY_ONLY_NOT_PRODUCTION,358.4003,358.4003,-61.6659,19,19,0.17205882,,0.17205882,0.17205882,61.6659,358.4003,THIN_EXPOSURE,0.0000,-2.4666,4.0000,96.0000,AG03-UNRESOLVED,ALL5_LEVELS_bet23_to_bet27,-2.4666,-2.4666,-2.4666,-4.9333,-4.9333,4.000000,4.000000,4.000000,8.000000,8.000000,96.000000,96.000000,96.000000,92.000000,92.000000,5.0,-17.2665,-15.488,-44.3995,-46.1779,PENDING_AG03,FALSE,NOT_FOR_ENFORCEMENT,-59.1993,344.0643,-61.6659,-59.1993,-2.4666,-0.17205882,-0.16517647,-2.4666,-59.1993,-0.16517647,-2.4666,-2.4666,-2.4666,-4.9333,-4.9333,-59.1993,-0.16517647,-17.2665,-15.488,-44.3995,-46.1779,-0.12388235,-0.12884462,-0.00688235,18.8632,18.8632,-3.2456,-61.6659,-61.6659,358.4003,19.0000,,18.8632,21.0824,21.0824,21.0824,21.0824,21.0824,21.0824,21.0824,10.5412,1.0,1.0,0.894737,1,2,1,2,0E-8,-0.17205882,,0E-8,0.000000,1.000000,0.105263,,2026-04-09,2026-04-09,1,1,1,1,1.000000,,,0.000000,,,,,,,,GLOBAL_BASELINE_NO_ENTITY_RANKING,,,NOT_APPLICABLE_GLOBAL_BASELINE,HF9g-P5,,,,X 全窗基线 · 不参与实体赏罚,3926130,393,A168_HF9F_20260827_0900,2026-08-27 09:00:00
2026-04-12,148564516,1307,0,44.4991231056,-44.4991231056,-44.4991231056,0E-7,5,3,0.29821855636363636,0.191833950000,-1.129085990703515,-0.8438651677151852,-1.129085990703515,0.10638460636363636,ELIGIBLE,R03b_20260811_FULL_v1,L1_ELIGIBILITY,v2026-08-11,2026-03-21..2026-08-06,baccarat_bet02_101_all_pairs_incl_sentinel,round_win = game_pnl > 0 (decisive only),COMPATIBILITY_ONLY_NOT_PRODUCTION,281.9150,258.3567,-61.0292,38,26,0.21648097,,0.21648097,0.21648097,61.0292,281.9150,OK,0.0000,-1.8309,3.0000,97.0000,AG03-UNRESOLVED,ALL5_LEVELS_bet23_to_bet27,-1.8309,-1.8309,-1.8309,-2.4412,-2.4412,3.000000,3.000000,3.000000,4.000000,4.000000,97.000000,97.000000,97.000000,96.000000,96.000000,5.0,-10.3750,-9.6964,-50.6543,-51.3329,PENDING_AG03,FALSE,NOT_FOR_ENFORCEMENT,-59.1984,250.6060,-61.0292,-59.1984,-1.8309,-0.21648097,-0.20998654,-1.8309,-59.1984,-0.20998654,-1.8309,-1.8309,-1.8309,-2.4412,-2.4412,-59.1984,-0.20998654,-10.3750,-9.6964,-50.6543,-51.3329,-0.17967920,-0.18208635,-0.00649443,7.4188,9.9368,-2.3473,-61.0292,-30.5146,281.9150,26.0000,,7.4188,2.6176,5.2352,7.8528,13.088,20.9407,59.4194,3.9264,-2.6176,3.999996,11.35,1.417105,2,3,2,6,0E-8,-0.21648097,,0E-8,0.000000,0.916435,0.000000,,2026-04-12,2026-04-12,1,2,2,1,1.000000,,,0.000000,,,,,,,,GLOBAL_BASELINE_NO_ENTITY_RANKING,,,NOT_APPLICABLE_GLOBAL_BASELINE,HF9g-P5,,,,X 全窗基线 · 不参与实体赏罚,3926131,393,A168_HF9F_20260827_0900,2026-08-27 09:00:00
2026-04-12,148564516,2093,0,175.3788969456,51.6975106667,51.6975106667,0.6842105,31,21,0.43176744183673469,0.400703493651,2.2215304797024458,2.521785826465049,2.2215304797024458,0.03106394818573469,ELIGIBLE,R03b_20260811_FULL_v1,L1_ELIGIBILITY,v2026-08-11,2026-03-21..2026-08-06,baccarat_bet02_101_all_pairs_incl_sentinel,round_win = game_pnl > 0 (decisive only),COMPATIBILITY_ONLY_NOT_PRODUCTION,281.9150,258.3567,-61.0292,38,26,0.21648097,,0.21648097,0.21648097,61.0292,281.9150,OK,0.0000,-1.8309,3.0000,97.0000,AG03-UNRESOLVED,ALL5_LEVELS_bet23_to_bet27,-1.8309,-1.8309,-1.8309,-2.4412,-2.4412,3.000000,3.000000,3.000000,4.000000,4.000000,97.000000,97.000000,97.000000,96.000000,96.000000,5.0,-10.3750,-9.6964,-50.6543,-51.3329,PENDING_AG03,FALSE,NOT_FOR_ENFORCEMENT,-59.1984,250.6060,-61.0292,-59.1984,-1.8309,-0.21648097,-0.20998654,-1.8309,-59.1984,-0.20998654,-1.8309,-1.8309,-1.8309,-2.4412,-2.4412,-59.1984,-0.20998654,-10.3750,-9.6964,-50.6543,-51.3329,-0.17967920,-0.18208635,-0.00649443,7.4188,9.9368,-2.3473,-61.0292,-30.5146,281.9150,26.0000,,7.4188,2.6176,5.2352,7.8528,13.088,20.9407,59.4194,3.9264,-2.6176,3.999996,11.35,1.417105,2,3,2,6,0E-8,-0.21648097,,0E-8,0.000000,0.916435,0.000000,,2026-04-12,2026-04-12,1,2,2,1,1.000000,,,0.000000,,,,,,,,GLOBAL_BASELINE_NO_ENTITY_RANKING,,,NOT_APPLICABLE_GLOBAL_BASELINE,HF9g-P5,,,,X 全窗基线 · 不参与实体赏罚,3926132,393,A168_HF9F_20260827_0900,2026-08-27 09:00:00
2026-04-12,148564516,970,0,62.0370128000,53.8308509803,53.8308509803,0.5000000,2,2,0.29068055000000000,0.290680550000,0.6519220370232052,0.6519220370232052,0.6519220370232052,0E-17,ELIGIBLE,R03b_20260811_FULL_v1,L1_ELIGIBILITY,v2026-08-11,2026-03-21..2026-08-06,baccarat_bet02_101_all_pairs_incl_sentinel,round_win = game_pnl > 0 (decisive only),COMPATIBILITY_ONLY_NOT_PRODUCTION,281.9150,258.3567,-61.0292,38,26,0.21648097,,0.21648097,0.21648097,61.0292,281.9150,OK,0.0000,-1.8309,3.0000,97.0000,AG03-UNRESOLVED,ALL5_LEVELS_bet23_to_bet27,-1.8309,-1.8309,-1.8309,-2.4412,-2.4412,3.000000,3.000000,3.000000,4.000000,4.000000,97.000000,97.000000,97.000000,96.000000,96.000000,5.0,-10.3750,-9.6964,-50.6543,-51.3329,PENDING_AG03,FALSE,NOT_FOR_ENFORCEMENT,-59.1984,250.6060,-61.0292,-59.1984,-1.8309,-0.21648097,-0.20998654,-1.8309,-59.1984,-0.20998654,-1.8309,-1.8309,-1.8309,-2.4412,-2.4412,-59.1984,-0.20998654,-10.3750,-9.6964,-50.6543,-51.3329,-0.17967920,-0.18208635,-0.00649443,7.4188,9.9368,-2.3473,-61.0292,-30.5146,281.9150,26.0000,,7.4188,2.6176,5.2352,7.8528,13.088,20.9407,59.4194,3.9264,-2.6176,3.999996,11.35,1.417105,2,3,2,6,0E-8,-0.21648097,,0E-8,0.000000,0.916435,0.000000,,2026-04-12,2026-04-12,1,2,2,1,1.000000,,,0.000000,,,,,,,,GLOBAL_BASELINE_NO_ENTITY_RANKING,,,NOT_APPLICABLE_GLOBAL_BASELINE,HF9g-P5,,,,X 全窗基线 · 不参与实体赏罚,3926133,393,A168_HF9F_20260827_0900,2026-08-27 09:00:00
2026-03-23,139992598,1645,0,13.1658635490,13.1658635490,13.1658635490,1.0000000,1,1,0.49324550000000000,0.493245500000,1.01360149184955,1.01360149184955,1.01360149184955,0E-17,ELIGIBLE,R03b_20260811_FULL_v1,L1_ELIGIBILITY,v2026-08-11,2026-03-21..2026-08-06,baccarat_bet02_101_all_pairs_incl_sentinel,round_win = game_pnl > 0 (decisive only),COMPATIBILITY_ONLY_NOT_PRODUCTION,2630.2504,2321.3866,-61.6618,319,311,0.02344331,0.10623960,0.00306931,0.02344331,61.6618,2630.2504,OK,0.0000,-2.4665,4.0000,96.0000,AG03-UNRESOLVED,ALL5_LEVELS_bet23_to_bet27,-2.4665,-2.4665,-2.4665,0.0000,0.0000,4.000000,4.000000,4.000000,0.000000,0.000000,96.000000,96.000000,96.000000,100.000000,100.000000,5.0,-7.3994,-7.1074,-54.2624,-54.5544,PENDING_AG03,FALSE,NOT_FOR_ENFORCEMENT,-59.1953,2228.5311,-61.6618,-59.1953,-2.4665,-0.02344331,-0.02250557,-2.4665,-59.1953,-0.02250557,-2.4665,-2.4665,-2.4665,0.0000,0.0000,-59.1953,-0.02250557,-7.3994,-7.1074,-54.2624,-54.5544,-0.02063011,-0.02074114,-0.00093773,8.2453,7.4643,-0.1983,-1.0451,-0.4253,44.5805,5.2712,9.4440,7.9956,5.1431,5.9381,10.3271,15.4111,20.018,25.7155,5.1891,0.0,3.371126,4.330608,1.388544,21,85,73,2,0.19747933,-0.02344331,-0.10623960,0E-8,0.000000,0.882572,0.000000,0.10317029,2026-03-23,2026-08-04,59,145,142,135,0.437037,1.181154,1.145380,0.658264,,,,,,,,GLOBAL_BASELINE_NO_ENTITY_RANKING,,,NOT_APPLICABLE_GLOBAL_BASELINE,HF9g-P5,,,,X 全窗基线 · 不参与实体赏罚,3926134,393,A168_HF9F_20260827_0900,2026-08-27 09:00:00
2026-03-28,139992598,462,0,19.2221607815,18.2610527424,18.2610527424,1.0000000,1,1,0.50665070000000000,0.506650700000,0.9867858985152569,0.9867858985152569,0.9867858985152569,0E-17,ELIGIBLE,R03b_20260811_FULL_v1,L1_ELIGIBILITY,v2026-08-11,2026-03-21..2026-08-06,baccarat_bet02_101_all_pairs_incl_sentinel,round_win = game_pnl > 0 (decisive only),COMPATIBILITY_ONLY_NOT_PRODUCTION,2630.2504,2321.3866,-61.6618,319,311,0.02344331,0.10623960,0.00306931,0.02344331,61.6618,2630.2504,OK,0.0000,-2.4665,4.0000,96.0000,AG03-UNRESOLVED,ALL5_LEVELS_bet23_to_bet27,-2.4665,-2.4665,-2.4665,0.0000,0.0000,4.000000,4.000000,4.000000,0.000000,0.000000,96.000000,96.000000,96.000000,100.000000,100.000000,5.0,-7.3994,-7.1074,-54.2624,-54.5544,PENDING_AG03,FALSE,NOT_FOR_ENFORCEMENT,-59.1953,2228.5311,-61.6618,-59.1953,-2.4665,-0.02344331,-0.02250557,-2.4665,-59.1953,-0.02250557,-2.4665,-2.4665,-2.4665,0.0000,0.0000,-59.1953,-0.02250557,-7.3994,-7.1074,-54.2624,-54.5544,-0.02063011,-0.02074114,-0.00093773,8.2453,7.4643,-0.1983,-1.0451,-0.4253,44.5805,5.2712,9.4440,7.9956,5.1431,5.9381,10.3271,15.4111,20.018,25.7155,5.1891,0.0,3.371126,4.330608,1.388544,21,85,73,2,0.19747933,-0.02344331,-0.10623960,0E-8,0.000000,0.882572,0.000000,0.10317029,2026-03-23,2026-08-04,59,145,142,135,0.437037,1.181154,1.145380,0.658264,,,,,,,,GLOBAL_BASELINE_NO_ENTITY_RANKING,,,NOT_APPLICABLE_GLOBAL_BASELINE,HF9g-P5,,,,X 全窗基线 · 不参与实体赏罚,3926135,393,A168_HF9F_20260827_0900,2026-08-27 09:00:00
2026-03-30,139992598,1941,0,7.8995181294,-7.8995181294,-7.8995181294,0E-7,1,1,0.50665070000000000,0.506650700000,-1.013391052207602,-1.013391052207602,-1.013391052207602,0E-17,ELIGIBLE,R03b_20260811_FULL_v1,L1_ELIGIBILITY,v2026-08-11,2026-03-21..2026-08-06,baccarat_bet02_101_all_pairs_incl_sentinel,round_win = game_pnl > 0 (decisive only),COMPATIBILITY_ONLY_NOT_PRODUCTION,2630.2504,2321.3866,-61.6618,319,311,0.02344331,0.10623960,0.00306931,0.02344331,61.6618,2630.2504,OK,0.0000,-2.4665,4.0000,96.0000,AG03-UNRESOLVED,ALL5_LEVELS_bet23_to_bet27,-2.4665,-2.4665,-2.4665,0.0000,0.0000,4.000000,4.000000,4.000000,0.000000,0.000000,96.000000,96.000000,96.000000,100.000000,100.000000,5.0,-7.3994,-7.1074,-54.2624,-54.5544,PENDING_AG03,FALSE,NOT_FOR_ENFORCEMENT,-59.1953,2228.5311,-61.6618,-59.1953,-2.4665,-0.02344331,-0.02250557,-2.4665,-59.1953,-0.02250557,-2.4665,-2.4665,-2.4665,0.0000,0.0000,-59.1953,-0.02250557,-7.3994,-7.1074,-54.2624,-54.5544,-0.02063011,-0.02074114,-0.00093773,8.2453,7.4643,-0.1983,-1.0451,-0.4253,44.5805,5.2712,9.4440,7.9956,5.1431,5.9381,10.3271,15.4111,20.018,25.7155,5.1891,0.0,3.371126,4.330608,1.388544,21,85,73,2,0.19747933,-0.02344331,-0.10623960,0E-8,0.000000,0.882572,0.000000,0.10317029,2026-03-23,2026-08-04,59,145,142,135,0.437037,1.181154,1.145380,0.658264,,,,,,,,GLOBAL_BASELINE_NO_ENTITY_RANKING,,,NOT_APPLICABLE_GLOBAL_BASELINE,HF9g-P5,,,,X 全窗基线 · 不参与实体赏罚,3926136,393,A168_HF9F_20260827_0900,2026-08-27 09:00:00
2026-04-02,139992598,2233,0,18.8466874329,-18.8466874329,-18.8466874329,0E-7,1,1,0.50665070000000000,0.506650700000,-1.013391052207602,-1.013391052207602,-1.013391052207602,0E-17,ELIGIBLE,R03b_20260811_FULL_v1,L1_ELIGIBILITY,v2026-08-11,2026-03-21..2026-08-06,baccarat_bet02_101_all_pairs_incl_sentinel,round_win = game_pnl > 0 (decisive only),COMPATIBILITY_ONLY_NOT_PRODUCTION,2630.2504,2321.3866,-61.6618,319,311,0.02344331,0.10623960,0.00306931,0.02344331,61.6618,2630.2504,OK,0.0000,-2.4665,4.0000,96.0000,AG03-UNRESOLVED,ALL5_LEVELS_bet23_to_bet27,-2.4665,-2.4665,-2.4665,0.0000,0.0000,4.000000,4.000000,4.000000,0.000000,0.000000,96.000000,96.000000,96.000000,100.000000,100.000000,5.0,-7.3994,-7.1074,-54.2624,-54.5544,PENDING_AG03,FALSE,NOT_FOR_ENFORCEMENT,-59.1953,2228.5311,-61.6618,-59.1953,-2.4665,-0.02344331,-0.02250557,-2.4665,-59.1953,-0.02250557,-2.4665,-2.4665,-2.4665,0.0000,0.0000,-59.1953,-0.02250557,-7.3994,-7.1074,-54.2624,-54.5544,-0.02063011,-0.02074114,-0.00093773,8.2453,7.4643,-0.1983,-1.0451,-0.4253,44.5805,5.2712,9.4440,7.9956,5.1431,5.9381,10.3271,15.4111,20.018,25.7155,5.1891,0.0,3.371126,4.330608,1.388544,21,85,73,2,0.19747933,-0.02344331,-0.10623960,0E-8,0.000000,0.882572,0.000000,0.10317029,2026-03-23,2026-08-04,59,145,142,135,0.437037,1.181154,1.145380,0.658264,,,,,,,,GLOBAL_BASELINE_NO_ENTITY_RANKING,,,NOT_APPLICABLE_GLOBAL_BASELINE,HF9g-P5,,,,X 全窗基线 · 不参与实体赏罚,3926137,393,A168_HF9F_20260827_0900,2026-08-27 09:00:00
2026-04-07,139992598,1385,0,22.5113211004,-22.5113211004,-22.5113211004,0E-7,1,1,0.49324550000000000,0.493245500000,-0.9865810262130424,-0.9865810262130424,-0.9865810262130424,0E-17,ELIGIBLE,R03b_20260811_FULL_v1,L1_ELIGIBILITY,v2026-08-11,2026-03-21..2026-08-06,baccarat_bet02_101_all_pairs_incl_sentinel,round_win = game_pnl > 0 (decisive only),COMPATIBILITY_ONLY_NOT_PRODUCTION,2630.2504,2321.3866,-61.6618,319,311,0.02344331,0.10623960,0.00306931,0.02344331,61.6618,2630.2504,OK,0.0000,-2.4665,4.0000,96.0000,AG03-UNRESOLVED,ALL5_LEVELS_bet23_to_bet27,-2.4665,-2.4665,-2.4665,0.0000,0.0000,4.000000,4.000000,4.000000,0.000000,0.000000,96.000000,96.000000,96.000000,100.000000,100.000000,5.0,-7.3994,-7.1074,-54.2624,-54.5544,PENDING_AG03,FALSE,NOT_FOR_ENFORCEMENT,-59.1953,2228.5311,-61.6618,-59.1953,-2.4665,-0.02344331,-0.02250557,-2.4665,-59.1953,-0.02250557,-2.4665,-2.4665,-2.4665,0.0000,0.0000,-59.1953,-0.02250557,-7.3994,-7.1074,-54.2624,-54.5544,-0.02063011,-0.02074114,-0.00093773,8.2453,7.4643,-0.1983,-1.0451,-0.4253,44.5805,5.2712,9.4440,7.9956,5.1431,5.9381,10.3271,15.4111,20.018,25.7155,5.1891,0.0,3.371126,4.330608,1.388544,21,85,73,2,0.19747933,-0.02344331,-0.10623960,0E-8,0.000000,0.882572,0.000000,0.10317029,2026-03-23,2026-08-04,59,145,142,135,0.437037,1.181154,1.145380,0.658264,,,,,,,,GLOBAL_BASELINE_NO_ENTITY_RANKING,,,NOT_APPLICABLE_GLOBAL_BASELINE,HF9g-P5,,,,X 全窗基线 · 不参与实体赏罚,3926138,393,A168_HF9F_20260827_0900,2026-08-27 09:00:00
2026-04-09,139992598,2209,0,10.9939010025,-10.9939010025,-10.9939010025,0E-7,1,1,0.49324550000000000,0.493245500000,-0.9865810262130424,-0.9865810262130424,-0.9865810262130424,0E-17,ELIGIBLE,R03b_20260811_FULL_v1,L1_ELIGIBILITY,v2026-08-11,2026-03-21..2026-08-06,baccarat_bet02_101_all_pairs_incl_sentinel,round_win = game_pnl > 0 (decisive only),COMPATIBILITY_ONLY_NOT_PRODUCTION,2630.2504,2321.3866,-61.6618,319,311,0.02344331,0.10623960,0.00306931,0.02344331,61.6618,2630.2504,OK,0.0000,-2.4665,4.0000,96.0000,AG03-UNRESOLVED,ALL5_LEVELS_bet23_to_bet27,-2.4665,-2.4665,-2.4665,0.0000,0.0000,4.000000,4.000000,4.000000,0.000000,0.000000,96.000000,96.000000,96.000000,100.000000,100.000000,5.0,-7.3994,-7.1074,-54.2624,-54.5544,PENDING_AG03,FALSE,NOT_FOR_ENFORCEMENT,-59.1953,2228.5311,-61.6618,-59.1953,-2.4665,-0.02344331,-0.02250557,-2.4665,-59.1953,-0.02250557,-2.4665,-2.4665,-2.4665,0.0000,0.0000,-59.1953,-0.02250557,-7.3994,-7.1074,-54.2624,-54.5544,-0.02063011,-0.02074114,-0.00093773,8.2453,7.4643,-0.1983,-1.0451,-0.4253,44.5805,5.2712,9.4440,7.9956,5.1431,5.9381,10.3271,15.4111,20.018,25.7155,5.1891,0.0,3.371126,4.330608,1.388544,21,85,73,2,0.19747933,-0.02344331,-0.10623960,0E-8,0.000000,0.882572,0.000000,0.10317029,2026-03-23,2026-08-04,59,145,142,135,0.437037,1.181154,1.145380,0.658264,,,,,,,,GLOBAL_BASELINE_NO_ENTITY_RANKING,,,NOT_APPLICABLE_GLOBAL_BASELINE,HF9g-P5,,,,X 全窗基线 · 不参与实体赏罚,3926139,393,A168_HF9F_20260827_0900,2026-08-27 09:00:00
2026-04-10,139992598,1383,0,13.0879773840,13.0879773840,13.0879773840,1.0000000,1,1,0.49324550000000000,0.493245500000,1.01360149184955,1.01360149184955,1.01360149184955,0E-17,ELIGIBLE,R03b_20260811_FULL_v1,L1_ELIGIBILITY,v2026-08-11,2026-03-21..2026-08-06,baccarat_bet02_101_all_pairs_incl_sentinel,round_win = game_pnl > 0 (decisive only),COMPATIBILITY_ONLY_NOT_PRODUCTION,2630.2504,2321.3866,-61.6618,319,311,0.02344331,0.10623960,0.00306931,0.02344331,61.6618,2630.2504,OK,0.0000,-2.4665,4.0000,96.0000,AG03-UNRESOLVED,ALL5_LEVELS_bet23_to_bet27,-2.4665,-2.4665,-2.4665,0.0000,0.0000,4.000000,4.000000,4.000000,0.000000,0.000000,96.000000,96.000000,96.000000,100.000000,100.000000,5.0,-7.3994,-7.1074,-54.2624,-54.5544,PENDING_AG03,FALSE,NOT_FOR_ENFORCEMENT,-59.1953,2228.5311,-61.6618,-59.1953,-2.4665,-0.02344331,-0.02250557,-2.4665,-59.1953,-0.02250557,-2.4665,-2.4665,-2.4665,0.0000,0.0000,-59.1953,-0.02250557,-7.3994,-7.1074,-54.2624,-54.5544,-0.02063011,-0.02074114,-0.00093773,8.2453,7.4643,-0.1983,-1.0451,-0.4253,44.5805,5.2712,9.4440,7.9956,5.1431,5.9381,10.3271,15.4111,20.018,25.7155,5.1891,0.0,3.371126,4.330608,1.388544,21,85,73,2,0.19747933,-0.02344331,-0.10623960,0E-8,0.000000,0.882572,0.000000,0.10317029,2026-03-23,2026-08-04,59,145,142,135,0.437037,1.181154,1.145380,0.658264,,,,,,,,GLOBAL_BASELINE_NO_ENTITY_RANKING,,,NOT_APPLICABLE_GLOBAL_BASELINE,HF9g-P5,,,,X 全窗基线 · 不参与实体赏罚,3926140,393,A168_HF9F_20260827_0900,2026-08-27 09:00:00
2026-04-15,139992598,2251,0,19.3702065283,-19.3702065283,-19.3702065283,0E-7,1,1,0.49324550000000000,0.493245500000,-0.9865810262130424,-0.9865810262130424,-0.9865810262130424,0E-17,ELIGIBLE,R03b_20260811_FULL_v1,L1_ELIGIBILITY,v2026-08-11,2026-03-21..2026-08-06,baccarat_bet02_101_all_pairs_incl_sentinel,round_win = game_pnl > 0 (decisive only),COMPATIBILITY_ONLY_NOT_PRODUCTION,2630.2504,2321.3866,-61.6618,319,311,0.02344331,0.10623960,0.00306931,0.02344331,61.6618,2630.2504,OK,0.0000,-2.4665,4.0000,96.0000,AG03-UNRESOLVED,ALL5_LEVELS_bet23_to_bet27,-2.4665,-2.4665,-2.4665,0.0000,0.0000,4.000000,4.000000,4.000000,0.000000,0.000000,96.000000,96.000000,96.000000,100.000000,100.000000,5.0,-7.3994,-7.1074,-54.2624,-54.5544,PENDING_AG03,FALSE,NOT_FOR_ENFORCEMENT,-59.1953,2228.5311,-61.6618,-59.1953,-2.4665,-0.02344331,-0.02250557,-2.4665,-59.1953,-0.02250557,-2.4665,-2.4665,-2.4665,0.0000,0.0000,-59.1953,-0.02250557,-7.3994,-7.1074,-54.2624,-54.5544,-0.02063011,-0.02074114,-0.00093773,8.2453,7.4643,-0.1983,-1.0451,-0.4253,44.5805,5.2712,9.4440,7.9956,5.1431,5.9381,10.3271,15.4111,20.018,25.7155,5.1891,0.0,3.371126,4.330608,1.388544,21,85,73,2,0.19747933,-0.02344331,-0.10623960,0E-8,0.000000,0.882572,0.000000,0.10317029,2026-03-23,2026-08-04,59,145,142,135,0.437037,1.181154,1.145380,0.658264,,,,,,,,GLOBAL_BASELINE_NO_ENTITY_RANKING,,,NOT_APPLICABLE_GLOBAL_BASELINE,HF9g-P5,,,,X 全窗基线 · 不参与实体赏罚,3926141,393,A168_HF9F_20260827_0900,2026-08-27 09:00:00
2026-04-18,139992598,1400,0,5.4969505013,-5.4969505013,-5.4969505013,0E-7,1,1,0.50665070000000000,0.506650700000,-1.013391052207602,-1.013391052207602,-1.013391052207602,0E-17,ELIGIBLE,R03b_20260811_FULL_v1,L1_ELIGIBILITY,v2026-08-11,2026-03-21..2026-08-06,baccarat_bet02_101_all_pairs_incl_sentinel,round_win = game_pnl > 0 (decisive only),COMPATIBILITY_ONLY_NOT_PRODUCTION,2630.2504,2321.3866,-61.6618,319,311,0.02344331,0.10623960,0.00306931,0.02344331,61.6618,2630.2504,OK,0.0000,-2.4665,4.0000,96.0000,AG03-UNRESOLVED,ALL5_LEVELS_bet23_to_bet27,-2.4665,-2.4665,-2.4665,0.0000,0.0000,4.000000,4.000000,4.000000,0.000000,0.000000,96.000000,96.000000,96.000000,100.000000,100.000000,5.0,-7.3994,-7.1074,-54.2624,-54.5544,PENDING_AG03,FALSE,NOT_FOR_ENFORCEMENT,-59.1953,2228.5311,-61.6618,-59.1953,-2.4665,-0.02344331,-0.02250557,-2.4665,-59.1953,-0.02250557,-2.4665,-2.4665,-2.4665,0.0000,0.0000,-59.1953,-0.02250557,-7.3994,-7.1074,-54.2624,-54.5544,-0.02063011,-0.02074114,-0.00093773,8.2453,7.4643,-0.1983,-1.0451,-0.4253,44.5805,5.2712,9.4440,7.9956,5.1431,5.9381,10.3271,15.4111,20.018,25.7155,5.1891,0.0,3.371126,4.330608,1.388544,21,85,73,2,0.19747933,-0.02344331,-0.10623960,0E-8,0.000000,0.882572,0.000000,0.10317029,2026-03-23,2026-08-04,59,145,142,135,0.437037,1.181154,1.145380,0.658264,,,,,,,,GLOBAL_BASELINE_NO_ENTITY_RANKING,,,NOT_APPLICABLE_GLOBAL_BASELINE,HF9g-P5,,,,X 全窗基线 · 不参与实体赏罚,3926142,393,A168_HF9F_20260827_0900,2026-08-27 09:00:00
2026-04-19,139992598,1942,0,4.4499123106,-4.4499123106,-4.4499123106,0E-7,1,1,0.50665070000000000,0.506650700000,-1.013391052207602,-1.013391052207602,-1.013391052207602,0E-17,ELIGIBLE,R03b_20260811_FULL_v1,L1_ELIGIBILITY,v2026-08-11,2026-03-21..2026-08-06,baccarat_bet02_101_all_pairs_incl_sentinel,round_win = game_pnl > 0 (decisive only),COMPATIBILITY_ONLY_NOT_PRODUCTION,2630.2504,2321.3866,-61.6618,319,311,0.02344331,0.10623960,0.00306931,0.02344331,61.6618,2630.2504,OK,0.0000,-2.4665,4.0000,96.0000,AG03-UNRESOLVED,ALL5_LEVELS_bet23_to_bet27,-2.4665,-2.4665,-2.4665,0.0000,0.0000,4.000000,4.000000,4.000000,0.000000,0.000000,96.000000,96.000000,96.000000,100.000000,100.000000,5.0,-7.3994,-7.1074,-54.2624,-54.5544,PENDING_AG03,FALSE,NOT_FOR_ENFORCEMENT,-59.1953,2228.5311,-61.6618,-59.1953,-2.4665,-0.02344331,-0.02250557,-2.4665,-59.1953,-0.02250557,-2.4665,-2.4665,-2.4665,0.0000,0.0000,-59.1953,-0.02250557,-7.3994,-7.1074,-54.2624,-54.5544,-0.02063011,-0.02074114,-0.00093773,8.2453,7.4643,-0.1983,-1.0451,-0.4253,44.5805,5.2712,9.4440,7.9956,5.1431,5.9381,10.3271,15.4111,20.018,25.7155,5.1891,0.0,3.371126,4.330608,1.388544,21,85,73,2,0.19747933,-0.02344331,-0.10623960,0E-8,0.000000,0.882572,0.000000,0.10317029,2026-03-23,2026-08-04,59,145,142,135,0.437037,1.181154,1.145380,0.658264,,,,,,,,GLOBAL_BASELINE_NO_ENTITY_RANKING,,,NOT_APPLICABLE_GLOBAL_BASELINE,HF9g-P5,,,,X 全窗基线 · 不参与实体赏罚,3926143,393,A168_HF9F_20260827_0900,2026-08-27 09:00:00
2026-04-21,139992598,-1,1,4.4499123106,-4.4499123106,-4.4499123106,0E-7,1,1,0.50665070000000000,0.506650700000,-1.013391052207602,-1.013391052207602,-1.013391052207602,0E-17,SENTINEL_DEALER,R03b_20260811_FULL_v1,L1_ELIGIBILITY,v2026-08-11,2026-03-21..2026-08-06,baccarat_bet02_101_all_pairs_incl_sentinel,round_win = game_pnl > 0 (decisive only),COMPATIBILITY_ONLY_NOT_PRODUCTION,2630.2504,2321.3866,-61.6618,319,311,0.02344331,0.10623960,0.00306931,0.02344331,61.6618,2630.2504,OK,0.0000,-2.4665,4.0000,96.0000,AG03-UNRESOLVED,ALL5_LEVELS_bet23_to_bet27,-2.4665,-2.4665,-2.4665,0.0000,0.0000,4.000000,4.000000,4.000000,0.000000,0.000000,96.000000,96.000000,96.000000,100.000000,100.000000,5.0,-7.3994,-7.1074,-54.2624,-54.5544,PENDING_AG03,FALSE,NOT_FOR_ENFORCEMENT,-59.1953,2228.5311,-61.6618,-59.1953,-2.4665,-0.02344331,-0.02250557,-2.4665,-59.1953,-0.02250557,-2.4665,-2.4665,-2.4665,0.0000,0.0000,-59.1953,-0.02250557,-7.3994,-7.1074,-54.2624,-54.5544,-0.02063011,-0.02074114,-0.00093773,8.2453,7.4643,-0.1983,-1.0451,-0.4253,44.5805,5.2712,9.4440,7.9956,5.1431,5.9381,10.3271,15.4111,20.018,25.7155,5.1891,0.0,3.371126,4.330608,1.388544,21,85,73,2,0.19747933,-0.02344331,-0.10623960,0E-8,0.000000,0.882572,0.000000,0.10317029,2026-03-23,2026-08-04,59,145,142,135,0.437037,1.181154,1.145380,0.658264,,,,,,,,GLOBAL_BASELINE_NO_ENTITY_RANKING,,,NOT_APPLICABLE_GLOBAL_BASELINE,HF9g-P5,,,,X 全窗基线 · 不参与实体赏罚,3926144,393,A168_HF9F_20260827_0900,2026-08-27 09:00:00
2026-04-22,139992598,2252,0,23.2965997435,22.1317697563,22.1317697563,1.0000000,1,1,0.50665070000000000,0.506650700000,0.9867858985152569,0.9867858985152569,0.9867858985152569,0E-17,ELIGIBLE,R03b_20260811_FULL_v1,L1_ELIGIBILITY,v2026-08-11,2026-03-21..2026-08-06,baccarat_bet02_101_all_pairs_incl_sentinel,round_win = game_pnl > 0 (decisive only),COMPATIBILITY_ONLY_NOT_PRODUCTION,2630.2504,2321.3866,-61.6618,319,311,0.02344331,0.10623960,0.00306931,0.02344331,61.6618,2630.2504,OK,0.0000,-2.4665,4.0000,96.0000,AG03-UNRESOLVED,ALL5_LEVELS_bet23_to_bet27,-2.4665,-2.4665,-2.4665,0.0000,0.0000,4.000000,4.000000,4.000000,0.000000,0.000000,96.000000,96.000000,96.000000,100.000000,100.000000,5.0,-7.3994,-7.1074,-54.2624,-54.5544,PENDING_AG03,FALSE,NOT_FOR_ENFORCEMENT,-59.1953,2228.5311,-61.6618,-59.1953,-2.4665,-0.02344331,-0.02250557,-2.4665,-59.1953,-0.02250557,-2.4665,-2.4665,-2.4665,0.0000,0.0000,-59.1953,-0.02250557,-7.3994,-7.1074,-54.2624,-54.5544,-0.02063011,-0.02074114,-0.00093773,8.2453,7.4643,-0.1983,-1.0451,-0.4253,44.5805,5.2712,9.4440,7.9956,5.1431,5.9381,10.3271,15.4111,20.018,25.7155,5.1891,0.0,3.371126,4.330608,1.388544,21,85,73,2,0.19747933,-0.02344331,-0.10623960,0E-8,0.000000,0.882572,0.000000,0.10317029,2026-03-23,2026-08-04,59,145,142,135,0.437037,1.181154,1.145380,0.658264,,,,,,,,GLOBAL_BASELINE_NO_ENTITY_RANKING,,,NOT_APPLICABLE_GLOBAL_BASELINE,HF9g-P5,,,,X 全窗基线 · 不参与实体赏罚,3926145,393,A168_HF9F_20260827_0900,2026-08-27 09:00:00
2026-05-01,139992598,1078,0,7.2648020341,-7.2648020341,-7.2648020341,0E-7,1,1,0.50665070000000000,0.506650700000,-1.013391052207602,-1.013391052207602,-1.013391052207602,0E-17,ELIGIBLE,R03b_20260811_FULL_v1,L1_ELIGIBILITY,v2026-08-11,2026-03-21..2026-08-06,baccarat_bet02_101_all_pairs_incl_sentinel,round_win = game_pnl > 0 (decisive only),COMPATIBILITY_ONLY_NOT_PRODUCTION,2630.2504,2321.3866,-61.6618,319,311,0.02344331,0.10623960,0.00306931,0.02344331,61.6618,2630.2504,OK,0.0000,-2.4665,4.0000,96.0000,AG03-UNRESOLVED,ALL5_LEVELS_bet23_to_bet27,-2.4665,-2.4665,-2.4665,0.0000,0.0000,4.000000,4.000000,4.000000,0.000000,0.000000,96.000000,96.000000,96.000000,100.000000,100.000000,5.0,-7.3994,-7.1074,-54.2624,-54.5544,PENDING_AG03,FALSE,NOT_FOR_ENFORCEMENT,-59.1953,2228.5311,-61.6618,-59.1953,-2.4665,-0.02344331,-0.02250557,-2.4665,-59.1953,-0.02250557,-2.4665,-2.4665,-2.4665,0.0000,0.0000,-59.1953,-0.02250557,-7.3994,-7.1074,-54.2624,-54.5544,-0.02063011,-0.02074114,-0.00093773,8.2453,7.4643,-0.1983,-1.0451,-0.4253,44.5805,5.2712,9.4440,7.9956,5.1431,5.9381,10.3271,15.4111,20.018,25.7155,5.1891,0.0,3.371126,4.330608,1.388544,21,85,73,2,0.19747933,-0.02344331,-0.10623960,0E-8,0.000000,0.882572,0.000000,0.10317029,2026-03-23,2026-08-04,59,145,142,135,0.437037,1.181154,1.145380,0.658264,,,,,,,,GLOBAL_BASELINE_NO_ENTITY_RANKING,,,NOT_APPLICABLE_GLOBAL_BASELINE,HF9g-P5,,,,X 全窗基线 · 不参与实体赏罚,3926146,393,A168_HF9F_20260827_0900,2026-08-27 09:00:00
2026-05-02,139992598,1221,0,23.3511493954,16.0214830574,16.0214830574,1.0000000,4,4,0.50665070000000000,0.506650700000,1.7091633124209307,1.7091633124209307,1.7091633124209307,0E-17,ELIGIBLE,R03b_20260811_FULL_v1,L1_ELIGIBILITY,v2026-08-11,2026-03-21..2026-08-06,baccarat_bet02_101_all_pairs_incl_sentinel,round_win = game_pnl > 0 (decisive only),COMPATIBILITY_ONLY_NOT_PRODUCTION,2630.2504,2321.3866,-61.6618,319,311,0.02344331,0.10623960,0.00306931,0.02344331,61.6618,2630.2504,OK,0.0000,-2.4665,4.0000,96.0000,AG03-UNRESOLVED,ALL5_LEVELS_bet23_to_bet27,-2.4665,-2.4665,-2.4665,0.0000,0.0000,4.000000,4.000000,4.000000,0.000000,0.000000,96.000000,96.000000,96.000000,100.000000,100.000000,5.0,-7.3994,-7.1074,-54.2624,-54.5544,PENDING_AG03,FALSE,NOT_FOR_ENFORCEMENT,-59.1953,2228.5311,-61.6618,-59.1953,-2.4665,-0.02344331,-0.02250557,-2.4665,-59.1953,-0.02250557,-2.4665,-2.4665,-2.4665,0.0000,0.0000,-59.1953,-0.02250557,-7.3994,-7.1074,-54.2624,-54.5544,-0.02063011,-0.02074114,-0.00093773,8.2453,7.4643,-0.1983,-1.0451,-0.4253,44.5805,5.2712,9.4440,7.9956,5.1431,5.9381,10.3271,15.4111,20.018,25.7155,5.1891,0.0,3.371126,4.330608,1.388544,21,85,73,2,0.19747933,-0.02344331,-0.10623960,0E-8,0.000000,0.882572,0.000000,0.10317029,2026-03-23,2026-08-04,59,145,142,135,0.437037,1.181154,1.145380,0.658264,,,,,,,,GLOBAL_BASELINE_NO_ENTITY_RANKING,,,NOT_APPLICABLE_GLOBAL_BASELINE,HF9g-P5,,,,X 全窗基线 · 不参与实体赏罚,3926147,393,A168_HF9F_20260827_0900,2026-08-27 09:00:00
2026-05-02,139992598,1714,0,9.8593741892,-9.8593741892,-9.8593741892,0E-7,1,1,0.49324550000000000,0.493245500000,-0.9865810262130424,-0.9865810262130424,-0.9865810262130424,0E-17,ELIGIBLE,R03b_20260811_FULL_v1,L1_ELIGIBILITY,v2026-08-11,2026-03-21..2026-08-06,baccarat_bet02_101_all_pairs_incl_sentinel,round_win = game_pnl > 0 (decisive only),COMPATIBILITY_ONLY_NOT_PRODUCTION,2630.2504,2321.3866,-61.6618,319,311,0.02344331,0.10623960,0.00306931,0.02344331,61.6618,2630.2504,OK,0.0000,-2.4665,4.0000,96.0000,AG03-UNRESOLVED,ALL5_LEVELS_bet23_to_bet27,-2.4665,-2.4665,-2.4665,0.0000,0.0000,4.000000,4.000000,4.000000,0.000000,0.000000,96.000000,96.000000,96.000000,100.000000,100.000000,5.0,-7.3994,-7.1074,-54.2624,-54.5544,PENDING_AG03,FALSE,NOT_FOR_ENFORCEMENT,-59.1953,2228.5311,-61.6618,-59.1953,-2.4665,-0.02344331,-0.02250557,-2.4665,-59.1953,-0.02250557,-2.4665,-2.4665,-2.4665,0.0000,0.0000,-59.1953,-0.02250557,-7.3994,-7.1074,-54.2624,-54.5544,-0.02063011,-0.02074114,-0.00093773,8.2453,7.4643,-0.1983,-1.0451,-0.4253,44.5805,5.2712,9.4440,7.9956,5.1431,5.9381,10.3271,15.4111,20.018,25.7155,5.1891,0.0,3.371126,4.330608,1.388544,21,85,73,2,0.19747933,-0.02344331,-0.10623960,0E-8,0.000000,0.882572,0.000000,0.10317029,2026-03-23,2026-08-04,59,145,142,135,0.437037,1.181154,1.145380,0.658264,,,,,,,,GLOBAL_BASELINE_NO_ENTITY_RANKING,,,NOT_APPLICABLE_GLOBAL_BASELINE,HF9g-P5,,,,X 全窗基线 · 不参与实体赏罚,3926148,393,A168_HF9F_20260827_0900,2026-08-27 09:00:00
2026-05-03,139992598,2216,0,23.8700638265,-23.8700638265,-23.8700638265,0E-7,2,2,0.49994810000000000,0.499948100000,-1.4140667746232096,-1.4140667746232096,-1.4140667746232096,0E-17,ELIGIBLE,R03b_20260811_FULL_v1,L1_ELIGIBILITY,v2026-08-11,2026-03-21..2026-08-06,baccarat_bet02_101_all_pairs_incl_sentinel,round_win = game_pnl > 0 (decisive only),COMPATIBILITY_ONLY_NOT_PRODUCTION,2630.2504,2321.3866,-61.6618,319,311,0.02344331,0.10623960,0.00306931,0.02344331,61.6618,2630.2504,OK,0.0000,-2.4665,4.0000,96.0000,AG03-UNRESOLVED,ALL5_LEVELS_bet23_to_bet27,-2.4665,-2.4665,-2.4665,0.0000,0.0000,4.000000,4.000000,4.000000,0.000000,0.000000,96.000000,96.000000,96.000000,100.000000,100.000000,5.0,-7.3994,-7.1074,-54.2624,-54.5544,PENDING_AG03,FALSE,NOT_FOR_ENFORCEMENT,-59.1953,2228.5311,-61.6618,-59.1953,-2.4665,-0.02344331,-0.02250557,-2.4665,-59.1953,-0.02250557,-2.4665,-2.4665,-2.4665,0.0000,0.0000,-59.1953,-0.02250557,-7.3994,-7.1074,-54.2624,-54.5544,-0.02063011,-0.02074114,-0.00093773,8.2453,7.4643,-0.1983,-1.0451,-0.4253,44.5805,5.2712,9.4440,7.9956,5.1431,5.9381,10.3271,15.4111,20.018,25.7155,5.1891,0.0,3.371126,4.330608,1.388544,21,85,73,2,0.19747933,-0.02344331,-0.10623960,0E-8,0.000000,0.882572,0.000000,0.10317029,2026-03-23,2026-08-04,59,145,142,135,0.437037,1.181154,1.145380,0.658264,,,,,,,,GLOBAL_BASELINE_NO_ENTITY_RANKING,,,NOT_APPLICABLE_GLOBAL_BASELINE,HF9g-P5,,,,X 全窗基线 · 不参与实体赏罚,3926149,393,A168_HF9F_20260827_0900,2026-08-27 09:00:00
2026-05-04,139992598,1325,0,12.9728607753,12.9728607753,12.9728607753,1.0000000,1,1,0.49324550000000000,0.493245500000,1.01360149184955,1.01360149184955,1.01360149184955,0E-17,ELIGIBLE,R03b_20260811_FULL_v1,L1_ELIGIBILITY,v2026-08-11,2026-03-21..2026-08-06,baccarat_bet02_101_all_pairs_incl_sentinel,round_win = game_pnl > 0 (decisive only),COMPATIBILITY_ONLY_NOT_PRODUCTION,2630.2504,2321.3866,-61.6618,319,311,0.02344331,0.10623960,0.00306931,0.02344331,61.6618,2630.2504,OK,0.0000,-2.4665,4.0000,96.0000,AG03-UNRESOLVED,ALL5_LEVELS_bet23_to_bet27,-2.4665,-2.4665,-2.4665,0.0000,0.0000,4.000000,4.000000,4.000000,0.000000,0.000000,96.000000,96.000000,96.000000,100.000000,100.000000,5.0,-7.3994,-7.1074,-54.2624,-54.5544,PENDING_AG03,FALSE,NOT_FOR_ENFORCEMENT,-59.1953,2228.5311,-61.6618,-59.1953,-2.4665,-0.02344331,-0.02250557,-2.4665,-59.1953,-0.02250557,-2.4665,-2.4665,-2.4665,0.0000,0.0000,-59.1953,-0.02250557,-7.3994,-7.1074,-54.2624,-54.5544,-0.02063011,-0.02074114,-0.00093773,8.2453,7.4643,-0.1983,-1.0451,-0.4253,44.5805,5.2712,9.4440,7.9956,5.1431,5.9381,10.3271,15.4111,20.018,25.7155,5.1891,0.0,3.371126,4.330608,1.388544,21,85,73,2,0.19747933,-0.02344331,-0.10623960,0E-8,0.000000,0.882572,0.000000,0.10317029,2026-03-23,2026-08-04,59,145,142,135,0.437037,1.181154,1.145380,0.658264,,,,,,,,GLOBAL_BASELINE_NO_ENTITY_RANKING,,,NOT_APPLICABLE_GLOBAL_BASELINE,HF9g-P5,,,,X 全窗基线 · 不参与实体赏罚,3926150,393,A168_HF9F_20260827_0900,2026-08-27 09:00:00
2026-05-06,139992598,2108,0,17.9025478699,-17.9025478699,-17.9025478699,0E-7,1,1,0.50665070000000000,0.506650700000,-1.013391052207602,-1.013391052207602,-1.013391052207602,0E-17,ELIGIBLE,R03b_20260811_FULL_v1,L1_ELIGIBILITY,v2026-08-11,2026-03-21..2026-08-06,baccarat_bet02_101_all_pairs_incl_sentinel,round_win = game_pnl > 0 (decisive only),COMPATIBILITY_ONLY_NOT_PRODUCTION,2630.2504,2321.3866,-61.6618,319,311,0.02344331,0.10623960,0.00306931,0.02344331,61.6618,2630.2504,OK,0.0000,-2.4665,4.0000,96.0000,AG03-UNRESOLVED,ALL5_LEVELS_bet23_to_bet27,-2.4665,-2.4665,-2.4665,0.0000,0.0000,4.000000,4.000000,4.000000,0.000000,0.000000,96.000000,96.000000,96.000000,100.000000,100.000000,5.0,-7.3994,-7.1074,-54.2624,-54.5544,PENDING_AG03,FALSE,NOT_FOR_ENFORCEMENT,-59.1953,2228.5311,-61.6618,-59.1953,-2.4665,-0.02344331,-0.02250557,-2.4665,-59.1953,-0.02250557,-2.4665,-2.4665,-2.4665,0.0000,0.0000,-59.1953,-0.02250557,-7.3994,-7.1074,-54.2624,-54.5544,-0.02063011,-0.02074114,-0.00093773,8.2453,7.4643,-0.1983,-1.0451,-0.4253,44.5805,5.2712,9.4440,7.9956,5.1431,5.9381,10.3271,15.4111,20.018,25.7155,5.1891,0.0,3.371126,4.330608,1.388544,21,85,73,2,0.19747933,-0.02344331,-0.10623960,0E-8,0.000000,0.882572,0.000000,0.10317029,2026-03-23,2026-08-04,59,145,142,135,0.437037,1.181154,1.145380,0.658264,,,,,,,,GLOBAL_BASELINE_NO_ENTITY_RANKING,,,NOT_APPLICABLE_GLOBAL_BASELINE,HF9g-P5,,,,X 全窗基线 · 不参与实体赏罚,3926151,393,A168_HF9F_20260827_0900,2026-08-27 09:00:00
2026-05-06,139992598,2142,0,4.6702298791,-4.6702298791,-4.6702298791,0E-7,1,1,0.49324550000000000,0.493245500000,-0.9865810262130424,-0.9865810262130424,-0.9865810262130424,0E-17,ELIGIBLE,R03b_20260811_FULL_v1,L1_ELIGIBILITY,v2026-08-11,2026-03-21..2026-08-06,baccarat_bet02_101_all_pairs_incl_sentinel,round_win = game_pnl > 0 (decisive only),COMPATIBILITY_ONLY_NOT_PRODUCTION,2630.2504,2321.3866,-61.6618,319,311,0.02344331,0.10623960,0.00306931,0.02344331,61.6618,2630.2504,OK,0.0000,-2.4665,4.0000,96.0000,AG03-UNRESOLVED,ALL5_LEVELS_bet23_to_bet27,-2.4665,-2.4665,-2.4665,0.0000,0.0000,4.000000,4.000000,4.000000,0.000000,0.000000,96.000000,96.000000,96.000000,100.000000,100.000000,5.0,-7.3994,-7.1074,-54.2624,-54.5544,PENDING_AG03,FALSE,NOT_FOR_ENFORCEMENT,-59.1953,2228.5311,-61.6618,-59.1953,-2.4665,-0.02344331,-0.02250557,-2.4665,-59.1953,-0.02250557,-2.4665,-2.4665,-2.4665,0.0000,0.0000,-59.1953,-0.02250557,-7.3994,-7.1074,-54.2624,-54.5544,-0.02063011,-0.02074114,-0.00093773,8.2453,7.4643,-0.1983,-1.0451,-0.4253,44.5805,5.2712,9.4440,7.9956,5.1431,5.9381,10.3271,15.4111,20.018,25.7155,5.1891,0.0,3.371126,4.330608,1.388544,21,85,73,2,0.19747933,-0.02344331,-0.10623960,0E-8,0.000000,0.882572,0.000000,0.10317029,2026-03-23,2026-08-04,59,145,142,135,0.437037,1.181154,1.145380,0.658264,,,,,,,,GLOBAL_BASELINE_NO_ENTITY_RANKING,,,NOT_APPLICABLE_GLOBAL_BASELINE,HF9g-P5,,,,X 全窗基线 · 不参与实体赏罚,3926152,393,A168_HF9F_20260827_0900,2026-08-27 09:00:00
2026-05-07,139992598,-1,1,7.7837164652,7.3945306419,7.3945306419,1.0000000,1,1,0.50665070000000000,0.506650700000,0.9867858985152569,0.9867858985152569,0.9867858985152569,0E-17,SENTINEL_DEALER,R03b_20260811_FULL_v1,L1_ELIGIBILITY,v2026-08-11,2026-03-21..2026-08-06,baccarat_bet02_101_all_pairs_incl_sentinel,round_win = game_pnl > 0 (decisive only),COMPATIBILITY_ONLY_NOT_PRODUCTION,2630.2504,2321.3866,-61.6618,319,311,0.02344331,0.10623960,0.00306931,0.02344331,61.6618,2630.2504,OK,0.0000,-2.4665,4.0000,96.0000,AG03-UNRESOLVED,ALL5_LEVELS_bet23_to_bet27,-2.4665,-2.4665,-2.4665,0.0000,0.0000,4.000000,4.000000,4.000000,0.000000,0.000000,96.000000,96.000000,96.000000,100.000000,100.000000,5.0,-7.3994,-7.1074,-54.2624,-54.5544,PENDING_AG03,FALSE,NOT_FOR_ENFORCEMENT,-59.1953,2228.5311,-61.6618,-59.1953,-2.4665,-0.02344331,-0.02250557,-2.4665,-59.1953,-0.02250557,-2.4665,-2.4665,-2.4665,0.0000,0.0000,-59.1953,-0.02250557,-7.3994,-7.1074,-54.2624,-54.5544,-0.02063011,-0.02074114,-0.00093773,8.2453,7.4643,-0.1983,-1.0451,-0.4253,44.5805,5.2712,9.4440,7.9956,5.1431,5.9381,10.3271,15.4111,20.018,25.7155,5.1891,0.0,3.371126,4.330608,1.388544,21,85,73,2,0.19747933,-0.02344331,-0.10623960,0E-8,0.000000,0.882572,0.000000,0.10317029,2026-03-23,2026-08-04,59,145,142,135,0.437037,1.181154,1.145380,0.658264,,,,,,,,GLOBAL_BASELINE_NO_ENTITY_RANKING,,,NOT_APPLICABLE_GLOBAL_BASELINE,HF9g-P5,,,,X 全窗基线 · 不参与实体赏罚,3926153,393,A168_HF9F_20260827_0900,2026-08-27 09:00:00
2026-05-13,139992598,1318,0,12.9728607753,-4.3718540813,-4.3718540813,0.5000000,2,2,0.50665070000000000,0.506650700000,-0.018812684590367487,-0.018812684590367487,-0.018812684590367487,0E-17,ELIGIBLE,R03b_20260811_FULL_v1,L1_ELIGIBILITY,v2026-08-11,2026-03-21..2026-08-06,baccarat_bet02_101_all_pairs_incl_sentinel,round_win = game_pnl > 0 (decisive only),COMPATIBILITY_ONLY_NOT_PRODUCTION,2630.2504,2321.3866,-61.6618,319,311,0.02344331,0.10623960,0.00306931,0.02344331,61.6618,2630.2504,OK,0.0000,-2.4665,4.0000,96.0000,AG03-UNRESOLVED,ALL5_LEVELS_bet23_to_bet27,-2.4665,-2.4665,-2.4665,0.0000,0.0000,4.000000,4.000000,4.000000,0.000000,0.000000,96.000000,96.000000,96.000000,100.000000,100.000000,5.0,-7.3994,-7.1074,-54.2624,-54.5544,PENDING_AG03,FALSE,NOT_FOR_ENFORCEMENT,-59.1953,2228.5311,-61.6618,-59.1953,-2.4665,-0.02344331,-0.02250557,-2.4665,-59.1953,-0.02250557,-2.4665,-2.4665,-2.4665,0.0000,0.0000,-59.1953,-0.02250557,-7.3994,-7.1074,-54.2624,-54.5544,-0.02063011,-0.02074114,-0.00093773,8.2453,7.4643,-0.1983,-1.0451,-0.4253,44.5805,5.2712,9.4440,7.9956,5.1431,5.9381,10.3271,15.4111,20.018,25.7155,5.1891,0.0,3.371126,4.330608,1.388544,21,85,73,2,0.19747933,-0.02344331,-0.10623960,0E-8,0.000000,0.882572,0.000000,0.10317029,2026-03-23,2026-08-04,59,145,142,135,0.437037,1.181154,1.145380,0.658264,,,,,,,,GLOBAL_BASELINE_NO_ENTITY_RANKING,,,NOT_APPLICABLE_GLOBAL_BASELINE,HF9g-P5,,,,X 全窗基线 · 不参与实体赏罚,3926154,393,A168_HF9F_20260827_0900,2026-08-27 09:00:00
2026-05-23,139992598,1353,0,12.9728607753,-2.8540293706,-2.8540293706,0.5000000,2,2,0.50665070000000000,0.506650700000,-0.018812684590367487,-0.018812684590367487,-0.018812684590367487,0E-17,ELIGIBLE,R03b_20260811_FULL_v1,L1_ELIGIBILITY,v2026-08-11,2026-03-21..2026-08-06,baccarat_bet02_101_all_pairs_incl_sentinel,round_win = game_pnl > 0 (decisive only),COMPATIBILITY_ONLY_NOT_PRODUCTION,2630.2504,2321.3866,-61.6618,319,311,0.02344331,0.10623960,0.00306931,0.02344331,61.6618,2630.2504,OK,0.0000,-2.4665,4.0000,96.0000,AG03-UNRESOLVED,ALL5_LEVELS_bet23_to_bet27,-2.4665,-2.4665,-2.4665,0.0000,0.0000,4.000000,4.000000,4.000000,0.000000,0.000000,96.000000,96.000000,96.000000,100.000000,100.000000,5.0,-7.3994,-7.1074,-54.2624,-54.5544,PENDING_AG03,FALSE,NOT_FOR_ENFORCEMENT,-59.1953,2228.5311,-61.6618,-59.1953,-2.4665,-0.02344331,-0.02250557,-2.4665,-59.1953,-0.02250557,-2.4665,-2.4665,-2.4665,0.0000,0.0000,-59.1953,-0.02250557,-7.3994,-7.1074,-54.2624,-54.5544,-0.02063011,-0.02074114,-0.00093773,8.2453,7.4643,-0.1983,-1.0451,-0.4253,44.5805,5.2712,9.4440,7.9956,5.1431,5.9381,10.3271,15.4111,20.018,25.7155,5.1891,0.0,3.371126,4.330608,1.388544,21,85,73,2,0.19747933,-0.02344331,-0.10623960,0E-8,0.000000,0.882572,0.000000,0.10317029,2026-03-23,2026-08-04,59,145,142,135,0.437037,1.181154,1.145380,0.658264,,,,,,,,GLOBAL_BASELINE_NO_ENTITY_RANKING,,,NOT_APPLICABLE_GLOBAL_BASELINE,HF9g-P5,,,,X 全窗基线 · 不参与实体赏罚,3926155,393,A168_HF9F_20260827_0900,2026-08-27 09:00:00
2026-05-23,139992598,471,0,15.5674329303,10.1188314047,10.1188314047,1.0000000,3,3,0.49771390000000000,0.497713900000,1.4206944795187548,1.420694479518755,1.4206944795187548,0E-17,ELIGIBLE,R03b_20260811_FULL_v1,L1_ELIGIBILITY,v2026-08-11,2026-03-21..2026-08-06,baccarat_bet02_101_all_pairs_incl_sentinel,round_win = game_pnl > 0 (decisive only),COMPATIBILITY_ONLY_NOT_PRODUCTION,2630.2504,2321.3866,-61.6618,319,311,0.02344331,0.10623960,0.00306931,0.02344331,61.6618,2630.2504,OK,0.0000,-2.4665,4.0000,96.0000,AG03-UNRESOLVED,ALL5_LEVELS_bet23_to_bet27,-2.4665,-2.4665,-2.4665,0.0000,0.0000,4.000000,4.000000,4.000000,0.000000,0.000000,96.000000,96.000000,96.000000,100.000000,100.000000,5.0,-7.3994,-7.1074,-54.2624,-54.5544,PENDING_AG03,FALSE,NOT_FOR_ENFORCEMENT,-59.1953,2228.5311,-61.6618,-59.1953,-2.4665,-0.02344331,-0.02250557,-2.4665,-59.1953,-0.02250557,-2.4665,-2.4665,-2.4665,0.0000,0.0000,-59.1953,-0.02250557,-7.3994,-7.1074,-54.2624,-54.5544,-0.02063011,-0.02074114,-0.00093773,8.2453,7.4643,-0.1983,-1.0451,-0.4253,44.5805,5.2712,9.4440,7.9956,5.1431,5.9381,10.3271,15.4111,20.018,25.7155,5.1891,0.0,3.371126,4.330608,1.388544,21,85,73,2,0.19747933,-0.02344331,-0.10623960,0E-8,0.000000,0.882572,0.000000,0.10317029,2026-03-23,2026-08-04,59,145,142,135,0.437037,1.181154,1.145380,0.658264,,,,,,,,GLOBAL_BASELINE_NO_ENTITY_RANKING,,,NOT_APPLICABLE_GLOBAL_BASELINE,HF9g-P5,,,,X 全窗基线 · 不参与实体赏罚,3926156,393,A168_HF9F_20260827_0900,2026-08-27 09:00:00
2026-05-23,139992598,529,0,28.5402937057,6.8756162108,6.8756162108,0.5000000,4,4,0.50665070000000000,0.506650700000,-0.02660515369234503,-0.02660515369234503,-0.02660515369234503,0E-17,ELIGIBLE,R03b_20260811_FULL_v1,L1_ELIGIBILITY,v2026-08-11,2026-03-21..2026-08-06,baccarat_bet02_101_all_pairs_incl_sentinel,round_win = game_pnl > 0 (decisive only),COMPATIBILITY_ONLY_NOT_PRODUCTION,2630.2504,2321.3866,-61.6618,319,311,0.02344331,0.10623960,0.00306931,0.02344331,61.6618,2630.2504,OK,0.0000,-2.4665,4.0000,96.0000,AG03-UNRESOLVED,ALL5_LEVELS_bet23_to_bet27,-2.4665,-2.4665,-2.4665,0.0000,0.0000,4.000000,4.000000,4.000000,0.000000,0.000000,96.000000,96.000000,96.000000,100.000000,100.000000,5.0,-7.3994,-7.1074,-54.2624,-54.5544,PENDING_AG03,FALSE,NOT_FOR_ENFORCEMENT,-59.1953,2228.5311,-61.6618,-59.1953,-2.4665,-0.02344331,-0.02250557,-2.4665,-59.1953,-0.02250557,-2.4665,-2.4665,-2.4665,0.0000,0.0000,-59.1953,-0.02250557,-7.3994,-7.1074,-54.2624,-54.5544,-0.02063011,-0.02074114,-0.00093773,8.2453,7.4643,-0.1983,-1.0451,-0.4253,44.5805,5.2712,9.4440,7.9956,5.1431,5.9381,10.3271,15.4111,20.018,25.7155,5.1891,0.0,3.371126,4.330608,1.388544,21,85,73,2,0.19747933,-0.02344331,-0.10623960,0E-8,0.000000,0.882572,0.000000,0.10317029,2026-03-23,2026-08-04,59,145,142,135,0.437037,1.181154,1.145380,0.658264,,,,,,,,GLOBAL_BASELINE_NO_ENTITY_RANKING,,,NOT_APPLICABLE_GLOBAL_BASELINE,HF9g-P5,,,,X 全窗基线 · 不参与实体赏罚,3926157,393,A168_HF9F_20260827_0900,2026-08-27 09:00:00
2026-05-24,139992598,-1,1,50.3346998082,-11.1566602668,-11.1566602668,0.4000000,11,11,0.50177608181818182,0.501776081818,-0.6436925207721684,-0.6436925207710176,-0.6436925207721684,1.8182E-13,SENTINEL_DEALER,R03b_20260811_FULL_v1,L1_ELIGIBILITY,v2026-08-11,2026-03-21..2026-08-06,baccarat_bet02_101_all_pairs_incl_sentinel,round_win = game_pnl > 0 (decisive only),COMPATIBILITY_ONLY_NOT_PRODUCTION,2630.2504,2321.3866,-61.6618,319,311,0.02344331,0.10623960,0.00306931,0.02344331,61.6618,2630.2504,OK,0.0000,-2.4665,4.0000,96.0000,AG03-UNRESOLVED,ALL5_LEVELS_bet23_to_bet27,-2.4665,-2.4665,-2.4665,0.0000,0.0000,4.000000,4.000000,4.000000,0.000000,0.000000,96.000000,96.000000,96.000000,100.000000,100.000000,5.0,-7.3994,-7.1074,-54.2624,-54.5544,PENDING_AG03,FALSE,NOT_FOR_ENFORCEMENT,-59.1953,2228.5311,-61.6618,-59.1953,-2.4665,-0.02344331,-0.02250557,-2.4665,-59.1953,-0.02250557,-2.4665,-2.4665,-2.4665,0.0000,0.0000,-59.1953,-0.02250557,-7.3994,-7.1074,-54.2624,-54.5544,-0.02063011,-0.02074114,-0.00093773,8.2453,7.4643,-0.1983,-1.0451,-0.4253,44.5805,5.2712,9.4440,7.9956,5.1431,5.9381,10.3271,15.4111,20.018,25.7155,5.1891,0.0,3.371126,4.330608,1.388544,21,85,73,2,0.19747933,-0.02344331,-0.10623960,0E-8,0.000000,0.882572,0.000000,0.10317029,2026-03-23,2026-08-04,59,145,142,135,0.437037,1.181154,1.145380,0.658264,,,,,,,,GLOBAL_BASELINE_NO_ENTITY_RANKING,,,NOT_APPLICABLE_GLOBAL_BASELINE,HF9g-P5,,,,X 全窗基线 · 不参与实体赏罚,3926158,393,A168_HF9F_20260827_0900,2026-08-27 09:00:00
2026-05-24,139992598,1405,0,5.1891443101,-5.1891443101,-5.1891443101,0E-7,1,1,0.49324550000000000,0.493245500000,-0.9865810262130424,-0.9865810262130424,-0.9865810262130424,0E-17,ELIGIBLE,R03b_20260811_FULL_v1,L1_ELIGIBILITY,v2026-08-11,2026-03-21..2026-08-06,baccarat_bet02_101_all_pairs_incl_sentinel,round_win = game_pnl > 0 (decisive only),COMPATIBILITY_ONLY_NOT_PRODUCTION,2630.2504,2321.3866,-61.6618,319,311,0.02344331,0.10623960,0.00306931,0.02344331,61.6618,2630.2504,OK,0.0000,-2.4665,4.0000,96.0000,AG03-UNRESOLVED,ALL5_LEVELS_bet23_to_bet27,-2.4665,-2.4665,-2.4665,0.0000,0.0000,4.000000,4.000000,4.000000,0.000000,0.000000,96.000000,96.000000,96.000000,100.000000,100.000000,5.0,-7.3994,-7.1074,-54.2624,-54.5544,PENDING_AG03,FALSE,NOT_FOR_ENFORCEMENT,-59.1953,2228.5311,-61.6618,-59.1953,-2.4665,-0.02344331,-0.02250557,-2.4665,-59.1953,-0.02250557,-2.4665,-2.4665,-2.4665,0.0000,0.0000,-59.1953,-0.02250557,-7.3994,-7.1074,-54.2624,-54.5544,-0.02063011,-0.02074114,-0.00093773,8.2453,7.4643,-0.1983,-1.0451,-0.4253,44.5805,5.2712,9.4440,7.9956,5.1431,5.9381,10.3271,15.4111,20.018,25.7155,5.1891,0.0,3.371126,4.330608,1.388544,21,85,73,2,0.19747933,-0.02344331,-0.10623960,0E-8,0.000000,0.882572,0.000000,0.10317029,2026-03-23,2026-08-04,59,145,142,135,0.437037,1.181154,1.145380,0.658264,,,,,,,,GLOBAL_BASELINE_NO_ENTITY_RANKING,,,NOT_APPLICABLE_GLOBAL_BASELINE,HF9g-P5,,,,X 全窗基线 · 不参与实体赏罚,3926159,393,A168_HF9F_20260827_0900,2026-08-27 09:00:00
2026-05-24,139992598,1941,0,5.1891443101,-5.1891443101,-5.1891443101,0E-7,1,1,0.50665070000000000,0.506650700000,-1.013391052207602,-1.013391052207602,-1.013391052207602,0E-17,ELIGIBLE,R03b_20260811_FULL_v1,L1_ELIGIBILITY,v2026-08-11,2026-03-21..2026-08-06,baccarat_bet02_101_all_pairs_incl_sentinel,round_win = game_pnl > 0 (decisive only),COMPATIBILITY_ONLY_NOT_PRODUCTION,2630.2504,2321.3866,-61.6618,319,311,0.02344331,0.10623960,0.00306931,0.02344331,61.6618,2630.2504,OK,0.0000,-2.4665,4.0000,96.0000,AG03-UNRESOLVED,ALL5_LEVELS_bet23_to_bet27,-2.4665,-2.4665,-2.4665,0.0000,0.0000,4.000000,4.000000,4.000000,0.000000,0.000000,96.000000,96.000000,96.000000,100.000000,100.000000,5.0,-7.3994,-7.1074,-54.2624,-54.5544,PENDING_AG03,FALSE,NOT_FOR_ENFORCEMENT,-59.1953,2228.5311,-61.6618,-59.1953,-2.4665,-0.02344331,-0.02250557,-2.4665,-59.1953,-0.02250557,-2.4665,-2.4665,-2.4665,0.0000,0.0000,-59.1953,-0.02250557,-7.3994,-7.1074,-54.2624,-54.5544,-0.02063011,-0.02074114,-0.00093773,8.2453,7.4643,-0.1983,-1.0451,-0.4253,44.5805,5.2712,9.4440,7.9956,5.1431,5.9381,10.3271,15.4111,20.018,25.7155,5.1891,0.0,3.371126,4.330608,1.388544,21,85,73,2,0.19747933,-0.02344331,-0.10623960,0E-8,0.000000,0.882572,0.000000,0.10317029,2026-03-23,2026-08-04,59,145,142,135,0.437037,1.181154,1.145380,0.658264,,,,,,,,GLOBAL_BASELINE_NO_ENTITY_RANKING,,,NOT_APPLICABLE_GLOBAL_BASELINE,HF9g-P5,,,,X 全窗基线 · 不参与实体赏罚,3926160,393,A168_HF9F_20260827_0900,2026-08-27 09:00:00
2026-05-25,139992598,1374,0,10.3782886202,-0.2594572155,-0.2594572155,0.5000000,2,2,0.50665070000000000,0.506650700000,-0.018812684590367487,-0.018812684590367487,-0.018812684590367487,0E-17,ELIGIBLE,R03b_20260811_FULL_v1,L1_ELIGIBILITY,v2026-08-11,2026-03-21..2026-08-06,baccarat_bet02_101_all_pairs_incl_sentinel,round_win = game_pnl > 0 (decisive only),COMPATIBILITY_ONLY_NOT_PRODUCTION,2630.2504,2321.3866,-61.6618,319,311,0.02344331,0.10623960,0.00306931,0.02344331,61.6618,2630.2504,OK,0.0000,-2.4665,4.0000,96.0000,AG03-UNRESOLVED,ALL5_LEVELS_bet23_to_bet27,-2.4665,-2.4665,-2.4665,0.0000,0.0000,4.000000,4.000000,4.000000,0.000000,0.000000,96.000000,96.000000,96.000000,100.000000,100.000000,5.0,-7.3994,-7.1074,-54.2624,-54.5544,PENDING_AG03,FALSE,NOT_FOR_ENFORCEMENT,-59.1953,2228.5311,-61.6618,-59.1953,-2.4665,-0.02344331,-0.02250557,-2.4665,-59.1953,-0.02250557,-2.4665,-2.4665,-2.4665,0.0000,0.0000,-59.1953,-0.02250557,-7.3994,-7.1074,-54.2624,-54.5544,-0.02063011,-0.02074114,-0.00093773,8.2453,7.4643,-0.1983,-1.0451,-0.4253,44.5805,5.2712,9.4440,7.9956,5.1431,5.9381,10.3271,15.4111,20.018,25.7155,5.1891,0.0,3.371126,4.330608,1.388544,21,85,73,2,0.19747933,-0.02344331,-0.10623960,0E-8,0.000000,0.882572,0.000000,0.10317029,2026-03-23,2026-08-04,59,145,142,135,0.437037,1.181154,1.145380,0.658264,,,,,,,,GLOBAL_BASELINE_NO_ENTITY_RANKING,,,NOT_APPLICABLE_GLOBAL_BASELINE,HF9g-P5,,,,X 全窗基线 · 不参与实体赏罚,3926161,393,A168_HF9F_20260827_0900,2026-08-27 09:00:00
2026-05-25,139992598,1966,0,25.9457215506,9.9891027969,9.9891027969,0.5000000,4,4,0.49659680000000000,0.496596800000,0.013613115331600182,0.013613115331600183,0.013613115331600182,0E-17,ELIGIBLE,R03b_20260811_FULL_v1,L1_ELIGIBILITY,v2026-08-11,2026-03-21..2026-08-06,baccarat_bet02_101_all_pairs_incl_sentinel,round_win = game_pnl > 0 (decisive only),COMPATIBILITY_ONLY_NOT_PRODUCTION,2630.2504,2321.3866,-61.6618,319,311,0.02344331,0.10623960,0.00306931,0.02344331,61.6618,2630.2504,OK,0.0000,-2.4665,4.0000,96.0000,AG03-UNRESOLVED,ALL5_LEVELS_bet23_to_bet27,-2.4665,-2.4665,-2.4665,0.0000,0.0000,4.000000,4.000000,4.000000,0.000000,0.000000,96.000000,96.000000,96.000000,100.000000,100.000000,5.0,-7.3994,-7.1074,-54.2624,-54.5544,PENDING_AG03,FALSE,NOT_FOR_ENFORCEMENT,-59.1953,2228.5311,-61.6618,-59.1953,-2.4665,-0.02344331,-0.02250557,-2.4665,-59.1953,-0.02250557,-2.4665,-2.4665,-2.4665,0.0000,0.0000,-59.1953,-0.02250557,-7.3994,-7.1074,-54.2624,-54.5544,-0.02063011,-0.02074114,-0.00093773,8.2453,7.4643,-0.1983,-1.0451,-0.4253,44.5805,5.2712,9.4440,7.9956,5.1431,5.9381,10.3271,15.4111,20.018,25.7155,5.1891,0.0,3.371126,4.330608,1.388544,21,85,73,2,0.19747933,-0.02344331,-0.10623960,0E-8,0.000000,0.882572,0.000000,0.10317029,2026-03-23,2026-08-04,59,145,142,135,0.437037,1.181154,1.145380,0.658264,,,,,,,,GLOBAL_BASELINE_NO_ENTITY_RANKING,,,NOT_APPLICABLE_GLOBAL_BASELINE,HF9g-P5,,,,X 全窗基线 · 不参与实体赏罚,3926162,393,A168_HF9F_20260827_0900,2026-08-27 09:00:00
2026-05-25,139992598,1994,0,28.5402937056,-7.7837164652,-7.7837164652,0.4000000,5,5,0.49324550000000000,0.493245500000,-0.4170446088060018,-0.4170446088060018,-0.4170446088060018,0E-17,ELIGIBLE,R03b_20260811_FULL_v1,L1_ELIGIBILITY,v2026-08-11,2026-03-21..2026-08-06,baccarat_bet02_101_all_pairs_incl_sentinel,round_win = game_pnl > 0 (decisive only),COMPATIBILITY_ONLY_NOT_PRODUCTION,2630.2504,2321.3866,-61.6618,319,311,0.02344331,0.10623960,0.00306931,0.02344331,61.6618,2630.2504,OK,0.0000,-2.4665,4.0000,96.0000,AG03-UNRESOLVED,ALL5_LEVELS_bet23_to_bet27,-2.4665,-2.4665,-2.4665,0.0000,0.0000,4.000000,4.000000,4.000000,0.000000,0.000000,96.000000,96.000000,96.000000,100.000000,100.000000,5.0,-7.3994,-7.1074,-54.2624,-54.5544,PENDING_AG03,FALSE,NOT_FOR_ENFORCEMENT,-59.1953,2228.5311,-61.6618,-59.1953,-2.4665,-0.02344331,-0.02250557,-2.4665,-59.1953,-0.02250557,-2.4665,-2.4665,-2.4665,0.0000,0.0000,-59.1953,-0.02250557,-7.3994,-7.1074,-54.2624,-54.5544,-0.02063011,-0.02074114,-0.00093773,8.2453,7.4643,-0.1983,-1.0451,-0.4253,44.5805,5.2712,9.4440,7.9956,5.1431,5.9381,10.3271,15.4111,20.018,25.7155,5.1891,0.0,3.371126,4.330608,1.388544,21,85,73,2,0.19747933,-0.02344331,-0.10623960,0E-8,0.000000,0.882572,0.000000,0.10317029,2026-03-23,2026-08-04,59,145,142,135,0.437037,1.181154,1.145380,0.658264,,,,,,,,GLOBAL_BASELINE_NO_ENTITY_RANKING,,,NOT_APPLICABLE_GLOBAL_BASELINE,HF9g-P5,,,,X 全窗基线 · 不参与实体赏罚,3926163,393,A168_HF9F_20260827_0900,2026-08-27 09:00:00
2026-05-25,139992598,2108,0,3.6324010171,3.4507809662,3.4507809662,1.0000000,1,1,0.50665070000000000,0.506650700000,0.9867858985152569,0.9867858985152569,0.9867858985152569,0E-17,ELIGIBLE,R03b_20260811_FULL_v1,L1_ELIGIBILITY,v2026-08-11,2026-03-21..2026-08-06,baccarat_bet02_101_all_pairs_incl_sentinel,round_win = game_pnl > 0 (decisive only),COMPATIBILITY_ONLY_NOT_PRODUCTION,2630.2504,2321.3866,-61.6618,319,311,0.02344331,0.10623960,0.00306931,0.02344331,61.6618,2630.2504,OK,0.0000,-2.4665,4.0000,96.0000,AG03-UNRESOLVED,ALL5_LEVELS_bet23_to_bet27,-2.4665,-2.4665,-2.4665,0.0000,0.0000,4.000000,4.000000,4.000000,0.000000,0.000000,96.000000,96.000000,96.000000,100.000000,100.000000,5.0,-7.3994,-7.1074,-54.2624,-54.5544,PENDING_AG03,FALSE,NOT_FOR_ENFORCEMENT,-59.1953,2228.5311,-61.6618,-59.1953,-2.4665,-0.02344331,-0.02250557,-2.4665,-59.1953,-0.02250557,-2.4665,-2.4665,-2.4665,0.0000,0.0000,-59.1953,-0.02250557,-7.3994,-7.1074,-54.2624,-54.5544,-0.02063011,-0.02074114,-0.00093773,8.2453,7.4643,-0.1983,-1.0451,-0.4253,44.5805,5.2712,9.4440,7.9956,5.1431,5.9381,10.3271,15.4111,20.018,25.7155,5.1891,0.0,3.371126,4.330608,1.388544,21,85,73,2,0.19747933,-0.02344331,-0.10623960,0E-8,0.000000,0.882572,0.000000,0.10317029,2026-03-23,2026-08-04,59,145,142,135,0.437037,1.181154,1.145380,0.658264,,,,,,,,GLOBAL_BASELINE_NO_ENTITY_RANKING,,,NOT_APPLICABLE_GLOBAL_BASELINE,HF9g-P5,,,,X 全窗基线 · 不参与实体赏罚,3926164,393,A168_HF9F_20260827_0900,2026-08-27 09:00:00
2026-05-25,139992598,2156,0,5.1891443101,5.1891443101,5.1891443101,1.0000000,1,1,0.49324550000000000,0.493245500000,1.01360149184955,1.01360149184955,1.01360149184955,0E-17,ELIGIBLE,R03b_20260811_FULL_v1,L1_ELIGIBILITY,v2026-08-11,2026-03-21..2026-08-06,baccarat_bet02_101_all_pairs_incl_sentinel,round_win = game_pnl > 0 (decisive only),COMPATIBILITY_ONLY_NOT_PRODUCTION,2630.2504,2321.3866,-61.6618,319,311,0.02344331,0.10623960,0.00306931,0.02344331,61.6618,2630.2504,OK,0.0000,-2.4665,4.0000,96.0000,AG03-UNRESOLVED,ALL5_LEVELS_bet23_to_bet27,-2.4665,-2.4665,-2.4665,0.0000,0.0000,4.000000,4.000000,4.000000,0.000000,0.000000,96.000000,96.000000,96.000000,100.000000,100.000000,5.0,-7.3994,-7.1074,-54.2624,-54.5544,PENDING_AG03,FALSE,NOT_FOR_ENFORCEMENT,-59.1953,2228.5311,-61.6618,-59.1953,-2.4665,-0.02344331,-0.02250557,-2.4665,-59.1953,-0.02250557,-2.4665,-2.4665,-2.4665,0.0000,0.0000,-59.1953,-0.02250557,-7.3994,-7.1074,-54.2624,-54.5544,-0.02063011,-0.02074114,-0.00093773,8.2453,7.4643,-0.1983,-1.0451,-0.4253,44.5805,5.2712,9.4440,7.9956,5.1431,5.9381,10.3271,15.4111,20.018,25.7155,5.1891,0.0,3.371126,4.330608,1.388544,21,85,73,2,0.19747933,-0.02344331,-0.10623960,0E-8,0.000000,0.882572,0.000000,0.10317029,2026-03-23,2026-08-04,59,145,142,135,0.437037,1.181154,1.145380,0.658264,,,,,,,,GLOBAL_BASELINE_NO_ENTITY_RANKING,,,NOT_APPLICABLE_GLOBAL_BASELINE,HF9g-P5,,,,X 全窗基线 · 不参与实体赏罚,3926165,393,A168_HF9F_20260827_0900,2026-08-27 09:00:00
2026-05-26,139992598,1017,0,64.8643038766,21.4052202791,21.4052202791,0.6923077,15,15,0.50575702000000000,0.505757020000,1.3453252088893852,1.3453252088893852,1.3453252088893852,0E-17,ELIGIBLE,R03b_20260811_FULL_v1,L1_ELIGIBILITY,v2026-08-11,2026-03-21..2026-08-06,baccarat_bet02_101_all_pairs_incl_sentinel,round_win = game_pnl > 0 (decisive only),COMPATIBILITY_ONLY_NOT_PRODUCTION,2630.2504,2321.3866,-61.6618,319,311,0.02344331,0.10623960,0.00306931,0.02344331,61.6618,2630.2504,OK,0.0000,-2.4665,4.0000,96.0000,AG03-UNRESOLVED,ALL5_LEVELS_bet23_to_bet27,-2.4665,-2.4665,-2.4665,0.0000,0.0000,4.000000,4.000000,4.000000,0.000000,0.000000,96.000000,96.000000,96.000000,100.000000,100.000000,5.0,-7.3994,-7.1074,-54.2624,-54.5544,PENDING_AG03,FALSE,NOT_FOR_ENFORCEMENT,-59.1953,2228.5311,-61.6618,-59.1953,-2.4665,-0.02344331,-0.02250557,-2.4665,-59.1953,-0.02250557,-2.4665,-2.4665,-2.4665,0.0000,0.0000,-59.1953,-0.02250557,-7.3994,-7.1074,-54.2624,-54.5544,-0.02063011,-0.02074114,-0.00093773,8.2453,7.4643,-0.1983,-1.0451,-0.4253,44.5805,5.2712,9.4440,7.9956,5.1431,5.9381,10.3271,15.4111,20.018,25.7155,5.1891,0.0,3.371126,4.330608,1.388544,21,85,73,2,0.19747933,-0.02344331,-0.10623960,0E-8,0.000000,0.882572,0.000000,0.10317029,2026-03-23,2026-08-04,59,145,142,135,0.437037,1.181154,1.145380,0.658264,,,,,,,,GLOBAL_BASELINE_NO_ENTITY_RANKING,,,NOT_APPLICABLE_GLOBAL_BASELINE,HF9g-P5,,,,X 全窗基线 · 不参与实体赏罚,3926166,393,A168_HF9F_20260827_0900,2026-08-27 09:00:00
2026-05-26,139992598,1363,0,64.3453894453,17.3447148566,17.3447148566,0.6666667,8,8,0.49994810000000000,0.499948100000,0.8167508423630434,0.8167508423630434,0.8167508423630434,0E-17,ELIGIBLE,R03b_20260811_FULL_v1,L1_ELIGIBILITY,v2026-08-11,2026-03-21..2026-08-06,baccarat_bet02_101_all_pairs_incl_sentinel,round_win = game_pnl > 0 (decisive only),COMPATIBILITY_ONLY_NOT_PRODUCTION,2630.2504,2321.3866,-61.6618,319,311,0.02344331,0.10623960,0.00306931,0.02344331,61.6618,2630.2504,OK,0.0000,-2.4665,4.0000,96.0000,AG03-UNRESOLVED,ALL5_LEVELS_bet23_to_bet27,-2.4665,-2.4665,-2.4665,0.0000,0.0000,4.000000,4.000000,4.000000,0.000000,0.000000,96.000000,96.000000,96.000000,100.000000,100.000000,5.0,-7.3994,-7.1074,-54.2624,-54.5544,PENDING_AG03,FALSE,NOT_FOR_ENFORCEMENT,-59.1953,2228.5311,-61.6618,-59.1953,-2.4665,-0.02344331,-0.02250557,-2.4665,-59.1953,-0.02250557,-2.4665,-2.4665,-2.4665,0.0000,0.0000,-59.1953,-0.02250557,-7.3994,-7.1074,-54.2624,-54.5544,-0.02063011,-0.02074114,-0.00093773,8.2453,7.4643,-0.1983,-1.0451,-0.4253,44.5805,5.2712,9.4440,7.9956,5.1431,5.9381,10.3271,15.4111,20.018,25.7155,5.1891,0.0,3.371126,4.330608,1.388544,21,85,73,2,0.19747933,-0.02344331,-0.10623960,0E-8,0.000000,0.882572,0.000000,0.10317029,2026-03-23,2026-08-04,59,145,142,135,0.437037,1.181154,1.145380,0.658264,,,,,,,,GLOBAL_BASELINE_NO_ENTITY_RANKING,,,NOT_APPLICABLE_GLOBAL_BASELINE,HF9g-P5,,,,X 全窗基线 · 不参与实体赏罚,3926167,393,A168_HF9F_20260827_0900,2026-08-27 09:00:00
2026-05-26,139992598,1509,0,7.2648020341,6.9015619324,6.9015619324,1.0000000,1,1,0.50665070000000000,0.506650700000,0.9867858985152569,0.9867858985152569,0.9867858985152569,0E-17,ELIGIBLE,R03b_20260811_FULL_v1,L1_ELIGIBILITY,v2026-08-11,2026-03-21..2026-08-06,baccarat_bet02_101_all_pairs_incl_sentinel,round_win = game_pnl > 0 (decisive only),COMPATIBILITY_ONLY_NOT_PRODUCTION,2630.2504,2321.3866,-61.6618,319,311,0.02344331,0.10623960,0.00306931,0.02344331,61.6618,2630.2504,OK,0.0000,-2.4665,4.0000,96.0000,AG03-UNRESOLVED,ALL5_LEVELS_bet23_to_bet27,-2.4665,-2.4665,-2.4665,0.0000,0.0000,4.000000,4.000000,4.000000,0.000000,0.000000,96.000000,96.000000,96.000000,100.000000,100.000000,5.0,-7.3994,-7.1074,-54.2624,-54.5544,PENDING_AG03,FALSE,NOT_FOR_ENFORCEMENT,-59.1953,2228.5311,-61.6618,-59.1953,-2.4665,-0.02344331,-0.02250557,-2.4665,-59.1953,-0.02250557,-2.4665,-2.4665,-2.4665,0.0000,0.0000,-59.1953,-0.02250557,-7.3994,-7.1074,-54.2624,-54.5544,-0.02063011,-0.02074114,-0.00093773,8.2453,7.4643,-0.1983,-1.0451,-0.4253,44.5805,5.2712,9.4440,7.9956,5.1431,5.9381,10.3271,15.4111,20.018,25.7155,5.1891,0.0,3.371126,4.330608,1.388544,21,85,73,2,0.19747933,-0.02344331,-0.10623960,0E-8,0.000000,0.882572,0.000000,0.10317029,2026-03-23,2026-08-04,59,145,142,135,0.437037,1.181154,1.145380,0.658264,,,,,,,,GLOBAL_BASELINE_NO_ENTITY_RANKING,,,NOT_APPLICABLE_GLOBAL_BASELINE,HF9g-P5,,,,X 全窗基线 · 不参与实体赏罚,3926168,393,A168_HF9F_20260827_0900,2026-08-27 09:00:00
2026-05-28,139992598,2175,0,46.7022987914,19.5890197707,19.5890197707,0.7500000,13,13,0.50252602307692308,0.502526023077,1.7145718871223738,1.7145718871218425,1.7145718871223738,-7.692E-14,ELIGIBLE,R03b_20260811_FULL_v1,L1_ELIGIBILITY,v2026-08-11,2026-03-21..2026-08-06,baccarat_bet02_101_all_pairs_incl_sentinel,round_win = game_pnl > 0 (decisive only),COMPATIBILITY_ONLY_NOT_PRODUCTION,2630.2504,2321.3866,-61.6618,319,311,0.02344331,0.10623960,0.00306931,0.02344331,61.6618,2630.2504,OK,0.0000,-2.4665,4.0000,96.0000,AG03-UNRESOLVED,ALL5_LEVELS_bet23_to_bet27,-2.4665,-2.4665,-2.4665,0.0000,0.0000,4.000000,4.000000,4.000000,0.000000,0.000000,96.000000,96.000000,96.000000,100.000000,100.000000,5.0,-7.3994,-7.1074,-54.2624,-54.5544,PENDING_AG03,FALSE,NOT_FOR_ENFORCEMENT,-59.1953,2228.5311,-61.6618,-59.1953,-2.4665,-0.02344331,-0.02250557,-2.4665,-59.1953,-0.02250557,-2.4665,-2.4665,-2.4665,0.0000,0.0000,-59.1953,-0.02250557,-7.3994,-7.1074,-54.2624,-54.5544,-0.02063011,-0.02074114,-0.00093773,8.2453,7.4643,-0.1983,-1.0451,-0.4253,44.5805,5.2712,9.4440,7.9956,5.1431,5.9381,10.3271,15.4111,20.018,25.7155,5.1891,0.0,3.371126,4.330608,1.388544,21,85,73,2,0.19747933,-0.02344331,-0.10623960,0E-8,0.000000,0.882572,0.000000,0.10317029,2026-03-23,2026-08-04,59,145,142,135,0.437037,1.181154,1.145380,0.658264,,,,,,,,GLOBAL_BASELINE_NO_ENTITY_RANKING,,,NOT_APPLICABLE_GLOBAL_BASELINE,HF9g-P5,,,,X 全窗基线 · 不参与实体赏罚,3926169,393,A168_HF9F_20260827_0900,2026-08-27 09:00:00
2026-05-28,139992598,2252,0,20.7565772405,-10.6377458358,-10.6377458358,0.2500000,4,4,0.50665070000000000,0.506650700000,-1.0266936290537745,-1.0266936290537745,-1.0266936290537745,0E-17,ELIGIBLE,R03b_20260811_FULL_v1,L1_ELIGIBILITY,v2026-08-11,2026-03-21..2026-08-06,baccarat_bet02_101_all_pairs_incl_sentinel,round_win = game_pnl > 0 (decisive only),COMPATIBILITY_ONLY_NOT_PRODUCTION,2630.2504,2321.3866,-61.6618,319,311,0.02344331,0.10623960,0.00306931,0.02344331,61.6618,2630.2504,OK,0.0000,-2.4665,4.0000,96.0000,AG03-UNRESOLVED,ALL5_LEVELS_bet23_to_bet27,-2.4665,-2.4665,-2.4665,0.0000,0.0000,4.000000,4.000000,4.000000,0.000000,0.000000,96.000000,96.000000,96.000000,100.000000,100.000000,5.0,-7.3994,-7.1074,-54.2624,-54.5544,PENDING_AG03,FALSE,NOT_FOR_ENFORCEMENT,-59.1953,2228.5311,-61.6618,-59.1953,-2.4665,-0.02344331,-0.02250557,-2.4665,-59.1953,-0.02250557,-2.4665,-2.4665,-2.4665,0.0000,0.0000,-59.1953,-0.02250557,-7.3994,-7.1074,-54.2624,-54.5544,-0.02063011,-0.02074114,-0.00093773,8.2453,7.4643,-0.1983,-1.0451,-0.4253,44.5805,5.2712,9.4440,7.9956,5.1431,5.9381,10.3271,15.4111,20.018,25.7155,5.1891,0.0,3.371126,4.330608,1.388544,21,85,73,2,0.19747933,-0.02344331,-0.10623960,0E-8,0.000000,0.882572,0.000000,0.10317029,2026-03-23,2026-08-04,59,145,142,135,0.437037,1.181154,1.145380,0.658264,,,,,,,,GLOBAL_BASELINE_NO_ENTITY_RANKING,,,NOT_APPLICABLE_GLOBAL_BASELINE,HF9g-P5,,,,X 全窗基线 · 不参与实体赏罚,3926170,393,A168_HF9F_20260827_0900,2026-08-27 09:00:00
2026-05-29,139992598,1318,0,7.7837164652,-2.5945721551,-2.5945721551,0E-7,2,2,0.50665070000000000,0.506650700000,-1.013391052207602,-1.013391052207602,-1.013391052207602,0E-17,ELIGIBLE,R03b_20260811_FULL_v1,L1_ELIGIBILITY,v2026-08-11,2026-03-21..2026-08-06,baccarat_bet02_101_all_pairs_incl_sentinel,round_win = game_pnl > 0 (decisive only),COMPATIBILITY_ONLY_NOT_PRODUCTION,2630.2504,2321.3866,-61.6618,319,311,0.02344331,0.10623960,0.00306931,0.02344331,61.6618,2630.2504,OK,0.0000,-2.4665,4.0000,96.0000,AG03-UNRESOLVED,ALL5_LEVELS_bet23_to_bet27,-2.4665,-2.4665,-2.4665,0.0000,0.0000,4.000000,4.000000,4.000000,0.000000,0.000000,96.000000,96.000000,96.000000,100.000000,100.000000,5.0,-7.3994,-7.1074,-54.2624,-54.5544,PENDING_AG03,FALSE,NOT_FOR_ENFORCEMENT,-59.1953,2228.5311,-61.6618,-59.1953,-2.4665,-0.02344331,-0.02250557,-2.4665,-59.1953,-0.02250557,-2.4665,-2.4665,-2.4665,0.0000,0.0000,-59.1953,-0.02250557,-7.3994,-7.1074,-54.2624,-54.5544,-0.02063011,-0.02074114,-0.00093773,8.2453,7.4643,-0.1983,-1.0451,-0.4253,44.5805,5.2712,9.4440,7.9956,5.1431,5.9381,10.3271,15.4111,20.018,25.7155,5.1891,0.0,3.371126,4.330608,1.388544,21,85,73,2,0.19747933,-0.02344331,-0.10623960,0E-8,0.000000,0.882572,0.000000,0.10317029,2026-03-23,2026-08-04,59,145,142,135,0.437037,1.181154,1.145380,0.658264,,,,,,,,GLOBAL_BASELINE_NO_ENTITY_RANKING,,,NOT_APPLICABLE_GLOBAL_BASELINE,HF9g-P5,,,,X 全窗基线 · 不参与实体赏罚,3926171,393,A168_HF9F_20260827_0900,2026-08-27 09:00:00
2026-05-29,139992598,1702,0,11.9350319133,-6.8756162109,-6.8756162109,0.3333333,3,3,0.50665070000000000,0.506650700000,-0.6004420894325239,-0.6004420894325239,-0.6004420894325239,0E-17,ELIGIBLE,R03b_20260811_FULL_v1,L1_ELIGIBILITY,v2026-08-11,2026-03-21..2026-08-06,baccarat_bet02_101_all_pairs_incl_sentinel,round_win = game_pnl > 0 (decisive only),COMPATIBILITY_ONLY_NOT_PRODUCTION,2630.2504,2321.3866,-61.6618,319,311,0.02344331,0.10623960,0.00306931,0.02344331,61.6618,2630.2504,OK,0.0000,-2.4665,4.0000,96.0000,AG03-UNRESOLVED,ALL5_LEVELS_bet23_to_bet27,-2.4665,-2.4665,-2.4665,0.0000,0.0000,4.000000,4.000000,4.000000,0.000000,0.000000,96.000000,96.000000,96.000000,100.000000,100.000000,5.0,-7.3994,-7.1074,-54.2624,-54.5544,PENDING_AG03,FALSE,NOT_FOR_ENFORCEMENT,-59.1953,2228.5311,-61.6618,-59.1953,-2.4665,-0.02344331,-0.02250557,-2.4665,-59.1953,-0.02250557,-2.4665,-2.4665,-2.4665,0.0000,0.0000,-59.1953,-0.02250557,-7.3994,-7.1074,-54.2624,-54.5544,-0.02063011,-0.02074114,-0.00093773,8.2453,7.4643,-0.1983,-1.0451,-0.4253,44.5805,5.2712,9.4440,7.9956,5.1431,5.9381,10.3271,15.4111,20.018,25.7155,5.1891,0.0,3.371126,4.330608,1.388544,21,85,73,2,0.19747933,-0.02344331,-0.10623960,0E-8,0.000000,0.882572,0.000000,0.10317029,2026-03-23,2026-08-04,59,145,142,135,0.437037,1.181154,1.145380,0.658264,,,,,,,,GLOBAL_BASELINE_NO_ENTITY_RANKING,,,NOT_APPLICABLE_GLOBAL_BASELINE,HF9g-P5,,,,X 全窗基线 · 不参与实体赏罚,3926172,393,A168_HF9F_20260827_0900,2026-08-27 09:00:00
2026-05-29,139992598,1957,0,10.3782886203,-5.3188729179,-5.3188729179,0.3333333,3,3,0.50218230000000000,0.502182300000,-0.5849155494134425,-0.5849155494134426,-0.5849155494134425,0E-17,ELIGIBLE,R03b_20260811_FULL_v1,L1_ELIGIBILITY,v2026-08-11,2026-03-21..2026-08-06,baccarat_bet02_101_all_pairs_incl_sentinel,round_win = game_pnl > 0 (decisive only),COMPATIBILITY_ONLY_NOT_PRODUCTION,2630.2504,2321.3866,-61.6618,319,311,0.02344331,0.10623960,0.00306931,0.02344331,61.6618,2630.2504,OK,0.0000,-2.4665,4.0000,96.0000,AG03-UNRESOLVED,ALL5_LEVELS_bet23_to_bet27,-2.4665,-2.4665,-2.4665,0.0000,0.0000,4.000000,4.000000,4.000000,0.000000,0.000000,96.000000,96.000000,96.000000,100.000000,100.000000,5.0,-7.3994,-7.1074,-54.2624,-54.5544,PENDING_AG03,FALSE,NOT_FOR_ENFORCEMENT,-59.1953,2228.5311,-61.6618,-59.1953,-2.4665,-0.02344331,-0.02250557,-2.4665,-59.1953,-0.02250557,-2.4665,-2.4665,-2.4665,0.0000,0.0000,-59.1953,-0.02250557,-7.3994,-7.1074,-54.2624,-54.5544,-0.02063011,-0.02074114,-0.00093773,8.2453,7.4643,-0.1983,-1.0451,-0.4253,44.5805,5.2712,9.4440,7.9956,5.1431,5.9381,10.3271,15.4111,20.018,25.7155,5.1891,0.0,3.371126,4.330608,1.388544,21,85,73,2,0.19747933,-0.02344331,-0.10623960,0E-8,0.000000,0.882572,0.000000,0.10317029,2026-03-23,2026-08-04,59,145,142,135,0.437037,1.181154,1.145380,0.658264,,,,,,,,GLOBAL_BASELINE_NO_ENTITY_RANKING,,,NOT_APPLICABLE_GLOBAL_BASELINE,HF9g-P5,,,,X 全窗基线 · 不参与实体赏罚,3926173,393,A168_HF9F_20260827_0900,2026-08-27 09:00:00
2026-05-29,139992598,2160,0,5.1891443101,-5.1891443101,-5.1891443101,0E-7,1,1,0.49324550000000000,0.493245500000,-0.9865810262130424,-0.9865810262130424,-0.9865810262130424,0E-17,ELIGIBLE,R03b_20260811_FULL_v1,L1_ELIGIBILITY,v2026-08-11,2026-03-21..2026-08-06,baccarat_bet02_101_all_pairs_incl_sentinel,round_win = game_pnl > 0 (decisive only),COMPATIBILITY_ONLY_NOT_PRODUCTION,2630.2504,2321.3866,-61.6618,319,311,0.02344331,0.10623960,0.00306931,0.02344331,61.6618,2630.2504,OK,0.0000,-2.4665,4.0000,96.0000,AG03-UNRESOLVED,ALL5_LEVELS_bet23_to_bet27,-2.4665,-2.4665,-2.4665,0.0000,0.0000,4.000000,4.000000,4.000000,0.000000,0.000000,96.000000,96.000000,96.000000,100.000000,100.000000,5.0,-7.3994,-7.1074,-54.2624,-54.5544,PENDING_AG03,FALSE,NOT_FOR_ENFORCEMENT,-59.1953,2228.5311,-61.6618,-59.1953,-2.4665,-0.02344331,-0.02250557,-2.4665,-59.1953,-0.02250557,-2.4665,-2.4665,-2.4665,0.0000,0.0000,-59.1953,-0.02250557,-7.3994,-7.1074,-54.2624,-54.5544,-0.02063011,-0.02074114,-0.00093773,8.2453,7.4643,-0.1983,-1.0451,-0.4253,44.5805,5.2712,9.4440,7.9956,5.1431,5.9381,10.3271,15.4111,20.018,25.7155,5.1891,0.0,3.371126,4.330608,1.388544,21,85,73,2,0.19747933,-0.02344331,-0.10623960,0E-8,0.000000,0.882572,0.000000,0.10317029,2026-03-23,2026-08-04,59,145,142,135,0.437037,1.181154,1.145380,0.658264,,,,,,,,GLOBAL_BASELINE_NO_ENTITY_RANKING,,,NOT_APPLICABLE_GLOBAL_BASELINE,HF9g-P5,,,,X 全窗基线 · 不参与实体赏罚,3926174,393,A168_HF9F_20260827_0900,2026-08-27 09:00:00
2026-05-29,139992598,994,0,2.5945721551,-2.5945721551,-2.5945721551,0E-7,1,1,0.49324550000000000,0.493245500000,-0.9865810262130424,-0.9865810262130424,-0.9865810262130424,0E-17,ELIGIBLE,R03b_20260811_FULL_v1,L1_ELIGIBILITY,v2026-08-11,2026-03-21..2026-08-06,baccarat_bet02_101_all_pairs_incl_sentinel,round_win = game_pnl > 0 (decisive only),COMPATIBILITY_ONLY_NOT_PRODUCTION,2630.2504,2321.3866,-61.6618,319,311,0.02344331,0.10623960,0.00306931,0.02344331,61.6618,2630.2504,OK,0.0000,-2.4665,4.0000,96.0000,AG03-UNRESOLVED,ALL5_LEVELS_bet23_to_bet27,-2.4665,-2.4665,-2.4665,0.0000,0.0000,4.000000,4.000000,4.000000,0.000000,0.000000,96.000000,96.000000,96.000000,100.000000,100.000000,5.0,-7.3994,-7.1074,-54.2624,-54.5544,PENDING_AG03,FALSE,NOT_FOR_ENFORCEMENT,-59.1953,2228.5311,-61.6618,-59.1953,-2.4665,-0.02344331,-0.02250557,-2.4665,-59.1953,-0.02250557,-2.4665,-2.4665,-2.4665,0.0000,0.0000,-59.1953,-0.02250557,-7.3994,-7.1074,-54.2624,-54.5544,-0.02063011,-0.02074114,-0.00093773,8.2453,7.4643,-0.1983,-1.0451,-0.4253,44.5805,5.2712,9.4440,7.9956,5.1431,5.9381,10.3271,15.4111,20.018,25.7155,5.1891,0.0,3.371126,4.330608,1.388544,21,85,73,2,0.19747933,-0.02344331,-0.10623960,0E-8,0.000000,0.882572,0.000000,0.10317029,2026-03-23,2026-08-04,59,145,142,135,0.437037,1.181154,1.145380,0.658264,,,,,,,,GLOBAL_BASELINE_NO_ENTITY_RANKING,,,NOT_APPLICABLE_GLOBAL_BASELINE,HF9g-P5,,,,X 全窗基线 · 不参与实体赏罚,3926175,393,A168_HF9F_20260827_0900,2026-08-27 09:00:00
2026-05-30,139992598,-1,1,10.3782886202,-0.2594572155,-0.2594572155,0.5000000,2,2,0.50665070000000000,0.506650700000,-0.018812684590367487,-0.018812684590367487,-0.018812684590367487,0E-17,SENTINEL_DEALER,R03b_20260811_FULL_v1,L1_ELIGIBILITY,v2026-08-11,2026-03-21..2026-08-06,baccarat_bet02_101_all_pairs_incl_sentinel,round_win = game_pnl > 0 (decisive only),COMPATIBILITY_ONLY_NOT_PRODUCTION,2630.2504,2321.3866,-61.6618,319,311,0.02344331,0.10623960,0.00306931,0.02344331,61.6618,2630.2504,OK,0.0000,-2.4665,4.0000,96.0000,AG03-UNRESOLVED,ALL5_LEVELS_bet23_to_bet27,-2.4665,-2.4665,-2.4665,0.0000,0.0000,4.000000,4.000000,4.000000,0.000000,0.000000,96.000000,96.000000,96.000000,100.000000,100.000000,5.0,-7.3994,-7.1074,-54.2624,-54.5544,PENDING_AG03,FALSE,NOT_FOR_ENFORCEMENT,-59.1953,2228.5311,-61.6618,-59.1953,-2.4665,-0.02344331,-0.02250557,-2.4665,-59.1953,-0.02250557,-2.4665,-2.4665,-2.4665,0.0000,0.0000,-59.1953,-0.02250557,-7.3994,-7.1074,-54.2624,-54.5544,-0.02063011,-0.02074114,-0.00093773,8.2453,7.4643,-0.1983,-1.0451,-0.4253,44.5805,5.2712,9.4440,7.9956,5.1431,5.9381,10.3271,15.4111,20.018,25.7155,5.1891,0.0,3.371126,4.330608,1.388544,21,85,73,2,0.19747933,-0.02344331,-0.10623960,0E-8,0.000000,0.882572,0.000000,0.10317029,2026-03-23,2026-08-04,59,145,142,135,0.437037,1.181154,1.145380,0.658264,,,,,,,,GLOBAL_BASELINE_NO_ENTITY_RANKING,,,NOT_APPLICABLE_GLOBAL_BASELINE,HF9g-P5,,,,X 全窗基线 · 不参与实体赏罚,3926176,393,A168_HF9F_20260827_0900,2026-08-27 09:00:00
2026-05-30,139992598,1330,0,2.5945721551,2.4648435473,2.4648435473,1.0000000,1,1,0.50665070000000000,0.506650700000,0.9867858985152569,0.9867858985152569,0.9867858985152569,0E-17,ELIGIBLE,R03b_20260811_FULL_v1,L1_ELIGIBILITY,v2026-08-11,2026-03-21..2026-08-06,baccarat_bet02_101_all_pairs_incl_sentinel,round_win = game_pnl > 0 (decisive only),COMPATIBILITY_ONLY_NOT_PRODUCTION,2630.2504,2321.3866,-61.6618,319,311,0.02344331,0.10623960,0.00306931,0.02344331,61.6618,2630.2504,OK,0.0000,-2.4665,4.0000,96.0000,AG03-UNRESOLVED,ALL5_LEVELS_bet23_to_bet27,-2.4665,-2.4665,-2.4665,0.0000,0.0000,4.000000,4.000000,4.000000,0.000000,0.000000,96.000000,96.000000,96.000000,100.000000,100.000000,5.0,-7.3994,-7.1074,-54.2624,-54.5544,PENDING_AG03,FALSE,NOT_FOR_ENFORCEMENT,-59.1953,2228.5311,-61.6618,-59.1953,-2.4665,-0.02344331,-0.02250557,-2.4665,-59.1953,-0.02250557,-2.4665,-2.4665,-2.4665,0.0000,0.0000,-59.1953,-0.02250557,-7.3994,-7.1074,-54.2624,-54.5544,-0.02063011,-0.02074114,-0.00093773,8.2453,7.4643,-0.1983,-1.0451,-0.4253,44.5805,5.2712,9.4440,7.9956,5.1431,5.9381,10.3271,15.4111,20.018,25.7155,5.1891,0.0,3.371126,4.330608,1.388544,21,85,73,2,0.19747933,-0.02344331,-0.10623960,0E-8,0.000000,0.882572,0.000000,0.10317029,2026-03-23,2026-08-04,59,145,142,135,0.437037,1.181154,1.145380,0.658264,,,,,,,,GLOBAL_BASELINE_NO_ENTITY_RANKING,,,NOT_APPLICABLE_GLOBAL_BASELINE,HF9g-P5,,,,X 全窗基线 · 不参与实体赏罚,3926177,393,A168_HF9F_20260827_0900,2026-08-27 09:00:00
2026-05-30,139992598,1941,0,5.1891443102,-0.1297286078,-0.1297286078,0.5000000,2,2,0.49994810000000000,0.499948100000,0.00014679536856514622,0.00014679536856514622,0.00014679536856514622,0E-17,ELIGIBLE,R03b_20260811_FULL_v1,L1_ELIGIBILITY,v2026-08-11,2026-03-21..2026-08-06,baccarat_bet02_101_all_pairs_incl_sentinel,round_win = game_pnl > 0 (decisive only),COMPATIBILITY_ONLY_NOT_PRODUCTION,2630.2504,2321.3866,-61.6618,319,311,0.02344331,0.10623960,0.00306931,0.02344331,61.6618,2630.2504,OK,0.0000,-2.4665,4.0000,96.0000,AG03-UNRESOLVED,ALL5_LEVELS_bet23_to_bet27,-2.4665,-2.4665,-2.4665,0.0000,0.0000,4.000000,4.000000,4.000000,0.000000,0.000000,96.000000,96.000000,96.000000,100.000000,100.000000,5.0,-7.3994,-7.1074,-54.2624,-54.5544,PENDING_AG03,FALSE,NOT_FOR_ENFORCEMENT,-59.1953,2228.5311,-61.6618,-59.1953,-2.4665,-0.02344331,-0.02250557,-2.4665,-59.1953,-0.02250557,-2.4665,-2.4665,-2.4665,0.0000,0.0000,-59.1953,-0.02250557,-7.3994,-7.1074,-54.2624,-54.5544,-0.02063011,-0.02074114,-0.00093773,8.2453,7.4643,-0.1983,-1.0451,-0.4253,44.5805,5.2712,9.4440,7.9956,5.1431,5.9381,10.3271,15.4111,20.018,25.7155,5.1891,0.0,3.371126,4.330608,1.388544,21,85,73,2,0.19747933,-0.02344331,-0.10623960,0E-8,0.000000,0.882572,0.000000,0.10317029,2026-03-23,2026-08-04,59,145,142,135,0.437037,1.181154,1.145380,0.658264,,,,,,,,GLOBAL_BASELINE_NO_ENTITY_RANKING,,,NOT_APPLICABLE_GLOBAL_BASELINE,HF9g-P5,,,,X 全窗基线 · 不参与实体赏罚,3926178,393,A168_HF9F_20260827_0900,2026-08-27 09:00:00
2026-05-30,139992598,1966,0,2.5945721551,2.5945721551,2.5945721551,1.0000000,1,1,0.49324550000000000,0.493245500000,1.01360149184955,1.01360149184955,1.01360149184955,0E-17,ELIGIBLE,R03b_20260811_FULL_v1,L1_ELIGIBILITY,v2026-08-11,2026-03-21..2026-08-06,baccarat_bet02_101_all_pairs_incl_sentinel,round_win = game_pnl > 0 (decisive only),COMPATIBILITY_ONLY_NOT_PRODUCTION,2630.2504,2321.3866,-61.6618,319,311,0.02344331,0.10623960,0.00306931,0.02344331,61.6618,2630.2504,OK,0.0000,-2.4665,4.0000,96.0000,AG03-UNRESOLVED,ALL5_LEVELS_bet23_to_bet27,-2.4665,-2.4665,-2.4665,0.0000,0.0000,4.000000,4.000000,4.000000,0.000000,0.000000,96.000000,96.000000,96.000000,100.000000,100.000000,5.0,-7.3994,-7.1074,-54.2624,-54.5544,PENDING_AG03,FALSE,NOT_FOR_ENFORCEMENT,-59.1953,2228.5311,-61.6618,-59.1953,-2.4665,-0.02344331,-0.02250557,-2.4665,-59.1953,-0.02250557,-2.4665,-2.4665,-2.4665,0.0000,0.0000,-59.1953,-0.02250557,-7.3994,-7.1074,-54.2624,-54.5544,-0.02063011,-0.02074114,-0.00093773,8.2453,7.4643,-0.1983,-1.0451,-0.4253,44.5805,5.2712,9.4440,7.9956,5.1431,5.9381,10.3271,15.4111,20.018,25.7155,5.1891,0.0,3.371126,4.330608,1.388544,21,85,73,2,0.19747933,-0.02344331,-0.10623960,0E-8,0.000000,0.882572,0.000000,0.10317029,2026-03-23,2026-08-04,59,145,142,135,0.437037,1.181154,1.145380,0.658264,,,,,,,,GLOBAL_BASELINE_NO_ENTITY_RANKING,,,NOT_APPLICABLE_GLOBAL_BASELINE,HF9g-P5,,,,X 全窗基线 · 不参与实体赏罚,3926179,393,A168_HF9F_20260827_0900,2026-08-27 09:00:00
2026-05-30,139992598,2088,0,7.7837164653,2.3351149395,2.3351149395,0.6666667,3,3,0.50665070000000000,0.506650700000,0.5543606114942035,0.5543606114942035,0.5543606114942035,0E-17,ELIGIBLE,R03b_20260811_FULL_v1,L1_ELIGIBILITY,v2026-08-11,2026-03-21..2026-08-06,baccarat_bet02_101_all_pairs_incl_sentinel,round_win = game_pnl > 0 (decisive only),COMPATIBILITY_ONLY_NOT_PRODUCTION,2630.2504,2321.3866,-61.6618,319,311,0.02344331,0.10623960,0.00306931,0.02344331,61.6618,2630.2504,OK,0.0000,-2.4665,4.0000,96.0000,AG03-UNRESOLVED,ALL5_LEVELS_bet23_to_bet27,-2.4665,-2.4665,-2.4665,0.0000,0.0000,4.000000,4.000000,4.000000,0.000000,0.000000,96.000000,96.000000,96.000000,100.000000,100.000000,5.0,-7.3994,-7.1074,-54.2624,-54.5544,PENDING_AG03,FALSE,NOT_FOR_ENFORCEMENT,-59.1953,2228.5311,-61.6618,-59.1953,-2.4665,-0.02344331,-0.02250557,-2.4665,-59.1953,-0.02250557,-2.4665,-2.4665,-2.4665,0.0000,0.0000,-59.1953,-0.02250557,-7.3994,-7.1074,-54.2624,-54.5544,-0.02063011,-0.02074114,-0.00093773,8.2453,7.4643,-0.1983,-1.0451,-0.4253,44.5805,5.2712,9.4440,7.9956,5.1431,5.9381,10.3271,15.4111,20.018,25.7155,5.1891,0.0,3.371126,4.330608,1.388544,21,85,73,2,0.19747933,-0.02344331,-0.10623960,0E-8,0.000000,0.882572,0.000000,0.10317029,2026-03-23,2026-08-04,59,145,142,135,0.437037,1.181154,1.145380,0.658264,,,,,,,,GLOBAL_BASELINE_NO_ENTITY_RANKING,,,NOT_APPLICABLE_GLOBAL_BASELINE,HF9g-P5,,,,X 全窗基线 · 不参与实体赏罚,3926180,393,A168_HF9F_20260827_0900,2026-08-27 09:00:00
2026-05-30,139992598,2106,0,2.5945721551,-2.5945721551,-2.5945721551,0E-7,1,1,0.49324550000000000,0.493245500000,-0.9865810262130424,-0.9865810262130424,-0.9865810262130424,0E-17,ELIGIBLE,R03b_20260811_FULL_v1,L1_ELIGIBILITY,v2026-08-11,2026-03-21..2026-08-06,baccarat_bet02_101_all_pairs_incl_sentinel,round_win = game_pnl > 0 (decisive only),COMPATIBILITY_ONLY_NOT_PRODUCTION,2630.2504,2321.3866,-61.6618,319,311,0.02344331,0.10623960,0.00306931,0.02344331,61.6618,2630.2504,OK,0.0000,-2.4665,4.0000,96.0000,AG03-UNRESOLVED,ALL5_LEVELS_bet23_to_bet27,-2.4665,-2.4665,-2.4665,0.0000,0.0000,4.000000,4.000000,4.000000,0.000000,0.000000,96.000000,96.000000,96.000000,100.000000,100.000000,5.0,-7.3994,-7.1074,-54.2624,-54.5544,PENDING_AG03,FALSE,NOT_FOR_ENFORCEMENT,-59.1953,2228.5311,-61.6618,-59.1953,-2.4665,-0.02344331,-0.02250557,-2.4665,-59.1953,-0.02250557,-2.4665,-2.4665,-2.4665,0.0000,0.0000,-59.1953,-0.02250557,-7.3994,-7.1074,-54.2624,-54.5544,-0.02063011,-0.02074114,-0.00093773,8.2453,7.4643,-0.1983,-1.0451,-0.4253,44.5805,5.2712,9.4440,7.9956,5.1431,5.9381,10.3271,15.4111,20.018,25.7155,5.1891,0.0,3.371126,4.330608,1.388544,21,85,73,2,0.19747933,-0.02344331,-0.10623960,0E-8,0.000000,0.882572,0.000000,0.10317029,2026-03-23,2026-08-04,59,145,142,135,0.437037,1.181154,1.145380,0.658264,,,,,,,,GLOBAL_BASELINE_NO_ENTITY_RANKING,,,NOT_APPLICABLE_GLOBAL_BASELINE,HF9g-P5,,,,X 全窗基线 · 不参与实体赏罚,3926181,393,A168_HF9F_20260827_0900,2026-08-27 09:00:00
2026-05-30,139992598,2129,0,2.5945721551,-2.5945721551,-2.5945721551,0E-7,1,1,0.50665070000000000,0.506650700000,-1.013391052207602,-1.013391052207602,-1.013391052207602,0E-17,ELIGIBLE,R03b_20260811_FULL_v1,L1_ELIGIBILITY,v2026-08-11,2026-03-21..2026-08-06,baccarat_bet02_101_all_pairs_incl_sentinel,round_win = game_pnl > 0 (decisive only),COMPATIBILITY_ONLY_NOT_PRODUCTION,2630.2504,2321.3866,-61.6618,319,311,0.02344331,0.10623960,0.00306931,0.02344331,61.6618,2630.2504,OK,0.0000,-2.4665,4.0000,96.0000,AG03-UNRESOLVED,ALL5_LEVELS_bet23_to_bet27,-2.4665,-2.4665,-2.4665,0.0000,0.0000,4.000000,4.000000,4.000000,0.000000,0.000000,96.000000,96.000000,96.000000,100.000000,100.000000,5.0,-7.3994,-7.1074,-54.2624,-54.5544,PENDING_AG03,FALSE,NOT_FOR_ENFORCEMENT,-59.1953,2228.5311,-61.6618,-59.1953,-2.4665,-0.02344331,-0.02250557,-2.4665,-59.1953,-0.02250557,-2.4665,-2.4665,-2.4665,0.0000,0.0000,-59.1953,-0.02250557,-7.3994,-7.1074,-54.2624,-54.5544,-0.02063011,-0.02074114,-0.00093773,8.2453,7.4643,-0.1983,-1.0451,-0.4253,44.5805,5.2712,9.4440,7.9956,5.1431,5.9381,10.3271,15.4111,20.018,25.7155,5.1891,0.0,3.371126,4.330608,1.388544,21,85,73,2,0.19747933,-0.02344331,-0.10623960,0E-8,0.000000,0.882572,0.000000,0.10317029,2026-03-23,2026-08-04,59,145,142,135,0.437037,1.181154,1.145380,0.658264,,,,,,,,GLOBAL_BASELINE_NO_ENTITY_RANKING,,,NOT_APPLICABLE_GLOBAL_BASELINE,HF9g-P5,,,,X 全窗基线 · 不参与实体赏罚,3926182,393,A168_HF9F_20260827_0900,2026-08-27 09:00:00
2026-05-30,139992598,2223,0,10.3782886203,10.3782886203,10.3782886203,1.0000000,3,3,0.49324550000000000,0.493245500000,1.755609282511032,1.7556092825110319,1.755609282511032,0E-17,ELIGIBLE,R03b_20260811_FULL_v1,L1_ELIGIBILITY,v2026-08-11,2026-03-21..2026-08-06,baccarat_bet02_101_all_pairs_incl_sentinel,round_win = game_pnl > 0 (decisive only),COMPATIBILITY_ONLY_NOT_PRODUCTION,2630.2504,2321.3866,-61.6618,319,311,0.02344331,0.10623960,0.00306931,0.02344331,61.6618,2630.2504,OK,0.0000,-2.4665,4.0000,96.0000,AG03-UNRESOLVED,ALL5_LEVELS_bet23_to_bet27,-2.4665,-2.4665,-2.4665,0.0000,0.0000,4.000000,4.000000,4.000000,0.000000,0.000000,96.000000,96.000000,96.000000,100.000000,100.000000,5.0,-7.3994,-7.1074,-54.2624,-54.5544,PENDING_AG03,FALSE,NOT_FOR_ENFORCEMENT,-59.1953,2228.5311,-61.6618,-59.1953,-2.4665,-0.02344331,-0.02250557,-2.4665,-59.1953,-0.02250557,-2.4665,-2.4665,-2.4665,0.0000,0.0000,-59.1953,-0.02250557,-7.3994,-7.1074,-54.2624,-54.5544,-0.02063011,-0.02074114,-0.00093773,8.2453,7.4643,-0.1983,-1.0451,-0.4253,44.5805,5.2712,9.4440,7.9956,5.1431,5.9381,10.3271,15.4111,20.018,25.7155,5.1891,0.0,3.371126,4.330608,1.388544,21,85,73,2,0.19747933,-0.02344331,-0.10623960,0E-8,0.000000,0.882572,0.000000,0.10317029,2026-03-23,2026-08-04,59,145,142,135,0.437037,1.181154,1.145380,0.658264,,,,,,,,GLOBAL_BASELINE_NO_ENTITY_RANKING,,,NOT_APPLICABLE_GLOBAL_BASELINE,HF9g-P5,,,,X 全窗基线 · 不参与实体赏罚,3926183,393,A168_HF9F_20260827_0900,2026-08-27 09:00:00
2026-05-30,139992598,2244,0,7.7837164652,-2.7243007628,-2.7243007628,0.5000000,2,2,0.50665070000000000,0.506650700000,-0.018812684590367487,-0.018812684590367487,-0.018812684590367487,0E-17,ELIGIBLE,R03b_20260811_FULL_v1,L1_ELIGIBILITY,v2026-08-11,2026-03-21..2026-08-06,baccarat_bet02_101_all_pairs_incl_sentinel,round_win = game_pnl > 0 (decisive only),COMPATIBILITY_ONLY_NOT_PRODUCTION,2630.2504,2321.3866,-61.6618,319,311,0.02344331,0.10623960,0.00306931,0.02344331,61.6618,2630.2504,OK,0.0000,-2.4665,4.0000,96.0000,AG03-UNRESOLVED,ALL5_LEVELS_bet23_to_bet27,-2.4665,-2.4665,-2.4665,0.0000,0.0000,4.000000,4.000000,4.000000,0.000000,0.000000,96.000000,96.000000,96.000000,100.000000,100.000000,5.0,-7.3994,-7.1074,-54.2624,-54.5544,PENDING_AG03,FALSE,NOT_FOR_ENFORCEMENT,-59.1953,2228.5311,-61.6618,-59.1953,-2.4665,-0.02344331,-0.02250557,-2.4665,-59.1953,-0.02250557,-2.4665,-2.4665,-2.4665,0.0000,0.0000,-59.1953,-0.02250557,-7.3994,-7.1074,-54.2624,-54.5544,-0.02063011,-0.02074114,-0.00093773,8.2453,7.4643,-0.1983,-1.0451,-0.4253,44.5805,5.2712,9.4440,7.9956,5.1431,5.9381,10.3271,15.4111,20.018,25.7155,5.1891,0.0,3.371126,4.330608,1.388544,21,85,73,2,0.19747933,-0.02344331,-0.10623960,0E-8,0.000000,0.882572,0.000000,0.10317029,2026-03-23,2026-08-04,59,145,142,135,0.437037,1.181154,1.145380,0.658264,,,,,,,,GLOBAL_BASELINE_NO_ENTITY_RANKING,,,NOT_APPLICABLE_GLOBAL_BASELINE,HF9g-P5,,,,X 全窗基线 · 不参与实体赏罚,3926184,393,A168_HF9F_20260827_0900,2026-08-27 09:00:00
2026-05-30,139992598,2271,0,2.5945721551,0E-10,0E-10,,1,1,0.50665070000000000,0.506650700000,,,,0E-17,NO_DECISIVE_ROUND,R03b_20260811_FULL_v1,L1_ELIGIBILITY,v2026-08-11,2026-03-21..2026-08-06,baccarat_bet02_101_all_pairs_incl_sentinel,round_win = game_pnl > 0 (decisive only),COMPATIBILITY_ONLY_NOT_PRODUCTION,2630.2504,2321.3866,-61.6618,319,311,0.02344331,0.10623960,0.00306931,0.02344331,61.6618,2630.2504,OK,0.0000,-2.4665,4.0000,96.0000,AG03-UNRESOLVED,ALL5_LEVELS_bet23_to_bet27,-2.4665,-2.4665,-2.4665,0.0000,0.0000,4.000000,4.000000,4.000000,0.000000,0.000000,96.000000,96.000000,96.000000,100.000000,100.000000,5.0,-7.3994,-7.1074,-54.2624,-54.5544,PENDING_AG03,FALSE,NOT_FOR_ENFORCEMENT,-59.1953,2228.5311,-61.6618,-59.1953,-2.4665,-0.02344331,-0.02250557,-2.4665,-59.1953,-0.02250557,-2.4665,-2.4665,-2.4665,0.0000,0.0000,-59.1953,-0.02250557,-7.3994,-7.1074,-54.2624,-54.5544,-0.02063011,-0.02074114,-0.00093773,8.2453,7.4643,-0.1983,-1.0451,-0.4253,44.5805,5.2712,9.4440,7.9956,5.1431,5.9381,10.3271,15.4111,20.018,25.7155,5.1891,0.0,3.371126,4.330608,1.388544,21,85,73,2,0.19747933,-0.02344331,-0.10623960,0E-8,0.000000,0.882572,0.000000,0.10317029,2026-03-23,2026-08-04,59,145,142,135,0.437037,1.181154,1.145380,0.658264,,,,,,,,GLOBAL_BASELINE_NO_ENTITY_RANKING,,,NOT_APPLICABLE_GLOBAL_BASELINE,HF9g-P5,,,,X 全窗基线 · 不参与实体赏罚,3926185,393,A168_HF9F_20260827_0900,2026-08-27 09:00:00
2026-06-04,139992598,2169,0,7.7146604264,7.3289274050,7.3289274050,1.0000000,1,1,0.50665070000000000,0.506650700000,0.9867858985152569,0.9867858985152569,0.9867858985152569,0E-17,ELIGIBLE,R03b_20260811_FULL_v1,L1_ELIGIBILITY,v2026-08-11,2026-03-21..2026-08-06,baccarat_bet02_101_all_pairs_incl_sentinel,round_win = game_pnl > 0 (decisive only),COMPATIBILITY_ONLY_NOT_PRODUCTION,2630.2504,2321.3866,-61.6618,319,311,0.02344331,0.10623960,0.00306931,0.02344331,61.6618,2630.2504,OK,0.0000,-2.4665,4.0000,96.0000,AG03-UNRESOLVED,ALL5_LEVELS_bet23_to_bet27,-2.4665,-2.4665,-2.4665,0.0000,0.0000,4.000000,4.000000,4.000000,0.000000,0.000000,96.000000,96.000000,96.000000,100.000000,100.000000,5.0,-7.3994,-7.1074,-54.2624,-54.5544,PENDING_AG03,FALSE,NOT_FOR_ENFORCEMENT,-59.1953,2228.5311,-61.6618,-59.1953,-2.4665,-0.02344331,-0.02250557,-2.4665,-59.1953,-0.02250557,-2.4665,-2.4665,-2.4665,0.0000,0.0000,-59.1953,-0.02250557,-7.3994,-7.1074,-54.2624,-54.5544,-0.02063011,-0.02074114,-0.00093773,8.2453,7.4643,-0.1983,-1.0451,-0.4253,44.5805,5.2712,9.4440,7.9956,5.1431,5.9381,10.3271,15.4111,20.018,25.7155,5.1891,0.0,3.371126,4.330608,1.388544,21,85,73,2,0.19747933,-0.02344331,-0.10623960,0E-8,0.000000,0.882572,0.000000,0.10317029,2026-03-23,2026-08-04,59,145,142,135,0.437037,1.181154,1.145380,0.658264,,,,,,,,GLOBAL_BASELINE_NO_ENTITY_RANKING,,,NOT_APPLICABLE_GLOBAL_BASELINE,HF9g-P5,,,,X 全窗基线 · 不参与实体赏罚,3926186,393,A168_HF9F_20260827_0900,2026-08-27 09:00:00
2026-06-08,139992598,-1,1,12.8577673773,-12.8577673773,-12.8577673773,0E-7,1,1,0.49324550000000000,0.493245500000,-0.9865810262130424,-0.9865810262130424,-0.9865810262130424,0E-17,SENTINEL_DEALER,R03b_20260811_FULL_v1,L1_ELIGIBILITY,v2026-08-11,2026-03-21..2026-08-06,baccarat_bet02_101_all_pairs_incl_sentinel,round_win = game_pnl > 0 (decisive only),COMPATIBILITY_ONLY_NOT_PRODUCTION,2630.2504,2321.3866,-61.6618,319,311,0.02344331,0.10623960,0.00306931,0.02344331,61.6618,2630.2504,OK,0.0000,-2.4665,4.0000,96.0000,AG03-UNRESOLVED,ALL5_LEVELS_bet23_to_bet27,-2.4665,-2.4665,-2.4665,0.0000,0.0000,4.000000,4.000000,4.000000,0.000000,0.000000,96.000000,96.000000,96.000000,100.000000,100.000000,5.0,-7.3994,-7.1074,-54.2624,-54.5544,PENDING_AG03,FALSE,NOT_FOR_ENFORCEMENT,-59.1953,2228.5311,-61.6618,-59.1953,-2.4665,-0.02344331,-0.02250557,-2.4665,-59.1953,-0.02250557,-2.4665,-2.4665,-2.4665,0.0000,0.0000,-59.1953,-0.02250557,-7.3994,-7.1074,-54.2624,-54.5544,-0.02063011,-0.02074114,-0.00093773,8.2453,7.4643,-0.1983,-1.0451,-0.4253,44.5805,5.2712,9.4440,7.9956,5.1431,5.9381,10.3271,15.4111,20.018,25.7155,5.1891,0.0,3.371126,4.330608,1.388544,21,85,73,2,0.19747933,-0.02344331,-0.10623960,0E-8,0.000000,0.882572,0.000000,0.10317029,2026-03-23,2026-08-04,59,145,142,135,0.437037,1.181154,1.145380,0.658264,,,,,,,,GLOBAL_BASELINE_NO_ENTITY_RANKING,,,NOT_APPLICABLE_GLOBAL_BASELINE,HF9g-P5,,,,X 全窗基线 · 不参与实体赏罚,3926187,393,A168_HF9F_20260827_0900,2026-08-27 09:00:00
2026-06-08,139992598,1307,0,5.1431069509,-5.1431069509,-5.1431069509,0E-7,1,1,0.50665070000000000,0.506650700000,-1.013391052207602,-1.013391052207602,-1.013391052207602,0E-17,ELIGIBLE,R03b_20260811_FULL_v1,L1_ELIGIBILITY,v2026-08-11,2026-03-21..2026-08-06,baccarat_bet02_101_all_pairs_incl_sentinel,round_win = game_pnl > 0 (decisive only),COMPATIBILITY_ONLY_NOT_PRODUCTION,2630.2504,2321.3866,-61.6618,319,311,0.02344331,0.10623960,0.00306931,0.02344331,61.6618,2630.2504,OK,0.0000,-2.4665,4.0000,96.0000,AG03-UNRESOLVED,ALL5_LEVELS_bet23_to_bet27,-2.4665,-2.4665,-2.4665,0.0000,0.0000,4.000000,4.000000,4.000000,0.000000,0.000000,96.000000,96.000000,96.000000,100.000000,100.000000,5.0,-7.3994,-7.1074,-54.2624,-54.5544,PENDING_AG03,FALSE,NOT_FOR_ENFORCEMENT,-59.1953,2228.5311,-61.6618,-59.1953,-2.4665,-0.02344331,-0.02250557,-2.4665,-59.1953,-0.02250557,-2.4665,-2.4665,-2.4665,0.0000,0.0000,-59.1953,-0.02250557,-7.3994,-7.1074,-54.2624,-54.5544,-0.02063011,-0.02074114,-0.00093773,8.2453,7.4643,-0.1983,-1.0451,-0.4253,44.5805,5.2712,9.4440,7.9956,5.1431,5.9381,10.3271,15.4111,20.018,25.7155,5.1891,0.0,3.371126,4.330608,1.388544,21,85,73,2,0.19747933,-0.02344331,-0.10623960,0E-8,0.000000,0.882572,0.000000,0.10317029,2026-03-23,2026-08-04,59,145,142,135,0.437037,1.181154,1.145380,0.658264,,,,,,,,GLOBAL_BASELINE_NO_ENTITY_RANKING,,,NOT_APPLICABLE_GLOBAL_BASELINE,HF9g-P5,,,,X 全窗基线 · 不参与实体赏罚,3926188,393,A168_HF9F_20260827_0900,2026-08-27 09:00:00
2026-06-08,139992598,1325,0,20.5724278036,19.5438064135,19.5438064135,1.0000000,3,3,0.50665070000000000,0.506650700000,1.7091633124209307,1.7091633124209307,1.7091633124209307,0E-17,ELIGIBLE,R03b_20260811_FULL_v1,L1_ELIGIBILITY,v2026-08-11,2026-03-21..2026-08-06,baccarat_bet02_101_all_pairs_incl_sentinel,round_win = game_pnl > 0 (decisive only),COMPATIBILITY_ONLY_NOT_PRODUCTION,2630.2504,2321.3866,-61.6618,319,311,0.02344331,0.10623960,0.00306931,0.02344331,61.6618,2630.2504,OK,0.0000,-2.4665,4.0000,96.0000,AG03-UNRESOLVED,ALL5_LEVELS_bet23_to_bet27,-2.4665,-2.4665,-2.4665,0.0000,0.0000,4.000000,4.000000,4.000000,0.000000,0.000000,96.000000,96.000000,96.000000,100.000000,100.000000,5.0,-7.3994,-7.1074,-54.2624,-54.5544,PENDING_AG03,FALSE,NOT_FOR_ENFORCEMENT,-59.1953,2228.5311,-61.6618,-59.1953,-2.4665,-0.02344331,-0.02250557,-2.4665,-59.1953,-0.02250557,-2.4665,-2.4665,-2.4665,0.0000,0.0000,-59.1953,-0.02250557,-7.3994,-7.1074,-54.2624,-54.5544,-0.02063011,-0.02074114,-0.00093773,8.2453,7.4643,-0.1983,-1.0451,-0.4253,44.5805,5.2712,9.4440,7.9956,5.1431,5.9381,10.3271,15.4111,20.018,25.7155,5.1891,0.0,3.371126,4.330608,1.388544,21,85,73,2,0.19747933,-0.02344331,-0.10623960,0E-8,0.000000,0.882572,0.000000,0.10317029,2026-03-23,2026-08-04,59,145,142,135,0.437037,1.181154,1.145380,0.658264,,,,,,,,GLOBAL_BASELINE_NO_ENTITY_RANKING,,,NOT_APPLICABLE_GLOBAL_BASELINE,HF9g-P5,,,,X 全窗基线 · 不参与实体赏罚,3926189,393,A168_HF9F_20260827_0900,2026-08-27 09:00:00
2026-06-08,139992598,2108,0,6.9431943837,6.5960346645,6.5960346645,1.0000000,1,1,0.50665070000000000,0.506650700000,0.9867858985152569,0.9867858985152569,0.9867858985152569,0E-17,ELIGIBLE,R03b_20260811_FULL_v1,L1_ELIGIBILITY,v2026-08-11,2026-03-21..2026-08-06,baccarat_bet02_101_all_pairs_incl_sentinel,round_win = game_pnl > 0 (decisive only),COMPATIBILITY_ONLY_NOT_PRODUCTION,2630.2504,2321.3866,-61.6618,319,311,0.02344331,0.10623960,0.00306931,0.02344331,61.6618,2630.2504,OK,0.0000,-2.4665,4.0000,96.0000,AG03-UNRESOLVED,ALL5_LEVELS_bet23_to_bet27,-2.4665,-2.4665,-2.4665,0.0000,0.0000,4.000000,4.000000,4.000000,0.000000,0.000000,96.000000,96.000000,96.000000,100.000000,100.000000,5.0,-7.3994,-7.1074,-54.2624,-54.5544,PENDING_AG03,FALSE,NOT_FOR_ENFORCEMENT,-59.1953,2228.5311,-61.6618,-59.1953,-2.4665,-0.02344331,-0.02250557,-2.4665,-59.1953,-0.02250557,-2.4665,-2.4665,-2.4665,0.0000,0.0000,-59.1953,-0.02250557,-7.3994,-7.1074,-54.2624,-54.5544,-0.02063011,-0.02074114,-0.00093773,8.2453,7.4643,-0.1983,-1.0451,-0.4253,44.5805,5.2712,9.4440,7.9956,5.1431,5.9381,10.3271,15.4111,20.018,25.7155,5.1891,0.0,3.371126,4.330608,1.388544,21,85,73,2,0.19747933,-0.02344331,-0.10623960,0E-8,0.000000,0.882572,0.000000,0.10317029,2026-03-23,2026-08-04,59,145,142,135,0.437037,1.181154,1.145380,0.658264,,,,,,,,GLOBAL_BASELINE_NO_ENTITY_RANKING,,,NOT_APPLICABLE_GLOBAL_BASELINE,HF9g-P5,,,,X 全窗基线 · 不参与实体赏罚,3926190,393,A168_HF9F_20260827_0900,2026-08-27 09:00:00
2026-06-08,139992598,2121,0,5.1431069509,-5.1431069509,-5.1431069509,0E-7,1,1,0.50665070000000000,0.506650700000,-1.013391052207602,-1.013391052207602,-1.013391052207602,0E-17,ELIGIBLE,R03b_20260811_FULL_v1,L1_ELIGIBILITY,v2026-08-11,2026-03-21..2026-08-06,baccarat_bet02_101_all_pairs_incl_sentinel,round_win = game_pnl > 0 (decisive only),COMPATIBILITY_ONLY_NOT_PRODUCTION,2630.2504,2321.3866,-61.6618,319,311,0.02344331,0.10623960,0.00306931,0.02344331,61.6618,2630.2504,OK,0.0000,-2.4665,4.0000,96.0000,AG03-UNRESOLVED,ALL5_LEVELS_bet23_to_bet27,-2.4665,-2.4665,-2.4665,0.0000,0.0000,4.000000,4.000000,4.000000,0.000000,0.000000,96.000000,96.000000,96.000000,100.000000,100.000000,5.0,-7.3994,-7.1074,-54.2624,-54.5544,PENDING_AG03,FALSE,NOT_FOR_ENFORCEMENT,-59.1953,2228.5311,-61.6618,-59.1953,-2.4665,-0.02344331,-0.02250557,-2.4665,-59.1953,-0.02250557,-2.4665,-2.4665,-2.4665,0.0000,0.0000,-59.1953,-0.02250557,-7.3994,-7.1074,-54.2624,-54.5544,-0.02063011,-0.02074114,-0.00093773,8.2453,7.4643,-0.1983,-1.0451,-0.4253,44.5805,5.2712,9.4440,7.9956,5.1431,5.9381,10.3271,15.4111,20.018,25.7155,5.1891,0.0,3.371126,4.330608,1.388544,21,85,73,2,0.19747933,-0.02344331,-0.10623960,0E-8,0.000000,0.882572,0.000000,0.10317029,2026-03-23,2026-08-04,59,145,142,135,0.437037,1.181154,1.145380,0.658264,,,,,,,,GLOBAL_BASELINE_NO_ENTITY_RANKING,,,NOT_APPLICABLE_GLOBAL_BASELINE,HF9g-P5,,,,X 全窗基线 · 不参与实体赏罚,3926191,393,A168_HF9F_20260827_0900,2026-08-27 09:00:00
2026-06-08,139992598,2212,0,18.0008743282,4.6287962559,4.6287962559,0.6666667,4,4,0.50329940000000000,0.503299400000,0.5659331339966515,0.5659331339966515,0.5659331339966515,0E-17,ELIGIBLE,R03b_20260811_FULL_v1,L1_ELIGIBILITY,v2026-08-11,2026-03-21..2026-08-06,baccarat_bet02_101_all_pairs_incl_sentinel,round_win = game_pnl > 0 (decisive only),COMPATIBILITY_ONLY_NOT_PRODUCTION,2630.2504,2321.3866,-61.6618,319,311,0.02344331,0.10623960,0.00306931,0.02344331,61.6618,2630.2504,OK,0.0000,-2.4665,4.0000,96.0000,AG03-UNRESOLVED,ALL5_LEVELS_bet23_to_bet27,-2.4665,-2.4665,-2.4665,0.0000,0.0000,4.000000,4.000000,4.000000,0.000000,0.000000,96.000000,96.000000,96.000000,100.000000,100.000000,5.0,-7.3994,-7.1074,-54.2624,-54.5544,PENDING_AG03,FALSE,NOT_FOR_ENFORCEMENT,-59.1953,2228.5311,-61.6618,-59.1953,-2.4665,-0.02344331,-0.02250557,-2.4665,-59.1953,-0.02250557,-2.4665,-2.4665,-2.4665,0.0000,0.0000,-59.1953,-0.02250557,-7.3994,-7.1074,-54.2624,-54.5544,-0.02063011,-0.02074114,-0.00093773,8.2453,7.4643,-0.1983,-1.0451,-0.4253,44.5805,5.2712,9.4440,7.9956,5.1431,5.9381,10.3271,15.4111,20.018,25.7155,5.1891,0.0,3.371126,4.330608,1.388544,21,85,73,2,0.19747933,-0.02344331,-0.10623960,0E-8,0.000000,0.882572,0.000000,0.10317029,2026-03-23,2026-08-04,59,145,142,135,0.437037,1.181154,1.145380,0.658264,,,,,,,,GLOBAL_BASELINE_NO_ENTITY_RANKING,,,NOT_APPLICABLE_GLOBAL_BASELINE,HF9g-P5,,,,X 全窗基线 · 不参与实体赏罚,3926192,393,A168_HF9F_20260827_0900,2026-08-27 09:00:00
2026-06-08,139992598,2258,0,5.1431069509,0E-10,0E-10,,1,1,0.49324550000000000,0.493245500000,,,,0E-17,NO_DECISIVE_ROUND,R03b_20260811_FULL_v1,L1_ELIGIBILITY,v2026-08-11,2026-03-21..2026-08-06,baccarat_bet02_101_all_pairs_incl_sentinel,round_win = game_pnl > 0 (decisive only),COMPATIBILITY_ONLY_NOT_PRODUCTION,2630.2504,2321.3866,-61.6618,319,311,0.02344331,0.10623960,0.00306931,0.02344331,61.6618,2630.2504,OK,0.0000,-2.4665,4.0000,96.0000,AG03-UNRESOLVED,ALL5_LEVELS_bet23_to_bet27,-2.4665,-2.4665,-2.4665,0.0000,0.0000,4.000000,4.000000,4.000000,0.000000,0.000000,96.000000,96.000000,96.000000,100.000000,100.000000,5.0,-7.3994,-7.1074,-54.2624,-54.5544,PENDING_AG03,FALSE,NOT_FOR_ENFORCEMENT,-59.1953,2228.5311,-61.6618,-59.1953,-2.4665,-0.02344331,-0.02250557,-2.4665,-59.1953,-0.02250557,-2.4665,-2.4665,-2.4665,0.0000,0.0000,-59.1953,-0.02250557,-7.3994,-7.1074,-54.2624,-54.5544,-0.02063011,-0.02074114,-0.00093773,8.2453,7.4643,-0.1983,-1.0451,-0.4253,44.5805,5.2712,9.4440,7.9956,5.1431,5.9381,10.3271,15.4111,20.018,25.7155,5.1891,0.0,3.371126,4.330608,1.388544,21,85,73,2,0.19747933,-0.02344331,-0.10623960,0E-8,0.000000,0.882572,0.000000,0.10317029,2026-03-23,2026-08-04,59,145,142,135,0.437037,1.181154,1.145380,0.658264,,,,,,,,GLOBAL_BASELINE_NO_ENTITY_RANKING,,,NOT_APPLICABLE_GLOBAL_BASELINE,HF9g-P5,,,,X 全窗基线 · 不参与实体赏罚,3926193,393,A168_HF9F_20260827_0900,2026-08-27 09:00:00
2026-06-10,139992598,1307,0,37.0303700465,3.3430195181,3.3430195181,0.6000000,5,5,0.50128862000000000,0.501288620000,0.4414521777673877,0.4414521777673877,0.4414521777673877,0E-17,ELIGIBLE,R03b_20260811_FULL_v1,L1_ELIGIBILITY,v2026-08-11,2026-03-21..2026-08-06,baccarat_bet02_101_all_pairs_incl_sentinel,round_win = game_pnl > 0 (decisive only),COMPATIBILITY_ONLY_NOT_PRODUCTION,2630.2504,2321.3866,-61.6618,319,311,0.02344331,0.10623960,0.00306931,0.02344331,61.6618,2630.2504,OK,0.0000,-2.4665,4.0000,96.0000,AG03-UNRESOLVED,ALL5_LEVELS_bet23_to_bet27,-2.4665,-2.4665,-2.4665,0.0000,0.0000,4.000000,4.000000,4.000000,0.000000,0.000000,96.000000,96.000000,96.000000,100.000000,100.000000,5.0,-7.3994,-7.1074,-54.2624,-54.5544,PENDING_AG03,FALSE,NOT_FOR_ENFORCEMENT,-59.1953,2228.5311,-61.6618,-59.1953,-2.4665,-0.02344331,-0.02250557,-2.4665,-59.1953,-0.02250557,-2.4665,-2.4665,-2.4665,0.0000,0.0000,-59.1953,-0.02250557,-7.3994,-7.1074,-54.2624,-54.5544,-0.02063011,-0.02074114,-0.00093773,8.2453,7.4643,-0.1983,-1.0451,-0.4253,44.5805,5.2712,9.4440,7.9956,5.1431,5.9381,10.3271,15.4111,20.018,25.7155,5.1891,0.0,3.371126,4.330608,1.388544,21,85,73,2,0.19747933,-0.02344331,-0.10623960,0E-8,0.000000,0.882572,0.000000,0.10317029,2026-03-23,2026-08-04,59,145,142,135,0.437037,1.181154,1.145380,0.658264,,,,,,,,GLOBAL_BASELINE_NO_ENTITY_RANKING,,,NOT_APPLICABLE_GLOBAL_BASELINE,HF9g-P5,,,,X 全窗基线 · 不参与实体赏罚,3926194,393,A168_HF9F_20260827_0900,2026-08-27 09:00:00
2026-06-10,139992598,1318,0,3.6001748656,-3.6001748656,-3.6001748656,0E-7,1,1,0.49324550000000000,0.493245500000,-0.9865810262130424,-0.9865810262130424,-0.9865810262130424,0E-17,ELIGIBLE,R03b_20260811_FULL_v1,L1_ELIGIBILITY,v2026-08-11,2026-03-21..2026-08-06,baccarat_bet02_101_all_pairs_incl_sentinel,round_win = game_pnl > 0 (decisive only),COMPATIBILITY_ONLY_NOT_PRODUCTION,2630.2504,2321.3866,-61.6618,319,311,0.02344331,0.10623960,0.00306931,0.02344331,61.6618,2630.2504,OK,0.0000,-2.4665,4.0000,96.0000,AG03-UNRESOLVED,ALL5_LEVELS_bet23_to_bet27,-2.4665,-2.4665,-2.4665,0.0000,0.0000,4.000000,4.000000,4.000000,0.000000,0.000000,96.000000,96.000000,96.000000,100.000000,100.000000,5.0,-7.3994,-7.1074,-54.2624,-54.5544,PENDING_AG03,FALSE,NOT_FOR_ENFORCEMENT,-59.1953,2228.5311,-61.6618,-59.1953,-2.4665,-0.02344331,-0.02250557,-2.4665,-59.1953,-0.02250557,-2.4665,-2.4665,-2.4665,0.0000,0.0000,-59.1953,-0.02250557,-7.3994,-7.1074,-54.2624,-54.5544,-0.02063011,-0.02074114,-0.00093773,8.2453,7.4643,-0.1983,-1.0451,-0.4253,44.5805,5.2712,9.4440,7.9956,5.1431,5.9381,10.3271,15.4111,20.018,25.7155,5.1891,0.0,3.371126,4.330608,1.388544,21,85,73,2,0.19747933,-0.02344331,-0.10623960,0E-8,0.000000,0.882572,0.000000,0.10317029,2026-03-23,2026-08-04,59,145,142,135,0.437037,1.181154,1.145380,0.658264,,,,,,,,GLOBAL_BASELINE_NO_ENTITY_RANKING,,,NOT_APPLICABLE_GLOBAL_BASELINE,HF9g-P5,,,,X 全窗基线 · 不参与实体赏罚,3926195,393,A168_HF9F_20260827_0900,2026-08-27 09:00:00
2026-06-10,139992598,1323,0,5.1431069509,-5.1431069509,-5.1431069509,0E-7,1,1,0.50665070000000000,0.506650700000,-1.013391052207602,-1.013391052207602,-1.013391052207602,0E-17,ELIGIBLE,R03b_20260811_FULL_v1,L1_ELIGIBILITY,v2026-08-11,2026-03-21..2026-08-06,baccarat_bet02_101_all_pairs_incl_sentinel,round_win = game_pnl > 0 (decisive only),COMPATIBILITY_ONLY_NOT_PRODUCTION,2630.2504,2321.3866,-61.6618,319,311,0.02344331,0.10623960,0.00306931,0.02344331,61.6618,2630.2504,OK,0.0000,-2.4665,4.0000,96.0000,AG03-UNRESOLVED,ALL5_LEVELS_bet23_to_bet27,-2.4665,-2.4665,-2.4665,0.0000,0.0000,4.000000,4.000000,4.000000,0.000000,0.000000,96.000000,96.000000,96.000000,100.000000,100.000000,5.0,-7.3994,-7.1074,-54.2624,-54.5544,PENDING_AG03,FALSE,NOT_FOR_ENFORCEMENT,-59.1953,2228.5311,-61.6618,-59.1953,-2.4665,-0.02344331,-0.02250557,-2.4665,-59.1953,-0.02250557,-2.4665,-2.4665,-2.4665,0.0000,0.0000,-59.1953,-0.02250557,-7.3994,-7.1074,-54.2624,-54.5544,-0.02063011,-0.02074114,-0.00093773,8.2453,7.4643,-0.1983,-1.0451,-0.4253,44.5805,5.2712,9.4440,7.9956,5.1431,5.9381,10.3271,15.4111,20.018,25.7155,5.1891,0.0,3.371126,4.330608,1.388544,21,85,73,2,0.19747933,-0.02344331,-0.10623960,0E-8,0.000000,0.882572,0.000000,0.10317029,2026-03-23,2026-08-04,59,145,142,135,0.437037,1.181154,1.145380,0.658264,,,,,,,,GLOBAL_BASELINE_NO_ENTITY_RANKING,,,NOT_APPLICABLE_GLOBAL_BASELINE,HF9g-P5,,,,X 全窗基线 · 不参与实体赏罚,3926196,393,A168_HF9F_20260827_0900,2026-08-27 09:00:00
2026-06-10,139992598,1645,0,5.1431069509,0E-10,0E-10,,1,1,0.49324550000000000,0.493245500000,,,,0E-17,NO_DECISIVE_ROUND,R03b_20260811_FULL_v1,L1_ELIGIBILITY,v2026-08-11,2026-03-21..2026-08-06,baccarat_bet02_101_all_pairs_incl_sentinel,round_win = game_pnl > 0 (decisive only),COMPATIBILITY_ONLY_NOT_PRODUCTION,2630.2504,2321.3866,-61.6618,319,311,0.02344331,0.10623960,0.00306931,0.02344331,61.6618,2630.2504,OK,0.0000,-2.4665,4.0000,96.0000,AG03-UNRESOLVED,ALL5_LEVELS_bet23_to_bet27,-2.4665,-2.4665,-2.4665,0.0000,0.0000,4.000000,4.000000,4.000000,0.000000,0.000000,96.000000,96.000000,96.000000,100.000000,100.000000,5.0,-7.3994,-7.1074,-54.2624,-54.5544,PENDING_AG03,FALSE,NOT_FOR_ENFORCEMENT,-59.1953,2228.5311,-61.6618,-59.1953,-2.4665,-0.02344331,-0.02250557,-2.4665,-59.1953,-0.02250557,-2.4665,-2.4665,-2.4665,0.0000,0.0000,-59.1953,-0.02250557,-7.3994,-7.1074,-54.2624,-54.5544,-0.02063011,-0.02074114,-0.00093773,8.2453,7.4643,-0.1983,-1.0451,-0.4253,44.5805,5.2712,9.4440,7.9956,5.1431,5.9381,10.3271,15.4111,20.018,25.7155,5.1891,0.0,3.371126,4.330608,1.388544,21,85,73,2,0.19747933,-0.02344331,-0.10623960,0E-8,0.000000,0.882572,0.000000,0.10317029,2026-03-23,2026-08-04,59,145,142,135,0.437037,1.181154,1.145380,0.658264,,,,,,,,GLOBAL_BASELINE_NO_ENTITY_RANKING,,,NOT_APPLICABLE_GLOBAL_BASELINE,HF9g-P5,,,,X 全窗基线 · 不参与实体赏罚,3926197,393,A168_HF9F_20260827_0900,2026-08-27 09:00:00
2026-06-10,139992598,1951,0,15.4293208527,-5.4002622984,-5.4002622984,0.5000000,2,2,0.50665070000000000,0.506650700000,-0.018812684590367487,-0.018812684590367487,-0.018812684590367487,0E-17,ELIGIBLE,R03b_20260811_FULL_v1,L1_ELIGIBILITY,v2026-08-11,2026-03-21..2026-08-06,baccarat_bet02_101_all_pairs_incl_sentinel,round_win = game_pnl > 0 (decisive only),COMPATIBILITY_ONLY_NOT_PRODUCTION,2630.2504,2321.3866,-61.6618,319,311,0.02344331,0.10623960,0.00306931,0.02344331,61.6618,2630.2504,OK,0.0000,-2.4665,4.0000,96.0000,AG03-UNRESOLVED,ALL5_LEVELS_bet23_to_bet27,-2.4665,-2.4665,-2.4665,0.0000,0.0000,4.000000,4.000000,4.000000,0.000000,0.000000,96.000000,96.000000,96.000000,100.000000,100.000000,5.0,-7.3994,-7.1074,-54.2624,-54.5544,PENDING_AG03,FALSE,NOT_FOR_ENFORCEMENT,-59.1953,2228.5311,-61.6618,-59.1953,-2.4665,-0.02344331,-0.02250557,-2.4665,-59.1953,-0.02250557,-2.4665,-2.4665,-2.4665,0.0000,0.0000,-59.1953,-0.02250557,-7.3994,-7.1074,-54.2624,-54.5544,-0.02063011,-0.02074114,-0.00093773,8.2453,7.4643,-0.1983,-1.0451,-0.4253,44.5805,5.2712,9.4440,7.9956,5.1431,5.9381,10.3271,15.4111,20.018,25.7155,5.1891,0.0,3.371126,4.330608,1.388544,21,85,73,2,0.19747933,-0.02344331,-0.10623960,0E-8,0.000000,0.882572,0.000000,0.10317029,2026-03-23,2026-08-04,59,145,142,135,0.437037,1.181154,1.145380,0.658264,,,,,,,,GLOBAL_BASELINE_NO_ENTITY_RANKING,,,NOT_APPLICABLE_GLOBAL_BASELINE,HF9g-P5,,,,X 全窗基线 · 不参与实体赏罚,3926198,393,A168_HF9F_20260827_0900,2026-08-27 09:00:00
2026-06-10,139992598,2068,0,10.2862139018,-10.2862139018,-10.2862139018,0E-7,1,1,0.50665070000000000,0.506650700000,-1.013391052207602,-1.013391052207602,-1.013391052207602,0E-17,ELIGIBLE,R03b_20260811_FULL_v1,L1_ELIGIBILITY,v2026-08-11,2026-03-21..2026-08-06,baccarat_bet02_101_all_pairs_incl_sentinel,round_win = game_pnl > 0 (decisive only),COMPATIBILITY_ONLY_NOT_PRODUCTION,2630.2504,2321.3866,-61.6618,319,311,0.02344331,0.10623960,0.00306931,0.02344331,61.6618,2630.2504,OK,0.0000,-2.4665,4.0000,96.0000,AG03-UNRESOLVED,ALL5_LEVELS_bet23_to_bet27,-2.4665,-2.4665,-2.4665,0.0000,0.0000,4.000000,4.000000,4.000000,0.000000,0.000000,96.000000,96.000000,96.000000,100.000000,100.000000,5.0,-7.3994,-7.1074,-54.2624,-54.5544,PENDING_AG03,FALSE,NOT_FOR_ENFORCEMENT,-59.1953,2228.5311,-61.6618,-59.1953,-2.4665,-0.02344331,-0.02250557,-2.4665,-59.1953,-0.02250557,-2.4665,-2.4665,-2.4665,0.0000,0.0000,-59.1953,-0.02250557,-7.3994,-7.1074,-54.2624,-54.5544,-0.02063011,-0.02074114,-0.00093773,8.2453,7.4643,-0.1983,-1.0451,-0.4253,44.5805,5.2712,9.4440,7.9956,5.1431,5.9381,10.3271,15.4111,20.018,25.7155,5.1891,0.0,3.371126,4.330608,1.388544,21,85,73,2,0.19747933,-0.02344331,-0.10623960,0E-8,0.000000,0.882572,0.000000,0.10317029,2026-03-23,2026-08-04,59,145,142,135,0.437037,1.181154,1.145380,0.658264,,,,,,,,GLOBAL_BASELINE_NO_ENTITY_RANKING,,,NOT_APPLICABLE_GLOBAL_BASELINE,HF9g-P5,,,,X 全窗基线 · 不参与实体赏罚,3926199,393,A168_HF9F_20260827_0900,2026-08-27 09:00:00
2026-06-10,139992598,2229,0,10.2862139018,-0.2571553475,-0.2571553475,0.5000000,2,2,0.50665070000000000,0.506650700000,-0.018812684590367487,-0.018812684590367487,-0.018812684590367487,0E-17,ELIGIBLE,R03b_20260811_FULL_v1,L1_ELIGIBILITY,v2026-08-11,2026-03-21..2026-08-06,baccarat_bet02_101_all_pairs_incl_sentinel,round_win = game_pnl > 0 (decisive only),COMPATIBILITY_ONLY_NOT_PRODUCTION,2630.2504,2321.3866,-61.6618,319,311,0.02344331,0.10623960,0.00306931,0.02344331,61.6618,2630.2504,OK,0.0000,-2.4665,4.0000,96.0000,AG03-UNRESOLVED,ALL5_LEVELS_bet23_to_bet27,-2.4665,-2.4665,-2.4665,0.0000,0.0000,4.000000,4.000000,4.000000,0.000000,0.000000,96.000000,96.000000,96.000000,100.000000,100.000000,5.0,-7.3994,-7.1074,-54.2624,-54.5544,PENDING_AG03,FALSE,NOT_FOR_ENFORCEMENT,-59.1953,2228.5311,-61.6618,-59.1953,-2.4665,-0.02344331,-0.02250557,-2.4665,-59.1953,-0.02250557,-2.4665,-2.4665,-2.4665,0.0000,0.0000,-59.1953,-0.02250557,-7.3994,-7.1074,-54.2624,-54.5544,-0.02063011,-0.02074114,-0.00093773,8.2453,7.4643,-0.1983,-1.0451,-0.4253,44.5805,5.2712,9.4440,7.9956,5.1431,5.9381,10.3271,15.4111,20.018,25.7155,5.1891,0.0,3.371126,4.330608,1.388544,21,85,73,2,0.19747933,-0.02344331,-0.10623960,0E-8,0.000000,0.882572,0.000000,0.10317029,2026-03-23,2026-08-04,59,145,142,135,0.437037,1.181154,1.145380,0.658264,,,,,,,,GLOBAL_BASELINE_NO_ENTITY_RANKING,,,NOT_APPLICABLE_GLOBAL_BASELINE,HF9g-P5,,,,X 全窗基线 · 不参与实体赏罚,3926200,393,A168_HF9F_20260827_0900,2026-08-27 09:00:00
2026-06-10,139992598,2251,0,20.5724278036,-10.5433692493,-10.5433692493,0.3333333,3,3,0.50218230000000000,0.502182300000,-0.5849155494134425,-0.5849155494134426,-0.5849155494134425,0E-17,ELIGIBLE,R03b_20260811_FULL_v1,L1_ELIGIBILITY,v2026-08-11,2026-03-21..2026-08-06,baccarat_bet02_101_all_pairs_incl_sentinel,round_win = game_pnl > 0 (decisive only),COMPATIBILITY_ONLY_NOT_PRODUCTION,2630.2504,2321.3866,-61.6618,319,311,0.02344331,0.10623960,0.00306931,0.02344331,61.6618,2630.2504,OK,0.0000,-2.4665,4.0000,96.0000,AG03-UNRESOLVED,ALL5_LEVELS_bet23_to_bet27,-2.4665,-2.4665,-2.4665,0.0000,0.0000,4.000000,4.000000,4.000000,0.000000,0.000000,96.000000,96.000000,96.000000,100.000000,100.000000,5.0,-7.3994,-7.1074,-54.2624,-54.5544,PENDING_AG03,FALSE,NOT_FOR_ENFORCEMENT,-59.1953,2228.5311,-61.6618,-59.1953,-2.4665,-0.02344331,-0.02250557,-2.4665,-59.1953,-0.02250557,-2.4665,-2.4665,-2.4665,0.0000,0.0000,-59.1953,-0.02250557,-7.3994,-7.1074,-54.2624,-54.5544,-0.02063011,-0.02074114,-0.00093773,8.2453,7.4643,-0.1983,-1.0451,-0.4253,44.5805,5.2712,9.4440,7.9956,5.1431,5.9381,10.3271,15.4111,20.018,25.7155,5.1891,0.0,3.371126,4.330608,1.388544,21,85,73,2,0.19747933,-0.02344331,-0.10623960,0E-8,0.000000,0.882572,0.000000,0.10317029,2026-03-23,2026-08-04,59,145,142,135,0.437037,1.181154,1.145380,0.658264,,,,,,,,GLOBAL_BASELINE_NO_ENTITY_RANKING,,,NOT_APPLICABLE_GLOBAL_BASELINE,HF9g-P5,,,,X 全窗基线 · 不参与实体赏罚,3926201,393,A168_HF9F_20260827_0900,2026-08-27 09:00:00
2026-06-10,139992598,529,0,10.2862139018,9.7719032067,9.7719032067,1.0000000,1,1,0.50665070000000000,0.506650700000,0.9867858985152569,0.9867858985152569,0.9867858985152569,0E-17,ELIGIBLE,R03b_20260811_FULL_v1,L1_ELIGIBILITY,v2026-08-11,2026-03-21..2026-08-06,baccarat_bet02_101_all_pairs_incl_sentinel,round_win = game_pnl > 0 (decisive only),COMPATIBILITY_ONLY_NOT_PRODUCTION,2630.2504,2321.3866,-61.6618,319,311,0.02344331,0.10623960,0.00306931,0.02344331,61.6618,2630.2504,OK,0.0000,-2.4665,4.0000,96.0000,AG03-UNRESOLVED,ALL5_LEVELS_bet23_to_bet27,-2.4665,-2.4665,-2.4665,0.0000,0.0000,4.000000,4.000000,4.000000,0.000000,0.000000,96.000000,96.000000,96.000000,100.000000,100.000000,5.0,-7.3994,-7.1074,-54.2624,-54.5544,PENDING_AG03,FALSE,NOT_FOR_ENFORCEMENT,-59.1953,2228.5311,-61.6618,-59.1953,-2.4665,-0.02344331,-0.02250557,-2.4665,-59.1953,-0.02250557,-2.4665,-2.4665,-2.4665,0.0000,0.0000,-59.1953,-0.02250557,-7.3994,-7.1074,-54.2624,-54.5544,-0.02063011,-0.02074114,-0.00093773,8.2453,7.4643,-0.1983,-1.0451,-0.4253,44.5805,5.2712,9.4440,7.9956,5.1431,5.9381,10.3271,15.4111,20.018,25.7155,5.1891,0.0,3.371126,4.330608,1.388544,21,85,73,2,0.19747933,-0.02344331,-0.10623960,0E-8,0.000000,0.882572,0.000000,0.10317029,2026-03-23,2026-08-04,59,145,142,135,0.437037,1.181154,1.145380,0.658264,,,,,,,,GLOBAL_BASELINE_NO_ENTITY_RANKING,,,NOT_APPLICABLE_GLOBAL_BASELINE,HF9g-P5,,,,X 全窗基线 · 不参与实体赏罚,3926202,393,A168_HF9F_20260827_0900,2026-08-27 09:00:00
2026-06-10,139992598,550,0,5.1431069509,-5.1431069509,-5.1431069509,0E-7,1,1,0.50665070000000000,0.506650700000,-1.013391052207602,-1.013391052207602,-1.013391052207602,0E-17,ELIGIBLE,R03b_20260811_FULL_v1,L1_ELIGIBILITY,v2026-08-11,2026-03-21..2026-08-06,baccarat_bet02_101_all_pairs_incl_sentinel,round_win = game_pnl > 0 (decisive only),COMPATIBILITY_ONLY_NOT_PRODUCTION,2630.2504,2321.3866,-61.6618,319,311,0.02344331,0.10623960,0.00306931,0.02344331,61.6618,2630.2504,OK,0.0000,-2.4665,4.0000,96.0000,AG03-UNRESOLVED,ALL5_LEVELS_bet23_to_bet27,-2.4665,-2.4665,-2.4665,0.0000,0.0000,4.000000,4.000000,4.000000,0.000000,0.000000,96.000000,96.000000,96.000000,100.000000,100.000000,5.0,-7.3994,-7.1074,-54.2624,-54.5544,PENDING_AG03,FALSE,NOT_FOR_ENFORCEMENT,-59.1953,2228.5311,-61.6618,-59.1953,-2.4665,-0.02344331,-0.02250557,-2.4665,-59.1953,-0.02250557,-2.4665,-2.4665,-2.4665,0.0000,0.0000,-59.1953,-0.02250557,-7.3994,-7.1074,-54.2624,-54.5544,-0.02063011,-0.02074114,-0.00093773,8.2453,7.4643,-0.1983,-1.0451,-0.4253,44.5805,5.2712,9.4440,7.9956,5.1431,5.9381,10.3271,15.4111,20.018,25.7155,5.1891,0.0,3.371126,4.330608,1.388544,21,85,73,2,0.19747933,-0.02344331,-0.10623960,0E-8,0.000000,0.882572,0.000000,0.10317029,2026-03-23,2026-08-04,59,145,142,135,0.437037,1.181154,1.145380,0.658264,,,,,,,,GLOBAL_BASELINE_NO_ENTITY_RANKING,,,NOT_APPLICABLE_GLOBAL_BASELINE,HF9g-P5,,,,X 全窗基线 · 不参与实体赏罚,3926203,393,A168_HF9F_20260827_0900,2026-08-27 09:00:00
2026-06-10,139992598,994,0,15.4293208527,5.1431069509,5.1431069509,0.5000000,2,2,0.49324550000000000,0.493245500000,0.01910635448239258,0.01910635448239258,0.01910635448239258,0E-17,ELIGIBLE,R03b_20260811_FULL_v1,L1_ELIGIBILITY,v2026-08-11,2026-03-21..2026-08-06,baccarat_bet02_101_all_pairs_incl_sentinel,round_win = game_pnl > 0 (decisive only),COMPATIBILITY_ONLY_NOT_PRODUCTION,2630.2504,2321.3866,-61.6618,319,311,0.02344331,0.10623960,0.00306931,0.02344331,61.6618,2630.2504,OK,0.0000,-2.4665,4.0000,96.0000,AG03-UNRESOLVED,ALL5_LEVELS_bet23_to_bet27,-2.4665,-2.4665,-2.4665,0.0000,0.0000,4.000000,4.000000,4.000000,0.000000,0.000000,96.000000,96.000000,96.000000,100.000000,100.000000,5.0,-7.3994,-7.1074,-54.2624,-54.5544,PENDING_AG03,FALSE,NOT_FOR_ENFORCEMENT,-59.1953,2228.5311,-61.6618,-59.1953,-2.4665,-0.02344331,-0.02250557,-2.4665,-59.1953,-0.02250557,-2.4665,-2.4665,-2.4665,0.0000,0.0000,-59.1953,-0.02250557,-7.3994,-7.1074,-54.2624,-54.5544,-0.02063011,-0.02074114,-0.00093773,8.2453,7.4643,-0.1983,-1.0451,-0.4253,44.5805,5.2712,9.4440,7.9956,5.1431,5.9381,10.3271,15.4111,20.018,25.7155,5.1891,0.0,3.371126,4.330608,1.388544,21,85,73,2,0.19747933,-0.02344331,-0.10623960,0E-8,0.000000,0.882572,0.000000,0.10317029,2026-03-23,2026-08-04,59,145,142,135,0.437037,1.181154,1.145380,0.658264,,,,,,,,GLOBAL_BASELINE_NO_ENTITY_RANKING,,,NOT_APPLICABLE_GLOBAL_BASELINE,HF9g-P5,,,,X 全窗基线 · 不参与实体赏罚,3926204,393,A168_HF9F_20260827_0900,2026-08-27 09:00:00
2026-06-11,139992598,2103,0,5.1431069509,-5.1431069509,-5.1431069509,0E-7,1,1,0.49324550000000000,0.493245500000,-0.9865810262130424,-0.9865810262130424,-0.9865810262130424,0E-17,ELIGIBLE,R03b_20260811_FULL_v1,L1_ELIGIBILITY,v2026-08-11,2026-03-21..2026-08-06,baccarat_bet02_101_all_pairs_incl_sentinel,round_win = game_pnl > 0 (decisive only),COMPATIBILITY_ONLY_NOT_PRODUCTION,2630.2504,2321.3866,-61.6618,319,311,0.02344331,0.10623960,0.00306931,0.02344331,61.6618,2630.2504,OK,0.0000,-2.4665,4.0000,96.0000,AG03-UNRESOLVED,ALL5_LEVELS_bet23_to_bet27,-2.4665,-2.4665,-2.4665,0.0000,0.0000,4.000000,4.000000,4.000000,0.000000,0.000000,96.000000,96.000000,96.000000,100.000000,100.000000,5.0,-7.3994,-7.1074,-54.2624,-54.5544,PENDING_AG03,FALSE,NOT_FOR_ENFORCEMENT,-59.1953,2228.5311,-61.6618,-59.1953,-2.4665,-0.02344331,-0.02250557,-2.4665,-59.1953,-0.02250557,-2.4665,-2.4665,-2.4665,0.0000,0.0000,-59.1953,-0.02250557,-7.3994,-7.1074,-54.2624,-54.5544,-0.02063011,-0.02074114,-0.00093773,8.2453,7.4643,-0.1983,-1.0451,-0.4253,44.5805,5.2712,9.4440,7.9956,5.1431,5.9381,10.3271,15.4111,20.018,25.7155,5.1891,0.0,3.371126,4.330608,1.388544,21,85,73,2,0.19747933,-0.02344331,-0.10623960,0E-8,0.000000,0.882572,0.000000,0.10317029,2026-03-23,2026-08-04,59,145,142,135,0.437037,1.181154,1.145380,0.658264,,,,,,,,GLOBAL_BASELINE_NO_ENTITY_RANKING,,,NOT_APPLICABLE_GLOBAL_BASELINE,HF9g-P5,,,,X 全窗基线 · 不参与实体赏罚,3926205,393,A168_HF9F_20260827_0900,2026-08-27 09:00:00
2026-06-11,139992598,2108,0,5.1431069509,-5.1431069509,-5.1431069509,0E-7,1,1,0.49324550000000000,0.493245500000,-0.9865810262130424,-0.9865810262130424,-0.9865810262130424,0E-17,ELIGIBLE,R03b_20260811_FULL_v1,L1_ELIGIBILITY,v2026-08-11,2026-03-21..2026-08-06,baccarat_bet02_101_all_pairs_incl_sentinel,round_win = game_pnl > 0 (decisive only),COMPATIBILITY_ONLY_NOT_PRODUCTION,2630.2504,2321.3866,-61.6618,319,311,0.02344331,0.10623960,0.00306931,0.02344331,61.6618,2630.2504,OK,0.0000,-2.4665,4.0000,96.0000,AG03-UNRESOLVED,ALL5_LEVELS_bet23_to_bet27,-2.4665,-2.4665,-2.4665,0.0000,0.0000,4.000000,4.000000,4.000000,0.000000,0.000000,96.000000,96.000000,96.000000,100.000000,100.000000,5.0,-7.3994,-7.1074,-54.2624,-54.5544,PENDING_AG03,FALSE,NOT_FOR_ENFORCEMENT,-59.1953,2228.5311,-61.6618,-59.1953,-2.4665,-0.02344331,-0.02250557,-2.4665,-59.1953,-0.02250557,-2.4665,-2.4665,-2.4665,0.0000,0.0000,-59.1953,-0.02250557,-7.3994,-7.1074,-54.2624,-54.5544,-0.02063011,-0.02074114,-0.00093773,8.2453,7.4643,-0.1983,-1.0451,-0.4253,44.5805,5.2712,9.4440,7.9956,5.1431,5.9381,10.3271,15.4111,20.018,25.7155,5.1891,0.0,3.371126,4.330608,1.388544,21,85,73,2,0.19747933,-0.02344331,-0.10623960,0E-8,0.000000,0.882572,0.000000,0.10317029,2026-03-23,2026-08-04,59,145,142,135,0.437037,1.181154,1.145380,0.658264,,,,,,,,GLOBAL_BASELINE_NO_ENTITY_RANKING,,,NOT_APPLICABLE_GLOBAL_BASELINE,HF9g-P5,,,,X 全窗基线 · 不参与实体赏罚,3926206,393,A168_HF9F_20260827_0900,2026-08-27 09:00:00
2026-06-11,139992598,2251,0,8.2289711215,-8.2289711215,-8.2289711215,0E-7,1,1,0.49324550000000000,0.493245500000,-0.9865810262130424,-0.9865810262130424,-0.9865810262130424,0E-17,ELIGIBLE,R03b_20260811_FULL_v1,L1_ELIGIBILITY,v2026-08-11,2026-03-21..2026-08-06,baccarat_bet02_101_all_pairs_incl_sentinel,round_win = game_pnl > 0 (decisive only),COMPATIBILITY_ONLY_NOT_PRODUCTION,2630.2504,2321.3866,-61.6618,319,311,0.02344331,0.10623960,0.00306931,0.02344331,61.6618,2630.2504,OK,0.0000,-2.4665,4.0000,96.0000,AG03-UNRESOLVED,ALL5_LEVELS_bet23_to_bet27,-2.4665,-2.4665,-2.4665,0.0000,0.0000,4.000000,4.000000,4.000000,0.000000,0.000000,96.000000,96.000000,96.000000,100.000000,100.000000,5.0,-7.3994,-7.1074,-54.2624,-54.5544,PENDING_AG03,FALSE,NOT_FOR_ENFORCEMENT,-59.1953,2228.5311,-61.6618,-59.1953,-2.4665,-0.02344331,-0.02250557,-2.4665,-59.1953,-0.02250557,-2.4665,-2.4665,-2.4665,0.0000,0.0000,-59.1953,-0.02250557,-7.3994,-7.1074,-54.2624,-54.5544,-0.02063011,-0.02074114,-0.00093773,8.2453,7.4643,-0.1983,-1.0451,-0.4253,44.5805,5.2712,9.4440,7.9956,5.1431,5.9381,10.3271,15.4111,20.018,25.7155,5.1891,0.0,3.371126,4.330608,1.388544,21,85,73,2,0.19747933,-0.02344331,-0.10623960,0E-8,0.000000,0.882572,0.000000,0.10317029,2026-03-23,2026-08-04,59,145,142,135,0.437037,1.181154,1.145380,0.658264,,,,,,,,GLOBAL_BASELINE_NO_ENTITY_RANKING,,,NOT_APPLICABLE_GLOBAL_BASELINE,HF9g-P5,,,,X 全窗基线 · 不参与实体赏罚,3926207,393,A168_HF9F_20260827_0900,2026-08-27 09:00:00
2026-06-12,139992598,1645,0,74.5750507882,15.6864762002,15.6864762002,0.6666667,6,6,0.50665070000000000,0.506650700000,0.7839842952205449,0.7839842952205449,0.7839842952205449,0E-17,ELIGIBLE,R03b_20260811_FULL_v1,L1_ELIGIBILITY,v2026-08-11,2026-03-21..2026-08-06,baccarat_bet02_101_all_pairs_incl_sentinel,round_win = game_pnl > 0 (decisive only),COMPATIBILITY_ONLY_NOT_PRODUCTION,2630.2504,2321.3866,-61.6618,319,311,0.02344331,0.10623960,0.00306931,0.02344331,61.6618,2630.2504,OK,0.0000,-2.4665,4.0000,96.0000,AG03-UNRESOLVED,ALL5_LEVELS_bet23_to_bet27,-2.4665,-2.4665,-2.4665,0.0000,0.0000,4.000000,4.000000,4.000000,0.000000,0.000000,96.000000,96.000000,96.000000,100.000000,100.000000,5.0,-7.3994,-7.1074,-54.2624,-54.5544,PENDING_AG03,FALSE,NOT_FOR_ENFORCEMENT,-59.1953,2228.5311,-61.6618,-59.1953,-2.4665,-0.02344331,-0.02250557,-2.4665,-59.1953,-0.02250557,-2.4665,-2.4665,-2.4665,0.0000,0.0000,-59.1953,-0.02250557,-7.3994,-7.1074,-54.2624,-54.5544,-0.02063011,-0.02074114,-0.00093773,8.2453,7.4643,-0.1983,-1.0451,-0.4253,44.5805,5.2712,9.4440,7.9956,5.1431,5.9381,10.3271,15.4111,20.018,25.7155,5.1891,0.0,3.371126,4.330608,1.388544,21,85,73,2,0.19747933,-0.02344331,-0.10623960,0E-8,0.000000,0.882572,0.000000,0.10317029,2026-03-23,2026-08-04,59,145,142,135,0.437037,1.181154,1.145380,0.658264,,,,,,,,GLOBAL_BASELINE_NO_ENTITY_RANKING,,,NOT_APPLICABLE_GLOBAL_BASELINE,HF9g-P5,,,,X 全窗基线 · 不参与实体赏罚,3926208,393,A168_HF9F_20260827_0900,2026-08-27 09:00:00
2026-06-12,139992598,2108,0,15.4293208527,-15.4293208527,-15.4293208527,0E-7,1,1,0.50665070000000000,0.506650700000,-1.013391052207602,-1.013391052207602,-1.013391052207602,0E-17,ELIGIBLE,R03b_20260811_FULL_v1,L1_ELIGIBILITY,v2026-08-11,2026-03-21..2026-08-06,baccarat_bet02_101_all_pairs_incl_sentinel,round_win = game_pnl > 0 (decisive only),COMPATIBILITY_ONLY_NOT_PRODUCTION,2630.2504,2321.3866,-61.6618,319,311,0.02344331,0.10623960,0.00306931,0.02344331,61.6618,2630.2504,OK,0.0000,-2.4665,4.0000,96.0000,AG03-UNRESOLVED,ALL5_LEVELS_bet23_to_bet27,-2.4665,-2.4665,-2.4665,0.0000,0.0000,4.000000,4.000000,4.000000,0.000000,0.000000,96.000000,96.000000,96.000000,100.000000,100.000000,5.0,-7.3994,-7.1074,-54.2624,-54.5544,PENDING_AG03,FALSE,NOT_FOR_ENFORCEMENT,-59.1953,2228.5311,-61.6618,-59.1953,-2.4665,-0.02344331,-0.02250557,-2.4665,-59.1953,-0.02250557,-2.4665,-2.4665,-2.4665,0.0000,0.0000,-59.1953,-0.02250557,-7.3994,-7.1074,-54.2624,-54.5544,-0.02063011,-0.02074114,-0.00093773,8.2453,7.4643,-0.1983,-1.0451,-0.4253,44.5805,5.2712,9.4440,7.9956,5.1431,5.9381,10.3271,15.4111,20.018,25.7155,5.1891,0.0,3.371126,4.330608,1.388544,21,85,73,2,0.19747933,-0.02344331,-0.10623960,0E-8,0.000000,0.882572,0.000000,0.10317029,2026-03-23,2026-08-04,59,145,142,135,0.437037,1.181154,1.145380,0.658264,,,,,,,,GLOBAL_BASELINE_NO_ENTITY_RANKING,,,NOT_APPLICABLE_GLOBAL_BASELINE,HF9g-P5,,,,X 全窗基线 · 不参与实体赏罚,3926209,393,A168_HF9F_20260827_0900,2026-08-27 09:00:00
2026-06-12,139992598,2121,0,12.8577673774,-10.2862139019,-10.2862139019,0E-7,3,3,0.49324550000000000,0.493245500000,-1.3952362676504506,-1.3952362676504506,-1.3952362676504506,0E-17,ELIGIBLE,R03b_20260811_FULL_v1,L1_ELIGIBILITY,v2026-08-11,2026-03-21..2026-08-06,baccarat_bet02_101_all_pairs_incl_sentinel,round_win = game_pnl > 0 (decisive only),COMPATIBILITY_ONLY_NOT_PRODUCTION,2630.2504,2321.3866,-61.6618,319,311,0.02344331,0.10623960,0.00306931,0.02344331,61.6618,2630.2504,OK,0.0000,-2.4665,4.0000,96.0000,AG03-UNRESOLVED,ALL5_LEVELS_bet23_to_bet27,-2.4665,-2.4665,-2.4665,0.0000,0.0000,4.000000,4.000000,4.000000,0.000000,0.000000,96.000000,96.000000,96.000000,100.000000,100.000000,5.0,-7.3994,-7.1074,-54.2624,-54.5544,PENDING_AG03,FALSE,NOT_FOR_ENFORCEMENT,-59.1953,2228.5311,-61.6618,-59.1953,-2.4665,-0.02344331,-0.02250557,-2.4665,-59.1953,-0.02250557,-2.4665,-2.4665,-2.4665,0.0000,0.0000,-59.1953,-0.02250557,-7.3994,-7.1074,-54.2624,-54.5544,-0.02063011,-0.02074114,-0.00093773,8.2453,7.4643,-0.1983,-1.0451,-0.4253,44.5805,5.2712,9.4440,7.9956,5.1431,5.9381,10.3271,15.4111,20.018,25.7155,5.1891,0.0,3.371126,4.330608,1.388544,21,85,73,2,0.19747933,-0.02344331,-0.10623960,0E-8,0.000000,0.882572,0.000000,0.10317029,2026-03-23,2026-08-04,59,145,142,135,0.437037,1.181154,1.145380,0.658264,,,,,,,,GLOBAL_BASELINE_NO_ENTITY_RANKING,,,NOT_APPLICABLE_GLOBAL_BASELINE,HF9g-P5,,,,X 全窗基线 · 不参与实体赏罚,3926210,393,A168_HF9F_20260827_0900,2026-08-27 09:00:00
2026-06-12,139992598,2216,0,10.2862139018,-10.2862139018,-10.2862139018,0E-7,1,1,0.49324550000000000,0.493245500000,-0.9865810262130424,-0.9865810262130424,-0.9865810262130424,0E-17,ELIGIBLE,R03b_20260811_FULL_v1,L1_ELIGIBILITY,v2026-08-11,2026-03-21..2026-08-06,baccarat_bet02_101_all_pairs_incl_sentinel,round_win = game_pnl > 0 (decisive only),COMPATIBILITY_ONLY_NOT_PRODUCTION,2630.2504,2321.3866,-61.6618,319,311,0.02344331,0.10623960,0.00306931,0.02344331,61.6618,2630.2504,OK,0.0000,-2.4665,4.0000,96.0000,AG03-UNRESOLVED,ALL5_LEVELS_bet23_to_bet27,-2.4665,-2.4665,-2.4665,0.0000,0.0000,4.000000,4.000000,4.000000,0.000000,0.000000,96.000000,96.000000,96.000000,100.000000,100.000000,5.0,-7.3994,-7.1074,-54.2624,-54.5544,PENDING_AG03,FALSE,NOT_FOR_ENFORCEMENT,-59.1953,2228.5311,-61.6618,-59.1953,-2.4665,-0.02344331,-0.02250557,-2.4665,-59.1953,-0.02250557,-2.4665,-2.4665,-2.4665,0.0000,0.0000,-59.1953,-0.02250557,-7.3994,-7.1074,-54.2624,-54.5544,-0.02063011,-0.02074114,-0.00093773,8.2453,7.4643,-0.1983,-1.0451,-0.4253,44.5805,5.2712,9.4440,7.9956,5.1431,5.9381,10.3271,15.4111,20.018,25.7155,5.1891,0.0,3.371126,4.330608,1.388544,21,85,73,2,0.19747933,-0.02344331,-0.10623960,0E-8,0.000000,0.882572,0.000000,0.10317029,2026-03-23,2026-08-04,59,145,142,135,0.437037,1.181154,1.145380,0.658264,,,,,,,,GLOBAL_BASELINE_NO_ENTITY_RANKING,,,NOT_APPLICABLE_GLOBAL_BASELINE,HF9g-P5,,,,X 全窗基线 · 不参与实体赏罚,3926211,393,A168_HF9F_20260827_0900,2026-08-27 09:00:00
2026-06-12,139992598,550,0,7.7146604264,7.4575050789,7.4575050789,1.0000000,2,2,0.49994810000000000,0.499948100000,1.4143603653603398,1.4143603653603398,1.4143603653603398,0E-17,ELIGIBLE,R03b_20260811_FULL_v1,L1_ELIGIBILITY,v2026-08-11,2026-03-21..2026-08-06,baccarat_bet02_101_all_pairs_incl_sentinel,round_win = game_pnl > 0 (decisive only),COMPATIBILITY_ONLY_NOT_PRODUCTION,2630.2504,2321.3866,-61.6618,319,311,0.02344331,0.10623960,0.00306931,0.02344331,61.6618,2630.2504,OK,0.0000,-2.4665,4.0000,96.0000,AG03-UNRESOLVED,ALL5_LEVELS_bet23_to_bet27,-2.4665,-2.4665,-2.4665,0.0000,0.0000,4.000000,4.000000,4.000000,0.000000,0.000000,96.000000,96.000000,96.000000,100.000000,100.000000,5.0,-7.3994,-7.1074,-54.2624,-54.5544,PENDING_AG03,FALSE,NOT_FOR_ENFORCEMENT,-59.1953,2228.5311,-61.6618,-59.1953,-2.4665,-0.02344331,-0.02250557,-2.4665,-59.1953,-0.02250557,-2.4665,-2.4665,-2.4665,0.0000,0.0000,-59.1953,-0.02250557,-7.3994,-7.1074,-54.2624,-54.5544,-0.02063011,-0.02074114,-0.00093773,8.2453,7.4643,-0.1983,-1.0451,-0.4253,44.5805,5.2712,9.4440,7.9956,5.1431,5.9381,10.3271,15.4111,20.018,25.7155,5.1891,0.0,3.371126,4.330608,1.388544,21,85,73,2,0.19747933,-0.02344331,-0.10623960,0E-8,0.000000,0.882572,0.000000,0.10317029,2026-03-23,2026-08-04,59,145,142,135,0.437037,1.181154,1.145380,0.658264,,,,,,,,GLOBAL_BASELINE_NO_ENTITY_RANKING,,,NOT_APPLICABLE_GLOBAL_BASELINE,HF9g-P5,,,,X 全窗基线 · 不参与实体赏罚,3926212,393,A168_HF9F_20260827_0900,2026-08-27 09:00:00
2026-06-12,139992598,994,0,5.1431069509,-5.1431069509,-5.1431069509,0E-7,1,1,0.49324550000000000,0.493245500000,-0.9865810262130424,-0.9865810262130424,-0.9865810262130424,0E-17,ELIGIBLE,R03b_20260811_FULL_v1,L1_ELIGIBILITY,v2026-08-11,2026-03-21..2026-08-06,baccarat_bet02_101_all_pairs_incl_sentinel,round_win = game_pnl > 0 (decisive only),COMPATIBILITY_ONLY_NOT_PRODUCTION,2630.2504,2321.3866,-61.6618,319,311,0.02344331,0.10623960,0.00306931,0.02344331,61.6618,2630.2504,OK,0.0000,-2.4665,4.0000,96.0000,AG03-UNRESOLVED,ALL5_LEVELS_bet23_to_bet27,-2.4665,-2.4665,-2.4665,0.0000,0.0000,4.000000,4.000000,4.000000,0.000000,0.000000,96.000000,96.000000,96.000000,100.000000,100.000000,5.0,-7.3994,-7.1074,-54.2624,-54.5544,PENDING_AG03,FALSE,NOT_FOR_ENFORCEMENT,-59.1953,2228.5311,-61.6618,-59.1953,-2.4665,-0.02344331,-0.02250557,-2.4665,-59.1953,-0.02250557,-2.4665,-2.4665,-2.4665,0.0000,0.0000,-59.1953,-0.02250557,-7.3994,-7.1074,-54.2624,-54.5544,-0.02063011,-0.02074114,-0.00093773,8.2453,7.4643,-0.1983,-1.0451,-0.4253,44.5805,5.2712,9.4440,7.9956,5.1431,5.9381,10.3271,15.4111,20.018,25.7155,5.1891,0.0,3.371126,4.330608,1.388544,21,85,73,2,0.19747933,-0.02344331,-0.10623960,0E-8,0.000000,0.882572,0.000000,0.10317029,2026-03-23,2026-08-04,59,145,142,135,0.437037,1.181154,1.145380,0.658264,,,,,,,,GLOBAL_BASELINE_NO_ENTITY_RANKING,,,NOT_APPLICABLE_GLOBAL_BASELINE,HF9g-P5,,,,X 全窗基线 · 不参与实体赏罚,3926213,393,A168_HF9F_20260827_0900,2026-08-27 09:00:00
2026-06-13,139992598,1385,0,12.8577673773,12.8577673773,12.8577673773,1.0000000,1,1,0.49324550000000000,0.493245500000,1.01360149184955,1.01360149184955,1.01360149184955,0E-17,ELIGIBLE,R03b_20260811_FULL_v1,L1_ELIGIBILITY,v2026-08-11,2026-03-21..2026-08-06,baccarat_bet02_101_all_pairs_incl_sentinel,round_win = game_pnl > 0 (decisive only),COMPATIBILITY_ONLY_NOT_PRODUCTION,2630.2504,2321.3866,-61.6618,319,311,0.02344331,0.10623960,0.00306931,0.02344331,61.6618,2630.2504,OK,0.0000,-2.4665,4.0000,96.0000,AG03-UNRESOLVED,ALL5_LEVELS_bet23_to_bet27,-2.4665,-2.4665,-2.4665,0.0000,0.0000,4.000000,4.000000,4.000000,0.000000,0.000000,96.000000,96.000000,96.000000,100.000000,100.000000,5.0,-7.3994,-7.1074,-54.2624,-54.5544,PENDING_AG03,FALSE,NOT_FOR_ENFORCEMENT,-59.1953,2228.5311,-61.6618,-59.1953,-2.4665,-0.02344331,-0.02250557,-2.4665,-59.1953,-0.02250557,-2.4665,-2.4665,-2.4665,0.0000,0.0000,-59.1953,-0.02250557,-7.3994,-7.1074,-54.2624,-54.5544,-0.02063011,-0.02074114,-0.00093773,8.2453,7.4643,-0.1983,-1.0451,-0.4253,44.5805,5.2712,9.4440,7.9956,5.1431,5.9381,10.3271,15.4111,20.018,25.7155,5.1891,0.0,3.371126,4.330608,1.388544,21,85,73,2,0.19747933,-0.02344331,-0.10623960,0E-8,0.000000,0.882572,0.000000,0.10317029,2026-03-23,2026-08-04,59,145,142,135,0.437037,1.181154,1.145380,0.658264,,,,,,,,GLOBAL_BASELINE_NO_ENTITY_RANKING,,,NOT_APPLICABLE_GLOBAL_BASELINE,HF9g-P5,,,,X 全窗基线 · 不参与实体赏罚,3926214,393,A168_HF9F_20260827_0900,2026-08-27 09:00:00
2026-06-13,139992598,2160,0,12.8577673773,12.8577673773,12.8577673773,1.0000000,1,1,0.49324550000000000,0.493245500000,1.01360149184955,1.01360149184955,1.01360149184955,0E-17,ELIGIBLE,R03b_20260811_FULL_v1,L1_ELIGIBILITY,v2026-08-11,2026-03-21..2026-08-06,baccarat_bet02_101_all_pairs_incl_sentinel,round_win = game_pnl > 0 (decisive only),COMPATIBILITY_ONLY_NOT_PRODUCTION,2630.2504,2321.3866,-61.6618,319,311,0.02344331,0.10623960,0.00306931,0.02344331,61.6618,2630.2504,OK,0.0000,-2.4665,4.0000,96.0000,AG03-UNRESOLVED,ALL5_LEVELS_bet23_to_bet27,-2.4665,-2.4665,-2.4665,0.0000,0.0000,4.000000,4.000000,4.000000,0.000000,0.000000,96.000000,96.000000,96.000000,100.000000,100.000000,5.0,-7.3994,-7.1074,-54.2624,-54.5544,PENDING_AG03,FALSE,NOT_FOR_ENFORCEMENT,-59.1953,2228.5311,-61.6618,-59.1953,-2.4665,-0.02344331,-0.02250557,-2.4665,-59.1953,-0.02250557,-2.4665,-2.4665,-2.4665,0.0000,0.0000,-59.1953,-0.02250557,-7.3994,-7.1074,-54.2624,-54.5544,-0.02063011,-0.02074114,-0.00093773,8.2453,7.4643,-0.1983,-1.0451,-0.4253,44.5805,5.2712,9.4440,7.9956,5.1431,5.9381,10.3271,15.4111,20.018,25.7155,5.1891,0.0,3.371126,4.330608,1.388544,21,85,73,2,0.19747933,-0.02344331,-0.10623960,0E-8,0.000000,0.882572,0.000000,0.10317029,2026-03-23,2026-08-04,59,145,142,135,0.437037,1.181154,1.145380,0.658264,,,,,,,,GLOBAL_BASELINE_NO_ENTITY_RANKING,,,NOT_APPLICABLE_GLOBAL_BASELINE,HF9g-P5,,,,X 全窗基线 · 不参与实体赏罚,3926215,393,A168_HF9F_20260827_0900,2026-08-27 09:00:00
2026-06-13,139992598,2188,0,48.8595160337,48.8595160337,48.8595160337,1.0000000,2,2,0.49324550000000000,0.493245500000,1.4334489766152358,1.4334489766152358,1.4334489766152358,0E-17,ELIGIBLE,R03b_20260811_FULL_v1,L1_ELIGIBILITY,v2026-08-11,2026-03-21..2026-08-06,baccarat_bet02_101_all_pairs_incl_sentinel,round_win = game_pnl > 0 (decisive only),COMPATIBILITY_ONLY_NOT_PRODUCTION,2630.2504,2321.3866,-61.6618,319,311,0.02344331,0.10623960,0.00306931,0.02344331,61.6618,2630.2504,OK,0.0000,-2.4665,4.0000,96.0000,AG03-UNRESOLVED,ALL5_LEVELS_bet23_to_bet27,-2.4665,-2.4665,-2.4665,0.0000,0.0000,4.000000,4.000000,4.000000,0.000000,0.000000,96.000000,96.000000,96.000000,100.000000,100.000000,5.0,-7.3994,-7.1074,-54.2624,-54.5544,PENDING_AG03,FALSE,NOT_FOR_ENFORCEMENT,-59.1953,2228.5311,-61.6618,-59.1953,-2.4665,-0.02344331,-0.02250557,-2.4665,-59.1953,-0.02250557,-2.4665,-2.4665,-2.4665,0.0000,0.0000,-59.1953,-0.02250557,-7.3994,-7.1074,-54.2624,-54.5544,-0.02063011,-0.02074114,-0.00093773,8.2453,7.4643,-0.1983,-1.0451,-0.4253,44.5805,5.2712,9.4440,7.9956,5.1431,5.9381,10.3271,15.4111,20.018,25.7155,5.1891,0.0,3.371126,4.330608,1.388544,21,85,73,2,0.19747933,-0.02344331,-0.10623960,0E-8,0.000000,0.882572,0.000000,0.10317029,2026-03-23,2026-08-04,59,145,142,135,0.437037,1.181154,1.145380,0.658264,,,,,,,,GLOBAL_BASELINE_NO_ENTITY_RANKING,,,NOT_APPLICABLE_GLOBAL_BASELINE,HF9g-P5,,,,X 全窗基线 · 不参与实体赏罚,3926216,393,A168_HF9F_20260827_0900,2026-08-27 09:00:00
2026-06-13,139992598,2220,0,10.2862139018,-10.2862139018,-10.2862139018,0E-7,1,1,0.49324550000000000,0.493245500000,-0.9865810262130424,-0.9865810262130424,-0.9865810262130424,0E-17,ELIGIBLE,R03b_20260811_FULL_v1,L1_ELIGIBILITY,v2026-08-11,2026-03-21..2026-08-06,baccarat_bet02_101_all_pairs_incl_sentinel,round_win = game_pnl > 0 (decisive only),COMPATIBILITY_ONLY_NOT_PRODUCTION,2630.2504,2321.3866,-61.6618,319,311,0.02344331,0.10623960,0.00306931,0.02344331,61.6618,2630.2504,OK,0.0000,-2.4665,4.0000,96.0000,AG03-UNRESOLVED,ALL5_LEVELS_bet23_to_bet27,-2.4665,-2.4665,-2.4665,0.0000,0.0000,4.000000,4.000000,4.000000,0.000000,0.000000,96.000000,96.000000,96.000000,100.000000,100.000000,5.0,-7.3994,-7.1074,-54.2624,-54.5544,PENDING_AG03,FALSE,NOT_FOR_ENFORCEMENT,-59.1953,2228.5311,-61.6618,-59.1953,-2.4665,-0.02344331,-0.02250557,-2.4665,-59.1953,-0.02250557,-2.4665,-2.4665,-2.4665,0.0000,0.0000,-59.1953,-0.02250557,-7.3994,-7.1074,-54.2624,-54.5544,-0.02063011,-0.02074114,-0.00093773,8.2453,7.4643,-0.1983,-1.0451,-0.4253,44.5805,5.2712,9.4440,7.9956,5.1431,5.9381,10.3271,15.4111,20.018,25.7155,5.1891,0.0,3.371126,4.330608,1.388544,21,85,73,2,0.19747933,-0.02344331,-0.10623960,0E-8,0.000000,0.882572,0.000000,0.10317029,2026-03-23,2026-08-04,59,145,142,135,0.437037,1.181154,1.145380,0.658264,,,,,,,,GLOBAL_BASELINE_NO_ENTITY_RANKING,,,NOT_APPLICABLE_GLOBAL_BASELINE,HF9g-P5,,,,X 全窗基线 · 不参与实体赏罚,3926217,393,A168_HF9F_20260827_0900,2026-08-27 09:00:00
2026-06-13,139992598,2271,0,12.8577673773,0E-10,0E-10,,1,1,0.49324550000000000,0.493245500000,,,,0E-17,NO_DECISIVE_ROUND,R03b_20260811_FULL_v1,L1_ELIGIBILITY,v2026-08-11,2026-03-21..2026-08-06,baccarat_bet02_101_all_pairs_incl_sentinel,round_win = game_pnl > 0 (decisive only),COMPATIBILITY_ONLY_NOT_PRODUCTION,2630.2504,2321.3866,-61.6618,319,311,0.02344331,0.10623960,0.00306931,0.02344331,61.6618,2630.2504,OK,0.0000,-2.4665,4.0000,96.0000,AG03-UNRESOLVED,ALL5_LEVELS_bet23_to_bet27,-2.4665,-2.4665,-2.4665,0.0000,0.0000,4.000000,4.000000,4.000000,0.000000,0.000000,96.000000,96.000000,96.000000,100.000000,100.000000,5.0,-7.3994,-7.1074,-54.2624,-54.5544,PENDING_AG03,FALSE,NOT_FOR_ENFORCEMENT,-59.1953,2228.5311,-61.6618,-59.1953,-2.4665,-0.02344331,-0.02250557,-2.4665,-59.1953,-0.02250557,-2.4665,-2.4665,-2.4665,0.0000,0.0000,-59.1953,-0.02250557,-7.3994,-7.1074,-54.2624,-54.5544,-0.02063011,-0.02074114,-0.00093773,8.2453,7.4643,-0.1983,-1.0451,-0.4253,44.5805,5.2712,9.4440,7.9956,5.1431,5.9381,10.3271,15.4111,20.018,25.7155,5.1891,0.0,3.371126,4.330608,1.388544,21,85,73,2,0.19747933,-0.02344331,-0.10623960,0E-8,0.000000,0.882572,0.000000,0.10317029,2026-03-23,2026-08-04,59,145,142,135,0.437037,1.181154,1.145380,0.658264,,,,,,,,GLOBAL_BASELINE_NO_ENTITY_RANKING,,,NOT_APPLICABLE_GLOBAL_BASELINE,HF9g-P5,,,,X 全窗基线 · 不参与实体赏罚,3926218,393,A168_HF9F_20260827_0900,2026-08-27 09:00:00
2026-06-13,139992598,986,0,25.7155347546,24.4297580168,24.4297580168,1.0000000,2,2,0.50665070000000000,0.506650700000,1.3955260008387969,1.3955260008387969,1.3955260008387969,0E-17,ELIGIBLE,R03b_20260811_FULL_v1,L1_ELIGIBILITY,v2026-08-11,2026-03-21..2026-08-06,baccarat_bet02_101_all_pairs_incl_sentinel,round_win = game_pnl > 0 (decisive only),COMPATIBILITY_ONLY_NOT_PRODUCTION,2630.2504,2321.3866,-61.6618,319,311,0.02344331,0.10623960,0.00306931,0.02344331,61.6618,2630.2504,OK,0.0000,-2.4665,4.0000,96.0000,AG03-UNRESOLVED,ALL5_LEVELS_bet23_to_bet27,-2.4665,-2.4665,-2.4665,0.0000,0.0000,4.000000,4.000000,4.000000,0.000000,0.000000,96.000000,96.000000,96.000000,100.000000,100.000000,5.0,-7.3994,-7.1074,-54.2624,-54.5544,PENDING_AG03,FALSE,NOT_FOR_ENFORCEMENT,-59.1953,2228.5311,-61.6618,-59.1953,-2.4665,-0.02344331,-0.02250557,-2.4665,-59.1953,-0.02250557,-2.4665,-2.4665,-2.4665,0.0000,0.0000,-59.1953,-0.02250557,-7.3994,-7.1074,-54.2624,-54.5544,-0.02063011,-0.02074114,-0.00093773,8.2453,7.4643,-0.1983,-1.0451,-0.4253,44.5805,5.2712,9.4440,7.9956,5.1431,5.9381,10.3271,15.4111,20.018,25.7155,5.1891,0.0,3.371126,4.330608,1.388544,21,85,73,2,0.19747933,-0.02344331,-0.10623960,0E-8,0.000000,0.882572,0.000000,0.10317029,2026-03-23,2026-08-04,59,145,142,135,0.437037,1.181154,1.145380,0.658264,,,,,,,,GLOBAL_BASELINE_NO_ENTITY_RANKING,,,NOT_APPLICABLE_GLOBAL_BASELINE,HF9g-P5,,,,X 全窗基线 · 不参与实体赏罚,3926219,393,A168_HF9F_20260827_0900,2026-08-27 09:00:00
2026-06-14,139992598,2088,0,7.7146604264,-7.7146604264,-7.7146604264,0E-7,1,1,0.50665070000000000,0.506650700000,-1.013391052207602,-1.013391052207602,-1.013391052207602,0E-17,ELIGIBLE,R03b_20260811_FULL_v1,L1_ELIGIBILITY,v2026-08-11,2026-03-21..2026-08-06,baccarat_bet02_101_all_pairs_incl_sentinel,round_win = game_pnl > 0 (decisive only),COMPATIBILITY_ONLY_NOT_PRODUCTION,2630.2504,2321.3866,-61.6618,319,311,0.02344331,0.10623960,0.00306931,0.02344331,61.6618,2630.2504,OK,0.0000,-2.4665,4.0000,96.0000,AG03-UNRESOLVED,ALL5_LEVELS_bet23_to_bet27,-2.4665,-2.4665,-2.4665,0.0000,0.0000,4.000000,4.000000,4.000000,0.000000,0.000000,96.000000,96.000000,96.000000,100.000000,100.000000,5.0,-7.3994,-7.1074,-54.2624,-54.5544,PENDING_AG03,FALSE,NOT_FOR_ENFORCEMENT,-59.1953,2228.5311,-61.6618,-59.1953,-2.4665,-0.02344331,-0.02250557,-2.4665,-59.1953,-0.02250557,-2.4665,-2.4665,-2.4665,0.0000,0.0000,-59.1953,-0.02250557,-7.3994,-7.1074,-54.2624,-54.5544,-0.02063011,-0.02074114,-0.00093773,8.2453,7.4643,-0.1983,-1.0451,-0.4253,44.5805,5.2712,9.4440,7.9956,5.1431,5.9381,10.3271,15.4111,20.018,25.7155,5.1891,0.0,3.371126,4.330608,1.388544,21,85,73,2,0.19747933,-0.02344331,-0.10623960,0E-8,0.000000,0.882572,0.000000,0.10317029,2026-03-23,2026-08-04,59,145,142,135,0.437037,1.181154,1.145380,0.658264,,,,,,,,GLOBAL_BASELINE_NO_ENTITY_RANKING,,,NOT_APPLICABLE_GLOBAL_BASELINE,HF9g-P5,,,,X 全窗基线 · 不参与实体赏罚,3926220,393,A168_HF9F_20260827_0900,2026-08-27 09:00:00
2026-06-14,139992598,925,0,16.7150975905,16.7150975905,16.7150975905,1.0000000,1,1,0.49324550000000000,0.493245500000,1.01360149184955,1.01360149184955,1.01360149184955,0E-17,ELIGIBLE,R03b_20260811_FULL_v1,L1_ELIGIBILITY,v2026-08-11,2026-03-21..2026-08-06,baccarat_bet02_101_all_pairs_incl_sentinel,round_win = game_pnl > 0 (decisive only),COMPATIBILITY_ONLY_NOT_PRODUCTION,2630.2504,2321.3866,-61.6618,319,311,0.02344331,0.10623960,0.00306931,0.02344331,61.6618,2630.2504,OK,0.0000,-2.4665,4.0000,96.0000,AG03-UNRESOLVED,ALL5_LEVELS_bet23_to_bet27,-2.4665,-2.4665,-2.4665,0.0000,0.0000,4.000000,4.000000,4.000000,0.000000,0.000000,96.000000,96.000000,96.000000,100.000000,100.000000,5.0,-7.3994,-7.1074,-54.2624,-54.5544,PENDING_AG03,FALSE,NOT_FOR_ENFORCEMENT,-59.1953,2228.5311,-61.6618,-59.1953,-2.4665,-0.02344331,-0.02250557,-2.4665,-59.1953,-0.02250557,-2.4665,-2.4665,-2.4665,0.0000,0.0000,-59.1953,-0.02250557,-7.3994,-7.1074,-54.2624,-54.5544,-0.02063011,-0.02074114,-0.00093773,8.2453,7.4643,-0.1983,-1.0451,-0.4253,44.5805,5.2712,9.4440,7.9956,5.1431,5.9381,10.3271,15.4111,20.018,25.7155,5.1891,0.0,3.371126,4.330608,1.388544,21,85,73,2,0.19747933,-0.02344331,-0.10623960,0E-8,0.000000,0.882572,0.000000,0.10317029,2026-03-23,2026-08-04,59,145,142,135,0.437037,1.181154,1.145380,0.658264,,,,,,,,GLOBAL_BASELINE_NO_ENTITY_RANKING,,,NOT_APPLICABLE_GLOBAL_BASELINE,HF9g-P5,,,,X 全窗基线 · 不参与实体赏罚,3926221,393,A168_HF9F_20260827_0900,2026-08-27 09:00:00
2026-06-15,139992598,1505,0,5.1431069509,-5.1431069509,-5.1431069509,0E-7,1,1,0.49324550000000000,0.493245500000,-0.9865810262130424,-0.9865810262130424,-0.9865810262130424,0E-17,ELIGIBLE,R03b_20260811_FULL_v1,L1_ELIGIBILITY,v2026-08-11,2026-03-21..2026-08-06,baccarat_bet02_101_all_pairs_incl_sentinel,round_win = game_pnl > 0 (decisive only),COMPATIBILITY_ONLY_NOT_PRODUCTION,2630.2504,2321.3866,-61.6618,319,311,0.02344331,0.10623960,0.00306931,0.02344331,61.6618,2630.2504,OK,0.0000,-2.4665,4.0000,96.0000,AG03-UNRESOLVED,ALL5_LEVELS_bet23_to_bet27,-2.4665,-2.4665,-2.4665,0.0000,0.0000,4.000000,4.000000,4.000000,0.000000,0.000000,96.000000,96.000000,96.000000,100.000000,100.000000,5.0,-7.3994,-7.1074,-54.2624,-54.5544,PENDING_AG03,FALSE,NOT_FOR_ENFORCEMENT,-59.1953,2228.5311,-61.6618,-59.1953,-2.4665,-0.02344331,-0.02250557,-2.4665,-59.1953,-0.02250557,-2.4665,-2.4665,-2.4665,0.0000,0.0000,-59.1953,-0.02250557,-7.3994,-7.1074,-54.2624,-54.5544,-0.02063011,-0.02074114,-0.00093773,8.2453,7.4643,-0.1983,-1.0451,-0.4253,44.5805,5.2712,9.4440,7.9956,5.1431,5.9381,10.3271,15.4111,20.018,25.7155,5.1891,0.0,3.371126,4.330608,1.388544,21,85,73,2,0.19747933,-0.02344331,-0.10623960,0E-8,0.000000,0.882572,0.000000,0.10317029,2026-03-23,2026-08-04,59,145,142,135,0.437037,1.181154,1.145380,0.658264,,,,,,,,GLOBAL_BASELINE_NO_ENTITY_RANKING,,,NOT_APPLICABLE_GLOBAL_BASELINE,HF9g-P5,,,,X 全窗基线 · 不参与实体赏罚,3926222,393,A168_HF9F_20260827_0900,2026-08-27 09:00:00
2026-06-15,139992598,2242,0,19.2866510659,-1.7357985959,-1.7357985959,0.5000000,2,2,0.50665070000000000,0.506650700000,-0.018812684590367487,-0.018812684590367487,-0.018812684590367487,0E-17,ELIGIBLE,R03b_20260811_FULL_v1,L1_ELIGIBILITY,v2026-08-11,2026-03-21..2026-08-06,baccarat_bet02_101_all_pairs_incl_sentinel,round_win = game_pnl > 0 (decisive only),COMPATIBILITY_ONLY_NOT_PRODUCTION,2630.2504,2321.3866,-61.6618,319,311,0.02344331,0.10623960,0.00306931,0.02344331,61.6618,2630.2504,OK,0.0000,-2.4665,4.0000,96.0000,AG03-UNRESOLVED,ALL5_LEVELS_bet23_to_bet27,-2.4665,-2.4665,-2.4665,0.0000,0.0000,4.000000,4.000000,4.000000,0.000000,0.000000,96.000000,96.000000,96.000000,100.000000,100.000000,5.0,-7.3994,-7.1074,-54.2624,-54.5544,PENDING_AG03,FALSE,NOT_FOR_ENFORCEMENT,-59.1953,2228.5311,-61.6618,-59.1953,-2.4665,-0.02344331,-0.02250557,-2.4665,-59.1953,-0.02250557,-2.4665,-2.4665,-2.4665,0.0000,0.0000,-59.1953,-0.02250557,-7.3994,-7.1074,-54.2624,-54.5544,-0.02063011,-0.02074114,-0.00093773,8.2453,7.4643,-0.1983,-1.0451,-0.4253,44.5805,5.2712,9.4440,7.9956,5.1431,5.9381,10.3271,15.4111,20.018,25.7155,5.1891,0.0,3.371126,4.330608,1.388544,21,85,73,2,0.19747933,-0.02344331,-0.10623960,0E-8,0.000000,0.882572,0.000000,0.10317029,2026-03-23,2026-08-04,59,145,142,135,0.437037,1.181154,1.145380,0.658264,,,,,,,,GLOBAL_BASELINE_NO_ENTITY_RANKING,,,NOT_APPLICABLE_GLOBAL_BASELINE,HF9g-P5,,,,X 全窗基线 · 不参与实体赏罚,3926223,393,A168_HF9F_20260827_0900,2026-08-27 09:00:00
2026-06-15,139992598,2280,0,17.4865636331,-17.4865636331,-17.4865636331,0E-7,2,2,0.50665070000000000,0.506650700000,-1.4331513700195317,-1.4331513700195317,-1.4331513700195317,0E-17,ELIGIBLE,R03b_20260811_FULL_v1,L1_ELIGIBILITY,v2026-08-11,2026-03-21..2026-08-06,baccarat_bet02_101_all_pairs_incl_sentinel,round_win = game_pnl > 0 (decisive only),COMPATIBILITY_ONLY_NOT_PRODUCTION,2630.2504,2321.3866,-61.6618,319,311,0.02344331,0.10623960,0.00306931,0.02344331,61.6618,2630.2504,OK,0.0000,-2.4665,4.0000,96.0000,AG03-UNRESOLVED,ALL5_LEVELS_bet23_to_bet27,-2.4665,-2.4665,-2.4665,0.0000,0.0000,4.000000,4.000000,4.000000,0.000000,0.000000,96.000000,96.000000,96.000000,100.000000,100.000000,5.0,-7.3994,-7.1074,-54.2624,-54.5544,PENDING_AG03,FALSE,NOT_FOR_ENFORCEMENT,-59.1953,2228.5311,-61.6618,-59.1953,-2.4665,-0.02344331,-0.02250557,-2.4665,-59.1953,-0.02250557,-2.4665,-2.4665,-2.4665,0.0000,0.0000,-59.1953,-0.02250557,-7.3994,-7.1074,-54.2624,-54.5544,-0.02063011,-0.02074114,-0.00093773,8.2453,7.4643,-0.1983,-1.0451,-0.4253,44.5805,5.2712,9.4440,7.9956,5.1431,5.9381,10.3271,15.4111,20.018,25.7155,5.1891,0.0,3.371126,4.330608,1.388544,21,85,73,2,0.19747933,-0.02344331,-0.10623960,0E-8,0.000000,0.882572,0.000000,0.10317029,2026-03-23,2026-08-04,59,145,142,135,0.437037,1.181154,1.145380,0.658264,,,,,,,,GLOBAL_BASELINE_NO_ENTITY_RANKING,,,NOT_APPLICABLE_GLOBAL_BASELINE,HF9g-P5,,,,X 全窗基线 · 不参与实体赏罚,3926224,393,A168_HF9F_20260827_0900,2026-08-27 09:00:00
2026-06-16,139992598,1331,0,13.3720780724,-13.3720780724,-13.3720780724,0E-7,1,1,0.50665070000000000,0.506650700000,-1.013391052207602,-1.013391052207602,-1.013391052207602,0E-17,ELIGIBLE,R03b_20260811_FULL_v1,L1_ELIGIBILITY,v2026-08-11,2026-03-21..2026-08-06,baccarat_bet02_101_all_pairs_incl_sentinel,round_win = game_pnl > 0 (decisive only),COMPATIBILITY_ONLY_NOT_PRODUCTION,2630.2504,2321.3866,-61.6618,319,311,0.02344331,0.10623960,0.00306931,0.02344331,61.6618,2630.2504,OK,0.0000,-2.4665,4.0000,96.0000,AG03-UNRESOLVED,ALL5_LEVELS_bet23_to_bet27,-2.4665,-2.4665,-2.4665,0.0000,0.0000,4.000000,4.000000,4.000000,0.000000,0.000000,96.000000,96.000000,96.000000,100.000000,100.000000,5.0,-7.3994,-7.1074,-54.2624,-54.5544,PENDING_AG03,FALSE,NOT_FOR_ENFORCEMENT,-59.1953,2228.5311,-61.6618,-59.1953,-2.4665,-0.02344331,-0.02250557,-2.4665,-59.1953,-0.02250557,-2.4665,-2.4665,-2.4665,0.0000,0.0000,-59.1953,-0.02250557,-7.3994,-7.1074,-54.2624,-54.5544,-0.02063011,-0.02074114,-0.00093773,8.2453,7.4643,-0.1983,-1.0451,-0.4253,44.5805,5.2712,9.4440,7.9956,5.1431,5.9381,10.3271,15.4111,20.018,25.7155,5.1891,0.0,3.371126,4.330608,1.388544,21,85,73,2,0.19747933,-0.02344331,-0.10623960,0E-8,0.000000,0.882572,0.000000,0.10317029,2026-03-23,2026-08-04,59,145,142,135,0.437037,1.181154,1.145380,0.658264,,,,,,,,GLOBAL_BASELINE_NO_ENTITY_RANKING,,,NOT_APPLICABLE_GLOBAL_BASELINE,HF9g-P5,,,,X 全窗基线 · 不参与实体赏罚,3926225,393,A168_HF9F_20260827_0900,2026-08-27 09:00:00
2026-06-16,139992598,2153,0,12.8577673773,12.2148790084,12.2148790084,1.0000000,2,2,0.50665070000000000,0.506650700000,1.3955260008387969,1.3955260008387969,1.3955260008387969,0E-17,ELIGIBLE,R03b_20260811_FULL_v1,L1_ELIGIBILITY,v2026-08-11,2026-03-21..2026-08-06,baccarat_bet02_101_all_pairs_incl_sentinel,round_win = game_pnl > 0 (decisive only),COMPATIBILITY_ONLY_NOT_PRODUCTION,2630.2504,2321.3866,-61.6618,319,311,0.02344331,0.10623960,0.00306931,0.02344331,61.6618,2630.2504,OK,0.0000,-2.4665,4.0000,96.0000,AG03-UNRESOLVED,ALL5_LEVELS_bet23_to_bet27,-2.4665,-2.4665,-2.4665,0.0000,0.0000,4.000000,4.000000,4.000000,0.000000,0.000000,96.000000,96.000000,96.000000,100.000000,100.000000,5.0,-7.3994,-7.1074,-54.2624,-54.5544,PENDING_AG03,FALSE,NOT_FOR_ENFORCEMENT,-59.1953,2228.5311,-61.6618,-59.1953,-2.4665,-0.02344331,-0.02250557,-2.4665,-59.1953,-0.02250557,-2.4665,-2.4665,-2.4665,0.0000,0.0000,-59.1953,-0.02250557,-7.3994,-7.1074,-54.2624,-54.5544,-0.02063011,-0.02074114,-0.00093773,8.2453,7.4643,-0.1983,-1.0451,-0.4253,44.5805,5.2712,9.4440,7.9956,5.1431,5.9381,10.3271,15.4111,20.018,25.7155,5.1891,0.0,3.371126,4.330608,1.388544,21,85,73,2,0.19747933,-0.02344331,-0.10623960,0E-8,0.000000,0.882572,0.000000,0.10317029,2026-03-23,2026-08-04,59,145,142,135,0.437037,1.181154,1.145380,0.658264,,,,,,,,GLOBAL_BASELINE_NO_ENTITY_RANKING,,,NOT_APPLICABLE_GLOBAL_BASELINE,HF9g-P5,,,,X 全窗基线 · 不参与实体赏罚,3926226,393,A168_HF9F_20260827_0900,2026-08-27 09:00:00
2026-06-17,139992598,1402,0,102.8621390180,23.1439812791,23.1439812791,0.6666667,4,4,0.50665070000000000,0.506650700000,0.5543606114942035,0.5543606114942035,0.5543606114942035,0E-17,ELIGIBLE,R03b_20260811_FULL_v1,L1_ELIGIBILITY,v2026-08-11,2026-03-21..2026-08-06,baccarat_bet02_101_all_pairs_incl_sentinel,round_win = game_pnl > 0 (decisive only),COMPATIBILITY_ONLY_NOT_PRODUCTION,2630.2504,2321.3866,-61.6618,319,311,0.02344331,0.10623960,0.00306931,0.02344331,61.6618,2630.2504,OK,0.0000,-2.4665,4.0000,96.0000,AG03-UNRESOLVED,ALL5_LEVELS_bet23_to_bet27,-2.4665,-2.4665,-2.4665,0.0000,0.0000,4.000000,4.000000,4.000000,0.000000,0.000000,96.000000,96.000000,96.000000,100.000000,100.000000,5.0,-7.3994,-7.1074,-54.2624,-54.5544,PENDING_AG03,FALSE,NOT_FOR_ENFORCEMENT,-59.1953,2228.5311,-61.6618,-59.1953,-2.4665,-0.02344331,-0.02250557,-2.4665,-59.1953,-0.02250557,-2.4665,-2.4665,-2.4665,0.0000,0.0000,-59.1953,-0.02250557,-7.3994,-7.1074,-54.2624,-54.5544,-0.02063011,-0.02074114,-0.00093773,8.2453,7.4643,-0.1983,-1.0451,-0.4253,44.5805,5.2712,9.4440,7.9956,5.1431,5.9381,10.3271,15.4111,20.018,25.7155,5.1891,0.0,3.371126,4.330608,1.388544,21,85,73,2,0.19747933,-0.02344331,-0.10623960,0E-8,0.000000,0.882572,0.000000,0.10317029,2026-03-23,2026-08-04,59,145,142,135,0.437037,1.181154,1.145380,0.658264,,,,,,,,GLOBAL_BASELINE_NO_ENTITY_RANKING,,,NOT_APPLICABLE_GLOBAL_BASELINE,HF9g-P5,,,,X 全窗基线 · 不参与实体赏罚,3926227,393,A168_HF9F_20260827_0900,2026-08-27 09:00:00
2026-06-17,139992598,1490,0,12.8577673773,-12.8577673773,-12.8577673773,0E-7,1,1,0.50665070000000000,0.506650700000,-1.013391052207602,-1.013391052207602,-1.013391052207602,0E-17,ELIGIBLE,R03b_20260811_FULL_v1,L1_ELIGIBILITY,v2026-08-11,2026-03-21..2026-08-06,baccarat_bet02_101_all_pairs_incl_sentinel,round_win = game_pnl > 0 (decisive only),COMPATIBILITY_ONLY_NOT_PRODUCTION,2630.2504,2321.3866,-61.6618,319,311,0.02344331,0.10623960,0.00306931,0.02344331,61.6618,2630.2504,OK,0.0000,-2.4665,4.0000,96.0000,AG03-UNRESOLVED,ALL5_LEVELS_bet23_to_bet27,-2.4665,-2.4665,-2.4665,0.0000,0.0000,4.000000,4.000000,4.000000,0.000000,0.000000,96.000000,96.000000,96.000000,100.000000,100.000000,5.0,-7.3994,-7.1074,-54.2624,-54.5544,PENDING_AG03,FALSE,NOT_FOR_ENFORCEMENT,-59.1953,2228.5311,-61.6618,-59.1953,-2.4665,-0.02344331,-0.02250557,-2.4665,-59.1953,-0.02250557,-2.4665,-2.4665,-2.4665,0.0000,0.0000,-59.1953,-0.02250557,-7.3994,-7.1074,-54.2624,-54.5544,-0.02063011,-0.02074114,-0.00093773,8.2453,7.4643,-0.1983,-1.0451,-0.4253,44.5805,5.2712,9.4440,7.9956,5.1431,5.9381,10.3271,15.4111,20.018,25.7155,5.1891,0.0,3.371126,4.330608,1.388544,21,85,73,2,0.19747933,-0.02344331,-0.10623960,0E-8,0.000000,0.882572,0.000000,0.10317029,2026-03-23,2026-08-04,59,145,142,135,0.437037,1.181154,1.145380,0.658264,,,,,,,,GLOBAL_BASELINE_NO_ENTITY_RANKING,,,NOT_APPLICABLE_GLOBAL_BASELINE,HF9g-P5,,,,X 全窗基线 · 不参与实体赏罚,3926228,393,A168_HF9F_20260827_0900,2026-08-27 09:00:00
2026-06-17,139992598,2223,0,20.5724278036,-20.5724278036,-20.5724278036,0E-7,1,1,0.49324550000000000,0.493245500000,-0.9865810262130424,-0.9865810262130424,-0.9865810262130424,0E-17,ELIGIBLE,R03b_20260811_FULL_v1,L1_ELIGIBILITY,v2026-08-11,2026-03-21..2026-08-06,baccarat_bet02_101_all_pairs_incl_sentinel,round_win = game_pnl > 0 (decisive only),COMPATIBILITY_ONLY_NOT_PRODUCTION,2630.2504,2321.3866,-61.6618,319,311,0.02344331,0.10623960,0.00306931,0.02344331,61.6618,2630.2504,OK,0.0000,-2.4665,4.0000,96.0000,AG03-UNRESOLVED,ALL5_LEVELS_bet23_to_bet27,-2.4665,-2.4665,-2.4665,0.0000,0.0000,4.000000,4.000000,4.000000,0.000000,0.000000,96.000000,96.000000,96.000000,100.000000,100.000000,5.0,-7.3994,-7.1074,-54.2624,-54.5544,PENDING_AG03,FALSE,NOT_FOR_ENFORCEMENT,-59.1953,2228.5311,-61.6618,-59.1953,-2.4665,-0.02344331,-0.02250557,-2.4665,-59.1953,-0.02250557,-2.4665,-2.4665,-2.4665,0.0000,0.0000,-59.1953,-0.02250557,-7.3994,-7.1074,-54.2624,-54.5544,-0.02063011,-0.02074114,-0.00093773,8.2453,7.4643,-0.1983,-1.0451,-0.4253,44.5805,5.2712,9.4440,7.9956,5.1431,5.9381,10.3271,15.4111,20.018,25.7155,5.1891,0.0,3.371126,4.330608,1.388544,21,85,73,2,0.19747933,-0.02344331,-0.10623960,0E-8,0.000000,0.882572,0.000000,0.10317029,2026-03-23,2026-08-04,59,145,142,135,0.437037,1.181154,1.145380,0.658264,,,,,,,,GLOBAL_BASELINE_NO_ENTITY_RANKING,,,NOT_APPLICABLE_GLOBAL_BASELINE,HF9g-P5,,,,X 全窗基线 · 不参与实体赏罚,3926229,393,A168_HF9F_20260827_0900,2026-08-27 09:00:00
2026-06-17,139992598,2281,0,43.7164090827,6.4288836886,6.4288836886,0.5000000,2,2,0.50665070000000000,0.506650700000,-0.018812684590367487,-0.018812684590367487,-0.018812684590367487,0E-17,ELIGIBLE,R03b_20260811_FULL_v1,L1_ELIGIBILITY,v2026-08-11,2026-03-21..2026-08-06,baccarat_bet02_101_all_pairs_incl_sentinel,round_win = game_pnl > 0 (decisive only),COMPATIBILITY_ONLY_NOT_PRODUCTION,2630.2504,2321.3866,-61.6618,319,311,0.02344331,0.10623960,0.00306931,0.02344331,61.6618,2630.2504,OK,0.0000,-2.4665,4.0000,96.0000,AG03-UNRESOLVED,ALL5_LEVELS_bet23_to_bet27,-2.4665,-2.4665,-2.4665,0.0000,0.0000,4.000000,4.000000,4.000000,0.000000,0.000000,96.000000,96.000000,96.000000,100.000000,100.000000,5.0,-7.3994,-7.1074,-54.2624,-54.5544,PENDING_AG03,FALSE,NOT_FOR_ENFORCEMENT,-59.1953,2228.5311,-61.6618,-59.1953,-2.4665,-0.02344331,-0.02250557,-2.4665,-59.1953,-0.02250557,-2.4665,-2.4665,-2.4665,0.0000,0.0000,-59.1953,-0.02250557,-7.3994,-7.1074,-54.2624,-54.5544,-0.02063011,-0.02074114,-0.00093773,8.2453,7.4643,-0.1983,-1.0451,-0.4253,44.5805,5.2712,9.4440,7.9956,5.1431,5.9381,10.3271,15.4111,20.018,25.7155,5.1891,0.0,3.371126,4.330608,1.388544,21,85,73,2,0.19747933,-0.02344331,-0.10623960,0E-8,0.000000,0.882572,0.000000,0.10317029,2026-03-23,2026-08-04,59,145,142,135,0.437037,1.181154,1.145380,0.658264,,,,,,,,GLOBAL_BASELINE_NO_ENTITY_RANKING,,,NOT_APPLICABLE_GLOBAL_BASELINE,HF9g-P5,,,,X 全窗基线 · 不参与实体赏罚,3926230,393,A168_HF9F_20260827_0900,2026-08-27 09:00:00
2026-06-18,139992598,1221,0,38.5733021318,-12.8577673772,-12.8577673772,0.5000000,2,2,0.49324550000000000,0.493245500000,0.01910635448239258,0.01910635448239258,0.01910635448239258,0E-17,ELIGIBLE,R03b_20260811_FULL_v1,L1_ELIGIBILITY,v2026-08-11,2026-03-21..2026-08-06,baccarat_bet02_101_all_pairs_incl_sentinel,round_win = game_pnl > 0 (decisive only),COMPATIBILITY_ONLY_NOT_PRODUCTION,2630.2504,2321.3866,-61.6618,319,311,0.02344331,0.10623960,0.00306931,0.02344331,61.6618,2630.2504,OK,0.0000,-2.4665,4.0000,96.0000,AG03-UNRESOLVED,ALL5_LEVELS_bet23_to_bet27,-2.4665,-2.4665,-2.4665,0.0000,0.0000,4.000000,4.000000,4.000000,0.000000,0.000000,96.000000,96.000000,96.000000,100.000000,100.000000,5.0,-7.3994,-7.1074,-54.2624,-54.5544,PENDING_AG03,FALSE,NOT_FOR_ENFORCEMENT,-59.1953,2228.5311,-61.6618,-59.1953,-2.4665,-0.02344331,-0.02250557,-2.4665,-59.1953,-0.02250557,-2.4665,-2.4665,-2.4665,0.0000,0.0000,-59.1953,-0.02250557,-7.3994,-7.1074,-54.2624,-54.5544,-0.02063011,-0.02074114,-0.00093773,8.2453,7.4643,-0.1983,-1.0451,-0.4253,44.5805,5.2712,9.4440,7.9956,5.1431,5.9381,10.3271,15.4111,20.018,25.7155,5.1891,0.0,3.371126,4.330608,1.388544,21,85,73,2,0.19747933,-0.02344331,-0.10623960,0E-8,0.000000,0.882572,0.000000,0.10317029,2026-03-23,2026-08-04,59,145,142,135,0.437037,1.181154,1.145380,0.658264,,,,,,,,GLOBAL_BASELINE_NO_ENTITY_RANKING,,,NOT_APPLICABLE_GLOBAL_BASELINE,HF9g-P5,,,,X 全窗基线 · 不参与实体赏罚,3926231,393,A168_HF9F_20260827_0900,2026-08-27 09:00:00
2026-06-18,139992598,1402,0,10.2862139018,-10.2862139018,-10.2862139018,0E-7,1,1,0.50665070000000000,0.506650700000,-1.013391052207602,-1.013391052207602,-1.013391052207602,0E-17,ELIGIBLE,R03b_20260811_FULL_v1,L1_ELIGIBILITY,v2026-08-11,2026-03-21..2026-08-06,baccarat_bet02_101_all_pairs_incl_sentinel,round_win = game_pnl > 0 (decisive only),COMPATIBILITY_ONLY_NOT_PRODUCTION,2630.2504,2321.3866,-61.6618,319,311,0.02344331,0.10623960,0.00306931,0.02344331,61.6618,2630.2504,OK,0.0000,-2.4665,4.0000,96.0000,AG03-UNRESOLVED,ALL5_LEVELS_bet23_to_bet27,-2.4665,-2.4665,-2.4665,0.0000,0.0000,4.000000,4.000000,4.000000,0.000000,0.000000,96.000000,96.000000,96.000000,100.000000,100.000000,5.0,-7.3994,-7.1074,-54.2624,-54.5544,PENDING_AG03,FALSE,NOT_FOR_ENFORCEMENT,-59.1953,2228.5311,-61.6618,-59.1953,-2.4665,-0.02344331,-0.02250557,-2.4665,-59.1953,-0.02250557,-2.4665,-2.4665,-2.4665,0.0000,0.0000,-59.1953,-0.02250557,-7.3994,-7.1074,-54.2624,-54.5544,-0.02063011,-0.02074114,-0.00093773,8.2453,7.4643,-0.1983,-1.0451,-0.4253,44.5805,5.2712,9.4440,7.9956,5.1431,5.9381,10.3271,15.4111,20.018,25.7155,5.1891,0.0,3.371126,4.330608,1.388544,21,85,73,2,0.19747933,-0.02344331,-0.10623960,0E-8,0.000000,0.882572,0.000000,0.10317029,2026-03-23,2026-08-04,59,145,142,135,0.437037,1.181154,1.145380,0.658264,,,,,,,,GLOBAL_BASELINE_NO_ENTITY_RANKING,,,NOT_APPLICABLE_GLOBAL_BASELINE,HF9g-P5,,,,X 全窗基线 · 不参与实体赏罚,3926232,393,A168_HF9F_20260827_0900,2026-08-27 09:00:00
2026-06-18,139992598,1702,0,3.0858641705,-3.0858641705,-3.0858641705,0E-7,1,1,0.49324550000000000,0.493245500000,-0.9865810262130424,-0.9865810262130424,-0.9865810262130424,0E-17,ELIGIBLE,R03b_20260811_FULL_v1,L1_ELIGIBILITY,v2026-08-11,2026-03-21..2026-08-06,baccarat_bet02_101_all_pairs_incl_sentinel,round_win = game_pnl > 0 (decisive only),COMPATIBILITY_ONLY_NOT_PRODUCTION,2630.2504,2321.3866,-61.6618,319,311,0.02344331,0.10623960,0.00306931,0.02344331,61.6618,2630.2504,OK,0.0000,-2.4665,4.0000,96.0000,AG03-UNRESOLVED,ALL5_LEVELS_bet23_to_bet27,-2.4665,-2.4665,-2.4665,0.0000,0.0000,4.000000,4.000000,4.000000,0.000000,0.000000,96.000000,96.000000,96.000000,100.000000,100.000000,5.0,-7.3994,-7.1074,-54.2624,-54.5544,PENDING_AG03,FALSE,NOT_FOR_ENFORCEMENT,-59.1953,2228.5311,-61.6618,-59.1953,-2.4665,-0.02344331,-0.02250557,-2.4665,-59.1953,-0.02250557,-2.4665,-2.4665,-2.4665,0.0000,0.0000,-59.1953,-0.02250557,-7.3994,-7.1074,-54.2624,-54.5544,-0.02063011,-0.02074114,-0.00093773,8.2453,7.4643,-0.1983,-1.0451,-0.4253,44.5805,5.2712,9.4440,7.9956,5.1431,5.9381,10.3271,15.4111,20.018,25.7155,5.1891,0.0,3.371126,4.330608,1.388544,21,85,73,2,0.19747933,-0.02344331,-0.10623960,0E-8,0.000000,0.882572,0.000000,0.10317029,2026-03-23,2026-08-04,59,145,142,135,0.437037,1.181154,1.145380,0.658264,,,,,,,,GLOBAL_BASELINE_NO_ENTITY_RANKING,,,NOT_APPLICABLE_GLOBAL_BASELINE,HF9g-P5,,,,X 全窗基线 · 不参与实体赏罚,3926233,393,A168_HF9F_20260827_0900,2026-08-27 09:00:00
2026-06-18,139992598,1935,0,101.5763622804,-38.5733021318,-38.5733021318,0.2500000,5,5,0.50128862000000000,0.501288620000,-1.0051578182180947,-1.0051578182180947,-1.0051578182180947,0E-17,ELIGIBLE,R03b_20260811_FULL_v1,L1_ELIGIBILITY,v2026-08-11,2026-03-21..2026-08-06,baccarat_bet02_101_all_pairs_incl_sentinel,round_win = game_pnl > 0 (decisive only),COMPATIBILITY_ONLY_NOT_PRODUCTION,2630.2504,2321.3866,-61.6618,319,311,0.02344331,0.10623960,0.00306931,0.02344331,61.6618,2630.2504,OK,0.0000,-2.4665,4.0000,96.0000,AG03-UNRESOLVED,ALL5_LEVELS_bet23_to_bet27,-2.4665,-2.4665,-2.4665,0.0000,0.0000,4.000000,4.000000,4.000000,0.000000,0.000000,96.000000,96.000000,96.000000,100.000000,100.000000,5.0,-7.3994,-7.1074,-54.2624,-54.5544,PENDING_AG03,FALSE,NOT_FOR_ENFORCEMENT,-59.1953,2228.5311,-61.6618,-59.1953,-2.4665,-0.02344331,-0.02250557,-2.4665,-59.1953,-0.02250557,-2.4665,-2.4665,-2.4665,0.0000,0.0000,-59.1953,-0.02250557,-7.3994,-7.1074,-54.2624,-54.5544,-0.02063011,-0.02074114,-0.00093773,8.2453,7.4643,-0.1983,-1.0451,-0.4253,44.5805,5.2712,9.4440,7.9956,5.1431,5.9381,10.3271,15.4111,20.018,25.7155,5.1891,0.0,3.371126,4.330608,1.388544,21,85,73,2,0.19747933,-0.02344331,-0.10623960,0E-8,0.000000,0.882572,0.000000,0.10317029,2026-03-23,2026-08-04,59,145,142,135,0.437037,1.181154,1.145380,0.658264,,,,,,,,GLOBAL_BASELINE_NO_ENTITY_RANKING,,,NOT_APPLICABLE_GLOBAL_BASELINE,HF9g-P5,,,,X 全窗基线 · 不参与实体赏罚,3926234,393,A168_HF9F_20260827_0900,2026-08-27 09:00:00
2026-06-18,139992598,2088,0,5.1431069509,-5.1431069509,-5.1431069509,0E-7,1,1,0.50665070000000000,0.506650700000,-1.013391052207602,-1.013391052207602,-1.013391052207602,0E-17,ELIGIBLE,R03b_20260811_FULL_v1,L1_ELIGIBILITY,v2026-08-11,2026-03-21..2026-08-06,baccarat_bet02_101_all_pairs_incl_sentinel,round_win = game_pnl > 0 (decisive only),COMPATIBILITY_ONLY_NOT_PRODUCTION,2630.2504,2321.3866,-61.6618,319,311,0.02344331,0.10623960,0.00306931,0.02344331,61.6618,2630.2504,OK,0.0000,-2.4665,4.0000,96.0000,AG03-UNRESOLVED,ALL5_LEVELS_bet23_to_bet27,-2.4665,-2.4665,-2.4665,0.0000,0.0000,4.000000,4.000000,4.000000,0.000000,0.000000,96.000000,96.000000,96.000000,100.000000,100.000000,5.0,-7.3994,-7.1074,-54.2624,-54.5544,PENDING_AG03,FALSE,NOT_FOR_ENFORCEMENT,-59.1953,2228.5311,-61.6618,-59.1953,-2.4665,-0.02344331,-0.02250557,-2.4665,-59.1953,-0.02250557,-2.4665,-2.4665,-2.4665,0.0000,0.0000,-59.1953,-0.02250557,-7.3994,-7.1074,-54.2624,-54.5544,-0.02063011,-0.02074114,-0.00093773,8.2453,7.4643,-0.1983,-1.0451,-0.4253,44.5805,5.2712,9.4440,7.9956,5.1431,5.9381,10.3271,15.4111,20.018,25.7155,5.1891,0.0,3.371126,4.330608,1.388544,21,85,73,2,0.19747933,-0.02344331,-0.10623960,0E-8,0.000000,0.882572,0.000000,0.10317029,2026-03-23,2026-08-04,59,145,142,135,0.437037,1.181154,1.145380,0.658264,,,,,,,,GLOBAL_BASELINE_NO_ENTITY_RANKING,,,NOT_APPLICABLE_GLOBAL_BASELINE,HF9g-P5,,,,X 全窗基线 · 不参与实体赏罚,3926235,393,A168_HF9F_20260827_0900,2026-08-27 09:00:00
2026-06-18,139992598,2160,0,12.8577673773,-12.8577673773,-12.8577673773,0E-7,1,1,0.49324550000000000,0.493245500000,-0.9865810262130424,-0.9865810262130424,-0.9865810262130424,0E-17,ELIGIBLE,R03b_20260811_FULL_v1,L1_ELIGIBILITY,v2026-08-11,2026-03-21..2026-08-06,baccarat_bet02_101_all_pairs_incl_sentinel,round_win = game_pnl > 0 (decisive only),COMPATIBILITY_ONLY_NOT_PRODUCTION,2630.2504,2321.3866,-61.6618,319,311,0.02344331,0.10623960,0.00306931,0.02344331,61.6618,2630.2504,OK,0.0000,-2.4665,4.0000,96.0000,AG03-UNRESOLVED,ALL5_LEVELS_bet23_to_bet27,-2.4665,-2.4665,-2.4665,0.0000,0.0000,4.000000,4.000000,4.000000,0.000000,0.000000,96.000000,96.000000,96.000000,100.000000,100.000000,5.0,-7.3994,-7.1074,-54.2624,-54.5544,PENDING_AG03,FALSE,NOT_FOR_ENFORCEMENT,-59.1953,2228.5311,-61.6618,-59.1953,-2.4665,-0.02344331,-0.02250557,-2.4665,-59.1953,-0.02250557,-2.4665,-2.4665,-2.4665,0.0000,0.0000,-59.1953,-0.02250557,-7.3994,-7.1074,-54.2624,-54.5544,-0.02063011,-0.02074114,-0.00093773,8.2453,7.4643,-0.1983,-1.0451,-0.4253,44.5805,5.2712,9.4440,7.9956,5.1431,5.9381,10.3271,15.4111,20.018,25.7155,5.1891,0.0,3.371126,4.330608,1.388544,21,85,73,2,0.19747933,-0.02344331,-0.10623960,0E-8,0.000000,0.882572,0.000000,0.10317029,2026-03-23,2026-08-04,59,145,142,135,0.437037,1.181154,1.145380,0.658264,,,,,,,,GLOBAL_BASELINE_NO_ENTITY_RANKING,,,NOT_APPLICABLE_GLOBAL_BASELINE,HF9g-P5,,,,X 全窗基线 · 不参与实体赏罚,3926236,393,A168_HF9F_20260827_0900,2026-08-27 09:00:00
2026-06-18,139992598,2174,0,15.4293208528,-2.5715534755,-2.5715534755,0E-7,2,2,0.50665070000000000,0.506650700000,-1.013391052207602,-1.013391052207602,-1.013391052207602,0E-17,ELIGIBLE,R03b_20260811_FULL_v1,L1_ELIGIBILITY,v2026-08-11,2026-03-21..2026-08-06,baccarat_bet02_101_all_pairs_incl_sentinel,round_win = game_pnl > 0 (decisive only),COMPATIBILITY_ONLY_NOT_PRODUCTION,2630.2504,2321.3866,-61.6618,319,311,0.02344331,0.10623960,0.00306931,0.02344331,61.6618,2630.2504,OK,0.0000,-2.4665,4.0000,96.0000,AG03-UNRESOLVED,ALL5_LEVELS_bet23_to_bet27,-2.4665,-2.4665,-2.4665,0.0000,0.0000,4.000000,4.000000,4.000000,0.000000,0.000000,96.000000,96.000000,96.000000,100.000000,100.000000,5.0,-7.3994,-7.1074,-54.2624,-54.5544,PENDING_AG03,FALSE,NOT_FOR_ENFORCEMENT,-59.1953,2228.5311,-61.6618,-59.1953,-2.4665,-0.02344331,-0.02250557,-2.4665,-59.1953,-0.02250557,-2.4665,-2.4665,-2.4665,0.0000,0.0000,-59.1953,-0.02250557,-7.3994,-7.1074,-54.2624,-54.5544,-0.02063011,-0.02074114,-0.00093773,8.2453,7.4643,-0.1983,-1.0451,-0.4253,44.5805,5.2712,9.4440,7.9956,5.1431,5.9381,10.3271,15.4111,20.018,25.7155,5.1891,0.0,3.371126,4.330608,1.388544,21,85,73,2,0.19747933,-0.02344331,-0.10623960,0E-8,0.000000,0.882572,0.000000,0.10317029,2026-03-23,2026-08-04,59,145,142,135,0.437037,1.181154,1.145380,0.658264,,,,,,,,GLOBAL_BASELINE_NO_ENTITY_RANKING,,,NOT_APPLICABLE_GLOBAL_BASELINE,HF9g-P5,,,,X 全窗基线 · 不参与实体赏罚,3926237,393,A168_HF9F_20260827_0900,2026-08-27 09:00:00
2026-06-18,139992598,2177,0,31.8872630957,30.2928999408,30.2928999408,1.0000000,3,3,0.50665070000000000,0.506650700000,1.7091633124209307,1.7091633124209307,1.7091633124209307,0E-17,ELIGIBLE,R03b_20260811_FULL_v1,L1_ELIGIBILITY,v2026-08-11,2026-03-21..2026-08-06,baccarat_bet02_101_all_pairs_incl_sentinel,round_win = game_pnl > 0 (decisive only),COMPATIBILITY_ONLY_NOT_PRODUCTION,2630.2504,2321.3866,-61.6618,319,311,0.02344331,0.10623960,0.00306931,0.02344331,61.6618,2630.2504,OK,0.0000,-2.4665,4.0000,96.0000,AG03-UNRESOLVED,ALL5_LEVELS_bet23_to_bet27,-2.4665,-2.4665,-2.4665,0.0000,0.0000,4.000000,4.000000,4.000000,0.000000,0.000000,96.000000,96.000000,96.000000,100.000000,100.000000,5.0,-7.3994,-7.1074,-54.2624,-54.5544,PENDING_AG03,FALSE,NOT_FOR_ENFORCEMENT,-59.1953,2228.5311,-61.6618,-59.1953,-2.4665,-0.02344331,-0.02250557,-2.4665,-59.1953,-0.02250557,-2.4665,-2.4665,-2.4665,0.0000,0.0000,-59.1953,-0.02250557,-7.3994,-7.1074,-54.2624,-54.5544,-0.02063011,-0.02074114,-0.00093773,8.2453,7.4643,-0.1983,-1.0451,-0.4253,44.5805,5.2712,9.4440,7.9956,5.1431,5.9381,10.3271,15.4111,20.018,25.7155,5.1891,0.0,3.371126,4.330608,1.388544,21,85,73,2,0.19747933,-0.02344331,-0.10623960,0E-8,0.000000,0.882572,0.000000,0.10317029,2026-03-23,2026-08-04,59,145,142,135,0.437037,1.181154,1.145380,0.658264,,,,,,,,GLOBAL_BASELINE_NO_ENTITY_RANKING,,,NOT_APPLICABLE_GLOBAL_BASELINE,HF9g-P5,,,,X 全窗基线 · 不参与实体赏罚,3926238,393,A168_HF9F_20260827_0900,2026-08-27 09:00:00
2026-06-18,139992598,994,0,23.6582919742,-11.8291459871,-11.8291459871,0E-7,2,2,0.50665070000000000,0.506650700000,-1.013391052207602,-1.013391052207602,-1.013391052207602,0E-17,ELIGIBLE,R03b_20260811_FULL_v1,L1_ELIGIBILITY,v2026-08-11,2026-03-21..2026-08-06,baccarat_bet02_101_all_pairs_incl_sentinel,round_win = game_pnl > 0 (decisive only),COMPATIBILITY_ONLY_NOT_PRODUCTION,2630.2504,2321.3866,-61.6618,319,311,0.02344331,0.10623960,0.00306931,0.02344331,61.6618,2630.2504,OK,0.0000,-2.4665,4.0000,96.0000,AG03-UNRESOLVED,ALL5_LEVELS_bet23_to_bet27,-2.4665,-2.4665,-2.4665,0.0000,0.0000,4.000000,4.000000,4.000000,0.000000,0.000000,96.000000,96.000000,96.000000,100.000000,100.000000,5.0,-7.3994,-7.1074,-54.2624,-54.5544,PENDING_AG03,FALSE,NOT_FOR_ENFORCEMENT,-59.1953,2228.5311,-61.6618,-59.1953,-2.4665,-0.02344331,-0.02250557,-2.4665,-59.1953,-0.02250557,-2.4665,-2.4665,-2.4665,0.0000,0.0000,-59.1953,-0.02250557,-7.3994,-7.1074,-54.2624,-54.5544,-0.02063011,-0.02074114,-0.00093773,8.2453,7.4643,-0.1983,-1.0451,-0.4253,44.5805,5.2712,9.4440,7.9956,5.1431,5.9381,10.3271,15.4111,20.018,25.7155,5.1891,0.0,3.371126,4.330608,1.388544,21,85,73,2,0.19747933,-0.02344331,-0.10623960,0E-8,0.000000,0.882572,0.000000,0.10317029,2026-03-23,2026-08-04,59,145,142,135,0.437037,1.181154,1.145380,0.658264,,,,,,,,GLOBAL_BASELINE_NO_ENTITY_RANKING,,,NOT_APPLICABLE_GLOBAL_BASELINE,HF9g-P5,,,,X 全窗基线 · 不参与实体赏罚,3926239,393,A168_HF9F_20260827_0900,2026-08-27 09:00:00
2026-06-19,139992598,1078,0,5.1431069509,5.1431069509,5.1431069509,1.0000000,1,1,0.49324550000000000,0.493245500000,1.01360149184955,1.01360149184955,1.01360149184955,0E-17,ELIGIBLE,R03b_20260811_FULL_v1,L1_ELIGIBILITY,v2026-08-11,2026-03-21..2026-08-06,baccarat_bet02_101_all_pairs_incl_sentinel,round_win = game_pnl > 0 (decisive only),COMPATIBILITY_ONLY_NOT_PRODUCTION,2630.2504,2321.3866,-61.6618,319,311,0.02344331,0.10623960,0.00306931,0.02344331,61.6618,2630.2504,OK,0.0000,-2.4665,4.0000,96.0000,AG03-UNRESOLVED,ALL5_LEVELS_bet23_to_bet27,-2.4665,-2.4665,-2.4665,0.0000,0.0000,4.000000,4.000000,4.000000,0.000000,0.000000,96.000000,96.000000,96.000000,100.000000,100.000000,5.0,-7.3994,-7.1074,-54.2624,-54.5544,PENDING_AG03,FALSE,NOT_FOR_ENFORCEMENT,-59.1953,2228.5311,-61.6618,-59.1953,-2.4665,-0.02344331,-0.02250557,-2.4665,-59.1953,-0.02250557,-2.4665,-2.4665,-2.4665,0.0000,0.0000,-59.1953,-0.02250557,-7.3994,-7.1074,-54.2624,-54.5544,-0.02063011,-0.02074114,-0.00093773,8.2453,7.4643,-0.1983,-1.0451,-0.4253,44.5805,5.2712,9.4440,7.9956,5.1431,5.9381,10.3271,15.4111,20.018,25.7155,5.1891,0.0,3.371126,4.330608,1.388544,21,85,73,2,0.19747933,-0.02344331,-0.10623960,0E-8,0.000000,0.882572,0.000000,0.10317029,2026-03-23,2026-08-04,59,145,142,135,0.437037,1.181154,1.145380,0.658264,,,,,,,,GLOBAL_BASELINE_NO_ENTITY_RANKING,,,NOT_APPLICABLE_GLOBAL_BASELINE,HF9g-P5,,,,X 全窗基线 · 不参与实体赏罚,3926240,393,A168_HF9F_20260827_0900,2026-08-27 09:00:00
2026-06-19,139992598,2216,0,2.5715534755,-2.5715534755,-2.5715534755,0E-7,1,1,0.50665070000000000,0.506650700000,-1.013391052207602,-1.013391052207602,-1.013391052207602,0E-17,ELIGIBLE,R03b_20260811_FULL_v1,L1_ELIGIBILITY,v2026-08-11,2026-03-21..2026-08-06,baccarat_bet02_101_all_pairs_incl_sentinel,round_win = game_pnl > 0 (decisive only),COMPATIBILITY_ONLY_NOT_PRODUCTION,2630.2504,2321.3866,-61.6618,319,311,0.02344331,0.10623960,0.00306931,0.02344331,61.6618,2630.2504,OK,0.0000,-2.4665,4.0000,96.0000,AG03-UNRESOLVED,ALL5_LEVELS_bet23_to_bet27,-2.4665,-2.4665,-2.4665,0.0000,0.0000,4.000000,4.000000,4.000000,0.000000,0.000000,96.000000,96.000000,96.000000,100.000000,100.000000,5.0,-7.3994,-7.1074,-54.2624,-54.5544,PENDING_AG03,FALSE,NOT_FOR_ENFORCEMENT,-59.1953,2228.5311,-61.6618,-59.1953,-2.4665,-0.02344331,-0.02250557,-2.4665,-59.1953,-0.02250557,-2.4665,-2.4665,-2.4665,0.0000,0.0000,-59.1953,-0.02250557,-7.3994,-7.1074,-54.2624,-54.5544,-0.02063011,-0.02074114,-0.00093773,8.2453,7.4643,-0.1983,-1.0451,-0.4253,44.5805,5.2712,9.4440,7.9956,5.1431,5.9381,10.3271,15.4111,20.018,25.7155,5.1891,0.0,3.371126,4.330608,1.388544,21,85,73,2,0.19747933,-0.02344331,-0.10623960,0E-8,0.000000,0.882572,0.000000,0.10317029,2026-03-23,2026-08-04,59,145,142,135,0.437037,1.181154,1.145380,0.658264,,,,,,,,GLOBAL_BASELINE_NO_ENTITY_RANKING,,,NOT_APPLICABLE_GLOBAL_BASELINE,HF9g-P5,,,,X 全窗基线 · 不参与实体赏罚,3926241,393,A168_HF9F_20260827_0900,2026-08-27 09:00:00
2026-06-19,139992598,2258,0,7.7146604264,7.3289274050,7.3289274050,1.0000000,1,1,0.50665070000000000,0.506650700000,0.9867858985152569,0.9867858985152569,0.9867858985152569,0E-17,ELIGIBLE,R03b_20260811_FULL_v1,L1_ELIGIBILITY,v2026-08-11,2026-03-21..2026-08-06,baccarat_bet02_101_all_pairs_incl_sentinel,round_win = game_pnl > 0 (decisive only),COMPATIBILITY_ONLY_NOT_PRODUCTION,2630.2504,2321.3866,-61.6618,319,311,0.02344331,0.10623960,0.00306931,0.02344331,61.6618,2630.2504,OK,0.0000,-2.4665,4.0000,96.0000,AG03-UNRESOLVED,ALL5_LEVELS_bet23_to_bet27,-2.4665,-2.4665,-2.4665,0.0000,0.0000,4.000000,4.000000,4.000000,0.000000,0.000000,96.000000,96.000000,96.000000,100.000000,100.000000,5.0,-7.3994,-7.1074,-54.2624,-54.5544,PENDING_AG03,FALSE,NOT_FOR_ENFORCEMENT,-59.1953,2228.5311,-61.6618,-59.1953,-2.4665,-0.02344331,-0.02250557,-2.4665,-59.1953,-0.02250557,-2.4665,-2.4665,-2.4665,0.0000,0.0000,-59.1953,-0.02250557,-7.3994,-7.1074,-54.2624,-54.5544,-0.02063011,-0.02074114,-0.00093773,8.2453,7.4643,-0.1983,-1.0451,-0.4253,44.5805,5.2712,9.4440,7.9956,5.1431,5.9381,10.3271,15.4111,20.018,25.7155,5.1891,0.0,3.371126,4.330608,1.388544,21,85,73,2,0.19747933,-0.02344331,-0.10623960,0E-8,0.000000,0.882572,0.000000,0.10317029,2026-03-23,2026-08-04,59,145,142,135,0.437037,1.181154,1.145380,0.658264,,,,,,,,GLOBAL_BASELINE_NO_ENTITY_RANKING,,,NOT_APPLICABLE_GLOBAL_BASELINE,HF9g-P5,,,,X 全窗基线 · 不参与实体赏罚,3926242,393,A168_HF9F_20260827_0900,2026-08-27 09:00:00
2026-06-20,139992598,1646,0,10.2862139018,10.2862139018,10.2862139018,1.0000000,1,1,0.49324550000000000,0.493245500000,1.01360149184955,1.01360149184955,1.01360149184955,0E-17,ELIGIBLE,R03b_20260811_FULL_v1,L1_ELIGIBILITY,v2026-08-11,2026-03-21..2026-08-06,baccarat_bet02_101_all_pairs_incl_sentinel,round_win = game_pnl > 0 (decisive only),COMPATIBILITY_ONLY_NOT_PRODUCTION,2630.2504,2321.3866,-61.6618,319,311,0.02344331,0.10623960,0.00306931,0.02344331,61.6618,2630.2504,OK,0.0000,-2.4665,4.0000,96.0000,AG03-UNRESOLVED,ALL5_LEVELS_bet23_to_bet27,-2.4665,-2.4665,-2.4665,0.0000,0.0000,4.000000,4.000000,4.000000,0.000000,0.000000,96.000000,96.000000,96.000000,100.000000,100.000000,5.0,-7.3994,-7.1074,-54.2624,-54.5544,PENDING_AG03,FALSE,NOT_FOR_ENFORCEMENT,-59.1953,2228.5311,-61.6618,-59.1953,-2.4665,-0.02344331,-0.02250557,-2.4665,-59.1953,-0.02250557,-2.4665,-2.4665,-2.4665,0.0000,0.0000,-59.1953,-0.02250557,-7.3994,-7.1074,-54.2624,-54.5544,-0.02063011,-0.02074114,-0.00093773,8.2453,7.4643,-0.1983,-1.0451,-0.4253,44.5805,5.2712,9.4440,7.9956,5.1431,5.9381,10.3271,15.4111,20.018,25.7155,5.1891,0.0,3.371126,4.330608,1.388544,21,85,73,2,0.19747933,-0.02344331,-0.10623960,0E-8,0.000000,0.882572,0.000000,0.10317029,2026-03-23,2026-08-04,59,145,142,135,0.437037,1.181154,1.145380,0.658264,,,,,,,,GLOBAL_BASELINE_NO_ENTITY_RANKING,,,NOT_APPLICABLE_GLOBAL_BASELINE,HF9g-P5,,,,X 全窗基线 · 不参与实体赏罚,3926243,393,A168_HF9F_20260827_0900,2026-08-27 09:00:00
2026-06-20,139992598,2278,0,10.2862139018,0E-10,0E-10,,1,1,0.50665070000000000,0.506650700000,,,,0E-17,NO_DECISIVE_ROUND,R03b_20260811_FULL_v1,L1_ELIGIBILITY,v2026-08-11,2026-03-21..2026-08-06,baccarat_bet02_101_all_pairs_incl_sentinel,round_win = game_pnl > 0 (decisive only),COMPATIBILITY_ONLY_NOT_PRODUCTION,2630.2504,2321.3866,-61.6618,319,311,0.02344331,0.10623960,0.00306931,0.02344331,61.6618,2630.2504,OK,0.0000,-2.4665,4.0000,96.0000,AG03-UNRESOLVED,ALL5_LEVELS_bet23_to_bet27,-2.4665,-2.4665,-2.4665,0.0000,0.0000,4.000000,4.000000,4.000000,0.000000,0.000000,96.000000,96.000000,96.000000,100.000000,100.000000,5.0,-7.3994,-7.1074,-54.2624,-54.5544,PENDING_AG03,FALSE,NOT_FOR_ENFORCEMENT,-59.1953,2228.5311,-61.6618,-59.1953,-2.4665,-0.02344331,-0.02250557,-2.4665,-59.1953,-0.02250557,-2.4665,-2.4665,-2.4665,0.0000,0.0000,-59.1953,-0.02250557,-7.3994,-7.1074,-54.2624,-54.5544,-0.02063011,-0.02074114,-0.00093773,8.2453,7.4643,-0.1983,-1.0451,-0.4253,44.5805,5.2712,9.4440,7.9956,5.1431,5.9381,10.3271,15.4111,20.018,25.7155,5.1891,0.0,3.371126,4.330608,1.388544,21,85,73,2,0.19747933,-0.02344331,-0.10623960,0E-8,0.000000,0.882572,0.000000,0.10317029,2026-03-23,2026-08-04,59,145,142,135,0.437037,1.181154,1.145380,0.658264,,,,,,,,GLOBAL_BASELINE_NO_ENTITY_RANKING,,,NOT_APPLICABLE_GLOBAL_BASELINE,HF9g-P5,,,,X 全窗基线 · 不参与实体赏罚,3926244,393,A168_HF9F_20260827_0900,2026-08-27 09:00:00
2026-06-21,139992598,2141,0,20.5724278036,10.2862139018,10.2862139018,1.0000000,2,2,0.49324550000000000,0.493245500000,1.01360149184955,1.01360149184955,1.01360149184955,0E-17,ELIGIBLE,R03b_20260811_FULL_v1,L1_ELIGIBILITY,v2026-08-11,2026-03-21..2026-08-06,baccarat_bet02_101_all_pairs_incl_sentinel,round_win = game_pnl > 0 (decisive only),COMPATIBILITY_ONLY_NOT_PRODUCTION,2630.2504,2321.3866,-61.6618,319,311,0.02344331,0.10623960,0.00306931,0.02344331,61.6618,2630.2504,OK,0.0000,-2.4665,4.0000,96.0000,AG03-UNRESOLVED,ALL5_LEVELS_bet23_to_bet27,-2.4665,-2.4665,-2.4665,0.0000,0.0000,4.000000,4.000000,4.000000,0.000000,0.000000,96.000000,96.000000,96.000000,100.000000,100.000000,5.0,-7.3994,-7.1074,-54.2624,-54.5544,PENDING_AG03,FALSE,NOT_FOR_ENFORCEMENT,-59.1953,2228.5311,-61.6618,-59.1953,-2.4665,-0.02344331,-0.02250557,-2.4665,-59.1953,-0.02250557,-2.4665,-2.4665,-2.4665,0.0000,0.0000,-59.1953,-0.02250557,-7.3994,-7.1074,-54.2624,-54.5544,-0.02063011,-0.02074114,-0.00093773,8.2453,7.4643,-0.1983,-1.0451,-0.4253,44.5805,5.2712,9.4440,7.9956,5.1431,5.9381,10.3271,15.4111,20.018,25.7155,5.1891,0.0,3.371126,4.330608,1.388544,21,85,73,2,0.19747933,-0.02344331,-0.10623960,0E-8,0.000000,0.882572,0.000000,0.10317029,2026-03-23,2026-08-04,59,145,142,135,0.437037,1.181154,1.145380,0.658264,,,,,,,,GLOBAL_BASELINE_NO_ENTITY_RANKING,,,NOT_APPLICABLE_GLOBAL_BASELINE,HF9g-P5,,,,X 全窗基线 · 不参与实体赏罚,3926245,393,A168_HF9F_20260827_0900,2026-08-27 09:00:00
2026-06-21,139992598,2153,0,20.5724278037,-20.5724278037,-20.5724278037,0E-7,2,2,0.49324550000000000,0.493245500000,-1.3952362676504506,-1.3952362676504506,-1.3952362676504506,0E-17,ELIGIBLE,R03b_20260811_FULL_v1,L1_ELIGIBILITY,v2026-08-11,2026-03-21..2026-08-06,baccarat_bet02_101_all_pairs_incl_sentinel,round_win = game_pnl > 0 (decisive only),COMPATIBILITY_ONLY_NOT_PRODUCTION,2630.2504,2321.3866,-61.6618,319,311,0.02344331,0.10623960,0.00306931,0.02344331,61.6618,2630.2504,OK,0.0000,-2.4665,4.0000,96.0000,AG03-UNRESOLVED,ALL5_LEVELS_bet23_to_bet27,-2.4665,-2.4665,-2.4665,0.0000,0.0000,4.000000,4.000000,4.000000,0.000000,0.000000,96.000000,96.000000,96.000000,100.000000,100.000000,5.0,-7.3994,-7.1074,-54.2624,-54.5544,PENDING_AG03,FALSE,NOT_FOR_ENFORCEMENT,-59.1953,2228.5311,-61.6618,-59.1953,-2.4665,-0.02344331,-0.02250557,-2.4665,-59.1953,-0.02250557,-2.4665,-2.4665,-2.4665,0.0000,0.0000,-59.1953,-0.02250557,-7.3994,-7.1074,-54.2624,-54.5544,-0.02063011,-0.02074114,-0.00093773,8.2453,7.4643,-0.1983,-1.0451,-0.4253,44.5805,5.2712,9.4440,7.9956,5.1431,5.9381,10.3271,15.4111,20.018,25.7155,5.1891,0.0,3.371126,4.330608,1.388544,21,85,73,2,0.19747933,-0.02344331,-0.10623960,0E-8,0.000000,0.882572,0.000000,0.10317029,2026-03-23,2026-08-04,59,145,142,135,0.437037,1.181154,1.145380,0.658264,,,,,,,,GLOBAL_BASELINE_NO_ENTITY_RANKING,,,NOT_APPLICABLE_GLOBAL_BASELINE,HF9g-P5,,,,X 全窗基线 · 不参与实体赏罚,3926246,393,A168_HF9F_20260827_0900,2026-08-27 09:00:00
2026-06-22,139992598,1109,0,12.8577673773,12.8577673773,12.8577673773,1.0000000,1,1,0.49324550000000000,0.493245500000,1.01360149184955,1.01360149184955,1.01360149184955,0E-17,ELIGIBLE,R03b_20260811_FULL_v1,L1_ELIGIBILITY,v2026-08-11,2026-03-21..2026-08-06,baccarat_bet02_101_all_pairs_incl_sentinel,round_win = game_pnl > 0 (decisive only),COMPATIBILITY_ONLY_NOT_PRODUCTION,2630.2504,2321.3866,-61.6618,319,311,0.02344331,0.10623960,0.00306931,0.02344331,61.6618,2630.2504,OK,0.0000,-2.4665,4.0000,96.0000,AG03-UNRESOLVED,ALL5_LEVELS_bet23_to_bet27,-2.4665,-2.4665,-2.4665,0.0000,0.0000,4.000000,4.000000,4.000000,0.000000,0.000000,96.000000,96.000000,96.000000,100.000000,100.000000,5.0,-7.3994,-7.1074,-54.2624,-54.5544,PENDING_AG03,FALSE,NOT_FOR_ENFORCEMENT,-59.1953,2228.5311,-61.6618,-59.1953,-2.4665,-0.02344331,-0.02250557,-2.4665,-59.1953,-0.02250557,-2.4665,-2.4665,-2.4665,0.0000,0.0000,-59.1953,-0.02250557,-7.3994,-7.1074,-54.2624,-54.5544,-0.02063011,-0.02074114,-0.00093773,8.2453,7.4643,-0.1983,-1.0451,-0.4253,44.5805,5.2712,9.4440,7.9956,5.1431,5.9381,10.3271,15.4111,20.018,25.7155,5.1891,0.0,3.371126,4.330608,1.388544,21,85,73,2,0.19747933,-0.02344331,-0.10623960,0E-8,0.000000,0.882572,0.000000,0.10317029,2026-03-23,2026-08-04,59,145,142,135,0.437037,1.181154,1.145380,0.658264,,,,,,,,GLOBAL_BASELINE_NO_ENTITY_RANKING,,,NOT_APPLICABLE_GLOBAL_BASELINE,HF9g-P5,,,,X 全窗基线 · 不参与实体赏罚,3926247,393,A168_HF9F_20260827_0900,2026-08-27 09:00:00
2026-06-22,139992598,1935,0,13.1149227248,13.1149227248,13.1149227248,1.0000000,1,1,0.49324550000000000,0.493245500000,1.01360149184955,1.01360149184955,1.01360149184955,0E-17,ELIGIBLE,R03b_20260811_FULL_v1,L1_ELIGIBILITY,v2026-08-11,2026-03-21..2026-08-06,baccarat_bet02_101_all_pairs_incl_sentinel,round_win = game_pnl > 0 (decisive only),COMPATIBILITY_ONLY_NOT_PRODUCTION,2630.2504,2321.3866,-61.6618,319,311,0.02344331,0.10623960,0.00306931,0.02344331,61.6618,2630.2504,OK,0.0000,-2.4665,4.0000,96.0000,AG03-UNRESOLVED,ALL5_LEVELS_bet23_to_bet27,-2.4665,-2.4665,-2.4665,0.0000,0.0000,4.000000,4.000000,4.000000,0.000000,0.000000,96.000000,96.000000,96.000000,100.000000,100.000000,5.0,-7.3994,-7.1074,-54.2624,-54.5544,PENDING_AG03,FALSE,NOT_FOR_ENFORCEMENT,-59.1953,2228.5311,-61.6618,-59.1953,-2.4665,-0.02344331,-0.02250557,-2.4665,-59.1953,-0.02250557,-2.4665,-2.4665,-2.4665,0.0000,0.0000,-59.1953,-0.02250557,-7.3994,-7.1074,-54.2624,-54.5544,-0.02063011,-0.02074114,-0.00093773,8.2453,7.4643,-0.1983,-1.0451,-0.4253,44.5805,5.2712,9.4440,7.9956,5.1431,5.9381,10.3271,15.4111,20.018,25.7155,5.1891,0.0,3.371126,4.330608,1.388544,21,85,73,2,0.19747933,-0.02344331,-0.10623960,0E-8,0.000000,0.882572,0.000000,0.10317029,2026-03-23,2026-08-04,59,145,142,135,0.437037,1.181154,1.145380,0.658264,,,,,,,,GLOBAL_BASELINE_NO_ENTITY_RANKING,,,NOT_APPLICABLE_GLOBAL_BASELINE,HF9g-P5,,,,X 全窗基线 · 不参与实体赏罚,3926248,393,A168_HF9F_20260827_0900,2026-08-27 09:00:00
2026-06-22,139992598,1951,0,25.7155347546,12.2148790084,12.2148790084,1.0000000,2,2,0.49994810000000000,0.499948100000,1.0001038053877793,1.0001038053877793,1.0001038053877793,0E-17,ELIGIBLE,R03b_20260811_FULL_v1,L1_ELIGIBILITY,v2026-08-11,2026-03-21..2026-08-06,baccarat_bet02_101_all_pairs_incl_sentinel,round_win = game_pnl > 0 (decisive only),COMPATIBILITY_ONLY_NOT_PRODUCTION,2630.2504,2321.3866,-61.6618,319,311,0.02344331,0.10623960,0.00306931,0.02344331,61.6618,2630.2504,OK,0.0000,-2.4665,4.0000,96.0000,AG03-UNRESOLVED,ALL5_LEVELS_bet23_to_bet27,-2.4665,-2.4665,-2.4665,0.0000,0.0000,4.000000,4.000000,4.000000,0.000000,0.000000,96.000000,96.000000,96.000000,100.000000,100.000000,5.0,-7.3994,-7.1074,-54.2624,-54.5544,PENDING_AG03,FALSE,NOT_FOR_ENFORCEMENT,-59.1953,2228.5311,-61.6618,-59.1953,-2.4665,-0.02344331,-0.02250557,-2.4665,-59.1953,-0.02250557,-2.4665,-2.4665,-2.4665,0.0000,0.0000,-59.1953,-0.02250557,-7.3994,-7.1074,-54.2624,-54.5544,-0.02063011,-0.02074114,-0.00093773,8.2453,7.4643,-0.1983,-1.0451,-0.4253,44.5805,5.2712,9.4440,7.9956,5.1431,5.9381,10.3271,15.4111,20.018,25.7155,5.1891,0.0,3.371126,4.330608,1.388544,21,85,73,2,0.19747933,-0.02344331,-0.10623960,0E-8,0.000000,0.882572,0.000000,0.10317029,2026-03-23,2026-08-04,59,145,142,135,0.437037,1.181154,1.145380,0.658264,,,,,,,,GLOBAL_BASELINE_NO_ENTITY_RANKING,,,NOT_APPLICABLE_GLOBAL_BASELINE,HF9g-P5,,,,X 全窗基线 · 不参与实体赏罚,3926249,393,A168_HF9F_20260827_0900,2026-08-27 09:00:00
2026-06-22,139992598,2088,0,6.6860390362,6.3517370844,6.3517370844,1.0000000,1,1,0.50665070000000000,0.506650700000,0.9867858985152569,0.9867858985152569,0.9867858985152569,0E-17,ELIGIBLE,R03b_20260811_FULL_v1,L1_ELIGIBILITY,v2026-08-11,2026-03-21..2026-08-06,baccarat_bet02_101_all_pairs_incl_sentinel,round_win = game_pnl > 0 (decisive only),COMPATIBILITY_ONLY_NOT_PRODUCTION,2630.2504,2321.3866,-61.6618,319,311,0.02344331,0.10623960,0.00306931,0.02344331,61.6618,2630.2504,OK,0.0000,-2.4665,4.0000,96.0000,AG03-UNRESOLVED,ALL5_LEVELS_bet23_to_bet27,-2.4665,-2.4665,-2.4665,0.0000,0.0000,4.000000,4.000000,4.000000,0.000000,0.000000,96.000000,96.000000,96.000000,100.000000,100.000000,5.0,-7.3994,-7.1074,-54.2624,-54.5544,PENDING_AG03,FALSE,NOT_FOR_ENFORCEMENT,-59.1953,2228.5311,-61.6618,-59.1953,-2.4665,-0.02344331,-0.02250557,-2.4665,-59.1953,-0.02250557,-2.4665,-2.4665,-2.4665,0.0000,0.0000,-59.1953,-0.02250557,-7.3994,-7.1074,-54.2624,-54.5544,-0.02063011,-0.02074114,-0.00093773,8.2453,7.4643,-0.1983,-1.0451,-0.4253,44.5805,5.2712,9.4440,7.9956,5.1431,5.9381,10.3271,15.4111,20.018,25.7155,5.1891,0.0,3.371126,4.330608,1.388544,21,85,73,2,0.19747933,-0.02344331,-0.10623960,0E-8,0.000000,0.882572,0.000000,0.10317029,2026-03-23,2026-08-04,59,145,142,135,0.437037,1.181154,1.145380,0.658264,,,,,,,,GLOBAL_BASELINE_NO_ENTITY_RANKING,,,NOT_APPLICABLE_GLOBAL_BASELINE,HF9g-P5,,,,X 全窗基线 · 不参与实体赏罚,3926250,393,A168_HF9F_20260827_0900,2026-08-27 09:00:00
2026-06-22,139992598,2246,0,7.7146604264,7.7146604264,7.7146604264,1.0000000,1,1,0.49324550000000000,0.493245500000,1.01360149184955,1.01360149184955,1.01360149184955,0E-17,ELIGIBLE,R03b_20260811_FULL_v1,L1_ELIGIBILITY,v2026-08-11,2026-03-21..2026-08-06,baccarat_bet02_101_all_pairs_incl_sentinel,round_win = game_pnl > 0 (decisive only),COMPATIBILITY_ONLY_NOT_PRODUCTION,2630.2504,2321.3866,-61.6618,319,311,0.02344331,0.10623960,0.00306931,0.02344331,61.6618,2630.2504,OK,0.0000,-2.4665,4.0000,96.0000,AG03-UNRESOLVED,ALL5_LEVELS_bet23_to_bet27,-2.4665,-2.4665,-2.4665,0.0000,0.0000,4.000000,4.000000,4.000000,0.000000,0.000000,96.000000,96.000000,96.000000,100.000000,100.000000,5.0,-7.3994,-7.1074,-54.2624,-54.5544,PENDING_AG03,FALSE,NOT_FOR_ENFORCEMENT,-59.1953,2228.5311,-61.6618,-59.1953,-2.4665,-0.02344331,-0.02250557,-2.4665,-59.1953,-0.02250557,-2.4665,-2.4665,-2.4665,0.0000,0.0000,-59.1953,-0.02250557,-7.3994,-7.1074,-54.2624,-54.5544,-0.02063011,-0.02074114,-0.00093773,8.2453,7.4643,-0.1983,-1.0451,-0.4253,44.5805,5.2712,9.4440,7.9956,5.1431,5.9381,10.3271,15.4111,20.018,25.7155,5.1891,0.0,3.371126,4.330608,1.388544,21,85,73,2,0.19747933,-0.02344331,-0.10623960,0E-8,0.000000,0.882572,0.000000,0.10317029,2026-03-23,2026-08-04,59,145,142,135,0.437037,1.181154,1.145380,0.658264,,,,,,,,GLOBAL_BASELINE_NO_ENTITY_RANKING,,,NOT_APPLICABLE_GLOBAL_BASELINE,HF9g-P5,,,,X 全窗基线 · 不参与实体赏罚,3926251,393,A168_HF9F_20260827_0900,2026-08-27 09:00:00
2026-06-23,139992598,2134,0,7.7146604264,-7.7146604264,-7.7146604264,0E-7,1,1,0.49324550000000000,0.493245500000,-0.9865810262130424,-0.9865810262130424,-0.9865810262130424,0E-17,ELIGIBLE,R03b_20260811_FULL_v1,L1_ELIGIBILITY,v2026-08-11,2026-03-21..2026-08-06,baccarat_bet02_101_all_pairs_incl_sentinel,round_win = game_pnl > 0 (decisive only),COMPATIBILITY_ONLY_NOT_PRODUCTION,2630.2504,2321.3866,-61.6618,319,311,0.02344331,0.10623960,0.00306931,0.02344331,61.6618,2630.2504,OK,0.0000,-2.4665,4.0000,96.0000,AG03-UNRESOLVED,ALL5_LEVELS_bet23_to_bet27,-2.4665,-2.4665,-2.4665,0.0000,0.0000,4.000000,4.000000,4.000000,0.000000,0.000000,96.000000,96.000000,96.000000,100.000000,100.000000,5.0,-7.3994,-7.1074,-54.2624,-54.5544,PENDING_AG03,FALSE,NOT_FOR_ENFORCEMENT,-59.1953,2228.5311,-61.6618,-59.1953,-2.4665,-0.02344331,-0.02250557,-2.4665,-59.1953,-0.02250557,-2.4665,-2.4665,-2.4665,0.0000,0.0000,-59.1953,-0.02250557,-7.3994,-7.1074,-54.2624,-54.5544,-0.02063011,-0.02074114,-0.00093773,8.2453,7.4643,-0.1983,-1.0451,-0.4253,44.5805,5.2712,9.4440,7.9956,5.1431,5.9381,10.3271,15.4111,20.018,25.7155,5.1891,0.0,3.371126,4.330608,1.388544,21,85,73,2,0.19747933,-0.02344331,-0.10623960,0E-8,0.000000,0.882572,0.000000,0.10317029,2026-03-23,2026-08-04,59,145,142,135,0.437037,1.181154,1.145380,0.658264,,,,,,,,GLOBAL_BASELINE_NO_ENTITY_RANKING,,,NOT_APPLICABLE_GLOBAL_BASELINE,HF9g-P5,,,,X 全窗基线 · 不参与实体赏罚,3926252,393,A168_HF9F_20260827_0900,2026-08-27 09:00:00
2026-06-24,139992598,2201,0,10.8005245969,-3.6001748657,-3.6001748657,0.5000000,2,2,0.49324550000000000,0.493245500000,0.01910635448239258,0.01910635448239258,0.01910635448239258,0E-17,ELIGIBLE,R03b_20260811_FULL_v1,L1_ELIGIBILITY,v2026-08-11,2026-03-21..2026-08-06,baccarat_bet02_101_all_pairs_incl_sentinel,round_win = game_pnl > 0 (decisive only),COMPATIBILITY_ONLY_NOT_PRODUCTION,2630.2504,2321.3866,-61.6618,319,311,0.02344331,0.10623960,0.00306931,0.02344331,61.6618,2630.2504,OK,0.0000,-2.4665,4.0000,96.0000,AG03-UNRESOLVED,ALL5_LEVELS_bet23_to_bet27,-2.4665,-2.4665,-2.4665,0.0000,0.0000,4.000000,4.000000,4.000000,0.000000,0.000000,96.000000,96.000000,96.000000,100.000000,100.000000,5.0,-7.3994,-7.1074,-54.2624,-54.5544,PENDING_AG03,FALSE,NOT_FOR_ENFORCEMENT,-59.1953,2228.5311,-61.6618,-59.1953,-2.4665,-0.02344331,-0.02250557,-2.4665,-59.1953,-0.02250557,-2.4665,-2.4665,-2.4665,0.0000,0.0000,-59.1953,-0.02250557,-7.3994,-7.1074,-54.2624,-54.5544,-0.02063011,-0.02074114,-0.00093773,8.2453,7.4643,-0.1983,-1.0451,-0.4253,44.5805,5.2712,9.4440,7.9956,5.1431,5.9381,10.3271,15.4111,20.018,25.7155,5.1891,0.0,3.371126,4.330608,1.388544,21,85,73,2,0.19747933,-0.02344331,-0.10623960,0E-8,0.000000,0.882572,0.000000,0.10317029,2026-03-23,2026-08-04,59,145,142,135,0.437037,1.181154,1.145380,0.658264,,,,,,,,GLOBAL_BASELINE_NO_ENTITY_RANKING,,,NOT_APPLICABLE_GLOBAL_BASELINE,HF9g-P5,,,,X 全窗基线 · 不参与实体赏罚,3926253,393,A168_HF9F_20260827_0900,2026-08-27 09:00:00
2026-06-29,139992598,1363,0,12.0863013346,-12.0863013346,-12.0863013346,0E-7,1,1,0.50665070000000000,0.506650700000,-1.013391052207602,-1.013391052207602,-1.013391052207602,0E-17,ELIGIBLE,R03b_20260811_FULL_v1,L1_ELIGIBILITY,v2026-08-11,2026-03-21..2026-08-06,baccarat_bet02_101_all_pairs_incl_sentinel,round_win = game_pnl > 0 (decisive only),COMPATIBILITY_ONLY_NOT_PRODUCTION,2630.2504,2321.3866,-61.6618,319,311,0.02344331,0.10623960,0.00306931,0.02344331,61.6618,2630.2504,OK,0.0000,-2.4665,4.0000,96.0000,AG03-UNRESOLVED,ALL5_LEVELS_bet23_to_bet27,-2.4665,-2.4665,-2.4665,0.0000,0.0000,4.000000,4.000000,4.000000,0.000000,0.000000,96.000000,96.000000,96.000000,100.000000,100.000000,5.0,-7.3994,-7.1074,-54.2624,-54.5544,PENDING_AG03,FALSE,NOT_FOR_ENFORCEMENT,-59.1953,2228.5311,-61.6618,-59.1953,-2.4665,-0.02344331,-0.02250557,-2.4665,-59.1953,-0.02250557,-2.4665,-2.4665,-2.4665,0.0000,0.0000,-59.1953,-0.02250557,-7.3994,-7.1074,-54.2624,-54.5544,-0.02063011,-0.02074114,-0.00093773,8.2453,7.4643,-0.1983,-1.0451,-0.4253,44.5805,5.2712,9.4440,7.9956,5.1431,5.9381,10.3271,15.4111,20.018,25.7155,5.1891,0.0,3.371126,4.330608,1.388544,21,85,73,2,0.19747933,-0.02344331,-0.10623960,0E-8,0.000000,0.882572,0.000000,0.10317029,2026-03-23,2026-08-04,59,145,142,135,0.437037,1.181154,1.145380,0.658264,,,,,,,,GLOBAL_BASELINE_NO_ENTITY_RANKING,,,NOT_APPLICABLE_GLOBAL_BASELINE,HF9g-P5,,,,X 全窗基线 · 不参与实体赏罚,3926254,393,A168_HF9F_20260827_0900,2026-08-27 09:00:00
2026-06-29,139992598,1396,0,10.2862139018,-10.2862139018,-10.2862139018,0E-7,1,1,0.50665070000000000,0.506650700000,-1.013391052207602,-1.013391052207602,-1.013391052207602,0E-17,ELIGIBLE,R03b_20260811_FULL_v1,L1_ELIGIBILITY,v2026-08-11,2026-03-21..2026-08-06,baccarat_bet02_101_all_pairs_incl_sentinel,round_win = game_pnl > 0 (decisive only),COMPATIBILITY_ONLY_NOT_PRODUCTION,2630.2504,2321.3866,-61.6618,319,311,0.02344331,0.10623960,0.00306931,0.02344331,61.6618,2630.2504,OK,0.0000,-2.4665,4.0000,96.0000,AG03-UNRESOLVED,ALL5_LEVELS_bet23_to_bet27,-2.4665,-2.4665,-2.4665,0.0000,0.0000,4.000000,4.000000,4.000000,0.000000,0.000000,96.000000,96.000000,96.000000,100.000000,100.000000,5.0,-7.3994,-7.1074,-54.2624,-54.5544,PENDING_AG03,FALSE,NOT_FOR_ENFORCEMENT,-59.1953,2228.5311,-61.6618,-59.1953,-2.4665,-0.02344331,-0.02250557,-2.4665,-59.1953,-0.02250557,-2.4665,-2.4665,-2.4665,0.0000,0.0000,-59.1953,-0.02250557,-7.3994,-7.1074,-54.2624,-54.5544,-0.02063011,-0.02074114,-0.00093773,8.2453,7.4643,-0.1983,-1.0451,-0.4253,44.5805,5.2712,9.4440,7.9956,5.1431,5.9381,10.3271,15.4111,20.018,25.7155,5.1891,0.0,3.371126,4.330608,1.388544,21,85,73,2,0.19747933,-0.02344331,-0.10623960,0E-8,0.000000,0.882572,0.000000,0.10317029,2026-03-23,2026-08-04,59,145,142,135,0.437037,1.181154,1.145380,0.658264,,,,,,,,GLOBAL_BASELINE_NO_ENTITY_RANKING,,,NOT_APPLICABLE_GLOBAL_BASELINE,HF9g-P5,,,,X 全窗基线 · 不参与实体赏罚,3926255,393,A168_HF9F_20260827_0900,2026-08-27 09:00:00
2026-07-01,139992598,1505,0,11.6180001549,-6.4544445305,-6.4544445305,0E-7,2,2,0.49324550000000000,0.493245500000,-0.9865810262130424,-0.9865810262130424,-0.9865810262130424,0E-17,ELIGIBLE,R03b_20260811_FULL_v1,L1_ELIGIBILITY,v2026-08-11,2026-03-21..2026-08-06,baccarat_bet02_101_all_pairs_incl_sentinel,round_win = game_pnl > 0 (decisive only),COMPATIBILITY_ONLY_NOT_PRODUCTION,2630.2504,2321.3866,-61.6618,319,311,0.02344331,0.10623960,0.00306931,0.02344331,61.6618,2630.2504,OK,0.0000,-2.4665,4.0000,96.0000,AG03-UNRESOLVED,ALL5_LEVELS_bet23_to_bet27,-2.4665,-2.4665,-2.4665,0.0000,0.0000,4.000000,4.000000,4.000000,0.000000,0.000000,96.000000,96.000000,96.000000,100.000000,100.000000,5.0,-7.3994,-7.1074,-54.2624,-54.5544,PENDING_AG03,FALSE,NOT_FOR_ENFORCEMENT,-59.1953,2228.5311,-61.6618,-59.1953,-2.4665,-0.02344331,-0.02250557,-2.4665,-59.1953,-0.02250557,-2.4665,-2.4665,-2.4665,0.0000,0.0000,-59.1953,-0.02250557,-7.3994,-7.1074,-54.2624,-54.5544,-0.02063011,-0.02074114,-0.00093773,8.2453,7.4643,-0.1983,-1.0451,-0.4253,44.5805,5.2712,9.4440,7.9956,5.1431,5.9381,10.3271,15.4111,20.018,25.7155,5.1891,0.0,3.371126,4.330608,1.388544,21,85,73,2,0.19747933,-0.02344331,-0.10623960,0E-8,0.000000,0.882572,0.000000,0.10317029,2026-03-23,2026-08-04,59,145,142,135,0.437037,1.181154,1.145380,0.658264,,,,,,,,GLOBAL_BASELINE_NO_ENTITY_RANKING,,,NOT_APPLICABLE_GLOBAL_BASELINE,HF9g-P5,,,,X 全窗基线 · 不参与实体赏罚,3926256,393,A168_HF9F_20260827_0900,2026-08-27 09:00:00
2026-07-01,139992598,2153,0,5.1635556244,-5.1635556244,-5.1635556244,0E-7,1,1,0.50665070000000000,0.506650700000,-1.013391052207602,-1.013391052207602,-1.013391052207602,0E-17,ELIGIBLE,R03b_20260811_FULL_v1,L1_ELIGIBILITY,v2026-08-11,2026-03-21..2026-08-06,baccarat_bet02_101_all_pairs_incl_sentinel,round_win = game_pnl > 0 (decisive only),COMPATIBILITY_ONLY_NOT_PRODUCTION,2630.2504,2321.3866,-61.6618,319,311,0.02344331,0.10623960,0.00306931,0.02344331,61.6618,2630.2504,OK,0.0000,-2.4665,4.0000,96.0000,AG03-UNRESOLVED,ALL5_LEVELS_bet23_to_bet27,-2.4665,-2.4665,-2.4665,0.0000,0.0000,4.000000,4.000000,4.000000,0.000000,0.000000,96.000000,96.000000,96.000000,100.000000,100.000000,5.0,-7.3994,-7.1074,-54.2624,-54.5544,PENDING_AG03,FALSE,NOT_FOR_ENFORCEMENT,-59.1953,2228.5311,-61.6618,-59.1953,-2.4665,-0.02344331,-0.02250557,-2.4665,-59.1953,-0.02250557,-2.4665,-2.4665,-2.4665,0.0000,0.0000,-59.1953,-0.02250557,-7.3994,-7.1074,-54.2624,-54.5544,-0.02063011,-0.02074114,-0.00093773,8.2453,7.4643,-0.1983,-1.0451,-0.4253,44.5805,5.2712,9.4440,7.9956,5.1431,5.9381,10.3271,15.4111,20.018,25.7155,5.1891,0.0,3.371126,4.330608,1.388544,21,85,73,2,0.19747933,-0.02344331,-0.10623960,0E-8,0.000000,0.882572,0.000000,0.10317029,2026-03-23,2026-08-04,59,145,142,135,0.437037,1.181154,1.145380,0.658264,,,,,,,,GLOBAL_BASELINE_NO_ENTITY_RANKING,,,NOT_APPLICABLE_GLOBAL_BASELINE,HF9g-P5,,,,X 全窗基线 · 不参与实体赏罚,3926257,393,A168_HF9F_20260827_0900,2026-08-27 09:00:00
2026-07-02,139992598,1325,0,10.8434668113,10.3012934707,10.3012934707,1.0000000,2,2,0.50665070000000000,0.506650700000,1.3955260008387969,1.3955260008387969,1.3955260008387969,0E-17,ELIGIBLE,R03b_20260811_FULL_v1,L1_ELIGIBILITY,v2026-08-11,2026-03-21..2026-08-06,baccarat_bet02_101_all_pairs_incl_sentinel,round_win = game_pnl > 0 (decisive only),COMPATIBILITY_ONLY_NOT_PRODUCTION,2630.2504,2321.3866,-61.6618,319,311,0.02344331,0.10623960,0.00306931,0.02344331,61.6618,2630.2504,OK,0.0000,-2.4665,4.0000,96.0000,AG03-UNRESOLVED,ALL5_LEVELS_bet23_to_bet27,-2.4665,-2.4665,-2.4665,0.0000,0.0000,4.000000,4.000000,4.000000,0.000000,0.000000,96.000000,96.000000,96.000000,100.000000,100.000000,5.0,-7.3994,-7.1074,-54.2624,-54.5544,PENDING_AG03,FALSE,NOT_FOR_ENFORCEMENT,-59.1953,2228.5311,-61.6618,-59.1953,-2.4665,-0.02344331,-0.02250557,-2.4665,-59.1953,-0.02250557,-2.4665,-2.4665,-2.4665,0.0000,0.0000,-59.1953,-0.02250557,-7.3994,-7.1074,-54.2624,-54.5544,-0.02063011,-0.02074114,-0.00093773,8.2453,7.4643,-0.1983,-1.0451,-0.4253,44.5805,5.2712,9.4440,7.9956,5.1431,5.9381,10.3271,15.4111,20.018,25.7155,5.1891,0.0,3.371126,4.330608,1.388544,21,85,73,2,0.19747933,-0.02344331,-0.10623960,0E-8,0.000000,0.882572,0.000000,0.10317029,2026-03-23,2026-08-04,59,145,142,135,0.437037,1.181154,1.145380,0.658264,,,,,,,,GLOBAL_BASELINE_NO_ENTITY_RANKING,,,NOT_APPLICABLE_GLOBAL_BASELINE,HF9g-P5,,,,X 全窗基线 · 不参与实体赏罚,3926258,393,A168_HF9F_20260827_0900,2026-08-27 09:00:00
2026-07-02,139992598,986,0,10.3271112488,10.3271112488,10.3271112488,1.0000000,1,1,0.49324550000000000,0.493245500000,1.01360149184955,1.01360149184955,1.01360149184955,0E-17,ELIGIBLE,R03b_20260811_FULL_v1,L1_ELIGIBILITY,v2026-08-11,2026-03-21..2026-08-06,baccarat_bet02_101_all_pairs_incl_sentinel,round_win = game_pnl > 0 (decisive only),COMPATIBILITY_ONLY_NOT_PRODUCTION,2630.2504,2321.3866,-61.6618,319,311,0.02344331,0.10623960,0.00306931,0.02344331,61.6618,2630.2504,OK,0.0000,-2.4665,4.0000,96.0000,AG03-UNRESOLVED,ALL5_LEVELS_bet23_to_bet27,-2.4665,-2.4665,-2.4665,0.0000,0.0000,4.000000,4.000000,4.000000,0.000000,0.000000,96.000000,96.000000,96.000000,100.000000,100.000000,5.0,-7.3994,-7.1074,-54.2624,-54.5544,PENDING_AG03,FALSE,NOT_FOR_ENFORCEMENT,-59.1953,2228.5311,-61.6618,-59.1953,-2.4665,-0.02344331,-0.02250557,-2.4665,-59.1953,-0.02250557,-2.4665,-2.4665,-2.4665,0.0000,0.0000,-59.1953,-0.02250557,-7.3994,-7.1074,-54.2624,-54.5544,-0.02063011,-0.02074114,-0.00093773,8.2453,7.4643,-0.1983,-1.0451,-0.4253,44.5805,5.2712,9.4440,7.9956,5.1431,5.9381,10.3271,15.4111,20.018,25.7155,5.1891,0.0,3.371126,4.330608,1.388544,21,85,73,2,0.19747933,-0.02344331,-0.10623960,0E-8,0.000000,0.882572,0.000000,0.10317029,2026-03-23,2026-08-04,59,145,142,135,0.437037,1.181154,1.145380,0.658264,,,,,,,,GLOBAL_BASELINE_NO_ENTITY_RANKING,,,NOT_APPLICABLE_GLOBAL_BASELINE,HF9g-P5,,,,X 全窗基线 · 不参与实体赏罚,3926259,393,A168_HF9F_20260827_0900,2026-08-27 09:00:00
2026-07-04,139992598,2121,0,51.1192006816,19.0018846979,19.0018846979,0.5714286,8,8,0.50329940000000000,0.503299400000,0.36051353847308226,0.3605135384730823,0.36051353847308226,0E-17,ELIGIBLE,R03b_20260811_FULL_v1,L1_ELIGIBILITY,v2026-08-11,2026-03-21..2026-08-06,baccarat_bet02_101_all_pairs_incl_sentinel,round_win = game_pnl > 0 (decisive only),COMPATIBILITY_ONLY_NOT_PRODUCTION,2630.2504,2321.3866,-61.6618,319,311,0.02344331,0.10623960,0.00306931,0.02344331,61.6618,2630.2504,OK,0.0000,-2.4665,4.0000,96.0000,AG03-UNRESOLVED,ALL5_LEVELS_bet23_to_bet27,-2.4665,-2.4665,-2.4665,0.0000,0.0000,4.000000,4.000000,4.000000,0.000000,0.000000,96.000000,96.000000,96.000000,100.000000,100.000000,5.0,-7.3994,-7.1074,-54.2624,-54.5544,PENDING_AG03,FALSE,NOT_FOR_ENFORCEMENT,-59.1953,2228.5311,-61.6618,-59.1953,-2.4665,-0.02344331,-0.02250557,-2.4665,-59.1953,-0.02250557,-2.4665,-2.4665,-2.4665,0.0000,0.0000,-59.1953,-0.02250557,-7.3994,-7.1074,-54.2624,-54.5544,-0.02063011,-0.02074114,-0.00093773,8.2453,7.4643,-0.1983,-1.0451,-0.4253,44.5805,5.2712,9.4440,7.9956,5.1431,5.9381,10.3271,15.4111,20.018,25.7155,5.1891,0.0,3.371126,4.330608,1.388544,21,85,73,2,0.19747933,-0.02344331,-0.10623960,0E-8,0.000000,0.882572,0.000000,0.10317029,2026-03-23,2026-08-04,59,145,142,135,0.437037,1.181154,1.145380,0.658264,,,,,,,,GLOBAL_BASELINE_NO_ENTITY_RANKING,,,NOT_APPLICABLE_GLOBAL_BASELINE,HF9g-P5,,,,X 全窗基线 · 不参与实体赏罚,3926260,393,A168_HF9F_20260827_0900,2026-08-27 09:00:00
2026-07-04,139992598,2174,0,10.3271112488,-10.3271112488,-10.3271112488,0E-7,1,1,0.50665070000000000,0.506650700000,-1.013391052207602,-1.013391052207602,-1.013391052207602,0E-17,ELIGIBLE,R03b_20260811_FULL_v1,L1_ELIGIBILITY,v2026-08-11,2026-03-21..2026-08-06,baccarat_bet02_101_all_pairs_incl_sentinel,round_win = game_pnl > 0 (decisive only),COMPATIBILITY_ONLY_NOT_PRODUCTION,2630.2504,2321.3866,-61.6618,319,311,0.02344331,0.10623960,0.00306931,0.02344331,61.6618,2630.2504,OK,0.0000,-2.4665,4.0000,96.0000,AG03-UNRESOLVED,ALL5_LEVELS_bet23_to_bet27,-2.4665,-2.4665,-2.4665,0.0000,0.0000,4.000000,4.000000,4.000000,0.000000,0.000000,96.000000,96.000000,96.000000,100.000000,100.000000,5.0,-7.3994,-7.1074,-54.2624,-54.5544,PENDING_AG03,FALSE,NOT_FOR_ENFORCEMENT,-59.1953,2228.5311,-61.6618,-59.1953,-2.4665,-0.02344331,-0.02250557,-2.4665,-59.1953,-0.02250557,-2.4665,-2.4665,-2.4665,0.0000,0.0000,-59.1953,-0.02250557,-7.3994,-7.1074,-54.2624,-54.5544,-0.02063011,-0.02074114,-0.00093773,8.2453,7.4643,-0.1983,-1.0451,-0.4253,44.5805,5.2712,9.4440,7.9956,5.1431,5.9381,10.3271,15.4111,20.018,25.7155,5.1891,0.0,3.371126,4.330608,1.388544,21,85,73,2,0.19747933,-0.02344331,-0.10623960,0E-8,0.000000,0.882572,0.000000,0.10317029,2026-03-23,2026-08-04,59,145,142,135,0.437037,1.181154,1.145380,0.658264,,,,,,,,GLOBAL_BASELINE_NO_ENTITY_RANKING,,,NOT_APPLICABLE_GLOBAL_BASELINE,HF9g-P5,,,,X 全窗基线 · 不参与实体赏罚,3926261,393,A168_HF9F_20260827_0900,2026-08-27 09:00:00
2026-07-04,139992598,583,0,23.2360003098,2.5817778122,2.5817778122,0.3333333,4,4,0.49324550000000000,0.493245500000,-0.5540025479526107,-0.5540025479526106,-0.5540025479526107,0E-17,ELIGIBLE,R03b_20260811_FULL_v1,L1_ELIGIBILITY,v2026-08-11,2026-03-21..2026-08-06,baccarat_bet02_101_all_pairs_incl_sentinel,round_win = game_pnl > 0 (decisive only),COMPATIBILITY_ONLY_NOT_PRODUCTION,2630.2504,2321.3866,-61.6618,319,311,0.02344331,0.10623960,0.00306931,0.02344331,61.6618,2630.2504,OK,0.0000,-2.4665,4.0000,96.0000,AG03-UNRESOLVED,ALL5_LEVELS_bet23_to_bet27,-2.4665,-2.4665,-2.4665,0.0000,0.0000,4.000000,4.000000,4.000000,0.000000,0.000000,96.000000,96.000000,96.000000,100.000000,100.000000,5.0,-7.3994,-7.1074,-54.2624,-54.5544,PENDING_AG03,FALSE,NOT_FOR_ENFORCEMENT,-59.1953,2228.5311,-61.6618,-59.1953,-2.4665,-0.02344331,-0.02250557,-2.4665,-59.1953,-0.02250557,-2.4665,-2.4665,-2.4665,0.0000,0.0000,-59.1953,-0.02250557,-7.3994,-7.1074,-54.2624,-54.5544,-0.02063011,-0.02074114,-0.00093773,8.2453,7.4643,-0.1983,-1.0451,-0.4253,44.5805,5.2712,9.4440,7.9956,5.1431,5.9381,10.3271,15.4111,20.018,25.7155,5.1891,0.0,3.371126,4.330608,1.388544,21,85,73,2,0.19747933,-0.02344331,-0.10623960,0E-8,0.000000,0.882572,0.000000,0.10317029,2026-03-23,2026-08-04,59,145,142,135,0.437037,1.181154,1.145380,0.658264,,,,,,,,GLOBAL_BASELINE_NO_ENTITY_RANKING,,,NOT_APPLICABLE_GLOBAL_BASELINE,HF9g-P5,,,,X 全窗基线 · 不参与实体赏罚,3926262,393,A168_HF9F_20260827_0900,2026-08-27 09:00:00
2026-07-05,139992598,1623,0,29.9486226216,14.2255957452,14.2255957452,1.0000000,2,2,0.50665070000000000,0.506650700000,0.9867858985152569,0.9867858985152569,0.9867858985152569,0E-17,ELIGIBLE,R03b_20260811_FULL_v1,L1_ELIGIBILITY,v2026-08-11,2026-03-21..2026-08-06,baccarat_bet02_101_all_pairs_incl_sentinel,round_win = game_pnl > 0 (decisive only),COMPATIBILITY_ONLY_NOT_PRODUCTION,2630.2504,2321.3866,-61.6618,319,311,0.02344331,0.10623960,0.00306931,0.02344331,61.6618,2630.2504,OK,0.0000,-2.4665,4.0000,96.0000,AG03-UNRESOLVED,ALL5_LEVELS_bet23_to_bet27,-2.4665,-2.4665,-2.4665,0.0000,0.0000,4.000000,4.000000,4.000000,0.000000,0.000000,96.000000,96.000000,96.000000,100.000000,100.000000,5.0,-7.3994,-7.1074,-54.2624,-54.5544,PENDING_AG03,FALSE,NOT_FOR_ENFORCEMENT,-59.1953,2228.5311,-61.6618,-59.1953,-2.4665,-0.02344331,-0.02250557,-2.4665,-59.1953,-0.02250557,-2.4665,-2.4665,-2.4665,0.0000,0.0000,-59.1953,-0.02250557,-7.3994,-7.1074,-54.2624,-54.5544,-0.02063011,-0.02074114,-0.00093773,8.2453,7.4643,-0.1983,-1.0451,-0.4253,44.5805,5.2712,9.4440,7.9956,5.1431,5.9381,10.3271,15.4111,20.018,25.7155,5.1891,0.0,3.371126,4.330608,1.388544,21,85,73,2,0.19747933,-0.02344331,-0.10623960,0E-8,0.000000,0.882572,0.000000,0.10317029,2026-03-23,2026-08-04,59,145,142,135,0.437037,1.181154,1.145380,0.658264,,,,,,,,GLOBAL_BASELINE_NO_ENTITY_RANKING,,,NOT_APPLICABLE_GLOBAL_BASELINE,HF9g-P5,,,,X 全窗基线 · 不参与实体赏罚,3926263,393,A168_HF9F_20260827_0900,2026-08-27 09:00:00
2026-07-08,139992598,986,0,7.7453334366,7.3580667648,7.3580667648,1.0000000,1,1,0.50665070000000000,0.506650700000,0.9867858985152569,0.9867858985152569,0.9867858985152569,0E-17,ELIGIBLE,R03b_20260811_FULL_v1,L1_ELIGIBILITY,v2026-08-11,2026-03-21..2026-08-06,baccarat_bet02_101_all_pairs_incl_sentinel,round_win = game_pnl > 0 (decisive only),COMPATIBILITY_ONLY_NOT_PRODUCTION,2630.2504,2321.3866,-61.6618,319,311,0.02344331,0.10623960,0.00306931,0.02344331,61.6618,2630.2504,OK,0.0000,-2.4665,4.0000,96.0000,AG03-UNRESOLVED,ALL5_LEVELS_bet23_to_bet27,-2.4665,-2.4665,-2.4665,0.0000,0.0000,4.000000,4.000000,4.000000,0.000000,0.000000,96.000000,96.000000,96.000000,100.000000,100.000000,5.0,-7.3994,-7.1074,-54.2624,-54.5544,PENDING_AG03,FALSE,NOT_FOR_ENFORCEMENT,-59.1953,2228.5311,-61.6618,-59.1953,-2.4665,-0.02344331,-0.02250557,-2.4665,-59.1953,-0.02250557,-2.4665,-2.4665,-2.4665,0.0000,0.0000,-59.1953,-0.02250557,-7.3994,-7.1074,-54.2624,-54.5544,-0.02063011,-0.02074114,-0.00093773,8.2453,7.4643,-0.1983,-1.0451,-0.4253,44.5805,5.2712,9.4440,7.9956,5.1431,5.9381,10.3271,15.4111,20.018,25.7155,5.1891,0.0,3.371126,4.330608,1.388544,21,85,73,2,0.19747933,-0.02344331,-0.10623960,0E-8,0.000000,0.882572,0.000000,0.10317029,2026-03-23,2026-08-04,59,145,142,135,0.437037,1.181154,1.145380,0.658264,,,,,,,,GLOBAL_BASELINE_NO_ENTITY_RANKING,,,NOT_APPLICABLE_GLOBAL_BASELINE,HF9g-P5,,,,X 全窗基线 · 不参与实体赏罚,3926264,393,A168_HF9F_20260827_0900,2026-08-27 09:00:00
2026-07-11,139992598,1374,0,22.7196447474,2.0654222498,2.0654222498,0.5000000,2,2,0.49994810000000000,0.499948100000,0.00014679536856514622,0.00014679536856514622,0.00014679536856514622,0E-17,ELIGIBLE,R03b_20260811_FULL_v1,L1_ELIGIBILITY,v2026-08-11,2026-03-21..2026-08-06,baccarat_bet02_101_all_pairs_incl_sentinel,round_win = game_pnl > 0 (decisive only),COMPATIBILITY_ONLY_NOT_PRODUCTION,2630.2504,2321.3866,-61.6618,319,311,0.02344331,0.10623960,0.00306931,0.02344331,61.6618,2630.2504,OK,0.0000,-2.4665,4.0000,96.0000,AG03-UNRESOLVED,ALL5_LEVELS_bet23_to_bet27,-2.4665,-2.4665,-2.4665,0.0000,0.0000,4.000000,4.000000,4.000000,0.000000,0.000000,96.000000,96.000000,96.000000,100.000000,100.000000,5.0,-7.3994,-7.1074,-54.2624,-54.5544,PENDING_AG03,FALSE,NOT_FOR_ENFORCEMENT,-59.1953,2228.5311,-61.6618,-59.1953,-2.4665,-0.02344331,-0.02250557,-2.4665,-59.1953,-0.02250557,-2.4665,-2.4665,-2.4665,0.0000,0.0000,-59.1953,-0.02250557,-7.3994,-7.1074,-54.2624,-54.5544,-0.02063011,-0.02074114,-0.00093773,8.2453,7.4643,-0.1983,-1.0451,-0.4253,44.5805,5.2712,9.4440,7.9956,5.1431,5.9381,10.3271,15.4111,20.018,25.7155,5.1891,0.0,3.371126,4.330608,1.388544,21,85,73,2,0.19747933,-0.02344331,-0.10623960,0E-8,0.000000,0.882572,0.000000,0.10317029,2026-03-23,2026-08-04,59,145,142,135,0.437037,1.181154,1.145380,0.658264,,,,,,,,GLOBAL_BASELINE_NO_ENTITY_RANKING,,,NOT_APPLICABLE_GLOBAL_BASELINE,HF9g-P5,,,,X 全窗基线 · 不参与实体赏罚,3926265,393,A168_HF9F_20260827_0900,2026-08-27 09:00:00
2026-07-15,139992598,1318,0,15.4906668732,14.7161335295,14.7161335295,1.0000000,1,1,0.50665070000000000,0.506650700000,0.9867858985152569,0.9867858985152569,0.9867858985152569,0E-17,ELIGIBLE,R03b_20260811_FULL_v1,L1_ELIGIBILITY,v2026-08-11,2026-03-21..2026-08-06,baccarat_bet02_101_all_pairs_incl_sentinel,round_win = game_pnl > 0 (decisive only),COMPATIBILITY_ONLY_NOT_PRODUCTION,2630.2504,2321.3866,-61.6618,319,311,0.02344331,0.10623960,0.00306931,0.02344331,61.6618,2630.2504,OK,0.0000,-2.4665,4.0000,96.0000,AG03-UNRESOLVED,ALL5_LEVELS_bet23_to_bet27,-2.4665,-2.4665,-2.4665,0.0000,0.0000,4.000000,4.000000,4.000000,0.000000,0.000000,96.000000,96.000000,96.000000,100.000000,100.000000,5.0,-7.3994,-7.1074,-54.2624,-54.5544,PENDING_AG03,FALSE,NOT_FOR_ENFORCEMENT,-59.1953,2228.5311,-61.6618,-59.1953,-2.4665,-0.02344331,-0.02250557,-2.4665,-59.1953,-0.02250557,-2.4665,-2.4665,-2.4665,0.0000,0.0000,-59.1953,-0.02250557,-7.3994,-7.1074,-54.2624,-54.5544,-0.02063011,-0.02074114,-0.00093773,8.2453,7.4643,-0.1983,-1.0451,-0.4253,44.5805,5.2712,9.4440,7.9956,5.1431,5.9381,10.3271,15.4111,20.018,25.7155,5.1891,0.0,3.371126,4.330608,1.388544,21,85,73,2,0.19747933,-0.02344331,-0.10623960,0E-8,0.000000,0.882572,0.000000,0.10317029,2026-03-23,2026-08-04,59,145,142,135,0.437037,1.181154,1.145380,0.658264,,,,,,,,GLOBAL_BASELINE_NO_ENTITY_RANKING,,,NOT_APPLICABLE_GLOBAL_BASELINE,HF9g-P5,,,,X 全窗基线 · 不参与实体赏罚,3926266,393,A168_HF9F_20260827_0900,2026-08-27 09:00:00
2026-07-18,139992598,1306,0,10.3271112488,9.8107556864,9.8107556864,1.0000000,2,2,0.50665070000000000,0.506650700000,1.3955260008387969,1.3955260008387969,1.3955260008387969,0E-17,ELIGIBLE,R03b_20260811_FULL_v1,L1_ELIGIBILITY,v2026-08-11,2026-03-21..2026-08-06,baccarat_bet02_101_all_pairs_incl_sentinel,round_win = game_pnl > 0 (decisive only),COMPATIBILITY_ONLY_NOT_PRODUCTION,2630.2504,2321.3866,-61.6618,319,311,0.02344331,0.10623960,0.00306931,0.02344331,61.6618,2630.2504,OK,0.0000,-2.4665,4.0000,96.0000,AG03-UNRESOLVED,ALL5_LEVELS_bet23_to_bet27,-2.4665,-2.4665,-2.4665,0.0000,0.0000,4.000000,4.000000,4.000000,0.000000,0.000000,96.000000,96.000000,96.000000,100.000000,100.000000,5.0,-7.3994,-7.1074,-54.2624,-54.5544,PENDING_AG03,FALSE,NOT_FOR_ENFORCEMENT,-59.1953,2228.5311,-61.6618,-59.1953,-2.4665,-0.02344331,-0.02250557,-2.4665,-59.1953,-0.02250557,-2.4665,-2.4665,-2.4665,0.0000,0.0000,-59.1953,-0.02250557,-7.3994,-7.1074,-54.2624,-54.5544,-0.02063011,-0.02074114,-0.00093773,8.2453,7.4643,-0.1983,-1.0451,-0.4253,44.5805,5.2712,9.4440,7.9956,5.1431,5.9381,10.3271,15.4111,20.018,25.7155,5.1891,0.0,3.371126,4.330608,1.388544,21,85,73,2,0.19747933,-0.02344331,-0.10623960,0E-8,0.000000,0.882572,0.000000,0.10317029,2026-03-23,2026-08-04,59,145,142,135,0.437037,1.181154,1.145380,0.658264,,,,,,,,GLOBAL_BASELINE_NO_ENTITY_RANKING,,,NOT_APPLICABLE_GLOBAL_BASELINE,HF9g-P5,,,,X 全窗基线 · 不参与实体赏罚,3926267,393,A168_HF9F_20260827_0900,2026-08-27 09:00:00
2026-07-19,139992598,1941,0,4.1308444995,-4.1308444995,-4.1308444995,0E-7,1,1,0.49324550000000000,0.493245500000,-0.9865810262130424,-0.9865810262130424,-0.9865810262130424,0E-17,ELIGIBLE,R03b_20260811_FULL_v1,L1_ELIGIBILITY,v2026-08-11,2026-03-21..2026-08-06,baccarat_bet02_101_all_pairs_incl_sentinel,round_win = game_pnl > 0 (decisive only),COMPATIBILITY_ONLY_NOT_PRODUCTION,2630.2504,2321.3866,-61.6618,319,311,0.02344331,0.10623960,0.00306931,0.02344331,61.6618,2630.2504,OK,0.0000,-2.4665,4.0000,96.0000,AG03-UNRESOLVED,ALL5_LEVELS_bet23_to_bet27,-2.4665,-2.4665,-2.4665,0.0000,0.0000,4.000000,4.000000,4.000000,0.000000,0.000000,96.000000,96.000000,96.000000,100.000000,100.000000,5.0,-7.3994,-7.1074,-54.2624,-54.5544,PENDING_AG03,FALSE,NOT_FOR_ENFORCEMENT,-59.1953,2228.5311,-61.6618,-59.1953,-2.4665,-0.02344331,-0.02250557,-2.4665,-59.1953,-0.02250557,-2.4665,-2.4665,-2.4665,0.0000,0.0000,-59.1953,-0.02250557,-7.3994,-7.1074,-54.2624,-54.5544,-0.02063011,-0.02074114,-0.00093773,8.2453,7.4643,-0.1983,-1.0451,-0.4253,44.5805,5.2712,9.4440,7.9956,5.1431,5.9381,10.3271,15.4111,20.018,25.7155,5.1891,0.0,3.371126,4.330608,1.388544,21,85,73,2,0.19747933,-0.02344331,-0.10623960,0E-8,0.000000,0.882572,0.000000,0.10317029,2026-03-23,2026-08-04,59,145,142,135,0.437037,1.181154,1.145380,0.658264,,,,,,,,GLOBAL_BASELINE_NO_ENTITY_RANKING,,,NOT_APPLICABLE_GLOBAL_BASELINE,HF9g-P5,,,,X 全窗基线 · 不参与实体赏罚,3926268,393,A168_HF9F_20260827_0900,2026-08-27 09:00:00
2026-07-19,139992598,2101,0,13.6834224047,6.4544445305,6.4544445305,0.5000000,2,2,0.50665070000000000,0.506650700000,-0.018812684590367487,-0.018812684590367487,-0.018812684590367487,0E-17,ELIGIBLE,R03b_20260811_FULL_v1,L1_ELIGIBILITY,v2026-08-11,2026-03-21..2026-08-06,baccarat_bet02_101_all_pairs_incl_sentinel,round_win = game_pnl > 0 (decisive only),COMPATIBILITY_ONLY_NOT_PRODUCTION,2630.2504,2321.3866,-61.6618,319,311,0.02344331,0.10623960,0.00306931,0.02344331,61.6618,2630.2504,OK,0.0000,-2.4665,4.0000,96.0000,AG03-UNRESOLVED,ALL5_LEVELS_bet23_to_bet27,-2.4665,-2.4665,-2.4665,0.0000,0.0000,4.000000,4.000000,4.000000,0.000000,0.000000,96.000000,96.000000,96.000000,100.000000,100.000000,5.0,-7.3994,-7.1074,-54.2624,-54.5544,PENDING_AG03,FALSE,NOT_FOR_ENFORCEMENT,-59.1953,2228.5311,-61.6618,-59.1953,-2.4665,-0.02344331,-0.02250557,-2.4665,-59.1953,-0.02250557,-2.4665,-2.4665,-2.4665,0.0000,0.0000,-59.1953,-0.02250557,-7.3994,-7.1074,-54.2624,-54.5544,-0.02063011,-0.02074114,-0.00093773,8.2453,7.4643,-0.1983,-1.0451,-0.4253,44.5805,5.2712,9.4440,7.9956,5.1431,5.9381,10.3271,15.4111,20.018,25.7155,5.1891,0.0,3.371126,4.330608,1.388544,21,85,73,2,0.19747933,-0.02344331,-0.10623960,0E-8,0.000000,0.882572,0.000000,0.10317029,2026-03-23,2026-08-04,59,145,142,135,0.437037,1.181154,1.145380,0.658264,,,,,,,,GLOBAL_BASELINE_NO_ENTITY_RANKING,,,NOT_APPLICABLE_GLOBAL_BASELINE,HF9g-P5,,,,X 全窗基线 · 不参与实体赏罚,3926269,393,A168_HF9F_20260827_0900,2026-08-27 09:00:00
2026-07-20,139992598,2141,0,10.3271112488,-10.3271112488,-10.3271112488,0E-7,1,1,0.50665070000000000,0.506650700000,-1.013391052207602,-1.013391052207602,-1.013391052207602,0E-17,ELIGIBLE,R03b_20260811_FULL_v1,L1_ELIGIBILITY,v2026-08-11,2026-03-21..2026-08-06,baccarat_bet02_101_all_pairs_incl_sentinel,round_win = game_pnl > 0 (decisive only),COMPATIBILITY_ONLY_NOT_PRODUCTION,2630.2504,2321.3866,-61.6618,319,311,0.02344331,0.10623960,0.00306931,0.02344331,61.6618,2630.2504,OK,0.0000,-2.4665,4.0000,96.0000,AG03-UNRESOLVED,ALL5_LEVELS_bet23_to_bet27,-2.4665,-2.4665,-2.4665,0.0000,0.0000,4.000000,4.000000,4.000000,0.000000,0.000000,96.000000,96.000000,96.000000,100.000000,100.000000,5.0,-7.3994,-7.1074,-54.2624,-54.5544,PENDING_AG03,FALSE,NOT_FOR_ENFORCEMENT,-59.1953,2228.5311,-61.6618,-59.1953,-2.4665,-0.02344331,-0.02250557,-2.4665,-59.1953,-0.02250557,-2.4665,-2.4665,-2.4665,0.0000,0.0000,-59.1953,-0.02250557,-7.3994,-7.1074,-54.2624,-54.5544,-0.02063011,-0.02074114,-0.00093773,8.2453,7.4643,-0.1983,-1.0451,-0.4253,44.5805,5.2712,9.4440,7.9956,5.1431,5.9381,10.3271,15.4111,20.018,25.7155,5.1891,0.0,3.371126,4.330608,1.388544,21,85,73,2,0.19747933,-0.02344331,-0.10623960,0E-8,0.000000,0.882572,0.000000,0.10317029,2026-03-23,2026-08-04,59,145,142,135,0.437037,1.181154,1.145380,0.658264,,,,,,,,GLOBAL_BASELINE_NO_ENTITY_RANKING,,,NOT_APPLICABLE_GLOBAL_BASELINE,HF9g-P5,,,,X 全窗基线 · 不参与实体赏罚,3926270,393,A168_HF9F_20260827_0900,2026-08-27 09:00:00
2026-07-20,139992598,2169,0,5.1635556244,-5.1635556244,-5.1635556244,0E-7,1,1,0.49324550000000000,0.493245500000,-0.9865810262130424,-0.9865810262130424,-0.9865810262130424,0E-17,ELIGIBLE,R03b_20260811_FULL_v1,L1_ELIGIBILITY,v2026-08-11,2026-03-21..2026-08-06,baccarat_bet02_101_all_pairs_incl_sentinel,round_win = game_pnl > 0 (decisive only),COMPATIBILITY_ONLY_NOT_PRODUCTION,2630.2504,2321.3866,-61.6618,319,311,0.02344331,0.10623960,0.00306931,0.02344331,61.6618,2630.2504,OK,0.0000,-2.4665,4.0000,96.0000,AG03-UNRESOLVED,ALL5_LEVELS_bet23_to_bet27,-2.4665,-2.4665,-2.4665,0.0000,0.0000,4.000000,4.000000,4.000000,0.000000,0.000000,96.000000,96.000000,96.000000,100.000000,100.000000,5.0,-7.3994,-7.1074,-54.2624,-54.5544,PENDING_AG03,FALSE,NOT_FOR_ENFORCEMENT,-59.1953,2228.5311,-61.6618,-59.1953,-2.4665,-0.02344331,-0.02250557,-2.4665,-59.1953,-0.02250557,-2.4665,-2.4665,-2.4665,0.0000,0.0000,-59.1953,-0.02250557,-7.3994,-7.1074,-54.2624,-54.5544,-0.02063011,-0.02074114,-0.00093773,8.2453,7.4643,-0.1983,-1.0451,-0.4253,44.5805,5.2712,9.4440,7.9956,5.1431,5.9381,10.3271,15.4111,20.018,25.7155,5.1891,0.0,3.371126,4.330608,1.388544,21,85,73,2,0.19747933,-0.02344331,-0.10623960,0E-8,0.000000,0.882572,0.000000,0.10317029,2026-03-23,2026-08-04,59,145,142,135,0.437037,1.181154,1.145380,0.658264,,,,,,,,GLOBAL_BASELINE_NO_ENTITY_RANKING,,,NOT_APPLICABLE_GLOBAL_BASELINE,HF9g-P5,,,,X 全窗基线 · 不参与实体赏罚,3926271,393,A168_HF9F_20260827_0900,2026-08-27 09:00:00
2026-07-20,139992598,2193,0,13.4252446234,-6.7126223117,-6.7126223117,0E-7,2,2,0.49324550000000000,0.493245500000,-0.9865810262130424,-0.9865810262130424,-0.9865810262130424,0E-17,ELIGIBLE,R03b_20260811_FULL_v1,L1_ELIGIBILITY,v2026-08-11,2026-03-21..2026-08-06,baccarat_bet02_101_all_pairs_incl_sentinel,round_win = game_pnl > 0 (decisive only),COMPATIBILITY_ONLY_NOT_PRODUCTION,2630.2504,2321.3866,-61.6618,319,311,0.02344331,0.10623960,0.00306931,0.02344331,61.6618,2630.2504,OK,0.0000,-2.4665,4.0000,96.0000,AG03-UNRESOLVED,ALL5_LEVELS_bet23_to_bet27,-2.4665,-2.4665,-2.4665,0.0000,0.0000,4.000000,4.000000,4.000000,0.000000,0.000000,96.000000,96.000000,96.000000,100.000000,100.000000,5.0,-7.3994,-7.1074,-54.2624,-54.5544,PENDING_AG03,FALSE,NOT_FOR_ENFORCEMENT,-59.1953,2228.5311,-61.6618,-59.1953,-2.4665,-0.02344331,-0.02250557,-2.4665,-59.1953,-0.02250557,-2.4665,-2.4665,-2.4665,0.0000,0.0000,-59.1953,-0.02250557,-7.3994,-7.1074,-54.2624,-54.5544,-0.02063011,-0.02074114,-0.00093773,8.2453,7.4643,-0.1983,-1.0451,-0.4253,44.5805,5.2712,9.4440,7.9956,5.1431,5.9381,10.3271,15.4111,20.018,25.7155,5.1891,0.0,3.371126,4.330608,1.388544,21,85,73,2,0.19747933,-0.02344331,-0.10623960,0E-8,0.000000,0.882572,0.000000,0.10317029,2026-03-23,2026-08-04,59,145,142,135,0.437037,1.181154,1.145380,0.658264,,,,,,,,GLOBAL_BASELINE_NO_ENTITY_RANKING,,,NOT_APPLICABLE_GLOBAL_BASELINE,HF9g-P5,,,,X 全窗基线 · 不参与实体赏罚,3926272,393,A168_HF9F_20260827_0900,2026-08-27 09:00:00
2026-07-25,139992598,2246,0,14.4579557483,14.4579557483,14.4579557483,1.0000000,1,1,0.49324550000000000,0.493245500000,1.01360149184955,1.01360149184955,1.01360149184955,0E-17,ELIGIBLE,R03b_20260811_FULL_v1,L1_ELIGIBILITY,v2026-08-11,2026-03-21..2026-08-06,baccarat_bet02_101_all_pairs_incl_sentinel,round_win = game_pnl > 0 (decisive only),COMPATIBILITY_ONLY_NOT_PRODUCTION,2630.2504,2321.3866,-61.6618,319,311,0.02344331,0.10623960,0.00306931,0.02344331,61.6618,2630.2504,OK,0.0000,-2.4665,4.0000,96.0000,AG03-UNRESOLVED,ALL5_LEVELS_bet23_to_bet27,-2.4665,-2.4665,-2.4665,0.0000,0.0000,4.000000,4.000000,4.000000,0.000000,0.000000,96.000000,96.000000,96.000000,100.000000,100.000000,5.0,-7.3994,-7.1074,-54.2624,-54.5544,PENDING_AG03,FALSE,NOT_FOR_ENFORCEMENT,-59.1953,2228.5311,-61.6618,-59.1953,-2.4665,-0.02344331,-0.02250557,-2.4665,-59.1953,-0.02250557,-2.4665,-2.4665,-2.4665,0.0000,0.0000,-59.1953,-0.02250557,-7.3994,-7.1074,-54.2624,-54.5544,-0.02063011,-0.02074114,-0.00093773,8.2453,7.4643,-0.1983,-1.0451,-0.4253,44.5805,5.2712,9.4440,7.9956,5.1431,5.9381,10.3271,15.4111,20.018,25.7155,5.1891,0.0,3.371126,4.330608,1.388544,21,85,73,2,0.19747933,-0.02344331,-0.10623960,0E-8,0.000000,0.882572,0.000000,0.10317029,2026-03-23,2026-08-04,59,145,142,135,0.437037,1.181154,1.145380,0.658264,,,,,,,,GLOBAL_BASELINE_NO_ENTITY_RANKING,,,NOT_APPLICABLE_GLOBAL_BASELINE,HF9g-P5,,,,X 全窗基线 · 不参与实体赏罚,3926273,393,A168_HF9F_20260827_0900,2026-08-27 09:00:00
2026-07-25,139992598,2251,0,7.7453334366,-7.7453334366,-7.7453334366,0E-7,1,1,0.49324550000000000,0.493245500000,-0.9865810262130424,-0.9865810262130424,-0.9865810262130424,0E-17,ELIGIBLE,R03b_20260811_FULL_v1,L1_ELIGIBILITY,v2026-08-11,2026-03-21..2026-08-06,baccarat_bet02_101_all_pairs_incl_sentinel,round_win = game_pnl > 0 (decisive only),COMPATIBILITY_ONLY_NOT_PRODUCTION,2630.2504,2321.3866,-61.6618,319,311,0.02344331,0.10623960,0.00306931,0.02344331,61.6618,2630.2504,OK,0.0000,-2.4665,4.0000,96.0000,AG03-UNRESOLVED,ALL5_LEVELS_bet23_to_bet27,-2.4665,-2.4665,-2.4665,0.0000,0.0000,4.000000,4.000000,4.000000,0.000000,0.000000,96.000000,96.000000,96.000000,100.000000,100.000000,5.0,-7.3994,-7.1074,-54.2624,-54.5544,PENDING_AG03,FALSE,NOT_FOR_ENFORCEMENT,-59.1953,2228.5311,-61.6618,-59.1953,-2.4665,-0.02344331,-0.02250557,-2.4665,-59.1953,-0.02250557,-2.4665,-2.4665,-2.4665,0.0000,0.0000,-59.1953,-0.02250557,-7.3994,-7.1074,-54.2624,-54.5544,-0.02063011,-0.02074114,-0.00093773,8.2453,7.4643,-0.1983,-1.0451,-0.4253,44.5805,5.2712,9.4440,7.9956,5.1431,5.9381,10.3271,15.4111,20.018,25.7155,5.1891,0.0,3.371126,4.330608,1.388544,21,85,73,2,0.19747933,-0.02344331,-0.10623960,0E-8,0.000000,0.882572,0.000000,0.10317029,2026-03-23,2026-08-04,59,145,142,135,0.437037,1.181154,1.145380,0.658264,,,,,,,,GLOBAL_BASELINE_NO_ENTITY_RANKING,,,NOT_APPLICABLE_GLOBAL_BASELINE,HF9g-P5,,,,X 全窗基线 · 不参与实体赏罚,3926274,393,A168_HF9F_20260827_0900,2026-08-27 09:00:00
2026-07-25,139992598,2252,0,2.5817778122,2.5817778122,2.5817778122,1.0000000,1,1,0.49324550000000000,0.493245500000,1.01360149184955,1.01360149184955,1.01360149184955,0E-17,ELIGIBLE,R03b_20260811_FULL_v1,L1_ELIGIBILITY,v2026-08-11,2026-03-21..2026-08-06,baccarat_bet02_101_all_pairs_incl_sentinel,round_win = game_pnl > 0 (decisive only),COMPATIBILITY_ONLY_NOT_PRODUCTION,2630.2504,2321.3866,-61.6618,319,311,0.02344331,0.10623960,0.00306931,0.02344331,61.6618,2630.2504,OK,0.0000,-2.4665,4.0000,96.0000,AG03-UNRESOLVED,ALL5_LEVELS_bet23_to_bet27,-2.4665,-2.4665,-2.4665,0.0000,0.0000,4.000000,4.000000,4.000000,0.000000,0.000000,96.000000,96.000000,96.000000,100.000000,100.000000,5.0,-7.3994,-7.1074,-54.2624,-54.5544,PENDING_AG03,FALSE,NOT_FOR_ENFORCEMENT,-59.1953,2228.5311,-61.6618,-59.1953,-2.4665,-0.02344331,-0.02250557,-2.4665,-59.1953,-0.02250557,-2.4665,-2.4665,-2.4665,0.0000,0.0000,-59.1953,-0.02250557,-7.3994,-7.1074,-54.2624,-54.5544,-0.02063011,-0.02074114,-0.00093773,8.2453,7.4643,-0.1983,-1.0451,-0.4253,44.5805,5.2712,9.4440,7.9956,5.1431,5.9381,10.3271,15.4111,20.018,25.7155,5.1891,0.0,3.371126,4.330608,1.388544,21,85,73,2,0.19747933,-0.02344331,-0.10623960,0E-8,0.000000,0.882572,0.000000,0.10317029,2026-03-23,2026-08-04,59,145,142,135,0.437037,1.181154,1.145380,0.658264,,,,,,,,GLOBAL_BASELINE_NO_ENTITY_RANKING,,,NOT_APPLICABLE_GLOBAL_BASELINE,HF9g-P5,,,,X 全窗基线 · 不参与实体赏罚,3926275,393,A168_HF9F_20260827_0900,2026-08-27 09:00:00
2026-07-31,139992598,1331,0,35.1121782459,8.8296801177,8.8296801177,0.6666667,3,3,0.49771390000000000,0.497713900000,0.5852756695216578,0.5852756695216578,0.5852756695216578,0E-17,ELIGIBLE,R03b_20260811_FULL_v1,L1_ELIGIBILITY,v2026-08-11,2026-03-21..2026-08-06,baccarat_bet02_101_all_pairs_incl_sentinel,round_win = game_pnl > 0 (decisive only),COMPATIBILITY_ONLY_NOT_PRODUCTION,2630.2504,2321.3866,-61.6618,319,311,0.02344331,0.10623960,0.00306931,0.02344331,61.6618,2630.2504,OK,0.0000,-2.4665,4.0000,96.0000,AG03-UNRESOLVED,ALL5_LEVELS_bet23_to_bet27,-2.4665,-2.4665,-2.4665,0.0000,0.0000,4.000000,4.000000,4.000000,0.000000,0.000000,96.000000,96.000000,96.000000,100.000000,100.000000,5.0,-7.3994,-7.1074,-54.2624,-54.5544,PENDING_AG03,FALSE,NOT_FOR_ENFORCEMENT,-59.1953,2228.5311,-61.6618,-59.1953,-2.4665,-0.02344331,-0.02250557,-2.4665,-59.1953,-0.02250557,-2.4665,-2.4665,-2.4665,0.0000,0.0000,-59.1953,-0.02250557,-7.3994,-7.1074,-54.2624,-54.5544,-0.02063011,-0.02074114,-0.00093773,8.2453,7.4643,-0.1983,-1.0451,-0.4253,44.5805,5.2712,9.4440,7.9956,5.1431,5.9381,10.3271,15.4111,20.018,25.7155,5.1891,0.0,3.371126,4.330608,1.388544,21,85,73,2,0.19747933,-0.02344331,-0.10623960,0E-8,0.000000,0.882572,0.000000,0.10317029,2026-03-23,2026-08-04,59,145,142,135,0.437037,1.181154,1.145380,0.658264,,,,,,,,GLOBAL_BASELINE_NO_ENTITY_RANKING,,,NOT_APPLICABLE_GLOBAL_BASELINE,HF9g-P5,,,,X 全窗基线 · 不参与实体赏罚,3926276,393,A168_HF9F_20260827_0900,2026-08-27 09:00:00
2026-08-02,139992598,2152,0,63.4423239926,16.8237741762,16.8237741762,0.5555556,9,9,0.49622443333333333,0.496224433333,0.35599688288054965,0.35599688288255155,0.35599688288054965,3.3333E-13,ELIGIBLE,R03b_20260811_FULL_v1,L1_ELIGIBILITY,v2026-08-11,2026-03-21..2026-08-06,baccarat_bet02_101_all_pairs_incl_sentinel,round_win = game_pnl > 0 (decisive only),COMPATIBILITY_ONLY_NOT_PRODUCTION,2630.2504,2321.3866,-61.6618,319,311,0.02344331,0.10623960,0.00306931,0.02344331,61.6618,2630.2504,OK,0.0000,-2.4665,4.0000,96.0000,AG03-UNRESOLVED,ALL5_LEVELS_bet23_to_bet27,-2.4665,-2.4665,-2.4665,0.0000,0.0000,4.000000,4.000000,4.000000,0.000000,0.000000,96.000000,96.000000,96.000000,100.000000,100.000000,5.0,-7.3994,-7.1074,-54.2624,-54.5544,PENDING_AG03,FALSE,NOT_FOR_ENFORCEMENT,-59.1953,2228.5311,-61.6618,-59.1953,-2.4665,-0.02344331,-0.02250557,-2.4665,-59.1953,-0.02250557,-2.4665,-2.4665,-2.4665,0.0000,0.0000,-59.1953,-0.02250557,-7.3994,-7.1074,-54.2624,-54.5544,-0.02063011,-0.02074114,-0.00093773,8.2453,7.4643,-0.1983,-1.0451,-0.4253,44.5805,5.2712,9.4440,7.9956,5.1431,5.9381,10.3271,15.4111,20.018,25.7155,5.1891,0.0,3.371126,4.330608,1.388544,21,85,73,2,0.19747933,-0.02344331,-0.10623960,0E-8,0.000000,0.882572,0.000000,0.10317029,2026-03-23,2026-08-04,59,145,142,135,0.437037,1.181154,1.145380,0.658264,,,,,,,,GLOBAL_BASELINE_NO_ENTITY_RANKING,,,NOT_APPLICABLE_GLOBAL_BASELINE,HF9g-P5,,,,X 全窗基线 · 不参与实体赏罚,3926277,393,A168_HF9F_20260827_0900,2026-08-27 09:00:00
2026-08-02,139992598,2281,0,5.1370302828,-5.1370302828,-5.1370302828,0E-7,1,1,0.49324550000000000,0.493245500000,-0.9865810262130424,-0.9865810262130424,-0.9865810262130424,0E-17,ELIGIBLE,R03b_20260811_FULL_v1,L1_ELIGIBILITY,v2026-08-11,2026-03-21..2026-08-06,baccarat_bet02_101_all_pairs_incl_sentinel,round_win = game_pnl > 0 (decisive only),COMPATIBILITY_ONLY_NOT_PRODUCTION,2630.2504,2321.3866,-61.6618,319,311,0.02344331,0.10623960,0.00306931,0.02344331,61.6618,2630.2504,OK,0.0000,-2.4665,4.0000,96.0000,AG03-UNRESOLVED,ALL5_LEVELS_bet23_to_bet27,-2.4665,-2.4665,-2.4665,0.0000,0.0000,4.000000,4.000000,4.000000,0.000000,0.000000,96.000000,96.000000,96.000000,100.000000,100.000000,5.0,-7.3994,-7.1074,-54.2624,-54.5544,PENDING_AG03,FALSE,NOT_FOR_ENFORCEMENT,-59.1953,2228.5311,-61.6618,-59.1953,-2.4665,-0.02344331,-0.02250557,-2.4665,-59.1953,-0.02250557,-2.4665,-2.4665,-2.4665,0.0000,0.0000,-59.1953,-0.02250557,-7.3994,-7.1074,-54.2624,-54.5544,-0.02063011,-0.02074114,-0.00093773,8.2453,7.4643,-0.1983,-1.0451,-0.4253,44.5805,5.2712,9.4440,7.9956,5.1431,5.9381,10.3271,15.4111,20.018,25.7155,5.1891,0.0,3.371126,4.330608,1.388544,21,85,73,2,0.19747933,-0.02344331,-0.10623960,0E-8,0.000000,0.882572,0.000000,0.10317029,2026-03-23,2026-08-04,59,145,142,135,0.437037,1.181154,1.145380,0.658264,,,,,,,,GLOBAL_BASELINE_NO_ENTITY_RANKING,,,NOT_APPLICABLE_GLOBAL_BASELINE,HF9g-P5,,,,X 全窗基线 · 不参与实体赏罚,3926278,393,A168_HF9F_20260827_0900,2026-08-27 09:00:00
2026-08-03,139992598,2141,0,10.2740605656,9.7603575374,9.7603575374,1.0000000,2,2,0.50665070000000000,0.506650700000,1.3955260008387969,1.3955260008387969,1.3955260008387969,0E-17,ELIGIBLE,R03b_20260811_FULL_v1,L1_ELIGIBILITY,v2026-08-11,2026-03-21..2026-08-06,baccarat_bet02_101_all_pairs_incl_sentinel,round_win = game_pnl > 0 (decisive only),COMPATIBILITY_ONLY_NOT_PRODUCTION,2630.2504,2321.3866,-61.6618,319,311,0.02344331,0.10623960,0.00306931,0.02344331,61.6618,2630.2504,OK,0.0000,-2.4665,4.0000,96.0000,AG03-UNRESOLVED,ALL5_LEVELS_bet23_to_bet27,-2.4665,-2.4665,-2.4665,0.0000,0.0000,4.000000,4.000000,4.000000,0.000000,0.000000,96.000000,96.000000,96.000000,100.000000,100.000000,5.0,-7.3994,-7.1074,-54.2624,-54.5544,PENDING_AG03,FALSE,NOT_FOR_ENFORCEMENT,-59.1953,2228.5311,-61.6618,-59.1953,-2.4665,-0.02344331,-0.02250557,-2.4665,-59.1953,-0.02250557,-2.4665,-2.4665,-2.4665,0.0000,0.0000,-59.1953,-0.02250557,-7.3994,-7.1074,-54.2624,-54.5544,-0.02063011,-0.02074114,-0.00093773,8.2453,7.4643,-0.1983,-1.0451,-0.4253,44.5805,5.2712,9.4440,7.9956,5.1431,5.9381,10.3271,15.4111,20.018,25.7155,5.1891,0.0,3.371126,4.330608,1.388544,21,85,73,2,0.19747933,-0.02344331,-0.10623960,0E-8,0.000000,0.882572,0.000000,0.10317029,2026-03-23,2026-08-04,59,145,142,135,0.437037,1.181154,1.145380,0.658264,,,,,,,,GLOBAL_BASELINE_NO_ENTITY_RANKING,,,NOT_APPLICABLE_GLOBAL_BASELINE,HF9g-P5,,,,X 全窗基线 · 不参与实体赏罚,3926279,393,A168_HF9F_20260827_0900,2026-08-27 09:00:00
2026-08-04,139992598,1704,0,6.1644363394,-6.1644363394,-6.1644363394,0E-7,1,1,0.50665070000000000,0.506650700000,-1.013391052207602,-1.013391052207602,-1.013391052207602,0E-17,ELIGIBLE,R03b_20260811_FULL_v1,L1_ELIGIBILITY,v2026-08-11,2026-03-21..2026-08-06,baccarat_bet02_101_all_pairs_incl_sentinel,round_win = game_pnl > 0 (decisive only),COMPATIBILITY_ONLY_NOT_PRODUCTION,2630.2504,2321.3866,-61.6618,319,311,0.02344331,0.10623960,0.00306931,0.02344331,61.6618,2630.2504,OK,0.0000,-2.4665,4.0000,96.0000,AG03-UNRESOLVED,ALL5_LEVELS_bet23_to_bet27,-2.4665,-2.4665,-2.4665,0.0000,0.0000,4.000000,4.000000,4.000000,0.000000,0.000000,96.000000,96.000000,96.000000,100.000000,100.000000,5.0,-7.3994,-7.1074,-54.2624,-54.5544,PENDING_AG03,FALSE,NOT_FOR_ENFORCEMENT,-59.1953,2228.5311,-61.6618,-59.1953,-2.4665,-0.02344331,-0.02250557,-2.4665,-59.1953,-0.02250557,-2.4665,-2.4665,-2.4665,0.0000,0.0000,-59.1953,-0.02250557,-7.3994,-7.1074,-54.2624,-54.5544,-0.02063011,-0.02074114,-0.00093773,8.2453,7.4643,-0.1983,-1.0451,-0.4253,44.5805,5.2712,9.4440,7.9956,5.1431,5.9381,10.3271,15.4111,20.018,25.7155,5.1891,0.0,3.371126,4.330608,1.388544,21,85,73,2,0.19747933,-0.02344331,-0.10623960,0E-8,0.000000,0.882572,0.000000,0.10317029,2026-03-23,2026-08-04,59,145,142,135,0.437037,1.181154,1.145380,0.658264,,,,,,,,GLOBAL_BASELINE_NO_ENTITY_RANKING,,,NOT_APPLICABLE_GLOBAL_BASELINE,HF9g-P5,,,,X 全窗基线 · 不参与实体赏罚,3926280,393,A168_HF9F_20260827_0900,2026-08-27 09:00:00
2026-08-04,139992598,2123,0,66.0108391340,15.1542393343,15.1542393343,0.6666667,5,3,0.49939070164948749,0.502182300000,0.5794613708335671,0.5697959874915164,0.5794613708335671,-0.00279159835051251,ELIGIBLE,R03b_20260811_FULL_v1,L1_ELIGIBILITY,v2026-08-11,2026-03-21..2026-08-06,baccarat_bet02_101_all_pairs_incl_sentinel,round_win = game_pnl > 0 (decisive only),COMPATIBILITY_ONLY_NOT_PRODUCTION,2630.2504,2321.3866,-61.6618,319,311,0.02344331,0.10623960,0.00306931,0.02344331,61.6618,2630.2504,OK,0.0000,-2.4665,4.0000,96.0000,AG03-UNRESOLVED,ALL5_LEVELS_bet23_to_bet27,-2.4665,-2.4665,-2.4665,0.0000,0.0000,4.000000,4.000000,4.000000,0.000000,0.000000,96.000000,96.000000,96.000000,100.000000,100.000000,5.0,-7.3994,-7.1074,-54.2624,-54.5544,PENDING_AG03,FALSE,NOT_FOR_ENFORCEMENT,-59.1953,2228.5311,-61.6618,-59.1953,-2.4665,-0.02344331,-0.02250557,-2.4665,-59.1953,-0.02250557,-2.4665,-2.4665,-2.4665,0.0000,0.0000,-59.1953,-0.02250557,-7.3994,-7.1074,-54.2624,-54.5544,-0.02063011,-0.02074114,-0.00093773,8.2453,7.4643,-0.1983,-1.0451,-0.4253,44.5805,5.2712,9.4440,7.9956,5.1431,5.9381,10.3271,15.4111,20.018,25.7155,5.1891,0.0,3.371126,4.330608,1.388544,21,85,73,2,0.19747933,-0.02344331,-0.10623960,0E-8,0.000000,0.882572,0.000000,0.10317029,2026-03-23,2026-08-04,59,145,142,135,0.437037,1.181154,1.145380,0.658264,,,,,,,,GLOBAL_BASELINE_NO_ENTITY_RANKING,,,NOT_APPLICABLE_GLOBAL_BASELINE,HF9g-P5,,,,X 全窗基线 · 不参与实体赏罚,3926281,393,A168_HF9F_20260827_0900,2026-08-27 09:00:00
2026-08-04,139992598,2169,0,71.9184239592,4.6233272545,4.6233272545,0.5000000,8,5,0.50046515771428571,0.499948100000,-0.0018606316623190828,0.00020760000111838688,-0.0018606316623190828,0.00051705771428571,ELIGIBLE,R03b_20260811_FULL_v1,L1_ELIGIBILITY,v2026-08-11,2026-03-21..2026-08-06,baccarat_bet02_101_all_pairs_incl_sentinel,round_win = game_pnl > 0 (decisive only),COMPATIBILITY_ONLY_NOT_PRODUCTION,2630.2504,2321.3866,-61.6618,319,311,0.02344331,0.10623960,0.00306931,0.02344331,61.6618,2630.2504,OK,0.0000,-2.4665,4.0000,96.0000,AG03-UNRESOLVED,ALL5_LEVELS_bet23_to_bet27,-2.4665,-2.4665,-2.4665,0.0000,0.0000,4.000000,4.000000,4.000000,0.000000,0.000000,96.000000,96.000000,96.000000,100.000000,100.000000,5.0,-7.3994,-7.1074,-54.2624,-54.5544,PENDING_AG03,FALSE,NOT_FOR_ENFORCEMENT,-59.1953,2228.5311,-61.6618,-59.1953,-2.4665,-0.02344331,-0.02250557,-2.4665,-59.1953,-0.02250557,-2.4665,-2.4665,-2.4665,0.0000,0.0000,-59.1953,-0.02250557,-7.3994,-7.1074,-54.2624,-54.5544,-0.02063011,-0.02074114,-0.00093773,8.2453,7.4643,-0.1983,-1.0451,-0.4253,44.5805,5.2712,9.4440,7.9956,5.1431,5.9381,10.3271,15.4111,20.018,25.7155,5.1891,0.0,3.371126,4.330608,1.388544,21,85,73,2,0.19747933,-0.02344331,-0.10623960,0E-8,0.000000,0.882572,0.000000,0.10317029,2026-03-23,2026-08-04,59,145,142,135,0.437037,1.181154,1.145380,0.658264,,,,,,,,GLOBAL_BASELINE_NO_ENTITY_RANKING,,,NOT_APPLICABLE_GLOBAL_BASELINE,HF9g-P5,,,,X 全窗基线 · 不参与实体赏罚,3926282,393,A168_HF9F_20260827_0900,2026-08-27 09:00:00
2026-08-04,139992598,2252,0,66.7813936764,-36.2160634937,-36.2160634937,0E-7,5,3,0.50233124666666667,0.502182300000,-1.4208227672858051,-1.4203995680682369,-1.4208227672858051,0.00014894666666667,ELIGIBLE,R03b_20260811_FULL_v1,L1_ELIGIBILITY,v2026-08-11,2026-03-21..2026-08-06,baccarat_bet02_101_all_pairs_incl_sentinel,round_win = game_pnl > 0 (decisive only),COMPATIBILITY_ONLY_NOT_PRODUCTION,2630.2504,2321.3866,-61.6618,319,311,0.02344331,0.10623960,0.00306931,0.02344331,61.6618,2630.2504,OK,0.0000,-2.4665,4.0000,96.0000,AG03-UNRESOLVED,ALL5_LEVELS_bet23_to_bet27,-2.4665,-2.4665,-2.4665,0.0000,0.0000,4.000000,4.000000,4.000000,0.000000,0.000000,96.000000,96.000000,96.000000,100.000000,100.000000,5.0,-7.3994,-7.1074,-54.2624,-54.5544,PENDING_AG03,FALSE,NOT_FOR_ENFORCEMENT,-59.1953,2228.5311,-61.6618,-59.1953,-2.4665,-0.02344331,-0.02250557,-2.4665,-59.1953,-0.02250557,-2.4665,-2.4665,-2.4665,0.0000,0.0000,-59.1953,-0.02250557,-7.3994,-7.1074,-54.2624,-54.5544,-0.02063011,-0.02074114,-0.00093773,8.2453,7.4643,-0.1983,-1.0451,-0.4253,44.5805,5.2712,9.4440,7.9956,5.1431,5.9381,10.3271,15.4111,20.018,25.7155,5.1891,0.0,3.371126,4.330608,1.388544,21,85,73,2,0.19747933,-0.02344331,-0.10623960,0E-8,0.000000,0.882572,0.000000,0.10317029,2026-03-23,2026-08-04,59,145,142,135,0.437037,1.181154,1.145380,0.658264,,,,,,,,GLOBAL_BASELINE_NO_ENTITY_RANKING,,,NOT_APPLICABLE_GLOBAL_BASELINE,HF9g-P5,,,,X 全窗基线 · 不参与实体赏罚,3926283,393,A168_HF9F_20260827_0900,2026-08-27 09:00:00
2026-08-04,139992598,994,0,66.7813936764,24.1440423292,24.1440423292,0.7500000,5,4,0.49911027500000000,0.498272450000,1.0035604888594503,1.0069162101578184,1.0035604888594503,0.00083782500000000,ELIGIBLE,R03b_20260811_FULL_v1,L1_ELIGIBILITY,v2026-08-11,2026-03-21..2026-08-06,baccarat_bet02_101_all_pairs_incl_sentinel,round_win = game_pnl > 0 (decisive only),COMPATIBILITY_ONLY_NOT_PRODUCTION,2630.2504,2321.3866,-61.6618,319,311,0.02344331,0.10623960,0.00306931,0.02344331,61.6618,2630.2504,OK,0.0000,-2.4665,4.0000,96.0000,AG03-UNRESOLVED,ALL5_LEVELS_bet23_to_bet27,-2.4665,-2.4665,-2.4665,0.0000,0.0000,4.000000,4.000000,4.000000,0.000000,0.000000,96.000000,96.000000,96.000000,100.000000,100.000000,5.0,-7.3994,-7.1074,-54.2624,-54.5544,PENDING_AG03,FALSE,NOT_FOR_ENFORCEMENT,-59.1953,2228.5311,-61.6618,-59.1953,-2.4665,-0.02344331,-0.02250557,-2.4665,-59.1953,-0.02250557,-2.4665,-2.4665,-2.4665,0.0000,0.0000,-59.1953,-0.02250557,-7.3994,-7.1074,-54.2624,-54.5544,-0.02063011,-0.02074114,-0.00093773,8.2453,7.4643,-0.1983,-1.0451,-0.4253,44.5805,5.2712,9.4440,7.9956,5.1431,5.9381,10.3271,15.4111,20.018,25.7155,5.1891,0.0,3.371126,4.330608,1.388544,21,85,73,2,0.19747933,-0.02344331,-0.10623960,0E-8,0.000000,0.882572,0.000000,0.10317029,2026-03-23,2026-08-04,59,145,142,135,0.437037,1.181154,1.145380,0.658264,,,,,,,,GLOBAL_BASELINE_NO_ENTITY_RANKING,,,NOT_APPLICABLE_GLOBAL_BASELINE,HF9g-P5,,,,X 全窗基线 · 不参与实体赏罚,3926284,393,A168_HF9F_20260827_0900,2026-08-27 09:00:00
2026-03-31,148016708,1325,0,26.3317270980,25.0151407431,25.0151407431,1.0000000,1,1,0.50665070000000000,0.506650700000,0.9867858985152569,0.9867858985152569,0.9867858985152569,0E-17,ELIGIBLE,R03b_20260811_FULL_v1,L1_ELIGIBILITY,v2026-08-11,2026-03-21..2026-08-06,baccarat_bet02_101_all_pairs_incl_sentinel,round_win = game_pnl > 0 (decisive only),COMPATIBILITY_ONLY_NOT_PRODUCTION,62.9781,62.9781,-61.6615,2,2,0.97909452,,0.97909452,0.97909452,61.6615,62.9781,THIN_EXPOSURE,0.0000,-2.4665,4.0000,96.0000,AG03-UNRESOLVED,ALL5_LEVELS_bet23_to_bet27,-2.4665,-2.4665,-3.0831,-3.0831,-3.0831,4.000000,4.000000,5.000000,5.000000,5.000000,96.000000,96.000000,95.000000,95.000000,95.000000,5.0,-14.1821,-12.9392,-47.4793,-48.7222,PENDING_AG03,FALSE,NOT_FOR_ENFORCEMENT,-59.1950,60.4589,-61.6615,-59.1950,-2.4665,-0.97909452,-0.93993074,-2.4665,-59.1950,-0.93993074,-2.4665,-2.4665,-3.0831,-3.0831,-3.0831,-59.1950,-0.93993074,-14.1821,-12.9392,-47.4793,-48.7222,-0.75390278,-0.7736382,-0.03916378,31.4890,31.4890,-30.8307,-30.8307,-30.8307,31.4890,1.0000,,31.4890,26.3317,31.489,36.6463,36.6463,36.6463,36.6463,31.489,30.8307,1.163781,1.163781,1.0,2,2,2,2,0E-8,-0.97909452,,0E-8,0.000000,1.000000,0.000000,,2026-03-31,2026-04-01,2,2,2,2,1.000000,,,0.000000,,,,,,,,GLOBAL_BASELINE_NO_ENTITY_RANKING,,,NOT_APPLICABLE_GLOBAL_BASELINE,HF9g-P5,,,,X 全窗基线 · 不参与实体赏罚,3926285,393,A168_HF9F_20260827_0900,2026-08-27 09:00:00
2026-04-01,148016708,994,0,36.6463366751,36.6463366751,36.6463366751,1.0000000,1,1,0.49324550000000000,0.493245500000,1.01360149184955,1.01360149184955,1.01360149184955,0E-17,ELIGIBLE,R03b_20260811_FULL_v1,L1_ELIGIBILITY,v2026-08-11,2026-03-21..2026-08-06,baccarat_bet02_101_all_pairs_incl_sentinel,round_win = game_pnl > 0 (decisive only),COMPATIBILITY_ONLY_NOT_PRODUCTION,62.9781,62.9781,-61.6615,2,2,0.97909452,,0.97909452,0.97909452,61.6615,62.9781,THIN_EXPOSURE,0.0000,-2.4665,4.0000,96.0000,AG03-UNRESOLVED,ALL5_LEVELS_bet23_to_bet27,-2.4665,-2.4665,-3.0831,-3.0831,-3.0831,4.000000,4.000000,5.000000,5.000000,5.000000,96.000000,96.000000,95.000000,95.000000,95.000000,5.0,-14.1821,-12.9392,-47.4793,-48.7222,PENDING_AG03,FALSE,NOT_FOR_ENFORCEMENT,-59.1950,60.4589,-61.6615,-59.1950,-2.4665,-0.97909452,-0.93993074,-2.4665,-59.1950,-0.93993074,-2.4665,-2.4665,-3.0831,-3.0831,-3.0831,-59.1950,-0.93993074,-14.1821,-12.9392,-47.4793,-48.7222,-0.75390278,-0.7736382,-0.03916378,31.4890,31.4890,-30.8307,-30.8307,-30.8307,31.4890,1.0000,,31.4890,26.3317,31.489,36.6463,36.6463,36.6463,36.6463,31.489,30.8307,1.163781,1.163781,1.0,2,2,2,2,0E-8,-0.97909452,,0E-8,0.000000,1.000000,0.000000,,2026-03-31,2026-04-01,2,2,2,2,1.000000,,,0.000000,,,,,,,,GLOBAL_BASELINE_NO_ENTITY_RANKING,,,NOT_APPLICABLE_GLOBAL_BASELINE,HF9g-P5,,,,X 全窗基线 · 不参与实体赏罚,3926286,393,A168_HF9F_20260827_0900,2026-08-27 09:00:00
2026-03-23,142551342,2177,0,284.3826526584,32.9146588724,32.9146588724,0.5000000,17,17,0.49955382941176471,0.499553829412,0.003338836283776176,0.0033388362820154253,0.003338836283776176,-2.3529E-13,ELIGIBLE,R03b_20260811_FULL_v1,L1_ELIGIBILITY,v2026-08-11,2026-03-21..2026-08-06,baccarat_bet02_101_all_pairs_incl_sentinel,round_win = game_pnl > 0 (decisive only),COMPATIBILITY_ONLY_NOT_PRODUCTION,12470.6995,11457.4562,-61.6609,355,355,0.00494446,,0.00494446,0.00494446,61.6609,12470.6995,OK,0.0000,-2.4664,4.0000,96.0000,AG03-UNRESOLVED,ALL5_LEVELS_bet23_to_bet27,-2.4664,-2.4664,-3.0830,-3.0830,-3.0830,4.000000,4.000000,5.000000,5.000000,5.000000,96.000000,96.000000,95.000000,95.000000,95.000000,5.0,-14.1820,-12.9391,-47.4789,-48.7217,PENDING_AG03,FALSE,NOT_FOR_ENFORCEMENT,-59.1944,10999.1580,-61.6609,-59.1944,-2.4664,-0.00494446,-0.00474668,-2.4664,-59.1944,-0.00474668,-2.4664,-2.4664,-3.0830,-3.0830,-3.0830,-59.1944,-0.00474668,-14.1820,-12.9391,-47.4789,-48.7217,-0.00380723,-0.0039069,-0.00019778,35.1287,32.2745,-0.1737,-4.4043,-1.3702,890.7643,25.3571,,35.1287,12.8865,26.176,45.907,67.4589,99.6939,180.8197,25.9457,0.0,3.808605,6.907853,1.342023,15,40,21,2,0E-8,-0.00494446,,0E-8,0.000000,0.918750,0.000000,,2026-03-23,2026-06-05,14,45,39,75,0.186667,,,0.000000,,,,,,,,GLOBAL_BASELINE_NO_ENTITY_RANKING,,,NOT_APPLICABLE_GLOBAL_BASELINE,HF9g-P5,,,,X 全窗基线 · 不参与实体赏罚,3926287,393,A168_HF9F_20260827_0900,2026-08-27 09:00:00
2026-03-23,142551342,2235,0,234.3523711720,-95.7158280012,-95.7158280012,0.3333333,3,3,0.50218230000000000,0.502182300000,-0.5849155494134425,-0.5849155494134426,-0.5849155494134425,0E-17,ELIGIBLE,R03b_20260811_FULL_v1,L1_ELIGIBILITY,v2026-08-11,2026-03-21..2026-08-06,baccarat_bet02_101_all_pairs_incl_sentinel,round_win = game_pnl > 0 (decisive only),COMPATIBILITY_ONLY_NOT_PRODUCTION,12470.6995,11457.4562,-61.6609,355,355,0.00494446,,0.00494446,0.00494446,61.6609,12470.6995,OK,0.0000,-2.4664,4.0000,96.0000,AG03-UNRESOLVED,ALL5_LEVELS_bet23_to_bet27,-2.4664,-2.4664,-3.0830,-3.0830,-3.0830,4.000000,4.000000,5.000000,5.000000,5.000000,96.000000,96.000000,95.000000,95.000000,95.000000,5.0,-14.1820,-12.9391,-47.4789,-48.7217,PENDING_AG03,FALSE,NOT_FOR_ENFORCEMENT,-59.1944,10999.1580,-61.6609,-59.1944,-2.4664,-0.00494446,-0.00474668,-2.4664,-59.1944,-0.00474668,-2.4664,-2.4664,-3.0830,-3.0830,-3.0830,-59.1944,-0.00474668,-14.1820,-12.9391,-47.4789,-48.7217,-0.00380723,-0.0039069,-0.00019778,35.1287,32.2745,-0.1737,-4.4043,-1.3702,890.7643,25.3571,,35.1287,12.8865,26.176,45.907,67.4589,99.6939,180.8197,25.9457,0.0,3.808605,6.907853,1.342023,15,40,21,2,0E-8,-0.00494446,,0E-8,0.000000,0.918750,0.000000,,2026-03-23,2026-06-05,14,45,39,75,0.186667,,,0.000000,,,,,,,,GLOBAL_BASELINE_NO_ENTITY_RANKING,,,NOT_APPLICABLE_GLOBAL_BASELINE,HF9g-P5,,,,X 全窗基线 · 不参与实体赏罚,3926288,393,A168_HF9F_20260827_0900,2026-08-27 09:00:00
2026-03-24,142551342,1299,0,10.5326908392,-10.5326908392,-10.5326908392,0E-7,1,1,0.49324550000000000,0.493245500000,-0.9865810262130424,-0.9865810262130424,-0.9865810262130424,0E-17,ELIGIBLE,R03b_20260811_FULL_v1,L1_ELIGIBILITY,v2026-08-11,2026-03-21..2026-08-06,baccarat_bet02_101_all_pairs_incl_sentinel,round_win = game_pnl > 0 (decisive only),COMPATIBILITY_ONLY_NOT_PRODUCTION,12470.6995,11457.4562,-61.6609,355,355,0.00494446,,0.00494446,0.00494446,61.6609,12470.6995,OK,0.0000,-2.4664,4.0000,96.0000,AG03-UNRESOLVED,ALL5_LEVELS_bet23_to_bet27,-2.4664,-2.4664,-3.0830,-3.0830,-3.0830,4.000000,4.000000,5.000000,5.000000,5.000000,96.000000,96.000000,95.000000,95.000000,95.000000,5.0,-14.1820,-12.9391,-47.4789,-48.7217,PENDING_AG03,FALSE,NOT_FOR_ENFORCEMENT,-59.1944,10999.1580,-61.6609,-59.1944,-2.4664,-0.00494446,-0.00474668,-2.4664,-59.1944,-0.00474668,-2.4664,-2.4664,-3.0830,-3.0830,-3.0830,-59.1944,-0.00474668,-14.1820,-12.9391,-47.4789,-48.7217,-0.00380723,-0.0039069,-0.00019778,35.1287,32.2745,-0.1737,-4.4043,-1.3702,890.7643,25.3571,,35.1287,12.8865,26.176,45.907,67.4589,99.6939,180.8197,25.9457,0.0,3.808605,6.907853,1.342023,15,40,21,2,0E-8,-0.00494446,,0E-8,0.000000,0.918750,0.000000,,2026-03-23,2026-06-05,14,45,39,75,0.186667,,,0.000000,,,,,,,,GLOBAL_BASELINE_NO_ENTITY_RANKING,,,NOT_APPLICABLE_GLOBAL_BASELINE,HF9g-P5,,,,X 全窗基线 · 不参与实体赏罚,3926289,393,A168_HF9F_20260827_0900,2026-08-27 09:00:00
2026-03-24,142551342,2145,0,360.7446612425,-173.7893988468,-173.7893988468,0.3750000,10,10,0.50531018000000000,0.505310180000,-0.7371872710879901,-0.7371872710879901,-0.7371872710879901,0E-17,ELIGIBLE,R03b_20260811_FULL_v1,L1_ELIGIBILITY,v2026-08-11,2026-03-21..2026-08-06,baccarat_bet02_101_all_pairs_incl_sentinel,round_win = game_pnl > 0 (decisive only),COMPATIBILITY_ONLY_NOT_PRODUCTION,12470.6995,11457.4562,-61.6609,355,355,0.00494446,,0.00494446,0.00494446,61.6609,12470.6995,OK,0.0000,-2.4664,4.0000,96.0000,AG03-UNRESOLVED,ALL5_LEVELS_bet23_to_bet27,-2.4664,-2.4664,-3.0830,-3.0830,-3.0830,4.000000,4.000000,5.000000,5.000000,5.000000,96.000000,96.000000,95.000000,95.000000,95.000000,5.0,-14.1820,-12.9391,-47.4789,-48.7217,PENDING_AG03,FALSE,NOT_FOR_ENFORCEMENT,-59.1944,10999.1580,-61.6609,-59.1944,-2.4664,-0.00494446,-0.00474668,-2.4664,-59.1944,-0.00474668,-2.4664,-2.4664,-3.0830,-3.0830,-3.0830,-59.1944,-0.00474668,-14.1820,-12.9391,-47.4789,-48.7217,-0.00380723,-0.0039069,-0.00019778,35.1287,32.2745,-0.1737,-4.4043,-1.3702,890.7643,25.3571,,35.1287,12.8865,26.176,45.907,67.4589,99.6939,180.8197,25.9457,0.0,3.808605,6.907853,1.342023,15,40,21,2,0E-8,-0.00494446,,0E-8,0.000000,0.918750,0.000000,,2026-03-23,2026-06-05,14,45,39,75,0.186667,,,0.000000,,,,,,,,GLOBAL_BASELINE_NO_ENTITY_RANKING,,,NOT_APPLICABLE_GLOBAL_BASELINE,HF9g-P5,,,,X 全窗基线 · 不参与实体赏罚,3926290,393,A168_HF9F_20260827_0900,2026-08-27 09:00:00
2026-03-24,142551342,2251,0,78.9951812939,-78.9951812939,-78.9951812939,0E-7,1,1,0.50665070000000000,0.506650700000,-1.013391052207602,-1.013391052207602,-1.013391052207602,0E-17,ELIGIBLE,R03b_20260811_FULL_v1,L1_ELIGIBILITY,v2026-08-11,2026-03-21..2026-08-06,baccarat_bet02_101_all_pairs_incl_sentinel,round_win = game_pnl > 0 (decisive only),COMPATIBILITY_ONLY_NOT_PRODUCTION,12470.6995,11457.4562,-61.6609,355,355,0.00494446,,0.00494446,0.00494446,61.6609,12470.6995,OK,0.0000,-2.4664,4.0000,96.0000,AG03-UNRESOLVED,ALL5_LEVELS_bet23_to_bet27,-2.4664,-2.4664,-3.0830,-3.0830,-3.0830,4.000000,4.000000,5.000000,5.000000,5.000000,96.000000,96.000000,95.000000,95.000000,95.000000,5.0,-14.1820,-12.9391,-47.4789,-48.7217,PENDING_AG03,FALSE,NOT_FOR_ENFORCEMENT,-59.1944,10999.1580,-61.6609,-59.1944,-2.4664,-0.00494446,-0.00474668,-2.4664,-59.1944,-0.00474668,-2.4664,-2.4664,-3.0830,-3.0830,-3.0830,-59.1944,-0.00474668,-14.1820,-12.9391,-47.4789,-48.7217,-0.00380723,-0.0039069,-0.00019778,35.1287,32.2745,-0.1737,-4.4043,-1.3702,890.7643,25.3571,,35.1287,12.8865,26.176,45.907,67.4589,99.6939,180.8197,25.9457,0.0,3.808605,6.907853,1.342023,15,40,21,2,0E-8,-0.00494446,,0E-8,0.000000,0.918750,0.000000,,2026-03-23,2026-06-05,14,45,39,75,0.186667,,,0.000000,,,,,,,,GLOBAL_BASELINE_NO_ENTITY_RANKING,,,NOT_APPLICABLE_GLOBAL_BASELINE,HF9g-P5,,,,X 全窗基线 · 不参与实体赏罚,3926291,393,A168_HF9F_20260827_0900,2026-08-27 09:00:00
2026-04-28,142551342,1115,0,314.1114572155,126.9533806245,126.9533806245,0.6666667,8,8,0.49994810000000000,0.499948100000,0.8167508423630434,0.8167508423630434,0.8167508423630434,0E-17,ELIGIBLE,R03b_20260811_FULL_v1,L1_ELIGIBILITY,v2026-08-11,2026-03-21..2026-08-06,baccarat_bet02_101_all_pairs_incl_sentinel,round_win = game_pnl > 0 (decisive only),COMPATIBILITY_ONLY_NOT_PRODUCTION,12470.6995,11457.4562,-61.6609,355,355,0.00494446,,0.00494446,0.00494446,61.6609,12470.6995,OK,0.0000,-2.4664,4.0000,96.0000,AG03-UNRESOLVED,ALL5_LEVELS_bet23_to_bet27,-2.4664,-2.4664,-3.0830,-3.0830,-3.0830,4.000000,4.000000,5.000000,5.000000,5.000000,96.000000,96.000000,95.000000,95.000000,95.000000,5.0,-14.1820,-12.9391,-47.4789,-48.7217,PENDING_AG03,FALSE,NOT_FOR_ENFORCEMENT,-59.1944,10999.1580,-61.6609,-59.1944,-2.4664,-0.00494446,-0.00474668,-2.4664,-59.1944,-0.00474668,-2.4664,-2.4664,-3.0830,-3.0830,-3.0830,-59.1944,-0.00474668,-14.1820,-12.9391,-47.4789,-48.7217,-0.00380723,-0.0039069,-0.00019778,35.1287,32.2745,-0.1737,-4.4043,-1.3702,890.7643,25.3571,,35.1287,12.8865,26.176,45.907,67.4589,99.6939,180.8197,25.9457,0.0,3.808605,6.907853,1.342023,15,40,21,2,0E-8,-0.00494446,,0E-8,0.000000,0.918750,0.000000,,2026-03-23,2026-06-05,14,45,39,75,0.186667,,,0.000000,,,,,,,,GLOBAL_BASELINE_NO_ENTITY_RANKING,,,NOT_APPLICABLE_GLOBAL_BASELINE,HF9g-P5,,,,X 全窗基线 · 不参与实体赏罚,3926292,393,A168_HF9F_20260827_0900,2026-08-27 09:00:00
2026-04-28,142551342,2088,0,314.1114572155,112.5566055022,112.5566055022,0.7500000,9,9,0.50218230000000000,0.502182300000,1.4018819621466703,1.4018819621466703,1.4018819621466703,0E-17,ELIGIBLE,R03b_20260811_FULL_v1,L1_ELIGIBILITY,v2026-08-11,2026-03-21..2026-08-06,baccarat_bet02_101_all_pairs_incl_sentinel,round_win = game_pnl > 0 (decisive only),COMPATIBILITY_ONLY_NOT_PRODUCTION,12470.6995,11457.4562,-61.6609,355,355,0.00494446,,0.00494446,0.00494446,61.6609,12470.6995,OK,0.0000,-2.4664,4.0000,96.0000,AG03-UNRESOLVED,ALL5_LEVELS_bet23_to_bet27,-2.4664,-2.4664,-3.0830,-3.0830,-3.0830,4.000000,4.000000,5.000000,5.000000,5.000000,96.000000,96.000000,95.000000,95.000000,95.000000,5.0,-14.1820,-12.9391,-47.4789,-48.7217,PENDING_AG03,FALSE,NOT_FOR_ENFORCEMENT,-59.1944,10999.1580,-61.6609,-59.1944,-2.4664,-0.00494446,-0.00474668,-2.4664,-59.1944,-0.00474668,-2.4664,-2.4664,-3.0830,-3.0830,-3.0830,-59.1944,-0.00474668,-14.1820,-12.9391,-47.4789,-48.7217,-0.00380723,-0.0039069,-0.00019778,35.1287,32.2745,-0.1737,-4.4043,-1.3702,890.7643,25.3571,,35.1287,12.8865,26.176,45.907,67.4589,99.6939,180.8197,25.9457,0.0,3.808605,6.907853,1.342023,15,40,21,2,0E-8,-0.00494446,,0E-8,0.000000,0.918750,0.000000,,2026-03-23,2026-06-05,14,45,39,75,0.186667,,,0.000000,,,,,,,,GLOBAL_BASELINE_NO_ENTITY_RANKING,,,NOT_APPLICABLE_GLOBAL_BASELINE,HF9g-P5,,,,X 全窗基线 · 不参与实体赏罚,3926293,393,A168_HF9F_20260827_0900,2026-08-27 09:00:00
2026-04-28,142551342,2202,0,365.1545690131,54.4459859172,54.4459859172,0.5555556,11,11,0.50055742727272727,0.500557427273,0.3299889747687903,0.3299889747671541,0.3299889747687903,-2.7273E-13,ELIGIBLE,R03b_20260811_FULL_v1,L1_ELIGIBILITY,v2026-08-11,2026-03-21..2026-08-06,baccarat_bet02_101_all_pairs_incl_sentinel,round_win = game_pnl > 0 (decisive only),COMPATIBILITY_ONLY_NOT_PRODUCTION,12470.6995,11457.4562,-61.6609,355,355,0.00494446,,0.00494446,0.00494446,61.6609,12470.6995,OK,0.0000,-2.4664,4.0000,96.0000,AG03-UNRESOLVED,ALL5_LEVELS_bet23_to_bet27,-2.4664,-2.4664,-3.0830,-3.0830,-3.0830,4.000000,4.000000,5.000000,5.000000,5.000000,96.000000,96.000000,95.000000,95.000000,95.000000,5.0,-14.1820,-12.9391,-47.4789,-48.7217,PENDING_AG03,FALSE,NOT_FOR_ENFORCEMENT,-59.1944,10999.1580,-61.6609,-59.1944,-2.4664,-0.00494446,-0.00474668,-2.4664,-59.1944,-0.00474668,-2.4664,-2.4664,-3.0830,-3.0830,-3.0830,-59.1944,-0.00474668,-14.1820,-12.9391,-47.4789,-48.7217,-0.00380723,-0.0039069,-0.00019778,35.1287,32.2745,-0.1737,-4.4043,-1.3702,890.7643,25.3571,,35.1287,12.8865,26.176,45.907,67.4589,99.6939,180.8197,25.9457,0.0,3.808605,6.907853,1.342023,15,40,21,2,0E-8,-0.00494446,,0E-8,0.000000,0.918750,0.000000,,2026-03-23,2026-06-05,14,45,39,75,0.186667,,,0.000000,,,,,,,,GLOBAL_BASELINE_NO_ENTITY_RANKING,,,NOT_APPLICABLE_GLOBAL_BASELINE,HF9g-P5,,,,X 全窗基线 · 不参与实体赏罚,3926294,393,A168_HF9F_20260827_0900,2026-08-27 09:00:00
2026-04-28,142551342,2209,0,26.1759547680,26.1759547680,26.1759547680,1.0000000,1,1,0.49324550000000000,0.493245500000,1.01360149184955,1.01360149184955,1.01360149184955,0E-17,ELIGIBLE,R03b_20260811_FULL_v1,L1_ELIGIBILITY,v2026-08-11,2026-03-21..2026-08-06,baccarat_bet02_101_all_pairs_incl_sentinel,round_win = game_pnl > 0 (decisive only),COMPATIBILITY_ONLY_NOT_PRODUCTION,12470.6995,11457.4562,-61.6609,355,355,0.00494446,,0.00494446,0.00494446,61.6609,12470.6995,OK,0.0000,-2.4664,4.0000,96.0000,AG03-UNRESOLVED,ALL5_LEVELS_bet23_to_bet27,-2.4664,-2.4664,-3.0830,-3.0830,-3.0830,4.000000,4.000000,5.000000,5.000000,5.000000,96.000000,96.000000,95.000000,95.000000,95.000000,5.0,-14.1820,-12.9391,-47.4789,-48.7217,PENDING_AG03,FALSE,NOT_FOR_ENFORCEMENT,-59.1944,10999.1580,-61.6609,-59.1944,-2.4664,-0.00494446,-0.00474668,-2.4664,-59.1944,-0.00474668,-2.4664,-2.4664,-3.0830,-3.0830,-3.0830,-59.1944,-0.00474668,-14.1820,-12.9391,-47.4789,-48.7217,-0.00380723,-0.0039069,-0.00019778,35.1287,32.2745,-0.1737,-4.4043,-1.3702,890.7643,25.3571,,35.1287,12.8865,26.176,45.907,67.4589,99.6939,180.8197,25.9457,0.0,3.808605,6.907853,1.342023,15,40,21,2,0E-8,-0.00494446,,0E-8,0.000000,0.918750,0.000000,,2026-03-23,2026-06-05,14,45,39,75,0.186667,,,0.000000,,,,,,,,GLOBAL_BASELINE_NO_ENTITY_RANKING,,,NOT_APPLICABLE_GLOBAL_BASELINE,HF9g-P5,,,,X 全窗基线 · 不参与实体赏罚,3926295,393,A168_HF9F_20260827_0900,2026-08-27 09:00:00
2026-04-29,142551342,2246,0,104.7038190719,-52.3519095359,-52.3519095359,0.3333333,3,3,0.49324550000000000,0.493245500000,-0.5540025479526107,-0.5540025479526106,-0.5540025479526107,0E-17,ELIGIBLE,R03b_20260811_FULL_v1,L1_ELIGIBILITY,v2026-08-11,2026-03-21..2026-08-06,baccarat_bet02_101_all_pairs_incl_sentinel,round_win = game_pnl > 0 (decisive only),COMPATIBILITY_ONLY_NOT_PRODUCTION,12470.6995,11457.4562,-61.6609,355,355,0.00494446,,0.00494446,0.00494446,61.6609,12470.6995,OK,0.0000,-2.4664,4.0000,96.0000,AG03-UNRESOLVED,ALL5_LEVELS_bet23_to_bet27,-2.4664,-2.4664,-3.0830,-3.0830,-3.0830,4.000000,4.000000,5.000000,5.000000,5.000000,96.000000,96.000000,95.000000,95.000000,95.000000,5.0,-14.1820,-12.9391,-47.4789,-48.7217,PENDING_AG03,FALSE,NOT_FOR_ENFORCEMENT,-59.1944,10999.1580,-61.6609,-59.1944,-2.4664,-0.00494446,-0.00474668,-2.4664,-59.1944,-0.00474668,-2.4664,-2.4664,-3.0830,-3.0830,-3.0830,-59.1944,-0.00474668,-14.1820,-12.9391,-47.4789,-48.7217,-0.00380723,-0.0039069,-0.00019778,35.1287,32.2745,-0.1737,-4.4043,-1.3702,890.7643,25.3571,,35.1287,12.8865,26.176,45.907,67.4589,99.6939,180.8197,25.9457,0.0,3.808605,6.907853,1.342023,15,40,21,2,0E-8,-0.00494446,,0E-8,0.000000,0.918750,0.000000,,2026-03-23,2026-06-05,14,45,39,75,0.186667,,,0.000000,,,,,,,,GLOBAL_BASELINE_NO_ENTITY_RANKING,,,NOT_APPLICABLE_GLOBAL_BASELINE,HF9g-P5,,,,X 全窗基线 · 不参与实体赏罚,3926296,393,A168_HF9F_20260827_0900,2026-08-27 09:00:00
2026-04-29,142551342,796,0,78.5278643038,-39.2639321519,-39.2639321519,0E-7,2,2,0.49324550000000000,0.493245500000,-0.9865810262130424,-0.9865810262130424,-0.9865810262130424,0E-17,ELIGIBLE,R03b_20260811_FULL_v1,L1_ELIGIBILITY,v2026-08-11,2026-03-21..2026-08-06,baccarat_bet02_101_all_pairs_incl_sentinel,round_win = game_pnl > 0 (decisive only),COMPATIBILITY_ONLY_NOT_PRODUCTION,12470.6995,11457.4562,-61.6609,355,355,0.00494446,,0.00494446,0.00494446,61.6609,12470.6995,OK,0.0000,-2.4664,4.0000,96.0000,AG03-UNRESOLVED,ALL5_LEVELS_bet23_to_bet27,-2.4664,-2.4664,-3.0830,-3.0830,-3.0830,4.000000,4.000000,5.000000,5.000000,5.000000,96.000000,96.000000,95.000000,95.000000,95.000000,5.0,-14.1820,-12.9391,-47.4789,-48.7217,PENDING_AG03,FALSE,NOT_FOR_ENFORCEMENT,-59.1944,10999.1580,-61.6609,-59.1944,-2.4664,-0.00494446,-0.00474668,-2.4664,-59.1944,-0.00474668,-2.4664,-2.4664,-3.0830,-3.0830,-3.0830,-59.1944,-0.00474668,-14.1820,-12.9391,-47.4789,-48.7217,-0.00380723,-0.0039069,-0.00019778,35.1287,32.2745,-0.1737,-4.4043,-1.3702,890.7643,25.3571,,35.1287,12.8865,26.176,45.907,67.4589,99.6939,180.8197,25.9457,0.0,3.808605,6.907853,1.342023,15,40,21,2,0E-8,-0.00494446,,0E-8,0.000000,0.918750,0.000000,,2026-03-23,2026-06-05,14,45,39,75,0.186667,,,0.000000,,,,,,,,GLOBAL_BASELINE_NO_ENTITY_RANKING,,,NOT_APPLICABLE_GLOBAL_BASELINE,HF9g-P5,,,,X 全窗基线 · 不参与实体赏罚,3926297,393,A168_HF9F_20260827_0900,2026-08-27 09:00:00
2026-05-01,142551342,1951,0,116.7557469773,38.9185823257,38.9185823257,0.6666667,3,3,0.49771390000000000,0.497713900000,0.5852756695216578,0.5852756695216578,0.5852756695216578,0E-17,ELIGIBLE,R03b_20260811_FULL_v1,L1_ELIGIBILITY,v2026-08-11,2026-03-21..2026-08-06,baccarat_bet02_101_all_pairs_incl_sentinel,round_win = game_pnl > 0 (decisive only),COMPATIBILITY_ONLY_NOT_PRODUCTION,12470.6995,11457.4562,-61.6609,355,355,0.00494446,,0.00494446,0.00494446,61.6609,12470.6995,OK,0.0000,-2.4664,4.0000,96.0000,AG03-UNRESOLVED,ALL5_LEVELS_bet23_to_bet27,-2.4664,-2.4664,-3.0830,-3.0830,-3.0830,4.000000,4.000000,5.000000,5.000000,5.000000,96.000000,96.000000,95.000000,95.000000,95.000000,5.0,-14.1820,-12.9391,-47.4789,-48.7217,PENDING_AG03,FALSE,NOT_FOR_ENFORCEMENT,-59.1944,10999.1580,-61.6609,-59.1944,-2.4664,-0.00494446,-0.00474668,-2.4664,-59.1944,-0.00474668,-2.4664,-2.4664,-3.0830,-3.0830,-3.0830,-59.1944,-0.00474668,-14.1820,-12.9391,-47.4789,-48.7217,-0.00380723,-0.0039069,-0.00019778,35.1287,32.2745,-0.1737,-4.4043,-1.3702,890.7643,25.3571,,35.1287,12.8865,26.176,45.907,67.4589,99.6939,180.8197,25.9457,0.0,3.808605,6.907853,1.342023,15,40,21,2,0E-8,-0.00494446,,0E-8,0.000000,0.918750,0.000000,,2026-03-23,2026-06-05,14,45,39,75,0.186667,,,0.000000,,,,,,,,GLOBAL_BASELINE_NO_ENTITY_RANKING,,,NOT_APPLICABLE_GLOBAL_BASELINE,HF9g-P5,,,,X 全窗基线 · 不参与实体赏罚,3926298,393,A168_HF9F_20260827_0900,2026-08-27 09:00:00
2026-05-01,142551342,2167,0,363.2401017073,87.5668102331,87.5668102331,0.7000000,13,13,0.49633900769230769,0.496339007692,1.2880997413605195,1.2880997413624713,1.2880997413605195,3.0769E-13,ELIGIBLE,R03b_20260811_FULL_v1,L1_ELIGIBILITY,v2026-08-11,2026-03-21..2026-08-06,baccarat_bet02_101_all_pairs_incl_sentinel,round_win = game_pnl > 0 (decisive only),COMPATIBILITY_ONLY_NOT_PRODUCTION,12470.6995,11457.4562,-61.6609,355,355,0.00494446,,0.00494446,0.00494446,61.6609,12470.6995,OK,0.0000,-2.4664,4.0000,96.0000,AG03-UNRESOLVED,ALL5_LEVELS_bet23_to_bet27,-2.4664,-2.4664,-3.0830,-3.0830,-3.0830,4.000000,4.000000,5.000000,5.000000,5.000000,96.000000,96.000000,95.000000,95.000000,95.000000,5.0,-14.1820,-12.9391,-47.4789,-48.7217,PENDING_AG03,FALSE,NOT_FOR_ENFORCEMENT,-59.1944,10999.1580,-61.6609,-59.1944,-2.4664,-0.00494446,-0.00474668,-2.4664,-59.1944,-0.00474668,-2.4664,-2.4664,-3.0830,-3.0830,-3.0830,-59.1944,-0.00474668,-14.1820,-12.9391,-47.4789,-48.7217,-0.00380723,-0.0039069,-0.00019778,35.1287,32.2745,-0.1737,-4.4043,-1.3702,890.7643,25.3571,,35.1287,12.8865,26.176,45.907,67.4589,99.6939,180.8197,25.9457,0.0,3.808605,6.907853,1.342023,15,40,21,2,0E-8,-0.00494446,,0E-8,0.000000,0.918750,0.000000,,2026-03-23,2026-06-05,14,45,39,75,0.186667,,,0.000000,,,,,,,,GLOBAL_BASELINE_NO_ENTITY_RANKING,,,NOT_APPLICABLE_GLOBAL_BASELINE,HF9g-P5,,,,X 全窗基线 · 不参与实体赏罚,3926299,393,A168_HF9F_20260827_0900,2026-08-27 09:00:00
2026-05-05,142551342,2103,0,876.9653884075,-129.7286077526,-129.7286077526,0.3333333,9,9,0.49771390000000000,0.497713900000,-0.9862937092952077,-0.9862937092952077,-0.9862937092952077,0E-17,ELIGIBLE,R03b_20260811_FULL_v1,L1_ELIGIBILITY,v2026-08-11,2026-03-21..2026-08-06,baccarat_bet02_101_all_pairs_incl_sentinel,round_win = game_pnl > 0 (decisive only),COMPATIBILITY_ONLY_NOT_PRODUCTION,12470.6995,11457.4562,-61.6609,355,355,0.00494446,,0.00494446,0.00494446,61.6609,12470.6995,OK,0.0000,-2.4664,4.0000,96.0000,AG03-UNRESOLVED,ALL5_LEVELS_bet23_to_bet27,-2.4664,-2.4664,-3.0830,-3.0830,-3.0830,4.000000,4.000000,5.000000,5.000000,5.000000,96.000000,96.000000,95.000000,95.000000,95.000000,5.0,-14.1820,-12.9391,-47.4789,-48.7217,PENDING_AG03,FALSE,NOT_FOR_ENFORCEMENT,-59.1944,10999.1580,-61.6609,-59.1944,-2.4664,-0.00494446,-0.00474668,-2.4664,-59.1944,-0.00474668,-2.4664,-2.4664,-3.0830,-3.0830,-3.0830,-59.1944,-0.00474668,-14.1820,-12.9391,-47.4789,-48.7217,-0.00380723,-0.0039069,-0.00019778,35.1287,32.2745,-0.1737,-4.4043,-1.3702,890.7643,25.3571,,35.1287,12.8865,26.176,45.907,67.4589,99.6939,180.8197,25.9457,0.0,3.808605,6.907853,1.342023,15,40,21,2,0E-8,-0.00494446,,0E-8,0.000000,0.918750,0.000000,,2026-03-23,2026-06-05,14,45,39,75,0.186667,,,0.000000,,,,,,,,GLOBAL_BASELINE_NO_ENTITY_RANKING,,,NOT_APPLICABLE_GLOBAL_BASELINE,HF9g-P5,,,,X 全窗基线 · 不参与实体赏罚,3926300,393,A168_HF9F_20260827_0900,2026-08-27 09:00:00
2026-05-05,142551342,970,0,259.4572155051,-259.4572155051,-259.4572155051,0E-7,2,2,0.49324550000000000,0.493245500000,-1.3952362676504506,-1.3952362676504506,-1.3952362676504506,0E-17,ELIGIBLE,R03b_20260811_FULL_v1,L1_ELIGIBILITY,v2026-08-11,2026-03-21..2026-08-06,baccarat_bet02_101_all_pairs_incl_sentinel,round_win = game_pnl > 0 (decisive only),COMPATIBILITY_ONLY_NOT_PRODUCTION,12470.6995,11457.4562,-61.6609,355,355,0.00494446,,0.00494446,0.00494446,61.6609,12470.6995,OK,0.0000,-2.4664,4.0000,96.0000,AG03-UNRESOLVED,ALL5_LEVELS_bet23_to_bet27,-2.4664,-2.4664,-3.0830,-3.0830,-3.0830,4.000000,4.000000,5.000000,5.000000,5.000000,96.000000,96.000000,95.000000,95.000000,95.000000,5.0,-14.1820,-12.9391,-47.4789,-48.7217,PENDING_AG03,FALSE,NOT_FOR_ENFORCEMENT,-59.1944,10999.1580,-61.6609,-59.1944,-2.4664,-0.00494446,-0.00474668,-2.4664,-59.1944,-0.00474668,-2.4664,-2.4664,-3.0830,-3.0830,-3.0830,-59.1944,-0.00474668,-14.1820,-12.9391,-47.4789,-48.7217,-0.00380723,-0.0039069,-0.00019778,35.1287,32.2745,-0.1737,-4.4043,-1.3702,890.7643,25.3571,,35.1287,12.8865,26.176,45.907,67.4589,99.6939,180.8197,25.9457,0.0,3.808605,6.907853,1.342023,15,40,21,2,0E-8,-0.00494446,,0E-8,0.000000,0.918750,0.000000,,2026-03-23,2026-06-05,14,45,39,75,0.186667,,,0.000000,,,,,,,,GLOBAL_BASELINE_NO_ENTITY_RANKING,,,NOT_APPLICABLE_GLOBAL_BASELINE,HF9g-P5,,,,X 全窗基线 · 不参与实体赏罚,3926301,393,A168_HF9F_20260827_0900,2026-08-27 09:00:00
2026-05-05,142551342,994,0,259.4572155052,-259.4572155052,-259.4572155052,0E-7,3,3,0.50218230000000000,0.502182300000,-1.7396270863184011,-1.7396270863184016,-1.7396270863184011,0E-17,ELIGIBLE,R03b_20260811_FULL_v1,L1_ELIGIBILITY,v2026-08-11,2026-03-21..2026-08-06,baccarat_bet02_101_all_pairs_incl_sentinel,round_win = game_pnl > 0 (decisive only),COMPATIBILITY_ONLY_NOT_PRODUCTION,12470.6995,11457.4562,-61.6609,355,355,0.00494446,,0.00494446,0.00494446,61.6609,12470.6995,OK,0.0000,-2.4664,4.0000,96.0000,AG03-UNRESOLVED,ALL5_LEVELS_bet23_to_bet27,-2.4664,-2.4664,-3.0830,-3.0830,-3.0830,4.000000,4.000000,5.000000,5.000000,5.000000,96.000000,96.000000,95.000000,95.000000,95.000000,5.0,-14.1820,-12.9391,-47.4789,-48.7217,PENDING_AG03,FALSE,NOT_FOR_ENFORCEMENT,-59.1944,10999.1580,-61.6609,-59.1944,-2.4664,-0.00494446,-0.00474668,-2.4664,-59.1944,-0.00474668,-2.4664,-2.4664,-3.0830,-3.0830,-3.0830,-59.1944,-0.00474668,-14.1820,-12.9391,-47.4789,-48.7217,-0.00380723,-0.0039069,-0.00019778,35.1287,32.2745,-0.1737,-4.4043,-1.3702,890.7643,25.3571,,35.1287,12.8865,26.176,45.907,67.4589,99.6939,180.8197,25.9457,0.0,3.808605,6.907853,1.342023,15,40,21,2,0E-8,-0.00494446,,0E-8,0.000000,0.918750,0.000000,,2026-03-23,2026-06-05,14,45,39,75,0.186667,,,0.000000,,,,,,,,GLOBAL_BASELINE_NO_ENTITY_RANKING,,,NOT_APPLICABLE_GLOBAL_BASELINE,HF9g-P5,,,,X 全窗基线 · 不参与实体赏罚,3926302,393,A168_HF9F_20260827_0900,2026-08-27 09:00:00
2026-05-20,142551342,789,0,464.4284157541,63.5670177988,63.5670177988,0.6250000,10,10,0.49994810000000000,0.499948100000,0.7074003757330176,0.7074003757330176,0.7074003757330176,0E-17,ELIGIBLE,R03b_20260811_FULL_v1,L1_ELIGIBILITY,v2026-08-11,2026-03-21..2026-08-06,baccarat_bet02_101_all_pairs_incl_sentinel,round_win = game_pnl > 0 (decisive only),COMPATIBILITY_ONLY_NOT_PRODUCTION,12470.6995,11457.4562,-61.6609,355,355,0.00494446,,0.00494446,0.00494446,61.6609,12470.6995,OK,0.0000,-2.4664,4.0000,96.0000,AG03-UNRESOLVED,ALL5_LEVELS_bet23_to_bet27,-2.4664,-2.4664,-3.0830,-3.0830,-3.0830,4.000000,4.000000,5.000000,5.000000,5.000000,96.000000,96.000000,95.000000,95.000000,95.000000,5.0,-14.1820,-12.9391,-47.4789,-48.7217,PENDING_AG03,FALSE,NOT_FOR_ENFORCEMENT,-59.1944,10999.1580,-61.6609,-59.1944,-2.4664,-0.00494446,-0.00474668,-2.4664,-59.1944,-0.00474668,-2.4664,-2.4664,-3.0830,-3.0830,-3.0830,-59.1944,-0.00474668,-14.1820,-12.9391,-47.4789,-48.7217,-0.00380723,-0.0039069,-0.00019778,35.1287,32.2745,-0.1737,-4.4043,-1.3702,890.7643,25.3571,,35.1287,12.8865,26.176,45.907,67.4589,99.6939,180.8197,25.9457,0.0,3.808605,6.907853,1.342023,15,40,21,2,0E-8,-0.00494446,,0E-8,0.000000,0.918750,0.000000,,2026-03-23,2026-06-05,14,45,39,75,0.186667,,,0.000000,,,,,,,,GLOBAL_BASELINE_NO_ENTITY_RANKING,,,NOT_APPLICABLE_GLOBAL_BASELINE,HF9g-P5,,,,X 全窗基线 · 不参与实体赏罚,3926303,393,A168_HF9F_20260827_0900,2026-08-27 09:00:00
2026-05-20,142551342,986,0,62.2697317212,8.5620881117,8.5620881117,0.5000000,4,4,0.50665070000000000,0.506650700000,-0.02660515369234503,-0.02660515369234503,-0.02660515369234503,0E-17,ELIGIBLE,R03b_20260811_FULL_v1,L1_ELIGIBILITY,v2026-08-11,2026-03-21..2026-08-06,baccarat_bet02_101_all_pairs_incl_sentinel,round_win = game_pnl > 0 (decisive only),COMPATIBILITY_ONLY_NOT_PRODUCTION,12470.6995,11457.4562,-61.6609,355,355,0.00494446,,0.00494446,0.00494446,61.6609,12470.6995,OK,0.0000,-2.4664,4.0000,96.0000,AG03-UNRESOLVED,ALL5_LEVELS_bet23_to_bet27,-2.4664,-2.4664,-3.0830,-3.0830,-3.0830,4.000000,4.000000,5.000000,5.000000,5.000000,96.000000,96.000000,95.000000,95.000000,95.000000,5.0,-14.1820,-12.9391,-47.4789,-48.7217,PENDING_AG03,FALSE,NOT_FOR_ENFORCEMENT,-59.1944,10999.1580,-61.6609,-59.1944,-2.4664,-0.00494446,-0.00474668,-2.4664,-59.1944,-0.00474668,-2.4664,-2.4664,-3.0830,-3.0830,-3.0830,-59.1944,-0.00474668,-14.1820,-12.9391,-47.4789,-48.7217,-0.00380723,-0.0039069,-0.00019778,35.1287,32.2745,-0.1737,-4.4043,-1.3702,890.7643,25.3571,,35.1287,12.8865,26.176,45.907,67.4589,99.6939,180.8197,25.9457,0.0,3.808605,6.907853,1.342023,15,40,21,2,0E-8,-0.00494446,,0E-8,0.000000,0.918750,0.000000,,2026-03-23,2026-06-05,14,45,39,75,0.186667,,,0.000000,,,,,,,,GLOBAL_BASELINE_NO_ENTITY_RANKING,,,NOT_APPLICABLE_GLOBAL_BASELINE,HF9g-P5,,,,X 全窗基线 · 不参与实体赏罚,3926304,393,A168_HF9F_20260827_0900,2026-08-27 09:00:00
2026-05-20,142551342,994,0,143.4798401743,5.5394115511,5.5394115511,0.5000000,4,4,0.49994810000000000,0.499948100000,0.00020760000111838688,0.00020760000111838688,0.00020760000111838688,0E-17,ELIGIBLE,R03b_20260811_FULL_v1,L1_ELIGIBILITY,v2026-08-11,2026-03-21..2026-08-06,baccarat_bet02_101_all_pairs_incl_sentinel,round_win = game_pnl > 0 (decisive only),COMPATIBILITY_ONLY_NOT_PRODUCTION,12470.6995,11457.4562,-61.6609,355,355,0.00494446,,0.00494446,0.00494446,61.6609,12470.6995,OK,0.0000,-2.4664,4.0000,96.0000,AG03-UNRESOLVED,ALL5_LEVELS_bet23_to_bet27,-2.4664,-2.4664,-3.0830,-3.0830,-3.0830,4.000000,4.000000,5.000000,5.000000,5.000000,96.000000,96.000000,95.000000,95.000000,95.000000,5.0,-14.1820,-12.9391,-47.4789,-48.7217,PENDING_AG03,FALSE,NOT_FOR_ENFORCEMENT,-59.1944,10999.1580,-61.6609,-59.1944,-2.4664,-0.00494446,-0.00474668,-2.4664,-59.1944,-0.00474668,-2.4664,-2.4664,-3.0830,-3.0830,-3.0830,-59.1944,-0.00474668,-14.1820,-12.9391,-47.4789,-48.7217,-0.00380723,-0.0039069,-0.00019778,35.1287,32.2745,-0.1737,-4.4043,-1.3702,890.7643,25.3571,,35.1287,12.8865,26.176,45.907,67.4589,99.6939,180.8197,25.9457,0.0,3.808605,6.907853,1.342023,15,40,21,2,0E-8,-0.00494446,,0E-8,0.000000,0.918750,0.000000,,2026-03-23,2026-06-05,14,45,39,75,0.186667,,,0.000000,,,,,,,,GLOBAL_BASELINE_NO_ENTITY_RANKING,,,NOT_APPLICABLE_GLOBAL_BASELINE,HF9g-P5,,,,X 全窗基线 · 不参与实体赏罚,3926305,393,A168_HF9F_20260827_0900,2026-08-27 09:00:00
2026-05-21,142551342,1210,0,75.2425924965,-75.2425924965,-75.2425924965,0E-7,3,3,0.50218230000000000,0.502182300000,-1.7396270863184011,-1.7396270863184016,-1.7396270863184011,0E-17,ELIGIBLE,R03b_20260811_FULL_v1,L1_ELIGIBILITY,v2026-08-11,2026-03-21..2026-08-06,baccarat_bet02_101_all_pairs_incl_sentinel,round_win = game_pnl > 0 (decisive only),COMPATIBILITY_ONLY_NOT_PRODUCTION,12470.6995,11457.4562,-61.6609,355,355,0.00494446,,0.00494446,0.00494446,61.6609,12470.6995,OK,0.0000,-2.4664,4.0000,96.0000,AG03-UNRESOLVED,ALL5_LEVELS_bet23_to_bet27,-2.4664,-2.4664,-3.0830,-3.0830,-3.0830,4.000000,4.000000,5.000000,5.000000,5.000000,96.000000,96.000000,95.000000,95.000000,95.000000,5.0,-14.1820,-12.9391,-47.4789,-48.7217,PENDING_AG03,FALSE,NOT_FOR_ENFORCEMENT,-59.1944,10999.1580,-61.6609,-59.1944,-2.4664,-0.00494446,-0.00474668,-2.4664,-59.1944,-0.00474668,-2.4664,-2.4664,-3.0830,-3.0830,-3.0830,-59.1944,-0.00474668,-14.1820,-12.9391,-47.4789,-48.7217,-0.00380723,-0.0039069,-0.00019778,35.1287,32.2745,-0.1737,-4.4043,-1.3702,890.7643,25.3571,,35.1287,12.8865,26.176,45.907,67.4589,99.6939,180.8197,25.9457,0.0,3.808605,6.907853,1.342023,15,40,21,2,0E-8,-0.00494446,,0E-8,0.000000,0.918750,0.000000,,2026-03-23,2026-06-05,14,45,39,75,0.186667,,,0.000000,,,,,,,,GLOBAL_BASELINE_NO_ENTITY_RANKING,,,NOT_APPLICABLE_GLOBAL_BASELINE,HF9g-P5,,,,X 全窗基线 · 不参与实体赏罚,3926306,393,A168_HF9F_20260827_0900,2026-08-27 09:00:00
2026-05-21,142551342,1307,0,140.1068963727,79.1344507291,79.1344507291,0.7500000,9,9,0.50218230000000000,0.502182300000,1.4018819621466703,1.4018819621466703,1.4018819621466703,0E-17,ELIGIBLE,R03b_20260811_FULL_v1,L1_ELIGIBILITY,v2026-08-11,2026-03-21..2026-08-06,baccarat_bet02_101_all_pairs_incl_sentinel,round_win = game_pnl > 0 (decisive only),COMPATIBILITY_ONLY_NOT_PRODUCTION,12470.6995,11457.4562,-61.6609,355,355,0.00494446,,0.00494446,0.00494446,61.6609,12470.6995,OK,0.0000,-2.4664,4.0000,96.0000,AG03-UNRESOLVED,ALL5_LEVELS_bet23_to_bet27,-2.4664,-2.4664,-3.0830,-3.0830,-3.0830,4.000000,4.000000,5.000000,5.000000,5.000000,96.000000,96.000000,95.000000,95.000000,95.000000,5.0,-14.1820,-12.9391,-47.4789,-48.7217,PENDING_AG03,FALSE,NOT_FOR_ENFORCEMENT,-59.1944,10999.1580,-61.6609,-59.1944,-2.4664,-0.00494446,-0.00474668,-2.4664,-59.1944,-0.00474668,-2.4664,-2.4664,-3.0830,-3.0830,-3.0830,-59.1944,-0.00474668,-14.1820,-12.9391,-47.4789,-48.7217,-0.00380723,-0.0039069,-0.00019778,35.1287,32.2745,-0.1737,-4.4043,-1.3702,890.7643,25.3571,,35.1287,12.8865,26.176,45.907,67.4589,99.6939,180.8197,25.9457,0.0,3.808605,6.907853,1.342023,15,40,21,2,0E-8,-0.00494446,,0E-8,0.000000,0.918750,0.000000,,2026-03-23,2026-06-05,14,45,39,75,0.186667,,,0.000000,,,,,,,,GLOBAL_BASELINE_NO_ENTITY_RANKING,,,NOT_APPLICABLE_GLOBAL_BASELINE,HF9g-P5,,,,X 全窗基线 · 不参与实体赏罚,3926307,393,A168_HF9F_20260827_0900,2026-08-27 09:00:00
2026-05-21,142551342,2088,0,280.2137927454,100.9288568315,100.9288568315,0.6363636,11,11,0.50055742727272727,0.500557427273,0.900837039335844,0.9008370393340356,0.900837039335844,-2.7273E-13,ELIGIBLE,R03b_20260811_FULL_v1,L1_ELIGIBILITY,v2026-08-11,2026-03-21..2026-08-06,baccarat_bet02_101_all_pairs_incl_sentinel,round_win = game_pnl > 0 (decisive only),COMPATIBILITY_ONLY_NOT_PRODUCTION,12470.6995,11457.4562,-61.6609,355,355,0.00494446,,0.00494446,0.00494446,61.6609,12470.6995,OK,0.0000,-2.4664,4.0000,96.0000,AG03-UNRESOLVED,ALL5_LEVELS_bet23_to_bet27,-2.4664,-2.4664,-3.0830,-3.0830,-3.0830,4.000000,4.000000,5.000000,5.000000,5.000000,96.000000,96.000000,95.000000,95.000000,95.000000,5.0,-14.1820,-12.9391,-47.4789,-48.7217,PENDING_AG03,FALSE,NOT_FOR_ENFORCEMENT,-59.1944,10999.1580,-61.6609,-59.1944,-2.4664,-0.00494446,-0.00474668,-2.4664,-59.1944,-0.00474668,-2.4664,-2.4664,-3.0830,-3.0830,-3.0830,-59.1944,-0.00474668,-14.1820,-12.9391,-47.4789,-48.7217,-0.00380723,-0.0039069,-0.00019778,35.1287,32.2745,-0.1737,-4.4043,-1.3702,890.7643,25.3571,,35.1287,12.8865,26.176,45.907,67.4589,99.6939,180.8197,25.9457,0.0,3.808605,6.907853,1.342023,15,40,21,2,0E-8,-0.00494446,,0E-8,0.000000,0.918750,0.000000,,2026-03-23,2026-06-05,14,45,39,75,0.186667,,,0.000000,,,,,,,,GLOBAL_BASELINE_NO_ENTITY_RANKING,,,NOT_APPLICABLE_GLOBAL_BASELINE,HF9g-P5,,,,X 全窗基线 · 不参与实体赏罚,3926308,393,A168_HF9F_20260827_0900,2026-08-27 09:00:00
2026-05-21,142551342,2171,0,154.1175860101,-25.6862643350,-25.6862643350,0.4000000,5,5,0.49860758000000000,0.498607580000,-0.440988213962219,-0.440988213962219,-0.440988213962219,0E-17,ELIGIBLE,R03b_20260811_FULL_v1,L1_ELIGIBILITY,v2026-08-11,2026-03-21..2026-08-06,baccarat_bet02_101_all_pairs_incl_sentinel,round_win = game_pnl > 0 (decisive only),COMPATIBILITY_ONLY_NOT_PRODUCTION,12470.6995,11457.4562,-61.6609,355,355,0.00494446,,0.00494446,0.00494446,61.6609,12470.6995,OK,0.0000,-2.4664,4.0000,96.0000,AG03-UNRESOLVED,ALL5_LEVELS_bet23_to_bet27,-2.4664,-2.4664,-3.0830,-3.0830,-3.0830,4.000000,4.000000,5.000000,5.000000,5.000000,96.000000,96.000000,95.000000,95.000000,95.000000,5.0,-14.1820,-12.9391,-47.4789,-48.7217,PENDING_AG03,FALSE,NOT_FOR_ENFORCEMENT,-59.1944,10999.1580,-61.6609,-59.1944,-2.4664,-0.00494446,-0.00474668,-2.4664,-59.1944,-0.00474668,-2.4664,-2.4664,-3.0830,-3.0830,-3.0830,-59.1944,-0.00474668,-14.1820,-12.9391,-47.4789,-48.7217,-0.00380723,-0.0039069,-0.00019778,35.1287,32.2745,-0.1737,-4.4043,-1.3702,890.7643,25.3571,,35.1287,12.8865,26.176,45.907,67.4589,99.6939,180.8197,25.9457,0.0,3.808605,6.907853,1.342023,15,40,21,2,0E-8,-0.00494446,,0E-8,0.000000,0.918750,0.000000,,2026-03-23,2026-06-05,14,45,39,75,0.186667,,,0.000000,,,,,,,,GLOBAL_BASELINE_NO_ENTITY_RANKING,,,NOT_APPLICABLE_GLOBAL_BASELINE,HF9g-P5,,,,X 全窗基线 · 不参与实体赏罚,3926309,393,A168_HF9F_20260827_0900,2026-08-27 09:00:00
2026-05-22,142551342,1205,0,238.7006382646,98.5937418920,98.5937418920,0.6000000,15,15,0.49950126000000000,0.499501260000,0.7784602799406465,0.7784602799406465,0.7784602799406465,0E-17,ELIGIBLE,R03b_20260811_FULL_v1,L1_ELIGIBILITY,v2026-08-11,2026-03-21..2026-08-06,baccarat_bet02_101_all_pairs_incl_sentinel,round_win = game_pnl > 0 (decisive only),COMPATIBILITY_ONLY_NOT_PRODUCTION,12470.6995,11457.4562,-61.6609,355,355,0.00494446,,0.00494446,0.00494446,61.6609,12470.6995,OK,0.0000,-2.4664,4.0000,96.0000,AG03-UNRESOLVED,ALL5_LEVELS_bet23_to_bet27,-2.4664,-2.4664,-3.0830,-3.0830,-3.0830,4.000000,4.000000,5.000000,5.000000,5.000000,96.000000,96.000000,95.000000,95.000000,95.000000,5.0,-14.1820,-12.9391,-47.4789,-48.7217,PENDING_AG03,FALSE,NOT_FOR_ENFORCEMENT,-59.1944,10999.1580,-61.6609,-59.1944,-2.4664,-0.00494446,-0.00474668,-2.4664,-59.1944,-0.00474668,-2.4664,-2.4664,-3.0830,-3.0830,-3.0830,-59.1944,-0.00474668,-14.1820,-12.9391,-47.4789,-48.7217,-0.00380723,-0.0039069,-0.00019778,35.1287,32.2745,-0.1737,-4.4043,-1.3702,890.7643,25.3571,,35.1287,12.8865,26.176,45.907,67.4589,99.6939,180.8197,25.9457,0.0,3.808605,6.907853,1.342023,15,40,21,2,0E-8,-0.00494446,,0E-8,0.000000,0.918750,0.000000,,2026-03-23,2026-06-05,14,45,39,75,0.186667,,,0.000000,,,,,,,,GLOBAL_BASELINE_NO_ENTITY_RANKING,,,NOT_APPLICABLE_GLOBAL_BASELINE,HF9g-P5,,,,X 全窗基线 · 不参与实体赏罚,3926310,393,A168_HF9F_20260827_0900,2026-08-27 09:00:00
2026-05-22,142551342,2167,0,163.4580457682,-50.8536142390,-50.8536142390,0.4444444,9,9,0.49771390000000000,0.497713900000,-0.3196200741816709,-0.3196200741816709,-0.3196200741816709,0E-17,ELIGIBLE,R03b_20260811_FULL_v1,L1_ELIGIBILITY,v2026-08-11,2026-03-21..2026-08-06,baccarat_bet02_101_all_pairs_incl_sentinel,round_win = game_pnl > 0 (decisive only),COMPATIBILITY_ONLY_NOT_PRODUCTION,12470.6995,11457.4562,-61.6609,355,355,0.00494446,,0.00494446,0.00494446,61.6609,12470.6995,OK,0.0000,-2.4664,4.0000,96.0000,AG03-UNRESOLVED,ALL5_LEVELS_bet23_to_bet27,-2.4664,-2.4664,-3.0830,-3.0830,-3.0830,4.000000,4.000000,5.000000,5.000000,5.000000,96.000000,96.000000,95.000000,95.000000,95.000000,5.0,-14.1820,-12.9391,-47.4789,-48.7217,PENDING_AG03,FALSE,NOT_FOR_ENFORCEMENT,-59.1944,10999.1580,-61.6609,-59.1944,-2.4664,-0.00494446,-0.00474668,-2.4664,-59.1944,-0.00474668,-2.4664,-2.4664,-3.0830,-3.0830,-3.0830,-59.1944,-0.00474668,-14.1820,-12.9391,-47.4789,-48.7217,-0.00380723,-0.0039069,-0.00019778,35.1287,32.2745,-0.1737,-4.4043,-1.3702,890.7643,25.3571,,35.1287,12.8865,26.176,45.907,67.4589,99.6939,180.8197,25.9457,0.0,3.808605,6.907853,1.342023,15,40,21,2,0E-8,-0.00494446,,0E-8,0.000000,0.918750,0.000000,,2026-03-23,2026-06-05,14,45,39,75,0.186667,,,0.000000,,,,,,,,GLOBAL_BASELINE_NO_ENTITY_RANKING,,,NOT_APPLICABLE_GLOBAL_BASELINE,HF9g-P5,,,,X 全窗基线 · 不参与实体赏罚,3926311,393,A168_HF9F_20260827_0900,2026-08-27 09:00:00
2026-05-27,142551342,1210,0,243.8897825747,149.1878989154,149.1878989154,0.6363636,12,12,0.49883100000000000,0.498831000000,0.9122907958985939,0.9122907958985939,0.9122907958985939,0E-17,ELIGIBLE,R03b_20260811_FULL_v1,L1_ELIGIBILITY,v2026-08-11,2026-03-21..2026-08-06,baccarat_bet02_101_all_pairs_incl_sentinel,round_win = game_pnl > 0 (decisive only),COMPATIBILITY_ONLY_NOT_PRODUCTION,12470.6995,11457.4562,-61.6609,355,355,0.00494446,,0.00494446,0.00494446,61.6609,12470.6995,OK,0.0000,-2.4664,4.0000,96.0000,AG03-UNRESOLVED,ALL5_LEVELS_bet23_to_bet27,-2.4664,-2.4664,-3.0830,-3.0830,-3.0830,4.000000,4.000000,5.000000,5.000000,5.000000,96.000000,96.000000,95.000000,95.000000,95.000000,5.0,-14.1820,-12.9391,-47.4789,-48.7217,PENDING_AG03,FALSE,NOT_FOR_ENFORCEMENT,-59.1944,10999.1580,-61.6609,-59.1944,-2.4664,-0.00494446,-0.00474668,-2.4664,-59.1944,-0.00474668,-2.4664,-2.4664,-3.0830,-3.0830,-3.0830,-59.1944,-0.00474668,-14.1820,-12.9391,-47.4789,-48.7217,-0.00380723,-0.0039069,-0.00019778,35.1287,32.2745,-0.1737,-4.4043,-1.3702,890.7643,25.3571,,35.1287,12.8865,26.176,45.907,67.4589,99.6939,180.8197,25.9457,0.0,3.808605,6.907853,1.342023,15,40,21,2,0E-8,-0.00494446,,0E-8,0.000000,0.918750,0.000000,,2026-03-23,2026-06-05,14,45,39,75,0.186667,,,0.000000,,,,,,,,GLOBAL_BASELINE_NO_ENTITY_RANKING,,,NOT_APPLICABLE_GLOBAL_BASELINE,HF9g-P5,,,,X 全窗基线 · 不参与实体赏罚,3926312,393,A168_HF9F_20260827_0900,2026-08-27 09:00:00
2026-05-27,142551342,1318,0,119.3503191323,43.3293549894,43.3293549894,0.4000000,5,5,0.50128862000000000,0.501288620000,-0.4529779837142727,-0.4529779837142727,-0.4529779837142727,0E-17,ELIGIBLE,R03b_20260811_FULL_v1,L1_ELIGIBILITY,v2026-08-11,2026-03-21..2026-08-06,baccarat_bet02_101_all_pairs_incl_sentinel,round_win = game_pnl > 0 (decisive only),COMPATIBILITY_ONLY_NOT_PRODUCTION,12470.6995,11457.4562,-61.6609,355,355,0.00494446,,0.00494446,0.00494446,61.6609,12470.6995,OK,0.0000,-2.4664,4.0000,96.0000,AG03-UNRESOLVED,ALL5_LEVELS_bet23_to_bet27,-2.4664,-2.4664,-3.0830,-3.0830,-3.0830,4.000000,4.000000,5.000000,5.000000,5.000000,96.000000,96.000000,95.000000,95.000000,95.000000,5.0,-14.1820,-12.9391,-47.4789,-48.7217,PENDING_AG03,FALSE,NOT_FOR_ENFORCEMENT,-59.1944,10999.1580,-61.6609,-59.1944,-2.4664,-0.00494446,-0.00474668,-2.4664,-59.1944,-0.00474668,-2.4664,-2.4664,-3.0830,-3.0830,-3.0830,-59.1944,-0.00474668,-14.1820,-12.9391,-47.4789,-48.7217,-0.00380723,-0.0039069,-0.00019778,35.1287,32.2745,-0.1737,-4.4043,-1.3702,890.7643,25.3571,,35.1287,12.8865,26.176,45.907,67.4589,99.6939,180.8197,25.9457,0.0,3.808605,6.907853,1.342023,15,40,21,2,0E-8,-0.00494446,,0E-8,0.000000,0.918750,0.000000,,2026-03-23,2026-06-05,14,45,39,75,0.186667,,,0.000000,,,,,,,,GLOBAL_BASELINE_NO_ENTITY_RANKING,,,NOT_APPLICABLE_GLOBAL_BASELINE,HF9g-P5,,,,X 全窗基线 · 不参与实体赏罚,3926313,393,A168_HF9F_20260827_0900,2026-08-27 09:00:00
2026-05-27,142551342,1330,0,51.8914431010,-5.1891443101,-5.1891443101,0.5000000,4,4,0.49324550000000000,0.493245500000,0.01910635448239258,0.01910635448239258,0.01910635448239258,0E-17,ELIGIBLE,R03b_20260811_FULL_v1,L1_ELIGIBILITY,v2026-08-11,2026-03-21..2026-08-06,baccarat_bet02_101_all_pairs_incl_sentinel,round_win = game_pnl > 0 (decisive only),COMPATIBILITY_ONLY_NOT_PRODUCTION,12470.6995,11457.4562,-61.6609,355,355,0.00494446,,0.00494446,0.00494446,61.6609,12470.6995,OK,0.0000,-2.4664,4.0000,96.0000,AG03-UNRESOLVED,ALL5_LEVELS_bet23_to_bet27,-2.4664,-2.4664,-3.0830,-3.0830,-3.0830,4.000000,4.000000,5.000000,5.000000,5.000000,96.000000,96.000000,95.000000,95.000000,95.000000,5.0,-14.1820,-12.9391,-47.4789,-48.7217,PENDING_AG03,FALSE,NOT_FOR_ENFORCEMENT,-59.1944,10999.1580,-61.6609,-59.1944,-2.4664,-0.00494446,-0.00474668,-2.4664,-59.1944,-0.00474668,-2.4664,-2.4664,-3.0830,-3.0830,-3.0830,-59.1944,-0.00474668,-14.1820,-12.9391,-47.4789,-48.7217,-0.00380723,-0.0039069,-0.00019778,35.1287,32.2745,-0.1737,-4.4043,-1.3702,890.7643,25.3571,,35.1287,12.8865,26.176,45.907,67.4589,99.6939,180.8197,25.9457,0.0,3.808605,6.907853,1.342023,15,40,21,2,0E-8,-0.00494446,,0E-8,0.000000,0.918750,0.000000,,2026-03-23,2026-06-05,14,45,39,75,0.186667,,,0.000000,,,,,,,,GLOBAL_BASELINE_NO_ENTITY_RANKING,,,NOT_APPLICABLE_GLOBAL_BASELINE,HF9g-P5,,,,X 全窗基线 · 不参与实体赏罚,3926314,393,A168_HF9F_20260827_0900,2026-08-27 09:00:00
2026-05-27,142551342,1401,0,5.1891443101,-5.1891443101,-5.1891443101,0E-7,1,1,0.49324550000000000,0.493245500000,-0.9865810262130424,-0.9865810262130424,-0.9865810262130424,0E-17,ELIGIBLE,R03b_20260811_FULL_v1,L1_ELIGIBILITY,v2026-08-11,2026-03-21..2026-08-06,baccarat_bet02_101_all_pairs_incl_sentinel,round_win = game_pnl > 0 (decisive only),COMPATIBILITY_ONLY_NOT_PRODUCTION,12470.6995,11457.4562,-61.6609,355,355,0.00494446,,0.00494446,0.00494446,61.6609,12470.6995,OK,0.0000,-2.4664,4.0000,96.0000,AG03-UNRESOLVED,ALL5_LEVELS_bet23_to_bet27,-2.4664,-2.4664,-3.0830,-3.0830,-3.0830,4.000000,4.000000,5.000000,5.000000,5.000000,96.000000,96.000000,95.000000,95.000000,95.000000,5.0,-14.1820,-12.9391,-47.4789,-48.7217,PENDING_AG03,FALSE,NOT_FOR_ENFORCEMENT,-59.1944,10999.1580,-61.6609,-59.1944,-2.4664,-0.00494446,-0.00474668,-2.4664,-59.1944,-0.00474668,-2.4664,-2.4664,-3.0830,-3.0830,-3.0830,-59.1944,-0.00474668,-14.1820,-12.9391,-47.4789,-48.7217,-0.00380723,-0.0039069,-0.00019778,35.1287,32.2745,-0.1737,-4.4043,-1.3702,890.7643,25.3571,,35.1287,12.8865,26.176,45.907,67.4589,99.6939,180.8197,25.9457,0.0,3.808605,6.907853,1.342023,15,40,21,2,0E-8,-0.00494446,,0E-8,0.000000,0.918750,0.000000,,2026-03-23,2026-06-05,14,45,39,75,0.186667,,,0.000000,,,,,,,,GLOBAL_BASELINE_NO_ENTITY_RANKING,,,NOT_APPLICABLE_GLOBAL_BASELINE,HF9g-P5,,,,X 全窗基线 · 不参与实体赏罚,3926315,393,A168_HF9F_20260827_0900,2026-08-27 09:00:00
2026-05-27,142551342,2123,0,760.2096414300,439.9097088891,439.9097088891,0.6666667,21,21,0.49643721428571429,0.496437214286,1.444481472984146,1.4444814729817157,1.444481472984146,-2.8571E-13,ELIGIBLE,R03b_20260811_FULL_v1,L1_ELIGIBILITY,v2026-08-11,2026-03-21..2026-08-06,baccarat_bet02_101_all_pairs_incl_sentinel,round_win = game_pnl > 0 (decisive only),COMPATIBILITY_ONLY_NOT_PRODUCTION,12470.6995,11457.4562,-61.6609,355,355,0.00494446,,0.00494446,0.00494446,61.6609,12470.6995,OK,0.0000,-2.4664,4.0000,96.0000,AG03-UNRESOLVED,ALL5_LEVELS_bet23_to_bet27,-2.4664,-2.4664,-3.0830,-3.0830,-3.0830,4.000000,4.000000,5.000000,5.000000,5.000000,96.000000,96.000000,95.000000,95.000000,95.000000,5.0,-14.1820,-12.9391,-47.4789,-48.7217,PENDING_AG03,FALSE,NOT_FOR_ENFORCEMENT,-59.1944,10999.1580,-61.6609,-59.1944,-2.4664,-0.00494446,-0.00474668,-2.4664,-59.1944,-0.00474668,-2.4664,-2.4664,-3.0830,-3.0830,-3.0830,-59.1944,-0.00474668,-14.1820,-12.9391,-47.4789,-48.7217,-0.00380723,-0.0039069,-0.00019778,35.1287,32.2745,-0.1737,-4.4043,-1.3702,890.7643,25.3571,,35.1287,12.8865,26.176,45.907,67.4589,99.6939,180.8197,25.9457,0.0,3.808605,6.907853,1.342023,15,40,21,2,0E-8,-0.00494446,,0E-8,0.000000,0.918750,0.000000,,2026-03-23,2026-06-05,14,45,39,75,0.186667,,,0.000000,,,,,,,,GLOBAL_BASELINE_NO_ENTITY_RANKING,,,NOT_APPLICABLE_GLOBAL_BASELINE,HF9g-P5,,,,X 全窗基线 · 不参与实体赏罚,3926316,393,A168_HF9F_20260827_0900,2026-08-27 09:00:00
2026-05-27,142551342,2212,0,15.5674329303,15.5674329303,15.5674329303,1.0000000,1,1,0.49324550000000000,0.493245500000,1.01360149184955,1.01360149184955,1.01360149184955,0E-17,ELIGIBLE,R03b_20260811_FULL_v1,L1_ELIGIBILITY,v2026-08-11,2026-03-21..2026-08-06,baccarat_bet02_101_all_pairs_incl_sentinel,round_win = game_pnl > 0 (decisive only),COMPATIBILITY_ONLY_NOT_PRODUCTION,12470.6995,11457.4562,-61.6609,355,355,0.00494446,,0.00494446,0.00494446,61.6609,12470.6995,OK,0.0000,-2.4664,4.0000,96.0000,AG03-UNRESOLVED,ALL5_LEVELS_bet23_to_bet27,-2.4664,-2.4664,-3.0830,-3.0830,-3.0830,4.000000,4.000000,5.000000,5.000000,5.000000,96.000000,96.000000,95.000000,95.000000,95.000000,5.0,-14.1820,-12.9391,-47.4789,-48.7217,PENDING_AG03,FALSE,NOT_FOR_ENFORCEMENT,-59.1944,10999.1580,-61.6609,-59.1944,-2.4664,-0.00494446,-0.00474668,-2.4664,-59.1944,-0.00474668,-2.4664,-2.4664,-3.0830,-3.0830,-3.0830,-59.1944,-0.00474668,-14.1820,-12.9391,-47.4789,-48.7217,-0.00380723,-0.0039069,-0.00019778,35.1287,32.2745,-0.1737,-4.4043,-1.3702,890.7643,25.3571,,35.1287,12.8865,26.176,45.907,67.4589,99.6939,180.8197,25.9457,0.0,3.808605,6.907853,1.342023,15,40,21,2,0E-8,-0.00494446,,0E-8,0.000000,0.918750,0.000000,,2026-03-23,2026-06-05,14,45,39,75,0.186667,,,0.000000,,,,,,,,GLOBAL_BASELINE_NO_ENTITY_RANKING,,,NOT_APPLICABLE_GLOBAL_BASELINE,HF9g-P5,,,,X 全窗基线 · 不参与实体赏罚,3926317,393,A168_HF9F_20260827_0900,2026-08-27 09:00:00
2026-05-28,142551342,-1,1,41.5131544808,29.3186653521,29.3186653521,0.5000000,2,2,0.49994810000000000,0.499948100000,0.00014679536856514622,0.00014679536856514622,0.00014679536856514622,0E-17,SENTINEL_DEALER,R03b_20260811_FULL_v1,L1_ELIGIBILITY,v2026-08-11,2026-03-21..2026-08-06,baccarat_bet02_101_all_pairs_incl_sentinel,round_win = game_pnl > 0 (decisive only),COMPATIBILITY_ONLY_NOT_PRODUCTION,12470.6995,11457.4562,-61.6609,355,355,0.00494446,,0.00494446,0.00494446,61.6609,12470.6995,OK,0.0000,-2.4664,4.0000,96.0000,AG03-UNRESOLVED,ALL5_LEVELS_bet23_to_bet27,-2.4664,-2.4664,-3.0830,-3.0830,-3.0830,4.000000,4.000000,5.000000,5.000000,5.000000,96.000000,96.000000,95.000000,95.000000,95.000000,5.0,-14.1820,-12.9391,-47.4789,-48.7217,PENDING_AG03,FALSE,NOT_FOR_ENFORCEMENT,-59.1944,10999.1580,-61.6609,-59.1944,-2.4664,-0.00494446,-0.00474668,-2.4664,-59.1944,-0.00474668,-2.4664,-2.4664,-3.0830,-3.0830,-3.0830,-59.1944,-0.00474668,-14.1820,-12.9391,-47.4789,-48.7217,-0.00380723,-0.0039069,-0.00019778,35.1287,32.2745,-0.1737,-4.4043,-1.3702,890.7643,25.3571,,35.1287,12.8865,26.176,45.907,67.4589,99.6939,180.8197,25.9457,0.0,3.808605,6.907853,1.342023,15,40,21,2,0E-8,-0.00494446,,0E-8,0.000000,0.918750,0.000000,,2026-03-23,2026-06-05,14,45,39,75,0.186667,,,0.000000,,,,,,,,GLOBAL_BASELINE_NO_ENTITY_RANKING,,,NOT_APPLICABLE_GLOBAL_BASELINE,HF9g-P5,,,,X 全窗基线 · 不参与实体赏罚,3926318,393,A168_HF9F_20260827_0900,2026-08-27 09:00:00
2026-05-28,142551342,1210,0,337.2943801567,-78.7452649056,-78.7452649056,0.4285714,7,7,0.49899058571428571,0.498990585714,-0.3726239140161595,-0.3726239140146481,-0.3726239140161595,2.8571E-13,ELIGIBLE,R03b_20260811_FULL_v1,L1_ELIGIBILITY,v2026-08-11,2026-03-21..2026-08-06,baccarat_bet02_101_all_pairs_incl_sentinel,round_win = game_pnl > 0 (decisive only),COMPATIBILITY_ONLY_NOT_PRODUCTION,12470.6995,11457.4562,-61.6609,355,355,0.00494446,,0.00494446,0.00494446,61.6609,12470.6995,OK,0.0000,-2.4664,4.0000,96.0000,AG03-UNRESOLVED,ALL5_LEVELS_bet23_to_bet27,-2.4664,-2.4664,-3.0830,-3.0830,-3.0830,4.000000,4.000000,5.000000,5.000000,5.000000,96.000000,96.000000,95.000000,95.000000,95.000000,5.0,-14.1820,-12.9391,-47.4789,-48.7217,PENDING_AG03,FALSE,NOT_FOR_ENFORCEMENT,-59.1944,10999.1580,-61.6609,-59.1944,-2.4664,-0.00494446,-0.00474668,-2.4664,-59.1944,-0.00474668,-2.4664,-2.4664,-3.0830,-3.0830,-3.0830,-59.1944,-0.00474668,-14.1820,-12.9391,-47.4789,-48.7217,-0.00380723,-0.0039069,-0.00019778,35.1287,32.2745,-0.1737,-4.4043,-1.3702,890.7643,25.3571,,35.1287,12.8865,26.176,45.907,67.4589,99.6939,180.8197,25.9457,0.0,3.808605,6.907853,1.342023,15,40,21,2,0E-8,-0.00494446,,0E-8,0.000000,0.918750,0.000000,,2026-03-23,2026-06-05,14,45,39,75,0.186667,,,0.000000,,,,,,,,GLOBAL_BASELINE_NO_ENTITY_RANKING,,,NOT_APPLICABLE_GLOBAL_BASELINE,HF9g-P5,,,,X 全窗基线 · 不参与实体赏罚,3926319,393,A168_HF9F_20260827_0900,2026-08-27 09:00:00
2026-05-28,142551342,1318,0,72.6480203414,-72.6480203414,-72.6480203414,0E-7,3,3,0.49771390000000000,0.497713900000,-1.724149546644903,-1.724149546644903,-1.724149546644903,0E-17,ELIGIBLE,R03b_20260811_FULL_v1,L1_ELIGIBILITY,v2026-08-11,2026-03-21..2026-08-06,baccarat_bet02_101_all_pairs_incl_sentinel,round_win = game_pnl > 0 (decisive only),COMPATIBILITY_ONLY_NOT_PRODUCTION,12470.6995,11457.4562,-61.6609,355,355,0.00494446,,0.00494446,0.00494446,61.6609,12470.6995,OK,0.0000,-2.4664,4.0000,96.0000,AG03-UNRESOLVED,ALL5_LEVELS_bet23_to_bet27,-2.4664,-2.4664,-3.0830,-3.0830,-3.0830,4.000000,4.000000,5.000000,5.000000,5.000000,96.000000,96.000000,95.000000,95.000000,95.000000,5.0,-14.1820,-12.9391,-47.4789,-48.7217,PENDING_AG03,FALSE,NOT_FOR_ENFORCEMENT,-59.1944,10999.1580,-61.6609,-59.1944,-2.4664,-0.00494446,-0.00474668,-2.4664,-59.1944,-0.00474668,-2.4664,-2.4664,-3.0830,-3.0830,-3.0830,-59.1944,-0.00474668,-14.1820,-12.9391,-47.4789,-48.7217,-0.00380723,-0.0039069,-0.00019778,35.1287,32.2745,-0.1737,-4.4043,-1.3702,890.7643,25.3571,,35.1287,12.8865,26.176,45.907,67.4589,99.6939,180.8197,25.9457,0.0,3.808605,6.907853,1.342023,15,40,21,2,0E-8,-0.00494446,,0E-8,0.000000,0.918750,0.000000,,2026-03-23,2026-06-05,14,45,39,75,0.186667,,,0.000000,,,,,,,,GLOBAL_BASELINE_NO_ENTITY_RANKING,,,NOT_APPLICABLE_GLOBAL_BASELINE,HF9g-P5,,,,X 全窗基线 · 不参与实体赏罚,3926320,393,A168_HF9F_20260827_0900,2026-08-27 09:00:00
2026-05-28,142551342,1507,0,20.7565772404,-20.7565772404,-20.7565772404,0E-7,2,2,0.50665070000000000,0.506650700000,-1.4331513700195317,-1.4331513700195317,-1.4331513700195317,0E-17,ELIGIBLE,R03b_20260811_FULL_v1,L1_ELIGIBILITY,v2026-08-11,2026-03-21..2026-08-06,baccarat_bet02_101_all_pairs_incl_sentinel,round_win = game_pnl > 0 (decisive only),COMPATIBILITY_ONLY_NOT_PRODUCTION,12470.6995,11457.4562,-61.6609,355,355,0.00494446,,0.00494446,0.00494446,61.6609,12470.6995,OK,0.0000,-2.4664,4.0000,96.0000,AG03-UNRESOLVED,ALL5_LEVELS_bet23_to_bet27,-2.4664,-2.4664,-3.0830,-3.0830,-3.0830,4.000000,4.000000,5.000000,5.000000,5.000000,96.000000,96.000000,95.000000,95.000000,95.000000,5.0,-14.1820,-12.9391,-47.4789,-48.7217,PENDING_AG03,FALSE,NOT_FOR_ENFORCEMENT,-59.1944,10999.1580,-61.6609,-59.1944,-2.4664,-0.00494446,-0.00474668,-2.4664,-59.1944,-0.00474668,-2.4664,-2.4664,-3.0830,-3.0830,-3.0830,-59.1944,-0.00474668,-14.1820,-12.9391,-47.4789,-48.7217,-0.00380723,-0.0039069,-0.00019778,35.1287,32.2745,-0.1737,-4.4043,-1.3702,890.7643,25.3571,,35.1287,12.8865,26.176,45.907,67.4589,99.6939,180.8197,25.9457,0.0,3.808605,6.907853,1.342023,15,40,21,2,0E-8,-0.00494446,,0E-8,0.000000,0.918750,0.000000,,2026-03-23,2026-06-05,14,45,39,75,0.186667,,,0.000000,,,,,,,,GLOBAL_BASELINE_NO_ENTITY_RANKING,,,NOT_APPLICABLE_GLOBAL_BASELINE,HF9g-P5,,,,X 全窗基线 · 不参与实体赏罚,3926321,393,A168_HF9F_20260827_0900,2026-08-27 09:00:00
2026-05-28,142551342,1935,0,199.7820559389,68.7561621089,68.7561621089,0.6250000,11,11,0.50055742727272727,0.500557427273,0.7039539338225768,0.7039539338210345,0.7039539338225768,-2.7273E-13,ELIGIBLE,R03b_20260811_FULL_v1,L1_ELIGIBILITY,v2026-08-11,2026-03-21..2026-08-06,baccarat_bet02_101_all_pairs_incl_sentinel,round_win = game_pnl > 0 (decisive only),COMPATIBILITY_ONLY_NOT_PRODUCTION,12470.6995,11457.4562,-61.6609,355,355,0.00494446,,0.00494446,0.00494446,61.6609,12470.6995,OK,0.0000,-2.4664,4.0000,96.0000,AG03-UNRESOLVED,ALL5_LEVELS_bet23_to_bet27,-2.4664,-2.4664,-3.0830,-3.0830,-3.0830,4.000000,4.000000,5.000000,5.000000,5.000000,96.000000,96.000000,95.000000,95.000000,95.000000,5.0,-14.1820,-12.9391,-47.4789,-48.7217,PENDING_AG03,FALSE,NOT_FOR_ENFORCEMENT,-59.1944,10999.1580,-61.6609,-59.1944,-2.4664,-0.00494446,-0.00474668,-2.4664,-59.1944,-0.00474668,-2.4664,-2.4664,-3.0830,-3.0830,-3.0830,-59.1944,-0.00474668,-14.1820,-12.9391,-47.4789,-48.7217,-0.00380723,-0.0039069,-0.00019778,35.1287,32.2745,-0.1737,-4.4043,-1.3702,890.7643,25.3571,,35.1287,12.8865,26.176,45.907,67.4589,99.6939,180.8197,25.9457,0.0,3.808605,6.907853,1.342023,15,40,21,2,0E-8,-0.00494446,,0E-8,0.000000,0.918750,0.000000,,2026-03-23,2026-06-05,14,45,39,75,0.186667,,,0.000000,,,,,,,,GLOBAL_BASELINE_NO_ENTITY_RANKING,,,NOT_APPLICABLE_GLOBAL_BASELINE,HF9g-P5,,,,X 全窗基线 · 不参与实体赏罚,3926322,393,A168_HF9F_20260827_0900,2026-08-27 09:00:00
2026-05-28,142551342,1985,0,25.9457215505,-25.9457215505,-25.9457215505,0E-7,1,1,0.50665070000000000,0.506650700000,-1.013391052207602,-1.013391052207602,-1.013391052207602,0E-17,ELIGIBLE,R03b_20260811_FULL_v1,L1_ELIGIBILITY,v2026-08-11,2026-03-21..2026-08-06,baccarat_bet02_101_all_pairs_incl_sentinel,round_win = game_pnl > 0 (decisive only),COMPATIBILITY_ONLY_NOT_PRODUCTION,12470.6995,11457.4562,-61.6609,355,355,0.00494446,,0.00494446,0.00494446,61.6609,12470.6995,OK,0.0000,-2.4664,4.0000,96.0000,AG03-UNRESOLVED,ALL5_LEVELS_bet23_to_bet27,-2.4664,-2.4664,-3.0830,-3.0830,-3.0830,4.000000,4.000000,5.000000,5.000000,5.000000,96.000000,96.000000,95.000000,95.000000,95.000000,5.0,-14.1820,-12.9391,-47.4789,-48.7217,PENDING_AG03,FALSE,NOT_FOR_ENFORCEMENT,-59.1944,10999.1580,-61.6609,-59.1944,-2.4664,-0.00494446,-0.00474668,-2.4664,-59.1944,-0.00474668,-2.4664,-2.4664,-3.0830,-3.0830,-3.0830,-59.1944,-0.00474668,-14.1820,-12.9391,-47.4789,-48.7217,-0.00380723,-0.0039069,-0.00019778,35.1287,32.2745,-0.1737,-4.4043,-1.3702,890.7643,25.3571,,35.1287,12.8865,26.176,45.907,67.4589,99.6939,180.8197,25.9457,0.0,3.808605,6.907853,1.342023,15,40,21,2,0E-8,-0.00494446,,0E-8,0.000000,0.918750,0.000000,,2026-03-23,2026-06-05,14,45,39,75,0.186667,,,0.000000,,,,,,,,GLOBAL_BASELINE_NO_ENTITY_RANKING,,,NOT_APPLICABLE_GLOBAL_BASELINE,HF9g-P5,,,,X 全窗基线 · 不参与实体赏罚,3926323,393,A168_HF9F_20260827_0900,2026-08-27 09:00:00
2026-05-28,142551342,2123,0,113.1233459603,113.1233459603,113.1233459603,1.0000000,1,1,0.49324550000000000,0.493245500000,1.01360149184955,1.01360149184955,1.01360149184955,0E-17,ELIGIBLE,R03b_20260811_FULL_v1,L1_ELIGIBILITY,v2026-08-11,2026-03-21..2026-08-06,baccarat_bet02_101_all_pairs_incl_sentinel,round_win = game_pnl > 0 (decisive only),COMPATIBILITY_ONLY_NOT_PRODUCTION,12470.6995,11457.4562,-61.6609,355,355,0.00494446,,0.00494446,0.00494446,61.6609,12470.6995,OK,0.0000,-2.4664,4.0000,96.0000,AG03-UNRESOLVED,ALL5_LEVELS_bet23_to_bet27,-2.4664,-2.4664,-3.0830,-3.0830,-3.0830,4.000000,4.000000,5.000000,5.000000,5.000000,96.000000,96.000000,95.000000,95.000000,95.000000,5.0,-14.1820,-12.9391,-47.4789,-48.7217,PENDING_AG03,FALSE,NOT_FOR_ENFORCEMENT,-59.1944,10999.1580,-61.6609,-59.1944,-2.4664,-0.00494446,-0.00474668,-2.4664,-59.1944,-0.00474668,-2.4664,-2.4664,-3.0830,-3.0830,-3.0830,-59.1944,-0.00474668,-14.1820,-12.9391,-47.4789,-48.7217,-0.00380723,-0.0039069,-0.00019778,35.1287,32.2745,-0.1737,-4.4043,-1.3702,890.7643,25.3571,,35.1287,12.8865,26.176,45.907,67.4589,99.6939,180.8197,25.9457,0.0,3.808605,6.907853,1.342023,15,40,21,2,0E-8,-0.00494446,,0E-8,0.000000,0.918750,0.000000,,2026-03-23,2026-06-05,14,45,39,75,0.186667,,,0.000000,,,,,,,,GLOBAL_BASELINE_NO_ENTITY_RANKING,,,NOT_APPLICABLE_GLOBAL_BASELINE,HF9g-P5,,,,X 全窗基线 · 不参与实体赏罚,3926324,393,A168_HF9F_20260827_0900,2026-08-27 09:00:00
2026-05-28,142551342,2153,0,62.2697317212,31.1348658606,31.1348658606,0.6666667,4,4,0.49324550000000000,0.493245500000,0.6008033672792107,0.6008033672792106,0.6008033672792107,0E-17,ELIGIBLE,R03b_20260811_FULL_v1,L1_ELIGIBILITY,v2026-08-11,2026-03-21..2026-08-06,baccarat_bet02_101_all_pairs_incl_sentinel,round_win = game_pnl > 0 (decisive only),COMPATIBILITY_ONLY_NOT_PRODUCTION,12470.6995,11457.4562,-61.6609,355,355,0.00494446,,0.00494446,0.00494446,61.6609,12470.6995,OK,0.0000,-2.4664,4.0000,96.0000,AG03-UNRESOLVED,ALL5_LEVELS_bet23_to_bet27,-2.4664,-2.4664,-3.0830,-3.0830,-3.0830,4.000000,4.000000,5.000000,5.000000,5.000000,96.000000,96.000000,95.000000,95.000000,95.000000,5.0,-14.1820,-12.9391,-47.4789,-48.7217,PENDING_AG03,FALSE,NOT_FOR_ENFORCEMENT,-59.1944,10999.1580,-61.6609,-59.1944,-2.4664,-0.00494446,-0.00474668,-2.4664,-59.1944,-0.00474668,-2.4664,-2.4664,-3.0830,-3.0830,-3.0830,-59.1944,-0.00474668,-14.1820,-12.9391,-47.4789,-48.7217,-0.00380723,-0.0039069,-0.00019778,35.1287,32.2745,-0.1737,-4.4043,-1.3702,890.7643,25.3571,,35.1287,12.8865,26.176,45.907,67.4589,99.6939,180.8197,25.9457,0.0,3.808605,6.907853,1.342023,15,40,21,2,0E-8,-0.00494446,,0E-8,0.000000,0.918750,0.000000,,2026-03-23,2026-06-05,14,45,39,75,0.186667,,,0.000000,,,,,,,,GLOBAL_BASELINE_NO_ENTITY_RANKING,,,NOT_APPLICABLE_GLOBAL_BASELINE,HF9g-P5,,,,X 全窗基线 · 不参与实体赏罚,3926325,393,A168_HF9F_20260827_0900,2026-08-27 09:00:00
2026-05-28,142551342,2177,0,5.1891443101,4.9296870946,4.9296870946,1.0000000,1,1,0.50665070000000000,0.506650700000,0.9867858985152569,0.9867858985152569,0.9867858985152569,0E-17,ELIGIBLE,R03b_20260811_FULL_v1,L1_ELIGIBILITY,v2026-08-11,2026-03-21..2026-08-06,baccarat_bet02_101_all_pairs_incl_sentinel,round_win = game_pnl > 0 (decisive only),COMPATIBILITY_ONLY_NOT_PRODUCTION,12470.6995,11457.4562,-61.6609,355,355,0.00494446,,0.00494446,0.00494446,61.6609,12470.6995,OK,0.0000,-2.4664,4.0000,96.0000,AG03-UNRESOLVED,ALL5_LEVELS_bet23_to_bet27,-2.4664,-2.4664,-3.0830,-3.0830,-3.0830,4.000000,4.000000,5.000000,5.000000,5.000000,96.000000,96.000000,95.000000,95.000000,95.000000,5.0,-14.1820,-12.9391,-47.4789,-48.7217,PENDING_AG03,FALSE,NOT_FOR_ENFORCEMENT,-59.1944,10999.1580,-61.6609,-59.1944,-2.4664,-0.00494446,-0.00474668,-2.4664,-59.1944,-0.00474668,-2.4664,-2.4664,-3.0830,-3.0830,-3.0830,-59.1944,-0.00474668,-14.1820,-12.9391,-47.4789,-48.7217,-0.00380723,-0.0039069,-0.00019778,35.1287,32.2745,-0.1737,-4.4043,-1.3702,890.7643,25.3571,,35.1287,12.8865,26.176,45.907,67.4589,99.6939,180.8197,25.9457,0.0,3.808605,6.907853,1.342023,15,40,21,2,0E-8,-0.00494446,,0E-8,0.000000,0.918750,0.000000,,2026-03-23,2026-06-05,14,45,39,75,0.186667,,,0.000000,,,,,,,,GLOBAL_BASELINE_NO_ENTITY_RANKING,,,NOT_APPLICABLE_GLOBAL_BASELINE,HF9g-P5,,,,X 全窗基线 · 不参与实体赏罚,3926326,393,A168_HF9F_20260827_0900,2026-08-27 09:00:00
2026-05-28,142551342,2222,0,80.4317368066,-18.9403767319,-18.9403767319,0.5000000,4,4,0.49994810000000000,0.499948100000,0.00020760000111838688,0.00020760000111838688,0.00020760000111838688,0E-17,ELIGIBLE,R03b_20260811_FULL_v1,L1_ELIGIBILITY,v2026-08-11,2026-03-21..2026-08-06,baccarat_bet02_101_all_pairs_incl_sentinel,round_win = game_pnl > 0 (decisive only),COMPATIBILITY_ONLY_NOT_PRODUCTION,12470.6995,11457.4562,-61.6609,355,355,0.00494446,,0.00494446,0.00494446,61.6609,12470.6995,OK,0.0000,-2.4664,4.0000,96.0000,AG03-UNRESOLVED,ALL5_LEVELS_bet23_to_bet27,-2.4664,-2.4664,-3.0830,-3.0830,-3.0830,4.000000,4.000000,5.000000,5.000000,5.000000,96.000000,96.000000,95.000000,95.000000,95.000000,5.0,-14.1820,-12.9391,-47.4789,-48.7217,PENDING_AG03,FALSE,NOT_FOR_ENFORCEMENT,-59.1944,10999.1580,-61.6609,-59.1944,-2.4664,-0.00494446,-0.00474668,-2.4664,-59.1944,-0.00474668,-2.4664,-2.4664,-3.0830,-3.0830,-3.0830,-59.1944,-0.00474668,-14.1820,-12.9391,-47.4789,-48.7217,-0.00380723,-0.0039069,-0.00019778,35.1287,32.2745,-0.1737,-4.4043,-1.3702,890.7643,25.3571,,35.1287,12.8865,26.176,45.907,67.4589,99.6939,180.8197,25.9457,0.0,3.808605,6.907853,1.342023,15,40,21,2,0E-8,-0.00494446,,0E-8,0.000000,0.918750,0.000000,,2026-03-23,2026-06-05,14,45,39,75,0.186667,,,0.000000,,,,,,,,GLOBAL_BASELINE_NO_ENTITY_RANKING,,,NOT_APPLICABLE_GLOBAL_BASELINE,HF9g-P5,,,,X 全窗基线 · 不参与实体赏罚,3926327,393,A168_HF9F_20260827_0900,2026-08-27 09:00:00
2026-05-28,142551342,2234,0,36.3240101707,34.7672668777,34.7672668777,1.0000000,2,2,0.49994810000000000,0.499948100000,1.4143603653603398,1.4143603653603398,1.4143603653603398,0E-17,ELIGIBLE,R03b_20260811_FULL_v1,L1_ELIGIBILITY,v2026-08-11,2026-03-21..2026-08-06,baccarat_bet02_101_all_pairs_incl_sentinel,round_win = game_pnl > 0 (decisive only),COMPATIBILITY_ONLY_NOT_PRODUCTION,12470.6995,11457.4562,-61.6609,355,355,0.00494446,,0.00494446,0.00494446,61.6609,12470.6995,OK,0.0000,-2.4664,4.0000,96.0000,AG03-UNRESOLVED,ALL5_LEVELS_bet23_to_bet27,-2.4664,-2.4664,-3.0830,-3.0830,-3.0830,4.000000,4.000000,5.000000,5.000000,5.000000,96.000000,96.000000,95.000000,95.000000,95.000000,5.0,-14.1820,-12.9391,-47.4789,-48.7217,PENDING_AG03,FALSE,NOT_FOR_ENFORCEMENT,-59.1944,10999.1580,-61.6609,-59.1944,-2.4664,-0.00494446,-0.00474668,-2.4664,-59.1944,-0.00474668,-2.4664,-2.4664,-3.0830,-3.0830,-3.0830,-59.1944,-0.00474668,-14.1820,-12.9391,-47.4789,-48.7217,-0.00380723,-0.0039069,-0.00019778,35.1287,32.2745,-0.1737,-4.4043,-1.3702,890.7643,25.3571,,35.1287,12.8865,26.176,45.907,67.4589,99.6939,180.8197,25.9457,0.0,3.808605,6.907853,1.342023,15,40,21,2,0E-8,-0.00494446,,0E-8,0.000000,0.918750,0.000000,,2026-03-23,2026-06-05,14,45,39,75,0.186667,,,0.000000,,,,,,,,GLOBAL_BASELINE_NO_ENTITY_RANKING,,,NOT_APPLICABLE_GLOBAL_BASELINE,HF9g-P5,,,,X 全窗基线 · 不参与实体赏罚,3926328,393,A168_HF9F_20260827_0900,2026-08-27 09:00:00
2026-05-28,142551342,2252,0,236.1060661096,40.3455970111,40.3455970111,0.7500000,9,9,0.50069283333333333,0.500692833333,1.4102956591225702,1.4102956591244544,1.4102956591225702,3.3333E-13,ELIGIBLE,R03b_20260811_FULL_v1,L1_ELIGIBILITY,v2026-08-11,2026-03-21..2026-08-06,baccarat_bet02_101_all_pairs_incl_sentinel,round_win = game_pnl > 0 (decisive only),COMPATIBILITY_ONLY_NOT_PRODUCTION,12470.6995,11457.4562,-61.6609,355,355,0.00494446,,0.00494446,0.00494446,61.6609,12470.6995,OK,0.0000,-2.4664,4.0000,96.0000,AG03-UNRESOLVED,ALL5_LEVELS_bet23_to_bet27,-2.4664,-2.4664,-3.0830,-3.0830,-3.0830,4.000000,4.000000,5.000000,5.000000,5.000000,96.000000,96.000000,95.000000,95.000000,95.000000,5.0,-14.1820,-12.9391,-47.4789,-48.7217,PENDING_AG03,FALSE,NOT_FOR_ENFORCEMENT,-59.1944,10999.1580,-61.6609,-59.1944,-2.4664,-0.00494446,-0.00474668,-2.4664,-59.1944,-0.00474668,-2.4664,-2.4664,-3.0830,-3.0830,-3.0830,-59.1944,-0.00474668,-14.1820,-12.9391,-47.4789,-48.7217,-0.00380723,-0.0039069,-0.00019778,35.1287,32.2745,-0.1737,-4.4043,-1.3702,890.7643,25.3571,,35.1287,12.8865,26.176,45.907,67.4589,99.6939,180.8197,25.9457,0.0,3.808605,6.907853,1.342023,15,40,21,2,0E-8,-0.00494446,,0E-8,0.000000,0.918750,0.000000,,2026-03-23,2026-06-05,14,45,39,75,0.186667,,,0.000000,,,,,,,,GLOBAL_BASELINE_NO_ENTITY_RANKING,,,NOT_APPLICABLE_GLOBAL_BASELINE,HF9g-P5,,,,X 全窗基线 · 不参与实体赏罚,3926329,393,A168_HF9F_20260827_0900,2026-08-27 09:00:00
2026-05-28,142551342,970,0,309.5324580976,-208.3441440506,-208.3441440506,0E-7,2,2,0.49324550000000000,0.493245500000,-0.9865810262130424,-0.9865810262130424,-0.9865810262130424,0E-17,ELIGIBLE,R03b_20260811_FULL_v1,L1_ELIGIBILITY,v2026-08-11,2026-03-21..2026-08-06,baccarat_bet02_101_all_pairs_incl_sentinel,round_win = game_pnl > 0 (decisive only),COMPATIBILITY_ONLY_NOT_PRODUCTION,12470.6995,11457.4562,-61.6609,355,355,0.00494446,,0.00494446,0.00494446,61.6609,12470.6995,OK,0.0000,-2.4664,4.0000,96.0000,AG03-UNRESOLVED,ALL5_LEVELS_bet23_to_bet27,-2.4664,-2.4664,-3.0830,-3.0830,-3.0830,4.000000,4.000000,5.000000,5.000000,5.000000,96.000000,96.000000,95.000000,95.000000,95.000000,5.0,-14.1820,-12.9391,-47.4789,-48.7217,PENDING_AG03,FALSE,NOT_FOR_ENFORCEMENT,-59.1944,10999.1580,-61.6609,-59.1944,-2.4664,-0.00494446,-0.00474668,-2.4664,-59.1944,-0.00474668,-2.4664,-2.4664,-3.0830,-3.0830,-3.0830,-59.1944,-0.00474668,-14.1820,-12.9391,-47.4789,-48.7217,-0.00380723,-0.0039069,-0.00019778,35.1287,32.2745,-0.1737,-4.4043,-1.3702,890.7643,25.3571,,35.1287,12.8865,26.176,45.907,67.4589,99.6939,180.8197,25.9457,0.0,3.808605,6.907853,1.342023,15,40,21,2,0E-8,-0.00494446,,0E-8,0.000000,0.918750,0.000000,,2026-03-23,2026-06-05,14,45,39,75,0.186667,,,0.000000,,,,,,,,GLOBAL_BASELINE_NO_ENTITY_RANKING,,,NOT_APPLICABLE_GLOBAL_BASELINE,HF9g-P5,,,,X 全窗基线 · 不参与实体赏罚,3926330,393,A168_HF9F_20260827_0900,2026-08-27 09:00:00
2026-05-28,142551342,987,0,485.1849929944,29.5781225677,29.5781225677,0.5000000,19,19,0.50171194210526316,0.501711942105,-0.014526395606158806,-0.01452639560392578,-0.014526395606158806,2.6316E-13,ELIGIBLE,R03b_20260811_FULL_v1,L1_ELIGIBILITY,v2026-08-11,2026-03-21..2026-08-06,baccarat_bet02_101_all_pairs_incl_sentinel,round_win = game_pnl > 0 (decisive only),COMPATIBILITY_ONLY_NOT_PRODUCTION,12470.6995,11457.4562,-61.6609,355,355,0.00494446,,0.00494446,0.00494446,61.6609,12470.6995,OK,0.0000,-2.4664,4.0000,96.0000,AG03-UNRESOLVED,ALL5_LEVELS_bet23_to_bet27,-2.4664,-2.4664,-3.0830,-3.0830,-3.0830,4.000000,4.000000,5.000000,5.000000,5.000000,96.000000,96.000000,95.000000,95.000000,95.000000,5.0,-14.1820,-12.9391,-47.4789,-48.7217,PENDING_AG03,FALSE,NOT_FOR_ENFORCEMENT,-59.1944,10999.1580,-61.6609,-59.1944,-2.4664,-0.00494446,-0.00474668,-2.4664,-59.1944,-0.00474668,-2.4664,-2.4664,-3.0830,-3.0830,-3.0830,-59.1944,-0.00474668,-14.1820,-12.9391,-47.4789,-48.7217,-0.00380723,-0.0039069,-0.00019778,35.1287,32.2745,-0.1737,-4.4043,-1.3702,890.7643,25.3571,,35.1287,12.8865,26.176,45.907,67.4589,99.6939,180.8197,25.9457,0.0,3.808605,6.907853,1.342023,15,40,21,2,0E-8,-0.00494446,,0E-8,0.000000,0.918750,0.000000,,2026-03-23,2026-06-05,14,45,39,75,0.186667,,,0.000000,,,,,,,,GLOBAL_BASELINE_NO_ENTITY_RANKING,,,NOT_APPLICABLE_GLOBAL_BASELINE,HF9g-P5,,,,X 全窗基线 · 不参与实体赏罚,3926331,393,A168_HF9F_20260827_0900,2026-08-27 09:00:00
2026-05-28,142551342,994,0,690.1561932436,162.8094027297,162.8094027297,0.5294118,18,18,0.50292703333333333,0.502927033333,0.2184024321985397,0.2184024322012876,0.2184024321985397,3.3333E-13,ELIGIBLE,R03b_20260811_FULL_v1,L1_ELIGIBILITY,v2026-08-11,2026-03-21..2026-08-06,baccarat_bet02_101_all_pairs_incl_sentinel,round_win = game_pnl > 0 (decisive only),COMPATIBILITY_ONLY_NOT_PRODUCTION,12470.6995,11457.4562,-61.6609,355,355,0.00494446,,0.00494446,0.00494446,61.6609,12470.6995,OK,0.0000,-2.4664,4.0000,96.0000,AG03-UNRESOLVED,ALL5_LEVELS_bet23_to_bet27,-2.4664,-2.4664,-3.0830,-3.0830,-3.0830,4.000000,4.000000,5.000000,5.000000,5.000000,96.000000,96.000000,95.000000,95.000000,95.000000,5.0,-14.1820,-12.9391,-47.4789,-48.7217,PENDING_AG03,FALSE,NOT_FOR_ENFORCEMENT,-59.1944,10999.1580,-61.6609,-59.1944,-2.4664,-0.00494446,-0.00474668,-2.4664,-59.1944,-0.00474668,-2.4664,-2.4664,-3.0830,-3.0830,-3.0830,-59.1944,-0.00474668,-14.1820,-12.9391,-47.4789,-48.7217,-0.00380723,-0.0039069,-0.00019778,35.1287,32.2745,-0.1737,-4.4043,-1.3702,890.7643,25.3571,,35.1287,12.8865,26.176,45.907,67.4589,99.6939,180.8197,25.9457,0.0,3.808605,6.907853,1.342023,15,40,21,2,0E-8,-0.00494446,,0E-8,0.000000,0.918750,0.000000,,2026-03-23,2026-06-05,14,45,39,75,0.186667,,,0.000000,,,,,,,,GLOBAL_BASELINE_NO_ENTITY_RANKING,,,NOT_APPLICABLE_GLOBAL_BASELINE,HF9g-P5,,,,X 全窗基线 · 不参与实体赏罚,3926332,393,A168_HF9F_20260827_0900,2026-08-27 09:00:00
2026-05-29,142551342,1115,0,101.1883140470,57.0805874111,57.0805874111,0.5000000,3,3,0.49771390000000000,0.497713900000,0.006466134837551399,0.0064661348375514,0.006466134837551399,0E-17,ELIGIBLE,R03b_20260811_FULL_v1,L1_ELIGIBILITY,v2026-08-11,2026-03-21..2026-08-06,baccarat_bet02_101_all_pairs_incl_sentinel,round_win = game_pnl > 0 (decisive only),COMPATIBILITY_ONLY_NOT_PRODUCTION,12470.6995,11457.4562,-61.6609,355,355,0.00494446,,0.00494446,0.00494446,61.6609,12470.6995,OK,0.0000,-2.4664,4.0000,96.0000,AG03-UNRESOLVED,ALL5_LEVELS_bet23_to_bet27,-2.4664,-2.4664,-3.0830,-3.0830,-3.0830,4.000000,4.000000,5.000000,5.000000,5.000000,96.000000,96.000000,95.000000,95.000000,95.000000,5.0,-14.1820,-12.9391,-47.4789,-48.7217,PENDING_AG03,FALSE,NOT_FOR_ENFORCEMENT,-59.1944,10999.1580,-61.6609,-59.1944,-2.4664,-0.00494446,-0.00474668,-2.4664,-59.1944,-0.00474668,-2.4664,-2.4664,-3.0830,-3.0830,-3.0830,-59.1944,-0.00474668,-14.1820,-12.9391,-47.4789,-48.7217,-0.00380723,-0.0039069,-0.00019778,35.1287,32.2745,-0.1737,-4.4043,-1.3702,890.7643,25.3571,,35.1287,12.8865,26.176,45.907,67.4589,99.6939,180.8197,25.9457,0.0,3.808605,6.907853,1.342023,15,40,21,2,0E-8,-0.00494446,,0E-8,0.000000,0.918750,0.000000,,2026-03-23,2026-06-05,14,45,39,75,0.186667,,,0.000000,,,,,,,,GLOBAL_BASELINE_NO_ENTITY_RANKING,,,NOT_APPLICABLE_GLOBAL_BASELINE,HF9g-P5,,,,X 全窗基线 · 不参与实体赏罚,3926333,393,A168_HF9F_20260827_0900,2026-08-27 09:00:00
2026-05-29,142551342,1330,0,103.7828862021,-103.7828862021,-103.7828862021,0E-7,3,3,0.50218230000000000,0.502182300000,-1.7396270863184011,-1.7396270863184016,-1.7396270863184011,0E-17,ELIGIBLE,R03b_20260811_FULL_v1,L1_ELIGIBILITY,v2026-08-11,2026-03-21..2026-08-06,baccarat_bet02_101_all_pairs_incl_sentinel,round_win = game_pnl > 0 (decisive only),COMPATIBILITY_ONLY_NOT_PRODUCTION,12470.6995,11457.4562,-61.6609,355,355,0.00494446,,0.00494446,0.00494446,61.6609,12470.6995,OK,0.0000,-2.4664,4.0000,96.0000,AG03-UNRESOLVED,ALL5_LEVELS_bet23_to_bet27,-2.4664,-2.4664,-3.0830,-3.0830,-3.0830,4.000000,4.000000,5.000000,5.000000,5.000000,96.000000,96.000000,95.000000,95.000000,95.000000,5.0,-14.1820,-12.9391,-47.4789,-48.7217,PENDING_AG03,FALSE,NOT_FOR_ENFORCEMENT,-59.1944,10999.1580,-61.6609,-59.1944,-2.4664,-0.00494446,-0.00474668,-2.4664,-59.1944,-0.00474668,-2.4664,-2.4664,-3.0830,-3.0830,-3.0830,-59.1944,-0.00474668,-14.1820,-12.9391,-47.4789,-48.7217,-0.00380723,-0.0039069,-0.00019778,35.1287,32.2745,-0.1737,-4.4043,-1.3702,890.7643,25.3571,,35.1287,12.8865,26.176,45.907,67.4589,99.6939,180.8197,25.9457,0.0,3.808605,6.907853,1.342023,15,40,21,2,0E-8,-0.00494446,,0E-8,0.000000,0.918750,0.000000,,2026-03-23,2026-06-05,14,45,39,75,0.186667,,,0.000000,,,,,,,,GLOBAL_BASELINE_NO_ENTITY_RANKING,,,NOT_APPLICABLE_GLOBAL_BASELINE,HF9g-P5,,,,X 全窗基线 · 不参与实体赏罚,3926334,393,A168_HF9F_20260827_0900,2026-08-27 09:00:00
2026-05-29,142551342,1966,0,197.1874837839,-134.9177520627,-134.9177520627,0.3333333,3,3,0.49771390000000000,0.497713900000,-0.5694369385616226,-0.5694369385616226,-0.5694369385616226,0E-17,ELIGIBLE,R03b_20260811_FULL_v1,L1_ELIGIBILITY,v2026-08-11,2026-03-21..2026-08-06,baccarat_bet02_101_all_pairs_incl_sentinel,round_win = game_pnl > 0 (decisive only),COMPATIBILITY_ONLY_NOT_PRODUCTION,12470.6995,11457.4562,-61.6609,355,355,0.00494446,,0.00494446,0.00494446,61.6609,12470.6995,OK,0.0000,-2.4664,4.0000,96.0000,AG03-UNRESOLVED,ALL5_LEVELS_bet23_to_bet27,-2.4664,-2.4664,-3.0830,-3.0830,-3.0830,4.000000,4.000000,5.000000,5.000000,5.000000,96.000000,96.000000,95.000000,95.000000,95.000000,5.0,-14.1820,-12.9391,-47.4789,-48.7217,PENDING_AG03,FALSE,NOT_FOR_ENFORCEMENT,-59.1944,10999.1580,-61.6609,-59.1944,-2.4664,-0.00494446,-0.00474668,-2.4664,-59.1944,-0.00474668,-2.4664,-2.4664,-3.0830,-3.0830,-3.0830,-59.1944,-0.00474668,-14.1820,-12.9391,-47.4789,-48.7217,-0.00380723,-0.0039069,-0.00019778,35.1287,32.2745,-0.1737,-4.4043,-1.3702,890.7643,25.3571,,35.1287,12.8865,26.176,45.907,67.4589,99.6939,180.8197,25.9457,0.0,3.808605,6.907853,1.342023,15,40,21,2,0E-8,-0.00494446,,0E-8,0.000000,0.918750,0.000000,,2026-03-23,2026-06-05,14,45,39,75,0.186667,,,0.000000,,,,,,,,GLOBAL_BASELINE_NO_ENTITY_RANKING,,,NOT_APPLICABLE_GLOBAL_BASELINE,HF9g-P5,,,,X 全窗基线 · 不参与实体赏罚,3926335,393,A168_HF9F_20260827_0900,2026-08-27 09:00:00
2026-05-29,142551342,2088,0,69.0156193244,-69.0156193244,-69.0156193244,0E-7,2,2,0.50665070000000000,0.506650700000,-1.4331513700195317,-1.4331513700195317,-1.4331513700195317,0E-17,ELIGIBLE,R03b_20260811_FULL_v1,L1_ELIGIBILITY,v2026-08-11,2026-03-21..2026-08-06,baccarat_bet02_101_all_pairs_incl_sentinel,round_win = game_pnl > 0 (decisive only),COMPATIBILITY_ONLY_NOT_PRODUCTION,12470.6995,11457.4562,-61.6609,355,355,0.00494446,,0.00494446,0.00494446,61.6609,12470.6995,OK,0.0000,-2.4664,4.0000,96.0000,AG03-UNRESOLVED,ALL5_LEVELS_bet23_to_bet27,-2.4664,-2.4664,-3.0830,-3.0830,-3.0830,4.000000,4.000000,5.000000,5.000000,5.000000,96.000000,96.000000,95.000000,95.000000,95.000000,5.0,-14.1820,-12.9391,-47.4789,-48.7217,PENDING_AG03,FALSE,NOT_FOR_ENFORCEMENT,-59.1944,10999.1580,-61.6609,-59.1944,-2.4664,-0.00494446,-0.00474668,-2.4664,-59.1944,-0.00474668,-2.4664,-2.4664,-3.0830,-3.0830,-3.0830,-59.1944,-0.00474668,-14.1820,-12.9391,-47.4789,-48.7217,-0.00380723,-0.0039069,-0.00019778,35.1287,32.2745,-0.1737,-4.4043,-1.3702,890.7643,25.3571,,35.1287,12.8865,26.176,45.907,67.4589,99.6939,180.8197,25.9457,0.0,3.808605,6.907853,1.342023,15,40,21,2,0E-8,-0.00494446,,0E-8,0.000000,0.918750,0.000000,,2026-03-23,2026-06-05,14,45,39,75,0.186667,,,0.000000,,,,,,,,GLOBAL_BASELINE_NO_ENTITY_RANKING,,,NOT_APPLICABLE_GLOBAL_BASELINE,HF9g-P5,,,,X 全窗基线 · 不参与实体赏罚,3926336,393,A168_HF9F_20260827_0900,2026-08-27 09:00:00
2026-06-04,142551342,1205,0,642.8883688637,135.2637128090,135.2637128090,0.5294118,18,18,0.49994810000000000,0.499948100000,0.2429636047091705,0.2429636047091705,0.2429636047091705,0E-17,ELIGIBLE,R03b_20260811_FULL_v1,L1_ELIGIBILITY,v2026-08-11,2026-03-21..2026-08-06,baccarat_bet02_101_all_pairs_incl_sentinel,round_win = game_pnl > 0 (decisive only),COMPATIBILITY_ONLY_NOT_PRODUCTION,12470.6995,11457.4562,-61.6609,355,355,0.00494446,,0.00494446,0.00494446,61.6609,12470.6995,OK,0.0000,-2.4664,4.0000,96.0000,AG03-UNRESOLVED,ALL5_LEVELS_bet23_to_bet27,-2.4664,-2.4664,-3.0830,-3.0830,-3.0830,4.000000,4.000000,5.000000,5.000000,5.000000,96.000000,96.000000,95.000000,95.000000,95.000000,5.0,-14.1820,-12.9391,-47.4789,-48.7217,PENDING_AG03,FALSE,NOT_FOR_ENFORCEMENT,-59.1944,10999.1580,-61.6609,-59.1944,-2.4664,-0.00494446,-0.00474668,-2.4664,-59.1944,-0.00474668,-2.4664,-2.4664,-3.0830,-3.0830,-3.0830,-59.1944,-0.00474668,-14.1820,-12.9391,-47.4789,-48.7217,-0.00380723,-0.0039069,-0.00019778,35.1287,32.2745,-0.1737,-4.4043,-1.3702,890.7643,25.3571,,35.1287,12.8865,26.176,45.907,67.4589,99.6939,180.8197,25.9457,0.0,3.808605,6.907853,1.342023,15,40,21,2,0E-8,-0.00494446,,0E-8,0.000000,0.918750,0.000000,,2026-03-23,2026-06-05,14,45,39,75,0.186667,,,0.000000,,,,,,,,GLOBAL_BASELINE_NO_ENTITY_RANKING,,,NOT_APPLICABLE_GLOBAL_BASELINE,HF9g-P5,,,,X 全窗基线 · 不参与实体赏罚,3926337,393,A168_HF9F_20260827_0900,2026-08-27 09:00:00
2026-06-04,142551342,1935,0,15.4293208527,-15.4293208527,-15.4293208527,0E-7,1,1,0.49324550000000000,0.493245500000,-0.9865810262130424,-0.9865810262130424,-0.9865810262130424,0E-17,ELIGIBLE,R03b_20260811_FULL_v1,L1_ELIGIBILITY,v2026-08-11,2026-03-21..2026-08-06,baccarat_bet02_101_all_pairs_incl_sentinel,round_win = game_pnl > 0 (decisive only),COMPATIBILITY_ONLY_NOT_PRODUCTION,12470.6995,11457.4562,-61.6609,355,355,0.00494446,,0.00494446,0.00494446,61.6609,12470.6995,OK,0.0000,-2.4664,4.0000,96.0000,AG03-UNRESOLVED,ALL5_LEVELS_bet23_to_bet27,-2.4664,-2.4664,-3.0830,-3.0830,-3.0830,4.000000,4.000000,5.000000,5.000000,5.000000,96.000000,96.000000,95.000000,95.000000,95.000000,5.0,-14.1820,-12.9391,-47.4789,-48.7217,PENDING_AG03,FALSE,NOT_FOR_ENFORCEMENT,-59.1944,10999.1580,-61.6609,-59.1944,-2.4664,-0.00494446,-0.00474668,-2.4664,-59.1944,-0.00474668,-2.4664,-2.4664,-3.0830,-3.0830,-3.0830,-59.1944,-0.00474668,-14.1820,-12.9391,-47.4789,-48.7217,-0.00380723,-0.0039069,-0.00019778,35.1287,32.2745,-0.1737,-4.4043,-1.3702,890.7643,25.3571,,35.1287,12.8865,26.176,45.907,67.4589,99.6939,180.8197,25.9457,0.0,3.808605,6.907853,1.342023,15,40,21,2,0E-8,-0.00494446,,0E-8,0.000000,0.918750,0.000000,,2026-03-23,2026-06-05,14,45,39,75,0.186667,,,0.000000,,,,,,,,GLOBAL_BASELINE_NO_ENTITY_RANKING,,,NOT_APPLICABLE_GLOBAL_BASELINE,HF9g-P5,,,,X 全窗基线 · 不参与实体赏罚,3926338,393,A168_HF9F_20260827_0900,2026-08-27 09:00:00
2026-06-04,142551342,789,0,30.8586417055,-30.8586417055,-30.8586417055,0E-7,1,1,0.49324550000000000,0.493245500000,-0.9865810262130424,-0.9865810262130424,-0.9865810262130424,0E-17,ELIGIBLE,R03b_20260811_FULL_v1,L1_ELIGIBILITY,v2026-08-11,2026-03-21..2026-08-06,baccarat_bet02_101_all_pairs_incl_sentinel,round_win = game_pnl > 0 (decisive only),COMPATIBILITY_ONLY_NOT_PRODUCTION,12470.6995,11457.4562,-61.6609,355,355,0.00494446,,0.00494446,0.00494446,61.6609,12470.6995,OK,0.0000,-2.4664,4.0000,96.0000,AG03-UNRESOLVED,ALL5_LEVELS_bet23_to_bet27,-2.4664,-2.4664,-3.0830,-3.0830,-3.0830,4.000000,4.000000,5.000000,5.000000,5.000000,96.000000,96.000000,95.000000,95.000000,95.000000,5.0,-14.1820,-12.9391,-47.4789,-48.7217,PENDING_AG03,FALSE,NOT_FOR_ENFORCEMENT,-59.1944,10999.1580,-61.6609,-59.1944,-2.4664,-0.00494446,-0.00474668,-2.4664,-59.1944,-0.00474668,-2.4664,-2.4664,-3.0830,-3.0830,-3.0830,-59.1944,-0.00474668,-14.1820,-12.9391,-47.4789,-48.7217,-0.00380723,-0.0039069,-0.00019778,35.1287,32.2745,-0.1737,-4.4043,-1.3702,890.7643,25.3571,,35.1287,12.8865,26.176,45.907,67.4589,99.6939,180.8197,25.9457,0.0,3.808605,6.907853,1.342023,15,40,21,2,0E-8,-0.00494446,,0E-8,0.000000,0.918750,0.000000,,2026-03-23,2026-06-05,14,45,39,75,0.186667,,,0.000000,,,,,,,,GLOBAL_BASELINE_NO_ENTITY_RANKING,,,NOT_APPLICABLE_GLOBAL_BASELINE,HF9g-P5,,,,X 全窗基线 · 不参与实体赏罚,3926339,393,A168_HF9F_20260827_0900,2026-08-27 09:00:00
2026-06-05,142551342,1222,0,128.5776737727,-128.5776737727,-128.5776737727,0E-7,3,3,0.49324550000000000,0.493245500000,-1.708808463184432,-1.7088084631844318,-1.708808463184432,0E-17,ELIGIBLE,R03b_20260811_FULL_v1,L1_ELIGIBILITY,v2026-08-11,2026-03-21..2026-08-06,baccarat_bet02_101_all_pairs_incl_sentinel,round_win = game_pnl > 0 (decisive only),COMPATIBILITY_ONLY_NOT_PRODUCTION,12470.6995,11457.4562,-61.6609,355,355,0.00494446,,0.00494446,0.00494446,61.6609,12470.6995,OK,0.0000,-2.4664,4.0000,96.0000,AG03-UNRESOLVED,ALL5_LEVELS_bet23_to_bet27,-2.4664,-2.4664,-3.0830,-3.0830,-3.0830,4.000000,4.000000,5.000000,5.000000,5.000000,96.000000,96.000000,95.000000,95.000000,95.000000,5.0,-14.1820,-12.9391,-47.4789,-48.7217,PENDING_AG03,FALSE,NOT_FOR_ENFORCEMENT,-59.1944,10999.1580,-61.6609,-59.1944,-2.4664,-0.00494446,-0.00474668,-2.4664,-59.1944,-0.00474668,-2.4664,-2.4664,-3.0830,-3.0830,-3.0830,-59.1944,-0.00474668,-14.1820,-12.9391,-47.4789,-48.7217,-0.00380723,-0.0039069,-0.00019778,35.1287,32.2745,-0.1737,-4.4043,-1.3702,890.7643,25.3571,,35.1287,12.8865,26.176,45.907,67.4589,99.6939,180.8197,25.9457,0.0,3.808605,6.907853,1.342023,15,40,21,2,0E-8,-0.00494446,,0E-8,0.000000,0.918750,0.000000,,2026-03-23,2026-06-05,14,45,39,75,0.186667,,,0.000000,,,,,,,,GLOBAL_BASELINE_NO_ENTITY_RANKING,,,NOT_APPLICABLE_GLOBAL_BASELINE,HF9g-P5,,,,X 全窗基线 · 不参与实体赏罚,3926340,393,A168_HF9F_20260827_0900,2026-08-27 09:00:00
2026-06-05,142551342,1307,0,752.9508576132,14.2721217885,14.2721217885,0.5000000,15,15,0.50128862000000000,0.501288620000,-0.009643181109347386,-0.009643181109347386,-0.009643181109347386,0E-17,ELIGIBLE,R03b_20260811_FULL_v1,L1_ELIGIBILITY,v2026-08-11,2026-03-21..2026-08-06,baccarat_bet02_101_all_pairs_incl_sentinel,round_win = game_pnl > 0 (decisive only),COMPATIBILITY_ONLY_NOT_PRODUCTION,12470.6995,11457.4562,-61.6609,355,355,0.00494446,,0.00494446,0.00494446,61.6609,12470.6995,OK,0.0000,-2.4664,4.0000,96.0000,AG03-UNRESOLVED,ALL5_LEVELS_bet23_to_bet27,-2.4664,-2.4664,-3.0830,-3.0830,-3.0830,4.000000,4.000000,5.000000,5.000000,5.000000,96.000000,96.000000,95.000000,95.000000,95.000000,5.0,-14.1820,-12.9391,-47.4789,-48.7217,PENDING_AG03,FALSE,NOT_FOR_ENFORCEMENT,-59.1944,10999.1580,-61.6609,-59.1944,-2.4664,-0.00494446,-0.00474668,-2.4664,-59.1944,-0.00474668,-2.4664,-2.4664,-3.0830,-3.0830,-3.0830,-59.1944,-0.00474668,-14.1820,-12.9391,-47.4789,-48.7217,-0.00380723,-0.0039069,-0.00019778,35.1287,32.2745,-0.1737,-4.4043,-1.3702,890.7643,25.3571,,35.1287,12.8865,26.176,45.907,67.4589,99.6939,180.8197,25.9457,0.0,3.808605,6.907853,1.342023,15,40,21,2,0E-8,-0.00494446,,0E-8,0.000000,0.918750,0.000000,,2026-03-23,2026-06-05,14,45,39,75,0.186667,,,0.000000,,,,,,,,GLOBAL_BASELINE_NO_ENTITY_RANKING,,,NOT_APPLICABLE_GLOBAL_BASELINE,HF9g-P5,,,,X 全窗基线 · 不参与实体赏罚,3926341,393,A168_HF9F_20260827_0900,2026-08-27 09:00:00
2026-06-05,142551342,1505,0,250.4693085093,-84.9898423638,-84.9898423638,0.5000000,2,2,0.49994810000000000,0.499948100000,0.00014679536856514622,0.00014679536856514622,0.00014679536856514622,0E-17,ELIGIBLE,R03b_20260811_FULL_v1,L1_ELIGIBILITY,v2026-08-11,2026-03-21..2026-08-06,baccarat_bet02_101_all_pairs_incl_sentinel,round_win = game_pnl > 0 (decisive only),COMPATIBILITY_ONLY_NOT_PRODUCTION,12470.6995,11457.4562,-61.6609,355,355,0.00494446,,0.00494446,0.00494446,61.6609,12470.6995,OK,0.0000,-2.4664,4.0000,96.0000,AG03-UNRESOLVED,ALL5_LEVELS_bet23_to_bet27,-2.4664,-2.4664,-3.0830,-3.0830,-3.0830,4.000000,4.000000,5.000000,5.000000,5.000000,96.000000,96.000000,95.000000,95.000000,95.000000,5.0,-14.1820,-12.9391,-47.4789,-48.7217,PENDING_AG03,FALSE,NOT_FOR_ENFORCEMENT,-59.1944,10999.1580,-61.6609,-59.1944,-2.4664,-0.00494446,-0.00474668,-2.4664,-59.1944,-0.00474668,-2.4664,-2.4664,-3.0830,-3.0830,-3.0830,-59.1944,-0.00474668,-14.1820,-12.9391,-47.4789,-48.7217,-0.00380723,-0.0039069,-0.00019778,35.1287,32.2745,-0.1737,-4.4043,-1.3702,890.7643,25.3571,,35.1287,12.8865,26.176,45.907,67.4589,99.6939,180.8197,25.9457,0.0,3.808605,6.907853,1.342023,15,40,21,2,0E-8,-0.00494446,,0E-8,0.000000,0.918750,0.000000,,2026-03-23,2026-06-05,14,45,39,75,0.186667,,,0.000000,,,,,,,,GLOBAL_BASELINE_NO_ENTITY_RANKING,,,NOT_APPLICABLE_GLOBAL_BASELINE,HF9g-P5,,,,X 全窗基线 · 不参与实体赏罚,3926342,393,A168_HF9F_20260827_0900,2026-08-27 09:00:00
2026-06-05,142551342,2145,0,46.2879625581,-46.2879625581,-46.2879625581,0E-7,2,2,0.49994810000000000,0.499948100000,-1.4140667746232096,-1.4140667746232096,-1.4140667746232096,0E-17,ELIGIBLE,R03b_20260811_FULL_v1,L1_ELIGIBILITY,v2026-08-11,2026-03-21..2026-08-06,baccarat_bet02_101_all_pairs_incl_sentinel,round_win = game_pnl > 0 (decisive only),COMPATIBILITY_ONLY_NOT_PRODUCTION,12470.6995,11457.4562,-61.6609,355,355,0.00494446,,0.00494446,0.00494446,61.6609,12470.6995,OK,0.0000,-2.4664,4.0000,96.0000,AG03-UNRESOLVED,ALL5_LEVELS_bet23_to_bet27,-2.4664,-2.4664,-3.0830,-3.0830,-3.0830,4.000000,4.000000,5.000000,5.000000,5.000000,96.000000,96.000000,95.000000,95.000000,95.000000,5.0,-14.1820,-12.9391,-47.4789,-48.7217,PENDING_AG03,FALSE,NOT_FOR_ENFORCEMENT,-59.1944,10999.1580,-61.6609,-59.1944,-2.4664,-0.00494446,-0.00474668,-2.4664,-59.1944,-0.00474668,-2.4664,-2.4664,-3.0830,-3.0830,-3.0830,-59.1944,-0.00474668,-14.1820,-12.9391,-47.4789,-48.7217,-0.00380723,-0.0039069,-0.00019778,35.1287,32.2745,-0.1737,-4.4043,-1.3702,890.7643,25.3571,,35.1287,12.8865,26.176,45.907,67.4589,99.6939,180.8197,25.9457,0.0,3.808605,6.907853,1.342023,15,40,21,2,0E-8,-0.00494446,,0E-8,0.000000,0.918750,0.000000,,2026-03-23,2026-06-05,14,45,39,75,0.186667,,,0.000000,,,,,,,,GLOBAL_BASELINE_NO_ENTITY_RANKING,,,NOT_APPLICABLE_GLOBAL_BASELINE,HF9g-P5,,,,X 全窗基线 · 不参与实体赏罚,3926343,393,A168_HF9F_20260827_0900,2026-08-27 09:00:00
2026-06-05,142551342,2196,0,450.0218582046,157.1219173503,157.1219173503,0.6000000,6,6,0.49994810000000000,0.499948100000,0.44744570176651083,0.44744570176651083,0.44744570176651083,0E-17,ELIGIBLE,R03b_20260811_FULL_v1,L1_ELIGIBILITY,v2026-08-11,2026-03-21..2026-08-06,baccarat_bet02_101_all_pairs_incl_sentinel,round_win = game_pnl > 0 (decisive only),COMPATIBILITY_ONLY_NOT_PRODUCTION,12470.6995,11457.4562,-61.6609,355,355,0.00494446,,0.00494446,0.00494446,61.6609,12470.6995,OK,0.0000,-2.4664,4.0000,96.0000,AG03-UNRESOLVED,ALL5_LEVELS_bet23_to_bet27,-2.4664,-2.4664,-3.0830,-3.0830,-3.0830,4.000000,4.000000,5.000000,5.000000,5.000000,96.000000,96.000000,95.000000,95.000000,95.000000,5.0,-14.1820,-12.9391,-47.4789,-48.7217,PENDING_AG03,FALSE,NOT_FOR_ENFORCEMENT,-59.1944,10999.1580,-61.6609,-59.1944,-2.4664,-0.00494446,-0.00474668,-2.4664,-59.1944,-0.00474668,-2.4664,-2.4664,-3.0830,-3.0830,-3.0830,-59.1944,-0.00474668,-14.1820,-12.9391,-47.4789,-48.7217,-0.00380723,-0.0039069,-0.00019778,35.1287,32.2745,-0.1737,-4.4043,-1.3702,890.7643,25.3571,,35.1287,12.8865,26.176,45.907,67.4589,99.6939,180.8197,25.9457,0.0,3.808605,6.907853,1.342023,15,40,21,2,0E-8,-0.00494446,,0E-8,0.000000,0.918750,0.000000,,2026-03-23,2026-06-05,14,45,39,75,0.186667,,,0.000000,,,,,,,,GLOBAL_BASELINE_NO_ENTITY_RANKING,,,NOT_APPLICABLE_GLOBAL_BASELINE,HF9g-P5,,,,X 全窗基线 · 不参与实体赏罚,3926344,393,A168_HF9F_20260827_0900,2026-08-27 09:00:00
2026-03-22,147651864,1299,0,13.1658635490,13.1658635490,13.1658635490,1.0000000,1,1,0.49324550000000000,0.493245500000,1.01360149184955,1.01360149184955,1.01360149184955,0E-17,ELIGIBLE,R03b_20260811_FULL_v1,L1_ELIGIBILITY,v2026-08-11,2026-03-21..2026-08-06,baccarat_bet02_101_all_pairs_incl_sentinel,round_win = game_pnl > 0 (decisive only),COMPATIBILITY_ONLY_NOT_PRODUCTION,190.6417,168.7864,-61.0238,19,17,0.32009669,,0.32009669,0.32009669,61.0238,190.6417,THIN_EXPOSURE,0.0000,-1.8307,3.0000,97.0000,AG03-UNRESOLVED,ALL5_LEVELS_bet23_to_bet27,-1.8307,-1.8307,-1.8307,-2.4410,-2.4410,3.000000,3.000000,3.000000,4.000000,4.000000,97.000000,97.000000,97.000000,96.000000,96.000000,5.0,-10.3740,-9.6955,-50.6497,-51.3283,PENDING_AG03,FALSE,NOT_FOR_ENFORCEMENT,-59.1931,163.7228,-61.0238,-59.1931,-1.8307,-0.32009669,-0.31049378,-1.8307,-59.1931,-0.31049378,-1.8307,-1.8307,-1.8307,-2.4410,-2.4410,-59.1931,-0.31049378,-10.3740,-9.6955,-50.6497,-51.3283,-0.26568025,-0.26923954,-0.00960290,10.0338,9.9286,-3.5896,-61.0238,-8.7177,190.6417,17.0000,,10.0338,4.6739,12.6392,13.1659,15.6937,17.5238,17.6423,12.1126,3.0018,1.386458,1.395833,0.79386,7,9,1,4,0E-8,-0.32009669,,0E-8,0.000000,0.885359,0.000000,,2026-03-22,2026-03-22,1,7,7,1,1.000000,,,0.000000,,,,,,,,GLOBAL_BASELINE_NO_ENTITY_RANKING,,,NOT_APPLICABLE_GLOBAL_BASELINE,HF9g-P5,,,,X 全窗基线 · 不参与实体赏罚,3926345,393,A168_HF9F_20260827_0900,2026-08-27 09:00:00
2026-03-22,147651864,1400,0,51.6101851120,12.1257603286,12.1257603286,0.6666667,4,4,0.50665070000000000,0.506650700000,0.5543606114942035,0.5543606114942035,0.5543606114942035,0E-17,ELIGIBLE,R03b_20260811_FULL_v1,L1_ELIGIBILITY,v2026-08-11,2026-03-21..2026-08-06,baccarat_bet02_101_all_pairs_incl_sentinel,round_win = game_pnl > 0 (decisive only),COMPATIBILITY_ONLY_NOT_PRODUCTION,190.6417,168.7864,-61.0238,19,17,0.32009669,,0.32009669,0.32009669,61.0238,190.6417,THIN_EXPOSURE,0.0000,-1.8307,3.0000,97.0000,AG03-UNRESOLVED,ALL5_LEVELS_bet23_to_bet27,-1.8307,-1.8307,-1.8307,-2.4410,-2.4410,3.000000,3.000000,3.000000,4.000000,4.000000,97.000000,97.000000,97.000000,96.000000,96.000000,5.0,-10.3740,-9.6955,-50.6497,-51.3283,PENDING_AG03,FALSE,NOT_FOR_ENFORCEMENT,-59.1931,163.7228,-61.0238,-59.1931,-1.8307,-0.32009669,-0.31049378,-1.8307,-59.1931,-0.31049378,-1.8307,-1.8307,-1.8307,-2.4410,-2.4410,-59.1931,-0.31049378,-10.3740,-9.6955,-50.6497,-51.3283,-0.26568025,-0.26923954,-0.00960290,10.0338,9.9286,-3.5896,-61.0238,-8.7177,190.6417,17.0000,,10.0338,4.6739,12.6392,13.1659,15.6937,17.5238,17.6423,12.1126,3.0018,1.386458,1.395833,0.79386,7,9,1,4,0E-8,-0.32009669,,0E-8,0.000000,0.885359,0.000000,,2026-03-22,2026-03-22,1,7,7,1,1.000000,,,0.000000,,,,,,,,GLOBAL_BASELINE_NO_ENTITY_RANKING,,,NOT_APPLICABLE_GLOBAL_BASELINE,HF9g-P5,,,,X 全窗基线 · 不参与实体赏罚,3926346,393,A168_HF9F_20260827_0900,2026-08-27 09:00:00
2026-03-22,147651864,1623,0,45.0272533376,25.0941359244,25.0941359244,0.7500000,5,5,0.50128862000000000,0.501288620000,0.9948488239810122,0.9948488239810122,0.9948488239810122,0E-17,ELIGIBLE,R03b_20260811_FULL_v1,L1_ELIGIBILITY,v2026-08-11,2026-03-21..2026-08-06,baccarat_bet02_101_all_pairs_incl_sentinel,round_win = game_pnl > 0 (decisive only),COMPATIBILITY_ONLY_NOT_PRODUCTION,190.6417,168.7864,-61.0238,19,17,0.32009669,,0.32009669,0.32009669,61.0238,190.6417,THIN_EXPOSURE,0.0000,-1.8307,3.0000,97.0000,AG03-UNRESOLVED,ALL5_LEVELS_bet23_to_bet27,-1.8307,-1.8307,-1.8307,-2.4410,-2.4410,3.000000,3.000000,3.000000,4.000000,4.000000,97.000000,97.000000,97.000000,96.000000,96.000000,5.0,-10.3740,-9.6955,-50.6497,-51.3283,PENDING_AG03,FALSE,NOT_FOR_ENFORCEMENT,-59.1931,163.7228,-61.0238,-59.1931,-1.8307,-0.32009669,-0.31049378,-1.8307,-59.1931,-0.31049378,-1.8307,-1.8307,-1.8307,-2.4410,-2.4410,-59.1931,-0.31049378,-10.3740,-9.6955,-50.6497,-51.3283,-0.26568025,-0.26923954,-0.00960290,10.0338,9.9286,-3.5896,-61.0238,-8.7177,190.6417,17.0000,,10.0338,4.6739,12.6392,13.1659,15.6937,17.5238,17.6423,12.1126,3.0018,1.386458,1.395833,0.79386,7,9,1,4,0E-8,-0.32009669,,0E-8,0.000000,0.885359,0.000000,,2026-03-22,2026-03-22,1,7,7,1,1.000000,,,0.000000,,,,,,,,GLOBAL_BASELINE_NO_ENTITY_RANKING,,,NOT_APPLICABLE_GLOBAL_BASELINE,HF9g-P5,,,,X 全窗基线 · 不参与实体赏罚,3926347,393,A168_HF9F_20260827_0900,2026-08-27 09:00:00
2026-03-22,147651864,1702,0,13.1658635490,-13.1658635490,-13.1658635490,0E-7,1,1,0.50665070000000000,0.506650700000,-1.013391052207602,-1.013391052207602,-1.013391052207602,0E-17,ELIGIBLE,R03b_20260811_FULL_v1,L1_ELIGIBILITY,v2026-08-11,2026-03-21..2026-08-06,baccarat_bet02_101_all_pairs_incl_sentinel,round_win = game_pnl > 0 (decisive only),COMPATIBILITY_ONLY_NOT_PRODUCTION,190.6417,168.7864,-61.0238,19,17,0.32009669,,0.32009669,0.32009669,61.0238,190.6417,THIN_EXPOSURE,0.0000,-1.8307,3.0000,97.0000,AG03-UNRESOLVED,ALL5_LEVELS_bet23_to_bet27,-1.8307,-1.8307,-1.8307,-2.4410,-2.4410,3.000000,3.000000,3.000000,4.000000,4.000000,97.000000,97.000000,97.000000,96.000000,96.000000,5.0,-10.3740,-9.6955,-50.6497,-51.3283,PENDING_AG03,FALSE,NOT_FOR_ENFORCEMENT,-59.1931,163.7228,-61.0238,-59.1931,-1.8307,-0.32009669,-0.31049378,-1.8307,-59.1931,-0.31049378,-1.8307,-1.8307,-1.8307,-2.4410,-2.4410,-59.1931,-0.31049378,-10.3740,-9.6955,-50.6497,-51.3283,-0.26568025,-0.26923954,-0.00960290,10.0338,9.9286,-3.5896,-61.0238,-8.7177,190.6417,17.0000,,10.0338,4.6739,12.6392,13.1659,15.6937,17.5238,17.6423,12.1126,3.0018,1.386458,1.395833,0.79386,7,9,1,4,0E-8,-0.32009669,,0E-8,0.000000,0.885359,0.000000,,2026-03-22,2026-03-22,1,7,7,1,1.000000,,,0.000000,,,,,,,,GLOBAL_BASELINE_NO_ENTITY_RANKING,,,NOT_APPLICABLE_GLOBAL_BASELINE,HF9g-P5,,,,X 全窗基线 · 不参与实体赏罚,3926348,393,A168_HF9F_20260827_0900,2026-08-27 09:00:00
2026-03-22,147651864,1991,0,16.3256708008,-16.3256708008,-16.3256708008,0E-7,2,1,0.42304468709592067,0.290668500000,-0.8562922909442934,-0.6401391097125458,-0.8562922909442934,0.13237618709592067,ELIGIBLE,R03b_20260811_FULL_v1,L1_ELIGIBILITY,v2026-08-11,2026-03-21..2026-08-06,baccarat_bet02_101_all_pairs_incl_sentinel,round_win = game_pnl > 0 (decisive only),COMPATIBILITY_ONLY_NOT_PRODUCTION,190.6417,168.7864,-61.0238,19,17,0.32009669,,0.32009669,0.32009669,61.0238,190.6417,THIN_EXPOSURE,0.0000,-1.8307,3.0000,97.0000,AG03-UNRESOLVED,ALL5_LEVELS_bet23_to_bet27,-1.8307,-1.8307,-1.8307,-2.4410,-2.4410,3.000000,3.000000,3.000000,4.000000,4.000000,97.000000,97.000000,97.000000,96.000000,96.000000,5.0,-10.3740,-9.6955,-50.6497,-51.3283,PENDING_AG03,FALSE,NOT_FOR_ENFORCEMENT,-59.1931,163.7228,-61.0238,-59.1931,-1.8307,-0.32009669,-0.31049378,-1.8307,-59.1931,-0.31049378,-1.8307,-1.8307,-1.8307,-2.4410,-2.4410,-59.1931,-0.31049378,-10.3740,-9.6955,-50.6497,-51.3283,-0.26568025,-0.26923954,-0.00960290,10.0338,9.9286,-3.5896,-61.0238,-8.7177,190.6417,17.0000,,10.0338,4.6739,12.6392,13.1659,15.6937,17.5238,17.6423,12.1126,3.0018,1.386458,1.395833,0.79386,7,9,1,4,0E-8,-0.32009669,,0E-8,0.000000,0.885359,0.000000,,2026-03-22,2026-03-22,1,7,7,1,1.000000,,,0.000000,,,,,,,,GLOBAL_BASELINE_NO_ENTITY_RANKING,,,NOT_APPLICABLE_GLOBAL_BASELINE,HF9g-P5,,,,X 全窗基线 · 不参与实体赏罚,3926349,393,A168_HF9F_20260827_0900,2026-08-27 09:00:00
2026-03-22,147651864,2088,0,13.1658635490,13.1658635490,13.1658635490,1.0000000,1,1,0.49324550000000000,0.493245500000,1.01360149184955,1.01360149184955,1.01360149184955,0E-17,ELIGIBLE,R03b_20260811_FULL_v1,L1_ELIGIBILITY,v2026-08-11,2026-03-21..2026-08-06,baccarat_bet02_101_all_pairs_incl_sentinel,round_win = game_pnl > 0 (decisive only),COMPATIBILITY_ONLY_NOT_PRODUCTION,190.6417,168.7864,-61.0238,19,17,0.32009669,,0.32009669,0.32009669,61.0238,190.6417,THIN_EXPOSURE,0.0000,-1.8307,3.0000,97.0000,AG03-UNRESOLVED,ALL5_LEVELS_bet23_to_bet27,-1.8307,-1.8307,-1.8307,-2.4410,-2.4410,3.000000,3.000000,3.000000,4.000000,4.000000,97.000000,97.000000,97.000000,96.000000,96.000000,5.0,-10.3740,-9.6955,-50.6497,-51.3283,PENDING_AG03,FALSE,NOT_FOR_ENFORCEMENT,-59.1931,163.7228,-61.0238,-59.1931,-1.8307,-0.32009669,-0.31049378,-1.8307,-59.1931,-0.31049378,-1.8307,-1.8307,-1.8307,-2.4410,-2.4410,-59.1931,-0.31049378,-10.3740,-9.6955,-50.6497,-51.3283,-0.26568025,-0.26923954,-0.00960290,10.0338,9.9286,-3.5896,-61.0238,-8.7177,190.6417,17.0000,,10.0338,4.6739,12.6392,13.1659,15.6937,17.5238,17.6423,12.1126,3.0018,1.386458,1.395833,0.79386,7,9,1,4,0E-8,-0.32009669,,0E-8,0.000000,0.885359,0.000000,,2026-03-22,2026-03-22,1,7,7,1,1.000000,,,0.000000,,,,,,,,GLOBAL_BASELINE_NO_ENTITY_RANKING,,,NOT_APPLICABLE_GLOBAL_BASELINE,HF9g-P5,,,,X 全窗基线 · 不参与实体赏罚,3926350,393,A168_HF9F_20260827_0900,2026-08-27 09:00:00
2026-03-22,147651864,2177,0,5.7929799616,5.6349895990,5.6349895990,1.0000000,2,2,0.49994810000000000,0.499948100000,1.4143603653603398,1.4143603653603398,1.4143603653603398,0E-17,ELIGIBLE,R03b_20260811_FULL_v1,L1_ELIGIBILITY,v2026-08-11,2026-03-21..2026-08-06,baccarat_bet02_101_all_pairs_incl_sentinel,round_win = game_pnl > 0 (decisive only),COMPATIBILITY_ONLY_NOT_PRODUCTION,190.6417,168.7864,-61.0238,19,17,0.32009669,,0.32009669,0.32009669,61.0238,190.6417,THIN_EXPOSURE,0.0000,-1.8307,3.0000,97.0000,AG03-UNRESOLVED,ALL5_LEVELS_bet23_to_bet27,-1.8307,-1.8307,-1.8307,-2.4410,-2.4410,3.000000,3.000000,3.000000,4.000000,4.000000,97.000000,97.000000,97.000000,96.000000,96.000000,5.0,-10.3740,-9.6955,-50.6497,-51.3283,PENDING_AG03,FALSE,NOT_FOR_ENFORCEMENT,-59.1931,163.7228,-61.0238,-59.1931,-1.8307,-0.32009669,-0.31049378,-1.8307,-59.1931,-0.31049378,-1.8307,-1.8307,-1.8307,-2.4410,-2.4410,-59.1931,-0.31049378,-10.3740,-9.6955,-50.6497,-51.3283,-0.26568025,-0.26923954,-0.00960290,10.0338,9.9286,-3.5896,-61.0238,-8.7177,190.6417,17.0000,,10.0338,4.6739,12.6392,13.1659,15.6937,17.5238,17.6423,12.1126,3.0018,1.386458,1.395833,0.79386,7,9,1,4,0E-8,-0.32009669,,0E-8,0.000000,0.885359,0.000000,,2026-03-22,2026-03-22,1,7,7,1,1.000000,,,0.000000,,,,,,,,GLOBAL_BASELINE_NO_ENTITY_RANKING,,,NOT_APPLICABLE_GLOBAL_BASELINE,HF9g-P5,,,,X 全窗基线 · 不参与实体赏罚,3926351,393,A168_HF9F_20260827_0900,2026-08-27 09:00:00
2026-03-22,147651864,2188,0,20.2754298654,33.4412934144,33.4412934144,1.0000000,2,1,0.43978342207776387,0.287416500000,1.128648090086796,1.5745702178656522,1.128648090086796,0.15236692207776387,ELIGIBLE,R03b_20260811_FULL_v1,L1_ELIGIBILITY,v2026-08-11,2026-03-21..2026-08-06,baccarat_bet02_101_all_pairs_incl_sentinel,round_win = game_pnl > 0 (decisive only),COMPATIBILITY_ONLY_NOT_PRODUCTION,190.6417,168.7864,-61.0238,19,17,0.32009669,,0.32009669,0.32009669,61.0238,190.6417,THIN_EXPOSURE,0.0000,-1.8307,3.0000,97.0000,AG03-UNRESOLVED,ALL5_LEVELS_bet23_to_bet27,-1.8307,-1.8307,-1.8307,-2.4410,-2.4410,3.000000,3.000000,3.000000,4.000000,4.000000,97.000000,97.000000,97.000000,96.000000,96.000000,5.0,-10.3740,-9.6955,-50.6497,-51.3283,PENDING_AG03,FALSE,NOT_FOR_ENFORCEMENT,-59.1931,163.7228,-61.0238,-59.1931,-1.8307,-0.32009669,-0.31049378,-1.8307,-59.1931,-0.31049378,-1.8307,-1.8307,-1.8307,-2.4410,-2.4410,-59.1931,-0.31049378,-10.3740,-9.6955,-50.6497,-51.3283,-0.26568025,-0.26923954,-0.00960290,10.0338,9.9286,-3.5896,-61.0238,-8.7177,190.6417,17.0000,,10.0338,4.6739,12.6392,13.1659,15.6937,17.5238,17.6423,12.1126,3.0018,1.386458,1.395833,0.79386,7,9,1,4,0E-8,-0.32009669,,0E-8,0.000000,0.885359,0.000000,,2026-03-22,2026-03-22,1,7,7,1,1.000000,,,0.000000,,,,,,,,GLOBAL_BASELINE_NO_ENTITY_RANKING,,,NOT_APPLICABLE_GLOBAL_BASELINE,HF9g-P5,,,,X 全窗基线 · 不参与实体赏罚,3926352,393,A168_HF9F_20260827_0900,2026-08-27 09:00:00
2026-03-22,147651864,2212,0,12.1125944651,-12.1125944651,-12.1125944651,0E-7,1,1,0.49324550000000000,0.493245500000,-0.9865810262130424,-0.9865810262130424,-0.9865810262130424,0E-17,ELIGIBLE,R03b_20260811_FULL_v1,L1_ELIGIBILITY,v2026-08-11,2026-03-21..2026-08-06,baccarat_bet02_101_all_pairs_incl_sentinel,round_win = game_pnl > 0 (decisive only),COMPATIBILITY_ONLY_NOT_PRODUCTION,190.6417,168.7864,-61.0238,19,17,0.32009669,,0.32009669,0.32009669,61.0238,190.6417,THIN_EXPOSURE,0.0000,-1.8307,3.0000,97.0000,AG03-UNRESOLVED,ALL5_LEVELS_bet23_to_bet27,-1.8307,-1.8307,-1.8307,-2.4410,-2.4410,3.000000,3.000000,3.000000,4.000000,4.000000,97.000000,97.000000,97.000000,96.000000,96.000000,5.0,-10.3740,-9.6955,-50.6497,-51.3283,PENDING_AG03,FALSE,NOT_FOR_ENFORCEMENT,-59.1931,163.7228,-61.0238,-59.1931,-1.8307,-0.32009669,-0.31049378,-1.8307,-59.1931,-0.31049378,-1.8307,-1.8307,-1.8307,-2.4410,-2.4410,-59.1931,-0.31049378,-10.3740,-9.6955,-50.6497,-51.3283,-0.26568025,-0.26923954,-0.00960290,10.0338,9.9286,-3.5896,-61.0238,-8.7177,190.6417,17.0000,,10.0338,4.6739,12.6392,13.1659,15.6937,17.5238,17.6423,12.1126,3.0018,1.386458,1.395833,0.79386,7,9,1,4,0E-8,-0.32009669,,0E-8,0.000000,0.885359,0.000000,,2026-03-22,2026-03-22,1,7,7,1,1.000000,,,0.000000,,,,,,,,GLOBAL_BASELINE_NO_ENTITY_RANKING,,,NOT_APPLICABLE_GLOBAL_BASELINE,HF9g-P5,,,,X 全窗基线 · 不参与实体赏罚,3926353,393,A168_HF9F_20260827_0900,2026-08-27 09:00:00
2026-07-01,142914964,1384,0,34.3376449023,32.6207626572,32.6207626572,1.0000000,2,2,0.50665070000000000,0.506650700000,1.3955260008387969,1.3955260008387969,1.3955260008387969,0E-17,ELIGIBLE,R03b_20260811_FULL_v1,L1_ELIGIBILITY,v2026-08-11,2026-03-21..2026-08-06,baccarat_bet02_101_all_pairs_incl_sentinel,round_win = game_pnl > 0 (decisive only),COMPATIBILITY_ONLY_NOT_PRODUCTION,91.3949,91.3949,-61.6529,4,4,0.67457627,,0.67457627,0.67457627,61.6529,91.3949,THIN_EXPOSURE,0.0000,-2.4661,4.0000,96.0000,AG03-UNRESOLVED,ALL5_LEVELS_bet23_to_bet27,-2.4661,-2.4661,-2.4661,-3.0826,-3.0826,4.000000,4.000000,4.000000,5.000000,5.000000,96.000000,96.000000,96.000000,95.000000,95.000000,5.0,-13.5636,-12.4246,-48.0892,-49.2282,PENDING_AG03,FALSE,NOT_FOR_ENFORCEMENT,-59.1867,87.7391,-61.6529,-59.1867,-2.4661,-0.67457627,-0.64759322,-2.4661,-59.1867,-0.64759322,-2.4661,-2.4661,-2.4661,-3.0826,-3.0826,-59.1867,-0.64759322,-13.5636,-12.4246,-48.0892,-49.2282,-0.52616949,-0.53863178,-0.02698305,22.8487,22.8487,-15.4132,-61.6529,-61.6529,91.3949,4.0000,,22.8487,12.2634,17.8143,33.434,44.1484,44.1484,44.1484,17.8143,16.3104,2.478261,2.478261,1.282609,1,2,2,1,0E-8,-0.67457627,,0E-8,0.000000,1.000000,0.000000,,2026-07-01,2026-07-01,1,1,1,1,1.000000,,,0.000000,,,,,,,,GLOBAL_BASELINE_NO_ENTITY_RANKING,,,NOT_APPLICABLE_GLOBAL_BASELINE,HF9g-P5,,,,X 全窗基线 · 不参与实体赏罚,3926354,393,A168_HF9F_20260827_0900,2026-08-27 09:00:00
2026-07-01,142914964,2246,0,57.0572896496,29.0320914982,29.0320914982,0.5000000,2,2,0.50665070000000000,0.506650700000,-0.018812684590367487,-0.018812684590367487,-0.018812684590367487,0E-17,ELIGIBLE,R03b_20260811_FULL_v1,L1_ELIGIBILITY,v2026-08-11,2026-03-21..2026-08-06,baccarat_bet02_101_all_pairs_incl_sentinel,round_win = game_pnl > 0 (decisive only),COMPATIBILITY_ONLY_NOT_PRODUCTION,91.3949,91.3949,-61.6529,4,4,0.67457627,,0.67457627,0.67457627,61.6529,91.3949,THIN_EXPOSURE,0.0000,-2.4661,4.0000,96.0000,AG03-UNRESOLVED,ALL5_LEVELS_bet23_to_bet27,-2.4661,-2.4661,-2.4661,-3.0826,-3.0826,4.000000,4.000000,4.000000,5.000000,5.000000,96.000000,96.000000,96.000000,95.000000,95.000000,5.0,-13.5636,-12.4246,-48.0892,-49.2282,PENDING_AG03,FALSE,NOT_FOR_ENFORCEMENT,-59.1867,87.7391,-61.6529,-59.1867,-2.4661,-0.67457627,-0.64759322,-2.4661,-59.1867,-0.64759322,-2.4661,-2.4661,-2.4661,-3.0826,-3.0826,-59.1867,-0.64759322,-13.5636,-12.4246,-48.0892,-49.2282,-0.52616949,-0.53863178,-0.02698305,22.8487,22.8487,-15.4132,-61.6529,-61.6529,91.3949,4.0000,,22.8487,12.2634,17.8143,33.434,44.1484,44.1484,44.1484,17.8143,16.3104,2.478261,2.478261,1.282609,1,2,2,1,0E-8,-0.67457627,,0E-8,0.000000,1.000000,0.000000,,2026-07-01,2026-07-01,1,1,1,1,1.000000,,,0.000000,,,,,,,,GLOBAL_BASELINE_NO_ENTITY_RANKING,,,NOT_APPLICABLE_GLOBAL_BASELINE,HF9g-P5,,,,X 全窗基线 · 不参与实体赏罚,3926355,393,A168_HF9F_20260827_0900,2026-08-27 09:00:00
2026-04-30,112885955,1985,0,11.5174200979,-11.5174200979,-11.5174200979,0E-7,1,1,0.50665070000000000,0.506650700000,-1.013391052207602,-1.013391052207602,-1.013391052207602,0E-17,ELIGIBLE,R03b_20260811_FULL_v1,L1_ELIGIBILITY,v2026-08-11,2026-03-21..2026-08-06,baccarat_bet02_101_all_pairs_incl_sentinel,round_win = game_pnl > 0 (decisive only),COMPATIBILITY_ONLY_NOT_PRODUCTION,812.9808,761.0893,-61.6495,29,19,0.07583146,,0.07583146,0.07583146,61.6495,812.9808,THIN_EXPOSURE,0.0000,-2.4660,4.0000,96.0000,AG03-UNRESOLVED,ALL5_LEVELS_bet23_to_bet27,-2.4660,-2.4660,-2.4660,-3.0825,-3.0825,4.000000,4.000000,4.000000,5.000000,5.000000,96.000000,96.000000,96.000000,95.000000,95.000000,5.0,-13.5629,-12.424,-48.0866,-49.2255,PENDING_AG03,FALSE,NOT_FOR_ENFORCEMENT,-59.1835,730.6457,-61.6495,-59.1835,-2.4660,-0.07583146,-0.07279820,-2.4660,-59.1835,-0.07279820,-2.4660,-2.4660,-2.4660,-3.0825,-3.0825,-59.1835,-0.07279820,-13.5629,-12.424,-48.0866,-49.2255,-0.05914854,-0.06054946,-0.00303326,28.0338,40.0573,-3.2447,-15.4124,-12.3299,203.2452,4.7500,,28.0338,12.609,25.9457,49.2969,55.7314,62.3995,64.8643,23.3511,-7.7837,2.405,2.5,1.080479,5,5,4,3,0E-8,-0.07583146,,0E-8,0.000000,0.936171,0.000000,,2026-04-30,2026-05-19,4,5,5,20,0.200000,,,0.000000,,,,,,,,GLOBAL_BASELINE_NO_ENTITY_RANKING,,,NOT_APPLICABLE_GLOBAL_BASELINE,HF9g-P5,,,,X 全窗基线 · 不参与实体赏罚,3926356,393,A168_HF9F_20260827_0900,2026-08-27 09:00:00
2026-05-04,112885955,-1,1,8.3026308962,-8.3026308962,-8.3026308962,0E-7,1,1,0.50665070000000000,0.506650700000,-1.013391052207602,-1.013391052207602,-1.013391052207602,0E-17,SENTINEL_DEALER,R03b_20260811_FULL_v1,L1_ELIGIBILITY,v2026-08-11,2026-03-21..2026-08-06,baccarat_bet02_101_all_pairs_incl_sentinel,round_win = game_pnl > 0 (decisive only),COMPATIBILITY_ONLY_NOT_PRODUCTION,812.9808,761.0893,-61.6495,29,19,0.07583146,,0.07583146,0.07583146,61.6495,812.9808,THIN_EXPOSURE,0.0000,-2.4660,4.0000,96.0000,AG03-UNRESOLVED,ALL5_LEVELS_bet23_to_bet27,-2.4660,-2.4660,-2.4660,-3.0825,-3.0825,4.000000,4.000000,4.000000,5.000000,5.000000,96.000000,96.000000,96.000000,95.000000,95.000000,5.0,-13.5629,-12.424,-48.0866,-49.2255,PENDING_AG03,FALSE,NOT_FOR_ENFORCEMENT,-59.1835,730.6457,-61.6495,-59.1835,-2.4660,-0.07583146,-0.07279820,-2.4660,-59.1835,-0.07279820,-2.4660,-2.4660,-2.4660,-3.0825,-3.0825,-59.1835,-0.07279820,-13.5629,-12.424,-48.0866,-49.2255,-0.05914854,-0.06054946,-0.00303326,28.0338,40.0573,-3.2447,-15.4124,-12.3299,203.2452,4.7500,,28.0338,12.609,25.9457,49.2969,55.7314,62.3995,64.8643,23.3511,-7.7837,2.405,2.5,1.080479,5,5,4,3,0E-8,-0.07583146,,0E-8,0.000000,0.936171,0.000000,,2026-04-30,2026-05-19,4,5,5,20,0.200000,,,0.000000,,,,,,,,GLOBAL_BASELINE_NO_ENTITY_RANKING,,,NOT_APPLICABLE_GLOBAL_BASELINE,HF9g-P5,,,,X 全窗基线 · 不参与实体赏罚,3926357,393,A168_HF9F_20260827_0900,2026-08-27 09:00:00
2026-05-05,112885955,1205,0,71.8696486950,35.5456385242,35.5456385242,1.0000000,2,1,0.39250546750890913,0.293924150000,1.2440800660688616,1.549915577879723,1.2440800660688616,0.09858131750890913,ELIGIBLE,R03b_20260811_FULL_v1,L1_ELIGIBILITY,v2026-08-11,2026-03-21..2026-08-06,baccarat_bet02_101_all_pairs_incl_sentinel,round_win = game_pnl > 0 (decisive only),COMPATIBILITY_ONLY_NOT_PRODUCTION,812.9808,761.0893,-61.6495,29,19,0.07583146,,0.07583146,0.07583146,61.6495,812.9808,THIN_EXPOSURE,0.0000,-2.4660,4.0000,96.0000,AG03-UNRESOLVED,ALL5_LEVELS_bet23_to_bet27,-2.4660,-2.4660,-2.4660,-3.0825,-3.0825,4.000000,4.000000,4.000000,5.000000,5.000000,96.000000,96.000000,96.000000,95.000000,95.000000,5.0,-13.5629,-12.424,-48.0866,-49.2255,PENDING_AG03,FALSE,NOT_FOR_ENFORCEMENT,-59.1835,730.6457,-61.6495,-59.1835,-2.4660,-0.07583146,-0.07279820,-2.4660,-59.1835,-0.07279820,-2.4660,-2.4660,-2.4660,-3.0825,-3.0825,-59.1835,-0.07279820,-13.5629,-12.424,-48.0866,-49.2255,-0.05914854,-0.06054946,-0.00303326,28.0338,40.0573,-3.2447,-15.4124,-12.3299,203.2452,4.7500,,28.0338,12.609,25.9457,49.2969,55.7314,62.3995,64.8643,23.3511,-7.7837,2.405,2.5,1.080479,5,5,4,3,0E-8,-0.07583146,,0E-8,0.000000,0.936171,0.000000,,2026-04-30,2026-05-19,4,5,5,20,0.200000,,,0.000000,,,,,,,,GLOBAL_BASELINE_NO_ENTITY_RANKING,,,NOT_APPLICABLE_GLOBAL_BASELINE,HF9g-P5,,,,X 全窗基线 · 不参与实体赏罚,3926358,393,A168_HF9F_20260827_0900,2026-08-27 09:00:00
2026-05-05,112885955,1623,0,293.1866535209,-78.0966218672,-78.0966218672,0.4000000,9,5,0.43121654116840856,0.339150500000,-0.14094465093286035,0.2874051211956527,-0.14094465093286035,0.09206604116840856,ELIGIBLE,R03b_20260811_FULL_v1,L1_ELIGIBILITY,v2026-08-11,2026-03-21..2026-08-06,baccarat_bet02_101_all_pairs_incl_sentinel,round_win = game_pnl > 0 (decisive only),COMPATIBILITY_ONLY_NOT_PRODUCTION,812.9808,761.0893,-61.6495,29,19,0.07583146,,0.07583146,0.07583146,61.6495,812.9808,THIN_EXPOSURE,0.0000,-2.4660,4.0000,96.0000,AG03-UNRESOLVED,ALL5_LEVELS_bet23_to_bet27,-2.4660,-2.4660,-2.4660,-3.0825,-3.0825,4.000000,4.000000,4.000000,5.000000,5.000000,96.000000,96.000000,96.000000,95.000000,95.000000,5.0,-13.5629,-12.424,-48.0866,-49.2255,PENDING_AG03,FALSE,NOT_FOR_ENFORCEMENT,-59.1835,730.6457,-61.6495,-59.1835,-2.4660,-0.07583146,-0.07279820,-2.4660,-59.1835,-0.07279820,-2.4660,-2.4660,-2.4660,-3.0825,-3.0825,-59.1835,-0.07279820,-13.5629,-12.424,-48.0866,-49.2255,-0.05914854,-0.06054946,-0.00303326,28.0338,40.0573,-3.2447,-15.4124,-12.3299,203.2452,4.7500,,28.0338,12.609,25.9457,49.2969,55.7314,62.3995,64.8643,23.3511,-7.7837,2.405,2.5,1.080479,5,5,4,3,0E-8,-0.07583146,,0E-8,0.000000,0.936171,0.000000,,2026-04-30,2026-05-19,4,5,5,20,0.200000,,,0.000000,,,,,,,,GLOBAL_BASELINE_NO_ENTITY_RANKING,,,NOT_APPLICABLE_GLOBAL_BASELINE,HF9g-P5,,,,X 全窗基线 · 不参与实体赏罚,3926359,393,A168_HF9F_20260827_0900,2026-08-27 09:00:00
2026-05-05,112885955,1942,0,415.1315448084,111.0476882362,111.0476882362,0.7000000,15,10,0.47590352919606565,0.399617165000,1.4189592933671369,1.9392728216048223,1.4189592933671369,0.07628636419606565,ELIGIBLE,R03b_20260811_FULL_v1,L1_ELIGIBILITY,v2026-08-11,2026-03-21..2026-08-06,baccarat_bet02_101_all_pairs_incl_sentinel,round_win = game_pnl > 0 (decisive only),COMPATIBILITY_ONLY_NOT_PRODUCTION,812.9808,761.0893,-61.6495,29,19,0.07583146,,0.07583146,0.07583146,61.6495,812.9808,THIN_EXPOSURE,0.0000,-2.4660,4.0000,96.0000,AG03-UNRESOLVED,ALL5_LEVELS_bet23_to_bet27,-2.4660,-2.4660,-2.4660,-3.0825,-3.0825,4.000000,4.000000,4.000000,5.000000,5.000000,96.000000,96.000000,96.000000,95.000000,95.000000,5.0,-13.5629,-12.424,-48.0866,-49.2255,PENDING_AG03,FALSE,NOT_FOR_ENFORCEMENT,-59.1835,730.6457,-61.6495,-59.1835,-2.4660,-0.07583146,-0.07279820,-2.4660,-59.1835,-0.07279820,-2.4660,-2.4660,-2.4660,-3.0825,-3.0825,-59.1835,-0.07279820,-13.5629,-12.424,-48.0866,-49.2255,-0.05914854,-0.06054946,-0.00303326,28.0338,40.0573,-3.2447,-15.4124,-12.3299,203.2452,4.7500,,28.0338,12.609,25.9457,49.2969,55.7314,62.3995,64.8643,23.3511,-7.7837,2.405,2.5,1.080479,5,5,4,3,0E-8,-0.07583146,,0E-8,0.000000,0.936171,0.000000,,2026-04-30,2026-05-19,4,5,5,20,0.200000,,,0.000000,,,,,,,,GLOBAL_BASELINE_NO_ENTITY_RANKING,,,NOT_APPLICABLE_GLOBAL_BASELINE,HF9g-P5,,,,X 全窗基线 · 不参与实体赏罚,3926360,393,A168_HF9F_20260827_0900,2026-08-27 09:00:00
2026-05-19,112885955,-1,1,12.9728607753,12.9728607753,12.9728607753,1.0000000,1,1,0.49324550000000000,0.493245500000,1.01360149184955,1.01360149184955,1.01360149184955,0E-17,SENTINEL_DEALER,R03b_20260811_FULL_v1,L1_ELIGIBILITY,v2026-08-11,2026-03-21..2026-08-06,baccarat_bet02_101_all_pairs_incl_sentinel,round_win = game_pnl > 0 (decisive only),COMPATIBILITY_ONLY_NOT_PRODUCTION,812.9808,761.0893,-61.6495,29,19,0.07583146,,0.07583146,0.07583146,61.6495,812.9808,THIN_EXPOSURE,0.0000,-2.4660,4.0000,96.0000,AG03-UNRESOLVED,ALL5_LEVELS_bet23_to_bet27,-2.4660,-2.4660,-2.4660,-3.0825,-3.0825,4.000000,4.000000,4.000000,5.000000,5.000000,96.000000,96.000000,96.000000,95.000000,95.000000,5.0,-13.5629,-12.424,-48.0866,-49.2255,PENDING_AG03,FALSE,NOT_FOR_ENFORCEMENT,-59.1835,730.6457,-61.6495,-59.1835,-2.4660,-0.07583146,-0.07279820,-2.4660,-59.1835,-0.07279820,-2.4660,-2.4660,-2.4660,-3.0825,-3.0825,-59.1835,-0.07279820,-13.5629,-12.424,-48.0866,-49.2255,-0.05914854,-0.06054946,-0.00303326,28.0338,40.0573,-3.2447,-15.4124,-12.3299,203.2452,4.7500,,28.0338,12.609,25.9457,49.2969,55.7314,62.3995,64.8643,23.3511,-7.7837,2.405,2.5,1.080479,5,5,4,3,0E-8,-0.07583146,,0E-8,0.000000,0.936171,0.000000,,2026-04-30,2026-05-19,4,5,5,20,0.200000,,,0.000000,,,,,,,,GLOBAL_BASELINE_NO_ENTITY_RANKING,,,NOT_APPLICABLE_GLOBAL_BASELINE,HF9g-P5,,,,X 全窗基线 · 不参与实体赏罚,3926361,393,A168_HF9F_20260827_0900,2026-08-27 09:00:00
2026-07-11,152887380,1331,0,141.0293095696,61.3170911172,61.3170911172,0.6666667,6,6,0.49771390000000000,0.497713900000,0.8277047895645219,0.8277047895645219,0.8277047895645219,0E-17,ELIGIBLE,R03b_20260811_FULL_v1,L1_ELIGIBILITY,v2026-08-11,2026-03-21..2026-08-06,baccarat_bet02_101_all_pairs_incl_sentinel,round_win = game_pnl > 0 (decisive only),COMPATIBILITY_ONLY_NOT_PRODUCTION,7784.6223,6921.8276,-61.6471,316,316,0.00791909,0.00791909,,0.00791909,61.6471,7784.6223,OK,0.0000,-2.4659,4.0000,96.0000,AG03-UNRESOLVED,ALL5_LEVELS_bet23_to_bet27,-2.4659,-2.4659,-2.4659,-2.4659,-2.4659,4.000000,4.000000,4.000000,4.000000,4.000000,96.000000,96.000000,96.000000,96.000000,96.000000,5.0,-12.3294,-11.3817,-49.3177,-50.2654,PENDING_AG03,FALSE,NOT_FOR_ENFORCEMENT,-59.1812,6644.9545,-61.6471,-59.1812,-2.4659,-0.00791909,-0.00760233,-2.4659,-59.1812,-0.00760233,-2.4659,-2.4659,-2.4659,-2.4659,-2.4659,-59.1812,-0.00760233,-12.3294,-11.3817,-49.3177,-50.2654,-0.00633527,-0.00645701,-0.00031676,24.6349,21.9045,-0.1951,-4.1098,-0.5012,518.9748,21.0667,24.6349,,18.3951,20.439,30.6585,40.8781,48.89,61.3171,20.439,0.0,2.391993,3.0,1.205286,27,74,26,2,1.00000000,-0.00791909,-0.00791909,0E-8,0.000000,0.889167,0.000000,,2026-07-11,2026-08-06,15,123,89,27,0.555556,,1.000000,3.333333,,,,,,,,GLOBAL_BASELINE_NO_ENTITY_RANKING,,,NOT_APPLICABLE_GLOBAL_BASELINE,HF9g-P5,,,,X 全窗基线 · 不参与实体赏罚,3926362,393,A168_HF9F_20260827_0900,2026-08-27 09:00:00
2026-07-11,152887380,1505,0,20.4390303724,-20.4390303724,-20.4390303724,0E-7,1,1,0.50665070000000000,0.506650700000,-1.013391052207602,-1.013391052207602,-1.013391052207602,0E-17,ELIGIBLE,R03b_20260811_FULL_v1,L1_ELIGIBILITY,v2026-08-11,2026-03-21..2026-08-06,baccarat_bet02_101_all_pairs_incl_sentinel,round_win = game_pnl > 0 (decisive only),COMPATIBILITY_ONLY_NOT_PRODUCTION,7784.6223,6921.8276,-61.6471,316,316,0.00791909,0.00791909,,0.00791909,61.6471,7784.6223,OK,0.0000,-2.4659,4.0000,96.0000,AG03-UNRESOLVED,ALL5_LEVELS_bet23_to_bet27,-2.4659,-2.4659,-2.4659,-2.4659,-2.4659,4.000000,4.000000,4.000000,4.000000,4.000000,96.000000,96.000000,96.000000,96.000000,96.000000,5.0,-12.3294,-11.3817,-49.3177,-50.2654,PENDING_AG03,FALSE,NOT_FOR_ENFORCEMENT,-59.1812,6644.9545,-61.6471,-59.1812,-2.4659,-0.00791909,-0.00760233,-2.4659,-59.1812,-0.00760233,-2.4659,-2.4659,-2.4659,-2.4659,-2.4659,-59.1812,-0.00760233,-12.3294,-11.3817,-49.3177,-50.2654,-0.00633527,-0.00645701,-0.00031676,24.6349,21.9045,-0.1951,-4.1098,-0.5012,518.9748,21.0667,24.6349,,18.3951,20.439,30.6585,40.8781,48.89,61.3171,20.439,0.0,2.391993,3.0,1.205286,27,74,26,2,1.00000000,-0.00791909,-0.00791909,0E-8,0.000000,0.889167,0.000000,,2026-07-11,2026-08-06,15,123,89,27,0.555556,,1.000000,3.333333,,,,,,,,GLOBAL_BASELINE_NO_ENTITY_RANKING,,,NOT_APPLICABLE_GLOBAL_BASELINE,HF9g-P5,,,,X 全窗基线 · 不参与实体赏罚,3926363,393,A168_HF9F_20260827_0900,2026-08-27 09:00:00
2026-07-11,152887380,2141,0,447.6147651556,199.4338388588,199.4338388588,0.7647059,19,19,0.49747872105263158,0.497478721053,2.203639640730804,2.2036396407277574,2.203639640730804,-3.6842E-13,ELIGIBLE,R03b_20260811_FULL_v1,L1_ELIGIBILITY,v2026-08-11,2026-03-21..2026-08-06,baccarat_bet02_101_all_pairs_incl_sentinel,round_win = game_pnl > 0 (decisive only),COMPATIBILITY_ONLY_NOT_PRODUCTION,7784.6223,6921.8276,-61.6471,316,316,0.00791909,0.00791909,,0.00791909,61.6471,7784.6223,OK,0.0000,-2.4659,4.0000,96.0000,AG03-UNRESOLVED,ALL5_LEVELS_bet23_to_bet27,-2.4659,-2.4659,-2.4659,-2.4659,-2.4659,4.000000,4.000000,4.000000,4.000000,4.000000,96.000000,96.000000,96.000000,96.000000,96.000000,5.0,-12.3294,-11.3817,-49.3177,-50.2654,PENDING_AG03,FALSE,NOT_FOR_ENFORCEMENT,-59.1812,6644.9545,-61.6471,-59.1812,-2.4659,-0.00791909,-0.00760233,-2.4659,-59.1812,-0.00760233,-2.4659,-2.4659,-2.4659,-2.4659,-2.4659,-59.1812,-0.00760233,-12.3294,-11.3817,-49.3177,-50.2654,-0.00633527,-0.00645701,-0.00031676,24.6349,21.9045,-0.1951,-4.1098,-0.5012,518.9748,21.0667,24.6349,,18.3951,20.439,30.6585,40.8781,48.89,61.3171,20.439,0.0,2.391993,3.0,1.205286,27,74,26,2,1.00000000,-0.00791909,-0.00791909,0E-8,0.000000,0.889167,0.000000,,2026-07-11,2026-08-06,15,123,89,27,0.555556,,1.000000,3.333333,,,,,,,,GLOBAL_BASELINE_NO_ENTITY_RANKING,,,NOT_APPLICABLE_GLOBAL_BASELINE,HF9g-P5,,,,X 全窗基线 · 不参与实体赏罚,3926364,393,A168_HF9F_20260827_0900,2026-08-27 09:00:00
2026-07-11,152887380,2251,0,205.4122552426,16.4023218739,16.4023218739,0.6000000,6,6,0.49771390000000000,0.497713900000,0.4574421269484404,0.45744212694844033,0.4574421269484404,0E-17,ELIGIBLE,R03b_20260811_FULL_v1,L1_ELIGIBILITY,v2026-08-11,2026-03-21..2026-08-06,baccarat_bet02_101_all_pairs_incl_sentinel,round_win = game_pnl > 0 (decisive only),COMPATIBILITY_ONLY_NOT_PRODUCTION,7784.6223,6921.8276,-61.6471,316,316,0.00791909,0.00791909,,0.00791909,61.6471,7784.6223,OK,0.0000,-2.4659,4.0000,96.0000,AG03-UNRESOLVED,ALL5_LEVELS_bet23_to_bet27,-2.4659,-2.4659,-2.4659,-2.4659,-2.4659,4.000000,4.000000,4.000000,4.000000,4.000000,96.000000,96.000000,96.000000,96.000000,96.000000,5.0,-12.3294,-11.3817,-49.3177,-50.2654,PENDING_AG03,FALSE,NOT_FOR_ENFORCEMENT,-59.1812,6644.9545,-61.6471,-59.1812,-2.4659,-0.00791909,-0.00760233,-2.4659,-59.1812,-0.00760233,-2.4659,-2.4659,-2.4659,-2.4659,-2.4659,-59.1812,-0.00760233,-12.3294,-11.3817,-49.3177,-50.2654,-0.00633527,-0.00645701,-0.00031676,24.6349,21.9045,-0.1951,-4.1098,-0.5012,518.9748,21.0667,24.6349,,18.3951,20.439,30.6585,40.8781,48.89,61.3171,20.439,0.0,2.391993,3.0,1.205286,27,74,26,2,1.00000000,-0.00791909,-0.00791909,0E-8,0.000000,0.889167,0.000000,,2026-07-11,2026-08-06,15,123,89,27,0.555556,,1.000000,3.333333,,,,,,,,GLOBAL_BASELINE_NO_ENTITY_RANKING,,,NOT_APPLICABLE_GLOBAL_BASELINE,HF9g-P5,,,,X 全窗基线 · 不参与实体赏罚,3926365,393,A168_HF9F_20260827_0900,2026-08-27 09:00:00
2026-07-12,152887380,1205,0,40.8780607448,-40.8780607448,-40.8780607448,0E-7,1,1,0.49324550000000000,0.493245500000,-0.9865810262130424,-0.9865810262130424,-0.9865810262130424,0E-17,ELIGIBLE,R03b_20260811_FULL_v1,L1_ELIGIBILITY,v2026-08-11,2026-03-21..2026-08-06,baccarat_bet02_101_all_pairs_incl_sentinel,round_win = game_pnl > 0 (decisive only),COMPATIBILITY_ONLY_NOT_PRODUCTION,7784.6223,6921.8276,-61.6471,316,316,0.00791909,0.00791909,,0.00791909,61.6471,7784.6223,OK,0.0000,-2.4659,4.0000,96.0000,AG03-UNRESOLVED,ALL5_LEVELS_bet23_to_bet27,-2.4659,-2.4659,-2.4659,-2.4659,-2.4659,4.000000,4.000000,4.000000,4.000000,4.000000,96.000000,96.000000,96.000000,96.000000,96.000000,5.0,-12.3294,-11.3817,-49.3177,-50.2654,PENDING_AG03,FALSE,NOT_FOR_ENFORCEMENT,-59.1812,6644.9545,-61.6471,-59.1812,-2.4659,-0.00791909,-0.00760233,-2.4659,-59.1812,-0.00760233,-2.4659,-2.4659,-2.4659,-2.4659,-2.4659,-59.1812,-0.00760233,-12.3294,-11.3817,-49.3177,-50.2654,-0.00633527,-0.00645701,-0.00031676,24.6349,21.9045,-0.1951,-4.1098,-0.5012,518.9748,21.0667,24.6349,,18.3951,20.439,30.6585,40.8781,48.89,61.3171,20.439,0.0,2.391993,3.0,1.205286,27,74,26,2,1.00000000,-0.00791909,-0.00791909,0E-8,0.000000,0.889167,0.000000,,2026-07-11,2026-08-06,15,123,89,27,0.555556,,1.000000,3.333333,,,,,,,,GLOBAL_BASELINE_NO_ENTITY_RANKING,,,NOT_APPLICABLE_GLOBAL_BASELINE,HF9g-P5,,,,X 全窗基线 · 不参与实体赏罚,3926366,393,A168_HF9F_20260827_0900,2026-08-27 09:00:00
2026-07-12,152887380,1331,0,20.4390303724,-20.4390303724,-20.4390303724,0E-7,1,1,0.49324550000000000,0.493245500000,-0.9865810262130424,-0.9865810262130424,-0.9865810262130424,0E-17,ELIGIBLE,R03b_20260811_FULL_v1,L1_ELIGIBILITY,v2026-08-11,2026-03-21..2026-08-06,baccarat_bet02_101_all_pairs_incl_sentinel,round_win = game_pnl > 0 (decisive only),COMPATIBILITY_ONLY_NOT_PRODUCTION,7784.6223,6921.8276,-61.6471,316,316,0.00791909,0.00791909,,0.00791909,61.6471,7784.6223,OK,0.0000,-2.4659,4.0000,96.0000,AG03-UNRESOLVED,ALL5_LEVELS_bet23_to_bet27,-2.4659,-2.4659,-2.4659,-2.4659,-2.4659,4.000000,4.000000,4.000000,4.000000,4.000000,96.000000,96.000000,96.000000,96.000000,96.000000,5.0,-12.3294,-11.3817,-49.3177,-50.2654,PENDING_AG03,FALSE,NOT_FOR_ENFORCEMENT,-59.1812,6644.9545,-61.6471,-59.1812,-2.4659,-0.00791909,-0.00760233,-2.4659,-59.1812,-0.00760233,-2.4659,-2.4659,-2.4659,-2.4659,-2.4659,-59.1812,-0.00760233,-12.3294,-11.3817,-49.3177,-50.2654,-0.00633527,-0.00645701,-0.00031676,24.6349,21.9045,-0.1951,-4.1098,-0.5012,518.9748,21.0667,24.6349,,18.3951,20.439,30.6585,40.8781,48.89,61.3171,20.439,0.0,2.391993,3.0,1.205286,27,74,26,2,1.00000000,-0.00791909,-0.00791909,0E-8,0.000000,0.889167,0.000000,,2026-07-11,2026-08-06,15,123,89,27,0.555556,,1.000000,3.333333,,,,,,,,GLOBAL_BASELINE_NO_ENTITY_RANKING,,,NOT_APPLICABLE_GLOBAL_BASELINE,HF9g-P5,,,,X 全窗基线 · 不参与实体赏罚,3926367,393,A168_HF9F_20260827_0900,2026-08-27 09:00:00
2026-07-12,152887380,1396,0,80.7341699710,-20.4390303724,-20.4390303724,0.3333333,4,4,0.49994810000000000,0.499948100000,-0.5771704854251445,-0.5771704854251445,-0.5771704854251445,0E-17,ELIGIBLE,R03b_20260811_FULL_v1,L1_ELIGIBILITY,v2026-08-11,2026-03-21..2026-08-06,baccarat_bet02_101_all_pairs_incl_sentinel,round_win = game_pnl > 0 (decisive only),COMPATIBILITY_ONLY_NOT_PRODUCTION,7784.6223,6921.8276,-61.6471,316,316,0.00791909,0.00791909,,0.00791909,61.6471,7784.6223,OK,0.0000,-2.4659,4.0000,96.0000,AG03-UNRESOLVED,ALL5_LEVELS_bet23_to_bet27,-2.4659,-2.4659,-2.4659,-2.4659,-2.4659,4.000000,4.000000,4.000000,4.000000,4.000000,96.000000,96.000000,96.000000,96.000000,96.000000,5.0,-12.3294,-11.3817,-49.3177,-50.2654,PENDING_AG03,FALSE,NOT_FOR_ENFORCEMENT,-59.1812,6644.9545,-61.6471,-59.1812,-2.4659,-0.00791909,-0.00760233,-2.4659,-59.1812,-0.00760233,-2.4659,-2.4659,-2.4659,-2.4659,-2.4659,-59.1812,-0.00760233,-12.3294,-11.3817,-49.3177,-50.2654,-0.00633527,-0.00645701,-0.00031676,24.6349,21.9045,-0.1951,-4.1098,-0.5012,518.9748,21.0667,24.6349,,18.3951,20.439,30.6585,40.8781,48.89,61.3171,20.439,0.0,2.391993,3.0,1.205286,27,74,26,2,1.00000000,-0.00791909,-0.00791909,0E-8,0.000000,0.889167,0.000000,,2026-07-11,2026-08-06,15,123,89,27,0.555556,,1.000000,3.333333,,,,,,,,GLOBAL_BASELINE_NO_ENTITY_RANKING,,,NOT_APPLICABLE_GLOBAL_BASELINE,HF9g-P5,,,,X 全窗基线 · 不参与实体赏罚,3926368,393,A168_HF9F_20260827_0900,2026-08-27 09:00:00
2026-07-12,152887380,1505,0,20.4390303724,-20.4390303724,-20.4390303724,0E-7,1,1,0.49324550000000000,0.493245500000,-0.9865810262130424,-0.9865810262130424,-0.9865810262130424,0E-17,ELIGIBLE,R03b_20260811_FULL_v1,L1_ELIGIBILITY,v2026-08-11,2026-03-21..2026-08-06,baccarat_bet02_101_all_pairs_incl_sentinel,round_win = game_pnl > 0 (decisive only),COMPATIBILITY_ONLY_NOT_PRODUCTION,7784.6223,6921.8276,-61.6471,316,316,0.00791909,0.00791909,,0.00791909,61.6471,7784.6223,OK,0.0000,-2.4659,4.0000,96.0000,AG03-UNRESOLVED,ALL5_LEVELS_bet23_to_bet27,-2.4659,-2.4659,-2.4659,-2.4659,-2.4659,4.000000,4.000000,4.000000,4.000000,4.000000,96.000000,96.000000,96.000000,96.000000,96.000000,5.0,-12.3294,-11.3817,-49.3177,-50.2654,PENDING_AG03,FALSE,NOT_FOR_ENFORCEMENT,-59.1812,6644.9545,-61.6471,-59.1812,-2.4659,-0.00791909,-0.00760233,-2.4659,-59.1812,-0.00760233,-2.4659,-2.4659,-2.4659,-2.4659,-2.4659,-59.1812,-0.00760233,-12.3294,-11.3817,-49.3177,-50.2654,-0.00633527,-0.00645701,-0.00031676,24.6349,21.9045,-0.1951,-4.1098,-0.5012,518.9748,21.0667,24.6349,,18.3951,20.439,30.6585,40.8781,48.89,61.3171,20.439,0.0,2.391993,3.0,1.205286,27,74,26,2,1.00000000,-0.00791909,-0.00791909,0E-8,0.000000,0.889167,0.000000,,2026-07-11,2026-08-06,15,123,89,27,0.555556,,1.000000,3.333333,,,,,,,,GLOBAL_BASELINE_NO_ENTITY_RANKING,,,NOT_APPLICABLE_GLOBAL_BASELINE,HF9g-P5,,,,X 全窗基线 · 不参与实体赏罚,3926369,393,A168_HF9F_20260827_0900,2026-08-27 09:00:00
2026-07-12,152887380,2108,0,118.3419858563,60.7243592364,60.7243592364,0.8000000,6,6,0.49771390000000000,0.497713900000,1.3518786671008958,1.3518786671008955,1.3518786671008958,0E-17,ELIGIBLE,R03b_20260811_FULL_v1,L1_ELIGIBILITY,v2026-08-11,2026-03-21..2026-08-06,baccarat_bet02_101_all_pairs_incl_sentinel,round_win = game_pnl > 0 (decisive only),COMPATIBILITY_ONLY_NOT_PRODUCTION,7784.6223,6921.8276,-61.6471,316,316,0.00791909,0.00791909,,0.00791909,61.6471,7784.6223,OK,0.0000,-2.4659,4.0000,96.0000,AG03-UNRESOLVED,ALL5_LEVELS_bet23_to_bet27,-2.4659,-2.4659,-2.4659,-2.4659,-2.4659,4.000000,4.000000,4.000000,4.000000,4.000000,96.000000,96.000000,96.000000,96.000000,96.000000,5.0,-12.3294,-11.3817,-49.3177,-50.2654,PENDING_AG03,FALSE,NOT_FOR_ENFORCEMENT,-59.1812,6644.9545,-61.6471,-59.1812,-2.4659,-0.00791909,-0.00760233,-2.4659,-59.1812,-0.00760233,-2.4659,-2.4659,-2.4659,-2.4659,-2.4659,-59.1812,-0.00760233,-12.3294,-11.3817,-49.3177,-50.2654,-0.00633527,-0.00645701,-0.00031676,24.6349,21.9045,-0.1951,-4.1098,-0.5012,518.9748,21.0667,24.6349,,18.3951,20.439,30.6585,40.8781,48.89,61.3171,20.439,0.0,2.391993,3.0,1.205286,27,74,26,2,1.00000000,-0.00791909,-0.00791909,0E-8,0.000000,0.889167,0.000000,,2026-07-11,2026-08-06,15,123,89,27,0.555556,,1.000000,3.333333,,,,,,,,GLOBAL_BASELINE_NO_ENTITY_RANKING,,,NOT_APPLICABLE_GLOBAL_BASELINE,HF9g-P5,,,,X 全窗基线 · 不参与实体赏罚,3926370,393,A168_HF9F_20260827_0900,2026-08-27 09:00:00
2026-07-12,152887380,2152,0,5.1097575931,-5.1097575931,-5.1097575931,0E-7,1,1,0.50665070000000000,0.506650700000,-1.013391052207602,-1.013391052207602,-1.013391052207602,0E-17,ELIGIBLE,R03b_20260811_FULL_v1,L1_ELIGIBILITY,v2026-08-11,2026-03-21..2026-08-06,baccarat_bet02_101_all_pairs_incl_sentinel,round_win = game_pnl > 0 (decisive only),COMPATIBILITY_ONLY_NOT_PRODUCTION,7784.6223,6921.8276,-61.6471,316,316,0.00791909,0.00791909,,0.00791909,61.6471,7784.6223,OK,0.0000,-2.4659,4.0000,96.0000,AG03-UNRESOLVED,ALL5_LEVELS_bet23_to_bet27,-2.4659,-2.4659,-2.4659,-2.4659,-2.4659,4.000000,4.000000,4.000000,4.000000,4.000000,96.000000,96.000000,96.000000,96.000000,96.000000,5.0,-12.3294,-11.3817,-49.3177,-50.2654,PENDING_AG03,FALSE,NOT_FOR_ENFORCEMENT,-59.1812,6644.9545,-61.6471,-59.1812,-2.4659,-0.00791909,-0.00760233,-2.4659,-59.1812,-0.00760233,-2.4659,-2.4659,-2.4659,-2.4659,-2.4659,-59.1812,-0.00760233,-12.3294,-11.3817,-49.3177,-50.2654,-0.00633527,-0.00645701,-0.00031676,24.6349,21.9045,-0.1951,-4.1098,-0.5012,518.9748,21.0667,24.6349,,18.3951,20.439,30.6585,40.8781,48.89,61.3171,20.439,0.0,2.391993,3.0,1.205286,27,74,26,2,1.00000000,-0.00791909,-0.00791909,0E-8,0.000000,0.889167,0.000000,,2026-07-11,2026-08-06,15,123,89,27,0.555556,,1.000000,3.333333,,,,,,,,GLOBAL_BASELINE_NO_ENTITY_RANKING,,,NOT_APPLICABLE_GLOBAL_BASELINE,HF9g-P5,,,,X 全窗基线 · 不参与实体赏罚,3926371,393,A168_HF9F_20260827_0900,2026-08-27 09:00:00
2026-07-12,152887380,2280,0,40.8780607448,-40.8780607448,-40.8780607448,0E-7,1,1,0.50665070000000000,0.506650700000,-1.013391052207602,-1.013391052207602,-1.013391052207602,0E-17,ELIGIBLE,R03b_20260811_FULL_v1,L1_ELIGIBILITY,v2026-08-11,2026-03-21..2026-08-06,baccarat_bet02_101_all_pairs_incl_sentinel,round_win = game_pnl > 0 (decisive only),COMPATIBILITY_ONLY_NOT_PRODUCTION,7784.6223,6921.8276,-61.6471,316,316,0.00791909,0.00791909,,0.00791909,61.6471,7784.6223,OK,0.0000,-2.4659,4.0000,96.0000,AG03-UNRESOLVED,ALL5_LEVELS_bet23_to_bet27,-2.4659,-2.4659,-2.4659,-2.4659,-2.4659,4.000000,4.000000,4.000000,4.000000,4.000000,96.000000,96.000000,96.000000,96.000000,96.000000,5.0,-12.3294,-11.3817,-49.3177,-50.2654,PENDING_AG03,FALSE,NOT_FOR_ENFORCEMENT,-59.1812,6644.9545,-61.6471,-59.1812,-2.4659,-0.00791909,-0.00760233,-2.4659,-59.1812,-0.00760233,-2.4659,-2.4659,-2.4659,-2.4659,-2.4659,-59.1812,-0.00760233,-12.3294,-11.3817,-49.3177,-50.2654,-0.00633527,-0.00645701,-0.00031676,24.6349,21.9045,-0.1951,-4.1098,-0.5012,518.9748,21.0667,24.6349,,18.3951,20.439,30.6585,40.8781,48.89,61.3171,20.439,0.0,2.391993,3.0,1.205286,27,74,26,2,1.00000000,-0.00791909,-0.00791909,0E-8,0.000000,0.889167,0.000000,,2026-07-11,2026-08-06,15,123,89,27,0.555556,,1.000000,3.333333,,,,,,,,GLOBAL_BASELINE_NO_ENTITY_RANKING,,,NOT_APPLICABLE_GLOBAL_BASELINE,HF9g-P5,,,,X 全窗基线 · 不参与实体赏罚,3926372,393,A168_HF9F_20260827_0900,2026-08-27 09:00:00
2026-07-12,152887380,2281,0,38.0165964926,-5.4572211095,-5.4572211095,0.6666667,3,3,0.50218230000000000,0.502182300000,0.5697959874915163,0.5697959874915164,0.5697959874915163,0E-17,ELIGIBLE,R03b_20260811_FULL_v1,L1_ELIGIBILITY,v2026-08-11,2026-03-21..2026-08-06,baccarat_bet02_101_all_pairs_incl_sentinel,round_win = game_pnl > 0 (decisive only),COMPATIBILITY_ONLY_NOT_PRODUCTION,7784.6223,6921.8276,-61.6471,316,316,0.00791909,0.00791909,,0.00791909,61.6471,7784.6223,OK,0.0000,-2.4659,4.0000,96.0000,AG03-UNRESOLVED,ALL5_LEVELS_bet23_to_bet27,-2.4659,-2.4659,-2.4659,-2.4659,-2.4659,4.000000,4.000000,4.000000,4.000000,4.000000,96.000000,96.000000,96.000000,96.000000,96.000000,5.0,-12.3294,-11.3817,-49.3177,-50.2654,PENDING_AG03,FALSE,NOT_FOR_ENFORCEMENT,-59.1812,6644.9545,-61.6471,-59.1812,-2.4659,-0.00791909,-0.00760233,-2.4659,-59.1812,-0.00760233,-2.4659,-2.4659,-2.4659,-2.4659,-2.4659,-59.1812,-0.00760233,-12.3294,-11.3817,-49.3177,-50.2654,-0.00633527,-0.00645701,-0.00031676,24.6349,21.9045,-0.1951,-4.1098,-0.5012,518.9748,21.0667,24.6349,,18.3951,20.439,30.6585,40.8781,48.89,61.3171,20.439,0.0,2.391993,3.0,1.205286,27,74,26,2,1.00000000,-0.00791909,-0.00791909,0E-8,0.000000,0.889167,0.000000,,2026-07-11,2026-08-06,15,123,89,27,0.555556,,1.000000,3.333333,,,,,,,,GLOBAL_BASELINE_NO_ENTITY_RANKING,,,NOT_APPLICABLE_GLOBAL_BASELINE,HF9g-P5,,,,X 全窗基线 · 不参与实体赏罚,3926373,393,A168_HF9F_20260827_0900,2026-08-27 09:00:00
2026-07-12,152887380,526,0,40.8780607448,0E-10,0E-10,,1,1,0.49324550000000000,0.493245500000,,,,0E-17,NO_DECISIVE_ROUND,R03b_20260811_FULL_v1,L1_ELIGIBILITY,v2026-08-11,2026-03-21..2026-08-06,baccarat_bet02_101_all_pairs_incl_sentinel,round_win = game_pnl > 0 (decisive only),COMPATIBILITY_ONLY_NOT_PRODUCTION,7784.6223,6921.8276,-61.6471,316,316,0.00791909,0.00791909,,0.00791909,61.6471,7784.6223,OK,0.0000,-2.4659,4.0000,96.0000,AG03-UNRESOLVED,ALL5_LEVELS_bet23_to_bet27,-2.4659,-2.4659,-2.4659,-2.4659,-2.4659,4.000000,4.000000,4.000000,4.000000,4.000000,96.000000,96.000000,96.000000,96.000000,96.000000,5.0,-12.3294,-11.3817,-49.3177,-50.2654,PENDING_AG03,FALSE,NOT_FOR_ENFORCEMENT,-59.1812,6644.9545,-61.6471,-59.1812,-2.4659,-0.00791909,-0.00760233,-2.4659,-59.1812,-0.00760233,-2.4659,-2.4659,-2.4659,-2.4659,-2.4659,-59.1812,-0.00760233,-12.3294,-11.3817,-49.3177,-50.2654,-0.00633527,-0.00645701,-0.00031676,24.6349,21.9045,-0.1951,-4.1098,-0.5012,518.9748,21.0667,24.6349,,18.3951,20.439,30.6585,40.8781,48.89,61.3171,20.439,0.0,2.391993,3.0,1.205286,27,74,26,2,1.00000000,-0.00791909,-0.00791909,0E-8,0.000000,0.889167,0.000000,,2026-07-11,2026-08-06,15,123,89,27,0.555556,,1.000000,3.333333,,,,,,,,GLOBAL_BASELINE_NO_ENTITY_RANKING,,,NOT_APPLICABLE_GLOBAL_BASELINE,HF9g-P5,,,,X 全窗基线 · 不参与实体赏罚,3926374,393,A168_HF9F_20260827_0900,2026-08-27 09:00:00
2026-07-12,152887380,986,0,102.1951518620,-61.3170911172,-61.3170911172,0.2000000,5,5,0.49860758000000000,0.498607580000,-1.3354188732730328,-1.3354188732730328,-1.3354188732730328,0E-17,ELIGIBLE,R03b_20260811_FULL_v1,L1_ELIGIBILITY,v2026-08-11,2026-03-21..2026-08-06,baccarat_bet02_101_all_pairs_incl_sentinel,round_win = game_pnl > 0 (decisive only),COMPATIBILITY_ONLY_NOT_PRODUCTION,7784.6223,6921.8276,-61.6471,316,316,0.00791909,0.00791909,,0.00791909,61.6471,7784.6223,OK,0.0000,-2.4659,4.0000,96.0000,AG03-UNRESOLVED,ALL5_LEVELS_bet23_to_bet27,-2.4659,-2.4659,-2.4659,-2.4659,-2.4659,4.000000,4.000000,4.000000,4.000000,4.000000,96.000000,96.000000,96.000000,96.000000,96.000000,5.0,-12.3294,-11.3817,-49.3177,-50.2654,PENDING_AG03,FALSE,NOT_FOR_ENFORCEMENT,-59.1812,6644.9545,-61.6471,-59.1812,-2.4659,-0.00791909,-0.00760233,-2.4659,-59.1812,-0.00760233,-2.4659,-2.4659,-2.4659,-2.4659,-2.4659,-59.1812,-0.00760233,-12.3294,-11.3817,-49.3177,-50.2654,-0.00633527,-0.00645701,-0.00031676,24.6349,21.9045,-0.1951,-4.1098,-0.5012,518.9748,21.0667,24.6349,,18.3951,20.439,30.6585,40.8781,48.89,61.3171,20.439,0.0,2.391993,3.0,1.205286,27,74,26,2,1.00000000,-0.00791909,-0.00791909,0E-8,0.000000,0.889167,0.000000,,2026-07-11,2026-08-06,15,123,89,27,0.555556,,1.000000,3.333333,,,,,,,,GLOBAL_BASELINE_NO_ENTITY_RANKING,,,NOT_APPLICABLE_GLOBAL_BASELINE,HF9g-P5,,,,X 全窗基线 · 不参与实体赏罚,3926375,393,A168_HF9F_20260827_0900,2026-08-27 09:00:00
2026-07-16,152887380,1094,0,40.8780607448,-20.4390303724,-20.4390303724,0E-7,2,2,0.49994810000000000,0.499948100000,-0.9998962053866608,-0.9998962053866608,-0.9998962053866608,0E-17,ELIGIBLE,R03b_20260811_FULL_v1,L1_ELIGIBILITY,v2026-08-11,2026-03-21..2026-08-06,baccarat_bet02_101_all_pairs_incl_sentinel,round_win = game_pnl > 0 (decisive only),COMPATIBILITY_ONLY_NOT_PRODUCTION,7784.6223,6921.8276,-61.6471,316,316,0.00791909,0.00791909,,0.00791909,61.6471,7784.6223,OK,0.0000,-2.4659,4.0000,96.0000,AG03-UNRESOLVED,ALL5_LEVELS_bet23_to_bet27,-2.4659,-2.4659,-2.4659,-2.4659,-2.4659,4.000000,4.000000,4.000000,4.000000,4.000000,96.000000,96.000000,96.000000,96.000000,96.000000,5.0,-12.3294,-11.3817,-49.3177,-50.2654,PENDING_AG03,FALSE,NOT_FOR_ENFORCEMENT,-59.1812,6644.9545,-61.6471,-59.1812,-2.4659,-0.00791909,-0.00760233,-2.4659,-59.1812,-0.00760233,-2.4659,-2.4659,-2.4659,-2.4659,-2.4659,-59.1812,-0.00760233,-12.3294,-11.3817,-49.3177,-50.2654,-0.00633527,-0.00645701,-0.00031676,24.6349,21.9045,-0.1951,-4.1098,-0.5012,518.9748,21.0667,24.6349,,18.3951,20.439,30.6585,40.8781,48.89,61.3171,20.439,0.0,2.391993,3.0,1.205286,27,74,26,2,1.00000000,-0.00791909,-0.00791909,0E-8,0.000000,0.889167,0.000000,,2026-07-11,2026-08-06,15,123,89,27,0.555556,,1.000000,3.333333,,,,,,,,GLOBAL_BASELINE_NO_ENTITY_RANKING,,,NOT_APPLICABLE_GLOBAL_BASELINE,HF9g-P5,,,,X 全窗基线 · 不参与实体赏罚,3926376,393,A168_HF9F_20260827_0900,2026-08-27 09:00:00
2026-07-16,152887380,2103,0,20.4390303724,-10.2195151862,-10.2195151862,0E-7,2,2,0.49324550000000000,0.493245500000,-0.9865810262130424,-0.9865810262130424,-0.9865810262130424,0E-17,ELIGIBLE,R03b_20260811_FULL_v1,L1_ELIGIBILITY,v2026-08-11,2026-03-21..2026-08-06,baccarat_bet02_101_all_pairs_incl_sentinel,round_win = game_pnl > 0 (decisive only),COMPATIBILITY_ONLY_NOT_PRODUCTION,7784.6223,6921.8276,-61.6471,316,316,0.00791909,0.00791909,,0.00791909,61.6471,7784.6223,OK,0.0000,-2.4659,4.0000,96.0000,AG03-UNRESOLVED,ALL5_LEVELS_bet23_to_bet27,-2.4659,-2.4659,-2.4659,-2.4659,-2.4659,4.000000,4.000000,4.000000,4.000000,4.000000,96.000000,96.000000,96.000000,96.000000,96.000000,5.0,-12.3294,-11.3817,-49.3177,-50.2654,PENDING_AG03,FALSE,NOT_FOR_ENFORCEMENT,-59.1812,6644.9545,-61.6471,-59.1812,-2.4659,-0.00791909,-0.00760233,-2.4659,-59.1812,-0.00760233,-2.4659,-2.4659,-2.4659,-2.4659,-2.4659,-59.1812,-0.00760233,-12.3294,-11.3817,-49.3177,-50.2654,-0.00633527,-0.00645701,-0.00031676,24.6349,21.9045,-0.1951,-4.1098,-0.5012,518.9748,21.0667,24.6349,,18.3951,20.439,30.6585,40.8781,48.89,61.3171,20.439,0.0,2.391993,3.0,1.205286,27,74,26,2,1.00000000,-0.00791909,-0.00791909,0E-8,0.000000,0.889167,0.000000,,2026-07-11,2026-08-06,15,123,89,27,0.555556,,1.000000,3.333333,,,,,,,,GLOBAL_BASELINE_NO_ENTITY_RANKING,,,NOT_APPLICABLE_GLOBAL_BASELINE,HF9g-P5,,,,X 全窗基线 · 不参与实体赏罚,3926377,393,A168_HF9F_20260827_0900,2026-08-27 09:00:00
2026-07-17,152887380,1509,0,91.9756366759,40.9495973511,40.9495973511,0.7500000,9,9,0.50218230000000000,0.502182300000,1.4018819621466703,1.4018819621466703,1.4018819621466703,0E-17,ELIGIBLE,R03b_20260811_FULL_v1,L1_ELIGIBILITY,v2026-08-11,2026-03-21..2026-08-06,baccarat_bet02_101_all_pairs_incl_sentinel,round_win = game_pnl > 0 (decisive only),COMPATIBILITY_ONLY_NOT_PRODUCTION,7784.6223,6921.8276,-61.6471,316,316,0.00791909,0.00791909,,0.00791909,61.6471,7784.6223,OK,0.0000,-2.4659,4.0000,96.0000,AG03-UNRESOLVED,ALL5_LEVELS_bet23_to_bet27,-2.4659,-2.4659,-2.4659,-2.4659,-2.4659,4.000000,4.000000,4.000000,4.000000,4.000000,96.000000,96.000000,96.000000,96.000000,96.000000,5.0,-12.3294,-11.3817,-49.3177,-50.2654,PENDING_AG03,FALSE,NOT_FOR_ENFORCEMENT,-59.1812,6644.9545,-61.6471,-59.1812,-2.4659,-0.00791909,-0.00760233,-2.4659,-59.1812,-0.00760233,-2.4659,-2.4659,-2.4659,-2.4659,-2.4659,-59.1812,-0.00760233,-12.3294,-11.3817,-49.3177,-50.2654,-0.00633527,-0.00645701,-0.00031676,24.6349,21.9045,-0.1951,-4.1098,-0.5012,518.9748,21.0667,24.6349,,18.3951,20.439,30.6585,40.8781,48.89,61.3171,20.439,0.0,2.391993,3.0,1.205286,27,74,26,2,1.00000000,-0.00791909,-0.00791909,0E-8,0.000000,0.889167,0.000000,,2026-07-11,2026-08-06,15,123,89,27,0.555556,,1.000000,3.333333,,,,,,,,GLOBAL_BASELINE_NO_ENTITY_RANKING,,,NOT_APPLICABLE_GLOBAL_BASELINE,HF9g-P5,,,,X 全窗基线 · 不参与实体赏罚,3926378,393,A168_HF9F_20260827_0900,2026-08-27 09:00:00
2026-07-17,152887380,2093,0,41.9000122634,-41.9000122634,-41.9000122634,0E-7,2,2,0.49324550000000000,0.493245500000,-1.3952362676504506,-1.3952362676504506,-1.3952362676504506,0E-17,ELIGIBLE,R03b_20260811_FULL_v1,L1_ELIGIBILITY,v2026-08-11,2026-03-21..2026-08-06,baccarat_bet02_101_all_pairs_incl_sentinel,round_win = game_pnl > 0 (decisive only),COMPATIBILITY_ONLY_NOT_PRODUCTION,7784.6223,6921.8276,-61.6471,316,316,0.00791909,0.00791909,,0.00791909,61.6471,7784.6223,OK,0.0000,-2.4659,4.0000,96.0000,AG03-UNRESOLVED,ALL5_LEVELS_bet23_to_bet27,-2.4659,-2.4659,-2.4659,-2.4659,-2.4659,4.000000,4.000000,4.000000,4.000000,4.000000,96.000000,96.000000,96.000000,96.000000,96.000000,5.0,-12.3294,-11.3817,-49.3177,-50.2654,PENDING_AG03,FALSE,NOT_FOR_ENFORCEMENT,-59.1812,6644.9545,-61.6471,-59.1812,-2.4659,-0.00791909,-0.00760233,-2.4659,-59.1812,-0.00760233,-2.4659,-2.4659,-2.4659,-2.4659,-2.4659,-59.1812,-0.00760233,-12.3294,-11.3817,-49.3177,-50.2654,-0.00633527,-0.00645701,-0.00031676,24.6349,21.9045,-0.1951,-4.1098,-0.5012,518.9748,21.0667,24.6349,,18.3951,20.439,30.6585,40.8781,48.89,61.3171,20.439,0.0,2.391993,3.0,1.205286,27,74,26,2,1.00000000,-0.00791909,-0.00791909,0E-8,0.000000,0.889167,0.000000,,2026-07-11,2026-08-06,15,123,89,27,0.555556,,1.000000,3.333333,,,,,,,,GLOBAL_BASELINE_NO_ENTITY_RANKING,,,NOT_APPLICABLE_GLOBAL_BASELINE,HF9g-P5,,,,X 全窗基线 · 不参与实体赏罚,3926379,393,A168_HF9F_20260827_0900,2026-08-27 09:00:00
2026-07-17,152887380,2103,0,39.8561092262,0E-10,0E-10,0.5000000,2,2,0.49994810000000000,0.499948100000,0.00014679536856514622,0.00014679536856514622,0.00014679536856514622,0E-17,ELIGIBLE,R03b_20260811_FULL_v1,L1_ELIGIBILITY,v2026-08-11,2026-03-21..2026-08-06,baccarat_bet02_101_all_pairs_incl_sentinel,round_win = game_pnl > 0 (decisive only),COMPATIBILITY_ONLY_NOT_PRODUCTION,7784.6223,6921.8276,-61.6471,316,316,0.00791909,0.00791909,,0.00791909,61.6471,7784.6223,OK,0.0000,-2.4659,4.0000,96.0000,AG03-UNRESOLVED,ALL5_LEVELS_bet23_to_bet27,-2.4659,-2.4659,-2.4659,-2.4659,-2.4659,4.000000,4.000000,4.000000,4.000000,4.000000,96.000000,96.000000,96.000000,96.000000,96.000000,5.0,-12.3294,-11.3817,-49.3177,-50.2654,PENDING_AG03,FALSE,NOT_FOR_ENFORCEMENT,-59.1812,6644.9545,-61.6471,-59.1812,-2.4659,-0.00791909,-0.00760233,-2.4659,-59.1812,-0.00760233,-2.4659,-2.4659,-2.4659,-2.4659,-2.4659,-59.1812,-0.00760233,-12.3294,-11.3817,-49.3177,-50.2654,-0.00633527,-0.00645701,-0.00031676,24.6349,21.9045,-0.1951,-4.1098,-0.5012,518.9748,21.0667,24.6349,,18.3951,20.439,30.6585,40.8781,48.89,61.3171,20.439,0.0,2.391993,3.0,1.205286,27,74,26,2,1.00000000,-0.00791909,-0.00791909,0E-8,0.000000,0.889167,0.000000,,2026-07-11,2026-08-06,15,123,89,27,0.555556,,1.000000,3.333333,,,,,,,,GLOBAL_BASELINE_NO_ENTITY_RANKING,,,NOT_APPLICABLE_GLOBAL_BASELINE,HF9g-P5,,,,X 全窗基线 · 不参与实体赏罚,3926380,393,A168_HF9F_20260827_0900,2026-08-27 09:00:00
2026-07-17,152887380,2246,0,40.8780607448,-20.4390303724,-20.4390303724,0E-7,2,2,0.49994810000000000,0.499948100000,-0.9998962053866608,-0.9998962053866608,-0.9998962053866608,0E-17,ELIGIBLE,R03b_20260811_FULL_v1,L1_ELIGIBILITY,v2026-08-11,2026-03-21..2026-08-06,baccarat_bet02_101_all_pairs_incl_sentinel,round_win = game_pnl > 0 (decisive only),COMPATIBILITY_ONLY_NOT_PRODUCTION,7784.6223,6921.8276,-61.6471,316,316,0.00791909,0.00791909,,0.00791909,61.6471,7784.6223,OK,0.0000,-2.4659,4.0000,96.0000,AG03-UNRESOLVED,ALL5_LEVELS_bet23_to_bet27,-2.4659,-2.4659,-2.4659,-2.4659,-2.4659,4.000000,4.000000,4.000000,4.000000,4.000000,96.000000,96.000000,96.000000,96.000000,96.000000,5.0,-12.3294,-11.3817,-49.3177,-50.2654,PENDING_AG03,FALSE,NOT_FOR_ENFORCEMENT,-59.1812,6644.9545,-61.6471,-59.1812,-2.4659,-0.00791909,-0.00760233,-2.4659,-59.1812,-0.00760233,-2.4659,-2.4659,-2.4659,-2.4659,-2.4659,-59.1812,-0.00760233,-12.3294,-11.3817,-49.3177,-50.2654,-0.00633527,-0.00645701,-0.00031676,24.6349,21.9045,-0.1951,-4.1098,-0.5012,518.9748,21.0667,24.6349,,18.3951,20.439,30.6585,40.8781,48.89,61.3171,20.439,0.0,2.391993,3.0,1.205286,27,74,26,2,1.00000000,-0.00791909,-0.00791909,0E-8,0.000000,0.889167,0.000000,,2026-07-11,2026-08-06,15,123,89,27,0.555556,,1.000000,3.333333,,,,,,,,GLOBAL_BASELINE_NO_ENTITY_RANKING,,,NOT_APPLICABLE_GLOBAL_BASELINE,HF9g-P5,,,,X 全窗基线 · 不参与实体赏罚,3926381,393,A168_HF9F_20260827_0900,2026-08-27 09:00:00
2026-07-19,152887380,-1,1,102.1951518620,-0.9606344274,-0.9606344274,0.6000000,5,5,0.50396966000000000,0.503969660000,0.4294742719815242,0.4294742719815242,0.4294742719815242,0E-17,SENTINEL_DEALER,R03b_20260811_FULL_v1,L1_ELIGIBILITY,v2026-08-11,2026-03-21..2026-08-06,baccarat_bet02_101_all_pairs_incl_sentinel,round_win = game_pnl > 0 (decisive only),COMPATIBILITY_ONLY_NOT_PRODUCTION,7784.6223,6921.8276,-61.6471,316,316,0.00791909,0.00791909,,0.00791909,61.6471,7784.6223,OK,0.0000,-2.4659,4.0000,96.0000,AG03-UNRESOLVED,ALL5_LEVELS_bet23_to_bet27,-2.4659,-2.4659,-2.4659,-2.4659,-2.4659,4.000000,4.000000,4.000000,4.000000,4.000000,96.000000,96.000000,96.000000,96.000000,96.000000,5.0,-12.3294,-11.3817,-49.3177,-50.2654,PENDING_AG03,FALSE,NOT_FOR_ENFORCEMENT,-59.1812,6644.9545,-61.6471,-59.1812,-2.4659,-0.00791909,-0.00760233,-2.4659,-59.1812,-0.00760233,-2.4659,-2.4659,-2.4659,-2.4659,-2.4659,-59.1812,-0.00760233,-12.3294,-11.3817,-49.3177,-50.2654,-0.00633527,-0.00645701,-0.00031676,24.6349,21.9045,-0.1951,-4.1098,-0.5012,518.9748,21.0667,24.6349,,18.3951,20.439,30.6585,40.8781,48.89,61.3171,20.439,0.0,2.391993,3.0,1.205286,27,74,26,2,1.00000000,-0.00791909,-0.00791909,0E-8,0.000000,0.889167,0.000000,,2026-07-11,2026-08-06,15,123,89,27,0.555556,,1.000000,3.333333,,,,,,,,GLOBAL_BASELINE_NO_ENTITY_RANKING,,,NOT_APPLICABLE_GLOBAL_BASELINE,HF9g-P5,,,,X 全窗基线 · 不参与实体赏罚,3926382,393,A168_HF9F_20260827_0900,2026-08-27 09:00:00
2026-07-19,152887380,1704,0,20.4390303724,-20.4390303724,-20.4390303724,0E-7,1,1,0.50665070000000000,0.506650700000,-1.013391052207602,-1.013391052207602,-1.013391052207602,0E-17,ELIGIBLE,R03b_20260811_FULL_v1,L1_ELIGIBILITY,v2026-08-11,2026-03-21..2026-08-06,baccarat_bet02_101_all_pairs_incl_sentinel,round_win = game_pnl > 0 (decisive only),COMPATIBILITY_ONLY_NOT_PRODUCTION,7784.6223,6921.8276,-61.6471,316,316,0.00791909,0.00791909,,0.00791909,61.6471,7784.6223,OK,0.0000,-2.4659,4.0000,96.0000,AG03-UNRESOLVED,ALL5_LEVELS_bet23_to_bet27,-2.4659,-2.4659,-2.4659,-2.4659,-2.4659,4.000000,4.000000,4.000000,4.000000,4.000000,96.000000,96.000000,96.000000,96.000000,96.000000,5.0,-12.3294,-11.3817,-49.3177,-50.2654,PENDING_AG03,FALSE,NOT_FOR_ENFORCEMENT,-59.1812,6644.9545,-61.6471,-59.1812,-2.4659,-0.00791909,-0.00760233,-2.4659,-59.1812,-0.00760233,-2.4659,-2.4659,-2.4659,-2.4659,-2.4659,-59.1812,-0.00760233,-12.3294,-11.3817,-49.3177,-50.2654,-0.00633527,-0.00645701,-0.00031676,24.6349,21.9045,-0.1951,-4.1098,-0.5012,518.9748,21.0667,24.6349,,18.3951,20.439,30.6585,40.8781,48.89,61.3171,20.439,0.0,2.391993,3.0,1.205286,27,74,26,2,1.00000000,-0.00791909,-0.00791909,0E-8,0.000000,0.889167,0.000000,,2026-07-11,2026-08-06,15,123,89,27,0.555556,,1.000000,3.333333,,,,,,,,GLOBAL_BASELINE_NO_ENTITY_RANKING,,,NOT_APPLICABLE_GLOBAL_BASELINE,HF9g-P5,,,,X 全窗基线 · 不参与实体赏罚,3926383,393,A168_HF9F_20260827_0900,2026-08-27 09:00:00
2026-07-19,152887380,2152,0,51.0975759310,-20.4390303724,-20.4390303724,0E-7,2,2,0.49994810000000000,0.499948100000,-0.9998962053866608,-0.9998962053866608,-0.9998962053866608,0E-17,ELIGIBLE,R03b_20260811_FULL_v1,L1_ELIGIBILITY,v2026-08-11,2026-03-21..2026-08-06,baccarat_bet02_101_all_pairs_incl_sentinel,round_win = game_pnl > 0 (decisive only),COMPATIBILITY_ONLY_NOT_PRODUCTION,7784.6223,6921.8276,-61.6471,316,316,0.00791909,0.00791909,,0.00791909,61.6471,7784.6223,OK,0.0000,-2.4659,4.0000,96.0000,AG03-UNRESOLVED,ALL5_LEVELS_bet23_to_bet27,-2.4659,-2.4659,-2.4659,-2.4659,-2.4659,4.000000,4.000000,4.000000,4.000000,4.000000,96.000000,96.000000,96.000000,96.000000,96.000000,5.0,-12.3294,-11.3817,-49.3177,-50.2654,PENDING_AG03,FALSE,NOT_FOR_ENFORCEMENT,-59.1812,6644.9545,-61.6471,-59.1812,-2.4659,-0.00791909,-0.00760233,-2.4659,-59.1812,-0.00760233,-2.4659,-2.4659,-2.4659,-2.4659,-2.4659,-59.1812,-0.00760233,-12.3294,-11.3817,-49.3177,-50.2654,-0.00633527,-0.00645701,-0.00031676,24.6349,21.9045,-0.1951,-4.1098,-0.5012,518.9748,21.0667,24.6349,,18.3951,20.439,30.6585,40.8781,48.89,61.3171,20.439,0.0,2.391993,3.0,1.205286,27,74,26,2,1.00000000,-0.00791909,-0.00791909,0E-8,0.000000,0.889167,0.000000,,2026-07-11,2026-08-06,15,123,89,27,0.555556,,1.000000,3.333333,,,,,,,,GLOBAL_BASELINE_NO_ENTITY_RANKING,,,NOT_APPLICABLE_GLOBAL_BASELINE,HF9g-P5,,,,X 全窗基线 · 不参与实体赏罚,3926384,393,A168_HF9F_20260827_0900,2026-08-27 09:00:00
2026-07-19,152887380,2167,0,20.4390303724,20.4390303724,20.4390303724,1.0000000,1,1,0.49324550000000000,0.493245500000,1.01360149184955,1.01360149184955,1.01360149184955,0E-17,ELIGIBLE,R03b_20260811_FULL_v1,L1_ELIGIBILITY,v2026-08-11,2026-03-21..2026-08-06,baccarat_bet02_101_all_pairs_incl_sentinel,round_win = game_pnl > 0 (decisive only),COMPATIBILITY_ONLY_NOT_PRODUCTION,7784.6223,6921.8276,-61.6471,316,316,0.00791909,0.00791909,,0.00791909,61.6471,7784.6223,OK,0.0000,-2.4659,4.0000,96.0000,AG03-UNRESOLVED,ALL5_LEVELS_bet23_to_bet27,-2.4659,-2.4659,-2.4659,-2.4659,-2.4659,4.000000,4.000000,4.000000,4.000000,4.000000,96.000000,96.000000,96.000000,96.000000,96.000000,5.0,-12.3294,-11.3817,-49.3177,-50.2654,PENDING_AG03,FALSE,NOT_FOR_ENFORCEMENT,-59.1812,6644.9545,-61.6471,-59.1812,-2.4659,-0.00791909,-0.00760233,-2.4659,-59.1812,-0.00760233,-2.4659,-2.4659,-2.4659,-2.4659,-2.4659,-59.1812,-0.00760233,-12.3294,-11.3817,-49.3177,-50.2654,-0.00633527,-0.00645701,-0.00031676,24.6349,21.9045,-0.1951,-4.1098,-0.5012,518.9748,21.0667,24.6349,,18.3951,20.439,30.6585,40.8781,48.89,61.3171,20.439,0.0,2.391993,3.0,1.205286,27,74,26,2,1.00000000,-0.00791909,-0.00791909,0E-8,0.000000,0.889167,0.000000,,2026-07-11,2026-08-06,15,123,89,27,0.555556,,1.000000,3.333333,,,,,,,,GLOBAL_BASELINE_NO_ENTITY_RANKING,,,NOT_APPLICABLE_GLOBAL_BASELINE,HF9g-P5,,,,X 全窗基线 · 不参与实体赏罚,3926385,393,A168_HF9F_20260827_0900,2026-08-27 09:00:00
2026-07-19,152887380,2174,0,10.0151248825,-10.0151248825,-10.0151248825,0E-7,1,1,0.50665070000000000,0.506650700000,-1.013391052207602,-1.013391052207602,-1.013391052207602,0E-17,ELIGIBLE,R03b_20260811_FULL_v1,L1_ELIGIBILITY,v2026-08-11,2026-03-21..2026-08-06,baccarat_bet02_101_all_pairs_incl_sentinel,round_win = game_pnl > 0 (decisive only),COMPATIBILITY_ONLY_NOT_PRODUCTION,7784.6223,6921.8276,-61.6471,316,316,0.00791909,0.00791909,,0.00791909,61.6471,7784.6223,OK,0.0000,-2.4659,4.0000,96.0000,AG03-UNRESOLVED,ALL5_LEVELS_bet23_to_bet27,-2.4659,-2.4659,-2.4659,-2.4659,-2.4659,4.000000,4.000000,4.000000,4.000000,4.000000,96.000000,96.000000,96.000000,96.000000,96.000000,5.0,-12.3294,-11.3817,-49.3177,-50.2654,PENDING_AG03,FALSE,NOT_FOR_ENFORCEMENT,-59.1812,6644.9545,-61.6471,-59.1812,-2.4659,-0.00791909,-0.00760233,-2.4659,-59.1812,-0.00760233,-2.4659,-2.4659,-2.4659,-2.4659,-2.4659,-59.1812,-0.00760233,-12.3294,-11.3817,-49.3177,-50.2654,-0.00633527,-0.00645701,-0.00031676,24.6349,21.9045,-0.1951,-4.1098,-0.5012,518.9748,21.0667,24.6349,,18.3951,20.439,30.6585,40.8781,48.89,61.3171,20.439,0.0,2.391993,3.0,1.205286,27,74,26,2,1.00000000,-0.00791909,-0.00791909,0E-8,0.000000,0.889167,0.000000,,2026-07-11,2026-08-06,15,123,89,27,0.555556,,1.000000,3.333333,,,,,,,,GLOBAL_BASELINE_NO_ENTITY_RANKING,,,NOT_APPLICABLE_GLOBAL_BASELINE,HF9g-P5,,,,X 全窗基线 · 不参与实体赏罚,3926386,393,A168_HF9F_20260827_0900,2026-08-27 09:00:00
2026-07-20,152887380,1374,0,60.2951395986,-20.4390303724,-20.4390303724,0.3333333,3,3,0.49771390000000000,0.497713900000,-0.5694369385616226,-0.5694369385616226,-0.5694369385616226,0E-17,ELIGIBLE,R03b_20260811_FULL_v1,L1_ELIGIBILITY,v2026-08-11,2026-03-21..2026-08-06,baccarat_bet02_101_all_pairs_incl_sentinel,round_win = game_pnl > 0 (decisive only),COMPATIBILITY_ONLY_NOT_PRODUCTION,7784.6223,6921.8276,-61.6471,316,316,0.00791909,0.00791909,,0.00791909,61.6471,7784.6223,OK,0.0000,-2.4659,4.0000,96.0000,AG03-UNRESOLVED,ALL5_LEVELS_bet23_to_bet27,-2.4659,-2.4659,-2.4659,-2.4659,-2.4659,4.000000,4.000000,4.000000,4.000000,4.000000,96.000000,96.000000,96.000000,96.000000,96.000000,5.0,-12.3294,-11.3817,-49.3177,-50.2654,PENDING_AG03,FALSE,NOT_FOR_ENFORCEMENT,-59.1812,6644.9545,-61.6471,-59.1812,-2.4659,-0.00791909,-0.00760233,-2.4659,-59.1812,-0.00760233,-2.4659,-2.4659,-2.4659,-2.4659,-2.4659,-59.1812,-0.00760233,-12.3294,-11.3817,-49.3177,-50.2654,-0.00633527,-0.00645701,-0.00031676,24.6349,21.9045,-0.1951,-4.1098,-0.5012,518.9748,21.0667,24.6349,,18.3951,20.439,30.6585,40.8781,48.89,61.3171,20.439,0.0,2.391993,3.0,1.205286,27,74,26,2,1.00000000,-0.00791909,-0.00791909,0E-8,0.000000,0.889167,0.000000,,2026-07-11,2026-08-06,15,123,89,27,0.555556,,1.000000,3.333333,,,,,,,,GLOBAL_BASELINE_NO_ENTITY_RANKING,,,NOT_APPLICABLE_GLOBAL_BASELINE,HF9g-P5,,,,X 全窗基线 · 不参与实体赏罚,3926387,393,A168_HF9F_20260827_0900,2026-08-27 09:00:00
2026-07-20,152887380,2141,0,10.2195151862,-10.2195151862,-10.2195151862,0E-7,1,1,0.50665070000000000,0.506650700000,-1.013391052207602,-1.013391052207602,-1.013391052207602,0E-17,ELIGIBLE,R03b_20260811_FULL_v1,L1_ELIGIBILITY,v2026-08-11,2026-03-21..2026-08-06,baccarat_bet02_101_all_pairs_incl_sentinel,round_win = game_pnl > 0 (decisive only),COMPATIBILITY_ONLY_NOT_PRODUCTION,7784.6223,6921.8276,-61.6471,316,316,0.00791909,0.00791909,,0.00791909,61.6471,7784.6223,OK,0.0000,-2.4659,4.0000,96.0000,AG03-UNRESOLVED,ALL5_LEVELS_bet23_to_bet27,-2.4659,-2.4659,-2.4659,-2.4659,-2.4659,4.000000,4.000000,4.000000,4.000000,4.000000,96.000000,96.000000,96.000000,96.000000,96.000000,5.0,-12.3294,-11.3817,-49.3177,-50.2654,PENDING_AG03,FALSE,NOT_FOR_ENFORCEMENT,-59.1812,6644.9545,-61.6471,-59.1812,-2.4659,-0.00791909,-0.00760233,-2.4659,-59.1812,-0.00760233,-2.4659,-2.4659,-2.4659,-2.4659,-2.4659,-59.1812,-0.00760233,-12.3294,-11.3817,-49.3177,-50.2654,-0.00633527,-0.00645701,-0.00031676,24.6349,21.9045,-0.1951,-4.1098,-0.5012,518.9748,21.0667,24.6349,,18.3951,20.439,30.6585,40.8781,48.89,61.3171,20.439,0.0,2.391993,3.0,1.205286,27,74,26,2,1.00000000,-0.00791909,-0.00791909,0E-8,0.000000,0.889167,0.000000,,2026-07-11,2026-08-06,15,123,89,27,0.555556,,1.000000,3.333333,,,,,,,,GLOBAL_BASELINE_NO_ENTITY_RANKING,,,NOT_APPLICABLE_GLOBAL_BASELINE,HF9g-P5,,,,X 全窗基线 · 不参与实体赏罚,3926388,393,A168_HF9F_20260827_0900,2026-08-27 09:00:00
2026-07-20,152887380,2155,0,20.4390303724,-20.4390303724,-20.4390303724,0E-7,1,1,0.50665070000000000,0.506650700000,-1.013391052207602,-1.013391052207602,-1.013391052207602,0E-17,ELIGIBLE,R03b_20260811_FULL_v1,L1_ELIGIBILITY,v2026-08-11,2026-03-21..2026-08-06,baccarat_bet02_101_all_pairs_incl_sentinel,round_win = game_pnl > 0 (decisive only),COMPATIBILITY_ONLY_NOT_PRODUCTION,7784.6223,6921.8276,-61.6471,316,316,0.00791909,0.00791909,,0.00791909,61.6471,7784.6223,OK,0.0000,-2.4659,4.0000,96.0000,AG03-UNRESOLVED,ALL5_LEVELS_bet23_to_bet27,-2.4659,-2.4659,-2.4659,-2.4659,-2.4659,4.000000,4.000000,4.000000,4.000000,4.000000,96.000000,96.000000,96.000000,96.000000,96.000000,5.0,-12.3294,-11.3817,-49.3177,-50.2654,PENDING_AG03,FALSE,NOT_FOR_ENFORCEMENT,-59.1812,6644.9545,-61.6471,-59.1812,-2.4659,-0.00791909,-0.00760233,-2.4659,-59.1812,-0.00760233,-2.4659,-2.4659,-2.4659,-2.4659,-2.4659,-59.1812,-0.00760233,-12.3294,-11.3817,-49.3177,-50.2654,-0.00633527,-0.00645701,-0.00031676,24.6349,21.9045,-0.1951,-4.1098,-0.5012,518.9748,21.0667,24.6349,,18.3951,20.439,30.6585,40.8781,48.89,61.3171,20.439,0.0,2.391993,3.0,1.205286,27,74,26,2,1.00000000,-0.00791909,-0.00791909,0E-8,0.000000,0.889167,0.000000,,2026-07-11,2026-08-06,15,123,89,27,0.555556,,1.000000,3.333333,,,,,,,,GLOBAL_BASELINE_NO_ENTITY_RANKING,,,NOT_APPLICABLE_GLOBAL_BASELINE,HF9g-P5,,,,X 全窗基线 · 不参与实体赏罚,3926389,393,A168_HF9F_20260827_0900,2026-08-27 09:00:00
2026-07-20,152887380,2237,0,40.8780607448,-40.8780607448,-40.8780607448,0E-7,1,1,0.49324550000000000,0.493245500000,-0.9865810262130424,-0.9865810262130424,-0.9865810262130424,0E-17,ELIGIBLE,R03b_20260811_FULL_v1,L1_ELIGIBILITY,v2026-08-11,2026-03-21..2026-08-06,baccarat_bet02_101_all_pairs_incl_sentinel,round_win = game_pnl > 0 (decisive only),COMPATIBILITY_ONLY_NOT_PRODUCTION,7784.6223,6921.8276,-61.6471,316,316,0.00791909,0.00791909,,0.00791909,61.6471,7784.6223,OK,0.0000,-2.4659,4.0000,96.0000,AG03-UNRESOLVED,ALL5_LEVELS_bet23_to_bet27,-2.4659,-2.4659,-2.4659,-2.4659,-2.4659,4.000000,4.000000,4.000000,4.000000,4.000000,96.000000,96.000000,96.000000,96.000000,96.000000,5.0,-12.3294,-11.3817,-49.3177,-50.2654,PENDING_AG03,FALSE,NOT_FOR_ENFORCEMENT,-59.1812,6644.9545,-61.6471,-59.1812,-2.4659,-0.00791909,-0.00760233,-2.4659,-59.1812,-0.00760233,-2.4659,-2.4659,-2.4659,-2.4659,-2.4659,-59.1812,-0.00760233,-12.3294,-11.3817,-49.3177,-50.2654,-0.00633527,-0.00645701,-0.00031676,24.6349,21.9045,-0.1951,-4.1098,-0.5012,518.9748,21.0667,24.6349,,18.3951,20.439,30.6585,40.8781,48.89,61.3171,20.439,0.0,2.391993,3.0,1.205286,27,74,26,2,1.00000000,-0.00791909,-0.00791909,0E-8,0.000000,0.889167,0.000000,,2026-07-11,2026-08-06,15,123,89,27,0.555556,,1.000000,3.333333,,,,,,,,GLOBAL_BASELINE_NO_ENTITY_RANKING,,,NOT_APPLICABLE_GLOBAL_BASELINE,HF9g-P5,,,,X 全窗基线 · 不参与实体赏罚,3926390,393,A168_HF9F_20260827_0900,2026-08-27 09:00:00
2026-07-20,152887380,2258,0,79.7122184524,0E-10,0E-10,0.5000000,2,2,0.50665070000000000,0.506650700000,-0.018812684590367487,-0.018812684590367487,-0.018812684590367487,0E-17,ELIGIBLE,R03b_20260811_FULL_v1,L1_ELIGIBILITY,v2026-08-11,2026-03-21..2026-08-06,baccarat_bet02_101_all_pairs_incl_sentinel,round_win = game_pnl > 0 (decisive only),COMPATIBILITY_ONLY_NOT_PRODUCTION,7784.6223,6921.8276,-61.6471,316,316,0.00791909,0.00791909,,0.00791909,61.6471,7784.6223,OK,0.0000,-2.4659,4.0000,96.0000,AG03-UNRESOLVED,ALL5_LEVELS_bet23_to_bet27,-2.4659,-2.4659,-2.4659,-2.4659,-2.4659,4.000000,4.000000,4.000000,4.000000,4.000000,96.000000,96.000000,96.000000,96.000000,96.000000,5.0,-12.3294,-11.3817,-49.3177,-50.2654,PENDING_AG03,FALSE,NOT_FOR_ENFORCEMENT,-59.1812,6644.9545,-61.6471,-59.1812,-2.4659,-0.00791909,-0.00760233,-2.4659,-59.1812,-0.00760233,-2.4659,-2.4659,-2.4659,-2.4659,-2.4659,-59.1812,-0.00760233,-12.3294,-11.3817,-49.3177,-50.2654,-0.00633527,-0.00645701,-0.00031676,24.6349,21.9045,-0.1951,-4.1098,-0.5012,518.9748,21.0667,24.6349,,18.3951,20.439,30.6585,40.8781,48.89,61.3171,20.439,0.0,2.391993,3.0,1.205286,27,74,26,2,1.00000000,-0.00791909,-0.00791909,0E-8,0.000000,0.889167,0.000000,,2026-07-11,2026-08-06,15,123,89,27,0.555556,,1.000000,3.333333,,,,,,,,GLOBAL_BASELINE_NO_ENTITY_RANKING,,,NOT_APPLICABLE_GLOBAL_BASELINE,HF9g-P5,,,,X 全窗基线 · 不参与实体赏罚,3926391,393,A168_HF9F_20260827_0900,2026-08-27 09:00:00
2026-07-22,152887380,1306,0,74.6024608593,40.8780607449,40.8780607449,0.7500000,4,4,0.49994810000000000,0.499948100000,1.0002076053883384,1.0002076053883384,1.0002076053883384,0E-17,ELIGIBLE,R03b_20260811_FULL_v1,L1_ELIGIBILITY,v2026-08-11,2026-03-21..2026-08-06,baccarat_bet02_101_all_pairs_incl_sentinel,round_win = game_pnl > 0 (decisive only),COMPATIBILITY_ONLY_NOT_PRODUCTION,7784.6223,6921.8276,-61.6471,316,316,0.00791909,0.00791909,,0.00791909,61.6471,7784.6223,OK,0.0000,-2.4659,4.0000,96.0000,AG03-UNRESOLVED,ALL5_LEVELS_bet23_to_bet27,-2.4659,-2.4659,-2.4659,-2.4659,-2.4659,4.000000,4.000000,4.000000,4.000000,4.000000,96.000000,96.000000,96.000000,96.000000,96.000000,5.0,-12.3294,-11.3817,-49.3177,-50.2654,PENDING_AG03,FALSE,NOT_FOR_ENFORCEMENT,-59.1812,6644.9545,-61.6471,-59.1812,-2.4659,-0.00791909,-0.00760233,-2.4659,-59.1812,-0.00760233,-2.4659,-2.4659,-2.4659,-2.4659,-2.4659,-59.1812,-0.00760233,-12.3294,-11.3817,-49.3177,-50.2654,-0.00633527,-0.00645701,-0.00031676,24.6349,21.9045,-0.1951,-4.1098,-0.5012,518.9748,21.0667,24.6349,,18.3951,20.439,30.6585,40.8781,48.89,61.3171,20.439,0.0,2.391993,3.0,1.205286,27,74,26,2,1.00000000,-0.00791909,-0.00791909,0E-8,0.000000,0.889167,0.000000,,2026-07-11,2026-08-06,15,123,89,27,0.555556,,1.000000,3.333333,,,,,,,,GLOBAL_BASELINE_NO_ENTITY_RANKING,,,NOT_APPLICABLE_GLOBAL_BASELINE,HF9g-P5,,,,X 全窗基线 · 不参与实体赏罚,3926392,393,A168_HF9F_20260827_0900,2026-08-27 09:00:00
2026-07-22,152887380,2233,0,20.4390303724,-20.4390303724,-20.4390303724,0E-7,1,1,0.49324550000000000,0.493245500000,-0.9865810262130424,-0.9865810262130424,-0.9865810262130424,0E-17,ELIGIBLE,R03b_20260811_FULL_v1,L1_ELIGIBILITY,v2026-08-11,2026-03-21..2026-08-06,baccarat_bet02_101_all_pairs_incl_sentinel,round_win = game_pnl > 0 (decisive only),COMPATIBILITY_ONLY_NOT_PRODUCTION,7784.6223,6921.8276,-61.6471,316,316,0.00791909,0.00791909,,0.00791909,61.6471,7784.6223,OK,0.0000,-2.4659,4.0000,96.0000,AG03-UNRESOLVED,ALL5_LEVELS_bet23_to_bet27,-2.4659,-2.4659,-2.4659,-2.4659,-2.4659,4.000000,4.000000,4.000000,4.000000,4.000000,96.000000,96.000000,96.000000,96.000000,96.000000,5.0,-12.3294,-11.3817,-49.3177,-50.2654,PENDING_AG03,FALSE,NOT_FOR_ENFORCEMENT,-59.1812,6644.9545,-61.6471,-59.1812,-2.4659,-0.00791909,-0.00760233,-2.4659,-59.1812,-0.00760233,-2.4659,-2.4659,-2.4659,-2.4659,-2.4659,-59.1812,-0.00760233,-12.3294,-11.3817,-49.3177,-50.2654,-0.00633527,-0.00645701,-0.00031676,24.6349,21.9045,-0.1951,-4.1098,-0.5012,518.9748,21.0667,24.6349,,18.3951,20.439,30.6585,40.8781,48.89,61.3171,20.439,0.0,2.391993,3.0,1.205286,27,74,26,2,1.00000000,-0.00791909,-0.00791909,0E-8,0.000000,0.889167,0.000000,,2026-07-11,2026-08-06,15,123,89,27,0.555556,,1.000000,3.333333,,,,,,,,GLOBAL_BASELINE_NO_ENTITY_RANKING,,,NOT_APPLICABLE_GLOBAL_BASELINE,HF9g-P5,,,,X 全窗基线 · 不参与实体赏罚,3926393,393,A168_HF9F_20260827_0900,2026-08-27 09:00:00
2026-07-25,152887380,1318,0,79.7122184524,0E-10,0E-10,0.5000000,4,4,0.49994810000000000,0.499948100000,0.00014679536856514622,0.00014679536856514622,0.00014679536856514622,0E-17,ELIGIBLE,R03b_20260811_FULL_v1,L1_ELIGIBILITY,v2026-08-11,2026-03-21..2026-08-06,baccarat_bet02_101_all_pairs_incl_sentinel,round_win = game_pnl > 0 (decisive only),COMPATIBILITY_ONLY_NOT_PRODUCTION,7784.6223,6921.8276,-61.6471,316,316,0.00791909,0.00791909,,0.00791909,61.6471,7784.6223,OK,0.0000,-2.4659,4.0000,96.0000,AG03-UNRESOLVED,ALL5_LEVELS_bet23_to_bet27,-2.4659,-2.4659,-2.4659,-2.4659,-2.4659,4.000000,4.000000,4.000000,4.000000,4.000000,96.000000,96.000000,96.000000,96.000000,96.000000,5.0,-12.3294,-11.3817,-49.3177,-50.2654,PENDING_AG03,FALSE,NOT_FOR_ENFORCEMENT,-59.1812,6644.9545,-61.6471,-59.1812,-2.4659,-0.00791909,-0.00760233,-2.4659,-59.1812,-0.00760233,-2.4659,-2.4659,-2.4659,-2.4659,-2.4659,-59.1812,-0.00760233,-12.3294,-11.3817,-49.3177,-50.2654,-0.00633527,-0.00645701,-0.00031676,24.6349,21.9045,-0.1951,-4.1098,-0.5012,518.9748,21.0667,24.6349,,18.3951,20.439,30.6585,40.8781,48.89,61.3171,20.439,0.0,2.391993,3.0,1.205286,27,74,26,2,1.00000000,-0.00791909,-0.00791909,0E-8,0.000000,0.889167,0.000000,,2026-07-11,2026-08-06,15,123,89,27,0.555556,,1.000000,3.333333,,,,,,,,GLOBAL_BASELINE_NO_ENTITY_RANKING,,,NOT_APPLICABLE_GLOBAL_BASELINE,HF9g-P5,,,,X 全窗基线 · 不参与实体赏罚,3926394,393,A168_HF9F_20260827_0900,2026-08-27 09:00:00
2026-07-25,152887380,1374,0,104.6478355067,-21.3485672240,-21.3485672240,0.5000000,4,4,0.50665070000000000,0.506650700000,-0.02660515369234503,-0.02660515369234503,-0.02660515369234503,0E-17,ELIGIBLE,R03b_20260811_FULL_v1,L1_ELIGIBILITY,v2026-08-11,2026-03-21..2026-08-06,baccarat_bet02_101_all_pairs_incl_sentinel,round_win = game_pnl > 0 (decisive only),COMPATIBILITY_ONLY_NOT_PRODUCTION,7784.6223,6921.8276,-61.6471,316,316,0.00791909,0.00791909,,0.00791909,61.6471,7784.6223,OK,0.0000,-2.4659,4.0000,96.0000,AG03-UNRESOLVED,ALL5_LEVELS_bet23_to_bet27,-2.4659,-2.4659,-2.4659,-2.4659,-2.4659,4.000000,4.000000,4.000000,4.000000,4.000000,96.000000,96.000000,96.000000,96.000000,96.000000,5.0,-12.3294,-11.3817,-49.3177,-50.2654,PENDING_AG03,FALSE,NOT_FOR_ENFORCEMENT,-59.1812,6644.9545,-61.6471,-59.1812,-2.4659,-0.00791909,-0.00760233,-2.4659,-59.1812,-0.00760233,-2.4659,-2.4659,-2.4659,-2.4659,-2.4659,-59.1812,-0.00760233,-12.3294,-11.3817,-49.3177,-50.2654,-0.00633527,-0.00645701,-0.00031676,24.6349,21.9045,-0.1951,-4.1098,-0.5012,518.9748,21.0667,24.6349,,18.3951,20.439,30.6585,40.8781,48.89,61.3171,20.439,0.0,2.391993,3.0,1.205286,27,74,26,2,1.00000000,-0.00791909,-0.00791909,0E-8,0.000000,0.889167,0.000000,,2026-07-11,2026-08-06,15,123,89,27,0.555556,,1.000000,3.333333,,,,,,,,GLOBAL_BASELINE_NO_ENTITY_RANKING,,,NOT_APPLICABLE_GLOBAL_BASELINE,HF9g-P5,,,,X 全窗基线 · 不参与实体赏罚,3926395,393,A168_HF9F_20260827_0900,2026-08-27 09:00:00
2026-07-25,152887380,2174,0,20.4390303724,-20.4390303724,-20.4390303724,0E-7,1,1,0.49324550000000000,0.493245500000,-0.9865810262130424,-0.9865810262130424,-0.9865810262130424,0E-17,ELIGIBLE,R03b_20260811_FULL_v1,L1_ELIGIBILITY,v2026-08-11,2026-03-21..2026-08-06,baccarat_bet02_101_all_pairs_incl_sentinel,round_win = game_pnl > 0 (decisive only),COMPATIBILITY_ONLY_NOT_PRODUCTION,7784.6223,6921.8276,-61.6471,316,316,0.00791909,0.00791909,,0.00791909,61.6471,7784.6223,OK,0.0000,-2.4659,4.0000,96.0000,AG03-UNRESOLVED,ALL5_LEVELS_bet23_to_bet27,-2.4659,-2.4659,-2.4659,-2.4659,-2.4659,4.000000,4.000000,4.000000,4.000000,4.000000,96.000000,96.000000,96.000000,96.000000,96.000000,5.0,-12.3294,-11.3817,-49.3177,-50.2654,PENDING_AG03,FALSE,NOT_FOR_ENFORCEMENT,-59.1812,6644.9545,-61.6471,-59.1812,-2.4659,-0.00791909,-0.00760233,-2.4659,-59.1812,-0.00760233,-2.4659,-2.4659,-2.4659,-2.4659,-2.4659,-59.1812,-0.00760233,-12.3294,-11.3817,-49.3177,-50.2654,-0.00633527,-0.00645701,-0.00031676,24.6349,21.9045,-0.1951,-4.1098,-0.5012,518.9748,21.0667,24.6349,,18.3951,20.439,30.6585,40.8781,48.89,61.3171,20.439,0.0,2.391993,3.0,1.205286,27,74,26,2,1.00000000,-0.00791909,-0.00791909,0E-8,0.000000,0.889167,0.000000,,2026-07-11,2026-08-06,15,123,89,27,0.555556,,1.000000,3.333333,,,,,,,,GLOBAL_BASELINE_NO_ENTITY_RANKING,,,NOT_APPLICABLE_GLOBAL_BASELINE,HF9g-P5,,,,X 全窗基线 · 不参与实体赏罚,3926396,393,A168_HF9F_20260827_0900,2026-08-27 09:00:00
2026-07-26,152887380,-1,1,4.0878060745,-4.0878060745,-4.0878060745,0E-7,1,1,0.50665070000000000,0.506650700000,-1.013391052207602,-1.013391052207602,-1.013391052207602,0E-17,SENTINEL_DEALER,R03b_20260811_FULL_v1,L1_ELIGIBILITY,v2026-08-11,2026-03-21..2026-08-06,baccarat_bet02_101_all_pairs_incl_sentinel,round_win = game_pnl > 0 (decisive only),COMPATIBILITY_ONLY_NOT_PRODUCTION,7784.6223,6921.8276,-61.6471,316,316,0.00791909,0.00791909,,0.00791909,61.6471,7784.6223,OK,0.0000,-2.4659,4.0000,96.0000,AG03-UNRESOLVED,ALL5_LEVELS_bet23_to_bet27,-2.4659,-2.4659,-2.4659,-2.4659,-2.4659,4.000000,4.000000,4.000000,4.000000,4.000000,96.000000,96.000000,96.000000,96.000000,96.000000,5.0,-12.3294,-11.3817,-49.3177,-50.2654,PENDING_AG03,FALSE,NOT_FOR_ENFORCEMENT,-59.1812,6644.9545,-61.6471,-59.1812,-2.4659,-0.00791909,-0.00760233,-2.4659,-59.1812,-0.00760233,-2.4659,-2.4659,-2.4659,-2.4659,-2.4659,-59.1812,-0.00760233,-12.3294,-11.3817,-49.3177,-50.2654,-0.00633527,-0.00645701,-0.00031676,24.6349,21.9045,-0.1951,-4.1098,-0.5012,518.9748,21.0667,24.6349,,18.3951,20.439,30.6585,40.8781,48.89,61.3171,20.439,0.0,2.391993,3.0,1.205286,27,74,26,2,1.00000000,-0.00791909,-0.00791909,0E-8,0.000000,0.889167,0.000000,,2026-07-11,2026-08-06,15,123,89,27,0.555556,,1.000000,3.333333,,,,,,,,GLOBAL_BASELINE_NO_ENTITY_RANKING,,,NOT_APPLICABLE_GLOBAL_BASELINE,HF9g-P5,,,,X 全窗基线 · 不参与实体赏罚,3926397,393,A168_HF9F_20260827_0900,2026-08-27 09:00:00
2026-07-26,152887380,1157,0,20.4390303724,-20.4390303724,-20.4390303724,0E-7,1,1,0.50665070000000000,0.506650700000,-1.013391052207602,-1.013391052207602,-1.013391052207602,0E-17,ELIGIBLE,R03b_20260811_FULL_v1,L1_ELIGIBILITY,v2026-08-11,2026-03-21..2026-08-06,baccarat_bet02_101_all_pairs_incl_sentinel,round_win = game_pnl > 0 (decisive only),COMPATIBILITY_ONLY_NOT_PRODUCTION,7784.6223,6921.8276,-61.6471,316,316,0.00791909,0.00791909,,0.00791909,61.6471,7784.6223,OK,0.0000,-2.4659,4.0000,96.0000,AG03-UNRESOLVED,ALL5_LEVELS_bet23_to_bet27,-2.4659,-2.4659,-2.4659,-2.4659,-2.4659,4.000000,4.000000,4.000000,4.000000,4.000000,96.000000,96.000000,96.000000,96.000000,96.000000,5.0,-12.3294,-11.3817,-49.3177,-50.2654,PENDING_AG03,FALSE,NOT_FOR_ENFORCEMENT,-59.1812,6644.9545,-61.6471,-59.1812,-2.4659,-0.00791909,-0.00760233,-2.4659,-59.1812,-0.00760233,-2.4659,-2.4659,-2.4659,-2.4659,-2.4659,-59.1812,-0.00760233,-12.3294,-11.3817,-49.3177,-50.2654,-0.00633527,-0.00645701,-0.00031676,24.6349,21.9045,-0.1951,-4.1098,-0.5012,518.9748,21.0667,24.6349,,18.3951,20.439,30.6585,40.8781,48.89,61.3171,20.439,0.0,2.391993,3.0,1.205286,27,74,26,2,1.00000000,-0.00791909,-0.00791909,0E-8,0.000000,0.889167,0.000000,,2026-07-11,2026-08-06,15,123,89,27,0.555556,,1.000000,3.333333,,,,,,,,GLOBAL_BASELINE_NO_ENTITY_RANKING,,,NOT_APPLICABLE_GLOBAL_BASELINE,HF9g-P5,,,,X 全窗基线 · 不参与实体赏罚,3926398,393,A168_HF9F_20260827_0900,2026-08-27 09:00:00
2026-07-26,152887380,1307,0,169.6439520909,-26.5707394841,-26.5707394841,0.4285714,8,8,0.49994810000000000,0.499948100000,-0.377689846057837,-0.377689846057837,-0.377689846057837,0E-17,ELIGIBLE,R03b_20260811_FULL_v1,L1_ELIGIBILITY,v2026-08-11,2026-03-21..2026-08-06,baccarat_bet02_101_all_pairs_incl_sentinel,round_win = game_pnl > 0 (decisive only),COMPATIBILITY_ONLY_NOT_PRODUCTION,7784.6223,6921.8276,-61.6471,316,316,0.00791909,0.00791909,,0.00791909,61.6471,7784.6223,OK,0.0000,-2.4659,4.0000,96.0000,AG03-UNRESOLVED,ALL5_LEVELS_bet23_to_bet27,-2.4659,-2.4659,-2.4659,-2.4659,-2.4659,4.000000,4.000000,4.000000,4.000000,4.000000,96.000000,96.000000,96.000000,96.000000,96.000000,5.0,-12.3294,-11.3817,-49.3177,-50.2654,PENDING_AG03,FALSE,NOT_FOR_ENFORCEMENT,-59.1812,6644.9545,-61.6471,-59.1812,-2.4659,-0.00791909,-0.00760233,-2.4659,-59.1812,-0.00760233,-2.4659,-2.4659,-2.4659,-2.4659,-2.4659,-59.1812,-0.00760233,-12.3294,-11.3817,-49.3177,-50.2654,-0.00633527,-0.00645701,-0.00031676,24.6349,21.9045,-0.1951,-4.1098,-0.5012,518.9748,21.0667,24.6349,,18.3951,20.439,30.6585,40.8781,48.89,61.3171,20.439,0.0,2.391993,3.0,1.205286,27,74,26,2,1.00000000,-0.00791909,-0.00791909,0E-8,0.000000,0.889167,0.000000,,2026-07-11,2026-08-06,15,123,89,27,0.555556,,1.000000,3.333333,,,,,,,,GLOBAL_BASELINE_NO_ENTITY_RANKING,,,NOT_APPLICABLE_GLOBAL_BASELINE,HF9g-P5,,,,X 全窗基线 · 不参与实体赏罚,3926399,393,A168_HF9F_20260827_0900,2026-08-27 09:00:00
2026-07-26,152887380,1325,0,119.7727179822,71.5672648490,71.5672648490,0.7777778,9,9,0.50069283333333333,0.500692833333,1.662511262738188,1.6625112627401863,1.662511262738188,3.3333E-13,ELIGIBLE,R03b_20260811_FULL_v1,L1_ELIGIBILITY,v2026-08-11,2026-03-21..2026-08-06,baccarat_bet02_101_all_pairs_incl_sentinel,round_win = game_pnl > 0 (decisive only),COMPATIBILITY_ONLY_NOT_PRODUCTION,7784.6223,6921.8276,-61.6471,316,316,0.00791909,0.00791909,,0.00791909,61.6471,7784.6223,OK,0.0000,-2.4659,4.0000,96.0000,AG03-UNRESOLVED,ALL5_LEVELS_bet23_to_bet27,-2.4659,-2.4659,-2.4659,-2.4659,-2.4659,4.000000,4.000000,4.000000,4.000000,4.000000,96.000000,96.000000,96.000000,96.000000,96.000000,5.0,-12.3294,-11.3817,-49.3177,-50.2654,PENDING_AG03,FALSE,NOT_FOR_ENFORCEMENT,-59.1812,6644.9545,-61.6471,-59.1812,-2.4659,-0.00791909,-0.00760233,-2.4659,-59.1812,-0.00760233,-2.4659,-2.4659,-2.4659,-2.4659,-2.4659,-59.1812,-0.00760233,-12.3294,-11.3817,-49.3177,-50.2654,-0.00633527,-0.00645701,-0.00031676,24.6349,21.9045,-0.1951,-4.1098,-0.5012,518.9748,21.0667,24.6349,,18.3951,20.439,30.6585,40.8781,48.89,61.3171,20.439,0.0,2.391993,3.0,1.205286,27,74,26,2,1.00000000,-0.00791909,-0.00791909,0E-8,0.000000,0.889167,0.000000,,2026-07-11,2026-08-06,15,123,89,27,0.555556,,1.000000,3.333333,,,,,,,,GLOBAL_BASELINE_NO_ENTITY_RANKING,,,NOT_APPLICABLE_GLOBAL_BASELINE,HF9g-P5,,,,X 全窗基线 · 不参与实体赏罚,3926400,393,A168_HF9F_20260827_0900,2026-08-27 09:00:00
2026-07-26,152887380,1331,0,29.8409843436,29.2380329477,29.2380329477,1.0000000,4,4,0.49994810000000000,0.499948100000,2.0002076107755586,2.0002076107755586,2.0002076107755586,0E-17,ELIGIBLE,R03b_20260811_FULL_v1,L1_ELIGIBILITY,v2026-08-11,2026-03-21..2026-08-06,baccarat_bet02_101_all_pairs_incl_sentinel,round_win = game_pnl > 0 (decisive only),COMPATIBILITY_ONLY_NOT_PRODUCTION,7784.6223,6921.8276,-61.6471,316,316,0.00791909,0.00791909,,0.00791909,61.6471,7784.6223,OK,0.0000,-2.4659,4.0000,96.0000,AG03-UNRESOLVED,ALL5_LEVELS_bet23_to_bet27,-2.4659,-2.4659,-2.4659,-2.4659,-2.4659,4.000000,4.000000,4.000000,4.000000,4.000000,96.000000,96.000000,96.000000,96.000000,96.000000,5.0,-12.3294,-11.3817,-49.3177,-50.2654,PENDING_AG03,FALSE,NOT_FOR_ENFORCEMENT,-59.1812,6644.9545,-61.6471,-59.1812,-2.4659,-0.00791909,-0.00760233,-2.4659,-59.1812,-0.00760233,-2.4659,-2.4659,-2.4659,-2.4659,-2.4659,-59.1812,-0.00760233,-12.3294,-11.3817,-49.3177,-50.2654,-0.00633527,-0.00645701,-0.00031676,24.6349,21.9045,-0.1951,-4.1098,-0.5012,518.9748,21.0667,24.6349,,18.3951,20.439,30.6585,40.8781,48.89,61.3171,20.439,0.0,2.391993,3.0,1.205286,27,74,26,2,1.00000000,-0.00791909,-0.00791909,0E-8,0.000000,0.889167,0.000000,,2026-07-11,2026-08-06,15,123,89,27,0.555556,,1.000000,3.333333,,,,,,,,GLOBAL_BASELINE_NO_ENTITY_RANKING,,,NOT_APPLICABLE_GLOBAL_BASELINE,HF9g-P5,,,,X 全窗基线 · 不参与实体赏罚,3926401,393,A168_HF9F_20260827_0900,2026-08-27 09:00:00
2026-07-26,152887380,1994,0,39.8561092262,0E-10,0E-10,0.5000000,2,2,0.49994810000000000,0.499948100000,0.00014679536856514622,0.00014679536856514622,0.00014679536856514622,0E-17,ELIGIBLE,R03b_20260811_FULL_v1,L1_ELIGIBILITY,v2026-08-11,2026-03-21..2026-08-06,baccarat_bet02_101_all_pairs_incl_sentinel,round_win = game_pnl > 0 (decisive only),COMPATIBILITY_ONLY_NOT_PRODUCTION,7784.6223,6921.8276,-61.6471,316,316,0.00791909,0.00791909,,0.00791909,61.6471,7784.6223,OK,0.0000,-2.4659,4.0000,96.0000,AG03-UNRESOLVED,ALL5_LEVELS_bet23_to_bet27,-2.4659,-2.4659,-2.4659,-2.4659,-2.4659,4.000000,4.000000,4.000000,4.000000,4.000000,96.000000,96.000000,96.000000,96.000000,96.000000,5.0,-12.3294,-11.3817,-49.3177,-50.2654,PENDING_AG03,FALSE,NOT_FOR_ENFORCEMENT,-59.1812,6644.9545,-61.6471,-59.1812,-2.4659,-0.00791909,-0.00760233,-2.4659,-59.1812,-0.00760233,-2.4659,-2.4659,-2.4659,-2.4659,-2.4659,-59.1812,-0.00760233,-12.3294,-11.3817,-49.3177,-50.2654,-0.00633527,-0.00645701,-0.00031676,24.6349,21.9045,-0.1951,-4.1098,-0.5012,518.9748,21.0667,24.6349,,18.3951,20.439,30.6585,40.8781,48.89,61.3171,20.439,0.0,2.391993,3.0,1.205286,27,74,26,2,1.00000000,-0.00791909,-0.00791909,0E-8,0.000000,0.889167,0.000000,,2026-07-11,2026-08-06,15,123,89,27,0.555556,,1.000000,3.333333,,,,,,,,GLOBAL_BASELINE_NO_ENTITY_RANKING,,,NOT_APPLICABLE_GLOBAL_BASELINE,HF9g-P5,,,,X 全窗基线 · 不参与实体赏罚,3926402,393,A168_HF9F_20260827_0900,2026-08-27 09:00:00
2026-07-26,152887380,2171,0,20.4390303724,-20.4390303724,-20.4390303724,0E-7,1,1,0.50665070000000000,0.506650700000,-1.013391052207602,-1.013391052207602,-1.013391052207602,0E-17,ELIGIBLE,R03b_20260811_FULL_v1,L1_ELIGIBILITY,v2026-08-11,2026-03-21..2026-08-06,baccarat_bet02_101_all_pairs_incl_sentinel,round_win = game_pnl > 0 (decisive only),COMPATIBILITY_ONLY_NOT_PRODUCTION,7784.6223,6921.8276,-61.6471,316,316,0.00791909,0.00791909,,0.00791909,61.6471,7784.6223,OK,0.0000,-2.4659,4.0000,96.0000,AG03-UNRESOLVED,ALL5_LEVELS_bet23_to_bet27,-2.4659,-2.4659,-2.4659,-2.4659,-2.4659,4.000000,4.000000,4.000000,4.000000,4.000000,96.000000,96.000000,96.000000,96.000000,96.000000,5.0,-12.3294,-11.3817,-49.3177,-50.2654,PENDING_AG03,FALSE,NOT_FOR_ENFORCEMENT,-59.1812,6644.9545,-61.6471,-59.1812,-2.4659,-0.00791909,-0.00760233,-2.4659,-59.1812,-0.00760233,-2.4659,-2.4659,-2.4659,-2.4659,-2.4659,-59.1812,-0.00760233,-12.3294,-11.3817,-49.3177,-50.2654,-0.00633527,-0.00645701,-0.00031676,24.6349,21.9045,-0.1951,-4.1098,-0.5012,518.9748,21.0667,24.6349,,18.3951,20.439,30.6585,40.8781,48.89,61.3171,20.439,0.0,2.391993,3.0,1.205286,27,74,26,2,1.00000000,-0.00791909,-0.00791909,0E-8,0.000000,0.889167,0.000000,,2026-07-11,2026-08-06,15,123,89,27,0.555556,,1.000000,3.333333,,,,,,,,GLOBAL_BASELINE_NO_ENTITY_RANKING,,,NOT_APPLICABLE_GLOBAL_BASELINE,HF9g-P5,,,,X 全窗基线 · 不参与实体赏罚,3926403,393,A168_HF9F_20260827_0900,2026-08-27 09:00:00
2026-07-26,152887380,2246,0,58.2512365614,36.7902546704,36.7902546704,1.0000000,4,4,0.49659680000000000,0.496596800000,1.7438802330937357,1.7438802330937355,1.7438802330937357,0E-17,ELIGIBLE,R03b_20260811_FULL_v1,L1_ELIGIBILITY,v2026-08-11,2026-03-21..2026-08-06,baccarat_bet02_101_all_pairs_incl_sentinel,round_win = game_pnl > 0 (decisive only),COMPATIBILITY_ONLY_NOT_PRODUCTION,7784.6223,6921.8276,-61.6471,316,316,0.00791909,0.00791909,,0.00791909,61.6471,7784.6223,OK,0.0000,-2.4659,4.0000,96.0000,AG03-UNRESOLVED,ALL5_LEVELS_bet23_to_bet27,-2.4659,-2.4659,-2.4659,-2.4659,-2.4659,4.000000,4.000000,4.000000,4.000000,4.000000,96.000000,96.000000,96.000000,96.000000,96.000000,5.0,-12.3294,-11.3817,-49.3177,-50.2654,PENDING_AG03,FALSE,NOT_FOR_ENFORCEMENT,-59.1812,6644.9545,-61.6471,-59.1812,-2.4659,-0.00791909,-0.00760233,-2.4659,-59.1812,-0.00760233,-2.4659,-2.4659,-2.4659,-2.4659,-2.4659,-59.1812,-0.00760233,-12.3294,-11.3817,-49.3177,-50.2654,-0.00633527,-0.00645701,-0.00031676,24.6349,21.9045,-0.1951,-4.1098,-0.5012,518.9748,21.0667,24.6349,,18.3951,20.439,30.6585,40.8781,48.89,61.3171,20.439,0.0,2.391993,3.0,1.205286,27,74,26,2,1.00000000,-0.00791909,-0.00791909,0E-8,0.000000,0.889167,0.000000,,2026-07-11,2026-08-06,15,123,89,27,0.555556,,1.000000,3.333333,,,,,,,,GLOBAL_BASELINE_NO_ENTITY_RANKING,,,NOT_APPLICABLE_GLOBAL_BASELINE,HF9g-P5,,,,X 全窗基线 · 不参与实体赏罚,3926404,393,A168_HF9F_20260827_0900,2026-08-27 09:00:00
2026-07-29,152887380,994,0,20.4390303724,-20.4390303724,-20.4390303724,0E-7,1,1,0.49324550000000000,0.493245500000,-0.9865810262130424,-0.9865810262130424,-0.9865810262130424,0E-17,ELIGIBLE,R03b_20260811_FULL_v1,L1_ELIGIBILITY,v2026-08-11,2026-03-21..2026-08-06,baccarat_bet02_101_all_pairs_incl_sentinel,round_win = game_pnl > 0 (decisive only),COMPATIBILITY_ONLY_NOT_PRODUCTION,7784.6223,6921.8276,-61.6471,316,316,0.00791909,0.00791909,,0.00791909,61.6471,7784.6223,OK,0.0000,-2.4659,4.0000,96.0000,AG03-UNRESOLVED,ALL5_LEVELS_bet23_to_bet27,-2.4659,-2.4659,-2.4659,-2.4659,-2.4659,4.000000,4.000000,4.000000,4.000000,4.000000,96.000000,96.000000,96.000000,96.000000,96.000000,5.0,-12.3294,-11.3817,-49.3177,-50.2654,PENDING_AG03,FALSE,NOT_FOR_ENFORCEMENT,-59.1812,6644.9545,-61.6471,-59.1812,-2.4659,-0.00791909,-0.00760233,-2.4659,-59.1812,-0.00760233,-2.4659,-2.4659,-2.4659,-2.4659,-2.4659,-59.1812,-0.00760233,-12.3294,-11.3817,-49.3177,-50.2654,-0.00633527,-0.00645701,-0.00031676,24.6349,21.9045,-0.1951,-4.1098,-0.5012,518.9748,21.0667,24.6349,,18.3951,20.439,30.6585,40.8781,48.89,61.3171,20.439,0.0,2.391993,3.0,1.205286,27,74,26,2,1.00000000,-0.00791909,-0.00791909,0E-8,0.000000,0.889167,0.000000,,2026-07-11,2026-08-06,15,123,89,27,0.555556,,1.000000,3.333333,,,,,,,,GLOBAL_BASELINE_NO_ENTITY_RANKING,,,NOT_APPLICABLE_GLOBAL_BASELINE,HF9g-P5,,,,X 全窗基线 · 不参与实体赏罚,3926405,393,A168_HF9F_20260827_0900,2026-08-27 09:00:00
2026-07-30,152887380,-1,1,378.5308424969,101.8885664063,101.8885664063,0.5833333,12,12,0.49883100000000000,0.498831000000,0.5854509388768454,0.5854509388768454,0.5854509388768454,0E-17,SENTINEL_DEALER,R03b_20260811_FULL_v1,L1_ELIGIBILITY,v2026-08-11,2026-03-21..2026-08-06,baccarat_bet02_101_all_pairs_incl_sentinel,round_win = game_pnl > 0 (decisive only),COMPATIBILITY_ONLY_NOT_PRODUCTION,7784.6223,6921.8276,-61.6471,316,316,0.00791909,0.00791909,,0.00791909,61.6471,7784.6223,OK,0.0000,-2.4659,4.0000,96.0000,AG03-UNRESOLVED,ALL5_LEVELS_bet23_to_bet27,-2.4659,-2.4659,-2.4659,-2.4659,-2.4659,4.000000,4.000000,4.000000,4.000000,4.000000,96.000000,96.000000,96.000000,96.000000,96.000000,5.0,-12.3294,-11.3817,-49.3177,-50.2654,PENDING_AG03,FALSE,NOT_FOR_ENFORCEMENT,-59.1812,6644.9545,-61.6471,-59.1812,-2.4659,-0.00791909,-0.00760233,-2.4659,-59.1812,-0.00760233,-2.4659,-2.4659,-2.4659,-2.4659,-2.4659,-59.1812,-0.00760233,-12.3294,-11.3817,-49.3177,-50.2654,-0.00633527,-0.00645701,-0.00031676,24.6349,21.9045,-0.1951,-4.1098,-0.5012,518.9748,21.0667,24.6349,,18.3951,20.439,30.6585,40.8781,48.89,61.3171,20.439,0.0,2.391993,3.0,1.205286,27,74,26,2,1.00000000,-0.00791909,-0.00791909,0E-8,0.000000,0.889167,0.000000,,2026-07-11,2026-08-06,15,123,89,27,0.555556,,1.000000,3.333333,,,,,,,,GLOBAL_BASELINE_NO_ENTITY_RANKING,,,NOT_APPLICABLE_GLOBAL_BASELINE,HF9g-P5,,,,X 全窗基线 · 不参与实体赏罚,3926406,393,A168_HF9F_20260827_0900,2026-08-27 09:00:00
2026-07-30,152887380,1210,0,33.3156195070,-33.3156195070,-33.3156195070,0E-7,1,1,0.49324550000000000,0.493245500000,-0.9865810262130424,-0.9865810262130424,-0.9865810262130424,0E-17,ELIGIBLE,R03b_20260811_FULL_v1,L1_ELIGIBILITY,v2026-08-11,2026-03-21..2026-08-06,baccarat_bet02_101_all_pairs_incl_sentinel,round_win = game_pnl > 0 (decisive only),COMPATIBILITY_ONLY_NOT_PRODUCTION,7784.6223,6921.8276,-61.6471,316,316,0.00791909,0.00791909,,0.00791909,61.6471,7784.6223,OK,0.0000,-2.4659,4.0000,96.0000,AG03-UNRESOLVED,ALL5_LEVELS_bet23_to_bet27,-2.4659,-2.4659,-2.4659,-2.4659,-2.4659,4.000000,4.000000,4.000000,4.000000,4.000000,96.000000,96.000000,96.000000,96.000000,96.000000,5.0,-12.3294,-11.3817,-49.3177,-50.2654,PENDING_AG03,FALSE,NOT_FOR_ENFORCEMENT,-59.1812,6644.9545,-61.6471,-59.1812,-2.4659,-0.00791909,-0.00760233,-2.4659,-59.1812,-0.00760233,-2.4659,-2.4659,-2.4659,-2.4659,-2.4659,-59.1812,-0.00760233,-12.3294,-11.3817,-49.3177,-50.2654,-0.00633527,-0.00645701,-0.00031676,24.6349,21.9045,-0.1951,-4.1098,-0.5012,518.9748,21.0667,24.6349,,18.3951,20.439,30.6585,40.8781,48.89,61.3171,20.439,0.0,2.391993,3.0,1.205286,27,74,26,2,1.00000000,-0.00791909,-0.00791909,0E-8,0.000000,0.889167,0.000000,,2026-07-11,2026-08-06,15,123,89,27,0.555556,,1.000000,3.333333,,,,,,,,GLOBAL_BASELINE_NO_ENTITY_RANKING,,,NOT_APPLICABLE_GLOBAL_BASELINE,HF9g-P5,,,,X 全窗基线 · 不参与实体赏罚,3926407,393,A168_HF9F_20260827_0900,2026-08-27 09:00:00
2026-07-30,152887380,1304,0,15.5336630830,-15.5336630830,-15.5336630830,0E-7,1,1,0.50665070000000000,0.506650700000,-1.013391052207602,-1.013391052207602,-1.013391052207602,0E-17,ELIGIBLE,R03b_20260811_FULL_v1,L1_ELIGIBILITY,v2026-08-11,2026-03-21..2026-08-06,baccarat_bet02_101_all_pairs_incl_sentinel,round_win = game_pnl > 0 (decisive only),COMPATIBILITY_ONLY_NOT_PRODUCTION,7784.6223,6921.8276,-61.6471,316,316,0.00791909,0.00791909,,0.00791909,61.6471,7784.6223,OK,0.0000,-2.4659,4.0000,96.0000,AG03-UNRESOLVED,ALL5_LEVELS_bet23_to_bet27,-2.4659,-2.4659,-2.4659,-2.4659,-2.4659,4.000000,4.000000,4.000000,4.000000,4.000000,96.000000,96.000000,96.000000,96.000000,96.000000,5.0,-12.3294,-11.3817,-49.3177,-50.2654,PENDING_AG03,FALSE,NOT_FOR_ENFORCEMENT,-59.1812,6644.9545,-61.6471,-59.1812,-2.4659,-0.00791909,-0.00760233,-2.4659,-59.1812,-0.00760233,-2.4659,-2.4659,-2.4659,-2.4659,-2.4659,-59.1812,-0.00760233,-12.3294,-11.3817,-49.3177,-50.2654,-0.00633527,-0.00645701,-0.00031676,24.6349,21.9045,-0.1951,-4.1098,-0.5012,518.9748,21.0667,24.6349,,18.3951,20.439,30.6585,40.8781,48.89,61.3171,20.439,0.0,2.391993,3.0,1.205286,27,74,26,2,1.00000000,-0.00791909,-0.00791909,0E-8,0.000000,0.889167,0.000000,,2026-07-11,2026-08-06,15,123,89,27,0.555556,,1.000000,3.333333,,,,,,,,GLOBAL_BASELINE_NO_ENTITY_RANKING,,,NOT_APPLICABLE_GLOBAL_BASELINE,HF9g-P5,,,,X 全窗基线 · 不参与实体赏罚,3926408,393,A168_HF9F_20260827_0900,2026-08-27 09:00:00
2026-07-30,152887380,1330,0,32.9068388996,31.2614969546,31.2614969546,1.0000000,1,1,0.50665070000000000,0.506650700000,0.9867858985152569,0.9867858985152569,0.9867858985152569,0E-17,ELIGIBLE,R03b_20260811_FULL_v1,L1_ELIGIBILITY,v2026-08-11,2026-03-21..2026-08-06,baccarat_bet02_101_all_pairs_incl_sentinel,round_win = game_pnl > 0 (decisive only),COMPATIBILITY_ONLY_NOT_PRODUCTION,7784.6223,6921.8276,-61.6471,316,316,0.00791909,0.00791909,,0.00791909,61.6471,7784.6223,OK,0.0000,-2.4659,4.0000,96.0000,AG03-UNRESOLVED,ALL5_LEVELS_bet23_to_bet27,-2.4659,-2.4659,-2.4659,-2.4659,-2.4659,4.000000,4.000000,4.000000,4.000000,4.000000,96.000000,96.000000,96.000000,96.000000,96.000000,5.0,-12.3294,-11.3817,-49.3177,-50.2654,PENDING_AG03,FALSE,NOT_FOR_ENFORCEMENT,-59.1812,6644.9545,-61.6471,-59.1812,-2.4659,-0.00791909,-0.00760233,-2.4659,-59.1812,-0.00760233,-2.4659,-2.4659,-2.4659,-2.4659,-2.4659,-59.1812,-0.00760233,-12.3294,-11.3817,-49.3177,-50.2654,-0.00633527,-0.00645701,-0.00031676,24.6349,21.9045,-0.1951,-4.1098,-0.5012,518.9748,21.0667,24.6349,,18.3951,20.439,30.6585,40.8781,48.89,61.3171,20.439,0.0,2.391993,3.0,1.205286,27,74,26,2,1.00000000,-0.00791909,-0.00791909,0E-8,0.000000,0.889167,0.000000,,2026-07-11,2026-08-06,15,123,89,27,0.555556,,1.000000,3.333333,,,,,,,,GLOBAL_BASELINE_NO_ENTITY_RANKING,,,NOT_APPLICABLE_GLOBAL_BASELINE,HF9g-P5,,,,X 全窗基线 · 不参与实体赏罚,3926409,393,A168_HF9F_20260827_0900,2026-08-27 09:00:00
2026-07-30,152887380,1374,0,362.3840085027,206.6896946408,206.6896946408,0.7500000,9,9,0.50218230000000000,0.502182300000,1.4018819621466703,1.4018819621466703,1.4018819621466703,0E-17,ELIGIBLE,R03b_20260811_FULL_v1,L1_ELIGIBILITY,v2026-08-11,2026-03-21..2026-08-06,baccarat_bet02_101_all_pairs_incl_sentinel,round_win = game_pnl > 0 (decisive only),COMPATIBILITY_ONLY_NOT_PRODUCTION,7784.6223,6921.8276,-61.6471,316,316,0.00791909,0.00791909,,0.00791909,61.6471,7784.6223,OK,0.0000,-2.4659,4.0000,96.0000,AG03-UNRESOLVED,ALL5_LEVELS_bet23_to_bet27,-2.4659,-2.4659,-2.4659,-2.4659,-2.4659,4.000000,4.000000,4.000000,4.000000,4.000000,96.000000,96.000000,96.000000,96.000000,96.000000,5.0,-12.3294,-11.3817,-49.3177,-50.2654,PENDING_AG03,FALSE,NOT_FOR_ENFORCEMENT,-59.1812,6644.9545,-61.6471,-59.1812,-2.4659,-0.00791909,-0.00760233,-2.4659,-59.1812,-0.00760233,-2.4659,-2.4659,-2.4659,-2.4659,-2.4659,-59.1812,-0.00760233,-12.3294,-11.3817,-49.3177,-50.2654,-0.00633527,-0.00645701,-0.00031676,24.6349,21.9045,-0.1951,-4.1098,-0.5012,518.9748,21.0667,24.6349,,18.3951,20.439,30.6585,40.8781,48.89,61.3171,20.439,0.0,2.391993,3.0,1.205286,27,74,26,2,1.00000000,-0.00791909,-0.00791909,0E-8,0.000000,0.889167,0.000000,,2026-07-11,2026-08-06,15,123,89,27,0.555556,,1.000000,3.333333,,,,,,,,GLOBAL_BASELINE_NO_ENTITY_RANKING,,,NOT_APPLICABLE_GLOBAL_BASELINE,HF9g-P5,,,,X 全窗基线 · 不参与实体赏罚,3926410,393,A168_HF9F_20260827_0900,2026-08-27 09:00:00
2026-07-30,152887380,1382,0,18.3951273352,17.4753709684,17.4753709684,1.0000000,1,1,0.50665070000000000,0.506650700000,0.9867858985152569,0.9867858985152569,0.9867858985152569,0E-17,ELIGIBLE,R03b_20260811_FULL_v1,L1_ELIGIBILITY,v2026-08-11,2026-03-21..2026-08-06,baccarat_bet02_101_all_pairs_incl_sentinel,round_win = game_pnl > 0 (decisive only),COMPATIBILITY_ONLY_NOT_PRODUCTION,7784.6223,6921.8276,-61.6471,316,316,0.00791909,0.00791909,,0.00791909,61.6471,7784.6223,OK,0.0000,-2.4659,4.0000,96.0000,AG03-UNRESOLVED,ALL5_LEVELS_bet23_to_bet27,-2.4659,-2.4659,-2.4659,-2.4659,-2.4659,4.000000,4.000000,4.000000,4.000000,4.000000,96.000000,96.000000,96.000000,96.000000,96.000000,5.0,-12.3294,-11.3817,-49.3177,-50.2654,PENDING_AG03,FALSE,NOT_FOR_ENFORCEMENT,-59.1812,6644.9545,-61.6471,-59.1812,-2.4659,-0.00791909,-0.00760233,-2.4659,-59.1812,-0.00760233,-2.4659,-2.4659,-2.4659,-2.4659,-2.4659,-59.1812,-0.00760233,-12.3294,-11.3817,-49.3177,-50.2654,-0.00633527,-0.00645701,-0.00031676,24.6349,21.9045,-0.1951,-4.1098,-0.5012,518.9748,21.0667,24.6349,,18.3951,20.439,30.6585,40.8781,48.89,61.3171,20.439,0.0,2.391993,3.0,1.205286,27,74,26,2,1.00000000,-0.00791909,-0.00791909,0E-8,0.000000,0.889167,0.000000,,2026-07-11,2026-08-06,15,123,89,27,0.555556,,1.000000,3.333333,,,,,,,,GLOBAL_BASELINE_NO_ENTITY_RANKING,,,NOT_APPLICABLE_GLOBAL_BASELINE,HF9g-P5,,,,X 全窗基线 · 不参与实体赏罚,3926411,393,A168_HF9F_20260827_0900,2026-08-27 09:00:00
2026-07-30,152887380,1383,0,20.4390303724,-20.4390303724,-20.4390303724,0E-7,1,1,0.49324550000000000,0.493245500000,-0.9865810262130424,-0.9865810262130424,-0.9865810262130424,0E-17,ELIGIBLE,R03b_20260811_FULL_v1,L1_ELIGIBILITY,v2026-08-11,2026-03-21..2026-08-06,baccarat_bet02_101_all_pairs_incl_sentinel,round_win = game_pnl > 0 (decisive only),COMPATIBILITY_ONLY_NOT_PRODUCTION,7784.6223,6921.8276,-61.6471,316,316,0.00791909,0.00791909,,0.00791909,61.6471,7784.6223,OK,0.0000,-2.4659,4.0000,96.0000,AG03-UNRESOLVED,ALL5_LEVELS_bet23_to_bet27,-2.4659,-2.4659,-2.4659,-2.4659,-2.4659,4.000000,4.000000,4.000000,4.000000,4.000000,96.000000,96.000000,96.000000,96.000000,96.000000,5.0,-12.3294,-11.3817,-49.3177,-50.2654,PENDING_AG03,FALSE,NOT_FOR_ENFORCEMENT,-59.1812,6644.9545,-61.6471,-59.1812,-2.4659,-0.00791909,-0.00760233,-2.4659,-59.1812,-0.00760233,-2.4659,-2.4659,-2.4659,-2.4659,-2.4659,-59.1812,-0.00760233,-12.3294,-11.3817,-49.3177,-50.2654,-0.00633527,-0.00645701,-0.00031676,24.6349,21.9045,-0.1951,-4.1098,-0.5012,518.9748,21.0667,24.6349,,18.3951,20.439,30.6585,40.8781,48.89,61.3171,20.439,0.0,2.391993,3.0,1.205286,27,74,26,2,1.00000000,-0.00791909,-0.00791909,0E-8,0.000000,0.889167,0.000000,,2026-07-11,2026-08-06,15,123,89,27,0.555556,,1.000000,3.333333,,,,,,,,GLOBAL_BASELINE_NO_ENTITY_RANKING,,,NOT_APPLICABLE_GLOBAL_BASELINE,HF9g-P5,,,,X 全窗基线 · 不参与实体赏罚,3926412,393,A168_HF9F_20260827_0900,2026-08-27 09:00:00
2026-07-30,152887380,1400,0,14.3073212607,-14.3073212607,-14.3073212607,0E-7,1,1,0.50665070000000000,0.506650700000,-1.013391052207602,-1.013391052207602,-1.013391052207602,0E-17,ELIGIBLE,R03b_20260811_FULL_v1,L1_ELIGIBILITY,v2026-08-11,2026-03-21..2026-08-06,baccarat_bet02_101_all_pairs_incl_sentinel,round_win = game_pnl > 0 (decisive only),COMPATIBILITY_ONLY_NOT_PRODUCTION,7784.6223,6921.8276,-61.6471,316,316,0.00791909,0.00791909,,0.00791909,61.6471,7784.6223,OK,0.0000,-2.4659,4.0000,96.0000,AG03-UNRESOLVED,ALL5_LEVELS_bet23_to_bet27,-2.4659,-2.4659,-2.4659,-2.4659,-2.4659,4.000000,4.000000,4.000000,4.000000,4.000000,96.000000,96.000000,96.000000,96.000000,96.000000,5.0,-12.3294,-11.3817,-49.3177,-50.2654,PENDING_AG03,FALSE,NOT_FOR_ENFORCEMENT,-59.1812,6644.9545,-61.6471,-59.1812,-2.4659,-0.00791909,-0.00760233,-2.4659,-59.1812,-0.00760233,-2.4659,-2.4659,-2.4659,-2.4659,-2.4659,-59.1812,-0.00760233,-12.3294,-11.3817,-49.3177,-50.2654,-0.00633527,-0.00645701,-0.00031676,24.6349,21.9045,-0.1951,-4.1098,-0.5012,518.9748,21.0667,24.6349,,18.3951,20.439,30.6585,40.8781,48.89,61.3171,20.439,0.0,2.391993,3.0,1.205286,27,74,26,2,1.00000000,-0.00791909,-0.00791909,0E-8,0.000000,0.889167,0.000000,,2026-07-11,2026-08-06,15,123,89,27,0.555556,,1.000000,3.333333,,,,,,,,GLOBAL_BASELINE_NO_ENTITY_RANKING,,,NOT_APPLICABLE_GLOBAL_BASELINE,HF9g-P5,,,,X 全窗基线 · 不参与实体赏罚,3926413,393,A168_HF9F_20260827_0900,2026-08-27 09:00:00
2026-07-30,152887380,1505,0,40.8780607448,-40.8780607448,-40.8780607448,0E-7,1,1,0.49324550000000000,0.493245500000,-0.9865810262130424,-0.9865810262130424,-0.9865810262130424,0E-17,ELIGIBLE,R03b_20260811_FULL_v1,L1_ELIGIBILITY,v2026-08-11,2026-03-21..2026-08-06,baccarat_bet02_101_all_pairs_incl_sentinel,round_win = game_pnl > 0 (decisive only),COMPATIBILITY_ONLY_NOT_PRODUCTION,7784.6223,6921.8276,-61.6471,316,316,0.00791909,0.00791909,,0.00791909,61.6471,7784.6223,OK,0.0000,-2.4659,4.0000,96.0000,AG03-UNRESOLVED,ALL5_LEVELS_bet23_to_bet27,-2.4659,-2.4659,-2.4659,-2.4659,-2.4659,4.000000,4.000000,4.000000,4.000000,4.000000,96.000000,96.000000,96.000000,96.000000,96.000000,5.0,-12.3294,-11.3817,-49.3177,-50.2654,PENDING_AG03,FALSE,NOT_FOR_ENFORCEMENT,-59.1812,6644.9545,-61.6471,-59.1812,-2.4659,-0.00791909,-0.00760233,-2.4659,-59.1812,-0.00760233,-2.4659,-2.4659,-2.4659,-2.4659,-2.4659,-59.1812,-0.00760233,-12.3294,-11.3817,-49.3177,-50.2654,-0.00633527,-0.00645701,-0.00031676,24.6349,21.9045,-0.1951,-4.1098,-0.5012,518.9748,21.0667,24.6349,,18.3951,20.439,30.6585,40.8781,48.89,61.3171,20.439,0.0,2.391993,3.0,1.205286,27,74,26,2,1.00000000,-0.00791909,-0.00791909,0E-8,0.000000,0.889167,0.000000,,2026-07-11,2026-08-06,15,123,89,27,0.555556,,1.000000,3.333333,,,,,,,,GLOBAL_BASELINE_NO_ENTITY_RANKING,,,NOT_APPLICABLE_GLOBAL_BASELINE,HF9g-P5,,,,X 全窗基线 · 不参与实体赏罚,3926414,393,A168_HF9F_20260827_0900,2026-08-27 09:00:00
2026-07-30,152887380,1645,0,18.3951273352,18.3951273352,18.3951273352,1.0000000,1,1,0.49324550000000000,0.493245500000,1.01360149184955,1.01360149184955,1.01360149184955,0E-17,ELIGIBLE,R03b_20260811_FULL_v1,L1_ELIGIBILITY,v2026-08-11,2026-03-21..2026-08-06,baccarat_bet02_101_all_pairs_incl_sentinel,round_win = game_pnl > 0 (decisive only),COMPATIBILITY_ONLY_NOT_PRODUCTION,7784.6223,6921.8276,-61.6471,316,316,0.00791909,0.00791909,,0.00791909,61.6471,7784.6223,OK,0.0000,-2.4659,4.0000,96.0000,AG03-UNRESOLVED,ALL5_LEVELS_bet23_to_bet27,-2.4659,-2.4659,-2.4659,-2.4659,-2.4659,4.000000,4.000000,4.000000,4.000000,4.000000,96.000000,96.000000,96.000000,96.000000,96.000000,5.0,-12.3294,-11.3817,-49.3177,-50.2654,PENDING_AG03,FALSE,NOT_FOR_ENFORCEMENT,-59.1812,6644.9545,-61.6471,-59.1812,-2.4659,-0.00791909,-0.00760233,-2.4659,-59.1812,-0.00760233,-2.4659,-2.4659,-2.4659,-2.4659,-2.4659,-59.1812,-0.00760233,-12.3294,-11.3817,-49.3177,-50.2654,-0.00633527,-0.00645701,-0.00031676,24.6349,21.9045,-0.1951,-4.1098,-0.5012,518.9748,21.0667,24.6349,,18.3951,20.439,30.6585,40.8781,48.89,61.3171,20.439,0.0,2.391993,3.0,1.205286,27,74,26,2,1.00000000,-0.00791909,-0.00791909,0E-8,0.000000,0.889167,0.000000,,2026-07-11,2026-08-06,15,123,89,27,0.555556,,1.000000,3.333333,,,,,,,,GLOBAL_BASELINE_NO_ENTITY_RANKING,,,NOT_APPLICABLE_GLOBAL_BASELINE,HF9g-P5,,,,X 全窗基线 · 不参与实体赏罚,3926415,393,A168_HF9F_20260827_0900,2026-08-27 09:00:00
2026-07-30,152887380,1935,0,40.8780607448,38.8341577076,38.8341577076,1.0000000,1,1,0.50665070000000000,0.506650700000,0.9867858985152569,0.9867858985152569,0.9867858985152569,0E-17,ELIGIBLE,R03b_20260811_FULL_v1,L1_ELIGIBILITY,v2026-08-11,2026-03-21..2026-08-06,baccarat_bet02_101_all_pairs_incl_sentinel,round_win = game_pnl > 0 (decisive only),COMPATIBILITY_ONLY_NOT_PRODUCTION,7784.6223,6921.8276,-61.6471,316,316,0.00791909,0.00791909,,0.00791909,61.6471,7784.6223,OK,0.0000,-2.4659,4.0000,96.0000,AG03-UNRESOLVED,ALL5_LEVELS_bet23_to_bet27,-2.4659,-2.4659,-2.4659,-2.4659,-2.4659,4.000000,4.000000,4.000000,4.000000,4.000000,96.000000,96.000000,96.000000,96.000000,96.000000,5.0,-12.3294,-11.3817,-49.3177,-50.2654,PENDING_AG03,FALSE,NOT_FOR_ENFORCEMENT,-59.1812,6644.9545,-61.6471,-59.1812,-2.4659,-0.00791909,-0.00760233,-2.4659,-59.1812,-0.00760233,-2.4659,-2.4659,-2.4659,-2.4659,-2.4659,-59.1812,-0.00760233,-12.3294,-11.3817,-49.3177,-50.2654,-0.00633527,-0.00645701,-0.00031676,24.6349,21.9045,-0.1951,-4.1098,-0.5012,518.9748,21.0667,24.6349,,18.3951,20.439,30.6585,40.8781,48.89,61.3171,20.439,0.0,2.391993,3.0,1.205286,27,74,26,2,1.00000000,-0.00791909,-0.00791909,0E-8,0.000000,0.889167,0.000000,,2026-07-11,2026-08-06,15,123,89,27,0.555556,,1.000000,3.333333,,,,,,,,GLOBAL_BASELINE_NO_ENTITY_RANKING,,,NOT_APPLICABLE_GLOBAL_BASELINE,HF9g-P5,,,,X 全窗基线 · 不参与实体赏罚,3926416,393,A168_HF9F_20260827_0900,2026-08-27 09:00:00
2026-07-30,152887380,1957,0,21.4609818910,-7.1536606304,-7.1536606304,0.5000000,2,2,0.49324550000000000,0.493245500000,0.01910635448239258,0.01910635448239258,0.01910635448239258,0E-17,ELIGIBLE,R03b_20260811_FULL_v1,L1_ELIGIBILITY,v2026-08-11,2026-03-21..2026-08-06,baccarat_bet02_101_all_pairs_incl_sentinel,round_win = game_pnl > 0 (decisive only),COMPATIBILITY_ONLY_NOT_PRODUCTION,7784.6223,6921.8276,-61.6471,316,316,0.00791909,0.00791909,,0.00791909,61.6471,7784.6223,OK,0.0000,-2.4659,4.0000,96.0000,AG03-UNRESOLVED,ALL5_LEVELS_bet23_to_bet27,-2.4659,-2.4659,-2.4659,-2.4659,-2.4659,4.000000,4.000000,4.000000,4.000000,4.000000,96.000000,96.000000,96.000000,96.000000,96.000000,5.0,-12.3294,-11.3817,-49.3177,-50.2654,PENDING_AG03,FALSE,NOT_FOR_ENFORCEMENT,-59.1812,6644.9545,-61.6471,-59.1812,-2.4659,-0.00791909,-0.00760233,-2.4659,-59.1812,-0.00760233,-2.4659,-2.4659,-2.4659,-2.4659,-2.4659,-59.1812,-0.00760233,-12.3294,-11.3817,-49.3177,-50.2654,-0.00633527,-0.00645701,-0.00031676,24.6349,21.9045,-0.1951,-4.1098,-0.5012,518.9748,21.0667,24.6349,,18.3951,20.439,30.6585,40.8781,48.89,61.3171,20.439,0.0,2.391993,3.0,1.205286,27,74,26,2,1.00000000,-0.00791909,-0.00791909,0E-8,0.000000,0.889167,0.000000,,2026-07-11,2026-08-06,15,123,89,27,0.555556,,1.000000,3.333333,,,,,,,,GLOBAL_BASELINE_NO_ENTITY_RANKING,,,NOT_APPLICABLE_GLOBAL_BASELINE,HF9g-P5,,,,X 全窗基线 · 不参与实体赏罚,3926417,393,A168_HF9F_20260827_0900,2026-08-27 09:00:00
2026-07-30,152887380,1966,0,24.9356170543,18.5075420022,18.5075420022,0.5000000,2,2,0.50665070000000000,0.506650700000,-0.018812684590367487,-0.018812684590367487,-0.018812684590367487,0E-17,ELIGIBLE,R03b_20260811_FULL_v1,L1_ELIGIBILITY,v2026-08-11,2026-03-21..2026-08-06,baccarat_bet02_101_all_pairs_incl_sentinel,round_win = game_pnl > 0 (decisive only),COMPATIBILITY_ONLY_NOT_PRODUCTION,7784.6223,6921.8276,-61.6471,316,316,0.00791909,0.00791909,,0.00791909,61.6471,7784.6223,OK,0.0000,-2.4659,4.0000,96.0000,AG03-UNRESOLVED,ALL5_LEVELS_bet23_to_bet27,-2.4659,-2.4659,-2.4659,-2.4659,-2.4659,4.000000,4.000000,4.000000,4.000000,4.000000,96.000000,96.000000,96.000000,96.000000,96.000000,5.0,-12.3294,-11.3817,-49.3177,-50.2654,PENDING_AG03,FALSE,NOT_FOR_ENFORCEMENT,-59.1812,6644.9545,-61.6471,-59.1812,-2.4659,-0.00791909,-0.00760233,-2.4659,-59.1812,-0.00760233,-2.4659,-2.4659,-2.4659,-2.4659,-2.4659,-59.1812,-0.00760233,-12.3294,-11.3817,-49.3177,-50.2654,-0.00633527,-0.00645701,-0.00031676,24.6349,21.9045,-0.1951,-4.1098,-0.5012,518.9748,21.0667,24.6349,,18.3951,20.439,30.6585,40.8781,48.89,61.3171,20.439,0.0,2.391993,3.0,1.205286,27,74,26,2,1.00000000,-0.00791909,-0.00791909,0E-8,0.000000,0.889167,0.000000,,2026-07-11,2026-08-06,15,123,89,27,0.555556,,1.000000,3.333333,,,,,,,,GLOBAL_BASELINE_NO_ENTITY_RANKING,,,NOT_APPLICABLE_GLOBAL_BASELINE,HF9g-P5,,,,X 全窗基线 · 不参与实体赏罚,3926418,393,A168_HF9F_20260827_0900,2026-08-27 09:00:00
2026-07-30,152887380,2145,0,141.0293095696,20.4390303724,20.4390303724,0.4000000,5,5,0.50128862000000000,0.501288620000,-0.4529779837142727,-0.4529779837142727,-0.4529779837142727,0E-17,ELIGIBLE,R03b_20260811_FULL_v1,L1_ELIGIBILITY,v2026-08-11,2026-03-21..2026-08-06,baccarat_bet02_101_all_pairs_incl_sentinel,round_win = game_pnl > 0 (decisive only),COMPATIBILITY_ONLY_NOT_PRODUCTION,7784.6223,6921.8276,-61.6471,316,316,0.00791909,0.00791909,,0.00791909,61.6471,7784.6223,OK,0.0000,-2.4659,4.0000,96.0000,AG03-UNRESOLVED,ALL5_LEVELS_bet23_to_bet27,-2.4659,-2.4659,-2.4659,-2.4659,-2.4659,4.000000,4.000000,4.000000,4.000000,4.000000,96.000000,96.000000,96.000000,96.000000,96.000000,5.0,-12.3294,-11.3817,-49.3177,-50.2654,PENDING_AG03,FALSE,NOT_FOR_ENFORCEMENT,-59.1812,6644.9545,-61.6471,-59.1812,-2.4659,-0.00791909,-0.00760233,-2.4659,-59.1812,-0.00760233,-2.4659,-2.4659,-2.4659,-2.4659,-2.4659,-59.1812,-0.00760233,-12.3294,-11.3817,-49.3177,-50.2654,-0.00633527,-0.00645701,-0.00031676,24.6349,21.9045,-0.1951,-4.1098,-0.5012,518.9748,21.0667,24.6349,,18.3951,20.439,30.6585,40.8781,48.89,61.3171,20.439,0.0,2.391993,3.0,1.205286,27,74,26,2,1.00000000,-0.00791909,-0.00791909,0E-8,0.000000,0.889167,0.000000,,2026-07-11,2026-08-06,15,123,89,27,0.555556,,1.000000,3.333333,,,,,,,,GLOBAL_BASELINE_NO_ENTITY_RANKING,,,NOT_APPLICABLE_GLOBAL_BASELINE,HF9g-P5,,,,X 全窗基线 · 不参与实体赏罚,3926419,393,A168_HF9F_20260827_0900,2026-08-27 09:00:00
2026-07-30,152887380,2147,0,81.7561214896,38.8341577076,38.8341577076,1.0000000,2,2,0.50665070000000000,0.506650700000,0.9867858985152569,0.9867858985152569,0.9867858985152569,0E-17,ELIGIBLE,R03b_20260811_FULL_v1,L1_ELIGIBILITY,v2026-08-11,2026-03-21..2026-08-06,baccarat_bet02_101_all_pairs_incl_sentinel,round_win = game_pnl > 0 (decisive only),COMPATIBILITY_ONLY_NOT_PRODUCTION,7784.6223,6921.8276,-61.6471,316,316,0.00791909,0.00791909,,0.00791909,61.6471,7784.6223,OK,0.0000,-2.4659,4.0000,96.0000,AG03-UNRESOLVED,ALL5_LEVELS_bet23_to_bet27,-2.4659,-2.4659,-2.4659,-2.4659,-2.4659,4.000000,4.000000,4.000000,4.000000,4.000000,96.000000,96.000000,96.000000,96.000000,96.000000,5.0,-12.3294,-11.3817,-49.3177,-50.2654,PENDING_AG03,FALSE,NOT_FOR_ENFORCEMENT,-59.1812,6644.9545,-61.6471,-59.1812,-2.4659,-0.00791909,-0.00760233,-2.4659,-59.1812,-0.00760233,-2.4659,-2.4659,-2.4659,-2.4659,-2.4659,-59.1812,-0.00760233,-12.3294,-11.3817,-49.3177,-50.2654,-0.00633527,-0.00645701,-0.00031676,24.6349,21.9045,-0.1951,-4.1098,-0.5012,518.9748,21.0667,24.6349,,18.3951,20.439,30.6585,40.8781,48.89,61.3171,20.439,0.0,2.391993,3.0,1.205286,27,74,26,2,1.00000000,-0.00791909,-0.00791909,0E-8,0.000000,0.889167,0.000000,,2026-07-11,2026-08-06,15,123,89,27,0.555556,,1.000000,3.333333,,,,,,,,GLOBAL_BASELINE_NO_ENTITY_RANKING,,,NOT_APPLICABLE_GLOBAL_BASELINE,HF9g-P5,,,,X 全窗基线 · 不参与实体赏罚,3926420,393,A168_HF9F_20260827_0900,2026-08-27 09:00:00
2026-07-30,152887380,2167,0,51.0975759310,0E-10,0E-10,,1,1,0.49324550000000000,0.493245500000,,,,0E-17,NO_DECISIVE_ROUND,R03b_20260811_FULL_v1,L1_ELIGIBILITY,v2026-08-11,2026-03-21..2026-08-06,baccarat_bet02_101_all_pairs_incl_sentinel,round_win = game_pnl > 0 (decisive only),COMPATIBILITY_ONLY_NOT_PRODUCTION,7784.6223,6921.8276,-61.6471,316,316,0.00791909,0.00791909,,0.00791909,61.6471,7784.6223,OK,0.0000,-2.4659,4.0000,96.0000,AG03-UNRESOLVED,ALL5_LEVELS_bet23_to_bet27,-2.4659,-2.4659,-2.4659,-2.4659,-2.4659,4.000000,4.000000,4.000000,4.000000,4.000000,96.000000,96.000000,96.000000,96.000000,96.000000,5.0,-12.3294,-11.3817,-49.3177,-50.2654,PENDING_AG03,FALSE,NOT_FOR_ENFORCEMENT,-59.1812,6644.9545,-61.6471,-59.1812,-2.4659,-0.00791909,-0.00760233,-2.4659,-59.1812,-0.00760233,-2.4659,-2.4659,-2.4659,-2.4659,-2.4659,-59.1812,-0.00760233,-12.3294,-11.3817,-49.3177,-50.2654,-0.00633527,-0.00645701,-0.00031676,24.6349,21.9045,-0.1951,-4.1098,-0.5012,518.9748,21.0667,24.6349,,18.3951,20.439,30.6585,40.8781,48.89,61.3171,20.439,0.0,2.391993,3.0,1.205286,27,74,26,2,1.00000000,-0.00791909,-0.00791909,0E-8,0.000000,0.889167,0.000000,,2026-07-11,2026-08-06,15,123,89,27,0.555556,,1.000000,3.333333,,,,,,,,GLOBAL_BASELINE_NO_ENTITY_RANKING,,,NOT_APPLICABLE_GLOBAL_BASELINE,HF9g-P5,,,,X 全窗基线 · 不参与实体赏罚,3926421,393,A168_HF9F_20260827_0900,2026-08-27 09:00:00
2026-07-30,152887380,2170,0,61.3170911172,20.4390303724,20.4390303724,0.5000000,2,2,0.49994810000000000,0.499948100000,0.00014679536856514622,0.00014679536856514622,0.00014679536856514622,0E-17,ELIGIBLE,R03b_20260811_FULL_v1,L1_ELIGIBILITY,v2026-08-11,2026-03-21..2026-08-06,baccarat_bet02_101_all_pairs_incl_sentinel,round_win = game_pnl > 0 (decisive only),COMPATIBILITY_ONLY_NOT_PRODUCTION,7784.6223,6921.8276,-61.6471,316,316,0.00791909,0.00791909,,0.00791909,61.6471,7784.6223,OK,0.0000,-2.4659,4.0000,96.0000,AG03-UNRESOLVED,ALL5_LEVELS_bet23_to_bet27,-2.4659,-2.4659,-2.4659,-2.4659,-2.4659,4.000000,4.000000,4.000000,4.000000,4.000000,96.000000,96.000000,96.000000,96.000000,96.000000,5.0,-12.3294,-11.3817,-49.3177,-50.2654,PENDING_AG03,FALSE,NOT_FOR_ENFORCEMENT,-59.1812,6644.9545,-61.6471,-59.1812,-2.4659,-0.00791909,-0.00760233,-2.4659,-59.1812,-0.00760233,-2.4659,-2.4659,-2.4659,-2.4659,-2.4659,-59.1812,-0.00760233,-12.3294,-11.3817,-49.3177,-50.2654,-0.00633527,-0.00645701,-0.00031676,24.6349,21.9045,-0.1951,-4.1098,-0.5012,518.9748,21.0667,24.6349,,18.3951,20.439,30.6585,40.8781,48.89,61.3171,20.439,0.0,2.391993,3.0,1.205286,27,74,26,2,1.00000000,-0.00791909,-0.00791909,0E-8,0.000000,0.889167,0.000000,,2026-07-11,2026-08-06,15,123,89,27,0.555556,,1.000000,3.333333,,,,,,,,GLOBAL_BASELINE_NO_ENTITY_RANKING,,,NOT_APPLICABLE_GLOBAL_BASELINE,HF9g-P5,,,,X 全窗基线 · 不参与实体赏罚,3926422,393,A168_HF9F_20260827_0900,2026-08-27 09:00:00
2026-07-30,152887380,2174,0,108.3268609737,-6.1317091117,-6.1317091117,0E-7,3,3,0.49771390000000000,0.497713900000,-0.9954382048786059,-0.995438204878606,-0.9954382048786059,0E-17,ELIGIBLE,R03b_20260811_FULL_v1,L1_ELIGIBILITY,v2026-08-11,2026-03-21..2026-08-06,baccarat_bet02_101_all_pairs_incl_sentinel,round_win = game_pnl > 0 (decisive only),COMPATIBILITY_ONLY_NOT_PRODUCTION,7784.6223,6921.8276,-61.6471,316,316,0.00791909,0.00791909,,0.00791909,61.6471,7784.6223,OK,0.0000,-2.4659,4.0000,96.0000,AG03-UNRESOLVED,ALL5_LEVELS_bet23_to_bet27,-2.4659,-2.4659,-2.4659,-2.4659,-2.4659,4.000000,4.000000,4.000000,4.000000,4.000000,96.000000,96.000000,96.000000,96.000000,96.000000,5.0,-12.3294,-11.3817,-49.3177,-50.2654,PENDING_AG03,FALSE,NOT_FOR_ENFORCEMENT,-59.1812,6644.9545,-61.6471,-59.1812,-2.4659,-0.00791909,-0.00760233,-2.4659,-59.1812,-0.00760233,-2.4659,-2.4659,-2.4659,-2.4659,-2.4659,-59.1812,-0.00760233,-12.3294,-11.3817,-49.3177,-50.2654,-0.00633527,-0.00645701,-0.00031676,24.6349,21.9045,-0.1951,-4.1098,-0.5012,518.9748,21.0667,24.6349,,18.3951,20.439,30.6585,40.8781,48.89,61.3171,20.439,0.0,2.391993,3.0,1.205286,27,74,26,2,1.00000000,-0.00791909,-0.00791909,0E-8,0.000000,0.889167,0.000000,,2026-07-11,2026-08-06,15,123,89,27,0.555556,,1.000000,3.333333,,,,,,,,GLOBAL_BASELINE_NO_ENTITY_RANKING,,,NOT_APPLICABLE_GLOBAL_BASELINE,HF9g-P5,,,,X 全窗基线 · 不参与实体赏罚,3926423,393,A168_HF9F_20260827_0900,2026-08-27 09:00:00
2026-07-30,152887380,2188,0,40.8780607448,-40.8780607448,-40.8780607448,0E-7,1,1,0.49324550000000000,0.493245500000,-0.9865810262130424,-0.9865810262130424,-0.9865810262130424,0E-17,ELIGIBLE,R03b_20260811_FULL_v1,L1_ELIGIBILITY,v2026-08-11,2026-03-21..2026-08-06,baccarat_bet02_101_all_pairs_incl_sentinel,round_win = game_pnl > 0 (decisive only),COMPATIBILITY_ONLY_NOT_PRODUCTION,7784.6223,6921.8276,-61.6471,316,316,0.00791909,0.00791909,,0.00791909,61.6471,7784.6223,OK,0.0000,-2.4659,4.0000,96.0000,AG03-UNRESOLVED,ALL5_LEVELS_bet23_to_bet27,-2.4659,-2.4659,-2.4659,-2.4659,-2.4659,4.000000,4.000000,4.000000,4.000000,4.000000,96.000000,96.000000,96.000000,96.000000,96.000000,5.0,-12.3294,-11.3817,-49.3177,-50.2654,PENDING_AG03,FALSE,NOT_FOR_ENFORCEMENT,-59.1812,6644.9545,-61.6471,-59.1812,-2.4659,-0.00791909,-0.00760233,-2.4659,-59.1812,-0.00760233,-2.4659,-2.4659,-2.4659,-2.4659,-2.4659,-59.1812,-0.00760233,-12.3294,-11.3817,-49.3177,-50.2654,-0.00633527,-0.00645701,-0.00031676,24.6349,21.9045,-0.1951,-4.1098,-0.5012,518.9748,21.0667,24.6349,,18.3951,20.439,30.6585,40.8781,48.89,61.3171,20.439,0.0,2.391993,3.0,1.205286,27,74,26,2,1.00000000,-0.00791909,-0.00791909,0E-8,0.000000,0.889167,0.000000,,2026-07-11,2026-08-06,15,123,89,27,0.555556,,1.000000,3.333333,,,,,,,,GLOBAL_BASELINE_NO_ENTITY_RANKING,,,NOT_APPLICABLE_GLOBAL_BASELINE,HF9g-P5,,,,X 全窗基线 · 不参与实体赏罚,3926424,393,A168_HF9F_20260827_0900,2026-08-27 09:00:00
2026-07-30,152887380,2212,0,115.2761313003,-115.2761313003,-115.2761313003,0E-7,3,3,0.49771390000000000,0.497713900000,-1.724149546644903,-1.724149546644903,-1.724149546644903,0E-17,ELIGIBLE,R03b_20260811_FULL_v1,L1_ELIGIBILITY,v2026-08-11,2026-03-21..2026-08-06,baccarat_bet02_101_all_pairs_incl_sentinel,round_win = game_pnl > 0 (decisive only),COMPATIBILITY_ONLY_NOT_PRODUCTION,7784.6223,6921.8276,-61.6471,316,316,0.00791909,0.00791909,,0.00791909,61.6471,7784.6223,OK,0.0000,-2.4659,4.0000,96.0000,AG03-UNRESOLVED,ALL5_LEVELS_bet23_to_bet27,-2.4659,-2.4659,-2.4659,-2.4659,-2.4659,4.000000,4.000000,4.000000,4.000000,4.000000,96.000000,96.000000,96.000000,96.000000,96.000000,5.0,-12.3294,-11.3817,-49.3177,-50.2654,PENDING_AG03,FALSE,NOT_FOR_ENFORCEMENT,-59.1812,6644.9545,-61.6471,-59.1812,-2.4659,-0.00791909,-0.00760233,-2.4659,-59.1812,-0.00760233,-2.4659,-2.4659,-2.4659,-2.4659,-2.4659,-59.1812,-0.00760233,-12.3294,-11.3817,-49.3177,-50.2654,-0.00633527,-0.00645701,-0.00031676,24.6349,21.9045,-0.1951,-4.1098,-0.5012,518.9748,21.0667,24.6349,,18.3951,20.439,30.6585,40.8781,48.89,61.3171,20.439,0.0,2.391993,3.0,1.205286,27,74,26,2,1.00000000,-0.00791909,-0.00791909,0E-8,0.000000,0.889167,0.000000,,2026-07-11,2026-08-06,15,123,89,27,0.555556,,1.000000,3.333333,,,,,,,,GLOBAL_BASELINE_NO_ENTITY_RANKING,,,NOT_APPLICABLE_GLOBAL_BASELINE,HF9g-P5,,,,X 全窗基线 · 不参与实体赏罚,3926425,393,A168_HF9F_20260827_0900,2026-08-27 09:00:00
2026-07-30,152887380,2218,0,10.2195151862,-10.2195151862,-10.2195151862,0E-7,1,1,0.50665070000000000,0.506650700000,-1.013391052207602,-1.013391052207602,-1.013391052207602,0E-17,ELIGIBLE,R03b_20260811_FULL_v1,L1_ELIGIBILITY,v2026-08-11,2026-03-21..2026-08-06,baccarat_bet02_101_all_pairs_incl_sentinel,round_win = game_pnl > 0 (decisive only),COMPATIBILITY_ONLY_NOT_PRODUCTION,7784.6223,6921.8276,-61.6471,316,316,0.00791909,0.00791909,,0.00791909,61.6471,7784.6223,OK,0.0000,-2.4659,4.0000,96.0000,AG03-UNRESOLVED,ALL5_LEVELS_bet23_to_bet27,-2.4659,-2.4659,-2.4659,-2.4659,-2.4659,4.000000,4.000000,4.000000,4.000000,4.000000,96.000000,96.000000,96.000000,96.000000,96.000000,5.0,-12.3294,-11.3817,-49.3177,-50.2654,PENDING_AG03,FALSE,NOT_FOR_ENFORCEMENT,-59.1812,6644.9545,-61.6471,-59.1812,-2.4659,-0.00791909,-0.00760233,-2.4659,-59.1812,-0.00760233,-2.4659,-2.4659,-2.4659,-2.4659,-2.4659,-59.1812,-0.00760233,-12.3294,-11.3817,-49.3177,-50.2654,-0.00633527,-0.00645701,-0.00031676,24.6349,21.9045,-0.1951,-4.1098,-0.5012,518.9748,21.0667,24.6349,,18.3951,20.439,30.6585,40.8781,48.89,61.3171,20.439,0.0,2.391993,3.0,1.205286,27,74,26,2,1.00000000,-0.00791909,-0.00791909,0E-8,0.000000,0.889167,0.000000,,2026-07-11,2026-08-06,15,123,89,27,0.555556,,1.000000,3.333333,,,,,,,,GLOBAL_BASELINE_NO_ENTITY_RANKING,,,NOT_APPLICABLE_GLOBAL_BASELINE,HF9g-P5,,,,X 全窗基线 · 不参与实体赏罚,3926426,393,A168_HF9F_20260827_0900,2026-08-27 09:00:00
2026-07-30,152887380,2271,0,27.7970813064,26.4072272411,26.4072272411,1.0000000,2,2,0.50665070000000000,0.506650700000,1.3955260008387969,1.3955260008387969,1.3955260008387969,0E-17,ELIGIBLE,R03b_20260811_FULL_v1,L1_ELIGIBILITY,v2026-08-11,2026-03-21..2026-08-06,baccarat_bet02_101_all_pairs_incl_sentinel,round_win = game_pnl > 0 (decisive only),COMPATIBILITY_ONLY_NOT_PRODUCTION,7784.6223,6921.8276,-61.6471,316,316,0.00791909,0.00791909,,0.00791909,61.6471,7784.6223,OK,0.0000,-2.4659,4.0000,96.0000,AG03-UNRESOLVED,ALL5_LEVELS_bet23_to_bet27,-2.4659,-2.4659,-2.4659,-2.4659,-2.4659,4.000000,4.000000,4.000000,4.000000,4.000000,96.000000,96.000000,96.000000,96.000000,96.000000,5.0,-12.3294,-11.3817,-49.3177,-50.2654,PENDING_AG03,FALSE,NOT_FOR_ENFORCEMENT,-59.1812,6644.9545,-61.6471,-59.1812,-2.4659,-0.00791909,-0.00760233,-2.4659,-59.1812,-0.00760233,-2.4659,-2.4659,-2.4659,-2.4659,-2.4659,-59.1812,-0.00760233,-12.3294,-11.3817,-49.3177,-50.2654,-0.00633527,-0.00645701,-0.00031676,24.6349,21.9045,-0.1951,-4.1098,-0.5012,518.9748,21.0667,24.6349,,18.3951,20.439,30.6585,40.8781,48.89,61.3171,20.439,0.0,2.391993,3.0,1.205286,27,74,26,2,1.00000000,-0.00791909,-0.00791909,0E-8,0.000000,0.889167,0.000000,,2026-07-11,2026-08-06,15,123,89,27,0.555556,,1.000000,3.333333,,,,,,,,GLOBAL_BASELINE_NO_ENTITY_RANKING,,,NOT_APPLICABLE_GLOBAL_BASELINE,HF9g-P5,,,,X 全窗基线 · 不参与实体赏罚,3926427,393,A168_HF9F_20260827_0900,2026-08-27 09:00:00
2026-07-30,152887380,2287,0,61.3170911172,-61.3170911172,-61.3170911172,0E-7,1,1,0.49324550000000000,0.493245500000,-0.9865810262130424,-0.9865810262130424,-0.9865810262130424,0E-17,ELIGIBLE,R03b_20260811_FULL_v1,L1_ELIGIBILITY,v2026-08-11,2026-03-21..2026-08-06,baccarat_bet02_101_all_pairs_incl_sentinel,round_win = game_pnl > 0 (decisive only),COMPATIBILITY_ONLY_NOT_PRODUCTION,7784.6223,6921.8276,-61.6471,316,316,0.00791909,0.00791909,,0.00791909,61.6471,7784.6223,OK,0.0000,-2.4659,4.0000,96.0000,AG03-UNRESOLVED,ALL5_LEVELS_bet23_to_bet27,-2.4659,-2.4659,-2.4659,-2.4659,-2.4659,4.000000,4.000000,4.000000,4.000000,4.000000,96.000000,96.000000,96.000000,96.000000,96.000000,5.0,-12.3294,-11.3817,-49.3177,-50.2654,PENDING_AG03,FALSE,NOT_FOR_ENFORCEMENT,-59.1812,6644.9545,-61.6471,-59.1812,-2.4659,-0.00791909,-0.00760233,-2.4659,-59.1812,-0.00760233,-2.4659,-2.4659,-2.4659,-2.4659,-2.4659,-59.1812,-0.00760233,-12.3294,-11.3817,-49.3177,-50.2654,-0.00633527,-0.00645701,-0.00031676,24.6349,21.9045,-0.1951,-4.1098,-0.5012,518.9748,21.0667,24.6349,,18.3951,20.439,30.6585,40.8781,48.89,61.3171,20.439,0.0,2.391993,3.0,1.205286,27,74,26,2,1.00000000,-0.00791909,-0.00791909,0E-8,0.000000,0.889167,0.000000,,2026-07-11,2026-08-06,15,123,89,27,0.555556,,1.000000,3.333333,,,,,,,,GLOBAL_BASELINE_NO_ENTITY_RANKING,,,NOT_APPLICABLE_GLOBAL_BASELINE,HF9g-P5,,,,X 全窗基线 · 不参与实体赏罚,3926428,393,A168_HF9F_20260827_0900,2026-08-27 09:00:00
2026-07-31,152887380,-1,1,40.8780607448,-40.8780607448,-40.8780607448,0E-7,1,1,0.49324550000000000,0.493245500000,-0.9865810262130424,-0.9865810262130424,-0.9865810262130424,0E-17,SENTINEL_DEALER,R03b_20260811_FULL_v1,L1_ELIGIBILITY,v2026-08-11,2026-03-21..2026-08-06,baccarat_bet02_101_all_pairs_incl_sentinel,round_win = game_pnl > 0 (decisive only),COMPATIBILITY_ONLY_NOT_PRODUCTION,7784.6223,6921.8276,-61.6471,316,316,0.00791909,0.00791909,,0.00791909,61.6471,7784.6223,OK,0.0000,-2.4659,4.0000,96.0000,AG03-UNRESOLVED,ALL5_LEVELS_bet23_to_bet27,-2.4659,-2.4659,-2.4659,-2.4659,-2.4659,4.000000,4.000000,4.000000,4.000000,4.000000,96.000000,96.000000,96.000000,96.000000,96.000000,5.0,-12.3294,-11.3817,-49.3177,-50.2654,PENDING_AG03,FALSE,NOT_FOR_ENFORCEMENT,-59.1812,6644.9545,-61.6471,-59.1812,-2.4659,-0.00791909,-0.00760233,-2.4659,-59.1812,-0.00760233,-2.4659,-2.4659,-2.4659,-2.4659,-2.4659,-59.1812,-0.00760233,-12.3294,-11.3817,-49.3177,-50.2654,-0.00633527,-0.00645701,-0.00031676,24.6349,21.9045,-0.1951,-4.1098,-0.5012,518.9748,21.0667,24.6349,,18.3951,20.439,30.6585,40.8781,48.89,61.3171,20.439,0.0,2.391993,3.0,1.205286,27,74,26,2,1.00000000,-0.00791909,-0.00791909,0E-8,0.000000,0.889167,0.000000,,2026-07-11,2026-08-06,15,123,89,27,0.555556,,1.000000,3.333333,,,,,,,,GLOBAL_BASELINE_NO_ENTITY_RANKING,,,NOT_APPLICABLE_GLOBAL_BASELINE,HF9g-P5,,,,X 全窗基线 · 不参与实体赏罚,3926429,393,A168_HF9F_20260827_0900,2026-08-27 09:00:00
2026-07-31,152887380,1306,0,200.0981073458,71.4344111515,71.4344111515,0.5714286,8,8,0.49827245000000000,0.498272450000,0.3871081189643771,0.3871081189643771,0.3871081189643771,0E-17,ELIGIBLE,R03b_20260811_FULL_v1,L1_ELIGIBILITY,v2026-08-11,2026-03-21..2026-08-06,baccarat_bet02_101_all_pairs_incl_sentinel,round_win = game_pnl > 0 (decisive only),COMPATIBILITY_ONLY_NOT_PRODUCTION,7784.6223,6921.8276,-61.6471,316,316,0.00791909,0.00791909,,0.00791909,61.6471,7784.6223,OK,0.0000,-2.4659,4.0000,96.0000,AG03-UNRESOLVED,ALL5_LEVELS_bet23_to_bet27,-2.4659,-2.4659,-2.4659,-2.4659,-2.4659,4.000000,4.000000,4.000000,4.000000,4.000000,96.000000,96.000000,96.000000,96.000000,96.000000,5.0,-12.3294,-11.3817,-49.3177,-50.2654,PENDING_AG03,FALSE,NOT_FOR_ENFORCEMENT,-59.1812,6644.9545,-61.6471,-59.1812,-2.4659,-0.00791909,-0.00760233,-2.4659,-59.1812,-0.00760233,-2.4659,-2.4659,-2.4659,-2.4659,-2.4659,-59.1812,-0.00760233,-12.3294,-11.3817,-49.3177,-50.2654,-0.00633527,-0.00645701,-0.00031676,24.6349,21.9045,-0.1951,-4.1098,-0.5012,518.9748,21.0667,24.6349,,18.3951,20.439,30.6585,40.8781,48.89,61.3171,20.439,0.0,2.391993,3.0,1.205286,27,74,26,2,1.00000000,-0.00791909,-0.00791909,0E-8,0.000000,0.889167,0.000000,,2026-07-11,2026-08-06,15,123,89,27,0.555556,,1.000000,3.333333,,,,,,,,GLOBAL_BASELINE_NO_ENTITY_RANKING,,,NOT_APPLICABLE_GLOBAL_BASELINE,HF9g-P5,,,,X 全窗基线 · 不参与实体赏罚,3926430,393,A168_HF9F_20260827_0900,2026-08-27 09:00:00
2026-07-31,152887380,2156,0,44.1483056045,13.1218574991,13.1218574991,0.6666667,4,4,0.50329940000000000,0.503299400000,0.5659331339966515,0.5659331339966515,0.5659331339966515,0E-17,ELIGIBLE,R03b_20260811_FULL_v1,L1_ELIGIBILITY,v2026-08-11,2026-03-21..2026-08-06,baccarat_bet02_101_all_pairs_incl_sentinel,round_win = game_pnl > 0 (decisive only),COMPATIBILITY_ONLY_NOT_PRODUCTION,7784.6223,6921.8276,-61.6471,316,316,0.00791909,0.00791909,,0.00791909,61.6471,7784.6223,OK,0.0000,-2.4659,4.0000,96.0000,AG03-UNRESOLVED,ALL5_LEVELS_bet23_to_bet27,-2.4659,-2.4659,-2.4659,-2.4659,-2.4659,4.000000,4.000000,4.000000,4.000000,4.000000,96.000000,96.000000,96.000000,96.000000,96.000000,5.0,-12.3294,-11.3817,-49.3177,-50.2654,PENDING_AG03,FALSE,NOT_FOR_ENFORCEMENT,-59.1812,6644.9545,-61.6471,-59.1812,-2.4659,-0.00791909,-0.00760233,-2.4659,-59.1812,-0.00760233,-2.4659,-2.4659,-2.4659,-2.4659,-2.4659,-59.1812,-0.00760233,-12.3294,-11.3817,-49.3177,-50.2654,-0.00633527,-0.00645701,-0.00031676,24.6349,21.9045,-0.1951,-4.1098,-0.5012,518.9748,21.0667,24.6349,,18.3951,20.439,30.6585,40.8781,48.89,61.3171,20.439,0.0,2.391993,3.0,1.205286,27,74,26,2,1.00000000,-0.00791909,-0.00791909,0E-8,0.000000,0.889167,0.000000,,2026-07-11,2026-08-06,15,123,89,27,0.555556,,1.000000,3.333333,,,,,,,,GLOBAL_BASELINE_NO_ENTITY_RANKING,,,NOT_APPLICABLE_GLOBAL_BASELINE,HF9g-P5,,,,X 全窗基线 · 不参与实体赏罚,3926431,393,A168_HF9F_20260827_0900,2026-08-27 09:00:00
2026-07-31,152887380,2224,0,20.4390303724,-20.4390303724,-20.4390303724,0E-7,1,1,0.49324550000000000,0.493245500000,-0.9865810262130424,-0.9865810262130424,-0.9865810262130424,0E-17,ELIGIBLE,R03b_20260811_FULL_v1,L1_ELIGIBILITY,v2026-08-11,2026-03-21..2026-08-06,baccarat_bet02_101_all_pairs_incl_sentinel,round_win = game_pnl > 0 (decisive only),COMPATIBILITY_ONLY_NOT_PRODUCTION,7784.6223,6921.8276,-61.6471,316,316,0.00791909,0.00791909,,0.00791909,61.6471,7784.6223,OK,0.0000,-2.4659,4.0000,96.0000,AG03-UNRESOLVED,ALL5_LEVELS_bet23_to_bet27,-2.4659,-2.4659,-2.4659,-2.4659,-2.4659,4.000000,4.000000,4.000000,4.000000,4.000000,96.000000,96.000000,96.000000,96.000000,96.000000,5.0,-12.3294,-11.3817,-49.3177,-50.2654,PENDING_AG03,FALSE,NOT_FOR_ENFORCEMENT,-59.1812,6644.9545,-61.6471,-59.1812,-2.4659,-0.00791909,-0.00760233,-2.4659,-59.1812,-0.00760233,-2.4659,-2.4659,-2.4659,-2.4659,-2.4659,-59.1812,-0.00760233,-12.3294,-11.3817,-49.3177,-50.2654,-0.00633527,-0.00645701,-0.00031676,24.6349,21.9045,-0.1951,-4.1098,-0.5012,518.9748,21.0667,24.6349,,18.3951,20.439,30.6585,40.8781,48.89,61.3171,20.439,0.0,2.391993,3.0,1.205286,27,74,26,2,1.00000000,-0.00791909,-0.00791909,0E-8,0.000000,0.889167,0.000000,,2026-07-11,2026-08-06,15,123,89,27,0.555556,,1.000000,3.333333,,,,,,,,GLOBAL_BASELINE_NO_ENTITY_RANKING,,,NOT_APPLICABLE_GLOBAL_BASELINE,HF9g-P5,,,,X 全窗基线 · 不参与实体赏罚,3926432,393,A168_HF9F_20260827_0900,2026-08-27 09:00:00
2026-07-31,152887380,752,0,12.2634182234,-12.2634182234,-12.2634182234,0E-7,1,1,0.49324550000000000,0.493245500000,-0.9865810262130424,-0.9865810262130424,-0.9865810262130424,0E-17,ELIGIBLE,R03b_20260811_FULL_v1,L1_ELIGIBILITY,v2026-08-11,2026-03-21..2026-08-06,baccarat_bet02_101_all_pairs_incl_sentinel,round_win = game_pnl > 0 (decisive only),COMPATIBILITY_ONLY_NOT_PRODUCTION,7784.6223,6921.8276,-61.6471,316,316,0.00791909,0.00791909,,0.00791909,61.6471,7784.6223,OK,0.0000,-2.4659,4.0000,96.0000,AG03-UNRESOLVED,ALL5_LEVELS_bet23_to_bet27,-2.4659,-2.4659,-2.4659,-2.4659,-2.4659,4.000000,4.000000,4.000000,4.000000,4.000000,96.000000,96.000000,96.000000,96.000000,96.000000,5.0,-12.3294,-11.3817,-49.3177,-50.2654,PENDING_AG03,FALSE,NOT_FOR_ENFORCEMENT,-59.1812,6644.9545,-61.6471,-59.1812,-2.4659,-0.00791909,-0.00760233,-2.4659,-59.1812,-0.00760233,-2.4659,-2.4659,-2.4659,-2.4659,-2.4659,-59.1812,-0.00760233,-12.3294,-11.3817,-49.3177,-50.2654,-0.00633527,-0.00645701,-0.00031676,24.6349,21.9045,-0.1951,-4.1098,-0.5012,518.9748,21.0667,24.6349,,18.3951,20.439,30.6585,40.8781,48.89,61.3171,20.439,0.0,2.391993,3.0,1.205286,27,74,26,2,1.00000000,-0.00791909,-0.00791909,0E-8,0.000000,0.889167,0.000000,,2026-07-11,2026-08-06,15,123,89,27,0.555556,,1.000000,3.333333,,,,,,,,GLOBAL_BASELINE_NO_ENTITY_RANKING,,,NOT_APPLICABLE_GLOBAL_BASELINE,HF9g-P5,,,,X 全窗基线 · 不参与实体赏罚,3926433,393,A168_HF9F_20260827_0900,2026-08-27 09:00:00
2026-07-31,152887380,970,0,150.6356538446,8.7887830602,8.7887830602,0.5000000,6,6,0.50218230000000000,0.502182300000,-0.01069114476356389,-0.01069114476356389,-0.01069114476356389,0E-17,ELIGIBLE,R03b_20260811_FULL_v1,L1_ELIGIBILITY,v2026-08-11,2026-03-21..2026-08-06,baccarat_bet02_101_all_pairs_incl_sentinel,round_win = game_pnl > 0 (decisive only),COMPATIBILITY_ONLY_NOT_PRODUCTION,7784.6223,6921.8276,-61.6471,316,316,0.00791909,0.00791909,,0.00791909,61.6471,7784.6223,OK,0.0000,-2.4659,4.0000,96.0000,AG03-UNRESOLVED,ALL5_LEVELS_bet23_to_bet27,-2.4659,-2.4659,-2.4659,-2.4659,-2.4659,4.000000,4.000000,4.000000,4.000000,4.000000,96.000000,96.000000,96.000000,96.000000,96.000000,5.0,-12.3294,-11.3817,-49.3177,-50.2654,PENDING_AG03,FALSE,NOT_FOR_ENFORCEMENT,-59.1812,6644.9545,-61.6471,-59.1812,-2.4659,-0.00791909,-0.00760233,-2.4659,-59.1812,-0.00760233,-2.4659,-2.4659,-2.4659,-2.4659,-2.4659,-59.1812,-0.00760233,-12.3294,-11.3817,-49.3177,-50.2654,-0.00633527,-0.00645701,-0.00031676,24.6349,21.9045,-0.1951,-4.1098,-0.5012,518.9748,21.0667,24.6349,,18.3951,20.439,30.6585,40.8781,48.89,61.3171,20.439,0.0,2.391993,3.0,1.205286,27,74,26,2,1.00000000,-0.00791909,-0.00791909,0E-8,0.000000,0.889167,0.000000,,2026-07-11,2026-08-06,15,123,89,27,0.555556,,1.000000,3.333333,,,,,,,,GLOBAL_BASELINE_NO_ENTITY_RANKING,,,NOT_APPLICABLE_GLOBAL_BASELINE,HF9g-P5,,,,X 全窗基线 · 不参与实体赏罚,3926434,393,A168_HF9F_20260827_0900,2026-08-27 09:00:00
2026-07-31,152887380,989,0,157.1761435638,61.3170911172,61.3170911172,0.6666667,10,10,0.49592654000000000,0.495926540000,1.024474758939988,1.024474758939988,1.024474758939988,0E-17,ELIGIBLE,R03b_20260811_FULL_v1,L1_ELIGIBILITY,v2026-08-11,2026-03-21..2026-08-06,baccarat_bet02_101_all_pairs_incl_sentinel,round_win = game_pnl > 0 (decisive only),COMPATIBILITY_ONLY_NOT_PRODUCTION,7784.6223,6921.8276,-61.6471,316,316,0.00791909,0.00791909,,0.00791909,61.6471,7784.6223,OK,0.0000,-2.4659,4.0000,96.0000,AG03-UNRESOLVED,ALL5_LEVELS_bet23_to_bet27,-2.4659,-2.4659,-2.4659,-2.4659,-2.4659,4.000000,4.000000,4.000000,4.000000,4.000000,96.000000,96.000000,96.000000,96.000000,96.000000,5.0,-12.3294,-11.3817,-49.3177,-50.2654,PENDING_AG03,FALSE,NOT_FOR_ENFORCEMENT,-59.1812,6644.9545,-61.6471,-59.1812,-2.4659,-0.00791909,-0.00760233,-2.4659,-59.1812,-0.00760233,-2.4659,-2.4659,-2.4659,-2.4659,-2.4659,-59.1812,-0.00760233,-12.3294,-11.3817,-49.3177,-50.2654,-0.00633527,-0.00645701,-0.00031676,24.6349,21.9045,-0.1951,-4.1098,-0.5012,518.9748,21.0667,24.6349,,18.3951,20.439,30.6585,40.8781,48.89,61.3171,20.439,0.0,2.391993,3.0,1.205286,27,74,26,2,1.00000000,-0.00791909,-0.00791909,0E-8,0.000000,0.889167,0.000000,,2026-07-11,2026-08-06,15,123,89,27,0.555556,,1.000000,3.333333,,,,,,,,GLOBAL_BASELINE_NO_ENTITY_RANKING,,,NOT_APPLICABLE_GLOBAL_BASELINE,HF9g-P5,,,,X 全窗基线 · 不参与实体赏罚,3926435,393,A168_HF9F_20260827_0900,2026-08-27 09:00:00
2026-07-31,152887380,994,0,273.2698360790,-18.7732493971,-18.7732493971,0.5000000,11,11,0.49690146363636364,0.496901463636,0.019597240950889116,0.019597240953189113,0.019597240950889116,3.6364E-13,ELIGIBLE,R03b_20260811_FULL_v1,L1_ELIGIBILITY,v2026-08-11,2026-03-21..2026-08-06,baccarat_bet02_101_all_pairs_incl_sentinel,round_win = game_pnl > 0 (decisive only),COMPATIBILITY_ONLY_NOT_PRODUCTION,7784.6223,6921.8276,-61.6471,316,316,0.00791909,0.00791909,,0.00791909,61.6471,7784.6223,OK,0.0000,-2.4659,4.0000,96.0000,AG03-UNRESOLVED,ALL5_LEVELS_bet23_to_bet27,-2.4659,-2.4659,-2.4659,-2.4659,-2.4659,4.000000,4.000000,4.000000,4.000000,4.000000,96.000000,96.000000,96.000000,96.000000,96.000000,5.0,-12.3294,-11.3817,-49.3177,-50.2654,PENDING_AG03,FALSE,NOT_FOR_ENFORCEMENT,-59.1812,6644.9545,-61.6471,-59.1812,-2.4659,-0.00791909,-0.00760233,-2.4659,-59.1812,-0.00760233,-2.4659,-2.4659,-2.4659,-2.4659,-2.4659,-59.1812,-0.00760233,-12.3294,-11.3817,-49.3177,-50.2654,-0.00633527,-0.00645701,-0.00031676,24.6349,21.9045,-0.1951,-4.1098,-0.5012,518.9748,21.0667,24.6349,,18.3951,20.439,30.6585,40.8781,48.89,61.3171,20.439,0.0,2.391993,3.0,1.205286,27,74,26,2,1.00000000,-0.00791909,-0.00791909,0E-8,0.000000,0.889167,0.000000,,2026-07-11,2026-08-06,15,123,89,27,0.555556,,1.000000,3.333333,,,,,,,,GLOBAL_BASELINE_NO_ENTITY_RANKING,,,NOT_APPLICABLE_GLOBAL_BASELINE,HF9g-P5,,,,X 全窗基线 · 不参与实体赏罚,3926436,393,A168_HF9F_20260827_0900,2026-08-27 09:00:00
2026-08-02,152887380,-1,1,161.6292225636,-80.8146112818,-80.8146112818,0.2500000,4,4,0.49994810000000000,0.499948100000,-0.9997924053861017,-0.9997924053861017,-0.9997924053861017,0E-17,SENTINEL_DEALER,R03b_20260811_FULL_v1,L1_ELIGIBILITY,v2026-08-11,2026-03-21..2026-08-06,baccarat_bet02_101_all_pairs_incl_sentinel,round_win = game_pnl > 0 (decisive only),COMPATIBILITY_ONLY_NOT_PRODUCTION,7784.6223,6921.8276,-61.6471,316,316,0.00791909,0.00791909,,0.00791909,61.6471,7784.6223,OK,0.0000,-2.4659,4.0000,96.0000,AG03-UNRESOLVED,ALL5_LEVELS_bet23_to_bet27,-2.4659,-2.4659,-2.4659,-2.4659,-2.4659,4.000000,4.000000,4.000000,4.000000,4.000000,96.000000,96.000000,96.000000,96.000000,96.000000,5.0,-12.3294,-11.3817,-49.3177,-50.2654,PENDING_AG03,FALSE,NOT_FOR_ENFORCEMENT,-59.1812,6644.9545,-61.6471,-59.1812,-2.4659,-0.00791909,-0.00760233,-2.4659,-59.1812,-0.00760233,-2.4659,-2.4659,-2.4659,-2.4659,-2.4659,-59.1812,-0.00760233,-12.3294,-11.3817,-49.3177,-50.2654,-0.00633527,-0.00645701,-0.00031676,24.6349,21.9045,-0.1951,-4.1098,-0.5012,518.9748,21.0667,24.6349,,18.3951,20.439,30.6585,40.8781,48.89,61.3171,20.439,0.0,2.391993,3.0,1.205286,27,74,26,2,1.00000000,-0.00791909,-0.00791909,0E-8,0.000000,0.889167,0.000000,,2026-07-11,2026-08-06,15,123,89,27,0.555556,,1.000000,3.333333,,,,,,,,GLOBAL_BASELINE_NO_ENTITY_RANKING,,,NOT_APPLICABLE_GLOBAL_BASELINE,HF9g-P5,,,,X 全窗基线 · 不参与实体赏罚,3926437,393,A168_HF9F_20260827_0900,2026-08-27 09:00:00
2026-08-02,152887380,2127,0,20.2036528204,-20.2036528204,-20.2036528204,0E-7,1,1,0.49324550000000000,0.493245500000,-0.9865810262130424,-0.9865810262130424,-0.9865810262130424,0E-17,ELIGIBLE,R03b_20260811_FULL_v1,L1_ELIGIBILITY,v2026-08-11,2026-03-21..2026-08-06,baccarat_bet02_101_all_pairs_incl_sentinel,round_win = game_pnl > 0 (decisive only),COMPATIBILITY_ONLY_NOT_PRODUCTION,7784.6223,6921.8276,-61.6471,316,316,0.00791909,0.00791909,,0.00791909,61.6471,7784.6223,OK,0.0000,-2.4659,4.0000,96.0000,AG03-UNRESOLVED,ALL5_LEVELS_bet23_to_bet27,-2.4659,-2.4659,-2.4659,-2.4659,-2.4659,4.000000,4.000000,4.000000,4.000000,4.000000,96.000000,96.000000,96.000000,96.000000,96.000000,5.0,-12.3294,-11.3817,-49.3177,-50.2654,PENDING_AG03,FALSE,NOT_FOR_ENFORCEMENT,-59.1812,6644.9545,-61.6471,-59.1812,-2.4659,-0.00791909,-0.00760233,-2.4659,-59.1812,-0.00760233,-2.4659,-2.4659,-2.4659,-2.4659,-2.4659,-59.1812,-0.00760233,-12.3294,-11.3817,-49.3177,-50.2654,-0.00633527,-0.00645701,-0.00031676,24.6349,21.9045,-0.1951,-4.1098,-0.5012,518.9748,21.0667,24.6349,,18.3951,20.439,30.6585,40.8781,48.89,61.3171,20.439,0.0,2.391993,3.0,1.205286,27,74,26,2,1.00000000,-0.00791909,-0.00791909,0E-8,0.000000,0.889167,0.000000,,2026-07-11,2026-08-06,15,123,89,27,0.555556,,1.000000,3.333333,,,,,,,,GLOBAL_BASELINE_NO_ENTITY_RANKING,,,NOT_APPLICABLE_GLOBAL_BASELINE,HF9g-P5,,,,X 全窗基线 · 不参与实体赏罚,3926438,393,A168_HF9F_20260827_0900,2026-08-27 09:00:00
2026-08-02,152887380,2196,0,40.4073056409,-40.4073056409,-40.4073056409,0E-7,1,1,0.49324550000000000,0.493245500000,-0.9865810262130424,-0.9865810262130424,-0.9865810262130424,0E-17,ELIGIBLE,R03b_20260811_FULL_v1,L1_ELIGIBILITY,v2026-08-11,2026-03-21..2026-08-06,baccarat_bet02_101_all_pairs_incl_sentinel,round_win = game_pnl > 0 (decisive only),COMPATIBILITY_ONLY_NOT_PRODUCTION,7784.6223,6921.8276,-61.6471,316,316,0.00791909,0.00791909,,0.00791909,61.6471,7784.6223,OK,0.0000,-2.4659,4.0000,96.0000,AG03-UNRESOLVED,ALL5_LEVELS_bet23_to_bet27,-2.4659,-2.4659,-2.4659,-2.4659,-2.4659,4.000000,4.000000,4.000000,4.000000,4.000000,96.000000,96.000000,96.000000,96.000000,96.000000,5.0,-12.3294,-11.3817,-49.3177,-50.2654,PENDING_AG03,FALSE,NOT_FOR_ENFORCEMENT,-59.1812,6644.9545,-61.6471,-59.1812,-2.4659,-0.00791909,-0.00760233,-2.4659,-59.1812,-0.00760233,-2.4659,-2.4659,-2.4659,-2.4659,-2.4659,-59.1812,-0.00760233,-12.3294,-11.3817,-49.3177,-50.2654,-0.00633527,-0.00645701,-0.00031676,24.6349,21.9045,-0.1951,-4.1098,-0.5012,518.9748,21.0667,24.6349,,18.3951,20.439,30.6585,40.8781,48.89,61.3171,20.439,0.0,2.391993,3.0,1.205286,27,74,26,2,1.00000000,-0.00791909,-0.00791909,0E-8,0.000000,0.889167,0.000000,,2026-07-11,2026-08-06,15,123,89,27,0.555556,,1.000000,3.333333,,,,,,,,GLOBAL_BASELINE_NO_ENTITY_RANKING,,,NOT_APPLICABLE_GLOBAL_BASELINE,HF9g-P5,,,,X 全窗基线 · 不参与实体赏罚,3926439,393,A168_HF9F_20260827_0900,2026-08-27 09:00:00
2026-08-05,152887380,-1,1,181.8328753837,-40.4073056407,-40.4073056407,0.2500000,6,6,0.49771390000000000,0.497713900000,-0.9908659570869067,-0.9908659570869068,-0.9908659570869067,0E-17,SENTINEL_DEALER,R03b_20260811_FULL_v1,L1_ELIGIBILITY,v2026-08-11,2026-03-21..2026-08-06,baccarat_bet02_101_all_pairs_incl_sentinel,round_win = game_pnl > 0 (decisive only),COMPATIBILITY_ONLY_NOT_PRODUCTION,7784.6223,6921.8276,-61.6471,316,316,0.00791909,0.00791909,,0.00791909,61.6471,7784.6223,OK,0.0000,-2.4659,4.0000,96.0000,AG03-UNRESOLVED,ALL5_LEVELS_bet23_to_bet27,-2.4659,-2.4659,-2.4659,-2.4659,-2.4659,4.000000,4.000000,4.000000,4.000000,4.000000,96.000000,96.000000,96.000000,96.000000,96.000000,5.0,-12.3294,-11.3817,-49.3177,-50.2654,PENDING_AG03,FALSE,NOT_FOR_ENFORCEMENT,-59.1812,6644.9545,-61.6471,-59.1812,-2.4659,-0.00791909,-0.00760233,-2.4659,-59.1812,-0.00760233,-2.4659,-2.4659,-2.4659,-2.4659,-2.4659,-59.1812,-0.00760233,-12.3294,-11.3817,-49.3177,-50.2654,-0.00633527,-0.00645701,-0.00031676,24.6349,21.9045,-0.1951,-4.1098,-0.5012,518.9748,21.0667,24.6349,,18.3951,20.439,30.6585,40.8781,48.89,61.3171,20.439,0.0,2.391993,3.0,1.205286,27,74,26,2,1.00000000,-0.00791909,-0.00791909,0E-8,0.000000,0.889167,0.000000,,2026-07-11,2026-08-06,15,123,89,27,0.555556,,1.000000,3.333333,,,,,,,,GLOBAL_BASELINE_NO_ENTITY_RANKING,,,NOT_APPLICABLE_GLOBAL_BASELINE,HF9g-P5,,,,X 全窗基线 · 不参与实体赏罚,3926440,393,A168_HF9F_20260827_0900,2026-08-27 09:00:00
2026-08-05,152887380,1205,0,40.4073056409,40.4073056409,40.4073056409,1.0000000,1,1,0.49324550000000000,0.493245500000,1.01360149184955,1.01360149184955,1.01360149184955,0E-17,ELIGIBLE,R03b_20260811_FULL_v1,L1_ELIGIBILITY,v2026-08-11,2026-03-21..2026-08-06,baccarat_bet02_101_all_pairs_incl_sentinel,round_win = game_pnl > 0 (decisive only),COMPATIBILITY_ONLY_NOT_PRODUCTION,7784.6223,6921.8276,-61.6471,316,316,0.00791909,0.00791909,,0.00791909,61.6471,7784.6223,OK,0.0000,-2.4659,4.0000,96.0000,AG03-UNRESOLVED,ALL5_LEVELS_bet23_to_bet27,-2.4659,-2.4659,-2.4659,-2.4659,-2.4659,4.000000,4.000000,4.000000,4.000000,4.000000,96.000000,96.000000,96.000000,96.000000,96.000000,5.0,-12.3294,-11.3817,-49.3177,-50.2654,PENDING_AG03,FALSE,NOT_FOR_ENFORCEMENT,-59.1812,6644.9545,-61.6471,-59.1812,-2.4659,-0.00791909,-0.00760233,-2.4659,-59.1812,-0.00760233,-2.4659,-2.4659,-2.4659,-2.4659,-2.4659,-59.1812,-0.00760233,-12.3294,-11.3817,-49.3177,-50.2654,-0.00633527,-0.00645701,-0.00031676,24.6349,21.9045,-0.1951,-4.1098,-0.5012,518.9748,21.0667,24.6349,,18.3951,20.439,30.6585,40.8781,48.89,61.3171,20.439,0.0,2.391993,3.0,1.205286,27,74,26,2,1.00000000,-0.00791909,-0.00791909,0E-8,0.000000,0.889167,0.000000,,2026-07-11,2026-08-06,15,123,89,27,0.555556,,1.000000,3.333333,,,,,,,,GLOBAL_BASELINE_NO_ENTITY_RANKING,,,NOT_APPLICABLE_GLOBAL_BASELINE,HF9g-P5,,,,X 全窗基线 · 不参与实体赏罚,3926441,393,A168_HF9F_20260827_0900,2026-08-27 09:00:00
2026-08-05,152887380,1963,0,40.4073056409,-40.4073056409,-40.4073056409,0E-7,1,1,0.50665070000000000,0.506650700000,-1.013391052207602,-1.013391052207602,-1.013391052207602,0E-17,ELIGIBLE,R03b_20260811_FULL_v1,L1_ELIGIBILITY,v2026-08-11,2026-03-21..2026-08-06,baccarat_bet02_101_all_pairs_incl_sentinel,round_win = game_pnl > 0 (decisive only),COMPATIBILITY_ONLY_NOT_PRODUCTION,7784.6223,6921.8276,-61.6471,316,316,0.00791909,0.00791909,,0.00791909,61.6471,7784.6223,OK,0.0000,-2.4659,4.0000,96.0000,AG03-UNRESOLVED,ALL5_LEVELS_bet23_to_bet27,-2.4659,-2.4659,-2.4659,-2.4659,-2.4659,4.000000,4.000000,4.000000,4.000000,4.000000,96.000000,96.000000,96.000000,96.000000,96.000000,5.0,-12.3294,-11.3817,-49.3177,-50.2654,PENDING_AG03,FALSE,NOT_FOR_ENFORCEMENT,-59.1812,6644.9545,-61.6471,-59.1812,-2.4659,-0.00791909,-0.00760233,-2.4659,-59.1812,-0.00760233,-2.4659,-2.4659,-2.4659,-2.4659,-2.4659,-59.1812,-0.00760233,-12.3294,-11.3817,-49.3177,-50.2654,-0.00633527,-0.00645701,-0.00031676,24.6349,21.9045,-0.1951,-4.1098,-0.5012,518.9748,21.0667,24.6349,,18.3951,20.439,30.6585,40.8781,48.89,61.3171,20.439,0.0,2.391993,3.0,1.205286,27,74,26,2,1.00000000,-0.00791909,-0.00791909,0E-8,0.000000,0.889167,0.000000,,2026-07-11,2026-08-06,15,123,89,27,0.555556,,1.000000,3.333333,,,,,,,,GLOBAL_BASELINE_NO_ENTITY_RANKING,,,NOT_APPLICABLE_GLOBAL_BASELINE,HF9g-P5,,,,X 全窗基线 · 不参与实体赏罚,3926442,393,A168_HF9F_20260827_0900,2026-08-27 09:00:00
2026-08-05,152887380,2101,0,30.3054792306,-30.3054792306,-30.3054792306,0E-7,1,1,0.50665070000000000,0.506650700000,-1.013391052207602,-1.013391052207602,-1.013391052207602,0E-17,ELIGIBLE,R03b_20260811_FULL_v1,L1_ELIGIBILITY,v2026-08-11,2026-03-21..2026-08-06,baccarat_bet02_101_all_pairs_incl_sentinel,round_win = game_pnl > 0 (decisive only),COMPATIBILITY_ONLY_NOT_PRODUCTION,7784.6223,6921.8276,-61.6471,316,316,0.00791909,0.00791909,,0.00791909,61.6471,7784.6223,OK,0.0000,-2.4659,4.0000,96.0000,AG03-UNRESOLVED,ALL5_LEVELS_bet23_to_bet27,-2.4659,-2.4659,-2.4659,-2.4659,-2.4659,4.000000,4.000000,4.000000,4.000000,4.000000,96.000000,96.000000,96.000000,96.000000,96.000000,5.0,-12.3294,-11.3817,-49.3177,-50.2654,PENDING_AG03,FALSE,NOT_FOR_ENFORCEMENT,-59.1812,6644.9545,-61.6471,-59.1812,-2.4659,-0.00791909,-0.00760233,-2.4659,-59.1812,-0.00760233,-2.4659,-2.4659,-2.4659,-2.4659,-2.4659,-59.1812,-0.00760233,-12.3294,-11.3817,-49.3177,-50.2654,-0.00633527,-0.00645701,-0.00031676,24.6349,21.9045,-0.1951,-4.1098,-0.5012,518.9748,21.0667,24.6349,,18.3951,20.439,30.6585,40.8781,48.89,61.3171,20.439,0.0,2.391993,3.0,1.205286,27,74,26,2,1.00000000,-0.00791909,-0.00791909,0E-8,0.000000,0.889167,0.000000,,2026-07-11,2026-08-06,15,123,89,27,0.555556,,1.000000,3.333333,,,,,,,,GLOBAL_BASELINE_NO_ENTITY_RANKING,,,NOT_APPLICABLE_GLOBAL_BASELINE,HF9g-P5,,,,X 全窗基线 · 不参与实体赏罚,3926443,393,A168_HF9F_20260827_0900,2026-08-27 09:00:00
2026-08-05,152887380,2115,0,199.0059802812,20.2036528204,20.2036528204,0.4000000,6,6,0.49771390000000000,0.497713900000,-0.4369944132040151,-0.436994413204015,-0.4369944132040151,0E-17,ELIGIBLE,R03b_20260811_FULL_v1,L1_ELIGIBILITY,v2026-08-11,2026-03-21..2026-08-06,baccarat_bet02_101_all_pairs_incl_sentinel,round_win = game_pnl > 0 (decisive only),COMPATIBILITY_ONLY_NOT_PRODUCTION,7784.6223,6921.8276,-61.6471,316,316,0.00791909,0.00791909,,0.00791909,61.6471,7784.6223,OK,0.0000,-2.4659,4.0000,96.0000,AG03-UNRESOLVED,ALL5_LEVELS_bet23_to_bet27,-2.4659,-2.4659,-2.4659,-2.4659,-2.4659,4.000000,4.000000,4.000000,4.000000,4.000000,96.000000,96.000000,96.000000,96.000000,96.000000,5.0,-12.3294,-11.3817,-49.3177,-50.2654,PENDING_AG03,FALSE,NOT_FOR_ENFORCEMENT,-59.1812,6644.9545,-61.6471,-59.1812,-2.4659,-0.00791909,-0.00760233,-2.4659,-59.1812,-0.00760233,-2.4659,-2.4659,-2.4659,-2.4659,-2.4659,-59.1812,-0.00760233,-12.3294,-11.3817,-49.3177,-50.2654,-0.00633527,-0.00645701,-0.00031676,24.6349,21.9045,-0.1951,-4.1098,-0.5012,518.9748,21.0667,24.6349,,18.3951,20.439,30.6585,40.8781,48.89,61.3171,20.439,0.0,2.391993,3.0,1.205286,27,74,26,2,1.00000000,-0.00791909,-0.00791909,0E-8,0.000000,0.889167,0.000000,,2026-07-11,2026-08-06,15,123,89,27,0.555556,,1.000000,3.333333,,,,,,,,GLOBAL_BASELINE_NO_ENTITY_RANKING,,,NOT_APPLICABLE_GLOBAL_BASELINE,HF9g-P5,,,,X 全窗基线 · 不参与实体赏罚,3926444,393,A168_HF9F_20260827_0900,2026-08-27 09:00:00
2026-08-05,152887380,2155,0,40.4073056409,0E-10,0E-10,,1,1,0.50665070000000000,0.506650700000,,,,0E-17,NO_DECISIVE_ROUND,R03b_20260811_FULL_v1,L1_ELIGIBILITY,v2026-08-11,2026-03-21..2026-08-06,baccarat_bet02_101_all_pairs_incl_sentinel,round_win = game_pnl > 0 (decisive only),COMPATIBILITY_ONLY_NOT_PRODUCTION,7784.6223,6921.8276,-61.6471,316,316,0.00791909,0.00791909,,0.00791909,61.6471,7784.6223,OK,0.0000,-2.4659,4.0000,96.0000,AG03-UNRESOLVED,ALL5_LEVELS_bet23_to_bet27,-2.4659,-2.4659,-2.4659,-2.4659,-2.4659,4.000000,4.000000,4.000000,4.000000,4.000000,96.000000,96.000000,96.000000,96.000000,96.000000,5.0,-12.3294,-11.3817,-49.3177,-50.2654,PENDING_AG03,FALSE,NOT_FOR_ENFORCEMENT,-59.1812,6644.9545,-61.6471,-59.1812,-2.4659,-0.00791909,-0.00760233,-2.4659,-59.1812,-0.00760233,-2.4659,-2.4659,-2.4659,-2.4659,-2.4659,-59.1812,-0.00760233,-12.3294,-11.3817,-49.3177,-50.2654,-0.00633527,-0.00645701,-0.00031676,24.6349,21.9045,-0.1951,-4.1098,-0.5012,518.9748,21.0667,24.6349,,18.3951,20.439,30.6585,40.8781,48.89,61.3171,20.439,0.0,2.391993,3.0,1.205286,27,74,26,2,1.00000000,-0.00791909,-0.00791909,0E-8,0.000000,0.889167,0.000000,,2026-07-11,2026-08-06,15,123,89,27,0.555556,,1.000000,3.333333,,,,,,,,GLOBAL_BASELINE_NO_ENTITY_RANKING,,,NOT_APPLICABLE_GLOBAL_BASELINE,HF9g-P5,,,,X 全窗基线 · 不参与实体赏罚,3926445,393,A168_HF9F_20260827_0900,2026-08-27 09:00:00
2026-08-05,152887380,2169,0,28.2851139486,-28.2851139486,-28.2851139486,0E-7,1,1,0.49324550000000000,0.493245500000,-0.9865810262130424,-0.9865810262130424,-0.9865810262130424,0E-17,ELIGIBLE,R03b_20260811_FULL_v1,L1_ELIGIBILITY,v2026-08-11,2026-03-21..2026-08-06,baccarat_bet02_101_all_pairs_incl_sentinel,round_win = game_pnl > 0 (decisive only),COMPATIBILITY_ONLY_NOT_PRODUCTION,7784.6223,6921.8276,-61.6471,316,316,0.00791909,0.00791909,,0.00791909,61.6471,7784.6223,OK,0.0000,-2.4659,4.0000,96.0000,AG03-UNRESOLVED,ALL5_LEVELS_bet23_to_bet27,-2.4659,-2.4659,-2.4659,-2.4659,-2.4659,4.000000,4.000000,4.000000,4.000000,4.000000,96.000000,96.000000,96.000000,96.000000,96.000000,5.0,-12.3294,-11.3817,-49.3177,-50.2654,PENDING_AG03,FALSE,NOT_FOR_ENFORCEMENT,-59.1812,6644.9545,-61.6471,-59.1812,-2.4659,-0.00791909,-0.00760233,-2.4659,-59.1812,-0.00760233,-2.4659,-2.4659,-2.4659,-2.4659,-2.4659,-59.1812,-0.00760233,-12.3294,-11.3817,-49.3177,-50.2654,-0.00633527,-0.00645701,-0.00031676,24.6349,21.9045,-0.1951,-4.1098,-0.5012,518.9748,21.0667,24.6349,,18.3951,20.439,30.6585,40.8781,48.89,61.3171,20.439,0.0,2.391993,3.0,1.205286,27,74,26,2,1.00000000,-0.00791909,-0.00791909,0E-8,0.000000,0.889167,0.000000,,2026-07-11,2026-08-06,15,123,89,27,0.555556,,1.000000,3.333333,,,,,,,,GLOBAL_BASELINE_NO_ENTITY_RANKING,,,NOT_APPLICABLE_GLOBAL_BASELINE,HF9g-P5,,,,X 全窗基线 · 不参与实体赏罚,3926446,393,A168_HF9F_20260827_0900,2026-08-27 09:00:00
2026-08-05,152887380,2196,0,274.9717148860,20.1026345564,20.1026345564,0.4444444,9,9,0.50069283333333333,0.500692833333,-0.33749065733668826,-0.337490657334688,-0.33749065733668826,3.3333E-13,ELIGIBLE,R03b_20260811_FULL_v1,L1_ELIGIBILITY,v2026-08-11,2026-03-21..2026-08-06,baccarat_bet02_101_all_pairs_incl_sentinel,round_win = game_pnl > 0 (decisive only),COMPATIBILITY_ONLY_NOT_PRODUCTION,7784.6223,6921.8276,-61.6471,316,316,0.00791909,0.00791909,,0.00791909,61.6471,7784.6223,OK,0.0000,-2.4659,4.0000,96.0000,AG03-UNRESOLVED,ALL5_LEVELS_bet23_to_bet27,-2.4659,-2.4659,-2.4659,-2.4659,-2.4659,4.000000,4.000000,4.000000,4.000000,4.000000,96.000000,96.000000,96.000000,96.000000,96.000000,5.0,-12.3294,-11.3817,-49.3177,-50.2654,PENDING_AG03,FALSE,NOT_FOR_ENFORCEMENT,-59.1812,6644.9545,-61.6471,-59.1812,-2.4659,-0.00791909,-0.00760233,-2.4659,-59.1812,-0.00760233,-2.4659,-2.4659,-2.4659,-2.4659,-2.4659,-59.1812,-0.00760233,-12.3294,-11.3817,-49.3177,-50.2654,-0.00633527,-0.00645701,-0.00031676,24.6349,21.9045,-0.1951,-4.1098,-0.5012,518.9748,21.0667,24.6349,,18.3951,20.439,30.6585,40.8781,48.89,61.3171,20.439,0.0,2.391993,3.0,1.205286,27,74,26,2,1.00000000,-0.00791909,-0.00791909,0E-8,0.000000,0.889167,0.000000,,2026-07-11,2026-08-06,15,123,89,27,0.555556,,1.000000,3.333333,,,,,,,,GLOBAL_BASELINE_NO_ENTITY_RANKING,,,NOT_APPLICABLE_GLOBAL_BASELINE,HF9g-P5,,,,X 全窗基线 · 不参与实体赏罚,3926447,393,A168_HF9F_20260827_0900,2026-08-27 09:00:00
2026-08-05,152887380,2267,0,30.3054792306,-30.3054792306,-30.3054792306,0E-7,1,1,0.49324550000000000,0.493245500000,-0.9865810262130424,-0.9865810262130424,-0.9865810262130424,0E-17,ELIGIBLE,R03b_20260811_FULL_v1,L1_ELIGIBILITY,v2026-08-11,2026-03-21..2026-08-06,baccarat_bet02_101_all_pairs_incl_sentinel,round_win = game_pnl > 0 (decisive only),COMPATIBILITY_ONLY_NOT_PRODUCTION,7784.6223,6921.8276,-61.6471,316,316,0.00791909,0.00791909,,0.00791909,61.6471,7784.6223,OK,0.0000,-2.4659,4.0000,96.0000,AG03-UNRESOLVED,ALL5_LEVELS_bet23_to_bet27,-2.4659,-2.4659,-2.4659,-2.4659,-2.4659,4.000000,4.000000,4.000000,4.000000,4.000000,96.000000,96.000000,96.000000,96.000000,96.000000,5.0,-12.3294,-11.3817,-49.3177,-50.2654,PENDING_AG03,FALSE,NOT_FOR_ENFORCEMENT,-59.1812,6644.9545,-61.6471,-59.1812,-2.4659,-0.00791909,-0.00760233,-2.4659,-59.1812,-0.00760233,-2.4659,-2.4659,-2.4659,-2.4659,-2.4659,-59.1812,-0.00760233,-12.3294,-11.3817,-49.3177,-50.2654,-0.00633527,-0.00645701,-0.00031676,24.6349,21.9045,-0.1951,-4.1098,-0.5012,518.9748,21.0667,24.6349,,18.3951,20.439,30.6585,40.8781,48.89,61.3171,20.439,0.0,2.391993,3.0,1.205286,27,74,26,2,1.00000000,-0.00791909,-0.00791909,0E-8,0.000000,0.889167,0.000000,,2026-07-11,2026-08-06,15,123,89,27,0.555556,,1.000000,3.333333,,,,,,,,GLOBAL_BASELINE_NO_ENTITY_RANKING,,,NOT_APPLICABLE_GLOBAL_BASELINE,HF9g-P5,,,,X 全窗基线 · 不参与实体赏罚,3926448,393,A168_HF9F_20260827_0900,2026-08-27 09:00:00
2026-08-06,152887380,-1,1,384.4755131729,-68.9651689026,-68.9651689026,0.5000000,14,14,0.49994810000000000,0.499948100000,0.0003595737495884018,0.0003595737495884018,0.0003595737495884018,0E-17,SENTINEL_DEALER,R03b_20260811_FULL_v1,L1_ELIGIBILITY,v2026-08-11,2026-03-21..2026-08-06,baccarat_bet02_101_all_pairs_incl_sentinel,round_win = game_pnl > 0 (decisive only),COMPATIBILITY_ONLY_NOT_PRODUCTION,7784.6223,6921.8276,-61.6471,316,316,0.00791909,0.00791909,,0.00791909,61.6471,7784.6223,OK,0.0000,-2.4659,4.0000,96.0000,AG03-UNRESOLVED,ALL5_LEVELS_bet23_to_bet27,-2.4659,-2.4659,-2.4659,-2.4659,-2.4659,4.000000,4.000000,4.000000,4.000000,4.000000,96.000000,96.000000,96.000000,96.000000,96.000000,5.0,-12.3294,-11.3817,-49.3177,-50.2654,PENDING_AG03,FALSE,NOT_FOR_ENFORCEMENT,-59.1812,6644.9545,-61.6471,-59.1812,-2.4659,-0.00791909,-0.00760233,-2.4659,-59.1812,-0.00760233,-2.4659,-2.4659,-2.4659,-2.4659,-2.4659,-59.1812,-0.00760233,-12.3294,-11.3817,-49.3177,-50.2654,-0.00633527,-0.00645701,-0.00031676,24.6349,21.9045,-0.1951,-4.1098,-0.5012,518.9748,21.0667,24.6349,,18.3951,20.439,30.6585,40.8781,48.89,61.3171,20.439,0.0,2.391993,3.0,1.205286,27,74,26,2,1.00000000,-0.00791909,-0.00791909,0E-8,0.000000,0.889167,0.000000,,2026-07-11,2026-08-06,15,123,89,27,0.555556,,1.000000,3.333333,,,,,,,,GLOBAL_BASELINE_NO_ENTITY_RANKING,,,NOT_APPLICABLE_GLOBAL_BASELINE,HF9g-P5,,,,X 全窗基线 · 不参与实体赏罚,3926449,393,A168_HF9F_20260827_0900,2026-08-27 09:00:00
2026-08-06,152887380,1094,0,123.2422822047,119.8076612252,119.8076612252,1.0000000,3,3,0.50218230000000000,0.502182300000,1.724507524396475,1.7245075243964754,1.724507524396475,0E-17,ELIGIBLE,R03b_20260811_FULL_v1,L1_ELIGIBILITY,v2026-08-11,2026-03-21..2026-08-06,baccarat_bet02_101_all_pairs_incl_sentinel,round_win = game_pnl > 0 (decisive only),COMPATIBILITY_ONLY_NOT_PRODUCTION,7784.6223,6921.8276,-61.6471,316,316,0.00791909,0.00791909,,0.00791909,61.6471,7784.6223,OK,0.0000,-2.4659,4.0000,96.0000,AG03-UNRESOLVED,ALL5_LEVELS_bet23_to_bet27,-2.4659,-2.4659,-2.4659,-2.4659,-2.4659,4.000000,4.000000,4.000000,4.000000,4.000000,96.000000,96.000000,96.000000,96.000000,96.000000,5.0,-12.3294,-11.3817,-49.3177,-50.2654,PENDING_AG03,FALSE,NOT_FOR_ENFORCEMENT,-59.1812,6644.9545,-61.6471,-59.1812,-2.4659,-0.00791909,-0.00760233,-2.4659,-59.1812,-0.00760233,-2.4659,-2.4659,-2.4659,-2.4659,-2.4659,-59.1812,-0.00760233,-12.3294,-11.3817,-49.3177,-50.2654,-0.00633527,-0.00645701,-0.00031676,24.6349,21.9045,-0.1951,-4.1098,-0.5012,518.9748,21.0667,24.6349,,18.3951,20.439,30.6585,40.8781,48.89,61.3171,20.439,0.0,2.391993,3.0,1.205286,27,74,26,2,1.00000000,-0.00791909,-0.00791909,0E-8,0.000000,0.889167,0.000000,,2026-07-11,2026-08-06,15,123,89,27,0.555556,,1.000000,3.333333,,,,,,,,GLOBAL_BASELINE_NO_ENTITY_RANKING,,,NOT_APPLICABLE_GLOBAL_BASELINE,HF9g-P5,,,,X 全窗基线 · 不参与实体赏罚,3926450,393,A168_HF9F_20260827_0900,2026-08-27 09:00:00
2026-08-06,152887380,1325,0,53.1356069178,53.1356069178,53.1356069178,1.0000000,2,2,0.49324550000000000,0.493245500000,1.4334489766152358,1.4334489766152358,1.4334489766152358,0E-17,ELIGIBLE,R03b_20260811_FULL_v1,L1_ELIGIBILITY,v2026-08-11,2026-03-21..2026-08-06,baccarat_bet02_101_all_pairs_incl_sentinel,round_win = game_pnl > 0 (decisive only),COMPATIBILITY_ONLY_NOT_PRODUCTION,7784.6223,6921.8276,-61.6471,316,316,0.00791909,0.00791909,,0.00791909,61.6471,7784.6223,OK,0.0000,-2.4659,4.0000,96.0000,AG03-UNRESOLVED,ALL5_LEVELS_bet23_to_bet27,-2.4659,-2.4659,-2.4659,-2.4659,-2.4659,4.000000,4.000000,4.000000,4.000000,4.000000,96.000000,96.000000,96.000000,96.000000,96.000000,5.0,-12.3294,-11.3817,-49.3177,-50.2654,PENDING_AG03,FALSE,NOT_FOR_ENFORCEMENT,-59.1812,6644.9545,-61.6471,-59.1812,-2.4659,-0.00791909,-0.00760233,-2.4659,-59.1812,-0.00760233,-2.4659,-2.4659,-2.4659,-2.4659,-2.4659,-59.1812,-0.00760233,-12.3294,-11.3817,-49.3177,-50.2654,-0.00633527,-0.00645701,-0.00031676,24.6349,21.9045,-0.1951,-4.1098,-0.5012,518.9748,21.0667,24.6349,,18.3951,20.439,30.6585,40.8781,48.89,61.3171,20.439,0.0,2.391993,3.0,1.205286,27,74,26,2,1.00000000,-0.00791909,-0.00791909,0E-8,0.000000,0.889167,0.000000,,2026-07-11,2026-08-06,15,123,89,27,0.555556,,1.000000,3.333333,,,,,,,,GLOBAL_BASELINE_NO_ENTITY_RANKING,,,NOT_APPLICABLE_GLOBAL_BASELINE,HF9g-P5,,,,X 全窗基线 · 不参与实体赏罚,3926451,393,A168_HF9F_20260827_0900,2026-08-27 09:00:00
2026-08-06,152887380,1383,0,15.7588491999,-15.7588491999,-15.7588491999,0E-7,1,1,0.50665070000000000,0.506650700000,-1.013391052207602,-1.013391052207602,-1.013391052207602,0E-17,ELIGIBLE,R03b_20260811_FULL_v1,L1_ELIGIBILITY,v2026-08-11,2026-03-21..2026-08-06,baccarat_bet02_101_all_pairs_incl_sentinel,round_win = game_pnl > 0 (decisive only),COMPATIBILITY_ONLY_NOT_PRODUCTION,7784.6223,6921.8276,-61.6471,316,316,0.00791909,0.00791909,,0.00791909,61.6471,7784.6223,OK,0.0000,-2.4659,4.0000,96.0000,AG03-UNRESOLVED,ALL5_LEVELS_bet23_to_bet27,-2.4659,-2.4659,-2.4659,-2.4659,-2.4659,4.000000,4.000000,4.000000,4.000000,4.000000,96.000000,96.000000,96.000000,96.000000,96.000000,5.0,-12.3294,-11.3817,-49.3177,-50.2654,PENDING_AG03,FALSE,NOT_FOR_ENFORCEMENT,-59.1812,6644.9545,-61.6471,-59.1812,-2.4659,-0.00791909,-0.00760233,-2.4659,-59.1812,-0.00760233,-2.4659,-2.4659,-2.4659,-2.4659,-2.4659,-59.1812,-0.00760233,-12.3294,-11.3817,-49.3177,-50.2654,-0.00633527,-0.00645701,-0.00031676,24.6349,21.9045,-0.1951,-4.1098,-0.5012,518.9748,21.0667,24.6349,,18.3951,20.439,30.6585,40.8781,48.89,61.3171,20.439,0.0,2.391993,3.0,1.205286,27,74,26,2,1.00000000,-0.00791909,-0.00791909,0E-8,0.000000,0.889167,0.000000,,2026-07-11,2026-08-06,15,123,89,27,0.555556,,1.000000,3.333333,,,,,,,,GLOBAL_BASELINE_NO_ENTITY_RANKING,,,NOT_APPLICABLE_GLOBAL_BASELINE,HF9g-P5,,,,X 全窗基线 · 不参与实体赏罚,3926452,393,A168_HF9F_20260827_0900,2026-08-27 09:00:00
2026-08-06,152887380,1399,0,21.4158719897,-21.4158719897,-21.4158719897,0E-7,1,1,0.50665070000000000,0.506650700000,-1.013391052207602,-1.013391052207602,-1.013391052207602,0E-17,ELIGIBLE,R03b_20260811_FULL_v1,L1_ELIGIBILITY,v2026-08-11,2026-03-21..2026-08-06,baccarat_bet02_101_all_pairs_incl_sentinel,round_win = game_pnl > 0 (decisive only),COMPATIBILITY_ONLY_NOT_PRODUCTION,7784.6223,6921.8276,-61.6471,316,316,0.00791909,0.00791909,,0.00791909,61.6471,7784.6223,OK,0.0000,-2.4659,4.0000,96.0000,AG03-UNRESOLVED,ALL5_LEVELS_bet23_to_bet27,-2.4659,-2.4659,-2.4659,-2.4659,-2.4659,4.000000,4.000000,4.000000,4.000000,4.000000,96.000000,96.000000,96.000000,96.000000,96.000000,5.0,-12.3294,-11.3817,-49.3177,-50.2654,PENDING_AG03,FALSE,NOT_FOR_ENFORCEMENT,-59.1812,6644.9545,-61.6471,-59.1812,-2.4659,-0.00791909,-0.00760233,-2.4659,-59.1812,-0.00760233,-2.4659,-2.4659,-2.4659,-2.4659,-2.4659,-59.1812,-0.00760233,-12.3294,-11.3817,-49.3177,-50.2654,-0.00633527,-0.00645701,-0.00031676,24.6349,21.9045,-0.1951,-4.1098,-0.5012,518.9748,21.0667,24.6349,,18.3951,20.439,30.6585,40.8781,48.89,61.3171,20.439,0.0,2.391993,3.0,1.205286,27,74,26,2,1.00000000,-0.00791909,-0.00791909,0E-8,0.000000,0.889167,0.000000,,2026-07-11,2026-08-06,15,123,89,27,0.555556,,1.000000,3.333333,,,,,,,,GLOBAL_BASELINE_NO_ENTITY_RANKING,,,NOT_APPLICABLE_GLOBAL_BASELINE,HF9g-P5,,,,X 全窗基线 · 不参与实体赏罚,3926453,393,A168_HF9F_20260827_0900,2026-08-27 09:00:00
2026-08-06,152887380,1507,0,40.4073056408,-1.0101826410,-1.0101826410,0.5000000,2,2,0.49994810000000000,0.499948100000,0.00014679536856514622,0.00014679536856514622,0.00014679536856514622,0E-17,ELIGIBLE,R03b_20260811_FULL_v1,L1_ELIGIBILITY,v2026-08-11,2026-03-21..2026-08-06,baccarat_bet02_101_all_pairs_incl_sentinel,round_win = game_pnl > 0 (decisive only),COMPATIBILITY_ONLY_NOT_PRODUCTION,7784.6223,6921.8276,-61.6471,316,316,0.00791909,0.00791909,,0.00791909,61.6471,7784.6223,OK,0.0000,-2.4659,4.0000,96.0000,AG03-UNRESOLVED,ALL5_LEVELS_bet23_to_bet27,-2.4659,-2.4659,-2.4659,-2.4659,-2.4659,4.000000,4.000000,4.000000,4.000000,4.000000,96.000000,96.000000,96.000000,96.000000,96.000000,5.0,-12.3294,-11.3817,-49.3177,-50.2654,PENDING_AG03,FALSE,NOT_FOR_ENFORCEMENT,-59.1812,6644.9545,-61.6471,-59.1812,-2.4659,-0.00791909,-0.00760233,-2.4659,-59.1812,-0.00760233,-2.4659,-2.4659,-2.4659,-2.4659,-2.4659,-59.1812,-0.00760233,-12.3294,-11.3817,-49.3177,-50.2654,-0.00633527,-0.00645701,-0.00031676,24.6349,21.9045,-0.1951,-4.1098,-0.5012,518.9748,21.0667,24.6349,,18.3951,20.439,30.6585,40.8781,48.89,61.3171,20.439,0.0,2.391993,3.0,1.205286,27,74,26,2,1.00000000,-0.00791909,-0.00791909,0E-8,0.000000,0.889167,0.000000,,2026-07-11,2026-08-06,15,123,89,27,0.555556,,1.000000,3.333333,,,,,,,,GLOBAL_BASELINE_NO_ENTITY_RANKING,,,NOT_APPLICABLE_GLOBAL_BASELINE,HF9g-P5,,,,X 全窗基线 · 不参与实体赏罚,3926454,393,A168_HF9F_20260827_0900,2026-08-27 09:00:00
2026-08-06,152887380,1646,0,20.2036528204,0E-10,0E-10,,1,1,0.49324550000000000,0.493245500000,,,,0E-17,NO_DECISIVE_ROUND,R03b_20260811_FULL_v1,L1_ELIGIBILITY,v2026-08-11,2026-03-21..2026-08-06,baccarat_bet02_101_all_pairs_incl_sentinel,round_win = game_pnl > 0 (decisive only),COMPATIBILITY_ONLY_NOT_PRODUCTION,7784.6223,6921.8276,-61.6471,316,316,0.00791909,0.00791909,,0.00791909,61.6471,7784.6223,OK,0.0000,-2.4659,4.0000,96.0000,AG03-UNRESOLVED,ALL5_LEVELS_bet23_to_bet27,-2.4659,-2.4659,-2.4659,-2.4659,-2.4659,4.000000,4.000000,4.000000,4.000000,4.000000,96.000000,96.000000,96.000000,96.000000,96.000000,5.0,-12.3294,-11.3817,-49.3177,-50.2654,PENDING_AG03,FALSE,NOT_FOR_ENFORCEMENT,-59.1812,6644.9545,-61.6471,-59.1812,-2.4659,-0.00791909,-0.00760233,-2.4659,-59.1812,-0.00760233,-2.4659,-2.4659,-2.4659,-2.4659,-2.4659,-59.1812,-0.00760233,-12.3294,-11.3817,-49.3177,-50.2654,-0.00633527,-0.00645701,-0.00031676,24.6349,21.9045,-0.1951,-4.1098,-0.5012,518.9748,21.0667,24.6349,,18.3951,20.439,30.6585,40.8781,48.89,61.3171,20.439,0.0,2.391993,3.0,1.205286,27,74,26,2,1.00000000,-0.00791909,-0.00791909,0E-8,0.000000,0.889167,0.000000,,2026-07-11,2026-08-06,15,123,89,27,0.555556,,1.000000,3.333333,,,,,,,,GLOBAL_BASELINE_NO_ENTITY_RANKING,,,NOT_APPLICABLE_GLOBAL_BASELINE,HF9g-P5,,,,X 全窗基线 · 不参与实体赏罚,3926455,393,A168_HF9F_20260827_0900,2026-08-27 09:00:00
2026-08-06,152887380,1710,0,20.2036528204,-20.2036528204,-20.2036528204,0E-7,1,1,0.50665070000000000,0.506650700000,-1.013391052207602,-1.013391052207602,-1.013391052207602,0E-17,ELIGIBLE,R03b_20260811_FULL_v1,L1_ELIGIBILITY,v2026-08-11,2026-03-21..2026-08-06,baccarat_bet02_101_all_pairs_incl_sentinel,round_win = game_pnl > 0 (decisive only),COMPATIBILITY_ONLY_NOT_PRODUCTION,7784.6223,6921.8276,-61.6471,316,316,0.00791909,0.00791909,,0.00791909,61.6471,7784.6223,OK,0.0000,-2.4659,4.0000,96.0000,AG03-UNRESOLVED,ALL5_LEVELS_bet23_to_bet27,-2.4659,-2.4659,-2.4659,-2.4659,-2.4659,4.000000,4.000000,4.000000,4.000000,4.000000,96.000000,96.000000,96.000000,96.000000,96.000000,5.0,-12.3294,-11.3817,-49.3177,-50.2654,PENDING_AG03,FALSE,NOT_FOR_ENFORCEMENT,-59.1812,6644.9545,-61.6471,-59.1812,-2.4659,-0.00791909,-0.00760233,-2.4659,-59.1812,-0.00760233,-2.4659,-2.4659,-2.4659,-2.4659,-2.4659,-59.1812,-0.00760233,-12.3294,-11.3817,-49.3177,-50.2654,-0.00633527,-0.00645701,-0.00031676,24.6349,21.9045,-0.1951,-4.1098,-0.5012,518.9748,21.0667,24.6349,,18.3951,20.439,30.6585,40.8781,48.89,61.3171,20.439,0.0,2.391993,3.0,1.205286,27,74,26,2,1.00000000,-0.00791909,-0.00791909,0E-8,0.000000,0.889167,0.000000,,2026-07-11,2026-08-06,15,123,89,27,0.555556,,1.000000,3.333333,,,,,,,,GLOBAL_BASELINE_NO_ENTITY_RANKING,,,NOT_APPLICABLE_GLOBAL_BASELINE,HF9g-P5,,,,X 全窗基线 · 不参与实体赏罚,3926456,393,A168_HF9F_20260827_0900,2026-08-27 09:00:00
2026-08-06,152887380,1963,0,37.3767577178,1.0101826410,1.0101826410,0.5000000,2,2,0.49994810000000000,0.499948100000,0.00014679536856514622,0.00014679536856514622,0.00014679536856514622,0E-17,ELIGIBLE,R03b_20260811_FULL_v1,L1_ELIGIBILITY,v2026-08-11,2026-03-21..2026-08-06,baccarat_bet02_101_all_pairs_incl_sentinel,round_win = game_pnl > 0 (decisive only),COMPATIBILITY_ONLY_NOT_PRODUCTION,7784.6223,6921.8276,-61.6471,316,316,0.00791909,0.00791909,,0.00791909,61.6471,7784.6223,OK,0.0000,-2.4659,4.0000,96.0000,AG03-UNRESOLVED,ALL5_LEVELS_bet23_to_bet27,-2.4659,-2.4659,-2.4659,-2.4659,-2.4659,4.000000,4.000000,4.000000,4.000000,4.000000,96.000000,96.000000,96.000000,96.000000,96.000000,5.0,-12.3294,-11.3817,-49.3177,-50.2654,PENDING_AG03,FALSE,NOT_FOR_ENFORCEMENT,-59.1812,6644.9545,-61.6471,-59.1812,-2.4659,-0.00791909,-0.00760233,-2.4659,-59.1812,-0.00760233,-2.4659,-2.4659,-2.4659,-2.4659,-2.4659,-59.1812,-0.00760233,-12.3294,-11.3817,-49.3177,-50.2654,-0.00633527,-0.00645701,-0.00031676,24.6349,21.9045,-0.1951,-4.1098,-0.5012,518.9748,21.0667,24.6349,,18.3951,20.439,30.6585,40.8781,48.89,61.3171,20.439,0.0,2.391993,3.0,1.205286,27,74,26,2,1.00000000,-0.00791909,-0.00791909,0E-8,0.000000,0.889167,0.000000,,2026-07-11,2026-08-06,15,123,89,27,0.555556,,1.000000,3.333333,,,,,,,,GLOBAL_BASELINE_NO_ENTITY_RANKING,,,NOT_APPLICABLE_GLOBAL_BASELINE,HF9g-P5,,,,X 全窗基线 · 不参与实体赏罚,3926457,393,A168_HF9F_20260827_0900,2026-08-27 09:00:00
2026-08-06,152887380,2121,0,20.2036528204,19.1934701794,19.1934701794,1.0000000,1,1,0.50665070000000000,0.506650700000,0.9867858985152569,0.9867858985152569,0.9867858985152569,0E-17,ELIGIBLE,R03b_20260811_FULL_v1,L1_ELIGIBILITY,v2026-08-11,2026-03-21..2026-08-06,baccarat_bet02_101_all_pairs_incl_sentinel,round_win = game_pnl > 0 (decisive only),COMPATIBILITY_ONLY_NOT_PRODUCTION,7784.6223,6921.8276,-61.6471,316,316,0.00791909,0.00791909,,0.00791909,61.6471,7784.6223,OK,0.0000,-2.4659,4.0000,96.0000,AG03-UNRESOLVED,ALL5_LEVELS_bet23_to_bet27,-2.4659,-2.4659,-2.4659,-2.4659,-2.4659,4.000000,4.000000,4.000000,4.000000,4.000000,96.000000,96.000000,96.000000,96.000000,96.000000,5.0,-12.3294,-11.3817,-49.3177,-50.2654,PENDING_AG03,FALSE,NOT_FOR_ENFORCEMENT,-59.1812,6644.9545,-61.6471,-59.1812,-2.4659,-0.00791909,-0.00760233,-2.4659,-59.1812,-0.00760233,-2.4659,-2.4659,-2.4659,-2.4659,-2.4659,-59.1812,-0.00760233,-12.3294,-11.3817,-49.3177,-50.2654,-0.00633527,-0.00645701,-0.00031676,24.6349,21.9045,-0.1951,-4.1098,-0.5012,518.9748,21.0667,24.6349,,18.3951,20.439,30.6585,40.8781,48.89,61.3171,20.439,0.0,2.391993,3.0,1.205286,27,74,26,2,1.00000000,-0.00791909,-0.00791909,0E-8,0.000000,0.889167,0.000000,,2026-07-11,2026-08-06,15,123,89,27,0.555556,,1.000000,3.333333,,,,,,,,GLOBAL_BASELINE_NO_ENTITY_RANKING,,,NOT_APPLICABLE_GLOBAL_BASELINE,HF9g-P5,,,,X 全窗基线 · 不参与实体赏罚,3926458,393,A168_HF9F_20260827_0900,2026-08-27 09:00:00
2026-08-06,152887380,2123,0,20.2036528204,-20.2036528204,-20.2036528204,0E-7,1,1,0.50665070000000000,0.506650700000,-1.013391052207602,-1.013391052207602,-1.013391052207602,0E-17,ELIGIBLE,R03b_20260811_FULL_v1,L1_ELIGIBILITY,v2026-08-11,2026-03-21..2026-08-06,baccarat_bet02_101_all_pairs_incl_sentinel,round_win = game_pnl > 0 (decisive only),COMPATIBILITY_ONLY_NOT_PRODUCTION,7784.6223,6921.8276,-61.6471,316,316,0.00791909,0.00791909,,0.00791909,61.6471,7784.6223,OK,0.0000,-2.4659,4.0000,96.0000,AG03-UNRESOLVED,ALL5_LEVELS_bet23_to_bet27,-2.4659,-2.4659,-2.4659,-2.4659,-2.4659,4.000000,4.000000,4.000000,4.000000,4.000000,96.000000,96.000000,96.000000,96.000000,96.000000,5.0,-12.3294,-11.3817,-49.3177,-50.2654,PENDING_AG03,FALSE,NOT_FOR_ENFORCEMENT,-59.1812,6644.9545,-61.6471,-59.1812,-2.4659,-0.00791909,-0.00760233,-2.4659,-59.1812,-0.00760233,-2.4659,-2.4659,-2.4659,-2.4659,-2.4659,-59.1812,-0.00760233,-12.3294,-11.3817,-49.3177,-50.2654,-0.00633527,-0.00645701,-0.00031676,24.6349,21.9045,-0.1951,-4.1098,-0.5012,518.9748,21.0667,24.6349,,18.3951,20.439,30.6585,40.8781,48.89,61.3171,20.439,0.0,2.391993,3.0,1.205286,27,74,26,2,1.00000000,-0.00791909,-0.00791909,0E-8,0.000000,0.889167,0.000000,,2026-07-11,2026-08-06,15,123,89,27,0.555556,,1.000000,3.333333,,,,,,,,GLOBAL_BASELINE_NO_ENTITY_RANKING,,,NOT_APPLICABLE_GLOBAL_BASELINE,HF9g-P5,,,,X 全窗基线 · 不参与实体赏罚,3926459,393,A168_HF9F_20260827_0900,2026-08-27 09:00:00
2026-08-06,152887380,2153,0,20.2036528204,-20.2036528204,-20.2036528204,0E-7,1,1,0.49324550000000000,0.493245500000,-0.9865810262130424,-0.9865810262130424,-0.9865810262130424,0E-17,ELIGIBLE,R03b_20260811_FULL_v1,L1_ELIGIBILITY,v2026-08-11,2026-03-21..2026-08-06,baccarat_bet02_101_all_pairs_incl_sentinel,round_win = game_pnl > 0 (decisive only),COMPATIBILITY_ONLY_NOT_PRODUCTION,7784.6223,6921.8276,-61.6471,316,316,0.00791909,0.00791909,,0.00791909,61.6471,7784.6223,OK,0.0000,-2.4659,4.0000,96.0000,AG03-UNRESOLVED,ALL5_LEVELS_bet23_to_bet27,-2.4659,-2.4659,-2.4659,-2.4659,-2.4659,4.000000,4.000000,4.000000,4.000000,4.000000,96.000000,96.000000,96.000000,96.000000,96.000000,5.0,-12.3294,-11.3817,-49.3177,-50.2654,PENDING_AG03,FALSE,NOT_FOR_ENFORCEMENT,-59.1812,6644.9545,-61.6471,-59.1812,-2.4659,-0.00791909,-0.00760233,-2.4659,-59.1812,-0.00760233,-2.4659,-2.4659,-2.4659,-2.4659,-2.4659,-59.1812,-0.00760233,-12.3294,-11.3817,-49.3177,-50.2654,-0.00633527,-0.00645701,-0.00031676,24.6349,21.9045,-0.1951,-4.1098,-0.5012,518.9748,21.0667,24.6349,,18.3951,20.439,30.6585,40.8781,48.89,61.3171,20.439,0.0,2.391993,3.0,1.205286,27,74,26,2,1.00000000,-0.00791909,-0.00791909,0E-8,0.000000,0.889167,0.000000,,2026-07-11,2026-08-06,15,123,89,27,0.555556,,1.000000,3.333333,,,,,,,,GLOBAL_BASELINE_NO_ENTITY_RANKING,,,NOT_APPLICABLE_GLOBAL_BASELINE,HF9g-P5,,,,X 全窗基线 · 不参与实体赏罚,3926460,393,A168_HF9F_20260827_0900,2026-08-27 09:00:00
2026-08-06,152887380,2156,0,117.1811863585,60.6109584613,60.6109584613,0.7500000,5,5,0.49860758000000000,0.498607580000,1.005573579286957,1.005573579286957,1.005573579286957,0E-17,ELIGIBLE,R03b_20260811_FULL_v1,L1_ELIGIBILITY,v2026-08-11,2026-03-21..2026-08-06,baccarat_bet02_101_all_pairs_incl_sentinel,round_win = game_pnl > 0 (decisive only),COMPATIBILITY_ONLY_NOT_PRODUCTION,7784.6223,6921.8276,-61.6471,316,316,0.00791909,0.00791909,,0.00791909,61.6471,7784.6223,OK,0.0000,-2.4659,4.0000,96.0000,AG03-UNRESOLVED,ALL5_LEVELS_bet23_to_bet27,-2.4659,-2.4659,-2.4659,-2.4659,-2.4659,4.000000,4.000000,4.000000,4.000000,4.000000,96.000000,96.000000,96.000000,96.000000,96.000000,5.0,-12.3294,-11.3817,-49.3177,-50.2654,PENDING_AG03,FALSE,NOT_FOR_ENFORCEMENT,-59.1812,6644.9545,-61.6471,-59.1812,-2.4659,-0.00791909,-0.00760233,-2.4659,-59.1812,-0.00760233,-2.4659,-2.4659,-2.4659,-2.4659,-2.4659,-59.1812,-0.00760233,-12.3294,-11.3817,-49.3177,-50.2654,-0.00633527,-0.00645701,-0.00031676,24.6349,21.9045,-0.1951,-4.1098,-0.5012,518.9748,21.0667,24.6349,,18.3951,20.439,30.6585,40.8781,48.89,61.3171,20.439,0.0,2.391993,3.0,1.205286,27,74,26,2,1.00000000,-0.00791909,-0.00791909,0E-8,0.000000,0.889167,0.000000,,2026-07-11,2026-08-06,15,123,89,27,0.555556,,1.000000,3.333333,,,,,,,,GLOBAL_BASELINE_NO_ENTITY_RANKING,,,NOT_APPLICABLE_GLOBAL_BASELINE,HF9g-P5,,,,X 全窗基线 · 不参与实体赏罚,3926461,393,A168_HF9F_20260827_0900,2026-08-27 09:00:00
2026-08-06,152887380,2167,0,73.9453693228,44.2459996767,44.2459996767,0.5000000,2,2,0.49994810000000000,0.499948100000,0.00014679536856514622,0.00014679536856514622,0.00014679536856514622,0E-17,ELIGIBLE,R03b_20260811_FULL_v1,L1_ELIGIBILITY,v2026-08-11,2026-03-21..2026-08-06,baccarat_bet02_101_all_pairs_incl_sentinel,round_win = game_pnl > 0 (decisive only),COMPATIBILITY_ONLY_NOT_PRODUCTION,7784.6223,6921.8276,-61.6471,316,316,0.00791909,0.00791909,,0.00791909,61.6471,7784.6223,OK,0.0000,-2.4659,4.0000,96.0000,AG03-UNRESOLVED,ALL5_LEVELS_bet23_to_bet27,-2.4659,-2.4659,-2.4659,-2.4659,-2.4659,4.000000,4.000000,4.000000,4.000000,4.000000,96.000000,96.000000,96.000000,96.000000,96.000000,5.0,-12.3294,-11.3817,-49.3177,-50.2654,PENDING_AG03,FALSE,NOT_FOR_ENFORCEMENT,-59.1812,6644.9545,-61.6471,-59.1812,-2.4659,-0.00791909,-0.00760233,-2.4659,-59.1812,-0.00760233,-2.4659,-2.4659,-2.4659,-2.4659,-2.4659,-59.1812,-0.00760233,-12.3294,-11.3817,-49.3177,-50.2654,-0.00633527,-0.00645701,-0.00031676,24.6349,21.9045,-0.1951,-4.1098,-0.5012,518.9748,21.0667,24.6349,,18.3951,20.439,30.6585,40.8781,48.89,61.3171,20.439,0.0,2.391993,3.0,1.205286,27,74,26,2,1.00000000,-0.00791909,-0.00791909,0E-8,0.000000,0.889167,0.000000,,2026-07-11,2026-08-06,15,123,89,27,0.555556,,1.000000,3.333333,,,,,,,,GLOBAL_BASELINE_NO_ENTITY_RANKING,,,NOT_APPLICABLE_GLOBAL_BASELINE,HF9g-P5,,,,X 全窗基线 · 不参与实体赏罚,3926462,393,A168_HF9F_20260827_0900,2026-08-27 09:00:00
2026-08-06,152887380,2188,0,10.3038629384,-10.3038629384,-10.3038629384,0E-7,1,1,0.50665070000000000,0.506650700000,-1.013391052207602,-1.013391052207602,-1.013391052207602,0E-17,ELIGIBLE,R03b_20260811_FULL_v1,L1_ELIGIBILITY,v2026-08-11,2026-03-21..2026-08-06,baccarat_bet02_101_all_pairs_incl_sentinel,round_win = game_pnl > 0 (decisive only),COMPATIBILITY_ONLY_NOT_PRODUCTION,7784.6223,6921.8276,-61.6471,316,316,0.00791909,0.00791909,,0.00791909,61.6471,7784.6223,OK,0.0000,-2.4659,4.0000,96.0000,AG03-UNRESOLVED,ALL5_LEVELS_bet23_to_bet27,-2.4659,-2.4659,-2.4659,-2.4659,-2.4659,4.000000,4.000000,4.000000,4.000000,4.000000,96.000000,96.000000,96.000000,96.000000,96.000000,5.0,-12.3294,-11.3817,-49.3177,-50.2654,PENDING_AG03,FALSE,NOT_FOR_ENFORCEMENT,-59.1812,6644.9545,-61.6471,-59.1812,-2.4659,-0.00791909,-0.00760233,-2.4659,-59.1812,-0.00760233,-2.4659,-2.4659,-2.4659,-2.4659,-2.4659,-59.1812,-0.00760233,-12.3294,-11.3817,-49.3177,-50.2654,-0.00633527,-0.00645701,-0.00031676,24.6349,21.9045,-0.1951,-4.1098,-0.5012,518.9748,21.0667,24.6349,,18.3951,20.439,30.6585,40.8781,48.89,61.3171,20.439,0.0,2.391993,3.0,1.205286,27,74,26,2,1.00000000,-0.00791909,-0.00791909,0E-8,0.000000,0.889167,0.000000,,2026-07-11,2026-08-06,15,123,89,27,0.555556,,1.000000,3.333333,,,,,,,,GLOBAL_BASELINE_NO_ENTITY_RANKING,,,NOT_APPLICABLE_GLOBAL_BASELINE,HF9g-P5,,,,X 全窗基线 · 不参与实体赏罚,3926463,393,A168_HF9F_20260827_0900,2026-08-27 09:00:00
2026-08-06,152887380,2196,0,236.3827379991,-39.3971229999,-39.3971229999,0.4285714,7,7,0.50473567142857143,0.504735671429,-0.403041368878626,-0.40304136888089725,-0.403041368878626,-4.2857E-13,ELIGIBLE,R03b_20260811_FULL_v1,L1_ELIGIBILITY,v2026-08-11,2026-03-21..2026-08-06,baccarat_bet02_101_all_pairs_incl_sentinel,round_win = game_pnl > 0 (decisive only),COMPATIBILITY_ONLY_NOT_PRODUCTION,7784.6223,6921.8276,-61.6471,316,316,0.00791909,0.00791909,,0.00791909,61.6471,7784.6223,OK,0.0000,-2.4659,4.0000,96.0000,AG03-UNRESOLVED,ALL5_LEVELS_bet23_to_bet27,-2.4659,-2.4659,-2.4659,-2.4659,-2.4659,4.000000,4.000000,4.000000,4.000000,4.000000,96.000000,96.000000,96.000000,96.000000,96.000000,5.0,-12.3294,-11.3817,-49.3177,-50.2654,PENDING_AG03,FALSE,NOT_FOR_ENFORCEMENT,-59.1812,6644.9545,-61.6471,-59.1812,-2.4659,-0.00791909,-0.00760233,-2.4659,-59.1812,-0.00760233,-2.4659,-2.4659,-2.4659,-2.4659,-2.4659,-59.1812,-0.00760233,-12.3294,-11.3817,-49.3177,-50.2654,-0.00633527,-0.00645701,-0.00031676,24.6349,21.9045,-0.1951,-4.1098,-0.5012,518.9748,21.0667,24.6349,,18.3951,20.439,30.6585,40.8781,48.89,61.3171,20.439,0.0,2.391993,3.0,1.205286,27,74,26,2,1.00000000,-0.00791909,-0.00791909,0E-8,0.000000,0.889167,0.000000,,2026-07-11,2026-08-06,15,123,89,27,0.555556,,1.000000,3.333333,,,,,,,,GLOBAL_BASELINE_NO_ENTITY_RANKING,,,NOT_APPLICABLE_GLOBAL_BASELINE,HF9g-P5,,,,X 全窗基线 · 不参与实体赏罚,3926464,393,A168_HF9F_20260827_0900,2026-08-27 09:00:00
2026-08-06,152887380,2266,0,40.4073056409,38.3869403588,38.3869403588,1.0000000,1,1,0.50665070000000000,0.506650700000,0.9867858985152569,0.9867858985152569,0.9867858985152569,0E-17,ELIGIBLE,R03b_20260811_FULL_v1,L1_ELIGIBILITY,v2026-08-11,2026-03-21..2026-08-06,baccarat_bet02_101_all_pairs_incl_sentinel,round_win = game_pnl > 0 (decisive only),COMPATIBILITY_ONLY_NOT_PRODUCTION,7784.6223,6921.8276,-61.6471,316,316,0.00791909,0.00791909,,0.00791909,61.6471,7784.6223,OK,0.0000,-2.4659,4.0000,96.0000,AG03-UNRESOLVED,ALL5_LEVELS_bet23_to_bet27,-2.4659,-2.4659,-2.4659,-2.4659,-2.4659,4.000000,4.000000,4.000000,4.000000,4.000000,96.000000,96.000000,96.000000,96.000000,96.000000,5.0,-12.3294,-11.3817,-49.3177,-50.2654,PENDING_AG03,FALSE,NOT_FOR_ENFORCEMENT,-59.1812,6644.9545,-61.6471,-59.1812,-2.4659,-0.00791909,-0.00760233,-2.4659,-59.1812,-0.00760233,-2.4659,-2.4659,-2.4659,-2.4659,-2.4659,-59.1812,-0.00760233,-12.3294,-11.3817,-49.3177,-50.2654,-0.00633527,-0.00645701,-0.00031676,24.6349,21.9045,-0.1951,-4.1098,-0.5012,518.9748,21.0667,24.6349,,18.3951,20.439,30.6585,40.8781,48.89,61.3171,20.439,0.0,2.391993,3.0,1.205286,27,74,26,2,1.00000000,-0.00791909,-0.00791909,0E-8,0.000000,0.889167,0.000000,,2026-07-11,2026-08-06,15,123,89,27,0.555556,,1.000000,3.333333,,,,,,,,GLOBAL_BASELINE_NO_ENTITY_RANKING,,,NOT_APPLICABLE_GLOBAL_BASELINE,HF9g-P5,,,,X 全窗基线 · 不参与实体赏罚,3926465,393,A168_HF9F_20260827_0900,2026-08-27 09:00:00
2026-08-06,152887380,2288,0,19.1934701794,-19.1934701794,-19.1934701794,0E-7,1,1,0.49324550000000000,0.493245500000,-0.9865810262130424,-0.9865810262130424,-0.9865810262130424,0E-17,ELIGIBLE,R03b_20260811_FULL_v1,L1_ELIGIBILITY,v2026-08-11,2026-03-21..2026-08-06,baccarat_bet02_101_all_pairs_incl_sentinel,round_win = game_pnl > 0 (decisive only),COMPATIBILITY_ONLY_NOT_PRODUCTION,7784.6223,6921.8276,-61.6471,316,316,0.00791909,0.00791909,,0.00791909,61.6471,7784.6223,OK,0.0000,-2.4659,4.0000,96.0000,AG03-UNRESOLVED,ALL5_LEVELS_bet23_to_bet27,-2.4659,-2.4659,-2.4659,-2.4659,-2.4659,4.000000,4.000000,4.000000,4.000000,4.000000,96.000000,96.000000,96.000000,96.000000,96.000000,5.0,-12.3294,-11.3817,-49.3177,-50.2654,PENDING_AG03,FALSE,NOT_FOR_ENFORCEMENT,-59.1812,6644.9545,-61.6471,-59.1812,-2.4659,-0.00791909,-0.00760233,-2.4659,-59.1812,-0.00760233,-2.4659,-2.4659,-2.4659,-2.4659,-2.4659,-59.1812,-0.00760233,-12.3294,-11.3817,-49.3177,-50.2654,-0.00633527,-0.00645701,-0.00031676,24.6349,21.9045,-0.1951,-4.1098,-0.5012,518.9748,21.0667,24.6349,,18.3951,20.439,30.6585,40.8781,48.89,61.3171,20.439,0.0,2.391993,3.0,1.205286,27,74,26,2,1.00000000,-0.00791909,-0.00791909,0E-8,0.000000,0.889167,0.000000,,2026-07-11,2026-08-06,15,123,89,27,0.555556,,1.000000,3.333333,,,,,,,,GLOBAL_BASELINE_NO_ENTITY_RANKING,,,NOT_APPLICABLE_GLOBAL_BASELINE,HF9g-P5,,,,X 全窗基线 · 不参与实体赏罚,3926466,393,A168_HF9F_20260827_0900,2026-08-27 09:00:00
2026-08-06,152887380,789,0,5.2529497333,4.9903022466,4.9903022466,1.0000000,1,1,0.50665070000000000,0.506650700000,0.9867858985152569,0.9867858985152569,0.9867858985152569,0E-17,ELIGIBLE,R03b_20260811_FULL_v1,L1_ELIGIBILITY,v2026-08-11,2026-03-21..2026-08-06,baccarat_bet02_101_all_pairs_incl_sentinel,round_win = game_pnl > 0 (decisive only),COMPATIBILITY_ONLY_NOT_PRODUCTION,7784.6223,6921.8276,-61.6471,316,316,0.00791909,0.00791909,,0.00791909,61.6471,7784.6223,OK,0.0000,-2.4659,4.0000,96.0000,AG03-UNRESOLVED,ALL5_LEVELS_bet23_to_bet27,-2.4659,-2.4659,-2.4659,-2.4659,-2.4659,4.000000,4.000000,4.000000,4.000000,4.000000,96.000000,96.000000,96.000000,96.000000,96.000000,5.0,-12.3294,-11.3817,-49.3177,-50.2654,PENDING_AG03,FALSE,NOT_FOR_ENFORCEMENT,-59.1812,6644.9545,-61.6471,-59.1812,-2.4659,-0.00791909,-0.00760233,-2.4659,-59.1812,-0.00760233,-2.4659,-2.4659,-2.4659,-2.4659,-2.4659,-59.1812,-0.00760233,-12.3294,-11.3817,-49.3177,-50.2654,-0.00633527,-0.00645701,-0.00031676,24.6349,21.9045,-0.1951,-4.1098,-0.5012,518.9748,21.0667,24.6349,,18.3951,20.439,30.6585,40.8781,48.89,61.3171,20.439,0.0,2.391993,3.0,1.205286,27,74,26,2,1.00000000,-0.00791909,-0.00791909,0E-8,0.000000,0.889167,0.000000,,2026-07-11,2026-08-06,15,123,89,27,0.555556,,1.000000,3.333333,,,,,,,,GLOBAL_BASELINE_NO_ENTITY_RANKING,,,NOT_APPLICABLE_GLOBAL_BASELINE,HF9g-P5,,,,X 全窗基线 · 不参与实体赏罚,3926467,393,A168_HF9F_20260827_0900,2026-08-27 09:00:00
2026-04-21,148307310,2169,0,104.7038190720,70.1515587783,70.1515587783,0.7777778,9,9,0.50218230000000000,0.502182300000,1.6535886169526313,1.6535886169526313,1.6535886169526313,0E-17,ELIGIBLE,R03b_20260811_FULL_v1,L1_ELIGIBILITY,v2026-08-11,2026-03-21..2026-08-06,baccarat_bet02_101_all_pairs_incl_sentinel,round_win = game_pnl > 0 (decisive only),COMPATIBILITY_ONLY_NOT_PRODUCTION,138.7326,138.7326,-61.6444,12,12,0.44433962,,0.44433962,0.44433962,61.6444,138.7326,THIN_EXPOSURE,0.0000,-2.4658,4.0000,96.0000,AG03-UNRESOLVED,ALL5_LEVELS_bet23_to_bet27,-2.4658,-2.4658,-2.4658,-3.0822,-3.0822,4.000000,4.000000,4.000000,5.000000,5.000000,96.000000,96.000000,96.000000,95.000000,95.000000,5.0,-13.5618,-12.4229,-48.0826,-49.2214,PENDING_AG03,FALSE,NOT_FOR_ENFORCEMENT,-59.1786,133.1833,-61.6444,-59.1786,-2.4658,-0.44433962,-0.42656604,-2.4658,-59.1786,-0.42656604,-2.4658,-2.4658,-2.4658,-3.0822,-3.0822,-59.1786,-0.42656604,-13.5618,-12.4229,-48.0826,-49.2214,-0.34658491,-0.35479374,-0.01777358,11.5610,11.5610,-5.1370,-61.6444,-61.6444,138.7326,12.0000,,11.5610,7.8528,10.4704,13.088,17.0144,24.8672,26.176,10.4704,7.4601,2.375,2.5,1.104167,1,2,1,2,0E-8,-0.44433962,,0E-8,0.000000,1.000000,0.000000,,2026-04-21,2026-04-21,1,1,1,1,1.000000,,,0.000000,,,,,,,,GLOBAL_BASELINE_NO_ENTITY_RANKING,,,NOT_APPLICABLE_GLOBAL_BASELINE,HF9g-P5,,,,X 全窗基线 · 不参与实体赏罚,3926468,393,A168_HF9F_20260827_0900,2026-08-27 09:00:00
2026-04-21,148307310,994,0,34.0287411984,-8.5071852996,-8.5071852996,0.3333333,3,3,0.49771390000000000,0.497713900000,-0.5694369385616226,-0.5694369385616226,-0.5694369385616226,0E-17,ELIGIBLE,R03b_20260811_FULL_v1,L1_ELIGIBILITY,v2026-08-11,2026-03-21..2026-08-06,baccarat_bet02_101_all_pairs_incl_sentinel,round_win = game_pnl > 0 (decisive only),COMPATIBILITY_ONLY_NOT_PRODUCTION,138.7326,138.7326,-61.6444,12,12,0.44433962,,0.44433962,0.44433962,61.6444,138.7326,THIN_EXPOSURE,0.0000,-2.4658,4.0000,96.0000,AG03-UNRESOLVED,ALL5_LEVELS_bet23_to_bet27,-2.4658,-2.4658,-2.4658,-3.0822,-3.0822,4.000000,4.000000,4.000000,5.000000,5.000000,96.000000,96.000000,96.000000,95.000000,95.000000,5.0,-13.5618,-12.4229,-48.0826,-49.2214,PENDING_AG03,FALSE,NOT_FOR_ENFORCEMENT,-59.1786,133.1833,-61.6444,-59.1786,-2.4658,-0.44433962,-0.42656604,-2.4658,-59.1786,-0.42656604,-2.4658,-2.4658,-2.4658,-3.0822,-3.0822,-59.1786,-0.42656604,-13.5618,-12.4229,-48.0826,-49.2214,-0.34658491,-0.35479374,-0.01777358,11.5610,11.5610,-5.1370,-61.6444,-61.6444,138.7326,12.0000,,11.5610,7.8528,10.4704,13.088,17.0144,24.8672,26.176,10.4704,7.4601,2.375,2.5,1.104167,1,2,1,2,0E-8,-0.44433962,,0E-8,0.000000,1.000000,0.000000,,2026-04-21,2026-04-21,1,1,1,1,1.000000,,,0.000000,,,,,,,,GLOBAL_BASELINE_NO_ENTITY_RANKING,,,NOT_APPLICABLE_GLOBAL_BASELINE,HF9g-P5,,,,X 全窗基线 · 不参与实体赏罚,3926469,393,A168_HF9F_20260827_0900,2026-08-27 09:00:00
2026-08-03,153796366,1331,0,128.4257570700,74.4869391004,74.4869391004,0.7500000,8,8,0.50162375000000000,0.501623750000,1.4050356542380409,1.4050356542380409,1.4050356542380409,0E-17,ELIGIBLE,R03b_20260811_FULL_v1,L1_ELIGIBILITY,v2026-08-11,2026-03-21..2026-08-06,baccarat_bet02_101_all_pairs_incl_sentinel,round_win = game_pnl > 0 (decisive only),COMPATIBILITY_ONLY_NOT_PRODUCTION,166.9535,166.9535,-61.6444,11,11,0.36923077,0.36923077,,0.36923077,61.6444,166.9535,THIN_EXPOSURE,0.0000,-2.4658,4.0000,96.0000,AG03-UNRESOLVED,ALL5_LEVELS_bet23_to_bet27,-2.4658,-2.4658,-2.4658,-2.4658,-2.4658,4.000000,4.000000,4.000000,4.000000,4.000000,96.000000,96.000000,96.000000,96.000000,96.000000,5.0,-12.3289,-11.3812,-49.3155,-50.2631,PENDING_AG03,FALSE,NOT_FOR_ENFORCEMENT,-59.1786,160.2753,-61.6444,-59.1786,-2.4658,-0.36923077,-0.35446154,-2.4658,-59.1786,-0.35446154,-2.4658,-2.4658,-2.4658,-2.4658,-2.4658,-59.1786,-0.35446154,-12.3289,-11.3812,-49.3155,-50.2631,-0.29538462,-0.30106069,-0.01476923,15.1776,15.1776,-5.6040,-61.6444,-61.6444,166.9535,11.0000,15.1776,,12.8426,12.8426,12.8426,25.6852,25.6852,25.6852,12.8426,12.2004,2.0,2.0,1.181818,1,2,1,2,1.00000000,-0.36923077,-0.36923077,0E-8,0.000000,1.000000,0.000000,,2026-08-03,2026-08-03,1,1,1,1,1.000000,,1.000000,3.333333,,,,,,,,GLOBAL_BASELINE_NO_ENTITY_RANKING,,,NOT_APPLICABLE_GLOBAL_BASELINE,HF9g-P5,,,,X 全窗基线 · 不参与实体赏罚,3926470,393,A168_HF9F_20260827_0900,2026-08-27 09:00:00
2026-08-03,153796366,1994,0,38.5277271210,-12.8425757070,-12.8425757070,0.3333333,3,3,0.49771390000000000,0.497713900000,-0.5694369385616226,-0.5694369385616226,-0.5694369385616226,0E-17,ELIGIBLE,R03b_20260811_FULL_v1,L1_ELIGIBILITY,v2026-08-11,2026-03-21..2026-08-06,baccarat_bet02_101_all_pairs_incl_sentinel,round_win = game_pnl > 0 (decisive only),COMPATIBILITY_ONLY_NOT_PRODUCTION,166.9535,166.9535,-61.6444,11,11,0.36923077,0.36923077,,0.36923077,61.6444,166.9535,THIN_EXPOSURE,0.0000,-2.4658,4.0000,96.0000,AG03-UNRESOLVED,ALL5_LEVELS_bet23_to_bet27,-2.4658,-2.4658,-2.4658,-2.4658,-2.4658,4.000000,4.000000,4.000000,4.000000,4.000000,96.000000,96.000000,96.000000,96.000000,96.000000,5.0,-12.3289,-11.3812,-49.3155,-50.2631,PENDING_AG03,FALSE,NOT_FOR_ENFORCEMENT,-59.1786,160.2753,-61.6444,-59.1786,-2.4658,-0.36923077,-0.35446154,-2.4658,-59.1786,-0.35446154,-2.4658,-2.4658,-2.4658,-2.4658,-2.4658,-59.1786,-0.35446154,-12.3289,-11.3812,-49.3155,-50.2631,-0.29538462,-0.30106069,-0.01476923,15.1776,15.1776,-5.6040,-61.6444,-61.6444,166.9535,11.0000,15.1776,,12.8426,12.8426,12.8426,25.6852,25.6852,25.6852,12.8426,12.2004,2.0,2.0,1.181818,1,2,1,2,1.00000000,-0.36923077,-0.36923077,0E-8,0.000000,1.000000,0.000000,,2026-08-03,2026-08-03,1,1,1,1,1.000000,,1.000000,3.333333,,,,,,,,GLOBAL_BASELINE_NO_ENTITY_RANKING,,,NOT_APPLICABLE_GLOBAL_BASELINE,HF9g-P5,,,,X 全窗基线 · 不参与实体赏罚,3926471,393,A168_HF9F_20260827_0900,2026-08-27 09:00:00
2026-04-07,148317011,2224,0,120.6711514804,-42.7976860456,-42.7976860456,0.4000000,6,5,0.49023473000000000,0.462764870000,-0.40361896637620964,-0.28147462071989887,-0.40361896637620964,0.02746986000000000,ELIGIBLE,R03b_20260811_FULL_v1,L1_ELIGIBILITY,v2026-08-11,2026-03-21..2026-08-06,baccarat_bet02_101_all_pairs_incl_sentinel,round_win = game_pnl > 0 (decisive only),COMPATIBILITY_ONLY_NOT_PRODUCTION,596.0265,556.7626,-61.6444,32,23,0.10342556,,0.10342556,0.10342556,61.6444,596.0265,OK,0.0000,-2.4658,4.0000,96.0000,AG03-UNRESOLVED,ALL5_LEVELS_bet23_to_bet27,-2.4658,-3.0822,-3.0822,-3.0822,-3.0822,4.000000,5.000000,5.000000,5.000000,5.000000,96.000000,95.000000,95.000000,95.000000,95.000000,5.0,-14.7946,-13.443,-46.8497,-48.2013,PENDING_AG03,FALSE,NOT_FOR_ENFORCEMENT,-59.1786,534.4921,-61.6444,-59.1786,-2.4658,-0.10342556,-0.09928854,-2.4658,-59.1786,-0.09928854,-2.4658,-3.0822,-3.0822,-3.0822,-3.0822,-59.1786,-0.09928854,-14.7946,-13.443,-46.8497,-48.2013,-0.07860343,-0.08087113,-0.00413702,18.6258,24.2071,-2.6802,-20.5481,-20.5481,198.6755,7.6667,,18.6258,5.2352,22.2496,26.176,35.7302,39.0022,39.2639,18.3232,-2.6176,1.752941,1.764706,0.837132,2,4,3,7,0E-8,-0.10342556,,0E-8,0.000000,0.934124,0.093750,,2026-04-07,2026-04-12,3,3,3,6,0.500000,,,0.000000,,,,,,,,GLOBAL_BASELINE_NO_ENTITY_RANKING,,,NOT_APPLICABLE_GLOBAL_BASELINE,HF9g-P5,,,,X 全窗基线 · 不参与实体赏罚,3926472,393,A168_HF9F_20260827_0900,2026-08-27 09:00:00
2026-04-10,148317011,1405,0,124.3357851478,52.3519095360,52.3519095360,0.7500000,4,4,0.49994810000000000,0.499948100000,1.0002076053883384,1.0002076053883384,1.0002076053883384,0E-17,ELIGIBLE,R03b_20260811_FULL_v1,L1_ELIGIBILITY,v2026-08-11,2026-03-21..2026-08-06,baccarat_bet02_101_all_pairs_incl_sentinel,round_win = game_pnl > 0 (decisive only),COMPATIBILITY_ONLY_NOT_PRODUCTION,596.0265,556.7626,-61.6444,32,23,0.10342556,,0.10342556,0.10342556,61.6444,596.0265,OK,0.0000,-2.4658,4.0000,96.0000,AG03-UNRESOLVED,ALL5_LEVELS_bet23_to_bet27,-2.4658,-3.0822,-3.0822,-3.0822,-3.0822,4.000000,5.000000,5.000000,5.000000,5.000000,96.000000,95.000000,95.000000,95.000000,95.000000,5.0,-14.7946,-13.443,-46.8497,-48.2013,PENDING_AG03,FALSE,NOT_FOR_ENFORCEMENT,-59.1786,534.4921,-61.6444,-59.1786,-2.4658,-0.10342556,-0.09928854,-2.4658,-59.1786,-0.09928854,-2.4658,-3.0822,-3.0822,-3.0822,-3.0822,-59.1786,-0.09928854,-14.7946,-13.443,-46.8497,-48.2013,-0.07860343,-0.08087113,-0.00413702,18.6258,24.2071,-2.6802,-20.5481,-20.5481,198.6755,7.6667,,18.6258,5.2352,22.2496,26.176,35.7302,39.0022,39.2639,18.3232,-2.6176,1.752941,1.764706,0.837132,2,4,3,7,0E-8,-0.10342556,,0E-8,0.000000,0.934124,0.093750,,2026-04-07,2026-04-12,3,3,3,6,0.500000,,,0.000000,,,,,,,,GLOBAL_BASELINE_NO_ENTITY_RANKING,,,NOT_APPLICABLE_GLOBAL_BASELINE,HF9g-P5,,,,X 全窗基线 · 不参与实体赏罚,3926473,393,A168_HF9F_20260827_0900,2026-08-27 09:00:00
2026-04-10,148317011,919,0,324.5818391229,78.5278643039,78.5278643039,0.5833333,21,13,0.43977824181208222,0.369490619231,1.001872296976589,1.5347498381871203,1.001872296976589,0.07028762258108222,ELIGIBLE,R03b_20260811_FULL_v1,L1_ELIGIBILITY,v2026-08-11,2026-03-21..2026-08-06,baccarat_bet02_101_all_pairs_incl_sentinel,round_win = game_pnl > 0 (decisive only),COMPATIBILITY_ONLY_NOT_PRODUCTION,596.0265,556.7626,-61.6444,32,23,0.10342556,,0.10342556,0.10342556,61.6444,596.0265,OK,0.0000,-2.4658,4.0000,96.0000,AG03-UNRESOLVED,ALL5_LEVELS_bet23_to_bet27,-2.4658,-3.0822,-3.0822,-3.0822,-3.0822,4.000000,5.000000,5.000000,5.000000,5.000000,96.000000,95.000000,95.000000,95.000000,95.000000,5.0,-14.7946,-13.443,-46.8497,-48.2013,PENDING_AG03,FALSE,NOT_FOR_ENFORCEMENT,-59.1786,534.4921,-61.6444,-59.1786,-2.4658,-0.10342556,-0.09928854,-2.4658,-59.1786,-0.09928854,-2.4658,-3.0822,-3.0822,-3.0822,-3.0822,-59.1786,-0.09928854,-14.7946,-13.443,-46.8497,-48.2013,-0.07860343,-0.08087113,-0.00413702,18.6258,24.2071,-2.6802,-20.5481,-20.5481,198.6755,7.6667,,18.6258,5.2352,22.2496,26.176,35.7302,39.0022,39.2639,18.3232,-2.6176,1.752941,1.764706,0.837132,2,4,3,7,0E-8,-0.10342556,,0E-8,0.000000,0.934124,0.093750,,2026-04-07,2026-04-12,3,3,3,6,0.500000,,,0.000000,,,,,,,,GLOBAL_BASELINE_NO_ENTITY_RANKING,,,NOT_APPLICABLE_GLOBAL_BASELINE,HF9g-P5,,,,X 全窗基线 · 不参与实体赏罚,3926474,393,A168_HF9F_20260827_0900,2026-08-27 09:00:00
2026-04-12,148317011,550,0,26.4377143156,-26.4377143156,-26.4377143156,0E-7,1,1,0.49324550000000000,0.493245500000,-0.9865810262130424,-0.9865810262130424,-0.9865810262130424,0E-17,ELIGIBLE,R03b_20260811_FULL_v1,L1_ELIGIBILITY,v2026-08-11,2026-03-21..2026-08-06,baccarat_bet02_101_all_pairs_incl_sentinel,round_win = game_pnl > 0 (decisive only),COMPATIBILITY_ONLY_NOT_PRODUCTION,596.0265,556.7626,-61.6444,32,23,0.10342556,,0.10342556,0.10342556,61.6444,596.0265,OK,0.0000,-2.4658,4.0000,96.0000,AG03-UNRESOLVED,ALL5_LEVELS_bet23_to_bet27,-2.4658,-3.0822,-3.0822,-3.0822,-3.0822,4.000000,5.000000,5.000000,5.000000,5.000000,96.000000,95.000000,95.000000,95.000000,95.000000,5.0,-14.7946,-13.443,-46.8497,-48.2013,PENDING_AG03,FALSE,NOT_FOR_ENFORCEMENT,-59.1786,534.4921,-61.6444,-59.1786,-2.4658,-0.10342556,-0.09928854,-2.4658,-59.1786,-0.09928854,-2.4658,-3.0822,-3.0822,-3.0822,-3.0822,-59.1786,-0.09928854,-14.7946,-13.443,-46.8497,-48.2013,-0.07860343,-0.08087113,-0.00413702,18.6258,24.2071,-2.6802,-20.5481,-20.5481,198.6755,7.6667,,18.6258,5.2352,22.2496,26.176,35.7302,39.0022,39.2639,18.3232,-2.6176,1.752941,1.764706,0.837132,2,4,3,7,0E-8,-0.10342556,,0E-8,0.000000,0.934124,0.093750,,2026-04-07,2026-04-12,3,3,3,6,0.500000,,,0.000000,,,,,,,,GLOBAL_BASELINE_NO_ENTITY_RANKING,,,NOT_APPLICABLE_GLOBAL_BASELINE,HF9g-P5,,,,X 全窗基线 · 不参与实体赏罚,3926475,393,A168_HF9F_20260827_0900,2026-08-27 09:00:00
2026-08-04,153812970,-1,1,3570.2360465459,-37.2434695502,-37.2434695502,0.5040000,138,138,0.49868529130434783,0.498685291304,0.11884091006485532,0.1188409100726333,0.11884091006485532,3.4783E-13,SENTINEL_DEALER,R03b_20260811_FULL_v1,L1_ELIGIBILITY,v2026-08-11,2026-03-21..2026-08-06,baccarat_bet02_101_all_pairs_incl_sentinel,round_win = game_pnl > 0 (decisive only),COMPATIBILITY_ONLY_NOT_PRODUCTION,8571.1350,7697.8399,-61.6444,328,328,0.00719209,0.00719209,,0.00719209,61.6444,8571.1350,OK,0.0000,-2.4658,4.0000,96.0000,AG03-UNRESOLVED,ALL5_LEVELS_bet23_to_bet27,-2.4658,-2.4658,-2.4658,-3.0822,-3.0822,4.000000,4.000000,4.000000,5.000000,5.000000,96.000000,96.000000,96.000000,95.000000,95.000000,5.0,-13.5618,-12.4229,-48.0826,-49.2214,PENDING_AG03,FALSE,NOT_FOR_ENFORCEMENT,-59.1786,7389.9263,-61.6444,-59.1786,-2.4658,-0.00719209,-0.00690441,-2.4658,-59.1786,-0.00690441,-2.4658,-2.4658,-2.4658,-3.0822,-3.0822,-59.1786,-0.00690441,-13.5618,-12.4229,-48.0826,-49.2214,-0.00560983,-0.0057427,-0.00028768,26.1315,23.4690,-0.1879,-61.6444,-1.1855,8571.1350,328.0000,26.1315,,25.6852,25.6852,25.6852,25.6852,25.6852,51.3703,25.6852,0.0,1.0,2.0,1.017378,29,33,1,2,1.00000000,-0.00719209,-0.00719209,0E-8,0.000000,0.898112,0.000000,,2026-08-04,2026-08-04,1,52,29,1,1.000000,,1.000000,3.333333,,,,,,,,GLOBAL_BASELINE_NO_ENTITY_RANKING,,,NOT_APPLICABLE_GLOBAL_BASELINE,HF9g-P5,,,,X 全窗基线 · 不参与实体赏罚,3926476,393,A168_HF9F_20260827_0900,2026-08-27 09:00:00
2026-08-04,153812970,1094,0,128.4257570700,24.4008938433,24.4008938433,0.6000000,5,5,0.49860758000000000,0.498607580000,0.4534424453485946,0.4534424453485946,0.4534424453485946,0E-17,ELIGIBLE,R03b_20260811_FULL_v1,L1_ELIGIBILITY,v2026-08-11,2026-03-21..2026-08-06,baccarat_bet02_101_all_pairs_incl_sentinel,round_win = game_pnl > 0 (decisive only),COMPATIBILITY_ONLY_NOT_PRODUCTION,8571.1350,7697.8399,-61.6444,328,328,0.00719209,0.00719209,,0.00719209,61.6444,8571.1350,OK,0.0000,-2.4658,4.0000,96.0000,AG03-UNRESOLVED,ALL5_LEVELS_bet23_to_bet27,-2.4658,-2.4658,-2.4658,-3.0822,-3.0822,4.000000,4.000000,4.000000,5.000000,5.000000,96.000000,96.000000,96.000000,95.000000,95.000000,5.0,-13.5618,-12.4229,-48.0826,-49.2214,PENDING_AG03,FALSE,NOT_FOR_ENFORCEMENT,-59.1786,7389.9263,-61.6444,-59.1786,-2.4658,-0.00719209,-0.00690441,-2.4658,-59.1786,-0.00690441,-2.4658,-2.4658,-2.4658,-3.0822,-3.0822,-59.1786,-0.00690441,-13.5618,-12.4229,-48.0826,-49.2214,-0.00560983,-0.0057427,-0.00028768,26.1315,23.4690,-0.1879,-61.6444,-1.1855,8571.1350,328.0000,26.1315,,25.6852,25.6852,25.6852,25.6852,25.6852,51.3703,25.6852,0.0,1.0,2.0,1.017378,29,33,1,2,1.00000000,-0.00719209,-0.00719209,0E-8,0.000000,0.898112,0.000000,,2026-08-04,2026-08-04,1,52,29,1,1.000000,,1.000000,3.333333,,,,,,,,GLOBAL_BASELINE_NO_ENTITY_RANKING,,,NOT_APPLICABLE_GLOBAL_BASELINE,HF9g-P5,,,,X 全窗基线 · 不参与实体赏罚,3926477,393,A168_HF9F_20260827_0900,2026-08-27 09:00:00
2026-08-04,153812970,1150,0,179.7960598980,-29.5379241261,-29.5379241261,0.4285714,7,7,0.50282064285714286,0.502820642857,-0.39289616391791987,-0.3928961639171632,-0.39289616391791987,1.4286E-13,ELIGIBLE,R03b_20260811_FULL_v1,L1_ELIGIBILITY,v2026-08-11,2026-03-21..2026-08-06,baccarat_bet02_101_all_pairs_incl_sentinel,round_win = game_pnl > 0 (decisive only),COMPATIBILITY_ONLY_NOT_PRODUCTION,8571.1350,7697.8399,-61.6444,328,328,0.00719209,0.00719209,,0.00719209,61.6444,8571.1350,OK,0.0000,-2.4658,4.0000,96.0000,AG03-UNRESOLVED,ALL5_LEVELS_bet23_to_bet27,-2.4658,-2.4658,-2.4658,-3.0822,-3.0822,4.000000,4.000000,4.000000,5.000000,5.000000,96.000000,96.000000,96.000000,95.000000,95.000000,5.0,-13.5618,-12.4229,-48.0826,-49.2214,PENDING_AG03,FALSE,NOT_FOR_ENFORCEMENT,-59.1786,7389.9263,-61.6444,-59.1786,-2.4658,-0.00719209,-0.00690441,-2.4658,-59.1786,-0.00690441,-2.4658,-2.4658,-2.4658,-3.0822,-3.0822,-59.1786,-0.00690441,-13.5618,-12.4229,-48.0826,-49.2214,-0.00560983,-0.0057427,-0.00028768,26.1315,23.4690,-0.1879,-61.6444,-1.1855,8571.1350,328.0000,26.1315,,25.6852,25.6852,25.6852,25.6852,25.6852,51.3703,25.6852,0.0,1.0,2.0,1.017378,29,33,1,2,1.00000000,-0.00719209,-0.00719209,0E-8,0.000000,0.898112,0.000000,,2026-08-04,2026-08-04,1,52,29,1,1.000000,,1.000000,3.333333,,,,,,,,GLOBAL_BASELINE_NO_ENTITY_RANKING,,,NOT_APPLICABLE_GLOBAL_BASELINE,HF9g-P5,,,,X 全窗基线 · 不参与实体赏罚,3926478,393,A168_HF9F_20260827_0900,2026-08-27 09:00:00
2026-08-04,153812970,1205,0,154.1109084839,-78.3397118126,-78.3397118126,0.2500000,5,5,0.49592654000000000,0.495926540000,-0.983738807048034,-0.983738807048034,-0.983738807048034,0E-17,ELIGIBLE,R03b_20260811_FULL_v1,L1_ELIGIBILITY,v2026-08-11,2026-03-21..2026-08-06,baccarat_bet02_101_all_pairs_incl_sentinel,round_win = game_pnl > 0 (decisive only),COMPATIBILITY_ONLY_NOT_PRODUCTION,8571.1350,7697.8399,-61.6444,328,328,0.00719209,0.00719209,,0.00719209,61.6444,8571.1350,OK,0.0000,-2.4658,4.0000,96.0000,AG03-UNRESOLVED,ALL5_LEVELS_bet23_to_bet27,-2.4658,-2.4658,-2.4658,-3.0822,-3.0822,4.000000,4.000000,4.000000,5.000000,5.000000,96.000000,96.000000,96.000000,95.000000,95.000000,5.0,-13.5618,-12.4229,-48.0826,-49.2214,PENDING_AG03,FALSE,NOT_FOR_ENFORCEMENT,-59.1786,7389.9263,-61.6444,-59.1786,-2.4658,-0.00719209,-0.00690441,-2.4658,-59.1786,-0.00690441,-2.4658,-2.4658,-2.4658,-3.0822,-3.0822,-59.1786,-0.00690441,-13.5618,-12.4229,-48.0826,-49.2214,-0.00560983,-0.0057427,-0.00028768,26.1315,23.4690,-0.1879,-61.6444,-1.1855,8571.1350,328.0000,26.1315,,25.6852,25.6852,25.6852,25.6852,25.6852,51.3703,25.6852,0.0,1.0,2.0,1.017378,29,33,1,2,1.00000000,-0.00719209,-0.00719209,0E-8,0.000000,0.898112,0.000000,,2026-08-04,2026-08-04,1,52,29,1,1.000000,,1.000000,3.333333,,,,,,,,GLOBAL_BASELINE_NO_ENTITY_RANKING,,,NOT_APPLICABLE_GLOBAL_BASELINE,HF9g-P5,,,,X 全窗基线 · 不参与实体赏罚,3926479,393,A168_HF9F_20260827_0900,2026-08-27 09:00:00
2026-08-04,153812970,1323,0,128.4257570700,-26.9694089847,-26.9694089847,0.4000000,5,5,0.50128862000000000,0.501288620000,-0.4529779837142727,-0.4529779837142727,-0.4529779837142727,0E-17,ELIGIBLE,R03b_20260811_FULL_v1,L1_ELIGIBILITY,v2026-08-11,2026-03-21..2026-08-06,baccarat_bet02_101_all_pairs_incl_sentinel,round_win = game_pnl > 0 (decisive only),COMPATIBILITY_ONLY_NOT_PRODUCTION,8571.1350,7697.8399,-61.6444,328,328,0.00719209,0.00719209,,0.00719209,61.6444,8571.1350,OK,0.0000,-2.4658,4.0000,96.0000,AG03-UNRESOLVED,ALL5_LEVELS_bet23_to_bet27,-2.4658,-2.4658,-2.4658,-3.0822,-3.0822,4.000000,4.000000,4.000000,5.000000,5.000000,96.000000,96.000000,96.000000,95.000000,95.000000,5.0,-13.5618,-12.4229,-48.0826,-49.2214,PENDING_AG03,FALSE,NOT_FOR_ENFORCEMENT,-59.1786,7389.9263,-61.6444,-59.1786,-2.4658,-0.00719209,-0.00690441,-2.4658,-59.1786,-0.00690441,-2.4658,-2.4658,-2.4658,-3.0822,-3.0822,-59.1786,-0.00690441,-13.5618,-12.4229,-48.0826,-49.2214,-0.00560983,-0.0057427,-0.00028768,26.1315,23.4690,-0.1879,-61.6444,-1.1855,8571.1350,328.0000,26.1315,,25.6852,25.6852,25.6852,25.6852,25.6852,51.3703,25.6852,0.0,1.0,2.0,1.017378,29,33,1,2,1.00000000,-0.00719209,-0.00719209,0E-8,0.000000,0.898112,0.000000,,2026-08-04,2026-08-04,1,52,29,1,1.000000,,1.000000,3.333333,,,,,,,,GLOBAL_BASELINE_NO_ENTITY_RANKING,,,NOT_APPLICABLE_GLOBAL_BASELINE,HF9g-P5,,,,X 全窗基线 · 不参与实体赏罚,3926480,393,A168_HF9F_20260827_0900,2026-08-27 09:00:00
2026-08-04,153812970,1382,0,128.4257570700,-1.2842575707,-1.2842575707,0.5000000,5,5,0.49860758000000000,0.498607580000,0.005569701597489473,0.005569701597489473,0.005569701597489473,0E-17,ELIGIBLE,R03b_20260811_FULL_v1,L1_ELIGIBILITY,v2026-08-11,2026-03-21..2026-08-06,baccarat_bet02_101_all_pairs_incl_sentinel,round_win = game_pnl > 0 (decisive only),COMPATIBILITY_ONLY_NOT_PRODUCTION,8571.1350,7697.8399,-61.6444,328,328,0.00719209,0.00719209,,0.00719209,61.6444,8571.1350,OK,0.0000,-2.4658,4.0000,96.0000,AG03-UNRESOLVED,ALL5_LEVELS_bet23_to_bet27,-2.4658,-2.4658,-2.4658,-3.0822,-3.0822,4.000000,4.000000,4.000000,5.000000,5.000000,96.000000,96.000000,96.000000,95.000000,95.000000,5.0,-13.5618,-12.4229,-48.0826,-49.2214,PENDING_AG03,FALSE,NOT_FOR_ENFORCEMENT,-59.1786,7389.9263,-61.6444,-59.1786,-2.4658,-0.00719209,-0.00690441,-2.4658,-59.1786,-0.00690441,-2.4658,-2.4658,-2.4658,-3.0822,-3.0822,-59.1786,-0.00690441,-13.5618,-12.4229,-48.0826,-49.2214,-0.00560983,-0.0057427,-0.00028768,26.1315,23.4690,-0.1879,-61.6444,-1.1855,8571.1350,328.0000,26.1315,,25.6852,25.6852,25.6852,25.6852,25.6852,51.3703,25.6852,0.0,1.0,2.0,1.017378,29,33,1,2,1.00000000,-0.00719209,-0.00719209,0E-8,0.000000,0.898112,0.000000,,2026-08-04,2026-08-04,1,52,29,1,1.000000,,1.000000,3.333333,,,,,,,,GLOBAL_BASELINE_NO_ENTITY_RANKING,,,NOT_APPLICABLE_GLOBAL_BASELINE,HF9g-P5,,,,X 全窗基线 · 不参与实体赏罚,3926481,393,A168_HF9F_20260827_0900,2026-08-27 09:00:00
2026-08-04,153812970,1384,0,128.4257570700,-26.9694089847,-26.9694089847,0.3333333,5,5,0.49860758000000000,0.498607580000,-0.5725290048997589,-0.5725290048997589,-0.5725290048997589,0E-17,ELIGIBLE,R03b_20260811_FULL_v1,L1_ELIGIBILITY,v2026-08-11,2026-03-21..2026-08-06,baccarat_bet02_101_all_pairs_incl_sentinel,round_win = game_pnl > 0 (decisive only),COMPATIBILITY_ONLY_NOT_PRODUCTION,8571.1350,7697.8399,-61.6444,328,328,0.00719209,0.00719209,,0.00719209,61.6444,8571.1350,OK,0.0000,-2.4658,4.0000,96.0000,AG03-UNRESOLVED,ALL5_LEVELS_bet23_to_bet27,-2.4658,-2.4658,-2.4658,-3.0822,-3.0822,4.000000,4.000000,4.000000,5.000000,5.000000,96.000000,96.000000,96.000000,95.000000,95.000000,5.0,-13.5618,-12.4229,-48.0826,-49.2214,PENDING_AG03,FALSE,NOT_FOR_ENFORCEMENT,-59.1786,7389.9263,-61.6444,-59.1786,-2.4658,-0.00719209,-0.00690441,-2.4658,-59.1786,-0.00690441,-2.4658,-2.4658,-2.4658,-3.0822,-3.0822,-59.1786,-0.00690441,-13.5618,-12.4229,-48.0826,-49.2214,-0.00560983,-0.0057427,-0.00028768,26.1315,23.4690,-0.1879,-61.6444,-1.1855,8571.1350,328.0000,26.1315,,25.6852,25.6852,25.6852,25.6852,25.6852,51.3703,25.6852,0.0,1.0,2.0,1.017378,29,33,1,2,1.00000000,-0.00719209,-0.00719209,0E-8,0.000000,0.898112,0.000000,,2026-08-04,2026-08-04,1,52,29,1,1.000000,,1.000000,3.333333,,,,,,,,GLOBAL_BASELINE_NO_ENTITY_RANKING,,,NOT_APPLICABLE_GLOBAL_BASELINE,HF9g-P5,,,,X 全窗基线 · 不参与实体赏罚,3926482,393,A168_HF9F_20260827_0900,2026-08-27 09:00:00
2026-08-04,153812970,1399,0,128.4257570700,23.1166362726,23.1166362726,0.6000000,5,5,0.49860758000000000,0.498607580000,0.4534424453485946,0.4534424453485946,0.4534424453485946,0E-17,ELIGIBLE,R03b_20260811_FULL_v1,L1_ELIGIBILITY,v2026-08-11,2026-03-21..2026-08-06,baccarat_bet02_101_all_pairs_incl_sentinel,round_win = game_pnl > 0 (decisive only),COMPATIBILITY_ONLY_NOT_PRODUCTION,8571.1350,7697.8399,-61.6444,328,328,0.00719209,0.00719209,,0.00719209,61.6444,8571.1350,OK,0.0000,-2.4658,4.0000,96.0000,AG03-UNRESOLVED,ALL5_LEVELS_bet23_to_bet27,-2.4658,-2.4658,-2.4658,-3.0822,-3.0822,4.000000,4.000000,4.000000,5.000000,5.000000,96.000000,96.000000,96.000000,95.000000,95.000000,5.0,-13.5618,-12.4229,-48.0826,-49.2214,PENDING_AG03,FALSE,NOT_FOR_ENFORCEMENT,-59.1786,7389.9263,-61.6444,-59.1786,-2.4658,-0.00719209,-0.00690441,-2.4658,-59.1786,-0.00690441,-2.4658,-2.4658,-2.4658,-3.0822,-3.0822,-59.1786,-0.00690441,-13.5618,-12.4229,-48.0826,-49.2214,-0.00560983,-0.0057427,-0.00028768,26.1315,23.4690,-0.1879,-61.6444,-1.1855,8571.1350,328.0000,26.1315,,25.6852,25.6852,25.6852,25.6852,25.6852,51.3703,25.6852,0.0,1.0,2.0,1.017378,29,33,1,2,1.00000000,-0.00719209,-0.00719209,0E-8,0.000000,0.898112,0.000000,,2026-08-04,2026-08-04,1,52,29,1,1.000000,,1.000000,3.333333,,,,,,,,GLOBAL_BASELINE_NO_ENTITY_RANKING,,,NOT_APPLICABLE_GLOBAL_BASELINE,HF9g-P5,,,,X 全窗基线 · 不参与实体赏罚,3926483,393,A168_HF9F_20260827_0900,2026-08-27 09:00:00
2026-08-04,153812970,1402,0,231.1663627260,-3.8527727121,-3.8527727121,0.5000000,9,9,0.50218230000000000,0.502182300000,-0.01234507061437774,-0.01234507061437774,-0.01234507061437774,0E-17,ELIGIBLE,R03b_20260811_FULL_v1,L1_ELIGIBILITY,v2026-08-11,2026-03-21..2026-08-06,baccarat_bet02_101_all_pairs_incl_sentinel,round_win = game_pnl > 0 (decisive only),COMPATIBILITY_ONLY_NOT_PRODUCTION,8571.1350,7697.8399,-61.6444,328,328,0.00719209,0.00719209,,0.00719209,61.6444,8571.1350,OK,0.0000,-2.4658,4.0000,96.0000,AG03-UNRESOLVED,ALL5_LEVELS_bet23_to_bet27,-2.4658,-2.4658,-2.4658,-3.0822,-3.0822,4.000000,4.000000,4.000000,5.000000,5.000000,96.000000,96.000000,96.000000,95.000000,95.000000,5.0,-13.5618,-12.4229,-48.0826,-49.2214,PENDING_AG03,FALSE,NOT_FOR_ENFORCEMENT,-59.1786,7389.9263,-61.6444,-59.1786,-2.4658,-0.00719209,-0.00690441,-2.4658,-59.1786,-0.00690441,-2.4658,-2.4658,-2.4658,-3.0822,-3.0822,-59.1786,-0.00690441,-13.5618,-12.4229,-48.0826,-49.2214,-0.00560983,-0.0057427,-0.00028768,26.1315,23.4690,-0.1879,-61.6444,-1.1855,8571.1350,328.0000,26.1315,,25.6852,25.6852,25.6852,25.6852,25.6852,51.3703,25.6852,0.0,1.0,2.0,1.017378,29,33,1,2,1.00000000,-0.00719209,-0.00719209,0E-8,0.000000,0.898112,0.000000,,2026-08-04,2026-08-04,1,52,29,1,1.000000,,1.000000,3.333333,,,,,,,,GLOBAL_BASELINE_NO_ENTITY_RANKING,,,NOT_APPLICABLE_GLOBAL_BASELINE,HF9g-P5,,,,X 全窗基线 · 不参与实体赏罚,3926484,393,A168_HF9F_20260827_0900,2026-08-27 09:00:00
2026-08-04,153812970,1485,0,51.3703028280,0E-10,0E-10,0.5000000,2,2,0.49324550000000000,0.493245500000,0.01910635448239258,0.01910635448239258,0.01910635448239258,0E-17,ELIGIBLE,R03b_20260811_FULL_v1,L1_ELIGIBILITY,v2026-08-11,2026-03-21..2026-08-06,baccarat_bet02_101_all_pairs_incl_sentinel,round_win = game_pnl > 0 (decisive only),COMPATIBILITY_ONLY_NOT_PRODUCTION,8571.1350,7697.8399,-61.6444,328,328,0.00719209,0.00719209,,0.00719209,61.6444,8571.1350,OK,0.0000,-2.4658,4.0000,96.0000,AG03-UNRESOLVED,ALL5_LEVELS_bet23_to_bet27,-2.4658,-2.4658,-2.4658,-3.0822,-3.0822,4.000000,4.000000,4.000000,5.000000,5.000000,96.000000,96.000000,96.000000,95.000000,95.000000,5.0,-13.5618,-12.4229,-48.0826,-49.2214,PENDING_AG03,FALSE,NOT_FOR_ENFORCEMENT,-59.1786,7389.9263,-61.6444,-59.1786,-2.4658,-0.00719209,-0.00690441,-2.4658,-59.1786,-0.00690441,-2.4658,-2.4658,-2.4658,-3.0822,-3.0822,-59.1786,-0.00690441,-13.5618,-12.4229,-48.0826,-49.2214,-0.00560983,-0.0057427,-0.00028768,26.1315,23.4690,-0.1879,-61.6444,-1.1855,8571.1350,328.0000,26.1315,,25.6852,25.6852,25.6852,25.6852,25.6852,51.3703,25.6852,0.0,1.0,2.0,1.017378,29,33,1,2,1.00000000,-0.00719209,-0.00719209,0E-8,0.000000,0.898112,0.000000,,2026-08-04,2026-08-04,1,52,29,1,1.000000,,1.000000,3.333333,,,,,,,,GLOBAL_BASELINE_NO_ENTITY_RANKING,,,NOT_APPLICABLE_GLOBAL_BASELINE,HF9g-P5,,,,X 全窗基线 · 不参与实体赏罚,3926485,393,A168_HF9F_20260827_0900,2026-08-27 09:00:00
2026-08-04,153812970,1646,0,282.5366655540,96.3193178025,96.3193178025,0.7500000,11,11,0.50177608181818182,0.501776081818,1.4041753852691887,1.4041753852702155,1.4041753852691887,1.8182E-13,ELIGIBLE,R03b_20260811_FULL_v1,L1_ELIGIBILITY,v2026-08-11,2026-03-21..2026-08-06,baccarat_bet02_101_all_pairs_incl_sentinel,round_win = game_pnl > 0 (decisive only),COMPATIBILITY_ONLY_NOT_PRODUCTION,8571.1350,7697.8399,-61.6444,328,328,0.00719209,0.00719209,,0.00719209,61.6444,8571.1350,OK,0.0000,-2.4658,4.0000,96.0000,AG03-UNRESOLVED,ALL5_LEVELS_bet23_to_bet27,-2.4658,-2.4658,-2.4658,-3.0822,-3.0822,4.000000,4.000000,4.000000,5.000000,5.000000,96.000000,96.000000,96.000000,95.000000,95.000000,5.0,-13.5618,-12.4229,-48.0826,-49.2214,PENDING_AG03,FALSE,NOT_FOR_ENFORCEMENT,-59.1786,7389.9263,-61.6444,-59.1786,-2.4658,-0.00719209,-0.00690441,-2.4658,-59.1786,-0.00690441,-2.4658,-2.4658,-2.4658,-3.0822,-3.0822,-59.1786,-0.00690441,-13.5618,-12.4229,-48.0826,-49.2214,-0.00560983,-0.0057427,-0.00028768,26.1315,23.4690,-0.1879,-61.6444,-1.1855,8571.1350,328.0000,26.1315,,25.6852,25.6852,25.6852,25.6852,25.6852,51.3703,25.6852,0.0,1.0,2.0,1.017378,29,33,1,2,1.00000000,-0.00719209,-0.00719209,0E-8,0.000000,0.898112,0.000000,,2026-08-04,2026-08-04,1,52,29,1,1.000000,,1.000000,3.333333,,,,,,,,GLOBAL_BASELINE_NO_ENTITY_RANKING,,,NOT_APPLICABLE_GLOBAL_BASELINE,HF9g-P5,,,,X 全窗基线 · 不参与实体赏罚,3926486,393,A168_HF9F_20260827_0900,2026-08-27 09:00:00
2026-08-04,153812970,1710,0,25.6851514140,24.4008938433,24.4008938433,1.0000000,1,1,0.50665070000000000,0.506650700000,0.9867858985152569,0.9867858985152569,0.9867858985152569,0E-17,ELIGIBLE,R03b_20260811_FULL_v1,L1_ELIGIBILITY,v2026-08-11,2026-03-21..2026-08-06,baccarat_bet02_101_all_pairs_incl_sentinel,round_win = game_pnl > 0 (decisive only),COMPATIBILITY_ONLY_NOT_PRODUCTION,8571.1350,7697.8399,-61.6444,328,328,0.00719209,0.00719209,,0.00719209,61.6444,8571.1350,OK,0.0000,-2.4658,4.0000,96.0000,AG03-UNRESOLVED,ALL5_LEVELS_bet23_to_bet27,-2.4658,-2.4658,-2.4658,-3.0822,-3.0822,4.000000,4.000000,4.000000,5.000000,5.000000,96.000000,96.000000,96.000000,95.000000,95.000000,5.0,-13.5618,-12.4229,-48.0826,-49.2214,PENDING_AG03,FALSE,NOT_FOR_ENFORCEMENT,-59.1786,7389.9263,-61.6444,-59.1786,-2.4658,-0.00719209,-0.00690441,-2.4658,-59.1786,-0.00690441,-2.4658,-2.4658,-2.4658,-3.0822,-3.0822,-59.1786,-0.00690441,-13.5618,-12.4229,-48.0826,-49.2214,-0.00560983,-0.0057427,-0.00028768,26.1315,23.4690,-0.1879,-61.6444,-1.1855,8571.1350,328.0000,26.1315,,25.6852,25.6852,25.6852,25.6852,25.6852,51.3703,25.6852,0.0,1.0,2.0,1.017378,29,33,1,2,1.00000000,-0.00719209,-0.00719209,0E-8,0.000000,0.898112,0.000000,,2026-08-04,2026-08-04,1,52,29,1,1.000000,,1.000000,3.333333,,,,,,,,GLOBAL_BASELINE_NO_ENTITY_RANKING,,,NOT_APPLICABLE_GLOBAL_BASELINE,HF9g-P5,,,,X 全窗基线 · 不参与实体赏罚,3926487,393,A168_HF9F_20260827_0900,2026-08-27 09:00:00
2026-08-04,153812970,1935,0,154.1109084840,-53.9388179694,-53.9388179694,0.3333333,6,6,0.50218230000000000,0.502182300000,-0.8271955028234007,-0.8271955028234007,-0.8271955028234007,0E-17,ELIGIBLE,R03b_20260811_FULL_v1,L1_ELIGIBILITY,v2026-08-11,2026-03-21..2026-08-06,baccarat_bet02_101_all_pairs_incl_sentinel,round_win = game_pnl > 0 (decisive only),COMPATIBILITY_ONLY_NOT_PRODUCTION,8571.1350,7697.8399,-61.6444,328,328,0.00719209,0.00719209,,0.00719209,61.6444,8571.1350,OK,0.0000,-2.4658,4.0000,96.0000,AG03-UNRESOLVED,ALL5_LEVELS_bet23_to_bet27,-2.4658,-2.4658,-2.4658,-3.0822,-3.0822,4.000000,4.000000,4.000000,5.000000,5.000000,96.000000,96.000000,96.000000,95.000000,95.000000,5.0,-13.5618,-12.4229,-48.0826,-49.2214,PENDING_AG03,FALSE,NOT_FOR_ENFORCEMENT,-59.1786,7389.9263,-61.6444,-59.1786,-2.4658,-0.00719209,-0.00690441,-2.4658,-59.1786,-0.00690441,-2.4658,-2.4658,-2.4658,-3.0822,-3.0822,-59.1786,-0.00690441,-13.5618,-12.4229,-48.0826,-49.2214,-0.00560983,-0.0057427,-0.00028768,26.1315,23.4690,-0.1879,-61.6444,-1.1855,8571.1350,328.0000,26.1315,,25.6852,25.6852,25.6852,25.6852,25.6852,51.3703,25.6852,0.0,1.0,2.0,1.017378,29,33,1,2,1.00000000,-0.00719209,-0.00719209,0E-8,0.000000,0.898112,0.000000,,2026-08-04,2026-08-04,1,52,29,1,1.000000,,1.000000,3.333333,,,,,,,,GLOBAL_BASELINE_NO_ENTITY_RANKING,,,NOT_APPLICABLE_GLOBAL_BASELINE,HF9g-P5,,,,X 全窗基线 · 不参与实体赏罚,3926488,393,A168_HF9F_20260827_0900,2026-08-27 09:00:00
2026-08-04,153812970,1942,0,25.6851514140,-25.6851514140,-25.6851514140,0E-7,1,1,0.50665070000000000,0.506650700000,-1.013391052207602,-1.013391052207602,-1.013391052207602,0E-17,ELIGIBLE,R03b_20260811_FULL_v1,L1_ELIGIBILITY,v2026-08-11,2026-03-21..2026-08-06,baccarat_bet02_101_all_pairs_incl_sentinel,round_win = game_pnl > 0 (decisive only),COMPATIBILITY_ONLY_NOT_PRODUCTION,8571.1350,7697.8399,-61.6444,328,328,0.00719209,0.00719209,,0.00719209,61.6444,8571.1350,OK,0.0000,-2.4658,4.0000,96.0000,AG03-UNRESOLVED,ALL5_LEVELS_bet23_to_bet27,-2.4658,-2.4658,-2.4658,-3.0822,-3.0822,4.000000,4.000000,4.000000,5.000000,5.000000,96.000000,96.000000,96.000000,95.000000,95.000000,5.0,-13.5618,-12.4229,-48.0826,-49.2214,PENDING_AG03,FALSE,NOT_FOR_ENFORCEMENT,-59.1786,7389.9263,-61.6444,-59.1786,-2.4658,-0.00719209,-0.00690441,-2.4658,-59.1786,-0.00690441,-2.4658,-2.4658,-2.4658,-3.0822,-3.0822,-59.1786,-0.00690441,-13.5618,-12.4229,-48.0826,-49.2214,-0.00560983,-0.0057427,-0.00028768,26.1315,23.4690,-0.1879,-61.6444,-1.1855,8571.1350,328.0000,26.1315,,25.6852,25.6852,25.6852,25.6852,25.6852,51.3703,25.6852,0.0,1.0,2.0,1.017378,29,33,1,2,1.00000000,-0.00719209,-0.00719209,0E-8,0.000000,0.898112,0.000000,,2026-08-04,2026-08-04,1,52,29,1,1.000000,,1.000000,3.333333,,,,,,,,GLOBAL_BASELINE_NO_ENTITY_RANKING,,,NOT_APPLICABLE_GLOBAL_BASELINE,HF9g-P5,,,,X 全窗基线 · 不参与实体赏罚,3926489,393,A168_HF9F_20260827_0900,2026-08-27 09:00:00
2026-08-04,153812970,1947,0,102.7406056560,24.4008938433,24.4008938433,0.6666667,4,4,0.49994810000000000,0.499948100000,0.5775300591747329,0.5775300591747329,0.5775300591747329,0E-17,ELIGIBLE,R03b_20260811_FULL_v1,L1_ELIGIBILITY,v2026-08-11,2026-03-21..2026-08-06,baccarat_bet02_101_all_pairs_incl_sentinel,round_win = game_pnl > 0 (decisive only),COMPATIBILITY_ONLY_NOT_PRODUCTION,8571.1350,7697.8399,-61.6444,328,328,0.00719209,0.00719209,,0.00719209,61.6444,8571.1350,OK,0.0000,-2.4658,4.0000,96.0000,AG03-UNRESOLVED,ALL5_LEVELS_bet23_to_bet27,-2.4658,-2.4658,-2.4658,-3.0822,-3.0822,4.000000,4.000000,4.000000,5.000000,5.000000,96.000000,96.000000,96.000000,95.000000,95.000000,5.0,-13.5618,-12.4229,-48.0826,-49.2214,PENDING_AG03,FALSE,NOT_FOR_ENFORCEMENT,-59.1786,7389.9263,-61.6444,-59.1786,-2.4658,-0.00719209,-0.00690441,-2.4658,-59.1786,-0.00690441,-2.4658,-2.4658,-2.4658,-3.0822,-3.0822,-59.1786,-0.00690441,-13.5618,-12.4229,-48.0826,-49.2214,-0.00560983,-0.0057427,-0.00028768,26.1315,23.4690,-0.1879,-61.6444,-1.1855,8571.1350,328.0000,26.1315,,25.6852,25.6852,25.6852,25.6852,25.6852,51.3703,25.6852,0.0,1.0,2.0,1.017378,29,33,1,2,1.00000000,-0.00719209,-0.00719209,0E-8,0.000000,0.898112,0.000000,,2026-08-04,2026-08-04,1,52,29,1,1.000000,,1.000000,3.333333,,,,,,,,GLOBAL_BASELINE_NO_ENTITY_RANKING,,,NOT_APPLICABLE_GLOBAL_BASELINE,HF9g-P5,,,,X 全窗基线 · 不参与实体赏罚,3926490,393,A168_HF9F_20260827_0900,2026-08-27 09:00:00
2026-08-04,153812970,1963,0,205.4812113118,97.6035753730,97.6035753730,0.6666667,6,6,0.50218230000000000,0.502182300000,0.8058132132962729,0.8058132132962729,0.8058132132962729,0E-17,ELIGIBLE,R03b_20260811_FULL_v1,L1_ELIGIBILITY,v2026-08-11,2026-03-21..2026-08-06,baccarat_bet02_101_all_pairs_incl_sentinel,round_win = game_pnl > 0 (decisive only),COMPATIBILITY_ONLY_NOT_PRODUCTION,8571.1350,7697.8399,-61.6444,328,328,0.00719209,0.00719209,,0.00719209,61.6444,8571.1350,OK,0.0000,-2.4658,4.0000,96.0000,AG03-UNRESOLVED,ALL5_LEVELS_bet23_to_bet27,-2.4658,-2.4658,-2.4658,-3.0822,-3.0822,4.000000,4.000000,4.000000,5.000000,5.000000,96.000000,96.000000,96.000000,95.000000,95.000000,5.0,-13.5618,-12.4229,-48.0826,-49.2214,PENDING_AG03,FALSE,NOT_FOR_ENFORCEMENT,-59.1786,7389.9263,-61.6444,-59.1786,-2.4658,-0.00719209,-0.00690441,-2.4658,-59.1786,-0.00690441,-2.4658,-2.4658,-2.4658,-3.0822,-3.0822,-59.1786,-0.00690441,-13.5618,-12.4229,-48.0826,-49.2214,-0.00560983,-0.0057427,-0.00028768,26.1315,23.4690,-0.1879,-61.6444,-1.1855,8571.1350,328.0000,26.1315,,25.6852,25.6852,25.6852,25.6852,25.6852,51.3703,25.6852,0.0,1.0,2.0,1.017378,29,33,1,2,1.00000000,-0.00719209,-0.00719209,0E-8,0.000000,0.898112,0.000000,,2026-08-04,2026-08-04,1,52,29,1,1.000000,,1.000000,3.333333,,,,,,,,GLOBAL_BASELINE_NO_ENTITY_RANKING,,,NOT_APPLICABLE_GLOBAL_BASELINE,HF9g-P5,,,,X 全窗基线 · 不参与实体赏罚,3926491,393,A168_HF9F_20260827_0900,2026-08-27 09:00:00
2026-08-04,153812970,2068,0,128.4257570700,-77.0554542420,-77.0554542420,0.2000000,5,5,0.49592654000000000,0.495926540000,-1.323467641100715,-1.323467641100715,-1.323467641100715,0E-17,ELIGIBLE,R03b_20260811_FULL_v1,L1_ELIGIBILITY,v2026-08-11,2026-03-21..2026-08-06,baccarat_bet02_101_all_pairs_incl_sentinel,round_win = game_pnl > 0 (decisive only),COMPATIBILITY_ONLY_NOT_PRODUCTION,8571.1350,7697.8399,-61.6444,328,328,0.00719209,0.00719209,,0.00719209,61.6444,8571.1350,OK,0.0000,-2.4658,4.0000,96.0000,AG03-UNRESOLVED,ALL5_LEVELS_bet23_to_bet27,-2.4658,-2.4658,-2.4658,-3.0822,-3.0822,4.000000,4.000000,4.000000,5.000000,5.000000,96.000000,96.000000,96.000000,95.000000,95.000000,5.0,-13.5618,-12.4229,-48.0826,-49.2214,PENDING_AG03,FALSE,NOT_FOR_ENFORCEMENT,-59.1786,7389.9263,-61.6444,-59.1786,-2.4658,-0.00719209,-0.00690441,-2.4658,-59.1786,-0.00690441,-2.4658,-2.4658,-2.4658,-3.0822,-3.0822,-59.1786,-0.00690441,-13.5618,-12.4229,-48.0826,-49.2214,-0.00560983,-0.0057427,-0.00028768,26.1315,23.4690,-0.1879,-61.6444,-1.1855,8571.1350,328.0000,26.1315,,25.6852,25.6852,25.6852,25.6852,25.6852,51.3703,25.6852,0.0,1.0,2.0,1.017378,29,33,1,2,1.00000000,-0.00719209,-0.00719209,0E-8,0.000000,0.898112,0.000000,,2026-08-04,2026-08-04,1,52,29,1,1.000000,,1.000000,3.333333,,,,,,,,GLOBAL_BASELINE_NO_ENTITY_RANKING,,,NOT_APPLICABLE_GLOBAL_BASELINE,HF9g-P5,,,,X 全窗基线 · 不参与实体赏罚,3926492,393,A168_HF9F_20260827_0900,2026-08-27 09:00:00
2026-08-04,153812970,2101,0,359.5921197960,-105.3091207974,-105.3091207974,0.3333333,14,14,0.50186312857142857,0.501863128571,-1.167616777969363,-1.1676167779663902,-1.167616777969363,4.2857E-13,ELIGIBLE,R03b_20260811_FULL_v1,L1_ELIGIBILITY,v2026-08-11,2026-03-21..2026-08-06,baccarat_bet02_101_all_pairs_incl_sentinel,round_win = game_pnl > 0 (decisive only),COMPATIBILITY_ONLY_NOT_PRODUCTION,8571.1350,7697.8399,-61.6444,328,328,0.00719209,0.00719209,,0.00719209,61.6444,8571.1350,OK,0.0000,-2.4658,4.0000,96.0000,AG03-UNRESOLVED,ALL5_LEVELS_bet23_to_bet27,-2.4658,-2.4658,-2.4658,-3.0822,-3.0822,4.000000,4.000000,4.000000,5.000000,5.000000,96.000000,96.000000,96.000000,95.000000,95.000000,5.0,-13.5618,-12.4229,-48.0826,-49.2214,PENDING_AG03,FALSE,NOT_FOR_ENFORCEMENT,-59.1786,7389.9263,-61.6444,-59.1786,-2.4658,-0.00719209,-0.00690441,-2.4658,-59.1786,-0.00690441,-2.4658,-2.4658,-2.4658,-3.0822,-3.0822,-59.1786,-0.00690441,-13.5618,-12.4229,-48.0826,-49.2214,-0.00560983,-0.0057427,-0.00028768,26.1315,23.4690,-0.1879,-61.6444,-1.1855,8571.1350,328.0000,26.1315,,25.6852,25.6852,25.6852,25.6852,25.6852,51.3703,25.6852,0.0,1.0,2.0,1.017378,29,33,1,2,1.00000000,-0.00719209,-0.00719209,0E-8,0.000000,0.898112,0.000000,,2026-08-04,2026-08-04,1,52,29,1,1.000000,,1.000000,3.333333,,,,,,,,GLOBAL_BASELINE_NO_ENTITY_RANKING,,,NOT_APPLICABLE_GLOBAL_BASELINE,HF9g-P5,,,,X 全窗基线 · 不参与实体赏罚,3926493,393,A168_HF9F_20260827_0900,2026-08-27 09:00:00
2026-08-04,153812970,2115,0,223.4608173017,-44.9490149744,-44.9490149744,0.4285714,8,8,0.50162375000000000,0.501623750000,-0.38655858877025023,-0.38655858877025023,-0.38655858877025023,0E-17,ELIGIBLE,R03b_20260811_FULL_v1,L1_ELIGIBILITY,v2026-08-11,2026-03-21..2026-08-06,baccarat_bet02_101_all_pairs_incl_sentinel,round_win = game_pnl > 0 (decisive only),COMPATIBILITY_ONLY_NOT_PRODUCTION,8571.1350,7697.8399,-61.6444,328,328,0.00719209,0.00719209,,0.00719209,61.6444,8571.1350,OK,0.0000,-2.4658,4.0000,96.0000,AG03-UNRESOLVED,ALL5_LEVELS_bet23_to_bet27,-2.4658,-2.4658,-2.4658,-3.0822,-3.0822,4.000000,4.000000,4.000000,5.000000,5.000000,96.000000,96.000000,96.000000,95.000000,95.000000,5.0,-13.5618,-12.4229,-48.0826,-49.2214,PENDING_AG03,FALSE,NOT_FOR_ENFORCEMENT,-59.1786,7389.9263,-61.6444,-59.1786,-2.4658,-0.00719209,-0.00690441,-2.4658,-59.1786,-0.00690441,-2.4658,-2.4658,-2.4658,-3.0822,-3.0822,-59.1786,-0.00690441,-13.5618,-12.4229,-48.0826,-49.2214,-0.00560983,-0.0057427,-0.00028768,26.1315,23.4690,-0.1879,-61.6444,-1.1855,8571.1350,328.0000,26.1315,,25.6852,25.6852,25.6852,25.6852,25.6852,51.3703,25.6852,0.0,1.0,2.0,1.017378,29,33,1,2,1.00000000,-0.00719209,-0.00719209,0E-8,0.000000,0.898112,0.000000,,2026-08-04,2026-08-04,1,52,29,1,1.000000,,1.000000,3.333333,,,,,,,,GLOBAL_BASELINE_NO_ENTITY_RANKING,,,NOT_APPLICABLE_GLOBAL_BASELINE,HF9g-P5,,,,X 全窗基线 · 不参与实体赏罚,3926494,393,A168_HF9F_20260827_0900,2026-08-27 09:00:00
2026-08-04,153812970,2117,0,282.5366655540,173.3747720445,173.3747720445,0.8181818,11,11,0.50177608181818182,0.501776081818,2.0988114593717535,2.0988114593729565,2.0988114593717535,1.8182E-13,ELIGIBLE,R03b_20260811_FULL_v1,L1_ELIGIBILITY,v2026-08-11,2026-03-21..2026-08-06,baccarat_bet02_101_all_pairs_incl_sentinel,round_win = game_pnl > 0 (decisive only),COMPATIBILITY_ONLY_NOT_PRODUCTION,8571.1350,7697.8399,-61.6444,328,328,0.00719209,0.00719209,,0.00719209,61.6444,8571.1350,OK,0.0000,-2.4658,4.0000,96.0000,AG03-UNRESOLVED,ALL5_LEVELS_bet23_to_bet27,-2.4658,-2.4658,-2.4658,-3.0822,-3.0822,4.000000,4.000000,4.000000,5.000000,5.000000,96.000000,96.000000,96.000000,95.000000,95.000000,5.0,-13.5618,-12.4229,-48.0826,-49.2214,PENDING_AG03,FALSE,NOT_FOR_ENFORCEMENT,-59.1786,7389.9263,-61.6444,-59.1786,-2.4658,-0.00719209,-0.00690441,-2.4658,-59.1786,-0.00690441,-2.4658,-2.4658,-2.4658,-3.0822,-3.0822,-59.1786,-0.00690441,-13.5618,-12.4229,-48.0826,-49.2214,-0.00560983,-0.0057427,-0.00028768,26.1315,23.4690,-0.1879,-61.6444,-1.1855,8571.1350,328.0000,26.1315,,25.6852,25.6852,25.6852,25.6852,25.6852,51.3703,25.6852,0.0,1.0,2.0,1.017378,29,33,1,2,1.00000000,-0.00719209,-0.00719209,0E-8,0.000000,0.898112,0.000000,,2026-08-04,2026-08-04,1,52,29,1,1.000000,,1.000000,3.333333,,,,,,,,GLOBAL_BASELINE_NO_ENTITY_RANKING,,,NOT_APPLICABLE_GLOBAL_BASELINE,HF9g-P5,,,,X 全窗基线 · 不参与实体赏罚,3926495,393,A168_HF9F_20260827_0900,2026-08-27 09:00:00
2026-08-04,153812970,2127,0,205.4812113120,-52.6545603987,-52.6545603987,0.3333333,8,8,0.49994810000000000,0.499948100000,-0.8162423282897021,-0.8162423282897021,-0.8162423282897021,0E-17,ELIGIBLE,R03b_20260811_FULL_v1,L1_ELIGIBILITY,v2026-08-11,2026-03-21..2026-08-06,baccarat_bet02_101_all_pairs_incl_sentinel,round_win = game_pnl > 0 (decisive only),COMPATIBILITY_ONLY_NOT_PRODUCTION,8571.1350,7697.8399,-61.6444,328,328,0.00719209,0.00719209,,0.00719209,61.6444,8571.1350,OK,0.0000,-2.4658,4.0000,96.0000,AG03-UNRESOLVED,ALL5_LEVELS_bet23_to_bet27,-2.4658,-2.4658,-2.4658,-3.0822,-3.0822,4.000000,4.000000,4.000000,5.000000,5.000000,96.000000,96.000000,96.000000,95.000000,95.000000,5.0,-13.5618,-12.4229,-48.0826,-49.2214,PENDING_AG03,FALSE,NOT_FOR_ENFORCEMENT,-59.1786,7389.9263,-61.6444,-59.1786,-2.4658,-0.00719209,-0.00690441,-2.4658,-59.1786,-0.00690441,-2.4658,-2.4658,-2.4658,-3.0822,-3.0822,-59.1786,-0.00690441,-13.5618,-12.4229,-48.0826,-49.2214,-0.00560983,-0.0057427,-0.00028768,26.1315,23.4690,-0.1879,-61.6444,-1.1855,8571.1350,328.0000,26.1315,,25.6852,25.6852,25.6852,25.6852,25.6852,51.3703,25.6852,0.0,1.0,2.0,1.017378,29,33,1,2,1.00000000,-0.00719209,-0.00719209,0E-8,0.000000,0.898112,0.000000,,2026-08-04,2026-08-04,1,52,29,1,1.000000,,1.000000,3.333333,,,,,,,,GLOBAL_BASELINE_NO_ENTITY_RANKING,,,NOT_APPLICABLE_GLOBAL_BASELINE,HF9g-P5,,,,X 全窗基线 · 不参与实体赏罚,3926496,393,A168_HF9F_20260827_0900,2026-08-27 09:00:00
2026-08-04,153812970,2134,0,128.4257570700,21.8323787019,21.8323787019,0.6000000,5,5,0.50665070000000000,0.506650700000,0.4175076967804994,0.4175076967804994,0.4175076967804994,0E-17,ELIGIBLE,R03b_20260811_FULL_v1,L1_ELIGIBILITY,v2026-08-11,2026-03-21..2026-08-06,baccarat_bet02_101_all_pairs_incl_sentinel,round_win = game_pnl > 0 (decisive only),COMPATIBILITY_ONLY_NOT_PRODUCTION,8571.1350,7697.8399,-61.6444,328,328,0.00719209,0.00719209,,0.00719209,61.6444,8571.1350,OK,0.0000,-2.4658,4.0000,96.0000,AG03-UNRESOLVED,ALL5_LEVELS_bet23_to_bet27,-2.4658,-2.4658,-2.4658,-3.0822,-3.0822,4.000000,4.000000,4.000000,5.000000,5.000000,96.000000,96.000000,96.000000,95.000000,95.000000,5.0,-13.5618,-12.4229,-48.0826,-49.2214,PENDING_AG03,FALSE,NOT_FOR_ENFORCEMENT,-59.1786,7389.9263,-61.6444,-59.1786,-2.4658,-0.00719209,-0.00690441,-2.4658,-59.1786,-0.00690441,-2.4658,-2.4658,-2.4658,-3.0822,-3.0822,-59.1786,-0.00690441,-13.5618,-12.4229,-48.0826,-49.2214,-0.00560983,-0.0057427,-0.00028768,26.1315,23.4690,-0.1879,-61.6444,-1.1855,8571.1350,328.0000,26.1315,,25.6852,25.6852,25.6852,25.6852,25.6852,51.3703,25.6852,0.0,1.0,2.0,1.017378,29,33,1,2,1.00000000,-0.00719209,-0.00719209,0E-8,0.000000,0.898112,0.000000,,2026-08-04,2026-08-04,1,52,29,1,1.000000,,1.000000,3.333333,,,,,,,,GLOBAL_BASELINE_NO_ENTITY_RANKING,,,NOT_APPLICABLE_GLOBAL_BASELINE,HF9g-P5,,,,X 全窗基线 · 不参与实体赏罚,3926497,393,A168_HF9F_20260827_0900,2026-08-27 09:00:00
2026-08-04,153812970,2152,0,25.6851514140,-25.6851514140,-25.6851514140,0E-7,1,1,0.49324550000000000,0.493245500000,-0.9865810262130424,-0.9865810262130424,-0.9865810262130424,0E-17,ELIGIBLE,R03b_20260811_FULL_v1,L1_ELIGIBILITY,v2026-08-11,2026-03-21..2026-08-06,baccarat_bet02_101_all_pairs_incl_sentinel,round_win = game_pnl > 0 (decisive only),COMPATIBILITY_ONLY_NOT_PRODUCTION,8571.1350,7697.8399,-61.6444,328,328,0.00719209,0.00719209,,0.00719209,61.6444,8571.1350,OK,0.0000,-2.4658,4.0000,96.0000,AG03-UNRESOLVED,ALL5_LEVELS_bet23_to_bet27,-2.4658,-2.4658,-2.4658,-3.0822,-3.0822,4.000000,4.000000,4.000000,5.000000,5.000000,96.000000,96.000000,96.000000,95.000000,95.000000,5.0,-13.5618,-12.4229,-48.0826,-49.2214,PENDING_AG03,FALSE,NOT_FOR_ENFORCEMENT,-59.1786,7389.9263,-61.6444,-59.1786,-2.4658,-0.00719209,-0.00690441,-2.4658,-59.1786,-0.00690441,-2.4658,-2.4658,-2.4658,-3.0822,-3.0822,-59.1786,-0.00690441,-13.5618,-12.4229,-48.0826,-49.2214,-0.00560983,-0.0057427,-0.00028768,26.1315,23.4690,-0.1879,-61.6444,-1.1855,8571.1350,328.0000,26.1315,,25.6852,25.6852,25.6852,25.6852,25.6852,51.3703,25.6852,0.0,1.0,2.0,1.017378,29,33,1,2,1.00000000,-0.00719209,-0.00719209,0E-8,0.000000,0.898112,0.000000,,2026-08-04,2026-08-04,1,52,29,1,1.000000,,1.000000,3.333333,,,,,,,,GLOBAL_BASELINE_NO_ENTITY_RANKING,,,NOT_APPLICABLE_GLOBAL_BASELINE,HF9g-P5,,,,X 全窗基线 · 不参与实体赏罚,3926498,393,A168_HF9F_20260827_0900,2026-08-27 09:00:00
2026-08-04,153812970,2153,0,154.1109084840,-25.6851514140,-25.6851514140,0.4000000,6,6,0.49771390000000000,0.497713900000,-0.4369944132040151,-0.436994413204015,-0.4369944132040151,0E-17,ELIGIBLE,R03b_20260811_FULL_v1,L1_ELIGIBILITY,v2026-08-11,2026-03-21..2026-08-06,baccarat_bet02_101_all_pairs_incl_sentinel,round_win = game_pnl > 0 (decisive only),COMPATIBILITY_ONLY_NOT_PRODUCTION,8571.1350,7697.8399,-61.6444,328,328,0.00719209,0.00719209,,0.00719209,61.6444,8571.1350,OK,0.0000,-2.4658,4.0000,96.0000,AG03-UNRESOLVED,ALL5_LEVELS_bet23_to_bet27,-2.4658,-2.4658,-2.4658,-3.0822,-3.0822,4.000000,4.000000,4.000000,5.000000,5.000000,96.000000,96.000000,96.000000,95.000000,95.000000,5.0,-13.5618,-12.4229,-48.0826,-49.2214,PENDING_AG03,FALSE,NOT_FOR_ENFORCEMENT,-59.1786,7389.9263,-61.6444,-59.1786,-2.4658,-0.00719209,-0.00690441,-2.4658,-59.1786,-0.00690441,-2.4658,-2.4658,-2.4658,-3.0822,-3.0822,-59.1786,-0.00690441,-13.5618,-12.4229,-48.0826,-49.2214,-0.00560983,-0.0057427,-0.00028768,26.1315,23.4690,-0.1879,-61.6444,-1.1855,8571.1350,328.0000,26.1315,,25.6852,25.6852,25.6852,25.6852,25.6852,51.3703,25.6852,0.0,1.0,2.0,1.017378,29,33,1,2,1.00000000,-0.00719209,-0.00719209,0E-8,0.000000,0.898112,0.000000,,2026-08-04,2026-08-04,1,52,29,1,1.000000,,1.000000,3.333333,,,,,,,,GLOBAL_BASELINE_NO_ENTITY_RANKING,,,NOT_APPLICABLE_GLOBAL_BASELINE,HF9g-P5,,,,X 全窗基线 · 不参与实体赏罚,3926499,393,A168_HF9F_20260827_0900,2026-08-27 09:00:00
2026-08-04,153812970,2156,0,102.7406056560,25.6851514140,25.6851514140,0.6666667,4,4,0.49659680000000000,0.496596800000,0.5891529468324541,0.589152946832454,0.5891529468324541,0E-17,ELIGIBLE,R03b_20260811_FULL_v1,L1_ELIGIBILITY,v2026-08-11,2026-03-21..2026-08-06,baccarat_bet02_101_all_pairs_incl_sentinel,round_win = game_pnl > 0 (decisive only),COMPATIBILITY_ONLY_NOT_PRODUCTION,8571.1350,7697.8399,-61.6444,328,328,0.00719209,0.00719209,,0.00719209,61.6444,8571.1350,OK,0.0000,-2.4658,4.0000,96.0000,AG03-UNRESOLVED,ALL5_LEVELS_bet23_to_bet27,-2.4658,-2.4658,-2.4658,-3.0822,-3.0822,4.000000,4.000000,4.000000,5.000000,5.000000,96.000000,96.000000,96.000000,95.000000,95.000000,5.0,-13.5618,-12.4229,-48.0826,-49.2214,PENDING_AG03,FALSE,NOT_FOR_ENFORCEMENT,-59.1786,7389.9263,-61.6444,-59.1786,-2.4658,-0.00719209,-0.00690441,-2.4658,-59.1786,-0.00690441,-2.4658,-2.4658,-2.4658,-3.0822,-3.0822,-59.1786,-0.00690441,-13.5618,-12.4229,-48.0826,-49.2214,-0.00560983,-0.0057427,-0.00028768,26.1315,23.4690,-0.1879,-61.6444,-1.1855,8571.1350,328.0000,26.1315,,25.6852,25.6852,25.6852,25.6852,25.6852,51.3703,25.6852,0.0,1.0,2.0,1.017378,29,33,1,2,1.00000000,-0.00719209,-0.00719209,0E-8,0.000000,0.898112,0.000000,,2026-08-04,2026-08-04,1,52,29,1,1.000000,,1.000000,3.333333,,,,,,,,GLOBAL_BASELINE_NO_ENTITY_RANKING,,,NOT_APPLICABLE_GLOBAL_BASELINE,HF9g-P5,,,,X 全窗基线 · 不参与实体赏罚,3926500,393,A168_HF9F_20260827_0900,2026-08-27 09:00:00
2026-08-04,153812970,2174,0,154.1109084840,46.2332725452,46.2332725452,0.6666667,6,6,0.50441650000000000,0.504416500000,0.7948912480929629,0.7948912480929629,0.7948912480929629,0E-17,ELIGIBLE,R03b_20260811_FULL_v1,L1_ELIGIBILITY,v2026-08-11,2026-03-21..2026-08-06,baccarat_bet02_101_all_pairs_incl_sentinel,round_win = game_pnl > 0 (decisive only),COMPATIBILITY_ONLY_NOT_PRODUCTION,8571.1350,7697.8399,-61.6444,328,328,0.00719209,0.00719209,,0.00719209,61.6444,8571.1350,OK,0.0000,-2.4658,4.0000,96.0000,AG03-UNRESOLVED,ALL5_LEVELS_bet23_to_bet27,-2.4658,-2.4658,-2.4658,-3.0822,-3.0822,4.000000,4.000000,4.000000,5.000000,5.000000,96.000000,96.000000,96.000000,95.000000,95.000000,5.0,-13.5618,-12.4229,-48.0826,-49.2214,PENDING_AG03,FALSE,NOT_FOR_ENFORCEMENT,-59.1786,7389.9263,-61.6444,-59.1786,-2.4658,-0.00719209,-0.00690441,-2.4658,-59.1786,-0.00690441,-2.4658,-2.4658,-2.4658,-3.0822,-3.0822,-59.1786,-0.00690441,-13.5618,-12.4229,-48.0826,-49.2214,-0.00560983,-0.0057427,-0.00028768,26.1315,23.4690,-0.1879,-61.6444,-1.1855,8571.1350,328.0000,26.1315,,25.6852,25.6852,25.6852,25.6852,25.6852,51.3703,25.6852,0.0,1.0,2.0,1.017378,29,33,1,2,1.00000000,-0.00719209,-0.00719209,0E-8,0.000000,0.898112,0.000000,,2026-08-04,2026-08-04,1,52,29,1,1.000000,,1.000000,3.333333,,,,,,,,GLOBAL_BASELINE_NO_ENTITY_RANKING,,,NOT_APPLICABLE_GLOBAL_BASELINE,HF9g-P5,,,,X 全窗基线 · 不参与实体赏罚,3926501,393,A168_HF9F_20260827_0900,2026-08-27 09:00:00
2026-08-04,153812970,2196,0,77.0554542420,-26.9694089847,-26.9694089847,0.3333333,3,3,0.50218230000000000,0.502182300000,-0.5849155494134425,-0.5849155494134426,-0.5849155494134425,0E-17,ELIGIBLE,R03b_20260811_FULL_v1,L1_ELIGIBILITY,v2026-08-11,2026-03-21..2026-08-06,baccarat_bet02_101_all_pairs_incl_sentinel,round_win = game_pnl > 0 (decisive only),COMPATIBILITY_ONLY_NOT_PRODUCTION,8571.1350,7697.8399,-61.6444,328,328,0.00719209,0.00719209,,0.00719209,61.6444,8571.1350,OK,0.0000,-2.4658,4.0000,96.0000,AG03-UNRESOLVED,ALL5_LEVELS_bet23_to_bet27,-2.4658,-2.4658,-2.4658,-3.0822,-3.0822,4.000000,4.000000,4.000000,5.000000,5.000000,96.000000,96.000000,96.000000,95.000000,95.000000,5.0,-13.5618,-12.4229,-48.0826,-49.2214,PENDING_AG03,FALSE,NOT_FOR_ENFORCEMENT,-59.1786,7389.9263,-61.6444,-59.1786,-2.4658,-0.00719209,-0.00690441,-2.4658,-59.1786,-0.00690441,-2.4658,-2.4658,-2.4658,-3.0822,-3.0822,-59.1786,-0.00690441,-13.5618,-12.4229,-48.0826,-49.2214,-0.00560983,-0.0057427,-0.00028768,26.1315,23.4690,-0.1879,-61.6444,-1.1855,8571.1350,328.0000,26.1315,,25.6852,25.6852,25.6852,25.6852,25.6852,51.3703,25.6852,0.0,1.0,2.0,1.017378,29,33,1,2,1.00000000,-0.00719209,-0.00719209,0E-8,0.000000,0.898112,0.000000,,2026-08-04,2026-08-04,1,52,29,1,1.000000,,1.000000,3.333333,,,,,,,,GLOBAL_BASELINE_NO_ENTITY_RANKING,,,NOT_APPLICABLE_GLOBAL_BASELINE,HF9g-P5,,,,X 全窗基线 · 不参与实体赏罚,3926502,393,A168_HF9F_20260827_0900,2026-08-27 09:00:00
2026-08-04,153812970,2229,0,25.6851514140,-25.6851514140,-25.6851514140,0E-7,1,1,0.50665070000000000,0.506650700000,-1.013391052207602,-1.013391052207602,-1.013391052207602,0E-17,ELIGIBLE,R03b_20260811_FULL_v1,L1_ELIGIBILITY,v2026-08-11,2026-03-21..2026-08-06,baccarat_bet02_101_all_pairs_incl_sentinel,round_win = game_pnl > 0 (decisive only),COMPATIBILITY_ONLY_NOT_PRODUCTION,8571.1350,7697.8399,-61.6444,328,328,0.00719209,0.00719209,,0.00719209,61.6444,8571.1350,OK,0.0000,-2.4658,4.0000,96.0000,AG03-UNRESOLVED,ALL5_LEVELS_bet23_to_bet27,-2.4658,-2.4658,-2.4658,-3.0822,-3.0822,4.000000,4.000000,4.000000,5.000000,5.000000,96.000000,96.000000,96.000000,95.000000,95.000000,5.0,-13.5618,-12.4229,-48.0826,-49.2214,PENDING_AG03,FALSE,NOT_FOR_ENFORCEMENT,-59.1786,7389.9263,-61.6444,-59.1786,-2.4658,-0.00719209,-0.00690441,-2.4658,-59.1786,-0.00690441,-2.4658,-2.4658,-2.4658,-3.0822,-3.0822,-59.1786,-0.00690441,-13.5618,-12.4229,-48.0826,-49.2214,-0.00560983,-0.0057427,-0.00028768,26.1315,23.4690,-0.1879,-61.6444,-1.1855,8571.1350,328.0000,26.1315,,25.6852,25.6852,25.6852,25.6852,25.6852,51.3703,25.6852,0.0,1.0,2.0,1.017378,29,33,1,2,1.00000000,-0.00719209,-0.00719209,0E-8,0.000000,0.898112,0.000000,,2026-08-04,2026-08-04,1,52,29,1,1.000000,,1.000000,3.333333,,,,,,,,GLOBAL_BASELINE_NO_ENTITY_RANKING,,,NOT_APPLICABLE_GLOBAL_BASELINE,HF9g-P5,,,,X 全窗基线 · 不参与实体赏罚,3926503,393,A168_HF9F_20260827_0900,2026-08-27 09:00:00
2026-08-04,153812970,2234,0,51.3703028280,0E-10,0E-10,0.5000000,2,2,0.49324550000000000,0.493245500000,0.01910635448239258,0.01910635448239258,0.01910635448239258,0E-17,ELIGIBLE,R03b_20260811_FULL_v1,L1_ELIGIBILITY,v2026-08-11,2026-03-21..2026-08-06,baccarat_bet02_101_all_pairs_incl_sentinel,round_win = game_pnl > 0 (decisive only),COMPATIBILITY_ONLY_NOT_PRODUCTION,8571.1350,7697.8399,-61.6444,328,328,0.00719209,0.00719209,,0.00719209,61.6444,8571.1350,OK,0.0000,-2.4658,4.0000,96.0000,AG03-UNRESOLVED,ALL5_LEVELS_bet23_to_bet27,-2.4658,-2.4658,-2.4658,-3.0822,-3.0822,4.000000,4.000000,4.000000,5.000000,5.000000,96.000000,96.000000,96.000000,95.000000,95.000000,5.0,-13.5618,-12.4229,-48.0826,-49.2214,PENDING_AG03,FALSE,NOT_FOR_ENFORCEMENT,-59.1786,7389.9263,-61.6444,-59.1786,-2.4658,-0.00719209,-0.00690441,-2.4658,-59.1786,-0.00690441,-2.4658,-2.4658,-2.4658,-3.0822,-3.0822,-59.1786,-0.00690441,-13.5618,-12.4229,-48.0826,-49.2214,-0.00560983,-0.0057427,-0.00028768,26.1315,23.4690,-0.1879,-61.6444,-1.1855,8571.1350,328.0000,26.1315,,25.6852,25.6852,25.6852,25.6852,25.6852,51.3703,25.6852,0.0,1.0,2.0,1.017378,29,33,1,2,1.00000000,-0.00719209,-0.00719209,0E-8,0.000000,0.898112,0.000000,,2026-08-04,2026-08-04,1,52,29,1,1.000000,,1.000000,3.333333,,,,,,,,GLOBAL_BASELINE_NO_ENTITY_RANKING,,,NOT_APPLICABLE_GLOBAL_BASELINE,HF9g-P5,,,,X 全窗基线 · 不参与实体赏罚,3926504,393,A168_HF9F_20260827_0900,2026-08-27 09:00:00
2026-08-04,153812970,2239,0,256.8515141400,127.1414994993,127.1414994993,0.7777778,10,10,0.49726706000000000,0.497267060000,1.6830894487135037,1.6830894487135037,1.6830894487135037,0E-17,ELIGIBLE,R03b_20260811_FULL_v1,L1_ELIGIBILITY,v2026-08-11,2026-03-21..2026-08-06,baccarat_bet02_101_all_pairs_incl_sentinel,round_win = game_pnl > 0 (decisive only),COMPATIBILITY_ONLY_NOT_PRODUCTION,8571.1350,7697.8399,-61.6444,328,328,0.00719209,0.00719209,,0.00719209,61.6444,8571.1350,OK,0.0000,-2.4658,4.0000,96.0000,AG03-UNRESOLVED,ALL5_LEVELS_bet23_to_bet27,-2.4658,-2.4658,-2.4658,-3.0822,-3.0822,4.000000,4.000000,4.000000,5.000000,5.000000,96.000000,96.000000,96.000000,95.000000,95.000000,5.0,-13.5618,-12.4229,-48.0826,-49.2214,PENDING_AG03,FALSE,NOT_FOR_ENFORCEMENT,-59.1786,7389.9263,-61.6444,-59.1786,-2.4658,-0.00719209,-0.00690441,-2.4658,-59.1786,-0.00690441,-2.4658,-2.4658,-2.4658,-3.0822,-3.0822,-59.1786,-0.00690441,-13.5618,-12.4229,-48.0826,-49.2214,-0.00560983,-0.0057427,-0.00028768,26.1315,23.4690,-0.1879,-61.6444,-1.1855,8571.1350,328.0000,26.1315,,25.6852,25.6852,25.6852,25.6852,25.6852,51.3703,25.6852,0.0,1.0,2.0,1.017378,29,33,1,2,1.00000000,-0.00719209,-0.00719209,0E-8,0.000000,0.898112,0.000000,,2026-08-04,2026-08-04,1,52,29,1,1.000000,,1.000000,3.333333,,,,,,,,GLOBAL_BASELINE_NO_ENTITY_RANKING,,,NOT_APPLICABLE_GLOBAL_BASELINE,HF9g-P5,,,,X 全窗基线 · 不参与实体赏罚,3926505,393,A168_HF9F_20260827_0900,2026-08-27 09:00:00
2026-08-04,153812970,2241,0,231.1663627260,-51.3703028280,-51.3703028280,0.3750000,9,9,0.49920336666666667,0.499203366667,-0.7026012343063094,-0.7026012343081942,-0.7026012343063094,-3.3333E-13,ELIGIBLE,R03b_20260811_FULL_v1,L1_ELIGIBILITY,v2026-08-11,2026-03-21..2026-08-06,baccarat_bet02_101_all_pairs_incl_sentinel,round_win = game_pnl > 0 (decisive only),COMPATIBILITY_ONLY_NOT_PRODUCTION,8571.1350,7697.8399,-61.6444,328,328,0.00719209,0.00719209,,0.00719209,61.6444,8571.1350,OK,0.0000,-2.4658,4.0000,96.0000,AG03-UNRESOLVED,ALL5_LEVELS_bet23_to_bet27,-2.4658,-2.4658,-2.4658,-3.0822,-3.0822,4.000000,4.000000,4.000000,5.000000,5.000000,96.000000,96.000000,96.000000,95.000000,95.000000,5.0,-13.5618,-12.4229,-48.0826,-49.2214,PENDING_AG03,FALSE,NOT_FOR_ENFORCEMENT,-59.1786,7389.9263,-61.6444,-59.1786,-2.4658,-0.00719209,-0.00690441,-2.4658,-59.1786,-0.00690441,-2.4658,-2.4658,-2.4658,-3.0822,-3.0822,-59.1786,-0.00690441,-13.5618,-12.4229,-48.0826,-49.2214,-0.00560983,-0.0057427,-0.00028768,26.1315,23.4690,-0.1879,-61.6444,-1.1855,8571.1350,328.0000,26.1315,,25.6852,25.6852,25.6852,25.6852,25.6852,51.3703,25.6852,0.0,1.0,2.0,1.017378,29,33,1,2,1.00000000,-0.00719209,-0.00719209,0E-8,0.000000,0.898112,0.000000,,2026-08-04,2026-08-04,1,52,29,1,1.000000,,1.000000,3.333333,,,,,,,,GLOBAL_BASELINE_NO_ENTITY_RANKING,,,NOT_APPLICABLE_GLOBAL_BASELINE,HF9g-P5,,,,X 全窗基线 · 不参与实体赏罚,3926506,393,A168_HF9F_20260827_0900,2026-08-27 09:00:00
2026-08-04,153812970,2281,0,205.4812113120,-1.2842575707,-1.2842575707,0.5000000,8,8,0.49994810000000000,0.499948100000,0.00025425703667063243,0.00025425703667063243,0.00025425703667063243,0E-17,ELIGIBLE,R03b_20260811_FULL_v1,L1_ELIGIBILITY,v2026-08-11,2026-03-21..2026-08-06,baccarat_bet02_101_all_pairs_incl_sentinel,round_win = game_pnl > 0 (decisive only),COMPATIBILITY_ONLY_NOT_PRODUCTION,8571.1350,7697.8399,-61.6444,328,328,0.00719209,0.00719209,,0.00719209,61.6444,8571.1350,OK,0.0000,-2.4658,4.0000,96.0000,AG03-UNRESOLVED,ALL5_LEVELS_bet23_to_bet27,-2.4658,-2.4658,-2.4658,-3.0822,-3.0822,4.000000,4.000000,4.000000,5.000000,5.000000,96.000000,96.000000,96.000000,95.000000,95.000000,5.0,-13.5618,-12.4229,-48.0826,-49.2214,PENDING_AG03,FALSE,NOT_FOR_ENFORCEMENT,-59.1786,7389.9263,-61.6444,-59.1786,-2.4658,-0.00719209,-0.00690441,-2.4658,-59.1786,-0.00690441,-2.4658,-2.4658,-2.4658,-3.0822,-3.0822,-59.1786,-0.00690441,-13.5618,-12.4229,-48.0826,-49.2214,-0.00560983,-0.0057427,-0.00028768,26.1315,23.4690,-0.1879,-61.6444,-1.1855,8571.1350,328.0000,26.1315,,25.6852,25.6852,25.6852,25.6852,25.6852,51.3703,25.6852,0.0,1.0,2.0,1.017378,29,33,1,2,1.00000000,-0.00719209,-0.00719209,0E-8,0.000000,0.898112,0.000000,,2026-08-04,2026-08-04,1,52,29,1,1.000000,,1.000000,3.333333,,,,,,,,GLOBAL_BASELINE_NO_ENTITY_RANKING,,,NOT_APPLICABLE_GLOBAL_BASELINE,HF9g-P5,,,,X 全窗基线 · 不参与实体赏罚,3926507,393,A168_HF9F_20260827_0900,2026-08-27 09:00:00
2026-08-04,153812970,526,0,333.9069683819,97.6035753733,97.6035753733,0.7272727,12,12,0.50106520000000000,0.501065200000,1.5004943905143497,1.5004943905143497,1.5004943905143497,0E-17,ELIGIBLE,R03b_20260811_FULL_v1,L1_ELIGIBILITY,v2026-08-11,2026-03-21..2026-08-06,baccarat_bet02_101_all_pairs_incl_sentinel,round_win = game_pnl > 0 (decisive only),COMPATIBILITY_ONLY_NOT_PRODUCTION,8571.1350,7697.8399,-61.6444,328,328,0.00719209,0.00719209,,0.00719209,61.6444,8571.1350,OK,0.0000,-2.4658,4.0000,96.0000,AG03-UNRESOLVED,ALL5_LEVELS_bet23_to_bet27,-2.4658,-2.4658,-2.4658,-3.0822,-3.0822,4.000000,4.000000,4.000000,5.000000,5.000000,96.000000,96.000000,96.000000,95.000000,95.000000,5.0,-13.5618,-12.4229,-48.0826,-49.2214,PENDING_AG03,FALSE,NOT_FOR_ENFORCEMENT,-59.1786,7389.9263,-61.6444,-59.1786,-2.4658,-0.00719209,-0.00690441,-2.4658,-59.1786,-0.00690441,-2.4658,-2.4658,-2.4658,-3.0822,-3.0822,-59.1786,-0.00690441,-13.5618,-12.4229,-48.0826,-49.2214,-0.00560983,-0.0057427,-0.00028768,26.1315,23.4690,-0.1879,-61.6444,-1.1855,8571.1350,328.0000,26.1315,,25.6852,25.6852,25.6852,25.6852,25.6852,51.3703,25.6852,0.0,1.0,2.0,1.017378,29,33,1,2,1.00000000,-0.00719209,-0.00719209,0E-8,0.000000,0.898112,0.000000,,2026-08-04,2026-08-04,1,52,29,1,1.000000,,1.000000,3.333333,,,,,,,,GLOBAL_BASELINE_NO_ENTITY_RANKING,,,NOT_APPLICABLE_GLOBAL_BASELINE,HF9g-P5,,,,X 全窗基线 · 不参与实体赏罚,3926508,393,A168_HF9F_20260827_0900,2026-08-27 09:00:00
2026-07-23,153365138,-1,1,12.9088890610,-12.9088890610,-12.9088890610,0E-7,1,1,0.49324550000000000,0.493245500000,-0.9865810262130424,-0.9865810262130424,-0.9865810262130424,0E-17,SENTINEL_DEALER,R03b_20260811_FULL_v1,L1_ELIGIBILITY,v2026-08-11,2026-03-21..2026-08-06,baccarat_bet02_101_all_pairs_incl_sentinel,round_win = game_pnl > 0 (decisive only),COMPATIBILITY_ONLY_NOT_PRODUCTION,340.7947,283.7374,-61.0074,20,20,0.17901515,0.17901515,,0.17901515,61.0074,340.7947,THIN_EXPOSURE,0.0000,-1.8302,3.0000,97.0000,AG03-UNRESOLVED,ALL5_LEVELS_bet23_to_bet27,-1.8302,-1.8302,-1.8302,-2.4403,-2.4403,3.000000,3.000000,3.000000,4.000000,4.000000,97.000000,97.000000,97.000000,96.000000,96.000000,5.0,-10.3713,-9.6929,-50.6362,-51.3145,PENDING_AG03,FALSE,NOT_FOR_ENFORCEMENT,-59.1772,275.2253,-61.0074,-59.1772,-1.8302,-0.17901515,-0.17364470,-1.8302,-59.1772,-0.17364470,-1.8302,-1.8302,-1.8302,-2.4403,-2.4403,-59.1772,-0.17364470,-10.3713,-9.6929,-50.6362,-51.3145,-0.14858258,-0.15057312,-0.00537045,17.0397,14.1869,-3.0504,-20.3358,-6.1007,113.5982,6.6667,17.0397,,12.9089,12.9089,18.0724,26.4632,40.663,54.2173,12.9089,12.2634,3.15,4.2,1.32,7,10,3,2,1.00000000,-0.17901515,-0.17901515,0E-8,0.000000,0.832576,0.000000,,2026-07-23,2026-07-25,3,10,9,3,1.000000,,1.000000,3.333333,,,,,,,,GLOBAL_BASELINE_NO_ENTITY_RANKING,,,NOT_APPLICABLE_GLOBAL_BASELINE,HF9g-P5,,,,X 全窗基线 · 不参与实体赏罚,3926509,393,A168_HF9F_20260827_0900,2026-08-27 09:00:00
2026-07-23,153365138,1401,0,12.9088890610,0E-10,0E-10,,1,1,0.49324550000000000,0.493245500000,,,,0E-17,NO_DECISIVE_ROUND,R03b_20260811_FULL_v1,L1_ELIGIBILITY,v2026-08-11,2026-03-21..2026-08-06,baccarat_bet02_101_all_pairs_incl_sentinel,round_win = game_pnl > 0 (decisive only),COMPATIBILITY_ONLY_NOT_PRODUCTION,340.7947,283.7374,-61.0074,20,20,0.17901515,0.17901515,,0.17901515,61.0074,340.7947,THIN_EXPOSURE,0.0000,-1.8302,3.0000,97.0000,AG03-UNRESOLVED,ALL5_LEVELS_bet23_to_bet27,-1.8302,-1.8302,-1.8302,-2.4403,-2.4403,3.000000,3.000000,3.000000,4.000000,4.000000,97.000000,97.000000,97.000000,96.000000,96.000000,5.0,-10.3713,-9.6929,-50.6362,-51.3145,PENDING_AG03,FALSE,NOT_FOR_ENFORCEMENT,-59.1772,275.2253,-61.0074,-59.1772,-1.8302,-0.17901515,-0.17364470,-1.8302,-59.1772,-0.17364470,-1.8302,-1.8302,-1.8302,-2.4403,-2.4403,-59.1772,-0.17364470,-10.3713,-9.6929,-50.6362,-51.3145,-0.14858258,-0.15057312,-0.00537045,17.0397,14.1869,-3.0504,-20.3358,-6.1007,113.5982,6.6667,17.0397,,12.9089,12.9089,18.0724,26.4632,40.663,54.2173,12.9089,12.2634,3.15,4.2,1.32,7,10,3,2,1.00000000,-0.17901515,-0.17901515,0E-8,0.000000,0.832576,0.000000,,2026-07-23,2026-07-25,3,10,9,3,1.000000,,1.000000,3.333333,,,,,,,,GLOBAL_BASELINE_NO_ENTITY_RANKING,,,NOT_APPLICABLE_GLOBAL_BASELINE,HF9g-P5,,,,X 全窗基线 · 不参与实体赏罚,3926510,393,A168_HF9F_20260827_0900,2026-08-27 09:00:00
2026-07-23,153365138,2093,0,43.8902228074,42.5993339014,42.5993339014,1.0000000,3,3,0.50218230000000000,0.502182300000,1.724507524396475,1.7245075243964754,1.724507524396475,0E-17,ELIGIBLE,R03b_20260811_FULL_v1,L1_ELIGIBILITY,v2026-08-11,2026-03-21..2026-08-06,baccarat_bet02_101_all_pairs_incl_sentinel,round_win = game_pnl > 0 (decisive only),COMPATIBILITY_ONLY_NOT_PRODUCTION,340.7947,283.7374,-61.0074,20,20,0.17901515,0.17901515,,0.17901515,61.0074,340.7947,THIN_EXPOSURE,0.0000,-1.8302,3.0000,97.0000,AG03-UNRESOLVED,ALL5_LEVELS_bet23_to_bet27,-1.8302,-1.8302,-1.8302,-2.4403,-2.4403,3.000000,3.000000,3.000000,4.000000,4.000000,97.000000,97.000000,97.000000,96.000000,96.000000,5.0,-10.3713,-9.6929,-50.6362,-51.3145,PENDING_AG03,FALSE,NOT_FOR_ENFORCEMENT,-59.1772,275.2253,-61.0074,-59.1772,-1.8302,-0.17901515,-0.17364470,-1.8302,-59.1772,-0.17364470,-1.8302,-1.8302,-1.8302,-2.4403,-2.4403,-59.1772,-0.17364470,-10.3713,-9.6929,-50.6362,-51.3145,-0.14858258,-0.15057312,-0.00537045,17.0397,14.1869,-3.0504,-20.3358,-6.1007,113.5982,6.6667,17.0397,,12.9089,12.9089,18.0724,26.4632,40.663,54.2173,12.9089,12.2634,3.15,4.2,1.32,7,10,3,2,1.00000000,-0.17901515,-0.17901515,0E-8,0.000000,0.832576,0.000000,,2026-07-23,2026-07-25,3,10,9,3,1.000000,,1.000000,3.333333,,,,,,,,GLOBAL_BASELINE_NO_ENTITY_RANKING,,,NOT_APPLICABLE_GLOBAL_BASELINE,HF9g-P5,,,,X 全窗基线 · 不参与实体赏罚,3926511,393,A168_HF9F_20260827_0900,2026-08-27 09:00:00
2026-07-23,153365138,2209,0,54.2173340562,-3.8726667182,-3.8726667182,0.5000000,4,4,0.50665070000000000,0.506650700000,-0.02660515369234503,-0.02660515369234503,-0.02660515369234503,0E-17,ELIGIBLE,R03b_20260811_FULL_v1,L1_ELIGIBILITY,v2026-08-11,2026-03-21..2026-08-06,baccarat_bet02_101_all_pairs_incl_sentinel,round_win = game_pnl > 0 (decisive only),COMPATIBILITY_ONLY_NOT_PRODUCTION,340.7947,283.7374,-61.0074,20,20,0.17901515,0.17901515,,0.17901515,61.0074,340.7947,THIN_EXPOSURE,0.0000,-1.8302,3.0000,97.0000,AG03-UNRESOLVED,ALL5_LEVELS_bet23_to_bet27,-1.8302,-1.8302,-1.8302,-2.4403,-2.4403,3.000000,3.000000,3.000000,4.000000,4.000000,97.000000,97.000000,97.000000,96.000000,96.000000,5.0,-10.3713,-9.6929,-50.6362,-51.3145,PENDING_AG03,FALSE,NOT_FOR_ENFORCEMENT,-59.1772,275.2253,-61.0074,-59.1772,-1.8302,-0.17901515,-0.17364470,-1.8302,-59.1772,-0.17364470,-1.8302,-1.8302,-1.8302,-2.4403,-2.4403,-59.1772,-0.17364470,-10.3713,-9.6929,-50.6362,-51.3145,-0.14858258,-0.15057312,-0.00537045,17.0397,14.1869,-3.0504,-20.3358,-6.1007,113.5982,6.6667,17.0397,,12.9089,12.9089,18.0724,26.4632,40.663,54.2173,12.9089,12.2634,3.15,4.2,1.32,7,10,3,2,1.00000000,-0.17901515,-0.17901515,0E-8,0.000000,0.832576,0.000000,,2026-07-23,2026-07-25,3,10,9,3,1.000000,,1.000000,3.333333,,,,,,,,GLOBAL_BASELINE_NO_ENTITY_RANKING,,,NOT_APPLICABLE_GLOBAL_BASELINE,HF9g-P5,,,,X 全窗基线 · 不参与实体赏罚,3926512,393,A168_HF9F_20260827_0900,2026-08-27 09:00:00
2026-07-23,153365138,2246,0,12.9088890610,12.2634446080,12.2634446080,1.0000000,1,1,0.50665070000000000,0.506650700000,0.9867858985152569,0.9867858985152569,0.9867858985152569,0E-17,ELIGIBLE,R03b_20260811_FULL_v1,L1_ELIGIBILITY,v2026-08-11,2026-03-21..2026-08-06,baccarat_bet02_101_all_pairs_incl_sentinel,round_win = game_pnl > 0 (decisive only),COMPATIBILITY_ONLY_NOT_PRODUCTION,340.7947,283.7374,-61.0074,20,20,0.17901515,0.17901515,,0.17901515,61.0074,340.7947,THIN_EXPOSURE,0.0000,-1.8302,3.0000,97.0000,AG03-UNRESOLVED,ALL5_LEVELS_bet23_to_bet27,-1.8302,-1.8302,-1.8302,-2.4403,-2.4403,3.000000,3.000000,3.000000,4.000000,4.000000,97.000000,97.000000,97.000000,96.000000,96.000000,5.0,-10.3713,-9.6929,-50.6362,-51.3145,PENDING_AG03,FALSE,NOT_FOR_ENFORCEMENT,-59.1772,275.2253,-61.0074,-59.1772,-1.8302,-0.17901515,-0.17364470,-1.8302,-59.1772,-0.17364470,-1.8302,-1.8302,-1.8302,-2.4403,-2.4403,-59.1772,-0.17364470,-10.3713,-9.6929,-50.6362,-51.3145,-0.14858258,-0.15057312,-0.00537045,17.0397,14.1869,-3.0504,-20.3358,-6.1007,113.5982,6.6667,17.0397,,12.9089,12.9089,18.0724,26.4632,40.663,54.2173,12.9089,12.2634,3.15,4.2,1.32,7,10,3,2,1.00000000,-0.17901515,-0.17901515,0E-8,0.000000,0.832576,0.000000,,2026-07-23,2026-07-25,3,10,9,3,1.000000,,1.000000,3.333333,,,,,,,,GLOBAL_BASELINE_NO_ENTITY_RANKING,,,NOT_APPLICABLE_GLOBAL_BASELINE,HF9g-P5,,,,X 全窗基线 · 不参与实体赏罚,3926513,393,A168_HF9F_20260827_0900,2026-08-27 09:00:00
2026-07-23,153365138,2251,0,12.9088890610,-12.9088890610,-12.9088890610,0E-7,1,1,0.50665070000000000,0.506650700000,-1.013391052207602,-1.013391052207602,-1.013391052207602,0E-17,ELIGIBLE,R03b_20260811_FULL_v1,L1_ELIGIBILITY,v2026-08-11,2026-03-21..2026-08-06,baccarat_bet02_101_all_pairs_incl_sentinel,round_win = game_pnl > 0 (decisive only),COMPATIBILITY_ONLY_NOT_PRODUCTION,340.7947,283.7374,-61.0074,20,20,0.17901515,0.17901515,,0.17901515,61.0074,340.7947,THIN_EXPOSURE,0.0000,-1.8302,3.0000,97.0000,AG03-UNRESOLVED,ALL5_LEVELS_bet23_to_bet27,-1.8302,-1.8302,-1.8302,-2.4403,-2.4403,3.000000,3.000000,3.000000,4.000000,4.000000,97.000000,97.000000,97.000000,96.000000,96.000000,5.0,-10.3713,-9.6929,-50.6362,-51.3145,PENDING_AG03,FALSE,NOT_FOR_ENFORCEMENT,-59.1772,275.2253,-61.0074,-59.1772,-1.8302,-0.17901515,-0.17364470,-1.8302,-59.1772,-0.17364470,-1.8302,-1.8302,-1.8302,-2.4403,-2.4403,-59.1772,-0.17364470,-10.3713,-9.6929,-50.6362,-51.3145,-0.14858258,-0.15057312,-0.00537045,17.0397,14.1869,-3.0504,-20.3358,-6.1007,113.5982,6.6667,17.0397,,12.9089,12.9089,18.0724,26.4632,40.663,54.2173,12.9089,12.2634,3.15,4.2,1.32,7,10,3,2,1.00000000,-0.17901515,-0.17901515,0E-8,0.000000,0.832576,0.000000,,2026-07-23,2026-07-25,3,10,9,3,1.000000,,1.000000,3.333333,,,,,,,,GLOBAL_BASELINE_NO_ENTITY_RANKING,,,NOT_APPLICABLE_GLOBAL_BASELINE,HF9g-P5,,,,X 全窗基线 · 不参与实体赏罚,3926514,393,A168_HF9F_20260827_0900,2026-08-27 09:00:00
2026-07-23,153365138,2252,0,69.7080009294,49.6992228849,49.6992228849,1.0000000,4,4,0.50329940000000000,0.503299400000,1.7206588134302945,1.7206588134302945,1.7206588134302945,0E-17,ELIGIBLE,R03b_20260811_FULL_v1,L1_ELIGIBILITY,v2026-08-11,2026-03-21..2026-08-06,baccarat_bet02_101_all_pairs_incl_sentinel,round_win = game_pnl > 0 (decisive only),COMPATIBILITY_ONLY_NOT_PRODUCTION,340.7947,283.7374,-61.0074,20,20,0.17901515,0.17901515,,0.17901515,61.0074,340.7947,THIN_EXPOSURE,0.0000,-1.8302,3.0000,97.0000,AG03-UNRESOLVED,ALL5_LEVELS_bet23_to_bet27,-1.8302,-1.8302,-1.8302,-2.4403,-2.4403,3.000000,3.000000,3.000000,4.000000,4.000000,97.000000,97.000000,97.000000,96.000000,96.000000,5.0,-10.3713,-9.6929,-50.6362,-51.3145,PENDING_AG03,FALSE,NOT_FOR_ENFORCEMENT,-59.1772,275.2253,-61.0074,-59.1772,-1.8302,-0.17901515,-0.17364470,-1.8302,-59.1772,-0.17364470,-1.8302,-1.8302,-1.8302,-2.4403,-2.4403,-59.1772,-0.17364470,-10.3713,-9.6929,-50.6362,-51.3145,-0.14858258,-0.15057312,-0.00537045,17.0397,14.1869,-3.0504,-20.3358,-6.1007,113.5982,6.6667,17.0397,,12.9089,12.9089,18.0724,26.4632,40.663,54.2173,12.9089,12.2634,3.15,4.2,1.32,7,10,3,2,1.00000000,-0.17901515,-0.17901515,0E-8,0.000000,0.832576,0.000000,,2026-07-23,2026-07-25,3,10,9,3,1.000000,,1.000000,3.333333,,,,,,,,GLOBAL_BASELINE_NO_ENTITY_RANKING,,,NOT_APPLICABLE_GLOBAL_BASELINE,HF9g-P5,,,,X 全窗基线 · 不参与实体赏罚,3926515,393,A168_HF9F_20260827_0900,2026-08-27 09:00:00
2026-07-23,153365138,2267,0,12.9088890610,0E-10,0E-10,,1,1,0.49324550000000000,0.493245500000,,,,0E-17,NO_DECISIVE_ROUND,R03b_20260811_FULL_v1,L1_ELIGIBILITY,v2026-08-11,2026-03-21..2026-08-06,baccarat_bet02_101_all_pairs_incl_sentinel,round_win = game_pnl > 0 (decisive only),COMPATIBILITY_ONLY_NOT_PRODUCTION,340.7947,283.7374,-61.0074,20,20,0.17901515,0.17901515,,0.17901515,61.0074,340.7947,THIN_EXPOSURE,0.0000,-1.8302,3.0000,97.0000,AG03-UNRESOLVED,ALL5_LEVELS_bet23_to_bet27,-1.8302,-1.8302,-1.8302,-2.4403,-2.4403,3.000000,3.000000,3.000000,4.000000,4.000000,97.000000,97.000000,97.000000,96.000000,96.000000,5.0,-10.3713,-9.6929,-50.6362,-51.3145,PENDING_AG03,FALSE,NOT_FOR_ENFORCEMENT,-59.1772,275.2253,-61.0074,-59.1772,-1.8302,-0.17901515,-0.17364470,-1.8302,-59.1772,-0.17364470,-1.8302,-1.8302,-1.8302,-2.4403,-2.4403,-59.1772,-0.17364470,-10.3713,-9.6929,-50.6362,-51.3145,-0.14858258,-0.15057312,-0.00537045,17.0397,14.1869,-3.0504,-20.3358,-6.1007,113.5982,6.6667,17.0397,,12.9089,12.9089,18.0724,26.4632,40.663,54.2173,12.9089,12.2634,3.15,4.2,1.32,7,10,3,2,1.00000000,-0.17901515,-0.17901515,0E-8,0.000000,0.832576,0.000000,,2026-07-23,2026-07-25,3,10,9,3,1.000000,,1.000000,3.333333,,,,,,,,GLOBAL_BASELINE_NO_ENTITY_RANKING,,,NOT_APPLICABLE_GLOBAL_BASELINE,HF9g-P5,,,,X 全窗基线 · 不参与实体赏罚,3926516,393,A168_HF9F_20260827_0900,2026-08-27 09:00:00
2026-07-24,153365138,970,0,13.1670668422,0E-10,0E-10,,1,1,0.49324550000000000,0.493245500000,,,,0E-17,NO_DECISIVE_ROUND,R03b_20260811_FULL_v1,L1_ELIGIBILITY,v2026-08-11,2026-03-21..2026-08-06,baccarat_bet02_101_all_pairs_incl_sentinel,round_win = game_pnl > 0 (decisive only),COMPATIBILITY_ONLY_NOT_PRODUCTION,340.7947,283.7374,-61.0074,20,20,0.17901515,0.17901515,,0.17901515,61.0074,340.7947,THIN_EXPOSURE,0.0000,-1.8302,3.0000,97.0000,AG03-UNRESOLVED,ALL5_LEVELS_bet23_to_bet27,-1.8302,-1.8302,-1.8302,-2.4403,-2.4403,3.000000,3.000000,3.000000,4.000000,4.000000,97.000000,97.000000,97.000000,96.000000,96.000000,5.0,-10.3713,-9.6929,-50.6362,-51.3145,PENDING_AG03,FALSE,NOT_FOR_ENFORCEMENT,-59.1772,275.2253,-61.0074,-59.1772,-1.8302,-0.17901515,-0.17364470,-1.8302,-59.1772,-0.17364470,-1.8302,-1.8302,-1.8302,-2.4403,-2.4403,-59.1772,-0.17364470,-10.3713,-9.6929,-50.6362,-51.3145,-0.14858258,-0.15057312,-0.00537045,17.0397,14.1869,-3.0504,-20.3358,-6.1007,113.5982,6.6667,17.0397,,12.9089,12.9089,18.0724,26.4632,40.663,54.2173,12.9089,12.2634,3.15,4.2,1.32,7,10,3,2,1.00000000,-0.17901515,-0.17901515,0E-8,0.000000,0.832576,0.000000,,2026-07-23,2026-07-25,3,10,9,3,1.000000,,1.000000,3.333333,,,,,,,,GLOBAL_BASELINE_NO_ENTITY_RANKING,,,NOT_APPLICABLE_GLOBAL_BASELINE,HF9g-P5,,,,X 全窗基线 · 不参与实体赏罚,3926517,393,A168_HF9F_20260827_0900,2026-08-27 09:00:00
2026-07-25,153365138,2170,0,95.2676012702,-13.8641468515,-13.8641468515,0.6666667,3,3,0.49771390000000000,0.497713900000,0.5852756695216578,0.5852756695216578,0.5852756695216578,0E-17,ELIGIBLE,R03b_20260811_FULL_v1,L1_ELIGIBILITY,v2026-08-11,2026-03-21..2026-08-06,baccarat_bet02_101_all_pairs_incl_sentinel,round_win = game_pnl > 0 (decisive only),COMPATIBILITY_ONLY_NOT_PRODUCTION,340.7947,283.7374,-61.0074,20,20,0.17901515,0.17901515,,0.17901515,61.0074,340.7947,THIN_EXPOSURE,0.0000,-1.8302,3.0000,97.0000,AG03-UNRESOLVED,ALL5_LEVELS_bet23_to_bet27,-1.8302,-1.8302,-1.8302,-2.4403,-2.4403,3.000000,3.000000,3.000000,4.000000,4.000000,97.000000,97.000000,97.000000,96.000000,96.000000,5.0,-10.3713,-9.6929,-50.6362,-51.3145,PENDING_AG03,FALSE,NOT_FOR_ENFORCEMENT,-59.1772,275.2253,-61.0074,-59.1772,-1.8302,-0.17901515,-0.17364470,-1.8302,-59.1772,-0.17364470,-1.8302,-1.8302,-1.8302,-2.4403,-2.4403,-59.1772,-0.17364470,-10.3713,-9.6929,-50.6362,-51.3145,-0.14858258,-0.15057312,-0.00537045,17.0397,14.1869,-3.0504,-20.3358,-6.1007,113.5982,6.6667,17.0397,,12.9089,12.9089,18.0724,26.4632,40.663,54.2173,12.9089,12.2634,3.15,4.2,1.32,7,10,3,2,1.00000000,-0.17901515,-0.17901515,0E-8,0.000000,0.832576,0.000000,,2026-07-23,2026-07-25,3,10,9,3,1.000000,,1.000000,3.333333,,,,,,,,GLOBAL_BASELINE_NO_ENTITY_RANKING,,,NOT_APPLICABLE_GLOBAL_BASELINE,HF9g-P5,,,,X 全窗基线 · 不参与实体赏罚,3926518,393,A168_HF9F_20260827_0900,2026-08-27 09:00:00
2026-05-18,150233618,-1,1,2.1006196828,-2.1006196828,-2.1006196828,0E-7,2,2,0.50665070000000000,0.506650700000,-1.4331513700195317,-1.4331513700195317,-1.4331513700195317,0E-17,SENTINEL_DEALER,R03b_20260811_FULL_v1,L1_ELIGIBILITY,v2026-08-11,2026-03-21..2026-08-06,baccarat_bet02_101_all_pairs_incl_sentinel,round_win = game_pnl > 0 (decisive only),COMPATIBILITY_ONLY_NOT_PRODUCTION,185.0646,170.9904,-61.6427,18,18,0.33308740,,0.33308740,0.33308740,61.6427,185.0646,THIN_EXPOSURE,0.0000,-2.4657,4.0000,96.0000,AG03-UNRESOLVED,ALL5_LEVELS_bet23_to_bet27,-2.4657,-2.4657,-3.0821,0.0000,0.0000,4.000000,4.000000,5.000000,0.000000,0.000000,96.000000,96.000000,95.000000,100.000000,100.000000,5.0,-8.0135,-7.6733,-53.6291,-53.9694,PENDING_AG03,FALSE,NOT_FOR_ENFORCEMENT,-59.1770,164.1508,-61.6427,-59.1770,-2.4657,-0.33308740,-0.31976390,-2.4657,-59.1770,-0.31976390,-2.4657,-2.4657,-3.0821,0.0000,0.0000,-59.1770,-0.31976390,-8.0135,-7.6733,-53.6291,-53.9694,-0.28978604,-0.29162468,-0.01332350,10.2814,9.4995,-3.4246,-61.6427,-6.8492,185.0646,18.0000,,10.2814,1.0503,13.8641,15.7546,19.4727,20.5441,20.7961,13.8641,-0.5252,1.481818,1.5,0.741582,9,9,1,3,0E-8,-0.33308740,,0E-8,0.000000,0.923950,0.000000,,2026-05-18,2026-05-18,1,9,9,1,1.000000,,,0.000000,,,,,,,,GLOBAL_BASELINE_NO_ENTITY_RANKING,,,NOT_APPLICABLE_GLOBAL_BASELINE,HF9g-P5,,,,X 全窗基线 · 不参与实体赏罚,3926519,393,A168_HF9F_20260827_0900,2026-08-27 09:00:00
2026-05-18,150233618,1109,0,17.8552673039,17.8552673039,17.8552673039,1.0000000,1,1,0.49324550000000000,0.493245500000,1.01360149184955,1.01360149184955,1.01360149184955,0E-17,ELIGIBLE,R03b_20260811_FULL_v1,L1_ELIGIBILITY,v2026-08-11,2026-03-21..2026-08-06,baccarat_bet02_101_all_pairs_incl_sentinel,round_win = game_pnl > 0 (decisive only),COMPATIBILITY_ONLY_NOT_PRODUCTION,185.0646,170.9904,-61.6427,18,18,0.33308740,,0.33308740,0.33308740,61.6427,185.0646,THIN_EXPOSURE,0.0000,-2.4657,4.0000,96.0000,AG03-UNRESOLVED,ALL5_LEVELS_bet23_to_bet27,-2.4657,-2.4657,-3.0821,0.0000,0.0000,4.000000,4.000000,5.000000,0.000000,0.000000,96.000000,96.000000,95.000000,100.000000,100.000000,5.0,-8.0135,-7.6733,-53.6291,-53.9694,PENDING_AG03,FALSE,NOT_FOR_ENFORCEMENT,-59.1770,164.1508,-61.6427,-59.1770,-2.4657,-0.33308740,-0.31976390,-2.4657,-59.1770,-0.31976390,-2.4657,-2.4657,-3.0821,0.0000,0.0000,-59.1770,-0.31976390,-8.0135,-7.6733,-53.6291,-53.9694,-0.28978604,-0.29162468,-0.01332350,10.2814,9.4995,-3.4246,-61.6427,-6.8492,185.0646,18.0000,,10.2814,1.0503,13.8641,15.7546,19.4727,20.5441,20.7961,13.8641,-0.5252,1.481818,1.5,0.741582,9,9,1,3,0E-8,-0.33308740,,0E-8,0.000000,0.923950,0.000000,,2026-05-18,2026-05-18,1,9,9,1,1.000000,,,0.000000,,,,,,,,GLOBAL_BASELINE_NO_ENTITY_RANKING,,,NOT_APPLICABLE_GLOBAL_BASELINE,HF9g-P5,,,,X 全窗基线 · 不参与实体赏罚,3926520,393,A168_HF9F_20260827_0900,2026-08-27 09:00:00
2026-05-18,150233618,1210,0,32.1394811469,27.2450372860,27.2450372860,0.5000000,4,4,0.29727545000000000,0.297275450000,0.8870829970474509,0.8870829970474509,0.8870829970474509,0E-17,ELIGIBLE,R03b_20260811_FULL_v1,L1_ELIGIBILITY,v2026-08-11,2026-03-21..2026-08-06,baccarat_bet02_101_all_pairs_incl_sentinel,round_win = game_pnl > 0 (decisive only),COMPATIBILITY_ONLY_NOT_PRODUCTION,185.0646,170.9904,-61.6427,18,18,0.33308740,,0.33308740,0.33308740,61.6427,185.0646,THIN_EXPOSURE,0.0000,-2.4657,4.0000,96.0000,AG03-UNRESOLVED,ALL5_LEVELS_bet23_to_bet27,-2.4657,-2.4657,-3.0821,0.0000,0.0000,4.000000,4.000000,5.000000,0.000000,0.000000,96.000000,96.000000,95.000000,100.000000,100.000000,5.0,-8.0135,-7.6733,-53.6291,-53.9694,PENDING_AG03,FALSE,NOT_FOR_ENFORCEMENT,-59.1770,164.1508,-61.6427,-59.1770,-2.4657,-0.33308740,-0.31976390,-2.4657,-59.1770,-0.31976390,-2.4657,-2.4657,-3.0821,0.0000,0.0000,-59.1770,-0.31976390,-8.0135,-7.6733,-53.6291,-53.9694,-0.28978604,-0.29162468,-0.01332350,10.2814,9.4995,-3.4246,-61.6427,-6.8492,185.0646,18.0000,,10.2814,1.0503,13.8641,15.7546,19.4727,20.5441,20.7961,13.8641,-0.5252,1.481818,1.5,0.741582,9,9,1,3,0E-8,-0.33308740,,0E-8,0.000000,0.923950,0.000000,,2026-05-18,2026-05-18,1,9,9,1,1.000000,,,0.000000,,,,,,,,GLOBAL_BASELINE_NO_ENTITY_RANKING,,,NOT_APPLICABLE_GLOBAL_BASELINE,HF9g-P5,,,,X 全窗基线 · 不参与实体赏罚,3926521,393,A168_HF9F_20260827_0900,2026-08-27 09:00:00
2026-05-18,150233618,1325,0,14.9143997479,12.8137800651,12.8137800651,0.5000000,2,2,0.49324550000000000,0.493245500000,0.01910635448239258,0.01910635448239258,0.01910635448239258,0E-17,ELIGIBLE,R03b_20260811_FULL_v1,L1_ELIGIBILITY,v2026-08-11,2026-03-21..2026-08-06,baccarat_bet02_101_all_pairs_incl_sentinel,round_win = game_pnl > 0 (decisive only),COMPATIBILITY_ONLY_NOT_PRODUCTION,185.0646,170.9904,-61.6427,18,18,0.33308740,,0.33308740,0.33308740,61.6427,185.0646,THIN_EXPOSURE,0.0000,-2.4657,4.0000,96.0000,AG03-UNRESOLVED,ALL5_LEVELS_bet23_to_bet27,-2.4657,-2.4657,-3.0821,0.0000,0.0000,4.000000,4.000000,5.000000,0.000000,0.000000,96.000000,96.000000,95.000000,100.000000,100.000000,5.0,-8.0135,-7.6733,-53.6291,-53.9694,PENDING_AG03,FALSE,NOT_FOR_ENFORCEMENT,-59.1770,164.1508,-61.6427,-59.1770,-2.4657,-0.33308740,-0.31976390,-2.4657,-59.1770,-0.31976390,-2.4657,-2.4657,-3.0821,0.0000,0.0000,-59.1770,-0.31976390,-8.0135,-7.6733,-53.6291,-53.9694,-0.28978604,-0.29162468,-0.01332350,10.2814,9.4995,-3.4246,-61.6427,-6.8492,185.0646,18.0000,,10.2814,1.0503,13.8641,15.7546,19.4727,20.5441,20.7961,13.8641,-0.5252,1.481818,1.5,0.741582,9,9,1,3,0E-8,-0.33308740,,0E-8,0.000000,0.923950,0.000000,,2026-05-18,2026-05-18,1,9,9,1,1.000000,,,0.000000,,,,,,,,GLOBAL_BASELINE_NO_ENTITY_RANKING,,,NOT_APPLICABLE_GLOBAL_BASELINE,HF9g-P5,,,,X 全窗基线 · 不参与实体赏罚,3926522,393,A168_HF9F_20260827_0900,2026-08-27 09:00:00
2026-05-18,150233618,1485,0,36.7608444491,32.8746980359,32.8746980359,0.6666667,3,3,0.50665070000000000,0.506650700000,0.5543606114942035,0.5543606114942035,0.5543606114942035,0E-17,ELIGIBLE,R03b_20260811_FULL_v1,L1_ELIGIBILITY,v2026-08-11,2026-03-21..2026-08-06,baccarat_bet02_101_all_pairs_incl_sentinel,round_win = game_pnl > 0 (decisive only),COMPATIBILITY_ONLY_NOT_PRODUCTION,185.0646,170.9904,-61.6427,18,18,0.33308740,,0.33308740,0.33308740,61.6427,185.0646,THIN_EXPOSURE,0.0000,-2.4657,4.0000,96.0000,AG03-UNRESOLVED,ALL5_LEVELS_bet23_to_bet27,-2.4657,-2.4657,-3.0821,0.0000,0.0000,4.000000,4.000000,5.000000,0.000000,0.000000,96.000000,96.000000,95.000000,100.000000,100.000000,5.0,-8.0135,-7.6733,-53.6291,-53.9694,PENDING_AG03,FALSE,NOT_FOR_ENFORCEMENT,-59.1770,164.1508,-61.6427,-59.1770,-2.4657,-0.33308740,-0.31976390,-2.4657,-59.1770,-0.31976390,-2.4657,-2.4657,-3.0821,0.0000,0.0000,-59.1770,-0.31976390,-8.0135,-7.6733,-53.6291,-53.9694,-0.28978604,-0.29162468,-0.01332350,10.2814,9.4995,-3.4246,-61.6427,-6.8492,185.0646,18.0000,,10.2814,1.0503,13.8641,15.7546,19.4727,20.5441,20.7961,13.8641,-0.5252,1.481818,1.5,0.741582,9,9,1,3,0E-8,-0.33308740,,0E-8,0.000000,0.923950,0.000000,,2026-05-18,2026-05-18,1,9,9,1,1.000000,,,0.000000,,,,,,,,GLOBAL_BASELINE_NO_ENTITY_RANKING,,,NOT_APPLICABLE_GLOBAL_BASELINE,HF9g-P5,,,,X 全窗基线 · 不参与实体赏罚,3926523,393,A168_HF9F_20260827_0900,2026-08-27 09:00:00
2026-05-18,150233618,2244,0,15.7546476210,14.9669152400,14.9669152400,1.0000000,1,1,0.50665070000000000,0.506650700000,0.9867858985152569,0.9867858985152569,0.9867858985152569,0E-17,ELIGIBLE,R03b_20260811_FULL_v1,L1_ELIGIBILITY,v2026-08-11,2026-03-21..2026-08-06,baccarat_bet02_101_all_pairs_incl_sentinel,round_win = game_pnl > 0 (decisive only),COMPATIBILITY_ONLY_NOT_PRODUCTION,185.0646,170.9904,-61.6427,18,18,0.33308740,,0.33308740,0.33308740,61.6427,185.0646,THIN_EXPOSURE,0.0000,-2.4657,4.0000,96.0000,AG03-UNRESOLVED,ALL5_LEVELS_bet23_to_bet27,-2.4657,-2.4657,-3.0821,0.0000,0.0000,4.000000,4.000000,5.000000,0.000000,0.000000,96.000000,96.000000,95.000000,100.000000,100.000000,5.0,-8.0135,-7.6733,-53.6291,-53.9694,PENDING_AG03,FALSE,NOT_FOR_ENFORCEMENT,-59.1770,164.1508,-61.6427,-59.1770,-2.4657,-0.33308740,-0.31976390,-2.4657,-59.1770,-0.31976390,-2.4657,-2.4657,-3.0821,0.0000,0.0000,-59.1770,-0.31976390,-8.0135,-7.6733,-53.6291,-53.9694,-0.28978604,-0.29162468,-0.01332350,10.2814,9.4995,-3.4246,-61.6427,-6.8492,185.0646,18.0000,,10.2814,1.0503,13.8641,15.7546,19.4727,20.5441,20.7961,13.8641,-0.5252,1.481818,1.5,0.741582,9,9,1,3,0E-8,-0.33308740,,0E-8,0.000000,0.923950,0.000000,,2026-05-18,2026-05-18,1,9,9,1,1.000000,,,0.000000,,,,,,,,GLOBAL_BASELINE_NO_ENTITY_RANKING,,,NOT_APPLICABLE_GLOBAL_BASELINE,HF9g-P5,,,,X 全窗基线 · 不参与实体赏罚,3926524,393,A168_HF9F_20260827_0900,2026-08-27 09:00:00
2026-05-18,150233618,2252,0,14.0741518748,0E-10,0E-10,,1,1,0.49324550000000000,0.493245500000,,,,0E-17,NO_DECISIVE_ROUND,R03b_20260811_FULL_v1,L1_ELIGIBILITY,v2026-08-11,2026-03-21..2026-08-06,baccarat_bet02_101_all_pairs_incl_sentinel,round_win = game_pnl > 0 (decisive only),COMPATIBILITY_ONLY_NOT_PRODUCTION,185.0646,170.9904,-61.6427,18,18,0.33308740,,0.33308740,0.33308740,61.6427,185.0646,THIN_EXPOSURE,0.0000,-2.4657,4.0000,96.0000,AG03-UNRESOLVED,ALL5_LEVELS_bet23_to_bet27,-2.4657,-2.4657,-3.0821,0.0000,0.0000,4.000000,4.000000,5.000000,0.000000,0.000000,96.000000,96.000000,95.000000,100.000000,100.000000,5.0,-8.0135,-7.6733,-53.6291,-53.9694,PENDING_AG03,FALSE,NOT_FOR_ENFORCEMENT,-59.1770,164.1508,-61.6427,-59.1770,-2.4657,-0.33308740,-0.31976390,-2.4657,-59.1770,-0.31976390,-2.4657,-2.4657,-3.0821,0.0000,0.0000,-59.1770,-0.31976390,-8.0135,-7.6733,-53.6291,-53.9694,-0.28978604,-0.29162468,-0.01332350,10.2814,9.4995,-3.4246,-61.6427,-6.8492,185.0646,18.0000,,10.2814,1.0503,13.8641,15.7546,19.4727,20.5441,20.7961,13.8641,-0.5252,1.481818,1.5,0.741582,9,9,1,3,0E-8,-0.33308740,,0E-8,0.000000,0.923950,0.000000,,2026-05-18,2026-05-18,1,9,9,1,1.000000,,,0.000000,,,,,,,,GLOBAL_BASELINE_NO_ENTITY_RANKING,,,NOT_APPLICABLE_GLOBAL_BASELINE,HF9g-P5,,,,X 全窗基线 · 不参与实体赏罚,3926525,393,A168_HF9F_20260827_0900,2026-08-27 09:00:00
2026-05-18,150233618,550,0,29.6187375275,-29.6187375275,-29.6187375275,0E-7,2,2,0.50665070000000000,0.506650700000,-1.4331513700195317,-1.4331513700195317,-1.4331513700195317,0E-17,ELIGIBLE,R03b_20260811_FULL_v1,L1_ELIGIBILITY,v2026-08-11,2026-03-21..2026-08-06,baccarat_bet02_101_all_pairs_incl_sentinel,round_win = game_pnl > 0 (decisive only),COMPATIBILITY_ONLY_NOT_PRODUCTION,185.0646,170.9904,-61.6427,18,18,0.33308740,,0.33308740,0.33308740,61.6427,185.0646,THIN_EXPOSURE,0.0000,-2.4657,4.0000,96.0000,AG03-UNRESOLVED,ALL5_LEVELS_bet23_to_bet27,-2.4657,-2.4657,-3.0821,0.0000,0.0000,4.000000,4.000000,5.000000,0.000000,0.000000,96.000000,96.000000,95.000000,100.000000,100.000000,5.0,-8.0135,-7.6733,-53.6291,-53.9694,PENDING_AG03,FALSE,NOT_FOR_ENFORCEMENT,-59.1770,164.1508,-61.6427,-59.1770,-2.4657,-0.33308740,-0.31976390,-2.4657,-59.1770,-0.31976390,-2.4657,-2.4657,-3.0821,0.0000,0.0000,-59.1770,-0.31976390,-8.0135,-7.6733,-53.6291,-53.9694,-0.28978604,-0.29162468,-0.01332350,10.2814,9.4995,-3.4246,-61.6427,-6.8492,185.0646,18.0000,,10.2814,1.0503,13.8641,15.7546,19.4727,20.5441,20.7961,13.8641,-0.5252,1.481818,1.5,0.741582,9,9,1,3,0E-8,-0.33308740,,0E-8,0.000000,0.923950,0.000000,,2026-05-18,2026-05-18,1,9,9,1,1.000000,,,0.000000,,,,,,,,GLOBAL_BASELINE_NO_ENTITY_RANKING,,,NOT_APPLICABLE_GLOBAL_BASELINE,HF9g-P5,,,,X 全窗基线 · 不参与实体赏罚,3926526,393,A168_HF9F_20260827_0900,2026-08-27 09:00:00
2026-05-18,150233618,789,0,21.8464447012,-12.3936561286,-12.3936561286,0.5000000,2,2,0.30062675000000000,0.300626750000,0.6149128471998733,0.6149128471998733,0.6149128471998733,0E-17,ELIGIBLE,R03b_20260811_FULL_v1,L1_ELIGIBILITY,v2026-08-11,2026-03-21..2026-08-06,baccarat_bet02_101_all_pairs_incl_sentinel,round_win = game_pnl > 0 (decisive only),COMPATIBILITY_ONLY_NOT_PRODUCTION,185.0646,170.9904,-61.6427,18,18,0.33308740,,0.33308740,0.33308740,61.6427,185.0646,THIN_EXPOSURE,0.0000,-2.4657,4.0000,96.0000,AG03-UNRESOLVED,ALL5_LEVELS_bet23_to_bet27,-2.4657,-2.4657,-3.0821,0.0000,0.0000,4.000000,4.000000,5.000000,0.000000,0.000000,96.000000,96.000000,95.000000,100.000000,100.000000,5.0,-8.0135,-7.6733,-53.6291,-53.9694,PENDING_AG03,FALSE,NOT_FOR_ENFORCEMENT,-59.1770,164.1508,-61.6427,-59.1770,-2.4657,-0.33308740,-0.31976390,-2.4657,-59.1770,-0.31976390,-2.4657,-2.4657,-3.0821,0.0000,0.0000,-59.1770,-0.31976390,-8.0135,-7.6733,-53.6291,-53.9694,-0.28978604,-0.29162468,-0.01332350,10.2814,9.4995,-3.4246,-61.6427,-6.8492,185.0646,18.0000,,10.2814,1.0503,13.8641,15.7546,19.4727,20.5441,20.7961,13.8641,-0.5252,1.481818,1.5,0.741582,9,9,1,3,0E-8,-0.33308740,,0E-8,0.000000,0.923950,0.000000,,2026-05-18,2026-05-18,1,9,9,1,1.000000,,,0.000000,,,,,,,,GLOBAL_BASELINE_NO_ENTITY_RANKING,,,NOT_APPLICABLE_GLOBAL_BASELINE,HF9g-P5,,,,X 全窗基线 · 不参与实体赏罚,3926527,393,A168_HF9F_20260827_0900,2026-08-27 09:00:00
2026-05-05,149596057,1299,0,71.4210692154,-30.4589854006,-30.4589854006,0.3333333,3,3,0.49771390000000000,0.497713900000,-0.5694369385616226,-0.5694369385616226,-0.5694369385616226,0E-17,ELIGIBLE,R03b_20260811_FULL_v1,L1_ELIGIBILITY,v2026-08-11,2026-03-21..2026-08-06,baccarat_bet02_101_all_pairs_incl_sentinel,round_win = game_pnl > 0 (decisive only),COMPATIBILITY_ONLY_NOT_PRODUCTION,4744.2496,4365.5078,-61.6427,115,101,0.01299314,,0.01299314,0.01299314,61.6427,4744.2496,OK,0.0000,-2.4657,4.0000,96.0000,AG03-UNRESOLVED,ALL5_LEVELS_bet23_to_bet27,-2.4657,-2.4657,-2.4657,-2.4657,-2.4657,4.000000,4.000000,4.000000,4.000000,4.000000,96.000000,96.000000,96.000000,96.000000,96.000000,5.0,-12.3285,-11.3809,-49.3141,-50.2618,PENDING_AG03,FALSE,NOT_FOR_ENFORCEMENT,-59.1770,4190.8875,-61.6427,-59.1770,-2.4657,-0.01299314,-0.01247341,-2.4657,-59.1770,-0.01247341,-2.4657,-2.4657,-2.4657,-2.4657,-2.4657,-59.1770,-0.01247341,-12.3285,-11.3809,-49.3141,-50.2618,-0.01039451,-0.01059425,-0.00051973,41.2543,43.2228,-0.6103,-20.5476,-2.5684,1581.4165,33.6667,,41.2543,4.2012,10.5031,42.0124,114.4838,204.8104,302.8356,10.5031,0.0,19.5,28.832975,3.927826,15,22,5,6,0E-8,-0.01299314,,0E-8,0.000000,0.920168,0.000000,,2026-05-05,2026-05-24,3,24,21,20,0.150000,,,0.000000,,,,,,,,GLOBAL_BASELINE_NO_ENTITY_RANKING,,,NOT_APPLICABLE_GLOBAL_BASELINE,HF9g-P5,,,,X 全窗基线 · 不参与实体赏罚,3926528,393,A168_HF9F_20260827_0900,2026-08-27 09:00:00
2026-05-05,149596057,1509,0,198.5085600253,-198.5085600253,-198.5085600253,0E-7,2,2,0.49324550000000000,0.493245500000,-1.3952362676504506,-1.3952362676504506,-1.3952362676504506,0E-17,ELIGIBLE,R03b_20260811_FULL_v1,L1_ELIGIBILITY,v2026-08-11,2026-03-21..2026-08-06,baccarat_bet02_101_all_pairs_incl_sentinel,round_win = game_pnl > 0 (decisive only),COMPATIBILITY_ONLY_NOT_PRODUCTION,4744.2496,4365.5078,-61.6427,115,101,0.01299314,,0.01299314,0.01299314,61.6427,4744.2496,OK,0.0000,-2.4657,4.0000,96.0000,AG03-UNRESOLVED,ALL5_LEVELS_bet23_to_bet27,-2.4657,-2.4657,-2.4657,-2.4657,-2.4657,4.000000,4.000000,4.000000,4.000000,4.000000,96.000000,96.000000,96.000000,96.000000,96.000000,5.0,-12.3285,-11.3809,-49.3141,-50.2618,PENDING_AG03,FALSE,NOT_FOR_ENFORCEMENT,-59.1770,4190.8875,-61.6427,-59.1770,-2.4657,-0.01299314,-0.01247341,-2.4657,-59.1770,-0.01247341,-2.4657,-2.4657,-2.4657,-2.4657,-2.4657,-59.1770,-0.01247341,-12.3285,-11.3809,-49.3141,-50.2618,-0.01039451,-0.01059425,-0.00051973,41.2543,43.2228,-0.6103,-20.5476,-2.5684,1581.4165,33.6667,,41.2543,4.2012,10.5031,42.0124,114.4838,204.8104,302.8356,10.5031,0.0,19.5,28.832975,3.927826,15,22,5,6,0E-8,-0.01299314,,0E-8,0.000000,0.920168,0.000000,,2026-05-05,2026-05-24,3,24,21,20,0.150000,,,0.000000,,,,,,,,GLOBAL_BASELINE_NO_ENTITY_RANKING,,,NOT_APPLICABLE_GLOBAL_BASELINE,HF9g-P5,,,,X 全窗基线 · 不参与实体赏罚,3926529,393,A168_HF9F_20260827_0900,2026-08-27 09:00:00
2026-05-05,149596057,2235,0,18.9055771453,18.9055771453,18.9055771453,1.0000000,1,1,0.49324550000000000,0.493245500000,1.01360149184955,1.01360149184955,1.01360149184955,0E-17,ELIGIBLE,R03b_20260811_FULL_v1,L1_ELIGIBILITY,v2026-08-11,2026-03-21..2026-08-06,baccarat_bet02_101_all_pairs_incl_sentinel,round_win = game_pnl > 0 (decisive only),COMPATIBILITY_ONLY_NOT_PRODUCTION,4744.2496,4365.5078,-61.6427,115,101,0.01299314,,0.01299314,0.01299314,61.6427,4744.2496,OK,0.0000,-2.4657,4.0000,96.0000,AG03-UNRESOLVED,ALL5_LEVELS_bet23_to_bet27,-2.4657,-2.4657,-2.4657,-2.4657,-2.4657,4.000000,4.000000,4.000000,4.000000,4.000000,96.000000,96.000000,96.000000,96.000000,96.000000,5.0,-12.3285,-11.3809,-49.3141,-50.2618,PENDING_AG03,FALSE,NOT_FOR_ENFORCEMENT,-59.1770,4190.8875,-61.6427,-59.1770,-2.4657,-0.01299314,-0.01247341,-2.4657,-59.1770,-0.01247341,-2.4657,-2.4657,-2.4657,-2.4657,-2.4657,-59.1770,-0.01247341,-12.3285,-11.3809,-49.3141,-50.2618,-0.01039451,-0.01059425,-0.00051973,41.2543,43.2228,-0.6103,-20.5476,-2.5684,1581.4165,33.6667,,41.2543,4.2012,10.5031,42.0124,114.4838,204.8104,302.8356,10.5031,0.0,19.5,28.832975,3.927826,15,22,5,6,0E-8,-0.01299314,,0E-8,0.000000,0.920168,0.000000,,2026-05-05,2026-05-24,3,24,21,20,0.150000,,,0.000000,,,,,,,,GLOBAL_BASELINE_NO_ENTITY_RANKING,,,NOT_APPLICABLE_GLOBAL_BASELINE,HF9g-P5,,,,X 全窗基线 · 不参与实体赏罚,3926530,393,A168_HF9F_20260827_0900,2026-08-27 09:00:00
2026-05-05,149596057,948,0,84.0247873123,-84.0247873123,-84.0247873123,0E-7,2,2,0.49324550000000000,0.493245500000,-1.3952362676504506,-1.3952362676504506,-1.3952362676504506,0E-17,ELIGIBLE,R03b_20260811_FULL_v1,L1_ELIGIBILITY,v2026-08-11,2026-03-21..2026-08-06,baccarat_bet02_101_all_pairs_incl_sentinel,round_win = game_pnl > 0 (decisive only),COMPATIBILITY_ONLY_NOT_PRODUCTION,4744.2496,4365.5078,-61.6427,115,101,0.01299314,,0.01299314,0.01299314,61.6427,4744.2496,OK,0.0000,-2.4657,4.0000,96.0000,AG03-UNRESOLVED,ALL5_LEVELS_bet23_to_bet27,-2.4657,-2.4657,-2.4657,-2.4657,-2.4657,4.000000,4.000000,4.000000,4.000000,4.000000,96.000000,96.000000,96.000000,96.000000,96.000000,5.0,-12.3285,-11.3809,-49.3141,-50.2618,PENDING_AG03,FALSE,NOT_FOR_ENFORCEMENT,-59.1770,4190.8875,-61.6427,-59.1770,-2.4657,-0.01299314,-0.01247341,-2.4657,-59.1770,-0.01247341,-2.4657,-2.4657,-2.4657,-2.4657,-2.4657,-59.1770,-0.01247341,-12.3285,-11.3809,-49.3141,-50.2618,-0.01039451,-0.01059425,-0.00051973,41.2543,43.2228,-0.6103,-20.5476,-2.5684,1581.4165,33.6667,,41.2543,4.2012,10.5031,42.0124,114.4838,204.8104,302.8356,10.5031,0.0,19.5,28.832975,3.927826,15,22,5,6,0E-8,-0.01299314,,0E-8,0.000000,0.920168,0.000000,,2026-05-05,2026-05-24,3,24,21,20,0.150000,,,0.000000,,,,,,,,GLOBAL_BASELINE_NO_ENTITY_RANKING,,,NOT_APPLICABLE_GLOBAL_BASELINE,HF9g-P5,,,,X 全窗基线 · 不参与实体赏罚,3926531,393,A168_HF9F_20260827_0900,2026-08-27 09:00:00
2026-05-23,149596057,-1,1,189.0557714526,-189.0557714526,-189.0557714526,0E-7,1,1,0.49324550000000000,0.493245500000,-0.9865810262130424,-0.9865810262130424,-0.9865810262130424,0E-17,SENTINEL_DEALER,R03b_20260811_FULL_v1,L1_ELIGIBILITY,v2026-08-11,2026-03-21..2026-08-06,baccarat_bet02_101_all_pairs_incl_sentinel,round_win = game_pnl > 0 (decisive only),COMPATIBILITY_ONLY_NOT_PRODUCTION,4744.2496,4365.5078,-61.6427,115,101,0.01299314,,0.01299314,0.01299314,61.6427,4744.2496,OK,0.0000,-2.4657,4.0000,96.0000,AG03-UNRESOLVED,ALL5_LEVELS_bet23_to_bet27,-2.4657,-2.4657,-2.4657,-2.4657,-2.4657,4.000000,4.000000,4.000000,4.000000,4.000000,96.000000,96.000000,96.000000,96.000000,96.000000,5.0,-12.3285,-11.3809,-49.3141,-50.2618,PENDING_AG03,FALSE,NOT_FOR_ENFORCEMENT,-59.1770,4190.8875,-61.6427,-59.1770,-2.4657,-0.01299314,-0.01247341,-2.4657,-59.1770,-0.01247341,-2.4657,-2.4657,-2.4657,-2.4657,-2.4657,-59.1770,-0.01247341,-12.3285,-11.3809,-49.3141,-50.2618,-0.01039451,-0.01059425,-0.00051973,41.2543,43.2228,-0.6103,-20.5476,-2.5684,1581.4165,33.6667,,41.2543,4.2012,10.5031,42.0124,114.4838,204.8104,302.8356,10.5031,0.0,19.5,28.832975,3.927826,15,22,5,6,0E-8,-0.01299314,,0E-8,0.000000,0.920168,0.000000,,2026-05-05,2026-05-24,3,24,21,20,0.150000,,,0.000000,,,,,,,,GLOBAL_BASELINE_NO_ENTITY_RANKING,,,NOT_APPLICABLE_GLOBAL_BASELINE,HF9g-P5,,,,X 全窗基线 · 不参与实体赏罚,3926532,393,A168_HF9F_20260827_0900,2026-08-27 09:00:00
2026-05-23,149596057,1151,0,1.0503098414,0.9977943493,0.9977943493,1.0000000,1,1,0.50665070000000000,0.506650700000,0.9867858985152569,0.9867858985152569,0.9867858985152569,0E-17,ELIGIBLE,R03b_20260811_FULL_v1,L1_ELIGIBILITY,v2026-08-11,2026-03-21..2026-08-06,baccarat_bet02_101_all_pairs_incl_sentinel,round_win = game_pnl > 0 (decisive only),COMPATIBILITY_ONLY_NOT_PRODUCTION,4744.2496,4365.5078,-61.6427,115,101,0.01299314,,0.01299314,0.01299314,61.6427,4744.2496,OK,0.0000,-2.4657,4.0000,96.0000,AG03-UNRESOLVED,ALL5_LEVELS_bet23_to_bet27,-2.4657,-2.4657,-2.4657,-2.4657,-2.4657,4.000000,4.000000,4.000000,4.000000,4.000000,96.000000,96.000000,96.000000,96.000000,96.000000,5.0,-12.3285,-11.3809,-49.3141,-50.2618,PENDING_AG03,FALSE,NOT_FOR_ENFORCEMENT,-59.1770,4190.8875,-61.6427,-59.1770,-2.4657,-0.01299314,-0.01247341,-2.4657,-59.1770,-0.01247341,-2.4657,-2.4657,-2.4657,-2.4657,-2.4657,-59.1770,-0.01247341,-12.3285,-11.3809,-49.3141,-50.2618,-0.01039451,-0.01059425,-0.00051973,41.2543,43.2228,-0.6103,-20.5476,-2.5684,1581.4165,33.6667,,41.2543,4.2012,10.5031,42.0124,114.4838,204.8104,302.8356,10.5031,0.0,19.5,28.832975,3.927826,15,22,5,6,0E-8,-0.01299314,,0E-8,0.000000,0.920168,0.000000,,2026-05-05,2026-05-24,3,24,21,20,0.150000,,,0.000000,,,,,,,,GLOBAL_BASELINE_NO_ENTITY_RANKING,,,NOT_APPLICABLE_GLOBAL_BASELINE,HF9g-P5,,,,X 全窗基线 · 不参与实体赏罚,3926533,393,A168_HF9F_20260827_0900,2026-08-27 09:00:00
2026-05-23,149596057,2155,0,115.5340825544,-115.5340825544,-115.5340825544,0E-7,1,1,0.49324550000000000,0.493245500000,-0.9865810262130424,-0.9865810262130424,-0.9865810262130424,0E-17,ELIGIBLE,R03b_20260811_FULL_v1,L1_ELIGIBILITY,v2026-08-11,2026-03-21..2026-08-06,baccarat_bet02_101_all_pairs_incl_sentinel,round_win = game_pnl > 0 (decisive only),COMPATIBILITY_ONLY_NOT_PRODUCTION,4744.2496,4365.5078,-61.6427,115,101,0.01299314,,0.01299314,0.01299314,61.6427,4744.2496,OK,0.0000,-2.4657,4.0000,96.0000,AG03-UNRESOLVED,ALL5_LEVELS_bet23_to_bet27,-2.4657,-2.4657,-2.4657,-2.4657,-2.4657,4.000000,4.000000,4.000000,4.000000,4.000000,96.000000,96.000000,96.000000,96.000000,96.000000,5.0,-12.3285,-11.3809,-49.3141,-50.2618,PENDING_AG03,FALSE,NOT_FOR_ENFORCEMENT,-59.1770,4190.8875,-61.6427,-59.1770,-2.4657,-0.01299314,-0.01247341,-2.4657,-59.1770,-0.01247341,-2.4657,-2.4657,-2.4657,-2.4657,-2.4657,-59.1770,-0.01247341,-12.3285,-11.3809,-49.3141,-50.2618,-0.01039451,-0.01059425,-0.00051973,41.2543,43.2228,-0.6103,-20.5476,-2.5684,1581.4165,33.6667,,41.2543,4.2012,10.5031,42.0124,114.4838,204.8104,302.8356,10.5031,0.0,19.5,28.832975,3.927826,15,22,5,6,0E-8,-0.01299314,,0E-8,0.000000,0.920168,0.000000,,2026-05-05,2026-05-24,3,24,21,20,0.150000,,,0.000000,,,,,,,,GLOBAL_BASELINE_NO_ENTITY_RANKING,,,NOT_APPLICABLE_GLOBAL_BASELINE,HF9g-P5,,,,X 全窗基线 · 不参与实体赏罚,3926534,393,A168_HF9F_20260827_0900,2026-08-27 09:00:00
2026-05-23,149596057,2177,0,399.1177397332,168.0495746245,168.0495746245,0.7500000,6,5,0.47995740999997891,0.453381230000,1.0810392277902017,1.1916661053825557,1.0810392277902017,0.02657617999997891,ELIGIBLE,R03b_20260811_FULL_v1,L1_ELIGIBILITY,v2026-08-11,2026-03-21..2026-08-06,baccarat_bet02_101_all_pairs_incl_sentinel,round_win = game_pnl > 0 (decisive only),COMPATIBILITY_ONLY_NOT_PRODUCTION,4744.2496,4365.5078,-61.6427,115,101,0.01299314,,0.01299314,0.01299314,61.6427,4744.2496,OK,0.0000,-2.4657,4.0000,96.0000,AG03-UNRESOLVED,ALL5_LEVELS_bet23_to_bet27,-2.4657,-2.4657,-2.4657,-2.4657,-2.4657,4.000000,4.000000,4.000000,4.000000,4.000000,96.000000,96.000000,96.000000,96.000000,96.000000,5.0,-12.3285,-11.3809,-49.3141,-50.2618,PENDING_AG03,FALSE,NOT_FOR_ENFORCEMENT,-59.1770,4190.8875,-61.6427,-59.1770,-2.4657,-0.01299314,-0.01247341,-2.4657,-59.1770,-0.01247341,-2.4657,-2.4657,-2.4657,-2.4657,-2.4657,-59.1770,-0.01247341,-12.3285,-11.3809,-49.3141,-50.2618,-0.01039451,-0.01059425,-0.00051973,41.2543,43.2228,-0.6103,-20.5476,-2.5684,1581.4165,33.6667,,41.2543,4.2012,10.5031,42.0124,114.4838,204.8104,302.8356,10.5031,0.0,19.5,28.832975,3.927826,15,22,5,6,0E-8,-0.01299314,,0E-8,0.000000,0.920168,0.000000,,2026-05-05,2026-05-24,3,24,21,20,0.150000,,,0.000000,,,,,,,,GLOBAL_BASELINE_NO_ENTITY_RANKING,,,NOT_APPLICABLE_GLOBAL_BASELINE,HF9g-P5,,,,X 全窗基线 · 不参与实体赏罚,3926535,393,A168_HF9F_20260827_0900,2026-08-27 09:00:00
2026-05-23,149596057,970,0,188.0054616111,-33.6099149248,-33.6099149248,0.3333333,7,7,0.50282064285714286,0.502820642857,-0.8303280647496518,-0.8303280647489506,-0.8303280647496518,1.4286E-13,ELIGIBLE,R03b_20260811_FULL_v1,L1_ELIGIBILITY,v2026-08-11,2026-03-21..2026-08-06,baccarat_bet02_101_all_pairs_incl_sentinel,round_win = game_pnl > 0 (decisive only),COMPATIBILITY_ONLY_NOT_PRODUCTION,4744.2496,4365.5078,-61.6427,115,101,0.01299314,,0.01299314,0.01299314,61.6427,4744.2496,OK,0.0000,-2.4657,4.0000,96.0000,AG03-UNRESOLVED,ALL5_LEVELS_bet23_to_bet27,-2.4657,-2.4657,-2.4657,-2.4657,-2.4657,4.000000,4.000000,4.000000,4.000000,4.000000,96.000000,96.000000,96.000000,96.000000,96.000000,5.0,-12.3285,-11.3809,-49.3141,-50.2618,PENDING_AG03,FALSE,NOT_FOR_ENFORCEMENT,-59.1770,4190.8875,-61.6427,-59.1770,-2.4657,-0.01299314,-0.01247341,-2.4657,-59.1770,-0.01247341,-2.4657,-2.4657,-2.4657,-2.4657,-2.4657,-59.1770,-0.01247341,-12.3285,-11.3809,-49.3141,-50.2618,-0.01039451,-0.01059425,-0.00051973,41.2543,43.2228,-0.6103,-20.5476,-2.5684,1581.4165,33.6667,,41.2543,4.2012,10.5031,42.0124,114.4838,204.8104,302.8356,10.5031,0.0,19.5,28.832975,3.927826,15,22,5,6,0E-8,-0.01299314,,0E-8,0.000000,0.920168,0.000000,,2026-05-05,2026-05-24,3,24,21,20,0.150000,,,0.000000,,,,,,,,GLOBAL_BASELINE_NO_ENTITY_RANKING,,,NOT_APPLICABLE_GLOBAL_BASELINE,HF9g-P5,,,,X 全窗基线 · 不参与实体赏罚,3926536,393,A168_HF9F_20260827_0900,2026-08-27 09:00:00
2026-05-24,149596057,-1,1,483.1425270454,119.2101669992,119.2101669992,0.4000000,12,12,0.49883100000000000,0.498831000000,-0.6250638352422564,-0.6250638352422564,-0.6250638352422564,0E-17,SENTINEL_DEALER,R03b_20260811_FULL_v1,L1_ELIGIBILITY,v2026-08-11,2026-03-21..2026-08-06,baccarat_bet02_101_all_pairs_incl_sentinel,round_win = game_pnl > 0 (decisive only),COMPATIBILITY_ONLY_NOT_PRODUCTION,4744.2496,4365.5078,-61.6427,115,101,0.01299314,,0.01299314,0.01299314,61.6427,4744.2496,OK,0.0000,-2.4657,4.0000,96.0000,AG03-UNRESOLVED,ALL5_LEVELS_bet23_to_bet27,-2.4657,-2.4657,-2.4657,-2.4657,-2.4657,4.000000,4.000000,4.000000,4.000000,4.000000,96.000000,96.000000,96.000000,96.000000,96.000000,5.0,-12.3285,-11.3809,-49.3141,-50.2618,PENDING_AG03,FALSE,NOT_FOR_ENFORCEMENT,-59.1770,4190.8875,-61.6427,-59.1770,-2.4657,-0.01299314,-0.01247341,-2.4657,-59.1770,-0.01247341,-2.4657,-2.4657,-2.4657,-2.4657,-2.4657,-59.1770,-0.01247341,-12.3285,-11.3809,-49.3141,-50.2618,-0.01039451,-0.01059425,-0.00051973,41.2543,43.2228,-0.6103,-20.5476,-2.5684,1581.4165,33.6667,,41.2543,4.2012,10.5031,42.0124,114.4838,204.8104,302.8356,10.5031,0.0,19.5,28.832975,3.927826,15,22,5,6,0E-8,-0.01299314,,0E-8,0.000000,0.920168,0.000000,,2026-05-05,2026-05-24,3,24,21,20,0.150000,,,0.000000,,,,,,,,GLOBAL_BASELINE_NO_ENTITY_RANKING,,,NOT_APPLICABLE_GLOBAL_BASELINE,HF9g-P5,,,,X 全窗基线 · 不参与实体赏罚,3926537,393,A168_HF9F_20260827_0900,2026-08-27 09:00:00
2026-05-24,149596057,1318,0,845.7094842979,-483.1950425375,-483.1950425375,0.5000000,4,4,0.50329940000000000,0.503299400000,-0.01319788734859681,-0.01319788734859681,-0.01319788734859681,0E-17,ELIGIBLE,R03b_20260811_FULL_v1,L1_ELIGIBILITY,v2026-08-11,2026-03-21..2026-08-06,baccarat_bet02_101_all_pairs_incl_sentinel,round_win = game_pnl > 0 (decisive only),COMPATIBILITY_ONLY_NOT_PRODUCTION,4744.2496,4365.5078,-61.6427,115,101,0.01299314,,0.01299314,0.01299314,61.6427,4744.2496,OK,0.0000,-2.4657,4.0000,96.0000,AG03-UNRESOLVED,ALL5_LEVELS_bet23_to_bet27,-2.4657,-2.4657,-2.4657,-2.4657,-2.4657,4.000000,4.000000,4.000000,4.000000,4.000000,96.000000,96.000000,96.000000,96.000000,96.000000,5.0,-12.3285,-11.3809,-49.3141,-50.2618,PENDING_AG03,FALSE,NOT_FOR_ENFORCEMENT,-59.1770,4190.8875,-61.6427,-59.1770,-2.4657,-0.01299314,-0.01247341,-2.4657,-59.1770,-0.01247341,-2.4657,-2.4657,-2.4657,-2.4657,-2.4657,-59.1770,-0.01247341,-12.3285,-11.3809,-49.3141,-50.2618,-0.01039451,-0.01059425,-0.00051973,41.2543,43.2228,-0.6103,-20.5476,-2.5684,1581.4165,33.6667,,41.2543,4.2012,10.5031,42.0124,114.4838,204.8104,302.8356,10.5031,0.0,19.5,28.832975,3.927826,15,22,5,6,0E-8,-0.01299314,,0E-8,0.000000,0.920168,0.000000,,2026-05-05,2026-05-24,3,24,21,20,0.150000,,,0.000000,,,,,,,,GLOBAL_BASELINE_NO_ENTITY_RANKING,,,NOT_APPLICABLE_GLOBAL_BASELINE,HF9g-P5,,,,X 全窗基线 · 不参与实体赏罚,3926538,393,A168_HF9F_20260827_0900,2026-08-27 09:00:00
2026-05-24,149596057,1383,0,119.7353219200,101.0398067431,101.0398067431,0.8571429,8,7,0.43919813571428571,0.439198135714,2.228090855469167,2.2280908554708474,2.228090855469167,2.8571E-13,ELIGIBLE,R03b_20260811_FULL_v1,L1_ELIGIBILITY,v2026-08-11,2026-03-21..2026-08-06,baccarat_bet02_101_all_pairs_incl_sentinel,round_win = game_pnl > 0 (decisive only),COMPATIBILITY_ONLY_NOT_PRODUCTION,4744.2496,4365.5078,-61.6427,115,101,0.01299314,,0.01299314,0.01299314,61.6427,4744.2496,OK,0.0000,-2.4657,4.0000,96.0000,AG03-UNRESOLVED,ALL5_LEVELS_bet23_to_bet27,-2.4657,-2.4657,-2.4657,-2.4657,-2.4657,4.000000,4.000000,4.000000,4.000000,4.000000,96.000000,96.000000,96.000000,96.000000,96.000000,5.0,-12.3285,-11.3809,-49.3141,-50.2618,PENDING_AG03,FALSE,NOT_FOR_ENFORCEMENT,-59.1770,4190.8875,-61.6427,-59.1770,-2.4657,-0.01299314,-0.01247341,-2.4657,-59.1770,-0.01247341,-2.4657,-2.4657,-2.4657,-2.4657,-2.4657,-59.1770,-0.01247341,-12.3285,-11.3809,-49.3141,-50.2618,-0.01039451,-0.01059425,-0.00051973,41.2543,43.2228,-0.6103,-20.5476,-2.5684,1581.4165,33.6667,,41.2543,4.2012,10.5031,42.0124,114.4838,204.8104,302.8356,10.5031,0.0,19.5,28.832975,3.927826,15,22,5,6,0E-8,-0.01299314,,0E-8,0.000000,0.920168,0.000000,,2026-05-05,2026-05-24,3,24,21,20,0.150000,,,0.000000,,,,,,,,GLOBAL_BASELINE_NO_ENTITY_RANKING,,,NOT_APPLICABLE_GLOBAL_BASELINE,HF9g-P5,,,,X 全窗基线 · 不参与实体赏罚,3926539,393,A168_HF9F_20260827_0900,2026-08-27 09:00:00
2026-05-24,149596057,1645,0,21.0061968280,-10.5030984140,-10.5030984140,0E-7,6,3,0.21642567222222222,0.216425672222,-0.7432403616917397,-0.7432403616912526,-0.7432403616917397,2.2222E-13,ELIGIBLE,R03b_20260811_FULL_v1,L1_ELIGIBILITY,v2026-08-11,2026-03-21..2026-08-06,baccarat_bet02_101_all_pairs_incl_sentinel,round_win = game_pnl > 0 (decisive only),COMPATIBILITY_ONLY_NOT_PRODUCTION,4744.2496,4365.5078,-61.6427,115,101,0.01299314,,0.01299314,0.01299314,61.6427,4744.2496,OK,0.0000,-2.4657,4.0000,96.0000,AG03-UNRESOLVED,ALL5_LEVELS_bet23_to_bet27,-2.4657,-2.4657,-2.4657,-2.4657,-2.4657,4.000000,4.000000,4.000000,4.000000,4.000000,96.000000,96.000000,96.000000,96.000000,96.000000,5.0,-12.3285,-11.3809,-49.3141,-50.2618,PENDING_AG03,FALSE,NOT_FOR_ENFORCEMENT,-59.1770,4190.8875,-61.6427,-59.1770,-2.4657,-0.01299314,-0.01247341,-2.4657,-59.1770,-0.01247341,-2.4657,-2.4657,-2.4657,-2.4657,-2.4657,-59.1770,-0.01247341,-12.3285,-11.3809,-49.3141,-50.2618,-0.01039451,-0.01059425,-0.00051973,41.2543,43.2228,-0.6103,-20.5476,-2.5684,1581.4165,33.6667,,41.2543,4.2012,10.5031,42.0124,114.4838,204.8104,302.8356,10.5031,0.0,19.5,28.832975,3.927826,15,22,5,6,0E-8,-0.01299314,,0E-8,0.000000,0.920168,0.000000,,2026-05-05,2026-05-24,3,24,21,20,0.150000,,,0.000000,,,,,,,,GLOBAL_BASELINE_NO_ENTITY_RANKING,,,NOT_APPLICABLE_GLOBAL_BASELINE,HF9g-P5,,,,X 全窗基线 · 不参与实体赏罚,3926540,393,A168_HF9F_20260827_0900,2026-08-27 09:00:00
2026-05-24,149596057,1750,0,19.9558869866,15.4395546686,15.4395546686,0.7500000,4,4,0.49994810000000000,0.499948100000,1.0002076053883384,1.0002076053883384,1.0002076053883384,0E-17,ELIGIBLE,R03b_20260811_FULL_v1,L1_ELIGIBILITY,v2026-08-11,2026-03-21..2026-08-06,baccarat_bet02_101_all_pairs_incl_sentinel,round_win = game_pnl > 0 (decisive only),COMPATIBILITY_ONLY_NOT_PRODUCTION,4744.2496,4365.5078,-61.6427,115,101,0.01299314,,0.01299314,0.01299314,61.6427,4744.2496,OK,0.0000,-2.4657,4.0000,96.0000,AG03-UNRESOLVED,ALL5_LEVELS_bet23_to_bet27,-2.4657,-2.4657,-2.4657,-2.4657,-2.4657,4.000000,4.000000,4.000000,4.000000,4.000000,96.000000,96.000000,96.000000,96.000000,96.000000,5.0,-12.3285,-11.3809,-49.3141,-50.2618,PENDING_AG03,FALSE,NOT_FOR_ENFORCEMENT,-59.1770,4190.8875,-61.6427,-59.1770,-2.4657,-0.01299314,-0.01247341,-2.4657,-59.1770,-0.01247341,-2.4657,-2.4657,-2.4657,-2.4657,-2.4657,-59.1770,-0.01247341,-12.3285,-11.3809,-49.3141,-50.2618,-0.01039451,-0.01059425,-0.00051973,41.2543,43.2228,-0.6103,-20.5476,-2.5684,1581.4165,33.6667,,41.2543,4.2012,10.5031,42.0124,114.4838,204.8104,302.8356,10.5031,0.0,19.5,28.832975,3.927826,15,22,5,6,0E-8,-0.01299314,,0E-8,0.000000,0.920168,0.000000,,2026-05-05,2026-05-24,3,24,21,20,0.150000,,,0.000000,,,,,,,,GLOBAL_BASELINE_NO_ENTITY_RANKING,,,NOT_APPLICABLE_GLOBAL_BASELINE,HF9g-P5,,,,X 全窗基线 · 不参与实体赏罚,3926541,393,A168_HF9F_20260827_0900,2026-08-27 09:00:00
2026-05-24,149596057,1994,0,136.5402793824,136.5402793824,136.5402793824,1.0000000,1,1,0.49324550000000000,0.493245500000,1.01360149184955,1.01360149184955,1.01360149184955,0E-17,ELIGIBLE,R03b_20260811_FULL_v1,L1_ELIGIBILITY,v2026-08-11,2026-03-21..2026-08-06,baccarat_bet02_101_all_pairs_incl_sentinel,round_win = game_pnl > 0 (decisive only),COMPATIBILITY_ONLY_NOT_PRODUCTION,4744.2496,4365.5078,-61.6427,115,101,0.01299314,,0.01299314,0.01299314,61.6427,4744.2496,OK,0.0000,-2.4657,4.0000,96.0000,AG03-UNRESOLVED,ALL5_LEVELS_bet23_to_bet27,-2.4657,-2.4657,-2.4657,-2.4657,-2.4657,4.000000,4.000000,4.000000,4.000000,4.000000,96.000000,96.000000,96.000000,96.000000,96.000000,5.0,-12.3285,-11.3809,-49.3141,-50.2618,PENDING_AG03,FALSE,NOT_FOR_ENFORCEMENT,-59.1770,4190.8875,-61.6427,-59.1770,-2.4657,-0.01299314,-0.01247341,-2.4657,-59.1770,-0.01247341,-2.4657,-2.4657,-2.4657,-2.4657,-2.4657,-59.1770,-0.01247341,-12.3285,-11.3809,-49.3141,-50.2618,-0.01039451,-0.01059425,-0.00051973,41.2543,43.2228,-0.6103,-20.5476,-2.5684,1581.4165,33.6667,,41.2543,4.2012,10.5031,42.0124,114.4838,204.8104,302.8356,10.5031,0.0,19.5,28.832975,3.927826,15,22,5,6,0E-8,-0.01299314,,0E-8,0.000000,0.920168,0.000000,,2026-05-05,2026-05-24,3,24,21,20,0.150000,,,0.000000,,,,,,,,GLOBAL_BASELINE_NO_ENTITY_RANKING,,,NOT_APPLICABLE_GLOBAL_BASELINE,HF9g-P5,,,,X 全窗基线 · 不参与实体赏罚,3926542,393,A168_HF9F_20260827_0900,2026-08-27 09:00:00
2026-05-24,149596057,2088,0,13.2339040017,12.7822707699,12.7822707699,1.0000000,2,2,0.49994810000000000,0.499948100000,1.4143603653603398,1.4143603653603398,1.4143603653603398,0E-17,ELIGIBLE,R03b_20260811_FULL_v1,L1_ELIGIBILITY,v2026-08-11,2026-03-21..2026-08-06,baccarat_bet02_101_all_pairs_incl_sentinel,round_win = game_pnl > 0 (decisive only),COMPATIBILITY_ONLY_NOT_PRODUCTION,4744.2496,4365.5078,-61.6427,115,101,0.01299314,,0.01299314,0.01299314,61.6427,4744.2496,OK,0.0000,-2.4657,4.0000,96.0000,AG03-UNRESOLVED,ALL5_LEVELS_bet23_to_bet27,-2.4657,-2.4657,-2.4657,-2.4657,-2.4657,4.000000,4.000000,4.000000,4.000000,4.000000,96.000000,96.000000,96.000000,96.000000,96.000000,5.0,-12.3285,-11.3809,-49.3141,-50.2618,PENDING_AG03,FALSE,NOT_FOR_ENFORCEMENT,-59.1770,4190.8875,-61.6427,-59.1770,-2.4657,-0.01299314,-0.01247341,-2.4657,-59.1770,-0.01247341,-2.4657,-2.4657,-2.4657,-2.4657,-2.4657,-59.1770,-0.01247341,-12.3285,-11.3809,-49.3141,-50.2618,-0.01039451,-0.01059425,-0.00051973,41.2543,43.2228,-0.6103,-20.5476,-2.5684,1581.4165,33.6667,,41.2543,4.2012,10.5031,42.0124,114.4838,204.8104,302.8356,10.5031,0.0,19.5,28.832975,3.927826,15,22,5,6,0E-8,-0.01299314,,0E-8,0.000000,0.920168,0.000000,,2026-05-05,2026-05-24,3,24,21,20,0.150000,,,0.000000,,,,,,,,GLOBAL_BASELINE_NO_ENTITY_RANKING,,,NOT_APPLICABLE_GLOBAL_BASELINE,HF9g-P5,,,,X 全窗基线 · 不参与实体赏罚,3926543,393,A168_HF9F_20260827_0900,2026-08-27 09:00:00
2026-05-24,149596057,2101,0,214.4732696143,125.9006406892,125.9006406892,0.6315789,26,21,0.45480545960317460,0.449705024603,1.5474098156727014,1.593623006250447,1.5474098156727014,0.00510043500017460,ELIGIBLE,R03b_20260811_FULL_v1,L1_ELIGIBILITY,v2026-08-11,2026-03-21..2026-08-06,baccarat_bet02_101_all_pairs_incl_sentinel,round_win = game_pnl > 0 (decisive only),COMPATIBILITY_ONLY_NOT_PRODUCTION,4744.2496,4365.5078,-61.6427,115,101,0.01299314,,0.01299314,0.01299314,61.6427,4744.2496,OK,0.0000,-2.4657,4.0000,96.0000,AG03-UNRESOLVED,ALL5_LEVELS_bet23_to_bet27,-2.4657,-2.4657,-2.4657,-2.4657,-2.4657,4.000000,4.000000,4.000000,4.000000,4.000000,96.000000,96.000000,96.000000,96.000000,96.000000,5.0,-12.3285,-11.3809,-49.3141,-50.2618,PENDING_AG03,FALSE,NOT_FOR_ENFORCEMENT,-59.1770,4190.8875,-61.6427,-59.1770,-2.4657,-0.01299314,-0.01247341,-2.4657,-59.1770,-0.01247341,-2.4657,-2.4657,-2.4657,-2.4657,-2.4657,-59.1770,-0.01247341,-12.3285,-11.3809,-49.3141,-50.2618,-0.01039451,-0.01059425,-0.00051973,41.2543,43.2228,-0.6103,-20.5476,-2.5684,1581.4165,33.6667,,41.2543,4.2012,10.5031,42.0124,114.4838,204.8104,302.8356,10.5031,0.0,19.5,28.832975,3.927826,15,22,5,6,0E-8,-0.01299314,,0E-8,0.000000,0.920168,0.000000,,2026-05-05,2026-05-24,3,24,21,20,0.150000,,,0.000000,,,,,,,,GLOBAL_BASELINE_NO_ENTITY_RANKING,,,NOT_APPLICABLE_GLOBAL_BASELINE,HF9g-P5,,,,X 全窗基线 · 不参与实体赏罚,3926544,393,A168_HF9F_20260827_0900,2026-08-27 09:00:00
2026-05-24,149596057,2103,0,628.7154710640,554.5320869657,554.5320869657,0.7142857,8,7,0.37841912142857143,0.378419121429,1.83223202236511,1.8322320223623663,1.83223202236511,-4.2857E-13,ELIGIBLE,R03b_20260811_FULL_v1,L1_ELIGIBILITY,v2026-08-11,2026-03-21..2026-08-06,baccarat_bet02_101_all_pairs_incl_sentinel,round_win = game_pnl > 0 (decisive only),COMPATIBILITY_ONLY_NOT_PRODUCTION,4744.2496,4365.5078,-61.6427,115,101,0.01299314,,0.01299314,0.01299314,61.6427,4744.2496,OK,0.0000,-2.4657,4.0000,96.0000,AG03-UNRESOLVED,ALL5_LEVELS_bet23_to_bet27,-2.4657,-2.4657,-2.4657,-2.4657,-2.4657,4.000000,4.000000,4.000000,4.000000,4.000000,96.000000,96.000000,96.000000,96.000000,96.000000,5.0,-12.3285,-11.3809,-49.3141,-50.2618,PENDING_AG03,FALSE,NOT_FOR_ENFORCEMENT,-59.1770,4190.8875,-61.6427,-59.1770,-2.4657,-0.01299314,-0.01247341,-2.4657,-59.1770,-0.01247341,-2.4657,-2.4657,-2.4657,-2.4657,-2.4657,-59.1770,-0.01247341,-12.3285,-11.3809,-49.3141,-50.2618,-0.01039451,-0.01059425,-0.00051973,41.2543,43.2228,-0.6103,-20.5476,-2.5684,1581.4165,33.6667,,41.2543,4.2012,10.5031,42.0124,114.4838,204.8104,302.8356,10.5031,0.0,19.5,28.832975,3.927826,15,22,5,6,0E-8,-0.01299314,,0E-8,0.000000,0.920168,0.000000,,2026-05-05,2026-05-24,3,24,21,20,0.150000,,,0.000000,,,,,,,,GLOBAL_BASELINE_NO_ENTITY_RANKING,,,NOT_APPLICABLE_GLOBAL_BASELINE,HF9g-P5,,,,X 全窗基线 · 不参与实体赏罚,3926545,393,A168_HF9F_20260827_0900,2026-08-27 09:00:00
2026-05-24,149596057,2152,0,357.1053460770,-357.1053460770,-357.1053460770,0E-7,3,3,0.49324550000000000,0.493245500000,-1.708808463184432,-1.7088084631844318,-1.708808463184432,0E-17,ELIGIBLE,R03b_20260811_FULL_v1,L1_ELIGIBILITY,v2026-08-11,2026-03-21..2026-08-06,baccarat_bet02_101_all_pairs_incl_sentinel,round_win = game_pnl > 0 (decisive only),COMPATIBILITY_ONLY_NOT_PRODUCTION,4744.2496,4365.5078,-61.6427,115,101,0.01299314,,0.01299314,0.01299314,61.6427,4744.2496,OK,0.0000,-2.4657,4.0000,96.0000,AG03-UNRESOLVED,ALL5_LEVELS_bet23_to_bet27,-2.4657,-2.4657,-2.4657,-2.4657,-2.4657,4.000000,4.000000,4.000000,4.000000,4.000000,96.000000,96.000000,96.000000,96.000000,96.000000,5.0,-12.3285,-11.3809,-49.3141,-50.2618,PENDING_AG03,FALSE,NOT_FOR_ENFORCEMENT,-59.1770,4190.8875,-61.6427,-59.1770,-2.4657,-0.01299314,-0.01247341,-2.4657,-59.1770,-0.01247341,-2.4657,-2.4657,-2.4657,-2.4657,-2.4657,-59.1770,-0.01247341,-12.3285,-11.3809,-49.3141,-50.2618,-0.01039451,-0.01059425,-0.00051973,41.2543,43.2228,-0.6103,-20.5476,-2.5684,1581.4165,33.6667,,41.2543,4.2012,10.5031,42.0124,114.4838,204.8104,302.8356,10.5031,0.0,19.5,28.832975,3.927826,15,22,5,6,0E-8,-0.01299314,,0E-8,0.000000,0.920168,0.000000,,2026-05-05,2026-05-24,3,24,21,20,0.150000,,,0.000000,,,,,,,,GLOBAL_BASELINE_NO_ENTITY_RANKING,,,NOT_APPLICABLE_GLOBAL_BASELINE,HF9g-P5,,,,X 全窗基线 · 不参与实体赏罚,3926546,393,A168_HF9F_20260827_0900,2026-08-27 09:00:00
2026-05-24,149596057,2170,0,65.1192101669,-2.6257746034,-2.6257746034,0.2500000,5,4,0.34878143750000000,0.348781437500,-0.41453888052175614,-0.41453888052175614,-0.41453888052175614,0E-17,ELIGIBLE,R03b_20260811_FULL_v1,L1_ELIGIBILITY,v2026-08-11,2026-03-21..2026-08-06,baccarat_bet02_101_all_pairs_incl_sentinel,round_win = game_pnl > 0 (decisive only),COMPATIBILITY_ONLY_NOT_PRODUCTION,4744.2496,4365.5078,-61.6427,115,101,0.01299314,,0.01299314,0.01299314,61.6427,4744.2496,OK,0.0000,-2.4657,4.0000,96.0000,AG03-UNRESOLVED,ALL5_LEVELS_bet23_to_bet27,-2.4657,-2.4657,-2.4657,-2.4657,-2.4657,4.000000,4.000000,4.000000,4.000000,4.000000,96.000000,96.000000,96.000000,96.000000,96.000000,5.0,-12.3285,-11.3809,-49.3141,-50.2618,PENDING_AG03,FALSE,NOT_FOR_ENFORCEMENT,-59.1770,4190.8875,-61.6427,-59.1770,-2.4657,-0.01299314,-0.01247341,-2.4657,-59.1770,-0.01247341,-2.4657,-2.4657,-2.4657,-2.4657,-2.4657,-59.1770,-0.01247341,-12.3285,-11.3809,-49.3141,-50.2618,-0.01039451,-0.01059425,-0.00051973,41.2543,43.2228,-0.6103,-20.5476,-2.5684,1581.4165,33.6667,,41.2543,4.2012,10.5031,42.0124,114.4838,204.8104,302.8356,10.5031,0.0,19.5,28.832975,3.927826,15,22,5,6,0E-8,-0.01299314,,0E-8,0.000000,0.920168,0.000000,,2026-05-05,2026-05-24,3,24,21,20,0.150000,,,0.000000,,,,,,,,GLOBAL_BASELINE_NO_ENTITY_RANKING,,,NOT_APPLICABLE_GLOBAL_BASELINE,HF9g-P5,,,,X 全窗基线 · 不参与实体赏罚,3926547,393,A168_HF9F_20260827_0900,2026-08-27 09:00:00
2026-05-24,149596057,2178,0,117.6347022371,92.4272660435,92.4272660435,0.5000000,4,2,0.28728933333333334,0.287289333334,0.6647952174873153,0.6647952174847714,0.6647952174873153,-6.6666E-13,ELIGIBLE,R03b_20260811_FULL_v1,L1_ELIGIBILITY,v2026-08-11,2026-03-21..2026-08-06,baccarat_bet02_101_all_pairs_incl_sentinel,round_win = game_pnl > 0 (decisive only),COMPATIBILITY_ONLY_NOT_PRODUCTION,4744.2496,4365.5078,-61.6427,115,101,0.01299314,,0.01299314,0.01299314,61.6427,4744.2496,OK,0.0000,-2.4657,4.0000,96.0000,AG03-UNRESOLVED,ALL5_LEVELS_bet23_to_bet27,-2.4657,-2.4657,-2.4657,-2.4657,-2.4657,4.000000,4.000000,4.000000,4.000000,4.000000,96.000000,96.000000,96.000000,96.000000,96.000000,5.0,-12.3285,-11.3809,-49.3141,-50.2618,PENDING_AG03,FALSE,NOT_FOR_ENFORCEMENT,-59.1770,4190.8875,-61.6427,-59.1770,-2.4657,-0.01299314,-0.01247341,-2.4657,-59.1770,-0.01247341,-2.4657,-2.4657,-2.4657,-2.4657,-2.4657,-59.1770,-0.01247341,-12.3285,-11.3809,-49.3141,-50.2618,-0.01039451,-0.01059425,-0.00051973,41.2543,43.2228,-0.6103,-20.5476,-2.5684,1581.4165,33.6667,,41.2543,4.2012,10.5031,42.0124,114.4838,204.8104,302.8356,10.5031,0.0,19.5,28.832975,3.927826,15,22,5,6,0E-8,-0.01299314,,0E-8,0.000000,0.920168,0.000000,,2026-05-05,2026-05-24,3,24,21,20,0.150000,,,0.000000,,,,,,,,GLOBAL_BASELINE_NO_ENTITY_RANKING,,,NOT_APPLICABLE_GLOBAL_BASELINE,HF9g-P5,,,,X 全窗基线 · 不参与实体赏罚,3926548,393,A168_HF9F_20260827_0900,2026-08-27 09:00:00
2026-05-24,149596057,2223,0,141.1616426846,115.4080453734,115.4080453734,1.0000000,6,6,0.49994810000000000,0.499948100000,2.236300093403295,2.236300093403295,2.236300093403295,0E-17,ELIGIBLE,R03b_20260811_FULL_v1,L1_ELIGIBILITY,v2026-08-11,2026-03-21..2026-08-06,baccarat_bet02_101_all_pairs_incl_sentinel,round_win = game_pnl > 0 (decisive only),COMPATIBILITY_ONLY_NOT_PRODUCTION,4744.2496,4365.5078,-61.6427,115,101,0.01299314,,0.01299314,0.01299314,61.6427,4744.2496,OK,0.0000,-2.4657,4.0000,96.0000,AG03-UNRESOLVED,ALL5_LEVELS_bet23_to_bet27,-2.4657,-2.4657,-2.4657,-2.4657,-2.4657,4.000000,4.000000,4.000000,4.000000,4.000000,96.000000,96.000000,96.000000,96.000000,96.000000,5.0,-12.3285,-11.3809,-49.3141,-50.2618,PENDING_AG03,FALSE,NOT_FOR_ENFORCEMENT,-59.1770,4190.8875,-61.6427,-59.1770,-2.4657,-0.01299314,-0.01247341,-2.4657,-59.1770,-0.01247341,-2.4657,-2.4657,-2.4657,-2.4657,-2.4657,-59.1770,-0.01247341,-12.3285,-11.3809,-49.3141,-50.2618,-0.01039451,-0.01059425,-0.00051973,41.2543,43.2228,-0.6103,-20.5476,-2.5684,1581.4165,33.6667,,41.2543,4.2012,10.5031,42.0124,114.4838,204.8104,302.8356,10.5031,0.0,19.5,28.832975,3.927826,15,22,5,6,0E-8,-0.01299314,,0E-8,0.000000,0.920168,0.000000,,2026-05-05,2026-05-24,3,24,21,20,0.150000,,,0.000000,,,,,,,,GLOBAL_BASELINE_NO_ENTITY_RANKING,,,NOT_APPLICABLE_GLOBAL_BASELINE,HF9g-P5,,,,X 全窗基线 · 不参与实体赏罚,3926549,393,A168_HF9F_20260827_0900,2026-08-27 09:00:00
2026-05-24,149596057,2242,0,315.0929524209,105.0309841403,105.0309841403,0.5000000,2,2,0.49324550000000000,0.493245500000,0.01910635448239258,0.01910635448239258,0.01910635448239258,0E-17,ELIGIBLE,R03b_20260811_FULL_v1,L1_ELIGIBILITY,v2026-08-11,2026-03-21..2026-08-06,baccarat_bet02_101_all_pairs_incl_sentinel,round_win = game_pnl > 0 (decisive only),COMPATIBILITY_ONLY_NOT_PRODUCTION,4744.2496,4365.5078,-61.6427,115,101,0.01299314,,0.01299314,0.01299314,61.6427,4744.2496,OK,0.0000,-2.4657,4.0000,96.0000,AG03-UNRESOLVED,ALL5_LEVELS_bet23_to_bet27,-2.4657,-2.4657,-2.4657,-2.4657,-2.4657,4.000000,4.000000,4.000000,4.000000,4.000000,96.000000,96.000000,96.000000,96.000000,96.000000,5.0,-12.3285,-11.3809,-49.3141,-50.2618,PENDING_AG03,FALSE,NOT_FOR_ENFORCEMENT,-59.1770,4190.8875,-61.6427,-59.1770,-2.4657,-0.01299314,-0.01247341,-2.4657,-59.1770,-0.01247341,-2.4657,-2.4657,-2.4657,-2.4657,-2.4657,-59.1770,-0.01247341,-12.3285,-11.3809,-49.3141,-50.2618,-0.01039451,-0.01059425,-0.00051973,41.2543,43.2228,-0.6103,-20.5476,-2.5684,1581.4165,33.6667,,41.2543,4.2012,10.5031,42.0124,114.4838,204.8104,302.8356,10.5031,0.0,19.5,28.832975,3.927826,15,22,5,6,0E-8,-0.01299314,,0E-8,0.000000,0.920168,0.000000,,2026-05-05,2026-05-24,3,24,21,20,0.150000,,,0.000000,,,,,,,,GLOBAL_BASELINE_NO_ENTITY_RANKING,,,NOT_APPLICABLE_GLOBAL_BASELINE,HF9g-P5,,,,X 全窗基线 · 不参与实体赏罚,3926550,393,A168_HF9F_20260827_0900,2026-08-27 09:00:00
2026-03-22,135098382,1105,0,14.2191326329,-4.7397108777,-4.7397108777,0.5000000,2,2,0.49324550000000000,0.493245500000,0.01910635448239258,0.01910635448239258,0.01910635448239258,0E-17,ELIGIBLE,R03b_20260811_FULL_v1,L1_ELIGIBILITY,v2026-08-11,2026-03-21..2026-08-06,baccarat_bet02_101_all_pairs_incl_sentinel,round_win = game_pnl > 0 (decisive only),COMPATIBILITY_ONLY_NOT_PRODUCTION,569.3822,479.3778,-61.6417,84,84,0.10826066,,0.10826066,0.10826066,61.6417,569.3822,OK,0.0000,-2.4657,4.0000,96.0000,AG03-UNRESOLVED,ALL5_LEVELS_bet23_to_bet27,-2.4657,-3.0821,-3.0821,-3.0821,-3.0821,4.000000,5.000000,5.000000,5.000000,5.000000,96.000000,95.000000,95.000000,95.000000,95.000000,5.0,-14.7940,-13.4425,-46.8477,-48.1992,PENDING_AG03,FALSE,NOT_FOR_ENFORCEMENT,-59.1760,460.2027,-61.6417,-59.1760,-2.4657,-0.10826066,-0.10393024,-2.4657,-59.1760,-0.10393024,-2.4657,-3.0821,-3.0821,-3.0821,-3.0821,-59.1760,-0.10393024,-14.7940,-13.4425,-46.8477,-48.1992,-0.08227810,-0.08465183,-0.00433043,6.7784,5.7069,-0.7338,-7.7052,-3.2443,71.1728,10.5000,,6.7784,5.1431,5.1431,5.468,12.8578,12.8578,12.8578,5.1431,0.0,2.5,2.5,1.31795,8,19,5,2,0E-8,-0.10826066,,0E-8,0.000000,0.841926,0.000000,,2026-03-22,2026-06-13,8,19,15,84,0.095238,,,0.000000,,,,,,,,GLOBAL_BASELINE_NO_ENTITY_RANKING,,,NOT_APPLICABLE_GLOBAL_BASELINE,HF9g-P5,,,,X 全窗基线 · 不参与实体赏罚,3926551,393,A168_HF9F_20260827_0900,2026-08-27 09:00:00
2026-03-24,135098382,1017,0,5.7929799616,-5.7929799616,-5.7929799616,0E-7,1,1,0.50665070000000000,0.506650700000,-1.013391052207602,-1.013391052207602,-1.013391052207602,0E-17,ELIGIBLE,R03b_20260811_FULL_v1,L1_ELIGIBILITY,v2026-08-11,2026-03-21..2026-08-06,baccarat_bet02_101_all_pairs_incl_sentinel,round_win = game_pnl > 0 (decisive only),COMPATIBILITY_ONLY_NOT_PRODUCTION,569.3822,479.3778,-61.6417,84,84,0.10826066,,0.10826066,0.10826066,61.6417,569.3822,OK,0.0000,-2.4657,4.0000,96.0000,AG03-UNRESOLVED,ALL5_LEVELS_bet23_to_bet27,-2.4657,-3.0821,-3.0821,-3.0821,-3.0821,4.000000,5.000000,5.000000,5.000000,5.000000,96.000000,95.000000,95.000000,95.000000,95.000000,5.0,-14.7940,-13.4425,-46.8477,-48.1992,PENDING_AG03,FALSE,NOT_FOR_ENFORCEMENT,-59.1760,460.2027,-61.6417,-59.1760,-2.4657,-0.10826066,-0.10393024,-2.4657,-59.1760,-0.10393024,-2.4657,-3.0821,-3.0821,-3.0821,-3.0821,-59.1760,-0.10393024,-14.7940,-13.4425,-46.8477,-48.1992,-0.08227810,-0.08465183,-0.00433043,6.7784,5.7069,-0.7338,-7.7052,-3.2443,71.1728,10.5000,,6.7784,5.1431,5.1431,5.468,12.8578,12.8578,12.8578,5.1431,0.0,2.5,2.5,1.31795,8,19,5,2,0E-8,-0.10826066,,0E-8,0.000000,0.841926,0.000000,,2026-03-22,2026-06-13,8,19,15,84,0.095238,,,0.000000,,,,,,,,GLOBAL_BASELINE_NO_ENTITY_RANKING,,,NOT_APPLICABLE_GLOBAL_BASELINE,HF9g-P5,,,,X 全窗基线 · 不参与实体赏罚,3926552,393,A168_HF9F_20260827_0900,2026-08-27 09:00:00
2026-03-25,135098382,1645,0,3.6864417937,-3.6864417937,-3.6864417937,0E-7,1,1,0.49324550000000000,0.493245500000,-0.9865810262130424,-0.9865810262130424,-0.9865810262130424,0E-17,ELIGIBLE,R03b_20260811_FULL_v1,L1_ELIGIBILITY,v2026-08-11,2026-03-21..2026-08-06,baccarat_bet02_101_all_pairs_incl_sentinel,round_win = game_pnl > 0 (decisive only),COMPATIBILITY_ONLY_NOT_PRODUCTION,569.3822,479.3778,-61.6417,84,84,0.10826066,,0.10826066,0.10826066,61.6417,569.3822,OK,0.0000,-2.4657,4.0000,96.0000,AG03-UNRESOLVED,ALL5_LEVELS_bet23_to_bet27,-2.4657,-3.0821,-3.0821,-3.0821,-3.0821,4.000000,5.000000,5.000000,5.000000,5.000000,96.000000,95.000000,95.000000,95.000000,95.000000,5.0,-14.7940,-13.4425,-46.8477,-48.1992,PENDING_AG03,FALSE,NOT_FOR_ENFORCEMENT,-59.1760,460.2027,-61.6417,-59.1760,-2.4657,-0.10826066,-0.10393024,-2.4657,-59.1760,-0.10393024,-2.4657,-3.0821,-3.0821,-3.0821,-3.0821,-59.1760,-0.10393024,-14.7940,-13.4425,-46.8477,-48.1992,-0.08227810,-0.08465183,-0.00433043,6.7784,5.7069,-0.7338,-7.7052,-3.2443,71.1728,10.5000,,6.7784,5.1431,5.1431,5.468,12.8578,12.8578,12.8578,5.1431,0.0,2.5,2.5,1.31795,8,19,5,2,0E-8,-0.10826066,,0E-8,0.000000,0.841926,0.000000,,2026-03-22,2026-06-13,8,19,15,84,0.095238,,,0.000000,,,,,,,,GLOBAL_BASELINE_NO_ENTITY_RANKING,,,NOT_APPLICABLE_GLOBAL_BASELINE,HF9g-P5,,,,X 全窗基线 · 不参与实体赏罚,3926553,393,A168_HF9F_20260827_0900,2026-08-27 09:00:00
2026-06-02,135098382,550,0,7.7146604264,-7.7146604264,-7.7146604264,0E-7,1,1,0.49324550000000000,0.493245500000,-0.9865810262130424,-0.9865810262130424,-0.9865810262130424,0E-17,ELIGIBLE,R03b_20260811_FULL_v1,L1_ELIGIBILITY,v2026-08-11,2026-03-21..2026-08-06,baccarat_bet02_101_all_pairs_incl_sentinel,round_win = game_pnl > 0 (decisive only),COMPATIBILITY_ONLY_NOT_PRODUCTION,569.3822,479.3778,-61.6417,84,84,0.10826066,,0.10826066,0.10826066,61.6417,569.3822,OK,0.0000,-2.4657,4.0000,96.0000,AG03-UNRESOLVED,ALL5_LEVELS_bet23_to_bet27,-2.4657,-3.0821,-3.0821,-3.0821,-3.0821,4.000000,5.000000,5.000000,5.000000,5.000000,96.000000,95.000000,95.000000,95.000000,95.000000,5.0,-14.7940,-13.4425,-46.8477,-48.1992,PENDING_AG03,FALSE,NOT_FOR_ENFORCEMENT,-59.1760,460.2027,-61.6417,-59.1760,-2.4657,-0.10826066,-0.10393024,-2.4657,-59.1760,-0.10393024,-2.4657,-3.0821,-3.0821,-3.0821,-3.0821,-59.1760,-0.10393024,-14.7940,-13.4425,-46.8477,-48.1992,-0.08227810,-0.08465183,-0.00433043,6.7784,5.7069,-0.7338,-7.7052,-3.2443,71.1728,10.5000,,6.7784,5.1431,5.1431,5.468,12.8578,12.8578,12.8578,5.1431,0.0,2.5,2.5,1.31795,8,19,5,2,0E-8,-0.10826066,,0E-8,0.000000,0.841926,0.000000,,2026-03-22,2026-06-13,8,19,15,84,0.095238,,,0.000000,,,,,,,,GLOBAL_BASELINE_NO_ENTITY_RANKING,,,NOT_APPLICABLE_GLOBAL_BASELINE,HF9g-P5,,,,X 全窗基线 · 不参与实体赏罚,3926554,393,A168_HF9F_20260827_0900,2026-08-27 09:00:00
2026-06-03,135098382,2108,0,10.2862139018,-0.2571553475,-0.2571553475,0.5000000,2,2,0.49994810000000000,0.499948100000,0.00014679536856514622,0.00014679536856514622,0.00014679536856514622,0E-17,ELIGIBLE,R03b_20260811_FULL_v1,L1_ELIGIBILITY,v2026-08-11,2026-03-21..2026-08-06,baccarat_bet02_101_all_pairs_incl_sentinel,round_win = game_pnl > 0 (decisive only),COMPATIBILITY_ONLY_NOT_PRODUCTION,569.3822,479.3778,-61.6417,84,84,0.10826066,,0.10826066,0.10826066,61.6417,569.3822,OK,0.0000,-2.4657,4.0000,96.0000,AG03-UNRESOLVED,ALL5_LEVELS_bet23_to_bet27,-2.4657,-3.0821,-3.0821,-3.0821,-3.0821,4.000000,5.000000,5.000000,5.000000,5.000000,96.000000,95.000000,95.000000,95.000000,95.000000,5.0,-14.7940,-13.4425,-46.8477,-48.1992,PENDING_AG03,FALSE,NOT_FOR_ENFORCEMENT,-59.1760,460.2027,-61.6417,-59.1760,-2.4657,-0.10826066,-0.10393024,-2.4657,-59.1760,-0.10393024,-2.4657,-3.0821,-3.0821,-3.0821,-3.0821,-59.1760,-0.10393024,-14.7940,-13.4425,-46.8477,-48.1992,-0.08227810,-0.08465183,-0.00433043,6.7784,5.7069,-0.7338,-7.7052,-3.2443,71.1728,10.5000,,6.7784,5.1431,5.1431,5.468,12.8578,12.8578,12.8578,5.1431,0.0,2.5,2.5,1.31795,8,19,5,2,0E-8,-0.10826066,,0E-8,0.000000,0.841926,0.000000,,2026-03-22,2026-06-13,8,19,15,84,0.095238,,,0.000000,,,,,,,,GLOBAL_BASELINE_NO_ENTITY_RANKING,,,NOT_APPLICABLE_GLOBAL_BASELINE,HF9g-P5,,,,X 全窗基线 · 不参与实体赏罚,3926555,393,A168_HF9F_20260827_0900,2026-08-27 09:00:00
2026-06-09,135098382,-1,1,5.1431069509,-5.1431069509,-5.1431069509,0E-7,1,1,0.50665070000000000,0.506650700000,-1.013391052207602,-1.013391052207602,-1.013391052207602,0E-17,SENTINEL_DEALER,R03b_20260811_FULL_v1,L1_ELIGIBILITY,v2026-08-11,2026-03-21..2026-08-06,baccarat_bet02_101_all_pairs_incl_sentinel,round_win = game_pnl > 0 (decisive only),COMPATIBILITY_ONLY_NOT_PRODUCTION,569.3822,479.3778,-61.6417,84,84,0.10826066,,0.10826066,0.10826066,61.6417,569.3822,OK,0.0000,-2.4657,4.0000,96.0000,AG03-UNRESOLVED,ALL5_LEVELS_bet23_to_bet27,-2.4657,-3.0821,-3.0821,-3.0821,-3.0821,4.000000,5.000000,5.000000,5.000000,5.000000,96.000000,95.000000,95.000000,95.000000,95.000000,5.0,-14.7940,-13.4425,-46.8477,-48.1992,PENDING_AG03,FALSE,NOT_FOR_ENFORCEMENT,-59.1760,460.2027,-61.6417,-59.1760,-2.4657,-0.10826066,-0.10393024,-2.4657,-59.1760,-0.10393024,-2.4657,-3.0821,-3.0821,-3.0821,-3.0821,-59.1760,-0.10393024,-14.7940,-13.4425,-46.8477,-48.1992,-0.08227810,-0.08465183,-0.00433043,6.7784,5.7069,-0.7338,-7.7052,-3.2443,71.1728,10.5000,,6.7784,5.1431,5.1431,5.468,12.8578,12.8578,12.8578,5.1431,0.0,2.5,2.5,1.31795,8,19,5,2,0E-8,-0.10826066,,0E-8,0.000000,0.841926,0.000000,,2026-03-22,2026-06-13,8,19,15,84,0.095238,,,0.000000,,,,,,,,GLOBAL_BASELINE_NO_ENTITY_RANKING,,,NOT_APPLICABLE_GLOBAL_BASELINE,HF9g-P5,,,,X 全窗基线 · 不参与实体赏罚,3926556,393,A168_HF9F_20260827_0900,2026-08-27 09:00:00
2026-06-09,135098382,1363,0,61.7172834108,3.6001748659,3.6001748659,0.5454545,12,12,0.50441650000000000,0.504416500000,0.27222621781358125,0.27222621781358125,0.27222621781358125,0E-17,ELIGIBLE,R03b_20260811_FULL_v1,L1_ELIGIBILITY,v2026-08-11,2026-03-21..2026-08-06,baccarat_bet02_101_all_pairs_incl_sentinel,round_win = game_pnl > 0 (decisive only),COMPATIBILITY_ONLY_NOT_PRODUCTION,569.3822,479.3778,-61.6417,84,84,0.10826066,,0.10826066,0.10826066,61.6417,569.3822,OK,0.0000,-2.4657,4.0000,96.0000,AG03-UNRESOLVED,ALL5_LEVELS_bet23_to_bet27,-2.4657,-3.0821,-3.0821,-3.0821,-3.0821,4.000000,5.000000,5.000000,5.000000,5.000000,96.000000,95.000000,95.000000,95.000000,95.000000,5.0,-14.7940,-13.4425,-46.8477,-48.1992,PENDING_AG03,FALSE,NOT_FOR_ENFORCEMENT,-59.1760,460.2027,-61.6417,-59.1760,-2.4657,-0.10826066,-0.10393024,-2.4657,-59.1760,-0.10393024,-2.4657,-3.0821,-3.0821,-3.0821,-3.0821,-59.1760,-0.10393024,-14.7940,-13.4425,-46.8477,-48.1992,-0.08227810,-0.08465183,-0.00433043,6.7784,5.7069,-0.7338,-7.7052,-3.2443,71.1728,10.5000,,6.7784,5.1431,5.1431,5.468,12.8578,12.8578,12.8578,5.1431,0.0,2.5,2.5,1.31795,8,19,5,2,0E-8,-0.10826066,,0E-8,0.000000,0.841926,0.000000,,2026-03-22,2026-06-13,8,19,15,84,0.095238,,,0.000000,,,,,,,,GLOBAL_BASELINE_NO_ENTITY_RANKING,,,NOT_APPLICABLE_GLOBAL_BASELINE,HF9g-P5,,,,X 全窗基线 · 不参与实体赏罚,3926557,393,A168_HF9F_20260827_0900,2026-08-27 09:00:00
2026-06-09,135098382,1385,0,187.7234037079,25.9726901025,25.9726901025,0.5769231,35,35,0.49860758000000000,0.498607580000,0.7986675910278664,0.7986675910278664,0.7986675910278664,0E-17,ELIGIBLE,R03b_20260811_FULL_v1,L1_ELIGIBILITY,v2026-08-11,2026-03-21..2026-08-06,baccarat_bet02_101_all_pairs_incl_sentinel,round_win = game_pnl > 0 (decisive only),COMPATIBILITY_ONLY_NOT_PRODUCTION,569.3822,479.3778,-61.6417,84,84,0.10826066,,0.10826066,0.10826066,61.6417,569.3822,OK,0.0000,-2.4657,4.0000,96.0000,AG03-UNRESOLVED,ALL5_LEVELS_bet23_to_bet27,-2.4657,-3.0821,-3.0821,-3.0821,-3.0821,4.000000,5.000000,5.000000,5.000000,5.000000,96.000000,95.000000,95.000000,95.000000,95.000000,5.0,-14.7940,-13.4425,-46.8477,-48.1992,PENDING_AG03,FALSE,NOT_FOR_ENFORCEMENT,-59.1760,460.2027,-61.6417,-59.1760,-2.4657,-0.10826066,-0.10393024,-2.4657,-59.1760,-0.10393024,-2.4657,-3.0821,-3.0821,-3.0821,-3.0821,-59.1760,-0.10393024,-14.7940,-13.4425,-46.8477,-48.1992,-0.08227810,-0.08465183,-0.00433043,6.7784,5.7069,-0.7338,-7.7052,-3.2443,71.1728,10.5000,,6.7784,5.1431,5.1431,5.468,12.8578,12.8578,12.8578,5.1431,0.0,2.5,2.5,1.31795,8,19,5,2,0E-8,-0.10826066,,0E-8,0.000000,0.841926,0.000000,,2026-03-22,2026-06-13,8,19,15,84,0.095238,,,0.000000,,,,,,,,GLOBAL_BASELINE_NO_ENTITY_RANKING,,,NOT_APPLICABLE_GLOBAL_BASELINE,HF9g-P5,,,,X 全窗基线 · 不参与实体赏罚,3926558,393,A168_HF9F_20260827_0900,2026-08-27 09:00:00
2026-06-09,135098382,1704,0,10.2862139018,-0.2571553475,-0.2571553475,0.5000000,2,2,0.49994810000000000,0.499948100000,0.00014679536856514622,0.00014679536856514622,0.00014679536856514622,0E-17,ELIGIBLE,R03b_20260811_FULL_v1,L1_ELIGIBILITY,v2026-08-11,2026-03-21..2026-08-06,baccarat_bet02_101_all_pairs_incl_sentinel,round_win = game_pnl > 0 (decisive only),COMPATIBILITY_ONLY_NOT_PRODUCTION,569.3822,479.3778,-61.6417,84,84,0.10826066,,0.10826066,0.10826066,61.6417,569.3822,OK,0.0000,-2.4657,4.0000,96.0000,AG03-UNRESOLVED,ALL5_LEVELS_bet23_to_bet27,-2.4657,-3.0821,-3.0821,-3.0821,-3.0821,4.000000,5.000000,5.000000,5.000000,5.000000,96.000000,95.000000,95.000000,95.000000,95.000000,5.0,-14.7940,-13.4425,-46.8477,-48.1992,PENDING_AG03,FALSE,NOT_FOR_ENFORCEMENT,-59.1760,460.2027,-61.6417,-59.1760,-2.4657,-0.10826066,-0.10393024,-2.4657,-59.1760,-0.10393024,-2.4657,-3.0821,-3.0821,-3.0821,-3.0821,-59.1760,-0.10393024,-14.7940,-13.4425,-46.8477,-48.1992,-0.08227810,-0.08465183,-0.00433043,6.7784,5.7069,-0.7338,-7.7052,-3.2443,71.1728,10.5000,,6.7784,5.1431,5.1431,5.468,12.8578,12.8578,12.8578,5.1431,0.0,2.5,2.5,1.31795,8,19,5,2,0E-8,-0.10826066,,0E-8,0.000000,0.841926,0.000000,,2026-03-22,2026-06-13,8,19,15,84,0.095238,,,0.000000,,,,,,,,GLOBAL_BASELINE_NO_ENTITY_RANKING,,,NOT_APPLICABLE_GLOBAL_BASELINE,HF9g-P5,,,,X 全窗基线 · 不参与实体赏罚,3926559,393,A168_HF9F_20260827_0900,2026-08-27 09:00:00
2026-06-09,135098382,1710,0,20.5724278036,0E-10,0E-10,0.5000000,4,4,0.49324550000000000,0.493245500000,0.027020465636507562,0.027020465636507562,0.027020465636507562,0E-17,ELIGIBLE,R03b_20260811_FULL_v1,L1_ELIGIBILITY,v2026-08-11,2026-03-21..2026-08-06,baccarat_bet02_101_all_pairs_incl_sentinel,round_win = game_pnl > 0 (decisive only),COMPATIBILITY_ONLY_NOT_PRODUCTION,569.3822,479.3778,-61.6417,84,84,0.10826066,,0.10826066,0.10826066,61.6417,569.3822,OK,0.0000,-2.4657,4.0000,96.0000,AG03-UNRESOLVED,ALL5_LEVELS_bet23_to_bet27,-2.4657,-3.0821,-3.0821,-3.0821,-3.0821,4.000000,5.000000,5.000000,5.000000,5.000000,96.000000,95.000000,95.000000,95.000000,95.000000,5.0,-14.7940,-13.4425,-46.8477,-48.1992,PENDING_AG03,FALSE,NOT_FOR_ENFORCEMENT,-59.1760,460.2027,-61.6417,-59.1760,-2.4657,-0.10826066,-0.10393024,-2.4657,-59.1760,-0.10393024,-2.4657,-3.0821,-3.0821,-3.0821,-3.0821,-59.1760,-0.10393024,-14.7940,-13.4425,-46.8477,-48.1992,-0.08227810,-0.08465183,-0.00433043,6.7784,5.7069,-0.7338,-7.7052,-3.2443,71.1728,10.5000,,6.7784,5.1431,5.1431,5.468,12.8578,12.8578,12.8578,5.1431,0.0,2.5,2.5,1.31795,8,19,5,2,0E-8,-0.10826066,,0E-8,0.000000,0.841926,0.000000,,2026-03-22,2026-06-13,8,19,15,84,0.095238,,,0.000000,,,,,,,,GLOBAL_BASELINE_NO_ENTITY_RANKING,,,NOT_APPLICABLE_GLOBAL_BASELINE,HF9g-P5,,,,X 全窗基线 · 不参与实体赏罚,3926560,393,A168_HF9F_20260827_0900,2026-08-27 09:00:00
2026-06-09,135098382,2108,0,10.2862139018,10.0290585543,10.0290585543,1.0000000,2,2,0.49994810000000000,0.499948100000,1.4143603653603398,1.4143603653603398,1.4143603653603398,0E-17,ELIGIBLE,R03b_20260811_FULL_v1,L1_ELIGIBILITY,v2026-08-11,2026-03-21..2026-08-06,baccarat_bet02_101_all_pairs_incl_sentinel,round_win = game_pnl > 0 (decisive only),COMPATIBILITY_ONLY_NOT_PRODUCTION,569.3822,479.3778,-61.6417,84,84,0.10826066,,0.10826066,0.10826066,61.6417,569.3822,OK,0.0000,-2.4657,4.0000,96.0000,AG03-UNRESOLVED,ALL5_LEVELS_bet23_to_bet27,-2.4657,-3.0821,-3.0821,-3.0821,-3.0821,4.000000,5.000000,5.000000,5.000000,5.000000,96.000000,95.000000,95.000000,95.000000,95.000000,5.0,-14.7940,-13.4425,-46.8477,-48.1992,PENDING_AG03,FALSE,NOT_FOR_ENFORCEMENT,-59.1760,460.2027,-61.6417,-59.1760,-2.4657,-0.10826066,-0.10393024,-2.4657,-59.1760,-0.10393024,-2.4657,-3.0821,-3.0821,-3.0821,-3.0821,-59.1760,-0.10393024,-14.7940,-13.4425,-46.8477,-48.1992,-0.08227810,-0.08465183,-0.00433043,6.7784,5.7069,-0.7338,-7.7052,-3.2443,71.1728,10.5000,,6.7784,5.1431,5.1431,5.468,12.8578,12.8578,12.8578,5.1431,0.0,2.5,2.5,1.31795,8,19,5,2,0E-8,-0.10826066,,0E-8,0.000000,0.841926,0.000000,,2026-03-22,2026-06-13,8,19,15,84,0.095238,,,0.000000,,,,,,,,GLOBAL_BASELINE_NO_ENTITY_RANKING,,,NOT_APPLICABLE_GLOBAL_BASELINE,HF9g-P5,,,,X 全窗基线 · 不参与实体赏罚,3926561,393,A168_HF9F_20260827_0900,2026-08-27 09:00:00
2026-06-09,135098382,2224,0,5.1431069509,5.1431069509,5.1431069509,1.0000000,1,1,0.49324550000000000,0.493245500000,1.01360149184955,1.01360149184955,1.01360149184955,0E-17,ELIGIBLE,R03b_20260811_FULL_v1,L1_ELIGIBILITY,v2026-08-11,2026-03-21..2026-08-06,baccarat_bet02_101_all_pairs_incl_sentinel,round_win = game_pnl > 0 (decisive only),COMPATIBILITY_ONLY_NOT_PRODUCTION,569.3822,479.3778,-61.6417,84,84,0.10826066,,0.10826066,0.10826066,61.6417,569.3822,OK,0.0000,-2.4657,4.0000,96.0000,AG03-UNRESOLVED,ALL5_LEVELS_bet23_to_bet27,-2.4657,-3.0821,-3.0821,-3.0821,-3.0821,4.000000,5.000000,5.000000,5.000000,5.000000,96.000000,95.000000,95.000000,95.000000,95.000000,5.0,-14.7940,-13.4425,-46.8477,-48.1992,PENDING_AG03,FALSE,NOT_FOR_ENFORCEMENT,-59.1760,460.2027,-61.6417,-59.1760,-2.4657,-0.10826066,-0.10393024,-2.4657,-59.1760,-0.10393024,-2.4657,-3.0821,-3.0821,-3.0821,-3.0821,-59.1760,-0.10393024,-14.7940,-13.4425,-46.8477,-48.1992,-0.08227810,-0.08465183,-0.00433043,6.7784,5.7069,-0.7338,-7.7052,-3.2443,71.1728,10.5000,,6.7784,5.1431,5.1431,5.468,12.8578,12.8578,12.8578,5.1431,0.0,2.5,2.5,1.31795,8,19,5,2,0E-8,-0.10826066,,0E-8,0.000000,0.841926,0.000000,,2026-03-22,2026-06-13,8,19,15,84,0.095238,,,0.000000,,,,,,,,GLOBAL_BASELINE_NO_ENTITY_RANKING,,,NOT_APPLICABLE_GLOBAL_BASELINE,HF9g-P5,,,,X 全窗基线 · 不参与实体赏罚,3926562,393,A168_HF9F_20260827_0900,2026-08-27 09:00:00
2026-06-09,135098382,789,0,2.5715534755,-2.5715534755,-2.5715534755,0E-7,1,1,0.50665070000000000,0.506650700000,-1.013391052207602,-1.013391052207602,-1.013391052207602,0E-17,ELIGIBLE,R03b_20260811_FULL_v1,L1_ELIGIBILITY,v2026-08-11,2026-03-21..2026-08-06,baccarat_bet02_101_all_pairs_incl_sentinel,round_win = game_pnl > 0 (decisive only),COMPATIBILITY_ONLY_NOT_PRODUCTION,569.3822,479.3778,-61.6417,84,84,0.10826066,,0.10826066,0.10826066,61.6417,569.3822,OK,0.0000,-2.4657,4.0000,96.0000,AG03-UNRESOLVED,ALL5_LEVELS_bet23_to_bet27,-2.4657,-3.0821,-3.0821,-3.0821,-3.0821,4.000000,5.000000,5.000000,5.000000,5.000000,96.000000,95.000000,95.000000,95.000000,95.000000,5.0,-14.7940,-13.4425,-46.8477,-48.1992,PENDING_AG03,FALSE,NOT_FOR_ENFORCEMENT,-59.1760,460.2027,-61.6417,-59.1760,-2.4657,-0.10826066,-0.10393024,-2.4657,-59.1760,-0.10393024,-2.4657,-3.0821,-3.0821,-3.0821,-3.0821,-59.1760,-0.10393024,-14.7940,-13.4425,-46.8477,-48.1992,-0.08227810,-0.08465183,-0.00433043,6.7784,5.7069,-0.7338,-7.7052,-3.2443,71.1728,10.5000,,6.7784,5.1431,5.1431,5.468,12.8578,12.8578,12.8578,5.1431,0.0,2.5,2.5,1.31795,8,19,5,2,0E-8,-0.10826066,,0E-8,0.000000,0.841926,0.000000,,2026-03-22,2026-06-13,8,19,15,84,0.095238,,,0.000000,,,,,,,,GLOBAL_BASELINE_NO_ENTITY_RANKING,,,NOT_APPLICABLE_GLOBAL_BASELINE,HF9g-P5,,,,X 全窗基线 · 不参与实体赏罚,3926563,393,A168_HF9F_20260827_0900,2026-08-27 09:00:00
2026-06-09,135098382,925,0,2.5715534755,2.5715534755,2.5715534755,1.0000000,1,1,0.49324550000000000,0.493245500000,1.01360149184955,1.01360149184955,1.01360149184955,0E-17,ELIGIBLE,R03b_20260811_FULL_v1,L1_ELIGIBILITY,v2026-08-11,2026-03-21..2026-08-06,baccarat_bet02_101_all_pairs_incl_sentinel,round_win = game_pnl > 0 (decisive only),COMPATIBILITY_ONLY_NOT_PRODUCTION,569.3822,479.3778,-61.6417,84,84,0.10826066,,0.10826066,0.10826066,61.6417,569.3822,OK,0.0000,-2.4657,4.0000,96.0000,AG03-UNRESOLVED,ALL5_LEVELS_bet23_to_bet27,-2.4657,-3.0821,-3.0821,-3.0821,-3.0821,4.000000,5.000000,5.000000,5.000000,5.000000,96.000000,95.000000,95.000000,95.000000,95.000000,5.0,-14.7940,-13.4425,-46.8477,-48.1992,PENDING_AG03,FALSE,NOT_FOR_ENFORCEMENT,-59.1760,460.2027,-61.6417,-59.1760,-2.4657,-0.10826066,-0.10393024,-2.4657,-59.1760,-0.10393024,-2.4657,-3.0821,-3.0821,-3.0821,-3.0821,-59.1760,-0.10393024,-14.7940,-13.4425,-46.8477,-48.1992,-0.08227810,-0.08465183,-0.00433043,6.7784,5.7069,-0.7338,-7.7052,-3.2443,71.1728,10.5000,,6.7784,5.1431,5.1431,5.468,12.8578,12.8578,12.8578,5.1431,0.0,2.5,2.5,1.31795,8,19,5,2,0E-8,-0.10826066,,0E-8,0.000000,0.841926,0.000000,,2026-03-22,2026-06-13,8,19,15,84,0.095238,,,0.000000,,,,,,,,GLOBAL_BASELINE_NO_ENTITY_RANKING,,,NOT_APPLICABLE_GLOBAL_BASELINE,HF9g-P5,,,,X 全窗基线 · 不参与实体赏罚,3926564,393,A168_HF9F_20260827_0900,2026-08-27 09:00:00
2026-06-12,135098382,2129,0,11.5719906395,-11.5719906395,-11.5719906395,0E-7,1,1,0.49324550000000000,0.493245500000,-0.9865810262130424,-0.9865810262130424,-0.9865810262130424,0E-17,ELIGIBLE,R03b_20260811_FULL_v1,L1_ELIGIBILITY,v2026-08-11,2026-03-21..2026-08-06,baccarat_bet02_101_all_pairs_incl_sentinel,round_win = game_pnl > 0 (decisive only),COMPATIBILITY_ONLY_NOT_PRODUCTION,569.3822,479.3778,-61.6417,84,84,0.10826066,,0.10826066,0.10826066,61.6417,569.3822,OK,0.0000,-2.4657,4.0000,96.0000,AG03-UNRESOLVED,ALL5_LEVELS_bet23_to_bet27,-2.4657,-3.0821,-3.0821,-3.0821,-3.0821,4.000000,5.000000,5.000000,5.000000,5.000000,96.000000,95.000000,95.000000,95.000000,95.000000,5.0,-14.7940,-13.4425,-46.8477,-48.1992,PENDING_AG03,FALSE,NOT_FOR_ENFORCEMENT,-59.1760,460.2027,-61.6417,-59.1760,-2.4657,-0.10826066,-0.10393024,-2.4657,-59.1760,-0.10393024,-2.4657,-3.0821,-3.0821,-3.0821,-3.0821,-59.1760,-0.10393024,-14.7940,-13.4425,-46.8477,-48.1992,-0.08227810,-0.08465183,-0.00433043,6.7784,5.7069,-0.7338,-7.7052,-3.2443,71.1728,10.5000,,6.7784,5.1431,5.1431,5.468,12.8578,12.8578,12.8578,5.1431,0.0,2.5,2.5,1.31795,8,19,5,2,0E-8,-0.10826066,,0E-8,0.000000,0.841926,0.000000,,2026-03-22,2026-06-13,8,19,15,84,0.095238,,,0.000000,,,,,,,,GLOBAL_BASELINE_NO_ENTITY_RANKING,,,NOT_APPLICABLE_GLOBAL_BASELINE,HF9g-P5,,,,X 全窗基线 · 不参与实体赏罚,3926565,393,A168_HF9F_20260827_0900,2026-08-27 09:00:00
2026-06-12,135098382,2261,0,4.3716409083,-4.3716409083,-4.3716409083,0E-7,1,1,0.49324550000000000,0.493245500000,-0.9865810262130424,-0.9865810262130424,-0.9865810262130424,0E-17,ELIGIBLE,R03b_20260811_FULL_v1,L1_ELIGIBILITY,v2026-08-11,2026-03-21..2026-08-06,baccarat_bet02_101_all_pairs_incl_sentinel,round_win = game_pnl > 0 (decisive only),COMPATIBILITY_ONLY_NOT_PRODUCTION,569.3822,479.3778,-61.6417,84,84,0.10826066,,0.10826066,0.10826066,61.6417,569.3822,OK,0.0000,-2.4657,4.0000,96.0000,AG03-UNRESOLVED,ALL5_LEVELS_bet23_to_bet27,-2.4657,-3.0821,-3.0821,-3.0821,-3.0821,4.000000,5.000000,5.000000,5.000000,5.000000,96.000000,95.000000,95.000000,95.000000,95.000000,5.0,-14.7940,-13.4425,-46.8477,-48.1992,PENDING_AG03,FALSE,NOT_FOR_ENFORCEMENT,-59.1760,460.2027,-61.6417,-59.1760,-2.4657,-0.10826066,-0.10393024,-2.4657,-59.1760,-0.10393024,-2.4657,-3.0821,-3.0821,-3.0821,-3.0821,-59.1760,-0.10393024,-14.7940,-13.4425,-46.8477,-48.1992,-0.08227810,-0.08465183,-0.00433043,6.7784,5.7069,-0.7338,-7.7052,-3.2443,71.1728,10.5000,,6.7784,5.1431,5.1431,5.468,12.8578,12.8578,12.8578,5.1431,0.0,2.5,2.5,1.31795,8,19,5,2,0E-8,-0.10826066,,0E-8,0.000000,0.841926,0.000000,,2026-03-22,2026-06-13,8,19,15,84,0.095238,,,0.000000,,,,,,,,GLOBAL_BASELINE_NO_ENTITY_RANKING,,,NOT_APPLICABLE_GLOBAL_BASELINE,HF9g-P5,,,,X 全窗基线 · 不参与实体赏罚,3926566,393,A168_HF9F_20260827_0900,2026-08-27 09:00:00
2026-06-13,135098382,1210,0,38.5733021319,12.8577673773,12.8577673773,0.6666667,3,3,0.49771390000000000,0.497713900000,0.5852756695216578,0.5852756695216578,0.5852756695216578,0E-17,ELIGIBLE,R03b_20260811_FULL_v1,L1_ELIGIBILITY,v2026-08-11,2026-03-21..2026-08-06,baccarat_bet02_101_all_pairs_incl_sentinel,round_win = game_pnl > 0 (decisive only),COMPATIBILITY_ONLY_NOT_PRODUCTION,569.3822,479.3778,-61.6417,84,84,0.10826066,,0.10826066,0.10826066,61.6417,569.3822,OK,0.0000,-2.4657,4.0000,96.0000,AG03-UNRESOLVED,ALL5_LEVELS_bet23_to_bet27,-2.4657,-3.0821,-3.0821,-3.0821,-3.0821,4.000000,5.000000,5.000000,5.000000,5.000000,96.000000,95.000000,95.000000,95.000000,95.000000,5.0,-14.7940,-13.4425,-46.8477,-48.1992,PENDING_AG03,FALSE,NOT_FOR_ENFORCEMENT,-59.1760,460.2027,-61.6417,-59.1760,-2.4657,-0.10826066,-0.10393024,-2.4657,-59.1760,-0.10393024,-2.4657,-3.0821,-3.0821,-3.0821,-3.0821,-59.1760,-0.10393024,-14.7940,-13.4425,-46.8477,-48.1992,-0.08227810,-0.08465183,-0.00433043,6.7784,5.7069,-0.7338,-7.7052,-3.2443,71.1728,10.5000,,6.7784,5.1431,5.1431,5.468,12.8578,12.8578,12.8578,5.1431,0.0,2.5,2.5,1.31795,8,19,5,2,0E-8,-0.10826066,,0E-8,0.000000,0.841926,0.000000,,2026-03-22,2026-06-13,8,19,15,84,0.095238,,,0.000000,,,,,,,,GLOBAL_BASELINE_NO_ENTITY_RANKING,,,NOT_APPLICABLE_GLOBAL_BASELINE,HF9g-P5,,,,X 全窗基线 · 不参与实体赏罚,3926567,393,A168_HF9F_20260827_0900,2026-08-27 09:00:00
2026-06-13,135098382,1374,0,51.4310695092,12.2148790084,12.2148790084,0.6666667,4,4,0.49994810000000000,0.499948100000,0.5775300591747329,0.5775300591747329,0.5775300591747329,0E-17,ELIGIBLE,R03b_20260811_FULL_v1,L1_ELIGIBILITY,v2026-08-11,2026-03-21..2026-08-06,baccarat_bet02_101_all_pairs_incl_sentinel,round_win = game_pnl > 0 (decisive only),COMPATIBILITY_ONLY_NOT_PRODUCTION,569.3822,479.3778,-61.6417,84,84,0.10826066,,0.10826066,0.10826066,61.6417,569.3822,OK,0.0000,-2.4657,4.0000,96.0000,AG03-UNRESOLVED,ALL5_LEVELS_bet23_to_bet27,-2.4657,-3.0821,-3.0821,-3.0821,-3.0821,4.000000,5.000000,5.000000,5.000000,5.000000,96.000000,95.000000,95.000000,95.000000,95.000000,5.0,-14.7940,-13.4425,-46.8477,-48.1992,PENDING_AG03,FALSE,NOT_FOR_ENFORCEMENT,-59.1760,460.2027,-61.6417,-59.1760,-2.4657,-0.10826066,-0.10393024,-2.4657,-59.1760,-0.10393024,-2.4657,-3.0821,-3.0821,-3.0821,-3.0821,-59.1760,-0.10393024,-14.7940,-13.4425,-46.8477,-48.1992,-0.08227810,-0.08465183,-0.00433043,6.7784,5.7069,-0.7338,-7.7052,-3.2443,71.1728,10.5000,,6.7784,5.1431,5.1431,5.468,12.8578,12.8578,12.8578,5.1431,0.0,2.5,2.5,1.31795,8,19,5,2,0E-8,-0.10826066,,0E-8,0.000000,0.841926,0.000000,,2026-03-22,2026-06-13,8,19,15,84,0.095238,,,0.000000,,,,,,,,GLOBAL_BASELINE_NO_ENTITY_RANKING,,,NOT_APPLICABLE_GLOBAL_BASELINE,HF9g-P5,,,,X 全窗基线 · 不参与实体赏罚,3926568,393,A168_HF9F_20260827_0900,2026-08-27 09:00:00
2026-06-13,135098382,2147,0,12.8577673773,-12.8577673773,-12.8577673773,0E-7,1,1,0.50665070000000000,0.506650700000,-1.013391052207602,-1.013391052207602,-1.013391052207602,0E-17,ELIGIBLE,R03b_20260811_FULL_v1,L1_ELIGIBILITY,v2026-08-11,2026-03-21..2026-08-06,baccarat_bet02_101_all_pairs_incl_sentinel,round_win = game_pnl > 0 (decisive only),COMPATIBILITY_ONLY_NOT_PRODUCTION,569.3822,479.3778,-61.6417,84,84,0.10826066,,0.10826066,0.10826066,61.6417,569.3822,OK,0.0000,-2.4657,4.0000,96.0000,AG03-UNRESOLVED,ALL5_LEVELS_bet23_to_bet27,-2.4657,-3.0821,-3.0821,-3.0821,-3.0821,4.000000,5.000000,5.000000,5.000000,5.000000,96.000000,95.000000,95.000000,95.000000,95.000000,5.0,-14.7940,-13.4425,-46.8477,-48.1992,PENDING_AG03,FALSE,NOT_FOR_ENFORCEMENT,-59.1760,460.2027,-61.6417,-59.1760,-2.4657,-0.10826066,-0.10393024,-2.4657,-59.1760,-0.10393024,-2.4657,-3.0821,-3.0821,-3.0821,-3.0821,-59.1760,-0.10393024,-14.7940,-13.4425,-46.8477,-48.1992,-0.08227810,-0.08465183,-0.00433043,6.7784,5.7069,-0.7338,-7.7052,-3.2443,71.1728,10.5000,,6.7784,5.1431,5.1431,5.468,12.8578,12.8578,12.8578,5.1431,0.0,2.5,2.5,1.31795,8,19,5,2,0E-8,-0.10826066,,0E-8,0.000000,0.841926,0.000000,,2026-03-22,2026-06-13,8,19,15,84,0.095238,,,0.000000,,,,,,,,GLOBAL_BASELINE_NO_ENTITY_RANKING,,,NOT_APPLICABLE_GLOBAL_BASELINE,HF9g-P5,,,,X 全窗基线 · 不参与实体赏罚,3926569,393,A168_HF9F_20260827_0900,2026-08-27 09:00:00
2026-06-13,135098382,919,0,102.8621390184,48.2166276647,48.2166276647,0.8333333,8,8,0.50497505000000000,0.504975050000,1.608700130204905,1.608700130204905,1.608700130204905,0E-17,ELIGIBLE,R03b_20260811_FULL_v1,L1_ELIGIBILITY,v2026-08-11,2026-03-21..2026-08-06,baccarat_bet02_101_all_pairs_incl_sentinel,round_win = game_pnl > 0 (decisive only),COMPATIBILITY_ONLY_NOT_PRODUCTION,569.3822,479.3778,-61.6417,84,84,0.10826066,,0.10826066,0.10826066,61.6417,569.3822,OK,0.0000,-2.4657,4.0000,96.0000,AG03-UNRESOLVED,ALL5_LEVELS_bet23_to_bet27,-2.4657,-3.0821,-3.0821,-3.0821,-3.0821,4.000000,5.000000,5.000000,5.000000,5.000000,96.000000,95.000000,95.000000,95.000000,95.000000,5.0,-14.7940,-13.4425,-46.8477,-48.1992,PENDING_AG03,FALSE,NOT_FOR_ENFORCEMENT,-59.1760,460.2027,-61.6417,-59.1760,-2.4657,-0.10826066,-0.10393024,-2.4657,-59.1760,-0.10393024,-2.4657,-3.0821,-3.0821,-3.0821,-3.0821,-59.1760,-0.10393024,-14.7940,-13.4425,-46.8477,-48.1992,-0.08227810,-0.08465183,-0.00433043,6.7784,5.7069,-0.7338,-7.7052,-3.2443,71.1728,10.5000,,6.7784,5.1431,5.1431,5.468,12.8578,12.8578,12.8578,5.1431,0.0,2.5,2.5,1.31795,8,19,5,2,0E-8,-0.10826066,,0E-8,0.000000,0.841926,0.000000,,2026-03-22,2026-06-13,8,19,15,84,0.095238,,,0.000000,,,,,,,,GLOBAL_BASELINE_NO_ENTITY_RANKING,,,NOT_APPLICABLE_GLOBAL_BASELINE,HF9g-P5,,,,X 全窗基线 · 不参与实体赏罚,3926570,393,A168_HF9F_20260827_0900,2026-08-27 09:00:00
2026-06-27,152164798,1935,0,38.5733021319,-2.8287088230,-2.8287088230,0.5000000,5,5,0.49592654000000000,0.495926540000,0.016294380756781617,0.016294380756781617,0.016294380756781617,0E-17,ELIGIBLE,R03b_20260811_FULL_v1,L1_ELIGIBILITY,v2026-08-11,2026-03-21..2026-08-06,baccarat_bet02_101_all_pairs_incl_sentinel,round_win = game_pnl > 0 (decisive only),COMPATIBILITY_ONLY_NOT_PRODUCTION,573.0813,524.2674,-61.6410,58,30,0.10756069,0.12061509,-0.07333333,0.10756069,61.6410,573.0813,OK,0.0000,-2.4656,4.0000,96.0000,AG03-UNRESOLVED,ALL5_LEVELS_bet23_to_bet27,-2.4656,-2.4656,-2.4656,-3.0821,-3.0821,4.000000,4.000000,4.000000,5.000000,5.000000,96.000000,96.000000,96.000000,95.000000,95.000000,5.0,-13.5610,-12.4223,-48.0800,-49.2188,PENDING_AG03,FALSE,NOT_FOR_ENFORCEMENT,-59.1754,503.2967,-61.6410,-59.1754,-2.4656,-0.10756069,-0.10325826,-2.4656,-59.1754,-0.10325826,-2.4656,-2.4656,-2.4656,-3.0821,-3.0821,-59.1754,-0.10325826,-13.5610,-12.4223,-48.0800,-49.2188,-0.08389734,-0.08588444,-0.00430243,9.8807,17.4756,-2.0547,-30.8205,-12.3282,286.5407,15.0000,10.0851,7.7147,2.5685,6.4289,12.8426,25.6852,25.6852,28.0482,5.137,-2.5685,3.995274,4.36284,1.536925,5,6,3,6,0.93269140,-0.10756069,-0.12061509,0E-8,0.000000,0.914822,0.844828,0.19394842,2026-06-27,2026-08-04,2,5,5,39,0.051282,1.307259,1.020681,3.108971,,,,,,,,GLOBAL_BASELINE_NO_ENTITY_RANKING,,,NOT_APPLICABLE_GLOBAL_BASELINE,HF9g-P5,,,,X 全窗基线 · 不参与实体赏罚,3926571,393,A168_HF9F_20260827_0900,2026-08-27 09:00:00
2026-08-04,152164798,-1,1,367.2976652202,102.7406056560,102.7406056560,0.7058824,42,17,0.41574061783613445,0.296823057843,2.4272839737648937,3.69172717320973,2.4272839737648937,0.11891755999313445,SENTINEL_DEALER,R03b_20260811_FULL_v1,L1_ELIGIBILITY,v2026-08-11,2026-03-21..2026-08-06,baccarat_bet02_101_all_pairs_incl_sentinel,round_win = game_pnl > 0 (decisive only),COMPATIBILITY_ONLY_NOT_PRODUCTION,573.0813,524.2674,-61.6410,58,30,0.10756069,0.12061509,-0.07333333,0.10756069,61.6410,573.0813,OK,0.0000,-2.4656,4.0000,96.0000,AG03-UNRESOLVED,ALL5_LEVELS_bet23_to_bet27,-2.4656,-2.4656,-2.4656,-3.0821,-3.0821,4.000000,4.000000,4.000000,5.000000,5.000000,96.000000,96.000000,96.000000,95.000000,95.000000,5.0,-13.5610,-12.4223,-48.0800,-49.2188,PENDING_AG03,FALSE,NOT_FOR_ENFORCEMENT,-59.1754,503.2967,-61.6410,-59.1754,-2.4656,-0.10756069,-0.10325826,-2.4656,-59.1754,-0.10325826,-2.4656,-2.4656,-2.4656,-3.0821,-3.0821,-59.1754,-0.10325826,-13.5610,-12.4223,-48.0800,-49.2188,-0.08389734,-0.08588444,-0.00430243,9.8807,17.4756,-2.0547,-30.8205,-12.3282,286.5407,15.0000,10.0851,7.7147,2.5685,6.4289,12.8426,25.6852,25.6852,28.0482,5.137,-2.5685,3.995274,4.36284,1.536925,5,6,3,6,0.93269140,-0.10756069,-0.12061509,0E-8,0.000000,0.914822,0.844828,0.19394842,2026-06-27,2026-08-04,2,5,5,39,0.051282,1.307259,1.020681,3.108971,,,,,,,,GLOBAL_BASELINE_NO_ENTITY_RANKING,,,NOT_APPLICABLE_GLOBAL_BASELINE,HF9g-P5,,,,X 全窗基线 · 不参与实体赏罚,3926572,393,A168_HF9F_20260827_0900,2026-08-27 09:00:00
2026-08-04,152164798,1017,0,25.6851514140,-25.6851514140,-25.6851514140,0E-7,1,1,0.49324550000000000,0.493245500000,-0.9865810262130424,-0.9865810262130424,-0.9865810262130424,0E-17,ELIGIBLE,R03b_20260811_FULL_v1,L1_ELIGIBILITY,v2026-08-11,2026-03-21..2026-08-06,baccarat_bet02_101_all_pairs_incl_sentinel,round_win = game_pnl > 0 (decisive only),COMPATIBILITY_ONLY_NOT_PRODUCTION,573.0813,524.2674,-61.6410,58,30,0.10756069,0.12061509,-0.07333333,0.10756069,61.6410,573.0813,OK,0.0000,-2.4656,4.0000,96.0000,AG03-UNRESOLVED,ALL5_LEVELS_bet23_to_bet27,-2.4656,-2.4656,-2.4656,-3.0821,-3.0821,4.000000,4.000000,4.000000,5.000000,5.000000,96.000000,96.000000,96.000000,95.000000,95.000000,5.0,-13.5610,-12.4223,-48.0800,-49.2188,PENDING_AG03,FALSE,NOT_FOR_ENFORCEMENT,-59.1754,503.2967,-61.6410,-59.1754,-2.4656,-0.10756069,-0.10325826,-2.4656,-59.1754,-0.10325826,-2.4656,-2.4656,-2.4656,-3.0821,-3.0821,-59.1754,-0.10325826,-13.5610,-12.4223,-48.0800,-49.2188,-0.08389734,-0.08588444,-0.00430243,9.8807,17.4756,-2.0547,-30.8205,-12.3282,286.5407,15.0000,10.0851,7.7147,2.5685,6.4289,12.8426,25.6852,25.6852,28.0482,5.137,-2.5685,3.995274,4.36284,1.536925,5,6,3,6,0.93269140,-0.10756069,-0.12061509,0E-8,0.000000,0.914822,0.844828,0.19394842,2026-06-27,2026-08-04,2,5,5,39,0.051282,1.307259,1.020681,3.108971,,,,,,,,GLOBAL_BASELINE_NO_ENTITY_RANKING,,,NOT_APPLICABLE_GLOBAL_BASELINE,HF9g-P5,,,,X 全窗基线 · 不参与实体赏罚,3926573,393,A168_HF9F_20260827_0900,2026-08-27 09:00:00
2026-08-04,152164798,1150,0,13.0994272211,13.0994272211,13.0994272211,1.0000000,1,1,0.49324550000000000,0.493245500000,1.01360149184955,1.01360149184955,1.01360149184955,0E-17,ELIGIBLE,R03b_20260811_FULL_v1,L1_ELIGIBILITY,v2026-08-11,2026-03-21..2026-08-06,baccarat_bet02_101_all_pairs_incl_sentinel,round_win = game_pnl > 0 (decisive only),COMPATIBILITY_ONLY_NOT_PRODUCTION,573.0813,524.2674,-61.6410,58,30,0.10756069,0.12061509,-0.07333333,0.10756069,61.6410,573.0813,OK,0.0000,-2.4656,4.0000,96.0000,AG03-UNRESOLVED,ALL5_LEVELS_bet23_to_bet27,-2.4656,-2.4656,-2.4656,-3.0821,-3.0821,4.000000,4.000000,4.000000,5.000000,5.000000,96.000000,96.000000,96.000000,95.000000,95.000000,5.0,-13.5610,-12.4223,-48.0800,-49.2188,PENDING_AG03,FALSE,NOT_FOR_ENFORCEMENT,-59.1754,503.2967,-61.6410,-59.1754,-2.4656,-0.10756069,-0.10325826,-2.4656,-59.1754,-0.10325826,-2.4656,-2.4656,-2.4656,-3.0821,-3.0821,-59.1754,-0.10325826,-13.5610,-12.4223,-48.0800,-49.2188,-0.08389734,-0.08588444,-0.00430243,9.8807,17.4756,-2.0547,-30.8205,-12.3282,286.5407,15.0000,10.0851,7.7147,2.5685,6.4289,12.8426,25.6852,25.6852,28.0482,5.137,-2.5685,3.995274,4.36284,1.536925,5,6,3,6,0.93269140,-0.10756069,-0.12061509,0E-8,0.000000,0.914822,0.844828,0.19394842,2026-06-27,2026-08-04,2,5,5,39,0.051282,1.307259,1.020681,3.108971,,,,,,,,GLOBAL_BASELINE_NO_ENTITY_RANKING,,,NOT_APPLICABLE_GLOBAL_BASELINE,HF9g-P5,,,,X 全窗基线 · 不参与实体赏罚,3926574,393,A168_HF9F_20260827_0900,2026-08-27 09:00:00
2026-08-04,152164798,2106,0,77.0554542420,-25.6851514140,-25.6851514140,0.3333333,3,3,0.50218230000000000,0.502182300000,-0.5849155494134425,-0.5849155494134426,-0.5849155494134425,0E-17,ELIGIBLE,R03b_20260811_FULL_v1,L1_ELIGIBILITY,v2026-08-11,2026-03-21..2026-08-06,baccarat_bet02_101_all_pairs_incl_sentinel,round_win = game_pnl > 0 (decisive only),COMPATIBILITY_ONLY_NOT_PRODUCTION,573.0813,524.2674,-61.6410,58,30,0.10756069,0.12061509,-0.07333333,0.10756069,61.6410,573.0813,OK,0.0000,-2.4656,4.0000,96.0000,AG03-UNRESOLVED,ALL5_LEVELS_bet23_to_bet27,-2.4656,-2.4656,-2.4656,-3.0821,-3.0821,4.000000,4.000000,4.000000,5.000000,5.000000,96.000000,96.000000,96.000000,95.000000,95.000000,5.0,-13.5610,-12.4223,-48.0800,-49.2188,PENDING_AG03,FALSE,NOT_FOR_ENFORCEMENT,-59.1754,503.2967,-61.6410,-59.1754,-2.4656,-0.10756069,-0.10325826,-2.4656,-59.1754,-0.10325826,-2.4656,-2.4656,-2.4656,-3.0821,-3.0821,-59.1754,-0.10325826,-13.5610,-12.4223,-48.0800,-49.2188,-0.08389734,-0.08588444,-0.00430243,9.8807,17.4756,-2.0547,-30.8205,-12.3282,286.5407,15.0000,10.0851,7.7147,2.5685,6.4289,12.8426,25.6852,25.6852,28.0482,5.137,-2.5685,3.995274,4.36284,1.536925,5,6,3,6,0.93269140,-0.10756069,-0.12061509,0E-8,0.000000,0.914822,0.844828,0.19394842,2026-06-27,2026-08-04,2,5,5,39,0.051282,1.307259,1.020681,3.108971,,,,,,,,GLOBAL_BASELINE_NO_ENTITY_RANKING,,,NOT_APPLICABLE_GLOBAL_BASELINE,HF9g-P5,,,,X 全窗基线 · 不参与实体赏罚,3926575,393,A168_HF9F_20260827_0900,2026-08-27 09:00:00
2026-08-04,152164798,2239,0,51.3703028280,0E-10,0E-10,0.6666667,6,3,0.43960952962962963,0.323400788889,0.7923496402616389,1.2710275993582651,0.7923496402616389,0.11620874074062963,ELIGIBLE,R03b_20260811_FULL_v1,L1_ELIGIBILITY,v2026-08-11,2026-03-21..2026-08-06,baccarat_bet02_101_all_pairs_incl_sentinel,round_win = game_pnl > 0 (decisive only),COMPATIBILITY_ONLY_NOT_PRODUCTION,573.0813,524.2674,-61.6410,58,30,0.10756069,0.12061509,-0.07333333,0.10756069,61.6410,573.0813,OK,0.0000,-2.4656,4.0000,96.0000,AG03-UNRESOLVED,ALL5_LEVELS_bet23_to_bet27,-2.4656,-2.4656,-2.4656,-3.0821,-3.0821,4.000000,4.000000,4.000000,5.000000,5.000000,96.000000,96.000000,96.000000,95.000000,95.000000,5.0,-13.5610,-12.4223,-48.0800,-49.2188,PENDING_AG03,FALSE,NOT_FOR_ENFORCEMENT,-59.1754,503.2967,-61.6410,-59.1754,-2.4656,-0.10756069,-0.10325826,-2.4656,-59.1754,-0.10325826,-2.4656,-2.4656,-2.4656,-3.0821,-3.0821,-59.1754,-0.10325826,-13.5610,-12.4223,-48.0800,-49.2188,-0.08389734,-0.08588444,-0.00430243,9.8807,17.4756,-2.0547,-30.8205,-12.3282,286.5407,15.0000,10.0851,7.7147,2.5685,6.4289,12.8426,25.6852,25.6852,28.0482,5.137,-2.5685,3.995274,4.36284,1.536925,5,6,3,6,0.93269140,-0.10756069,-0.12061509,0E-8,0.000000,0.914822,0.844828,0.19394842,2026-06-27,2026-08-04,2,5,5,39,0.051282,1.307259,1.020681,3.108971,,,,,,,,GLOBAL_BASELINE_NO_ENTITY_RANKING,,,NOT_APPLICABLE_GLOBAL_BASELINE,HF9g-P5,,,,X 全窗基线 · 不参与实体赏罚,3926576,393,A168_HF9F_20260827_0900,2026-08-27 09:00:00
2026-06-16,151595017,2130,0,128.8348291204,61.6401368067,61.6401368067,1.0000000,6,6,0.49994810000000000,0.499948100000,2.0002076107755586,2.0002076107755586,2.0002076107755586,0E-17,ELIGIBLE,R03b_20260811_FULL_v1,L1_ELIGIBILITY,v2026-08-11,2026-03-21..2026-08-06,baccarat_bet02_101_all_pairs_incl_sentinel,round_win = game_pnl > 0 (decisive only),COMPATIBILITY_ONLY_NOT_PRODUCTION,128.8348,62.4887,-61.6401,6,6,0.47844311,,0.47844311,0.47844311,61.6401,128.8348,THIN_EXPOSURE,0.0000,-2.4656,4.0000,96.0000,AG03-UNRESOLVED,ALL5_LEVELS_bet23_to_bet27,-2.4656,-2.4656,-2.4656,-3.0820,-3.0820,4.000000,4.000000,4.000000,5.000000,5.000000,96.000000,96.000000,96.000000,95.000000,95.000000,5.0,-13.5608,-12.4221,-48.0793,-49.2181,PENDING_AG03,FALSE,NOT_FOR_ENFORCEMENT,-59.1745,59.9892,-61.6401,-59.1745,-2.4656,-0.47844311,-0.45930539,-2.4656,-59.1745,-0.45930539,-2.4656,-2.4656,-2.4656,-3.0820,-3.0820,-59.1745,-0.45930539,-13.5608,-12.4221,-48.0793,-49.2181,-0.37318563,-0.3820245,-0.01913772,21.4725,10.4148,-10.2734,-61.6401,-61.6401,128.8348,6.0000,,21.4725,7.7147,25.0726,33.173,33.173,33.173,33.173,6.1717,6.1717,1.323077,1.323077,0.85641,1,1,1,2,0E-8,-0.47844311,,0E-8,0.000000,0.485030,0.000000,,2026-06-16,2026-06-16,1,1,1,1,1.000000,,,0.000000,,,,,,,,GLOBAL_BASELINE_NO_ENTITY_RANKING,,,NOT_APPLICABLE_GLOBAL_BASELINE,HF9g-P5,,,,X 全窗基线 · 不参与实体赏罚,3926577,393,A168_HF9F_20260827_0900,2026-08-27 09:00:00
2026-07-01,152329050,1110,0,29.6904448404,17.0655513386,17.0655513386,0.6666667,4,3,0.48198387352945779,0.433507650000,0.6401756744526261,0.8149246127763418,0.6401756744526261,0.04847622352945779,ELIGIBLE,R03b_20260811_FULL_v1,L1_ELIGIBILITY,v2026-08-11,2026-03-21..2026-08-06,baccarat_bet02_101_all_pairs_incl_sentinel,round_win = game_pnl > 0 (decisive only),COMPATIBILITY_ONLY_NOT_PRODUCTION,81.3260,81.3260,-61.6399,11,9,0.75793651,,0.75793651,0.75793651,61.6399,81.3260,THIN_EXPOSURE,0.0000,-2.4656,4.0000,96.0000,AG03-UNRESOLVED,ALL5_LEVELS_bet23_to_bet27,-2.4656,-2.4656,-2.4656,-3.0820,-3.0820,4.000000,4.000000,4.000000,5.000000,5.000000,96.000000,96.000000,96.000000,95.000000,95.000000,5.0,-13.5608,-12.422,-48.0792,-49.2179,PENDING_AG03,FALSE,NOT_FOR_ENFORCEMENT,-59.1743,78.0730,-61.6399,-59.1743,-2.4656,-0.75793651,-0.72761905,-2.4656,-59.1743,-0.72761905,-2.4656,-2.4656,-2.4656,-3.0820,-3.0820,-59.1743,-0.72761905,-13.5608,-12.422,-48.0792,-49.2179,-0.59119048,-0.60519278,-0.03031746,7.3933,9.0362,-6.8489,-61.6399,-15.4100,81.3260,9.0000,,7.3933,2.7754,4.389,11.8762,15.4907,16.2007,16.2652,4.389,4.1696,3.691176,3.705882,1.684492,4,4,1,3,0E-8,-0.75793651,,0E-8,0.000000,1.000000,0.000000,,2026-07-01,2026-07-01,1,4,4,1,1.000000,,,0.000000,,,,,,,,GLOBAL_BASELINE_NO_ENTITY_RANKING,,,NOT_APPLICABLE_GLOBAL_BASELINE,HF9g-P5,,,,X 全窗基线 · 不参与实体赏罚,3926578,393,A168_HF9F_20260827_0900,2026-08-27 09:00:00
2026-07-01,152329050,2123,0,27.3668448094,21.3900291741,21.3900291741,1.0000000,3,2,0.45359429767458562,0.400287425000,1.5521683237937822,1.731014086397502,1.5521683237937822,0.05330687267458562,ELIGIBLE,R03b_20260811_FULL_v1,L1_ELIGIBILITY,v2026-08-11,2026-03-21..2026-08-06,baccarat_bet02_101_all_pairs_incl_sentinel,round_win = game_pnl > 0 (decisive only),COMPATIBILITY_ONLY_NOT_PRODUCTION,81.3260,81.3260,-61.6399,11,9,0.75793651,,0.75793651,0.75793651,61.6399,81.3260,THIN_EXPOSURE,0.0000,-2.4656,4.0000,96.0000,AG03-UNRESOLVED,ALL5_LEVELS_bet23_to_bet27,-2.4656,-2.4656,-2.4656,-3.0820,-3.0820,4.000000,4.000000,4.000000,5.000000,5.000000,96.000000,96.000000,96.000000,95.000000,95.000000,5.0,-13.5608,-12.422,-48.0792,-49.2179,PENDING_AG03,FALSE,NOT_FOR_ENFORCEMENT,-59.1743,78.0730,-61.6399,-59.1743,-2.4656,-0.75793651,-0.72761905,-2.4656,-59.1743,-0.72761905,-2.4656,-2.4656,-2.4656,-3.0820,-3.0820,-59.1743,-0.72761905,-13.5608,-12.422,-48.0792,-49.2179,-0.59119048,-0.60519278,-0.03031746,7.3933,9.0362,-6.8489,-61.6399,-15.4100,81.3260,9.0000,,7.3933,2.7754,4.389,11.8762,15.4907,16.2007,16.2652,4.389,4.1696,3.691176,3.705882,1.684492,4,4,1,3,0E-8,-0.75793651,,0E-8,0.000000,1.000000,0.000000,,2026-07-01,2026-07-01,1,4,4,1,1.000000,,,0.000000,,,,,,,,GLOBAL_BASELINE_NO_ENTITY_RANKING,,,NOT_APPLICABLE_GLOBAL_BASELINE,HF9g-P5,,,,X 全窗基线 · 不参与实体赏罚,3926579,393,A168_HF9F_20260827_0900,2026-08-27 09:00:00
2026-07-01,152329050,2129,0,19.8796891539,19.0147935869,19.0147935869,1.0000000,3,3,0.50218230000000000,0.502182300000,1.724507524396475,1.7245075243964754,1.724507524396475,0E-17,ELIGIBLE,R03b_20260811_FULL_v1,L1_ELIGIBILITY,v2026-08-11,2026-03-21..2026-08-06,baccarat_bet02_101_all_pairs_incl_sentinel,round_win = game_pnl > 0 (decisive only),COMPATIBILITY_ONLY_NOT_PRODUCTION,81.3260,81.3260,-61.6399,11,9,0.75793651,,0.75793651,0.75793651,61.6399,81.3260,THIN_EXPOSURE,0.0000,-2.4656,4.0000,96.0000,AG03-UNRESOLVED,ALL5_LEVELS_bet23_to_bet27,-2.4656,-2.4656,-2.4656,-3.0820,-3.0820,4.000000,4.000000,4.000000,5.000000,5.000000,96.000000,96.000000,96.000000,95.000000,95.000000,5.0,-13.5608,-12.422,-48.0792,-49.2179,PENDING_AG03,FALSE,NOT_FOR_ENFORCEMENT,-59.1743,78.0730,-61.6399,-59.1743,-2.4656,-0.75793651,-0.72761905,-2.4656,-59.1743,-0.72761905,-2.4656,-2.4656,-2.4656,-3.0820,-3.0820,-59.1743,-0.72761905,-13.5608,-12.422,-48.0792,-49.2179,-0.59119048,-0.60519278,-0.03031746,7.3933,9.0362,-6.8489,-61.6399,-15.4100,81.3260,9.0000,,7.3933,2.7754,4.389,11.8762,15.4907,16.2007,16.2652,4.389,4.1696,3.691176,3.705882,1.684492,4,4,1,3,0E-8,-0.75793651,,0E-8,0.000000,1.000000,0.000000,,2026-07-01,2026-07-01,1,4,4,1,1.000000,,,0.000000,,,,,,,,GLOBAL_BASELINE_NO_ENTITY_RANKING,,,NOT_APPLICABLE_GLOBAL_BASELINE,HF9g-P5,,,,X 全窗基线 · 不参与实体赏罚,3926580,393,A168_HF9F_20260827_0900,2026-08-27 09:00:00
2026-07-01,152329050,2153,0,4.3890222807,4.1695711667,4.1695711667,1.0000000,1,1,0.50665070000000000,0.506650700000,0.9867858985152569,0.9867858985152569,0.9867858985152569,0E-17,ELIGIBLE,R03b_20260811_FULL_v1,L1_ELIGIBILITY,v2026-08-11,2026-03-21..2026-08-06,baccarat_bet02_101_all_pairs_incl_sentinel,round_win = game_pnl > 0 (decisive only),COMPATIBILITY_ONLY_NOT_PRODUCTION,81.3260,81.3260,-61.6399,11,9,0.75793651,,0.75793651,0.75793651,61.6399,81.3260,THIN_EXPOSURE,0.0000,-2.4656,4.0000,96.0000,AG03-UNRESOLVED,ALL5_LEVELS_bet23_to_bet27,-2.4656,-2.4656,-2.4656,-3.0820,-3.0820,4.000000,4.000000,4.000000,5.000000,5.000000,96.000000,96.000000,96.000000,95.000000,95.000000,5.0,-13.5608,-12.422,-48.0792,-49.2179,PENDING_AG03,FALSE,NOT_FOR_ENFORCEMENT,-59.1743,78.0730,-61.6399,-59.1743,-2.4656,-0.75793651,-0.72761905,-2.4656,-59.1743,-0.72761905,-2.4656,-2.4656,-2.4656,-3.0820,-3.0820,-59.1743,-0.72761905,-13.5608,-12.422,-48.0792,-49.2179,-0.59119048,-0.60519278,-0.03031746,7.3933,9.0362,-6.8489,-61.6399,-15.4100,81.3260,9.0000,,7.3933,2.7754,4.389,11.8762,15.4907,16.2007,16.2652,4.389,4.1696,3.691176,3.705882,1.684492,4,4,1,3,0E-8,-0.75793651,,0E-8,0.000000,1.000000,0.000000,,2026-07-01,2026-07-01,1,4,4,1,1.000000,,,0.000000,,,,,,,,GLOBAL_BASELINE_NO_ENTITY_RANKING,,,NOT_APPLICABLE_GLOBAL_BASELINE,HF9g-P5,,,,X 全窗基线 · 不参与实体赏罚,3926581,393,A168_HF9F_20260827_0900,2026-08-27 09:00:00
2026-05-08,5788483,1109,0,3.3729438016,-3.3729438016,-3.3729438016,0E-7,1,1,0.49324550000000000,0.493245500000,-0.9865810262130424,-0.9865810262130424,-0.9865810262130424,0E-17,ELIGIBLE,R03b_20260811_FULL_v1,L1_ELIGIBILITY,v2026-08-11,2026-03-21..2026-08-06,baccarat_bet02_101_all_pairs_incl_sentinel,round_win = game_pnl > 0 (decisive only),COMPATIBILITY_ONLY_NOT_PRODUCTION,259.5372,221.3539,-61.0031,51,34,0.23504574,,0.23504574,0.23504574,61.0031,259.5372,OK,0.0000,-1.8301,3.0000,97.0000,AG03-UNRESOLVED,ALL5_LEVELS_bet23_to_bet27,-1.8301,-1.8301,-1.8301,-2.4401,-3.0502,3.000000,3.000000,3.000000,4.000000,5.000000,97.000000,97.000000,97.000000,96.000000,95.000000,5.0,-10.9806,-10.2267,-50.0225,-50.7764,PENDING_AG03,FALSE,NOT_FOR_ENFORCEMENT,-59.1730,214.7132,-61.0031,-59.1730,-1.8301,-0.23504574,-0.22799436,-1.8301,-59.1730,-0.22799436,-1.8301,-1.8301,-1.8301,-2.4401,-3.0502,-59.1730,-0.22799436,-10.9806,-10.2267,-50.0225,-50.7764,-0.19273750,-0.19564215,-0.00705137,5.0890,6.5104,-1.7942,-8.7147,-2.7729,37.0767,4.8571,,5.0890,2.5716,3.6324,7.7147,10.2862,12.8321,12.8578,2.5946,-2.5716,3.532664,3.539743,1.400992,16,15,3,3,0E-8,-0.23504574,,0E-8,0.000000,0.852879,0.000000,,2026-05-08,2026-06-17,7,22,21,41,0.170732,,,0.000000,,,,,,,,GLOBAL_BASELINE_NO_ENTITY_RANKING,,,NOT_APPLICABLE_GLOBAL_BASELINE,HF9g-P5,,,,X 全窗基线 · 不参与实体赏罚,3926582,393,A168_HF9F_20260827_0900,2026-08-27 09:00:00
2026-05-27,5788483,-1,1,14.0106896373,-5.1891443101,-5.1891443101,0E-7,3,3,0.49771390000000000,0.497713900000,-0.9954382048786059,-0.995438204878606,-0.9954382048786059,0E-17,SENTINEL_DEALER,R03b_20260811_FULL_v1,L1_ELIGIBILITY,v2026-08-11,2026-03-21..2026-08-06,baccarat_bet02_101_all_pairs_incl_sentinel,round_win = game_pnl > 0 (decisive only),COMPATIBILITY_ONLY_NOT_PRODUCTION,259.5372,221.3539,-61.0031,51,34,0.23504574,,0.23504574,0.23504574,61.0031,259.5372,OK,0.0000,-1.8301,3.0000,97.0000,AG03-UNRESOLVED,ALL5_LEVELS_bet23_to_bet27,-1.8301,-1.8301,-1.8301,-2.4401,-3.0502,3.000000,3.000000,3.000000,4.000000,5.000000,97.000000,97.000000,97.000000,96.000000,95.000000,5.0,-10.9806,-10.2267,-50.0225,-50.7764,PENDING_AG03,FALSE,NOT_FOR_ENFORCEMENT,-59.1730,214.7132,-61.0031,-59.1730,-1.8301,-0.23504574,-0.22799436,-1.8301,-59.1730,-0.22799436,-1.8301,-1.8301,-1.8301,-2.4401,-3.0502,-59.1730,-0.22799436,-10.9806,-10.2267,-50.0225,-50.7764,-0.19273750,-0.19564215,-0.00705137,5.0890,6.5104,-1.7942,-8.7147,-2.7729,37.0767,4.8571,,5.0890,2.5716,3.6324,7.7147,10.2862,12.8321,12.8578,2.5946,-2.5716,3.532664,3.539743,1.400992,16,15,3,3,0E-8,-0.23504574,,0E-8,0.000000,0.852879,0.000000,,2026-05-08,2026-06-17,7,22,21,41,0.170732,,,0.000000,,,,,,,,GLOBAL_BASELINE_NO_ENTITY_RANKING,,,NOT_APPLICABLE_GLOBAL_BASELINE,HF9g-P5,,,,X 全窗基线 · 不参与实体赏罚,3926583,393,A168_HF9F_20260827_0900,2026-08-27 09:00:00
2026-05-27,5788483,1942,0,3.6324010171,3.4507809662,3.4507809662,1.0000000,1,1,0.50665070000000000,0.506650700000,0.9867858985152569,0.9867858985152569,0.9867858985152569,0E-17,ELIGIBLE,R03b_20260811_FULL_v1,L1_ELIGIBILITY,v2026-08-11,2026-03-21..2026-08-06,baccarat_bet02_101_all_pairs_incl_sentinel,round_win = game_pnl > 0 (decisive only),COMPATIBILITY_ONLY_NOT_PRODUCTION,259.5372,221.3539,-61.0031,51,34,0.23504574,,0.23504574,0.23504574,61.0031,259.5372,OK,0.0000,-1.8301,3.0000,97.0000,AG03-UNRESOLVED,ALL5_LEVELS_bet23_to_bet27,-1.8301,-1.8301,-1.8301,-2.4401,-3.0502,3.000000,3.000000,3.000000,4.000000,5.000000,97.000000,97.000000,97.000000,96.000000,95.000000,5.0,-10.9806,-10.2267,-50.0225,-50.7764,PENDING_AG03,FALSE,NOT_FOR_ENFORCEMENT,-59.1730,214.7132,-61.0031,-59.1730,-1.8301,-0.23504574,-0.22799436,-1.8301,-59.1730,-0.22799436,-1.8301,-1.8301,-1.8301,-2.4401,-3.0502,-59.1730,-0.22799436,-10.9806,-10.2267,-50.0225,-50.7764,-0.19273750,-0.19564215,-0.00705137,5.0890,6.5104,-1.7942,-8.7147,-2.7729,37.0767,4.8571,,5.0890,2.5716,3.6324,7.7147,10.2862,12.8321,12.8578,2.5946,-2.5716,3.532664,3.539743,1.400992,16,15,3,3,0E-8,-0.23504574,,0E-8,0.000000,0.852879,0.000000,,2026-05-08,2026-06-17,7,22,21,41,0.170732,,,0.000000,,,,,,,,GLOBAL_BASELINE_NO_ENTITY_RANKING,,,NOT_APPLICABLE_GLOBAL_BASELINE,HF9g-P5,,,,X 全窗基线 · 不参与实体赏罚,3926584,393,A168_HF9F_20260827_0900,2026-08-27 09:00:00
2026-05-27,5788483,2170,0,2.5945721551,2.4648435473,2.4648435473,1.0000000,1,1,0.50665070000000000,0.506650700000,0.9867858985152569,0.9867858985152569,0.9867858985152569,0E-17,ELIGIBLE,R03b_20260811_FULL_v1,L1_ELIGIBILITY,v2026-08-11,2026-03-21..2026-08-06,baccarat_bet02_101_all_pairs_incl_sentinel,round_win = game_pnl > 0 (decisive only),COMPATIBILITY_ONLY_NOT_PRODUCTION,259.5372,221.3539,-61.0031,51,34,0.23504574,,0.23504574,0.23504574,61.0031,259.5372,OK,0.0000,-1.8301,3.0000,97.0000,AG03-UNRESOLVED,ALL5_LEVELS_bet23_to_bet27,-1.8301,-1.8301,-1.8301,-2.4401,-3.0502,3.000000,3.000000,3.000000,4.000000,5.000000,97.000000,97.000000,97.000000,96.000000,95.000000,5.0,-10.9806,-10.2267,-50.0225,-50.7764,PENDING_AG03,FALSE,NOT_FOR_ENFORCEMENT,-59.1730,214.7132,-61.0031,-59.1730,-1.8301,-0.23504574,-0.22799436,-1.8301,-59.1730,-0.22799436,-1.8301,-1.8301,-1.8301,-2.4401,-3.0502,-59.1730,-0.22799436,-10.9806,-10.2267,-50.0225,-50.7764,-0.19273750,-0.19564215,-0.00705137,5.0890,6.5104,-1.7942,-8.7147,-2.7729,37.0767,4.8571,,5.0890,2.5716,3.6324,7.7147,10.2862,12.8321,12.8578,2.5946,-2.5716,3.532664,3.539743,1.400992,16,15,3,3,0E-8,-0.23504574,,0E-8,0.000000,0.852879,0.000000,,2026-05-08,2026-06-17,7,22,21,41,0.170732,,,0.000000,,,,,,,,GLOBAL_BASELINE_NO_ENTITY_RANKING,,,NOT_APPLICABLE_GLOBAL_BASELINE,HF9g-P5,,,,X 全窗基线 · 不参与实体赏罚,3926585,393,A168_HF9F_20260827_0900,2026-08-27 09:00:00
2026-05-27,5788483,2196,0,5.1891443102,2.5945721551,2.5945721551,1.0000000,2,2,0.49324550000000000,0.493245500000,1.01360149184955,1.01360149184955,1.01360149184955,0E-17,ELIGIBLE,R03b_20260811_FULL_v1,L1_ELIGIBILITY,v2026-08-11,2026-03-21..2026-08-06,baccarat_bet02_101_all_pairs_incl_sentinel,round_win = game_pnl > 0 (decisive only),COMPATIBILITY_ONLY_NOT_PRODUCTION,259.5372,221.3539,-61.0031,51,34,0.23504574,,0.23504574,0.23504574,61.0031,259.5372,OK,0.0000,-1.8301,3.0000,97.0000,AG03-UNRESOLVED,ALL5_LEVELS_bet23_to_bet27,-1.8301,-1.8301,-1.8301,-2.4401,-3.0502,3.000000,3.000000,3.000000,4.000000,5.000000,97.000000,97.000000,97.000000,96.000000,95.000000,5.0,-10.9806,-10.2267,-50.0225,-50.7764,PENDING_AG03,FALSE,NOT_FOR_ENFORCEMENT,-59.1730,214.7132,-61.0031,-59.1730,-1.8301,-0.23504574,-0.22799436,-1.8301,-59.1730,-0.22799436,-1.8301,-1.8301,-1.8301,-2.4401,-3.0502,-59.1730,-0.22799436,-10.9806,-10.2267,-50.0225,-50.7764,-0.19273750,-0.19564215,-0.00705137,5.0890,6.5104,-1.7942,-8.7147,-2.7729,37.0767,4.8571,,5.0890,2.5716,3.6324,7.7147,10.2862,12.8321,12.8578,2.5946,-2.5716,3.532664,3.539743,1.400992,16,15,3,3,0E-8,-0.23504574,,0E-8,0.000000,0.852879,0.000000,,2026-05-08,2026-06-17,7,22,21,41,0.170732,,,0.000000,,,,,,,,GLOBAL_BASELINE_NO_ENTITY_RANKING,,,NOT_APPLICABLE_GLOBAL_BASELINE,HF9g-P5,,,,X 全窗基线 · 不参与实体赏罚,3926586,393,A168_HF9F_20260827_0900,2026-08-27 09:00:00
2026-05-27,5788483,2266,0,7.7837164653,5.0594157024,5.0594157024,1.0000000,3,3,0.50218230000000000,0.502182300000,1.4080544974538591,1.4080544974538591,1.4080544974538591,0E-17,ELIGIBLE,R03b_20260811_FULL_v1,L1_ELIGIBILITY,v2026-08-11,2026-03-21..2026-08-06,baccarat_bet02_101_all_pairs_incl_sentinel,round_win = game_pnl > 0 (decisive only),COMPATIBILITY_ONLY_NOT_PRODUCTION,259.5372,221.3539,-61.0031,51,34,0.23504574,,0.23504574,0.23504574,61.0031,259.5372,OK,0.0000,-1.8301,3.0000,97.0000,AG03-UNRESOLVED,ALL5_LEVELS_bet23_to_bet27,-1.8301,-1.8301,-1.8301,-2.4401,-3.0502,3.000000,3.000000,3.000000,4.000000,5.000000,97.000000,97.000000,97.000000,96.000000,95.000000,5.0,-10.9806,-10.2267,-50.0225,-50.7764,PENDING_AG03,FALSE,NOT_FOR_ENFORCEMENT,-59.1730,214.7132,-61.0031,-59.1730,-1.8301,-0.23504574,-0.22799436,-1.8301,-59.1730,-0.22799436,-1.8301,-1.8301,-1.8301,-2.4401,-3.0502,-59.1730,-0.22799436,-10.9806,-10.2267,-50.0225,-50.7764,-0.19273750,-0.19564215,-0.00705137,5.0890,6.5104,-1.7942,-8.7147,-2.7729,37.0767,4.8571,,5.0890,2.5716,3.6324,7.7147,10.2862,12.8321,12.8578,2.5946,-2.5716,3.532664,3.539743,1.400992,16,15,3,3,0E-8,-0.23504574,,0E-8,0.000000,0.852879,0.000000,,2026-05-08,2026-06-17,7,22,21,41,0.170732,,,0.000000,,,,,,,,GLOBAL_BASELINE_NO_ENTITY_RANKING,,,NOT_APPLICABLE_GLOBAL_BASELINE,HF9g-P5,,,,X 全窗基线 · 不参与实体赏罚,3926587,393,A168_HF9F_20260827_0900,2026-08-27 09:00:00
2026-06-01,5788483,-1,1,48.3452053388,56.1884434385,56.1884434385,0.7500000,8,4,0.39658060404344400,0.298951100000,1.4449240112694919,1.9705133871783143,1.4449240112694919,0.09762950404344400,SENTINEL_DEALER,R03b_20260811_FULL_v1,L1_ELIGIBILITY,v2026-08-11,2026-03-21..2026-08-06,baccarat_bet02_101_all_pairs_incl_sentinel,round_win = game_pnl > 0 (decisive only),COMPATIBILITY_ONLY_NOT_PRODUCTION,259.5372,221.3539,-61.0031,51,34,0.23504574,,0.23504574,0.23504574,61.0031,259.5372,OK,0.0000,-1.8301,3.0000,97.0000,AG03-UNRESOLVED,ALL5_LEVELS_bet23_to_bet27,-1.8301,-1.8301,-1.8301,-2.4401,-3.0502,3.000000,3.000000,3.000000,4.000000,5.000000,97.000000,97.000000,97.000000,96.000000,95.000000,5.0,-10.9806,-10.2267,-50.0225,-50.7764,PENDING_AG03,FALSE,NOT_FOR_ENFORCEMENT,-59.1730,214.7132,-61.0031,-59.1730,-1.8301,-0.23504574,-0.22799436,-1.8301,-59.1730,-0.22799436,-1.8301,-1.8301,-1.8301,-2.4401,-3.0502,-59.1730,-0.22799436,-10.9806,-10.2267,-50.0225,-50.7764,-0.19273750,-0.19564215,-0.00705137,5.0890,6.5104,-1.7942,-8.7147,-2.7729,37.0767,4.8571,,5.0890,2.5716,3.6324,7.7147,10.2862,12.8321,12.8578,2.5946,-2.5716,3.532664,3.539743,1.400992,16,15,3,3,0E-8,-0.23504574,,0E-8,0.000000,0.852879,0.000000,,2026-05-08,2026-06-17,7,22,21,41,0.170732,,,0.000000,,,,,,,,GLOBAL_BASELINE_NO_ENTITY_RANKING,,,NOT_APPLICABLE_GLOBAL_BASELINE,HF9g-P5,,,,X 全窗基线 · 不参与实体赏罚,3926588,393,A168_HF9F_20260827_0900,2026-08-27 09:00:00
2026-06-01,5788483,2250,0,11.5719906396,5.9788618304,5.9788618304,1.0000000,2,1,0.41508449999881309,0.300626750000,1.1870754048738732,1.5252488199758223,1.1870754048738732,0.11445774999881309,ELIGIBLE,R03b_20260811_FULL_v1,L1_ELIGIBILITY,v2026-08-11,2026-03-21..2026-08-06,baccarat_bet02_101_all_pairs_incl_sentinel,round_win = game_pnl > 0 (decisive only),COMPATIBILITY_ONLY_NOT_PRODUCTION,259.5372,221.3539,-61.0031,51,34,0.23504574,,0.23504574,0.23504574,61.0031,259.5372,OK,0.0000,-1.8301,3.0000,97.0000,AG03-UNRESOLVED,ALL5_LEVELS_bet23_to_bet27,-1.8301,-1.8301,-1.8301,-2.4401,-3.0502,3.000000,3.000000,3.000000,4.000000,5.000000,97.000000,97.000000,97.000000,96.000000,95.000000,5.0,-10.9806,-10.2267,-50.0225,-50.7764,PENDING_AG03,FALSE,NOT_FOR_ENFORCEMENT,-59.1730,214.7132,-61.0031,-59.1730,-1.8301,-0.23504574,-0.22799436,-1.8301,-59.1730,-0.22799436,-1.8301,-1.8301,-1.8301,-2.4401,-3.0502,-59.1730,-0.22799436,-10.9806,-10.2267,-50.0225,-50.7764,-0.19273750,-0.19564215,-0.00705137,5.0890,6.5104,-1.7942,-8.7147,-2.7729,37.0767,4.8571,,5.0890,2.5716,3.6324,7.7147,10.2862,12.8321,12.8578,2.5946,-2.5716,3.532664,3.539743,1.400992,16,15,3,3,0E-8,-0.23504574,,0E-8,0.000000,0.852879,0.000000,,2026-05-08,2026-06-17,7,22,21,41,0.170732,,,0.000000,,,,,,,,GLOBAL_BASELINE_NO_ENTITY_RANKING,,,NOT_APPLICABLE_GLOBAL_BASELINE,HF9g-P5,,,,X 全窗基线 · 不参与实体赏罚,3926589,393,A168_HF9F_20260827_0900,2026-08-27 09:00:00
2026-06-02,5788483,-1,1,56.5741764602,-0.6428883691,-0.6428883691,0.6000000,10,5,0.38536152271321381,0.296605190000,0.9861626136708246,1.4852658534736312,0.9861626136708246,0.08875633271321381,SENTINEL_DEALER,R03b_20260811_FULL_v1,L1_ELIGIBILITY,v2026-08-11,2026-03-21..2026-08-06,baccarat_bet02_101_all_pairs_incl_sentinel,round_win = game_pnl > 0 (decisive only),COMPATIBILITY_ONLY_NOT_PRODUCTION,259.5372,221.3539,-61.0031,51,34,0.23504574,,0.23504574,0.23504574,61.0031,259.5372,OK,0.0000,-1.8301,3.0000,97.0000,AG03-UNRESOLVED,ALL5_LEVELS_bet23_to_bet27,-1.8301,-1.8301,-1.8301,-2.4401,-3.0502,3.000000,3.000000,3.000000,4.000000,5.000000,97.000000,97.000000,97.000000,96.000000,95.000000,5.0,-10.9806,-10.2267,-50.0225,-50.7764,PENDING_AG03,FALSE,NOT_FOR_ENFORCEMENT,-59.1730,214.7132,-61.0031,-59.1730,-1.8301,-0.23504574,-0.22799436,-1.8301,-59.1730,-0.22799436,-1.8301,-1.8301,-1.8301,-2.4401,-3.0502,-59.1730,-0.22799436,-10.9806,-10.2267,-50.0225,-50.7764,-0.19273750,-0.19564215,-0.00705137,5.0890,6.5104,-1.7942,-8.7147,-2.7729,37.0767,4.8571,,5.0890,2.5716,3.6324,7.7147,10.2862,12.8321,12.8578,2.5946,-2.5716,3.532664,3.539743,1.400992,16,15,3,3,0E-8,-0.23504574,,0E-8,0.000000,0.852879,0.000000,,2026-05-08,2026-06-17,7,22,21,41,0.170732,,,0.000000,,,,,,,,GLOBAL_BASELINE_NO_ENTITY_RANKING,,,NOT_APPLICABLE_GLOBAL_BASELINE,HF9g-P5,,,,X 全窗基线 · 不参与实体赏罚,3926590,393,A168_HF9F_20260827_0900,2026-08-27 09:00:00
2026-06-02,5788483,1330,0,25.7155347547,-0.6428883690,-0.6428883690,0.5000000,4,2,0.42080738749905418,0.300626750000,0.226854021949387,0.6149128471998733,0.226854021949387,0.12018063749905418,ELIGIBLE,R03b_20260811_FULL_v1,L1_ELIGIBILITY,v2026-08-11,2026-03-21..2026-08-06,baccarat_bet02_101_all_pairs_incl_sentinel,round_win = game_pnl > 0 (decisive only),COMPATIBILITY_ONLY_NOT_PRODUCTION,259.5372,221.3539,-61.0031,51,34,0.23504574,,0.23504574,0.23504574,61.0031,259.5372,OK,0.0000,-1.8301,3.0000,97.0000,AG03-UNRESOLVED,ALL5_LEVELS_bet23_to_bet27,-1.8301,-1.8301,-1.8301,-2.4401,-3.0502,3.000000,3.000000,3.000000,4.000000,5.000000,97.000000,97.000000,97.000000,96.000000,95.000000,5.0,-10.9806,-10.2267,-50.0225,-50.7764,PENDING_AG03,FALSE,NOT_FOR_ENFORCEMENT,-59.1730,214.7132,-61.0031,-59.1730,-1.8301,-0.23504574,-0.22799436,-1.8301,-59.1730,-0.22799436,-1.8301,-1.8301,-1.8301,-2.4401,-3.0502,-59.1730,-0.22799436,-10.9806,-10.2267,-50.0225,-50.7764,-0.19273750,-0.19564215,-0.00705137,5.0890,6.5104,-1.7942,-8.7147,-2.7729,37.0767,4.8571,,5.0890,2.5716,3.6324,7.7147,10.2862,12.8321,12.8578,2.5946,-2.5716,3.532664,3.539743,1.400992,16,15,3,3,0E-8,-0.23504574,,0E-8,0.000000,0.852879,0.000000,,2026-05-08,2026-06-17,7,22,21,41,0.170732,,,0.000000,,,,,,,,GLOBAL_BASELINE_NO_ENTITY_RANKING,,,NOT_APPLICABLE_GLOBAL_BASELINE,HF9g-P5,,,,X 全窗基线 · 不参与实体赏罚,3926591,393,A168_HF9F_20260827_0900,2026-08-27 09:00:00
2026-06-02,5788483,1941,0,2.5715534755,2.4429758017,2.4429758017,1.0000000,1,1,0.50665070000000000,0.506650700000,0.9867858985152569,0.9867858985152569,0.9867858985152569,0E-17,ELIGIBLE,R03b_20260811_FULL_v1,L1_ELIGIBILITY,v2026-08-11,2026-03-21..2026-08-06,baccarat_bet02_101_all_pairs_incl_sentinel,round_win = game_pnl > 0 (decisive only),COMPATIBILITY_ONLY_NOT_PRODUCTION,259.5372,221.3539,-61.0031,51,34,0.23504574,,0.23504574,0.23504574,61.0031,259.5372,OK,0.0000,-1.8301,3.0000,97.0000,AG03-UNRESOLVED,ALL5_LEVELS_bet23_to_bet27,-1.8301,-1.8301,-1.8301,-2.4401,-3.0502,3.000000,3.000000,3.000000,4.000000,5.000000,97.000000,97.000000,97.000000,96.000000,95.000000,5.0,-10.9806,-10.2267,-50.0225,-50.7764,PENDING_AG03,FALSE,NOT_FOR_ENFORCEMENT,-59.1730,214.7132,-61.0031,-59.1730,-1.8301,-0.23504574,-0.22799436,-1.8301,-59.1730,-0.22799436,-1.8301,-1.8301,-1.8301,-2.4401,-3.0502,-59.1730,-0.22799436,-10.9806,-10.2267,-50.0225,-50.7764,-0.19273750,-0.19564215,-0.00705137,5.0890,6.5104,-1.7942,-8.7147,-2.7729,37.0767,4.8571,,5.0890,2.5716,3.6324,7.7147,10.2862,12.8321,12.8578,2.5946,-2.5716,3.532664,3.539743,1.400992,16,15,3,3,0E-8,-0.23504574,,0E-8,0.000000,0.852879,0.000000,,2026-05-08,2026-06-17,7,22,21,41,0.170732,,,0.000000,,,,,,,,GLOBAL_BASELINE_NO_ENTITY_RANKING,,,NOT_APPLICABLE_GLOBAL_BASELINE,HF9g-P5,,,,X 全窗基线 · 不参与实体赏罚,3926592,393,A168_HF9F_20260827_0900,2026-08-27 09:00:00
2026-06-02,5788483,2156,0,21.8582045414,-1.2857767378,-1.2857767378,0.5000000,4,2,0.39643227285557368,0.293924150000,0.29942767434980777,0.6397330434626627,0.29942767434980777,0.10250812285557368,ELIGIBLE,R03b_20260811_FULL_v1,L1_ELIGIBILITY,v2026-08-11,2026-03-21..2026-08-06,baccarat_bet02_101_all_pairs_incl_sentinel,round_win = game_pnl > 0 (decisive only),COMPATIBILITY_ONLY_NOT_PRODUCTION,259.5372,221.3539,-61.0031,51,34,0.23504574,,0.23504574,0.23504574,61.0031,259.5372,OK,0.0000,-1.8301,3.0000,97.0000,AG03-UNRESOLVED,ALL5_LEVELS_bet23_to_bet27,-1.8301,-1.8301,-1.8301,-2.4401,-3.0502,3.000000,3.000000,3.000000,4.000000,5.000000,97.000000,97.000000,97.000000,96.000000,95.000000,5.0,-10.9806,-10.2267,-50.0225,-50.7764,PENDING_AG03,FALSE,NOT_FOR_ENFORCEMENT,-59.1730,214.7132,-61.0031,-59.1730,-1.8301,-0.23504574,-0.22799436,-1.8301,-59.1730,-0.22799436,-1.8301,-1.8301,-1.8301,-2.4401,-3.0502,-59.1730,-0.22799436,-10.9806,-10.2267,-50.0225,-50.7764,-0.19273750,-0.19564215,-0.00705137,5.0890,6.5104,-1.7942,-8.7147,-2.7729,37.0767,4.8571,,5.0890,2.5716,3.6324,7.7147,10.2862,12.8321,12.8578,2.5946,-2.5716,3.532664,3.539743,1.400992,16,15,3,3,0E-8,-0.23504574,,0E-8,0.000000,0.852879,0.000000,,2026-05-08,2026-06-17,7,22,21,41,0.170732,,,0.000000,,,,,,,,GLOBAL_BASELINE_NO_ENTITY_RANKING,,,NOT_APPLICABLE_GLOBAL_BASELINE,HF9g-P5,,,,X 全窗基线 · 不参与实体赏罚,3926593,393,A168_HF9F_20260827_0900,2026-08-27 09:00:00
2026-06-02,5788483,2169,0,2.5715534755,2.4429758017,2.4429758017,1.0000000,1,1,0.50665070000000000,0.506650700000,0.9867858985152569,0.9867858985152569,0.9867858985152569,0E-17,ELIGIBLE,R03b_20260811_FULL_v1,L1_ELIGIBILITY,v2026-08-11,2026-03-21..2026-08-06,baccarat_bet02_101_all_pairs_incl_sentinel,round_win = game_pnl > 0 (decisive only),COMPATIBILITY_ONLY_NOT_PRODUCTION,259.5372,221.3539,-61.0031,51,34,0.23504574,,0.23504574,0.23504574,61.0031,259.5372,OK,0.0000,-1.8301,3.0000,97.0000,AG03-UNRESOLVED,ALL5_LEVELS_bet23_to_bet27,-1.8301,-1.8301,-1.8301,-2.4401,-3.0502,3.000000,3.000000,3.000000,4.000000,5.000000,97.000000,97.000000,97.000000,96.000000,95.000000,5.0,-10.9806,-10.2267,-50.0225,-50.7764,PENDING_AG03,FALSE,NOT_FOR_ENFORCEMENT,-59.1730,214.7132,-61.0031,-59.1730,-1.8301,-0.23504574,-0.22799436,-1.8301,-59.1730,-0.22799436,-1.8301,-1.8301,-1.8301,-2.4401,-3.0502,-59.1730,-0.22799436,-10.9806,-10.2267,-50.0225,-50.7764,-0.19273750,-0.19564215,-0.00705137,5.0890,6.5104,-1.7942,-8.7147,-2.7729,37.0767,4.8571,,5.0890,2.5716,3.6324,7.7147,10.2862,12.8321,12.8578,2.5946,-2.5716,3.532664,3.539743,1.400992,16,15,3,3,0E-8,-0.23504574,,0E-8,0.000000,0.852879,0.000000,,2026-05-08,2026-06-17,7,22,21,41,0.170732,,,0.000000,,,,,,,,GLOBAL_BASELINE_NO_ENTITY_RANKING,,,NOT_APPLICABLE_GLOBAL_BASELINE,HF9g-P5,,,,X 全窗基线 · 不参与实体赏罚,3926594,393,A168_HF9F_20260827_0900,2026-08-27 09:00:00
2026-06-02,5788483,2244,0,10.2862139019,5.1431069509,5.1431069509,1.0000000,2,1,0.39358482499903112,0.293924150000,1.241268852208334,1.549915577879723,1.241268852208334,0.09966067499903112,ELIGIBLE,R03b_20260811_FULL_v1,L1_ELIGIBILITY,v2026-08-11,2026-03-21..2026-08-06,baccarat_bet02_101_all_pairs_incl_sentinel,round_win = game_pnl > 0 (decisive only),COMPATIBILITY_ONLY_NOT_PRODUCTION,259.5372,221.3539,-61.0031,51,34,0.23504574,,0.23504574,0.23504574,61.0031,259.5372,OK,0.0000,-1.8301,3.0000,97.0000,AG03-UNRESOLVED,ALL5_LEVELS_bet23_to_bet27,-1.8301,-1.8301,-1.8301,-2.4401,-3.0502,3.000000,3.000000,3.000000,4.000000,5.000000,97.000000,97.000000,97.000000,96.000000,95.000000,5.0,-10.9806,-10.2267,-50.0225,-50.7764,PENDING_AG03,FALSE,NOT_FOR_ENFORCEMENT,-59.1730,214.7132,-61.0031,-59.1730,-1.8301,-0.23504574,-0.22799436,-1.8301,-59.1730,-0.22799436,-1.8301,-1.8301,-1.8301,-2.4401,-3.0502,-59.1730,-0.22799436,-10.9806,-10.2267,-50.0225,-50.7764,-0.19273750,-0.19564215,-0.00705137,5.0890,6.5104,-1.7942,-8.7147,-2.7729,37.0767,4.8571,,5.0890,2.5716,3.6324,7.7147,10.2862,12.8321,12.8578,2.5946,-2.5716,3.532664,3.539743,1.400992,16,15,3,3,0E-8,-0.23504574,,0E-8,0.000000,0.852879,0.000000,,2026-05-08,2026-06-17,7,22,21,41,0.170732,,,0.000000,,,,,,,,GLOBAL_BASELINE_NO_ENTITY_RANKING,,,NOT_APPLICABLE_GLOBAL_BASELINE,HF9g-P5,,,,X 全窗基线 · 不参与实体赏罚,3926595,393,A168_HF9F_20260827_0900,2026-08-27 09:00:00
2026-06-02,5788483,2266,0,28.2870882301,-2.5715534755,-2.5715534755,0.5000000,4,2,0.38646620535681660,0.293924150000,0.32973507365202526,0.6397330434626627,0.32973507365202526,0.09254205535681660,ELIGIBLE,R03b_20260811_FULL_v1,L1_ELIGIBILITY,v2026-08-11,2026-03-21..2026-08-06,baccarat_bet02_101_all_pairs_incl_sentinel,round_win = game_pnl > 0 (decisive only),COMPATIBILITY_ONLY_NOT_PRODUCTION,259.5372,221.3539,-61.0031,51,34,0.23504574,,0.23504574,0.23504574,61.0031,259.5372,OK,0.0000,-1.8301,3.0000,97.0000,AG03-UNRESOLVED,ALL5_LEVELS_bet23_to_bet27,-1.8301,-1.8301,-1.8301,-2.4401,-3.0502,3.000000,3.000000,3.000000,4.000000,5.000000,97.000000,97.000000,97.000000,96.000000,95.000000,5.0,-10.9806,-10.2267,-50.0225,-50.7764,PENDING_AG03,FALSE,NOT_FOR_ENFORCEMENT,-59.1730,214.7132,-61.0031,-59.1730,-1.8301,-0.23504574,-0.22799436,-1.8301,-59.1730,-0.22799436,-1.8301,-1.8301,-1.8301,-2.4401,-3.0502,-59.1730,-0.22799436,-10.9806,-10.2267,-50.0225,-50.7764,-0.19273750,-0.19564215,-0.00705137,5.0890,6.5104,-1.7942,-8.7147,-2.7729,37.0767,4.8571,,5.0890,2.5716,3.6324,7.7147,10.2862,12.8321,12.8578,2.5946,-2.5716,3.532664,3.539743,1.400992,16,15,3,3,0E-8,-0.23504574,,0E-8,0.000000,0.852879,0.000000,,2026-05-08,2026-06-17,7,22,21,41,0.170732,,,0.000000,,,,,,,,GLOBAL_BASELINE_NO_ENTITY_RANKING,,,NOT_APPLICABLE_GLOBAL_BASELINE,HF9g-P5,,,,X 全窗基线 · 不参与实体赏罚,3926596,393,A168_HF9F_20260827_0900,2026-08-27 09:00:00
2026-06-03,5788483,-1,1,3.3430195181,-3.3430195181,-3.3430195181,0E-7,1,1,0.49324550000000000,0.493245500000,-0.9865810262130424,-0.9865810262130424,-0.9865810262130424,0E-17,SENTINEL_DEALER,R03b_20260811_FULL_v1,L1_ELIGIBILITY,v2026-08-11,2026-03-21..2026-08-06,baccarat_bet02_101_all_pairs_incl_sentinel,round_win = game_pnl > 0 (decisive only),COMPATIBILITY_ONLY_NOT_PRODUCTION,259.5372,221.3539,-61.0031,51,34,0.23504574,,0.23504574,0.23504574,61.0031,259.5372,OK,0.0000,-1.8301,3.0000,97.0000,AG03-UNRESOLVED,ALL5_LEVELS_bet23_to_bet27,-1.8301,-1.8301,-1.8301,-2.4401,-3.0502,3.000000,3.000000,3.000000,4.000000,5.000000,97.000000,97.000000,97.000000,96.000000,95.000000,5.0,-10.9806,-10.2267,-50.0225,-50.7764,PENDING_AG03,FALSE,NOT_FOR_ENFORCEMENT,-59.1730,214.7132,-61.0031,-59.1730,-1.8301,-0.23504574,-0.22799436,-1.8301,-59.1730,-0.22799436,-1.8301,-1.8301,-1.8301,-2.4401,-3.0502,-59.1730,-0.22799436,-10.9806,-10.2267,-50.0225,-50.7764,-0.19273750,-0.19564215,-0.00705137,5.0890,6.5104,-1.7942,-8.7147,-2.7729,37.0767,4.8571,,5.0890,2.5716,3.6324,7.7147,10.2862,12.8321,12.8578,2.5946,-2.5716,3.532664,3.539743,1.400992,16,15,3,3,0E-8,-0.23504574,,0E-8,0.000000,0.852879,0.000000,,2026-05-08,2026-06-17,7,22,21,41,0.170732,,,0.000000,,,,,,,,GLOBAL_BASELINE_NO_ENTITY_RANKING,,,NOT_APPLICABLE_GLOBAL_BASELINE,HF9g-P5,,,,X 全窗基线 · 不参与实体赏罚,3926597,393,A168_HF9F_20260827_0900,2026-08-27 09:00:00
2026-06-10,5788483,1325,0,3.6001748656,-3.6001748656,-3.6001748656,0E-7,1,1,0.49324550000000000,0.493245500000,-0.9865810262130424,-0.9865810262130424,-0.9865810262130424,0E-17,ELIGIBLE,R03b_20260811_FULL_v1,L1_ELIGIBILITY,v2026-08-11,2026-03-21..2026-08-06,baccarat_bet02_101_all_pairs_incl_sentinel,round_win = game_pnl > 0 (decisive only),COMPATIBILITY_ONLY_NOT_PRODUCTION,259.5372,221.3539,-61.0031,51,34,0.23504574,,0.23504574,0.23504574,61.0031,259.5372,OK,0.0000,-1.8301,3.0000,97.0000,AG03-UNRESOLVED,ALL5_LEVELS_bet23_to_bet27,-1.8301,-1.8301,-1.8301,-2.4401,-3.0502,3.000000,3.000000,3.000000,4.000000,5.000000,97.000000,97.000000,97.000000,96.000000,95.000000,5.0,-10.9806,-10.2267,-50.0225,-50.7764,PENDING_AG03,FALSE,NOT_FOR_ENFORCEMENT,-59.1730,214.7132,-61.0031,-59.1730,-1.8301,-0.23504574,-0.22799436,-1.8301,-59.1730,-0.22799436,-1.8301,-1.8301,-1.8301,-2.4401,-3.0502,-59.1730,-0.22799436,-10.9806,-10.2267,-50.0225,-50.7764,-0.19273750,-0.19564215,-0.00705137,5.0890,6.5104,-1.7942,-8.7147,-2.7729,37.0767,4.8571,,5.0890,2.5716,3.6324,7.7147,10.2862,12.8321,12.8578,2.5946,-2.5716,3.532664,3.539743,1.400992,16,15,3,3,0E-8,-0.23504574,,0E-8,0.000000,0.852879,0.000000,,2026-05-08,2026-06-17,7,22,21,41,0.170732,,,0.000000,,,,,,,,GLOBAL_BASELINE_NO_ENTITY_RANKING,,,NOT_APPLICABLE_GLOBAL_BASELINE,HF9g-P5,,,,X 全窗基线 · 不参与实体赏罚,3926598,393,A168_HF9F_20260827_0900,2026-08-27 09:00:00
2026-06-17,5788483,1646,0,4.1144855607,0E-10,0E-10,,1,1,0.49324550000000000,0.493245500000,,,,0E-17,NO_DECISIVE_ROUND,R03b_20260811_FULL_v1,L1_ELIGIBILITY,v2026-08-11,2026-03-21..2026-08-06,baccarat_bet02_101_all_pairs_incl_sentinel,round_win = game_pnl > 0 (decisive only),COMPATIBILITY_ONLY_NOT_PRODUCTION,259.5372,221.3539,-61.0031,51,34,0.23504574,,0.23504574,0.23504574,61.0031,259.5372,OK,0.0000,-1.8301,3.0000,97.0000,AG03-UNRESOLVED,ALL5_LEVELS_bet23_to_bet27,-1.8301,-1.8301,-1.8301,-2.4401,-3.0502,3.000000,3.000000,3.000000,4.000000,5.000000,97.000000,97.000000,97.000000,96.000000,95.000000,5.0,-10.9806,-10.2267,-50.0225,-50.7764,PENDING_AG03,FALSE,NOT_FOR_ENFORCEMENT,-59.1730,214.7132,-61.0031,-59.1730,-1.8301,-0.23504574,-0.22799436,-1.8301,-59.1730,-0.22799436,-1.8301,-1.8301,-1.8301,-2.4401,-3.0502,-59.1730,-0.22799436,-10.9806,-10.2267,-50.0225,-50.7764,-0.19273750,-0.19564215,-0.00705137,5.0890,6.5104,-1.7942,-8.7147,-2.7729,37.0767,4.8571,,5.0890,2.5716,3.6324,7.7147,10.2862,12.8321,12.8578,2.5946,-2.5716,3.532664,3.539743,1.400992,16,15,3,3,0E-8,-0.23504574,,0E-8,0.000000,0.852879,0.000000,,2026-05-08,2026-06-17,7,22,21,41,0.170732,,,0.000000,,,,,,,,GLOBAL_BASELINE_NO_ENTITY_RANKING,,,NOT_APPLICABLE_GLOBAL_BASELINE,HF9g-P5,,,,X 全窗基线 · 不参与实体赏罚,3926599,393,A168_HF9F_20260827_0900,2026-08-27 09:00:00
2026-06-17,5788483,2153,0,4.1144855607,-4.1144855607,-4.1144855607,0E-7,1,1,0.49324550000000000,0.493245500000,-0.9865810262130424,-0.9865810262130424,-0.9865810262130424,0E-17,ELIGIBLE,R03b_20260811_FULL_v1,L1_ELIGIBILITY,v2026-08-11,2026-03-21..2026-08-06,baccarat_bet02_101_all_pairs_incl_sentinel,round_win = game_pnl > 0 (decisive only),COMPATIBILITY_ONLY_NOT_PRODUCTION,259.5372,221.3539,-61.0031,51,34,0.23504574,,0.23504574,0.23504574,61.0031,259.5372,OK,0.0000,-1.8301,3.0000,97.0000,AG03-UNRESOLVED,ALL5_LEVELS_bet23_to_bet27,-1.8301,-1.8301,-1.8301,-2.4401,-3.0502,3.000000,3.000000,3.000000,4.000000,5.000000,97.000000,97.000000,97.000000,96.000000,95.000000,5.0,-10.9806,-10.2267,-50.0225,-50.7764,PENDING_AG03,FALSE,NOT_FOR_ENFORCEMENT,-59.1730,214.7132,-61.0031,-59.1730,-1.8301,-0.23504574,-0.22799436,-1.8301,-59.1730,-0.22799436,-1.8301,-1.8301,-1.8301,-2.4401,-3.0502,-59.1730,-0.22799436,-10.9806,-10.2267,-50.0225,-50.7764,-0.19273750,-0.19564215,-0.00705137,5.0890,6.5104,-1.7942,-8.7147,-2.7729,37.0767,4.8571,,5.0890,2.5716,3.6324,7.7147,10.2862,12.8321,12.8578,2.5946,-2.5716,3.532664,3.539743,1.400992,16,15,3,3,0E-8,-0.23504574,,0E-8,0.000000,0.852879,0.000000,,2026-05-08,2026-06-17,7,22,21,41,0.170732,,,0.000000,,,,,,,,GLOBAL_BASELINE_NO_ENTITY_RANKING,,,NOT_APPLICABLE_GLOBAL_BASELINE,HF9g-P5,,,,X 全窗基线 · 不参与实体赏罚,3926600,393,A168_HF9F_20260827_0900,2026-08-27 09:00:00
2026-08-01,153707178,789,0,64.2128785349,61.0022346082,61.0022346082,1.0000000,1,1,0.50665070000000000,0.506650700000,0.9867858985152569,0.9867858985152569,0.9867858985152569,0E-17,ELIGIBLE,R03b_20260811_FULL_v1,L1_ELIGIBILITY,v2026-08-11,2026-03-21..2026-08-06,baccarat_bet02_101_all_pairs_incl_sentinel,round_win = game_pnl > 0 (decisive only),COMPATIBILITY_ONLY_NOT_PRODUCTION,64.2129,64.2129,-61.0022,1,1,0.95000000,0.95000000,,0.95000000,61.0022,64.2129,THIN_EXPOSURE,0.0000,-1.8301,3.0000,97.0000,AG03-UNRESOLVED,ALL5_LEVELS_bet23_to_bet27,-1.8301,-1.8301,-1.8301,-2.4401,-2.4401,3.000000,3.000000,3.000000,4.000000,4.000000,97.000000,97.000000,97.000000,96.000000,96.000000,5.0,-10.3704,-9.6921,-50.6319,-51.3102,PENDING_AG03,FALSE,NOT_FOR_ENFORCEMENT,-59.1722,62.2865,-61.0022,-59.1722,-1.8301,-0.95000000,-0.92150000,-1.8301,-59.1722,-0.92150000,-1.8301,-1.8301,-1.8301,-2.4401,-2.4401,-59.1722,-0.92150000,-10.3704,-9.6921,-50.6319,-51.3102,-0.78850000,-0.79906346,-0.02850000,64.2129,64.2129,-61.0022,-61.0022,-61.0022,64.2129,1.0000,64.2129,,64.2129,64.2129,64.2129,64.2129,64.2129,64.2129,64.2129,61.0022,1.0,1.0,1.0,1,1,1,1,1.00000000,-0.95000000,-0.95000000,0E-8,0.000000,1.000000,0.000000,,2026-08-01,2026-08-01,1,1,1,1,1.000000,,1.000000,3.333333,,,,,,,,GLOBAL_BASELINE_NO_ENTITY_RANKING,,,NOT_APPLICABLE_GLOBAL_BASELINE,HF9g-P5,,,,X 全窗基线 · 不参与实体赏罚,3926601,393,A168_HF9F_20260827_0900,2026-08-27 09:00:00
2026-05-28,150675886,2141,0,64.8816990354,61.6376140837,61.6376140837,1.0000000,1,1,0.50665070000000000,0.506650700000,0.9867858985152569,0.9867858985152569,0.9867858985152569,0E-17,ELIGIBLE,R03b_20260811_FULL_v1,L1_ELIGIBILITY,v2026-08-11,2026-03-21..2026-08-06,baccarat_bet02_101_all_pairs_incl_sentinel,round_win = game_pnl > 0 (decisive only),COMPATIBILITY_ONLY_NOT_PRODUCTION,64.8817,64.8817,-61.6376,1,1,0.95000000,,0.95000000,0.95000000,61.6376,64.8817,THIN_EXPOSURE,0.0000,-2.4655,4.0000,96.0000,AG03-UNRESOLVED,ALL5_LEVELS_bet23_to_bet27,-2.4655,-2.4655,-2.4655,-3.0819,-3.0819,4.000000,4.000000,4.000000,5.000000,5.000000,96.000000,96.000000,96.000000,95.000000,95.000000,5.0,-13.5603,-12.4216,-48.0773,-49.216,PENDING_AG03,FALSE,NOT_FOR_ENFORCEMENT,-59.1721,62.2864,-61.6376,-59.1721,-2.4655,-0.95000000,-0.91200000,-2.4655,-59.1721,-0.91200000,-2.4655,-2.4655,-2.4655,-3.0819,-3.0819,-59.1721,-0.91200000,-13.5603,-12.4216,-48.0773,-49.216,-0.74100000,-0.75855053,-0.03800000,64.8817,64.8817,-61.6376,-61.6376,-61.6376,64.8817,1.0000,,64.8817,64.8817,64.8817,64.8817,64.8817,64.8817,64.8817,64.8817,61.6376,1.0,1.0,1.0,1,1,1,1,0E-8,-0.95000000,,0E-8,0.000000,1.000000,0.000000,,2026-05-28,2026-05-28,1,1,1,1,1.000000,,,0.000000,,,,,,,,GLOBAL_BASELINE_NO_ENTITY_RANKING,,,NOT_APPLICABLE_GLOBAL_BASELINE,HF9g-P5,,,,X 全窗基线 · 不参与实体赏罚,3926602,393,A168_HF9F_20260827_0900,2026-08-27 09:00:00
2026-05-28,150681871,1985,0,21.6272330118,0E-10,0E-10,,1,1,0.50665070000000000,0.506650700000,,,,0E-17,NO_DECISIVE_ROUND,R03b_20260811_FULL_v1,L1_ELIGIBILITY,v2026-08-11,2026-03-21..2026-08-06,baccarat_bet02_101_all_pairs_incl_sentinel,round_win = game_pnl > 0 (decisive only),COMPATIBILITY_ONLY_NOT_PRODUCTION,173.0179,151.3906,-61.6376,6,6,0.35625000,,0.35625000,0.35625000,61.6376,173.0179,THIN_EXPOSURE,0.0000,-2.4655,4.0000,96.0000,AG03-UNRESOLVED,ALL5_LEVELS_bet23_to_bet27,-2.4655,-2.4655,-2.4655,-2.4655,-2.4655,4.000000,4.000000,4.000000,4.000000,4.000000,96.000000,96.000000,96.000000,96.000000,96.000000,5.0,-12.3275,-11.38,-49.3101,-50.2576,PENDING_AG03,FALSE,NOT_FOR_ENFORCEMENT,-59.1721,145.3350,-61.6376,-59.1721,-2.4655,-0.35625000,-0.34200000,-2.4655,-59.1721,-0.34200000,-2.4655,-2.4655,-2.4655,-2.4655,-2.4655,-59.1721,-0.34200000,-12.3275,-11.38,-49.3101,-50.2576,-0.28500000,-0.29047652,-0.01425000,28.8363,25.2318,-10.2729,-30.8188,-20.5459,86.5089,3.0000,,28.8363,21.6272,21.6272,43.2545,43.2545,43.2545,43.2545,21.6272,21.0866,2.0,2.0,1.333333,2,4,2,2,0E-8,-0.35625000,,0E-8,0.000000,0.875000,0.000000,,2026-05-28,2026-05-29,2,3,3,2,1.000000,,,0.000000,,,,,,,,GLOBAL_BASELINE_NO_ENTITY_RANKING,,,NOT_APPLICABLE_GLOBAL_BASELINE,HF9g-P5,,,,X 全窗基线 · 不参与实体赏罚,3926603,393,A168_HF9F_20260827_0900,2026-08-27 09:00:00
2026-05-28,150681871,2108,0,21.6272330118,21.6272330118,21.6272330118,1.0000000,1,1,0.49324550000000000,0.493245500000,1.01360149184955,1.01360149184955,1.01360149184955,0E-17,ELIGIBLE,R03b_20260811_FULL_v1,L1_ELIGIBILITY,v2026-08-11,2026-03-21..2026-08-06,baccarat_bet02_101_all_pairs_incl_sentinel,round_win = game_pnl > 0 (decisive only),COMPATIBILITY_ONLY_NOT_PRODUCTION,173.0179,151.3906,-61.6376,6,6,0.35625000,,0.35625000,0.35625000,61.6376,173.0179,THIN_EXPOSURE,0.0000,-2.4655,4.0000,96.0000,AG03-UNRESOLVED,ALL5_LEVELS_bet23_to_bet27,-2.4655,-2.4655,-2.4655,-2.4655,-2.4655,4.000000,4.000000,4.000000,4.000000,4.000000,96.000000,96.000000,96.000000,96.000000,96.000000,5.0,-12.3275,-11.38,-49.3101,-50.2576,PENDING_AG03,FALSE,NOT_FOR_ENFORCEMENT,-59.1721,145.3350,-61.6376,-59.1721,-2.4655,-0.35625000,-0.34200000,-2.4655,-59.1721,-0.34200000,-2.4655,-2.4655,-2.4655,-2.4655,-2.4655,-59.1721,-0.34200000,-12.3275,-11.38,-49.3101,-50.2576,-0.28500000,-0.29047652,-0.01425000,28.8363,25.2318,-10.2729,-30.8188,-20.5459,86.5089,3.0000,,28.8363,21.6272,21.6272,43.2545,43.2545,43.2545,43.2545,21.6272,21.0866,2.0,2.0,1.333333,2,4,2,2,0E-8,-0.35625000,,0E-8,0.000000,0.875000,0.000000,,2026-05-28,2026-05-29,2,3,3,2,1.000000,,,0.000000,,,,,,,,GLOBAL_BASELINE_NO_ENTITY_RANKING,,,NOT_APPLICABLE_GLOBAL_BASELINE,HF9g-P5,,,,X 全窗基线 · 不参与实体赏罚,3926604,393,A168_HF9F_20260827_0900,2026-08-27 09:00:00
2026-05-28,150681871,462,0,86.5089320472,83.2648470954,83.2648470954,1.0000000,3,3,0.50218230000000000,0.502182300000,1.724507524396475,1.7245075243964754,1.724507524396475,0E-17,ELIGIBLE,R03b_20260811_FULL_v1,L1_ELIGIBILITY,v2026-08-11,2026-03-21..2026-08-06,baccarat_bet02_101_all_pairs_incl_sentinel,round_win = game_pnl > 0 (decisive only),COMPATIBILITY_ONLY_NOT_PRODUCTION,173.0179,151.3906,-61.6376,6,6,0.35625000,,0.35625000,0.35625000,61.6376,173.0179,THIN_EXPOSURE,0.0000,-2.4655,4.0000,96.0000,AG03-UNRESOLVED,ALL5_LEVELS_bet23_to_bet27,-2.4655,-2.4655,-2.4655,-2.4655,-2.4655,4.000000,4.000000,4.000000,4.000000,4.000000,96.000000,96.000000,96.000000,96.000000,96.000000,5.0,-12.3275,-11.38,-49.3101,-50.2576,PENDING_AG03,FALSE,NOT_FOR_ENFORCEMENT,-59.1721,145.3350,-61.6376,-59.1721,-2.4655,-0.35625000,-0.34200000,-2.4655,-59.1721,-0.34200000,-2.4655,-2.4655,-2.4655,-2.4655,-2.4655,-59.1721,-0.34200000,-12.3275,-11.38,-49.3101,-50.2576,-0.28500000,-0.29047652,-0.01425000,28.8363,25.2318,-10.2729,-30.8188,-20.5459,86.5089,3.0000,,28.8363,21.6272,21.6272,43.2545,43.2545,43.2545,43.2545,21.6272,21.0866,2.0,2.0,1.333333,2,4,2,2,0E-8,-0.35625000,,0E-8,0.000000,0.875000,0.000000,,2026-05-28,2026-05-29,2,3,3,2,1.000000,,,0.000000,,,,,,,,GLOBAL_BASELINE_NO_ENTITY_RANKING,,,NOT_APPLICABLE_GLOBAL_BASELINE,HF9g-P5,,,,X 全窗基线 · 不参与实体赏罚,3926605,393,A168_HF9F_20260827_0900,2026-08-27 09:00:00
2026-05-29,150681871,1109,0,43.2544660236,-43.2544660236,-43.2544660236,0E-7,1,1,0.50665070000000000,0.506650700000,-1.013391052207602,-1.013391052207602,-1.013391052207602,0E-17,ELIGIBLE,R03b_20260811_FULL_v1,L1_ELIGIBILITY,v2026-08-11,2026-03-21..2026-08-06,baccarat_bet02_101_all_pairs_incl_sentinel,round_win = game_pnl > 0 (decisive only),COMPATIBILITY_ONLY_NOT_PRODUCTION,173.0179,151.3906,-61.6376,6,6,0.35625000,,0.35625000,0.35625000,61.6376,173.0179,THIN_EXPOSURE,0.0000,-2.4655,4.0000,96.0000,AG03-UNRESOLVED,ALL5_LEVELS_bet23_to_bet27,-2.4655,-2.4655,-2.4655,-2.4655,-2.4655,4.000000,4.000000,4.000000,4.000000,4.000000,96.000000,96.000000,96.000000,96.000000,96.000000,5.0,-12.3275,-11.38,-49.3101,-50.2576,PENDING_AG03,FALSE,NOT_FOR_ENFORCEMENT,-59.1721,145.3350,-61.6376,-59.1721,-2.4655,-0.35625000,-0.34200000,-2.4655,-59.1721,-0.34200000,-2.4655,-2.4655,-2.4655,-2.4655,-2.4655,-59.1721,-0.34200000,-12.3275,-11.38,-49.3101,-50.2576,-0.28500000,-0.29047652,-0.01425000,28.8363,25.2318,-10.2729,-30.8188,-20.5459,86.5089,3.0000,,28.8363,21.6272,21.6272,43.2545,43.2545,43.2545,43.2545,21.6272,21.0866,2.0,2.0,1.333333,2,4,2,2,0E-8,-0.35625000,,0E-8,0.000000,0.875000,0.000000,,2026-05-28,2026-05-29,2,3,3,2,1.000000,,,0.000000,,,,,,,,GLOBAL_BASELINE_NO_ENTITY_RANKING,,,NOT_APPLICABLE_GLOBAL_BASELINE,HF9g-P5,,,,X 全窗基线 · 不参与实体赏罚,3926606,393,A168_HF9F_20260827_0900,2026-08-27 09:00:00
2026-05-26,85972228,1963,0,391.7803954133,25.5565357271,25.5565357271,0.6000000,19,12,0.47931891083306439,0.424211355833,0.7639079625351275,1.124781394214564,0.7639079625351275,0.05510755500006439,ELIGIBLE,R03b_20260811_FULL_v1,L1_ELIGIBILITY,v2026-08-11,2026-03-21..2026-08-06,baccarat_bet02_101_all_pairs_incl_sentinel,round_win = game_pnl > 0 (decisive only),COMPATIBILITY_ONLY_NOT_PRODUCTION,1598.6375,1352.8643,-61.6376,130,102,0.03855636,0.00030510,0.06984467,0.03855636,61.6376,1598.6375,OK,0.0000,-2.4655,4.0000,96.0000,AG03-UNRESOLVED,ALL5_LEVELS_bet23_to_bet27,-2.4655,-2.4655,-2.4655,-3.0819,-3.0819,4.000000,4.000000,4.000000,5.000000,5.000000,96.000000,96.000000,96.000000,95.000000,95.000000,5.0,-13.5603,-12.4216,-48.0774,-49.2161,PENDING_AG03,FALSE,NOT_FOR_ENFORCEMENT,-59.1721,1298.7497,-61.6376,-59.1721,-2.4655,-0.03855636,-0.03701411,-2.4655,-59.1721,-0.03701411,-2.4655,-2.4655,-2.4655,-3.0819,-3.0819,-59.1721,-0.03701411,-13.5603,-12.4216,-48.0774,-49.2161,-0.03007396,-0.03078626,-0.00154225,12.2972,13.2634,-0.6043,-12.3275,-3.0819,319.7275,20.4000,11.7915,12.7443,5.1431,12.7542,15.4907,20.7054,33.7294,38.9186,10.3067,-2.5716,2.644567,3.051423,0.964167,14,21,7,7,0.44993522,-0.03855636,-0.00030510,0E-8,0.000000,0.846261,0.000000,-0.06953957,2026-05-26,2026-07-31,5,20,20,67,0.074627,0.925242,0.958878,1.499784,,,,,,,,GLOBAL_BASELINE_NO_ENTITY_RANKING,,,NOT_APPLICABLE_GLOBAL_BASELINE,HF9g-P5,,,,X 全窗基线 · 不参与实体赏罚,3926607,393,A168_HF9F_20260827_0900,2026-08-27 09:00:00
2026-05-26,85972228,1985,0,90.8100254271,-1.2972860776,-1.2972860776,0.5000000,7,7,0.49707555714285714,0.497075557143,0.014327030625969732,0.014327030625269827,0.014327030625969732,-1.4286E-13,ELIGIBLE,R03b_20260811_FULL_v1,L1_ELIGIBILITY,v2026-08-11,2026-03-21..2026-08-06,baccarat_bet02_101_all_pairs_incl_sentinel,round_win = game_pnl > 0 (decisive only),COMPATIBILITY_ONLY_NOT_PRODUCTION,1598.6375,1352.8643,-61.6376,130,102,0.03855636,0.00030510,0.06984467,0.03855636,61.6376,1598.6375,OK,0.0000,-2.4655,4.0000,96.0000,AG03-UNRESOLVED,ALL5_LEVELS_bet23_to_bet27,-2.4655,-2.4655,-2.4655,-3.0819,-3.0819,4.000000,4.000000,4.000000,5.000000,5.000000,96.000000,96.000000,96.000000,95.000000,95.000000,5.0,-13.5603,-12.4216,-48.0774,-49.2161,PENDING_AG03,FALSE,NOT_FOR_ENFORCEMENT,-59.1721,1298.7497,-61.6376,-59.1721,-2.4655,-0.03855636,-0.03701411,-2.4655,-59.1721,-0.03701411,-2.4655,-2.4655,-2.4655,-3.0819,-3.0819,-59.1721,-0.03701411,-13.5603,-12.4216,-48.0774,-49.2161,-0.03007396,-0.03078626,-0.00154225,12.2972,13.2634,-0.6043,-12.3275,-3.0819,319.7275,20.4000,11.7915,12.7443,5.1431,12.7542,15.4907,20.7054,33.7294,38.9186,10.3067,-2.5716,2.644567,3.051423,0.964167,14,21,7,7,0.44993522,-0.03855636,-0.00030510,0E-8,0.000000,0.846261,0.000000,-0.06953957,2026-05-26,2026-07-31,5,20,20,67,0.074627,0.925242,0.958878,1.499784,,,,,,,,GLOBAL_BASELINE_NO_ENTITY_RANKING,,,NOT_APPLICABLE_GLOBAL_BASELINE,HF9g-P5,,,,X 全窗基线 · 不参与实体赏罚,3926608,393,A168_HF9F_20260827_0900,2026-08-27 09:00:00
2026-05-26,85972228,2271,0,25.9457215506,0E-10,0E-10,0.5000000,2,2,0.49324550000000000,0.493245500000,0.01910635448239258,0.01910635448239258,0.01910635448239258,0E-17,ELIGIBLE,R03b_20260811_FULL_v1,L1_ELIGIBILITY,v2026-08-11,2026-03-21..2026-08-06,baccarat_bet02_101_all_pairs_incl_sentinel,round_win = game_pnl > 0 (decisive only),COMPATIBILITY_ONLY_NOT_PRODUCTION,1598.6375,1352.8643,-61.6376,130,102,0.03855636,0.00030510,0.06984467,0.03855636,61.6376,1598.6375,OK,0.0000,-2.4655,4.0000,96.0000,AG03-UNRESOLVED,ALL5_LEVELS_bet23_to_bet27,-2.4655,-2.4655,-2.4655,-3.0819,-3.0819,4.000000,4.000000,4.000000,5.000000,5.000000,96.000000,96.000000,96.000000,95.000000,95.000000,5.0,-13.5603,-12.4216,-48.0774,-49.2161,PENDING_AG03,FALSE,NOT_FOR_ENFORCEMENT,-59.1721,1298.7497,-61.6376,-59.1721,-2.4655,-0.03855636,-0.03701411,-2.4655,-59.1721,-0.03701411,-2.4655,-2.4655,-2.4655,-3.0819,-3.0819,-59.1721,-0.03701411,-13.5603,-12.4216,-48.0774,-49.2161,-0.03007396,-0.03078626,-0.00154225,12.2972,13.2634,-0.6043,-12.3275,-3.0819,319.7275,20.4000,11.7915,12.7443,5.1431,12.7542,15.4907,20.7054,33.7294,38.9186,10.3067,-2.5716,2.644567,3.051423,0.964167,14,21,7,7,0.44993522,-0.03855636,-0.00030510,0E-8,0.000000,0.846261,0.000000,-0.06953957,2026-05-26,2026-07-31,5,20,20,67,0.074627,0.925242,0.958878,1.499784,,,,,,,,GLOBAL_BASELINE_NO_ENTITY_RANKING,,,NOT_APPLICABLE_GLOBAL_BASELINE,HF9g-P5,,,,X 全窗基线 · 不参与实体赏罚,3926609,393,A168_HF9F_20260827_0900,2026-08-27 09:00:00
2026-06-03,85972228,2196,0,30.8586417056,20.5724278036,20.5724278036,0.6666667,4,3,0.47109868333304626,0.426805050000,0.6786019690367759,0.8399538622850082,0.6786019690367759,0.04429363333304626,ELIGIBLE,R03b_20260811_FULL_v1,L1_ELIGIBILITY,v2026-08-11,2026-03-21..2026-08-06,baccarat_bet02_101_all_pairs_incl_sentinel,round_win = game_pnl > 0 (decisive only),COMPATIBILITY_ONLY_NOT_PRODUCTION,1598.6375,1352.8643,-61.6376,130,102,0.03855636,0.00030510,0.06984467,0.03855636,61.6376,1598.6375,OK,0.0000,-2.4655,4.0000,96.0000,AG03-UNRESOLVED,ALL5_LEVELS_bet23_to_bet27,-2.4655,-2.4655,-2.4655,-3.0819,-3.0819,4.000000,4.000000,4.000000,5.000000,5.000000,96.000000,96.000000,96.000000,95.000000,95.000000,5.0,-13.5603,-12.4216,-48.0774,-49.2161,PENDING_AG03,FALSE,NOT_FOR_ENFORCEMENT,-59.1721,1298.7497,-61.6376,-59.1721,-2.4655,-0.03855636,-0.03701411,-2.4655,-59.1721,-0.03701411,-2.4655,-2.4655,-2.4655,-3.0819,-3.0819,-59.1721,-0.03701411,-13.5603,-12.4216,-48.0774,-49.2161,-0.03007396,-0.03078626,-0.00154225,12.2972,13.2634,-0.6043,-12.3275,-3.0819,319.7275,20.4000,11.7915,12.7443,5.1431,12.7542,15.4907,20.7054,33.7294,38.9186,10.3067,-2.5716,2.644567,3.051423,0.964167,14,21,7,7,0.44993522,-0.03855636,-0.00030510,0E-8,0.000000,0.846261,0.000000,-0.06953957,2026-05-26,2026-07-31,5,20,20,67,0.074627,0.925242,0.958878,1.499784,,,,,,,,GLOBAL_BASELINE_NO_ENTITY_RANKING,,,NOT_APPLICABLE_GLOBAL_BASELINE,HF9g-P5,,,,X 全窗基线 · 不参与实体赏罚,3926610,393,A168_HF9F_20260827_0900,2026-08-27 09:00:00
2026-06-03,85972228,2202,0,84.8612646900,-34.7159719186,-34.7159719186,0.3333333,6,6,0.43350765000000000,0.433507650000,-0.49514979796274183,-0.49514979796274183,-0.49514979796274183,0E-17,ELIGIBLE,R03b_20260811_FULL_v1,L1_ELIGIBILITY,v2026-08-11,2026-03-21..2026-08-06,baccarat_bet02_101_all_pairs_incl_sentinel,round_win = game_pnl > 0 (decisive only),COMPATIBILITY_ONLY_NOT_PRODUCTION,1598.6375,1352.8643,-61.6376,130,102,0.03855636,0.00030510,0.06984467,0.03855636,61.6376,1598.6375,OK,0.0000,-2.4655,4.0000,96.0000,AG03-UNRESOLVED,ALL5_LEVELS_bet23_to_bet27,-2.4655,-2.4655,-2.4655,-3.0819,-3.0819,4.000000,4.000000,4.000000,5.000000,5.000000,96.000000,96.000000,96.000000,95.000000,95.000000,5.0,-13.5603,-12.4216,-48.0774,-49.2161,PENDING_AG03,FALSE,NOT_FOR_ENFORCEMENT,-59.1721,1298.7497,-61.6376,-59.1721,-2.4655,-0.03855636,-0.03701411,-2.4655,-59.1721,-0.03701411,-2.4655,-2.4655,-2.4655,-3.0819,-3.0819,-59.1721,-0.03701411,-13.5603,-12.4216,-48.0774,-49.2161,-0.03007396,-0.03078626,-0.00154225,12.2972,13.2634,-0.6043,-12.3275,-3.0819,319.7275,20.4000,11.7915,12.7443,5.1431,12.7542,15.4907,20.7054,33.7294,38.9186,10.3067,-2.5716,2.644567,3.051423,0.964167,14,21,7,7,0.44993522,-0.03855636,-0.00030510,0E-8,0.000000,0.846261,0.000000,-0.06953957,2026-05-26,2026-07-31,5,20,20,67,0.074627,0.925242,0.958878,1.499784,,,,,,,,GLOBAL_BASELINE_NO_ENTITY_RANKING,,,NOT_APPLICABLE_GLOBAL_BASELINE,HF9g-P5,,,,X 全窗基线 · 不参与实体赏罚,3926611,393,A168_HF9F_20260827_0900,2026-08-27 09:00:00
2026-06-03,85972228,2205,0,7.7146604264,-7.7146604264,-7.7146604264,0E-7,1,1,0.50665070000000000,0.506650700000,-1.013391052207602,-1.013391052207602,-1.013391052207602,0E-17,ELIGIBLE,R03b_20260811_FULL_v1,L1_ELIGIBILITY,v2026-08-11,2026-03-21..2026-08-06,baccarat_bet02_101_all_pairs_incl_sentinel,round_win = game_pnl > 0 (decisive only),COMPATIBILITY_ONLY_NOT_PRODUCTION,1598.6375,1352.8643,-61.6376,130,102,0.03855636,0.00030510,0.06984467,0.03855636,61.6376,1598.6375,OK,0.0000,-2.4655,4.0000,96.0000,AG03-UNRESOLVED,ALL5_LEVELS_bet23_to_bet27,-2.4655,-2.4655,-2.4655,-3.0819,-3.0819,4.000000,4.000000,4.000000,5.000000,5.000000,96.000000,96.000000,96.000000,95.000000,95.000000,5.0,-13.5603,-12.4216,-48.0774,-49.2161,PENDING_AG03,FALSE,NOT_FOR_ENFORCEMENT,-59.1721,1298.7497,-61.6376,-59.1721,-2.4655,-0.03855636,-0.03701411,-2.4655,-59.1721,-0.03701411,-2.4655,-2.4655,-2.4655,-3.0819,-3.0819,-59.1721,-0.03701411,-13.5603,-12.4216,-48.0774,-49.2161,-0.03007396,-0.03078626,-0.00154225,12.2972,13.2634,-0.6043,-12.3275,-3.0819,319.7275,20.4000,11.7915,12.7443,5.1431,12.7542,15.4907,20.7054,33.7294,38.9186,10.3067,-2.5716,2.644567,3.051423,0.964167,14,21,7,7,0.44993522,-0.03855636,-0.00030510,0E-8,0.000000,0.846261,0.000000,-0.06953957,2026-05-26,2026-07-31,5,20,20,67,0.074627,0.925242,0.958878,1.499784,,,,,,,,GLOBAL_BASELINE_NO_ENTITY_RANKING,,,NOT_APPLICABLE_GLOBAL_BASELINE,HF9g-P5,,,,X 全窗基线 · 不参与实体赏罚,3926612,393,A168_HF9F_20260827_0900,2026-08-27 09:00:00
2026-06-16,85972228,1302,0,46.2879625584,69.0462108158,69.0462108158,0.6666667,7,3,0.34713377777750358,0.293990533333,1.1625607490373369,1.4168382502921708,1.1625607490373369,0.05314324444450358,ELIGIBLE,R03b_20260811_FULL_v1,L1_ELIGIBILITY,v2026-08-11,2026-03-21..2026-08-06,baccarat_bet02_101_all_pairs_incl_sentinel,round_win = game_pnl > 0 (decisive only),COMPATIBILITY_ONLY_NOT_PRODUCTION,1598.6375,1352.8643,-61.6376,130,102,0.03855636,0.00030510,0.06984467,0.03855636,61.6376,1598.6375,OK,0.0000,-2.4655,4.0000,96.0000,AG03-UNRESOLVED,ALL5_LEVELS_bet23_to_bet27,-2.4655,-2.4655,-2.4655,-3.0819,-3.0819,4.000000,4.000000,4.000000,5.000000,5.000000,96.000000,96.000000,96.000000,95.000000,95.000000,5.0,-13.5603,-12.4216,-48.0774,-49.2161,PENDING_AG03,FALSE,NOT_FOR_ENFORCEMENT,-59.1721,1298.7497,-61.6376,-59.1721,-2.4655,-0.03855636,-0.03701411,-2.4655,-59.1721,-0.03701411,-2.4655,-2.4655,-2.4655,-3.0819,-3.0819,-59.1721,-0.03701411,-13.5603,-12.4216,-48.0774,-49.2161,-0.03007396,-0.03078626,-0.00154225,12.2972,13.2634,-0.6043,-12.3275,-3.0819,319.7275,20.4000,11.7915,12.7443,5.1431,12.7542,15.4907,20.7054,33.7294,38.9186,10.3067,-2.5716,2.644567,3.051423,0.964167,14,21,7,7,0.44993522,-0.03855636,-0.00030510,0E-8,0.000000,0.846261,0.000000,-0.06953957,2026-05-26,2026-07-31,5,20,20,67,0.074627,0.925242,0.958878,1.499784,,,,,,,,GLOBAL_BASELINE_NO_ENTITY_RANKING,,,NOT_APPLICABLE_GLOBAL_BASELINE,HF9g-P5,,,,X 全窗基线 · 不参与实体赏罚,3926613,393,A168_HF9F_20260827_0900,2026-08-27 09:00:00
2026-06-16,85972228,1491,0,18.5151850233,34.9731272661,34.9731272661,0.6666667,4,3,0.30499755833243623,0.293924150000,1.3606007196416592,1.417184018803805,1.3606007196416592,0.01107340833243623,ELIGIBLE,R03b_20260811_FULL_v1,L1_ELIGIBILITY,v2026-08-11,2026-03-21..2026-08-06,baccarat_bet02_101_all_pairs_incl_sentinel,round_win = game_pnl > 0 (decisive only),COMPATIBILITY_ONLY_NOT_PRODUCTION,1598.6375,1352.8643,-61.6376,130,102,0.03855636,0.00030510,0.06984467,0.03855636,61.6376,1598.6375,OK,0.0000,-2.4655,4.0000,96.0000,AG03-UNRESOLVED,ALL5_LEVELS_bet23_to_bet27,-2.4655,-2.4655,-2.4655,-3.0819,-3.0819,4.000000,4.000000,4.000000,5.000000,5.000000,96.000000,96.000000,96.000000,95.000000,95.000000,5.0,-13.5603,-12.4216,-48.0774,-49.2161,PENDING_AG03,FALSE,NOT_FOR_ENFORCEMENT,-59.1721,1298.7497,-61.6376,-59.1721,-2.4655,-0.03855636,-0.03701411,-2.4655,-59.1721,-0.03701411,-2.4655,-2.4655,-2.4655,-3.0819,-3.0819,-59.1721,-0.03701411,-13.5603,-12.4216,-48.0774,-49.2161,-0.03007396,-0.03078626,-0.00154225,12.2972,13.2634,-0.6043,-12.3275,-3.0819,319.7275,20.4000,11.7915,12.7443,5.1431,12.7542,15.4907,20.7054,33.7294,38.9186,10.3067,-2.5716,2.644567,3.051423,0.964167,14,21,7,7,0.44993522,-0.03855636,-0.00030510,0E-8,0.000000,0.846261,0.000000,-0.06953957,2026-05-26,2026-07-31,5,20,20,67,0.074627,0.925242,0.958878,1.499784,,,,,,,,GLOBAL_BASELINE_NO_ENTITY_RANKING,,,NOT_APPLICABLE_GLOBAL_BASELINE,HF9g-P5,,,,X 全窗基线 · 不参与实体赏罚,3926614,393,A168_HF9F_20260827_0900,2026-08-27 09:00:00
2026-06-16,85972228,1957,0,38.5733021318,25.7155347546,25.7155347546,0.5000000,3,2,0.46086760000009891,0.403638725000,0.11102369502236079,0.27775789067037676,0.11102369502236079,0.05722887500009891,ELIGIBLE,R03b_20260811_FULL_v1,L1_ELIGIBILITY,v2026-08-11,2026-03-21..2026-08-06,baccarat_bet02_101_all_pairs_incl_sentinel,round_win = game_pnl > 0 (decisive only),COMPATIBILITY_ONLY_NOT_PRODUCTION,1598.6375,1352.8643,-61.6376,130,102,0.03855636,0.00030510,0.06984467,0.03855636,61.6376,1598.6375,OK,0.0000,-2.4655,4.0000,96.0000,AG03-UNRESOLVED,ALL5_LEVELS_bet23_to_bet27,-2.4655,-2.4655,-2.4655,-3.0819,-3.0819,4.000000,4.000000,4.000000,5.000000,5.000000,96.000000,96.000000,96.000000,95.000000,95.000000,5.0,-13.5603,-12.4216,-48.0774,-49.2161,PENDING_AG03,FALSE,NOT_FOR_ENFORCEMENT,-59.1721,1298.7497,-61.6376,-59.1721,-2.4655,-0.03855636,-0.03701411,-2.4655,-59.1721,-0.03701411,-2.4655,-2.4655,-2.4655,-3.0819,-3.0819,-59.1721,-0.03701411,-13.5603,-12.4216,-48.0774,-49.2161,-0.03007396,-0.03078626,-0.00154225,12.2972,13.2634,-0.6043,-12.3275,-3.0819,319.7275,20.4000,11.7915,12.7443,5.1431,12.7542,15.4907,20.7054,33.7294,38.9186,10.3067,-2.5716,2.644567,3.051423,0.964167,14,21,7,7,0.44993522,-0.03855636,-0.00030510,0E-8,0.000000,0.846261,0.000000,-0.06953957,2026-05-26,2026-07-31,5,20,20,67,0.074627,0.925242,0.958878,1.499784,,,,,,,,GLOBAL_BASELINE_NO_ENTITY_RANKING,,,NOT_APPLICABLE_GLOBAL_BASELINE,HF9g-P5,,,,X 全窗基线 · 不参与实体赏罚,3926615,393,A168_HF9F_20260827_0900,2026-08-27 09:00:00
2026-06-16,85972228,2229,0,15.4293208528,-15.4293208528,-15.4293208528,0E-7,2,1,0.43797604999910982,0.300626750000,-0.8827704148077864,-0.655630731788307,-0.8827704148077864,0.13734929999910982,ELIGIBLE,R03b_20260811_FULL_v1,L1_ELIGIBILITY,v2026-08-11,2026-03-21..2026-08-06,baccarat_bet02_101_all_pairs_incl_sentinel,round_win = game_pnl > 0 (decisive only),COMPATIBILITY_ONLY_NOT_PRODUCTION,1598.6375,1352.8643,-61.6376,130,102,0.03855636,0.00030510,0.06984467,0.03855636,61.6376,1598.6375,OK,0.0000,-2.4655,4.0000,96.0000,AG03-UNRESOLVED,ALL5_LEVELS_bet23_to_bet27,-2.4655,-2.4655,-2.4655,-3.0819,-3.0819,4.000000,4.000000,4.000000,5.000000,5.000000,96.000000,96.000000,96.000000,95.000000,95.000000,5.0,-13.5603,-12.4216,-48.0774,-49.2161,PENDING_AG03,FALSE,NOT_FOR_ENFORCEMENT,-59.1721,1298.7497,-61.6376,-59.1721,-2.4655,-0.03855636,-0.03701411,-2.4655,-59.1721,-0.03701411,-2.4655,-2.4655,-2.4655,-3.0819,-3.0819,-59.1721,-0.03701411,-13.5603,-12.4216,-48.0774,-49.2161,-0.03007396,-0.03078626,-0.00154225,12.2972,13.2634,-0.6043,-12.3275,-3.0819,319.7275,20.4000,11.7915,12.7443,5.1431,12.7542,15.4907,20.7054,33.7294,38.9186,10.3067,-2.5716,2.644567,3.051423,0.964167,14,21,7,7,0.44993522,-0.03855636,-0.00030510,0E-8,0.000000,0.846261,0.000000,-0.06953957,2026-05-26,2026-07-31,5,20,20,67,0.074627,0.925242,0.958878,1.499784,,,,,,,,GLOBAL_BASELINE_NO_ENTITY_RANKING,,,NOT_APPLICABLE_GLOBAL_BASELINE,HF9g-P5,,,,X 全窗基线 · 不参与实体赏罚,3926616,393,A168_HF9F_20260827_0900,2026-08-27 09:00:00
2026-06-30,85972228,2117,0,87.4328181656,-27.0013114924,-27.0013114924,0.3750000,10,8,0.26492035825893815,0.247445112500,0.7055489284585248,0.8360525333385832,0.7055489284585248,0.01747524575893815,ELIGIBLE,R03b_20260811_FULL_v1,L1_ELIGIBILITY,v2026-08-11,2026-03-21..2026-08-06,baccarat_bet02_101_all_pairs_incl_sentinel,round_win = game_pnl > 0 (decisive only),COMPATIBILITY_ONLY_NOT_PRODUCTION,1598.6375,1352.8643,-61.6376,130,102,0.03855636,0.00030510,0.06984467,0.03855636,61.6376,1598.6375,OK,0.0000,-2.4655,4.0000,96.0000,AG03-UNRESOLVED,ALL5_LEVELS_bet23_to_bet27,-2.4655,-2.4655,-2.4655,-3.0819,-3.0819,4.000000,4.000000,4.000000,5.000000,5.000000,96.000000,96.000000,96.000000,95.000000,95.000000,5.0,-13.5603,-12.4216,-48.0774,-49.2161,PENDING_AG03,FALSE,NOT_FOR_ENFORCEMENT,-59.1721,1298.7497,-61.6376,-59.1721,-2.4655,-0.03855636,-0.03701411,-2.4655,-59.1721,-0.03701411,-2.4655,-2.4655,-2.4655,-3.0819,-3.0819,-59.1721,-0.03701411,-13.5603,-12.4216,-48.0774,-49.2161,-0.03007396,-0.03078626,-0.00154225,12.2972,13.2634,-0.6043,-12.3275,-3.0819,319.7275,20.4000,11.7915,12.7443,5.1431,12.7542,15.4907,20.7054,33.7294,38.9186,10.3067,-2.5716,2.644567,3.051423,0.964167,14,21,7,7,0.44993522,-0.03855636,-0.00030510,0E-8,0.000000,0.846261,0.000000,-0.06953957,2026-05-26,2026-07-31,5,20,20,67,0.074627,0.925242,0.958878,1.499784,,,,,,,,GLOBAL_BASELINE_NO_ENTITY_RANKING,,,NOT_APPLICABLE_GLOBAL_BASELINE,HF9g-P5,,,,X 全窗基线 · 不参与实体赏罚,3926617,393,A168_HF9F_20260827_0900,2026-08-27 09:00:00
2026-06-30,85972228,2274,0,41.1448556074,-28.2870882301,-28.2870882301,0E-7,4,3,0.47556708333304626,0.431273450000,-1.3467156899150343,-1.2315147217074076,-1.3467156899150343,0.04429363333304626,ELIGIBLE,R03b_20260811_FULL_v1,L1_ELIGIBILITY,v2026-08-11,2026-03-21..2026-08-06,baccarat_bet02_101_all_pairs_incl_sentinel,round_win = game_pnl > 0 (decisive only),COMPATIBILITY_ONLY_NOT_PRODUCTION,1598.6375,1352.8643,-61.6376,130,102,0.03855636,0.00030510,0.06984467,0.03855636,61.6376,1598.6375,OK,0.0000,-2.4655,4.0000,96.0000,AG03-UNRESOLVED,ALL5_LEVELS_bet23_to_bet27,-2.4655,-2.4655,-2.4655,-3.0819,-3.0819,4.000000,4.000000,4.000000,5.000000,5.000000,96.000000,96.000000,96.000000,95.000000,95.000000,5.0,-13.5603,-12.4216,-48.0774,-49.2161,PENDING_AG03,FALSE,NOT_FOR_ENFORCEMENT,-59.1721,1298.7497,-61.6376,-59.1721,-2.4655,-0.03855636,-0.03701411,-2.4655,-59.1721,-0.03701411,-2.4655,-2.4655,-2.4655,-3.0819,-3.0819,-59.1721,-0.03701411,-13.5603,-12.4216,-48.0774,-49.2161,-0.03007396,-0.03078626,-0.00154225,12.2972,13.2634,-0.6043,-12.3275,-3.0819,319.7275,20.4000,11.7915,12.7443,5.1431,12.7542,15.4907,20.7054,33.7294,38.9186,10.3067,-2.5716,2.644567,3.051423,0.964167,14,21,7,7,0.44993522,-0.03855636,-0.00030510,0E-8,0.000000,0.846261,0.000000,-0.06953957,2026-05-26,2026-07-31,5,20,20,67,0.074627,0.925242,0.958878,1.499784,,,,,,,,GLOBAL_BASELINE_NO_ENTITY_RANKING,,,NOT_APPLICABLE_GLOBAL_BASELINE,HF9g-P5,,,,X 全窗基线 · 不参与实体赏罚,3926618,393,A168_HF9F_20260827_0900,2026-08-27 09:00:00
2026-07-31,85972228,1157,0,207.3167583197,32.3625848761,32.3625848761,0.6250000,22,18,0.46180640148809524,0.433880016667,1.3093744795683364,1.5425065735746906,1.3093744795683364,0.02792638482109524,ELIGIBLE,R03b_20260811_FULL_v1,L1_ELIGIBILITY,v2026-08-11,2026-03-21..2026-08-06,baccarat_bet02_101_all_pairs_incl_sentinel,round_win = game_pnl > 0 (decisive only),COMPATIBILITY_ONLY_NOT_PRODUCTION,1598.6375,1352.8643,-61.6376,130,102,0.03855636,0.00030510,0.06984467,0.03855636,61.6376,1598.6375,OK,0.0000,-2.4655,4.0000,96.0000,AG03-UNRESOLVED,ALL5_LEVELS_bet23_to_bet27,-2.4655,-2.4655,-2.4655,-3.0819,-3.0819,4.000000,4.000000,4.000000,5.000000,5.000000,96.000000,96.000000,96.000000,95.000000,95.000000,5.0,-13.5603,-12.4216,-48.0774,-49.2161,PENDING_AG03,FALSE,NOT_FOR_ENFORCEMENT,-59.1721,1298.7497,-61.6376,-59.1721,-2.4655,-0.03855636,-0.03701411,-2.4655,-59.1721,-0.03701411,-2.4655,-2.4655,-2.4655,-3.0819,-3.0819,-59.1721,-0.03701411,-13.5603,-12.4216,-48.0774,-49.2161,-0.03007396,-0.03078626,-0.00154225,12.2972,13.2634,-0.6043,-12.3275,-3.0819,319.7275,20.4000,11.7915,12.7443,5.1431,12.7542,15.4907,20.7054,33.7294,38.9186,10.3067,-2.5716,2.644567,3.051423,0.964167,14,21,7,7,0.44993522,-0.03855636,-0.00030510,0E-8,0.000000,0.846261,0.000000,-0.06953957,2026-05-26,2026-07-31,5,20,20,67,0.074627,0.925242,0.958878,1.499784,,,,,,,,GLOBAL_BASELINE_NO_ENTITY_RANKING,,,NOT_APPLICABLE_GLOBAL_BASELINE,HF9g-P5,,,,X 全窗基线 · 不参与实体赏罚,3926619,393,A168_HF9F_20260827_0900,2026-08-27 09:00:00
2026-07-31,85972228,1323,0,33.0467559962,7.2289778742,7.2289778742,0.5000000,2,2,0.49994810000000000,0.499948100000,0.00014679536856514622,0.00014679536856514622,0.00014679536856514622,0E-17,ELIGIBLE,R03b_20260811_FULL_v1,L1_ELIGIBILITY,v2026-08-11,2026-03-21..2026-08-06,baccarat_bet02_101_all_pairs_incl_sentinel,round_win = game_pnl > 0 (decisive only),COMPATIBILITY_ONLY_NOT_PRODUCTION,1598.6375,1352.8643,-61.6376,130,102,0.03855636,0.00030510,0.06984467,0.03855636,61.6376,1598.6375,OK,0.0000,-2.4655,4.0000,96.0000,AG03-UNRESOLVED,ALL5_LEVELS_bet23_to_bet27,-2.4655,-2.4655,-2.4655,-3.0819,-3.0819,4.000000,4.000000,4.000000,5.000000,5.000000,96.000000,96.000000,96.000000,95.000000,95.000000,5.0,-13.5603,-12.4216,-48.0774,-49.2161,PENDING_AG03,FALSE,NOT_FOR_ENFORCEMENT,-59.1721,1298.7497,-61.6376,-59.1721,-2.4655,-0.03855636,-0.03701411,-2.4655,-59.1721,-0.03701411,-2.4655,-2.4655,-2.4655,-3.0819,-3.0819,-59.1721,-0.03701411,-13.5603,-12.4216,-48.0774,-49.2161,-0.03007396,-0.03078626,-0.00154225,12.2972,13.2634,-0.6043,-12.3275,-3.0819,319.7275,20.4000,11.7915,12.7443,5.1431,12.7542,15.4907,20.7054,33.7294,38.9186,10.3067,-2.5716,2.644567,3.051423,0.964167,14,21,7,7,0.44993522,-0.03855636,-0.00030510,0E-8,0.000000,0.846261,0.000000,-0.06953957,2026-05-26,2026-07-31,5,20,20,67,0.074627,0.925242,0.958878,1.499784,,,,,,,,GLOBAL_BASELINE_NO_ENTITY_RANKING,,,NOT_APPLICABLE_GLOBAL_BASELINE,HF9g-P5,,,,X 全窗基线 · 不参与实体赏罚,3926620,393,A168_HF9F_20260827_0900,2026-08-27 09:00:00
2026-07-31,85972228,1485,0,10.3271112488,-10.3271112488,-10.3271112488,0E-7,1,1,0.49324550000000000,0.493245500000,-0.9865810262130424,-0.9865810262130424,-0.9865810262130424,0E-17,ELIGIBLE,R03b_20260811_FULL_v1,L1_ELIGIBILITY,v2026-08-11,2026-03-21..2026-08-06,baccarat_bet02_101_all_pairs_incl_sentinel,round_win = game_pnl > 0 (decisive only),COMPATIBILITY_ONLY_NOT_PRODUCTION,1598.6375,1352.8643,-61.6376,130,102,0.03855636,0.00030510,0.06984467,0.03855636,61.6376,1598.6375,OK,0.0000,-2.4655,4.0000,96.0000,AG03-UNRESOLVED,ALL5_LEVELS_bet23_to_bet27,-2.4655,-2.4655,-2.4655,-3.0819,-3.0819,4.000000,4.000000,4.000000,5.000000,5.000000,96.000000,96.000000,96.000000,95.000000,95.000000,5.0,-13.5603,-12.4216,-48.0774,-49.2161,PENDING_AG03,FALSE,NOT_FOR_ENFORCEMENT,-59.1721,1298.7497,-61.6376,-59.1721,-2.4655,-0.03855636,-0.03701411,-2.4655,-59.1721,-0.03701411,-2.4655,-2.4655,-2.4655,-3.0819,-3.0819,-59.1721,-0.03701411,-13.5603,-12.4216,-48.0774,-49.2161,-0.03007396,-0.03078626,-0.00154225,12.2972,13.2634,-0.6043,-12.3275,-3.0819,319.7275,20.4000,11.7915,12.7443,5.1431,12.7542,15.4907,20.7054,33.7294,38.9186,10.3067,-2.5716,2.644567,3.051423,0.964167,14,21,7,7,0.44993522,-0.03855636,-0.00030510,0E-8,0.000000,0.846261,0.000000,-0.06953957,2026-05-26,2026-07-31,5,20,20,67,0.074627,0.925242,0.958878,1.499784,,,,,,,,GLOBAL_BASELINE_NO_ENTITY_RANKING,,,NOT_APPLICABLE_GLOBAL_BASELINE,HF9g-P5,,,,X 全窗基线 · 不参与实体赏罚,3926621,393,A168_HF9F_20260827_0900,2026-08-27 09:00:00
2026-07-31,85972228,1951,0,59.3808896806,-7.7453334366,-7.7453334366,0.3333333,3,3,0.36036460000000000,0.360364600000,-0.0975191074257721,-0.0975191074257721,-0.0975191074257721,0E-17,ELIGIBLE,R03b_20260811_FULL_v1,L1_ELIGIBILITY,v2026-08-11,2026-03-21..2026-08-06,baccarat_bet02_101_all_pairs_incl_sentinel,round_win = game_pnl > 0 (decisive only),COMPATIBILITY_ONLY_NOT_PRODUCTION,1598.6375,1352.8643,-61.6376,130,102,0.03855636,0.00030510,0.06984467,0.03855636,61.6376,1598.6375,OK,0.0000,-2.4655,4.0000,96.0000,AG03-UNRESOLVED,ALL5_LEVELS_bet23_to_bet27,-2.4655,-2.4655,-2.4655,-3.0819,-3.0819,4.000000,4.000000,4.000000,5.000000,5.000000,96.000000,96.000000,96.000000,95.000000,95.000000,5.0,-13.5603,-12.4216,-48.0774,-49.2161,PENDING_AG03,FALSE,NOT_FOR_ENFORCEMENT,-59.1721,1298.7497,-61.6376,-59.1721,-2.4655,-0.03855636,-0.03701411,-2.4655,-59.1721,-0.03701411,-2.4655,-2.4655,-2.4655,-3.0819,-3.0819,-59.1721,-0.03701411,-13.5603,-12.4216,-48.0774,-49.2161,-0.03007396,-0.03078626,-0.00154225,12.2972,13.2634,-0.6043,-12.3275,-3.0819,319.7275,20.4000,11.7915,12.7443,5.1431,12.7542,15.4907,20.7054,33.7294,38.9186,10.3067,-2.5716,2.644567,3.051423,0.964167,14,21,7,7,0.44993522,-0.03855636,-0.00030510,0E-8,0.000000,0.846261,0.000000,-0.06953957,2026-05-26,2026-07-31,5,20,20,67,0.074627,0.925242,0.958878,1.499784,,,,,,,,GLOBAL_BASELINE_NO_ENTITY_RANKING,,,NOT_APPLICABLE_GLOBAL_BASELINE,HF9g-P5,,,,X 全窗基线 · 不参与实体赏罚,3926622,393,A168_HF9F_20260827_0900,2026-08-27 09:00:00
2026-07-31,85972228,1994,0,2.5817778122,-2.5817778122,-2.5817778122,0E-7,1,1,0.09460280000000000,0.094602800000,-0.32324545095860213,-0.32324545095860213,-0.32324545095860213,0E-17,ELIGIBLE,R03b_20260811_FULL_v1,L1_ELIGIBILITY,v2026-08-11,2026-03-21..2026-08-06,baccarat_bet02_101_all_pairs_incl_sentinel,round_win = game_pnl > 0 (decisive only),COMPATIBILITY_ONLY_NOT_PRODUCTION,1598.6375,1352.8643,-61.6376,130,102,0.03855636,0.00030510,0.06984467,0.03855636,61.6376,1598.6375,OK,0.0000,-2.4655,4.0000,96.0000,AG03-UNRESOLVED,ALL5_LEVELS_bet23_to_bet27,-2.4655,-2.4655,-2.4655,-3.0819,-3.0819,4.000000,4.000000,4.000000,5.000000,5.000000,96.000000,96.000000,96.000000,95.000000,95.000000,5.0,-13.5603,-12.4216,-48.0774,-49.2161,PENDING_AG03,FALSE,NOT_FOR_ENFORCEMENT,-59.1721,1298.7497,-61.6376,-59.1721,-2.4655,-0.03855636,-0.03701411,-2.4655,-59.1721,-0.03701411,-2.4655,-2.4655,-2.4655,-3.0819,-3.0819,-59.1721,-0.03701411,-13.5603,-12.4216,-48.0774,-49.2161,-0.03007396,-0.03078626,-0.00154225,12.2972,13.2634,-0.6043,-12.3275,-3.0819,319.7275,20.4000,11.7915,12.7443,5.1431,12.7542,15.4907,20.7054,33.7294,38.9186,10.3067,-2.5716,2.644567,3.051423,0.964167,14,21,7,7,0.44993522,-0.03855636,-0.00030510,0E-8,0.000000,0.846261,0.000000,-0.06953957,2026-05-26,2026-07-31,5,20,20,67,0.074627,0.925242,0.958878,1.499784,,,,,,,,GLOBAL_BASELINE_NO_ENTITY_RANKING,,,NOT_APPLICABLE_GLOBAL_BASELINE,HF9g-P5,,,,X 全窗基线 · 不参与实体赏罚,3926623,393,A168_HF9F_20260827_0900,2026-08-27 09:00:00
2026-07-31,85972228,2108,0,214.2875584126,-11.8761779361,-11.8761779361,0.5000000,15,12,0.47825711107142857,0.449559212500,0.13764430901704477,0.32065137285483486,0.13764430901704477,0.02869789857142857,ELIGIBLE,R03b_20260811_FULL_v1,L1_ELIGIBILITY,v2026-08-11,2026-03-21..2026-08-06,baccarat_bet02_101_all_pairs_incl_sentinel,round_win = game_pnl > 0 (decisive only),COMPATIBILITY_ONLY_NOT_PRODUCTION,1598.6375,1352.8643,-61.6376,130,102,0.03855636,0.00030510,0.06984467,0.03855636,61.6376,1598.6375,OK,0.0000,-2.4655,4.0000,96.0000,AG03-UNRESOLVED,ALL5_LEVELS_bet23_to_bet27,-2.4655,-2.4655,-2.4655,-3.0819,-3.0819,4.000000,4.000000,4.000000,5.000000,5.000000,96.000000,96.000000,96.000000,95.000000,95.000000,5.0,-13.5603,-12.4216,-48.0774,-49.2161,PENDING_AG03,FALSE,NOT_FOR_ENFORCEMENT,-59.1721,1298.7497,-61.6376,-59.1721,-2.4655,-0.03855636,-0.03701411,-2.4655,-59.1721,-0.03701411,-2.4655,-2.4655,-2.4655,-3.0819,-3.0819,-59.1721,-0.03701411,-13.5603,-12.4216,-48.0774,-49.2161,-0.03007396,-0.03078626,-0.00154225,12.2972,13.2634,-0.6043,-12.3275,-3.0819,319.7275,20.4000,11.7915,12.7443,5.1431,12.7542,15.4907,20.7054,33.7294,38.9186,10.3067,-2.5716,2.644567,3.051423,0.964167,14,21,7,7,0.44993522,-0.03855636,-0.00030510,0E-8,0.000000,0.846261,0.000000,-0.06953957,2026-05-26,2026-07-31,5,20,20,67,0.074627,0.925242,0.958878,1.499784,,,,,,,,GLOBAL_BASELINE_NO_ENTITY_RANKING,,,NOT_APPLICABLE_GLOBAL_BASELINE,HF9g-P5,,,,X 全窗基线 · 不参与实体赏罚,3926624,393,A168_HF9F_20260827_0900,2026-08-27 09:00:00
2026-07-31,85972228,550,0,143.2886685771,11.2307334831,11.2307334831,0.5000000,12,11,0.46018456493506494,0.446806386364,0.25261712754221916,0.338346142668995,0.25261712754221916,0.01337817857106494,ELIGIBLE,R03b_20260811_FULL_v1,L1_ELIGIBILITY,v2026-08-11,2026-03-21..2026-08-06,baccarat_bet02_101_all_pairs_incl_sentinel,round_win = game_pnl > 0 (decisive only),COMPATIBILITY_ONLY_NOT_PRODUCTION,1598.6375,1352.8643,-61.6376,130,102,0.03855636,0.00030510,0.06984467,0.03855636,61.6376,1598.6375,OK,0.0000,-2.4655,4.0000,96.0000,AG03-UNRESOLVED,ALL5_LEVELS_bet23_to_bet27,-2.4655,-2.4655,-2.4655,-3.0819,-3.0819,4.000000,4.000000,4.000000,5.000000,5.000000,96.000000,96.000000,96.000000,95.000000,95.000000,5.0,-13.5603,-12.4216,-48.0774,-49.2161,PENDING_AG03,FALSE,NOT_FOR_ENFORCEMENT,-59.1721,1298.7497,-61.6376,-59.1721,-2.4655,-0.03855636,-0.03701411,-2.4655,-59.1721,-0.03701411,-2.4655,-2.4655,-2.4655,-3.0819,-3.0819,-59.1721,-0.03701411,-13.5603,-12.4216,-48.0774,-49.2161,-0.03007396,-0.03078626,-0.00154225,12.2972,13.2634,-0.6043,-12.3275,-3.0819,319.7275,20.4000,11.7915,12.7443,5.1431,12.7542,15.4907,20.7054,33.7294,38.9186,10.3067,-2.5716,2.644567,3.051423,0.964167,14,21,7,7,0.44993522,-0.03855636,-0.00030510,0E-8,0.000000,0.846261,0.000000,-0.06953957,2026-05-26,2026-07-31,5,20,20,67,0.074627,0.925242,0.958878,1.499784,,,,,,,,GLOBAL_BASELINE_NO_ENTITY_RANKING,,,NOT_APPLICABLE_GLOBAL_BASELINE,HF9g-P5,,,,X 全窗基线 · 不参与实体赏罚,3926625,393,A168_HF9F_20260827_0900,2026-08-27 09:00:00
2026-07-31,85972228,919,0,38.7266671830,-7.7453334366,-7.7453334366,0.5000000,3,2,0.47147362142857143,0.400287425000,0.08081641954307116,0.2878109933178697,0.08081641954307116,0.07118619642857143,ELIGIBLE,R03b_20260811_FULL_v1,L1_ELIGIBILITY,v2026-08-11,2026-03-21..2026-08-06,baccarat_bet02_101_all_pairs_incl_sentinel,round_win = game_pnl > 0 (decisive only),COMPATIBILITY_ONLY_NOT_PRODUCTION,1598.6375,1352.8643,-61.6376,130,102,0.03855636,0.00030510,0.06984467,0.03855636,61.6376,1598.6375,OK,0.0000,-2.4655,4.0000,96.0000,AG03-UNRESOLVED,ALL5_LEVELS_bet23_to_bet27,-2.4655,-2.4655,-2.4655,-3.0819,-3.0819,4.000000,4.000000,4.000000,5.000000,5.000000,96.000000,96.000000,96.000000,95.000000,95.000000,5.0,-13.5603,-12.4216,-48.0774,-49.2161,PENDING_AG03,FALSE,NOT_FOR_ENFORCEMENT,-59.1721,1298.7497,-61.6376,-59.1721,-2.4655,-0.03855636,-0.03701411,-2.4655,-59.1721,-0.03701411,-2.4655,-2.4655,-2.4655,-3.0819,-3.0819,-59.1721,-0.03701411,-13.5603,-12.4216,-48.0774,-49.2161,-0.03007396,-0.03078626,-0.00154225,12.2972,13.2634,-0.6043,-12.3275,-3.0819,319.7275,20.4000,11.7915,12.7443,5.1431,12.7542,15.4907,20.7054,33.7294,38.9186,10.3067,-2.5716,2.644567,3.051423,0.964167,14,21,7,7,0.44993522,-0.03855636,-0.00030510,0E-8,0.000000,0.846261,0.000000,-0.06953957,2026-05-26,2026-07-31,5,20,20,67,0.074627,0.925242,0.958878,1.499784,,,,,,,,GLOBAL_BASELINE_NO_ENTITY_RANKING,,,NOT_APPLICABLE_GLOBAL_BASELINE,HF9g-P5,,,,X 全窗基线 · 不参与实体赏罚,3926626,393,A168_HF9F_20260827_0900,2026-08-27 09:00:00
2026-07-31,85972228,994,0,10.3271112488,-10.3271112488,-10.3271112488,0E-7,2,1,0.40363872500000000,0.300626750000,-0.8227003755306536,-0.655630731788307,-0.8227003755306536,0.10301197500000000,ELIGIBLE,R03b_20260811_FULL_v1,L1_ELIGIBILITY,v2026-08-11,2026-03-21..2026-08-06,baccarat_bet02_101_all_pairs_incl_sentinel,round_win = game_pnl > 0 (decisive only),COMPATIBILITY_ONLY_NOT_PRODUCTION,1598.6375,1352.8643,-61.6376,130,102,0.03855636,0.00030510,0.06984467,0.03855636,61.6376,1598.6375,OK,0.0000,-2.4655,4.0000,96.0000,AG03-UNRESOLVED,ALL5_LEVELS_bet23_to_bet27,-2.4655,-2.4655,-2.4655,-3.0819,-3.0819,4.000000,4.000000,4.000000,5.000000,5.000000,96.000000,96.000000,96.000000,95.000000,95.000000,5.0,-13.5603,-12.4216,-48.0774,-49.2161,PENDING_AG03,FALSE,NOT_FOR_ENFORCEMENT,-59.1721,1298.7497,-61.6376,-59.1721,-2.4655,-0.03855636,-0.03701411,-2.4655,-59.1721,-0.03701411,-2.4655,-2.4655,-2.4655,-3.0819,-3.0819,-59.1721,-0.03701411,-13.5603,-12.4216,-48.0774,-49.2161,-0.03007396,-0.03078626,-0.00154225,12.2972,13.2634,-0.6043,-12.3275,-3.0819,319.7275,20.4000,11.7915,12.7443,5.1431,12.7542,15.4907,20.7054,33.7294,38.9186,10.3067,-2.5716,2.644567,3.051423,0.964167,14,21,7,7,0.44993522,-0.03855636,-0.00030510,0E-8,0.000000,0.846261,0.000000,-0.06953957,2026-05-26,2026-07-31,5,20,20,67,0.074627,0.925242,0.958878,1.499784,,,,,,,,GLOBAL_BASELINE_NO_ENTITY_RANKING,,,NOT_APPLICABLE_GLOBAL_BASELINE,HF9g-P5,,,,X 全窗基线 · 不参与实体赏罚,3926627,393,A168_HF9F_20260827_0900,2026-08-27 09:00:00
2026-05-17,145027369,2142,0,122.0000000000,61.0000000000,61.0000000000,1.0000000,2,2,0.49324550000000000,0.493245500000,1.01360149184955,1.01360149184955,1.01360149184955,0E-17,ELIGIBLE,R03b_20260811_FULL_v1,L1_ELIGIBILITY,v2026-08-11,2026-03-21..2026-08-06,baccarat_bet02_101_all_pairs_incl_sentinel,round_win = game_pnl > 0 (decisive only),COMPATIBILITY_ONLY_NOT_PRODUCTION,122.0000,61.0000,-61.0000,2,2,0.50000000,,0.50000000,0.50000000,61.0000,122.0000,THIN_EXPOSURE,0.0000,-1.8300,3.0000,97.0000,AG03-UNRESOLVED,ALL5_LEVELS_bet23_to_bet27,-1.8300,-1.8300,-1.8300,-1.8300,-1.8300,3.000000,3.000000,3.000000,3.000000,3.000000,97.000000,97.000000,97.000000,97.000000,97.000000,5.0,-9.1500,-8.6172,-51.8500,-52.3828,PENDING_AG03,FALSE,NOT_FOR_ENFORCEMENT,-59.1700,59.1700,-61.0000,-59.1700,-1.8300,-0.50000000,-0.48500000,-1.8300,-59.1700,-0.48500000,-1.8300,-1.8300,-1.8300,-1.8300,-1.8300,-59.1700,-0.48500000,-9.1500,-8.6172,-51.8500,-52.3828,-0.42500000,-0.42936701,-0.01500000,61.0000,30.5000,-30.5000,-61.0000,-61.0000,122.0000,2.0000,,61.0000,61.0,61.0,61.0,61.0,61.0,61.0,30.5,30.5,1.0,1.0,1.0,1,1,1,1,0E-8,-0.50000000,,0E-8,0.000000,0.500000,0.000000,,2026-05-17,2026-05-17,1,1,1,1,1.000000,,,0.000000,,,,,,,,GLOBAL_BASELINE_NO_ENTITY_RANKING,,,NOT_APPLICABLE_GLOBAL_BASELINE,HF9g-P5,,,,X 全窗基线 · 不参与实体赏罚,3926628,393,A168_HF9F_20260827_0900,2026-08-27 09:00:00
2026-04-04,114874772,-1,1,90.0000000000,-90.0000000000,-90.0000000000,0E-7,2,2,0.49324550000000000,0.493245500000,-1.3952362676504506,-1.3952362676504506,-1.3952362676504506,0E-17,SENTINEL_DEALER,R03b_20260811_FULL_v1,L1_ELIGIBILITY,v2026-08-11,2026-03-21..2026-08-06,baccarat_bet02_101_all_pairs_incl_sentinel,round_win = game_pnl > 0 (decisive only),COMPATIBILITY_ONLY_NOT_PRODUCTION,320.0000,290.0000,-61.0000,6,6,0.19062500,,0.19062500,0.19062500,61.0000,320.0000,THIN_EXPOSURE,0.0000,-1.8300,3.0000,97.0000,AG03-UNRESOLVED,ALL5_LEVELS_bet23_to_bet27,-1.8300,-1.8300,-1.8300,-1.8300,-1.8300,3.000000,3.000000,3.000000,3.000000,3.000000,97.000000,97.000000,97.000000,97.000000,97.000000,5.0,-9.1500,-8.6172,-51.8500,-52.3828,PENDING_AG03,FALSE,NOT_FOR_ENFORCEMENT,-59.1700,281.3000,-61.0000,-59.1700,-1.8300,-0.19062500,-0.18490625,-1.8300,-59.1700,-0.18490625,-1.8300,-1.8300,-1.8300,-1.8300,-1.8300,-59.1700,-0.18490625,-9.1500,-8.6172,-51.8500,-52.3828,-0.16203125,-0.16369617,-0.00571875,53.3333,48.3333,-10.1667,-30.5000,-12.2000,160.0000,3.0000,,53.3333,30.0,45.0,80.0,98.0,100.0,100.0,45.0,-10.0,2.222222,2.222222,1.185185,5,4,2,2,0E-8,-0.19062500,,0E-8,0.000000,0.906250,0.000000,,2026-04-04,2026-04-15,2,5,5,12,0.166667,,,0.000000,,,,,,,,GLOBAL_BASELINE_NO_ENTITY_RANKING,,,NOT_APPLICABLE_GLOBAL_BASELINE,HF9g-P5,,,,X 全窗基线 · 不参与实体赏罚,3926629,393,A168_HF9F_20260827_0900,2026-08-27 09:00:00
2026-04-04,114874772,1325,0,20.0000000000,-20.0000000000,-20.0000000000,0E-7,1,1,0.49324550000000000,0.493245500000,-0.9865810262130424,-0.9865810262130424,-0.9865810262130424,0E-17,ELIGIBLE,R03b_20260811_FULL_v1,L1_ELIGIBILITY,v2026-08-11,2026-03-21..2026-08-06,baccarat_bet02_101_all_pairs_incl_sentinel,round_win = game_pnl > 0 (decisive only),COMPATIBILITY_ONLY_NOT_PRODUCTION,320.0000,290.0000,-61.0000,6,6,0.19062500,,0.19062500,0.19062500,61.0000,320.0000,THIN_EXPOSURE,0.0000,-1.8300,3.0000,97.0000,AG03-UNRESOLVED,ALL5_LEVELS_bet23_to_bet27,-1.8300,-1.8300,-1.8300,-1.8300,-1.8300,3.000000,3.000000,3.000000,3.000000,3.000000,97.000000,97.000000,97.000000,97.000000,97.000000,5.0,-9.1500,-8.6172,-51.8500,-52.3828,PENDING_AG03,FALSE,NOT_FOR_ENFORCEMENT,-59.1700,281.3000,-61.0000,-59.1700,-1.8300,-0.19062500,-0.18490625,-1.8300,-59.1700,-0.18490625,-1.8300,-1.8300,-1.8300,-1.8300,-1.8300,-59.1700,-0.18490625,-9.1500,-8.6172,-51.8500,-52.3828,-0.16203125,-0.16369617,-0.00571875,53.3333,48.3333,-10.1667,-30.5000,-12.2000,160.0000,3.0000,,53.3333,30.0,45.0,80.0,98.0,100.0,100.0,45.0,-10.0,2.222222,2.222222,1.185185,5,4,2,2,0E-8,-0.19062500,,0E-8,0.000000,0.906250,0.000000,,2026-04-04,2026-04-15,2,5,5,12,0.166667,,,0.000000,,,,,,,,GLOBAL_BASELINE_NO_ENTITY_RANKING,,,NOT_APPLICABLE_GLOBAL_BASELINE,HF9g-P5,,,,X 全窗基线 · 不参与实体赏罚,3926630,393,A168_HF9F_20260827_0900,2026-08-27 09:00:00
2026-04-04,114874772,1509,0,30.0000000000,0E-10,0E-10,,1,1,0.50665070000000000,0.506650700000,,,,0E-17,NO_DECISIVE_ROUND,R03b_20260811_FULL_v1,L1_ELIGIBILITY,v2026-08-11,2026-03-21..2026-08-06,baccarat_bet02_101_all_pairs_incl_sentinel,round_win = game_pnl > 0 (decisive only),COMPATIBILITY_ONLY_NOT_PRODUCTION,320.0000,290.0000,-61.0000,6,6,0.19062500,,0.19062500,0.19062500,61.0000,320.0000,THIN_EXPOSURE,0.0000,-1.8300,3.0000,97.0000,AG03-UNRESOLVED,ALL5_LEVELS_bet23_to_bet27,-1.8300,-1.8300,-1.8300,-1.8300,-1.8300,3.000000,3.000000,3.000000,3.000000,3.000000,97.000000,97.000000,97.000000,97.000000,97.000000,5.0,-9.1500,-8.6172,-51.8500,-52.3828,PENDING_AG03,FALSE,NOT_FOR_ENFORCEMENT,-59.1700,281.3000,-61.0000,-59.1700,-1.8300,-0.19062500,-0.18490625,-1.8300,-59.1700,-0.18490625,-1.8300,-1.8300,-1.8300,-1.8300,-1.8300,-59.1700,-0.18490625,-9.1500,-8.6172,-51.8500,-52.3828,-0.16203125,-0.16369617,-0.00571875,53.3333,48.3333,-10.1667,-30.5000,-12.2000,160.0000,3.0000,,53.3333,30.0,45.0,80.0,98.0,100.0,100.0,45.0,-10.0,2.222222,2.222222,1.185185,5,4,2,2,0E-8,-0.19062500,,0E-8,0.000000,0.906250,0.000000,,2026-04-04,2026-04-15,2,5,5,12,0.166667,,,0.000000,,,,,,,,GLOBAL_BASELINE_NO_ENTITY_RANKING,,,NOT_APPLICABLE_GLOBAL_BASELINE,HF9g-P5,,,,X 全窗基线 · 不参与实体赏罚,3926631,393,A168_HF9F_20260827_0900,2026-08-27 09:00:00
2026-04-15,114874772,752,0,180.0000000000,171.0000000000,171.0000000000,1.0000000,2,2,0.50665070000000000,0.506650700000,1.3955260008387969,1.3955260008387969,1.3955260008387969,0E-17,ELIGIBLE,R03b_20260811_FULL_v1,L1_ELIGIBILITY,v2026-08-11,2026-03-21..2026-08-06,baccarat_bet02_101_all_pairs_incl_sentinel,round_win = game_pnl > 0 (decisive only),COMPATIBILITY_ONLY_NOT_PRODUCTION,320.0000,290.0000,-61.0000,6,6,0.19062500,,0.19062500,0.19062500,61.0000,320.0000,THIN_EXPOSURE,0.0000,-1.8300,3.0000,97.0000,AG03-UNRESOLVED,ALL5_LEVELS_bet23_to_bet27,-1.8300,-1.8300,-1.8300,-1.8300,-1.8300,3.000000,3.000000,3.000000,3.000000,3.000000,97.000000,97.000000,97.000000,97.000000,97.000000,5.0,-9.1500,-8.6172,-51.8500,-52.3828,PENDING_AG03,FALSE,NOT_FOR_ENFORCEMENT,-59.1700,281.3000,-61.0000,-59.1700,-1.8300,-0.19062500,-0.18490625,-1.8300,-59.1700,-0.18490625,-1.8300,-1.8300,-1.8300,-1.8300,-1.8300,-59.1700,-0.18490625,-9.1500,-8.6172,-51.8500,-52.3828,-0.16203125,-0.16369617,-0.00571875,53.3333,48.3333,-10.1667,-30.5000,-12.2000,160.0000,3.0000,,53.3333,30.0,45.0,80.0,98.0,100.0,100.0,45.0,-10.0,2.222222,2.222222,1.185185,5,4,2,2,0E-8,-0.19062500,,0E-8,0.000000,0.906250,0.000000,,2026-04-04,2026-04-15,2,5,5,12,0.166667,,,0.000000,,,,,,,,GLOBAL_BASELINE_NO_ENTITY_RANKING,,,NOT_APPLICABLE_GLOBAL_BASELINE,HF9g-P5,,,,X 全窗基线 · 不参与实体赏罚,3926632,393,A168_HF9F_20260827_0900,2026-08-27 09:00:00
2026-03-28,147541736,1702,0,36.0000000000,-36.0000000000,-36.0000000000,0E-7,1,1,0.49324550000000000,0.493245500000,-0.9865810262130424,-0.9865810262130424,-0.9865810262130424,0E-17,ELIGIBLE,R03b_20260811_FULL_v1,L1_ELIGIBILITY,v2026-08-11,2026-03-21..2026-08-06,baccarat_bet02_101_all_pairs_incl_sentinel,round_win = game_pnl > 0 (decisive only),COMPATIBILITY_ONLY_NOT_PRODUCTION,603.0000,543.0000,-61.0000,29,29,0.10116086,,0.10116086,0.10116086,61.0000,603.0000,THIN_EXPOSURE,0.0000,-1.8300,3.0000,97.0000,AG03-UNRESOLVED,ALL5_LEVELS_bet23_to_bet27,-1.8300,-1.8300,-1.8300,-1.8300,-1.8300,3.000000,3.000000,3.000000,3.000000,3.000000,97.000000,97.000000,97.000000,97.000000,97.000000,5.0,-9.1500,-8.6172,-51.8500,-52.3828,PENDING_AG03,FALSE,NOT_FOR_ENFORCEMENT,-59.1700,526.7100,-61.0000,-59.1700,-1.8300,-0.10116086,-0.09812604,-1.8300,-59.1700,-0.09812604,-1.8300,-1.8300,-1.8300,-1.8300,-1.8300,-59.1700,-0.09812604,-9.1500,-8.6172,-51.8500,-52.3828,-0.08598673,-0.08687027,-0.00303483,20.7931,18.7241,-2.1034,-12.2000,-10.1667,120.6000,5.8000,,20.7931,20.0,20.0,20.0,20.6,26.5,36.0,20.0,19.0,1.325,1.8,1.039655,5,6,1,2,0E-8,-0.10116086,,0E-8,0.000000,0.900498,0.000000,,2026-03-28,2026-04-12,5,6,6,16,0.312500,,,0.000000,,,,,,,,GLOBAL_BASELINE_NO_ENTITY_RANKING,,,NOT_APPLICABLE_GLOBAL_BASELINE,HF9g-P5,,,,X 全窗基线 · 不参与实体赏罚,3926633,393,A168_HF9F_20260827_0900,2026-08-27 09:00:00
2026-04-04,147541736,2196,0,86.0000000000,46.0000000000,46.0000000000,0.7500000,4,4,0.49324550000000000,0.493245500000,1.0271117246678039,1.0271117246678039,1.0271117246678039,0E-17,ELIGIBLE,R03b_20260811_FULL_v1,L1_ELIGIBILITY,v2026-08-11,2026-03-21..2026-08-06,baccarat_bet02_101_all_pairs_incl_sentinel,round_win = game_pnl > 0 (decisive only),COMPATIBILITY_ONLY_NOT_PRODUCTION,603.0000,543.0000,-61.0000,29,29,0.10116086,,0.10116086,0.10116086,61.0000,603.0000,THIN_EXPOSURE,0.0000,-1.8300,3.0000,97.0000,AG03-UNRESOLVED,ALL5_LEVELS_bet23_to_bet27,-1.8300,-1.8300,-1.8300,-1.8300,-1.8300,3.000000,3.000000,3.000000,3.000000,3.000000,97.000000,97.000000,97.000000,97.000000,97.000000,5.0,-9.1500,-8.6172,-51.8500,-52.3828,PENDING_AG03,FALSE,NOT_FOR_ENFORCEMENT,-59.1700,526.7100,-61.0000,-59.1700,-1.8300,-0.10116086,-0.09812604,-1.8300,-59.1700,-0.09812604,-1.8300,-1.8300,-1.8300,-1.8300,-1.8300,-59.1700,-0.09812604,-9.1500,-8.6172,-51.8500,-52.3828,-0.08598673,-0.08687027,-0.00303483,20.7931,18.7241,-2.1034,-12.2000,-10.1667,120.6000,5.8000,,20.7931,20.0,20.0,20.0,20.6,26.5,36.0,20.0,19.0,1.325,1.8,1.039655,5,6,1,2,0E-8,-0.10116086,,0E-8,0.000000,0.900498,0.000000,,2026-03-28,2026-04-12,5,6,6,16,0.312500,,,0.000000,,,,,,,,GLOBAL_BASELINE_NO_ENTITY_RANKING,,,NOT_APPLICABLE_GLOBAL_BASELINE,HF9g-P5,,,,X 全窗基线 · 不参与实体赏罚,3926634,393,A168_HF9F_20260827_0900,2026-08-27 09:00:00
2026-04-04,147541736,2201,0,20.0000000000,20.0000000000,20.0000000000,1.0000000,1,1,0.49324550000000000,0.493245500000,1.01360149184955,1.01360149184955,1.01360149184955,0E-17,ELIGIBLE,R03b_20260811_FULL_v1,L1_ELIGIBILITY,v2026-08-11,2026-03-21..2026-08-06,baccarat_bet02_101_all_pairs_incl_sentinel,round_win = game_pnl > 0 (decisive only),COMPATIBILITY_ONLY_NOT_PRODUCTION,603.0000,543.0000,-61.0000,29,29,0.10116086,,0.10116086,0.10116086,61.0000,603.0000,THIN_EXPOSURE,0.0000,-1.8300,3.0000,97.0000,AG03-UNRESOLVED,ALL5_LEVELS_bet23_to_bet27,-1.8300,-1.8300,-1.8300,-1.8300,-1.8300,3.000000,3.000000,3.000000,3.000000,3.000000,97.000000,97.000000,97.000000,97.000000,97.000000,5.0,-9.1500,-8.6172,-51.8500,-52.3828,PENDING_AG03,FALSE,NOT_FOR_ENFORCEMENT,-59.1700,526.7100,-61.0000,-59.1700,-1.8300,-0.10116086,-0.09812604,-1.8300,-59.1700,-0.09812604,-1.8300,-1.8300,-1.8300,-1.8300,-1.8300,-59.1700,-0.09812604,-9.1500,-8.6172,-51.8500,-52.3828,-0.08598673,-0.08687027,-0.00303483,20.7931,18.7241,-2.1034,-12.2000,-10.1667,120.6000,5.8000,,20.7931,20.0,20.0,20.0,20.6,26.5,36.0,20.0,19.0,1.325,1.8,1.039655,5,6,1,2,0E-8,-0.10116086,,0E-8,0.000000,0.900498,0.000000,,2026-03-28,2026-04-12,5,6,6,16,0.312500,,,0.000000,,,,,,,,GLOBAL_BASELINE_NO_ENTITY_RANKING,,,NOT_APPLICABLE_GLOBAL_BASELINE,HF9g-P5,,,,X 全窗基线 · 不参与实体赏罚,3926635,393,A168_HF9F_20260827_0900,2026-08-27 09:00:00
2026-04-10,147541736,948,0,140.0000000000,19.0000000000,19.0000000000,0.6000000,7,7,0.49707555714285714,0.497075557143,0.4602999749247982,0.46029997492415853,0.4602999749247982,-1.4286E-13,ELIGIBLE,R03b_20260811_FULL_v1,L1_ELIGIBILITY,v2026-08-11,2026-03-21..2026-08-06,baccarat_bet02_101_all_pairs_incl_sentinel,round_win = game_pnl > 0 (decisive only),COMPATIBILITY_ONLY_NOT_PRODUCTION,603.0000,543.0000,-61.0000,29,29,0.10116086,,0.10116086,0.10116086,61.0000,603.0000,THIN_EXPOSURE,0.0000,-1.8300,3.0000,97.0000,AG03-UNRESOLVED,ALL5_LEVELS_bet23_to_bet27,-1.8300,-1.8300,-1.8300,-1.8300,-1.8300,3.000000,3.000000,3.000000,3.000000,3.000000,97.000000,97.000000,97.000000,97.000000,97.000000,5.0,-9.1500,-8.6172,-51.8500,-52.3828,PENDING_AG03,FALSE,NOT_FOR_ENFORCEMENT,-59.1700,526.7100,-61.0000,-59.1700,-1.8300,-0.10116086,-0.09812604,-1.8300,-59.1700,-0.09812604,-1.8300,-1.8300,-1.8300,-1.8300,-1.8300,-59.1700,-0.09812604,-9.1500,-8.6172,-51.8500,-52.3828,-0.08598673,-0.08687027,-0.00303483,20.7931,18.7241,-2.1034,-12.2000,-10.1667,120.6000,5.8000,,20.7931,20.0,20.0,20.0,20.6,26.5,36.0,20.0,19.0,1.325,1.8,1.039655,5,6,1,2,0E-8,-0.10116086,,0E-8,0.000000,0.900498,0.000000,,2026-03-28,2026-04-12,5,6,6,16,0.312500,,,0.000000,,,,,,,,GLOBAL_BASELINE_NO_ENTITY_RANKING,,,NOT_APPLICABLE_GLOBAL_BASELINE,HF9g-P5,,,,X 全窗基线 · 不参与实体赏罚,3926636,393,A168_HF9F_20260827_0900,2026-08-27 09:00:00
2026-04-11,147541736,772,0,300.0000000000,33.0000000000,33.0000000000,0.5714286,15,15,0.50486334000000000,0.504863340000,0.4981521449761828,0.4981521449761829,0.4981521449761828,0E-17,ELIGIBLE,R03b_20260811_FULL_v1,L1_ELIGIBILITY,v2026-08-11,2026-03-21..2026-08-06,baccarat_bet02_101_all_pairs_incl_sentinel,round_win = game_pnl > 0 (decisive only),COMPATIBILITY_ONLY_NOT_PRODUCTION,603.0000,543.0000,-61.0000,29,29,0.10116086,,0.10116086,0.10116086,61.0000,603.0000,THIN_EXPOSURE,0.0000,-1.8300,3.0000,97.0000,AG03-UNRESOLVED,ALL5_LEVELS_bet23_to_bet27,-1.8300,-1.8300,-1.8300,-1.8300,-1.8300,3.000000,3.000000,3.000000,3.000000,3.000000,97.000000,97.000000,97.000000,97.000000,97.000000,5.0,-9.1500,-8.6172,-51.8500,-52.3828,PENDING_AG03,FALSE,NOT_FOR_ENFORCEMENT,-59.1700,526.7100,-61.0000,-59.1700,-1.8300,-0.10116086,-0.09812604,-1.8300,-59.1700,-0.09812604,-1.8300,-1.8300,-1.8300,-1.8300,-1.8300,-59.1700,-0.09812604,-9.1500,-8.6172,-51.8500,-52.3828,-0.08598673,-0.08687027,-0.00303483,20.7931,18.7241,-2.1034,-12.2000,-10.1667,120.6000,5.8000,,20.7931,20.0,20.0,20.0,20.6,26.5,36.0,20.0,19.0,1.325,1.8,1.039655,5,6,1,2,0E-8,-0.10116086,,0E-8,0.000000,0.900498,0.000000,,2026-03-28,2026-04-12,5,6,6,16,0.312500,,,0.000000,,,,,,,,GLOBAL_BASELINE_NO_ENTITY_RANKING,,,NOT_APPLICABLE_GLOBAL_BASELINE,HF9g-P5,,,,X 全窗基线 · 不参与实体赏罚,3926637,393,A168_HF9F_20260827_0900,2026-08-27 09:00:00
2026-04-12,147541736,2244,0,21.0000000000,-21.0000000000,-21.0000000000,0E-7,1,1,0.49324550000000000,0.493245500000,-0.9865810262130424,-0.9865810262130424,-0.9865810262130424,0E-17,ELIGIBLE,R03b_20260811_FULL_v1,L1_ELIGIBILITY,v2026-08-11,2026-03-21..2026-08-06,baccarat_bet02_101_all_pairs_incl_sentinel,round_win = game_pnl > 0 (decisive only),COMPATIBILITY_ONLY_NOT_PRODUCTION,603.0000,543.0000,-61.0000,29,29,0.10116086,,0.10116086,0.10116086,61.0000,603.0000,THIN_EXPOSURE,0.0000,-1.8300,3.0000,97.0000,AG03-UNRESOLVED,ALL5_LEVELS_bet23_to_bet27,-1.8300,-1.8300,-1.8300,-1.8300,-1.8300,3.000000,3.000000,3.000000,3.000000,3.000000,97.000000,97.000000,97.000000,97.000000,97.000000,5.0,-9.1500,-8.6172,-51.8500,-52.3828,PENDING_AG03,FALSE,NOT_FOR_ENFORCEMENT,-59.1700,526.7100,-61.0000,-59.1700,-1.8300,-0.10116086,-0.09812604,-1.8300,-59.1700,-0.09812604,-1.8300,-1.8300,-1.8300,-1.8300,-1.8300,-59.1700,-0.09812604,-9.1500,-8.6172,-51.8500,-52.3828,-0.08598673,-0.08687027,-0.00303483,20.7931,18.7241,-2.1034,-12.2000,-10.1667,120.6000,5.8000,,20.7931,20.0,20.0,20.0,20.6,26.5,36.0,20.0,19.0,1.325,1.8,1.039655,5,6,1,2,0E-8,-0.10116086,,0E-8,0.000000,0.900498,0.000000,,2026-03-28,2026-04-12,5,6,6,16,0.312500,,,0.000000,,,,,,,,GLOBAL_BASELINE_NO_ENTITY_RANKING,,,NOT_APPLICABLE_GLOBAL_BASELINE,HF9g-P5,,,,X 全窗基线 · 不参与实体赏罚,3926638,393,A168_HF9F_20260827_0900,2026-08-27 09:00:00
2026-05-29,150735874,-1,1,20.0000000000,20.0000000000,20.0000000000,1.0000000,1,1,0.49324550000000000,0.493245500000,1.01360149184955,1.01360149184955,1.01360149184955,0E-17,SENTINEL_DEALER,R03b_20260811_FULL_v1,L1_ELIGIBILITY,v2026-08-11,2026-03-21..2026-08-06,baccarat_bet02_101_all_pairs_incl_sentinel,round_win = game_pnl > 0 (decisive only),COMPATIBILITY_ONLY_NOT_PRODUCTION,1099.0000,1099.0000,-61.0000,6,6,0.05550500,,0.05550500,0.05550500,61.0000,1099.0000,THIN_EXPOSURE,0.0000,-1.8300,3.0000,97.0000,AG03-UNRESOLVED,ALL5_LEVELS_bet23_to_bet27,-1.8300,-1.8300,-1.8300,-2.4400,-2.4400,3.000000,3.000000,3.000000,4.000000,4.000000,97.000000,97.000000,97.000000,96.000000,96.000000,5.0,-10.3700,-9.6917,-50.6300,-51.3083,PENDING_AG03,FALSE,NOT_FOR_ENFORCEMENT,-59.1700,1066.0300,-61.0000,-59.1700,-1.8300,-0.05550500,-0.05383985,-1.8300,-59.1700,-0.05383985,-1.8300,-1.8300,-1.8300,-2.4400,-2.4400,-59.1700,-0.05383985,-10.3700,-9.6917,-50.6300,-51.3083,-0.04606915,-0.04668634,-0.00166515,183.1667,183.1667,-10.1667,-20.3333,-12.2000,366.3333,2.0000,,183.1667,20.0,20.0,500.0,517.1,519.0,519.0,20.0,20.0,25.95,25.95,9.158333,5,5,4,2,0E-8,-0.05550500,,0E-8,0.000000,1.000000,0.000000,,2026-05-29,2026-06-06,3,5,5,9,0.333333,,,0.000000,,,,,,,,GLOBAL_BASELINE_NO_ENTITY_RANKING,,,NOT_APPLICABLE_GLOBAL_BASELINE,HF9g-P5,,,,X 全窗基线 · 不参与实体赏罚,3926639,393,A168_HF9F_20260827_0900,2026-08-27 09:00:00
2026-05-29,150735874,1306,0,20.0000000000,20.0000000000,20.0000000000,1.0000000,1,1,0.49324550000000000,0.493245500000,1.01360149184955,1.01360149184955,1.01360149184955,0E-17,ELIGIBLE,R03b_20260811_FULL_v1,L1_ELIGIBILITY,v2026-08-11,2026-03-21..2026-08-06,baccarat_bet02_101_all_pairs_incl_sentinel,round_win = game_pnl > 0 (decisive only),COMPATIBILITY_ONLY_NOT_PRODUCTION,1099.0000,1099.0000,-61.0000,6,6,0.05550500,,0.05550500,0.05550500,61.0000,1099.0000,THIN_EXPOSURE,0.0000,-1.8300,3.0000,97.0000,AG03-UNRESOLVED,ALL5_LEVELS_bet23_to_bet27,-1.8300,-1.8300,-1.8300,-2.4400,-2.4400,3.000000,3.000000,3.000000,4.000000,4.000000,97.000000,97.000000,97.000000,96.000000,96.000000,5.0,-10.3700,-9.6917,-50.6300,-51.3083,PENDING_AG03,FALSE,NOT_FOR_ENFORCEMENT,-59.1700,1066.0300,-61.0000,-59.1700,-1.8300,-0.05550500,-0.05383985,-1.8300,-59.1700,-0.05383985,-1.8300,-1.8300,-1.8300,-2.4400,-2.4400,-59.1700,-0.05383985,-10.3700,-9.6917,-50.6300,-51.3083,-0.04606915,-0.04668634,-0.00166515,183.1667,183.1667,-10.1667,-20.3333,-12.2000,366.3333,2.0000,,183.1667,20.0,20.0,500.0,517.1,519.0,519.0,20.0,20.0,25.95,25.95,9.158333,5,5,4,2,0E-8,-0.05550500,,0E-8,0.000000,1.000000,0.000000,,2026-05-29,2026-06-06,3,5,5,9,0.333333,,,0.000000,,,,,,,,GLOBAL_BASELINE_NO_ENTITY_RANKING,,,NOT_APPLICABLE_GLOBAL_BASELINE,HF9g-P5,,,,X 全窗基线 · 不参与实体赏罚,3926640,393,A168_HF9F_20260827_0900,2026-08-27 09:00:00
2026-05-29,150735874,2123,0,40.0000000000,40.0000000000,40.0000000000,1.0000000,2,2,0.49324550000000000,0.493245500000,1.4334489766152358,1.4334489766152358,1.4334489766152358,0E-17,ELIGIBLE,R03b_20260811_FULL_v1,L1_ELIGIBILITY,v2026-08-11,2026-03-21..2026-08-06,baccarat_bet02_101_all_pairs_incl_sentinel,round_win = game_pnl > 0 (decisive only),COMPATIBILITY_ONLY_NOT_PRODUCTION,1099.0000,1099.0000,-61.0000,6,6,0.05550500,,0.05550500,0.05550500,61.0000,1099.0000,THIN_EXPOSURE,0.0000,-1.8300,3.0000,97.0000,AG03-UNRESOLVED,ALL5_LEVELS_bet23_to_bet27,-1.8300,-1.8300,-1.8300,-2.4400,-2.4400,3.000000,3.000000,3.000000,4.000000,4.000000,97.000000,97.000000,97.000000,96.000000,96.000000,5.0,-10.3700,-9.6917,-50.6300,-51.3083,PENDING_AG03,FALSE,NOT_FOR_ENFORCEMENT,-59.1700,1066.0300,-61.0000,-59.1700,-1.8300,-0.05550500,-0.05383985,-1.8300,-59.1700,-0.05383985,-1.8300,-1.8300,-1.8300,-2.4400,-2.4400,-59.1700,-0.05383985,-10.3700,-9.6917,-50.6300,-51.3083,-0.04606915,-0.04668634,-0.00166515,183.1667,183.1667,-10.1667,-20.3333,-12.2000,366.3333,2.0000,,183.1667,20.0,20.0,500.0,517.1,519.0,519.0,20.0,20.0,25.95,25.95,9.158333,5,5,4,2,0E-8,-0.05550500,,0E-8,0.000000,1.000000,0.000000,,2026-05-29,2026-06-06,3,5,5,9,0.333333,,,0.000000,,,,,,,,GLOBAL_BASELINE_NO_ENTITY_RANKING,,,NOT_APPLICABLE_GLOBAL_BASELINE,HF9g-P5,,,,X 全窗基线 · 不参与实体赏罚,3926641,393,A168_HF9F_20260827_0900,2026-08-27 09:00:00
2026-06-05,150735874,2169,0,500.0000000000,500.0000000000,500.0000000000,1.0000000,1,1,0.49324550000000000,0.493245500000,1.01360149184955,1.01360149184955,1.01360149184955,0E-17,ELIGIBLE,R03b_20260811_FULL_v1,L1_ELIGIBILITY,v2026-08-11,2026-03-21..2026-08-06,baccarat_bet02_101_all_pairs_incl_sentinel,round_win = game_pnl > 0 (decisive only),COMPATIBILITY_ONLY_NOT_PRODUCTION,1099.0000,1099.0000,-61.0000,6,6,0.05550500,,0.05550500,0.05550500,61.0000,1099.0000,THIN_EXPOSURE,0.0000,-1.8300,3.0000,97.0000,AG03-UNRESOLVED,ALL5_LEVELS_bet23_to_bet27,-1.8300,-1.8300,-1.8300,-2.4400,-2.4400,3.000000,3.000000,3.000000,4.000000,4.000000,97.000000,97.000000,97.000000,96.000000,96.000000,5.0,-10.3700,-9.6917,-50.6300,-51.3083,PENDING_AG03,FALSE,NOT_FOR_ENFORCEMENT,-59.1700,1066.0300,-61.0000,-59.1700,-1.8300,-0.05550500,-0.05383985,-1.8300,-59.1700,-0.05383985,-1.8300,-1.8300,-1.8300,-2.4400,-2.4400,-59.1700,-0.05383985,-10.3700,-9.6917,-50.6300,-51.3083,-0.04606915,-0.04668634,-0.00166515,183.1667,183.1667,-10.1667,-20.3333,-12.2000,366.3333,2.0000,,183.1667,20.0,20.0,500.0,517.1,519.0,519.0,20.0,20.0,25.95,25.95,9.158333,5,5,4,2,0E-8,-0.05550500,,0E-8,0.000000,1.000000,0.000000,,2026-05-29,2026-06-06,3,5,5,9,0.333333,,,0.000000,,,,,,,,GLOBAL_BASELINE_NO_ENTITY_RANKING,,,NOT_APPLICABLE_GLOBAL_BASELINE,HF9g-P5,,,,X 全窗基线 · 不参与实体赏罚,3926642,393,A168_HF9F_20260827_0900,2026-08-27 09:00:00
2026-06-06,150735874,1505,0,519.0000000000,-519.0000000000,-519.0000000000,0E-7,1,1,0.50665070000000000,0.506650700000,-1.013391052207602,-1.013391052207602,-1.013391052207602,0E-17,ELIGIBLE,R03b_20260811_FULL_v1,L1_ELIGIBILITY,v2026-08-11,2026-03-21..2026-08-06,baccarat_bet02_101_all_pairs_incl_sentinel,round_win = game_pnl > 0 (decisive only),COMPATIBILITY_ONLY_NOT_PRODUCTION,1099.0000,1099.0000,-61.0000,6,6,0.05550500,,0.05550500,0.05550500,61.0000,1099.0000,THIN_EXPOSURE,0.0000,-1.8300,3.0000,97.0000,AG03-UNRESOLVED,ALL5_LEVELS_bet23_to_bet27,-1.8300,-1.8300,-1.8300,-2.4400,-2.4400,3.000000,3.000000,3.000000,4.000000,4.000000,97.000000,97.000000,97.000000,96.000000,96.000000,5.0,-10.3700,-9.6917,-50.6300,-51.3083,PENDING_AG03,FALSE,NOT_FOR_ENFORCEMENT,-59.1700,1066.0300,-61.0000,-59.1700,-1.8300,-0.05550500,-0.05383985,-1.8300,-59.1700,-0.05383985,-1.8300,-1.8300,-1.8300,-2.4400,-2.4400,-59.1700,-0.05383985,-10.3700,-9.6917,-50.6300,-51.3083,-0.04606915,-0.04668634,-0.00166515,183.1667,183.1667,-10.1667,-20.3333,-12.2000,366.3333,2.0000,,183.1667,20.0,20.0,500.0,517.1,519.0,519.0,20.0,20.0,25.95,25.95,9.158333,5,5,4,2,0E-8,-0.05550500,,0E-8,0.000000,1.000000,0.000000,,2026-05-29,2026-06-06,3,5,5,9,0.333333,,,0.000000,,,,,,,,GLOBAL_BASELINE_NO_ENTITY_RANKING,,,NOT_APPLICABLE_GLOBAL_BASELINE,HF9g-P5,,,,X 全窗基线 · 不参与实体赏罚,3926643,393,A168_HF9F_20260827_0900,2026-08-27 09:00:00
2026-06-26,139898992,2256,0,34.9731272663,42.2249080669,42.2249080669,0.6666667,6,3,0.40047786031615223,0.332977877778,0.940932668761207,1.226378233038671,0.940932668761207,0.06749998253815223,ELIGIBLE,R03b_20260811_FULL_v1,L1_ELIGIBILITY,v2026-08-11,2026-03-21..2026-08-06,baccarat_bet02_101_all_pairs_incl_sentinel,round_win = game_pnl > 0 (decisive only),COMPATIBILITY_ONLY_NOT_PRODUCTION,64.0317,64.0317,-60.9972,12,7,0.95261044,,0.95261044,0.95261044,60.9972,64.0317,THIN_EXPOSURE,0.0000,-1.8299,3.0000,97.0000,AG03-UNRESOLVED,ALL5_LEVELS_bet23_to_bet27,-1.8299,-1.8299,-1.8299,-2.4399,-2.4399,3.000000,3.000000,3.000000,4.000000,4.000000,97.000000,97.000000,97.000000,96.000000,96.000000,5.0,-10.3695,-9.6913,-50.6277,-51.306,PENDING_AG03,FALSE,NOT_FOR_ENFORCEMENT,-59.1673,62.1107,-60.9972,-59.1673,-1.8299,-0.95261044,-0.92403213,-1.8299,-59.1673,-0.92403213,-1.8299,-1.8299,-1.8299,-2.4399,-2.4399,-59.1673,-0.92403213,-10.3695,-9.6913,-50.6277,-51.306,-0.79066667,-0.80125916,-0.02857831,5.3360,9.1474,-8.7139,-60.9972,-60.9972,64.0317,7.0000,,5.3360,2.5716,3.8573,8.1004,10.3376,12.4977,12.8578,3.8573,3.8573,3.24,3.333333,1.383333,1,2,1,5,0E-8,-0.95261044,,0E-8,0.000000,1.000000,0.000000,,2026-06-26,2026-06-26,1,1,1,1,1.000000,,,0.000000,,,,,,,,GLOBAL_BASELINE_NO_ENTITY_RANKING,,,NOT_APPLICABLE_GLOBAL_BASELINE,HF9g-P5,,,,X 全窗基线 · 不参与实体赏罚,3926644,393,A168_HF9F_20260827_0900,2026-08-27 09:00:00
2026-06-26,139898992,2266,0,29.0585542728,18.7723403708,18.7723403708,1.0000000,6,4,0.43321204166597187,0.390331000000,2.287652439072099,2.49954252586165,2.287652439072099,0.04288104166597187,ELIGIBLE,R03b_20260811_FULL_v1,L1_ELIGIBILITY,v2026-08-11,2026-03-21..2026-08-06,baccarat_bet02_101_all_pairs_incl_sentinel,round_win = game_pnl > 0 (decisive only),COMPATIBILITY_ONLY_NOT_PRODUCTION,64.0317,64.0317,-60.9972,12,7,0.95261044,,0.95261044,0.95261044,60.9972,64.0317,THIN_EXPOSURE,0.0000,-1.8299,3.0000,97.0000,AG03-UNRESOLVED,ALL5_LEVELS_bet23_to_bet27,-1.8299,-1.8299,-1.8299,-2.4399,-2.4399,3.000000,3.000000,3.000000,4.000000,4.000000,97.000000,97.000000,97.000000,96.000000,96.000000,5.0,-10.3695,-9.6913,-50.6277,-51.306,PENDING_AG03,FALSE,NOT_FOR_ENFORCEMENT,-59.1673,62.1107,-60.9972,-59.1673,-1.8299,-0.95261044,-0.92403213,-1.8299,-59.1673,-0.92403213,-1.8299,-1.8299,-1.8299,-2.4399,-2.4399,-59.1673,-0.92403213,-10.3695,-9.6913,-50.6277,-51.306,-0.79066667,-0.80125916,-0.02857831,5.3360,9.1474,-8.7139,-60.9972,-60.9972,64.0317,7.0000,,5.3360,2.5716,3.8573,8.1004,10.3376,12.4977,12.8578,3.8573,3.8573,3.24,3.333333,1.383333,1,2,1,5,0E-8,-0.95261044,,0E-8,0.000000,1.000000,0.000000,,2026-06-26,2026-06-26,1,1,1,1,1.000000,,,0.000000,,,,,,,,GLOBAL_BASELINE_NO_ENTITY_RANKING,,,NOT_APPLICABLE_GLOBAL_BASELINE,HF9g-P5,,,,X 全窗基线 · 不参与实体赏罚,3926645,393,A168_HF9F_20260827_0900,2026-08-27 09:00:00
2026-04-02,114801479,-1,1,18.3231683376,-18.3231683376,-18.3231683376,0E-7,2,2,0.49994810000000000,0.499948100000,-1.4140667746232096,-1.4140667746232096,-1.4140667746232096,0E-17,SENTINEL_DEALER,R03b_20260811_FULL_v1,L1_ELIGIBILITY,v2026-08-11,2026-03-21..2026-08-06,baccarat_bet02_101_all_pairs_incl_sentinel,round_win = game_pnl > 0 (decisive only),COMPATIBILITY_ONLY_NOT_PRODUCTION,154.1220,125.4436,-61.6276,15,14,0.39986211,,0.39986211,0.39986211,61.6276,154.1220,THIN_EXPOSURE,0.0000,-2.4651,4.0000,96.0000,AG03-UNRESOLVED,ALL5_LEVELS_bet23_to_bet27,-2.4651,-2.4651,-2.4651,-3.0814,-3.0814,4.000000,4.000000,4.000000,5.000000,5.000000,96.000000,96.000000,96.000000,95.000000,95.000000,5.0,-13.5581,-12.4195,-48.0695,-49.208,PENDING_AG03,FALSE,NOT_FOR_ENFORCEMENT,-59.1624,120.4258,-61.6276,-59.1624,-2.4651,-0.39986211,-0.38386762,-2.4651,-59.1624,-0.38386762,-2.4651,-2.4651,-2.4651,-3.0814,-3.0814,-59.1624,-0.38386762,-13.5581,-12.4195,-48.0695,-49.208,-0.31189244,-0.31927959,-0.01599448,10.2748,8.9603,-4.4020,-30.8138,-15.4069,77.0610,7.0000,,10.2748,5.2352,10.3783,13.0592,15.7056,25.5262,28.7998,5.2352,0.0,2.459578,2.775,0.990028,4,4,2,3,0E-8,-0.39986211,,0E-8,0.000000,0.813924,0.000000,,2026-04-02,2026-05-01,2,4,4,30,0.066667,,,0.000000,,,,,,,,GLOBAL_BASELINE_NO_ENTITY_RANKING,,,NOT_APPLICABLE_GLOBAL_BASELINE,HF9g-P5,,,,X 全窗基线 · 不参与实体赏罚,3926646,393,A168_HF9F_20260827_0900,2026-08-27 09:00:00
2026-04-02,114801479,2115,0,39.2639321520,6.9366280135,6.9366280135,0.6000000,5,5,0.50396966000000000,0.503969660000,0.4294742719815242,0.4294742719815242,0.4294742719815242,0E-17,ELIGIBLE,R03b_20260811_FULL_v1,L1_ELIGIBILITY,v2026-08-11,2026-03-21..2026-08-06,baccarat_bet02_101_all_pairs_incl_sentinel,round_win = game_pnl > 0 (decisive only),COMPATIBILITY_ONLY_NOT_PRODUCTION,154.1220,125.4436,-61.6276,15,14,0.39986211,,0.39986211,0.39986211,61.6276,154.1220,THIN_EXPOSURE,0.0000,-2.4651,4.0000,96.0000,AG03-UNRESOLVED,ALL5_LEVELS_bet23_to_bet27,-2.4651,-2.4651,-2.4651,-3.0814,-3.0814,4.000000,4.000000,4.000000,5.000000,5.000000,96.000000,96.000000,96.000000,95.000000,95.000000,5.0,-13.5581,-12.4195,-48.0695,-49.208,PENDING_AG03,FALSE,NOT_FOR_ENFORCEMENT,-59.1624,120.4258,-61.6276,-59.1624,-2.4651,-0.39986211,-0.38386762,-2.4651,-59.1624,-0.38386762,-2.4651,-2.4651,-2.4651,-3.0814,-3.0814,-59.1624,-0.38386762,-13.5581,-12.4195,-48.0695,-49.208,-0.31189244,-0.31927959,-0.01599448,10.2748,8.9603,-4.4020,-30.8138,-15.4069,77.0610,7.0000,,10.2748,5.2352,10.3783,13.0592,15.7056,25.5262,28.7998,5.2352,0.0,2.459578,2.775,0.990028,4,4,2,3,0E-8,-0.39986211,,0E-8,0.000000,0.813924,0.000000,,2026-04-02,2026-05-01,2,4,4,30,0.066667,,,0.000000,,,,,,,,GLOBAL_BASELINE_NO_ENTITY_RANKING,,,NOT_APPLICABLE_GLOBAL_BASELINE,HF9g-P5,,,,X 全窗基线 · 不参与实体赏罚,3926647,393,A168_HF9F_20260827_0900,2026-08-27 09:00:00
2026-04-02,114801479,2153,0,31.4111457216,41.6197680810,41.6197680810,0.6666667,4,3,0.47231337500000000,0.437976050000,0.674294104432228,0.7983739908840699,0.674294104432228,0.03433732500000000,ELIGIBLE,R03b_20260811_FULL_v1,L1_ELIGIBILITY,v2026-08-11,2026-03-21..2026-08-06,baccarat_bet02_101_all_pairs_incl_sentinel,round_win = game_pnl > 0 (decisive only),COMPATIBILITY_ONLY_NOT_PRODUCTION,154.1220,125.4436,-61.6276,15,14,0.39986211,,0.39986211,0.39986211,61.6276,154.1220,THIN_EXPOSURE,0.0000,-2.4651,4.0000,96.0000,AG03-UNRESOLVED,ALL5_LEVELS_bet23_to_bet27,-2.4651,-2.4651,-2.4651,-3.0814,-3.0814,4.000000,4.000000,4.000000,5.000000,5.000000,96.000000,96.000000,96.000000,95.000000,95.000000,5.0,-13.5581,-12.4195,-48.0695,-49.208,PENDING_AG03,FALSE,NOT_FOR_ENFORCEMENT,-59.1624,120.4258,-61.6276,-59.1624,-2.4651,-0.39986211,-0.38386762,-2.4651,-59.1624,-0.38386762,-2.4651,-2.4651,-2.4651,-3.0814,-3.0814,-59.1624,-0.38386762,-13.5581,-12.4195,-48.0695,-49.208,-0.31189244,-0.31927959,-0.01599448,10.2748,8.9603,-4.4020,-30.8138,-15.4069,77.0610,7.0000,,10.2748,5.2352,10.3783,13.0592,15.7056,25.5262,28.7998,5.2352,0.0,2.459578,2.775,0.990028,4,4,2,3,0E-8,-0.39986211,,0E-8,0.000000,0.813924,0.000000,,2026-04-02,2026-05-01,2,4,4,30,0.066667,,,0.000000,,,,,,,,GLOBAL_BASELINE_NO_ENTITY_RANKING,,,NOT_APPLICABLE_GLOBAL_BASELINE,HF9g-P5,,,,X 全窗基线 · 不参与实体赏罚,3926648,393,A168_HF9F_20260827_0900,2026-08-27 09:00:00
2026-05-01,114801479,526,0,65.1237610919,31.3943230762,31.3943230762,0.6666667,4,4,0.49659680000000000,0.496596800000,0.5891529468324541,0.589152946832454,0.5891529468324541,0E-17,ELIGIBLE,R03b_20260811_FULL_v1,L1_ELIGIBILITY,v2026-08-11,2026-03-21..2026-08-06,baccarat_bet02_101_all_pairs_incl_sentinel,round_win = game_pnl > 0 (decisive only),COMPATIBILITY_ONLY_NOT_PRODUCTION,154.1220,125.4436,-61.6276,15,14,0.39986211,,0.39986211,0.39986211,61.6276,154.1220,THIN_EXPOSURE,0.0000,-2.4651,4.0000,96.0000,AG03-UNRESOLVED,ALL5_LEVELS_bet23_to_bet27,-2.4651,-2.4651,-2.4651,-3.0814,-3.0814,4.000000,4.000000,4.000000,5.000000,5.000000,96.000000,96.000000,96.000000,95.000000,95.000000,5.0,-13.5581,-12.4195,-48.0695,-49.208,PENDING_AG03,FALSE,NOT_FOR_ENFORCEMENT,-59.1624,120.4258,-61.6276,-59.1624,-2.4651,-0.39986211,-0.38386762,-2.4651,-59.1624,-0.38386762,-2.4651,-2.4651,-2.4651,-3.0814,-3.0814,-59.1624,-0.38386762,-13.5581,-12.4195,-48.0695,-49.208,-0.31189244,-0.31927959,-0.01599448,10.2748,8.9603,-4.4020,-30.8138,-15.4069,77.0610,7.0000,,10.2748,5.2352,10.3783,13.0592,15.7056,25.5262,28.7998,5.2352,0.0,2.459578,2.775,0.990028,4,4,2,3,0E-8,-0.39986211,,0E-8,0.000000,0.813924,0.000000,,2026-04-02,2026-05-01,2,4,4,30,0.066667,,,0.000000,,,,,,,,GLOBAL_BASELINE_NO_ENTITY_RANKING,,,NOT_APPLICABLE_GLOBAL_BASELINE,HF9g-P5,,,,X 全窗基线 · 不参与实体赏罚,3926649,393,A168_HF9F_20260827_0900,2026-08-27 09:00:00
2026-04-07,148343244,-1,1,115.1742009792,19.8937256236,19.8937256236,0.5909091,22,22,0.49751079090909091,0.497510790909,0.876164574303814,0.8761645743046677,0.876164574303814,9.091E-14,SENTINEL_DEALER,R03b_20260811_FULL_v1,L1_ELIGIBILITY,v2026-08-11,2026-03-21..2026-08-06,baccarat_bet02_101_all_pairs_incl_sentinel,round_win = game_pnl > 0 (decisive only),COMPATIBILITY_ONLY_NOT_PRODUCTION,303.6411,282.7003,-60.9900,55,55,0.20086207,,0.20086207,0.20086207,60.9900,303.6411,OK,0.0000,-1.8297,3.0000,97.0000,AG03-UNRESOLVED,ALL5_LEVELS_bet23_to_bet27,-1.8297,-1.8297,-1.8297,-2.4396,-2.4396,3.000000,3.000000,3.000000,4.000000,4.000000,97.000000,97.000000,97.000000,96.000000,96.000000,5.0,-10.3683,-9.6901,-50.6217,-51.2999,PENDING_AG03,FALSE,NOT_FOR_ENFORCEMENT,-59.1603,274.2193,-60.9900,-59.1603,-1.8297,-0.20086207,-0.19483621,-1.8297,-59.1603,-0.19483621,-1.8297,-1.8297,-1.8297,-2.4396,-2.4396,-59.1603,-0.19483621,-10.3683,-9.6901,-50.6217,-51.2999,-0.16671552,-0.16894899,-0.00602586,5.5207,5.1400,-1.1089,-60.9900,-2.2589,303.6411,55.0000,,5.5207,5.2352,5.2352,5.2352,5.2352,5.2352,20.1555,5.2352,4.9734,1.0,3.850002,1.054545,24,19,1,2,0E-8,-0.20086207,,0E-8,0.000000,0.931034,0.000000,,2026-04-07,2026-04-07,1,27,24,1,1.000000,,,0.000000,,,,,,,,GLOBAL_BASELINE_NO_ENTITY_RANKING,,,NOT_APPLICABLE_GLOBAL_BASELINE,HF9g-P5,,,,X 全窗基线 · 不参与实体赏罚,3926650,393,A168_HF9F_20260827_0900,2026-08-27 09:00:00
2026-04-07,148343244,1017,0,5.2351909536,4.9734314059,4.9734314059,1.0000000,1,1,0.50665070000000000,0.506650700000,0.9867858985152569,0.9867858985152569,0.9867858985152569,0E-17,ELIGIBLE,R03b_20260811_FULL_v1,L1_ELIGIBILITY,v2026-08-11,2026-03-21..2026-08-06,baccarat_bet02_101_all_pairs_incl_sentinel,round_win = game_pnl > 0 (decisive only),COMPATIBILITY_ONLY_NOT_PRODUCTION,303.6411,282.7003,-60.9900,55,55,0.20086207,,0.20086207,0.20086207,60.9900,303.6411,OK,0.0000,-1.8297,3.0000,97.0000,AG03-UNRESOLVED,ALL5_LEVELS_bet23_to_bet27,-1.8297,-1.8297,-1.8297,-2.4396,-2.4396,3.000000,3.000000,3.000000,4.000000,4.000000,97.000000,97.000000,97.000000,96.000000,96.000000,5.0,-10.3683,-9.6901,-50.6217,-51.2999,PENDING_AG03,FALSE,NOT_FOR_ENFORCEMENT,-59.1603,274.2193,-60.9900,-59.1603,-1.8297,-0.20086207,-0.19483621,-1.8297,-59.1603,-0.19483621,-1.8297,-1.8297,-1.8297,-2.4396,-2.4396,-59.1603,-0.19483621,-10.3683,-9.6901,-50.6217,-51.2999,-0.16671552,-0.16894899,-0.00602586,5.5207,5.1400,-1.1089,-60.9900,-2.2589,303.6411,55.0000,,5.5207,5.2352,5.2352,5.2352,5.2352,5.2352,20.1555,5.2352,4.9734,1.0,3.850002,1.054545,24,19,1,2,0E-8,-0.20086207,,0E-8,0.000000,0.931034,0.000000,,2026-04-07,2026-04-07,1,27,24,1,1.000000,,,0.000000,,,,,,,,GLOBAL_BASELINE_NO_ENTITY_RANKING,,,NOT_APPLICABLE_GLOBAL_BASELINE,HF9g-P5,,,,X 全窗基线 · 不参与实体赏罚,3926651,393,A168_HF9F_20260827_0900,2026-08-27 09:00:00
2026-04-07,148343244,1306,0,15.7055728608,5.2351909536,5.2351909536,0.6666667,3,3,0.49324550000000000,0.493245500000,0.6008033672792107,0.6008033672792106,0.6008033672792107,0E-17,ELIGIBLE,R03b_20260811_FULL_v1,L1_ELIGIBILITY,v2026-08-11,2026-03-21..2026-08-06,baccarat_bet02_101_all_pairs_incl_sentinel,round_win = game_pnl > 0 (decisive only),COMPATIBILITY_ONLY_NOT_PRODUCTION,303.6411,282.7003,-60.9900,55,55,0.20086207,,0.20086207,0.20086207,60.9900,303.6411,OK,0.0000,-1.8297,3.0000,97.0000,AG03-UNRESOLVED,ALL5_LEVELS_bet23_to_bet27,-1.8297,-1.8297,-1.8297,-2.4396,-2.4396,3.000000,3.000000,3.000000,4.000000,4.000000,97.000000,97.000000,97.000000,96.000000,96.000000,5.0,-10.3683,-9.6901,-50.6217,-51.2999,PENDING_AG03,FALSE,NOT_FOR_ENFORCEMENT,-59.1603,274.2193,-60.9900,-59.1603,-1.8297,-0.20086207,-0.19483621,-1.8297,-59.1603,-0.19483621,-1.8297,-1.8297,-1.8297,-2.4396,-2.4396,-59.1603,-0.19483621,-10.3683,-9.6901,-50.6217,-51.2999,-0.16671552,-0.16894899,-0.00602586,5.5207,5.1400,-1.1089,-60.9900,-2.2589,303.6411,55.0000,,5.5207,5.2352,5.2352,5.2352,5.2352,5.2352,20.1555,5.2352,4.9734,1.0,3.850002,1.054545,24,19,1,2,0E-8,-0.20086207,,0E-8,0.000000,0.931034,0.000000,,2026-04-07,2026-04-07,1,27,24,1,1.000000,,,0.000000,,,,,,,,GLOBAL_BASELINE_NO_ENTITY_RANKING,,,NOT_APPLICABLE_GLOBAL_BASELINE,HF9g-P5,,,,X 全窗基线 · 不参与实体赏罚,3926652,393,A168_HF9F_20260827_0900,2026-08-27 09:00:00
2026-04-07,148343244,1318,0,5.2351909536,-5.2351909536,-5.2351909536,0E-7,1,1,0.49324550000000000,0.493245500000,-0.9865810262130424,-0.9865810262130424,-0.9865810262130424,0E-17,ELIGIBLE,R03b_20260811_FULL_v1,L1_ELIGIBILITY,v2026-08-11,2026-03-21..2026-08-06,baccarat_bet02_101_all_pairs_incl_sentinel,round_win = game_pnl > 0 (decisive only),COMPATIBILITY_ONLY_NOT_PRODUCTION,303.6411,282.7003,-60.9900,55,55,0.20086207,,0.20086207,0.20086207,60.9900,303.6411,OK,0.0000,-1.8297,3.0000,97.0000,AG03-UNRESOLVED,ALL5_LEVELS_bet23_to_bet27,-1.8297,-1.8297,-1.8297,-2.4396,-2.4396,3.000000,3.000000,3.000000,4.000000,4.000000,97.000000,97.000000,97.000000,96.000000,96.000000,5.0,-10.3683,-9.6901,-50.6217,-51.2999,PENDING_AG03,FALSE,NOT_FOR_ENFORCEMENT,-59.1603,274.2193,-60.9900,-59.1603,-1.8297,-0.20086207,-0.19483621,-1.8297,-59.1603,-0.19483621,-1.8297,-1.8297,-1.8297,-2.4396,-2.4396,-59.1603,-0.19483621,-10.3683,-9.6901,-50.6217,-51.2999,-0.16671552,-0.16894899,-0.00602586,5.5207,5.1400,-1.1089,-60.9900,-2.2589,303.6411,55.0000,,5.5207,5.2352,5.2352,5.2352,5.2352,5.2352,20.1555,5.2352,4.9734,1.0,3.850002,1.054545,24,19,1,2,0E-8,-0.20086207,,0E-8,0.000000,0.931034,0.000000,,2026-04-07,2026-04-07,1,27,24,1,1.000000,,,0.000000,,,,,,,,GLOBAL_BASELINE_NO_ENTITY_RANKING,,,NOT_APPLICABLE_GLOBAL_BASELINE,HF9g-P5,,,,X 全窗基线 · 不参与实体赏罚,3926653,393,A168_HF9F_20260827_0900,2026-08-27 09:00:00
2026-04-07,148343244,1401,0,15.7055728608,-10.4703819072,-10.4703819072,0E-7,3,3,0.49324550000000000,0.493245500000,-1.3952362676504506,-1.3952362676504506,-1.3952362676504506,0E-17,ELIGIBLE,R03b_20260811_FULL_v1,L1_ELIGIBILITY,v2026-08-11,2026-03-21..2026-08-06,baccarat_bet02_101_all_pairs_incl_sentinel,round_win = game_pnl > 0 (decisive only),COMPATIBILITY_ONLY_NOT_PRODUCTION,303.6411,282.7003,-60.9900,55,55,0.20086207,,0.20086207,0.20086207,60.9900,303.6411,OK,0.0000,-1.8297,3.0000,97.0000,AG03-UNRESOLVED,ALL5_LEVELS_bet23_to_bet27,-1.8297,-1.8297,-1.8297,-2.4396,-2.4396,3.000000,3.000000,3.000000,4.000000,4.000000,97.000000,97.000000,97.000000,96.000000,96.000000,5.0,-10.3683,-9.6901,-50.6217,-51.2999,PENDING_AG03,FALSE,NOT_FOR_ENFORCEMENT,-59.1603,274.2193,-60.9900,-59.1603,-1.8297,-0.20086207,-0.19483621,-1.8297,-59.1603,-0.19483621,-1.8297,-1.8297,-1.8297,-2.4396,-2.4396,-59.1603,-0.19483621,-10.3683,-9.6901,-50.6217,-51.2999,-0.16671552,-0.16894899,-0.00602586,5.5207,5.1400,-1.1089,-60.9900,-2.2589,303.6411,55.0000,,5.5207,5.2352,5.2352,5.2352,5.2352,5.2352,20.1555,5.2352,4.9734,1.0,3.850002,1.054545,24,19,1,2,0E-8,-0.20086207,,0E-8,0.000000,0.931034,0.000000,,2026-04-07,2026-04-07,1,27,24,1,1.000000,,,0.000000,,,,,,,,GLOBAL_BASELINE_NO_ENTITY_RANKING,,,NOT_APPLICABLE_GLOBAL_BASELINE,HF9g-P5,,,,X 全窗基线 · 不参与实体赏罚,3926654,393,A168_HF9F_20260827_0900,2026-08-27 09:00:00
2026-04-07,148343244,2093,0,5.2351909536,5.2351909536,5.2351909536,1.0000000,1,1,0.49324550000000000,0.493245500000,1.01360149184955,1.01360149184955,1.01360149184955,0E-17,ELIGIBLE,R03b_20260811_FULL_v1,L1_ELIGIBILITY,v2026-08-11,2026-03-21..2026-08-06,baccarat_bet02_101_all_pairs_incl_sentinel,round_win = game_pnl > 0 (decisive only),COMPATIBILITY_ONLY_NOT_PRODUCTION,303.6411,282.7003,-60.9900,55,55,0.20086207,,0.20086207,0.20086207,60.9900,303.6411,OK,0.0000,-1.8297,3.0000,97.0000,AG03-UNRESOLVED,ALL5_LEVELS_bet23_to_bet27,-1.8297,-1.8297,-1.8297,-2.4396,-2.4396,3.000000,3.000000,3.000000,4.000000,4.000000,97.000000,97.000000,97.000000,96.000000,96.000000,5.0,-10.3683,-9.6901,-50.6217,-51.2999,PENDING_AG03,FALSE,NOT_FOR_ENFORCEMENT,-59.1603,274.2193,-60.9900,-59.1603,-1.8297,-0.20086207,-0.19483621,-1.8297,-59.1603,-0.19483621,-1.8297,-1.8297,-1.8297,-2.4396,-2.4396,-59.1603,-0.19483621,-10.3683,-9.6901,-50.6217,-51.2999,-0.16671552,-0.16894899,-0.00602586,5.5207,5.1400,-1.1089,-60.9900,-2.2589,303.6411,55.0000,,5.5207,5.2352,5.2352,5.2352,5.2352,5.2352,20.1555,5.2352,4.9734,1.0,3.850002,1.054545,24,19,1,2,0E-8,-0.20086207,,0E-8,0.000000,0.931034,0.000000,,2026-04-07,2026-04-07,1,27,24,1,1.000000,,,0.000000,,,,,,,,GLOBAL_BASELINE_NO_ENTITY_RANKING,,,NOT_APPLICABLE_GLOBAL_BASELINE,HF9g-P5,,,,X 全窗基线 · 不参与实体赏罚,3926655,393,A168_HF9F_20260827_0900,2026-08-27 09:00:00
2026-04-07,148343244,2121,0,20.9407638144,10.2086223595,10.2086223595,0.7500000,4,4,0.49994810000000000,0.499948100000,1.0002076053883384,1.0002076053883384,1.0002076053883384,0E-17,ELIGIBLE,R03b_20260811_FULL_v1,L1_ELIGIBILITY,v2026-08-11,2026-03-21..2026-08-06,baccarat_bet02_101_all_pairs_incl_sentinel,round_win = game_pnl > 0 (decisive only),COMPATIBILITY_ONLY_NOT_PRODUCTION,303.6411,282.7003,-60.9900,55,55,0.20086207,,0.20086207,0.20086207,60.9900,303.6411,OK,0.0000,-1.8297,3.0000,97.0000,AG03-UNRESOLVED,ALL5_LEVELS_bet23_to_bet27,-1.8297,-1.8297,-1.8297,-2.4396,-2.4396,3.000000,3.000000,3.000000,4.000000,4.000000,97.000000,97.000000,97.000000,96.000000,96.000000,5.0,-10.3683,-9.6901,-50.6217,-51.2999,PENDING_AG03,FALSE,NOT_FOR_ENFORCEMENT,-59.1603,274.2193,-60.9900,-59.1603,-1.8297,-0.20086207,-0.19483621,-1.8297,-59.1603,-0.19483621,-1.8297,-1.8297,-1.8297,-2.4396,-2.4396,-59.1603,-0.19483621,-10.3683,-9.6901,-50.6217,-51.2999,-0.16671552,-0.16894899,-0.00602586,5.5207,5.1400,-1.1089,-60.9900,-2.2589,303.6411,55.0000,,5.5207,5.2352,5.2352,5.2352,5.2352,5.2352,20.1555,5.2352,4.9734,1.0,3.850002,1.054545,24,19,1,2,0E-8,-0.20086207,,0E-8,0.000000,0.931034,0.000000,,2026-04-07,2026-04-07,1,27,24,1,1.000000,,,0.000000,,,,,,,,GLOBAL_BASELINE_NO_ENTITY_RANKING,,,NOT_APPLICABLE_GLOBAL_BASELINE,HF9g-P5,,,,X 全窗基线 · 不参与实体赏罚,3926656,393,A168_HF9F_20260827_0900,2026-08-27 09:00:00
2026-04-07,148343244,2141,0,10.4703819072,-5.2351909536,-5.2351909536,0E-7,2,2,0.49324550000000000,0.493245500000,-0.9865810262130424,-0.9865810262130424,-0.9865810262130424,0E-17,ELIGIBLE,R03b_20260811_FULL_v1,L1_ELIGIBILITY,v2026-08-11,2026-03-21..2026-08-06,baccarat_bet02_101_all_pairs_incl_sentinel,round_win = game_pnl > 0 (decisive only),COMPATIBILITY_ONLY_NOT_PRODUCTION,303.6411,282.7003,-60.9900,55,55,0.20086207,,0.20086207,0.20086207,60.9900,303.6411,OK,0.0000,-1.8297,3.0000,97.0000,AG03-UNRESOLVED,ALL5_LEVELS_bet23_to_bet27,-1.8297,-1.8297,-1.8297,-2.4396,-2.4396,3.000000,3.000000,3.000000,4.000000,4.000000,97.000000,97.000000,97.000000,96.000000,96.000000,5.0,-10.3683,-9.6901,-50.6217,-51.2999,PENDING_AG03,FALSE,NOT_FOR_ENFORCEMENT,-59.1603,274.2193,-60.9900,-59.1603,-1.8297,-0.20086207,-0.19483621,-1.8297,-59.1603,-0.19483621,-1.8297,-1.8297,-1.8297,-2.4396,-2.4396,-59.1603,-0.19483621,-10.3683,-9.6901,-50.6217,-51.2999,-0.16671552,-0.16894899,-0.00602586,5.5207,5.1400,-1.1089,-60.9900,-2.2589,303.6411,55.0000,,5.5207,5.2352,5.2352,5.2352,5.2352,5.2352,20.1555,5.2352,4.9734,1.0,3.850002,1.054545,24,19,1,2,0E-8,-0.20086207,,0E-8,0.000000,0.931034,0.000000,,2026-04-07,2026-04-07,1,27,24,1,1.000000,,,0.000000,,,,,,,,GLOBAL_BASELINE_NO_ENTITY_RANKING,,,NOT_APPLICABLE_GLOBAL_BASELINE,HF9g-P5,,,,X 全窗基线 · 不参与实体赏罚,3926657,393,A168_HF9F_20260827_0900,2026-08-27 09:00:00
2026-04-07,148343244,2153,0,5.2351909536,5.2351909536,5.2351909536,1.0000000,1,1,0.49324550000000000,0.493245500000,1.01360149184955,1.01360149184955,1.01360149184955,0E-17,ELIGIBLE,R03b_20260811_FULL_v1,L1_ELIGIBILITY,v2026-08-11,2026-03-21..2026-08-06,baccarat_bet02_101_all_pairs_incl_sentinel,round_win = game_pnl > 0 (decisive only),COMPATIBILITY_ONLY_NOT_PRODUCTION,303.6411,282.7003,-60.9900,55,55,0.20086207,,0.20086207,0.20086207,60.9900,303.6411,OK,0.0000,-1.8297,3.0000,97.0000,AG03-UNRESOLVED,ALL5_LEVELS_bet23_to_bet27,-1.8297,-1.8297,-1.8297,-2.4396,-2.4396,3.000000,3.000000,3.000000,4.000000,4.000000,97.000000,97.000000,97.000000,96.000000,96.000000,5.0,-10.3683,-9.6901,-50.6217,-51.2999,PENDING_AG03,FALSE,NOT_FOR_ENFORCEMENT,-59.1603,274.2193,-60.9900,-59.1603,-1.8297,-0.20086207,-0.19483621,-1.8297,-59.1603,-0.19483621,-1.8297,-1.8297,-1.8297,-2.4396,-2.4396,-59.1603,-0.19483621,-10.3683,-9.6901,-50.6217,-51.2999,-0.16671552,-0.16894899,-0.00602586,5.5207,5.1400,-1.1089,-60.9900,-2.2589,303.6411,55.0000,,5.5207,5.2352,5.2352,5.2352,5.2352,5.2352,20.1555,5.2352,4.9734,1.0,3.850002,1.054545,24,19,1,2,0E-8,-0.20086207,,0E-8,0.000000,0.931034,0.000000,,2026-04-07,2026-04-07,1,27,24,1,1.000000,,,0.000000,,,,,,,,GLOBAL_BASELINE_NO_ENTITY_RANKING,,,NOT_APPLICABLE_GLOBAL_BASELINE,HF9g-P5,,,,X 全窗基线 · 不参与实体赏罚,3926658,393,A168_HF9F_20260827_0900,2026-08-27 09:00:00
2026-04-07,148343244,2155,0,10.4703819072,10.4703819072,10.4703819072,1.0000000,2,2,0.49324550000000000,0.493245500000,1.4334489766152358,1.4334489766152358,1.4334489766152358,0E-17,ELIGIBLE,R03b_20260811_FULL_v1,L1_ELIGIBILITY,v2026-08-11,2026-03-21..2026-08-06,baccarat_bet02_101_all_pairs_incl_sentinel,round_win = game_pnl > 0 (decisive only),COMPATIBILITY_ONLY_NOT_PRODUCTION,303.6411,282.7003,-60.9900,55,55,0.20086207,,0.20086207,0.20086207,60.9900,303.6411,OK,0.0000,-1.8297,3.0000,97.0000,AG03-UNRESOLVED,ALL5_LEVELS_bet23_to_bet27,-1.8297,-1.8297,-1.8297,-2.4396,-2.4396,3.000000,3.000000,3.000000,4.000000,4.000000,97.000000,97.000000,97.000000,96.000000,96.000000,5.0,-10.3683,-9.6901,-50.6217,-51.2999,PENDING_AG03,FALSE,NOT_FOR_ENFORCEMENT,-59.1603,274.2193,-60.9900,-59.1603,-1.8297,-0.20086207,-0.19483621,-1.8297,-59.1603,-0.19483621,-1.8297,-1.8297,-1.8297,-2.4396,-2.4396,-59.1603,-0.19483621,-10.3683,-9.6901,-50.6217,-51.2999,-0.16671552,-0.16894899,-0.00602586,5.5207,5.1400,-1.1089,-60.9900,-2.2589,303.6411,55.0000,,5.5207,5.2352,5.2352,5.2352,5.2352,5.2352,20.1555,5.2352,4.9734,1.0,3.850002,1.054545,24,19,1,2,0E-8,-0.20086207,,0E-8,0.000000,0.931034,0.000000,,2026-04-07,2026-04-07,1,27,24,1,1.000000,,,0.000000,,,,,,,,GLOBAL_BASELINE_NO_ENTITY_RANKING,,,NOT_APPLICABLE_GLOBAL_BASELINE,HF9g-P5,,,,X 全窗基线 · 不参与实体赏罚,3926659,393,A168_HF9F_20260827_0900,2026-08-27 09:00:00
2026-04-07,148343244,2160,0,5.2351909536,5.2351909536,5.2351909536,1.0000000,1,1,0.49324550000000000,0.493245500000,1.01360149184955,1.01360149184955,1.01360149184955,0E-17,ELIGIBLE,R03b_20260811_FULL_v1,L1_ELIGIBILITY,v2026-08-11,2026-03-21..2026-08-06,baccarat_bet02_101_all_pairs_incl_sentinel,round_win = game_pnl > 0 (decisive only),COMPATIBILITY_ONLY_NOT_PRODUCTION,303.6411,282.7003,-60.9900,55,55,0.20086207,,0.20086207,0.20086207,60.9900,303.6411,OK,0.0000,-1.8297,3.0000,97.0000,AG03-UNRESOLVED,ALL5_LEVELS_bet23_to_bet27,-1.8297,-1.8297,-1.8297,-2.4396,-2.4396,3.000000,3.000000,3.000000,4.000000,4.000000,97.000000,97.000000,97.000000,96.000000,96.000000,5.0,-10.3683,-9.6901,-50.6217,-51.2999,PENDING_AG03,FALSE,NOT_FOR_ENFORCEMENT,-59.1603,274.2193,-60.9900,-59.1603,-1.8297,-0.20086207,-0.19483621,-1.8297,-59.1603,-0.19483621,-1.8297,-1.8297,-1.8297,-2.4396,-2.4396,-59.1603,-0.19483621,-10.3683,-9.6901,-50.6217,-51.2999,-0.16671552,-0.16894899,-0.00602586,5.5207,5.1400,-1.1089,-60.9900,-2.2589,303.6411,55.0000,,5.5207,5.2352,5.2352,5.2352,5.2352,5.2352,20.1555,5.2352,4.9734,1.0,3.850002,1.054545,24,19,1,2,0E-8,-0.20086207,,0E-8,0.000000,0.931034,0.000000,,2026-04-07,2026-04-07,1,27,24,1,1.000000,,,0.000000,,,,,,,,GLOBAL_BASELINE_NO_ENTITY_RANKING,,,NOT_APPLICABLE_GLOBAL_BASELINE,HF9g-P5,,,,X 全窗基线 · 不参与实体赏罚,3926660,393,A168_HF9F_20260827_0900,2026-08-27 09:00:00
2026-04-07,148343244,2188,0,15.7055728608,-15.7055728608,-15.7055728608,0E-7,3,3,0.49771390000000000,0.497713900000,-1.724149546644903,-1.724149546644903,-1.724149546644903,0E-17,ELIGIBLE,R03b_20260811_FULL_v1,L1_ELIGIBILITY,v2026-08-11,2026-03-21..2026-08-06,baccarat_bet02_101_all_pairs_incl_sentinel,round_win = game_pnl > 0 (decisive only),COMPATIBILITY_ONLY_NOT_PRODUCTION,303.6411,282.7003,-60.9900,55,55,0.20086207,,0.20086207,0.20086207,60.9900,303.6411,OK,0.0000,-1.8297,3.0000,97.0000,AG03-UNRESOLVED,ALL5_LEVELS_bet23_to_bet27,-1.8297,-1.8297,-1.8297,-2.4396,-2.4396,3.000000,3.000000,3.000000,4.000000,4.000000,97.000000,97.000000,97.000000,96.000000,96.000000,5.0,-10.3683,-9.6901,-50.6217,-51.2999,PENDING_AG03,FALSE,NOT_FOR_ENFORCEMENT,-59.1603,274.2193,-60.9900,-59.1603,-1.8297,-0.20086207,-0.19483621,-1.8297,-59.1603,-0.19483621,-1.8297,-1.8297,-1.8297,-2.4396,-2.4396,-59.1603,-0.19483621,-10.3683,-9.6901,-50.6217,-51.2999,-0.16671552,-0.16894899,-0.00602586,5.5207,5.1400,-1.1089,-60.9900,-2.2589,303.6411,55.0000,,5.5207,5.2352,5.2352,5.2352,5.2352,5.2352,20.1555,5.2352,4.9734,1.0,3.850002,1.054545,24,19,1,2,0E-8,-0.20086207,,0E-8,0.000000,0.931034,0.000000,,2026-04-07,2026-04-07,1,27,24,1,1.000000,,,0.000000,,,,,,,,GLOBAL_BASELINE_NO_ENTITY_RANKING,,,NOT_APPLICABLE_GLOBAL_BASELINE,HF9g-P5,,,,X 全窗基线 · 不参与实体赏罚,3926661,393,A168_HF9F_20260827_0900,2026-08-27 09:00:00
2026-04-07,148343244,2229,0,5.2351909536,0E-10,0E-10,,1,1,0.49324550000000000,0.493245500000,,,,0E-17,NO_DECISIVE_ROUND,R03b_20260811_FULL_v1,L1_ELIGIBILITY,v2026-08-11,2026-03-21..2026-08-06,baccarat_bet02_101_all_pairs_incl_sentinel,round_win = game_pnl > 0 (decisive only),COMPATIBILITY_ONLY_NOT_PRODUCTION,303.6411,282.7003,-60.9900,55,55,0.20086207,,0.20086207,0.20086207,60.9900,303.6411,OK,0.0000,-1.8297,3.0000,97.0000,AG03-UNRESOLVED,ALL5_LEVELS_bet23_to_bet27,-1.8297,-1.8297,-1.8297,-2.4396,-2.4396,3.000000,3.000000,3.000000,4.000000,4.000000,97.000000,97.000000,97.000000,96.000000,96.000000,5.0,-10.3683,-9.6901,-50.6217,-51.2999,PENDING_AG03,FALSE,NOT_FOR_ENFORCEMENT,-59.1603,274.2193,-60.9900,-59.1603,-1.8297,-0.20086207,-0.19483621,-1.8297,-59.1603,-0.19483621,-1.8297,-1.8297,-1.8297,-2.4396,-2.4396,-59.1603,-0.19483621,-10.3683,-9.6901,-50.6217,-51.2999,-0.16671552,-0.16894899,-0.00602586,5.5207,5.1400,-1.1089,-60.9900,-2.2589,303.6411,55.0000,,5.5207,5.2352,5.2352,5.2352,5.2352,5.2352,20.1555,5.2352,4.9734,1.0,3.850002,1.054545,24,19,1,2,0E-8,-0.20086207,,0E-8,0.000000,0.931034,0.000000,,2026-04-07,2026-04-07,1,27,24,1,1.000000,,,0.000000,,,,,,,,GLOBAL_BASELINE_NO_ENTITY_RANKING,,,NOT_APPLICABLE_GLOBAL_BASELINE,HF9g-P5,,,,X 全窗基线 · 不参与实体赏罚,3926662,393,A168_HF9F_20260827_0900,2026-08-27 09:00:00
2026-04-07,148343244,2242,0,10.4703819072,10.2086223595,10.2086223595,1.0000000,2,2,0.49994810000000000,0.499948100000,1.4143603653603398,1.4143603653603398,1.4143603653603398,0E-17,ELIGIBLE,R03b_20260811_FULL_v1,L1_ELIGIBILITY,v2026-08-11,2026-03-21..2026-08-06,baccarat_bet02_101_all_pairs_incl_sentinel,round_win = game_pnl > 0 (decisive only),COMPATIBILITY_ONLY_NOT_PRODUCTION,303.6411,282.7003,-60.9900,55,55,0.20086207,,0.20086207,0.20086207,60.9900,303.6411,OK,0.0000,-1.8297,3.0000,97.0000,AG03-UNRESOLVED,ALL5_LEVELS_bet23_to_bet27,-1.8297,-1.8297,-1.8297,-2.4396,-2.4396,3.000000,3.000000,3.000000,4.000000,4.000000,97.000000,97.000000,97.000000,96.000000,96.000000,5.0,-10.3683,-9.6901,-50.6217,-51.2999,PENDING_AG03,FALSE,NOT_FOR_ENFORCEMENT,-59.1603,274.2193,-60.9900,-59.1603,-1.8297,-0.20086207,-0.19483621,-1.8297,-59.1603,-0.19483621,-1.8297,-1.8297,-1.8297,-2.4396,-2.4396,-59.1603,-0.19483621,-10.3683,-9.6901,-50.6217,-51.2999,-0.16671552,-0.16894899,-0.00602586,5.5207,5.1400,-1.1089,-60.9900,-2.2589,303.6411,55.0000,,5.5207,5.2352,5.2352,5.2352,5.2352,5.2352,20.1555,5.2352,4.9734,1.0,3.850002,1.054545,24,19,1,2,0E-8,-0.20086207,,0E-8,0.000000,0.931034,0.000000,,2026-04-07,2026-04-07,1,27,24,1,1.000000,,,0.000000,,,,,,,,GLOBAL_BASELINE_NO_ENTITY_RANKING,,,NOT_APPLICABLE_GLOBAL_BASELINE,HF9g-P5,,,,X 全窗基线 · 不参与实体赏罚,3926663,393,A168_HF9F_20260827_0900,2026-08-27 09:00:00
2026-04-07,148343244,2244,0,5.2351909536,0E-10,0E-10,,1,1,0.49324550000000000,0.493245500000,,,,0E-17,NO_DECISIVE_ROUND,R03b_20260811_FULL_v1,L1_ELIGIBILITY,v2026-08-11,2026-03-21..2026-08-06,baccarat_bet02_101_all_pairs_incl_sentinel,round_win = game_pnl > 0 (decisive only),COMPATIBILITY_ONLY_NOT_PRODUCTION,303.6411,282.7003,-60.9900,55,55,0.20086207,,0.20086207,0.20086207,60.9900,303.6411,OK,0.0000,-1.8297,3.0000,97.0000,AG03-UNRESOLVED,ALL5_LEVELS_bet23_to_bet27,-1.8297,-1.8297,-1.8297,-2.4396,-2.4396,3.000000,3.000000,3.000000,4.000000,4.000000,97.000000,97.000000,97.000000,96.000000,96.000000,5.0,-10.3683,-9.6901,-50.6217,-51.2999,PENDING_AG03,FALSE,NOT_FOR_ENFORCEMENT,-59.1603,274.2193,-60.9900,-59.1603,-1.8297,-0.20086207,-0.19483621,-1.8297,-59.1603,-0.19483621,-1.8297,-1.8297,-1.8297,-2.4396,-2.4396,-59.1603,-0.19483621,-10.3683,-9.6901,-50.6217,-51.2999,-0.16671552,-0.16894899,-0.00602586,5.5207,5.1400,-1.1089,-60.9900,-2.2589,303.6411,55.0000,,5.5207,5.2352,5.2352,5.2352,5.2352,5.2352,20.1555,5.2352,4.9734,1.0,3.850002,1.054545,24,19,1,2,0E-8,-0.20086207,,0E-8,0.000000,0.931034,0.000000,,2026-04-07,2026-04-07,1,27,24,1,1.000000,,,0.000000,,,,,,,,GLOBAL_BASELINE_NO_ENTITY_RANKING,,,NOT_APPLICABLE_GLOBAL_BASELINE,HF9g-P5,,,,X 全窗基线 · 不参与实体赏罚,3926664,393,A168_HF9F_20260827_0900,2026-08-27 09:00:00
2026-04-07,148343244,2248,0,10.4703819072,-10.4703819072,-10.4703819072,0E-7,2,2,0.49994810000000000,0.499948100000,-1.4140667746232096,-1.4140667746232096,-1.4140667746232096,0E-17,ELIGIBLE,R03b_20260811_FULL_v1,L1_ELIGIBILITY,v2026-08-11,2026-03-21..2026-08-06,baccarat_bet02_101_all_pairs_incl_sentinel,round_win = game_pnl > 0 (decisive only),COMPATIBILITY_ONLY_NOT_PRODUCTION,303.6411,282.7003,-60.9900,55,55,0.20086207,,0.20086207,0.20086207,60.9900,303.6411,OK,0.0000,-1.8297,3.0000,97.0000,AG03-UNRESOLVED,ALL5_LEVELS_bet23_to_bet27,-1.8297,-1.8297,-1.8297,-2.4396,-2.4396,3.000000,3.000000,3.000000,4.000000,4.000000,97.000000,97.000000,97.000000,96.000000,96.000000,5.0,-10.3683,-9.6901,-50.6217,-51.2999,PENDING_AG03,FALSE,NOT_FOR_ENFORCEMENT,-59.1603,274.2193,-60.9900,-59.1603,-1.8297,-0.20086207,-0.19483621,-1.8297,-59.1603,-0.19483621,-1.8297,-1.8297,-1.8297,-2.4396,-2.4396,-59.1603,-0.19483621,-10.3683,-9.6901,-50.6217,-51.2999,-0.16671552,-0.16894899,-0.00602586,5.5207,5.1400,-1.1089,-60.9900,-2.2589,303.6411,55.0000,,5.5207,5.2352,5.2352,5.2352,5.2352,5.2352,20.1555,5.2352,4.9734,1.0,3.850002,1.054545,24,19,1,2,0E-8,-0.20086207,,0E-8,0.000000,0.931034,0.000000,,2026-04-07,2026-04-07,1,27,24,1,1.000000,,,0.000000,,,,,,,,GLOBAL_BASELINE_NO_ENTITY_RANKING,,,NOT_APPLICABLE_GLOBAL_BASELINE,HF9g-P5,,,,X 全窗基线 · 不参与实体赏罚,3926665,393,A168_HF9F_20260827_0900,2026-08-27 09:00:00
2026-04-07,148343244,2256,0,20.9407638144,20.9407638144,20.9407638144,1.0000000,1,1,0.49324550000000000,0.493245500000,1.01360149184955,1.01360149184955,1.01360149184955,0E-17,ELIGIBLE,R03b_20260811_FULL_v1,L1_ELIGIBILITY,v2026-08-11,2026-03-21..2026-08-06,baccarat_bet02_101_all_pairs_incl_sentinel,round_win = game_pnl > 0 (decisive only),COMPATIBILITY_ONLY_NOT_PRODUCTION,303.6411,282.7003,-60.9900,55,55,0.20086207,,0.20086207,0.20086207,60.9900,303.6411,OK,0.0000,-1.8297,3.0000,97.0000,AG03-UNRESOLVED,ALL5_LEVELS_bet23_to_bet27,-1.8297,-1.8297,-1.8297,-2.4396,-2.4396,3.000000,3.000000,3.000000,4.000000,4.000000,97.000000,97.000000,97.000000,96.000000,96.000000,5.0,-10.3683,-9.6901,-50.6217,-51.2999,PENDING_AG03,FALSE,NOT_FOR_ENFORCEMENT,-59.1603,274.2193,-60.9900,-59.1603,-1.8297,-0.20086207,-0.19483621,-1.8297,-59.1603,-0.19483621,-1.8297,-1.8297,-1.8297,-2.4396,-2.4396,-59.1603,-0.19483621,-10.3683,-9.6901,-50.6217,-51.2999,-0.16671552,-0.16894899,-0.00602586,5.5207,5.1400,-1.1089,-60.9900,-2.2589,303.6411,55.0000,,5.5207,5.2352,5.2352,5.2352,5.2352,5.2352,20.1555,5.2352,4.9734,1.0,3.850002,1.054545,24,19,1,2,0E-8,-0.20086207,,0E-8,0.000000,0.931034,0.000000,,2026-04-07,2026-04-07,1,27,24,1,1.000000,,,0.000000,,,,,,,,GLOBAL_BASELINE_NO_ENTITY_RANKING,,,NOT_APPLICABLE_GLOBAL_BASELINE,HF9g-P5,,,,X 全窗基线 · 不参与实体赏罚,3926666,393,A168_HF9F_20260827_0900,2026-08-27 09:00:00
2026-04-07,148343244,526,0,5.2351909536,5.2351909536,5.2351909536,1.0000000,1,1,0.49324550000000000,0.493245500000,1.01360149184955,1.01360149184955,1.01360149184955,0E-17,ELIGIBLE,R03b_20260811_FULL_v1,L1_ELIGIBILITY,v2026-08-11,2026-03-21..2026-08-06,baccarat_bet02_101_all_pairs_incl_sentinel,round_win = game_pnl > 0 (decisive only),COMPATIBILITY_ONLY_NOT_PRODUCTION,303.6411,282.7003,-60.9900,55,55,0.20086207,,0.20086207,0.20086207,60.9900,303.6411,OK,0.0000,-1.8297,3.0000,97.0000,AG03-UNRESOLVED,ALL5_LEVELS_bet23_to_bet27,-1.8297,-1.8297,-1.8297,-2.4396,-2.4396,3.000000,3.000000,3.000000,4.000000,4.000000,97.000000,97.000000,97.000000,96.000000,96.000000,5.0,-10.3683,-9.6901,-50.6217,-51.2999,PENDING_AG03,FALSE,NOT_FOR_ENFORCEMENT,-59.1603,274.2193,-60.9900,-59.1603,-1.8297,-0.20086207,-0.19483621,-1.8297,-59.1603,-0.19483621,-1.8297,-1.8297,-1.8297,-2.4396,-2.4396,-59.1603,-0.19483621,-10.3683,-9.6901,-50.6217,-51.2999,-0.16671552,-0.16894899,-0.00602586,5.5207,5.1400,-1.1089,-60.9900,-2.2589,303.6411,55.0000,,5.5207,5.2352,5.2352,5.2352,5.2352,5.2352,20.1555,5.2352,4.9734,1.0,3.850002,1.054545,24,19,1,2,0E-8,-0.20086207,,0E-8,0.000000,0.931034,0.000000,,2026-04-07,2026-04-07,1,27,24,1,1.000000,,,0.000000,,,,,,,,GLOBAL_BASELINE_NO_ENTITY_RANKING,,,NOT_APPLICABLE_GLOBAL_BASELINE,HF9g-P5,,,,X 全窗基线 · 不参与实体赏罚,3926667,393,A168_HF9F_20260827_0900,2026-08-27 09:00:00
2026-04-07,148343244,763,0,15.7055728608,5.2351909536,5.2351909536,0.6666667,3,3,0.49771390000000000,0.497713900000,0.5852756695216578,0.5852756695216578,0.5852756695216578,0E-17,ELIGIBLE,R03b_20260811_FULL_v1,L1_ELIGIBILITY,v2026-08-11,2026-03-21..2026-08-06,baccarat_bet02_101_all_pairs_incl_sentinel,round_win = game_pnl > 0 (decisive only),COMPATIBILITY_ONLY_NOT_PRODUCTION,303.6411,282.7003,-60.9900,55,55,0.20086207,,0.20086207,0.20086207,60.9900,303.6411,OK,0.0000,-1.8297,3.0000,97.0000,AG03-UNRESOLVED,ALL5_LEVELS_bet23_to_bet27,-1.8297,-1.8297,-1.8297,-2.4396,-2.4396,3.000000,3.000000,3.000000,4.000000,4.000000,97.000000,97.000000,97.000000,96.000000,96.000000,5.0,-10.3683,-9.6901,-50.6217,-51.2999,PENDING_AG03,FALSE,NOT_FOR_ENFORCEMENT,-59.1603,274.2193,-60.9900,-59.1603,-1.8297,-0.20086207,-0.19483621,-1.8297,-59.1603,-0.19483621,-1.8297,-1.8297,-1.8297,-2.4396,-2.4396,-59.1603,-0.19483621,-10.3683,-9.6901,-50.6217,-51.2999,-0.16671552,-0.16894899,-0.00602586,5.5207,5.1400,-1.1089,-60.9900,-2.2589,303.6411,55.0000,,5.5207,5.2352,5.2352,5.2352,5.2352,5.2352,20.1555,5.2352,4.9734,1.0,3.850002,1.054545,24,19,1,2,0E-8,-0.20086207,,0E-8,0.000000,0.931034,0.000000,,2026-04-07,2026-04-07,1,27,24,1,1.000000,,,0.000000,,,,,,,,GLOBAL_BASELINE_NO_ENTITY_RANKING,,,NOT_APPLICABLE_GLOBAL_BASELINE,HF9g-P5,,,,X 全窗基线 · 不参与实体赏罚,3926668,393,A168_HF9F_20260827_0900,2026-08-27 09:00:00
2026-04-01,148085311,-1,1,140.3031175563,35.5992984843,35.5992984843,0.3333333,3,3,0.50218230000000000,0.502182300000,-0.5849155494134425,-0.5849155494134426,-0.5849155494134425,0E-17,SENTINEL_DEALER,R03b_20260811_FULL_v1,L1_ELIGIBILITY,v2026-08-11,2026-03-21..2026-08-06,baccarat_bet02_101_all_pairs_incl_sentinel,round_win = game_pnl > 0 (decisive only),COMPATIBILITY_ONLY_NOT_PRODUCTION,481.1140,481.1140,-60.9900,12,12,0.12676823,,0.12676823,0.12676823,60.9900,481.1140,THIN_EXPOSURE,0.0000,-1.8297,3.0000,97.0000,AG03-UNRESOLVED,ALL5_LEVELS_bet23_to_bet27,-1.8297,-1.8297,-1.8297,-2.4396,-2.4396,3.000000,3.000000,3.000000,4.000000,4.000000,97.000000,97.000000,97.000000,96.000000,96.000000,5.0,-10.3683,-9.6901,-50.6217,-51.2999,PENDING_AG03,FALSE,NOT_FOR_ENFORCEMENT,-59.1603,466.6806,-60.9900,-59.1603,-1.8297,-0.12676823,-0.12296518,-1.8297,-59.1603,-0.12296518,-1.8297,-1.8297,-1.8297,-2.4396,-2.4396,-59.1603,-0.12296518,-10.3683,-9.6901,-50.6217,-51.2999,-0.10521763,-0.10662722,-0.00380305,40.0928,40.0928,-5.0825,-60.9900,-6.0990,481.1140,12.0000,,40.0928,26.176,26.176,52.3519,75.4914,86.1712,87.9512,26.176,-0.6544,3.292,3.36,1.531667,10,8,1,2,0E-8,-0.12676823,,0E-8,0.000000,1.000000,0.000000,,2026-04-01,2026-04-01,1,10,10,1,1.000000,,,0.000000,,,,,,,,GLOBAL_BASELINE_NO_ENTITY_RANKING,,,NOT_APPLICABLE_GLOBAL_BASELINE,HF9g-P5,,,,X 全窗基线 · 不参与实体赏罚,3926669,393,A168_HF9F_20260827_0900,2026-08-27 09:00:00
2026-04-01,148085311,2134,0,26.1759547680,26.1759547680,26.1759547680,1.0000000,1,1,0.49324550000000000,0.493245500000,1.01360149184955,1.01360149184955,1.01360149184955,0E-17,ELIGIBLE,R03b_20260811_FULL_v1,L1_ELIGIBILITY,v2026-08-11,2026-03-21..2026-08-06,baccarat_bet02_101_all_pairs_incl_sentinel,round_win = game_pnl > 0 (decisive only),COMPATIBILITY_ONLY_NOT_PRODUCTION,481.1140,481.1140,-60.9900,12,12,0.12676823,,0.12676823,0.12676823,60.9900,481.1140,THIN_EXPOSURE,0.0000,-1.8297,3.0000,97.0000,AG03-UNRESOLVED,ALL5_LEVELS_bet23_to_bet27,-1.8297,-1.8297,-1.8297,-2.4396,-2.4396,3.000000,3.000000,3.000000,4.000000,4.000000,97.000000,97.000000,97.000000,96.000000,96.000000,5.0,-10.3683,-9.6901,-50.6217,-51.2999,PENDING_AG03,FALSE,NOT_FOR_ENFORCEMENT,-59.1603,466.6806,-60.9900,-59.1603,-1.8297,-0.12676823,-0.12296518,-1.8297,-59.1603,-0.12296518,-1.8297,-1.8297,-1.8297,-2.4396,-2.4396,-59.1603,-0.12296518,-10.3683,-9.6901,-50.6217,-51.2999,-0.10521763,-0.10662722,-0.00380305,40.0928,40.0928,-5.0825,-60.9900,-6.0990,481.1140,12.0000,,40.0928,26.176,26.176,52.3519,75.4914,86.1712,87.9512,26.176,-0.6544,3.292,3.36,1.531667,10,8,1,2,0E-8,-0.12676823,,0E-8,0.000000,1.000000,0.000000,,2026-04-01,2026-04-01,1,10,10,1,1.000000,,,0.000000,,,,,,,,GLOBAL_BASELINE_NO_ENTITY_RANKING,,,NOT_APPLICABLE_GLOBAL_BASELINE,HF9g-P5,,,,X 全窗基线 · 不参与实体赏罚,3926670,393,A168_HF9F_20260827_0900,2026-08-27 09:00:00
2026-04-01,148085311,2155,0,26.1759547680,24.8671570296,24.8671570296,1.0000000,1,1,0.50665070000000000,0.506650700000,0.9867858985152569,0.9867858985152569,0.9867858985152569,0E-17,ELIGIBLE,R03b_20260811_FULL_v1,L1_ELIGIBILITY,v2026-08-11,2026-03-21..2026-08-06,baccarat_bet02_101_all_pairs_incl_sentinel,round_win = game_pnl > 0 (decisive only),COMPATIBILITY_ONLY_NOT_PRODUCTION,481.1140,481.1140,-60.9900,12,12,0.12676823,,0.12676823,0.12676823,60.9900,481.1140,THIN_EXPOSURE,0.0000,-1.8297,3.0000,97.0000,AG03-UNRESOLVED,ALL5_LEVELS_bet23_to_bet27,-1.8297,-1.8297,-1.8297,-2.4396,-2.4396,3.000000,3.000000,3.000000,4.000000,4.000000,97.000000,97.000000,97.000000,96.000000,96.000000,5.0,-10.3683,-9.6901,-50.6217,-51.2999,PENDING_AG03,FALSE,NOT_FOR_ENFORCEMENT,-59.1603,466.6806,-60.9900,-59.1603,-1.8297,-0.12676823,-0.12296518,-1.8297,-59.1603,-0.12296518,-1.8297,-1.8297,-1.8297,-2.4396,-2.4396,-59.1603,-0.12296518,-10.3683,-9.6901,-50.6217,-51.2999,-0.10521763,-0.10662722,-0.00380305,40.0928,40.0928,-5.0825,-60.9900,-6.0990,481.1140,12.0000,,40.0928,26.176,26.176,52.3519,75.4914,86.1712,87.9512,26.176,-0.6544,3.292,3.36,1.531667,10,8,1,2,0E-8,-0.12676823,,0E-8,0.000000,1.000000,0.000000,,2026-04-01,2026-04-01,1,10,10,1,1.000000,,,0.000000,,,,,,,,GLOBAL_BASELINE_NO_ENTITY_RANKING,,,NOT_APPLICABLE_GLOBAL_BASELINE,HF9g-P5,,,,X 全窗基线 · 不参与实体赏罚,3926671,393,A168_HF9F_20260827_0900,2026-08-27 09:00:00
2026-04-01,148085311,2169,0,26.1759547680,26.1759547680,26.1759547680,1.0000000,1,1,0.49324550000000000,0.493245500000,1.01360149184955,1.01360149184955,1.01360149184955,0E-17,ELIGIBLE,R03b_20260811_FULL_v1,L1_ELIGIBILITY,v2026-08-11,2026-03-21..2026-08-06,baccarat_bet02_101_all_pairs_incl_sentinel,round_win = game_pnl > 0 (decisive only),COMPATIBILITY_ONLY_NOT_PRODUCTION,481.1140,481.1140,-60.9900,12,12,0.12676823,,0.12676823,0.12676823,60.9900,481.1140,THIN_EXPOSURE,0.0000,-1.8297,3.0000,97.0000,AG03-UNRESOLVED,ALL5_LEVELS_bet23_to_bet27,-1.8297,-1.8297,-1.8297,-2.4396,-2.4396,3.000000,3.000000,3.000000,4.000000,4.000000,97.000000,97.000000,97.000000,96.000000,96.000000,5.0,-10.3683,-9.6901,-50.6217,-51.2999,PENDING_AG03,FALSE,NOT_FOR_ENFORCEMENT,-59.1603,466.6806,-60.9900,-59.1603,-1.8297,-0.12676823,-0.12296518,-1.8297,-59.1603,-0.12296518,-1.8297,-1.8297,-1.8297,-2.4396,-2.4396,-59.1603,-0.12296518,-10.3683,-9.6901,-50.6217,-51.2999,-0.10521763,-0.10662722,-0.00380305,40.0928,40.0928,-5.0825,-60.9900,-6.0990,481.1140,12.0000,,40.0928,26.176,26.176,52.3519,75.4914,86.1712,87.9512,26.176,-0.6544,3.292,3.36,1.531667,10,8,1,2,0E-8,-0.12676823,,0E-8,0.000000,1.000000,0.000000,,2026-04-01,2026-04-01,1,10,10,1,1.000000,,,0.000000,,,,,,,,GLOBAL_BASELINE_NO_ENTITY_RANKING,,,NOT_APPLICABLE_GLOBAL_BASELINE,HF9g-P5,,,,X 全窗基线 · 不参与实体赏罚,3926672,393,A168_HF9F_20260827_0900,2026-08-27 09:00:00
2026-04-01,148085311,2174,0,61.2517341571,8.8998246211,8.8998246211,0.5000000,2,2,0.49994810000000000,0.499948100000,0.00014679536856514622,0.00014679536856514622,0.00014679536856514622,0E-17,ELIGIBLE,R03b_20260811_FULL_v1,L1_ELIGIBILITY,v2026-08-11,2026-03-21..2026-08-06,baccarat_bet02_101_all_pairs_incl_sentinel,round_win = game_pnl > 0 (decisive only),COMPATIBILITY_ONLY_NOT_PRODUCTION,481.1140,481.1140,-60.9900,12,12,0.12676823,,0.12676823,0.12676823,60.9900,481.1140,THIN_EXPOSURE,0.0000,-1.8297,3.0000,97.0000,AG03-UNRESOLVED,ALL5_LEVELS_bet23_to_bet27,-1.8297,-1.8297,-1.8297,-2.4396,-2.4396,3.000000,3.000000,3.000000,4.000000,4.000000,97.000000,97.000000,97.000000,96.000000,96.000000,5.0,-10.3683,-9.6901,-50.6217,-51.2999,PENDING_AG03,FALSE,NOT_FOR_ENFORCEMENT,-59.1603,466.6806,-60.9900,-59.1603,-1.8297,-0.12676823,-0.12296518,-1.8297,-59.1603,-0.12296518,-1.8297,-1.8297,-1.8297,-2.4396,-2.4396,-59.1603,-0.12296518,-10.3683,-9.6901,-50.6217,-51.2999,-0.10521763,-0.10662722,-0.00380305,40.0928,40.0928,-5.0825,-60.9900,-6.0990,481.1140,12.0000,,40.0928,26.176,26.176,52.3519,75.4914,86.1712,87.9512,26.176,-0.6544,3.292,3.36,1.531667,10,8,1,2,0E-8,-0.12676823,,0E-8,0.000000,1.000000,0.000000,,2026-04-01,2026-04-01,1,10,10,1,1.000000,,,0.000000,,,,,,,,GLOBAL_BASELINE_NO_ENTITY_RANKING,,,NOT_APPLICABLE_GLOBAL_BASELINE,HF9g-P5,,,,X 全窗基线 · 不参与实体赏罚,3926673,393,A168_HF9F_20260827_0900,2026-08-27 09:00:00
2026-04-01,148085311,2244,0,26.1759547680,-26.1759547680,-26.1759547680,0E-7,1,1,0.50665070000000000,0.506650700000,-1.013391052207602,-1.013391052207602,-1.013391052207602,0E-17,ELIGIBLE,R03b_20260811_FULL_v1,L1_ELIGIBILITY,v2026-08-11,2026-03-21..2026-08-06,baccarat_bet02_101_all_pairs_incl_sentinel,round_win = game_pnl > 0 (decisive only),COMPATIBILITY_ONLY_NOT_PRODUCTION,481.1140,481.1140,-60.9900,12,12,0.12676823,,0.12676823,0.12676823,60.9900,481.1140,THIN_EXPOSURE,0.0000,-1.8297,3.0000,97.0000,AG03-UNRESOLVED,ALL5_LEVELS_bet23_to_bet27,-1.8297,-1.8297,-1.8297,-2.4396,-2.4396,3.000000,3.000000,3.000000,4.000000,4.000000,97.000000,97.000000,97.000000,96.000000,96.000000,5.0,-10.3683,-9.6901,-50.6217,-51.2999,PENDING_AG03,FALSE,NOT_FOR_ENFORCEMENT,-59.1603,466.6806,-60.9900,-59.1603,-1.8297,-0.12676823,-0.12296518,-1.8297,-59.1603,-0.12296518,-1.8297,-1.8297,-1.8297,-2.4396,-2.4396,-59.1603,-0.12296518,-10.3683,-9.6901,-50.6217,-51.2999,-0.10521763,-0.10662722,-0.00380305,40.0928,40.0928,-5.0825,-60.9900,-6.0990,481.1140,12.0000,,40.0928,26.176,26.176,52.3519,75.4914,86.1712,87.9512,26.176,-0.6544,3.292,3.36,1.531667,10,8,1,2,0E-8,-0.12676823,,0E-8,0.000000,1.000000,0.000000,,2026-04-01,2026-04-01,1,10,10,1,1.000000,,,0.000000,,,,,,,,GLOBAL_BASELINE_NO_ENTITY_RANKING,,,NOT_APPLICABLE_GLOBAL_BASELINE,HF9g-P5,,,,X 全窗基线 · 不参与实体赏罚,3926674,393,A168_HF9F_20260827_0900,2026-08-27 09:00:00
2026-04-01,148085311,2252,0,104.7038190718,-104.7038190718,-104.7038190718,0E-7,2,2,0.49994810000000000,0.499948100000,-1.4140667746232096,-1.4140667746232096,-1.4140667746232096,0E-17,ELIGIBLE,R03b_20260811_FULL_v1,L1_ELIGIBILITY,v2026-08-11,2026-03-21..2026-08-06,baccarat_bet02_101_all_pairs_incl_sentinel,round_win = game_pnl > 0 (decisive only),COMPATIBILITY_ONLY_NOT_PRODUCTION,481.1140,481.1140,-60.9900,12,12,0.12676823,,0.12676823,0.12676823,60.9900,481.1140,THIN_EXPOSURE,0.0000,-1.8297,3.0000,97.0000,AG03-UNRESOLVED,ALL5_LEVELS_bet23_to_bet27,-1.8297,-1.8297,-1.8297,-2.4396,-2.4396,3.000000,3.000000,3.000000,4.000000,4.000000,97.000000,97.000000,97.000000,96.000000,96.000000,5.0,-10.3683,-9.6901,-50.6217,-51.2999,PENDING_AG03,FALSE,NOT_FOR_ENFORCEMENT,-59.1603,466.6806,-60.9900,-59.1603,-1.8297,-0.12676823,-0.12296518,-1.8297,-59.1603,-0.12296518,-1.8297,-1.8297,-1.8297,-2.4396,-2.4396,-59.1603,-0.12296518,-10.3683,-9.6901,-50.6217,-51.2999,-0.10521763,-0.10662722,-0.00380305,40.0928,40.0928,-5.0825,-60.9900,-6.0990,481.1140,12.0000,,40.0928,26.176,26.176,52.3519,75.4914,86.1712,87.9512,26.176,-0.6544,3.292,3.36,1.531667,10,8,1,2,0E-8,-0.12676823,,0E-8,0.000000,1.000000,0.000000,,2026-04-01,2026-04-01,1,10,10,1,1.000000,,,0.000000,,,,,,,,GLOBAL_BASELINE_NO_ENTITY_RANKING,,,NOT_APPLICABLE_GLOBAL_BASELINE,HF9g-P5,,,,X 全窗基线 · 不参与实体赏罚,3926675,393,A168_HF9F_20260827_0900,2026-08-27 09:00:00
2026-04-01,148085311,2256,0,70.1515587781,70.1515587781,70.1515587781,1.0000000,1,1,0.49324550000000000,0.493245500000,1.01360149184955,1.01360149184955,1.01360149184955,0E-17,ELIGIBLE,R03b_20260811_FULL_v1,L1_ELIGIBILITY,v2026-08-11,2026-03-21..2026-08-06,baccarat_bet02_101_all_pairs_incl_sentinel,round_win = game_pnl > 0 (decisive only),COMPATIBILITY_ONLY_NOT_PRODUCTION,481.1140,481.1140,-60.9900,12,12,0.12676823,,0.12676823,0.12676823,60.9900,481.1140,THIN_EXPOSURE,0.0000,-1.8297,3.0000,97.0000,AG03-UNRESOLVED,ALL5_LEVELS_bet23_to_bet27,-1.8297,-1.8297,-1.8297,-2.4396,-2.4396,3.000000,3.000000,3.000000,4.000000,4.000000,97.000000,97.000000,97.000000,96.000000,96.000000,5.0,-10.3683,-9.6901,-50.6217,-51.2999,PENDING_AG03,FALSE,NOT_FOR_ENFORCEMENT,-59.1603,466.6806,-60.9900,-59.1603,-1.8297,-0.12676823,-0.12296518,-1.8297,-59.1603,-0.12296518,-1.8297,-1.8297,-1.8297,-2.4396,-2.4396,-59.1603,-0.12296518,-10.3683,-9.6901,-50.6217,-51.2999,-0.10521763,-0.10662722,-0.00380305,40.0928,40.0928,-5.0825,-60.9900,-6.0990,481.1140,12.0000,,40.0928,26.176,26.176,52.3519,75.4914,86.1712,87.9512,26.176,-0.6544,3.292,3.36,1.531667,10,8,1,2,0E-8,-0.12676823,,0E-8,0.000000,1.000000,0.000000,,2026-04-01,2026-04-01,1,10,10,1,1.000000,,,0.000000,,,,,,,,GLOBAL_BASELINE_NO_ENTITY_RANKING,,,NOT_APPLICABLE_GLOBAL_BASELINE,HF9g-P5,,,,X 全窗基线 · 不参与实体赏罚,3926676,393,A168_HF9F_20260827_0900,2026-08-27 09:00:00
2026-04-18,148818036,1078,0,94.2334371648,51.8283904406,51.8283904406,0.8000000,10,10,0.49726706000000000,0.497267060000,1.9146798278699046,1.9146798278699049,1.9146798278699046,0E-17,ELIGIBLE,R03b_20260811_FULL_v1,L1_ELIGIBILITY,v2026-08-11,2026-03-21..2026-08-06,baccarat_bet02_101_all_pairs_incl_sentinel,round_win = game_pnl > 0 (decisive only),COMPATIBILITY_ONLY_NOT_PRODUCTION,685.8100,602.0470,-60.9900,72,72,0.08893130,,0.08893130,0.08893130,60.9900,685.8100,OK,0.0000,-1.8297,3.0000,97.0000,AG03-UNRESOLVED,ALL5_LEVELS_bet23_to_bet27,-1.8297,-1.8297,-1.8297,-2.4396,-2.4396,3.000000,3.000000,3.000000,4.000000,4.000000,97.000000,97.000000,97.000000,96.000000,96.000000,5.0,-10.3683,-9.6901,-50.6217,-51.2999,PENDING_AG03,FALSE,NOT_FOR_ENFORCEMENT,-59.1603,583.9856,-60.9900,-59.1603,-1.8297,-0.08893130,-0.08626336,-1.8297,-59.1603,-0.08626336,-1.8297,-1.8297,-1.8297,-2.4396,-2.4396,-59.1603,-0.08626336,-10.3683,-9.6901,-50.6217,-51.2999,-0.07381298,-0.07480184,-0.00266794,9.5251,8.3618,-0.8471,-60.9900,-30.4950,685.8100,72.0000,,9.5251,5.2352,10.4704,10.4704,15.7056,15.7056,20.3649,10.4704,0.0,1.5,1.945,0.909722,1,3,1,2,0E-8,-0.08893130,,0E-8,0.000000,0.877863,0.000000,,2026-04-18,2026-04-18,1,2,1,1,1.000000,,,0.000000,,,,,,,,GLOBAL_BASELINE_NO_ENTITY_RANKING,,,NOT_APPLICABLE_GLOBAL_BASELINE,HF9g-P5,,,,X 全窗基线 · 不参与实体赏罚,3926677,393,A168_HF9F_20260827_0900,2026-08-27 09:00:00
2026-04-18,148818036,2121,0,266.9947386336,17.7996492420,17.7996492420,0.4814815,28,28,0.50138437142857143,0.501384371429,-0.2068376924387499,-0.2068376924432042,-0.2068376924387499,-4.2857E-13,ELIGIBLE,R03b_20260811_FULL_v1,L1_ELIGIBILITY,v2026-08-11,2026-03-21..2026-08-06,baccarat_bet02_101_all_pairs_incl_sentinel,round_win = game_pnl > 0 (decisive only),COMPATIBILITY_ONLY_NOT_PRODUCTION,685.8100,602.0470,-60.9900,72,72,0.08893130,,0.08893130,0.08893130,60.9900,685.8100,OK,0.0000,-1.8297,3.0000,97.0000,AG03-UNRESOLVED,ALL5_LEVELS_bet23_to_bet27,-1.8297,-1.8297,-1.8297,-2.4396,-2.4396,3.000000,3.000000,3.000000,4.000000,4.000000,97.000000,97.000000,97.000000,96.000000,96.000000,5.0,-10.3683,-9.6901,-50.6217,-51.2999,PENDING_AG03,FALSE,NOT_FOR_ENFORCEMENT,-59.1603,583.9856,-60.9900,-59.1603,-1.8297,-0.08893130,-0.08626336,-1.8297,-59.1603,-0.08626336,-1.8297,-1.8297,-1.8297,-2.4396,-2.4396,-59.1603,-0.08626336,-10.3683,-9.6901,-50.6217,-51.2999,-0.07381298,-0.07480184,-0.00266794,9.5251,8.3618,-0.8471,-60.9900,-30.4950,685.8100,72.0000,,9.5251,5.2352,10.4704,10.4704,15.7056,15.7056,20.3649,10.4704,0.0,1.5,1.945,0.909722,1,3,1,2,0E-8,-0.08893130,,0E-8,0.000000,0.877863,0.000000,,2026-04-18,2026-04-18,1,2,1,1,1.000000,,,0.000000,,,,,,,,GLOBAL_BASELINE_NO_ENTITY_RANKING,,,NOT_APPLICABLE_GLOBAL_BASELINE,HF9g-P5,,,,X 全窗基线 · 不参与实体赏罚,3926678,393,A168_HF9F_20260827_0900,2026-08-27 09:00:00
2026-04-18,148818036,2155,0,324.5818391232,-8.6380650737,-8.6380650737,0.4827586,34,34,0.50270799411764706,0.502707994118,-0.21486447874292486,-0.21486447874672704,-0.21486447874292486,-3.5294E-13,ELIGIBLE,R03b_20260811_FULL_v1,L1_ELIGIBILITY,v2026-08-11,2026-03-21..2026-08-06,baccarat_bet02_101_all_pairs_incl_sentinel,round_win = game_pnl > 0 (decisive only),COMPATIBILITY_ONLY_NOT_PRODUCTION,685.8100,602.0470,-60.9900,72,72,0.08893130,,0.08893130,0.08893130,60.9900,685.8100,OK,0.0000,-1.8297,3.0000,97.0000,AG03-UNRESOLVED,ALL5_LEVELS_bet23_to_bet27,-1.8297,-1.8297,-1.8297,-2.4396,-2.4396,3.000000,3.000000,3.000000,4.000000,4.000000,97.000000,97.000000,97.000000,96.000000,96.000000,5.0,-10.3683,-9.6901,-50.6217,-51.2999,PENDING_AG03,FALSE,NOT_FOR_ENFORCEMENT,-59.1603,583.9856,-60.9900,-59.1603,-1.8297,-0.08893130,-0.08626336,-1.8297,-59.1603,-0.08626336,-1.8297,-1.8297,-1.8297,-2.4396,-2.4396,-59.1603,-0.08626336,-10.3683,-9.6901,-50.6217,-51.2999,-0.07381298,-0.07480184,-0.00266794,9.5251,8.3618,-0.8471,-60.9900,-30.4950,685.8100,72.0000,,9.5251,5.2352,10.4704,10.4704,15.7056,15.7056,20.3649,10.4704,0.0,1.5,1.945,0.909722,1,3,1,2,0E-8,-0.08893130,,0E-8,0.000000,0.877863,0.000000,,2026-04-18,2026-04-18,1,2,1,1,1.000000,,,0.000000,,,,,,,,GLOBAL_BASELINE_NO_ENTITY_RANKING,,,NOT_APPLICABLE_GLOBAL_BASELINE,HF9g-P5,,,,X 全窗基线 · 不参与实体赏罚,3926679,393,A168_HF9F_20260827_0900,2026-08-27 09:00:00
2026-03-22,147659180,1940,0,79.2323267893,61.6251430583,61.6251430583,1.0000000,5,3,0.43078668730169977,0.354875966667,1.9909805384178016,2.3353067991338565,1.9909805384178016,0.07591072063469977,ELIGIBLE,R03b_20260811_FULL_v1,L1_ELIGIBILITY,v2026-08-11,2026-03-21..2026-08-06,baccarat_bet02_101_all_pairs_incl_sentinel,round_win = game_pnl > 0 (decisive only),COMPATIBILITY_ONLY_NOT_PRODUCTION,79.2323,79.2323,-61.6251,5,3,0.77777778,,0.77777778,0.77777778,61.6251,79.2323,THIN_EXPOSURE,0.0000,-2.4650,4.0000,96.0000,AG03-UNRESOLVED,ALL5_LEVELS_bet23_to_bet27,-2.4650,-2.4650,-2.4650,-3.0813,-3.0813,4.000000,4.000000,4.000000,5.000000,5.000000,96.000000,96.000000,96.000000,95.000000,95.000000,5.0,-13.5575,-12.4191,-48.0676,-49.2061,PENDING_AG03,FALSE,NOT_FOR_ENFORCEMENT,-59.1601,76.0630,-61.6251,-59.1601,-2.4650,-0.77777778,-0.74666667,-2.4650,-59.1601,-0.74666667,-2.4650,-2.4650,-2.4650,-3.0813,-3.0813,-59.1601,-0.74666667,-13.5575,-12.4191,-48.0676,-49.2061,-0.60666667,-0.62103552,-0.03111111,15.8465,26.4108,-20.5417,-61.6251,-61.6251,79.2323,3.0000,,15.8465,7.7031,22.009,22.009,22.009,22.009,22.009,22.009,22.009,1.0,1.0,0.72,1,1,1,3,0E-8,-0.77777778,,0E-8,0.000000,1.000000,1.000000,,2026-03-22,2026-03-22,1,1,1,1,1.000000,,,0.000000,,,,,,,,GLOBAL_BASELINE_NO_ENTITY_RANKING,,,NOT_APPLICABLE_GLOBAL_BASELINE,HF9g-P5,,,,X 全窗基线 · 不参与实体赏罚,3926680,393,A168_HF9F_20260827_0900,2026-08-27 09:00:00
2026-07-30,153645806,1325,0,44.9658668192,26.2641540285,26.2641540285,0.7500000,5,5,0.49860758000000000,0.498607580000,1.005573579286957,1.005573579286957,1.005573579286957,0E-17,ELIGIBLE,R03b_20260811_FULL_v1,L1_ELIGIBILITY,v2026-08-11,2026-03-21..2026-08-06,baccarat_bet02_101_all_pairs_incl_sentinel,round_win = game_pnl > 0 (decisive only),COMPATIBILITY_ONLY_NOT_PRODUCTION,130.8098,112.4147,-61.6237,17,17,0.47109375,0.47109375,,0.47109375,61.6237,130.8098,THIN_EXPOSURE,0.0000,-2.4649,4.0000,96.0000,AG03-UNRESOLVED,ALL5_LEVELS_bet23_to_bet27,-2.4649,-2.4649,-2.4649,-3.6974,-3.6974,4.000000,4.000000,4.000000,6.000000,6.000000,96.000000,96.000000,96.000000,94.000000,94.000000,5.0,-14.7897,-13.4492,-46.8340,-48.1745,PENDING_AG03,FALSE,NOT_FOR_ENFORCEMENT,-59.1587,107.9181,-61.6237,-59.1587,-2.4649,-0.47109375,-0.45225000,-2.4649,-59.1587,-0.45225000,-2.4649,-2.4649,-2.4649,-3.6974,-3.6974,-59.1587,-0.45225000,-14.7897,-13.4492,-46.8340,-48.1745,-0.35803125,-0.36827882,-0.01884375,7.6947,6.6126,-3.6249,-61.6237,-12.3247,130.8098,17.0000,7.6947,,6.1317,6.1317,7.1537,10.2195,16.8622,20.439,6.1317,5.8251,2.749999,3.333333,1.254902,5,5,1,2,1.00000000,-0.47109375,-0.47109375,0E-8,0.000000,0.859375,0.000000,,2026-07-30,2026-07-30,1,5,5,1,1.000000,,1.000000,3.333333,,,,,,,,GLOBAL_BASELINE_NO_ENTITY_RANKING,,,NOT_APPLICABLE_GLOBAL_BASELINE,HF9g-P5,,,,X 全窗基线 · 不参与实体赏罚,3926681,393,A168_HF9F_20260827_0900,2026-08-27 09:00:00
2026-07-30,153645806,1331,0,12.2634182234,11.6502473122,11.6502473122,1.0000000,2,2,0.50665070000000000,0.506650700000,1.3955260008387969,1.3955260008387969,1.3955260008387969,0E-17,ELIGIBLE,R03b_20260811_FULL_v1,L1_ELIGIBILITY,v2026-08-11,2026-03-21..2026-08-06,baccarat_bet02_101_all_pairs_incl_sentinel,round_win = game_pnl > 0 (decisive only),COMPATIBILITY_ONLY_NOT_PRODUCTION,130.8098,112.4147,-61.6237,17,17,0.47109375,0.47109375,,0.47109375,61.6237,130.8098,THIN_EXPOSURE,0.0000,-2.4649,4.0000,96.0000,AG03-UNRESOLVED,ALL5_LEVELS_bet23_to_bet27,-2.4649,-2.4649,-2.4649,-3.6974,-3.6974,4.000000,4.000000,4.000000,6.000000,6.000000,96.000000,96.000000,96.000000,94.000000,94.000000,5.0,-14.7897,-13.4492,-46.8340,-48.1745,PENDING_AG03,FALSE,NOT_FOR_ENFORCEMENT,-59.1587,107.9181,-61.6237,-59.1587,-2.4649,-0.47109375,-0.45225000,-2.4649,-59.1587,-0.45225000,-2.4649,-2.4649,-2.4649,-3.6974,-3.6974,-59.1587,-0.45225000,-14.7897,-13.4492,-46.8340,-48.1745,-0.35803125,-0.36827882,-0.01884375,7.6947,6.6126,-3.6249,-61.6237,-12.3247,130.8098,17.0000,7.6947,,6.1317,6.1317,7.1537,10.2195,16.8622,20.439,6.1317,5.8251,2.749999,3.333333,1.254902,5,5,1,2,1.00000000,-0.47109375,-0.47109375,0E-8,0.000000,0.859375,0.000000,,2026-07-30,2026-07-30,1,5,5,1,1.000000,,1.000000,3.333333,,,,,,,,GLOBAL_BASELINE_NO_ENTITY_RANKING,,,NOT_APPLICABLE_GLOBAL_BASELINE,HF9g-P5,,,,X 全窗基线 · 不参与实体赏罚,3926682,393,A168_HF9F_20260827_0900,2026-08-27 09:00:00
2026-07-30,153645806,1384,0,32.7024485958,7.6646363897,7.6646363897,0.5000000,4,4,0.49994810000000000,0.499948100000,0.00020760000111838688,0.00020760000111838688,0.00020760000111838688,0E-17,ELIGIBLE,R03b_20260811_FULL_v1,L1_ELIGIBILITY,v2026-08-11,2026-03-21..2026-08-06,baccarat_bet02_101_all_pairs_incl_sentinel,round_win = game_pnl > 0 (decisive only),COMPATIBILITY_ONLY_NOT_PRODUCTION,130.8098,112.4147,-61.6237,17,17,0.47109375,0.47109375,,0.47109375,61.6237,130.8098,THIN_EXPOSURE,0.0000,-2.4649,4.0000,96.0000,AG03-UNRESOLVED,ALL5_LEVELS_bet23_to_bet27,-2.4649,-2.4649,-2.4649,-3.6974,-3.6974,4.000000,4.000000,4.000000,6.000000,6.000000,96.000000,96.000000,96.000000,94.000000,94.000000,5.0,-14.7897,-13.4492,-46.8340,-48.1745,PENDING_AG03,FALSE,NOT_FOR_ENFORCEMENT,-59.1587,107.9181,-61.6237,-59.1587,-2.4649,-0.47109375,-0.45225000,-2.4649,-59.1587,-0.45225000,-2.4649,-2.4649,-2.4649,-3.6974,-3.6974,-59.1587,-0.45225000,-14.7897,-13.4492,-46.8340,-48.1745,-0.35803125,-0.36827882,-0.01884375,7.6947,6.6126,-3.6249,-61.6237,-12.3247,130.8098,17.0000,7.6947,,6.1317,6.1317,7.1537,10.2195,16.8622,20.439,6.1317,5.8251,2.749999,3.333333,1.254902,5,5,1,2,1.00000000,-0.47109375,-0.47109375,0E-8,0.000000,0.859375,0.000000,,2026-07-30,2026-07-30,1,5,5,1,1.000000,,1.000000,3.333333,,,,,,,,GLOBAL_BASELINE_NO_ENTITY_RANKING,,,NOT_APPLICABLE_GLOBAL_BASELINE,HF9g-P5,,,,X 全窗基线 · 不参与实体赏罚,3926683,393,A168_HF9F_20260827_0900,2026-08-27 09:00:00
2026-07-30,153645806,2212,0,18.3951273351,-0.3065854556,-0.3065854556,0.5000000,3,3,0.50665070000000000,0.506650700000,-0.018812684590367487,-0.018812684590367487,-0.018812684590367487,0E-17,ELIGIBLE,R03b_20260811_FULL_v1,L1_ELIGIBILITY,v2026-08-11,2026-03-21..2026-08-06,baccarat_bet02_101_all_pairs_incl_sentinel,round_win = game_pnl > 0 (decisive only),COMPATIBILITY_ONLY_NOT_PRODUCTION,130.8098,112.4147,-61.6237,17,17,0.47109375,0.47109375,,0.47109375,61.6237,130.8098,THIN_EXPOSURE,0.0000,-2.4649,4.0000,96.0000,AG03-UNRESOLVED,ALL5_LEVELS_bet23_to_bet27,-2.4649,-2.4649,-2.4649,-3.6974,-3.6974,4.000000,4.000000,4.000000,6.000000,6.000000,96.000000,96.000000,96.000000,94.000000,94.000000,5.0,-14.7897,-13.4492,-46.8340,-48.1745,PENDING_AG03,FALSE,NOT_FOR_ENFORCEMENT,-59.1587,107.9181,-61.6237,-59.1587,-2.4649,-0.47109375,-0.45225000,-2.4649,-59.1587,-0.45225000,-2.4649,-2.4649,-2.4649,-3.6974,-3.6974,-59.1587,-0.45225000,-14.7897,-13.4492,-46.8340,-48.1745,-0.35803125,-0.36827882,-0.01884375,7.6947,6.6126,-3.6249,-61.6237,-12.3247,130.8098,17.0000,7.6947,,6.1317,6.1317,7.1537,10.2195,16.8622,20.439,6.1317,5.8251,2.749999,3.333333,1.254902,5,5,1,2,1.00000000,-0.47109375,-0.47109375,0E-8,0.000000,0.859375,0.000000,,2026-07-30,2026-07-30,1,5,5,1,1.000000,,1.000000,3.333333,,,,,,,,GLOBAL_BASELINE_NO_ENTITY_RANKING,,,NOT_APPLICABLE_GLOBAL_BASELINE,HF9g-P5,,,,X 全窗基线 · 不参与实体赏罚,3926684,393,A168_HF9F_20260827_0900,2026-08-27 09:00:00
2026-07-30,153645806,994,0,22.4829334096,16.3512242979,16.3512242979,1.0000000,3,3,0.49324550000000000,0.493245500000,1.4334489766152358,1.4334489766152358,1.4334489766152358,0E-17,ELIGIBLE,R03b_20260811_FULL_v1,L1_ELIGIBILITY,v2026-08-11,2026-03-21..2026-08-06,baccarat_bet02_101_all_pairs_incl_sentinel,round_win = game_pnl > 0 (decisive only),COMPATIBILITY_ONLY_NOT_PRODUCTION,130.8098,112.4147,-61.6237,17,17,0.47109375,0.47109375,,0.47109375,61.6237,130.8098,THIN_EXPOSURE,0.0000,-2.4649,4.0000,96.0000,AG03-UNRESOLVED,ALL5_LEVELS_bet23_to_bet27,-2.4649,-2.4649,-2.4649,-3.6974,-3.6974,4.000000,4.000000,4.000000,6.000000,6.000000,96.000000,96.000000,96.000000,94.000000,94.000000,5.0,-14.7897,-13.4492,-46.8340,-48.1745,PENDING_AG03,FALSE,NOT_FOR_ENFORCEMENT,-59.1587,107.9181,-61.6237,-59.1587,-2.4649,-0.47109375,-0.45225000,-2.4649,-59.1587,-0.45225000,-2.4649,-2.4649,-2.4649,-3.6974,-3.6974,-59.1587,-0.45225000,-14.7897,-13.4492,-46.8340,-48.1745,-0.35803125,-0.36827882,-0.01884375,7.6947,6.6126,-3.6249,-61.6237,-12.3247,130.8098,17.0000,7.6947,,6.1317,6.1317,7.1537,10.2195,16.8622,20.439,6.1317,5.8251,2.749999,3.333333,1.254902,5,5,1,2,1.00000000,-0.47109375,-0.47109375,0E-8,0.000000,0.859375,0.000000,,2026-07-30,2026-07-30,1,5,5,1,1.000000,,1.000000,3.333333,,,,,,,,GLOBAL_BASELINE_NO_ENTITY_RANKING,,,NOT_APPLICABLE_GLOBAL_BASELINE,HF9g-P5,,,,X 全窗基线 · 不参与实体赏罚,3926685,393,A168_HF9F_20260827_0900,2026-08-27 09:00:00
2026-07-05,152614821,1221,0,145.1171156440,-4.0878060744,-4.0878060744,0.5000000,8,7,0.49538531298711120,0.470543957143,0.022608219928247582,0.14455561752207866,0.022608219928247582,0.02484135584411120,ELIGIBLE,R03b_20260811_FULL_v1,L1_ELIGIBILITY,v2026-08-11,2026-03-21..2026-08-06,baccarat_bet02_101_all_pairs_incl_sentinel,round_win = game_pnl > 0 (decisive only),COMPATIBILITY_ONLY_NOT_PRODUCTION,1340.3916,1166.6599,-61.6237,102,67,0.04597438,,0.04597438,0.04597438,61.6237,1340.3916,OK,0.0000,-2.4649,4.0000,96.0000,AG03-UNRESOLVED,ALL5_LEVELS_bet23_to_bet27,-2.4649,-2.4649,-2.4649,-2.4649,-2.4649,4.000000,4.000000,4.000000,4.000000,4.000000,96.000000,96.000000,96.000000,96.000000,96.000000,5.0,-12.3247,-11.3774,-49.2989,-50.2463,PENDING_AG03,FALSE,NOT_FOR_ENFORCEMENT,-59.1587,1119.9935,-61.6237,-59.1587,-2.4649,-0.04597438,-0.04413541,-2.4649,-59.1587,-0.04413541,-2.4649,-2.4649,-2.4649,-2.4649,-2.4649,-59.1587,-0.04413541,-12.3247,-11.3774,-49.2989,-50.2463,-0.03677951,-0.03748626,-0.00183898,13.1411,17.4128,-0.9198,-61.6237,-12.3247,1340.3916,67.0000,,13.1411,2.0439,20.439,20.439,20.439,20.439,20.439,20.439,-2.0439,1.0,1.0,0.642941,3,5,1,8,0E-8,-0.04597438,,0E-8,0.000000,0.870387,0.000000,,2026-07-05,2026-07-05,1,5,3,1,1.000000,,,0.000000,,,,,,,,GLOBAL_BASELINE_NO_ENTITY_RANKING,,,NOT_APPLICABLE_GLOBAL_BASELINE,HF9g-P5,,,,X 全窗基线 · 不参与实体赏罚,3926686,393,A168_HF9F_20260827_0900,2026-08-27 09:00:00
2026-07-05,152614821,1363,0,577.6069983234,-3.2702448588,-3.2702448588,0.4800000,46,26,0.48794893648278058,0.422404462115,-0.07951246307575839,0.5830189614065775,-0.07951246307575839,0.06554447436778058,ELIGIBLE,R03b_20260811_FULL_v1,L1_ELIGIBILITY,v2026-08-11,2026-03-21..2026-08-06,baccarat_bet02_101_all_pairs_incl_sentinel,round_win = game_pnl > 0 (decisive only),COMPATIBILITY_ONLY_NOT_PRODUCTION,1340.3916,1166.6599,-61.6237,102,67,0.04597438,,0.04597438,0.04597438,61.6237,1340.3916,OK,0.0000,-2.4649,4.0000,96.0000,AG03-UNRESOLVED,ALL5_LEVELS_bet23_to_bet27,-2.4649,-2.4649,-2.4649,-2.4649,-2.4649,4.000000,4.000000,4.000000,4.000000,4.000000,96.000000,96.000000,96.000000,96.000000,96.000000,5.0,-12.3247,-11.3774,-49.2989,-50.2463,PENDING_AG03,FALSE,NOT_FOR_ENFORCEMENT,-59.1587,1119.9935,-61.6237,-59.1587,-2.4649,-0.04597438,-0.04413541,-2.4649,-59.1587,-0.04413541,-2.4649,-2.4649,-2.4649,-2.4649,-2.4649,-59.1587,-0.04413541,-12.3247,-11.3774,-49.2989,-50.2463,-0.03677951,-0.03748626,-0.00183898,13.1411,17.4128,-0.9198,-61.6237,-12.3247,1340.3916,67.0000,,13.1411,2.0439,20.439,20.439,20.439,20.439,20.439,20.439,-2.0439,1.0,1.0,0.642941,3,5,1,8,0E-8,-0.04597438,,0E-8,0.000000,0.870387,0.000000,,2026-07-05,2026-07-05,1,5,3,1,1.000000,,,0.000000,,,,,,,,GLOBAL_BASELINE_NO_ENTITY_RANKING,,,NOT_APPLICABLE_GLOBAL_BASELINE,HF9g-P5,,,,X 全窗基线 · 不参与实体赏罚,3926687,393,A168_HF9F_20260827_0900,2026-08-27 09:00:00
2026-07-05,152614821,2271,0,284.5113027832,79.2012426936,79.2012426936,0.6923077,29,16,0.43664636332291840,0.392563696875,1.8585799317412806,2.2131799584301164,1.8585799317412806,0.04408266644791840,ELIGIBLE,R03b_20260811_FULL_v1,L1_ELIGIBILITY,v2026-08-11,2026-03-21..2026-08-06,baccarat_bet02_101_all_pairs_incl_sentinel,round_win = game_pnl > 0 (decisive only),COMPATIBILITY_ONLY_NOT_PRODUCTION,1340.3916,1166.6599,-61.6237,102,67,0.04597438,,0.04597438,0.04597438,61.6237,1340.3916,OK,0.0000,-2.4649,4.0000,96.0000,AG03-UNRESOLVED,ALL5_LEVELS_bet23_to_bet27,-2.4649,-2.4649,-2.4649,-2.4649,-2.4649,4.000000,4.000000,4.000000,4.000000,4.000000,96.000000,96.000000,96.000000,96.000000,96.000000,5.0,-12.3247,-11.3774,-49.2989,-50.2463,PENDING_AG03,FALSE,NOT_FOR_ENFORCEMENT,-59.1587,1119.9935,-61.6237,-59.1587,-2.4649,-0.04597438,-0.04413541,-2.4649,-59.1587,-0.04413541,-2.4649,-2.4649,-2.4649,-2.4649,-2.4649,-59.1587,-0.04413541,-12.3247,-11.3774,-49.2989,-50.2463,-0.03677951,-0.03748626,-0.00183898,13.1411,17.4128,-0.9198,-61.6237,-12.3247,1340.3916,67.0000,,13.1411,2.0439,20.439,20.439,20.439,20.439,20.439,20.439,-2.0439,1.0,1.0,0.642941,3,5,1,8,0E-8,-0.04597438,,0E-8,0.000000,0.870387,0.000000,,2026-07-05,2026-07-05,1,5,3,1,1.000000,,,0.000000,,,,,,,,GLOBAL_BASELINE_NO_ENTITY_RANKING,,,NOT_APPLICABLE_GLOBAL_BASELINE,HF9g-P5,,,,X 全窗基线 · 不参与实体赏罚,3926688,393,A168_HF9F_20260827_0900,2026-08-27 09:00:00
2026-07-05,152614821,772,0,302.4976495115,1E-10,1E-10,0.4666667,17,16,0.47004257812498307,0.461737521875,-0.026196760401542507,0.03829328005604411,-0.026196760401542507,0.00830505624998307,ELIGIBLE,R03b_20260811_FULL_v1,L1_ELIGIBILITY,v2026-08-11,2026-03-21..2026-08-06,baccarat_bet02_101_all_pairs_incl_sentinel,round_win = game_pnl > 0 (decisive only),COMPATIBILITY_ONLY_NOT_PRODUCTION,1340.3916,1166.6599,-61.6237,102,67,0.04597438,,0.04597438,0.04597438,61.6237,1340.3916,OK,0.0000,-2.4649,4.0000,96.0000,AG03-UNRESOLVED,ALL5_LEVELS_bet23_to_bet27,-2.4649,-2.4649,-2.4649,-2.4649,-2.4649,4.000000,4.000000,4.000000,4.000000,4.000000,96.000000,96.000000,96.000000,96.000000,96.000000,5.0,-12.3247,-11.3774,-49.2989,-50.2463,PENDING_AG03,FALSE,NOT_FOR_ENFORCEMENT,-59.1587,1119.9935,-61.6237,-59.1587,-2.4649,-0.04597438,-0.04413541,-2.4649,-59.1587,-0.04413541,-2.4649,-2.4649,-2.4649,-2.4649,-2.4649,-59.1587,-0.04413541,-12.3247,-11.3774,-49.2989,-50.2463,-0.03677951,-0.03748626,-0.00183898,13.1411,17.4128,-0.9198,-61.6237,-12.3247,1340.3916,67.0000,,13.1411,2.0439,20.439,20.439,20.439,20.439,20.439,20.439,-2.0439,1.0,1.0,0.642941,3,5,1,8,0E-8,-0.04597438,,0E-8,0.000000,0.870387,0.000000,,2026-07-05,2026-07-05,1,5,3,1,1.000000,,,0.000000,,,,,,,,GLOBAL_BASELINE_NO_ENTITY_RANKING,,,NOT_APPLICABLE_GLOBAL_BASELINE,HF9g-P5,,,,X 全窗基线 · 不参与实体赏罚,3926689,393,A168_HF9F_20260827_0900,2026-08-27 09:00:00
2026-07-05,152614821,948,0,30.6585455586,-10.2195151862,-10.2195151862,0.5000000,2,2,0.49994810000000000,0.499948100000,0.00014679536856514622,0.00014679536856514622,0.00014679536856514622,0E-17,ELIGIBLE,R03b_20260811_FULL_v1,L1_ELIGIBILITY,v2026-08-11,2026-03-21..2026-08-06,baccarat_bet02_101_all_pairs_incl_sentinel,round_win = game_pnl > 0 (decisive only),COMPATIBILITY_ONLY_NOT_PRODUCTION,1340.3916,1166.6599,-61.6237,102,67,0.04597438,,0.04597438,0.04597438,61.6237,1340.3916,OK,0.0000,-2.4649,4.0000,96.0000,AG03-UNRESOLVED,ALL5_LEVELS_bet23_to_bet27,-2.4649,-2.4649,-2.4649,-2.4649,-2.4649,4.000000,4.000000,4.000000,4.000000,4.000000,96.000000,96.000000,96.000000,96.000000,96.000000,5.0,-12.3247,-11.3774,-49.2989,-50.2463,PENDING_AG03,FALSE,NOT_FOR_ENFORCEMENT,-59.1587,1119.9935,-61.6237,-59.1587,-2.4649,-0.04597438,-0.04413541,-2.4649,-59.1587,-0.04413541,-2.4649,-2.4649,-2.4649,-2.4649,-2.4649,-59.1587,-0.04413541,-12.3247,-11.3774,-49.2989,-50.2463,-0.03677951,-0.03748626,-0.00183898,13.1411,17.4128,-0.9198,-61.6237,-12.3247,1340.3916,67.0000,,13.1411,2.0439,20.439,20.439,20.439,20.439,20.439,20.439,-2.0439,1.0,1.0,0.642941,3,5,1,8,0E-8,-0.04597438,,0E-8,0.000000,0.870387,0.000000,,2026-07-05,2026-07-05,1,5,3,1,1.000000,,,0.000000,,,,,,,,GLOBAL_BASELINE_NO_ENTITY_RANKING,,,NOT_APPLICABLE_GLOBAL_BASELINE,HF9g-P5,,,,X 全窗基线 · 不参与实体赏罚,3926690,393,A168_HF9F_20260827_0900,2026-08-27 09:00:00
2026-03-22,91797317,1017,0,22.0089796637,-22.0089796637,-22.0089796637,0E-7,1,1,0.49324550000000000,0.493245500000,-0.9865810262130424,-0.9865810262130424,-0.9865810262130424,0E-17,ELIGIBLE,R03b_20260811_FULL_v1,L1_ELIGIBILITY,v2026-08-11,2026-03-21..2026-08-06,baccarat_bet02_101_all_pairs_incl_sentinel,round_win = game_pnl > 0 (decisive only),COMPATIBILITY_ONLY_NOT_PRODUCTION,21006.2458,18687.5319,-61.6222,1247,1247,0.00293352,-0.13859161,0.00938335,0.00293352,61.6222,21006.2458,OK,0.0000,-2.4649,4.0000,96.0000,AG03-UNRESOLVED,ALL5_LEVELS_bet23_to_bet27,-2.4649,-2.4649,-2.4649,-4.3136,-4.3136,4.000000,4.000000,4.000000,7.000000,7.000000,96.000000,96.000000,96.000000,93.000000,93.000000,5.0,-16.0218,-14.4684,-45.6004,-47.1538,PENDING_AG03,FALSE,NOT_FOR_ENFORCEMENT,-59.1573,17940.0307,-61.6222,-59.1573,-2.4649,-0.00293352,-0.00281618,-2.4649,-59.1573,-0.00281618,-2.4649,-2.4649,-2.4649,-4.3136,-4.3136,-59.1573,-0.00281618,-16.0218,-14.4684,-45.6004,-47.1538,-0.00217080,-0.00224475,-0.00011734,16.8454,14.9860,-0.0494,-0.6419,-0.0525,218.8151,12.9896,13.0801,17.0694,10.3857,11.0045,21.0062,31.5093,42.0124,42.1647,10.5412,0.0,3.81775,3.831594,1.530778,30,171,130,2,0.04358735,-0.00293352,0.13859161,0E-8,0.000000,0.889618,0.000000,-0.14797496,2026-03-22,2026-08-05,96,1173,774,137,0.700730,0.766291,0.776478,0.145291,,,,,,,,GLOBAL_BASELINE_NO_ENTITY_RANKING,,,NOT_APPLICABLE_GLOBAL_BASELINE,HF9g-P5,,,,X 全窗基线 · 不参与实体赏罚,3926691,393,A168_HF9F_20260827_0900,2026-08-27 09:00:00
2026-03-22,91797317,2088,0,22.0089796637,-22.0089796637,-22.0089796637,0E-7,1,1,0.49324550000000000,0.493245500000,-0.9865810262130424,-0.9865810262130424,-0.9865810262130424,0E-17,ELIGIBLE,R03b_20260811_FULL_v1,L1_ELIGIBILITY,v2026-08-11,2026-03-21..2026-08-06,baccarat_bet02_101_all_pairs_incl_sentinel,round_win = game_pnl > 0 (decisive only),COMPATIBILITY_ONLY_NOT_PRODUCTION,21006.2458,18687.5319,-61.6222,1247,1247,0.00293352,-0.13859161,0.00938335,0.00293352,61.6222,21006.2458,OK,0.0000,-2.4649,4.0000,96.0000,AG03-UNRESOLVED,ALL5_LEVELS_bet23_to_bet27,-2.4649,-2.4649,-2.4649,-4.3136,-4.3136,4.000000,4.000000,4.000000,7.000000,7.000000,96.000000,96.000000,96.000000,93.000000,93.000000,5.0,-16.0218,-14.4684,-45.6004,-47.1538,PENDING_AG03,FALSE,NOT_FOR_ENFORCEMENT,-59.1573,17940.0307,-61.6222,-59.1573,-2.4649,-0.00293352,-0.00281618,-2.4649,-59.1573,-0.00281618,-2.4649,-2.4649,-2.4649,-4.3136,-4.3136,-59.1573,-0.00281618,-16.0218,-14.4684,-45.6004,-47.1538,-0.00217080,-0.00224475,-0.00011734,16.8454,14.9860,-0.0494,-0.6419,-0.0525,218.8151,12.9896,13.0801,17.0694,10.3857,11.0045,21.0062,31.5093,42.0124,42.1647,10.5412,0.0,3.81775,3.831594,1.530778,30,171,130,2,0.04358735,-0.00293352,0.13859161,0E-8,0.000000,0.889618,0.000000,-0.14797496,2026-03-22,2026-08-05,96,1173,774,137,0.700730,0.766291,0.776478,0.145291,,,,,,,,GLOBAL_BASELINE_NO_ENTITY_RANKING,,,NOT_APPLICABLE_GLOBAL_BASELINE,HF9g-P5,,,,X 全窗基线 · 不参与实体赏罚,3926692,393,A168_HF9F_20260827_0900,2026-08-27 09:00:00
2026-03-22,91797317,2141,0,22.0089796637,-22.0089796637,-22.0089796637,0E-7,1,1,0.49324550000000000,0.493245500000,-0.9865810262130424,-0.9865810262130424,-0.9865810262130424,0E-17,ELIGIBLE,R03b_20260811_FULL_v1,L1_ELIGIBILITY,v2026-08-11,2026-03-21..2026-08-06,baccarat_bet02_101_all_pairs_incl_sentinel,round_win = game_pnl > 0 (decisive only),COMPATIBILITY_ONLY_NOT_PRODUCTION,21006.2458,18687.5319,-61.6222,1247,1247,0.00293352,-0.13859161,0.00938335,0.00293352,61.6222,21006.2458,OK,0.0000,-2.4649,4.0000,96.0000,AG03-UNRESOLVED,ALL5_LEVELS_bet23_to_bet27,-2.4649,-2.4649,-2.4649,-4.3136,-4.3136,4.000000,4.000000,4.000000,7.000000,7.000000,96.000000,96.000000,96.000000,93.000000,93.000000,5.0,-16.0218,-14.4684,-45.6004,-47.1538,PENDING_AG03,FALSE,NOT_FOR_ENFORCEMENT,-59.1573,17940.0307,-61.6222,-59.1573,-2.4649,-0.00293352,-0.00281618,-2.4649,-59.1573,-0.00281618,-2.4649,-2.4649,-2.4649,-4.3136,-4.3136,-59.1573,-0.00281618,-16.0218,-14.4684,-45.6004,-47.1538,-0.00217080,-0.00224475,-0.00011734,16.8454,14.9860,-0.0494,-0.6419,-0.0525,218.8151,12.9896,13.0801,17.0694,10.3857,11.0045,21.0062,31.5093,42.0124,42.1647,10.5412,0.0,3.81775,3.831594,1.530778,30,171,130,2,0.04358735,-0.00293352,0.13859161,0E-8,0.000000,0.889618,0.000000,-0.14797496,2026-03-22,2026-08-05,96,1173,774,137,0.700730,0.766291,0.776478,0.145291,,,,,,,,GLOBAL_BASELINE_NO_ENTITY_RANKING,,,NOT_APPLICABLE_GLOBAL_BASELINE,HF9g-P5,,,,X 全窗基线 · 不参与实体赏罚,3926693,393,A168_HF9F_20260827_0900,2026-08-27 09:00:00
2026-03-22,91797317,2152,0,11.0044898319,0E-10,0E-10,,1,1,0.49324550000000000,0.493245500000,,,,0E-17,NO_DECISIVE_ROUND,R03b_20260811_FULL_v1,L1_ELIGIBILITY,v2026-08-11,2026-03-21..2026-08-06,baccarat_bet02_101_all_pairs_incl_sentinel,round_win = game_pnl > 0 (decisive only),COMPATIBILITY_ONLY_NOT_PRODUCTION,21006.2458,18687.5319,-61.6222,1247,1247,0.00293352,-0.13859161,0.00938335,0.00293352,61.6222,21006.2458,OK,0.0000,-2.4649,4.0000,96.0000,AG03-UNRESOLVED,ALL5_LEVELS_bet23_to_bet27,-2.4649,-2.4649,-2.4649,-4.3136,-4.3136,4.000000,4.000000,4.000000,7.000000,7.000000,96.000000,96.000000,96.000000,93.000000,93.000000,5.0,-16.0218,-14.4684,-45.6004,-47.1538,PENDING_AG03,FALSE,NOT_FOR_ENFORCEMENT,-59.1573,17940.0307,-61.6222,-59.1573,-2.4649,-0.00293352,-0.00281618,-2.4649,-59.1573,-0.00281618,-2.4649,-2.4649,-2.4649,-4.3136,-4.3136,-59.1573,-0.00281618,-16.0218,-14.4684,-45.6004,-47.1538,-0.00217080,-0.00224475,-0.00011734,16.8454,14.9860,-0.0494,-0.6419,-0.0525,218.8151,12.9896,13.0801,17.0694,10.3857,11.0045,21.0062,31.5093,42.0124,42.1647,10.5412,0.0,3.81775,3.831594,1.530778,30,171,130,2,0.04358735,-0.00293352,0.13859161,0E-8,0.000000,0.889618,0.000000,-0.14797496,2026-03-22,2026-08-05,96,1173,774,137,0.700730,0.766291,0.776478,0.145291,,,,,,,,GLOBAL_BASELINE_NO_ENTITY_RANKING,,,NOT_APPLICABLE_GLOBAL_BASELINE,HF9g-P5,,,,X 全窗基线 · 不参与实体赏罚,3926694,393,A168_HF9F_20260827_0900,2026-08-27 09:00:00
2026-03-22,91797317,2177,0,11.0044898319,-11.0044898319,-11.0044898319,0E-7,1,1,0.49324550000000000,0.493245500000,-0.9865810262130424,-0.9865810262130424,-0.9865810262130424,0E-17,ELIGIBLE,R03b_20260811_FULL_v1,L1_ELIGIBILITY,v2026-08-11,2026-03-21..2026-08-06,baccarat_bet02_101_all_pairs_incl_sentinel,round_win = game_pnl > 0 (decisive only),COMPATIBILITY_ONLY_NOT_PRODUCTION,21006.2458,18687.5319,-61.6222,1247,1247,0.00293352,-0.13859161,0.00938335,0.00293352,61.6222,21006.2458,OK,0.0000,-2.4649,4.0000,96.0000,AG03-UNRESOLVED,ALL5_LEVELS_bet23_to_bet27,-2.4649,-2.4649,-2.4649,-4.3136,-4.3136,4.000000,4.000000,4.000000,7.000000,7.000000,96.000000,96.000000,96.000000,93.000000,93.000000,5.0,-16.0218,-14.4684,-45.6004,-47.1538,PENDING_AG03,FALSE,NOT_FOR_ENFORCEMENT,-59.1573,17940.0307,-61.6222,-59.1573,-2.4649,-0.00293352,-0.00281618,-2.4649,-59.1573,-0.00281618,-2.4649,-2.4649,-2.4649,-4.3136,-4.3136,-59.1573,-0.00281618,-16.0218,-14.4684,-45.6004,-47.1538,-0.00217080,-0.00224475,-0.00011734,16.8454,14.9860,-0.0494,-0.6419,-0.0525,218.8151,12.9896,13.0801,17.0694,10.3857,11.0045,21.0062,31.5093,42.0124,42.1647,10.5412,0.0,3.81775,3.831594,1.530778,30,171,130,2,0.04358735,-0.00293352,0.13859161,0E-8,0.000000,0.889618,0.000000,-0.14797496,2026-03-22,2026-08-05,96,1173,774,137,0.700730,0.766291,0.776478,0.145291,,,,,,,,GLOBAL_BASELINE_NO_ENTITY_RANKING,,,NOT_APPLICABLE_GLOBAL_BASELINE,HF9g-P5,,,,X 全窗基线 · 不参与实体赏罚,3926695,393,A168_HF9F_20260827_0900,2026-08-27 09:00:00
2026-03-22,91797317,2229,0,11.0044898319,-11.0044898319,-11.0044898319,0E-7,1,1,0.49324550000000000,0.493245500000,-0.9865810262130424,-0.9865810262130424,-0.9865810262130424,0E-17,ELIGIBLE,R03b_20260811_FULL_v1,L1_ELIGIBILITY,v2026-08-11,2026-03-21..2026-08-06,baccarat_bet02_101_all_pairs_incl_sentinel,round_win = game_pnl > 0 (decisive only),COMPATIBILITY_ONLY_NOT_PRODUCTION,21006.2458,18687.5319,-61.6222,1247,1247,0.00293352,-0.13859161,0.00938335,0.00293352,61.6222,21006.2458,OK,0.0000,-2.4649,4.0000,96.0000,AG03-UNRESOLVED,ALL5_LEVELS_bet23_to_bet27,-2.4649,-2.4649,-2.4649,-4.3136,-4.3136,4.000000,4.000000,4.000000,7.000000,7.000000,96.000000,96.000000,96.000000,93.000000,93.000000,5.0,-16.0218,-14.4684,-45.6004,-47.1538,PENDING_AG03,FALSE,NOT_FOR_ENFORCEMENT,-59.1573,17940.0307,-61.6222,-59.1573,-2.4649,-0.00293352,-0.00281618,-2.4649,-59.1573,-0.00281618,-2.4649,-2.4649,-2.4649,-4.3136,-4.3136,-59.1573,-0.00281618,-16.0218,-14.4684,-45.6004,-47.1538,-0.00217080,-0.00224475,-0.00011734,16.8454,14.9860,-0.0494,-0.6419,-0.0525,218.8151,12.9896,13.0801,17.0694,10.3857,11.0045,21.0062,31.5093,42.0124,42.1647,10.5412,0.0,3.81775,3.831594,1.530778,30,171,130,2,0.04358735,-0.00293352,0.13859161,0E-8,0.000000,0.889618,0.000000,-0.14797496,2026-03-22,2026-08-05,96,1173,774,137,0.700730,0.766291,0.776478,0.145291,,,,,,,,GLOBAL_BASELINE_NO_ENTITY_RANKING,,,NOT_APPLICABLE_GLOBAL_BASELINE,HF9g-P5,,,,X 全窗基线 · 不参与实体赏罚,3926696,393,A168_HF9F_20260827_0900,2026-08-27 09:00:00
2026-03-23,91797317,-1,1,50.6206532266,-28.6116735628,-28.6116735628,0.2500000,4,4,0.49324550000000000,0.493245500000,-0.9730707933947887,-0.9730707933947887,-0.9730707933947887,0E-17,SENTINEL_DEALER,R03b_20260811_FULL_v1,L1_ELIGIBILITY,v2026-08-11,2026-03-21..2026-08-06,baccarat_bet02_101_all_pairs_incl_sentinel,round_win = game_pnl > 0 (decisive only),COMPATIBILITY_ONLY_NOT_PRODUCTION,21006.2458,18687.5319,-61.6222,1247,1247,0.00293352,-0.13859161,0.00938335,0.00293352,61.6222,21006.2458,OK,0.0000,-2.4649,4.0000,96.0000,AG03-UNRESOLVED,ALL5_LEVELS_bet23_to_bet27,-2.4649,-2.4649,-2.4649,-4.3136,-4.3136,4.000000,4.000000,4.000000,7.000000,7.000000,96.000000,96.000000,96.000000,93.000000,93.000000,5.0,-16.0218,-14.4684,-45.6004,-47.1538,PENDING_AG03,FALSE,NOT_FOR_ENFORCEMENT,-59.1573,17940.0307,-61.6222,-59.1573,-2.4649,-0.00293352,-0.00281618,-2.4649,-59.1573,-0.00281618,-2.4649,-2.4649,-2.4649,-4.3136,-4.3136,-59.1573,-0.00281618,-16.0218,-14.4684,-45.6004,-47.1538,-0.00217080,-0.00224475,-0.00011734,16.8454,14.9860,-0.0494,-0.6419,-0.0525,218.8151,12.9896,13.0801,17.0694,10.3857,11.0045,21.0062,31.5093,42.0124,42.1647,10.5412,0.0,3.81775,3.831594,1.530778,30,171,130,2,0.04358735,-0.00293352,0.13859161,0E-8,0.000000,0.889618,0.000000,-0.14797496,2026-03-22,2026-08-05,96,1173,774,137,0.700730,0.766291,0.776478,0.145291,,,,,,,,GLOBAL_BASELINE_NO_ENTITY_RANKING,,,NOT_APPLICABLE_GLOBAL_BASELINE,HF9g-P5,,,,X 全窗基线 · 不参与实体赏罚,3926697,393,A168_HF9F_20260827_0900,2026-08-27 09:00:00
2026-03-23,91797317,2160,0,6.6026938991,-6.6026938991,-6.6026938991,0E-7,1,1,0.49324550000000000,0.493245500000,-0.9865810262130424,-0.9865810262130424,-0.9865810262130424,0E-17,ELIGIBLE,R03b_20260811_FULL_v1,L1_ELIGIBILITY,v2026-08-11,2026-03-21..2026-08-06,baccarat_bet02_101_all_pairs_incl_sentinel,round_win = game_pnl > 0 (decisive only),COMPATIBILITY_ONLY_NOT_PRODUCTION,21006.2458,18687.5319,-61.6222,1247,1247,0.00293352,-0.13859161,0.00938335,0.00293352,61.6222,21006.2458,OK,0.0000,-2.4649,4.0000,96.0000,AG03-UNRESOLVED,ALL5_LEVELS_bet23_to_bet27,-2.4649,-2.4649,-2.4649,-4.3136,-4.3136,4.000000,4.000000,4.000000,7.000000,7.000000,96.000000,96.000000,96.000000,93.000000,93.000000,5.0,-16.0218,-14.4684,-45.6004,-47.1538,PENDING_AG03,FALSE,NOT_FOR_ENFORCEMENT,-59.1573,17940.0307,-61.6222,-59.1573,-2.4649,-0.00293352,-0.00281618,-2.4649,-59.1573,-0.00281618,-2.4649,-2.4649,-2.4649,-4.3136,-4.3136,-59.1573,-0.00281618,-16.0218,-14.4684,-45.6004,-47.1538,-0.00217080,-0.00224475,-0.00011734,16.8454,14.9860,-0.0494,-0.6419,-0.0525,218.8151,12.9896,13.0801,17.0694,10.3857,11.0045,21.0062,31.5093,42.0124,42.1647,10.5412,0.0,3.81775,3.831594,1.530778,30,171,130,2,0.04358735,-0.00293352,0.13859161,0E-8,0.000000,0.889618,0.000000,-0.14797496,2026-03-22,2026-08-05,96,1173,774,137,0.700730,0.766291,0.776478,0.145291,,,,,,,,GLOBAL_BASELINE_NO_ENTITY_RANKING,,,NOT_APPLICABLE_GLOBAL_BASELINE,HF9g-P5,,,,X 全窗基线 · 不参与实体赏罚,3926698,393,A168_HF9F_20260827_0900,2026-08-27 09:00:00
2026-03-23,91797317,526,0,6.6026938991,-6.6026938991,-6.6026938991,0E-7,1,1,0.49324550000000000,0.493245500000,-0.9865810262130424,-0.9865810262130424,-0.9865810262130424,0E-17,ELIGIBLE,R03b_20260811_FULL_v1,L1_ELIGIBILITY,v2026-08-11,2026-03-21..2026-08-06,baccarat_bet02_101_all_pairs_incl_sentinel,round_win = game_pnl > 0 (decisive only),COMPATIBILITY_ONLY_NOT_PRODUCTION,21006.2458,18687.5319,-61.6222,1247,1247,0.00293352,-0.13859161,0.00938335,0.00293352,61.6222,21006.2458,OK,0.0000,-2.4649,4.0000,96.0000,AG03-UNRESOLVED,ALL5_LEVELS_bet23_to_bet27,-2.4649,-2.4649,-2.4649,-4.3136,-4.3136,4.000000,4.000000,4.000000,7.000000,7.000000,96.000000,96.000000,96.000000,93.000000,93.000000,5.0,-16.0218,-14.4684,-45.6004,-47.1538,PENDING_AG03,FALSE,NOT_FOR_ENFORCEMENT,-59.1573,17940.0307,-61.6222,-59.1573,-2.4649,-0.00293352,-0.00281618,-2.4649,-59.1573,-0.00281618,-2.4649,-2.4649,-2.4649,-4.3136,-4.3136,-59.1573,-0.00281618,-16.0218,-14.4684,-45.6004,-47.1538,-0.00217080,-0.00224475,-0.00011734,16.8454,14.9860,-0.0494,-0.6419,-0.0525,218.8151,12.9896,13.0801,17.0694,10.3857,11.0045,21.0062,31.5093,42.0124,42.1647,10.5412,0.0,3.81775,3.831594,1.530778,30,171,130,2,0.04358735,-0.00293352,0.13859161,0E-8,0.000000,0.889618,0.000000,-0.14797496,2026-03-22,2026-08-05,96,1173,774,137,0.700730,0.766291,0.776478,0.145291,,,,,,,,GLOBAL_BASELINE_NO_ENTITY_RANKING,,,NOT_APPLICABLE_GLOBAL_BASELINE,HF9g-P5,,,,X 全窗基线 · 不参与实体赏罚,3926699,393,A168_HF9F_20260827_0900,2026-08-27 09:00:00
2026-03-23,91797317,763,0,11.0044898319,11.0044898319,11.0044898319,1.0000000,1,1,0.49324550000000000,0.493245500000,1.01360149184955,1.01360149184955,1.01360149184955,0E-17,ELIGIBLE,R03b_20260811_FULL_v1,L1_ELIGIBILITY,v2026-08-11,2026-03-21..2026-08-06,baccarat_bet02_101_all_pairs_incl_sentinel,round_win = game_pnl > 0 (decisive only),COMPATIBILITY_ONLY_NOT_PRODUCTION,21006.2458,18687.5319,-61.6222,1247,1247,0.00293352,-0.13859161,0.00938335,0.00293352,61.6222,21006.2458,OK,0.0000,-2.4649,4.0000,96.0000,AG03-UNRESOLVED,ALL5_LEVELS_bet23_to_bet27,-2.4649,-2.4649,-2.4649,-4.3136,-4.3136,4.000000,4.000000,4.000000,7.000000,7.000000,96.000000,96.000000,96.000000,93.000000,93.000000,5.0,-16.0218,-14.4684,-45.6004,-47.1538,PENDING_AG03,FALSE,NOT_FOR_ENFORCEMENT,-59.1573,17940.0307,-61.6222,-59.1573,-2.4649,-0.00293352,-0.00281618,-2.4649,-59.1573,-0.00281618,-2.4649,-2.4649,-2.4649,-4.3136,-4.3136,-59.1573,-0.00281618,-16.0218,-14.4684,-45.6004,-47.1538,-0.00217080,-0.00224475,-0.00011734,16.8454,14.9860,-0.0494,-0.6419,-0.0525,218.8151,12.9896,13.0801,17.0694,10.3857,11.0045,21.0062,31.5093,42.0124,42.1647,10.5412,0.0,3.81775,3.831594,1.530778,30,171,130,2,0.04358735,-0.00293352,0.13859161,0E-8,0.000000,0.889618,0.000000,-0.14797496,2026-03-22,2026-08-05,96,1173,774,137,0.700730,0.766291,0.776478,0.145291,,,,,,,,GLOBAL_BASELINE_NO_ENTITY_RANKING,,,NOT_APPLICABLE_GLOBAL_BASELINE,HF9g-P5,,,,X 全窗基线 · 不参与实体赏罚,3926700,393,A168_HF9F_20260827_0900,2026-08-27 09:00:00
2026-03-23,91797317,772,0,11.0044898319,-11.0044898319,-11.0044898319,0E-7,1,1,0.49324550000000000,0.493245500000,-0.9865810262130424,-0.9865810262130424,-0.9865810262130424,0E-17,ELIGIBLE,R03b_20260811_FULL_v1,L1_ELIGIBILITY,v2026-08-11,2026-03-21..2026-08-06,baccarat_bet02_101_all_pairs_incl_sentinel,round_win = game_pnl > 0 (decisive only),COMPATIBILITY_ONLY_NOT_PRODUCTION,21006.2458,18687.5319,-61.6222,1247,1247,0.00293352,-0.13859161,0.00938335,0.00293352,61.6222,21006.2458,OK,0.0000,-2.4649,4.0000,96.0000,AG03-UNRESOLVED,ALL5_LEVELS_bet23_to_bet27,-2.4649,-2.4649,-2.4649,-4.3136,-4.3136,4.000000,4.000000,4.000000,7.000000,7.000000,96.000000,96.000000,96.000000,93.000000,93.000000,5.0,-16.0218,-14.4684,-45.6004,-47.1538,PENDING_AG03,FALSE,NOT_FOR_ENFORCEMENT,-59.1573,17940.0307,-61.6222,-59.1573,-2.4649,-0.00293352,-0.00281618,-2.4649,-59.1573,-0.00281618,-2.4649,-2.4649,-2.4649,-4.3136,-4.3136,-59.1573,-0.00281618,-16.0218,-14.4684,-45.6004,-47.1538,-0.00217080,-0.00224475,-0.00011734,16.8454,14.9860,-0.0494,-0.6419,-0.0525,218.8151,12.9896,13.0801,17.0694,10.3857,11.0045,21.0062,31.5093,42.0124,42.1647,10.5412,0.0,3.81775,3.831594,1.530778,30,171,130,2,0.04358735,-0.00293352,0.13859161,0E-8,0.000000,0.889618,0.000000,-0.14797496,2026-03-22,2026-08-05,96,1173,774,137,0.700730,0.766291,0.776478,0.145291,,,,,,,,GLOBAL_BASELINE_NO_ENTITY_RANKING,,,NOT_APPLICABLE_GLOBAL_BASELINE,HF9g-P5,,,,X 全窗基线 · 不参与实体赏罚,3926701,393,A168_HF9F_20260827_0900,2026-08-27 09:00:00
2026-03-24,91797317,1210,0,6.6026938991,-6.6026938991,-6.6026938991,0E-7,1,1,0.49324550000000000,0.493245500000,-0.9865810262130424,-0.9865810262130424,-0.9865810262130424,0E-17,ELIGIBLE,R03b_20260811_FULL_v1,L1_ELIGIBILITY,v2026-08-11,2026-03-21..2026-08-06,baccarat_bet02_101_all_pairs_incl_sentinel,round_win = game_pnl > 0 (decisive only),COMPATIBILITY_ONLY_NOT_PRODUCTION,21006.2458,18687.5319,-61.6222,1247,1247,0.00293352,-0.13859161,0.00938335,0.00293352,61.6222,21006.2458,OK,0.0000,-2.4649,4.0000,96.0000,AG03-UNRESOLVED,ALL5_LEVELS_bet23_to_bet27,-2.4649,-2.4649,-2.4649,-4.3136,-4.3136,4.000000,4.000000,4.000000,7.000000,7.000000,96.000000,96.000000,96.000000,93.000000,93.000000,5.0,-16.0218,-14.4684,-45.6004,-47.1538,PENDING_AG03,FALSE,NOT_FOR_ENFORCEMENT,-59.1573,17940.0307,-61.6222,-59.1573,-2.4649,-0.00293352,-0.00281618,-2.4649,-59.1573,-0.00281618,-2.4649,-2.4649,-2.4649,-4.3136,-4.3136,-59.1573,-0.00281618,-16.0218,-14.4684,-45.6004,-47.1538,-0.00217080,-0.00224475,-0.00011734,16.8454,14.9860,-0.0494,-0.6419,-0.0525,218.8151,12.9896,13.0801,17.0694,10.3857,11.0045,21.0062,31.5093,42.0124,42.1647,10.5412,0.0,3.81775,3.831594,1.530778,30,171,130,2,0.04358735,-0.00293352,0.13859161,0E-8,0.000000,0.889618,0.000000,-0.14797496,2026-03-22,2026-08-05,96,1173,774,137,0.700730,0.766291,0.776478,0.145291,,,,,,,,GLOBAL_BASELINE_NO_ENTITY_RANKING,,,NOT_APPLICABLE_GLOBAL_BASELINE,HF9g-P5,,,,X 全窗基线 · 不参与实体赏罚,3926702,393,A168_HF9F_20260827_0900,2026-08-27 09:00:00
2026-03-24,91797317,1304,0,22.0089796637,-22.0089796637,-22.0089796637,0E-7,1,1,0.49324550000000000,0.493245500000,-0.9865810262130424,-0.9865810262130424,-0.9865810262130424,0E-17,ELIGIBLE,R03b_20260811_FULL_v1,L1_ELIGIBILITY,v2026-08-11,2026-03-21..2026-08-06,baccarat_bet02_101_all_pairs_incl_sentinel,round_win = game_pnl > 0 (decisive only),COMPATIBILITY_ONLY_NOT_PRODUCTION,21006.2458,18687.5319,-61.6222,1247,1247,0.00293352,-0.13859161,0.00938335,0.00293352,61.6222,21006.2458,OK,0.0000,-2.4649,4.0000,96.0000,AG03-UNRESOLVED,ALL5_LEVELS_bet23_to_bet27,-2.4649,-2.4649,-2.4649,-4.3136,-4.3136,4.000000,4.000000,4.000000,7.000000,7.000000,96.000000,96.000000,96.000000,93.000000,93.000000,5.0,-16.0218,-14.4684,-45.6004,-47.1538,PENDING_AG03,FALSE,NOT_FOR_ENFORCEMENT,-59.1573,17940.0307,-61.6222,-59.1573,-2.4649,-0.00293352,-0.00281618,-2.4649,-59.1573,-0.00281618,-2.4649,-2.4649,-2.4649,-4.3136,-4.3136,-59.1573,-0.00281618,-16.0218,-14.4684,-45.6004,-47.1538,-0.00217080,-0.00224475,-0.00011734,16.8454,14.9860,-0.0494,-0.6419,-0.0525,218.8151,12.9896,13.0801,17.0694,10.3857,11.0045,21.0062,31.5093,42.0124,42.1647,10.5412,0.0,3.81775,3.831594,1.530778,30,171,130,2,0.04358735,-0.00293352,0.13859161,0E-8,0.000000,0.889618,0.000000,-0.14797496,2026-03-22,2026-08-05,96,1173,774,137,0.700730,0.766291,0.776478,0.145291,,,,,,,,GLOBAL_BASELINE_NO_ENTITY_RANKING,,,NOT_APPLICABLE_GLOBAL_BASELINE,HF9g-P5,,,,X 全窗基线 · 不参与实体赏罚,3926703,393,A168_HF9F_20260827_0900,2026-08-27 09:00:00
2026-03-24,91797317,1505,0,6.6026938991,-6.6026938991,-6.6026938991,0E-7,1,1,0.49324550000000000,0.493245500000,-0.9865810262130424,-0.9865810262130424,-0.9865810262130424,0E-17,ELIGIBLE,R03b_20260811_FULL_v1,L1_ELIGIBILITY,v2026-08-11,2026-03-21..2026-08-06,baccarat_bet02_101_all_pairs_incl_sentinel,round_win = game_pnl > 0 (decisive only),COMPATIBILITY_ONLY_NOT_PRODUCTION,21006.2458,18687.5319,-61.6222,1247,1247,0.00293352,-0.13859161,0.00938335,0.00293352,61.6222,21006.2458,OK,0.0000,-2.4649,4.0000,96.0000,AG03-UNRESOLVED,ALL5_LEVELS_bet23_to_bet27,-2.4649,-2.4649,-2.4649,-4.3136,-4.3136,4.000000,4.000000,4.000000,7.000000,7.000000,96.000000,96.000000,96.000000,93.000000,93.000000,5.0,-16.0218,-14.4684,-45.6004,-47.1538,PENDING_AG03,FALSE,NOT_FOR_ENFORCEMENT,-59.1573,17940.0307,-61.6222,-59.1573,-2.4649,-0.00293352,-0.00281618,-2.4649,-59.1573,-0.00281618,-2.4649,-2.4649,-2.4649,-4.3136,-4.3136,-59.1573,-0.00281618,-16.0218,-14.4684,-45.6004,-47.1538,-0.00217080,-0.00224475,-0.00011734,16.8454,14.9860,-0.0494,-0.6419,-0.0525,218.8151,12.9896,13.0801,17.0694,10.3857,11.0045,21.0062,31.5093,42.0124,42.1647,10.5412,0.0,3.81775,3.831594,1.530778,30,171,130,2,0.04358735,-0.00293352,0.13859161,0E-8,0.000000,0.889618,0.000000,-0.14797496,2026-03-22,2026-08-05,96,1173,774,137,0.700730,0.766291,0.776478,0.145291,,,,,,,,GLOBAL_BASELINE_NO_ENTITY_RANKING,,,NOT_APPLICABLE_GLOBAL_BASELINE,HF9g-P5,,,,X 全窗基线 · 不参与实体赏罚,3926704,393,A168_HF9F_20260827_0900,2026-08-27 09:00:00
2026-03-24,91797317,2141,0,22.0089796637,-22.0089796637,-22.0089796637,0E-7,1,1,0.49324550000000000,0.493245500000,-0.9865810262130424,-0.9865810262130424,-0.9865810262130424,0E-17,ELIGIBLE,R03b_20260811_FULL_v1,L1_ELIGIBILITY,v2026-08-11,2026-03-21..2026-08-06,baccarat_bet02_101_all_pairs_incl_sentinel,round_win = game_pnl > 0 (decisive only),COMPATIBILITY_ONLY_NOT_PRODUCTION,21006.2458,18687.5319,-61.6222,1247,1247,0.00293352,-0.13859161,0.00938335,0.00293352,61.6222,21006.2458,OK,0.0000,-2.4649,4.0000,96.0000,AG03-UNRESOLVED,ALL5_LEVELS_bet23_to_bet27,-2.4649,-2.4649,-2.4649,-4.3136,-4.3136,4.000000,4.000000,4.000000,7.000000,7.000000,96.000000,96.000000,96.000000,93.000000,93.000000,5.0,-16.0218,-14.4684,-45.6004,-47.1538,PENDING_AG03,FALSE,NOT_FOR_ENFORCEMENT,-59.1573,17940.0307,-61.6222,-59.1573,-2.4649,-0.00293352,-0.00281618,-2.4649,-59.1573,-0.00281618,-2.4649,-2.4649,-2.4649,-4.3136,-4.3136,-59.1573,-0.00281618,-16.0218,-14.4684,-45.6004,-47.1538,-0.00217080,-0.00224475,-0.00011734,16.8454,14.9860,-0.0494,-0.6419,-0.0525,218.8151,12.9896,13.0801,17.0694,10.3857,11.0045,21.0062,31.5093,42.0124,42.1647,10.5412,0.0,3.81775,3.831594,1.530778,30,171,130,2,0.04358735,-0.00293352,0.13859161,0E-8,0.000000,0.889618,0.000000,-0.14797496,2026-03-22,2026-08-05,96,1173,774,137,0.700730,0.766291,0.776478,0.145291,,,,,,,,GLOBAL_BASELINE_NO_ENTITY_RANKING,,,NOT_APPLICABLE_GLOBAL_BASELINE,HF9g-P5,,,,X 全窗基线 · 不参与实体赏罚,3926705,393,A168_HF9F_20260827_0900,2026-08-27 09:00:00
2026-03-24,91797317,2258,0,6.6026938991,6.6026938991,6.6026938991,1.0000000,1,1,0.49324550000000000,0.493245500000,1.01360149184955,1.01360149184955,1.01360149184955,0E-17,ELIGIBLE,R03b_20260811_FULL_v1,L1_ELIGIBILITY,v2026-08-11,2026-03-21..2026-08-06,baccarat_bet02_101_all_pairs_incl_sentinel,round_win = game_pnl > 0 (decisive only),COMPATIBILITY_ONLY_NOT_PRODUCTION,21006.2458,18687.5319,-61.6222,1247,1247,0.00293352,-0.13859161,0.00938335,0.00293352,61.6222,21006.2458,OK,0.0000,-2.4649,4.0000,96.0000,AG03-UNRESOLVED,ALL5_LEVELS_bet23_to_bet27,-2.4649,-2.4649,-2.4649,-4.3136,-4.3136,4.000000,4.000000,4.000000,7.000000,7.000000,96.000000,96.000000,96.000000,93.000000,93.000000,5.0,-16.0218,-14.4684,-45.6004,-47.1538,PENDING_AG03,FALSE,NOT_FOR_ENFORCEMENT,-59.1573,17940.0307,-61.6222,-59.1573,-2.4649,-0.00293352,-0.00281618,-2.4649,-59.1573,-0.00281618,-2.4649,-2.4649,-2.4649,-4.3136,-4.3136,-59.1573,-0.00281618,-16.0218,-14.4684,-45.6004,-47.1538,-0.00217080,-0.00224475,-0.00011734,16.8454,14.9860,-0.0494,-0.6419,-0.0525,218.8151,12.9896,13.0801,17.0694,10.3857,11.0045,21.0062,31.5093,42.0124,42.1647,10.5412,0.0,3.81775,3.831594,1.530778,30,171,130,2,0.04358735,-0.00293352,0.13859161,0E-8,0.000000,0.889618,0.000000,-0.14797496,2026-03-22,2026-08-05,96,1173,774,137,0.700730,0.766291,0.776478,0.145291,,,,,,,,GLOBAL_BASELINE_NO_ENTITY_RANKING,,,NOT_APPLICABLE_GLOBAL_BASELINE,HF9g-P5,,,,X 全窗基线 · 不参与实体赏罚,3926706,393,A168_HF9F_20260827_0900,2026-08-27 09:00:00
2026-03-24,91797317,462,0,6.6026938991,6.6026938991,6.6026938991,1.0000000,1,1,0.49324550000000000,0.493245500000,1.01360149184955,1.01360149184955,1.01360149184955,0E-17,ELIGIBLE,R03b_20260811_FULL_v1,L1_ELIGIBILITY,v2026-08-11,2026-03-21..2026-08-06,baccarat_bet02_101_all_pairs_incl_sentinel,round_win = game_pnl > 0 (decisive only),COMPATIBILITY_ONLY_NOT_PRODUCTION,21006.2458,18687.5319,-61.6222,1247,1247,0.00293352,-0.13859161,0.00938335,0.00293352,61.6222,21006.2458,OK,0.0000,-2.4649,4.0000,96.0000,AG03-UNRESOLVED,ALL5_LEVELS_bet23_to_bet27,-2.4649,-2.4649,-2.4649,-4.3136,-4.3136,4.000000,4.000000,4.000000,7.000000,7.000000,96.000000,96.000000,96.000000,93.000000,93.000000,5.0,-16.0218,-14.4684,-45.6004,-47.1538,PENDING_AG03,FALSE,NOT_FOR_ENFORCEMENT,-59.1573,17940.0307,-61.6222,-59.1573,-2.4649,-0.00293352,-0.00281618,-2.4649,-59.1573,-0.00281618,-2.4649,-2.4649,-2.4649,-4.3136,-4.3136,-59.1573,-0.00281618,-16.0218,-14.4684,-45.6004,-47.1538,-0.00217080,-0.00224475,-0.00011734,16.8454,14.9860,-0.0494,-0.6419,-0.0525,218.8151,12.9896,13.0801,17.0694,10.3857,11.0045,21.0062,31.5093,42.0124,42.1647,10.5412,0.0,3.81775,3.831594,1.530778,30,171,130,2,0.04358735,-0.00293352,0.13859161,0E-8,0.000000,0.889618,0.000000,-0.14797496,2026-03-22,2026-08-05,96,1173,774,137,0.700730,0.766291,0.776478,0.145291,,,,,,,,GLOBAL_BASELINE_NO_ENTITY_RANKING,,,NOT_APPLICABLE_GLOBAL_BASELINE,HF9g-P5,,,,X 全窗基线 · 不参与实体赏罚,3926707,393,A168_HF9F_20260827_0900,2026-08-27 09:00:00
2026-03-25,91797317,763,0,11.0044898319,-11.0044898319,-11.0044898319,0E-7,1,1,0.49324550000000000,0.493245500000,-0.9865810262130424,-0.9865810262130424,-0.9865810262130424,0E-17,ELIGIBLE,R03b_20260811_FULL_v1,L1_ELIGIBILITY,v2026-08-11,2026-03-21..2026-08-06,baccarat_bet02_101_all_pairs_incl_sentinel,round_win = game_pnl > 0 (decisive only),COMPATIBILITY_ONLY_NOT_PRODUCTION,21006.2458,18687.5319,-61.6222,1247,1247,0.00293352,-0.13859161,0.00938335,0.00293352,61.6222,21006.2458,OK,0.0000,-2.4649,4.0000,96.0000,AG03-UNRESOLVED,ALL5_LEVELS_bet23_to_bet27,-2.4649,-2.4649,-2.4649,-4.3136,-4.3136,4.000000,4.000000,4.000000,7.000000,7.000000,96.000000,96.000000,96.000000,93.000000,93.000000,5.0,-16.0218,-14.4684,-45.6004,-47.1538,PENDING_AG03,FALSE,NOT_FOR_ENFORCEMENT,-59.1573,17940.0307,-61.6222,-59.1573,-2.4649,-0.00293352,-0.00281618,-2.4649,-59.1573,-0.00281618,-2.4649,-2.4649,-2.4649,-4.3136,-4.3136,-59.1573,-0.00281618,-16.0218,-14.4684,-45.6004,-47.1538,-0.00217080,-0.00224475,-0.00011734,16.8454,14.9860,-0.0494,-0.6419,-0.0525,218.8151,12.9896,13.0801,17.0694,10.3857,11.0045,21.0062,31.5093,42.0124,42.1647,10.5412,0.0,3.81775,3.831594,1.530778,30,171,130,2,0.04358735,-0.00293352,0.13859161,0E-8,0.000000,0.889618,0.000000,-0.14797496,2026-03-22,2026-08-05,96,1173,774,137,0.700730,0.766291,0.776478,0.145291,,,,,,,,GLOBAL_BASELINE_NO_ENTITY_RANKING,,,NOT_APPLICABLE_GLOBAL_BASELINE,HF9g-P5,,,,X 全窗基线 · 不参与实体赏罚,3926708,393,A168_HF9F_20260827_0900,2026-08-27 09:00:00
2026-03-26,91797317,1994,0,11.0044898319,-11.0044898319,-11.0044898319,0E-7,1,1,0.49324550000000000,0.493245500000,-0.9865810262130424,-0.9865810262130424,-0.9865810262130424,0E-17,ELIGIBLE,R03b_20260811_FULL_v1,L1_ELIGIBILITY,v2026-08-11,2026-03-21..2026-08-06,baccarat_bet02_101_all_pairs_incl_sentinel,round_win = game_pnl > 0 (decisive only),COMPATIBILITY_ONLY_NOT_PRODUCTION,21006.2458,18687.5319,-61.6222,1247,1247,0.00293352,-0.13859161,0.00938335,0.00293352,61.6222,21006.2458,OK,0.0000,-2.4649,4.0000,96.0000,AG03-UNRESOLVED,ALL5_LEVELS_bet23_to_bet27,-2.4649,-2.4649,-2.4649,-4.3136,-4.3136,4.000000,4.000000,4.000000,7.000000,7.000000,96.000000,96.000000,96.000000,93.000000,93.000000,5.0,-16.0218,-14.4684,-45.6004,-47.1538,PENDING_AG03,FALSE,NOT_FOR_ENFORCEMENT,-59.1573,17940.0307,-61.6222,-59.1573,-2.4649,-0.00293352,-0.00281618,-2.4649,-59.1573,-0.00281618,-2.4649,-2.4649,-2.4649,-4.3136,-4.3136,-59.1573,-0.00281618,-16.0218,-14.4684,-45.6004,-47.1538,-0.00217080,-0.00224475,-0.00011734,16.8454,14.9860,-0.0494,-0.6419,-0.0525,218.8151,12.9896,13.0801,17.0694,10.3857,11.0045,21.0062,31.5093,42.0124,42.1647,10.5412,0.0,3.81775,3.831594,1.530778,30,171,130,2,0.04358735,-0.00293352,0.13859161,0E-8,0.000000,0.889618,0.000000,-0.14797496,2026-03-22,2026-08-05,96,1173,774,137,0.700730,0.766291,0.776478,0.145291,,,,,,,,GLOBAL_BASELINE_NO_ENTITY_RANKING,,,NOT_APPLICABLE_GLOBAL_BASELINE,HF9g-P5,,,,X 全窗基线 · 不参与实体赏罚,3926709,393,A168_HF9F_20260827_0900,2026-08-27 09:00:00
2026-03-26,91797317,2142,0,22.0089796637,-22.0089796637,-22.0089796637,0E-7,1,1,0.49324550000000000,0.493245500000,-0.9865810262130424,-0.9865810262130424,-0.9865810262130424,0E-17,ELIGIBLE,R03b_20260811_FULL_v1,L1_ELIGIBILITY,v2026-08-11,2026-03-21..2026-08-06,baccarat_bet02_101_all_pairs_incl_sentinel,round_win = game_pnl > 0 (decisive only),COMPATIBILITY_ONLY_NOT_PRODUCTION,21006.2458,18687.5319,-61.6222,1247,1247,0.00293352,-0.13859161,0.00938335,0.00293352,61.6222,21006.2458,OK,0.0000,-2.4649,4.0000,96.0000,AG03-UNRESOLVED,ALL5_LEVELS_bet23_to_bet27,-2.4649,-2.4649,-2.4649,-4.3136,-4.3136,4.000000,4.000000,4.000000,7.000000,7.000000,96.000000,96.000000,96.000000,93.000000,93.000000,5.0,-16.0218,-14.4684,-45.6004,-47.1538,PENDING_AG03,FALSE,NOT_FOR_ENFORCEMENT,-59.1573,17940.0307,-61.6222,-59.1573,-2.4649,-0.00293352,-0.00281618,-2.4649,-59.1573,-0.00281618,-2.4649,-2.4649,-2.4649,-4.3136,-4.3136,-59.1573,-0.00281618,-16.0218,-14.4684,-45.6004,-47.1538,-0.00217080,-0.00224475,-0.00011734,16.8454,14.9860,-0.0494,-0.6419,-0.0525,218.8151,12.9896,13.0801,17.0694,10.3857,11.0045,21.0062,31.5093,42.0124,42.1647,10.5412,0.0,3.81775,3.831594,1.530778,30,171,130,2,0.04358735,-0.00293352,0.13859161,0E-8,0.000000,0.889618,0.000000,-0.14797496,2026-03-22,2026-08-05,96,1173,774,137,0.700730,0.766291,0.776478,0.145291,,,,,,,,GLOBAL_BASELINE_NO_ENTITY_RANKING,,,NOT_APPLICABLE_GLOBAL_BASELINE,HF9g-P5,,,,X 全窗基线 · 不参与实体赏罚,3926710,393,A168_HF9F_20260827_0900,2026-08-27 09:00:00
2026-03-27,91797317,-1,1,88.0359186549,-11.0044898318,-11.0044898318,0.3333333,4,4,0.49324550000000000,0.493245500000,-0.5540025479526107,-0.5540025479526106,-0.5540025479526107,0E-17,SENTINEL_DEALER,R03b_20260811_FULL_v1,L1_ELIGIBILITY,v2026-08-11,2026-03-21..2026-08-06,baccarat_bet02_101_all_pairs_incl_sentinel,round_win = game_pnl > 0 (decisive only),COMPATIBILITY_ONLY_NOT_PRODUCTION,21006.2458,18687.5319,-61.6222,1247,1247,0.00293352,-0.13859161,0.00938335,0.00293352,61.6222,21006.2458,OK,0.0000,-2.4649,4.0000,96.0000,AG03-UNRESOLVED,ALL5_LEVELS_bet23_to_bet27,-2.4649,-2.4649,-2.4649,-4.3136,-4.3136,4.000000,4.000000,4.000000,7.000000,7.000000,96.000000,96.000000,96.000000,93.000000,93.000000,5.0,-16.0218,-14.4684,-45.6004,-47.1538,PENDING_AG03,FALSE,NOT_FOR_ENFORCEMENT,-59.1573,17940.0307,-61.6222,-59.1573,-2.4649,-0.00293352,-0.00281618,-2.4649,-59.1573,-0.00281618,-2.4649,-2.4649,-2.4649,-4.3136,-4.3136,-59.1573,-0.00281618,-16.0218,-14.4684,-45.6004,-47.1538,-0.00217080,-0.00224475,-0.00011734,16.8454,14.9860,-0.0494,-0.6419,-0.0525,218.8151,12.9896,13.0801,17.0694,10.3857,11.0045,21.0062,31.5093,42.0124,42.1647,10.5412,0.0,3.81775,3.831594,1.530778,30,171,130,2,0.04358735,-0.00293352,0.13859161,0E-8,0.000000,0.889618,0.000000,-0.14797496,2026-03-22,2026-08-05,96,1173,774,137,0.700730,0.766291,0.776478,0.145291,,,,,,,,GLOBAL_BASELINE_NO_ENTITY_RANKING,,,NOT_APPLICABLE_GLOBAL_BASELINE,HF9g-P5,,,,X 全窗基线 · 不参与实体赏罚,3926711,393,A168_HF9F_20260827_0900,2026-08-27 09:00:00
2026-03-27,91797317,1306,0,44.0179593274,44.0179593274,44.0179593274,1.0000000,1,1,0.49324550000000000,0.493245500000,1.01360149184955,1.01360149184955,1.01360149184955,0E-17,ELIGIBLE,R03b_20260811_FULL_v1,L1_ELIGIBILITY,v2026-08-11,2026-03-21..2026-08-06,baccarat_bet02_101_all_pairs_incl_sentinel,round_win = game_pnl > 0 (decisive only),COMPATIBILITY_ONLY_NOT_PRODUCTION,21006.2458,18687.5319,-61.6222,1247,1247,0.00293352,-0.13859161,0.00938335,0.00293352,61.6222,21006.2458,OK,0.0000,-2.4649,4.0000,96.0000,AG03-UNRESOLVED,ALL5_LEVELS_bet23_to_bet27,-2.4649,-2.4649,-2.4649,-4.3136,-4.3136,4.000000,4.000000,4.000000,7.000000,7.000000,96.000000,96.000000,96.000000,93.000000,93.000000,5.0,-16.0218,-14.4684,-45.6004,-47.1538,PENDING_AG03,FALSE,NOT_FOR_ENFORCEMENT,-59.1573,17940.0307,-61.6222,-59.1573,-2.4649,-0.00293352,-0.00281618,-2.4649,-59.1573,-0.00281618,-2.4649,-2.4649,-2.4649,-4.3136,-4.3136,-59.1573,-0.00281618,-16.0218,-14.4684,-45.6004,-47.1538,-0.00217080,-0.00224475,-0.00011734,16.8454,14.9860,-0.0494,-0.6419,-0.0525,218.8151,12.9896,13.0801,17.0694,10.3857,11.0045,21.0062,31.5093,42.0124,42.1647,10.5412,0.0,3.81775,3.831594,1.530778,30,171,130,2,0.04358735,-0.00293352,0.13859161,0E-8,0.000000,0.889618,0.000000,-0.14797496,2026-03-22,2026-08-05,96,1173,774,137,0.700730,0.766291,0.776478,0.145291,,,,,,,,GLOBAL_BASELINE_NO_ENTITY_RANKING,,,NOT_APPLICABLE_GLOBAL_BASELINE,HF9g-P5,,,,X 全窗基线 · 不参与实体赏罚,3926712,393,A168_HF9F_20260827_0900,2026-08-27 09:00:00
2026-03-27,91797317,1323,0,22.0089796637,-22.0089796637,-22.0089796637,0E-7,1,1,0.49324550000000000,0.493245500000,-0.9865810262130424,-0.9865810262130424,-0.9865810262130424,0E-17,ELIGIBLE,R03b_20260811_FULL_v1,L1_ELIGIBILITY,v2026-08-11,2026-03-21..2026-08-06,baccarat_bet02_101_all_pairs_incl_sentinel,round_win = game_pnl > 0 (decisive only),COMPATIBILITY_ONLY_NOT_PRODUCTION,21006.2458,18687.5319,-61.6222,1247,1247,0.00293352,-0.13859161,0.00938335,0.00293352,61.6222,21006.2458,OK,0.0000,-2.4649,4.0000,96.0000,AG03-UNRESOLVED,ALL5_LEVELS_bet23_to_bet27,-2.4649,-2.4649,-2.4649,-4.3136,-4.3136,4.000000,4.000000,4.000000,7.000000,7.000000,96.000000,96.000000,96.000000,93.000000,93.000000,5.0,-16.0218,-14.4684,-45.6004,-47.1538,PENDING_AG03,FALSE,NOT_FOR_ENFORCEMENT,-59.1573,17940.0307,-61.6222,-59.1573,-2.4649,-0.00293352,-0.00281618,-2.4649,-59.1573,-0.00281618,-2.4649,-2.4649,-2.4649,-4.3136,-4.3136,-59.1573,-0.00281618,-16.0218,-14.4684,-45.6004,-47.1538,-0.00217080,-0.00224475,-0.00011734,16.8454,14.9860,-0.0494,-0.6419,-0.0525,218.8151,12.9896,13.0801,17.0694,10.3857,11.0045,21.0062,31.5093,42.0124,42.1647,10.5412,0.0,3.81775,3.831594,1.530778,30,171,130,2,0.04358735,-0.00293352,0.13859161,0E-8,0.000000,0.889618,0.000000,-0.14797496,2026-03-22,2026-08-05,96,1173,774,137,0.700730,0.766291,0.776478,0.145291,,,,,,,,GLOBAL_BASELINE_NO_ENTITY_RANKING,,,NOT_APPLICABLE_GLOBAL_BASELINE,HF9g-P5,,,,X 全窗基线 · 不参与实体赏罚,3926713,393,A168_HF9F_20260827_0900,2026-08-27 09:00:00
2026-03-27,91797317,1400,0,11.0044898319,11.0044898319,11.0044898319,1.0000000,1,1,0.49324550000000000,0.493245500000,1.01360149184955,1.01360149184955,1.01360149184955,0E-17,ELIGIBLE,R03b_20260811_FULL_v1,L1_ELIGIBILITY,v2026-08-11,2026-03-21..2026-08-06,baccarat_bet02_101_all_pairs_incl_sentinel,round_win = game_pnl > 0 (decisive only),COMPATIBILITY_ONLY_NOT_PRODUCTION,21006.2458,18687.5319,-61.6222,1247,1247,0.00293352,-0.13859161,0.00938335,0.00293352,61.6222,21006.2458,OK,0.0000,-2.4649,4.0000,96.0000,AG03-UNRESOLVED,ALL5_LEVELS_bet23_to_bet27,-2.4649,-2.4649,-2.4649,-4.3136,-4.3136,4.000000,4.000000,4.000000,7.000000,7.000000,96.000000,96.000000,96.000000,93.000000,93.000000,5.0,-16.0218,-14.4684,-45.6004,-47.1538,PENDING_AG03,FALSE,NOT_FOR_ENFORCEMENT,-59.1573,17940.0307,-61.6222,-59.1573,-2.4649,-0.00293352,-0.00281618,-2.4649,-59.1573,-0.00281618,-2.4649,-2.4649,-2.4649,-4.3136,-4.3136,-59.1573,-0.00281618,-16.0218,-14.4684,-45.6004,-47.1538,-0.00217080,-0.00224475,-0.00011734,16.8454,14.9860,-0.0494,-0.6419,-0.0525,218.8151,12.9896,13.0801,17.0694,10.3857,11.0045,21.0062,31.5093,42.0124,42.1647,10.5412,0.0,3.81775,3.831594,1.530778,30,171,130,2,0.04358735,-0.00293352,0.13859161,0E-8,0.000000,0.889618,0.000000,-0.14797496,2026-03-22,2026-08-05,96,1173,774,137,0.700730,0.766291,0.776478,0.145291,,,,,,,,GLOBAL_BASELINE_NO_ENTITY_RANKING,,,NOT_APPLICABLE_GLOBAL_BASELINE,HF9g-P5,,,,X 全窗基线 · 不参与实体赏罚,3926714,393,A168_HF9F_20260827_0900,2026-08-27 09:00:00
2026-03-27,91797317,1491,0,66.0269389911,0E-10,0E-10,,2,2,0.49324550000000000,0.493245500000,,,,0E-17,NO_DECISIVE_ROUND,R03b_20260811_FULL_v1,L1_ELIGIBILITY,v2026-08-11,2026-03-21..2026-08-06,baccarat_bet02_101_all_pairs_incl_sentinel,round_win = game_pnl > 0 (decisive only),COMPATIBILITY_ONLY_NOT_PRODUCTION,21006.2458,18687.5319,-61.6222,1247,1247,0.00293352,-0.13859161,0.00938335,0.00293352,61.6222,21006.2458,OK,0.0000,-2.4649,4.0000,96.0000,AG03-UNRESOLVED,ALL5_LEVELS_bet23_to_bet27,-2.4649,-2.4649,-2.4649,-4.3136,-4.3136,4.000000,4.000000,4.000000,7.000000,7.000000,96.000000,96.000000,96.000000,93.000000,93.000000,5.0,-16.0218,-14.4684,-45.6004,-47.1538,PENDING_AG03,FALSE,NOT_FOR_ENFORCEMENT,-59.1573,17940.0307,-61.6222,-59.1573,-2.4649,-0.00293352,-0.00281618,-2.4649,-59.1573,-0.00281618,-2.4649,-2.4649,-2.4649,-4.3136,-4.3136,-59.1573,-0.00281618,-16.0218,-14.4684,-45.6004,-47.1538,-0.00217080,-0.00224475,-0.00011734,16.8454,14.9860,-0.0494,-0.6419,-0.0525,218.8151,12.9896,13.0801,17.0694,10.3857,11.0045,21.0062,31.5093,42.0124,42.1647,10.5412,0.0,3.81775,3.831594,1.530778,30,171,130,2,0.04358735,-0.00293352,0.13859161,0E-8,0.000000,0.889618,0.000000,-0.14797496,2026-03-22,2026-08-05,96,1173,774,137,0.700730,0.766291,0.776478,0.145291,,,,,,,,GLOBAL_BASELINE_NO_ENTITY_RANKING,,,NOT_APPLICABLE_GLOBAL_BASELINE,HF9g-P5,,,,X 全窗基线 · 不参与实体赏罚,3926715,393,A168_HF9F_20260827_0900,2026-08-27 09:00:00
2026-03-27,91797317,1951,0,22.0089796637,-22.0089796637,-22.0089796637,0E-7,1,1,0.49324550000000000,0.493245500000,-0.9865810262130424,-0.9865810262130424,-0.9865810262130424,0E-17,ELIGIBLE,R03b_20260811_FULL_v1,L1_ELIGIBILITY,v2026-08-11,2026-03-21..2026-08-06,baccarat_bet02_101_all_pairs_incl_sentinel,round_win = game_pnl > 0 (decisive only),COMPATIBILITY_ONLY_NOT_PRODUCTION,21006.2458,18687.5319,-61.6222,1247,1247,0.00293352,-0.13859161,0.00938335,0.00293352,61.6222,21006.2458,OK,0.0000,-2.4649,4.0000,96.0000,AG03-UNRESOLVED,ALL5_LEVELS_bet23_to_bet27,-2.4649,-2.4649,-2.4649,-4.3136,-4.3136,4.000000,4.000000,4.000000,7.000000,7.000000,96.000000,96.000000,96.000000,93.000000,93.000000,5.0,-16.0218,-14.4684,-45.6004,-47.1538,PENDING_AG03,FALSE,NOT_FOR_ENFORCEMENT,-59.1573,17940.0307,-61.6222,-59.1573,-2.4649,-0.00293352,-0.00281618,-2.4649,-59.1573,-0.00281618,-2.4649,-2.4649,-2.4649,-4.3136,-4.3136,-59.1573,-0.00281618,-16.0218,-14.4684,-45.6004,-47.1538,-0.00217080,-0.00224475,-0.00011734,16.8454,14.9860,-0.0494,-0.6419,-0.0525,218.8151,12.9896,13.0801,17.0694,10.3857,11.0045,21.0062,31.5093,42.0124,42.1647,10.5412,0.0,3.81775,3.831594,1.530778,30,171,130,2,0.04358735,-0.00293352,0.13859161,0E-8,0.000000,0.889618,0.000000,-0.14797496,2026-03-22,2026-08-05,96,1173,774,137,0.700730,0.766291,0.776478,0.145291,,,,,,,,GLOBAL_BASELINE_NO_ENTITY_RANKING,,,NOT_APPLICABLE_GLOBAL_BASELINE,HF9g-P5,,,,X 全窗基线 · 不参与实体赏罚,3926716,393,A168_HF9F_20260827_0900,2026-08-27 09:00:00
2026-03-27,91797317,1957,0,22.0089796637,22.0089796637,22.0089796637,1.0000000,1,1,0.49324550000000000,0.493245500000,1.01360149184955,1.01360149184955,1.01360149184955,0E-17,ELIGIBLE,R03b_20260811_FULL_v1,L1_ELIGIBILITY,v2026-08-11,2026-03-21..2026-08-06,baccarat_bet02_101_all_pairs_incl_sentinel,round_win = game_pnl > 0 (decisive only),COMPATIBILITY_ONLY_NOT_PRODUCTION,21006.2458,18687.5319,-61.6222,1247,1247,0.00293352,-0.13859161,0.00938335,0.00293352,61.6222,21006.2458,OK,0.0000,-2.4649,4.0000,96.0000,AG03-UNRESOLVED,ALL5_LEVELS_bet23_to_bet27,-2.4649,-2.4649,-2.4649,-4.3136,-4.3136,4.000000,4.000000,4.000000,7.000000,7.000000,96.000000,96.000000,96.000000,93.000000,93.000000,5.0,-16.0218,-14.4684,-45.6004,-47.1538,PENDING_AG03,FALSE,NOT_FOR_ENFORCEMENT,-59.1573,17940.0307,-61.6222,-59.1573,-2.4649,-0.00293352,-0.00281618,-2.4649,-59.1573,-0.00281618,-2.4649,-2.4649,-2.4649,-4.3136,-4.3136,-59.1573,-0.00281618,-16.0218,-14.4684,-45.6004,-47.1538,-0.00217080,-0.00224475,-0.00011734,16.8454,14.9860,-0.0494,-0.6419,-0.0525,218.8151,12.9896,13.0801,17.0694,10.3857,11.0045,21.0062,31.5093,42.0124,42.1647,10.5412,0.0,3.81775,3.831594,1.530778,30,171,130,2,0.04358735,-0.00293352,0.13859161,0E-8,0.000000,0.889618,0.000000,-0.14797496,2026-03-22,2026-08-05,96,1173,774,137,0.700730,0.766291,0.776478,0.145291,,,,,,,,GLOBAL_BASELINE_NO_ENTITY_RANKING,,,NOT_APPLICABLE_GLOBAL_BASELINE,HF9g-P5,,,,X 全窗基线 · 不参与实体赏罚,3926717,393,A168_HF9F_20260827_0900,2026-08-27 09:00:00
2026-03-27,91797317,2103,0,44.0179593274,-44.0179593274,-44.0179593274,0E-7,1,1,0.49324550000000000,0.493245500000,-0.9865810262130424,-0.9865810262130424,-0.9865810262130424,0E-17,ELIGIBLE,R03b_20260811_FULL_v1,L1_ELIGIBILITY,v2026-08-11,2026-03-21..2026-08-06,baccarat_bet02_101_all_pairs_incl_sentinel,round_win = game_pnl > 0 (decisive only),COMPATIBILITY_ONLY_NOT_PRODUCTION,21006.2458,18687.5319,-61.6222,1247,1247,0.00293352,-0.13859161,0.00938335,0.00293352,61.6222,21006.2458,OK,0.0000,-2.4649,4.0000,96.0000,AG03-UNRESOLVED,ALL5_LEVELS_bet23_to_bet27,-2.4649,-2.4649,-2.4649,-4.3136,-4.3136,4.000000,4.000000,4.000000,7.000000,7.000000,96.000000,96.000000,96.000000,93.000000,93.000000,5.0,-16.0218,-14.4684,-45.6004,-47.1538,PENDING_AG03,FALSE,NOT_FOR_ENFORCEMENT,-59.1573,17940.0307,-61.6222,-59.1573,-2.4649,-0.00293352,-0.00281618,-2.4649,-59.1573,-0.00281618,-2.4649,-2.4649,-2.4649,-4.3136,-4.3136,-59.1573,-0.00281618,-16.0218,-14.4684,-45.6004,-47.1538,-0.00217080,-0.00224475,-0.00011734,16.8454,14.9860,-0.0494,-0.6419,-0.0525,218.8151,12.9896,13.0801,17.0694,10.3857,11.0045,21.0062,31.5093,42.0124,42.1647,10.5412,0.0,3.81775,3.831594,1.530778,30,171,130,2,0.04358735,-0.00293352,0.13859161,0E-8,0.000000,0.889618,0.000000,-0.14797496,2026-03-22,2026-08-05,96,1173,774,137,0.700730,0.766291,0.776478,0.145291,,,,,,,,GLOBAL_BASELINE_NO_ENTITY_RANKING,,,NOT_APPLICABLE_GLOBAL_BASELINE,HF9g-P5,,,,X 全窗基线 · 不参与实体赏罚,3926718,393,A168_HF9F_20260827_0900,2026-08-27 09:00:00
2026-03-27,91797317,2147,0,22.0089796637,-22.0089796637,-22.0089796637,0E-7,1,1,0.49324550000000000,0.493245500000,-0.9865810262130424,-0.9865810262130424,-0.9865810262130424,0E-17,ELIGIBLE,R03b_20260811_FULL_v1,L1_ELIGIBILITY,v2026-08-11,2026-03-21..2026-08-06,baccarat_bet02_101_all_pairs_incl_sentinel,round_win = game_pnl > 0 (decisive only),COMPATIBILITY_ONLY_NOT_PRODUCTION,21006.2458,18687.5319,-61.6222,1247,1247,0.00293352,-0.13859161,0.00938335,0.00293352,61.6222,21006.2458,OK,0.0000,-2.4649,4.0000,96.0000,AG03-UNRESOLVED,ALL5_LEVELS_bet23_to_bet27,-2.4649,-2.4649,-2.4649,-4.3136,-4.3136,4.000000,4.000000,4.000000,7.000000,7.000000,96.000000,96.000000,96.000000,93.000000,93.000000,5.0,-16.0218,-14.4684,-45.6004,-47.1538,PENDING_AG03,FALSE,NOT_FOR_ENFORCEMENT,-59.1573,17940.0307,-61.6222,-59.1573,-2.4649,-0.00293352,-0.00281618,-2.4649,-59.1573,-0.00281618,-2.4649,-2.4649,-2.4649,-4.3136,-4.3136,-59.1573,-0.00281618,-16.0218,-14.4684,-45.6004,-47.1538,-0.00217080,-0.00224475,-0.00011734,16.8454,14.9860,-0.0494,-0.6419,-0.0525,218.8151,12.9896,13.0801,17.0694,10.3857,11.0045,21.0062,31.5093,42.0124,42.1647,10.5412,0.0,3.81775,3.831594,1.530778,30,171,130,2,0.04358735,-0.00293352,0.13859161,0E-8,0.000000,0.889618,0.000000,-0.14797496,2026-03-22,2026-08-05,96,1173,774,137,0.700730,0.766291,0.776478,0.145291,,,,,,,,GLOBAL_BASELINE_NO_ENTITY_RANKING,,,NOT_APPLICABLE_GLOBAL_BASELINE,HF9g-P5,,,,X 全窗基线 · 不参与实体赏罚,3926719,393,A168_HF9F_20260827_0900,2026-08-27 09:00:00
2026-03-27,91797317,2209,0,33.0134694956,-33.0134694956,-33.0134694956,0E-7,1,1,0.49324550000000000,0.493245500000,-0.9865810262130424,-0.9865810262130424,-0.9865810262130424,0E-17,ELIGIBLE,R03b_20260811_FULL_v1,L1_ELIGIBILITY,v2026-08-11,2026-03-21..2026-08-06,baccarat_bet02_101_all_pairs_incl_sentinel,round_win = game_pnl > 0 (decisive only),COMPATIBILITY_ONLY_NOT_PRODUCTION,21006.2458,18687.5319,-61.6222,1247,1247,0.00293352,-0.13859161,0.00938335,0.00293352,61.6222,21006.2458,OK,0.0000,-2.4649,4.0000,96.0000,AG03-UNRESOLVED,ALL5_LEVELS_bet23_to_bet27,-2.4649,-2.4649,-2.4649,-4.3136,-4.3136,4.000000,4.000000,4.000000,7.000000,7.000000,96.000000,96.000000,96.000000,93.000000,93.000000,5.0,-16.0218,-14.4684,-45.6004,-47.1538,PENDING_AG03,FALSE,NOT_FOR_ENFORCEMENT,-59.1573,17940.0307,-61.6222,-59.1573,-2.4649,-0.00293352,-0.00281618,-2.4649,-59.1573,-0.00281618,-2.4649,-2.4649,-2.4649,-4.3136,-4.3136,-59.1573,-0.00281618,-16.0218,-14.4684,-45.6004,-47.1538,-0.00217080,-0.00224475,-0.00011734,16.8454,14.9860,-0.0494,-0.6419,-0.0525,218.8151,12.9896,13.0801,17.0694,10.3857,11.0045,21.0062,31.5093,42.0124,42.1647,10.5412,0.0,3.81775,3.831594,1.530778,30,171,130,2,0.04358735,-0.00293352,0.13859161,0E-8,0.000000,0.889618,0.000000,-0.14797496,2026-03-22,2026-08-05,96,1173,774,137,0.700730,0.766291,0.776478,0.145291,,,,,,,,GLOBAL_BASELINE_NO_ENTITY_RANKING,,,NOT_APPLICABLE_GLOBAL_BASELINE,HF9g-P5,,,,X 全窗基线 · 不参与实体赏罚,3926720,393,A168_HF9F_20260827_0900,2026-08-27 09:00:00
2026-03-27,91797317,2224,0,22.0089796637,22.0089796637,22.0089796637,1.0000000,1,1,0.49324550000000000,0.493245500000,1.01360149184955,1.01360149184955,1.01360149184955,0E-17,ELIGIBLE,R03b_20260811_FULL_v1,L1_ELIGIBILITY,v2026-08-11,2026-03-21..2026-08-06,baccarat_bet02_101_all_pairs_incl_sentinel,round_win = game_pnl > 0 (decisive only),COMPATIBILITY_ONLY_NOT_PRODUCTION,21006.2458,18687.5319,-61.6222,1247,1247,0.00293352,-0.13859161,0.00938335,0.00293352,61.6222,21006.2458,OK,0.0000,-2.4649,4.0000,96.0000,AG03-UNRESOLVED,ALL5_LEVELS_bet23_to_bet27,-2.4649,-2.4649,-2.4649,-4.3136,-4.3136,4.000000,4.000000,4.000000,7.000000,7.000000,96.000000,96.000000,96.000000,93.000000,93.000000,5.0,-16.0218,-14.4684,-45.6004,-47.1538,PENDING_AG03,FALSE,NOT_FOR_ENFORCEMENT,-59.1573,17940.0307,-61.6222,-59.1573,-2.4649,-0.00293352,-0.00281618,-2.4649,-59.1573,-0.00281618,-2.4649,-2.4649,-2.4649,-4.3136,-4.3136,-59.1573,-0.00281618,-16.0218,-14.4684,-45.6004,-47.1538,-0.00217080,-0.00224475,-0.00011734,16.8454,14.9860,-0.0494,-0.6419,-0.0525,218.8151,12.9896,13.0801,17.0694,10.3857,11.0045,21.0062,31.5093,42.0124,42.1647,10.5412,0.0,3.81775,3.831594,1.530778,30,171,130,2,0.04358735,-0.00293352,0.13859161,0E-8,0.000000,0.889618,0.000000,-0.14797496,2026-03-22,2026-08-05,96,1173,774,137,0.700730,0.766291,0.776478,0.145291,,,,,,,,GLOBAL_BASELINE_NO_ENTITY_RANKING,,,NOT_APPLICABLE_GLOBAL_BASELINE,HF9g-P5,,,,X 全窗基线 · 不参与实体赏罚,3926721,393,A168_HF9F_20260827_0900,2026-08-27 09:00:00
2026-03-27,91797317,2251,0,11.0044898319,11.0044898319,11.0044898319,1.0000000,1,1,0.49324550000000000,0.493245500000,1.01360149184955,1.01360149184955,1.01360149184955,0E-17,ELIGIBLE,R03b_20260811_FULL_v1,L1_ELIGIBILITY,v2026-08-11,2026-03-21..2026-08-06,baccarat_bet02_101_all_pairs_incl_sentinel,round_win = game_pnl > 0 (decisive only),COMPATIBILITY_ONLY_NOT_PRODUCTION,21006.2458,18687.5319,-61.6222,1247,1247,0.00293352,-0.13859161,0.00938335,0.00293352,61.6222,21006.2458,OK,0.0000,-2.4649,4.0000,96.0000,AG03-UNRESOLVED,ALL5_LEVELS_bet23_to_bet27,-2.4649,-2.4649,-2.4649,-4.3136,-4.3136,4.000000,4.000000,4.000000,7.000000,7.000000,96.000000,96.000000,96.000000,93.000000,93.000000,5.0,-16.0218,-14.4684,-45.6004,-47.1538,PENDING_AG03,FALSE,NOT_FOR_ENFORCEMENT,-59.1573,17940.0307,-61.6222,-59.1573,-2.4649,-0.00293352,-0.00281618,-2.4649,-59.1573,-0.00281618,-2.4649,-2.4649,-2.4649,-4.3136,-4.3136,-59.1573,-0.00281618,-16.0218,-14.4684,-45.6004,-47.1538,-0.00217080,-0.00224475,-0.00011734,16.8454,14.9860,-0.0494,-0.6419,-0.0525,218.8151,12.9896,13.0801,17.0694,10.3857,11.0045,21.0062,31.5093,42.0124,42.1647,10.5412,0.0,3.81775,3.831594,1.530778,30,171,130,2,0.04358735,-0.00293352,0.13859161,0E-8,0.000000,0.889618,0.000000,-0.14797496,2026-03-22,2026-08-05,96,1173,774,137,0.700730,0.766291,0.776478,0.145291,,,,,,,,GLOBAL_BASELINE_NO_ENTITY_RANKING,,,NOT_APPLICABLE_GLOBAL_BASELINE,HF9g-P5,,,,X 全窗基线 · 不参与实体赏罚,3926722,393,A168_HF9F_20260827_0900,2026-08-27 09:00:00
2026-03-27,91797317,752,0,44.0179593274,22.0089796637,22.0089796637,1.0000000,2,2,0.49324550000000000,0.493245500000,1.01360149184955,1.01360149184955,1.01360149184955,0E-17,ELIGIBLE,R03b_20260811_FULL_v1,L1_ELIGIBILITY,v2026-08-11,2026-03-21..2026-08-06,baccarat_bet02_101_all_pairs_incl_sentinel,round_win = game_pnl > 0 (decisive only),COMPATIBILITY_ONLY_NOT_PRODUCTION,21006.2458,18687.5319,-61.6222,1247,1247,0.00293352,-0.13859161,0.00938335,0.00293352,61.6222,21006.2458,OK,0.0000,-2.4649,4.0000,96.0000,AG03-UNRESOLVED,ALL5_LEVELS_bet23_to_bet27,-2.4649,-2.4649,-2.4649,-4.3136,-4.3136,4.000000,4.000000,4.000000,7.000000,7.000000,96.000000,96.000000,96.000000,93.000000,93.000000,5.0,-16.0218,-14.4684,-45.6004,-47.1538,PENDING_AG03,FALSE,NOT_FOR_ENFORCEMENT,-59.1573,17940.0307,-61.6222,-59.1573,-2.4649,-0.00293352,-0.00281618,-2.4649,-59.1573,-0.00281618,-2.4649,-2.4649,-2.4649,-4.3136,-4.3136,-59.1573,-0.00281618,-16.0218,-14.4684,-45.6004,-47.1538,-0.00217080,-0.00224475,-0.00011734,16.8454,14.9860,-0.0494,-0.6419,-0.0525,218.8151,12.9896,13.0801,17.0694,10.3857,11.0045,21.0062,31.5093,42.0124,42.1647,10.5412,0.0,3.81775,3.831594,1.530778,30,171,130,2,0.04358735,-0.00293352,0.13859161,0E-8,0.000000,0.889618,0.000000,-0.14797496,2026-03-22,2026-08-05,96,1173,774,137,0.700730,0.766291,0.776478,0.145291,,,,,,,,GLOBAL_BASELINE_NO_ENTITY_RANKING,,,NOT_APPLICABLE_GLOBAL_BASELINE,HF9g-P5,,,,X 全窗基线 · 不参与实体赏罚,3926723,393,A168_HF9F_20260827_0900,2026-08-27 09:00:00
2026-03-28,91797317,-1,1,13.2053877982,0E-10,0E-10,0.5000000,2,2,0.49324550000000000,0.493245500000,0.01910635448239258,0.01910635448239258,0.01910635448239258,0E-17,SENTINEL_DEALER,R03b_20260811_FULL_v1,L1_ELIGIBILITY,v2026-08-11,2026-03-21..2026-08-06,baccarat_bet02_101_all_pairs_incl_sentinel,round_win = game_pnl > 0 (decisive only),COMPATIBILITY_ONLY_NOT_PRODUCTION,21006.2458,18687.5319,-61.6222,1247,1247,0.00293352,-0.13859161,0.00938335,0.00293352,61.6222,21006.2458,OK,0.0000,-2.4649,4.0000,96.0000,AG03-UNRESOLVED,ALL5_LEVELS_bet23_to_bet27,-2.4649,-2.4649,-2.4649,-4.3136,-4.3136,4.000000,4.000000,4.000000,7.000000,7.000000,96.000000,96.000000,96.000000,93.000000,93.000000,5.0,-16.0218,-14.4684,-45.6004,-47.1538,PENDING_AG03,FALSE,NOT_FOR_ENFORCEMENT,-59.1573,17940.0307,-61.6222,-59.1573,-2.4649,-0.00293352,-0.00281618,-2.4649,-59.1573,-0.00281618,-2.4649,-2.4649,-2.4649,-4.3136,-4.3136,-59.1573,-0.00281618,-16.0218,-14.4684,-45.6004,-47.1538,-0.00217080,-0.00224475,-0.00011734,16.8454,14.9860,-0.0494,-0.6419,-0.0525,218.8151,12.9896,13.0801,17.0694,10.3857,11.0045,21.0062,31.5093,42.0124,42.1647,10.5412,0.0,3.81775,3.831594,1.530778,30,171,130,2,0.04358735,-0.00293352,0.13859161,0E-8,0.000000,0.889618,0.000000,-0.14797496,2026-03-22,2026-08-05,96,1173,774,137,0.700730,0.766291,0.776478,0.145291,,,,,,,,GLOBAL_BASELINE_NO_ENTITY_RANKING,,,NOT_APPLICABLE_GLOBAL_BASELINE,HF9g-P5,,,,X 全窗基线 · 不参与实体赏罚,3926724,393,A168_HF9F_20260827_0900,2026-08-27 09:00:00
2026-03-28,91797317,1325,0,6.6026938991,-6.6026938991,-6.6026938991,0E-7,1,1,0.49324550000000000,0.493245500000,-0.9865810262130424,-0.9865810262130424,-0.9865810262130424,0E-17,ELIGIBLE,R03b_20260811_FULL_v1,L1_ELIGIBILITY,v2026-08-11,2026-03-21..2026-08-06,baccarat_bet02_101_all_pairs_incl_sentinel,round_win = game_pnl > 0 (decisive only),COMPATIBILITY_ONLY_NOT_PRODUCTION,21006.2458,18687.5319,-61.6222,1247,1247,0.00293352,-0.13859161,0.00938335,0.00293352,61.6222,21006.2458,OK,0.0000,-2.4649,4.0000,96.0000,AG03-UNRESOLVED,ALL5_LEVELS_bet23_to_bet27,-2.4649,-2.4649,-2.4649,-4.3136,-4.3136,4.000000,4.000000,4.000000,7.000000,7.000000,96.000000,96.000000,96.000000,93.000000,93.000000,5.0,-16.0218,-14.4684,-45.6004,-47.1538,PENDING_AG03,FALSE,NOT_FOR_ENFORCEMENT,-59.1573,17940.0307,-61.6222,-59.1573,-2.4649,-0.00293352,-0.00281618,-2.4649,-59.1573,-0.00281618,-2.4649,-2.4649,-2.4649,-4.3136,-4.3136,-59.1573,-0.00281618,-16.0218,-14.4684,-45.6004,-47.1538,-0.00217080,-0.00224475,-0.00011734,16.8454,14.9860,-0.0494,-0.6419,-0.0525,218.8151,12.9896,13.0801,17.0694,10.3857,11.0045,21.0062,31.5093,42.0124,42.1647,10.5412,0.0,3.81775,3.831594,1.530778,30,171,130,2,0.04358735,-0.00293352,0.13859161,0E-8,0.000000,0.889618,0.000000,-0.14797496,2026-03-22,2026-08-05,96,1173,774,137,0.700730,0.766291,0.776478,0.145291,,,,,,,,GLOBAL_BASELINE_NO_ENTITY_RANKING,,,NOT_APPLICABLE_GLOBAL_BASELINE,HF9g-P5,,,,X 全窗基线 · 不参与实体赏罚,3926725,393,A168_HF9F_20260827_0900,2026-08-27 09:00:00
2026-03-28,91797317,1354,0,6.6026938991,6.6026938991,6.6026938991,1.0000000,1,1,0.49324550000000000,0.493245500000,1.01360149184955,1.01360149184955,1.01360149184955,0E-17,ELIGIBLE,R03b_20260811_FULL_v1,L1_ELIGIBILITY,v2026-08-11,2026-03-21..2026-08-06,baccarat_bet02_101_all_pairs_incl_sentinel,round_win = game_pnl > 0 (decisive only),COMPATIBILITY_ONLY_NOT_PRODUCTION,21006.2458,18687.5319,-61.6222,1247,1247,0.00293352,-0.13859161,0.00938335,0.00293352,61.6222,21006.2458,OK,0.0000,-2.4649,4.0000,96.0000,AG03-UNRESOLVED,ALL5_LEVELS_bet23_to_bet27,-2.4649,-2.4649,-2.4649,-4.3136,-4.3136,4.000000,4.000000,4.000000,7.000000,7.000000,96.000000,96.000000,96.000000,93.000000,93.000000,5.0,-16.0218,-14.4684,-45.6004,-47.1538,PENDING_AG03,FALSE,NOT_FOR_ENFORCEMENT,-59.1573,17940.0307,-61.6222,-59.1573,-2.4649,-0.00293352,-0.00281618,-2.4649,-59.1573,-0.00281618,-2.4649,-2.4649,-2.4649,-4.3136,-4.3136,-59.1573,-0.00281618,-16.0218,-14.4684,-45.6004,-47.1538,-0.00217080,-0.00224475,-0.00011734,16.8454,14.9860,-0.0494,-0.6419,-0.0525,218.8151,12.9896,13.0801,17.0694,10.3857,11.0045,21.0062,31.5093,42.0124,42.1647,10.5412,0.0,3.81775,3.831594,1.530778,30,171,130,2,0.04358735,-0.00293352,0.13859161,0E-8,0.000000,0.889618,0.000000,-0.14797496,2026-03-22,2026-08-05,96,1173,774,137,0.700730,0.766291,0.776478,0.145291,,,,,,,,GLOBAL_BASELINE_NO_ENTITY_RANKING,,,NOT_APPLICABLE_GLOBAL_BASELINE,HF9g-P5,,,,X 全窗基线 · 不参与实体赏罚,3926726,393,A168_HF9F_20260827_0900,2026-08-27 09:00:00
2026-03-28,91797317,1505,0,22.0089796637,-22.0089796637,-22.0089796637,0E-7,1,1,0.49324550000000000,0.493245500000,-0.9865810262130424,-0.9865810262130424,-0.9865810262130424,0E-17,ELIGIBLE,R03b_20260811_FULL_v1,L1_ELIGIBILITY,v2026-08-11,2026-03-21..2026-08-06,baccarat_bet02_101_all_pairs_incl_sentinel,round_win = game_pnl > 0 (decisive only),COMPATIBILITY_ONLY_NOT_PRODUCTION,21006.2458,18687.5319,-61.6222,1247,1247,0.00293352,-0.13859161,0.00938335,0.00293352,61.6222,21006.2458,OK,0.0000,-2.4649,4.0000,96.0000,AG03-UNRESOLVED,ALL5_LEVELS_bet23_to_bet27,-2.4649,-2.4649,-2.4649,-4.3136,-4.3136,4.000000,4.000000,4.000000,7.000000,7.000000,96.000000,96.000000,96.000000,93.000000,93.000000,5.0,-16.0218,-14.4684,-45.6004,-47.1538,PENDING_AG03,FALSE,NOT_FOR_ENFORCEMENT,-59.1573,17940.0307,-61.6222,-59.1573,-2.4649,-0.00293352,-0.00281618,-2.4649,-59.1573,-0.00281618,-2.4649,-2.4649,-2.4649,-4.3136,-4.3136,-59.1573,-0.00281618,-16.0218,-14.4684,-45.6004,-47.1538,-0.00217080,-0.00224475,-0.00011734,16.8454,14.9860,-0.0494,-0.6419,-0.0525,218.8151,12.9896,13.0801,17.0694,10.3857,11.0045,21.0062,31.5093,42.0124,42.1647,10.5412,0.0,3.81775,3.831594,1.530778,30,171,130,2,0.04358735,-0.00293352,0.13859161,0E-8,0.000000,0.889618,0.000000,-0.14797496,2026-03-22,2026-08-05,96,1173,774,137,0.700730,0.766291,0.776478,0.145291,,,,,,,,GLOBAL_BASELINE_NO_ENTITY_RANKING,,,NOT_APPLICABLE_GLOBAL_BASELINE,HF9g-P5,,,,X 全窗基线 · 不参与实体赏罚,3926727,393,A168_HF9F_20260827_0900,2026-08-27 09:00:00
2026-03-28,91797317,1711,0,6.6026938991,6.6026938991,6.6026938991,1.0000000,1,1,0.49324550000000000,0.493245500000,1.01360149184955,1.01360149184955,1.01360149184955,0E-17,ELIGIBLE,R03b_20260811_FULL_v1,L1_ELIGIBILITY,v2026-08-11,2026-03-21..2026-08-06,baccarat_bet02_101_all_pairs_incl_sentinel,round_win = game_pnl > 0 (decisive only),COMPATIBILITY_ONLY_NOT_PRODUCTION,21006.2458,18687.5319,-61.6222,1247,1247,0.00293352,-0.13859161,0.00938335,0.00293352,61.6222,21006.2458,OK,0.0000,-2.4649,4.0000,96.0000,AG03-UNRESOLVED,ALL5_LEVELS_bet23_to_bet27,-2.4649,-2.4649,-2.4649,-4.3136,-4.3136,4.000000,4.000000,4.000000,7.000000,7.000000,96.000000,96.000000,96.000000,93.000000,93.000000,5.0,-16.0218,-14.4684,-45.6004,-47.1538,PENDING_AG03,FALSE,NOT_FOR_ENFORCEMENT,-59.1573,17940.0307,-61.6222,-59.1573,-2.4649,-0.00293352,-0.00281618,-2.4649,-59.1573,-0.00281618,-2.4649,-2.4649,-2.4649,-4.3136,-4.3136,-59.1573,-0.00281618,-16.0218,-14.4684,-45.6004,-47.1538,-0.00217080,-0.00224475,-0.00011734,16.8454,14.9860,-0.0494,-0.6419,-0.0525,218.8151,12.9896,13.0801,17.0694,10.3857,11.0045,21.0062,31.5093,42.0124,42.1647,10.5412,0.0,3.81775,3.831594,1.530778,30,171,130,2,0.04358735,-0.00293352,0.13859161,0E-8,0.000000,0.889618,0.000000,-0.14797496,2026-03-22,2026-08-05,96,1173,774,137,0.700730,0.766291,0.776478,0.145291,,,,,,,,GLOBAL_BASELINE_NO_ENTITY_RANKING,,,NOT_APPLICABLE_GLOBAL_BASELINE,HF9g-P5,,,,X 全窗基线 · 不参与实体赏罚,3926728,393,A168_HF9F_20260827_0900,2026-08-27 09:00:00
2026-03-28,91797317,2105,0,6.6026938991,-6.6026938991,-6.6026938991,0E-7,1,1,0.49324550000000000,0.493245500000,-0.9865810262130424,-0.9865810262130424,-0.9865810262130424,0E-17,ELIGIBLE,R03b_20260811_FULL_v1,L1_ELIGIBILITY,v2026-08-11,2026-03-21..2026-08-06,baccarat_bet02_101_all_pairs_incl_sentinel,round_win = game_pnl > 0 (decisive only),COMPATIBILITY_ONLY_NOT_PRODUCTION,21006.2458,18687.5319,-61.6222,1247,1247,0.00293352,-0.13859161,0.00938335,0.00293352,61.6222,21006.2458,OK,0.0000,-2.4649,4.0000,96.0000,AG03-UNRESOLVED,ALL5_LEVELS_bet23_to_bet27,-2.4649,-2.4649,-2.4649,-4.3136,-4.3136,4.000000,4.000000,4.000000,7.000000,7.000000,96.000000,96.000000,96.000000,93.000000,93.000000,5.0,-16.0218,-14.4684,-45.6004,-47.1538,PENDING_AG03,FALSE,NOT_FOR_ENFORCEMENT,-59.1573,17940.0307,-61.6222,-59.1573,-2.4649,-0.00293352,-0.00281618,-2.4649,-59.1573,-0.00281618,-2.4649,-2.4649,-2.4649,-4.3136,-4.3136,-59.1573,-0.00281618,-16.0218,-14.4684,-45.6004,-47.1538,-0.00217080,-0.00224475,-0.00011734,16.8454,14.9860,-0.0494,-0.6419,-0.0525,218.8151,12.9896,13.0801,17.0694,10.3857,11.0045,21.0062,31.5093,42.0124,42.1647,10.5412,0.0,3.81775,3.831594,1.530778,30,171,130,2,0.04358735,-0.00293352,0.13859161,0E-8,0.000000,0.889618,0.000000,-0.14797496,2026-03-22,2026-08-05,96,1173,774,137,0.700730,0.766291,0.776478,0.145291,,,,,,,,GLOBAL_BASELINE_NO_ENTITY_RANKING,,,NOT_APPLICABLE_GLOBAL_BASELINE,HF9g-P5,,,,X 全窗基线 · 不参与实体赏罚,3926729,393,A168_HF9F_20260827_0900,2026-08-27 09:00:00
2026-03-28,91797317,2134,0,6.6026938991,-6.6026938991,-6.6026938991,0E-7,1,1,0.49324550000000000,0.493245500000,-0.9865810262130424,-0.9865810262130424,-0.9865810262130424,0E-17,ELIGIBLE,R03b_20260811_FULL_v1,L1_ELIGIBILITY,v2026-08-11,2026-03-21..2026-08-06,baccarat_bet02_101_all_pairs_incl_sentinel,round_win = game_pnl > 0 (decisive only),COMPATIBILITY_ONLY_NOT_PRODUCTION,21006.2458,18687.5319,-61.6222,1247,1247,0.00293352,-0.13859161,0.00938335,0.00293352,61.6222,21006.2458,OK,0.0000,-2.4649,4.0000,96.0000,AG03-UNRESOLVED,ALL5_LEVELS_bet23_to_bet27,-2.4649,-2.4649,-2.4649,-4.3136,-4.3136,4.000000,4.000000,4.000000,7.000000,7.000000,96.000000,96.000000,96.000000,93.000000,93.000000,5.0,-16.0218,-14.4684,-45.6004,-47.1538,PENDING_AG03,FALSE,NOT_FOR_ENFORCEMENT,-59.1573,17940.0307,-61.6222,-59.1573,-2.4649,-0.00293352,-0.00281618,-2.4649,-59.1573,-0.00281618,-2.4649,-2.4649,-2.4649,-4.3136,-4.3136,-59.1573,-0.00281618,-16.0218,-14.4684,-45.6004,-47.1538,-0.00217080,-0.00224475,-0.00011734,16.8454,14.9860,-0.0494,-0.6419,-0.0525,218.8151,12.9896,13.0801,17.0694,10.3857,11.0045,21.0062,31.5093,42.0124,42.1647,10.5412,0.0,3.81775,3.831594,1.530778,30,171,130,2,0.04358735,-0.00293352,0.13859161,0E-8,0.000000,0.889618,0.000000,-0.14797496,2026-03-22,2026-08-05,96,1173,774,137,0.700730,0.766291,0.776478,0.145291,,,,,,,,GLOBAL_BASELINE_NO_ENTITY_RANKING,,,NOT_APPLICABLE_GLOBAL_BASELINE,HF9g-P5,,,,X 全窗基线 · 不参与实体赏罚,3926730,393,A168_HF9F_20260827_0900,2026-08-27 09:00:00
2026-03-28,91797317,2142,0,6.6026938991,-6.6026938991,-6.6026938991,0E-7,1,1,0.49324550000000000,0.493245500000,-0.9865810262130424,-0.9865810262130424,-0.9865810262130424,0E-17,ELIGIBLE,R03b_20260811_FULL_v1,L1_ELIGIBILITY,v2026-08-11,2026-03-21..2026-08-06,baccarat_bet02_101_all_pairs_incl_sentinel,round_win = game_pnl > 0 (decisive only),COMPATIBILITY_ONLY_NOT_PRODUCTION,21006.2458,18687.5319,-61.6222,1247,1247,0.00293352,-0.13859161,0.00938335,0.00293352,61.6222,21006.2458,OK,0.0000,-2.4649,4.0000,96.0000,AG03-UNRESOLVED,ALL5_LEVELS_bet23_to_bet27,-2.4649,-2.4649,-2.4649,-4.3136,-4.3136,4.000000,4.000000,4.000000,7.000000,7.000000,96.000000,96.000000,96.000000,93.000000,93.000000,5.0,-16.0218,-14.4684,-45.6004,-47.1538,PENDING_AG03,FALSE,NOT_FOR_ENFORCEMENT,-59.1573,17940.0307,-61.6222,-59.1573,-2.4649,-0.00293352,-0.00281618,-2.4649,-59.1573,-0.00281618,-2.4649,-2.4649,-2.4649,-4.3136,-4.3136,-59.1573,-0.00281618,-16.0218,-14.4684,-45.6004,-47.1538,-0.00217080,-0.00224475,-0.00011734,16.8454,14.9860,-0.0494,-0.6419,-0.0525,218.8151,12.9896,13.0801,17.0694,10.3857,11.0045,21.0062,31.5093,42.0124,42.1647,10.5412,0.0,3.81775,3.831594,1.530778,30,171,130,2,0.04358735,-0.00293352,0.13859161,0E-8,0.000000,0.889618,0.000000,-0.14797496,2026-03-22,2026-08-05,96,1173,774,137,0.700730,0.766291,0.776478,0.145291,,,,,,,,GLOBAL_BASELINE_NO_ENTITY_RANKING,,,NOT_APPLICABLE_GLOBAL_BASELINE,HF9g-P5,,,,X 全窗基线 · 不参与实体赏罚,3926731,393,A168_HF9F_20260827_0900,2026-08-27 09:00:00
2026-03-28,91797317,2156,0,6.6026938991,-6.6026938991,-6.6026938991,0E-7,1,1,0.49324550000000000,0.493245500000,-0.9865810262130424,-0.9865810262130424,-0.9865810262130424,0E-17,ELIGIBLE,R03b_20260811_FULL_v1,L1_ELIGIBILITY,v2026-08-11,2026-03-21..2026-08-06,baccarat_bet02_101_all_pairs_incl_sentinel,round_win = game_pnl > 0 (decisive only),COMPATIBILITY_ONLY_NOT_PRODUCTION,21006.2458,18687.5319,-61.6222,1247,1247,0.00293352,-0.13859161,0.00938335,0.00293352,61.6222,21006.2458,OK,0.0000,-2.4649,4.0000,96.0000,AG03-UNRESOLVED,ALL5_LEVELS_bet23_to_bet27,-2.4649,-2.4649,-2.4649,-4.3136,-4.3136,4.000000,4.000000,4.000000,7.000000,7.000000,96.000000,96.000000,96.000000,93.000000,93.000000,5.0,-16.0218,-14.4684,-45.6004,-47.1538,PENDING_AG03,FALSE,NOT_FOR_ENFORCEMENT,-59.1573,17940.0307,-61.6222,-59.1573,-2.4649,-0.00293352,-0.00281618,-2.4649,-59.1573,-0.00281618,-2.4649,-2.4649,-2.4649,-4.3136,-4.3136,-59.1573,-0.00281618,-16.0218,-14.4684,-45.6004,-47.1538,-0.00217080,-0.00224475,-0.00011734,16.8454,14.9860,-0.0494,-0.6419,-0.0525,218.8151,12.9896,13.0801,17.0694,10.3857,11.0045,21.0062,31.5093,42.0124,42.1647,10.5412,0.0,3.81775,3.831594,1.530778,30,171,130,2,0.04358735,-0.00293352,0.13859161,0E-8,0.000000,0.889618,0.000000,-0.14797496,2026-03-22,2026-08-05,96,1173,774,137,0.700730,0.766291,0.776478,0.145291,,,,,,,,GLOBAL_BASELINE_NO_ENTITY_RANKING,,,NOT_APPLICABLE_GLOBAL_BASELINE,HF9g-P5,,,,X 全窗基线 · 不参与实体赏罚,3926732,393,A168_HF9F_20260827_0900,2026-08-27 09:00:00
2026-03-28,91797317,2223,0,13.2053877982,0E-10,0E-10,0.5000000,2,2,0.49324550000000000,0.493245500000,0.01910635448239258,0.01910635448239258,0.01910635448239258,0E-17,ELIGIBLE,R03b_20260811_FULL_v1,L1_ELIGIBILITY,v2026-08-11,2026-03-21..2026-08-06,baccarat_bet02_101_all_pairs_incl_sentinel,round_win = game_pnl > 0 (decisive only),COMPATIBILITY_ONLY_NOT_PRODUCTION,21006.2458,18687.5319,-61.6222,1247,1247,0.00293352,-0.13859161,0.00938335,0.00293352,61.6222,21006.2458,OK,0.0000,-2.4649,4.0000,96.0000,AG03-UNRESOLVED,ALL5_LEVELS_bet23_to_bet27,-2.4649,-2.4649,-2.4649,-4.3136,-4.3136,4.000000,4.000000,4.000000,7.000000,7.000000,96.000000,96.000000,96.000000,93.000000,93.000000,5.0,-16.0218,-14.4684,-45.6004,-47.1538,PENDING_AG03,FALSE,NOT_FOR_ENFORCEMENT,-59.1573,17940.0307,-61.6222,-59.1573,-2.4649,-0.00293352,-0.00281618,-2.4649,-59.1573,-0.00281618,-2.4649,-2.4649,-2.4649,-4.3136,-4.3136,-59.1573,-0.00281618,-16.0218,-14.4684,-45.6004,-47.1538,-0.00217080,-0.00224475,-0.00011734,16.8454,14.9860,-0.0494,-0.6419,-0.0525,218.8151,12.9896,13.0801,17.0694,10.3857,11.0045,21.0062,31.5093,42.0124,42.1647,10.5412,0.0,3.81775,3.831594,1.530778,30,171,130,2,0.04358735,-0.00293352,0.13859161,0E-8,0.000000,0.889618,0.000000,-0.14797496,2026-03-22,2026-08-05,96,1173,774,137,0.700730,0.766291,0.776478,0.145291,,,,,,,,GLOBAL_BASELINE_NO_ENTITY_RANKING,,,NOT_APPLICABLE_GLOBAL_BASELINE,HF9g-P5,,,,X 全窗基线 · 不参与实体赏罚,3926733,393,A168_HF9F_20260827_0900,2026-08-27 09:00:00
2026-03-28,91797317,2233,0,11.0044898319,-11.0044898319,-11.0044898319,0E-7,1,1,0.49324550000000000,0.493245500000,-0.9865810262130424,-0.9865810262130424,-0.9865810262130424,0E-17,ELIGIBLE,R03b_20260811_FULL_v1,L1_ELIGIBILITY,v2026-08-11,2026-03-21..2026-08-06,baccarat_bet02_101_all_pairs_incl_sentinel,round_win = game_pnl > 0 (decisive only),COMPATIBILITY_ONLY_NOT_PRODUCTION,21006.2458,18687.5319,-61.6222,1247,1247,0.00293352,-0.13859161,0.00938335,0.00293352,61.6222,21006.2458,OK,0.0000,-2.4649,4.0000,96.0000,AG03-UNRESOLVED,ALL5_LEVELS_bet23_to_bet27,-2.4649,-2.4649,-2.4649,-4.3136,-4.3136,4.000000,4.000000,4.000000,7.000000,7.000000,96.000000,96.000000,96.000000,93.000000,93.000000,5.0,-16.0218,-14.4684,-45.6004,-47.1538,PENDING_AG03,FALSE,NOT_FOR_ENFORCEMENT,-59.1573,17940.0307,-61.6222,-59.1573,-2.4649,-0.00293352,-0.00281618,-2.4649,-59.1573,-0.00281618,-2.4649,-2.4649,-2.4649,-4.3136,-4.3136,-59.1573,-0.00281618,-16.0218,-14.4684,-45.6004,-47.1538,-0.00217080,-0.00224475,-0.00011734,16.8454,14.9860,-0.0494,-0.6419,-0.0525,218.8151,12.9896,13.0801,17.0694,10.3857,11.0045,21.0062,31.5093,42.0124,42.1647,10.5412,0.0,3.81775,3.831594,1.530778,30,171,130,2,0.04358735,-0.00293352,0.13859161,0E-8,0.000000,0.889618,0.000000,-0.14797496,2026-03-22,2026-08-05,96,1173,774,137,0.700730,0.766291,0.776478,0.145291,,,,,,,,GLOBAL_BASELINE_NO_ENTITY_RANKING,,,NOT_APPLICABLE_GLOBAL_BASELINE,HF9g-P5,,,,X 全窗基线 · 不参与实体赏罚,3926734,393,A168_HF9F_20260827_0900,2026-08-27 09:00:00
2026-03-29,91797317,-1,1,17.6071837310,4.4017959328,4.4017959328,0.5000000,2,2,0.49324550000000000,0.493245500000,0.01910635448239258,0.01910635448239258,0.01910635448239258,0E-17,SENTINEL_DEALER,R03b_20260811_FULL_v1,L1_ELIGIBILITY,v2026-08-11,2026-03-21..2026-08-06,baccarat_bet02_101_all_pairs_incl_sentinel,round_win = game_pnl > 0 (decisive only),COMPATIBILITY_ONLY_NOT_PRODUCTION,21006.2458,18687.5319,-61.6222,1247,1247,0.00293352,-0.13859161,0.00938335,0.00293352,61.6222,21006.2458,OK,0.0000,-2.4649,4.0000,96.0000,AG03-UNRESOLVED,ALL5_LEVELS_bet23_to_bet27,-2.4649,-2.4649,-2.4649,-4.3136,-4.3136,4.000000,4.000000,4.000000,7.000000,7.000000,96.000000,96.000000,96.000000,93.000000,93.000000,5.0,-16.0218,-14.4684,-45.6004,-47.1538,PENDING_AG03,FALSE,NOT_FOR_ENFORCEMENT,-59.1573,17940.0307,-61.6222,-59.1573,-2.4649,-0.00293352,-0.00281618,-2.4649,-59.1573,-0.00281618,-2.4649,-2.4649,-2.4649,-4.3136,-4.3136,-59.1573,-0.00281618,-16.0218,-14.4684,-45.6004,-47.1538,-0.00217080,-0.00224475,-0.00011734,16.8454,14.9860,-0.0494,-0.6419,-0.0525,218.8151,12.9896,13.0801,17.0694,10.3857,11.0045,21.0062,31.5093,42.0124,42.1647,10.5412,0.0,3.81775,3.831594,1.530778,30,171,130,2,0.04358735,-0.00293352,0.13859161,0E-8,0.000000,0.889618,0.000000,-0.14797496,2026-03-22,2026-08-05,96,1173,774,137,0.700730,0.766291,0.776478,0.145291,,,,,,,,GLOBAL_BASELINE_NO_ENTITY_RANKING,,,NOT_APPLICABLE_GLOBAL_BASELINE,HF9g-P5,,,,X 全窗基线 · 不参与实体赏罚,3926735,393,A168_HF9F_20260827_0900,2026-08-27 09:00:00
2026-03-29,91797317,1205,0,6.6026938991,6.6026938991,6.6026938991,1.0000000,1,1,0.49324550000000000,0.493245500000,1.01360149184955,1.01360149184955,1.01360149184955,0E-17,ELIGIBLE,R03b_20260811_FULL_v1,L1_ELIGIBILITY,v2026-08-11,2026-03-21..2026-08-06,baccarat_bet02_101_all_pairs_incl_sentinel,round_win = game_pnl > 0 (decisive only),COMPATIBILITY_ONLY_NOT_PRODUCTION,21006.2458,18687.5319,-61.6222,1247,1247,0.00293352,-0.13859161,0.00938335,0.00293352,61.6222,21006.2458,OK,0.0000,-2.4649,4.0000,96.0000,AG03-UNRESOLVED,ALL5_LEVELS_bet23_to_bet27,-2.4649,-2.4649,-2.4649,-4.3136,-4.3136,4.000000,4.000000,4.000000,7.000000,7.000000,96.000000,96.000000,96.000000,93.000000,93.000000,5.0,-16.0218,-14.4684,-45.6004,-47.1538,PENDING_AG03,FALSE,NOT_FOR_ENFORCEMENT,-59.1573,17940.0307,-61.6222,-59.1573,-2.4649,-0.00293352,-0.00281618,-2.4649,-59.1573,-0.00281618,-2.4649,-2.4649,-2.4649,-4.3136,-4.3136,-59.1573,-0.00281618,-16.0218,-14.4684,-45.6004,-47.1538,-0.00217080,-0.00224475,-0.00011734,16.8454,14.9860,-0.0494,-0.6419,-0.0525,218.8151,12.9896,13.0801,17.0694,10.3857,11.0045,21.0062,31.5093,42.0124,42.1647,10.5412,0.0,3.81775,3.831594,1.530778,30,171,130,2,0.04358735,-0.00293352,0.13859161,0E-8,0.000000,0.889618,0.000000,-0.14797496,2026-03-22,2026-08-05,96,1173,774,137,0.700730,0.766291,0.776478,0.145291,,,,,,,,GLOBAL_BASELINE_NO_ENTITY_RANKING,,,NOT_APPLICABLE_GLOBAL_BASELINE,HF9g-P5,,,,X 全窗基线 · 不参与实体赏罚,3926736,393,A168_HF9F_20260827_0900,2026-08-27 09:00:00
2026-03-29,91797317,1330,0,6.6026938991,-6.6026938991,-6.6026938991,0E-7,1,1,0.49324550000000000,0.493245500000,-0.9865810262130424,-0.9865810262130424,-0.9865810262130424,0E-17,ELIGIBLE,R03b_20260811_FULL_v1,L1_ELIGIBILITY,v2026-08-11,2026-03-21..2026-08-06,baccarat_bet02_101_all_pairs_incl_sentinel,round_win = game_pnl > 0 (decisive only),COMPATIBILITY_ONLY_NOT_PRODUCTION,21006.2458,18687.5319,-61.6222,1247,1247,0.00293352,-0.13859161,0.00938335,0.00293352,61.6222,21006.2458,OK,0.0000,-2.4649,4.0000,96.0000,AG03-UNRESOLVED,ALL5_LEVELS_bet23_to_bet27,-2.4649,-2.4649,-2.4649,-4.3136,-4.3136,4.000000,4.000000,4.000000,7.000000,7.000000,96.000000,96.000000,96.000000,93.000000,93.000000,5.0,-16.0218,-14.4684,-45.6004,-47.1538,PENDING_AG03,FALSE,NOT_FOR_ENFORCEMENT,-59.1573,17940.0307,-61.6222,-59.1573,-2.4649,-0.00293352,-0.00281618,-2.4649,-59.1573,-0.00281618,-2.4649,-2.4649,-2.4649,-4.3136,-4.3136,-59.1573,-0.00281618,-16.0218,-14.4684,-45.6004,-47.1538,-0.00217080,-0.00224475,-0.00011734,16.8454,14.9860,-0.0494,-0.6419,-0.0525,218.8151,12.9896,13.0801,17.0694,10.3857,11.0045,21.0062,31.5093,42.0124,42.1647,10.5412,0.0,3.81775,3.831594,1.530778,30,171,130,2,0.04358735,-0.00293352,0.13859161,0E-8,0.000000,0.889618,0.000000,-0.14797496,2026-03-22,2026-08-05,96,1173,774,137,0.700730,0.766291,0.776478,0.145291,,,,,,,,GLOBAL_BASELINE_NO_ENTITY_RANKING,,,NOT_APPLICABLE_GLOBAL_BASELINE,HF9g-P5,,,,X 全窗基线 · 不参与实体赏罚,3926737,393,A168_HF9F_20260827_0900,2026-08-27 09:00:00
2026-03-29,91797317,2124,0,11.0044898319,-11.0044898319,-11.0044898319,0E-7,1,1,0.49324550000000000,0.493245500000,-0.9865810262130424,-0.9865810262130424,-0.9865810262130424,0E-17,ELIGIBLE,R03b_20260811_FULL_v1,L1_ELIGIBILITY,v2026-08-11,2026-03-21..2026-08-06,baccarat_bet02_101_all_pairs_incl_sentinel,round_win = game_pnl > 0 (decisive only),COMPATIBILITY_ONLY_NOT_PRODUCTION,21006.2458,18687.5319,-61.6222,1247,1247,0.00293352,-0.13859161,0.00938335,0.00293352,61.6222,21006.2458,OK,0.0000,-2.4649,4.0000,96.0000,AG03-UNRESOLVED,ALL5_LEVELS_bet23_to_bet27,-2.4649,-2.4649,-2.4649,-4.3136,-4.3136,4.000000,4.000000,4.000000,7.000000,7.000000,96.000000,96.000000,96.000000,93.000000,93.000000,5.0,-16.0218,-14.4684,-45.6004,-47.1538,PENDING_AG03,FALSE,NOT_FOR_ENFORCEMENT,-59.1573,17940.0307,-61.6222,-59.1573,-2.4649,-0.00293352,-0.00281618,-2.4649,-59.1573,-0.00281618,-2.4649,-2.4649,-2.4649,-4.3136,-4.3136,-59.1573,-0.00281618,-16.0218,-14.4684,-45.6004,-47.1538,-0.00217080,-0.00224475,-0.00011734,16.8454,14.9860,-0.0494,-0.6419,-0.0525,218.8151,12.9896,13.0801,17.0694,10.3857,11.0045,21.0062,31.5093,42.0124,42.1647,10.5412,0.0,3.81775,3.831594,1.530778,30,171,130,2,0.04358735,-0.00293352,0.13859161,0E-8,0.000000,0.889618,0.000000,-0.14797496,2026-03-22,2026-08-05,96,1173,774,137,0.700730,0.766291,0.776478,0.145291,,,,,,,,GLOBAL_BASELINE_NO_ENTITY_RANKING,,,NOT_APPLICABLE_GLOBAL_BASELINE,HF9g-P5,,,,X 全窗基线 · 不参与实体赏罚,3926738,393,A168_HF9F_20260827_0900,2026-08-27 09:00:00
2026-03-29,91797317,2167,0,11.0044898319,-11.0044898319,-11.0044898319,0E-7,1,1,0.49324550000000000,0.493245500000,-0.9865810262130424,-0.9865810262130424,-0.9865810262130424,0E-17,ELIGIBLE,R03b_20260811_FULL_v1,L1_ELIGIBILITY,v2026-08-11,2026-03-21..2026-08-06,baccarat_bet02_101_all_pairs_incl_sentinel,round_win = game_pnl > 0 (decisive only),COMPATIBILITY_ONLY_NOT_PRODUCTION,21006.2458,18687.5319,-61.6222,1247,1247,0.00293352,-0.13859161,0.00938335,0.00293352,61.6222,21006.2458,OK,0.0000,-2.4649,4.0000,96.0000,AG03-UNRESOLVED,ALL5_LEVELS_bet23_to_bet27,-2.4649,-2.4649,-2.4649,-4.3136,-4.3136,4.000000,4.000000,4.000000,7.000000,7.000000,96.000000,96.000000,96.000000,93.000000,93.000000,5.0,-16.0218,-14.4684,-45.6004,-47.1538,PENDING_AG03,FALSE,NOT_FOR_ENFORCEMENT,-59.1573,17940.0307,-61.6222,-59.1573,-2.4649,-0.00293352,-0.00281618,-2.4649,-59.1573,-0.00281618,-2.4649,-2.4649,-2.4649,-4.3136,-4.3136,-59.1573,-0.00281618,-16.0218,-14.4684,-45.6004,-47.1538,-0.00217080,-0.00224475,-0.00011734,16.8454,14.9860,-0.0494,-0.6419,-0.0525,218.8151,12.9896,13.0801,17.0694,10.3857,11.0045,21.0062,31.5093,42.0124,42.1647,10.5412,0.0,3.81775,3.831594,1.530778,30,171,130,2,0.04358735,-0.00293352,0.13859161,0E-8,0.000000,0.889618,0.000000,-0.14797496,2026-03-22,2026-08-05,96,1173,774,137,0.700730,0.766291,0.776478,0.145291,,,,,,,,GLOBAL_BASELINE_NO_ENTITY_RANKING,,,NOT_APPLICABLE_GLOBAL_BASELINE,HF9g-P5,,,,X 全窗基线 · 不参与实体赏罚,3926739,393,A168_HF9F_20260827_0900,2026-08-27 09:00:00
2026-03-29,91797317,2256,0,11.0044898319,-11.0044898319,-11.0044898319,0E-7,1,1,0.49324550000000000,0.493245500000,-0.9865810262130424,-0.9865810262130424,-0.9865810262130424,0E-17,ELIGIBLE,R03b_20260811_FULL_v1,L1_ELIGIBILITY,v2026-08-11,2026-03-21..2026-08-06,baccarat_bet02_101_all_pairs_incl_sentinel,round_win = game_pnl > 0 (decisive only),COMPATIBILITY_ONLY_NOT_PRODUCTION,21006.2458,18687.5319,-61.6222,1247,1247,0.00293352,-0.13859161,0.00938335,0.00293352,61.6222,21006.2458,OK,0.0000,-2.4649,4.0000,96.0000,AG03-UNRESOLVED,ALL5_LEVELS_bet23_to_bet27,-2.4649,-2.4649,-2.4649,-4.3136,-4.3136,4.000000,4.000000,4.000000,7.000000,7.000000,96.000000,96.000000,96.000000,93.000000,93.000000,5.0,-16.0218,-14.4684,-45.6004,-47.1538,PENDING_AG03,FALSE,NOT_FOR_ENFORCEMENT,-59.1573,17940.0307,-61.6222,-59.1573,-2.4649,-0.00293352,-0.00281618,-2.4649,-59.1573,-0.00281618,-2.4649,-2.4649,-2.4649,-4.3136,-4.3136,-59.1573,-0.00281618,-16.0218,-14.4684,-45.6004,-47.1538,-0.00217080,-0.00224475,-0.00011734,16.8454,14.9860,-0.0494,-0.6419,-0.0525,218.8151,12.9896,13.0801,17.0694,10.3857,11.0045,21.0062,31.5093,42.0124,42.1647,10.5412,0.0,3.81775,3.831594,1.530778,30,171,130,2,0.04358735,-0.00293352,0.13859161,0E-8,0.000000,0.889618,0.000000,-0.14797496,2026-03-22,2026-08-05,96,1173,774,137,0.700730,0.766291,0.776478,0.145291,,,,,,,,GLOBAL_BASELINE_NO_ENTITY_RANKING,,,NOT_APPLICABLE_GLOBAL_BASELINE,HF9g-P5,,,,X 全窗基线 · 不参与实体赏罚,3926740,393,A168_HF9F_20260827_0900,2026-08-27 09:00:00
2026-03-30,91797317,-1,1,26.4107755964,-13.2053877982,-13.2053877982,0.2500000,4,4,0.49324550000000000,0.493245500000,-0.9730707933947887,-0.9730707933947887,-0.9730707933947887,0E-17,SENTINEL_DEALER,R03b_20260811_FULL_v1,L1_ELIGIBILITY,v2026-08-11,2026-03-21..2026-08-06,baccarat_bet02_101_all_pairs_incl_sentinel,round_win = game_pnl > 0 (decisive only),COMPATIBILITY_ONLY_NOT_PRODUCTION,21006.2458,18687.5319,-61.6222,1247,1247,0.00293352,-0.13859161,0.00938335,0.00293352,61.6222,21006.2458,OK,0.0000,-2.4649,4.0000,96.0000,AG03-UNRESOLVED,ALL5_LEVELS_bet23_to_bet27,-2.4649,-2.4649,-2.4649,-4.3136,-4.3136,4.000000,4.000000,4.000000,7.000000,7.000000,96.000000,96.000000,96.000000,93.000000,93.000000,5.0,-16.0218,-14.4684,-45.6004,-47.1538,PENDING_AG03,FALSE,NOT_FOR_ENFORCEMENT,-59.1573,17940.0307,-61.6222,-59.1573,-2.4649,-0.00293352,-0.00281618,-2.4649,-59.1573,-0.00281618,-2.4649,-2.4649,-2.4649,-4.3136,-4.3136,-59.1573,-0.00281618,-16.0218,-14.4684,-45.6004,-47.1538,-0.00217080,-0.00224475,-0.00011734,16.8454,14.9860,-0.0494,-0.6419,-0.0525,218.8151,12.9896,13.0801,17.0694,10.3857,11.0045,21.0062,31.5093,42.0124,42.1647,10.5412,0.0,3.81775,3.831594,1.530778,30,171,130,2,0.04358735,-0.00293352,0.13859161,0E-8,0.000000,0.889618,0.000000,-0.14797496,2026-03-22,2026-08-05,96,1173,774,137,0.700730,0.766291,0.776478,0.145291,,,,,,,,GLOBAL_BASELINE_NO_ENTITY_RANKING,,,NOT_APPLICABLE_GLOBAL_BASELINE,HF9g-P5,,,,X 全窗基线 · 不参与实体赏罚,3926741,393,A168_HF9F_20260827_0900,2026-08-27 09:00:00
2026-03-30,91797317,1323,0,6.6026938991,6.6026938991,6.6026938991,1.0000000,1,1,0.49324550000000000,0.493245500000,1.01360149184955,1.01360149184955,1.01360149184955,0E-17,ELIGIBLE,R03b_20260811_FULL_v1,L1_ELIGIBILITY,v2026-08-11,2026-03-21..2026-08-06,baccarat_bet02_101_all_pairs_incl_sentinel,round_win = game_pnl > 0 (decisive only),COMPATIBILITY_ONLY_NOT_PRODUCTION,21006.2458,18687.5319,-61.6222,1247,1247,0.00293352,-0.13859161,0.00938335,0.00293352,61.6222,21006.2458,OK,0.0000,-2.4649,4.0000,96.0000,AG03-UNRESOLVED,ALL5_LEVELS_bet23_to_bet27,-2.4649,-2.4649,-2.4649,-4.3136,-4.3136,4.000000,4.000000,4.000000,7.000000,7.000000,96.000000,96.000000,96.000000,93.000000,93.000000,5.0,-16.0218,-14.4684,-45.6004,-47.1538,PENDING_AG03,FALSE,NOT_FOR_ENFORCEMENT,-59.1573,17940.0307,-61.6222,-59.1573,-2.4649,-0.00293352,-0.00281618,-2.4649,-59.1573,-0.00281618,-2.4649,-2.4649,-2.4649,-4.3136,-4.3136,-59.1573,-0.00281618,-16.0218,-14.4684,-45.6004,-47.1538,-0.00217080,-0.00224475,-0.00011734,16.8454,14.9860,-0.0494,-0.6419,-0.0525,218.8151,12.9896,13.0801,17.0694,10.3857,11.0045,21.0062,31.5093,42.0124,42.1647,10.5412,0.0,3.81775,3.831594,1.530778,30,171,130,2,0.04358735,-0.00293352,0.13859161,0E-8,0.000000,0.889618,0.000000,-0.14797496,2026-03-22,2026-08-05,96,1173,774,137,0.700730,0.766291,0.776478,0.145291,,,,,,,,GLOBAL_BASELINE_NO_ENTITY_RANKING,,,NOT_APPLICABLE_GLOBAL_BASELINE,HF9g-P5,,,,X 全窗基线 · 不参与实体赏罚,3926742,393,A168_HF9F_20260827_0900,2026-08-27 09:00:00
2026-03-30,91797317,1331,0,6.6026938991,-6.6026938991,-6.6026938991,0E-7,1,1,0.49324550000000000,0.493245500000,-0.9865810262130424,-0.9865810262130424,-0.9865810262130424,0E-17,ELIGIBLE,R03b_20260811_FULL_v1,L1_ELIGIBILITY,v2026-08-11,2026-03-21..2026-08-06,baccarat_bet02_101_all_pairs_incl_sentinel,round_win = game_pnl > 0 (decisive only),COMPATIBILITY_ONLY_NOT_PRODUCTION,21006.2458,18687.5319,-61.6222,1247,1247,0.00293352,-0.13859161,0.00938335,0.00293352,61.6222,21006.2458,OK,0.0000,-2.4649,4.0000,96.0000,AG03-UNRESOLVED,ALL5_LEVELS_bet23_to_bet27,-2.4649,-2.4649,-2.4649,-4.3136,-4.3136,4.000000,4.000000,4.000000,7.000000,7.000000,96.000000,96.000000,96.000000,93.000000,93.000000,5.0,-16.0218,-14.4684,-45.6004,-47.1538,PENDING_AG03,FALSE,NOT_FOR_ENFORCEMENT,-59.1573,17940.0307,-61.6222,-59.1573,-2.4649,-0.00293352,-0.00281618,-2.4649,-59.1573,-0.00281618,-2.4649,-2.4649,-2.4649,-4.3136,-4.3136,-59.1573,-0.00281618,-16.0218,-14.4684,-45.6004,-47.1538,-0.00217080,-0.00224475,-0.00011734,16.8454,14.9860,-0.0494,-0.6419,-0.0525,218.8151,12.9896,13.0801,17.0694,10.3857,11.0045,21.0062,31.5093,42.0124,42.1647,10.5412,0.0,3.81775,3.831594,1.530778,30,171,130,2,0.04358735,-0.00293352,0.13859161,0E-8,0.000000,0.889618,0.000000,-0.14797496,2026-03-22,2026-08-05,96,1173,774,137,0.700730,0.766291,0.776478,0.145291,,,,,,,,GLOBAL_BASELINE_NO_ENTITY_RANKING,,,NOT_APPLICABLE_GLOBAL_BASELINE,HF9g-P5,,,,X 全窗基线 · 不参与实体赏罚,3926743,393,A168_HF9F_20260827_0900,2026-08-27 09:00:00
2026-03-30,91797317,1702,0,6.6026938991,6.6026938991,6.6026938991,1.0000000,1,1,0.49324550000000000,0.493245500000,1.01360149184955,1.01360149184955,1.01360149184955,0E-17,ELIGIBLE,R03b_20260811_FULL_v1,L1_ELIGIBILITY,v2026-08-11,2026-03-21..2026-08-06,baccarat_bet02_101_all_pairs_incl_sentinel,round_win = game_pnl > 0 (decisive only),COMPATIBILITY_ONLY_NOT_PRODUCTION,21006.2458,18687.5319,-61.6222,1247,1247,0.00293352,-0.13859161,0.00938335,0.00293352,61.6222,21006.2458,OK,0.0000,-2.4649,4.0000,96.0000,AG03-UNRESOLVED,ALL5_LEVELS_bet23_to_bet27,-2.4649,-2.4649,-2.4649,-4.3136,-4.3136,4.000000,4.000000,4.000000,7.000000,7.000000,96.000000,96.000000,96.000000,93.000000,93.000000,5.0,-16.0218,-14.4684,-45.6004,-47.1538,PENDING_AG03,FALSE,NOT_FOR_ENFORCEMENT,-59.1573,17940.0307,-61.6222,-59.1573,-2.4649,-0.00293352,-0.00281618,-2.4649,-59.1573,-0.00281618,-2.4649,-2.4649,-2.4649,-4.3136,-4.3136,-59.1573,-0.00281618,-16.0218,-14.4684,-45.6004,-47.1538,-0.00217080,-0.00224475,-0.00011734,16.8454,14.9860,-0.0494,-0.6419,-0.0525,218.8151,12.9896,13.0801,17.0694,10.3857,11.0045,21.0062,31.5093,42.0124,42.1647,10.5412,0.0,3.81775,3.831594,1.530778,30,171,130,2,0.04358735,-0.00293352,0.13859161,0E-8,0.000000,0.889618,0.000000,-0.14797496,2026-03-22,2026-08-05,96,1173,774,137,0.700730,0.766291,0.776478,0.145291,,,,,,,,GLOBAL_BASELINE_NO_ENTITY_RANKING,,,NOT_APPLICABLE_GLOBAL_BASELINE,HF9g-P5,,,,X 全窗基线 · 不参与实体赏罚,3926744,393,A168_HF9F_20260827_0900,2026-08-27 09:00:00
2026-03-30,91797317,1704,0,6.6026938991,0E-10,0E-10,,1,1,0.49324550000000000,0.493245500000,,,,0E-17,NO_DECISIVE_ROUND,R03b_20260811_FULL_v1,L1_ELIGIBILITY,v2026-08-11,2026-03-21..2026-08-06,baccarat_bet02_101_all_pairs_incl_sentinel,round_win = game_pnl > 0 (decisive only),COMPATIBILITY_ONLY_NOT_PRODUCTION,21006.2458,18687.5319,-61.6222,1247,1247,0.00293352,-0.13859161,0.00938335,0.00293352,61.6222,21006.2458,OK,0.0000,-2.4649,4.0000,96.0000,AG03-UNRESOLVED,ALL5_LEVELS_bet23_to_bet27,-2.4649,-2.4649,-2.4649,-4.3136,-4.3136,4.000000,4.000000,4.000000,7.000000,7.000000,96.000000,96.000000,96.000000,93.000000,93.000000,5.0,-16.0218,-14.4684,-45.6004,-47.1538,PENDING_AG03,FALSE,NOT_FOR_ENFORCEMENT,-59.1573,17940.0307,-61.6222,-59.1573,-2.4649,-0.00293352,-0.00281618,-2.4649,-59.1573,-0.00281618,-2.4649,-2.4649,-2.4649,-4.3136,-4.3136,-59.1573,-0.00281618,-16.0218,-14.4684,-45.6004,-47.1538,-0.00217080,-0.00224475,-0.00011734,16.8454,14.9860,-0.0494,-0.6419,-0.0525,218.8151,12.9896,13.0801,17.0694,10.3857,11.0045,21.0062,31.5093,42.0124,42.1647,10.5412,0.0,3.81775,3.831594,1.530778,30,171,130,2,0.04358735,-0.00293352,0.13859161,0E-8,0.000000,0.889618,0.000000,-0.14797496,2026-03-22,2026-08-05,96,1173,774,137,0.700730,0.766291,0.776478,0.145291,,,,,,,,GLOBAL_BASELINE_NO_ENTITY_RANKING,,,NOT_APPLICABLE_GLOBAL_BASELINE,HF9g-P5,,,,X 全窗基线 · 不参与实体赏罚,3926745,393,A168_HF9F_20260827_0900,2026-08-27 09:00:00
2026-03-30,91797317,1711,0,6.6026938991,6.6026938991,6.6026938991,1.0000000,1,1,0.49324550000000000,0.493245500000,1.01360149184955,1.01360149184955,1.01360149184955,0E-17,ELIGIBLE,R03b_20260811_FULL_v1,L1_ELIGIBILITY,v2026-08-11,2026-03-21..2026-08-06,baccarat_bet02_101_all_pairs_incl_sentinel,round_win = game_pnl > 0 (decisive only),COMPATIBILITY_ONLY_NOT_PRODUCTION,21006.2458,18687.5319,-61.6222,1247,1247,0.00293352,-0.13859161,0.00938335,0.00293352,61.6222,21006.2458,OK,0.0000,-2.4649,4.0000,96.0000,AG03-UNRESOLVED,ALL5_LEVELS_bet23_to_bet27,-2.4649,-2.4649,-2.4649,-4.3136,-4.3136,4.000000,4.000000,4.000000,7.000000,7.000000,96.000000,96.000000,96.000000,93.000000,93.000000,5.0,-16.0218,-14.4684,-45.6004,-47.1538,PENDING_AG03,FALSE,NOT_FOR_ENFORCEMENT,-59.1573,17940.0307,-61.6222,-59.1573,-2.4649,-0.00293352,-0.00281618,-2.4649,-59.1573,-0.00281618,-2.4649,-2.4649,-2.4649,-4.3136,-4.3136,-59.1573,-0.00281618,-16.0218,-14.4684,-45.6004,-47.1538,-0.00217080,-0.00224475,-0.00011734,16.8454,14.9860,-0.0494,-0.6419,-0.0525,218.8151,12.9896,13.0801,17.0694,10.3857,11.0045,21.0062,31.5093,42.0124,42.1647,10.5412,0.0,3.81775,3.831594,1.530778,30,171,130,2,0.04358735,-0.00293352,0.13859161,0E-8,0.000000,0.889618,0.000000,-0.14797496,2026-03-22,2026-08-05,96,1173,774,137,0.700730,0.766291,0.776478,0.145291,,,,,,,,GLOBAL_BASELINE_NO_ENTITY_RANKING,,,NOT_APPLICABLE_GLOBAL_BASELINE,HF9g-P5,,,,X 全窗基线 · 不参与实体赏罚,3926746,393,A168_HF9F_20260827_0900,2026-08-27 09:00:00
2026-03-30,91797317,1949,0,6.6026938991,-6.6026938991,-6.6026938991,0E-7,1,1,0.49324550000000000,0.493245500000,-0.9865810262130424,-0.9865810262130424,-0.9865810262130424,0E-17,ELIGIBLE,R03b_20260811_FULL_v1,L1_ELIGIBILITY,v2026-08-11,2026-03-21..2026-08-06,baccarat_bet02_101_all_pairs_incl_sentinel,round_win = game_pnl > 0 (decisive only),COMPATIBILITY_ONLY_NOT_PRODUCTION,21006.2458,18687.5319,-61.6222,1247,1247,0.00293352,-0.13859161,0.00938335,0.00293352,61.6222,21006.2458,OK,0.0000,-2.4649,4.0000,96.0000,AG03-UNRESOLVED,ALL5_LEVELS_bet23_to_bet27,-2.4649,-2.4649,-2.4649,-4.3136,-4.3136,4.000000,4.000000,4.000000,7.000000,7.000000,96.000000,96.000000,96.000000,93.000000,93.000000,5.0,-16.0218,-14.4684,-45.6004,-47.1538,PENDING_AG03,FALSE,NOT_FOR_ENFORCEMENT,-59.1573,17940.0307,-61.6222,-59.1573,-2.4649,-0.00293352,-0.00281618,-2.4649,-59.1573,-0.00281618,-2.4649,-2.4649,-2.4649,-4.3136,-4.3136,-59.1573,-0.00281618,-16.0218,-14.4684,-45.6004,-47.1538,-0.00217080,-0.00224475,-0.00011734,16.8454,14.9860,-0.0494,-0.6419,-0.0525,218.8151,12.9896,13.0801,17.0694,10.3857,11.0045,21.0062,31.5093,42.0124,42.1647,10.5412,0.0,3.81775,3.831594,1.530778,30,171,130,2,0.04358735,-0.00293352,0.13859161,0E-8,0.000000,0.889618,0.000000,-0.14797496,2026-03-22,2026-08-05,96,1173,774,137,0.700730,0.766291,0.776478,0.145291,,,,,,,,GLOBAL_BASELINE_NO_ENTITY_RANKING,,,NOT_APPLICABLE_GLOBAL_BASELINE,HF9g-P5,,,,X 全窗基线 · 不参与实体赏罚,3926747,393,A168_HF9F_20260827_0900,2026-08-27 09:00:00
2026-03-30,91797317,2093,0,6.6026938991,0E-10,0E-10,,1,1,0.49324550000000000,0.493245500000,,,,0E-17,NO_DECISIVE_ROUND,R03b_20260811_FULL_v1,L1_ELIGIBILITY,v2026-08-11,2026-03-21..2026-08-06,baccarat_bet02_101_all_pairs_incl_sentinel,round_win = game_pnl > 0 (decisive only),COMPATIBILITY_ONLY_NOT_PRODUCTION,21006.2458,18687.5319,-61.6222,1247,1247,0.00293352,-0.13859161,0.00938335,0.00293352,61.6222,21006.2458,OK,0.0000,-2.4649,4.0000,96.0000,AG03-UNRESOLVED,ALL5_LEVELS_bet23_to_bet27,-2.4649,-2.4649,-2.4649,-4.3136,-4.3136,4.000000,4.000000,4.000000,7.000000,7.000000,96.000000,96.000000,96.000000,93.000000,93.000000,5.0,-16.0218,-14.4684,-45.6004,-47.1538,PENDING_AG03,FALSE,NOT_FOR_ENFORCEMENT,-59.1573,17940.0307,-61.6222,-59.1573,-2.4649,-0.00293352,-0.00281618,-2.4649,-59.1573,-0.00281618,-2.4649,-2.4649,-2.4649,-4.3136,-4.3136,-59.1573,-0.00281618,-16.0218,-14.4684,-45.6004,-47.1538,-0.00217080,-0.00224475,-0.00011734,16.8454,14.9860,-0.0494,-0.6419,-0.0525,218.8151,12.9896,13.0801,17.0694,10.3857,11.0045,21.0062,31.5093,42.0124,42.1647,10.5412,0.0,3.81775,3.831594,1.530778,30,171,130,2,0.04358735,-0.00293352,0.13859161,0E-8,0.000000,0.889618,0.000000,-0.14797496,2026-03-22,2026-08-05,96,1173,774,137,0.700730,0.766291,0.776478,0.145291,,,,,,,,GLOBAL_BASELINE_NO_ENTITY_RANKING,,,NOT_APPLICABLE_GLOBAL_BASELINE,HF9g-P5,,,,X 全窗基线 · 不参与实体赏罚,3926748,393,A168_HF9F_20260827_0900,2026-08-27 09:00:00
2026-03-30,91797317,2235,0,6.6026938991,6.6026938991,6.6026938991,1.0000000,1,1,0.49324550000000000,0.493245500000,1.01360149184955,1.01360149184955,1.01360149184955,0E-17,ELIGIBLE,R03b_20260811_FULL_v1,L1_ELIGIBILITY,v2026-08-11,2026-03-21..2026-08-06,baccarat_bet02_101_all_pairs_incl_sentinel,round_win = game_pnl > 0 (decisive only),COMPATIBILITY_ONLY_NOT_PRODUCTION,21006.2458,18687.5319,-61.6222,1247,1247,0.00293352,-0.13859161,0.00938335,0.00293352,61.6222,21006.2458,OK,0.0000,-2.4649,4.0000,96.0000,AG03-UNRESOLVED,ALL5_LEVELS_bet23_to_bet27,-2.4649,-2.4649,-2.4649,-4.3136,-4.3136,4.000000,4.000000,4.000000,7.000000,7.000000,96.000000,96.000000,96.000000,93.000000,93.000000,5.0,-16.0218,-14.4684,-45.6004,-47.1538,PENDING_AG03,FALSE,NOT_FOR_ENFORCEMENT,-59.1573,17940.0307,-61.6222,-59.1573,-2.4649,-0.00293352,-0.00281618,-2.4649,-59.1573,-0.00281618,-2.4649,-2.4649,-2.4649,-4.3136,-4.3136,-59.1573,-0.00281618,-16.0218,-14.4684,-45.6004,-47.1538,-0.00217080,-0.00224475,-0.00011734,16.8454,14.9860,-0.0494,-0.6419,-0.0525,218.8151,12.9896,13.0801,17.0694,10.3857,11.0045,21.0062,31.5093,42.0124,42.1647,10.5412,0.0,3.81775,3.831594,1.530778,30,171,130,2,0.04358735,-0.00293352,0.13859161,0E-8,0.000000,0.889618,0.000000,-0.14797496,2026-03-22,2026-08-05,96,1173,774,137,0.700730,0.766291,0.776478,0.145291,,,,,,,,GLOBAL_BASELINE_NO_ENTITY_RANKING,,,NOT_APPLICABLE_GLOBAL_BASELINE,HF9g-P5,,,,X 全窗基线 · 不参与实体赏罚,3926749,393,A168_HF9F_20260827_0900,2026-08-27 09:00:00
2026-03-30,91797317,772,0,6.6026938991,0E-10,0E-10,,1,1,0.49324550000000000,0.493245500000,,,,0E-17,NO_DECISIVE_ROUND,R03b_20260811_FULL_v1,L1_ELIGIBILITY,v2026-08-11,2026-03-21..2026-08-06,baccarat_bet02_101_all_pairs_incl_sentinel,round_win = game_pnl > 0 (decisive only),COMPATIBILITY_ONLY_NOT_PRODUCTION,21006.2458,18687.5319,-61.6222,1247,1247,0.00293352,-0.13859161,0.00938335,0.00293352,61.6222,21006.2458,OK,0.0000,-2.4649,4.0000,96.0000,AG03-UNRESOLVED,ALL5_LEVELS_bet23_to_bet27,-2.4649,-2.4649,-2.4649,-4.3136,-4.3136,4.000000,4.000000,4.000000,7.000000,7.000000,96.000000,96.000000,96.000000,93.000000,93.000000,5.0,-16.0218,-14.4684,-45.6004,-47.1538,PENDING_AG03,FALSE,NOT_FOR_ENFORCEMENT,-59.1573,17940.0307,-61.6222,-59.1573,-2.4649,-0.00293352,-0.00281618,-2.4649,-59.1573,-0.00281618,-2.4649,-2.4649,-2.4649,-4.3136,-4.3136,-59.1573,-0.00281618,-16.0218,-14.4684,-45.6004,-47.1538,-0.00217080,-0.00224475,-0.00011734,16.8454,14.9860,-0.0494,-0.6419,-0.0525,218.8151,12.9896,13.0801,17.0694,10.3857,11.0045,21.0062,31.5093,42.0124,42.1647,10.5412,0.0,3.81775,3.831594,1.530778,30,171,130,2,0.04358735,-0.00293352,0.13859161,0E-8,0.000000,0.889618,0.000000,-0.14797496,2026-03-22,2026-08-05,96,1173,774,137,0.700730,0.766291,0.776478,0.145291,,,,,,,,GLOBAL_BASELINE_NO_ENTITY_RANKING,,,NOT_APPLICABLE_GLOBAL_BASELINE,HF9g-P5,,,,X 全窗基线 · 不参与实体赏罚,3926750,393,A168_HF9F_20260827_0900,2026-08-27 09:00:00
2026-04-02,91797317,-1,1,27.4070794595,-4.2164737630,-4.2164737630,0.5000000,3,3,0.49324550000000000,0.493245500000,0.01910635448239258,0.01910635448239258,0.01910635448239258,0E-17,SENTINEL_DEALER,R03b_20260811_FULL_v1,L1_ELIGIBILITY,v2026-08-11,2026-03-21..2026-08-06,baccarat_bet02_101_all_pairs_incl_sentinel,round_win = game_pnl > 0 (decisive only),COMPATIBILITY_ONLY_NOT_PRODUCTION,21006.2458,18687.5319,-61.6222,1247,1247,0.00293352,-0.13859161,0.00938335,0.00293352,61.6222,21006.2458,OK,0.0000,-2.4649,4.0000,96.0000,AG03-UNRESOLVED,ALL5_LEVELS_bet23_to_bet27,-2.4649,-2.4649,-2.4649,-4.3136,-4.3136,4.000000,4.000000,4.000000,7.000000,7.000000,96.000000,96.000000,96.000000,93.000000,93.000000,5.0,-16.0218,-14.4684,-45.6004,-47.1538,PENDING_AG03,FALSE,NOT_FOR_ENFORCEMENT,-59.1573,17940.0307,-61.6222,-59.1573,-2.4649,-0.00293352,-0.00281618,-2.4649,-59.1573,-0.00281618,-2.4649,-2.4649,-2.4649,-4.3136,-4.3136,-59.1573,-0.00281618,-16.0218,-14.4684,-45.6004,-47.1538,-0.00217080,-0.00224475,-0.00011734,16.8454,14.9860,-0.0494,-0.6419,-0.0525,218.8151,12.9896,13.0801,17.0694,10.3857,11.0045,21.0062,31.5093,42.0124,42.1647,10.5412,0.0,3.81775,3.831594,1.530778,30,171,130,2,0.04358735,-0.00293352,0.13859161,0E-8,0.000000,0.889618,0.000000,-0.14797496,2026-03-22,2026-08-05,96,1173,774,137,0.700730,0.766291,0.776478,0.145291,,,,,,,,GLOBAL_BASELINE_NO_ENTITY_RANKING,,,NOT_APPLICABLE_GLOBAL_BASELINE,HF9g-P5,,,,X 全窗基线 · 不参与实体赏罚,3926751,393,A168_HF9F_20260827_0900,2026-08-27 09:00:00
2026-04-02,91797317,1645,0,10.5411844075,10.5411844075,10.5411844075,1.0000000,1,1,0.49324550000000000,0.493245500000,1.01360149184955,1.01360149184955,1.01360149184955,0E-17,ELIGIBLE,R03b_20260811_FULL_v1,L1_ELIGIBILITY,v2026-08-11,2026-03-21..2026-08-06,baccarat_bet02_101_all_pairs_incl_sentinel,round_win = game_pnl > 0 (decisive only),COMPATIBILITY_ONLY_NOT_PRODUCTION,21006.2458,18687.5319,-61.6222,1247,1247,0.00293352,-0.13859161,0.00938335,0.00293352,61.6222,21006.2458,OK,0.0000,-2.4649,4.0000,96.0000,AG03-UNRESOLVED,ALL5_LEVELS_bet23_to_bet27,-2.4649,-2.4649,-2.4649,-4.3136,-4.3136,4.000000,4.000000,4.000000,7.000000,7.000000,96.000000,96.000000,96.000000,93.000000,93.000000,5.0,-16.0218,-14.4684,-45.6004,-47.1538,PENDING_AG03,FALSE,NOT_FOR_ENFORCEMENT,-59.1573,17940.0307,-61.6222,-59.1573,-2.4649,-0.00293352,-0.00281618,-2.4649,-59.1573,-0.00281618,-2.4649,-2.4649,-2.4649,-4.3136,-4.3136,-59.1573,-0.00281618,-16.0218,-14.4684,-45.6004,-47.1538,-0.00217080,-0.00224475,-0.00011734,16.8454,14.9860,-0.0494,-0.6419,-0.0525,218.8151,12.9896,13.0801,17.0694,10.3857,11.0045,21.0062,31.5093,42.0124,42.1647,10.5412,0.0,3.81775,3.831594,1.530778,30,171,130,2,0.04358735,-0.00293352,0.13859161,0E-8,0.000000,0.889618,0.000000,-0.14797496,2026-03-22,2026-08-05,96,1173,774,137,0.700730,0.766291,0.776478,0.145291,,,,,,,,GLOBAL_BASELINE_NO_ENTITY_RANKING,,,NOT_APPLICABLE_GLOBAL_BASELINE,HF9g-P5,,,,X 全窗基线 · 不参与实体赏罚,3926752,393,A168_HF9F_20260827_0900,2026-08-27 09:00:00
2026-04-02,91797317,1646,0,6.3247106445,-6.3247106445,-6.3247106445,0E-7,1,1,0.49324550000000000,0.493245500000,-0.9865810262130424,-0.9865810262130424,-0.9865810262130424,0E-17,ELIGIBLE,R03b_20260811_FULL_v1,L1_ELIGIBILITY,v2026-08-11,2026-03-21..2026-08-06,baccarat_bet02_101_all_pairs_incl_sentinel,round_win = game_pnl > 0 (decisive only),COMPATIBILITY_ONLY_NOT_PRODUCTION,21006.2458,18687.5319,-61.6222,1247,1247,0.00293352,-0.13859161,0.00938335,0.00293352,61.6222,21006.2458,OK,0.0000,-2.4649,4.0000,96.0000,AG03-UNRESOLVED,ALL5_LEVELS_bet23_to_bet27,-2.4649,-2.4649,-2.4649,-4.3136,-4.3136,4.000000,4.000000,4.000000,7.000000,7.000000,96.000000,96.000000,96.000000,93.000000,93.000000,5.0,-16.0218,-14.4684,-45.6004,-47.1538,PENDING_AG03,FALSE,NOT_FOR_ENFORCEMENT,-59.1573,17940.0307,-61.6222,-59.1573,-2.4649,-0.00293352,-0.00281618,-2.4649,-59.1573,-0.00281618,-2.4649,-2.4649,-2.4649,-4.3136,-4.3136,-59.1573,-0.00281618,-16.0218,-14.4684,-45.6004,-47.1538,-0.00217080,-0.00224475,-0.00011734,16.8454,14.9860,-0.0494,-0.6419,-0.0525,218.8151,12.9896,13.0801,17.0694,10.3857,11.0045,21.0062,31.5093,42.0124,42.1647,10.5412,0.0,3.81775,3.831594,1.530778,30,171,130,2,0.04358735,-0.00293352,0.13859161,0E-8,0.000000,0.889618,0.000000,-0.14797496,2026-03-22,2026-08-05,96,1173,774,137,0.700730,0.766291,0.776478,0.145291,,,,,,,,GLOBAL_BASELINE_NO_ENTITY_RANKING,,,NOT_APPLICABLE_GLOBAL_BASELINE,HF9g-P5,,,,X 全窗基线 · 不参与实体赏罚,3926753,393,A168_HF9F_20260827_0900,2026-08-27 09:00:00
2026-04-02,91797317,2232,0,10.5411844075,10.5411844075,10.5411844075,1.0000000,1,1,0.49324550000000000,0.493245500000,1.01360149184955,1.01360149184955,1.01360149184955,0E-17,ELIGIBLE,R03b_20260811_FULL_v1,L1_ELIGIBILITY,v2026-08-11,2026-03-21..2026-08-06,baccarat_bet02_101_all_pairs_incl_sentinel,round_win = game_pnl > 0 (decisive only),COMPATIBILITY_ONLY_NOT_PRODUCTION,21006.2458,18687.5319,-61.6222,1247,1247,0.00293352,-0.13859161,0.00938335,0.00293352,61.6222,21006.2458,OK,0.0000,-2.4649,4.0000,96.0000,AG03-UNRESOLVED,ALL5_LEVELS_bet23_to_bet27,-2.4649,-2.4649,-2.4649,-4.3136,-4.3136,4.000000,4.000000,4.000000,7.000000,7.000000,96.000000,96.000000,96.000000,93.000000,93.000000,5.0,-16.0218,-14.4684,-45.6004,-47.1538,PENDING_AG03,FALSE,NOT_FOR_ENFORCEMENT,-59.1573,17940.0307,-61.6222,-59.1573,-2.4649,-0.00293352,-0.00281618,-2.4649,-59.1573,-0.00281618,-2.4649,-2.4649,-2.4649,-4.3136,-4.3136,-59.1573,-0.00281618,-16.0218,-14.4684,-45.6004,-47.1538,-0.00217080,-0.00224475,-0.00011734,16.8454,14.9860,-0.0494,-0.6419,-0.0525,218.8151,12.9896,13.0801,17.0694,10.3857,11.0045,21.0062,31.5093,42.0124,42.1647,10.5412,0.0,3.81775,3.831594,1.530778,30,171,130,2,0.04358735,-0.00293352,0.13859161,0E-8,0.000000,0.889618,0.000000,-0.14797496,2026-03-22,2026-08-05,96,1173,774,137,0.700730,0.766291,0.776478,0.145291,,,,,,,,GLOBAL_BASELINE_NO_ENTITY_RANKING,,,NOT_APPLICABLE_GLOBAL_BASELINE,HF9g-P5,,,,X 全窗基线 · 不参与实体赏罚,3926754,393,A168_HF9F_20260827_0900,2026-08-27 09:00:00
2026-04-03,91797317,1205,0,10.5411844075,0E-10,0E-10,,1,1,0.49324550000000000,0.493245500000,,,,0E-17,NO_DECISIVE_ROUND,R03b_20260811_FULL_v1,L1_ELIGIBILITY,v2026-08-11,2026-03-21..2026-08-06,baccarat_bet02_101_all_pairs_incl_sentinel,round_win = game_pnl > 0 (decisive only),COMPATIBILITY_ONLY_NOT_PRODUCTION,21006.2458,18687.5319,-61.6222,1247,1247,0.00293352,-0.13859161,0.00938335,0.00293352,61.6222,21006.2458,OK,0.0000,-2.4649,4.0000,96.0000,AG03-UNRESOLVED,ALL5_LEVELS_bet23_to_bet27,-2.4649,-2.4649,-2.4649,-4.3136,-4.3136,4.000000,4.000000,4.000000,7.000000,7.000000,96.000000,96.000000,96.000000,93.000000,93.000000,5.0,-16.0218,-14.4684,-45.6004,-47.1538,PENDING_AG03,FALSE,NOT_FOR_ENFORCEMENT,-59.1573,17940.0307,-61.6222,-59.1573,-2.4649,-0.00293352,-0.00281618,-2.4649,-59.1573,-0.00281618,-2.4649,-2.4649,-2.4649,-4.3136,-4.3136,-59.1573,-0.00281618,-16.0218,-14.4684,-45.6004,-47.1538,-0.00217080,-0.00224475,-0.00011734,16.8454,14.9860,-0.0494,-0.6419,-0.0525,218.8151,12.9896,13.0801,17.0694,10.3857,11.0045,21.0062,31.5093,42.0124,42.1647,10.5412,0.0,3.81775,3.831594,1.530778,30,171,130,2,0.04358735,-0.00293352,0.13859161,0E-8,0.000000,0.889618,0.000000,-0.14797496,2026-03-22,2026-08-05,96,1173,774,137,0.700730,0.766291,0.776478,0.145291,,,,,,,,GLOBAL_BASELINE_NO_ENTITY_RANKING,,,NOT_APPLICABLE_GLOBAL_BASELINE,HF9g-P5,,,,X 全窗基线 · 不参与实体赏罚,3926755,393,A168_HF9F_20260827_0900,2026-08-27 09:00:00
2026-04-03,91797317,2153,0,6.3247106445,-6.3247106445,-6.3247106445,0E-7,1,1,0.49324550000000000,0.493245500000,-0.9865810262130424,-0.9865810262130424,-0.9865810262130424,0E-17,ELIGIBLE,R03b_20260811_FULL_v1,L1_ELIGIBILITY,v2026-08-11,2026-03-21..2026-08-06,baccarat_bet02_101_all_pairs_incl_sentinel,round_win = game_pnl > 0 (decisive only),COMPATIBILITY_ONLY_NOT_PRODUCTION,21006.2458,18687.5319,-61.6222,1247,1247,0.00293352,-0.13859161,0.00938335,0.00293352,61.6222,21006.2458,OK,0.0000,-2.4649,4.0000,96.0000,AG03-UNRESOLVED,ALL5_LEVELS_bet23_to_bet27,-2.4649,-2.4649,-2.4649,-4.3136,-4.3136,4.000000,4.000000,4.000000,7.000000,7.000000,96.000000,96.000000,96.000000,93.000000,93.000000,5.0,-16.0218,-14.4684,-45.6004,-47.1538,PENDING_AG03,FALSE,NOT_FOR_ENFORCEMENT,-59.1573,17940.0307,-61.6222,-59.1573,-2.4649,-0.00293352,-0.00281618,-2.4649,-59.1573,-0.00281618,-2.4649,-2.4649,-2.4649,-4.3136,-4.3136,-59.1573,-0.00281618,-16.0218,-14.4684,-45.6004,-47.1538,-0.00217080,-0.00224475,-0.00011734,16.8454,14.9860,-0.0494,-0.6419,-0.0525,218.8151,12.9896,13.0801,17.0694,10.3857,11.0045,21.0062,31.5093,42.0124,42.1647,10.5412,0.0,3.81775,3.831594,1.530778,30,171,130,2,0.04358735,-0.00293352,0.13859161,0E-8,0.000000,0.889618,0.000000,-0.14797496,2026-03-22,2026-08-05,96,1173,774,137,0.700730,0.766291,0.776478,0.145291,,,,,,,,GLOBAL_BASELINE_NO_ENTITY_RANKING,,,NOT_APPLICABLE_GLOBAL_BASELINE,HF9g-P5,,,,X 全窗基线 · 不参与实体赏罚,3926756,393,A168_HF9F_20260827_0900,2026-08-27 09:00:00
2026-04-06,91797317,-1,1,42.1647376300,0E-10,0E-10,0.5000000,2,2,0.49324550000000000,0.493245500000,0.01910635448239258,0.01910635448239258,0.01910635448239258,0E-17,SENTINEL_DEALER,R03b_20260811_FULL_v1,L1_ELIGIBILITY,v2026-08-11,2026-03-21..2026-08-06,baccarat_bet02_101_all_pairs_incl_sentinel,round_win = game_pnl > 0 (decisive only),COMPATIBILITY_ONLY_NOT_PRODUCTION,21006.2458,18687.5319,-61.6222,1247,1247,0.00293352,-0.13859161,0.00938335,0.00293352,61.6222,21006.2458,OK,0.0000,-2.4649,4.0000,96.0000,AG03-UNRESOLVED,ALL5_LEVELS_bet23_to_bet27,-2.4649,-2.4649,-2.4649,-4.3136,-4.3136,4.000000,4.000000,4.000000,7.000000,7.000000,96.000000,96.000000,96.000000,93.000000,93.000000,5.0,-16.0218,-14.4684,-45.6004,-47.1538,PENDING_AG03,FALSE,NOT_FOR_ENFORCEMENT,-59.1573,17940.0307,-61.6222,-59.1573,-2.4649,-0.00293352,-0.00281618,-2.4649,-59.1573,-0.00281618,-2.4649,-2.4649,-2.4649,-4.3136,-4.3136,-59.1573,-0.00281618,-16.0218,-14.4684,-45.6004,-47.1538,-0.00217080,-0.00224475,-0.00011734,16.8454,14.9860,-0.0494,-0.6419,-0.0525,218.8151,12.9896,13.0801,17.0694,10.3857,11.0045,21.0062,31.5093,42.0124,42.1647,10.5412,0.0,3.81775,3.831594,1.530778,30,171,130,2,0.04358735,-0.00293352,0.13859161,0E-8,0.000000,0.889618,0.000000,-0.14797496,2026-03-22,2026-08-05,96,1173,774,137,0.700730,0.766291,0.776478,0.145291,,,,,,,,GLOBAL_BASELINE_NO_ENTITY_RANKING,,,NOT_APPLICABLE_GLOBAL_BASELINE,HF9g-P5,,,,X 全窗基线 · 不参与实体赏罚,3926757,393,A168_HF9F_20260827_0900,2026-08-27 09:00:00
2026-04-06,91797317,1210,0,21.0823688150,21.0823688150,21.0823688150,1.0000000,1,1,0.49324550000000000,0.493245500000,1.01360149184955,1.01360149184955,1.01360149184955,0E-17,ELIGIBLE,R03b_20260811_FULL_v1,L1_ELIGIBILITY,v2026-08-11,2026-03-21..2026-08-06,baccarat_bet02_101_all_pairs_incl_sentinel,round_win = game_pnl > 0 (decisive only),COMPATIBILITY_ONLY_NOT_PRODUCTION,21006.2458,18687.5319,-61.6222,1247,1247,0.00293352,-0.13859161,0.00938335,0.00293352,61.6222,21006.2458,OK,0.0000,-2.4649,4.0000,96.0000,AG03-UNRESOLVED,ALL5_LEVELS_bet23_to_bet27,-2.4649,-2.4649,-2.4649,-4.3136,-4.3136,4.000000,4.000000,4.000000,7.000000,7.000000,96.000000,96.000000,96.000000,93.000000,93.000000,5.0,-16.0218,-14.4684,-45.6004,-47.1538,PENDING_AG03,FALSE,NOT_FOR_ENFORCEMENT,-59.1573,17940.0307,-61.6222,-59.1573,-2.4649,-0.00293352,-0.00281618,-2.4649,-59.1573,-0.00281618,-2.4649,-2.4649,-2.4649,-4.3136,-4.3136,-59.1573,-0.00281618,-16.0218,-14.4684,-45.6004,-47.1538,-0.00217080,-0.00224475,-0.00011734,16.8454,14.9860,-0.0494,-0.6419,-0.0525,218.8151,12.9896,13.0801,17.0694,10.3857,11.0045,21.0062,31.5093,42.0124,42.1647,10.5412,0.0,3.81775,3.831594,1.530778,30,171,130,2,0.04358735,-0.00293352,0.13859161,0E-8,0.000000,0.889618,0.000000,-0.14797496,2026-03-22,2026-08-05,96,1173,774,137,0.700730,0.766291,0.776478,0.145291,,,,,,,,GLOBAL_BASELINE_NO_ENTITY_RANKING,,,NOT_APPLICABLE_GLOBAL_BASELINE,HF9g-P5,,,,X 全窗基线 · 不参与实体赏罚,3926758,393,A168_HF9F_20260827_0900,2026-08-27 09:00:00
2026-04-06,91797317,1402,0,21.0823688150,21.0823688150,21.0823688150,1.0000000,1,1,0.49324550000000000,0.493245500000,1.01360149184955,1.01360149184955,1.01360149184955,0E-17,ELIGIBLE,R03b_20260811_FULL_v1,L1_ELIGIBILITY,v2026-08-11,2026-03-21..2026-08-06,baccarat_bet02_101_all_pairs_incl_sentinel,round_win = game_pnl > 0 (decisive only),COMPATIBILITY_ONLY_NOT_PRODUCTION,21006.2458,18687.5319,-61.6222,1247,1247,0.00293352,-0.13859161,0.00938335,0.00293352,61.6222,21006.2458,OK,0.0000,-2.4649,4.0000,96.0000,AG03-UNRESOLVED,ALL5_LEVELS_bet23_to_bet27,-2.4649,-2.4649,-2.4649,-4.3136,-4.3136,4.000000,4.000000,4.000000,7.000000,7.000000,96.000000,96.000000,96.000000,93.000000,93.000000,5.0,-16.0218,-14.4684,-45.6004,-47.1538,PENDING_AG03,FALSE,NOT_FOR_ENFORCEMENT,-59.1573,17940.0307,-61.6222,-59.1573,-2.4649,-0.00293352,-0.00281618,-2.4649,-59.1573,-0.00281618,-2.4649,-2.4649,-2.4649,-4.3136,-4.3136,-59.1573,-0.00281618,-16.0218,-14.4684,-45.6004,-47.1538,-0.00217080,-0.00224475,-0.00011734,16.8454,14.9860,-0.0494,-0.6419,-0.0525,218.8151,12.9896,13.0801,17.0694,10.3857,11.0045,21.0062,31.5093,42.0124,42.1647,10.5412,0.0,3.81775,3.831594,1.530778,30,171,130,2,0.04358735,-0.00293352,0.13859161,0E-8,0.000000,0.889618,0.000000,-0.14797496,2026-03-22,2026-08-05,96,1173,774,137,0.700730,0.766291,0.776478,0.145291,,,,,,,,GLOBAL_BASELINE_NO_ENTITY_RANKING,,,NOT_APPLICABLE_GLOBAL_BASELINE,HF9g-P5,,,,X 全窗基线 · 不参与实体赏罚,3926759,393,A168_HF9F_20260827_0900,2026-08-27 09:00:00
2026-04-06,91797317,2175,0,10.5411844075,10.5411844075,10.5411844075,1.0000000,1,1,0.49324550000000000,0.493245500000,1.01360149184955,1.01360149184955,1.01360149184955,0E-17,ELIGIBLE,R03b_20260811_FULL_v1,L1_ELIGIBILITY,v2026-08-11,2026-03-21..2026-08-06,baccarat_bet02_101_all_pairs_incl_sentinel,round_win = game_pnl > 0 (decisive only),COMPATIBILITY_ONLY_NOT_PRODUCTION,21006.2458,18687.5319,-61.6222,1247,1247,0.00293352,-0.13859161,0.00938335,0.00293352,61.6222,21006.2458,OK,0.0000,-2.4649,4.0000,96.0000,AG03-UNRESOLVED,ALL5_LEVELS_bet23_to_bet27,-2.4649,-2.4649,-2.4649,-4.3136,-4.3136,4.000000,4.000000,4.000000,7.000000,7.000000,96.000000,96.000000,96.000000,93.000000,93.000000,5.0,-16.0218,-14.4684,-45.6004,-47.1538,PENDING_AG03,FALSE,NOT_FOR_ENFORCEMENT,-59.1573,17940.0307,-61.6222,-59.1573,-2.4649,-0.00293352,-0.00281618,-2.4649,-59.1573,-0.00281618,-2.4649,-2.4649,-2.4649,-4.3136,-4.3136,-59.1573,-0.00281618,-16.0218,-14.4684,-45.6004,-47.1538,-0.00217080,-0.00224475,-0.00011734,16.8454,14.9860,-0.0494,-0.6419,-0.0525,218.8151,12.9896,13.0801,17.0694,10.3857,11.0045,21.0062,31.5093,42.0124,42.1647,10.5412,0.0,3.81775,3.831594,1.530778,30,171,130,2,0.04358735,-0.00293352,0.13859161,0E-8,0.000000,0.889618,0.000000,-0.14797496,2026-03-22,2026-08-05,96,1173,774,137,0.700730,0.766291,0.776478,0.145291,,,,,,,,GLOBAL_BASELINE_NO_ENTITY_RANKING,,,NOT_APPLICABLE_GLOBAL_BASELINE,HF9g-P5,,,,X 全窗基线 · 不参与实体赏罚,3926760,393,A168_HF9F_20260827_0900,2026-08-27 09:00:00
2026-04-06,91797317,2223,0,21.0823688150,-21.0823688150,-21.0823688150,0E-7,1,1,0.49324550000000000,0.493245500000,-0.9865810262130424,-0.9865810262130424,-0.9865810262130424,0E-17,ELIGIBLE,R03b_20260811_FULL_v1,L1_ELIGIBILITY,v2026-08-11,2026-03-21..2026-08-06,baccarat_bet02_101_all_pairs_incl_sentinel,round_win = game_pnl > 0 (decisive only),COMPATIBILITY_ONLY_NOT_PRODUCTION,21006.2458,18687.5319,-61.6222,1247,1247,0.00293352,-0.13859161,0.00938335,0.00293352,61.6222,21006.2458,OK,0.0000,-2.4649,4.0000,96.0000,AG03-UNRESOLVED,ALL5_LEVELS_bet23_to_bet27,-2.4649,-2.4649,-2.4649,-4.3136,-4.3136,4.000000,4.000000,4.000000,7.000000,7.000000,96.000000,96.000000,96.000000,93.000000,93.000000,5.0,-16.0218,-14.4684,-45.6004,-47.1538,PENDING_AG03,FALSE,NOT_FOR_ENFORCEMENT,-59.1573,17940.0307,-61.6222,-59.1573,-2.4649,-0.00293352,-0.00281618,-2.4649,-59.1573,-0.00281618,-2.4649,-2.4649,-2.4649,-4.3136,-4.3136,-59.1573,-0.00281618,-16.0218,-14.4684,-45.6004,-47.1538,-0.00217080,-0.00224475,-0.00011734,16.8454,14.9860,-0.0494,-0.6419,-0.0525,218.8151,12.9896,13.0801,17.0694,10.3857,11.0045,21.0062,31.5093,42.0124,42.1647,10.5412,0.0,3.81775,3.831594,1.530778,30,171,130,2,0.04358735,-0.00293352,0.13859161,0E-8,0.000000,0.889618,0.000000,-0.14797496,2026-03-22,2026-08-05,96,1173,774,137,0.700730,0.766291,0.776478,0.145291,,,,,,,,GLOBAL_BASELINE_NO_ENTITY_RANKING,,,NOT_APPLICABLE_GLOBAL_BASELINE,HF9g-P5,,,,X 全窗基线 · 不参与实体赏罚,3926761,393,A168_HF9F_20260827_0900,2026-08-27 09:00:00
2026-04-06,91797317,2224,0,21.0823688150,-21.0823688150,-21.0823688150,0E-7,1,1,0.49324550000000000,0.493245500000,-0.9865810262130424,-0.9865810262130424,-0.9865810262130424,0E-17,ELIGIBLE,R03b_20260811_FULL_v1,L1_ELIGIBILITY,v2026-08-11,2026-03-21..2026-08-06,baccarat_bet02_101_all_pairs_incl_sentinel,round_win = game_pnl > 0 (decisive only),COMPATIBILITY_ONLY_NOT_PRODUCTION,21006.2458,18687.5319,-61.6222,1247,1247,0.00293352,-0.13859161,0.00938335,0.00293352,61.6222,21006.2458,OK,0.0000,-2.4649,4.0000,96.0000,AG03-UNRESOLVED,ALL5_LEVELS_bet23_to_bet27,-2.4649,-2.4649,-2.4649,-4.3136,-4.3136,4.000000,4.000000,4.000000,7.000000,7.000000,96.000000,96.000000,96.000000,93.000000,93.000000,5.0,-16.0218,-14.4684,-45.6004,-47.1538,PENDING_AG03,FALSE,NOT_FOR_ENFORCEMENT,-59.1573,17940.0307,-61.6222,-59.1573,-2.4649,-0.00293352,-0.00281618,-2.4649,-59.1573,-0.00281618,-2.4649,-2.4649,-2.4649,-4.3136,-4.3136,-59.1573,-0.00281618,-16.0218,-14.4684,-45.6004,-47.1538,-0.00217080,-0.00224475,-0.00011734,16.8454,14.9860,-0.0494,-0.6419,-0.0525,218.8151,12.9896,13.0801,17.0694,10.3857,11.0045,21.0062,31.5093,42.0124,42.1647,10.5412,0.0,3.81775,3.831594,1.530778,30,171,130,2,0.04358735,-0.00293352,0.13859161,0E-8,0.000000,0.889618,0.000000,-0.14797496,2026-03-22,2026-08-05,96,1173,774,137,0.700730,0.766291,0.776478,0.145291,,,,,,,,GLOBAL_BASELINE_NO_ENTITY_RANKING,,,NOT_APPLICABLE_GLOBAL_BASELINE,HF9g-P5,,,,X 全窗基线 · 不参与实体赏罚,3926762,393,A168_HF9F_20260827_0900,2026-08-27 09:00:00
2026-04-06,91797317,2235,0,21.0823688150,21.0823688150,21.0823688150,1.0000000,1,1,0.49324550000000000,0.493245500000,1.01360149184955,1.01360149184955,1.01360149184955,0E-17,ELIGIBLE,R03b_20260811_FULL_v1,L1_ELIGIBILITY,v2026-08-11,2026-03-21..2026-08-06,baccarat_bet02_101_all_pairs_incl_sentinel,round_win = game_pnl > 0 (decisive only),COMPATIBILITY_ONLY_NOT_PRODUCTION,21006.2458,18687.5319,-61.6222,1247,1247,0.00293352,-0.13859161,0.00938335,0.00293352,61.6222,21006.2458,OK,0.0000,-2.4649,4.0000,96.0000,AG03-UNRESOLVED,ALL5_LEVELS_bet23_to_bet27,-2.4649,-2.4649,-2.4649,-4.3136,-4.3136,4.000000,4.000000,4.000000,7.000000,7.000000,96.000000,96.000000,96.000000,93.000000,93.000000,5.0,-16.0218,-14.4684,-45.6004,-47.1538,PENDING_AG03,FALSE,NOT_FOR_ENFORCEMENT,-59.1573,17940.0307,-61.6222,-59.1573,-2.4649,-0.00293352,-0.00281618,-2.4649,-59.1573,-0.00281618,-2.4649,-2.4649,-2.4649,-4.3136,-4.3136,-59.1573,-0.00281618,-16.0218,-14.4684,-45.6004,-47.1538,-0.00217080,-0.00224475,-0.00011734,16.8454,14.9860,-0.0494,-0.6419,-0.0525,218.8151,12.9896,13.0801,17.0694,10.3857,11.0045,21.0062,31.5093,42.0124,42.1647,10.5412,0.0,3.81775,3.831594,1.530778,30,171,130,2,0.04358735,-0.00293352,0.13859161,0E-8,0.000000,0.889618,0.000000,-0.14797496,2026-03-22,2026-08-05,96,1173,774,137,0.700730,0.766291,0.776478,0.145291,,,,,,,,GLOBAL_BASELINE_NO_ENTITY_RANKING,,,NOT_APPLICABLE_GLOBAL_BASELINE,HF9g-P5,,,,X 全窗基线 · 不参与实体赏罚,3926763,393,A168_HF9F_20260827_0900,2026-08-27 09:00:00
2026-04-06,91797317,2246,0,21.0823688150,-21.0823688150,-21.0823688150,0E-7,1,1,0.49324550000000000,0.493245500000,-0.9865810262130424,-0.9865810262130424,-0.9865810262130424,0E-17,ELIGIBLE,R03b_20260811_FULL_v1,L1_ELIGIBILITY,v2026-08-11,2026-03-21..2026-08-06,baccarat_bet02_101_all_pairs_incl_sentinel,round_win = game_pnl > 0 (decisive only),COMPATIBILITY_ONLY_NOT_PRODUCTION,21006.2458,18687.5319,-61.6222,1247,1247,0.00293352,-0.13859161,0.00938335,0.00293352,61.6222,21006.2458,OK,0.0000,-2.4649,4.0000,96.0000,AG03-UNRESOLVED,ALL5_LEVELS_bet23_to_bet27,-2.4649,-2.4649,-2.4649,-4.3136,-4.3136,4.000000,4.000000,4.000000,7.000000,7.000000,96.000000,96.000000,96.000000,93.000000,93.000000,5.0,-16.0218,-14.4684,-45.6004,-47.1538,PENDING_AG03,FALSE,NOT_FOR_ENFORCEMENT,-59.1573,17940.0307,-61.6222,-59.1573,-2.4649,-0.00293352,-0.00281618,-2.4649,-59.1573,-0.00281618,-2.4649,-2.4649,-2.4649,-4.3136,-4.3136,-59.1573,-0.00281618,-16.0218,-14.4684,-45.6004,-47.1538,-0.00217080,-0.00224475,-0.00011734,16.8454,14.9860,-0.0494,-0.6419,-0.0525,218.8151,12.9896,13.0801,17.0694,10.3857,11.0045,21.0062,31.5093,42.0124,42.1647,10.5412,0.0,3.81775,3.831594,1.530778,30,171,130,2,0.04358735,-0.00293352,0.13859161,0E-8,0.000000,0.889618,0.000000,-0.14797496,2026-03-22,2026-08-05,96,1173,774,137,0.700730,0.766291,0.776478,0.145291,,,,,,,,GLOBAL_BASELINE_NO_ENTITY_RANKING,,,NOT_APPLICABLE_GLOBAL_BASELINE,HF9g-P5,,,,X 全窗基线 · 不参与实体赏罚,3926764,393,A168_HF9F_20260827_0900,2026-08-27 09:00:00
2026-04-06,91797317,2264,0,21.0823688150,-21.0823688150,-21.0823688150,0E-7,1,1,0.49324550000000000,0.493245500000,-0.9865810262130424,-0.9865810262130424,-0.9865810262130424,0E-17,ELIGIBLE,R03b_20260811_FULL_v1,L1_ELIGIBILITY,v2026-08-11,2026-03-21..2026-08-06,baccarat_bet02_101_all_pairs_incl_sentinel,round_win = game_pnl > 0 (decisive only),COMPATIBILITY_ONLY_NOT_PRODUCTION,21006.2458,18687.5319,-61.6222,1247,1247,0.00293352,-0.13859161,0.00938335,0.00293352,61.6222,21006.2458,OK,0.0000,-2.4649,4.0000,96.0000,AG03-UNRESOLVED,ALL5_LEVELS_bet23_to_bet27,-2.4649,-2.4649,-2.4649,-4.3136,-4.3136,4.000000,4.000000,4.000000,7.000000,7.000000,96.000000,96.000000,96.000000,93.000000,93.000000,5.0,-16.0218,-14.4684,-45.6004,-47.1538,PENDING_AG03,FALSE,NOT_FOR_ENFORCEMENT,-59.1573,17940.0307,-61.6222,-59.1573,-2.4649,-0.00293352,-0.00281618,-2.4649,-59.1573,-0.00281618,-2.4649,-2.4649,-2.4649,-4.3136,-4.3136,-59.1573,-0.00281618,-16.0218,-14.4684,-45.6004,-47.1538,-0.00217080,-0.00224475,-0.00011734,16.8454,14.9860,-0.0494,-0.6419,-0.0525,218.8151,12.9896,13.0801,17.0694,10.3857,11.0045,21.0062,31.5093,42.0124,42.1647,10.5412,0.0,3.81775,3.831594,1.530778,30,171,130,2,0.04358735,-0.00293352,0.13859161,0E-8,0.000000,0.889618,0.000000,-0.14797496,2026-03-22,2026-08-05,96,1173,774,137,0.700730,0.766291,0.776478,0.145291,,,,,,,,GLOBAL_BASELINE_NO_ENTITY_RANKING,,,NOT_APPLICABLE_GLOBAL_BASELINE,HF9g-P5,,,,X 全窗基线 · 不参与实体赏罚,3926765,393,A168_HF9F_20260827_0900,2026-08-27 09:00:00
2026-04-06,91797317,529,0,21.0823688150,21.0823688150,21.0823688150,1.0000000,1,1,0.49324550000000000,0.493245500000,1.01360149184955,1.01360149184955,1.01360149184955,0E-17,ELIGIBLE,R03b_20260811_FULL_v1,L1_ELIGIBILITY,v2026-08-11,2026-03-21..2026-08-06,baccarat_bet02_101_all_pairs_incl_sentinel,round_win = game_pnl > 0 (decisive only),COMPATIBILITY_ONLY_NOT_PRODUCTION,21006.2458,18687.5319,-61.6222,1247,1247,0.00293352,-0.13859161,0.00938335,0.00293352,61.6222,21006.2458,OK,0.0000,-2.4649,4.0000,96.0000,AG03-UNRESOLVED,ALL5_LEVELS_bet23_to_bet27,-2.4649,-2.4649,-2.4649,-4.3136,-4.3136,4.000000,4.000000,4.000000,7.000000,7.000000,96.000000,96.000000,96.000000,93.000000,93.000000,5.0,-16.0218,-14.4684,-45.6004,-47.1538,PENDING_AG03,FALSE,NOT_FOR_ENFORCEMENT,-59.1573,17940.0307,-61.6222,-59.1573,-2.4649,-0.00293352,-0.00281618,-2.4649,-59.1573,-0.00281618,-2.4649,-2.4649,-2.4649,-4.3136,-4.3136,-59.1573,-0.00281618,-16.0218,-14.4684,-45.6004,-47.1538,-0.00217080,-0.00224475,-0.00011734,16.8454,14.9860,-0.0494,-0.6419,-0.0525,218.8151,12.9896,13.0801,17.0694,10.3857,11.0045,21.0062,31.5093,42.0124,42.1647,10.5412,0.0,3.81775,3.831594,1.530778,30,171,130,2,0.04358735,-0.00293352,0.13859161,0E-8,0.000000,0.889618,0.000000,-0.14797496,2026-03-22,2026-08-05,96,1173,774,137,0.700730,0.766291,0.776478,0.145291,,,,,,,,GLOBAL_BASELINE_NO_ENTITY_RANKING,,,NOT_APPLICABLE_GLOBAL_BASELINE,HF9g-P5,,,,X 全窗基线 · 不参与实体赏罚,3926766,393,A168_HF9F_20260827_0900,2026-08-27 09:00:00
2026-04-07,91797317,-1,1,42.1647376299,42.1647376299,42.1647376299,1.0000000,1,1,0.49324550000000000,0.493245500000,1.01360149184955,1.01360149184955,1.01360149184955,0E-17,SENTINEL_DEALER,R03b_20260811_FULL_v1,L1_ELIGIBILITY,v2026-08-11,2026-03-21..2026-08-06,baccarat_bet02_101_all_pairs_incl_sentinel,round_win = game_pnl > 0 (decisive only),COMPATIBILITY_ONLY_NOT_PRODUCTION,21006.2458,18687.5319,-61.6222,1247,1247,0.00293352,-0.13859161,0.00938335,0.00293352,61.6222,21006.2458,OK,0.0000,-2.4649,4.0000,96.0000,AG03-UNRESOLVED,ALL5_LEVELS_bet23_to_bet27,-2.4649,-2.4649,-2.4649,-4.3136,-4.3136,4.000000,4.000000,4.000000,7.000000,7.000000,96.000000,96.000000,96.000000,93.000000,93.000000,5.0,-16.0218,-14.4684,-45.6004,-47.1538,PENDING_AG03,FALSE,NOT_FOR_ENFORCEMENT,-59.1573,17940.0307,-61.6222,-59.1573,-2.4649,-0.00293352,-0.00281618,-2.4649,-59.1573,-0.00281618,-2.4649,-2.4649,-2.4649,-4.3136,-4.3136,-59.1573,-0.00281618,-16.0218,-14.4684,-45.6004,-47.1538,-0.00217080,-0.00224475,-0.00011734,16.8454,14.9860,-0.0494,-0.6419,-0.0525,218.8151,12.9896,13.0801,17.0694,10.3857,11.0045,21.0062,31.5093,42.0124,42.1647,10.5412,0.0,3.81775,3.831594,1.530778,30,171,130,2,0.04358735,-0.00293352,0.13859161,0E-8,0.000000,0.889618,0.000000,-0.14797496,2026-03-22,2026-08-05,96,1173,774,137,0.700730,0.766291,0.776478,0.145291,,,,,,,,GLOBAL_BASELINE_NO_ENTITY_RANKING,,,NOT_APPLICABLE_GLOBAL_BASELINE,HF9g-P5,,,,X 全窗基线 · 不参与实体赏罚,3926767,393,A168_HF9F_20260827_0900,2026-08-27 09:00:00
2026-04-07,91797317,1363,0,21.0823688150,-21.0823688150,-21.0823688150,0E-7,1,1,0.49324550000000000,0.493245500000,-0.9865810262130424,-0.9865810262130424,-0.9865810262130424,0E-17,ELIGIBLE,R03b_20260811_FULL_v1,L1_ELIGIBILITY,v2026-08-11,2026-03-21..2026-08-06,baccarat_bet02_101_all_pairs_incl_sentinel,round_win = game_pnl > 0 (decisive only),COMPATIBILITY_ONLY_NOT_PRODUCTION,21006.2458,18687.5319,-61.6222,1247,1247,0.00293352,-0.13859161,0.00938335,0.00293352,61.6222,21006.2458,OK,0.0000,-2.4649,4.0000,96.0000,AG03-UNRESOLVED,ALL5_LEVELS_bet23_to_bet27,-2.4649,-2.4649,-2.4649,-4.3136,-4.3136,4.000000,4.000000,4.000000,7.000000,7.000000,96.000000,96.000000,96.000000,93.000000,93.000000,5.0,-16.0218,-14.4684,-45.6004,-47.1538,PENDING_AG03,FALSE,NOT_FOR_ENFORCEMENT,-59.1573,17940.0307,-61.6222,-59.1573,-2.4649,-0.00293352,-0.00281618,-2.4649,-59.1573,-0.00281618,-2.4649,-2.4649,-2.4649,-4.3136,-4.3136,-59.1573,-0.00281618,-16.0218,-14.4684,-45.6004,-47.1538,-0.00217080,-0.00224475,-0.00011734,16.8454,14.9860,-0.0494,-0.6419,-0.0525,218.8151,12.9896,13.0801,17.0694,10.3857,11.0045,21.0062,31.5093,42.0124,42.1647,10.5412,0.0,3.81775,3.831594,1.530778,30,171,130,2,0.04358735,-0.00293352,0.13859161,0E-8,0.000000,0.889618,0.000000,-0.14797496,2026-03-22,2026-08-05,96,1173,774,137,0.700730,0.766291,0.776478,0.145291,,,,,,,,GLOBAL_BASELINE_NO_ENTITY_RANKING,,,NOT_APPLICABLE_GLOBAL_BASELINE,HF9g-P5,,,,X 全窗基线 · 不参与实体赏罚,3926768,393,A168_HF9F_20260827_0900,2026-08-27 09:00:00
2026-04-07,91797317,1383,0,10.5411844075,-10.5411844075,-10.5411844075,0E-7,1,1,0.49324550000000000,0.493245500000,-0.9865810262130424,-0.9865810262130424,-0.9865810262130424,0E-17,ELIGIBLE,R03b_20260811_FULL_v1,L1_ELIGIBILITY,v2026-08-11,2026-03-21..2026-08-06,baccarat_bet02_101_all_pairs_incl_sentinel,round_win = game_pnl > 0 (decisive only),COMPATIBILITY_ONLY_NOT_PRODUCTION,21006.2458,18687.5319,-61.6222,1247,1247,0.00293352,-0.13859161,0.00938335,0.00293352,61.6222,21006.2458,OK,0.0000,-2.4649,4.0000,96.0000,AG03-UNRESOLVED,ALL5_LEVELS_bet23_to_bet27,-2.4649,-2.4649,-2.4649,-4.3136,-4.3136,4.000000,4.000000,4.000000,7.000000,7.000000,96.000000,96.000000,96.000000,93.000000,93.000000,5.0,-16.0218,-14.4684,-45.6004,-47.1538,PENDING_AG03,FALSE,NOT_FOR_ENFORCEMENT,-59.1573,17940.0307,-61.6222,-59.1573,-2.4649,-0.00293352,-0.00281618,-2.4649,-59.1573,-0.00281618,-2.4649,-2.4649,-2.4649,-4.3136,-4.3136,-59.1573,-0.00281618,-16.0218,-14.4684,-45.6004,-47.1538,-0.00217080,-0.00224475,-0.00011734,16.8454,14.9860,-0.0494,-0.6419,-0.0525,218.8151,12.9896,13.0801,17.0694,10.3857,11.0045,21.0062,31.5093,42.0124,42.1647,10.5412,0.0,3.81775,3.831594,1.530778,30,171,130,2,0.04358735,-0.00293352,0.13859161,0E-8,0.000000,0.889618,0.000000,-0.14797496,2026-03-22,2026-08-05,96,1173,774,137,0.700730,0.766291,0.776478,0.145291,,,,,,,,GLOBAL_BASELINE_NO_ENTITY_RANKING,,,NOT_APPLICABLE_GLOBAL_BASELINE,HF9g-P5,,,,X 全窗基线 · 不参与实体赏罚,3926769,393,A168_HF9F_20260827_0900,2026-08-27 09:00:00
2026-04-07,91797317,1702,0,10.5411844075,10.5411844075,10.5411844075,1.0000000,1,1,0.49324550000000000,0.493245500000,1.01360149184955,1.01360149184955,1.01360149184955,0E-17,ELIGIBLE,R03b_20260811_FULL_v1,L1_ELIGIBILITY,v2026-08-11,2026-03-21..2026-08-06,baccarat_bet02_101_all_pairs_incl_sentinel,round_win = game_pnl > 0 (decisive only),COMPATIBILITY_ONLY_NOT_PRODUCTION,21006.2458,18687.5319,-61.6222,1247,1247,0.00293352,-0.13859161,0.00938335,0.00293352,61.6222,21006.2458,OK,0.0000,-2.4649,4.0000,96.0000,AG03-UNRESOLVED,ALL5_LEVELS_bet23_to_bet27,-2.4649,-2.4649,-2.4649,-4.3136,-4.3136,4.000000,4.000000,4.000000,7.000000,7.000000,96.000000,96.000000,96.000000,93.000000,93.000000,5.0,-16.0218,-14.4684,-45.6004,-47.1538,PENDING_AG03,FALSE,NOT_FOR_ENFORCEMENT,-59.1573,17940.0307,-61.6222,-59.1573,-2.4649,-0.00293352,-0.00281618,-2.4649,-59.1573,-0.00281618,-2.4649,-2.4649,-2.4649,-4.3136,-4.3136,-59.1573,-0.00281618,-16.0218,-14.4684,-45.6004,-47.1538,-0.00217080,-0.00224475,-0.00011734,16.8454,14.9860,-0.0494,-0.6419,-0.0525,218.8151,12.9896,13.0801,17.0694,10.3857,11.0045,21.0062,31.5093,42.0124,42.1647,10.5412,0.0,3.81775,3.831594,1.530778,30,171,130,2,0.04358735,-0.00293352,0.13859161,0E-8,0.000000,0.889618,0.000000,-0.14797496,2026-03-22,2026-08-05,96,1173,774,137,0.700730,0.766291,0.776478,0.145291,,,,,,,,GLOBAL_BASELINE_NO_ENTITY_RANKING,,,NOT_APPLICABLE_GLOBAL_BASELINE,HF9g-P5,,,,X 全窗基线 · 不参与实体赏罚,3926770,393,A168_HF9F_20260827_0900,2026-08-27 09:00:00
2026-04-07,91797317,1951,0,42.1647376299,-42.1647376299,-42.1647376299,0E-7,1,1,0.49324550000000000,0.493245500000,-0.9865810262130424,-0.9865810262130424,-0.9865810262130424,0E-17,ELIGIBLE,R03b_20260811_FULL_v1,L1_ELIGIBILITY,v2026-08-11,2026-03-21..2026-08-06,baccarat_bet02_101_all_pairs_incl_sentinel,round_win = game_pnl > 0 (decisive only),COMPATIBILITY_ONLY_NOT_PRODUCTION,21006.2458,18687.5319,-61.6222,1247,1247,0.00293352,-0.13859161,0.00938335,0.00293352,61.6222,21006.2458,OK,0.0000,-2.4649,4.0000,96.0000,AG03-UNRESOLVED,ALL5_LEVELS_bet23_to_bet27,-2.4649,-2.4649,-2.4649,-4.3136,-4.3136,4.000000,4.000000,4.000000,7.000000,7.000000,96.000000,96.000000,96.000000,93.000000,93.000000,5.0,-16.0218,-14.4684,-45.6004,-47.1538,PENDING_AG03,FALSE,NOT_FOR_ENFORCEMENT,-59.1573,17940.0307,-61.6222,-59.1573,-2.4649,-0.00293352,-0.00281618,-2.4649,-59.1573,-0.00281618,-2.4649,-2.4649,-2.4649,-4.3136,-4.3136,-59.1573,-0.00281618,-16.0218,-14.4684,-45.6004,-47.1538,-0.00217080,-0.00224475,-0.00011734,16.8454,14.9860,-0.0494,-0.6419,-0.0525,218.8151,12.9896,13.0801,17.0694,10.3857,11.0045,21.0062,31.5093,42.0124,42.1647,10.5412,0.0,3.81775,3.831594,1.530778,30,171,130,2,0.04358735,-0.00293352,0.13859161,0E-8,0.000000,0.889618,0.000000,-0.14797496,2026-03-22,2026-08-05,96,1173,774,137,0.700730,0.766291,0.776478,0.145291,,,,,,,,GLOBAL_BASELINE_NO_ENTITY_RANKING,,,NOT_APPLICABLE_GLOBAL_BASELINE,HF9g-P5,,,,X 全窗基线 · 不参与实体赏罚,3926771,393,A168_HF9F_20260827_0900,2026-08-27 09:00:00
2026-04-07,91797317,2160,0,21.0823688150,-21.0823688150,-21.0823688150,0E-7,1,1,0.49324550000000000,0.493245500000,-0.9865810262130424,-0.9865810262130424,-0.9865810262130424,0E-17,ELIGIBLE,R03b_20260811_FULL_v1,L1_ELIGIBILITY,v2026-08-11,2026-03-21..2026-08-06,baccarat_bet02_101_all_pairs_incl_sentinel,round_win = game_pnl > 0 (decisive only),COMPATIBILITY_ONLY_NOT_PRODUCTION,21006.2458,18687.5319,-61.6222,1247,1247,0.00293352,-0.13859161,0.00938335,0.00293352,61.6222,21006.2458,OK,0.0000,-2.4649,4.0000,96.0000,AG03-UNRESOLVED,ALL5_LEVELS_bet23_to_bet27,-2.4649,-2.4649,-2.4649,-4.3136,-4.3136,4.000000,4.000000,4.000000,7.000000,7.000000,96.000000,96.000000,96.000000,93.000000,93.000000,5.0,-16.0218,-14.4684,-45.6004,-47.1538,PENDING_AG03,FALSE,NOT_FOR_ENFORCEMENT,-59.1573,17940.0307,-61.6222,-59.1573,-2.4649,-0.00293352,-0.00281618,-2.4649,-59.1573,-0.00281618,-2.4649,-2.4649,-2.4649,-4.3136,-4.3136,-59.1573,-0.00281618,-16.0218,-14.4684,-45.6004,-47.1538,-0.00217080,-0.00224475,-0.00011734,16.8454,14.9860,-0.0494,-0.6419,-0.0525,218.8151,12.9896,13.0801,17.0694,10.3857,11.0045,21.0062,31.5093,42.0124,42.1647,10.5412,0.0,3.81775,3.831594,1.530778,30,171,130,2,0.04358735,-0.00293352,0.13859161,0E-8,0.000000,0.889618,0.000000,-0.14797496,2026-03-22,2026-08-05,96,1173,774,137,0.700730,0.766291,0.776478,0.145291,,,,,,,,GLOBAL_BASELINE_NO_ENTITY_RANKING,,,NOT_APPLICABLE_GLOBAL_BASELINE,HF9g-P5,,,,X 全窗基线 · 不参与实体赏罚,3926772,393,A168_HF9F_20260827_0900,2026-08-27 09:00:00
2026-04-07,91797317,2196,0,42.1647376299,42.1647376299,42.1647376299,1.0000000,1,1,0.49324550000000000,0.493245500000,1.01360149184955,1.01360149184955,1.01360149184955,0E-17,ELIGIBLE,R03b_20260811_FULL_v1,L1_ELIGIBILITY,v2026-08-11,2026-03-21..2026-08-06,baccarat_bet02_101_all_pairs_incl_sentinel,round_win = game_pnl > 0 (decisive only),COMPATIBILITY_ONLY_NOT_PRODUCTION,21006.2458,18687.5319,-61.6222,1247,1247,0.00293352,-0.13859161,0.00938335,0.00293352,61.6222,21006.2458,OK,0.0000,-2.4649,4.0000,96.0000,AG03-UNRESOLVED,ALL5_LEVELS_bet23_to_bet27,-2.4649,-2.4649,-2.4649,-4.3136,-4.3136,4.000000,4.000000,4.000000,7.000000,7.000000,96.000000,96.000000,96.000000,93.000000,93.000000,5.0,-16.0218,-14.4684,-45.6004,-47.1538,PENDING_AG03,FALSE,NOT_FOR_ENFORCEMENT,-59.1573,17940.0307,-61.6222,-59.1573,-2.4649,-0.00293352,-0.00281618,-2.4649,-59.1573,-0.00281618,-2.4649,-2.4649,-2.4649,-4.3136,-4.3136,-59.1573,-0.00281618,-16.0218,-14.4684,-45.6004,-47.1538,-0.00217080,-0.00224475,-0.00011734,16.8454,14.9860,-0.0494,-0.6419,-0.0525,218.8151,12.9896,13.0801,17.0694,10.3857,11.0045,21.0062,31.5093,42.0124,42.1647,10.5412,0.0,3.81775,3.831594,1.530778,30,171,130,2,0.04358735,-0.00293352,0.13859161,0E-8,0.000000,0.889618,0.000000,-0.14797496,2026-03-22,2026-08-05,96,1173,774,137,0.700730,0.766291,0.776478,0.145291,,,,,,,,GLOBAL_BASELINE_NO_ENTITY_RANKING,,,NOT_APPLICABLE_GLOBAL_BASELINE,HF9g-P5,,,,X 全窗基线 · 不参与实体赏罚,3926773,393,A168_HF9F_20260827_0900,2026-08-27 09:00:00
2026-04-07,91797317,2209,0,21.0823688150,0E-10,0E-10,,1,1,0.49324550000000000,0.493245500000,,,,0E-17,NO_DECISIVE_ROUND,R03b_20260811_FULL_v1,L1_ELIGIBILITY,v2026-08-11,2026-03-21..2026-08-06,baccarat_bet02_101_all_pairs_incl_sentinel,round_win = game_pnl > 0 (decisive only),COMPATIBILITY_ONLY_NOT_PRODUCTION,21006.2458,18687.5319,-61.6222,1247,1247,0.00293352,-0.13859161,0.00938335,0.00293352,61.6222,21006.2458,OK,0.0000,-2.4649,4.0000,96.0000,AG03-UNRESOLVED,ALL5_LEVELS_bet23_to_bet27,-2.4649,-2.4649,-2.4649,-4.3136,-4.3136,4.000000,4.000000,4.000000,7.000000,7.000000,96.000000,96.000000,96.000000,93.000000,93.000000,5.0,-16.0218,-14.4684,-45.6004,-47.1538,PENDING_AG03,FALSE,NOT_FOR_ENFORCEMENT,-59.1573,17940.0307,-61.6222,-59.1573,-2.4649,-0.00293352,-0.00281618,-2.4649,-59.1573,-0.00281618,-2.4649,-2.4649,-2.4649,-4.3136,-4.3136,-59.1573,-0.00281618,-16.0218,-14.4684,-45.6004,-47.1538,-0.00217080,-0.00224475,-0.00011734,16.8454,14.9860,-0.0494,-0.6419,-0.0525,218.8151,12.9896,13.0801,17.0694,10.3857,11.0045,21.0062,31.5093,42.0124,42.1647,10.5412,0.0,3.81775,3.831594,1.530778,30,171,130,2,0.04358735,-0.00293352,0.13859161,0E-8,0.000000,0.889618,0.000000,-0.14797496,2026-03-22,2026-08-05,96,1173,774,137,0.700730,0.766291,0.776478,0.145291,,,,,,,,GLOBAL_BASELINE_NO_ENTITY_RANKING,,,NOT_APPLICABLE_GLOBAL_BASELINE,HF9g-P5,,,,X 全窗基线 · 不参与实体赏罚,3926774,393,A168_HF9F_20260827_0900,2026-08-27 09:00:00
2026-04-07,91797317,550,0,42.1647376299,-42.1647376299,-42.1647376299,0E-7,1,1,0.49324550000000000,0.493245500000,-0.9865810262130424,-0.9865810262130424,-0.9865810262130424,0E-17,ELIGIBLE,R03b_20260811_FULL_v1,L1_ELIGIBILITY,v2026-08-11,2026-03-21..2026-08-06,baccarat_bet02_101_all_pairs_incl_sentinel,round_win = game_pnl > 0 (decisive only),COMPATIBILITY_ONLY_NOT_PRODUCTION,21006.2458,18687.5319,-61.6222,1247,1247,0.00293352,-0.13859161,0.00938335,0.00293352,61.6222,21006.2458,OK,0.0000,-2.4649,4.0000,96.0000,AG03-UNRESOLVED,ALL5_LEVELS_bet23_to_bet27,-2.4649,-2.4649,-2.4649,-4.3136,-4.3136,4.000000,4.000000,4.000000,7.000000,7.000000,96.000000,96.000000,96.000000,93.000000,93.000000,5.0,-16.0218,-14.4684,-45.6004,-47.1538,PENDING_AG03,FALSE,NOT_FOR_ENFORCEMENT,-59.1573,17940.0307,-61.6222,-59.1573,-2.4649,-0.00293352,-0.00281618,-2.4649,-59.1573,-0.00281618,-2.4649,-2.4649,-2.4649,-4.3136,-4.3136,-59.1573,-0.00281618,-16.0218,-14.4684,-45.6004,-47.1538,-0.00217080,-0.00224475,-0.00011734,16.8454,14.9860,-0.0494,-0.6419,-0.0525,218.8151,12.9896,13.0801,17.0694,10.3857,11.0045,21.0062,31.5093,42.0124,42.1647,10.5412,0.0,3.81775,3.831594,1.530778,30,171,130,2,0.04358735,-0.00293352,0.13859161,0E-8,0.000000,0.889618,0.000000,-0.14797496,2026-03-22,2026-08-05,96,1173,774,137,0.700730,0.766291,0.776478,0.145291,,,,,,,,GLOBAL_BASELINE_NO_ENTITY_RANKING,,,NOT_APPLICABLE_GLOBAL_BASELINE,HF9g-P5,,,,X 全窗基线 · 不参与实体赏罚,3926775,393,A168_HF9F_20260827_0900,2026-08-27 09:00:00
2026-04-08,91797317,-1,1,94.8706596674,-10.5411844074,-10.5411844074,0.5000000,4,4,0.49324550000000000,0.493245500000,0.027020465636507562,0.027020465636507562,0.027020465636507562,0E-17,SENTINEL_DEALER,R03b_20260811_FULL_v1,L1_ELIGIBILITY,v2026-08-11,2026-03-21..2026-08-06,baccarat_bet02_101_all_pairs_incl_sentinel,round_win = game_pnl > 0 (decisive only),COMPATIBILITY_ONLY_NOT_PRODUCTION,21006.2458,18687.5319,-61.6222,1247,1247,0.00293352,-0.13859161,0.00938335,0.00293352,61.6222,21006.2458,OK,0.0000,-2.4649,4.0000,96.0000,AG03-UNRESOLVED,ALL5_LEVELS_bet23_to_bet27,-2.4649,-2.4649,-2.4649,-4.3136,-4.3136,4.000000,4.000000,4.000000,7.000000,7.000000,96.000000,96.000000,96.000000,93.000000,93.000000,5.0,-16.0218,-14.4684,-45.6004,-47.1538,PENDING_AG03,FALSE,NOT_FOR_ENFORCEMENT,-59.1573,17940.0307,-61.6222,-59.1573,-2.4649,-0.00293352,-0.00281618,-2.4649,-59.1573,-0.00281618,-2.4649,-2.4649,-2.4649,-4.3136,-4.3136,-59.1573,-0.00281618,-16.0218,-14.4684,-45.6004,-47.1538,-0.00217080,-0.00224475,-0.00011734,16.8454,14.9860,-0.0494,-0.6419,-0.0525,218.8151,12.9896,13.0801,17.0694,10.3857,11.0045,21.0062,31.5093,42.0124,42.1647,10.5412,0.0,3.81775,3.831594,1.530778,30,171,130,2,0.04358735,-0.00293352,0.13859161,0E-8,0.000000,0.889618,0.000000,-0.14797496,2026-03-22,2026-08-05,96,1173,774,137,0.700730,0.766291,0.776478,0.145291,,,,,,,,GLOBAL_BASELINE_NO_ENTITY_RANKING,,,NOT_APPLICABLE_GLOBAL_BASELINE,HF9g-P5,,,,X 全窗基线 · 不参与实体赏罚,3926776,393,A168_HF9F_20260827_0900,2026-08-27 09:00:00
2026-04-08,91797317,1004,0,10.5411844075,10.5411844075,10.5411844075,1.0000000,1,1,0.49324550000000000,0.493245500000,1.01360149184955,1.01360149184955,1.01360149184955,0E-17,ELIGIBLE,R03b_20260811_FULL_v1,L1_ELIGIBILITY,v2026-08-11,2026-03-21..2026-08-06,baccarat_bet02_101_all_pairs_incl_sentinel,round_win = game_pnl > 0 (decisive only),COMPATIBILITY_ONLY_NOT_PRODUCTION,21006.2458,18687.5319,-61.6222,1247,1247,0.00293352,-0.13859161,0.00938335,0.00293352,61.6222,21006.2458,OK,0.0000,-2.4649,4.0000,96.0000,AG03-UNRESOLVED,ALL5_LEVELS_bet23_to_bet27,-2.4649,-2.4649,-2.4649,-4.3136,-4.3136,4.000000,4.000000,4.000000,7.000000,7.000000,96.000000,96.000000,96.000000,93.000000,93.000000,5.0,-16.0218,-14.4684,-45.6004,-47.1538,PENDING_AG03,FALSE,NOT_FOR_ENFORCEMENT,-59.1573,17940.0307,-61.6222,-59.1573,-2.4649,-0.00293352,-0.00281618,-2.4649,-59.1573,-0.00281618,-2.4649,-2.4649,-2.4649,-4.3136,-4.3136,-59.1573,-0.00281618,-16.0218,-14.4684,-45.6004,-47.1538,-0.00217080,-0.00224475,-0.00011734,16.8454,14.9860,-0.0494,-0.6419,-0.0525,218.8151,12.9896,13.0801,17.0694,10.3857,11.0045,21.0062,31.5093,42.0124,42.1647,10.5412,0.0,3.81775,3.831594,1.530778,30,171,130,2,0.04358735,-0.00293352,0.13859161,0E-8,0.000000,0.889618,0.000000,-0.14797496,2026-03-22,2026-08-05,96,1173,774,137,0.700730,0.766291,0.776478,0.145291,,,,,,,,GLOBAL_BASELINE_NO_ENTITY_RANKING,,,NOT_APPLICABLE_GLOBAL_BASELINE,HF9g-P5,,,,X 全窗基线 · 不参与实体赏罚,3926777,393,A168_HF9F_20260827_0900,2026-08-27 09:00:00
2026-04-08,91797317,1299,0,21.0823688150,-21.0823688150,-21.0823688150,0E-7,1,1,0.49324550000000000,0.493245500000,-0.9865810262130424,-0.9865810262130424,-0.9865810262130424,0E-17,ELIGIBLE,R03b_20260811_FULL_v1,L1_ELIGIBILITY,v2026-08-11,2026-03-21..2026-08-06,baccarat_bet02_101_all_pairs_incl_sentinel,round_win = game_pnl > 0 (decisive only),COMPATIBILITY_ONLY_NOT_PRODUCTION,21006.2458,18687.5319,-61.6222,1247,1247,0.00293352,-0.13859161,0.00938335,0.00293352,61.6222,21006.2458,OK,0.0000,-2.4649,4.0000,96.0000,AG03-UNRESOLVED,ALL5_LEVELS_bet23_to_bet27,-2.4649,-2.4649,-2.4649,-4.3136,-4.3136,4.000000,4.000000,4.000000,7.000000,7.000000,96.000000,96.000000,96.000000,93.000000,93.000000,5.0,-16.0218,-14.4684,-45.6004,-47.1538,PENDING_AG03,FALSE,NOT_FOR_ENFORCEMENT,-59.1573,17940.0307,-61.6222,-59.1573,-2.4649,-0.00293352,-0.00281618,-2.4649,-59.1573,-0.00281618,-2.4649,-2.4649,-2.4649,-4.3136,-4.3136,-59.1573,-0.00281618,-16.0218,-14.4684,-45.6004,-47.1538,-0.00217080,-0.00224475,-0.00011734,16.8454,14.9860,-0.0494,-0.6419,-0.0525,218.8151,12.9896,13.0801,17.0694,10.3857,11.0045,21.0062,31.5093,42.0124,42.1647,10.5412,0.0,3.81775,3.831594,1.530778,30,171,130,2,0.04358735,-0.00293352,0.13859161,0E-8,0.000000,0.889618,0.000000,-0.14797496,2026-03-22,2026-08-05,96,1173,774,137,0.700730,0.766291,0.776478,0.145291,,,,,,,,GLOBAL_BASELINE_NO_ENTITY_RANKING,,,NOT_APPLICABLE_GLOBAL_BASELINE,HF9g-P5,,,,X 全窗基线 · 不参与实体赏罚,3926778,393,A168_HF9F_20260827_0900,2026-08-27 09:00:00
2026-04-08,91797317,1318,0,21.0823688150,-21.0823688150,-21.0823688150,0E-7,1,1,0.49324550000000000,0.493245500000,-0.9865810262130424,-0.9865810262130424,-0.9865810262130424,0E-17,ELIGIBLE,R03b_20260811_FULL_v1,L1_ELIGIBILITY,v2026-08-11,2026-03-21..2026-08-06,baccarat_bet02_101_all_pairs_incl_sentinel,round_win = game_pnl > 0 (decisive only),COMPATIBILITY_ONLY_NOT_PRODUCTION,21006.2458,18687.5319,-61.6222,1247,1247,0.00293352,-0.13859161,0.00938335,0.00293352,61.6222,21006.2458,OK,0.0000,-2.4649,4.0000,96.0000,AG03-UNRESOLVED,ALL5_LEVELS_bet23_to_bet27,-2.4649,-2.4649,-2.4649,-4.3136,-4.3136,4.000000,4.000000,4.000000,7.000000,7.000000,96.000000,96.000000,96.000000,93.000000,93.000000,5.0,-16.0218,-14.4684,-45.6004,-47.1538,PENDING_AG03,FALSE,NOT_FOR_ENFORCEMENT,-59.1573,17940.0307,-61.6222,-59.1573,-2.4649,-0.00293352,-0.00281618,-2.4649,-59.1573,-0.00281618,-2.4649,-2.4649,-2.4649,-4.3136,-4.3136,-59.1573,-0.00281618,-16.0218,-14.4684,-45.6004,-47.1538,-0.00217080,-0.00224475,-0.00011734,16.8454,14.9860,-0.0494,-0.6419,-0.0525,218.8151,12.9896,13.0801,17.0694,10.3857,11.0045,21.0062,31.5093,42.0124,42.1647,10.5412,0.0,3.81775,3.831594,1.530778,30,171,130,2,0.04358735,-0.00293352,0.13859161,0E-8,0.000000,0.889618,0.000000,-0.14797496,2026-03-22,2026-08-05,96,1173,774,137,0.700730,0.766291,0.776478,0.145291,,,,,,,,GLOBAL_BASELINE_NO_ENTITY_RANKING,,,NOT_APPLICABLE_GLOBAL_BASELINE,HF9g-P5,,,,X 全窗基线 · 不参与实体赏罚,3926779,393,A168_HF9F_20260827_0900,2026-08-27 09:00:00
2026-04-08,91797317,1325,0,31.6235532225,-10.5411844075,-10.5411844075,0.5000000,2,2,0.49324550000000000,0.493245500000,0.01910635448239258,0.01910635448239258,0.01910635448239258,0E-17,ELIGIBLE,R03b_20260811_FULL_v1,L1_ELIGIBILITY,v2026-08-11,2026-03-21..2026-08-06,baccarat_bet02_101_all_pairs_incl_sentinel,round_win = game_pnl > 0 (decisive only),COMPATIBILITY_ONLY_NOT_PRODUCTION,21006.2458,18687.5319,-61.6222,1247,1247,0.00293352,-0.13859161,0.00938335,0.00293352,61.6222,21006.2458,OK,0.0000,-2.4649,4.0000,96.0000,AG03-UNRESOLVED,ALL5_LEVELS_bet23_to_bet27,-2.4649,-2.4649,-2.4649,-4.3136,-4.3136,4.000000,4.000000,4.000000,7.000000,7.000000,96.000000,96.000000,96.000000,93.000000,93.000000,5.0,-16.0218,-14.4684,-45.6004,-47.1538,PENDING_AG03,FALSE,NOT_FOR_ENFORCEMENT,-59.1573,17940.0307,-61.6222,-59.1573,-2.4649,-0.00293352,-0.00281618,-2.4649,-59.1573,-0.00281618,-2.4649,-2.4649,-2.4649,-4.3136,-4.3136,-59.1573,-0.00281618,-16.0218,-14.4684,-45.6004,-47.1538,-0.00217080,-0.00224475,-0.00011734,16.8454,14.9860,-0.0494,-0.6419,-0.0525,218.8151,12.9896,13.0801,17.0694,10.3857,11.0045,21.0062,31.5093,42.0124,42.1647,10.5412,0.0,3.81775,3.831594,1.530778,30,171,130,2,0.04358735,-0.00293352,0.13859161,0E-8,0.000000,0.889618,0.000000,-0.14797496,2026-03-22,2026-08-05,96,1173,774,137,0.700730,0.766291,0.776478,0.145291,,,,,,,,GLOBAL_BASELINE_NO_ENTITY_RANKING,,,NOT_APPLICABLE_GLOBAL_BASELINE,HF9g-P5,,,,X 全窗基线 · 不参与实体赏罚,3926780,393,A168_HF9F_20260827_0900,2026-08-27 09:00:00
2026-04-08,91797317,1330,0,42.1647376299,42.1647376299,42.1647376299,1.0000000,1,1,0.49324550000000000,0.493245500000,1.01360149184955,1.01360149184955,1.01360149184955,0E-17,ELIGIBLE,R03b_20260811_FULL_v1,L1_ELIGIBILITY,v2026-08-11,2026-03-21..2026-08-06,baccarat_bet02_101_all_pairs_incl_sentinel,round_win = game_pnl > 0 (decisive only),COMPATIBILITY_ONLY_NOT_PRODUCTION,21006.2458,18687.5319,-61.6222,1247,1247,0.00293352,-0.13859161,0.00938335,0.00293352,61.6222,21006.2458,OK,0.0000,-2.4649,4.0000,96.0000,AG03-UNRESOLVED,ALL5_LEVELS_bet23_to_bet27,-2.4649,-2.4649,-2.4649,-4.3136,-4.3136,4.000000,4.000000,4.000000,7.000000,7.000000,96.000000,96.000000,96.000000,93.000000,93.000000,5.0,-16.0218,-14.4684,-45.6004,-47.1538,PENDING_AG03,FALSE,NOT_FOR_ENFORCEMENT,-59.1573,17940.0307,-61.6222,-59.1573,-2.4649,-0.00293352,-0.00281618,-2.4649,-59.1573,-0.00281618,-2.4649,-2.4649,-2.4649,-4.3136,-4.3136,-59.1573,-0.00281618,-16.0218,-14.4684,-45.6004,-47.1538,-0.00217080,-0.00224475,-0.00011734,16.8454,14.9860,-0.0494,-0.6419,-0.0525,218.8151,12.9896,13.0801,17.0694,10.3857,11.0045,21.0062,31.5093,42.0124,42.1647,10.5412,0.0,3.81775,3.831594,1.530778,30,171,130,2,0.04358735,-0.00293352,0.13859161,0E-8,0.000000,0.889618,0.000000,-0.14797496,2026-03-22,2026-08-05,96,1173,774,137,0.700730,0.766291,0.776478,0.145291,,,,,,,,GLOBAL_BASELINE_NO_ENTITY_RANKING,,,NOT_APPLICABLE_GLOBAL_BASELINE,HF9g-P5,,,,X 全窗基线 · 不参与实体赏罚,3926781,393,A168_HF9F_20260827_0900,2026-08-27 09:00:00
2026-04-08,91797317,1353,0,21.0823688150,-21.0823688150,-21.0823688150,0E-7,1,1,0.49324550000000000,0.493245500000,-0.9865810262130424,-0.9865810262130424,-0.9865810262130424,0E-17,ELIGIBLE,R03b_20260811_FULL_v1,L1_ELIGIBILITY,v2026-08-11,2026-03-21..2026-08-06,baccarat_bet02_101_all_pairs_incl_sentinel,round_win = game_pnl > 0 (decisive only),COMPATIBILITY_ONLY_NOT_PRODUCTION,21006.2458,18687.5319,-61.6222,1247,1247,0.00293352,-0.13859161,0.00938335,0.00293352,61.6222,21006.2458,OK,0.0000,-2.4649,4.0000,96.0000,AG03-UNRESOLVED,ALL5_LEVELS_bet23_to_bet27,-2.4649,-2.4649,-2.4649,-4.3136,-4.3136,4.000000,4.000000,4.000000,7.000000,7.000000,96.000000,96.000000,96.000000,93.000000,93.000000,5.0,-16.0218,-14.4684,-45.6004,-47.1538,PENDING_AG03,FALSE,NOT_FOR_ENFORCEMENT,-59.1573,17940.0307,-61.6222,-59.1573,-2.4649,-0.00293352,-0.00281618,-2.4649,-59.1573,-0.00281618,-2.4649,-2.4649,-2.4649,-4.3136,-4.3136,-59.1573,-0.00281618,-16.0218,-14.4684,-45.6004,-47.1538,-0.00217080,-0.00224475,-0.00011734,16.8454,14.9860,-0.0494,-0.6419,-0.0525,218.8151,12.9896,13.0801,17.0694,10.3857,11.0045,21.0062,31.5093,42.0124,42.1647,10.5412,0.0,3.81775,3.831594,1.530778,30,171,130,2,0.04358735,-0.00293352,0.13859161,0E-8,0.000000,0.889618,0.000000,-0.14797496,2026-03-22,2026-08-05,96,1173,774,137,0.700730,0.766291,0.776478,0.145291,,,,,,,,GLOBAL_BASELINE_NO_ENTITY_RANKING,,,NOT_APPLICABLE_GLOBAL_BASELINE,HF9g-P5,,,,X 全窗基线 · 不参与实体赏罚,3926782,393,A168_HF9F_20260827_0900,2026-08-27 09:00:00
2026-04-08,91797317,1485,0,10.5411844075,0E-10,0E-10,,1,1,0.49324550000000000,0.493245500000,,,,0E-17,NO_DECISIVE_ROUND,R03b_20260811_FULL_v1,L1_ELIGIBILITY,v2026-08-11,2026-03-21..2026-08-06,baccarat_bet02_101_all_pairs_incl_sentinel,round_win = game_pnl > 0 (decisive only),COMPATIBILITY_ONLY_NOT_PRODUCTION,21006.2458,18687.5319,-61.6222,1247,1247,0.00293352,-0.13859161,0.00938335,0.00293352,61.6222,21006.2458,OK,0.0000,-2.4649,4.0000,96.0000,AG03-UNRESOLVED,ALL5_LEVELS_bet23_to_bet27,-2.4649,-2.4649,-2.4649,-4.3136,-4.3136,4.000000,4.000000,4.000000,7.000000,7.000000,96.000000,96.000000,96.000000,93.000000,93.000000,5.0,-16.0218,-14.4684,-45.6004,-47.1538,PENDING_AG03,FALSE,NOT_FOR_ENFORCEMENT,-59.1573,17940.0307,-61.6222,-59.1573,-2.4649,-0.00293352,-0.00281618,-2.4649,-59.1573,-0.00281618,-2.4649,-2.4649,-2.4649,-4.3136,-4.3136,-59.1573,-0.00281618,-16.0218,-14.4684,-45.6004,-47.1538,-0.00217080,-0.00224475,-0.00011734,16.8454,14.9860,-0.0494,-0.6419,-0.0525,218.8151,12.9896,13.0801,17.0694,10.3857,11.0045,21.0062,31.5093,42.0124,42.1647,10.5412,0.0,3.81775,3.831594,1.530778,30,171,130,2,0.04358735,-0.00293352,0.13859161,0E-8,0.000000,0.889618,0.000000,-0.14797496,2026-03-22,2026-08-05,96,1173,774,137,0.700730,0.766291,0.776478,0.145291,,,,,,,,GLOBAL_BASELINE_NO_ENTITY_RANKING,,,NOT_APPLICABLE_GLOBAL_BASELINE,HF9g-P5,,,,X 全窗基线 · 不参与实体赏罚,3926783,393,A168_HF9F_20260827_0900,2026-08-27 09:00:00
2026-04-08,91797317,1985,0,42.1647376299,0E-10,0E-10,,1,1,0.49324550000000000,0.493245500000,,,,0E-17,NO_DECISIVE_ROUND,R03b_20260811_FULL_v1,L1_ELIGIBILITY,v2026-08-11,2026-03-21..2026-08-06,baccarat_bet02_101_all_pairs_incl_sentinel,round_win = game_pnl > 0 (decisive only),COMPATIBILITY_ONLY_NOT_PRODUCTION,21006.2458,18687.5319,-61.6222,1247,1247,0.00293352,-0.13859161,0.00938335,0.00293352,61.6222,21006.2458,OK,0.0000,-2.4649,4.0000,96.0000,AG03-UNRESOLVED,ALL5_LEVELS_bet23_to_bet27,-2.4649,-2.4649,-2.4649,-4.3136,-4.3136,4.000000,4.000000,4.000000,7.000000,7.000000,96.000000,96.000000,96.000000,93.000000,93.000000,5.0,-16.0218,-14.4684,-45.6004,-47.1538,PENDING_AG03,FALSE,NOT_FOR_ENFORCEMENT,-59.1573,17940.0307,-61.6222,-59.1573,-2.4649,-0.00293352,-0.00281618,-2.4649,-59.1573,-0.00281618,-2.4649,-2.4649,-2.4649,-4.3136,-4.3136,-59.1573,-0.00281618,-16.0218,-14.4684,-45.6004,-47.1538,-0.00217080,-0.00224475,-0.00011734,16.8454,14.9860,-0.0494,-0.6419,-0.0525,218.8151,12.9896,13.0801,17.0694,10.3857,11.0045,21.0062,31.5093,42.0124,42.1647,10.5412,0.0,3.81775,3.831594,1.530778,30,171,130,2,0.04358735,-0.00293352,0.13859161,0E-8,0.000000,0.889618,0.000000,-0.14797496,2026-03-22,2026-08-05,96,1173,774,137,0.700730,0.766291,0.776478,0.145291,,,,,,,,GLOBAL_BASELINE_NO_ENTITY_RANKING,,,NOT_APPLICABLE_GLOBAL_BASELINE,HF9g-P5,,,,X 全窗基线 · 不参与实体赏罚,3926784,393,A168_HF9F_20260827_0900,2026-08-27 09:00:00
2026-04-08,91797317,2110,0,10.5411844075,-10.5411844075,-10.5411844075,0E-7,1,1,0.49324550000000000,0.493245500000,-0.9865810262130424,-0.9865810262130424,-0.9865810262130424,0E-17,ELIGIBLE,R03b_20260811_FULL_v1,L1_ELIGIBILITY,v2026-08-11,2026-03-21..2026-08-06,baccarat_bet02_101_all_pairs_incl_sentinel,round_win = game_pnl > 0 (decisive only),COMPATIBILITY_ONLY_NOT_PRODUCTION,21006.2458,18687.5319,-61.6222,1247,1247,0.00293352,-0.13859161,0.00938335,0.00293352,61.6222,21006.2458,OK,0.0000,-2.4649,4.0000,96.0000,AG03-UNRESOLVED,ALL5_LEVELS_bet23_to_bet27,-2.4649,-2.4649,-2.4649,-4.3136,-4.3136,4.000000,4.000000,4.000000,7.000000,7.000000,96.000000,96.000000,96.000000,93.000000,93.000000,5.0,-16.0218,-14.4684,-45.6004,-47.1538,PENDING_AG03,FALSE,NOT_FOR_ENFORCEMENT,-59.1573,17940.0307,-61.6222,-59.1573,-2.4649,-0.00293352,-0.00281618,-2.4649,-59.1573,-0.00281618,-2.4649,-2.4649,-2.4649,-4.3136,-4.3136,-59.1573,-0.00281618,-16.0218,-14.4684,-45.6004,-47.1538,-0.00217080,-0.00224475,-0.00011734,16.8454,14.9860,-0.0494,-0.6419,-0.0525,218.8151,12.9896,13.0801,17.0694,10.3857,11.0045,21.0062,31.5093,42.0124,42.1647,10.5412,0.0,3.81775,3.831594,1.530778,30,171,130,2,0.04358735,-0.00293352,0.13859161,0E-8,0.000000,0.889618,0.000000,-0.14797496,2026-03-22,2026-08-05,96,1173,774,137,0.700730,0.766291,0.776478,0.145291,,,,,,,,GLOBAL_BASELINE_NO_ENTITY_RANKING,,,NOT_APPLICABLE_GLOBAL_BASELINE,HF9g-P5,,,,X 全窗基线 · 不参与实体赏罚,3926785,393,A168_HF9F_20260827_0900,2026-08-27 09:00:00
2026-04-08,91797317,2117,0,10.5411844075,10.5411844075,10.5411844075,1.0000000,1,1,0.49324550000000000,0.493245500000,1.01360149184955,1.01360149184955,1.01360149184955,0E-17,ELIGIBLE,R03b_20260811_FULL_v1,L1_ELIGIBILITY,v2026-08-11,2026-03-21..2026-08-06,baccarat_bet02_101_all_pairs_incl_sentinel,round_win = game_pnl > 0 (decisive only),COMPATIBILITY_ONLY_NOT_PRODUCTION,21006.2458,18687.5319,-61.6222,1247,1247,0.00293352,-0.13859161,0.00938335,0.00293352,61.6222,21006.2458,OK,0.0000,-2.4649,4.0000,96.0000,AG03-UNRESOLVED,ALL5_LEVELS_bet23_to_bet27,-2.4649,-2.4649,-2.4649,-4.3136,-4.3136,4.000000,4.000000,4.000000,7.000000,7.000000,96.000000,96.000000,96.000000,93.000000,93.000000,5.0,-16.0218,-14.4684,-45.6004,-47.1538,PENDING_AG03,FALSE,NOT_FOR_ENFORCEMENT,-59.1573,17940.0307,-61.6222,-59.1573,-2.4649,-0.00293352,-0.00281618,-2.4649,-59.1573,-0.00281618,-2.4649,-2.4649,-2.4649,-4.3136,-4.3136,-59.1573,-0.00281618,-16.0218,-14.4684,-45.6004,-47.1538,-0.00217080,-0.00224475,-0.00011734,16.8454,14.9860,-0.0494,-0.6419,-0.0525,218.8151,12.9896,13.0801,17.0694,10.3857,11.0045,21.0062,31.5093,42.0124,42.1647,10.5412,0.0,3.81775,3.831594,1.530778,30,171,130,2,0.04358735,-0.00293352,0.13859161,0E-8,0.000000,0.889618,0.000000,-0.14797496,2026-03-22,2026-08-05,96,1173,774,137,0.700730,0.766291,0.776478,0.145291,,,,,,,,GLOBAL_BASELINE_NO_ENTITY_RANKING,,,NOT_APPLICABLE_GLOBAL_BASELINE,HF9g-P5,,,,X 全窗基线 · 不参与实体赏罚,3926786,393,A168_HF9F_20260827_0900,2026-08-27 09:00:00
2026-04-08,91797317,2145,0,21.0823688150,-21.0823688150,-21.0823688150,0E-7,1,1,0.49324550000000000,0.493245500000,-0.9865810262130424,-0.9865810262130424,-0.9865810262130424,0E-17,ELIGIBLE,R03b_20260811_FULL_v1,L1_ELIGIBILITY,v2026-08-11,2026-03-21..2026-08-06,baccarat_bet02_101_all_pairs_incl_sentinel,round_win = game_pnl > 0 (decisive only),COMPATIBILITY_ONLY_NOT_PRODUCTION,21006.2458,18687.5319,-61.6222,1247,1247,0.00293352,-0.13859161,0.00938335,0.00293352,61.6222,21006.2458,OK,0.0000,-2.4649,4.0000,96.0000,AG03-UNRESOLVED,ALL5_LEVELS_bet23_to_bet27,-2.4649,-2.4649,-2.4649,-4.3136,-4.3136,4.000000,4.000000,4.000000,7.000000,7.000000,96.000000,96.000000,96.000000,93.000000,93.000000,5.0,-16.0218,-14.4684,-45.6004,-47.1538,PENDING_AG03,FALSE,NOT_FOR_ENFORCEMENT,-59.1573,17940.0307,-61.6222,-59.1573,-2.4649,-0.00293352,-0.00281618,-2.4649,-59.1573,-0.00281618,-2.4649,-2.4649,-2.4649,-4.3136,-4.3136,-59.1573,-0.00281618,-16.0218,-14.4684,-45.6004,-47.1538,-0.00217080,-0.00224475,-0.00011734,16.8454,14.9860,-0.0494,-0.6419,-0.0525,218.8151,12.9896,13.0801,17.0694,10.3857,11.0045,21.0062,31.5093,42.0124,42.1647,10.5412,0.0,3.81775,3.831594,1.530778,30,171,130,2,0.04358735,-0.00293352,0.13859161,0E-8,0.000000,0.889618,0.000000,-0.14797496,2026-03-22,2026-08-05,96,1173,774,137,0.700730,0.766291,0.776478,0.145291,,,,,,,,GLOBAL_BASELINE_NO_ENTITY_RANKING,,,NOT_APPLICABLE_GLOBAL_BASELINE,HF9g-P5,,,,X 全窗基线 · 不参与实体赏罚,3926787,393,A168_HF9F_20260827_0900,2026-08-27 09:00:00
2026-04-08,91797317,2147,0,21.0823688150,21.0823688150,21.0823688150,1.0000000,1,1,0.49324550000000000,0.493245500000,1.01360149184955,1.01360149184955,1.01360149184955,0E-17,ELIGIBLE,R03b_20260811_FULL_v1,L1_ELIGIBILITY,v2026-08-11,2026-03-21..2026-08-06,baccarat_bet02_101_all_pairs_incl_sentinel,round_win = game_pnl > 0 (decisive only),COMPATIBILITY_ONLY_NOT_PRODUCTION,21006.2458,18687.5319,-61.6222,1247,1247,0.00293352,-0.13859161,0.00938335,0.00293352,61.6222,21006.2458,OK,0.0000,-2.4649,4.0000,96.0000,AG03-UNRESOLVED,ALL5_LEVELS_bet23_to_bet27,-2.4649,-2.4649,-2.4649,-4.3136,-4.3136,4.000000,4.000000,4.000000,7.000000,7.000000,96.000000,96.000000,96.000000,93.000000,93.000000,5.0,-16.0218,-14.4684,-45.6004,-47.1538,PENDING_AG03,FALSE,NOT_FOR_ENFORCEMENT,-59.1573,17940.0307,-61.6222,-59.1573,-2.4649,-0.00293352,-0.00281618,-2.4649,-59.1573,-0.00281618,-2.4649,-2.4649,-2.4649,-4.3136,-4.3136,-59.1573,-0.00281618,-16.0218,-14.4684,-45.6004,-47.1538,-0.00217080,-0.00224475,-0.00011734,16.8454,14.9860,-0.0494,-0.6419,-0.0525,218.8151,12.9896,13.0801,17.0694,10.3857,11.0045,21.0062,31.5093,42.0124,42.1647,10.5412,0.0,3.81775,3.831594,1.530778,30,171,130,2,0.04358735,-0.00293352,0.13859161,0E-8,0.000000,0.889618,0.000000,-0.14797496,2026-03-22,2026-08-05,96,1173,774,137,0.700730,0.766291,0.776478,0.145291,,,,,,,,GLOBAL_BASELINE_NO_ENTITY_RANKING,,,NOT_APPLICABLE_GLOBAL_BASELINE,HF9g-P5,,,,X 全窗基线 · 不参与实体赏罚,3926788,393,A168_HF9F_20260827_0900,2026-08-27 09:00:00
2026-04-08,91797317,2167,0,21.0823688150,21.0823688150,21.0823688150,1.0000000,1,1,0.49324550000000000,0.493245500000,1.01360149184955,1.01360149184955,1.01360149184955,0E-17,ELIGIBLE,R03b_20260811_FULL_v1,L1_ELIGIBILITY,v2026-08-11,2026-03-21..2026-08-06,baccarat_bet02_101_all_pairs_incl_sentinel,round_win = game_pnl > 0 (decisive only),COMPATIBILITY_ONLY_NOT_PRODUCTION,21006.2458,18687.5319,-61.6222,1247,1247,0.00293352,-0.13859161,0.00938335,0.00293352,61.6222,21006.2458,OK,0.0000,-2.4649,4.0000,96.0000,AG03-UNRESOLVED,ALL5_LEVELS_bet23_to_bet27,-2.4649,-2.4649,-2.4649,-4.3136,-4.3136,4.000000,4.000000,4.000000,7.000000,7.000000,96.000000,96.000000,96.000000,93.000000,93.000000,5.0,-16.0218,-14.4684,-45.6004,-47.1538,PENDING_AG03,FALSE,NOT_FOR_ENFORCEMENT,-59.1573,17940.0307,-61.6222,-59.1573,-2.4649,-0.00293352,-0.00281618,-2.4649,-59.1573,-0.00281618,-2.4649,-2.4649,-2.4649,-4.3136,-4.3136,-59.1573,-0.00281618,-16.0218,-14.4684,-45.6004,-47.1538,-0.00217080,-0.00224475,-0.00011734,16.8454,14.9860,-0.0494,-0.6419,-0.0525,218.8151,12.9896,13.0801,17.0694,10.3857,11.0045,21.0062,31.5093,42.0124,42.1647,10.5412,0.0,3.81775,3.831594,1.530778,30,171,130,2,0.04358735,-0.00293352,0.13859161,0E-8,0.000000,0.889618,0.000000,-0.14797496,2026-03-22,2026-08-05,96,1173,774,137,0.700730,0.766291,0.776478,0.145291,,,,,,,,GLOBAL_BASELINE_NO_ENTITY_RANKING,,,NOT_APPLICABLE_GLOBAL_BASELINE,HF9g-P5,,,,X 全窗基线 · 不参与实体赏罚,3926789,393,A168_HF9F_20260827_0900,2026-08-27 09:00:00
2026-04-08,91797317,2175,0,10.5411844075,-10.5411844075,-10.5411844075,0E-7,1,1,0.49324550000000000,0.493245500000,-0.9865810262130424,-0.9865810262130424,-0.9865810262130424,0E-17,ELIGIBLE,R03b_20260811_FULL_v1,L1_ELIGIBILITY,v2026-08-11,2026-03-21..2026-08-06,baccarat_bet02_101_all_pairs_incl_sentinel,round_win = game_pnl > 0 (decisive only),COMPATIBILITY_ONLY_NOT_PRODUCTION,21006.2458,18687.5319,-61.6222,1247,1247,0.00293352,-0.13859161,0.00938335,0.00293352,61.6222,21006.2458,OK,0.0000,-2.4649,4.0000,96.0000,AG03-UNRESOLVED,ALL5_LEVELS_bet23_to_bet27,-2.4649,-2.4649,-2.4649,-4.3136,-4.3136,4.000000,4.000000,4.000000,7.000000,7.000000,96.000000,96.000000,96.000000,93.000000,93.000000,5.0,-16.0218,-14.4684,-45.6004,-47.1538,PENDING_AG03,FALSE,NOT_FOR_ENFORCEMENT,-59.1573,17940.0307,-61.6222,-59.1573,-2.4649,-0.00293352,-0.00281618,-2.4649,-59.1573,-0.00281618,-2.4649,-2.4649,-2.4649,-4.3136,-4.3136,-59.1573,-0.00281618,-16.0218,-14.4684,-45.6004,-47.1538,-0.00217080,-0.00224475,-0.00011734,16.8454,14.9860,-0.0494,-0.6419,-0.0525,218.8151,12.9896,13.0801,17.0694,10.3857,11.0045,21.0062,31.5093,42.0124,42.1647,10.5412,0.0,3.81775,3.831594,1.530778,30,171,130,2,0.04358735,-0.00293352,0.13859161,0E-8,0.000000,0.889618,0.000000,-0.14797496,2026-03-22,2026-08-05,96,1173,774,137,0.700730,0.766291,0.776478,0.145291,,,,,,,,GLOBAL_BASELINE_NO_ENTITY_RANKING,,,NOT_APPLICABLE_GLOBAL_BASELINE,HF9g-P5,,,,X 全窗基线 · 不参与实体赏罚,3926790,393,A168_HF9F_20260827_0900,2026-08-27 09:00:00
2026-04-08,91797317,2188,0,21.0823688150,21.0823688150,21.0823688150,1.0000000,1,1,0.49324550000000000,0.493245500000,1.01360149184955,1.01360149184955,1.01360149184955,0E-17,ELIGIBLE,R03b_20260811_FULL_v1,L1_ELIGIBILITY,v2026-08-11,2026-03-21..2026-08-06,baccarat_bet02_101_all_pairs_incl_sentinel,round_win = game_pnl > 0 (decisive only),COMPATIBILITY_ONLY_NOT_PRODUCTION,21006.2458,18687.5319,-61.6222,1247,1247,0.00293352,-0.13859161,0.00938335,0.00293352,61.6222,21006.2458,OK,0.0000,-2.4649,4.0000,96.0000,AG03-UNRESOLVED,ALL5_LEVELS_bet23_to_bet27,-2.4649,-2.4649,-2.4649,-4.3136,-4.3136,4.000000,4.000000,4.000000,7.000000,7.000000,96.000000,96.000000,96.000000,93.000000,93.000000,5.0,-16.0218,-14.4684,-45.6004,-47.1538,PENDING_AG03,FALSE,NOT_FOR_ENFORCEMENT,-59.1573,17940.0307,-61.6222,-59.1573,-2.4649,-0.00293352,-0.00281618,-2.4649,-59.1573,-0.00281618,-2.4649,-2.4649,-2.4649,-4.3136,-4.3136,-59.1573,-0.00281618,-16.0218,-14.4684,-45.6004,-47.1538,-0.00217080,-0.00224475,-0.00011734,16.8454,14.9860,-0.0494,-0.6419,-0.0525,218.8151,12.9896,13.0801,17.0694,10.3857,11.0045,21.0062,31.5093,42.0124,42.1647,10.5412,0.0,3.81775,3.831594,1.530778,30,171,130,2,0.04358735,-0.00293352,0.13859161,0E-8,0.000000,0.889618,0.000000,-0.14797496,2026-03-22,2026-08-05,96,1173,774,137,0.700730,0.766291,0.776478,0.145291,,,,,,,,GLOBAL_BASELINE_NO_ENTITY_RANKING,,,NOT_APPLICABLE_GLOBAL_BASELINE,HF9g-P5,,,,X 全窗基线 · 不参与实体赏罚,3926791,393,A168_HF9F_20260827_0900,2026-08-27 09:00:00
2026-04-08,91797317,2209,0,21.0823688150,21.0823688150,21.0823688150,1.0000000,1,1,0.49324550000000000,0.493245500000,1.01360149184955,1.01360149184955,1.01360149184955,0E-17,ELIGIBLE,R03b_20260811_FULL_v1,L1_ELIGIBILITY,v2026-08-11,2026-03-21..2026-08-06,baccarat_bet02_101_all_pairs_incl_sentinel,round_win = game_pnl > 0 (decisive only),COMPATIBILITY_ONLY_NOT_PRODUCTION,21006.2458,18687.5319,-61.6222,1247,1247,0.00293352,-0.13859161,0.00938335,0.00293352,61.6222,21006.2458,OK,0.0000,-2.4649,4.0000,96.0000,AG03-UNRESOLVED,ALL5_LEVELS_bet23_to_bet27,-2.4649,-2.4649,-2.4649,-4.3136,-4.3136,4.000000,4.000000,4.000000,7.000000,7.000000,96.000000,96.000000,96.000000,93.000000,93.000000,5.0,-16.0218,-14.4684,-45.6004,-47.1538,PENDING_AG03,FALSE,NOT_FOR_ENFORCEMENT,-59.1573,17940.0307,-61.6222,-59.1573,-2.4649,-0.00293352,-0.00281618,-2.4649,-59.1573,-0.00281618,-2.4649,-2.4649,-2.4649,-4.3136,-4.3136,-59.1573,-0.00281618,-16.0218,-14.4684,-45.6004,-47.1538,-0.00217080,-0.00224475,-0.00011734,16.8454,14.9860,-0.0494,-0.6419,-0.0525,218.8151,12.9896,13.0801,17.0694,10.3857,11.0045,21.0062,31.5093,42.0124,42.1647,10.5412,0.0,3.81775,3.831594,1.530778,30,171,130,2,0.04358735,-0.00293352,0.13859161,0E-8,0.000000,0.889618,0.000000,-0.14797496,2026-03-22,2026-08-05,96,1173,774,137,0.700730,0.766291,0.776478,0.145291,,,,,,,,GLOBAL_BASELINE_NO_ENTITY_RANKING,,,NOT_APPLICABLE_GLOBAL_BASELINE,HF9g-P5,,,,X 全窗基线 · 不参与实体赏罚,3926792,393,A168_HF9F_20260827_0900,2026-08-27 09:00:00
2026-04-08,91797317,2220,0,10.5411844075,10.5411844075,10.5411844075,1.0000000,1,1,0.49324550000000000,0.493245500000,1.01360149184955,1.01360149184955,1.01360149184955,0E-17,ELIGIBLE,R03b_20260811_FULL_v1,L1_ELIGIBILITY,v2026-08-11,2026-03-21..2026-08-06,baccarat_bet02_101_all_pairs_incl_sentinel,round_win = game_pnl > 0 (decisive only),COMPATIBILITY_ONLY_NOT_PRODUCTION,21006.2458,18687.5319,-61.6222,1247,1247,0.00293352,-0.13859161,0.00938335,0.00293352,61.6222,21006.2458,OK,0.0000,-2.4649,4.0000,96.0000,AG03-UNRESOLVED,ALL5_LEVELS_bet23_to_bet27,-2.4649,-2.4649,-2.4649,-4.3136,-4.3136,4.000000,4.000000,4.000000,7.000000,7.000000,96.000000,96.000000,96.000000,93.000000,93.000000,5.0,-16.0218,-14.4684,-45.6004,-47.1538,PENDING_AG03,FALSE,NOT_FOR_ENFORCEMENT,-59.1573,17940.0307,-61.6222,-59.1573,-2.4649,-0.00293352,-0.00281618,-2.4649,-59.1573,-0.00281618,-2.4649,-2.4649,-2.4649,-4.3136,-4.3136,-59.1573,-0.00281618,-16.0218,-14.4684,-45.6004,-47.1538,-0.00217080,-0.00224475,-0.00011734,16.8454,14.9860,-0.0494,-0.6419,-0.0525,218.8151,12.9896,13.0801,17.0694,10.3857,11.0045,21.0062,31.5093,42.0124,42.1647,10.5412,0.0,3.81775,3.831594,1.530778,30,171,130,2,0.04358735,-0.00293352,0.13859161,0E-8,0.000000,0.889618,0.000000,-0.14797496,2026-03-22,2026-08-05,96,1173,774,137,0.700730,0.766291,0.776478,0.145291,,,,,,,,GLOBAL_BASELINE_NO_ENTITY_RANKING,,,NOT_APPLICABLE_GLOBAL_BASELINE,HF9g-P5,,,,X 全窗基线 · 不参与实体赏罚,3926793,393,A168_HF9F_20260827_0900,2026-08-27 09:00:00
2026-04-08,91797317,2256,0,21.0823688150,-21.0823688150,-21.0823688150,0E-7,1,1,0.49324550000000000,0.493245500000,-0.9865810262130424,-0.9865810262130424,-0.9865810262130424,0E-17,ELIGIBLE,R03b_20260811_FULL_v1,L1_ELIGIBILITY,v2026-08-11,2026-03-21..2026-08-06,baccarat_bet02_101_all_pairs_incl_sentinel,round_win = game_pnl > 0 (decisive only),COMPATIBILITY_ONLY_NOT_PRODUCTION,21006.2458,18687.5319,-61.6222,1247,1247,0.00293352,-0.13859161,0.00938335,0.00293352,61.6222,21006.2458,OK,0.0000,-2.4649,4.0000,96.0000,AG03-UNRESOLVED,ALL5_LEVELS_bet23_to_bet27,-2.4649,-2.4649,-2.4649,-4.3136,-4.3136,4.000000,4.000000,4.000000,7.000000,7.000000,96.000000,96.000000,96.000000,93.000000,93.000000,5.0,-16.0218,-14.4684,-45.6004,-47.1538,PENDING_AG03,FALSE,NOT_FOR_ENFORCEMENT,-59.1573,17940.0307,-61.6222,-59.1573,-2.4649,-0.00293352,-0.00281618,-2.4649,-59.1573,-0.00281618,-2.4649,-2.4649,-2.4649,-4.3136,-4.3136,-59.1573,-0.00281618,-16.0218,-14.4684,-45.6004,-47.1538,-0.00217080,-0.00224475,-0.00011734,16.8454,14.9860,-0.0494,-0.6419,-0.0525,218.8151,12.9896,13.0801,17.0694,10.3857,11.0045,21.0062,31.5093,42.0124,42.1647,10.5412,0.0,3.81775,3.831594,1.530778,30,171,130,2,0.04358735,-0.00293352,0.13859161,0E-8,0.000000,0.889618,0.000000,-0.14797496,2026-03-22,2026-08-05,96,1173,774,137,0.700730,0.766291,0.776478,0.145291,,,,,,,,GLOBAL_BASELINE_NO_ENTITY_RANKING,,,NOT_APPLICABLE_GLOBAL_BASELINE,HF9g-P5,,,,X 全窗基线 · 不参与实体赏罚,3926794,393,A168_HF9F_20260827_0900,2026-08-27 09:00:00
2026-04-08,91797317,583,0,10.5411844075,10.5411844075,10.5411844075,1.0000000,1,1,0.49324550000000000,0.493245500000,1.01360149184955,1.01360149184955,1.01360149184955,0E-17,ELIGIBLE,R03b_20260811_FULL_v1,L1_ELIGIBILITY,v2026-08-11,2026-03-21..2026-08-06,baccarat_bet02_101_all_pairs_incl_sentinel,round_win = game_pnl > 0 (decisive only),COMPATIBILITY_ONLY_NOT_PRODUCTION,21006.2458,18687.5319,-61.6222,1247,1247,0.00293352,-0.13859161,0.00938335,0.00293352,61.6222,21006.2458,OK,0.0000,-2.4649,4.0000,96.0000,AG03-UNRESOLVED,ALL5_LEVELS_bet23_to_bet27,-2.4649,-2.4649,-2.4649,-4.3136,-4.3136,4.000000,4.000000,4.000000,7.000000,7.000000,96.000000,96.000000,96.000000,93.000000,93.000000,5.0,-16.0218,-14.4684,-45.6004,-47.1538,PENDING_AG03,FALSE,NOT_FOR_ENFORCEMENT,-59.1573,17940.0307,-61.6222,-59.1573,-2.4649,-0.00293352,-0.00281618,-2.4649,-59.1573,-0.00281618,-2.4649,-2.4649,-2.4649,-4.3136,-4.3136,-59.1573,-0.00281618,-16.0218,-14.4684,-45.6004,-47.1538,-0.00217080,-0.00224475,-0.00011734,16.8454,14.9860,-0.0494,-0.6419,-0.0525,218.8151,12.9896,13.0801,17.0694,10.3857,11.0045,21.0062,31.5093,42.0124,42.1647,10.5412,0.0,3.81775,3.831594,1.530778,30,171,130,2,0.04358735,-0.00293352,0.13859161,0E-8,0.000000,0.889618,0.000000,-0.14797496,2026-03-22,2026-08-05,96,1173,774,137,0.700730,0.766291,0.776478,0.145291,,,,,,,,GLOBAL_BASELINE_NO_ENTITY_RANKING,,,NOT_APPLICABLE_GLOBAL_BASELINE,HF9g-P5,,,,X 全窗基线 · 不参与实体赏罚,3926795,393,A168_HF9F_20260827_0900,2026-08-27 09:00:00
2026-04-09,91797317,-1,1,21.0823688150,0E-10,0E-10,,1,1,0.49324550000000000,0.493245500000,,,,0E-17,SENTINEL_DEALER,R03b_20260811_FULL_v1,L1_ELIGIBILITY,v2026-08-11,2026-03-21..2026-08-06,baccarat_bet02_101_all_pairs_incl_sentinel,round_win = game_pnl > 0 (decisive only),COMPATIBILITY_ONLY_NOT_PRODUCTION,21006.2458,18687.5319,-61.6222,1247,1247,0.00293352,-0.13859161,0.00938335,0.00293352,61.6222,21006.2458,OK,0.0000,-2.4649,4.0000,96.0000,AG03-UNRESOLVED,ALL5_LEVELS_bet23_to_bet27,-2.4649,-2.4649,-2.4649,-4.3136,-4.3136,4.000000,4.000000,4.000000,7.000000,7.000000,96.000000,96.000000,96.000000,93.000000,93.000000,5.0,-16.0218,-14.4684,-45.6004,-47.1538,PENDING_AG03,FALSE,NOT_FOR_ENFORCEMENT,-59.1573,17940.0307,-61.6222,-59.1573,-2.4649,-0.00293352,-0.00281618,-2.4649,-59.1573,-0.00281618,-2.4649,-2.4649,-2.4649,-4.3136,-4.3136,-59.1573,-0.00281618,-16.0218,-14.4684,-45.6004,-47.1538,-0.00217080,-0.00224475,-0.00011734,16.8454,14.9860,-0.0494,-0.6419,-0.0525,218.8151,12.9896,13.0801,17.0694,10.3857,11.0045,21.0062,31.5093,42.0124,42.1647,10.5412,0.0,3.81775,3.831594,1.530778,30,171,130,2,0.04358735,-0.00293352,0.13859161,0E-8,0.000000,0.889618,0.000000,-0.14797496,2026-03-22,2026-08-05,96,1173,774,137,0.700730,0.766291,0.776478,0.145291,,,,,,,,GLOBAL_BASELINE_NO_ENTITY_RANKING,,,NOT_APPLICABLE_GLOBAL_BASELINE,HF9g-P5,,,,X 全窗基线 · 不参与实体赏罚,3926796,393,A168_HF9F_20260827_0900,2026-08-27 09:00:00
2026-04-09,91797317,1935,0,42.1647376299,-42.1647376299,-42.1647376299,0E-7,1,1,0.49324550000000000,0.493245500000,-0.9865810262130424,-0.9865810262130424,-0.9865810262130424,0E-17,ELIGIBLE,R03b_20260811_FULL_v1,L1_ELIGIBILITY,v2026-08-11,2026-03-21..2026-08-06,baccarat_bet02_101_all_pairs_incl_sentinel,round_win = game_pnl > 0 (decisive only),COMPATIBILITY_ONLY_NOT_PRODUCTION,21006.2458,18687.5319,-61.6222,1247,1247,0.00293352,-0.13859161,0.00938335,0.00293352,61.6222,21006.2458,OK,0.0000,-2.4649,4.0000,96.0000,AG03-UNRESOLVED,ALL5_LEVELS_bet23_to_bet27,-2.4649,-2.4649,-2.4649,-4.3136,-4.3136,4.000000,4.000000,4.000000,7.000000,7.000000,96.000000,96.000000,96.000000,93.000000,93.000000,5.0,-16.0218,-14.4684,-45.6004,-47.1538,PENDING_AG03,FALSE,NOT_FOR_ENFORCEMENT,-59.1573,17940.0307,-61.6222,-59.1573,-2.4649,-0.00293352,-0.00281618,-2.4649,-59.1573,-0.00281618,-2.4649,-2.4649,-2.4649,-4.3136,-4.3136,-59.1573,-0.00281618,-16.0218,-14.4684,-45.6004,-47.1538,-0.00217080,-0.00224475,-0.00011734,16.8454,14.9860,-0.0494,-0.6419,-0.0525,218.8151,12.9896,13.0801,17.0694,10.3857,11.0045,21.0062,31.5093,42.0124,42.1647,10.5412,0.0,3.81775,3.831594,1.530778,30,171,130,2,0.04358735,-0.00293352,0.13859161,0E-8,0.000000,0.889618,0.000000,-0.14797496,2026-03-22,2026-08-05,96,1173,774,137,0.700730,0.766291,0.776478,0.145291,,,,,,,,GLOBAL_BASELINE_NO_ENTITY_RANKING,,,NOT_APPLICABLE_GLOBAL_BASELINE,HF9g-P5,,,,X 全窗基线 · 不参与实体赏罚,3926797,393,A168_HF9F_20260827_0900,2026-08-27 09:00:00
2026-04-12,91797317,-1,1,31.6235532225,-21.0823688150,-21.0823688150,0E-7,3,3,0.49324550000000000,0.493245500000,-1.3952362676504506,-1.3952362676504506,-1.3952362676504506,0E-17,SENTINEL_DEALER,R03b_20260811_FULL_v1,L1_ELIGIBILITY,v2026-08-11,2026-03-21..2026-08-06,baccarat_bet02_101_all_pairs_incl_sentinel,round_win = game_pnl > 0 (decisive only),COMPATIBILITY_ONLY_NOT_PRODUCTION,21006.2458,18687.5319,-61.6222,1247,1247,0.00293352,-0.13859161,0.00938335,0.00293352,61.6222,21006.2458,OK,0.0000,-2.4649,4.0000,96.0000,AG03-UNRESOLVED,ALL5_LEVELS_bet23_to_bet27,-2.4649,-2.4649,-2.4649,-4.3136,-4.3136,4.000000,4.000000,4.000000,7.000000,7.000000,96.000000,96.000000,96.000000,93.000000,93.000000,5.0,-16.0218,-14.4684,-45.6004,-47.1538,PENDING_AG03,FALSE,NOT_FOR_ENFORCEMENT,-59.1573,17940.0307,-61.6222,-59.1573,-2.4649,-0.00293352,-0.00281618,-2.4649,-59.1573,-0.00281618,-2.4649,-2.4649,-2.4649,-4.3136,-4.3136,-59.1573,-0.00281618,-16.0218,-14.4684,-45.6004,-47.1538,-0.00217080,-0.00224475,-0.00011734,16.8454,14.9860,-0.0494,-0.6419,-0.0525,218.8151,12.9896,13.0801,17.0694,10.3857,11.0045,21.0062,31.5093,42.0124,42.1647,10.5412,0.0,3.81775,3.831594,1.530778,30,171,130,2,0.04358735,-0.00293352,0.13859161,0E-8,0.000000,0.889618,0.000000,-0.14797496,2026-03-22,2026-08-05,96,1173,774,137,0.700730,0.766291,0.776478,0.145291,,,,,,,,GLOBAL_BASELINE_NO_ENTITY_RANKING,,,NOT_APPLICABLE_GLOBAL_BASELINE,HF9g-P5,,,,X 全窗基线 · 不参与实体赏罚,3926798,393,A168_HF9F_20260827_0900,2026-08-27 09:00:00
2026-04-12,91797317,2171,0,10.5411844075,0E-10,0E-10,,1,1,0.49324550000000000,0.493245500000,,,,0E-17,NO_DECISIVE_ROUND,R03b_20260811_FULL_v1,L1_ELIGIBILITY,v2026-08-11,2026-03-21..2026-08-06,baccarat_bet02_101_all_pairs_incl_sentinel,round_win = game_pnl > 0 (decisive only),COMPATIBILITY_ONLY_NOT_PRODUCTION,21006.2458,18687.5319,-61.6222,1247,1247,0.00293352,-0.13859161,0.00938335,0.00293352,61.6222,21006.2458,OK,0.0000,-2.4649,4.0000,96.0000,AG03-UNRESOLVED,ALL5_LEVELS_bet23_to_bet27,-2.4649,-2.4649,-2.4649,-4.3136,-4.3136,4.000000,4.000000,4.000000,7.000000,7.000000,96.000000,96.000000,96.000000,93.000000,93.000000,5.0,-16.0218,-14.4684,-45.6004,-47.1538,PENDING_AG03,FALSE,NOT_FOR_ENFORCEMENT,-59.1573,17940.0307,-61.6222,-59.1573,-2.4649,-0.00293352,-0.00281618,-2.4649,-59.1573,-0.00281618,-2.4649,-2.4649,-2.4649,-4.3136,-4.3136,-59.1573,-0.00281618,-16.0218,-14.4684,-45.6004,-47.1538,-0.00217080,-0.00224475,-0.00011734,16.8454,14.9860,-0.0494,-0.6419,-0.0525,218.8151,12.9896,13.0801,17.0694,10.3857,11.0045,21.0062,31.5093,42.0124,42.1647,10.5412,0.0,3.81775,3.831594,1.530778,30,171,130,2,0.04358735,-0.00293352,0.13859161,0E-8,0.000000,0.889618,0.000000,-0.14797496,2026-03-22,2026-08-05,96,1173,774,137,0.700730,0.766291,0.776478,0.145291,,,,,,,,GLOBAL_BASELINE_NO_ENTITY_RANKING,,,NOT_APPLICABLE_GLOBAL_BASELINE,HF9g-P5,,,,X 全窗基线 · 不参与实体赏罚,3926799,393,A168_HF9F_20260827_0900,2026-08-27 09:00:00
2026-04-12,91797317,2234,0,21.0823688150,0E-10,0E-10,,1,1,0.49324550000000000,0.493245500000,,,,0E-17,NO_DECISIVE_ROUND,R03b_20260811_FULL_v1,L1_ELIGIBILITY,v2026-08-11,2026-03-21..2026-08-06,baccarat_bet02_101_all_pairs_incl_sentinel,round_win = game_pnl > 0 (decisive only),COMPATIBILITY_ONLY_NOT_PRODUCTION,21006.2458,18687.5319,-61.6222,1247,1247,0.00293352,-0.13859161,0.00938335,0.00293352,61.6222,21006.2458,OK,0.0000,-2.4649,4.0000,96.0000,AG03-UNRESOLVED,ALL5_LEVELS_bet23_to_bet27,-2.4649,-2.4649,-2.4649,-4.3136,-4.3136,4.000000,4.000000,4.000000,7.000000,7.000000,96.000000,96.000000,96.000000,93.000000,93.000000,5.0,-16.0218,-14.4684,-45.6004,-47.1538,PENDING_AG03,FALSE,NOT_FOR_ENFORCEMENT,-59.1573,17940.0307,-61.6222,-59.1573,-2.4649,-0.00293352,-0.00281618,-2.4649,-59.1573,-0.00281618,-2.4649,-2.4649,-2.4649,-4.3136,-4.3136,-59.1573,-0.00281618,-16.0218,-14.4684,-45.6004,-47.1538,-0.00217080,-0.00224475,-0.00011734,16.8454,14.9860,-0.0494,-0.6419,-0.0525,218.8151,12.9896,13.0801,17.0694,10.3857,11.0045,21.0062,31.5093,42.0124,42.1647,10.5412,0.0,3.81775,3.831594,1.530778,30,171,130,2,0.04358735,-0.00293352,0.13859161,0E-8,0.000000,0.889618,0.000000,-0.14797496,2026-03-22,2026-08-05,96,1173,774,137,0.700730,0.766291,0.776478,0.145291,,,,,,,,GLOBAL_BASELINE_NO_ENTITY_RANKING,,,NOT_APPLICABLE_GLOBAL_BASELINE,HF9g-P5,,,,X 全窗基线 · 不参与实体赏罚,3926800,393,A168_HF9F_20260827_0900,2026-08-27 09:00:00
2026-04-12,91797317,2266,0,10.5411844075,10.5411844075,10.5411844075,1.0000000,1,1,0.49324550000000000,0.493245500000,1.01360149184955,1.01360149184955,1.01360149184955,0E-17,ELIGIBLE,R03b_20260811_FULL_v1,L1_ELIGIBILITY,v2026-08-11,2026-03-21..2026-08-06,baccarat_bet02_101_all_pairs_incl_sentinel,round_win = game_pnl > 0 (decisive only),COMPATIBILITY_ONLY_NOT_PRODUCTION,21006.2458,18687.5319,-61.6222,1247,1247,0.00293352,-0.13859161,0.00938335,0.00293352,61.6222,21006.2458,OK,0.0000,-2.4649,4.0000,96.0000,AG03-UNRESOLVED,ALL5_LEVELS_bet23_to_bet27,-2.4649,-2.4649,-2.4649,-4.3136,-4.3136,4.000000,4.000000,4.000000,7.000000,7.000000,96.000000,96.000000,96.000000,93.000000,93.000000,5.0,-16.0218,-14.4684,-45.6004,-47.1538,PENDING_AG03,FALSE,NOT_FOR_ENFORCEMENT,-59.1573,17940.0307,-61.6222,-59.1573,-2.4649,-0.00293352,-0.00281618,-2.4649,-59.1573,-0.00281618,-2.4649,-2.4649,-2.4649,-4.3136,-4.3136,-59.1573,-0.00281618,-16.0218,-14.4684,-45.6004,-47.1538,-0.00217080,-0.00224475,-0.00011734,16.8454,14.9860,-0.0494,-0.6419,-0.0525,218.8151,12.9896,13.0801,17.0694,10.3857,11.0045,21.0062,31.5093,42.0124,42.1647,10.5412,0.0,3.81775,3.831594,1.530778,30,171,130,2,0.04358735,-0.00293352,0.13859161,0E-8,0.000000,0.889618,0.000000,-0.14797496,2026-03-22,2026-08-05,96,1173,774,137,0.700730,0.766291,0.776478,0.145291,,,,,,,,GLOBAL_BASELINE_NO_ENTITY_RANKING,,,NOT_APPLICABLE_GLOBAL_BASELINE,HF9g-P5,,,,X 全窗基线 · 不参与实体赏罚,3926801,393,A168_HF9F_20260827_0900,2026-08-27 09:00:00
2026-04-13,91797317,1374,0,10.5411844075,-10.5411844075,-10.5411844075,0E-7,1,1,0.49324550000000000,0.493245500000,-0.9865810262130424,-0.9865810262130424,-0.9865810262130424,0E-17,ELIGIBLE,R03b_20260811_FULL_v1,L1_ELIGIBILITY,v2026-08-11,2026-03-21..2026-08-06,baccarat_bet02_101_all_pairs_incl_sentinel,round_win = game_pnl > 0 (decisive only),COMPATIBILITY_ONLY_NOT_PRODUCTION,21006.2458,18687.5319,-61.6222,1247,1247,0.00293352,-0.13859161,0.00938335,0.00293352,61.6222,21006.2458,OK,0.0000,-2.4649,4.0000,96.0000,AG03-UNRESOLVED,ALL5_LEVELS_bet23_to_bet27,-2.4649,-2.4649,-2.4649,-4.3136,-4.3136,4.000000,4.000000,4.000000,7.000000,7.000000,96.000000,96.000000,96.000000,93.000000,93.000000,5.0,-16.0218,-14.4684,-45.6004,-47.1538,PENDING_AG03,FALSE,NOT_FOR_ENFORCEMENT,-59.1573,17940.0307,-61.6222,-59.1573,-2.4649,-0.00293352,-0.00281618,-2.4649,-59.1573,-0.00281618,-2.4649,-2.4649,-2.4649,-4.3136,-4.3136,-59.1573,-0.00281618,-16.0218,-14.4684,-45.6004,-47.1538,-0.00217080,-0.00224475,-0.00011734,16.8454,14.9860,-0.0494,-0.6419,-0.0525,218.8151,12.9896,13.0801,17.0694,10.3857,11.0045,21.0062,31.5093,42.0124,42.1647,10.5412,0.0,3.81775,3.831594,1.530778,30,171,130,2,0.04358735,-0.00293352,0.13859161,0E-8,0.000000,0.889618,0.000000,-0.14797496,2026-03-22,2026-08-05,96,1173,774,137,0.700730,0.766291,0.776478,0.145291,,,,,,,,GLOBAL_BASELINE_NO_ENTITY_RANKING,,,NOT_APPLICABLE_GLOBAL_BASELINE,HF9g-P5,,,,X 全窗基线 · 不参与实体赏罚,3926802,393,A168_HF9F_20260827_0900,2026-08-27 09:00:00
2026-04-13,91797317,1941,0,42.1647376300,0E-10,0E-10,0.5000000,2,2,0.49324550000000000,0.493245500000,0.01910635448239258,0.01910635448239258,0.01910635448239258,0E-17,ELIGIBLE,R03b_20260811_FULL_v1,L1_ELIGIBILITY,v2026-08-11,2026-03-21..2026-08-06,baccarat_bet02_101_all_pairs_incl_sentinel,round_win = game_pnl > 0 (decisive only),COMPATIBILITY_ONLY_NOT_PRODUCTION,21006.2458,18687.5319,-61.6222,1247,1247,0.00293352,-0.13859161,0.00938335,0.00293352,61.6222,21006.2458,OK,0.0000,-2.4649,4.0000,96.0000,AG03-UNRESOLVED,ALL5_LEVELS_bet23_to_bet27,-2.4649,-2.4649,-2.4649,-4.3136,-4.3136,4.000000,4.000000,4.000000,7.000000,7.000000,96.000000,96.000000,96.000000,93.000000,93.000000,5.0,-16.0218,-14.4684,-45.6004,-47.1538,PENDING_AG03,FALSE,NOT_FOR_ENFORCEMENT,-59.1573,17940.0307,-61.6222,-59.1573,-2.4649,-0.00293352,-0.00281618,-2.4649,-59.1573,-0.00281618,-2.4649,-2.4649,-2.4649,-4.3136,-4.3136,-59.1573,-0.00281618,-16.0218,-14.4684,-45.6004,-47.1538,-0.00217080,-0.00224475,-0.00011734,16.8454,14.9860,-0.0494,-0.6419,-0.0525,218.8151,12.9896,13.0801,17.0694,10.3857,11.0045,21.0062,31.5093,42.0124,42.1647,10.5412,0.0,3.81775,3.831594,1.530778,30,171,130,2,0.04358735,-0.00293352,0.13859161,0E-8,0.000000,0.889618,0.000000,-0.14797496,2026-03-22,2026-08-05,96,1173,774,137,0.700730,0.766291,0.776478,0.145291,,,,,,,,GLOBAL_BASELINE_NO_ENTITY_RANKING,,,NOT_APPLICABLE_GLOBAL_BASELINE,HF9g-P5,,,,X 全窗基线 · 不参与实体赏罚,3926803,393,A168_HF9F_20260827_0900,2026-08-27 09:00:00
2026-04-13,91797317,2167,0,10.5411844075,10.5411844075,10.5411844075,1.0000000,1,1,0.49324550000000000,0.493245500000,1.01360149184955,1.01360149184955,1.01360149184955,0E-17,ELIGIBLE,R03b_20260811_FULL_v1,L1_ELIGIBILITY,v2026-08-11,2026-03-21..2026-08-06,baccarat_bet02_101_all_pairs_incl_sentinel,round_win = game_pnl > 0 (decisive only),COMPATIBILITY_ONLY_NOT_PRODUCTION,21006.2458,18687.5319,-61.6222,1247,1247,0.00293352,-0.13859161,0.00938335,0.00293352,61.6222,21006.2458,OK,0.0000,-2.4649,4.0000,96.0000,AG03-UNRESOLVED,ALL5_LEVELS_bet23_to_bet27,-2.4649,-2.4649,-2.4649,-4.3136,-4.3136,4.000000,4.000000,4.000000,7.000000,7.000000,96.000000,96.000000,96.000000,93.000000,93.000000,5.0,-16.0218,-14.4684,-45.6004,-47.1538,PENDING_AG03,FALSE,NOT_FOR_ENFORCEMENT,-59.1573,17940.0307,-61.6222,-59.1573,-2.4649,-0.00293352,-0.00281618,-2.4649,-59.1573,-0.00281618,-2.4649,-2.4649,-2.4649,-4.3136,-4.3136,-59.1573,-0.00281618,-16.0218,-14.4684,-45.6004,-47.1538,-0.00217080,-0.00224475,-0.00011734,16.8454,14.9860,-0.0494,-0.6419,-0.0525,218.8151,12.9896,13.0801,17.0694,10.3857,11.0045,21.0062,31.5093,42.0124,42.1647,10.5412,0.0,3.81775,3.831594,1.530778,30,171,130,2,0.04358735,-0.00293352,0.13859161,0E-8,0.000000,0.889618,0.000000,-0.14797496,2026-03-22,2026-08-05,96,1173,774,137,0.700730,0.766291,0.776478,0.145291,,,,,,,,GLOBAL_BASELINE_NO_ENTITY_RANKING,,,NOT_APPLICABLE_GLOBAL_BASELINE,HF9g-P5,,,,X 全窗基线 · 不参与实体赏罚,3926804,393,A168_HF9F_20260827_0900,2026-08-27 09:00:00
2026-04-13,91797317,772,0,21.0823688150,21.0823688150,21.0823688150,1.0000000,1,1,0.49324550000000000,0.493245500000,1.01360149184955,1.01360149184955,1.01360149184955,0E-17,ELIGIBLE,R03b_20260811_FULL_v1,L1_ELIGIBILITY,v2026-08-11,2026-03-21..2026-08-06,baccarat_bet02_101_all_pairs_incl_sentinel,round_win = game_pnl > 0 (decisive only),COMPATIBILITY_ONLY_NOT_PRODUCTION,21006.2458,18687.5319,-61.6222,1247,1247,0.00293352,-0.13859161,0.00938335,0.00293352,61.6222,21006.2458,OK,0.0000,-2.4649,4.0000,96.0000,AG03-UNRESOLVED,ALL5_LEVELS_bet23_to_bet27,-2.4649,-2.4649,-2.4649,-4.3136,-4.3136,4.000000,4.000000,4.000000,7.000000,7.000000,96.000000,96.000000,96.000000,93.000000,93.000000,5.0,-16.0218,-14.4684,-45.6004,-47.1538,PENDING_AG03,FALSE,NOT_FOR_ENFORCEMENT,-59.1573,17940.0307,-61.6222,-59.1573,-2.4649,-0.00293352,-0.00281618,-2.4649,-59.1573,-0.00281618,-2.4649,-2.4649,-2.4649,-4.3136,-4.3136,-59.1573,-0.00281618,-16.0218,-14.4684,-45.6004,-47.1538,-0.00217080,-0.00224475,-0.00011734,16.8454,14.9860,-0.0494,-0.6419,-0.0525,218.8151,12.9896,13.0801,17.0694,10.3857,11.0045,21.0062,31.5093,42.0124,42.1647,10.5412,0.0,3.81775,3.831594,1.530778,30,171,130,2,0.04358735,-0.00293352,0.13859161,0E-8,0.000000,0.889618,0.000000,-0.14797496,2026-03-22,2026-08-05,96,1173,774,137,0.700730,0.766291,0.776478,0.145291,,,,,,,,GLOBAL_BASELINE_NO_ENTITY_RANKING,,,NOT_APPLICABLE_GLOBAL_BASELINE,HF9g-P5,,,,X 全窗基线 · 不参与实体赏罚,3926805,393,A168_HF9F_20260827_0900,2026-08-27 09:00:00
2026-04-14,91797317,2256,0,21.0823688150,-21.0823688150,-21.0823688150,0E-7,1,1,0.49324550000000000,0.493245500000,-0.9865810262130424,-0.9865810262130424,-0.9865810262130424,0E-17,ELIGIBLE,R03b_20260811_FULL_v1,L1_ELIGIBILITY,v2026-08-11,2026-03-21..2026-08-06,baccarat_bet02_101_all_pairs_incl_sentinel,round_win = game_pnl > 0 (decisive only),COMPATIBILITY_ONLY_NOT_PRODUCTION,21006.2458,18687.5319,-61.6222,1247,1247,0.00293352,-0.13859161,0.00938335,0.00293352,61.6222,21006.2458,OK,0.0000,-2.4649,4.0000,96.0000,AG03-UNRESOLVED,ALL5_LEVELS_bet23_to_bet27,-2.4649,-2.4649,-2.4649,-4.3136,-4.3136,4.000000,4.000000,4.000000,7.000000,7.000000,96.000000,96.000000,96.000000,93.000000,93.000000,5.0,-16.0218,-14.4684,-45.6004,-47.1538,PENDING_AG03,FALSE,NOT_FOR_ENFORCEMENT,-59.1573,17940.0307,-61.6222,-59.1573,-2.4649,-0.00293352,-0.00281618,-2.4649,-59.1573,-0.00281618,-2.4649,-2.4649,-2.4649,-4.3136,-4.3136,-59.1573,-0.00281618,-16.0218,-14.4684,-45.6004,-47.1538,-0.00217080,-0.00224475,-0.00011734,16.8454,14.9860,-0.0494,-0.6419,-0.0525,218.8151,12.9896,13.0801,17.0694,10.3857,11.0045,21.0062,31.5093,42.0124,42.1647,10.5412,0.0,3.81775,3.831594,1.530778,30,171,130,2,0.04358735,-0.00293352,0.13859161,0E-8,0.000000,0.889618,0.000000,-0.14797496,2026-03-22,2026-08-05,96,1173,774,137,0.700730,0.766291,0.776478,0.145291,,,,,,,,GLOBAL_BASELINE_NO_ENTITY_RANKING,,,NOT_APPLICABLE_GLOBAL_BASELINE,HF9g-P5,,,,X 全窗基线 · 不参与实体赏罚,3926806,393,A168_HF9F_20260827_0900,2026-08-27 09:00:00
2026-04-16,91797317,-1,1,113.8447916010,4.2164737630,4.2164737630,0.5000000,8,8,0.49324550000000000,0.493245500000,0.03821270896478516,0.03821270896478516,0.03821270896478516,0E-17,SENTINEL_DEALER,R03b_20260811_FULL_v1,L1_ELIGIBILITY,v2026-08-11,2026-03-21..2026-08-06,baccarat_bet02_101_all_pairs_incl_sentinel,round_win = game_pnl > 0 (decisive only),COMPATIBILITY_ONLY_NOT_PRODUCTION,21006.2458,18687.5319,-61.6222,1247,1247,0.00293352,-0.13859161,0.00938335,0.00293352,61.6222,21006.2458,OK,0.0000,-2.4649,4.0000,96.0000,AG03-UNRESOLVED,ALL5_LEVELS_bet23_to_bet27,-2.4649,-2.4649,-2.4649,-4.3136,-4.3136,4.000000,4.000000,4.000000,7.000000,7.000000,96.000000,96.000000,96.000000,93.000000,93.000000,5.0,-16.0218,-14.4684,-45.6004,-47.1538,PENDING_AG03,FALSE,NOT_FOR_ENFORCEMENT,-59.1573,17940.0307,-61.6222,-59.1573,-2.4649,-0.00293352,-0.00281618,-2.4649,-59.1573,-0.00281618,-2.4649,-2.4649,-2.4649,-4.3136,-4.3136,-59.1573,-0.00281618,-16.0218,-14.4684,-45.6004,-47.1538,-0.00217080,-0.00224475,-0.00011734,16.8454,14.9860,-0.0494,-0.6419,-0.0525,218.8151,12.9896,13.0801,17.0694,10.3857,11.0045,21.0062,31.5093,42.0124,42.1647,10.5412,0.0,3.81775,3.831594,1.530778,30,171,130,2,0.04358735,-0.00293352,0.13859161,0E-8,0.000000,0.889618,0.000000,-0.14797496,2026-03-22,2026-08-05,96,1173,774,137,0.700730,0.766291,0.776478,0.145291,,,,,,,,GLOBAL_BASELINE_NO_ENTITY_RANKING,,,NOT_APPLICABLE_GLOBAL_BASELINE,HF9g-P5,,,,X 全窗基线 · 不参与实体赏罚,3926807,393,A168_HF9F_20260827_0900,2026-08-27 09:00:00
2026-04-16,91797317,1205,0,10.5411844075,10.5411844075,10.5411844075,1.0000000,1,1,0.49324550000000000,0.493245500000,1.01360149184955,1.01360149184955,1.01360149184955,0E-17,ELIGIBLE,R03b_20260811_FULL_v1,L1_ELIGIBILITY,v2026-08-11,2026-03-21..2026-08-06,baccarat_bet02_101_all_pairs_incl_sentinel,round_win = game_pnl > 0 (decisive only),COMPATIBILITY_ONLY_NOT_PRODUCTION,21006.2458,18687.5319,-61.6222,1247,1247,0.00293352,-0.13859161,0.00938335,0.00293352,61.6222,21006.2458,OK,0.0000,-2.4649,4.0000,96.0000,AG03-UNRESOLVED,ALL5_LEVELS_bet23_to_bet27,-2.4649,-2.4649,-2.4649,-4.3136,-4.3136,4.000000,4.000000,4.000000,7.000000,7.000000,96.000000,96.000000,96.000000,93.000000,93.000000,5.0,-16.0218,-14.4684,-45.6004,-47.1538,PENDING_AG03,FALSE,NOT_FOR_ENFORCEMENT,-59.1573,17940.0307,-61.6222,-59.1573,-2.4649,-0.00293352,-0.00281618,-2.4649,-59.1573,-0.00281618,-2.4649,-2.4649,-2.4649,-4.3136,-4.3136,-59.1573,-0.00281618,-16.0218,-14.4684,-45.6004,-47.1538,-0.00217080,-0.00224475,-0.00011734,16.8454,14.9860,-0.0494,-0.6419,-0.0525,218.8151,12.9896,13.0801,17.0694,10.3857,11.0045,21.0062,31.5093,42.0124,42.1647,10.5412,0.0,3.81775,3.831594,1.530778,30,171,130,2,0.04358735,-0.00293352,0.13859161,0E-8,0.000000,0.889618,0.000000,-0.14797496,2026-03-22,2026-08-05,96,1173,774,137,0.700730,0.766291,0.776478,0.145291,,,,,,,,GLOBAL_BASELINE_NO_ENTITY_RANKING,,,NOT_APPLICABLE_GLOBAL_BASELINE,HF9g-P5,,,,X 全窗基线 · 不参与实体赏罚,3926808,393,A168_HF9F_20260827_0900,2026-08-27 09:00:00
2026-04-16,91797317,1307,0,10.5411844075,-10.5411844075,-10.5411844075,0E-7,1,1,0.49324550000000000,0.493245500000,-0.9865810262130424,-0.9865810262130424,-0.9865810262130424,0E-17,ELIGIBLE,R03b_20260811_FULL_v1,L1_ELIGIBILITY,v2026-08-11,2026-03-21..2026-08-06,baccarat_bet02_101_all_pairs_incl_sentinel,round_win = game_pnl > 0 (decisive only),COMPATIBILITY_ONLY_NOT_PRODUCTION,21006.2458,18687.5319,-61.6222,1247,1247,0.00293352,-0.13859161,0.00938335,0.00293352,61.6222,21006.2458,OK,0.0000,-2.4649,4.0000,96.0000,AG03-UNRESOLVED,ALL5_LEVELS_bet23_to_bet27,-2.4649,-2.4649,-2.4649,-4.3136,-4.3136,4.000000,4.000000,4.000000,7.000000,7.000000,96.000000,96.000000,96.000000,93.000000,93.000000,5.0,-16.0218,-14.4684,-45.6004,-47.1538,PENDING_AG03,FALSE,NOT_FOR_ENFORCEMENT,-59.1573,17940.0307,-61.6222,-59.1573,-2.4649,-0.00293352,-0.00281618,-2.4649,-59.1573,-0.00281618,-2.4649,-2.4649,-2.4649,-4.3136,-4.3136,-59.1573,-0.00281618,-16.0218,-14.4684,-45.6004,-47.1538,-0.00217080,-0.00224475,-0.00011734,16.8454,14.9860,-0.0494,-0.6419,-0.0525,218.8151,12.9896,13.0801,17.0694,10.3857,11.0045,21.0062,31.5093,42.0124,42.1647,10.5412,0.0,3.81775,3.831594,1.530778,30,171,130,2,0.04358735,-0.00293352,0.13859161,0E-8,0.000000,0.889618,0.000000,-0.14797496,2026-03-22,2026-08-05,96,1173,774,137,0.700730,0.766291,0.776478,0.145291,,,,,,,,GLOBAL_BASELINE_NO_ENTITY_RANKING,,,NOT_APPLICABLE_GLOBAL_BASELINE,HF9g-P5,,,,X 全窗基线 · 不参与实体赏罚,3926809,393,A168_HF9F_20260827_0900,2026-08-27 09:00:00
2026-04-16,91797317,1385,0,21.0823688150,-21.0823688150,-21.0823688150,0E-7,1,1,0.49324550000000000,0.493245500000,-0.9865810262130424,-0.9865810262130424,-0.9865810262130424,0E-17,ELIGIBLE,R03b_20260811_FULL_v1,L1_ELIGIBILITY,v2026-08-11,2026-03-21..2026-08-06,baccarat_bet02_101_all_pairs_incl_sentinel,round_win = game_pnl > 0 (decisive only),COMPATIBILITY_ONLY_NOT_PRODUCTION,21006.2458,18687.5319,-61.6222,1247,1247,0.00293352,-0.13859161,0.00938335,0.00293352,61.6222,21006.2458,OK,0.0000,-2.4649,4.0000,96.0000,AG03-UNRESOLVED,ALL5_LEVELS_bet23_to_bet27,-2.4649,-2.4649,-2.4649,-4.3136,-4.3136,4.000000,4.000000,4.000000,7.000000,7.000000,96.000000,96.000000,96.000000,93.000000,93.000000,5.0,-16.0218,-14.4684,-45.6004,-47.1538,PENDING_AG03,FALSE,NOT_FOR_ENFORCEMENT,-59.1573,17940.0307,-61.6222,-59.1573,-2.4649,-0.00293352,-0.00281618,-2.4649,-59.1573,-0.00281618,-2.4649,-2.4649,-2.4649,-4.3136,-4.3136,-59.1573,-0.00281618,-16.0218,-14.4684,-45.6004,-47.1538,-0.00217080,-0.00224475,-0.00011734,16.8454,14.9860,-0.0494,-0.6419,-0.0525,218.8151,12.9896,13.0801,17.0694,10.3857,11.0045,21.0062,31.5093,42.0124,42.1647,10.5412,0.0,3.81775,3.831594,1.530778,30,171,130,2,0.04358735,-0.00293352,0.13859161,0E-8,0.000000,0.889618,0.000000,-0.14797496,2026-03-22,2026-08-05,96,1173,774,137,0.700730,0.766291,0.776478,0.145291,,,,,,,,GLOBAL_BASELINE_NO_ENTITY_RANKING,,,NOT_APPLICABLE_GLOBAL_BASELINE,HF9g-P5,,,,X 全窗基线 · 不参与实体赏罚,3926810,393,A168_HF9F_20260827_0900,2026-08-27 09:00:00
2026-04-16,91797317,1396,0,31.6235532225,-31.6235532225,-31.6235532225,0E-7,2,2,0.49324550000000000,0.493245500000,-1.3952362676504506,-1.3952362676504506,-1.3952362676504506,0E-17,ELIGIBLE,R03b_20260811_FULL_v1,L1_ELIGIBILITY,v2026-08-11,2026-03-21..2026-08-06,baccarat_bet02_101_all_pairs_incl_sentinel,round_win = game_pnl > 0 (decisive only),COMPATIBILITY_ONLY_NOT_PRODUCTION,21006.2458,18687.5319,-61.6222,1247,1247,0.00293352,-0.13859161,0.00938335,0.00293352,61.6222,21006.2458,OK,0.0000,-2.4649,4.0000,96.0000,AG03-UNRESOLVED,ALL5_LEVELS_bet23_to_bet27,-2.4649,-2.4649,-2.4649,-4.3136,-4.3136,4.000000,4.000000,4.000000,7.000000,7.000000,96.000000,96.000000,96.000000,93.000000,93.000000,5.0,-16.0218,-14.4684,-45.6004,-47.1538,PENDING_AG03,FALSE,NOT_FOR_ENFORCEMENT,-59.1573,17940.0307,-61.6222,-59.1573,-2.4649,-0.00293352,-0.00281618,-2.4649,-59.1573,-0.00281618,-2.4649,-2.4649,-2.4649,-4.3136,-4.3136,-59.1573,-0.00281618,-16.0218,-14.4684,-45.6004,-47.1538,-0.00217080,-0.00224475,-0.00011734,16.8454,14.9860,-0.0494,-0.6419,-0.0525,218.8151,12.9896,13.0801,17.0694,10.3857,11.0045,21.0062,31.5093,42.0124,42.1647,10.5412,0.0,3.81775,3.831594,1.530778,30,171,130,2,0.04358735,-0.00293352,0.13859161,0E-8,0.000000,0.889618,0.000000,-0.14797496,2026-03-22,2026-08-05,96,1173,774,137,0.700730,0.766291,0.776478,0.145291,,,,,,,,GLOBAL_BASELINE_NO_ENTITY_RANKING,,,NOT_APPLICABLE_GLOBAL_BASELINE,HF9g-P5,,,,X 全窗基线 · 不参与实体赏罚,3926811,393,A168_HF9F_20260827_0900,2026-08-27 09:00:00
2026-04-16,91797317,1399,0,6.3247106445,-6.3247106445,-6.3247106445,0E-7,1,1,0.49324550000000000,0.493245500000,-0.9865810262130424,-0.9865810262130424,-0.9865810262130424,0E-17,ELIGIBLE,R03b_20260811_FULL_v1,L1_ELIGIBILITY,v2026-08-11,2026-03-21..2026-08-06,baccarat_bet02_101_all_pairs_incl_sentinel,round_win = game_pnl > 0 (decisive only),COMPATIBILITY_ONLY_NOT_PRODUCTION,21006.2458,18687.5319,-61.6222,1247,1247,0.00293352,-0.13859161,0.00938335,0.00293352,61.6222,21006.2458,OK,0.0000,-2.4649,4.0000,96.0000,AG03-UNRESOLVED,ALL5_LEVELS_bet23_to_bet27,-2.4649,-2.4649,-2.4649,-4.3136,-4.3136,4.000000,4.000000,4.000000,7.000000,7.000000,96.000000,96.000000,96.000000,93.000000,93.000000,5.0,-16.0218,-14.4684,-45.6004,-47.1538,PENDING_AG03,FALSE,NOT_FOR_ENFORCEMENT,-59.1573,17940.0307,-61.6222,-59.1573,-2.4649,-0.00293352,-0.00281618,-2.4649,-59.1573,-0.00281618,-2.4649,-2.4649,-2.4649,-4.3136,-4.3136,-59.1573,-0.00281618,-16.0218,-14.4684,-45.6004,-47.1538,-0.00217080,-0.00224475,-0.00011734,16.8454,14.9860,-0.0494,-0.6419,-0.0525,218.8151,12.9896,13.0801,17.0694,10.3857,11.0045,21.0062,31.5093,42.0124,42.1647,10.5412,0.0,3.81775,3.831594,1.530778,30,171,130,2,0.04358735,-0.00293352,0.13859161,0E-8,0.000000,0.889618,0.000000,-0.14797496,2026-03-22,2026-08-05,96,1173,774,137,0.700730,0.766291,0.776478,0.145291,,,,,,,,GLOBAL_BASELINE_NO_ENTITY_RANKING,,,NOT_APPLICABLE_GLOBAL_BASELINE,HF9g-P5,,,,X 全窗基线 · 不参与实体赏罚,3926812,393,A168_HF9F_20260827_0900,2026-08-27 09:00:00
2026-04-16,91797317,1490,0,10.5411844075,10.5411844075,10.5411844075,1.0000000,1,1,0.49324550000000000,0.493245500000,1.01360149184955,1.01360149184955,1.01360149184955,0E-17,ELIGIBLE,R03b_20260811_FULL_v1,L1_ELIGIBILITY,v2026-08-11,2026-03-21..2026-08-06,baccarat_bet02_101_all_pairs_incl_sentinel,round_win = game_pnl > 0 (decisive only),COMPATIBILITY_ONLY_NOT_PRODUCTION,21006.2458,18687.5319,-61.6222,1247,1247,0.00293352,-0.13859161,0.00938335,0.00293352,61.6222,21006.2458,OK,0.0000,-2.4649,4.0000,96.0000,AG03-UNRESOLVED,ALL5_LEVELS_bet23_to_bet27,-2.4649,-2.4649,-2.4649,-4.3136,-4.3136,4.000000,4.000000,4.000000,7.000000,7.000000,96.000000,96.000000,96.000000,93.000000,93.000000,5.0,-16.0218,-14.4684,-45.6004,-47.1538,PENDING_AG03,FALSE,NOT_FOR_ENFORCEMENT,-59.1573,17940.0307,-61.6222,-59.1573,-2.4649,-0.00293352,-0.00281618,-2.4649,-59.1573,-0.00281618,-2.4649,-2.4649,-2.4649,-4.3136,-4.3136,-59.1573,-0.00281618,-16.0218,-14.4684,-45.6004,-47.1538,-0.00217080,-0.00224475,-0.00011734,16.8454,14.9860,-0.0494,-0.6419,-0.0525,218.8151,12.9896,13.0801,17.0694,10.3857,11.0045,21.0062,31.5093,42.0124,42.1647,10.5412,0.0,3.81775,3.831594,1.530778,30,171,130,2,0.04358735,-0.00293352,0.13859161,0E-8,0.000000,0.889618,0.000000,-0.14797496,2026-03-22,2026-08-05,96,1173,774,137,0.700730,0.766291,0.776478,0.145291,,,,,,,,GLOBAL_BASELINE_NO_ENTITY_RANKING,,,NOT_APPLICABLE_GLOBAL_BASELINE,HF9g-P5,,,,X 全窗基线 · 不参与实体赏罚,3926813,393,A168_HF9F_20260827_0900,2026-08-27 09:00:00
2026-04-16,91797317,1957,0,16.8658950520,16.8658950520,16.8658950520,1.0000000,2,2,0.49324550000000000,0.493245500000,1.4334489766152358,1.4334489766152358,1.4334489766152358,0E-17,ELIGIBLE,R03b_20260811_FULL_v1,L1_ELIGIBILITY,v2026-08-11,2026-03-21..2026-08-06,baccarat_bet02_101_all_pairs_incl_sentinel,round_win = game_pnl > 0 (decisive only),COMPATIBILITY_ONLY_NOT_PRODUCTION,21006.2458,18687.5319,-61.6222,1247,1247,0.00293352,-0.13859161,0.00938335,0.00293352,61.6222,21006.2458,OK,0.0000,-2.4649,4.0000,96.0000,AG03-UNRESOLVED,ALL5_LEVELS_bet23_to_bet27,-2.4649,-2.4649,-2.4649,-4.3136,-4.3136,4.000000,4.000000,4.000000,7.000000,7.000000,96.000000,96.000000,96.000000,93.000000,93.000000,5.0,-16.0218,-14.4684,-45.6004,-47.1538,PENDING_AG03,FALSE,NOT_FOR_ENFORCEMENT,-59.1573,17940.0307,-61.6222,-59.1573,-2.4649,-0.00293352,-0.00281618,-2.4649,-59.1573,-0.00281618,-2.4649,-2.4649,-2.4649,-4.3136,-4.3136,-59.1573,-0.00281618,-16.0218,-14.4684,-45.6004,-47.1538,-0.00217080,-0.00224475,-0.00011734,16.8454,14.9860,-0.0494,-0.6419,-0.0525,218.8151,12.9896,13.0801,17.0694,10.3857,11.0045,21.0062,31.5093,42.0124,42.1647,10.5412,0.0,3.81775,3.831594,1.530778,30,171,130,2,0.04358735,-0.00293352,0.13859161,0E-8,0.000000,0.889618,0.000000,-0.14797496,2026-03-22,2026-08-05,96,1173,774,137,0.700730,0.766291,0.776478,0.145291,,,,,,,,GLOBAL_BASELINE_NO_ENTITY_RANKING,,,NOT_APPLICABLE_GLOBAL_BASELINE,HF9g-P5,,,,X 全窗基线 · 不参与实体赏罚,3926814,393,A168_HF9F_20260827_0900,2026-08-27 09:00:00
2026-04-16,91797317,2088,0,10.5411844075,-10.5411844075,-10.5411844075,0E-7,1,1,0.49324550000000000,0.493245500000,-0.9865810262130424,-0.9865810262130424,-0.9865810262130424,0E-17,ELIGIBLE,R03b_20260811_FULL_v1,L1_ELIGIBILITY,v2026-08-11,2026-03-21..2026-08-06,baccarat_bet02_101_all_pairs_incl_sentinel,round_win = game_pnl > 0 (decisive only),COMPATIBILITY_ONLY_NOT_PRODUCTION,21006.2458,18687.5319,-61.6222,1247,1247,0.00293352,-0.13859161,0.00938335,0.00293352,61.6222,21006.2458,OK,0.0000,-2.4649,4.0000,96.0000,AG03-UNRESOLVED,ALL5_LEVELS_bet23_to_bet27,-2.4649,-2.4649,-2.4649,-4.3136,-4.3136,4.000000,4.000000,4.000000,7.000000,7.000000,96.000000,96.000000,96.000000,93.000000,93.000000,5.0,-16.0218,-14.4684,-45.6004,-47.1538,PENDING_AG03,FALSE,NOT_FOR_ENFORCEMENT,-59.1573,17940.0307,-61.6222,-59.1573,-2.4649,-0.00293352,-0.00281618,-2.4649,-59.1573,-0.00281618,-2.4649,-2.4649,-2.4649,-4.3136,-4.3136,-59.1573,-0.00281618,-16.0218,-14.4684,-45.6004,-47.1538,-0.00217080,-0.00224475,-0.00011734,16.8454,14.9860,-0.0494,-0.6419,-0.0525,218.8151,12.9896,13.0801,17.0694,10.3857,11.0045,21.0062,31.5093,42.0124,42.1647,10.5412,0.0,3.81775,3.831594,1.530778,30,171,130,2,0.04358735,-0.00293352,0.13859161,0E-8,0.000000,0.889618,0.000000,-0.14797496,2026-03-22,2026-08-05,96,1173,774,137,0.700730,0.766291,0.776478,0.145291,,,,,,,,GLOBAL_BASELINE_NO_ENTITY_RANKING,,,NOT_APPLICABLE_GLOBAL_BASELINE,HF9g-P5,,,,X 全窗基线 · 不参与实体赏罚,3926815,393,A168_HF9F_20260827_0900,2026-08-27 09:00:00
2026-04-16,91797317,2105,0,10.5411844075,-10.5411844075,-10.5411844075,0E-7,1,1,0.49324550000000000,0.493245500000,-0.9865810262130424,-0.9865810262130424,-0.9865810262130424,0E-17,ELIGIBLE,R03b_20260811_FULL_v1,L1_ELIGIBILITY,v2026-08-11,2026-03-21..2026-08-06,baccarat_bet02_101_all_pairs_incl_sentinel,round_win = game_pnl > 0 (decisive only),COMPATIBILITY_ONLY_NOT_PRODUCTION,21006.2458,18687.5319,-61.6222,1247,1247,0.00293352,-0.13859161,0.00938335,0.00293352,61.6222,21006.2458,OK,0.0000,-2.4649,4.0000,96.0000,AG03-UNRESOLVED,ALL5_LEVELS_bet23_to_bet27,-2.4649,-2.4649,-2.4649,-4.3136,-4.3136,4.000000,4.000000,4.000000,7.000000,7.000000,96.000000,96.000000,96.000000,93.000000,93.000000,5.0,-16.0218,-14.4684,-45.6004,-47.1538,PENDING_AG03,FALSE,NOT_FOR_ENFORCEMENT,-59.1573,17940.0307,-61.6222,-59.1573,-2.4649,-0.00293352,-0.00281618,-2.4649,-59.1573,-0.00281618,-2.4649,-2.4649,-2.4649,-4.3136,-4.3136,-59.1573,-0.00281618,-16.0218,-14.4684,-45.6004,-47.1538,-0.00217080,-0.00224475,-0.00011734,16.8454,14.9860,-0.0494,-0.6419,-0.0525,218.8151,12.9896,13.0801,17.0694,10.3857,11.0045,21.0062,31.5093,42.0124,42.1647,10.5412,0.0,3.81775,3.831594,1.530778,30,171,130,2,0.04358735,-0.00293352,0.13859161,0E-8,0.000000,0.889618,0.000000,-0.14797496,2026-03-22,2026-08-05,96,1173,774,137,0.700730,0.766291,0.776478,0.145291,,,,,,,,GLOBAL_BASELINE_NO_ENTITY_RANKING,,,NOT_APPLICABLE_GLOBAL_BASELINE,HF9g-P5,,,,X 全窗基线 · 不参与实体赏罚,3926816,393,A168_HF9F_20260827_0900,2026-08-27 09:00:00
2026-04-16,91797317,2145,0,21.0823688150,21.0823688150,21.0823688150,1.0000000,1,1,0.49324550000000000,0.493245500000,1.01360149184955,1.01360149184955,1.01360149184955,0E-17,ELIGIBLE,R03b_20260811_FULL_v1,L1_ELIGIBILITY,v2026-08-11,2026-03-21..2026-08-06,baccarat_bet02_101_all_pairs_incl_sentinel,round_win = game_pnl > 0 (decisive only),COMPATIBILITY_ONLY_NOT_PRODUCTION,21006.2458,18687.5319,-61.6222,1247,1247,0.00293352,-0.13859161,0.00938335,0.00293352,61.6222,21006.2458,OK,0.0000,-2.4649,4.0000,96.0000,AG03-UNRESOLVED,ALL5_LEVELS_bet23_to_bet27,-2.4649,-2.4649,-2.4649,-4.3136,-4.3136,4.000000,4.000000,4.000000,7.000000,7.000000,96.000000,96.000000,96.000000,93.000000,93.000000,5.0,-16.0218,-14.4684,-45.6004,-47.1538,PENDING_AG03,FALSE,NOT_FOR_ENFORCEMENT,-59.1573,17940.0307,-61.6222,-59.1573,-2.4649,-0.00293352,-0.00281618,-2.4649,-59.1573,-0.00281618,-2.4649,-2.4649,-2.4649,-4.3136,-4.3136,-59.1573,-0.00281618,-16.0218,-14.4684,-45.6004,-47.1538,-0.00217080,-0.00224475,-0.00011734,16.8454,14.9860,-0.0494,-0.6419,-0.0525,218.8151,12.9896,13.0801,17.0694,10.3857,11.0045,21.0062,31.5093,42.0124,42.1647,10.5412,0.0,3.81775,3.831594,1.530778,30,171,130,2,0.04358735,-0.00293352,0.13859161,0E-8,0.000000,0.889618,0.000000,-0.14797496,2026-03-22,2026-08-05,96,1173,774,137,0.700730,0.766291,0.776478,0.145291,,,,,,,,GLOBAL_BASELINE_NO_ENTITY_RANKING,,,NOT_APPLICABLE_GLOBAL_BASELINE,HF9g-P5,,,,X 全窗基线 · 不参与实体赏罚,3926817,393,A168_HF9F_20260827_0900,2026-08-27 09:00:00
2026-04-16,91797317,2156,0,21.0823688150,-21.0823688150,-21.0823688150,0E-7,2,2,0.49324550000000000,0.493245500000,-1.3952362676504506,-1.3952362676504506,-1.3952362676504506,0E-17,ELIGIBLE,R03b_20260811_FULL_v1,L1_ELIGIBILITY,v2026-08-11,2026-03-21..2026-08-06,baccarat_bet02_101_all_pairs_incl_sentinel,round_win = game_pnl > 0 (decisive only),COMPATIBILITY_ONLY_NOT_PRODUCTION,21006.2458,18687.5319,-61.6222,1247,1247,0.00293352,-0.13859161,0.00938335,0.00293352,61.6222,21006.2458,OK,0.0000,-2.4649,4.0000,96.0000,AG03-UNRESOLVED,ALL5_LEVELS_bet23_to_bet27,-2.4649,-2.4649,-2.4649,-4.3136,-4.3136,4.000000,4.000000,4.000000,7.000000,7.000000,96.000000,96.000000,96.000000,93.000000,93.000000,5.0,-16.0218,-14.4684,-45.6004,-47.1538,PENDING_AG03,FALSE,NOT_FOR_ENFORCEMENT,-59.1573,17940.0307,-61.6222,-59.1573,-2.4649,-0.00293352,-0.00281618,-2.4649,-59.1573,-0.00281618,-2.4649,-2.4649,-2.4649,-4.3136,-4.3136,-59.1573,-0.00281618,-16.0218,-14.4684,-45.6004,-47.1538,-0.00217080,-0.00224475,-0.00011734,16.8454,14.9860,-0.0494,-0.6419,-0.0525,218.8151,12.9896,13.0801,17.0694,10.3857,11.0045,21.0062,31.5093,42.0124,42.1647,10.5412,0.0,3.81775,3.831594,1.530778,30,171,130,2,0.04358735,-0.00293352,0.13859161,0E-8,0.000000,0.889618,0.000000,-0.14797496,2026-03-22,2026-08-05,96,1173,774,137,0.700730,0.766291,0.776478,0.145291,,,,,,,,GLOBAL_BASELINE_NO_ENTITY_RANKING,,,NOT_APPLICABLE_GLOBAL_BASELINE,HF9g-P5,,,,X 全窗基线 · 不参与实体赏罚,3926818,393,A168_HF9F_20260827_0900,2026-08-27 09:00:00
2026-04-16,91797317,2160,0,10.5411844075,10.5411844075,10.5411844075,1.0000000,1,1,0.49324550000000000,0.493245500000,1.01360149184955,1.01360149184955,1.01360149184955,0E-17,ELIGIBLE,R03b_20260811_FULL_v1,L1_ELIGIBILITY,v2026-08-11,2026-03-21..2026-08-06,baccarat_bet02_101_all_pairs_incl_sentinel,round_win = game_pnl > 0 (decisive only),COMPATIBILITY_ONLY_NOT_PRODUCTION,21006.2458,18687.5319,-61.6222,1247,1247,0.00293352,-0.13859161,0.00938335,0.00293352,61.6222,21006.2458,OK,0.0000,-2.4649,4.0000,96.0000,AG03-UNRESOLVED,ALL5_LEVELS_bet23_to_bet27,-2.4649,-2.4649,-2.4649,-4.3136,-4.3136,4.000000,4.000000,4.000000,7.000000,7.000000,96.000000,96.000000,96.000000,93.000000,93.000000,5.0,-16.0218,-14.4684,-45.6004,-47.1538,PENDING_AG03,FALSE,NOT_FOR_ENFORCEMENT,-59.1573,17940.0307,-61.6222,-59.1573,-2.4649,-0.00293352,-0.00281618,-2.4649,-59.1573,-0.00281618,-2.4649,-2.4649,-2.4649,-4.3136,-4.3136,-59.1573,-0.00281618,-16.0218,-14.4684,-45.6004,-47.1538,-0.00217080,-0.00224475,-0.00011734,16.8454,14.9860,-0.0494,-0.6419,-0.0525,218.8151,12.9896,13.0801,17.0694,10.3857,11.0045,21.0062,31.5093,42.0124,42.1647,10.5412,0.0,3.81775,3.831594,1.530778,30,171,130,2,0.04358735,-0.00293352,0.13859161,0E-8,0.000000,0.889618,0.000000,-0.14797496,2026-03-22,2026-08-05,96,1173,774,137,0.700730,0.766291,0.776478,0.145291,,,,,,,,GLOBAL_BASELINE_NO_ENTITY_RANKING,,,NOT_APPLICABLE_GLOBAL_BASELINE,HF9g-P5,,,,X 全窗基线 · 不参与实体赏罚,3926819,393,A168_HF9F_20260827_0900,2026-08-27 09:00:00
2026-04-16,91797317,2186,0,42.1647376300,0E-10,0E-10,0.5000000,2,2,0.49324550000000000,0.493245500000,0.01910635448239258,0.01910635448239258,0.01910635448239258,0E-17,ELIGIBLE,R03b_20260811_FULL_v1,L1_ELIGIBILITY,v2026-08-11,2026-03-21..2026-08-06,baccarat_bet02_101_all_pairs_incl_sentinel,round_win = game_pnl > 0 (decisive only),COMPATIBILITY_ONLY_NOT_PRODUCTION,21006.2458,18687.5319,-61.6222,1247,1247,0.00293352,-0.13859161,0.00938335,0.00293352,61.6222,21006.2458,OK,0.0000,-2.4649,4.0000,96.0000,AG03-UNRESOLVED,ALL5_LEVELS_bet23_to_bet27,-2.4649,-2.4649,-2.4649,-4.3136,-4.3136,4.000000,4.000000,4.000000,7.000000,7.000000,96.000000,96.000000,96.000000,93.000000,93.000000,5.0,-16.0218,-14.4684,-45.6004,-47.1538,PENDING_AG03,FALSE,NOT_FOR_ENFORCEMENT,-59.1573,17940.0307,-61.6222,-59.1573,-2.4649,-0.00293352,-0.00281618,-2.4649,-59.1573,-0.00281618,-2.4649,-2.4649,-2.4649,-4.3136,-4.3136,-59.1573,-0.00281618,-16.0218,-14.4684,-45.6004,-47.1538,-0.00217080,-0.00224475,-0.00011734,16.8454,14.9860,-0.0494,-0.6419,-0.0525,218.8151,12.9896,13.0801,17.0694,10.3857,11.0045,21.0062,31.5093,42.0124,42.1647,10.5412,0.0,3.81775,3.831594,1.530778,30,171,130,2,0.04358735,-0.00293352,0.13859161,0E-8,0.000000,0.889618,0.000000,-0.14797496,2026-03-22,2026-08-05,96,1173,774,137,0.700730,0.766291,0.776478,0.145291,,,,,,,,GLOBAL_BASELINE_NO_ENTITY_RANKING,,,NOT_APPLICABLE_GLOBAL_BASELINE,HF9g-P5,,,,X 全窗基线 · 不参与实体赏罚,3926820,393,A168_HF9F_20260827_0900,2026-08-27 09:00:00
2026-04-16,91797317,2191,0,21.0823688150,21.0823688150,21.0823688150,1.0000000,2,2,0.49324550000000000,0.493245500000,1.4334489766152358,1.4334489766152358,1.4334489766152358,0E-17,ELIGIBLE,R03b_20260811_FULL_v1,L1_ELIGIBILITY,v2026-08-11,2026-03-21..2026-08-06,baccarat_bet02_101_all_pairs_incl_sentinel,round_win = game_pnl > 0 (decisive only),COMPATIBILITY_ONLY_NOT_PRODUCTION,21006.2458,18687.5319,-61.6222,1247,1247,0.00293352,-0.13859161,0.00938335,0.00293352,61.6222,21006.2458,OK,0.0000,-2.4649,4.0000,96.0000,AG03-UNRESOLVED,ALL5_LEVELS_bet23_to_bet27,-2.4649,-2.4649,-2.4649,-4.3136,-4.3136,4.000000,4.000000,4.000000,7.000000,7.000000,96.000000,96.000000,96.000000,93.000000,93.000000,5.0,-16.0218,-14.4684,-45.6004,-47.1538,PENDING_AG03,FALSE,NOT_FOR_ENFORCEMENT,-59.1573,17940.0307,-61.6222,-59.1573,-2.4649,-0.00293352,-0.00281618,-2.4649,-59.1573,-0.00281618,-2.4649,-2.4649,-2.4649,-4.3136,-4.3136,-59.1573,-0.00281618,-16.0218,-14.4684,-45.6004,-47.1538,-0.00217080,-0.00224475,-0.00011734,16.8454,14.9860,-0.0494,-0.6419,-0.0525,218.8151,12.9896,13.0801,17.0694,10.3857,11.0045,21.0062,31.5093,42.0124,42.1647,10.5412,0.0,3.81775,3.831594,1.530778,30,171,130,2,0.04358735,-0.00293352,0.13859161,0E-8,0.000000,0.889618,0.000000,-0.14797496,2026-03-22,2026-08-05,96,1173,774,137,0.700730,0.766291,0.776478,0.145291,,,,,,,,GLOBAL_BASELINE_NO_ENTITY_RANKING,,,NOT_APPLICABLE_GLOBAL_BASELINE,HF9g-P5,,,,X 全窗基线 · 不参与实体赏罚,3926821,393,A168_HF9F_20260827_0900,2026-08-27 09:00:00
2026-04-16,91797317,2196,0,52.7059220375,10.5411844075,10.5411844075,0.6666667,3,3,0.49324550000000000,0.493245500000,0.6008033672792107,0.6008033672792106,0.6008033672792107,0E-17,ELIGIBLE,R03b_20260811_FULL_v1,L1_ELIGIBILITY,v2026-08-11,2026-03-21..2026-08-06,baccarat_bet02_101_all_pairs_incl_sentinel,round_win = game_pnl > 0 (decisive only),COMPATIBILITY_ONLY_NOT_PRODUCTION,21006.2458,18687.5319,-61.6222,1247,1247,0.00293352,-0.13859161,0.00938335,0.00293352,61.6222,21006.2458,OK,0.0000,-2.4649,4.0000,96.0000,AG03-UNRESOLVED,ALL5_LEVELS_bet23_to_bet27,-2.4649,-2.4649,-2.4649,-4.3136,-4.3136,4.000000,4.000000,4.000000,7.000000,7.000000,96.000000,96.000000,96.000000,93.000000,93.000000,5.0,-16.0218,-14.4684,-45.6004,-47.1538,PENDING_AG03,FALSE,NOT_FOR_ENFORCEMENT,-59.1573,17940.0307,-61.6222,-59.1573,-2.4649,-0.00293352,-0.00281618,-2.4649,-59.1573,-0.00281618,-2.4649,-2.4649,-2.4649,-4.3136,-4.3136,-59.1573,-0.00281618,-16.0218,-14.4684,-45.6004,-47.1538,-0.00217080,-0.00224475,-0.00011734,16.8454,14.9860,-0.0494,-0.6419,-0.0525,218.8151,12.9896,13.0801,17.0694,10.3857,11.0045,21.0062,31.5093,42.0124,42.1647,10.5412,0.0,3.81775,3.831594,1.530778,30,171,130,2,0.04358735,-0.00293352,0.13859161,0E-8,0.000000,0.889618,0.000000,-0.14797496,2026-03-22,2026-08-05,96,1173,774,137,0.700730,0.766291,0.776478,0.145291,,,,,,,,GLOBAL_BASELINE_NO_ENTITY_RANKING,,,NOT_APPLICABLE_GLOBAL_BASELINE,HF9g-P5,,,,X 全窗基线 · 不参与实体赏罚,3926822,393,A168_HF9F_20260827_0900,2026-08-27 09:00:00
2026-04-16,91797317,2201,0,10.5411844075,-10.5411844075,-10.5411844075,0E-7,1,1,0.49324550000000000,0.493245500000,-0.9865810262130424,-0.9865810262130424,-0.9865810262130424,0E-17,ELIGIBLE,R03b_20260811_FULL_v1,L1_ELIGIBILITY,v2026-08-11,2026-03-21..2026-08-06,baccarat_bet02_101_all_pairs_incl_sentinel,round_win = game_pnl > 0 (decisive only),COMPATIBILITY_ONLY_NOT_PRODUCTION,21006.2458,18687.5319,-61.6222,1247,1247,0.00293352,-0.13859161,0.00938335,0.00293352,61.6222,21006.2458,OK,0.0000,-2.4649,4.0000,96.0000,AG03-UNRESOLVED,ALL5_LEVELS_bet23_to_bet27,-2.4649,-2.4649,-2.4649,-4.3136,-4.3136,4.000000,4.000000,4.000000,7.000000,7.000000,96.000000,96.000000,96.000000,93.000000,93.000000,5.0,-16.0218,-14.4684,-45.6004,-47.1538,PENDING_AG03,FALSE,NOT_FOR_ENFORCEMENT,-59.1573,17940.0307,-61.6222,-59.1573,-2.4649,-0.00293352,-0.00281618,-2.4649,-59.1573,-0.00281618,-2.4649,-2.4649,-2.4649,-4.3136,-4.3136,-59.1573,-0.00281618,-16.0218,-14.4684,-45.6004,-47.1538,-0.00217080,-0.00224475,-0.00011734,16.8454,14.9860,-0.0494,-0.6419,-0.0525,218.8151,12.9896,13.0801,17.0694,10.3857,11.0045,21.0062,31.5093,42.0124,42.1647,10.5412,0.0,3.81775,3.831594,1.530778,30,171,130,2,0.04358735,-0.00293352,0.13859161,0E-8,0.000000,0.889618,0.000000,-0.14797496,2026-03-22,2026-08-05,96,1173,774,137,0.700730,0.766291,0.776478,0.145291,,,,,,,,GLOBAL_BASELINE_NO_ENTITY_RANKING,,,NOT_APPLICABLE_GLOBAL_BASELINE,HF9g-P5,,,,X 全窗基线 · 不参与实体赏罚,3926823,393,A168_HF9F_20260827_0900,2026-08-27 09:00:00
2026-04-16,91797317,2212,0,21.0823688150,-10.5411844075,-10.5411844075,0E-7,2,2,0.49324550000000000,0.493245500000,-0.9865810262130424,-0.9865810262130424,-0.9865810262130424,0E-17,ELIGIBLE,R03b_20260811_FULL_v1,L1_ELIGIBILITY,v2026-08-11,2026-03-21..2026-08-06,baccarat_bet02_101_all_pairs_incl_sentinel,round_win = game_pnl > 0 (decisive only),COMPATIBILITY_ONLY_NOT_PRODUCTION,21006.2458,18687.5319,-61.6222,1247,1247,0.00293352,-0.13859161,0.00938335,0.00293352,61.6222,21006.2458,OK,0.0000,-2.4649,4.0000,96.0000,AG03-UNRESOLVED,ALL5_LEVELS_bet23_to_bet27,-2.4649,-2.4649,-2.4649,-4.3136,-4.3136,4.000000,4.000000,4.000000,7.000000,7.000000,96.000000,96.000000,96.000000,93.000000,93.000000,5.0,-16.0218,-14.4684,-45.6004,-47.1538,PENDING_AG03,FALSE,NOT_FOR_ENFORCEMENT,-59.1573,17940.0307,-61.6222,-59.1573,-2.4649,-0.00293352,-0.00281618,-2.4649,-59.1573,-0.00281618,-2.4649,-2.4649,-2.4649,-4.3136,-4.3136,-59.1573,-0.00281618,-16.0218,-14.4684,-45.6004,-47.1538,-0.00217080,-0.00224475,-0.00011734,16.8454,14.9860,-0.0494,-0.6419,-0.0525,218.8151,12.9896,13.0801,17.0694,10.3857,11.0045,21.0062,31.5093,42.0124,42.1647,10.5412,0.0,3.81775,3.831594,1.530778,30,171,130,2,0.04358735,-0.00293352,0.13859161,0E-8,0.000000,0.889618,0.000000,-0.14797496,2026-03-22,2026-08-05,96,1173,774,137,0.700730,0.766291,0.776478,0.145291,,,,,,,,GLOBAL_BASELINE_NO_ENTITY_RANKING,,,NOT_APPLICABLE_GLOBAL_BASELINE,HF9g-P5,,,,X 全窗基线 · 不参与实体赏罚,3926824,393,A168_HF9F_20260827_0900,2026-08-27 09:00:00
2026-04-16,91797317,2218,0,21.0823688150,21.0823688150,21.0823688150,1.0000000,1,1,0.49324550000000000,0.493245500000,1.01360149184955,1.01360149184955,1.01360149184955,0E-17,ELIGIBLE,R03b_20260811_FULL_v1,L1_ELIGIBILITY,v2026-08-11,2026-03-21..2026-08-06,baccarat_bet02_101_all_pairs_incl_sentinel,round_win = game_pnl > 0 (decisive only),COMPATIBILITY_ONLY_NOT_PRODUCTION,21006.2458,18687.5319,-61.6222,1247,1247,0.00293352,-0.13859161,0.00938335,0.00293352,61.6222,21006.2458,OK,0.0000,-2.4649,4.0000,96.0000,AG03-UNRESOLVED,ALL5_LEVELS_bet23_to_bet27,-2.4649,-2.4649,-2.4649,-4.3136,-4.3136,4.000000,4.000000,4.000000,7.000000,7.000000,96.000000,96.000000,96.000000,93.000000,93.000000,5.0,-16.0218,-14.4684,-45.6004,-47.1538,PENDING_AG03,FALSE,NOT_FOR_ENFORCEMENT,-59.1573,17940.0307,-61.6222,-59.1573,-2.4649,-0.00293352,-0.00281618,-2.4649,-59.1573,-0.00281618,-2.4649,-2.4649,-2.4649,-4.3136,-4.3136,-59.1573,-0.00281618,-16.0218,-14.4684,-45.6004,-47.1538,-0.00217080,-0.00224475,-0.00011734,16.8454,14.9860,-0.0494,-0.6419,-0.0525,218.8151,12.9896,13.0801,17.0694,10.3857,11.0045,21.0062,31.5093,42.0124,42.1647,10.5412,0.0,3.81775,3.831594,1.530778,30,171,130,2,0.04358735,-0.00293352,0.13859161,0E-8,0.000000,0.889618,0.000000,-0.14797496,2026-03-22,2026-08-05,96,1173,774,137,0.700730,0.766291,0.776478,0.145291,,,,,,,,GLOBAL_BASELINE_NO_ENTITY_RANKING,,,NOT_APPLICABLE_GLOBAL_BASELINE,HF9g-P5,,,,X 全窗基线 · 不参与实体赏罚,3926825,393,A168_HF9F_20260827_0900,2026-08-27 09:00:00
2026-04-16,91797317,2220,0,10.5411844075,10.5411844075,10.5411844075,1.0000000,1,1,0.49324550000000000,0.493245500000,1.01360149184955,1.01360149184955,1.01360149184955,0E-17,ELIGIBLE,R03b_20260811_FULL_v1,L1_ELIGIBILITY,v2026-08-11,2026-03-21..2026-08-06,baccarat_bet02_101_all_pairs_incl_sentinel,round_win = game_pnl > 0 (decisive only),COMPATIBILITY_ONLY_NOT_PRODUCTION,21006.2458,18687.5319,-61.6222,1247,1247,0.00293352,-0.13859161,0.00938335,0.00293352,61.6222,21006.2458,OK,0.0000,-2.4649,4.0000,96.0000,AG03-UNRESOLVED,ALL5_LEVELS_bet23_to_bet27,-2.4649,-2.4649,-2.4649,-4.3136,-4.3136,4.000000,4.000000,4.000000,7.000000,7.000000,96.000000,96.000000,96.000000,93.000000,93.000000,5.0,-16.0218,-14.4684,-45.6004,-47.1538,PENDING_AG03,FALSE,NOT_FOR_ENFORCEMENT,-59.1573,17940.0307,-61.6222,-59.1573,-2.4649,-0.00293352,-0.00281618,-2.4649,-59.1573,-0.00281618,-2.4649,-2.4649,-2.4649,-4.3136,-4.3136,-59.1573,-0.00281618,-16.0218,-14.4684,-45.6004,-47.1538,-0.00217080,-0.00224475,-0.00011734,16.8454,14.9860,-0.0494,-0.6419,-0.0525,218.8151,12.9896,13.0801,17.0694,10.3857,11.0045,21.0062,31.5093,42.0124,42.1647,10.5412,0.0,3.81775,3.831594,1.530778,30,171,130,2,0.04358735,-0.00293352,0.13859161,0E-8,0.000000,0.889618,0.000000,-0.14797496,2026-03-22,2026-08-05,96,1173,774,137,0.700730,0.766291,0.776478,0.145291,,,,,,,,GLOBAL_BASELINE_NO_ENTITY_RANKING,,,NOT_APPLICABLE_GLOBAL_BASELINE,HF9g-P5,,,,X 全窗基线 · 不参与实体赏罚,3926826,393,A168_HF9F_20260827_0900,2026-08-27 09:00:00
2026-04-16,91797317,2229,0,10.5411844075,10.5411844075,10.5411844075,1.0000000,1,1,0.49324550000000000,0.493245500000,1.01360149184955,1.01360149184955,1.01360149184955,0E-17,ELIGIBLE,R03b_20260811_FULL_v1,L1_ELIGIBILITY,v2026-08-11,2026-03-21..2026-08-06,baccarat_bet02_101_all_pairs_incl_sentinel,round_win = game_pnl > 0 (decisive only),COMPATIBILITY_ONLY_NOT_PRODUCTION,21006.2458,18687.5319,-61.6222,1247,1247,0.00293352,-0.13859161,0.00938335,0.00293352,61.6222,21006.2458,OK,0.0000,-2.4649,4.0000,96.0000,AG03-UNRESOLVED,ALL5_LEVELS_bet23_to_bet27,-2.4649,-2.4649,-2.4649,-4.3136,-4.3136,4.000000,4.000000,4.000000,7.000000,7.000000,96.000000,96.000000,96.000000,93.000000,93.000000,5.0,-16.0218,-14.4684,-45.6004,-47.1538,PENDING_AG03,FALSE,NOT_FOR_ENFORCEMENT,-59.1573,17940.0307,-61.6222,-59.1573,-2.4649,-0.00293352,-0.00281618,-2.4649,-59.1573,-0.00281618,-2.4649,-2.4649,-2.4649,-4.3136,-4.3136,-59.1573,-0.00281618,-16.0218,-14.4684,-45.6004,-47.1538,-0.00217080,-0.00224475,-0.00011734,16.8454,14.9860,-0.0494,-0.6419,-0.0525,218.8151,12.9896,13.0801,17.0694,10.3857,11.0045,21.0062,31.5093,42.0124,42.1647,10.5412,0.0,3.81775,3.831594,1.530778,30,171,130,2,0.04358735,-0.00293352,0.13859161,0E-8,0.000000,0.889618,0.000000,-0.14797496,2026-03-22,2026-08-05,96,1173,774,137,0.700730,0.766291,0.776478,0.145291,,,,,,,,GLOBAL_BASELINE_NO_ENTITY_RANKING,,,NOT_APPLICABLE_GLOBAL_BASELINE,HF9g-P5,,,,X 全窗基线 · 不参与实体赏罚,3926827,393,A168_HF9F_20260827_0900,2026-08-27 09:00:00
2026-04-16,91797317,2233,0,6.3247106445,6.3247106445,6.3247106445,1.0000000,1,1,0.49324550000000000,0.493245500000,1.01360149184955,1.01360149184955,1.01360149184955,0E-17,ELIGIBLE,R03b_20260811_FULL_v1,L1_ELIGIBILITY,v2026-08-11,2026-03-21..2026-08-06,baccarat_bet02_101_all_pairs_incl_sentinel,round_win = game_pnl > 0 (decisive only),COMPATIBILITY_ONLY_NOT_PRODUCTION,21006.2458,18687.5319,-61.6222,1247,1247,0.00293352,-0.13859161,0.00938335,0.00293352,61.6222,21006.2458,OK,0.0000,-2.4649,4.0000,96.0000,AG03-UNRESOLVED,ALL5_LEVELS_bet23_to_bet27,-2.4649,-2.4649,-2.4649,-4.3136,-4.3136,4.000000,4.000000,4.000000,7.000000,7.000000,96.000000,96.000000,96.000000,93.000000,93.000000,5.0,-16.0218,-14.4684,-45.6004,-47.1538,PENDING_AG03,FALSE,NOT_FOR_ENFORCEMENT,-59.1573,17940.0307,-61.6222,-59.1573,-2.4649,-0.00293352,-0.00281618,-2.4649,-59.1573,-0.00281618,-2.4649,-2.4649,-2.4649,-4.3136,-4.3136,-59.1573,-0.00281618,-16.0218,-14.4684,-45.6004,-47.1538,-0.00217080,-0.00224475,-0.00011734,16.8454,14.9860,-0.0494,-0.6419,-0.0525,218.8151,12.9896,13.0801,17.0694,10.3857,11.0045,21.0062,31.5093,42.0124,42.1647,10.5412,0.0,3.81775,3.831594,1.530778,30,171,130,2,0.04358735,-0.00293352,0.13859161,0E-8,0.000000,0.889618,0.000000,-0.14797496,2026-03-22,2026-08-05,96,1173,774,137,0.700730,0.766291,0.776478,0.145291,,,,,,,,GLOBAL_BASELINE_NO_ENTITY_RANKING,,,NOT_APPLICABLE_GLOBAL_BASELINE,HF9g-P5,,,,X 全窗基线 · 不参与实体赏罚,3926828,393,A168_HF9F_20260827_0900,2026-08-27 09:00:00
2026-04-16,91797317,583,0,21.0823688150,-21.0823688150,-21.0823688150,0E-7,1,1,0.49324550000000000,0.493245500000,-0.9865810262130424,-0.9865810262130424,-0.9865810262130424,0E-17,ELIGIBLE,R03b_20260811_FULL_v1,L1_ELIGIBILITY,v2026-08-11,2026-03-21..2026-08-06,baccarat_bet02_101_all_pairs_incl_sentinel,round_win = game_pnl > 0 (decisive only),COMPATIBILITY_ONLY_NOT_PRODUCTION,21006.2458,18687.5319,-61.6222,1247,1247,0.00293352,-0.13859161,0.00938335,0.00293352,61.6222,21006.2458,OK,0.0000,-2.4649,4.0000,96.0000,AG03-UNRESOLVED,ALL5_LEVELS_bet23_to_bet27,-2.4649,-2.4649,-2.4649,-4.3136,-4.3136,4.000000,4.000000,4.000000,7.000000,7.000000,96.000000,96.000000,96.000000,93.000000,93.000000,5.0,-16.0218,-14.4684,-45.6004,-47.1538,PENDING_AG03,FALSE,NOT_FOR_ENFORCEMENT,-59.1573,17940.0307,-61.6222,-59.1573,-2.4649,-0.00293352,-0.00281618,-2.4649,-59.1573,-0.00281618,-2.4649,-2.4649,-2.4649,-4.3136,-4.3136,-59.1573,-0.00281618,-16.0218,-14.4684,-45.6004,-47.1538,-0.00217080,-0.00224475,-0.00011734,16.8454,14.9860,-0.0494,-0.6419,-0.0525,218.8151,12.9896,13.0801,17.0694,10.3857,11.0045,21.0062,31.5093,42.0124,42.1647,10.5412,0.0,3.81775,3.831594,1.530778,30,171,130,2,0.04358735,-0.00293352,0.13859161,0E-8,0.000000,0.889618,0.000000,-0.14797496,2026-03-22,2026-08-05,96,1173,774,137,0.700730,0.766291,0.776478,0.145291,,,,,,,,GLOBAL_BASELINE_NO_ENTITY_RANKING,,,NOT_APPLICABLE_GLOBAL_BASELINE,HF9g-P5,,,,X 全窗基线 · 不参与实体赏罚,3926829,393,A168_HF9F_20260827_0900,2026-08-27 09:00:00
2026-04-16,91797317,986,0,6.3247106445,6.3247106445,6.3247106445,1.0000000,1,1,0.49324550000000000,0.493245500000,1.01360149184955,1.01360149184955,1.01360149184955,0E-17,ELIGIBLE,R03b_20260811_FULL_v1,L1_ELIGIBILITY,v2026-08-11,2026-03-21..2026-08-06,baccarat_bet02_101_all_pairs_incl_sentinel,round_win = game_pnl > 0 (decisive only),COMPATIBILITY_ONLY_NOT_PRODUCTION,21006.2458,18687.5319,-61.6222,1247,1247,0.00293352,-0.13859161,0.00938335,0.00293352,61.6222,21006.2458,OK,0.0000,-2.4649,4.0000,96.0000,AG03-UNRESOLVED,ALL5_LEVELS_bet23_to_bet27,-2.4649,-2.4649,-2.4649,-4.3136,-4.3136,4.000000,4.000000,4.000000,7.000000,7.000000,96.000000,96.000000,96.000000,93.000000,93.000000,5.0,-16.0218,-14.4684,-45.6004,-47.1538,PENDING_AG03,FALSE,NOT_FOR_ENFORCEMENT,-59.1573,17940.0307,-61.6222,-59.1573,-2.4649,-0.00293352,-0.00281618,-2.4649,-59.1573,-0.00281618,-2.4649,-2.4649,-2.4649,-4.3136,-4.3136,-59.1573,-0.00281618,-16.0218,-14.4684,-45.6004,-47.1538,-0.00217080,-0.00224475,-0.00011734,16.8454,14.9860,-0.0494,-0.6419,-0.0525,218.8151,12.9896,13.0801,17.0694,10.3857,11.0045,21.0062,31.5093,42.0124,42.1647,10.5412,0.0,3.81775,3.831594,1.530778,30,171,130,2,0.04358735,-0.00293352,0.13859161,0E-8,0.000000,0.889618,0.000000,-0.14797496,2026-03-22,2026-08-05,96,1173,774,137,0.700730,0.766291,0.776478,0.145291,,,,,,,,GLOBAL_BASELINE_NO_ENTITY_RANKING,,,NOT_APPLICABLE_GLOBAL_BASELINE,HF9g-P5,,,,X 全窗基线 · 不参与实体赏罚,3926830,393,A168_HF9F_20260827_0900,2026-08-27 09:00:00
2026-04-17,91797317,-1,1,147.5765817050,42.1647376300,42.1647376300,0.6666667,9,9,0.49324550000000000,0.493245500000,1.0406219574860578,1.0406219574860578,1.0406219574860578,0E-17,SENTINEL_DEALER,R03b_20260811_FULL_v1,L1_ELIGIBILITY,v2026-08-11,2026-03-21..2026-08-06,baccarat_bet02_101_all_pairs_incl_sentinel,round_win = game_pnl > 0 (decisive only),COMPATIBILITY_ONLY_NOT_PRODUCTION,21006.2458,18687.5319,-61.6222,1247,1247,0.00293352,-0.13859161,0.00938335,0.00293352,61.6222,21006.2458,OK,0.0000,-2.4649,4.0000,96.0000,AG03-UNRESOLVED,ALL5_LEVELS_bet23_to_bet27,-2.4649,-2.4649,-2.4649,-4.3136,-4.3136,4.000000,4.000000,4.000000,7.000000,7.000000,96.000000,96.000000,96.000000,93.000000,93.000000,5.0,-16.0218,-14.4684,-45.6004,-47.1538,PENDING_AG03,FALSE,NOT_FOR_ENFORCEMENT,-59.1573,17940.0307,-61.6222,-59.1573,-2.4649,-0.00293352,-0.00281618,-2.4649,-59.1573,-0.00281618,-2.4649,-2.4649,-2.4649,-4.3136,-4.3136,-59.1573,-0.00281618,-16.0218,-14.4684,-45.6004,-47.1538,-0.00217080,-0.00224475,-0.00011734,16.8454,14.9860,-0.0494,-0.6419,-0.0525,218.8151,12.9896,13.0801,17.0694,10.3857,11.0045,21.0062,31.5093,42.0124,42.1647,10.5412,0.0,3.81775,3.831594,1.530778,30,171,130,2,0.04358735,-0.00293352,0.13859161,0E-8,0.000000,0.889618,0.000000,-0.14797496,2026-03-22,2026-08-05,96,1173,774,137,0.700730,0.766291,0.776478,0.145291,,,,,,,,GLOBAL_BASELINE_NO_ENTITY_RANKING,,,NOT_APPLICABLE_GLOBAL_BASELINE,HF9g-P5,,,,X 全窗基线 · 不参与实体赏罚,3926831,393,A168_HF9F_20260827_0900,2026-08-27 09:00:00
2026-04-17,91797317,1210,0,10.5411844075,10.5411844075,10.5411844075,1.0000000,1,1,0.49324550000000000,0.493245500000,1.01360149184955,1.01360149184955,1.01360149184955,0E-17,ELIGIBLE,R03b_20260811_FULL_v1,L1_ELIGIBILITY,v2026-08-11,2026-03-21..2026-08-06,baccarat_bet02_101_all_pairs_incl_sentinel,round_win = game_pnl > 0 (decisive only),COMPATIBILITY_ONLY_NOT_PRODUCTION,21006.2458,18687.5319,-61.6222,1247,1247,0.00293352,-0.13859161,0.00938335,0.00293352,61.6222,21006.2458,OK,0.0000,-2.4649,4.0000,96.0000,AG03-UNRESOLVED,ALL5_LEVELS_bet23_to_bet27,-2.4649,-2.4649,-2.4649,-4.3136,-4.3136,4.000000,4.000000,4.000000,7.000000,7.000000,96.000000,96.000000,96.000000,93.000000,93.000000,5.0,-16.0218,-14.4684,-45.6004,-47.1538,PENDING_AG03,FALSE,NOT_FOR_ENFORCEMENT,-59.1573,17940.0307,-61.6222,-59.1573,-2.4649,-0.00293352,-0.00281618,-2.4649,-59.1573,-0.00281618,-2.4649,-2.4649,-2.4649,-4.3136,-4.3136,-59.1573,-0.00281618,-16.0218,-14.4684,-45.6004,-47.1538,-0.00217080,-0.00224475,-0.00011734,16.8454,14.9860,-0.0494,-0.6419,-0.0525,218.8151,12.9896,13.0801,17.0694,10.3857,11.0045,21.0062,31.5093,42.0124,42.1647,10.5412,0.0,3.81775,3.831594,1.530778,30,171,130,2,0.04358735,-0.00293352,0.13859161,0E-8,0.000000,0.889618,0.000000,-0.14797496,2026-03-22,2026-08-05,96,1173,774,137,0.700730,0.766291,0.776478,0.145291,,,,,,,,GLOBAL_BASELINE_NO_ENTITY_RANKING,,,NOT_APPLICABLE_GLOBAL_BASELINE,HF9g-P5,,,,X 全窗基线 · 不参与实体赏罚,3926832,393,A168_HF9F_20260827_0900,2026-08-27 09:00:00
2026-04-17,91797317,1307,0,10.5411844075,10.5411844075,10.5411844075,1.0000000,1,1,0.49324550000000000,0.493245500000,1.01360149184955,1.01360149184955,1.01360149184955,0E-17,ELIGIBLE,R03b_20260811_FULL_v1,L1_ELIGIBILITY,v2026-08-11,2026-03-21..2026-08-06,baccarat_bet02_101_all_pairs_incl_sentinel,round_win = game_pnl > 0 (decisive only),COMPATIBILITY_ONLY_NOT_PRODUCTION,21006.2458,18687.5319,-61.6222,1247,1247,0.00293352,-0.13859161,0.00938335,0.00293352,61.6222,21006.2458,OK,0.0000,-2.4649,4.0000,96.0000,AG03-UNRESOLVED,ALL5_LEVELS_bet23_to_bet27,-2.4649,-2.4649,-2.4649,-4.3136,-4.3136,4.000000,4.000000,4.000000,7.000000,7.000000,96.000000,96.000000,96.000000,93.000000,93.000000,5.0,-16.0218,-14.4684,-45.6004,-47.1538,PENDING_AG03,FALSE,NOT_FOR_ENFORCEMENT,-59.1573,17940.0307,-61.6222,-59.1573,-2.4649,-0.00293352,-0.00281618,-2.4649,-59.1573,-0.00281618,-2.4649,-2.4649,-2.4649,-4.3136,-4.3136,-59.1573,-0.00281618,-16.0218,-14.4684,-45.6004,-47.1538,-0.00217080,-0.00224475,-0.00011734,16.8454,14.9860,-0.0494,-0.6419,-0.0525,218.8151,12.9896,13.0801,17.0694,10.3857,11.0045,21.0062,31.5093,42.0124,42.1647,10.5412,0.0,3.81775,3.831594,1.530778,30,171,130,2,0.04358735,-0.00293352,0.13859161,0E-8,0.000000,0.889618,0.000000,-0.14797496,2026-03-22,2026-08-05,96,1173,774,137,0.700730,0.766291,0.776478,0.145291,,,,,,,,GLOBAL_BASELINE_NO_ENTITY_RANKING,,,NOT_APPLICABLE_GLOBAL_BASELINE,HF9g-P5,,,,X 全窗基线 · 不参与实体赏罚,3926833,393,A168_HF9F_20260827_0900,2026-08-27 09:00:00
2026-04-17,91797317,1363,0,6.3247106445,6.3247106445,6.3247106445,1.0000000,1,1,0.49324550000000000,0.493245500000,1.01360149184955,1.01360149184955,1.01360149184955,0E-17,ELIGIBLE,R03b_20260811_FULL_v1,L1_ELIGIBILITY,v2026-08-11,2026-03-21..2026-08-06,baccarat_bet02_101_all_pairs_incl_sentinel,round_win = game_pnl > 0 (decisive only),COMPATIBILITY_ONLY_NOT_PRODUCTION,21006.2458,18687.5319,-61.6222,1247,1247,0.00293352,-0.13859161,0.00938335,0.00293352,61.6222,21006.2458,OK,0.0000,-2.4649,4.0000,96.0000,AG03-UNRESOLVED,ALL5_LEVELS_bet23_to_bet27,-2.4649,-2.4649,-2.4649,-4.3136,-4.3136,4.000000,4.000000,4.000000,7.000000,7.000000,96.000000,96.000000,96.000000,93.000000,93.000000,5.0,-16.0218,-14.4684,-45.6004,-47.1538,PENDING_AG03,FALSE,NOT_FOR_ENFORCEMENT,-59.1573,17940.0307,-61.6222,-59.1573,-2.4649,-0.00293352,-0.00281618,-2.4649,-59.1573,-0.00281618,-2.4649,-2.4649,-2.4649,-4.3136,-4.3136,-59.1573,-0.00281618,-16.0218,-14.4684,-45.6004,-47.1538,-0.00217080,-0.00224475,-0.00011734,16.8454,14.9860,-0.0494,-0.6419,-0.0525,218.8151,12.9896,13.0801,17.0694,10.3857,11.0045,21.0062,31.5093,42.0124,42.1647,10.5412,0.0,3.81775,3.831594,1.530778,30,171,130,2,0.04358735,-0.00293352,0.13859161,0E-8,0.000000,0.889618,0.000000,-0.14797496,2026-03-22,2026-08-05,96,1173,774,137,0.700730,0.766291,0.776478,0.145291,,,,,,,,GLOBAL_BASELINE_NO_ENTITY_RANKING,,,NOT_APPLICABLE_GLOBAL_BASELINE,HF9g-P5,,,,X 全窗基线 · 不参与实体赏罚,3926834,393,A168_HF9F_20260827_0900,2026-08-27 09:00:00
2026-04-17,91797317,1382,0,10.5411844075,-10.5411844075,-10.5411844075,0E-7,1,1,0.49324550000000000,0.493245500000,-0.9865810262130424,-0.9865810262130424,-0.9865810262130424,0E-17,ELIGIBLE,R03b_20260811_FULL_v1,L1_ELIGIBILITY,v2026-08-11,2026-03-21..2026-08-06,baccarat_bet02_101_all_pairs_incl_sentinel,round_win = game_pnl > 0 (decisive only),COMPATIBILITY_ONLY_NOT_PRODUCTION,21006.2458,18687.5319,-61.6222,1247,1247,0.00293352,-0.13859161,0.00938335,0.00293352,61.6222,21006.2458,OK,0.0000,-2.4649,4.0000,96.0000,AG03-UNRESOLVED,ALL5_LEVELS_bet23_to_bet27,-2.4649,-2.4649,-2.4649,-4.3136,-4.3136,4.000000,4.000000,4.000000,7.000000,7.000000,96.000000,96.000000,96.000000,93.000000,93.000000,5.0,-16.0218,-14.4684,-45.6004,-47.1538,PENDING_AG03,FALSE,NOT_FOR_ENFORCEMENT,-59.1573,17940.0307,-61.6222,-59.1573,-2.4649,-0.00293352,-0.00281618,-2.4649,-59.1573,-0.00281618,-2.4649,-2.4649,-2.4649,-4.3136,-4.3136,-59.1573,-0.00281618,-16.0218,-14.4684,-45.6004,-47.1538,-0.00217080,-0.00224475,-0.00011734,16.8454,14.9860,-0.0494,-0.6419,-0.0525,218.8151,12.9896,13.0801,17.0694,10.3857,11.0045,21.0062,31.5093,42.0124,42.1647,10.5412,0.0,3.81775,3.831594,1.530778,30,171,130,2,0.04358735,-0.00293352,0.13859161,0E-8,0.000000,0.889618,0.000000,-0.14797496,2026-03-22,2026-08-05,96,1173,774,137,0.700730,0.766291,0.776478,0.145291,,,,,,,,GLOBAL_BASELINE_NO_ENTITY_RANKING,,,NOT_APPLICABLE_GLOBAL_BASELINE,HF9g-P5,,,,X 全窗基线 · 不参与实体赏罚,3926835,393,A168_HF9F_20260827_0900,2026-08-27 09:00:00
2026-04-17,91797317,1384,0,21.0823688150,0E-10,0E-10,,1,1,0.49324550000000000,0.493245500000,,,,0E-17,NO_DECISIVE_ROUND,R03b_20260811_FULL_v1,L1_ELIGIBILITY,v2026-08-11,2026-03-21..2026-08-06,baccarat_bet02_101_all_pairs_incl_sentinel,round_win = game_pnl > 0 (decisive only),COMPATIBILITY_ONLY_NOT_PRODUCTION,21006.2458,18687.5319,-61.6222,1247,1247,0.00293352,-0.13859161,0.00938335,0.00293352,61.6222,21006.2458,OK,0.0000,-2.4649,4.0000,96.0000,AG03-UNRESOLVED,ALL5_LEVELS_bet23_to_bet27,-2.4649,-2.4649,-2.4649,-4.3136,-4.3136,4.000000,4.000000,4.000000,7.000000,7.000000,96.000000,96.000000,96.000000,93.000000,93.000000,5.0,-16.0218,-14.4684,-45.6004,-47.1538,PENDING_AG03,FALSE,NOT_FOR_ENFORCEMENT,-59.1573,17940.0307,-61.6222,-59.1573,-2.4649,-0.00293352,-0.00281618,-2.4649,-59.1573,-0.00281618,-2.4649,-2.4649,-2.4649,-4.3136,-4.3136,-59.1573,-0.00281618,-16.0218,-14.4684,-45.6004,-47.1538,-0.00217080,-0.00224475,-0.00011734,16.8454,14.9860,-0.0494,-0.6419,-0.0525,218.8151,12.9896,13.0801,17.0694,10.3857,11.0045,21.0062,31.5093,42.0124,42.1647,10.5412,0.0,3.81775,3.831594,1.530778,30,171,130,2,0.04358735,-0.00293352,0.13859161,0E-8,0.000000,0.889618,0.000000,-0.14797496,2026-03-22,2026-08-05,96,1173,774,137,0.700730,0.766291,0.776478,0.145291,,,,,,,,GLOBAL_BASELINE_NO_ENTITY_RANKING,,,NOT_APPLICABLE_GLOBAL_BASELINE,HF9g-P5,,,,X 全窗基线 · 不参与实体赏罚,3926836,393,A168_HF9F_20260827_0900,2026-08-27 09:00:00
2026-04-17,91797317,1399,0,42.1647376299,-42.1647376299,-42.1647376299,0E-7,1,1,0.49324550000000000,0.493245500000,-0.9865810262130424,-0.9865810262130424,-0.9865810262130424,0E-17,ELIGIBLE,R03b_20260811_FULL_v1,L1_ELIGIBILITY,v2026-08-11,2026-03-21..2026-08-06,baccarat_bet02_101_all_pairs_incl_sentinel,round_win = game_pnl > 0 (decisive only),COMPATIBILITY_ONLY_NOT_PRODUCTION,21006.2458,18687.5319,-61.6222,1247,1247,0.00293352,-0.13859161,0.00938335,0.00293352,61.6222,21006.2458,OK,0.0000,-2.4649,4.0000,96.0000,AG03-UNRESOLVED,ALL5_LEVELS_bet23_to_bet27,-2.4649,-2.4649,-2.4649,-4.3136,-4.3136,4.000000,4.000000,4.000000,7.000000,7.000000,96.000000,96.000000,96.000000,93.000000,93.000000,5.0,-16.0218,-14.4684,-45.6004,-47.1538,PENDING_AG03,FALSE,NOT_FOR_ENFORCEMENT,-59.1573,17940.0307,-61.6222,-59.1573,-2.4649,-0.00293352,-0.00281618,-2.4649,-59.1573,-0.00281618,-2.4649,-2.4649,-2.4649,-4.3136,-4.3136,-59.1573,-0.00281618,-16.0218,-14.4684,-45.6004,-47.1538,-0.00217080,-0.00224475,-0.00011734,16.8454,14.9860,-0.0494,-0.6419,-0.0525,218.8151,12.9896,13.0801,17.0694,10.3857,11.0045,21.0062,31.5093,42.0124,42.1647,10.5412,0.0,3.81775,3.831594,1.530778,30,171,130,2,0.04358735,-0.00293352,0.13859161,0E-8,0.000000,0.889618,0.000000,-0.14797496,2026-03-22,2026-08-05,96,1173,774,137,0.700730,0.766291,0.776478,0.145291,,,,,,,,GLOBAL_BASELINE_NO_ENTITY_RANKING,,,NOT_APPLICABLE_GLOBAL_BASELINE,HF9g-P5,,,,X 全窗基线 · 不参与实体赏罚,3926837,393,A168_HF9F_20260827_0900,2026-08-27 09:00:00
2026-04-17,91797317,1400,0,21.0823688150,0E-10,0E-10,0.5000000,2,2,0.49324550000000000,0.493245500000,0.01910635448239258,0.01910635448239258,0.01910635448239258,0E-17,ELIGIBLE,R03b_20260811_FULL_v1,L1_ELIGIBILITY,v2026-08-11,2026-03-21..2026-08-06,baccarat_bet02_101_all_pairs_incl_sentinel,round_win = game_pnl > 0 (decisive only),COMPATIBILITY_ONLY_NOT_PRODUCTION,21006.2458,18687.5319,-61.6222,1247,1247,0.00293352,-0.13859161,0.00938335,0.00293352,61.6222,21006.2458,OK,0.0000,-2.4649,4.0000,96.0000,AG03-UNRESOLVED,ALL5_LEVELS_bet23_to_bet27,-2.4649,-2.4649,-2.4649,-4.3136,-4.3136,4.000000,4.000000,4.000000,7.000000,7.000000,96.000000,96.000000,96.000000,93.000000,93.000000,5.0,-16.0218,-14.4684,-45.6004,-47.1538,PENDING_AG03,FALSE,NOT_FOR_ENFORCEMENT,-59.1573,17940.0307,-61.6222,-59.1573,-2.4649,-0.00293352,-0.00281618,-2.4649,-59.1573,-0.00281618,-2.4649,-2.4649,-2.4649,-4.3136,-4.3136,-59.1573,-0.00281618,-16.0218,-14.4684,-45.6004,-47.1538,-0.00217080,-0.00224475,-0.00011734,16.8454,14.9860,-0.0494,-0.6419,-0.0525,218.8151,12.9896,13.0801,17.0694,10.3857,11.0045,21.0062,31.5093,42.0124,42.1647,10.5412,0.0,3.81775,3.831594,1.530778,30,171,130,2,0.04358735,-0.00293352,0.13859161,0E-8,0.000000,0.889618,0.000000,-0.14797496,2026-03-22,2026-08-05,96,1173,774,137,0.700730,0.766291,0.776478,0.145291,,,,,,,,GLOBAL_BASELINE_NO_ENTITY_RANKING,,,NOT_APPLICABLE_GLOBAL_BASELINE,HF9g-P5,,,,X 全窗基线 · 不参与实体赏罚,3926838,393,A168_HF9F_20260827_0900,2026-08-27 09:00:00
2026-04-17,91797317,1490,0,10.5411844075,0E-10,0E-10,,1,1,0.49324550000000000,0.493245500000,,,,0E-17,NO_DECISIVE_ROUND,R03b_20260811_FULL_v1,L1_ELIGIBILITY,v2026-08-11,2026-03-21..2026-08-06,baccarat_bet02_101_all_pairs_incl_sentinel,round_win = game_pnl > 0 (decisive only),COMPATIBILITY_ONLY_NOT_PRODUCTION,21006.2458,18687.5319,-61.6222,1247,1247,0.00293352,-0.13859161,0.00938335,0.00293352,61.6222,21006.2458,OK,0.0000,-2.4649,4.0000,96.0000,AG03-UNRESOLVED,ALL5_LEVELS_bet23_to_bet27,-2.4649,-2.4649,-2.4649,-4.3136,-4.3136,4.000000,4.000000,4.000000,7.000000,7.000000,96.000000,96.000000,96.000000,93.000000,93.000000,5.0,-16.0218,-14.4684,-45.6004,-47.1538,PENDING_AG03,FALSE,NOT_FOR_ENFORCEMENT,-59.1573,17940.0307,-61.6222,-59.1573,-2.4649,-0.00293352,-0.00281618,-2.4649,-59.1573,-0.00281618,-2.4649,-2.4649,-2.4649,-4.3136,-4.3136,-59.1573,-0.00281618,-16.0218,-14.4684,-45.6004,-47.1538,-0.00217080,-0.00224475,-0.00011734,16.8454,14.9860,-0.0494,-0.6419,-0.0525,218.8151,12.9896,13.0801,17.0694,10.3857,11.0045,21.0062,31.5093,42.0124,42.1647,10.5412,0.0,3.81775,3.831594,1.530778,30,171,130,2,0.04358735,-0.00293352,0.13859161,0E-8,0.000000,0.889618,0.000000,-0.14797496,2026-03-22,2026-08-05,96,1173,774,137,0.700730,0.766291,0.776478,0.145291,,,,,,,,GLOBAL_BASELINE_NO_ENTITY_RANKING,,,NOT_APPLICABLE_GLOBAL_BASELINE,HF9g-P5,,,,X 全窗基线 · 不参与实体赏罚,3926839,393,A168_HF9F_20260827_0900,2026-08-27 09:00:00
2026-04-17,91797317,1646,0,6.3247106445,6.3247106445,6.3247106445,1.0000000,1,1,0.49324550000000000,0.493245500000,1.01360149184955,1.01360149184955,1.01360149184955,0E-17,ELIGIBLE,R03b_20260811_FULL_v1,L1_ELIGIBILITY,v2026-08-11,2026-03-21..2026-08-06,baccarat_bet02_101_all_pairs_incl_sentinel,round_win = game_pnl > 0 (decisive only),COMPATIBILITY_ONLY_NOT_PRODUCTION,21006.2458,18687.5319,-61.6222,1247,1247,0.00293352,-0.13859161,0.00938335,0.00293352,61.6222,21006.2458,OK,0.0000,-2.4649,4.0000,96.0000,AG03-UNRESOLVED,ALL5_LEVELS_bet23_to_bet27,-2.4649,-2.4649,-2.4649,-4.3136,-4.3136,4.000000,4.000000,4.000000,7.000000,7.000000,96.000000,96.000000,96.000000,93.000000,93.000000,5.0,-16.0218,-14.4684,-45.6004,-47.1538,PENDING_AG03,FALSE,NOT_FOR_ENFORCEMENT,-59.1573,17940.0307,-61.6222,-59.1573,-2.4649,-0.00293352,-0.00281618,-2.4649,-59.1573,-0.00281618,-2.4649,-2.4649,-2.4649,-4.3136,-4.3136,-59.1573,-0.00281618,-16.0218,-14.4684,-45.6004,-47.1538,-0.00217080,-0.00224475,-0.00011734,16.8454,14.9860,-0.0494,-0.6419,-0.0525,218.8151,12.9896,13.0801,17.0694,10.3857,11.0045,21.0062,31.5093,42.0124,42.1647,10.5412,0.0,3.81775,3.831594,1.530778,30,171,130,2,0.04358735,-0.00293352,0.13859161,0E-8,0.000000,0.889618,0.000000,-0.14797496,2026-03-22,2026-08-05,96,1173,774,137,0.700730,0.766291,0.776478,0.145291,,,,,,,,GLOBAL_BASELINE_NO_ENTITY_RANKING,,,NOT_APPLICABLE_GLOBAL_BASELINE,HF9g-P5,,,,X 全窗基线 · 不参与实体赏罚,3926840,393,A168_HF9F_20260827_0900,2026-08-27 09:00:00
2026-04-17,91797317,1957,0,10.5411844075,10.5411844075,10.5411844075,1.0000000,1,1,0.49324550000000000,0.493245500000,1.01360149184955,1.01360149184955,1.01360149184955,0E-17,ELIGIBLE,R03b_20260811_FULL_v1,L1_ELIGIBILITY,v2026-08-11,2026-03-21..2026-08-06,baccarat_bet02_101_all_pairs_incl_sentinel,round_win = game_pnl > 0 (decisive only),COMPATIBILITY_ONLY_NOT_PRODUCTION,21006.2458,18687.5319,-61.6222,1247,1247,0.00293352,-0.13859161,0.00938335,0.00293352,61.6222,21006.2458,OK,0.0000,-2.4649,4.0000,96.0000,AG03-UNRESOLVED,ALL5_LEVELS_bet23_to_bet27,-2.4649,-2.4649,-2.4649,-4.3136,-4.3136,4.000000,4.000000,4.000000,7.000000,7.000000,96.000000,96.000000,96.000000,93.000000,93.000000,5.0,-16.0218,-14.4684,-45.6004,-47.1538,PENDING_AG03,FALSE,NOT_FOR_ENFORCEMENT,-59.1573,17940.0307,-61.6222,-59.1573,-2.4649,-0.00293352,-0.00281618,-2.4649,-59.1573,-0.00281618,-2.4649,-2.4649,-2.4649,-4.3136,-4.3136,-59.1573,-0.00281618,-16.0218,-14.4684,-45.6004,-47.1538,-0.00217080,-0.00224475,-0.00011734,16.8454,14.9860,-0.0494,-0.6419,-0.0525,218.8151,12.9896,13.0801,17.0694,10.3857,11.0045,21.0062,31.5093,42.0124,42.1647,10.5412,0.0,3.81775,3.831594,1.530778,30,171,130,2,0.04358735,-0.00293352,0.13859161,0E-8,0.000000,0.889618,0.000000,-0.14797496,2026-03-22,2026-08-05,96,1173,774,137,0.700730,0.766291,0.776478,0.145291,,,,,,,,GLOBAL_BASELINE_NO_ENTITY_RANKING,,,NOT_APPLICABLE_GLOBAL_BASELINE,HF9g-P5,,,,X 全窗基线 · 不参与实体赏罚,3926841,393,A168_HF9F_20260827_0900,2026-08-27 09:00:00
2026-04-17,91797317,1994,0,10.5411844075,-10.5411844075,-10.5411844075,0E-7,1,1,0.49324550000000000,0.493245500000,-0.9865810262130424,-0.9865810262130424,-0.9865810262130424,0E-17,ELIGIBLE,R03b_20260811_FULL_v1,L1_ELIGIBILITY,v2026-08-11,2026-03-21..2026-08-06,baccarat_bet02_101_all_pairs_incl_sentinel,round_win = game_pnl > 0 (decisive only),COMPATIBILITY_ONLY_NOT_PRODUCTION,21006.2458,18687.5319,-61.6222,1247,1247,0.00293352,-0.13859161,0.00938335,0.00293352,61.6222,21006.2458,OK,0.0000,-2.4649,4.0000,96.0000,AG03-UNRESOLVED,ALL5_LEVELS_bet23_to_bet27,-2.4649,-2.4649,-2.4649,-4.3136,-4.3136,4.000000,4.000000,4.000000,7.000000,7.000000,96.000000,96.000000,96.000000,93.000000,93.000000,5.0,-16.0218,-14.4684,-45.6004,-47.1538,PENDING_AG03,FALSE,NOT_FOR_ENFORCEMENT,-59.1573,17940.0307,-61.6222,-59.1573,-2.4649,-0.00293352,-0.00281618,-2.4649,-59.1573,-0.00281618,-2.4649,-2.4649,-2.4649,-4.3136,-4.3136,-59.1573,-0.00281618,-16.0218,-14.4684,-45.6004,-47.1538,-0.00217080,-0.00224475,-0.00011734,16.8454,14.9860,-0.0494,-0.6419,-0.0525,218.8151,12.9896,13.0801,17.0694,10.3857,11.0045,21.0062,31.5093,42.0124,42.1647,10.5412,0.0,3.81775,3.831594,1.530778,30,171,130,2,0.04358735,-0.00293352,0.13859161,0E-8,0.000000,0.889618,0.000000,-0.14797496,2026-03-22,2026-08-05,96,1173,774,137,0.700730,0.766291,0.776478,0.145291,,,,,,,,GLOBAL_BASELINE_NO_ENTITY_RANKING,,,NOT_APPLICABLE_GLOBAL_BASELINE,HF9g-P5,,,,X 全窗基线 · 不参与实体赏罚,3926842,393,A168_HF9F_20260827_0900,2026-08-27 09:00:00
2026-04-17,91797317,2152,0,10.5411844075,-10.5411844075,-10.5411844075,0E-7,1,1,0.49324550000000000,0.493245500000,-0.9865810262130424,-0.9865810262130424,-0.9865810262130424,0E-17,ELIGIBLE,R03b_20260811_FULL_v1,L1_ELIGIBILITY,v2026-08-11,2026-03-21..2026-08-06,baccarat_bet02_101_all_pairs_incl_sentinel,round_win = game_pnl > 0 (decisive only),COMPATIBILITY_ONLY_NOT_PRODUCTION,21006.2458,18687.5319,-61.6222,1247,1247,0.00293352,-0.13859161,0.00938335,0.00293352,61.6222,21006.2458,OK,0.0000,-2.4649,4.0000,96.0000,AG03-UNRESOLVED,ALL5_LEVELS_bet23_to_bet27,-2.4649,-2.4649,-2.4649,-4.3136,-4.3136,4.000000,4.000000,4.000000,7.000000,7.000000,96.000000,96.000000,96.000000,93.000000,93.000000,5.0,-16.0218,-14.4684,-45.6004,-47.1538,PENDING_AG03,FALSE,NOT_FOR_ENFORCEMENT,-59.1573,17940.0307,-61.6222,-59.1573,-2.4649,-0.00293352,-0.00281618,-2.4649,-59.1573,-0.00281618,-2.4649,-2.4649,-2.4649,-4.3136,-4.3136,-59.1573,-0.00281618,-16.0218,-14.4684,-45.6004,-47.1538,-0.00217080,-0.00224475,-0.00011734,16.8454,14.9860,-0.0494,-0.6419,-0.0525,218.8151,12.9896,13.0801,17.0694,10.3857,11.0045,21.0062,31.5093,42.0124,42.1647,10.5412,0.0,3.81775,3.831594,1.530778,30,171,130,2,0.04358735,-0.00293352,0.13859161,0E-8,0.000000,0.889618,0.000000,-0.14797496,2026-03-22,2026-08-05,96,1173,774,137,0.700730,0.766291,0.776478,0.145291,,,,,,,,GLOBAL_BASELINE_NO_ENTITY_RANKING,,,NOT_APPLICABLE_GLOBAL_BASELINE,HF9g-P5,,,,X 全窗基线 · 不参与实体赏罚,3926843,393,A168_HF9F_20260827_0900,2026-08-27 09:00:00
2026-04-17,91797317,2156,0,10.5411844075,10.5411844075,10.5411844075,1.0000000,1,1,0.49324550000000000,0.493245500000,1.01360149184955,1.01360149184955,1.01360149184955,0E-17,ELIGIBLE,R03b_20260811_FULL_v1,L1_ELIGIBILITY,v2026-08-11,2026-03-21..2026-08-06,baccarat_bet02_101_all_pairs_incl_sentinel,round_win = game_pnl > 0 (decisive only),COMPATIBILITY_ONLY_NOT_PRODUCTION,21006.2458,18687.5319,-61.6222,1247,1247,0.00293352,-0.13859161,0.00938335,0.00293352,61.6222,21006.2458,OK,0.0000,-2.4649,4.0000,96.0000,AG03-UNRESOLVED,ALL5_LEVELS_bet23_to_bet27,-2.4649,-2.4649,-2.4649,-4.3136,-4.3136,4.000000,4.000000,4.000000,7.000000,7.000000,96.000000,96.000000,96.000000,93.000000,93.000000,5.0,-16.0218,-14.4684,-45.6004,-47.1538,PENDING_AG03,FALSE,NOT_FOR_ENFORCEMENT,-59.1573,17940.0307,-61.6222,-59.1573,-2.4649,-0.00293352,-0.00281618,-2.4649,-59.1573,-0.00281618,-2.4649,-2.4649,-2.4649,-4.3136,-4.3136,-59.1573,-0.00281618,-16.0218,-14.4684,-45.6004,-47.1538,-0.00217080,-0.00224475,-0.00011734,16.8454,14.9860,-0.0494,-0.6419,-0.0525,218.8151,12.9896,13.0801,17.0694,10.3857,11.0045,21.0062,31.5093,42.0124,42.1647,10.5412,0.0,3.81775,3.831594,1.530778,30,171,130,2,0.04358735,-0.00293352,0.13859161,0E-8,0.000000,0.889618,0.000000,-0.14797496,2026-03-22,2026-08-05,96,1173,774,137,0.700730,0.766291,0.776478,0.145291,,,,,,,,GLOBAL_BASELINE_NO_ENTITY_RANKING,,,NOT_APPLICABLE_GLOBAL_BASELINE,HF9g-P5,,,,X 全窗基线 · 不参与实体赏罚,3926844,393,A168_HF9F_20260827_0900,2026-08-27 09:00:00
2026-04-17,91797317,2174,0,21.0823688150,0E-10,0E-10,0.5000000,2,2,0.49324550000000000,0.493245500000,0.01910635448239258,0.01910635448239258,0.01910635448239258,0E-17,ELIGIBLE,R03b_20260811_FULL_v1,L1_ELIGIBILITY,v2026-08-11,2026-03-21..2026-08-06,baccarat_bet02_101_all_pairs_incl_sentinel,round_win = game_pnl > 0 (decisive only),COMPATIBILITY_ONLY_NOT_PRODUCTION,21006.2458,18687.5319,-61.6222,1247,1247,0.00293352,-0.13859161,0.00938335,0.00293352,61.6222,21006.2458,OK,0.0000,-2.4649,4.0000,96.0000,AG03-UNRESOLVED,ALL5_LEVELS_bet23_to_bet27,-2.4649,-2.4649,-2.4649,-4.3136,-4.3136,4.000000,4.000000,4.000000,7.000000,7.000000,96.000000,96.000000,96.000000,93.000000,93.000000,5.0,-16.0218,-14.4684,-45.6004,-47.1538,PENDING_AG03,FALSE,NOT_FOR_ENFORCEMENT,-59.1573,17940.0307,-61.6222,-59.1573,-2.4649,-0.00293352,-0.00281618,-2.4649,-59.1573,-0.00281618,-2.4649,-2.4649,-2.4649,-4.3136,-4.3136,-59.1573,-0.00281618,-16.0218,-14.4684,-45.6004,-47.1538,-0.00217080,-0.00224475,-0.00011734,16.8454,14.9860,-0.0494,-0.6419,-0.0525,218.8151,12.9896,13.0801,17.0694,10.3857,11.0045,21.0062,31.5093,42.0124,42.1647,10.5412,0.0,3.81775,3.831594,1.530778,30,171,130,2,0.04358735,-0.00293352,0.13859161,0E-8,0.000000,0.889618,0.000000,-0.14797496,2026-03-22,2026-08-05,96,1173,774,137,0.700730,0.766291,0.776478,0.145291,,,,,,,,GLOBAL_BASELINE_NO_ENTITY_RANKING,,,NOT_APPLICABLE_GLOBAL_BASELINE,HF9g-P5,,,,X 全窗基线 · 不参与实体赏罚,3926845,393,A168_HF9F_20260827_0900,2026-08-27 09:00:00
2026-04-17,91797317,2212,0,6.3247106445,-6.3247106445,-6.3247106445,0E-7,1,1,0.49324550000000000,0.493245500000,-0.9865810262130424,-0.9865810262130424,-0.9865810262130424,0E-17,ELIGIBLE,R03b_20260811_FULL_v1,L1_ELIGIBILITY,v2026-08-11,2026-03-21..2026-08-06,baccarat_bet02_101_all_pairs_incl_sentinel,round_win = game_pnl > 0 (decisive only),COMPATIBILITY_ONLY_NOT_PRODUCTION,21006.2458,18687.5319,-61.6222,1247,1247,0.00293352,-0.13859161,0.00938335,0.00293352,61.6222,21006.2458,OK,0.0000,-2.4649,4.0000,96.0000,AG03-UNRESOLVED,ALL5_LEVELS_bet23_to_bet27,-2.4649,-2.4649,-2.4649,-4.3136,-4.3136,4.000000,4.000000,4.000000,7.000000,7.000000,96.000000,96.000000,96.000000,93.000000,93.000000,5.0,-16.0218,-14.4684,-45.6004,-47.1538,PENDING_AG03,FALSE,NOT_FOR_ENFORCEMENT,-59.1573,17940.0307,-61.6222,-59.1573,-2.4649,-0.00293352,-0.00281618,-2.4649,-59.1573,-0.00281618,-2.4649,-2.4649,-2.4649,-4.3136,-4.3136,-59.1573,-0.00281618,-16.0218,-14.4684,-45.6004,-47.1538,-0.00217080,-0.00224475,-0.00011734,16.8454,14.9860,-0.0494,-0.6419,-0.0525,218.8151,12.9896,13.0801,17.0694,10.3857,11.0045,21.0062,31.5093,42.0124,42.1647,10.5412,0.0,3.81775,3.831594,1.530778,30,171,130,2,0.04358735,-0.00293352,0.13859161,0E-8,0.000000,0.889618,0.000000,-0.14797496,2026-03-22,2026-08-05,96,1173,774,137,0.700730,0.766291,0.776478,0.145291,,,,,,,,GLOBAL_BASELINE_NO_ENTITY_RANKING,,,NOT_APPLICABLE_GLOBAL_BASELINE,HF9g-P5,,,,X 全窗基线 · 不参与实体赏罚,3926846,393,A168_HF9F_20260827_0900,2026-08-27 09:00:00
2026-04-17,91797317,2218,0,21.0823688150,-21.0823688150,-21.0823688150,0E-7,1,1,0.49324550000000000,0.493245500000,-0.9865810262130424,-0.9865810262130424,-0.9865810262130424,0E-17,ELIGIBLE,R03b_20260811_FULL_v1,L1_ELIGIBILITY,v2026-08-11,2026-03-21..2026-08-06,baccarat_bet02_101_all_pairs_incl_sentinel,round_win = game_pnl > 0 (decisive only),COMPATIBILITY_ONLY_NOT_PRODUCTION,21006.2458,18687.5319,-61.6222,1247,1247,0.00293352,-0.13859161,0.00938335,0.00293352,61.6222,21006.2458,OK,0.0000,-2.4649,4.0000,96.0000,AG03-UNRESOLVED,ALL5_LEVELS_bet23_to_bet27,-2.4649,-2.4649,-2.4649,-4.3136,-4.3136,4.000000,4.000000,4.000000,7.000000,7.000000,96.000000,96.000000,96.000000,93.000000,93.000000,5.0,-16.0218,-14.4684,-45.6004,-47.1538,PENDING_AG03,FALSE,NOT_FOR_ENFORCEMENT,-59.1573,17940.0307,-61.6222,-59.1573,-2.4649,-0.00293352,-0.00281618,-2.4649,-59.1573,-0.00281618,-2.4649,-2.4649,-2.4649,-4.3136,-4.3136,-59.1573,-0.00281618,-16.0218,-14.4684,-45.6004,-47.1538,-0.00217080,-0.00224475,-0.00011734,16.8454,14.9860,-0.0494,-0.6419,-0.0525,218.8151,12.9896,13.0801,17.0694,10.3857,11.0045,21.0062,31.5093,42.0124,42.1647,10.5412,0.0,3.81775,3.831594,1.530778,30,171,130,2,0.04358735,-0.00293352,0.13859161,0E-8,0.000000,0.889618,0.000000,-0.14797496,2026-03-22,2026-08-05,96,1173,774,137,0.700730,0.766291,0.776478,0.145291,,,,,,,,GLOBAL_BASELINE_NO_ENTITY_RANKING,,,NOT_APPLICABLE_GLOBAL_BASELINE,HF9g-P5,,,,X 全窗基线 · 不参与实体赏罚,3926847,393,A168_HF9F_20260827_0900,2026-08-27 09:00:00
2026-04-17,91797317,2224,0,21.0823688150,0E-10,0E-10,0.5000000,2,2,0.49324550000000000,0.493245500000,0.01910635448239258,0.01910635448239258,0.01910635448239258,0E-17,ELIGIBLE,R03b_20260811_FULL_v1,L1_ELIGIBILITY,v2026-08-11,2026-03-21..2026-08-06,baccarat_bet02_101_all_pairs_incl_sentinel,round_win = game_pnl > 0 (decisive only),COMPATIBILITY_ONLY_NOT_PRODUCTION,21006.2458,18687.5319,-61.6222,1247,1247,0.00293352,-0.13859161,0.00938335,0.00293352,61.6222,21006.2458,OK,0.0000,-2.4649,4.0000,96.0000,AG03-UNRESOLVED,ALL5_LEVELS_bet23_to_bet27,-2.4649,-2.4649,-2.4649,-4.3136,-4.3136,4.000000,4.000000,4.000000,7.000000,7.000000,96.000000,96.000000,96.000000,93.000000,93.000000,5.0,-16.0218,-14.4684,-45.6004,-47.1538,PENDING_AG03,FALSE,NOT_FOR_ENFORCEMENT,-59.1573,17940.0307,-61.6222,-59.1573,-2.4649,-0.00293352,-0.00281618,-2.4649,-59.1573,-0.00281618,-2.4649,-2.4649,-2.4649,-4.3136,-4.3136,-59.1573,-0.00281618,-16.0218,-14.4684,-45.6004,-47.1538,-0.00217080,-0.00224475,-0.00011734,16.8454,14.9860,-0.0494,-0.6419,-0.0525,218.8151,12.9896,13.0801,17.0694,10.3857,11.0045,21.0062,31.5093,42.0124,42.1647,10.5412,0.0,3.81775,3.831594,1.530778,30,171,130,2,0.04358735,-0.00293352,0.13859161,0E-8,0.000000,0.889618,0.000000,-0.14797496,2026-03-22,2026-08-05,96,1173,774,137,0.700730,0.766291,0.776478,0.145291,,,,,,,,GLOBAL_BASELINE_NO_ENTITY_RANKING,,,NOT_APPLICABLE_GLOBAL_BASELINE,HF9g-P5,,,,X 全窗基线 · 不参与实体赏罚,3926848,393,A168_HF9F_20260827_0900,2026-08-27 09:00:00
2026-04-17,91797317,2229,0,21.0823688150,21.0823688150,21.0823688150,1.0000000,1,1,0.49324550000000000,0.493245500000,1.01360149184955,1.01360149184955,1.01360149184955,0E-17,ELIGIBLE,R03b_20260811_FULL_v1,L1_ELIGIBILITY,v2026-08-11,2026-03-21..2026-08-06,baccarat_bet02_101_all_pairs_incl_sentinel,round_win = game_pnl > 0 (decisive only),COMPATIBILITY_ONLY_NOT_PRODUCTION,21006.2458,18687.5319,-61.6222,1247,1247,0.00293352,-0.13859161,0.00938335,0.00293352,61.6222,21006.2458,OK,0.0000,-2.4649,4.0000,96.0000,AG03-UNRESOLVED,ALL5_LEVELS_bet23_to_bet27,-2.4649,-2.4649,-2.4649,-4.3136,-4.3136,4.000000,4.000000,4.000000,7.000000,7.000000,96.000000,96.000000,96.000000,93.000000,93.000000,5.0,-16.0218,-14.4684,-45.6004,-47.1538,PENDING_AG03,FALSE,NOT_FOR_ENFORCEMENT,-59.1573,17940.0307,-61.6222,-59.1573,-2.4649,-0.00293352,-0.00281618,-2.4649,-59.1573,-0.00281618,-2.4649,-2.4649,-2.4649,-4.3136,-4.3136,-59.1573,-0.00281618,-16.0218,-14.4684,-45.6004,-47.1538,-0.00217080,-0.00224475,-0.00011734,16.8454,14.9860,-0.0494,-0.6419,-0.0525,218.8151,12.9896,13.0801,17.0694,10.3857,11.0045,21.0062,31.5093,42.0124,42.1647,10.5412,0.0,3.81775,3.831594,1.530778,30,171,130,2,0.04358735,-0.00293352,0.13859161,0E-8,0.000000,0.889618,0.000000,-0.14797496,2026-03-22,2026-08-05,96,1173,774,137,0.700730,0.766291,0.776478,0.145291,,,,,,,,GLOBAL_BASELINE_NO_ENTITY_RANKING,,,NOT_APPLICABLE_GLOBAL_BASELINE,HF9g-P5,,,,X 全窗基线 · 不参与实体赏罚,3926849,393,A168_HF9F_20260827_0900,2026-08-27 09:00:00
2026-04-17,91797317,2235,0,10.5411844075,10.5411844075,10.5411844075,1.0000000,1,1,0.49324550000000000,0.493245500000,1.01360149184955,1.01360149184955,1.01360149184955,0E-17,ELIGIBLE,R03b_20260811_FULL_v1,L1_ELIGIBILITY,v2026-08-11,2026-03-21..2026-08-06,baccarat_bet02_101_all_pairs_incl_sentinel,round_win = game_pnl > 0 (decisive only),COMPATIBILITY_ONLY_NOT_PRODUCTION,21006.2458,18687.5319,-61.6222,1247,1247,0.00293352,-0.13859161,0.00938335,0.00293352,61.6222,21006.2458,OK,0.0000,-2.4649,4.0000,96.0000,AG03-UNRESOLVED,ALL5_LEVELS_bet23_to_bet27,-2.4649,-2.4649,-2.4649,-4.3136,-4.3136,4.000000,4.000000,4.000000,7.000000,7.000000,96.000000,96.000000,96.000000,93.000000,93.000000,5.0,-16.0218,-14.4684,-45.6004,-47.1538,PENDING_AG03,FALSE,NOT_FOR_ENFORCEMENT,-59.1573,17940.0307,-61.6222,-59.1573,-2.4649,-0.00293352,-0.00281618,-2.4649,-59.1573,-0.00281618,-2.4649,-2.4649,-2.4649,-4.3136,-4.3136,-59.1573,-0.00281618,-16.0218,-14.4684,-45.6004,-47.1538,-0.00217080,-0.00224475,-0.00011734,16.8454,14.9860,-0.0494,-0.6419,-0.0525,218.8151,12.9896,13.0801,17.0694,10.3857,11.0045,21.0062,31.5093,42.0124,42.1647,10.5412,0.0,3.81775,3.831594,1.530778,30,171,130,2,0.04358735,-0.00293352,0.13859161,0E-8,0.000000,0.889618,0.000000,-0.14797496,2026-03-22,2026-08-05,96,1173,774,137,0.700730,0.766291,0.776478,0.145291,,,,,,,,GLOBAL_BASELINE_NO_ENTITY_RANKING,,,NOT_APPLICABLE_GLOBAL_BASELINE,HF9g-P5,,,,X 全窗基线 · 不参与实体赏罚,3926850,393,A168_HF9F_20260827_0900,2026-08-27 09:00:00
2026-04-17,91797317,2266,0,10.5411844075,10.5411844075,10.5411844075,1.0000000,1,1,0.49324550000000000,0.493245500000,1.01360149184955,1.01360149184955,1.01360149184955,0E-17,ELIGIBLE,R03b_20260811_FULL_v1,L1_ELIGIBILITY,v2026-08-11,2026-03-21..2026-08-06,baccarat_bet02_101_all_pairs_incl_sentinel,round_win = game_pnl > 0 (decisive only),COMPATIBILITY_ONLY_NOT_PRODUCTION,21006.2458,18687.5319,-61.6222,1247,1247,0.00293352,-0.13859161,0.00938335,0.00293352,61.6222,21006.2458,OK,0.0000,-2.4649,4.0000,96.0000,AG03-UNRESOLVED,ALL5_LEVELS_bet23_to_bet27,-2.4649,-2.4649,-2.4649,-4.3136,-4.3136,4.000000,4.000000,4.000000,7.000000,7.000000,96.000000,96.000000,96.000000,93.000000,93.000000,5.0,-16.0218,-14.4684,-45.6004,-47.1538,PENDING_AG03,FALSE,NOT_FOR_ENFORCEMENT,-59.1573,17940.0307,-61.6222,-59.1573,-2.4649,-0.00293352,-0.00281618,-2.4649,-59.1573,-0.00281618,-2.4649,-2.4649,-2.4649,-4.3136,-4.3136,-59.1573,-0.00281618,-16.0218,-14.4684,-45.6004,-47.1538,-0.00217080,-0.00224475,-0.00011734,16.8454,14.9860,-0.0494,-0.6419,-0.0525,218.8151,12.9896,13.0801,17.0694,10.3857,11.0045,21.0062,31.5093,42.0124,42.1647,10.5412,0.0,3.81775,3.831594,1.530778,30,171,130,2,0.04358735,-0.00293352,0.13859161,0E-8,0.000000,0.889618,0.000000,-0.14797496,2026-03-22,2026-08-05,96,1173,774,137,0.700730,0.766291,0.776478,0.145291,,,,,,,,GLOBAL_BASELINE_NO_ENTITY_RANKING,,,NOT_APPLICABLE_GLOBAL_BASELINE,HF9g-P5,,,,X 全窗基线 · 不参与实体赏罚,3926851,393,A168_HF9F_20260827_0900,2026-08-27 09:00:00
2026-04-17,91797317,462,0,10.5411844075,-10.5411844075,-10.5411844075,0E-7,1,1,0.49324550000000000,0.493245500000,-0.9865810262130424,-0.9865810262130424,-0.9865810262130424,0E-17,ELIGIBLE,R03b_20260811_FULL_v1,L1_ELIGIBILITY,v2026-08-11,2026-03-21..2026-08-06,baccarat_bet02_101_all_pairs_incl_sentinel,round_win = game_pnl > 0 (decisive only),COMPATIBILITY_ONLY_NOT_PRODUCTION,21006.2458,18687.5319,-61.6222,1247,1247,0.00293352,-0.13859161,0.00938335,0.00293352,61.6222,21006.2458,OK,0.0000,-2.4649,4.0000,96.0000,AG03-UNRESOLVED,ALL5_LEVELS_bet23_to_bet27,-2.4649,-2.4649,-2.4649,-4.3136,-4.3136,4.000000,4.000000,4.000000,7.000000,7.000000,96.000000,96.000000,96.000000,93.000000,93.000000,5.0,-16.0218,-14.4684,-45.6004,-47.1538,PENDING_AG03,FALSE,NOT_FOR_ENFORCEMENT,-59.1573,17940.0307,-61.6222,-59.1573,-2.4649,-0.00293352,-0.00281618,-2.4649,-59.1573,-0.00281618,-2.4649,-2.4649,-2.4649,-4.3136,-4.3136,-59.1573,-0.00281618,-16.0218,-14.4684,-45.6004,-47.1538,-0.00217080,-0.00224475,-0.00011734,16.8454,14.9860,-0.0494,-0.6419,-0.0525,218.8151,12.9896,13.0801,17.0694,10.3857,11.0045,21.0062,31.5093,42.0124,42.1647,10.5412,0.0,3.81775,3.831594,1.530778,30,171,130,2,0.04358735,-0.00293352,0.13859161,0E-8,0.000000,0.889618,0.000000,-0.14797496,2026-03-22,2026-08-05,96,1173,774,137,0.700730,0.766291,0.776478,0.145291,,,,,,,,GLOBAL_BASELINE_NO_ENTITY_RANKING,,,NOT_APPLICABLE_GLOBAL_BASELINE,HF9g-P5,,,,X 全窗基线 · 不参与实体赏罚,3926852,393,A168_HF9F_20260827_0900,2026-08-27 09:00:00
2026-04-17,91797317,595,0,6.3247106445,6.3247106445,6.3247106445,1.0000000,1,1,0.49324550000000000,0.493245500000,1.01360149184955,1.01360149184955,1.01360149184955,0E-17,ELIGIBLE,R03b_20260811_FULL_v1,L1_ELIGIBILITY,v2026-08-11,2026-03-21..2026-08-06,baccarat_bet02_101_all_pairs_incl_sentinel,round_win = game_pnl > 0 (decisive only),COMPATIBILITY_ONLY_NOT_PRODUCTION,21006.2458,18687.5319,-61.6222,1247,1247,0.00293352,-0.13859161,0.00938335,0.00293352,61.6222,21006.2458,OK,0.0000,-2.4649,4.0000,96.0000,AG03-UNRESOLVED,ALL5_LEVELS_bet23_to_bet27,-2.4649,-2.4649,-2.4649,-4.3136,-4.3136,4.000000,4.000000,4.000000,7.000000,7.000000,96.000000,96.000000,96.000000,93.000000,93.000000,5.0,-16.0218,-14.4684,-45.6004,-47.1538,PENDING_AG03,FALSE,NOT_FOR_ENFORCEMENT,-59.1573,17940.0307,-61.6222,-59.1573,-2.4649,-0.00293352,-0.00281618,-2.4649,-59.1573,-0.00281618,-2.4649,-2.4649,-2.4649,-4.3136,-4.3136,-59.1573,-0.00281618,-16.0218,-14.4684,-45.6004,-47.1538,-0.00217080,-0.00224475,-0.00011734,16.8454,14.9860,-0.0494,-0.6419,-0.0525,218.8151,12.9896,13.0801,17.0694,10.3857,11.0045,21.0062,31.5093,42.0124,42.1647,10.5412,0.0,3.81775,3.831594,1.530778,30,171,130,2,0.04358735,-0.00293352,0.13859161,0E-8,0.000000,0.889618,0.000000,-0.14797496,2026-03-22,2026-08-05,96,1173,774,137,0.700730,0.766291,0.776478,0.145291,,,,,,,,GLOBAL_BASELINE_NO_ENTITY_RANKING,,,NOT_APPLICABLE_GLOBAL_BASELINE,HF9g-P5,,,,X 全窗基线 · 不参与实体赏罚,3926853,393,A168_HF9F_20260827_0900,2026-08-27 09:00:00
2026-04-18,91797317,1384,0,12.6494212890,0E-10,0E-10,0.5000000,2,2,0.49324550000000000,0.493245500000,0.01910635448239258,0.01910635448239258,0.01910635448239258,0E-17,ELIGIBLE,R03b_20260811_FULL_v1,L1_ELIGIBILITY,v2026-08-11,2026-03-21..2026-08-06,baccarat_bet02_101_all_pairs_incl_sentinel,round_win = game_pnl > 0 (decisive only),COMPATIBILITY_ONLY_NOT_PRODUCTION,21006.2458,18687.5319,-61.6222,1247,1247,0.00293352,-0.13859161,0.00938335,0.00293352,61.6222,21006.2458,OK,0.0000,-2.4649,4.0000,96.0000,AG03-UNRESOLVED,ALL5_LEVELS_bet23_to_bet27,-2.4649,-2.4649,-2.4649,-4.3136,-4.3136,4.000000,4.000000,4.000000,7.000000,7.000000,96.000000,96.000000,96.000000,93.000000,93.000000,5.0,-16.0218,-14.4684,-45.6004,-47.1538,PENDING_AG03,FALSE,NOT_FOR_ENFORCEMENT,-59.1573,17940.0307,-61.6222,-59.1573,-2.4649,-0.00293352,-0.00281618,-2.4649,-59.1573,-0.00281618,-2.4649,-2.4649,-2.4649,-4.3136,-4.3136,-59.1573,-0.00281618,-16.0218,-14.4684,-45.6004,-47.1538,-0.00217080,-0.00224475,-0.00011734,16.8454,14.9860,-0.0494,-0.6419,-0.0525,218.8151,12.9896,13.0801,17.0694,10.3857,11.0045,21.0062,31.5093,42.0124,42.1647,10.5412,0.0,3.81775,3.831594,1.530778,30,171,130,2,0.04358735,-0.00293352,0.13859161,0E-8,0.000000,0.889618,0.000000,-0.14797496,2026-03-22,2026-08-05,96,1173,774,137,0.700730,0.766291,0.776478,0.145291,,,,,,,,GLOBAL_BASELINE_NO_ENTITY_RANKING,,,NOT_APPLICABLE_GLOBAL_BASELINE,HF9g-P5,,,,X 全窗基线 · 不参与实体赏罚,3926854,393,A168_HF9F_20260827_0900,2026-08-27 09:00:00
2026-04-18,91797317,1507,0,6.3247106445,6.3247106445,6.3247106445,1.0000000,1,1,0.49324550000000000,0.493245500000,1.01360149184955,1.01360149184955,1.01360149184955,0E-17,ELIGIBLE,R03b_20260811_FULL_v1,L1_ELIGIBILITY,v2026-08-11,2026-03-21..2026-08-06,baccarat_bet02_101_all_pairs_incl_sentinel,round_win = game_pnl > 0 (decisive only),COMPATIBILITY_ONLY_NOT_PRODUCTION,21006.2458,18687.5319,-61.6222,1247,1247,0.00293352,-0.13859161,0.00938335,0.00293352,61.6222,21006.2458,OK,0.0000,-2.4649,4.0000,96.0000,AG03-UNRESOLVED,ALL5_LEVELS_bet23_to_bet27,-2.4649,-2.4649,-2.4649,-4.3136,-4.3136,4.000000,4.000000,4.000000,7.000000,7.000000,96.000000,96.000000,96.000000,93.000000,93.000000,5.0,-16.0218,-14.4684,-45.6004,-47.1538,PENDING_AG03,FALSE,NOT_FOR_ENFORCEMENT,-59.1573,17940.0307,-61.6222,-59.1573,-2.4649,-0.00293352,-0.00281618,-2.4649,-59.1573,-0.00281618,-2.4649,-2.4649,-2.4649,-4.3136,-4.3136,-59.1573,-0.00281618,-16.0218,-14.4684,-45.6004,-47.1538,-0.00217080,-0.00224475,-0.00011734,16.8454,14.9860,-0.0494,-0.6419,-0.0525,218.8151,12.9896,13.0801,17.0694,10.3857,11.0045,21.0062,31.5093,42.0124,42.1647,10.5412,0.0,3.81775,3.831594,1.530778,30,171,130,2,0.04358735,-0.00293352,0.13859161,0E-8,0.000000,0.889618,0.000000,-0.14797496,2026-03-22,2026-08-05,96,1173,774,137,0.700730,0.766291,0.776478,0.145291,,,,,,,,GLOBAL_BASELINE_NO_ENTITY_RANKING,,,NOT_APPLICABLE_GLOBAL_BASELINE,HF9g-P5,,,,X 全窗基线 · 不参与实体赏罚,3926855,393,A168_HF9F_20260827_0900,2026-08-27 09:00:00
2026-04-18,91797317,2121,0,12.6494212890,-12.6494212890,-12.6494212890,0E-7,1,1,0.49324550000000000,0.493245500000,-0.9865810262130424,-0.9865810262130424,-0.9865810262130424,0E-17,ELIGIBLE,R03b_20260811_FULL_v1,L1_ELIGIBILITY,v2026-08-11,2026-03-21..2026-08-06,baccarat_bet02_101_all_pairs_incl_sentinel,round_win = game_pnl > 0 (decisive only),COMPATIBILITY_ONLY_NOT_PRODUCTION,21006.2458,18687.5319,-61.6222,1247,1247,0.00293352,-0.13859161,0.00938335,0.00293352,61.6222,21006.2458,OK,0.0000,-2.4649,4.0000,96.0000,AG03-UNRESOLVED,ALL5_LEVELS_bet23_to_bet27,-2.4649,-2.4649,-2.4649,-4.3136,-4.3136,4.000000,4.000000,4.000000,7.000000,7.000000,96.000000,96.000000,96.000000,93.000000,93.000000,5.0,-16.0218,-14.4684,-45.6004,-47.1538,PENDING_AG03,FALSE,NOT_FOR_ENFORCEMENT,-59.1573,17940.0307,-61.6222,-59.1573,-2.4649,-0.00293352,-0.00281618,-2.4649,-59.1573,-0.00281618,-2.4649,-2.4649,-2.4649,-4.3136,-4.3136,-59.1573,-0.00281618,-16.0218,-14.4684,-45.6004,-47.1538,-0.00217080,-0.00224475,-0.00011734,16.8454,14.9860,-0.0494,-0.6419,-0.0525,218.8151,12.9896,13.0801,17.0694,10.3857,11.0045,21.0062,31.5093,42.0124,42.1647,10.5412,0.0,3.81775,3.831594,1.530778,30,171,130,2,0.04358735,-0.00293352,0.13859161,0E-8,0.000000,0.889618,0.000000,-0.14797496,2026-03-22,2026-08-05,96,1173,774,137,0.700730,0.766291,0.776478,0.145291,,,,,,,,GLOBAL_BASELINE_NO_ENTITY_RANKING,,,NOT_APPLICABLE_GLOBAL_BASELINE,HF9g-P5,,,,X 全窗基线 · 不参与实体赏罚,3926856,393,A168_HF9F_20260827_0900,2026-08-27 09:00:00
2026-04-18,91797317,2127,0,6.3247106445,-6.3247106445,-6.3247106445,0E-7,1,1,0.49324550000000000,0.493245500000,-0.9865810262130424,-0.9865810262130424,-0.9865810262130424,0E-17,ELIGIBLE,R03b_20260811_FULL_v1,L1_ELIGIBILITY,v2026-08-11,2026-03-21..2026-08-06,baccarat_bet02_101_all_pairs_incl_sentinel,round_win = game_pnl > 0 (decisive only),COMPATIBILITY_ONLY_NOT_PRODUCTION,21006.2458,18687.5319,-61.6222,1247,1247,0.00293352,-0.13859161,0.00938335,0.00293352,61.6222,21006.2458,OK,0.0000,-2.4649,4.0000,96.0000,AG03-UNRESOLVED,ALL5_LEVELS_bet23_to_bet27,-2.4649,-2.4649,-2.4649,-4.3136,-4.3136,4.000000,4.000000,4.000000,7.000000,7.000000,96.000000,96.000000,96.000000,93.000000,93.000000,5.0,-16.0218,-14.4684,-45.6004,-47.1538,PENDING_AG03,FALSE,NOT_FOR_ENFORCEMENT,-59.1573,17940.0307,-61.6222,-59.1573,-2.4649,-0.00293352,-0.00281618,-2.4649,-59.1573,-0.00281618,-2.4649,-2.4649,-2.4649,-4.3136,-4.3136,-59.1573,-0.00281618,-16.0218,-14.4684,-45.6004,-47.1538,-0.00217080,-0.00224475,-0.00011734,16.8454,14.9860,-0.0494,-0.6419,-0.0525,218.8151,12.9896,13.0801,17.0694,10.3857,11.0045,21.0062,31.5093,42.0124,42.1647,10.5412,0.0,3.81775,3.831594,1.530778,30,171,130,2,0.04358735,-0.00293352,0.13859161,0E-8,0.000000,0.889618,0.000000,-0.14797496,2026-03-22,2026-08-05,96,1173,774,137,0.700730,0.766291,0.776478,0.145291,,,,,,,,GLOBAL_BASELINE_NO_ENTITY_RANKING,,,NOT_APPLICABLE_GLOBAL_BASELINE,HF9g-P5,,,,X 全窗基线 · 不参与实体赏罚,3926857,393,A168_HF9F_20260827_0900,2026-08-27 09:00:00
2026-04-19,91797317,-1,1,10.5411844075,-10.5411844075,-10.5411844075,0E-7,1,1,0.49324550000000000,0.493245500000,-0.9865810262130424,-0.9865810262130424,-0.9865810262130424,0E-17,SENTINEL_DEALER,R03b_20260811_FULL_v1,L1_ELIGIBILITY,v2026-08-11,2026-03-21..2026-08-06,baccarat_bet02_101_all_pairs_incl_sentinel,round_win = game_pnl > 0 (decisive only),COMPATIBILITY_ONLY_NOT_PRODUCTION,21006.2458,18687.5319,-61.6222,1247,1247,0.00293352,-0.13859161,0.00938335,0.00293352,61.6222,21006.2458,OK,0.0000,-2.4649,4.0000,96.0000,AG03-UNRESOLVED,ALL5_LEVELS_bet23_to_bet27,-2.4649,-2.4649,-2.4649,-4.3136,-4.3136,4.000000,4.000000,4.000000,7.000000,7.000000,96.000000,96.000000,96.000000,93.000000,93.000000,5.0,-16.0218,-14.4684,-45.6004,-47.1538,PENDING_AG03,FALSE,NOT_FOR_ENFORCEMENT,-59.1573,17940.0307,-61.6222,-59.1573,-2.4649,-0.00293352,-0.00281618,-2.4649,-59.1573,-0.00281618,-2.4649,-2.4649,-2.4649,-4.3136,-4.3136,-59.1573,-0.00281618,-16.0218,-14.4684,-45.6004,-47.1538,-0.00217080,-0.00224475,-0.00011734,16.8454,14.9860,-0.0494,-0.6419,-0.0525,218.8151,12.9896,13.0801,17.0694,10.3857,11.0045,21.0062,31.5093,42.0124,42.1647,10.5412,0.0,3.81775,3.831594,1.530778,30,171,130,2,0.04358735,-0.00293352,0.13859161,0E-8,0.000000,0.889618,0.000000,-0.14797496,2026-03-22,2026-08-05,96,1173,774,137,0.700730,0.766291,0.776478,0.145291,,,,,,,,GLOBAL_BASELINE_NO_ENTITY_RANKING,,,NOT_APPLICABLE_GLOBAL_BASELINE,HF9g-P5,,,,X 全窗基线 · 不参与实体赏罚,3926858,393,A168_HF9F_20260827_0900,2026-08-27 09:00:00
2026-04-19,91797317,1094,0,10.5411844075,-10.5411844075,-10.5411844075,0E-7,1,1,0.49324550000000000,0.493245500000,-0.9865810262130424,-0.9865810262130424,-0.9865810262130424,0E-17,ELIGIBLE,R03b_20260811_FULL_v1,L1_ELIGIBILITY,v2026-08-11,2026-03-21..2026-08-06,baccarat_bet02_101_all_pairs_incl_sentinel,round_win = game_pnl > 0 (decisive only),COMPATIBILITY_ONLY_NOT_PRODUCTION,21006.2458,18687.5319,-61.6222,1247,1247,0.00293352,-0.13859161,0.00938335,0.00293352,61.6222,21006.2458,OK,0.0000,-2.4649,4.0000,96.0000,AG03-UNRESOLVED,ALL5_LEVELS_bet23_to_bet27,-2.4649,-2.4649,-2.4649,-4.3136,-4.3136,4.000000,4.000000,4.000000,7.000000,7.000000,96.000000,96.000000,96.000000,93.000000,93.000000,5.0,-16.0218,-14.4684,-45.6004,-47.1538,PENDING_AG03,FALSE,NOT_FOR_ENFORCEMENT,-59.1573,17940.0307,-61.6222,-59.1573,-2.4649,-0.00293352,-0.00281618,-2.4649,-59.1573,-0.00281618,-2.4649,-2.4649,-2.4649,-4.3136,-4.3136,-59.1573,-0.00281618,-16.0218,-14.4684,-45.6004,-47.1538,-0.00217080,-0.00224475,-0.00011734,16.8454,14.9860,-0.0494,-0.6419,-0.0525,218.8151,12.9896,13.0801,17.0694,10.3857,11.0045,21.0062,31.5093,42.0124,42.1647,10.5412,0.0,3.81775,3.831594,1.530778,30,171,130,2,0.04358735,-0.00293352,0.13859161,0E-8,0.000000,0.889618,0.000000,-0.14797496,2026-03-22,2026-08-05,96,1173,774,137,0.700730,0.766291,0.776478,0.145291,,,,,,,,GLOBAL_BASELINE_NO_ENTITY_RANKING,,,NOT_APPLICABLE_GLOBAL_BASELINE,HF9g-P5,,,,X 全窗基线 · 不参与实体赏罚,3926859,393,A168_HF9F_20260827_0900,2026-08-27 09:00:00
2026-04-22,91797317,-1,1,75.8965277340,12.6494212890,12.6494212890,0.6666667,6,6,0.49324550000000000,0.493245500000,0.8496642703256836,0.8496642703256835,0.8496642703256836,0E-17,SENTINEL_DEALER,R03b_20260811_FULL_v1,L1_ELIGIBILITY,v2026-08-11,2026-03-21..2026-08-06,baccarat_bet02_101_all_pairs_incl_sentinel,round_win = game_pnl > 0 (decisive only),COMPATIBILITY_ONLY_NOT_PRODUCTION,21006.2458,18687.5319,-61.6222,1247,1247,0.00293352,-0.13859161,0.00938335,0.00293352,61.6222,21006.2458,OK,0.0000,-2.4649,4.0000,96.0000,AG03-UNRESOLVED,ALL5_LEVELS_bet23_to_bet27,-2.4649,-2.4649,-2.4649,-4.3136,-4.3136,4.000000,4.000000,4.000000,7.000000,7.000000,96.000000,96.000000,96.000000,93.000000,93.000000,5.0,-16.0218,-14.4684,-45.6004,-47.1538,PENDING_AG03,FALSE,NOT_FOR_ENFORCEMENT,-59.1573,17940.0307,-61.6222,-59.1573,-2.4649,-0.00293352,-0.00281618,-2.4649,-59.1573,-0.00281618,-2.4649,-2.4649,-2.4649,-4.3136,-4.3136,-59.1573,-0.00281618,-16.0218,-14.4684,-45.6004,-47.1538,-0.00217080,-0.00224475,-0.00011734,16.8454,14.9860,-0.0494,-0.6419,-0.0525,218.8151,12.9896,13.0801,17.0694,10.3857,11.0045,21.0062,31.5093,42.0124,42.1647,10.5412,0.0,3.81775,3.831594,1.530778,30,171,130,2,0.04358735,-0.00293352,0.13859161,0E-8,0.000000,0.889618,0.000000,-0.14797496,2026-03-22,2026-08-05,96,1173,774,137,0.700730,0.766291,0.776478,0.145291,,,,,,,,GLOBAL_BASELINE_NO_ENTITY_RANKING,,,NOT_APPLICABLE_GLOBAL_BASELINE,HF9g-P5,,,,X 全窗基线 · 不参与实体赏罚,3926860,393,A168_HF9F_20260827_0900,2026-08-27 09:00:00
2026-04-22,91797317,1210,0,10.5411844075,-10.5411844075,-10.5411844075,0E-7,1,1,0.49324550000000000,0.493245500000,-0.9865810262130424,-0.9865810262130424,-0.9865810262130424,0E-17,ELIGIBLE,R03b_20260811_FULL_v1,L1_ELIGIBILITY,v2026-08-11,2026-03-21..2026-08-06,baccarat_bet02_101_all_pairs_incl_sentinel,round_win = game_pnl > 0 (decisive only),COMPATIBILITY_ONLY_NOT_PRODUCTION,21006.2458,18687.5319,-61.6222,1247,1247,0.00293352,-0.13859161,0.00938335,0.00293352,61.6222,21006.2458,OK,0.0000,-2.4649,4.0000,96.0000,AG03-UNRESOLVED,ALL5_LEVELS_bet23_to_bet27,-2.4649,-2.4649,-2.4649,-4.3136,-4.3136,4.000000,4.000000,4.000000,7.000000,7.000000,96.000000,96.000000,96.000000,93.000000,93.000000,5.0,-16.0218,-14.4684,-45.6004,-47.1538,PENDING_AG03,FALSE,NOT_FOR_ENFORCEMENT,-59.1573,17940.0307,-61.6222,-59.1573,-2.4649,-0.00293352,-0.00281618,-2.4649,-59.1573,-0.00281618,-2.4649,-2.4649,-2.4649,-4.3136,-4.3136,-59.1573,-0.00281618,-16.0218,-14.4684,-45.6004,-47.1538,-0.00217080,-0.00224475,-0.00011734,16.8454,14.9860,-0.0494,-0.6419,-0.0525,218.8151,12.9896,13.0801,17.0694,10.3857,11.0045,21.0062,31.5093,42.0124,42.1647,10.5412,0.0,3.81775,3.831594,1.530778,30,171,130,2,0.04358735,-0.00293352,0.13859161,0E-8,0.000000,0.889618,0.000000,-0.14797496,2026-03-22,2026-08-05,96,1173,774,137,0.700730,0.766291,0.776478,0.145291,,,,,,,,GLOBAL_BASELINE_NO_ENTITY_RANKING,,,NOT_APPLICABLE_GLOBAL_BASELINE,HF9g-P5,,,,X 全窗基线 · 不参与实体赏罚,3926861,393,A168_HF9F_20260827_0900,2026-08-27 09:00:00
2026-04-22,91797317,1507,0,21.0823688150,21.0823688150,21.0823688150,1.0000000,1,1,0.49324550000000000,0.493245500000,1.01360149184955,1.01360149184955,1.01360149184955,0E-17,ELIGIBLE,R03b_20260811_FULL_v1,L1_ELIGIBILITY,v2026-08-11,2026-03-21..2026-08-06,baccarat_bet02_101_all_pairs_incl_sentinel,round_win = game_pnl > 0 (decisive only),COMPATIBILITY_ONLY_NOT_PRODUCTION,21006.2458,18687.5319,-61.6222,1247,1247,0.00293352,-0.13859161,0.00938335,0.00293352,61.6222,21006.2458,OK,0.0000,-2.4649,4.0000,96.0000,AG03-UNRESOLVED,ALL5_LEVELS_bet23_to_bet27,-2.4649,-2.4649,-2.4649,-4.3136,-4.3136,4.000000,4.000000,4.000000,7.000000,7.000000,96.000000,96.000000,96.000000,93.000000,93.000000,5.0,-16.0218,-14.4684,-45.6004,-47.1538,PENDING_AG03,FALSE,NOT_FOR_ENFORCEMENT,-59.1573,17940.0307,-61.6222,-59.1573,-2.4649,-0.00293352,-0.00281618,-2.4649,-59.1573,-0.00281618,-2.4649,-2.4649,-2.4649,-4.3136,-4.3136,-59.1573,-0.00281618,-16.0218,-14.4684,-45.6004,-47.1538,-0.00217080,-0.00224475,-0.00011734,16.8454,14.9860,-0.0494,-0.6419,-0.0525,218.8151,12.9896,13.0801,17.0694,10.3857,11.0045,21.0062,31.5093,42.0124,42.1647,10.5412,0.0,3.81775,3.831594,1.530778,30,171,130,2,0.04358735,-0.00293352,0.13859161,0E-8,0.000000,0.889618,0.000000,-0.14797496,2026-03-22,2026-08-05,96,1173,774,137,0.700730,0.766291,0.776478,0.145291,,,,,,,,GLOBAL_BASELINE_NO_ENTITY_RANKING,,,NOT_APPLICABLE_GLOBAL_BASELINE,HF9g-P5,,,,X 全窗基线 · 不参与实体赏罚,3926862,393,A168_HF9F_20260827_0900,2026-08-27 09:00:00
2026-04-22,91797317,1654,0,21.0823688150,-21.0823688150,-21.0823688150,0E-7,1,1,0.49324550000000000,0.493245500000,-0.9865810262130424,-0.9865810262130424,-0.9865810262130424,0E-17,ELIGIBLE,R03b_20260811_FULL_v1,L1_ELIGIBILITY,v2026-08-11,2026-03-21..2026-08-06,baccarat_bet02_101_all_pairs_incl_sentinel,round_win = game_pnl > 0 (decisive only),COMPATIBILITY_ONLY_NOT_PRODUCTION,21006.2458,18687.5319,-61.6222,1247,1247,0.00293352,-0.13859161,0.00938335,0.00293352,61.6222,21006.2458,OK,0.0000,-2.4649,4.0000,96.0000,AG03-UNRESOLVED,ALL5_LEVELS_bet23_to_bet27,-2.4649,-2.4649,-2.4649,-4.3136,-4.3136,4.000000,4.000000,4.000000,7.000000,7.000000,96.000000,96.000000,96.000000,93.000000,93.000000,5.0,-16.0218,-14.4684,-45.6004,-47.1538,PENDING_AG03,FALSE,NOT_FOR_ENFORCEMENT,-59.1573,17940.0307,-61.6222,-59.1573,-2.4649,-0.00293352,-0.00281618,-2.4649,-59.1573,-0.00281618,-2.4649,-2.4649,-2.4649,-4.3136,-4.3136,-59.1573,-0.00281618,-16.0218,-14.4684,-45.6004,-47.1538,-0.00217080,-0.00224475,-0.00011734,16.8454,14.9860,-0.0494,-0.6419,-0.0525,218.8151,12.9896,13.0801,17.0694,10.3857,11.0045,21.0062,31.5093,42.0124,42.1647,10.5412,0.0,3.81775,3.831594,1.530778,30,171,130,2,0.04358735,-0.00293352,0.13859161,0E-8,0.000000,0.889618,0.000000,-0.14797496,2026-03-22,2026-08-05,96,1173,774,137,0.700730,0.766291,0.776478,0.145291,,,,,,,,GLOBAL_BASELINE_NO_ENTITY_RANKING,,,NOT_APPLICABLE_GLOBAL_BASELINE,HF9g-P5,,,,X 全窗基线 · 不参与实体赏罚,3926863,393,A168_HF9F_20260827_0900,2026-08-27 09:00:00
2026-04-22,91797317,1947,0,21.0823688150,21.0823688150,21.0823688150,1.0000000,1,1,0.49324550000000000,0.493245500000,1.01360149184955,1.01360149184955,1.01360149184955,0E-17,ELIGIBLE,R03b_20260811_FULL_v1,L1_ELIGIBILITY,v2026-08-11,2026-03-21..2026-08-06,baccarat_bet02_101_all_pairs_incl_sentinel,round_win = game_pnl > 0 (decisive only),COMPATIBILITY_ONLY_NOT_PRODUCTION,21006.2458,18687.5319,-61.6222,1247,1247,0.00293352,-0.13859161,0.00938335,0.00293352,61.6222,21006.2458,OK,0.0000,-2.4649,4.0000,96.0000,AG03-UNRESOLVED,ALL5_LEVELS_bet23_to_bet27,-2.4649,-2.4649,-2.4649,-4.3136,-4.3136,4.000000,4.000000,4.000000,7.000000,7.000000,96.000000,96.000000,96.000000,93.000000,93.000000,5.0,-16.0218,-14.4684,-45.6004,-47.1538,PENDING_AG03,FALSE,NOT_FOR_ENFORCEMENT,-59.1573,17940.0307,-61.6222,-59.1573,-2.4649,-0.00293352,-0.00281618,-2.4649,-59.1573,-0.00281618,-2.4649,-2.4649,-2.4649,-4.3136,-4.3136,-59.1573,-0.00281618,-16.0218,-14.4684,-45.6004,-47.1538,-0.00217080,-0.00224475,-0.00011734,16.8454,14.9860,-0.0494,-0.6419,-0.0525,218.8151,12.9896,13.0801,17.0694,10.3857,11.0045,21.0062,31.5093,42.0124,42.1647,10.5412,0.0,3.81775,3.831594,1.530778,30,171,130,2,0.04358735,-0.00293352,0.13859161,0E-8,0.000000,0.889618,0.000000,-0.14797496,2026-03-22,2026-08-05,96,1173,774,137,0.700730,0.766291,0.776478,0.145291,,,,,,,,GLOBAL_BASELINE_NO_ENTITY_RANKING,,,NOT_APPLICABLE_GLOBAL_BASELINE,HF9g-P5,,,,X 全窗基线 · 不参与实体赏罚,3926864,393,A168_HF9F_20260827_0900,2026-08-27 09:00:00
2026-04-22,91797317,1951,0,10.5411844075,-10.5411844075,-10.5411844075,0E-7,1,1,0.49324550000000000,0.493245500000,-0.9865810262130424,-0.9865810262130424,-0.9865810262130424,0E-17,ELIGIBLE,R03b_20260811_FULL_v1,L1_ELIGIBILITY,v2026-08-11,2026-03-21..2026-08-06,baccarat_bet02_101_all_pairs_incl_sentinel,round_win = game_pnl > 0 (decisive only),COMPATIBILITY_ONLY_NOT_PRODUCTION,21006.2458,18687.5319,-61.6222,1247,1247,0.00293352,-0.13859161,0.00938335,0.00293352,61.6222,21006.2458,OK,0.0000,-2.4649,4.0000,96.0000,AG03-UNRESOLVED,ALL5_LEVELS_bet23_to_bet27,-2.4649,-2.4649,-2.4649,-4.3136,-4.3136,4.000000,4.000000,4.000000,7.000000,7.000000,96.000000,96.000000,96.000000,93.000000,93.000000,5.0,-16.0218,-14.4684,-45.6004,-47.1538,PENDING_AG03,FALSE,NOT_FOR_ENFORCEMENT,-59.1573,17940.0307,-61.6222,-59.1573,-2.4649,-0.00293352,-0.00281618,-2.4649,-59.1573,-0.00281618,-2.4649,-2.4649,-2.4649,-4.3136,-4.3136,-59.1573,-0.00281618,-16.0218,-14.4684,-45.6004,-47.1538,-0.00217080,-0.00224475,-0.00011734,16.8454,14.9860,-0.0494,-0.6419,-0.0525,218.8151,12.9896,13.0801,17.0694,10.3857,11.0045,21.0062,31.5093,42.0124,42.1647,10.5412,0.0,3.81775,3.831594,1.530778,30,171,130,2,0.04358735,-0.00293352,0.13859161,0E-8,0.000000,0.889618,0.000000,-0.14797496,2026-03-22,2026-08-05,96,1173,774,137,0.700730,0.766291,0.776478,0.145291,,,,,,,,GLOBAL_BASELINE_NO_ENTITY_RANKING,,,NOT_APPLICABLE_GLOBAL_BASELINE,HF9g-P5,,,,X 全窗基线 · 不参与实体赏罚,3926865,393,A168_HF9F_20260827_0900,2026-08-27 09:00:00
2026-04-22,91797317,1990,0,6.3247106445,-6.3247106445,-6.3247106445,0E-7,1,1,0.49324550000000000,0.493245500000,-0.9865810262130424,-0.9865810262130424,-0.9865810262130424,0E-17,ELIGIBLE,R03b_20260811_FULL_v1,L1_ELIGIBILITY,v2026-08-11,2026-03-21..2026-08-06,baccarat_bet02_101_all_pairs_incl_sentinel,round_win = game_pnl > 0 (decisive only),COMPATIBILITY_ONLY_NOT_PRODUCTION,21006.2458,18687.5319,-61.6222,1247,1247,0.00293352,-0.13859161,0.00938335,0.00293352,61.6222,21006.2458,OK,0.0000,-2.4649,4.0000,96.0000,AG03-UNRESOLVED,ALL5_LEVELS_bet23_to_bet27,-2.4649,-2.4649,-2.4649,-4.3136,-4.3136,4.000000,4.000000,4.000000,7.000000,7.000000,96.000000,96.000000,96.000000,93.000000,93.000000,5.0,-16.0218,-14.4684,-45.6004,-47.1538,PENDING_AG03,FALSE,NOT_FOR_ENFORCEMENT,-59.1573,17940.0307,-61.6222,-59.1573,-2.4649,-0.00293352,-0.00281618,-2.4649,-59.1573,-0.00281618,-2.4649,-2.4649,-2.4649,-4.3136,-4.3136,-59.1573,-0.00281618,-16.0218,-14.4684,-45.6004,-47.1538,-0.00217080,-0.00224475,-0.00011734,16.8454,14.9860,-0.0494,-0.6419,-0.0525,218.8151,12.9896,13.0801,17.0694,10.3857,11.0045,21.0062,31.5093,42.0124,42.1647,10.5412,0.0,3.81775,3.831594,1.530778,30,171,130,2,0.04358735,-0.00293352,0.13859161,0E-8,0.000000,0.889618,0.000000,-0.14797496,2026-03-22,2026-08-05,96,1173,774,137,0.700730,0.766291,0.776478,0.145291,,,,,,,,GLOBAL_BASELINE_NO_ENTITY_RANKING,,,NOT_APPLICABLE_GLOBAL_BASELINE,HF9g-P5,,,,X 全窗基线 · 不参与实体赏罚,3926866,393,A168_HF9F_20260827_0900,2026-08-27 09:00:00
2026-04-22,91797317,2088,0,21.0823688150,-21.0823688150,-21.0823688150,0E-7,1,1,0.49324550000000000,0.493245500000,-0.9865810262130424,-0.9865810262130424,-0.9865810262130424,0E-17,ELIGIBLE,R03b_20260811_FULL_v1,L1_ELIGIBILITY,v2026-08-11,2026-03-21..2026-08-06,baccarat_bet02_101_all_pairs_incl_sentinel,round_win = game_pnl > 0 (decisive only),COMPATIBILITY_ONLY_NOT_PRODUCTION,21006.2458,18687.5319,-61.6222,1247,1247,0.00293352,-0.13859161,0.00938335,0.00293352,61.6222,21006.2458,OK,0.0000,-2.4649,4.0000,96.0000,AG03-UNRESOLVED,ALL5_LEVELS_bet23_to_bet27,-2.4649,-2.4649,-2.4649,-4.3136,-4.3136,4.000000,4.000000,4.000000,7.000000,7.000000,96.000000,96.000000,96.000000,93.000000,93.000000,5.0,-16.0218,-14.4684,-45.6004,-47.1538,PENDING_AG03,FALSE,NOT_FOR_ENFORCEMENT,-59.1573,17940.0307,-61.6222,-59.1573,-2.4649,-0.00293352,-0.00281618,-2.4649,-59.1573,-0.00281618,-2.4649,-2.4649,-2.4649,-4.3136,-4.3136,-59.1573,-0.00281618,-16.0218,-14.4684,-45.6004,-47.1538,-0.00217080,-0.00224475,-0.00011734,16.8454,14.9860,-0.0494,-0.6419,-0.0525,218.8151,12.9896,13.0801,17.0694,10.3857,11.0045,21.0062,31.5093,42.0124,42.1647,10.5412,0.0,3.81775,3.831594,1.530778,30,171,130,2,0.04358735,-0.00293352,0.13859161,0E-8,0.000000,0.889618,0.000000,-0.14797496,2026-03-22,2026-08-05,96,1173,774,137,0.700730,0.766291,0.776478,0.145291,,,,,,,,GLOBAL_BASELINE_NO_ENTITY_RANKING,,,NOT_APPLICABLE_GLOBAL_BASELINE,HF9g-P5,,,,X 全窗基线 · 不参与实体赏罚,3926867,393,A168_HF9F_20260827_0900,2026-08-27 09:00:00
2026-04-22,91797317,2108,0,21.0823688150,21.0823688150,21.0823688150,1.0000000,1,1,0.49324550000000000,0.493245500000,1.01360149184955,1.01360149184955,1.01360149184955,0E-17,ELIGIBLE,R03b_20260811_FULL_v1,L1_ELIGIBILITY,v2026-08-11,2026-03-21..2026-08-06,baccarat_bet02_101_all_pairs_incl_sentinel,round_win = game_pnl > 0 (decisive only),COMPATIBILITY_ONLY_NOT_PRODUCTION,21006.2458,18687.5319,-61.6222,1247,1247,0.00293352,-0.13859161,0.00938335,0.00293352,61.6222,21006.2458,OK,0.0000,-2.4649,4.0000,96.0000,AG03-UNRESOLVED,ALL5_LEVELS_bet23_to_bet27,-2.4649,-2.4649,-2.4649,-4.3136,-4.3136,4.000000,4.000000,4.000000,7.000000,7.000000,96.000000,96.000000,96.000000,93.000000,93.000000,5.0,-16.0218,-14.4684,-45.6004,-47.1538,PENDING_AG03,FALSE,NOT_FOR_ENFORCEMENT,-59.1573,17940.0307,-61.6222,-59.1573,-2.4649,-0.00293352,-0.00281618,-2.4649,-59.1573,-0.00281618,-2.4649,-2.4649,-2.4649,-4.3136,-4.3136,-59.1573,-0.00281618,-16.0218,-14.4684,-45.6004,-47.1538,-0.00217080,-0.00224475,-0.00011734,16.8454,14.9860,-0.0494,-0.6419,-0.0525,218.8151,12.9896,13.0801,17.0694,10.3857,11.0045,21.0062,31.5093,42.0124,42.1647,10.5412,0.0,3.81775,3.831594,1.530778,30,171,130,2,0.04358735,-0.00293352,0.13859161,0E-8,0.000000,0.889618,0.000000,-0.14797496,2026-03-22,2026-08-05,96,1173,774,137,0.700730,0.766291,0.776478,0.145291,,,,,,,,GLOBAL_BASELINE_NO_ENTITY_RANKING,,,NOT_APPLICABLE_GLOBAL_BASELINE,HF9g-P5,,,,X 全窗基线 · 不参与实体赏罚,3926868,393,A168_HF9F_20260827_0900,2026-08-27 09:00:00
2026-04-22,91797317,2218,0,29.5153163410,-12.6494212890,-12.6494212890,0.5000000,2,2,0.49324550000000000,0.493245500000,0.01910635448239258,0.01910635448239258,0.01910635448239258,0E-17,ELIGIBLE,R03b_20260811_FULL_v1,L1_ELIGIBILITY,v2026-08-11,2026-03-21..2026-08-06,baccarat_bet02_101_all_pairs_incl_sentinel,round_win = game_pnl > 0 (decisive only),COMPATIBILITY_ONLY_NOT_PRODUCTION,21006.2458,18687.5319,-61.6222,1247,1247,0.00293352,-0.13859161,0.00938335,0.00293352,61.6222,21006.2458,OK,0.0000,-2.4649,4.0000,96.0000,AG03-UNRESOLVED,ALL5_LEVELS_bet23_to_bet27,-2.4649,-2.4649,-2.4649,-4.3136,-4.3136,4.000000,4.000000,4.000000,7.000000,7.000000,96.000000,96.000000,96.000000,93.000000,93.000000,5.0,-16.0218,-14.4684,-45.6004,-47.1538,PENDING_AG03,FALSE,NOT_FOR_ENFORCEMENT,-59.1573,17940.0307,-61.6222,-59.1573,-2.4649,-0.00293352,-0.00281618,-2.4649,-59.1573,-0.00281618,-2.4649,-2.4649,-2.4649,-4.3136,-4.3136,-59.1573,-0.00281618,-16.0218,-14.4684,-45.6004,-47.1538,-0.00217080,-0.00224475,-0.00011734,16.8454,14.9860,-0.0494,-0.6419,-0.0525,218.8151,12.9896,13.0801,17.0694,10.3857,11.0045,21.0062,31.5093,42.0124,42.1647,10.5412,0.0,3.81775,3.831594,1.530778,30,171,130,2,0.04358735,-0.00293352,0.13859161,0E-8,0.000000,0.889618,0.000000,-0.14797496,2026-03-22,2026-08-05,96,1173,774,137,0.700730,0.766291,0.776478,0.145291,,,,,,,,GLOBAL_BASELINE_NO_ENTITY_RANKING,,,NOT_APPLICABLE_GLOBAL_BASELINE,HF9g-P5,,,,X 全窗基线 · 不参与实体赏罚,3926869,393,A168_HF9F_20260827_0900,2026-08-27 09:00:00
2026-04-22,91797317,2235,0,16.8658950520,4.2164737630,4.2164737630,0.5000000,2,2,0.49324550000000000,0.493245500000,0.01910635448239258,0.01910635448239258,0.01910635448239258,0E-17,ELIGIBLE,R03b_20260811_FULL_v1,L1_ELIGIBILITY,v2026-08-11,2026-03-21..2026-08-06,baccarat_bet02_101_all_pairs_incl_sentinel,round_win = game_pnl > 0 (decisive only),COMPATIBILITY_ONLY_NOT_PRODUCTION,21006.2458,18687.5319,-61.6222,1247,1247,0.00293352,-0.13859161,0.00938335,0.00293352,61.6222,21006.2458,OK,0.0000,-2.4649,4.0000,96.0000,AG03-UNRESOLVED,ALL5_LEVELS_bet23_to_bet27,-2.4649,-2.4649,-2.4649,-4.3136,-4.3136,4.000000,4.000000,4.000000,7.000000,7.000000,96.000000,96.000000,96.000000,93.000000,93.000000,5.0,-16.0218,-14.4684,-45.6004,-47.1538,PENDING_AG03,FALSE,NOT_FOR_ENFORCEMENT,-59.1573,17940.0307,-61.6222,-59.1573,-2.4649,-0.00293352,-0.00281618,-2.4649,-59.1573,-0.00281618,-2.4649,-2.4649,-2.4649,-4.3136,-4.3136,-59.1573,-0.00281618,-16.0218,-14.4684,-45.6004,-47.1538,-0.00217080,-0.00224475,-0.00011734,16.8454,14.9860,-0.0494,-0.6419,-0.0525,218.8151,12.9896,13.0801,17.0694,10.3857,11.0045,21.0062,31.5093,42.0124,42.1647,10.5412,0.0,3.81775,3.831594,1.530778,30,171,130,2,0.04358735,-0.00293352,0.13859161,0E-8,0.000000,0.889618,0.000000,-0.14797496,2026-03-22,2026-08-05,96,1173,774,137,0.700730,0.766291,0.776478,0.145291,,,,,,,,GLOBAL_BASELINE_NO_ENTITY_RANKING,,,NOT_APPLICABLE_GLOBAL_BASELINE,HF9g-P5,,,,X 全窗基线 · 不参与实体赏罚,3926870,393,A168_HF9F_20260827_0900,2026-08-27 09:00:00
2026-04-22,91797317,2239,0,10.5411844075,0E-10,0E-10,,1,1,0.49324550000000000,0.493245500000,,,,0E-17,NO_DECISIVE_ROUND,R03b_20260811_FULL_v1,L1_ELIGIBILITY,v2026-08-11,2026-03-21..2026-08-06,baccarat_bet02_101_all_pairs_incl_sentinel,round_win = game_pnl > 0 (decisive only),COMPATIBILITY_ONLY_NOT_PRODUCTION,21006.2458,18687.5319,-61.6222,1247,1247,0.00293352,-0.13859161,0.00938335,0.00293352,61.6222,21006.2458,OK,0.0000,-2.4649,4.0000,96.0000,AG03-UNRESOLVED,ALL5_LEVELS_bet23_to_bet27,-2.4649,-2.4649,-2.4649,-4.3136,-4.3136,4.000000,4.000000,4.000000,7.000000,7.000000,96.000000,96.000000,96.000000,93.000000,93.000000,5.0,-16.0218,-14.4684,-45.6004,-47.1538,PENDING_AG03,FALSE,NOT_FOR_ENFORCEMENT,-59.1573,17940.0307,-61.6222,-59.1573,-2.4649,-0.00293352,-0.00281618,-2.4649,-59.1573,-0.00281618,-2.4649,-2.4649,-2.4649,-4.3136,-4.3136,-59.1573,-0.00281618,-16.0218,-14.4684,-45.6004,-47.1538,-0.00217080,-0.00224475,-0.00011734,16.8454,14.9860,-0.0494,-0.6419,-0.0525,218.8151,12.9896,13.0801,17.0694,10.3857,11.0045,21.0062,31.5093,42.0124,42.1647,10.5412,0.0,3.81775,3.831594,1.530778,30,171,130,2,0.04358735,-0.00293352,0.13859161,0E-8,0.000000,0.889618,0.000000,-0.14797496,2026-03-22,2026-08-05,96,1173,774,137,0.700730,0.766291,0.776478,0.145291,,,,,,,,GLOBAL_BASELINE_NO_ENTITY_RANKING,,,NOT_APPLICABLE_GLOBAL_BASELINE,HF9g-P5,,,,X 全窗基线 · 不参与实体赏罚,3926871,393,A168_HF9F_20260827_0900,2026-08-27 09:00:00
2026-04-22,91797317,948,0,10.5411844075,-10.5411844075,-10.5411844075,0E-7,1,1,0.49324550000000000,0.493245500000,-0.9865810262130424,-0.9865810262130424,-0.9865810262130424,0E-17,ELIGIBLE,R03b_20260811_FULL_v1,L1_ELIGIBILITY,v2026-08-11,2026-03-21..2026-08-06,baccarat_bet02_101_all_pairs_incl_sentinel,round_win = game_pnl > 0 (decisive only),COMPATIBILITY_ONLY_NOT_PRODUCTION,21006.2458,18687.5319,-61.6222,1247,1247,0.00293352,-0.13859161,0.00938335,0.00293352,61.6222,21006.2458,OK,0.0000,-2.4649,4.0000,96.0000,AG03-UNRESOLVED,ALL5_LEVELS_bet23_to_bet27,-2.4649,-2.4649,-2.4649,-4.3136,-4.3136,4.000000,4.000000,4.000000,7.000000,7.000000,96.000000,96.000000,96.000000,93.000000,93.000000,5.0,-16.0218,-14.4684,-45.6004,-47.1538,PENDING_AG03,FALSE,NOT_FOR_ENFORCEMENT,-59.1573,17940.0307,-61.6222,-59.1573,-2.4649,-0.00293352,-0.00281618,-2.4649,-59.1573,-0.00281618,-2.4649,-2.4649,-2.4649,-4.3136,-4.3136,-59.1573,-0.00281618,-16.0218,-14.4684,-45.6004,-47.1538,-0.00217080,-0.00224475,-0.00011734,16.8454,14.9860,-0.0494,-0.6419,-0.0525,218.8151,12.9896,13.0801,17.0694,10.3857,11.0045,21.0062,31.5093,42.0124,42.1647,10.5412,0.0,3.81775,3.831594,1.530778,30,171,130,2,0.04358735,-0.00293352,0.13859161,0E-8,0.000000,0.889618,0.000000,-0.14797496,2026-03-22,2026-08-05,96,1173,774,137,0.700730,0.766291,0.776478,0.145291,,,,,,,,GLOBAL_BASELINE_NO_ENTITY_RANKING,,,NOT_APPLICABLE_GLOBAL_BASELINE,HF9g-P5,,,,X 全窗基线 · 不参与实体赏罚,3926872,393,A168_HF9F_20260827_0900,2026-08-27 09:00:00
2026-04-22,91797317,970,0,10.5411844075,10.5411844075,10.5411844075,1.0000000,1,1,0.49324550000000000,0.493245500000,1.01360149184955,1.01360149184955,1.01360149184955,0E-17,ELIGIBLE,R03b_20260811_FULL_v1,L1_ELIGIBILITY,v2026-08-11,2026-03-21..2026-08-06,baccarat_bet02_101_all_pairs_incl_sentinel,round_win = game_pnl > 0 (decisive only),COMPATIBILITY_ONLY_NOT_PRODUCTION,21006.2458,18687.5319,-61.6222,1247,1247,0.00293352,-0.13859161,0.00938335,0.00293352,61.6222,21006.2458,OK,0.0000,-2.4649,4.0000,96.0000,AG03-UNRESOLVED,ALL5_LEVELS_bet23_to_bet27,-2.4649,-2.4649,-2.4649,-4.3136,-4.3136,4.000000,4.000000,4.000000,7.000000,7.000000,96.000000,96.000000,96.000000,93.000000,93.000000,5.0,-16.0218,-14.4684,-45.6004,-47.1538,PENDING_AG03,FALSE,NOT_FOR_ENFORCEMENT,-59.1573,17940.0307,-61.6222,-59.1573,-2.4649,-0.00293352,-0.00281618,-2.4649,-59.1573,-0.00281618,-2.4649,-2.4649,-2.4649,-4.3136,-4.3136,-59.1573,-0.00281618,-16.0218,-14.4684,-45.6004,-47.1538,-0.00217080,-0.00224475,-0.00011734,16.8454,14.9860,-0.0494,-0.6419,-0.0525,218.8151,12.9896,13.0801,17.0694,10.3857,11.0045,21.0062,31.5093,42.0124,42.1647,10.5412,0.0,3.81775,3.831594,1.530778,30,171,130,2,0.04358735,-0.00293352,0.13859161,0E-8,0.000000,0.889618,0.000000,-0.14797496,2026-03-22,2026-08-05,96,1173,774,137,0.700730,0.766291,0.776478,0.145291,,,,,,,,GLOBAL_BASELINE_NO_ENTITY_RANKING,,,NOT_APPLICABLE_GLOBAL_BASELINE,HF9g-P5,,,,X 全窗基线 · 不参与实体赏罚,3926873,393,A168_HF9F_20260827_0900,2026-08-27 09:00:00
2026-04-23,91797317,-1,1,35.8400269855,16.8658950520,16.8658950520,0.7500000,5,5,0.49324550000000000,0.493245500000,1.0271117246678039,1.0271117246678039,1.0271117246678039,0E-17,SENTINEL_DEALER,R03b_20260811_FULL_v1,L1_ELIGIBILITY,v2026-08-11,2026-03-21..2026-08-06,baccarat_bet02_101_all_pairs_incl_sentinel,round_win = game_pnl > 0 (decisive only),COMPATIBILITY_ONLY_NOT_PRODUCTION,21006.2458,18687.5319,-61.6222,1247,1247,0.00293352,-0.13859161,0.00938335,0.00293352,61.6222,21006.2458,OK,0.0000,-2.4649,4.0000,96.0000,AG03-UNRESOLVED,ALL5_LEVELS_bet23_to_bet27,-2.4649,-2.4649,-2.4649,-4.3136,-4.3136,4.000000,4.000000,4.000000,7.000000,7.000000,96.000000,96.000000,96.000000,93.000000,93.000000,5.0,-16.0218,-14.4684,-45.6004,-47.1538,PENDING_AG03,FALSE,NOT_FOR_ENFORCEMENT,-59.1573,17940.0307,-61.6222,-59.1573,-2.4649,-0.00293352,-0.00281618,-2.4649,-59.1573,-0.00281618,-2.4649,-2.4649,-2.4649,-4.3136,-4.3136,-59.1573,-0.00281618,-16.0218,-14.4684,-45.6004,-47.1538,-0.00217080,-0.00224475,-0.00011734,16.8454,14.9860,-0.0494,-0.6419,-0.0525,218.8151,12.9896,13.0801,17.0694,10.3857,11.0045,21.0062,31.5093,42.0124,42.1647,10.5412,0.0,3.81775,3.831594,1.530778,30,171,130,2,0.04358735,-0.00293352,0.13859161,0E-8,0.000000,0.889618,0.000000,-0.14797496,2026-03-22,2026-08-05,96,1173,774,137,0.700730,0.766291,0.776478,0.145291,,,,,,,,GLOBAL_BASELINE_NO_ENTITY_RANKING,,,NOT_APPLICABLE_GLOBAL_BASELINE,HF9g-P5,,,,X 全窗基线 · 不参与实体赏罚,3926874,393,A168_HF9F_20260827_0900,2026-08-27 09:00:00
2026-04-23,91797317,1078,0,21.0823688150,0E-10,0E-10,0.5000000,2,2,0.49324550000000000,0.493245500000,0.01910635448239258,0.01910635448239258,0.01910635448239258,0E-17,ELIGIBLE,R03b_20260811_FULL_v1,L1_ELIGIBILITY,v2026-08-11,2026-03-21..2026-08-06,baccarat_bet02_101_all_pairs_incl_sentinel,round_win = game_pnl > 0 (decisive only),COMPATIBILITY_ONLY_NOT_PRODUCTION,21006.2458,18687.5319,-61.6222,1247,1247,0.00293352,-0.13859161,0.00938335,0.00293352,61.6222,21006.2458,OK,0.0000,-2.4649,4.0000,96.0000,AG03-UNRESOLVED,ALL5_LEVELS_bet23_to_bet27,-2.4649,-2.4649,-2.4649,-4.3136,-4.3136,4.000000,4.000000,4.000000,7.000000,7.000000,96.000000,96.000000,96.000000,93.000000,93.000000,5.0,-16.0218,-14.4684,-45.6004,-47.1538,PENDING_AG03,FALSE,NOT_FOR_ENFORCEMENT,-59.1573,17940.0307,-61.6222,-59.1573,-2.4649,-0.00293352,-0.00281618,-2.4649,-59.1573,-0.00281618,-2.4649,-2.4649,-2.4649,-4.3136,-4.3136,-59.1573,-0.00281618,-16.0218,-14.4684,-45.6004,-47.1538,-0.00217080,-0.00224475,-0.00011734,16.8454,14.9860,-0.0494,-0.6419,-0.0525,218.8151,12.9896,13.0801,17.0694,10.3857,11.0045,21.0062,31.5093,42.0124,42.1647,10.5412,0.0,3.81775,3.831594,1.530778,30,171,130,2,0.04358735,-0.00293352,0.13859161,0E-8,0.000000,0.889618,0.000000,-0.14797496,2026-03-22,2026-08-05,96,1173,774,137,0.700730,0.766291,0.776478,0.145291,,,,,,,,GLOBAL_BASELINE_NO_ENTITY_RANKING,,,NOT_APPLICABLE_GLOBAL_BASELINE,HF9g-P5,,,,X 全窗基线 · 不参与实体赏罚,3926875,393,A168_HF9F_20260827_0900,2026-08-27 09:00:00
2026-04-23,91797317,1702,0,6.3247106445,6.3247106445,6.3247106445,1.0000000,1,1,0.49324550000000000,0.493245500000,1.01360149184955,1.01360149184955,1.01360149184955,0E-17,ELIGIBLE,R03b_20260811_FULL_v1,L1_ELIGIBILITY,v2026-08-11,2026-03-21..2026-08-06,baccarat_bet02_101_all_pairs_incl_sentinel,round_win = game_pnl > 0 (decisive only),COMPATIBILITY_ONLY_NOT_PRODUCTION,21006.2458,18687.5319,-61.6222,1247,1247,0.00293352,-0.13859161,0.00938335,0.00293352,61.6222,21006.2458,OK,0.0000,-2.4649,4.0000,96.0000,AG03-UNRESOLVED,ALL5_LEVELS_bet23_to_bet27,-2.4649,-2.4649,-2.4649,-4.3136,-4.3136,4.000000,4.000000,4.000000,7.000000,7.000000,96.000000,96.000000,96.000000,93.000000,93.000000,5.0,-16.0218,-14.4684,-45.6004,-47.1538,PENDING_AG03,FALSE,NOT_FOR_ENFORCEMENT,-59.1573,17940.0307,-61.6222,-59.1573,-2.4649,-0.00293352,-0.00281618,-2.4649,-59.1573,-0.00281618,-2.4649,-2.4649,-2.4649,-4.3136,-4.3136,-59.1573,-0.00281618,-16.0218,-14.4684,-45.6004,-47.1538,-0.00217080,-0.00224475,-0.00011734,16.8454,14.9860,-0.0494,-0.6419,-0.0525,218.8151,12.9896,13.0801,17.0694,10.3857,11.0045,21.0062,31.5093,42.0124,42.1647,10.5412,0.0,3.81775,3.831594,1.530778,30,171,130,2,0.04358735,-0.00293352,0.13859161,0E-8,0.000000,0.889618,0.000000,-0.14797496,2026-03-22,2026-08-05,96,1173,774,137,0.700730,0.766291,0.776478,0.145291,,,,,,,,GLOBAL_BASELINE_NO_ENTITY_RANKING,,,NOT_APPLICABLE_GLOBAL_BASELINE,HF9g-P5,,,,X 全窗基线 · 不参与实体赏罚,3926876,393,A168_HF9F_20260827_0900,2026-08-27 09:00:00
2026-04-23,91797317,1966,0,6.3247106445,6.3247106445,6.3247106445,1.0000000,1,1,0.49324550000000000,0.493245500000,1.01360149184955,1.01360149184955,1.01360149184955,0E-17,ELIGIBLE,R03b_20260811_FULL_v1,L1_ELIGIBILITY,v2026-08-11,2026-03-21..2026-08-06,baccarat_bet02_101_all_pairs_incl_sentinel,round_win = game_pnl > 0 (decisive only),COMPATIBILITY_ONLY_NOT_PRODUCTION,21006.2458,18687.5319,-61.6222,1247,1247,0.00293352,-0.13859161,0.00938335,0.00293352,61.6222,21006.2458,OK,0.0000,-2.4649,4.0000,96.0000,AG03-UNRESOLVED,ALL5_LEVELS_bet23_to_bet27,-2.4649,-2.4649,-2.4649,-4.3136,-4.3136,4.000000,4.000000,4.000000,7.000000,7.000000,96.000000,96.000000,96.000000,93.000000,93.000000,5.0,-16.0218,-14.4684,-45.6004,-47.1538,PENDING_AG03,FALSE,NOT_FOR_ENFORCEMENT,-59.1573,17940.0307,-61.6222,-59.1573,-2.4649,-0.00293352,-0.00281618,-2.4649,-59.1573,-0.00281618,-2.4649,-2.4649,-2.4649,-4.3136,-4.3136,-59.1573,-0.00281618,-16.0218,-14.4684,-45.6004,-47.1538,-0.00217080,-0.00224475,-0.00011734,16.8454,14.9860,-0.0494,-0.6419,-0.0525,218.8151,12.9896,13.0801,17.0694,10.3857,11.0045,21.0062,31.5093,42.0124,42.1647,10.5412,0.0,3.81775,3.831594,1.530778,30,171,130,2,0.04358735,-0.00293352,0.13859161,0E-8,0.000000,0.889618,0.000000,-0.14797496,2026-03-22,2026-08-05,96,1173,774,137,0.700730,0.766291,0.776478,0.145291,,,,,,,,GLOBAL_BASELINE_NO_ENTITY_RANKING,,,NOT_APPLICABLE_GLOBAL_BASELINE,HF9g-P5,,,,X 全窗基线 · 不参与实体赏罚,3926877,393,A168_HF9F_20260827_0900,2026-08-27 09:00:00
2026-04-23,91797317,2127,0,6.3247106445,-6.3247106445,-6.3247106445,0E-7,1,1,0.49324550000000000,0.493245500000,-0.9865810262130424,-0.9865810262130424,-0.9865810262130424,0E-17,ELIGIBLE,R03b_20260811_FULL_v1,L1_ELIGIBILITY,v2026-08-11,2026-03-21..2026-08-06,baccarat_bet02_101_all_pairs_incl_sentinel,round_win = game_pnl > 0 (decisive only),COMPATIBILITY_ONLY_NOT_PRODUCTION,21006.2458,18687.5319,-61.6222,1247,1247,0.00293352,-0.13859161,0.00938335,0.00293352,61.6222,21006.2458,OK,0.0000,-2.4649,4.0000,96.0000,AG03-UNRESOLVED,ALL5_LEVELS_bet23_to_bet27,-2.4649,-2.4649,-2.4649,-4.3136,-4.3136,4.000000,4.000000,4.000000,7.000000,7.000000,96.000000,96.000000,96.000000,93.000000,93.000000,5.0,-16.0218,-14.4684,-45.6004,-47.1538,PENDING_AG03,FALSE,NOT_FOR_ENFORCEMENT,-59.1573,17940.0307,-61.6222,-59.1573,-2.4649,-0.00293352,-0.00281618,-2.4649,-59.1573,-0.00281618,-2.4649,-2.4649,-2.4649,-4.3136,-4.3136,-59.1573,-0.00281618,-16.0218,-14.4684,-45.6004,-47.1538,-0.00217080,-0.00224475,-0.00011734,16.8454,14.9860,-0.0494,-0.6419,-0.0525,218.8151,12.9896,13.0801,17.0694,10.3857,11.0045,21.0062,31.5093,42.0124,42.1647,10.5412,0.0,3.81775,3.831594,1.530778,30,171,130,2,0.04358735,-0.00293352,0.13859161,0E-8,0.000000,0.889618,0.000000,-0.14797496,2026-03-22,2026-08-05,96,1173,774,137,0.700730,0.766291,0.776478,0.145291,,,,,,,,GLOBAL_BASELINE_NO_ENTITY_RANKING,,,NOT_APPLICABLE_GLOBAL_BASELINE,HF9g-P5,,,,X 全窗基线 · 不参与实体赏罚,3926878,393,A168_HF9F_20260827_0900,2026-08-27 09:00:00
2026-04-23,91797317,2156,0,6.3247106445,0E-10,0E-10,,1,1,0.49324550000000000,0.493245500000,,,,0E-17,NO_DECISIVE_ROUND,R03b_20260811_FULL_v1,L1_ELIGIBILITY,v2026-08-11,2026-03-21..2026-08-06,baccarat_bet02_101_all_pairs_incl_sentinel,round_win = game_pnl > 0 (decisive only),COMPATIBILITY_ONLY_NOT_PRODUCTION,21006.2458,18687.5319,-61.6222,1247,1247,0.00293352,-0.13859161,0.00938335,0.00293352,61.6222,21006.2458,OK,0.0000,-2.4649,4.0000,96.0000,AG03-UNRESOLVED,ALL5_LEVELS_bet23_to_bet27,-2.4649,-2.4649,-2.4649,-4.3136,-4.3136,4.000000,4.000000,4.000000,7.000000,7.000000,96.000000,96.000000,96.000000,93.000000,93.000000,5.0,-16.0218,-14.4684,-45.6004,-47.1538,PENDING_AG03,FALSE,NOT_FOR_ENFORCEMENT,-59.1573,17940.0307,-61.6222,-59.1573,-2.4649,-0.00293352,-0.00281618,-2.4649,-59.1573,-0.00281618,-2.4649,-2.4649,-2.4649,-4.3136,-4.3136,-59.1573,-0.00281618,-16.0218,-14.4684,-45.6004,-47.1538,-0.00217080,-0.00224475,-0.00011734,16.8454,14.9860,-0.0494,-0.6419,-0.0525,218.8151,12.9896,13.0801,17.0694,10.3857,11.0045,21.0062,31.5093,42.0124,42.1647,10.5412,0.0,3.81775,3.831594,1.530778,30,171,130,2,0.04358735,-0.00293352,0.13859161,0E-8,0.000000,0.889618,0.000000,-0.14797496,2026-03-22,2026-08-05,96,1173,774,137,0.700730,0.766291,0.776478,0.145291,,,,,,,,GLOBAL_BASELINE_NO_ENTITY_RANKING,,,NOT_APPLICABLE_GLOBAL_BASELINE,HF9g-P5,,,,X 全窗基线 · 不参与实体赏罚,3926879,393,A168_HF9F_20260827_0900,2026-08-27 09:00:00
2026-04-23,91797317,2235,0,10.5411844075,10.5411844075,10.5411844075,1.0000000,1,1,0.49324550000000000,0.493245500000,1.01360149184955,1.01360149184955,1.01360149184955,0E-17,ELIGIBLE,R03b_20260811_FULL_v1,L1_ELIGIBILITY,v2026-08-11,2026-03-21..2026-08-06,baccarat_bet02_101_all_pairs_incl_sentinel,round_win = game_pnl > 0 (decisive only),COMPATIBILITY_ONLY_NOT_PRODUCTION,21006.2458,18687.5319,-61.6222,1247,1247,0.00293352,-0.13859161,0.00938335,0.00293352,61.6222,21006.2458,OK,0.0000,-2.4649,4.0000,96.0000,AG03-UNRESOLVED,ALL5_LEVELS_bet23_to_bet27,-2.4649,-2.4649,-2.4649,-4.3136,-4.3136,4.000000,4.000000,4.000000,7.000000,7.000000,96.000000,96.000000,96.000000,93.000000,93.000000,5.0,-16.0218,-14.4684,-45.6004,-47.1538,PENDING_AG03,FALSE,NOT_FOR_ENFORCEMENT,-59.1573,17940.0307,-61.6222,-59.1573,-2.4649,-0.00293352,-0.00281618,-2.4649,-59.1573,-0.00281618,-2.4649,-2.4649,-2.4649,-4.3136,-4.3136,-59.1573,-0.00281618,-16.0218,-14.4684,-45.6004,-47.1538,-0.00217080,-0.00224475,-0.00011734,16.8454,14.9860,-0.0494,-0.6419,-0.0525,218.8151,12.9896,13.0801,17.0694,10.3857,11.0045,21.0062,31.5093,42.0124,42.1647,10.5412,0.0,3.81775,3.831594,1.530778,30,171,130,2,0.04358735,-0.00293352,0.13859161,0E-8,0.000000,0.889618,0.000000,-0.14797496,2026-03-22,2026-08-05,96,1173,774,137,0.700730,0.766291,0.776478,0.145291,,,,,,,,GLOBAL_BASELINE_NO_ENTITY_RANKING,,,NOT_APPLICABLE_GLOBAL_BASELINE,HF9g-P5,,,,X 全窗基线 · 不参与实体赏罚,3926880,393,A168_HF9F_20260827_0900,2026-08-27 09:00:00
2026-04-23,91797317,987,0,10.5411844075,-10.5411844075,-10.5411844075,0E-7,1,1,0.49324550000000000,0.493245500000,-0.9865810262130424,-0.9865810262130424,-0.9865810262130424,0E-17,ELIGIBLE,R03b_20260811_FULL_v1,L1_ELIGIBILITY,v2026-08-11,2026-03-21..2026-08-06,baccarat_bet02_101_all_pairs_incl_sentinel,round_win = game_pnl > 0 (decisive only),COMPATIBILITY_ONLY_NOT_PRODUCTION,21006.2458,18687.5319,-61.6222,1247,1247,0.00293352,-0.13859161,0.00938335,0.00293352,61.6222,21006.2458,OK,0.0000,-2.4649,4.0000,96.0000,AG03-UNRESOLVED,ALL5_LEVELS_bet23_to_bet27,-2.4649,-2.4649,-2.4649,-4.3136,-4.3136,4.000000,4.000000,4.000000,7.000000,7.000000,96.000000,96.000000,96.000000,93.000000,93.000000,5.0,-16.0218,-14.4684,-45.6004,-47.1538,PENDING_AG03,FALSE,NOT_FOR_ENFORCEMENT,-59.1573,17940.0307,-61.6222,-59.1573,-2.4649,-0.00293352,-0.00281618,-2.4649,-59.1573,-0.00281618,-2.4649,-2.4649,-2.4649,-4.3136,-4.3136,-59.1573,-0.00281618,-16.0218,-14.4684,-45.6004,-47.1538,-0.00217080,-0.00224475,-0.00011734,16.8454,14.9860,-0.0494,-0.6419,-0.0525,218.8151,12.9896,13.0801,17.0694,10.3857,11.0045,21.0062,31.5093,42.0124,42.1647,10.5412,0.0,3.81775,3.831594,1.530778,30,171,130,2,0.04358735,-0.00293352,0.13859161,0E-8,0.000000,0.889618,0.000000,-0.14797496,2026-03-22,2026-08-05,96,1173,774,137,0.700730,0.766291,0.776478,0.145291,,,,,,,,GLOBAL_BASELINE_NO_ENTITY_RANKING,,,NOT_APPLICABLE_GLOBAL_BASELINE,HF9g-P5,,,,X 全窗基线 · 不参与实体赏罚,3926881,393,A168_HF9F_20260827_0900,2026-08-27 09:00:00
2026-04-24,91797317,-1,1,16.8658950520,-16.8658950520,-16.8658950520,0E-7,2,2,0.49324550000000000,0.493245500000,-1.3952362676504506,-1.3952362676504506,-1.3952362676504506,0E-17,SENTINEL_DEALER,R03b_20260811_FULL_v1,L1_ELIGIBILITY,v2026-08-11,2026-03-21..2026-08-06,baccarat_bet02_101_all_pairs_incl_sentinel,round_win = game_pnl > 0 (decisive only),COMPATIBILITY_ONLY_NOT_PRODUCTION,21006.2458,18687.5319,-61.6222,1247,1247,0.00293352,-0.13859161,0.00938335,0.00293352,61.6222,21006.2458,OK,0.0000,-2.4649,4.0000,96.0000,AG03-UNRESOLVED,ALL5_LEVELS_bet23_to_bet27,-2.4649,-2.4649,-2.4649,-4.3136,-4.3136,4.000000,4.000000,4.000000,7.000000,7.000000,96.000000,96.000000,96.000000,93.000000,93.000000,5.0,-16.0218,-14.4684,-45.6004,-47.1538,PENDING_AG03,FALSE,NOT_FOR_ENFORCEMENT,-59.1573,17940.0307,-61.6222,-59.1573,-2.4649,-0.00293352,-0.00281618,-2.4649,-59.1573,-0.00281618,-2.4649,-2.4649,-2.4649,-4.3136,-4.3136,-59.1573,-0.00281618,-16.0218,-14.4684,-45.6004,-47.1538,-0.00217080,-0.00224475,-0.00011734,16.8454,14.9860,-0.0494,-0.6419,-0.0525,218.8151,12.9896,13.0801,17.0694,10.3857,11.0045,21.0062,31.5093,42.0124,42.1647,10.5412,0.0,3.81775,3.831594,1.530778,30,171,130,2,0.04358735,-0.00293352,0.13859161,0E-8,0.000000,0.889618,0.000000,-0.14797496,2026-03-22,2026-08-05,96,1173,774,137,0.700730,0.766291,0.776478,0.145291,,,,,,,,GLOBAL_BASELINE_NO_ENTITY_RANKING,,,NOT_APPLICABLE_GLOBAL_BASELINE,HF9g-P5,,,,X 全窗基线 · 不参与实体赏罚,3926882,393,A168_HF9F_20260827_0900,2026-08-27 09:00:00
2026-04-24,91797317,1115,0,6.3247106445,6.3247106445,6.3247106445,1.0000000,1,1,0.49324550000000000,0.493245500000,1.01360149184955,1.01360149184955,1.01360149184955,0E-17,ELIGIBLE,R03b_20260811_FULL_v1,L1_ELIGIBILITY,v2026-08-11,2026-03-21..2026-08-06,baccarat_bet02_101_all_pairs_incl_sentinel,round_win = game_pnl > 0 (decisive only),COMPATIBILITY_ONLY_NOT_PRODUCTION,21006.2458,18687.5319,-61.6222,1247,1247,0.00293352,-0.13859161,0.00938335,0.00293352,61.6222,21006.2458,OK,0.0000,-2.4649,4.0000,96.0000,AG03-UNRESOLVED,ALL5_LEVELS_bet23_to_bet27,-2.4649,-2.4649,-2.4649,-4.3136,-4.3136,4.000000,4.000000,4.000000,7.000000,7.000000,96.000000,96.000000,96.000000,93.000000,93.000000,5.0,-16.0218,-14.4684,-45.6004,-47.1538,PENDING_AG03,FALSE,NOT_FOR_ENFORCEMENT,-59.1573,17940.0307,-61.6222,-59.1573,-2.4649,-0.00293352,-0.00281618,-2.4649,-59.1573,-0.00281618,-2.4649,-2.4649,-2.4649,-4.3136,-4.3136,-59.1573,-0.00281618,-16.0218,-14.4684,-45.6004,-47.1538,-0.00217080,-0.00224475,-0.00011734,16.8454,14.9860,-0.0494,-0.6419,-0.0525,218.8151,12.9896,13.0801,17.0694,10.3857,11.0045,21.0062,31.5093,42.0124,42.1647,10.5412,0.0,3.81775,3.831594,1.530778,30,171,130,2,0.04358735,-0.00293352,0.13859161,0E-8,0.000000,0.889618,0.000000,-0.14797496,2026-03-22,2026-08-05,96,1173,774,137,0.700730,0.766291,0.776478,0.145291,,,,,,,,GLOBAL_BASELINE_NO_ENTITY_RANKING,,,NOT_APPLICABLE_GLOBAL_BASELINE,HF9g-P5,,,,X 全窗基线 · 不参与实体赏罚,3926883,393,A168_HF9F_20260827_0900,2026-08-27 09:00:00
2026-04-24,91797317,1318,0,12.6494212890,0E-10,0E-10,0.5000000,2,2,0.49324550000000000,0.493245500000,0.01910635448239258,0.01910635448239258,0.01910635448239258,0E-17,ELIGIBLE,R03b_20260811_FULL_v1,L1_ELIGIBILITY,v2026-08-11,2026-03-21..2026-08-06,baccarat_bet02_101_all_pairs_incl_sentinel,round_win = game_pnl > 0 (decisive only),COMPATIBILITY_ONLY_NOT_PRODUCTION,21006.2458,18687.5319,-61.6222,1247,1247,0.00293352,-0.13859161,0.00938335,0.00293352,61.6222,21006.2458,OK,0.0000,-2.4649,4.0000,96.0000,AG03-UNRESOLVED,ALL5_LEVELS_bet23_to_bet27,-2.4649,-2.4649,-2.4649,-4.3136,-4.3136,4.000000,4.000000,4.000000,7.000000,7.000000,96.000000,96.000000,96.000000,93.000000,93.000000,5.0,-16.0218,-14.4684,-45.6004,-47.1538,PENDING_AG03,FALSE,NOT_FOR_ENFORCEMENT,-59.1573,17940.0307,-61.6222,-59.1573,-2.4649,-0.00293352,-0.00281618,-2.4649,-59.1573,-0.00281618,-2.4649,-2.4649,-2.4649,-4.3136,-4.3136,-59.1573,-0.00281618,-16.0218,-14.4684,-45.6004,-47.1538,-0.00217080,-0.00224475,-0.00011734,16.8454,14.9860,-0.0494,-0.6419,-0.0525,218.8151,12.9896,13.0801,17.0694,10.3857,11.0045,21.0062,31.5093,42.0124,42.1647,10.5412,0.0,3.81775,3.831594,1.530778,30,171,130,2,0.04358735,-0.00293352,0.13859161,0E-8,0.000000,0.889618,0.000000,-0.14797496,2026-03-22,2026-08-05,96,1173,774,137,0.700730,0.766291,0.776478,0.145291,,,,,,,,GLOBAL_BASELINE_NO_ENTITY_RANKING,,,NOT_APPLICABLE_GLOBAL_BASELINE,HF9g-P5,,,,X 全窗基线 · 不参与实体赏罚,3926884,393,A168_HF9F_20260827_0900,2026-08-27 09:00:00
2026-04-27,91797317,-1,1,6.3247106445,0E-10,0E-10,,1,1,0.49324550000000000,0.493245500000,,,,0E-17,SENTINEL_DEALER,R03b_20260811_FULL_v1,L1_ELIGIBILITY,v2026-08-11,2026-03-21..2026-08-06,baccarat_bet02_101_all_pairs_incl_sentinel,round_win = game_pnl > 0 (decisive only),COMPATIBILITY_ONLY_NOT_PRODUCTION,21006.2458,18687.5319,-61.6222,1247,1247,0.00293352,-0.13859161,0.00938335,0.00293352,61.6222,21006.2458,OK,0.0000,-2.4649,4.0000,96.0000,AG03-UNRESOLVED,ALL5_LEVELS_bet23_to_bet27,-2.4649,-2.4649,-2.4649,-4.3136,-4.3136,4.000000,4.000000,4.000000,7.000000,7.000000,96.000000,96.000000,96.000000,93.000000,93.000000,5.0,-16.0218,-14.4684,-45.6004,-47.1538,PENDING_AG03,FALSE,NOT_FOR_ENFORCEMENT,-59.1573,17940.0307,-61.6222,-59.1573,-2.4649,-0.00293352,-0.00281618,-2.4649,-59.1573,-0.00281618,-2.4649,-2.4649,-2.4649,-4.3136,-4.3136,-59.1573,-0.00281618,-16.0218,-14.4684,-45.6004,-47.1538,-0.00217080,-0.00224475,-0.00011734,16.8454,14.9860,-0.0494,-0.6419,-0.0525,218.8151,12.9896,13.0801,17.0694,10.3857,11.0045,21.0062,31.5093,42.0124,42.1647,10.5412,0.0,3.81775,3.831594,1.530778,30,171,130,2,0.04358735,-0.00293352,0.13859161,0E-8,0.000000,0.889618,0.000000,-0.14797496,2026-03-22,2026-08-05,96,1173,774,137,0.700730,0.766291,0.776478,0.145291,,,,,,,,GLOBAL_BASELINE_NO_ENTITY_RANKING,,,NOT_APPLICABLE_GLOBAL_BASELINE,HF9g-P5,,,,X 全窗基线 · 不参与实体赏罚,3926885,393,A168_HF9F_20260827_0900,2026-08-27 09:00:00
2026-04-27,91797317,1300,0,6.7463580208,-6.7463580208,-6.7463580208,0E-7,1,1,0.49324550000000000,0.493245500000,-0.9865810262130424,-0.9865810262130424,-0.9865810262130424,0E-17,ELIGIBLE,R03b_20260811_FULL_v1,L1_ELIGIBILITY,v2026-08-11,2026-03-21..2026-08-06,baccarat_bet02_101_all_pairs_incl_sentinel,round_win = game_pnl > 0 (decisive only),COMPATIBILITY_ONLY_NOT_PRODUCTION,21006.2458,18687.5319,-61.6222,1247,1247,0.00293352,-0.13859161,0.00938335,0.00293352,61.6222,21006.2458,OK,0.0000,-2.4649,4.0000,96.0000,AG03-UNRESOLVED,ALL5_LEVELS_bet23_to_bet27,-2.4649,-2.4649,-2.4649,-4.3136,-4.3136,4.000000,4.000000,4.000000,7.000000,7.000000,96.000000,96.000000,96.000000,93.000000,93.000000,5.0,-16.0218,-14.4684,-45.6004,-47.1538,PENDING_AG03,FALSE,NOT_FOR_ENFORCEMENT,-59.1573,17940.0307,-61.6222,-59.1573,-2.4649,-0.00293352,-0.00281618,-2.4649,-59.1573,-0.00281618,-2.4649,-2.4649,-2.4649,-4.3136,-4.3136,-59.1573,-0.00281618,-16.0218,-14.4684,-45.6004,-47.1538,-0.00217080,-0.00224475,-0.00011734,16.8454,14.9860,-0.0494,-0.6419,-0.0525,218.8151,12.9896,13.0801,17.0694,10.3857,11.0045,21.0062,31.5093,42.0124,42.1647,10.5412,0.0,3.81775,3.831594,1.530778,30,171,130,2,0.04358735,-0.00293352,0.13859161,0E-8,0.000000,0.889618,0.000000,-0.14797496,2026-03-22,2026-08-05,96,1173,774,137,0.700730,0.766291,0.776478,0.145291,,,,,,,,GLOBAL_BASELINE_NO_ENTITY_RANKING,,,NOT_APPLICABLE_GLOBAL_BASELINE,HF9g-P5,,,,X 全窗基线 · 不参与实体赏罚,3926886,393,A168_HF9F_20260827_0900,2026-08-27 09:00:00
2026-04-27,91797317,1306,0,6.3247106445,-6.3247106445,-6.3247106445,0E-7,1,1,0.49324550000000000,0.493245500000,-0.9865810262130424,-0.9865810262130424,-0.9865810262130424,0E-17,ELIGIBLE,R03b_20260811_FULL_v1,L1_ELIGIBILITY,v2026-08-11,2026-03-21..2026-08-06,baccarat_bet02_101_all_pairs_incl_sentinel,round_win = game_pnl > 0 (decisive only),COMPATIBILITY_ONLY_NOT_PRODUCTION,21006.2458,18687.5319,-61.6222,1247,1247,0.00293352,-0.13859161,0.00938335,0.00293352,61.6222,21006.2458,OK,0.0000,-2.4649,4.0000,96.0000,AG03-UNRESOLVED,ALL5_LEVELS_bet23_to_bet27,-2.4649,-2.4649,-2.4649,-4.3136,-4.3136,4.000000,4.000000,4.000000,7.000000,7.000000,96.000000,96.000000,96.000000,93.000000,93.000000,5.0,-16.0218,-14.4684,-45.6004,-47.1538,PENDING_AG03,FALSE,NOT_FOR_ENFORCEMENT,-59.1573,17940.0307,-61.6222,-59.1573,-2.4649,-0.00293352,-0.00281618,-2.4649,-59.1573,-0.00281618,-2.4649,-2.4649,-2.4649,-4.3136,-4.3136,-59.1573,-0.00281618,-16.0218,-14.4684,-45.6004,-47.1538,-0.00217080,-0.00224475,-0.00011734,16.8454,14.9860,-0.0494,-0.6419,-0.0525,218.8151,12.9896,13.0801,17.0694,10.3857,11.0045,21.0062,31.5093,42.0124,42.1647,10.5412,0.0,3.81775,3.831594,1.530778,30,171,130,2,0.04358735,-0.00293352,0.13859161,0E-8,0.000000,0.889618,0.000000,-0.14797496,2026-03-22,2026-08-05,96,1173,774,137,0.700730,0.766291,0.776478,0.145291,,,,,,,,GLOBAL_BASELINE_NO_ENTITY_RANKING,,,NOT_APPLICABLE_GLOBAL_BASELINE,HF9g-P5,,,,X 全窗基线 · 不参与实体赏罚,3926887,393,A168_HF9F_20260827_0900,2026-08-27 09:00:00
2026-04-27,91797317,1363,0,12.6494212890,0E-10,0E-10,0.5000000,2,2,0.49324550000000000,0.493245500000,0.01910635448239258,0.01910635448239258,0.01910635448239258,0E-17,ELIGIBLE,R03b_20260811_FULL_v1,L1_ELIGIBILITY,v2026-08-11,2026-03-21..2026-08-06,baccarat_bet02_101_all_pairs_incl_sentinel,round_win = game_pnl > 0 (decisive only),COMPATIBILITY_ONLY_NOT_PRODUCTION,21006.2458,18687.5319,-61.6222,1247,1247,0.00293352,-0.13859161,0.00938335,0.00293352,61.6222,21006.2458,OK,0.0000,-2.4649,4.0000,96.0000,AG03-UNRESOLVED,ALL5_LEVELS_bet23_to_bet27,-2.4649,-2.4649,-2.4649,-4.3136,-4.3136,4.000000,4.000000,4.000000,7.000000,7.000000,96.000000,96.000000,96.000000,93.000000,93.000000,5.0,-16.0218,-14.4684,-45.6004,-47.1538,PENDING_AG03,FALSE,NOT_FOR_ENFORCEMENT,-59.1573,17940.0307,-61.6222,-59.1573,-2.4649,-0.00293352,-0.00281618,-2.4649,-59.1573,-0.00281618,-2.4649,-2.4649,-2.4649,-4.3136,-4.3136,-59.1573,-0.00281618,-16.0218,-14.4684,-45.6004,-47.1538,-0.00217080,-0.00224475,-0.00011734,16.8454,14.9860,-0.0494,-0.6419,-0.0525,218.8151,12.9896,13.0801,17.0694,10.3857,11.0045,21.0062,31.5093,42.0124,42.1647,10.5412,0.0,3.81775,3.831594,1.530778,30,171,130,2,0.04358735,-0.00293352,0.13859161,0E-8,0.000000,0.889618,0.000000,-0.14797496,2026-03-22,2026-08-05,96,1173,774,137,0.700730,0.766291,0.776478,0.145291,,,,,,,,GLOBAL_BASELINE_NO_ENTITY_RANKING,,,NOT_APPLICABLE_GLOBAL_BASELINE,HF9g-P5,,,,X 全窗基线 · 不参与实体赏罚,3926888,393,A168_HF9F_20260827_0900,2026-08-27 09:00:00
2026-04-28,91797317,-1,1,16.8658950520,-4.2164737630,-4.2164737630,0.5000000,2,2,0.49324550000000000,0.493245500000,0.01910635448239258,0.01910635448239258,0.01910635448239258,0E-17,SENTINEL_DEALER,R03b_20260811_FULL_v1,L1_ELIGIBILITY,v2026-08-11,2026-03-21..2026-08-06,baccarat_bet02_101_all_pairs_incl_sentinel,round_win = game_pnl > 0 (decisive only),COMPATIBILITY_ONLY_NOT_PRODUCTION,21006.2458,18687.5319,-61.6222,1247,1247,0.00293352,-0.13859161,0.00938335,0.00293352,61.6222,21006.2458,OK,0.0000,-2.4649,4.0000,96.0000,AG03-UNRESOLVED,ALL5_LEVELS_bet23_to_bet27,-2.4649,-2.4649,-2.4649,-4.3136,-4.3136,4.000000,4.000000,4.000000,7.000000,7.000000,96.000000,96.000000,96.000000,93.000000,93.000000,5.0,-16.0218,-14.4684,-45.6004,-47.1538,PENDING_AG03,FALSE,NOT_FOR_ENFORCEMENT,-59.1573,17940.0307,-61.6222,-59.1573,-2.4649,-0.00293352,-0.00281618,-2.4649,-59.1573,-0.00281618,-2.4649,-2.4649,-2.4649,-4.3136,-4.3136,-59.1573,-0.00281618,-16.0218,-14.4684,-45.6004,-47.1538,-0.00217080,-0.00224475,-0.00011734,16.8454,14.9860,-0.0494,-0.6419,-0.0525,218.8151,12.9896,13.0801,17.0694,10.3857,11.0045,21.0062,31.5093,42.0124,42.1647,10.5412,0.0,3.81775,3.831594,1.530778,30,171,130,2,0.04358735,-0.00293352,0.13859161,0E-8,0.000000,0.889618,0.000000,-0.14797496,2026-03-22,2026-08-05,96,1173,774,137,0.700730,0.766291,0.776478,0.145291,,,,,,,,GLOBAL_BASELINE_NO_ENTITY_RANKING,,,NOT_APPLICABLE_GLOBAL_BASELINE,HF9g-P5,,,,X 全窗基线 · 不参与实体赏罚,3926889,393,A168_HF9F_20260827_0900,2026-08-27 09:00:00
2026-04-28,91797317,2271,0,6.3247106445,-6.3247106445,-6.3247106445,0E-7,1,1,0.49324550000000000,0.493245500000,-0.9865810262130424,-0.9865810262130424,-0.9865810262130424,0E-17,ELIGIBLE,R03b_20260811_FULL_v1,L1_ELIGIBILITY,v2026-08-11,2026-03-21..2026-08-06,baccarat_bet02_101_all_pairs_incl_sentinel,round_win = game_pnl > 0 (decisive only),COMPATIBILITY_ONLY_NOT_PRODUCTION,21006.2458,18687.5319,-61.6222,1247,1247,0.00293352,-0.13859161,0.00938335,0.00293352,61.6222,21006.2458,OK,0.0000,-2.4649,4.0000,96.0000,AG03-UNRESOLVED,ALL5_LEVELS_bet23_to_bet27,-2.4649,-2.4649,-2.4649,-4.3136,-4.3136,4.000000,4.000000,4.000000,7.000000,7.000000,96.000000,96.000000,96.000000,93.000000,93.000000,5.0,-16.0218,-14.4684,-45.6004,-47.1538,PENDING_AG03,FALSE,NOT_FOR_ENFORCEMENT,-59.1573,17940.0307,-61.6222,-59.1573,-2.4649,-0.00293352,-0.00281618,-2.4649,-59.1573,-0.00281618,-2.4649,-2.4649,-2.4649,-4.3136,-4.3136,-59.1573,-0.00281618,-16.0218,-14.4684,-45.6004,-47.1538,-0.00217080,-0.00224475,-0.00011734,16.8454,14.9860,-0.0494,-0.6419,-0.0525,218.8151,12.9896,13.0801,17.0694,10.3857,11.0045,21.0062,31.5093,42.0124,42.1647,10.5412,0.0,3.81775,3.831594,1.530778,30,171,130,2,0.04358735,-0.00293352,0.13859161,0E-8,0.000000,0.889618,0.000000,-0.14797496,2026-03-22,2026-08-05,96,1173,774,137,0.700730,0.766291,0.776478,0.145291,,,,,,,,GLOBAL_BASELINE_NO_ENTITY_RANKING,,,NOT_APPLICABLE_GLOBAL_BASELINE,HF9g-P5,,,,X 全窗基线 · 不参与实体赏罚,3926890,393,A168_HF9F_20260827_0900,2026-08-27 09:00:00
2026-04-29,91797317,-1,1,50.5976851560,-6.3247106445,-6.3247106445,0.4285714,8,8,0.49324550000000000,0.493245500000,-0.3422542494892156,-0.3422542494892157,-0.3422542494892156,0E-17,SENTINEL_DEALER,R03b_20260811_FULL_v1,L1_ELIGIBILITY,v2026-08-11,2026-03-21..2026-08-06,baccarat_bet02_101_all_pairs_incl_sentinel,round_win = game_pnl > 0 (decisive only),COMPATIBILITY_ONLY_NOT_PRODUCTION,21006.2458,18687.5319,-61.6222,1247,1247,0.00293352,-0.13859161,0.00938335,0.00293352,61.6222,21006.2458,OK,0.0000,-2.4649,4.0000,96.0000,AG03-UNRESOLVED,ALL5_LEVELS_bet23_to_bet27,-2.4649,-2.4649,-2.4649,-4.3136,-4.3136,4.000000,4.000000,4.000000,7.000000,7.000000,96.000000,96.000000,96.000000,93.000000,93.000000,5.0,-16.0218,-14.4684,-45.6004,-47.1538,PENDING_AG03,FALSE,NOT_FOR_ENFORCEMENT,-59.1573,17940.0307,-61.6222,-59.1573,-2.4649,-0.00293352,-0.00281618,-2.4649,-59.1573,-0.00281618,-2.4649,-2.4649,-2.4649,-4.3136,-4.3136,-59.1573,-0.00281618,-16.0218,-14.4684,-45.6004,-47.1538,-0.00217080,-0.00224475,-0.00011734,16.8454,14.9860,-0.0494,-0.6419,-0.0525,218.8151,12.9896,13.0801,17.0694,10.3857,11.0045,21.0062,31.5093,42.0124,42.1647,10.5412,0.0,3.81775,3.831594,1.530778,30,171,130,2,0.04358735,-0.00293352,0.13859161,0E-8,0.000000,0.889618,0.000000,-0.14797496,2026-03-22,2026-08-05,96,1173,774,137,0.700730,0.766291,0.776478,0.145291,,,,,,,,GLOBAL_BASELINE_NO_ENTITY_RANKING,,,NOT_APPLICABLE_GLOBAL_BASELINE,HF9g-P5,,,,X 全窗基线 · 不参与实体赏罚,3926891,393,A168_HF9F_20260827_0900,2026-08-27 09:00:00
2026-04-29,91797317,1221,0,6.3247106445,6.3247106445,6.3247106445,1.0000000,1,1,0.49324550000000000,0.493245500000,1.01360149184955,1.01360149184955,1.01360149184955,0E-17,ELIGIBLE,R03b_20260811_FULL_v1,L1_ELIGIBILITY,v2026-08-11,2026-03-21..2026-08-06,baccarat_bet02_101_all_pairs_incl_sentinel,round_win = game_pnl > 0 (decisive only),COMPATIBILITY_ONLY_NOT_PRODUCTION,21006.2458,18687.5319,-61.6222,1247,1247,0.00293352,-0.13859161,0.00938335,0.00293352,61.6222,21006.2458,OK,0.0000,-2.4649,4.0000,96.0000,AG03-UNRESOLVED,ALL5_LEVELS_bet23_to_bet27,-2.4649,-2.4649,-2.4649,-4.3136,-4.3136,4.000000,4.000000,4.000000,7.000000,7.000000,96.000000,96.000000,96.000000,93.000000,93.000000,5.0,-16.0218,-14.4684,-45.6004,-47.1538,PENDING_AG03,FALSE,NOT_FOR_ENFORCEMENT,-59.1573,17940.0307,-61.6222,-59.1573,-2.4649,-0.00293352,-0.00281618,-2.4649,-59.1573,-0.00281618,-2.4649,-2.4649,-2.4649,-4.3136,-4.3136,-59.1573,-0.00281618,-16.0218,-14.4684,-45.6004,-47.1538,-0.00217080,-0.00224475,-0.00011734,16.8454,14.9860,-0.0494,-0.6419,-0.0525,218.8151,12.9896,13.0801,17.0694,10.3857,11.0045,21.0062,31.5093,42.0124,42.1647,10.5412,0.0,3.81775,3.831594,1.530778,30,171,130,2,0.04358735,-0.00293352,0.13859161,0E-8,0.000000,0.889618,0.000000,-0.14797496,2026-03-22,2026-08-05,96,1173,774,137,0.700730,0.766291,0.776478,0.145291,,,,,,,,GLOBAL_BASELINE_NO_ENTITY_RANKING,,,NOT_APPLICABLE_GLOBAL_BASELINE,HF9g-P5,,,,X 全窗基线 · 不参与实体赏罚,3926892,393,A168_HF9F_20260827_0900,2026-08-27 09:00:00
2026-04-29,91797317,1306,0,6.3247106445,6.3247106445,6.3247106445,1.0000000,1,1,0.49324550000000000,0.493245500000,1.01360149184955,1.01360149184955,1.01360149184955,0E-17,ELIGIBLE,R03b_20260811_FULL_v1,L1_ELIGIBILITY,v2026-08-11,2026-03-21..2026-08-06,baccarat_bet02_101_all_pairs_incl_sentinel,round_win = game_pnl > 0 (decisive only),COMPATIBILITY_ONLY_NOT_PRODUCTION,21006.2458,18687.5319,-61.6222,1247,1247,0.00293352,-0.13859161,0.00938335,0.00293352,61.6222,21006.2458,OK,0.0000,-2.4649,4.0000,96.0000,AG03-UNRESOLVED,ALL5_LEVELS_bet23_to_bet27,-2.4649,-2.4649,-2.4649,-4.3136,-4.3136,4.000000,4.000000,4.000000,7.000000,7.000000,96.000000,96.000000,96.000000,93.000000,93.000000,5.0,-16.0218,-14.4684,-45.6004,-47.1538,PENDING_AG03,FALSE,NOT_FOR_ENFORCEMENT,-59.1573,17940.0307,-61.6222,-59.1573,-2.4649,-0.00293352,-0.00281618,-2.4649,-59.1573,-0.00281618,-2.4649,-2.4649,-2.4649,-4.3136,-4.3136,-59.1573,-0.00281618,-16.0218,-14.4684,-45.6004,-47.1538,-0.00217080,-0.00224475,-0.00011734,16.8454,14.9860,-0.0494,-0.6419,-0.0525,218.8151,12.9896,13.0801,17.0694,10.3857,11.0045,21.0062,31.5093,42.0124,42.1647,10.5412,0.0,3.81775,3.831594,1.530778,30,171,130,2,0.04358735,-0.00293352,0.13859161,0E-8,0.000000,0.889618,0.000000,-0.14797496,2026-03-22,2026-08-05,96,1173,774,137,0.700730,0.766291,0.776478,0.145291,,,,,,,,GLOBAL_BASELINE_NO_ENTITY_RANKING,,,NOT_APPLICABLE_GLOBAL_BASELINE,HF9g-P5,,,,X 全窗基线 · 不参与实体赏罚,3926893,393,A168_HF9F_20260827_0900,2026-08-27 09:00:00
2026-04-29,91797317,1353,0,10.5411844075,-10.5411844075,-10.5411844075,0E-7,1,1,0.49324550000000000,0.493245500000,-0.9865810262130424,-0.9865810262130424,-0.9865810262130424,0E-17,ELIGIBLE,R03b_20260811_FULL_v1,L1_ELIGIBILITY,v2026-08-11,2026-03-21..2026-08-06,baccarat_bet02_101_all_pairs_incl_sentinel,round_win = game_pnl > 0 (decisive only),COMPATIBILITY_ONLY_NOT_PRODUCTION,21006.2458,18687.5319,-61.6222,1247,1247,0.00293352,-0.13859161,0.00938335,0.00293352,61.6222,21006.2458,OK,0.0000,-2.4649,4.0000,96.0000,AG03-UNRESOLVED,ALL5_LEVELS_bet23_to_bet27,-2.4649,-2.4649,-2.4649,-4.3136,-4.3136,4.000000,4.000000,4.000000,7.000000,7.000000,96.000000,96.000000,96.000000,93.000000,93.000000,5.0,-16.0218,-14.4684,-45.6004,-47.1538,PENDING_AG03,FALSE,NOT_FOR_ENFORCEMENT,-59.1573,17940.0307,-61.6222,-59.1573,-2.4649,-0.00293352,-0.00281618,-2.4649,-59.1573,-0.00281618,-2.4649,-2.4649,-2.4649,-4.3136,-4.3136,-59.1573,-0.00281618,-16.0218,-14.4684,-45.6004,-47.1538,-0.00217080,-0.00224475,-0.00011734,16.8454,14.9860,-0.0494,-0.6419,-0.0525,218.8151,12.9896,13.0801,17.0694,10.3857,11.0045,21.0062,31.5093,42.0124,42.1647,10.5412,0.0,3.81775,3.831594,1.530778,30,171,130,2,0.04358735,-0.00293352,0.13859161,0E-8,0.000000,0.889618,0.000000,-0.14797496,2026-03-22,2026-08-05,96,1173,774,137,0.700730,0.766291,0.776478,0.145291,,,,,,,,GLOBAL_BASELINE_NO_ENTITY_RANKING,,,NOT_APPLICABLE_GLOBAL_BASELINE,HF9g-P5,,,,X 全窗基线 · 不参与实体赏罚,3926894,393,A168_HF9F_20260827_0900,2026-08-27 09:00:00
2026-04-29,91797317,1363,0,8.4329475260,-8.4329475260,-8.4329475260,0E-7,1,1,0.49324550000000000,0.493245500000,-0.9865810262130424,-0.9865810262130424,-0.9865810262130424,0E-17,ELIGIBLE,R03b_20260811_FULL_v1,L1_ELIGIBILITY,v2026-08-11,2026-03-21..2026-08-06,baccarat_bet02_101_all_pairs_incl_sentinel,round_win = game_pnl > 0 (decisive only),COMPATIBILITY_ONLY_NOT_PRODUCTION,21006.2458,18687.5319,-61.6222,1247,1247,0.00293352,-0.13859161,0.00938335,0.00293352,61.6222,21006.2458,OK,0.0000,-2.4649,4.0000,96.0000,AG03-UNRESOLVED,ALL5_LEVELS_bet23_to_bet27,-2.4649,-2.4649,-2.4649,-4.3136,-4.3136,4.000000,4.000000,4.000000,7.000000,7.000000,96.000000,96.000000,96.000000,93.000000,93.000000,5.0,-16.0218,-14.4684,-45.6004,-47.1538,PENDING_AG03,FALSE,NOT_FOR_ENFORCEMENT,-59.1573,17940.0307,-61.6222,-59.1573,-2.4649,-0.00293352,-0.00281618,-2.4649,-59.1573,-0.00281618,-2.4649,-2.4649,-2.4649,-4.3136,-4.3136,-59.1573,-0.00281618,-16.0218,-14.4684,-45.6004,-47.1538,-0.00217080,-0.00224475,-0.00011734,16.8454,14.9860,-0.0494,-0.6419,-0.0525,218.8151,12.9896,13.0801,17.0694,10.3857,11.0045,21.0062,31.5093,42.0124,42.1647,10.5412,0.0,3.81775,3.831594,1.530778,30,171,130,2,0.04358735,-0.00293352,0.13859161,0E-8,0.000000,0.889618,0.000000,-0.14797496,2026-03-22,2026-08-05,96,1173,774,137,0.700730,0.766291,0.776478,0.145291,,,,,,,,GLOBAL_BASELINE_NO_ENTITY_RANKING,,,NOT_APPLICABLE_GLOBAL_BASELINE,HF9g-P5,,,,X 全窗基线 · 不参与实体赏罚,3926895,393,A168_HF9F_20260827_0900,2026-08-27 09:00:00
2026-04-29,91797317,1490,0,6.3247106445,6.3247106445,6.3247106445,1.0000000,1,1,0.49324550000000000,0.493245500000,1.01360149184955,1.01360149184955,1.01360149184955,0E-17,ELIGIBLE,R03b_20260811_FULL_v1,L1_ELIGIBILITY,v2026-08-11,2026-03-21..2026-08-06,baccarat_bet02_101_all_pairs_incl_sentinel,round_win = game_pnl > 0 (decisive only),COMPATIBILITY_ONLY_NOT_PRODUCTION,21006.2458,18687.5319,-61.6222,1247,1247,0.00293352,-0.13859161,0.00938335,0.00293352,61.6222,21006.2458,OK,0.0000,-2.4649,4.0000,96.0000,AG03-UNRESOLVED,ALL5_LEVELS_bet23_to_bet27,-2.4649,-2.4649,-2.4649,-4.3136,-4.3136,4.000000,4.000000,4.000000,7.000000,7.000000,96.000000,96.000000,96.000000,93.000000,93.000000,5.0,-16.0218,-14.4684,-45.6004,-47.1538,PENDING_AG03,FALSE,NOT_FOR_ENFORCEMENT,-59.1573,17940.0307,-61.6222,-59.1573,-2.4649,-0.00293352,-0.00281618,-2.4649,-59.1573,-0.00281618,-2.4649,-2.4649,-2.4649,-4.3136,-4.3136,-59.1573,-0.00281618,-16.0218,-14.4684,-45.6004,-47.1538,-0.00217080,-0.00224475,-0.00011734,16.8454,14.9860,-0.0494,-0.6419,-0.0525,218.8151,12.9896,13.0801,17.0694,10.3857,11.0045,21.0062,31.5093,42.0124,42.1647,10.5412,0.0,3.81775,3.831594,1.530778,30,171,130,2,0.04358735,-0.00293352,0.13859161,0E-8,0.000000,0.889618,0.000000,-0.14797496,2026-03-22,2026-08-05,96,1173,774,137,0.700730,0.766291,0.776478,0.145291,,,,,,,,GLOBAL_BASELINE_NO_ENTITY_RANKING,,,NOT_APPLICABLE_GLOBAL_BASELINE,HF9g-P5,,,,X 全窗基线 · 不参与实体赏罚,3926896,393,A168_HF9F_20260827_0900,2026-08-27 09:00:00
2026-04-29,91797317,1507,0,6.3247106445,6.3247106445,6.3247106445,1.0000000,1,1,0.49324550000000000,0.493245500000,1.01360149184955,1.01360149184955,1.01360149184955,0E-17,ELIGIBLE,R03b_20260811_FULL_v1,L1_ELIGIBILITY,v2026-08-11,2026-03-21..2026-08-06,baccarat_bet02_101_all_pairs_incl_sentinel,round_win = game_pnl > 0 (decisive only),COMPATIBILITY_ONLY_NOT_PRODUCTION,21006.2458,18687.5319,-61.6222,1247,1247,0.00293352,-0.13859161,0.00938335,0.00293352,61.6222,21006.2458,OK,0.0000,-2.4649,4.0000,96.0000,AG03-UNRESOLVED,ALL5_LEVELS_bet23_to_bet27,-2.4649,-2.4649,-2.4649,-4.3136,-4.3136,4.000000,4.000000,4.000000,7.000000,7.000000,96.000000,96.000000,96.000000,93.000000,93.000000,5.0,-16.0218,-14.4684,-45.6004,-47.1538,PENDING_AG03,FALSE,NOT_FOR_ENFORCEMENT,-59.1573,17940.0307,-61.6222,-59.1573,-2.4649,-0.00293352,-0.00281618,-2.4649,-59.1573,-0.00281618,-2.4649,-2.4649,-2.4649,-4.3136,-4.3136,-59.1573,-0.00281618,-16.0218,-14.4684,-45.6004,-47.1538,-0.00217080,-0.00224475,-0.00011734,16.8454,14.9860,-0.0494,-0.6419,-0.0525,218.8151,12.9896,13.0801,17.0694,10.3857,11.0045,21.0062,31.5093,42.0124,42.1647,10.5412,0.0,3.81775,3.831594,1.530778,30,171,130,2,0.04358735,-0.00293352,0.13859161,0E-8,0.000000,0.889618,0.000000,-0.14797496,2026-03-22,2026-08-05,96,1173,774,137,0.700730,0.766291,0.776478,0.145291,,,,,,,,GLOBAL_BASELINE_NO_ENTITY_RANKING,,,NOT_APPLICABLE_GLOBAL_BASELINE,HF9g-P5,,,,X 全窗基线 · 不参与实体赏罚,3926897,393,A168_HF9F_20260827_0900,2026-08-27 09:00:00
2026-04-29,91797317,2152,0,6.3247106445,-6.3247106445,-6.3247106445,0E-7,1,1,0.49324550000000000,0.493245500000,-0.9865810262130424,-0.9865810262130424,-0.9865810262130424,0E-17,ELIGIBLE,R03b_20260811_FULL_v1,L1_ELIGIBILITY,v2026-08-11,2026-03-21..2026-08-06,baccarat_bet02_101_all_pairs_incl_sentinel,round_win = game_pnl > 0 (decisive only),COMPATIBILITY_ONLY_NOT_PRODUCTION,21006.2458,18687.5319,-61.6222,1247,1247,0.00293352,-0.13859161,0.00938335,0.00293352,61.6222,21006.2458,OK,0.0000,-2.4649,4.0000,96.0000,AG03-UNRESOLVED,ALL5_LEVELS_bet23_to_bet27,-2.4649,-2.4649,-2.4649,-4.3136,-4.3136,4.000000,4.000000,4.000000,7.000000,7.000000,96.000000,96.000000,96.000000,93.000000,93.000000,5.0,-16.0218,-14.4684,-45.6004,-47.1538,PENDING_AG03,FALSE,NOT_FOR_ENFORCEMENT,-59.1573,17940.0307,-61.6222,-59.1573,-2.4649,-0.00293352,-0.00281618,-2.4649,-59.1573,-0.00281618,-2.4649,-2.4649,-2.4649,-4.3136,-4.3136,-59.1573,-0.00281618,-16.0218,-14.4684,-45.6004,-47.1538,-0.00217080,-0.00224475,-0.00011734,16.8454,14.9860,-0.0494,-0.6419,-0.0525,218.8151,12.9896,13.0801,17.0694,10.3857,11.0045,21.0062,31.5093,42.0124,42.1647,10.5412,0.0,3.81775,3.831594,1.530778,30,171,130,2,0.04358735,-0.00293352,0.13859161,0E-8,0.000000,0.889618,0.000000,-0.14797496,2026-03-22,2026-08-05,96,1173,774,137,0.700730,0.766291,0.776478,0.145291,,,,,,,,GLOBAL_BASELINE_NO_ENTITY_RANKING,,,NOT_APPLICABLE_GLOBAL_BASELINE,HF9g-P5,,,,X 全窗基线 · 不参与实体赏罚,3926898,393,A168_HF9F_20260827_0900,2026-08-27 09:00:00
2026-04-29,91797317,2155,0,10.5411844075,-10.5411844075,-10.5411844075,0E-7,1,1,0.49324550000000000,0.493245500000,-0.9865810262130424,-0.9865810262130424,-0.9865810262130424,0E-17,ELIGIBLE,R03b_20260811_FULL_v1,L1_ELIGIBILITY,v2026-08-11,2026-03-21..2026-08-06,baccarat_bet02_101_all_pairs_incl_sentinel,round_win = game_pnl > 0 (decisive only),COMPATIBILITY_ONLY_NOT_PRODUCTION,21006.2458,18687.5319,-61.6222,1247,1247,0.00293352,-0.13859161,0.00938335,0.00293352,61.6222,21006.2458,OK,0.0000,-2.4649,4.0000,96.0000,AG03-UNRESOLVED,ALL5_LEVELS_bet23_to_bet27,-2.4649,-2.4649,-2.4649,-4.3136,-4.3136,4.000000,4.000000,4.000000,7.000000,7.000000,96.000000,96.000000,96.000000,93.000000,93.000000,5.0,-16.0218,-14.4684,-45.6004,-47.1538,PENDING_AG03,FALSE,NOT_FOR_ENFORCEMENT,-59.1573,17940.0307,-61.6222,-59.1573,-2.4649,-0.00293352,-0.00281618,-2.4649,-59.1573,-0.00281618,-2.4649,-2.4649,-2.4649,-4.3136,-4.3136,-59.1573,-0.00281618,-16.0218,-14.4684,-45.6004,-47.1538,-0.00217080,-0.00224475,-0.00011734,16.8454,14.9860,-0.0494,-0.6419,-0.0525,218.8151,12.9896,13.0801,17.0694,10.3857,11.0045,21.0062,31.5093,42.0124,42.1647,10.5412,0.0,3.81775,3.831594,1.530778,30,171,130,2,0.04358735,-0.00293352,0.13859161,0E-8,0.000000,0.889618,0.000000,-0.14797496,2026-03-22,2026-08-05,96,1173,774,137,0.700730,0.766291,0.776478,0.145291,,,,,,,,GLOBAL_BASELINE_NO_ENTITY_RANKING,,,NOT_APPLICABLE_GLOBAL_BASELINE,HF9g-P5,,,,X 全窗基线 · 不参与实体赏罚,3926899,393,A168_HF9F_20260827_0900,2026-08-27 09:00:00
2026-04-29,91797317,2167,0,6.3247106445,6.3247106445,6.3247106445,1.0000000,1,1,0.49324550000000000,0.493245500000,1.01360149184955,1.01360149184955,1.01360149184955,0E-17,ELIGIBLE,R03b_20260811_FULL_v1,L1_ELIGIBILITY,v2026-08-11,2026-03-21..2026-08-06,baccarat_bet02_101_all_pairs_incl_sentinel,round_win = game_pnl > 0 (decisive only),COMPATIBILITY_ONLY_NOT_PRODUCTION,21006.2458,18687.5319,-61.6222,1247,1247,0.00293352,-0.13859161,0.00938335,0.00293352,61.6222,21006.2458,OK,0.0000,-2.4649,4.0000,96.0000,AG03-UNRESOLVED,ALL5_LEVELS_bet23_to_bet27,-2.4649,-2.4649,-2.4649,-4.3136,-4.3136,4.000000,4.000000,4.000000,7.000000,7.000000,96.000000,96.000000,96.000000,93.000000,93.000000,5.0,-16.0218,-14.4684,-45.6004,-47.1538,PENDING_AG03,FALSE,NOT_FOR_ENFORCEMENT,-59.1573,17940.0307,-61.6222,-59.1573,-2.4649,-0.00293352,-0.00281618,-2.4649,-59.1573,-0.00281618,-2.4649,-2.4649,-2.4649,-4.3136,-4.3136,-59.1573,-0.00281618,-16.0218,-14.4684,-45.6004,-47.1538,-0.00217080,-0.00224475,-0.00011734,16.8454,14.9860,-0.0494,-0.6419,-0.0525,218.8151,12.9896,13.0801,17.0694,10.3857,11.0045,21.0062,31.5093,42.0124,42.1647,10.5412,0.0,3.81775,3.831594,1.530778,30,171,130,2,0.04358735,-0.00293352,0.13859161,0E-8,0.000000,0.889618,0.000000,-0.14797496,2026-03-22,2026-08-05,96,1173,774,137,0.700730,0.766291,0.776478,0.145291,,,,,,,,GLOBAL_BASELINE_NO_ENTITY_RANKING,,,NOT_APPLICABLE_GLOBAL_BASELINE,HF9g-P5,,,,X 全窗基线 · 不参与实体赏罚,3926900,393,A168_HF9F_20260827_0900,2026-08-27 09:00:00
2026-04-29,91797317,2201,0,6.3247106445,6.3247106445,6.3247106445,1.0000000,1,1,0.49324550000000000,0.493245500000,1.01360149184955,1.01360149184955,1.01360149184955,0E-17,ELIGIBLE,R03b_20260811_FULL_v1,L1_ELIGIBILITY,v2026-08-11,2026-03-21..2026-08-06,baccarat_bet02_101_all_pairs_incl_sentinel,round_win = game_pnl > 0 (decisive only),COMPATIBILITY_ONLY_NOT_PRODUCTION,21006.2458,18687.5319,-61.6222,1247,1247,0.00293352,-0.13859161,0.00938335,0.00293352,61.6222,21006.2458,OK,0.0000,-2.4649,4.0000,96.0000,AG03-UNRESOLVED,ALL5_LEVELS_bet23_to_bet27,-2.4649,-2.4649,-2.4649,-4.3136,-4.3136,4.000000,4.000000,4.000000,7.000000,7.000000,96.000000,96.000000,96.000000,93.000000,93.000000,5.0,-16.0218,-14.4684,-45.6004,-47.1538,PENDING_AG03,FALSE,NOT_FOR_ENFORCEMENT,-59.1573,17940.0307,-61.6222,-59.1573,-2.4649,-0.00293352,-0.00281618,-2.4649,-59.1573,-0.00281618,-2.4649,-2.4649,-2.4649,-4.3136,-4.3136,-59.1573,-0.00281618,-16.0218,-14.4684,-45.6004,-47.1538,-0.00217080,-0.00224475,-0.00011734,16.8454,14.9860,-0.0494,-0.6419,-0.0525,218.8151,12.9896,13.0801,17.0694,10.3857,11.0045,21.0062,31.5093,42.0124,42.1647,10.5412,0.0,3.81775,3.831594,1.530778,30,171,130,2,0.04358735,-0.00293352,0.13859161,0E-8,0.000000,0.889618,0.000000,-0.14797496,2026-03-22,2026-08-05,96,1173,774,137,0.700730,0.766291,0.776478,0.145291,,,,,,,,GLOBAL_BASELINE_NO_ENTITY_RANKING,,,NOT_APPLICABLE_GLOBAL_BASELINE,HF9g-P5,,,,X 全窗基线 · 不参与实体赏罚,3926901,393,A168_HF9F_20260827_0900,2026-08-27 09:00:00
2026-04-29,91797317,2229,0,16.8658950520,-16.8658950520,-16.8658950520,0E-7,2,2,0.49324550000000000,0.493245500000,-1.3952362676504506,-1.3952362676504506,-1.3952362676504506,0E-17,ELIGIBLE,R03b_20260811_FULL_v1,L1_ELIGIBILITY,v2026-08-11,2026-03-21..2026-08-06,baccarat_bet02_101_all_pairs_incl_sentinel,round_win = game_pnl > 0 (decisive only),COMPATIBILITY_ONLY_NOT_PRODUCTION,21006.2458,18687.5319,-61.6222,1247,1247,0.00293352,-0.13859161,0.00938335,0.00293352,61.6222,21006.2458,OK,0.0000,-2.4649,4.0000,96.0000,AG03-UNRESOLVED,ALL5_LEVELS_bet23_to_bet27,-2.4649,-2.4649,-2.4649,-4.3136,-4.3136,4.000000,4.000000,4.000000,7.000000,7.000000,96.000000,96.000000,96.000000,93.000000,93.000000,5.0,-16.0218,-14.4684,-45.6004,-47.1538,PENDING_AG03,FALSE,NOT_FOR_ENFORCEMENT,-59.1573,17940.0307,-61.6222,-59.1573,-2.4649,-0.00293352,-0.00281618,-2.4649,-59.1573,-0.00281618,-2.4649,-2.4649,-2.4649,-4.3136,-4.3136,-59.1573,-0.00281618,-16.0218,-14.4684,-45.6004,-47.1538,-0.00217080,-0.00224475,-0.00011734,16.8454,14.9860,-0.0494,-0.6419,-0.0525,218.8151,12.9896,13.0801,17.0694,10.3857,11.0045,21.0062,31.5093,42.0124,42.1647,10.5412,0.0,3.81775,3.831594,1.530778,30,171,130,2,0.04358735,-0.00293352,0.13859161,0E-8,0.000000,0.889618,0.000000,-0.14797496,2026-03-22,2026-08-05,96,1173,774,137,0.700730,0.766291,0.776478,0.145291,,,,,,,,GLOBAL_BASELINE_NO_ENTITY_RANKING,,,NOT_APPLICABLE_GLOBAL_BASELINE,HF9g-P5,,,,X 全窗基线 · 不参与实体赏罚,3926902,393,A168_HF9F_20260827_0900,2026-08-27 09:00:00
2026-04-29,91797317,2251,0,6.3247106445,6.3247106445,6.3247106445,1.0000000,1,1,0.49324550000000000,0.493245500000,1.01360149184955,1.01360149184955,1.01360149184955,0E-17,ELIGIBLE,R03b_20260811_FULL_v1,L1_ELIGIBILITY,v2026-08-11,2026-03-21..2026-08-06,baccarat_bet02_101_all_pairs_incl_sentinel,round_win = game_pnl > 0 (decisive only),COMPATIBILITY_ONLY_NOT_PRODUCTION,21006.2458,18687.5319,-61.6222,1247,1247,0.00293352,-0.13859161,0.00938335,0.00293352,61.6222,21006.2458,OK,0.0000,-2.4649,4.0000,96.0000,AG03-UNRESOLVED,ALL5_LEVELS_bet23_to_bet27,-2.4649,-2.4649,-2.4649,-4.3136,-4.3136,4.000000,4.000000,4.000000,7.000000,7.000000,96.000000,96.000000,96.000000,93.000000,93.000000,5.0,-16.0218,-14.4684,-45.6004,-47.1538,PENDING_AG03,FALSE,NOT_FOR_ENFORCEMENT,-59.1573,17940.0307,-61.6222,-59.1573,-2.4649,-0.00293352,-0.00281618,-2.4649,-59.1573,-0.00281618,-2.4649,-2.4649,-2.4649,-4.3136,-4.3136,-59.1573,-0.00281618,-16.0218,-14.4684,-45.6004,-47.1538,-0.00217080,-0.00224475,-0.00011734,16.8454,14.9860,-0.0494,-0.6419,-0.0525,218.8151,12.9896,13.0801,17.0694,10.3857,11.0045,21.0062,31.5093,42.0124,42.1647,10.5412,0.0,3.81775,3.831594,1.530778,30,171,130,2,0.04358735,-0.00293352,0.13859161,0E-8,0.000000,0.889618,0.000000,-0.14797496,2026-03-22,2026-08-05,96,1173,774,137,0.700730,0.766291,0.776478,0.145291,,,,,,,,GLOBAL_BASELINE_NO_ENTITY_RANKING,,,NOT_APPLICABLE_GLOBAL_BASELINE,HF9g-P5,,,,X 全窗基线 · 不参与实体赏罚,3926903,393,A168_HF9F_20260827_0900,2026-08-27 09:00:00
2026-04-29,91797317,529,0,6.3247106445,6.3247106445,6.3247106445,1.0000000,1,1,0.49324550000000000,0.493245500000,1.01360149184955,1.01360149184955,1.01360149184955,0E-17,ELIGIBLE,R03b_20260811_FULL_v1,L1_ELIGIBILITY,v2026-08-11,2026-03-21..2026-08-06,baccarat_bet02_101_all_pairs_incl_sentinel,round_win = game_pnl > 0 (decisive only),COMPATIBILITY_ONLY_NOT_PRODUCTION,21006.2458,18687.5319,-61.6222,1247,1247,0.00293352,-0.13859161,0.00938335,0.00293352,61.6222,21006.2458,OK,0.0000,-2.4649,4.0000,96.0000,AG03-UNRESOLVED,ALL5_LEVELS_bet23_to_bet27,-2.4649,-2.4649,-2.4649,-4.3136,-4.3136,4.000000,4.000000,4.000000,7.000000,7.000000,96.000000,96.000000,96.000000,93.000000,93.000000,5.0,-16.0218,-14.4684,-45.6004,-47.1538,PENDING_AG03,FALSE,NOT_FOR_ENFORCEMENT,-59.1573,17940.0307,-61.6222,-59.1573,-2.4649,-0.00293352,-0.00281618,-2.4649,-59.1573,-0.00281618,-2.4649,-2.4649,-2.4649,-4.3136,-4.3136,-59.1573,-0.00281618,-16.0218,-14.4684,-45.6004,-47.1538,-0.00217080,-0.00224475,-0.00011734,16.8454,14.9860,-0.0494,-0.6419,-0.0525,218.8151,12.9896,13.0801,17.0694,10.3857,11.0045,21.0062,31.5093,42.0124,42.1647,10.5412,0.0,3.81775,3.831594,1.530778,30,171,130,2,0.04358735,-0.00293352,0.13859161,0E-8,0.000000,0.889618,0.000000,-0.14797496,2026-03-22,2026-08-05,96,1173,774,137,0.700730,0.766291,0.776478,0.145291,,,,,,,,GLOBAL_BASELINE_NO_ENTITY_RANKING,,,NOT_APPLICABLE_GLOBAL_BASELINE,HF9g-P5,,,,X 全窗基线 · 不参与实体赏罚,3926904,393,A168_HF9F_20260827_0900,2026-08-27 09:00:00
2026-04-29,91797317,752,0,6.3247106445,-6.3247106445,-6.3247106445,0E-7,1,1,0.49324550000000000,0.493245500000,-0.9865810262130424,-0.9865810262130424,-0.9865810262130424,0E-17,ELIGIBLE,R03b_20260811_FULL_v1,L1_ELIGIBILITY,v2026-08-11,2026-03-21..2026-08-06,baccarat_bet02_101_all_pairs_incl_sentinel,round_win = game_pnl > 0 (decisive only),COMPATIBILITY_ONLY_NOT_PRODUCTION,21006.2458,18687.5319,-61.6222,1247,1247,0.00293352,-0.13859161,0.00938335,0.00293352,61.6222,21006.2458,OK,0.0000,-2.4649,4.0000,96.0000,AG03-UNRESOLVED,ALL5_LEVELS_bet23_to_bet27,-2.4649,-2.4649,-2.4649,-4.3136,-4.3136,4.000000,4.000000,4.000000,7.000000,7.000000,96.000000,96.000000,96.000000,93.000000,93.000000,5.0,-16.0218,-14.4684,-45.6004,-47.1538,PENDING_AG03,FALSE,NOT_FOR_ENFORCEMENT,-59.1573,17940.0307,-61.6222,-59.1573,-2.4649,-0.00293352,-0.00281618,-2.4649,-59.1573,-0.00281618,-2.4649,-2.4649,-2.4649,-4.3136,-4.3136,-59.1573,-0.00281618,-16.0218,-14.4684,-45.6004,-47.1538,-0.00217080,-0.00224475,-0.00011734,16.8454,14.9860,-0.0494,-0.6419,-0.0525,218.8151,12.9896,13.0801,17.0694,10.3857,11.0045,21.0062,31.5093,42.0124,42.1647,10.5412,0.0,3.81775,3.831594,1.530778,30,171,130,2,0.04358735,-0.00293352,0.13859161,0E-8,0.000000,0.889618,0.000000,-0.14797496,2026-03-22,2026-08-05,96,1173,774,137,0.700730,0.766291,0.776478,0.145291,,,,,,,,GLOBAL_BASELINE_NO_ENTITY_RANKING,,,NOT_APPLICABLE_GLOBAL_BASELINE,HF9g-P5,,,,X 全窗基线 · 不参与实体赏罚,3926905,393,A168_HF9F_20260827_0900,2026-08-27 09:00:00
2026-04-30,91797317,-1,1,10.5030984140,-10.5030984140,-10.5030984140,0E-7,1,1,0.49324550000000000,0.493245500000,-0.9865810262130424,-0.9865810262130424,-0.9865810262130424,0E-17,SENTINEL_DEALER,R03b_20260811_FULL_v1,L1_ELIGIBILITY,v2026-08-11,2026-03-21..2026-08-06,baccarat_bet02_101_all_pairs_incl_sentinel,round_win = game_pnl > 0 (decisive only),COMPATIBILITY_ONLY_NOT_PRODUCTION,21006.2458,18687.5319,-61.6222,1247,1247,0.00293352,-0.13859161,0.00938335,0.00293352,61.6222,21006.2458,OK,0.0000,-2.4649,4.0000,96.0000,AG03-UNRESOLVED,ALL5_LEVELS_bet23_to_bet27,-2.4649,-2.4649,-2.4649,-4.3136,-4.3136,4.000000,4.000000,4.000000,7.000000,7.000000,96.000000,96.000000,96.000000,93.000000,93.000000,5.0,-16.0218,-14.4684,-45.6004,-47.1538,PENDING_AG03,FALSE,NOT_FOR_ENFORCEMENT,-59.1573,17940.0307,-61.6222,-59.1573,-2.4649,-0.00293352,-0.00281618,-2.4649,-59.1573,-0.00281618,-2.4649,-2.4649,-2.4649,-4.3136,-4.3136,-59.1573,-0.00281618,-16.0218,-14.4684,-45.6004,-47.1538,-0.00217080,-0.00224475,-0.00011734,16.8454,14.9860,-0.0494,-0.6419,-0.0525,218.8151,12.9896,13.0801,17.0694,10.3857,11.0045,21.0062,31.5093,42.0124,42.1647,10.5412,0.0,3.81775,3.831594,1.530778,30,171,130,2,0.04358735,-0.00293352,0.13859161,0E-8,0.000000,0.889618,0.000000,-0.14797496,2026-03-22,2026-08-05,96,1173,774,137,0.700730,0.766291,0.776478,0.145291,,,,,,,,GLOBAL_BASELINE_NO_ENTITY_RANKING,,,NOT_APPLICABLE_GLOBAL_BASELINE,HF9g-P5,,,,X 全窗基线 · 不参与实体赏罚,3926906,393,A168_HF9F_20260827_0900,2026-08-27 09:00:00
2026-05-01,91797317,-1,1,21.0061968280,-21.0061968280,-21.0061968280,0E-7,2,2,0.49324550000000000,0.493245500000,-1.3952362676504506,-1.3952362676504506,-1.3952362676504506,0E-17,SENTINEL_DEALER,R03b_20260811_FULL_v1,L1_ELIGIBILITY,v2026-08-11,2026-03-21..2026-08-06,baccarat_bet02_101_all_pairs_incl_sentinel,round_win = game_pnl > 0 (decisive only),COMPATIBILITY_ONLY_NOT_PRODUCTION,21006.2458,18687.5319,-61.6222,1247,1247,0.00293352,-0.13859161,0.00938335,0.00293352,61.6222,21006.2458,OK,0.0000,-2.4649,4.0000,96.0000,AG03-UNRESOLVED,ALL5_LEVELS_bet23_to_bet27,-2.4649,-2.4649,-2.4649,-4.3136,-4.3136,4.000000,4.000000,4.000000,7.000000,7.000000,96.000000,96.000000,96.000000,93.000000,93.000000,5.0,-16.0218,-14.4684,-45.6004,-47.1538,PENDING_AG03,FALSE,NOT_FOR_ENFORCEMENT,-59.1573,17940.0307,-61.6222,-59.1573,-2.4649,-0.00293352,-0.00281618,-2.4649,-59.1573,-0.00281618,-2.4649,-2.4649,-2.4649,-4.3136,-4.3136,-59.1573,-0.00281618,-16.0218,-14.4684,-45.6004,-47.1538,-0.00217080,-0.00224475,-0.00011734,16.8454,14.9860,-0.0494,-0.6419,-0.0525,218.8151,12.9896,13.0801,17.0694,10.3857,11.0045,21.0062,31.5093,42.0124,42.1647,10.5412,0.0,3.81775,3.831594,1.530778,30,171,130,2,0.04358735,-0.00293352,0.13859161,0E-8,0.000000,0.889618,0.000000,-0.14797496,2026-03-22,2026-08-05,96,1173,774,137,0.700730,0.766291,0.776478,0.145291,,,,,,,,GLOBAL_BASELINE_NO_ENTITY_RANKING,,,NOT_APPLICABLE_GLOBAL_BASELINE,HF9g-P5,,,,X 全窗基线 · 不参与实体赏罚,3926907,393,A168_HF9F_20260827_0900,2026-08-27 09:00:00
2026-05-01,91797317,1004,0,26.2577460351,-26.2577460351,-26.2577460351,0E-7,1,1,0.49324550000000000,0.493245500000,-0.9865810262130424,-0.9865810262130424,-0.9865810262130424,0E-17,ELIGIBLE,R03b_20260811_FULL_v1,L1_ELIGIBILITY,v2026-08-11,2026-03-21..2026-08-06,baccarat_bet02_101_all_pairs_incl_sentinel,round_win = game_pnl > 0 (decisive only),COMPATIBILITY_ONLY_NOT_PRODUCTION,21006.2458,18687.5319,-61.6222,1247,1247,0.00293352,-0.13859161,0.00938335,0.00293352,61.6222,21006.2458,OK,0.0000,-2.4649,4.0000,96.0000,AG03-UNRESOLVED,ALL5_LEVELS_bet23_to_bet27,-2.4649,-2.4649,-2.4649,-4.3136,-4.3136,4.000000,4.000000,4.000000,7.000000,7.000000,96.000000,96.000000,96.000000,93.000000,93.000000,5.0,-16.0218,-14.4684,-45.6004,-47.1538,PENDING_AG03,FALSE,NOT_FOR_ENFORCEMENT,-59.1573,17940.0307,-61.6222,-59.1573,-2.4649,-0.00293352,-0.00281618,-2.4649,-59.1573,-0.00281618,-2.4649,-2.4649,-2.4649,-4.3136,-4.3136,-59.1573,-0.00281618,-16.0218,-14.4684,-45.6004,-47.1538,-0.00217080,-0.00224475,-0.00011734,16.8454,14.9860,-0.0494,-0.6419,-0.0525,218.8151,12.9896,13.0801,17.0694,10.3857,11.0045,21.0062,31.5093,42.0124,42.1647,10.5412,0.0,3.81775,3.831594,1.530778,30,171,130,2,0.04358735,-0.00293352,0.13859161,0E-8,0.000000,0.889618,0.000000,-0.14797496,2026-03-22,2026-08-05,96,1173,774,137,0.700730,0.766291,0.776478,0.145291,,,,,,,,GLOBAL_BASELINE_NO_ENTITY_RANKING,,,NOT_APPLICABLE_GLOBAL_BASELINE,HF9g-P5,,,,X 全窗基线 · 不参与实体赏罚,3926908,393,A168_HF9F_20260827_0900,2026-08-27 09:00:00
2026-05-01,91797317,1078,0,6.3018590484,6.3018590484,6.3018590484,1.0000000,1,1,0.49324550000000000,0.493245500000,1.01360149184955,1.01360149184955,1.01360149184955,0E-17,ELIGIBLE,R03b_20260811_FULL_v1,L1_ELIGIBILITY,v2026-08-11,2026-03-21..2026-08-06,baccarat_bet02_101_all_pairs_incl_sentinel,round_win = game_pnl > 0 (decisive only),COMPATIBILITY_ONLY_NOT_PRODUCTION,21006.2458,18687.5319,-61.6222,1247,1247,0.00293352,-0.13859161,0.00938335,0.00293352,61.6222,21006.2458,OK,0.0000,-2.4649,4.0000,96.0000,AG03-UNRESOLVED,ALL5_LEVELS_bet23_to_bet27,-2.4649,-2.4649,-2.4649,-4.3136,-4.3136,4.000000,4.000000,4.000000,7.000000,7.000000,96.000000,96.000000,96.000000,93.000000,93.000000,5.0,-16.0218,-14.4684,-45.6004,-47.1538,PENDING_AG03,FALSE,NOT_FOR_ENFORCEMENT,-59.1573,17940.0307,-61.6222,-59.1573,-2.4649,-0.00293352,-0.00281618,-2.4649,-59.1573,-0.00281618,-2.4649,-2.4649,-2.4649,-4.3136,-4.3136,-59.1573,-0.00281618,-16.0218,-14.4684,-45.6004,-47.1538,-0.00217080,-0.00224475,-0.00011734,16.8454,14.9860,-0.0494,-0.6419,-0.0525,218.8151,12.9896,13.0801,17.0694,10.3857,11.0045,21.0062,31.5093,42.0124,42.1647,10.5412,0.0,3.81775,3.831594,1.530778,30,171,130,2,0.04358735,-0.00293352,0.13859161,0E-8,0.000000,0.889618,0.000000,-0.14797496,2026-03-22,2026-08-05,96,1173,774,137,0.700730,0.766291,0.776478,0.145291,,,,,,,,GLOBAL_BASELINE_NO_ENTITY_RANKING,,,NOT_APPLICABLE_GLOBAL_BASELINE,HF9g-P5,,,,X 全窗基线 · 不参与实体赏罚,3926909,393,A168_HF9F_20260827_0900,2026-08-27 09:00:00
2026-05-01,91797317,1505,0,6.3018590484,6.3018590484,6.3018590484,1.0000000,1,1,0.49324550000000000,0.493245500000,1.01360149184955,1.01360149184955,1.01360149184955,0E-17,ELIGIBLE,R03b_20260811_FULL_v1,L1_ELIGIBILITY,v2026-08-11,2026-03-21..2026-08-06,baccarat_bet02_101_all_pairs_incl_sentinel,round_win = game_pnl > 0 (decisive only),COMPATIBILITY_ONLY_NOT_PRODUCTION,21006.2458,18687.5319,-61.6222,1247,1247,0.00293352,-0.13859161,0.00938335,0.00293352,61.6222,21006.2458,OK,0.0000,-2.4649,4.0000,96.0000,AG03-UNRESOLVED,ALL5_LEVELS_bet23_to_bet27,-2.4649,-2.4649,-2.4649,-4.3136,-4.3136,4.000000,4.000000,4.000000,7.000000,7.000000,96.000000,96.000000,96.000000,93.000000,93.000000,5.0,-16.0218,-14.4684,-45.6004,-47.1538,PENDING_AG03,FALSE,NOT_FOR_ENFORCEMENT,-59.1573,17940.0307,-61.6222,-59.1573,-2.4649,-0.00293352,-0.00281618,-2.4649,-59.1573,-0.00281618,-2.4649,-2.4649,-2.4649,-4.3136,-4.3136,-59.1573,-0.00281618,-16.0218,-14.4684,-45.6004,-47.1538,-0.00217080,-0.00224475,-0.00011734,16.8454,14.9860,-0.0494,-0.6419,-0.0525,218.8151,12.9896,13.0801,17.0694,10.3857,11.0045,21.0062,31.5093,42.0124,42.1647,10.5412,0.0,3.81775,3.831594,1.530778,30,171,130,2,0.04358735,-0.00293352,0.13859161,0E-8,0.000000,0.889618,0.000000,-0.14797496,2026-03-22,2026-08-05,96,1173,774,137,0.700730,0.766291,0.776478,0.145291,,,,,,,,GLOBAL_BASELINE_NO_ENTITY_RANKING,,,NOT_APPLICABLE_GLOBAL_BASELINE,HF9g-P5,,,,X 全窗基线 · 不参与实体赏罚,3926910,393,A168_HF9F_20260827_0900,2026-08-27 09:00:00
2026-05-01,91797317,2145,0,10.5030984140,10.5030984140,10.5030984140,1.0000000,1,1,0.49324550000000000,0.493245500000,1.01360149184955,1.01360149184955,1.01360149184955,0E-17,ELIGIBLE,R03b_20260811_FULL_v1,L1_ELIGIBILITY,v2026-08-11,2026-03-21..2026-08-06,baccarat_bet02_101_all_pairs_incl_sentinel,round_win = game_pnl > 0 (decisive only),COMPATIBILITY_ONLY_NOT_PRODUCTION,21006.2458,18687.5319,-61.6222,1247,1247,0.00293352,-0.13859161,0.00938335,0.00293352,61.6222,21006.2458,OK,0.0000,-2.4649,4.0000,96.0000,AG03-UNRESOLVED,ALL5_LEVELS_bet23_to_bet27,-2.4649,-2.4649,-2.4649,-4.3136,-4.3136,4.000000,4.000000,4.000000,7.000000,7.000000,96.000000,96.000000,96.000000,93.000000,93.000000,5.0,-16.0218,-14.4684,-45.6004,-47.1538,PENDING_AG03,FALSE,NOT_FOR_ENFORCEMENT,-59.1573,17940.0307,-61.6222,-59.1573,-2.4649,-0.00293352,-0.00281618,-2.4649,-59.1573,-0.00281618,-2.4649,-2.4649,-2.4649,-4.3136,-4.3136,-59.1573,-0.00281618,-16.0218,-14.4684,-45.6004,-47.1538,-0.00217080,-0.00224475,-0.00011734,16.8454,14.9860,-0.0494,-0.6419,-0.0525,218.8151,12.9896,13.0801,17.0694,10.3857,11.0045,21.0062,31.5093,42.0124,42.1647,10.5412,0.0,3.81775,3.831594,1.530778,30,171,130,2,0.04358735,-0.00293352,0.13859161,0E-8,0.000000,0.889618,0.000000,-0.14797496,2026-03-22,2026-08-05,96,1173,774,137,0.700730,0.766291,0.776478,0.145291,,,,,,,,GLOBAL_BASELINE_NO_ENTITY_RANKING,,,NOT_APPLICABLE_GLOBAL_BASELINE,HF9g-P5,,,,X 全窗基线 · 不参与实体赏罚,3926911,393,A168_HF9F_20260827_0900,2026-08-27 09:00:00
2026-05-01,91797317,2174,0,21.0061968281,-21.0061968281,-21.0061968281,0E-7,1,1,0.49324550000000000,0.493245500000,-0.9865810262130424,-0.9865810262130424,-0.9865810262130424,0E-17,ELIGIBLE,R03b_20260811_FULL_v1,L1_ELIGIBILITY,v2026-08-11,2026-03-21..2026-08-06,baccarat_bet02_101_all_pairs_incl_sentinel,round_win = game_pnl > 0 (decisive only),COMPATIBILITY_ONLY_NOT_PRODUCTION,21006.2458,18687.5319,-61.6222,1247,1247,0.00293352,-0.13859161,0.00938335,0.00293352,61.6222,21006.2458,OK,0.0000,-2.4649,4.0000,96.0000,AG03-UNRESOLVED,ALL5_LEVELS_bet23_to_bet27,-2.4649,-2.4649,-2.4649,-4.3136,-4.3136,4.000000,4.000000,4.000000,7.000000,7.000000,96.000000,96.000000,96.000000,93.000000,93.000000,5.0,-16.0218,-14.4684,-45.6004,-47.1538,PENDING_AG03,FALSE,NOT_FOR_ENFORCEMENT,-59.1573,17940.0307,-61.6222,-59.1573,-2.4649,-0.00293352,-0.00281618,-2.4649,-59.1573,-0.00281618,-2.4649,-2.4649,-2.4649,-4.3136,-4.3136,-59.1573,-0.00281618,-16.0218,-14.4684,-45.6004,-47.1538,-0.00217080,-0.00224475,-0.00011734,16.8454,14.9860,-0.0494,-0.6419,-0.0525,218.8151,12.9896,13.0801,17.0694,10.3857,11.0045,21.0062,31.5093,42.0124,42.1647,10.5412,0.0,3.81775,3.831594,1.530778,30,171,130,2,0.04358735,-0.00293352,0.13859161,0E-8,0.000000,0.889618,0.000000,-0.14797496,2026-03-22,2026-08-05,96,1173,774,137,0.700730,0.766291,0.776478,0.145291,,,,,,,,GLOBAL_BASELINE_NO_ENTITY_RANKING,,,NOT_APPLICABLE_GLOBAL_BASELINE,HF9g-P5,,,,X 全窗基线 · 不参与实体赏罚,3926912,393,A168_HF9F_20260827_0900,2026-08-27 09:00:00
2026-05-01,91797317,919,0,10.5030984140,10.5030984140,10.5030984140,1.0000000,1,1,0.49324550000000000,0.493245500000,1.01360149184955,1.01360149184955,1.01360149184955,0E-17,ELIGIBLE,R03b_20260811_FULL_v1,L1_ELIGIBILITY,v2026-08-11,2026-03-21..2026-08-06,baccarat_bet02_101_all_pairs_incl_sentinel,round_win = game_pnl > 0 (decisive only),COMPATIBILITY_ONLY_NOT_PRODUCTION,21006.2458,18687.5319,-61.6222,1247,1247,0.00293352,-0.13859161,0.00938335,0.00293352,61.6222,21006.2458,OK,0.0000,-2.4649,4.0000,96.0000,AG03-UNRESOLVED,ALL5_LEVELS_bet23_to_bet27,-2.4649,-2.4649,-2.4649,-4.3136,-4.3136,4.000000,4.000000,4.000000,7.000000,7.000000,96.000000,96.000000,96.000000,93.000000,93.000000,5.0,-16.0218,-14.4684,-45.6004,-47.1538,PENDING_AG03,FALSE,NOT_FOR_ENFORCEMENT,-59.1573,17940.0307,-61.6222,-59.1573,-2.4649,-0.00293352,-0.00281618,-2.4649,-59.1573,-0.00281618,-2.4649,-2.4649,-2.4649,-4.3136,-4.3136,-59.1573,-0.00281618,-16.0218,-14.4684,-45.6004,-47.1538,-0.00217080,-0.00224475,-0.00011734,16.8454,14.9860,-0.0494,-0.6419,-0.0525,218.8151,12.9896,13.0801,17.0694,10.3857,11.0045,21.0062,31.5093,42.0124,42.1647,10.5412,0.0,3.81775,3.831594,1.530778,30,171,130,2,0.04358735,-0.00293352,0.13859161,0E-8,0.000000,0.889618,0.000000,-0.14797496,2026-03-22,2026-08-05,96,1173,774,137,0.700730,0.766291,0.776478,0.145291,,,,,,,,GLOBAL_BASELINE_NO_ENTITY_RANKING,,,NOT_APPLICABLE_GLOBAL_BASELINE,HF9g-P5,,,,X 全窗基线 · 不参与实体赏罚,3926913,393,A168_HF9F_20260827_0900,2026-08-27 09:00:00
2026-05-01,91797317,948,0,6.3018590484,-6.3018590484,-6.3018590484,0E-7,1,1,0.49324550000000000,0.493245500000,-0.9865810262130424,-0.9865810262130424,-0.9865810262130424,0E-17,ELIGIBLE,R03b_20260811_FULL_v1,L1_ELIGIBILITY,v2026-08-11,2026-03-21..2026-08-06,baccarat_bet02_101_all_pairs_incl_sentinel,round_win = game_pnl > 0 (decisive only),COMPATIBILITY_ONLY_NOT_PRODUCTION,21006.2458,18687.5319,-61.6222,1247,1247,0.00293352,-0.13859161,0.00938335,0.00293352,61.6222,21006.2458,OK,0.0000,-2.4649,4.0000,96.0000,AG03-UNRESOLVED,ALL5_LEVELS_bet23_to_bet27,-2.4649,-2.4649,-2.4649,-4.3136,-4.3136,4.000000,4.000000,4.000000,7.000000,7.000000,96.000000,96.000000,96.000000,93.000000,93.000000,5.0,-16.0218,-14.4684,-45.6004,-47.1538,PENDING_AG03,FALSE,NOT_FOR_ENFORCEMENT,-59.1573,17940.0307,-61.6222,-59.1573,-2.4649,-0.00293352,-0.00281618,-2.4649,-59.1573,-0.00281618,-2.4649,-2.4649,-2.4649,-4.3136,-4.3136,-59.1573,-0.00281618,-16.0218,-14.4684,-45.6004,-47.1538,-0.00217080,-0.00224475,-0.00011734,16.8454,14.9860,-0.0494,-0.6419,-0.0525,218.8151,12.9896,13.0801,17.0694,10.3857,11.0045,21.0062,31.5093,42.0124,42.1647,10.5412,0.0,3.81775,3.831594,1.530778,30,171,130,2,0.04358735,-0.00293352,0.13859161,0E-8,0.000000,0.889618,0.000000,-0.14797496,2026-03-22,2026-08-05,96,1173,774,137,0.700730,0.766291,0.776478,0.145291,,,,,,,,GLOBAL_BASELINE_NO_ENTITY_RANKING,,,NOT_APPLICABLE_GLOBAL_BASELINE,HF9g-P5,,,,X 全窗基线 · 不参与实体赏罚,3926914,393,A168_HF9F_20260827_0900,2026-08-27 09:00:00
2026-05-02,91797317,-1,1,10.5030984140,10.5030984140,10.5030984140,1.0000000,1,1,0.49324550000000000,0.493245500000,1.01360149184955,1.01360149184955,1.01360149184955,0E-17,SENTINEL_DEALER,R03b_20260811_FULL_v1,L1_ELIGIBILITY,v2026-08-11,2026-03-21..2026-08-06,baccarat_bet02_101_all_pairs_incl_sentinel,round_win = game_pnl > 0 (decisive only),COMPATIBILITY_ONLY_NOT_PRODUCTION,21006.2458,18687.5319,-61.6222,1247,1247,0.00293352,-0.13859161,0.00938335,0.00293352,61.6222,21006.2458,OK,0.0000,-2.4649,4.0000,96.0000,AG03-UNRESOLVED,ALL5_LEVELS_bet23_to_bet27,-2.4649,-2.4649,-2.4649,-4.3136,-4.3136,4.000000,4.000000,4.000000,7.000000,7.000000,96.000000,96.000000,96.000000,93.000000,93.000000,5.0,-16.0218,-14.4684,-45.6004,-47.1538,PENDING_AG03,FALSE,NOT_FOR_ENFORCEMENT,-59.1573,17940.0307,-61.6222,-59.1573,-2.4649,-0.00293352,-0.00281618,-2.4649,-59.1573,-0.00281618,-2.4649,-2.4649,-2.4649,-4.3136,-4.3136,-59.1573,-0.00281618,-16.0218,-14.4684,-45.6004,-47.1538,-0.00217080,-0.00224475,-0.00011734,16.8454,14.9860,-0.0494,-0.6419,-0.0525,218.8151,12.9896,13.0801,17.0694,10.3857,11.0045,21.0062,31.5093,42.0124,42.1647,10.5412,0.0,3.81775,3.831594,1.530778,30,171,130,2,0.04358735,-0.00293352,0.13859161,0E-8,0.000000,0.889618,0.000000,-0.14797496,2026-03-22,2026-08-05,96,1173,774,137,0.700730,0.766291,0.776478,0.145291,,,,,,,,GLOBAL_BASELINE_NO_ENTITY_RANKING,,,NOT_APPLICABLE_GLOBAL_BASELINE,HF9g-P5,,,,X 全窗基线 · 不参与实体赏罚,3926915,393,A168_HF9F_20260827_0900,2026-08-27 09:00:00
2026-05-02,91797317,1115,0,6.3018590484,6.3018590484,6.3018590484,1.0000000,1,1,0.49324550000000000,0.493245500000,1.01360149184955,1.01360149184955,1.01360149184955,0E-17,ELIGIBLE,R03b_20260811_FULL_v1,L1_ELIGIBILITY,v2026-08-11,2026-03-21..2026-08-06,baccarat_bet02_101_all_pairs_incl_sentinel,round_win = game_pnl > 0 (decisive only),COMPATIBILITY_ONLY_NOT_PRODUCTION,21006.2458,18687.5319,-61.6222,1247,1247,0.00293352,-0.13859161,0.00938335,0.00293352,61.6222,21006.2458,OK,0.0000,-2.4649,4.0000,96.0000,AG03-UNRESOLVED,ALL5_LEVELS_bet23_to_bet27,-2.4649,-2.4649,-2.4649,-4.3136,-4.3136,4.000000,4.000000,4.000000,7.000000,7.000000,96.000000,96.000000,96.000000,93.000000,93.000000,5.0,-16.0218,-14.4684,-45.6004,-47.1538,PENDING_AG03,FALSE,NOT_FOR_ENFORCEMENT,-59.1573,17940.0307,-61.6222,-59.1573,-2.4649,-0.00293352,-0.00281618,-2.4649,-59.1573,-0.00281618,-2.4649,-2.4649,-2.4649,-4.3136,-4.3136,-59.1573,-0.00281618,-16.0218,-14.4684,-45.6004,-47.1538,-0.00217080,-0.00224475,-0.00011734,16.8454,14.9860,-0.0494,-0.6419,-0.0525,218.8151,12.9896,13.0801,17.0694,10.3857,11.0045,21.0062,31.5093,42.0124,42.1647,10.5412,0.0,3.81775,3.831594,1.530778,30,171,130,2,0.04358735,-0.00293352,0.13859161,0E-8,0.000000,0.889618,0.000000,-0.14797496,2026-03-22,2026-08-05,96,1173,774,137,0.700730,0.766291,0.776478,0.145291,,,,,,,,GLOBAL_BASELINE_NO_ENTITY_RANKING,,,NOT_APPLICABLE_GLOBAL_BASELINE,HF9g-P5,,,,X 全窗基线 · 不参与实体赏罚,3926916,393,A168_HF9F_20260827_0900,2026-08-27 09:00:00
2026-05-02,91797317,1306,0,6.3018590484,-6.3018590484,-6.3018590484,0E-7,1,1,0.49324550000000000,0.493245500000,-0.9865810262130424,-0.9865810262130424,-0.9865810262130424,0E-17,ELIGIBLE,R03b_20260811_FULL_v1,L1_ELIGIBILITY,v2026-08-11,2026-03-21..2026-08-06,baccarat_bet02_101_all_pairs_incl_sentinel,round_win = game_pnl > 0 (decisive only),COMPATIBILITY_ONLY_NOT_PRODUCTION,21006.2458,18687.5319,-61.6222,1247,1247,0.00293352,-0.13859161,0.00938335,0.00293352,61.6222,21006.2458,OK,0.0000,-2.4649,4.0000,96.0000,AG03-UNRESOLVED,ALL5_LEVELS_bet23_to_bet27,-2.4649,-2.4649,-2.4649,-4.3136,-4.3136,4.000000,4.000000,4.000000,7.000000,7.000000,96.000000,96.000000,96.000000,93.000000,93.000000,5.0,-16.0218,-14.4684,-45.6004,-47.1538,PENDING_AG03,FALSE,NOT_FOR_ENFORCEMENT,-59.1573,17940.0307,-61.6222,-59.1573,-2.4649,-0.00293352,-0.00281618,-2.4649,-59.1573,-0.00281618,-2.4649,-2.4649,-2.4649,-4.3136,-4.3136,-59.1573,-0.00281618,-16.0218,-14.4684,-45.6004,-47.1538,-0.00217080,-0.00224475,-0.00011734,16.8454,14.9860,-0.0494,-0.6419,-0.0525,218.8151,12.9896,13.0801,17.0694,10.3857,11.0045,21.0062,31.5093,42.0124,42.1647,10.5412,0.0,3.81775,3.831594,1.530778,30,171,130,2,0.04358735,-0.00293352,0.13859161,0E-8,0.000000,0.889618,0.000000,-0.14797496,2026-03-22,2026-08-05,96,1173,774,137,0.700730,0.766291,0.776478,0.145291,,,,,,,,GLOBAL_BASELINE_NO_ENTITY_RANKING,,,NOT_APPLICABLE_GLOBAL_BASELINE,HF9g-P5,,,,X 全窗基线 · 不参与实体赏罚,3926917,393,A168_HF9F_20260827_0900,2026-08-27 09:00:00
2026-05-02,91797317,1402,0,6.3018590484,-6.3018590484,-6.3018590484,0E-7,1,1,0.49324550000000000,0.493245500000,-0.9865810262130424,-0.9865810262130424,-0.9865810262130424,0E-17,ELIGIBLE,R03b_20260811_FULL_v1,L1_ELIGIBILITY,v2026-08-11,2026-03-21..2026-08-06,baccarat_bet02_101_all_pairs_incl_sentinel,round_win = game_pnl > 0 (decisive only),COMPATIBILITY_ONLY_NOT_PRODUCTION,21006.2458,18687.5319,-61.6222,1247,1247,0.00293352,-0.13859161,0.00938335,0.00293352,61.6222,21006.2458,OK,0.0000,-2.4649,4.0000,96.0000,AG03-UNRESOLVED,ALL5_LEVELS_bet23_to_bet27,-2.4649,-2.4649,-2.4649,-4.3136,-4.3136,4.000000,4.000000,4.000000,7.000000,7.000000,96.000000,96.000000,96.000000,93.000000,93.000000,5.0,-16.0218,-14.4684,-45.6004,-47.1538,PENDING_AG03,FALSE,NOT_FOR_ENFORCEMENT,-59.1573,17940.0307,-61.6222,-59.1573,-2.4649,-0.00293352,-0.00281618,-2.4649,-59.1573,-0.00281618,-2.4649,-2.4649,-2.4649,-4.3136,-4.3136,-59.1573,-0.00281618,-16.0218,-14.4684,-45.6004,-47.1538,-0.00217080,-0.00224475,-0.00011734,16.8454,14.9860,-0.0494,-0.6419,-0.0525,218.8151,12.9896,13.0801,17.0694,10.3857,11.0045,21.0062,31.5093,42.0124,42.1647,10.5412,0.0,3.81775,3.831594,1.530778,30,171,130,2,0.04358735,-0.00293352,0.13859161,0E-8,0.000000,0.889618,0.000000,-0.14797496,2026-03-22,2026-08-05,96,1173,774,137,0.700730,0.766291,0.776478,0.145291,,,,,,,,GLOBAL_BASELINE_NO_ENTITY_RANKING,,,NOT_APPLICABLE_GLOBAL_BASELINE,HF9g-P5,,,,X 全窗基线 · 不参与实体赏罚,3926918,393,A168_HF9F_20260827_0900,2026-08-27 09:00:00
2026-05-02,91797317,2224,0,10.5030984140,0E-10,0E-10,,1,1,0.49324550000000000,0.493245500000,,,,0E-17,NO_DECISIVE_ROUND,R03b_20260811_FULL_v1,L1_ELIGIBILITY,v2026-08-11,2026-03-21..2026-08-06,baccarat_bet02_101_all_pairs_incl_sentinel,round_win = game_pnl > 0 (decisive only),COMPATIBILITY_ONLY_NOT_PRODUCTION,21006.2458,18687.5319,-61.6222,1247,1247,0.00293352,-0.13859161,0.00938335,0.00293352,61.6222,21006.2458,OK,0.0000,-2.4649,4.0000,96.0000,AG03-UNRESOLVED,ALL5_LEVELS_bet23_to_bet27,-2.4649,-2.4649,-2.4649,-4.3136,-4.3136,4.000000,4.000000,4.000000,7.000000,7.000000,96.000000,96.000000,96.000000,93.000000,93.000000,5.0,-16.0218,-14.4684,-45.6004,-47.1538,PENDING_AG03,FALSE,NOT_FOR_ENFORCEMENT,-59.1573,17940.0307,-61.6222,-59.1573,-2.4649,-0.00293352,-0.00281618,-2.4649,-59.1573,-0.00281618,-2.4649,-2.4649,-2.4649,-4.3136,-4.3136,-59.1573,-0.00281618,-16.0218,-14.4684,-45.6004,-47.1538,-0.00217080,-0.00224475,-0.00011734,16.8454,14.9860,-0.0494,-0.6419,-0.0525,218.8151,12.9896,13.0801,17.0694,10.3857,11.0045,21.0062,31.5093,42.0124,42.1647,10.5412,0.0,3.81775,3.831594,1.530778,30,171,130,2,0.04358735,-0.00293352,0.13859161,0E-8,0.000000,0.889618,0.000000,-0.14797496,2026-03-22,2026-08-05,96,1173,774,137,0.700730,0.766291,0.776478,0.145291,,,,,,,,GLOBAL_BASELINE_NO_ENTITY_RANKING,,,NOT_APPLICABLE_GLOBAL_BASELINE,HF9g-P5,,,,X 全窗基线 · 不参与实体赏罚,3926919,393,A168_HF9F_20260827_0900,2026-08-27 09:00:00
2026-05-02,91797317,2233,0,16.8049574624,-16.8049574624,-16.8049574624,0E-7,2,2,0.49324550000000000,0.493245500000,-1.3952362676504506,-1.3952362676504506,-1.3952362676504506,0E-17,ELIGIBLE,R03b_20260811_FULL_v1,L1_ELIGIBILITY,v2026-08-11,2026-03-21..2026-08-06,baccarat_bet02_101_all_pairs_incl_sentinel,round_win = game_pnl > 0 (decisive only),COMPATIBILITY_ONLY_NOT_PRODUCTION,21006.2458,18687.5319,-61.6222,1247,1247,0.00293352,-0.13859161,0.00938335,0.00293352,61.6222,21006.2458,OK,0.0000,-2.4649,4.0000,96.0000,AG03-UNRESOLVED,ALL5_LEVELS_bet23_to_bet27,-2.4649,-2.4649,-2.4649,-4.3136,-4.3136,4.000000,4.000000,4.000000,7.000000,7.000000,96.000000,96.000000,96.000000,93.000000,93.000000,5.0,-16.0218,-14.4684,-45.6004,-47.1538,PENDING_AG03,FALSE,NOT_FOR_ENFORCEMENT,-59.1573,17940.0307,-61.6222,-59.1573,-2.4649,-0.00293352,-0.00281618,-2.4649,-59.1573,-0.00281618,-2.4649,-2.4649,-2.4649,-4.3136,-4.3136,-59.1573,-0.00281618,-16.0218,-14.4684,-45.6004,-47.1538,-0.00217080,-0.00224475,-0.00011734,16.8454,14.9860,-0.0494,-0.6419,-0.0525,218.8151,12.9896,13.0801,17.0694,10.3857,11.0045,21.0062,31.5093,42.0124,42.1647,10.5412,0.0,3.81775,3.831594,1.530778,30,171,130,2,0.04358735,-0.00293352,0.13859161,0E-8,0.000000,0.889618,0.000000,-0.14797496,2026-03-22,2026-08-05,96,1173,774,137,0.700730,0.766291,0.776478,0.145291,,,,,,,,GLOBAL_BASELINE_NO_ENTITY_RANKING,,,NOT_APPLICABLE_GLOBAL_BASELINE,HF9g-P5,,,,X 全窗基线 · 不参与实体赏罚,3926920,393,A168_HF9F_20260827_0900,2026-08-27 09:00:00
2026-05-02,91797317,2234,0,10.5030984140,-10.5030984140,-10.5030984140,0E-7,1,1,0.49324550000000000,0.493245500000,-0.9865810262130424,-0.9865810262130424,-0.9865810262130424,0E-17,ELIGIBLE,R03b_20260811_FULL_v1,L1_ELIGIBILITY,v2026-08-11,2026-03-21..2026-08-06,baccarat_bet02_101_all_pairs_incl_sentinel,round_win = game_pnl > 0 (decisive only),COMPATIBILITY_ONLY_NOT_PRODUCTION,21006.2458,18687.5319,-61.6222,1247,1247,0.00293352,-0.13859161,0.00938335,0.00293352,61.6222,21006.2458,OK,0.0000,-2.4649,4.0000,96.0000,AG03-UNRESOLVED,ALL5_LEVELS_bet23_to_bet27,-2.4649,-2.4649,-2.4649,-4.3136,-4.3136,4.000000,4.000000,4.000000,7.000000,7.000000,96.000000,96.000000,96.000000,93.000000,93.000000,5.0,-16.0218,-14.4684,-45.6004,-47.1538,PENDING_AG03,FALSE,NOT_FOR_ENFORCEMENT,-59.1573,17940.0307,-61.6222,-59.1573,-2.4649,-0.00293352,-0.00281618,-2.4649,-59.1573,-0.00281618,-2.4649,-2.4649,-2.4649,-4.3136,-4.3136,-59.1573,-0.00281618,-16.0218,-14.4684,-45.6004,-47.1538,-0.00217080,-0.00224475,-0.00011734,16.8454,14.9860,-0.0494,-0.6419,-0.0525,218.8151,12.9896,13.0801,17.0694,10.3857,11.0045,21.0062,31.5093,42.0124,42.1647,10.5412,0.0,3.81775,3.831594,1.530778,30,171,130,2,0.04358735,-0.00293352,0.13859161,0E-8,0.000000,0.889618,0.000000,-0.14797496,2026-03-22,2026-08-05,96,1173,774,137,0.700730,0.766291,0.776478,0.145291,,,,,,,,GLOBAL_BASELINE_NO_ENTITY_RANKING,,,NOT_APPLICABLE_GLOBAL_BASELINE,HF9g-P5,,,,X 全窗基线 · 不参与实体赏罚,3926921,393,A168_HF9F_20260827_0900,2026-08-27 09:00:00
2026-05-02,91797317,550,0,10.5030984140,-10.5030984140,-10.5030984140,0E-7,1,1,0.49324550000000000,0.493245500000,-0.9865810262130424,-0.9865810262130424,-0.9865810262130424,0E-17,ELIGIBLE,R03b_20260811_FULL_v1,L1_ELIGIBILITY,v2026-08-11,2026-03-21..2026-08-06,baccarat_bet02_101_all_pairs_incl_sentinel,round_win = game_pnl > 0 (decisive only),COMPATIBILITY_ONLY_NOT_PRODUCTION,21006.2458,18687.5319,-61.6222,1247,1247,0.00293352,-0.13859161,0.00938335,0.00293352,61.6222,21006.2458,OK,0.0000,-2.4649,4.0000,96.0000,AG03-UNRESOLVED,ALL5_LEVELS_bet23_to_bet27,-2.4649,-2.4649,-2.4649,-4.3136,-4.3136,4.000000,4.000000,4.000000,7.000000,7.000000,96.000000,96.000000,96.000000,93.000000,93.000000,5.0,-16.0218,-14.4684,-45.6004,-47.1538,PENDING_AG03,FALSE,NOT_FOR_ENFORCEMENT,-59.1573,17940.0307,-61.6222,-59.1573,-2.4649,-0.00293352,-0.00281618,-2.4649,-59.1573,-0.00281618,-2.4649,-2.4649,-2.4649,-4.3136,-4.3136,-59.1573,-0.00281618,-16.0218,-14.4684,-45.6004,-47.1538,-0.00217080,-0.00224475,-0.00011734,16.8454,14.9860,-0.0494,-0.6419,-0.0525,218.8151,12.9896,13.0801,17.0694,10.3857,11.0045,21.0062,31.5093,42.0124,42.1647,10.5412,0.0,3.81775,3.831594,1.530778,30,171,130,2,0.04358735,-0.00293352,0.13859161,0E-8,0.000000,0.889618,0.000000,-0.14797496,2026-03-22,2026-08-05,96,1173,774,137,0.700730,0.766291,0.776478,0.145291,,,,,,,,GLOBAL_BASELINE_NO_ENTITY_RANKING,,,NOT_APPLICABLE_GLOBAL_BASELINE,HF9g-P5,,,,X 全窗基线 · 不参与实体赏罚,3926922,393,A168_HF9F_20260827_0900,2026-08-27 09:00:00
2026-05-04,91797317,-1,1,77.7229282639,18.9055771453,18.9055771453,0.6666667,5,5,0.49324550000000000,0.493245500000,0.6008033672792107,0.6008033672792106,0.6008033672792107,0E-17,SENTINEL_DEALER,R03b_20260811_FULL_v1,L1_ELIGIBILITY,v2026-08-11,2026-03-21..2026-08-06,baccarat_bet02_101_all_pairs_incl_sentinel,round_win = game_pnl > 0 (decisive only),COMPATIBILITY_ONLY_NOT_PRODUCTION,21006.2458,18687.5319,-61.6222,1247,1247,0.00293352,-0.13859161,0.00938335,0.00293352,61.6222,21006.2458,OK,0.0000,-2.4649,4.0000,96.0000,AG03-UNRESOLVED,ALL5_LEVELS_bet23_to_bet27,-2.4649,-2.4649,-2.4649,-4.3136,-4.3136,4.000000,4.000000,4.000000,7.000000,7.000000,96.000000,96.000000,96.000000,93.000000,93.000000,5.0,-16.0218,-14.4684,-45.6004,-47.1538,PENDING_AG03,FALSE,NOT_FOR_ENFORCEMENT,-59.1573,17940.0307,-61.6222,-59.1573,-2.4649,-0.00293352,-0.00281618,-2.4649,-59.1573,-0.00281618,-2.4649,-2.4649,-2.4649,-4.3136,-4.3136,-59.1573,-0.00281618,-16.0218,-14.4684,-45.6004,-47.1538,-0.00217080,-0.00224475,-0.00011734,16.8454,14.9860,-0.0494,-0.6419,-0.0525,218.8151,12.9896,13.0801,17.0694,10.3857,11.0045,21.0062,31.5093,42.0124,42.1647,10.5412,0.0,3.81775,3.831594,1.530778,30,171,130,2,0.04358735,-0.00293352,0.13859161,0E-8,0.000000,0.889618,0.000000,-0.14797496,2026-03-22,2026-08-05,96,1173,774,137,0.700730,0.766291,0.776478,0.145291,,,,,,,,GLOBAL_BASELINE_NO_ENTITY_RANKING,,,NOT_APPLICABLE_GLOBAL_BASELINE,HF9g-P5,,,,X 全窗基线 · 不参与实体赏罚,3926923,393,A168_HF9F_20260827_0900,2026-08-27 09:00:00
2026-05-04,91797317,1210,0,21.0061968281,21.0061968281,21.0061968281,1.0000000,1,1,0.49324550000000000,0.493245500000,1.01360149184955,1.01360149184955,1.01360149184955,0E-17,ELIGIBLE,R03b_20260811_FULL_v1,L1_ELIGIBILITY,v2026-08-11,2026-03-21..2026-08-06,baccarat_bet02_101_all_pairs_incl_sentinel,round_win = game_pnl > 0 (decisive only),COMPATIBILITY_ONLY_NOT_PRODUCTION,21006.2458,18687.5319,-61.6222,1247,1247,0.00293352,-0.13859161,0.00938335,0.00293352,61.6222,21006.2458,OK,0.0000,-2.4649,4.0000,96.0000,AG03-UNRESOLVED,ALL5_LEVELS_bet23_to_bet27,-2.4649,-2.4649,-2.4649,-4.3136,-4.3136,4.000000,4.000000,4.000000,7.000000,7.000000,96.000000,96.000000,96.000000,93.000000,93.000000,5.0,-16.0218,-14.4684,-45.6004,-47.1538,PENDING_AG03,FALSE,NOT_FOR_ENFORCEMENT,-59.1573,17940.0307,-61.6222,-59.1573,-2.4649,-0.00293352,-0.00281618,-2.4649,-59.1573,-0.00281618,-2.4649,-2.4649,-2.4649,-4.3136,-4.3136,-59.1573,-0.00281618,-16.0218,-14.4684,-45.6004,-47.1538,-0.00217080,-0.00224475,-0.00011734,16.8454,14.9860,-0.0494,-0.6419,-0.0525,218.8151,12.9896,13.0801,17.0694,10.3857,11.0045,21.0062,31.5093,42.0124,42.1647,10.5412,0.0,3.81775,3.831594,1.530778,30,171,130,2,0.04358735,-0.00293352,0.13859161,0E-8,0.000000,0.889618,0.000000,-0.14797496,2026-03-22,2026-08-05,96,1173,774,137,0.700730,0.766291,0.776478,0.145291,,,,,,,,GLOBAL_BASELINE_NO_ENTITY_RANKING,,,NOT_APPLICABLE_GLOBAL_BASELINE,HF9g-P5,,,,X 全窗基线 · 不参与实体赏罚,3926924,393,A168_HF9F_20260827_0900,2026-08-27 09:00:00
2026-05-04,91797317,1330,0,21.0061968281,21.0061968281,21.0061968281,1.0000000,1,1,0.49324550000000000,0.493245500000,1.01360149184955,1.01360149184955,1.01360149184955,0E-17,ELIGIBLE,R03b_20260811_FULL_v1,L1_ELIGIBILITY,v2026-08-11,2026-03-21..2026-08-06,baccarat_bet02_101_all_pairs_incl_sentinel,round_win = game_pnl > 0 (decisive only),COMPATIBILITY_ONLY_NOT_PRODUCTION,21006.2458,18687.5319,-61.6222,1247,1247,0.00293352,-0.13859161,0.00938335,0.00293352,61.6222,21006.2458,OK,0.0000,-2.4649,4.0000,96.0000,AG03-UNRESOLVED,ALL5_LEVELS_bet23_to_bet27,-2.4649,-2.4649,-2.4649,-4.3136,-4.3136,4.000000,4.000000,4.000000,7.000000,7.000000,96.000000,96.000000,96.000000,93.000000,93.000000,5.0,-16.0218,-14.4684,-45.6004,-47.1538,PENDING_AG03,FALSE,NOT_FOR_ENFORCEMENT,-59.1573,17940.0307,-61.6222,-59.1573,-2.4649,-0.00293352,-0.00281618,-2.4649,-59.1573,-0.00281618,-2.4649,-2.4649,-2.4649,-4.3136,-4.3136,-59.1573,-0.00281618,-16.0218,-14.4684,-45.6004,-47.1538,-0.00217080,-0.00224475,-0.00011734,16.8454,14.9860,-0.0494,-0.6419,-0.0525,218.8151,12.9896,13.0801,17.0694,10.3857,11.0045,21.0062,31.5093,42.0124,42.1647,10.5412,0.0,3.81775,3.831594,1.530778,30,171,130,2,0.04358735,-0.00293352,0.13859161,0E-8,0.000000,0.889618,0.000000,-0.14797496,2026-03-22,2026-08-05,96,1173,774,137,0.700730,0.766291,0.776478,0.145291,,,,,,,,GLOBAL_BASELINE_NO_ENTITY_RANKING,,,NOT_APPLICABLE_GLOBAL_BASELINE,HF9g-P5,,,,X 全窗基线 · 不参与实体赏罚,3926925,393,A168_HF9F_20260827_0900,2026-08-27 09:00:00
2026-05-04,91797317,1382,0,21.0061968281,-21.0061968281,-21.0061968281,0E-7,1,1,0.49324550000000000,0.493245500000,-0.9865810262130424,-0.9865810262130424,-0.9865810262130424,0E-17,ELIGIBLE,R03b_20260811_FULL_v1,L1_ELIGIBILITY,v2026-08-11,2026-03-21..2026-08-06,baccarat_bet02_101_all_pairs_incl_sentinel,round_win = game_pnl > 0 (decisive only),COMPATIBILITY_ONLY_NOT_PRODUCTION,21006.2458,18687.5319,-61.6222,1247,1247,0.00293352,-0.13859161,0.00938335,0.00293352,61.6222,21006.2458,OK,0.0000,-2.4649,4.0000,96.0000,AG03-UNRESOLVED,ALL5_LEVELS_bet23_to_bet27,-2.4649,-2.4649,-2.4649,-4.3136,-4.3136,4.000000,4.000000,4.000000,7.000000,7.000000,96.000000,96.000000,96.000000,93.000000,93.000000,5.0,-16.0218,-14.4684,-45.6004,-47.1538,PENDING_AG03,FALSE,NOT_FOR_ENFORCEMENT,-59.1573,17940.0307,-61.6222,-59.1573,-2.4649,-0.00293352,-0.00281618,-2.4649,-59.1573,-0.00281618,-2.4649,-2.4649,-2.4649,-4.3136,-4.3136,-59.1573,-0.00281618,-16.0218,-14.4684,-45.6004,-47.1538,-0.00217080,-0.00224475,-0.00011734,16.8454,14.9860,-0.0494,-0.6419,-0.0525,218.8151,12.9896,13.0801,17.0694,10.3857,11.0045,21.0062,31.5093,42.0124,42.1647,10.5412,0.0,3.81775,3.831594,1.530778,30,171,130,2,0.04358735,-0.00293352,0.13859161,0E-8,0.000000,0.889618,0.000000,-0.14797496,2026-03-22,2026-08-05,96,1173,774,137,0.700730,0.766291,0.776478,0.145291,,,,,,,,GLOBAL_BASELINE_NO_ENTITY_RANKING,,,NOT_APPLICABLE_GLOBAL_BASELINE,HF9g-P5,,,,X 全窗基线 · 不参与实体赏罚,3926926,393,A168_HF9F_20260827_0900,2026-08-27 09:00:00
2026-05-04,91797317,1505,0,6.3018590484,6.3018590484,6.3018590484,1.0000000,1,1,0.49324550000000000,0.493245500000,1.01360149184955,1.01360149184955,1.01360149184955,0E-17,ELIGIBLE,R03b_20260811_FULL_v1,L1_ELIGIBILITY,v2026-08-11,2026-03-21..2026-08-06,baccarat_bet02_101_all_pairs_incl_sentinel,round_win = game_pnl > 0 (decisive only),COMPATIBILITY_ONLY_NOT_PRODUCTION,21006.2458,18687.5319,-61.6222,1247,1247,0.00293352,-0.13859161,0.00938335,0.00293352,61.6222,21006.2458,OK,0.0000,-2.4649,4.0000,96.0000,AG03-UNRESOLVED,ALL5_LEVELS_bet23_to_bet27,-2.4649,-2.4649,-2.4649,-4.3136,-4.3136,4.000000,4.000000,4.000000,7.000000,7.000000,96.000000,96.000000,96.000000,93.000000,93.000000,5.0,-16.0218,-14.4684,-45.6004,-47.1538,PENDING_AG03,FALSE,NOT_FOR_ENFORCEMENT,-59.1573,17940.0307,-61.6222,-59.1573,-2.4649,-0.00293352,-0.00281618,-2.4649,-59.1573,-0.00281618,-2.4649,-2.4649,-2.4649,-4.3136,-4.3136,-59.1573,-0.00281618,-16.0218,-14.4684,-45.6004,-47.1538,-0.00217080,-0.00224475,-0.00011734,16.8454,14.9860,-0.0494,-0.6419,-0.0525,218.8151,12.9896,13.0801,17.0694,10.3857,11.0045,21.0062,31.5093,42.0124,42.1647,10.5412,0.0,3.81775,3.831594,1.530778,30,171,130,2,0.04358735,-0.00293352,0.13859161,0E-8,0.000000,0.889618,0.000000,-0.14797496,2026-03-22,2026-08-05,96,1173,774,137,0.700730,0.766291,0.776478,0.145291,,,,,,,,GLOBAL_BASELINE_NO_ENTITY_RANKING,,,NOT_APPLICABLE_GLOBAL_BASELINE,HF9g-P5,,,,X 全窗基线 · 不参与实体赏罚,3926927,393,A168_HF9F_20260827_0900,2026-08-27 09:00:00
2026-05-04,91797317,1704,0,10.5030984140,10.5030984140,10.5030984140,1.0000000,1,1,0.49324550000000000,0.493245500000,1.01360149184955,1.01360149184955,1.01360149184955,0E-17,ELIGIBLE,R03b_20260811_FULL_v1,L1_ELIGIBILITY,v2026-08-11,2026-03-21..2026-08-06,baccarat_bet02_101_all_pairs_incl_sentinel,round_win = game_pnl > 0 (decisive only),COMPATIBILITY_ONLY_NOT_PRODUCTION,21006.2458,18687.5319,-61.6222,1247,1247,0.00293352,-0.13859161,0.00938335,0.00293352,61.6222,21006.2458,OK,0.0000,-2.4649,4.0000,96.0000,AG03-UNRESOLVED,ALL5_LEVELS_bet23_to_bet27,-2.4649,-2.4649,-2.4649,-4.3136,-4.3136,4.000000,4.000000,4.000000,7.000000,7.000000,96.000000,96.000000,96.000000,93.000000,93.000000,5.0,-16.0218,-14.4684,-45.6004,-47.1538,PENDING_AG03,FALSE,NOT_FOR_ENFORCEMENT,-59.1573,17940.0307,-61.6222,-59.1573,-2.4649,-0.00293352,-0.00281618,-2.4649,-59.1573,-0.00281618,-2.4649,-2.4649,-2.4649,-4.3136,-4.3136,-59.1573,-0.00281618,-16.0218,-14.4684,-45.6004,-47.1538,-0.00217080,-0.00224475,-0.00011734,16.8454,14.9860,-0.0494,-0.6419,-0.0525,218.8151,12.9896,13.0801,17.0694,10.3857,11.0045,21.0062,31.5093,42.0124,42.1647,10.5412,0.0,3.81775,3.831594,1.530778,30,171,130,2,0.04358735,-0.00293352,0.13859161,0E-8,0.000000,0.889618,0.000000,-0.14797496,2026-03-22,2026-08-05,96,1173,774,137,0.700730,0.766291,0.776478,0.145291,,,,,,,,GLOBAL_BASELINE_NO_ENTITY_RANKING,,,NOT_APPLICABLE_GLOBAL_BASELINE,HF9g-P5,,,,X 全窗基线 · 不参与实体赏罚,3926928,393,A168_HF9F_20260827_0900,2026-08-27 09:00:00
2026-05-04,91797317,1750,0,6.3018590484,6.3018590484,6.3018590484,1.0000000,1,1,0.49324550000000000,0.493245500000,1.01360149184955,1.01360149184955,1.01360149184955,0E-17,ELIGIBLE,R03b_20260811_FULL_v1,L1_ELIGIBILITY,v2026-08-11,2026-03-21..2026-08-06,baccarat_bet02_101_all_pairs_incl_sentinel,round_win = game_pnl > 0 (decisive only),COMPATIBILITY_ONLY_NOT_PRODUCTION,21006.2458,18687.5319,-61.6222,1247,1247,0.00293352,-0.13859161,0.00938335,0.00293352,61.6222,21006.2458,OK,0.0000,-2.4649,4.0000,96.0000,AG03-UNRESOLVED,ALL5_LEVELS_bet23_to_bet27,-2.4649,-2.4649,-2.4649,-4.3136,-4.3136,4.000000,4.000000,4.000000,7.000000,7.000000,96.000000,96.000000,96.000000,93.000000,93.000000,5.0,-16.0218,-14.4684,-45.6004,-47.1538,PENDING_AG03,FALSE,NOT_FOR_ENFORCEMENT,-59.1573,17940.0307,-61.6222,-59.1573,-2.4649,-0.00293352,-0.00281618,-2.4649,-59.1573,-0.00281618,-2.4649,-2.4649,-2.4649,-4.3136,-4.3136,-59.1573,-0.00281618,-16.0218,-14.4684,-45.6004,-47.1538,-0.00217080,-0.00224475,-0.00011734,16.8454,14.9860,-0.0494,-0.6419,-0.0525,218.8151,12.9896,13.0801,17.0694,10.3857,11.0045,21.0062,31.5093,42.0124,42.1647,10.5412,0.0,3.81775,3.831594,1.530778,30,171,130,2,0.04358735,-0.00293352,0.13859161,0E-8,0.000000,0.889618,0.000000,-0.14797496,2026-03-22,2026-08-05,96,1173,774,137,0.700730,0.766291,0.776478,0.145291,,,,,,,,GLOBAL_BASELINE_NO_ENTITY_RANKING,,,NOT_APPLICABLE_GLOBAL_BASELINE,HF9g-P5,,,,X 全窗基线 · 不参与实体赏罚,3926929,393,A168_HF9F_20260827_0900,2026-08-27 09:00:00
2026-05-04,91797317,1935,0,9.4527885726,-9.4527885726,-9.4527885726,0E-7,1,1,0.49324550000000000,0.493245500000,-0.9865810262130424,-0.9865810262130424,-0.9865810262130424,0E-17,ELIGIBLE,R03b_20260811_FULL_v1,L1_ELIGIBILITY,v2026-08-11,2026-03-21..2026-08-06,baccarat_bet02_101_all_pairs_incl_sentinel,round_win = game_pnl > 0 (decisive only),COMPATIBILITY_ONLY_NOT_PRODUCTION,21006.2458,18687.5319,-61.6222,1247,1247,0.00293352,-0.13859161,0.00938335,0.00293352,61.6222,21006.2458,OK,0.0000,-2.4649,4.0000,96.0000,AG03-UNRESOLVED,ALL5_LEVELS_bet23_to_bet27,-2.4649,-2.4649,-2.4649,-4.3136,-4.3136,4.000000,4.000000,4.000000,7.000000,7.000000,96.000000,96.000000,96.000000,93.000000,93.000000,5.0,-16.0218,-14.4684,-45.6004,-47.1538,PENDING_AG03,FALSE,NOT_FOR_ENFORCEMENT,-59.1573,17940.0307,-61.6222,-59.1573,-2.4649,-0.00293352,-0.00281618,-2.4649,-59.1573,-0.00281618,-2.4649,-2.4649,-2.4649,-4.3136,-4.3136,-59.1573,-0.00281618,-16.0218,-14.4684,-45.6004,-47.1538,-0.00217080,-0.00224475,-0.00011734,16.8454,14.9860,-0.0494,-0.6419,-0.0525,218.8151,12.9896,13.0801,17.0694,10.3857,11.0045,21.0062,31.5093,42.0124,42.1647,10.5412,0.0,3.81775,3.831594,1.530778,30,171,130,2,0.04358735,-0.00293352,0.13859161,0E-8,0.000000,0.889618,0.000000,-0.14797496,2026-03-22,2026-08-05,96,1173,774,137,0.700730,0.766291,0.776478,0.145291,,,,,,,,GLOBAL_BASELINE_NO_ENTITY_RANKING,,,NOT_APPLICABLE_GLOBAL_BASELINE,HF9g-P5,,,,X 全窗基线 · 不参与实体赏罚,3926930,393,A168_HF9F_20260827_0900,2026-08-27 09:00:00
2026-05-04,91797317,2145,0,6.3018590484,-6.3018590484,-6.3018590484,0E-7,1,1,0.49324550000000000,0.493245500000,-0.9865810262130424,-0.9865810262130424,-0.9865810262130424,0E-17,ELIGIBLE,R03b_20260811_FULL_v1,L1_ELIGIBILITY,v2026-08-11,2026-03-21..2026-08-06,baccarat_bet02_101_all_pairs_incl_sentinel,round_win = game_pnl > 0 (decisive only),COMPATIBILITY_ONLY_NOT_PRODUCTION,21006.2458,18687.5319,-61.6222,1247,1247,0.00293352,-0.13859161,0.00938335,0.00293352,61.6222,21006.2458,OK,0.0000,-2.4649,4.0000,96.0000,AG03-UNRESOLVED,ALL5_LEVELS_bet23_to_bet27,-2.4649,-2.4649,-2.4649,-4.3136,-4.3136,4.000000,4.000000,4.000000,7.000000,7.000000,96.000000,96.000000,96.000000,93.000000,93.000000,5.0,-16.0218,-14.4684,-45.6004,-47.1538,PENDING_AG03,FALSE,NOT_FOR_ENFORCEMENT,-59.1573,17940.0307,-61.6222,-59.1573,-2.4649,-0.00293352,-0.00281618,-2.4649,-59.1573,-0.00281618,-2.4649,-2.4649,-2.4649,-4.3136,-4.3136,-59.1573,-0.00281618,-16.0218,-14.4684,-45.6004,-47.1538,-0.00217080,-0.00224475,-0.00011734,16.8454,14.9860,-0.0494,-0.6419,-0.0525,218.8151,12.9896,13.0801,17.0694,10.3857,11.0045,21.0062,31.5093,42.0124,42.1647,10.5412,0.0,3.81775,3.831594,1.530778,30,171,130,2,0.04358735,-0.00293352,0.13859161,0E-8,0.000000,0.889618,0.000000,-0.14797496,2026-03-22,2026-08-05,96,1173,774,137,0.700730,0.766291,0.776478,0.145291,,,,,,,,GLOBAL_BASELINE_NO_ENTITY_RANKING,,,NOT_APPLICABLE_GLOBAL_BASELINE,HF9g-P5,,,,X 全窗基线 · 不参与实体赏罚,3926931,393,A168_HF9F_20260827_0900,2026-08-27 09:00:00
2026-05-04,91797317,2254,0,10.5030984140,0E-10,0E-10,,1,1,0.49324550000000000,0.493245500000,,,,0E-17,NO_DECISIVE_ROUND,R03b_20260811_FULL_v1,L1_ELIGIBILITY,v2026-08-11,2026-03-21..2026-08-06,baccarat_bet02_101_all_pairs_incl_sentinel,round_win = game_pnl > 0 (decisive only),COMPATIBILITY_ONLY_NOT_PRODUCTION,21006.2458,18687.5319,-61.6222,1247,1247,0.00293352,-0.13859161,0.00938335,0.00293352,61.6222,21006.2458,OK,0.0000,-2.4649,4.0000,96.0000,AG03-UNRESOLVED,ALL5_LEVELS_bet23_to_bet27,-2.4649,-2.4649,-2.4649,-4.3136,-4.3136,4.000000,4.000000,4.000000,7.000000,7.000000,96.000000,96.000000,96.000000,93.000000,93.000000,5.0,-16.0218,-14.4684,-45.6004,-47.1538,PENDING_AG03,FALSE,NOT_FOR_ENFORCEMENT,-59.1573,17940.0307,-61.6222,-59.1573,-2.4649,-0.00293352,-0.00281618,-2.4649,-59.1573,-0.00281618,-2.4649,-2.4649,-2.4649,-4.3136,-4.3136,-59.1573,-0.00281618,-16.0218,-14.4684,-45.6004,-47.1538,-0.00217080,-0.00224475,-0.00011734,16.8454,14.9860,-0.0494,-0.6419,-0.0525,218.8151,12.9896,13.0801,17.0694,10.3857,11.0045,21.0062,31.5093,42.0124,42.1647,10.5412,0.0,3.81775,3.831594,1.530778,30,171,130,2,0.04358735,-0.00293352,0.13859161,0E-8,0.000000,0.889618,0.000000,-0.14797496,2026-03-22,2026-08-05,96,1173,774,137,0.700730,0.766291,0.776478,0.145291,,,,,,,,GLOBAL_BASELINE_NO_ENTITY_RANKING,,,NOT_APPLICABLE_GLOBAL_BASELINE,HF9g-P5,,,,X 全窗基线 · 不参与实体赏罚,3926932,393,A168_HF9F_20260827_0900,2026-08-27 09:00:00
2026-05-04,91797317,2256,0,10.5030984140,-10.5030984140,-10.5030984140,0E-7,1,1,0.49324550000000000,0.493245500000,-0.9865810262130424,-0.9865810262130424,-0.9865810262130424,0E-17,ELIGIBLE,R03b_20260811_FULL_v1,L1_ELIGIBILITY,v2026-08-11,2026-03-21..2026-08-06,baccarat_bet02_101_all_pairs_incl_sentinel,round_win = game_pnl > 0 (decisive only),COMPATIBILITY_ONLY_NOT_PRODUCTION,21006.2458,18687.5319,-61.6222,1247,1247,0.00293352,-0.13859161,0.00938335,0.00293352,61.6222,21006.2458,OK,0.0000,-2.4649,4.0000,96.0000,AG03-UNRESOLVED,ALL5_LEVELS_bet23_to_bet27,-2.4649,-2.4649,-2.4649,-4.3136,-4.3136,4.000000,4.000000,4.000000,7.000000,7.000000,96.000000,96.000000,96.000000,93.000000,93.000000,5.0,-16.0218,-14.4684,-45.6004,-47.1538,PENDING_AG03,FALSE,NOT_FOR_ENFORCEMENT,-59.1573,17940.0307,-61.6222,-59.1573,-2.4649,-0.00293352,-0.00281618,-2.4649,-59.1573,-0.00281618,-2.4649,-2.4649,-2.4649,-4.3136,-4.3136,-59.1573,-0.00281618,-16.0218,-14.4684,-45.6004,-47.1538,-0.00217080,-0.00224475,-0.00011734,16.8454,14.9860,-0.0494,-0.6419,-0.0525,218.8151,12.9896,13.0801,17.0694,10.3857,11.0045,21.0062,31.5093,42.0124,42.1647,10.5412,0.0,3.81775,3.831594,1.530778,30,171,130,2,0.04358735,-0.00293352,0.13859161,0E-8,0.000000,0.889618,0.000000,-0.14797496,2026-03-22,2026-08-05,96,1173,774,137,0.700730,0.766291,0.776478,0.145291,,,,,,,,GLOBAL_BASELINE_NO_ENTITY_RANKING,,,NOT_APPLICABLE_GLOBAL_BASELINE,HF9g-P5,,,,X 全窗基线 · 不参与实体赏罚,3926933,393,A168_HF9F_20260827_0900,2026-08-27 09:00:00
2026-05-04,91797317,550,0,10.5030984140,-10.5030984140,-10.5030984140,0E-7,1,1,0.49324550000000000,0.493245500000,-0.9865810262130424,-0.9865810262130424,-0.9865810262130424,0E-17,ELIGIBLE,R03b_20260811_FULL_v1,L1_ELIGIBILITY,v2026-08-11,2026-03-21..2026-08-06,baccarat_bet02_101_all_pairs_incl_sentinel,round_win = game_pnl > 0 (decisive only),COMPATIBILITY_ONLY_NOT_PRODUCTION,21006.2458,18687.5319,-61.6222,1247,1247,0.00293352,-0.13859161,0.00938335,0.00293352,61.6222,21006.2458,OK,0.0000,-2.4649,4.0000,96.0000,AG03-UNRESOLVED,ALL5_LEVELS_bet23_to_bet27,-2.4649,-2.4649,-2.4649,-4.3136,-4.3136,4.000000,4.000000,4.000000,7.000000,7.000000,96.000000,96.000000,96.000000,93.000000,93.000000,5.0,-16.0218,-14.4684,-45.6004,-47.1538,PENDING_AG03,FALSE,NOT_FOR_ENFORCEMENT,-59.1573,17940.0307,-61.6222,-59.1573,-2.4649,-0.00293352,-0.00281618,-2.4649,-59.1573,-0.00281618,-2.4649,-2.4649,-2.4649,-4.3136,-4.3136,-59.1573,-0.00281618,-16.0218,-14.4684,-45.6004,-47.1538,-0.00217080,-0.00224475,-0.00011734,16.8454,14.9860,-0.0494,-0.6419,-0.0525,218.8151,12.9896,13.0801,17.0694,10.3857,11.0045,21.0062,31.5093,42.0124,42.1647,10.5412,0.0,3.81775,3.831594,1.530778,30,171,130,2,0.04358735,-0.00293352,0.13859161,0E-8,0.000000,0.889618,0.000000,-0.14797496,2026-03-22,2026-08-05,96,1173,774,137,0.700730,0.766291,0.776478,0.145291,,,,,,,,GLOBAL_BASELINE_NO_ENTITY_RANKING,,,NOT_APPLICABLE_GLOBAL_BASELINE,HF9g-P5,,,,X 全窗基线 · 不参与实体赏罚,3926934,393,A168_HF9F_20260827_0900,2026-08-27 09:00:00
2026-05-04,91797317,948,0,6.3018590484,-6.3018590484,-6.3018590484,0E-7,1,1,0.49324550000000000,0.493245500000,-0.9865810262130424,-0.9865810262130424,-0.9865810262130424,0E-17,ELIGIBLE,R03b_20260811_FULL_v1,L1_ELIGIBILITY,v2026-08-11,2026-03-21..2026-08-06,baccarat_bet02_101_all_pairs_incl_sentinel,round_win = game_pnl > 0 (decisive only),COMPATIBILITY_ONLY_NOT_PRODUCTION,21006.2458,18687.5319,-61.6222,1247,1247,0.00293352,-0.13859161,0.00938335,0.00293352,61.6222,21006.2458,OK,0.0000,-2.4649,4.0000,96.0000,AG03-UNRESOLVED,ALL5_LEVELS_bet23_to_bet27,-2.4649,-2.4649,-2.4649,-4.3136,-4.3136,4.000000,4.000000,4.000000,7.000000,7.000000,96.000000,96.000000,96.000000,93.000000,93.000000,5.0,-16.0218,-14.4684,-45.6004,-47.1538,PENDING_AG03,FALSE,NOT_FOR_ENFORCEMENT,-59.1573,17940.0307,-61.6222,-59.1573,-2.4649,-0.00293352,-0.00281618,-2.4649,-59.1573,-0.00281618,-2.4649,-2.4649,-2.4649,-4.3136,-4.3136,-59.1573,-0.00281618,-16.0218,-14.4684,-45.6004,-47.1538,-0.00217080,-0.00224475,-0.00011734,16.8454,14.9860,-0.0494,-0.6419,-0.0525,218.8151,12.9896,13.0801,17.0694,10.3857,11.0045,21.0062,31.5093,42.0124,42.1647,10.5412,0.0,3.81775,3.831594,1.530778,30,171,130,2,0.04358735,-0.00293352,0.13859161,0E-8,0.000000,0.889618,0.000000,-0.14797496,2026-03-22,2026-08-05,96,1173,774,137,0.700730,0.766291,0.776478,0.145291,,,,,,,,GLOBAL_BASELINE_NO_ENTITY_RANKING,,,NOT_APPLICABLE_GLOBAL_BASELINE,HF9g-P5,,,,X 全窗基线 · 不参与实体赏罚,3926935,393,A168_HF9F_20260827_0900,2026-08-27 09:00:00
2026-05-05,91797317,-1,1,63.0185904841,31.5092952421,31.5092952421,0.7500000,5,5,0.49324550000000000,0.493245500000,1.0271117246678039,1.0271117246678039,1.0271117246678039,0E-17,SENTINEL_DEALER,R03b_20260811_FULL_v1,L1_ELIGIBILITY,v2026-08-11,2026-03-21..2026-08-06,baccarat_bet02_101_all_pairs_incl_sentinel,round_win = game_pnl > 0 (decisive only),COMPATIBILITY_ONLY_NOT_PRODUCTION,21006.2458,18687.5319,-61.6222,1247,1247,0.00293352,-0.13859161,0.00938335,0.00293352,61.6222,21006.2458,OK,0.0000,-2.4649,4.0000,96.0000,AG03-UNRESOLVED,ALL5_LEVELS_bet23_to_bet27,-2.4649,-2.4649,-2.4649,-4.3136,-4.3136,4.000000,4.000000,4.000000,7.000000,7.000000,96.000000,96.000000,96.000000,93.000000,93.000000,5.0,-16.0218,-14.4684,-45.6004,-47.1538,PENDING_AG03,FALSE,NOT_FOR_ENFORCEMENT,-59.1573,17940.0307,-61.6222,-59.1573,-2.4649,-0.00293352,-0.00281618,-2.4649,-59.1573,-0.00281618,-2.4649,-2.4649,-2.4649,-4.3136,-4.3136,-59.1573,-0.00281618,-16.0218,-14.4684,-45.6004,-47.1538,-0.00217080,-0.00224475,-0.00011734,16.8454,14.9860,-0.0494,-0.6419,-0.0525,218.8151,12.9896,13.0801,17.0694,10.3857,11.0045,21.0062,31.5093,42.0124,42.1647,10.5412,0.0,3.81775,3.831594,1.530778,30,171,130,2,0.04358735,-0.00293352,0.13859161,0E-8,0.000000,0.889618,0.000000,-0.14797496,2026-03-22,2026-08-05,96,1173,774,137,0.700730,0.766291,0.776478,0.145291,,,,,,,,GLOBAL_BASELINE_NO_ENTITY_RANKING,,,NOT_APPLICABLE_GLOBAL_BASELINE,HF9g-P5,,,,X 全窗基线 · 不参与实体赏罚,3926936,393,A168_HF9F_20260827_0900,2026-08-27 09:00:00
2026-05-05,91797317,1490,0,6.3018590484,-6.3018590484,-6.3018590484,0E-7,1,1,0.49324550000000000,0.493245500000,-0.9865810262130424,-0.9865810262130424,-0.9865810262130424,0E-17,ELIGIBLE,R03b_20260811_FULL_v1,L1_ELIGIBILITY,v2026-08-11,2026-03-21..2026-08-06,baccarat_bet02_101_all_pairs_incl_sentinel,round_win = game_pnl > 0 (decisive only),COMPATIBILITY_ONLY_NOT_PRODUCTION,21006.2458,18687.5319,-61.6222,1247,1247,0.00293352,-0.13859161,0.00938335,0.00293352,61.6222,21006.2458,OK,0.0000,-2.4649,4.0000,96.0000,AG03-UNRESOLVED,ALL5_LEVELS_bet23_to_bet27,-2.4649,-2.4649,-2.4649,-4.3136,-4.3136,4.000000,4.000000,4.000000,7.000000,7.000000,96.000000,96.000000,96.000000,93.000000,93.000000,5.0,-16.0218,-14.4684,-45.6004,-47.1538,PENDING_AG03,FALSE,NOT_FOR_ENFORCEMENT,-59.1573,17940.0307,-61.6222,-59.1573,-2.4649,-0.00293352,-0.00281618,-2.4649,-59.1573,-0.00281618,-2.4649,-2.4649,-2.4649,-4.3136,-4.3136,-59.1573,-0.00281618,-16.0218,-14.4684,-45.6004,-47.1538,-0.00217080,-0.00224475,-0.00011734,16.8454,14.9860,-0.0494,-0.6419,-0.0525,218.8151,12.9896,13.0801,17.0694,10.3857,11.0045,21.0062,31.5093,42.0124,42.1647,10.5412,0.0,3.81775,3.831594,1.530778,30,171,130,2,0.04358735,-0.00293352,0.13859161,0E-8,0.000000,0.889618,0.000000,-0.14797496,2026-03-22,2026-08-05,96,1173,774,137,0.700730,0.766291,0.776478,0.145291,,,,,,,,GLOBAL_BASELINE_NO_ENTITY_RANKING,,,NOT_APPLICABLE_GLOBAL_BASELINE,HF9g-P5,,,,X 全窗基线 · 不参与实体赏罚,3926937,393,A168_HF9F_20260827_0900,2026-08-27 09:00:00
2026-05-05,91797317,1750,0,21.0061968281,-21.0061968281,-21.0061968281,0E-7,1,1,0.49324550000000000,0.493245500000,-0.9865810262130424,-0.9865810262130424,-0.9865810262130424,0E-17,ELIGIBLE,R03b_20260811_FULL_v1,L1_ELIGIBILITY,v2026-08-11,2026-03-21..2026-08-06,baccarat_bet02_101_all_pairs_incl_sentinel,round_win = game_pnl > 0 (decisive only),COMPATIBILITY_ONLY_NOT_PRODUCTION,21006.2458,18687.5319,-61.6222,1247,1247,0.00293352,-0.13859161,0.00938335,0.00293352,61.6222,21006.2458,OK,0.0000,-2.4649,4.0000,96.0000,AG03-UNRESOLVED,ALL5_LEVELS_bet23_to_bet27,-2.4649,-2.4649,-2.4649,-4.3136,-4.3136,4.000000,4.000000,4.000000,7.000000,7.000000,96.000000,96.000000,96.000000,93.000000,93.000000,5.0,-16.0218,-14.4684,-45.6004,-47.1538,PENDING_AG03,FALSE,NOT_FOR_ENFORCEMENT,-59.1573,17940.0307,-61.6222,-59.1573,-2.4649,-0.00293352,-0.00281618,-2.4649,-59.1573,-0.00281618,-2.4649,-2.4649,-2.4649,-4.3136,-4.3136,-59.1573,-0.00281618,-16.0218,-14.4684,-45.6004,-47.1538,-0.00217080,-0.00224475,-0.00011734,16.8454,14.9860,-0.0494,-0.6419,-0.0525,218.8151,12.9896,13.0801,17.0694,10.3857,11.0045,21.0062,31.5093,42.0124,42.1647,10.5412,0.0,3.81775,3.831594,1.530778,30,171,130,2,0.04358735,-0.00293352,0.13859161,0E-8,0.000000,0.889618,0.000000,-0.14797496,2026-03-22,2026-08-05,96,1173,774,137,0.700730,0.766291,0.776478,0.145291,,,,,,,,GLOBAL_BASELINE_NO_ENTITY_RANKING,,,NOT_APPLICABLE_GLOBAL_BASELINE,HF9g-P5,,,,X 全窗基线 · 不参与实体赏罚,3926938,393,A168_HF9F_20260827_0900,2026-08-27 09:00:00
2026-05-05,91797317,2103,0,21.0061968281,21.0061968281,21.0061968281,1.0000000,1,1,0.49324550000000000,0.493245500000,1.01360149184955,1.01360149184955,1.01360149184955,0E-17,ELIGIBLE,R03b_20260811_FULL_v1,L1_ELIGIBILITY,v2026-08-11,2026-03-21..2026-08-06,baccarat_bet02_101_all_pairs_incl_sentinel,round_win = game_pnl > 0 (decisive only),COMPATIBILITY_ONLY_NOT_PRODUCTION,21006.2458,18687.5319,-61.6222,1247,1247,0.00293352,-0.13859161,0.00938335,0.00293352,61.6222,21006.2458,OK,0.0000,-2.4649,4.0000,96.0000,AG03-UNRESOLVED,ALL5_LEVELS_bet23_to_bet27,-2.4649,-2.4649,-2.4649,-4.3136,-4.3136,4.000000,4.000000,4.000000,7.000000,7.000000,96.000000,96.000000,96.000000,93.000000,93.000000,5.0,-16.0218,-14.4684,-45.6004,-47.1538,PENDING_AG03,FALSE,NOT_FOR_ENFORCEMENT,-59.1573,17940.0307,-61.6222,-59.1573,-2.4649,-0.00293352,-0.00281618,-2.4649,-59.1573,-0.00281618,-2.4649,-2.4649,-2.4649,-4.3136,-4.3136,-59.1573,-0.00281618,-16.0218,-14.4684,-45.6004,-47.1538,-0.00217080,-0.00224475,-0.00011734,16.8454,14.9860,-0.0494,-0.6419,-0.0525,218.8151,12.9896,13.0801,17.0694,10.3857,11.0045,21.0062,31.5093,42.0124,42.1647,10.5412,0.0,3.81775,3.831594,1.530778,30,171,130,2,0.04358735,-0.00293352,0.13859161,0E-8,0.000000,0.889618,0.000000,-0.14797496,2026-03-22,2026-08-05,96,1173,774,137,0.700730,0.766291,0.776478,0.145291,,,,,,,,GLOBAL_BASELINE_NO_ENTITY_RANKING,,,NOT_APPLICABLE_GLOBAL_BASELINE,HF9g-P5,,,,X 全窗基线 · 不参与实体赏罚,3926939,393,A168_HF9F_20260827_0900,2026-08-27 09:00:00
2026-05-05,91797317,2123,0,10.5030984140,-10.5030984140,-10.5030984140,0E-7,1,1,0.49324550000000000,0.493245500000,-0.9865810262130424,-0.9865810262130424,-0.9865810262130424,0E-17,ELIGIBLE,R03b_20260811_FULL_v1,L1_ELIGIBILITY,v2026-08-11,2026-03-21..2026-08-06,baccarat_bet02_101_all_pairs_incl_sentinel,round_win = game_pnl > 0 (decisive only),COMPATIBILITY_ONLY_NOT_PRODUCTION,21006.2458,18687.5319,-61.6222,1247,1247,0.00293352,-0.13859161,0.00938335,0.00293352,61.6222,21006.2458,OK,0.0000,-2.4649,4.0000,96.0000,AG03-UNRESOLVED,ALL5_LEVELS_bet23_to_bet27,-2.4649,-2.4649,-2.4649,-4.3136,-4.3136,4.000000,4.000000,4.000000,7.000000,7.000000,96.000000,96.000000,96.000000,93.000000,93.000000,5.0,-16.0218,-14.4684,-45.6004,-47.1538,PENDING_AG03,FALSE,NOT_FOR_ENFORCEMENT,-59.1573,17940.0307,-61.6222,-59.1573,-2.4649,-0.00293352,-0.00281618,-2.4649,-59.1573,-0.00281618,-2.4649,-2.4649,-2.4649,-4.3136,-4.3136,-59.1573,-0.00281618,-16.0218,-14.4684,-45.6004,-47.1538,-0.00217080,-0.00224475,-0.00011734,16.8454,14.9860,-0.0494,-0.6419,-0.0525,218.8151,12.9896,13.0801,17.0694,10.3857,11.0045,21.0062,31.5093,42.0124,42.1647,10.5412,0.0,3.81775,3.831594,1.530778,30,171,130,2,0.04358735,-0.00293352,0.13859161,0E-8,0.000000,0.889618,0.000000,-0.14797496,2026-03-22,2026-08-05,96,1173,774,137,0.700730,0.766291,0.776478,0.145291,,,,,,,,GLOBAL_BASELINE_NO_ENTITY_RANKING,,,NOT_APPLICABLE_GLOBAL_BASELINE,HF9g-P5,,,,X 全窗基线 · 不参与实体赏罚,3926940,393,A168_HF9F_20260827_0900,2026-08-27 09:00:00
2026-05-05,91797317,2140,0,10.5030984140,10.5030984140,10.5030984140,1.0000000,1,1,0.49324550000000000,0.493245500000,1.01360149184955,1.01360149184955,1.01360149184955,0E-17,ELIGIBLE,R03b_20260811_FULL_v1,L1_ELIGIBILITY,v2026-08-11,2026-03-21..2026-08-06,baccarat_bet02_101_all_pairs_incl_sentinel,round_win = game_pnl > 0 (decisive only),COMPATIBILITY_ONLY_NOT_PRODUCTION,21006.2458,18687.5319,-61.6222,1247,1247,0.00293352,-0.13859161,0.00938335,0.00293352,61.6222,21006.2458,OK,0.0000,-2.4649,4.0000,96.0000,AG03-UNRESOLVED,ALL5_LEVELS_bet23_to_bet27,-2.4649,-2.4649,-2.4649,-4.3136,-4.3136,4.000000,4.000000,4.000000,7.000000,7.000000,96.000000,96.000000,96.000000,93.000000,93.000000,5.0,-16.0218,-14.4684,-45.6004,-47.1538,PENDING_AG03,FALSE,NOT_FOR_ENFORCEMENT,-59.1573,17940.0307,-61.6222,-59.1573,-2.4649,-0.00293352,-0.00281618,-2.4649,-59.1573,-0.00281618,-2.4649,-2.4649,-2.4649,-4.3136,-4.3136,-59.1573,-0.00281618,-16.0218,-14.4684,-45.6004,-47.1538,-0.00217080,-0.00224475,-0.00011734,16.8454,14.9860,-0.0494,-0.6419,-0.0525,218.8151,12.9896,13.0801,17.0694,10.3857,11.0045,21.0062,31.5093,42.0124,42.1647,10.5412,0.0,3.81775,3.831594,1.530778,30,171,130,2,0.04358735,-0.00293352,0.13859161,0E-8,0.000000,0.889618,0.000000,-0.14797496,2026-03-22,2026-08-05,96,1173,774,137,0.700730,0.766291,0.776478,0.145291,,,,,,,,GLOBAL_BASELINE_NO_ENTITY_RANKING,,,NOT_APPLICABLE_GLOBAL_BASELINE,HF9g-P5,,,,X 全窗基线 · 不参与实体赏罚,3926941,393,A168_HF9F_20260827_0900,2026-08-27 09:00:00
2026-05-05,91797317,2167,0,21.0061968281,-21.0061968281,-21.0061968281,0E-7,1,1,0.49324550000000000,0.493245500000,-0.9865810262130424,-0.9865810262130424,-0.9865810262130424,0E-17,ELIGIBLE,R03b_20260811_FULL_v1,L1_ELIGIBILITY,v2026-08-11,2026-03-21..2026-08-06,baccarat_bet02_101_all_pairs_incl_sentinel,round_win = game_pnl > 0 (decisive only),COMPATIBILITY_ONLY_NOT_PRODUCTION,21006.2458,18687.5319,-61.6222,1247,1247,0.00293352,-0.13859161,0.00938335,0.00293352,61.6222,21006.2458,OK,0.0000,-2.4649,4.0000,96.0000,AG03-UNRESOLVED,ALL5_LEVELS_bet23_to_bet27,-2.4649,-2.4649,-2.4649,-4.3136,-4.3136,4.000000,4.000000,4.000000,7.000000,7.000000,96.000000,96.000000,96.000000,93.000000,93.000000,5.0,-16.0218,-14.4684,-45.6004,-47.1538,PENDING_AG03,FALSE,NOT_FOR_ENFORCEMENT,-59.1573,17940.0307,-61.6222,-59.1573,-2.4649,-0.00293352,-0.00281618,-2.4649,-59.1573,-0.00281618,-2.4649,-2.4649,-2.4649,-4.3136,-4.3136,-59.1573,-0.00281618,-16.0218,-14.4684,-45.6004,-47.1538,-0.00217080,-0.00224475,-0.00011734,16.8454,14.9860,-0.0494,-0.6419,-0.0525,218.8151,12.9896,13.0801,17.0694,10.3857,11.0045,21.0062,31.5093,42.0124,42.1647,10.5412,0.0,3.81775,3.831594,1.530778,30,171,130,2,0.04358735,-0.00293352,0.13859161,0E-8,0.000000,0.889618,0.000000,-0.14797496,2026-03-22,2026-08-05,96,1173,774,137,0.700730,0.766291,0.776478,0.145291,,,,,,,,GLOBAL_BASELINE_NO_ENTITY_RANKING,,,NOT_APPLICABLE_GLOBAL_BASELINE,HF9g-P5,,,,X 全窗基线 · 不参与实体赏罚,3926942,393,A168_HF9F_20260827_0900,2026-08-27 09:00:00
2026-05-05,91797317,2174,0,21.0061968281,-21.0061968281,-21.0061968281,0E-7,1,1,0.49324550000000000,0.493245500000,-0.9865810262130424,-0.9865810262130424,-0.9865810262130424,0E-17,ELIGIBLE,R03b_20260811_FULL_v1,L1_ELIGIBILITY,v2026-08-11,2026-03-21..2026-08-06,baccarat_bet02_101_all_pairs_incl_sentinel,round_win = game_pnl > 0 (decisive only),COMPATIBILITY_ONLY_NOT_PRODUCTION,21006.2458,18687.5319,-61.6222,1247,1247,0.00293352,-0.13859161,0.00938335,0.00293352,61.6222,21006.2458,OK,0.0000,-2.4649,4.0000,96.0000,AG03-UNRESOLVED,ALL5_LEVELS_bet23_to_bet27,-2.4649,-2.4649,-2.4649,-4.3136,-4.3136,4.000000,4.000000,4.000000,7.000000,7.000000,96.000000,96.000000,96.000000,93.000000,93.000000,5.0,-16.0218,-14.4684,-45.6004,-47.1538,PENDING_AG03,FALSE,NOT_FOR_ENFORCEMENT,-59.1573,17940.0307,-61.6222,-59.1573,-2.4649,-0.00293352,-0.00281618,-2.4649,-59.1573,-0.00281618,-2.4649,-2.4649,-2.4649,-4.3136,-4.3136,-59.1573,-0.00281618,-16.0218,-14.4684,-45.6004,-47.1538,-0.00217080,-0.00224475,-0.00011734,16.8454,14.9860,-0.0494,-0.6419,-0.0525,218.8151,12.9896,13.0801,17.0694,10.3857,11.0045,21.0062,31.5093,42.0124,42.1647,10.5412,0.0,3.81775,3.831594,1.530778,30,171,130,2,0.04358735,-0.00293352,0.13859161,0E-8,0.000000,0.889618,0.000000,-0.14797496,2026-03-22,2026-08-05,96,1173,774,137,0.700730,0.766291,0.776478,0.145291,,,,,,,,GLOBAL_BASELINE_NO_ENTITY_RANKING,,,NOT_APPLICABLE_GLOBAL_BASELINE,HF9g-P5,,,,X 全窗基线 · 不参与实体赏罚,3926943,393,A168_HF9F_20260827_0900,2026-08-27 09:00:00
2026-05-05,91797317,2216,0,6.3018590484,0E-10,0E-10,,1,1,0.49324550000000000,0.493245500000,,,,0E-17,NO_DECISIVE_ROUND,R03b_20260811_FULL_v1,L1_ELIGIBILITY,v2026-08-11,2026-03-21..2026-08-06,baccarat_bet02_101_all_pairs_incl_sentinel,round_win = game_pnl > 0 (decisive only),COMPATIBILITY_ONLY_NOT_PRODUCTION,21006.2458,18687.5319,-61.6222,1247,1247,0.00293352,-0.13859161,0.00938335,0.00293352,61.6222,21006.2458,OK,0.0000,-2.4649,4.0000,96.0000,AG03-UNRESOLVED,ALL5_LEVELS_bet23_to_bet27,-2.4649,-2.4649,-2.4649,-4.3136,-4.3136,4.000000,4.000000,4.000000,7.000000,7.000000,96.000000,96.000000,96.000000,93.000000,93.000000,5.0,-16.0218,-14.4684,-45.6004,-47.1538,PENDING_AG03,FALSE,NOT_FOR_ENFORCEMENT,-59.1573,17940.0307,-61.6222,-59.1573,-2.4649,-0.00293352,-0.00281618,-2.4649,-59.1573,-0.00281618,-2.4649,-2.4649,-2.4649,-4.3136,-4.3136,-59.1573,-0.00281618,-16.0218,-14.4684,-45.6004,-47.1538,-0.00217080,-0.00224475,-0.00011734,16.8454,14.9860,-0.0494,-0.6419,-0.0525,218.8151,12.9896,13.0801,17.0694,10.3857,11.0045,21.0062,31.5093,42.0124,42.1647,10.5412,0.0,3.81775,3.831594,1.530778,30,171,130,2,0.04358735,-0.00293352,0.13859161,0E-8,0.000000,0.889618,0.000000,-0.14797496,2026-03-22,2026-08-05,96,1173,774,137,0.700730,0.766291,0.776478,0.145291,,,,,,,,GLOBAL_BASELINE_NO_ENTITY_RANKING,,,NOT_APPLICABLE_GLOBAL_BASELINE,HF9g-P5,,,,X 全窗基线 · 不参与实体赏罚,3926944,393,A168_HF9F_20260827_0900,2026-08-27 09:00:00
2026-05-05,91797317,2223,0,31.5092952421,10.5030984141,10.5030984141,0.5000000,2,2,0.49324550000000000,0.493245500000,0.01910635448239258,0.01910635448239258,0.01910635448239258,0E-17,ELIGIBLE,R03b_20260811_FULL_v1,L1_ELIGIBILITY,v2026-08-11,2026-03-21..2026-08-06,baccarat_bet02_101_all_pairs_incl_sentinel,round_win = game_pnl > 0 (decisive only),COMPATIBILITY_ONLY_NOT_PRODUCTION,21006.2458,18687.5319,-61.6222,1247,1247,0.00293352,-0.13859161,0.00938335,0.00293352,61.6222,21006.2458,OK,0.0000,-2.4649,4.0000,96.0000,AG03-UNRESOLVED,ALL5_LEVELS_bet23_to_bet27,-2.4649,-2.4649,-2.4649,-4.3136,-4.3136,4.000000,4.000000,4.000000,7.000000,7.000000,96.000000,96.000000,96.000000,93.000000,93.000000,5.0,-16.0218,-14.4684,-45.6004,-47.1538,PENDING_AG03,FALSE,NOT_FOR_ENFORCEMENT,-59.1573,17940.0307,-61.6222,-59.1573,-2.4649,-0.00293352,-0.00281618,-2.4649,-59.1573,-0.00281618,-2.4649,-2.4649,-2.4649,-4.3136,-4.3136,-59.1573,-0.00281618,-16.0218,-14.4684,-45.6004,-47.1538,-0.00217080,-0.00224475,-0.00011734,16.8454,14.9860,-0.0494,-0.6419,-0.0525,218.8151,12.9896,13.0801,17.0694,10.3857,11.0045,21.0062,31.5093,42.0124,42.1647,10.5412,0.0,3.81775,3.831594,1.530778,30,171,130,2,0.04358735,-0.00293352,0.13859161,0E-8,0.000000,0.889618,0.000000,-0.14797496,2026-03-22,2026-08-05,96,1173,774,137,0.700730,0.766291,0.776478,0.145291,,,,,,,,GLOBAL_BASELINE_NO_ENTITY_RANKING,,,NOT_APPLICABLE_GLOBAL_BASELINE,HF9g-P5,,,,X 全窗基线 · 不参与实体赏罚,3926945,393,A168_HF9F_20260827_0900,2026-08-27 09:00:00
2026-05-05,91797317,2251,0,21.0061968281,21.0061968281,21.0061968281,1.0000000,1,1,0.49324550000000000,0.493245500000,1.01360149184955,1.01360149184955,1.01360149184955,0E-17,ELIGIBLE,R03b_20260811_FULL_v1,L1_ELIGIBILITY,v2026-08-11,2026-03-21..2026-08-06,baccarat_bet02_101_all_pairs_incl_sentinel,round_win = game_pnl > 0 (decisive only),COMPATIBILITY_ONLY_NOT_PRODUCTION,21006.2458,18687.5319,-61.6222,1247,1247,0.00293352,-0.13859161,0.00938335,0.00293352,61.6222,21006.2458,OK,0.0000,-2.4649,4.0000,96.0000,AG03-UNRESOLVED,ALL5_LEVELS_bet23_to_bet27,-2.4649,-2.4649,-2.4649,-4.3136,-4.3136,4.000000,4.000000,4.000000,7.000000,7.000000,96.000000,96.000000,96.000000,93.000000,93.000000,5.0,-16.0218,-14.4684,-45.6004,-47.1538,PENDING_AG03,FALSE,NOT_FOR_ENFORCEMENT,-59.1573,17940.0307,-61.6222,-59.1573,-2.4649,-0.00293352,-0.00281618,-2.4649,-59.1573,-0.00281618,-2.4649,-2.4649,-2.4649,-4.3136,-4.3136,-59.1573,-0.00281618,-16.0218,-14.4684,-45.6004,-47.1538,-0.00217080,-0.00224475,-0.00011734,16.8454,14.9860,-0.0494,-0.6419,-0.0525,218.8151,12.9896,13.0801,17.0694,10.3857,11.0045,21.0062,31.5093,42.0124,42.1647,10.5412,0.0,3.81775,3.831594,1.530778,30,171,130,2,0.04358735,-0.00293352,0.13859161,0E-8,0.000000,0.889618,0.000000,-0.14797496,2026-03-22,2026-08-05,96,1173,774,137,0.700730,0.766291,0.776478,0.145291,,,,,,,,GLOBAL_BASELINE_NO_ENTITY_RANKING,,,NOT_APPLICABLE_GLOBAL_BASELINE,HF9g-P5,,,,X 全窗基线 · 不参与实体赏罚,3926946,393,A168_HF9F_20260827_0900,2026-08-27 09:00:00
2026-05-05,91797317,2252,0,10.5030984140,-10.5030984140,-10.5030984140,0E-7,1,1,0.49324550000000000,0.493245500000,-0.9865810262130424,-0.9865810262130424,-0.9865810262130424,0E-17,ELIGIBLE,R03b_20260811_FULL_v1,L1_ELIGIBILITY,v2026-08-11,2026-03-21..2026-08-06,baccarat_bet02_101_all_pairs_incl_sentinel,round_win = game_pnl > 0 (decisive only),COMPATIBILITY_ONLY_NOT_PRODUCTION,21006.2458,18687.5319,-61.6222,1247,1247,0.00293352,-0.13859161,0.00938335,0.00293352,61.6222,21006.2458,OK,0.0000,-2.4649,4.0000,96.0000,AG03-UNRESOLVED,ALL5_LEVELS_bet23_to_bet27,-2.4649,-2.4649,-2.4649,-4.3136,-4.3136,4.000000,4.000000,4.000000,7.000000,7.000000,96.000000,96.000000,96.000000,93.000000,93.000000,5.0,-16.0218,-14.4684,-45.6004,-47.1538,PENDING_AG03,FALSE,NOT_FOR_ENFORCEMENT,-59.1573,17940.0307,-61.6222,-59.1573,-2.4649,-0.00293352,-0.00281618,-2.4649,-59.1573,-0.00281618,-2.4649,-2.4649,-2.4649,-4.3136,-4.3136,-59.1573,-0.00281618,-16.0218,-14.4684,-45.6004,-47.1538,-0.00217080,-0.00224475,-0.00011734,16.8454,14.9860,-0.0494,-0.6419,-0.0525,218.8151,12.9896,13.0801,17.0694,10.3857,11.0045,21.0062,31.5093,42.0124,42.1647,10.5412,0.0,3.81775,3.831594,1.530778,30,171,130,2,0.04358735,-0.00293352,0.13859161,0E-8,0.000000,0.889618,0.000000,-0.14797496,2026-03-22,2026-08-05,96,1173,774,137,0.700730,0.766291,0.776478,0.145291,,,,,,,,GLOBAL_BASELINE_NO_ENTITY_RANKING,,,NOT_APPLICABLE_GLOBAL_BASELINE,HF9g-P5,,,,X 全窗基线 · 不参与实体赏罚,3926947,393,A168_HF9F_20260827_0900,2026-08-27 09:00:00
2026-05-05,91797317,626,0,10.5030984140,0E-10,0E-10,,1,1,0.49324550000000000,0.493245500000,,,,0E-17,NO_DECISIVE_ROUND,R03b_20260811_FULL_v1,L1_ELIGIBILITY,v2026-08-11,2026-03-21..2026-08-06,baccarat_bet02_101_all_pairs_incl_sentinel,round_win = game_pnl > 0 (decisive only),COMPATIBILITY_ONLY_NOT_PRODUCTION,21006.2458,18687.5319,-61.6222,1247,1247,0.00293352,-0.13859161,0.00938335,0.00293352,61.6222,21006.2458,OK,0.0000,-2.4649,4.0000,96.0000,AG03-UNRESOLVED,ALL5_LEVELS_bet23_to_bet27,-2.4649,-2.4649,-2.4649,-4.3136,-4.3136,4.000000,4.000000,4.000000,7.000000,7.000000,96.000000,96.000000,96.000000,93.000000,93.000000,5.0,-16.0218,-14.4684,-45.6004,-47.1538,PENDING_AG03,FALSE,NOT_FOR_ENFORCEMENT,-59.1573,17940.0307,-61.6222,-59.1573,-2.4649,-0.00293352,-0.00281618,-2.4649,-59.1573,-0.00281618,-2.4649,-2.4649,-2.4649,-4.3136,-4.3136,-59.1573,-0.00281618,-16.0218,-14.4684,-45.6004,-47.1538,-0.00217080,-0.00224475,-0.00011734,16.8454,14.9860,-0.0494,-0.6419,-0.0525,218.8151,12.9896,13.0801,17.0694,10.3857,11.0045,21.0062,31.5093,42.0124,42.1647,10.5412,0.0,3.81775,3.831594,1.530778,30,171,130,2,0.04358735,-0.00293352,0.13859161,0E-8,0.000000,0.889618,0.000000,-0.14797496,2026-03-22,2026-08-05,96,1173,774,137,0.700730,0.766291,0.776478,0.145291,,,,,,,,GLOBAL_BASELINE_NO_ENTITY_RANKING,,,NOT_APPLICABLE_GLOBAL_BASELINE,HF9g-P5,,,,X 全窗基线 · 不参与实体赏罚,3926948,393,A168_HF9F_20260827_0900,2026-08-27 09:00:00
2026-05-06,91797317,-1,1,21.0061968281,-21.0061968281,-21.0061968281,0E-7,1,1,0.49324550000000000,0.493245500000,-0.9865810262130424,-0.9865810262130424,-0.9865810262130424,0E-17,SENTINEL_DEALER,R03b_20260811_FULL_v1,L1_ELIGIBILITY,v2026-08-11,2026-03-21..2026-08-06,baccarat_bet02_101_all_pairs_incl_sentinel,round_win = game_pnl > 0 (decisive only),COMPATIBILITY_ONLY_NOT_PRODUCTION,21006.2458,18687.5319,-61.6222,1247,1247,0.00293352,-0.13859161,0.00938335,0.00293352,61.6222,21006.2458,OK,0.0000,-2.4649,4.0000,96.0000,AG03-UNRESOLVED,ALL5_LEVELS_bet23_to_bet27,-2.4649,-2.4649,-2.4649,-4.3136,-4.3136,4.000000,4.000000,4.000000,7.000000,7.000000,96.000000,96.000000,96.000000,93.000000,93.000000,5.0,-16.0218,-14.4684,-45.6004,-47.1538,PENDING_AG03,FALSE,NOT_FOR_ENFORCEMENT,-59.1573,17940.0307,-61.6222,-59.1573,-2.4649,-0.00293352,-0.00281618,-2.4649,-59.1573,-0.00281618,-2.4649,-2.4649,-2.4649,-4.3136,-4.3136,-59.1573,-0.00281618,-16.0218,-14.4684,-45.6004,-47.1538,-0.00217080,-0.00224475,-0.00011734,16.8454,14.9860,-0.0494,-0.6419,-0.0525,218.8151,12.9896,13.0801,17.0694,10.3857,11.0045,21.0062,31.5093,42.0124,42.1647,10.5412,0.0,3.81775,3.831594,1.530778,30,171,130,2,0.04358735,-0.00293352,0.13859161,0E-8,0.000000,0.889618,0.000000,-0.14797496,2026-03-22,2026-08-05,96,1173,774,137,0.700730,0.766291,0.776478,0.145291,,,,,,,,GLOBAL_BASELINE_NO_ENTITY_RANKING,,,NOT_APPLICABLE_GLOBAL_BASELINE,HF9g-P5,,,,X 全窗基线 · 不参与实体赏罚,3926949,393,A168_HF9F_20260827_0900,2026-08-27 09:00:00
2026-05-06,91797317,1323,0,6.3018590484,-6.3018590484,-6.3018590484,0E-7,1,1,0.49324550000000000,0.493245500000,-0.9865810262130424,-0.9865810262130424,-0.9865810262130424,0E-17,ELIGIBLE,R03b_20260811_FULL_v1,L1_ELIGIBILITY,v2026-08-11,2026-03-21..2026-08-06,baccarat_bet02_101_all_pairs_incl_sentinel,round_win = game_pnl > 0 (decisive only),COMPATIBILITY_ONLY_NOT_PRODUCTION,21006.2458,18687.5319,-61.6222,1247,1247,0.00293352,-0.13859161,0.00938335,0.00293352,61.6222,21006.2458,OK,0.0000,-2.4649,4.0000,96.0000,AG03-UNRESOLVED,ALL5_LEVELS_bet23_to_bet27,-2.4649,-2.4649,-2.4649,-4.3136,-4.3136,4.000000,4.000000,4.000000,7.000000,7.000000,96.000000,96.000000,96.000000,93.000000,93.000000,5.0,-16.0218,-14.4684,-45.6004,-47.1538,PENDING_AG03,FALSE,NOT_FOR_ENFORCEMENT,-59.1573,17940.0307,-61.6222,-59.1573,-2.4649,-0.00293352,-0.00281618,-2.4649,-59.1573,-0.00281618,-2.4649,-2.4649,-2.4649,-4.3136,-4.3136,-59.1573,-0.00281618,-16.0218,-14.4684,-45.6004,-47.1538,-0.00217080,-0.00224475,-0.00011734,16.8454,14.9860,-0.0494,-0.6419,-0.0525,218.8151,12.9896,13.0801,17.0694,10.3857,11.0045,21.0062,31.5093,42.0124,42.1647,10.5412,0.0,3.81775,3.831594,1.530778,30,171,130,2,0.04358735,-0.00293352,0.13859161,0E-8,0.000000,0.889618,0.000000,-0.14797496,2026-03-22,2026-08-05,96,1173,774,137,0.700730,0.766291,0.776478,0.145291,,,,,,,,GLOBAL_BASELINE_NO_ENTITY_RANKING,,,NOT_APPLICABLE_GLOBAL_BASELINE,HF9g-P5,,,,X 全窗基线 · 不参与实体赏罚,3926950,393,A168_HF9F_20260827_0900,2026-08-27 09:00:00
2026-05-06,91797317,1383,0,8.4024787312,-8.4024787312,-8.4024787312,0E-7,1,1,0.49324550000000000,0.493245500000,-0.9865810262130424,-0.9865810262130424,-0.9865810262130424,0E-17,ELIGIBLE,R03b_20260811_FULL_v1,L1_ELIGIBILITY,v2026-08-11,2026-03-21..2026-08-06,baccarat_bet02_101_all_pairs_incl_sentinel,round_win = game_pnl > 0 (decisive only),COMPATIBILITY_ONLY_NOT_PRODUCTION,21006.2458,18687.5319,-61.6222,1247,1247,0.00293352,-0.13859161,0.00938335,0.00293352,61.6222,21006.2458,OK,0.0000,-2.4649,4.0000,96.0000,AG03-UNRESOLVED,ALL5_LEVELS_bet23_to_bet27,-2.4649,-2.4649,-2.4649,-4.3136,-4.3136,4.000000,4.000000,4.000000,7.000000,7.000000,96.000000,96.000000,96.000000,93.000000,93.000000,5.0,-16.0218,-14.4684,-45.6004,-47.1538,PENDING_AG03,FALSE,NOT_FOR_ENFORCEMENT,-59.1573,17940.0307,-61.6222,-59.1573,-2.4649,-0.00293352,-0.00281618,-2.4649,-59.1573,-0.00281618,-2.4649,-2.4649,-2.4649,-4.3136,-4.3136,-59.1573,-0.00281618,-16.0218,-14.4684,-45.6004,-47.1538,-0.00217080,-0.00224475,-0.00011734,16.8454,14.9860,-0.0494,-0.6419,-0.0525,218.8151,12.9896,13.0801,17.0694,10.3857,11.0045,21.0062,31.5093,42.0124,42.1647,10.5412,0.0,3.81775,3.831594,1.530778,30,171,130,2,0.04358735,-0.00293352,0.13859161,0E-8,0.000000,0.889618,0.000000,-0.14797496,2026-03-22,2026-08-05,96,1173,774,137,0.700730,0.766291,0.776478,0.145291,,,,,,,,GLOBAL_BASELINE_NO_ENTITY_RANKING,,,NOT_APPLICABLE_GLOBAL_BASELINE,HF9g-P5,,,,X 全窗基线 · 不参与实体赏罚,3926951,393,A168_HF9F_20260827_0900,2026-08-27 09:00:00
2026-05-06,91797317,1490,0,21.0061968280,0E-10,0E-10,0.5000000,2,2,0.49324550000000000,0.493245500000,0.01910635448239258,0.01910635448239258,0.01910635448239258,0E-17,ELIGIBLE,R03b_20260811_FULL_v1,L1_ELIGIBILITY,v2026-08-11,2026-03-21..2026-08-06,baccarat_bet02_101_all_pairs_incl_sentinel,round_win = game_pnl > 0 (decisive only),COMPATIBILITY_ONLY_NOT_PRODUCTION,21006.2458,18687.5319,-61.6222,1247,1247,0.00293352,-0.13859161,0.00938335,0.00293352,61.6222,21006.2458,OK,0.0000,-2.4649,4.0000,96.0000,AG03-UNRESOLVED,ALL5_LEVELS_bet23_to_bet27,-2.4649,-2.4649,-2.4649,-4.3136,-4.3136,4.000000,4.000000,4.000000,7.000000,7.000000,96.000000,96.000000,96.000000,93.000000,93.000000,5.0,-16.0218,-14.4684,-45.6004,-47.1538,PENDING_AG03,FALSE,NOT_FOR_ENFORCEMENT,-59.1573,17940.0307,-61.6222,-59.1573,-2.4649,-0.00293352,-0.00281618,-2.4649,-59.1573,-0.00281618,-2.4649,-2.4649,-2.4649,-4.3136,-4.3136,-59.1573,-0.00281618,-16.0218,-14.4684,-45.6004,-47.1538,-0.00217080,-0.00224475,-0.00011734,16.8454,14.9860,-0.0494,-0.6419,-0.0525,218.8151,12.9896,13.0801,17.0694,10.3857,11.0045,21.0062,31.5093,42.0124,42.1647,10.5412,0.0,3.81775,3.831594,1.530778,30,171,130,2,0.04358735,-0.00293352,0.13859161,0E-8,0.000000,0.889618,0.000000,-0.14797496,2026-03-22,2026-08-05,96,1173,774,137,0.700730,0.766291,0.776478,0.145291,,,,,,,,GLOBAL_BASELINE_NO_ENTITY_RANKING,,,NOT_APPLICABLE_GLOBAL_BASELINE,HF9g-P5,,,,X 全窗基线 · 不参与实体赏罚,3926952,393,A168_HF9F_20260827_0900,2026-08-27 09:00:00
2026-05-07,91797317,-1,1,31.5092952421,-10.5030984141,-10.5030984141,0.5000000,2,2,0.49324550000000000,0.493245500000,0.01910635448239258,0.01910635448239258,0.01910635448239258,0E-17,SENTINEL_DEALER,R03b_20260811_FULL_v1,L1_ELIGIBILITY,v2026-08-11,2026-03-21..2026-08-06,baccarat_bet02_101_all_pairs_incl_sentinel,round_win = game_pnl > 0 (decisive only),COMPATIBILITY_ONLY_NOT_PRODUCTION,21006.2458,18687.5319,-61.6222,1247,1247,0.00293352,-0.13859161,0.00938335,0.00293352,61.6222,21006.2458,OK,0.0000,-2.4649,4.0000,96.0000,AG03-UNRESOLVED,ALL5_LEVELS_bet23_to_bet27,-2.4649,-2.4649,-2.4649,-4.3136,-4.3136,4.000000,4.000000,4.000000,7.000000,7.000000,96.000000,96.000000,96.000000,93.000000,93.000000,5.0,-16.0218,-14.4684,-45.6004,-47.1538,PENDING_AG03,FALSE,NOT_FOR_ENFORCEMENT,-59.1573,17940.0307,-61.6222,-59.1573,-2.4649,-0.00293352,-0.00281618,-2.4649,-59.1573,-0.00281618,-2.4649,-2.4649,-2.4649,-4.3136,-4.3136,-59.1573,-0.00281618,-16.0218,-14.4684,-45.6004,-47.1538,-0.00217080,-0.00224475,-0.00011734,16.8454,14.9860,-0.0494,-0.6419,-0.0525,218.8151,12.9896,13.0801,17.0694,10.3857,11.0045,21.0062,31.5093,42.0124,42.1647,10.5412,0.0,3.81775,3.831594,1.530778,30,171,130,2,0.04358735,-0.00293352,0.13859161,0E-8,0.000000,0.889618,0.000000,-0.14797496,2026-03-22,2026-08-05,96,1173,774,137,0.700730,0.766291,0.776478,0.145291,,,,,,,,GLOBAL_BASELINE_NO_ENTITY_RANKING,,,NOT_APPLICABLE_GLOBAL_BASELINE,HF9g-P5,,,,X 全窗基线 · 不参与实体赏罚,3926953,393,A168_HF9F_20260827_0900,2026-08-27 09:00:00
2026-05-07,91797317,1490,0,8.4024787312,-8.4024787312,-8.4024787312,0E-7,1,1,0.49324550000000000,0.493245500000,-0.9865810262130424,-0.9865810262130424,-0.9865810262130424,0E-17,ELIGIBLE,R03b_20260811_FULL_v1,L1_ELIGIBILITY,v2026-08-11,2026-03-21..2026-08-06,baccarat_bet02_101_all_pairs_incl_sentinel,round_win = game_pnl > 0 (decisive only),COMPATIBILITY_ONLY_NOT_PRODUCTION,21006.2458,18687.5319,-61.6222,1247,1247,0.00293352,-0.13859161,0.00938335,0.00293352,61.6222,21006.2458,OK,0.0000,-2.4649,4.0000,96.0000,AG03-UNRESOLVED,ALL5_LEVELS_bet23_to_bet27,-2.4649,-2.4649,-2.4649,-4.3136,-4.3136,4.000000,4.000000,4.000000,7.000000,7.000000,96.000000,96.000000,96.000000,93.000000,93.000000,5.0,-16.0218,-14.4684,-45.6004,-47.1538,PENDING_AG03,FALSE,NOT_FOR_ENFORCEMENT,-59.1573,17940.0307,-61.6222,-59.1573,-2.4649,-0.00293352,-0.00281618,-2.4649,-59.1573,-0.00281618,-2.4649,-2.4649,-2.4649,-4.3136,-4.3136,-59.1573,-0.00281618,-16.0218,-14.4684,-45.6004,-47.1538,-0.00217080,-0.00224475,-0.00011734,16.8454,14.9860,-0.0494,-0.6419,-0.0525,218.8151,12.9896,13.0801,17.0694,10.3857,11.0045,21.0062,31.5093,42.0124,42.1647,10.5412,0.0,3.81775,3.831594,1.530778,30,171,130,2,0.04358735,-0.00293352,0.13859161,0E-8,0.000000,0.889618,0.000000,-0.14797496,2026-03-22,2026-08-05,96,1173,774,137,0.700730,0.766291,0.776478,0.145291,,,,,,,,GLOBAL_BASELINE_NO_ENTITY_RANKING,,,NOT_APPLICABLE_GLOBAL_BASELINE,HF9g-P5,,,,X 全窗基线 · 不参与实体赏罚,3926954,393,A168_HF9F_20260827_0900,2026-08-27 09:00:00
2026-05-07,91797317,1505,0,21.0061968281,21.0061968281,21.0061968281,1.0000000,1,1,0.49324550000000000,0.493245500000,1.01360149184955,1.01360149184955,1.01360149184955,0E-17,ELIGIBLE,R03b_20260811_FULL_v1,L1_ELIGIBILITY,v2026-08-11,2026-03-21..2026-08-06,baccarat_bet02_101_all_pairs_incl_sentinel,round_win = game_pnl > 0 (decisive only),COMPATIBILITY_ONLY_NOT_PRODUCTION,21006.2458,18687.5319,-61.6222,1247,1247,0.00293352,-0.13859161,0.00938335,0.00293352,61.6222,21006.2458,OK,0.0000,-2.4649,4.0000,96.0000,AG03-UNRESOLVED,ALL5_LEVELS_bet23_to_bet27,-2.4649,-2.4649,-2.4649,-4.3136,-4.3136,4.000000,4.000000,4.000000,7.000000,7.000000,96.000000,96.000000,96.000000,93.000000,93.000000,5.0,-16.0218,-14.4684,-45.6004,-47.1538,PENDING_AG03,FALSE,NOT_FOR_ENFORCEMENT,-59.1573,17940.0307,-61.6222,-59.1573,-2.4649,-0.00293352,-0.00281618,-2.4649,-59.1573,-0.00281618,-2.4649,-2.4649,-2.4649,-4.3136,-4.3136,-59.1573,-0.00281618,-16.0218,-14.4684,-45.6004,-47.1538,-0.00217080,-0.00224475,-0.00011734,16.8454,14.9860,-0.0494,-0.6419,-0.0525,218.8151,12.9896,13.0801,17.0694,10.3857,11.0045,21.0062,31.5093,42.0124,42.1647,10.5412,0.0,3.81775,3.831594,1.530778,30,171,130,2,0.04358735,-0.00293352,0.13859161,0E-8,0.000000,0.889618,0.000000,-0.14797496,2026-03-22,2026-08-05,96,1173,774,137,0.700730,0.766291,0.776478,0.145291,,,,,,,,GLOBAL_BASELINE_NO_ENTITY_RANKING,,,NOT_APPLICABLE_GLOBAL_BASELINE,HF9g-P5,,,,X 全窗基线 · 不参与实体赏罚,3926955,393,A168_HF9F_20260827_0900,2026-08-27 09:00:00
2026-05-07,91797317,2108,0,21.0061968281,-21.0061968281,-21.0061968281,0E-7,1,1,0.49324550000000000,0.493245500000,-0.9865810262130424,-0.9865810262130424,-0.9865810262130424,0E-17,ELIGIBLE,R03b_20260811_FULL_v1,L1_ELIGIBILITY,v2026-08-11,2026-03-21..2026-08-06,baccarat_bet02_101_all_pairs_incl_sentinel,round_win = game_pnl > 0 (decisive only),COMPATIBILITY_ONLY_NOT_PRODUCTION,21006.2458,18687.5319,-61.6222,1247,1247,0.00293352,-0.13859161,0.00938335,0.00293352,61.6222,21006.2458,OK,0.0000,-2.4649,4.0000,96.0000,AG03-UNRESOLVED,ALL5_LEVELS_bet23_to_bet27,-2.4649,-2.4649,-2.4649,-4.3136,-4.3136,4.000000,4.000000,4.000000,7.000000,7.000000,96.000000,96.000000,96.000000,93.000000,93.000000,5.0,-16.0218,-14.4684,-45.6004,-47.1538,PENDING_AG03,FALSE,NOT_FOR_ENFORCEMENT,-59.1573,17940.0307,-61.6222,-59.1573,-2.4649,-0.00293352,-0.00281618,-2.4649,-59.1573,-0.00281618,-2.4649,-2.4649,-2.4649,-4.3136,-4.3136,-59.1573,-0.00281618,-16.0218,-14.4684,-45.6004,-47.1538,-0.00217080,-0.00224475,-0.00011734,16.8454,14.9860,-0.0494,-0.6419,-0.0525,218.8151,12.9896,13.0801,17.0694,10.3857,11.0045,21.0062,31.5093,42.0124,42.1647,10.5412,0.0,3.81775,3.831594,1.530778,30,171,130,2,0.04358735,-0.00293352,0.13859161,0E-8,0.000000,0.889618,0.000000,-0.14797496,2026-03-22,2026-08-05,96,1173,774,137,0.700730,0.766291,0.776478,0.145291,,,,,,,,GLOBAL_BASELINE_NO_ENTITY_RANKING,,,NOT_APPLICABLE_GLOBAL_BASELINE,HF9g-P5,,,,X 全窗基线 · 不参与实体赏罚,3926956,393,A168_HF9F_20260827_0900,2026-08-27 09:00:00
2026-05-07,91797317,2123,0,21.0061968281,-21.0061968281,-21.0061968281,0E-7,1,1,0.49324550000000000,0.493245500000,-0.9865810262130424,-0.9865810262130424,-0.9865810262130424,0E-17,ELIGIBLE,R03b_20260811_FULL_v1,L1_ELIGIBILITY,v2026-08-11,2026-03-21..2026-08-06,baccarat_bet02_101_all_pairs_incl_sentinel,round_win = game_pnl > 0 (decisive only),COMPATIBILITY_ONLY_NOT_PRODUCTION,21006.2458,18687.5319,-61.6222,1247,1247,0.00293352,-0.13859161,0.00938335,0.00293352,61.6222,21006.2458,OK,0.0000,-2.4649,4.0000,96.0000,AG03-UNRESOLVED,ALL5_LEVELS_bet23_to_bet27,-2.4649,-2.4649,-2.4649,-4.3136,-4.3136,4.000000,4.000000,4.000000,7.000000,7.000000,96.000000,96.000000,96.000000,93.000000,93.000000,5.0,-16.0218,-14.4684,-45.6004,-47.1538,PENDING_AG03,FALSE,NOT_FOR_ENFORCEMENT,-59.1573,17940.0307,-61.6222,-59.1573,-2.4649,-0.00293352,-0.00281618,-2.4649,-59.1573,-0.00281618,-2.4649,-2.4649,-2.4649,-4.3136,-4.3136,-59.1573,-0.00281618,-16.0218,-14.4684,-45.6004,-47.1538,-0.00217080,-0.00224475,-0.00011734,16.8454,14.9860,-0.0494,-0.6419,-0.0525,218.8151,12.9896,13.0801,17.0694,10.3857,11.0045,21.0062,31.5093,42.0124,42.1647,10.5412,0.0,3.81775,3.831594,1.530778,30,171,130,2,0.04358735,-0.00293352,0.13859161,0E-8,0.000000,0.889618,0.000000,-0.14797496,2026-03-22,2026-08-05,96,1173,774,137,0.700730,0.766291,0.776478,0.145291,,,,,,,,GLOBAL_BASELINE_NO_ENTITY_RANKING,,,NOT_APPLICABLE_GLOBAL_BASELINE,HF9g-P5,,,,X 全窗基线 · 不参与实体赏罚,3926957,393,A168_HF9F_20260827_0900,2026-08-27 09:00:00
2026-05-07,91797317,2134,0,10.5030984140,-10.5030984140,-10.5030984140,0E-7,1,1,0.49324550000000000,0.493245500000,-0.9865810262130424,-0.9865810262130424,-0.9865810262130424,0E-17,ELIGIBLE,R03b_20260811_FULL_v1,L1_ELIGIBILITY,v2026-08-11,2026-03-21..2026-08-06,baccarat_bet02_101_all_pairs_incl_sentinel,round_win = game_pnl > 0 (decisive only),COMPATIBILITY_ONLY_NOT_PRODUCTION,21006.2458,18687.5319,-61.6222,1247,1247,0.00293352,-0.13859161,0.00938335,0.00293352,61.6222,21006.2458,OK,0.0000,-2.4649,4.0000,96.0000,AG03-UNRESOLVED,ALL5_LEVELS_bet23_to_bet27,-2.4649,-2.4649,-2.4649,-4.3136,-4.3136,4.000000,4.000000,4.000000,7.000000,7.000000,96.000000,96.000000,96.000000,93.000000,93.000000,5.0,-16.0218,-14.4684,-45.6004,-47.1538,PENDING_AG03,FALSE,NOT_FOR_ENFORCEMENT,-59.1573,17940.0307,-61.6222,-59.1573,-2.4649,-0.00293352,-0.00281618,-2.4649,-59.1573,-0.00281618,-2.4649,-2.4649,-2.4649,-4.3136,-4.3136,-59.1573,-0.00281618,-16.0218,-14.4684,-45.6004,-47.1538,-0.00217080,-0.00224475,-0.00011734,16.8454,14.9860,-0.0494,-0.6419,-0.0525,218.8151,12.9896,13.0801,17.0694,10.3857,11.0045,21.0062,31.5093,42.0124,42.1647,10.5412,0.0,3.81775,3.831594,1.530778,30,171,130,2,0.04358735,-0.00293352,0.13859161,0E-8,0.000000,0.889618,0.000000,-0.14797496,2026-03-22,2026-08-05,96,1173,774,137,0.700730,0.766291,0.776478,0.145291,,,,,,,,GLOBAL_BASELINE_NO_ENTITY_RANKING,,,NOT_APPLICABLE_GLOBAL_BASELINE,HF9g-P5,,,,X 全窗基线 · 不参与实体赏罚,3926958,393,A168_HF9F_20260827_0900,2026-08-27 09:00:00
2026-05-07,91797317,2174,0,10.5030984140,-10.5030984140,-10.5030984140,0E-7,1,1,0.49324550000000000,0.493245500000,-0.9865810262130424,-0.9865810262130424,-0.9865810262130424,0E-17,ELIGIBLE,R03b_20260811_FULL_v1,L1_ELIGIBILITY,v2026-08-11,2026-03-21..2026-08-06,baccarat_bet02_101_all_pairs_incl_sentinel,round_win = game_pnl > 0 (decisive only),COMPATIBILITY_ONLY_NOT_PRODUCTION,21006.2458,18687.5319,-61.6222,1247,1247,0.00293352,-0.13859161,0.00938335,0.00293352,61.6222,21006.2458,OK,0.0000,-2.4649,4.0000,96.0000,AG03-UNRESOLVED,ALL5_LEVELS_bet23_to_bet27,-2.4649,-2.4649,-2.4649,-4.3136,-4.3136,4.000000,4.000000,4.000000,7.000000,7.000000,96.000000,96.000000,96.000000,93.000000,93.000000,5.0,-16.0218,-14.4684,-45.6004,-47.1538,PENDING_AG03,FALSE,NOT_FOR_ENFORCEMENT,-59.1573,17940.0307,-61.6222,-59.1573,-2.4649,-0.00293352,-0.00281618,-2.4649,-59.1573,-0.00281618,-2.4649,-2.4649,-2.4649,-4.3136,-4.3136,-59.1573,-0.00281618,-16.0218,-14.4684,-45.6004,-47.1538,-0.00217080,-0.00224475,-0.00011734,16.8454,14.9860,-0.0494,-0.6419,-0.0525,218.8151,12.9896,13.0801,17.0694,10.3857,11.0045,21.0062,31.5093,42.0124,42.1647,10.5412,0.0,3.81775,3.831594,1.530778,30,171,130,2,0.04358735,-0.00293352,0.13859161,0E-8,0.000000,0.889618,0.000000,-0.14797496,2026-03-22,2026-08-05,96,1173,774,137,0.700730,0.766291,0.776478,0.145291,,,,,,,,GLOBAL_BASELINE_NO_ENTITY_RANKING,,,NOT_APPLICABLE_GLOBAL_BASELINE,HF9g-P5,,,,X 全窗基线 · 不参与实体赏罚,3926959,393,A168_HF9F_20260827_0900,2026-08-27 09:00:00
2026-05-07,91797317,2209,0,21.0061968281,21.0061968281,21.0061968281,1.0000000,1,1,0.49324550000000000,0.493245500000,1.01360149184955,1.01360149184955,1.01360149184955,0E-17,ELIGIBLE,R03b_20260811_FULL_v1,L1_ELIGIBILITY,v2026-08-11,2026-03-21..2026-08-06,baccarat_bet02_101_all_pairs_incl_sentinel,round_win = game_pnl > 0 (decisive only),COMPATIBILITY_ONLY_NOT_PRODUCTION,21006.2458,18687.5319,-61.6222,1247,1247,0.00293352,-0.13859161,0.00938335,0.00293352,61.6222,21006.2458,OK,0.0000,-2.4649,4.0000,96.0000,AG03-UNRESOLVED,ALL5_LEVELS_bet23_to_bet27,-2.4649,-2.4649,-2.4649,-4.3136,-4.3136,4.000000,4.000000,4.000000,7.000000,7.000000,96.000000,96.000000,96.000000,93.000000,93.000000,5.0,-16.0218,-14.4684,-45.6004,-47.1538,PENDING_AG03,FALSE,NOT_FOR_ENFORCEMENT,-59.1573,17940.0307,-61.6222,-59.1573,-2.4649,-0.00293352,-0.00281618,-2.4649,-59.1573,-0.00281618,-2.4649,-2.4649,-2.4649,-4.3136,-4.3136,-59.1573,-0.00281618,-16.0218,-14.4684,-45.6004,-47.1538,-0.00217080,-0.00224475,-0.00011734,16.8454,14.9860,-0.0494,-0.6419,-0.0525,218.8151,12.9896,13.0801,17.0694,10.3857,11.0045,21.0062,31.5093,42.0124,42.1647,10.5412,0.0,3.81775,3.831594,1.530778,30,171,130,2,0.04358735,-0.00293352,0.13859161,0E-8,0.000000,0.889618,0.000000,-0.14797496,2026-03-22,2026-08-05,96,1173,774,137,0.700730,0.766291,0.776478,0.145291,,,,,,,,GLOBAL_BASELINE_NO_ENTITY_RANKING,,,NOT_APPLICABLE_GLOBAL_BASELINE,HF9g-P5,,,,X 全窗基线 · 不参与实体赏罚,3926960,393,A168_HF9F_20260827_0900,2026-08-27 09:00:00
2026-05-07,91797317,2222,0,21.0061968281,-21.0061968281,-21.0061968281,0E-7,1,1,0.49324550000000000,0.493245500000,-0.9865810262130424,-0.9865810262130424,-0.9865810262130424,0E-17,ELIGIBLE,R03b_20260811_FULL_v1,L1_ELIGIBILITY,v2026-08-11,2026-03-21..2026-08-06,baccarat_bet02_101_all_pairs_incl_sentinel,round_win = game_pnl > 0 (decisive only),COMPATIBILITY_ONLY_NOT_PRODUCTION,21006.2458,18687.5319,-61.6222,1247,1247,0.00293352,-0.13859161,0.00938335,0.00293352,61.6222,21006.2458,OK,0.0000,-2.4649,4.0000,96.0000,AG03-UNRESOLVED,ALL5_LEVELS_bet23_to_bet27,-2.4649,-2.4649,-2.4649,-4.3136,-4.3136,4.000000,4.000000,4.000000,7.000000,7.000000,96.000000,96.000000,96.000000,93.000000,93.000000,5.0,-16.0218,-14.4684,-45.6004,-47.1538,PENDING_AG03,FALSE,NOT_FOR_ENFORCEMENT,-59.1573,17940.0307,-61.6222,-59.1573,-2.4649,-0.00293352,-0.00281618,-2.4649,-59.1573,-0.00281618,-2.4649,-2.4649,-2.4649,-4.3136,-4.3136,-59.1573,-0.00281618,-16.0218,-14.4684,-45.6004,-47.1538,-0.00217080,-0.00224475,-0.00011734,16.8454,14.9860,-0.0494,-0.6419,-0.0525,218.8151,12.9896,13.0801,17.0694,10.3857,11.0045,21.0062,31.5093,42.0124,42.1647,10.5412,0.0,3.81775,3.831594,1.530778,30,171,130,2,0.04358735,-0.00293352,0.13859161,0E-8,0.000000,0.889618,0.000000,-0.14797496,2026-03-22,2026-08-05,96,1173,774,137,0.700730,0.766291,0.776478,0.145291,,,,,,,,GLOBAL_BASELINE_NO_ENTITY_RANKING,,,NOT_APPLICABLE_GLOBAL_BASELINE,HF9g-P5,,,,X 全窗基线 · 不参与实体赏罚,3926961,393,A168_HF9F_20260827_0900,2026-08-27 09:00:00
2026-05-07,91797317,2223,0,10.5030984140,10.5030984140,10.5030984140,1.0000000,1,1,0.49324550000000000,0.493245500000,1.01360149184955,1.01360149184955,1.01360149184955,0E-17,ELIGIBLE,R03b_20260811_FULL_v1,L1_ELIGIBILITY,v2026-08-11,2026-03-21..2026-08-06,baccarat_bet02_101_all_pairs_incl_sentinel,round_win = game_pnl > 0 (decisive only),COMPATIBILITY_ONLY_NOT_PRODUCTION,21006.2458,18687.5319,-61.6222,1247,1247,0.00293352,-0.13859161,0.00938335,0.00293352,61.6222,21006.2458,OK,0.0000,-2.4649,4.0000,96.0000,AG03-UNRESOLVED,ALL5_LEVELS_bet23_to_bet27,-2.4649,-2.4649,-2.4649,-4.3136,-4.3136,4.000000,4.000000,4.000000,7.000000,7.000000,96.000000,96.000000,96.000000,93.000000,93.000000,5.0,-16.0218,-14.4684,-45.6004,-47.1538,PENDING_AG03,FALSE,NOT_FOR_ENFORCEMENT,-59.1573,17940.0307,-61.6222,-59.1573,-2.4649,-0.00293352,-0.00281618,-2.4649,-59.1573,-0.00281618,-2.4649,-2.4649,-2.4649,-4.3136,-4.3136,-59.1573,-0.00281618,-16.0218,-14.4684,-45.6004,-47.1538,-0.00217080,-0.00224475,-0.00011734,16.8454,14.9860,-0.0494,-0.6419,-0.0525,218.8151,12.9896,13.0801,17.0694,10.3857,11.0045,21.0062,31.5093,42.0124,42.1647,10.5412,0.0,3.81775,3.831594,1.530778,30,171,130,2,0.04358735,-0.00293352,0.13859161,0E-8,0.000000,0.889618,0.000000,-0.14797496,2026-03-22,2026-08-05,96,1173,774,137,0.700730,0.766291,0.776478,0.145291,,,,,,,,GLOBAL_BASELINE_NO_ENTITY_RANKING,,,NOT_APPLICABLE_GLOBAL_BASELINE,HF9g-P5,,,,X 全窗基线 · 不参与实体赏罚,3926962,393,A168_HF9F_20260827_0900,2026-08-27 09:00:00
2026-05-07,91797317,2256,0,21.0061968281,21.0061968281,21.0061968281,1.0000000,1,1,0.49324550000000000,0.493245500000,1.01360149184955,1.01360149184955,1.01360149184955,0E-17,ELIGIBLE,R03b_20260811_FULL_v1,L1_ELIGIBILITY,v2026-08-11,2026-03-21..2026-08-06,baccarat_bet02_101_all_pairs_incl_sentinel,round_win = game_pnl > 0 (decisive only),COMPATIBILITY_ONLY_NOT_PRODUCTION,21006.2458,18687.5319,-61.6222,1247,1247,0.00293352,-0.13859161,0.00938335,0.00293352,61.6222,21006.2458,OK,0.0000,-2.4649,4.0000,96.0000,AG03-UNRESOLVED,ALL5_LEVELS_bet23_to_bet27,-2.4649,-2.4649,-2.4649,-4.3136,-4.3136,4.000000,4.000000,4.000000,7.000000,7.000000,96.000000,96.000000,96.000000,93.000000,93.000000,5.0,-16.0218,-14.4684,-45.6004,-47.1538,PENDING_AG03,FALSE,NOT_FOR_ENFORCEMENT,-59.1573,17940.0307,-61.6222,-59.1573,-2.4649,-0.00293352,-0.00281618,-2.4649,-59.1573,-0.00281618,-2.4649,-2.4649,-2.4649,-4.3136,-4.3136,-59.1573,-0.00281618,-16.0218,-14.4684,-45.6004,-47.1538,-0.00217080,-0.00224475,-0.00011734,16.8454,14.9860,-0.0494,-0.6419,-0.0525,218.8151,12.9896,13.0801,17.0694,10.3857,11.0045,21.0062,31.5093,42.0124,42.1647,10.5412,0.0,3.81775,3.831594,1.530778,30,171,130,2,0.04358735,-0.00293352,0.13859161,0E-8,0.000000,0.889618,0.000000,-0.14797496,2026-03-22,2026-08-05,96,1173,774,137,0.700730,0.766291,0.776478,0.145291,,,,,,,,GLOBAL_BASELINE_NO_ENTITY_RANKING,,,NOT_APPLICABLE_GLOBAL_BASELINE,HF9g-P5,,,,X 全窗基线 · 不参与实体赏罚,3926963,393,A168_HF9F_20260827_0900,2026-08-27 09:00:00
2026-05-07,91797317,462,0,10.5030984140,0E-10,0E-10,,1,1,0.49324550000000000,0.493245500000,,,,0E-17,NO_DECISIVE_ROUND,R03b_20260811_FULL_v1,L1_ELIGIBILITY,v2026-08-11,2026-03-21..2026-08-06,baccarat_bet02_101_all_pairs_incl_sentinel,round_win = game_pnl > 0 (decisive only),COMPATIBILITY_ONLY_NOT_PRODUCTION,21006.2458,18687.5319,-61.6222,1247,1247,0.00293352,-0.13859161,0.00938335,0.00293352,61.6222,21006.2458,OK,0.0000,-2.4649,4.0000,96.0000,AG03-UNRESOLVED,ALL5_LEVELS_bet23_to_bet27,-2.4649,-2.4649,-2.4649,-4.3136,-4.3136,4.000000,4.000000,4.000000,7.000000,7.000000,96.000000,96.000000,96.000000,93.000000,93.000000,5.0,-16.0218,-14.4684,-45.6004,-47.1538,PENDING_AG03,FALSE,NOT_FOR_ENFORCEMENT,-59.1573,17940.0307,-61.6222,-59.1573,-2.4649,-0.00293352,-0.00281618,-2.4649,-59.1573,-0.00281618,-2.4649,-2.4649,-2.4649,-4.3136,-4.3136,-59.1573,-0.00281618,-16.0218,-14.4684,-45.6004,-47.1538,-0.00217080,-0.00224475,-0.00011734,16.8454,14.9860,-0.0494,-0.6419,-0.0525,218.8151,12.9896,13.0801,17.0694,10.3857,11.0045,21.0062,31.5093,42.0124,42.1647,10.5412,0.0,3.81775,3.831594,1.530778,30,171,130,2,0.04358735,-0.00293352,0.13859161,0E-8,0.000000,0.889618,0.000000,-0.14797496,2026-03-22,2026-08-05,96,1173,774,137,0.700730,0.766291,0.776478,0.145291,,,,,,,,GLOBAL_BASELINE_NO_ENTITY_RANKING,,,NOT_APPLICABLE_GLOBAL_BASELINE,HF9g-P5,,,,X 全窗基线 · 不参与实体赏罚,3926964,393,A168_HF9F_20260827_0900,2026-08-27 09:00:00
2026-05-08,91797317,-1,1,63.0185904842,1E-10,1E-10,0.3333333,4,4,0.49324550000000000,0.493245500000,-0.5540025479526107,-0.5540025479526106,-0.5540025479526107,0E-17,SENTINEL_DEALER,R03b_20260811_FULL_v1,L1_ELIGIBILITY,v2026-08-11,2026-03-21..2026-08-06,baccarat_bet02_101_all_pairs_incl_sentinel,round_win = game_pnl > 0 (decisive only),COMPATIBILITY_ONLY_NOT_PRODUCTION,21006.2458,18687.5319,-61.6222,1247,1247,0.00293352,-0.13859161,0.00938335,0.00293352,61.6222,21006.2458,OK,0.0000,-2.4649,4.0000,96.0000,AG03-UNRESOLVED,ALL5_LEVELS_bet23_to_bet27,-2.4649,-2.4649,-2.4649,-4.3136,-4.3136,4.000000,4.000000,4.000000,7.000000,7.000000,96.000000,96.000000,96.000000,93.000000,93.000000,5.0,-16.0218,-14.4684,-45.6004,-47.1538,PENDING_AG03,FALSE,NOT_FOR_ENFORCEMENT,-59.1573,17940.0307,-61.6222,-59.1573,-2.4649,-0.00293352,-0.00281618,-2.4649,-59.1573,-0.00281618,-2.4649,-2.4649,-2.4649,-4.3136,-4.3136,-59.1573,-0.00281618,-16.0218,-14.4684,-45.6004,-47.1538,-0.00217080,-0.00224475,-0.00011734,16.8454,14.9860,-0.0494,-0.6419,-0.0525,218.8151,12.9896,13.0801,17.0694,10.3857,11.0045,21.0062,31.5093,42.0124,42.1647,10.5412,0.0,3.81775,3.831594,1.530778,30,171,130,2,0.04358735,-0.00293352,0.13859161,0E-8,0.000000,0.889618,0.000000,-0.14797496,2026-03-22,2026-08-05,96,1173,774,137,0.700730,0.766291,0.776478,0.145291,,,,,,,,GLOBAL_BASELINE_NO_ENTITY_RANKING,,,NOT_APPLICABLE_GLOBAL_BASELINE,HF9g-P5,,,,X 全窗基线 · 不参与实体赏罚,3926965,393,A168_HF9F_20260827_0900,2026-08-27 09:00:00
2026-05-08,91797317,1374,0,21.0061968281,21.0061968281,21.0061968281,1.0000000,1,1,0.49324550000000000,0.493245500000,1.01360149184955,1.01360149184955,1.01360149184955,0E-17,ELIGIBLE,R03b_20260811_FULL_v1,L1_ELIGIBILITY,v2026-08-11,2026-03-21..2026-08-06,baccarat_bet02_101_all_pairs_incl_sentinel,round_win = game_pnl > 0 (decisive only),COMPATIBILITY_ONLY_NOT_PRODUCTION,21006.2458,18687.5319,-61.6222,1247,1247,0.00293352,-0.13859161,0.00938335,0.00293352,61.6222,21006.2458,OK,0.0000,-2.4649,4.0000,96.0000,AG03-UNRESOLVED,ALL5_LEVELS_bet23_to_bet27,-2.4649,-2.4649,-2.4649,-4.3136,-4.3136,4.000000,4.000000,4.000000,7.000000,7.000000,96.000000,96.000000,96.000000,93.000000,93.000000,5.0,-16.0218,-14.4684,-45.6004,-47.1538,PENDING_AG03,FALSE,NOT_FOR_ENFORCEMENT,-59.1573,17940.0307,-61.6222,-59.1573,-2.4649,-0.00293352,-0.00281618,-2.4649,-59.1573,-0.00281618,-2.4649,-2.4649,-2.4649,-4.3136,-4.3136,-59.1573,-0.00281618,-16.0218,-14.4684,-45.6004,-47.1538,-0.00217080,-0.00224475,-0.00011734,16.8454,14.9860,-0.0494,-0.6419,-0.0525,218.8151,12.9896,13.0801,17.0694,10.3857,11.0045,21.0062,31.5093,42.0124,42.1647,10.5412,0.0,3.81775,3.831594,1.530778,30,171,130,2,0.04358735,-0.00293352,0.13859161,0E-8,0.000000,0.889618,0.000000,-0.14797496,2026-03-22,2026-08-05,96,1173,774,137,0.700730,0.766291,0.776478,0.145291,,,,,,,,GLOBAL_BASELINE_NO_ENTITY_RANKING,,,NOT_APPLICABLE_GLOBAL_BASELINE,HF9g-P5,,,,X 全窗基线 · 不参与实体赏罚,3926966,393,A168_HF9F_20260827_0900,2026-08-27 09:00:00
2026-05-08,91797317,1401,0,10.5030984140,10.5030984140,10.5030984140,1.0000000,1,1,0.49324550000000000,0.493245500000,1.01360149184955,1.01360149184955,1.01360149184955,0E-17,ELIGIBLE,R03b_20260811_FULL_v1,L1_ELIGIBILITY,v2026-08-11,2026-03-21..2026-08-06,baccarat_bet02_101_all_pairs_incl_sentinel,round_win = game_pnl > 0 (decisive only),COMPATIBILITY_ONLY_NOT_PRODUCTION,21006.2458,18687.5319,-61.6222,1247,1247,0.00293352,-0.13859161,0.00938335,0.00293352,61.6222,21006.2458,OK,0.0000,-2.4649,4.0000,96.0000,AG03-UNRESOLVED,ALL5_LEVELS_bet23_to_bet27,-2.4649,-2.4649,-2.4649,-4.3136,-4.3136,4.000000,4.000000,4.000000,7.000000,7.000000,96.000000,96.000000,96.000000,93.000000,93.000000,5.0,-16.0218,-14.4684,-45.6004,-47.1538,PENDING_AG03,FALSE,NOT_FOR_ENFORCEMENT,-59.1573,17940.0307,-61.6222,-59.1573,-2.4649,-0.00293352,-0.00281618,-2.4649,-59.1573,-0.00281618,-2.4649,-2.4649,-2.4649,-4.3136,-4.3136,-59.1573,-0.00281618,-16.0218,-14.4684,-45.6004,-47.1538,-0.00217080,-0.00224475,-0.00011734,16.8454,14.9860,-0.0494,-0.6419,-0.0525,218.8151,12.9896,13.0801,17.0694,10.3857,11.0045,21.0062,31.5093,42.0124,42.1647,10.5412,0.0,3.81775,3.831594,1.530778,30,171,130,2,0.04358735,-0.00293352,0.13859161,0E-8,0.000000,0.889618,0.000000,-0.14797496,2026-03-22,2026-08-05,96,1173,774,137,0.700730,0.766291,0.776478,0.145291,,,,,,,,GLOBAL_BASELINE_NO_ENTITY_RANKING,,,NOT_APPLICABLE_GLOBAL_BASELINE,HF9g-P5,,,,X 全窗基线 · 不参与实体赏罚,3926967,393,A168_HF9F_20260827_0900,2026-08-27 09:00:00
2026-05-08,91797317,1710,0,21.0061968281,21.0061968281,21.0061968281,1.0000000,1,1,0.49324550000000000,0.493245500000,1.01360149184955,1.01360149184955,1.01360149184955,0E-17,ELIGIBLE,R03b_20260811_FULL_v1,L1_ELIGIBILITY,v2026-08-11,2026-03-21..2026-08-06,baccarat_bet02_101_all_pairs_incl_sentinel,round_win = game_pnl > 0 (decisive only),COMPATIBILITY_ONLY_NOT_PRODUCTION,21006.2458,18687.5319,-61.6222,1247,1247,0.00293352,-0.13859161,0.00938335,0.00293352,61.6222,21006.2458,OK,0.0000,-2.4649,4.0000,96.0000,AG03-UNRESOLVED,ALL5_LEVELS_bet23_to_bet27,-2.4649,-2.4649,-2.4649,-4.3136,-4.3136,4.000000,4.000000,4.000000,7.000000,7.000000,96.000000,96.000000,96.000000,93.000000,93.000000,5.0,-16.0218,-14.4684,-45.6004,-47.1538,PENDING_AG03,FALSE,NOT_FOR_ENFORCEMENT,-59.1573,17940.0307,-61.6222,-59.1573,-2.4649,-0.00293352,-0.00281618,-2.4649,-59.1573,-0.00281618,-2.4649,-2.4649,-2.4649,-4.3136,-4.3136,-59.1573,-0.00281618,-16.0218,-14.4684,-45.6004,-47.1538,-0.00217080,-0.00224475,-0.00011734,16.8454,14.9860,-0.0494,-0.6419,-0.0525,218.8151,12.9896,13.0801,17.0694,10.3857,11.0045,21.0062,31.5093,42.0124,42.1647,10.5412,0.0,3.81775,3.831594,1.530778,30,171,130,2,0.04358735,-0.00293352,0.13859161,0E-8,0.000000,0.889618,0.000000,-0.14797496,2026-03-22,2026-08-05,96,1173,774,137,0.700730,0.766291,0.776478,0.145291,,,,,,,,GLOBAL_BASELINE_NO_ENTITY_RANKING,,,NOT_APPLICABLE_GLOBAL_BASELINE,HF9g-P5,,,,X 全窗基线 · 不参与实体赏罚,3926968,393,A168_HF9F_20260827_0900,2026-08-27 09:00:00
2026-05-08,91797317,1714,0,21.0061968281,21.0061968281,21.0061968281,1.0000000,1,1,0.49324550000000000,0.493245500000,1.01360149184955,1.01360149184955,1.01360149184955,0E-17,ELIGIBLE,R03b_20260811_FULL_v1,L1_ELIGIBILITY,v2026-08-11,2026-03-21..2026-08-06,baccarat_bet02_101_all_pairs_incl_sentinel,round_win = game_pnl > 0 (decisive only),COMPATIBILITY_ONLY_NOT_PRODUCTION,21006.2458,18687.5319,-61.6222,1247,1247,0.00293352,-0.13859161,0.00938335,0.00293352,61.6222,21006.2458,OK,0.0000,-2.4649,4.0000,96.0000,AG03-UNRESOLVED,ALL5_LEVELS_bet23_to_bet27,-2.4649,-2.4649,-2.4649,-4.3136,-4.3136,4.000000,4.000000,4.000000,7.000000,7.000000,96.000000,96.000000,96.000000,93.000000,93.000000,5.0,-16.0218,-14.4684,-45.6004,-47.1538,PENDING_AG03,FALSE,NOT_FOR_ENFORCEMENT,-59.1573,17940.0307,-61.6222,-59.1573,-2.4649,-0.00293352,-0.00281618,-2.4649,-59.1573,-0.00281618,-2.4649,-2.4649,-2.4649,-4.3136,-4.3136,-59.1573,-0.00281618,-16.0218,-14.4684,-45.6004,-47.1538,-0.00217080,-0.00224475,-0.00011734,16.8454,14.9860,-0.0494,-0.6419,-0.0525,218.8151,12.9896,13.0801,17.0694,10.3857,11.0045,21.0062,31.5093,42.0124,42.1647,10.5412,0.0,3.81775,3.831594,1.530778,30,171,130,2,0.04358735,-0.00293352,0.13859161,0E-8,0.000000,0.889618,0.000000,-0.14797496,2026-03-22,2026-08-05,96,1173,774,137,0.700730,0.766291,0.776478,0.145291,,,,,,,,GLOBAL_BASELINE_NO_ENTITY_RANKING,,,NOT_APPLICABLE_GLOBAL_BASELINE,HF9g-P5,,,,X 全窗基线 · 不参与实体赏罚,3926969,393,A168_HF9F_20260827_0900,2026-08-27 09:00:00
2026-05-08,91797317,2121,0,21.0061968281,21.0061968281,21.0061968281,1.0000000,1,1,0.49324550000000000,0.493245500000,1.01360149184955,1.01360149184955,1.01360149184955,0E-17,ELIGIBLE,R03b_20260811_FULL_v1,L1_ELIGIBILITY,v2026-08-11,2026-03-21..2026-08-06,baccarat_bet02_101_all_pairs_incl_sentinel,round_win = game_pnl > 0 (decisive only),COMPATIBILITY_ONLY_NOT_PRODUCTION,21006.2458,18687.5319,-61.6222,1247,1247,0.00293352,-0.13859161,0.00938335,0.00293352,61.6222,21006.2458,OK,0.0000,-2.4649,4.0000,96.0000,AG03-UNRESOLVED,ALL5_LEVELS_bet23_to_bet27,-2.4649,-2.4649,-2.4649,-4.3136,-4.3136,4.000000,4.000000,4.000000,7.000000,7.000000,96.000000,96.000000,96.000000,93.000000,93.000000,5.0,-16.0218,-14.4684,-45.6004,-47.1538,PENDING_AG03,FALSE,NOT_FOR_ENFORCEMENT,-59.1573,17940.0307,-61.6222,-59.1573,-2.4649,-0.00293352,-0.00281618,-2.4649,-59.1573,-0.00281618,-2.4649,-2.4649,-2.4649,-4.3136,-4.3136,-59.1573,-0.00281618,-16.0218,-14.4684,-45.6004,-47.1538,-0.00217080,-0.00224475,-0.00011734,16.8454,14.9860,-0.0494,-0.6419,-0.0525,218.8151,12.9896,13.0801,17.0694,10.3857,11.0045,21.0062,31.5093,42.0124,42.1647,10.5412,0.0,3.81775,3.831594,1.530778,30,171,130,2,0.04358735,-0.00293352,0.13859161,0E-8,0.000000,0.889618,0.000000,-0.14797496,2026-03-22,2026-08-05,96,1173,774,137,0.700730,0.766291,0.776478,0.145291,,,,,,,,GLOBAL_BASELINE_NO_ENTITY_RANKING,,,NOT_APPLICABLE_GLOBAL_BASELINE,HF9g-P5,,,,X 全窗基线 · 不参与实体赏罚,3926970,393,A168_HF9F_20260827_0900,2026-08-27 09:00:00
2026-05-08,91797317,2147,0,21.0061968281,21.0061968281,21.0061968281,1.0000000,1,1,0.49324550000000000,0.493245500000,1.01360149184955,1.01360149184955,1.01360149184955,0E-17,ELIGIBLE,R03b_20260811_FULL_v1,L1_ELIGIBILITY,v2026-08-11,2026-03-21..2026-08-06,baccarat_bet02_101_all_pairs_incl_sentinel,round_win = game_pnl > 0 (decisive only),COMPATIBILITY_ONLY_NOT_PRODUCTION,21006.2458,18687.5319,-61.6222,1247,1247,0.00293352,-0.13859161,0.00938335,0.00293352,61.6222,21006.2458,OK,0.0000,-2.4649,4.0000,96.0000,AG03-UNRESOLVED,ALL5_LEVELS_bet23_to_bet27,-2.4649,-2.4649,-2.4649,-4.3136,-4.3136,4.000000,4.000000,4.000000,7.000000,7.000000,96.000000,96.000000,96.000000,93.000000,93.000000,5.0,-16.0218,-14.4684,-45.6004,-47.1538,PENDING_AG03,FALSE,NOT_FOR_ENFORCEMENT,-59.1573,17940.0307,-61.6222,-59.1573,-2.4649,-0.00293352,-0.00281618,-2.4649,-59.1573,-0.00281618,-2.4649,-2.4649,-2.4649,-4.3136,-4.3136,-59.1573,-0.00281618,-16.0218,-14.4684,-45.6004,-47.1538,-0.00217080,-0.00224475,-0.00011734,16.8454,14.9860,-0.0494,-0.6419,-0.0525,218.8151,12.9896,13.0801,17.0694,10.3857,11.0045,21.0062,31.5093,42.0124,42.1647,10.5412,0.0,3.81775,3.831594,1.530778,30,171,130,2,0.04358735,-0.00293352,0.13859161,0E-8,0.000000,0.889618,0.000000,-0.14797496,2026-03-22,2026-08-05,96,1173,774,137,0.700730,0.766291,0.776478,0.145291,,,,,,,,GLOBAL_BASELINE_NO_ENTITY_RANKING,,,NOT_APPLICABLE_GLOBAL_BASELINE,HF9g-P5,,,,X 全窗基线 · 不参与实体赏罚,3926971,393,A168_HF9F_20260827_0900,2026-08-27 09:00:00
2026-05-08,91797317,2196,0,10.5030984140,10.5030984140,10.5030984140,1.0000000,1,1,0.49324550000000000,0.493245500000,1.01360149184955,1.01360149184955,1.01360149184955,0E-17,ELIGIBLE,R03b_20260811_FULL_v1,L1_ELIGIBILITY,v2026-08-11,2026-03-21..2026-08-06,baccarat_bet02_101_all_pairs_incl_sentinel,round_win = game_pnl > 0 (decisive only),COMPATIBILITY_ONLY_NOT_PRODUCTION,21006.2458,18687.5319,-61.6222,1247,1247,0.00293352,-0.13859161,0.00938335,0.00293352,61.6222,21006.2458,OK,0.0000,-2.4649,4.0000,96.0000,AG03-UNRESOLVED,ALL5_LEVELS_bet23_to_bet27,-2.4649,-2.4649,-2.4649,-4.3136,-4.3136,4.000000,4.000000,4.000000,7.000000,7.000000,96.000000,96.000000,96.000000,93.000000,93.000000,5.0,-16.0218,-14.4684,-45.6004,-47.1538,PENDING_AG03,FALSE,NOT_FOR_ENFORCEMENT,-59.1573,17940.0307,-61.6222,-59.1573,-2.4649,-0.00293352,-0.00281618,-2.4649,-59.1573,-0.00281618,-2.4649,-2.4649,-2.4649,-4.3136,-4.3136,-59.1573,-0.00281618,-16.0218,-14.4684,-45.6004,-47.1538,-0.00217080,-0.00224475,-0.00011734,16.8454,14.9860,-0.0494,-0.6419,-0.0525,218.8151,12.9896,13.0801,17.0694,10.3857,11.0045,21.0062,31.5093,42.0124,42.1647,10.5412,0.0,3.81775,3.831594,1.530778,30,171,130,2,0.04358735,-0.00293352,0.13859161,0E-8,0.000000,0.889618,0.000000,-0.14797496,2026-03-22,2026-08-05,96,1173,774,137,0.700730,0.766291,0.776478,0.145291,,,,,,,,GLOBAL_BASELINE_NO_ENTITY_RANKING,,,NOT_APPLICABLE_GLOBAL_BASELINE,HF9g-P5,,,,X 全窗基线 · 不参与实体赏罚,3926972,393,A168_HF9F_20260827_0900,2026-08-27 09:00:00
2026-05-08,91797317,2202,0,21.0061968281,-21.0061968281,-21.0061968281,0E-7,1,1,0.49324550000000000,0.493245500000,-0.9865810262130424,-0.9865810262130424,-0.9865810262130424,0E-17,ELIGIBLE,R03b_20260811_FULL_v1,L1_ELIGIBILITY,v2026-08-11,2026-03-21..2026-08-06,baccarat_bet02_101_all_pairs_incl_sentinel,round_win = game_pnl > 0 (decisive only),COMPATIBILITY_ONLY_NOT_PRODUCTION,21006.2458,18687.5319,-61.6222,1247,1247,0.00293352,-0.13859161,0.00938335,0.00293352,61.6222,21006.2458,OK,0.0000,-2.4649,4.0000,96.0000,AG03-UNRESOLVED,ALL5_LEVELS_bet23_to_bet27,-2.4649,-2.4649,-2.4649,-4.3136,-4.3136,4.000000,4.000000,4.000000,7.000000,7.000000,96.000000,96.000000,96.000000,93.000000,93.000000,5.0,-16.0218,-14.4684,-45.6004,-47.1538,PENDING_AG03,FALSE,NOT_FOR_ENFORCEMENT,-59.1573,17940.0307,-61.6222,-59.1573,-2.4649,-0.00293352,-0.00281618,-2.4649,-59.1573,-0.00281618,-2.4649,-2.4649,-2.4649,-4.3136,-4.3136,-59.1573,-0.00281618,-16.0218,-14.4684,-45.6004,-47.1538,-0.00217080,-0.00224475,-0.00011734,16.8454,14.9860,-0.0494,-0.6419,-0.0525,218.8151,12.9896,13.0801,17.0694,10.3857,11.0045,21.0062,31.5093,42.0124,42.1647,10.5412,0.0,3.81775,3.831594,1.530778,30,171,130,2,0.04358735,-0.00293352,0.13859161,0E-8,0.000000,0.889618,0.000000,-0.14797496,2026-03-22,2026-08-05,96,1173,774,137,0.700730,0.766291,0.776478,0.145291,,,,,,,,GLOBAL_BASELINE_NO_ENTITY_RANKING,,,NOT_APPLICABLE_GLOBAL_BASELINE,HF9g-P5,,,,X 全窗基线 · 不参与实体赏罚,3926973,393,A168_HF9F_20260827_0900,2026-08-27 09:00:00
2026-05-08,91797317,2224,0,21.0061968281,-21.0061968281,-21.0061968281,0E-7,1,1,0.49324550000000000,0.493245500000,-0.9865810262130424,-0.9865810262130424,-0.9865810262130424,0E-17,ELIGIBLE,R03b_20260811_FULL_v1,L1_ELIGIBILITY,v2026-08-11,2026-03-21..2026-08-06,baccarat_bet02_101_all_pairs_incl_sentinel,round_win = game_pnl > 0 (decisive only),COMPATIBILITY_ONLY_NOT_PRODUCTION,21006.2458,18687.5319,-61.6222,1247,1247,0.00293352,-0.13859161,0.00938335,0.00293352,61.6222,21006.2458,OK,0.0000,-2.4649,4.0000,96.0000,AG03-UNRESOLVED,ALL5_LEVELS_bet23_to_bet27,-2.4649,-2.4649,-2.4649,-4.3136,-4.3136,4.000000,4.000000,4.000000,7.000000,7.000000,96.000000,96.000000,96.000000,93.000000,93.000000,5.0,-16.0218,-14.4684,-45.6004,-47.1538,PENDING_AG03,FALSE,NOT_FOR_ENFORCEMENT,-59.1573,17940.0307,-61.6222,-59.1573,-2.4649,-0.00293352,-0.00281618,-2.4649,-59.1573,-0.00281618,-2.4649,-2.4649,-2.4649,-4.3136,-4.3136,-59.1573,-0.00281618,-16.0218,-14.4684,-45.6004,-47.1538,-0.00217080,-0.00224475,-0.00011734,16.8454,14.9860,-0.0494,-0.6419,-0.0525,218.8151,12.9896,13.0801,17.0694,10.3857,11.0045,21.0062,31.5093,42.0124,42.1647,10.5412,0.0,3.81775,3.831594,1.530778,30,171,130,2,0.04358735,-0.00293352,0.13859161,0E-8,0.000000,0.889618,0.000000,-0.14797496,2026-03-22,2026-08-05,96,1173,774,137,0.700730,0.766291,0.776478,0.145291,,,,,,,,GLOBAL_BASELINE_NO_ENTITY_RANKING,,,NOT_APPLICABLE_GLOBAL_BASELINE,HF9g-P5,,,,X 全窗基线 · 不参与实体赏罚,3926974,393,A168_HF9F_20260827_0900,2026-08-27 09:00:00
2026-05-08,91797317,2239,0,21.0061968281,-21.0061968281,-21.0061968281,0E-7,1,1,0.49324550000000000,0.493245500000,-0.9865810262130424,-0.9865810262130424,-0.9865810262130424,0E-17,ELIGIBLE,R03b_20260811_FULL_v1,L1_ELIGIBILITY,v2026-08-11,2026-03-21..2026-08-06,baccarat_bet02_101_all_pairs_incl_sentinel,round_win = game_pnl > 0 (decisive only),COMPATIBILITY_ONLY_NOT_PRODUCTION,21006.2458,18687.5319,-61.6222,1247,1247,0.00293352,-0.13859161,0.00938335,0.00293352,61.6222,21006.2458,OK,0.0000,-2.4649,4.0000,96.0000,AG03-UNRESOLVED,ALL5_LEVELS_bet23_to_bet27,-2.4649,-2.4649,-2.4649,-4.3136,-4.3136,4.000000,4.000000,4.000000,7.000000,7.000000,96.000000,96.000000,96.000000,93.000000,93.000000,5.0,-16.0218,-14.4684,-45.6004,-47.1538,PENDING_AG03,FALSE,NOT_FOR_ENFORCEMENT,-59.1573,17940.0307,-61.6222,-59.1573,-2.4649,-0.00293352,-0.00281618,-2.4649,-59.1573,-0.00281618,-2.4649,-2.4649,-2.4649,-4.3136,-4.3136,-59.1573,-0.00281618,-16.0218,-14.4684,-45.6004,-47.1538,-0.00217080,-0.00224475,-0.00011734,16.8454,14.9860,-0.0494,-0.6419,-0.0525,218.8151,12.9896,13.0801,17.0694,10.3857,11.0045,21.0062,31.5093,42.0124,42.1647,10.5412,0.0,3.81775,3.831594,1.530778,30,171,130,2,0.04358735,-0.00293352,0.13859161,0E-8,0.000000,0.889618,0.000000,-0.14797496,2026-03-22,2026-08-05,96,1173,774,137,0.700730,0.766291,0.776478,0.145291,,,,,,,,GLOBAL_BASELINE_NO_ENTITY_RANKING,,,NOT_APPLICABLE_GLOBAL_BASELINE,HF9g-P5,,,,X 全窗基线 · 不参与实体赏罚,3926975,393,A168_HF9F_20260827_0900,2026-08-27 09:00:00
2026-05-08,91797317,2250,0,21.0061968281,0E-10,0E-10,,1,1,0.49324550000000000,0.493245500000,,,,0E-17,NO_DECISIVE_ROUND,R03b_20260811_FULL_v1,L1_ELIGIBILITY,v2026-08-11,2026-03-21..2026-08-06,baccarat_bet02_101_all_pairs_incl_sentinel,round_win = game_pnl > 0 (decisive only),COMPATIBILITY_ONLY_NOT_PRODUCTION,21006.2458,18687.5319,-61.6222,1247,1247,0.00293352,-0.13859161,0.00938335,0.00293352,61.6222,21006.2458,OK,0.0000,-2.4649,4.0000,96.0000,AG03-UNRESOLVED,ALL5_LEVELS_bet23_to_bet27,-2.4649,-2.4649,-2.4649,-4.3136,-4.3136,4.000000,4.000000,4.000000,7.000000,7.000000,96.000000,96.000000,96.000000,93.000000,93.000000,5.0,-16.0218,-14.4684,-45.6004,-47.1538,PENDING_AG03,FALSE,NOT_FOR_ENFORCEMENT,-59.1573,17940.0307,-61.6222,-59.1573,-2.4649,-0.00293352,-0.00281618,-2.4649,-59.1573,-0.00281618,-2.4649,-2.4649,-2.4649,-4.3136,-4.3136,-59.1573,-0.00281618,-16.0218,-14.4684,-45.6004,-47.1538,-0.00217080,-0.00224475,-0.00011734,16.8454,14.9860,-0.0494,-0.6419,-0.0525,218.8151,12.9896,13.0801,17.0694,10.3857,11.0045,21.0062,31.5093,42.0124,42.1647,10.5412,0.0,3.81775,3.831594,1.530778,30,171,130,2,0.04358735,-0.00293352,0.13859161,0E-8,0.000000,0.889618,0.000000,-0.14797496,2026-03-22,2026-08-05,96,1173,774,137,0.700730,0.766291,0.776478,0.145291,,,,,,,,GLOBAL_BASELINE_NO_ENTITY_RANKING,,,NOT_APPLICABLE_GLOBAL_BASELINE,HF9g-P5,,,,X 全窗基线 · 不参与实体赏罚,3926976,393,A168_HF9F_20260827_0900,2026-08-27 09:00:00
2026-05-08,91797317,2252,0,21.0061968281,21.0061968281,21.0061968281,1.0000000,1,1,0.49324550000000000,0.493245500000,1.01360149184955,1.01360149184955,1.01360149184955,0E-17,ELIGIBLE,R03b_20260811_FULL_v1,L1_ELIGIBILITY,v2026-08-11,2026-03-21..2026-08-06,baccarat_bet02_101_all_pairs_incl_sentinel,round_win = game_pnl > 0 (decisive only),COMPATIBILITY_ONLY_NOT_PRODUCTION,21006.2458,18687.5319,-61.6222,1247,1247,0.00293352,-0.13859161,0.00938335,0.00293352,61.6222,21006.2458,OK,0.0000,-2.4649,4.0000,96.0000,AG03-UNRESOLVED,ALL5_LEVELS_bet23_to_bet27,-2.4649,-2.4649,-2.4649,-4.3136,-4.3136,4.000000,4.000000,4.000000,7.000000,7.000000,96.000000,96.000000,96.000000,93.000000,93.000000,5.0,-16.0218,-14.4684,-45.6004,-47.1538,PENDING_AG03,FALSE,NOT_FOR_ENFORCEMENT,-59.1573,17940.0307,-61.6222,-59.1573,-2.4649,-0.00293352,-0.00281618,-2.4649,-59.1573,-0.00281618,-2.4649,-2.4649,-2.4649,-4.3136,-4.3136,-59.1573,-0.00281618,-16.0218,-14.4684,-45.6004,-47.1538,-0.00217080,-0.00224475,-0.00011734,16.8454,14.9860,-0.0494,-0.6419,-0.0525,218.8151,12.9896,13.0801,17.0694,10.3857,11.0045,21.0062,31.5093,42.0124,42.1647,10.5412,0.0,3.81775,3.831594,1.530778,30,171,130,2,0.04358735,-0.00293352,0.13859161,0E-8,0.000000,0.889618,0.000000,-0.14797496,2026-03-22,2026-08-05,96,1173,774,137,0.700730,0.766291,0.776478,0.145291,,,,,,,,GLOBAL_BASELINE_NO_ENTITY_RANKING,,,NOT_APPLICABLE_GLOBAL_BASELINE,HF9g-P5,,,,X 全窗基线 · 不参与实体赏罚,3926977,393,A168_HF9F_20260827_0900,2026-08-27 09:00:00
2026-05-08,91797317,2254,0,21.0061968281,-21.0061968281,-21.0061968281,0E-7,1,1,0.49324550000000000,0.493245500000,-0.9865810262130424,-0.9865810262130424,-0.9865810262130424,0E-17,ELIGIBLE,R03b_20260811_FULL_v1,L1_ELIGIBILITY,v2026-08-11,2026-03-21..2026-08-06,baccarat_bet02_101_all_pairs_incl_sentinel,round_win = game_pnl > 0 (decisive only),COMPATIBILITY_ONLY_NOT_PRODUCTION,21006.2458,18687.5319,-61.6222,1247,1247,0.00293352,-0.13859161,0.00938335,0.00293352,61.6222,21006.2458,OK,0.0000,-2.4649,4.0000,96.0000,AG03-UNRESOLVED,ALL5_LEVELS_bet23_to_bet27,-2.4649,-2.4649,-2.4649,-4.3136,-4.3136,4.000000,4.000000,4.000000,7.000000,7.000000,96.000000,96.000000,96.000000,93.000000,93.000000,5.0,-16.0218,-14.4684,-45.6004,-47.1538,PENDING_AG03,FALSE,NOT_FOR_ENFORCEMENT,-59.1573,17940.0307,-61.6222,-59.1573,-2.4649,-0.00293352,-0.00281618,-2.4649,-59.1573,-0.00281618,-2.4649,-2.4649,-2.4649,-4.3136,-4.3136,-59.1573,-0.00281618,-16.0218,-14.4684,-45.6004,-47.1538,-0.00217080,-0.00224475,-0.00011734,16.8454,14.9860,-0.0494,-0.6419,-0.0525,218.8151,12.9896,13.0801,17.0694,10.3857,11.0045,21.0062,31.5093,42.0124,42.1647,10.5412,0.0,3.81775,3.831594,1.530778,30,171,130,2,0.04358735,-0.00293352,0.13859161,0E-8,0.000000,0.889618,0.000000,-0.14797496,2026-03-22,2026-08-05,96,1173,774,137,0.700730,0.766291,0.776478,0.145291,,,,,,,,GLOBAL_BASELINE_NO_ENTITY_RANKING,,,NOT_APPLICABLE_GLOBAL_BASELINE,HF9g-P5,,,,X 全窗基线 · 不参与实体赏罚,3926978,393,A168_HF9F_20260827_0900,2026-08-27 09:00:00
2026-05-08,91797317,595,0,21.0061968281,21.0061968281,21.0061968281,1.0000000,1,1,0.49324550000000000,0.493245500000,1.01360149184955,1.01360149184955,1.01360149184955,0E-17,ELIGIBLE,R03b_20260811_FULL_v1,L1_ELIGIBILITY,v2026-08-11,2026-03-21..2026-08-06,baccarat_bet02_101_all_pairs_incl_sentinel,round_win = game_pnl > 0 (decisive only),COMPATIBILITY_ONLY_NOT_PRODUCTION,21006.2458,18687.5319,-61.6222,1247,1247,0.00293352,-0.13859161,0.00938335,0.00293352,61.6222,21006.2458,OK,0.0000,-2.4649,4.0000,96.0000,AG03-UNRESOLVED,ALL5_LEVELS_bet23_to_bet27,-2.4649,-2.4649,-2.4649,-4.3136,-4.3136,4.000000,4.000000,4.000000,7.000000,7.000000,96.000000,96.000000,96.000000,93.000000,93.000000,5.0,-16.0218,-14.4684,-45.6004,-47.1538,PENDING_AG03,FALSE,NOT_FOR_ENFORCEMENT,-59.1573,17940.0307,-61.6222,-59.1573,-2.4649,-0.00293352,-0.00281618,-2.4649,-59.1573,-0.00281618,-2.4649,-2.4649,-2.4649,-4.3136,-4.3136,-59.1573,-0.00281618,-16.0218,-14.4684,-45.6004,-47.1538,-0.00217080,-0.00224475,-0.00011734,16.8454,14.9860,-0.0494,-0.6419,-0.0525,218.8151,12.9896,13.0801,17.0694,10.3857,11.0045,21.0062,31.5093,42.0124,42.1647,10.5412,0.0,3.81775,3.831594,1.530778,30,171,130,2,0.04358735,-0.00293352,0.13859161,0E-8,0.000000,0.889618,0.000000,-0.14797496,2026-03-22,2026-08-05,96,1173,774,137,0.700730,0.766291,0.776478,0.145291,,,,,,,,GLOBAL_BASELINE_NO_ENTITY_RANKING,,,NOT_APPLICABLE_GLOBAL_BASELINE,HF9g-P5,,,,X 全窗基线 · 不参与实体赏罚,3926979,393,A168_HF9F_20260827_0900,2026-08-27 09:00:00
2026-05-09,91797317,-1,1,420.1239365615,94.5278857263,94.5278857263,0.6428571,16,16,0.49324550000000000,0.493245500000,1.1196931900793123,1.1196931900793123,1.1196931900793123,0E-17,SENTINEL_DEALER,R03b_20260811_FULL_v1,L1_ELIGIBILITY,v2026-08-11,2026-03-21..2026-08-06,baccarat_bet02_101_all_pairs_incl_sentinel,round_win = game_pnl > 0 (decisive only),COMPATIBILITY_ONLY_NOT_PRODUCTION,21006.2458,18687.5319,-61.6222,1247,1247,0.00293352,-0.13859161,0.00938335,0.00293352,61.6222,21006.2458,OK,0.0000,-2.4649,4.0000,96.0000,AG03-UNRESOLVED,ALL5_LEVELS_bet23_to_bet27,-2.4649,-2.4649,-2.4649,-4.3136,-4.3136,4.000000,4.000000,4.000000,7.000000,7.000000,96.000000,96.000000,96.000000,93.000000,93.000000,5.0,-16.0218,-14.4684,-45.6004,-47.1538,PENDING_AG03,FALSE,NOT_FOR_ENFORCEMENT,-59.1573,17940.0307,-61.6222,-59.1573,-2.4649,-0.00293352,-0.00281618,-2.4649,-59.1573,-0.00281618,-2.4649,-2.4649,-2.4649,-4.3136,-4.3136,-59.1573,-0.00281618,-16.0218,-14.4684,-45.6004,-47.1538,-0.00217080,-0.00224475,-0.00011734,16.8454,14.9860,-0.0494,-0.6419,-0.0525,218.8151,12.9896,13.0801,17.0694,10.3857,11.0045,21.0062,31.5093,42.0124,42.1647,10.5412,0.0,3.81775,3.831594,1.530778,30,171,130,2,0.04358735,-0.00293352,0.13859161,0E-8,0.000000,0.889618,0.000000,-0.14797496,2026-03-22,2026-08-05,96,1173,774,137,0.700730,0.766291,0.776478,0.145291,,,,,,,,GLOBAL_BASELINE_NO_ENTITY_RANKING,,,NOT_APPLICABLE_GLOBAL_BASELINE,HF9g-P5,,,,X 全窗基线 · 不参与实体赏罚,3926980,393,A168_HF9F_20260827_0900,2026-08-27 09:00:00
2026-05-09,91797317,1004,0,21.0061968281,-21.0061968281,-21.0061968281,0E-7,1,1,0.49324550000000000,0.493245500000,-0.9865810262130424,-0.9865810262130424,-0.9865810262130424,0E-17,ELIGIBLE,R03b_20260811_FULL_v1,L1_ELIGIBILITY,v2026-08-11,2026-03-21..2026-08-06,baccarat_bet02_101_all_pairs_incl_sentinel,round_win = game_pnl > 0 (decisive only),COMPATIBILITY_ONLY_NOT_PRODUCTION,21006.2458,18687.5319,-61.6222,1247,1247,0.00293352,-0.13859161,0.00938335,0.00293352,61.6222,21006.2458,OK,0.0000,-2.4649,4.0000,96.0000,AG03-UNRESOLVED,ALL5_LEVELS_bet23_to_bet27,-2.4649,-2.4649,-2.4649,-4.3136,-4.3136,4.000000,4.000000,4.000000,7.000000,7.000000,96.000000,96.000000,96.000000,93.000000,93.000000,5.0,-16.0218,-14.4684,-45.6004,-47.1538,PENDING_AG03,FALSE,NOT_FOR_ENFORCEMENT,-59.1573,17940.0307,-61.6222,-59.1573,-2.4649,-0.00293352,-0.00281618,-2.4649,-59.1573,-0.00281618,-2.4649,-2.4649,-2.4649,-4.3136,-4.3136,-59.1573,-0.00281618,-16.0218,-14.4684,-45.6004,-47.1538,-0.00217080,-0.00224475,-0.00011734,16.8454,14.9860,-0.0494,-0.6419,-0.0525,218.8151,12.9896,13.0801,17.0694,10.3857,11.0045,21.0062,31.5093,42.0124,42.1647,10.5412,0.0,3.81775,3.831594,1.530778,30,171,130,2,0.04358735,-0.00293352,0.13859161,0E-8,0.000000,0.889618,0.000000,-0.14797496,2026-03-22,2026-08-05,96,1173,774,137,0.700730,0.766291,0.776478,0.145291,,,,,,,,GLOBAL_BASELINE_NO_ENTITY_RANKING,,,NOT_APPLICABLE_GLOBAL_BASELINE,HF9g-P5,,,,X 全窗基线 · 不参与实体赏罚,3926981,393,A168_HF9F_20260827_0900,2026-08-27 09:00:00
2026-05-09,91797317,1017,0,21.0061968281,-21.0061968281,-21.0061968281,0E-7,1,1,0.49324550000000000,0.493245500000,-0.9865810262130424,-0.9865810262130424,-0.9865810262130424,0E-17,ELIGIBLE,R03b_20260811_FULL_v1,L1_ELIGIBILITY,v2026-08-11,2026-03-21..2026-08-06,baccarat_bet02_101_all_pairs_incl_sentinel,round_win = game_pnl > 0 (decisive only),COMPATIBILITY_ONLY_NOT_PRODUCTION,21006.2458,18687.5319,-61.6222,1247,1247,0.00293352,-0.13859161,0.00938335,0.00293352,61.6222,21006.2458,OK,0.0000,-2.4649,4.0000,96.0000,AG03-UNRESOLVED,ALL5_LEVELS_bet23_to_bet27,-2.4649,-2.4649,-2.4649,-4.3136,-4.3136,4.000000,4.000000,4.000000,7.000000,7.000000,96.000000,96.000000,96.000000,93.000000,93.000000,5.0,-16.0218,-14.4684,-45.6004,-47.1538,PENDING_AG03,FALSE,NOT_FOR_ENFORCEMENT,-59.1573,17940.0307,-61.6222,-59.1573,-2.4649,-0.00293352,-0.00281618,-2.4649,-59.1573,-0.00281618,-2.4649,-2.4649,-2.4649,-4.3136,-4.3136,-59.1573,-0.00281618,-16.0218,-14.4684,-45.6004,-47.1538,-0.00217080,-0.00224475,-0.00011734,16.8454,14.9860,-0.0494,-0.6419,-0.0525,218.8151,12.9896,13.0801,17.0694,10.3857,11.0045,21.0062,31.5093,42.0124,42.1647,10.5412,0.0,3.81775,3.831594,1.530778,30,171,130,2,0.04358735,-0.00293352,0.13859161,0E-8,0.000000,0.889618,0.000000,-0.14797496,2026-03-22,2026-08-05,96,1173,774,137,0.700730,0.766291,0.776478,0.145291,,,,,,,,GLOBAL_BASELINE_NO_ENTITY_RANKING,,,NOT_APPLICABLE_GLOBAL_BASELINE,HF9g-P5,,,,X 全窗基线 · 不参与实体赏罚,3926982,393,A168_HF9F_20260827_0900,2026-08-27 09:00:00
2026-05-09,91797317,1115,0,21.0061968281,0E-10,0E-10,,1,1,0.49324550000000000,0.493245500000,,,,0E-17,NO_DECISIVE_ROUND,R03b_20260811_FULL_v1,L1_ELIGIBILITY,v2026-08-11,2026-03-21..2026-08-06,baccarat_bet02_101_all_pairs_incl_sentinel,round_win = game_pnl > 0 (decisive only),COMPATIBILITY_ONLY_NOT_PRODUCTION,21006.2458,18687.5319,-61.6222,1247,1247,0.00293352,-0.13859161,0.00938335,0.00293352,61.6222,21006.2458,OK,0.0000,-2.4649,4.0000,96.0000,AG03-UNRESOLVED,ALL5_LEVELS_bet23_to_bet27,-2.4649,-2.4649,-2.4649,-4.3136,-4.3136,4.000000,4.000000,4.000000,7.000000,7.000000,96.000000,96.000000,96.000000,93.000000,93.000000,5.0,-16.0218,-14.4684,-45.6004,-47.1538,PENDING_AG03,FALSE,NOT_FOR_ENFORCEMENT,-59.1573,17940.0307,-61.6222,-59.1573,-2.4649,-0.00293352,-0.00281618,-2.4649,-59.1573,-0.00281618,-2.4649,-2.4649,-2.4649,-4.3136,-4.3136,-59.1573,-0.00281618,-16.0218,-14.4684,-45.6004,-47.1538,-0.00217080,-0.00224475,-0.00011734,16.8454,14.9860,-0.0494,-0.6419,-0.0525,218.8151,12.9896,13.0801,17.0694,10.3857,11.0045,21.0062,31.5093,42.0124,42.1647,10.5412,0.0,3.81775,3.831594,1.530778,30,171,130,2,0.04358735,-0.00293352,0.13859161,0E-8,0.000000,0.889618,0.000000,-0.14797496,2026-03-22,2026-08-05,96,1173,774,137,0.700730,0.766291,0.776478,0.145291,,,,,,,,GLOBAL_BASELINE_NO_ENTITY_RANKING,,,NOT_APPLICABLE_GLOBAL_BASELINE,HF9g-P5,,,,X 全窗基线 · 不参与实体赏罚,3926983,393,A168_HF9F_20260827_0900,2026-08-27 09:00:00
2026-05-09,91797317,1318,0,147.0433777964,21.0061968280,21.0061968280,0.6666667,6,6,0.49324550000000000,0.493245500000,0.8496642703256836,0.8496642703256835,0.8496642703256836,0E-17,ELIGIBLE,R03b_20260811_FULL_v1,L1_ELIGIBILITY,v2026-08-11,2026-03-21..2026-08-06,baccarat_bet02_101_all_pairs_incl_sentinel,round_win = game_pnl > 0 (decisive only),COMPATIBILITY_ONLY_NOT_PRODUCTION,21006.2458,18687.5319,-61.6222,1247,1247,0.00293352,-0.13859161,0.00938335,0.00293352,61.6222,21006.2458,OK,0.0000,-2.4649,4.0000,96.0000,AG03-UNRESOLVED,ALL5_LEVELS_bet23_to_bet27,-2.4649,-2.4649,-2.4649,-4.3136,-4.3136,4.000000,4.000000,4.000000,7.000000,7.000000,96.000000,96.000000,96.000000,93.000000,93.000000,5.0,-16.0218,-14.4684,-45.6004,-47.1538,PENDING_AG03,FALSE,NOT_FOR_ENFORCEMENT,-59.1573,17940.0307,-61.6222,-59.1573,-2.4649,-0.00293352,-0.00281618,-2.4649,-59.1573,-0.00281618,-2.4649,-2.4649,-2.4649,-4.3136,-4.3136,-59.1573,-0.00281618,-16.0218,-14.4684,-45.6004,-47.1538,-0.00217080,-0.00224475,-0.00011734,16.8454,14.9860,-0.0494,-0.6419,-0.0525,218.8151,12.9896,13.0801,17.0694,10.3857,11.0045,21.0062,31.5093,42.0124,42.1647,10.5412,0.0,3.81775,3.831594,1.530778,30,171,130,2,0.04358735,-0.00293352,0.13859161,0E-8,0.000000,0.889618,0.000000,-0.14797496,2026-03-22,2026-08-05,96,1173,774,137,0.700730,0.766291,0.776478,0.145291,,,,,,,,GLOBAL_BASELINE_NO_ENTITY_RANKING,,,NOT_APPLICABLE_GLOBAL_BASELINE,HF9g-P5,,,,X 全窗基线 · 不参与实体赏罚,3926984,393,A168_HF9F_20260827_0900,2026-08-27 09:00:00
2026-05-09,91797317,1325,0,63.0185904843,21.0061968281,21.0061968281,0.6666667,3,3,0.49324550000000000,0.493245500000,0.6008033672792107,0.6008033672792106,0.6008033672792107,0E-17,ELIGIBLE,R03b_20260811_FULL_v1,L1_ELIGIBILITY,v2026-08-11,2026-03-21..2026-08-06,baccarat_bet02_101_all_pairs_incl_sentinel,round_win = game_pnl > 0 (decisive only),COMPATIBILITY_ONLY_NOT_PRODUCTION,21006.2458,18687.5319,-61.6222,1247,1247,0.00293352,-0.13859161,0.00938335,0.00293352,61.6222,21006.2458,OK,0.0000,-2.4649,4.0000,96.0000,AG03-UNRESOLVED,ALL5_LEVELS_bet23_to_bet27,-2.4649,-2.4649,-2.4649,-4.3136,-4.3136,4.000000,4.000000,4.000000,7.000000,7.000000,96.000000,96.000000,96.000000,93.000000,93.000000,5.0,-16.0218,-14.4684,-45.6004,-47.1538,PENDING_AG03,FALSE,NOT_FOR_ENFORCEMENT,-59.1573,17940.0307,-61.6222,-59.1573,-2.4649,-0.00293352,-0.00281618,-2.4649,-59.1573,-0.00281618,-2.4649,-2.4649,-2.4649,-4.3136,-4.3136,-59.1573,-0.00281618,-16.0218,-14.4684,-45.6004,-47.1538,-0.00217080,-0.00224475,-0.00011734,16.8454,14.9860,-0.0494,-0.6419,-0.0525,218.8151,12.9896,13.0801,17.0694,10.3857,11.0045,21.0062,31.5093,42.0124,42.1647,10.5412,0.0,3.81775,3.831594,1.530778,30,171,130,2,0.04358735,-0.00293352,0.13859161,0E-8,0.000000,0.889618,0.000000,-0.14797496,2026-03-22,2026-08-05,96,1173,774,137,0.700730,0.766291,0.776478,0.145291,,,,,,,,GLOBAL_BASELINE_NO_ENTITY_RANKING,,,NOT_APPLICABLE_GLOBAL_BASELINE,HF9g-P5,,,,X 全窗基线 · 不参与实体赏罚,3926985,393,A168_HF9F_20260827_0900,2026-08-27 09:00:00
2026-05-09,91797317,1330,0,21.0061968281,21.0061968281,21.0061968281,1.0000000,1,1,0.49324550000000000,0.493245500000,1.01360149184955,1.01360149184955,1.01360149184955,0E-17,ELIGIBLE,R03b_20260811_FULL_v1,L1_ELIGIBILITY,v2026-08-11,2026-03-21..2026-08-06,baccarat_bet02_101_all_pairs_incl_sentinel,round_win = game_pnl > 0 (decisive only),COMPATIBILITY_ONLY_NOT_PRODUCTION,21006.2458,18687.5319,-61.6222,1247,1247,0.00293352,-0.13859161,0.00938335,0.00293352,61.6222,21006.2458,OK,0.0000,-2.4649,4.0000,96.0000,AG03-UNRESOLVED,ALL5_LEVELS_bet23_to_bet27,-2.4649,-2.4649,-2.4649,-4.3136,-4.3136,4.000000,4.000000,4.000000,7.000000,7.000000,96.000000,96.000000,96.000000,93.000000,93.000000,5.0,-16.0218,-14.4684,-45.6004,-47.1538,PENDING_AG03,FALSE,NOT_FOR_ENFORCEMENT,-59.1573,17940.0307,-61.6222,-59.1573,-2.4649,-0.00293352,-0.00281618,-2.4649,-59.1573,-0.00281618,-2.4649,-2.4649,-2.4649,-4.3136,-4.3136,-59.1573,-0.00281618,-16.0218,-14.4684,-45.6004,-47.1538,-0.00217080,-0.00224475,-0.00011734,16.8454,14.9860,-0.0494,-0.6419,-0.0525,218.8151,12.9896,13.0801,17.0694,10.3857,11.0045,21.0062,31.5093,42.0124,42.1647,10.5412,0.0,3.81775,3.831594,1.530778,30,171,130,2,0.04358735,-0.00293352,0.13859161,0E-8,0.000000,0.889618,0.000000,-0.14797496,2026-03-22,2026-08-05,96,1173,774,137,0.700730,0.766291,0.776478,0.145291,,,,,,,,GLOBAL_BASELINE_NO_ENTITY_RANKING,,,NOT_APPLICABLE_GLOBAL_BASELINE,HF9g-P5,,,,X 全窗基线 · 不参与实体赏罚,3926986,393,A168_HF9F_20260827_0900,2026-08-27 09:00:00
2026-05-09,91797317,1331,0,21.0061968281,-21.0061968281,-21.0061968281,0E-7,1,1,0.49324550000000000,0.493245500000,-0.9865810262130424,-0.9865810262130424,-0.9865810262130424,0E-17,ELIGIBLE,R03b_20260811_FULL_v1,L1_ELIGIBILITY,v2026-08-11,2026-03-21..2026-08-06,baccarat_bet02_101_all_pairs_incl_sentinel,round_win = game_pnl > 0 (decisive only),COMPATIBILITY_ONLY_NOT_PRODUCTION,21006.2458,18687.5319,-61.6222,1247,1247,0.00293352,-0.13859161,0.00938335,0.00293352,61.6222,21006.2458,OK,0.0000,-2.4649,4.0000,96.0000,AG03-UNRESOLVED,ALL5_LEVELS_bet23_to_bet27,-2.4649,-2.4649,-2.4649,-4.3136,-4.3136,4.000000,4.000000,4.000000,7.000000,7.000000,96.000000,96.000000,96.000000,93.000000,93.000000,5.0,-16.0218,-14.4684,-45.6004,-47.1538,PENDING_AG03,FALSE,NOT_FOR_ENFORCEMENT,-59.1573,17940.0307,-61.6222,-59.1573,-2.4649,-0.00293352,-0.00281618,-2.4649,-59.1573,-0.00281618,-2.4649,-2.4649,-2.4649,-4.3136,-4.3136,-59.1573,-0.00281618,-16.0218,-14.4684,-45.6004,-47.1538,-0.00217080,-0.00224475,-0.00011734,16.8454,14.9860,-0.0494,-0.6419,-0.0525,218.8151,12.9896,13.0801,17.0694,10.3857,11.0045,21.0062,31.5093,42.0124,42.1647,10.5412,0.0,3.81775,3.831594,1.530778,30,171,130,2,0.04358735,-0.00293352,0.13859161,0E-8,0.000000,0.889618,0.000000,-0.14797496,2026-03-22,2026-08-05,96,1173,774,137,0.700730,0.766291,0.776478,0.145291,,,,,,,,GLOBAL_BASELINE_NO_ENTITY_RANKING,,,NOT_APPLICABLE_GLOBAL_BASELINE,HF9g-P5,,,,X 全窗基线 · 不参与实体赏罚,3926987,393,A168_HF9F_20260827_0900,2026-08-27 09:00:00
2026-05-09,91797317,1363,0,21.0061968281,21.0061968281,21.0061968281,1.0000000,1,1,0.49324550000000000,0.493245500000,1.01360149184955,1.01360149184955,1.01360149184955,0E-17,ELIGIBLE,R03b_20260811_FULL_v1,L1_ELIGIBILITY,v2026-08-11,2026-03-21..2026-08-06,baccarat_bet02_101_all_pairs_incl_sentinel,round_win = game_pnl > 0 (decisive only),COMPATIBILITY_ONLY_NOT_PRODUCTION,21006.2458,18687.5319,-61.6222,1247,1247,0.00293352,-0.13859161,0.00938335,0.00293352,61.6222,21006.2458,OK,0.0000,-2.4649,4.0000,96.0000,AG03-UNRESOLVED,ALL5_LEVELS_bet23_to_bet27,-2.4649,-2.4649,-2.4649,-4.3136,-4.3136,4.000000,4.000000,4.000000,7.000000,7.000000,96.000000,96.000000,96.000000,93.000000,93.000000,5.0,-16.0218,-14.4684,-45.6004,-47.1538,PENDING_AG03,FALSE,NOT_FOR_ENFORCEMENT,-59.1573,17940.0307,-61.6222,-59.1573,-2.4649,-0.00293352,-0.00281618,-2.4649,-59.1573,-0.00281618,-2.4649,-2.4649,-2.4649,-4.3136,-4.3136,-59.1573,-0.00281618,-16.0218,-14.4684,-45.6004,-47.1538,-0.00217080,-0.00224475,-0.00011734,16.8454,14.9860,-0.0494,-0.6419,-0.0525,218.8151,12.9896,13.0801,17.0694,10.3857,11.0045,21.0062,31.5093,42.0124,42.1647,10.5412,0.0,3.81775,3.831594,1.530778,30,171,130,2,0.04358735,-0.00293352,0.13859161,0E-8,0.000000,0.889618,0.000000,-0.14797496,2026-03-22,2026-08-05,96,1173,774,137,0.700730,0.766291,0.776478,0.145291,,,,,,,,GLOBAL_BASELINE_NO_ENTITY_RANKING,,,NOT_APPLICABLE_GLOBAL_BASELINE,HF9g-P5,,,,X 全窗基线 · 不参与实体赏罚,3926988,393,A168_HF9F_20260827_0900,2026-08-27 09:00:00
2026-05-09,91797317,1374,0,52.5154920702,0E-10,0E-10,0.5000000,3,3,0.49324550000000000,0.493245500000,0.01910635448239258,0.01910635448239258,0.01910635448239258,0E-17,ELIGIBLE,R03b_20260811_FULL_v1,L1_ELIGIBILITY,v2026-08-11,2026-03-21..2026-08-06,baccarat_bet02_101_all_pairs_incl_sentinel,round_win = game_pnl > 0 (decisive only),COMPATIBILITY_ONLY_NOT_PRODUCTION,21006.2458,18687.5319,-61.6222,1247,1247,0.00293352,-0.13859161,0.00938335,0.00293352,61.6222,21006.2458,OK,0.0000,-2.4649,4.0000,96.0000,AG03-UNRESOLVED,ALL5_LEVELS_bet23_to_bet27,-2.4649,-2.4649,-2.4649,-4.3136,-4.3136,4.000000,4.000000,4.000000,7.000000,7.000000,96.000000,96.000000,96.000000,93.000000,93.000000,5.0,-16.0218,-14.4684,-45.6004,-47.1538,PENDING_AG03,FALSE,NOT_FOR_ENFORCEMENT,-59.1573,17940.0307,-61.6222,-59.1573,-2.4649,-0.00293352,-0.00281618,-2.4649,-59.1573,-0.00281618,-2.4649,-2.4649,-2.4649,-4.3136,-4.3136,-59.1573,-0.00281618,-16.0218,-14.4684,-45.6004,-47.1538,-0.00217080,-0.00224475,-0.00011734,16.8454,14.9860,-0.0494,-0.6419,-0.0525,218.8151,12.9896,13.0801,17.0694,10.3857,11.0045,21.0062,31.5093,42.0124,42.1647,10.5412,0.0,3.81775,3.831594,1.530778,30,171,130,2,0.04358735,-0.00293352,0.13859161,0E-8,0.000000,0.889618,0.000000,-0.14797496,2026-03-22,2026-08-05,96,1173,774,137,0.700730,0.766291,0.776478,0.145291,,,,,,,,GLOBAL_BASELINE_NO_ENTITY_RANKING,,,NOT_APPLICABLE_GLOBAL_BASELINE,HF9g-P5,,,,X 全窗基线 · 不参与实体赏罚,3926989,393,A168_HF9F_20260827_0900,2026-08-27 09:00:00
2026-05-09,91797317,1399,0,42.0123936561,42.0123936561,42.0123936561,1.0000000,1,1,0.49324550000000000,0.493245500000,1.01360149184955,1.01360149184955,1.01360149184955,0E-17,ELIGIBLE,R03b_20260811_FULL_v1,L1_ELIGIBILITY,v2026-08-11,2026-03-21..2026-08-06,baccarat_bet02_101_all_pairs_incl_sentinel,round_win = game_pnl > 0 (decisive only),COMPATIBILITY_ONLY_NOT_PRODUCTION,21006.2458,18687.5319,-61.6222,1247,1247,0.00293352,-0.13859161,0.00938335,0.00293352,61.6222,21006.2458,OK,0.0000,-2.4649,4.0000,96.0000,AG03-UNRESOLVED,ALL5_LEVELS_bet23_to_bet27,-2.4649,-2.4649,-2.4649,-4.3136,-4.3136,4.000000,4.000000,4.000000,7.000000,7.000000,96.000000,96.000000,96.000000,93.000000,93.000000,5.0,-16.0218,-14.4684,-45.6004,-47.1538,PENDING_AG03,FALSE,NOT_FOR_ENFORCEMENT,-59.1573,17940.0307,-61.6222,-59.1573,-2.4649,-0.00293352,-0.00281618,-2.4649,-59.1573,-0.00281618,-2.4649,-2.4649,-2.4649,-4.3136,-4.3136,-59.1573,-0.00281618,-16.0218,-14.4684,-45.6004,-47.1538,-0.00217080,-0.00224475,-0.00011734,16.8454,14.9860,-0.0494,-0.6419,-0.0525,218.8151,12.9896,13.0801,17.0694,10.3857,11.0045,21.0062,31.5093,42.0124,42.1647,10.5412,0.0,3.81775,3.831594,1.530778,30,171,130,2,0.04358735,-0.00293352,0.13859161,0E-8,0.000000,0.889618,0.000000,-0.14797496,2026-03-22,2026-08-05,96,1173,774,137,0.700730,0.766291,0.776478,0.145291,,,,,,,,GLOBAL_BASELINE_NO_ENTITY_RANKING,,,NOT_APPLICABLE_GLOBAL_BASELINE,HF9g-P5,,,,X 全窗基线 · 不参与实体赏罚,3926990,393,A168_HF9F_20260827_0900,2026-08-27 09:00:00
2026-05-09,91797317,1405,0,21.0061968281,21.0061968281,21.0061968281,1.0000000,1,1,0.49324550000000000,0.493245500000,1.01360149184955,1.01360149184955,1.01360149184955,0E-17,ELIGIBLE,R03b_20260811_FULL_v1,L1_ELIGIBILITY,v2026-08-11,2026-03-21..2026-08-06,baccarat_bet02_101_all_pairs_incl_sentinel,round_win = game_pnl > 0 (decisive only),COMPATIBILITY_ONLY_NOT_PRODUCTION,21006.2458,18687.5319,-61.6222,1247,1247,0.00293352,-0.13859161,0.00938335,0.00293352,61.6222,21006.2458,OK,0.0000,-2.4649,4.0000,96.0000,AG03-UNRESOLVED,ALL5_LEVELS_bet23_to_bet27,-2.4649,-2.4649,-2.4649,-4.3136,-4.3136,4.000000,4.000000,4.000000,7.000000,7.000000,96.000000,96.000000,96.000000,93.000000,93.000000,5.0,-16.0218,-14.4684,-45.6004,-47.1538,PENDING_AG03,FALSE,NOT_FOR_ENFORCEMENT,-59.1573,17940.0307,-61.6222,-59.1573,-2.4649,-0.00293352,-0.00281618,-2.4649,-59.1573,-0.00281618,-2.4649,-2.4649,-2.4649,-4.3136,-4.3136,-59.1573,-0.00281618,-16.0218,-14.4684,-45.6004,-47.1538,-0.00217080,-0.00224475,-0.00011734,16.8454,14.9860,-0.0494,-0.6419,-0.0525,218.8151,12.9896,13.0801,17.0694,10.3857,11.0045,21.0062,31.5093,42.0124,42.1647,10.5412,0.0,3.81775,3.831594,1.530778,30,171,130,2,0.04358735,-0.00293352,0.13859161,0E-8,0.000000,0.889618,0.000000,-0.14797496,2026-03-22,2026-08-05,96,1173,774,137,0.700730,0.766291,0.776478,0.145291,,,,,,,,GLOBAL_BASELINE_NO_ENTITY_RANKING,,,NOT_APPLICABLE_GLOBAL_BASELINE,HF9g-P5,,,,X 全窗基线 · 不参与实体赏罚,3926991,393,A168_HF9F_20260827_0900,2026-08-27 09:00:00
2026-05-09,91797317,1646,0,21.0061968281,0E-10,0E-10,,1,1,0.49324550000000000,0.493245500000,,,,0E-17,NO_DECISIVE_ROUND,R03b_20260811_FULL_v1,L1_ELIGIBILITY,v2026-08-11,2026-03-21..2026-08-06,baccarat_bet02_101_all_pairs_incl_sentinel,round_win = game_pnl > 0 (decisive only),COMPATIBILITY_ONLY_NOT_PRODUCTION,21006.2458,18687.5319,-61.6222,1247,1247,0.00293352,-0.13859161,0.00938335,0.00293352,61.6222,21006.2458,OK,0.0000,-2.4649,4.0000,96.0000,AG03-UNRESOLVED,ALL5_LEVELS_bet23_to_bet27,-2.4649,-2.4649,-2.4649,-4.3136,-4.3136,4.000000,4.000000,4.000000,7.000000,7.000000,96.000000,96.000000,96.000000,93.000000,93.000000,5.0,-16.0218,-14.4684,-45.6004,-47.1538,PENDING_AG03,FALSE,NOT_FOR_ENFORCEMENT,-59.1573,17940.0307,-61.6222,-59.1573,-2.4649,-0.00293352,-0.00281618,-2.4649,-59.1573,-0.00281618,-2.4649,-2.4649,-2.4649,-4.3136,-4.3136,-59.1573,-0.00281618,-16.0218,-14.4684,-45.6004,-47.1538,-0.00217080,-0.00224475,-0.00011734,16.8454,14.9860,-0.0494,-0.6419,-0.0525,218.8151,12.9896,13.0801,17.0694,10.3857,11.0045,21.0062,31.5093,42.0124,42.1647,10.5412,0.0,3.81775,3.831594,1.530778,30,171,130,2,0.04358735,-0.00293352,0.13859161,0E-8,0.000000,0.889618,0.000000,-0.14797496,2026-03-22,2026-08-05,96,1173,774,137,0.700730,0.766291,0.776478,0.145291,,,,,,,,GLOBAL_BASELINE_NO_ENTITY_RANKING,,,NOT_APPLICABLE_GLOBAL_BASELINE,HF9g-P5,,,,X 全窗基线 · 不参与实体赏罚,3926992,393,A168_HF9F_20260827_0900,2026-08-27 09:00:00
2026-05-09,91797317,1714,0,21.0061968281,21.0061968281,21.0061968281,1.0000000,1,1,0.49324550000000000,0.493245500000,1.01360149184955,1.01360149184955,1.01360149184955,0E-17,ELIGIBLE,R03b_20260811_FULL_v1,L1_ELIGIBILITY,v2026-08-11,2026-03-21..2026-08-06,baccarat_bet02_101_all_pairs_incl_sentinel,round_win = game_pnl > 0 (decisive only),COMPATIBILITY_ONLY_NOT_PRODUCTION,21006.2458,18687.5319,-61.6222,1247,1247,0.00293352,-0.13859161,0.00938335,0.00293352,61.6222,21006.2458,OK,0.0000,-2.4649,4.0000,96.0000,AG03-UNRESOLVED,ALL5_LEVELS_bet23_to_bet27,-2.4649,-2.4649,-2.4649,-4.3136,-4.3136,4.000000,4.000000,4.000000,7.000000,7.000000,96.000000,96.000000,96.000000,93.000000,93.000000,5.0,-16.0218,-14.4684,-45.6004,-47.1538,PENDING_AG03,FALSE,NOT_FOR_ENFORCEMENT,-59.1573,17940.0307,-61.6222,-59.1573,-2.4649,-0.00293352,-0.00281618,-2.4649,-59.1573,-0.00281618,-2.4649,-2.4649,-2.4649,-4.3136,-4.3136,-59.1573,-0.00281618,-16.0218,-14.4684,-45.6004,-47.1538,-0.00217080,-0.00224475,-0.00011734,16.8454,14.9860,-0.0494,-0.6419,-0.0525,218.8151,12.9896,13.0801,17.0694,10.3857,11.0045,21.0062,31.5093,42.0124,42.1647,10.5412,0.0,3.81775,3.831594,1.530778,30,171,130,2,0.04358735,-0.00293352,0.13859161,0E-8,0.000000,0.889618,0.000000,-0.14797496,2026-03-22,2026-08-05,96,1173,774,137,0.700730,0.766291,0.776478,0.145291,,,,,,,,GLOBAL_BASELINE_NO_ENTITY_RANKING,,,NOT_APPLICABLE_GLOBAL_BASELINE,HF9g-P5,,,,X 全窗基线 · 不参与实体赏罚,3926993,393,A168_HF9F_20260827_0900,2026-08-27 09:00:00
2026-05-09,91797317,1941,0,42.0123936562,0E-10,0E-10,0.5000000,2,2,0.49324550000000000,0.493245500000,0.01910635448239258,0.01910635448239258,0.01910635448239258,0E-17,ELIGIBLE,R03b_20260811_FULL_v1,L1_ELIGIBILITY,v2026-08-11,2026-03-21..2026-08-06,baccarat_bet02_101_all_pairs_incl_sentinel,round_win = game_pnl > 0 (decisive only),COMPATIBILITY_ONLY_NOT_PRODUCTION,21006.2458,18687.5319,-61.6222,1247,1247,0.00293352,-0.13859161,0.00938335,0.00293352,61.6222,21006.2458,OK,0.0000,-2.4649,4.0000,96.0000,AG03-UNRESOLVED,ALL5_LEVELS_bet23_to_bet27,-2.4649,-2.4649,-2.4649,-4.3136,-4.3136,4.000000,4.000000,4.000000,7.000000,7.000000,96.000000,96.000000,96.000000,93.000000,93.000000,5.0,-16.0218,-14.4684,-45.6004,-47.1538,PENDING_AG03,FALSE,NOT_FOR_ENFORCEMENT,-59.1573,17940.0307,-61.6222,-59.1573,-2.4649,-0.00293352,-0.00281618,-2.4649,-59.1573,-0.00281618,-2.4649,-2.4649,-2.4649,-4.3136,-4.3136,-59.1573,-0.00281618,-16.0218,-14.4684,-45.6004,-47.1538,-0.00217080,-0.00224475,-0.00011734,16.8454,14.9860,-0.0494,-0.6419,-0.0525,218.8151,12.9896,13.0801,17.0694,10.3857,11.0045,21.0062,31.5093,42.0124,42.1647,10.5412,0.0,3.81775,3.831594,1.530778,30,171,130,2,0.04358735,-0.00293352,0.13859161,0E-8,0.000000,0.889618,0.000000,-0.14797496,2026-03-22,2026-08-05,96,1173,774,137,0.700730,0.766291,0.776478,0.145291,,,,,,,,GLOBAL_BASELINE_NO_ENTITY_RANKING,,,NOT_APPLICABLE_GLOBAL_BASELINE,HF9g-P5,,,,X 全窗基线 · 不参与实体赏罚,3926994,393,A168_HF9F_20260827_0900,2026-08-27 09:00:00
2026-05-09,91797317,1990,0,21.0061968281,21.0061968281,21.0061968281,1.0000000,1,1,0.49324550000000000,0.493245500000,1.01360149184955,1.01360149184955,1.01360149184955,0E-17,ELIGIBLE,R03b_20260811_FULL_v1,L1_ELIGIBILITY,v2026-08-11,2026-03-21..2026-08-06,baccarat_bet02_101_all_pairs_incl_sentinel,round_win = game_pnl > 0 (decisive only),COMPATIBILITY_ONLY_NOT_PRODUCTION,21006.2458,18687.5319,-61.6222,1247,1247,0.00293352,-0.13859161,0.00938335,0.00293352,61.6222,21006.2458,OK,0.0000,-2.4649,4.0000,96.0000,AG03-UNRESOLVED,ALL5_LEVELS_bet23_to_bet27,-2.4649,-2.4649,-2.4649,-4.3136,-4.3136,4.000000,4.000000,4.000000,7.000000,7.000000,96.000000,96.000000,96.000000,93.000000,93.000000,5.0,-16.0218,-14.4684,-45.6004,-47.1538,PENDING_AG03,FALSE,NOT_FOR_ENFORCEMENT,-59.1573,17940.0307,-61.6222,-59.1573,-2.4649,-0.00293352,-0.00281618,-2.4649,-59.1573,-0.00281618,-2.4649,-2.4649,-2.4649,-4.3136,-4.3136,-59.1573,-0.00281618,-16.0218,-14.4684,-45.6004,-47.1538,-0.00217080,-0.00224475,-0.00011734,16.8454,14.9860,-0.0494,-0.6419,-0.0525,218.8151,12.9896,13.0801,17.0694,10.3857,11.0045,21.0062,31.5093,42.0124,42.1647,10.5412,0.0,3.81775,3.831594,1.530778,30,171,130,2,0.04358735,-0.00293352,0.13859161,0E-8,0.000000,0.889618,0.000000,-0.14797496,2026-03-22,2026-08-05,96,1173,774,137,0.700730,0.766291,0.776478,0.145291,,,,,,,,GLOBAL_BASELINE_NO_ENTITY_RANKING,,,NOT_APPLICABLE_GLOBAL_BASELINE,HF9g-P5,,,,X 全窗基线 · 不参与实体赏罚,3926995,393,A168_HF9F_20260827_0900,2026-08-27 09:00:00
2026-05-09,91797317,1994,0,21.0061968281,0E-10,0E-10,,1,1,0.49324550000000000,0.493245500000,,,,0E-17,NO_DECISIVE_ROUND,R03b_20260811_FULL_v1,L1_ELIGIBILITY,v2026-08-11,2026-03-21..2026-08-06,baccarat_bet02_101_all_pairs_incl_sentinel,round_win = game_pnl > 0 (decisive only),COMPATIBILITY_ONLY_NOT_PRODUCTION,21006.2458,18687.5319,-61.6222,1247,1247,0.00293352,-0.13859161,0.00938335,0.00293352,61.6222,21006.2458,OK,0.0000,-2.4649,4.0000,96.0000,AG03-UNRESOLVED,ALL5_LEVELS_bet23_to_bet27,-2.4649,-2.4649,-2.4649,-4.3136,-4.3136,4.000000,4.000000,4.000000,7.000000,7.000000,96.000000,96.000000,96.000000,93.000000,93.000000,5.0,-16.0218,-14.4684,-45.6004,-47.1538,PENDING_AG03,FALSE,NOT_FOR_ENFORCEMENT,-59.1573,17940.0307,-61.6222,-59.1573,-2.4649,-0.00293352,-0.00281618,-2.4649,-59.1573,-0.00281618,-2.4649,-2.4649,-2.4649,-4.3136,-4.3136,-59.1573,-0.00281618,-16.0218,-14.4684,-45.6004,-47.1538,-0.00217080,-0.00224475,-0.00011734,16.8454,14.9860,-0.0494,-0.6419,-0.0525,218.8151,12.9896,13.0801,17.0694,10.3857,11.0045,21.0062,31.5093,42.0124,42.1647,10.5412,0.0,3.81775,3.831594,1.530778,30,171,130,2,0.04358735,-0.00293352,0.13859161,0E-8,0.000000,0.889618,0.000000,-0.14797496,2026-03-22,2026-08-05,96,1173,774,137,0.700730,0.766291,0.776478,0.145291,,,,,,,,GLOBAL_BASELINE_NO_ENTITY_RANKING,,,NOT_APPLICABLE_GLOBAL_BASELINE,HF9g-P5,,,,X 全窗基线 · 不参与实体赏罚,3926996,393,A168_HF9F_20260827_0900,2026-08-27 09:00:00
2026-05-09,91797317,2101,0,21.0061968281,21.0061968281,21.0061968281,1.0000000,1,1,0.49324550000000000,0.493245500000,1.01360149184955,1.01360149184955,1.01360149184955,0E-17,ELIGIBLE,R03b_20260811_FULL_v1,L1_ELIGIBILITY,v2026-08-11,2026-03-21..2026-08-06,baccarat_bet02_101_all_pairs_incl_sentinel,round_win = game_pnl > 0 (decisive only),COMPATIBILITY_ONLY_NOT_PRODUCTION,21006.2458,18687.5319,-61.6222,1247,1247,0.00293352,-0.13859161,0.00938335,0.00293352,61.6222,21006.2458,OK,0.0000,-2.4649,4.0000,96.0000,AG03-UNRESOLVED,ALL5_LEVELS_bet23_to_bet27,-2.4649,-2.4649,-2.4649,-4.3136,-4.3136,4.000000,4.000000,4.000000,7.000000,7.000000,96.000000,96.000000,96.000000,93.000000,93.000000,5.0,-16.0218,-14.4684,-45.6004,-47.1538,PENDING_AG03,FALSE,NOT_FOR_ENFORCEMENT,-59.1573,17940.0307,-61.6222,-59.1573,-2.4649,-0.00293352,-0.00281618,-2.4649,-59.1573,-0.00281618,-2.4649,-2.4649,-2.4649,-4.3136,-4.3136,-59.1573,-0.00281618,-16.0218,-14.4684,-45.6004,-47.1538,-0.00217080,-0.00224475,-0.00011734,16.8454,14.9860,-0.0494,-0.6419,-0.0525,218.8151,12.9896,13.0801,17.0694,10.3857,11.0045,21.0062,31.5093,42.0124,42.1647,10.5412,0.0,3.81775,3.831594,1.530778,30,171,130,2,0.04358735,-0.00293352,0.13859161,0E-8,0.000000,0.889618,0.000000,-0.14797496,2026-03-22,2026-08-05,96,1173,774,137,0.700730,0.766291,0.776478,0.145291,,,,,,,,GLOBAL_BASELINE_NO_ENTITY_RANKING,,,NOT_APPLICABLE_GLOBAL_BASELINE,HF9g-P5,,,,X 全窗基线 · 不参与实体赏罚,3926997,393,A168_HF9F_20260827_0900,2026-08-27 09:00:00
2026-05-09,91797317,2103,0,31.5092952421,31.5092952421,31.5092952421,1.0000000,2,2,0.49324550000000000,0.493245500000,1.4334489766152358,1.4334489766152358,1.4334489766152358,0E-17,ELIGIBLE,R03b_20260811_FULL_v1,L1_ELIGIBILITY,v2026-08-11,2026-03-21..2026-08-06,baccarat_bet02_101_all_pairs_incl_sentinel,round_win = game_pnl > 0 (decisive only),COMPATIBILITY_ONLY_NOT_PRODUCTION,21006.2458,18687.5319,-61.6222,1247,1247,0.00293352,-0.13859161,0.00938335,0.00293352,61.6222,21006.2458,OK,0.0000,-2.4649,4.0000,96.0000,AG03-UNRESOLVED,ALL5_LEVELS_bet23_to_bet27,-2.4649,-2.4649,-2.4649,-4.3136,-4.3136,4.000000,4.000000,4.000000,7.000000,7.000000,96.000000,96.000000,96.000000,93.000000,93.000000,5.0,-16.0218,-14.4684,-45.6004,-47.1538,PENDING_AG03,FALSE,NOT_FOR_ENFORCEMENT,-59.1573,17940.0307,-61.6222,-59.1573,-2.4649,-0.00293352,-0.00281618,-2.4649,-59.1573,-0.00281618,-2.4649,-2.4649,-2.4649,-4.3136,-4.3136,-59.1573,-0.00281618,-16.0218,-14.4684,-45.6004,-47.1538,-0.00217080,-0.00224475,-0.00011734,16.8454,14.9860,-0.0494,-0.6419,-0.0525,218.8151,12.9896,13.0801,17.0694,10.3857,11.0045,21.0062,31.5093,42.0124,42.1647,10.5412,0.0,3.81775,3.831594,1.530778,30,171,130,2,0.04358735,-0.00293352,0.13859161,0E-8,0.000000,0.889618,0.000000,-0.14797496,2026-03-22,2026-08-05,96,1173,774,137,0.700730,0.766291,0.776478,0.145291,,,,,,,,GLOBAL_BASELINE_NO_ENTITY_RANKING,,,NOT_APPLICABLE_GLOBAL_BASELINE,HF9g-P5,,,,X 全窗基线 · 不参与实体赏罚,3926998,393,A168_HF9F_20260827_0900,2026-08-27 09:00:00
2026-05-09,91797317,2115,0,42.0123936561,-42.0123936561,-42.0123936561,0E-7,1,1,0.49324550000000000,0.493245500000,-0.9865810262130424,-0.9865810262130424,-0.9865810262130424,0E-17,ELIGIBLE,R03b_20260811_FULL_v1,L1_ELIGIBILITY,v2026-08-11,2026-03-21..2026-08-06,baccarat_bet02_101_all_pairs_incl_sentinel,round_win = game_pnl > 0 (decisive only),COMPATIBILITY_ONLY_NOT_PRODUCTION,21006.2458,18687.5319,-61.6222,1247,1247,0.00293352,-0.13859161,0.00938335,0.00293352,61.6222,21006.2458,OK,0.0000,-2.4649,4.0000,96.0000,AG03-UNRESOLVED,ALL5_LEVELS_bet23_to_bet27,-2.4649,-2.4649,-2.4649,-4.3136,-4.3136,4.000000,4.000000,4.000000,7.000000,7.000000,96.000000,96.000000,96.000000,93.000000,93.000000,5.0,-16.0218,-14.4684,-45.6004,-47.1538,PENDING_AG03,FALSE,NOT_FOR_ENFORCEMENT,-59.1573,17940.0307,-61.6222,-59.1573,-2.4649,-0.00293352,-0.00281618,-2.4649,-59.1573,-0.00281618,-2.4649,-2.4649,-2.4649,-4.3136,-4.3136,-59.1573,-0.00281618,-16.0218,-14.4684,-45.6004,-47.1538,-0.00217080,-0.00224475,-0.00011734,16.8454,14.9860,-0.0494,-0.6419,-0.0525,218.8151,12.9896,13.0801,17.0694,10.3857,11.0045,21.0062,31.5093,42.0124,42.1647,10.5412,0.0,3.81775,3.831594,1.530778,30,171,130,2,0.04358735,-0.00293352,0.13859161,0E-8,0.000000,0.889618,0.000000,-0.14797496,2026-03-22,2026-08-05,96,1173,774,137,0.700730,0.766291,0.776478,0.145291,,,,,,,,GLOBAL_BASELINE_NO_ENTITY_RANKING,,,NOT_APPLICABLE_GLOBAL_BASELINE,HF9g-P5,,,,X 全窗基线 · 不参与实体赏罚,3926999,393,A168_HF9F_20260827_0900,2026-08-27 09:00:00
2026-05-09,91797317,2130,0,21.0061968281,21.0061968281,21.0061968281,1.0000000,1,1,0.49324550000000000,0.493245500000,1.01360149184955,1.01360149184955,1.01360149184955,0E-17,ELIGIBLE,R03b_20260811_FULL_v1,L1_ELIGIBILITY,v2026-08-11,2026-03-21..2026-08-06,baccarat_bet02_101_all_pairs_incl_sentinel,round_win = game_pnl > 0 (decisive only),COMPATIBILITY_ONLY_NOT_PRODUCTION,21006.2458,18687.5319,-61.6222,1247,1247,0.00293352,-0.13859161,0.00938335,0.00293352,61.6222,21006.2458,OK,0.0000,-2.4649,4.0000,96.0000,AG03-UNRESOLVED,ALL5_LEVELS_bet23_to_bet27,-2.4649,-2.4649,-2.4649,-4.3136,-4.3136,4.000000,4.000000,4.000000,7.000000,7.000000,96.000000,96.000000,96.000000,93.000000,93.000000,5.0,-16.0218,-14.4684,-45.6004,-47.1538,PENDING_AG03,FALSE,NOT_FOR_ENFORCEMENT,-59.1573,17940.0307,-61.6222,-59.1573,-2.4649,-0.00293352,-0.00281618,-2.4649,-59.1573,-0.00281618,-2.4649,-2.4649,-2.4649,-4.3136,-4.3136,-59.1573,-0.00281618,-16.0218,-14.4684,-45.6004,-47.1538,-0.00217080,-0.00224475,-0.00011734,16.8454,14.9860,-0.0494,-0.6419,-0.0525,218.8151,12.9896,13.0801,17.0694,10.3857,11.0045,21.0062,31.5093,42.0124,42.1647,10.5412,0.0,3.81775,3.831594,1.530778,30,171,130,2,0.04358735,-0.00293352,0.13859161,0E-8,0.000000,0.889618,0.000000,-0.14797496,2026-03-22,2026-08-05,96,1173,774,137,0.700730,0.766291,0.776478,0.145291,,,,,,,,GLOBAL_BASELINE_NO_ENTITY_RANKING,,,NOT_APPLICABLE_GLOBAL_BASELINE,HF9g-P5,,,,X 全窗基线 · 不参与实体赏罚,3927000,393,A168_HF9F_20260827_0900,2026-08-27 09:00:00
2026-05-09,91797317,2134,0,31.5092952421,-31.5092952421,-31.5092952421,0E-7,2,2,0.49324550000000000,0.493245500000,-1.3952362676504506,-1.3952362676504506,-1.3952362676504506,0E-17,ELIGIBLE,R03b_20260811_FULL_v1,L1_ELIGIBILITY,v2026-08-11,2026-03-21..2026-08-06,baccarat_bet02_101_all_pairs_incl_sentinel,round_win = game_pnl > 0 (decisive only),COMPATIBILITY_ONLY_NOT_PRODUCTION,21006.2458,18687.5319,-61.6222,1247,1247,0.00293352,-0.13859161,0.00938335,0.00293352,61.6222,21006.2458,OK,0.0000,-2.4649,4.0000,96.0000,AG03-UNRESOLVED,ALL5_LEVELS_bet23_to_bet27,-2.4649,-2.4649,-2.4649,-4.3136,-4.3136,4.000000,4.000000,4.000000,7.000000,7.000000,96.000000,96.000000,96.000000,93.000000,93.000000,5.0,-16.0218,-14.4684,-45.6004,-47.1538,PENDING_AG03,FALSE,NOT_FOR_ENFORCEMENT,-59.1573,17940.0307,-61.6222,-59.1573,-2.4649,-0.00293352,-0.00281618,-2.4649,-59.1573,-0.00281618,-2.4649,-2.4649,-2.4649,-4.3136,-4.3136,-59.1573,-0.00281618,-16.0218,-14.4684,-45.6004,-47.1538,-0.00217080,-0.00224475,-0.00011734,16.8454,14.9860,-0.0494,-0.6419,-0.0525,218.8151,12.9896,13.0801,17.0694,10.3857,11.0045,21.0062,31.5093,42.0124,42.1647,10.5412,0.0,3.81775,3.831594,1.530778,30,171,130,2,0.04358735,-0.00293352,0.13859161,0E-8,0.000000,0.889618,0.000000,-0.14797496,2026-03-22,2026-08-05,96,1173,774,137,0.700730,0.766291,0.776478,0.145291,,,,,,,,GLOBAL_BASELINE_NO_ENTITY_RANKING,,,NOT_APPLICABLE_GLOBAL_BASELINE,HF9g-P5,,,,X 全窗基线 · 不参与实体赏罚,3927001,393,A168_HF9F_20260827_0900,2026-08-27 09:00:00
2026-05-09,91797317,2142,0,42.0123936562,42.0123936562,42.0123936562,1.0000000,2,2,0.49324550000000000,0.493245500000,1.4334489766152358,1.4334489766152358,1.4334489766152358,0E-17,ELIGIBLE,R03b_20260811_FULL_v1,L1_ELIGIBILITY,v2026-08-11,2026-03-21..2026-08-06,baccarat_bet02_101_all_pairs_incl_sentinel,round_win = game_pnl > 0 (decisive only),COMPATIBILITY_ONLY_NOT_PRODUCTION,21006.2458,18687.5319,-61.6222,1247,1247,0.00293352,-0.13859161,0.00938335,0.00293352,61.6222,21006.2458,OK,0.0000,-2.4649,4.0000,96.0000,AG03-UNRESOLVED,ALL5_LEVELS_bet23_to_bet27,-2.4649,-2.4649,-2.4649,-4.3136,-4.3136,4.000000,4.000000,4.000000,7.000000,7.000000,96.000000,96.000000,96.000000,93.000000,93.000000,5.0,-16.0218,-14.4684,-45.6004,-47.1538,PENDING_AG03,FALSE,NOT_FOR_ENFORCEMENT,-59.1573,17940.0307,-61.6222,-59.1573,-2.4649,-0.00293352,-0.00281618,-2.4649,-59.1573,-0.00281618,-2.4649,-2.4649,-2.4649,-4.3136,-4.3136,-59.1573,-0.00281618,-16.0218,-14.4684,-45.6004,-47.1538,-0.00217080,-0.00224475,-0.00011734,16.8454,14.9860,-0.0494,-0.6419,-0.0525,218.8151,12.9896,13.0801,17.0694,10.3857,11.0045,21.0062,31.5093,42.0124,42.1647,10.5412,0.0,3.81775,3.831594,1.530778,30,171,130,2,0.04358735,-0.00293352,0.13859161,0E-8,0.000000,0.889618,0.000000,-0.14797496,2026-03-22,2026-08-05,96,1173,774,137,0.700730,0.766291,0.776478,0.145291,,,,,,,,GLOBAL_BASELINE_NO_ENTITY_RANKING,,,NOT_APPLICABLE_GLOBAL_BASELINE,HF9g-P5,,,,X 全窗基线 · 不参与实体赏罚,3927002,393,A168_HF9F_20260827_0900,2026-08-27 09:00:00
2026-05-09,91797317,2147,0,42.0123936561,-42.0123936561,-42.0123936561,0E-7,1,1,0.49324550000000000,0.493245500000,-0.9865810262130424,-0.9865810262130424,-0.9865810262130424,0E-17,ELIGIBLE,R03b_20260811_FULL_v1,L1_ELIGIBILITY,v2026-08-11,2026-03-21..2026-08-06,baccarat_bet02_101_all_pairs_incl_sentinel,round_win = game_pnl > 0 (decisive only),COMPATIBILITY_ONLY_NOT_PRODUCTION,21006.2458,18687.5319,-61.6222,1247,1247,0.00293352,-0.13859161,0.00938335,0.00293352,61.6222,21006.2458,OK,0.0000,-2.4649,4.0000,96.0000,AG03-UNRESOLVED,ALL5_LEVELS_bet23_to_bet27,-2.4649,-2.4649,-2.4649,-4.3136,-4.3136,4.000000,4.000000,4.000000,7.000000,7.000000,96.000000,96.000000,96.000000,93.000000,93.000000,5.0,-16.0218,-14.4684,-45.6004,-47.1538,PENDING_AG03,FALSE,NOT_FOR_ENFORCEMENT,-59.1573,17940.0307,-61.6222,-59.1573,-2.4649,-0.00293352,-0.00281618,-2.4649,-59.1573,-0.00281618,-2.4649,-2.4649,-2.4649,-4.3136,-4.3136,-59.1573,-0.00281618,-16.0218,-14.4684,-45.6004,-47.1538,-0.00217080,-0.00224475,-0.00011734,16.8454,14.9860,-0.0494,-0.6419,-0.0525,218.8151,12.9896,13.0801,17.0694,10.3857,11.0045,21.0062,31.5093,42.0124,42.1647,10.5412,0.0,3.81775,3.831594,1.530778,30,171,130,2,0.04358735,-0.00293352,0.13859161,0E-8,0.000000,0.889618,0.000000,-0.14797496,2026-03-22,2026-08-05,96,1173,774,137,0.700730,0.766291,0.776478,0.145291,,,,,,,,GLOBAL_BASELINE_NO_ENTITY_RANKING,,,NOT_APPLICABLE_GLOBAL_BASELINE,HF9g-P5,,,,X 全窗基线 · 不参与实体赏罚,3927003,393,A168_HF9F_20260827_0900,2026-08-27 09:00:00
2026-05-09,91797317,2171,0,21.0061968281,0E-10,0E-10,,1,1,0.49324550000000000,0.493245500000,,,,0E-17,NO_DECISIVE_ROUND,R03b_20260811_FULL_v1,L1_ELIGIBILITY,v2026-08-11,2026-03-21..2026-08-06,baccarat_bet02_101_all_pairs_incl_sentinel,round_win = game_pnl > 0 (decisive only),COMPATIBILITY_ONLY_NOT_PRODUCTION,21006.2458,18687.5319,-61.6222,1247,1247,0.00293352,-0.13859161,0.00938335,0.00293352,61.6222,21006.2458,OK,0.0000,-2.4649,4.0000,96.0000,AG03-UNRESOLVED,ALL5_LEVELS_bet23_to_bet27,-2.4649,-2.4649,-2.4649,-4.3136,-4.3136,4.000000,4.000000,4.000000,7.000000,7.000000,96.000000,96.000000,96.000000,93.000000,93.000000,5.0,-16.0218,-14.4684,-45.6004,-47.1538,PENDING_AG03,FALSE,NOT_FOR_ENFORCEMENT,-59.1573,17940.0307,-61.6222,-59.1573,-2.4649,-0.00293352,-0.00281618,-2.4649,-59.1573,-0.00281618,-2.4649,-2.4649,-2.4649,-4.3136,-4.3136,-59.1573,-0.00281618,-16.0218,-14.4684,-45.6004,-47.1538,-0.00217080,-0.00224475,-0.00011734,16.8454,14.9860,-0.0494,-0.6419,-0.0525,218.8151,12.9896,13.0801,17.0694,10.3857,11.0045,21.0062,31.5093,42.0124,42.1647,10.5412,0.0,3.81775,3.831594,1.530778,30,171,130,2,0.04358735,-0.00293352,0.13859161,0E-8,0.000000,0.889618,0.000000,-0.14797496,2026-03-22,2026-08-05,96,1173,774,137,0.700730,0.766291,0.776478,0.145291,,,,,,,,GLOBAL_BASELINE_NO_ENTITY_RANKING,,,NOT_APPLICABLE_GLOBAL_BASELINE,HF9g-P5,,,,X 全窗基线 · 不参与实体赏罚,3927004,393,A168_HF9F_20260827_0900,2026-08-27 09:00:00
2026-05-09,91797317,2201,0,52.5154920702,-10.5030984140,-10.5030984140,0.3333333,3,3,0.49324550000000000,0.493245500000,-0.5540025479526107,-0.5540025479526106,-0.5540025479526107,0E-17,ELIGIBLE,R03b_20260811_FULL_v1,L1_ELIGIBILITY,v2026-08-11,2026-03-21..2026-08-06,baccarat_bet02_101_all_pairs_incl_sentinel,round_win = game_pnl > 0 (decisive only),COMPATIBILITY_ONLY_NOT_PRODUCTION,21006.2458,18687.5319,-61.6222,1247,1247,0.00293352,-0.13859161,0.00938335,0.00293352,61.6222,21006.2458,OK,0.0000,-2.4649,4.0000,96.0000,AG03-UNRESOLVED,ALL5_LEVELS_bet23_to_bet27,-2.4649,-2.4649,-2.4649,-4.3136,-4.3136,4.000000,4.000000,4.000000,7.000000,7.000000,96.000000,96.000000,96.000000,93.000000,93.000000,5.0,-16.0218,-14.4684,-45.6004,-47.1538,PENDING_AG03,FALSE,NOT_FOR_ENFORCEMENT,-59.1573,17940.0307,-61.6222,-59.1573,-2.4649,-0.00293352,-0.00281618,-2.4649,-59.1573,-0.00281618,-2.4649,-2.4649,-2.4649,-4.3136,-4.3136,-59.1573,-0.00281618,-16.0218,-14.4684,-45.6004,-47.1538,-0.00217080,-0.00224475,-0.00011734,16.8454,14.9860,-0.0494,-0.6419,-0.0525,218.8151,12.9896,13.0801,17.0694,10.3857,11.0045,21.0062,31.5093,42.0124,42.1647,10.5412,0.0,3.81775,3.831594,1.530778,30,171,130,2,0.04358735,-0.00293352,0.13859161,0E-8,0.000000,0.889618,0.000000,-0.14797496,2026-03-22,2026-08-05,96,1173,774,137,0.700730,0.766291,0.776478,0.145291,,,,,,,,GLOBAL_BASELINE_NO_ENTITY_RANKING,,,NOT_APPLICABLE_GLOBAL_BASELINE,HF9g-P5,,,,X 全窗基线 · 不参与实体赏罚,3927005,393,A168_HF9F_20260827_0900,2026-08-27 09:00:00
2026-05-09,91797317,2220,0,10.5030984140,10.5030984140,10.5030984140,1.0000000,1,1,0.49324550000000000,0.493245500000,1.01360149184955,1.01360149184955,1.01360149184955,0E-17,ELIGIBLE,R03b_20260811_FULL_v1,L1_ELIGIBILITY,v2026-08-11,2026-03-21..2026-08-06,baccarat_bet02_101_all_pairs_incl_sentinel,round_win = game_pnl > 0 (decisive only),COMPATIBILITY_ONLY_NOT_PRODUCTION,21006.2458,18687.5319,-61.6222,1247,1247,0.00293352,-0.13859161,0.00938335,0.00293352,61.6222,21006.2458,OK,0.0000,-2.4649,4.0000,96.0000,AG03-UNRESOLVED,ALL5_LEVELS_bet23_to_bet27,-2.4649,-2.4649,-2.4649,-4.3136,-4.3136,4.000000,4.000000,4.000000,7.000000,7.000000,96.000000,96.000000,96.000000,93.000000,93.000000,5.0,-16.0218,-14.4684,-45.6004,-47.1538,PENDING_AG03,FALSE,NOT_FOR_ENFORCEMENT,-59.1573,17940.0307,-61.6222,-59.1573,-2.4649,-0.00293352,-0.00281618,-2.4649,-59.1573,-0.00281618,-2.4649,-2.4649,-2.4649,-4.3136,-4.3136,-59.1573,-0.00281618,-16.0218,-14.4684,-45.6004,-47.1538,-0.00217080,-0.00224475,-0.00011734,16.8454,14.9860,-0.0494,-0.6419,-0.0525,218.8151,12.9896,13.0801,17.0694,10.3857,11.0045,21.0062,31.5093,42.0124,42.1647,10.5412,0.0,3.81775,3.831594,1.530778,30,171,130,2,0.04358735,-0.00293352,0.13859161,0E-8,0.000000,0.889618,0.000000,-0.14797496,2026-03-22,2026-08-05,96,1173,774,137,0.700730,0.766291,0.776478,0.145291,,,,,,,,GLOBAL_BASELINE_NO_ENTITY_RANKING,,,NOT_APPLICABLE_GLOBAL_BASELINE,HF9g-P5,,,,X 全窗基线 · 不参与实体赏罚,3927006,393,A168_HF9F_20260827_0900,2026-08-27 09:00:00
2026-05-09,91797317,2222,0,21.0061968281,21.0061968281,21.0061968281,1.0000000,1,1,0.49324550000000000,0.493245500000,1.01360149184955,1.01360149184955,1.01360149184955,0E-17,ELIGIBLE,R03b_20260811_FULL_v1,L1_ELIGIBILITY,v2026-08-11,2026-03-21..2026-08-06,baccarat_bet02_101_all_pairs_incl_sentinel,round_win = game_pnl > 0 (decisive only),COMPATIBILITY_ONLY_NOT_PRODUCTION,21006.2458,18687.5319,-61.6222,1247,1247,0.00293352,-0.13859161,0.00938335,0.00293352,61.6222,21006.2458,OK,0.0000,-2.4649,4.0000,96.0000,AG03-UNRESOLVED,ALL5_LEVELS_bet23_to_bet27,-2.4649,-2.4649,-2.4649,-4.3136,-4.3136,4.000000,4.000000,4.000000,7.000000,7.000000,96.000000,96.000000,96.000000,93.000000,93.000000,5.0,-16.0218,-14.4684,-45.6004,-47.1538,PENDING_AG03,FALSE,NOT_FOR_ENFORCEMENT,-59.1573,17940.0307,-61.6222,-59.1573,-2.4649,-0.00293352,-0.00281618,-2.4649,-59.1573,-0.00281618,-2.4649,-2.4649,-2.4649,-4.3136,-4.3136,-59.1573,-0.00281618,-16.0218,-14.4684,-45.6004,-47.1538,-0.00217080,-0.00224475,-0.00011734,16.8454,14.9860,-0.0494,-0.6419,-0.0525,218.8151,12.9896,13.0801,17.0694,10.3857,11.0045,21.0062,31.5093,42.0124,42.1647,10.5412,0.0,3.81775,3.831594,1.530778,30,171,130,2,0.04358735,-0.00293352,0.13859161,0E-8,0.000000,0.889618,0.000000,-0.14797496,2026-03-22,2026-08-05,96,1173,774,137,0.700730,0.766291,0.776478,0.145291,,,,,,,,GLOBAL_BASELINE_NO_ENTITY_RANKING,,,NOT_APPLICABLE_GLOBAL_BASELINE,HF9g-P5,,,,X 全窗基线 · 不参与实体赏罚,3927007,393,A168_HF9F_20260827_0900,2026-08-27 09:00:00
2026-05-09,91797317,2224,0,10.5030984140,10.5030984140,10.5030984140,1.0000000,1,1,0.49324550000000000,0.493245500000,1.01360149184955,1.01360149184955,1.01360149184955,0E-17,ELIGIBLE,R03b_20260811_FULL_v1,L1_ELIGIBILITY,v2026-08-11,2026-03-21..2026-08-06,baccarat_bet02_101_all_pairs_incl_sentinel,round_win = game_pnl > 0 (decisive only),COMPATIBILITY_ONLY_NOT_PRODUCTION,21006.2458,18687.5319,-61.6222,1247,1247,0.00293352,-0.13859161,0.00938335,0.00293352,61.6222,21006.2458,OK,0.0000,-2.4649,4.0000,96.0000,AG03-UNRESOLVED,ALL5_LEVELS_bet23_to_bet27,-2.4649,-2.4649,-2.4649,-4.3136,-4.3136,4.000000,4.000000,4.000000,7.000000,7.000000,96.000000,96.000000,96.000000,93.000000,93.000000,5.0,-16.0218,-14.4684,-45.6004,-47.1538,PENDING_AG03,FALSE,NOT_FOR_ENFORCEMENT,-59.1573,17940.0307,-61.6222,-59.1573,-2.4649,-0.00293352,-0.00281618,-2.4649,-59.1573,-0.00281618,-2.4649,-2.4649,-2.4649,-4.3136,-4.3136,-59.1573,-0.00281618,-16.0218,-14.4684,-45.6004,-47.1538,-0.00217080,-0.00224475,-0.00011734,16.8454,14.9860,-0.0494,-0.6419,-0.0525,218.8151,12.9896,13.0801,17.0694,10.3857,11.0045,21.0062,31.5093,42.0124,42.1647,10.5412,0.0,3.81775,3.831594,1.530778,30,171,130,2,0.04358735,-0.00293352,0.13859161,0E-8,0.000000,0.889618,0.000000,-0.14797496,2026-03-22,2026-08-05,96,1173,774,137,0.700730,0.766291,0.776478,0.145291,,,,,,,,GLOBAL_BASELINE_NO_ENTITY_RANKING,,,NOT_APPLICABLE_GLOBAL_BASELINE,HF9g-P5,,,,X 全窗基线 · 不参与实体赏罚,3927008,393,A168_HF9F_20260827_0900,2026-08-27 09:00:00
2026-05-09,91797317,2233,0,31.5092952421,-10.5030984141,-10.5030984141,0.5000000,2,2,0.49324550000000000,0.493245500000,0.01910635448239258,0.01910635448239258,0.01910635448239258,0E-17,ELIGIBLE,R03b_20260811_FULL_v1,L1_ELIGIBILITY,v2026-08-11,2026-03-21..2026-08-06,baccarat_bet02_101_all_pairs_incl_sentinel,round_win = game_pnl > 0 (decisive only),COMPATIBILITY_ONLY_NOT_PRODUCTION,21006.2458,18687.5319,-61.6222,1247,1247,0.00293352,-0.13859161,0.00938335,0.00293352,61.6222,21006.2458,OK,0.0000,-2.4649,4.0000,96.0000,AG03-UNRESOLVED,ALL5_LEVELS_bet23_to_bet27,-2.4649,-2.4649,-2.4649,-4.3136,-4.3136,4.000000,4.000000,4.000000,7.000000,7.000000,96.000000,96.000000,96.000000,93.000000,93.000000,5.0,-16.0218,-14.4684,-45.6004,-47.1538,PENDING_AG03,FALSE,NOT_FOR_ENFORCEMENT,-59.1573,17940.0307,-61.6222,-59.1573,-2.4649,-0.00293352,-0.00281618,-2.4649,-59.1573,-0.00281618,-2.4649,-2.4649,-2.4649,-4.3136,-4.3136,-59.1573,-0.00281618,-16.0218,-14.4684,-45.6004,-47.1538,-0.00217080,-0.00224475,-0.00011734,16.8454,14.9860,-0.0494,-0.6419,-0.0525,218.8151,12.9896,13.0801,17.0694,10.3857,11.0045,21.0062,31.5093,42.0124,42.1647,10.5412,0.0,3.81775,3.831594,1.530778,30,171,130,2,0.04358735,-0.00293352,0.13859161,0E-8,0.000000,0.889618,0.000000,-0.14797496,2026-03-22,2026-08-05,96,1173,774,137,0.700730,0.766291,0.776478,0.145291,,,,,,,,GLOBAL_BASELINE_NO_ENTITY_RANKING,,,NOT_APPLICABLE_GLOBAL_BASELINE,HF9g-P5,,,,X 全窗基线 · 不参与实体赏罚,3927009,393,A168_HF9F_20260827_0900,2026-08-27 09:00:00
2026-05-09,91797317,2235,0,21.0061968280,0E-10,0E-10,0.5000000,2,2,0.49324550000000000,0.493245500000,0.01910635448239258,0.01910635448239258,0.01910635448239258,0E-17,ELIGIBLE,R03b_20260811_FULL_v1,L1_ELIGIBILITY,v2026-08-11,2026-03-21..2026-08-06,baccarat_bet02_101_all_pairs_incl_sentinel,round_win = game_pnl > 0 (decisive only),COMPATIBILITY_ONLY_NOT_PRODUCTION,21006.2458,18687.5319,-61.6222,1247,1247,0.00293352,-0.13859161,0.00938335,0.00293352,61.6222,21006.2458,OK,0.0000,-2.4649,4.0000,96.0000,AG03-UNRESOLVED,ALL5_LEVELS_bet23_to_bet27,-2.4649,-2.4649,-2.4649,-4.3136,-4.3136,4.000000,4.000000,4.000000,7.000000,7.000000,96.000000,96.000000,96.000000,93.000000,93.000000,5.0,-16.0218,-14.4684,-45.6004,-47.1538,PENDING_AG03,FALSE,NOT_FOR_ENFORCEMENT,-59.1573,17940.0307,-61.6222,-59.1573,-2.4649,-0.00293352,-0.00281618,-2.4649,-59.1573,-0.00281618,-2.4649,-2.4649,-2.4649,-4.3136,-4.3136,-59.1573,-0.00281618,-16.0218,-14.4684,-45.6004,-47.1538,-0.00217080,-0.00224475,-0.00011734,16.8454,14.9860,-0.0494,-0.6419,-0.0525,218.8151,12.9896,13.0801,17.0694,10.3857,11.0045,21.0062,31.5093,42.0124,42.1647,10.5412,0.0,3.81775,3.831594,1.530778,30,171,130,2,0.04358735,-0.00293352,0.13859161,0E-8,0.000000,0.889618,0.000000,-0.14797496,2026-03-22,2026-08-05,96,1173,774,137,0.700730,0.766291,0.776478,0.145291,,,,,,,,GLOBAL_BASELINE_NO_ENTITY_RANKING,,,NOT_APPLICABLE_GLOBAL_BASELINE,HF9g-P5,,,,X 全窗基线 · 不参与实体赏罚,3927010,393,A168_HF9F_20260827_0900,2026-08-27 09:00:00
2026-05-09,91797317,2239,0,21.0061968281,-21.0061968281,-21.0061968281,0E-7,1,1,0.49324550000000000,0.493245500000,-0.9865810262130424,-0.9865810262130424,-0.9865810262130424,0E-17,ELIGIBLE,R03b_20260811_FULL_v1,L1_ELIGIBILITY,v2026-08-11,2026-03-21..2026-08-06,baccarat_bet02_101_all_pairs_incl_sentinel,round_win = game_pnl > 0 (decisive only),COMPATIBILITY_ONLY_NOT_PRODUCTION,21006.2458,18687.5319,-61.6222,1247,1247,0.00293352,-0.13859161,0.00938335,0.00293352,61.6222,21006.2458,OK,0.0000,-2.4649,4.0000,96.0000,AG03-UNRESOLVED,ALL5_LEVELS_bet23_to_bet27,-2.4649,-2.4649,-2.4649,-4.3136,-4.3136,4.000000,4.000000,4.000000,7.000000,7.000000,96.000000,96.000000,96.000000,93.000000,93.000000,5.0,-16.0218,-14.4684,-45.6004,-47.1538,PENDING_AG03,FALSE,NOT_FOR_ENFORCEMENT,-59.1573,17940.0307,-61.6222,-59.1573,-2.4649,-0.00293352,-0.00281618,-2.4649,-59.1573,-0.00281618,-2.4649,-2.4649,-2.4649,-4.3136,-4.3136,-59.1573,-0.00281618,-16.0218,-14.4684,-45.6004,-47.1538,-0.00217080,-0.00224475,-0.00011734,16.8454,14.9860,-0.0494,-0.6419,-0.0525,218.8151,12.9896,13.0801,17.0694,10.3857,11.0045,21.0062,31.5093,42.0124,42.1647,10.5412,0.0,3.81775,3.831594,1.530778,30,171,130,2,0.04358735,-0.00293352,0.13859161,0E-8,0.000000,0.889618,0.000000,-0.14797496,2026-03-22,2026-08-05,96,1173,774,137,0.700730,0.766291,0.776478,0.145291,,,,,,,,GLOBAL_BASELINE_NO_ENTITY_RANKING,,,NOT_APPLICABLE_GLOBAL_BASELINE,HF9g-P5,,,,X 全窗基线 · 不参与实体赏罚,3927011,393,A168_HF9F_20260827_0900,2026-08-27 09:00:00
2026-05-09,91797317,2242,0,10.5030984140,-10.5030984140,-10.5030984140,0E-7,1,1,0.49324550000000000,0.493245500000,-0.9865810262130424,-0.9865810262130424,-0.9865810262130424,0E-17,ELIGIBLE,R03b_20260811_FULL_v1,L1_ELIGIBILITY,v2026-08-11,2026-03-21..2026-08-06,baccarat_bet02_101_all_pairs_incl_sentinel,round_win = game_pnl > 0 (decisive only),COMPATIBILITY_ONLY_NOT_PRODUCTION,21006.2458,18687.5319,-61.6222,1247,1247,0.00293352,-0.13859161,0.00938335,0.00293352,61.6222,21006.2458,OK,0.0000,-2.4649,4.0000,96.0000,AG03-UNRESOLVED,ALL5_LEVELS_bet23_to_bet27,-2.4649,-2.4649,-2.4649,-4.3136,-4.3136,4.000000,4.000000,4.000000,7.000000,7.000000,96.000000,96.000000,96.000000,93.000000,93.000000,5.0,-16.0218,-14.4684,-45.6004,-47.1538,PENDING_AG03,FALSE,NOT_FOR_ENFORCEMENT,-59.1573,17940.0307,-61.6222,-59.1573,-2.4649,-0.00293352,-0.00281618,-2.4649,-59.1573,-0.00281618,-2.4649,-2.4649,-2.4649,-4.3136,-4.3136,-59.1573,-0.00281618,-16.0218,-14.4684,-45.6004,-47.1538,-0.00217080,-0.00224475,-0.00011734,16.8454,14.9860,-0.0494,-0.6419,-0.0525,218.8151,12.9896,13.0801,17.0694,10.3857,11.0045,21.0062,31.5093,42.0124,42.1647,10.5412,0.0,3.81775,3.831594,1.530778,30,171,130,2,0.04358735,-0.00293352,0.13859161,0E-8,0.000000,0.889618,0.000000,-0.14797496,2026-03-22,2026-08-05,96,1173,774,137,0.700730,0.766291,0.776478,0.145291,,,,,,,,GLOBAL_BASELINE_NO_ENTITY_RANKING,,,NOT_APPLICABLE_GLOBAL_BASELINE,HF9g-P5,,,,X 全窗基线 · 不参与实体赏罚,3927012,393,A168_HF9F_20260827_0900,2026-08-27 09:00:00
2026-05-09,91797317,2244,0,10.5030984140,0E-10,0E-10,,1,1,0.49324550000000000,0.493245500000,,,,0E-17,NO_DECISIVE_ROUND,R03b_20260811_FULL_v1,L1_ELIGIBILITY,v2026-08-11,2026-03-21..2026-08-06,baccarat_bet02_101_all_pairs_incl_sentinel,round_win = game_pnl > 0 (decisive only),COMPATIBILITY_ONLY_NOT_PRODUCTION,21006.2458,18687.5319,-61.6222,1247,1247,0.00293352,-0.13859161,0.00938335,0.00293352,61.6222,21006.2458,OK,0.0000,-2.4649,4.0000,96.0000,AG03-UNRESOLVED,ALL5_LEVELS_bet23_to_bet27,-2.4649,-2.4649,-2.4649,-4.3136,-4.3136,4.000000,4.000000,4.000000,7.000000,7.000000,96.000000,96.000000,96.000000,93.000000,93.000000,5.0,-16.0218,-14.4684,-45.6004,-47.1538,PENDING_AG03,FALSE,NOT_FOR_ENFORCEMENT,-59.1573,17940.0307,-61.6222,-59.1573,-2.4649,-0.00293352,-0.00281618,-2.4649,-59.1573,-0.00281618,-2.4649,-2.4649,-2.4649,-4.3136,-4.3136,-59.1573,-0.00281618,-16.0218,-14.4684,-45.6004,-47.1538,-0.00217080,-0.00224475,-0.00011734,16.8454,14.9860,-0.0494,-0.6419,-0.0525,218.8151,12.9896,13.0801,17.0694,10.3857,11.0045,21.0062,31.5093,42.0124,42.1647,10.5412,0.0,3.81775,3.831594,1.530778,30,171,130,2,0.04358735,-0.00293352,0.13859161,0E-8,0.000000,0.889618,0.000000,-0.14797496,2026-03-22,2026-08-05,96,1173,774,137,0.700730,0.766291,0.776478,0.145291,,,,,,,,GLOBAL_BASELINE_NO_ENTITY_RANKING,,,NOT_APPLICABLE_GLOBAL_BASELINE,HF9g-P5,,,,X 全窗基线 · 不参与实体赏罚,3927013,393,A168_HF9F_20260827_0900,2026-08-27 09:00:00
2026-05-09,91797317,2246,0,21.0061968281,0E-10,0E-10,,1,1,0.49324550000000000,0.493245500000,,,,0E-17,NO_DECISIVE_ROUND,R03b_20260811_FULL_v1,L1_ELIGIBILITY,v2026-08-11,2026-03-21..2026-08-06,baccarat_bet02_101_all_pairs_incl_sentinel,round_win = game_pnl > 0 (decisive only),COMPATIBILITY_ONLY_NOT_PRODUCTION,21006.2458,18687.5319,-61.6222,1247,1247,0.00293352,-0.13859161,0.00938335,0.00293352,61.6222,21006.2458,OK,0.0000,-2.4649,4.0000,96.0000,AG03-UNRESOLVED,ALL5_LEVELS_bet23_to_bet27,-2.4649,-2.4649,-2.4649,-4.3136,-4.3136,4.000000,4.000000,4.000000,7.000000,7.000000,96.000000,96.000000,96.000000,93.000000,93.000000,5.0,-16.0218,-14.4684,-45.6004,-47.1538,PENDING_AG03,FALSE,NOT_FOR_ENFORCEMENT,-59.1573,17940.0307,-61.6222,-59.1573,-2.4649,-0.00293352,-0.00281618,-2.4649,-59.1573,-0.00281618,-2.4649,-2.4649,-2.4649,-4.3136,-4.3136,-59.1573,-0.00281618,-16.0218,-14.4684,-45.6004,-47.1538,-0.00217080,-0.00224475,-0.00011734,16.8454,14.9860,-0.0494,-0.6419,-0.0525,218.8151,12.9896,13.0801,17.0694,10.3857,11.0045,21.0062,31.5093,42.0124,42.1647,10.5412,0.0,3.81775,3.831594,1.530778,30,171,130,2,0.04358735,-0.00293352,0.13859161,0E-8,0.000000,0.889618,0.000000,-0.14797496,2026-03-22,2026-08-05,96,1173,774,137,0.700730,0.766291,0.776478,0.145291,,,,,,,,GLOBAL_BASELINE_NO_ENTITY_RANKING,,,NOT_APPLICABLE_GLOBAL_BASELINE,HF9g-P5,,,,X 全窗基线 · 不参与实体赏罚,3927014,393,A168_HF9F_20260827_0900,2026-08-27 09:00:00
2026-05-09,91797317,2252,0,21.0061968281,21.0061968281,21.0061968281,1.0000000,1,1,0.49324550000000000,0.493245500000,1.01360149184955,1.01360149184955,1.01360149184955,0E-17,ELIGIBLE,R03b_20260811_FULL_v1,L1_ELIGIBILITY,v2026-08-11,2026-03-21..2026-08-06,baccarat_bet02_101_all_pairs_incl_sentinel,round_win = game_pnl > 0 (decisive only),COMPATIBILITY_ONLY_NOT_PRODUCTION,21006.2458,18687.5319,-61.6222,1247,1247,0.00293352,-0.13859161,0.00938335,0.00293352,61.6222,21006.2458,OK,0.0000,-2.4649,4.0000,96.0000,AG03-UNRESOLVED,ALL5_LEVELS_bet23_to_bet27,-2.4649,-2.4649,-2.4649,-4.3136,-4.3136,4.000000,4.000000,4.000000,7.000000,7.000000,96.000000,96.000000,96.000000,93.000000,93.000000,5.0,-16.0218,-14.4684,-45.6004,-47.1538,PENDING_AG03,FALSE,NOT_FOR_ENFORCEMENT,-59.1573,17940.0307,-61.6222,-59.1573,-2.4649,-0.00293352,-0.00281618,-2.4649,-59.1573,-0.00281618,-2.4649,-2.4649,-2.4649,-4.3136,-4.3136,-59.1573,-0.00281618,-16.0218,-14.4684,-45.6004,-47.1538,-0.00217080,-0.00224475,-0.00011734,16.8454,14.9860,-0.0494,-0.6419,-0.0525,218.8151,12.9896,13.0801,17.0694,10.3857,11.0045,21.0062,31.5093,42.0124,42.1647,10.5412,0.0,3.81775,3.831594,1.530778,30,171,130,2,0.04358735,-0.00293352,0.13859161,0E-8,0.000000,0.889618,0.000000,-0.14797496,2026-03-22,2026-08-05,96,1173,774,137,0.700730,0.766291,0.776478,0.145291,,,,,,,,GLOBAL_BASELINE_NO_ENTITY_RANKING,,,NOT_APPLICABLE_GLOBAL_BASELINE,HF9g-P5,,,,X 全窗基线 · 不参与实体赏罚,3927015,393,A168_HF9F_20260827_0900,2026-08-27 09:00:00
2026-05-09,91797317,2254,0,21.0061968281,21.0061968281,21.0061968281,1.0000000,1,1,0.49324550000000000,0.493245500000,1.01360149184955,1.01360149184955,1.01360149184955,0E-17,ELIGIBLE,R03b_20260811_FULL_v1,L1_ELIGIBILITY,v2026-08-11,2026-03-21..2026-08-06,baccarat_bet02_101_all_pairs_incl_sentinel,round_win = game_pnl > 0 (decisive only),COMPATIBILITY_ONLY_NOT_PRODUCTION,21006.2458,18687.5319,-61.6222,1247,1247,0.00293352,-0.13859161,0.00938335,0.00293352,61.6222,21006.2458,OK,0.0000,-2.4649,4.0000,96.0000,AG03-UNRESOLVED,ALL5_LEVELS_bet23_to_bet27,-2.4649,-2.4649,-2.4649,-4.3136,-4.3136,4.000000,4.000000,4.000000,7.000000,7.000000,96.000000,96.000000,96.000000,93.000000,93.000000,5.0,-16.0218,-14.4684,-45.6004,-47.1538,PENDING_AG03,FALSE,NOT_FOR_ENFORCEMENT,-59.1573,17940.0307,-61.6222,-59.1573,-2.4649,-0.00293352,-0.00281618,-2.4649,-59.1573,-0.00281618,-2.4649,-2.4649,-2.4649,-4.3136,-4.3136,-59.1573,-0.00281618,-16.0218,-14.4684,-45.6004,-47.1538,-0.00217080,-0.00224475,-0.00011734,16.8454,14.9860,-0.0494,-0.6419,-0.0525,218.8151,12.9896,13.0801,17.0694,10.3857,11.0045,21.0062,31.5093,42.0124,42.1647,10.5412,0.0,3.81775,3.831594,1.530778,30,171,130,2,0.04358735,-0.00293352,0.13859161,0E-8,0.000000,0.889618,0.000000,-0.14797496,2026-03-22,2026-08-05,96,1173,774,137,0.700730,0.766291,0.776478,0.145291,,,,,,,,GLOBAL_BASELINE_NO_ENTITY_RANKING,,,NOT_APPLICABLE_GLOBAL_BASELINE,HF9g-P5,,,,X 全窗基线 · 不参与实体赏罚,3927016,393,A168_HF9F_20260827_0900,2026-08-27 09:00:00
2026-05-09,91797317,2256,0,21.0061968281,21.0061968281,21.0061968281,1.0000000,1,1,0.49324550000000000,0.493245500000,1.01360149184955,1.01360149184955,1.01360149184955,0E-17,ELIGIBLE,R03b_20260811_FULL_v1,L1_ELIGIBILITY,v2026-08-11,2026-03-21..2026-08-06,baccarat_bet02_101_all_pairs_incl_sentinel,round_win = game_pnl > 0 (decisive only),COMPATIBILITY_ONLY_NOT_PRODUCTION,21006.2458,18687.5319,-61.6222,1247,1247,0.00293352,-0.13859161,0.00938335,0.00293352,61.6222,21006.2458,OK,0.0000,-2.4649,4.0000,96.0000,AG03-UNRESOLVED,ALL5_LEVELS_bet23_to_bet27,-2.4649,-2.4649,-2.4649,-4.3136,-4.3136,4.000000,4.000000,4.000000,7.000000,7.000000,96.000000,96.000000,96.000000,93.000000,93.000000,5.0,-16.0218,-14.4684,-45.6004,-47.1538,PENDING_AG03,FALSE,NOT_FOR_ENFORCEMENT,-59.1573,17940.0307,-61.6222,-59.1573,-2.4649,-0.00293352,-0.00281618,-2.4649,-59.1573,-0.00281618,-2.4649,-2.4649,-2.4649,-4.3136,-4.3136,-59.1573,-0.00281618,-16.0218,-14.4684,-45.6004,-47.1538,-0.00217080,-0.00224475,-0.00011734,16.8454,14.9860,-0.0494,-0.6419,-0.0525,218.8151,12.9896,13.0801,17.0694,10.3857,11.0045,21.0062,31.5093,42.0124,42.1647,10.5412,0.0,3.81775,3.831594,1.530778,30,171,130,2,0.04358735,-0.00293352,0.13859161,0E-8,0.000000,0.889618,0.000000,-0.14797496,2026-03-22,2026-08-05,96,1173,774,137,0.700730,0.766291,0.776478,0.145291,,,,,,,,GLOBAL_BASELINE_NO_ENTITY_RANKING,,,NOT_APPLICABLE_GLOBAL_BASELINE,HF9g-P5,,,,X 全窗基线 · 不参与实体赏罚,3927017,393,A168_HF9F_20260827_0900,2026-08-27 09:00:00
2026-05-09,91797317,2266,0,21.0061968281,-21.0061968281,-21.0061968281,0E-7,1,1,0.49324550000000000,0.493245500000,-0.9865810262130424,-0.9865810262130424,-0.9865810262130424,0E-17,ELIGIBLE,R03b_20260811_FULL_v1,L1_ELIGIBILITY,v2026-08-11,2026-03-21..2026-08-06,baccarat_bet02_101_all_pairs_incl_sentinel,round_win = game_pnl > 0 (decisive only),COMPATIBILITY_ONLY_NOT_PRODUCTION,21006.2458,18687.5319,-61.6222,1247,1247,0.00293352,-0.13859161,0.00938335,0.00293352,61.6222,21006.2458,OK,0.0000,-2.4649,4.0000,96.0000,AG03-UNRESOLVED,ALL5_LEVELS_bet23_to_bet27,-2.4649,-2.4649,-2.4649,-4.3136,-4.3136,4.000000,4.000000,4.000000,7.000000,7.000000,96.000000,96.000000,96.000000,93.000000,93.000000,5.0,-16.0218,-14.4684,-45.6004,-47.1538,PENDING_AG03,FALSE,NOT_FOR_ENFORCEMENT,-59.1573,17940.0307,-61.6222,-59.1573,-2.4649,-0.00293352,-0.00281618,-2.4649,-59.1573,-0.00281618,-2.4649,-2.4649,-2.4649,-4.3136,-4.3136,-59.1573,-0.00281618,-16.0218,-14.4684,-45.6004,-47.1538,-0.00217080,-0.00224475,-0.00011734,16.8454,14.9860,-0.0494,-0.6419,-0.0525,218.8151,12.9896,13.0801,17.0694,10.3857,11.0045,21.0062,31.5093,42.0124,42.1647,10.5412,0.0,3.81775,3.831594,1.530778,30,171,130,2,0.04358735,-0.00293352,0.13859161,0E-8,0.000000,0.889618,0.000000,-0.14797496,2026-03-22,2026-08-05,96,1173,774,137,0.700730,0.766291,0.776478,0.145291,,,,,,,,GLOBAL_BASELINE_NO_ENTITY_RANKING,,,NOT_APPLICABLE_GLOBAL_BASELINE,HF9g-P5,,,,X 全窗基线 · 不参与实体赏罚,3927018,393,A168_HF9F_20260827_0900,2026-08-27 09:00:00
2026-05-09,91797317,2267,0,21.0061968281,-21.0061968281,-21.0061968281,0E-7,1,1,0.49324550000000000,0.493245500000,-0.9865810262130424,-0.9865810262130424,-0.9865810262130424,0E-17,ELIGIBLE,R03b_20260811_FULL_v1,L1_ELIGIBILITY,v2026-08-11,2026-03-21..2026-08-06,baccarat_bet02_101_all_pairs_incl_sentinel,round_win = game_pnl > 0 (decisive only),COMPATIBILITY_ONLY_NOT_PRODUCTION,21006.2458,18687.5319,-61.6222,1247,1247,0.00293352,-0.13859161,0.00938335,0.00293352,61.6222,21006.2458,OK,0.0000,-2.4649,4.0000,96.0000,AG03-UNRESOLVED,ALL5_LEVELS_bet23_to_bet27,-2.4649,-2.4649,-2.4649,-4.3136,-4.3136,4.000000,4.000000,4.000000,7.000000,7.000000,96.000000,96.000000,96.000000,93.000000,93.000000,5.0,-16.0218,-14.4684,-45.6004,-47.1538,PENDING_AG03,FALSE,NOT_FOR_ENFORCEMENT,-59.1573,17940.0307,-61.6222,-59.1573,-2.4649,-0.00293352,-0.00281618,-2.4649,-59.1573,-0.00281618,-2.4649,-2.4649,-2.4649,-4.3136,-4.3136,-59.1573,-0.00281618,-16.0218,-14.4684,-45.6004,-47.1538,-0.00217080,-0.00224475,-0.00011734,16.8454,14.9860,-0.0494,-0.6419,-0.0525,218.8151,12.9896,13.0801,17.0694,10.3857,11.0045,21.0062,31.5093,42.0124,42.1647,10.5412,0.0,3.81775,3.831594,1.530778,30,171,130,2,0.04358735,-0.00293352,0.13859161,0E-8,0.000000,0.889618,0.000000,-0.14797496,2026-03-22,2026-08-05,96,1173,774,137,0.700730,0.766291,0.776478,0.145291,,,,,,,,GLOBAL_BASELINE_NO_ENTITY_RANKING,,,NOT_APPLICABLE_GLOBAL_BASELINE,HF9g-P5,,,,X 全窗基线 · 不参与实体赏罚,3927019,393,A168_HF9F_20260827_0900,2026-08-27 09:00:00
2026-05-09,91797317,471,0,42.0123936562,42.0123936562,42.0123936562,1.0000000,2,2,0.49324550000000000,0.493245500000,1.4334489766152358,1.4334489766152358,1.4334489766152358,0E-17,ELIGIBLE,R03b_20260811_FULL_v1,L1_ELIGIBILITY,v2026-08-11,2026-03-21..2026-08-06,baccarat_bet02_101_all_pairs_incl_sentinel,round_win = game_pnl > 0 (decisive only),COMPATIBILITY_ONLY_NOT_PRODUCTION,21006.2458,18687.5319,-61.6222,1247,1247,0.00293352,-0.13859161,0.00938335,0.00293352,61.6222,21006.2458,OK,0.0000,-2.4649,4.0000,96.0000,AG03-UNRESOLVED,ALL5_LEVELS_bet23_to_bet27,-2.4649,-2.4649,-2.4649,-4.3136,-4.3136,4.000000,4.000000,4.000000,7.000000,7.000000,96.000000,96.000000,96.000000,93.000000,93.000000,5.0,-16.0218,-14.4684,-45.6004,-47.1538,PENDING_AG03,FALSE,NOT_FOR_ENFORCEMENT,-59.1573,17940.0307,-61.6222,-59.1573,-2.4649,-0.00293352,-0.00281618,-2.4649,-59.1573,-0.00281618,-2.4649,-2.4649,-2.4649,-4.3136,-4.3136,-59.1573,-0.00281618,-16.0218,-14.4684,-45.6004,-47.1538,-0.00217080,-0.00224475,-0.00011734,16.8454,14.9860,-0.0494,-0.6419,-0.0525,218.8151,12.9896,13.0801,17.0694,10.3857,11.0045,21.0062,31.5093,42.0124,42.1647,10.5412,0.0,3.81775,3.831594,1.530778,30,171,130,2,0.04358735,-0.00293352,0.13859161,0E-8,0.000000,0.889618,0.000000,-0.14797496,2026-03-22,2026-08-05,96,1173,774,137,0.700730,0.766291,0.776478,0.145291,,,,,,,,GLOBAL_BASELINE_NO_ENTITY_RANKING,,,NOT_APPLICABLE_GLOBAL_BASELINE,HF9g-P5,,,,X 全窗基线 · 不参与实体赏罚,3927020,393,A168_HF9F_20260827_0900,2026-08-27 09:00:00
2026-05-09,91797317,529,0,21.0061968281,21.0061968281,21.0061968281,1.0000000,1,1,0.49324550000000000,0.493245500000,1.01360149184955,1.01360149184955,1.01360149184955,0E-17,ELIGIBLE,R03b_20260811_FULL_v1,L1_ELIGIBILITY,v2026-08-11,2026-03-21..2026-08-06,baccarat_bet02_101_all_pairs_incl_sentinel,round_win = game_pnl > 0 (decisive only),COMPATIBILITY_ONLY_NOT_PRODUCTION,21006.2458,18687.5319,-61.6222,1247,1247,0.00293352,-0.13859161,0.00938335,0.00293352,61.6222,21006.2458,OK,0.0000,-2.4649,4.0000,96.0000,AG03-UNRESOLVED,ALL5_LEVELS_bet23_to_bet27,-2.4649,-2.4649,-2.4649,-4.3136,-4.3136,4.000000,4.000000,4.000000,7.000000,7.000000,96.000000,96.000000,96.000000,93.000000,93.000000,5.0,-16.0218,-14.4684,-45.6004,-47.1538,PENDING_AG03,FALSE,NOT_FOR_ENFORCEMENT,-59.1573,17940.0307,-61.6222,-59.1573,-2.4649,-0.00293352,-0.00281618,-2.4649,-59.1573,-0.00281618,-2.4649,-2.4649,-2.4649,-4.3136,-4.3136,-59.1573,-0.00281618,-16.0218,-14.4684,-45.6004,-47.1538,-0.00217080,-0.00224475,-0.00011734,16.8454,14.9860,-0.0494,-0.6419,-0.0525,218.8151,12.9896,13.0801,17.0694,10.3857,11.0045,21.0062,31.5093,42.0124,42.1647,10.5412,0.0,3.81775,3.831594,1.530778,30,171,130,2,0.04358735,-0.00293352,0.13859161,0E-8,0.000000,0.889618,0.000000,-0.14797496,2026-03-22,2026-08-05,96,1173,774,137,0.700730,0.766291,0.776478,0.145291,,,,,,,,GLOBAL_BASELINE_NO_ENTITY_RANKING,,,NOT_APPLICABLE_GLOBAL_BASELINE,HF9g-P5,,,,X 全窗基线 · 不参与实体赏罚,3927021,393,A168_HF9F_20260827_0900,2026-08-27 09:00:00
2026-05-09,91797317,550,0,63.0185904843,63.0185904843,63.0185904843,1.0000000,3,3,0.49324550000000000,0.493245500000,1.755609282511032,1.7556092825110319,1.755609282511032,0E-17,ELIGIBLE,R03b_20260811_FULL_v1,L1_ELIGIBILITY,v2026-08-11,2026-03-21..2026-08-06,baccarat_bet02_101_all_pairs_incl_sentinel,round_win = game_pnl > 0 (decisive only),COMPATIBILITY_ONLY_NOT_PRODUCTION,21006.2458,18687.5319,-61.6222,1247,1247,0.00293352,-0.13859161,0.00938335,0.00293352,61.6222,21006.2458,OK,0.0000,-2.4649,4.0000,96.0000,AG03-UNRESOLVED,ALL5_LEVELS_bet23_to_bet27,-2.4649,-2.4649,-2.4649,-4.3136,-4.3136,4.000000,4.000000,4.000000,7.000000,7.000000,96.000000,96.000000,96.000000,93.000000,93.000000,5.0,-16.0218,-14.4684,-45.6004,-47.1538,PENDING_AG03,FALSE,NOT_FOR_ENFORCEMENT,-59.1573,17940.0307,-61.6222,-59.1573,-2.4649,-0.00293352,-0.00281618,-2.4649,-59.1573,-0.00281618,-2.4649,-2.4649,-2.4649,-4.3136,-4.3136,-59.1573,-0.00281618,-16.0218,-14.4684,-45.6004,-47.1538,-0.00217080,-0.00224475,-0.00011734,16.8454,14.9860,-0.0494,-0.6419,-0.0525,218.8151,12.9896,13.0801,17.0694,10.3857,11.0045,21.0062,31.5093,42.0124,42.1647,10.5412,0.0,3.81775,3.831594,1.530778,30,171,130,2,0.04358735,-0.00293352,0.13859161,0E-8,0.000000,0.889618,0.000000,-0.14797496,2026-03-22,2026-08-05,96,1173,774,137,0.700730,0.766291,0.776478,0.145291,,,,,,,,GLOBAL_BASELINE_NO_ENTITY_RANKING,,,NOT_APPLICABLE_GLOBAL_BASELINE,HF9g-P5,,,,X 全窗基线 · 不参与实体赏罚,3927022,393,A168_HF9F_20260827_0900,2026-08-27 09:00:00
2026-05-09,91797317,583,0,42.0123936561,42.0123936561,42.0123936561,1.0000000,1,1,0.49324550000000000,0.493245500000,1.01360149184955,1.01360149184955,1.01360149184955,0E-17,ELIGIBLE,R03b_20260811_FULL_v1,L1_ELIGIBILITY,v2026-08-11,2026-03-21..2026-08-06,baccarat_bet02_101_all_pairs_incl_sentinel,round_win = game_pnl > 0 (decisive only),COMPATIBILITY_ONLY_NOT_PRODUCTION,21006.2458,18687.5319,-61.6222,1247,1247,0.00293352,-0.13859161,0.00938335,0.00293352,61.6222,21006.2458,OK,0.0000,-2.4649,4.0000,96.0000,AG03-UNRESOLVED,ALL5_LEVELS_bet23_to_bet27,-2.4649,-2.4649,-2.4649,-4.3136,-4.3136,4.000000,4.000000,4.000000,7.000000,7.000000,96.000000,96.000000,96.000000,93.000000,93.000000,5.0,-16.0218,-14.4684,-45.6004,-47.1538,PENDING_AG03,FALSE,NOT_FOR_ENFORCEMENT,-59.1573,17940.0307,-61.6222,-59.1573,-2.4649,-0.00293352,-0.00281618,-2.4649,-59.1573,-0.00281618,-2.4649,-2.4649,-2.4649,-4.3136,-4.3136,-59.1573,-0.00281618,-16.0218,-14.4684,-45.6004,-47.1538,-0.00217080,-0.00224475,-0.00011734,16.8454,14.9860,-0.0494,-0.6419,-0.0525,218.8151,12.9896,13.0801,17.0694,10.3857,11.0045,21.0062,31.5093,42.0124,42.1647,10.5412,0.0,3.81775,3.831594,1.530778,30,171,130,2,0.04358735,-0.00293352,0.13859161,0E-8,0.000000,0.889618,0.000000,-0.14797496,2026-03-22,2026-08-05,96,1173,774,137,0.700730,0.766291,0.776478,0.145291,,,,,,,,GLOBAL_BASELINE_NO_ENTITY_RANKING,,,NOT_APPLICABLE_GLOBAL_BASELINE,HF9g-P5,,,,X 全窗基线 · 不参与实体赏罚,3927023,393,A168_HF9F_20260827_0900,2026-08-27 09:00:00
2026-05-09,91797317,752,0,21.0061968281,21.0061968281,21.0061968281,1.0000000,1,1,0.49324550000000000,0.493245500000,1.01360149184955,1.01360149184955,1.01360149184955,0E-17,ELIGIBLE,R03b_20260811_FULL_v1,L1_ELIGIBILITY,v2026-08-11,2026-03-21..2026-08-06,baccarat_bet02_101_all_pairs_incl_sentinel,round_win = game_pnl > 0 (decisive only),COMPATIBILITY_ONLY_NOT_PRODUCTION,21006.2458,18687.5319,-61.6222,1247,1247,0.00293352,-0.13859161,0.00938335,0.00293352,61.6222,21006.2458,OK,0.0000,-2.4649,4.0000,96.0000,AG03-UNRESOLVED,ALL5_LEVELS_bet23_to_bet27,-2.4649,-2.4649,-2.4649,-4.3136,-4.3136,4.000000,4.000000,4.000000,7.000000,7.000000,96.000000,96.000000,96.000000,93.000000,93.000000,5.0,-16.0218,-14.4684,-45.6004,-47.1538,PENDING_AG03,FALSE,NOT_FOR_ENFORCEMENT,-59.1573,17940.0307,-61.6222,-59.1573,-2.4649,-0.00293352,-0.00281618,-2.4649,-59.1573,-0.00281618,-2.4649,-2.4649,-2.4649,-4.3136,-4.3136,-59.1573,-0.00281618,-16.0218,-14.4684,-45.6004,-47.1538,-0.00217080,-0.00224475,-0.00011734,16.8454,14.9860,-0.0494,-0.6419,-0.0525,218.8151,12.9896,13.0801,17.0694,10.3857,11.0045,21.0062,31.5093,42.0124,42.1647,10.5412,0.0,3.81775,3.831594,1.530778,30,171,130,2,0.04358735,-0.00293352,0.13859161,0E-8,0.000000,0.889618,0.000000,-0.14797496,2026-03-22,2026-08-05,96,1173,774,137,0.700730,0.766291,0.776478,0.145291,,,,,,,,GLOBAL_BASELINE_NO_ENTITY_RANKING,,,NOT_APPLICABLE_GLOBAL_BASELINE,HF9g-P5,,,,X 全窗基线 · 不参与实体赏罚,3927024,393,A168_HF9F_20260827_0900,2026-08-27 09:00:00
2026-05-09,91797317,763,0,73.5216888983,10.5030984140,10.5030984140,0.6666667,4,4,0.49324550000000000,0.493245500000,0.6008033672792107,0.6008033672792106,0.6008033672792107,0E-17,ELIGIBLE,R03b_20260811_FULL_v1,L1_ELIGIBILITY,v2026-08-11,2026-03-21..2026-08-06,baccarat_bet02_101_all_pairs_incl_sentinel,round_win = game_pnl > 0 (decisive only),COMPATIBILITY_ONLY_NOT_PRODUCTION,21006.2458,18687.5319,-61.6222,1247,1247,0.00293352,-0.13859161,0.00938335,0.00293352,61.6222,21006.2458,OK,0.0000,-2.4649,4.0000,96.0000,AG03-UNRESOLVED,ALL5_LEVELS_bet23_to_bet27,-2.4649,-2.4649,-2.4649,-4.3136,-4.3136,4.000000,4.000000,4.000000,7.000000,7.000000,96.000000,96.000000,96.000000,93.000000,93.000000,5.0,-16.0218,-14.4684,-45.6004,-47.1538,PENDING_AG03,FALSE,NOT_FOR_ENFORCEMENT,-59.1573,17940.0307,-61.6222,-59.1573,-2.4649,-0.00293352,-0.00281618,-2.4649,-59.1573,-0.00281618,-2.4649,-2.4649,-2.4649,-4.3136,-4.3136,-59.1573,-0.00281618,-16.0218,-14.4684,-45.6004,-47.1538,-0.00217080,-0.00224475,-0.00011734,16.8454,14.9860,-0.0494,-0.6419,-0.0525,218.8151,12.9896,13.0801,17.0694,10.3857,11.0045,21.0062,31.5093,42.0124,42.1647,10.5412,0.0,3.81775,3.831594,1.530778,30,171,130,2,0.04358735,-0.00293352,0.13859161,0E-8,0.000000,0.889618,0.000000,-0.14797496,2026-03-22,2026-08-05,96,1173,774,137,0.700730,0.766291,0.776478,0.145291,,,,,,,,GLOBAL_BASELINE_NO_ENTITY_RANKING,,,NOT_APPLICABLE_GLOBAL_BASELINE,HF9g-P5,,,,X 全窗基线 · 不参与实体赏罚,3927025,393,A168_HF9F_20260827_0900,2026-08-27 09:00:00
2026-05-09,91797317,772,0,21.0061968281,0E-10,0E-10,,1,1,0.49324550000000000,0.493245500000,,,,0E-17,NO_DECISIVE_ROUND,R03b_20260811_FULL_v1,L1_ELIGIBILITY,v2026-08-11,2026-03-21..2026-08-06,baccarat_bet02_101_all_pairs_incl_sentinel,round_win = game_pnl > 0 (decisive only),COMPATIBILITY_ONLY_NOT_PRODUCTION,21006.2458,18687.5319,-61.6222,1247,1247,0.00293352,-0.13859161,0.00938335,0.00293352,61.6222,21006.2458,OK,0.0000,-2.4649,4.0000,96.0000,AG03-UNRESOLVED,ALL5_LEVELS_bet23_to_bet27,-2.4649,-2.4649,-2.4649,-4.3136,-4.3136,4.000000,4.000000,4.000000,7.000000,7.000000,96.000000,96.000000,96.000000,93.000000,93.000000,5.0,-16.0218,-14.4684,-45.6004,-47.1538,PENDING_AG03,FALSE,NOT_FOR_ENFORCEMENT,-59.1573,17940.0307,-61.6222,-59.1573,-2.4649,-0.00293352,-0.00281618,-2.4649,-59.1573,-0.00281618,-2.4649,-2.4649,-2.4649,-4.3136,-4.3136,-59.1573,-0.00281618,-16.0218,-14.4684,-45.6004,-47.1538,-0.00217080,-0.00224475,-0.00011734,16.8454,14.9860,-0.0494,-0.6419,-0.0525,218.8151,12.9896,13.0801,17.0694,10.3857,11.0045,21.0062,31.5093,42.0124,42.1647,10.5412,0.0,3.81775,3.831594,1.530778,30,171,130,2,0.04358735,-0.00293352,0.13859161,0E-8,0.000000,0.889618,0.000000,-0.14797496,2026-03-22,2026-08-05,96,1173,774,137,0.700730,0.766291,0.776478,0.145291,,,,,,,,GLOBAL_BASELINE_NO_ENTITY_RANKING,,,NOT_APPLICABLE_GLOBAL_BASELINE,HF9g-P5,,,,X 全窗基线 · 不参与实体赏罚,3927026,393,A168_HF9F_20260827_0900,2026-08-27 09:00:00
2026-05-09,91797317,801,0,21.0061968281,0E-10,0E-10,,1,1,0.49324550000000000,0.493245500000,,,,0E-17,NO_DECISIVE_ROUND,R03b_20260811_FULL_v1,L1_ELIGIBILITY,v2026-08-11,2026-03-21..2026-08-06,baccarat_bet02_101_all_pairs_incl_sentinel,round_win = game_pnl > 0 (decisive only),COMPATIBILITY_ONLY_NOT_PRODUCTION,21006.2458,18687.5319,-61.6222,1247,1247,0.00293352,-0.13859161,0.00938335,0.00293352,61.6222,21006.2458,OK,0.0000,-2.4649,4.0000,96.0000,AG03-UNRESOLVED,ALL5_LEVELS_bet23_to_bet27,-2.4649,-2.4649,-2.4649,-4.3136,-4.3136,4.000000,4.000000,4.000000,7.000000,7.000000,96.000000,96.000000,96.000000,93.000000,93.000000,5.0,-16.0218,-14.4684,-45.6004,-47.1538,PENDING_AG03,FALSE,NOT_FOR_ENFORCEMENT,-59.1573,17940.0307,-61.6222,-59.1573,-2.4649,-0.00293352,-0.00281618,-2.4649,-59.1573,-0.00281618,-2.4649,-2.4649,-2.4649,-4.3136,-4.3136,-59.1573,-0.00281618,-16.0218,-14.4684,-45.6004,-47.1538,-0.00217080,-0.00224475,-0.00011734,16.8454,14.9860,-0.0494,-0.6419,-0.0525,218.8151,12.9896,13.0801,17.0694,10.3857,11.0045,21.0062,31.5093,42.0124,42.1647,10.5412,0.0,3.81775,3.831594,1.530778,30,171,130,2,0.04358735,-0.00293352,0.13859161,0E-8,0.000000,0.889618,0.000000,-0.14797496,2026-03-22,2026-08-05,96,1173,774,137,0.700730,0.766291,0.776478,0.145291,,,,,,,,GLOBAL_BASELINE_NO_ENTITY_RANKING,,,NOT_APPLICABLE_GLOBAL_BASELINE,HF9g-P5,,,,X 全窗基线 · 不参与实体赏罚,3927027,393,A168_HF9F_20260827_0900,2026-08-27 09:00:00
2026-05-09,91797317,925,0,31.5092952421,31.5092952421,31.5092952421,1.0000000,2,2,0.49324550000000000,0.493245500000,1.4334489766152358,1.4334489766152358,1.4334489766152358,0E-17,ELIGIBLE,R03b_20260811_FULL_v1,L1_ELIGIBILITY,v2026-08-11,2026-03-21..2026-08-06,baccarat_bet02_101_all_pairs_incl_sentinel,round_win = game_pnl > 0 (decisive only),COMPATIBILITY_ONLY_NOT_PRODUCTION,21006.2458,18687.5319,-61.6222,1247,1247,0.00293352,-0.13859161,0.00938335,0.00293352,61.6222,21006.2458,OK,0.0000,-2.4649,4.0000,96.0000,AG03-UNRESOLVED,ALL5_LEVELS_bet23_to_bet27,-2.4649,-2.4649,-2.4649,-4.3136,-4.3136,4.000000,4.000000,4.000000,7.000000,7.000000,96.000000,96.000000,96.000000,93.000000,93.000000,5.0,-16.0218,-14.4684,-45.6004,-47.1538,PENDING_AG03,FALSE,NOT_FOR_ENFORCEMENT,-59.1573,17940.0307,-61.6222,-59.1573,-2.4649,-0.00293352,-0.00281618,-2.4649,-59.1573,-0.00281618,-2.4649,-2.4649,-2.4649,-4.3136,-4.3136,-59.1573,-0.00281618,-16.0218,-14.4684,-45.6004,-47.1538,-0.00217080,-0.00224475,-0.00011734,16.8454,14.9860,-0.0494,-0.6419,-0.0525,218.8151,12.9896,13.0801,17.0694,10.3857,11.0045,21.0062,31.5093,42.0124,42.1647,10.5412,0.0,3.81775,3.831594,1.530778,30,171,130,2,0.04358735,-0.00293352,0.13859161,0E-8,0.000000,0.889618,0.000000,-0.14797496,2026-03-22,2026-08-05,96,1173,774,137,0.700730,0.766291,0.776478,0.145291,,,,,,,,GLOBAL_BASELINE_NO_ENTITY_RANKING,,,NOT_APPLICABLE_GLOBAL_BASELINE,HF9g-P5,,,,X 全窗基线 · 不参与实体赏罚,3927028,393,A168_HF9F_20260827_0900,2026-08-27 09:00:00
2026-05-09,91797317,948,0,10.5030984140,10.5030984140,10.5030984140,1.0000000,1,1,0.49324550000000000,0.493245500000,1.01360149184955,1.01360149184955,1.01360149184955,0E-17,ELIGIBLE,R03b_20260811_FULL_v1,L1_ELIGIBILITY,v2026-08-11,2026-03-21..2026-08-06,baccarat_bet02_101_all_pairs_incl_sentinel,round_win = game_pnl > 0 (decisive only),COMPATIBILITY_ONLY_NOT_PRODUCTION,21006.2458,18687.5319,-61.6222,1247,1247,0.00293352,-0.13859161,0.00938335,0.00293352,61.6222,21006.2458,OK,0.0000,-2.4649,4.0000,96.0000,AG03-UNRESOLVED,ALL5_LEVELS_bet23_to_bet27,-2.4649,-2.4649,-2.4649,-4.3136,-4.3136,4.000000,4.000000,4.000000,7.000000,7.000000,96.000000,96.000000,96.000000,93.000000,93.000000,5.0,-16.0218,-14.4684,-45.6004,-47.1538,PENDING_AG03,FALSE,NOT_FOR_ENFORCEMENT,-59.1573,17940.0307,-61.6222,-59.1573,-2.4649,-0.00293352,-0.00281618,-2.4649,-59.1573,-0.00281618,-2.4649,-2.4649,-2.4649,-4.3136,-4.3136,-59.1573,-0.00281618,-16.0218,-14.4684,-45.6004,-47.1538,-0.00217080,-0.00224475,-0.00011734,16.8454,14.9860,-0.0494,-0.6419,-0.0525,218.8151,12.9896,13.0801,17.0694,10.3857,11.0045,21.0062,31.5093,42.0124,42.1647,10.5412,0.0,3.81775,3.831594,1.530778,30,171,130,2,0.04358735,-0.00293352,0.13859161,0E-8,0.000000,0.889618,0.000000,-0.14797496,2026-03-22,2026-08-05,96,1173,774,137,0.700730,0.766291,0.776478,0.145291,,,,,,,,GLOBAL_BASELINE_NO_ENTITY_RANKING,,,NOT_APPLICABLE_GLOBAL_BASELINE,HF9g-P5,,,,X 全窗基线 · 不参与实体赏罚,3927029,393,A168_HF9F_20260827_0900,2026-08-27 09:00:00
2026-05-10,91797317,-1,1,231.0681651090,21.0061968281,21.0061968281,0.5555556,10,10,0.49324550000000000,0.493245500000,0.37389445146519346,0.37389445146519346,0.37389445146519346,0E-17,SENTINEL_DEALER,R03b_20260811_FULL_v1,L1_ELIGIBILITY,v2026-08-11,2026-03-21..2026-08-06,baccarat_bet02_101_all_pairs_incl_sentinel,round_win = game_pnl > 0 (decisive only),COMPATIBILITY_ONLY_NOT_PRODUCTION,21006.2458,18687.5319,-61.6222,1247,1247,0.00293352,-0.13859161,0.00938335,0.00293352,61.6222,21006.2458,OK,0.0000,-2.4649,4.0000,96.0000,AG03-UNRESOLVED,ALL5_LEVELS_bet23_to_bet27,-2.4649,-2.4649,-2.4649,-4.3136,-4.3136,4.000000,4.000000,4.000000,7.000000,7.000000,96.000000,96.000000,96.000000,93.000000,93.000000,5.0,-16.0218,-14.4684,-45.6004,-47.1538,PENDING_AG03,FALSE,NOT_FOR_ENFORCEMENT,-59.1573,17940.0307,-61.6222,-59.1573,-2.4649,-0.00293352,-0.00281618,-2.4649,-59.1573,-0.00281618,-2.4649,-2.4649,-2.4649,-4.3136,-4.3136,-59.1573,-0.00281618,-16.0218,-14.4684,-45.6004,-47.1538,-0.00217080,-0.00224475,-0.00011734,16.8454,14.9860,-0.0494,-0.6419,-0.0525,218.8151,12.9896,13.0801,17.0694,10.3857,11.0045,21.0062,31.5093,42.0124,42.1647,10.5412,0.0,3.81775,3.831594,1.530778,30,171,130,2,0.04358735,-0.00293352,0.13859161,0E-8,0.000000,0.889618,0.000000,-0.14797496,2026-03-22,2026-08-05,96,1173,774,137,0.700730,0.766291,0.776478,0.145291,,,,,,,,GLOBAL_BASELINE_NO_ENTITY_RANKING,,,NOT_APPLICABLE_GLOBAL_BASELINE,HF9g-P5,,,,X 全窗基线 · 不参与实体赏罚,3927030,393,A168_HF9F_20260827_0900,2026-08-27 09:00:00
2026-05-10,91797317,1299,0,42.0123936562,0E-10,0E-10,0.5000000,2,2,0.49324550000000000,0.493245500000,0.01910635448239258,0.01910635448239258,0.01910635448239258,0E-17,ELIGIBLE,R03b_20260811_FULL_v1,L1_ELIGIBILITY,v2026-08-11,2026-03-21..2026-08-06,baccarat_bet02_101_all_pairs_incl_sentinel,round_win = game_pnl > 0 (decisive only),COMPATIBILITY_ONLY_NOT_PRODUCTION,21006.2458,18687.5319,-61.6222,1247,1247,0.00293352,-0.13859161,0.00938335,0.00293352,61.6222,21006.2458,OK,0.0000,-2.4649,4.0000,96.0000,AG03-UNRESOLVED,ALL5_LEVELS_bet23_to_bet27,-2.4649,-2.4649,-2.4649,-4.3136,-4.3136,4.000000,4.000000,4.000000,7.000000,7.000000,96.000000,96.000000,96.000000,93.000000,93.000000,5.0,-16.0218,-14.4684,-45.6004,-47.1538,PENDING_AG03,FALSE,NOT_FOR_ENFORCEMENT,-59.1573,17940.0307,-61.6222,-59.1573,-2.4649,-0.00293352,-0.00281618,-2.4649,-59.1573,-0.00281618,-2.4649,-2.4649,-2.4649,-4.3136,-4.3136,-59.1573,-0.00281618,-16.0218,-14.4684,-45.6004,-47.1538,-0.00217080,-0.00224475,-0.00011734,16.8454,14.9860,-0.0494,-0.6419,-0.0525,218.8151,12.9896,13.0801,17.0694,10.3857,11.0045,21.0062,31.5093,42.0124,42.1647,10.5412,0.0,3.81775,3.831594,1.530778,30,171,130,2,0.04358735,-0.00293352,0.13859161,0E-8,0.000000,0.889618,0.000000,-0.14797496,2026-03-22,2026-08-05,96,1173,774,137,0.700730,0.766291,0.776478,0.145291,,,,,,,,GLOBAL_BASELINE_NO_ENTITY_RANKING,,,NOT_APPLICABLE_GLOBAL_BASELINE,HF9g-P5,,,,X 全窗基线 · 不参与实体赏罚,3927031,393,A168_HF9F_20260827_0900,2026-08-27 09:00:00
2026-05-10,91797317,1384,0,21.0061968281,-21.0061968281,-21.0061968281,0E-7,1,1,0.49324550000000000,0.493245500000,-0.9865810262130424,-0.9865810262130424,-0.9865810262130424,0E-17,ELIGIBLE,R03b_20260811_FULL_v1,L1_ELIGIBILITY,v2026-08-11,2026-03-21..2026-08-06,baccarat_bet02_101_all_pairs_incl_sentinel,round_win = game_pnl > 0 (decisive only),COMPATIBILITY_ONLY_NOT_PRODUCTION,21006.2458,18687.5319,-61.6222,1247,1247,0.00293352,-0.13859161,0.00938335,0.00293352,61.6222,21006.2458,OK,0.0000,-2.4649,4.0000,96.0000,AG03-UNRESOLVED,ALL5_LEVELS_bet23_to_bet27,-2.4649,-2.4649,-2.4649,-4.3136,-4.3136,4.000000,4.000000,4.000000,7.000000,7.000000,96.000000,96.000000,96.000000,93.000000,93.000000,5.0,-16.0218,-14.4684,-45.6004,-47.1538,PENDING_AG03,FALSE,NOT_FOR_ENFORCEMENT,-59.1573,17940.0307,-61.6222,-59.1573,-2.4649,-0.00293352,-0.00281618,-2.4649,-59.1573,-0.00281618,-2.4649,-2.4649,-2.4649,-4.3136,-4.3136,-59.1573,-0.00281618,-16.0218,-14.4684,-45.6004,-47.1538,-0.00217080,-0.00224475,-0.00011734,16.8454,14.9860,-0.0494,-0.6419,-0.0525,218.8151,12.9896,13.0801,17.0694,10.3857,11.0045,21.0062,31.5093,42.0124,42.1647,10.5412,0.0,3.81775,3.831594,1.530778,30,171,130,2,0.04358735,-0.00293352,0.13859161,0E-8,0.000000,0.889618,0.000000,-0.14797496,2026-03-22,2026-08-05,96,1173,774,137,0.700730,0.766291,0.776478,0.145291,,,,,,,,GLOBAL_BASELINE_NO_ENTITY_RANKING,,,NOT_APPLICABLE_GLOBAL_BASELINE,HF9g-P5,,,,X 全窗基线 · 不参与实体赏罚,3927032,393,A168_HF9F_20260827_0900,2026-08-27 09:00:00
2026-05-10,91797317,1396,0,10.5030984140,-10.5030984140,-10.5030984140,0E-7,1,1,0.49324550000000000,0.493245500000,-0.9865810262130424,-0.9865810262130424,-0.9865810262130424,0E-17,ELIGIBLE,R03b_20260811_FULL_v1,L1_ELIGIBILITY,v2026-08-11,2026-03-21..2026-08-06,baccarat_bet02_101_all_pairs_incl_sentinel,round_win = game_pnl > 0 (decisive only),COMPATIBILITY_ONLY_NOT_PRODUCTION,21006.2458,18687.5319,-61.6222,1247,1247,0.00293352,-0.13859161,0.00938335,0.00293352,61.6222,21006.2458,OK,0.0000,-2.4649,4.0000,96.0000,AG03-UNRESOLVED,ALL5_LEVELS_bet23_to_bet27,-2.4649,-2.4649,-2.4649,-4.3136,-4.3136,4.000000,4.000000,4.000000,7.000000,7.000000,96.000000,96.000000,96.000000,93.000000,93.000000,5.0,-16.0218,-14.4684,-45.6004,-47.1538,PENDING_AG03,FALSE,NOT_FOR_ENFORCEMENT,-59.1573,17940.0307,-61.6222,-59.1573,-2.4649,-0.00293352,-0.00281618,-2.4649,-59.1573,-0.00281618,-2.4649,-2.4649,-2.4649,-4.3136,-4.3136,-59.1573,-0.00281618,-16.0218,-14.4684,-45.6004,-47.1538,-0.00217080,-0.00224475,-0.00011734,16.8454,14.9860,-0.0494,-0.6419,-0.0525,218.8151,12.9896,13.0801,17.0694,10.3857,11.0045,21.0062,31.5093,42.0124,42.1647,10.5412,0.0,3.81775,3.831594,1.530778,30,171,130,2,0.04358735,-0.00293352,0.13859161,0E-8,0.000000,0.889618,0.000000,-0.14797496,2026-03-22,2026-08-05,96,1173,774,137,0.700730,0.766291,0.776478,0.145291,,,,,,,,GLOBAL_BASELINE_NO_ENTITY_RANKING,,,NOT_APPLICABLE_GLOBAL_BASELINE,HF9g-P5,,,,X 全窗基线 · 不参与实体赏罚,3927033,393,A168_HF9F_20260827_0900,2026-08-27 09:00:00
2026-05-10,91797317,1399,0,10.5030984140,0E-10,0E-10,,1,1,0.49324550000000000,0.493245500000,,,,0E-17,NO_DECISIVE_ROUND,R03b_20260811_FULL_v1,L1_ELIGIBILITY,v2026-08-11,2026-03-21..2026-08-06,baccarat_bet02_101_all_pairs_incl_sentinel,round_win = game_pnl > 0 (decisive only),COMPATIBILITY_ONLY_NOT_PRODUCTION,21006.2458,18687.5319,-61.6222,1247,1247,0.00293352,-0.13859161,0.00938335,0.00293352,61.6222,21006.2458,OK,0.0000,-2.4649,4.0000,96.0000,AG03-UNRESOLVED,ALL5_LEVELS_bet23_to_bet27,-2.4649,-2.4649,-2.4649,-4.3136,-4.3136,4.000000,4.000000,4.000000,7.000000,7.000000,96.000000,96.000000,96.000000,93.000000,93.000000,5.0,-16.0218,-14.4684,-45.6004,-47.1538,PENDING_AG03,FALSE,NOT_FOR_ENFORCEMENT,-59.1573,17940.0307,-61.6222,-59.1573,-2.4649,-0.00293352,-0.00281618,-2.4649,-59.1573,-0.00281618,-2.4649,-2.4649,-2.4649,-4.3136,-4.3136,-59.1573,-0.00281618,-16.0218,-14.4684,-45.6004,-47.1538,-0.00217080,-0.00224475,-0.00011734,16.8454,14.9860,-0.0494,-0.6419,-0.0525,218.8151,12.9896,13.0801,17.0694,10.3857,11.0045,21.0062,31.5093,42.0124,42.1647,10.5412,0.0,3.81775,3.831594,1.530778,30,171,130,2,0.04358735,-0.00293352,0.13859161,0E-8,0.000000,0.889618,0.000000,-0.14797496,2026-03-22,2026-08-05,96,1173,774,137,0.700730,0.766291,0.776478,0.145291,,,,,,,,GLOBAL_BASELINE_NO_ENTITY_RANKING,,,NOT_APPLICABLE_GLOBAL_BASELINE,HF9g-P5,,,,X 全窗基线 · 不参与实体赏罚,3927034,393,A168_HF9F_20260827_0900,2026-08-27 09:00:00
2026-05-10,91797317,1509,0,42.0123936561,-42.0123936561,-42.0123936561,0E-7,1,1,0.49324550000000000,0.493245500000,-0.9865810262130424,-0.9865810262130424,-0.9865810262130424,0E-17,ELIGIBLE,R03b_20260811_FULL_v1,L1_ELIGIBILITY,v2026-08-11,2026-03-21..2026-08-06,baccarat_bet02_101_all_pairs_incl_sentinel,round_win = game_pnl > 0 (decisive only),COMPATIBILITY_ONLY_NOT_PRODUCTION,21006.2458,18687.5319,-61.6222,1247,1247,0.00293352,-0.13859161,0.00938335,0.00293352,61.6222,21006.2458,OK,0.0000,-2.4649,4.0000,96.0000,AG03-UNRESOLVED,ALL5_LEVELS_bet23_to_bet27,-2.4649,-2.4649,-2.4649,-4.3136,-4.3136,4.000000,4.000000,4.000000,7.000000,7.000000,96.000000,96.000000,96.000000,93.000000,93.000000,5.0,-16.0218,-14.4684,-45.6004,-47.1538,PENDING_AG03,FALSE,NOT_FOR_ENFORCEMENT,-59.1573,17940.0307,-61.6222,-59.1573,-2.4649,-0.00293352,-0.00281618,-2.4649,-59.1573,-0.00281618,-2.4649,-2.4649,-2.4649,-4.3136,-4.3136,-59.1573,-0.00281618,-16.0218,-14.4684,-45.6004,-47.1538,-0.00217080,-0.00224475,-0.00011734,16.8454,14.9860,-0.0494,-0.6419,-0.0525,218.8151,12.9896,13.0801,17.0694,10.3857,11.0045,21.0062,31.5093,42.0124,42.1647,10.5412,0.0,3.81775,3.831594,1.530778,30,171,130,2,0.04358735,-0.00293352,0.13859161,0E-8,0.000000,0.889618,0.000000,-0.14797496,2026-03-22,2026-08-05,96,1173,774,137,0.700730,0.766291,0.776478,0.145291,,,,,,,,GLOBAL_BASELINE_NO_ENTITY_RANKING,,,NOT_APPLICABLE_GLOBAL_BASELINE,HF9g-P5,,,,X 全窗基线 · 不参与实体赏罚,3927035,393,A168_HF9F_20260827_0900,2026-08-27 09:00:00
2026-05-10,91797317,1935,0,21.0061968281,21.0061968281,21.0061968281,1.0000000,1,1,0.49324550000000000,0.493245500000,1.01360149184955,1.01360149184955,1.01360149184955,0E-17,ELIGIBLE,R03b_20260811_FULL_v1,L1_ELIGIBILITY,v2026-08-11,2026-03-21..2026-08-06,baccarat_bet02_101_all_pairs_incl_sentinel,round_win = game_pnl > 0 (decisive only),COMPATIBILITY_ONLY_NOT_PRODUCTION,21006.2458,18687.5319,-61.6222,1247,1247,0.00293352,-0.13859161,0.00938335,0.00293352,61.6222,21006.2458,OK,0.0000,-2.4649,4.0000,96.0000,AG03-UNRESOLVED,ALL5_LEVELS_bet23_to_bet27,-2.4649,-2.4649,-2.4649,-4.3136,-4.3136,4.000000,4.000000,4.000000,7.000000,7.000000,96.000000,96.000000,96.000000,93.000000,93.000000,5.0,-16.0218,-14.4684,-45.6004,-47.1538,PENDING_AG03,FALSE,NOT_FOR_ENFORCEMENT,-59.1573,17940.0307,-61.6222,-59.1573,-2.4649,-0.00293352,-0.00281618,-2.4649,-59.1573,-0.00281618,-2.4649,-2.4649,-2.4649,-4.3136,-4.3136,-59.1573,-0.00281618,-16.0218,-14.4684,-45.6004,-47.1538,-0.00217080,-0.00224475,-0.00011734,16.8454,14.9860,-0.0494,-0.6419,-0.0525,218.8151,12.9896,13.0801,17.0694,10.3857,11.0045,21.0062,31.5093,42.0124,42.1647,10.5412,0.0,3.81775,3.831594,1.530778,30,171,130,2,0.04358735,-0.00293352,0.13859161,0E-8,0.000000,0.889618,0.000000,-0.14797496,2026-03-22,2026-08-05,96,1173,774,137,0.700730,0.766291,0.776478,0.145291,,,,,,,,GLOBAL_BASELINE_NO_ENTITY_RANKING,,,NOT_APPLICABLE_GLOBAL_BASELINE,HF9g-P5,,,,X 全窗基线 · 不参与实体赏罚,3927036,393,A168_HF9F_20260827_0900,2026-08-27 09:00:00
2026-05-10,91797317,1947,0,21.0061968281,21.0061968281,21.0061968281,1.0000000,1,1,0.49324550000000000,0.493245500000,1.01360149184955,1.01360149184955,1.01360149184955,0E-17,ELIGIBLE,R03b_20260811_FULL_v1,L1_ELIGIBILITY,v2026-08-11,2026-03-21..2026-08-06,baccarat_bet02_101_all_pairs_incl_sentinel,round_win = game_pnl > 0 (decisive only),COMPATIBILITY_ONLY_NOT_PRODUCTION,21006.2458,18687.5319,-61.6222,1247,1247,0.00293352,-0.13859161,0.00938335,0.00293352,61.6222,21006.2458,OK,0.0000,-2.4649,4.0000,96.0000,AG03-UNRESOLVED,ALL5_LEVELS_bet23_to_bet27,-2.4649,-2.4649,-2.4649,-4.3136,-4.3136,4.000000,4.000000,4.000000,7.000000,7.000000,96.000000,96.000000,96.000000,93.000000,93.000000,5.0,-16.0218,-14.4684,-45.6004,-47.1538,PENDING_AG03,FALSE,NOT_FOR_ENFORCEMENT,-59.1573,17940.0307,-61.6222,-59.1573,-2.4649,-0.00293352,-0.00281618,-2.4649,-59.1573,-0.00281618,-2.4649,-2.4649,-2.4649,-4.3136,-4.3136,-59.1573,-0.00281618,-16.0218,-14.4684,-45.6004,-47.1538,-0.00217080,-0.00224475,-0.00011734,16.8454,14.9860,-0.0494,-0.6419,-0.0525,218.8151,12.9896,13.0801,17.0694,10.3857,11.0045,21.0062,31.5093,42.0124,42.1647,10.5412,0.0,3.81775,3.831594,1.530778,30,171,130,2,0.04358735,-0.00293352,0.13859161,0E-8,0.000000,0.889618,0.000000,-0.14797496,2026-03-22,2026-08-05,96,1173,774,137,0.700730,0.766291,0.776478,0.145291,,,,,,,,GLOBAL_BASELINE_NO_ENTITY_RANKING,,,NOT_APPLICABLE_GLOBAL_BASELINE,HF9g-P5,,,,X 全窗基线 · 不参与实体赏罚,3927037,393,A168_HF9F_20260827_0900,2026-08-27 09:00:00
2026-05-10,91797317,1957,0,21.0061968281,-21.0061968281,-21.0061968281,0E-7,1,1,0.49324550000000000,0.493245500000,-0.9865810262130424,-0.9865810262130424,-0.9865810262130424,0E-17,ELIGIBLE,R03b_20260811_FULL_v1,L1_ELIGIBILITY,v2026-08-11,2026-03-21..2026-08-06,baccarat_bet02_101_all_pairs_incl_sentinel,round_win = game_pnl > 0 (decisive only),COMPATIBILITY_ONLY_NOT_PRODUCTION,21006.2458,18687.5319,-61.6222,1247,1247,0.00293352,-0.13859161,0.00938335,0.00293352,61.6222,21006.2458,OK,0.0000,-2.4649,4.0000,96.0000,AG03-UNRESOLVED,ALL5_LEVELS_bet23_to_bet27,-2.4649,-2.4649,-2.4649,-4.3136,-4.3136,4.000000,4.000000,4.000000,7.000000,7.000000,96.000000,96.000000,96.000000,93.000000,93.000000,5.0,-16.0218,-14.4684,-45.6004,-47.1538,PENDING_AG03,FALSE,NOT_FOR_ENFORCEMENT,-59.1573,17940.0307,-61.6222,-59.1573,-2.4649,-0.00293352,-0.00281618,-2.4649,-59.1573,-0.00281618,-2.4649,-2.4649,-2.4649,-4.3136,-4.3136,-59.1573,-0.00281618,-16.0218,-14.4684,-45.6004,-47.1538,-0.00217080,-0.00224475,-0.00011734,16.8454,14.9860,-0.0494,-0.6419,-0.0525,218.8151,12.9896,13.0801,17.0694,10.3857,11.0045,21.0062,31.5093,42.0124,42.1647,10.5412,0.0,3.81775,3.831594,1.530778,30,171,130,2,0.04358735,-0.00293352,0.13859161,0E-8,0.000000,0.889618,0.000000,-0.14797496,2026-03-22,2026-08-05,96,1173,774,137,0.700730,0.766291,0.776478,0.145291,,,,,,,,GLOBAL_BASELINE_NO_ENTITY_RANKING,,,NOT_APPLICABLE_GLOBAL_BASELINE,HF9g-P5,,,,X 全窗基线 · 不参与实体赏罚,3927038,393,A168_HF9F_20260827_0900,2026-08-27 09:00:00
2026-05-10,91797317,1990,0,42.0123936561,-42.0123936561,-42.0123936561,0E-7,1,1,0.49324550000000000,0.493245500000,-0.9865810262130424,-0.9865810262130424,-0.9865810262130424,0E-17,ELIGIBLE,R03b_20260811_FULL_v1,L1_ELIGIBILITY,v2026-08-11,2026-03-21..2026-08-06,baccarat_bet02_101_all_pairs_incl_sentinel,round_win = game_pnl > 0 (decisive only),COMPATIBILITY_ONLY_NOT_PRODUCTION,21006.2458,18687.5319,-61.6222,1247,1247,0.00293352,-0.13859161,0.00938335,0.00293352,61.6222,21006.2458,OK,0.0000,-2.4649,4.0000,96.0000,AG03-UNRESOLVED,ALL5_LEVELS_bet23_to_bet27,-2.4649,-2.4649,-2.4649,-4.3136,-4.3136,4.000000,4.000000,4.000000,7.000000,7.000000,96.000000,96.000000,96.000000,93.000000,93.000000,5.0,-16.0218,-14.4684,-45.6004,-47.1538,PENDING_AG03,FALSE,NOT_FOR_ENFORCEMENT,-59.1573,17940.0307,-61.6222,-59.1573,-2.4649,-0.00293352,-0.00281618,-2.4649,-59.1573,-0.00281618,-2.4649,-2.4649,-2.4649,-4.3136,-4.3136,-59.1573,-0.00281618,-16.0218,-14.4684,-45.6004,-47.1538,-0.00217080,-0.00224475,-0.00011734,16.8454,14.9860,-0.0494,-0.6419,-0.0525,218.8151,12.9896,13.0801,17.0694,10.3857,11.0045,21.0062,31.5093,42.0124,42.1647,10.5412,0.0,3.81775,3.831594,1.530778,30,171,130,2,0.04358735,-0.00293352,0.13859161,0E-8,0.000000,0.889618,0.000000,-0.14797496,2026-03-22,2026-08-05,96,1173,774,137,0.700730,0.766291,0.776478,0.145291,,,,,,,,GLOBAL_BASELINE_NO_ENTITY_RANKING,,,NOT_APPLICABLE_GLOBAL_BASELINE,HF9g-P5,,,,X 全窗基线 · 不参与实体赏罚,3927039,393,A168_HF9F_20260827_0900,2026-08-27 09:00:00
2026-05-10,91797317,1991,0,42.0123936562,0E-10,0E-10,0.5000000,2,2,0.49324550000000000,0.493245500000,0.01910635448239258,0.01910635448239258,0.01910635448239258,0E-17,ELIGIBLE,R03b_20260811_FULL_v1,L1_ELIGIBILITY,v2026-08-11,2026-03-21..2026-08-06,baccarat_bet02_101_all_pairs_incl_sentinel,round_win = game_pnl > 0 (decisive only),COMPATIBILITY_ONLY_NOT_PRODUCTION,21006.2458,18687.5319,-61.6222,1247,1247,0.00293352,-0.13859161,0.00938335,0.00293352,61.6222,21006.2458,OK,0.0000,-2.4649,4.0000,96.0000,AG03-UNRESOLVED,ALL5_LEVELS_bet23_to_bet27,-2.4649,-2.4649,-2.4649,-4.3136,-4.3136,4.000000,4.000000,4.000000,7.000000,7.000000,96.000000,96.000000,96.000000,93.000000,93.000000,5.0,-16.0218,-14.4684,-45.6004,-47.1538,PENDING_AG03,FALSE,NOT_FOR_ENFORCEMENT,-59.1573,17940.0307,-61.6222,-59.1573,-2.4649,-0.00293352,-0.00281618,-2.4649,-59.1573,-0.00281618,-2.4649,-2.4649,-2.4649,-4.3136,-4.3136,-59.1573,-0.00281618,-16.0218,-14.4684,-45.6004,-47.1538,-0.00217080,-0.00224475,-0.00011734,16.8454,14.9860,-0.0494,-0.6419,-0.0525,218.8151,12.9896,13.0801,17.0694,10.3857,11.0045,21.0062,31.5093,42.0124,42.1647,10.5412,0.0,3.81775,3.831594,1.530778,30,171,130,2,0.04358735,-0.00293352,0.13859161,0E-8,0.000000,0.889618,0.000000,-0.14797496,2026-03-22,2026-08-05,96,1173,774,137,0.700730,0.766291,0.776478,0.145291,,,,,,,,GLOBAL_BASELINE_NO_ENTITY_RANKING,,,NOT_APPLICABLE_GLOBAL_BASELINE,HF9g-P5,,,,X 全窗基线 · 不参与实体赏罚,3927040,393,A168_HF9F_20260827_0900,2026-08-27 09:00:00
2026-05-10,91797317,2088,0,42.0123936562,21.0061968281,21.0061968281,1.0000000,2,2,0.49324550000000000,0.493245500000,1.01360149184955,1.01360149184955,1.01360149184955,0E-17,ELIGIBLE,R03b_20260811_FULL_v1,L1_ELIGIBILITY,v2026-08-11,2026-03-21..2026-08-06,baccarat_bet02_101_all_pairs_incl_sentinel,round_win = game_pnl > 0 (decisive only),COMPATIBILITY_ONLY_NOT_PRODUCTION,21006.2458,18687.5319,-61.6222,1247,1247,0.00293352,-0.13859161,0.00938335,0.00293352,61.6222,21006.2458,OK,0.0000,-2.4649,4.0000,96.0000,AG03-UNRESOLVED,ALL5_LEVELS_bet23_to_bet27,-2.4649,-2.4649,-2.4649,-4.3136,-4.3136,4.000000,4.000000,4.000000,7.000000,7.000000,96.000000,96.000000,96.000000,93.000000,93.000000,5.0,-16.0218,-14.4684,-45.6004,-47.1538,PENDING_AG03,FALSE,NOT_FOR_ENFORCEMENT,-59.1573,17940.0307,-61.6222,-59.1573,-2.4649,-0.00293352,-0.00281618,-2.4649,-59.1573,-0.00281618,-2.4649,-2.4649,-2.4649,-4.3136,-4.3136,-59.1573,-0.00281618,-16.0218,-14.4684,-45.6004,-47.1538,-0.00217080,-0.00224475,-0.00011734,16.8454,14.9860,-0.0494,-0.6419,-0.0525,218.8151,12.9896,13.0801,17.0694,10.3857,11.0045,21.0062,31.5093,42.0124,42.1647,10.5412,0.0,3.81775,3.831594,1.530778,30,171,130,2,0.04358735,-0.00293352,0.13859161,0E-8,0.000000,0.889618,0.000000,-0.14797496,2026-03-22,2026-08-05,96,1173,774,137,0.700730,0.766291,0.776478,0.145291,,,,,,,,GLOBAL_BASELINE_NO_ENTITY_RANKING,,,NOT_APPLICABLE_GLOBAL_BASELINE,HF9g-P5,,,,X 全窗基线 · 不参与实体赏罚,3927041,393,A168_HF9F_20260827_0900,2026-08-27 09:00:00
2026-05-10,91797317,2101,0,42.0123936561,-42.0123936561,-42.0123936561,0E-7,1,1,0.49324550000000000,0.493245500000,-0.9865810262130424,-0.9865810262130424,-0.9865810262130424,0E-17,ELIGIBLE,R03b_20260811_FULL_v1,L1_ELIGIBILITY,v2026-08-11,2026-03-21..2026-08-06,baccarat_bet02_101_all_pairs_incl_sentinel,round_win = game_pnl > 0 (decisive only),COMPATIBILITY_ONLY_NOT_PRODUCTION,21006.2458,18687.5319,-61.6222,1247,1247,0.00293352,-0.13859161,0.00938335,0.00293352,61.6222,21006.2458,OK,0.0000,-2.4649,4.0000,96.0000,AG03-UNRESOLVED,ALL5_LEVELS_bet23_to_bet27,-2.4649,-2.4649,-2.4649,-4.3136,-4.3136,4.000000,4.000000,4.000000,7.000000,7.000000,96.000000,96.000000,96.000000,93.000000,93.000000,5.0,-16.0218,-14.4684,-45.6004,-47.1538,PENDING_AG03,FALSE,NOT_FOR_ENFORCEMENT,-59.1573,17940.0307,-61.6222,-59.1573,-2.4649,-0.00293352,-0.00281618,-2.4649,-59.1573,-0.00281618,-2.4649,-2.4649,-2.4649,-4.3136,-4.3136,-59.1573,-0.00281618,-16.0218,-14.4684,-45.6004,-47.1538,-0.00217080,-0.00224475,-0.00011734,16.8454,14.9860,-0.0494,-0.6419,-0.0525,218.8151,12.9896,13.0801,17.0694,10.3857,11.0045,21.0062,31.5093,42.0124,42.1647,10.5412,0.0,3.81775,3.831594,1.530778,30,171,130,2,0.04358735,-0.00293352,0.13859161,0E-8,0.000000,0.889618,0.000000,-0.14797496,2026-03-22,2026-08-05,96,1173,774,137,0.700730,0.766291,0.776478,0.145291,,,,,,,,GLOBAL_BASELINE_NO_ENTITY_RANKING,,,NOT_APPLICABLE_GLOBAL_BASELINE,HF9g-P5,,,,X 全窗基线 · 不参与实体赏罚,3927042,393,A168_HF9F_20260827_0900,2026-08-27 09:00:00
2026-05-10,91797317,2106,0,63.0185904842,21.0061968280,21.0061968280,0.5000000,2,2,0.49324550000000000,0.493245500000,0.01910635448239258,0.01910635448239258,0.01910635448239258,0E-17,ELIGIBLE,R03b_20260811_FULL_v1,L1_ELIGIBILITY,v2026-08-11,2026-03-21..2026-08-06,baccarat_bet02_101_all_pairs_incl_sentinel,round_win = game_pnl > 0 (decisive only),COMPATIBILITY_ONLY_NOT_PRODUCTION,21006.2458,18687.5319,-61.6222,1247,1247,0.00293352,-0.13859161,0.00938335,0.00293352,61.6222,21006.2458,OK,0.0000,-2.4649,4.0000,96.0000,AG03-UNRESOLVED,ALL5_LEVELS_bet23_to_bet27,-2.4649,-2.4649,-2.4649,-4.3136,-4.3136,4.000000,4.000000,4.000000,7.000000,7.000000,96.000000,96.000000,96.000000,93.000000,93.000000,5.0,-16.0218,-14.4684,-45.6004,-47.1538,PENDING_AG03,FALSE,NOT_FOR_ENFORCEMENT,-59.1573,17940.0307,-61.6222,-59.1573,-2.4649,-0.00293352,-0.00281618,-2.4649,-59.1573,-0.00281618,-2.4649,-2.4649,-2.4649,-4.3136,-4.3136,-59.1573,-0.00281618,-16.0218,-14.4684,-45.6004,-47.1538,-0.00217080,-0.00224475,-0.00011734,16.8454,14.9860,-0.0494,-0.6419,-0.0525,218.8151,12.9896,13.0801,17.0694,10.3857,11.0045,21.0062,31.5093,42.0124,42.1647,10.5412,0.0,3.81775,3.831594,1.530778,30,171,130,2,0.04358735,-0.00293352,0.13859161,0E-8,0.000000,0.889618,0.000000,-0.14797496,2026-03-22,2026-08-05,96,1173,774,137,0.700730,0.766291,0.776478,0.145291,,,,,,,,GLOBAL_BASELINE_NO_ENTITY_RANKING,,,NOT_APPLICABLE_GLOBAL_BASELINE,HF9g-P5,,,,X 全窗基线 · 不参与实体赏罚,3927043,393,A168_HF9F_20260827_0900,2026-08-27 09:00:00
2026-05-10,91797317,2127,0,21.0061968281,21.0061968281,21.0061968281,1.0000000,1,1,0.49324550000000000,0.493245500000,1.01360149184955,1.01360149184955,1.01360149184955,0E-17,ELIGIBLE,R03b_20260811_FULL_v1,L1_ELIGIBILITY,v2026-08-11,2026-03-21..2026-08-06,baccarat_bet02_101_all_pairs_incl_sentinel,round_win = game_pnl > 0 (decisive only),COMPATIBILITY_ONLY_NOT_PRODUCTION,21006.2458,18687.5319,-61.6222,1247,1247,0.00293352,-0.13859161,0.00938335,0.00293352,61.6222,21006.2458,OK,0.0000,-2.4649,4.0000,96.0000,AG03-UNRESOLVED,ALL5_LEVELS_bet23_to_bet27,-2.4649,-2.4649,-2.4649,-4.3136,-4.3136,4.000000,4.000000,4.000000,7.000000,7.000000,96.000000,96.000000,96.000000,93.000000,93.000000,5.0,-16.0218,-14.4684,-45.6004,-47.1538,PENDING_AG03,FALSE,NOT_FOR_ENFORCEMENT,-59.1573,17940.0307,-61.6222,-59.1573,-2.4649,-0.00293352,-0.00281618,-2.4649,-59.1573,-0.00281618,-2.4649,-2.4649,-2.4649,-4.3136,-4.3136,-59.1573,-0.00281618,-16.0218,-14.4684,-45.6004,-47.1538,-0.00217080,-0.00224475,-0.00011734,16.8454,14.9860,-0.0494,-0.6419,-0.0525,218.8151,12.9896,13.0801,17.0694,10.3857,11.0045,21.0062,31.5093,42.0124,42.1647,10.5412,0.0,3.81775,3.831594,1.530778,30,171,130,2,0.04358735,-0.00293352,0.13859161,0E-8,0.000000,0.889618,0.000000,-0.14797496,2026-03-22,2026-08-05,96,1173,774,137,0.700730,0.766291,0.776478,0.145291,,,,,,,,GLOBAL_BASELINE_NO_ENTITY_RANKING,,,NOT_APPLICABLE_GLOBAL_BASELINE,HF9g-P5,,,,X 全窗基线 · 不参与实体赏罚,3927044,393,A168_HF9F_20260827_0900,2026-08-27 09:00:00
2026-05-10,91797317,2129,0,73.5216888982,52.5154920701,52.5154920701,1.0000000,3,3,0.49324550000000000,0.493245500000,1.4334489766152358,1.4334489766152358,1.4334489766152358,0E-17,ELIGIBLE,R03b_20260811_FULL_v1,L1_ELIGIBILITY,v2026-08-11,2026-03-21..2026-08-06,baccarat_bet02_101_all_pairs_incl_sentinel,round_win = game_pnl > 0 (decisive only),COMPATIBILITY_ONLY_NOT_PRODUCTION,21006.2458,18687.5319,-61.6222,1247,1247,0.00293352,-0.13859161,0.00938335,0.00293352,61.6222,21006.2458,OK,0.0000,-2.4649,4.0000,96.0000,AG03-UNRESOLVED,ALL5_LEVELS_bet23_to_bet27,-2.4649,-2.4649,-2.4649,-4.3136,-4.3136,4.000000,4.000000,4.000000,7.000000,7.000000,96.000000,96.000000,96.000000,93.000000,93.000000,5.0,-16.0218,-14.4684,-45.6004,-47.1538,PENDING_AG03,FALSE,NOT_FOR_ENFORCEMENT,-59.1573,17940.0307,-61.6222,-59.1573,-2.4649,-0.00293352,-0.00281618,-2.4649,-59.1573,-0.00281618,-2.4649,-2.4649,-2.4649,-4.3136,-4.3136,-59.1573,-0.00281618,-16.0218,-14.4684,-45.6004,-47.1538,-0.00217080,-0.00224475,-0.00011734,16.8454,14.9860,-0.0494,-0.6419,-0.0525,218.8151,12.9896,13.0801,17.0694,10.3857,11.0045,21.0062,31.5093,42.0124,42.1647,10.5412,0.0,3.81775,3.831594,1.530778,30,171,130,2,0.04358735,-0.00293352,0.13859161,0E-8,0.000000,0.889618,0.000000,-0.14797496,2026-03-22,2026-08-05,96,1173,774,137,0.700730,0.766291,0.776478,0.145291,,,,,,,,GLOBAL_BASELINE_NO_ENTITY_RANKING,,,NOT_APPLICABLE_GLOBAL_BASELINE,HF9g-P5,,,,X 全窗基线 · 不参与实体赏罚,3927045,393,A168_HF9F_20260827_0900,2026-08-27 09:00:00
2026-05-10,91797317,2141,0,21.0061968281,-21.0061968281,-21.0061968281,0E-7,1,1,0.49324550000000000,0.493245500000,-0.9865810262130424,-0.9865810262130424,-0.9865810262130424,0E-17,ELIGIBLE,R03b_20260811_FULL_v1,L1_ELIGIBILITY,v2026-08-11,2026-03-21..2026-08-06,baccarat_bet02_101_all_pairs_incl_sentinel,round_win = game_pnl > 0 (decisive only),COMPATIBILITY_ONLY_NOT_PRODUCTION,21006.2458,18687.5319,-61.6222,1247,1247,0.00293352,-0.13859161,0.00938335,0.00293352,61.6222,21006.2458,OK,0.0000,-2.4649,4.0000,96.0000,AG03-UNRESOLVED,ALL5_LEVELS_bet23_to_bet27,-2.4649,-2.4649,-2.4649,-4.3136,-4.3136,4.000000,4.000000,4.000000,7.000000,7.000000,96.000000,96.000000,96.000000,93.000000,93.000000,5.0,-16.0218,-14.4684,-45.6004,-47.1538,PENDING_AG03,FALSE,NOT_FOR_ENFORCEMENT,-59.1573,17940.0307,-61.6222,-59.1573,-2.4649,-0.00293352,-0.00281618,-2.4649,-59.1573,-0.00281618,-2.4649,-2.4649,-2.4649,-4.3136,-4.3136,-59.1573,-0.00281618,-16.0218,-14.4684,-45.6004,-47.1538,-0.00217080,-0.00224475,-0.00011734,16.8454,14.9860,-0.0494,-0.6419,-0.0525,218.8151,12.9896,13.0801,17.0694,10.3857,11.0045,21.0062,31.5093,42.0124,42.1647,10.5412,0.0,3.81775,3.831594,1.530778,30,171,130,2,0.04358735,-0.00293352,0.13859161,0E-8,0.000000,0.889618,0.000000,-0.14797496,2026-03-22,2026-08-05,96,1173,774,137,0.700730,0.766291,0.776478,0.145291,,,,,,,,GLOBAL_BASELINE_NO_ENTITY_RANKING,,,NOT_APPLICABLE_GLOBAL_BASELINE,HF9g-P5,,,,X 全窗基线 · 不参与实体赏罚,3927046,393,A168_HF9F_20260827_0900,2026-08-27 09:00:00
2026-05-10,91797317,2152,0,21.0061968281,-21.0061968281,-21.0061968281,0E-7,1,1,0.49324550000000000,0.493245500000,-0.9865810262130424,-0.9865810262130424,-0.9865810262130424,0E-17,ELIGIBLE,R03b_20260811_FULL_v1,L1_ELIGIBILITY,v2026-08-11,2026-03-21..2026-08-06,baccarat_bet02_101_all_pairs_incl_sentinel,round_win = game_pnl > 0 (decisive only),COMPATIBILITY_ONLY_NOT_PRODUCTION,21006.2458,18687.5319,-61.6222,1247,1247,0.00293352,-0.13859161,0.00938335,0.00293352,61.6222,21006.2458,OK,0.0000,-2.4649,4.0000,96.0000,AG03-UNRESOLVED,ALL5_LEVELS_bet23_to_bet27,-2.4649,-2.4649,-2.4649,-4.3136,-4.3136,4.000000,4.000000,4.000000,7.000000,7.000000,96.000000,96.000000,96.000000,93.000000,93.000000,5.0,-16.0218,-14.4684,-45.6004,-47.1538,PENDING_AG03,FALSE,NOT_FOR_ENFORCEMENT,-59.1573,17940.0307,-61.6222,-59.1573,-2.4649,-0.00293352,-0.00281618,-2.4649,-59.1573,-0.00281618,-2.4649,-2.4649,-2.4649,-4.3136,-4.3136,-59.1573,-0.00281618,-16.0218,-14.4684,-45.6004,-47.1538,-0.00217080,-0.00224475,-0.00011734,16.8454,14.9860,-0.0494,-0.6419,-0.0525,218.8151,12.9896,13.0801,17.0694,10.3857,11.0045,21.0062,31.5093,42.0124,42.1647,10.5412,0.0,3.81775,3.831594,1.530778,30,171,130,2,0.04358735,-0.00293352,0.13859161,0E-8,0.000000,0.889618,0.000000,-0.14797496,2026-03-22,2026-08-05,96,1173,774,137,0.700730,0.766291,0.776478,0.145291,,,,,,,,GLOBAL_BASELINE_NO_ENTITY_RANKING,,,NOT_APPLICABLE_GLOBAL_BASELINE,HF9g-P5,,,,X 全窗基线 · 不参与实体赏罚,3927047,393,A168_HF9F_20260827_0900,2026-08-27 09:00:00
2026-05-10,91797317,2155,0,10.5030984140,-10.5030984140,-10.5030984140,0E-7,1,1,0.49324550000000000,0.493245500000,-0.9865810262130424,-0.9865810262130424,-0.9865810262130424,0E-17,ELIGIBLE,R03b_20260811_FULL_v1,L1_ELIGIBILITY,v2026-08-11,2026-03-21..2026-08-06,baccarat_bet02_101_all_pairs_incl_sentinel,round_win = game_pnl > 0 (decisive only),COMPATIBILITY_ONLY_NOT_PRODUCTION,21006.2458,18687.5319,-61.6222,1247,1247,0.00293352,-0.13859161,0.00938335,0.00293352,61.6222,21006.2458,OK,0.0000,-2.4649,4.0000,96.0000,AG03-UNRESOLVED,ALL5_LEVELS_bet23_to_bet27,-2.4649,-2.4649,-2.4649,-4.3136,-4.3136,4.000000,4.000000,4.000000,7.000000,7.000000,96.000000,96.000000,96.000000,93.000000,93.000000,5.0,-16.0218,-14.4684,-45.6004,-47.1538,PENDING_AG03,FALSE,NOT_FOR_ENFORCEMENT,-59.1573,17940.0307,-61.6222,-59.1573,-2.4649,-0.00293352,-0.00281618,-2.4649,-59.1573,-0.00281618,-2.4649,-2.4649,-2.4649,-4.3136,-4.3136,-59.1573,-0.00281618,-16.0218,-14.4684,-45.6004,-47.1538,-0.00217080,-0.00224475,-0.00011734,16.8454,14.9860,-0.0494,-0.6419,-0.0525,218.8151,12.9896,13.0801,17.0694,10.3857,11.0045,21.0062,31.5093,42.0124,42.1647,10.5412,0.0,3.81775,3.831594,1.530778,30,171,130,2,0.04358735,-0.00293352,0.13859161,0E-8,0.000000,0.889618,0.000000,-0.14797496,2026-03-22,2026-08-05,96,1173,774,137,0.700730,0.766291,0.776478,0.145291,,,,,,,,GLOBAL_BASELINE_NO_ENTITY_RANKING,,,NOT_APPLICABLE_GLOBAL_BASELINE,HF9g-P5,,,,X 全窗基线 · 不参与实体赏罚,3927048,393,A168_HF9F_20260827_0900,2026-08-27 09:00:00
2026-05-10,91797317,2175,0,42.0123936562,0E-10,0E-10,0.5000000,2,2,0.49324550000000000,0.493245500000,0.01910635448239258,0.01910635448239258,0.01910635448239258,0E-17,ELIGIBLE,R03b_20260811_FULL_v1,L1_ELIGIBILITY,v2026-08-11,2026-03-21..2026-08-06,baccarat_bet02_101_all_pairs_incl_sentinel,round_win = game_pnl > 0 (decisive only),COMPATIBILITY_ONLY_NOT_PRODUCTION,21006.2458,18687.5319,-61.6222,1247,1247,0.00293352,-0.13859161,0.00938335,0.00293352,61.6222,21006.2458,OK,0.0000,-2.4649,4.0000,96.0000,AG03-UNRESOLVED,ALL5_LEVELS_bet23_to_bet27,-2.4649,-2.4649,-2.4649,-4.3136,-4.3136,4.000000,4.000000,4.000000,7.000000,7.000000,96.000000,96.000000,96.000000,93.000000,93.000000,5.0,-16.0218,-14.4684,-45.6004,-47.1538,PENDING_AG03,FALSE,NOT_FOR_ENFORCEMENT,-59.1573,17940.0307,-61.6222,-59.1573,-2.4649,-0.00293352,-0.00281618,-2.4649,-59.1573,-0.00281618,-2.4649,-2.4649,-2.4649,-4.3136,-4.3136,-59.1573,-0.00281618,-16.0218,-14.4684,-45.6004,-47.1538,-0.00217080,-0.00224475,-0.00011734,16.8454,14.9860,-0.0494,-0.6419,-0.0525,218.8151,12.9896,13.0801,17.0694,10.3857,11.0045,21.0062,31.5093,42.0124,42.1647,10.5412,0.0,3.81775,3.831594,1.530778,30,171,130,2,0.04358735,-0.00293352,0.13859161,0E-8,0.000000,0.889618,0.000000,-0.14797496,2026-03-22,2026-08-05,96,1173,774,137,0.700730,0.766291,0.776478,0.145291,,,,,,,,GLOBAL_BASELINE_NO_ENTITY_RANKING,,,NOT_APPLICABLE_GLOBAL_BASELINE,HF9g-P5,,,,X 全窗基线 · 不参与实体赏罚,3927049,393,A168_HF9F_20260827_0900,2026-08-27 09:00:00
2026-05-10,91797317,2188,0,21.0061968281,21.0061968281,21.0061968281,1.0000000,1,1,0.49324550000000000,0.493245500000,1.01360149184955,1.01360149184955,1.01360149184955,0E-17,ELIGIBLE,R03b_20260811_FULL_v1,L1_ELIGIBILITY,v2026-08-11,2026-03-21..2026-08-06,baccarat_bet02_101_all_pairs_incl_sentinel,round_win = game_pnl > 0 (decisive only),COMPATIBILITY_ONLY_NOT_PRODUCTION,21006.2458,18687.5319,-61.6222,1247,1247,0.00293352,-0.13859161,0.00938335,0.00293352,61.6222,21006.2458,OK,0.0000,-2.4649,4.0000,96.0000,AG03-UNRESOLVED,ALL5_LEVELS_bet23_to_bet27,-2.4649,-2.4649,-2.4649,-4.3136,-4.3136,4.000000,4.000000,4.000000,7.000000,7.000000,96.000000,96.000000,96.000000,93.000000,93.000000,5.0,-16.0218,-14.4684,-45.6004,-47.1538,PENDING_AG03,FALSE,NOT_FOR_ENFORCEMENT,-59.1573,17940.0307,-61.6222,-59.1573,-2.4649,-0.00293352,-0.00281618,-2.4649,-59.1573,-0.00281618,-2.4649,-2.4649,-2.4649,-4.3136,-4.3136,-59.1573,-0.00281618,-16.0218,-14.4684,-45.6004,-47.1538,-0.00217080,-0.00224475,-0.00011734,16.8454,14.9860,-0.0494,-0.6419,-0.0525,218.8151,12.9896,13.0801,17.0694,10.3857,11.0045,21.0062,31.5093,42.0124,42.1647,10.5412,0.0,3.81775,3.831594,1.530778,30,171,130,2,0.04358735,-0.00293352,0.13859161,0E-8,0.000000,0.889618,0.000000,-0.14797496,2026-03-22,2026-08-05,96,1173,774,137,0.700730,0.766291,0.776478,0.145291,,,,,,,,GLOBAL_BASELINE_NO_ENTITY_RANKING,,,NOT_APPLICABLE_GLOBAL_BASELINE,HF9g-P5,,,,X 全窗基线 · 不参与实体赏罚,3927050,393,A168_HF9F_20260827_0900,2026-08-27 09:00:00
2026-05-10,91797317,2196,0,21.0061968281,-21.0061968281,-21.0061968281,0E-7,1,1,0.49324550000000000,0.493245500000,-0.9865810262130424,-0.9865810262130424,-0.9865810262130424,0E-17,ELIGIBLE,R03b_20260811_FULL_v1,L1_ELIGIBILITY,v2026-08-11,2026-03-21..2026-08-06,baccarat_bet02_101_all_pairs_incl_sentinel,round_win = game_pnl > 0 (decisive only),COMPATIBILITY_ONLY_NOT_PRODUCTION,21006.2458,18687.5319,-61.6222,1247,1247,0.00293352,-0.13859161,0.00938335,0.00293352,61.6222,21006.2458,OK,0.0000,-2.4649,4.0000,96.0000,AG03-UNRESOLVED,ALL5_LEVELS_bet23_to_bet27,-2.4649,-2.4649,-2.4649,-4.3136,-4.3136,4.000000,4.000000,4.000000,7.000000,7.000000,96.000000,96.000000,96.000000,93.000000,93.000000,5.0,-16.0218,-14.4684,-45.6004,-47.1538,PENDING_AG03,FALSE,NOT_FOR_ENFORCEMENT,-59.1573,17940.0307,-61.6222,-59.1573,-2.4649,-0.00293352,-0.00281618,-2.4649,-59.1573,-0.00281618,-2.4649,-2.4649,-2.4649,-4.3136,-4.3136,-59.1573,-0.00281618,-16.0218,-14.4684,-45.6004,-47.1538,-0.00217080,-0.00224475,-0.00011734,16.8454,14.9860,-0.0494,-0.6419,-0.0525,218.8151,12.9896,13.0801,17.0694,10.3857,11.0045,21.0062,31.5093,42.0124,42.1647,10.5412,0.0,3.81775,3.831594,1.530778,30,171,130,2,0.04358735,-0.00293352,0.13859161,0E-8,0.000000,0.889618,0.000000,-0.14797496,2026-03-22,2026-08-05,96,1173,774,137,0.700730,0.766291,0.776478,0.145291,,,,,,,,GLOBAL_BASELINE_NO_ENTITY_RANKING,,,NOT_APPLICABLE_GLOBAL_BASELINE,HF9g-P5,,,,X 全窗基线 · 不参与实体赏罚,3927051,393,A168_HF9F_20260827_0900,2026-08-27 09:00:00
2026-05-10,91797317,2209,0,21.0061968281,21.0061968281,21.0061968281,1.0000000,1,1,0.49324550000000000,0.493245500000,1.01360149184955,1.01360149184955,1.01360149184955,0E-17,ELIGIBLE,R03b_20260811_FULL_v1,L1_ELIGIBILITY,v2026-08-11,2026-03-21..2026-08-06,baccarat_bet02_101_all_pairs_incl_sentinel,round_win = game_pnl > 0 (decisive only),COMPATIBILITY_ONLY_NOT_PRODUCTION,21006.2458,18687.5319,-61.6222,1247,1247,0.00293352,-0.13859161,0.00938335,0.00293352,61.6222,21006.2458,OK,0.0000,-2.4649,4.0000,96.0000,AG03-UNRESOLVED,ALL5_LEVELS_bet23_to_bet27,-2.4649,-2.4649,-2.4649,-4.3136,-4.3136,4.000000,4.000000,4.000000,7.000000,7.000000,96.000000,96.000000,96.000000,93.000000,93.000000,5.0,-16.0218,-14.4684,-45.6004,-47.1538,PENDING_AG03,FALSE,NOT_FOR_ENFORCEMENT,-59.1573,17940.0307,-61.6222,-59.1573,-2.4649,-0.00293352,-0.00281618,-2.4649,-59.1573,-0.00281618,-2.4649,-2.4649,-2.4649,-4.3136,-4.3136,-59.1573,-0.00281618,-16.0218,-14.4684,-45.6004,-47.1538,-0.00217080,-0.00224475,-0.00011734,16.8454,14.9860,-0.0494,-0.6419,-0.0525,218.8151,12.9896,13.0801,17.0694,10.3857,11.0045,21.0062,31.5093,42.0124,42.1647,10.5412,0.0,3.81775,3.831594,1.530778,30,171,130,2,0.04358735,-0.00293352,0.13859161,0E-8,0.000000,0.889618,0.000000,-0.14797496,2026-03-22,2026-08-05,96,1173,774,137,0.700730,0.766291,0.776478,0.145291,,,,,,,,GLOBAL_BASELINE_NO_ENTITY_RANKING,,,NOT_APPLICABLE_GLOBAL_BASELINE,HF9g-P5,,,,X 全窗基线 · 不参与实体赏罚,3927052,393,A168_HF9F_20260827_0900,2026-08-27 09:00:00
2026-05-10,91797317,2235,0,21.0061968281,21.0061968281,21.0061968281,1.0000000,1,1,0.49324550000000000,0.493245500000,1.01360149184955,1.01360149184955,1.01360149184955,0E-17,ELIGIBLE,R03b_20260811_FULL_v1,L1_ELIGIBILITY,v2026-08-11,2026-03-21..2026-08-06,baccarat_bet02_101_all_pairs_incl_sentinel,round_win = game_pnl > 0 (decisive only),COMPATIBILITY_ONLY_NOT_PRODUCTION,21006.2458,18687.5319,-61.6222,1247,1247,0.00293352,-0.13859161,0.00938335,0.00293352,61.6222,21006.2458,OK,0.0000,-2.4649,4.0000,96.0000,AG03-UNRESOLVED,ALL5_LEVELS_bet23_to_bet27,-2.4649,-2.4649,-2.4649,-4.3136,-4.3136,4.000000,4.000000,4.000000,7.000000,7.000000,96.000000,96.000000,96.000000,93.000000,93.000000,5.0,-16.0218,-14.4684,-45.6004,-47.1538,PENDING_AG03,FALSE,NOT_FOR_ENFORCEMENT,-59.1573,17940.0307,-61.6222,-59.1573,-2.4649,-0.00293352,-0.00281618,-2.4649,-59.1573,-0.00281618,-2.4649,-2.4649,-2.4649,-4.3136,-4.3136,-59.1573,-0.00281618,-16.0218,-14.4684,-45.6004,-47.1538,-0.00217080,-0.00224475,-0.00011734,16.8454,14.9860,-0.0494,-0.6419,-0.0525,218.8151,12.9896,13.0801,17.0694,10.3857,11.0045,21.0062,31.5093,42.0124,42.1647,10.5412,0.0,3.81775,3.831594,1.530778,30,171,130,2,0.04358735,-0.00293352,0.13859161,0E-8,0.000000,0.889618,0.000000,-0.14797496,2026-03-22,2026-08-05,96,1173,774,137,0.700730,0.766291,0.776478,0.145291,,,,,,,,GLOBAL_BASELINE_NO_ENTITY_RANKING,,,NOT_APPLICABLE_GLOBAL_BASELINE,HF9g-P5,,,,X 全窗基线 · 不参与实体赏罚,3927053,393,A168_HF9F_20260827_0900,2026-08-27 09:00:00
2026-05-10,91797317,2242,0,21.0061968281,-21.0061968281,-21.0061968281,0E-7,1,1,0.49324550000000000,0.493245500000,-0.9865810262130424,-0.9865810262130424,-0.9865810262130424,0E-17,ELIGIBLE,R03b_20260811_FULL_v1,L1_ELIGIBILITY,v2026-08-11,2026-03-21..2026-08-06,baccarat_bet02_101_all_pairs_incl_sentinel,round_win = game_pnl > 0 (decisive only),COMPATIBILITY_ONLY_NOT_PRODUCTION,21006.2458,18687.5319,-61.6222,1247,1247,0.00293352,-0.13859161,0.00938335,0.00293352,61.6222,21006.2458,OK,0.0000,-2.4649,4.0000,96.0000,AG03-UNRESOLVED,ALL5_LEVELS_bet23_to_bet27,-2.4649,-2.4649,-2.4649,-4.3136,-4.3136,4.000000,4.000000,4.000000,7.000000,7.000000,96.000000,96.000000,96.000000,93.000000,93.000000,5.0,-16.0218,-14.4684,-45.6004,-47.1538,PENDING_AG03,FALSE,NOT_FOR_ENFORCEMENT,-59.1573,17940.0307,-61.6222,-59.1573,-2.4649,-0.00293352,-0.00281618,-2.4649,-59.1573,-0.00281618,-2.4649,-2.4649,-2.4649,-4.3136,-4.3136,-59.1573,-0.00281618,-16.0218,-14.4684,-45.6004,-47.1538,-0.00217080,-0.00224475,-0.00011734,16.8454,14.9860,-0.0494,-0.6419,-0.0525,218.8151,12.9896,13.0801,17.0694,10.3857,11.0045,21.0062,31.5093,42.0124,42.1647,10.5412,0.0,3.81775,3.831594,1.530778,30,171,130,2,0.04358735,-0.00293352,0.13859161,0E-8,0.000000,0.889618,0.000000,-0.14797496,2026-03-22,2026-08-05,96,1173,774,137,0.700730,0.766291,0.776478,0.145291,,,,,,,,GLOBAL_BASELINE_NO_ENTITY_RANKING,,,NOT_APPLICABLE_GLOBAL_BASELINE,HF9g-P5,,,,X 全窗基线 · 不参与实体赏罚,3927054,393,A168_HF9F_20260827_0900,2026-08-27 09:00:00
2026-05-10,91797317,2246,0,21.0061968281,0E-10,0E-10,,1,1,0.49324550000000000,0.493245500000,,,,0E-17,NO_DECISIVE_ROUND,R03b_20260811_FULL_v1,L1_ELIGIBILITY,v2026-08-11,2026-03-21..2026-08-06,baccarat_bet02_101_all_pairs_incl_sentinel,round_win = game_pnl > 0 (decisive only),COMPATIBILITY_ONLY_NOT_PRODUCTION,21006.2458,18687.5319,-61.6222,1247,1247,0.00293352,-0.13859161,0.00938335,0.00293352,61.6222,21006.2458,OK,0.0000,-2.4649,4.0000,96.0000,AG03-UNRESOLVED,ALL5_LEVELS_bet23_to_bet27,-2.4649,-2.4649,-2.4649,-4.3136,-4.3136,4.000000,4.000000,4.000000,7.000000,7.000000,96.000000,96.000000,96.000000,93.000000,93.000000,5.0,-16.0218,-14.4684,-45.6004,-47.1538,PENDING_AG03,FALSE,NOT_FOR_ENFORCEMENT,-59.1573,17940.0307,-61.6222,-59.1573,-2.4649,-0.00293352,-0.00281618,-2.4649,-59.1573,-0.00281618,-2.4649,-2.4649,-2.4649,-4.3136,-4.3136,-59.1573,-0.00281618,-16.0218,-14.4684,-45.6004,-47.1538,-0.00217080,-0.00224475,-0.00011734,16.8454,14.9860,-0.0494,-0.6419,-0.0525,218.8151,12.9896,13.0801,17.0694,10.3857,11.0045,21.0062,31.5093,42.0124,42.1647,10.5412,0.0,3.81775,3.831594,1.530778,30,171,130,2,0.04358735,-0.00293352,0.13859161,0E-8,0.000000,0.889618,0.000000,-0.14797496,2026-03-22,2026-08-05,96,1173,774,137,0.700730,0.766291,0.776478,0.145291,,,,,,,,GLOBAL_BASELINE_NO_ENTITY_RANKING,,,NOT_APPLICABLE_GLOBAL_BASELINE,HF9g-P5,,,,X 全窗基线 · 不参与实体赏罚,3927055,393,A168_HF9F_20260827_0900,2026-08-27 09:00:00
2026-05-10,91797317,2266,0,21.0061968281,21.0061968281,21.0061968281,1.0000000,1,1,0.49324550000000000,0.493245500000,1.01360149184955,1.01360149184955,1.01360149184955,0E-17,ELIGIBLE,R03b_20260811_FULL_v1,L1_ELIGIBILITY,v2026-08-11,2026-03-21..2026-08-06,baccarat_bet02_101_all_pairs_incl_sentinel,round_win = game_pnl > 0 (decisive only),COMPATIBILITY_ONLY_NOT_PRODUCTION,21006.2458,18687.5319,-61.6222,1247,1247,0.00293352,-0.13859161,0.00938335,0.00293352,61.6222,21006.2458,OK,0.0000,-2.4649,4.0000,96.0000,AG03-UNRESOLVED,ALL5_LEVELS_bet23_to_bet27,-2.4649,-2.4649,-2.4649,-4.3136,-4.3136,4.000000,4.000000,4.000000,7.000000,7.000000,96.000000,96.000000,96.000000,93.000000,93.000000,5.0,-16.0218,-14.4684,-45.6004,-47.1538,PENDING_AG03,FALSE,NOT_FOR_ENFORCEMENT,-59.1573,17940.0307,-61.6222,-59.1573,-2.4649,-0.00293352,-0.00281618,-2.4649,-59.1573,-0.00281618,-2.4649,-2.4649,-2.4649,-4.3136,-4.3136,-59.1573,-0.00281618,-16.0218,-14.4684,-45.6004,-47.1538,-0.00217080,-0.00224475,-0.00011734,16.8454,14.9860,-0.0494,-0.6419,-0.0525,218.8151,12.9896,13.0801,17.0694,10.3857,11.0045,21.0062,31.5093,42.0124,42.1647,10.5412,0.0,3.81775,3.831594,1.530778,30,171,130,2,0.04358735,-0.00293352,0.13859161,0E-8,0.000000,0.889618,0.000000,-0.14797496,2026-03-22,2026-08-05,96,1173,774,137,0.700730,0.766291,0.776478,0.145291,,,,,,,,GLOBAL_BASELINE_NO_ENTITY_RANKING,,,NOT_APPLICABLE_GLOBAL_BASELINE,HF9g-P5,,,,X 全窗基线 · 不参与实体赏罚,3927056,393,A168_HF9F_20260827_0900,2026-08-27 09:00:00
2026-05-10,91797317,2267,0,10.5030984140,-10.5030984140,-10.5030984140,0E-7,1,1,0.49324550000000000,0.493245500000,-0.9865810262130424,-0.9865810262130424,-0.9865810262130424,0E-17,ELIGIBLE,R03b_20260811_FULL_v1,L1_ELIGIBILITY,v2026-08-11,2026-03-21..2026-08-06,baccarat_bet02_101_all_pairs_incl_sentinel,round_win = game_pnl > 0 (decisive only),COMPATIBILITY_ONLY_NOT_PRODUCTION,21006.2458,18687.5319,-61.6222,1247,1247,0.00293352,-0.13859161,0.00938335,0.00293352,61.6222,21006.2458,OK,0.0000,-2.4649,4.0000,96.0000,AG03-UNRESOLVED,ALL5_LEVELS_bet23_to_bet27,-2.4649,-2.4649,-2.4649,-4.3136,-4.3136,4.000000,4.000000,4.000000,7.000000,7.000000,96.000000,96.000000,96.000000,93.000000,93.000000,5.0,-16.0218,-14.4684,-45.6004,-47.1538,PENDING_AG03,FALSE,NOT_FOR_ENFORCEMENT,-59.1573,17940.0307,-61.6222,-59.1573,-2.4649,-0.00293352,-0.00281618,-2.4649,-59.1573,-0.00281618,-2.4649,-2.4649,-2.4649,-4.3136,-4.3136,-59.1573,-0.00281618,-16.0218,-14.4684,-45.6004,-47.1538,-0.00217080,-0.00224475,-0.00011734,16.8454,14.9860,-0.0494,-0.6419,-0.0525,218.8151,12.9896,13.0801,17.0694,10.3857,11.0045,21.0062,31.5093,42.0124,42.1647,10.5412,0.0,3.81775,3.831594,1.530778,30,171,130,2,0.04358735,-0.00293352,0.13859161,0E-8,0.000000,0.889618,0.000000,-0.14797496,2026-03-22,2026-08-05,96,1173,774,137,0.700730,0.766291,0.776478,0.145291,,,,,,,,GLOBAL_BASELINE_NO_ENTITY_RANKING,,,NOT_APPLICABLE_GLOBAL_BASELINE,HF9g-P5,,,,X 全窗基线 · 不参与实体赏罚,3927057,393,A168_HF9F_20260827_0900,2026-08-27 09:00:00
2026-05-10,91797317,526,0,10.5030984140,-10.5030984140,-10.5030984140,0E-7,1,1,0.49324550000000000,0.493245500000,-0.9865810262130424,-0.9865810262130424,-0.9865810262130424,0E-17,ELIGIBLE,R03b_20260811_FULL_v1,L1_ELIGIBILITY,v2026-08-11,2026-03-21..2026-08-06,baccarat_bet02_101_all_pairs_incl_sentinel,round_win = game_pnl > 0 (decisive only),COMPATIBILITY_ONLY_NOT_PRODUCTION,21006.2458,18687.5319,-61.6222,1247,1247,0.00293352,-0.13859161,0.00938335,0.00293352,61.6222,21006.2458,OK,0.0000,-2.4649,4.0000,96.0000,AG03-UNRESOLVED,ALL5_LEVELS_bet23_to_bet27,-2.4649,-2.4649,-2.4649,-4.3136,-4.3136,4.000000,4.000000,4.000000,7.000000,7.000000,96.000000,96.000000,96.000000,93.000000,93.000000,5.0,-16.0218,-14.4684,-45.6004,-47.1538,PENDING_AG03,FALSE,NOT_FOR_ENFORCEMENT,-59.1573,17940.0307,-61.6222,-59.1573,-2.4649,-0.00293352,-0.00281618,-2.4649,-59.1573,-0.00281618,-2.4649,-2.4649,-2.4649,-4.3136,-4.3136,-59.1573,-0.00281618,-16.0218,-14.4684,-45.6004,-47.1538,-0.00217080,-0.00224475,-0.00011734,16.8454,14.9860,-0.0494,-0.6419,-0.0525,218.8151,12.9896,13.0801,17.0694,10.3857,11.0045,21.0062,31.5093,42.0124,42.1647,10.5412,0.0,3.81775,3.831594,1.530778,30,171,130,2,0.04358735,-0.00293352,0.13859161,0E-8,0.000000,0.889618,0.000000,-0.14797496,2026-03-22,2026-08-05,96,1173,774,137,0.700730,0.766291,0.776478,0.145291,,,,,,,,GLOBAL_BASELINE_NO_ENTITY_RANKING,,,NOT_APPLICABLE_GLOBAL_BASELINE,HF9g-P5,,,,X 全窗基线 · 不参与实体赏罚,3927058,393,A168_HF9F_20260827_0900,2026-08-27 09:00:00
2026-05-10,91797317,529,0,42.0123936562,42.0123936562,42.0123936562,1.0000000,2,2,0.49324550000000000,0.493245500000,1.4334489766152358,1.4334489766152358,1.4334489766152358,0E-17,ELIGIBLE,R03b_20260811_FULL_v1,L1_ELIGIBILITY,v2026-08-11,2026-03-21..2026-08-06,baccarat_bet02_101_all_pairs_incl_sentinel,round_win = game_pnl > 0 (decisive only),COMPATIBILITY_ONLY_NOT_PRODUCTION,21006.2458,18687.5319,-61.6222,1247,1247,0.00293352,-0.13859161,0.00938335,0.00293352,61.6222,21006.2458,OK,0.0000,-2.4649,4.0000,96.0000,AG03-UNRESOLVED,ALL5_LEVELS_bet23_to_bet27,-2.4649,-2.4649,-2.4649,-4.3136,-4.3136,4.000000,4.000000,4.000000,7.000000,7.000000,96.000000,96.000000,96.000000,93.000000,93.000000,5.0,-16.0218,-14.4684,-45.6004,-47.1538,PENDING_AG03,FALSE,NOT_FOR_ENFORCEMENT,-59.1573,17940.0307,-61.6222,-59.1573,-2.4649,-0.00293352,-0.00281618,-2.4649,-59.1573,-0.00281618,-2.4649,-2.4649,-2.4649,-4.3136,-4.3136,-59.1573,-0.00281618,-16.0218,-14.4684,-45.6004,-47.1538,-0.00217080,-0.00224475,-0.00011734,16.8454,14.9860,-0.0494,-0.6419,-0.0525,218.8151,12.9896,13.0801,17.0694,10.3857,11.0045,21.0062,31.5093,42.0124,42.1647,10.5412,0.0,3.81775,3.831594,1.530778,30,171,130,2,0.04358735,-0.00293352,0.13859161,0E-8,0.000000,0.889618,0.000000,-0.14797496,2026-03-22,2026-08-05,96,1173,774,137,0.700730,0.766291,0.776478,0.145291,,,,,,,,GLOBAL_BASELINE_NO_ENTITY_RANKING,,,NOT_APPLICABLE_GLOBAL_BASELINE,HF9g-P5,,,,X 全窗基线 · 不参与实体赏罚,3927059,393,A168_HF9F_20260827_0900,2026-08-27 09:00:00
2026-05-10,91797317,583,0,10.5030984140,0E-10,0E-10,,1,1,0.49324550000000000,0.493245500000,,,,0E-17,NO_DECISIVE_ROUND,R03b_20260811_FULL_v1,L1_ELIGIBILITY,v2026-08-11,2026-03-21..2026-08-06,baccarat_bet02_101_all_pairs_incl_sentinel,round_win = game_pnl > 0 (decisive only),COMPATIBILITY_ONLY_NOT_PRODUCTION,21006.2458,18687.5319,-61.6222,1247,1247,0.00293352,-0.13859161,0.00938335,0.00293352,61.6222,21006.2458,OK,0.0000,-2.4649,4.0000,96.0000,AG03-UNRESOLVED,ALL5_LEVELS_bet23_to_bet27,-2.4649,-2.4649,-2.4649,-4.3136,-4.3136,4.000000,4.000000,4.000000,7.000000,7.000000,96.000000,96.000000,96.000000,93.000000,93.000000,5.0,-16.0218,-14.4684,-45.6004,-47.1538,PENDING_AG03,FALSE,NOT_FOR_ENFORCEMENT,-59.1573,17940.0307,-61.6222,-59.1573,-2.4649,-0.00293352,-0.00281618,-2.4649,-59.1573,-0.00281618,-2.4649,-2.4649,-2.4649,-4.3136,-4.3136,-59.1573,-0.00281618,-16.0218,-14.4684,-45.6004,-47.1538,-0.00217080,-0.00224475,-0.00011734,16.8454,14.9860,-0.0494,-0.6419,-0.0525,218.8151,12.9896,13.0801,17.0694,10.3857,11.0045,21.0062,31.5093,42.0124,42.1647,10.5412,0.0,3.81775,3.831594,1.530778,30,171,130,2,0.04358735,-0.00293352,0.13859161,0E-8,0.000000,0.889618,0.000000,-0.14797496,2026-03-22,2026-08-05,96,1173,774,137,0.700730,0.766291,0.776478,0.145291,,,,,,,,GLOBAL_BASELINE_NO_ENTITY_RANKING,,,NOT_APPLICABLE_GLOBAL_BASELINE,HF9g-P5,,,,X 全窗基线 · 不参与实体赏罚,3927060,393,A168_HF9F_20260827_0900,2026-08-27 09:00:00
2026-05-10,91797317,763,0,21.0061968281,0E-10,0E-10,,1,1,0.49324550000000000,0.493245500000,,,,0E-17,NO_DECISIVE_ROUND,R03b_20260811_FULL_v1,L1_ELIGIBILITY,v2026-08-11,2026-03-21..2026-08-06,baccarat_bet02_101_all_pairs_incl_sentinel,round_win = game_pnl > 0 (decisive only),COMPATIBILITY_ONLY_NOT_PRODUCTION,21006.2458,18687.5319,-61.6222,1247,1247,0.00293352,-0.13859161,0.00938335,0.00293352,61.6222,21006.2458,OK,0.0000,-2.4649,4.0000,96.0000,AG03-UNRESOLVED,ALL5_LEVELS_bet23_to_bet27,-2.4649,-2.4649,-2.4649,-4.3136,-4.3136,4.000000,4.000000,4.000000,7.000000,7.000000,96.000000,96.000000,96.000000,93.000000,93.000000,5.0,-16.0218,-14.4684,-45.6004,-47.1538,PENDING_AG03,FALSE,NOT_FOR_ENFORCEMENT,-59.1573,17940.0307,-61.6222,-59.1573,-2.4649,-0.00293352,-0.00281618,-2.4649,-59.1573,-0.00281618,-2.4649,-2.4649,-2.4649,-4.3136,-4.3136,-59.1573,-0.00281618,-16.0218,-14.4684,-45.6004,-47.1538,-0.00217080,-0.00224475,-0.00011734,16.8454,14.9860,-0.0494,-0.6419,-0.0525,218.8151,12.9896,13.0801,17.0694,10.3857,11.0045,21.0062,31.5093,42.0124,42.1647,10.5412,0.0,3.81775,3.831594,1.530778,30,171,130,2,0.04358735,-0.00293352,0.13859161,0E-8,0.000000,0.889618,0.000000,-0.14797496,2026-03-22,2026-08-05,96,1173,774,137,0.700730,0.766291,0.776478,0.145291,,,,,,,,GLOBAL_BASELINE_NO_ENTITY_RANKING,,,NOT_APPLICABLE_GLOBAL_BASELINE,HF9g-P5,,,,X 全窗基线 · 不参与实体赏罚,3927061,393,A168_HF9F_20260827_0900,2026-08-27 09:00:00
2026-05-10,91797317,772,0,21.0061968281,21.0061968281,21.0061968281,1.0000000,1,1,0.49324550000000000,0.493245500000,1.01360149184955,1.01360149184955,1.01360149184955,0E-17,ELIGIBLE,R03b_20260811_FULL_v1,L1_ELIGIBILITY,v2026-08-11,2026-03-21..2026-08-06,baccarat_bet02_101_all_pairs_incl_sentinel,round_win = game_pnl > 0 (decisive only),COMPATIBILITY_ONLY_NOT_PRODUCTION,21006.2458,18687.5319,-61.6222,1247,1247,0.00293352,-0.13859161,0.00938335,0.00293352,61.6222,21006.2458,OK,0.0000,-2.4649,4.0000,96.0000,AG03-UNRESOLVED,ALL5_LEVELS_bet23_to_bet27,-2.4649,-2.4649,-2.4649,-4.3136,-4.3136,4.000000,4.000000,4.000000,7.000000,7.000000,96.000000,96.000000,96.000000,93.000000,93.000000,5.0,-16.0218,-14.4684,-45.6004,-47.1538,PENDING_AG03,FALSE,NOT_FOR_ENFORCEMENT,-59.1573,17940.0307,-61.6222,-59.1573,-2.4649,-0.00293352,-0.00281618,-2.4649,-59.1573,-0.00281618,-2.4649,-2.4649,-2.4649,-4.3136,-4.3136,-59.1573,-0.00281618,-16.0218,-14.4684,-45.6004,-47.1538,-0.00217080,-0.00224475,-0.00011734,16.8454,14.9860,-0.0494,-0.6419,-0.0525,218.8151,12.9896,13.0801,17.0694,10.3857,11.0045,21.0062,31.5093,42.0124,42.1647,10.5412,0.0,3.81775,3.831594,1.530778,30,171,130,2,0.04358735,-0.00293352,0.13859161,0E-8,0.000000,0.889618,0.000000,-0.14797496,2026-03-22,2026-08-05,96,1173,774,137,0.700730,0.766291,0.776478,0.145291,,,,,,,,GLOBAL_BASELINE_NO_ENTITY_RANKING,,,NOT_APPLICABLE_GLOBAL_BASELINE,HF9g-P5,,,,X 全窗基线 · 不参与实体赏罚,3927062,393,A168_HF9F_20260827_0900,2026-08-27 09:00:00
2026-05-10,91797317,919,0,84.0247873123,42.0123936561,42.0123936561,0.6666667,3,3,0.49324550000000000,0.493245500000,0.6008033672792107,0.6008033672792106,0.6008033672792107,0E-17,ELIGIBLE,R03b_20260811_FULL_v1,L1_ELIGIBILITY,v2026-08-11,2026-03-21..2026-08-06,baccarat_bet02_101_all_pairs_incl_sentinel,round_win = game_pnl > 0 (decisive only),COMPATIBILITY_ONLY_NOT_PRODUCTION,21006.2458,18687.5319,-61.6222,1247,1247,0.00293352,-0.13859161,0.00938335,0.00293352,61.6222,21006.2458,OK,0.0000,-2.4649,4.0000,96.0000,AG03-UNRESOLVED,ALL5_LEVELS_bet23_to_bet27,-2.4649,-2.4649,-2.4649,-4.3136,-4.3136,4.000000,4.000000,4.000000,7.000000,7.000000,96.000000,96.000000,96.000000,93.000000,93.000000,5.0,-16.0218,-14.4684,-45.6004,-47.1538,PENDING_AG03,FALSE,NOT_FOR_ENFORCEMENT,-59.1573,17940.0307,-61.6222,-59.1573,-2.4649,-0.00293352,-0.00281618,-2.4649,-59.1573,-0.00281618,-2.4649,-2.4649,-2.4649,-4.3136,-4.3136,-59.1573,-0.00281618,-16.0218,-14.4684,-45.6004,-47.1538,-0.00217080,-0.00224475,-0.00011734,16.8454,14.9860,-0.0494,-0.6419,-0.0525,218.8151,12.9896,13.0801,17.0694,10.3857,11.0045,21.0062,31.5093,42.0124,42.1647,10.5412,0.0,3.81775,3.831594,1.530778,30,171,130,2,0.04358735,-0.00293352,0.13859161,0E-8,0.000000,0.889618,0.000000,-0.14797496,2026-03-22,2026-08-05,96,1173,774,137,0.700730,0.766291,0.776478,0.145291,,,,,,,,GLOBAL_BASELINE_NO_ENTITY_RANKING,,,NOT_APPLICABLE_GLOBAL_BASELINE,HF9g-P5,,,,X 全窗基线 · 不参与实体赏罚,3927063,393,A168_HF9F_20260827_0900,2026-08-27 09:00:00
2026-05-10,91797317,925,0,21.0061968281,21.0061968281,21.0061968281,1.0000000,1,1,0.49324550000000000,0.493245500000,1.01360149184955,1.01360149184955,1.01360149184955,0E-17,ELIGIBLE,R03b_20260811_FULL_v1,L1_ELIGIBILITY,v2026-08-11,2026-03-21..2026-08-06,baccarat_bet02_101_all_pairs_incl_sentinel,round_win = game_pnl > 0 (decisive only),COMPATIBILITY_ONLY_NOT_PRODUCTION,21006.2458,18687.5319,-61.6222,1247,1247,0.00293352,-0.13859161,0.00938335,0.00293352,61.6222,21006.2458,OK,0.0000,-2.4649,4.0000,96.0000,AG03-UNRESOLVED,ALL5_LEVELS_bet23_to_bet27,-2.4649,-2.4649,-2.4649,-4.3136,-4.3136,4.000000,4.000000,4.000000,7.000000,7.000000,96.000000,96.000000,96.000000,93.000000,93.000000,5.0,-16.0218,-14.4684,-45.6004,-47.1538,PENDING_AG03,FALSE,NOT_FOR_ENFORCEMENT,-59.1573,17940.0307,-61.6222,-59.1573,-2.4649,-0.00293352,-0.00281618,-2.4649,-59.1573,-0.00281618,-2.4649,-2.4649,-2.4649,-4.3136,-4.3136,-59.1573,-0.00281618,-16.0218,-14.4684,-45.6004,-47.1538,-0.00217080,-0.00224475,-0.00011734,16.8454,14.9860,-0.0494,-0.6419,-0.0525,218.8151,12.9896,13.0801,17.0694,10.3857,11.0045,21.0062,31.5093,42.0124,42.1647,10.5412,0.0,3.81775,3.831594,1.530778,30,171,130,2,0.04358735,-0.00293352,0.13859161,0E-8,0.000000,0.889618,0.000000,-0.14797496,2026-03-22,2026-08-05,96,1173,774,137,0.700730,0.766291,0.776478,0.145291,,,,,,,,GLOBAL_BASELINE_NO_ENTITY_RANKING,,,NOT_APPLICABLE_GLOBAL_BASELINE,HF9g-P5,,,,X 全窗基线 · 不参与实体赏罚,3927064,393,A168_HF9F_20260827_0900,2026-08-27 09:00:00
2026-05-11,91797317,-1,1,126.0371809684,0E-10,0E-10,0.5000000,4,4,0.49324550000000000,0.493245500000,0.027020465636507562,0.027020465636507562,0.027020465636507562,0E-17,SENTINEL_DEALER,R03b_20260811_FULL_v1,L1_ELIGIBILITY,v2026-08-11,2026-03-21..2026-08-06,baccarat_bet02_101_all_pairs_incl_sentinel,round_win = game_pnl > 0 (decisive only),COMPATIBILITY_ONLY_NOT_PRODUCTION,21006.2458,18687.5319,-61.6222,1247,1247,0.00293352,-0.13859161,0.00938335,0.00293352,61.6222,21006.2458,OK,0.0000,-2.4649,4.0000,96.0000,AG03-UNRESOLVED,ALL5_LEVELS_bet23_to_bet27,-2.4649,-2.4649,-2.4649,-4.3136,-4.3136,4.000000,4.000000,4.000000,7.000000,7.000000,96.000000,96.000000,96.000000,93.000000,93.000000,5.0,-16.0218,-14.4684,-45.6004,-47.1538,PENDING_AG03,FALSE,NOT_FOR_ENFORCEMENT,-59.1573,17940.0307,-61.6222,-59.1573,-2.4649,-0.00293352,-0.00281618,-2.4649,-59.1573,-0.00281618,-2.4649,-2.4649,-2.4649,-4.3136,-4.3136,-59.1573,-0.00281618,-16.0218,-14.4684,-45.6004,-47.1538,-0.00217080,-0.00224475,-0.00011734,16.8454,14.9860,-0.0494,-0.6419,-0.0525,218.8151,12.9896,13.0801,17.0694,10.3857,11.0045,21.0062,31.5093,42.0124,42.1647,10.5412,0.0,3.81775,3.831594,1.530778,30,171,130,2,0.04358735,-0.00293352,0.13859161,0E-8,0.000000,0.889618,0.000000,-0.14797496,2026-03-22,2026-08-05,96,1173,774,137,0.700730,0.766291,0.776478,0.145291,,,,,,,,GLOBAL_BASELINE_NO_ENTITY_RANKING,,,NOT_APPLICABLE_GLOBAL_BASELINE,HF9g-P5,,,,X 全窗基线 · 不参与实体赏罚,3927065,393,A168_HF9F_20260827_0900,2026-08-27 09:00:00
2026-05-11,91797317,1306,0,42.0123936561,-42.0123936561,-42.0123936561,0E-7,1,1,0.49324550000000000,0.493245500000,-0.9865810262130424,-0.9865810262130424,-0.9865810262130424,0E-17,ELIGIBLE,R03b_20260811_FULL_v1,L1_ELIGIBILITY,v2026-08-11,2026-03-21..2026-08-06,baccarat_bet02_101_all_pairs_incl_sentinel,round_win = game_pnl > 0 (decisive only),COMPATIBILITY_ONLY_NOT_PRODUCTION,21006.2458,18687.5319,-61.6222,1247,1247,0.00293352,-0.13859161,0.00938335,0.00293352,61.6222,21006.2458,OK,0.0000,-2.4649,4.0000,96.0000,AG03-UNRESOLVED,ALL5_LEVELS_bet23_to_bet27,-2.4649,-2.4649,-2.4649,-4.3136,-4.3136,4.000000,4.000000,4.000000,7.000000,7.000000,96.000000,96.000000,96.000000,93.000000,93.000000,5.0,-16.0218,-14.4684,-45.6004,-47.1538,PENDING_AG03,FALSE,NOT_FOR_ENFORCEMENT,-59.1573,17940.0307,-61.6222,-59.1573,-2.4649,-0.00293352,-0.00281618,-2.4649,-59.1573,-0.00281618,-2.4649,-2.4649,-2.4649,-4.3136,-4.3136,-59.1573,-0.00281618,-16.0218,-14.4684,-45.6004,-47.1538,-0.00217080,-0.00224475,-0.00011734,16.8454,14.9860,-0.0494,-0.6419,-0.0525,218.8151,12.9896,13.0801,17.0694,10.3857,11.0045,21.0062,31.5093,42.0124,42.1647,10.5412,0.0,3.81775,3.831594,1.530778,30,171,130,2,0.04358735,-0.00293352,0.13859161,0E-8,0.000000,0.889618,0.000000,-0.14797496,2026-03-22,2026-08-05,96,1173,774,137,0.700730,0.766291,0.776478,0.145291,,,,,,,,GLOBAL_BASELINE_NO_ENTITY_RANKING,,,NOT_APPLICABLE_GLOBAL_BASELINE,HF9g-P5,,,,X 全窗基线 · 不参与实体赏罚,3927066,393,A168_HF9F_20260827_0900,2026-08-27 09:00:00
2026-05-11,91797317,1396,0,21.0061968281,-21.0061968281,-21.0061968281,0E-7,1,1,0.49324550000000000,0.493245500000,-0.9865810262130424,-0.9865810262130424,-0.9865810262130424,0E-17,ELIGIBLE,R03b_20260811_FULL_v1,L1_ELIGIBILITY,v2026-08-11,2026-03-21..2026-08-06,baccarat_bet02_101_all_pairs_incl_sentinel,round_win = game_pnl > 0 (decisive only),COMPATIBILITY_ONLY_NOT_PRODUCTION,21006.2458,18687.5319,-61.6222,1247,1247,0.00293352,-0.13859161,0.00938335,0.00293352,61.6222,21006.2458,OK,0.0000,-2.4649,4.0000,96.0000,AG03-UNRESOLVED,ALL5_LEVELS_bet23_to_bet27,-2.4649,-2.4649,-2.4649,-4.3136,-4.3136,4.000000,4.000000,4.000000,7.000000,7.000000,96.000000,96.000000,96.000000,93.000000,93.000000,5.0,-16.0218,-14.4684,-45.6004,-47.1538,PENDING_AG03,FALSE,NOT_FOR_ENFORCEMENT,-59.1573,17940.0307,-61.6222,-59.1573,-2.4649,-0.00293352,-0.00281618,-2.4649,-59.1573,-0.00281618,-2.4649,-2.4649,-2.4649,-4.3136,-4.3136,-59.1573,-0.00281618,-16.0218,-14.4684,-45.6004,-47.1538,-0.00217080,-0.00224475,-0.00011734,16.8454,14.9860,-0.0494,-0.6419,-0.0525,218.8151,12.9896,13.0801,17.0694,10.3857,11.0045,21.0062,31.5093,42.0124,42.1647,10.5412,0.0,3.81775,3.831594,1.530778,30,171,130,2,0.04358735,-0.00293352,0.13859161,0E-8,0.000000,0.889618,0.000000,-0.14797496,2026-03-22,2026-08-05,96,1173,774,137,0.700730,0.766291,0.776478,0.145291,,,,,,,,GLOBAL_BASELINE_NO_ENTITY_RANKING,,,NOT_APPLICABLE_GLOBAL_BASELINE,HF9g-P5,,,,X 全窗基线 · 不参与实体赏罚,3927067,393,A168_HF9F_20260827_0900,2026-08-27 09:00:00
2026-05-11,91797317,1704,0,21.0061968281,21.0061968281,21.0061968281,1.0000000,1,1,0.49324550000000000,0.493245500000,1.01360149184955,1.01360149184955,1.01360149184955,0E-17,ELIGIBLE,R03b_20260811_FULL_v1,L1_ELIGIBILITY,v2026-08-11,2026-03-21..2026-08-06,baccarat_bet02_101_all_pairs_incl_sentinel,round_win = game_pnl > 0 (decisive only),COMPATIBILITY_ONLY_NOT_PRODUCTION,21006.2458,18687.5319,-61.6222,1247,1247,0.00293352,-0.13859161,0.00938335,0.00293352,61.6222,21006.2458,OK,0.0000,-2.4649,4.0000,96.0000,AG03-UNRESOLVED,ALL5_LEVELS_bet23_to_bet27,-2.4649,-2.4649,-2.4649,-4.3136,-4.3136,4.000000,4.000000,4.000000,7.000000,7.000000,96.000000,96.000000,96.000000,93.000000,93.000000,5.0,-16.0218,-14.4684,-45.6004,-47.1538,PENDING_AG03,FALSE,NOT_FOR_ENFORCEMENT,-59.1573,17940.0307,-61.6222,-59.1573,-2.4649,-0.00293352,-0.00281618,-2.4649,-59.1573,-0.00281618,-2.4649,-2.4649,-2.4649,-4.3136,-4.3136,-59.1573,-0.00281618,-16.0218,-14.4684,-45.6004,-47.1538,-0.00217080,-0.00224475,-0.00011734,16.8454,14.9860,-0.0494,-0.6419,-0.0525,218.8151,12.9896,13.0801,17.0694,10.3857,11.0045,21.0062,31.5093,42.0124,42.1647,10.5412,0.0,3.81775,3.831594,1.530778,30,171,130,2,0.04358735,-0.00293352,0.13859161,0E-8,0.000000,0.889618,0.000000,-0.14797496,2026-03-22,2026-08-05,96,1173,774,137,0.700730,0.766291,0.776478,0.145291,,,,,,,,GLOBAL_BASELINE_NO_ENTITY_RANKING,,,NOT_APPLICABLE_GLOBAL_BASELINE,HF9g-P5,,,,X 全窗基线 · 不参与实体赏罚,3927068,393,A168_HF9F_20260827_0900,2026-08-27 09:00:00
2026-05-11,91797317,1940,0,31.5092952421,31.5092952421,31.5092952421,1.0000000,1,1,0.49324550000000000,0.493245500000,1.01360149184955,1.01360149184955,1.01360149184955,0E-17,ELIGIBLE,R03b_20260811_FULL_v1,L1_ELIGIBILITY,v2026-08-11,2026-03-21..2026-08-06,baccarat_bet02_101_all_pairs_incl_sentinel,round_win = game_pnl > 0 (decisive only),COMPATIBILITY_ONLY_NOT_PRODUCTION,21006.2458,18687.5319,-61.6222,1247,1247,0.00293352,-0.13859161,0.00938335,0.00293352,61.6222,21006.2458,OK,0.0000,-2.4649,4.0000,96.0000,AG03-UNRESOLVED,ALL5_LEVELS_bet23_to_bet27,-2.4649,-2.4649,-2.4649,-4.3136,-4.3136,4.000000,4.000000,4.000000,7.000000,7.000000,96.000000,96.000000,96.000000,93.000000,93.000000,5.0,-16.0218,-14.4684,-45.6004,-47.1538,PENDING_AG03,FALSE,NOT_FOR_ENFORCEMENT,-59.1573,17940.0307,-61.6222,-59.1573,-2.4649,-0.00293352,-0.00281618,-2.4649,-59.1573,-0.00281618,-2.4649,-2.4649,-2.4649,-4.3136,-4.3136,-59.1573,-0.00281618,-16.0218,-14.4684,-45.6004,-47.1538,-0.00217080,-0.00224475,-0.00011734,16.8454,14.9860,-0.0494,-0.6419,-0.0525,218.8151,12.9896,13.0801,17.0694,10.3857,11.0045,21.0062,31.5093,42.0124,42.1647,10.5412,0.0,3.81775,3.831594,1.530778,30,171,130,2,0.04358735,-0.00293352,0.13859161,0E-8,0.000000,0.889618,0.000000,-0.14797496,2026-03-22,2026-08-05,96,1173,774,137,0.700730,0.766291,0.776478,0.145291,,,,,,,,GLOBAL_BASELINE_NO_ENTITY_RANKING,,,NOT_APPLICABLE_GLOBAL_BASELINE,HF9g-P5,,,,X 全窗基线 · 不参与实体赏罚,3927069,393,A168_HF9F_20260827_0900,2026-08-27 09:00:00
2026-05-11,91797317,1990,0,21.0061968281,-21.0061968281,-21.0061968281,0E-7,1,1,0.49324550000000000,0.493245500000,-0.9865810262130424,-0.9865810262130424,-0.9865810262130424,0E-17,ELIGIBLE,R03b_20260811_FULL_v1,L1_ELIGIBILITY,v2026-08-11,2026-03-21..2026-08-06,baccarat_bet02_101_all_pairs_incl_sentinel,round_win = game_pnl > 0 (decisive only),COMPATIBILITY_ONLY_NOT_PRODUCTION,21006.2458,18687.5319,-61.6222,1247,1247,0.00293352,-0.13859161,0.00938335,0.00293352,61.6222,21006.2458,OK,0.0000,-2.4649,4.0000,96.0000,AG03-UNRESOLVED,ALL5_LEVELS_bet23_to_bet27,-2.4649,-2.4649,-2.4649,-4.3136,-4.3136,4.000000,4.000000,4.000000,7.000000,7.000000,96.000000,96.000000,96.000000,93.000000,93.000000,5.0,-16.0218,-14.4684,-45.6004,-47.1538,PENDING_AG03,FALSE,NOT_FOR_ENFORCEMENT,-59.1573,17940.0307,-61.6222,-59.1573,-2.4649,-0.00293352,-0.00281618,-2.4649,-59.1573,-0.00281618,-2.4649,-2.4649,-2.4649,-4.3136,-4.3136,-59.1573,-0.00281618,-16.0218,-14.4684,-45.6004,-47.1538,-0.00217080,-0.00224475,-0.00011734,16.8454,14.9860,-0.0494,-0.6419,-0.0525,218.8151,12.9896,13.0801,17.0694,10.3857,11.0045,21.0062,31.5093,42.0124,42.1647,10.5412,0.0,3.81775,3.831594,1.530778,30,171,130,2,0.04358735,-0.00293352,0.13859161,0E-8,0.000000,0.889618,0.000000,-0.14797496,2026-03-22,2026-08-05,96,1173,774,137,0.700730,0.766291,0.776478,0.145291,,,,,,,,GLOBAL_BASELINE_NO_ENTITY_RANKING,,,NOT_APPLICABLE_GLOBAL_BASELINE,HF9g-P5,,,,X 全窗基线 · 不参与实体赏罚,3927070,393,A168_HF9F_20260827_0900,2026-08-27 09:00:00
2026-05-11,91797317,2106,0,21.0061968281,-21.0061968281,-21.0061968281,0E-7,1,1,0.49324550000000000,0.493245500000,-0.9865810262130424,-0.9865810262130424,-0.9865810262130424,0E-17,ELIGIBLE,R03b_20260811_FULL_v1,L1_ELIGIBILITY,v2026-08-11,2026-03-21..2026-08-06,baccarat_bet02_101_all_pairs_incl_sentinel,round_win = game_pnl > 0 (decisive only),COMPATIBILITY_ONLY_NOT_PRODUCTION,21006.2458,18687.5319,-61.6222,1247,1247,0.00293352,-0.13859161,0.00938335,0.00293352,61.6222,21006.2458,OK,0.0000,-2.4649,4.0000,96.0000,AG03-UNRESOLVED,ALL5_LEVELS_bet23_to_bet27,-2.4649,-2.4649,-2.4649,-4.3136,-4.3136,4.000000,4.000000,4.000000,7.000000,7.000000,96.000000,96.000000,96.000000,93.000000,93.000000,5.0,-16.0218,-14.4684,-45.6004,-47.1538,PENDING_AG03,FALSE,NOT_FOR_ENFORCEMENT,-59.1573,17940.0307,-61.6222,-59.1573,-2.4649,-0.00293352,-0.00281618,-2.4649,-59.1573,-0.00281618,-2.4649,-2.4649,-2.4649,-4.3136,-4.3136,-59.1573,-0.00281618,-16.0218,-14.4684,-45.6004,-47.1538,-0.00217080,-0.00224475,-0.00011734,16.8454,14.9860,-0.0494,-0.6419,-0.0525,218.8151,12.9896,13.0801,17.0694,10.3857,11.0045,21.0062,31.5093,42.0124,42.1647,10.5412,0.0,3.81775,3.831594,1.530778,30,171,130,2,0.04358735,-0.00293352,0.13859161,0E-8,0.000000,0.889618,0.000000,-0.14797496,2026-03-22,2026-08-05,96,1173,774,137,0.700730,0.766291,0.776478,0.145291,,,,,,,,GLOBAL_BASELINE_NO_ENTITY_RANKING,,,NOT_APPLICABLE_GLOBAL_BASELINE,HF9g-P5,,,,X 全窗基线 · 不参与实体赏罚,3927071,393,A168_HF9F_20260827_0900,2026-08-27 09:00:00
2026-05-11,91797317,2121,0,42.0123936561,-42.0123936561,-42.0123936561,0E-7,1,1,0.49324550000000000,0.493245500000,-0.9865810262130424,-0.9865810262130424,-0.9865810262130424,0E-17,ELIGIBLE,R03b_20260811_FULL_v1,L1_ELIGIBILITY,v2026-08-11,2026-03-21..2026-08-06,baccarat_bet02_101_all_pairs_incl_sentinel,round_win = game_pnl > 0 (decisive only),COMPATIBILITY_ONLY_NOT_PRODUCTION,21006.2458,18687.5319,-61.6222,1247,1247,0.00293352,-0.13859161,0.00938335,0.00293352,61.6222,21006.2458,OK,0.0000,-2.4649,4.0000,96.0000,AG03-UNRESOLVED,ALL5_LEVELS_bet23_to_bet27,-2.4649,-2.4649,-2.4649,-4.3136,-4.3136,4.000000,4.000000,4.000000,7.000000,7.000000,96.000000,96.000000,96.000000,93.000000,93.000000,5.0,-16.0218,-14.4684,-45.6004,-47.1538,PENDING_AG03,FALSE,NOT_FOR_ENFORCEMENT,-59.1573,17940.0307,-61.6222,-59.1573,-2.4649,-0.00293352,-0.00281618,-2.4649,-59.1573,-0.00281618,-2.4649,-2.4649,-2.4649,-4.3136,-4.3136,-59.1573,-0.00281618,-16.0218,-14.4684,-45.6004,-47.1538,-0.00217080,-0.00224475,-0.00011734,16.8454,14.9860,-0.0494,-0.6419,-0.0525,218.8151,12.9896,13.0801,17.0694,10.3857,11.0045,21.0062,31.5093,42.0124,42.1647,10.5412,0.0,3.81775,3.831594,1.530778,30,171,130,2,0.04358735,-0.00293352,0.13859161,0E-8,0.000000,0.889618,0.000000,-0.14797496,2026-03-22,2026-08-05,96,1173,774,137,0.700730,0.766291,0.776478,0.145291,,,,,,,,GLOBAL_BASELINE_NO_ENTITY_RANKING,,,NOT_APPLICABLE_GLOBAL_BASELINE,HF9g-P5,,,,X 全窗基线 · 不参与实体赏罚,3927072,393,A168_HF9F_20260827_0900,2026-08-27 09:00:00
2026-05-11,91797317,2171,0,31.5092952421,-10.5030984141,-10.5030984141,0.5000000,2,2,0.49324550000000000,0.493245500000,0.01910635448239258,0.01910635448239258,0.01910635448239258,0E-17,ELIGIBLE,R03b_20260811_FULL_v1,L1_ELIGIBILITY,v2026-08-11,2026-03-21..2026-08-06,baccarat_bet02_101_all_pairs_incl_sentinel,round_win = game_pnl > 0 (decisive only),COMPATIBILITY_ONLY_NOT_PRODUCTION,21006.2458,18687.5319,-61.6222,1247,1247,0.00293352,-0.13859161,0.00938335,0.00293352,61.6222,21006.2458,OK,0.0000,-2.4649,4.0000,96.0000,AG03-UNRESOLVED,ALL5_LEVELS_bet23_to_bet27,-2.4649,-2.4649,-2.4649,-4.3136,-4.3136,4.000000,4.000000,4.000000,7.000000,7.000000,96.000000,96.000000,96.000000,93.000000,93.000000,5.0,-16.0218,-14.4684,-45.6004,-47.1538,PENDING_AG03,FALSE,NOT_FOR_ENFORCEMENT,-59.1573,17940.0307,-61.6222,-59.1573,-2.4649,-0.00293352,-0.00281618,-2.4649,-59.1573,-0.00281618,-2.4649,-2.4649,-2.4649,-4.3136,-4.3136,-59.1573,-0.00281618,-16.0218,-14.4684,-45.6004,-47.1538,-0.00217080,-0.00224475,-0.00011734,16.8454,14.9860,-0.0494,-0.6419,-0.0525,218.8151,12.9896,13.0801,17.0694,10.3857,11.0045,21.0062,31.5093,42.0124,42.1647,10.5412,0.0,3.81775,3.831594,1.530778,30,171,130,2,0.04358735,-0.00293352,0.13859161,0E-8,0.000000,0.889618,0.000000,-0.14797496,2026-03-22,2026-08-05,96,1173,774,137,0.700730,0.766291,0.776478,0.145291,,,,,,,,GLOBAL_BASELINE_NO_ENTITY_RANKING,,,NOT_APPLICABLE_GLOBAL_BASELINE,HF9g-P5,,,,X 全窗基线 · 不参与实体赏罚,3927073,393,A168_HF9F_20260827_0900,2026-08-27 09:00:00
2026-05-11,91797317,2223,0,31.5092952421,-31.5092952421,-31.5092952421,0E-7,1,1,0.49324550000000000,0.493245500000,-0.9865810262130424,-0.9865810262130424,-0.9865810262130424,0E-17,ELIGIBLE,R03b_20260811_FULL_v1,L1_ELIGIBILITY,v2026-08-11,2026-03-21..2026-08-06,baccarat_bet02_101_all_pairs_incl_sentinel,round_win = game_pnl > 0 (decisive only),COMPATIBILITY_ONLY_NOT_PRODUCTION,21006.2458,18687.5319,-61.6222,1247,1247,0.00293352,-0.13859161,0.00938335,0.00293352,61.6222,21006.2458,OK,0.0000,-2.4649,4.0000,96.0000,AG03-UNRESOLVED,ALL5_LEVELS_bet23_to_bet27,-2.4649,-2.4649,-2.4649,-4.3136,-4.3136,4.000000,4.000000,4.000000,7.000000,7.000000,96.000000,96.000000,96.000000,93.000000,93.000000,5.0,-16.0218,-14.4684,-45.6004,-47.1538,PENDING_AG03,FALSE,NOT_FOR_ENFORCEMENT,-59.1573,17940.0307,-61.6222,-59.1573,-2.4649,-0.00293352,-0.00281618,-2.4649,-59.1573,-0.00281618,-2.4649,-2.4649,-2.4649,-4.3136,-4.3136,-59.1573,-0.00281618,-16.0218,-14.4684,-45.6004,-47.1538,-0.00217080,-0.00224475,-0.00011734,16.8454,14.9860,-0.0494,-0.6419,-0.0525,218.8151,12.9896,13.0801,17.0694,10.3857,11.0045,21.0062,31.5093,42.0124,42.1647,10.5412,0.0,3.81775,3.831594,1.530778,30,171,130,2,0.04358735,-0.00293352,0.13859161,0E-8,0.000000,0.889618,0.000000,-0.14797496,2026-03-22,2026-08-05,96,1173,774,137,0.700730,0.766291,0.776478,0.145291,,,,,,,,GLOBAL_BASELINE_NO_ENTITY_RANKING,,,NOT_APPLICABLE_GLOBAL_BASELINE,HF9g-P5,,,,X 全窗基线 · 不参与实体赏罚,3927074,393,A168_HF9F_20260827_0900,2026-08-27 09:00:00
2026-05-11,91797317,2233,0,73.5216888982,-10.5030984140,-10.5030984140,0.5000000,2,2,0.49324550000000000,0.493245500000,0.01910635448239258,0.01910635448239258,0.01910635448239258,0E-17,ELIGIBLE,R03b_20260811_FULL_v1,L1_ELIGIBILITY,v2026-08-11,2026-03-21..2026-08-06,baccarat_bet02_101_all_pairs_incl_sentinel,round_win = game_pnl > 0 (decisive only),COMPATIBILITY_ONLY_NOT_PRODUCTION,21006.2458,18687.5319,-61.6222,1247,1247,0.00293352,-0.13859161,0.00938335,0.00293352,61.6222,21006.2458,OK,0.0000,-2.4649,4.0000,96.0000,AG03-UNRESOLVED,ALL5_LEVELS_bet23_to_bet27,-2.4649,-2.4649,-2.4649,-4.3136,-4.3136,4.000000,4.000000,4.000000,7.000000,7.000000,96.000000,96.000000,96.000000,93.000000,93.000000,5.0,-16.0218,-14.4684,-45.6004,-47.1538,PENDING_AG03,FALSE,NOT_FOR_ENFORCEMENT,-59.1573,17940.0307,-61.6222,-59.1573,-2.4649,-0.00293352,-0.00281618,-2.4649,-59.1573,-0.00281618,-2.4649,-2.4649,-2.4649,-4.3136,-4.3136,-59.1573,-0.00281618,-16.0218,-14.4684,-45.6004,-47.1538,-0.00217080,-0.00224475,-0.00011734,16.8454,14.9860,-0.0494,-0.6419,-0.0525,218.8151,12.9896,13.0801,17.0694,10.3857,11.0045,21.0062,31.5093,42.0124,42.1647,10.5412,0.0,3.81775,3.831594,1.530778,30,171,130,2,0.04358735,-0.00293352,0.13859161,0E-8,0.000000,0.889618,0.000000,-0.14797496,2026-03-22,2026-08-05,96,1173,774,137,0.700730,0.766291,0.776478,0.145291,,,,,,,,GLOBAL_BASELINE_NO_ENTITY_RANKING,,,NOT_APPLICABLE_GLOBAL_BASELINE,HF9g-P5,,,,X 全窗基线 · 不参与实体赏罚,3927075,393,A168_HF9F_20260827_0900,2026-08-27 09:00:00
2026-05-11,91797317,2234,0,52.5154920702,52.5154920702,52.5154920702,1.0000000,1,1,0.49324550000000000,0.493245500000,1.01360149184955,1.01360149184955,1.01360149184955,0E-17,ELIGIBLE,R03b_20260811_FULL_v1,L1_ELIGIBILITY,v2026-08-11,2026-03-21..2026-08-06,baccarat_bet02_101_all_pairs_incl_sentinel,round_win = game_pnl > 0 (decisive only),COMPATIBILITY_ONLY_NOT_PRODUCTION,21006.2458,18687.5319,-61.6222,1247,1247,0.00293352,-0.13859161,0.00938335,0.00293352,61.6222,21006.2458,OK,0.0000,-2.4649,4.0000,96.0000,AG03-UNRESOLVED,ALL5_LEVELS_bet23_to_bet27,-2.4649,-2.4649,-2.4649,-4.3136,-4.3136,4.000000,4.000000,4.000000,7.000000,7.000000,96.000000,96.000000,96.000000,93.000000,93.000000,5.0,-16.0218,-14.4684,-45.6004,-47.1538,PENDING_AG03,FALSE,NOT_FOR_ENFORCEMENT,-59.1573,17940.0307,-61.6222,-59.1573,-2.4649,-0.00293352,-0.00281618,-2.4649,-59.1573,-0.00281618,-2.4649,-2.4649,-2.4649,-4.3136,-4.3136,-59.1573,-0.00281618,-16.0218,-14.4684,-45.6004,-47.1538,-0.00217080,-0.00224475,-0.00011734,16.8454,14.9860,-0.0494,-0.6419,-0.0525,218.8151,12.9896,13.0801,17.0694,10.3857,11.0045,21.0062,31.5093,42.0124,42.1647,10.5412,0.0,3.81775,3.831594,1.530778,30,171,130,2,0.04358735,-0.00293352,0.13859161,0E-8,0.000000,0.889618,0.000000,-0.14797496,2026-03-22,2026-08-05,96,1173,774,137,0.700730,0.766291,0.776478,0.145291,,,,,,,,GLOBAL_BASELINE_NO_ENTITY_RANKING,,,NOT_APPLICABLE_GLOBAL_BASELINE,HF9g-P5,,,,X 全窗基线 · 不参与实体赏罚,3927076,393,A168_HF9F_20260827_0900,2026-08-27 09:00:00
2026-05-11,91797317,2258,0,21.0061968281,21.0061968281,21.0061968281,1.0000000,1,1,0.49324550000000000,0.493245500000,1.01360149184955,1.01360149184955,1.01360149184955,0E-17,ELIGIBLE,R03b_20260811_FULL_v1,L1_ELIGIBILITY,v2026-08-11,2026-03-21..2026-08-06,baccarat_bet02_101_all_pairs_incl_sentinel,round_win = game_pnl > 0 (decisive only),COMPATIBILITY_ONLY_NOT_PRODUCTION,21006.2458,18687.5319,-61.6222,1247,1247,0.00293352,-0.13859161,0.00938335,0.00293352,61.6222,21006.2458,OK,0.0000,-2.4649,4.0000,96.0000,AG03-UNRESOLVED,ALL5_LEVELS_bet23_to_bet27,-2.4649,-2.4649,-2.4649,-4.3136,-4.3136,4.000000,4.000000,4.000000,7.000000,7.000000,96.000000,96.000000,96.000000,93.000000,93.000000,5.0,-16.0218,-14.4684,-45.6004,-47.1538,PENDING_AG03,FALSE,NOT_FOR_ENFORCEMENT,-59.1573,17940.0307,-61.6222,-59.1573,-2.4649,-0.00293352,-0.00281618,-2.4649,-59.1573,-0.00281618,-2.4649,-2.4649,-2.4649,-4.3136,-4.3136,-59.1573,-0.00281618,-16.0218,-14.4684,-45.6004,-47.1538,-0.00217080,-0.00224475,-0.00011734,16.8454,14.9860,-0.0494,-0.6419,-0.0525,218.8151,12.9896,13.0801,17.0694,10.3857,11.0045,21.0062,31.5093,42.0124,42.1647,10.5412,0.0,3.81775,3.831594,1.530778,30,171,130,2,0.04358735,-0.00293352,0.13859161,0E-8,0.000000,0.889618,0.000000,-0.14797496,2026-03-22,2026-08-05,96,1173,774,137,0.700730,0.766291,0.776478,0.145291,,,,,,,,GLOBAL_BASELINE_NO_ENTITY_RANKING,,,NOT_APPLICABLE_GLOBAL_BASELINE,HF9g-P5,,,,X 全窗基线 · 不参与实体赏罚,3927077,393,A168_HF9F_20260827_0900,2026-08-27 09:00:00
2026-05-12,91797317,-1,1,73.5216888983,10.5030984141,10.5030984141,0.5000000,4,4,0.49324550000000000,0.493245500000,0.027020465636507562,0.027020465636507562,0.027020465636507562,0E-17,SENTINEL_DEALER,R03b_20260811_FULL_v1,L1_ELIGIBILITY,v2026-08-11,2026-03-21..2026-08-06,baccarat_bet02_101_all_pairs_incl_sentinel,round_win = game_pnl > 0 (decisive only),COMPATIBILITY_ONLY_NOT_PRODUCTION,21006.2458,18687.5319,-61.6222,1247,1247,0.00293352,-0.13859161,0.00938335,0.00293352,61.6222,21006.2458,OK,0.0000,-2.4649,4.0000,96.0000,AG03-UNRESOLVED,ALL5_LEVELS_bet23_to_bet27,-2.4649,-2.4649,-2.4649,-4.3136,-4.3136,4.000000,4.000000,4.000000,7.000000,7.000000,96.000000,96.000000,96.000000,93.000000,93.000000,5.0,-16.0218,-14.4684,-45.6004,-47.1538,PENDING_AG03,FALSE,NOT_FOR_ENFORCEMENT,-59.1573,17940.0307,-61.6222,-59.1573,-2.4649,-0.00293352,-0.00281618,-2.4649,-59.1573,-0.00281618,-2.4649,-2.4649,-2.4649,-4.3136,-4.3136,-59.1573,-0.00281618,-16.0218,-14.4684,-45.6004,-47.1538,-0.00217080,-0.00224475,-0.00011734,16.8454,14.9860,-0.0494,-0.6419,-0.0525,218.8151,12.9896,13.0801,17.0694,10.3857,11.0045,21.0062,31.5093,42.0124,42.1647,10.5412,0.0,3.81775,3.831594,1.530778,30,171,130,2,0.04358735,-0.00293352,0.13859161,0E-8,0.000000,0.889618,0.000000,-0.14797496,2026-03-22,2026-08-05,96,1173,774,137,0.700730,0.766291,0.776478,0.145291,,,,,,,,GLOBAL_BASELINE_NO_ENTITY_RANKING,,,NOT_APPLICABLE_GLOBAL_BASELINE,HF9g-P5,,,,X 全窗基线 · 不参与实体赏罚,3927078,393,A168_HF9F_20260827_0900,2026-08-27 09:00:00
2026-05-12,91797317,1396,0,10.5030984140,10.5030984140,10.5030984140,1.0000000,1,1,0.49324550000000000,0.493245500000,1.01360149184955,1.01360149184955,1.01360149184955,0E-17,ELIGIBLE,R03b_20260811_FULL_v1,L1_ELIGIBILITY,v2026-08-11,2026-03-21..2026-08-06,baccarat_bet02_101_all_pairs_incl_sentinel,round_win = game_pnl > 0 (decisive only),COMPATIBILITY_ONLY_NOT_PRODUCTION,21006.2458,18687.5319,-61.6222,1247,1247,0.00293352,-0.13859161,0.00938335,0.00293352,61.6222,21006.2458,OK,0.0000,-2.4649,4.0000,96.0000,AG03-UNRESOLVED,ALL5_LEVELS_bet23_to_bet27,-2.4649,-2.4649,-2.4649,-4.3136,-4.3136,4.000000,4.000000,4.000000,7.000000,7.000000,96.000000,96.000000,96.000000,93.000000,93.000000,5.0,-16.0218,-14.4684,-45.6004,-47.1538,PENDING_AG03,FALSE,NOT_FOR_ENFORCEMENT,-59.1573,17940.0307,-61.6222,-59.1573,-2.4649,-0.00293352,-0.00281618,-2.4649,-59.1573,-0.00281618,-2.4649,-2.4649,-2.4649,-4.3136,-4.3136,-59.1573,-0.00281618,-16.0218,-14.4684,-45.6004,-47.1538,-0.00217080,-0.00224475,-0.00011734,16.8454,14.9860,-0.0494,-0.6419,-0.0525,218.8151,12.9896,13.0801,17.0694,10.3857,11.0045,21.0062,31.5093,42.0124,42.1647,10.5412,0.0,3.81775,3.831594,1.530778,30,171,130,2,0.04358735,-0.00293352,0.13859161,0E-8,0.000000,0.889618,0.000000,-0.14797496,2026-03-22,2026-08-05,96,1173,774,137,0.700730,0.766291,0.776478,0.145291,,,,,,,,GLOBAL_BASELINE_NO_ENTITY_RANKING,,,NOT_APPLICABLE_GLOBAL_BASELINE,HF9g-P5,,,,X 全窗基线 · 不参与实体赏罚,3927079,393,A168_HF9F_20260827_0900,2026-08-27 09:00:00
2026-05-12,91797317,1490,0,21.0061968281,-21.0061968281,-21.0061968281,0E-7,1,1,0.49324550000000000,0.493245500000,-0.9865810262130424,-0.9865810262130424,-0.9865810262130424,0E-17,ELIGIBLE,R03b_20260811_FULL_v1,L1_ELIGIBILITY,v2026-08-11,2026-03-21..2026-08-06,baccarat_bet02_101_all_pairs_incl_sentinel,round_win = game_pnl > 0 (decisive only),COMPATIBILITY_ONLY_NOT_PRODUCTION,21006.2458,18687.5319,-61.6222,1247,1247,0.00293352,-0.13859161,0.00938335,0.00293352,61.6222,21006.2458,OK,0.0000,-2.4649,4.0000,96.0000,AG03-UNRESOLVED,ALL5_LEVELS_bet23_to_bet27,-2.4649,-2.4649,-2.4649,-4.3136,-4.3136,4.000000,4.000000,4.000000,7.000000,7.000000,96.000000,96.000000,96.000000,93.000000,93.000000,5.0,-16.0218,-14.4684,-45.6004,-47.1538,PENDING_AG03,FALSE,NOT_FOR_ENFORCEMENT,-59.1573,17940.0307,-61.6222,-59.1573,-2.4649,-0.00293352,-0.00281618,-2.4649,-59.1573,-0.00281618,-2.4649,-2.4649,-2.4649,-4.3136,-4.3136,-59.1573,-0.00281618,-16.0218,-14.4684,-45.6004,-47.1538,-0.00217080,-0.00224475,-0.00011734,16.8454,14.9860,-0.0494,-0.6419,-0.0525,218.8151,12.9896,13.0801,17.0694,10.3857,11.0045,21.0062,31.5093,42.0124,42.1647,10.5412,0.0,3.81775,3.831594,1.530778,30,171,130,2,0.04358735,-0.00293352,0.13859161,0E-8,0.000000,0.889618,0.000000,-0.14797496,2026-03-22,2026-08-05,96,1173,774,137,0.700730,0.766291,0.776478,0.145291,,,,,,,,GLOBAL_BASELINE_NO_ENTITY_RANKING,,,NOT_APPLICABLE_GLOBAL_BASELINE,HF9g-P5,,,,X 全窗基线 · 不参与实体赏罚,3927080,393,A168_HF9F_20260827_0900,2026-08-27 09:00:00
2026-05-12,91797317,1966,0,21.0061968281,-21.0061968281,-21.0061968281,0E-7,1,1,0.49324550000000000,0.493245500000,-0.9865810262130424,-0.9865810262130424,-0.9865810262130424,0E-17,ELIGIBLE,R03b_20260811_FULL_v1,L1_ELIGIBILITY,v2026-08-11,2026-03-21..2026-08-06,baccarat_bet02_101_all_pairs_incl_sentinel,round_win = game_pnl > 0 (decisive only),COMPATIBILITY_ONLY_NOT_PRODUCTION,21006.2458,18687.5319,-61.6222,1247,1247,0.00293352,-0.13859161,0.00938335,0.00293352,61.6222,21006.2458,OK,0.0000,-2.4649,4.0000,96.0000,AG03-UNRESOLVED,ALL5_LEVELS_bet23_to_bet27,-2.4649,-2.4649,-2.4649,-4.3136,-4.3136,4.000000,4.000000,4.000000,7.000000,7.000000,96.000000,96.000000,96.000000,93.000000,93.000000,5.0,-16.0218,-14.4684,-45.6004,-47.1538,PENDING_AG03,FALSE,NOT_FOR_ENFORCEMENT,-59.1573,17940.0307,-61.6222,-59.1573,-2.4649,-0.00293352,-0.00281618,-2.4649,-59.1573,-0.00281618,-2.4649,-2.4649,-2.4649,-4.3136,-4.3136,-59.1573,-0.00281618,-16.0218,-14.4684,-45.6004,-47.1538,-0.00217080,-0.00224475,-0.00011734,16.8454,14.9860,-0.0494,-0.6419,-0.0525,218.8151,12.9896,13.0801,17.0694,10.3857,11.0045,21.0062,31.5093,42.0124,42.1647,10.5412,0.0,3.81775,3.831594,1.530778,30,171,130,2,0.04358735,-0.00293352,0.13859161,0E-8,0.000000,0.889618,0.000000,-0.14797496,2026-03-22,2026-08-05,96,1173,774,137,0.700730,0.766291,0.776478,0.145291,,,,,,,,GLOBAL_BASELINE_NO_ENTITY_RANKING,,,NOT_APPLICABLE_GLOBAL_BASELINE,HF9g-P5,,,,X 全窗基线 · 不参与实体赏罚,3927081,393,A168_HF9F_20260827_0900,2026-08-27 09:00:00
2026-05-12,91797317,2123,0,21.0061968281,21.0061968281,21.0061968281,1.0000000,1,1,0.49324550000000000,0.493245500000,1.01360149184955,1.01360149184955,1.01360149184955,0E-17,ELIGIBLE,R03b_20260811_FULL_v1,L1_ELIGIBILITY,v2026-08-11,2026-03-21..2026-08-06,baccarat_bet02_101_all_pairs_incl_sentinel,round_win = game_pnl > 0 (decisive only),COMPATIBILITY_ONLY_NOT_PRODUCTION,21006.2458,18687.5319,-61.6222,1247,1247,0.00293352,-0.13859161,0.00938335,0.00293352,61.6222,21006.2458,OK,0.0000,-2.4649,4.0000,96.0000,AG03-UNRESOLVED,ALL5_LEVELS_bet23_to_bet27,-2.4649,-2.4649,-2.4649,-4.3136,-4.3136,4.000000,4.000000,4.000000,7.000000,7.000000,96.000000,96.000000,96.000000,93.000000,93.000000,5.0,-16.0218,-14.4684,-45.6004,-47.1538,PENDING_AG03,FALSE,NOT_FOR_ENFORCEMENT,-59.1573,17940.0307,-61.6222,-59.1573,-2.4649,-0.00293352,-0.00281618,-2.4649,-59.1573,-0.00281618,-2.4649,-2.4649,-2.4649,-4.3136,-4.3136,-59.1573,-0.00281618,-16.0218,-14.4684,-45.6004,-47.1538,-0.00217080,-0.00224475,-0.00011734,16.8454,14.9860,-0.0494,-0.6419,-0.0525,218.8151,12.9896,13.0801,17.0694,10.3857,11.0045,21.0062,31.5093,42.0124,42.1647,10.5412,0.0,3.81775,3.831594,1.530778,30,171,130,2,0.04358735,-0.00293352,0.13859161,0E-8,0.000000,0.889618,0.000000,-0.14797496,2026-03-22,2026-08-05,96,1173,774,137,0.700730,0.766291,0.776478,0.145291,,,,,,,,GLOBAL_BASELINE_NO_ENTITY_RANKING,,,NOT_APPLICABLE_GLOBAL_BASELINE,HF9g-P5,,,,X 全窗基线 · 不参与实体赏罚,3927082,393,A168_HF9F_20260827_0900,2026-08-27 09:00:00
2026-05-12,91797317,2160,0,21.0061968281,-21.0061968281,-21.0061968281,0E-7,1,1,0.49324550000000000,0.493245500000,-0.9865810262130424,-0.9865810262130424,-0.9865810262130424,0E-17,ELIGIBLE,R03b_20260811_FULL_v1,L1_ELIGIBILITY,v2026-08-11,2026-03-21..2026-08-06,baccarat_bet02_101_all_pairs_incl_sentinel,round_win = game_pnl > 0 (decisive only),COMPATIBILITY_ONLY_NOT_PRODUCTION,21006.2458,18687.5319,-61.6222,1247,1247,0.00293352,-0.13859161,0.00938335,0.00293352,61.6222,21006.2458,OK,0.0000,-2.4649,4.0000,96.0000,AG03-UNRESOLVED,ALL5_LEVELS_bet23_to_bet27,-2.4649,-2.4649,-2.4649,-4.3136,-4.3136,4.000000,4.000000,4.000000,7.000000,7.000000,96.000000,96.000000,96.000000,93.000000,93.000000,5.0,-16.0218,-14.4684,-45.6004,-47.1538,PENDING_AG03,FALSE,NOT_FOR_ENFORCEMENT,-59.1573,17940.0307,-61.6222,-59.1573,-2.4649,-0.00293352,-0.00281618,-2.4649,-59.1573,-0.00281618,-2.4649,-2.4649,-2.4649,-4.3136,-4.3136,-59.1573,-0.00281618,-16.0218,-14.4684,-45.6004,-47.1538,-0.00217080,-0.00224475,-0.00011734,16.8454,14.9860,-0.0494,-0.6419,-0.0525,218.8151,12.9896,13.0801,17.0694,10.3857,11.0045,21.0062,31.5093,42.0124,42.1647,10.5412,0.0,3.81775,3.831594,1.530778,30,171,130,2,0.04358735,-0.00293352,0.13859161,0E-8,0.000000,0.889618,0.000000,-0.14797496,2026-03-22,2026-08-05,96,1173,774,137,0.700730,0.766291,0.776478,0.145291,,,,,,,,GLOBAL_BASELINE_NO_ENTITY_RANKING,,,NOT_APPLICABLE_GLOBAL_BASELINE,HF9g-P5,,,,X 全窗基线 · 不参与实体赏罚,3927083,393,A168_HF9F_20260827_0900,2026-08-27 09:00:00
2026-05-12,91797317,2196,0,21.0061968281,-21.0061968281,-21.0061968281,0E-7,1,1,0.49324550000000000,0.493245500000,-0.9865810262130424,-0.9865810262130424,-0.9865810262130424,0E-17,ELIGIBLE,R03b_20260811_FULL_v1,L1_ELIGIBILITY,v2026-08-11,2026-03-21..2026-08-06,baccarat_bet02_101_all_pairs_incl_sentinel,round_win = game_pnl > 0 (decisive only),COMPATIBILITY_ONLY_NOT_PRODUCTION,21006.2458,18687.5319,-61.6222,1247,1247,0.00293352,-0.13859161,0.00938335,0.00293352,61.6222,21006.2458,OK,0.0000,-2.4649,4.0000,96.0000,AG03-UNRESOLVED,ALL5_LEVELS_bet23_to_bet27,-2.4649,-2.4649,-2.4649,-4.3136,-4.3136,4.000000,4.000000,4.000000,7.000000,7.000000,96.000000,96.000000,96.000000,93.000000,93.000000,5.0,-16.0218,-14.4684,-45.6004,-47.1538,PENDING_AG03,FALSE,NOT_FOR_ENFORCEMENT,-59.1573,17940.0307,-61.6222,-59.1573,-2.4649,-0.00293352,-0.00281618,-2.4649,-59.1573,-0.00281618,-2.4649,-2.4649,-2.4649,-4.3136,-4.3136,-59.1573,-0.00281618,-16.0218,-14.4684,-45.6004,-47.1538,-0.00217080,-0.00224475,-0.00011734,16.8454,14.9860,-0.0494,-0.6419,-0.0525,218.8151,12.9896,13.0801,17.0694,10.3857,11.0045,21.0062,31.5093,42.0124,42.1647,10.5412,0.0,3.81775,3.831594,1.530778,30,171,130,2,0.04358735,-0.00293352,0.13859161,0E-8,0.000000,0.889618,0.000000,-0.14797496,2026-03-22,2026-08-05,96,1173,774,137,0.700730,0.766291,0.776478,0.145291,,,,,,,,GLOBAL_BASELINE_NO_ENTITY_RANKING,,,NOT_APPLICABLE_GLOBAL_BASELINE,HF9g-P5,,,,X 全窗基线 · 不参与实体赏罚,3927084,393,A168_HF9F_20260827_0900,2026-08-27 09:00:00
2026-05-12,91797317,2223,0,21.0061968281,-21.0061968281,-21.0061968281,0E-7,1,1,0.49324550000000000,0.493245500000,-0.9865810262130424,-0.9865810262130424,-0.9865810262130424,0E-17,ELIGIBLE,R03b_20260811_FULL_v1,L1_ELIGIBILITY,v2026-08-11,2026-03-21..2026-08-06,baccarat_bet02_101_all_pairs_incl_sentinel,round_win = game_pnl > 0 (decisive only),COMPATIBILITY_ONLY_NOT_PRODUCTION,21006.2458,18687.5319,-61.6222,1247,1247,0.00293352,-0.13859161,0.00938335,0.00293352,61.6222,21006.2458,OK,0.0000,-2.4649,4.0000,96.0000,AG03-UNRESOLVED,ALL5_LEVELS_bet23_to_bet27,-2.4649,-2.4649,-2.4649,-4.3136,-4.3136,4.000000,4.000000,4.000000,7.000000,7.000000,96.000000,96.000000,96.000000,93.000000,93.000000,5.0,-16.0218,-14.4684,-45.6004,-47.1538,PENDING_AG03,FALSE,NOT_FOR_ENFORCEMENT,-59.1573,17940.0307,-61.6222,-59.1573,-2.4649,-0.00293352,-0.00281618,-2.4649,-59.1573,-0.00281618,-2.4649,-2.4649,-2.4649,-4.3136,-4.3136,-59.1573,-0.00281618,-16.0218,-14.4684,-45.6004,-47.1538,-0.00217080,-0.00224475,-0.00011734,16.8454,14.9860,-0.0494,-0.6419,-0.0525,218.8151,12.9896,13.0801,17.0694,10.3857,11.0045,21.0062,31.5093,42.0124,42.1647,10.5412,0.0,3.81775,3.831594,1.530778,30,171,130,2,0.04358735,-0.00293352,0.13859161,0E-8,0.000000,0.889618,0.000000,-0.14797496,2026-03-22,2026-08-05,96,1173,774,137,0.700730,0.766291,0.776478,0.145291,,,,,,,,GLOBAL_BASELINE_NO_ENTITY_RANKING,,,NOT_APPLICABLE_GLOBAL_BASELINE,HF9g-P5,,,,X 全窗基线 · 不参与实体赏罚,3927085,393,A168_HF9F_20260827_0900,2026-08-27 09:00:00
2026-05-13,91797317,-1,1,594.4753702342,99.4643419810,99.4643419810,0.6086957,25,25,0.49592654000000000,0.495926540000,1.0816792234068655,1.0816792234068655,1.0816792234068655,0E-17,SENTINEL_DEALER,R03b_20260811_FULL_v1,L1_ELIGIBILITY,v2026-08-11,2026-03-21..2026-08-06,baccarat_bet02_101_all_pairs_incl_sentinel,round_win = game_pnl > 0 (decisive only),COMPATIBILITY_ONLY_NOT_PRODUCTION,21006.2458,18687.5319,-61.6222,1247,1247,0.00293352,-0.13859161,0.00938335,0.00293352,61.6222,21006.2458,OK,0.0000,-2.4649,4.0000,96.0000,AG03-UNRESOLVED,ALL5_LEVELS_bet23_to_bet27,-2.4649,-2.4649,-2.4649,-4.3136,-4.3136,4.000000,4.000000,4.000000,7.000000,7.000000,96.000000,96.000000,96.000000,93.000000,93.000000,5.0,-16.0218,-14.4684,-45.6004,-47.1538,PENDING_AG03,FALSE,NOT_FOR_ENFORCEMENT,-59.1573,17940.0307,-61.6222,-59.1573,-2.4649,-0.00293352,-0.00281618,-2.4649,-59.1573,-0.00281618,-2.4649,-2.4649,-2.4649,-4.3136,-4.3136,-59.1573,-0.00281618,-16.0218,-14.4684,-45.6004,-47.1538,-0.00217080,-0.00224475,-0.00011734,16.8454,14.9860,-0.0494,-0.6419,-0.0525,218.8151,12.9896,13.0801,17.0694,10.3857,11.0045,21.0062,31.5093,42.0124,42.1647,10.5412,0.0,3.81775,3.831594,1.530778,30,171,130,2,0.04358735,-0.00293352,0.13859161,0E-8,0.000000,0.889618,0.000000,-0.14797496,2026-03-22,2026-08-05,96,1173,774,137,0.700730,0.766291,0.776478,0.145291,,,,,,,,GLOBAL_BASELINE_NO_ENTITY_RANKING,,,NOT_APPLICABLE_GLOBAL_BASELINE,HF9g-P5,,,,X 全窗基线 · 不参与实体赏罚,3927086,393,A168_HF9F_20260827_0900,2026-08-27 09:00:00
2026-05-13,91797317,1004,0,10.5030984140,10.5030984140,10.5030984140,1.0000000,1,1,0.49324550000000000,0.493245500000,1.01360149184955,1.01360149184955,1.01360149184955,0E-17,ELIGIBLE,R03b_20260811_FULL_v1,L1_ELIGIBILITY,v2026-08-11,2026-03-21..2026-08-06,baccarat_bet02_101_all_pairs_incl_sentinel,round_win = game_pnl > 0 (decisive only),COMPATIBILITY_ONLY_NOT_PRODUCTION,21006.2458,18687.5319,-61.6222,1247,1247,0.00293352,-0.13859161,0.00938335,0.00293352,61.6222,21006.2458,OK,0.0000,-2.4649,4.0000,96.0000,AG03-UNRESOLVED,ALL5_LEVELS_bet23_to_bet27,-2.4649,-2.4649,-2.4649,-4.3136,-4.3136,4.000000,4.000000,4.000000,7.000000,7.000000,96.000000,96.000000,96.000000,93.000000,93.000000,5.0,-16.0218,-14.4684,-45.6004,-47.1538,PENDING_AG03,FALSE,NOT_FOR_ENFORCEMENT,-59.1573,17940.0307,-61.6222,-59.1573,-2.4649,-0.00293352,-0.00281618,-2.4649,-59.1573,-0.00281618,-2.4649,-2.4649,-2.4649,-4.3136,-4.3136,-59.1573,-0.00281618,-16.0218,-14.4684,-45.6004,-47.1538,-0.00217080,-0.00224475,-0.00011734,16.8454,14.9860,-0.0494,-0.6419,-0.0525,218.8151,12.9896,13.0801,17.0694,10.3857,11.0045,21.0062,31.5093,42.0124,42.1647,10.5412,0.0,3.81775,3.831594,1.530778,30,171,130,2,0.04358735,-0.00293352,0.13859161,0E-8,0.000000,0.889618,0.000000,-0.14797496,2026-03-22,2026-08-05,96,1173,774,137,0.700730,0.766291,0.776478,0.145291,,,,,,,,GLOBAL_BASELINE_NO_ENTITY_RANKING,,,NOT_APPLICABLE_GLOBAL_BASELINE,HF9g-P5,,,,X 全窗基线 · 不参与实体赏罚,3927087,393,A168_HF9F_20260827_0900,2026-08-27 09:00:00
2026-05-13,91797317,1078,0,31.5092952421,0E-10,0E-10,,1,1,0.49324550000000000,0.493245500000,,,,0E-17,NO_DECISIVE_ROUND,R03b_20260811_FULL_v1,L1_ELIGIBILITY,v2026-08-11,2026-03-21..2026-08-06,baccarat_bet02_101_all_pairs_incl_sentinel,round_win = game_pnl > 0 (decisive only),COMPATIBILITY_ONLY_NOT_PRODUCTION,21006.2458,18687.5319,-61.6222,1247,1247,0.00293352,-0.13859161,0.00938335,0.00293352,61.6222,21006.2458,OK,0.0000,-2.4649,4.0000,96.0000,AG03-UNRESOLVED,ALL5_LEVELS_bet23_to_bet27,-2.4649,-2.4649,-2.4649,-4.3136,-4.3136,4.000000,4.000000,4.000000,7.000000,7.000000,96.000000,96.000000,96.000000,93.000000,93.000000,5.0,-16.0218,-14.4684,-45.6004,-47.1538,PENDING_AG03,FALSE,NOT_FOR_ENFORCEMENT,-59.1573,17940.0307,-61.6222,-59.1573,-2.4649,-0.00293352,-0.00281618,-2.4649,-59.1573,-0.00281618,-2.4649,-2.4649,-2.4649,-4.3136,-4.3136,-59.1573,-0.00281618,-16.0218,-14.4684,-45.6004,-47.1538,-0.00217080,-0.00224475,-0.00011734,16.8454,14.9860,-0.0494,-0.6419,-0.0525,218.8151,12.9896,13.0801,17.0694,10.3857,11.0045,21.0062,31.5093,42.0124,42.1647,10.5412,0.0,3.81775,3.831594,1.530778,30,171,130,2,0.04358735,-0.00293352,0.13859161,0E-8,0.000000,0.889618,0.000000,-0.14797496,2026-03-22,2026-08-05,96,1173,774,137,0.700730,0.766291,0.776478,0.145291,,,,,,,,GLOBAL_BASELINE_NO_ENTITY_RANKING,,,NOT_APPLICABLE_GLOBAL_BASELINE,HF9g-P5,,,,X 全窗基线 · 不参与实体赏罚,3927088,393,A168_HF9F_20260827_0900,2026-08-27 09:00:00
2026-05-13,91797317,1151,0,21.0061968281,-21.0061968281,-21.0061968281,0E-7,1,1,0.49324550000000000,0.493245500000,-0.9865810262130424,-0.9865810262130424,-0.9865810262130424,0E-17,ELIGIBLE,R03b_20260811_FULL_v1,L1_ELIGIBILITY,v2026-08-11,2026-03-21..2026-08-06,baccarat_bet02_101_all_pairs_incl_sentinel,round_win = game_pnl > 0 (decisive only),COMPATIBILITY_ONLY_NOT_PRODUCTION,21006.2458,18687.5319,-61.6222,1247,1247,0.00293352,-0.13859161,0.00938335,0.00293352,61.6222,21006.2458,OK,0.0000,-2.4649,4.0000,96.0000,AG03-UNRESOLVED,ALL5_LEVELS_bet23_to_bet27,-2.4649,-2.4649,-2.4649,-4.3136,-4.3136,4.000000,4.000000,4.000000,7.000000,7.000000,96.000000,96.000000,96.000000,93.000000,93.000000,5.0,-16.0218,-14.4684,-45.6004,-47.1538,PENDING_AG03,FALSE,NOT_FOR_ENFORCEMENT,-59.1573,17940.0307,-61.6222,-59.1573,-2.4649,-0.00293352,-0.00281618,-2.4649,-59.1573,-0.00281618,-2.4649,-2.4649,-2.4649,-4.3136,-4.3136,-59.1573,-0.00281618,-16.0218,-14.4684,-45.6004,-47.1538,-0.00217080,-0.00224475,-0.00011734,16.8454,14.9860,-0.0494,-0.6419,-0.0525,218.8151,12.9896,13.0801,17.0694,10.3857,11.0045,21.0062,31.5093,42.0124,42.1647,10.5412,0.0,3.81775,3.831594,1.530778,30,171,130,2,0.04358735,-0.00293352,0.13859161,0E-8,0.000000,0.889618,0.000000,-0.14797496,2026-03-22,2026-08-05,96,1173,774,137,0.700730,0.766291,0.776478,0.145291,,,,,,,,GLOBAL_BASELINE_NO_ENTITY_RANKING,,,NOT_APPLICABLE_GLOBAL_BASELINE,HF9g-P5,,,,X 全窗基线 · 不参与实体赏罚,3927089,393,A168_HF9F_20260827_0900,2026-08-27 09:00:00
2026-05-13,91797317,1210,0,10.5030984140,10.5030984140,10.5030984140,1.0000000,1,1,0.49324550000000000,0.493245500000,1.01360149184955,1.01360149184955,1.01360149184955,0E-17,ELIGIBLE,R03b_20260811_FULL_v1,L1_ELIGIBILITY,v2026-08-11,2026-03-21..2026-08-06,baccarat_bet02_101_all_pairs_incl_sentinel,round_win = game_pnl > 0 (decisive only),COMPATIBILITY_ONLY_NOT_PRODUCTION,21006.2458,18687.5319,-61.6222,1247,1247,0.00293352,-0.13859161,0.00938335,0.00293352,61.6222,21006.2458,OK,0.0000,-2.4649,4.0000,96.0000,AG03-UNRESOLVED,ALL5_LEVELS_bet23_to_bet27,-2.4649,-2.4649,-2.4649,-4.3136,-4.3136,4.000000,4.000000,4.000000,7.000000,7.000000,96.000000,96.000000,96.000000,93.000000,93.000000,5.0,-16.0218,-14.4684,-45.6004,-47.1538,PENDING_AG03,FALSE,NOT_FOR_ENFORCEMENT,-59.1573,17940.0307,-61.6222,-59.1573,-2.4649,-0.00293352,-0.00281618,-2.4649,-59.1573,-0.00281618,-2.4649,-2.4649,-2.4649,-4.3136,-4.3136,-59.1573,-0.00281618,-16.0218,-14.4684,-45.6004,-47.1538,-0.00217080,-0.00224475,-0.00011734,16.8454,14.9860,-0.0494,-0.6419,-0.0525,218.8151,12.9896,13.0801,17.0694,10.3857,11.0045,21.0062,31.5093,42.0124,42.1647,10.5412,0.0,3.81775,3.831594,1.530778,30,171,130,2,0.04358735,-0.00293352,0.13859161,0E-8,0.000000,0.889618,0.000000,-0.14797496,2026-03-22,2026-08-05,96,1173,774,137,0.700730,0.766291,0.776478,0.145291,,,,,,,,GLOBAL_BASELINE_NO_ENTITY_RANKING,,,NOT_APPLICABLE_GLOBAL_BASELINE,HF9g-P5,,,,X 全窗基线 · 不参与实体赏罚,3927090,393,A168_HF9F_20260827_0900,2026-08-27 09:00:00
2026-05-13,91797317,1221,0,21.0061968281,-21.0061968281,-21.0061968281,0E-7,1,1,0.49324550000000000,0.493245500000,-0.9865810262130424,-0.9865810262130424,-0.9865810262130424,0E-17,ELIGIBLE,R03b_20260811_FULL_v1,L1_ELIGIBILITY,v2026-08-11,2026-03-21..2026-08-06,baccarat_bet02_101_all_pairs_incl_sentinel,round_win = game_pnl > 0 (decisive only),COMPATIBILITY_ONLY_NOT_PRODUCTION,21006.2458,18687.5319,-61.6222,1247,1247,0.00293352,-0.13859161,0.00938335,0.00293352,61.6222,21006.2458,OK,0.0000,-2.4649,4.0000,96.0000,AG03-UNRESOLVED,ALL5_LEVELS_bet23_to_bet27,-2.4649,-2.4649,-2.4649,-4.3136,-4.3136,4.000000,4.000000,4.000000,7.000000,7.000000,96.000000,96.000000,96.000000,93.000000,93.000000,5.0,-16.0218,-14.4684,-45.6004,-47.1538,PENDING_AG03,FALSE,NOT_FOR_ENFORCEMENT,-59.1573,17940.0307,-61.6222,-59.1573,-2.4649,-0.00293352,-0.00281618,-2.4649,-59.1573,-0.00281618,-2.4649,-2.4649,-2.4649,-4.3136,-4.3136,-59.1573,-0.00281618,-16.0218,-14.4684,-45.6004,-47.1538,-0.00217080,-0.00224475,-0.00011734,16.8454,14.9860,-0.0494,-0.6419,-0.0525,218.8151,12.9896,13.0801,17.0694,10.3857,11.0045,21.0062,31.5093,42.0124,42.1647,10.5412,0.0,3.81775,3.831594,1.530778,30,171,130,2,0.04358735,-0.00293352,0.13859161,0E-8,0.000000,0.889618,0.000000,-0.14797496,2026-03-22,2026-08-05,96,1173,774,137,0.700730,0.766291,0.776478,0.145291,,,,,,,,GLOBAL_BASELINE_NO_ENTITY_RANKING,,,NOT_APPLICABLE_GLOBAL_BASELINE,HF9g-P5,,,,X 全窗基线 · 不参与实体赏罚,3927091,393,A168_HF9F_20260827_0900,2026-08-27 09:00:00
2026-05-13,91797317,1299,0,21.0061968281,21.0061968281,21.0061968281,1.0000000,1,1,0.49324550000000000,0.493245500000,1.01360149184955,1.01360149184955,1.01360149184955,0E-17,ELIGIBLE,R03b_20260811_FULL_v1,L1_ELIGIBILITY,v2026-08-11,2026-03-21..2026-08-06,baccarat_bet02_101_all_pairs_incl_sentinel,round_win = game_pnl > 0 (decisive only),COMPATIBILITY_ONLY_NOT_PRODUCTION,21006.2458,18687.5319,-61.6222,1247,1247,0.00293352,-0.13859161,0.00938335,0.00293352,61.6222,21006.2458,OK,0.0000,-2.4649,4.0000,96.0000,AG03-UNRESOLVED,ALL5_LEVELS_bet23_to_bet27,-2.4649,-2.4649,-2.4649,-4.3136,-4.3136,4.000000,4.000000,4.000000,7.000000,7.000000,96.000000,96.000000,96.000000,93.000000,93.000000,5.0,-16.0218,-14.4684,-45.6004,-47.1538,PENDING_AG03,FALSE,NOT_FOR_ENFORCEMENT,-59.1573,17940.0307,-61.6222,-59.1573,-2.4649,-0.00293352,-0.00281618,-2.4649,-59.1573,-0.00281618,-2.4649,-2.4649,-2.4649,-4.3136,-4.3136,-59.1573,-0.00281618,-16.0218,-14.4684,-45.6004,-47.1538,-0.00217080,-0.00224475,-0.00011734,16.8454,14.9860,-0.0494,-0.6419,-0.0525,218.8151,12.9896,13.0801,17.0694,10.3857,11.0045,21.0062,31.5093,42.0124,42.1647,10.5412,0.0,3.81775,3.831594,1.530778,30,171,130,2,0.04358735,-0.00293352,0.13859161,0E-8,0.000000,0.889618,0.000000,-0.14797496,2026-03-22,2026-08-05,96,1173,774,137,0.700730,0.766291,0.776478,0.145291,,,,,,,,GLOBAL_BASELINE_NO_ENTITY_RANKING,,,NOT_APPLICABLE_GLOBAL_BASELINE,HF9g-P5,,,,X 全窗基线 · 不参与实体赏罚,3927092,393,A168_HF9F_20260827_0900,2026-08-27 09:00:00
2026-05-13,91797317,1302,0,136.5402793824,-42.0123936561,-42.0123936561,0.3333333,5,5,0.49592654000000000,0.495926540000,-0.5632580825033607,-0.5632580825033607,-0.5632580825033607,0E-17,ELIGIBLE,R03b_20260811_FULL_v1,L1_ELIGIBILITY,v2026-08-11,2026-03-21..2026-08-06,baccarat_bet02_101_all_pairs_incl_sentinel,round_win = game_pnl > 0 (decisive only),COMPATIBILITY_ONLY_NOT_PRODUCTION,21006.2458,18687.5319,-61.6222,1247,1247,0.00293352,-0.13859161,0.00938335,0.00293352,61.6222,21006.2458,OK,0.0000,-2.4649,4.0000,96.0000,AG03-UNRESOLVED,ALL5_LEVELS_bet23_to_bet27,-2.4649,-2.4649,-2.4649,-4.3136,-4.3136,4.000000,4.000000,4.000000,7.000000,7.000000,96.000000,96.000000,96.000000,93.000000,93.000000,5.0,-16.0218,-14.4684,-45.6004,-47.1538,PENDING_AG03,FALSE,NOT_FOR_ENFORCEMENT,-59.1573,17940.0307,-61.6222,-59.1573,-2.4649,-0.00293352,-0.00281618,-2.4649,-59.1573,-0.00281618,-2.4649,-2.4649,-2.4649,-4.3136,-4.3136,-59.1573,-0.00281618,-16.0218,-14.4684,-45.6004,-47.1538,-0.00217080,-0.00224475,-0.00011734,16.8454,14.9860,-0.0494,-0.6419,-0.0525,218.8151,12.9896,13.0801,17.0694,10.3857,11.0045,21.0062,31.5093,42.0124,42.1647,10.5412,0.0,3.81775,3.831594,1.530778,30,171,130,2,0.04358735,-0.00293352,0.13859161,0E-8,0.000000,0.889618,0.000000,-0.14797496,2026-03-22,2026-08-05,96,1173,774,137,0.700730,0.766291,0.776478,0.145291,,,,,,,,GLOBAL_BASELINE_NO_ENTITY_RANKING,,,NOT_APPLICABLE_GLOBAL_BASELINE,HF9g-P5,,,,X 全窗基线 · 不参与实体赏罚,3927093,393,A168_HF9F_20260827_0900,2026-08-27 09:00:00
2026-05-13,91797317,1306,0,31.5092952421,10.5030984141,10.5030984141,0.5000000,2,2,0.49324550000000000,0.493245500000,0.01910635448239258,0.01910635448239258,0.01910635448239258,0E-17,ELIGIBLE,R03b_20260811_FULL_v1,L1_ELIGIBILITY,v2026-08-11,2026-03-21..2026-08-06,baccarat_bet02_101_all_pairs_incl_sentinel,round_win = game_pnl > 0 (decisive only),COMPATIBILITY_ONLY_NOT_PRODUCTION,21006.2458,18687.5319,-61.6222,1247,1247,0.00293352,-0.13859161,0.00938335,0.00293352,61.6222,21006.2458,OK,0.0000,-2.4649,4.0000,96.0000,AG03-UNRESOLVED,ALL5_LEVELS_bet23_to_bet27,-2.4649,-2.4649,-2.4649,-4.3136,-4.3136,4.000000,4.000000,4.000000,7.000000,7.000000,96.000000,96.000000,96.000000,93.000000,93.000000,5.0,-16.0218,-14.4684,-45.6004,-47.1538,PENDING_AG03,FALSE,NOT_FOR_ENFORCEMENT,-59.1573,17940.0307,-61.6222,-59.1573,-2.4649,-0.00293352,-0.00281618,-2.4649,-59.1573,-0.00281618,-2.4649,-2.4649,-2.4649,-4.3136,-4.3136,-59.1573,-0.00281618,-16.0218,-14.4684,-45.6004,-47.1538,-0.00217080,-0.00224475,-0.00011734,16.8454,14.9860,-0.0494,-0.6419,-0.0525,218.8151,12.9896,13.0801,17.0694,10.3857,11.0045,21.0062,31.5093,42.0124,42.1647,10.5412,0.0,3.81775,3.831594,1.530778,30,171,130,2,0.04358735,-0.00293352,0.13859161,0E-8,0.000000,0.889618,0.000000,-0.14797496,2026-03-22,2026-08-05,96,1173,774,137,0.700730,0.766291,0.776478,0.145291,,,,,,,,GLOBAL_BASELINE_NO_ENTITY_RANKING,,,NOT_APPLICABLE_GLOBAL_BASELINE,HF9g-P5,,,,X 全窗基线 · 不参与实体赏罚,3927094,393,A168_HF9F_20260827_0900,2026-08-27 09:00:00
2026-05-13,91797317,1318,0,21.0061968281,-21.0061968281,-21.0061968281,0E-7,1,1,0.49324550000000000,0.493245500000,-0.9865810262130424,-0.9865810262130424,-0.9865810262130424,0E-17,ELIGIBLE,R03b_20260811_FULL_v1,L1_ELIGIBILITY,v2026-08-11,2026-03-21..2026-08-06,baccarat_bet02_101_all_pairs_incl_sentinel,round_win = game_pnl > 0 (decisive only),COMPATIBILITY_ONLY_NOT_PRODUCTION,21006.2458,18687.5319,-61.6222,1247,1247,0.00293352,-0.13859161,0.00938335,0.00293352,61.6222,21006.2458,OK,0.0000,-2.4649,4.0000,96.0000,AG03-UNRESOLVED,ALL5_LEVELS_bet23_to_bet27,-2.4649,-2.4649,-2.4649,-4.3136,-4.3136,4.000000,4.000000,4.000000,7.000000,7.000000,96.000000,96.000000,96.000000,93.000000,93.000000,5.0,-16.0218,-14.4684,-45.6004,-47.1538,PENDING_AG03,FALSE,NOT_FOR_ENFORCEMENT,-59.1573,17940.0307,-61.6222,-59.1573,-2.4649,-0.00293352,-0.00281618,-2.4649,-59.1573,-0.00281618,-2.4649,-2.4649,-2.4649,-4.3136,-4.3136,-59.1573,-0.00281618,-16.0218,-14.4684,-45.6004,-47.1538,-0.00217080,-0.00224475,-0.00011734,16.8454,14.9860,-0.0494,-0.6419,-0.0525,218.8151,12.9896,13.0801,17.0694,10.3857,11.0045,21.0062,31.5093,42.0124,42.1647,10.5412,0.0,3.81775,3.831594,1.530778,30,171,130,2,0.04358735,-0.00293352,0.13859161,0E-8,0.000000,0.889618,0.000000,-0.14797496,2026-03-22,2026-08-05,96,1173,774,137,0.700730,0.766291,0.776478,0.145291,,,,,,,,GLOBAL_BASELINE_NO_ENTITY_RANKING,,,NOT_APPLICABLE_GLOBAL_BASELINE,HF9g-P5,,,,X 全窗基线 · 不参与实体赏罚,3927095,393,A168_HF9F_20260827_0900,2026-08-27 09:00:00
2026-05-13,91797317,1400,0,42.0123936561,42.0123936561,42.0123936561,1.0000000,1,1,0.49324550000000000,0.493245500000,1.01360149184955,1.01360149184955,1.01360149184955,0E-17,ELIGIBLE,R03b_20260811_FULL_v1,L1_ELIGIBILITY,v2026-08-11,2026-03-21..2026-08-06,baccarat_bet02_101_all_pairs_incl_sentinel,round_win = game_pnl > 0 (decisive only),COMPATIBILITY_ONLY_NOT_PRODUCTION,21006.2458,18687.5319,-61.6222,1247,1247,0.00293352,-0.13859161,0.00938335,0.00293352,61.6222,21006.2458,OK,0.0000,-2.4649,4.0000,96.0000,AG03-UNRESOLVED,ALL5_LEVELS_bet23_to_bet27,-2.4649,-2.4649,-2.4649,-4.3136,-4.3136,4.000000,4.000000,4.000000,7.000000,7.000000,96.000000,96.000000,96.000000,93.000000,93.000000,5.0,-16.0218,-14.4684,-45.6004,-47.1538,PENDING_AG03,FALSE,NOT_FOR_ENFORCEMENT,-59.1573,17940.0307,-61.6222,-59.1573,-2.4649,-0.00293352,-0.00281618,-2.4649,-59.1573,-0.00281618,-2.4649,-2.4649,-2.4649,-4.3136,-4.3136,-59.1573,-0.00281618,-16.0218,-14.4684,-45.6004,-47.1538,-0.00217080,-0.00224475,-0.00011734,16.8454,14.9860,-0.0494,-0.6419,-0.0525,218.8151,12.9896,13.0801,17.0694,10.3857,11.0045,21.0062,31.5093,42.0124,42.1647,10.5412,0.0,3.81775,3.831594,1.530778,30,171,130,2,0.04358735,-0.00293352,0.13859161,0E-8,0.000000,0.889618,0.000000,-0.14797496,2026-03-22,2026-08-05,96,1173,774,137,0.700730,0.766291,0.776478,0.145291,,,,,,,,GLOBAL_BASELINE_NO_ENTITY_RANKING,,,NOT_APPLICABLE_GLOBAL_BASELINE,HF9g-P5,,,,X 全窗基线 · 不参与实体赏罚,3927096,393,A168_HF9F_20260827_0900,2026-08-27 09:00:00
2026-05-13,91797317,1485,0,84.0247873123,21.0061968281,21.0061968281,0.3333333,3,3,0.49771390000000000,0.497713900000,-0.5694369385616226,-0.5694369385616226,-0.5694369385616226,0E-17,ELIGIBLE,R03b_20260811_FULL_v1,L1_ELIGIBILITY,v2026-08-11,2026-03-21..2026-08-06,baccarat_bet02_101_all_pairs_incl_sentinel,round_win = game_pnl > 0 (decisive only),COMPATIBILITY_ONLY_NOT_PRODUCTION,21006.2458,18687.5319,-61.6222,1247,1247,0.00293352,-0.13859161,0.00938335,0.00293352,61.6222,21006.2458,OK,0.0000,-2.4649,4.0000,96.0000,AG03-UNRESOLVED,ALL5_LEVELS_bet23_to_bet27,-2.4649,-2.4649,-2.4649,-4.3136,-4.3136,4.000000,4.000000,4.000000,7.000000,7.000000,96.000000,96.000000,96.000000,93.000000,93.000000,5.0,-16.0218,-14.4684,-45.6004,-47.1538,PENDING_AG03,FALSE,NOT_FOR_ENFORCEMENT,-59.1573,17940.0307,-61.6222,-59.1573,-2.4649,-0.00293352,-0.00281618,-2.4649,-59.1573,-0.00281618,-2.4649,-2.4649,-2.4649,-4.3136,-4.3136,-59.1573,-0.00281618,-16.0218,-14.4684,-45.6004,-47.1538,-0.00217080,-0.00224475,-0.00011734,16.8454,14.9860,-0.0494,-0.6419,-0.0525,218.8151,12.9896,13.0801,17.0694,10.3857,11.0045,21.0062,31.5093,42.0124,42.1647,10.5412,0.0,3.81775,3.831594,1.530778,30,171,130,2,0.04358735,-0.00293352,0.13859161,0E-8,0.000000,0.889618,0.000000,-0.14797496,2026-03-22,2026-08-05,96,1173,774,137,0.700730,0.766291,0.776478,0.145291,,,,,,,,GLOBAL_BASELINE_NO_ENTITY_RANKING,,,NOT_APPLICABLE_GLOBAL_BASELINE,HF9g-P5,,,,X 全窗基线 · 不参与实体赏罚,3927097,393,A168_HF9F_20260827_0900,2026-08-27 09:00:00
2026-05-13,91797317,1490,0,31.5092952421,31.5092952421,31.5092952421,1.0000000,2,2,0.49324550000000000,0.493245500000,1.4334489766152358,1.4334489766152358,1.4334489766152358,0E-17,ELIGIBLE,R03b_20260811_FULL_v1,L1_ELIGIBILITY,v2026-08-11,2026-03-21..2026-08-06,baccarat_bet02_101_all_pairs_incl_sentinel,round_win = game_pnl > 0 (decisive only),COMPATIBILITY_ONLY_NOT_PRODUCTION,21006.2458,18687.5319,-61.6222,1247,1247,0.00293352,-0.13859161,0.00938335,0.00293352,61.6222,21006.2458,OK,0.0000,-2.4649,4.0000,96.0000,AG03-UNRESOLVED,ALL5_LEVELS_bet23_to_bet27,-2.4649,-2.4649,-2.4649,-4.3136,-4.3136,4.000000,4.000000,4.000000,7.000000,7.000000,96.000000,96.000000,96.000000,93.000000,93.000000,5.0,-16.0218,-14.4684,-45.6004,-47.1538,PENDING_AG03,FALSE,NOT_FOR_ENFORCEMENT,-59.1573,17940.0307,-61.6222,-59.1573,-2.4649,-0.00293352,-0.00281618,-2.4649,-59.1573,-0.00281618,-2.4649,-2.4649,-2.4649,-4.3136,-4.3136,-59.1573,-0.00281618,-16.0218,-14.4684,-45.6004,-47.1538,-0.00217080,-0.00224475,-0.00011734,16.8454,14.9860,-0.0494,-0.6419,-0.0525,218.8151,12.9896,13.0801,17.0694,10.3857,11.0045,21.0062,31.5093,42.0124,42.1647,10.5412,0.0,3.81775,3.831594,1.530778,30,171,130,2,0.04358735,-0.00293352,0.13859161,0E-8,0.000000,0.889618,0.000000,-0.14797496,2026-03-22,2026-08-05,96,1173,774,137,0.700730,0.766291,0.776478,0.145291,,,,,,,,GLOBAL_BASELINE_NO_ENTITY_RANKING,,,NOT_APPLICABLE_GLOBAL_BASELINE,HF9g-P5,,,,X 全窗基线 · 不参与实体赏罚,3927098,393,A168_HF9F_20260827_0900,2026-08-27 09:00:00
2026-05-13,91797317,1505,0,63.0185904842,42.0123936562,42.0123936562,0.6666667,3,3,0.49771390000000000,0.497713900000,0.5852756695216578,0.5852756695216578,0.5852756695216578,0E-17,ELIGIBLE,R03b_20260811_FULL_v1,L1_ELIGIBILITY,v2026-08-11,2026-03-21..2026-08-06,baccarat_bet02_101_all_pairs_incl_sentinel,round_win = game_pnl > 0 (decisive only),COMPATIBILITY_ONLY_NOT_PRODUCTION,21006.2458,18687.5319,-61.6222,1247,1247,0.00293352,-0.13859161,0.00938335,0.00293352,61.6222,21006.2458,OK,0.0000,-2.4649,4.0000,96.0000,AG03-UNRESOLVED,ALL5_LEVELS_bet23_to_bet27,-2.4649,-2.4649,-2.4649,-4.3136,-4.3136,4.000000,4.000000,4.000000,7.000000,7.000000,96.000000,96.000000,96.000000,93.000000,93.000000,5.0,-16.0218,-14.4684,-45.6004,-47.1538,PENDING_AG03,FALSE,NOT_FOR_ENFORCEMENT,-59.1573,17940.0307,-61.6222,-59.1573,-2.4649,-0.00293352,-0.00281618,-2.4649,-59.1573,-0.00281618,-2.4649,-2.4649,-2.4649,-4.3136,-4.3136,-59.1573,-0.00281618,-16.0218,-14.4684,-45.6004,-47.1538,-0.00217080,-0.00224475,-0.00011734,16.8454,14.9860,-0.0494,-0.6419,-0.0525,218.8151,12.9896,13.0801,17.0694,10.3857,11.0045,21.0062,31.5093,42.0124,42.1647,10.5412,0.0,3.81775,3.831594,1.530778,30,171,130,2,0.04358735,-0.00293352,0.13859161,0E-8,0.000000,0.889618,0.000000,-0.14797496,2026-03-22,2026-08-05,96,1173,774,137,0.700730,0.766291,0.776478,0.145291,,,,,,,,GLOBAL_BASELINE_NO_ENTITY_RANKING,,,NOT_APPLICABLE_GLOBAL_BASELINE,HF9g-P5,,,,X 全窗基线 · 不参与实体赏罚,3927099,393,A168_HF9F_20260827_0900,2026-08-27 09:00:00
2026-05-13,91797317,1507,0,42.0123936562,-42.0123936562,-42.0123936562,0E-7,2,2,0.49324550000000000,0.493245500000,-1.3952362676504506,-1.3952362676504506,-1.3952362676504506,0E-17,ELIGIBLE,R03b_20260811_FULL_v1,L1_ELIGIBILITY,v2026-08-11,2026-03-21..2026-08-06,baccarat_bet02_101_all_pairs_incl_sentinel,round_win = game_pnl > 0 (decisive only),COMPATIBILITY_ONLY_NOT_PRODUCTION,21006.2458,18687.5319,-61.6222,1247,1247,0.00293352,-0.13859161,0.00938335,0.00293352,61.6222,21006.2458,OK,0.0000,-2.4649,4.0000,96.0000,AG03-UNRESOLVED,ALL5_LEVELS_bet23_to_bet27,-2.4649,-2.4649,-2.4649,-4.3136,-4.3136,4.000000,4.000000,4.000000,7.000000,7.000000,96.000000,96.000000,96.000000,93.000000,93.000000,5.0,-16.0218,-14.4684,-45.6004,-47.1538,PENDING_AG03,FALSE,NOT_FOR_ENFORCEMENT,-59.1573,17940.0307,-61.6222,-59.1573,-2.4649,-0.00293352,-0.00281618,-2.4649,-59.1573,-0.00281618,-2.4649,-2.4649,-2.4649,-4.3136,-4.3136,-59.1573,-0.00281618,-16.0218,-14.4684,-45.6004,-47.1538,-0.00217080,-0.00224475,-0.00011734,16.8454,14.9860,-0.0494,-0.6419,-0.0525,218.8151,12.9896,13.0801,17.0694,10.3857,11.0045,21.0062,31.5093,42.0124,42.1647,10.5412,0.0,3.81775,3.831594,1.530778,30,171,130,2,0.04358735,-0.00293352,0.13859161,0E-8,0.000000,0.889618,0.000000,-0.14797496,2026-03-22,2026-08-05,96,1173,774,137,0.700730,0.766291,0.776478,0.145291,,,,,,,,GLOBAL_BASELINE_NO_ENTITY_RANKING,,,NOT_APPLICABLE_GLOBAL_BASELINE,HF9g-P5,,,,X 全窗基线 · 不参与实体赏罚,3927100,393,A168_HF9F_20260827_0900,2026-08-27 09:00:00
2026-05-13,91797317,1654,0,12.6037180968,6.3018590484,6.3018590484,1.0000000,2,2,0.49324550000000000,0.493245500000,1.01360149184955,1.01360149184955,1.01360149184955,0E-17,ELIGIBLE,R03b_20260811_FULL_v1,L1_ELIGIBILITY,v2026-08-11,2026-03-21..2026-08-06,baccarat_bet02_101_all_pairs_incl_sentinel,round_win = game_pnl > 0 (decisive only),COMPATIBILITY_ONLY_NOT_PRODUCTION,21006.2458,18687.5319,-61.6222,1247,1247,0.00293352,-0.13859161,0.00938335,0.00293352,61.6222,21006.2458,OK,0.0000,-2.4649,4.0000,96.0000,AG03-UNRESOLVED,ALL5_LEVELS_bet23_to_bet27,-2.4649,-2.4649,-2.4649,-4.3136,-4.3136,4.000000,4.000000,4.000000,7.000000,7.000000,96.000000,96.000000,96.000000,93.000000,93.000000,5.0,-16.0218,-14.4684,-45.6004,-47.1538,PENDING_AG03,FALSE,NOT_FOR_ENFORCEMENT,-59.1573,17940.0307,-61.6222,-59.1573,-2.4649,-0.00293352,-0.00281618,-2.4649,-59.1573,-0.00281618,-2.4649,-2.4649,-2.4649,-4.3136,-4.3136,-59.1573,-0.00281618,-16.0218,-14.4684,-45.6004,-47.1538,-0.00217080,-0.00224475,-0.00011734,16.8454,14.9860,-0.0494,-0.6419,-0.0525,218.8151,12.9896,13.0801,17.0694,10.3857,11.0045,21.0062,31.5093,42.0124,42.1647,10.5412,0.0,3.81775,3.831594,1.530778,30,171,130,2,0.04358735,-0.00293352,0.13859161,0E-8,0.000000,0.889618,0.000000,-0.14797496,2026-03-22,2026-08-05,96,1173,774,137,0.700730,0.766291,0.776478,0.145291,,,,,,,,GLOBAL_BASELINE_NO_ENTITY_RANKING,,,NOT_APPLICABLE_GLOBAL_BASELINE,HF9g-P5,,,,X 全窗基线 · 不参与实体赏罚,3927101,393,A168_HF9F_20260827_0900,2026-08-27 09:00:00
2026-05-13,91797317,1704,0,21.0061968280,0E-10,0E-10,0.5000000,2,2,0.49324550000000000,0.493245500000,0.01910635448239258,0.01910635448239258,0.01910635448239258,0E-17,ELIGIBLE,R03b_20260811_FULL_v1,L1_ELIGIBILITY,v2026-08-11,2026-03-21..2026-08-06,baccarat_bet02_101_all_pairs_incl_sentinel,round_win = game_pnl > 0 (decisive only),COMPATIBILITY_ONLY_NOT_PRODUCTION,21006.2458,18687.5319,-61.6222,1247,1247,0.00293352,-0.13859161,0.00938335,0.00293352,61.6222,21006.2458,OK,0.0000,-2.4649,4.0000,96.0000,AG03-UNRESOLVED,ALL5_LEVELS_bet23_to_bet27,-2.4649,-2.4649,-2.4649,-4.3136,-4.3136,4.000000,4.000000,4.000000,7.000000,7.000000,96.000000,96.000000,96.000000,93.000000,93.000000,5.0,-16.0218,-14.4684,-45.6004,-47.1538,PENDING_AG03,FALSE,NOT_FOR_ENFORCEMENT,-59.1573,17940.0307,-61.6222,-59.1573,-2.4649,-0.00293352,-0.00281618,-2.4649,-59.1573,-0.00281618,-2.4649,-2.4649,-2.4649,-4.3136,-4.3136,-59.1573,-0.00281618,-16.0218,-14.4684,-45.6004,-47.1538,-0.00217080,-0.00224475,-0.00011734,16.8454,14.9860,-0.0494,-0.6419,-0.0525,218.8151,12.9896,13.0801,17.0694,10.3857,11.0045,21.0062,31.5093,42.0124,42.1647,10.5412,0.0,3.81775,3.831594,1.530778,30,171,130,2,0.04358735,-0.00293352,0.13859161,0E-8,0.000000,0.889618,0.000000,-0.14797496,2026-03-22,2026-08-05,96,1173,774,137,0.700730,0.766291,0.776478,0.145291,,,,,,,,GLOBAL_BASELINE_NO_ENTITY_RANKING,,,NOT_APPLICABLE_GLOBAL_BASELINE,HF9g-P5,,,,X 全窗基线 · 不参与实体赏罚,3927102,393,A168_HF9F_20260827_0900,2026-08-27 09:00:00
2026-05-13,91797317,1940,0,94.5278857263,10.5030984140,10.5030984140,0.6666667,4,4,0.49324550000000000,0.493245500000,0.6008033672792107,0.6008033672792106,0.6008033672792107,0E-17,ELIGIBLE,R03b_20260811_FULL_v1,L1_ELIGIBILITY,v2026-08-11,2026-03-21..2026-08-06,baccarat_bet02_101_all_pairs_incl_sentinel,round_win = game_pnl > 0 (decisive only),COMPATIBILITY_ONLY_NOT_PRODUCTION,21006.2458,18687.5319,-61.6222,1247,1247,0.00293352,-0.13859161,0.00938335,0.00293352,61.6222,21006.2458,OK,0.0000,-2.4649,4.0000,96.0000,AG03-UNRESOLVED,ALL5_LEVELS_bet23_to_bet27,-2.4649,-2.4649,-2.4649,-4.3136,-4.3136,4.000000,4.000000,4.000000,7.000000,7.000000,96.000000,96.000000,96.000000,93.000000,93.000000,5.0,-16.0218,-14.4684,-45.6004,-47.1538,PENDING_AG03,FALSE,NOT_FOR_ENFORCEMENT,-59.1573,17940.0307,-61.6222,-59.1573,-2.4649,-0.00293352,-0.00281618,-2.4649,-59.1573,-0.00281618,-2.4649,-2.4649,-2.4649,-4.3136,-4.3136,-59.1573,-0.00281618,-16.0218,-14.4684,-45.6004,-47.1538,-0.00217080,-0.00224475,-0.00011734,16.8454,14.9860,-0.0494,-0.6419,-0.0525,218.8151,12.9896,13.0801,17.0694,10.3857,11.0045,21.0062,31.5093,42.0124,42.1647,10.5412,0.0,3.81775,3.831594,1.530778,30,171,130,2,0.04358735,-0.00293352,0.13859161,0E-8,0.000000,0.889618,0.000000,-0.14797496,2026-03-22,2026-08-05,96,1173,774,137,0.700730,0.766291,0.776478,0.145291,,,,,,,,GLOBAL_BASELINE_NO_ENTITY_RANKING,,,NOT_APPLICABLE_GLOBAL_BASELINE,HF9g-P5,,,,X 全窗基线 · 不参与实体赏罚,3927103,393,A168_HF9F_20260827_0900,2026-08-27 09:00:00
2026-05-13,91797317,1957,0,10.5030984140,9.9779434933,9.9779434933,1.0000000,1,1,0.50665070000000000,0.506650700000,0.9867858985152569,0.9867858985152569,0.9867858985152569,0E-17,ELIGIBLE,R03b_20260811_FULL_v1,L1_ELIGIBILITY,v2026-08-11,2026-03-21..2026-08-06,baccarat_bet02_101_all_pairs_incl_sentinel,round_win = game_pnl > 0 (decisive only),COMPATIBILITY_ONLY_NOT_PRODUCTION,21006.2458,18687.5319,-61.6222,1247,1247,0.00293352,-0.13859161,0.00938335,0.00293352,61.6222,21006.2458,OK,0.0000,-2.4649,4.0000,96.0000,AG03-UNRESOLVED,ALL5_LEVELS_bet23_to_bet27,-2.4649,-2.4649,-2.4649,-4.3136,-4.3136,4.000000,4.000000,4.000000,7.000000,7.000000,96.000000,96.000000,96.000000,93.000000,93.000000,5.0,-16.0218,-14.4684,-45.6004,-47.1538,PENDING_AG03,FALSE,NOT_FOR_ENFORCEMENT,-59.1573,17940.0307,-61.6222,-59.1573,-2.4649,-0.00293352,-0.00281618,-2.4649,-59.1573,-0.00281618,-2.4649,-2.4649,-2.4649,-4.3136,-4.3136,-59.1573,-0.00281618,-16.0218,-14.4684,-45.6004,-47.1538,-0.00217080,-0.00224475,-0.00011734,16.8454,14.9860,-0.0494,-0.6419,-0.0525,218.8151,12.9896,13.0801,17.0694,10.3857,11.0045,21.0062,31.5093,42.0124,42.1647,10.5412,0.0,3.81775,3.831594,1.530778,30,171,130,2,0.04358735,-0.00293352,0.13859161,0E-8,0.000000,0.889618,0.000000,-0.14797496,2026-03-22,2026-08-05,96,1173,774,137,0.700730,0.766291,0.776478,0.145291,,,,,,,,GLOBAL_BASELINE_NO_ENTITY_RANKING,,,NOT_APPLICABLE_GLOBAL_BASELINE,HF9g-P5,,,,X 全窗基线 · 不参与实体赏罚,3927104,393,A168_HF9F_20260827_0900,2026-08-27 09:00:00
2026-05-13,91797317,2088,0,105.0309841404,42.0123936561,42.0123936561,0.5000000,3,3,0.49771390000000000,0.497713900000,0.006466134837551399,0.0064661348375514,0.006466134837551399,0E-17,ELIGIBLE,R03b_20260811_FULL_v1,L1_ELIGIBILITY,v2026-08-11,2026-03-21..2026-08-06,baccarat_bet02_101_all_pairs_incl_sentinel,round_win = game_pnl > 0 (decisive only),COMPATIBILITY_ONLY_NOT_PRODUCTION,21006.2458,18687.5319,-61.6222,1247,1247,0.00293352,-0.13859161,0.00938335,0.00293352,61.6222,21006.2458,OK,0.0000,-2.4649,4.0000,96.0000,AG03-UNRESOLVED,ALL5_LEVELS_bet23_to_bet27,-2.4649,-2.4649,-2.4649,-4.3136,-4.3136,4.000000,4.000000,4.000000,7.000000,7.000000,96.000000,96.000000,96.000000,93.000000,93.000000,5.0,-16.0218,-14.4684,-45.6004,-47.1538,PENDING_AG03,FALSE,NOT_FOR_ENFORCEMENT,-59.1573,17940.0307,-61.6222,-59.1573,-2.4649,-0.00293352,-0.00281618,-2.4649,-59.1573,-0.00281618,-2.4649,-2.4649,-2.4649,-4.3136,-4.3136,-59.1573,-0.00281618,-16.0218,-14.4684,-45.6004,-47.1538,-0.00217080,-0.00224475,-0.00011734,16.8454,14.9860,-0.0494,-0.6419,-0.0525,218.8151,12.9896,13.0801,17.0694,10.3857,11.0045,21.0062,31.5093,42.0124,42.1647,10.5412,0.0,3.81775,3.831594,1.530778,30,171,130,2,0.04358735,-0.00293352,0.13859161,0E-8,0.000000,0.889618,0.000000,-0.14797496,2026-03-22,2026-08-05,96,1173,774,137,0.700730,0.766291,0.776478,0.145291,,,,,,,,GLOBAL_BASELINE_NO_ENTITY_RANKING,,,NOT_APPLICABLE_GLOBAL_BASELINE,HF9g-P5,,,,X 全窗基线 · 不参与实体赏罚,3927105,393,A168_HF9F_20260827_0900,2026-08-27 09:00:00
2026-05-13,91797317,2101,0,21.0061968281,21.0061968281,21.0061968281,1.0000000,1,1,0.49324550000000000,0.493245500000,1.01360149184955,1.01360149184955,1.01360149184955,0E-17,ELIGIBLE,R03b_20260811_FULL_v1,L1_ELIGIBILITY,v2026-08-11,2026-03-21..2026-08-06,baccarat_bet02_101_all_pairs_incl_sentinel,round_win = game_pnl > 0 (decisive only),COMPATIBILITY_ONLY_NOT_PRODUCTION,21006.2458,18687.5319,-61.6222,1247,1247,0.00293352,-0.13859161,0.00938335,0.00293352,61.6222,21006.2458,OK,0.0000,-2.4649,4.0000,96.0000,AG03-UNRESOLVED,ALL5_LEVELS_bet23_to_bet27,-2.4649,-2.4649,-2.4649,-4.3136,-4.3136,4.000000,4.000000,4.000000,7.000000,7.000000,96.000000,96.000000,96.000000,93.000000,93.000000,5.0,-16.0218,-14.4684,-45.6004,-47.1538,PENDING_AG03,FALSE,NOT_FOR_ENFORCEMENT,-59.1573,17940.0307,-61.6222,-59.1573,-2.4649,-0.00293352,-0.00281618,-2.4649,-59.1573,-0.00281618,-2.4649,-2.4649,-2.4649,-4.3136,-4.3136,-59.1573,-0.00281618,-16.0218,-14.4684,-45.6004,-47.1538,-0.00217080,-0.00224475,-0.00011734,16.8454,14.9860,-0.0494,-0.6419,-0.0525,218.8151,12.9896,13.0801,17.0694,10.3857,11.0045,21.0062,31.5093,42.0124,42.1647,10.5412,0.0,3.81775,3.831594,1.530778,30,171,130,2,0.04358735,-0.00293352,0.13859161,0E-8,0.000000,0.889618,0.000000,-0.14797496,2026-03-22,2026-08-05,96,1173,774,137,0.700730,0.766291,0.776478,0.145291,,,,,,,,GLOBAL_BASELINE_NO_ENTITY_RANKING,,,NOT_APPLICABLE_GLOBAL_BASELINE,HF9g-P5,,,,X 全窗基线 · 不参与实体赏罚,3927106,393,A168_HF9F_20260827_0900,2026-08-27 09:00:00
2026-05-13,91797317,2103,0,21.0061968281,21.0061968281,21.0061968281,1.0000000,1,1,0.49324550000000000,0.493245500000,1.01360149184955,1.01360149184955,1.01360149184955,0E-17,ELIGIBLE,R03b_20260811_FULL_v1,L1_ELIGIBILITY,v2026-08-11,2026-03-21..2026-08-06,baccarat_bet02_101_all_pairs_incl_sentinel,round_win = game_pnl > 0 (decisive only),COMPATIBILITY_ONLY_NOT_PRODUCTION,21006.2458,18687.5319,-61.6222,1247,1247,0.00293352,-0.13859161,0.00938335,0.00293352,61.6222,21006.2458,OK,0.0000,-2.4649,4.0000,96.0000,AG03-UNRESOLVED,ALL5_LEVELS_bet23_to_bet27,-2.4649,-2.4649,-2.4649,-4.3136,-4.3136,4.000000,4.000000,4.000000,7.000000,7.000000,96.000000,96.000000,96.000000,93.000000,93.000000,5.0,-16.0218,-14.4684,-45.6004,-47.1538,PENDING_AG03,FALSE,NOT_FOR_ENFORCEMENT,-59.1573,17940.0307,-61.6222,-59.1573,-2.4649,-0.00293352,-0.00281618,-2.4649,-59.1573,-0.00281618,-2.4649,-2.4649,-2.4649,-4.3136,-4.3136,-59.1573,-0.00281618,-16.0218,-14.4684,-45.6004,-47.1538,-0.00217080,-0.00224475,-0.00011734,16.8454,14.9860,-0.0494,-0.6419,-0.0525,218.8151,12.9896,13.0801,17.0694,10.3857,11.0045,21.0062,31.5093,42.0124,42.1647,10.5412,0.0,3.81775,3.831594,1.530778,30,171,130,2,0.04358735,-0.00293352,0.13859161,0E-8,0.000000,0.889618,0.000000,-0.14797496,2026-03-22,2026-08-05,96,1173,774,137,0.700730,0.766291,0.776478,0.145291,,,,,,,,GLOBAL_BASELINE_NO_ENTITY_RANKING,,,NOT_APPLICABLE_GLOBAL_BASELINE,HF9g-P5,,,,X 全窗基线 · 不参与实体赏罚,3927107,393,A168_HF9F_20260827_0900,2026-08-27 09:00:00
2026-05-13,91797317,2106,0,31.5092952421,-10.5030984140,-10.5030984140,0E-7,2,2,0.49324550000000000,0.493245500000,-0.9865810262130424,-0.9865810262130424,-0.9865810262130424,0E-17,ELIGIBLE,R03b_20260811_FULL_v1,L1_ELIGIBILITY,v2026-08-11,2026-03-21..2026-08-06,baccarat_bet02_101_all_pairs_incl_sentinel,round_win = game_pnl > 0 (decisive only),COMPATIBILITY_ONLY_NOT_PRODUCTION,21006.2458,18687.5319,-61.6222,1247,1247,0.00293352,-0.13859161,0.00938335,0.00293352,61.6222,21006.2458,OK,0.0000,-2.4649,4.0000,96.0000,AG03-UNRESOLVED,ALL5_LEVELS_bet23_to_bet27,-2.4649,-2.4649,-2.4649,-4.3136,-4.3136,4.000000,4.000000,4.000000,7.000000,7.000000,96.000000,96.000000,96.000000,93.000000,93.000000,5.0,-16.0218,-14.4684,-45.6004,-47.1538,PENDING_AG03,FALSE,NOT_FOR_ENFORCEMENT,-59.1573,17940.0307,-61.6222,-59.1573,-2.4649,-0.00293352,-0.00281618,-2.4649,-59.1573,-0.00281618,-2.4649,-2.4649,-2.4649,-4.3136,-4.3136,-59.1573,-0.00281618,-16.0218,-14.4684,-45.6004,-47.1538,-0.00217080,-0.00224475,-0.00011734,16.8454,14.9860,-0.0494,-0.6419,-0.0525,218.8151,12.9896,13.0801,17.0694,10.3857,11.0045,21.0062,31.5093,42.0124,42.1647,10.5412,0.0,3.81775,3.831594,1.530778,30,171,130,2,0.04358735,-0.00293352,0.13859161,0E-8,0.000000,0.889618,0.000000,-0.14797496,2026-03-22,2026-08-05,96,1173,774,137,0.700730,0.766291,0.776478,0.145291,,,,,,,,GLOBAL_BASELINE_NO_ENTITY_RANKING,,,NOT_APPLICABLE_GLOBAL_BASELINE,HF9g-P5,,,,X 全窗基线 · 不参与实体赏罚,3927108,393,A168_HF9F_20260827_0900,2026-08-27 09:00:00
2026-05-13,91797317,2115,0,21.0061968281,-21.0061968281,-21.0061968281,0E-7,1,1,0.49324550000000000,0.493245500000,-0.9865810262130424,-0.9865810262130424,-0.9865810262130424,0E-17,ELIGIBLE,R03b_20260811_FULL_v1,L1_ELIGIBILITY,v2026-08-11,2026-03-21..2026-08-06,baccarat_bet02_101_all_pairs_incl_sentinel,round_win = game_pnl > 0 (decisive only),COMPATIBILITY_ONLY_NOT_PRODUCTION,21006.2458,18687.5319,-61.6222,1247,1247,0.00293352,-0.13859161,0.00938335,0.00293352,61.6222,21006.2458,OK,0.0000,-2.4649,4.0000,96.0000,AG03-UNRESOLVED,ALL5_LEVELS_bet23_to_bet27,-2.4649,-2.4649,-2.4649,-4.3136,-4.3136,4.000000,4.000000,4.000000,7.000000,7.000000,96.000000,96.000000,96.000000,93.000000,93.000000,5.0,-16.0218,-14.4684,-45.6004,-47.1538,PENDING_AG03,FALSE,NOT_FOR_ENFORCEMENT,-59.1573,17940.0307,-61.6222,-59.1573,-2.4649,-0.00293352,-0.00281618,-2.4649,-59.1573,-0.00281618,-2.4649,-2.4649,-2.4649,-4.3136,-4.3136,-59.1573,-0.00281618,-16.0218,-14.4684,-45.6004,-47.1538,-0.00217080,-0.00224475,-0.00011734,16.8454,14.9860,-0.0494,-0.6419,-0.0525,218.8151,12.9896,13.0801,17.0694,10.3857,11.0045,21.0062,31.5093,42.0124,42.1647,10.5412,0.0,3.81775,3.831594,1.530778,30,171,130,2,0.04358735,-0.00293352,0.13859161,0E-8,0.000000,0.889618,0.000000,-0.14797496,2026-03-22,2026-08-05,96,1173,774,137,0.700730,0.766291,0.776478,0.145291,,,,,,,,GLOBAL_BASELINE_NO_ENTITY_RANKING,,,NOT_APPLICABLE_GLOBAL_BASELINE,HF9g-P5,,,,X 全窗基线 · 不参与实体赏罚,3927109,393,A168_HF9F_20260827_0900,2026-08-27 09:00:00
2026-05-13,91797317,2117,0,42.0123936561,42.0123936561,42.0123936561,1.0000000,1,1,0.49324550000000000,0.493245500000,1.01360149184955,1.01360149184955,1.01360149184955,0E-17,ELIGIBLE,R03b_20260811_FULL_v1,L1_ELIGIBILITY,v2026-08-11,2026-03-21..2026-08-06,baccarat_bet02_101_all_pairs_incl_sentinel,round_win = game_pnl > 0 (decisive only),COMPATIBILITY_ONLY_NOT_PRODUCTION,21006.2458,18687.5319,-61.6222,1247,1247,0.00293352,-0.13859161,0.00938335,0.00293352,61.6222,21006.2458,OK,0.0000,-2.4649,4.0000,96.0000,AG03-UNRESOLVED,ALL5_LEVELS_bet23_to_bet27,-2.4649,-2.4649,-2.4649,-4.3136,-4.3136,4.000000,4.000000,4.000000,7.000000,7.000000,96.000000,96.000000,96.000000,93.000000,93.000000,5.0,-16.0218,-14.4684,-45.6004,-47.1538,PENDING_AG03,FALSE,NOT_FOR_ENFORCEMENT,-59.1573,17940.0307,-61.6222,-59.1573,-2.4649,-0.00293352,-0.00281618,-2.4649,-59.1573,-0.00281618,-2.4649,-2.4649,-2.4649,-4.3136,-4.3136,-59.1573,-0.00281618,-16.0218,-14.4684,-45.6004,-47.1538,-0.00217080,-0.00224475,-0.00011734,16.8454,14.9860,-0.0494,-0.6419,-0.0525,218.8151,12.9896,13.0801,17.0694,10.3857,11.0045,21.0062,31.5093,42.0124,42.1647,10.5412,0.0,3.81775,3.831594,1.530778,30,171,130,2,0.04358735,-0.00293352,0.13859161,0E-8,0.000000,0.889618,0.000000,-0.14797496,2026-03-22,2026-08-05,96,1173,774,137,0.700730,0.766291,0.776478,0.145291,,,,,,,,GLOBAL_BASELINE_NO_ENTITY_RANKING,,,NOT_APPLICABLE_GLOBAL_BASELINE,HF9g-P5,,,,X 全窗基线 · 不参与实体赏罚,3927110,393,A168_HF9F_20260827_0900,2026-08-27 09:00:00
2026-05-13,91797317,2141,0,42.0123936561,-42.0123936561,-42.0123936561,0E-7,1,1,0.49324550000000000,0.493245500000,-0.9865810262130424,-0.9865810262130424,-0.9865810262130424,0E-17,ELIGIBLE,R03b_20260811_FULL_v1,L1_ELIGIBILITY,v2026-08-11,2026-03-21..2026-08-06,baccarat_bet02_101_all_pairs_incl_sentinel,round_win = game_pnl > 0 (decisive only),COMPATIBILITY_ONLY_NOT_PRODUCTION,21006.2458,18687.5319,-61.6222,1247,1247,0.00293352,-0.13859161,0.00938335,0.00293352,61.6222,21006.2458,OK,0.0000,-2.4649,4.0000,96.0000,AG03-UNRESOLVED,ALL5_LEVELS_bet23_to_bet27,-2.4649,-2.4649,-2.4649,-4.3136,-4.3136,4.000000,4.000000,4.000000,7.000000,7.000000,96.000000,96.000000,96.000000,93.000000,93.000000,5.0,-16.0218,-14.4684,-45.6004,-47.1538,PENDING_AG03,FALSE,NOT_FOR_ENFORCEMENT,-59.1573,17940.0307,-61.6222,-59.1573,-2.4649,-0.00293352,-0.00281618,-2.4649,-59.1573,-0.00281618,-2.4649,-2.4649,-2.4649,-4.3136,-4.3136,-59.1573,-0.00281618,-16.0218,-14.4684,-45.6004,-47.1538,-0.00217080,-0.00224475,-0.00011734,16.8454,14.9860,-0.0494,-0.6419,-0.0525,218.8151,12.9896,13.0801,17.0694,10.3857,11.0045,21.0062,31.5093,42.0124,42.1647,10.5412,0.0,3.81775,3.831594,1.530778,30,171,130,2,0.04358735,-0.00293352,0.13859161,0E-8,0.000000,0.889618,0.000000,-0.14797496,2026-03-22,2026-08-05,96,1173,774,137,0.700730,0.766291,0.776478,0.145291,,,,,,,,GLOBAL_BASELINE_NO_ENTITY_RANKING,,,NOT_APPLICABLE_GLOBAL_BASELINE,HF9g-P5,,,,X 全窗基线 · 不参与实体赏罚,3927111,393,A168_HF9F_20260827_0900,2026-08-27 09:00:00
2026-05-13,91797317,2152,0,21.0061968281,-21.0061968281,-21.0061968281,0E-7,1,1,0.49324550000000000,0.493245500000,-0.9865810262130424,-0.9865810262130424,-0.9865810262130424,0E-17,ELIGIBLE,R03b_20260811_FULL_v1,L1_ELIGIBILITY,v2026-08-11,2026-03-21..2026-08-06,baccarat_bet02_101_all_pairs_incl_sentinel,round_win = game_pnl > 0 (decisive only),COMPATIBILITY_ONLY_NOT_PRODUCTION,21006.2458,18687.5319,-61.6222,1247,1247,0.00293352,-0.13859161,0.00938335,0.00293352,61.6222,21006.2458,OK,0.0000,-2.4649,4.0000,96.0000,AG03-UNRESOLVED,ALL5_LEVELS_bet23_to_bet27,-2.4649,-2.4649,-2.4649,-4.3136,-4.3136,4.000000,4.000000,4.000000,7.000000,7.000000,96.000000,96.000000,96.000000,93.000000,93.000000,5.0,-16.0218,-14.4684,-45.6004,-47.1538,PENDING_AG03,FALSE,NOT_FOR_ENFORCEMENT,-59.1573,17940.0307,-61.6222,-59.1573,-2.4649,-0.00293352,-0.00281618,-2.4649,-59.1573,-0.00281618,-2.4649,-2.4649,-2.4649,-4.3136,-4.3136,-59.1573,-0.00281618,-16.0218,-14.4684,-45.6004,-47.1538,-0.00217080,-0.00224475,-0.00011734,16.8454,14.9860,-0.0494,-0.6419,-0.0525,218.8151,12.9896,13.0801,17.0694,10.3857,11.0045,21.0062,31.5093,42.0124,42.1647,10.5412,0.0,3.81775,3.831594,1.530778,30,171,130,2,0.04358735,-0.00293352,0.13859161,0E-8,0.000000,0.889618,0.000000,-0.14797496,2026-03-22,2026-08-05,96,1173,774,137,0.700730,0.766291,0.776478,0.145291,,,,,,,,GLOBAL_BASELINE_NO_ENTITY_RANKING,,,NOT_APPLICABLE_GLOBAL_BASELINE,HF9g-P5,,,,X 全窗基线 · 不参与实体赏罚,3927112,393,A168_HF9F_20260827_0900,2026-08-27 09:00:00
2026-05-13,91797317,2169,0,42.0123936561,42.0123936561,42.0123936561,1.0000000,1,1,0.49324550000000000,0.493245500000,1.01360149184955,1.01360149184955,1.01360149184955,0E-17,ELIGIBLE,R03b_20260811_FULL_v1,L1_ELIGIBILITY,v2026-08-11,2026-03-21..2026-08-06,baccarat_bet02_101_all_pairs_incl_sentinel,round_win = game_pnl > 0 (decisive only),COMPATIBILITY_ONLY_NOT_PRODUCTION,21006.2458,18687.5319,-61.6222,1247,1247,0.00293352,-0.13859161,0.00938335,0.00293352,61.6222,21006.2458,OK,0.0000,-2.4649,4.0000,96.0000,AG03-UNRESOLVED,ALL5_LEVELS_bet23_to_bet27,-2.4649,-2.4649,-2.4649,-4.3136,-4.3136,4.000000,4.000000,4.000000,7.000000,7.000000,96.000000,96.000000,96.000000,93.000000,93.000000,5.0,-16.0218,-14.4684,-45.6004,-47.1538,PENDING_AG03,FALSE,NOT_FOR_ENFORCEMENT,-59.1573,17940.0307,-61.6222,-59.1573,-2.4649,-0.00293352,-0.00281618,-2.4649,-59.1573,-0.00281618,-2.4649,-2.4649,-2.4649,-4.3136,-4.3136,-59.1573,-0.00281618,-16.0218,-14.4684,-45.6004,-47.1538,-0.00217080,-0.00224475,-0.00011734,16.8454,14.9860,-0.0494,-0.6419,-0.0525,218.8151,12.9896,13.0801,17.0694,10.3857,11.0045,21.0062,31.5093,42.0124,42.1647,10.5412,0.0,3.81775,3.831594,1.530778,30,171,130,2,0.04358735,-0.00293352,0.13859161,0E-8,0.000000,0.889618,0.000000,-0.14797496,2026-03-22,2026-08-05,96,1173,774,137,0.700730,0.766291,0.776478,0.145291,,,,,,,,GLOBAL_BASELINE_NO_ENTITY_RANKING,,,NOT_APPLICABLE_GLOBAL_BASELINE,HF9g-P5,,,,X 全窗基线 · 不参与实体赏罚,3927113,393,A168_HF9F_20260827_0900,2026-08-27 09:00:00
2026-05-13,91797317,2171,0,63.0185904842,63.0185904842,63.0185904842,1.0000000,2,2,0.49324550000000000,0.493245500000,1.4334489766152358,1.4334489766152358,1.4334489766152358,0E-17,ELIGIBLE,R03b_20260811_FULL_v1,L1_ELIGIBILITY,v2026-08-11,2026-03-21..2026-08-06,baccarat_bet02_101_all_pairs_incl_sentinel,round_win = game_pnl > 0 (decisive only),COMPATIBILITY_ONLY_NOT_PRODUCTION,21006.2458,18687.5319,-61.6222,1247,1247,0.00293352,-0.13859161,0.00938335,0.00293352,61.6222,21006.2458,OK,0.0000,-2.4649,4.0000,96.0000,AG03-UNRESOLVED,ALL5_LEVELS_bet23_to_bet27,-2.4649,-2.4649,-2.4649,-4.3136,-4.3136,4.000000,4.000000,4.000000,7.000000,7.000000,96.000000,96.000000,96.000000,93.000000,93.000000,5.0,-16.0218,-14.4684,-45.6004,-47.1538,PENDING_AG03,FALSE,NOT_FOR_ENFORCEMENT,-59.1573,17940.0307,-61.6222,-59.1573,-2.4649,-0.00293352,-0.00281618,-2.4649,-59.1573,-0.00281618,-2.4649,-2.4649,-2.4649,-4.3136,-4.3136,-59.1573,-0.00281618,-16.0218,-14.4684,-45.6004,-47.1538,-0.00217080,-0.00224475,-0.00011734,16.8454,14.9860,-0.0494,-0.6419,-0.0525,218.8151,12.9896,13.0801,17.0694,10.3857,11.0045,21.0062,31.5093,42.0124,42.1647,10.5412,0.0,3.81775,3.831594,1.530778,30,171,130,2,0.04358735,-0.00293352,0.13859161,0E-8,0.000000,0.889618,0.000000,-0.14797496,2026-03-22,2026-08-05,96,1173,774,137,0.700730,0.766291,0.776478,0.145291,,,,,,,,GLOBAL_BASELINE_NO_ENTITY_RANKING,,,NOT_APPLICABLE_GLOBAL_BASELINE,HF9g-P5,,,,X 全窗基线 · 不参与实体赏罚,3927114,393,A168_HF9F_20260827_0900,2026-08-27 09:00:00
2026-05-13,91797317,2177,0,73.5216888981,10.5030984141,10.5030984141,0.2500000,4,4,0.49659680000000000,0.496596800000,-0.9864100490137353,-0.9864100490137354,-0.9864100490137353,0E-17,ELIGIBLE,R03b_20260811_FULL_v1,L1_ELIGIBILITY,v2026-08-11,2026-03-21..2026-08-06,baccarat_bet02_101_all_pairs_incl_sentinel,round_win = game_pnl > 0 (decisive only),COMPATIBILITY_ONLY_NOT_PRODUCTION,21006.2458,18687.5319,-61.6222,1247,1247,0.00293352,-0.13859161,0.00938335,0.00293352,61.6222,21006.2458,OK,0.0000,-2.4649,4.0000,96.0000,AG03-UNRESOLVED,ALL5_LEVELS_bet23_to_bet27,-2.4649,-2.4649,-2.4649,-4.3136,-4.3136,4.000000,4.000000,4.000000,7.000000,7.000000,96.000000,96.000000,96.000000,93.000000,93.000000,5.0,-16.0218,-14.4684,-45.6004,-47.1538,PENDING_AG03,FALSE,NOT_FOR_ENFORCEMENT,-59.1573,17940.0307,-61.6222,-59.1573,-2.4649,-0.00293352,-0.00281618,-2.4649,-59.1573,-0.00281618,-2.4649,-2.4649,-2.4649,-4.3136,-4.3136,-59.1573,-0.00281618,-16.0218,-14.4684,-45.6004,-47.1538,-0.00217080,-0.00224475,-0.00011734,16.8454,14.9860,-0.0494,-0.6419,-0.0525,218.8151,12.9896,13.0801,17.0694,10.3857,11.0045,21.0062,31.5093,42.0124,42.1647,10.5412,0.0,3.81775,3.831594,1.530778,30,171,130,2,0.04358735,-0.00293352,0.13859161,0E-8,0.000000,0.889618,0.000000,-0.14797496,2026-03-22,2026-08-05,96,1173,774,137,0.700730,0.766291,0.776478,0.145291,,,,,,,,GLOBAL_BASELINE_NO_ENTITY_RANKING,,,NOT_APPLICABLE_GLOBAL_BASELINE,HF9g-P5,,,,X 全窗基线 · 不参与实体赏罚,3927115,393,A168_HF9F_20260827_0900,2026-08-27 09:00:00
2026-05-13,91797317,2188,0,10.5030984140,-10.5030984140,-10.5030984140,0E-7,1,1,0.49324550000000000,0.493245500000,-0.9865810262130424,-0.9865810262130424,-0.9865810262130424,0E-17,ELIGIBLE,R03b_20260811_FULL_v1,L1_ELIGIBILITY,v2026-08-11,2026-03-21..2026-08-06,baccarat_bet02_101_all_pairs_incl_sentinel,round_win = game_pnl > 0 (decisive only),COMPATIBILITY_ONLY_NOT_PRODUCTION,21006.2458,18687.5319,-61.6222,1247,1247,0.00293352,-0.13859161,0.00938335,0.00293352,61.6222,21006.2458,OK,0.0000,-2.4649,4.0000,96.0000,AG03-UNRESOLVED,ALL5_LEVELS_bet23_to_bet27,-2.4649,-2.4649,-2.4649,-4.3136,-4.3136,4.000000,4.000000,4.000000,7.000000,7.000000,96.000000,96.000000,96.000000,93.000000,93.000000,5.0,-16.0218,-14.4684,-45.6004,-47.1538,PENDING_AG03,FALSE,NOT_FOR_ENFORCEMENT,-59.1573,17940.0307,-61.6222,-59.1573,-2.4649,-0.00293352,-0.00281618,-2.4649,-59.1573,-0.00281618,-2.4649,-2.4649,-2.4649,-4.3136,-4.3136,-59.1573,-0.00281618,-16.0218,-14.4684,-45.6004,-47.1538,-0.00217080,-0.00224475,-0.00011734,16.8454,14.9860,-0.0494,-0.6419,-0.0525,218.8151,12.9896,13.0801,17.0694,10.3857,11.0045,21.0062,31.5093,42.0124,42.1647,10.5412,0.0,3.81775,3.831594,1.530778,30,171,130,2,0.04358735,-0.00293352,0.13859161,0E-8,0.000000,0.889618,0.000000,-0.14797496,2026-03-22,2026-08-05,96,1173,774,137,0.700730,0.766291,0.776478,0.145291,,,,,,,,GLOBAL_BASELINE_NO_ENTITY_RANKING,,,NOT_APPLICABLE_GLOBAL_BASELINE,HF9g-P5,,,,X 全窗基线 · 不参与实体赏罚,3927116,393,A168_HF9F_20260827_0900,2026-08-27 09:00:00
2026-05-13,91797317,2239,0,63.0185904842,63.0185904842,63.0185904842,1.0000000,2,2,0.49324550000000000,0.493245500000,1.4334489766152358,1.4334489766152358,1.4334489766152358,0E-17,ELIGIBLE,R03b_20260811_FULL_v1,L1_ELIGIBILITY,v2026-08-11,2026-03-21..2026-08-06,baccarat_bet02_101_all_pairs_incl_sentinel,round_win = game_pnl > 0 (decisive only),COMPATIBILITY_ONLY_NOT_PRODUCTION,21006.2458,18687.5319,-61.6222,1247,1247,0.00293352,-0.13859161,0.00938335,0.00293352,61.6222,21006.2458,OK,0.0000,-2.4649,4.0000,96.0000,AG03-UNRESOLVED,ALL5_LEVELS_bet23_to_bet27,-2.4649,-2.4649,-2.4649,-4.3136,-4.3136,4.000000,4.000000,4.000000,7.000000,7.000000,96.000000,96.000000,96.000000,93.000000,93.000000,5.0,-16.0218,-14.4684,-45.6004,-47.1538,PENDING_AG03,FALSE,NOT_FOR_ENFORCEMENT,-59.1573,17940.0307,-61.6222,-59.1573,-2.4649,-0.00293352,-0.00281618,-2.4649,-59.1573,-0.00281618,-2.4649,-2.4649,-2.4649,-4.3136,-4.3136,-59.1573,-0.00281618,-16.0218,-14.4684,-45.6004,-47.1538,-0.00217080,-0.00224475,-0.00011734,16.8454,14.9860,-0.0494,-0.6419,-0.0525,218.8151,12.9896,13.0801,17.0694,10.3857,11.0045,21.0062,31.5093,42.0124,42.1647,10.5412,0.0,3.81775,3.831594,1.530778,30,171,130,2,0.04358735,-0.00293352,0.13859161,0E-8,0.000000,0.889618,0.000000,-0.14797496,2026-03-22,2026-08-05,96,1173,774,137,0.700730,0.766291,0.776478,0.145291,,,,,,,,GLOBAL_BASELINE_NO_ENTITY_RANKING,,,NOT_APPLICABLE_GLOBAL_BASELINE,HF9g-P5,,,,X 全窗基线 · 不参与实体赏罚,3927117,393,A168_HF9F_20260827_0900,2026-08-27 09:00:00
2026-05-13,91797317,2251,0,21.0061968281,-21.0061968281,-21.0061968281,0E-7,1,1,0.49324550000000000,0.493245500000,-0.9865810262130424,-0.9865810262130424,-0.9865810262130424,0E-17,ELIGIBLE,R03b_20260811_FULL_v1,L1_ELIGIBILITY,v2026-08-11,2026-03-21..2026-08-06,baccarat_bet02_101_all_pairs_incl_sentinel,round_win = game_pnl > 0 (decisive only),COMPATIBILITY_ONLY_NOT_PRODUCTION,21006.2458,18687.5319,-61.6222,1247,1247,0.00293352,-0.13859161,0.00938335,0.00293352,61.6222,21006.2458,OK,0.0000,-2.4649,4.0000,96.0000,AG03-UNRESOLVED,ALL5_LEVELS_bet23_to_bet27,-2.4649,-2.4649,-2.4649,-4.3136,-4.3136,4.000000,4.000000,4.000000,7.000000,7.000000,96.000000,96.000000,96.000000,93.000000,93.000000,5.0,-16.0218,-14.4684,-45.6004,-47.1538,PENDING_AG03,FALSE,NOT_FOR_ENFORCEMENT,-59.1573,17940.0307,-61.6222,-59.1573,-2.4649,-0.00293352,-0.00281618,-2.4649,-59.1573,-0.00281618,-2.4649,-2.4649,-2.4649,-4.3136,-4.3136,-59.1573,-0.00281618,-16.0218,-14.4684,-45.6004,-47.1538,-0.00217080,-0.00224475,-0.00011734,16.8454,14.9860,-0.0494,-0.6419,-0.0525,218.8151,12.9896,13.0801,17.0694,10.3857,11.0045,21.0062,31.5093,42.0124,42.1647,10.5412,0.0,3.81775,3.831594,1.530778,30,171,130,2,0.04358735,-0.00293352,0.13859161,0E-8,0.000000,0.889618,0.000000,-0.14797496,2026-03-22,2026-08-05,96,1173,774,137,0.700730,0.766291,0.776478,0.145291,,,,,,,,GLOBAL_BASELINE_NO_ENTITY_RANKING,,,NOT_APPLICABLE_GLOBAL_BASELINE,HF9g-P5,,,,X 全窗基线 · 不参与实体赏罚,3927118,393,A168_HF9F_20260827_0900,2026-08-27 09:00:00
2026-05-13,91797317,2256,0,21.0061968281,21.0061968281,21.0061968281,1.0000000,1,1,0.49324550000000000,0.493245500000,1.01360149184955,1.01360149184955,1.01360149184955,0E-17,ELIGIBLE,R03b_20260811_FULL_v1,L1_ELIGIBILITY,v2026-08-11,2026-03-21..2026-08-06,baccarat_bet02_101_all_pairs_incl_sentinel,round_win = game_pnl > 0 (decisive only),COMPATIBILITY_ONLY_NOT_PRODUCTION,21006.2458,18687.5319,-61.6222,1247,1247,0.00293352,-0.13859161,0.00938335,0.00293352,61.6222,21006.2458,OK,0.0000,-2.4649,4.0000,96.0000,AG03-UNRESOLVED,ALL5_LEVELS_bet23_to_bet27,-2.4649,-2.4649,-2.4649,-4.3136,-4.3136,4.000000,4.000000,4.000000,7.000000,7.000000,96.000000,96.000000,96.000000,93.000000,93.000000,5.0,-16.0218,-14.4684,-45.6004,-47.1538,PENDING_AG03,FALSE,NOT_FOR_ENFORCEMENT,-59.1573,17940.0307,-61.6222,-59.1573,-2.4649,-0.00293352,-0.00281618,-2.4649,-59.1573,-0.00281618,-2.4649,-2.4649,-2.4649,-4.3136,-4.3136,-59.1573,-0.00281618,-16.0218,-14.4684,-45.6004,-47.1538,-0.00217080,-0.00224475,-0.00011734,16.8454,14.9860,-0.0494,-0.6419,-0.0525,218.8151,12.9896,13.0801,17.0694,10.3857,11.0045,21.0062,31.5093,42.0124,42.1647,10.5412,0.0,3.81775,3.831594,1.530778,30,171,130,2,0.04358735,-0.00293352,0.13859161,0E-8,0.000000,0.889618,0.000000,-0.14797496,2026-03-22,2026-08-05,96,1173,774,137,0.700730,0.766291,0.776478,0.145291,,,,,,,,GLOBAL_BASELINE_NO_ENTITY_RANKING,,,NOT_APPLICABLE_GLOBAL_BASELINE,HF9g-P5,,,,X 全窗基线 · 不参与实体赏罚,3927119,393,A168_HF9F_20260827_0900,2026-08-27 09:00:00
2026-05-13,91797317,2261,0,10.5030984140,10.5030984140,10.5030984140,1.0000000,1,1,0.49324550000000000,0.493245500000,1.01360149184955,1.01360149184955,1.01360149184955,0E-17,ELIGIBLE,R03b_20260811_FULL_v1,L1_ELIGIBILITY,v2026-08-11,2026-03-21..2026-08-06,baccarat_bet02_101_all_pairs_incl_sentinel,round_win = game_pnl > 0 (decisive only),COMPATIBILITY_ONLY_NOT_PRODUCTION,21006.2458,18687.5319,-61.6222,1247,1247,0.00293352,-0.13859161,0.00938335,0.00293352,61.6222,21006.2458,OK,0.0000,-2.4649,4.0000,96.0000,AG03-UNRESOLVED,ALL5_LEVELS_bet23_to_bet27,-2.4649,-2.4649,-2.4649,-4.3136,-4.3136,4.000000,4.000000,4.000000,7.000000,7.000000,96.000000,96.000000,96.000000,93.000000,93.000000,5.0,-16.0218,-14.4684,-45.6004,-47.1538,PENDING_AG03,FALSE,NOT_FOR_ENFORCEMENT,-59.1573,17940.0307,-61.6222,-59.1573,-2.4649,-0.00293352,-0.00281618,-2.4649,-59.1573,-0.00281618,-2.4649,-2.4649,-2.4649,-4.3136,-4.3136,-59.1573,-0.00281618,-16.0218,-14.4684,-45.6004,-47.1538,-0.00217080,-0.00224475,-0.00011734,16.8454,14.9860,-0.0494,-0.6419,-0.0525,218.8151,12.9896,13.0801,17.0694,10.3857,11.0045,21.0062,31.5093,42.0124,42.1647,10.5412,0.0,3.81775,3.831594,1.530778,30,171,130,2,0.04358735,-0.00293352,0.13859161,0E-8,0.000000,0.889618,0.000000,-0.14797496,2026-03-22,2026-08-05,96,1173,774,137,0.700730,0.766291,0.776478,0.145291,,,,,,,,GLOBAL_BASELINE_NO_ENTITY_RANKING,,,NOT_APPLICABLE_GLOBAL_BASELINE,HF9g-P5,,,,X 全窗基线 · 不参与实体赏罚,3927120,393,A168_HF9F_20260827_0900,2026-08-27 09:00:00
2026-05-13,91797317,2266,0,42.0123936561,42.0123936561,42.0123936561,1.0000000,1,1,0.49324550000000000,0.493245500000,1.01360149184955,1.01360149184955,1.01360149184955,0E-17,ELIGIBLE,R03b_20260811_FULL_v1,L1_ELIGIBILITY,v2026-08-11,2026-03-21..2026-08-06,baccarat_bet02_101_all_pairs_incl_sentinel,round_win = game_pnl > 0 (decisive only),COMPATIBILITY_ONLY_NOT_PRODUCTION,21006.2458,18687.5319,-61.6222,1247,1247,0.00293352,-0.13859161,0.00938335,0.00293352,61.6222,21006.2458,OK,0.0000,-2.4649,4.0000,96.0000,AG03-UNRESOLVED,ALL5_LEVELS_bet23_to_bet27,-2.4649,-2.4649,-2.4649,-4.3136,-4.3136,4.000000,4.000000,4.000000,7.000000,7.000000,96.000000,96.000000,96.000000,93.000000,93.000000,5.0,-16.0218,-14.4684,-45.6004,-47.1538,PENDING_AG03,FALSE,NOT_FOR_ENFORCEMENT,-59.1573,17940.0307,-61.6222,-59.1573,-2.4649,-0.00293352,-0.00281618,-2.4649,-59.1573,-0.00281618,-2.4649,-2.4649,-2.4649,-4.3136,-4.3136,-59.1573,-0.00281618,-16.0218,-14.4684,-45.6004,-47.1538,-0.00217080,-0.00224475,-0.00011734,16.8454,14.9860,-0.0494,-0.6419,-0.0525,218.8151,12.9896,13.0801,17.0694,10.3857,11.0045,21.0062,31.5093,42.0124,42.1647,10.5412,0.0,3.81775,3.831594,1.530778,30,171,130,2,0.04358735,-0.00293352,0.13859161,0E-8,0.000000,0.889618,0.000000,-0.14797496,2026-03-22,2026-08-05,96,1173,774,137,0.700730,0.766291,0.776478,0.145291,,,,,,,,GLOBAL_BASELINE_NO_ENTITY_RANKING,,,NOT_APPLICABLE_GLOBAL_BASELINE,HF9g-P5,,,,X 全窗基线 · 不参与实体赏罚,3927121,393,A168_HF9F_20260827_0900,2026-08-27 09:00:00
2026-05-13,91797317,2271,0,42.0123936561,42.0123936561,42.0123936561,1.0000000,1,1,0.49324550000000000,0.493245500000,1.01360149184955,1.01360149184955,1.01360149184955,0E-17,ELIGIBLE,R03b_20260811_FULL_v1,L1_ELIGIBILITY,v2026-08-11,2026-03-21..2026-08-06,baccarat_bet02_101_all_pairs_incl_sentinel,round_win = game_pnl > 0 (decisive only),COMPATIBILITY_ONLY_NOT_PRODUCTION,21006.2458,18687.5319,-61.6222,1247,1247,0.00293352,-0.13859161,0.00938335,0.00293352,61.6222,21006.2458,OK,0.0000,-2.4649,4.0000,96.0000,AG03-UNRESOLVED,ALL5_LEVELS_bet23_to_bet27,-2.4649,-2.4649,-2.4649,-4.3136,-4.3136,4.000000,4.000000,4.000000,7.000000,7.000000,96.000000,96.000000,96.000000,93.000000,93.000000,5.0,-16.0218,-14.4684,-45.6004,-47.1538,PENDING_AG03,FALSE,NOT_FOR_ENFORCEMENT,-59.1573,17940.0307,-61.6222,-59.1573,-2.4649,-0.00293352,-0.00281618,-2.4649,-59.1573,-0.00281618,-2.4649,-2.4649,-2.4649,-4.3136,-4.3136,-59.1573,-0.00281618,-16.0218,-14.4684,-45.6004,-47.1538,-0.00217080,-0.00224475,-0.00011734,16.8454,14.9860,-0.0494,-0.6419,-0.0525,218.8151,12.9896,13.0801,17.0694,10.3857,11.0045,21.0062,31.5093,42.0124,42.1647,10.5412,0.0,3.81775,3.831594,1.530778,30,171,130,2,0.04358735,-0.00293352,0.13859161,0E-8,0.000000,0.889618,0.000000,-0.14797496,2026-03-22,2026-08-05,96,1173,774,137,0.700730,0.766291,0.776478,0.145291,,,,,,,,GLOBAL_BASELINE_NO_ENTITY_RANKING,,,NOT_APPLICABLE_GLOBAL_BASELINE,HF9g-P5,,,,X 全窗基线 · 不参与实体赏罚,3927122,393,A168_HF9F_20260827_0900,2026-08-27 09:00:00
2026-05-13,91797317,462,0,52.5154920702,21.0061968281,21.0061968281,1.0000000,2,2,0.49324550000000000,0.493245500000,1.01360149184955,1.01360149184955,1.01360149184955,0E-17,ELIGIBLE,R03b_20260811_FULL_v1,L1_ELIGIBILITY,v2026-08-11,2026-03-21..2026-08-06,baccarat_bet02_101_all_pairs_incl_sentinel,round_win = game_pnl > 0 (decisive only),COMPATIBILITY_ONLY_NOT_PRODUCTION,21006.2458,18687.5319,-61.6222,1247,1247,0.00293352,-0.13859161,0.00938335,0.00293352,61.6222,21006.2458,OK,0.0000,-2.4649,4.0000,96.0000,AG03-UNRESOLVED,ALL5_LEVELS_bet23_to_bet27,-2.4649,-2.4649,-2.4649,-4.3136,-4.3136,4.000000,4.000000,4.000000,7.000000,7.000000,96.000000,96.000000,96.000000,93.000000,93.000000,5.0,-16.0218,-14.4684,-45.6004,-47.1538,PENDING_AG03,FALSE,NOT_FOR_ENFORCEMENT,-59.1573,17940.0307,-61.6222,-59.1573,-2.4649,-0.00293352,-0.00281618,-2.4649,-59.1573,-0.00281618,-2.4649,-2.4649,-2.4649,-4.3136,-4.3136,-59.1573,-0.00281618,-16.0218,-14.4684,-45.6004,-47.1538,-0.00217080,-0.00224475,-0.00011734,16.8454,14.9860,-0.0494,-0.6419,-0.0525,218.8151,12.9896,13.0801,17.0694,10.3857,11.0045,21.0062,31.5093,42.0124,42.1647,10.5412,0.0,3.81775,3.831594,1.530778,30,171,130,2,0.04358735,-0.00293352,0.13859161,0E-8,0.000000,0.889618,0.000000,-0.14797496,2026-03-22,2026-08-05,96,1173,774,137,0.700730,0.766291,0.776478,0.145291,,,,,,,,GLOBAL_BASELINE_NO_ENTITY_RANKING,,,NOT_APPLICABLE_GLOBAL_BASELINE,HF9g-P5,,,,X 全窗基线 · 不参与实体赏罚,3927123,393,A168_HF9F_20260827_0900,2026-08-27 09:00:00
2026-05-13,91797317,526,0,63.0185904842,21.0061968280,21.0061968280,0.5000000,2,2,0.49994810000000000,0.499948100000,0.00014679536856514622,0.00014679536856514622,0.00014679536856514622,0E-17,ELIGIBLE,R03b_20260811_FULL_v1,L1_ELIGIBILITY,v2026-08-11,2026-03-21..2026-08-06,baccarat_bet02_101_all_pairs_incl_sentinel,round_win = game_pnl > 0 (decisive only),COMPATIBILITY_ONLY_NOT_PRODUCTION,21006.2458,18687.5319,-61.6222,1247,1247,0.00293352,-0.13859161,0.00938335,0.00293352,61.6222,21006.2458,OK,0.0000,-2.4649,4.0000,96.0000,AG03-UNRESOLVED,ALL5_LEVELS_bet23_to_bet27,-2.4649,-2.4649,-2.4649,-4.3136,-4.3136,4.000000,4.000000,4.000000,7.000000,7.000000,96.000000,96.000000,96.000000,93.000000,93.000000,5.0,-16.0218,-14.4684,-45.6004,-47.1538,PENDING_AG03,FALSE,NOT_FOR_ENFORCEMENT,-59.1573,17940.0307,-61.6222,-59.1573,-2.4649,-0.00293352,-0.00281618,-2.4649,-59.1573,-0.00281618,-2.4649,-2.4649,-2.4649,-4.3136,-4.3136,-59.1573,-0.00281618,-16.0218,-14.4684,-45.6004,-47.1538,-0.00217080,-0.00224475,-0.00011734,16.8454,14.9860,-0.0494,-0.6419,-0.0525,218.8151,12.9896,13.0801,17.0694,10.3857,11.0045,21.0062,31.5093,42.0124,42.1647,10.5412,0.0,3.81775,3.831594,1.530778,30,171,130,2,0.04358735,-0.00293352,0.13859161,0E-8,0.000000,0.889618,0.000000,-0.14797496,2026-03-22,2026-08-05,96,1173,774,137,0.700730,0.766291,0.776478,0.145291,,,,,,,,GLOBAL_BASELINE_NO_ENTITY_RANKING,,,NOT_APPLICABLE_GLOBAL_BASELINE,HF9g-P5,,,,X 全窗基线 · 不参与实体赏罚,3927124,393,A168_HF9F_20260827_0900,2026-08-27 09:00:00
2026-05-13,91797317,550,0,21.0061968281,21.0061968281,21.0061968281,1.0000000,1,1,0.49324550000000000,0.493245500000,1.01360149184955,1.01360149184955,1.01360149184955,0E-17,ELIGIBLE,R03b_20260811_FULL_v1,L1_ELIGIBILITY,v2026-08-11,2026-03-21..2026-08-06,baccarat_bet02_101_all_pairs_incl_sentinel,round_win = game_pnl > 0 (decisive only),COMPATIBILITY_ONLY_NOT_PRODUCTION,21006.2458,18687.5319,-61.6222,1247,1247,0.00293352,-0.13859161,0.00938335,0.00293352,61.6222,21006.2458,OK,0.0000,-2.4649,4.0000,96.0000,AG03-UNRESOLVED,ALL5_LEVELS_bet23_to_bet27,-2.4649,-2.4649,-2.4649,-4.3136,-4.3136,4.000000,4.000000,4.000000,7.000000,7.000000,96.000000,96.000000,96.000000,93.000000,93.000000,5.0,-16.0218,-14.4684,-45.6004,-47.1538,PENDING_AG03,FALSE,NOT_FOR_ENFORCEMENT,-59.1573,17940.0307,-61.6222,-59.1573,-2.4649,-0.00293352,-0.00281618,-2.4649,-59.1573,-0.00281618,-2.4649,-2.4649,-2.4649,-4.3136,-4.3136,-59.1573,-0.00281618,-16.0218,-14.4684,-45.6004,-47.1538,-0.00217080,-0.00224475,-0.00011734,16.8454,14.9860,-0.0494,-0.6419,-0.0525,218.8151,12.9896,13.0801,17.0694,10.3857,11.0045,21.0062,31.5093,42.0124,42.1647,10.5412,0.0,3.81775,3.831594,1.530778,30,171,130,2,0.04358735,-0.00293352,0.13859161,0E-8,0.000000,0.889618,0.000000,-0.14797496,2026-03-22,2026-08-05,96,1173,774,137,0.700730,0.766291,0.776478,0.145291,,,,,,,,GLOBAL_BASELINE_NO_ENTITY_RANKING,,,NOT_APPLICABLE_GLOBAL_BASELINE,HF9g-P5,,,,X 全窗基线 · 不参与实体赏罚,3927125,393,A168_HF9F_20260827_0900,2026-08-27 09:00:00
2026-05-13,91797317,583,0,10.5030984140,10.5030984140,10.5030984140,1.0000000,1,1,0.49324550000000000,0.493245500000,1.01360149184955,1.01360149184955,1.01360149184955,0E-17,ELIGIBLE,R03b_20260811_FULL_v1,L1_ELIGIBILITY,v2026-08-11,2026-03-21..2026-08-06,baccarat_bet02_101_all_pairs_incl_sentinel,round_win = game_pnl > 0 (decisive only),COMPATIBILITY_ONLY_NOT_PRODUCTION,21006.2458,18687.5319,-61.6222,1247,1247,0.00293352,-0.13859161,0.00938335,0.00293352,61.6222,21006.2458,OK,0.0000,-2.4649,4.0000,96.0000,AG03-UNRESOLVED,ALL5_LEVELS_bet23_to_bet27,-2.4649,-2.4649,-2.4649,-4.3136,-4.3136,4.000000,4.000000,4.000000,7.000000,7.000000,96.000000,96.000000,96.000000,93.000000,93.000000,5.0,-16.0218,-14.4684,-45.6004,-47.1538,PENDING_AG03,FALSE,NOT_FOR_ENFORCEMENT,-59.1573,17940.0307,-61.6222,-59.1573,-2.4649,-0.00293352,-0.00281618,-2.4649,-59.1573,-0.00281618,-2.4649,-2.4649,-2.4649,-4.3136,-4.3136,-59.1573,-0.00281618,-16.0218,-14.4684,-45.6004,-47.1538,-0.00217080,-0.00224475,-0.00011734,16.8454,14.9860,-0.0494,-0.6419,-0.0525,218.8151,12.9896,13.0801,17.0694,10.3857,11.0045,21.0062,31.5093,42.0124,42.1647,10.5412,0.0,3.81775,3.831594,1.530778,30,171,130,2,0.04358735,-0.00293352,0.13859161,0E-8,0.000000,0.889618,0.000000,-0.14797496,2026-03-22,2026-08-05,96,1173,774,137,0.700730,0.766291,0.776478,0.145291,,,,,,,,GLOBAL_BASELINE_NO_ENTITY_RANKING,,,NOT_APPLICABLE_GLOBAL_BASELINE,HF9g-P5,,,,X 全窗基线 · 不参与实体赏罚,3927126,393,A168_HF9F_20260827_0900,2026-08-27 09:00:00
2026-05-13,91797317,772,0,31.5092952421,10.5030984141,10.5030984141,0.5000000,2,2,0.49324550000000000,0.493245500000,0.01910635448239258,0.01910635448239258,0.01910635448239258,0E-17,ELIGIBLE,R03b_20260811_FULL_v1,L1_ELIGIBILITY,v2026-08-11,2026-03-21..2026-08-06,baccarat_bet02_101_all_pairs_incl_sentinel,round_win = game_pnl > 0 (decisive only),COMPATIBILITY_ONLY_NOT_PRODUCTION,21006.2458,18687.5319,-61.6222,1247,1247,0.00293352,-0.13859161,0.00938335,0.00293352,61.6222,21006.2458,OK,0.0000,-2.4649,4.0000,96.0000,AG03-UNRESOLVED,ALL5_LEVELS_bet23_to_bet27,-2.4649,-2.4649,-2.4649,-4.3136,-4.3136,4.000000,4.000000,4.000000,7.000000,7.000000,96.000000,96.000000,96.000000,93.000000,93.000000,5.0,-16.0218,-14.4684,-45.6004,-47.1538,PENDING_AG03,FALSE,NOT_FOR_ENFORCEMENT,-59.1573,17940.0307,-61.6222,-59.1573,-2.4649,-0.00293352,-0.00281618,-2.4649,-59.1573,-0.00281618,-2.4649,-2.4649,-2.4649,-4.3136,-4.3136,-59.1573,-0.00281618,-16.0218,-14.4684,-45.6004,-47.1538,-0.00217080,-0.00224475,-0.00011734,16.8454,14.9860,-0.0494,-0.6419,-0.0525,218.8151,12.9896,13.0801,17.0694,10.3857,11.0045,21.0062,31.5093,42.0124,42.1647,10.5412,0.0,3.81775,3.831594,1.530778,30,171,130,2,0.04358735,-0.00293352,0.13859161,0E-8,0.000000,0.889618,0.000000,-0.14797496,2026-03-22,2026-08-05,96,1173,774,137,0.700730,0.766291,0.776478,0.145291,,,,,,,,GLOBAL_BASELINE_NO_ENTITY_RANKING,,,NOT_APPLICABLE_GLOBAL_BASELINE,HF9g-P5,,,,X 全窗基线 · 不参与实体赏罚,3927127,393,A168_HF9F_20260827_0900,2026-08-27 09:00:00
2026-05-13,91797317,789,0,21.0061968281,-21.0061968281,-21.0061968281,0E-7,1,1,0.49324550000000000,0.493245500000,-0.9865810262130424,-0.9865810262130424,-0.9865810262130424,0E-17,ELIGIBLE,R03b_20260811_FULL_v1,L1_ELIGIBILITY,v2026-08-11,2026-03-21..2026-08-06,baccarat_bet02_101_all_pairs_incl_sentinel,round_win = game_pnl > 0 (decisive only),COMPATIBILITY_ONLY_NOT_PRODUCTION,21006.2458,18687.5319,-61.6222,1247,1247,0.00293352,-0.13859161,0.00938335,0.00293352,61.6222,21006.2458,OK,0.0000,-2.4649,4.0000,96.0000,AG03-UNRESOLVED,ALL5_LEVELS_bet23_to_bet27,-2.4649,-2.4649,-2.4649,-4.3136,-4.3136,4.000000,4.000000,4.000000,7.000000,7.000000,96.000000,96.000000,96.000000,93.000000,93.000000,5.0,-16.0218,-14.4684,-45.6004,-47.1538,PENDING_AG03,FALSE,NOT_FOR_ENFORCEMENT,-59.1573,17940.0307,-61.6222,-59.1573,-2.4649,-0.00293352,-0.00281618,-2.4649,-59.1573,-0.00281618,-2.4649,-2.4649,-2.4649,-4.3136,-4.3136,-59.1573,-0.00281618,-16.0218,-14.4684,-45.6004,-47.1538,-0.00217080,-0.00224475,-0.00011734,16.8454,14.9860,-0.0494,-0.6419,-0.0525,218.8151,12.9896,13.0801,17.0694,10.3857,11.0045,21.0062,31.5093,42.0124,42.1647,10.5412,0.0,3.81775,3.831594,1.530778,30,171,130,2,0.04358735,-0.00293352,0.13859161,0E-8,0.000000,0.889618,0.000000,-0.14797496,2026-03-22,2026-08-05,96,1173,774,137,0.700730,0.766291,0.776478,0.145291,,,,,,,,GLOBAL_BASELINE_NO_ENTITY_RANKING,,,NOT_APPLICABLE_GLOBAL_BASELINE,HF9g-P5,,,,X 全窗基线 · 不参与实体赏罚,3927128,393,A168_HF9F_20260827_0900,2026-08-27 09:00:00
2026-05-13,91797317,986,0,42.0123936562,21.0061968281,21.0061968281,1.0000000,2,2,0.49324550000000000,0.493245500000,1.01360149184955,1.01360149184955,1.01360149184955,0E-17,ELIGIBLE,R03b_20260811_FULL_v1,L1_ELIGIBILITY,v2026-08-11,2026-03-21..2026-08-06,baccarat_bet02_101_all_pairs_incl_sentinel,round_win = game_pnl > 0 (decisive only),COMPATIBILITY_ONLY_NOT_PRODUCTION,21006.2458,18687.5319,-61.6222,1247,1247,0.00293352,-0.13859161,0.00938335,0.00293352,61.6222,21006.2458,OK,0.0000,-2.4649,4.0000,96.0000,AG03-UNRESOLVED,ALL5_LEVELS_bet23_to_bet27,-2.4649,-2.4649,-2.4649,-4.3136,-4.3136,4.000000,4.000000,4.000000,7.000000,7.000000,96.000000,96.000000,96.000000,93.000000,93.000000,5.0,-16.0218,-14.4684,-45.6004,-47.1538,PENDING_AG03,FALSE,NOT_FOR_ENFORCEMENT,-59.1573,17940.0307,-61.6222,-59.1573,-2.4649,-0.00293352,-0.00281618,-2.4649,-59.1573,-0.00281618,-2.4649,-2.4649,-2.4649,-4.3136,-4.3136,-59.1573,-0.00281618,-16.0218,-14.4684,-45.6004,-47.1538,-0.00217080,-0.00224475,-0.00011734,16.8454,14.9860,-0.0494,-0.6419,-0.0525,218.8151,12.9896,13.0801,17.0694,10.3857,11.0045,21.0062,31.5093,42.0124,42.1647,10.5412,0.0,3.81775,3.831594,1.530778,30,171,130,2,0.04358735,-0.00293352,0.13859161,0E-8,0.000000,0.889618,0.000000,-0.14797496,2026-03-22,2026-08-05,96,1173,774,137,0.700730,0.766291,0.776478,0.145291,,,,,,,,GLOBAL_BASELINE_NO_ENTITY_RANKING,,,NOT_APPLICABLE_GLOBAL_BASELINE,HF9g-P5,,,,X 全窗基线 · 不参与实体赏罚,3927129,393,A168_HF9F_20260827_0900,2026-08-27 09:00:00
2026-05-14,91797317,-1,1,672.1982984983,-126.0371809685,-126.0371809685,0.3636364,24,24,0.49324550000000000,0.493245500000,-1.2159524281491192,-1.2159524281491194,-1.2159524281491192,0E-17,SENTINEL_DEALER,R03b_20260811_FULL_v1,L1_ELIGIBILITY,v2026-08-11,2026-03-21..2026-08-06,baccarat_bet02_101_all_pairs_incl_sentinel,round_win = game_pnl > 0 (decisive only),COMPATIBILITY_ONLY_NOT_PRODUCTION,21006.2458,18687.5319,-61.6222,1247,1247,0.00293352,-0.13859161,0.00938335,0.00293352,61.6222,21006.2458,OK,0.0000,-2.4649,4.0000,96.0000,AG03-UNRESOLVED,ALL5_LEVELS_bet23_to_bet27,-2.4649,-2.4649,-2.4649,-4.3136,-4.3136,4.000000,4.000000,4.000000,7.000000,7.000000,96.000000,96.000000,96.000000,93.000000,93.000000,5.0,-16.0218,-14.4684,-45.6004,-47.1538,PENDING_AG03,FALSE,NOT_FOR_ENFORCEMENT,-59.1573,17940.0307,-61.6222,-59.1573,-2.4649,-0.00293352,-0.00281618,-2.4649,-59.1573,-0.00281618,-2.4649,-2.4649,-2.4649,-4.3136,-4.3136,-59.1573,-0.00281618,-16.0218,-14.4684,-45.6004,-47.1538,-0.00217080,-0.00224475,-0.00011734,16.8454,14.9860,-0.0494,-0.6419,-0.0525,218.8151,12.9896,13.0801,17.0694,10.3857,11.0045,21.0062,31.5093,42.0124,42.1647,10.5412,0.0,3.81775,3.831594,1.530778,30,171,130,2,0.04358735,-0.00293352,0.13859161,0E-8,0.000000,0.889618,0.000000,-0.14797496,2026-03-22,2026-08-05,96,1173,774,137,0.700730,0.766291,0.776478,0.145291,,,,,,,,GLOBAL_BASELINE_NO_ENTITY_RANKING,,,NOT_APPLICABLE_GLOBAL_BASELINE,HF9g-P5,,,,X 全窗基线 · 不参与实体赏罚,3927130,393,A168_HF9F_20260827_0900,2026-08-27 09:00:00
2026-05-14,91797317,1205,0,10.5030984140,10.5030984140,10.5030984140,1.0000000,1,1,0.49324550000000000,0.493245500000,1.01360149184955,1.01360149184955,1.01360149184955,0E-17,ELIGIBLE,R03b_20260811_FULL_v1,L1_ELIGIBILITY,v2026-08-11,2026-03-21..2026-08-06,baccarat_bet02_101_all_pairs_incl_sentinel,round_win = game_pnl > 0 (decisive only),COMPATIBILITY_ONLY_NOT_PRODUCTION,21006.2458,18687.5319,-61.6222,1247,1247,0.00293352,-0.13859161,0.00938335,0.00293352,61.6222,21006.2458,OK,0.0000,-2.4649,4.0000,96.0000,AG03-UNRESOLVED,ALL5_LEVELS_bet23_to_bet27,-2.4649,-2.4649,-2.4649,-4.3136,-4.3136,4.000000,4.000000,4.000000,7.000000,7.000000,96.000000,96.000000,96.000000,93.000000,93.000000,5.0,-16.0218,-14.4684,-45.6004,-47.1538,PENDING_AG03,FALSE,NOT_FOR_ENFORCEMENT,-59.1573,17940.0307,-61.6222,-59.1573,-2.4649,-0.00293352,-0.00281618,-2.4649,-59.1573,-0.00281618,-2.4649,-2.4649,-2.4649,-4.3136,-4.3136,-59.1573,-0.00281618,-16.0218,-14.4684,-45.6004,-47.1538,-0.00217080,-0.00224475,-0.00011734,16.8454,14.9860,-0.0494,-0.6419,-0.0525,218.8151,12.9896,13.0801,17.0694,10.3857,11.0045,21.0062,31.5093,42.0124,42.1647,10.5412,0.0,3.81775,3.831594,1.530778,30,171,130,2,0.04358735,-0.00293352,0.13859161,0E-8,0.000000,0.889618,0.000000,-0.14797496,2026-03-22,2026-08-05,96,1173,774,137,0.700730,0.766291,0.776478,0.145291,,,,,,,,GLOBAL_BASELINE_NO_ENTITY_RANKING,,,NOT_APPLICABLE_GLOBAL_BASELINE,HF9g-P5,,,,X 全窗基线 · 不参与实体赏罚,3927131,393,A168_HF9F_20260827_0900,2026-08-27 09:00:00
2026-05-14,91797317,1302,0,63.0185904842,63.0185904842,63.0185904842,1.0000000,1,1,0.49324550000000000,0.493245500000,1.01360149184955,1.01360149184955,1.01360149184955,0E-17,ELIGIBLE,R03b_20260811_FULL_v1,L1_ELIGIBILITY,v2026-08-11,2026-03-21..2026-08-06,baccarat_bet02_101_all_pairs_incl_sentinel,round_win = game_pnl > 0 (decisive only),COMPATIBILITY_ONLY_NOT_PRODUCTION,21006.2458,18687.5319,-61.6222,1247,1247,0.00293352,-0.13859161,0.00938335,0.00293352,61.6222,21006.2458,OK,0.0000,-2.4649,4.0000,96.0000,AG03-UNRESOLVED,ALL5_LEVELS_bet23_to_bet27,-2.4649,-2.4649,-2.4649,-4.3136,-4.3136,4.000000,4.000000,4.000000,7.000000,7.000000,96.000000,96.000000,96.000000,93.000000,93.000000,5.0,-16.0218,-14.4684,-45.6004,-47.1538,PENDING_AG03,FALSE,NOT_FOR_ENFORCEMENT,-59.1573,17940.0307,-61.6222,-59.1573,-2.4649,-0.00293352,-0.00281618,-2.4649,-59.1573,-0.00281618,-2.4649,-2.4649,-2.4649,-4.3136,-4.3136,-59.1573,-0.00281618,-16.0218,-14.4684,-45.6004,-47.1538,-0.00217080,-0.00224475,-0.00011734,16.8454,14.9860,-0.0494,-0.6419,-0.0525,218.8151,12.9896,13.0801,17.0694,10.3857,11.0045,21.0062,31.5093,42.0124,42.1647,10.5412,0.0,3.81775,3.831594,1.530778,30,171,130,2,0.04358735,-0.00293352,0.13859161,0E-8,0.000000,0.889618,0.000000,-0.14797496,2026-03-22,2026-08-05,96,1173,774,137,0.700730,0.766291,0.776478,0.145291,,,,,,,,GLOBAL_BASELINE_NO_ENTITY_RANKING,,,NOT_APPLICABLE_GLOBAL_BASELINE,HF9g-P5,,,,X 全窗基线 · 不参与实体赏罚,3927132,393,A168_HF9F_20260827_0900,2026-08-27 09:00:00
2026-05-14,91797317,1307,0,21.0061968281,21.0061968281,21.0061968281,1.0000000,1,1,0.49324550000000000,0.493245500000,1.01360149184955,1.01360149184955,1.01360149184955,0E-17,ELIGIBLE,R03b_20260811_FULL_v1,L1_ELIGIBILITY,v2026-08-11,2026-03-21..2026-08-06,baccarat_bet02_101_all_pairs_incl_sentinel,round_win = game_pnl > 0 (decisive only),COMPATIBILITY_ONLY_NOT_PRODUCTION,21006.2458,18687.5319,-61.6222,1247,1247,0.00293352,-0.13859161,0.00938335,0.00293352,61.6222,21006.2458,OK,0.0000,-2.4649,4.0000,96.0000,AG03-UNRESOLVED,ALL5_LEVELS_bet23_to_bet27,-2.4649,-2.4649,-2.4649,-4.3136,-4.3136,4.000000,4.000000,4.000000,7.000000,7.000000,96.000000,96.000000,96.000000,93.000000,93.000000,5.0,-16.0218,-14.4684,-45.6004,-47.1538,PENDING_AG03,FALSE,NOT_FOR_ENFORCEMENT,-59.1573,17940.0307,-61.6222,-59.1573,-2.4649,-0.00293352,-0.00281618,-2.4649,-59.1573,-0.00281618,-2.4649,-2.4649,-2.4649,-4.3136,-4.3136,-59.1573,-0.00281618,-16.0218,-14.4684,-45.6004,-47.1538,-0.00217080,-0.00224475,-0.00011734,16.8454,14.9860,-0.0494,-0.6419,-0.0525,218.8151,12.9896,13.0801,17.0694,10.3857,11.0045,21.0062,31.5093,42.0124,42.1647,10.5412,0.0,3.81775,3.831594,1.530778,30,171,130,2,0.04358735,-0.00293352,0.13859161,0E-8,0.000000,0.889618,0.000000,-0.14797496,2026-03-22,2026-08-05,96,1173,774,137,0.700730,0.766291,0.776478,0.145291,,,,,,,,GLOBAL_BASELINE_NO_ENTITY_RANKING,,,NOT_APPLICABLE_GLOBAL_BASELINE,HF9g-P5,,,,X 全窗基线 · 不参与实体赏罚,3927133,393,A168_HF9F_20260827_0900,2026-08-27 09:00:00
2026-05-14,91797317,1374,0,42.0123936561,-42.0123936561,-42.0123936561,0E-7,1,1,0.49324550000000000,0.493245500000,-0.9865810262130424,-0.9865810262130424,-0.9865810262130424,0E-17,ELIGIBLE,R03b_20260811_FULL_v1,L1_ELIGIBILITY,v2026-08-11,2026-03-21..2026-08-06,baccarat_bet02_101_all_pairs_incl_sentinel,round_win = game_pnl > 0 (decisive only),COMPATIBILITY_ONLY_NOT_PRODUCTION,21006.2458,18687.5319,-61.6222,1247,1247,0.00293352,-0.13859161,0.00938335,0.00293352,61.6222,21006.2458,OK,0.0000,-2.4649,4.0000,96.0000,AG03-UNRESOLVED,ALL5_LEVELS_bet23_to_bet27,-2.4649,-2.4649,-2.4649,-4.3136,-4.3136,4.000000,4.000000,4.000000,7.000000,7.000000,96.000000,96.000000,96.000000,93.000000,93.000000,5.0,-16.0218,-14.4684,-45.6004,-47.1538,PENDING_AG03,FALSE,NOT_FOR_ENFORCEMENT,-59.1573,17940.0307,-61.6222,-59.1573,-2.4649,-0.00293352,-0.00281618,-2.4649,-59.1573,-0.00281618,-2.4649,-2.4649,-2.4649,-4.3136,-4.3136,-59.1573,-0.00281618,-16.0218,-14.4684,-45.6004,-47.1538,-0.00217080,-0.00224475,-0.00011734,16.8454,14.9860,-0.0494,-0.6419,-0.0525,218.8151,12.9896,13.0801,17.0694,10.3857,11.0045,21.0062,31.5093,42.0124,42.1647,10.5412,0.0,3.81775,3.831594,1.530778,30,171,130,2,0.04358735,-0.00293352,0.13859161,0E-8,0.000000,0.889618,0.000000,-0.14797496,2026-03-22,2026-08-05,96,1173,774,137,0.700730,0.766291,0.776478,0.145291,,,,,,,,GLOBAL_BASELINE_NO_ENTITY_RANKING,,,NOT_APPLICABLE_GLOBAL_BASELINE,HF9g-P5,,,,X 全窗基线 · 不参与实体赏罚,3927134,393,A168_HF9F_20260827_0900,2026-08-27 09:00:00
2026-05-14,91797317,1382,0,42.0123936561,0E-10,0E-10,,1,1,0.49324550000000000,0.493245500000,,,,0E-17,NO_DECISIVE_ROUND,R03b_20260811_FULL_v1,L1_ELIGIBILITY,v2026-08-11,2026-03-21..2026-08-06,baccarat_bet02_101_all_pairs_incl_sentinel,round_win = game_pnl > 0 (decisive only),COMPATIBILITY_ONLY_NOT_PRODUCTION,21006.2458,18687.5319,-61.6222,1247,1247,0.00293352,-0.13859161,0.00938335,0.00293352,61.6222,21006.2458,OK,0.0000,-2.4649,4.0000,96.0000,AG03-UNRESOLVED,ALL5_LEVELS_bet23_to_bet27,-2.4649,-2.4649,-2.4649,-4.3136,-4.3136,4.000000,4.000000,4.000000,7.000000,7.000000,96.000000,96.000000,96.000000,93.000000,93.000000,5.0,-16.0218,-14.4684,-45.6004,-47.1538,PENDING_AG03,FALSE,NOT_FOR_ENFORCEMENT,-59.1573,17940.0307,-61.6222,-59.1573,-2.4649,-0.00293352,-0.00281618,-2.4649,-59.1573,-0.00281618,-2.4649,-2.4649,-2.4649,-4.3136,-4.3136,-59.1573,-0.00281618,-16.0218,-14.4684,-45.6004,-47.1538,-0.00217080,-0.00224475,-0.00011734,16.8454,14.9860,-0.0494,-0.6419,-0.0525,218.8151,12.9896,13.0801,17.0694,10.3857,11.0045,21.0062,31.5093,42.0124,42.1647,10.5412,0.0,3.81775,3.831594,1.530778,30,171,130,2,0.04358735,-0.00293352,0.13859161,0E-8,0.000000,0.889618,0.000000,-0.14797496,2026-03-22,2026-08-05,96,1173,774,137,0.700730,0.766291,0.776478,0.145291,,,,,,,,GLOBAL_BASELINE_NO_ENTITY_RANKING,,,NOT_APPLICABLE_GLOBAL_BASELINE,HF9g-P5,,,,X 全窗基线 · 不参与实体赏罚,3927135,393,A168_HF9F_20260827_0900,2026-08-27 09:00:00
2026-05-14,91797317,1401,0,147.0433777964,63.0185904842,63.0185904842,0.7500000,4,4,0.49324550000000000,0.493245500000,1.0271117246678039,1.0271117246678039,1.0271117246678039,0E-17,ELIGIBLE,R03b_20260811_FULL_v1,L1_ELIGIBILITY,v2026-08-11,2026-03-21..2026-08-06,baccarat_bet02_101_all_pairs_incl_sentinel,round_win = game_pnl > 0 (decisive only),COMPATIBILITY_ONLY_NOT_PRODUCTION,21006.2458,18687.5319,-61.6222,1247,1247,0.00293352,-0.13859161,0.00938335,0.00293352,61.6222,21006.2458,OK,0.0000,-2.4649,4.0000,96.0000,AG03-UNRESOLVED,ALL5_LEVELS_bet23_to_bet27,-2.4649,-2.4649,-2.4649,-4.3136,-4.3136,4.000000,4.000000,4.000000,7.000000,7.000000,96.000000,96.000000,96.000000,93.000000,93.000000,5.0,-16.0218,-14.4684,-45.6004,-47.1538,PENDING_AG03,FALSE,NOT_FOR_ENFORCEMENT,-59.1573,17940.0307,-61.6222,-59.1573,-2.4649,-0.00293352,-0.00281618,-2.4649,-59.1573,-0.00281618,-2.4649,-2.4649,-2.4649,-4.3136,-4.3136,-59.1573,-0.00281618,-16.0218,-14.4684,-45.6004,-47.1538,-0.00217080,-0.00224475,-0.00011734,16.8454,14.9860,-0.0494,-0.6419,-0.0525,218.8151,12.9896,13.0801,17.0694,10.3857,11.0045,21.0062,31.5093,42.0124,42.1647,10.5412,0.0,3.81775,3.831594,1.530778,30,171,130,2,0.04358735,-0.00293352,0.13859161,0E-8,0.000000,0.889618,0.000000,-0.14797496,2026-03-22,2026-08-05,96,1173,774,137,0.700730,0.766291,0.776478,0.145291,,,,,,,,GLOBAL_BASELINE_NO_ENTITY_RANKING,,,NOT_APPLICABLE_GLOBAL_BASELINE,HF9g-P5,,,,X 全窗基线 · 不参与实体赏罚,3927136,393,A168_HF9F_20260827_0900,2026-08-27 09:00:00
2026-05-14,91797317,1490,0,21.0061968281,21.0061968281,21.0061968281,1.0000000,1,1,0.49324550000000000,0.493245500000,1.01360149184955,1.01360149184955,1.01360149184955,0E-17,ELIGIBLE,R03b_20260811_FULL_v1,L1_ELIGIBILITY,v2026-08-11,2026-03-21..2026-08-06,baccarat_bet02_101_all_pairs_incl_sentinel,round_win = game_pnl > 0 (decisive only),COMPATIBILITY_ONLY_NOT_PRODUCTION,21006.2458,18687.5319,-61.6222,1247,1247,0.00293352,-0.13859161,0.00938335,0.00293352,61.6222,21006.2458,OK,0.0000,-2.4649,4.0000,96.0000,AG03-UNRESOLVED,ALL5_LEVELS_bet23_to_bet27,-2.4649,-2.4649,-2.4649,-4.3136,-4.3136,4.000000,4.000000,4.000000,7.000000,7.000000,96.000000,96.000000,96.000000,93.000000,93.000000,5.0,-16.0218,-14.4684,-45.6004,-47.1538,PENDING_AG03,FALSE,NOT_FOR_ENFORCEMENT,-59.1573,17940.0307,-61.6222,-59.1573,-2.4649,-0.00293352,-0.00281618,-2.4649,-59.1573,-0.00281618,-2.4649,-2.4649,-2.4649,-4.3136,-4.3136,-59.1573,-0.00281618,-16.0218,-14.4684,-45.6004,-47.1538,-0.00217080,-0.00224475,-0.00011734,16.8454,14.9860,-0.0494,-0.6419,-0.0525,218.8151,12.9896,13.0801,17.0694,10.3857,11.0045,21.0062,31.5093,42.0124,42.1647,10.5412,0.0,3.81775,3.831594,1.530778,30,171,130,2,0.04358735,-0.00293352,0.13859161,0E-8,0.000000,0.889618,0.000000,-0.14797496,2026-03-22,2026-08-05,96,1173,774,137,0.700730,0.766291,0.776478,0.145291,,,,,,,,GLOBAL_BASELINE_NO_ENTITY_RANKING,,,NOT_APPLICABLE_GLOBAL_BASELINE,HF9g-P5,,,,X 全窗基线 · 不参与实体赏罚,3927137,393,A168_HF9F_20260827_0900,2026-08-27 09:00:00
2026-05-14,91797317,1646,0,21.0061968281,-21.0061968281,-21.0061968281,0E-7,1,1,0.49324550000000000,0.493245500000,-0.9865810262130424,-0.9865810262130424,-0.9865810262130424,0E-17,ELIGIBLE,R03b_20260811_FULL_v1,L1_ELIGIBILITY,v2026-08-11,2026-03-21..2026-08-06,baccarat_bet02_101_all_pairs_incl_sentinel,round_win = game_pnl > 0 (decisive only),COMPATIBILITY_ONLY_NOT_PRODUCTION,21006.2458,18687.5319,-61.6222,1247,1247,0.00293352,-0.13859161,0.00938335,0.00293352,61.6222,21006.2458,OK,0.0000,-2.4649,4.0000,96.0000,AG03-UNRESOLVED,ALL5_LEVELS_bet23_to_bet27,-2.4649,-2.4649,-2.4649,-4.3136,-4.3136,4.000000,4.000000,4.000000,7.000000,7.000000,96.000000,96.000000,96.000000,93.000000,93.000000,5.0,-16.0218,-14.4684,-45.6004,-47.1538,PENDING_AG03,FALSE,NOT_FOR_ENFORCEMENT,-59.1573,17940.0307,-61.6222,-59.1573,-2.4649,-0.00293352,-0.00281618,-2.4649,-59.1573,-0.00281618,-2.4649,-2.4649,-2.4649,-4.3136,-4.3136,-59.1573,-0.00281618,-16.0218,-14.4684,-45.6004,-47.1538,-0.00217080,-0.00224475,-0.00011734,16.8454,14.9860,-0.0494,-0.6419,-0.0525,218.8151,12.9896,13.0801,17.0694,10.3857,11.0045,21.0062,31.5093,42.0124,42.1647,10.5412,0.0,3.81775,3.831594,1.530778,30,171,130,2,0.04358735,-0.00293352,0.13859161,0E-8,0.000000,0.889618,0.000000,-0.14797496,2026-03-22,2026-08-05,96,1173,774,137,0.700730,0.766291,0.776478,0.145291,,,,,,,,GLOBAL_BASELINE_NO_ENTITY_RANKING,,,NOT_APPLICABLE_GLOBAL_BASELINE,HF9g-P5,,,,X 全窗基线 · 不参与实体赏罚,3927138,393,A168_HF9F_20260827_0900,2026-08-27 09:00:00
2026-05-14,91797317,1702,0,21.0061968281,0E-10,0E-10,,1,1,0.49324550000000000,0.493245500000,,,,0E-17,NO_DECISIVE_ROUND,R03b_20260811_FULL_v1,L1_ELIGIBILITY,v2026-08-11,2026-03-21..2026-08-06,baccarat_bet02_101_all_pairs_incl_sentinel,round_win = game_pnl > 0 (decisive only),COMPATIBILITY_ONLY_NOT_PRODUCTION,21006.2458,18687.5319,-61.6222,1247,1247,0.00293352,-0.13859161,0.00938335,0.00293352,61.6222,21006.2458,OK,0.0000,-2.4649,4.0000,96.0000,AG03-UNRESOLVED,ALL5_LEVELS_bet23_to_bet27,-2.4649,-2.4649,-2.4649,-4.3136,-4.3136,4.000000,4.000000,4.000000,7.000000,7.000000,96.000000,96.000000,96.000000,93.000000,93.000000,5.0,-16.0218,-14.4684,-45.6004,-47.1538,PENDING_AG03,FALSE,NOT_FOR_ENFORCEMENT,-59.1573,17940.0307,-61.6222,-59.1573,-2.4649,-0.00293352,-0.00281618,-2.4649,-59.1573,-0.00281618,-2.4649,-2.4649,-2.4649,-4.3136,-4.3136,-59.1573,-0.00281618,-16.0218,-14.4684,-45.6004,-47.1538,-0.00217080,-0.00224475,-0.00011734,16.8454,14.9860,-0.0494,-0.6419,-0.0525,218.8151,12.9896,13.0801,17.0694,10.3857,11.0045,21.0062,31.5093,42.0124,42.1647,10.5412,0.0,3.81775,3.831594,1.530778,30,171,130,2,0.04358735,-0.00293352,0.13859161,0E-8,0.000000,0.889618,0.000000,-0.14797496,2026-03-22,2026-08-05,96,1173,774,137,0.700730,0.766291,0.776478,0.145291,,,,,,,,GLOBAL_BASELINE_NO_ENTITY_RANKING,,,NOT_APPLICABLE_GLOBAL_BASELINE,HF9g-P5,,,,X 全窗基线 · 不参与实体赏罚,3927139,393,A168_HF9F_20260827_0900,2026-08-27 09:00:00
2026-05-14,91797317,1935,0,10.5030984140,-10.5030984140,-10.5030984140,0E-7,1,1,0.49324550000000000,0.493245500000,-0.9865810262130424,-0.9865810262130424,-0.9865810262130424,0E-17,ELIGIBLE,R03b_20260811_FULL_v1,L1_ELIGIBILITY,v2026-08-11,2026-03-21..2026-08-06,baccarat_bet02_101_all_pairs_incl_sentinel,round_win = game_pnl > 0 (decisive only),COMPATIBILITY_ONLY_NOT_PRODUCTION,21006.2458,18687.5319,-61.6222,1247,1247,0.00293352,-0.13859161,0.00938335,0.00293352,61.6222,21006.2458,OK,0.0000,-2.4649,4.0000,96.0000,AG03-UNRESOLVED,ALL5_LEVELS_bet23_to_bet27,-2.4649,-2.4649,-2.4649,-4.3136,-4.3136,4.000000,4.000000,4.000000,7.000000,7.000000,96.000000,96.000000,96.000000,93.000000,93.000000,5.0,-16.0218,-14.4684,-45.6004,-47.1538,PENDING_AG03,FALSE,NOT_FOR_ENFORCEMENT,-59.1573,17940.0307,-61.6222,-59.1573,-2.4649,-0.00293352,-0.00281618,-2.4649,-59.1573,-0.00281618,-2.4649,-2.4649,-2.4649,-4.3136,-4.3136,-59.1573,-0.00281618,-16.0218,-14.4684,-45.6004,-47.1538,-0.00217080,-0.00224475,-0.00011734,16.8454,14.9860,-0.0494,-0.6419,-0.0525,218.8151,12.9896,13.0801,17.0694,10.3857,11.0045,21.0062,31.5093,42.0124,42.1647,10.5412,0.0,3.81775,3.831594,1.530778,30,171,130,2,0.04358735,-0.00293352,0.13859161,0E-8,0.000000,0.889618,0.000000,-0.14797496,2026-03-22,2026-08-05,96,1173,774,137,0.700730,0.766291,0.776478,0.145291,,,,,,,,GLOBAL_BASELINE_NO_ENTITY_RANKING,,,NOT_APPLICABLE_GLOBAL_BASELINE,HF9g-P5,,,,X 全窗基线 · 不参与实体赏罚,3927140,393,A168_HF9F_20260827_0900,2026-08-27 09:00:00
2026-05-14,91797317,1940,0,21.0061968281,21.0061968281,21.0061968281,1.0000000,1,1,0.49324550000000000,0.493245500000,1.01360149184955,1.01360149184955,1.01360149184955,0E-17,ELIGIBLE,R03b_20260811_FULL_v1,L1_ELIGIBILITY,v2026-08-11,2026-03-21..2026-08-06,baccarat_bet02_101_all_pairs_incl_sentinel,round_win = game_pnl > 0 (decisive only),COMPATIBILITY_ONLY_NOT_PRODUCTION,21006.2458,18687.5319,-61.6222,1247,1247,0.00293352,-0.13859161,0.00938335,0.00293352,61.6222,21006.2458,OK,0.0000,-2.4649,4.0000,96.0000,AG03-UNRESOLVED,ALL5_LEVELS_bet23_to_bet27,-2.4649,-2.4649,-2.4649,-4.3136,-4.3136,4.000000,4.000000,4.000000,7.000000,7.000000,96.000000,96.000000,96.000000,93.000000,93.000000,5.0,-16.0218,-14.4684,-45.6004,-47.1538,PENDING_AG03,FALSE,NOT_FOR_ENFORCEMENT,-59.1573,17940.0307,-61.6222,-59.1573,-2.4649,-0.00293352,-0.00281618,-2.4649,-59.1573,-0.00281618,-2.4649,-2.4649,-2.4649,-4.3136,-4.3136,-59.1573,-0.00281618,-16.0218,-14.4684,-45.6004,-47.1538,-0.00217080,-0.00224475,-0.00011734,16.8454,14.9860,-0.0494,-0.6419,-0.0525,218.8151,12.9896,13.0801,17.0694,10.3857,11.0045,21.0062,31.5093,42.0124,42.1647,10.5412,0.0,3.81775,3.831594,1.530778,30,171,130,2,0.04358735,-0.00293352,0.13859161,0E-8,0.000000,0.889618,0.000000,-0.14797496,2026-03-22,2026-08-05,96,1173,774,137,0.700730,0.766291,0.776478,0.145291,,,,,,,,GLOBAL_BASELINE_NO_ENTITY_RANKING,,,NOT_APPLICABLE_GLOBAL_BASELINE,HF9g-P5,,,,X 全窗基线 · 不参与实体赏罚,3927141,393,A168_HF9F_20260827_0900,2026-08-27 09:00:00
2026-05-14,91797317,1941,0,42.0123936561,-42.0123936561,-42.0123936561,0E-7,1,1,0.49324550000000000,0.493245500000,-0.9865810262130424,-0.9865810262130424,-0.9865810262130424,0E-17,ELIGIBLE,R03b_20260811_FULL_v1,L1_ELIGIBILITY,v2026-08-11,2026-03-21..2026-08-06,baccarat_bet02_101_all_pairs_incl_sentinel,round_win = game_pnl > 0 (decisive only),COMPATIBILITY_ONLY_NOT_PRODUCTION,21006.2458,18687.5319,-61.6222,1247,1247,0.00293352,-0.13859161,0.00938335,0.00293352,61.6222,21006.2458,OK,0.0000,-2.4649,4.0000,96.0000,AG03-UNRESOLVED,ALL5_LEVELS_bet23_to_bet27,-2.4649,-2.4649,-2.4649,-4.3136,-4.3136,4.000000,4.000000,4.000000,7.000000,7.000000,96.000000,96.000000,96.000000,93.000000,93.000000,5.0,-16.0218,-14.4684,-45.6004,-47.1538,PENDING_AG03,FALSE,NOT_FOR_ENFORCEMENT,-59.1573,17940.0307,-61.6222,-59.1573,-2.4649,-0.00293352,-0.00281618,-2.4649,-59.1573,-0.00281618,-2.4649,-2.4649,-2.4649,-4.3136,-4.3136,-59.1573,-0.00281618,-16.0218,-14.4684,-45.6004,-47.1538,-0.00217080,-0.00224475,-0.00011734,16.8454,14.9860,-0.0494,-0.6419,-0.0525,218.8151,12.9896,13.0801,17.0694,10.3857,11.0045,21.0062,31.5093,42.0124,42.1647,10.5412,0.0,3.81775,3.831594,1.530778,30,171,130,2,0.04358735,-0.00293352,0.13859161,0E-8,0.000000,0.889618,0.000000,-0.14797496,2026-03-22,2026-08-05,96,1173,774,137,0.700730,0.766291,0.776478,0.145291,,,,,,,,GLOBAL_BASELINE_NO_ENTITY_RANKING,,,NOT_APPLICABLE_GLOBAL_BASELINE,HF9g-P5,,,,X 全窗基线 · 不参与实体赏罚,3927142,393,A168_HF9F_20260827_0900,2026-08-27 09:00:00
2026-05-14,91797317,1957,0,10.5030984140,-10.5030984140,-10.5030984140,0E-7,1,1,0.49324550000000000,0.493245500000,-0.9865810262130424,-0.9865810262130424,-0.9865810262130424,0E-17,ELIGIBLE,R03b_20260811_FULL_v1,L1_ELIGIBILITY,v2026-08-11,2026-03-21..2026-08-06,baccarat_bet02_101_all_pairs_incl_sentinel,round_win = game_pnl > 0 (decisive only),COMPATIBILITY_ONLY_NOT_PRODUCTION,21006.2458,18687.5319,-61.6222,1247,1247,0.00293352,-0.13859161,0.00938335,0.00293352,61.6222,21006.2458,OK,0.0000,-2.4649,4.0000,96.0000,AG03-UNRESOLVED,ALL5_LEVELS_bet23_to_bet27,-2.4649,-2.4649,-2.4649,-4.3136,-4.3136,4.000000,4.000000,4.000000,7.000000,7.000000,96.000000,96.000000,96.000000,93.000000,93.000000,5.0,-16.0218,-14.4684,-45.6004,-47.1538,PENDING_AG03,FALSE,NOT_FOR_ENFORCEMENT,-59.1573,17940.0307,-61.6222,-59.1573,-2.4649,-0.00293352,-0.00281618,-2.4649,-59.1573,-0.00281618,-2.4649,-2.4649,-2.4649,-4.3136,-4.3136,-59.1573,-0.00281618,-16.0218,-14.4684,-45.6004,-47.1538,-0.00217080,-0.00224475,-0.00011734,16.8454,14.9860,-0.0494,-0.6419,-0.0525,218.8151,12.9896,13.0801,17.0694,10.3857,11.0045,21.0062,31.5093,42.0124,42.1647,10.5412,0.0,3.81775,3.831594,1.530778,30,171,130,2,0.04358735,-0.00293352,0.13859161,0E-8,0.000000,0.889618,0.000000,-0.14797496,2026-03-22,2026-08-05,96,1173,774,137,0.700730,0.766291,0.776478,0.145291,,,,,,,,GLOBAL_BASELINE_NO_ENTITY_RANKING,,,NOT_APPLICABLE_GLOBAL_BASELINE,HF9g-P5,,,,X 全窗基线 · 不参与实体赏罚,3927143,393,A168_HF9F_20260827_0900,2026-08-27 09:00:00
2026-05-14,91797317,1966,0,84.0247873123,-63.0185904842,-63.0185904842,0E-7,3,3,0.49771390000000000,0.497713900000,-1.4077622098436522,-1.4077622098436524,-1.4077622098436522,0E-17,ELIGIBLE,R03b_20260811_FULL_v1,L1_ELIGIBILITY,v2026-08-11,2026-03-21..2026-08-06,baccarat_bet02_101_all_pairs_incl_sentinel,round_win = game_pnl > 0 (decisive only),COMPATIBILITY_ONLY_NOT_PRODUCTION,21006.2458,18687.5319,-61.6222,1247,1247,0.00293352,-0.13859161,0.00938335,0.00293352,61.6222,21006.2458,OK,0.0000,-2.4649,4.0000,96.0000,AG03-UNRESOLVED,ALL5_LEVELS_bet23_to_bet27,-2.4649,-2.4649,-2.4649,-4.3136,-4.3136,4.000000,4.000000,4.000000,7.000000,7.000000,96.000000,96.000000,96.000000,93.000000,93.000000,5.0,-16.0218,-14.4684,-45.6004,-47.1538,PENDING_AG03,FALSE,NOT_FOR_ENFORCEMENT,-59.1573,17940.0307,-61.6222,-59.1573,-2.4649,-0.00293352,-0.00281618,-2.4649,-59.1573,-0.00281618,-2.4649,-2.4649,-2.4649,-4.3136,-4.3136,-59.1573,-0.00281618,-16.0218,-14.4684,-45.6004,-47.1538,-0.00217080,-0.00224475,-0.00011734,16.8454,14.9860,-0.0494,-0.6419,-0.0525,218.8151,12.9896,13.0801,17.0694,10.3857,11.0045,21.0062,31.5093,42.0124,42.1647,10.5412,0.0,3.81775,3.831594,1.530778,30,171,130,2,0.04358735,-0.00293352,0.13859161,0E-8,0.000000,0.889618,0.000000,-0.14797496,2026-03-22,2026-08-05,96,1173,774,137,0.700730,0.766291,0.776478,0.145291,,,,,,,,GLOBAL_BASELINE_NO_ENTITY_RANKING,,,NOT_APPLICABLE_GLOBAL_BASELINE,HF9g-P5,,,,X 全窗基线 · 不参与实体赏罚,3927144,393,A168_HF9F_20260827_0900,2026-08-27 09:00:00
2026-05-14,91797317,2101,0,84.0247873122,-52.5154920702,-52.5154920702,0.3333333,4,4,0.49324550000000000,0.493245500000,-0.5540025479526107,-0.5540025479526106,-0.5540025479526107,0E-17,ELIGIBLE,R03b_20260811_FULL_v1,L1_ELIGIBILITY,v2026-08-11,2026-03-21..2026-08-06,baccarat_bet02_101_all_pairs_incl_sentinel,round_win = game_pnl > 0 (decisive only),COMPATIBILITY_ONLY_NOT_PRODUCTION,21006.2458,18687.5319,-61.6222,1247,1247,0.00293352,-0.13859161,0.00938335,0.00293352,61.6222,21006.2458,OK,0.0000,-2.4649,4.0000,96.0000,AG03-UNRESOLVED,ALL5_LEVELS_bet23_to_bet27,-2.4649,-2.4649,-2.4649,-4.3136,-4.3136,4.000000,4.000000,4.000000,7.000000,7.000000,96.000000,96.000000,96.000000,93.000000,93.000000,5.0,-16.0218,-14.4684,-45.6004,-47.1538,PENDING_AG03,FALSE,NOT_FOR_ENFORCEMENT,-59.1573,17940.0307,-61.6222,-59.1573,-2.4649,-0.00293352,-0.00281618,-2.4649,-59.1573,-0.00281618,-2.4649,-2.4649,-2.4649,-4.3136,-4.3136,-59.1573,-0.00281618,-16.0218,-14.4684,-45.6004,-47.1538,-0.00217080,-0.00224475,-0.00011734,16.8454,14.9860,-0.0494,-0.6419,-0.0525,218.8151,12.9896,13.0801,17.0694,10.3857,11.0045,21.0062,31.5093,42.0124,42.1647,10.5412,0.0,3.81775,3.831594,1.530778,30,171,130,2,0.04358735,-0.00293352,0.13859161,0E-8,0.000000,0.889618,0.000000,-0.14797496,2026-03-22,2026-08-05,96,1173,774,137,0.700730,0.766291,0.776478,0.145291,,,,,,,,GLOBAL_BASELINE_NO_ENTITY_RANKING,,,NOT_APPLICABLE_GLOBAL_BASELINE,HF9g-P5,,,,X 全窗基线 · 不参与实体赏罚,3927145,393,A168_HF9F_20260827_0900,2026-08-27 09:00:00
2026-05-14,91797317,2106,0,10.5030984140,10.5030984140,10.5030984140,1.0000000,1,1,0.49324550000000000,0.493245500000,1.01360149184955,1.01360149184955,1.01360149184955,0E-17,ELIGIBLE,R03b_20260811_FULL_v1,L1_ELIGIBILITY,v2026-08-11,2026-03-21..2026-08-06,baccarat_bet02_101_all_pairs_incl_sentinel,round_win = game_pnl > 0 (decisive only),COMPATIBILITY_ONLY_NOT_PRODUCTION,21006.2458,18687.5319,-61.6222,1247,1247,0.00293352,-0.13859161,0.00938335,0.00293352,61.6222,21006.2458,OK,0.0000,-2.4649,4.0000,96.0000,AG03-UNRESOLVED,ALL5_LEVELS_bet23_to_bet27,-2.4649,-2.4649,-2.4649,-4.3136,-4.3136,4.000000,4.000000,4.000000,7.000000,7.000000,96.000000,96.000000,96.000000,93.000000,93.000000,5.0,-16.0218,-14.4684,-45.6004,-47.1538,PENDING_AG03,FALSE,NOT_FOR_ENFORCEMENT,-59.1573,17940.0307,-61.6222,-59.1573,-2.4649,-0.00293352,-0.00281618,-2.4649,-59.1573,-0.00281618,-2.4649,-2.4649,-2.4649,-4.3136,-4.3136,-59.1573,-0.00281618,-16.0218,-14.4684,-45.6004,-47.1538,-0.00217080,-0.00224475,-0.00011734,16.8454,14.9860,-0.0494,-0.6419,-0.0525,218.8151,12.9896,13.0801,17.0694,10.3857,11.0045,21.0062,31.5093,42.0124,42.1647,10.5412,0.0,3.81775,3.831594,1.530778,30,171,130,2,0.04358735,-0.00293352,0.13859161,0E-8,0.000000,0.889618,0.000000,-0.14797496,2026-03-22,2026-08-05,96,1173,774,137,0.700730,0.766291,0.776478,0.145291,,,,,,,,GLOBAL_BASELINE_NO_ENTITY_RANKING,,,NOT_APPLICABLE_GLOBAL_BASELINE,HF9g-P5,,,,X 全窗基线 · 不参与实体赏罚,3927146,393,A168_HF9F_20260827_0900,2026-08-27 09:00:00
2026-05-14,91797317,2117,0,31.5092952421,31.5092952421,31.5092952421,1.0000000,1,1,0.49324550000000000,0.493245500000,1.01360149184955,1.01360149184955,1.01360149184955,0E-17,ELIGIBLE,R03b_20260811_FULL_v1,L1_ELIGIBILITY,v2026-08-11,2026-03-21..2026-08-06,baccarat_bet02_101_all_pairs_incl_sentinel,round_win = game_pnl > 0 (decisive only),COMPATIBILITY_ONLY_NOT_PRODUCTION,21006.2458,18687.5319,-61.6222,1247,1247,0.00293352,-0.13859161,0.00938335,0.00293352,61.6222,21006.2458,OK,0.0000,-2.4649,4.0000,96.0000,AG03-UNRESOLVED,ALL5_LEVELS_bet23_to_bet27,-2.4649,-2.4649,-2.4649,-4.3136,-4.3136,4.000000,4.000000,4.000000,7.000000,7.000000,96.000000,96.000000,96.000000,93.000000,93.000000,5.0,-16.0218,-14.4684,-45.6004,-47.1538,PENDING_AG03,FALSE,NOT_FOR_ENFORCEMENT,-59.1573,17940.0307,-61.6222,-59.1573,-2.4649,-0.00293352,-0.00281618,-2.4649,-59.1573,-0.00281618,-2.4649,-2.4649,-2.4649,-4.3136,-4.3136,-59.1573,-0.00281618,-16.0218,-14.4684,-45.6004,-47.1538,-0.00217080,-0.00224475,-0.00011734,16.8454,14.9860,-0.0494,-0.6419,-0.0525,218.8151,12.9896,13.0801,17.0694,10.3857,11.0045,21.0062,31.5093,42.0124,42.1647,10.5412,0.0,3.81775,3.831594,1.530778,30,171,130,2,0.04358735,-0.00293352,0.13859161,0E-8,0.000000,0.889618,0.000000,-0.14797496,2026-03-22,2026-08-05,96,1173,774,137,0.700730,0.766291,0.776478,0.145291,,,,,,,,GLOBAL_BASELINE_NO_ENTITY_RANKING,,,NOT_APPLICABLE_GLOBAL_BASELINE,HF9g-P5,,,,X 全窗基线 · 不参与实体赏罚,3927147,393,A168_HF9F_20260827_0900,2026-08-27 09:00:00
2026-05-14,91797317,2142,0,10.5030984140,0E-10,0E-10,,1,1,0.49324550000000000,0.493245500000,,,,0E-17,NO_DECISIVE_ROUND,R03b_20260811_FULL_v1,L1_ELIGIBILITY,v2026-08-11,2026-03-21..2026-08-06,baccarat_bet02_101_all_pairs_incl_sentinel,round_win = game_pnl > 0 (decisive only),COMPATIBILITY_ONLY_NOT_PRODUCTION,21006.2458,18687.5319,-61.6222,1247,1247,0.00293352,-0.13859161,0.00938335,0.00293352,61.6222,21006.2458,OK,0.0000,-2.4649,4.0000,96.0000,AG03-UNRESOLVED,ALL5_LEVELS_bet23_to_bet27,-2.4649,-2.4649,-2.4649,-4.3136,-4.3136,4.000000,4.000000,4.000000,7.000000,7.000000,96.000000,96.000000,96.000000,93.000000,93.000000,5.0,-16.0218,-14.4684,-45.6004,-47.1538,PENDING_AG03,FALSE,NOT_FOR_ENFORCEMENT,-59.1573,17940.0307,-61.6222,-59.1573,-2.4649,-0.00293352,-0.00281618,-2.4649,-59.1573,-0.00281618,-2.4649,-2.4649,-2.4649,-4.3136,-4.3136,-59.1573,-0.00281618,-16.0218,-14.4684,-45.6004,-47.1538,-0.00217080,-0.00224475,-0.00011734,16.8454,14.9860,-0.0494,-0.6419,-0.0525,218.8151,12.9896,13.0801,17.0694,10.3857,11.0045,21.0062,31.5093,42.0124,42.1647,10.5412,0.0,3.81775,3.831594,1.530778,30,171,130,2,0.04358735,-0.00293352,0.13859161,0E-8,0.000000,0.889618,0.000000,-0.14797496,2026-03-22,2026-08-05,96,1173,774,137,0.700730,0.766291,0.776478,0.145291,,,,,,,,GLOBAL_BASELINE_NO_ENTITY_RANKING,,,NOT_APPLICABLE_GLOBAL_BASELINE,HF9g-P5,,,,X 全窗基线 · 不参与实体赏罚,3927148,393,A168_HF9F_20260827_0900,2026-08-27 09:00:00
2026-05-14,91797317,2156,0,42.0123936561,42.0123936561,42.0123936561,1.0000000,1,1,0.49324550000000000,0.493245500000,1.01360149184955,1.01360149184955,1.01360149184955,0E-17,ELIGIBLE,R03b_20260811_FULL_v1,L1_ELIGIBILITY,v2026-08-11,2026-03-21..2026-08-06,baccarat_bet02_101_all_pairs_incl_sentinel,round_win = game_pnl > 0 (decisive only),COMPATIBILITY_ONLY_NOT_PRODUCTION,21006.2458,18687.5319,-61.6222,1247,1247,0.00293352,-0.13859161,0.00938335,0.00293352,61.6222,21006.2458,OK,0.0000,-2.4649,4.0000,96.0000,AG03-UNRESOLVED,ALL5_LEVELS_bet23_to_bet27,-2.4649,-2.4649,-2.4649,-4.3136,-4.3136,4.000000,4.000000,4.000000,7.000000,7.000000,96.000000,96.000000,96.000000,93.000000,93.000000,5.0,-16.0218,-14.4684,-45.6004,-47.1538,PENDING_AG03,FALSE,NOT_FOR_ENFORCEMENT,-59.1573,17940.0307,-61.6222,-59.1573,-2.4649,-0.00293352,-0.00281618,-2.4649,-59.1573,-0.00281618,-2.4649,-2.4649,-2.4649,-4.3136,-4.3136,-59.1573,-0.00281618,-16.0218,-14.4684,-45.6004,-47.1538,-0.00217080,-0.00224475,-0.00011734,16.8454,14.9860,-0.0494,-0.6419,-0.0525,218.8151,12.9896,13.0801,17.0694,10.3857,11.0045,21.0062,31.5093,42.0124,42.1647,10.5412,0.0,3.81775,3.831594,1.530778,30,171,130,2,0.04358735,-0.00293352,0.13859161,0E-8,0.000000,0.889618,0.000000,-0.14797496,2026-03-22,2026-08-05,96,1173,774,137,0.700730,0.766291,0.776478,0.145291,,,,,,,,GLOBAL_BASELINE_NO_ENTITY_RANKING,,,NOT_APPLICABLE_GLOBAL_BASELINE,HF9g-P5,,,,X 全窗基线 · 不参与实体赏罚,3927149,393,A168_HF9F_20260827_0900,2026-08-27 09:00:00
2026-05-14,91797317,2171,0,63.0185904842,21.0061968280,21.0061968280,0.5000000,2,2,0.49324550000000000,0.493245500000,0.01910635448239258,0.01910635448239258,0.01910635448239258,0E-17,ELIGIBLE,R03b_20260811_FULL_v1,L1_ELIGIBILITY,v2026-08-11,2026-03-21..2026-08-06,baccarat_bet02_101_all_pairs_incl_sentinel,round_win = game_pnl > 0 (decisive only),COMPATIBILITY_ONLY_NOT_PRODUCTION,21006.2458,18687.5319,-61.6222,1247,1247,0.00293352,-0.13859161,0.00938335,0.00293352,61.6222,21006.2458,OK,0.0000,-2.4649,4.0000,96.0000,AG03-UNRESOLVED,ALL5_LEVELS_bet23_to_bet27,-2.4649,-2.4649,-2.4649,-4.3136,-4.3136,4.000000,4.000000,4.000000,7.000000,7.000000,96.000000,96.000000,96.000000,93.000000,93.000000,5.0,-16.0218,-14.4684,-45.6004,-47.1538,PENDING_AG03,FALSE,NOT_FOR_ENFORCEMENT,-59.1573,17940.0307,-61.6222,-59.1573,-2.4649,-0.00293352,-0.00281618,-2.4649,-59.1573,-0.00281618,-2.4649,-2.4649,-2.4649,-4.3136,-4.3136,-59.1573,-0.00281618,-16.0218,-14.4684,-45.6004,-47.1538,-0.00217080,-0.00224475,-0.00011734,16.8454,14.9860,-0.0494,-0.6419,-0.0525,218.8151,12.9896,13.0801,17.0694,10.3857,11.0045,21.0062,31.5093,42.0124,42.1647,10.5412,0.0,3.81775,3.831594,1.530778,30,171,130,2,0.04358735,-0.00293352,0.13859161,0E-8,0.000000,0.889618,0.000000,-0.14797496,2026-03-22,2026-08-05,96,1173,774,137,0.700730,0.766291,0.776478,0.145291,,,,,,,,GLOBAL_BASELINE_NO_ENTITY_RANKING,,,NOT_APPLICABLE_GLOBAL_BASELINE,HF9g-P5,,,,X 全窗基线 · 不参与实体赏罚,3927150,393,A168_HF9F_20260827_0900,2026-08-27 09:00:00
2026-05-14,91797317,2177,0,21.0061968281,-21.0061968281,-21.0061968281,0E-7,1,1,0.49324550000000000,0.493245500000,-0.9865810262130424,-0.9865810262130424,-0.9865810262130424,0E-17,ELIGIBLE,R03b_20260811_FULL_v1,L1_ELIGIBILITY,v2026-08-11,2026-03-21..2026-08-06,baccarat_bet02_101_all_pairs_incl_sentinel,round_win = game_pnl > 0 (decisive only),COMPATIBILITY_ONLY_NOT_PRODUCTION,21006.2458,18687.5319,-61.6222,1247,1247,0.00293352,-0.13859161,0.00938335,0.00293352,61.6222,21006.2458,OK,0.0000,-2.4649,4.0000,96.0000,AG03-UNRESOLVED,ALL5_LEVELS_bet23_to_bet27,-2.4649,-2.4649,-2.4649,-4.3136,-4.3136,4.000000,4.000000,4.000000,7.000000,7.000000,96.000000,96.000000,96.000000,93.000000,93.000000,5.0,-16.0218,-14.4684,-45.6004,-47.1538,PENDING_AG03,FALSE,NOT_FOR_ENFORCEMENT,-59.1573,17940.0307,-61.6222,-59.1573,-2.4649,-0.00293352,-0.00281618,-2.4649,-59.1573,-0.00281618,-2.4649,-2.4649,-2.4649,-4.3136,-4.3136,-59.1573,-0.00281618,-16.0218,-14.4684,-45.6004,-47.1538,-0.00217080,-0.00224475,-0.00011734,16.8454,14.9860,-0.0494,-0.6419,-0.0525,218.8151,12.9896,13.0801,17.0694,10.3857,11.0045,21.0062,31.5093,42.0124,42.1647,10.5412,0.0,3.81775,3.831594,1.530778,30,171,130,2,0.04358735,-0.00293352,0.13859161,0E-8,0.000000,0.889618,0.000000,-0.14797496,2026-03-22,2026-08-05,96,1173,774,137,0.700730,0.766291,0.776478,0.145291,,,,,,,,GLOBAL_BASELINE_NO_ENTITY_RANKING,,,NOT_APPLICABLE_GLOBAL_BASELINE,HF9g-P5,,,,X 全窗基线 · 不参与实体赏罚,3927151,393,A168_HF9F_20260827_0900,2026-08-27 09:00:00
2026-05-14,91797317,2205,0,42.0123936561,42.0123936561,42.0123936561,1.0000000,1,1,0.49324550000000000,0.493245500000,1.01360149184955,1.01360149184955,1.01360149184955,0E-17,ELIGIBLE,R03b_20260811_FULL_v1,L1_ELIGIBILITY,v2026-08-11,2026-03-21..2026-08-06,baccarat_bet02_101_all_pairs_incl_sentinel,round_win = game_pnl > 0 (decisive only),COMPATIBILITY_ONLY_NOT_PRODUCTION,21006.2458,18687.5319,-61.6222,1247,1247,0.00293352,-0.13859161,0.00938335,0.00293352,61.6222,21006.2458,OK,0.0000,-2.4649,4.0000,96.0000,AG03-UNRESOLVED,ALL5_LEVELS_bet23_to_bet27,-2.4649,-2.4649,-2.4649,-4.3136,-4.3136,4.000000,4.000000,4.000000,7.000000,7.000000,96.000000,96.000000,96.000000,93.000000,93.000000,5.0,-16.0218,-14.4684,-45.6004,-47.1538,PENDING_AG03,FALSE,NOT_FOR_ENFORCEMENT,-59.1573,17940.0307,-61.6222,-59.1573,-2.4649,-0.00293352,-0.00281618,-2.4649,-59.1573,-0.00281618,-2.4649,-2.4649,-2.4649,-4.3136,-4.3136,-59.1573,-0.00281618,-16.0218,-14.4684,-45.6004,-47.1538,-0.00217080,-0.00224475,-0.00011734,16.8454,14.9860,-0.0494,-0.6419,-0.0525,218.8151,12.9896,13.0801,17.0694,10.3857,11.0045,21.0062,31.5093,42.0124,42.1647,10.5412,0.0,3.81775,3.831594,1.530778,30,171,130,2,0.04358735,-0.00293352,0.13859161,0E-8,0.000000,0.889618,0.000000,-0.14797496,2026-03-22,2026-08-05,96,1173,774,137,0.700730,0.766291,0.776478,0.145291,,,,,,,,GLOBAL_BASELINE_NO_ENTITY_RANKING,,,NOT_APPLICABLE_GLOBAL_BASELINE,HF9g-P5,,,,X 全窗基线 · 不参与实体赏罚,3927152,393,A168_HF9F_20260827_0900,2026-08-27 09:00:00
2026-05-14,91797317,2209,0,21.0061968281,21.0061968281,21.0061968281,1.0000000,1,1,0.49324550000000000,0.493245500000,1.01360149184955,1.01360149184955,1.01360149184955,0E-17,ELIGIBLE,R03b_20260811_FULL_v1,L1_ELIGIBILITY,v2026-08-11,2026-03-21..2026-08-06,baccarat_bet02_101_all_pairs_incl_sentinel,round_win = game_pnl > 0 (decisive only),COMPATIBILITY_ONLY_NOT_PRODUCTION,21006.2458,18687.5319,-61.6222,1247,1247,0.00293352,-0.13859161,0.00938335,0.00293352,61.6222,21006.2458,OK,0.0000,-2.4649,4.0000,96.0000,AG03-UNRESOLVED,ALL5_LEVELS_bet23_to_bet27,-2.4649,-2.4649,-2.4649,-4.3136,-4.3136,4.000000,4.000000,4.000000,7.000000,7.000000,96.000000,96.000000,96.000000,93.000000,93.000000,5.0,-16.0218,-14.4684,-45.6004,-47.1538,PENDING_AG03,FALSE,NOT_FOR_ENFORCEMENT,-59.1573,17940.0307,-61.6222,-59.1573,-2.4649,-0.00293352,-0.00281618,-2.4649,-59.1573,-0.00281618,-2.4649,-2.4649,-2.4649,-4.3136,-4.3136,-59.1573,-0.00281618,-16.0218,-14.4684,-45.6004,-47.1538,-0.00217080,-0.00224475,-0.00011734,16.8454,14.9860,-0.0494,-0.6419,-0.0525,218.8151,12.9896,13.0801,17.0694,10.3857,11.0045,21.0062,31.5093,42.0124,42.1647,10.5412,0.0,3.81775,3.831594,1.530778,30,171,130,2,0.04358735,-0.00293352,0.13859161,0E-8,0.000000,0.889618,0.000000,-0.14797496,2026-03-22,2026-08-05,96,1173,774,137,0.700730,0.766291,0.776478,0.145291,,,,,,,,GLOBAL_BASELINE_NO_ENTITY_RANKING,,,NOT_APPLICABLE_GLOBAL_BASELINE,HF9g-P5,,,,X 全窗基线 · 不参与实体赏罚,3927153,393,A168_HF9F_20260827_0900,2026-08-27 09:00:00
2026-05-14,91797317,2224,0,42.0123936561,42.0123936561,42.0123936561,1.0000000,1,1,0.49324550000000000,0.493245500000,1.01360149184955,1.01360149184955,1.01360149184955,0E-17,ELIGIBLE,R03b_20260811_FULL_v1,L1_ELIGIBILITY,v2026-08-11,2026-03-21..2026-08-06,baccarat_bet02_101_all_pairs_incl_sentinel,round_win = game_pnl > 0 (decisive only),COMPATIBILITY_ONLY_NOT_PRODUCTION,21006.2458,18687.5319,-61.6222,1247,1247,0.00293352,-0.13859161,0.00938335,0.00293352,61.6222,21006.2458,OK,0.0000,-2.4649,4.0000,96.0000,AG03-UNRESOLVED,ALL5_LEVELS_bet23_to_bet27,-2.4649,-2.4649,-2.4649,-4.3136,-4.3136,4.000000,4.000000,4.000000,7.000000,7.000000,96.000000,96.000000,96.000000,93.000000,93.000000,5.0,-16.0218,-14.4684,-45.6004,-47.1538,PENDING_AG03,FALSE,NOT_FOR_ENFORCEMENT,-59.1573,17940.0307,-61.6222,-59.1573,-2.4649,-0.00293352,-0.00281618,-2.4649,-59.1573,-0.00281618,-2.4649,-2.4649,-2.4649,-4.3136,-4.3136,-59.1573,-0.00281618,-16.0218,-14.4684,-45.6004,-47.1538,-0.00217080,-0.00224475,-0.00011734,16.8454,14.9860,-0.0494,-0.6419,-0.0525,218.8151,12.9896,13.0801,17.0694,10.3857,11.0045,21.0062,31.5093,42.0124,42.1647,10.5412,0.0,3.81775,3.831594,1.530778,30,171,130,2,0.04358735,-0.00293352,0.13859161,0E-8,0.000000,0.889618,0.000000,-0.14797496,2026-03-22,2026-08-05,96,1173,774,137,0.700730,0.766291,0.776478,0.145291,,,,,,,,GLOBAL_BASELINE_NO_ENTITY_RANKING,,,NOT_APPLICABLE_GLOBAL_BASELINE,HF9g-P5,,,,X 全窗基线 · 不参与实体赏罚,3927154,393,A168_HF9F_20260827_0900,2026-08-27 09:00:00
2026-05-14,91797317,2234,0,21.0061968281,21.0061968281,21.0061968281,1.0000000,1,1,0.49324550000000000,0.493245500000,1.01360149184955,1.01360149184955,1.01360149184955,0E-17,ELIGIBLE,R03b_20260811_FULL_v1,L1_ELIGIBILITY,v2026-08-11,2026-03-21..2026-08-06,baccarat_bet02_101_all_pairs_incl_sentinel,round_win = game_pnl > 0 (decisive only),COMPATIBILITY_ONLY_NOT_PRODUCTION,21006.2458,18687.5319,-61.6222,1247,1247,0.00293352,-0.13859161,0.00938335,0.00293352,61.6222,21006.2458,OK,0.0000,-2.4649,4.0000,96.0000,AG03-UNRESOLVED,ALL5_LEVELS_bet23_to_bet27,-2.4649,-2.4649,-2.4649,-4.3136,-4.3136,4.000000,4.000000,4.000000,7.000000,7.000000,96.000000,96.000000,96.000000,93.000000,93.000000,5.0,-16.0218,-14.4684,-45.6004,-47.1538,PENDING_AG03,FALSE,NOT_FOR_ENFORCEMENT,-59.1573,17940.0307,-61.6222,-59.1573,-2.4649,-0.00293352,-0.00281618,-2.4649,-59.1573,-0.00281618,-2.4649,-2.4649,-2.4649,-4.3136,-4.3136,-59.1573,-0.00281618,-16.0218,-14.4684,-45.6004,-47.1538,-0.00217080,-0.00224475,-0.00011734,16.8454,14.9860,-0.0494,-0.6419,-0.0525,218.8151,12.9896,13.0801,17.0694,10.3857,11.0045,21.0062,31.5093,42.0124,42.1647,10.5412,0.0,3.81775,3.831594,1.530778,30,171,130,2,0.04358735,-0.00293352,0.13859161,0E-8,0.000000,0.889618,0.000000,-0.14797496,2026-03-22,2026-08-05,96,1173,774,137,0.700730,0.766291,0.776478,0.145291,,,,,,,,GLOBAL_BASELINE_NO_ENTITY_RANKING,,,NOT_APPLICABLE_GLOBAL_BASELINE,HF9g-P5,,,,X 全窗基线 · 不参与实体赏罚,3927155,393,A168_HF9F_20260827_0900,2026-08-27 09:00:00
2026-05-14,91797317,2239,0,84.0247873122,0E-10,0E-10,,2,2,0.49324550000000000,0.493245500000,,,,0E-17,NO_DECISIVE_ROUND,R03b_20260811_FULL_v1,L1_ELIGIBILITY,v2026-08-11,2026-03-21..2026-08-06,baccarat_bet02_101_all_pairs_incl_sentinel,round_win = game_pnl > 0 (decisive only),COMPATIBILITY_ONLY_NOT_PRODUCTION,21006.2458,18687.5319,-61.6222,1247,1247,0.00293352,-0.13859161,0.00938335,0.00293352,61.6222,21006.2458,OK,0.0000,-2.4649,4.0000,96.0000,AG03-UNRESOLVED,ALL5_LEVELS_bet23_to_bet27,-2.4649,-2.4649,-2.4649,-4.3136,-4.3136,4.000000,4.000000,4.000000,7.000000,7.000000,96.000000,96.000000,96.000000,93.000000,93.000000,5.0,-16.0218,-14.4684,-45.6004,-47.1538,PENDING_AG03,FALSE,NOT_FOR_ENFORCEMENT,-59.1573,17940.0307,-61.6222,-59.1573,-2.4649,-0.00293352,-0.00281618,-2.4649,-59.1573,-0.00281618,-2.4649,-2.4649,-2.4649,-4.3136,-4.3136,-59.1573,-0.00281618,-16.0218,-14.4684,-45.6004,-47.1538,-0.00217080,-0.00224475,-0.00011734,16.8454,14.9860,-0.0494,-0.6419,-0.0525,218.8151,12.9896,13.0801,17.0694,10.3857,11.0045,21.0062,31.5093,42.0124,42.1647,10.5412,0.0,3.81775,3.831594,1.530778,30,171,130,2,0.04358735,-0.00293352,0.13859161,0E-8,0.000000,0.889618,0.000000,-0.14797496,2026-03-22,2026-08-05,96,1173,774,137,0.700730,0.766291,0.776478,0.145291,,,,,,,,GLOBAL_BASELINE_NO_ENTITY_RANKING,,,NOT_APPLICABLE_GLOBAL_BASELINE,HF9g-P5,,,,X 全窗基线 · 不参与实体赏罚,3927156,393,A168_HF9F_20260827_0900,2026-08-27 09:00:00
2026-05-14,91797317,2250,0,42.0123936561,42.0123936561,42.0123936561,1.0000000,1,1,0.49324550000000000,0.493245500000,1.01360149184955,1.01360149184955,1.01360149184955,0E-17,ELIGIBLE,R03b_20260811_FULL_v1,L1_ELIGIBILITY,v2026-08-11,2026-03-21..2026-08-06,baccarat_bet02_101_all_pairs_incl_sentinel,round_win = game_pnl > 0 (decisive only),COMPATIBILITY_ONLY_NOT_PRODUCTION,21006.2458,18687.5319,-61.6222,1247,1247,0.00293352,-0.13859161,0.00938335,0.00293352,61.6222,21006.2458,OK,0.0000,-2.4649,4.0000,96.0000,AG03-UNRESOLVED,ALL5_LEVELS_bet23_to_bet27,-2.4649,-2.4649,-2.4649,-4.3136,-4.3136,4.000000,4.000000,4.000000,7.000000,7.000000,96.000000,96.000000,96.000000,93.000000,93.000000,5.0,-16.0218,-14.4684,-45.6004,-47.1538,PENDING_AG03,FALSE,NOT_FOR_ENFORCEMENT,-59.1573,17940.0307,-61.6222,-59.1573,-2.4649,-0.00293352,-0.00281618,-2.4649,-59.1573,-0.00281618,-2.4649,-2.4649,-2.4649,-4.3136,-4.3136,-59.1573,-0.00281618,-16.0218,-14.4684,-45.6004,-47.1538,-0.00217080,-0.00224475,-0.00011734,16.8454,14.9860,-0.0494,-0.6419,-0.0525,218.8151,12.9896,13.0801,17.0694,10.3857,11.0045,21.0062,31.5093,42.0124,42.1647,10.5412,0.0,3.81775,3.831594,1.530778,30,171,130,2,0.04358735,-0.00293352,0.13859161,0E-8,0.000000,0.889618,0.000000,-0.14797496,2026-03-22,2026-08-05,96,1173,774,137,0.700730,0.766291,0.776478,0.145291,,,,,,,,GLOBAL_BASELINE_NO_ENTITY_RANKING,,,NOT_APPLICABLE_GLOBAL_BASELINE,HF9g-P5,,,,X 全窗基线 · 不参与实体赏罚,3927157,393,A168_HF9F_20260827_0900,2026-08-27 09:00:00
2026-05-14,91797317,2251,0,42.0123936561,42.0123936561,42.0123936561,1.0000000,1,1,0.49324550000000000,0.493245500000,1.01360149184955,1.01360149184955,1.01360149184955,0E-17,ELIGIBLE,R03b_20260811_FULL_v1,L1_ELIGIBILITY,v2026-08-11,2026-03-21..2026-08-06,baccarat_bet02_101_all_pairs_incl_sentinel,round_win = game_pnl > 0 (decisive only),COMPATIBILITY_ONLY_NOT_PRODUCTION,21006.2458,18687.5319,-61.6222,1247,1247,0.00293352,-0.13859161,0.00938335,0.00293352,61.6222,21006.2458,OK,0.0000,-2.4649,4.0000,96.0000,AG03-UNRESOLVED,ALL5_LEVELS_bet23_to_bet27,-2.4649,-2.4649,-2.4649,-4.3136,-4.3136,4.000000,4.000000,4.000000,7.000000,7.000000,96.000000,96.000000,96.000000,93.000000,93.000000,5.0,-16.0218,-14.4684,-45.6004,-47.1538,PENDING_AG03,FALSE,NOT_FOR_ENFORCEMENT,-59.1573,17940.0307,-61.6222,-59.1573,-2.4649,-0.00293352,-0.00281618,-2.4649,-59.1573,-0.00281618,-2.4649,-2.4649,-2.4649,-4.3136,-4.3136,-59.1573,-0.00281618,-16.0218,-14.4684,-45.6004,-47.1538,-0.00217080,-0.00224475,-0.00011734,16.8454,14.9860,-0.0494,-0.6419,-0.0525,218.8151,12.9896,13.0801,17.0694,10.3857,11.0045,21.0062,31.5093,42.0124,42.1647,10.5412,0.0,3.81775,3.831594,1.530778,30,171,130,2,0.04358735,-0.00293352,0.13859161,0E-8,0.000000,0.889618,0.000000,-0.14797496,2026-03-22,2026-08-05,96,1173,774,137,0.700730,0.766291,0.776478,0.145291,,,,,,,,GLOBAL_BASELINE_NO_ENTITY_RANKING,,,NOT_APPLICABLE_GLOBAL_BASELINE,HF9g-P5,,,,X 全窗基线 · 不参与实体赏罚,3927158,393,A168_HF9F_20260827_0900,2026-08-27 09:00:00
2026-05-14,91797317,2258,0,42.0123936562,-42.0123936562,-42.0123936562,0E-7,2,2,0.49324550000000000,0.493245500000,-1.3952362676504506,-1.3952362676504506,-1.3952362676504506,0E-17,ELIGIBLE,R03b_20260811_FULL_v1,L1_ELIGIBILITY,v2026-08-11,2026-03-21..2026-08-06,baccarat_bet02_101_all_pairs_incl_sentinel,round_win = game_pnl > 0 (decisive only),COMPATIBILITY_ONLY_NOT_PRODUCTION,21006.2458,18687.5319,-61.6222,1247,1247,0.00293352,-0.13859161,0.00938335,0.00293352,61.6222,21006.2458,OK,0.0000,-2.4649,4.0000,96.0000,AG03-UNRESOLVED,ALL5_LEVELS_bet23_to_bet27,-2.4649,-2.4649,-2.4649,-4.3136,-4.3136,4.000000,4.000000,4.000000,7.000000,7.000000,96.000000,96.000000,96.000000,93.000000,93.000000,5.0,-16.0218,-14.4684,-45.6004,-47.1538,PENDING_AG03,FALSE,NOT_FOR_ENFORCEMENT,-59.1573,17940.0307,-61.6222,-59.1573,-2.4649,-0.00293352,-0.00281618,-2.4649,-59.1573,-0.00281618,-2.4649,-2.4649,-2.4649,-4.3136,-4.3136,-59.1573,-0.00281618,-16.0218,-14.4684,-45.6004,-47.1538,-0.00217080,-0.00224475,-0.00011734,16.8454,14.9860,-0.0494,-0.6419,-0.0525,218.8151,12.9896,13.0801,17.0694,10.3857,11.0045,21.0062,31.5093,42.0124,42.1647,10.5412,0.0,3.81775,3.831594,1.530778,30,171,130,2,0.04358735,-0.00293352,0.13859161,0E-8,0.000000,0.889618,0.000000,-0.14797496,2026-03-22,2026-08-05,96,1173,774,137,0.700730,0.766291,0.776478,0.145291,,,,,,,,GLOBAL_BASELINE_NO_ENTITY_RANKING,,,NOT_APPLICABLE_GLOBAL_BASELINE,HF9g-P5,,,,X 全窗基线 · 不参与实体赏罚,3927159,393,A168_HF9F_20260827_0900,2026-08-27 09:00:00
2026-05-14,91797317,2266,0,10.5030984140,10.5030984140,10.5030984140,1.0000000,1,1,0.49324550000000000,0.493245500000,1.01360149184955,1.01360149184955,1.01360149184955,0E-17,ELIGIBLE,R03b_20260811_FULL_v1,L1_ELIGIBILITY,v2026-08-11,2026-03-21..2026-08-06,baccarat_bet02_101_all_pairs_incl_sentinel,round_win = game_pnl > 0 (decisive only),COMPATIBILITY_ONLY_NOT_PRODUCTION,21006.2458,18687.5319,-61.6222,1247,1247,0.00293352,-0.13859161,0.00938335,0.00293352,61.6222,21006.2458,OK,0.0000,-2.4649,4.0000,96.0000,AG03-UNRESOLVED,ALL5_LEVELS_bet23_to_bet27,-2.4649,-2.4649,-2.4649,-4.3136,-4.3136,4.000000,4.000000,4.000000,7.000000,7.000000,96.000000,96.000000,96.000000,93.000000,93.000000,5.0,-16.0218,-14.4684,-45.6004,-47.1538,PENDING_AG03,FALSE,NOT_FOR_ENFORCEMENT,-59.1573,17940.0307,-61.6222,-59.1573,-2.4649,-0.00293352,-0.00281618,-2.4649,-59.1573,-0.00281618,-2.4649,-2.4649,-2.4649,-4.3136,-4.3136,-59.1573,-0.00281618,-16.0218,-14.4684,-45.6004,-47.1538,-0.00217080,-0.00224475,-0.00011734,16.8454,14.9860,-0.0494,-0.6419,-0.0525,218.8151,12.9896,13.0801,17.0694,10.3857,11.0045,21.0062,31.5093,42.0124,42.1647,10.5412,0.0,3.81775,3.831594,1.530778,30,171,130,2,0.04358735,-0.00293352,0.13859161,0E-8,0.000000,0.889618,0.000000,-0.14797496,2026-03-22,2026-08-05,96,1173,774,137,0.700730,0.766291,0.776478,0.145291,,,,,,,,GLOBAL_BASELINE_NO_ENTITY_RANKING,,,NOT_APPLICABLE_GLOBAL_BASELINE,HF9g-P5,,,,X 全窗基线 · 不参与实体赏罚,3927160,393,A168_HF9F_20260827_0900,2026-08-27 09:00:00
2026-05-14,91797317,2274,0,115.5340825543,115.5340825543,115.5340825543,1.0000000,3,3,0.49324550000000000,0.493245500000,1.755609282511032,1.7556092825110319,1.755609282511032,0E-17,ELIGIBLE,R03b_20260811_FULL_v1,L1_ELIGIBILITY,v2026-08-11,2026-03-21..2026-08-06,baccarat_bet02_101_all_pairs_incl_sentinel,round_win = game_pnl > 0 (decisive only),COMPATIBILITY_ONLY_NOT_PRODUCTION,21006.2458,18687.5319,-61.6222,1247,1247,0.00293352,-0.13859161,0.00938335,0.00293352,61.6222,21006.2458,OK,0.0000,-2.4649,4.0000,96.0000,AG03-UNRESOLVED,ALL5_LEVELS_bet23_to_bet27,-2.4649,-2.4649,-2.4649,-4.3136,-4.3136,4.000000,4.000000,4.000000,7.000000,7.000000,96.000000,96.000000,96.000000,93.000000,93.000000,5.0,-16.0218,-14.4684,-45.6004,-47.1538,PENDING_AG03,FALSE,NOT_FOR_ENFORCEMENT,-59.1573,17940.0307,-61.6222,-59.1573,-2.4649,-0.00293352,-0.00281618,-2.4649,-59.1573,-0.00281618,-2.4649,-2.4649,-2.4649,-4.3136,-4.3136,-59.1573,-0.00281618,-16.0218,-14.4684,-45.6004,-47.1538,-0.00217080,-0.00224475,-0.00011734,16.8454,14.9860,-0.0494,-0.6419,-0.0525,218.8151,12.9896,13.0801,17.0694,10.3857,11.0045,21.0062,31.5093,42.0124,42.1647,10.5412,0.0,3.81775,3.831594,1.530778,30,171,130,2,0.04358735,-0.00293352,0.13859161,0E-8,0.000000,0.889618,0.000000,-0.14797496,2026-03-22,2026-08-05,96,1173,774,137,0.700730,0.766291,0.776478,0.145291,,,,,,,,GLOBAL_BASELINE_NO_ENTITY_RANKING,,,NOT_APPLICABLE_GLOBAL_BASELINE,HF9g-P5,,,,X 全窗基线 · 不参与实体赏罚,3927161,393,A168_HF9F_20260827_0900,2026-08-27 09:00:00
2026-05-14,91797317,462,0,52.5154920702,-10.5030984140,-10.5030984140,0.5000000,2,2,0.49324550000000000,0.493245500000,0.01910635448239258,0.01910635448239258,0.01910635448239258,0E-17,ELIGIBLE,R03b_20260811_FULL_v1,L1_ELIGIBILITY,v2026-08-11,2026-03-21..2026-08-06,baccarat_bet02_101_all_pairs_incl_sentinel,round_win = game_pnl > 0 (decisive only),COMPATIBILITY_ONLY_NOT_PRODUCTION,21006.2458,18687.5319,-61.6222,1247,1247,0.00293352,-0.13859161,0.00938335,0.00293352,61.6222,21006.2458,OK,0.0000,-2.4649,4.0000,96.0000,AG03-UNRESOLVED,ALL5_LEVELS_bet23_to_bet27,-2.4649,-2.4649,-2.4649,-4.3136,-4.3136,4.000000,4.000000,4.000000,7.000000,7.000000,96.000000,96.000000,96.000000,93.000000,93.000000,5.0,-16.0218,-14.4684,-45.6004,-47.1538,PENDING_AG03,FALSE,NOT_FOR_ENFORCEMENT,-59.1573,17940.0307,-61.6222,-59.1573,-2.4649,-0.00293352,-0.00281618,-2.4649,-59.1573,-0.00281618,-2.4649,-2.4649,-2.4649,-4.3136,-4.3136,-59.1573,-0.00281618,-16.0218,-14.4684,-45.6004,-47.1538,-0.00217080,-0.00224475,-0.00011734,16.8454,14.9860,-0.0494,-0.6419,-0.0525,218.8151,12.9896,13.0801,17.0694,10.3857,11.0045,21.0062,31.5093,42.0124,42.1647,10.5412,0.0,3.81775,3.831594,1.530778,30,171,130,2,0.04358735,-0.00293352,0.13859161,0E-8,0.000000,0.889618,0.000000,-0.14797496,2026-03-22,2026-08-05,96,1173,774,137,0.700730,0.766291,0.776478,0.145291,,,,,,,,GLOBAL_BASELINE_NO_ENTITY_RANKING,,,NOT_APPLICABLE_GLOBAL_BASELINE,HF9g-P5,,,,X 全窗基线 · 不参与实体赏罚,3927162,393,A168_HF9F_20260827_0900,2026-08-27 09:00:00
2026-05-14,91797317,471,0,21.0061968281,21.0061968281,21.0061968281,1.0000000,1,1,0.49324550000000000,0.493245500000,1.01360149184955,1.01360149184955,1.01360149184955,0E-17,ELIGIBLE,R03b_20260811_FULL_v1,L1_ELIGIBILITY,v2026-08-11,2026-03-21..2026-08-06,baccarat_bet02_101_all_pairs_incl_sentinel,round_win = game_pnl > 0 (decisive only),COMPATIBILITY_ONLY_NOT_PRODUCTION,21006.2458,18687.5319,-61.6222,1247,1247,0.00293352,-0.13859161,0.00938335,0.00293352,61.6222,21006.2458,OK,0.0000,-2.4649,4.0000,96.0000,AG03-UNRESOLVED,ALL5_LEVELS_bet23_to_bet27,-2.4649,-2.4649,-2.4649,-4.3136,-4.3136,4.000000,4.000000,4.000000,7.000000,7.000000,96.000000,96.000000,96.000000,93.000000,93.000000,5.0,-16.0218,-14.4684,-45.6004,-47.1538,PENDING_AG03,FALSE,NOT_FOR_ENFORCEMENT,-59.1573,17940.0307,-61.6222,-59.1573,-2.4649,-0.00293352,-0.00281618,-2.4649,-59.1573,-0.00281618,-2.4649,-2.4649,-2.4649,-4.3136,-4.3136,-59.1573,-0.00281618,-16.0218,-14.4684,-45.6004,-47.1538,-0.00217080,-0.00224475,-0.00011734,16.8454,14.9860,-0.0494,-0.6419,-0.0525,218.8151,12.9896,13.0801,17.0694,10.3857,11.0045,21.0062,31.5093,42.0124,42.1647,10.5412,0.0,3.81775,3.831594,1.530778,30,171,130,2,0.04358735,-0.00293352,0.13859161,0E-8,0.000000,0.889618,0.000000,-0.14797496,2026-03-22,2026-08-05,96,1173,774,137,0.700730,0.766291,0.776478,0.145291,,,,,,,,GLOBAL_BASELINE_NO_ENTITY_RANKING,,,NOT_APPLICABLE_GLOBAL_BASELINE,HF9g-P5,,,,X 全窗基线 · 不参与实体赏罚,3927163,393,A168_HF9F_20260827_0900,2026-08-27 09:00:00
2026-05-14,91797317,526,0,42.0123936561,42.0123936561,42.0123936561,1.0000000,1,1,0.49324550000000000,0.493245500000,1.01360149184955,1.01360149184955,1.01360149184955,0E-17,ELIGIBLE,R03b_20260811_FULL_v1,L1_ELIGIBILITY,v2026-08-11,2026-03-21..2026-08-06,baccarat_bet02_101_all_pairs_incl_sentinel,round_win = game_pnl > 0 (decisive only),COMPATIBILITY_ONLY_NOT_PRODUCTION,21006.2458,18687.5319,-61.6222,1247,1247,0.00293352,-0.13859161,0.00938335,0.00293352,61.6222,21006.2458,OK,0.0000,-2.4649,4.0000,96.0000,AG03-UNRESOLVED,ALL5_LEVELS_bet23_to_bet27,-2.4649,-2.4649,-2.4649,-4.3136,-4.3136,4.000000,4.000000,4.000000,7.000000,7.000000,96.000000,96.000000,96.000000,93.000000,93.000000,5.0,-16.0218,-14.4684,-45.6004,-47.1538,PENDING_AG03,FALSE,NOT_FOR_ENFORCEMENT,-59.1573,17940.0307,-61.6222,-59.1573,-2.4649,-0.00293352,-0.00281618,-2.4649,-59.1573,-0.00281618,-2.4649,-2.4649,-2.4649,-4.3136,-4.3136,-59.1573,-0.00281618,-16.0218,-14.4684,-45.6004,-47.1538,-0.00217080,-0.00224475,-0.00011734,16.8454,14.9860,-0.0494,-0.6419,-0.0525,218.8151,12.9896,13.0801,17.0694,10.3857,11.0045,21.0062,31.5093,42.0124,42.1647,10.5412,0.0,3.81775,3.831594,1.530778,30,171,130,2,0.04358735,-0.00293352,0.13859161,0E-8,0.000000,0.889618,0.000000,-0.14797496,2026-03-22,2026-08-05,96,1173,774,137,0.700730,0.766291,0.776478,0.145291,,,,,,,,GLOBAL_BASELINE_NO_ENTITY_RANKING,,,NOT_APPLICABLE_GLOBAL_BASELINE,HF9g-P5,,,,X 全窗基线 · 不参与实体赏罚,3927164,393,A168_HF9F_20260827_0900,2026-08-27 09:00:00
2026-05-14,91797317,550,0,52.5154920701,31.5092952421,31.5092952421,0.5000000,2,2,0.49324550000000000,0.493245500000,0.01910635448239258,0.01910635448239258,0.01910635448239258,0E-17,ELIGIBLE,R03b_20260811_FULL_v1,L1_ELIGIBILITY,v2026-08-11,2026-03-21..2026-08-06,baccarat_bet02_101_all_pairs_incl_sentinel,round_win = game_pnl > 0 (decisive only),COMPATIBILITY_ONLY_NOT_PRODUCTION,21006.2458,18687.5319,-61.6222,1247,1247,0.00293352,-0.13859161,0.00938335,0.00293352,61.6222,21006.2458,OK,0.0000,-2.4649,4.0000,96.0000,AG03-UNRESOLVED,ALL5_LEVELS_bet23_to_bet27,-2.4649,-2.4649,-2.4649,-4.3136,-4.3136,4.000000,4.000000,4.000000,7.000000,7.000000,96.000000,96.000000,96.000000,93.000000,93.000000,5.0,-16.0218,-14.4684,-45.6004,-47.1538,PENDING_AG03,FALSE,NOT_FOR_ENFORCEMENT,-59.1573,17940.0307,-61.6222,-59.1573,-2.4649,-0.00293352,-0.00281618,-2.4649,-59.1573,-0.00281618,-2.4649,-2.4649,-2.4649,-4.3136,-4.3136,-59.1573,-0.00281618,-16.0218,-14.4684,-45.6004,-47.1538,-0.00217080,-0.00224475,-0.00011734,16.8454,14.9860,-0.0494,-0.6419,-0.0525,218.8151,12.9896,13.0801,17.0694,10.3857,11.0045,21.0062,31.5093,42.0124,42.1647,10.5412,0.0,3.81775,3.831594,1.530778,30,171,130,2,0.04358735,-0.00293352,0.13859161,0E-8,0.000000,0.889618,0.000000,-0.14797496,2026-03-22,2026-08-05,96,1173,774,137,0.700730,0.766291,0.776478,0.145291,,,,,,,,GLOBAL_BASELINE_NO_ENTITY_RANKING,,,NOT_APPLICABLE_GLOBAL_BASELINE,HF9g-P5,,,,X 全窗基线 · 不参与实体赏罚,3927165,393,A168_HF9F_20260827_0900,2026-08-27 09:00:00
2026-05-14,91797317,583,0,42.0123936562,-21.0061968281,-21.0061968281,0E-7,2,2,0.49324550000000000,0.493245500000,-0.9865810262130424,-0.9865810262130424,-0.9865810262130424,0E-17,ELIGIBLE,R03b_20260811_FULL_v1,L1_ELIGIBILITY,v2026-08-11,2026-03-21..2026-08-06,baccarat_bet02_101_all_pairs_incl_sentinel,round_win = game_pnl > 0 (decisive only),COMPATIBILITY_ONLY_NOT_PRODUCTION,21006.2458,18687.5319,-61.6222,1247,1247,0.00293352,-0.13859161,0.00938335,0.00293352,61.6222,21006.2458,OK,0.0000,-2.4649,4.0000,96.0000,AG03-UNRESOLVED,ALL5_LEVELS_bet23_to_bet27,-2.4649,-2.4649,-2.4649,-4.3136,-4.3136,4.000000,4.000000,4.000000,7.000000,7.000000,96.000000,96.000000,96.000000,93.000000,93.000000,5.0,-16.0218,-14.4684,-45.6004,-47.1538,PENDING_AG03,FALSE,NOT_FOR_ENFORCEMENT,-59.1573,17940.0307,-61.6222,-59.1573,-2.4649,-0.00293352,-0.00281618,-2.4649,-59.1573,-0.00281618,-2.4649,-2.4649,-2.4649,-4.3136,-4.3136,-59.1573,-0.00281618,-16.0218,-14.4684,-45.6004,-47.1538,-0.00217080,-0.00224475,-0.00011734,16.8454,14.9860,-0.0494,-0.6419,-0.0525,218.8151,12.9896,13.0801,17.0694,10.3857,11.0045,21.0062,31.5093,42.0124,42.1647,10.5412,0.0,3.81775,3.831594,1.530778,30,171,130,2,0.04358735,-0.00293352,0.13859161,0E-8,0.000000,0.889618,0.000000,-0.14797496,2026-03-22,2026-08-05,96,1173,774,137,0.700730,0.766291,0.776478,0.145291,,,,,,,,GLOBAL_BASELINE_NO_ENTITY_RANKING,,,NOT_APPLICABLE_GLOBAL_BASELINE,HF9g-P5,,,,X 全窗基线 · 不参与实体赏罚,3927166,393,A168_HF9F_20260827_0900,2026-08-27 09:00:00
2026-05-14,91797317,948,0,21.0061968281,0E-10,0E-10,,1,1,0.49324550000000000,0.493245500000,,,,0E-17,NO_DECISIVE_ROUND,R03b_20260811_FULL_v1,L1_ELIGIBILITY,v2026-08-11,2026-03-21..2026-08-06,baccarat_bet02_101_all_pairs_incl_sentinel,round_win = game_pnl > 0 (decisive only),COMPATIBILITY_ONLY_NOT_PRODUCTION,21006.2458,18687.5319,-61.6222,1247,1247,0.00293352,-0.13859161,0.00938335,0.00293352,61.6222,21006.2458,OK,0.0000,-2.4649,4.0000,96.0000,AG03-UNRESOLVED,ALL5_LEVELS_bet23_to_bet27,-2.4649,-2.4649,-2.4649,-4.3136,-4.3136,4.000000,4.000000,4.000000,7.000000,7.000000,96.000000,96.000000,96.000000,93.000000,93.000000,5.0,-16.0218,-14.4684,-45.6004,-47.1538,PENDING_AG03,FALSE,NOT_FOR_ENFORCEMENT,-59.1573,17940.0307,-61.6222,-59.1573,-2.4649,-0.00293352,-0.00281618,-2.4649,-59.1573,-0.00281618,-2.4649,-2.4649,-2.4649,-4.3136,-4.3136,-59.1573,-0.00281618,-16.0218,-14.4684,-45.6004,-47.1538,-0.00217080,-0.00224475,-0.00011734,16.8454,14.9860,-0.0494,-0.6419,-0.0525,218.8151,12.9896,13.0801,17.0694,10.3857,11.0045,21.0062,31.5093,42.0124,42.1647,10.5412,0.0,3.81775,3.831594,1.530778,30,171,130,2,0.04358735,-0.00293352,0.13859161,0E-8,0.000000,0.889618,0.000000,-0.14797496,2026-03-22,2026-08-05,96,1173,774,137,0.700730,0.766291,0.776478,0.145291,,,,,,,,GLOBAL_BASELINE_NO_ENTITY_RANKING,,,NOT_APPLICABLE_GLOBAL_BASELINE,HF9g-P5,,,,X 全窗基线 · 不参与实体赏罚,3927167,393,A168_HF9F_20260827_0900,2026-08-27 09:00:00
2026-05-14,91797317,987,0,42.0123936561,-42.0123936561,-42.0123936561,0E-7,1,1,0.49324550000000000,0.493245500000,-0.9865810262130424,-0.9865810262130424,-0.9865810262130424,0E-17,ELIGIBLE,R03b_20260811_FULL_v1,L1_ELIGIBILITY,v2026-08-11,2026-03-21..2026-08-06,baccarat_bet02_101_all_pairs_incl_sentinel,round_win = game_pnl > 0 (decisive only),COMPATIBILITY_ONLY_NOT_PRODUCTION,21006.2458,18687.5319,-61.6222,1247,1247,0.00293352,-0.13859161,0.00938335,0.00293352,61.6222,21006.2458,OK,0.0000,-2.4649,4.0000,96.0000,AG03-UNRESOLVED,ALL5_LEVELS_bet23_to_bet27,-2.4649,-2.4649,-2.4649,-4.3136,-4.3136,4.000000,4.000000,4.000000,7.000000,7.000000,96.000000,96.000000,96.000000,93.000000,93.000000,5.0,-16.0218,-14.4684,-45.6004,-47.1538,PENDING_AG03,FALSE,NOT_FOR_ENFORCEMENT,-59.1573,17940.0307,-61.6222,-59.1573,-2.4649,-0.00293352,-0.00281618,-2.4649,-59.1573,-0.00281618,-2.4649,-2.4649,-2.4649,-4.3136,-4.3136,-59.1573,-0.00281618,-16.0218,-14.4684,-45.6004,-47.1538,-0.00217080,-0.00224475,-0.00011734,16.8454,14.9860,-0.0494,-0.6419,-0.0525,218.8151,12.9896,13.0801,17.0694,10.3857,11.0045,21.0062,31.5093,42.0124,42.1647,10.5412,0.0,3.81775,3.831594,1.530778,30,171,130,2,0.04358735,-0.00293352,0.13859161,0E-8,0.000000,0.889618,0.000000,-0.14797496,2026-03-22,2026-08-05,96,1173,774,137,0.700730,0.766291,0.776478,0.145291,,,,,,,,GLOBAL_BASELINE_NO_ENTITY_RANKING,,,NOT_APPLICABLE_GLOBAL_BASELINE,HF9g-P5,,,,X 全窗基线 · 不参与实体赏罚,3927168,393,A168_HF9F_20260827_0900,2026-08-27 09:00:00
2026-05-15,91797317,-1,1,115.5340825544,-31.5092952421,-31.5092952421,0.5000000,3,3,0.49324550000000000,0.493245500000,0.01910635448239258,0.01910635448239258,0.01910635448239258,0E-17,SENTINEL_DEALER,R03b_20260811_FULL_v1,L1_ELIGIBILITY,v2026-08-11,2026-03-21..2026-08-06,baccarat_bet02_101_all_pairs_incl_sentinel,round_win = game_pnl > 0 (decisive only),COMPATIBILITY_ONLY_NOT_PRODUCTION,21006.2458,18687.5319,-61.6222,1247,1247,0.00293352,-0.13859161,0.00938335,0.00293352,61.6222,21006.2458,OK,0.0000,-2.4649,4.0000,96.0000,AG03-UNRESOLVED,ALL5_LEVELS_bet23_to_bet27,-2.4649,-2.4649,-2.4649,-4.3136,-4.3136,4.000000,4.000000,4.000000,7.000000,7.000000,96.000000,96.000000,96.000000,93.000000,93.000000,5.0,-16.0218,-14.4684,-45.6004,-47.1538,PENDING_AG03,FALSE,NOT_FOR_ENFORCEMENT,-59.1573,17940.0307,-61.6222,-59.1573,-2.4649,-0.00293352,-0.00281618,-2.4649,-59.1573,-0.00281618,-2.4649,-2.4649,-2.4649,-4.3136,-4.3136,-59.1573,-0.00281618,-16.0218,-14.4684,-45.6004,-47.1538,-0.00217080,-0.00224475,-0.00011734,16.8454,14.9860,-0.0494,-0.6419,-0.0525,218.8151,12.9896,13.0801,17.0694,10.3857,11.0045,21.0062,31.5093,42.0124,42.1647,10.5412,0.0,3.81775,3.831594,1.530778,30,171,130,2,0.04358735,-0.00293352,0.13859161,0E-8,0.000000,0.889618,0.000000,-0.14797496,2026-03-22,2026-08-05,96,1173,774,137,0.700730,0.766291,0.776478,0.145291,,,,,,,,GLOBAL_BASELINE_NO_ENTITY_RANKING,,,NOT_APPLICABLE_GLOBAL_BASELINE,HF9g-P5,,,,X 全窗基线 · 不参与实体赏罚,3927169,393,A168_HF9F_20260827_0900,2026-08-27 09:00:00
2026-05-15,91797317,1353,0,21.0061968281,21.0061968281,21.0061968281,1.0000000,1,1,0.49324550000000000,0.493245500000,1.01360149184955,1.01360149184955,1.01360149184955,0E-17,ELIGIBLE,R03b_20260811_FULL_v1,L1_ELIGIBILITY,v2026-08-11,2026-03-21..2026-08-06,baccarat_bet02_101_all_pairs_incl_sentinel,round_win = game_pnl > 0 (decisive only),COMPATIBILITY_ONLY_NOT_PRODUCTION,21006.2458,18687.5319,-61.6222,1247,1247,0.00293352,-0.13859161,0.00938335,0.00293352,61.6222,21006.2458,OK,0.0000,-2.4649,4.0000,96.0000,AG03-UNRESOLVED,ALL5_LEVELS_bet23_to_bet27,-2.4649,-2.4649,-2.4649,-4.3136,-4.3136,4.000000,4.000000,4.000000,7.000000,7.000000,96.000000,96.000000,96.000000,93.000000,93.000000,5.0,-16.0218,-14.4684,-45.6004,-47.1538,PENDING_AG03,FALSE,NOT_FOR_ENFORCEMENT,-59.1573,17940.0307,-61.6222,-59.1573,-2.4649,-0.00293352,-0.00281618,-2.4649,-59.1573,-0.00281618,-2.4649,-2.4649,-2.4649,-4.3136,-4.3136,-59.1573,-0.00281618,-16.0218,-14.4684,-45.6004,-47.1538,-0.00217080,-0.00224475,-0.00011734,16.8454,14.9860,-0.0494,-0.6419,-0.0525,218.8151,12.9896,13.0801,17.0694,10.3857,11.0045,21.0062,31.5093,42.0124,42.1647,10.5412,0.0,3.81775,3.831594,1.530778,30,171,130,2,0.04358735,-0.00293352,0.13859161,0E-8,0.000000,0.889618,0.000000,-0.14797496,2026-03-22,2026-08-05,96,1173,774,137,0.700730,0.766291,0.776478,0.145291,,,,,,,,GLOBAL_BASELINE_NO_ENTITY_RANKING,,,NOT_APPLICABLE_GLOBAL_BASELINE,HF9g-P5,,,,X 全窗基线 · 不参与实体赏罚,3927170,393,A168_HF9F_20260827_0900,2026-08-27 09:00:00
2026-05-15,91797317,1401,0,21.0061968281,0E-10,0E-10,,1,1,0.49324550000000000,0.493245500000,,,,0E-17,NO_DECISIVE_ROUND,R03b_20260811_FULL_v1,L1_ELIGIBILITY,v2026-08-11,2026-03-21..2026-08-06,baccarat_bet02_101_all_pairs_incl_sentinel,round_win = game_pnl > 0 (decisive only),COMPATIBILITY_ONLY_NOT_PRODUCTION,21006.2458,18687.5319,-61.6222,1247,1247,0.00293352,-0.13859161,0.00938335,0.00293352,61.6222,21006.2458,OK,0.0000,-2.4649,4.0000,96.0000,AG03-UNRESOLVED,ALL5_LEVELS_bet23_to_bet27,-2.4649,-2.4649,-2.4649,-4.3136,-4.3136,4.000000,4.000000,4.000000,7.000000,7.000000,96.000000,96.000000,96.000000,93.000000,93.000000,5.0,-16.0218,-14.4684,-45.6004,-47.1538,PENDING_AG03,FALSE,NOT_FOR_ENFORCEMENT,-59.1573,17940.0307,-61.6222,-59.1573,-2.4649,-0.00293352,-0.00281618,-2.4649,-59.1573,-0.00281618,-2.4649,-2.4649,-2.4649,-4.3136,-4.3136,-59.1573,-0.00281618,-16.0218,-14.4684,-45.6004,-47.1538,-0.00217080,-0.00224475,-0.00011734,16.8454,14.9860,-0.0494,-0.6419,-0.0525,218.8151,12.9896,13.0801,17.0694,10.3857,11.0045,21.0062,31.5093,42.0124,42.1647,10.5412,0.0,3.81775,3.831594,1.530778,30,171,130,2,0.04358735,-0.00293352,0.13859161,0E-8,0.000000,0.889618,0.000000,-0.14797496,2026-03-22,2026-08-05,96,1173,774,137,0.700730,0.766291,0.776478,0.145291,,,,,,,,GLOBAL_BASELINE_NO_ENTITY_RANKING,,,NOT_APPLICABLE_GLOBAL_BASELINE,HF9g-P5,,,,X 全窗基线 · 不参与实体赏罚,3927171,393,A168_HF9F_20260827_0900,2026-08-27 09:00:00
2026-05-15,91797317,1505,0,42.0123936562,42.0123936562,42.0123936562,1.0000000,2,2,0.49324550000000000,0.493245500000,1.4334489766152358,1.4334489766152358,1.4334489766152358,0E-17,ELIGIBLE,R03b_20260811_FULL_v1,L1_ELIGIBILITY,v2026-08-11,2026-03-21..2026-08-06,baccarat_bet02_101_all_pairs_incl_sentinel,round_win = game_pnl > 0 (decisive only),COMPATIBILITY_ONLY_NOT_PRODUCTION,21006.2458,18687.5319,-61.6222,1247,1247,0.00293352,-0.13859161,0.00938335,0.00293352,61.6222,21006.2458,OK,0.0000,-2.4649,4.0000,96.0000,AG03-UNRESOLVED,ALL5_LEVELS_bet23_to_bet27,-2.4649,-2.4649,-2.4649,-4.3136,-4.3136,4.000000,4.000000,4.000000,7.000000,7.000000,96.000000,96.000000,96.000000,93.000000,93.000000,5.0,-16.0218,-14.4684,-45.6004,-47.1538,PENDING_AG03,FALSE,NOT_FOR_ENFORCEMENT,-59.1573,17940.0307,-61.6222,-59.1573,-2.4649,-0.00293352,-0.00281618,-2.4649,-59.1573,-0.00281618,-2.4649,-2.4649,-2.4649,-4.3136,-4.3136,-59.1573,-0.00281618,-16.0218,-14.4684,-45.6004,-47.1538,-0.00217080,-0.00224475,-0.00011734,16.8454,14.9860,-0.0494,-0.6419,-0.0525,218.8151,12.9896,13.0801,17.0694,10.3857,11.0045,21.0062,31.5093,42.0124,42.1647,10.5412,0.0,3.81775,3.831594,1.530778,30,171,130,2,0.04358735,-0.00293352,0.13859161,0E-8,0.000000,0.889618,0.000000,-0.14797496,2026-03-22,2026-08-05,96,1173,774,137,0.700730,0.766291,0.776478,0.145291,,,,,,,,GLOBAL_BASELINE_NO_ENTITY_RANKING,,,NOT_APPLICABLE_GLOBAL_BASELINE,HF9g-P5,,,,X 全窗基线 · 不参与实体赏罚,3927172,393,A168_HF9F_20260827_0900,2026-08-27 09:00:00
2026-05-15,91797317,1941,0,21.0061968281,-21.0061968281,-21.0061968281,0E-7,1,1,0.49324550000000000,0.493245500000,-0.9865810262130424,-0.9865810262130424,-0.9865810262130424,0E-17,ELIGIBLE,R03b_20260811_FULL_v1,L1_ELIGIBILITY,v2026-08-11,2026-03-21..2026-08-06,baccarat_bet02_101_all_pairs_incl_sentinel,round_win = game_pnl > 0 (decisive only),COMPATIBILITY_ONLY_NOT_PRODUCTION,21006.2458,18687.5319,-61.6222,1247,1247,0.00293352,-0.13859161,0.00938335,0.00293352,61.6222,21006.2458,OK,0.0000,-2.4649,4.0000,96.0000,AG03-UNRESOLVED,ALL5_LEVELS_bet23_to_bet27,-2.4649,-2.4649,-2.4649,-4.3136,-4.3136,4.000000,4.000000,4.000000,7.000000,7.000000,96.000000,96.000000,96.000000,93.000000,93.000000,5.0,-16.0218,-14.4684,-45.6004,-47.1538,PENDING_AG03,FALSE,NOT_FOR_ENFORCEMENT,-59.1573,17940.0307,-61.6222,-59.1573,-2.4649,-0.00293352,-0.00281618,-2.4649,-59.1573,-0.00281618,-2.4649,-2.4649,-2.4649,-4.3136,-4.3136,-59.1573,-0.00281618,-16.0218,-14.4684,-45.6004,-47.1538,-0.00217080,-0.00224475,-0.00011734,16.8454,14.9860,-0.0494,-0.6419,-0.0525,218.8151,12.9896,13.0801,17.0694,10.3857,11.0045,21.0062,31.5093,42.0124,42.1647,10.5412,0.0,3.81775,3.831594,1.530778,30,171,130,2,0.04358735,-0.00293352,0.13859161,0E-8,0.000000,0.889618,0.000000,-0.14797496,2026-03-22,2026-08-05,96,1173,774,137,0.700730,0.766291,0.776478,0.145291,,,,,,,,GLOBAL_BASELINE_NO_ENTITY_RANKING,,,NOT_APPLICABLE_GLOBAL_BASELINE,HF9g-P5,,,,X 全窗基线 · 不参与实体赏罚,3927173,393,A168_HF9F_20260827_0900,2026-08-27 09:00:00
2026-05-15,91797317,2103,0,42.0123936562,42.0123936562,42.0123936562,1.0000000,2,2,0.49324550000000000,0.493245500000,1.4334489766152358,1.4334489766152358,1.4334489766152358,0E-17,ELIGIBLE,R03b_20260811_FULL_v1,L1_ELIGIBILITY,v2026-08-11,2026-03-21..2026-08-06,baccarat_bet02_101_all_pairs_incl_sentinel,round_win = game_pnl > 0 (decisive only),COMPATIBILITY_ONLY_NOT_PRODUCTION,21006.2458,18687.5319,-61.6222,1247,1247,0.00293352,-0.13859161,0.00938335,0.00293352,61.6222,21006.2458,OK,0.0000,-2.4649,4.0000,96.0000,AG03-UNRESOLVED,ALL5_LEVELS_bet23_to_bet27,-2.4649,-2.4649,-2.4649,-4.3136,-4.3136,4.000000,4.000000,4.000000,7.000000,7.000000,96.000000,96.000000,96.000000,93.000000,93.000000,5.0,-16.0218,-14.4684,-45.6004,-47.1538,PENDING_AG03,FALSE,NOT_FOR_ENFORCEMENT,-59.1573,17940.0307,-61.6222,-59.1573,-2.4649,-0.00293352,-0.00281618,-2.4649,-59.1573,-0.00281618,-2.4649,-2.4649,-2.4649,-4.3136,-4.3136,-59.1573,-0.00281618,-16.0218,-14.4684,-45.6004,-47.1538,-0.00217080,-0.00224475,-0.00011734,16.8454,14.9860,-0.0494,-0.6419,-0.0525,218.8151,12.9896,13.0801,17.0694,10.3857,11.0045,21.0062,31.5093,42.0124,42.1647,10.5412,0.0,3.81775,3.831594,1.530778,30,171,130,2,0.04358735,-0.00293352,0.13859161,0E-8,0.000000,0.889618,0.000000,-0.14797496,2026-03-22,2026-08-05,96,1173,774,137,0.700730,0.766291,0.776478,0.145291,,,,,,,,GLOBAL_BASELINE_NO_ENTITY_RANKING,,,NOT_APPLICABLE_GLOBAL_BASELINE,HF9g-P5,,,,X 全窗基线 · 不参与实体赏罚,3927174,393,A168_HF9F_20260827_0900,2026-08-27 09:00:00
2026-05-15,91797317,2107,0,42.0123936561,-42.0123936561,-42.0123936561,0E-7,1,1,0.50665070000000000,0.506650700000,-1.013391052207602,-1.013391052207602,-1.013391052207602,0E-17,ELIGIBLE,R03b_20260811_FULL_v1,L1_ELIGIBILITY,v2026-08-11,2026-03-21..2026-08-06,baccarat_bet02_101_all_pairs_incl_sentinel,round_win = game_pnl > 0 (decisive only),COMPATIBILITY_ONLY_NOT_PRODUCTION,21006.2458,18687.5319,-61.6222,1247,1247,0.00293352,-0.13859161,0.00938335,0.00293352,61.6222,21006.2458,OK,0.0000,-2.4649,4.0000,96.0000,AG03-UNRESOLVED,ALL5_LEVELS_bet23_to_bet27,-2.4649,-2.4649,-2.4649,-4.3136,-4.3136,4.000000,4.000000,4.000000,7.000000,7.000000,96.000000,96.000000,96.000000,93.000000,93.000000,5.0,-16.0218,-14.4684,-45.6004,-47.1538,PENDING_AG03,FALSE,NOT_FOR_ENFORCEMENT,-59.1573,17940.0307,-61.6222,-59.1573,-2.4649,-0.00293352,-0.00281618,-2.4649,-59.1573,-0.00281618,-2.4649,-2.4649,-2.4649,-4.3136,-4.3136,-59.1573,-0.00281618,-16.0218,-14.4684,-45.6004,-47.1538,-0.00217080,-0.00224475,-0.00011734,16.8454,14.9860,-0.0494,-0.6419,-0.0525,218.8151,12.9896,13.0801,17.0694,10.3857,11.0045,21.0062,31.5093,42.0124,42.1647,10.5412,0.0,3.81775,3.831594,1.530778,30,171,130,2,0.04358735,-0.00293352,0.13859161,0E-8,0.000000,0.889618,0.000000,-0.14797496,2026-03-22,2026-08-05,96,1173,774,137,0.700730,0.766291,0.776478,0.145291,,,,,,,,GLOBAL_BASELINE_NO_ENTITY_RANKING,,,NOT_APPLICABLE_GLOBAL_BASELINE,HF9g-P5,,,,X 全窗基线 · 不参与实体赏罚,3927175,393,A168_HF9F_20260827_0900,2026-08-27 09:00:00
2026-05-15,91797317,2115,0,10.5030984140,-10.5030984140,-10.5030984140,0E-7,1,1,0.49324550000000000,0.493245500000,-0.9865810262130424,-0.9865810262130424,-0.9865810262130424,0E-17,ELIGIBLE,R03b_20260811_FULL_v1,L1_ELIGIBILITY,v2026-08-11,2026-03-21..2026-08-06,baccarat_bet02_101_all_pairs_incl_sentinel,round_win = game_pnl > 0 (decisive only),COMPATIBILITY_ONLY_NOT_PRODUCTION,21006.2458,18687.5319,-61.6222,1247,1247,0.00293352,-0.13859161,0.00938335,0.00293352,61.6222,21006.2458,OK,0.0000,-2.4649,4.0000,96.0000,AG03-UNRESOLVED,ALL5_LEVELS_bet23_to_bet27,-2.4649,-2.4649,-2.4649,-4.3136,-4.3136,4.000000,4.000000,4.000000,7.000000,7.000000,96.000000,96.000000,96.000000,93.000000,93.000000,5.0,-16.0218,-14.4684,-45.6004,-47.1538,PENDING_AG03,FALSE,NOT_FOR_ENFORCEMENT,-59.1573,17940.0307,-61.6222,-59.1573,-2.4649,-0.00293352,-0.00281618,-2.4649,-59.1573,-0.00281618,-2.4649,-2.4649,-2.4649,-4.3136,-4.3136,-59.1573,-0.00281618,-16.0218,-14.4684,-45.6004,-47.1538,-0.00217080,-0.00224475,-0.00011734,16.8454,14.9860,-0.0494,-0.6419,-0.0525,218.8151,12.9896,13.0801,17.0694,10.3857,11.0045,21.0062,31.5093,42.0124,42.1647,10.5412,0.0,3.81775,3.831594,1.530778,30,171,130,2,0.04358735,-0.00293352,0.13859161,0E-8,0.000000,0.889618,0.000000,-0.14797496,2026-03-22,2026-08-05,96,1173,774,137,0.700730,0.766291,0.776478,0.145291,,,,,,,,GLOBAL_BASELINE_NO_ENTITY_RANKING,,,NOT_APPLICABLE_GLOBAL_BASELINE,HF9g-P5,,,,X 全窗基线 · 不参与实体赏罚,3927176,393,A168_HF9F_20260827_0900,2026-08-27 09:00:00
2026-05-15,91797317,2117,0,31.5092952421,31.5092952421,31.5092952421,1.0000000,2,2,0.49324550000000000,0.493245500000,1.4334489766152358,1.4334489766152358,1.4334489766152358,0E-17,ELIGIBLE,R03b_20260811_FULL_v1,L1_ELIGIBILITY,v2026-08-11,2026-03-21..2026-08-06,baccarat_bet02_101_all_pairs_incl_sentinel,round_win = game_pnl > 0 (decisive only),COMPATIBILITY_ONLY_NOT_PRODUCTION,21006.2458,18687.5319,-61.6222,1247,1247,0.00293352,-0.13859161,0.00938335,0.00293352,61.6222,21006.2458,OK,0.0000,-2.4649,4.0000,96.0000,AG03-UNRESOLVED,ALL5_LEVELS_bet23_to_bet27,-2.4649,-2.4649,-2.4649,-4.3136,-4.3136,4.000000,4.000000,4.000000,7.000000,7.000000,96.000000,96.000000,96.000000,93.000000,93.000000,5.0,-16.0218,-14.4684,-45.6004,-47.1538,PENDING_AG03,FALSE,NOT_FOR_ENFORCEMENT,-59.1573,17940.0307,-61.6222,-59.1573,-2.4649,-0.00293352,-0.00281618,-2.4649,-59.1573,-0.00281618,-2.4649,-2.4649,-2.4649,-4.3136,-4.3136,-59.1573,-0.00281618,-16.0218,-14.4684,-45.6004,-47.1538,-0.00217080,-0.00224475,-0.00011734,16.8454,14.9860,-0.0494,-0.6419,-0.0525,218.8151,12.9896,13.0801,17.0694,10.3857,11.0045,21.0062,31.5093,42.0124,42.1647,10.5412,0.0,3.81775,3.831594,1.530778,30,171,130,2,0.04358735,-0.00293352,0.13859161,0E-8,0.000000,0.889618,0.000000,-0.14797496,2026-03-22,2026-08-05,96,1173,774,137,0.700730,0.766291,0.776478,0.145291,,,,,,,,GLOBAL_BASELINE_NO_ENTITY_RANKING,,,NOT_APPLICABLE_GLOBAL_BASELINE,HF9g-P5,,,,X 全窗基线 · 不参与实体赏罚,3927177,393,A168_HF9F_20260827_0900,2026-08-27 09:00:00
2026-05-15,91797317,2164,0,21.0061968281,21.0061968281,21.0061968281,1.0000000,1,1,0.49324550000000000,0.493245500000,1.01360149184955,1.01360149184955,1.01360149184955,0E-17,ELIGIBLE,R03b_20260811_FULL_v1,L1_ELIGIBILITY,v2026-08-11,2026-03-21..2026-08-06,baccarat_bet02_101_all_pairs_incl_sentinel,round_win = game_pnl > 0 (decisive only),COMPATIBILITY_ONLY_NOT_PRODUCTION,21006.2458,18687.5319,-61.6222,1247,1247,0.00293352,-0.13859161,0.00938335,0.00293352,61.6222,21006.2458,OK,0.0000,-2.4649,4.0000,96.0000,AG03-UNRESOLVED,ALL5_LEVELS_bet23_to_bet27,-2.4649,-2.4649,-2.4649,-4.3136,-4.3136,4.000000,4.000000,4.000000,7.000000,7.000000,96.000000,96.000000,96.000000,93.000000,93.000000,5.0,-16.0218,-14.4684,-45.6004,-47.1538,PENDING_AG03,FALSE,NOT_FOR_ENFORCEMENT,-59.1573,17940.0307,-61.6222,-59.1573,-2.4649,-0.00293352,-0.00281618,-2.4649,-59.1573,-0.00281618,-2.4649,-2.4649,-2.4649,-4.3136,-4.3136,-59.1573,-0.00281618,-16.0218,-14.4684,-45.6004,-47.1538,-0.00217080,-0.00224475,-0.00011734,16.8454,14.9860,-0.0494,-0.6419,-0.0525,218.8151,12.9896,13.0801,17.0694,10.3857,11.0045,21.0062,31.5093,42.0124,42.1647,10.5412,0.0,3.81775,3.831594,1.530778,30,171,130,2,0.04358735,-0.00293352,0.13859161,0E-8,0.000000,0.889618,0.000000,-0.14797496,2026-03-22,2026-08-05,96,1173,774,137,0.700730,0.766291,0.776478,0.145291,,,,,,,,GLOBAL_BASELINE_NO_ENTITY_RANKING,,,NOT_APPLICABLE_GLOBAL_BASELINE,HF9g-P5,,,,X 全窗基线 · 不参与实体赏罚,3927178,393,A168_HF9F_20260827_0900,2026-08-27 09:00:00
2026-05-15,91797317,2196,0,21.0061968281,0E-10,0E-10,,1,1,0.49324550000000000,0.493245500000,,,,0E-17,NO_DECISIVE_ROUND,R03b_20260811_FULL_v1,L1_ELIGIBILITY,v2026-08-11,2026-03-21..2026-08-06,baccarat_bet02_101_all_pairs_incl_sentinel,round_win = game_pnl > 0 (decisive only),COMPATIBILITY_ONLY_NOT_PRODUCTION,21006.2458,18687.5319,-61.6222,1247,1247,0.00293352,-0.13859161,0.00938335,0.00293352,61.6222,21006.2458,OK,0.0000,-2.4649,4.0000,96.0000,AG03-UNRESOLVED,ALL5_LEVELS_bet23_to_bet27,-2.4649,-2.4649,-2.4649,-4.3136,-4.3136,4.000000,4.000000,4.000000,7.000000,7.000000,96.000000,96.000000,96.000000,93.000000,93.000000,5.0,-16.0218,-14.4684,-45.6004,-47.1538,PENDING_AG03,FALSE,NOT_FOR_ENFORCEMENT,-59.1573,17940.0307,-61.6222,-59.1573,-2.4649,-0.00293352,-0.00281618,-2.4649,-59.1573,-0.00281618,-2.4649,-2.4649,-2.4649,-4.3136,-4.3136,-59.1573,-0.00281618,-16.0218,-14.4684,-45.6004,-47.1538,-0.00217080,-0.00224475,-0.00011734,16.8454,14.9860,-0.0494,-0.6419,-0.0525,218.8151,12.9896,13.0801,17.0694,10.3857,11.0045,21.0062,31.5093,42.0124,42.1647,10.5412,0.0,3.81775,3.831594,1.530778,30,171,130,2,0.04358735,-0.00293352,0.13859161,0E-8,0.000000,0.889618,0.000000,-0.14797496,2026-03-22,2026-08-05,96,1173,774,137,0.700730,0.766291,0.776478,0.145291,,,,,,,,GLOBAL_BASELINE_NO_ENTITY_RANKING,,,NOT_APPLICABLE_GLOBAL_BASELINE,HF9g-P5,,,,X 全窗基线 · 不参与实体赏罚,3927179,393,A168_HF9F_20260827_0900,2026-08-27 09:00:00
2026-05-15,91797317,2233,0,63.0185904843,21.0061968281,21.0061968281,0.6666667,3,3,0.49324550000000000,0.493245500000,0.6008033672792107,0.6008033672792106,0.6008033672792107,0E-17,ELIGIBLE,R03b_20260811_FULL_v1,L1_ELIGIBILITY,v2026-08-11,2026-03-21..2026-08-06,baccarat_bet02_101_all_pairs_incl_sentinel,round_win = game_pnl > 0 (decisive only),COMPATIBILITY_ONLY_NOT_PRODUCTION,21006.2458,18687.5319,-61.6222,1247,1247,0.00293352,-0.13859161,0.00938335,0.00293352,61.6222,21006.2458,OK,0.0000,-2.4649,4.0000,96.0000,AG03-UNRESOLVED,ALL5_LEVELS_bet23_to_bet27,-2.4649,-2.4649,-2.4649,-4.3136,-4.3136,4.000000,4.000000,4.000000,7.000000,7.000000,96.000000,96.000000,96.000000,93.000000,93.000000,5.0,-16.0218,-14.4684,-45.6004,-47.1538,PENDING_AG03,FALSE,NOT_FOR_ENFORCEMENT,-59.1573,17940.0307,-61.6222,-59.1573,-2.4649,-0.00293352,-0.00281618,-2.4649,-59.1573,-0.00281618,-2.4649,-2.4649,-2.4649,-4.3136,-4.3136,-59.1573,-0.00281618,-16.0218,-14.4684,-45.6004,-47.1538,-0.00217080,-0.00224475,-0.00011734,16.8454,14.9860,-0.0494,-0.6419,-0.0525,218.8151,12.9896,13.0801,17.0694,10.3857,11.0045,21.0062,31.5093,42.0124,42.1647,10.5412,0.0,3.81775,3.831594,1.530778,30,171,130,2,0.04358735,-0.00293352,0.13859161,0E-8,0.000000,0.889618,0.000000,-0.14797496,2026-03-22,2026-08-05,96,1173,774,137,0.700730,0.766291,0.776478,0.145291,,,,,,,,GLOBAL_BASELINE_NO_ENTITY_RANKING,,,NOT_APPLICABLE_GLOBAL_BASELINE,HF9g-P5,,,,X 全窗基线 · 不参与实体赏罚,3927180,393,A168_HF9F_20260827_0900,2026-08-27 09:00:00
2026-05-15,91797317,2256,0,21.0061968281,21.0061968281,21.0061968281,1.0000000,1,1,0.49324550000000000,0.493245500000,1.01360149184955,1.01360149184955,1.01360149184955,0E-17,ELIGIBLE,R03b_20260811_FULL_v1,L1_ELIGIBILITY,v2026-08-11,2026-03-21..2026-08-06,baccarat_bet02_101_all_pairs_incl_sentinel,round_win = game_pnl > 0 (decisive only),COMPATIBILITY_ONLY_NOT_PRODUCTION,21006.2458,18687.5319,-61.6222,1247,1247,0.00293352,-0.13859161,0.00938335,0.00293352,61.6222,21006.2458,OK,0.0000,-2.4649,4.0000,96.0000,AG03-UNRESOLVED,ALL5_LEVELS_bet23_to_bet27,-2.4649,-2.4649,-2.4649,-4.3136,-4.3136,4.000000,4.000000,4.000000,7.000000,7.000000,96.000000,96.000000,96.000000,93.000000,93.000000,5.0,-16.0218,-14.4684,-45.6004,-47.1538,PENDING_AG03,FALSE,NOT_FOR_ENFORCEMENT,-59.1573,17940.0307,-61.6222,-59.1573,-2.4649,-0.00293352,-0.00281618,-2.4649,-59.1573,-0.00281618,-2.4649,-2.4649,-2.4649,-4.3136,-4.3136,-59.1573,-0.00281618,-16.0218,-14.4684,-45.6004,-47.1538,-0.00217080,-0.00224475,-0.00011734,16.8454,14.9860,-0.0494,-0.6419,-0.0525,218.8151,12.9896,13.0801,17.0694,10.3857,11.0045,21.0062,31.5093,42.0124,42.1647,10.5412,0.0,3.81775,3.831594,1.530778,30,171,130,2,0.04358735,-0.00293352,0.13859161,0E-8,0.000000,0.889618,0.000000,-0.14797496,2026-03-22,2026-08-05,96,1173,774,137,0.700730,0.766291,0.776478,0.145291,,,,,,,,GLOBAL_BASELINE_NO_ENTITY_RANKING,,,NOT_APPLICABLE_GLOBAL_BASELINE,HF9g-P5,,,,X 全窗基线 · 不参与实体赏罚,3927181,393,A168_HF9F_20260827_0900,2026-08-27 09:00:00
2026-05-15,91797317,529,0,21.0061968281,0E-10,0E-10,,1,1,0.49324550000000000,0.493245500000,,,,0E-17,NO_DECISIVE_ROUND,R03b_20260811_FULL_v1,L1_ELIGIBILITY,v2026-08-11,2026-03-21..2026-08-06,baccarat_bet02_101_all_pairs_incl_sentinel,round_win = game_pnl > 0 (decisive only),COMPATIBILITY_ONLY_NOT_PRODUCTION,21006.2458,18687.5319,-61.6222,1247,1247,0.00293352,-0.13859161,0.00938335,0.00293352,61.6222,21006.2458,OK,0.0000,-2.4649,4.0000,96.0000,AG03-UNRESOLVED,ALL5_LEVELS_bet23_to_bet27,-2.4649,-2.4649,-2.4649,-4.3136,-4.3136,4.000000,4.000000,4.000000,7.000000,7.000000,96.000000,96.000000,96.000000,93.000000,93.000000,5.0,-16.0218,-14.4684,-45.6004,-47.1538,PENDING_AG03,FALSE,NOT_FOR_ENFORCEMENT,-59.1573,17940.0307,-61.6222,-59.1573,-2.4649,-0.00293352,-0.00281618,-2.4649,-59.1573,-0.00281618,-2.4649,-2.4649,-2.4649,-4.3136,-4.3136,-59.1573,-0.00281618,-16.0218,-14.4684,-45.6004,-47.1538,-0.00217080,-0.00224475,-0.00011734,16.8454,14.9860,-0.0494,-0.6419,-0.0525,218.8151,12.9896,13.0801,17.0694,10.3857,11.0045,21.0062,31.5093,42.0124,42.1647,10.5412,0.0,3.81775,3.831594,1.530778,30,171,130,2,0.04358735,-0.00293352,0.13859161,0E-8,0.000000,0.889618,0.000000,-0.14797496,2026-03-22,2026-08-05,96,1173,774,137,0.700730,0.766291,0.776478,0.145291,,,,,,,,GLOBAL_BASELINE_NO_ENTITY_RANKING,,,NOT_APPLICABLE_GLOBAL_BASELINE,HF9g-P5,,,,X 全窗基线 · 不参与实体赏罚,3927182,393,A168_HF9F_20260827_0900,2026-08-27 09:00:00
2026-05-15,91797317,919,0,21.0061968281,-21.0061968281,-21.0061968281,0E-7,1,1,0.49324550000000000,0.493245500000,-0.9865810262130424,-0.9865810262130424,-0.9865810262130424,0E-17,ELIGIBLE,R03b_20260811_FULL_v1,L1_ELIGIBILITY,v2026-08-11,2026-03-21..2026-08-06,baccarat_bet02_101_all_pairs_incl_sentinel,round_win = game_pnl > 0 (decisive only),COMPATIBILITY_ONLY_NOT_PRODUCTION,21006.2458,18687.5319,-61.6222,1247,1247,0.00293352,-0.13859161,0.00938335,0.00293352,61.6222,21006.2458,OK,0.0000,-2.4649,4.0000,96.0000,AG03-UNRESOLVED,ALL5_LEVELS_bet23_to_bet27,-2.4649,-2.4649,-2.4649,-4.3136,-4.3136,4.000000,4.000000,4.000000,7.000000,7.000000,96.000000,96.000000,96.000000,93.000000,93.000000,5.0,-16.0218,-14.4684,-45.6004,-47.1538,PENDING_AG03,FALSE,NOT_FOR_ENFORCEMENT,-59.1573,17940.0307,-61.6222,-59.1573,-2.4649,-0.00293352,-0.00281618,-2.4649,-59.1573,-0.00281618,-2.4649,-2.4649,-2.4649,-4.3136,-4.3136,-59.1573,-0.00281618,-16.0218,-14.4684,-45.6004,-47.1538,-0.00217080,-0.00224475,-0.00011734,16.8454,14.9860,-0.0494,-0.6419,-0.0525,218.8151,12.9896,13.0801,17.0694,10.3857,11.0045,21.0062,31.5093,42.0124,42.1647,10.5412,0.0,3.81775,3.831594,1.530778,30,171,130,2,0.04358735,-0.00293352,0.13859161,0E-8,0.000000,0.889618,0.000000,-0.14797496,2026-03-22,2026-08-05,96,1173,774,137,0.700730,0.766291,0.776478,0.145291,,,,,,,,GLOBAL_BASELINE_NO_ENTITY_RANKING,,,NOT_APPLICABLE_GLOBAL_BASELINE,HF9g-P5,,,,X 全窗基线 · 不参与实体赏罚,3927183,393,A168_HF9F_20260827_0900,2026-08-27 09:00:00
2026-05-15,91797317,948,0,21.0061968281,-21.0061968281,-21.0061968281,0E-7,1,1,0.49324550000000000,0.493245500000,-0.9865810262130424,-0.9865810262130424,-0.9865810262130424,0E-17,ELIGIBLE,R03b_20260811_FULL_v1,L1_ELIGIBILITY,v2026-08-11,2026-03-21..2026-08-06,baccarat_bet02_101_all_pairs_incl_sentinel,round_win = game_pnl > 0 (decisive only),COMPATIBILITY_ONLY_NOT_PRODUCTION,21006.2458,18687.5319,-61.6222,1247,1247,0.00293352,-0.13859161,0.00938335,0.00293352,61.6222,21006.2458,OK,0.0000,-2.4649,4.0000,96.0000,AG03-UNRESOLVED,ALL5_LEVELS_bet23_to_bet27,-2.4649,-2.4649,-2.4649,-4.3136,-4.3136,4.000000,4.000000,4.000000,7.000000,7.000000,96.000000,96.000000,96.000000,93.000000,93.000000,5.0,-16.0218,-14.4684,-45.6004,-47.1538,PENDING_AG03,FALSE,NOT_FOR_ENFORCEMENT,-59.1573,17940.0307,-61.6222,-59.1573,-2.4649,-0.00293352,-0.00281618,-2.4649,-59.1573,-0.00281618,-2.4649,-2.4649,-2.4649,-4.3136,-4.3136,-59.1573,-0.00281618,-16.0218,-14.4684,-45.6004,-47.1538,-0.00217080,-0.00224475,-0.00011734,16.8454,14.9860,-0.0494,-0.6419,-0.0525,218.8151,12.9896,13.0801,17.0694,10.3857,11.0045,21.0062,31.5093,42.0124,42.1647,10.5412,0.0,3.81775,3.831594,1.530778,30,171,130,2,0.04358735,-0.00293352,0.13859161,0E-8,0.000000,0.889618,0.000000,-0.14797496,2026-03-22,2026-08-05,96,1173,774,137,0.700730,0.766291,0.776478,0.145291,,,,,,,,GLOBAL_BASELINE_NO_ENTITY_RANKING,,,NOT_APPLICABLE_GLOBAL_BASELINE,HF9g-P5,,,,X 全窗基线 · 不参与实体赏罚,3927184,393,A168_HF9F_20260827_0900,2026-08-27 09:00:00
2026-05-16,91797317,-1,1,63.0185904841,-63.0185904841,-63.0185904841,0E-7,3,3,0.49324550000000000,0.493245500000,-1.708808463184432,-1.7088084631844318,-1.708808463184432,0E-17,SENTINEL_DEALER,R03b_20260811_FULL_v1,L1_ELIGIBILITY,v2026-08-11,2026-03-21..2026-08-06,baccarat_bet02_101_all_pairs_incl_sentinel,round_win = game_pnl > 0 (decisive only),COMPATIBILITY_ONLY_NOT_PRODUCTION,21006.2458,18687.5319,-61.6222,1247,1247,0.00293352,-0.13859161,0.00938335,0.00293352,61.6222,21006.2458,OK,0.0000,-2.4649,4.0000,96.0000,AG03-UNRESOLVED,ALL5_LEVELS_bet23_to_bet27,-2.4649,-2.4649,-2.4649,-4.3136,-4.3136,4.000000,4.000000,4.000000,7.000000,7.000000,96.000000,96.000000,96.000000,93.000000,93.000000,5.0,-16.0218,-14.4684,-45.6004,-47.1538,PENDING_AG03,FALSE,NOT_FOR_ENFORCEMENT,-59.1573,17940.0307,-61.6222,-59.1573,-2.4649,-0.00293352,-0.00281618,-2.4649,-59.1573,-0.00281618,-2.4649,-2.4649,-2.4649,-4.3136,-4.3136,-59.1573,-0.00281618,-16.0218,-14.4684,-45.6004,-47.1538,-0.00217080,-0.00224475,-0.00011734,16.8454,14.9860,-0.0494,-0.6419,-0.0525,218.8151,12.9896,13.0801,17.0694,10.3857,11.0045,21.0062,31.5093,42.0124,42.1647,10.5412,0.0,3.81775,3.831594,1.530778,30,171,130,2,0.04358735,-0.00293352,0.13859161,0E-8,0.000000,0.889618,0.000000,-0.14797496,2026-03-22,2026-08-05,96,1173,774,137,0.700730,0.766291,0.776478,0.145291,,,,,,,,GLOBAL_BASELINE_NO_ENTITY_RANKING,,,NOT_APPLICABLE_GLOBAL_BASELINE,HF9g-P5,,,,X 全窗基线 · 不参与实体赏罚,3927185,393,A168_HF9F_20260827_0900,2026-08-27 09:00:00
2026-05-16,91797317,1078,0,6.3018590484,0E-10,0E-10,,1,1,0.49324550000000000,0.493245500000,,,,0E-17,NO_DECISIVE_ROUND,R03b_20260811_FULL_v1,L1_ELIGIBILITY,v2026-08-11,2026-03-21..2026-08-06,baccarat_bet02_101_all_pairs_incl_sentinel,round_win = game_pnl > 0 (decisive only),COMPATIBILITY_ONLY_NOT_PRODUCTION,21006.2458,18687.5319,-61.6222,1247,1247,0.00293352,-0.13859161,0.00938335,0.00293352,61.6222,21006.2458,OK,0.0000,-2.4649,4.0000,96.0000,AG03-UNRESOLVED,ALL5_LEVELS_bet23_to_bet27,-2.4649,-2.4649,-2.4649,-4.3136,-4.3136,4.000000,4.000000,4.000000,7.000000,7.000000,96.000000,96.000000,96.000000,93.000000,93.000000,5.0,-16.0218,-14.4684,-45.6004,-47.1538,PENDING_AG03,FALSE,NOT_FOR_ENFORCEMENT,-59.1573,17940.0307,-61.6222,-59.1573,-2.4649,-0.00293352,-0.00281618,-2.4649,-59.1573,-0.00281618,-2.4649,-2.4649,-2.4649,-4.3136,-4.3136,-59.1573,-0.00281618,-16.0218,-14.4684,-45.6004,-47.1538,-0.00217080,-0.00224475,-0.00011734,16.8454,14.9860,-0.0494,-0.6419,-0.0525,218.8151,12.9896,13.0801,17.0694,10.3857,11.0045,21.0062,31.5093,42.0124,42.1647,10.5412,0.0,3.81775,3.831594,1.530778,30,171,130,2,0.04358735,-0.00293352,0.13859161,0E-8,0.000000,0.889618,0.000000,-0.14797496,2026-03-22,2026-08-05,96,1173,774,137,0.700730,0.766291,0.776478,0.145291,,,,,,,,GLOBAL_BASELINE_NO_ENTITY_RANKING,,,NOT_APPLICABLE_GLOBAL_BASELINE,HF9g-P5,,,,X 全窗基线 · 不参与实体赏罚,3927186,393,A168_HF9F_20260827_0900,2026-08-27 09:00:00
2026-05-16,91797317,1299,0,6.3018590484,-6.3018590484,-6.3018590484,0E-7,1,1,0.49324550000000000,0.493245500000,-0.9865810262130424,-0.9865810262130424,-0.9865810262130424,0E-17,ELIGIBLE,R03b_20260811_FULL_v1,L1_ELIGIBILITY,v2026-08-11,2026-03-21..2026-08-06,baccarat_bet02_101_all_pairs_incl_sentinel,round_win = game_pnl > 0 (decisive only),COMPATIBILITY_ONLY_NOT_PRODUCTION,21006.2458,18687.5319,-61.6222,1247,1247,0.00293352,-0.13859161,0.00938335,0.00293352,61.6222,21006.2458,OK,0.0000,-2.4649,4.0000,96.0000,AG03-UNRESOLVED,ALL5_LEVELS_bet23_to_bet27,-2.4649,-2.4649,-2.4649,-4.3136,-4.3136,4.000000,4.000000,4.000000,7.000000,7.000000,96.000000,96.000000,96.000000,93.000000,93.000000,5.0,-16.0218,-14.4684,-45.6004,-47.1538,PENDING_AG03,FALSE,NOT_FOR_ENFORCEMENT,-59.1573,17940.0307,-61.6222,-59.1573,-2.4649,-0.00293352,-0.00281618,-2.4649,-59.1573,-0.00281618,-2.4649,-2.4649,-2.4649,-4.3136,-4.3136,-59.1573,-0.00281618,-16.0218,-14.4684,-45.6004,-47.1538,-0.00217080,-0.00224475,-0.00011734,16.8454,14.9860,-0.0494,-0.6419,-0.0525,218.8151,12.9896,13.0801,17.0694,10.3857,11.0045,21.0062,31.5093,42.0124,42.1647,10.5412,0.0,3.81775,3.831594,1.530778,30,171,130,2,0.04358735,-0.00293352,0.13859161,0E-8,0.000000,0.889618,0.000000,-0.14797496,2026-03-22,2026-08-05,96,1173,774,137,0.700730,0.766291,0.776478,0.145291,,,,,,,,GLOBAL_BASELINE_NO_ENTITY_RANKING,,,NOT_APPLICABLE_GLOBAL_BASELINE,HF9g-P5,,,,X 全窗基线 · 不参与实体赏罚,3927187,393,A168_HF9F_20260827_0900,2026-08-27 09:00:00
2026-05-16,91797317,1399,0,10.5030984140,-10.5030984140,-10.5030984140,0E-7,1,1,0.49324550000000000,0.493245500000,-0.9865810262130424,-0.9865810262130424,-0.9865810262130424,0E-17,ELIGIBLE,R03b_20260811_FULL_v1,L1_ELIGIBILITY,v2026-08-11,2026-03-21..2026-08-06,baccarat_bet02_101_all_pairs_incl_sentinel,round_win = game_pnl > 0 (decisive only),COMPATIBILITY_ONLY_NOT_PRODUCTION,21006.2458,18687.5319,-61.6222,1247,1247,0.00293352,-0.13859161,0.00938335,0.00293352,61.6222,21006.2458,OK,0.0000,-2.4649,4.0000,96.0000,AG03-UNRESOLVED,ALL5_LEVELS_bet23_to_bet27,-2.4649,-2.4649,-2.4649,-4.3136,-4.3136,4.000000,4.000000,4.000000,7.000000,7.000000,96.000000,96.000000,96.000000,93.000000,93.000000,5.0,-16.0218,-14.4684,-45.6004,-47.1538,PENDING_AG03,FALSE,NOT_FOR_ENFORCEMENT,-59.1573,17940.0307,-61.6222,-59.1573,-2.4649,-0.00293352,-0.00281618,-2.4649,-59.1573,-0.00281618,-2.4649,-2.4649,-2.4649,-4.3136,-4.3136,-59.1573,-0.00281618,-16.0218,-14.4684,-45.6004,-47.1538,-0.00217080,-0.00224475,-0.00011734,16.8454,14.9860,-0.0494,-0.6419,-0.0525,218.8151,12.9896,13.0801,17.0694,10.3857,11.0045,21.0062,31.5093,42.0124,42.1647,10.5412,0.0,3.81775,3.831594,1.530778,30,171,130,2,0.04358735,-0.00293352,0.13859161,0E-8,0.000000,0.889618,0.000000,-0.14797496,2026-03-22,2026-08-05,96,1173,774,137,0.700730,0.766291,0.776478,0.145291,,,,,,,,GLOBAL_BASELINE_NO_ENTITY_RANKING,,,NOT_APPLICABLE_GLOBAL_BASELINE,HF9g-P5,,,,X 全窗基线 · 不参与实体赏罚,3927188,393,A168_HF9F_20260827_0900,2026-08-27 09:00:00
2026-05-16,91797317,1509,0,10.5030984140,10.5030984140,10.5030984140,1.0000000,1,1,0.49324550000000000,0.493245500000,1.01360149184955,1.01360149184955,1.01360149184955,0E-17,ELIGIBLE,R03b_20260811_FULL_v1,L1_ELIGIBILITY,v2026-08-11,2026-03-21..2026-08-06,baccarat_bet02_101_all_pairs_incl_sentinel,round_win = game_pnl > 0 (decisive only),COMPATIBILITY_ONLY_NOT_PRODUCTION,21006.2458,18687.5319,-61.6222,1247,1247,0.00293352,-0.13859161,0.00938335,0.00293352,61.6222,21006.2458,OK,0.0000,-2.4649,4.0000,96.0000,AG03-UNRESOLVED,ALL5_LEVELS_bet23_to_bet27,-2.4649,-2.4649,-2.4649,-4.3136,-4.3136,4.000000,4.000000,4.000000,7.000000,7.000000,96.000000,96.000000,96.000000,93.000000,93.000000,5.0,-16.0218,-14.4684,-45.6004,-47.1538,PENDING_AG03,FALSE,NOT_FOR_ENFORCEMENT,-59.1573,17940.0307,-61.6222,-59.1573,-2.4649,-0.00293352,-0.00281618,-2.4649,-59.1573,-0.00281618,-2.4649,-2.4649,-2.4649,-4.3136,-4.3136,-59.1573,-0.00281618,-16.0218,-14.4684,-45.6004,-47.1538,-0.00217080,-0.00224475,-0.00011734,16.8454,14.9860,-0.0494,-0.6419,-0.0525,218.8151,12.9896,13.0801,17.0694,10.3857,11.0045,21.0062,31.5093,42.0124,42.1647,10.5412,0.0,3.81775,3.831594,1.530778,30,171,130,2,0.04358735,-0.00293352,0.13859161,0E-8,0.000000,0.889618,0.000000,-0.14797496,2026-03-22,2026-08-05,96,1173,774,137,0.700730,0.766291,0.776478,0.145291,,,,,,,,GLOBAL_BASELINE_NO_ENTITY_RANKING,,,NOT_APPLICABLE_GLOBAL_BASELINE,HF9g-P5,,,,X 全窗基线 · 不参与实体赏罚,3927189,393,A168_HF9F_20260827_0900,2026-08-27 09:00:00
2026-05-16,91797317,2115,0,42.0123936561,42.0123936561,42.0123936561,1.0000000,1,1,0.49324550000000000,0.493245500000,1.01360149184955,1.01360149184955,1.01360149184955,0E-17,ELIGIBLE,R03b_20260811_FULL_v1,L1_ELIGIBILITY,v2026-08-11,2026-03-21..2026-08-06,baccarat_bet02_101_all_pairs_incl_sentinel,round_win = game_pnl > 0 (decisive only),COMPATIBILITY_ONLY_NOT_PRODUCTION,21006.2458,18687.5319,-61.6222,1247,1247,0.00293352,-0.13859161,0.00938335,0.00293352,61.6222,21006.2458,OK,0.0000,-2.4649,4.0000,96.0000,AG03-UNRESOLVED,ALL5_LEVELS_bet23_to_bet27,-2.4649,-2.4649,-2.4649,-4.3136,-4.3136,4.000000,4.000000,4.000000,7.000000,7.000000,96.000000,96.000000,96.000000,93.000000,93.000000,5.0,-16.0218,-14.4684,-45.6004,-47.1538,PENDING_AG03,FALSE,NOT_FOR_ENFORCEMENT,-59.1573,17940.0307,-61.6222,-59.1573,-2.4649,-0.00293352,-0.00281618,-2.4649,-59.1573,-0.00281618,-2.4649,-2.4649,-2.4649,-4.3136,-4.3136,-59.1573,-0.00281618,-16.0218,-14.4684,-45.6004,-47.1538,-0.00217080,-0.00224475,-0.00011734,16.8454,14.9860,-0.0494,-0.6419,-0.0525,218.8151,12.9896,13.0801,17.0694,10.3857,11.0045,21.0062,31.5093,42.0124,42.1647,10.5412,0.0,3.81775,3.831594,1.530778,30,171,130,2,0.04358735,-0.00293352,0.13859161,0E-8,0.000000,0.889618,0.000000,-0.14797496,2026-03-22,2026-08-05,96,1173,774,137,0.700730,0.766291,0.776478,0.145291,,,,,,,,GLOBAL_BASELINE_NO_ENTITY_RANKING,,,NOT_APPLICABLE_GLOBAL_BASELINE,HF9g-P5,,,,X 全窗基线 · 不参与实体赏罚,3927190,393,A168_HF9F_20260827_0900,2026-08-27 09:00:00
2026-05-16,91797317,2117,0,21.0061968281,-21.0061968281,-21.0061968281,0E-7,1,1,0.49324550000000000,0.493245500000,-0.9865810262130424,-0.9865810262130424,-0.9865810262130424,0E-17,ELIGIBLE,R03b_20260811_FULL_v1,L1_ELIGIBILITY,v2026-08-11,2026-03-21..2026-08-06,baccarat_bet02_101_all_pairs_incl_sentinel,round_win = game_pnl > 0 (decisive only),COMPATIBILITY_ONLY_NOT_PRODUCTION,21006.2458,18687.5319,-61.6222,1247,1247,0.00293352,-0.13859161,0.00938335,0.00293352,61.6222,21006.2458,OK,0.0000,-2.4649,4.0000,96.0000,AG03-UNRESOLVED,ALL5_LEVELS_bet23_to_bet27,-2.4649,-2.4649,-2.4649,-4.3136,-4.3136,4.000000,4.000000,4.000000,7.000000,7.000000,96.000000,96.000000,96.000000,93.000000,93.000000,5.0,-16.0218,-14.4684,-45.6004,-47.1538,PENDING_AG03,FALSE,NOT_FOR_ENFORCEMENT,-59.1573,17940.0307,-61.6222,-59.1573,-2.4649,-0.00293352,-0.00281618,-2.4649,-59.1573,-0.00281618,-2.4649,-2.4649,-2.4649,-4.3136,-4.3136,-59.1573,-0.00281618,-16.0218,-14.4684,-45.6004,-47.1538,-0.00217080,-0.00224475,-0.00011734,16.8454,14.9860,-0.0494,-0.6419,-0.0525,218.8151,12.9896,13.0801,17.0694,10.3857,11.0045,21.0062,31.5093,42.0124,42.1647,10.5412,0.0,3.81775,3.831594,1.530778,30,171,130,2,0.04358735,-0.00293352,0.13859161,0E-8,0.000000,0.889618,0.000000,-0.14797496,2026-03-22,2026-08-05,96,1173,774,137,0.700730,0.766291,0.776478,0.145291,,,,,,,,GLOBAL_BASELINE_NO_ENTITY_RANKING,,,NOT_APPLICABLE_GLOBAL_BASELINE,HF9g-P5,,,,X 全窗基线 · 不参与实体赏罚,3927191,393,A168_HF9F_20260827_0900,2026-08-27 09:00:00
2026-05-16,91797317,2130,0,63.0185904843,0E-10,0E-10,0.5000000,3,3,0.49324550000000000,0.493245500000,0.01910635448239258,0.01910635448239258,0.01910635448239258,0E-17,ELIGIBLE,R03b_20260811_FULL_v1,L1_ELIGIBILITY,v2026-08-11,2026-03-21..2026-08-06,baccarat_bet02_101_all_pairs_incl_sentinel,round_win = game_pnl > 0 (decisive only),COMPATIBILITY_ONLY_NOT_PRODUCTION,21006.2458,18687.5319,-61.6222,1247,1247,0.00293352,-0.13859161,0.00938335,0.00293352,61.6222,21006.2458,OK,0.0000,-2.4649,4.0000,96.0000,AG03-UNRESOLVED,ALL5_LEVELS_bet23_to_bet27,-2.4649,-2.4649,-2.4649,-4.3136,-4.3136,4.000000,4.000000,4.000000,7.000000,7.000000,96.000000,96.000000,96.000000,93.000000,93.000000,5.0,-16.0218,-14.4684,-45.6004,-47.1538,PENDING_AG03,FALSE,NOT_FOR_ENFORCEMENT,-59.1573,17940.0307,-61.6222,-59.1573,-2.4649,-0.00293352,-0.00281618,-2.4649,-59.1573,-0.00281618,-2.4649,-2.4649,-2.4649,-4.3136,-4.3136,-59.1573,-0.00281618,-16.0218,-14.4684,-45.6004,-47.1538,-0.00217080,-0.00224475,-0.00011734,16.8454,14.9860,-0.0494,-0.6419,-0.0525,218.8151,12.9896,13.0801,17.0694,10.3857,11.0045,21.0062,31.5093,42.0124,42.1647,10.5412,0.0,3.81775,3.831594,1.530778,30,171,130,2,0.04358735,-0.00293352,0.13859161,0E-8,0.000000,0.889618,0.000000,-0.14797496,2026-03-22,2026-08-05,96,1173,774,137,0.700730,0.766291,0.776478,0.145291,,,,,,,,GLOBAL_BASELINE_NO_ENTITY_RANKING,,,NOT_APPLICABLE_GLOBAL_BASELINE,HF9g-P5,,,,X 全窗基线 · 不参与实体赏罚,3927192,393,A168_HF9F_20260827_0900,2026-08-27 09:00:00
2026-05-16,91797317,2153,0,21.0061968281,-21.0061968281,-21.0061968281,0E-7,1,1,0.49324550000000000,0.493245500000,-0.9865810262130424,-0.9865810262130424,-0.9865810262130424,0E-17,ELIGIBLE,R03b_20260811_FULL_v1,L1_ELIGIBILITY,v2026-08-11,2026-03-21..2026-08-06,baccarat_bet02_101_all_pairs_incl_sentinel,round_win = game_pnl > 0 (decisive only),COMPATIBILITY_ONLY_NOT_PRODUCTION,21006.2458,18687.5319,-61.6222,1247,1247,0.00293352,-0.13859161,0.00938335,0.00293352,61.6222,21006.2458,OK,0.0000,-2.4649,4.0000,96.0000,AG03-UNRESOLVED,ALL5_LEVELS_bet23_to_bet27,-2.4649,-2.4649,-2.4649,-4.3136,-4.3136,4.000000,4.000000,4.000000,7.000000,7.000000,96.000000,96.000000,96.000000,93.000000,93.000000,5.0,-16.0218,-14.4684,-45.6004,-47.1538,PENDING_AG03,FALSE,NOT_FOR_ENFORCEMENT,-59.1573,17940.0307,-61.6222,-59.1573,-2.4649,-0.00293352,-0.00281618,-2.4649,-59.1573,-0.00281618,-2.4649,-2.4649,-2.4649,-4.3136,-4.3136,-59.1573,-0.00281618,-16.0218,-14.4684,-45.6004,-47.1538,-0.00217080,-0.00224475,-0.00011734,16.8454,14.9860,-0.0494,-0.6419,-0.0525,218.8151,12.9896,13.0801,17.0694,10.3857,11.0045,21.0062,31.5093,42.0124,42.1647,10.5412,0.0,3.81775,3.831594,1.530778,30,171,130,2,0.04358735,-0.00293352,0.13859161,0E-8,0.000000,0.889618,0.000000,-0.14797496,2026-03-22,2026-08-05,96,1173,774,137,0.700730,0.766291,0.776478,0.145291,,,,,,,,GLOBAL_BASELINE_NO_ENTITY_RANKING,,,NOT_APPLICABLE_GLOBAL_BASELINE,HF9g-P5,,,,X 全窗基线 · 不参与实体赏罚,3927193,393,A168_HF9F_20260827_0900,2026-08-27 09:00:00
2026-05-16,91797317,2174,0,21.0061968281,-21.0061968281,-21.0061968281,0E-7,1,1,0.49324550000000000,0.493245500000,-0.9865810262130424,-0.9865810262130424,-0.9865810262130424,0E-17,ELIGIBLE,R03b_20260811_FULL_v1,L1_ELIGIBILITY,v2026-08-11,2026-03-21..2026-08-06,baccarat_bet02_101_all_pairs_incl_sentinel,round_win = game_pnl > 0 (decisive only),COMPATIBILITY_ONLY_NOT_PRODUCTION,21006.2458,18687.5319,-61.6222,1247,1247,0.00293352,-0.13859161,0.00938335,0.00293352,61.6222,21006.2458,OK,0.0000,-2.4649,4.0000,96.0000,AG03-UNRESOLVED,ALL5_LEVELS_bet23_to_bet27,-2.4649,-2.4649,-2.4649,-4.3136,-4.3136,4.000000,4.000000,4.000000,7.000000,7.000000,96.000000,96.000000,96.000000,93.000000,93.000000,5.0,-16.0218,-14.4684,-45.6004,-47.1538,PENDING_AG03,FALSE,NOT_FOR_ENFORCEMENT,-59.1573,17940.0307,-61.6222,-59.1573,-2.4649,-0.00293352,-0.00281618,-2.4649,-59.1573,-0.00281618,-2.4649,-2.4649,-2.4649,-4.3136,-4.3136,-59.1573,-0.00281618,-16.0218,-14.4684,-45.6004,-47.1538,-0.00217080,-0.00224475,-0.00011734,16.8454,14.9860,-0.0494,-0.6419,-0.0525,218.8151,12.9896,13.0801,17.0694,10.3857,11.0045,21.0062,31.5093,42.0124,42.1647,10.5412,0.0,3.81775,3.831594,1.530778,30,171,130,2,0.04358735,-0.00293352,0.13859161,0E-8,0.000000,0.889618,0.000000,-0.14797496,2026-03-22,2026-08-05,96,1173,774,137,0.700730,0.766291,0.776478,0.145291,,,,,,,,GLOBAL_BASELINE_NO_ENTITY_RANKING,,,NOT_APPLICABLE_GLOBAL_BASELINE,HF9g-P5,,,,X 全窗基线 · 不参与实体赏罚,3927194,393,A168_HF9F_20260827_0900,2026-08-27 09:00:00
2026-05-16,91797317,2196,0,10.5030984140,-10.5030984140,-10.5030984140,0E-7,1,1,0.49324550000000000,0.493245500000,-0.9865810262130424,-0.9865810262130424,-0.9865810262130424,0E-17,ELIGIBLE,R03b_20260811_FULL_v1,L1_ELIGIBILITY,v2026-08-11,2026-03-21..2026-08-06,baccarat_bet02_101_all_pairs_incl_sentinel,round_win = game_pnl > 0 (decisive only),COMPATIBILITY_ONLY_NOT_PRODUCTION,21006.2458,18687.5319,-61.6222,1247,1247,0.00293352,-0.13859161,0.00938335,0.00293352,61.6222,21006.2458,OK,0.0000,-2.4649,4.0000,96.0000,AG03-UNRESOLVED,ALL5_LEVELS_bet23_to_bet27,-2.4649,-2.4649,-2.4649,-4.3136,-4.3136,4.000000,4.000000,4.000000,7.000000,7.000000,96.000000,96.000000,96.000000,93.000000,93.000000,5.0,-16.0218,-14.4684,-45.6004,-47.1538,PENDING_AG03,FALSE,NOT_FOR_ENFORCEMENT,-59.1573,17940.0307,-61.6222,-59.1573,-2.4649,-0.00293352,-0.00281618,-2.4649,-59.1573,-0.00281618,-2.4649,-2.4649,-2.4649,-4.3136,-4.3136,-59.1573,-0.00281618,-16.0218,-14.4684,-45.6004,-47.1538,-0.00217080,-0.00224475,-0.00011734,16.8454,14.9860,-0.0494,-0.6419,-0.0525,218.8151,12.9896,13.0801,17.0694,10.3857,11.0045,21.0062,31.5093,42.0124,42.1647,10.5412,0.0,3.81775,3.831594,1.530778,30,171,130,2,0.04358735,-0.00293352,0.13859161,0E-8,0.000000,0.889618,0.000000,-0.14797496,2026-03-22,2026-08-05,96,1173,774,137,0.700730,0.766291,0.776478,0.145291,,,,,,,,GLOBAL_BASELINE_NO_ENTITY_RANKING,,,NOT_APPLICABLE_GLOBAL_BASELINE,HF9g-P5,,,,X 全窗基线 · 不参与实体赏罚,3927195,393,A168_HF9F_20260827_0900,2026-08-27 09:00:00
2026-05-16,91797317,2216,0,21.0061968281,21.0061968281,21.0061968281,1.0000000,1,1,0.49324550000000000,0.493245500000,1.01360149184955,1.01360149184955,1.01360149184955,0E-17,ELIGIBLE,R03b_20260811_FULL_v1,L1_ELIGIBILITY,v2026-08-11,2026-03-21..2026-08-06,baccarat_bet02_101_all_pairs_incl_sentinel,round_win = game_pnl > 0 (decisive only),COMPATIBILITY_ONLY_NOT_PRODUCTION,21006.2458,18687.5319,-61.6222,1247,1247,0.00293352,-0.13859161,0.00938335,0.00293352,61.6222,21006.2458,OK,0.0000,-2.4649,4.0000,96.0000,AG03-UNRESOLVED,ALL5_LEVELS_bet23_to_bet27,-2.4649,-2.4649,-2.4649,-4.3136,-4.3136,4.000000,4.000000,4.000000,7.000000,7.000000,96.000000,96.000000,96.000000,93.000000,93.000000,5.0,-16.0218,-14.4684,-45.6004,-47.1538,PENDING_AG03,FALSE,NOT_FOR_ENFORCEMENT,-59.1573,17940.0307,-61.6222,-59.1573,-2.4649,-0.00293352,-0.00281618,-2.4649,-59.1573,-0.00281618,-2.4649,-2.4649,-2.4649,-4.3136,-4.3136,-59.1573,-0.00281618,-16.0218,-14.4684,-45.6004,-47.1538,-0.00217080,-0.00224475,-0.00011734,16.8454,14.9860,-0.0494,-0.6419,-0.0525,218.8151,12.9896,13.0801,17.0694,10.3857,11.0045,21.0062,31.5093,42.0124,42.1647,10.5412,0.0,3.81775,3.831594,1.530778,30,171,130,2,0.04358735,-0.00293352,0.13859161,0E-8,0.000000,0.889618,0.000000,-0.14797496,2026-03-22,2026-08-05,96,1173,774,137,0.700730,0.766291,0.776478,0.145291,,,,,,,,GLOBAL_BASELINE_NO_ENTITY_RANKING,,,NOT_APPLICABLE_GLOBAL_BASELINE,HF9g-P5,,,,X 全窗基线 · 不参与实体赏罚,3927196,393,A168_HF9F_20260827_0900,2026-08-27 09:00:00
2026-05-16,91797317,2235,0,42.0123936562,-42.0123936562,-42.0123936562,0E-7,2,2,0.49324550000000000,0.493245500000,-1.3952362676504506,-1.3952362676504506,-1.3952362676504506,0E-17,ELIGIBLE,R03b_20260811_FULL_v1,L1_ELIGIBILITY,v2026-08-11,2026-03-21..2026-08-06,baccarat_bet02_101_all_pairs_incl_sentinel,round_win = game_pnl > 0 (decisive only),COMPATIBILITY_ONLY_NOT_PRODUCTION,21006.2458,18687.5319,-61.6222,1247,1247,0.00293352,-0.13859161,0.00938335,0.00293352,61.6222,21006.2458,OK,0.0000,-2.4649,4.0000,96.0000,AG03-UNRESOLVED,ALL5_LEVELS_bet23_to_bet27,-2.4649,-2.4649,-2.4649,-4.3136,-4.3136,4.000000,4.000000,4.000000,7.000000,7.000000,96.000000,96.000000,96.000000,93.000000,93.000000,5.0,-16.0218,-14.4684,-45.6004,-47.1538,PENDING_AG03,FALSE,NOT_FOR_ENFORCEMENT,-59.1573,17940.0307,-61.6222,-59.1573,-2.4649,-0.00293352,-0.00281618,-2.4649,-59.1573,-0.00281618,-2.4649,-2.4649,-2.4649,-4.3136,-4.3136,-59.1573,-0.00281618,-16.0218,-14.4684,-45.6004,-47.1538,-0.00217080,-0.00224475,-0.00011734,16.8454,14.9860,-0.0494,-0.6419,-0.0525,218.8151,12.9896,13.0801,17.0694,10.3857,11.0045,21.0062,31.5093,42.0124,42.1647,10.5412,0.0,3.81775,3.831594,1.530778,30,171,130,2,0.04358735,-0.00293352,0.13859161,0E-8,0.000000,0.889618,0.000000,-0.14797496,2026-03-22,2026-08-05,96,1173,774,137,0.700730,0.766291,0.776478,0.145291,,,,,,,,GLOBAL_BASELINE_NO_ENTITY_RANKING,,,NOT_APPLICABLE_GLOBAL_BASELINE,HF9g-P5,,,,X 全窗基线 · 不参与实体赏罚,3927197,393,A168_HF9F_20260827_0900,2026-08-27 09:00:00
2026-05-16,91797317,529,0,31.5092952421,-31.5092952421,-31.5092952421,0E-7,1,1,0.49324550000000000,0.493245500000,-0.9865810262130424,-0.9865810262130424,-0.9865810262130424,0E-17,ELIGIBLE,R03b_20260811_FULL_v1,L1_ELIGIBILITY,v2026-08-11,2026-03-21..2026-08-06,baccarat_bet02_101_all_pairs_incl_sentinel,round_win = game_pnl > 0 (decisive only),COMPATIBILITY_ONLY_NOT_PRODUCTION,21006.2458,18687.5319,-61.6222,1247,1247,0.00293352,-0.13859161,0.00938335,0.00293352,61.6222,21006.2458,OK,0.0000,-2.4649,4.0000,96.0000,AG03-UNRESOLVED,ALL5_LEVELS_bet23_to_bet27,-2.4649,-2.4649,-2.4649,-4.3136,-4.3136,4.000000,4.000000,4.000000,7.000000,7.000000,96.000000,96.000000,96.000000,93.000000,93.000000,5.0,-16.0218,-14.4684,-45.6004,-47.1538,PENDING_AG03,FALSE,NOT_FOR_ENFORCEMENT,-59.1573,17940.0307,-61.6222,-59.1573,-2.4649,-0.00293352,-0.00281618,-2.4649,-59.1573,-0.00281618,-2.4649,-2.4649,-2.4649,-4.3136,-4.3136,-59.1573,-0.00281618,-16.0218,-14.4684,-45.6004,-47.1538,-0.00217080,-0.00224475,-0.00011734,16.8454,14.9860,-0.0494,-0.6419,-0.0525,218.8151,12.9896,13.0801,17.0694,10.3857,11.0045,21.0062,31.5093,42.0124,42.1647,10.5412,0.0,3.81775,3.831594,1.530778,30,171,130,2,0.04358735,-0.00293352,0.13859161,0E-8,0.000000,0.889618,0.000000,-0.14797496,2026-03-22,2026-08-05,96,1173,774,137,0.700730,0.766291,0.776478,0.145291,,,,,,,,GLOBAL_BASELINE_NO_ENTITY_RANKING,,,NOT_APPLICABLE_GLOBAL_BASELINE,HF9g-P5,,,,X 全窗基线 · 不参与实体赏罚,3927198,393,A168_HF9F_20260827_0900,2026-08-27 09:00:00
2026-05-16,91797317,752,0,21.0061968281,-21.0061968281,-21.0061968281,0E-7,1,1,0.49324550000000000,0.493245500000,-0.9865810262130424,-0.9865810262130424,-0.9865810262130424,0E-17,ELIGIBLE,R03b_20260811_FULL_v1,L1_ELIGIBILITY,v2026-08-11,2026-03-21..2026-08-06,baccarat_bet02_101_all_pairs_incl_sentinel,round_win = game_pnl > 0 (decisive only),COMPATIBILITY_ONLY_NOT_PRODUCTION,21006.2458,18687.5319,-61.6222,1247,1247,0.00293352,-0.13859161,0.00938335,0.00293352,61.6222,21006.2458,OK,0.0000,-2.4649,4.0000,96.0000,AG03-UNRESOLVED,ALL5_LEVELS_bet23_to_bet27,-2.4649,-2.4649,-2.4649,-4.3136,-4.3136,4.000000,4.000000,4.000000,7.000000,7.000000,96.000000,96.000000,96.000000,93.000000,93.000000,5.0,-16.0218,-14.4684,-45.6004,-47.1538,PENDING_AG03,FALSE,NOT_FOR_ENFORCEMENT,-59.1573,17940.0307,-61.6222,-59.1573,-2.4649,-0.00293352,-0.00281618,-2.4649,-59.1573,-0.00281618,-2.4649,-2.4649,-2.4649,-4.3136,-4.3136,-59.1573,-0.00281618,-16.0218,-14.4684,-45.6004,-47.1538,-0.00217080,-0.00224475,-0.00011734,16.8454,14.9860,-0.0494,-0.6419,-0.0525,218.8151,12.9896,13.0801,17.0694,10.3857,11.0045,21.0062,31.5093,42.0124,42.1647,10.5412,0.0,3.81775,3.831594,1.530778,30,171,130,2,0.04358735,-0.00293352,0.13859161,0E-8,0.000000,0.889618,0.000000,-0.14797496,2026-03-22,2026-08-05,96,1173,774,137,0.700730,0.766291,0.776478,0.145291,,,,,,,,GLOBAL_BASELINE_NO_ENTITY_RANKING,,,NOT_APPLICABLE_GLOBAL_BASELINE,HF9g-P5,,,,X 全窗基线 · 不参与实体赏罚,3927199,393,A168_HF9F_20260827_0900,2026-08-27 09:00:00
2026-05-16,91797317,763,0,21.0061968281,-21.0061968281,-21.0061968281,0E-7,1,1,0.49324550000000000,0.493245500000,-0.9865810262130424,-0.9865810262130424,-0.9865810262130424,0E-17,ELIGIBLE,R03b_20260811_FULL_v1,L1_ELIGIBILITY,v2026-08-11,2026-03-21..2026-08-06,baccarat_bet02_101_all_pairs_incl_sentinel,round_win = game_pnl > 0 (decisive only),COMPATIBILITY_ONLY_NOT_PRODUCTION,21006.2458,18687.5319,-61.6222,1247,1247,0.00293352,-0.13859161,0.00938335,0.00293352,61.6222,21006.2458,OK,0.0000,-2.4649,4.0000,96.0000,AG03-UNRESOLVED,ALL5_LEVELS_bet23_to_bet27,-2.4649,-2.4649,-2.4649,-4.3136,-4.3136,4.000000,4.000000,4.000000,7.000000,7.000000,96.000000,96.000000,96.000000,93.000000,93.000000,5.0,-16.0218,-14.4684,-45.6004,-47.1538,PENDING_AG03,FALSE,NOT_FOR_ENFORCEMENT,-59.1573,17940.0307,-61.6222,-59.1573,-2.4649,-0.00293352,-0.00281618,-2.4649,-59.1573,-0.00281618,-2.4649,-2.4649,-2.4649,-4.3136,-4.3136,-59.1573,-0.00281618,-16.0218,-14.4684,-45.6004,-47.1538,-0.00217080,-0.00224475,-0.00011734,16.8454,14.9860,-0.0494,-0.6419,-0.0525,218.8151,12.9896,13.0801,17.0694,10.3857,11.0045,21.0062,31.5093,42.0124,42.1647,10.5412,0.0,3.81775,3.831594,1.530778,30,171,130,2,0.04358735,-0.00293352,0.13859161,0E-8,0.000000,0.889618,0.000000,-0.14797496,2026-03-22,2026-08-05,96,1173,774,137,0.700730,0.766291,0.776478,0.145291,,,,,,,,GLOBAL_BASELINE_NO_ENTITY_RANKING,,,NOT_APPLICABLE_GLOBAL_BASELINE,HF9g-P5,,,,X 全窗基线 · 不参与实体赏罚,3927200,393,A168_HF9F_20260827_0900,2026-08-27 09:00:00
2026-05-17,91797317,-1,1,27.3080558765,-27.3080558765,-27.3080558765,0E-7,2,2,0.49324550000000000,0.493245500000,-1.3952362676504506,-1.3952362676504506,-1.3952362676504506,0E-17,SENTINEL_DEALER,R03b_20260811_FULL_v1,L1_ELIGIBILITY,v2026-08-11,2026-03-21..2026-08-06,baccarat_bet02_101_all_pairs_incl_sentinel,round_win = game_pnl > 0 (decisive only),COMPATIBILITY_ONLY_NOT_PRODUCTION,21006.2458,18687.5319,-61.6222,1247,1247,0.00293352,-0.13859161,0.00938335,0.00293352,61.6222,21006.2458,OK,0.0000,-2.4649,4.0000,96.0000,AG03-UNRESOLVED,ALL5_LEVELS_bet23_to_bet27,-2.4649,-2.4649,-2.4649,-4.3136,-4.3136,4.000000,4.000000,4.000000,7.000000,7.000000,96.000000,96.000000,96.000000,93.000000,93.000000,5.0,-16.0218,-14.4684,-45.6004,-47.1538,PENDING_AG03,FALSE,NOT_FOR_ENFORCEMENT,-59.1573,17940.0307,-61.6222,-59.1573,-2.4649,-0.00293352,-0.00281618,-2.4649,-59.1573,-0.00281618,-2.4649,-2.4649,-2.4649,-4.3136,-4.3136,-59.1573,-0.00281618,-16.0218,-14.4684,-45.6004,-47.1538,-0.00217080,-0.00224475,-0.00011734,16.8454,14.9860,-0.0494,-0.6419,-0.0525,218.8151,12.9896,13.0801,17.0694,10.3857,11.0045,21.0062,31.5093,42.0124,42.1647,10.5412,0.0,3.81775,3.831594,1.530778,30,171,130,2,0.04358735,-0.00293352,0.13859161,0E-8,0.000000,0.889618,0.000000,-0.14797496,2026-03-22,2026-08-05,96,1173,774,137,0.700730,0.766291,0.776478,0.145291,,,,,,,,GLOBAL_BASELINE_NO_ENTITY_RANKING,,,NOT_APPLICABLE_GLOBAL_BASELINE,HF9g-P5,,,,X 全窗基线 · 不参与实体赏罚,3927201,393,A168_HF9F_20260827_0900,2026-08-27 09:00:00
2026-05-18,91797317,1331,0,21.0061968281,-21.0061968281,-21.0061968281,0E-7,1,1,0.49324550000000000,0.493245500000,-0.9865810262130424,-0.9865810262130424,-0.9865810262130424,0E-17,ELIGIBLE,R03b_20260811_FULL_v1,L1_ELIGIBILITY,v2026-08-11,2026-03-21..2026-08-06,baccarat_bet02_101_all_pairs_incl_sentinel,round_win = game_pnl > 0 (decisive only),COMPATIBILITY_ONLY_NOT_PRODUCTION,21006.2458,18687.5319,-61.6222,1247,1247,0.00293352,-0.13859161,0.00938335,0.00293352,61.6222,21006.2458,OK,0.0000,-2.4649,4.0000,96.0000,AG03-UNRESOLVED,ALL5_LEVELS_bet23_to_bet27,-2.4649,-2.4649,-2.4649,-4.3136,-4.3136,4.000000,4.000000,4.000000,7.000000,7.000000,96.000000,96.000000,96.000000,93.000000,93.000000,5.0,-16.0218,-14.4684,-45.6004,-47.1538,PENDING_AG03,FALSE,NOT_FOR_ENFORCEMENT,-59.1573,17940.0307,-61.6222,-59.1573,-2.4649,-0.00293352,-0.00281618,-2.4649,-59.1573,-0.00281618,-2.4649,-2.4649,-2.4649,-4.3136,-4.3136,-59.1573,-0.00281618,-16.0218,-14.4684,-45.6004,-47.1538,-0.00217080,-0.00224475,-0.00011734,16.8454,14.9860,-0.0494,-0.6419,-0.0525,218.8151,12.9896,13.0801,17.0694,10.3857,11.0045,21.0062,31.5093,42.0124,42.1647,10.5412,0.0,3.81775,3.831594,1.530778,30,171,130,2,0.04358735,-0.00293352,0.13859161,0E-8,0.000000,0.889618,0.000000,-0.14797496,2026-03-22,2026-08-05,96,1173,774,137,0.700730,0.766291,0.776478,0.145291,,,,,,,,GLOBAL_BASELINE_NO_ENTITY_RANKING,,,NOT_APPLICABLE_GLOBAL_BASELINE,HF9g-P5,,,,X 全窗基线 · 不参与实体赏罚,3927202,393,A168_HF9F_20260827_0900,2026-08-27 09:00:00
2026-05-18,91797317,1509,0,21.0061968281,21.0061968281,21.0061968281,1.0000000,1,1,0.49324550000000000,0.493245500000,1.01360149184955,1.01360149184955,1.01360149184955,0E-17,ELIGIBLE,R03b_20260811_FULL_v1,L1_ELIGIBILITY,v2026-08-11,2026-03-21..2026-08-06,baccarat_bet02_101_all_pairs_incl_sentinel,round_win = game_pnl > 0 (decisive only),COMPATIBILITY_ONLY_NOT_PRODUCTION,21006.2458,18687.5319,-61.6222,1247,1247,0.00293352,-0.13859161,0.00938335,0.00293352,61.6222,21006.2458,OK,0.0000,-2.4649,4.0000,96.0000,AG03-UNRESOLVED,ALL5_LEVELS_bet23_to_bet27,-2.4649,-2.4649,-2.4649,-4.3136,-4.3136,4.000000,4.000000,4.000000,7.000000,7.000000,96.000000,96.000000,96.000000,93.000000,93.000000,5.0,-16.0218,-14.4684,-45.6004,-47.1538,PENDING_AG03,FALSE,NOT_FOR_ENFORCEMENT,-59.1573,17940.0307,-61.6222,-59.1573,-2.4649,-0.00293352,-0.00281618,-2.4649,-59.1573,-0.00281618,-2.4649,-2.4649,-2.4649,-4.3136,-4.3136,-59.1573,-0.00281618,-16.0218,-14.4684,-45.6004,-47.1538,-0.00217080,-0.00224475,-0.00011734,16.8454,14.9860,-0.0494,-0.6419,-0.0525,218.8151,12.9896,13.0801,17.0694,10.3857,11.0045,21.0062,31.5093,42.0124,42.1647,10.5412,0.0,3.81775,3.831594,1.530778,30,171,130,2,0.04358735,-0.00293352,0.13859161,0E-8,0.000000,0.889618,0.000000,-0.14797496,2026-03-22,2026-08-05,96,1173,774,137,0.700730,0.766291,0.776478,0.145291,,,,,,,,GLOBAL_BASELINE_NO_ENTITY_RANKING,,,NOT_APPLICABLE_GLOBAL_BASELINE,HF9g-P5,,,,X 全窗基线 · 不参与实体赏罚,3927203,393,A168_HF9F_20260827_0900,2026-08-27 09:00:00
2026-05-18,91797317,2108,0,10.5030984140,-10.5030984140,-10.5030984140,0E-7,1,1,0.49324550000000000,0.493245500000,-0.9865810262130424,-0.9865810262130424,-0.9865810262130424,0E-17,ELIGIBLE,R03b_20260811_FULL_v1,L1_ELIGIBILITY,v2026-08-11,2026-03-21..2026-08-06,baccarat_bet02_101_all_pairs_incl_sentinel,round_win = game_pnl > 0 (decisive only),COMPATIBILITY_ONLY_NOT_PRODUCTION,21006.2458,18687.5319,-61.6222,1247,1247,0.00293352,-0.13859161,0.00938335,0.00293352,61.6222,21006.2458,OK,0.0000,-2.4649,4.0000,96.0000,AG03-UNRESOLVED,ALL5_LEVELS_bet23_to_bet27,-2.4649,-2.4649,-2.4649,-4.3136,-4.3136,4.000000,4.000000,4.000000,7.000000,7.000000,96.000000,96.000000,96.000000,93.000000,93.000000,5.0,-16.0218,-14.4684,-45.6004,-47.1538,PENDING_AG03,FALSE,NOT_FOR_ENFORCEMENT,-59.1573,17940.0307,-61.6222,-59.1573,-2.4649,-0.00293352,-0.00281618,-2.4649,-59.1573,-0.00281618,-2.4649,-2.4649,-2.4649,-4.3136,-4.3136,-59.1573,-0.00281618,-16.0218,-14.4684,-45.6004,-47.1538,-0.00217080,-0.00224475,-0.00011734,16.8454,14.9860,-0.0494,-0.6419,-0.0525,218.8151,12.9896,13.0801,17.0694,10.3857,11.0045,21.0062,31.5093,42.0124,42.1647,10.5412,0.0,3.81775,3.831594,1.530778,30,171,130,2,0.04358735,-0.00293352,0.13859161,0E-8,0.000000,0.889618,0.000000,-0.14797496,2026-03-22,2026-08-05,96,1173,774,137,0.700730,0.766291,0.776478,0.145291,,,,,,,,GLOBAL_BASELINE_NO_ENTITY_RANKING,,,NOT_APPLICABLE_GLOBAL_BASELINE,HF9g-P5,,,,X 全窗基线 · 不参与实体赏罚,3927204,393,A168_HF9F_20260827_0900,2026-08-27 09:00:00
2026-05-18,91797317,2123,0,10.5030984140,-10.5030984140,-10.5030984140,0E-7,1,1,0.49324550000000000,0.493245500000,-0.9865810262130424,-0.9865810262130424,-0.9865810262130424,0E-17,ELIGIBLE,R03b_20260811_FULL_v1,L1_ELIGIBILITY,v2026-08-11,2026-03-21..2026-08-06,baccarat_bet02_101_all_pairs_incl_sentinel,round_win = game_pnl > 0 (decisive only),COMPATIBILITY_ONLY_NOT_PRODUCTION,21006.2458,18687.5319,-61.6222,1247,1247,0.00293352,-0.13859161,0.00938335,0.00293352,61.6222,21006.2458,OK,0.0000,-2.4649,4.0000,96.0000,AG03-UNRESOLVED,ALL5_LEVELS_bet23_to_bet27,-2.4649,-2.4649,-2.4649,-4.3136,-4.3136,4.000000,4.000000,4.000000,7.000000,7.000000,96.000000,96.000000,96.000000,93.000000,93.000000,5.0,-16.0218,-14.4684,-45.6004,-47.1538,PENDING_AG03,FALSE,NOT_FOR_ENFORCEMENT,-59.1573,17940.0307,-61.6222,-59.1573,-2.4649,-0.00293352,-0.00281618,-2.4649,-59.1573,-0.00281618,-2.4649,-2.4649,-2.4649,-4.3136,-4.3136,-59.1573,-0.00281618,-16.0218,-14.4684,-45.6004,-47.1538,-0.00217080,-0.00224475,-0.00011734,16.8454,14.9860,-0.0494,-0.6419,-0.0525,218.8151,12.9896,13.0801,17.0694,10.3857,11.0045,21.0062,31.5093,42.0124,42.1647,10.5412,0.0,3.81775,3.831594,1.530778,30,171,130,2,0.04358735,-0.00293352,0.13859161,0E-8,0.000000,0.889618,0.000000,-0.14797496,2026-03-22,2026-08-05,96,1173,774,137,0.700730,0.766291,0.776478,0.145291,,,,,,,,GLOBAL_BASELINE_NO_ENTITY_RANKING,,,NOT_APPLICABLE_GLOBAL_BASELINE,HF9g-P5,,,,X 全窗基线 · 不参与实体赏罚,3927205,393,A168_HF9F_20260827_0900,2026-08-27 09:00:00
2026-05-18,91797317,2254,0,10.5030984140,-10.5030984140,-10.5030984140,0E-7,1,1,0.49324550000000000,0.493245500000,-0.9865810262130424,-0.9865810262130424,-0.9865810262130424,0E-17,ELIGIBLE,R03b_20260811_FULL_v1,L1_ELIGIBILITY,v2026-08-11,2026-03-21..2026-08-06,baccarat_bet02_101_all_pairs_incl_sentinel,round_win = game_pnl > 0 (decisive only),COMPATIBILITY_ONLY_NOT_PRODUCTION,21006.2458,18687.5319,-61.6222,1247,1247,0.00293352,-0.13859161,0.00938335,0.00293352,61.6222,21006.2458,OK,0.0000,-2.4649,4.0000,96.0000,AG03-UNRESOLVED,ALL5_LEVELS_bet23_to_bet27,-2.4649,-2.4649,-2.4649,-4.3136,-4.3136,4.000000,4.000000,4.000000,7.000000,7.000000,96.000000,96.000000,96.000000,93.000000,93.000000,5.0,-16.0218,-14.4684,-45.6004,-47.1538,PENDING_AG03,FALSE,NOT_FOR_ENFORCEMENT,-59.1573,17940.0307,-61.6222,-59.1573,-2.4649,-0.00293352,-0.00281618,-2.4649,-59.1573,-0.00281618,-2.4649,-2.4649,-2.4649,-4.3136,-4.3136,-59.1573,-0.00281618,-16.0218,-14.4684,-45.6004,-47.1538,-0.00217080,-0.00224475,-0.00011734,16.8454,14.9860,-0.0494,-0.6419,-0.0525,218.8151,12.9896,13.0801,17.0694,10.3857,11.0045,21.0062,31.5093,42.0124,42.1647,10.5412,0.0,3.81775,3.831594,1.530778,30,171,130,2,0.04358735,-0.00293352,0.13859161,0E-8,0.000000,0.889618,0.000000,-0.14797496,2026-03-22,2026-08-05,96,1173,774,137,0.700730,0.766291,0.776478,0.145291,,,,,,,,GLOBAL_BASELINE_NO_ENTITY_RANKING,,,NOT_APPLICABLE_GLOBAL_BASELINE,HF9g-P5,,,,X 全窗基线 · 不参与实体赏罚,3927206,393,A168_HF9F_20260827_0900,2026-08-27 09:00:00
2026-05-19,91797317,1017,0,21.0061968281,-21.0061968281,-21.0061968281,0E-7,1,1,0.49324550000000000,0.493245500000,-0.9865810262130424,-0.9865810262130424,-0.9865810262130424,0E-17,ELIGIBLE,R03b_20260811_FULL_v1,L1_ELIGIBILITY,v2026-08-11,2026-03-21..2026-08-06,baccarat_bet02_101_all_pairs_incl_sentinel,round_win = game_pnl > 0 (decisive only),COMPATIBILITY_ONLY_NOT_PRODUCTION,21006.2458,18687.5319,-61.6222,1247,1247,0.00293352,-0.13859161,0.00938335,0.00293352,61.6222,21006.2458,OK,0.0000,-2.4649,4.0000,96.0000,AG03-UNRESOLVED,ALL5_LEVELS_bet23_to_bet27,-2.4649,-2.4649,-2.4649,-4.3136,-4.3136,4.000000,4.000000,4.000000,7.000000,7.000000,96.000000,96.000000,96.000000,93.000000,93.000000,5.0,-16.0218,-14.4684,-45.6004,-47.1538,PENDING_AG03,FALSE,NOT_FOR_ENFORCEMENT,-59.1573,17940.0307,-61.6222,-59.1573,-2.4649,-0.00293352,-0.00281618,-2.4649,-59.1573,-0.00281618,-2.4649,-2.4649,-2.4649,-4.3136,-4.3136,-59.1573,-0.00281618,-16.0218,-14.4684,-45.6004,-47.1538,-0.00217080,-0.00224475,-0.00011734,16.8454,14.9860,-0.0494,-0.6419,-0.0525,218.8151,12.9896,13.0801,17.0694,10.3857,11.0045,21.0062,31.5093,42.0124,42.1647,10.5412,0.0,3.81775,3.831594,1.530778,30,171,130,2,0.04358735,-0.00293352,0.13859161,0E-8,0.000000,0.889618,0.000000,-0.14797496,2026-03-22,2026-08-05,96,1173,774,137,0.700730,0.766291,0.776478,0.145291,,,,,,,,GLOBAL_BASELINE_NO_ENTITY_RANKING,,,NOT_APPLICABLE_GLOBAL_BASELINE,HF9g-P5,,,,X 全窗基线 · 不参与实体赏罚,3927207,393,A168_HF9F_20260827_0900,2026-08-27 09:00:00
2026-05-20,91797317,-1,1,21.0061968280,21.0061968280,21.0061968280,1.0000000,2,2,0.49324550000000000,0.493245500000,1.4334489766152358,1.4334489766152358,1.4334489766152358,0E-17,SENTINEL_DEALER,R03b_20260811_FULL_v1,L1_ELIGIBILITY,v2026-08-11,2026-03-21..2026-08-06,baccarat_bet02_101_all_pairs_incl_sentinel,round_win = game_pnl > 0 (decisive only),COMPATIBILITY_ONLY_NOT_PRODUCTION,21006.2458,18687.5319,-61.6222,1247,1247,0.00293352,-0.13859161,0.00938335,0.00293352,61.6222,21006.2458,OK,0.0000,-2.4649,4.0000,96.0000,AG03-UNRESOLVED,ALL5_LEVELS_bet23_to_bet27,-2.4649,-2.4649,-2.4649,-4.3136,-4.3136,4.000000,4.000000,4.000000,7.000000,7.000000,96.000000,96.000000,96.000000,93.000000,93.000000,5.0,-16.0218,-14.4684,-45.6004,-47.1538,PENDING_AG03,FALSE,NOT_FOR_ENFORCEMENT,-59.1573,17940.0307,-61.6222,-59.1573,-2.4649,-0.00293352,-0.00281618,-2.4649,-59.1573,-0.00281618,-2.4649,-2.4649,-2.4649,-4.3136,-4.3136,-59.1573,-0.00281618,-16.0218,-14.4684,-45.6004,-47.1538,-0.00217080,-0.00224475,-0.00011734,16.8454,14.9860,-0.0494,-0.6419,-0.0525,218.8151,12.9896,13.0801,17.0694,10.3857,11.0045,21.0062,31.5093,42.0124,42.1647,10.5412,0.0,3.81775,3.831594,1.530778,30,171,130,2,0.04358735,-0.00293352,0.13859161,0E-8,0.000000,0.889618,0.000000,-0.14797496,2026-03-22,2026-08-05,96,1173,774,137,0.700730,0.766291,0.776478,0.145291,,,,,,,,GLOBAL_BASELINE_NO_ENTITY_RANKING,,,NOT_APPLICABLE_GLOBAL_BASELINE,HF9g-P5,,,,X 全窗基线 · 不参与实体赏罚,3927208,393,A168_HF9F_20260827_0900,2026-08-27 09:00:00
2026-05-20,91797317,1399,0,21.0061968280,-10.5030984140,-10.5030984140,0E-7,2,2,0.49324550000000000,0.493245500000,-0.9865810262130424,-0.9865810262130424,-0.9865810262130424,0E-17,ELIGIBLE,R03b_20260811_FULL_v1,L1_ELIGIBILITY,v2026-08-11,2026-03-21..2026-08-06,baccarat_bet02_101_all_pairs_incl_sentinel,round_win = game_pnl > 0 (decisive only),COMPATIBILITY_ONLY_NOT_PRODUCTION,21006.2458,18687.5319,-61.6222,1247,1247,0.00293352,-0.13859161,0.00938335,0.00293352,61.6222,21006.2458,OK,0.0000,-2.4649,4.0000,96.0000,AG03-UNRESOLVED,ALL5_LEVELS_bet23_to_bet27,-2.4649,-2.4649,-2.4649,-4.3136,-4.3136,4.000000,4.000000,4.000000,7.000000,7.000000,96.000000,96.000000,96.000000,93.000000,93.000000,5.0,-16.0218,-14.4684,-45.6004,-47.1538,PENDING_AG03,FALSE,NOT_FOR_ENFORCEMENT,-59.1573,17940.0307,-61.6222,-59.1573,-2.4649,-0.00293352,-0.00281618,-2.4649,-59.1573,-0.00281618,-2.4649,-2.4649,-2.4649,-4.3136,-4.3136,-59.1573,-0.00281618,-16.0218,-14.4684,-45.6004,-47.1538,-0.00217080,-0.00224475,-0.00011734,16.8454,14.9860,-0.0494,-0.6419,-0.0525,218.8151,12.9896,13.0801,17.0694,10.3857,11.0045,21.0062,31.5093,42.0124,42.1647,10.5412,0.0,3.81775,3.831594,1.530778,30,171,130,2,0.04358735,-0.00293352,0.13859161,0E-8,0.000000,0.889618,0.000000,-0.14797496,2026-03-22,2026-08-05,96,1173,774,137,0.700730,0.766291,0.776478,0.145291,,,,,,,,GLOBAL_BASELINE_NO_ENTITY_RANKING,,,NOT_APPLICABLE_GLOBAL_BASELINE,HF9g-P5,,,,X 全窗基线 · 不参与实体赏罚,3927209,393,A168_HF9F_20260827_0900,2026-08-27 09:00:00
2026-05-20,91797317,1957,0,10.5030984140,0E-10,0E-10,,1,1,0.49324550000000000,0.493245500000,,,,0E-17,NO_DECISIVE_ROUND,R03b_20260811_FULL_v1,L1_ELIGIBILITY,v2026-08-11,2026-03-21..2026-08-06,baccarat_bet02_101_all_pairs_incl_sentinel,round_win = game_pnl > 0 (decisive only),COMPATIBILITY_ONLY_NOT_PRODUCTION,21006.2458,18687.5319,-61.6222,1247,1247,0.00293352,-0.13859161,0.00938335,0.00293352,61.6222,21006.2458,OK,0.0000,-2.4649,4.0000,96.0000,AG03-UNRESOLVED,ALL5_LEVELS_bet23_to_bet27,-2.4649,-2.4649,-2.4649,-4.3136,-4.3136,4.000000,4.000000,4.000000,7.000000,7.000000,96.000000,96.000000,96.000000,93.000000,93.000000,5.0,-16.0218,-14.4684,-45.6004,-47.1538,PENDING_AG03,FALSE,NOT_FOR_ENFORCEMENT,-59.1573,17940.0307,-61.6222,-59.1573,-2.4649,-0.00293352,-0.00281618,-2.4649,-59.1573,-0.00281618,-2.4649,-2.4649,-2.4649,-4.3136,-4.3136,-59.1573,-0.00281618,-16.0218,-14.4684,-45.6004,-47.1538,-0.00217080,-0.00224475,-0.00011734,16.8454,14.9860,-0.0494,-0.6419,-0.0525,218.8151,12.9896,13.0801,17.0694,10.3857,11.0045,21.0062,31.5093,42.0124,42.1647,10.5412,0.0,3.81775,3.831594,1.530778,30,171,130,2,0.04358735,-0.00293352,0.13859161,0E-8,0.000000,0.889618,0.000000,-0.14797496,2026-03-22,2026-08-05,96,1173,774,137,0.700730,0.766291,0.776478,0.145291,,,,,,,,GLOBAL_BASELINE_NO_ENTITY_RANKING,,,NOT_APPLICABLE_GLOBAL_BASELINE,HF9g-P5,,,,X 全窗基线 · 不参与实体赏罚,3927210,393,A168_HF9F_20260827_0900,2026-08-27 09:00:00
2026-05-20,91797317,583,0,10.5030984140,-10.5030984140,-10.5030984140,0E-7,1,1,0.49324550000000000,0.493245500000,-0.9865810262130424,-0.9865810262130424,-0.9865810262130424,0E-17,ELIGIBLE,R03b_20260811_FULL_v1,L1_ELIGIBILITY,v2026-08-11,2026-03-21..2026-08-06,baccarat_bet02_101_all_pairs_incl_sentinel,round_win = game_pnl > 0 (decisive only),COMPATIBILITY_ONLY_NOT_PRODUCTION,21006.2458,18687.5319,-61.6222,1247,1247,0.00293352,-0.13859161,0.00938335,0.00293352,61.6222,21006.2458,OK,0.0000,-2.4649,4.0000,96.0000,AG03-UNRESOLVED,ALL5_LEVELS_bet23_to_bet27,-2.4649,-2.4649,-2.4649,-4.3136,-4.3136,4.000000,4.000000,4.000000,7.000000,7.000000,96.000000,96.000000,96.000000,93.000000,93.000000,5.0,-16.0218,-14.4684,-45.6004,-47.1538,PENDING_AG03,FALSE,NOT_FOR_ENFORCEMENT,-59.1573,17940.0307,-61.6222,-59.1573,-2.4649,-0.00293352,-0.00281618,-2.4649,-59.1573,-0.00281618,-2.4649,-2.4649,-2.4649,-4.3136,-4.3136,-59.1573,-0.00281618,-16.0218,-14.4684,-45.6004,-47.1538,-0.00217080,-0.00224475,-0.00011734,16.8454,14.9860,-0.0494,-0.6419,-0.0525,218.8151,12.9896,13.0801,17.0694,10.3857,11.0045,21.0062,31.5093,42.0124,42.1647,10.5412,0.0,3.81775,3.831594,1.530778,30,171,130,2,0.04358735,-0.00293352,0.13859161,0E-8,0.000000,0.889618,0.000000,-0.14797496,2026-03-22,2026-08-05,96,1173,774,137,0.700730,0.766291,0.776478,0.145291,,,,,,,,GLOBAL_BASELINE_NO_ENTITY_RANKING,,,NOT_APPLICABLE_GLOBAL_BASELINE,HF9g-P5,,,,X 全窗基线 · 不参与实体赏罚,3927211,393,A168_HF9F_20260827_0900,2026-08-27 09:00:00
2026-05-20,91797317,752,0,10.5030984140,0E-10,0E-10,,1,1,0.49324550000000000,0.493245500000,,,,0E-17,NO_DECISIVE_ROUND,R03b_20260811_FULL_v1,L1_ELIGIBILITY,v2026-08-11,2026-03-21..2026-08-06,baccarat_bet02_101_all_pairs_incl_sentinel,round_win = game_pnl > 0 (decisive only),COMPATIBILITY_ONLY_NOT_PRODUCTION,21006.2458,18687.5319,-61.6222,1247,1247,0.00293352,-0.13859161,0.00938335,0.00293352,61.6222,21006.2458,OK,0.0000,-2.4649,4.0000,96.0000,AG03-UNRESOLVED,ALL5_LEVELS_bet23_to_bet27,-2.4649,-2.4649,-2.4649,-4.3136,-4.3136,4.000000,4.000000,4.000000,7.000000,7.000000,96.000000,96.000000,96.000000,93.000000,93.000000,5.0,-16.0218,-14.4684,-45.6004,-47.1538,PENDING_AG03,FALSE,NOT_FOR_ENFORCEMENT,-59.1573,17940.0307,-61.6222,-59.1573,-2.4649,-0.00293352,-0.00281618,-2.4649,-59.1573,-0.00281618,-2.4649,-2.4649,-2.4649,-4.3136,-4.3136,-59.1573,-0.00281618,-16.0218,-14.4684,-45.6004,-47.1538,-0.00217080,-0.00224475,-0.00011734,16.8454,14.9860,-0.0494,-0.6419,-0.0525,218.8151,12.9896,13.0801,17.0694,10.3857,11.0045,21.0062,31.5093,42.0124,42.1647,10.5412,0.0,3.81775,3.831594,1.530778,30,171,130,2,0.04358735,-0.00293352,0.13859161,0E-8,0.000000,0.889618,0.000000,-0.14797496,2026-03-22,2026-08-05,96,1173,774,137,0.700730,0.766291,0.776478,0.145291,,,,,,,,GLOBAL_BASELINE_NO_ENTITY_RANKING,,,NOT_APPLICABLE_GLOBAL_BASELINE,HF9g-P5,,,,X 全窗基线 · 不参与实体赏罚,3927212,393,A168_HF9F_20260827_0900,2026-08-27 09:00:00
2026-05-21,91797317,-1,1,58.8173511185,-16.8049574625,-16.8049574625,0.4000000,5,5,0.49324550000000000,0.493245500000,-0.4170446088060018,-0.4170446088060018,-0.4170446088060018,0E-17,SENTINEL_DEALER,R03b_20260811_FULL_v1,L1_ELIGIBILITY,v2026-08-11,2026-03-21..2026-08-06,baccarat_bet02_101_all_pairs_incl_sentinel,round_win = game_pnl > 0 (decisive only),COMPATIBILITY_ONLY_NOT_PRODUCTION,21006.2458,18687.5319,-61.6222,1247,1247,0.00293352,-0.13859161,0.00938335,0.00293352,61.6222,21006.2458,OK,0.0000,-2.4649,4.0000,96.0000,AG03-UNRESOLVED,ALL5_LEVELS_bet23_to_bet27,-2.4649,-2.4649,-2.4649,-4.3136,-4.3136,4.000000,4.000000,4.000000,7.000000,7.000000,96.000000,96.000000,96.000000,93.000000,93.000000,5.0,-16.0218,-14.4684,-45.6004,-47.1538,PENDING_AG03,FALSE,NOT_FOR_ENFORCEMENT,-59.1573,17940.0307,-61.6222,-59.1573,-2.4649,-0.00293352,-0.00281618,-2.4649,-59.1573,-0.00281618,-2.4649,-2.4649,-2.4649,-4.3136,-4.3136,-59.1573,-0.00281618,-16.0218,-14.4684,-45.6004,-47.1538,-0.00217080,-0.00224475,-0.00011734,16.8454,14.9860,-0.0494,-0.6419,-0.0525,218.8151,12.9896,13.0801,17.0694,10.3857,11.0045,21.0062,31.5093,42.0124,42.1647,10.5412,0.0,3.81775,3.831594,1.530778,30,171,130,2,0.04358735,-0.00293352,0.13859161,0E-8,0.000000,0.889618,0.000000,-0.14797496,2026-03-22,2026-08-05,96,1173,774,137,0.700730,0.766291,0.776478,0.145291,,,,,,,,GLOBAL_BASELINE_NO_ENTITY_RANKING,,,NOT_APPLICABLE_GLOBAL_BASELINE,HF9g-P5,,,,X 全窗基线 · 不参与实体赏罚,3927213,393,A168_HF9F_20260827_0900,2026-08-27 09:00:00
2026-05-21,91797317,1115,0,10.5030984140,0E-10,0E-10,,1,1,0.49324550000000000,0.493245500000,,,,0E-17,NO_DECISIVE_ROUND,R03b_20260811_FULL_v1,L1_ELIGIBILITY,v2026-08-11,2026-03-21..2026-08-06,baccarat_bet02_101_all_pairs_incl_sentinel,round_win = game_pnl > 0 (decisive only),COMPATIBILITY_ONLY_NOT_PRODUCTION,21006.2458,18687.5319,-61.6222,1247,1247,0.00293352,-0.13859161,0.00938335,0.00293352,61.6222,21006.2458,OK,0.0000,-2.4649,4.0000,96.0000,AG03-UNRESOLVED,ALL5_LEVELS_bet23_to_bet27,-2.4649,-2.4649,-2.4649,-4.3136,-4.3136,4.000000,4.000000,4.000000,7.000000,7.000000,96.000000,96.000000,96.000000,93.000000,93.000000,5.0,-16.0218,-14.4684,-45.6004,-47.1538,PENDING_AG03,FALSE,NOT_FOR_ENFORCEMENT,-59.1573,17940.0307,-61.6222,-59.1573,-2.4649,-0.00293352,-0.00281618,-2.4649,-59.1573,-0.00281618,-2.4649,-2.4649,-2.4649,-4.3136,-4.3136,-59.1573,-0.00281618,-16.0218,-14.4684,-45.6004,-47.1538,-0.00217080,-0.00224475,-0.00011734,16.8454,14.9860,-0.0494,-0.6419,-0.0525,218.8151,12.9896,13.0801,17.0694,10.3857,11.0045,21.0062,31.5093,42.0124,42.1647,10.5412,0.0,3.81775,3.831594,1.530778,30,171,130,2,0.04358735,-0.00293352,0.13859161,0E-8,0.000000,0.889618,0.000000,-0.14797496,2026-03-22,2026-08-05,96,1173,774,137,0.700730,0.766291,0.776478,0.145291,,,,,,,,GLOBAL_BASELINE_NO_ENTITY_RANKING,,,NOT_APPLICABLE_GLOBAL_BASELINE,HF9g-P5,,,,X 全窗基线 · 不参与实体赏罚,3927214,393,A168_HF9F_20260827_0900,2026-08-27 09:00:00
2026-05-21,91797317,1205,0,6.3018590484,-6.3018590484,-6.3018590484,0E-7,1,1,0.49324550000000000,0.493245500000,-0.9865810262130424,-0.9865810262130424,-0.9865810262130424,0E-17,ELIGIBLE,R03b_20260811_FULL_v1,L1_ELIGIBILITY,v2026-08-11,2026-03-21..2026-08-06,baccarat_bet02_101_all_pairs_incl_sentinel,round_win = game_pnl > 0 (decisive only),COMPATIBILITY_ONLY_NOT_PRODUCTION,21006.2458,18687.5319,-61.6222,1247,1247,0.00293352,-0.13859161,0.00938335,0.00293352,61.6222,21006.2458,OK,0.0000,-2.4649,4.0000,96.0000,AG03-UNRESOLVED,ALL5_LEVELS_bet23_to_bet27,-2.4649,-2.4649,-2.4649,-4.3136,-4.3136,4.000000,4.000000,4.000000,7.000000,7.000000,96.000000,96.000000,96.000000,93.000000,93.000000,5.0,-16.0218,-14.4684,-45.6004,-47.1538,PENDING_AG03,FALSE,NOT_FOR_ENFORCEMENT,-59.1573,17940.0307,-61.6222,-59.1573,-2.4649,-0.00293352,-0.00281618,-2.4649,-59.1573,-0.00281618,-2.4649,-2.4649,-2.4649,-4.3136,-4.3136,-59.1573,-0.00281618,-16.0218,-14.4684,-45.6004,-47.1538,-0.00217080,-0.00224475,-0.00011734,16.8454,14.9860,-0.0494,-0.6419,-0.0525,218.8151,12.9896,13.0801,17.0694,10.3857,11.0045,21.0062,31.5093,42.0124,42.1647,10.5412,0.0,3.81775,3.831594,1.530778,30,171,130,2,0.04358735,-0.00293352,0.13859161,0E-8,0.000000,0.889618,0.000000,-0.14797496,2026-03-22,2026-08-05,96,1173,774,137,0.700730,0.766291,0.776478,0.145291,,,,,,,,GLOBAL_BASELINE_NO_ENTITY_RANKING,,,NOT_APPLICABLE_GLOBAL_BASELINE,HF9g-P5,,,,X 全窗基线 · 不参与实体赏罚,3927215,393,A168_HF9F_20260827_0900,2026-08-27 09:00:00
2026-05-21,91797317,1331,0,10.5030984140,10.5030984140,10.5030984140,1.0000000,1,1,0.49324550000000000,0.493245500000,1.01360149184955,1.01360149184955,1.01360149184955,0E-17,ELIGIBLE,R03b_20260811_FULL_v1,L1_ELIGIBILITY,v2026-08-11,2026-03-21..2026-08-06,baccarat_bet02_101_all_pairs_incl_sentinel,round_win = game_pnl > 0 (decisive only),COMPATIBILITY_ONLY_NOT_PRODUCTION,21006.2458,18687.5319,-61.6222,1247,1247,0.00293352,-0.13859161,0.00938335,0.00293352,61.6222,21006.2458,OK,0.0000,-2.4649,4.0000,96.0000,AG03-UNRESOLVED,ALL5_LEVELS_bet23_to_bet27,-2.4649,-2.4649,-2.4649,-4.3136,-4.3136,4.000000,4.000000,4.000000,7.000000,7.000000,96.000000,96.000000,96.000000,93.000000,93.000000,5.0,-16.0218,-14.4684,-45.6004,-47.1538,PENDING_AG03,FALSE,NOT_FOR_ENFORCEMENT,-59.1573,17940.0307,-61.6222,-59.1573,-2.4649,-0.00293352,-0.00281618,-2.4649,-59.1573,-0.00281618,-2.4649,-2.4649,-2.4649,-4.3136,-4.3136,-59.1573,-0.00281618,-16.0218,-14.4684,-45.6004,-47.1538,-0.00217080,-0.00224475,-0.00011734,16.8454,14.9860,-0.0494,-0.6419,-0.0525,218.8151,12.9896,13.0801,17.0694,10.3857,11.0045,21.0062,31.5093,42.0124,42.1647,10.5412,0.0,3.81775,3.831594,1.530778,30,171,130,2,0.04358735,-0.00293352,0.13859161,0E-8,0.000000,0.889618,0.000000,-0.14797496,2026-03-22,2026-08-05,96,1173,774,137,0.700730,0.766291,0.776478,0.145291,,,,,,,,GLOBAL_BASELINE_NO_ENTITY_RANKING,,,NOT_APPLICABLE_GLOBAL_BASELINE,HF9g-P5,,,,X 全窗基线 · 不参与实体赏罚,3927216,393,A168_HF9F_20260827_0900,2026-08-27 09:00:00
2026-05-21,91797317,2171,0,6.3018590484,-6.3018590484,-6.3018590484,0E-7,1,1,0.49324550000000000,0.493245500000,-0.9865810262130424,-0.9865810262130424,-0.9865810262130424,0E-17,ELIGIBLE,R03b_20260811_FULL_v1,L1_ELIGIBILITY,v2026-08-11,2026-03-21..2026-08-06,baccarat_bet02_101_all_pairs_incl_sentinel,round_win = game_pnl > 0 (decisive only),COMPATIBILITY_ONLY_NOT_PRODUCTION,21006.2458,18687.5319,-61.6222,1247,1247,0.00293352,-0.13859161,0.00938335,0.00293352,61.6222,21006.2458,OK,0.0000,-2.4649,4.0000,96.0000,AG03-UNRESOLVED,ALL5_LEVELS_bet23_to_bet27,-2.4649,-2.4649,-2.4649,-4.3136,-4.3136,4.000000,4.000000,4.000000,7.000000,7.000000,96.000000,96.000000,96.000000,93.000000,93.000000,5.0,-16.0218,-14.4684,-45.6004,-47.1538,PENDING_AG03,FALSE,NOT_FOR_ENFORCEMENT,-59.1573,17940.0307,-61.6222,-59.1573,-2.4649,-0.00293352,-0.00281618,-2.4649,-59.1573,-0.00281618,-2.4649,-2.4649,-2.4649,-4.3136,-4.3136,-59.1573,-0.00281618,-16.0218,-14.4684,-45.6004,-47.1538,-0.00217080,-0.00224475,-0.00011734,16.8454,14.9860,-0.0494,-0.6419,-0.0525,218.8151,12.9896,13.0801,17.0694,10.3857,11.0045,21.0062,31.5093,42.0124,42.1647,10.5412,0.0,3.81775,3.831594,1.530778,30,171,130,2,0.04358735,-0.00293352,0.13859161,0E-8,0.000000,0.889618,0.000000,-0.14797496,2026-03-22,2026-08-05,96,1173,774,137,0.700730,0.766291,0.776478,0.145291,,,,,,,,GLOBAL_BASELINE_NO_ENTITY_RANKING,,,NOT_APPLICABLE_GLOBAL_BASELINE,HF9g-P5,,,,X 全窗基线 · 不参与实体赏罚,3927217,393,A168_HF9F_20260827_0900,2026-08-27 09:00:00
2026-05-21,91797317,2216,0,6.3018590484,6.3018590484,6.3018590484,1.0000000,1,1,0.49324550000000000,0.493245500000,1.01360149184955,1.01360149184955,1.01360149184955,0E-17,ELIGIBLE,R03b_20260811_FULL_v1,L1_ELIGIBILITY,v2026-08-11,2026-03-21..2026-08-06,baccarat_bet02_101_all_pairs_incl_sentinel,round_win = game_pnl > 0 (decisive only),COMPATIBILITY_ONLY_NOT_PRODUCTION,21006.2458,18687.5319,-61.6222,1247,1247,0.00293352,-0.13859161,0.00938335,0.00293352,61.6222,21006.2458,OK,0.0000,-2.4649,4.0000,96.0000,AG03-UNRESOLVED,ALL5_LEVELS_bet23_to_bet27,-2.4649,-2.4649,-2.4649,-4.3136,-4.3136,4.000000,4.000000,4.000000,7.000000,7.000000,96.000000,96.000000,96.000000,93.000000,93.000000,5.0,-16.0218,-14.4684,-45.6004,-47.1538,PENDING_AG03,FALSE,NOT_FOR_ENFORCEMENT,-59.1573,17940.0307,-61.6222,-59.1573,-2.4649,-0.00293352,-0.00281618,-2.4649,-59.1573,-0.00281618,-2.4649,-2.4649,-2.4649,-4.3136,-4.3136,-59.1573,-0.00281618,-16.0218,-14.4684,-45.6004,-47.1538,-0.00217080,-0.00224475,-0.00011734,16.8454,14.9860,-0.0494,-0.6419,-0.0525,218.8151,12.9896,13.0801,17.0694,10.3857,11.0045,21.0062,31.5093,42.0124,42.1647,10.5412,0.0,3.81775,3.831594,1.530778,30,171,130,2,0.04358735,-0.00293352,0.13859161,0E-8,0.000000,0.889618,0.000000,-0.14797496,2026-03-22,2026-08-05,96,1173,774,137,0.700730,0.766291,0.776478,0.145291,,,,,,,,GLOBAL_BASELINE_NO_ENTITY_RANKING,,,NOT_APPLICABLE_GLOBAL_BASELINE,HF9g-P5,,,,X 全窗基线 · 不参与实体赏罚,3927218,393,A168_HF9F_20260827_0900,2026-08-27 09:00:00
2026-05-21,91797317,2241,0,10.5030984140,10.5030984140,10.5030984140,1.0000000,1,1,0.49324550000000000,0.493245500000,1.01360149184955,1.01360149184955,1.01360149184955,0E-17,ELIGIBLE,R03b_20260811_FULL_v1,L1_ELIGIBILITY,v2026-08-11,2026-03-21..2026-08-06,baccarat_bet02_101_all_pairs_incl_sentinel,round_win = game_pnl > 0 (decisive only),COMPATIBILITY_ONLY_NOT_PRODUCTION,21006.2458,18687.5319,-61.6222,1247,1247,0.00293352,-0.13859161,0.00938335,0.00293352,61.6222,21006.2458,OK,0.0000,-2.4649,4.0000,96.0000,AG03-UNRESOLVED,ALL5_LEVELS_bet23_to_bet27,-2.4649,-2.4649,-2.4649,-4.3136,-4.3136,4.000000,4.000000,4.000000,7.000000,7.000000,96.000000,96.000000,96.000000,93.000000,93.000000,5.0,-16.0218,-14.4684,-45.6004,-47.1538,PENDING_AG03,FALSE,NOT_FOR_ENFORCEMENT,-59.1573,17940.0307,-61.6222,-59.1573,-2.4649,-0.00293352,-0.00281618,-2.4649,-59.1573,-0.00281618,-2.4649,-2.4649,-2.4649,-4.3136,-4.3136,-59.1573,-0.00281618,-16.0218,-14.4684,-45.6004,-47.1538,-0.00217080,-0.00224475,-0.00011734,16.8454,14.9860,-0.0494,-0.6419,-0.0525,218.8151,12.9896,13.0801,17.0694,10.3857,11.0045,21.0062,31.5093,42.0124,42.1647,10.5412,0.0,3.81775,3.831594,1.530778,30,171,130,2,0.04358735,-0.00293352,0.13859161,0E-8,0.000000,0.889618,0.000000,-0.14797496,2026-03-22,2026-08-05,96,1173,774,137,0.700730,0.766291,0.776478,0.145291,,,,,,,,GLOBAL_BASELINE_NO_ENTITY_RANKING,,,NOT_APPLICABLE_GLOBAL_BASELINE,HF9g-P5,,,,X 全窗基线 · 不参与实体赏罚,3927219,393,A168_HF9F_20260827_0900,2026-08-27 09:00:00
2026-05-21,91797317,970,0,10.5030984140,-10.5030984140,-10.5030984140,0E-7,1,1,0.49324550000000000,0.493245500000,-0.9865810262130424,-0.9865810262130424,-0.9865810262130424,0E-17,ELIGIBLE,R03b_20260811_FULL_v1,L1_ELIGIBILITY,v2026-08-11,2026-03-21..2026-08-06,baccarat_bet02_101_all_pairs_incl_sentinel,round_win = game_pnl > 0 (decisive only),COMPATIBILITY_ONLY_NOT_PRODUCTION,21006.2458,18687.5319,-61.6222,1247,1247,0.00293352,-0.13859161,0.00938335,0.00293352,61.6222,21006.2458,OK,0.0000,-2.4649,4.0000,96.0000,AG03-UNRESOLVED,ALL5_LEVELS_bet23_to_bet27,-2.4649,-2.4649,-2.4649,-4.3136,-4.3136,4.000000,4.000000,4.000000,7.000000,7.000000,96.000000,96.000000,96.000000,93.000000,93.000000,5.0,-16.0218,-14.4684,-45.6004,-47.1538,PENDING_AG03,FALSE,NOT_FOR_ENFORCEMENT,-59.1573,17940.0307,-61.6222,-59.1573,-2.4649,-0.00293352,-0.00281618,-2.4649,-59.1573,-0.00281618,-2.4649,-2.4649,-2.4649,-4.3136,-4.3136,-59.1573,-0.00281618,-16.0218,-14.4684,-45.6004,-47.1538,-0.00217080,-0.00224475,-0.00011734,16.8454,14.9860,-0.0494,-0.6419,-0.0525,218.8151,12.9896,13.0801,17.0694,10.3857,11.0045,21.0062,31.5093,42.0124,42.1647,10.5412,0.0,3.81775,3.831594,1.530778,30,171,130,2,0.04358735,-0.00293352,0.13859161,0E-8,0.000000,0.889618,0.000000,-0.14797496,2026-03-22,2026-08-05,96,1173,774,137,0.700730,0.766291,0.776478,0.145291,,,,,,,,GLOBAL_BASELINE_NO_ENTITY_RANKING,,,NOT_APPLICABLE_GLOBAL_BASELINE,HF9g-P5,,,,X 全窗基线 · 不参与实体赏罚,3927220,393,A168_HF9F_20260827_0900,2026-08-27 09:00:00
2026-05-24,91797317,-1,1,6.3018590484,6.3018590484,6.3018590484,1.0000000,1,1,0.49324550000000000,0.493245500000,1.01360149184955,1.01360149184955,1.01360149184955,0E-17,SENTINEL_DEALER,R03b_20260811_FULL_v1,L1_ELIGIBILITY,v2026-08-11,2026-03-21..2026-08-06,baccarat_bet02_101_all_pairs_incl_sentinel,round_win = game_pnl > 0 (decisive only),COMPATIBILITY_ONLY_NOT_PRODUCTION,21006.2458,18687.5319,-61.6222,1247,1247,0.00293352,-0.13859161,0.00938335,0.00293352,61.6222,21006.2458,OK,0.0000,-2.4649,4.0000,96.0000,AG03-UNRESOLVED,ALL5_LEVELS_bet23_to_bet27,-2.4649,-2.4649,-2.4649,-4.3136,-4.3136,4.000000,4.000000,4.000000,7.000000,7.000000,96.000000,96.000000,96.000000,93.000000,93.000000,5.0,-16.0218,-14.4684,-45.6004,-47.1538,PENDING_AG03,FALSE,NOT_FOR_ENFORCEMENT,-59.1573,17940.0307,-61.6222,-59.1573,-2.4649,-0.00293352,-0.00281618,-2.4649,-59.1573,-0.00281618,-2.4649,-2.4649,-2.4649,-4.3136,-4.3136,-59.1573,-0.00281618,-16.0218,-14.4684,-45.6004,-47.1538,-0.00217080,-0.00224475,-0.00011734,16.8454,14.9860,-0.0494,-0.6419,-0.0525,218.8151,12.9896,13.0801,17.0694,10.3857,11.0045,21.0062,31.5093,42.0124,42.1647,10.5412,0.0,3.81775,3.831594,1.530778,30,171,130,2,0.04358735,-0.00293352,0.13859161,0E-8,0.000000,0.889618,0.000000,-0.14797496,2026-03-22,2026-08-05,96,1173,774,137,0.700730,0.766291,0.776478,0.145291,,,,,,,,GLOBAL_BASELINE_NO_ENTITY_RANKING,,,NOT_APPLICABLE_GLOBAL_BASELINE,HF9g-P5,,,,X 全窗基线 · 不参与实体赏罚,3927221,393,A168_HF9F_20260827_0900,2026-08-27 09:00:00
2026-05-24,91797317,1991,0,6.3018590484,-6.3018590484,-6.3018590484,0E-7,1,1,0.49324550000000000,0.493245500000,-0.9865810262130424,-0.9865810262130424,-0.9865810262130424,0E-17,ELIGIBLE,R03b_20260811_FULL_v1,L1_ELIGIBILITY,v2026-08-11,2026-03-21..2026-08-06,baccarat_bet02_101_all_pairs_incl_sentinel,round_win = game_pnl > 0 (decisive only),COMPATIBILITY_ONLY_NOT_PRODUCTION,21006.2458,18687.5319,-61.6222,1247,1247,0.00293352,-0.13859161,0.00938335,0.00293352,61.6222,21006.2458,OK,0.0000,-2.4649,4.0000,96.0000,AG03-UNRESOLVED,ALL5_LEVELS_bet23_to_bet27,-2.4649,-2.4649,-2.4649,-4.3136,-4.3136,4.000000,4.000000,4.000000,7.000000,7.000000,96.000000,96.000000,96.000000,93.000000,93.000000,5.0,-16.0218,-14.4684,-45.6004,-47.1538,PENDING_AG03,FALSE,NOT_FOR_ENFORCEMENT,-59.1573,17940.0307,-61.6222,-59.1573,-2.4649,-0.00293352,-0.00281618,-2.4649,-59.1573,-0.00281618,-2.4649,-2.4649,-2.4649,-4.3136,-4.3136,-59.1573,-0.00281618,-16.0218,-14.4684,-45.6004,-47.1538,-0.00217080,-0.00224475,-0.00011734,16.8454,14.9860,-0.0494,-0.6419,-0.0525,218.8151,12.9896,13.0801,17.0694,10.3857,11.0045,21.0062,31.5093,42.0124,42.1647,10.5412,0.0,3.81775,3.831594,1.530778,30,171,130,2,0.04358735,-0.00293352,0.13859161,0E-8,0.000000,0.889618,0.000000,-0.14797496,2026-03-22,2026-08-05,96,1173,774,137,0.700730,0.766291,0.776478,0.145291,,,,,,,,GLOBAL_BASELINE_NO_ENTITY_RANKING,,,NOT_APPLICABLE_GLOBAL_BASELINE,HF9g-P5,,,,X 全窗基线 · 不参与实体赏罚,3927222,393,A168_HF9F_20260827_0900,2026-08-27 09:00:00
2026-05-24,91797317,2170,0,6.3018590484,-6.3018590484,-6.3018590484,0E-7,1,1,0.49324550000000000,0.493245500000,-0.9865810262130424,-0.9865810262130424,-0.9865810262130424,0E-17,ELIGIBLE,R03b_20260811_FULL_v1,L1_ELIGIBILITY,v2026-08-11,2026-03-21..2026-08-06,baccarat_bet02_101_all_pairs_incl_sentinel,round_win = game_pnl > 0 (decisive only),COMPATIBILITY_ONLY_NOT_PRODUCTION,21006.2458,18687.5319,-61.6222,1247,1247,0.00293352,-0.13859161,0.00938335,0.00293352,61.6222,21006.2458,OK,0.0000,-2.4649,4.0000,96.0000,AG03-UNRESOLVED,ALL5_LEVELS_bet23_to_bet27,-2.4649,-2.4649,-2.4649,-4.3136,-4.3136,4.000000,4.000000,4.000000,7.000000,7.000000,96.000000,96.000000,96.000000,93.000000,93.000000,5.0,-16.0218,-14.4684,-45.6004,-47.1538,PENDING_AG03,FALSE,NOT_FOR_ENFORCEMENT,-59.1573,17940.0307,-61.6222,-59.1573,-2.4649,-0.00293352,-0.00281618,-2.4649,-59.1573,-0.00281618,-2.4649,-2.4649,-2.4649,-4.3136,-4.3136,-59.1573,-0.00281618,-16.0218,-14.4684,-45.6004,-47.1538,-0.00217080,-0.00224475,-0.00011734,16.8454,14.9860,-0.0494,-0.6419,-0.0525,218.8151,12.9896,13.0801,17.0694,10.3857,11.0045,21.0062,31.5093,42.0124,42.1647,10.5412,0.0,3.81775,3.831594,1.530778,30,171,130,2,0.04358735,-0.00293352,0.13859161,0E-8,0.000000,0.889618,0.000000,-0.14797496,2026-03-22,2026-08-05,96,1173,774,137,0.700730,0.766291,0.776478,0.145291,,,,,,,,GLOBAL_BASELINE_NO_ENTITY_RANKING,,,NOT_APPLICABLE_GLOBAL_BASELINE,HF9g-P5,,,,X 全窗基线 · 不参与实体赏罚,3927223,393,A168_HF9F_20260827_0900,2026-08-27 09:00:00
2026-05-24,91797317,2229,0,6.3018590484,6.3018590484,6.3018590484,1.0000000,1,1,0.49324550000000000,0.493245500000,1.01360149184955,1.01360149184955,1.01360149184955,0E-17,ELIGIBLE,R03b_20260811_FULL_v1,L1_ELIGIBILITY,v2026-08-11,2026-03-21..2026-08-06,baccarat_bet02_101_all_pairs_incl_sentinel,round_win = game_pnl > 0 (decisive only),COMPATIBILITY_ONLY_NOT_PRODUCTION,21006.2458,18687.5319,-61.6222,1247,1247,0.00293352,-0.13859161,0.00938335,0.00293352,61.6222,21006.2458,OK,0.0000,-2.4649,4.0000,96.0000,AG03-UNRESOLVED,ALL5_LEVELS_bet23_to_bet27,-2.4649,-2.4649,-2.4649,-4.3136,-4.3136,4.000000,4.000000,4.000000,7.000000,7.000000,96.000000,96.000000,96.000000,93.000000,93.000000,5.0,-16.0218,-14.4684,-45.6004,-47.1538,PENDING_AG03,FALSE,NOT_FOR_ENFORCEMENT,-59.1573,17940.0307,-61.6222,-59.1573,-2.4649,-0.00293352,-0.00281618,-2.4649,-59.1573,-0.00281618,-2.4649,-2.4649,-2.4649,-4.3136,-4.3136,-59.1573,-0.00281618,-16.0218,-14.4684,-45.6004,-47.1538,-0.00217080,-0.00224475,-0.00011734,16.8454,14.9860,-0.0494,-0.6419,-0.0525,218.8151,12.9896,13.0801,17.0694,10.3857,11.0045,21.0062,31.5093,42.0124,42.1647,10.5412,0.0,3.81775,3.831594,1.530778,30,171,130,2,0.04358735,-0.00293352,0.13859161,0E-8,0.000000,0.889618,0.000000,-0.14797496,2026-03-22,2026-08-05,96,1173,774,137,0.700730,0.766291,0.776478,0.145291,,,,,,,,GLOBAL_BASELINE_NO_ENTITY_RANKING,,,NOT_APPLICABLE_GLOBAL_BASELINE,HF9g-P5,,,,X 全窗基线 · 不参与实体赏罚,3927224,393,A168_HF9F_20260827_0900,2026-08-27 09:00:00
2026-05-26,91797317,-1,1,111.3328431887,111.3328431887,111.3328431887,1.0000000,6,6,0.49324550000000000,0.493245500000,2.4828064575552,2.4828064575551996,2.4828064575552,0E-17,SENTINEL_DEALER,R03b_20260811_FULL_v1,L1_ELIGIBILITY,v2026-08-11,2026-03-21..2026-08-06,baccarat_bet02_101_all_pairs_incl_sentinel,round_win = game_pnl > 0 (decisive only),COMPATIBILITY_ONLY_NOT_PRODUCTION,21006.2458,18687.5319,-61.6222,1247,1247,0.00293352,-0.13859161,0.00938335,0.00293352,61.6222,21006.2458,OK,0.0000,-2.4649,4.0000,96.0000,AG03-UNRESOLVED,ALL5_LEVELS_bet23_to_bet27,-2.4649,-2.4649,-2.4649,-4.3136,-4.3136,4.000000,4.000000,4.000000,7.000000,7.000000,96.000000,96.000000,96.000000,93.000000,93.000000,5.0,-16.0218,-14.4684,-45.6004,-47.1538,PENDING_AG03,FALSE,NOT_FOR_ENFORCEMENT,-59.1573,17940.0307,-61.6222,-59.1573,-2.4649,-0.00293352,-0.00281618,-2.4649,-59.1573,-0.00281618,-2.4649,-2.4649,-2.4649,-4.3136,-4.3136,-59.1573,-0.00281618,-16.0218,-14.4684,-45.6004,-47.1538,-0.00217080,-0.00224475,-0.00011734,16.8454,14.9860,-0.0494,-0.6419,-0.0525,218.8151,12.9896,13.0801,17.0694,10.3857,11.0045,21.0062,31.5093,42.0124,42.1647,10.5412,0.0,3.81775,3.831594,1.530778,30,171,130,2,0.04358735,-0.00293352,0.13859161,0E-8,0.000000,0.889618,0.000000,-0.14797496,2026-03-22,2026-08-05,96,1173,774,137,0.700730,0.766291,0.776478,0.145291,,,,,,,,GLOBAL_BASELINE_NO_ENTITY_RANKING,,,NOT_APPLICABLE_GLOBAL_BASELINE,HF9g-P5,,,,X 全窗基线 · 不参与实体赏罚,3927225,393,A168_HF9F_20260827_0900,2026-08-27 09:00:00
2026-05-26,91797317,1330,0,6.3018590484,6.3018590484,6.3018590484,1.0000000,1,1,0.49324550000000000,0.493245500000,1.01360149184955,1.01360149184955,1.01360149184955,0E-17,ELIGIBLE,R03b_20260811_FULL_v1,L1_ELIGIBILITY,v2026-08-11,2026-03-21..2026-08-06,baccarat_bet02_101_all_pairs_incl_sentinel,round_win = game_pnl > 0 (decisive only),COMPATIBILITY_ONLY_NOT_PRODUCTION,21006.2458,18687.5319,-61.6222,1247,1247,0.00293352,-0.13859161,0.00938335,0.00293352,61.6222,21006.2458,OK,0.0000,-2.4649,4.0000,96.0000,AG03-UNRESOLVED,ALL5_LEVELS_bet23_to_bet27,-2.4649,-2.4649,-2.4649,-4.3136,-4.3136,4.000000,4.000000,4.000000,7.000000,7.000000,96.000000,96.000000,96.000000,93.000000,93.000000,5.0,-16.0218,-14.4684,-45.6004,-47.1538,PENDING_AG03,FALSE,NOT_FOR_ENFORCEMENT,-59.1573,17940.0307,-61.6222,-59.1573,-2.4649,-0.00293352,-0.00281618,-2.4649,-59.1573,-0.00281618,-2.4649,-2.4649,-2.4649,-4.3136,-4.3136,-59.1573,-0.00281618,-16.0218,-14.4684,-45.6004,-47.1538,-0.00217080,-0.00224475,-0.00011734,16.8454,14.9860,-0.0494,-0.6419,-0.0525,218.8151,12.9896,13.0801,17.0694,10.3857,11.0045,21.0062,31.5093,42.0124,42.1647,10.5412,0.0,3.81775,3.831594,1.530778,30,171,130,2,0.04358735,-0.00293352,0.13859161,0E-8,0.000000,0.889618,0.000000,-0.14797496,2026-03-22,2026-08-05,96,1173,774,137,0.700730,0.766291,0.776478,0.145291,,,,,,,,GLOBAL_BASELINE_NO_ENTITY_RANKING,,,NOT_APPLICABLE_GLOBAL_BASELINE,HF9g-P5,,,,X 全窗基线 · 不参与实体赏罚,3927226,393,A168_HF9F_20260827_0900,2026-08-27 09:00:00
2026-05-26,91797317,1384,0,10.5030984140,0E-10,0E-10,,1,1,0.49324550000000000,0.493245500000,,,,0E-17,NO_DECISIVE_ROUND,R03b_20260811_FULL_v1,L1_ELIGIBILITY,v2026-08-11,2026-03-21..2026-08-06,baccarat_bet02_101_all_pairs_incl_sentinel,round_win = game_pnl > 0 (decisive only),COMPATIBILITY_ONLY_NOT_PRODUCTION,21006.2458,18687.5319,-61.6222,1247,1247,0.00293352,-0.13859161,0.00938335,0.00293352,61.6222,21006.2458,OK,0.0000,-2.4649,4.0000,96.0000,AG03-UNRESOLVED,ALL5_LEVELS_bet23_to_bet27,-2.4649,-2.4649,-2.4649,-4.3136,-4.3136,4.000000,4.000000,4.000000,7.000000,7.000000,96.000000,96.000000,96.000000,93.000000,93.000000,5.0,-16.0218,-14.4684,-45.6004,-47.1538,PENDING_AG03,FALSE,NOT_FOR_ENFORCEMENT,-59.1573,17940.0307,-61.6222,-59.1573,-2.4649,-0.00293352,-0.00281618,-2.4649,-59.1573,-0.00281618,-2.4649,-2.4649,-2.4649,-4.3136,-4.3136,-59.1573,-0.00281618,-16.0218,-14.4684,-45.6004,-47.1538,-0.00217080,-0.00224475,-0.00011734,16.8454,14.9860,-0.0494,-0.6419,-0.0525,218.8151,12.9896,13.0801,17.0694,10.3857,11.0045,21.0062,31.5093,42.0124,42.1647,10.5412,0.0,3.81775,3.831594,1.530778,30,171,130,2,0.04358735,-0.00293352,0.13859161,0E-8,0.000000,0.889618,0.000000,-0.14797496,2026-03-22,2026-08-05,96,1173,774,137,0.700730,0.766291,0.776478,0.145291,,,,,,,,GLOBAL_BASELINE_NO_ENTITY_RANKING,,,NOT_APPLICABLE_GLOBAL_BASELINE,HF9g-P5,,,,X 全窗基线 · 不参与实体赏罚,3927227,393,A168_HF9F_20260827_0900,2026-08-27 09:00:00
2026-05-26,91797317,1490,0,6.3018590484,0E-10,0E-10,,1,1,0.49324550000000000,0.493245500000,,,,0E-17,NO_DECISIVE_ROUND,R03b_20260811_FULL_v1,L1_ELIGIBILITY,v2026-08-11,2026-03-21..2026-08-06,baccarat_bet02_101_all_pairs_incl_sentinel,round_win = game_pnl > 0 (decisive only),COMPATIBILITY_ONLY_NOT_PRODUCTION,21006.2458,18687.5319,-61.6222,1247,1247,0.00293352,-0.13859161,0.00938335,0.00293352,61.6222,21006.2458,OK,0.0000,-2.4649,4.0000,96.0000,AG03-UNRESOLVED,ALL5_LEVELS_bet23_to_bet27,-2.4649,-2.4649,-2.4649,-4.3136,-4.3136,4.000000,4.000000,4.000000,7.000000,7.000000,96.000000,96.000000,96.000000,93.000000,93.000000,5.0,-16.0218,-14.4684,-45.6004,-47.1538,PENDING_AG03,FALSE,NOT_FOR_ENFORCEMENT,-59.1573,17940.0307,-61.6222,-59.1573,-2.4649,-0.00293352,-0.00281618,-2.4649,-59.1573,-0.00281618,-2.4649,-2.4649,-2.4649,-4.3136,-4.3136,-59.1573,-0.00281618,-16.0218,-14.4684,-45.6004,-47.1538,-0.00217080,-0.00224475,-0.00011734,16.8454,14.9860,-0.0494,-0.6419,-0.0525,218.8151,12.9896,13.0801,17.0694,10.3857,11.0045,21.0062,31.5093,42.0124,42.1647,10.5412,0.0,3.81775,3.831594,1.530778,30,171,130,2,0.04358735,-0.00293352,0.13859161,0E-8,0.000000,0.889618,0.000000,-0.14797496,2026-03-22,2026-08-05,96,1173,774,137,0.700730,0.766291,0.776478,0.145291,,,,,,,,GLOBAL_BASELINE_NO_ENTITY_RANKING,,,NOT_APPLICABLE_GLOBAL_BASELINE,HF9g-P5,,,,X 全窗基线 · 不参与实体赏罚,3927228,393,A168_HF9F_20260827_0900,2026-08-27 09:00:00
2026-05-26,91797317,1507,0,6.3018590484,6.3018590484,6.3018590484,1.0000000,1,1,0.49324550000000000,0.493245500000,1.01360149184955,1.01360149184955,1.01360149184955,0E-17,ELIGIBLE,R03b_20260811_FULL_v1,L1_ELIGIBILITY,v2026-08-11,2026-03-21..2026-08-06,baccarat_bet02_101_all_pairs_incl_sentinel,round_win = game_pnl > 0 (decisive only),COMPATIBILITY_ONLY_NOT_PRODUCTION,21006.2458,18687.5319,-61.6222,1247,1247,0.00293352,-0.13859161,0.00938335,0.00293352,61.6222,21006.2458,OK,0.0000,-2.4649,4.0000,96.0000,AG03-UNRESOLVED,ALL5_LEVELS_bet23_to_bet27,-2.4649,-2.4649,-2.4649,-4.3136,-4.3136,4.000000,4.000000,4.000000,7.000000,7.000000,96.000000,96.000000,96.000000,93.000000,93.000000,5.0,-16.0218,-14.4684,-45.6004,-47.1538,PENDING_AG03,FALSE,NOT_FOR_ENFORCEMENT,-59.1573,17940.0307,-61.6222,-59.1573,-2.4649,-0.00293352,-0.00281618,-2.4649,-59.1573,-0.00281618,-2.4649,-2.4649,-2.4649,-4.3136,-4.3136,-59.1573,-0.00281618,-16.0218,-14.4684,-45.6004,-47.1538,-0.00217080,-0.00224475,-0.00011734,16.8454,14.9860,-0.0494,-0.6419,-0.0525,218.8151,12.9896,13.0801,17.0694,10.3857,11.0045,21.0062,31.5093,42.0124,42.1647,10.5412,0.0,3.81775,3.831594,1.530778,30,171,130,2,0.04358735,-0.00293352,0.13859161,0E-8,0.000000,0.889618,0.000000,-0.14797496,2026-03-22,2026-08-05,96,1173,774,137,0.700730,0.766291,0.776478,0.145291,,,,,,,,GLOBAL_BASELINE_NO_ENTITY_RANKING,,,NOT_APPLICABLE_GLOBAL_BASELINE,HF9g-P5,,,,X 全窗基线 · 不参与实体赏罚,3927229,393,A168_HF9F_20260827_0900,2026-08-27 09:00:00
2026-05-26,91797317,1750,0,6.3018590484,6.3018590484,6.3018590484,1.0000000,1,1,0.49324550000000000,0.493245500000,1.01360149184955,1.01360149184955,1.01360149184955,0E-17,ELIGIBLE,R03b_20260811_FULL_v1,L1_ELIGIBILITY,v2026-08-11,2026-03-21..2026-08-06,baccarat_bet02_101_all_pairs_incl_sentinel,round_win = game_pnl > 0 (decisive only),COMPATIBILITY_ONLY_NOT_PRODUCTION,21006.2458,18687.5319,-61.6222,1247,1247,0.00293352,-0.13859161,0.00938335,0.00293352,61.6222,21006.2458,OK,0.0000,-2.4649,4.0000,96.0000,AG03-UNRESOLVED,ALL5_LEVELS_bet23_to_bet27,-2.4649,-2.4649,-2.4649,-4.3136,-4.3136,4.000000,4.000000,4.000000,7.000000,7.000000,96.000000,96.000000,96.000000,93.000000,93.000000,5.0,-16.0218,-14.4684,-45.6004,-47.1538,PENDING_AG03,FALSE,NOT_FOR_ENFORCEMENT,-59.1573,17940.0307,-61.6222,-59.1573,-2.4649,-0.00293352,-0.00281618,-2.4649,-59.1573,-0.00281618,-2.4649,-2.4649,-2.4649,-4.3136,-4.3136,-59.1573,-0.00281618,-16.0218,-14.4684,-45.6004,-47.1538,-0.00217080,-0.00224475,-0.00011734,16.8454,14.9860,-0.0494,-0.6419,-0.0525,218.8151,12.9896,13.0801,17.0694,10.3857,11.0045,21.0062,31.5093,42.0124,42.1647,10.5412,0.0,3.81775,3.831594,1.530778,30,171,130,2,0.04358735,-0.00293352,0.13859161,0E-8,0.000000,0.889618,0.000000,-0.14797496,2026-03-22,2026-08-05,96,1173,774,137,0.700730,0.766291,0.776478,0.145291,,,,,,,,GLOBAL_BASELINE_NO_ENTITY_RANKING,,,NOT_APPLICABLE_GLOBAL_BASELINE,HF9g-P5,,,,X 全窗基线 · 不参与实体赏罚,3927230,393,A168_HF9F_20260827_0900,2026-08-27 09:00:00
2026-05-26,91797317,2101,0,84.0247873122,-42.0123936561,-42.0123936561,0E-7,2,2,0.49324550000000000,0.493245500000,-0.9865810262130424,-0.9865810262130424,-0.9865810262130424,0E-17,ELIGIBLE,R03b_20260811_FULL_v1,L1_ELIGIBILITY,v2026-08-11,2026-03-21..2026-08-06,baccarat_bet02_101_all_pairs_incl_sentinel,round_win = game_pnl > 0 (decisive only),COMPATIBILITY_ONLY_NOT_PRODUCTION,21006.2458,18687.5319,-61.6222,1247,1247,0.00293352,-0.13859161,0.00938335,0.00293352,61.6222,21006.2458,OK,0.0000,-2.4649,4.0000,96.0000,AG03-UNRESOLVED,ALL5_LEVELS_bet23_to_bet27,-2.4649,-2.4649,-2.4649,-4.3136,-4.3136,4.000000,4.000000,4.000000,7.000000,7.000000,96.000000,96.000000,96.000000,93.000000,93.000000,5.0,-16.0218,-14.4684,-45.6004,-47.1538,PENDING_AG03,FALSE,NOT_FOR_ENFORCEMENT,-59.1573,17940.0307,-61.6222,-59.1573,-2.4649,-0.00293352,-0.00281618,-2.4649,-59.1573,-0.00281618,-2.4649,-2.4649,-2.4649,-4.3136,-4.3136,-59.1573,-0.00281618,-16.0218,-14.4684,-45.6004,-47.1538,-0.00217080,-0.00224475,-0.00011734,16.8454,14.9860,-0.0494,-0.6419,-0.0525,218.8151,12.9896,13.0801,17.0694,10.3857,11.0045,21.0062,31.5093,42.0124,42.1647,10.5412,0.0,3.81775,3.831594,1.530778,30,171,130,2,0.04358735,-0.00293352,0.13859161,0E-8,0.000000,0.889618,0.000000,-0.14797496,2026-03-22,2026-08-05,96,1173,774,137,0.700730,0.766291,0.776478,0.145291,,,,,,,,GLOBAL_BASELINE_NO_ENTITY_RANKING,,,NOT_APPLICABLE_GLOBAL_BASELINE,HF9g-P5,,,,X 全窗基线 · 不参与实体赏罚,3927231,393,A168_HF9F_20260827_0900,2026-08-27 09:00:00
2026-05-26,91797317,2153,0,6.3018590484,-6.3018590484,-6.3018590484,0E-7,1,1,0.49324550000000000,0.493245500000,-0.9865810262130424,-0.9865810262130424,-0.9865810262130424,0E-17,ELIGIBLE,R03b_20260811_FULL_v1,L1_ELIGIBILITY,v2026-08-11,2026-03-21..2026-08-06,baccarat_bet02_101_all_pairs_incl_sentinel,round_win = game_pnl > 0 (decisive only),COMPATIBILITY_ONLY_NOT_PRODUCTION,21006.2458,18687.5319,-61.6222,1247,1247,0.00293352,-0.13859161,0.00938335,0.00293352,61.6222,21006.2458,OK,0.0000,-2.4649,4.0000,96.0000,AG03-UNRESOLVED,ALL5_LEVELS_bet23_to_bet27,-2.4649,-2.4649,-2.4649,-4.3136,-4.3136,4.000000,4.000000,4.000000,7.000000,7.000000,96.000000,96.000000,96.000000,93.000000,93.000000,5.0,-16.0218,-14.4684,-45.6004,-47.1538,PENDING_AG03,FALSE,NOT_FOR_ENFORCEMENT,-59.1573,17940.0307,-61.6222,-59.1573,-2.4649,-0.00293352,-0.00281618,-2.4649,-59.1573,-0.00281618,-2.4649,-2.4649,-2.4649,-4.3136,-4.3136,-59.1573,-0.00281618,-16.0218,-14.4684,-45.6004,-47.1538,-0.00217080,-0.00224475,-0.00011734,16.8454,14.9860,-0.0494,-0.6419,-0.0525,218.8151,12.9896,13.0801,17.0694,10.3857,11.0045,21.0062,31.5093,42.0124,42.1647,10.5412,0.0,3.81775,3.831594,1.530778,30,171,130,2,0.04358735,-0.00293352,0.13859161,0E-8,0.000000,0.889618,0.000000,-0.14797496,2026-03-22,2026-08-05,96,1173,774,137,0.700730,0.766291,0.776478,0.145291,,,,,,,,GLOBAL_BASELINE_NO_ENTITY_RANKING,,,NOT_APPLICABLE_GLOBAL_BASELINE,HF9g-P5,,,,X 全窗基线 · 不参与实体赏罚,3927232,393,A168_HF9F_20260827_0900,2026-08-27 09:00:00
2026-05-26,91797317,2175,0,42.0123936561,-42.0123936561,-42.0123936561,0E-7,1,1,0.50665070000000000,0.506650700000,-1.013391052207602,-1.013391052207602,-1.013391052207602,0E-17,ELIGIBLE,R03b_20260811_FULL_v1,L1_ELIGIBILITY,v2026-08-11,2026-03-21..2026-08-06,baccarat_bet02_101_all_pairs_incl_sentinel,round_win = game_pnl > 0 (decisive only),COMPATIBILITY_ONLY_NOT_PRODUCTION,21006.2458,18687.5319,-61.6222,1247,1247,0.00293352,-0.13859161,0.00938335,0.00293352,61.6222,21006.2458,OK,0.0000,-2.4649,4.0000,96.0000,AG03-UNRESOLVED,ALL5_LEVELS_bet23_to_bet27,-2.4649,-2.4649,-2.4649,-4.3136,-4.3136,4.000000,4.000000,4.000000,7.000000,7.000000,96.000000,96.000000,96.000000,93.000000,93.000000,5.0,-16.0218,-14.4684,-45.6004,-47.1538,PENDING_AG03,FALSE,NOT_FOR_ENFORCEMENT,-59.1573,17940.0307,-61.6222,-59.1573,-2.4649,-0.00293352,-0.00281618,-2.4649,-59.1573,-0.00281618,-2.4649,-2.4649,-2.4649,-4.3136,-4.3136,-59.1573,-0.00281618,-16.0218,-14.4684,-45.6004,-47.1538,-0.00217080,-0.00224475,-0.00011734,16.8454,14.9860,-0.0494,-0.6419,-0.0525,218.8151,12.9896,13.0801,17.0694,10.3857,11.0045,21.0062,31.5093,42.0124,42.1647,10.5412,0.0,3.81775,3.831594,1.530778,30,171,130,2,0.04358735,-0.00293352,0.13859161,0E-8,0.000000,0.889618,0.000000,-0.14797496,2026-03-22,2026-08-05,96,1173,774,137,0.700730,0.766291,0.776478,0.145291,,,,,,,,GLOBAL_BASELINE_NO_ENTITY_RANKING,,,NOT_APPLICABLE_GLOBAL_BASELINE,HF9g-P5,,,,X 全窗基线 · 不参与实体赏罚,3927233,393,A168_HF9F_20260827_0900,2026-08-27 09:00:00
2026-05-26,91797317,2254,0,16.8049574624,-10.5030984140,-10.5030984140,0E-7,2,2,0.49324550000000000,0.493245500000,-0.9865810262130424,-0.9865810262130424,-0.9865810262130424,0E-17,ELIGIBLE,R03b_20260811_FULL_v1,L1_ELIGIBILITY,v2026-08-11,2026-03-21..2026-08-06,baccarat_bet02_101_all_pairs_incl_sentinel,round_win = game_pnl > 0 (decisive only),COMPATIBILITY_ONLY_NOT_PRODUCTION,21006.2458,18687.5319,-61.6222,1247,1247,0.00293352,-0.13859161,0.00938335,0.00293352,61.6222,21006.2458,OK,0.0000,-2.4649,4.0000,96.0000,AG03-UNRESOLVED,ALL5_LEVELS_bet23_to_bet27,-2.4649,-2.4649,-2.4649,-4.3136,-4.3136,4.000000,4.000000,4.000000,7.000000,7.000000,96.000000,96.000000,96.000000,93.000000,93.000000,5.0,-16.0218,-14.4684,-45.6004,-47.1538,PENDING_AG03,FALSE,NOT_FOR_ENFORCEMENT,-59.1573,17940.0307,-61.6222,-59.1573,-2.4649,-0.00293352,-0.00281618,-2.4649,-59.1573,-0.00281618,-2.4649,-2.4649,-2.4649,-4.3136,-4.3136,-59.1573,-0.00281618,-16.0218,-14.4684,-45.6004,-47.1538,-0.00217080,-0.00224475,-0.00011734,16.8454,14.9860,-0.0494,-0.6419,-0.0525,218.8151,12.9896,13.0801,17.0694,10.3857,11.0045,21.0062,31.5093,42.0124,42.1647,10.5412,0.0,3.81775,3.831594,1.530778,30,171,130,2,0.04358735,-0.00293352,0.13859161,0E-8,0.000000,0.889618,0.000000,-0.14797496,2026-03-22,2026-08-05,96,1173,774,137,0.700730,0.766291,0.776478,0.145291,,,,,,,,GLOBAL_BASELINE_NO_ENTITY_RANKING,,,NOT_APPLICABLE_GLOBAL_BASELINE,HF9g-P5,,,,X 全窗基线 · 不参与实体赏罚,3927234,393,A168_HF9F_20260827_0900,2026-08-27 09:00:00
2026-05-26,91797317,550,0,21.0061968281,-21.0061968281,-21.0061968281,0E-7,1,1,0.49324550000000000,0.493245500000,-0.9865810262130424,-0.9865810262130424,-0.9865810262130424,0E-17,ELIGIBLE,R03b_20260811_FULL_v1,L1_ELIGIBILITY,v2026-08-11,2026-03-21..2026-08-06,baccarat_bet02_101_all_pairs_incl_sentinel,round_win = game_pnl > 0 (decisive only),COMPATIBILITY_ONLY_NOT_PRODUCTION,21006.2458,18687.5319,-61.6222,1247,1247,0.00293352,-0.13859161,0.00938335,0.00293352,61.6222,21006.2458,OK,0.0000,-2.4649,4.0000,96.0000,AG03-UNRESOLVED,ALL5_LEVELS_bet23_to_bet27,-2.4649,-2.4649,-2.4649,-4.3136,-4.3136,4.000000,4.000000,4.000000,7.000000,7.000000,96.000000,96.000000,96.000000,93.000000,93.000000,5.0,-16.0218,-14.4684,-45.6004,-47.1538,PENDING_AG03,FALSE,NOT_FOR_ENFORCEMENT,-59.1573,17940.0307,-61.6222,-59.1573,-2.4649,-0.00293352,-0.00281618,-2.4649,-59.1573,-0.00281618,-2.4649,-2.4649,-2.4649,-4.3136,-4.3136,-59.1573,-0.00281618,-16.0218,-14.4684,-45.6004,-47.1538,-0.00217080,-0.00224475,-0.00011734,16.8454,14.9860,-0.0494,-0.6419,-0.0525,218.8151,12.9896,13.0801,17.0694,10.3857,11.0045,21.0062,31.5093,42.0124,42.1647,10.5412,0.0,3.81775,3.831594,1.530778,30,171,130,2,0.04358735,-0.00293352,0.13859161,0E-8,0.000000,0.889618,0.000000,-0.14797496,2026-03-22,2026-08-05,96,1173,774,137,0.700730,0.766291,0.776478,0.145291,,,,,,,,GLOBAL_BASELINE_NO_ENTITY_RANKING,,,NOT_APPLICABLE_GLOBAL_BASELINE,HF9g-P5,,,,X 全窗基线 · 不参与实体赏罚,3927235,393,A168_HF9F_20260827_0900,2026-08-27 09:00:00
2026-05-26,91797317,772,0,27.3080558765,27.3080558765,27.3080558765,1.0000000,2,2,0.49324550000000000,0.493245500000,1.4334489766152358,1.4334489766152358,1.4334489766152358,0E-17,ELIGIBLE,R03b_20260811_FULL_v1,L1_ELIGIBILITY,v2026-08-11,2026-03-21..2026-08-06,baccarat_bet02_101_all_pairs_incl_sentinel,round_win = game_pnl > 0 (decisive only),COMPATIBILITY_ONLY_NOT_PRODUCTION,21006.2458,18687.5319,-61.6222,1247,1247,0.00293352,-0.13859161,0.00938335,0.00293352,61.6222,21006.2458,OK,0.0000,-2.4649,4.0000,96.0000,AG03-UNRESOLVED,ALL5_LEVELS_bet23_to_bet27,-2.4649,-2.4649,-2.4649,-4.3136,-4.3136,4.000000,4.000000,4.000000,7.000000,7.000000,96.000000,96.000000,96.000000,93.000000,93.000000,5.0,-16.0218,-14.4684,-45.6004,-47.1538,PENDING_AG03,FALSE,NOT_FOR_ENFORCEMENT,-59.1573,17940.0307,-61.6222,-59.1573,-2.4649,-0.00293352,-0.00281618,-2.4649,-59.1573,-0.00281618,-2.4649,-2.4649,-2.4649,-4.3136,-4.3136,-59.1573,-0.00281618,-16.0218,-14.4684,-45.6004,-47.1538,-0.00217080,-0.00224475,-0.00011734,16.8454,14.9860,-0.0494,-0.6419,-0.0525,218.8151,12.9896,13.0801,17.0694,10.3857,11.0045,21.0062,31.5093,42.0124,42.1647,10.5412,0.0,3.81775,3.831594,1.530778,30,171,130,2,0.04358735,-0.00293352,0.13859161,0E-8,0.000000,0.889618,0.000000,-0.14797496,2026-03-22,2026-08-05,96,1173,774,137,0.700730,0.766291,0.776478,0.145291,,,,,,,,GLOBAL_BASELINE_NO_ENTITY_RANKING,,,NOT_APPLICABLE_GLOBAL_BASELINE,HF9g-P5,,,,X 全窗基线 · 不参与实体赏罚,3927236,393,A168_HF9F_20260827_0900,2026-08-27 09:00:00
2026-05-27,91797317,-1,1,132.3390400167,-52.5154920701,-52.5154920701,0.3333333,12,12,0.49324550000000000,0.493245500000,-1.1080050959052214,-1.1080050959052212,-1.1080050959052214,0E-17,SENTINEL_DEALER,R03b_20260811_FULL_v1,L1_ELIGIBILITY,v2026-08-11,2026-03-21..2026-08-06,baccarat_bet02_101_all_pairs_incl_sentinel,round_win = game_pnl > 0 (decisive only),COMPATIBILITY_ONLY_NOT_PRODUCTION,21006.2458,18687.5319,-61.6222,1247,1247,0.00293352,-0.13859161,0.00938335,0.00293352,61.6222,21006.2458,OK,0.0000,-2.4649,4.0000,96.0000,AG03-UNRESOLVED,ALL5_LEVELS_bet23_to_bet27,-2.4649,-2.4649,-2.4649,-4.3136,-4.3136,4.000000,4.000000,4.000000,7.000000,7.000000,96.000000,96.000000,96.000000,93.000000,93.000000,5.0,-16.0218,-14.4684,-45.6004,-47.1538,PENDING_AG03,FALSE,NOT_FOR_ENFORCEMENT,-59.1573,17940.0307,-61.6222,-59.1573,-2.4649,-0.00293352,-0.00281618,-2.4649,-59.1573,-0.00281618,-2.4649,-2.4649,-2.4649,-4.3136,-4.3136,-59.1573,-0.00281618,-16.0218,-14.4684,-45.6004,-47.1538,-0.00217080,-0.00224475,-0.00011734,16.8454,14.9860,-0.0494,-0.6419,-0.0525,218.8151,12.9896,13.0801,17.0694,10.3857,11.0045,21.0062,31.5093,42.0124,42.1647,10.5412,0.0,3.81775,3.831594,1.530778,30,171,130,2,0.04358735,-0.00293352,0.13859161,0E-8,0.000000,0.889618,0.000000,-0.14797496,2026-03-22,2026-08-05,96,1173,774,137,0.700730,0.766291,0.776478,0.145291,,,,,,,,GLOBAL_BASELINE_NO_ENTITY_RANKING,,,NOT_APPLICABLE_GLOBAL_BASELINE,HF9g-P5,,,,X 全窗基线 · 不参与实体赏罚,3927237,393,A168_HF9F_20260827_0900,2026-08-27 09:00:00
2026-05-27,91797317,1094,0,12.6037180968,12.6037180968,12.6037180968,1.0000000,2,2,0.49324550000000000,0.493245500000,1.4334489766152358,1.4334489766152358,1.4334489766152358,0E-17,ELIGIBLE,R03b_20260811_FULL_v1,L1_ELIGIBILITY,v2026-08-11,2026-03-21..2026-08-06,baccarat_bet02_101_all_pairs_incl_sentinel,round_win = game_pnl > 0 (decisive only),COMPATIBILITY_ONLY_NOT_PRODUCTION,21006.2458,18687.5319,-61.6222,1247,1247,0.00293352,-0.13859161,0.00938335,0.00293352,61.6222,21006.2458,OK,0.0000,-2.4649,4.0000,96.0000,AG03-UNRESOLVED,ALL5_LEVELS_bet23_to_bet27,-2.4649,-2.4649,-2.4649,-4.3136,-4.3136,4.000000,4.000000,4.000000,7.000000,7.000000,96.000000,96.000000,96.000000,93.000000,93.000000,5.0,-16.0218,-14.4684,-45.6004,-47.1538,PENDING_AG03,FALSE,NOT_FOR_ENFORCEMENT,-59.1573,17940.0307,-61.6222,-59.1573,-2.4649,-0.00293352,-0.00281618,-2.4649,-59.1573,-0.00281618,-2.4649,-2.4649,-2.4649,-4.3136,-4.3136,-59.1573,-0.00281618,-16.0218,-14.4684,-45.6004,-47.1538,-0.00217080,-0.00224475,-0.00011734,16.8454,14.9860,-0.0494,-0.6419,-0.0525,218.8151,12.9896,13.0801,17.0694,10.3857,11.0045,21.0062,31.5093,42.0124,42.1647,10.5412,0.0,3.81775,3.831594,1.530778,30,171,130,2,0.04358735,-0.00293352,0.13859161,0E-8,0.000000,0.889618,0.000000,-0.14797496,2026-03-22,2026-08-05,96,1173,774,137,0.700730,0.766291,0.776478,0.145291,,,,,,,,GLOBAL_BASELINE_NO_ENTITY_RANKING,,,NOT_APPLICABLE_GLOBAL_BASELINE,HF9g-P5,,,,X 全窗基线 · 不参与实体赏罚,3927238,393,A168_HF9F_20260827_0900,2026-08-27 09:00:00
2026-05-27,91797317,1151,0,31.5092952421,-31.5092952421,-31.5092952421,0E-7,1,1,0.49324550000000000,0.493245500000,-0.9865810262130424,-0.9865810262130424,-0.9865810262130424,0E-17,ELIGIBLE,R03b_20260811_FULL_v1,L1_ELIGIBILITY,v2026-08-11,2026-03-21..2026-08-06,baccarat_bet02_101_all_pairs_incl_sentinel,round_win = game_pnl > 0 (decisive only),COMPATIBILITY_ONLY_NOT_PRODUCTION,21006.2458,18687.5319,-61.6222,1247,1247,0.00293352,-0.13859161,0.00938335,0.00293352,61.6222,21006.2458,OK,0.0000,-2.4649,4.0000,96.0000,AG03-UNRESOLVED,ALL5_LEVELS_bet23_to_bet27,-2.4649,-2.4649,-2.4649,-4.3136,-4.3136,4.000000,4.000000,4.000000,7.000000,7.000000,96.000000,96.000000,96.000000,93.000000,93.000000,5.0,-16.0218,-14.4684,-45.6004,-47.1538,PENDING_AG03,FALSE,NOT_FOR_ENFORCEMENT,-59.1573,17940.0307,-61.6222,-59.1573,-2.4649,-0.00293352,-0.00281618,-2.4649,-59.1573,-0.00281618,-2.4649,-2.4649,-2.4649,-4.3136,-4.3136,-59.1573,-0.00281618,-16.0218,-14.4684,-45.6004,-47.1538,-0.00217080,-0.00224475,-0.00011734,16.8454,14.9860,-0.0494,-0.6419,-0.0525,218.8151,12.9896,13.0801,17.0694,10.3857,11.0045,21.0062,31.5093,42.0124,42.1647,10.5412,0.0,3.81775,3.831594,1.530778,30,171,130,2,0.04358735,-0.00293352,0.13859161,0E-8,0.000000,0.889618,0.000000,-0.14797496,2026-03-22,2026-08-05,96,1173,774,137,0.700730,0.766291,0.776478,0.145291,,,,,,,,GLOBAL_BASELINE_NO_ENTITY_RANKING,,,NOT_APPLICABLE_GLOBAL_BASELINE,HF9g-P5,,,,X 全窗基线 · 不参与实体赏罚,3927239,393,A168_HF9F_20260827_0900,2026-08-27 09:00:00
2026-05-27,91797317,1302,0,31.5092952421,10.5030984141,10.5030984141,0.5000000,2,2,0.49324550000000000,0.493245500000,0.01910635448239258,0.01910635448239258,0.01910635448239258,0E-17,ELIGIBLE,R03b_20260811_FULL_v1,L1_ELIGIBILITY,v2026-08-11,2026-03-21..2026-08-06,baccarat_bet02_101_all_pairs_incl_sentinel,round_win = game_pnl > 0 (decisive only),COMPATIBILITY_ONLY_NOT_PRODUCTION,21006.2458,18687.5319,-61.6222,1247,1247,0.00293352,-0.13859161,0.00938335,0.00293352,61.6222,21006.2458,OK,0.0000,-2.4649,4.0000,96.0000,AG03-UNRESOLVED,ALL5_LEVELS_bet23_to_bet27,-2.4649,-2.4649,-2.4649,-4.3136,-4.3136,4.000000,4.000000,4.000000,7.000000,7.000000,96.000000,96.000000,96.000000,93.000000,93.000000,5.0,-16.0218,-14.4684,-45.6004,-47.1538,PENDING_AG03,FALSE,NOT_FOR_ENFORCEMENT,-59.1573,17940.0307,-61.6222,-59.1573,-2.4649,-0.00293352,-0.00281618,-2.4649,-59.1573,-0.00281618,-2.4649,-2.4649,-2.4649,-4.3136,-4.3136,-59.1573,-0.00281618,-16.0218,-14.4684,-45.6004,-47.1538,-0.00217080,-0.00224475,-0.00011734,16.8454,14.9860,-0.0494,-0.6419,-0.0525,218.8151,12.9896,13.0801,17.0694,10.3857,11.0045,21.0062,31.5093,42.0124,42.1647,10.5412,0.0,3.81775,3.831594,1.530778,30,171,130,2,0.04358735,-0.00293352,0.13859161,0E-8,0.000000,0.889618,0.000000,-0.14797496,2026-03-22,2026-08-05,96,1173,774,137,0.700730,0.766291,0.776478,0.145291,,,,,,,,GLOBAL_BASELINE_NO_ENTITY_RANKING,,,NOT_APPLICABLE_GLOBAL_BASELINE,HF9g-P5,,,,X 全窗基线 · 不参与实体赏罚,3927240,393,A168_HF9F_20260827_0900,2026-08-27 09:00:00
2026-05-27,91797317,1383,0,10.5030984140,-10.5030984140,-10.5030984140,0E-7,1,1,0.49324550000000000,0.493245500000,-0.9865810262130424,-0.9865810262130424,-0.9865810262130424,0E-17,ELIGIBLE,R03b_20260811_FULL_v1,L1_ELIGIBILITY,v2026-08-11,2026-03-21..2026-08-06,baccarat_bet02_101_all_pairs_incl_sentinel,round_win = game_pnl > 0 (decisive only),COMPATIBILITY_ONLY_NOT_PRODUCTION,21006.2458,18687.5319,-61.6222,1247,1247,0.00293352,-0.13859161,0.00938335,0.00293352,61.6222,21006.2458,OK,0.0000,-2.4649,4.0000,96.0000,AG03-UNRESOLVED,ALL5_LEVELS_bet23_to_bet27,-2.4649,-2.4649,-2.4649,-4.3136,-4.3136,4.000000,4.000000,4.000000,7.000000,7.000000,96.000000,96.000000,96.000000,93.000000,93.000000,5.0,-16.0218,-14.4684,-45.6004,-47.1538,PENDING_AG03,FALSE,NOT_FOR_ENFORCEMENT,-59.1573,17940.0307,-61.6222,-59.1573,-2.4649,-0.00293352,-0.00281618,-2.4649,-59.1573,-0.00281618,-2.4649,-2.4649,-2.4649,-4.3136,-4.3136,-59.1573,-0.00281618,-16.0218,-14.4684,-45.6004,-47.1538,-0.00217080,-0.00224475,-0.00011734,16.8454,14.9860,-0.0494,-0.6419,-0.0525,218.8151,12.9896,13.0801,17.0694,10.3857,11.0045,21.0062,31.5093,42.0124,42.1647,10.5412,0.0,3.81775,3.831594,1.530778,30,171,130,2,0.04358735,-0.00293352,0.13859161,0E-8,0.000000,0.889618,0.000000,-0.14797496,2026-03-22,2026-08-05,96,1173,774,137,0.700730,0.766291,0.776478,0.145291,,,,,,,,GLOBAL_BASELINE_NO_ENTITY_RANKING,,,NOT_APPLICABLE_GLOBAL_BASELINE,HF9g-P5,,,,X 全窗基线 · 不参与实体赏罚,3927241,393,A168_HF9F_20260827_0900,2026-08-27 09:00:00
2026-05-27,91797317,1399,0,21.0061968281,21.0061968281,21.0061968281,1.0000000,1,1,0.49324550000000000,0.493245500000,1.01360149184955,1.01360149184955,1.01360149184955,0E-17,ELIGIBLE,R03b_20260811_FULL_v1,L1_ELIGIBILITY,v2026-08-11,2026-03-21..2026-08-06,baccarat_bet02_101_all_pairs_incl_sentinel,round_win = game_pnl > 0 (decisive only),COMPATIBILITY_ONLY_NOT_PRODUCTION,21006.2458,18687.5319,-61.6222,1247,1247,0.00293352,-0.13859161,0.00938335,0.00293352,61.6222,21006.2458,OK,0.0000,-2.4649,4.0000,96.0000,AG03-UNRESOLVED,ALL5_LEVELS_bet23_to_bet27,-2.4649,-2.4649,-2.4649,-4.3136,-4.3136,4.000000,4.000000,4.000000,7.000000,7.000000,96.000000,96.000000,96.000000,93.000000,93.000000,5.0,-16.0218,-14.4684,-45.6004,-47.1538,PENDING_AG03,FALSE,NOT_FOR_ENFORCEMENT,-59.1573,17940.0307,-61.6222,-59.1573,-2.4649,-0.00293352,-0.00281618,-2.4649,-59.1573,-0.00281618,-2.4649,-2.4649,-2.4649,-4.3136,-4.3136,-59.1573,-0.00281618,-16.0218,-14.4684,-45.6004,-47.1538,-0.00217080,-0.00224475,-0.00011734,16.8454,14.9860,-0.0494,-0.6419,-0.0525,218.8151,12.9896,13.0801,17.0694,10.3857,11.0045,21.0062,31.5093,42.0124,42.1647,10.5412,0.0,3.81775,3.831594,1.530778,30,171,130,2,0.04358735,-0.00293352,0.13859161,0E-8,0.000000,0.889618,0.000000,-0.14797496,2026-03-22,2026-08-05,96,1173,774,137,0.700730,0.766291,0.776478,0.145291,,,,,,,,GLOBAL_BASELINE_NO_ENTITY_RANKING,,,NOT_APPLICABLE_GLOBAL_BASELINE,HF9g-P5,,,,X 全窗基线 · 不参与实体赏罚,3927242,393,A168_HF9F_20260827_0900,2026-08-27 09:00:00
2026-05-27,91797317,1400,0,31.5092952421,0E-10,0E-10,,1,1,0.49324550000000000,0.493245500000,,,,0E-17,NO_DECISIVE_ROUND,R03b_20260811_FULL_v1,L1_ELIGIBILITY,v2026-08-11,2026-03-21..2026-08-06,baccarat_bet02_101_all_pairs_incl_sentinel,round_win = game_pnl > 0 (decisive only),COMPATIBILITY_ONLY_NOT_PRODUCTION,21006.2458,18687.5319,-61.6222,1247,1247,0.00293352,-0.13859161,0.00938335,0.00293352,61.6222,21006.2458,OK,0.0000,-2.4649,4.0000,96.0000,AG03-UNRESOLVED,ALL5_LEVELS_bet23_to_bet27,-2.4649,-2.4649,-2.4649,-4.3136,-4.3136,4.000000,4.000000,4.000000,7.000000,7.000000,96.000000,96.000000,96.000000,93.000000,93.000000,5.0,-16.0218,-14.4684,-45.6004,-47.1538,PENDING_AG03,FALSE,NOT_FOR_ENFORCEMENT,-59.1573,17940.0307,-61.6222,-59.1573,-2.4649,-0.00293352,-0.00281618,-2.4649,-59.1573,-0.00281618,-2.4649,-2.4649,-2.4649,-4.3136,-4.3136,-59.1573,-0.00281618,-16.0218,-14.4684,-45.6004,-47.1538,-0.00217080,-0.00224475,-0.00011734,16.8454,14.9860,-0.0494,-0.6419,-0.0525,218.8151,12.9896,13.0801,17.0694,10.3857,11.0045,21.0062,31.5093,42.0124,42.1647,10.5412,0.0,3.81775,3.831594,1.530778,30,171,130,2,0.04358735,-0.00293352,0.13859161,0E-8,0.000000,0.889618,0.000000,-0.14797496,2026-03-22,2026-08-05,96,1173,774,137,0.700730,0.766291,0.776478,0.145291,,,,,,,,GLOBAL_BASELINE_NO_ENTITY_RANKING,,,NOT_APPLICABLE_GLOBAL_BASELINE,HF9g-P5,,,,X 全窗基线 · 不参与实体赏罚,3927243,393,A168_HF9F_20260827_0900,2026-08-27 09:00:00
2026-05-27,91797317,1401,0,6.3018590484,-6.3018590484,-6.3018590484,0E-7,1,1,0.49324550000000000,0.493245500000,-0.9865810262130424,-0.9865810262130424,-0.9865810262130424,0E-17,ELIGIBLE,R03b_20260811_FULL_v1,L1_ELIGIBILITY,v2026-08-11,2026-03-21..2026-08-06,baccarat_bet02_101_all_pairs_incl_sentinel,round_win = game_pnl > 0 (decisive only),COMPATIBILITY_ONLY_NOT_PRODUCTION,21006.2458,18687.5319,-61.6222,1247,1247,0.00293352,-0.13859161,0.00938335,0.00293352,61.6222,21006.2458,OK,0.0000,-2.4649,4.0000,96.0000,AG03-UNRESOLVED,ALL5_LEVELS_bet23_to_bet27,-2.4649,-2.4649,-2.4649,-4.3136,-4.3136,4.000000,4.000000,4.000000,7.000000,7.000000,96.000000,96.000000,96.000000,93.000000,93.000000,5.0,-16.0218,-14.4684,-45.6004,-47.1538,PENDING_AG03,FALSE,NOT_FOR_ENFORCEMENT,-59.1573,17940.0307,-61.6222,-59.1573,-2.4649,-0.00293352,-0.00281618,-2.4649,-59.1573,-0.00281618,-2.4649,-2.4649,-2.4649,-4.3136,-4.3136,-59.1573,-0.00281618,-16.0218,-14.4684,-45.6004,-47.1538,-0.00217080,-0.00224475,-0.00011734,16.8454,14.9860,-0.0494,-0.6419,-0.0525,218.8151,12.9896,13.0801,17.0694,10.3857,11.0045,21.0062,31.5093,42.0124,42.1647,10.5412,0.0,3.81775,3.831594,1.530778,30,171,130,2,0.04358735,-0.00293352,0.13859161,0E-8,0.000000,0.889618,0.000000,-0.14797496,2026-03-22,2026-08-05,96,1173,774,137,0.700730,0.766291,0.776478,0.145291,,,,,,,,GLOBAL_BASELINE_NO_ENTITY_RANKING,,,NOT_APPLICABLE_GLOBAL_BASELINE,HF9g-P5,,,,X 全窗基线 · 不参与实体赏罚,3927244,393,A168_HF9F_20260827_0900,2026-08-27 09:00:00
2026-05-27,91797317,1654,0,29.4086755593,-8.4024787313,-8.4024787313,0.5000000,2,2,0.49324550000000000,0.493245500000,0.01910635448239258,0.01910635448239258,0.01910635448239258,0E-17,ELIGIBLE,R03b_20260811_FULL_v1,L1_ELIGIBILITY,v2026-08-11,2026-03-21..2026-08-06,baccarat_bet02_101_all_pairs_incl_sentinel,round_win = game_pnl > 0 (decisive only),COMPATIBILITY_ONLY_NOT_PRODUCTION,21006.2458,18687.5319,-61.6222,1247,1247,0.00293352,-0.13859161,0.00938335,0.00293352,61.6222,21006.2458,OK,0.0000,-2.4649,4.0000,96.0000,AG03-UNRESOLVED,ALL5_LEVELS_bet23_to_bet27,-2.4649,-2.4649,-2.4649,-4.3136,-4.3136,4.000000,4.000000,4.000000,7.000000,7.000000,96.000000,96.000000,96.000000,93.000000,93.000000,5.0,-16.0218,-14.4684,-45.6004,-47.1538,PENDING_AG03,FALSE,NOT_FOR_ENFORCEMENT,-59.1573,17940.0307,-61.6222,-59.1573,-2.4649,-0.00293352,-0.00281618,-2.4649,-59.1573,-0.00281618,-2.4649,-2.4649,-2.4649,-4.3136,-4.3136,-59.1573,-0.00281618,-16.0218,-14.4684,-45.6004,-47.1538,-0.00217080,-0.00224475,-0.00011734,16.8454,14.9860,-0.0494,-0.6419,-0.0525,218.8151,12.9896,13.0801,17.0694,10.3857,11.0045,21.0062,31.5093,42.0124,42.1647,10.5412,0.0,3.81775,3.831594,1.530778,30,171,130,2,0.04358735,-0.00293352,0.13859161,0E-8,0.000000,0.889618,0.000000,-0.14797496,2026-03-22,2026-08-05,96,1173,774,137,0.700730,0.766291,0.776478,0.145291,,,,,,,,GLOBAL_BASELINE_NO_ENTITY_RANKING,,,NOT_APPLICABLE_GLOBAL_BASELINE,HF9g-P5,,,,X 全窗基线 · 不参与实体赏罚,3927245,393,A168_HF9F_20260827_0900,2026-08-27 09:00:00
2026-05-27,91797317,1714,0,21.0061968281,-21.0061968281,-21.0061968281,0E-7,1,1,0.49324550000000000,0.493245500000,-0.9865810262130424,-0.9865810262130424,-0.9865810262130424,0E-17,ELIGIBLE,R03b_20260811_FULL_v1,L1_ELIGIBILITY,v2026-08-11,2026-03-21..2026-08-06,baccarat_bet02_101_all_pairs_incl_sentinel,round_win = game_pnl > 0 (decisive only),COMPATIBILITY_ONLY_NOT_PRODUCTION,21006.2458,18687.5319,-61.6222,1247,1247,0.00293352,-0.13859161,0.00938335,0.00293352,61.6222,21006.2458,OK,0.0000,-2.4649,4.0000,96.0000,AG03-UNRESOLVED,ALL5_LEVELS_bet23_to_bet27,-2.4649,-2.4649,-2.4649,-4.3136,-4.3136,4.000000,4.000000,4.000000,7.000000,7.000000,96.000000,96.000000,96.000000,93.000000,93.000000,5.0,-16.0218,-14.4684,-45.6004,-47.1538,PENDING_AG03,FALSE,NOT_FOR_ENFORCEMENT,-59.1573,17940.0307,-61.6222,-59.1573,-2.4649,-0.00293352,-0.00281618,-2.4649,-59.1573,-0.00281618,-2.4649,-2.4649,-2.4649,-4.3136,-4.3136,-59.1573,-0.00281618,-16.0218,-14.4684,-45.6004,-47.1538,-0.00217080,-0.00224475,-0.00011734,16.8454,14.9860,-0.0494,-0.6419,-0.0525,218.8151,12.9896,13.0801,17.0694,10.3857,11.0045,21.0062,31.5093,42.0124,42.1647,10.5412,0.0,3.81775,3.831594,1.530778,30,171,130,2,0.04358735,-0.00293352,0.13859161,0E-8,0.000000,0.889618,0.000000,-0.14797496,2026-03-22,2026-08-05,96,1173,774,137,0.700730,0.766291,0.776478,0.145291,,,,,,,,GLOBAL_BASELINE_NO_ENTITY_RANKING,,,NOT_APPLICABLE_GLOBAL_BASELINE,HF9g-P5,,,,X 全窗基线 · 不参与实体赏罚,3927246,393,A168_HF9F_20260827_0900,2026-08-27 09:00:00
2026-05-27,91797317,1940,0,6.3018590484,-6.3018590484,-6.3018590484,0E-7,1,1,0.49324550000000000,0.493245500000,-0.9865810262130424,-0.9865810262130424,-0.9865810262130424,0E-17,ELIGIBLE,R03b_20260811_FULL_v1,L1_ELIGIBILITY,v2026-08-11,2026-03-21..2026-08-06,baccarat_bet02_101_all_pairs_incl_sentinel,round_win = game_pnl > 0 (decisive only),COMPATIBILITY_ONLY_NOT_PRODUCTION,21006.2458,18687.5319,-61.6222,1247,1247,0.00293352,-0.13859161,0.00938335,0.00293352,61.6222,21006.2458,OK,0.0000,-2.4649,4.0000,96.0000,AG03-UNRESOLVED,ALL5_LEVELS_bet23_to_bet27,-2.4649,-2.4649,-2.4649,-4.3136,-4.3136,4.000000,4.000000,4.000000,7.000000,7.000000,96.000000,96.000000,96.000000,93.000000,93.000000,5.0,-16.0218,-14.4684,-45.6004,-47.1538,PENDING_AG03,FALSE,NOT_FOR_ENFORCEMENT,-59.1573,17940.0307,-61.6222,-59.1573,-2.4649,-0.00293352,-0.00281618,-2.4649,-59.1573,-0.00281618,-2.4649,-2.4649,-2.4649,-4.3136,-4.3136,-59.1573,-0.00281618,-16.0218,-14.4684,-45.6004,-47.1538,-0.00217080,-0.00224475,-0.00011734,16.8454,14.9860,-0.0494,-0.6419,-0.0525,218.8151,12.9896,13.0801,17.0694,10.3857,11.0045,21.0062,31.5093,42.0124,42.1647,10.5412,0.0,3.81775,3.831594,1.530778,30,171,130,2,0.04358735,-0.00293352,0.13859161,0E-8,0.000000,0.889618,0.000000,-0.14797496,2026-03-22,2026-08-05,96,1173,774,137,0.700730,0.766291,0.776478,0.145291,,,,,,,,GLOBAL_BASELINE_NO_ENTITY_RANKING,,,NOT_APPLICABLE_GLOBAL_BASELINE,HF9g-P5,,,,X 全窗基线 · 不参与实体赏罚,3927247,393,A168_HF9F_20260827_0900,2026-08-27 09:00:00
2026-05-27,91797317,2078,0,42.0123936561,42.0123936561,42.0123936561,1.0000000,1,1,0.49324550000000000,0.493245500000,1.01360149184955,1.01360149184955,1.01360149184955,0E-17,ELIGIBLE,R03b_20260811_FULL_v1,L1_ELIGIBILITY,v2026-08-11,2026-03-21..2026-08-06,baccarat_bet02_101_all_pairs_incl_sentinel,round_win = game_pnl > 0 (decisive only),COMPATIBILITY_ONLY_NOT_PRODUCTION,21006.2458,18687.5319,-61.6222,1247,1247,0.00293352,-0.13859161,0.00938335,0.00293352,61.6222,21006.2458,OK,0.0000,-2.4649,4.0000,96.0000,AG03-UNRESOLVED,ALL5_LEVELS_bet23_to_bet27,-2.4649,-2.4649,-2.4649,-4.3136,-4.3136,4.000000,4.000000,4.000000,7.000000,7.000000,96.000000,96.000000,96.000000,93.000000,93.000000,5.0,-16.0218,-14.4684,-45.6004,-47.1538,PENDING_AG03,FALSE,NOT_FOR_ENFORCEMENT,-59.1573,17940.0307,-61.6222,-59.1573,-2.4649,-0.00293352,-0.00281618,-2.4649,-59.1573,-0.00281618,-2.4649,-2.4649,-2.4649,-4.3136,-4.3136,-59.1573,-0.00281618,-16.0218,-14.4684,-45.6004,-47.1538,-0.00217080,-0.00224475,-0.00011734,16.8454,14.9860,-0.0494,-0.6419,-0.0525,218.8151,12.9896,13.0801,17.0694,10.3857,11.0045,21.0062,31.5093,42.0124,42.1647,10.5412,0.0,3.81775,3.831594,1.530778,30,171,130,2,0.04358735,-0.00293352,0.13859161,0E-8,0.000000,0.889618,0.000000,-0.14797496,2026-03-22,2026-08-05,96,1173,774,137,0.700730,0.766291,0.776478,0.145291,,,,,,,,GLOBAL_BASELINE_NO_ENTITY_RANKING,,,NOT_APPLICABLE_GLOBAL_BASELINE,HF9g-P5,,,,X 全窗基线 · 不参与实体赏罚,3927248,393,A168_HF9F_20260827_0900,2026-08-27 09:00:00
2026-05-27,91797317,2108,0,6.3018590484,6.3018590484,6.3018590484,1.0000000,1,1,0.49324550000000000,0.493245500000,1.01360149184955,1.01360149184955,1.01360149184955,0E-17,ELIGIBLE,R03b_20260811_FULL_v1,L1_ELIGIBILITY,v2026-08-11,2026-03-21..2026-08-06,baccarat_bet02_101_all_pairs_incl_sentinel,round_win = game_pnl > 0 (decisive only),COMPATIBILITY_ONLY_NOT_PRODUCTION,21006.2458,18687.5319,-61.6222,1247,1247,0.00293352,-0.13859161,0.00938335,0.00293352,61.6222,21006.2458,OK,0.0000,-2.4649,4.0000,96.0000,AG03-UNRESOLVED,ALL5_LEVELS_bet23_to_bet27,-2.4649,-2.4649,-2.4649,-4.3136,-4.3136,4.000000,4.000000,4.000000,7.000000,7.000000,96.000000,96.000000,96.000000,93.000000,93.000000,5.0,-16.0218,-14.4684,-45.6004,-47.1538,PENDING_AG03,FALSE,NOT_FOR_ENFORCEMENT,-59.1573,17940.0307,-61.6222,-59.1573,-2.4649,-0.00293352,-0.00281618,-2.4649,-59.1573,-0.00281618,-2.4649,-2.4649,-2.4649,-4.3136,-4.3136,-59.1573,-0.00281618,-16.0218,-14.4684,-45.6004,-47.1538,-0.00217080,-0.00224475,-0.00011734,16.8454,14.9860,-0.0494,-0.6419,-0.0525,218.8151,12.9896,13.0801,17.0694,10.3857,11.0045,21.0062,31.5093,42.0124,42.1647,10.5412,0.0,3.81775,3.831594,1.530778,30,171,130,2,0.04358735,-0.00293352,0.13859161,0E-8,0.000000,0.889618,0.000000,-0.14797496,2026-03-22,2026-08-05,96,1173,774,137,0.700730,0.766291,0.776478,0.145291,,,,,,,,GLOBAL_BASELINE_NO_ENTITY_RANKING,,,NOT_APPLICABLE_GLOBAL_BASELINE,HF9g-P5,,,,X 全窗基线 · 不参与实体赏罚,3927249,393,A168_HF9F_20260827_0900,2026-08-27 09:00:00
2026-05-27,91797317,2121,0,6.3018590484,-6.3018590484,-6.3018590484,0E-7,1,1,0.49324550000000000,0.493245500000,-0.9865810262130424,-0.9865810262130424,-0.9865810262130424,0E-17,ELIGIBLE,R03b_20260811_FULL_v1,L1_ELIGIBILITY,v2026-08-11,2026-03-21..2026-08-06,baccarat_bet02_101_all_pairs_incl_sentinel,round_win = game_pnl > 0 (decisive only),COMPATIBILITY_ONLY_NOT_PRODUCTION,21006.2458,18687.5319,-61.6222,1247,1247,0.00293352,-0.13859161,0.00938335,0.00293352,61.6222,21006.2458,OK,0.0000,-2.4649,4.0000,96.0000,AG03-UNRESOLVED,ALL5_LEVELS_bet23_to_bet27,-2.4649,-2.4649,-2.4649,-4.3136,-4.3136,4.000000,4.000000,4.000000,7.000000,7.000000,96.000000,96.000000,96.000000,93.000000,93.000000,5.0,-16.0218,-14.4684,-45.6004,-47.1538,PENDING_AG03,FALSE,NOT_FOR_ENFORCEMENT,-59.1573,17940.0307,-61.6222,-59.1573,-2.4649,-0.00293352,-0.00281618,-2.4649,-59.1573,-0.00281618,-2.4649,-2.4649,-2.4649,-4.3136,-4.3136,-59.1573,-0.00281618,-16.0218,-14.4684,-45.6004,-47.1538,-0.00217080,-0.00224475,-0.00011734,16.8454,14.9860,-0.0494,-0.6419,-0.0525,218.8151,12.9896,13.0801,17.0694,10.3857,11.0045,21.0062,31.5093,42.0124,42.1647,10.5412,0.0,3.81775,3.831594,1.530778,30,171,130,2,0.04358735,-0.00293352,0.13859161,0E-8,0.000000,0.889618,0.000000,-0.14797496,2026-03-22,2026-08-05,96,1173,774,137,0.700730,0.766291,0.776478,0.145291,,,,,,,,GLOBAL_BASELINE_NO_ENTITY_RANKING,,,NOT_APPLICABLE_GLOBAL_BASELINE,HF9g-P5,,,,X 全窗基线 · 不参与实体赏罚,3927250,393,A168_HF9F_20260827_0900,2026-08-27 09:00:00
2026-05-27,91797317,2134,0,42.0123936561,-42.0123936561,-42.0123936561,0E-7,1,1,0.49324550000000000,0.493245500000,-0.9865810262130424,-0.9865810262130424,-0.9865810262130424,0E-17,ELIGIBLE,R03b_20260811_FULL_v1,L1_ELIGIBILITY,v2026-08-11,2026-03-21..2026-08-06,baccarat_bet02_101_all_pairs_incl_sentinel,round_win = game_pnl > 0 (decisive only),COMPATIBILITY_ONLY_NOT_PRODUCTION,21006.2458,18687.5319,-61.6222,1247,1247,0.00293352,-0.13859161,0.00938335,0.00293352,61.6222,21006.2458,OK,0.0000,-2.4649,4.0000,96.0000,AG03-UNRESOLVED,ALL5_LEVELS_bet23_to_bet27,-2.4649,-2.4649,-2.4649,-4.3136,-4.3136,4.000000,4.000000,4.000000,7.000000,7.000000,96.000000,96.000000,96.000000,93.000000,93.000000,5.0,-16.0218,-14.4684,-45.6004,-47.1538,PENDING_AG03,FALSE,NOT_FOR_ENFORCEMENT,-59.1573,17940.0307,-61.6222,-59.1573,-2.4649,-0.00293352,-0.00281618,-2.4649,-59.1573,-0.00281618,-2.4649,-2.4649,-2.4649,-4.3136,-4.3136,-59.1573,-0.00281618,-16.0218,-14.4684,-45.6004,-47.1538,-0.00217080,-0.00224475,-0.00011734,16.8454,14.9860,-0.0494,-0.6419,-0.0525,218.8151,12.9896,13.0801,17.0694,10.3857,11.0045,21.0062,31.5093,42.0124,42.1647,10.5412,0.0,3.81775,3.831594,1.530778,30,171,130,2,0.04358735,-0.00293352,0.13859161,0E-8,0.000000,0.889618,0.000000,-0.14797496,2026-03-22,2026-08-05,96,1173,774,137,0.700730,0.766291,0.776478,0.145291,,,,,,,,GLOBAL_BASELINE_NO_ENTITY_RANKING,,,NOT_APPLICABLE_GLOBAL_BASELINE,HF9g-P5,,,,X 全窗基线 · 不参与实体赏罚,3927251,393,A168_HF9F_20260827_0900,2026-08-27 09:00:00
2026-05-27,91797317,2160,0,21.0061968281,21.0061968281,21.0061968281,1.0000000,1,1,0.49324550000000000,0.493245500000,1.01360149184955,1.01360149184955,1.01360149184955,0E-17,ELIGIBLE,R03b_20260811_FULL_v1,L1_ELIGIBILITY,v2026-08-11,2026-03-21..2026-08-06,baccarat_bet02_101_all_pairs_incl_sentinel,round_win = game_pnl > 0 (decisive only),COMPATIBILITY_ONLY_NOT_PRODUCTION,21006.2458,18687.5319,-61.6222,1247,1247,0.00293352,-0.13859161,0.00938335,0.00293352,61.6222,21006.2458,OK,0.0000,-2.4649,4.0000,96.0000,AG03-UNRESOLVED,ALL5_LEVELS_bet23_to_bet27,-2.4649,-2.4649,-2.4649,-4.3136,-4.3136,4.000000,4.000000,4.000000,7.000000,7.000000,96.000000,96.000000,96.000000,93.000000,93.000000,5.0,-16.0218,-14.4684,-45.6004,-47.1538,PENDING_AG03,FALSE,NOT_FOR_ENFORCEMENT,-59.1573,17940.0307,-61.6222,-59.1573,-2.4649,-0.00293352,-0.00281618,-2.4649,-59.1573,-0.00281618,-2.4649,-2.4649,-2.4649,-4.3136,-4.3136,-59.1573,-0.00281618,-16.0218,-14.4684,-45.6004,-47.1538,-0.00217080,-0.00224475,-0.00011734,16.8454,14.9860,-0.0494,-0.6419,-0.0525,218.8151,12.9896,13.0801,17.0694,10.3857,11.0045,21.0062,31.5093,42.0124,42.1647,10.5412,0.0,3.81775,3.831594,1.530778,30,171,130,2,0.04358735,-0.00293352,0.13859161,0E-8,0.000000,0.889618,0.000000,-0.14797496,2026-03-22,2026-08-05,96,1173,774,137,0.700730,0.766291,0.776478,0.145291,,,,,,,,GLOBAL_BASELINE_NO_ENTITY_RANKING,,,NOT_APPLICABLE_GLOBAL_BASELINE,HF9g-P5,,,,X 全窗基线 · 不参与实体赏罚,3927252,393,A168_HF9F_20260827_0900,2026-08-27 09:00:00
2026-05-27,91797317,2167,0,10.5030984140,10.5030984140,10.5030984140,1.0000000,1,1,0.49324550000000000,0.493245500000,1.01360149184955,1.01360149184955,1.01360149184955,0E-17,ELIGIBLE,R03b_20260811_FULL_v1,L1_ELIGIBILITY,v2026-08-11,2026-03-21..2026-08-06,baccarat_bet02_101_all_pairs_incl_sentinel,round_win = game_pnl > 0 (decisive only),COMPATIBILITY_ONLY_NOT_PRODUCTION,21006.2458,18687.5319,-61.6222,1247,1247,0.00293352,-0.13859161,0.00938335,0.00293352,61.6222,21006.2458,OK,0.0000,-2.4649,4.0000,96.0000,AG03-UNRESOLVED,ALL5_LEVELS_bet23_to_bet27,-2.4649,-2.4649,-2.4649,-4.3136,-4.3136,4.000000,4.000000,4.000000,7.000000,7.000000,96.000000,96.000000,96.000000,93.000000,93.000000,5.0,-16.0218,-14.4684,-45.6004,-47.1538,PENDING_AG03,FALSE,NOT_FOR_ENFORCEMENT,-59.1573,17940.0307,-61.6222,-59.1573,-2.4649,-0.00293352,-0.00281618,-2.4649,-59.1573,-0.00281618,-2.4649,-2.4649,-2.4649,-4.3136,-4.3136,-59.1573,-0.00281618,-16.0218,-14.4684,-45.6004,-47.1538,-0.00217080,-0.00224475,-0.00011734,16.8454,14.9860,-0.0494,-0.6419,-0.0525,218.8151,12.9896,13.0801,17.0694,10.3857,11.0045,21.0062,31.5093,42.0124,42.1647,10.5412,0.0,3.81775,3.831594,1.530778,30,171,130,2,0.04358735,-0.00293352,0.13859161,0E-8,0.000000,0.889618,0.000000,-0.14797496,2026-03-22,2026-08-05,96,1173,774,137,0.700730,0.766291,0.776478,0.145291,,,,,,,,GLOBAL_BASELINE_NO_ENTITY_RANKING,,,NOT_APPLICABLE_GLOBAL_BASELINE,HF9g-P5,,,,X 全窗基线 · 不参与实体赏罚,3927253,393,A168_HF9F_20260827_0900,2026-08-27 09:00:00
2026-05-27,91797317,2170,0,31.5092952421,-31.5092952421,-31.5092952421,0E-7,2,2,0.49324550000000000,0.493245500000,-1.3952362676504506,-1.3952362676504506,-1.3952362676504506,0E-17,ELIGIBLE,R03b_20260811_FULL_v1,L1_ELIGIBILITY,v2026-08-11,2026-03-21..2026-08-06,baccarat_bet02_101_all_pairs_incl_sentinel,round_win = game_pnl > 0 (decisive only),COMPATIBILITY_ONLY_NOT_PRODUCTION,21006.2458,18687.5319,-61.6222,1247,1247,0.00293352,-0.13859161,0.00938335,0.00293352,61.6222,21006.2458,OK,0.0000,-2.4649,4.0000,96.0000,AG03-UNRESOLVED,ALL5_LEVELS_bet23_to_bet27,-2.4649,-2.4649,-2.4649,-4.3136,-4.3136,4.000000,4.000000,4.000000,7.000000,7.000000,96.000000,96.000000,96.000000,93.000000,93.000000,5.0,-16.0218,-14.4684,-45.6004,-47.1538,PENDING_AG03,FALSE,NOT_FOR_ENFORCEMENT,-59.1573,17940.0307,-61.6222,-59.1573,-2.4649,-0.00293352,-0.00281618,-2.4649,-59.1573,-0.00281618,-2.4649,-2.4649,-2.4649,-4.3136,-4.3136,-59.1573,-0.00281618,-16.0218,-14.4684,-45.6004,-47.1538,-0.00217080,-0.00224475,-0.00011734,16.8454,14.9860,-0.0494,-0.6419,-0.0525,218.8151,12.9896,13.0801,17.0694,10.3857,11.0045,21.0062,31.5093,42.0124,42.1647,10.5412,0.0,3.81775,3.831594,1.530778,30,171,130,2,0.04358735,-0.00293352,0.13859161,0E-8,0.000000,0.889618,0.000000,-0.14797496,2026-03-22,2026-08-05,96,1173,774,137,0.700730,0.766291,0.776478,0.145291,,,,,,,,GLOBAL_BASELINE_NO_ENTITY_RANKING,,,NOT_APPLICABLE_GLOBAL_BASELINE,HF9g-P5,,,,X 全窗基线 · 不参与实体赏罚,3927254,393,A168_HF9F_20260827_0900,2026-08-27 09:00:00
2026-05-27,91797317,2188,0,21.0061968281,21.0061968281,21.0061968281,1.0000000,1,1,0.49324550000000000,0.493245500000,1.01360149184955,1.01360149184955,1.01360149184955,0E-17,ELIGIBLE,R03b_20260811_FULL_v1,L1_ELIGIBILITY,v2026-08-11,2026-03-21..2026-08-06,baccarat_bet02_101_all_pairs_incl_sentinel,round_win = game_pnl > 0 (decisive only),COMPATIBILITY_ONLY_NOT_PRODUCTION,21006.2458,18687.5319,-61.6222,1247,1247,0.00293352,-0.13859161,0.00938335,0.00293352,61.6222,21006.2458,OK,0.0000,-2.4649,4.0000,96.0000,AG03-UNRESOLVED,ALL5_LEVELS_bet23_to_bet27,-2.4649,-2.4649,-2.4649,-4.3136,-4.3136,4.000000,4.000000,4.000000,7.000000,7.000000,96.000000,96.000000,96.000000,93.000000,93.000000,5.0,-16.0218,-14.4684,-45.6004,-47.1538,PENDING_AG03,FALSE,NOT_FOR_ENFORCEMENT,-59.1573,17940.0307,-61.6222,-59.1573,-2.4649,-0.00293352,-0.00281618,-2.4649,-59.1573,-0.00281618,-2.4649,-2.4649,-2.4649,-4.3136,-4.3136,-59.1573,-0.00281618,-16.0218,-14.4684,-45.6004,-47.1538,-0.00217080,-0.00224475,-0.00011734,16.8454,14.9860,-0.0494,-0.6419,-0.0525,218.8151,12.9896,13.0801,17.0694,10.3857,11.0045,21.0062,31.5093,42.0124,42.1647,10.5412,0.0,3.81775,3.831594,1.530778,30,171,130,2,0.04358735,-0.00293352,0.13859161,0E-8,0.000000,0.889618,0.000000,-0.14797496,2026-03-22,2026-08-05,96,1173,774,137,0.700730,0.766291,0.776478,0.145291,,,,,,,,GLOBAL_BASELINE_NO_ENTITY_RANKING,,,NOT_APPLICABLE_GLOBAL_BASELINE,HF9g-P5,,,,X 全窗基线 · 不参与实体赏罚,3927255,393,A168_HF9F_20260827_0900,2026-08-27 09:00:00
2026-05-27,91797317,2196,0,21.0061968280,21.0061968280,21.0061968280,1.0000000,2,2,0.49324550000000000,0.493245500000,1.4334489766152358,1.4334489766152358,1.4334489766152358,0E-17,ELIGIBLE,R03b_20260811_FULL_v1,L1_ELIGIBILITY,v2026-08-11,2026-03-21..2026-08-06,baccarat_bet02_101_all_pairs_incl_sentinel,round_win = game_pnl > 0 (decisive only),COMPATIBILITY_ONLY_NOT_PRODUCTION,21006.2458,18687.5319,-61.6222,1247,1247,0.00293352,-0.13859161,0.00938335,0.00293352,61.6222,21006.2458,OK,0.0000,-2.4649,4.0000,96.0000,AG03-UNRESOLVED,ALL5_LEVELS_bet23_to_bet27,-2.4649,-2.4649,-2.4649,-4.3136,-4.3136,4.000000,4.000000,4.000000,7.000000,7.000000,96.000000,96.000000,96.000000,93.000000,93.000000,5.0,-16.0218,-14.4684,-45.6004,-47.1538,PENDING_AG03,FALSE,NOT_FOR_ENFORCEMENT,-59.1573,17940.0307,-61.6222,-59.1573,-2.4649,-0.00293352,-0.00281618,-2.4649,-59.1573,-0.00281618,-2.4649,-2.4649,-2.4649,-4.3136,-4.3136,-59.1573,-0.00281618,-16.0218,-14.4684,-45.6004,-47.1538,-0.00217080,-0.00224475,-0.00011734,16.8454,14.9860,-0.0494,-0.6419,-0.0525,218.8151,12.9896,13.0801,17.0694,10.3857,11.0045,21.0062,31.5093,42.0124,42.1647,10.5412,0.0,3.81775,3.831594,1.530778,30,171,130,2,0.04358735,-0.00293352,0.13859161,0E-8,0.000000,0.889618,0.000000,-0.14797496,2026-03-22,2026-08-05,96,1173,774,137,0.700730,0.766291,0.776478,0.145291,,,,,,,,GLOBAL_BASELINE_NO_ENTITY_RANKING,,,NOT_APPLICABLE_GLOBAL_BASELINE,HF9g-P5,,,,X 全窗基线 · 不参与实体赏罚,3927256,393,A168_HF9F_20260827_0900,2026-08-27 09:00:00
2026-05-27,91797317,2218,0,21.0061968280,-21.0061968280,-21.0061968280,0E-7,2,2,0.49324550000000000,0.493245500000,-1.3952362676504506,-1.3952362676504506,-1.3952362676504506,0E-17,ELIGIBLE,R03b_20260811_FULL_v1,L1_ELIGIBILITY,v2026-08-11,2026-03-21..2026-08-06,baccarat_bet02_101_all_pairs_incl_sentinel,round_win = game_pnl > 0 (decisive only),COMPATIBILITY_ONLY_NOT_PRODUCTION,21006.2458,18687.5319,-61.6222,1247,1247,0.00293352,-0.13859161,0.00938335,0.00293352,61.6222,21006.2458,OK,0.0000,-2.4649,4.0000,96.0000,AG03-UNRESOLVED,ALL5_LEVELS_bet23_to_bet27,-2.4649,-2.4649,-2.4649,-4.3136,-4.3136,4.000000,4.000000,4.000000,7.000000,7.000000,96.000000,96.000000,96.000000,93.000000,93.000000,5.0,-16.0218,-14.4684,-45.6004,-47.1538,PENDING_AG03,FALSE,NOT_FOR_ENFORCEMENT,-59.1573,17940.0307,-61.6222,-59.1573,-2.4649,-0.00293352,-0.00281618,-2.4649,-59.1573,-0.00281618,-2.4649,-2.4649,-2.4649,-4.3136,-4.3136,-59.1573,-0.00281618,-16.0218,-14.4684,-45.6004,-47.1538,-0.00217080,-0.00224475,-0.00011734,16.8454,14.9860,-0.0494,-0.6419,-0.0525,218.8151,12.9896,13.0801,17.0694,10.3857,11.0045,21.0062,31.5093,42.0124,42.1647,10.5412,0.0,3.81775,3.831594,1.530778,30,171,130,2,0.04358735,-0.00293352,0.13859161,0E-8,0.000000,0.889618,0.000000,-0.14797496,2026-03-22,2026-08-05,96,1173,774,137,0.700730,0.766291,0.776478,0.145291,,,,,,,,GLOBAL_BASELINE_NO_ENTITY_RANKING,,,NOT_APPLICABLE_GLOBAL_BASELINE,HF9g-P5,,,,X 全窗基线 · 不参与实体赏罚,3927257,393,A168_HF9F_20260827_0900,2026-08-27 09:00:00
2026-05-27,91797317,2223,0,10.5030984140,0E-10,0E-10,,1,1,0.49324550000000000,0.493245500000,,,,0E-17,NO_DECISIVE_ROUND,R03b_20260811_FULL_v1,L1_ELIGIBILITY,v2026-08-11,2026-03-21..2026-08-06,baccarat_bet02_101_all_pairs_incl_sentinel,round_win = game_pnl > 0 (decisive only),COMPATIBILITY_ONLY_NOT_PRODUCTION,21006.2458,18687.5319,-61.6222,1247,1247,0.00293352,-0.13859161,0.00938335,0.00293352,61.6222,21006.2458,OK,0.0000,-2.4649,4.0000,96.0000,AG03-UNRESOLVED,ALL5_LEVELS_bet23_to_bet27,-2.4649,-2.4649,-2.4649,-4.3136,-4.3136,4.000000,4.000000,4.000000,7.000000,7.000000,96.000000,96.000000,96.000000,93.000000,93.000000,5.0,-16.0218,-14.4684,-45.6004,-47.1538,PENDING_AG03,FALSE,NOT_FOR_ENFORCEMENT,-59.1573,17940.0307,-61.6222,-59.1573,-2.4649,-0.00293352,-0.00281618,-2.4649,-59.1573,-0.00281618,-2.4649,-2.4649,-2.4649,-4.3136,-4.3136,-59.1573,-0.00281618,-16.0218,-14.4684,-45.6004,-47.1538,-0.00217080,-0.00224475,-0.00011734,16.8454,14.9860,-0.0494,-0.6419,-0.0525,218.8151,12.9896,13.0801,17.0694,10.3857,11.0045,21.0062,31.5093,42.0124,42.1647,10.5412,0.0,3.81775,3.831594,1.530778,30,171,130,2,0.04358735,-0.00293352,0.13859161,0E-8,0.000000,0.889618,0.000000,-0.14797496,2026-03-22,2026-08-05,96,1173,774,137,0.700730,0.766291,0.776478,0.145291,,,,,,,,GLOBAL_BASELINE_NO_ENTITY_RANKING,,,NOT_APPLICABLE_GLOBAL_BASELINE,HF9g-P5,,,,X 全窗基线 · 不参与实体赏罚,3927258,393,A168_HF9F_20260827_0900,2026-08-27 09:00:00
2026-05-27,91797317,2234,0,10.5030984140,-10.5030984140,-10.5030984140,0E-7,1,1,0.49324550000000000,0.493245500000,-0.9865810262130424,-0.9865810262130424,-0.9865810262130424,0E-17,ELIGIBLE,R03b_20260811_FULL_v1,L1_ELIGIBILITY,v2026-08-11,2026-03-21..2026-08-06,baccarat_bet02_101_all_pairs_incl_sentinel,round_win = game_pnl > 0 (decisive only),COMPATIBILITY_ONLY_NOT_PRODUCTION,21006.2458,18687.5319,-61.6222,1247,1247,0.00293352,-0.13859161,0.00938335,0.00293352,61.6222,21006.2458,OK,0.0000,-2.4649,4.0000,96.0000,AG03-UNRESOLVED,ALL5_LEVELS_bet23_to_bet27,-2.4649,-2.4649,-2.4649,-4.3136,-4.3136,4.000000,4.000000,4.000000,7.000000,7.000000,96.000000,96.000000,96.000000,93.000000,93.000000,5.0,-16.0218,-14.4684,-45.6004,-47.1538,PENDING_AG03,FALSE,NOT_FOR_ENFORCEMENT,-59.1573,17940.0307,-61.6222,-59.1573,-2.4649,-0.00293352,-0.00281618,-2.4649,-59.1573,-0.00281618,-2.4649,-2.4649,-2.4649,-4.3136,-4.3136,-59.1573,-0.00281618,-16.0218,-14.4684,-45.6004,-47.1538,-0.00217080,-0.00224475,-0.00011734,16.8454,14.9860,-0.0494,-0.6419,-0.0525,218.8151,12.9896,13.0801,17.0694,10.3857,11.0045,21.0062,31.5093,42.0124,42.1647,10.5412,0.0,3.81775,3.831594,1.530778,30,171,130,2,0.04358735,-0.00293352,0.13859161,0E-8,0.000000,0.889618,0.000000,-0.14797496,2026-03-22,2026-08-05,96,1173,774,137,0.700730,0.766291,0.776478,0.145291,,,,,,,,GLOBAL_BASELINE_NO_ENTITY_RANKING,,,NOT_APPLICABLE_GLOBAL_BASELINE,HF9g-P5,,,,X 全窗基线 · 不参与实体赏罚,3927259,393,A168_HF9F_20260827_0900,2026-08-27 09:00:00
2026-05-27,91797317,2235,0,31.5092952421,-31.5092952421,-31.5092952421,0E-7,2,2,0.49324550000000000,0.493245500000,-1.3952362676504506,-1.3952362676504506,-1.3952362676504506,0E-17,ELIGIBLE,R03b_20260811_FULL_v1,L1_ELIGIBILITY,v2026-08-11,2026-03-21..2026-08-06,baccarat_bet02_101_all_pairs_incl_sentinel,round_win = game_pnl > 0 (decisive only),COMPATIBILITY_ONLY_NOT_PRODUCTION,21006.2458,18687.5319,-61.6222,1247,1247,0.00293352,-0.13859161,0.00938335,0.00293352,61.6222,21006.2458,OK,0.0000,-2.4649,4.0000,96.0000,AG03-UNRESOLVED,ALL5_LEVELS_bet23_to_bet27,-2.4649,-2.4649,-2.4649,-4.3136,-4.3136,4.000000,4.000000,4.000000,7.000000,7.000000,96.000000,96.000000,96.000000,93.000000,93.000000,5.0,-16.0218,-14.4684,-45.6004,-47.1538,PENDING_AG03,FALSE,NOT_FOR_ENFORCEMENT,-59.1573,17940.0307,-61.6222,-59.1573,-2.4649,-0.00293352,-0.00281618,-2.4649,-59.1573,-0.00281618,-2.4649,-2.4649,-2.4649,-4.3136,-4.3136,-59.1573,-0.00281618,-16.0218,-14.4684,-45.6004,-47.1538,-0.00217080,-0.00224475,-0.00011734,16.8454,14.9860,-0.0494,-0.6419,-0.0525,218.8151,12.9896,13.0801,17.0694,10.3857,11.0045,21.0062,31.5093,42.0124,42.1647,10.5412,0.0,3.81775,3.831594,1.530778,30,171,130,2,0.04358735,-0.00293352,0.13859161,0E-8,0.000000,0.889618,0.000000,-0.14797496,2026-03-22,2026-08-05,96,1173,774,137,0.700730,0.766291,0.776478,0.145291,,,,,,,,GLOBAL_BASELINE_NO_ENTITY_RANKING,,,NOT_APPLICABLE_GLOBAL_BASELINE,HF9g-P5,,,,X 全窗基线 · 不参与实体赏罚,3927260,393,A168_HF9F_20260827_0900,2026-08-27 09:00:00
2026-05-27,91797317,2244,0,42.0123936562,42.0123936562,42.0123936562,1.0000000,2,2,0.49324550000000000,0.493245500000,1.4334489766152358,1.4334489766152358,1.4334489766152358,0E-17,ELIGIBLE,R03b_20260811_FULL_v1,L1_ELIGIBILITY,v2026-08-11,2026-03-21..2026-08-06,baccarat_bet02_101_all_pairs_incl_sentinel,round_win = game_pnl > 0 (decisive only),COMPATIBILITY_ONLY_NOT_PRODUCTION,21006.2458,18687.5319,-61.6222,1247,1247,0.00293352,-0.13859161,0.00938335,0.00293352,61.6222,21006.2458,OK,0.0000,-2.4649,4.0000,96.0000,AG03-UNRESOLVED,ALL5_LEVELS_bet23_to_bet27,-2.4649,-2.4649,-2.4649,-4.3136,-4.3136,4.000000,4.000000,4.000000,7.000000,7.000000,96.000000,96.000000,96.000000,93.000000,93.000000,5.0,-16.0218,-14.4684,-45.6004,-47.1538,PENDING_AG03,FALSE,NOT_FOR_ENFORCEMENT,-59.1573,17940.0307,-61.6222,-59.1573,-2.4649,-0.00293352,-0.00281618,-2.4649,-59.1573,-0.00281618,-2.4649,-2.4649,-2.4649,-4.3136,-4.3136,-59.1573,-0.00281618,-16.0218,-14.4684,-45.6004,-47.1538,-0.00217080,-0.00224475,-0.00011734,16.8454,14.9860,-0.0494,-0.6419,-0.0525,218.8151,12.9896,13.0801,17.0694,10.3857,11.0045,21.0062,31.5093,42.0124,42.1647,10.5412,0.0,3.81775,3.831594,1.530778,30,171,130,2,0.04358735,-0.00293352,0.13859161,0E-8,0.000000,0.889618,0.000000,-0.14797496,2026-03-22,2026-08-05,96,1173,774,137,0.700730,0.766291,0.776478,0.145291,,,,,,,,GLOBAL_BASELINE_NO_ENTITY_RANKING,,,NOT_APPLICABLE_GLOBAL_BASELINE,HF9g-P5,,,,X 全窗基线 · 不参与实体赏罚,3927261,393,A168_HF9F_20260827_0900,2026-08-27 09:00:00
2026-05-27,91797317,2271,0,10.5030984140,-10.5030984140,-10.5030984140,0E-7,1,1,0.49324550000000000,0.493245500000,-0.9865810262130424,-0.9865810262130424,-0.9865810262130424,0E-17,ELIGIBLE,R03b_20260811_FULL_v1,L1_ELIGIBILITY,v2026-08-11,2026-03-21..2026-08-06,baccarat_bet02_101_all_pairs_incl_sentinel,round_win = game_pnl > 0 (decisive only),COMPATIBILITY_ONLY_NOT_PRODUCTION,21006.2458,18687.5319,-61.6222,1247,1247,0.00293352,-0.13859161,0.00938335,0.00293352,61.6222,21006.2458,OK,0.0000,-2.4649,4.0000,96.0000,AG03-UNRESOLVED,ALL5_LEVELS_bet23_to_bet27,-2.4649,-2.4649,-2.4649,-4.3136,-4.3136,4.000000,4.000000,4.000000,7.000000,7.000000,96.000000,96.000000,96.000000,93.000000,93.000000,5.0,-16.0218,-14.4684,-45.6004,-47.1538,PENDING_AG03,FALSE,NOT_FOR_ENFORCEMENT,-59.1573,17940.0307,-61.6222,-59.1573,-2.4649,-0.00293352,-0.00281618,-2.4649,-59.1573,-0.00281618,-2.4649,-2.4649,-2.4649,-4.3136,-4.3136,-59.1573,-0.00281618,-16.0218,-14.4684,-45.6004,-47.1538,-0.00217080,-0.00224475,-0.00011734,16.8454,14.9860,-0.0494,-0.6419,-0.0525,218.8151,12.9896,13.0801,17.0694,10.3857,11.0045,21.0062,31.5093,42.0124,42.1647,10.5412,0.0,3.81775,3.831594,1.530778,30,171,130,2,0.04358735,-0.00293352,0.13859161,0E-8,0.000000,0.889618,0.000000,-0.14797496,2026-03-22,2026-08-05,96,1173,774,137,0.700730,0.766291,0.776478,0.145291,,,,,,,,GLOBAL_BASELINE_NO_ENTITY_RANKING,,,NOT_APPLICABLE_GLOBAL_BASELINE,HF9g-P5,,,,X 全窗基线 · 不参与实体赏罚,3927262,393,A168_HF9F_20260827_0900,2026-08-27 09:00:00
2026-05-27,91797317,462,0,6.3018590484,-6.3018590484,-6.3018590484,0E-7,1,1,0.49324550000000000,0.493245500000,-0.9865810262130424,-0.9865810262130424,-0.9865810262130424,0E-17,ELIGIBLE,R03b_20260811_FULL_v1,L1_ELIGIBILITY,v2026-08-11,2026-03-21..2026-08-06,baccarat_bet02_101_all_pairs_incl_sentinel,round_win = game_pnl > 0 (decisive only),COMPATIBILITY_ONLY_NOT_PRODUCTION,21006.2458,18687.5319,-61.6222,1247,1247,0.00293352,-0.13859161,0.00938335,0.00293352,61.6222,21006.2458,OK,0.0000,-2.4649,4.0000,96.0000,AG03-UNRESOLVED,ALL5_LEVELS_bet23_to_bet27,-2.4649,-2.4649,-2.4649,-4.3136,-4.3136,4.000000,4.000000,4.000000,7.000000,7.000000,96.000000,96.000000,96.000000,93.000000,93.000000,5.0,-16.0218,-14.4684,-45.6004,-47.1538,PENDING_AG03,FALSE,NOT_FOR_ENFORCEMENT,-59.1573,17940.0307,-61.6222,-59.1573,-2.4649,-0.00293352,-0.00281618,-2.4649,-59.1573,-0.00281618,-2.4649,-2.4649,-2.4649,-4.3136,-4.3136,-59.1573,-0.00281618,-16.0218,-14.4684,-45.6004,-47.1538,-0.00217080,-0.00224475,-0.00011734,16.8454,14.9860,-0.0494,-0.6419,-0.0525,218.8151,12.9896,13.0801,17.0694,10.3857,11.0045,21.0062,31.5093,42.0124,42.1647,10.5412,0.0,3.81775,3.831594,1.530778,30,171,130,2,0.04358735,-0.00293352,0.13859161,0E-8,0.000000,0.889618,0.000000,-0.14797496,2026-03-22,2026-08-05,96,1173,774,137,0.700730,0.766291,0.776478,0.145291,,,,,,,,GLOBAL_BASELINE_NO_ENTITY_RANKING,,,NOT_APPLICABLE_GLOBAL_BASELINE,HF9g-P5,,,,X 全窗基线 · 不参与实体赏罚,3927263,393,A168_HF9F_20260827_0900,2026-08-27 09:00:00
2026-05-27,91797317,471,0,21.0061968281,-21.0061968281,-21.0061968281,0E-7,1,1,0.49324550000000000,0.493245500000,-0.9865810262130424,-0.9865810262130424,-0.9865810262130424,0E-17,ELIGIBLE,R03b_20260811_FULL_v1,L1_ELIGIBILITY,v2026-08-11,2026-03-21..2026-08-06,baccarat_bet02_101_all_pairs_incl_sentinel,round_win = game_pnl > 0 (decisive only),COMPATIBILITY_ONLY_NOT_PRODUCTION,21006.2458,18687.5319,-61.6222,1247,1247,0.00293352,-0.13859161,0.00938335,0.00293352,61.6222,21006.2458,OK,0.0000,-2.4649,4.0000,96.0000,AG03-UNRESOLVED,ALL5_LEVELS_bet23_to_bet27,-2.4649,-2.4649,-2.4649,-4.3136,-4.3136,4.000000,4.000000,4.000000,7.000000,7.000000,96.000000,96.000000,96.000000,93.000000,93.000000,5.0,-16.0218,-14.4684,-45.6004,-47.1538,PENDING_AG03,FALSE,NOT_FOR_ENFORCEMENT,-59.1573,17940.0307,-61.6222,-59.1573,-2.4649,-0.00293352,-0.00281618,-2.4649,-59.1573,-0.00281618,-2.4649,-2.4649,-2.4649,-4.3136,-4.3136,-59.1573,-0.00281618,-16.0218,-14.4684,-45.6004,-47.1538,-0.00217080,-0.00224475,-0.00011734,16.8454,14.9860,-0.0494,-0.6419,-0.0525,218.8151,12.9896,13.0801,17.0694,10.3857,11.0045,21.0062,31.5093,42.0124,42.1647,10.5412,0.0,3.81775,3.831594,1.530778,30,171,130,2,0.04358735,-0.00293352,0.13859161,0E-8,0.000000,0.889618,0.000000,-0.14797496,2026-03-22,2026-08-05,96,1173,774,137,0.700730,0.766291,0.776478,0.145291,,,,,,,,GLOBAL_BASELINE_NO_ENTITY_RANKING,,,NOT_APPLICABLE_GLOBAL_BASELINE,HF9g-P5,,,,X 全窗基线 · 不参与实体赏罚,3927264,393,A168_HF9F_20260827_0900,2026-08-27 09:00:00
2026-05-27,91797317,752,0,10.5030984140,10.5030984140,10.5030984140,1.0000000,1,1,0.49324550000000000,0.493245500000,1.01360149184955,1.01360149184955,1.01360149184955,0E-17,ELIGIBLE,R03b_20260811_FULL_v1,L1_ELIGIBILITY,v2026-08-11,2026-03-21..2026-08-06,baccarat_bet02_101_all_pairs_incl_sentinel,round_win = game_pnl > 0 (decisive only),COMPATIBILITY_ONLY_NOT_PRODUCTION,21006.2458,18687.5319,-61.6222,1247,1247,0.00293352,-0.13859161,0.00938335,0.00293352,61.6222,21006.2458,OK,0.0000,-2.4649,4.0000,96.0000,AG03-UNRESOLVED,ALL5_LEVELS_bet23_to_bet27,-2.4649,-2.4649,-2.4649,-4.3136,-4.3136,4.000000,4.000000,4.000000,7.000000,7.000000,96.000000,96.000000,96.000000,93.000000,93.000000,5.0,-16.0218,-14.4684,-45.6004,-47.1538,PENDING_AG03,FALSE,NOT_FOR_ENFORCEMENT,-59.1573,17940.0307,-61.6222,-59.1573,-2.4649,-0.00293352,-0.00281618,-2.4649,-59.1573,-0.00281618,-2.4649,-2.4649,-2.4649,-4.3136,-4.3136,-59.1573,-0.00281618,-16.0218,-14.4684,-45.6004,-47.1538,-0.00217080,-0.00224475,-0.00011734,16.8454,14.9860,-0.0494,-0.6419,-0.0525,218.8151,12.9896,13.0801,17.0694,10.3857,11.0045,21.0062,31.5093,42.0124,42.1647,10.5412,0.0,3.81775,3.831594,1.530778,30,171,130,2,0.04358735,-0.00293352,0.13859161,0E-8,0.000000,0.889618,0.000000,-0.14797496,2026-03-22,2026-08-05,96,1173,774,137,0.700730,0.766291,0.776478,0.145291,,,,,,,,GLOBAL_BASELINE_NO_ENTITY_RANKING,,,NOT_APPLICABLE_GLOBAL_BASELINE,HF9g-P5,,,,X 全窗基线 · 不参与实体赏罚,3927265,393,A168_HF9F_20260827_0900,2026-08-27 09:00:00
2026-05-27,91797317,789,0,10.5030984140,10.5030984140,10.5030984140,1.0000000,1,1,0.49324550000000000,0.493245500000,1.01360149184955,1.01360149184955,1.01360149184955,0E-17,ELIGIBLE,R03b_20260811_FULL_v1,L1_ELIGIBILITY,v2026-08-11,2026-03-21..2026-08-06,baccarat_bet02_101_all_pairs_incl_sentinel,round_win = game_pnl > 0 (decisive only),COMPATIBILITY_ONLY_NOT_PRODUCTION,21006.2458,18687.5319,-61.6222,1247,1247,0.00293352,-0.13859161,0.00938335,0.00293352,61.6222,21006.2458,OK,0.0000,-2.4649,4.0000,96.0000,AG03-UNRESOLVED,ALL5_LEVELS_bet23_to_bet27,-2.4649,-2.4649,-2.4649,-4.3136,-4.3136,4.000000,4.000000,4.000000,7.000000,7.000000,96.000000,96.000000,96.000000,93.000000,93.000000,5.0,-16.0218,-14.4684,-45.6004,-47.1538,PENDING_AG03,FALSE,NOT_FOR_ENFORCEMENT,-59.1573,17940.0307,-61.6222,-59.1573,-2.4649,-0.00293352,-0.00281618,-2.4649,-59.1573,-0.00281618,-2.4649,-2.4649,-2.4649,-4.3136,-4.3136,-59.1573,-0.00281618,-16.0218,-14.4684,-45.6004,-47.1538,-0.00217080,-0.00224475,-0.00011734,16.8454,14.9860,-0.0494,-0.6419,-0.0525,218.8151,12.9896,13.0801,17.0694,10.3857,11.0045,21.0062,31.5093,42.0124,42.1647,10.5412,0.0,3.81775,3.831594,1.530778,30,171,130,2,0.04358735,-0.00293352,0.13859161,0E-8,0.000000,0.889618,0.000000,-0.14797496,2026-03-22,2026-08-05,96,1173,774,137,0.700730,0.766291,0.776478,0.145291,,,,,,,,GLOBAL_BASELINE_NO_ENTITY_RANKING,,,NOT_APPLICABLE_GLOBAL_BASELINE,HF9g-P5,,,,X 全窗基线 · 不参与实体赏罚,3927266,393,A168_HF9F_20260827_0900,2026-08-27 09:00:00
2026-05-27,91797317,986,0,21.0061968281,21.0061968281,21.0061968281,1.0000000,1,1,0.49324550000000000,0.493245500000,1.01360149184955,1.01360149184955,1.01360149184955,0E-17,ELIGIBLE,R03b_20260811_FULL_v1,L1_ELIGIBILITY,v2026-08-11,2026-03-21..2026-08-06,baccarat_bet02_101_all_pairs_incl_sentinel,round_win = game_pnl > 0 (decisive only),COMPATIBILITY_ONLY_NOT_PRODUCTION,21006.2458,18687.5319,-61.6222,1247,1247,0.00293352,-0.13859161,0.00938335,0.00293352,61.6222,21006.2458,OK,0.0000,-2.4649,4.0000,96.0000,AG03-UNRESOLVED,ALL5_LEVELS_bet23_to_bet27,-2.4649,-2.4649,-2.4649,-4.3136,-4.3136,4.000000,4.000000,4.000000,7.000000,7.000000,96.000000,96.000000,96.000000,93.000000,93.000000,5.0,-16.0218,-14.4684,-45.6004,-47.1538,PENDING_AG03,FALSE,NOT_FOR_ENFORCEMENT,-59.1573,17940.0307,-61.6222,-59.1573,-2.4649,-0.00293352,-0.00281618,-2.4649,-59.1573,-0.00281618,-2.4649,-2.4649,-2.4649,-4.3136,-4.3136,-59.1573,-0.00281618,-16.0218,-14.4684,-45.6004,-47.1538,-0.00217080,-0.00224475,-0.00011734,16.8454,14.9860,-0.0494,-0.6419,-0.0525,218.8151,12.9896,13.0801,17.0694,10.3857,11.0045,21.0062,31.5093,42.0124,42.1647,10.5412,0.0,3.81775,3.831594,1.530778,30,171,130,2,0.04358735,-0.00293352,0.13859161,0E-8,0.000000,0.889618,0.000000,-0.14797496,2026-03-22,2026-08-05,96,1173,774,137,0.700730,0.766291,0.776478,0.145291,,,,,,,,GLOBAL_BASELINE_NO_ENTITY_RANKING,,,NOT_APPLICABLE_GLOBAL_BASELINE,HF9g-P5,,,,X 全窗基线 · 不参与实体赏罚,3927267,393,A168_HF9F_20260827_0900,2026-08-27 09:00:00
2026-05-27,91797317,987,0,10.5030984140,10.5030984140,10.5030984140,1.0000000,1,1,0.49324550000000000,0.493245500000,1.01360149184955,1.01360149184955,1.01360149184955,0E-17,ELIGIBLE,R03b_20260811_FULL_v1,L1_ELIGIBILITY,v2026-08-11,2026-03-21..2026-08-06,baccarat_bet02_101_all_pairs_incl_sentinel,round_win = game_pnl > 0 (decisive only),COMPATIBILITY_ONLY_NOT_PRODUCTION,21006.2458,18687.5319,-61.6222,1247,1247,0.00293352,-0.13859161,0.00938335,0.00293352,61.6222,21006.2458,OK,0.0000,-2.4649,4.0000,96.0000,AG03-UNRESOLVED,ALL5_LEVELS_bet23_to_bet27,-2.4649,-2.4649,-2.4649,-4.3136,-4.3136,4.000000,4.000000,4.000000,7.000000,7.000000,96.000000,96.000000,96.000000,93.000000,93.000000,5.0,-16.0218,-14.4684,-45.6004,-47.1538,PENDING_AG03,FALSE,NOT_FOR_ENFORCEMENT,-59.1573,17940.0307,-61.6222,-59.1573,-2.4649,-0.00293352,-0.00281618,-2.4649,-59.1573,-0.00281618,-2.4649,-2.4649,-2.4649,-4.3136,-4.3136,-59.1573,-0.00281618,-16.0218,-14.4684,-45.6004,-47.1538,-0.00217080,-0.00224475,-0.00011734,16.8454,14.9860,-0.0494,-0.6419,-0.0525,218.8151,12.9896,13.0801,17.0694,10.3857,11.0045,21.0062,31.5093,42.0124,42.1647,10.5412,0.0,3.81775,3.831594,1.530778,30,171,130,2,0.04358735,-0.00293352,0.13859161,0E-8,0.000000,0.889618,0.000000,-0.14797496,2026-03-22,2026-08-05,96,1173,774,137,0.700730,0.766291,0.776478,0.145291,,,,,,,,GLOBAL_BASELINE_NO_ENTITY_RANKING,,,NOT_APPLICABLE_GLOBAL_BASELINE,HF9g-P5,,,,X 全窗基线 · 不参与实体赏罚,3927268,393,A168_HF9F_20260827_0900,2026-08-27 09:00:00
2026-05-28,91797317,-1,1,12.6037180968,12.6037180968,12.6037180968,1.0000000,2,2,0.49324550000000000,0.493245500000,1.4334489766152358,1.4334489766152358,1.4334489766152358,0E-17,SENTINEL_DEALER,R03b_20260811_FULL_v1,L1_ELIGIBILITY,v2026-08-11,2026-03-21..2026-08-06,baccarat_bet02_101_all_pairs_incl_sentinel,round_win = game_pnl > 0 (decisive only),COMPATIBILITY_ONLY_NOT_PRODUCTION,21006.2458,18687.5319,-61.6222,1247,1247,0.00293352,-0.13859161,0.00938335,0.00293352,61.6222,21006.2458,OK,0.0000,-2.4649,4.0000,96.0000,AG03-UNRESOLVED,ALL5_LEVELS_bet23_to_bet27,-2.4649,-2.4649,-2.4649,-4.3136,-4.3136,4.000000,4.000000,4.000000,7.000000,7.000000,96.000000,96.000000,96.000000,93.000000,93.000000,5.0,-16.0218,-14.4684,-45.6004,-47.1538,PENDING_AG03,FALSE,NOT_FOR_ENFORCEMENT,-59.1573,17940.0307,-61.6222,-59.1573,-2.4649,-0.00293352,-0.00281618,-2.4649,-59.1573,-0.00281618,-2.4649,-2.4649,-2.4649,-4.3136,-4.3136,-59.1573,-0.00281618,-16.0218,-14.4684,-45.6004,-47.1538,-0.00217080,-0.00224475,-0.00011734,16.8454,14.9860,-0.0494,-0.6419,-0.0525,218.8151,12.9896,13.0801,17.0694,10.3857,11.0045,21.0062,31.5093,42.0124,42.1647,10.5412,0.0,3.81775,3.831594,1.530778,30,171,130,2,0.04358735,-0.00293352,0.13859161,0E-8,0.000000,0.889618,0.000000,-0.14797496,2026-03-22,2026-08-05,96,1173,774,137,0.700730,0.766291,0.776478,0.145291,,,,,,,,GLOBAL_BASELINE_NO_ENTITY_RANKING,,,NOT_APPLICABLE_GLOBAL_BASELINE,HF9g-P5,,,,X 全窗基线 · 不参与实体赏罚,3927269,393,A168_HF9F_20260827_0900,2026-08-27 09:00:00
2026-05-28,91797317,1307,0,6.3018590484,-6.3018590484,-6.3018590484,0E-7,1,1,0.49324550000000000,0.493245500000,-0.9865810262130424,-0.9865810262130424,-0.9865810262130424,0E-17,ELIGIBLE,R03b_20260811_FULL_v1,L1_ELIGIBILITY,v2026-08-11,2026-03-21..2026-08-06,baccarat_bet02_101_all_pairs_incl_sentinel,round_win = game_pnl > 0 (decisive only),COMPATIBILITY_ONLY_NOT_PRODUCTION,21006.2458,18687.5319,-61.6222,1247,1247,0.00293352,-0.13859161,0.00938335,0.00293352,61.6222,21006.2458,OK,0.0000,-2.4649,4.0000,96.0000,AG03-UNRESOLVED,ALL5_LEVELS_bet23_to_bet27,-2.4649,-2.4649,-2.4649,-4.3136,-4.3136,4.000000,4.000000,4.000000,7.000000,7.000000,96.000000,96.000000,96.000000,93.000000,93.000000,5.0,-16.0218,-14.4684,-45.6004,-47.1538,PENDING_AG03,FALSE,NOT_FOR_ENFORCEMENT,-59.1573,17940.0307,-61.6222,-59.1573,-2.4649,-0.00293352,-0.00281618,-2.4649,-59.1573,-0.00281618,-2.4649,-2.4649,-2.4649,-4.3136,-4.3136,-59.1573,-0.00281618,-16.0218,-14.4684,-45.6004,-47.1538,-0.00217080,-0.00224475,-0.00011734,16.8454,14.9860,-0.0494,-0.6419,-0.0525,218.8151,12.9896,13.0801,17.0694,10.3857,11.0045,21.0062,31.5093,42.0124,42.1647,10.5412,0.0,3.81775,3.831594,1.530778,30,171,130,2,0.04358735,-0.00293352,0.13859161,0E-8,0.000000,0.889618,0.000000,-0.14797496,2026-03-22,2026-08-05,96,1173,774,137,0.700730,0.766291,0.776478,0.145291,,,,,,,,GLOBAL_BASELINE_NO_ENTITY_RANKING,,,NOT_APPLICABLE_GLOBAL_BASELINE,HF9g-P5,,,,X 全窗基线 · 不参与实体赏罚,3927270,393,A168_HF9F_20260827_0900,2026-08-27 09:00:00
2026-05-28,91797317,1402,0,6.3018590484,6.3018590484,6.3018590484,1.0000000,1,1,0.49324550000000000,0.493245500000,1.01360149184955,1.01360149184955,1.01360149184955,0E-17,ELIGIBLE,R03b_20260811_FULL_v1,L1_ELIGIBILITY,v2026-08-11,2026-03-21..2026-08-06,baccarat_bet02_101_all_pairs_incl_sentinel,round_win = game_pnl > 0 (decisive only),COMPATIBILITY_ONLY_NOT_PRODUCTION,21006.2458,18687.5319,-61.6222,1247,1247,0.00293352,-0.13859161,0.00938335,0.00293352,61.6222,21006.2458,OK,0.0000,-2.4649,4.0000,96.0000,AG03-UNRESOLVED,ALL5_LEVELS_bet23_to_bet27,-2.4649,-2.4649,-2.4649,-4.3136,-4.3136,4.000000,4.000000,4.000000,7.000000,7.000000,96.000000,96.000000,96.000000,93.000000,93.000000,5.0,-16.0218,-14.4684,-45.6004,-47.1538,PENDING_AG03,FALSE,NOT_FOR_ENFORCEMENT,-59.1573,17940.0307,-61.6222,-59.1573,-2.4649,-0.00293352,-0.00281618,-2.4649,-59.1573,-0.00281618,-2.4649,-2.4649,-2.4649,-4.3136,-4.3136,-59.1573,-0.00281618,-16.0218,-14.4684,-45.6004,-47.1538,-0.00217080,-0.00224475,-0.00011734,16.8454,14.9860,-0.0494,-0.6419,-0.0525,218.8151,12.9896,13.0801,17.0694,10.3857,11.0045,21.0062,31.5093,42.0124,42.1647,10.5412,0.0,3.81775,3.831594,1.530778,30,171,130,2,0.04358735,-0.00293352,0.13859161,0E-8,0.000000,0.889618,0.000000,-0.14797496,2026-03-22,2026-08-05,96,1173,774,137,0.700730,0.766291,0.776478,0.145291,,,,,,,,GLOBAL_BASELINE_NO_ENTITY_RANKING,,,NOT_APPLICABLE_GLOBAL_BASELINE,HF9g-P5,,,,X 全窗基线 · 不参与实体赏罚,3927271,393,A168_HF9F_20260827_0900,2026-08-27 09:00:00
2026-05-28,91797317,1507,0,6.3018590484,-6.3018590484,-6.3018590484,0E-7,1,1,0.49324550000000000,0.493245500000,-0.9865810262130424,-0.9865810262130424,-0.9865810262130424,0E-17,ELIGIBLE,R03b_20260811_FULL_v1,L1_ELIGIBILITY,v2026-08-11,2026-03-21..2026-08-06,baccarat_bet02_101_all_pairs_incl_sentinel,round_win = game_pnl > 0 (decisive only),COMPATIBILITY_ONLY_NOT_PRODUCTION,21006.2458,18687.5319,-61.6222,1247,1247,0.00293352,-0.13859161,0.00938335,0.00293352,61.6222,21006.2458,OK,0.0000,-2.4649,4.0000,96.0000,AG03-UNRESOLVED,ALL5_LEVELS_bet23_to_bet27,-2.4649,-2.4649,-2.4649,-4.3136,-4.3136,4.000000,4.000000,4.000000,7.000000,7.000000,96.000000,96.000000,96.000000,93.000000,93.000000,5.0,-16.0218,-14.4684,-45.6004,-47.1538,PENDING_AG03,FALSE,NOT_FOR_ENFORCEMENT,-59.1573,17940.0307,-61.6222,-59.1573,-2.4649,-0.00293352,-0.00281618,-2.4649,-59.1573,-0.00281618,-2.4649,-2.4649,-2.4649,-4.3136,-4.3136,-59.1573,-0.00281618,-16.0218,-14.4684,-45.6004,-47.1538,-0.00217080,-0.00224475,-0.00011734,16.8454,14.9860,-0.0494,-0.6419,-0.0525,218.8151,12.9896,13.0801,17.0694,10.3857,11.0045,21.0062,31.5093,42.0124,42.1647,10.5412,0.0,3.81775,3.831594,1.530778,30,171,130,2,0.04358735,-0.00293352,0.13859161,0E-8,0.000000,0.889618,0.000000,-0.14797496,2026-03-22,2026-08-05,96,1173,774,137,0.700730,0.766291,0.776478,0.145291,,,,,,,,GLOBAL_BASELINE_NO_ENTITY_RANKING,,,NOT_APPLICABLE_GLOBAL_BASELINE,HF9g-P5,,,,X 全窗基线 · 不参与实体赏罚,3927272,393,A168_HF9F_20260827_0900,2026-08-27 09:00:00
2026-05-28,91797317,1994,0,6.3018590484,-6.3018590484,-6.3018590484,0E-7,1,1,0.49324550000000000,0.493245500000,-0.9865810262130424,-0.9865810262130424,-0.9865810262130424,0E-17,ELIGIBLE,R03b_20260811_FULL_v1,L1_ELIGIBILITY,v2026-08-11,2026-03-21..2026-08-06,baccarat_bet02_101_all_pairs_incl_sentinel,round_win = game_pnl > 0 (decisive only),COMPATIBILITY_ONLY_NOT_PRODUCTION,21006.2458,18687.5319,-61.6222,1247,1247,0.00293352,-0.13859161,0.00938335,0.00293352,61.6222,21006.2458,OK,0.0000,-2.4649,4.0000,96.0000,AG03-UNRESOLVED,ALL5_LEVELS_bet23_to_bet27,-2.4649,-2.4649,-2.4649,-4.3136,-4.3136,4.000000,4.000000,4.000000,7.000000,7.000000,96.000000,96.000000,96.000000,93.000000,93.000000,5.0,-16.0218,-14.4684,-45.6004,-47.1538,PENDING_AG03,FALSE,NOT_FOR_ENFORCEMENT,-59.1573,17940.0307,-61.6222,-59.1573,-2.4649,-0.00293352,-0.00281618,-2.4649,-59.1573,-0.00281618,-2.4649,-2.4649,-2.4649,-4.3136,-4.3136,-59.1573,-0.00281618,-16.0218,-14.4684,-45.6004,-47.1538,-0.00217080,-0.00224475,-0.00011734,16.8454,14.9860,-0.0494,-0.6419,-0.0525,218.8151,12.9896,13.0801,17.0694,10.3857,11.0045,21.0062,31.5093,42.0124,42.1647,10.5412,0.0,3.81775,3.831594,1.530778,30,171,130,2,0.04358735,-0.00293352,0.13859161,0E-8,0.000000,0.889618,0.000000,-0.14797496,2026-03-22,2026-08-05,96,1173,774,137,0.700730,0.766291,0.776478,0.145291,,,,,,,,GLOBAL_BASELINE_NO_ENTITY_RANKING,,,NOT_APPLICABLE_GLOBAL_BASELINE,HF9g-P5,,,,X 全窗基线 · 不参与实体赏罚,3927273,393,A168_HF9F_20260827_0900,2026-08-27 09:00:00
2026-05-28,91797317,2142,0,6.3018590484,-6.3018590484,-6.3018590484,0E-7,1,1,0.49324550000000000,0.493245500000,-0.9865810262130424,-0.9865810262130424,-0.9865810262130424,0E-17,ELIGIBLE,R03b_20260811_FULL_v1,L1_ELIGIBILITY,v2026-08-11,2026-03-21..2026-08-06,baccarat_bet02_101_all_pairs_incl_sentinel,round_win = game_pnl > 0 (decisive only),COMPATIBILITY_ONLY_NOT_PRODUCTION,21006.2458,18687.5319,-61.6222,1247,1247,0.00293352,-0.13859161,0.00938335,0.00293352,61.6222,21006.2458,OK,0.0000,-2.4649,4.0000,96.0000,AG03-UNRESOLVED,ALL5_LEVELS_bet23_to_bet27,-2.4649,-2.4649,-2.4649,-4.3136,-4.3136,4.000000,4.000000,4.000000,7.000000,7.000000,96.000000,96.000000,96.000000,93.000000,93.000000,5.0,-16.0218,-14.4684,-45.6004,-47.1538,PENDING_AG03,FALSE,NOT_FOR_ENFORCEMENT,-59.1573,17940.0307,-61.6222,-59.1573,-2.4649,-0.00293352,-0.00281618,-2.4649,-59.1573,-0.00281618,-2.4649,-2.4649,-2.4649,-4.3136,-4.3136,-59.1573,-0.00281618,-16.0218,-14.4684,-45.6004,-47.1538,-0.00217080,-0.00224475,-0.00011734,16.8454,14.9860,-0.0494,-0.6419,-0.0525,218.8151,12.9896,13.0801,17.0694,10.3857,11.0045,21.0062,31.5093,42.0124,42.1647,10.5412,0.0,3.81775,3.831594,1.530778,30,171,130,2,0.04358735,-0.00293352,0.13859161,0E-8,0.000000,0.889618,0.000000,-0.14797496,2026-03-22,2026-08-05,96,1173,774,137,0.700730,0.766291,0.776478,0.145291,,,,,,,,GLOBAL_BASELINE_NO_ENTITY_RANKING,,,NOT_APPLICABLE_GLOBAL_BASELINE,HF9g-P5,,,,X 全窗基线 · 不参与实体赏罚,3927274,393,A168_HF9F_20260827_0900,2026-08-27 09:00:00
2026-05-28,91797317,2156,0,6.3018590484,0E-10,0E-10,,1,1,0.49324550000000000,0.493245500000,,,,0E-17,NO_DECISIVE_ROUND,R03b_20260811_FULL_v1,L1_ELIGIBILITY,v2026-08-11,2026-03-21..2026-08-06,baccarat_bet02_101_all_pairs_incl_sentinel,round_win = game_pnl > 0 (decisive only),COMPATIBILITY_ONLY_NOT_PRODUCTION,21006.2458,18687.5319,-61.6222,1247,1247,0.00293352,-0.13859161,0.00938335,0.00293352,61.6222,21006.2458,OK,0.0000,-2.4649,4.0000,96.0000,AG03-UNRESOLVED,ALL5_LEVELS_bet23_to_bet27,-2.4649,-2.4649,-2.4649,-4.3136,-4.3136,4.000000,4.000000,4.000000,7.000000,7.000000,96.000000,96.000000,96.000000,93.000000,93.000000,5.0,-16.0218,-14.4684,-45.6004,-47.1538,PENDING_AG03,FALSE,NOT_FOR_ENFORCEMENT,-59.1573,17940.0307,-61.6222,-59.1573,-2.4649,-0.00293352,-0.00281618,-2.4649,-59.1573,-0.00281618,-2.4649,-2.4649,-2.4649,-4.3136,-4.3136,-59.1573,-0.00281618,-16.0218,-14.4684,-45.6004,-47.1538,-0.00217080,-0.00224475,-0.00011734,16.8454,14.9860,-0.0494,-0.6419,-0.0525,218.8151,12.9896,13.0801,17.0694,10.3857,11.0045,21.0062,31.5093,42.0124,42.1647,10.5412,0.0,3.81775,3.831594,1.530778,30,171,130,2,0.04358735,-0.00293352,0.13859161,0E-8,0.000000,0.889618,0.000000,-0.14797496,2026-03-22,2026-08-05,96,1173,774,137,0.700730,0.766291,0.776478,0.145291,,,,,,,,GLOBAL_BASELINE_NO_ENTITY_RANKING,,,NOT_APPLICABLE_GLOBAL_BASELINE,HF9g-P5,,,,X 全窗基线 · 不参与实体赏罚,3927275,393,A168_HF9F_20260827_0900,2026-08-27 09:00:00
2026-05-28,91797317,2175,0,12.6037180968,0E-10,0E-10,0.5000000,2,2,0.49324550000000000,0.493245500000,0.01910635448239258,0.01910635448239258,0.01910635448239258,0E-17,ELIGIBLE,R03b_20260811_FULL_v1,L1_ELIGIBILITY,v2026-08-11,2026-03-21..2026-08-06,baccarat_bet02_101_all_pairs_incl_sentinel,round_win = game_pnl > 0 (decisive only),COMPATIBILITY_ONLY_NOT_PRODUCTION,21006.2458,18687.5319,-61.6222,1247,1247,0.00293352,-0.13859161,0.00938335,0.00293352,61.6222,21006.2458,OK,0.0000,-2.4649,4.0000,96.0000,AG03-UNRESOLVED,ALL5_LEVELS_bet23_to_bet27,-2.4649,-2.4649,-2.4649,-4.3136,-4.3136,4.000000,4.000000,4.000000,7.000000,7.000000,96.000000,96.000000,96.000000,93.000000,93.000000,5.0,-16.0218,-14.4684,-45.6004,-47.1538,PENDING_AG03,FALSE,NOT_FOR_ENFORCEMENT,-59.1573,17940.0307,-61.6222,-59.1573,-2.4649,-0.00293352,-0.00281618,-2.4649,-59.1573,-0.00281618,-2.4649,-2.4649,-2.4649,-4.3136,-4.3136,-59.1573,-0.00281618,-16.0218,-14.4684,-45.6004,-47.1538,-0.00217080,-0.00224475,-0.00011734,16.8454,14.9860,-0.0494,-0.6419,-0.0525,218.8151,12.9896,13.0801,17.0694,10.3857,11.0045,21.0062,31.5093,42.0124,42.1647,10.5412,0.0,3.81775,3.831594,1.530778,30,171,130,2,0.04358735,-0.00293352,0.13859161,0E-8,0.000000,0.889618,0.000000,-0.14797496,2026-03-22,2026-08-05,96,1173,774,137,0.700730,0.766291,0.776478,0.145291,,,,,,,,GLOBAL_BASELINE_NO_ENTITY_RANKING,,,NOT_APPLICABLE_GLOBAL_BASELINE,HF9g-P5,,,,X 全窗基线 · 不参与实体赏罚,3927276,393,A168_HF9F_20260827_0900,2026-08-27 09:00:00
2026-05-28,91797317,2250,0,6.3018590484,6.3018590484,6.3018590484,1.0000000,1,1,0.49324550000000000,0.493245500000,1.01360149184955,1.01360149184955,1.01360149184955,0E-17,ELIGIBLE,R03b_20260811_FULL_v1,L1_ELIGIBILITY,v2026-08-11,2026-03-21..2026-08-06,baccarat_bet02_101_all_pairs_incl_sentinel,round_win = game_pnl > 0 (decisive only),COMPATIBILITY_ONLY_NOT_PRODUCTION,21006.2458,18687.5319,-61.6222,1247,1247,0.00293352,-0.13859161,0.00938335,0.00293352,61.6222,21006.2458,OK,0.0000,-2.4649,4.0000,96.0000,AG03-UNRESOLVED,ALL5_LEVELS_bet23_to_bet27,-2.4649,-2.4649,-2.4649,-4.3136,-4.3136,4.000000,4.000000,4.000000,7.000000,7.000000,96.000000,96.000000,96.000000,93.000000,93.000000,5.0,-16.0218,-14.4684,-45.6004,-47.1538,PENDING_AG03,FALSE,NOT_FOR_ENFORCEMENT,-59.1573,17940.0307,-61.6222,-59.1573,-2.4649,-0.00293352,-0.00281618,-2.4649,-59.1573,-0.00281618,-2.4649,-2.4649,-2.4649,-4.3136,-4.3136,-59.1573,-0.00281618,-16.0218,-14.4684,-45.6004,-47.1538,-0.00217080,-0.00224475,-0.00011734,16.8454,14.9860,-0.0494,-0.6419,-0.0525,218.8151,12.9896,13.0801,17.0694,10.3857,11.0045,21.0062,31.5093,42.0124,42.1647,10.5412,0.0,3.81775,3.831594,1.530778,30,171,130,2,0.04358735,-0.00293352,0.13859161,0E-8,0.000000,0.889618,0.000000,-0.14797496,2026-03-22,2026-08-05,96,1173,774,137,0.700730,0.766291,0.776478,0.145291,,,,,,,,GLOBAL_BASELINE_NO_ENTITY_RANKING,,,NOT_APPLICABLE_GLOBAL_BASELINE,HF9g-P5,,,,X 全窗基线 · 不参与实体赏罚,3927277,393,A168_HF9F_20260827_0900,2026-08-27 09:00:00
2026-05-28,91797317,2266,0,6.3018590484,-6.3018590484,-6.3018590484,0E-7,1,1,0.49324550000000000,0.493245500000,-0.9865810262130424,-0.9865810262130424,-0.9865810262130424,0E-17,ELIGIBLE,R03b_20260811_FULL_v1,L1_ELIGIBILITY,v2026-08-11,2026-03-21..2026-08-06,baccarat_bet02_101_all_pairs_incl_sentinel,round_win = game_pnl > 0 (decisive only),COMPATIBILITY_ONLY_NOT_PRODUCTION,21006.2458,18687.5319,-61.6222,1247,1247,0.00293352,-0.13859161,0.00938335,0.00293352,61.6222,21006.2458,OK,0.0000,-2.4649,4.0000,96.0000,AG03-UNRESOLVED,ALL5_LEVELS_bet23_to_bet27,-2.4649,-2.4649,-2.4649,-4.3136,-4.3136,4.000000,4.000000,4.000000,7.000000,7.000000,96.000000,96.000000,96.000000,93.000000,93.000000,5.0,-16.0218,-14.4684,-45.6004,-47.1538,PENDING_AG03,FALSE,NOT_FOR_ENFORCEMENT,-59.1573,17940.0307,-61.6222,-59.1573,-2.4649,-0.00293352,-0.00281618,-2.4649,-59.1573,-0.00281618,-2.4649,-2.4649,-2.4649,-4.3136,-4.3136,-59.1573,-0.00281618,-16.0218,-14.4684,-45.6004,-47.1538,-0.00217080,-0.00224475,-0.00011734,16.8454,14.9860,-0.0494,-0.6419,-0.0525,218.8151,12.9896,13.0801,17.0694,10.3857,11.0045,21.0062,31.5093,42.0124,42.1647,10.5412,0.0,3.81775,3.831594,1.530778,30,171,130,2,0.04358735,-0.00293352,0.13859161,0E-8,0.000000,0.889618,0.000000,-0.14797496,2026-03-22,2026-08-05,96,1173,774,137,0.700730,0.766291,0.776478,0.145291,,,,,,,,GLOBAL_BASELINE_NO_ENTITY_RANKING,,,NOT_APPLICABLE_GLOBAL_BASELINE,HF9g-P5,,,,X 全窗基线 · 不参与实体赏罚,3927278,393,A168_HF9F_20260827_0900,2026-08-27 09:00:00
2026-05-28,91797317,550,0,6.3018590484,-6.3018590484,-6.3018590484,0E-7,1,1,0.49324550000000000,0.493245500000,-0.9865810262130424,-0.9865810262130424,-0.9865810262130424,0E-17,ELIGIBLE,R03b_20260811_FULL_v1,L1_ELIGIBILITY,v2026-08-11,2026-03-21..2026-08-06,baccarat_bet02_101_all_pairs_incl_sentinel,round_win = game_pnl > 0 (decisive only),COMPATIBILITY_ONLY_NOT_PRODUCTION,21006.2458,18687.5319,-61.6222,1247,1247,0.00293352,-0.13859161,0.00938335,0.00293352,61.6222,21006.2458,OK,0.0000,-2.4649,4.0000,96.0000,AG03-UNRESOLVED,ALL5_LEVELS_bet23_to_bet27,-2.4649,-2.4649,-2.4649,-4.3136,-4.3136,4.000000,4.000000,4.000000,7.000000,7.000000,96.000000,96.000000,96.000000,93.000000,93.000000,5.0,-16.0218,-14.4684,-45.6004,-47.1538,PENDING_AG03,FALSE,NOT_FOR_ENFORCEMENT,-59.1573,17940.0307,-61.6222,-59.1573,-2.4649,-0.00293352,-0.00281618,-2.4649,-59.1573,-0.00281618,-2.4649,-2.4649,-2.4649,-4.3136,-4.3136,-59.1573,-0.00281618,-16.0218,-14.4684,-45.6004,-47.1538,-0.00217080,-0.00224475,-0.00011734,16.8454,14.9860,-0.0494,-0.6419,-0.0525,218.8151,12.9896,13.0801,17.0694,10.3857,11.0045,21.0062,31.5093,42.0124,42.1647,10.5412,0.0,3.81775,3.831594,1.530778,30,171,130,2,0.04358735,-0.00293352,0.13859161,0E-8,0.000000,0.889618,0.000000,-0.14797496,2026-03-22,2026-08-05,96,1173,774,137,0.700730,0.766291,0.776478,0.145291,,,,,,,,GLOBAL_BASELINE_NO_ENTITY_RANKING,,,NOT_APPLICABLE_GLOBAL_BASELINE,HF9g-P5,,,,X 全窗基线 · 不参与实体赏罚,3927279,393,A168_HF9F_20260827_0900,2026-08-27 09:00:00
2026-05-31,91797317,-1,1,21.0061968281,-21.0061968281,-21.0061968281,0E-7,1,1,0.49324550000000000,0.493245500000,-0.9865810262130424,-0.9865810262130424,-0.9865810262130424,0E-17,SENTINEL_DEALER,R03b_20260811_FULL_v1,L1_ELIGIBILITY,v2026-08-11,2026-03-21..2026-08-06,baccarat_bet02_101_all_pairs_incl_sentinel,round_win = game_pnl > 0 (decisive only),COMPATIBILITY_ONLY_NOT_PRODUCTION,21006.2458,18687.5319,-61.6222,1247,1247,0.00293352,-0.13859161,0.00938335,0.00293352,61.6222,21006.2458,OK,0.0000,-2.4649,4.0000,96.0000,AG03-UNRESOLVED,ALL5_LEVELS_bet23_to_bet27,-2.4649,-2.4649,-2.4649,-4.3136,-4.3136,4.000000,4.000000,4.000000,7.000000,7.000000,96.000000,96.000000,96.000000,93.000000,93.000000,5.0,-16.0218,-14.4684,-45.6004,-47.1538,PENDING_AG03,FALSE,NOT_FOR_ENFORCEMENT,-59.1573,17940.0307,-61.6222,-59.1573,-2.4649,-0.00293352,-0.00281618,-2.4649,-59.1573,-0.00281618,-2.4649,-2.4649,-2.4649,-4.3136,-4.3136,-59.1573,-0.00281618,-16.0218,-14.4684,-45.6004,-47.1538,-0.00217080,-0.00224475,-0.00011734,16.8454,14.9860,-0.0494,-0.6419,-0.0525,218.8151,12.9896,13.0801,17.0694,10.3857,11.0045,21.0062,31.5093,42.0124,42.1647,10.5412,0.0,3.81775,3.831594,1.530778,30,171,130,2,0.04358735,-0.00293352,0.13859161,0E-8,0.000000,0.889618,0.000000,-0.14797496,2026-03-22,2026-08-05,96,1173,774,137,0.700730,0.766291,0.776478,0.145291,,,,,,,,GLOBAL_BASELINE_NO_ENTITY_RANKING,,,NOT_APPLICABLE_GLOBAL_BASELINE,HF9g-P5,,,,X 全窗基线 · 不参与实体赏罚,3927280,393,A168_HF9F_20260827_0900,2026-08-27 09:00:00
2026-05-31,91797317,2250,0,41.5429034335,-41.5429034335,-41.5429034335,0E-7,1,1,0.49324550000000000,0.493245500000,-0.9865810262130424,-0.9865810262130424,-0.9865810262130424,0E-17,ELIGIBLE,R03b_20260811_FULL_v1,L1_ELIGIBILITY,v2026-08-11,2026-03-21..2026-08-06,baccarat_bet02_101_all_pairs_incl_sentinel,round_win = game_pnl > 0 (decisive only),COMPATIBILITY_ONLY_NOT_PRODUCTION,21006.2458,18687.5319,-61.6222,1247,1247,0.00293352,-0.13859161,0.00938335,0.00293352,61.6222,21006.2458,OK,0.0000,-2.4649,4.0000,96.0000,AG03-UNRESOLVED,ALL5_LEVELS_bet23_to_bet27,-2.4649,-2.4649,-2.4649,-4.3136,-4.3136,4.000000,4.000000,4.000000,7.000000,7.000000,96.000000,96.000000,96.000000,93.000000,93.000000,5.0,-16.0218,-14.4684,-45.6004,-47.1538,PENDING_AG03,FALSE,NOT_FOR_ENFORCEMENT,-59.1573,17940.0307,-61.6222,-59.1573,-2.4649,-0.00293352,-0.00281618,-2.4649,-59.1573,-0.00281618,-2.4649,-2.4649,-2.4649,-4.3136,-4.3136,-59.1573,-0.00281618,-16.0218,-14.4684,-45.6004,-47.1538,-0.00217080,-0.00224475,-0.00011734,16.8454,14.9860,-0.0494,-0.6419,-0.0525,218.8151,12.9896,13.0801,17.0694,10.3857,11.0045,21.0062,31.5093,42.0124,42.1647,10.5412,0.0,3.81775,3.831594,1.530778,30,171,130,2,0.04358735,-0.00293352,0.13859161,0E-8,0.000000,0.889618,0.000000,-0.14797496,2026-03-22,2026-08-05,96,1173,774,137,0.700730,0.766291,0.776478,0.145291,,,,,,,,GLOBAL_BASELINE_NO_ENTITY_RANKING,,,NOT_APPLICABLE_GLOBAL_BASELINE,HF9g-P5,,,,X 全窗基线 · 不参与实体赏罚,3927281,393,A168_HF9F_20260827_0900,2026-08-27 09:00:00
2026-06-01,91797317,-1,1,55.6674906008,15.3708742704,15.3708742704,0.5000000,4,4,0.49324550000000000,0.493245500000,0.01910635448239258,0.01910635448239258,0.01910635448239258,0E-17,SENTINEL_DEALER,R03b_20260811_FULL_v1,L1_ELIGIBILITY,v2026-08-11,2026-03-21..2026-08-06,baccarat_bet02_101_all_pairs_incl_sentinel,round_win = game_pnl > 0 (decisive only),COMPATIBILITY_ONLY_NOT_PRODUCTION,21006.2458,18687.5319,-61.6222,1247,1247,0.00293352,-0.13859161,0.00938335,0.00293352,61.6222,21006.2458,OK,0.0000,-2.4649,4.0000,96.0000,AG03-UNRESOLVED,ALL5_LEVELS_bet23_to_bet27,-2.4649,-2.4649,-2.4649,-4.3136,-4.3136,4.000000,4.000000,4.000000,7.000000,7.000000,96.000000,96.000000,96.000000,93.000000,93.000000,5.0,-16.0218,-14.4684,-45.6004,-47.1538,PENDING_AG03,FALSE,NOT_FOR_ENFORCEMENT,-59.1573,17940.0307,-61.6222,-59.1573,-2.4649,-0.00293352,-0.00281618,-2.4649,-59.1573,-0.00281618,-2.4649,-2.4649,-2.4649,-4.3136,-4.3136,-59.1573,-0.00281618,-16.0218,-14.4684,-45.6004,-47.1538,-0.00217080,-0.00224475,-0.00011734,16.8454,14.9860,-0.0494,-0.6419,-0.0525,218.8151,12.9896,13.0801,17.0694,10.3857,11.0045,21.0062,31.5093,42.0124,42.1647,10.5412,0.0,3.81775,3.831594,1.530778,30,171,130,2,0.04358735,-0.00293352,0.13859161,0E-8,0.000000,0.889618,0.000000,-0.14797496,2026-03-22,2026-08-05,96,1173,774,137,0.700730,0.766291,0.776478,0.145291,,,,,,,,GLOBAL_BASELINE_NO_ENTITY_RANKING,,,NOT_APPLICABLE_GLOBAL_BASELINE,HF9g-P5,,,,X 全窗基线 · 不参与实体赏罚,3927282,393,A168_HF9F_20260827_0900,2026-08-27 09:00:00
2026-06-01,91797317,1304,0,20.7714517168,-20.7714517168,-20.7714517168,0E-7,1,1,0.49324550000000000,0.493245500000,-0.9865810262130424,-0.9865810262130424,-0.9865810262130424,0E-17,ELIGIBLE,R03b_20260811_FULL_v1,L1_ELIGIBILITY,v2026-08-11,2026-03-21..2026-08-06,baccarat_bet02_101_all_pairs_incl_sentinel,round_win = game_pnl > 0 (decisive only),COMPATIBILITY_ONLY_NOT_PRODUCTION,21006.2458,18687.5319,-61.6222,1247,1247,0.00293352,-0.13859161,0.00938335,0.00293352,61.6222,21006.2458,OK,0.0000,-2.4649,4.0000,96.0000,AG03-UNRESOLVED,ALL5_LEVELS_bet23_to_bet27,-2.4649,-2.4649,-2.4649,-4.3136,-4.3136,4.000000,4.000000,4.000000,7.000000,7.000000,96.000000,96.000000,96.000000,93.000000,93.000000,5.0,-16.0218,-14.4684,-45.6004,-47.1538,PENDING_AG03,FALSE,NOT_FOR_ENFORCEMENT,-59.1573,17940.0307,-61.6222,-59.1573,-2.4649,-0.00293352,-0.00281618,-2.4649,-59.1573,-0.00281618,-2.4649,-2.4649,-2.4649,-4.3136,-4.3136,-59.1573,-0.00281618,-16.0218,-14.4684,-45.6004,-47.1538,-0.00217080,-0.00224475,-0.00011734,16.8454,14.9860,-0.0494,-0.6419,-0.0525,218.8151,12.9896,13.0801,17.0694,10.3857,11.0045,21.0062,31.5093,42.0124,42.1647,10.5412,0.0,3.81775,3.831594,1.530778,30,171,130,2,0.04358735,-0.00293352,0.13859161,0E-8,0.000000,0.889618,0.000000,-0.14797496,2026-03-22,2026-08-05,96,1173,774,137,0.700730,0.766291,0.776478,0.145291,,,,,,,,GLOBAL_BASELINE_NO_ENTITY_RANKING,,,NOT_APPLICABLE_GLOBAL_BASELINE,HF9g-P5,,,,X 全窗基线 · 不参与实体赏罚,3927283,393,A168_HF9F_20260827_0900,2026-08-27 09:00:00
2026-06-01,91797317,1318,0,20.7714517168,-20.7714517168,-20.7714517168,0E-7,1,1,0.49324550000000000,0.493245500000,-0.9865810262130424,-0.9865810262130424,-0.9865810262130424,0E-17,ELIGIBLE,R03b_20260811_FULL_v1,L1_ELIGIBILITY,v2026-08-11,2026-03-21..2026-08-06,baccarat_bet02_101_all_pairs_incl_sentinel,round_win = game_pnl > 0 (decisive only),COMPATIBILITY_ONLY_NOT_PRODUCTION,21006.2458,18687.5319,-61.6222,1247,1247,0.00293352,-0.13859161,0.00938335,0.00293352,61.6222,21006.2458,OK,0.0000,-2.4649,4.0000,96.0000,AG03-UNRESOLVED,ALL5_LEVELS_bet23_to_bet27,-2.4649,-2.4649,-2.4649,-4.3136,-4.3136,4.000000,4.000000,4.000000,7.000000,7.000000,96.000000,96.000000,96.000000,93.000000,93.000000,5.0,-16.0218,-14.4684,-45.6004,-47.1538,PENDING_AG03,FALSE,NOT_FOR_ENFORCEMENT,-59.1573,17940.0307,-61.6222,-59.1573,-2.4649,-0.00293352,-0.00281618,-2.4649,-59.1573,-0.00281618,-2.4649,-2.4649,-2.4649,-4.3136,-4.3136,-59.1573,-0.00281618,-16.0218,-14.4684,-45.6004,-47.1538,-0.00217080,-0.00224475,-0.00011734,16.8454,14.9860,-0.0494,-0.6419,-0.0525,218.8151,12.9896,13.0801,17.0694,10.3857,11.0045,21.0062,31.5093,42.0124,42.1647,10.5412,0.0,3.81775,3.831594,1.530778,30,171,130,2,0.04358735,-0.00293352,0.13859161,0E-8,0.000000,0.889618,0.000000,-0.14797496,2026-03-22,2026-08-05,96,1173,774,137,0.700730,0.766291,0.776478,0.145291,,,,,,,,GLOBAL_BASELINE_NO_ENTITY_RANKING,,,NOT_APPLICABLE_GLOBAL_BASELINE,HF9g-P5,,,,X 全窗基线 · 不参与实体赏罚,3927284,393,A168_HF9F_20260827_0900,2026-08-27 09:00:00
2026-06-01,91797317,1330,0,10.3857258584,10.3857258584,10.3857258584,1.0000000,1,1,0.49324550000000000,0.493245500000,1.01360149184955,1.01360149184955,1.01360149184955,0E-17,ELIGIBLE,R03b_20260811_FULL_v1,L1_ELIGIBILITY,v2026-08-11,2026-03-21..2026-08-06,baccarat_bet02_101_all_pairs_incl_sentinel,round_win = game_pnl > 0 (decisive only),COMPATIBILITY_ONLY_NOT_PRODUCTION,21006.2458,18687.5319,-61.6222,1247,1247,0.00293352,-0.13859161,0.00938335,0.00293352,61.6222,21006.2458,OK,0.0000,-2.4649,4.0000,96.0000,AG03-UNRESOLVED,ALL5_LEVELS_bet23_to_bet27,-2.4649,-2.4649,-2.4649,-4.3136,-4.3136,4.000000,4.000000,4.000000,7.000000,7.000000,96.000000,96.000000,96.000000,93.000000,93.000000,5.0,-16.0218,-14.4684,-45.6004,-47.1538,PENDING_AG03,FALSE,NOT_FOR_ENFORCEMENT,-59.1573,17940.0307,-61.6222,-59.1573,-2.4649,-0.00293352,-0.00281618,-2.4649,-59.1573,-0.00281618,-2.4649,-2.4649,-2.4649,-4.3136,-4.3136,-59.1573,-0.00281618,-16.0218,-14.4684,-45.6004,-47.1538,-0.00217080,-0.00224475,-0.00011734,16.8454,14.9860,-0.0494,-0.6419,-0.0525,218.8151,12.9896,13.0801,17.0694,10.3857,11.0045,21.0062,31.5093,42.0124,42.1647,10.5412,0.0,3.81775,3.831594,1.530778,30,171,130,2,0.04358735,-0.00293352,0.13859161,0E-8,0.000000,0.889618,0.000000,-0.14797496,2026-03-22,2026-08-05,96,1173,774,137,0.700730,0.766291,0.776478,0.145291,,,,,,,,GLOBAL_BASELINE_NO_ENTITY_RANKING,,,NOT_APPLICABLE_GLOBAL_BASELINE,HF9g-P5,,,,X 全窗基线 · 不参与实体赏罚,3927285,393,A168_HF9F_20260827_0900,2026-08-27 09:00:00
2026-06-01,91797317,1402,0,20.7714517168,-20.7714517168,-20.7714517168,0E-7,1,1,0.49324550000000000,0.493245500000,-0.9865810262130424,-0.9865810262130424,-0.9865810262130424,0E-17,ELIGIBLE,R03b_20260811_FULL_v1,L1_ELIGIBILITY,v2026-08-11,2026-03-21..2026-08-06,baccarat_bet02_101_all_pairs_incl_sentinel,round_win = game_pnl > 0 (decisive only),COMPATIBILITY_ONLY_NOT_PRODUCTION,21006.2458,18687.5319,-61.6222,1247,1247,0.00293352,-0.13859161,0.00938335,0.00293352,61.6222,21006.2458,OK,0.0000,-2.4649,4.0000,96.0000,AG03-UNRESOLVED,ALL5_LEVELS_bet23_to_bet27,-2.4649,-2.4649,-2.4649,-4.3136,-4.3136,4.000000,4.000000,4.000000,7.000000,7.000000,96.000000,96.000000,96.000000,93.000000,93.000000,5.0,-16.0218,-14.4684,-45.6004,-47.1538,PENDING_AG03,FALSE,NOT_FOR_ENFORCEMENT,-59.1573,17940.0307,-61.6222,-59.1573,-2.4649,-0.00293352,-0.00281618,-2.4649,-59.1573,-0.00281618,-2.4649,-2.4649,-2.4649,-4.3136,-4.3136,-59.1573,-0.00281618,-16.0218,-14.4684,-45.6004,-47.1538,-0.00217080,-0.00224475,-0.00011734,16.8454,14.9860,-0.0494,-0.6419,-0.0525,218.8151,12.9896,13.0801,17.0694,10.3857,11.0045,21.0062,31.5093,42.0124,42.1647,10.5412,0.0,3.81775,3.831594,1.530778,30,171,130,2,0.04358735,-0.00293352,0.13859161,0E-8,0.000000,0.889618,0.000000,-0.14797496,2026-03-22,2026-08-05,96,1173,774,137,0.700730,0.766291,0.776478,0.145291,,,,,,,,GLOBAL_BASELINE_NO_ENTITY_RANKING,,,NOT_APPLICABLE_GLOBAL_BASELINE,HF9g-P5,,,,X 全窗基线 · 不参与实体赏罚,3927286,393,A168_HF9F_20260827_0900,2026-08-27 09:00:00
2026-06-01,91797317,1485,0,10.3857258584,-10.3857258584,-10.3857258584,0E-7,1,1,0.49324550000000000,0.493245500000,-0.9865810262130424,-0.9865810262130424,-0.9865810262130424,0E-17,ELIGIBLE,R03b_20260811_FULL_v1,L1_ELIGIBILITY,v2026-08-11,2026-03-21..2026-08-06,baccarat_bet02_101_all_pairs_incl_sentinel,round_win = game_pnl > 0 (decisive only),COMPATIBILITY_ONLY_NOT_PRODUCTION,21006.2458,18687.5319,-61.6222,1247,1247,0.00293352,-0.13859161,0.00938335,0.00293352,61.6222,21006.2458,OK,0.0000,-2.4649,4.0000,96.0000,AG03-UNRESOLVED,ALL5_LEVELS_bet23_to_bet27,-2.4649,-2.4649,-2.4649,-4.3136,-4.3136,4.000000,4.000000,4.000000,7.000000,7.000000,96.000000,96.000000,96.000000,93.000000,93.000000,5.0,-16.0218,-14.4684,-45.6004,-47.1538,PENDING_AG03,FALSE,NOT_FOR_ENFORCEMENT,-59.1573,17940.0307,-61.6222,-59.1573,-2.4649,-0.00293352,-0.00281618,-2.4649,-59.1573,-0.00281618,-2.4649,-2.4649,-2.4649,-4.3136,-4.3136,-59.1573,-0.00281618,-16.0218,-14.4684,-45.6004,-47.1538,-0.00217080,-0.00224475,-0.00011734,16.8454,14.9860,-0.0494,-0.6419,-0.0525,218.8151,12.9896,13.0801,17.0694,10.3857,11.0045,21.0062,31.5093,42.0124,42.1647,10.5412,0.0,3.81775,3.831594,1.530778,30,171,130,2,0.04358735,-0.00293352,0.13859161,0E-8,0.000000,0.889618,0.000000,-0.14797496,2026-03-22,2026-08-05,96,1173,774,137,0.700730,0.766291,0.776478,0.145291,,,,,,,,GLOBAL_BASELINE_NO_ENTITY_RANKING,,,NOT_APPLICABLE_GLOBAL_BASELINE,HF9g-P5,,,,X 全窗基线 · 不参与实体赏罚,3927287,393,A168_HF9F_20260827_0900,2026-08-27 09:00:00
2026-06-01,91797317,1963,0,13.7091581331,-13.7091581331,-13.7091581331,0E-7,1,1,0.49324550000000000,0.493245500000,-0.9865810262130424,-0.9865810262130424,-0.9865810262130424,0E-17,ELIGIBLE,R03b_20260811_FULL_v1,L1_ELIGIBILITY,v2026-08-11,2026-03-21..2026-08-06,baccarat_bet02_101_all_pairs_incl_sentinel,round_win = game_pnl > 0 (decisive only),COMPATIBILITY_ONLY_NOT_PRODUCTION,21006.2458,18687.5319,-61.6222,1247,1247,0.00293352,-0.13859161,0.00938335,0.00293352,61.6222,21006.2458,OK,0.0000,-2.4649,4.0000,96.0000,AG03-UNRESOLVED,ALL5_LEVELS_bet23_to_bet27,-2.4649,-2.4649,-2.4649,-4.3136,-4.3136,4.000000,4.000000,4.000000,7.000000,7.000000,96.000000,96.000000,96.000000,93.000000,93.000000,5.0,-16.0218,-14.4684,-45.6004,-47.1538,PENDING_AG03,FALSE,NOT_FOR_ENFORCEMENT,-59.1573,17940.0307,-61.6222,-59.1573,-2.4649,-0.00293352,-0.00281618,-2.4649,-59.1573,-0.00281618,-2.4649,-2.4649,-2.4649,-4.3136,-4.3136,-59.1573,-0.00281618,-16.0218,-14.4684,-45.6004,-47.1538,-0.00217080,-0.00224475,-0.00011734,16.8454,14.9860,-0.0494,-0.6419,-0.0525,218.8151,12.9896,13.0801,17.0694,10.3857,11.0045,21.0062,31.5093,42.0124,42.1647,10.5412,0.0,3.81775,3.831594,1.530778,30,171,130,2,0.04358735,-0.00293352,0.13859161,0E-8,0.000000,0.889618,0.000000,-0.14797496,2026-03-22,2026-08-05,96,1173,774,137,0.700730,0.766291,0.776478,0.145291,,,,,,,,GLOBAL_BASELINE_NO_ENTITY_RANKING,,,NOT_APPLICABLE_GLOBAL_BASELINE,HF9g-P5,,,,X 全窗基线 · 不参与实体赏罚,3927288,393,A168_HF9F_20260827_0900,2026-08-27 09:00:00
2026-06-01,91797317,2147,0,22.4331678541,22.4331678541,22.4331678541,1.0000000,1,1,0.49324550000000000,0.493245500000,1.01360149184955,1.01360149184955,1.01360149184955,0E-17,ELIGIBLE,R03b_20260811_FULL_v1,L1_ELIGIBILITY,v2026-08-11,2026-03-21..2026-08-06,baccarat_bet02_101_all_pairs_incl_sentinel,round_win = game_pnl > 0 (decisive only),COMPATIBILITY_ONLY_NOT_PRODUCTION,21006.2458,18687.5319,-61.6222,1247,1247,0.00293352,-0.13859161,0.00938335,0.00293352,61.6222,21006.2458,OK,0.0000,-2.4649,4.0000,96.0000,AG03-UNRESOLVED,ALL5_LEVELS_bet23_to_bet27,-2.4649,-2.4649,-2.4649,-4.3136,-4.3136,4.000000,4.000000,4.000000,7.000000,7.000000,96.000000,96.000000,96.000000,93.000000,93.000000,5.0,-16.0218,-14.4684,-45.6004,-47.1538,PENDING_AG03,FALSE,NOT_FOR_ENFORCEMENT,-59.1573,17940.0307,-61.6222,-59.1573,-2.4649,-0.00293352,-0.00281618,-2.4649,-59.1573,-0.00281618,-2.4649,-2.4649,-2.4649,-4.3136,-4.3136,-59.1573,-0.00281618,-16.0218,-14.4684,-45.6004,-47.1538,-0.00217080,-0.00224475,-0.00011734,16.8454,14.9860,-0.0494,-0.6419,-0.0525,218.8151,12.9896,13.0801,17.0694,10.3857,11.0045,21.0062,31.5093,42.0124,42.1647,10.5412,0.0,3.81775,3.831594,1.530778,30,171,130,2,0.04358735,-0.00293352,0.13859161,0E-8,0.000000,0.889618,0.000000,-0.14797496,2026-03-22,2026-08-05,96,1173,774,137,0.700730,0.766291,0.776478,0.145291,,,,,,,,GLOBAL_BASELINE_NO_ENTITY_RANKING,,,NOT_APPLICABLE_GLOBAL_BASELINE,HF9g-P5,,,,X 全窗基线 · 不参与实体赏罚,3927289,393,A168_HF9F_20260827_0900,2026-08-27 09:00:00
2026-06-01,91797317,2155,0,31.1571775752,-31.1571775752,-31.1571775752,0E-7,2,2,0.49324550000000000,0.493245500000,-1.3952362676504506,-1.3952362676504506,-1.3952362676504506,0E-17,ELIGIBLE,R03b_20260811_FULL_v1,L1_ELIGIBILITY,v2026-08-11,2026-03-21..2026-08-06,baccarat_bet02_101_all_pairs_incl_sentinel,round_win = game_pnl > 0 (decisive only),COMPATIBILITY_ONLY_NOT_PRODUCTION,21006.2458,18687.5319,-61.6222,1247,1247,0.00293352,-0.13859161,0.00938335,0.00293352,61.6222,21006.2458,OK,0.0000,-2.4649,4.0000,96.0000,AG03-UNRESOLVED,ALL5_LEVELS_bet23_to_bet27,-2.4649,-2.4649,-2.4649,-4.3136,-4.3136,4.000000,4.000000,4.000000,7.000000,7.000000,96.000000,96.000000,96.000000,93.000000,93.000000,5.0,-16.0218,-14.4684,-45.6004,-47.1538,PENDING_AG03,FALSE,NOT_FOR_ENFORCEMENT,-59.1573,17940.0307,-61.6222,-59.1573,-2.4649,-0.00293352,-0.00281618,-2.4649,-59.1573,-0.00281618,-2.4649,-2.4649,-2.4649,-4.3136,-4.3136,-59.1573,-0.00281618,-16.0218,-14.4684,-45.6004,-47.1538,-0.00217080,-0.00224475,-0.00011734,16.8454,14.9860,-0.0494,-0.6419,-0.0525,218.8151,12.9896,13.0801,17.0694,10.3857,11.0045,21.0062,31.5093,42.0124,42.1647,10.5412,0.0,3.81775,3.831594,1.530778,30,171,130,2,0.04358735,-0.00293352,0.13859161,0E-8,0.000000,0.889618,0.000000,-0.14797496,2026-03-22,2026-08-05,96,1173,774,137,0.700730,0.766291,0.776478,0.145291,,,,,,,,GLOBAL_BASELINE_NO_ENTITY_RANKING,,,NOT_APPLICABLE_GLOBAL_BASELINE,HF9g-P5,,,,X 全窗基线 · 不参与实体赏罚,3927290,393,A168_HF9F_20260827_0900,2026-08-27 09:00:00
2026-06-01,91797317,2169,0,10.3857258584,-10.3857258584,-10.3857258584,0E-7,1,1,0.49324550000000000,0.493245500000,-0.9865810262130424,-0.9865810262130424,-0.9865810262130424,0E-17,ELIGIBLE,R03b_20260811_FULL_v1,L1_ELIGIBILITY,v2026-08-11,2026-03-21..2026-08-06,baccarat_bet02_101_all_pairs_incl_sentinel,round_win = game_pnl > 0 (decisive only),COMPATIBILITY_ONLY_NOT_PRODUCTION,21006.2458,18687.5319,-61.6222,1247,1247,0.00293352,-0.13859161,0.00938335,0.00293352,61.6222,21006.2458,OK,0.0000,-2.4649,4.0000,96.0000,AG03-UNRESOLVED,ALL5_LEVELS_bet23_to_bet27,-2.4649,-2.4649,-2.4649,-4.3136,-4.3136,4.000000,4.000000,4.000000,7.000000,7.000000,96.000000,96.000000,96.000000,93.000000,93.000000,5.0,-16.0218,-14.4684,-45.6004,-47.1538,PENDING_AG03,FALSE,NOT_FOR_ENFORCEMENT,-59.1573,17940.0307,-61.6222,-59.1573,-2.4649,-0.00293352,-0.00281618,-2.4649,-59.1573,-0.00281618,-2.4649,-2.4649,-2.4649,-4.3136,-4.3136,-59.1573,-0.00281618,-16.0218,-14.4684,-45.6004,-47.1538,-0.00217080,-0.00224475,-0.00011734,16.8454,14.9860,-0.0494,-0.6419,-0.0525,218.8151,12.9896,13.0801,17.0694,10.3857,11.0045,21.0062,31.5093,42.0124,42.1647,10.5412,0.0,3.81775,3.831594,1.530778,30,171,130,2,0.04358735,-0.00293352,0.13859161,0E-8,0.000000,0.889618,0.000000,-0.14797496,2026-03-22,2026-08-05,96,1173,774,137,0.700730,0.766291,0.776478,0.145291,,,,,,,,GLOBAL_BASELINE_NO_ENTITY_RANKING,,,NOT_APPLICABLE_GLOBAL_BASELINE,HF9g-P5,,,,X 全窗基线 · 不参与实体赏罚,3927291,393,A168_HF9F_20260827_0900,2026-08-27 09:00:00
2026-06-01,91797317,2171,0,10.3857258584,10.3857258584,10.3857258584,1.0000000,1,1,0.49324550000000000,0.493245500000,1.01360149184955,1.01360149184955,1.01360149184955,0E-17,ELIGIBLE,R03b_20260811_FULL_v1,L1_ELIGIBILITY,v2026-08-11,2026-03-21..2026-08-06,baccarat_bet02_101_all_pairs_incl_sentinel,round_win = game_pnl > 0 (decisive only),COMPATIBILITY_ONLY_NOT_PRODUCTION,21006.2458,18687.5319,-61.6222,1247,1247,0.00293352,-0.13859161,0.00938335,0.00293352,61.6222,21006.2458,OK,0.0000,-2.4649,4.0000,96.0000,AG03-UNRESOLVED,ALL5_LEVELS_bet23_to_bet27,-2.4649,-2.4649,-2.4649,-4.3136,-4.3136,4.000000,4.000000,4.000000,7.000000,7.000000,96.000000,96.000000,96.000000,93.000000,93.000000,5.0,-16.0218,-14.4684,-45.6004,-47.1538,PENDING_AG03,FALSE,NOT_FOR_ENFORCEMENT,-59.1573,17940.0307,-61.6222,-59.1573,-2.4649,-0.00293352,-0.00281618,-2.4649,-59.1573,-0.00281618,-2.4649,-2.4649,-2.4649,-4.3136,-4.3136,-59.1573,-0.00281618,-16.0218,-14.4684,-45.6004,-47.1538,-0.00217080,-0.00224475,-0.00011734,16.8454,14.9860,-0.0494,-0.6419,-0.0525,218.8151,12.9896,13.0801,17.0694,10.3857,11.0045,21.0062,31.5093,42.0124,42.1647,10.5412,0.0,3.81775,3.831594,1.530778,30,171,130,2,0.04358735,-0.00293352,0.13859161,0E-8,0.000000,0.889618,0.000000,-0.14797496,2026-03-22,2026-08-05,96,1173,774,137,0.700730,0.766291,0.776478,0.145291,,,,,,,,GLOBAL_BASELINE_NO_ENTITY_RANKING,,,NOT_APPLICABLE_GLOBAL_BASELINE,HF9g-P5,,,,X 全窗基线 · 不参与实体赏罚,3927292,393,A168_HF9F_20260827_0900,2026-08-27 09:00:00
2026-06-01,91797317,583,0,6.2314355150,6.2314355150,6.2314355150,1.0000000,1,1,0.49324550000000000,0.493245500000,1.01360149184955,1.01360149184955,1.01360149184955,0E-17,ELIGIBLE,R03b_20260811_FULL_v1,L1_ELIGIBILITY,v2026-08-11,2026-03-21..2026-08-06,baccarat_bet02_101_all_pairs_incl_sentinel,round_win = game_pnl > 0 (decisive only),COMPATIBILITY_ONLY_NOT_PRODUCTION,21006.2458,18687.5319,-61.6222,1247,1247,0.00293352,-0.13859161,0.00938335,0.00293352,61.6222,21006.2458,OK,0.0000,-2.4649,4.0000,96.0000,AG03-UNRESOLVED,ALL5_LEVELS_bet23_to_bet27,-2.4649,-2.4649,-2.4649,-4.3136,-4.3136,4.000000,4.000000,4.000000,7.000000,7.000000,96.000000,96.000000,96.000000,93.000000,93.000000,5.0,-16.0218,-14.4684,-45.6004,-47.1538,PENDING_AG03,FALSE,NOT_FOR_ENFORCEMENT,-59.1573,17940.0307,-61.6222,-59.1573,-2.4649,-0.00293352,-0.00281618,-2.4649,-59.1573,-0.00281618,-2.4649,-2.4649,-2.4649,-4.3136,-4.3136,-59.1573,-0.00281618,-16.0218,-14.4684,-45.6004,-47.1538,-0.00217080,-0.00224475,-0.00011734,16.8454,14.9860,-0.0494,-0.6419,-0.0525,218.8151,12.9896,13.0801,17.0694,10.3857,11.0045,21.0062,31.5093,42.0124,42.1647,10.5412,0.0,3.81775,3.831594,1.530778,30,171,130,2,0.04358735,-0.00293352,0.13859161,0E-8,0.000000,0.889618,0.000000,-0.14797496,2026-03-22,2026-08-05,96,1173,774,137,0.700730,0.766291,0.776478,0.145291,,,,,,,,GLOBAL_BASELINE_NO_ENTITY_RANKING,,,NOT_APPLICABLE_GLOBAL_BASELINE,HF9g-P5,,,,X 全窗基线 · 不参与实体赏罚,3927293,393,A168_HF9F_20260827_0900,2026-08-27 09:00:00
2026-06-02,91797317,-1,1,218.1002430264,31.1571775752,31.1571775752,0.6428571,14,14,0.49324550000000000,0.493245500000,1.1196931900793123,1.1196931900793123,1.1196931900793123,0E-17,SENTINEL_DEALER,R03b_20260811_FULL_v1,L1_ELIGIBILITY,v2026-08-11,2026-03-21..2026-08-06,baccarat_bet02_101_all_pairs_incl_sentinel,round_win = game_pnl > 0 (decisive only),COMPATIBILITY_ONLY_NOT_PRODUCTION,21006.2458,18687.5319,-61.6222,1247,1247,0.00293352,-0.13859161,0.00938335,0.00293352,61.6222,21006.2458,OK,0.0000,-2.4649,4.0000,96.0000,AG03-UNRESOLVED,ALL5_LEVELS_bet23_to_bet27,-2.4649,-2.4649,-2.4649,-4.3136,-4.3136,4.000000,4.000000,4.000000,7.000000,7.000000,96.000000,96.000000,96.000000,93.000000,93.000000,5.0,-16.0218,-14.4684,-45.6004,-47.1538,PENDING_AG03,FALSE,NOT_FOR_ENFORCEMENT,-59.1573,17940.0307,-61.6222,-59.1573,-2.4649,-0.00293352,-0.00281618,-2.4649,-59.1573,-0.00281618,-2.4649,-2.4649,-2.4649,-4.3136,-4.3136,-59.1573,-0.00281618,-16.0218,-14.4684,-45.6004,-47.1538,-0.00217080,-0.00224475,-0.00011734,16.8454,14.9860,-0.0494,-0.6419,-0.0525,218.8151,12.9896,13.0801,17.0694,10.3857,11.0045,21.0062,31.5093,42.0124,42.1647,10.5412,0.0,3.81775,3.831594,1.530778,30,171,130,2,0.04358735,-0.00293352,0.13859161,0E-8,0.000000,0.889618,0.000000,-0.14797496,2026-03-22,2026-08-05,96,1173,774,137,0.700730,0.766291,0.776478,0.145291,,,,,,,,GLOBAL_BASELINE_NO_ENTITY_RANKING,,,NOT_APPLICABLE_GLOBAL_BASELINE,HF9g-P5,,,,X 全窗基线 · 不参与实体赏罚,3927294,393,A168_HF9F_20260827_0900,2026-08-27 09:00:00
2026-06-02,91797317,1151,0,20.7714517168,20.7714517168,20.7714517168,1.0000000,1,1,0.49324550000000000,0.493245500000,1.01360149184955,1.01360149184955,1.01360149184955,0E-17,ELIGIBLE,R03b_20260811_FULL_v1,L1_ELIGIBILITY,v2026-08-11,2026-03-21..2026-08-06,baccarat_bet02_101_all_pairs_incl_sentinel,round_win = game_pnl > 0 (decisive only),COMPATIBILITY_ONLY_NOT_PRODUCTION,21006.2458,18687.5319,-61.6222,1247,1247,0.00293352,-0.13859161,0.00938335,0.00293352,61.6222,21006.2458,OK,0.0000,-2.4649,4.0000,96.0000,AG03-UNRESOLVED,ALL5_LEVELS_bet23_to_bet27,-2.4649,-2.4649,-2.4649,-4.3136,-4.3136,4.000000,4.000000,4.000000,7.000000,7.000000,96.000000,96.000000,96.000000,93.000000,93.000000,5.0,-16.0218,-14.4684,-45.6004,-47.1538,PENDING_AG03,FALSE,NOT_FOR_ENFORCEMENT,-59.1573,17940.0307,-61.6222,-59.1573,-2.4649,-0.00293352,-0.00281618,-2.4649,-59.1573,-0.00281618,-2.4649,-2.4649,-2.4649,-4.3136,-4.3136,-59.1573,-0.00281618,-16.0218,-14.4684,-45.6004,-47.1538,-0.00217080,-0.00224475,-0.00011734,16.8454,14.9860,-0.0494,-0.6419,-0.0525,218.8151,12.9896,13.0801,17.0694,10.3857,11.0045,21.0062,31.5093,42.0124,42.1647,10.5412,0.0,3.81775,3.831594,1.530778,30,171,130,2,0.04358735,-0.00293352,0.13859161,0E-8,0.000000,0.889618,0.000000,-0.14797496,2026-03-22,2026-08-05,96,1173,774,137,0.700730,0.766291,0.776478,0.145291,,,,,,,,GLOBAL_BASELINE_NO_ENTITY_RANKING,,,NOT_APPLICABLE_GLOBAL_BASELINE,HF9g-P5,,,,X 全窗基线 · 不参与实体赏罚,3927295,393,A168_HF9F_20260827_0900,2026-08-27 09:00:00
2026-06-02,91797317,1205,0,20.7714517168,-20.7714517168,-20.7714517168,0E-7,1,1,0.49324550000000000,0.493245500000,-0.9865810262130424,-0.9865810262130424,-0.9865810262130424,0E-17,ELIGIBLE,R03b_20260811_FULL_v1,L1_ELIGIBILITY,v2026-08-11,2026-03-21..2026-08-06,baccarat_bet02_101_all_pairs_incl_sentinel,round_win = game_pnl > 0 (decisive only),COMPATIBILITY_ONLY_NOT_PRODUCTION,21006.2458,18687.5319,-61.6222,1247,1247,0.00293352,-0.13859161,0.00938335,0.00293352,61.6222,21006.2458,OK,0.0000,-2.4649,4.0000,96.0000,AG03-UNRESOLVED,ALL5_LEVELS_bet23_to_bet27,-2.4649,-2.4649,-2.4649,-4.3136,-4.3136,4.000000,4.000000,4.000000,7.000000,7.000000,96.000000,96.000000,96.000000,93.000000,93.000000,5.0,-16.0218,-14.4684,-45.6004,-47.1538,PENDING_AG03,FALSE,NOT_FOR_ENFORCEMENT,-59.1573,17940.0307,-61.6222,-59.1573,-2.4649,-0.00293352,-0.00281618,-2.4649,-59.1573,-0.00281618,-2.4649,-2.4649,-2.4649,-4.3136,-4.3136,-59.1573,-0.00281618,-16.0218,-14.4684,-45.6004,-47.1538,-0.00217080,-0.00224475,-0.00011734,16.8454,14.9860,-0.0494,-0.6419,-0.0525,218.8151,12.9896,13.0801,17.0694,10.3857,11.0045,21.0062,31.5093,42.0124,42.1647,10.5412,0.0,3.81775,3.831594,1.530778,30,171,130,2,0.04358735,-0.00293352,0.13859161,0E-8,0.000000,0.889618,0.000000,-0.14797496,2026-03-22,2026-08-05,96,1173,774,137,0.700730,0.766291,0.776478,0.145291,,,,,,,,GLOBAL_BASELINE_NO_ENTITY_RANKING,,,NOT_APPLICABLE_GLOBAL_BASELINE,HF9g-P5,,,,X 全窗基线 · 不参与实体赏罚,3927296,393,A168_HF9F_20260827_0900,2026-08-27 09:00:00
2026-06-02,91797317,1323,0,20.7714517168,20.7714517168,20.7714517168,1.0000000,1,1,0.49324550000000000,0.493245500000,1.01360149184955,1.01360149184955,1.01360149184955,0E-17,ELIGIBLE,R03b_20260811_FULL_v1,L1_ELIGIBILITY,v2026-08-11,2026-03-21..2026-08-06,baccarat_bet02_101_all_pairs_incl_sentinel,round_win = game_pnl > 0 (decisive only),COMPATIBILITY_ONLY_NOT_PRODUCTION,21006.2458,18687.5319,-61.6222,1247,1247,0.00293352,-0.13859161,0.00938335,0.00293352,61.6222,21006.2458,OK,0.0000,-2.4649,4.0000,96.0000,AG03-UNRESOLVED,ALL5_LEVELS_bet23_to_bet27,-2.4649,-2.4649,-2.4649,-4.3136,-4.3136,4.000000,4.000000,4.000000,7.000000,7.000000,96.000000,96.000000,96.000000,93.000000,93.000000,5.0,-16.0218,-14.4684,-45.6004,-47.1538,PENDING_AG03,FALSE,NOT_FOR_ENFORCEMENT,-59.1573,17940.0307,-61.6222,-59.1573,-2.4649,-0.00293352,-0.00281618,-2.4649,-59.1573,-0.00281618,-2.4649,-2.4649,-2.4649,-4.3136,-4.3136,-59.1573,-0.00281618,-16.0218,-14.4684,-45.6004,-47.1538,-0.00217080,-0.00224475,-0.00011734,16.8454,14.9860,-0.0494,-0.6419,-0.0525,218.8151,12.9896,13.0801,17.0694,10.3857,11.0045,21.0062,31.5093,42.0124,42.1647,10.5412,0.0,3.81775,3.831594,1.530778,30,171,130,2,0.04358735,-0.00293352,0.13859161,0E-8,0.000000,0.889618,0.000000,-0.14797496,2026-03-22,2026-08-05,96,1173,774,137,0.700730,0.766291,0.776478,0.145291,,,,,,,,GLOBAL_BASELINE_NO_ENTITY_RANKING,,,NOT_APPLICABLE_GLOBAL_BASELINE,HF9g-P5,,,,X 全窗基线 · 不参与实体赏罚,3927297,393,A168_HF9F_20260827_0900,2026-08-27 09:00:00
2026-06-02,91797317,1330,0,31.1571775752,-10.3857258584,-10.3857258584,0.5000000,2,2,0.49324550000000000,0.493245500000,0.01910635448239258,0.01910635448239258,0.01910635448239258,0E-17,ELIGIBLE,R03b_20260811_FULL_v1,L1_ELIGIBILITY,v2026-08-11,2026-03-21..2026-08-06,baccarat_bet02_101_all_pairs_incl_sentinel,round_win = game_pnl > 0 (decisive only),COMPATIBILITY_ONLY_NOT_PRODUCTION,21006.2458,18687.5319,-61.6222,1247,1247,0.00293352,-0.13859161,0.00938335,0.00293352,61.6222,21006.2458,OK,0.0000,-2.4649,4.0000,96.0000,AG03-UNRESOLVED,ALL5_LEVELS_bet23_to_bet27,-2.4649,-2.4649,-2.4649,-4.3136,-4.3136,4.000000,4.000000,4.000000,7.000000,7.000000,96.000000,96.000000,96.000000,93.000000,93.000000,5.0,-16.0218,-14.4684,-45.6004,-47.1538,PENDING_AG03,FALSE,NOT_FOR_ENFORCEMENT,-59.1573,17940.0307,-61.6222,-59.1573,-2.4649,-0.00293352,-0.00281618,-2.4649,-59.1573,-0.00281618,-2.4649,-2.4649,-2.4649,-4.3136,-4.3136,-59.1573,-0.00281618,-16.0218,-14.4684,-45.6004,-47.1538,-0.00217080,-0.00224475,-0.00011734,16.8454,14.9860,-0.0494,-0.6419,-0.0525,218.8151,12.9896,13.0801,17.0694,10.3857,11.0045,21.0062,31.5093,42.0124,42.1647,10.5412,0.0,3.81775,3.831594,1.530778,30,171,130,2,0.04358735,-0.00293352,0.13859161,0E-8,0.000000,0.889618,0.000000,-0.14797496,2026-03-22,2026-08-05,96,1173,774,137,0.700730,0.766291,0.776478,0.145291,,,,,,,,GLOBAL_BASELINE_NO_ENTITY_RANKING,,,NOT_APPLICABLE_GLOBAL_BASELINE,HF9g-P5,,,,X 全窗基线 · 不参与实体赏罚,3927298,393,A168_HF9F_20260827_0900,2026-08-27 09:00:00
2026-06-02,91797317,1384,0,41.5429034336,-41.5429034336,-41.5429034336,0E-7,2,2,0.49324550000000000,0.493245500000,-1.3952362676504506,-1.3952362676504506,-1.3952362676504506,0E-17,ELIGIBLE,R03b_20260811_FULL_v1,L1_ELIGIBILITY,v2026-08-11,2026-03-21..2026-08-06,baccarat_bet02_101_all_pairs_incl_sentinel,round_win = game_pnl > 0 (decisive only),COMPATIBILITY_ONLY_NOT_PRODUCTION,21006.2458,18687.5319,-61.6222,1247,1247,0.00293352,-0.13859161,0.00938335,0.00293352,61.6222,21006.2458,OK,0.0000,-2.4649,4.0000,96.0000,AG03-UNRESOLVED,ALL5_LEVELS_bet23_to_bet27,-2.4649,-2.4649,-2.4649,-4.3136,-4.3136,4.000000,4.000000,4.000000,7.000000,7.000000,96.000000,96.000000,96.000000,93.000000,93.000000,5.0,-16.0218,-14.4684,-45.6004,-47.1538,PENDING_AG03,FALSE,NOT_FOR_ENFORCEMENT,-59.1573,17940.0307,-61.6222,-59.1573,-2.4649,-0.00293352,-0.00281618,-2.4649,-59.1573,-0.00281618,-2.4649,-2.4649,-2.4649,-4.3136,-4.3136,-59.1573,-0.00281618,-16.0218,-14.4684,-45.6004,-47.1538,-0.00217080,-0.00224475,-0.00011734,16.8454,14.9860,-0.0494,-0.6419,-0.0525,218.8151,12.9896,13.0801,17.0694,10.3857,11.0045,21.0062,31.5093,42.0124,42.1647,10.5412,0.0,3.81775,3.831594,1.530778,30,171,130,2,0.04358735,-0.00293352,0.13859161,0E-8,0.000000,0.889618,0.000000,-0.14797496,2026-03-22,2026-08-05,96,1173,774,137,0.700730,0.766291,0.776478,0.145291,,,,,,,,GLOBAL_BASELINE_NO_ENTITY_RANKING,,,NOT_APPLICABLE_GLOBAL_BASELINE,HF9g-P5,,,,X 全窗基线 · 不参与实体赏罚,3927299,393,A168_HF9F_20260827_0900,2026-08-27 09:00:00
2026-06-02,91797317,1623,0,20.7714517168,-20.7714517168,-20.7714517168,0E-7,1,1,0.49324550000000000,0.493245500000,-0.9865810262130424,-0.9865810262130424,-0.9865810262130424,0E-17,ELIGIBLE,R03b_20260811_FULL_v1,L1_ELIGIBILITY,v2026-08-11,2026-03-21..2026-08-06,baccarat_bet02_101_all_pairs_incl_sentinel,round_win = game_pnl > 0 (decisive only),COMPATIBILITY_ONLY_NOT_PRODUCTION,21006.2458,18687.5319,-61.6222,1247,1247,0.00293352,-0.13859161,0.00938335,0.00293352,61.6222,21006.2458,OK,0.0000,-2.4649,4.0000,96.0000,AG03-UNRESOLVED,ALL5_LEVELS_bet23_to_bet27,-2.4649,-2.4649,-2.4649,-4.3136,-4.3136,4.000000,4.000000,4.000000,7.000000,7.000000,96.000000,96.000000,96.000000,93.000000,93.000000,5.0,-16.0218,-14.4684,-45.6004,-47.1538,PENDING_AG03,FALSE,NOT_FOR_ENFORCEMENT,-59.1573,17940.0307,-61.6222,-59.1573,-2.4649,-0.00293352,-0.00281618,-2.4649,-59.1573,-0.00281618,-2.4649,-2.4649,-2.4649,-4.3136,-4.3136,-59.1573,-0.00281618,-16.0218,-14.4684,-45.6004,-47.1538,-0.00217080,-0.00224475,-0.00011734,16.8454,14.9860,-0.0494,-0.6419,-0.0525,218.8151,12.9896,13.0801,17.0694,10.3857,11.0045,21.0062,31.5093,42.0124,42.1647,10.5412,0.0,3.81775,3.831594,1.530778,30,171,130,2,0.04358735,-0.00293352,0.13859161,0E-8,0.000000,0.889618,0.000000,-0.14797496,2026-03-22,2026-08-05,96,1173,774,137,0.700730,0.766291,0.776478,0.145291,,,,,,,,GLOBAL_BASELINE_NO_ENTITY_RANKING,,,NOT_APPLICABLE_GLOBAL_BASELINE,HF9g-P5,,,,X 全窗基线 · 不参与实体赏罚,3927300,393,A168_HF9F_20260827_0900,2026-08-27 09:00:00
2026-06-02,91797317,1957,0,10.3857258584,10.3857258584,10.3857258584,1.0000000,1,1,0.49324550000000000,0.493245500000,1.01360149184955,1.01360149184955,1.01360149184955,0E-17,ELIGIBLE,R03b_20260811_FULL_v1,L1_ELIGIBILITY,v2026-08-11,2026-03-21..2026-08-06,baccarat_bet02_101_all_pairs_incl_sentinel,round_win = game_pnl > 0 (decisive only),COMPATIBILITY_ONLY_NOT_PRODUCTION,21006.2458,18687.5319,-61.6222,1247,1247,0.00293352,-0.13859161,0.00938335,0.00293352,61.6222,21006.2458,OK,0.0000,-2.4649,4.0000,96.0000,AG03-UNRESOLVED,ALL5_LEVELS_bet23_to_bet27,-2.4649,-2.4649,-2.4649,-4.3136,-4.3136,4.000000,4.000000,4.000000,7.000000,7.000000,96.000000,96.000000,96.000000,93.000000,93.000000,5.0,-16.0218,-14.4684,-45.6004,-47.1538,PENDING_AG03,FALSE,NOT_FOR_ENFORCEMENT,-59.1573,17940.0307,-61.6222,-59.1573,-2.4649,-0.00293352,-0.00281618,-2.4649,-59.1573,-0.00281618,-2.4649,-2.4649,-2.4649,-4.3136,-4.3136,-59.1573,-0.00281618,-16.0218,-14.4684,-45.6004,-47.1538,-0.00217080,-0.00224475,-0.00011734,16.8454,14.9860,-0.0494,-0.6419,-0.0525,218.8151,12.9896,13.0801,17.0694,10.3857,11.0045,21.0062,31.5093,42.0124,42.1647,10.5412,0.0,3.81775,3.831594,1.530778,30,171,130,2,0.04358735,-0.00293352,0.13859161,0E-8,0.000000,0.889618,0.000000,-0.14797496,2026-03-22,2026-08-05,96,1173,774,137,0.700730,0.766291,0.776478,0.145291,,,,,,,,GLOBAL_BASELINE_NO_ENTITY_RANKING,,,NOT_APPLICABLE_GLOBAL_BASELINE,HF9g-P5,,,,X 全窗基线 · 不参与实体赏罚,3927301,393,A168_HF9F_20260827_0900,2026-08-27 09:00:00
2026-06-02,91797317,1985,0,20.7714517168,20.7714517168,20.7714517168,1.0000000,1,1,0.49324550000000000,0.493245500000,1.01360149184955,1.01360149184955,1.01360149184955,0E-17,ELIGIBLE,R03b_20260811_FULL_v1,L1_ELIGIBILITY,v2026-08-11,2026-03-21..2026-08-06,baccarat_bet02_101_all_pairs_incl_sentinel,round_win = game_pnl > 0 (decisive only),COMPATIBILITY_ONLY_NOT_PRODUCTION,21006.2458,18687.5319,-61.6222,1247,1247,0.00293352,-0.13859161,0.00938335,0.00293352,61.6222,21006.2458,OK,0.0000,-2.4649,4.0000,96.0000,AG03-UNRESOLVED,ALL5_LEVELS_bet23_to_bet27,-2.4649,-2.4649,-2.4649,-4.3136,-4.3136,4.000000,4.000000,4.000000,7.000000,7.000000,96.000000,96.000000,96.000000,93.000000,93.000000,5.0,-16.0218,-14.4684,-45.6004,-47.1538,PENDING_AG03,FALSE,NOT_FOR_ENFORCEMENT,-59.1573,17940.0307,-61.6222,-59.1573,-2.4649,-0.00293352,-0.00281618,-2.4649,-59.1573,-0.00281618,-2.4649,-2.4649,-2.4649,-4.3136,-4.3136,-59.1573,-0.00281618,-16.0218,-14.4684,-45.6004,-47.1538,-0.00217080,-0.00224475,-0.00011734,16.8454,14.9860,-0.0494,-0.6419,-0.0525,218.8151,12.9896,13.0801,17.0694,10.3857,11.0045,21.0062,31.5093,42.0124,42.1647,10.5412,0.0,3.81775,3.831594,1.530778,30,171,130,2,0.04358735,-0.00293352,0.13859161,0E-8,0.000000,0.889618,0.000000,-0.14797496,2026-03-22,2026-08-05,96,1173,774,137,0.700730,0.766291,0.776478,0.145291,,,,,,,,GLOBAL_BASELINE_NO_ENTITY_RANKING,,,NOT_APPLICABLE_GLOBAL_BASELINE,HF9g-P5,,,,X 全窗基线 · 不参与实体赏罚,3927302,393,A168_HF9F_20260827_0900,2026-08-27 09:00:00
2026-06-02,91797317,1994,0,31.1571775752,-10.3857258584,-10.3857258584,0.5000000,2,2,0.49324550000000000,0.493245500000,0.01910635448239258,0.01910635448239258,0.01910635448239258,0E-17,ELIGIBLE,R03b_20260811_FULL_v1,L1_ELIGIBILITY,v2026-08-11,2026-03-21..2026-08-06,baccarat_bet02_101_all_pairs_incl_sentinel,round_win = game_pnl > 0 (decisive only),COMPATIBILITY_ONLY_NOT_PRODUCTION,21006.2458,18687.5319,-61.6222,1247,1247,0.00293352,-0.13859161,0.00938335,0.00293352,61.6222,21006.2458,OK,0.0000,-2.4649,4.0000,96.0000,AG03-UNRESOLVED,ALL5_LEVELS_bet23_to_bet27,-2.4649,-2.4649,-2.4649,-4.3136,-4.3136,4.000000,4.000000,4.000000,7.000000,7.000000,96.000000,96.000000,96.000000,93.000000,93.000000,5.0,-16.0218,-14.4684,-45.6004,-47.1538,PENDING_AG03,FALSE,NOT_FOR_ENFORCEMENT,-59.1573,17940.0307,-61.6222,-59.1573,-2.4649,-0.00293352,-0.00281618,-2.4649,-59.1573,-0.00281618,-2.4649,-2.4649,-2.4649,-4.3136,-4.3136,-59.1573,-0.00281618,-16.0218,-14.4684,-45.6004,-47.1538,-0.00217080,-0.00224475,-0.00011734,16.8454,14.9860,-0.0494,-0.6419,-0.0525,218.8151,12.9896,13.0801,17.0694,10.3857,11.0045,21.0062,31.5093,42.0124,42.1647,10.5412,0.0,3.81775,3.831594,1.530778,30,171,130,2,0.04358735,-0.00293352,0.13859161,0E-8,0.000000,0.889618,0.000000,-0.14797496,2026-03-22,2026-08-05,96,1173,774,137,0.700730,0.766291,0.776478,0.145291,,,,,,,,GLOBAL_BASELINE_NO_ENTITY_RANKING,,,NOT_APPLICABLE_GLOBAL_BASELINE,HF9g-P5,,,,X 全窗基线 · 不参与实体赏罚,3927303,393,A168_HF9F_20260827_0900,2026-08-27 09:00:00
2026-06-02,91797317,2093,0,20.7714517168,20.7714517168,20.7714517168,1.0000000,2,2,0.49324550000000000,0.493245500000,1.4334489766152358,1.4334489766152358,1.4334489766152358,0E-17,ELIGIBLE,R03b_20260811_FULL_v1,L1_ELIGIBILITY,v2026-08-11,2026-03-21..2026-08-06,baccarat_bet02_101_all_pairs_incl_sentinel,round_win = game_pnl > 0 (decisive only),COMPATIBILITY_ONLY_NOT_PRODUCTION,21006.2458,18687.5319,-61.6222,1247,1247,0.00293352,-0.13859161,0.00938335,0.00293352,61.6222,21006.2458,OK,0.0000,-2.4649,4.0000,96.0000,AG03-UNRESOLVED,ALL5_LEVELS_bet23_to_bet27,-2.4649,-2.4649,-2.4649,-4.3136,-4.3136,4.000000,4.000000,4.000000,7.000000,7.000000,96.000000,96.000000,96.000000,93.000000,93.000000,5.0,-16.0218,-14.4684,-45.6004,-47.1538,PENDING_AG03,FALSE,NOT_FOR_ENFORCEMENT,-59.1573,17940.0307,-61.6222,-59.1573,-2.4649,-0.00293352,-0.00281618,-2.4649,-59.1573,-0.00281618,-2.4649,-2.4649,-2.4649,-4.3136,-4.3136,-59.1573,-0.00281618,-16.0218,-14.4684,-45.6004,-47.1538,-0.00217080,-0.00224475,-0.00011734,16.8454,14.9860,-0.0494,-0.6419,-0.0525,218.8151,12.9896,13.0801,17.0694,10.3857,11.0045,21.0062,31.5093,42.0124,42.1647,10.5412,0.0,3.81775,3.831594,1.530778,30,171,130,2,0.04358735,-0.00293352,0.13859161,0E-8,0.000000,0.889618,0.000000,-0.14797496,2026-03-22,2026-08-05,96,1173,774,137,0.700730,0.766291,0.776478,0.145291,,,,,,,,GLOBAL_BASELINE_NO_ENTITY_RANKING,,,NOT_APPLICABLE_GLOBAL_BASELINE,HF9g-P5,,,,X 全窗基线 · 不参与实体赏罚,3927304,393,A168_HF9F_20260827_0900,2026-08-27 09:00:00
2026-06-02,91797317,2123,0,10.3857258584,10.3857258584,10.3857258584,1.0000000,1,1,0.49324550000000000,0.493245500000,1.01360149184955,1.01360149184955,1.01360149184955,0E-17,ELIGIBLE,R03b_20260811_FULL_v1,L1_ELIGIBILITY,v2026-08-11,2026-03-21..2026-08-06,baccarat_bet02_101_all_pairs_incl_sentinel,round_win = game_pnl > 0 (decisive only),COMPATIBILITY_ONLY_NOT_PRODUCTION,21006.2458,18687.5319,-61.6222,1247,1247,0.00293352,-0.13859161,0.00938335,0.00293352,61.6222,21006.2458,OK,0.0000,-2.4649,4.0000,96.0000,AG03-UNRESOLVED,ALL5_LEVELS_bet23_to_bet27,-2.4649,-2.4649,-2.4649,-4.3136,-4.3136,4.000000,4.000000,4.000000,7.000000,7.000000,96.000000,96.000000,96.000000,93.000000,93.000000,5.0,-16.0218,-14.4684,-45.6004,-47.1538,PENDING_AG03,FALSE,NOT_FOR_ENFORCEMENT,-59.1573,17940.0307,-61.6222,-59.1573,-2.4649,-0.00293352,-0.00281618,-2.4649,-59.1573,-0.00281618,-2.4649,-2.4649,-2.4649,-4.3136,-4.3136,-59.1573,-0.00281618,-16.0218,-14.4684,-45.6004,-47.1538,-0.00217080,-0.00224475,-0.00011734,16.8454,14.9860,-0.0494,-0.6419,-0.0525,218.8151,12.9896,13.0801,17.0694,10.3857,11.0045,21.0062,31.5093,42.0124,42.1647,10.5412,0.0,3.81775,3.831594,1.530778,30,171,130,2,0.04358735,-0.00293352,0.13859161,0E-8,0.000000,0.889618,0.000000,-0.14797496,2026-03-22,2026-08-05,96,1173,774,137,0.700730,0.766291,0.776478,0.145291,,,,,,,,GLOBAL_BASELINE_NO_ENTITY_RANKING,,,NOT_APPLICABLE_GLOBAL_BASELINE,HF9g-P5,,,,X 全窗基线 · 不参与实体赏罚,3927305,393,A168_HF9F_20260827_0900,2026-08-27 09:00:00
2026-06-02,91797317,2127,0,20.7714517168,20.7714517168,20.7714517168,1.0000000,1,1,0.49324550000000000,0.493245500000,1.01360149184955,1.01360149184955,1.01360149184955,0E-17,ELIGIBLE,R03b_20260811_FULL_v1,L1_ELIGIBILITY,v2026-08-11,2026-03-21..2026-08-06,baccarat_bet02_101_all_pairs_incl_sentinel,round_win = game_pnl > 0 (decisive only),COMPATIBILITY_ONLY_NOT_PRODUCTION,21006.2458,18687.5319,-61.6222,1247,1247,0.00293352,-0.13859161,0.00938335,0.00293352,61.6222,21006.2458,OK,0.0000,-2.4649,4.0000,96.0000,AG03-UNRESOLVED,ALL5_LEVELS_bet23_to_bet27,-2.4649,-2.4649,-2.4649,-4.3136,-4.3136,4.000000,4.000000,4.000000,7.000000,7.000000,96.000000,96.000000,96.000000,93.000000,93.000000,5.0,-16.0218,-14.4684,-45.6004,-47.1538,PENDING_AG03,FALSE,NOT_FOR_ENFORCEMENT,-59.1573,17940.0307,-61.6222,-59.1573,-2.4649,-0.00293352,-0.00281618,-2.4649,-59.1573,-0.00281618,-2.4649,-2.4649,-2.4649,-4.3136,-4.3136,-59.1573,-0.00281618,-16.0218,-14.4684,-45.6004,-47.1538,-0.00217080,-0.00224475,-0.00011734,16.8454,14.9860,-0.0494,-0.6419,-0.0525,218.8151,12.9896,13.0801,17.0694,10.3857,11.0045,21.0062,31.5093,42.0124,42.1647,10.5412,0.0,3.81775,3.831594,1.530778,30,171,130,2,0.04358735,-0.00293352,0.13859161,0E-8,0.000000,0.889618,0.000000,-0.14797496,2026-03-22,2026-08-05,96,1173,774,137,0.700730,0.766291,0.776478,0.145291,,,,,,,,GLOBAL_BASELINE_NO_ENTITY_RANKING,,,NOT_APPLICABLE_GLOBAL_BASELINE,HF9g-P5,,,,X 全窗基线 · 不参与实体赏罚,3927306,393,A168_HF9F_20260827_0900,2026-08-27 09:00:00
2026-06-02,91797317,2155,0,10.3857258584,-10.3857258584,-10.3857258584,0E-7,1,1,0.49324550000000000,0.493245500000,-0.9865810262130424,-0.9865810262130424,-0.9865810262130424,0E-17,ELIGIBLE,R03b_20260811_FULL_v1,L1_ELIGIBILITY,v2026-08-11,2026-03-21..2026-08-06,baccarat_bet02_101_all_pairs_incl_sentinel,round_win = game_pnl > 0 (decisive only),COMPATIBILITY_ONLY_NOT_PRODUCTION,21006.2458,18687.5319,-61.6222,1247,1247,0.00293352,-0.13859161,0.00938335,0.00293352,61.6222,21006.2458,OK,0.0000,-2.4649,4.0000,96.0000,AG03-UNRESOLVED,ALL5_LEVELS_bet23_to_bet27,-2.4649,-2.4649,-2.4649,-4.3136,-4.3136,4.000000,4.000000,4.000000,7.000000,7.000000,96.000000,96.000000,96.000000,93.000000,93.000000,5.0,-16.0218,-14.4684,-45.6004,-47.1538,PENDING_AG03,FALSE,NOT_FOR_ENFORCEMENT,-59.1573,17940.0307,-61.6222,-59.1573,-2.4649,-0.00293352,-0.00281618,-2.4649,-59.1573,-0.00281618,-2.4649,-2.4649,-2.4649,-4.3136,-4.3136,-59.1573,-0.00281618,-16.0218,-14.4684,-45.6004,-47.1538,-0.00217080,-0.00224475,-0.00011734,16.8454,14.9860,-0.0494,-0.6419,-0.0525,218.8151,12.9896,13.0801,17.0694,10.3857,11.0045,21.0062,31.5093,42.0124,42.1647,10.5412,0.0,3.81775,3.831594,1.530778,30,171,130,2,0.04358735,-0.00293352,0.13859161,0E-8,0.000000,0.889618,0.000000,-0.14797496,2026-03-22,2026-08-05,96,1173,774,137,0.700730,0.766291,0.776478,0.145291,,,,,,,,GLOBAL_BASELINE_NO_ENTITY_RANKING,,,NOT_APPLICABLE_GLOBAL_BASELINE,HF9g-P5,,,,X 全窗基线 · 不参与实体赏罚,3927307,393,A168_HF9F_20260827_0900,2026-08-27 09:00:00
2026-06-02,91797317,2169,0,10.3857258584,10.3857258584,10.3857258584,1.0000000,1,1,0.49324550000000000,0.493245500000,1.01360149184955,1.01360149184955,1.01360149184955,0E-17,ELIGIBLE,R03b_20260811_FULL_v1,L1_ELIGIBILITY,v2026-08-11,2026-03-21..2026-08-06,baccarat_bet02_101_all_pairs_incl_sentinel,round_win = game_pnl > 0 (decisive only),COMPATIBILITY_ONLY_NOT_PRODUCTION,21006.2458,18687.5319,-61.6222,1247,1247,0.00293352,-0.13859161,0.00938335,0.00293352,61.6222,21006.2458,OK,0.0000,-2.4649,4.0000,96.0000,AG03-UNRESOLVED,ALL5_LEVELS_bet23_to_bet27,-2.4649,-2.4649,-2.4649,-4.3136,-4.3136,4.000000,4.000000,4.000000,7.000000,7.000000,96.000000,96.000000,96.000000,93.000000,93.000000,5.0,-16.0218,-14.4684,-45.6004,-47.1538,PENDING_AG03,FALSE,NOT_FOR_ENFORCEMENT,-59.1573,17940.0307,-61.6222,-59.1573,-2.4649,-0.00293352,-0.00281618,-2.4649,-59.1573,-0.00281618,-2.4649,-2.4649,-2.4649,-4.3136,-4.3136,-59.1573,-0.00281618,-16.0218,-14.4684,-45.6004,-47.1538,-0.00217080,-0.00224475,-0.00011734,16.8454,14.9860,-0.0494,-0.6419,-0.0525,218.8151,12.9896,13.0801,17.0694,10.3857,11.0045,21.0062,31.5093,42.0124,42.1647,10.5412,0.0,3.81775,3.831594,1.530778,30,171,130,2,0.04358735,-0.00293352,0.13859161,0E-8,0.000000,0.889618,0.000000,-0.14797496,2026-03-22,2026-08-05,96,1173,774,137,0.700730,0.766291,0.776478,0.145291,,,,,,,,GLOBAL_BASELINE_NO_ENTITY_RANKING,,,NOT_APPLICABLE_GLOBAL_BASELINE,HF9g-P5,,,,X 全窗基线 · 不参与实体赏罚,3927308,393,A168_HF9F_20260827_0900,2026-08-27 09:00:00
2026-06-02,91797317,2171,0,20.7714517168,20.7714517168,20.7714517168,1.0000000,1,1,0.49324550000000000,0.493245500000,1.01360149184955,1.01360149184955,1.01360149184955,0E-17,ELIGIBLE,R03b_20260811_FULL_v1,L1_ELIGIBILITY,v2026-08-11,2026-03-21..2026-08-06,baccarat_bet02_101_all_pairs_incl_sentinel,round_win = game_pnl > 0 (decisive only),COMPATIBILITY_ONLY_NOT_PRODUCTION,21006.2458,18687.5319,-61.6222,1247,1247,0.00293352,-0.13859161,0.00938335,0.00293352,61.6222,21006.2458,OK,0.0000,-2.4649,4.0000,96.0000,AG03-UNRESOLVED,ALL5_LEVELS_bet23_to_bet27,-2.4649,-2.4649,-2.4649,-4.3136,-4.3136,4.000000,4.000000,4.000000,7.000000,7.000000,96.000000,96.000000,96.000000,93.000000,93.000000,5.0,-16.0218,-14.4684,-45.6004,-47.1538,PENDING_AG03,FALSE,NOT_FOR_ENFORCEMENT,-59.1573,17940.0307,-61.6222,-59.1573,-2.4649,-0.00293352,-0.00281618,-2.4649,-59.1573,-0.00281618,-2.4649,-2.4649,-2.4649,-4.3136,-4.3136,-59.1573,-0.00281618,-16.0218,-14.4684,-45.6004,-47.1538,-0.00217080,-0.00224475,-0.00011734,16.8454,14.9860,-0.0494,-0.6419,-0.0525,218.8151,12.9896,13.0801,17.0694,10.3857,11.0045,21.0062,31.5093,42.0124,42.1647,10.5412,0.0,3.81775,3.831594,1.530778,30,171,130,2,0.04358735,-0.00293352,0.13859161,0E-8,0.000000,0.889618,0.000000,-0.14797496,2026-03-22,2026-08-05,96,1173,774,137,0.700730,0.766291,0.776478,0.145291,,,,,,,,GLOBAL_BASELINE_NO_ENTITY_RANKING,,,NOT_APPLICABLE_GLOBAL_BASELINE,HF9g-P5,,,,X 全窗基线 · 不参与实体赏罚,3927309,393,A168_HF9F_20260827_0900,2026-08-27 09:00:00
2026-06-02,91797317,2177,0,51.9286292920,10.3857258584,10.3857258584,0.5000000,3,3,0.49324550000000000,0.493245500000,0.01910635448239258,0.01910635448239258,0.01910635448239258,0E-17,ELIGIBLE,R03b_20260811_FULL_v1,L1_ELIGIBILITY,v2026-08-11,2026-03-21..2026-08-06,baccarat_bet02_101_all_pairs_incl_sentinel,round_win = game_pnl > 0 (decisive only),COMPATIBILITY_ONLY_NOT_PRODUCTION,21006.2458,18687.5319,-61.6222,1247,1247,0.00293352,-0.13859161,0.00938335,0.00293352,61.6222,21006.2458,OK,0.0000,-2.4649,4.0000,96.0000,AG03-UNRESOLVED,ALL5_LEVELS_bet23_to_bet27,-2.4649,-2.4649,-2.4649,-4.3136,-4.3136,4.000000,4.000000,4.000000,7.000000,7.000000,96.000000,96.000000,96.000000,93.000000,93.000000,5.0,-16.0218,-14.4684,-45.6004,-47.1538,PENDING_AG03,FALSE,NOT_FOR_ENFORCEMENT,-59.1573,17940.0307,-61.6222,-59.1573,-2.4649,-0.00293352,-0.00281618,-2.4649,-59.1573,-0.00281618,-2.4649,-2.4649,-2.4649,-4.3136,-4.3136,-59.1573,-0.00281618,-16.0218,-14.4684,-45.6004,-47.1538,-0.00217080,-0.00224475,-0.00011734,16.8454,14.9860,-0.0494,-0.6419,-0.0525,218.8151,12.9896,13.0801,17.0694,10.3857,11.0045,21.0062,31.5093,42.0124,42.1647,10.5412,0.0,3.81775,3.831594,1.530778,30,171,130,2,0.04358735,-0.00293352,0.13859161,0E-8,0.000000,0.889618,0.000000,-0.14797496,2026-03-22,2026-08-05,96,1173,774,137,0.700730,0.766291,0.776478,0.145291,,,,,,,,GLOBAL_BASELINE_NO_ENTITY_RANKING,,,NOT_APPLICABLE_GLOBAL_BASELINE,HF9g-P5,,,,X 全窗基线 · 不参与实体赏罚,3927310,393,A168_HF9F_20260827_0900,2026-08-27 09:00:00
2026-06-02,91797317,2188,0,20.7714517168,-20.7714517168,-20.7714517168,0E-7,1,1,0.49324550000000000,0.493245500000,-0.9865810262130424,-0.9865810262130424,-0.9865810262130424,0E-17,ELIGIBLE,R03b_20260811_FULL_v1,L1_ELIGIBILITY,v2026-08-11,2026-03-21..2026-08-06,baccarat_bet02_101_all_pairs_incl_sentinel,round_win = game_pnl > 0 (decisive only),COMPATIBILITY_ONLY_NOT_PRODUCTION,21006.2458,18687.5319,-61.6222,1247,1247,0.00293352,-0.13859161,0.00938335,0.00293352,61.6222,21006.2458,OK,0.0000,-2.4649,4.0000,96.0000,AG03-UNRESOLVED,ALL5_LEVELS_bet23_to_bet27,-2.4649,-2.4649,-2.4649,-4.3136,-4.3136,4.000000,4.000000,4.000000,7.000000,7.000000,96.000000,96.000000,96.000000,93.000000,93.000000,5.0,-16.0218,-14.4684,-45.6004,-47.1538,PENDING_AG03,FALSE,NOT_FOR_ENFORCEMENT,-59.1573,17940.0307,-61.6222,-59.1573,-2.4649,-0.00293352,-0.00281618,-2.4649,-59.1573,-0.00281618,-2.4649,-2.4649,-2.4649,-4.3136,-4.3136,-59.1573,-0.00281618,-16.0218,-14.4684,-45.6004,-47.1538,-0.00217080,-0.00224475,-0.00011734,16.8454,14.9860,-0.0494,-0.6419,-0.0525,218.8151,12.9896,13.0801,17.0694,10.3857,11.0045,21.0062,31.5093,42.0124,42.1647,10.5412,0.0,3.81775,3.831594,1.530778,30,171,130,2,0.04358735,-0.00293352,0.13859161,0E-8,0.000000,0.889618,0.000000,-0.14797496,2026-03-22,2026-08-05,96,1173,774,137,0.700730,0.766291,0.776478,0.145291,,,,,,,,GLOBAL_BASELINE_NO_ENTITY_RANKING,,,NOT_APPLICABLE_GLOBAL_BASELINE,HF9g-P5,,,,X 全窗基线 · 不参与实体赏罚,3927311,393,A168_HF9F_20260827_0900,2026-08-27 09:00:00
2026-06-02,91797317,2196,0,10.3857258584,-10.3857258584,-10.3857258584,0E-7,1,1,0.49324550000000000,0.493245500000,-0.9865810262130424,-0.9865810262130424,-0.9865810262130424,0E-17,ELIGIBLE,R03b_20260811_FULL_v1,L1_ELIGIBILITY,v2026-08-11,2026-03-21..2026-08-06,baccarat_bet02_101_all_pairs_incl_sentinel,round_win = game_pnl > 0 (decisive only),COMPATIBILITY_ONLY_NOT_PRODUCTION,21006.2458,18687.5319,-61.6222,1247,1247,0.00293352,-0.13859161,0.00938335,0.00293352,61.6222,21006.2458,OK,0.0000,-2.4649,4.0000,96.0000,AG03-UNRESOLVED,ALL5_LEVELS_bet23_to_bet27,-2.4649,-2.4649,-2.4649,-4.3136,-4.3136,4.000000,4.000000,4.000000,7.000000,7.000000,96.000000,96.000000,96.000000,93.000000,93.000000,5.0,-16.0218,-14.4684,-45.6004,-47.1538,PENDING_AG03,FALSE,NOT_FOR_ENFORCEMENT,-59.1573,17940.0307,-61.6222,-59.1573,-2.4649,-0.00293352,-0.00281618,-2.4649,-59.1573,-0.00281618,-2.4649,-2.4649,-2.4649,-4.3136,-4.3136,-59.1573,-0.00281618,-16.0218,-14.4684,-45.6004,-47.1538,-0.00217080,-0.00224475,-0.00011734,16.8454,14.9860,-0.0494,-0.6419,-0.0525,218.8151,12.9896,13.0801,17.0694,10.3857,11.0045,21.0062,31.5093,42.0124,42.1647,10.5412,0.0,3.81775,3.831594,1.530778,30,171,130,2,0.04358735,-0.00293352,0.13859161,0E-8,0.000000,0.889618,0.000000,-0.14797496,2026-03-22,2026-08-05,96,1173,774,137,0.700730,0.766291,0.776478,0.145291,,,,,,,,GLOBAL_BASELINE_NO_ENTITY_RANKING,,,NOT_APPLICABLE_GLOBAL_BASELINE,HF9g-P5,,,,X 全窗基线 · 不参与实体赏罚,3927312,393,A168_HF9F_20260827_0900,2026-08-27 09:00:00
2026-06-02,91797317,2224,0,20.7714517168,20.7714517168,20.7714517168,1.0000000,1,1,0.49324550000000000,0.493245500000,1.01360149184955,1.01360149184955,1.01360149184955,0E-17,ELIGIBLE,R03b_20260811_FULL_v1,L1_ELIGIBILITY,v2026-08-11,2026-03-21..2026-08-06,baccarat_bet02_101_all_pairs_incl_sentinel,round_win = game_pnl > 0 (decisive only),COMPATIBILITY_ONLY_NOT_PRODUCTION,21006.2458,18687.5319,-61.6222,1247,1247,0.00293352,-0.13859161,0.00938335,0.00293352,61.6222,21006.2458,OK,0.0000,-2.4649,4.0000,96.0000,AG03-UNRESOLVED,ALL5_LEVELS_bet23_to_bet27,-2.4649,-2.4649,-2.4649,-4.3136,-4.3136,4.000000,4.000000,4.000000,7.000000,7.000000,96.000000,96.000000,96.000000,93.000000,93.000000,5.0,-16.0218,-14.4684,-45.6004,-47.1538,PENDING_AG03,FALSE,NOT_FOR_ENFORCEMENT,-59.1573,17940.0307,-61.6222,-59.1573,-2.4649,-0.00293352,-0.00281618,-2.4649,-59.1573,-0.00281618,-2.4649,-2.4649,-2.4649,-4.3136,-4.3136,-59.1573,-0.00281618,-16.0218,-14.4684,-45.6004,-47.1538,-0.00217080,-0.00224475,-0.00011734,16.8454,14.9860,-0.0494,-0.6419,-0.0525,218.8151,12.9896,13.0801,17.0694,10.3857,11.0045,21.0062,31.5093,42.0124,42.1647,10.5412,0.0,3.81775,3.831594,1.530778,30,171,130,2,0.04358735,-0.00293352,0.13859161,0E-8,0.000000,0.889618,0.000000,-0.14797496,2026-03-22,2026-08-05,96,1173,774,137,0.700730,0.766291,0.776478,0.145291,,,,,,,,GLOBAL_BASELINE_NO_ENTITY_RANKING,,,NOT_APPLICABLE_GLOBAL_BASELINE,HF9g-P5,,,,X 全窗基线 · 不参与实体赏罚,3927313,393,A168_HF9F_20260827_0900,2026-08-27 09:00:00
2026-06-02,91797317,2251,0,10.3857258584,0E-10,0E-10,,1,1,0.49324550000000000,0.493245500000,,,,0E-17,NO_DECISIVE_ROUND,R03b_20260811_FULL_v1,L1_ELIGIBILITY,v2026-08-11,2026-03-21..2026-08-06,baccarat_bet02_101_all_pairs_incl_sentinel,round_win = game_pnl > 0 (decisive only),COMPATIBILITY_ONLY_NOT_PRODUCTION,21006.2458,18687.5319,-61.6222,1247,1247,0.00293352,-0.13859161,0.00938335,0.00293352,61.6222,21006.2458,OK,0.0000,-2.4649,4.0000,96.0000,AG03-UNRESOLVED,ALL5_LEVELS_bet23_to_bet27,-2.4649,-2.4649,-2.4649,-4.3136,-4.3136,4.000000,4.000000,4.000000,7.000000,7.000000,96.000000,96.000000,96.000000,93.000000,93.000000,5.0,-16.0218,-14.4684,-45.6004,-47.1538,PENDING_AG03,FALSE,NOT_FOR_ENFORCEMENT,-59.1573,17940.0307,-61.6222,-59.1573,-2.4649,-0.00293352,-0.00281618,-2.4649,-59.1573,-0.00281618,-2.4649,-2.4649,-2.4649,-4.3136,-4.3136,-59.1573,-0.00281618,-16.0218,-14.4684,-45.6004,-47.1538,-0.00217080,-0.00224475,-0.00011734,16.8454,14.9860,-0.0494,-0.6419,-0.0525,218.8151,12.9896,13.0801,17.0694,10.3857,11.0045,21.0062,31.5093,42.0124,42.1647,10.5412,0.0,3.81775,3.831594,1.530778,30,171,130,2,0.04358735,-0.00293352,0.13859161,0E-8,0.000000,0.889618,0.000000,-0.14797496,2026-03-22,2026-08-05,96,1173,774,137,0.700730,0.766291,0.776478,0.145291,,,,,,,,GLOBAL_BASELINE_NO_ENTITY_RANKING,,,NOT_APPLICABLE_GLOBAL_BASELINE,HF9g-P5,,,,X 全窗基线 · 不参与实体赏罚,3927314,393,A168_HF9F_20260827_0900,2026-08-27 09:00:00
2026-06-02,91797317,2256,0,10.3857258584,-10.3857258584,-10.3857258584,0E-7,1,1,0.49324550000000000,0.493245500000,-0.9865810262130424,-0.9865810262130424,-0.9865810262130424,0E-17,ELIGIBLE,R03b_20260811_FULL_v1,L1_ELIGIBILITY,v2026-08-11,2026-03-21..2026-08-06,baccarat_bet02_101_all_pairs_incl_sentinel,round_win = game_pnl > 0 (decisive only),COMPATIBILITY_ONLY_NOT_PRODUCTION,21006.2458,18687.5319,-61.6222,1247,1247,0.00293352,-0.13859161,0.00938335,0.00293352,61.6222,21006.2458,OK,0.0000,-2.4649,4.0000,96.0000,AG03-UNRESOLVED,ALL5_LEVELS_bet23_to_bet27,-2.4649,-2.4649,-2.4649,-4.3136,-4.3136,4.000000,4.000000,4.000000,7.000000,7.000000,96.000000,96.000000,96.000000,93.000000,93.000000,5.0,-16.0218,-14.4684,-45.6004,-47.1538,PENDING_AG03,FALSE,NOT_FOR_ENFORCEMENT,-59.1573,17940.0307,-61.6222,-59.1573,-2.4649,-0.00293352,-0.00281618,-2.4649,-59.1573,-0.00281618,-2.4649,-2.4649,-2.4649,-4.3136,-4.3136,-59.1573,-0.00281618,-16.0218,-14.4684,-45.6004,-47.1538,-0.00217080,-0.00224475,-0.00011734,16.8454,14.9860,-0.0494,-0.6419,-0.0525,218.8151,12.9896,13.0801,17.0694,10.3857,11.0045,21.0062,31.5093,42.0124,42.1647,10.5412,0.0,3.81775,3.831594,1.530778,30,171,130,2,0.04358735,-0.00293352,0.13859161,0E-8,0.000000,0.889618,0.000000,-0.14797496,2026-03-22,2026-08-05,96,1173,774,137,0.700730,0.766291,0.776478,0.145291,,,,,,,,GLOBAL_BASELINE_NO_ENTITY_RANKING,,,NOT_APPLICABLE_GLOBAL_BASELINE,HF9g-P5,,,,X 全窗基线 · 不参与实体赏罚,3927315,393,A168_HF9F_20260827_0900,2026-08-27 09:00:00
2026-06-02,91797317,2278,0,20.7714517168,20.7714517168,20.7714517168,1.0000000,1,1,0.49324550000000000,0.493245500000,1.01360149184955,1.01360149184955,1.01360149184955,0E-17,ELIGIBLE,R03b_20260811_FULL_v1,L1_ELIGIBILITY,v2026-08-11,2026-03-21..2026-08-06,baccarat_bet02_101_all_pairs_incl_sentinel,round_win = game_pnl > 0 (decisive only),COMPATIBILITY_ONLY_NOT_PRODUCTION,21006.2458,18687.5319,-61.6222,1247,1247,0.00293352,-0.13859161,0.00938335,0.00293352,61.6222,21006.2458,OK,0.0000,-2.4649,4.0000,96.0000,AG03-UNRESOLVED,ALL5_LEVELS_bet23_to_bet27,-2.4649,-2.4649,-2.4649,-4.3136,-4.3136,4.000000,4.000000,4.000000,7.000000,7.000000,96.000000,96.000000,96.000000,93.000000,93.000000,5.0,-16.0218,-14.4684,-45.6004,-47.1538,PENDING_AG03,FALSE,NOT_FOR_ENFORCEMENT,-59.1573,17940.0307,-61.6222,-59.1573,-2.4649,-0.00293352,-0.00281618,-2.4649,-59.1573,-0.00281618,-2.4649,-2.4649,-2.4649,-4.3136,-4.3136,-59.1573,-0.00281618,-16.0218,-14.4684,-45.6004,-47.1538,-0.00217080,-0.00224475,-0.00011734,16.8454,14.9860,-0.0494,-0.6419,-0.0525,218.8151,12.9896,13.0801,17.0694,10.3857,11.0045,21.0062,31.5093,42.0124,42.1647,10.5412,0.0,3.81775,3.831594,1.530778,30,171,130,2,0.04358735,-0.00293352,0.13859161,0E-8,0.000000,0.889618,0.000000,-0.14797496,2026-03-22,2026-08-05,96,1173,774,137,0.700730,0.766291,0.776478,0.145291,,,,,,,,GLOBAL_BASELINE_NO_ENTITY_RANKING,,,NOT_APPLICABLE_GLOBAL_BASELINE,HF9g-P5,,,,X 全窗基线 · 不参与实体赏罚,3927316,393,A168_HF9F_20260827_0900,2026-08-27 09:00:00
2026-06-02,91797317,583,0,10.3857258584,10.3857258584,10.3857258584,1.0000000,1,1,0.49324550000000000,0.493245500000,1.01360149184955,1.01360149184955,1.01360149184955,0E-17,ELIGIBLE,R03b_20260811_FULL_v1,L1_ELIGIBILITY,v2026-08-11,2026-03-21..2026-08-06,baccarat_bet02_101_all_pairs_incl_sentinel,round_win = game_pnl > 0 (decisive only),COMPATIBILITY_ONLY_NOT_PRODUCTION,21006.2458,18687.5319,-61.6222,1247,1247,0.00293352,-0.13859161,0.00938335,0.00293352,61.6222,21006.2458,OK,0.0000,-2.4649,4.0000,96.0000,AG03-UNRESOLVED,ALL5_LEVELS_bet23_to_bet27,-2.4649,-2.4649,-2.4649,-4.3136,-4.3136,4.000000,4.000000,4.000000,7.000000,7.000000,96.000000,96.000000,96.000000,93.000000,93.000000,5.0,-16.0218,-14.4684,-45.6004,-47.1538,PENDING_AG03,FALSE,NOT_FOR_ENFORCEMENT,-59.1573,17940.0307,-61.6222,-59.1573,-2.4649,-0.00293352,-0.00281618,-2.4649,-59.1573,-0.00281618,-2.4649,-2.4649,-2.4649,-4.3136,-4.3136,-59.1573,-0.00281618,-16.0218,-14.4684,-45.6004,-47.1538,-0.00217080,-0.00224475,-0.00011734,16.8454,14.9860,-0.0494,-0.6419,-0.0525,218.8151,12.9896,13.0801,17.0694,10.3857,11.0045,21.0062,31.5093,42.0124,42.1647,10.5412,0.0,3.81775,3.831594,1.530778,30,171,130,2,0.04358735,-0.00293352,0.13859161,0E-8,0.000000,0.889618,0.000000,-0.14797496,2026-03-22,2026-08-05,96,1173,774,137,0.700730,0.766291,0.776478,0.145291,,,,,,,,GLOBAL_BASELINE_NO_ENTITY_RANKING,,,NOT_APPLICABLE_GLOBAL_BASELINE,HF9g-P5,,,,X 全窗基线 · 不参与实体赏罚,3927317,393,A168_HF9F_20260827_0900,2026-08-27 09:00:00
2026-06-02,91797317,752,0,10.3857258584,10.3857258584,10.3857258584,1.0000000,1,1,0.49324550000000000,0.493245500000,1.01360149184955,1.01360149184955,1.01360149184955,0E-17,ELIGIBLE,R03b_20260811_FULL_v1,L1_ELIGIBILITY,v2026-08-11,2026-03-21..2026-08-06,baccarat_bet02_101_all_pairs_incl_sentinel,round_win = game_pnl > 0 (decisive only),COMPATIBILITY_ONLY_NOT_PRODUCTION,21006.2458,18687.5319,-61.6222,1247,1247,0.00293352,-0.13859161,0.00938335,0.00293352,61.6222,21006.2458,OK,0.0000,-2.4649,4.0000,96.0000,AG03-UNRESOLVED,ALL5_LEVELS_bet23_to_bet27,-2.4649,-2.4649,-2.4649,-4.3136,-4.3136,4.000000,4.000000,4.000000,7.000000,7.000000,96.000000,96.000000,96.000000,93.000000,93.000000,5.0,-16.0218,-14.4684,-45.6004,-47.1538,PENDING_AG03,FALSE,NOT_FOR_ENFORCEMENT,-59.1573,17940.0307,-61.6222,-59.1573,-2.4649,-0.00293352,-0.00281618,-2.4649,-59.1573,-0.00281618,-2.4649,-2.4649,-2.4649,-4.3136,-4.3136,-59.1573,-0.00281618,-16.0218,-14.4684,-45.6004,-47.1538,-0.00217080,-0.00224475,-0.00011734,16.8454,14.9860,-0.0494,-0.6419,-0.0525,218.8151,12.9896,13.0801,17.0694,10.3857,11.0045,21.0062,31.5093,42.0124,42.1647,10.5412,0.0,3.81775,3.831594,1.530778,30,171,130,2,0.04358735,-0.00293352,0.13859161,0E-8,0.000000,0.889618,0.000000,-0.14797496,2026-03-22,2026-08-05,96,1173,774,137,0.700730,0.766291,0.776478,0.145291,,,,,,,,GLOBAL_BASELINE_NO_ENTITY_RANKING,,,NOT_APPLICABLE_GLOBAL_BASELINE,HF9g-P5,,,,X 全窗基线 · 不参与实体赏罚,3927318,393,A168_HF9F_20260827_0900,2026-08-27 09:00:00
2026-06-02,91797317,763,0,10.3857258584,0E-10,0E-10,,1,1,0.49324550000000000,0.493245500000,,,,0E-17,NO_DECISIVE_ROUND,R03b_20260811_FULL_v1,L1_ELIGIBILITY,v2026-08-11,2026-03-21..2026-08-06,baccarat_bet02_101_all_pairs_incl_sentinel,round_win = game_pnl > 0 (decisive only),COMPATIBILITY_ONLY_NOT_PRODUCTION,21006.2458,18687.5319,-61.6222,1247,1247,0.00293352,-0.13859161,0.00938335,0.00293352,61.6222,21006.2458,OK,0.0000,-2.4649,4.0000,96.0000,AG03-UNRESOLVED,ALL5_LEVELS_bet23_to_bet27,-2.4649,-2.4649,-2.4649,-4.3136,-4.3136,4.000000,4.000000,4.000000,7.000000,7.000000,96.000000,96.000000,96.000000,93.000000,93.000000,5.0,-16.0218,-14.4684,-45.6004,-47.1538,PENDING_AG03,FALSE,NOT_FOR_ENFORCEMENT,-59.1573,17940.0307,-61.6222,-59.1573,-2.4649,-0.00293352,-0.00281618,-2.4649,-59.1573,-0.00281618,-2.4649,-2.4649,-2.4649,-4.3136,-4.3136,-59.1573,-0.00281618,-16.0218,-14.4684,-45.6004,-47.1538,-0.00217080,-0.00224475,-0.00011734,16.8454,14.9860,-0.0494,-0.6419,-0.0525,218.8151,12.9896,13.0801,17.0694,10.3857,11.0045,21.0062,31.5093,42.0124,42.1647,10.5412,0.0,3.81775,3.831594,1.530778,30,171,130,2,0.04358735,-0.00293352,0.13859161,0E-8,0.000000,0.889618,0.000000,-0.14797496,2026-03-22,2026-08-05,96,1173,774,137,0.700730,0.766291,0.776478,0.145291,,,,,,,,GLOBAL_BASELINE_NO_ENTITY_RANKING,,,NOT_APPLICABLE_GLOBAL_BASELINE,HF9g-P5,,,,X 全窗基线 · 不参与实体赏罚,3927319,393,A168_HF9F_20260827_0900,2026-08-27 09:00:00
2026-06-02,91797317,919,0,10.3857258584,-10.3857258584,-10.3857258584,0E-7,1,1,0.49324550000000000,0.493245500000,-0.9865810262130424,-0.9865810262130424,-0.9865810262130424,0E-17,ELIGIBLE,R03b_20260811_FULL_v1,L1_ELIGIBILITY,v2026-08-11,2026-03-21..2026-08-06,baccarat_bet02_101_all_pairs_incl_sentinel,round_win = game_pnl > 0 (decisive only),COMPATIBILITY_ONLY_NOT_PRODUCTION,21006.2458,18687.5319,-61.6222,1247,1247,0.00293352,-0.13859161,0.00938335,0.00293352,61.6222,21006.2458,OK,0.0000,-2.4649,4.0000,96.0000,AG03-UNRESOLVED,ALL5_LEVELS_bet23_to_bet27,-2.4649,-2.4649,-2.4649,-4.3136,-4.3136,4.000000,4.000000,4.000000,7.000000,7.000000,96.000000,96.000000,96.000000,93.000000,93.000000,5.0,-16.0218,-14.4684,-45.6004,-47.1538,PENDING_AG03,FALSE,NOT_FOR_ENFORCEMENT,-59.1573,17940.0307,-61.6222,-59.1573,-2.4649,-0.00293352,-0.00281618,-2.4649,-59.1573,-0.00281618,-2.4649,-2.4649,-2.4649,-4.3136,-4.3136,-59.1573,-0.00281618,-16.0218,-14.4684,-45.6004,-47.1538,-0.00217080,-0.00224475,-0.00011734,16.8454,14.9860,-0.0494,-0.6419,-0.0525,218.8151,12.9896,13.0801,17.0694,10.3857,11.0045,21.0062,31.5093,42.0124,42.1647,10.5412,0.0,3.81775,3.831594,1.530778,30,171,130,2,0.04358735,-0.00293352,0.13859161,0E-8,0.000000,0.889618,0.000000,-0.14797496,2026-03-22,2026-08-05,96,1173,774,137,0.700730,0.766291,0.776478,0.145291,,,,,,,,GLOBAL_BASELINE_NO_ENTITY_RANKING,,,NOT_APPLICABLE_GLOBAL_BASELINE,HF9g-P5,,,,X 全窗基线 · 不参与实体赏罚,3927320,393,A168_HF9F_20260827_0900,2026-08-27 09:00:00
2026-06-02,91797317,986,0,10.3857258584,-10.3857258584,-10.3857258584,0E-7,1,1,0.49324550000000000,0.493245500000,-0.9865810262130424,-0.9865810262130424,-0.9865810262130424,0E-17,ELIGIBLE,R03b_20260811_FULL_v1,L1_ELIGIBILITY,v2026-08-11,2026-03-21..2026-08-06,baccarat_bet02_101_all_pairs_incl_sentinel,round_win = game_pnl > 0 (decisive only),COMPATIBILITY_ONLY_NOT_PRODUCTION,21006.2458,18687.5319,-61.6222,1247,1247,0.00293352,-0.13859161,0.00938335,0.00293352,61.6222,21006.2458,OK,0.0000,-2.4649,4.0000,96.0000,AG03-UNRESOLVED,ALL5_LEVELS_bet23_to_bet27,-2.4649,-2.4649,-2.4649,-4.3136,-4.3136,4.000000,4.000000,4.000000,7.000000,7.000000,96.000000,96.000000,96.000000,93.000000,93.000000,5.0,-16.0218,-14.4684,-45.6004,-47.1538,PENDING_AG03,FALSE,NOT_FOR_ENFORCEMENT,-59.1573,17940.0307,-61.6222,-59.1573,-2.4649,-0.00293352,-0.00281618,-2.4649,-59.1573,-0.00281618,-2.4649,-2.4649,-2.4649,-4.3136,-4.3136,-59.1573,-0.00281618,-16.0218,-14.4684,-45.6004,-47.1538,-0.00217080,-0.00224475,-0.00011734,16.8454,14.9860,-0.0494,-0.6419,-0.0525,218.8151,12.9896,13.0801,17.0694,10.3857,11.0045,21.0062,31.5093,42.0124,42.1647,10.5412,0.0,3.81775,3.831594,1.530778,30,171,130,2,0.04358735,-0.00293352,0.13859161,0E-8,0.000000,0.889618,0.000000,-0.14797496,2026-03-22,2026-08-05,96,1173,774,137,0.700730,0.766291,0.776478,0.145291,,,,,,,,GLOBAL_BASELINE_NO_ENTITY_RANKING,,,NOT_APPLICABLE_GLOBAL_BASELINE,HF9g-P5,,,,X 全窗基线 · 不参与实体赏罚,3927321,393,A168_HF9F_20260827_0900,2026-08-27 09:00:00
2026-06-03,91797317,-1,1,72.7000810087,-31.1571775751,-31.1571775751,0.3333333,3,3,0.49324550000000000,0.493245500000,-0.5540025479526107,-0.5540025479526106,-0.5540025479526107,0E-17,SENTINEL_DEALER,R03b_20260811_FULL_v1,L1_ELIGIBILITY,v2026-08-11,2026-03-21..2026-08-06,baccarat_bet02_101_all_pairs_incl_sentinel,round_win = game_pnl > 0 (decisive only),COMPATIBILITY_ONLY_NOT_PRODUCTION,21006.2458,18687.5319,-61.6222,1247,1247,0.00293352,-0.13859161,0.00938335,0.00293352,61.6222,21006.2458,OK,0.0000,-2.4649,4.0000,96.0000,AG03-UNRESOLVED,ALL5_LEVELS_bet23_to_bet27,-2.4649,-2.4649,-2.4649,-4.3136,-4.3136,4.000000,4.000000,4.000000,7.000000,7.000000,96.000000,96.000000,96.000000,93.000000,93.000000,5.0,-16.0218,-14.4684,-45.6004,-47.1538,PENDING_AG03,FALSE,NOT_FOR_ENFORCEMENT,-59.1573,17940.0307,-61.6222,-59.1573,-2.4649,-0.00293352,-0.00281618,-2.4649,-59.1573,-0.00281618,-2.4649,-2.4649,-2.4649,-4.3136,-4.3136,-59.1573,-0.00281618,-16.0218,-14.4684,-45.6004,-47.1538,-0.00217080,-0.00224475,-0.00011734,16.8454,14.9860,-0.0494,-0.6419,-0.0525,218.8151,12.9896,13.0801,17.0694,10.3857,11.0045,21.0062,31.5093,42.0124,42.1647,10.5412,0.0,3.81775,3.831594,1.530778,30,171,130,2,0.04358735,-0.00293352,0.13859161,0E-8,0.000000,0.889618,0.000000,-0.14797496,2026-03-22,2026-08-05,96,1173,774,137,0.700730,0.766291,0.776478,0.145291,,,,,,,,GLOBAL_BASELINE_NO_ENTITY_RANKING,,,NOT_APPLICABLE_GLOBAL_BASELINE,HF9g-P5,,,,X 全窗基线 · 不参与实体赏罚,3927322,393,A168_HF9F_20260827_0900,2026-08-27 09:00:00
2026-06-03,91797317,1994,0,10.3857258584,-10.3857258584,-10.3857258584,0E-7,1,1,0.49324550000000000,0.493245500000,-0.9865810262130424,-0.9865810262130424,-0.9865810262130424,0E-17,ELIGIBLE,R03b_20260811_FULL_v1,L1_ELIGIBILITY,v2026-08-11,2026-03-21..2026-08-06,baccarat_bet02_101_all_pairs_incl_sentinel,round_win = game_pnl > 0 (decisive only),COMPATIBILITY_ONLY_NOT_PRODUCTION,21006.2458,18687.5319,-61.6222,1247,1247,0.00293352,-0.13859161,0.00938335,0.00293352,61.6222,21006.2458,OK,0.0000,-2.4649,4.0000,96.0000,AG03-UNRESOLVED,ALL5_LEVELS_bet23_to_bet27,-2.4649,-2.4649,-2.4649,-4.3136,-4.3136,4.000000,4.000000,4.000000,7.000000,7.000000,96.000000,96.000000,96.000000,93.000000,93.000000,5.0,-16.0218,-14.4684,-45.6004,-47.1538,PENDING_AG03,FALSE,NOT_FOR_ENFORCEMENT,-59.1573,17940.0307,-61.6222,-59.1573,-2.4649,-0.00293352,-0.00281618,-2.4649,-59.1573,-0.00281618,-2.4649,-2.4649,-2.4649,-4.3136,-4.3136,-59.1573,-0.00281618,-16.0218,-14.4684,-45.6004,-47.1538,-0.00217080,-0.00224475,-0.00011734,16.8454,14.9860,-0.0494,-0.6419,-0.0525,218.8151,12.9896,13.0801,17.0694,10.3857,11.0045,21.0062,31.5093,42.0124,42.1647,10.5412,0.0,3.81775,3.831594,1.530778,30,171,130,2,0.04358735,-0.00293352,0.13859161,0E-8,0.000000,0.889618,0.000000,-0.14797496,2026-03-22,2026-08-05,96,1173,774,137,0.700730,0.766291,0.776478,0.145291,,,,,,,,GLOBAL_BASELINE_NO_ENTITY_RANKING,,,NOT_APPLICABLE_GLOBAL_BASELINE,HF9g-P5,,,,X 全窗基线 · 不参与实体赏罚,3927323,393,A168_HF9F_20260827_0900,2026-08-27 09:00:00
2026-06-03,91797317,2088,0,10.3857258584,-10.3857258584,-10.3857258584,0E-7,1,1,0.49324550000000000,0.493245500000,-0.9865810262130424,-0.9865810262130424,-0.9865810262130424,0E-17,ELIGIBLE,R03b_20260811_FULL_v1,L1_ELIGIBILITY,v2026-08-11,2026-03-21..2026-08-06,baccarat_bet02_101_all_pairs_incl_sentinel,round_win = game_pnl > 0 (decisive only),COMPATIBILITY_ONLY_NOT_PRODUCTION,21006.2458,18687.5319,-61.6222,1247,1247,0.00293352,-0.13859161,0.00938335,0.00293352,61.6222,21006.2458,OK,0.0000,-2.4649,4.0000,96.0000,AG03-UNRESOLVED,ALL5_LEVELS_bet23_to_bet27,-2.4649,-2.4649,-2.4649,-4.3136,-4.3136,4.000000,4.000000,4.000000,7.000000,7.000000,96.000000,96.000000,96.000000,93.000000,93.000000,5.0,-16.0218,-14.4684,-45.6004,-47.1538,PENDING_AG03,FALSE,NOT_FOR_ENFORCEMENT,-59.1573,17940.0307,-61.6222,-59.1573,-2.4649,-0.00293352,-0.00281618,-2.4649,-59.1573,-0.00281618,-2.4649,-2.4649,-2.4649,-4.3136,-4.3136,-59.1573,-0.00281618,-16.0218,-14.4684,-45.6004,-47.1538,-0.00217080,-0.00224475,-0.00011734,16.8454,14.9860,-0.0494,-0.6419,-0.0525,218.8151,12.9896,13.0801,17.0694,10.3857,11.0045,21.0062,31.5093,42.0124,42.1647,10.5412,0.0,3.81775,3.831594,1.530778,30,171,130,2,0.04358735,-0.00293352,0.13859161,0E-8,0.000000,0.889618,0.000000,-0.14797496,2026-03-22,2026-08-05,96,1173,774,137,0.700730,0.766291,0.776478,0.145291,,,,,,,,GLOBAL_BASELINE_NO_ENTITY_RANKING,,,NOT_APPLICABLE_GLOBAL_BASELINE,HF9g-P5,,,,X 全窗基线 · 不参与实体赏罚,3927324,393,A168_HF9F_20260827_0900,2026-08-27 09:00:00
2026-06-03,91797317,2106,0,20.7714517168,0E-10,0E-10,,1,1,0.49324550000000000,0.493245500000,,,,0E-17,NO_DECISIVE_ROUND,R03b_20260811_FULL_v1,L1_ELIGIBILITY,v2026-08-11,2026-03-21..2026-08-06,baccarat_bet02_101_all_pairs_incl_sentinel,round_win = game_pnl > 0 (decisive only),COMPATIBILITY_ONLY_NOT_PRODUCTION,21006.2458,18687.5319,-61.6222,1247,1247,0.00293352,-0.13859161,0.00938335,0.00293352,61.6222,21006.2458,OK,0.0000,-2.4649,4.0000,96.0000,AG03-UNRESOLVED,ALL5_LEVELS_bet23_to_bet27,-2.4649,-2.4649,-2.4649,-4.3136,-4.3136,4.000000,4.000000,4.000000,7.000000,7.000000,96.000000,96.000000,96.000000,93.000000,93.000000,5.0,-16.0218,-14.4684,-45.6004,-47.1538,PENDING_AG03,FALSE,NOT_FOR_ENFORCEMENT,-59.1573,17940.0307,-61.6222,-59.1573,-2.4649,-0.00293352,-0.00281618,-2.4649,-59.1573,-0.00281618,-2.4649,-2.4649,-2.4649,-4.3136,-4.3136,-59.1573,-0.00281618,-16.0218,-14.4684,-45.6004,-47.1538,-0.00217080,-0.00224475,-0.00011734,16.8454,14.9860,-0.0494,-0.6419,-0.0525,218.8151,12.9896,13.0801,17.0694,10.3857,11.0045,21.0062,31.5093,42.0124,42.1647,10.5412,0.0,3.81775,3.831594,1.530778,30,171,130,2,0.04358735,-0.00293352,0.13859161,0E-8,0.000000,0.889618,0.000000,-0.14797496,2026-03-22,2026-08-05,96,1173,774,137,0.700730,0.766291,0.776478,0.145291,,,,,,,,GLOBAL_BASELINE_NO_ENTITY_RANKING,,,NOT_APPLICABLE_GLOBAL_BASELINE,HF9g-P5,,,,X 全窗基线 · 不参与实体赏罚,3927325,393,A168_HF9F_20260827_0900,2026-08-27 09:00:00
2026-06-03,91797317,2152,0,20.7714517168,20.7714517168,20.7714517168,1.0000000,1,1,0.49324550000000000,0.493245500000,1.01360149184955,1.01360149184955,1.01360149184955,0E-17,ELIGIBLE,R03b_20260811_FULL_v1,L1_ELIGIBILITY,v2026-08-11,2026-03-21..2026-08-06,baccarat_bet02_101_all_pairs_incl_sentinel,round_win = game_pnl > 0 (decisive only),COMPATIBILITY_ONLY_NOT_PRODUCTION,21006.2458,18687.5319,-61.6222,1247,1247,0.00293352,-0.13859161,0.00938335,0.00293352,61.6222,21006.2458,OK,0.0000,-2.4649,4.0000,96.0000,AG03-UNRESOLVED,ALL5_LEVELS_bet23_to_bet27,-2.4649,-2.4649,-2.4649,-4.3136,-4.3136,4.000000,4.000000,4.000000,7.000000,7.000000,96.000000,96.000000,96.000000,93.000000,93.000000,5.0,-16.0218,-14.4684,-45.6004,-47.1538,PENDING_AG03,FALSE,NOT_FOR_ENFORCEMENT,-59.1573,17940.0307,-61.6222,-59.1573,-2.4649,-0.00293352,-0.00281618,-2.4649,-59.1573,-0.00281618,-2.4649,-2.4649,-2.4649,-4.3136,-4.3136,-59.1573,-0.00281618,-16.0218,-14.4684,-45.6004,-47.1538,-0.00217080,-0.00224475,-0.00011734,16.8454,14.9860,-0.0494,-0.6419,-0.0525,218.8151,12.9896,13.0801,17.0694,10.3857,11.0045,21.0062,31.5093,42.0124,42.1647,10.5412,0.0,3.81775,3.831594,1.530778,30,171,130,2,0.04358735,-0.00293352,0.13859161,0E-8,0.000000,0.889618,0.000000,-0.14797496,2026-03-22,2026-08-05,96,1173,774,137,0.700730,0.766291,0.776478,0.145291,,,,,,,,GLOBAL_BASELINE_NO_ENTITY_RANKING,,,NOT_APPLICABLE_GLOBAL_BASELINE,HF9g-P5,,,,X 全窗基线 · 不参与实体赏罚,3927326,393,A168_HF9F_20260827_0900,2026-08-27 09:00:00
2026-06-03,91797317,2188,0,10.3857258584,0E-10,0E-10,,1,1,0.49324550000000000,0.493245500000,,,,0E-17,NO_DECISIVE_ROUND,R03b_20260811_FULL_v1,L1_ELIGIBILITY,v2026-08-11,2026-03-21..2026-08-06,baccarat_bet02_101_all_pairs_incl_sentinel,round_win = game_pnl > 0 (decisive only),COMPATIBILITY_ONLY_NOT_PRODUCTION,21006.2458,18687.5319,-61.6222,1247,1247,0.00293352,-0.13859161,0.00938335,0.00293352,61.6222,21006.2458,OK,0.0000,-2.4649,4.0000,96.0000,AG03-UNRESOLVED,ALL5_LEVELS_bet23_to_bet27,-2.4649,-2.4649,-2.4649,-4.3136,-4.3136,4.000000,4.000000,4.000000,7.000000,7.000000,96.000000,96.000000,96.000000,93.000000,93.000000,5.0,-16.0218,-14.4684,-45.6004,-47.1538,PENDING_AG03,FALSE,NOT_FOR_ENFORCEMENT,-59.1573,17940.0307,-61.6222,-59.1573,-2.4649,-0.00293352,-0.00281618,-2.4649,-59.1573,-0.00281618,-2.4649,-2.4649,-2.4649,-4.3136,-4.3136,-59.1573,-0.00281618,-16.0218,-14.4684,-45.6004,-47.1538,-0.00217080,-0.00224475,-0.00011734,16.8454,14.9860,-0.0494,-0.6419,-0.0525,218.8151,12.9896,13.0801,17.0694,10.3857,11.0045,21.0062,31.5093,42.0124,42.1647,10.5412,0.0,3.81775,3.831594,1.530778,30,171,130,2,0.04358735,-0.00293352,0.13859161,0E-8,0.000000,0.889618,0.000000,-0.14797496,2026-03-22,2026-08-05,96,1173,774,137,0.700730,0.766291,0.776478,0.145291,,,,,,,,GLOBAL_BASELINE_NO_ENTITY_RANKING,,,NOT_APPLICABLE_GLOBAL_BASELINE,HF9g-P5,,,,X 全窗基线 · 不参与实体赏罚,3927327,393,A168_HF9F_20260827_0900,2026-08-27 09:00:00
2026-06-03,91797317,2196,0,20.7714517168,-20.7714517168,-20.7714517168,0E-7,1,1,0.49324550000000000,0.493245500000,-0.9865810262130424,-0.9865810262130424,-0.9865810262130424,0E-17,ELIGIBLE,R03b_20260811_FULL_v1,L1_ELIGIBILITY,v2026-08-11,2026-03-21..2026-08-06,baccarat_bet02_101_all_pairs_incl_sentinel,round_win = game_pnl > 0 (decisive only),COMPATIBILITY_ONLY_NOT_PRODUCTION,21006.2458,18687.5319,-61.6222,1247,1247,0.00293352,-0.13859161,0.00938335,0.00293352,61.6222,21006.2458,OK,0.0000,-2.4649,4.0000,96.0000,AG03-UNRESOLVED,ALL5_LEVELS_bet23_to_bet27,-2.4649,-2.4649,-2.4649,-4.3136,-4.3136,4.000000,4.000000,4.000000,7.000000,7.000000,96.000000,96.000000,96.000000,93.000000,93.000000,5.0,-16.0218,-14.4684,-45.6004,-47.1538,PENDING_AG03,FALSE,NOT_FOR_ENFORCEMENT,-59.1573,17940.0307,-61.6222,-59.1573,-2.4649,-0.00293352,-0.00281618,-2.4649,-59.1573,-0.00281618,-2.4649,-2.4649,-2.4649,-4.3136,-4.3136,-59.1573,-0.00281618,-16.0218,-14.4684,-45.6004,-47.1538,-0.00217080,-0.00224475,-0.00011734,16.8454,14.9860,-0.0494,-0.6419,-0.0525,218.8151,12.9896,13.0801,17.0694,10.3857,11.0045,21.0062,31.5093,42.0124,42.1647,10.5412,0.0,3.81775,3.831594,1.530778,30,171,130,2,0.04358735,-0.00293352,0.13859161,0E-8,0.000000,0.889618,0.000000,-0.14797496,2026-03-22,2026-08-05,96,1173,774,137,0.700730,0.766291,0.776478,0.145291,,,,,,,,GLOBAL_BASELINE_NO_ENTITY_RANKING,,,NOT_APPLICABLE_GLOBAL_BASELINE,HF9g-P5,,,,X 全窗基线 · 不参与实体赏罚,3927328,393,A168_HF9F_20260827_0900,2026-08-27 09:00:00
2026-06-03,91797317,583,0,20.7714517168,20.7714517168,20.7714517168,1.0000000,1,1,0.49324550000000000,0.493245500000,1.01360149184955,1.01360149184955,1.01360149184955,0E-17,ELIGIBLE,R03b_20260811_FULL_v1,L1_ELIGIBILITY,v2026-08-11,2026-03-21..2026-08-06,baccarat_bet02_101_all_pairs_incl_sentinel,round_win = game_pnl > 0 (decisive only),COMPATIBILITY_ONLY_NOT_PRODUCTION,21006.2458,18687.5319,-61.6222,1247,1247,0.00293352,-0.13859161,0.00938335,0.00293352,61.6222,21006.2458,OK,0.0000,-2.4649,4.0000,96.0000,AG03-UNRESOLVED,ALL5_LEVELS_bet23_to_bet27,-2.4649,-2.4649,-2.4649,-4.3136,-4.3136,4.000000,4.000000,4.000000,7.000000,7.000000,96.000000,96.000000,96.000000,93.000000,93.000000,5.0,-16.0218,-14.4684,-45.6004,-47.1538,PENDING_AG03,FALSE,NOT_FOR_ENFORCEMENT,-59.1573,17940.0307,-61.6222,-59.1573,-2.4649,-0.00293352,-0.00281618,-2.4649,-59.1573,-0.00281618,-2.4649,-2.4649,-2.4649,-4.3136,-4.3136,-59.1573,-0.00281618,-16.0218,-14.4684,-45.6004,-47.1538,-0.00217080,-0.00224475,-0.00011734,16.8454,14.9860,-0.0494,-0.6419,-0.0525,218.8151,12.9896,13.0801,17.0694,10.3857,11.0045,21.0062,31.5093,42.0124,42.1647,10.5412,0.0,3.81775,3.831594,1.530778,30,171,130,2,0.04358735,-0.00293352,0.13859161,0E-8,0.000000,0.889618,0.000000,-0.14797496,2026-03-22,2026-08-05,96,1173,774,137,0.700730,0.766291,0.776478,0.145291,,,,,,,,GLOBAL_BASELINE_NO_ENTITY_RANKING,,,NOT_APPLICABLE_GLOBAL_BASELINE,HF9g-P5,,,,X 全窗基线 · 不参与实体赏罚,3927329,393,A168_HF9F_20260827_0900,2026-08-27 09:00:00
2026-06-03,91797317,925,0,10.3857258584,-10.3857258584,-10.3857258584,0E-7,1,1,0.49324550000000000,0.493245500000,-0.9865810262130424,-0.9865810262130424,-0.9865810262130424,0E-17,ELIGIBLE,R03b_20260811_FULL_v1,L1_ELIGIBILITY,v2026-08-11,2026-03-21..2026-08-06,baccarat_bet02_101_all_pairs_incl_sentinel,round_win = game_pnl > 0 (decisive only),COMPATIBILITY_ONLY_NOT_PRODUCTION,21006.2458,18687.5319,-61.6222,1247,1247,0.00293352,-0.13859161,0.00938335,0.00293352,61.6222,21006.2458,OK,0.0000,-2.4649,4.0000,96.0000,AG03-UNRESOLVED,ALL5_LEVELS_bet23_to_bet27,-2.4649,-2.4649,-2.4649,-4.3136,-4.3136,4.000000,4.000000,4.000000,7.000000,7.000000,96.000000,96.000000,96.000000,93.000000,93.000000,5.0,-16.0218,-14.4684,-45.6004,-47.1538,PENDING_AG03,FALSE,NOT_FOR_ENFORCEMENT,-59.1573,17940.0307,-61.6222,-59.1573,-2.4649,-0.00293352,-0.00281618,-2.4649,-59.1573,-0.00281618,-2.4649,-2.4649,-2.4649,-4.3136,-4.3136,-59.1573,-0.00281618,-16.0218,-14.4684,-45.6004,-47.1538,-0.00217080,-0.00224475,-0.00011734,16.8454,14.9860,-0.0494,-0.6419,-0.0525,218.8151,12.9896,13.0801,17.0694,10.3857,11.0045,21.0062,31.5093,42.0124,42.1647,10.5412,0.0,3.81775,3.831594,1.530778,30,171,130,2,0.04358735,-0.00293352,0.13859161,0E-8,0.000000,0.889618,0.000000,-0.14797496,2026-03-22,2026-08-05,96,1173,774,137,0.700730,0.766291,0.776478,0.145291,,,,,,,,GLOBAL_BASELINE_NO_ENTITY_RANKING,,,NOT_APPLICABLE_GLOBAL_BASELINE,HF9g-P5,,,,X 全窗基线 · 不参与实体赏罚,3927330,393,A168_HF9F_20260827_0900,2026-08-27 09:00:00
2026-06-04,91797317,-1,1,51.9286292918,18.6943065450,18.6943065450,0.7142857,7,7,0.49324550000000000,0.493245500000,1.169741613234378,1.1697416132343783,1.169741613234378,0E-17,SENTINEL_DEALER,R03b_20260811_FULL_v1,L1_ELIGIBILITY,v2026-08-11,2026-03-21..2026-08-06,baccarat_bet02_101_all_pairs_incl_sentinel,round_win = game_pnl > 0 (decisive only),COMPATIBILITY_ONLY_NOT_PRODUCTION,21006.2458,18687.5319,-61.6222,1247,1247,0.00293352,-0.13859161,0.00938335,0.00293352,61.6222,21006.2458,OK,0.0000,-2.4649,4.0000,96.0000,AG03-UNRESOLVED,ALL5_LEVELS_bet23_to_bet27,-2.4649,-2.4649,-2.4649,-4.3136,-4.3136,4.000000,4.000000,4.000000,7.000000,7.000000,96.000000,96.000000,96.000000,93.000000,93.000000,5.0,-16.0218,-14.4684,-45.6004,-47.1538,PENDING_AG03,FALSE,NOT_FOR_ENFORCEMENT,-59.1573,17940.0307,-61.6222,-59.1573,-2.4649,-0.00293352,-0.00281618,-2.4649,-59.1573,-0.00281618,-2.4649,-2.4649,-2.4649,-4.3136,-4.3136,-59.1573,-0.00281618,-16.0218,-14.4684,-45.6004,-47.1538,-0.00217080,-0.00224475,-0.00011734,16.8454,14.9860,-0.0494,-0.6419,-0.0525,218.8151,12.9896,13.0801,17.0694,10.3857,11.0045,21.0062,31.5093,42.0124,42.1647,10.5412,0.0,3.81775,3.831594,1.530778,30,171,130,2,0.04358735,-0.00293352,0.13859161,0E-8,0.000000,0.889618,0.000000,-0.14797496,2026-03-22,2026-08-05,96,1173,774,137,0.700730,0.766291,0.776478,0.145291,,,,,,,,GLOBAL_BASELINE_NO_ENTITY_RANKING,,,NOT_APPLICABLE_GLOBAL_BASELINE,HF9g-P5,,,,X 全窗基线 · 不参与实体赏罚,3927331,393,A168_HF9F_20260827_0900,2026-08-27 09:00:00
2026-06-04,91797317,1094,0,10.3857258584,-10.3857258584,-10.3857258584,0E-7,1,1,0.49324550000000000,0.493245500000,-0.9865810262130424,-0.9865810262130424,-0.9865810262130424,0E-17,ELIGIBLE,R03b_20260811_FULL_v1,L1_ELIGIBILITY,v2026-08-11,2026-03-21..2026-08-06,baccarat_bet02_101_all_pairs_incl_sentinel,round_win = game_pnl > 0 (decisive only),COMPATIBILITY_ONLY_NOT_PRODUCTION,21006.2458,18687.5319,-61.6222,1247,1247,0.00293352,-0.13859161,0.00938335,0.00293352,61.6222,21006.2458,OK,0.0000,-2.4649,4.0000,96.0000,AG03-UNRESOLVED,ALL5_LEVELS_bet23_to_bet27,-2.4649,-2.4649,-2.4649,-4.3136,-4.3136,4.000000,4.000000,4.000000,7.000000,7.000000,96.000000,96.000000,96.000000,93.000000,93.000000,5.0,-16.0218,-14.4684,-45.6004,-47.1538,PENDING_AG03,FALSE,NOT_FOR_ENFORCEMENT,-59.1573,17940.0307,-61.6222,-59.1573,-2.4649,-0.00293352,-0.00281618,-2.4649,-59.1573,-0.00281618,-2.4649,-2.4649,-2.4649,-4.3136,-4.3136,-59.1573,-0.00281618,-16.0218,-14.4684,-45.6004,-47.1538,-0.00217080,-0.00224475,-0.00011734,16.8454,14.9860,-0.0494,-0.6419,-0.0525,218.8151,12.9896,13.0801,17.0694,10.3857,11.0045,21.0062,31.5093,42.0124,42.1647,10.5412,0.0,3.81775,3.831594,1.530778,30,171,130,2,0.04358735,-0.00293352,0.13859161,0E-8,0.000000,0.889618,0.000000,-0.14797496,2026-03-22,2026-08-05,96,1173,774,137,0.700730,0.766291,0.776478,0.145291,,,,,,,,GLOBAL_BASELINE_NO_ENTITY_RANKING,,,NOT_APPLICABLE_GLOBAL_BASELINE,HF9g-P5,,,,X 全窗基线 · 不参与实体赏罚,3927332,393,A168_HF9F_20260827_0900,2026-08-27 09:00:00
2026-06-04,91797317,1307,0,33.2343227468,-14.5400162018,-14.5400162018,0.5000000,3,3,0.49324550000000000,0.493245500000,0.01910635448239258,0.01910635448239258,0.01910635448239258,0E-17,ELIGIBLE,R03b_20260811_FULL_v1,L1_ELIGIBILITY,v2026-08-11,2026-03-21..2026-08-06,baccarat_bet02_101_all_pairs_incl_sentinel,round_win = game_pnl > 0 (decisive only),COMPATIBILITY_ONLY_NOT_PRODUCTION,21006.2458,18687.5319,-61.6222,1247,1247,0.00293352,-0.13859161,0.00938335,0.00293352,61.6222,21006.2458,OK,0.0000,-2.4649,4.0000,96.0000,AG03-UNRESOLVED,ALL5_LEVELS_bet23_to_bet27,-2.4649,-2.4649,-2.4649,-4.3136,-4.3136,4.000000,4.000000,4.000000,7.000000,7.000000,96.000000,96.000000,96.000000,93.000000,93.000000,5.0,-16.0218,-14.4684,-45.6004,-47.1538,PENDING_AG03,FALSE,NOT_FOR_ENFORCEMENT,-59.1573,17940.0307,-61.6222,-59.1573,-2.4649,-0.00293352,-0.00281618,-2.4649,-59.1573,-0.00281618,-2.4649,-2.4649,-2.4649,-4.3136,-4.3136,-59.1573,-0.00281618,-16.0218,-14.4684,-45.6004,-47.1538,-0.00217080,-0.00224475,-0.00011734,16.8454,14.9860,-0.0494,-0.6419,-0.0525,218.8151,12.9896,13.0801,17.0694,10.3857,11.0045,21.0062,31.5093,42.0124,42.1647,10.5412,0.0,3.81775,3.831594,1.530778,30,171,130,2,0.04358735,-0.00293352,0.13859161,0E-8,0.000000,0.889618,0.000000,-0.14797496,2026-03-22,2026-08-05,96,1173,774,137,0.700730,0.766291,0.776478,0.145291,,,,,,,,GLOBAL_BASELINE_NO_ENTITY_RANKING,,,NOT_APPLICABLE_GLOBAL_BASELINE,HF9g-P5,,,,X 全窗基线 · 不参与实体赏罚,3927333,393,A168_HF9F_20260827_0900,2026-08-27 09:00:00
2026-06-04,91797317,1331,0,6.2314355150,0E-10,0E-10,,1,1,0.49324550000000000,0.493245500000,,,,0E-17,NO_DECISIVE_ROUND,R03b_20260811_FULL_v1,L1_ELIGIBILITY,v2026-08-11,2026-03-21..2026-08-06,baccarat_bet02_101_all_pairs_incl_sentinel,round_win = game_pnl > 0 (decisive only),COMPATIBILITY_ONLY_NOT_PRODUCTION,21006.2458,18687.5319,-61.6222,1247,1247,0.00293352,-0.13859161,0.00938335,0.00293352,61.6222,21006.2458,OK,0.0000,-2.4649,4.0000,96.0000,AG03-UNRESOLVED,ALL5_LEVELS_bet23_to_bet27,-2.4649,-2.4649,-2.4649,-4.3136,-4.3136,4.000000,4.000000,4.000000,7.000000,7.000000,96.000000,96.000000,96.000000,93.000000,93.000000,5.0,-16.0218,-14.4684,-45.6004,-47.1538,PENDING_AG03,FALSE,NOT_FOR_ENFORCEMENT,-59.1573,17940.0307,-61.6222,-59.1573,-2.4649,-0.00293352,-0.00281618,-2.4649,-59.1573,-0.00281618,-2.4649,-2.4649,-2.4649,-4.3136,-4.3136,-59.1573,-0.00281618,-16.0218,-14.4684,-45.6004,-47.1538,-0.00217080,-0.00224475,-0.00011734,16.8454,14.9860,-0.0494,-0.6419,-0.0525,218.8151,12.9896,13.0801,17.0694,10.3857,11.0045,21.0062,31.5093,42.0124,42.1647,10.5412,0.0,3.81775,3.831594,1.530778,30,171,130,2,0.04358735,-0.00293352,0.13859161,0E-8,0.000000,0.889618,0.000000,-0.14797496,2026-03-22,2026-08-05,96,1173,774,137,0.700730,0.766291,0.776478,0.145291,,,,,,,,GLOBAL_BASELINE_NO_ENTITY_RANKING,,,NOT_APPLICABLE_GLOBAL_BASELINE,HF9g-P5,,,,X 全窗基线 · 不参与实体赏罚,3927334,393,A168_HF9F_20260827_0900,2026-08-27 09:00:00
2026-06-04,91797317,1646,0,6.2314355150,6.2314355150,6.2314355150,1.0000000,1,1,0.49324550000000000,0.493245500000,1.01360149184955,1.01360149184955,1.01360149184955,0E-17,ELIGIBLE,R03b_20260811_FULL_v1,L1_ELIGIBILITY,v2026-08-11,2026-03-21..2026-08-06,baccarat_bet02_101_all_pairs_incl_sentinel,round_win = game_pnl > 0 (decisive only),COMPATIBILITY_ONLY_NOT_PRODUCTION,21006.2458,18687.5319,-61.6222,1247,1247,0.00293352,-0.13859161,0.00938335,0.00293352,61.6222,21006.2458,OK,0.0000,-2.4649,4.0000,96.0000,AG03-UNRESOLVED,ALL5_LEVELS_bet23_to_bet27,-2.4649,-2.4649,-2.4649,-4.3136,-4.3136,4.000000,4.000000,4.000000,7.000000,7.000000,96.000000,96.000000,96.000000,93.000000,93.000000,5.0,-16.0218,-14.4684,-45.6004,-47.1538,PENDING_AG03,FALSE,NOT_FOR_ENFORCEMENT,-59.1573,17940.0307,-61.6222,-59.1573,-2.4649,-0.00293352,-0.00281618,-2.4649,-59.1573,-0.00281618,-2.4649,-2.4649,-2.4649,-4.3136,-4.3136,-59.1573,-0.00281618,-16.0218,-14.4684,-45.6004,-47.1538,-0.00217080,-0.00224475,-0.00011734,16.8454,14.9860,-0.0494,-0.6419,-0.0525,218.8151,12.9896,13.0801,17.0694,10.3857,11.0045,21.0062,31.5093,42.0124,42.1647,10.5412,0.0,3.81775,3.831594,1.530778,30,171,130,2,0.04358735,-0.00293352,0.13859161,0E-8,0.000000,0.889618,0.000000,-0.14797496,2026-03-22,2026-08-05,96,1173,774,137,0.700730,0.766291,0.776478,0.145291,,,,,,,,GLOBAL_BASELINE_NO_ENTITY_RANKING,,,NOT_APPLICABLE_GLOBAL_BASELINE,HF9g-P5,,,,X 全窗基线 · 不参与实体赏罚,3927335,393,A168_HF9F_20260827_0900,2026-08-27 09:00:00
2026-06-04,91797317,2142,0,22.8485968884,-2.0771451716,-2.0771451716,0.3333333,3,3,0.49324550000000000,0.493245500000,-0.5540025479526107,-0.5540025479526106,-0.5540025479526107,0E-17,ELIGIBLE,R03b_20260811_FULL_v1,L1_ELIGIBILITY,v2026-08-11,2026-03-21..2026-08-06,baccarat_bet02_101_all_pairs_incl_sentinel,round_win = game_pnl > 0 (decisive only),COMPATIBILITY_ONLY_NOT_PRODUCTION,21006.2458,18687.5319,-61.6222,1247,1247,0.00293352,-0.13859161,0.00938335,0.00293352,61.6222,21006.2458,OK,0.0000,-2.4649,4.0000,96.0000,AG03-UNRESOLVED,ALL5_LEVELS_bet23_to_bet27,-2.4649,-2.4649,-2.4649,-4.3136,-4.3136,4.000000,4.000000,4.000000,7.000000,7.000000,96.000000,96.000000,96.000000,93.000000,93.000000,5.0,-16.0218,-14.4684,-45.6004,-47.1538,PENDING_AG03,FALSE,NOT_FOR_ENFORCEMENT,-59.1573,17940.0307,-61.6222,-59.1573,-2.4649,-0.00293352,-0.00281618,-2.4649,-59.1573,-0.00281618,-2.4649,-2.4649,-2.4649,-4.3136,-4.3136,-59.1573,-0.00281618,-16.0218,-14.4684,-45.6004,-47.1538,-0.00217080,-0.00224475,-0.00011734,16.8454,14.9860,-0.0494,-0.6419,-0.0525,218.8151,12.9896,13.0801,17.0694,10.3857,11.0045,21.0062,31.5093,42.0124,42.1647,10.5412,0.0,3.81775,3.831594,1.530778,30,171,130,2,0.04358735,-0.00293352,0.13859161,0E-8,0.000000,0.889618,0.000000,-0.14797496,2026-03-22,2026-08-05,96,1173,774,137,0.700730,0.766291,0.776478,0.145291,,,,,,,,GLOBAL_BASELINE_NO_ENTITY_RANKING,,,NOT_APPLICABLE_GLOBAL_BASELINE,HF9g-P5,,,,X 全窗基线 · 不参与实体赏罚,3927336,393,A168_HF9F_20260827_0900,2026-08-27 09:00:00
2026-06-04,91797317,2171,0,6.2314355150,-6.2314355150,-6.2314355150,0E-7,1,1,0.49324550000000000,0.493245500000,-0.9865810262130424,-0.9865810262130424,-0.9865810262130424,0E-17,ELIGIBLE,R03b_20260811_FULL_v1,L1_ELIGIBILITY,v2026-08-11,2026-03-21..2026-08-06,baccarat_bet02_101_all_pairs_incl_sentinel,round_win = game_pnl > 0 (decisive only),COMPATIBILITY_ONLY_NOT_PRODUCTION,21006.2458,18687.5319,-61.6222,1247,1247,0.00293352,-0.13859161,0.00938335,0.00293352,61.6222,21006.2458,OK,0.0000,-2.4649,4.0000,96.0000,AG03-UNRESOLVED,ALL5_LEVELS_bet23_to_bet27,-2.4649,-2.4649,-2.4649,-4.3136,-4.3136,4.000000,4.000000,4.000000,7.000000,7.000000,96.000000,96.000000,96.000000,93.000000,93.000000,5.0,-16.0218,-14.4684,-45.6004,-47.1538,PENDING_AG03,FALSE,NOT_FOR_ENFORCEMENT,-59.1573,17940.0307,-61.6222,-59.1573,-2.4649,-0.00293352,-0.00281618,-2.4649,-59.1573,-0.00281618,-2.4649,-2.4649,-2.4649,-4.3136,-4.3136,-59.1573,-0.00281618,-16.0218,-14.4684,-45.6004,-47.1538,-0.00217080,-0.00224475,-0.00011734,16.8454,14.9860,-0.0494,-0.6419,-0.0525,218.8151,12.9896,13.0801,17.0694,10.3857,11.0045,21.0062,31.5093,42.0124,42.1647,10.5412,0.0,3.81775,3.831594,1.530778,30,171,130,2,0.04358735,-0.00293352,0.13859161,0E-8,0.000000,0.889618,0.000000,-0.14797496,2026-03-22,2026-08-05,96,1173,774,137,0.700730,0.766291,0.776478,0.145291,,,,,,,,GLOBAL_BASELINE_NO_ENTITY_RANKING,,,NOT_APPLICABLE_GLOBAL_BASELINE,HF9g-P5,,,,X 全窗基线 · 不参与实体赏罚,3927337,393,A168_HF9F_20260827_0900,2026-08-27 09:00:00
2026-06-04,91797317,2222,0,6.2314355150,6.2314355150,6.2314355150,1.0000000,1,1,0.49324550000000000,0.493245500000,1.01360149184955,1.01360149184955,1.01360149184955,0E-17,ELIGIBLE,R03b_20260811_FULL_v1,L1_ELIGIBILITY,v2026-08-11,2026-03-21..2026-08-06,baccarat_bet02_101_all_pairs_incl_sentinel,round_win = game_pnl > 0 (decisive only),COMPATIBILITY_ONLY_NOT_PRODUCTION,21006.2458,18687.5319,-61.6222,1247,1247,0.00293352,-0.13859161,0.00938335,0.00293352,61.6222,21006.2458,OK,0.0000,-2.4649,4.0000,96.0000,AG03-UNRESOLVED,ALL5_LEVELS_bet23_to_bet27,-2.4649,-2.4649,-2.4649,-4.3136,-4.3136,4.000000,4.000000,4.000000,7.000000,7.000000,96.000000,96.000000,96.000000,93.000000,93.000000,5.0,-16.0218,-14.4684,-45.6004,-47.1538,PENDING_AG03,FALSE,NOT_FOR_ENFORCEMENT,-59.1573,17940.0307,-61.6222,-59.1573,-2.4649,-0.00293352,-0.00281618,-2.4649,-59.1573,-0.00281618,-2.4649,-2.4649,-2.4649,-4.3136,-4.3136,-59.1573,-0.00281618,-16.0218,-14.4684,-45.6004,-47.1538,-0.00217080,-0.00224475,-0.00011734,16.8454,14.9860,-0.0494,-0.6419,-0.0525,218.8151,12.9896,13.0801,17.0694,10.3857,11.0045,21.0062,31.5093,42.0124,42.1647,10.5412,0.0,3.81775,3.831594,1.530778,30,171,130,2,0.04358735,-0.00293352,0.13859161,0E-8,0.000000,0.889618,0.000000,-0.14797496,2026-03-22,2026-08-05,96,1173,774,137,0.700730,0.766291,0.776478,0.145291,,,,,,,,GLOBAL_BASELINE_NO_ENTITY_RANKING,,,NOT_APPLICABLE_GLOBAL_BASELINE,HF9g-P5,,,,X 全窗基线 · 不参与实体赏罚,3927338,393,A168_HF9F_20260827_0900,2026-08-27 09:00:00
2026-06-04,91797317,2234,0,6.2314355150,-6.2314355150,-6.2314355150,0E-7,1,1,0.49324550000000000,0.493245500000,-0.9865810262130424,-0.9865810262130424,-0.9865810262130424,0E-17,ELIGIBLE,R03b_20260811_FULL_v1,L1_ELIGIBILITY,v2026-08-11,2026-03-21..2026-08-06,baccarat_bet02_101_all_pairs_incl_sentinel,round_win = game_pnl > 0 (decisive only),COMPATIBILITY_ONLY_NOT_PRODUCTION,21006.2458,18687.5319,-61.6222,1247,1247,0.00293352,-0.13859161,0.00938335,0.00293352,61.6222,21006.2458,OK,0.0000,-2.4649,4.0000,96.0000,AG03-UNRESOLVED,ALL5_LEVELS_bet23_to_bet27,-2.4649,-2.4649,-2.4649,-4.3136,-4.3136,4.000000,4.000000,4.000000,7.000000,7.000000,96.000000,96.000000,96.000000,93.000000,93.000000,5.0,-16.0218,-14.4684,-45.6004,-47.1538,PENDING_AG03,FALSE,NOT_FOR_ENFORCEMENT,-59.1573,17940.0307,-61.6222,-59.1573,-2.4649,-0.00293352,-0.00281618,-2.4649,-59.1573,-0.00281618,-2.4649,-2.4649,-2.4649,-4.3136,-4.3136,-59.1573,-0.00281618,-16.0218,-14.4684,-45.6004,-47.1538,-0.00217080,-0.00224475,-0.00011734,16.8454,14.9860,-0.0494,-0.6419,-0.0525,218.8151,12.9896,13.0801,17.0694,10.3857,11.0045,21.0062,31.5093,42.0124,42.1647,10.5412,0.0,3.81775,3.831594,1.530778,30,171,130,2,0.04358735,-0.00293352,0.13859161,0E-8,0.000000,0.889618,0.000000,-0.14797496,2026-03-22,2026-08-05,96,1173,774,137,0.700730,0.766291,0.776478,0.145291,,,,,,,,GLOBAL_BASELINE_NO_ENTITY_RANKING,,,NOT_APPLICABLE_GLOBAL_BASELINE,HF9g-P5,,,,X 全窗基线 · 不参与实体赏罚,3927339,393,A168_HF9F_20260827_0900,2026-08-27 09:00:00
2026-06-04,91797317,2258,0,6.2314355150,6.2314355150,6.2314355150,1.0000000,1,1,0.49324550000000000,0.493245500000,1.01360149184955,1.01360149184955,1.01360149184955,0E-17,ELIGIBLE,R03b_20260811_FULL_v1,L1_ELIGIBILITY,v2026-08-11,2026-03-21..2026-08-06,baccarat_bet02_101_all_pairs_incl_sentinel,round_win = game_pnl > 0 (decisive only),COMPATIBILITY_ONLY_NOT_PRODUCTION,21006.2458,18687.5319,-61.6222,1247,1247,0.00293352,-0.13859161,0.00938335,0.00293352,61.6222,21006.2458,OK,0.0000,-2.4649,4.0000,96.0000,AG03-UNRESOLVED,ALL5_LEVELS_bet23_to_bet27,-2.4649,-2.4649,-2.4649,-4.3136,-4.3136,4.000000,4.000000,4.000000,7.000000,7.000000,96.000000,96.000000,96.000000,93.000000,93.000000,5.0,-16.0218,-14.4684,-45.6004,-47.1538,PENDING_AG03,FALSE,NOT_FOR_ENFORCEMENT,-59.1573,17940.0307,-61.6222,-59.1573,-2.4649,-0.00293352,-0.00281618,-2.4649,-59.1573,-0.00281618,-2.4649,-2.4649,-2.4649,-4.3136,-4.3136,-59.1573,-0.00281618,-16.0218,-14.4684,-45.6004,-47.1538,-0.00217080,-0.00224475,-0.00011734,16.8454,14.9860,-0.0494,-0.6419,-0.0525,218.8151,12.9896,13.0801,17.0694,10.3857,11.0045,21.0062,31.5093,42.0124,42.1647,10.5412,0.0,3.81775,3.831594,1.530778,30,171,130,2,0.04358735,-0.00293352,0.13859161,0E-8,0.000000,0.889618,0.000000,-0.14797496,2026-03-22,2026-08-05,96,1173,774,137,0.700730,0.766291,0.776478,0.145291,,,,,,,,GLOBAL_BASELINE_NO_ENTITY_RANKING,,,NOT_APPLICABLE_GLOBAL_BASELINE,HF9g-P5,,,,X 全窗基线 · 不参与实体赏罚,3927340,393,A168_HF9F_20260827_0900,2026-08-27 09:00:00
2026-06-04,91797317,925,0,6.2314355150,-6.2314355150,-6.2314355150,0E-7,1,1,0.49324550000000000,0.493245500000,-0.9865810262130424,-0.9865810262130424,-0.9865810262130424,0E-17,ELIGIBLE,R03b_20260811_FULL_v1,L1_ELIGIBILITY,v2026-08-11,2026-03-21..2026-08-06,baccarat_bet02_101_all_pairs_incl_sentinel,round_win = game_pnl > 0 (decisive only),COMPATIBILITY_ONLY_NOT_PRODUCTION,21006.2458,18687.5319,-61.6222,1247,1247,0.00293352,-0.13859161,0.00938335,0.00293352,61.6222,21006.2458,OK,0.0000,-2.4649,4.0000,96.0000,AG03-UNRESOLVED,ALL5_LEVELS_bet23_to_bet27,-2.4649,-2.4649,-2.4649,-4.3136,-4.3136,4.000000,4.000000,4.000000,7.000000,7.000000,96.000000,96.000000,96.000000,93.000000,93.000000,5.0,-16.0218,-14.4684,-45.6004,-47.1538,PENDING_AG03,FALSE,NOT_FOR_ENFORCEMENT,-59.1573,17940.0307,-61.6222,-59.1573,-2.4649,-0.00293352,-0.00281618,-2.4649,-59.1573,-0.00281618,-2.4649,-2.4649,-2.4649,-4.3136,-4.3136,-59.1573,-0.00281618,-16.0218,-14.4684,-45.6004,-47.1538,-0.00217080,-0.00224475,-0.00011734,16.8454,14.9860,-0.0494,-0.6419,-0.0525,218.8151,12.9896,13.0801,17.0694,10.3857,11.0045,21.0062,31.5093,42.0124,42.1647,10.5412,0.0,3.81775,3.831594,1.530778,30,171,130,2,0.04358735,-0.00293352,0.13859161,0E-8,0.000000,0.889618,0.000000,-0.14797496,2026-03-22,2026-08-05,96,1173,774,137,0.700730,0.766291,0.776478,0.145291,,,,,,,,GLOBAL_BASELINE_NO_ENTITY_RANKING,,,NOT_APPLICABLE_GLOBAL_BASELINE,HF9g-P5,,,,X 全窗基线 · 不参与实体赏罚,3927341,393,A168_HF9F_20260827_0900,2026-08-27 09:00:00
2026-06-05,91797317,1966,0,10.3857258584,0E-10,0E-10,,1,1,0.49324550000000000,0.493245500000,,,,0E-17,NO_DECISIVE_ROUND,R03b_20260811_FULL_v1,L1_ELIGIBILITY,v2026-08-11,2026-03-21..2026-08-06,baccarat_bet02_101_all_pairs_incl_sentinel,round_win = game_pnl > 0 (decisive only),COMPATIBILITY_ONLY_NOT_PRODUCTION,21006.2458,18687.5319,-61.6222,1247,1247,0.00293352,-0.13859161,0.00938335,0.00293352,61.6222,21006.2458,OK,0.0000,-2.4649,4.0000,96.0000,AG03-UNRESOLVED,ALL5_LEVELS_bet23_to_bet27,-2.4649,-2.4649,-2.4649,-4.3136,-4.3136,4.000000,4.000000,4.000000,7.000000,7.000000,96.000000,96.000000,96.000000,93.000000,93.000000,5.0,-16.0218,-14.4684,-45.6004,-47.1538,PENDING_AG03,FALSE,NOT_FOR_ENFORCEMENT,-59.1573,17940.0307,-61.6222,-59.1573,-2.4649,-0.00293352,-0.00281618,-2.4649,-59.1573,-0.00281618,-2.4649,-2.4649,-2.4649,-4.3136,-4.3136,-59.1573,-0.00281618,-16.0218,-14.4684,-45.6004,-47.1538,-0.00217080,-0.00224475,-0.00011734,16.8454,14.9860,-0.0494,-0.6419,-0.0525,218.8151,12.9896,13.0801,17.0694,10.3857,11.0045,21.0062,31.5093,42.0124,42.1647,10.5412,0.0,3.81775,3.831594,1.530778,30,171,130,2,0.04358735,-0.00293352,0.13859161,0E-8,0.000000,0.889618,0.000000,-0.14797496,2026-03-22,2026-08-05,96,1173,774,137,0.700730,0.766291,0.776478,0.145291,,,,,,,,GLOBAL_BASELINE_NO_ENTITY_RANKING,,,NOT_APPLICABLE_GLOBAL_BASELINE,HF9g-P5,,,,X 全窗基线 · 不参与实体赏罚,3927342,393,A168_HF9F_20260827_0900,2026-08-27 09:00:00
2026-06-05,91797317,801,0,10.3857258584,-10.3857258584,-10.3857258584,0E-7,1,1,0.49324550000000000,0.493245500000,-0.9865810262130424,-0.9865810262130424,-0.9865810262130424,0E-17,ELIGIBLE,R03b_20260811_FULL_v1,L1_ELIGIBILITY,v2026-08-11,2026-03-21..2026-08-06,baccarat_bet02_101_all_pairs_incl_sentinel,round_win = game_pnl > 0 (decisive only),COMPATIBILITY_ONLY_NOT_PRODUCTION,21006.2458,18687.5319,-61.6222,1247,1247,0.00293352,-0.13859161,0.00938335,0.00293352,61.6222,21006.2458,OK,0.0000,-2.4649,4.0000,96.0000,AG03-UNRESOLVED,ALL5_LEVELS_bet23_to_bet27,-2.4649,-2.4649,-2.4649,-4.3136,-4.3136,4.000000,4.000000,4.000000,7.000000,7.000000,96.000000,96.000000,96.000000,93.000000,93.000000,5.0,-16.0218,-14.4684,-45.6004,-47.1538,PENDING_AG03,FALSE,NOT_FOR_ENFORCEMENT,-59.1573,17940.0307,-61.6222,-59.1573,-2.4649,-0.00293352,-0.00281618,-2.4649,-59.1573,-0.00281618,-2.4649,-2.4649,-2.4649,-4.3136,-4.3136,-59.1573,-0.00281618,-16.0218,-14.4684,-45.6004,-47.1538,-0.00217080,-0.00224475,-0.00011734,16.8454,14.9860,-0.0494,-0.6419,-0.0525,218.8151,12.9896,13.0801,17.0694,10.3857,11.0045,21.0062,31.5093,42.0124,42.1647,10.5412,0.0,3.81775,3.831594,1.530778,30,171,130,2,0.04358735,-0.00293352,0.13859161,0E-8,0.000000,0.889618,0.000000,-0.14797496,2026-03-22,2026-08-05,96,1173,774,137,0.700730,0.766291,0.776478,0.145291,,,,,,,,GLOBAL_BASELINE_NO_ENTITY_RANKING,,,NOT_APPLICABLE_GLOBAL_BASELINE,HF9g-P5,,,,X 全窗基线 · 不参与实体赏罚,3927343,393,A168_HF9F_20260827_0900,2026-08-27 09:00:00
2026-06-06,91797317,-1,1,27.0028872318,-27.0028872318,-27.0028872318,0E-7,2,2,0.49324550000000000,0.493245500000,-1.3952362676504506,-1.3952362676504506,-1.3952362676504506,0E-17,SENTINEL_DEALER,R03b_20260811_FULL_v1,L1_ELIGIBILITY,v2026-08-11,2026-03-21..2026-08-06,baccarat_bet02_101_all_pairs_incl_sentinel,round_win = game_pnl > 0 (decisive only),COMPATIBILITY_ONLY_NOT_PRODUCTION,21006.2458,18687.5319,-61.6222,1247,1247,0.00293352,-0.13859161,0.00938335,0.00293352,61.6222,21006.2458,OK,0.0000,-2.4649,4.0000,96.0000,AG03-UNRESOLVED,ALL5_LEVELS_bet23_to_bet27,-2.4649,-2.4649,-2.4649,-4.3136,-4.3136,4.000000,4.000000,4.000000,7.000000,7.000000,96.000000,96.000000,96.000000,93.000000,93.000000,5.0,-16.0218,-14.4684,-45.6004,-47.1538,PENDING_AG03,FALSE,NOT_FOR_ENFORCEMENT,-59.1573,17940.0307,-61.6222,-59.1573,-2.4649,-0.00293352,-0.00281618,-2.4649,-59.1573,-0.00281618,-2.4649,-2.4649,-2.4649,-4.3136,-4.3136,-59.1573,-0.00281618,-16.0218,-14.4684,-45.6004,-47.1538,-0.00217080,-0.00224475,-0.00011734,16.8454,14.9860,-0.0494,-0.6419,-0.0525,218.8151,12.9896,13.0801,17.0694,10.3857,11.0045,21.0062,31.5093,42.0124,42.1647,10.5412,0.0,3.81775,3.831594,1.530778,30,171,130,2,0.04358735,-0.00293352,0.13859161,0E-8,0.000000,0.889618,0.000000,-0.14797496,2026-03-22,2026-08-05,96,1173,774,137,0.700730,0.766291,0.776478,0.145291,,,,,,,,GLOBAL_BASELINE_NO_ENTITY_RANKING,,,NOT_APPLICABLE_GLOBAL_BASELINE,HF9g-P5,,,,X 全窗基线 · 不参与实体赏罚,3927344,393,A168_HF9F_20260827_0900,2026-08-27 09:00:00
2026-06-06,91797317,2147,0,6.2314355150,0E-10,0E-10,,1,1,0.49324550000000000,0.493245500000,,,,0E-17,NO_DECISIVE_ROUND,R03b_20260811_FULL_v1,L1_ELIGIBILITY,v2026-08-11,2026-03-21..2026-08-06,baccarat_bet02_101_all_pairs_incl_sentinel,round_win = game_pnl > 0 (decisive only),COMPATIBILITY_ONLY_NOT_PRODUCTION,21006.2458,18687.5319,-61.6222,1247,1247,0.00293352,-0.13859161,0.00938335,0.00293352,61.6222,21006.2458,OK,0.0000,-2.4649,4.0000,96.0000,AG03-UNRESOLVED,ALL5_LEVELS_bet23_to_bet27,-2.4649,-2.4649,-2.4649,-4.3136,-4.3136,4.000000,4.000000,4.000000,7.000000,7.000000,96.000000,96.000000,96.000000,93.000000,93.000000,5.0,-16.0218,-14.4684,-45.6004,-47.1538,PENDING_AG03,FALSE,NOT_FOR_ENFORCEMENT,-59.1573,17940.0307,-61.6222,-59.1573,-2.4649,-0.00293352,-0.00281618,-2.4649,-59.1573,-0.00281618,-2.4649,-2.4649,-2.4649,-4.3136,-4.3136,-59.1573,-0.00281618,-16.0218,-14.4684,-45.6004,-47.1538,-0.00217080,-0.00224475,-0.00011734,16.8454,14.9860,-0.0494,-0.6419,-0.0525,218.8151,12.9896,13.0801,17.0694,10.3857,11.0045,21.0062,31.5093,42.0124,42.1647,10.5412,0.0,3.81775,3.831594,1.530778,30,171,130,2,0.04358735,-0.00293352,0.13859161,0E-8,0.000000,0.889618,0.000000,-0.14797496,2026-03-22,2026-08-05,96,1173,774,137,0.700730,0.766291,0.776478,0.145291,,,,,,,,GLOBAL_BASELINE_NO_ENTITY_RANKING,,,NOT_APPLICABLE_GLOBAL_BASELINE,HF9g-P5,,,,X 全窗基线 · 不参与实体赏罚,3927345,393,A168_HF9F_20260827_0900,2026-08-27 09:00:00
2026-06-09,91797317,-1,1,31.1571775752,-20.7714517168,-20.7714517168,0E-7,3,3,0.49324550000000000,0.493245500000,-1.3952362676504506,-1.3952362676504506,-1.3952362676504506,0E-17,SENTINEL_DEALER,R03b_20260811_FULL_v1,L1_ELIGIBILITY,v2026-08-11,2026-03-21..2026-08-06,baccarat_bet02_101_all_pairs_incl_sentinel,round_win = game_pnl > 0 (decisive only),COMPATIBILITY_ONLY_NOT_PRODUCTION,21006.2458,18687.5319,-61.6222,1247,1247,0.00293352,-0.13859161,0.00938335,0.00293352,61.6222,21006.2458,OK,0.0000,-2.4649,4.0000,96.0000,AG03-UNRESOLVED,ALL5_LEVELS_bet23_to_bet27,-2.4649,-2.4649,-2.4649,-4.3136,-4.3136,4.000000,4.000000,4.000000,7.000000,7.000000,96.000000,96.000000,96.000000,93.000000,93.000000,5.0,-16.0218,-14.4684,-45.6004,-47.1538,PENDING_AG03,FALSE,NOT_FOR_ENFORCEMENT,-59.1573,17940.0307,-61.6222,-59.1573,-2.4649,-0.00293352,-0.00281618,-2.4649,-59.1573,-0.00281618,-2.4649,-2.4649,-2.4649,-4.3136,-4.3136,-59.1573,-0.00281618,-16.0218,-14.4684,-45.6004,-47.1538,-0.00217080,-0.00224475,-0.00011734,16.8454,14.9860,-0.0494,-0.6419,-0.0525,218.8151,12.9896,13.0801,17.0694,10.3857,11.0045,21.0062,31.5093,42.0124,42.1647,10.5412,0.0,3.81775,3.831594,1.530778,30,171,130,2,0.04358735,-0.00293352,0.13859161,0E-8,0.000000,0.889618,0.000000,-0.14797496,2026-03-22,2026-08-05,96,1173,774,137,0.700730,0.766291,0.776478,0.145291,,,,,,,,GLOBAL_BASELINE_NO_ENTITY_RANKING,,,NOT_APPLICABLE_GLOBAL_BASELINE,HF9g-P5,,,,X 全窗基线 · 不参与实体赏罚,3927346,393,A168_HF9F_20260827_0900,2026-08-27 09:00:00
2026-06-10,91797317,1963,0,10.3857258584,-10.3857258584,-10.3857258584,0E-7,1,1,0.49324550000000000,0.493245500000,-0.9865810262130424,-0.9865810262130424,-0.9865810262130424,0E-17,ELIGIBLE,R03b_20260811_FULL_v1,L1_ELIGIBILITY,v2026-08-11,2026-03-21..2026-08-06,baccarat_bet02_101_all_pairs_incl_sentinel,round_win = game_pnl > 0 (decisive only),COMPATIBILITY_ONLY_NOT_PRODUCTION,21006.2458,18687.5319,-61.6222,1247,1247,0.00293352,-0.13859161,0.00938335,0.00293352,61.6222,21006.2458,OK,0.0000,-2.4649,4.0000,96.0000,AG03-UNRESOLVED,ALL5_LEVELS_bet23_to_bet27,-2.4649,-2.4649,-2.4649,-4.3136,-4.3136,4.000000,4.000000,4.000000,7.000000,7.000000,96.000000,96.000000,96.000000,93.000000,93.000000,5.0,-16.0218,-14.4684,-45.6004,-47.1538,PENDING_AG03,FALSE,NOT_FOR_ENFORCEMENT,-59.1573,17940.0307,-61.6222,-59.1573,-2.4649,-0.00293352,-0.00281618,-2.4649,-59.1573,-0.00281618,-2.4649,-2.4649,-2.4649,-4.3136,-4.3136,-59.1573,-0.00281618,-16.0218,-14.4684,-45.6004,-47.1538,-0.00217080,-0.00224475,-0.00011734,16.8454,14.9860,-0.0494,-0.6419,-0.0525,218.8151,12.9896,13.0801,17.0694,10.3857,11.0045,21.0062,31.5093,42.0124,42.1647,10.5412,0.0,3.81775,3.831594,1.530778,30,171,130,2,0.04358735,-0.00293352,0.13859161,0E-8,0.000000,0.889618,0.000000,-0.14797496,2026-03-22,2026-08-05,96,1173,774,137,0.700730,0.766291,0.776478,0.145291,,,,,,,,GLOBAL_BASELINE_NO_ENTITY_RANKING,,,NOT_APPLICABLE_GLOBAL_BASELINE,HF9g-P5,,,,X 全窗基线 · 不参与实体赏罚,3927347,393,A168_HF9F_20260827_0900,2026-08-27 09:00:00
2026-06-11,91797317,-1,1,93.4715327256,-10.3857258584,-10.3857258584,0.5000000,5,5,0.49324550000000000,0.493245500000,0.027020465636507562,0.027020465636507562,0.027020465636507562,0E-17,SENTINEL_DEALER,R03b_20260811_FULL_v1,L1_ELIGIBILITY,v2026-08-11,2026-03-21..2026-08-06,baccarat_bet02_101_all_pairs_incl_sentinel,round_win = game_pnl > 0 (decisive only),COMPATIBILITY_ONLY_NOT_PRODUCTION,21006.2458,18687.5319,-61.6222,1247,1247,0.00293352,-0.13859161,0.00938335,0.00293352,61.6222,21006.2458,OK,0.0000,-2.4649,4.0000,96.0000,AG03-UNRESOLVED,ALL5_LEVELS_bet23_to_bet27,-2.4649,-2.4649,-2.4649,-4.3136,-4.3136,4.000000,4.000000,4.000000,7.000000,7.000000,96.000000,96.000000,96.000000,93.000000,93.000000,5.0,-16.0218,-14.4684,-45.6004,-47.1538,PENDING_AG03,FALSE,NOT_FOR_ENFORCEMENT,-59.1573,17940.0307,-61.6222,-59.1573,-2.4649,-0.00293352,-0.00281618,-2.4649,-59.1573,-0.00281618,-2.4649,-2.4649,-2.4649,-4.3136,-4.3136,-59.1573,-0.00281618,-16.0218,-14.4684,-45.6004,-47.1538,-0.00217080,-0.00224475,-0.00011734,16.8454,14.9860,-0.0494,-0.6419,-0.0525,218.8151,12.9896,13.0801,17.0694,10.3857,11.0045,21.0062,31.5093,42.0124,42.1647,10.5412,0.0,3.81775,3.831594,1.530778,30,171,130,2,0.04358735,-0.00293352,0.13859161,0E-8,0.000000,0.889618,0.000000,-0.14797496,2026-03-22,2026-08-05,96,1173,774,137,0.700730,0.766291,0.776478,0.145291,,,,,,,,GLOBAL_BASELINE_NO_ENTITY_RANKING,,,NOT_APPLICABLE_GLOBAL_BASELINE,HF9g-P5,,,,X 全窗基线 · 不参与实体赏罚,3927348,393,A168_HF9F_20260827_0900,2026-08-27 09:00:00
2026-06-11,91797317,2059,0,20.7714517168,20.7714517168,20.7714517168,1.0000000,1,1,0.49324550000000000,0.493245500000,1.01360149184955,1.01360149184955,1.01360149184955,0E-17,ELIGIBLE,R03b_20260811_FULL_v1,L1_ELIGIBILITY,v2026-08-11,2026-03-21..2026-08-06,baccarat_bet02_101_all_pairs_incl_sentinel,round_win = game_pnl > 0 (decisive only),COMPATIBILITY_ONLY_NOT_PRODUCTION,21006.2458,18687.5319,-61.6222,1247,1247,0.00293352,-0.13859161,0.00938335,0.00293352,61.6222,21006.2458,OK,0.0000,-2.4649,4.0000,96.0000,AG03-UNRESOLVED,ALL5_LEVELS_bet23_to_bet27,-2.4649,-2.4649,-2.4649,-4.3136,-4.3136,4.000000,4.000000,4.000000,7.000000,7.000000,96.000000,96.000000,96.000000,93.000000,93.000000,5.0,-16.0218,-14.4684,-45.6004,-47.1538,PENDING_AG03,FALSE,NOT_FOR_ENFORCEMENT,-59.1573,17940.0307,-61.6222,-59.1573,-2.4649,-0.00293352,-0.00281618,-2.4649,-59.1573,-0.00281618,-2.4649,-2.4649,-2.4649,-4.3136,-4.3136,-59.1573,-0.00281618,-16.0218,-14.4684,-45.6004,-47.1538,-0.00217080,-0.00224475,-0.00011734,16.8454,14.9860,-0.0494,-0.6419,-0.0525,218.8151,12.9896,13.0801,17.0694,10.3857,11.0045,21.0062,31.5093,42.0124,42.1647,10.5412,0.0,3.81775,3.831594,1.530778,30,171,130,2,0.04358735,-0.00293352,0.13859161,0E-8,0.000000,0.889618,0.000000,-0.14797496,2026-03-22,2026-08-05,96,1173,774,137,0.700730,0.766291,0.776478,0.145291,,,,,,,,GLOBAL_BASELINE_NO_ENTITY_RANKING,,,NOT_APPLICABLE_GLOBAL_BASELINE,HF9g-P5,,,,X 全窗基线 · 不参与实体赏罚,3927349,393,A168_HF9F_20260827_0900,2026-08-27 09:00:00
2026-06-11,91797317,2103,0,41.5429034336,41.5429034336,41.5429034336,1.0000000,2,2,0.49324550000000000,0.493245500000,1.4334489766152358,1.4334489766152358,1.4334489766152358,0E-17,ELIGIBLE,R03b_20260811_FULL_v1,L1_ELIGIBILITY,v2026-08-11,2026-03-21..2026-08-06,baccarat_bet02_101_all_pairs_incl_sentinel,round_win = game_pnl > 0 (decisive only),COMPATIBILITY_ONLY_NOT_PRODUCTION,21006.2458,18687.5319,-61.6222,1247,1247,0.00293352,-0.13859161,0.00938335,0.00293352,61.6222,21006.2458,OK,0.0000,-2.4649,4.0000,96.0000,AG03-UNRESOLVED,ALL5_LEVELS_bet23_to_bet27,-2.4649,-2.4649,-2.4649,-4.3136,-4.3136,4.000000,4.000000,4.000000,7.000000,7.000000,96.000000,96.000000,96.000000,93.000000,93.000000,5.0,-16.0218,-14.4684,-45.6004,-47.1538,PENDING_AG03,FALSE,NOT_FOR_ENFORCEMENT,-59.1573,17940.0307,-61.6222,-59.1573,-2.4649,-0.00293352,-0.00281618,-2.4649,-59.1573,-0.00281618,-2.4649,-2.4649,-2.4649,-4.3136,-4.3136,-59.1573,-0.00281618,-16.0218,-14.4684,-45.6004,-47.1538,-0.00217080,-0.00224475,-0.00011734,16.8454,14.9860,-0.0494,-0.6419,-0.0525,218.8151,12.9896,13.0801,17.0694,10.3857,11.0045,21.0062,31.5093,42.0124,42.1647,10.5412,0.0,3.81775,3.831594,1.530778,30,171,130,2,0.04358735,-0.00293352,0.13859161,0E-8,0.000000,0.889618,0.000000,-0.14797496,2026-03-22,2026-08-05,96,1173,774,137,0.700730,0.766291,0.776478,0.145291,,,,,,,,GLOBAL_BASELINE_NO_ENTITY_RANKING,,,NOT_APPLICABLE_GLOBAL_BASELINE,HF9g-P5,,,,X 全窗基线 · 不参与实体赏罚,3927350,393,A168_HF9F_20260827_0900,2026-08-27 09:00:00
2026-06-11,91797317,2106,0,20.7714517168,-20.7714517168,-20.7714517168,0E-7,1,1,0.49324550000000000,0.493245500000,-0.9865810262130424,-0.9865810262130424,-0.9865810262130424,0E-17,ELIGIBLE,R03b_20260811_FULL_v1,L1_ELIGIBILITY,v2026-08-11,2026-03-21..2026-08-06,baccarat_bet02_101_all_pairs_incl_sentinel,round_win = game_pnl > 0 (decisive only),COMPATIBILITY_ONLY_NOT_PRODUCTION,21006.2458,18687.5319,-61.6222,1247,1247,0.00293352,-0.13859161,0.00938335,0.00293352,61.6222,21006.2458,OK,0.0000,-2.4649,4.0000,96.0000,AG03-UNRESOLVED,ALL5_LEVELS_bet23_to_bet27,-2.4649,-2.4649,-2.4649,-4.3136,-4.3136,4.000000,4.000000,4.000000,7.000000,7.000000,96.000000,96.000000,96.000000,93.000000,93.000000,5.0,-16.0218,-14.4684,-45.6004,-47.1538,PENDING_AG03,FALSE,NOT_FOR_ENFORCEMENT,-59.1573,17940.0307,-61.6222,-59.1573,-2.4649,-0.00293352,-0.00281618,-2.4649,-59.1573,-0.00281618,-2.4649,-2.4649,-2.4649,-4.3136,-4.3136,-59.1573,-0.00281618,-16.0218,-14.4684,-45.6004,-47.1538,-0.00217080,-0.00224475,-0.00011734,16.8454,14.9860,-0.0494,-0.6419,-0.0525,218.8151,12.9896,13.0801,17.0694,10.3857,11.0045,21.0062,31.5093,42.0124,42.1647,10.5412,0.0,3.81775,3.831594,1.530778,30,171,130,2,0.04358735,-0.00293352,0.13859161,0E-8,0.000000,0.889618,0.000000,-0.14797496,2026-03-22,2026-08-05,96,1173,774,137,0.700730,0.766291,0.776478,0.145291,,,,,,,,GLOBAL_BASELINE_NO_ENTITY_RANKING,,,NOT_APPLICABLE_GLOBAL_BASELINE,HF9g-P5,,,,X 全窗基线 · 不参与实体赏罚,3927351,393,A168_HF9F_20260827_0900,2026-08-27 09:00:00
2026-06-11,91797317,2167,0,20.7714517168,-20.7714517168,-20.7714517168,0E-7,1,1,0.49324550000000000,0.493245500000,-0.9865810262130424,-0.9865810262130424,-0.9865810262130424,0E-17,ELIGIBLE,R03b_20260811_FULL_v1,L1_ELIGIBILITY,v2026-08-11,2026-03-21..2026-08-06,baccarat_bet02_101_all_pairs_incl_sentinel,round_win = game_pnl > 0 (decisive only),COMPATIBILITY_ONLY_NOT_PRODUCTION,21006.2458,18687.5319,-61.6222,1247,1247,0.00293352,-0.13859161,0.00938335,0.00293352,61.6222,21006.2458,OK,0.0000,-2.4649,4.0000,96.0000,AG03-UNRESOLVED,ALL5_LEVELS_bet23_to_bet27,-2.4649,-2.4649,-2.4649,-4.3136,-4.3136,4.000000,4.000000,4.000000,7.000000,7.000000,96.000000,96.000000,96.000000,93.000000,93.000000,5.0,-16.0218,-14.4684,-45.6004,-47.1538,PENDING_AG03,FALSE,NOT_FOR_ENFORCEMENT,-59.1573,17940.0307,-61.6222,-59.1573,-2.4649,-0.00293352,-0.00281618,-2.4649,-59.1573,-0.00281618,-2.4649,-2.4649,-2.4649,-4.3136,-4.3136,-59.1573,-0.00281618,-16.0218,-14.4684,-45.6004,-47.1538,-0.00217080,-0.00224475,-0.00011734,16.8454,14.9860,-0.0494,-0.6419,-0.0525,218.8151,12.9896,13.0801,17.0694,10.3857,11.0045,21.0062,31.5093,42.0124,42.1647,10.5412,0.0,3.81775,3.831594,1.530778,30,171,130,2,0.04358735,-0.00293352,0.13859161,0E-8,0.000000,0.889618,0.000000,-0.14797496,2026-03-22,2026-08-05,96,1173,774,137,0.700730,0.766291,0.776478,0.145291,,,,,,,,GLOBAL_BASELINE_NO_ENTITY_RANKING,,,NOT_APPLICABLE_GLOBAL_BASELINE,HF9g-P5,,,,X 全窗基线 · 不参与实体赏罚,3927352,393,A168_HF9F_20260827_0900,2026-08-27 09:00:00
2026-06-11,91797317,2171,0,10.3857258584,10.3857258584,10.3857258584,1.0000000,1,1,0.49324550000000000,0.493245500000,1.01360149184955,1.01360149184955,1.01360149184955,0E-17,ELIGIBLE,R03b_20260811_FULL_v1,L1_ELIGIBILITY,v2026-08-11,2026-03-21..2026-08-06,baccarat_bet02_101_all_pairs_incl_sentinel,round_win = game_pnl > 0 (decisive only),COMPATIBILITY_ONLY_NOT_PRODUCTION,21006.2458,18687.5319,-61.6222,1247,1247,0.00293352,-0.13859161,0.00938335,0.00293352,61.6222,21006.2458,OK,0.0000,-2.4649,4.0000,96.0000,AG03-UNRESOLVED,ALL5_LEVELS_bet23_to_bet27,-2.4649,-2.4649,-2.4649,-4.3136,-4.3136,4.000000,4.000000,4.000000,7.000000,7.000000,96.000000,96.000000,96.000000,93.000000,93.000000,5.0,-16.0218,-14.4684,-45.6004,-47.1538,PENDING_AG03,FALSE,NOT_FOR_ENFORCEMENT,-59.1573,17940.0307,-61.6222,-59.1573,-2.4649,-0.00293352,-0.00281618,-2.4649,-59.1573,-0.00281618,-2.4649,-2.4649,-2.4649,-4.3136,-4.3136,-59.1573,-0.00281618,-16.0218,-14.4684,-45.6004,-47.1538,-0.00217080,-0.00224475,-0.00011734,16.8454,14.9860,-0.0494,-0.6419,-0.0525,218.8151,12.9896,13.0801,17.0694,10.3857,11.0045,21.0062,31.5093,42.0124,42.1647,10.5412,0.0,3.81775,3.831594,1.530778,30,171,130,2,0.04358735,-0.00293352,0.13859161,0E-8,0.000000,0.889618,0.000000,-0.14797496,2026-03-22,2026-08-05,96,1173,774,137,0.700730,0.766291,0.776478,0.145291,,,,,,,,GLOBAL_BASELINE_NO_ENTITY_RANKING,,,NOT_APPLICABLE_GLOBAL_BASELINE,HF9g-P5,,,,X 全窗基线 · 不参与实体赏罚,3927353,393,A168_HF9F_20260827_0900,2026-08-27 09:00:00
2026-06-11,91797317,2222,0,10.3857258584,10.3857258584,10.3857258584,1.0000000,1,1,0.49324550000000000,0.493245500000,1.01360149184955,1.01360149184955,1.01360149184955,0E-17,ELIGIBLE,R03b_20260811_FULL_v1,L1_ELIGIBILITY,v2026-08-11,2026-03-21..2026-08-06,baccarat_bet02_101_all_pairs_incl_sentinel,round_win = game_pnl > 0 (decisive only),COMPATIBILITY_ONLY_NOT_PRODUCTION,21006.2458,18687.5319,-61.6222,1247,1247,0.00293352,-0.13859161,0.00938335,0.00293352,61.6222,21006.2458,OK,0.0000,-2.4649,4.0000,96.0000,AG03-UNRESOLVED,ALL5_LEVELS_bet23_to_bet27,-2.4649,-2.4649,-2.4649,-4.3136,-4.3136,4.000000,4.000000,4.000000,7.000000,7.000000,96.000000,96.000000,96.000000,93.000000,93.000000,5.0,-16.0218,-14.4684,-45.6004,-47.1538,PENDING_AG03,FALSE,NOT_FOR_ENFORCEMENT,-59.1573,17940.0307,-61.6222,-59.1573,-2.4649,-0.00293352,-0.00281618,-2.4649,-59.1573,-0.00281618,-2.4649,-2.4649,-2.4649,-4.3136,-4.3136,-59.1573,-0.00281618,-16.0218,-14.4684,-45.6004,-47.1538,-0.00217080,-0.00224475,-0.00011734,16.8454,14.9860,-0.0494,-0.6419,-0.0525,218.8151,12.9896,13.0801,17.0694,10.3857,11.0045,21.0062,31.5093,42.0124,42.1647,10.5412,0.0,3.81775,3.831594,1.530778,30,171,130,2,0.04358735,-0.00293352,0.13859161,0E-8,0.000000,0.889618,0.000000,-0.14797496,2026-03-22,2026-08-05,96,1173,774,137,0.700730,0.766291,0.776478,0.145291,,,,,,,,GLOBAL_BASELINE_NO_ENTITY_RANKING,,,NOT_APPLICABLE_GLOBAL_BASELINE,HF9g-P5,,,,X 全窗基线 · 不参与实体赏罚,3927354,393,A168_HF9F_20260827_0900,2026-08-27 09:00:00
2026-06-11,91797317,2234,0,10.3857258584,-10.3857258584,-10.3857258584,0E-7,1,1,0.49324550000000000,0.493245500000,-0.9865810262130424,-0.9865810262130424,-0.9865810262130424,0E-17,ELIGIBLE,R03b_20260811_FULL_v1,L1_ELIGIBILITY,v2026-08-11,2026-03-21..2026-08-06,baccarat_bet02_101_all_pairs_incl_sentinel,round_win = game_pnl > 0 (decisive only),COMPATIBILITY_ONLY_NOT_PRODUCTION,21006.2458,18687.5319,-61.6222,1247,1247,0.00293352,-0.13859161,0.00938335,0.00293352,61.6222,21006.2458,OK,0.0000,-2.4649,4.0000,96.0000,AG03-UNRESOLVED,ALL5_LEVELS_bet23_to_bet27,-2.4649,-2.4649,-2.4649,-4.3136,-4.3136,4.000000,4.000000,4.000000,7.000000,7.000000,96.000000,96.000000,96.000000,93.000000,93.000000,5.0,-16.0218,-14.4684,-45.6004,-47.1538,PENDING_AG03,FALSE,NOT_FOR_ENFORCEMENT,-59.1573,17940.0307,-61.6222,-59.1573,-2.4649,-0.00293352,-0.00281618,-2.4649,-59.1573,-0.00281618,-2.4649,-2.4649,-2.4649,-4.3136,-4.3136,-59.1573,-0.00281618,-16.0218,-14.4684,-45.6004,-47.1538,-0.00217080,-0.00224475,-0.00011734,16.8454,14.9860,-0.0494,-0.6419,-0.0525,218.8151,12.9896,13.0801,17.0694,10.3857,11.0045,21.0062,31.5093,42.0124,42.1647,10.5412,0.0,3.81775,3.831594,1.530778,30,171,130,2,0.04358735,-0.00293352,0.13859161,0E-8,0.000000,0.889618,0.000000,-0.14797496,2026-03-22,2026-08-05,96,1173,774,137,0.700730,0.766291,0.776478,0.145291,,,,,,,,GLOBAL_BASELINE_NO_ENTITY_RANKING,,,NOT_APPLICABLE_GLOBAL_BASELINE,HF9g-P5,,,,X 全窗基线 · 不参与实体赏罚,3927355,393,A168_HF9F_20260827_0900,2026-08-27 09:00:00
2026-06-11,91797317,2239,0,20.7714517168,-20.7714517168,-20.7714517168,0E-7,1,1,0.49324550000000000,0.493245500000,-0.9865810262130424,-0.9865810262130424,-0.9865810262130424,0E-17,ELIGIBLE,R03b_20260811_FULL_v1,L1_ELIGIBILITY,v2026-08-11,2026-03-21..2026-08-06,baccarat_bet02_101_all_pairs_incl_sentinel,round_win = game_pnl > 0 (decisive only),COMPATIBILITY_ONLY_NOT_PRODUCTION,21006.2458,18687.5319,-61.6222,1247,1247,0.00293352,-0.13859161,0.00938335,0.00293352,61.6222,21006.2458,OK,0.0000,-2.4649,4.0000,96.0000,AG03-UNRESOLVED,ALL5_LEVELS_bet23_to_bet27,-2.4649,-2.4649,-2.4649,-4.3136,-4.3136,4.000000,4.000000,4.000000,7.000000,7.000000,96.000000,96.000000,96.000000,93.000000,93.000000,5.0,-16.0218,-14.4684,-45.6004,-47.1538,PENDING_AG03,FALSE,NOT_FOR_ENFORCEMENT,-59.1573,17940.0307,-61.6222,-59.1573,-2.4649,-0.00293352,-0.00281618,-2.4649,-59.1573,-0.00281618,-2.4649,-2.4649,-2.4649,-4.3136,-4.3136,-59.1573,-0.00281618,-16.0218,-14.4684,-45.6004,-47.1538,-0.00217080,-0.00224475,-0.00011734,16.8454,14.9860,-0.0494,-0.6419,-0.0525,218.8151,12.9896,13.0801,17.0694,10.3857,11.0045,21.0062,31.5093,42.0124,42.1647,10.5412,0.0,3.81775,3.831594,1.530778,30,171,130,2,0.04358735,-0.00293352,0.13859161,0E-8,0.000000,0.889618,0.000000,-0.14797496,2026-03-22,2026-08-05,96,1173,774,137,0.700730,0.766291,0.776478,0.145291,,,,,,,,GLOBAL_BASELINE_NO_ENTITY_RANKING,,,NOT_APPLICABLE_GLOBAL_BASELINE,HF9g-P5,,,,X 全窗基线 · 不参与实体赏罚,3927356,393,A168_HF9F_20260827_0900,2026-08-27 09:00:00
2026-06-11,91797317,2251,0,10.3857258584,10.3857258584,10.3857258584,1.0000000,1,1,0.49324550000000000,0.493245500000,1.01360149184955,1.01360149184955,1.01360149184955,0E-17,ELIGIBLE,R03b_20260811_FULL_v1,L1_ELIGIBILITY,v2026-08-11,2026-03-21..2026-08-06,baccarat_bet02_101_all_pairs_incl_sentinel,round_win = game_pnl > 0 (decisive only),COMPATIBILITY_ONLY_NOT_PRODUCTION,21006.2458,18687.5319,-61.6222,1247,1247,0.00293352,-0.13859161,0.00938335,0.00293352,61.6222,21006.2458,OK,0.0000,-2.4649,4.0000,96.0000,AG03-UNRESOLVED,ALL5_LEVELS_bet23_to_bet27,-2.4649,-2.4649,-2.4649,-4.3136,-4.3136,4.000000,4.000000,4.000000,7.000000,7.000000,96.000000,96.000000,96.000000,93.000000,93.000000,5.0,-16.0218,-14.4684,-45.6004,-47.1538,PENDING_AG03,FALSE,NOT_FOR_ENFORCEMENT,-59.1573,17940.0307,-61.6222,-59.1573,-2.4649,-0.00293352,-0.00281618,-2.4649,-59.1573,-0.00281618,-2.4649,-2.4649,-2.4649,-4.3136,-4.3136,-59.1573,-0.00281618,-16.0218,-14.4684,-45.6004,-47.1538,-0.00217080,-0.00224475,-0.00011734,16.8454,14.9860,-0.0494,-0.6419,-0.0525,218.8151,12.9896,13.0801,17.0694,10.3857,11.0045,21.0062,31.5093,42.0124,42.1647,10.5412,0.0,3.81775,3.831594,1.530778,30,171,130,2,0.04358735,-0.00293352,0.13859161,0E-8,0.000000,0.889618,0.000000,-0.14797496,2026-03-22,2026-08-05,96,1173,774,137,0.700730,0.766291,0.776478,0.145291,,,,,,,,GLOBAL_BASELINE_NO_ENTITY_RANKING,,,NOT_APPLICABLE_GLOBAL_BASELINE,HF9g-P5,,,,X 全窗基线 · 不参与实体赏罚,3927357,393,A168_HF9F_20260827_0900,2026-08-27 09:00:00
2026-06-11,91797317,970,0,10.3857258584,10.3857258584,10.3857258584,1.0000000,1,1,0.49324550000000000,0.493245500000,1.01360149184955,1.01360149184955,1.01360149184955,0E-17,ELIGIBLE,R03b_20260811_FULL_v1,L1_ELIGIBILITY,v2026-08-11,2026-03-21..2026-08-06,baccarat_bet02_101_all_pairs_incl_sentinel,round_win = game_pnl > 0 (decisive only),COMPATIBILITY_ONLY_NOT_PRODUCTION,21006.2458,18687.5319,-61.6222,1247,1247,0.00293352,-0.13859161,0.00938335,0.00293352,61.6222,21006.2458,OK,0.0000,-2.4649,4.0000,96.0000,AG03-UNRESOLVED,ALL5_LEVELS_bet23_to_bet27,-2.4649,-2.4649,-2.4649,-4.3136,-4.3136,4.000000,4.000000,4.000000,7.000000,7.000000,96.000000,96.000000,96.000000,93.000000,93.000000,5.0,-16.0218,-14.4684,-45.6004,-47.1538,PENDING_AG03,FALSE,NOT_FOR_ENFORCEMENT,-59.1573,17940.0307,-61.6222,-59.1573,-2.4649,-0.00293352,-0.00281618,-2.4649,-59.1573,-0.00281618,-2.4649,-2.4649,-2.4649,-4.3136,-4.3136,-59.1573,-0.00281618,-16.0218,-14.4684,-45.6004,-47.1538,-0.00217080,-0.00224475,-0.00011734,16.8454,14.9860,-0.0494,-0.6419,-0.0525,218.8151,12.9896,13.0801,17.0694,10.3857,11.0045,21.0062,31.5093,42.0124,42.1647,10.5412,0.0,3.81775,3.831594,1.530778,30,171,130,2,0.04358735,-0.00293352,0.13859161,0E-8,0.000000,0.889618,0.000000,-0.14797496,2026-03-22,2026-08-05,96,1173,774,137,0.700730,0.766291,0.776478,0.145291,,,,,,,,GLOBAL_BASELINE_NO_ENTITY_RANKING,,,NOT_APPLICABLE_GLOBAL_BASELINE,HF9g-P5,,,,X 全窗基线 · 不参与实体赏罚,3927358,393,A168_HF9F_20260827_0900,2026-08-27 09:00:00
2026-06-12,91797317,2123,0,10.3857258584,0E-10,0E-10,,1,1,0.49324550000000000,0.493245500000,,,,0E-17,NO_DECISIVE_ROUND,R03b_20260811_FULL_v1,L1_ELIGIBILITY,v2026-08-11,2026-03-21..2026-08-06,baccarat_bet02_101_all_pairs_incl_sentinel,round_win = game_pnl > 0 (decisive only),COMPATIBILITY_ONLY_NOT_PRODUCTION,21006.2458,18687.5319,-61.6222,1247,1247,0.00293352,-0.13859161,0.00938335,0.00293352,61.6222,21006.2458,OK,0.0000,-2.4649,4.0000,96.0000,AG03-UNRESOLVED,ALL5_LEVELS_bet23_to_bet27,-2.4649,-2.4649,-2.4649,-4.3136,-4.3136,4.000000,4.000000,4.000000,7.000000,7.000000,96.000000,96.000000,96.000000,93.000000,93.000000,5.0,-16.0218,-14.4684,-45.6004,-47.1538,PENDING_AG03,FALSE,NOT_FOR_ENFORCEMENT,-59.1573,17940.0307,-61.6222,-59.1573,-2.4649,-0.00293352,-0.00281618,-2.4649,-59.1573,-0.00281618,-2.4649,-2.4649,-2.4649,-4.3136,-4.3136,-59.1573,-0.00281618,-16.0218,-14.4684,-45.6004,-47.1538,-0.00217080,-0.00224475,-0.00011734,16.8454,14.9860,-0.0494,-0.6419,-0.0525,218.8151,12.9896,13.0801,17.0694,10.3857,11.0045,21.0062,31.5093,42.0124,42.1647,10.5412,0.0,3.81775,3.831594,1.530778,30,171,130,2,0.04358735,-0.00293352,0.13859161,0E-8,0.000000,0.889618,0.000000,-0.14797496,2026-03-22,2026-08-05,96,1173,774,137,0.700730,0.766291,0.776478,0.145291,,,,,,,,GLOBAL_BASELINE_NO_ENTITY_RANKING,,,NOT_APPLICABLE_GLOBAL_BASELINE,HF9g-P5,,,,X 全窗基线 · 不参与实体赏罚,3927359,393,A168_HF9F_20260827_0900,2026-08-27 09:00:00
2026-06-12,91797317,583,0,10.3857258584,-10.3857258584,-10.3857258584,0E-7,1,1,0.49324550000000000,0.493245500000,-0.9865810262130424,-0.9865810262130424,-0.9865810262130424,0E-17,ELIGIBLE,R03b_20260811_FULL_v1,L1_ELIGIBILITY,v2026-08-11,2026-03-21..2026-08-06,baccarat_bet02_101_all_pairs_incl_sentinel,round_win = game_pnl > 0 (decisive only),COMPATIBILITY_ONLY_NOT_PRODUCTION,21006.2458,18687.5319,-61.6222,1247,1247,0.00293352,-0.13859161,0.00938335,0.00293352,61.6222,21006.2458,OK,0.0000,-2.4649,4.0000,96.0000,AG03-UNRESOLVED,ALL5_LEVELS_bet23_to_bet27,-2.4649,-2.4649,-2.4649,-4.3136,-4.3136,4.000000,4.000000,4.000000,7.000000,7.000000,96.000000,96.000000,96.000000,93.000000,93.000000,5.0,-16.0218,-14.4684,-45.6004,-47.1538,PENDING_AG03,FALSE,NOT_FOR_ENFORCEMENT,-59.1573,17940.0307,-61.6222,-59.1573,-2.4649,-0.00293352,-0.00281618,-2.4649,-59.1573,-0.00281618,-2.4649,-2.4649,-2.4649,-4.3136,-4.3136,-59.1573,-0.00281618,-16.0218,-14.4684,-45.6004,-47.1538,-0.00217080,-0.00224475,-0.00011734,16.8454,14.9860,-0.0494,-0.6419,-0.0525,218.8151,12.9896,13.0801,17.0694,10.3857,11.0045,21.0062,31.5093,42.0124,42.1647,10.5412,0.0,3.81775,3.831594,1.530778,30,171,130,2,0.04358735,-0.00293352,0.13859161,0E-8,0.000000,0.889618,0.000000,-0.14797496,2026-03-22,2026-08-05,96,1173,774,137,0.700730,0.766291,0.776478,0.145291,,,,,,,,GLOBAL_BASELINE_NO_ENTITY_RANKING,,,NOT_APPLICABLE_GLOBAL_BASELINE,HF9g-P5,,,,X 全窗基线 · 不参与实体赏罚,3927360,393,A168_HF9F_20260827_0900,2026-08-27 09:00:00
2026-06-14,91797317,-1,1,6.2314355150,-6.2314355150,-6.2314355150,0E-7,1,1,0.49324550000000000,0.493245500000,-0.9865810262130424,-0.9865810262130424,-0.9865810262130424,0E-17,SENTINEL_DEALER,R03b_20260811_FULL_v1,L1_ELIGIBILITY,v2026-08-11,2026-03-21..2026-08-06,baccarat_bet02_101_all_pairs_incl_sentinel,round_win = game_pnl > 0 (decisive only),COMPATIBILITY_ONLY_NOT_PRODUCTION,21006.2458,18687.5319,-61.6222,1247,1247,0.00293352,-0.13859161,0.00938335,0.00293352,61.6222,21006.2458,OK,0.0000,-2.4649,4.0000,96.0000,AG03-UNRESOLVED,ALL5_LEVELS_bet23_to_bet27,-2.4649,-2.4649,-2.4649,-4.3136,-4.3136,4.000000,4.000000,4.000000,7.000000,7.000000,96.000000,96.000000,96.000000,93.000000,93.000000,5.0,-16.0218,-14.4684,-45.6004,-47.1538,PENDING_AG03,FALSE,NOT_FOR_ENFORCEMENT,-59.1573,17940.0307,-61.6222,-59.1573,-2.4649,-0.00293352,-0.00281618,-2.4649,-59.1573,-0.00281618,-2.4649,-2.4649,-2.4649,-4.3136,-4.3136,-59.1573,-0.00281618,-16.0218,-14.4684,-45.6004,-47.1538,-0.00217080,-0.00224475,-0.00011734,16.8454,14.9860,-0.0494,-0.6419,-0.0525,218.8151,12.9896,13.0801,17.0694,10.3857,11.0045,21.0062,31.5093,42.0124,42.1647,10.5412,0.0,3.81775,3.831594,1.530778,30,171,130,2,0.04358735,-0.00293352,0.13859161,0E-8,0.000000,0.889618,0.000000,-0.14797496,2026-03-22,2026-08-05,96,1173,774,137,0.700730,0.766291,0.776478,0.145291,,,,,,,,GLOBAL_BASELINE_NO_ENTITY_RANKING,,,NOT_APPLICABLE_GLOBAL_BASELINE,HF9g-P5,,,,X 全窗基线 · 不参与实体赏罚,3927361,393,A168_HF9F_20260827_0900,2026-08-27 09:00:00
2026-06-14,91797317,1094,0,6.2314355150,6.2314355150,6.2314355150,1.0000000,1,1,0.49324550000000000,0.493245500000,1.01360149184955,1.01360149184955,1.01360149184955,0E-17,ELIGIBLE,R03b_20260811_FULL_v1,L1_ELIGIBILITY,v2026-08-11,2026-03-21..2026-08-06,baccarat_bet02_101_all_pairs_incl_sentinel,round_win = game_pnl > 0 (decisive only),COMPATIBILITY_ONLY_NOT_PRODUCTION,21006.2458,18687.5319,-61.6222,1247,1247,0.00293352,-0.13859161,0.00938335,0.00293352,61.6222,21006.2458,OK,0.0000,-2.4649,4.0000,96.0000,AG03-UNRESOLVED,ALL5_LEVELS_bet23_to_bet27,-2.4649,-2.4649,-2.4649,-4.3136,-4.3136,4.000000,4.000000,4.000000,7.000000,7.000000,96.000000,96.000000,96.000000,93.000000,93.000000,5.0,-16.0218,-14.4684,-45.6004,-47.1538,PENDING_AG03,FALSE,NOT_FOR_ENFORCEMENT,-59.1573,17940.0307,-61.6222,-59.1573,-2.4649,-0.00293352,-0.00281618,-2.4649,-59.1573,-0.00281618,-2.4649,-2.4649,-2.4649,-4.3136,-4.3136,-59.1573,-0.00281618,-16.0218,-14.4684,-45.6004,-47.1538,-0.00217080,-0.00224475,-0.00011734,16.8454,14.9860,-0.0494,-0.6419,-0.0525,218.8151,12.9896,13.0801,17.0694,10.3857,11.0045,21.0062,31.5093,42.0124,42.1647,10.5412,0.0,3.81775,3.831594,1.530778,30,171,130,2,0.04358735,-0.00293352,0.13859161,0E-8,0.000000,0.889618,0.000000,-0.14797496,2026-03-22,2026-08-05,96,1173,774,137,0.700730,0.766291,0.776478,0.145291,,,,,,,,GLOBAL_BASELINE_NO_ENTITY_RANKING,,,NOT_APPLICABLE_GLOBAL_BASELINE,HF9g-P5,,,,X 全窗基线 · 不参与实体赏罚,3927362,393,A168_HF9F_20260827_0900,2026-08-27 09:00:00
2026-06-14,91797317,1306,0,6.2314355150,0E-10,0E-10,,1,1,0.49324550000000000,0.493245500000,,,,0E-17,NO_DECISIVE_ROUND,R03b_20260811_FULL_v1,L1_ELIGIBILITY,v2026-08-11,2026-03-21..2026-08-06,baccarat_bet02_101_all_pairs_incl_sentinel,round_win = game_pnl > 0 (decisive only),COMPATIBILITY_ONLY_NOT_PRODUCTION,21006.2458,18687.5319,-61.6222,1247,1247,0.00293352,-0.13859161,0.00938335,0.00293352,61.6222,21006.2458,OK,0.0000,-2.4649,4.0000,96.0000,AG03-UNRESOLVED,ALL5_LEVELS_bet23_to_bet27,-2.4649,-2.4649,-2.4649,-4.3136,-4.3136,4.000000,4.000000,4.000000,7.000000,7.000000,96.000000,96.000000,96.000000,93.000000,93.000000,5.0,-16.0218,-14.4684,-45.6004,-47.1538,PENDING_AG03,FALSE,NOT_FOR_ENFORCEMENT,-59.1573,17940.0307,-61.6222,-59.1573,-2.4649,-0.00293352,-0.00281618,-2.4649,-59.1573,-0.00281618,-2.4649,-2.4649,-2.4649,-4.3136,-4.3136,-59.1573,-0.00281618,-16.0218,-14.4684,-45.6004,-47.1538,-0.00217080,-0.00224475,-0.00011734,16.8454,14.9860,-0.0494,-0.6419,-0.0525,218.8151,12.9896,13.0801,17.0694,10.3857,11.0045,21.0062,31.5093,42.0124,42.1647,10.5412,0.0,3.81775,3.831594,1.530778,30,171,130,2,0.04358735,-0.00293352,0.13859161,0E-8,0.000000,0.889618,0.000000,-0.14797496,2026-03-22,2026-08-05,96,1173,774,137,0.700730,0.766291,0.776478,0.145291,,,,,,,,GLOBAL_BASELINE_NO_ENTITY_RANKING,,,NOT_APPLICABLE_GLOBAL_BASELINE,HF9g-P5,,,,X 全窗基线 · 不参与实体赏罚,3927363,393,A168_HF9F_20260827_0900,2026-08-27 09:00:00
2026-06-14,91797317,1402,0,6.2314355150,6.2314355150,6.2314355150,1.0000000,1,1,0.49324550000000000,0.493245500000,1.01360149184955,1.01360149184955,1.01360149184955,0E-17,ELIGIBLE,R03b_20260811_FULL_v1,L1_ELIGIBILITY,v2026-08-11,2026-03-21..2026-08-06,baccarat_bet02_101_all_pairs_incl_sentinel,round_win = game_pnl > 0 (decisive only),COMPATIBILITY_ONLY_NOT_PRODUCTION,21006.2458,18687.5319,-61.6222,1247,1247,0.00293352,-0.13859161,0.00938335,0.00293352,61.6222,21006.2458,OK,0.0000,-2.4649,4.0000,96.0000,AG03-UNRESOLVED,ALL5_LEVELS_bet23_to_bet27,-2.4649,-2.4649,-2.4649,-4.3136,-4.3136,4.000000,4.000000,4.000000,7.000000,7.000000,96.000000,96.000000,96.000000,93.000000,93.000000,5.0,-16.0218,-14.4684,-45.6004,-47.1538,PENDING_AG03,FALSE,NOT_FOR_ENFORCEMENT,-59.1573,17940.0307,-61.6222,-59.1573,-2.4649,-0.00293352,-0.00281618,-2.4649,-59.1573,-0.00281618,-2.4649,-2.4649,-2.4649,-4.3136,-4.3136,-59.1573,-0.00281618,-16.0218,-14.4684,-45.6004,-47.1538,-0.00217080,-0.00224475,-0.00011734,16.8454,14.9860,-0.0494,-0.6419,-0.0525,218.8151,12.9896,13.0801,17.0694,10.3857,11.0045,21.0062,31.5093,42.0124,42.1647,10.5412,0.0,3.81775,3.831594,1.530778,30,171,130,2,0.04358735,-0.00293352,0.13859161,0E-8,0.000000,0.889618,0.000000,-0.14797496,2026-03-22,2026-08-05,96,1173,774,137,0.700730,0.766291,0.776478,0.145291,,,,,,,,GLOBAL_BASELINE_NO_ENTITY_RANKING,,,NOT_APPLICABLE_GLOBAL_BASELINE,HF9g-P5,,,,X 全窗基线 · 不参与实体赏罚,3927364,393,A168_HF9F_20260827_0900,2026-08-27 09:00:00
2026-06-14,91797317,1985,0,6.2314355150,6.2314355150,6.2314355150,1.0000000,1,1,0.49324550000000000,0.493245500000,1.01360149184955,1.01360149184955,1.01360149184955,0E-17,ELIGIBLE,R03b_20260811_FULL_v1,L1_ELIGIBILITY,v2026-08-11,2026-03-21..2026-08-06,baccarat_bet02_101_all_pairs_incl_sentinel,round_win = game_pnl > 0 (decisive only),COMPATIBILITY_ONLY_NOT_PRODUCTION,21006.2458,18687.5319,-61.6222,1247,1247,0.00293352,-0.13859161,0.00938335,0.00293352,61.6222,21006.2458,OK,0.0000,-2.4649,4.0000,96.0000,AG03-UNRESOLVED,ALL5_LEVELS_bet23_to_bet27,-2.4649,-2.4649,-2.4649,-4.3136,-4.3136,4.000000,4.000000,4.000000,7.000000,7.000000,96.000000,96.000000,96.000000,93.000000,93.000000,5.0,-16.0218,-14.4684,-45.6004,-47.1538,PENDING_AG03,FALSE,NOT_FOR_ENFORCEMENT,-59.1573,17940.0307,-61.6222,-59.1573,-2.4649,-0.00293352,-0.00281618,-2.4649,-59.1573,-0.00281618,-2.4649,-2.4649,-2.4649,-4.3136,-4.3136,-59.1573,-0.00281618,-16.0218,-14.4684,-45.6004,-47.1538,-0.00217080,-0.00224475,-0.00011734,16.8454,14.9860,-0.0494,-0.6419,-0.0525,218.8151,12.9896,13.0801,17.0694,10.3857,11.0045,21.0062,31.5093,42.0124,42.1647,10.5412,0.0,3.81775,3.831594,1.530778,30,171,130,2,0.04358735,-0.00293352,0.13859161,0E-8,0.000000,0.889618,0.000000,-0.14797496,2026-03-22,2026-08-05,96,1173,774,137,0.700730,0.766291,0.776478,0.145291,,,,,,,,GLOBAL_BASELINE_NO_ENTITY_RANKING,,,NOT_APPLICABLE_GLOBAL_BASELINE,HF9g-P5,,,,X 全窗基线 · 不参与实体赏罚,3927365,393,A168_HF9F_20260827_0900,2026-08-27 09:00:00
2026-06-14,91797317,2088,0,8.3085806867,-8.3085806867,-8.3085806867,0E-7,1,1,0.49324550000000000,0.493245500000,-0.9865810262130424,-0.9865810262130424,-0.9865810262130424,0E-17,ELIGIBLE,R03b_20260811_FULL_v1,L1_ELIGIBILITY,v2026-08-11,2026-03-21..2026-08-06,baccarat_bet02_101_all_pairs_incl_sentinel,round_win = game_pnl > 0 (decisive only),COMPATIBILITY_ONLY_NOT_PRODUCTION,21006.2458,18687.5319,-61.6222,1247,1247,0.00293352,-0.13859161,0.00938335,0.00293352,61.6222,21006.2458,OK,0.0000,-2.4649,4.0000,96.0000,AG03-UNRESOLVED,ALL5_LEVELS_bet23_to_bet27,-2.4649,-2.4649,-2.4649,-4.3136,-4.3136,4.000000,4.000000,4.000000,7.000000,7.000000,96.000000,96.000000,96.000000,93.000000,93.000000,5.0,-16.0218,-14.4684,-45.6004,-47.1538,PENDING_AG03,FALSE,NOT_FOR_ENFORCEMENT,-59.1573,17940.0307,-61.6222,-59.1573,-2.4649,-0.00293352,-0.00281618,-2.4649,-59.1573,-0.00281618,-2.4649,-2.4649,-2.4649,-4.3136,-4.3136,-59.1573,-0.00281618,-16.0218,-14.4684,-45.6004,-47.1538,-0.00217080,-0.00224475,-0.00011734,16.8454,14.9860,-0.0494,-0.6419,-0.0525,218.8151,12.9896,13.0801,17.0694,10.3857,11.0045,21.0062,31.5093,42.0124,42.1647,10.5412,0.0,3.81775,3.831594,1.530778,30,171,130,2,0.04358735,-0.00293352,0.13859161,0E-8,0.000000,0.889618,0.000000,-0.14797496,2026-03-22,2026-08-05,96,1173,774,137,0.700730,0.766291,0.776478,0.145291,,,,,,,,GLOBAL_BASELINE_NO_ENTITY_RANKING,,,NOT_APPLICABLE_GLOBAL_BASELINE,HF9g-P5,,,,X 全窗基线 · 不参与实体赏罚,3927366,393,A168_HF9F_20260827_0900,2026-08-27 09:00:00
2026-06-14,91797317,2121,0,6.2314355150,6.2314355150,6.2314355150,1.0000000,1,1,0.49324550000000000,0.493245500000,1.01360149184955,1.01360149184955,1.01360149184955,0E-17,ELIGIBLE,R03b_20260811_FULL_v1,L1_ELIGIBILITY,v2026-08-11,2026-03-21..2026-08-06,baccarat_bet02_101_all_pairs_incl_sentinel,round_win = game_pnl > 0 (decisive only),COMPATIBILITY_ONLY_NOT_PRODUCTION,21006.2458,18687.5319,-61.6222,1247,1247,0.00293352,-0.13859161,0.00938335,0.00293352,61.6222,21006.2458,OK,0.0000,-2.4649,4.0000,96.0000,AG03-UNRESOLVED,ALL5_LEVELS_bet23_to_bet27,-2.4649,-2.4649,-2.4649,-4.3136,-4.3136,4.000000,4.000000,4.000000,7.000000,7.000000,96.000000,96.000000,96.000000,93.000000,93.000000,5.0,-16.0218,-14.4684,-45.6004,-47.1538,PENDING_AG03,FALSE,NOT_FOR_ENFORCEMENT,-59.1573,17940.0307,-61.6222,-59.1573,-2.4649,-0.00293352,-0.00281618,-2.4649,-59.1573,-0.00281618,-2.4649,-2.4649,-2.4649,-4.3136,-4.3136,-59.1573,-0.00281618,-16.0218,-14.4684,-45.6004,-47.1538,-0.00217080,-0.00224475,-0.00011734,16.8454,14.9860,-0.0494,-0.6419,-0.0525,218.8151,12.9896,13.0801,17.0694,10.3857,11.0045,21.0062,31.5093,42.0124,42.1647,10.5412,0.0,3.81775,3.831594,1.530778,30,171,130,2,0.04358735,-0.00293352,0.13859161,0E-8,0.000000,0.889618,0.000000,-0.14797496,2026-03-22,2026-08-05,96,1173,774,137,0.700730,0.766291,0.776478,0.145291,,,,,,,,GLOBAL_BASELINE_NO_ENTITY_RANKING,,,NOT_APPLICABLE_GLOBAL_BASELINE,HF9g-P5,,,,X 全窗基线 · 不参与实体赏罚,3927367,393,A168_HF9F_20260827_0900,2026-08-27 09:00:00
2026-06-14,91797317,2229,0,10.3857258584,-10.3857258584,-10.3857258584,0E-7,1,1,0.49324550000000000,0.493245500000,-0.9865810262130424,-0.9865810262130424,-0.9865810262130424,0E-17,ELIGIBLE,R03b_20260811_FULL_v1,L1_ELIGIBILITY,v2026-08-11,2026-03-21..2026-08-06,baccarat_bet02_101_all_pairs_incl_sentinel,round_win = game_pnl > 0 (decisive only),COMPATIBILITY_ONLY_NOT_PRODUCTION,21006.2458,18687.5319,-61.6222,1247,1247,0.00293352,-0.13859161,0.00938335,0.00293352,61.6222,21006.2458,OK,0.0000,-2.4649,4.0000,96.0000,AG03-UNRESOLVED,ALL5_LEVELS_bet23_to_bet27,-2.4649,-2.4649,-2.4649,-4.3136,-4.3136,4.000000,4.000000,4.000000,7.000000,7.000000,96.000000,96.000000,96.000000,93.000000,93.000000,5.0,-16.0218,-14.4684,-45.6004,-47.1538,PENDING_AG03,FALSE,NOT_FOR_ENFORCEMENT,-59.1573,17940.0307,-61.6222,-59.1573,-2.4649,-0.00293352,-0.00281618,-2.4649,-59.1573,-0.00281618,-2.4649,-2.4649,-2.4649,-4.3136,-4.3136,-59.1573,-0.00281618,-16.0218,-14.4684,-45.6004,-47.1538,-0.00217080,-0.00224475,-0.00011734,16.8454,14.9860,-0.0494,-0.6419,-0.0525,218.8151,12.9896,13.0801,17.0694,10.3857,11.0045,21.0062,31.5093,42.0124,42.1647,10.5412,0.0,3.81775,3.831594,1.530778,30,171,130,2,0.04358735,-0.00293352,0.13859161,0E-8,0.000000,0.889618,0.000000,-0.14797496,2026-03-22,2026-08-05,96,1173,774,137,0.700730,0.766291,0.776478,0.145291,,,,,,,,GLOBAL_BASELINE_NO_ENTITY_RANKING,,,NOT_APPLICABLE_GLOBAL_BASELINE,HF9g-P5,,,,X 全窗基线 · 不参与实体赏罚,3927368,393,A168_HF9F_20260827_0900,2026-08-27 09:00:00
2026-06-14,91797317,2254,0,10.3857258584,-10.3857258584,-10.3857258584,0E-7,1,1,0.49324550000000000,0.493245500000,-0.9865810262130424,-0.9865810262130424,-0.9865810262130424,0E-17,ELIGIBLE,R03b_20260811_FULL_v1,L1_ELIGIBILITY,v2026-08-11,2026-03-21..2026-08-06,baccarat_bet02_101_all_pairs_incl_sentinel,round_win = game_pnl > 0 (decisive only),COMPATIBILITY_ONLY_NOT_PRODUCTION,21006.2458,18687.5319,-61.6222,1247,1247,0.00293352,-0.13859161,0.00938335,0.00293352,61.6222,21006.2458,OK,0.0000,-2.4649,4.0000,96.0000,AG03-UNRESOLVED,ALL5_LEVELS_bet23_to_bet27,-2.4649,-2.4649,-2.4649,-4.3136,-4.3136,4.000000,4.000000,4.000000,7.000000,7.000000,96.000000,96.000000,96.000000,93.000000,93.000000,5.0,-16.0218,-14.4684,-45.6004,-47.1538,PENDING_AG03,FALSE,NOT_FOR_ENFORCEMENT,-59.1573,17940.0307,-61.6222,-59.1573,-2.4649,-0.00293352,-0.00281618,-2.4649,-59.1573,-0.00281618,-2.4649,-2.4649,-2.4649,-4.3136,-4.3136,-59.1573,-0.00281618,-16.0218,-14.4684,-45.6004,-47.1538,-0.00217080,-0.00224475,-0.00011734,16.8454,14.9860,-0.0494,-0.6419,-0.0525,218.8151,12.9896,13.0801,17.0694,10.3857,11.0045,21.0062,31.5093,42.0124,42.1647,10.5412,0.0,3.81775,3.831594,1.530778,30,171,130,2,0.04358735,-0.00293352,0.13859161,0E-8,0.000000,0.889618,0.000000,-0.14797496,2026-03-22,2026-08-05,96,1173,774,137,0.700730,0.766291,0.776478,0.145291,,,,,,,,GLOBAL_BASELINE_NO_ENTITY_RANKING,,,NOT_APPLICABLE_GLOBAL_BASELINE,HF9g-P5,,,,X 全窗基线 · 不参与实体赏罚,3927369,393,A168_HF9F_20260827_0900,2026-08-27 09:00:00
2026-06-16,91797317,-1,1,6.2314355150,-6.2314355150,-6.2314355150,0E-7,1,1,0.49324550000000000,0.493245500000,-0.9865810262130424,-0.9865810262130424,-0.9865810262130424,0E-17,SENTINEL_DEALER,R03b_20260811_FULL_v1,L1_ELIGIBILITY,v2026-08-11,2026-03-21..2026-08-06,baccarat_bet02_101_all_pairs_incl_sentinel,round_win = game_pnl > 0 (decisive only),COMPATIBILITY_ONLY_NOT_PRODUCTION,21006.2458,18687.5319,-61.6222,1247,1247,0.00293352,-0.13859161,0.00938335,0.00293352,61.6222,21006.2458,OK,0.0000,-2.4649,4.0000,96.0000,AG03-UNRESOLVED,ALL5_LEVELS_bet23_to_bet27,-2.4649,-2.4649,-2.4649,-4.3136,-4.3136,4.000000,4.000000,4.000000,7.000000,7.000000,96.000000,96.000000,96.000000,93.000000,93.000000,5.0,-16.0218,-14.4684,-45.6004,-47.1538,PENDING_AG03,FALSE,NOT_FOR_ENFORCEMENT,-59.1573,17940.0307,-61.6222,-59.1573,-2.4649,-0.00293352,-0.00281618,-2.4649,-59.1573,-0.00281618,-2.4649,-2.4649,-2.4649,-4.3136,-4.3136,-59.1573,-0.00281618,-16.0218,-14.4684,-45.6004,-47.1538,-0.00217080,-0.00224475,-0.00011734,16.8454,14.9860,-0.0494,-0.6419,-0.0525,218.8151,12.9896,13.0801,17.0694,10.3857,11.0045,21.0062,31.5093,42.0124,42.1647,10.5412,0.0,3.81775,3.831594,1.530778,30,171,130,2,0.04358735,-0.00293352,0.13859161,0E-8,0.000000,0.889618,0.000000,-0.14797496,2026-03-22,2026-08-05,96,1173,774,137,0.700730,0.766291,0.776478,0.145291,,,,,,,,GLOBAL_BASELINE_NO_ENTITY_RANKING,,,NOT_APPLICABLE_GLOBAL_BASELINE,HF9g-P5,,,,X 全窗基线 · 不参与实体赏罚,3927370,393,A168_HF9F_20260827_0900,2026-08-27 09:00:00
2026-06-16,91797317,2145,0,6.2314355150,-6.2314355150,-6.2314355150,0E-7,1,1,0.49324550000000000,0.493245500000,-0.9865810262130424,-0.9865810262130424,-0.9865810262130424,0E-17,ELIGIBLE,R03b_20260811_FULL_v1,L1_ELIGIBILITY,v2026-08-11,2026-03-21..2026-08-06,baccarat_bet02_101_all_pairs_incl_sentinel,round_win = game_pnl > 0 (decisive only),COMPATIBILITY_ONLY_NOT_PRODUCTION,21006.2458,18687.5319,-61.6222,1247,1247,0.00293352,-0.13859161,0.00938335,0.00293352,61.6222,21006.2458,OK,0.0000,-2.4649,4.0000,96.0000,AG03-UNRESOLVED,ALL5_LEVELS_bet23_to_bet27,-2.4649,-2.4649,-2.4649,-4.3136,-4.3136,4.000000,4.000000,4.000000,7.000000,7.000000,96.000000,96.000000,96.000000,93.000000,93.000000,5.0,-16.0218,-14.4684,-45.6004,-47.1538,PENDING_AG03,FALSE,NOT_FOR_ENFORCEMENT,-59.1573,17940.0307,-61.6222,-59.1573,-2.4649,-0.00293352,-0.00281618,-2.4649,-59.1573,-0.00281618,-2.4649,-2.4649,-2.4649,-4.3136,-4.3136,-59.1573,-0.00281618,-16.0218,-14.4684,-45.6004,-47.1538,-0.00217080,-0.00224475,-0.00011734,16.8454,14.9860,-0.0494,-0.6419,-0.0525,218.8151,12.9896,13.0801,17.0694,10.3857,11.0045,21.0062,31.5093,42.0124,42.1647,10.5412,0.0,3.81775,3.831594,1.530778,30,171,130,2,0.04358735,-0.00293352,0.13859161,0E-8,0.000000,0.889618,0.000000,-0.14797496,2026-03-22,2026-08-05,96,1173,774,137,0.700730,0.766291,0.776478,0.145291,,,,,,,,GLOBAL_BASELINE_NO_ENTITY_RANKING,,,NOT_APPLICABLE_GLOBAL_BASELINE,HF9g-P5,,,,X 全窗基线 · 不参与实体赏罚,3927371,393,A168_HF9F_20260827_0900,2026-08-27 09:00:00
2026-06-16,91797317,2256,0,20.7714517168,20.7714517168,20.7714517168,1.0000000,1,1,0.49324550000000000,0.493245500000,1.01360149184955,1.01360149184955,1.01360149184955,0E-17,ELIGIBLE,R03b_20260811_FULL_v1,L1_ELIGIBILITY,v2026-08-11,2026-03-21..2026-08-06,baccarat_bet02_101_all_pairs_incl_sentinel,round_win = game_pnl > 0 (decisive only),COMPATIBILITY_ONLY_NOT_PRODUCTION,21006.2458,18687.5319,-61.6222,1247,1247,0.00293352,-0.13859161,0.00938335,0.00293352,61.6222,21006.2458,OK,0.0000,-2.4649,4.0000,96.0000,AG03-UNRESOLVED,ALL5_LEVELS_bet23_to_bet27,-2.4649,-2.4649,-2.4649,-4.3136,-4.3136,4.000000,4.000000,4.000000,7.000000,7.000000,96.000000,96.000000,96.000000,93.000000,93.000000,5.0,-16.0218,-14.4684,-45.6004,-47.1538,PENDING_AG03,FALSE,NOT_FOR_ENFORCEMENT,-59.1573,17940.0307,-61.6222,-59.1573,-2.4649,-0.00293352,-0.00281618,-2.4649,-59.1573,-0.00281618,-2.4649,-2.4649,-2.4649,-4.3136,-4.3136,-59.1573,-0.00281618,-16.0218,-14.4684,-45.6004,-47.1538,-0.00217080,-0.00224475,-0.00011734,16.8454,14.9860,-0.0494,-0.6419,-0.0525,218.8151,12.9896,13.0801,17.0694,10.3857,11.0045,21.0062,31.5093,42.0124,42.1647,10.5412,0.0,3.81775,3.831594,1.530778,30,171,130,2,0.04358735,-0.00293352,0.13859161,0E-8,0.000000,0.889618,0.000000,-0.14797496,2026-03-22,2026-08-05,96,1173,774,137,0.700730,0.766291,0.776478,0.145291,,,,,,,,GLOBAL_BASELINE_NO_ENTITY_RANKING,,,NOT_APPLICABLE_GLOBAL_BASELINE,HF9g-P5,,,,X 全窗基线 · 不参与实体赏罚,3927372,393,A168_HF9F_20260827_0900,2026-08-27 09:00:00
2026-06-17,91797317,-1,1,45.6971937768,-8.3085806868,-8.3085806868,0.6000000,5,5,0.49324550000000000,0.493245500000,0.47746420675292983,0.47746420675292983,0.47746420675292983,0E-17,SENTINEL_DEALER,R03b_20260811_FULL_v1,L1_ELIGIBILITY,v2026-08-11,2026-03-21..2026-08-06,baccarat_bet02_101_all_pairs_incl_sentinel,round_win = game_pnl > 0 (decisive only),COMPATIBILITY_ONLY_NOT_PRODUCTION,21006.2458,18687.5319,-61.6222,1247,1247,0.00293352,-0.13859161,0.00938335,0.00293352,61.6222,21006.2458,OK,0.0000,-2.4649,4.0000,96.0000,AG03-UNRESOLVED,ALL5_LEVELS_bet23_to_bet27,-2.4649,-2.4649,-2.4649,-4.3136,-4.3136,4.000000,4.000000,4.000000,7.000000,7.000000,96.000000,96.000000,96.000000,93.000000,93.000000,5.0,-16.0218,-14.4684,-45.6004,-47.1538,PENDING_AG03,FALSE,NOT_FOR_ENFORCEMENT,-59.1573,17940.0307,-61.6222,-59.1573,-2.4649,-0.00293352,-0.00281618,-2.4649,-59.1573,-0.00281618,-2.4649,-2.4649,-2.4649,-4.3136,-4.3136,-59.1573,-0.00281618,-16.0218,-14.4684,-45.6004,-47.1538,-0.00217080,-0.00224475,-0.00011734,16.8454,14.9860,-0.0494,-0.6419,-0.0525,218.8151,12.9896,13.0801,17.0694,10.3857,11.0045,21.0062,31.5093,42.0124,42.1647,10.5412,0.0,3.81775,3.831594,1.530778,30,171,130,2,0.04358735,-0.00293352,0.13859161,0E-8,0.000000,0.889618,0.000000,-0.14797496,2026-03-22,2026-08-05,96,1173,774,137,0.700730,0.766291,0.776478,0.145291,,,,,,,,GLOBAL_BASELINE_NO_ENTITY_RANKING,,,NOT_APPLICABLE_GLOBAL_BASELINE,HF9g-P5,,,,X 全窗基线 · 不参与实体赏罚,3927373,393,A168_HF9F_20260827_0900,2026-08-27 09:00:00
2026-06-17,91797317,1109,0,6.2314355150,-6.2314355150,-6.2314355150,0E-7,1,1,0.49324550000000000,0.493245500000,-0.9865810262130424,-0.9865810262130424,-0.9865810262130424,0E-17,ELIGIBLE,R03b_20260811_FULL_v1,L1_ELIGIBILITY,v2026-08-11,2026-03-21..2026-08-06,baccarat_bet02_101_all_pairs_incl_sentinel,round_win = game_pnl > 0 (decisive only),COMPATIBILITY_ONLY_NOT_PRODUCTION,21006.2458,18687.5319,-61.6222,1247,1247,0.00293352,-0.13859161,0.00938335,0.00293352,61.6222,21006.2458,OK,0.0000,-2.4649,4.0000,96.0000,AG03-UNRESOLVED,ALL5_LEVELS_bet23_to_bet27,-2.4649,-2.4649,-2.4649,-4.3136,-4.3136,4.000000,4.000000,4.000000,7.000000,7.000000,96.000000,96.000000,96.000000,93.000000,93.000000,5.0,-16.0218,-14.4684,-45.6004,-47.1538,PENDING_AG03,FALSE,NOT_FOR_ENFORCEMENT,-59.1573,17940.0307,-61.6222,-59.1573,-2.4649,-0.00293352,-0.00281618,-2.4649,-59.1573,-0.00281618,-2.4649,-2.4649,-2.4649,-4.3136,-4.3136,-59.1573,-0.00281618,-16.0218,-14.4684,-45.6004,-47.1538,-0.00217080,-0.00224475,-0.00011734,16.8454,14.9860,-0.0494,-0.6419,-0.0525,218.8151,12.9896,13.0801,17.0694,10.3857,11.0045,21.0062,31.5093,42.0124,42.1647,10.5412,0.0,3.81775,3.831594,1.530778,30,171,130,2,0.04358735,-0.00293352,0.13859161,0E-8,0.000000,0.889618,0.000000,-0.14797496,2026-03-22,2026-08-05,96,1173,774,137,0.700730,0.766291,0.776478,0.145291,,,,,,,,GLOBAL_BASELINE_NO_ENTITY_RANKING,,,NOT_APPLICABLE_GLOBAL_BASELINE,HF9g-P5,,,,X 全窗基线 · 不参与实体赏罚,3927374,393,A168_HF9F_20260827_0900,2026-08-27 09:00:00
2026-06-17,91797317,1325,0,10.3857258584,-10.3857258584,-10.3857258584,0E-7,1,1,0.49324550000000000,0.493245500000,-0.9865810262130424,-0.9865810262130424,-0.9865810262130424,0E-17,ELIGIBLE,R03b_20260811_FULL_v1,L1_ELIGIBILITY,v2026-08-11,2026-03-21..2026-08-06,baccarat_bet02_101_all_pairs_incl_sentinel,round_win = game_pnl > 0 (decisive only),COMPATIBILITY_ONLY_NOT_PRODUCTION,21006.2458,18687.5319,-61.6222,1247,1247,0.00293352,-0.13859161,0.00938335,0.00293352,61.6222,21006.2458,OK,0.0000,-2.4649,4.0000,96.0000,AG03-UNRESOLVED,ALL5_LEVELS_bet23_to_bet27,-2.4649,-2.4649,-2.4649,-4.3136,-4.3136,4.000000,4.000000,4.000000,7.000000,7.000000,96.000000,96.000000,96.000000,93.000000,93.000000,5.0,-16.0218,-14.4684,-45.6004,-47.1538,PENDING_AG03,FALSE,NOT_FOR_ENFORCEMENT,-59.1573,17940.0307,-61.6222,-59.1573,-2.4649,-0.00293352,-0.00281618,-2.4649,-59.1573,-0.00281618,-2.4649,-2.4649,-2.4649,-4.3136,-4.3136,-59.1573,-0.00281618,-16.0218,-14.4684,-45.6004,-47.1538,-0.00217080,-0.00224475,-0.00011734,16.8454,14.9860,-0.0494,-0.6419,-0.0525,218.8151,12.9896,13.0801,17.0694,10.3857,11.0045,21.0062,31.5093,42.0124,42.1647,10.5412,0.0,3.81775,3.831594,1.530778,30,171,130,2,0.04358735,-0.00293352,0.13859161,0E-8,0.000000,0.889618,0.000000,-0.14797496,2026-03-22,2026-08-05,96,1173,774,137,0.700730,0.766291,0.776478,0.145291,,,,,,,,GLOBAL_BASELINE_NO_ENTITY_RANKING,,,NOT_APPLICABLE_GLOBAL_BASELINE,HF9g-P5,,,,X 全窗基线 · 不参与实体赏罚,3927375,393,A168_HF9F_20260827_0900,2026-08-27 09:00:00
2026-06-17,91797317,1353,0,10.3857258584,10.3857258584,10.3857258584,1.0000000,1,1,0.49324550000000000,0.493245500000,1.01360149184955,1.01360149184955,1.01360149184955,0E-17,ELIGIBLE,R03b_20260811_FULL_v1,L1_ELIGIBILITY,v2026-08-11,2026-03-21..2026-08-06,baccarat_bet02_101_all_pairs_incl_sentinel,round_win = game_pnl > 0 (decisive only),COMPATIBILITY_ONLY_NOT_PRODUCTION,21006.2458,18687.5319,-61.6222,1247,1247,0.00293352,-0.13859161,0.00938335,0.00293352,61.6222,21006.2458,OK,0.0000,-2.4649,4.0000,96.0000,AG03-UNRESOLVED,ALL5_LEVELS_bet23_to_bet27,-2.4649,-2.4649,-2.4649,-4.3136,-4.3136,4.000000,4.000000,4.000000,7.000000,7.000000,96.000000,96.000000,96.000000,93.000000,93.000000,5.0,-16.0218,-14.4684,-45.6004,-47.1538,PENDING_AG03,FALSE,NOT_FOR_ENFORCEMENT,-59.1573,17940.0307,-61.6222,-59.1573,-2.4649,-0.00293352,-0.00281618,-2.4649,-59.1573,-0.00281618,-2.4649,-2.4649,-2.4649,-4.3136,-4.3136,-59.1573,-0.00281618,-16.0218,-14.4684,-45.6004,-47.1538,-0.00217080,-0.00224475,-0.00011734,16.8454,14.9860,-0.0494,-0.6419,-0.0525,218.8151,12.9896,13.0801,17.0694,10.3857,11.0045,21.0062,31.5093,42.0124,42.1647,10.5412,0.0,3.81775,3.831594,1.530778,30,171,130,2,0.04358735,-0.00293352,0.13859161,0E-8,0.000000,0.889618,0.000000,-0.14797496,2026-03-22,2026-08-05,96,1173,774,137,0.700730,0.766291,0.776478,0.145291,,,,,,,,GLOBAL_BASELINE_NO_ENTITY_RANKING,,,NOT_APPLICABLE_GLOBAL_BASELINE,HF9g-P5,,,,X 全窗基线 · 不参与实体赏罚,3927376,393,A168_HF9F_20260827_0900,2026-08-27 09:00:00
2026-06-17,91797317,1654,0,10.3857258584,10.3857258584,10.3857258584,1.0000000,1,1,0.49324550000000000,0.493245500000,1.01360149184955,1.01360149184955,1.01360149184955,0E-17,ELIGIBLE,R03b_20260811_FULL_v1,L1_ELIGIBILITY,v2026-08-11,2026-03-21..2026-08-06,baccarat_bet02_101_all_pairs_incl_sentinel,round_win = game_pnl > 0 (decisive only),COMPATIBILITY_ONLY_NOT_PRODUCTION,21006.2458,18687.5319,-61.6222,1247,1247,0.00293352,-0.13859161,0.00938335,0.00293352,61.6222,21006.2458,OK,0.0000,-2.4649,4.0000,96.0000,AG03-UNRESOLVED,ALL5_LEVELS_bet23_to_bet27,-2.4649,-2.4649,-2.4649,-4.3136,-4.3136,4.000000,4.000000,4.000000,7.000000,7.000000,96.000000,96.000000,96.000000,93.000000,93.000000,5.0,-16.0218,-14.4684,-45.6004,-47.1538,PENDING_AG03,FALSE,NOT_FOR_ENFORCEMENT,-59.1573,17940.0307,-61.6222,-59.1573,-2.4649,-0.00293352,-0.00281618,-2.4649,-59.1573,-0.00281618,-2.4649,-2.4649,-2.4649,-4.3136,-4.3136,-59.1573,-0.00281618,-16.0218,-14.4684,-45.6004,-47.1538,-0.00217080,-0.00224475,-0.00011734,16.8454,14.9860,-0.0494,-0.6419,-0.0525,218.8151,12.9896,13.0801,17.0694,10.3857,11.0045,21.0062,31.5093,42.0124,42.1647,10.5412,0.0,3.81775,3.831594,1.530778,30,171,130,2,0.04358735,-0.00293352,0.13859161,0E-8,0.000000,0.889618,0.000000,-0.14797496,2026-03-22,2026-08-05,96,1173,774,137,0.700730,0.766291,0.776478,0.145291,,,,,,,,GLOBAL_BASELINE_NO_ENTITY_RANKING,,,NOT_APPLICABLE_GLOBAL_BASELINE,HF9g-P5,,,,X 全窗基线 · 不参与实体赏罚,3927377,393,A168_HF9F_20260827_0900,2026-08-27 09:00:00
2026-06-17,91797317,1966,0,6.2314355150,6.2314355150,6.2314355150,1.0000000,1,1,0.49324550000000000,0.493245500000,1.01360149184955,1.01360149184955,1.01360149184955,0E-17,ELIGIBLE,R03b_20260811_FULL_v1,L1_ELIGIBILITY,v2026-08-11,2026-03-21..2026-08-06,baccarat_bet02_101_all_pairs_incl_sentinel,round_win = game_pnl > 0 (decisive only),COMPATIBILITY_ONLY_NOT_PRODUCTION,21006.2458,18687.5319,-61.6222,1247,1247,0.00293352,-0.13859161,0.00938335,0.00293352,61.6222,21006.2458,OK,0.0000,-2.4649,4.0000,96.0000,AG03-UNRESOLVED,ALL5_LEVELS_bet23_to_bet27,-2.4649,-2.4649,-2.4649,-4.3136,-4.3136,4.000000,4.000000,4.000000,7.000000,7.000000,96.000000,96.000000,96.000000,93.000000,93.000000,5.0,-16.0218,-14.4684,-45.6004,-47.1538,PENDING_AG03,FALSE,NOT_FOR_ENFORCEMENT,-59.1573,17940.0307,-61.6222,-59.1573,-2.4649,-0.00293352,-0.00281618,-2.4649,-59.1573,-0.00281618,-2.4649,-2.4649,-2.4649,-4.3136,-4.3136,-59.1573,-0.00281618,-16.0218,-14.4684,-45.6004,-47.1538,-0.00217080,-0.00224475,-0.00011734,16.8454,14.9860,-0.0494,-0.6419,-0.0525,218.8151,12.9896,13.0801,17.0694,10.3857,11.0045,21.0062,31.5093,42.0124,42.1647,10.5412,0.0,3.81775,3.831594,1.530778,30,171,130,2,0.04358735,-0.00293352,0.13859161,0E-8,0.000000,0.889618,0.000000,-0.14797496,2026-03-22,2026-08-05,96,1173,774,137,0.700730,0.766291,0.776478,0.145291,,,,,,,,GLOBAL_BASELINE_NO_ENTITY_RANKING,,,NOT_APPLICABLE_GLOBAL_BASELINE,HF9g-P5,,,,X 全窗基线 · 不参与实体赏罚,3927378,393,A168_HF9F_20260827_0900,2026-08-27 09:00:00
2026-06-17,91797317,1985,0,6.2314355150,-6.2314355150,-6.2314355150,0E-7,1,1,0.49324550000000000,0.493245500000,-0.9865810262130424,-0.9865810262130424,-0.9865810262130424,0E-17,ELIGIBLE,R03b_20260811_FULL_v1,L1_ELIGIBILITY,v2026-08-11,2026-03-21..2026-08-06,baccarat_bet02_101_all_pairs_incl_sentinel,round_win = game_pnl > 0 (decisive only),COMPATIBILITY_ONLY_NOT_PRODUCTION,21006.2458,18687.5319,-61.6222,1247,1247,0.00293352,-0.13859161,0.00938335,0.00293352,61.6222,21006.2458,OK,0.0000,-2.4649,4.0000,96.0000,AG03-UNRESOLVED,ALL5_LEVELS_bet23_to_bet27,-2.4649,-2.4649,-2.4649,-4.3136,-4.3136,4.000000,4.000000,4.000000,7.000000,7.000000,96.000000,96.000000,96.000000,93.000000,93.000000,5.0,-16.0218,-14.4684,-45.6004,-47.1538,PENDING_AG03,FALSE,NOT_FOR_ENFORCEMENT,-59.1573,17940.0307,-61.6222,-59.1573,-2.4649,-0.00293352,-0.00281618,-2.4649,-59.1573,-0.00281618,-2.4649,-2.4649,-2.4649,-4.3136,-4.3136,-59.1573,-0.00281618,-16.0218,-14.4684,-45.6004,-47.1538,-0.00217080,-0.00224475,-0.00011734,16.8454,14.9860,-0.0494,-0.6419,-0.0525,218.8151,12.9896,13.0801,17.0694,10.3857,11.0045,21.0062,31.5093,42.0124,42.1647,10.5412,0.0,3.81775,3.831594,1.530778,30,171,130,2,0.04358735,-0.00293352,0.13859161,0E-8,0.000000,0.889618,0.000000,-0.14797496,2026-03-22,2026-08-05,96,1173,774,137,0.700730,0.766291,0.776478,0.145291,,,,,,,,GLOBAL_BASELINE_NO_ENTITY_RANKING,,,NOT_APPLICABLE_GLOBAL_BASELINE,HF9g-P5,,,,X 全窗基线 · 不参与实体赏罚,3927379,393,A168_HF9F_20260827_0900,2026-08-27 09:00:00
2026-06-17,91797317,2223,0,6.2314355150,6.2314355150,6.2314355150,1.0000000,1,1,0.49324550000000000,0.493245500000,1.01360149184955,1.01360149184955,1.01360149184955,0E-17,ELIGIBLE,R03b_20260811_FULL_v1,L1_ELIGIBILITY,v2026-08-11,2026-03-21..2026-08-06,baccarat_bet02_101_all_pairs_incl_sentinel,round_win = game_pnl > 0 (decisive only),COMPATIBILITY_ONLY_NOT_PRODUCTION,21006.2458,18687.5319,-61.6222,1247,1247,0.00293352,-0.13859161,0.00938335,0.00293352,61.6222,21006.2458,OK,0.0000,-2.4649,4.0000,96.0000,AG03-UNRESOLVED,ALL5_LEVELS_bet23_to_bet27,-2.4649,-2.4649,-2.4649,-4.3136,-4.3136,4.000000,4.000000,4.000000,7.000000,7.000000,96.000000,96.000000,96.000000,93.000000,93.000000,5.0,-16.0218,-14.4684,-45.6004,-47.1538,PENDING_AG03,FALSE,NOT_FOR_ENFORCEMENT,-59.1573,17940.0307,-61.6222,-59.1573,-2.4649,-0.00293352,-0.00281618,-2.4649,-59.1573,-0.00281618,-2.4649,-2.4649,-2.4649,-4.3136,-4.3136,-59.1573,-0.00281618,-16.0218,-14.4684,-45.6004,-47.1538,-0.00217080,-0.00224475,-0.00011734,16.8454,14.9860,-0.0494,-0.6419,-0.0525,218.8151,12.9896,13.0801,17.0694,10.3857,11.0045,21.0062,31.5093,42.0124,42.1647,10.5412,0.0,3.81775,3.831594,1.530778,30,171,130,2,0.04358735,-0.00293352,0.13859161,0E-8,0.000000,0.889618,0.000000,-0.14797496,2026-03-22,2026-08-05,96,1173,774,137,0.700730,0.766291,0.776478,0.145291,,,,,,,,GLOBAL_BASELINE_NO_ENTITY_RANKING,,,NOT_APPLICABLE_GLOBAL_BASELINE,HF9g-P5,,,,X 全窗基线 · 不参与实体赏罚,3927380,393,A168_HF9F_20260827_0900,2026-08-27 09:00:00
2026-06-17,91797317,2246,0,6.2314355150,6.2314355150,6.2314355150,1.0000000,1,1,0.49324550000000000,0.493245500000,1.01360149184955,1.01360149184955,1.01360149184955,0E-17,ELIGIBLE,R03b_20260811_FULL_v1,L1_ELIGIBILITY,v2026-08-11,2026-03-21..2026-08-06,baccarat_bet02_101_all_pairs_incl_sentinel,round_win = game_pnl > 0 (decisive only),COMPATIBILITY_ONLY_NOT_PRODUCTION,21006.2458,18687.5319,-61.6222,1247,1247,0.00293352,-0.13859161,0.00938335,0.00293352,61.6222,21006.2458,OK,0.0000,-2.4649,4.0000,96.0000,AG03-UNRESOLVED,ALL5_LEVELS_bet23_to_bet27,-2.4649,-2.4649,-2.4649,-4.3136,-4.3136,4.000000,4.000000,4.000000,7.000000,7.000000,96.000000,96.000000,96.000000,93.000000,93.000000,5.0,-16.0218,-14.4684,-45.6004,-47.1538,PENDING_AG03,FALSE,NOT_FOR_ENFORCEMENT,-59.1573,17940.0307,-61.6222,-59.1573,-2.4649,-0.00293352,-0.00281618,-2.4649,-59.1573,-0.00281618,-2.4649,-2.4649,-2.4649,-4.3136,-4.3136,-59.1573,-0.00281618,-16.0218,-14.4684,-45.6004,-47.1538,-0.00217080,-0.00224475,-0.00011734,16.8454,14.9860,-0.0494,-0.6419,-0.0525,218.8151,12.9896,13.0801,17.0694,10.3857,11.0045,21.0062,31.5093,42.0124,42.1647,10.5412,0.0,3.81775,3.831594,1.530778,30,171,130,2,0.04358735,-0.00293352,0.13859161,0E-8,0.000000,0.889618,0.000000,-0.14797496,2026-03-22,2026-08-05,96,1173,774,137,0.700730,0.766291,0.776478,0.145291,,,,,,,,GLOBAL_BASELINE_NO_ENTITY_RANKING,,,NOT_APPLICABLE_GLOBAL_BASELINE,HF9g-P5,,,,X 全窗基线 · 不参与实体赏罚,3927381,393,A168_HF9F_20260827_0900,2026-08-27 09:00:00
2026-06-17,91797317,2254,0,10.3857258584,-10.3857258584,-10.3857258584,0E-7,1,1,0.49324550000000000,0.493245500000,-0.9865810262130424,-0.9865810262130424,-0.9865810262130424,0E-17,ELIGIBLE,R03b_20260811_FULL_v1,L1_ELIGIBILITY,v2026-08-11,2026-03-21..2026-08-06,baccarat_bet02_101_all_pairs_incl_sentinel,round_win = game_pnl > 0 (decisive only),COMPATIBILITY_ONLY_NOT_PRODUCTION,21006.2458,18687.5319,-61.6222,1247,1247,0.00293352,-0.13859161,0.00938335,0.00293352,61.6222,21006.2458,OK,0.0000,-2.4649,4.0000,96.0000,AG03-UNRESOLVED,ALL5_LEVELS_bet23_to_bet27,-2.4649,-2.4649,-2.4649,-4.3136,-4.3136,4.000000,4.000000,4.000000,7.000000,7.000000,96.000000,96.000000,96.000000,93.000000,93.000000,5.0,-16.0218,-14.4684,-45.6004,-47.1538,PENDING_AG03,FALSE,NOT_FOR_ENFORCEMENT,-59.1573,17940.0307,-61.6222,-59.1573,-2.4649,-0.00293352,-0.00281618,-2.4649,-59.1573,-0.00281618,-2.4649,-2.4649,-2.4649,-4.3136,-4.3136,-59.1573,-0.00281618,-16.0218,-14.4684,-45.6004,-47.1538,-0.00217080,-0.00224475,-0.00011734,16.8454,14.9860,-0.0494,-0.6419,-0.0525,218.8151,12.9896,13.0801,17.0694,10.3857,11.0045,21.0062,31.5093,42.0124,42.1647,10.5412,0.0,3.81775,3.831594,1.530778,30,171,130,2,0.04358735,-0.00293352,0.13859161,0E-8,0.000000,0.889618,0.000000,-0.14797496,2026-03-22,2026-08-05,96,1173,774,137,0.700730,0.766291,0.776478,0.145291,,,,,,,,GLOBAL_BASELINE_NO_ENTITY_RANKING,,,NOT_APPLICABLE_GLOBAL_BASELINE,HF9g-P5,,,,X 全窗基线 · 不参与实体赏罚,3927382,393,A168_HF9F_20260827_0900,2026-08-27 09:00:00
2026-06-17,91797317,2281,0,10.3857258584,-10.3857258584,-10.3857258584,0E-7,1,1,0.49324550000000000,0.493245500000,-0.9865810262130424,-0.9865810262130424,-0.9865810262130424,0E-17,ELIGIBLE,R03b_20260811_FULL_v1,L1_ELIGIBILITY,v2026-08-11,2026-03-21..2026-08-06,baccarat_bet02_101_all_pairs_incl_sentinel,round_win = game_pnl > 0 (decisive only),COMPATIBILITY_ONLY_NOT_PRODUCTION,21006.2458,18687.5319,-61.6222,1247,1247,0.00293352,-0.13859161,0.00938335,0.00293352,61.6222,21006.2458,OK,0.0000,-2.4649,4.0000,96.0000,AG03-UNRESOLVED,ALL5_LEVELS_bet23_to_bet27,-2.4649,-2.4649,-2.4649,-4.3136,-4.3136,4.000000,4.000000,4.000000,7.000000,7.000000,96.000000,96.000000,96.000000,93.000000,93.000000,5.0,-16.0218,-14.4684,-45.6004,-47.1538,PENDING_AG03,FALSE,NOT_FOR_ENFORCEMENT,-59.1573,17940.0307,-61.6222,-59.1573,-2.4649,-0.00293352,-0.00281618,-2.4649,-59.1573,-0.00281618,-2.4649,-2.4649,-2.4649,-4.3136,-4.3136,-59.1573,-0.00281618,-16.0218,-14.4684,-45.6004,-47.1538,-0.00217080,-0.00224475,-0.00011734,16.8454,14.9860,-0.0494,-0.6419,-0.0525,218.8151,12.9896,13.0801,17.0694,10.3857,11.0045,21.0062,31.5093,42.0124,42.1647,10.5412,0.0,3.81775,3.831594,1.530778,30,171,130,2,0.04358735,-0.00293352,0.13859161,0E-8,0.000000,0.889618,0.000000,-0.14797496,2026-03-22,2026-08-05,96,1173,774,137,0.700730,0.766291,0.776478,0.145291,,,,,,,,GLOBAL_BASELINE_NO_ENTITY_RANKING,,,NOT_APPLICABLE_GLOBAL_BASELINE,HF9g-P5,,,,X 全窗基线 · 不参与实体赏罚,3927383,393,A168_HF9F_20260827_0900,2026-08-27 09:00:00
2026-06-18,91797317,-1,1,6.2314355150,6.2314355150,6.2314355150,1.0000000,1,1,0.49324550000000000,0.493245500000,1.01360149184955,1.01360149184955,1.01360149184955,0E-17,SENTINEL_DEALER,R03b_20260811_FULL_v1,L1_ELIGIBILITY,v2026-08-11,2026-03-21..2026-08-06,baccarat_bet02_101_all_pairs_incl_sentinel,round_win = game_pnl > 0 (decisive only),COMPATIBILITY_ONLY_NOT_PRODUCTION,21006.2458,18687.5319,-61.6222,1247,1247,0.00293352,-0.13859161,0.00938335,0.00293352,61.6222,21006.2458,OK,0.0000,-2.4649,4.0000,96.0000,AG03-UNRESOLVED,ALL5_LEVELS_bet23_to_bet27,-2.4649,-2.4649,-2.4649,-4.3136,-4.3136,4.000000,4.000000,4.000000,7.000000,7.000000,96.000000,96.000000,96.000000,93.000000,93.000000,5.0,-16.0218,-14.4684,-45.6004,-47.1538,PENDING_AG03,FALSE,NOT_FOR_ENFORCEMENT,-59.1573,17940.0307,-61.6222,-59.1573,-2.4649,-0.00293352,-0.00281618,-2.4649,-59.1573,-0.00281618,-2.4649,-2.4649,-2.4649,-4.3136,-4.3136,-59.1573,-0.00281618,-16.0218,-14.4684,-45.6004,-47.1538,-0.00217080,-0.00224475,-0.00011734,16.8454,14.9860,-0.0494,-0.6419,-0.0525,218.8151,12.9896,13.0801,17.0694,10.3857,11.0045,21.0062,31.5093,42.0124,42.1647,10.5412,0.0,3.81775,3.831594,1.530778,30,171,130,2,0.04358735,-0.00293352,0.13859161,0E-8,0.000000,0.889618,0.000000,-0.14797496,2026-03-22,2026-08-05,96,1173,774,137,0.700730,0.766291,0.776478,0.145291,,,,,,,,GLOBAL_BASELINE_NO_ENTITY_RANKING,,,NOT_APPLICABLE_GLOBAL_BASELINE,HF9g-P5,,,,X 全窗基线 · 不参与实体赏罚,3927384,393,A168_HF9F_20260827_0900,2026-08-27 09:00:00
2026-06-18,91797317,1129,0,6.2314355150,-6.2314355150,-6.2314355150,0E-7,1,1,0.49324550000000000,0.493245500000,-0.9865810262130424,-0.9865810262130424,-0.9865810262130424,0E-17,ELIGIBLE,R03b_20260811_FULL_v1,L1_ELIGIBILITY,v2026-08-11,2026-03-21..2026-08-06,baccarat_bet02_101_all_pairs_incl_sentinel,round_win = game_pnl > 0 (decisive only),COMPATIBILITY_ONLY_NOT_PRODUCTION,21006.2458,18687.5319,-61.6222,1247,1247,0.00293352,-0.13859161,0.00938335,0.00293352,61.6222,21006.2458,OK,0.0000,-2.4649,4.0000,96.0000,AG03-UNRESOLVED,ALL5_LEVELS_bet23_to_bet27,-2.4649,-2.4649,-2.4649,-4.3136,-4.3136,4.000000,4.000000,4.000000,7.000000,7.000000,96.000000,96.000000,96.000000,93.000000,93.000000,5.0,-16.0218,-14.4684,-45.6004,-47.1538,PENDING_AG03,FALSE,NOT_FOR_ENFORCEMENT,-59.1573,17940.0307,-61.6222,-59.1573,-2.4649,-0.00293352,-0.00281618,-2.4649,-59.1573,-0.00281618,-2.4649,-2.4649,-2.4649,-4.3136,-4.3136,-59.1573,-0.00281618,-16.0218,-14.4684,-45.6004,-47.1538,-0.00217080,-0.00224475,-0.00011734,16.8454,14.9860,-0.0494,-0.6419,-0.0525,218.8151,12.9896,13.0801,17.0694,10.3857,11.0045,21.0062,31.5093,42.0124,42.1647,10.5412,0.0,3.81775,3.831594,1.530778,30,171,130,2,0.04358735,-0.00293352,0.13859161,0E-8,0.000000,0.889618,0.000000,-0.14797496,2026-03-22,2026-08-05,96,1173,774,137,0.700730,0.766291,0.776478,0.145291,,,,,,,,GLOBAL_BASELINE_NO_ENTITY_RANKING,,,NOT_APPLICABLE_GLOBAL_BASELINE,HF9g-P5,,,,X 全窗基线 · 不参与实体赏罚,3927385,393,A168_HF9F_20260827_0900,2026-08-27 09:00:00
2026-06-18,91797317,1353,0,6.2314355150,6.2314355150,6.2314355150,1.0000000,1,1,0.49324550000000000,0.493245500000,1.01360149184955,1.01360149184955,1.01360149184955,0E-17,ELIGIBLE,R03b_20260811_FULL_v1,L1_ELIGIBILITY,v2026-08-11,2026-03-21..2026-08-06,baccarat_bet02_101_all_pairs_incl_sentinel,round_win = game_pnl > 0 (decisive only),COMPATIBILITY_ONLY_NOT_PRODUCTION,21006.2458,18687.5319,-61.6222,1247,1247,0.00293352,-0.13859161,0.00938335,0.00293352,61.6222,21006.2458,OK,0.0000,-2.4649,4.0000,96.0000,AG03-UNRESOLVED,ALL5_LEVELS_bet23_to_bet27,-2.4649,-2.4649,-2.4649,-4.3136,-4.3136,4.000000,4.000000,4.000000,7.000000,7.000000,96.000000,96.000000,96.000000,93.000000,93.000000,5.0,-16.0218,-14.4684,-45.6004,-47.1538,PENDING_AG03,FALSE,NOT_FOR_ENFORCEMENT,-59.1573,17940.0307,-61.6222,-59.1573,-2.4649,-0.00293352,-0.00281618,-2.4649,-59.1573,-0.00281618,-2.4649,-2.4649,-2.4649,-4.3136,-4.3136,-59.1573,-0.00281618,-16.0218,-14.4684,-45.6004,-47.1538,-0.00217080,-0.00224475,-0.00011734,16.8454,14.9860,-0.0494,-0.6419,-0.0525,218.8151,12.9896,13.0801,17.0694,10.3857,11.0045,21.0062,31.5093,42.0124,42.1647,10.5412,0.0,3.81775,3.831594,1.530778,30,171,130,2,0.04358735,-0.00293352,0.13859161,0E-8,0.000000,0.889618,0.000000,-0.14797496,2026-03-22,2026-08-05,96,1173,774,137,0.700730,0.766291,0.776478,0.145291,,,,,,,,GLOBAL_BASELINE_NO_ENTITY_RANKING,,,NOT_APPLICABLE_GLOBAL_BASELINE,HF9g-P5,,,,X 全窗基线 · 不参与实体赏罚,3927386,393,A168_HF9F_20260827_0900,2026-08-27 09:00:00
2026-06-18,91797317,1490,0,10.3857258584,-10.3857258584,-10.3857258584,0E-7,1,1,0.49324550000000000,0.493245500000,-0.9865810262130424,-0.9865810262130424,-0.9865810262130424,0E-17,ELIGIBLE,R03b_20260811_FULL_v1,L1_ELIGIBILITY,v2026-08-11,2026-03-21..2026-08-06,baccarat_bet02_101_all_pairs_incl_sentinel,round_win = game_pnl > 0 (decisive only),COMPATIBILITY_ONLY_NOT_PRODUCTION,21006.2458,18687.5319,-61.6222,1247,1247,0.00293352,-0.13859161,0.00938335,0.00293352,61.6222,21006.2458,OK,0.0000,-2.4649,4.0000,96.0000,AG03-UNRESOLVED,ALL5_LEVELS_bet23_to_bet27,-2.4649,-2.4649,-2.4649,-4.3136,-4.3136,4.000000,4.000000,4.000000,7.000000,7.000000,96.000000,96.000000,96.000000,93.000000,93.000000,5.0,-16.0218,-14.4684,-45.6004,-47.1538,PENDING_AG03,FALSE,NOT_FOR_ENFORCEMENT,-59.1573,17940.0307,-61.6222,-59.1573,-2.4649,-0.00293352,-0.00281618,-2.4649,-59.1573,-0.00281618,-2.4649,-2.4649,-2.4649,-4.3136,-4.3136,-59.1573,-0.00281618,-16.0218,-14.4684,-45.6004,-47.1538,-0.00217080,-0.00224475,-0.00011734,16.8454,14.9860,-0.0494,-0.6419,-0.0525,218.8151,12.9896,13.0801,17.0694,10.3857,11.0045,21.0062,31.5093,42.0124,42.1647,10.5412,0.0,3.81775,3.831594,1.530778,30,171,130,2,0.04358735,-0.00293352,0.13859161,0E-8,0.000000,0.889618,0.000000,-0.14797496,2026-03-22,2026-08-05,96,1173,774,137,0.700730,0.766291,0.776478,0.145291,,,,,,,,GLOBAL_BASELINE_NO_ENTITY_RANKING,,,NOT_APPLICABLE_GLOBAL_BASELINE,HF9g-P5,,,,X 全窗基线 · 不参与实体赏罚,3927387,393,A168_HF9F_20260827_0900,2026-08-27 09:00:00
2026-06-18,91797317,2175,0,10.3857258584,-10.3857258584,-10.3857258584,0E-7,1,1,0.49324550000000000,0.493245500000,-0.9865810262130424,-0.9865810262130424,-0.9865810262130424,0E-17,ELIGIBLE,R03b_20260811_FULL_v1,L1_ELIGIBILITY,v2026-08-11,2026-03-21..2026-08-06,baccarat_bet02_101_all_pairs_incl_sentinel,round_win = game_pnl > 0 (decisive only),COMPATIBILITY_ONLY_NOT_PRODUCTION,21006.2458,18687.5319,-61.6222,1247,1247,0.00293352,-0.13859161,0.00938335,0.00293352,61.6222,21006.2458,OK,0.0000,-2.4649,4.0000,96.0000,AG03-UNRESOLVED,ALL5_LEVELS_bet23_to_bet27,-2.4649,-2.4649,-2.4649,-4.3136,-4.3136,4.000000,4.000000,4.000000,7.000000,7.000000,96.000000,96.000000,96.000000,93.000000,93.000000,5.0,-16.0218,-14.4684,-45.6004,-47.1538,PENDING_AG03,FALSE,NOT_FOR_ENFORCEMENT,-59.1573,17940.0307,-61.6222,-59.1573,-2.4649,-0.00293352,-0.00281618,-2.4649,-59.1573,-0.00281618,-2.4649,-2.4649,-2.4649,-4.3136,-4.3136,-59.1573,-0.00281618,-16.0218,-14.4684,-45.6004,-47.1538,-0.00217080,-0.00224475,-0.00011734,16.8454,14.9860,-0.0494,-0.6419,-0.0525,218.8151,12.9896,13.0801,17.0694,10.3857,11.0045,21.0062,31.5093,42.0124,42.1647,10.5412,0.0,3.81775,3.831594,1.530778,30,171,130,2,0.04358735,-0.00293352,0.13859161,0E-8,0.000000,0.889618,0.000000,-0.14797496,2026-03-22,2026-08-05,96,1173,774,137,0.700730,0.766291,0.776478,0.145291,,,,,,,,GLOBAL_BASELINE_NO_ENTITY_RANKING,,,NOT_APPLICABLE_GLOBAL_BASELINE,HF9g-P5,,,,X 全窗基线 · 不参与实体赏罚,3927388,393,A168_HF9F_20260827_0900,2026-08-27 09:00:00
2026-06-18,91797317,2223,0,6.2314355150,-6.2314355150,-6.2314355150,0E-7,1,1,0.49324550000000000,0.493245500000,-0.9865810262130424,-0.9865810262130424,-0.9865810262130424,0E-17,ELIGIBLE,R03b_20260811_FULL_v1,L1_ELIGIBILITY,v2026-08-11,2026-03-21..2026-08-06,baccarat_bet02_101_all_pairs_incl_sentinel,round_win = game_pnl > 0 (decisive only),COMPATIBILITY_ONLY_NOT_PRODUCTION,21006.2458,18687.5319,-61.6222,1247,1247,0.00293352,-0.13859161,0.00938335,0.00293352,61.6222,21006.2458,OK,0.0000,-2.4649,4.0000,96.0000,AG03-UNRESOLVED,ALL5_LEVELS_bet23_to_bet27,-2.4649,-2.4649,-2.4649,-4.3136,-4.3136,4.000000,4.000000,4.000000,7.000000,7.000000,96.000000,96.000000,96.000000,93.000000,93.000000,5.0,-16.0218,-14.4684,-45.6004,-47.1538,PENDING_AG03,FALSE,NOT_FOR_ENFORCEMENT,-59.1573,17940.0307,-61.6222,-59.1573,-2.4649,-0.00293352,-0.00281618,-2.4649,-59.1573,-0.00281618,-2.4649,-2.4649,-2.4649,-4.3136,-4.3136,-59.1573,-0.00281618,-16.0218,-14.4684,-45.6004,-47.1538,-0.00217080,-0.00224475,-0.00011734,16.8454,14.9860,-0.0494,-0.6419,-0.0525,218.8151,12.9896,13.0801,17.0694,10.3857,11.0045,21.0062,31.5093,42.0124,42.1647,10.5412,0.0,3.81775,3.831594,1.530778,30,171,130,2,0.04358735,-0.00293352,0.13859161,0E-8,0.000000,0.889618,0.000000,-0.14797496,2026-03-22,2026-08-05,96,1173,774,137,0.700730,0.766291,0.776478,0.145291,,,,,,,,GLOBAL_BASELINE_NO_ENTITY_RANKING,,,NOT_APPLICABLE_GLOBAL_BASELINE,HF9g-P5,,,,X 全窗基线 · 不参与实体赏罚,3927389,393,A168_HF9F_20260827_0900,2026-08-27 09:00:00
2026-06-24,91797317,-1,1,16.6171613734,16.6171613734,16.6171613734,1.0000000,2,2,0.49324550000000000,0.493245500000,1.4334489766152358,1.4334489766152358,1.4334489766152358,0E-17,SENTINEL_DEALER,R03b_20260811_FULL_v1,L1_ELIGIBILITY,v2026-08-11,2026-03-21..2026-08-06,baccarat_bet02_101_all_pairs_incl_sentinel,round_win = game_pnl > 0 (decisive only),COMPATIBILITY_ONLY_NOT_PRODUCTION,21006.2458,18687.5319,-61.6222,1247,1247,0.00293352,-0.13859161,0.00938335,0.00293352,61.6222,21006.2458,OK,0.0000,-2.4649,4.0000,96.0000,AG03-UNRESOLVED,ALL5_LEVELS_bet23_to_bet27,-2.4649,-2.4649,-2.4649,-4.3136,-4.3136,4.000000,4.000000,4.000000,7.000000,7.000000,96.000000,96.000000,96.000000,93.000000,93.000000,5.0,-16.0218,-14.4684,-45.6004,-47.1538,PENDING_AG03,FALSE,NOT_FOR_ENFORCEMENT,-59.1573,17940.0307,-61.6222,-59.1573,-2.4649,-0.00293352,-0.00281618,-2.4649,-59.1573,-0.00281618,-2.4649,-2.4649,-2.4649,-4.3136,-4.3136,-59.1573,-0.00281618,-16.0218,-14.4684,-45.6004,-47.1538,-0.00217080,-0.00224475,-0.00011734,16.8454,14.9860,-0.0494,-0.6419,-0.0525,218.8151,12.9896,13.0801,17.0694,10.3857,11.0045,21.0062,31.5093,42.0124,42.1647,10.5412,0.0,3.81775,3.831594,1.530778,30,171,130,2,0.04358735,-0.00293352,0.13859161,0E-8,0.000000,0.889618,0.000000,-0.14797496,2026-03-22,2026-08-05,96,1173,774,137,0.700730,0.766291,0.776478,0.145291,,,,,,,,GLOBAL_BASELINE_NO_ENTITY_RANKING,,,NOT_APPLICABLE_GLOBAL_BASELINE,HF9g-P5,,,,X 全窗基线 · 不参与实体赏罚,3927390,393,A168_HF9F_20260827_0900,2026-08-27 09:00:00
2026-06-24,91797317,1004,0,6.2314355150,-6.2314355150,-6.2314355150,0E-7,1,1,0.49324550000000000,0.493245500000,-0.9865810262130424,-0.9865810262130424,-0.9865810262130424,0E-17,ELIGIBLE,R03b_20260811_FULL_v1,L1_ELIGIBILITY,v2026-08-11,2026-03-21..2026-08-06,baccarat_bet02_101_all_pairs_incl_sentinel,round_win = game_pnl > 0 (decisive only),COMPATIBILITY_ONLY_NOT_PRODUCTION,21006.2458,18687.5319,-61.6222,1247,1247,0.00293352,-0.13859161,0.00938335,0.00293352,61.6222,21006.2458,OK,0.0000,-2.4649,4.0000,96.0000,AG03-UNRESOLVED,ALL5_LEVELS_bet23_to_bet27,-2.4649,-2.4649,-2.4649,-4.3136,-4.3136,4.000000,4.000000,4.000000,7.000000,7.000000,96.000000,96.000000,96.000000,93.000000,93.000000,5.0,-16.0218,-14.4684,-45.6004,-47.1538,PENDING_AG03,FALSE,NOT_FOR_ENFORCEMENT,-59.1573,17940.0307,-61.6222,-59.1573,-2.4649,-0.00293352,-0.00281618,-2.4649,-59.1573,-0.00281618,-2.4649,-2.4649,-2.4649,-4.3136,-4.3136,-59.1573,-0.00281618,-16.0218,-14.4684,-45.6004,-47.1538,-0.00217080,-0.00224475,-0.00011734,16.8454,14.9860,-0.0494,-0.6419,-0.0525,218.8151,12.9896,13.0801,17.0694,10.3857,11.0045,21.0062,31.5093,42.0124,42.1647,10.5412,0.0,3.81775,3.831594,1.530778,30,171,130,2,0.04358735,-0.00293352,0.13859161,0E-8,0.000000,0.889618,0.000000,-0.14797496,2026-03-22,2026-08-05,96,1173,774,137,0.700730,0.766291,0.776478,0.145291,,,,,,,,GLOBAL_BASELINE_NO_ENTITY_RANKING,,,NOT_APPLICABLE_GLOBAL_BASELINE,HF9g-P5,,,,X 全窗基线 · 不参与实体赏罚,3927391,393,A168_HF9F_20260827_0900,2026-08-27 09:00:00
2026-06-24,91797317,1017,0,6.2314355150,6.2314355150,6.2314355150,1.0000000,1,1,0.49324550000000000,0.493245500000,1.01360149184955,1.01360149184955,1.01360149184955,0E-17,ELIGIBLE,R03b_20260811_FULL_v1,L1_ELIGIBILITY,v2026-08-11,2026-03-21..2026-08-06,baccarat_bet02_101_all_pairs_incl_sentinel,round_win = game_pnl > 0 (decisive only),COMPATIBILITY_ONLY_NOT_PRODUCTION,21006.2458,18687.5319,-61.6222,1247,1247,0.00293352,-0.13859161,0.00938335,0.00293352,61.6222,21006.2458,OK,0.0000,-2.4649,4.0000,96.0000,AG03-UNRESOLVED,ALL5_LEVELS_bet23_to_bet27,-2.4649,-2.4649,-2.4649,-4.3136,-4.3136,4.000000,4.000000,4.000000,7.000000,7.000000,96.000000,96.000000,96.000000,93.000000,93.000000,5.0,-16.0218,-14.4684,-45.6004,-47.1538,PENDING_AG03,FALSE,NOT_FOR_ENFORCEMENT,-59.1573,17940.0307,-61.6222,-59.1573,-2.4649,-0.00293352,-0.00281618,-2.4649,-59.1573,-0.00281618,-2.4649,-2.4649,-2.4649,-4.3136,-4.3136,-59.1573,-0.00281618,-16.0218,-14.4684,-45.6004,-47.1538,-0.00217080,-0.00224475,-0.00011734,16.8454,14.9860,-0.0494,-0.6419,-0.0525,218.8151,12.9896,13.0801,17.0694,10.3857,11.0045,21.0062,31.5093,42.0124,42.1647,10.5412,0.0,3.81775,3.831594,1.530778,30,171,130,2,0.04358735,-0.00293352,0.13859161,0E-8,0.000000,0.889618,0.000000,-0.14797496,2026-03-22,2026-08-05,96,1173,774,137,0.700730,0.766291,0.776478,0.145291,,,,,,,,GLOBAL_BASELINE_NO_ENTITY_RANKING,,,NOT_APPLICABLE_GLOBAL_BASELINE,HF9g-P5,,,,X 全窗基线 · 不参与实体赏罚,3927392,393,A168_HF9F_20260827_0900,2026-08-27 09:00:00
2026-06-24,91797317,1405,0,6.2314355150,-6.2314355150,-6.2314355150,0E-7,1,1,0.49324550000000000,0.493245500000,-0.9865810262130424,-0.9865810262130424,-0.9865810262130424,0E-17,ELIGIBLE,R03b_20260811_FULL_v1,L1_ELIGIBILITY,v2026-08-11,2026-03-21..2026-08-06,baccarat_bet02_101_all_pairs_incl_sentinel,round_win = game_pnl > 0 (decisive only),COMPATIBILITY_ONLY_NOT_PRODUCTION,21006.2458,18687.5319,-61.6222,1247,1247,0.00293352,-0.13859161,0.00938335,0.00293352,61.6222,21006.2458,OK,0.0000,-2.4649,4.0000,96.0000,AG03-UNRESOLVED,ALL5_LEVELS_bet23_to_bet27,-2.4649,-2.4649,-2.4649,-4.3136,-4.3136,4.000000,4.000000,4.000000,7.000000,7.000000,96.000000,96.000000,96.000000,93.000000,93.000000,5.0,-16.0218,-14.4684,-45.6004,-47.1538,PENDING_AG03,FALSE,NOT_FOR_ENFORCEMENT,-59.1573,17940.0307,-61.6222,-59.1573,-2.4649,-0.00293352,-0.00281618,-2.4649,-59.1573,-0.00281618,-2.4649,-2.4649,-2.4649,-4.3136,-4.3136,-59.1573,-0.00281618,-16.0218,-14.4684,-45.6004,-47.1538,-0.00217080,-0.00224475,-0.00011734,16.8454,14.9860,-0.0494,-0.6419,-0.0525,218.8151,12.9896,13.0801,17.0694,10.3857,11.0045,21.0062,31.5093,42.0124,42.1647,10.5412,0.0,3.81775,3.831594,1.530778,30,171,130,2,0.04358735,-0.00293352,0.13859161,0E-8,0.000000,0.889618,0.000000,-0.14797496,2026-03-22,2026-08-05,96,1173,774,137,0.700730,0.766291,0.776478,0.145291,,,,,,,,GLOBAL_BASELINE_NO_ENTITY_RANKING,,,NOT_APPLICABLE_GLOBAL_BASELINE,HF9g-P5,,,,X 全窗基线 · 不参与实体赏罚,3927393,393,A168_HF9F_20260827_0900,2026-08-27 09:00:00
2026-06-24,91797317,2129,0,10.3857258584,-10.3857258584,-10.3857258584,0E-7,1,1,0.49324550000000000,0.493245500000,-0.9865810262130424,-0.9865810262130424,-0.9865810262130424,0E-17,ELIGIBLE,R03b_20260811_FULL_v1,L1_ELIGIBILITY,v2026-08-11,2026-03-21..2026-08-06,baccarat_bet02_101_all_pairs_incl_sentinel,round_win = game_pnl > 0 (decisive only),COMPATIBILITY_ONLY_NOT_PRODUCTION,21006.2458,18687.5319,-61.6222,1247,1247,0.00293352,-0.13859161,0.00938335,0.00293352,61.6222,21006.2458,OK,0.0000,-2.4649,4.0000,96.0000,AG03-UNRESOLVED,ALL5_LEVELS_bet23_to_bet27,-2.4649,-2.4649,-2.4649,-4.3136,-4.3136,4.000000,4.000000,4.000000,7.000000,7.000000,96.000000,96.000000,96.000000,93.000000,93.000000,5.0,-16.0218,-14.4684,-45.6004,-47.1538,PENDING_AG03,FALSE,NOT_FOR_ENFORCEMENT,-59.1573,17940.0307,-61.6222,-59.1573,-2.4649,-0.00293352,-0.00281618,-2.4649,-59.1573,-0.00281618,-2.4649,-2.4649,-2.4649,-4.3136,-4.3136,-59.1573,-0.00281618,-16.0218,-14.4684,-45.6004,-47.1538,-0.00217080,-0.00224475,-0.00011734,16.8454,14.9860,-0.0494,-0.6419,-0.0525,218.8151,12.9896,13.0801,17.0694,10.3857,11.0045,21.0062,31.5093,42.0124,42.1647,10.5412,0.0,3.81775,3.831594,1.530778,30,171,130,2,0.04358735,-0.00293352,0.13859161,0E-8,0.000000,0.889618,0.000000,-0.14797496,2026-03-22,2026-08-05,96,1173,774,137,0.700730,0.766291,0.776478,0.145291,,,,,,,,GLOBAL_BASELINE_NO_ENTITY_RANKING,,,NOT_APPLICABLE_GLOBAL_BASELINE,HF9g-P5,,,,X 全窗基线 · 不参与实体赏罚,3927394,393,A168_HF9F_20260827_0900,2026-08-27 09:00:00
2026-06-24,91797317,994,0,10.3857258584,-10.3857258584,-10.3857258584,0E-7,1,1,0.49324550000000000,0.493245500000,-0.9865810262130424,-0.9865810262130424,-0.9865810262130424,0E-17,ELIGIBLE,R03b_20260811_FULL_v1,L1_ELIGIBILITY,v2026-08-11,2026-03-21..2026-08-06,baccarat_bet02_101_all_pairs_incl_sentinel,round_win = game_pnl > 0 (decisive only),COMPATIBILITY_ONLY_NOT_PRODUCTION,21006.2458,18687.5319,-61.6222,1247,1247,0.00293352,-0.13859161,0.00938335,0.00293352,61.6222,21006.2458,OK,0.0000,-2.4649,4.0000,96.0000,AG03-UNRESOLVED,ALL5_LEVELS_bet23_to_bet27,-2.4649,-2.4649,-2.4649,-4.3136,-4.3136,4.000000,4.000000,4.000000,7.000000,7.000000,96.000000,96.000000,96.000000,93.000000,93.000000,5.0,-16.0218,-14.4684,-45.6004,-47.1538,PENDING_AG03,FALSE,NOT_FOR_ENFORCEMENT,-59.1573,17940.0307,-61.6222,-59.1573,-2.4649,-0.00293352,-0.00281618,-2.4649,-59.1573,-0.00281618,-2.4649,-2.4649,-2.4649,-4.3136,-4.3136,-59.1573,-0.00281618,-16.0218,-14.4684,-45.6004,-47.1538,-0.00217080,-0.00224475,-0.00011734,16.8454,14.9860,-0.0494,-0.6419,-0.0525,218.8151,12.9896,13.0801,17.0694,10.3857,11.0045,21.0062,31.5093,42.0124,42.1647,10.5412,0.0,3.81775,3.831594,1.530778,30,171,130,2,0.04358735,-0.00293352,0.13859161,0E-8,0.000000,0.889618,0.000000,-0.14797496,2026-03-22,2026-08-05,96,1173,774,137,0.700730,0.766291,0.776478,0.145291,,,,,,,,GLOBAL_BASELINE_NO_ENTITY_RANKING,,,NOT_APPLICABLE_GLOBAL_BASELINE,HF9g-P5,,,,X 全窗基线 · 不参与实体赏罚,3927395,393,A168_HF9F_20260827_0900,2026-08-27 09:00:00
2026-06-26,91797317,-1,1,10.3857258584,10.3857258584,10.3857258584,1.0000000,1,1,0.49324550000000000,0.493245500000,1.01360149184955,1.01360149184955,1.01360149184955,0E-17,SENTINEL_DEALER,R03b_20260811_FULL_v1,L1_ELIGIBILITY,v2026-08-11,2026-03-21..2026-08-06,baccarat_bet02_101_all_pairs_incl_sentinel,round_win = game_pnl > 0 (decisive only),COMPATIBILITY_ONLY_NOT_PRODUCTION,21006.2458,18687.5319,-61.6222,1247,1247,0.00293352,-0.13859161,0.00938335,0.00293352,61.6222,21006.2458,OK,0.0000,-2.4649,4.0000,96.0000,AG03-UNRESOLVED,ALL5_LEVELS_bet23_to_bet27,-2.4649,-2.4649,-2.4649,-4.3136,-4.3136,4.000000,4.000000,4.000000,7.000000,7.000000,96.000000,96.000000,96.000000,93.000000,93.000000,5.0,-16.0218,-14.4684,-45.6004,-47.1538,PENDING_AG03,FALSE,NOT_FOR_ENFORCEMENT,-59.1573,17940.0307,-61.6222,-59.1573,-2.4649,-0.00293352,-0.00281618,-2.4649,-59.1573,-0.00281618,-2.4649,-2.4649,-2.4649,-4.3136,-4.3136,-59.1573,-0.00281618,-16.0218,-14.4684,-45.6004,-47.1538,-0.00217080,-0.00224475,-0.00011734,16.8454,14.9860,-0.0494,-0.6419,-0.0525,218.8151,12.9896,13.0801,17.0694,10.3857,11.0045,21.0062,31.5093,42.0124,42.1647,10.5412,0.0,3.81775,3.831594,1.530778,30,171,130,2,0.04358735,-0.00293352,0.13859161,0E-8,0.000000,0.889618,0.000000,-0.14797496,2026-03-22,2026-08-05,96,1173,774,137,0.700730,0.766291,0.776478,0.145291,,,,,,,,GLOBAL_BASELINE_NO_ENTITY_RANKING,,,NOT_APPLICABLE_GLOBAL_BASELINE,HF9g-P5,,,,X 全窗基线 · 不参与实体赏罚,3927396,393,A168_HF9F_20260827_0900,2026-08-27 09:00:00
2026-06-26,91797317,1325,0,20.7714517168,-20.7714517168,-20.7714517168,0E-7,1,1,0.49324550000000000,0.493245500000,-0.9865810262130424,-0.9865810262130424,-0.9865810262130424,0E-17,ELIGIBLE,R03b_20260811_FULL_v1,L1_ELIGIBILITY,v2026-08-11,2026-03-21..2026-08-06,baccarat_bet02_101_all_pairs_incl_sentinel,round_win = game_pnl > 0 (decisive only),COMPATIBILITY_ONLY_NOT_PRODUCTION,21006.2458,18687.5319,-61.6222,1247,1247,0.00293352,-0.13859161,0.00938335,0.00293352,61.6222,21006.2458,OK,0.0000,-2.4649,4.0000,96.0000,AG03-UNRESOLVED,ALL5_LEVELS_bet23_to_bet27,-2.4649,-2.4649,-2.4649,-4.3136,-4.3136,4.000000,4.000000,4.000000,7.000000,7.000000,96.000000,96.000000,96.000000,93.000000,93.000000,5.0,-16.0218,-14.4684,-45.6004,-47.1538,PENDING_AG03,FALSE,NOT_FOR_ENFORCEMENT,-59.1573,17940.0307,-61.6222,-59.1573,-2.4649,-0.00293352,-0.00281618,-2.4649,-59.1573,-0.00281618,-2.4649,-2.4649,-2.4649,-4.3136,-4.3136,-59.1573,-0.00281618,-16.0218,-14.4684,-45.6004,-47.1538,-0.00217080,-0.00224475,-0.00011734,16.8454,14.9860,-0.0494,-0.6419,-0.0525,218.8151,12.9896,13.0801,17.0694,10.3857,11.0045,21.0062,31.5093,42.0124,42.1647,10.5412,0.0,3.81775,3.831594,1.530778,30,171,130,2,0.04358735,-0.00293352,0.13859161,0E-8,0.000000,0.889618,0.000000,-0.14797496,2026-03-22,2026-08-05,96,1173,774,137,0.700730,0.766291,0.776478,0.145291,,,,,,,,GLOBAL_BASELINE_NO_ENTITY_RANKING,,,NOT_APPLICABLE_GLOBAL_BASELINE,HF9g-P5,,,,X 全窗基线 · 不参与实体赏罚,3927397,393,A168_HF9F_20260827_0900,2026-08-27 09:00:00
2026-06-26,91797317,2220,0,10.3857258584,-10.3857258584,-10.3857258584,0E-7,1,1,0.49324550000000000,0.493245500000,-0.9865810262130424,-0.9865810262130424,-0.9865810262130424,0E-17,ELIGIBLE,R03b_20260811_FULL_v1,L1_ELIGIBILITY,v2026-08-11,2026-03-21..2026-08-06,baccarat_bet02_101_all_pairs_incl_sentinel,round_win = game_pnl > 0 (decisive only),COMPATIBILITY_ONLY_NOT_PRODUCTION,21006.2458,18687.5319,-61.6222,1247,1247,0.00293352,-0.13859161,0.00938335,0.00293352,61.6222,21006.2458,OK,0.0000,-2.4649,4.0000,96.0000,AG03-UNRESOLVED,ALL5_LEVELS_bet23_to_bet27,-2.4649,-2.4649,-2.4649,-4.3136,-4.3136,4.000000,4.000000,4.000000,7.000000,7.000000,96.000000,96.000000,96.000000,93.000000,93.000000,5.0,-16.0218,-14.4684,-45.6004,-47.1538,PENDING_AG03,FALSE,NOT_FOR_ENFORCEMENT,-59.1573,17940.0307,-61.6222,-59.1573,-2.4649,-0.00293352,-0.00281618,-2.4649,-59.1573,-0.00281618,-2.4649,-2.4649,-2.4649,-4.3136,-4.3136,-59.1573,-0.00281618,-16.0218,-14.4684,-45.6004,-47.1538,-0.00217080,-0.00224475,-0.00011734,16.8454,14.9860,-0.0494,-0.6419,-0.0525,218.8151,12.9896,13.0801,17.0694,10.3857,11.0045,21.0062,31.5093,42.0124,42.1647,10.5412,0.0,3.81775,3.831594,1.530778,30,171,130,2,0.04358735,-0.00293352,0.13859161,0E-8,0.000000,0.889618,0.000000,-0.14797496,2026-03-22,2026-08-05,96,1173,774,137,0.700730,0.766291,0.776478,0.145291,,,,,,,,GLOBAL_BASELINE_NO_ENTITY_RANKING,,,NOT_APPLICABLE_GLOBAL_BASELINE,HF9g-P5,,,,X 全窗基线 · 不参与实体赏罚,3927398,393,A168_HF9F_20260827_0900,2026-08-27 09:00:00
2026-06-26,91797317,2229,0,10.3857258584,10.3857258584,10.3857258584,1.0000000,1,1,0.49324550000000000,0.493245500000,1.01360149184955,1.01360149184955,1.01360149184955,0E-17,ELIGIBLE,R03b_20260811_FULL_v1,L1_ELIGIBILITY,v2026-08-11,2026-03-21..2026-08-06,baccarat_bet02_101_all_pairs_incl_sentinel,round_win = game_pnl > 0 (decisive only),COMPATIBILITY_ONLY_NOT_PRODUCTION,21006.2458,18687.5319,-61.6222,1247,1247,0.00293352,-0.13859161,0.00938335,0.00293352,61.6222,21006.2458,OK,0.0000,-2.4649,4.0000,96.0000,AG03-UNRESOLVED,ALL5_LEVELS_bet23_to_bet27,-2.4649,-2.4649,-2.4649,-4.3136,-4.3136,4.000000,4.000000,4.000000,7.000000,7.000000,96.000000,96.000000,96.000000,93.000000,93.000000,5.0,-16.0218,-14.4684,-45.6004,-47.1538,PENDING_AG03,FALSE,NOT_FOR_ENFORCEMENT,-59.1573,17940.0307,-61.6222,-59.1573,-2.4649,-0.00293352,-0.00281618,-2.4649,-59.1573,-0.00281618,-2.4649,-2.4649,-2.4649,-4.3136,-4.3136,-59.1573,-0.00281618,-16.0218,-14.4684,-45.6004,-47.1538,-0.00217080,-0.00224475,-0.00011734,16.8454,14.9860,-0.0494,-0.6419,-0.0525,218.8151,12.9896,13.0801,17.0694,10.3857,11.0045,21.0062,31.5093,42.0124,42.1647,10.5412,0.0,3.81775,3.831594,1.530778,30,171,130,2,0.04358735,-0.00293352,0.13859161,0E-8,0.000000,0.889618,0.000000,-0.14797496,2026-03-22,2026-08-05,96,1173,774,137,0.700730,0.766291,0.776478,0.145291,,,,,,,,GLOBAL_BASELINE_NO_ENTITY_RANKING,,,NOT_APPLICABLE_GLOBAL_BASELINE,HF9g-P5,,,,X 全窗基线 · 不参与实体赏罚,3927399,393,A168_HF9F_20260827_0900,2026-08-27 09:00:00
2026-06-26,91797317,2271,0,20.7714517168,20.7714517168,20.7714517168,1.0000000,1,1,0.49324550000000000,0.493245500000,1.01360149184955,1.01360149184955,1.01360149184955,0E-17,ELIGIBLE,R03b_20260811_FULL_v1,L1_ELIGIBILITY,v2026-08-11,2026-03-21..2026-08-06,baccarat_bet02_101_all_pairs_incl_sentinel,round_win = game_pnl > 0 (decisive only),COMPATIBILITY_ONLY_NOT_PRODUCTION,21006.2458,18687.5319,-61.6222,1247,1247,0.00293352,-0.13859161,0.00938335,0.00293352,61.6222,21006.2458,OK,0.0000,-2.4649,4.0000,96.0000,AG03-UNRESOLVED,ALL5_LEVELS_bet23_to_bet27,-2.4649,-2.4649,-2.4649,-4.3136,-4.3136,4.000000,4.000000,4.000000,7.000000,7.000000,96.000000,96.000000,96.000000,93.000000,93.000000,5.0,-16.0218,-14.4684,-45.6004,-47.1538,PENDING_AG03,FALSE,NOT_FOR_ENFORCEMENT,-59.1573,17940.0307,-61.6222,-59.1573,-2.4649,-0.00293352,-0.00281618,-2.4649,-59.1573,-0.00281618,-2.4649,-2.4649,-2.4649,-4.3136,-4.3136,-59.1573,-0.00281618,-16.0218,-14.4684,-45.6004,-47.1538,-0.00217080,-0.00224475,-0.00011734,16.8454,14.9860,-0.0494,-0.6419,-0.0525,218.8151,12.9896,13.0801,17.0694,10.3857,11.0045,21.0062,31.5093,42.0124,42.1647,10.5412,0.0,3.81775,3.831594,1.530778,30,171,130,2,0.04358735,-0.00293352,0.13859161,0E-8,0.000000,0.889618,0.000000,-0.14797496,2026-03-22,2026-08-05,96,1173,774,137,0.700730,0.766291,0.776478,0.145291,,,,,,,,GLOBAL_BASELINE_NO_ENTITY_RANKING,,,NOT_APPLICABLE_GLOBAL_BASELINE,HF9g-P5,,,,X 全窗基线 · 不参与实体赏罚,3927400,393,A168_HF9F_20260827_0900,2026-08-27 09:00:00
2026-06-27,91797317,-1,1,62.3143551504,-20.7714517168,-20.7714517168,0.2500000,4,4,0.49324550000000000,0.493245500000,-0.9730707933947887,-0.9730707933947887,-0.9730707933947887,0E-17,SENTINEL_DEALER,R03b_20260811_FULL_v1,L1_ELIGIBILITY,v2026-08-11,2026-03-21..2026-08-06,baccarat_bet02_101_all_pairs_incl_sentinel,round_win = game_pnl > 0 (decisive only),COMPATIBILITY_ONLY_NOT_PRODUCTION,21006.2458,18687.5319,-61.6222,1247,1247,0.00293352,-0.13859161,0.00938335,0.00293352,61.6222,21006.2458,OK,0.0000,-2.4649,4.0000,96.0000,AG03-UNRESOLVED,ALL5_LEVELS_bet23_to_bet27,-2.4649,-2.4649,-2.4649,-4.3136,-4.3136,4.000000,4.000000,4.000000,7.000000,7.000000,96.000000,96.000000,96.000000,93.000000,93.000000,5.0,-16.0218,-14.4684,-45.6004,-47.1538,PENDING_AG03,FALSE,NOT_FOR_ENFORCEMENT,-59.1573,17940.0307,-61.6222,-59.1573,-2.4649,-0.00293352,-0.00281618,-2.4649,-59.1573,-0.00281618,-2.4649,-2.4649,-2.4649,-4.3136,-4.3136,-59.1573,-0.00281618,-16.0218,-14.4684,-45.6004,-47.1538,-0.00217080,-0.00224475,-0.00011734,16.8454,14.9860,-0.0494,-0.6419,-0.0525,218.8151,12.9896,13.0801,17.0694,10.3857,11.0045,21.0062,31.5093,42.0124,42.1647,10.5412,0.0,3.81775,3.831594,1.530778,30,171,130,2,0.04358735,-0.00293352,0.13859161,0E-8,0.000000,0.889618,0.000000,-0.14797496,2026-03-22,2026-08-05,96,1173,774,137,0.700730,0.766291,0.776478,0.145291,,,,,,,,GLOBAL_BASELINE_NO_ENTITY_RANKING,,,NOT_APPLICABLE_GLOBAL_BASELINE,HF9g-P5,,,,X 全窗基线 · 不参与实体赏罚,3927401,393,A168_HF9F_20260827_0900,2026-08-27 09:00:00
2026-06-27,91797317,1115,0,10.3857258584,0E-10,0E-10,,1,1,0.49324550000000000,0.493245500000,,,,0E-17,NO_DECISIVE_ROUND,R03b_20260811_FULL_v1,L1_ELIGIBILITY,v2026-08-11,2026-03-21..2026-08-06,baccarat_bet02_101_all_pairs_incl_sentinel,round_win = game_pnl > 0 (decisive only),COMPATIBILITY_ONLY_NOT_PRODUCTION,21006.2458,18687.5319,-61.6222,1247,1247,0.00293352,-0.13859161,0.00938335,0.00293352,61.6222,21006.2458,OK,0.0000,-2.4649,4.0000,96.0000,AG03-UNRESOLVED,ALL5_LEVELS_bet23_to_bet27,-2.4649,-2.4649,-2.4649,-4.3136,-4.3136,4.000000,4.000000,4.000000,7.000000,7.000000,96.000000,96.000000,96.000000,93.000000,93.000000,5.0,-16.0218,-14.4684,-45.6004,-47.1538,PENDING_AG03,FALSE,NOT_FOR_ENFORCEMENT,-59.1573,17940.0307,-61.6222,-59.1573,-2.4649,-0.00293352,-0.00281618,-2.4649,-59.1573,-0.00281618,-2.4649,-2.4649,-2.4649,-4.3136,-4.3136,-59.1573,-0.00281618,-16.0218,-14.4684,-45.6004,-47.1538,-0.00217080,-0.00224475,-0.00011734,16.8454,14.9860,-0.0494,-0.6419,-0.0525,218.8151,12.9896,13.0801,17.0694,10.3857,11.0045,21.0062,31.5093,42.0124,42.1647,10.5412,0.0,3.81775,3.831594,1.530778,30,171,130,2,0.04358735,-0.00293352,0.13859161,0E-8,0.000000,0.889618,0.000000,-0.14797496,2026-03-22,2026-08-05,96,1173,774,137,0.700730,0.766291,0.776478,0.145291,,,,,,,,GLOBAL_BASELINE_NO_ENTITY_RANKING,,,NOT_APPLICABLE_GLOBAL_BASELINE,HF9g-P5,,,,X 全窗基线 · 不参与实体赏罚,3927402,393,A168_HF9F_20260827_0900,2026-08-27 09:00:00
2026-06-27,91797317,1151,0,10.3857258584,10.3857258584,10.3857258584,1.0000000,1,1,0.49324550000000000,0.493245500000,1.01360149184955,1.01360149184955,1.01360149184955,0E-17,ELIGIBLE,R03b_20260811_FULL_v1,L1_ELIGIBILITY,v2026-08-11,2026-03-21..2026-08-06,baccarat_bet02_101_all_pairs_incl_sentinel,round_win = game_pnl > 0 (decisive only),COMPATIBILITY_ONLY_NOT_PRODUCTION,21006.2458,18687.5319,-61.6222,1247,1247,0.00293352,-0.13859161,0.00938335,0.00293352,61.6222,21006.2458,OK,0.0000,-2.4649,4.0000,96.0000,AG03-UNRESOLVED,ALL5_LEVELS_bet23_to_bet27,-2.4649,-2.4649,-2.4649,-4.3136,-4.3136,4.000000,4.000000,4.000000,7.000000,7.000000,96.000000,96.000000,96.000000,93.000000,93.000000,5.0,-16.0218,-14.4684,-45.6004,-47.1538,PENDING_AG03,FALSE,NOT_FOR_ENFORCEMENT,-59.1573,17940.0307,-61.6222,-59.1573,-2.4649,-0.00293352,-0.00281618,-2.4649,-59.1573,-0.00281618,-2.4649,-2.4649,-2.4649,-4.3136,-4.3136,-59.1573,-0.00281618,-16.0218,-14.4684,-45.6004,-47.1538,-0.00217080,-0.00224475,-0.00011734,16.8454,14.9860,-0.0494,-0.6419,-0.0525,218.8151,12.9896,13.0801,17.0694,10.3857,11.0045,21.0062,31.5093,42.0124,42.1647,10.5412,0.0,3.81775,3.831594,1.530778,30,171,130,2,0.04358735,-0.00293352,0.13859161,0E-8,0.000000,0.889618,0.000000,-0.14797496,2026-03-22,2026-08-05,96,1173,774,137,0.700730,0.766291,0.776478,0.145291,,,,,,,,GLOBAL_BASELINE_NO_ENTITY_RANKING,,,NOT_APPLICABLE_GLOBAL_BASELINE,HF9g-P5,,,,X 全窗基线 · 不参与实体赏罚,3927403,393,A168_HF9F_20260827_0900,2026-08-27 09:00:00
2026-06-27,91797317,1205,0,10.3857258584,10.3857258584,10.3857258584,1.0000000,1,1,0.49324550000000000,0.493245500000,1.01360149184955,1.01360149184955,1.01360149184955,0E-17,ELIGIBLE,R03b_20260811_FULL_v1,L1_ELIGIBILITY,v2026-08-11,2026-03-21..2026-08-06,baccarat_bet02_101_all_pairs_incl_sentinel,round_win = game_pnl > 0 (decisive only),COMPATIBILITY_ONLY_NOT_PRODUCTION,21006.2458,18687.5319,-61.6222,1247,1247,0.00293352,-0.13859161,0.00938335,0.00293352,61.6222,21006.2458,OK,0.0000,-2.4649,4.0000,96.0000,AG03-UNRESOLVED,ALL5_LEVELS_bet23_to_bet27,-2.4649,-2.4649,-2.4649,-4.3136,-4.3136,4.000000,4.000000,4.000000,7.000000,7.000000,96.000000,96.000000,96.000000,93.000000,93.000000,5.0,-16.0218,-14.4684,-45.6004,-47.1538,PENDING_AG03,FALSE,NOT_FOR_ENFORCEMENT,-59.1573,17940.0307,-61.6222,-59.1573,-2.4649,-0.00293352,-0.00281618,-2.4649,-59.1573,-0.00281618,-2.4649,-2.4649,-2.4649,-4.3136,-4.3136,-59.1573,-0.00281618,-16.0218,-14.4684,-45.6004,-47.1538,-0.00217080,-0.00224475,-0.00011734,16.8454,14.9860,-0.0494,-0.6419,-0.0525,218.8151,12.9896,13.0801,17.0694,10.3857,11.0045,21.0062,31.5093,42.0124,42.1647,10.5412,0.0,3.81775,3.831594,1.530778,30,171,130,2,0.04358735,-0.00293352,0.13859161,0E-8,0.000000,0.889618,0.000000,-0.14797496,2026-03-22,2026-08-05,96,1173,774,137,0.700730,0.766291,0.776478,0.145291,,,,,,,,GLOBAL_BASELINE_NO_ENTITY_RANKING,,,NOT_APPLICABLE_GLOBAL_BASELINE,HF9g-P5,,,,X 全窗基线 · 不参与实体赏罚,3927404,393,A168_HF9F_20260827_0900,2026-08-27 09:00:00
2026-06-27,91797317,1331,0,10.3857258584,-10.3857258584,-10.3857258584,0E-7,1,1,0.49324550000000000,0.493245500000,-0.9865810262130424,-0.9865810262130424,-0.9865810262130424,0E-17,ELIGIBLE,R03b_20260811_FULL_v1,L1_ELIGIBILITY,v2026-08-11,2026-03-21..2026-08-06,baccarat_bet02_101_all_pairs_incl_sentinel,round_win = game_pnl > 0 (decisive only),COMPATIBILITY_ONLY_NOT_PRODUCTION,21006.2458,18687.5319,-61.6222,1247,1247,0.00293352,-0.13859161,0.00938335,0.00293352,61.6222,21006.2458,OK,0.0000,-2.4649,4.0000,96.0000,AG03-UNRESOLVED,ALL5_LEVELS_bet23_to_bet27,-2.4649,-2.4649,-2.4649,-4.3136,-4.3136,4.000000,4.000000,4.000000,7.000000,7.000000,96.000000,96.000000,96.000000,93.000000,93.000000,5.0,-16.0218,-14.4684,-45.6004,-47.1538,PENDING_AG03,FALSE,NOT_FOR_ENFORCEMENT,-59.1573,17940.0307,-61.6222,-59.1573,-2.4649,-0.00293352,-0.00281618,-2.4649,-59.1573,-0.00281618,-2.4649,-2.4649,-2.4649,-4.3136,-4.3136,-59.1573,-0.00281618,-16.0218,-14.4684,-45.6004,-47.1538,-0.00217080,-0.00224475,-0.00011734,16.8454,14.9860,-0.0494,-0.6419,-0.0525,218.8151,12.9896,13.0801,17.0694,10.3857,11.0045,21.0062,31.5093,42.0124,42.1647,10.5412,0.0,3.81775,3.831594,1.530778,30,171,130,2,0.04358735,-0.00293352,0.13859161,0E-8,0.000000,0.889618,0.000000,-0.14797496,2026-03-22,2026-08-05,96,1173,774,137,0.700730,0.766291,0.776478,0.145291,,,,,,,,GLOBAL_BASELINE_NO_ENTITY_RANKING,,,NOT_APPLICABLE_GLOBAL_BASELINE,HF9g-P5,,,,X 全窗基线 · 不参与实体赏罚,3927405,393,A168_HF9F_20260827_0900,2026-08-27 09:00:00
2026-06-27,91797317,1384,0,10.3857258584,10.3857258584,10.3857258584,1.0000000,1,1,0.49324550000000000,0.493245500000,1.01360149184955,1.01360149184955,1.01360149184955,0E-17,ELIGIBLE,R03b_20260811_FULL_v1,L1_ELIGIBILITY,v2026-08-11,2026-03-21..2026-08-06,baccarat_bet02_101_all_pairs_incl_sentinel,round_win = game_pnl > 0 (decisive only),COMPATIBILITY_ONLY_NOT_PRODUCTION,21006.2458,18687.5319,-61.6222,1247,1247,0.00293352,-0.13859161,0.00938335,0.00293352,61.6222,21006.2458,OK,0.0000,-2.4649,4.0000,96.0000,AG03-UNRESOLVED,ALL5_LEVELS_bet23_to_bet27,-2.4649,-2.4649,-2.4649,-4.3136,-4.3136,4.000000,4.000000,4.000000,7.000000,7.000000,96.000000,96.000000,96.000000,93.000000,93.000000,5.0,-16.0218,-14.4684,-45.6004,-47.1538,PENDING_AG03,FALSE,NOT_FOR_ENFORCEMENT,-59.1573,17940.0307,-61.6222,-59.1573,-2.4649,-0.00293352,-0.00281618,-2.4649,-59.1573,-0.00281618,-2.4649,-2.4649,-2.4649,-4.3136,-4.3136,-59.1573,-0.00281618,-16.0218,-14.4684,-45.6004,-47.1538,-0.00217080,-0.00224475,-0.00011734,16.8454,14.9860,-0.0494,-0.6419,-0.0525,218.8151,12.9896,13.0801,17.0694,10.3857,11.0045,21.0062,31.5093,42.0124,42.1647,10.5412,0.0,3.81775,3.831594,1.530778,30,171,130,2,0.04358735,-0.00293352,0.13859161,0E-8,0.000000,0.889618,0.000000,-0.14797496,2026-03-22,2026-08-05,96,1173,774,137,0.700730,0.766291,0.776478,0.145291,,,,,,,,GLOBAL_BASELINE_NO_ENTITY_RANKING,,,NOT_APPLICABLE_GLOBAL_BASELINE,HF9g-P5,,,,X 全窗基线 · 不参与实体赏罚,3927406,393,A168_HF9F_20260827_0900,2026-08-27 09:00:00
2026-06-27,91797317,1646,0,20.7714517168,-20.7714517168,-20.7714517168,0E-7,1,1,0.49324550000000000,0.493245500000,-0.9865810262130424,-0.9865810262130424,-0.9865810262130424,0E-17,ELIGIBLE,R03b_20260811_FULL_v1,L1_ELIGIBILITY,v2026-08-11,2026-03-21..2026-08-06,baccarat_bet02_101_all_pairs_incl_sentinel,round_win = game_pnl > 0 (decisive only),COMPATIBILITY_ONLY_NOT_PRODUCTION,21006.2458,18687.5319,-61.6222,1247,1247,0.00293352,-0.13859161,0.00938335,0.00293352,61.6222,21006.2458,OK,0.0000,-2.4649,4.0000,96.0000,AG03-UNRESOLVED,ALL5_LEVELS_bet23_to_bet27,-2.4649,-2.4649,-2.4649,-4.3136,-4.3136,4.000000,4.000000,4.000000,7.000000,7.000000,96.000000,96.000000,96.000000,93.000000,93.000000,5.0,-16.0218,-14.4684,-45.6004,-47.1538,PENDING_AG03,FALSE,NOT_FOR_ENFORCEMENT,-59.1573,17940.0307,-61.6222,-59.1573,-2.4649,-0.00293352,-0.00281618,-2.4649,-59.1573,-0.00281618,-2.4649,-2.4649,-2.4649,-4.3136,-4.3136,-59.1573,-0.00281618,-16.0218,-14.4684,-45.6004,-47.1538,-0.00217080,-0.00224475,-0.00011734,16.8454,14.9860,-0.0494,-0.6419,-0.0525,218.8151,12.9896,13.0801,17.0694,10.3857,11.0045,21.0062,31.5093,42.0124,42.1647,10.5412,0.0,3.81775,3.831594,1.530778,30,171,130,2,0.04358735,-0.00293352,0.13859161,0E-8,0.000000,0.889618,0.000000,-0.14797496,2026-03-22,2026-08-05,96,1173,774,137,0.700730,0.766291,0.776478,0.145291,,,,,,,,GLOBAL_BASELINE_NO_ENTITY_RANKING,,,NOT_APPLICABLE_GLOBAL_BASELINE,HF9g-P5,,,,X 全窗基线 · 不参与实体赏罚,3927407,393,A168_HF9F_20260827_0900,2026-08-27 09:00:00
2026-06-27,91797317,1710,0,10.3857258584,10.3857258584,10.3857258584,1.0000000,1,1,0.49324550000000000,0.493245500000,1.01360149184955,1.01360149184955,1.01360149184955,0E-17,ELIGIBLE,R03b_20260811_FULL_v1,L1_ELIGIBILITY,v2026-08-11,2026-03-21..2026-08-06,baccarat_bet02_101_all_pairs_incl_sentinel,round_win = game_pnl > 0 (decisive only),COMPATIBILITY_ONLY_NOT_PRODUCTION,21006.2458,18687.5319,-61.6222,1247,1247,0.00293352,-0.13859161,0.00938335,0.00293352,61.6222,21006.2458,OK,0.0000,-2.4649,4.0000,96.0000,AG03-UNRESOLVED,ALL5_LEVELS_bet23_to_bet27,-2.4649,-2.4649,-2.4649,-4.3136,-4.3136,4.000000,4.000000,4.000000,7.000000,7.000000,96.000000,96.000000,96.000000,93.000000,93.000000,5.0,-16.0218,-14.4684,-45.6004,-47.1538,PENDING_AG03,FALSE,NOT_FOR_ENFORCEMENT,-59.1573,17940.0307,-61.6222,-59.1573,-2.4649,-0.00293352,-0.00281618,-2.4649,-59.1573,-0.00281618,-2.4649,-2.4649,-2.4649,-4.3136,-4.3136,-59.1573,-0.00281618,-16.0218,-14.4684,-45.6004,-47.1538,-0.00217080,-0.00224475,-0.00011734,16.8454,14.9860,-0.0494,-0.6419,-0.0525,218.8151,12.9896,13.0801,17.0694,10.3857,11.0045,21.0062,31.5093,42.0124,42.1647,10.5412,0.0,3.81775,3.831594,1.530778,30,171,130,2,0.04358735,-0.00293352,0.13859161,0E-8,0.000000,0.889618,0.000000,-0.14797496,2026-03-22,2026-08-05,96,1173,774,137,0.700730,0.766291,0.776478,0.145291,,,,,,,,GLOBAL_BASELINE_NO_ENTITY_RANKING,,,NOT_APPLICABLE_GLOBAL_BASELINE,HF9g-P5,,,,X 全窗基线 · 不参与实体赏罚,3927408,393,A168_HF9F_20260827_0900,2026-08-27 09:00:00
2026-06-27,91797317,1935,0,41.5429034335,-41.5429034335,-41.5429034335,0E-7,1,1,0.49324550000000000,0.493245500000,-0.9865810262130424,-0.9865810262130424,-0.9865810262130424,0E-17,ELIGIBLE,R03b_20260811_FULL_v1,L1_ELIGIBILITY,v2026-08-11,2026-03-21..2026-08-06,baccarat_bet02_101_all_pairs_incl_sentinel,round_win = game_pnl > 0 (decisive only),COMPATIBILITY_ONLY_NOT_PRODUCTION,21006.2458,18687.5319,-61.6222,1247,1247,0.00293352,-0.13859161,0.00938335,0.00293352,61.6222,21006.2458,OK,0.0000,-2.4649,4.0000,96.0000,AG03-UNRESOLVED,ALL5_LEVELS_bet23_to_bet27,-2.4649,-2.4649,-2.4649,-4.3136,-4.3136,4.000000,4.000000,4.000000,7.000000,7.000000,96.000000,96.000000,96.000000,93.000000,93.000000,5.0,-16.0218,-14.4684,-45.6004,-47.1538,PENDING_AG03,FALSE,NOT_FOR_ENFORCEMENT,-59.1573,17940.0307,-61.6222,-59.1573,-2.4649,-0.00293352,-0.00281618,-2.4649,-59.1573,-0.00281618,-2.4649,-2.4649,-2.4649,-4.3136,-4.3136,-59.1573,-0.00281618,-16.0218,-14.4684,-45.6004,-47.1538,-0.00217080,-0.00224475,-0.00011734,16.8454,14.9860,-0.0494,-0.6419,-0.0525,218.8151,12.9896,13.0801,17.0694,10.3857,11.0045,21.0062,31.5093,42.0124,42.1647,10.5412,0.0,3.81775,3.831594,1.530778,30,171,130,2,0.04358735,-0.00293352,0.13859161,0E-8,0.000000,0.889618,0.000000,-0.14797496,2026-03-22,2026-08-05,96,1173,774,137,0.700730,0.766291,0.776478,0.145291,,,,,,,,GLOBAL_BASELINE_NO_ENTITY_RANKING,,,NOT_APPLICABLE_GLOBAL_BASELINE,HF9g-P5,,,,X 全窗基线 · 不参与实体赏罚,3927409,393,A168_HF9F_20260827_0900,2026-08-27 09:00:00
2026-06-27,91797317,1951,0,41.5429034335,41.5429034335,41.5429034335,1.0000000,1,1,0.49324550000000000,0.493245500000,1.01360149184955,1.01360149184955,1.01360149184955,0E-17,ELIGIBLE,R03b_20260811_FULL_v1,L1_ELIGIBILITY,v2026-08-11,2026-03-21..2026-08-06,baccarat_bet02_101_all_pairs_incl_sentinel,round_win = game_pnl > 0 (decisive only),COMPATIBILITY_ONLY_NOT_PRODUCTION,21006.2458,18687.5319,-61.6222,1247,1247,0.00293352,-0.13859161,0.00938335,0.00293352,61.6222,21006.2458,OK,0.0000,-2.4649,4.0000,96.0000,AG03-UNRESOLVED,ALL5_LEVELS_bet23_to_bet27,-2.4649,-2.4649,-2.4649,-4.3136,-4.3136,4.000000,4.000000,4.000000,7.000000,7.000000,96.000000,96.000000,96.000000,93.000000,93.000000,5.0,-16.0218,-14.4684,-45.6004,-47.1538,PENDING_AG03,FALSE,NOT_FOR_ENFORCEMENT,-59.1573,17940.0307,-61.6222,-59.1573,-2.4649,-0.00293352,-0.00281618,-2.4649,-59.1573,-0.00281618,-2.4649,-2.4649,-2.4649,-4.3136,-4.3136,-59.1573,-0.00281618,-16.0218,-14.4684,-45.6004,-47.1538,-0.00217080,-0.00224475,-0.00011734,16.8454,14.9860,-0.0494,-0.6419,-0.0525,218.8151,12.9896,13.0801,17.0694,10.3857,11.0045,21.0062,31.5093,42.0124,42.1647,10.5412,0.0,3.81775,3.831594,1.530778,30,171,130,2,0.04358735,-0.00293352,0.13859161,0E-8,0.000000,0.889618,0.000000,-0.14797496,2026-03-22,2026-08-05,96,1173,774,137,0.700730,0.766291,0.776478,0.145291,,,,,,,,GLOBAL_BASELINE_NO_ENTITY_RANKING,,,NOT_APPLICABLE_GLOBAL_BASELINE,HF9g-P5,,,,X 全窗基线 · 不参与实体赏罚,3927410,393,A168_HF9F_20260827_0900,2026-08-27 09:00:00
2026-06-27,91797317,2103,0,10.3857258584,-10.3857258584,-10.3857258584,0E-7,1,1,0.49324550000000000,0.493245500000,-0.9865810262130424,-0.9865810262130424,-0.9865810262130424,0E-17,ELIGIBLE,R03b_20260811_FULL_v1,L1_ELIGIBILITY,v2026-08-11,2026-03-21..2026-08-06,baccarat_bet02_101_all_pairs_incl_sentinel,round_win = game_pnl > 0 (decisive only),COMPATIBILITY_ONLY_NOT_PRODUCTION,21006.2458,18687.5319,-61.6222,1247,1247,0.00293352,-0.13859161,0.00938335,0.00293352,61.6222,21006.2458,OK,0.0000,-2.4649,4.0000,96.0000,AG03-UNRESOLVED,ALL5_LEVELS_bet23_to_bet27,-2.4649,-2.4649,-2.4649,-4.3136,-4.3136,4.000000,4.000000,4.000000,7.000000,7.000000,96.000000,96.000000,96.000000,93.000000,93.000000,5.0,-16.0218,-14.4684,-45.6004,-47.1538,PENDING_AG03,FALSE,NOT_FOR_ENFORCEMENT,-59.1573,17940.0307,-61.6222,-59.1573,-2.4649,-0.00293352,-0.00281618,-2.4649,-59.1573,-0.00281618,-2.4649,-2.4649,-2.4649,-4.3136,-4.3136,-59.1573,-0.00281618,-16.0218,-14.4684,-45.6004,-47.1538,-0.00217080,-0.00224475,-0.00011734,16.8454,14.9860,-0.0494,-0.6419,-0.0525,218.8151,12.9896,13.0801,17.0694,10.3857,11.0045,21.0062,31.5093,42.0124,42.1647,10.5412,0.0,3.81775,3.831594,1.530778,30,171,130,2,0.04358735,-0.00293352,0.13859161,0E-8,0.000000,0.889618,0.000000,-0.14797496,2026-03-22,2026-08-05,96,1173,774,137,0.700730,0.766291,0.776478,0.145291,,,,,,,,GLOBAL_BASELINE_NO_ENTITY_RANKING,,,NOT_APPLICABLE_GLOBAL_BASELINE,HF9g-P5,,,,X 全窗基线 · 不参与实体赏罚,3927411,393,A168_HF9F_20260827_0900,2026-08-27 09:00:00
2026-06-27,91797317,2147,0,10.3857258584,-10.3857258584,-10.3857258584,0E-7,1,1,0.49324550000000000,0.493245500000,-0.9865810262130424,-0.9865810262130424,-0.9865810262130424,0E-17,ELIGIBLE,R03b_20260811_FULL_v1,L1_ELIGIBILITY,v2026-08-11,2026-03-21..2026-08-06,baccarat_bet02_101_all_pairs_incl_sentinel,round_win = game_pnl > 0 (decisive only),COMPATIBILITY_ONLY_NOT_PRODUCTION,21006.2458,18687.5319,-61.6222,1247,1247,0.00293352,-0.13859161,0.00938335,0.00293352,61.6222,21006.2458,OK,0.0000,-2.4649,4.0000,96.0000,AG03-UNRESOLVED,ALL5_LEVELS_bet23_to_bet27,-2.4649,-2.4649,-2.4649,-4.3136,-4.3136,4.000000,4.000000,4.000000,7.000000,7.000000,96.000000,96.000000,96.000000,93.000000,93.000000,5.0,-16.0218,-14.4684,-45.6004,-47.1538,PENDING_AG03,FALSE,NOT_FOR_ENFORCEMENT,-59.1573,17940.0307,-61.6222,-59.1573,-2.4649,-0.00293352,-0.00281618,-2.4649,-59.1573,-0.00281618,-2.4649,-2.4649,-2.4649,-4.3136,-4.3136,-59.1573,-0.00281618,-16.0218,-14.4684,-45.6004,-47.1538,-0.00217080,-0.00224475,-0.00011734,16.8454,14.9860,-0.0494,-0.6419,-0.0525,218.8151,12.9896,13.0801,17.0694,10.3857,11.0045,21.0062,31.5093,42.0124,42.1647,10.5412,0.0,3.81775,3.831594,1.530778,30,171,130,2,0.04358735,-0.00293352,0.13859161,0E-8,0.000000,0.889618,0.000000,-0.14797496,2026-03-22,2026-08-05,96,1173,774,137,0.700730,0.766291,0.776478,0.145291,,,,,,,,GLOBAL_BASELINE_NO_ENTITY_RANKING,,,NOT_APPLICABLE_GLOBAL_BASELINE,HF9g-P5,,,,X 全窗基线 · 不参与实体赏罚,3927412,393,A168_HF9F_20260827_0900,2026-08-27 09:00:00
2026-06-27,91797317,2220,0,10.3857258584,10.3857258584,10.3857258584,1.0000000,1,1,0.49324550000000000,0.493245500000,1.01360149184955,1.01360149184955,1.01360149184955,0E-17,ELIGIBLE,R03b_20260811_FULL_v1,L1_ELIGIBILITY,v2026-08-11,2026-03-21..2026-08-06,baccarat_bet02_101_all_pairs_incl_sentinel,round_win = game_pnl > 0 (decisive only),COMPATIBILITY_ONLY_NOT_PRODUCTION,21006.2458,18687.5319,-61.6222,1247,1247,0.00293352,-0.13859161,0.00938335,0.00293352,61.6222,21006.2458,OK,0.0000,-2.4649,4.0000,96.0000,AG03-UNRESOLVED,ALL5_LEVELS_bet23_to_bet27,-2.4649,-2.4649,-2.4649,-4.3136,-4.3136,4.000000,4.000000,4.000000,7.000000,7.000000,96.000000,96.000000,96.000000,93.000000,93.000000,5.0,-16.0218,-14.4684,-45.6004,-47.1538,PENDING_AG03,FALSE,NOT_FOR_ENFORCEMENT,-59.1573,17940.0307,-61.6222,-59.1573,-2.4649,-0.00293352,-0.00281618,-2.4649,-59.1573,-0.00281618,-2.4649,-2.4649,-2.4649,-4.3136,-4.3136,-59.1573,-0.00281618,-16.0218,-14.4684,-45.6004,-47.1538,-0.00217080,-0.00224475,-0.00011734,16.8454,14.9860,-0.0494,-0.6419,-0.0525,218.8151,12.9896,13.0801,17.0694,10.3857,11.0045,21.0062,31.5093,42.0124,42.1647,10.5412,0.0,3.81775,3.831594,1.530778,30,171,130,2,0.04358735,-0.00293352,0.13859161,0E-8,0.000000,0.889618,0.000000,-0.14797496,2026-03-22,2026-08-05,96,1173,774,137,0.700730,0.766291,0.776478,0.145291,,,,,,,,GLOBAL_BASELINE_NO_ENTITY_RANKING,,,NOT_APPLICABLE_GLOBAL_BASELINE,HF9g-P5,,,,X 全窗基线 · 不参与实体赏罚,3927413,393,A168_HF9F_20260827_0900,2026-08-27 09:00:00
2026-06-27,91797317,2276,0,10.3857258584,10.3857258584,10.3857258584,1.0000000,1,1,0.49324550000000000,0.493245500000,1.01360149184955,1.01360149184955,1.01360149184955,0E-17,ELIGIBLE,R03b_20260811_FULL_v1,L1_ELIGIBILITY,v2026-08-11,2026-03-21..2026-08-06,baccarat_bet02_101_all_pairs_incl_sentinel,round_win = game_pnl > 0 (decisive only),COMPATIBILITY_ONLY_NOT_PRODUCTION,21006.2458,18687.5319,-61.6222,1247,1247,0.00293352,-0.13859161,0.00938335,0.00293352,61.6222,21006.2458,OK,0.0000,-2.4649,4.0000,96.0000,AG03-UNRESOLVED,ALL5_LEVELS_bet23_to_bet27,-2.4649,-2.4649,-2.4649,-4.3136,-4.3136,4.000000,4.000000,4.000000,7.000000,7.000000,96.000000,96.000000,96.000000,93.000000,93.000000,5.0,-16.0218,-14.4684,-45.6004,-47.1538,PENDING_AG03,FALSE,NOT_FOR_ENFORCEMENT,-59.1573,17940.0307,-61.6222,-59.1573,-2.4649,-0.00293352,-0.00281618,-2.4649,-59.1573,-0.00281618,-2.4649,-2.4649,-2.4649,-4.3136,-4.3136,-59.1573,-0.00281618,-16.0218,-14.4684,-45.6004,-47.1538,-0.00217080,-0.00224475,-0.00011734,16.8454,14.9860,-0.0494,-0.6419,-0.0525,218.8151,12.9896,13.0801,17.0694,10.3857,11.0045,21.0062,31.5093,42.0124,42.1647,10.5412,0.0,3.81775,3.831594,1.530778,30,171,130,2,0.04358735,-0.00293352,0.13859161,0E-8,0.000000,0.889618,0.000000,-0.14797496,2026-03-22,2026-08-05,96,1173,774,137,0.700730,0.766291,0.776478,0.145291,,,,,,,,GLOBAL_BASELINE_NO_ENTITY_RANKING,,,NOT_APPLICABLE_GLOBAL_BASELINE,HF9g-P5,,,,X 全窗基线 · 不参与实体赏罚,3927414,393,A168_HF9F_20260827_0900,2026-08-27 09:00:00
2026-06-27,91797317,2287,0,10.3857258584,10.3857258584,10.3857258584,1.0000000,1,1,0.49324550000000000,0.493245500000,1.01360149184955,1.01360149184955,1.01360149184955,0E-17,ELIGIBLE,R03b_20260811_FULL_v1,L1_ELIGIBILITY,v2026-08-11,2026-03-21..2026-08-06,baccarat_bet02_101_all_pairs_incl_sentinel,round_win = game_pnl > 0 (decisive only),COMPATIBILITY_ONLY_NOT_PRODUCTION,21006.2458,18687.5319,-61.6222,1247,1247,0.00293352,-0.13859161,0.00938335,0.00293352,61.6222,21006.2458,OK,0.0000,-2.4649,4.0000,96.0000,AG03-UNRESOLVED,ALL5_LEVELS_bet23_to_bet27,-2.4649,-2.4649,-2.4649,-4.3136,-4.3136,4.000000,4.000000,4.000000,7.000000,7.000000,96.000000,96.000000,96.000000,93.000000,93.000000,5.0,-16.0218,-14.4684,-45.6004,-47.1538,PENDING_AG03,FALSE,NOT_FOR_ENFORCEMENT,-59.1573,17940.0307,-61.6222,-59.1573,-2.4649,-0.00293352,-0.00281618,-2.4649,-59.1573,-0.00281618,-2.4649,-2.4649,-2.4649,-4.3136,-4.3136,-59.1573,-0.00281618,-16.0218,-14.4684,-45.6004,-47.1538,-0.00217080,-0.00224475,-0.00011734,16.8454,14.9860,-0.0494,-0.6419,-0.0525,218.8151,12.9896,13.0801,17.0694,10.3857,11.0045,21.0062,31.5093,42.0124,42.1647,10.5412,0.0,3.81775,3.831594,1.530778,30,171,130,2,0.04358735,-0.00293352,0.13859161,0E-8,0.000000,0.889618,0.000000,-0.14797496,2026-03-22,2026-08-05,96,1173,774,137,0.700730,0.766291,0.776478,0.145291,,,,,,,,GLOBAL_BASELINE_NO_ENTITY_RANKING,,,NOT_APPLICABLE_GLOBAL_BASELINE,HF9g-P5,,,,X 全窗基线 · 不参与实体赏罚,3927415,393,A168_HF9F_20260827_0900,2026-08-27 09:00:00
2026-06-27,91797317,763,0,41.5429034336,-41.5429034336,-41.5429034336,0E-7,2,2,0.49324550000000000,0.493245500000,-1.3952362676504506,-1.3952362676504506,-1.3952362676504506,0E-17,ELIGIBLE,R03b_20260811_FULL_v1,L1_ELIGIBILITY,v2026-08-11,2026-03-21..2026-08-06,baccarat_bet02_101_all_pairs_incl_sentinel,round_win = game_pnl > 0 (decisive only),COMPATIBILITY_ONLY_NOT_PRODUCTION,21006.2458,18687.5319,-61.6222,1247,1247,0.00293352,-0.13859161,0.00938335,0.00293352,61.6222,21006.2458,OK,0.0000,-2.4649,4.0000,96.0000,AG03-UNRESOLVED,ALL5_LEVELS_bet23_to_bet27,-2.4649,-2.4649,-2.4649,-4.3136,-4.3136,4.000000,4.000000,4.000000,7.000000,7.000000,96.000000,96.000000,96.000000,93.000000,93.000000,5.0,-16.0218,-14.4684,-45.6004,-47.1538,PENDING_AG03,FALSE,NOT_FOR_ENFORCEMENT,-59.1573,17940.0307,-61.6222,-59.1573,-2.4649,-0.00293352,-0.00281618,-2.4649,-59.1573,-0.00281618,-2.4649,-2.4649,-2.4649,-4.3136,-4.3136,-59.1573,-0.00281618,-16.0218,-14.4684,-45.6004,-47.1538,-0.00217080,-0.00224475,-0.00011734,16.8454,14.9860,-0.0494,-0.6419,-0.0525,218.8151,12.9896,13.0801,17.0694,10.3857,11.0045,21.0062,31.5093,42.0124,42.1647,10.5412,0.0,3.81775,3.831594,1.530778,30,171,130,2,0.04358735,-0.00293352,0.13859161,0E-8,0.000000,0.889618,0.000000,-0.14797496,2026-03-22,2026-08-05,96,1173,774,137,0.700730,0.766291,0.776478,0.145291,,,,,,,,GLOBAL_BASELINE_NO_ENTITY_RANKING,,,NOT_APPLICABLE_GLOBAL_BASELINE,HF9g-P5,,,,X 全窗基线 · 不参与实体赏罚,3927416,393,A168_HF9F_20260827_0900,2026-08-27 09:00:00
2026-06-27,91797317,772,0,10.3857258584,10.3857258584,10.3857258584,1.0000000,1,1,0.49324550000000000,0.493245500000,1.01360149184955,1.01360149184955,1.01360149184955,0E-17,ELIGIBLE,R03b_20260811_FULL_v1,L1_ELIGIBILITY,v2026-08-11,2026-03-21..2026-08-06,baccarat_bet02_101_all_pairs_incl_sentinel,round_win = game_pnl > 0 (decisive only),COMPATIBILITY_ONLY_NOT_PRODUCTION,21006.2458,18687.5319,-61.6222,1247,1247,0.00293352,-0.13859161,0.00938335,0.00293352,61.6222,21006.2458,OK,0.0000,-2.4649,4.0000,96.0000,AG03-UNRESOLVED,ALL5_LEVELS_bet23_to_bet27,-2.4649,-2.4649,-2.4649,-4.3136,-4.3136,4.000000,4.000000,4.000000,7.000000,7.000000,96.000000,96.000000,96.000000,93.000000,93.000000,5.0,-16.0218,-14.4684,-45.6004,-47.1538,PENDING_AG03,FALSE,NOT_FOR_ENFORCEMENT,-59.1573,17940.0307,-61.6222,-59.1573,-2.4649,-0.00293352,-0.00281618,-2.4649,-59.1573,-0.00281618,-2.4649,-2.4649,-2.4649,-4.3136,-4.3136,-59.1573,-0.00281618,-16.0218,-14.4684,-45.6004,-47.1538,-0.00217080,-0.00224475,-0.00011734,16.8454,14.9860,-0.0494,-0.6419,-0.0525,218.8151,12.9896,13.0801,17.0694,10.3857,11.0045,21.0062,31.5093,42.0124,42.1647,10.5412,0.0,3.81775,3.831594,1.530778,30,171,130,2,0.04358735,-0.00293352,0.13859161,0E-8,0.000000,0.889618,0.000000,-0.14797496,2026-03-22,2026-08-05,96,1173,774,137,0.700730,0.766291,0.776478,0.145291,,,,,,,,GLOBAL_BASELINE_NO_ENTITY_RANKING,,,NOT_APPLICABLE_GLOBAL_BASELINE,HF9g-P5,,,,X 全窗基线 · 不参与实体赏罚,3927417,393,A168_HF9F_20260827_0900,2026-08-27 09:00:00
2026-06-27,91797317,919,0,20.7714517168,20.7714517168,20.7714517168,1.0000000,1,1,0.49324550000000000,0.493245500000,1.01360149184955,1.01360149184955,1.01360149184955,0E-17,ELIGIBLE,R03b_20260811_FULL_v1,L1_ELIGIBILITY,v2026-08-11,2026-03-21..2026-08-06,baccarat_bet02_101_all_pairs_incl_sentinel,round_win = game_pnl > 0 (decisive only),COMPATIBILITY_ONLY_NOT_PRODUCTION,21006.2458,18687.5319,-61.6222,1247,1247,0.00293352,-0.13859161,0.00938335,0.00293352,61.6222,21006.2458,OK,0.0000,-2.4649,4.0000,96.0000,AG03-UNRESOLVED,ALL5_LEVELS_bet23_to_bet27,-2.4649,-2.4649,-2.4649,-4.3136,-4.3136,4.000000,4.000000,4.000000,7.000000,7.000000,96.000000,96.000000,96.000000,93.000000,93.000000,5.0,-16.0218,-14.4684,-45.6004,-47.1538,PENDING_AG03,FALSE,NOT_FOR_ENFORCEMENT,-59.1573,17940.0307,-61.6222,-59.1573,-2.4649,-0.00293352,-0.00281618,-2.4649,-59.1573,-0.00281618,-2.4649,-2.4649,-2.4649,-4.3136,-4.3136,-59.1573,-0.00281618,-16.0218,-14.4684,-45.6004,-47.1538,-0.00217080,-0.00224475,-0.00011734,16.8454,14.9860,-0.0494,-0.6419,-0.0525,218.8151,12.9896,13.0801,17.0694,10.3857,11.0045,21.0062,31.5093,42.0124,42.1647,10.5412,0.0,3.81775,3.831594,1.530778,30,171,130,2,0.04358735,-0.00293352,0.13859161,0E-8,0.000000,0.889618,0.000000,-0.14797496,2026-03-22,2026-08-05,96,1173,774,137,0.700730,0.766291,0.776478,0.145291,,,,,,,,GLOBAL_BASELINE_NO_ENTITY_RANKING,,,NOT_APPLICABLE_GLOBAL_BASELINE,HF9g-P5,,,,X 全窗基线 · 不参与实体赏罚,3927418,393,A168_HF9F_20260827_0900,2026-08-27 09:00:00
2026-06-28,91797317,-1,1,20.7714517168,0E-10,0E-10,0.5000000,2,2,0.49324550000000000,0.493245500000,0.01910635448239258,0.01910635448239258,0.01910635448239258,0E-17,SENTINEL_DEALER,R03b_20260811_FULL_v1,L1_ELIGIBILITY,v2026-08-11,2026-03-21..2026-08-06,baccarat_bet02_101_all_pairs_incl_sentinel,round_win = game_pnl > 0 (decisive only),COMPATIBILITY_ONLY_NOT_PRODUCTION,21006.2458,18687.5319,-61.6222,1247,1247,0.00293352,-0.13859161,0.00938335,0.00293352,61.6222,21006.2458,OK,0.0000,-2.4649,4.0000,96.0000,AG03-UNRESOLVED,ALL5_LEVELS_bet23_to_bet27,-2.4649,-2.4649,-2.4649,-4.3136,-4.3136,4.000000,4.000000,4.000000,7.000000,7.000000,96.000000,96.000000,96.000000,93.000000,93.000000,5.0,-16.0218,-14.4684,-45.6004,-47.1538,PENDING_AG03,FALSE,NOT_FOR_ENFORCEMENT,-59.1573,17940.0307,-61.6222,-59.1573,-2.4649,-0.00293352,-0.00281618,-2.4649,-59.1573,-0.00281618,-2.4649,-2.4649,-2.4649,-4.3136,-4.3136,-59.1573,-0.00281618,-16.0218,-14.4684,-45.6004,-47.1538,-0.00217080,-0.00224475,-0.00011734,16.8454,14.9860,-0.0494,-0.6419,-0.0525,218.8151,12.9896,13.0801,17.0694,10.3857,11.0045,21.0062,31.5093,42.0124,42.1647,10.5412,0.0,3.81775,3.831594,1.530778,30,171,130,2,0.04358735,-0.00293352,0.13859161,0E-8,0.000000,0.889618,0.000000,-0.14797496,2026-03-22,2026-08-05,96,1173,774,137,0.700730,0.766291,0.776478,0.145291,,,,,,,,GLOBAL_BASELINE_NO_ENTITY_RANKING,,,NOT_APPLICABLE_GLOBAL_BASELINE,HF9g-P5,,,,X 全窗基线 · 不参与实体赏罚,3927419,393,A168_HF9F_20260827_0900,2026-08-27 09:00:00
2026-06-28,91797317,2164,0,10.3857258584,10.3857258584,10.3857258584,1.0000000,1,1,0.49324550000000000,0.493245500000,1.01360149184955,1.01360149184955,1.01360149184955,0E-17,ELIGIBLE,R03b_20260811_FULL_v1,L1_ELIGIBILITY,v2026-08-11,2026-03-21..2026-08-06,baccarat_bet02_101_all_pairs_incl_sentinel,round_win = game_pnl > 0 (decisive only),COMPATIBILITY_ONLY_NOT_PRODUCTION,21006.2458,18687.5319,-61.6222,1247,1247,0.00293352,-0.13859161,0.00938335,0.00293352,61.6222,21006.2458,OK,0.0000,-2.4649,4.0000,96.0000,AG03-UNRESOLVED,ALL5_LEVELS_bet23_to_bet27,-2.4649,-2.4649,-2.4649,-4.3136,-4.3136,4.000000,4.000000,4.000000,7.000000,7.000000,96.000000,96.000000,96.000000,93.000000,93.000000,5.0,-16.0218,-14.4684,-45.6004,-47.1538,PENDING_AG03,FALSE,NOT_FOR_ENFORCEMENT,-59.1573,17940.0307,-61.6222,-59.1573,-2.4649,-0.00293352,-0.00281618,-2.4649,-59.1573,-0.00281618,-2.4649,-2.4649,-2.4649,-4.3136,-4.3136,-59.1573,-0.00281618,-16.0218,-14.4684,-45.6004,-47.1538,-0.00217080,-0.00224475,-0.00011734,16.8454,14.9860,-0.0494,-0.6419,-0.0525,218.8151,12.9896,13.0801,17.0694,10.3857,11.0045,21.0062,31.5093,42.0124,42.1647,10.5412,0.0,3.81775,3.831594,1.530778,30,171,130,2,0.04358735,-0.00293352,0.13859161,0E-8,0.000000,0.889618,0.000000,-0.14797496,2026-03-22,2026-08-05,96,1173,774,137,0.700730,0.766291,0.776478,0.145291,,,,,,,,GLOBAL_BASELINE_NO_ENTITY_RANKING,,,NOT_APPLICABLE_GLOBAL_BASELINE,HF9g-P5,,,,X 全窗基线 · 不参与实体赏罚,3927420,393,A168_HF9F_20260827_0900,2026-08-27 09:00:00
2026-06-28,91797317,2167,0,20.7714517168,-20.7714517168,-20.7714517168,0E-7,1,1,0.49324550000000000,0.493245500000,-0.9865810262130424,-0.9865810262130424,-0.9865810262130424,0E-17,ELIGIBLE,R03b_20260811_FULL_v1,L1_ELIGIBILITY,v2026-08-11,2026-03-21..2026-08-06,baccarat_bet02_101_all_pairs_incl_sentinel,round_win = game_pnl > 0 (decisive only),COMPATIBILITY_ONLY_NOT_PRODUCTION,21006.2458,18687.5319,-61.6222,1247,1247,0.00293352,-0.13859161,0.00938335,0.00293352,61.6222,21006.2458,OK,0.0000,-2.4649,4.0000,96.0000,AG03-UNRESOLVED,ALL5_LEVELS_bet23_to_bet27,-2.4649,-2.4649,-2.4649,-4.3136,-4.3136,4.000000,4.000000,4.000000,7.000000,7.000000,96.000000,96.000000,96.000000,93.000000,93.000000,5.0,-16.0218,-14.4684,-45.6004,-47.1538,PENDING_AG03,FALSE,NOT_FOR_ENFORCEMENT,-59.1573,17940.0307,-61.6222,-59.1573,-2.4649,-0.00293352,-0.00281618,-2.4649,-59.1573,-0.00281618,-2.4649,-2.4649,-2.4649,-4.3136,-4.3136,-59.1573,-0.00281618,-16.0218,-14.4684,-45.6004,-47.1538,-0.00217080,-0.00224475,-0.00011734,16.8454,14.9860,-0.0494,-0.6419,-0.0525,218.8151,12.9896,13.0801,17.0694,10.3857,11.0045,21.0062,31.5093,42.0124,42.1647,10.5412,0.0,3.81775,3.831594,1.530778,30,171,130,2,0.04358735,-0.00293352,0.13859161,0E-8,0.000000,0.889618,0.000000,-0.14797496,2026-03-22,2026-08-05,96,1173,774,137,0.700730,0.766291,0.776478,0.145291,,,,,,,,GLOBAL_BASELINE_NO_ENTITY_RANKING,,,NOT_APPLICABLE_GLOBAL_BASELINE,HF9g-P5,,,,X 全窗基线 · 不参与实体赏罚,3927421,393,A168_HF9F_20260827_0900,2026-08-27 09:00:00
2026-06-28,91797317,2196,0,20.7714517168,-20.7714517168,-20.7714517168,0E-7,1,1,0.49324550000000000,0.493245500000,-0.9865810262130424,-0.9865810262130424,-0.9865810262130424,0E-17,ELIGIBLE,R03b_20260811_FULL_v1,L1_ELIGIBILITY,v2026-08-11,2026-03-21..2026-08-06,baccarat_bet02_101_all_pairs_incl_sentinel,round_win = game_pnl > 0 (decisive only),COMPATIBILITY_ONLY_NOT_PRODUCTION,21006.2458,18687.5319,-61.6222,1247,1247,0.00293352,-0.13859161,0.00938335,0.00293352,61.6222,21006.2458,OK,0.0000,-2.4649,4.0000,96.0000,AG03-UNRESOLVED,ALL5_LEVELS_bet23_to_bet27,-2.4649,-2.4649,-2.4649,-4.3136,-4.3136,4.000000,4.000000,4.000000,7.000000,7.000000,96.000000,96.000000,96.000000,93.000000,93.000000,5.0,-16.0218,-14.4684,-45.6004,-47.1538,PENDING_AG03,FALSE,NOT_FOR_ENFORCEMENT,-59.1573,17940.0307,-61.6222,-59.1573,-2.4649,-0.00293352,-0.00281618,-2.4649,-59.1573,-0.00281618,-2.4649,-2.4649,-2.4649,-4.3136,-4.3136,-59.1573,-0.00281618,-16.0218,-14.4684,-45.6004,-47.1538,-0.00217080,-0.00224475,-0.00011734,16.8454,14.9860,-0.0494,-0.6419,-0.0525,218.8151,12.9896,13.0801,17.0694,10.3857,11.0045,21.0062,31.5093,42.0124,42.1647,10.5412,0.0,3.81775,3.831594,1.530778,30,171,130,2,0.04358735,-0.00293352,0.13859161,0E-8,0.000000,0.889618,0.000000,-0.14797496,2026-03-22,2026-08-05,96,1173,774,137,0.700730,0.766291,0.776478,0.145291,,,,,,,,GLOBAL_BASELINE_NO_ENTITY_RANKING,,,NOT_APPLICABLE_GLOBAL_BASELINE,HF9g-P5,,,,X 全窗基线 · 不参与实体赏罚,3927422,393,A168_HF9F_20260827_0900,2026-08-27 09:00:00
2026-06-28,91797317,2224,0,20.7714517168,0E-10,0E-10,,1,1,0.49324550000000000,0.493245500000,,,,0E-17,NO_DECISIVE_ROUND,R03b_20260811_FULL_v1,L1_ELIGIBILITY,v2026-08-11,2026-03-21..2026-08-06,baccarat_bet02_101_all_pairs_incl_sentinel,round_win = game_pnl > 0 (decisive only),COMPATIBILITY_ONLY_NOT_PRODUCTION,21006.2458,18687.5319,-61.6222,1247,1247,0.00293352,-0.13859161,0.00938335,0.00293352,61.6222,21006.2458,OK,0.0000,-2.4649,4.0000,96.0000,AG03-UNRESOLVED,ALL5_LEVELS_bet23_to_bet27,-2.4649,-2.4649,-2.4649,-4.3136,-4.3136,4.000000,4.000000,4.000000,7.000000,7.000000,96.000000,96.000000,96.000000,93.000000,93.000000,5.0,-16.0218,-14.4684,-45.6004,-47.1538,PENDING_AG03,FALSE,NOT_FOR_ENFORCEMENT,-59.1573,17940.0307,-61.6222,-59.1573,-2.4649,-0.00293352,-0.00281618,-2.4649,-59.1573,-0.00281618,-2.4649,-2.4649,-2.4649,-4.3136,-4.3136,-59.1573,-0.00281618,-16.0218,-14.4684,-45.6004,-47.1538,-0.00217080,-0.00224475,-0.00011734,16.8454,14.9860,-0.0494,-0.6419,-0.0525,218.8151,12.9896,13.0801,17.0694,10.3857,11.0045,21.0062,31.5093,42.0124,42.1647,10.5412,0.0,3.81775,3.831594,1.530778,30,171,130,2,0.04358735,-0.00293352,0.13859161,0E-8,0.000000,0.889618,0.000000,-0.14797496,2026-03-22,2026-08-05,96,1173,774,137,0.700730,0.766291,0.776478,0.145291,,,,,,,,GLOBAL_BASELINE_NO_ENTITY_RANKING,,,NOT_APPLICABLE_GLOBAL_BASELINE,HF9g-P5,,,,X 全窗基线 · 不参与实体赏罚,3927423,393,A168_HF9F_20260827_0900,2026-08-27 09:00:00
2026-06-28,91797317,2276,0,31.1571775752,31.1571775752,31.1571775752,1.0000000,2,2,0.49324550000000000,0.493245500000,1.4334489766152358,1.4334489766152358,1.4334489766152358,0E-17,ELIGIBLE,R03b_20260811_FULL_v1,L1_ELIGIBILITY,v2026-08-11,2026-03-21..2026-08-06,baccarat_bet02_101_all_pairs_incl_sentinel,round_win = game_pnl > 0 (decisive only),COMPATIBILITY_ONLY_NOT_PRODUCTION,21006.2458,18687.5319,-61.6222,1247,1247,0.00293352,-0.13859161,0.00938335,0.00293352,61.6222,21006.2458,OK,0.0000,-2.4649,4.0000,96.0000,AG03-UNRESOLVED,ALL5_LEVELS_bet23_to_bet27,-2.4649,-2.4649,-2.4649,-4.3136,-4.3136,4.000000,4.000000,4.000000,7.000000,7.000000,96.000000,96.000000,96.000000,93.000000,93.000000,5.0,-16.0218,-14.4684,-45.6004,-47.1538,PENDING_AG03,FALSE,NOT_FOR_ENFORCEMENT,-59.1573,17940.0307,-61.6222,-59.1573,-2.4649,-0.00293352,-0.00281618,-2.4649,-59.1573,-0.00281618,-2.4649,-2.4649,-2.4649,-4.3136,-4.3136,-59.1573,-0.00281618,-16.0218,-14.4684,-45.6004,-47.1538,-0.00217080,-0.00224475,-0.00011734,16.8454,14.9860,-0.0494,-0.6419,-0.0525,218.8151,12.9896,13.0801,17.0694,10.3857,11.0045,21.0062,31.5093,42.0124,42.1647,10.5412,0.0,3.81775,3.831594,1.530778,30,171,130,2,0.04358735,-0.00293352,0.13859161,0E-8,0.000000,0.889618,0.000000,-0.14797496,2026-03-22,2026-08-05,96,1173,774,137,0.700730,0.766291,0.776478,0.145291,,,,,,,,GLOBAL_BASELINE_NO_ENTITY_RANKING,,,NOT_APPLICABLE_GLOBAL_BASELINE,HF9g-P5,,,,X 全窗基线 · 不参与实体赏罚,3927424,393,A168_HF9F_20260827_0900,2026-08-27 09:00:00
2026-06-28,91797317,2281,0,41.5429034335,-41.5429034335,-41.5429034335,0E-7,1,1,0.49324550000000000,0.493245500000,-0.9865810262130424,-0.9865810262130424,-0.9865810262130424,0E-17,ELIGIBLE,R03b_20260811_FULL_v1,L1_ELIGIBILITY,v2026-08-11,2026-03-21..2026-08-06,baccarat_bet02_101_all_pairs_incl_sentinel,round_win = game_pnl > 0 (decisive only),COMPATIBILITY_ONLY_NOT_PRODUCTION,21006.2458,18687.5319,-61.6222,1247,1247,0.00293352,-0.13859161,0.00938335,0.00293352,61.6222,21006.2458,OK,0.0000,-2.4649,4.0000,96.0000,AG03-UNRESOLVED,ALL5_LEVELS_bet23_to_bet27,-2.4649,-2.4649,-2.4649,-4.3136,-4.3136,4.000000,4.000000,4.000000,7.000000,7.000000,96.000000,96.000000,96.000000,93.000000,93.000000,5.0,-16.0218,-14.4684,-45.6004,-47.1538,PENDING_AG03,FALSE,NOT_FOR_ENFORCEMENT,-59.1573,17940.0307,-61.6222,-59.1573,-2.4649,-0.00293352,-0.00281618,-2.4649,-59.1573,-0.00281618,-2.4649,-2.4649,-2.4649,-4.3136,-4.3136,-59.1573,-0.00281618,-16.0218,-14.4684,-45.6004,-47.1538,-0.00217080,-0.00224475,-0.00011734,16.8454,14.9860,-0.0494,-0.6419,-0.0525,218.8151,12.9896,13.0801,17.0694,10.3857,11.0045,21.0062,31.5093,42.0124,42.1647,10.5412,0.0,3.81775,3.831594,1.530778,30,171,130,2,0.04358735,-0.00293352,0.13859161,0E-8,0.000000,0.889618,0.000000,-0.14797496,2026-03-22,2026-08-05,96,1173,774,137,0.700730,0.766291,0.776478,0.145291,,,,,,,,GLOBAL_BASELINE_NO_ENTITY_RANKING,,,NOT_APPLICABLE_GLOBAL_BASELINE,HF9g-P5,,,,X 全窗基线 · 不参与实体赏罚,3927425,393,A168_HF9F_20260827_0900,2026-08-27 09:00:00
2026-06-28,91797317,986,0,20.7714517168,20.7714517168,20.7714517168,1.0000000,1,1,0.49324550000000000,0.493245500000,1.01360149184955,1.01360149184955,1.01360149184955,0E-17,ELIGIBLE,R03b_20260811_FULL_v1,L1_ELIGIBILITY,v2026-08-11,2026-03-21..2026-08-06,baccarat_bet02_101_all_pairs_incl_sentinel,round_win = game_pnl > 0 (decisive only),COMPATIBILITY_ONLY_NOT_PRODUCTION,21006.2458,18687.5319,-61.6222,1247,1247,0.00293352,-0.13859161,0.00938335,0.00293352,61.6222,21006.2458,OK,0.0000,-2.4649,4.0000,96.0000,AG03-UNRESOLVED,ALL5_LEVELS_bet23_to_bet27,-2.4649,-2.4649,-2.4649,-4.3136,-4.3136,4.000000,4.000000,4.000000,7.000000,7.000000,96.000000,96.000000,96.000000,93.000000,93.000000,5.0,-16.0218,-14.4684,-45.6004,-47.1538,PENDING_AG03,FALSE,NOT_FOR_ENFORCEMENT,-59.1573,17940.0307,-61.6222,-59.1573,-2.4649,-0.00293352,-0.00281618,-2.4649,-59.1573,-0.00281618,-2.4649,-2.4649,-2.4649,-4.3136,-4.3136,-59.1573,-0.00281618,-16.0218,-14.4684,-45.6004,-47.1538,-0.00217080,-0.00224475,-0.00011734,16.8454,14.9860,-0.0494,-0.6419,-0.0525,218.8151,12.9896,13.0801,17.0694,10.3857,11.0045,21.0062,31.5093,42.0124,42.1647,10.5412,0.0,3.81775,3.831594,1.530778,30,171,130,2,0.04358735,-0.00293352,0.13859161,0E-8,0.000000,0.889618,0.000000,-0.14797496,2026-03-22,2026-08-05,96,1173,774,137,0.700730,0.766291,0.776478,0.145291,,,,,,,,GLOBAL_BASELINE_NO_ENTITY_RANKING,,,NOT_APPLICABLE_GLOBAL_BASELINE,HF9g-P5,,,,X 全窗基线 · 不参与实体赏罚,3927426,393,A168_HF9F_20260827_0900,2026-08-27 09:00:00
2026-06-29,91797317,-1,1,114.2429844424,-20.7714517168,-20.7714517168,0.4285714,8,8,0.49324550000000000,0.493245500000,-0.3422542494892156,-0.3422542494892157,-0.3422542494892156,0E-17,SENTINEL_DEALER,R03b_20260811_FULL_v1,L1_ELIGIBILITY,v2026-08-11,2026-03-21..2026-08-06,baccarat_bet02_101_all_pairs_incl_sentinel,round_win = game_pnl > 0 (decisive only),COMPATIBILITY_ONLY_NOT_PRODUCTION,21006.2458,18687.5319,-61.6222,1247,1247,0.00293352,-0.13859161,0.00938335,0.00293352,61.6222,21006.2458,OK,0.0000,-2.4649,4.0000,96.0000,AG03-UNRESOLVED,ALL5_LEVELS_bet23_to_bet27,-2.4649,-2.4649,-2.4649,-4.3136,-4.3136,4.000000,4.000000,4.000000,7.000000,7.000000,96.000000,96.000000,96.000000,93.000000,93.000000,5.0,-16.0218,-14.4684,-45.6004,-47.1538,PENDING_AG03,FALSE,NOT_FOR_ENFORCEMENT,-59.1573,17940.0307,-61.6222,-59.1573,-2.4649,-0.00293352,-0.00281618,-2.4649,-59.1573,-0.00281618,-2.4649,-2.4649,-2.4649,-4.3136,-4.3136,-59.1573,-0.00281618,-16.0218,-14.4684,-45.6004,-47.1538,-0.00217080,-0.00224475,-0.00011734,16.8454,14.9860,-0.0494,-0.6419,-0.0525,218.8151,12.9896,13.0801,17.0694,10.3857,11.0045,21.0062,31.5093,42.0124,42.1647,10.5412,0.0,3.81775,3.831594,1.530778,30,171,130,2,0.04358735,-0.00293352,0.13859161,0E-8,0.000000,0.889618,0.000000,-0.14797496,2026-03-22,2026-08-05,96,1173,774,137,0.700730,0.766291,0.776478,0.145291,,,,,,,,GLOBAL_BASELINE_NO_ENTITY_RANKING,,,NOT_APPLICABLE_GLOBAL_BASELINE,HF9g-P5,,,,X 全窗基线 · 不参与实体赏罚,3927427,393,A168_HF9F_20260827_0900,2026-08-27 09:00:00
2026-06-29,91797317,2103,0,20.7714517168,-20.7714517168,-20.7714517168,0E-7,1,1,0.49324550000000000,0.493245500000,-0.9865810262130424,-0.9865810262130424,-0.9865810262130424,0E-17,ELIGIBLE,R03b_20260811_FULL_v1,L1_ELIGIBILITY,v2026-08-11,2026-03-21..2026-08-06,baccarat_bet02_101_all_pairs_incl_sentinel,round_win = game_pnl > 0 (decisive only),COMPATIBILITY_ONLY_NOT_PRODUCTION,21006.2458,18687.5319,-61.6222,1247,1247,0.00293352,-0.13859161,0.00938335,0.00293352,61.6222,21006.2458,OK,0.0000,-2.4649,4.0000,96.0000,AG03-UNRESOLVED,ALL5_LEVELS_bet23_to_bet27,-2.4649,-2.4649,-2.4649,-4.3136,-4.3136,4.000000,4.000000,4.000000,7.000000,7.000000,96.000000,96.000000,96.000000,93.000000,93.000000,5.0,-16.0218,-14.4684,-45.6004,-47.1538,PENDING_AG03,FALSE,NOT_FOR_ENFORCEMENT,-59.1573,17940.0307,-61.6222,-59.1573,-2.4649,-0.00293352,-0.00281618,-2.4649,-59.1573,-0.00281618,-2.4649,-2.4649,-2.4649,-4.3136,-4.3136,-59.1573,-0.00281618,-16.0218,-14.4684,-45.6004,-47.1538,-0.00217080,-0.00224475,-0.00011734,16.8454,14.9860,-0.0494,-0.6419,-0.0525,218.8151,12.9896,13.0801,17.0694,10.3857,11.0045,21.0062,31.5093,42.0124,42.1647,10.5412,0.0,3.81775,3.831594,1.530778,30,171,130,2,0.04358735,-0.00293352,0.13859161,0E-8,0.000000,0.889618,0.000000,-0.14797496,2026-03-22,2026-08-05,96,1173,774,137,0.700730,0.766291,0.776478,0.145291,,,,,,,,GLOBAL_BASELINE_NO_ENTITY_RANKING,,,NOT_APPLICABLE_GLOBAL_BASELINE,HF9g-P5,,,,X 全窗基线 · 不参与实体赏罚,3927428,393,A168_HF9F_20260827_0900,2026-08-27 09:00:00
2026-06-29,91797317,2127,0,20.7714517168,-20.7714517168,-20.7714517168,0E-7,1,1,0.49324550000000000,0.493245500000,-0.9865810262130424,-0.9865810262130424,-0.9865810262130424,0E-17,ELIGIBLE,R03b_20260811_FULL_v1,L1_ELIGIBILITY,v2026-08-11,2026-03-21..2026-08-06,baccarat_bet02_101_all_pairs_incl_sentinel,round_win = game_pnl > 0 (decisive only),COMPATIBILITY_ONLY_NOT_PRODUCTION,21006.2458,18687.5319,-61.6222,1247,1247,0.00293352,-0.13859161,0.00938335,0.00293352,61.6222,21006.2458,OK,0.0000,-2.4649,4.0000,96.0000,AG03-UNRESOLVED,ALL5_LEVELS_bet23_to_bet27,-2.4649,-2.4649,-2.4649,-4.3136,-4.3136,4.000000,4.000000,4.000000,7.000000,7.000000,96.000000,96.000000,96.000000,93.000000,93.000000,5.0,-16.0218,-14.4684,-45.6004,-47.1538,PENDING_AG03,FALSE,NOT_FOR_ENFORCEMENT,-59.1573,17940.0307,-61.6222,-59.1573,-2.4649,-0.00293352,-0.00281618,-2.4649,-59.1573,-0.00281618,-2.4649,-2.4649,-2.4649,-4.3136,-4.3136,-59.1573,-0.00281618,-16.0218,-14.4684,-45.6004,-47.1538,-0.00217080,-0.00224475,-0.00011734,16.8454,14.9860,-0.0494,-0.6419,-0.0525,218.8151,12.9896,13.0801,17.0694,10.3857,11.0045,21.0062,31.5093,42.0124,42.1647,10.5412,0.0,3.81775,3.831594,1.530778,30,171,130,2,0.04358735,-0.00293352,0.13859161,0E-8,0.000000,0.889618,0.000000,-0.14797496,2026-03-22,2026-08-05,96,1173,774,137,0.700730,0.766291,0.776478,0.145291,,,,,,,,GLOBAL_BASELINE_NO_ENTITY_RANKING,,,NOT_APPLICABLE_GLOBAL_BASELINE,HF9g-P5,,,,X 全窗基线 · 不参与实体赏罚,3927429,393,A168_HF9F_20260827_0900,2026-08-27 09:00:00
2026-06-30,91797317,529,0,20.4390303724,20.4390303724,20.4390303724,1.0000000,1,1,0.49324550000000000,0.493245500000,1.01360149184955,1.01360149184955,1.01360149184955,0E-17,ELIGIBLE,R03b_20260811_FULL_v1,L1_ELIGIBILITY,v2026-08-11,2026-03-21..2026-08-06,baccarat_bet02_101_all_pairs_incl_sentinel,round_win = game_pnl > 0 (decisive only),COMPATIBILITY_ONLY_NOT_PRODUCTION,21006.2458,18687.5319,-61.6222,1247,1247,0.00293352,-0.13859161,0.00938335,0.00293352,61.6222,21006.2458,OK,0.0000,-2.4649,4.0000,96.0000,AG03-UNRESOLVED,ALL5_LEVELS_bet23_to_bet27,-2.4649,-2.4649,-2.4649,-4.3136,-4.3136,4.000000,4.000000,4.000000,7.000000,7.000000,96.000000,96.000000,96.000000,93.000000,93.000000,5.0,-16.0218,-14.4684,-45.6004,-47.1538,PENDING_AG03,FALSE,NOT_FOR_ENFORCEMENT,-59.1573,17940.0307,-61.6222,-59.1573,-2.4649,-0.00293352,-0.00281618,-2.4649,-59.1573,-0.00281618,-2.4649,-2.4649,-2.4649,-4.3136,-4.3136,-59.1573,-0.00281618,-16.0218,-14.4684,-45.6004,-47.1538,-0.00217080,-0.00224475,-0.00011734,16.8454,14.9860,-0.0494,-0.6419,-0.0525,218.8151,12.9896,13.0801,17.0694,10.3857,11.0045,21.0062,31.5093,42.0124,42.1647,10.5412,0.0,3.81775,3.831594,1.530778,30,171,130,2,0.04358735,-0.00293352,0.13859161,0E-8,0.000000,0.889618,0.000000,-0.14797496,2026-03-22,2026-08-05,96,1173,774,137,0.700730,0.766291,0.776478,0.145291,,,,,,,,GLOBAL_BASELINE_NO_ENTITY_RANKING,,,NOT_APPLICABLE_GLOBAL_BASELINE,HF9g-P5,,,,X 全窗基线 · 不参与实体赏罚,3927430,393,A168_HF9F_20260827_0900,2026-08-27 09:00:00
2026-06-30,91797317,948,0,20.4390303724,20.4390303724,20.4390303724,1.0000000,1,1,0.49324550000000000,0.493245500000,1.01360149184955,1.01360149184955,1.01360149184955,0E-17,ELIGIBLE,R03b_20260811_FULL_v1,L1_ELIGIBILITY,v2026-08-11,2026-03-21..2026-08-06,baccarat_bet02_101_all_pairs_incl_sentinel,round_win = game_pnl > 0 (decisive only),COMPATIBILITY_ONLY_NOT_PRODUCTION,21006.2458,18687.5319,-61.6222,1247,1247,0.00293352,-0.13859161,0.00938335,0.00293352,61.6222,21006.2458,OK,0.0000,-2.4649,4.0000,96.0000,AG03-UNRESOLVED,ALL5_LEVELS_bet23_to_bet27,-2.4649,-2.4649,-2.4649,-4.3136,-4.3136,4.000000,4.000000,4.000000,7.000000,7.000000,96.000000,96.000000,96.000000,93.000000,93.000000,5.0,-16.0218,-14.4684,-45.6004,-47.1538,PENDING_AG03,FALSE,NOT_FOR_ENFORCEMENT,-59.1573,17940.0307,-61.6222,-59.1573,-2.4649,-0.00293352,-0.00281618,-2.4649,-59.1573,-0.00281618,-2.4649,-2.4649,-2.4649,-4.3136,-4.3136,-59.1573,-0.00281618,-16.0218,-14.4684,-45.6004,-47.1538,-0.00217080,-0.00224475,-0.00011734,16.8454,14.9860,-0.0494,-0.6419,-0.0525,218.8151,12.9896,13.0801,17.0694,10.3857,11.0045,21.0062,31.5093,42.0124,42.1647,10.5412,0.0,3.81775,3.831594,1.530778,30,171,130,2,0.04358735,-0.00293352,0.13859161,0E-8,0.000000,0.889618,0.000000,-0.14797496,2026-03-22,2026-08-05,96,1173,774,137,0.700730,0.766291,0.776478,0.145291,,,,,,,,GLOBAL_BASELINE_NO_ENTITY_RANKING,,,NOT_APPLICABLE_GLOBAL_BASELINE,HF9g-P5,,,,X 全窗基线 · 不参与实体赏罚,3927431,393,A168_HF9F_20260827_0900,2026-08-27 09:00:00
2026-07-01,91797317,-1,1,43.7395249969,29.8409843437,29.8409843437,0.7500000,4,4,0.49324550000000000,0.493245500000,1.0271117246678039,1.0271117246678039,1.0271117246678039,0E-17,SENTINEL_DEALER,R03b_20260811_FULL_v1,L1_ELIGIBILITY,v2026-08-11,2026-03-21..2026-08-06,baccarat_bet02_101_all_pairs_incl_sentinel,round_win = game_pnl > 0 (decisive only),COMPATIBILITY_ONLY_NOT_PRODUCTION,21006.2458,18687.5319,-61.6222,1247,1247,0.00293352,-0.13859161,0.00938335,0.00293352,61.6222,21006.2458,OK,0.0000,-2.4649,4.0000,96.0000,AG03-UNRESOLVED,ALL5_LEVELS_bet23_to_bet27,-2.4649,-2.4649,-2.4649,-4.3136,-4.3136,4.000000,4.000000,4.000000,7.000000,7.000000,96.000000,96.000000,96.000000,93.000000,93.000000,5.0,-16.0218,-14.4684,-45.6004,-47.1538,PENDING_AG03,FALSE,NOT_FOR_ENFORCEMENT,-59.1573,17940.0307,-61.6222,-59.1573,-2.4649,-0.00293352,-0.00281618,-2.4649,-59.1573,-0.00281618,-2.4649,-2.4649,-2.4649,-4.3136,-4.3136,-59.1573,-0.00281618,-16.0218,-14.4684,-45.6004,-47.1538,-0.00217080,-0.00224475,-0.00011734,16.8454,14.9860,-0.0494,-0.6419,-0.0525,218.8151,12.9896,13.0801,17.0694,10.3857,11.0045,21.0062,31.5093,42.0124,42.1647,10.5412,0.0,3.81775,3.831594,1.530778,30,171,130,2,0.04358735,-0.00293352,0.13859161,0E-8,0.000000,0.889618,0.000000,-0.14797496,2026-03-22,2026-08-05,96,1173,774,137,0.700730,0.766291,0.776478,0.145291,,,,,,,,GLOBAL_BASELINE_NO_ENTITY_RANKING,,,NOT_APPLICABLE_GLOBAL_BASELINE,HF9g-P5,,,,X 全窗基线 · 不参与实体赏罚,3927432,393,A168_HF9F_20260827_0900,2026-08-27 09:00:00
2026-07-01,91797317,1110,0,6.1317091117,6.1317091117,6.1317091117,1.0000000,1,1,0.49324550000000000,0.493245500000,1.01360149184955,1.01360149184955,1.01360149184955,0E-17,ELIGIBLE,R03b_20260811_FULL_v1,L1_ELIGIBILITY,v2026-08-11,2026-03-21..2026-08-06,baccarat_bet02_101_all_pairs_incl_sentinel,round_win = game_pnl > 0 (decisive only),COMPATIBILITY_ONLY_NOT_PRODUCTION,21006.2458,18687.5319,-61.6222,1247,1247,0.00293352,-0.13859161,0.00938335,0.00293352,61.6222,21006.2458,OK,0.0000,-2.4649,4.0000,96.0000,AG03-UNRESOLVED,ALL5_LEVELS_bet23_to_bet27,-2.4649,-2.4649,-2.4649,-4.3136,-4.3136,4.000000,4.000000,4.000000,7.000000,7.000000,96.000000,96.000000,96.000000,93.000000,93.000000,5.0,-16.0218,-14.4684,-45.6004,-47.1538,PENDING_AG03,FALSE,NOT_FOR_ENFORCEMENT,-59.1573,17940.0307,-61.6222,-59.1573,-2.4649,-0.00293352,-0.00281618,-2.4649,-59.1573,-0.00281618,-2.4649,-2.4649,-2.4649,-4.3136,-4.3136,-59.1573,-0.00281618,-16.0218,-14.4684,-45.6004,-47.1538,-0.00217080,-0.00224475,-0.00011734,16.8454,14.9860,-0.0494,-0.6419,-0.0525,218.8151,12.9896,13.0801,17.0694,10.3857,11.0045,21.0062,31.5093,42.0124,42.1647,10.5412,0.0,3.81775,3.831594,1.530778,30,171,130,2,0.04358735,-0.00293352,0.13859161,0E-8,0.000000,0.889618,0.000000,-0.14797496,2026-03-22,2026-08-05,96,1173,774,137,0.700730,0.766291,0.776478,0.145291,,,,,,,,GLOBAL_BASELINE_NO_ENTITY_RANKING,,,NOT_APPLICABLE_GLOBAL_BASELINE,HF9g-P5,,,,X 全窗基线 · 不参与实体赏罚,3927433,393,A168_HF9F_20260827_0900,2026-08-27 09:00:00
2026-07-01,91797317,1331,0,40.8780607448,0E-10,0E-10,0.5000000,2,2,0.49324550000000000,0.493245500000,0.01910635448239258,0.01910635448239258,0.01910635448239258,0E-17,ELIGIBLE,R03b_20260811_FULL_v1,L1_ELIGIBILITY,v2026-08-11,2026-03-21..2026-08-06,baccarat_bet02_101_all_pairs_incl_sentinel,round_win = game_pnl > 0 (decisive only),COMPATIBILITY_ONLY_NOT_PRODUCTION,21006.2458,18687.5319,-61.6222,1247,1247,0.00293352,-0.13859161,0.00938335,0.00293352,61.6222,21006.2458,OK,0.0000,-2.4649,4.0000,96.0000,AG03-UNRESOLVED,ALL5_LEVELS_bet23_to_bet27,-2.4649,-2.4649,-2.4649,-4.3136,-4.3136,4.000000,4.000000,4.000000,7.000000,7.000000,96.000000,96.000000,96.000000,93.000000,93.000000,5.0,-16.0218,-14.4684,-45.6004,-47.1538,PENDING_AG03,FALSE,NOT_FOR_ENFORCEMENT,-59.1573,17940.0307,-61.6222,-59.1573,-2.4649,-0.00293352,-0.00281618,-2.4649,-59.1573,-0.00281618,-2.4649,-2.4649,-2.4649,-4.3136,-4.3136,-59.1573,-0.00281618,-16.0218,-14.4684,-45.6004,-47.1538,-0.00217080,-0.00224475,-0.00011734,16.8454,14.9860,-0.0494,-0.6419,-0.0525,218.8151,12.9896,13.0801,17.0694,10.3857,11.0045,21.0062,31.5093,42.0124,42.1647,10.5412,0.0,3.81775,3.831594,1.530778,30,171,130,2,0.04358735,-0.00293352,0.13859161,0E-8,0.000000,0.889618,0.000000,-0.14797496,2026-03-22,2026-08-05,96,1173,774,137,0.700730,0.766291,0.776478,0.145291,,,,,,,,GLOBAL_BASELINE_NO_ENTITY_RANKING,,,NOT_APPLICABLE_GLOBAL_BASELINE,HF9g-P5,,,,X 全窗基线 · 不参与实体赏罚,3927434,393,A168_HF9F_20260827_0900,2026-08-27 09:00:00
2026-07-01,91797317,1382,0,6.1317091117,-6.1317091117,-6.1317091117,0E-7,1,1,0.49324550000000000,0.493245500000,-0.9865810262130424,-0.9865810262130424,-0.9865810262130424,0E-17,ELIGIBLE,R03b_20260811_FULL_v1,L1_ELIGIBILITY,v2026-08-11,2026-03-21..2026-08-06,baccarat_bet02_101_all_pairs_incl_sentinel,round_win = game_pnl > 0 (decisive only),COMPATIBILITY_ONLY_NOT_PRODUCTION,21006.2458,18687.5319,-61.6222,1247,1247,0.00293352,-0.13859161,0.00938335,0.00293352,61.6222,21006.2458,OK,0.0000,-2.4649,4.0000,96.0000,AG03-UNRESOLVED,ALL5_LEVELS_bet23_to_bet27,-2.4649,-2.4649,-2.4649,-4.3136,-4.3136,4.000000,4.000000,4.000000,7.000000,7.000000,96.000000,96.000000,96.000000,93.000000,93.000000,5.0,-16.0218,-14.4684,-45.6004,-47.1538,PENDING_AG03,FALSE,NOT_FOR_ENFORCEMENT,-59.1573,17940.0307,-61.6222,-59.1573,-2.4649,-0.00293352,-0.00281618,-2.4649,-59.1573,-0.00281618,-2.4649,-2.4649,-2.4649,-4.3136,-4.3136,-59.1573,-0.00281618,-16.0218,-14.4684,-45.6004,-47.1538,-0.00217080,-0.00224475,-0.00011734,16.8454,14.9860,-0.0494,-0.6419,-0.0525,218.8151,12.9896,13.0801,17.0694,10.3857,11.0045,21.0062,31.5093,42.0124,42.1647,10.5412,0.0,3.81775,3.831594,1.530778,30,171,130,2,0.04358735,-0.00293352,0.13859161,0E-8,0.000000,0.889618,0.000000,-0.14797496,2026-03-22,2026-08-05,96,1173,774,137,0.700730,0.766291,0.776478,0.145291,,,,,,,,GLOBAL_BASELINE_NO_ENTITY_RANKING,,,NOT_APPLICABLE_GLOBAL_BASELINE,HF9g-P5,,,,X 全窗基线 · 不参与实体赏罚,3927435,393,A168_HF9F_20260827_0900,2026-08-27 09:00:00
2026-07-01,91797317,1990,0,6.1317091117,0E-10,0E-10,,1,1,0.49324550000000000,0.493245500000,,,,0E-17,NO_DECISIVE_ROUND,R03b_20260811_FULL_v1,L1_ELIGIBILITY,v2026-08-11,2026-03-21..2026-08-06,baccarat_bet02_101_all_pairs_incl_sentinel,round_win = game_pnl > 0 (decisive only),COMPATIBILITY_ONLY_NOT_PRODUCTION,21006.2458,18687.5319,-61.6222,1247,1247,0.00293352,-0.13859161,0.00938335,0.00293352,61.6222,21006.2458,OK,0.0000,-2.4649,4.0000,96.0000,AG03-UNRESOLVED,ALL5_LEVELS_bet23_to_bet27,-2.4649,-2.4649,-2.4649,-4.3136,-4.3136,4.000000,4.000000,4.000000,7.000000,7.000000,96.000000,96.000000,96.000000,93.000000,93.000000,5.0,-16.0218,-14.4684,-45.6004,-47.1538,PENDING_AG03,FALSE,NOT_FOR_ENFORCEMENT,-59.1573,17940.0307,-61.6222,-59.1573,-2.4649,-0.00293352,-0.00281618,-2.4649,-59.1573,-0.00281618,-2.4649,-2.4649,-2.4649,-4.3136,-4.3136,-59.1573,-0.00281618,-16.0218,-14.4684,-45.6004,-47.1538,-0.00217080,-0.00224475,-0.00011734,16.8454,14.9860,-0.0494,-0.6419,-0.0525,218.8151,12.9896,13.0801,17.0694,10.3857,11.0045,21.0062,31.5093,42.0124,42.1647,10.5412,0.0,3.81775,3.831594,1.530778,30,171,130,2,0.04358735,-0.00293352,0.13859161,0E-8,0.000000,0.889618,0.000000,-0.14797496,2026-03-22,2026-08-05,96,1173,774,137,0.700730,0.766291,0.776478,0.145291,,,,,,,,GLOBAL_BASELINE_NO_ENTITY_RANKING,,,NOT_APPLICABLE_GLOBAL_BASELINE,HF9g-P5,,,,X 全窗基线 · 不参与实体赏罚,3927436,393,A168_HF9F_20260827_0900,2026-08-27 09:00:00
2026-07-01,91797317,2105,0,20.4390303724,20.4390303724,20.4390303724,1.0000000,1,1,0.49324550000000000,0.493245500000,1.01360149184955,1.01360149184955,1.01360149184955,0E-17,ELIGIBLE,R03b_20260811_FULL_v1,L1_ELIGIBILITY,v2026-08-11,2026-03-21..2026-08-06,baccarat_bet02_101_all_pairs_incl_sentinel,round_win = game_pnl > 0 (decisive only),COMPATIBILITY_ONLY_NOT_PRODUCTION,21006.2458,18687.5319,-61.6222,1247,1247,0.00293352,-0.13859161,0.00938335,0.00293352,61.6222,21006.2458,OK,0.0000,-2.4649,4.0000,96.0000,AG03-UNRESOLVED,ALL5_LEVELS_bet23_to_bet27,-2.4649,-2.4649,-2.4649,-4.3136,-4.3136,4.000000,4.000000,4.000000,7.000000,7.000000,96.000000,96.000000,96.000000,93.000000,93.000000,5.0,-16.0218,-14.4684,-45.6004,-47.1538,PENDING_AG03,FALSE,NOT_FOR_ENFORCEMENT,-59.1573,17940.0307,-61.6222,-59.1573,-2.4649,-0.00293352,-0.00281618,-2.4649,-59.1573,-0.00281618,-2.4649,-2.4649,-2.4649,-4.3136,-4.3136,-59.1573,-0.00281618,-16.0218,-14.4684,-45.6004,-47.1538,-0.00217080,-0.00224475,-0.00011734,16.8454,14.9860,-0.0494,-0.6419,-0.0525,218.8151,12.9896,13.0801,17.0694,10.3857,11.0045,21.0062,31.5093,42.0124,42.1647,10.5412,0.0,3.81775,3.831594,1.530778,30,171,130,2,0.04358735,-0.00293352,0.13859161,0E-8,0.000000,0.889618,0.000000,-0.14797496,2026-03-22,2026-08-05,96,1173,774,137,0.700730,0.766291,0.776478,0.145291,,,,,,,,GLOBAL_BASELINE_NO_ENTITY_RANKING,,,NOT_APPLICABLE_GLOBAL_BASELINE,HF9g-P5,,,,X 全窗基线 · 不参与实体赏罚,3927437,393,A168_HF9F_20260827_0900,2026-08-27 09:00:00
2026-07-01,91797317,2117,0,20.4390303724,20.4390303724,20.4390303724,1.0000000,1,1,0.49324550000000000,0.493245500000,1.01360149184955,1.01360149184955,1.01360149184955,0E-17,ELIGIBLE,R03b_20260811_FULL_v1,L1_ELIGIBILITY,v2026-08-11,2026-03-21..2026-08-06,baccarat_bet02_101_all_pairs_incl_sentinel,round_win = game_pnl > 0 (decisive only),COMPATIBILITY_ONLY_NOT_PRODUCTION,21006.2458,18687.5319,-61.6222,1247,1247,0.00293352,-0.13859161,0.00938335,0.00293352,61.6222,21006.2458,OK,0.0000,-2.4649,4.0000,96.0000,AG03-UNRESOLVED,ALL5_LEVELS_bet23_to_bet27,-2.4649,-2.4649,-2.4649,-4.3136,-4.3136,4.000000,4.000000,4.000000,7.000000,7.000000,96.000000,96.000000,96.000000,93.000000,93.000000,5.0,-16.0218,-14.4684,-45.6004,-47.1538,PENDING_AG03,FALSE,NOT_FOR_ENFORCEMENT,-59.1573,17940.0307,-61.6222,-59.1573,-2.4649,-0.00293352,-0.00281618,-2.4649,-59.1573,-0.00281618,-2.4649,-2.4649,-2.4649,-4.3136,-4.3136,-59.1573,-0.00281618,-16.0218,-14.4684,-45.6004,-47.1538,-0.00217080,-0.00224475,-0.00011734,16.8454,14.9860,-0.0494,-0.6419,-0.0525,218.8151,12.9896,13.0801,17.0694,10.3857,11.0045,21.0062,31.5093,42.0124,42.1647,10.5412,0.0,3.81775,3.831594,1.530778,30,171,130,2,0.04358735,-0.00293352,0.13859161,0E-8,0.000000,0.889618,0.000000,-0.14797496,2026-03-22,2026-08-05,96,1173,774,137,0.700730,0.766291,0.776478,0.145291,,,,,,,,GLOBAL_BASELINE_NO_ENTITY_RANKING,,,NOT_APPLICABLE_GLOBAL_BASELINE,HF9g-P5,,,,X 全窗基线 · 不参与实体赏罚,3927438,393,A168_HF9F_20260827_0900,2026-08-27 09:00:00
2026-07-01,91797317,2145,0,40.8780607448,-40.8780607448,-40.8780607448,0E-7,1,1,0.49324550000000000,0.493245500000,-0.9865810262130424,-0.9865810262130424,-0.9865810262130424,0E-17,ELIGIBLE,R03b_20260811_FULL_v1,L1_ELIGIBILITY,v2026-08-11,2026-03-21..2026-08-06,baccarat_bet02_101_all_pairs_incl_sentinel,round_win = game_pnl > 0 (decisive only),COMPATIBILITY_ONLY_NOT_PRODUCTION,21006.2458,18687.5319,-61.6222,1247,1247,0.00293352,-0.13859161,0.00938335,0.00293352,61.6222,21006.2458,OK,0.0000,-2.4649,4.0000,96.0000,AG03-UNRESOLVED,ALL5_LEVELS_bet23_to_bet27,-2.4649,-2.4649,-2.4649,-4.3136,-4.3136,4.000000,4.000000,4.000000,7.000000,7.000000,96.000000,96.000000,96.000000,93.000000,93.000000,5.0,-16.0218,-14.4684,-45.6004,-47.1538,PENDING_AG03,FALSE,NOT_FOR_ENFORCEMENT,-59.1573,17940.0307,-61.6222,-59.1573,-2.4649,-0.00293352,-0.00281618,-2.4649,-59.1573,-0.00281618,-2.4649,-2.4649,-2.4649,-4.3136,-4.3136,-59.1573,-0.00281618,-16.0218,-14.4684,-45.6004,-47.1538,-0.00217080,-0.00224475,-0.00011734,16.8454,14.9860,-0.0494,-0.6419,-0.0525,218.8151,12.9896,13.0801,17.0694,10.3857,11.0045,21.0062,31.5093,42.0124,42.1647,10.5412,0.0,3.81775,3.831594,1.530778,30,171,130,2,0.04358735,-0.00293352,0.13859161,0E-8,0.000000,0.889618,0.000000,-0.14797496,2026-03-22,2026-08-05,96,1173,774,137,0.700730,0.766291,0.776478,0.145291,,,,,,,,GLOBAL_BASELINE_NO_ENTITY_RANKING,,,NOT_APPLICABLE_GLOBAL_BASELINE,HF9g-P5,,,,X 全窗基线 · 不参与实体赏罚,3927439,393,A168_HF9F_20260827_0900,2026-08-27 09:00:00
2026-07-01,91797317,2167,0,20.4390303724,-20.4390303724,-20.4390303724,0E-7,1,1,0.49324550000000000,0.493245500000,-0.9865810262130424,-0.9865810262130424,-0.9865810262130424,0E-17,ELIGIBLE,R03b_20260811_FULL_v1,L1_ELIGIBILITY,v2026-08-11,2026-03-21..2026-08-06,baccarat_bet02_101_all_pairs_incl_sentinel,round_win = game_pnl > 0 (decisive only),COMPATIBILITY_ONLY_NOT_PRODUCTION,21006.2458,18687.5319,-61.6222,1247,1247,0.00293352,-0.13859161,0.00938335,0.00293352,61.6222,21006.2458,OK,0.0000,-2.4649,4.0000,96.0000,AG03-UNRESOLVED,ALL5_LEVELS_bet23_to_bet27,-2.4649,-2.4649,-2.4649,-4.3136,-4.3136,4.000000,4.000000,4.000000,7.000000,7.000000,96.000000,96.000000,96.000000,93.000000,93.000000,5.0,-16.0218,-14.4684,-45.6004,-47.1538,PENDING_AG03,FALSE,NOT_FOR_ENFORCEMENT,-59.1573,17940.0307,-61.6222,-59.1573,-2.4649,-0.00293352,-0.00281618,-2.4649,-59.1573,-0.00281618,-2.4649,-2.4649,-2.4649,-4.3136,-4.3136,-59.1573,-0.00281618,-16.0218,-14.4684,-45.6004,-47.1538,-0.00217080,-0.00224475,-0.00011734,16.8454,14.9860,-0.0494,-0.6419,-0.0525,218.8151,12.9896,13.0801,17.0694,10.3857,11.0045,21.0062,31.5093,42.0124,42.1647,10.5412,0.0,3.81775,3.831594,1.530778,30,171,130,2,0.04358735,-0.00293352,0.13859161,0E-8,0.000000,0.889618,0.000000,-0.14797496,2026-03-22,2026-08-05,96,1173,774,137,0.700730,0.766291,0.776478,0.145291,,,,,,,,GLOBAL_BASELINE_NO_ENTITY_RANKING,,,NOT_APPLICABLE_GLOBAL_BASELINE,HF9g-P5,,,,X 全窗基线 · 不参与实体赏罚,3927440,393,A168_HF9F_20260827_0900,2026-08-27 09:00:00
2026-07-01,91797317,2177,0,20.4390303724,-20.4390303724,-20.4390303724,0E-7,1,1,0.49324550000000000,0.493245500000,-0.9865810262130424,-0.9865810262130424,-0.9865810262130424,0E-17,ELIGIBLE,R03b_20260811_FULL_v1,L1_ELIGIBILITY,v2026-08-11,2026-03-21..2026-08-06,baccarat_bet02_101_all_pairs_incl_sentinel,round_win = game_pnl > 0 (decisive only),COMPATIBILITY_ONLY_NOT_PRODUCTION,21006.2458,18687.5319,-61.6222,1247,1247,0.00293352,-0.13859161,0.00938335,0.00293352,61.6222,21006.2458,OK,0.0000,-2.4649,4.0000,96.0000,AG03-UNRESOLVED,ALL5_LEVELS_bet23_to_bet27,-2.4649,-2.4649,-2.4649,-4.3136,-4.3136,4.000000,4.000000,4.000000,7.000000,7.000000,96.000000,96.000000,96.000000,93.000000,93.000000,5.0,-16.0218,-14.4684,-45.6004,-47.1538,PENDING_AG03,FALSE,NOT_FOR_ENFORCEMENT,-59.1573,17940.0307,-61.6222,-59.1573,-2.4649,-0.00293352,-0.00281618,-2.4649,-59.1573,-0.00281618,-2.4649,-2.4649,-2.4649,-4.3136,-4.3136,-59.1573,-0.00281618,-16.0218,-14.4684,-45.6004,-47.1538,-0.00217080,-0.00224475,-0.00011734,16.8454,14.9860,-0.0494,-0.6419,-0.0525,218.8151,12.9896,13.0801,17.0694,10.3857,11.0045,21.0062,31.5093,42.0124,42.1647,10.5412,0.0,3.81775,3.831594,1.530778,30,171,130,2,0.04358735,-0.00293352,0.13859161,0E-8,0.000000,0.889618,0.000000,-0.14797496,2026-03-22,2026-08-05,96,1173,774,137,0.700730,0.766291,0.776478,0.145291,,,,,,,,GLOBAL_BASELINE_NO_ENTITY_RANKING,,,NOT_APPLICABLE_GLOBAL_BASELINE,HF9g-P5,,,,X 全窗基线 · 不参与实体赏罚,3927441,393,A168_HF9F_20260827_0900,2026-08-27 09:00:00
2026-07-01,91797317,2246,0,20.4390303724,-20.4390303724,-20.4390303724,0E-7,1,1,0.49324550000000000,0.493245500000,-0.9865810262130424,-0.9865810262130424,-0.9865810262130424,0E-17,ELIGIBLE,R03b_20260811_FULL_v1,L1_ELIGIBILITY,v2026-08-11,2026-03-21..2026-08-06,baccarat_bet02_101_all_pairs_incl_sentinel,round_win = game_pnl > 0 (decisive only),COMPATIBILITY_ONLY_NOT_PRODUCTION,21006.2458,18687.5319,-61.6222,1247,1247,0.00293352,-0.13859161,0.00938335,0.00293352,61.6222,21006.2458,OK,0.0000,-2.4649,4.0000,96.0000,AG03-UNRESOLVED,ALL5_LEVELS_bet23_to_bet27,-2.4649,-2.4649,-2.4649,-4.3136,-4.3136,4.000000,4.000000,4.000000,7.000000,7.000000,96.000000,96.000000,96.000000,93.000000,93.000000,5.0,-16.0218,-14.4684,-45.6004,-47.1538,PENDING_AG03,FALSE,NOT_FOR_ENFORCEMENT,-59.1573,17940.0307,-61.6222,-59.1573,-2.4649,-0.00293352,-0.00281618,-2.4649,-59.1573,-0.00281618,-2.4649,-2.4649,-2.4649,-4.3136,-4.3136,-59.1573,-0.00281618,-16.0218,-14.4684,-45.6004,-47.1538,-0.00217080,-0.00224475,-0.00011734,16.8454,14.9860,-0.0494,-0.6419,-0.0525,218.8151,12.9896,13.0801,17.0694,10.3857,11.0045,21.0062,31.5093,42.0124,42.1647,10.5412,0.0,3.81775,3.831594,1.530778,30,171,130,2,0.04358735,-0.00293352,0.13859161,0E-8,0.000000,0.889618,0.000000,-0.14797496,2026-03-22,2026-08-05,96,1173,774,137,0.700730,0.766291,0.776478,0.145291,,,,,,,,GLOBAL_BASELINE_NO_ENTITY_RANKING,,,NOT_APPLICABLE_GLOBAL_BASELINE,HF9g-P5,,,,X 全窗基线 · 不参与实体赏罚,3927442,393,A168_HF9F_20260827_0900,2026-08-27 09:00:00
2026-07-01,91797317,989,0,40.8780607448,0E-10,0E-10,,2,2,0.49324550000000000,0.493245500000,,,,0E-17,NO_DECISIVE_ROUND,R03b_20260811_FULL_v1,L1_ELIGIBILITY,v2026-08-11,2026-03-21..2026-08-06,baccarat_bet02_101_all_pairs_incl_sentinel,round_win = game_pnl > 0 (decisive only),COMPATIBILITY_ONLY_NOT_PRODUCTION,21006.2458,18687.5319,-61.6222,1247,1247,0.00293352,-0.13859161,0.00938335,0.00293352,61.6222,21006.2458,OK,0.0000,-2.4649,4.0000,96.0000,AG03-UNRESOLVED,ALL5_LEVELS_bet23_to_bet27,-2.4649,-2.4649,-2.4649,-4.3136,-4.3136,4.000000,4.000000,4.000000,7.000000,7.000000,96.000000,96.000000,96.000000,93.000000,93.000000,5.0,-16.0218,-14.4684,-45.6004,-47.1538,PENDING_AG03,FALSE,NOT_FOR_ENFORCEMENT,-59.1573,17940.0307,-61.6222,-59.1573,-2.4649,-0.00293352,-0.00281618,-2.4649,-59.1573,-0.00281618,-2.4649,-2.4649,-2.4649,-4.3136,-4.3136,-59.1573,-0.00281618,-16.0218,-14.4684,-45.6004,-47.1538,-0.00217080,-0.00224475,-0.00011734,16.8454,14.9860,-0.0494,-0.6419,-0.0525,218.8151,12.9896,13.0801,17.0694,10.3857,11.0045,21.0062,31.5093,42.0124,42.1647,10.5412,0.0,3.81775,3.831594,1.530778,30,171,130,2,0.04358735,-0.00293352,0.13859161,0E-8,0.000000,0.889618,0.000000,-0.14797496,2026-03-22,2026-08-05,96,1173,774,137,0.700730,0.766291,0.776478,0.145291,,,,,,,,GLOBAL_BASELINE_NO_ENTITY_RANKING,,,NOT_APPLICABLE_GLOBAL_BASELINE,HF9g-P5,,,,X 全窗基线 · 不参与实体赏罚,3927443,393,A168_HF9F_20260827_0900,2026-08-27 09:00:00
2026-07-02,91797317,-1,1,34.7463516331,22.4829334097,22.4829334097,0.6666667,3,3,0.49324550000000000,0.493245500000,0.6008033672792107,0.6008033672792106,0.6008033672792107,0E-17,SENTINEL_DEALER,R03b_20260811_FULL_v1,L1_ELIGIBILITY,v2026-08-11,2026-03-21..2026-08-06,baccarat_bet02_101_all_pairs_incl_sentinel,round_win = game_pnl > 0 (decisive only),COMPATIBILITY_ONLY_NOT_PRODUCTION,21006.2458,18687.5319,-61.6222,1247,1247,0.00293352,-0.13859161,0.00938335,0.00293352,61.6222,21006.2458,OK,0.0000,-2.4649,4.0000,96.0000,AG03-UNRESOLVED,ALL5_LEVELS_bet23_to_bet27,-2.4649,-2.4649,-2.4649,-4.3136,-4.3136,4.000000,4.000000,4.000000,7.000000,7.000000,96.000000,96.000000,96.000000,93.000000,93.000000,5.0,-16.0218,-14.4684,-45.6004,-47.1538,PENDING_AG03,FALSE,NOT_FOR_ENFORCEMENT,-59.1573,17940.0307,-61.6222,-59.1573,-2.4649,-0.00293352,-0.00281618,-2.4649,-59.1573,-0.00281618,-2.4649,-2.4649,-2.4649,-4.3136,-4.3136,-59.1573,-0.00281618,-16.0218,-14.4684,-45.6004,-47.1538,-0.00217080,-0.00224475,-0.00011734,16.8454,14.9860,-0.0494,-0.6419,-0.0525,218.8151,12.9896,13.0801,17.0694,10.3857,11.0045,21.0062,31.5093,42.0124,42.1647,10.5412,0.0,3.81775,3.831594,1.530778,30,171,130,2,0.04358735,-0.00293352,0.13859161,0E-8,0.000000,0.889618,0.000000,-0.14797496,2026-03-22,2026-08-05,96,1173,774,137,0.700730,0.766291,0.776478,0.145291,,,,,,,,GLOBAL_BASELINE_NO_ENTITY_RANKING,,,NOT_APPLICABLE_GLOBAL_BASELINE,HF9g-P5,,,,X 全窗基线 · 不参与实体赏罚,3927444,393,A168_HF9F_20260827_0900,2026-08-27 09:00:00
2026-07-02,91797317,1402,0,20.4390303724,0E-10,0E-10,,1,1,0.49324550000000000,0.493245500000,,,,0E-17,NO_DECISIVE_ROUND,R03b_20260811_FULL_v1,L1_ELIGIBILITY,v2026-08-11,2026-03-21..2026-08-06,baccarat_bet02_101_all_pairs_incl_sentinel,round_win = game_pnl > 0 (decisive only),COMPATIBILITY_ONLY_NOT_PRODUCTION,21006.2458,18687.5319,-61.6222,1247,1247,0.00293352,-0.13859161,0.00938335,0.00293352,61.6222,21006.2458,OK,0.0000,-2.4649,4.0000,96.0000,AG03-UNRESOLVED,ALL5_LEVELS_bet23_to_bet27,-2.4649,-2.4649,-2.4649,-4.3136,-4.3136,4.000000,4.000000,4.000000,7.000000,7.000000,96.000000,96.000000,96.000000,93.000000,93.000000,5.0,-16.0218,-14.4684,-45.6004,-47.1538,PENDING_AG03,FALSE,NOT_FOR_ENFORCEMENT,-59.1573,17940.0307,-61.6222,-59.1573,-2.4649,-0.00293352,-0.00281618,-2.4649,-59.1573,-0.00281618,-2.4649,-2.4649,-2.4649,-4.3136,-4.3136,-59.1573,-0.00281618,-16.0218,-14.4684,-45.6004,-47.1538,-0.00217080,-0.00224475,-0.00011734,16.8454,14.9860,-0.0494,-0.6419,-0.0525,218.8151,12.9896,13.0801,17.0694,10.3857,11.0045,21.0062,31.5093,42.0124,42.1647,10.5412,0.0,3.81775,3.831594,1.530778,30,171,130,2,0.04358735,-0.00293352,0.13859161,0E-8,0.000000,0.889618,0.000000,-0.14797496,2026-03-22,2026-08-05,96,1173,774,137,0.700730,0.766291,0.776478,0.145291,,,,,,,,GLOBAL_BASELINE_NO_ENTITY_RANKING,,,NOT_APPLICABLE_GLOBAL_BASELINE,HF9g-P5,,,,X 全窗基线 · 不参与实体赏罚,3927445,393,A168_HF9F_20260827_0900,2026-08-27 09:00:00
2026-07-02,91797317,1507,0,20.4390303724,20.4390303724,20.4390303724,1.0000000,1,1,0.49324550000000000,0.493245500000,1.01360149184955,1.01360149184955,1.01360149184955,0E-17,ELIGIBLE,R03b_20260811_FULL_v1,L1_ELIGIBILITY,v2026-08-11,2026-03-21..2026-08-06,baccarat_bet02_101_all_pairs_incl_sentinel,round_win = game_pnl > 0 (decisive only),COMPATIBILITY_ONLY_NOT_PRODUCTION,21006.2458,18687.5319,-61.6222,1247,1247,0.00293352,-0.13859161,0.00938335,0.00293352,61.6222,21006.2458,OK,0.0000,-2.4649,4.0000,96.0000,AG03-UNRESOLVED,ALL5_LEVELS_bet23_to_bet27,-2.4649,-2.4649,-2.4649,-4.3136,-4.3136,4.000000,4.000000,4.000000,7.000000,7.000000,96.000000,96.000000,96.000000,93.000000,93.000000,5.0,-16.0218,-14.4684,-45.6004,-47.1538,PENDING_AG03,FALSE,NOT_FOR_ENFORCEMENT,-59.1573,17940.0307,-61.6222,-59.1573,-2.4649,-0.00293352,-0.00281618,-2.4649,-59.1573,-0.00281618,-2.4649,-2.4649,-2.4649,-4.3136,-4.3136,-59.1573,-0.00281618,-16.0218,-14.4684,-45.6004,-47.1538,-0.00217080,-0.00224475,-0.00011734,16.8454,14.9860,-0.0494,-0.6419,-0.0525,218.8151,12.9896,13.0801,17.0694,10.3857,11.0045,21.0062,31.5093,42.0124,42.1647,10.5412,0.0,3.81775,3.831594,1.530778,30,171,130,2,0.04358735,-0.00293352,0.13859161,0E-8,0.000000,0.889618,0.000000,-0.14797496,2026-03-22,2026-08-05,96,1173,774,137,0.700730,0.766291,0.776478,0.145291,,,,,,,,GLOBAL_BASELINE_NO_ENTITY_RANKING,,,NOT_APPLICABLE_GLOBAL_BASELINE,HF9g-P5,,,,X 全窗基线 · 不参与实体赏罚,3927446,393,A168_HF9F_20260827_0900,2026-08-27 09:00:00
2026-07-02,91797317,2101,0,10.2195151862,0E-10,0E-10,,1,1,0.49324550000000000,0.493245500000,,,,0E-17,NO_DECISIVE_ROUND,R03b_20260811_FULL_v1,L1_ELIGIBILITY,v2026-08-11,2026-03-21..2026-08-06,baccarat_bet02_101_all_pairs_incl_sentinel,round_win = game_pnl > 0 (decisive only),COMPATIBILITY_ONLY_NOT_PRODUCTION,21006.2458,18687.5319,-61.6222,1247,1247,0.00293352,-0.13859161,0.00938335,0.00293352,61.6222,21006.2458,OK,0.0000,-2.4649,4.0000,96.0000,AG03-UNRESOLVED,ALL5_LEVELS_bet23_to_bet27,-2.4649,-2.4649,-2.4649,-4.3136,-4.3136,4.000000,4.000000,4.000000,7.000000,7.000000,96.000000,96.000000,96.000000,93.000000,93.000000,5.0,-16.0218,-14.4684,-45.6004,-47.1538,PENDING_AG03,FALSE,NOT_FOR_ENFORCEMENT,-59.1573,17940.0307,-61.6222,-59.1573,-2.4649,-0.00293352,-0.00281618,-2.4649,-59.1573,-0.00281618,-2.4649,-2.4649,-2.4649,-4.3136,-4.3136,-59.1573,-0.00281618,-16.0218,-14.4684,-45.6004,-47.1538,-0.00217080,-0.00224475,-0.00011734,16.8454,14.9860,-0.0494,-0.6419,-0.0525,218.8151,12.9896,13.0801,17.0694,10.3857,11.0045,21.0062,31.5093,42.0124,42.1647,10.5412,0.0,3.81775,3.831594,1.530778,30,171,130,2,0.04358735,-0.00293352,0.13859161,0E-8,0.000000,0.889618,0.000000,-0.14797496,2026-03-22,2026-08-05,96,1173,774,137,0.700730,0.766291,0.776478,0.145291,,,,,,,,GLOBAL_BASELINE_NO_ENTITY_RANKING,,,NOT_APPLICABLE_GLOBAL_BASELINE,HF9g-P5,,,,X 全窗基线 · 不参与实体赏罚,3927447,393,A168_HF9F_20260827_0900,2026-08-27 09:00:00
2026-07-02,91797317,2169,0,10.2195151862,-10.2195151862,-10.2195151862,0E-7,1,1,0.49324550000000000,0.493245500000,-0.9865810262130424,-0.9865810262130424,-0.9865810262130424,0E-17,ELIGIBLE,R03b_20260811_FULL_v1,L1_ELIGIBILITY,v2026-08-11,2026-03-21..2026-08-06,baccarat_bet02_101_all_pairs_incl_sentinel,round_win = game_pnl > 0 (decisive only),COMPATIBILITY_ONLY_NOT_PRODUCTION,21006.2458,18687.5319,-61.6222,1247,1247,0.00293352,-0.13859161,0.00938335,0.00293352,61.6222,21006.2458,OK,0.0000,-2.4649,4.0000,96.0000,AG03-UNRESOLVED,ALL5_LEVELS_bet23_to_bet27,-2.4649,-2.4649,-2.4649,-4.3136,-4.3136,4.000000,4.000000,4.000000,7.000000,7.000000,96.000000,96.000000,96.000000,93.000000,93.000000,5.0,-16.0218,-14.4684,-45.6004,-47.1538,PENDING_AG03,FALSE,NOT_FOR_ENFORCEMENT,-59.1573,17940.0307,-61.6222,-59.1573,-2.4649,-0.00293352,-0.00281618,-2.4649,-59.1573,-0.00281618,-2.4649,-2.4649,-2.4649,-4.3136,-4.3136,-59.1573,-0.00281618,-16.0218,-14.4684,-45.6004,-47.1538,-0.00217080,-0.00224475,-0.00011734,16.8454,14.9860,-0.0494,-0.6419,-0.0525,218.8151,12.9896,13.0801,17.0694,10.3857,11.0045,21.0062,31.5093,42.0124,42.1647,10.5412,0.0,3.81775,3.831594,1.530778,30,171,130,2,0.04358735,-0.00293352,0.13859161,0E-8,0.000000,0.889618,0.000000,-0.14797496,2026-03-22,2026-08-05,96,1173,774,137,0.700730,0.766291,0.776478,0.145291,,,,,,,,GLOBAL_BASELINE_NO_ENTITY_RANKING,,,NOT_APPLICABLE_GLOBAL_BASELINE,HF9g-P5,,,,X 全窗基线 · 不参与实体赏罚,3927448,393,A168_HF9F_20260827_0900,2026-08-27 09:00:00
2026-07-02,91797317,2235,0,20.4390303724,-20.4390303724,-20.4390303724,0E-7,1,1,0.49324550000000000,0.493245500000,-0.9865810262130424,-0.9865810262130424,-0.9865810262130424,0E-17,ELIGIBLE,R03b_20260811_FULL_v1,L1_ELIGIBILITY,v2026-08-11,2026-03-21..2026-08-06,baccarat_bet02_101_all_pairs_incl_sentinel,round_win = game_pnl > 0 (decisive only),COMPATIBILITY_ONLY_NOT_PRODUCTION,21006.2458,18687.5319,-61.6222,1247,1247,0.00293352,-0.13859161,0.00938335,0.00293352,61.6222,21006.2458,OK,0.0000,-2.4649,4.0000,96.0000,AG03-UNRESOLVED,ALL5_LEVELS_bet23_to_bet27,-2.4649,-2.4649,-2.4649,-4.3136,-4.3136,4.000000,4.000000,4.000000,7.000000,7.000000,96.000000,96.000000,96.000000,93.000000,93.000000,5.0,-16.0218,-14.4684,-45.6004,-47.1538,PENDING_AG03,FALSE,NOT_FOR_ENFORCEMENT,-59.1573,17940.0307,-61.6222,-59.1573,-2.4649,-0.00293352,-0.00281618,-2.4649,-59.1573,-0.00281618,-2.4649,-2.4649,-2.4649,-4.3136,-4.3136,-59.1573,-0.00281618,-16.0218,-14.4684,-45.6004,-47.1538,-0.00217080,-0.00224475,-0.00011734,16.8454,14.9860,-0.0494,-0.6419,-0.0525,218.8151,12.9896,13.0801,17.0694,10.3857,11.0045,21.0062,31.5093,42.0124,42.1647,10.5412,0.0,3.81775,3.831594,1.530778,30,171,130,2,0.04358735,-0.00293352,0.13859161,0E-8,0.000000,0.889618,0.000000,-0.14797496,2026-03-22,2026-08-05,96,1173,774,137,0.700730,0.766291,0.776478,0.145291,,,,,,,,GLOBAL_BASELINE_NO_ENTITY_RANKING,,,NOT_APPLICABLE_GLOBAL_BASELINE,HF9g-P5,,,,X 全窗基线 · 不参与实体赏罚,3927449,393,A168_HF9F_20260827_0900,2026-08-27 09:00:00
2026-07-03,91797317,-1,1,132.8536974206,30.6585455586,30.6585455586,0.5000000,6,6,0.49324550000000000,0.493245500000,0.027020465636507562,0.027020465636507562,0.027020465636507562,0E-17,SENTINEL_DEALER,R03b_20260811_FULL_v1,L1_ELIGIBILITY,v2026-08-11,2026-03-21..2026-08-06,baccarat_bet02_101_all_pairs_incl_sentinel,round_win = game_pnl > 0 (decisive only),COMPATIBILITY_ONLY_NOT_PRODUCTION,21006.2458,18687.5319,-61.6222,1247,1247,0.00293352,-0.13859161,0.00938335,0.00293352,61.6222,21006.2458,OK,0.0000,-2.4649,4.0000,96.0000,AG03-UNRESOLVED,ALL5_LEVELS_bet23_to_bet27,-2.4649,-2.4649,-2.4649,-4.3136,-4.3136,4.000000,4.000000,4.000000,7.000000,7.000000,96.000000,96.000000,96.000000,93.000000,93.000000,5.0,-16.0218,-14.4684,-45.6004,-47.1538,PENDING_AG03,FALSE,NOT_FOR_ENFORCEMENT,-59.1573,17940.0307,-61.6222,-59.1573,-2.4649,-0.00293352,-0.00281618,-2.4649,-59.1573,-0.00281618,-2.4649,-2.4649,-2.4649,-4.3136,-4.3136,-59.1573,-0.00281618,-16.0218,-14.4684,-45.6004,-47.1538,-0.00217080,-0.00224475,-0.00011734,16.8454,14.9860,-0.0494,-0.6419,-0.0525,218.8151,12.9896,13.0801,17.0694,10.3857,11.0045,21.0062,31.5093,42.0124,42.1647,10.5412,0.0,3.81775,3.831594,1.530778,30,171,130,2,0.04358735,-0.00293352,0.13859161,0E-8,0.000000,0.889618,0.000000,-0.14797496,2026-03-22,2026-08-05,96,1173,774,137,0.700730,0.766291,0.776478,0.145291,,,,,,,,GLOBAL_BASELINE_NO_ENTITY_RANKING,,,NOT_APPLICABLE_GLOBAL_BASELINE,HF9g-P5,,,,X 全窗基线 · 不参与实体赏罚,3927450,393,A168_HF9F_20260827_0900,2026-08-27 09:00:00
2026-07-03,91797317,1210,0,40.8780607448,0E-10,0E-10,0.5000000,2,2,0.49324550000000000,0.493245500000,0.01910635448239258,0.01910635448239258,0.01910635448239258,0E-17,ELIGIBLE,R03b_20260811_FULL_v1,L1_ELIGIBILITY,v2026-08-11,2026-03-21..2026-08-06,baccarat_bet02_101_all_pairs_incl_sentinel,round_win = game_pnl > 0 (decisive only),COMPATIBILITY_ONLY_NOT_PRODUCTION,21006.2458,18687.5319,-61.6222,1247,1247,0.00293352,-0.13859161,0.00938335,0.00293352,61.6222,21006.2458,OK,0.0000,-2.4649,4.0000,96.0000,AG03-UNRESOLVED,ALL5_LEVELS_bet23_to_bet27,-2.4649,-2.4649,-2.4649,-4.3136,-4.3136,4.000000,4.000000,4.000000,7.000000,7.000000,96.000000,96.000000,96.000000,93.000000,93.000000,5.0,-16.0218,-14.4684,-45.6004,-47.1538,PENDING_AG03,FALSE,NOT_FOR_ENFORCEMENT,-59.1573,17940.0307,-61.6222,-59.1573,-2.4649,-0.00293352,-0.00281618,-2.4649,-59.1573,-0.00281618,-2.4649,-2.4649,-2.4649,-4.3136,-4.3136,-59.1573,-0.00281618,-16.0218,-14.4684,-45.6004,-47.1538,-0.00217080,-0.00224475,-0.00011734,16.8454,14.9860,-0.0494,-0.6419,-0.0525,218.8151,12.9896,13.0801,17.0694,10.3857,11.0045,21.0062,31.5093,42.0124,42.1647,10.5412,0.0,3.81775,3.831594,1.530778,30,171,130,2,0.04358735,-0.00293352,0.13859161,0E-8,0.000000,0.889618,0.000000,-0.14797496,2026-03-22,2026-08-05,96,1173,774,137,0.700730,0.766291,0.776478,0.145291,,,,,,,,GLOBAL_BASELINE_NO_ENTITY_RANKING,,,NOT_APPLICABLE_GLOBAL_BASELINE,HF9g-P5,,,,X 全窗基线 · 不参与实体赏罚,3927451,393,A168_HF9F_20260827_0900,2026-08-27 09:00:00
2026-07-03,91797317,1942,0,20.4390303724,0E-10,0E-10,,1,1,0.49324550000000000,0.493245500000,,,,0E-17,NO_DECISIVE_ROUND,R03b_20260811_FULL_v1,L1_ELIGIBILITY,v2026-08-11,2026-03-21..2026-08-06,baccarat_bet02_101_all_pairs_incl_sentinel,round_win = game_pnl > 0 (decisive only),COMPATIBILITY_ONLY_NOT_PRODUCTION,21006.2458,18687.5319,-61.6222,1247,1247,0.00293352,-0.13859161,0.00938335,0.00293352,61.6222,21006.2458,OK,0.0000,-2.4649,4.0000,96.0000,AG03-UNRESOLVED,ALL5_LEVELS_bet23_to_bet27,-2.4649,-2.4649,-2.4649,-4.3136,-4.3136,4.000000,4.000000,4.000000,7.000000,7.000000,96.000000,96.000000,96.000000,93.000000,93.000000,5.0,-16.0218,-14.4684,-45.6004,-47.1538,PENDING_AG03,FALSE,NOT_FOR_ENFORCEMENT,-59.1573,17940.0307,-61.6222,-59.1573,-2.4649,-0.00293352,-0.00281618,-2.4649,-59.1573,-0.00281618,-2.4649,-2.4649,-2.4649,-4.3136,-4.3136,-59.1573,-0.00281618,-16.0218,-14.4684,-45.6004,-47.1538,-0.00217080,-0.00224475,-0.00011734,16.8454,14.9860,-0.0494,-0.6419,-0.0525,218.8151,12.9896,13.0801,17.0694,10.3857,11.0045,21.0062,31.5093,42.0124,42.1647,10.5412,0.0,3.81775,3.831594,1.530778,30,171,130,2,0.04358735,-0.00293352,0.13859161,0E-8,0.000000,0.889618,0.000000,-0.14797496,2026-03-22,2026-08-05,96,1173,774,137,0.700730,0.766291,0.776478,0.145291,,,,,,,,GLOBAL_BASELINE_NO_ENTITY_RANKING,,,NOT_APPLICABLE_GLOBAL_BASELINE,HF9g-P5,,,,X 全窗基线 · 不参与实体赏罚,3927452,393,A168_HF9F_20260827_0900,2026-08-27 09:00:00
2026-07-03,91797317,1994,0,40.8780607448,-40.8780607448,-40.8780607448,0E-7,1,1,0.49324550000000000,0.493245500000,-0.9865810262130424,-0.9865810262130424,-0.9865810262130424,0E-17,ELIGIBLE,R03b_20260811_FULL_v1,L1_ELIGIBILITY,v2026-08-11,2026-03-21..2026-08-06,baccarat_bet02_101_all_pairs_incl_sentinel,round_win = game_pnl > 0 (decisive only),COMPATIBILITY_ONLY_NOT_PRODUCTION,21006.2458,18687.5319,-61.6222,1247,1247,0.00293352,-0.13859161,0.00938335,0.00293352,61.6222,21006.2458,OK,0.0000,-2.4649,4.0000,96.0000,AG03-UNRESOLVED,ALL5_LEVELS_bet23_to_bet27,-2.4649,-2.4649,-2.4649,-4.3136,-4.3136,4.000000,4.000000,4.000000,7.000000,7.000000,96.000000,96.000000,96.000000,93.000000,93.000000,5.0,-16.0218,-14.4684,-45.6004,-47.1538,PENDING_AG03,FALSE,NOT_FOR_ENFORCEMENT,-59.1573,17940.0307,-61.6222,-59.1573,-2.4649,-0.00293352,-0.00281618,-2.4649,-59.1573,-0.00281618,-2.4649,-2.4649,-2.4649,-4.3136,-4.3136,-59.1573,-0.00281618,-16.0218,-14.4684,-45.6004,-47.1538,-0.00217080,-0.00224475,-0.00011734,16.8454,14.9860,-0.0494,-0.6419,-0.0525,218.8151,12.9896,13.0801,17.0694,10.3857,11.0045,21.0062,31.5093,42.0124,42.1647,10.5412,0.0,3.81775,3.831594,1.530778,30,171,130,2,0.04358735,-0.00293352,0.13859161,0E-8,0.000000,0.889618,0.000000,-0.14797496,2026-03-22,2026-08-05,96,1173,774,137,0.700730,0.766291,0.776478,0.145291,,,,,,,,GLOBAL_BASELINE_NO_ENTITY_RANKING,,,NOT_APPLICABLE_GLOBAL_BASELINE,HF9g-P5,,,,X 全窗基线 · 不参与实体赏罚,3927453,393,A168_HF9F_20260827_0900,2026-08-27 09:00:00
2026-07-03,91797317,2130,0,20.4390303724,20.4390303724,20.4390303724,1.0000000,1,1,0.49324550000000000,0.493245500000,1.01360149184955,1.01360149184955,1.01360149184955,0E-17,ELIGIBLE,R03b_20260811_FULL_v1,L1_ELIGIBILITY,v2026-08-11,2026-03-21..2026-08-06,baccarat_bet02_101_all_pairs_incl_sentinel,round_win = game_pnl > 0 (decisive only),COMPATIBILITY_ONLY_NOT_PRODUCTION,21006.2458,18687.5319,-61.6222,1247,1247,0.00293352,-0.13859161,0.00938335,0.00293352,61.6222,21006.2458,OK,0.0000,-2.4649,4.0000,96.0000,AG03-UNRESOLVED,ALL5_LEVELS_bet23_to_bet27,-2.4649,-2.4649,-2.4649,-4.3136,-4.3136,4.000000,4.000000,4.000000,7.000000,7.000000,96.000000,96.000000,96.000000,93.000000,93.000000,5.0,-16.0218,-14.4684,-45.6004,-47.1538,PENDING_AG03,FALSE,NOT_FOR_ENFORCEMENT,-59.1573,17940.0307,-61.6222,-59.1573,-2.4649,-0.00293352,-0.00281618,-2.4649,-59.1573,-0.00281618,-2.4649,-2.4649,-2.4649,-4.3136,-4.3136,-59.1573,-0.00281618,-16.0218,-14.4684,-45.6004,-47.1538,-0.00217080,-0.00224475,-0.00011734,16.8454,14.9860,-0.0494,-0.6419,-0.0525,218.8151,12.9896,13.0801,17.0694,10.3857,11.0045,21.0062,31.5093,42.0124,42.1647,10.5412,0.0,3.81775,3.831594,1.530778,30,171,130,2,0.04358735,-0.00293352,0.13859161,0E-8,0.000000,0.889618,0.000000,-0.14797496,2026-03-22,2026-08-05,96,1173,774,137,0.700730,0.766291,0.776478,0.145291,,,,,,,,GLOBAL_BASELINE_NO_ENTITY_RANKING,,,NOT_APPLICABLE_GLOBAL_BASELINE,HF9g-P5,,,,X 全窗基线 · 不参与实体赏罚,3927454,393,A168_HF9F_20260827_0900,2026-08-27 09:00:00
2026-07-03,91797317,2261,0,20.4390303724,20.4390303724,20.4390303724,1.0000000,1,1,0.49324550000000000,0.493245500000,1.01360149184955,1.01360149184955,1.01360149184955,0E-17,ELIGIBLE,R03b_20260811_FULL_v1,L1_ELIGIBILITY,v2026-08-11,2026-03-21..2026-08-06,baccarat_bet02_101_all_pairs_incl_sentinel,round_win = game_pnl > 0 (decisive only),COMPATIBILITY_ONLY_NOT_PRODUCTION,21006.2458,18687.5319,-61.6222,1247,1247,0.00293352,-0.13859161,0.00938335,0.00293352,61.6222,21006.2458,OK,0.0000,-2.4649,4.0000,96.0000,AG03-UNRESOLVED,ALL5_LEVELS_bet23_to_bet27,-2.4649,-2.4649,-2.4649,-4.3136,-4.3136,4.000000,4.000000,4.000000,7.000000,7.000000,96.000000,96.000000,96.000000,93.000000,93.000000,5.0,-16.0218,-14.4684,-45.6004,-47.1538,PENDING_AG03,FALSE,NOT_FOR_ENFORCEMENT,-59.1573,17940.0307,-61.6222,-59.1573,-2.4649,-0.00293352,-0.00281618,-2.4649,-59.1573,-0.00281618,-2.4649,-2.4649,-2.4649,-4.3136,-4.3136,-59.1573,-0.00281618,-16.0218,-14.4684,-45.6004,-47.1538,-0.00217080,-0.00224475,-0.00011734,16.8454,14.9860,-0.0494,-0.6419,-0.0525,218.8151,12.9896,13.0801,17.0694,10.3857,11.0045,21.0062,31.5093,42.0124,42.1647,10.5412,0.0,3.81775,3.831594,1.530778,30,171,130,2,0.04358735,-0.00293352,0.13859161,0E-8,0.000000,0.889618,0.000000,-0.14797496,2026-03-22,2026-08-05,96,1173,774,137,0.700730,0.766291,0.776478,0.145291,,,,,,,,GLOBAL_BASELINE_NO_ENTITY_RANKING,,,NOT_APPLICABLE_GLOBAL_BASELINE,HF9g-P5,,,,X 全窗基线 · 不参与实体赏罚,3927455,393,A168_HF9F_20260827_0900,2026-08-27 09:00:00
2026-07-03,91797317,526,0,20.4390303724,0E-10,0E-10,,1,1,0.49324550000000000,0.493245500000,,,,0E-17,NO_DECISIVE_ROUND,R03b_20260811_FULL_v1,L1_ELIGIBILITY,v2026-08-11,2026-03-21..2026-08-06,baccarat_bet02_101_all_pairs_incl_sentinel,round_win = game_pnl > 0 (decisive only),COMPATIBILITY_ONLY_NOT_PRODUCTION,21006.2458,18687.5319,-61.6222,1247,1247,0.00293352,-0.13859161,0.00938335,0.00293352,61.6222,21006.2458,OK,0.0000,-2.4649,4.0000,96.0000,AG03-UNRESOLVED,ALL5_LEVELS_bet23_to_bet27,-2.4649,-2.4649,-2.4649,-4.3136,-4.3136,4.000000,4.000000,4.000000,7.000000,7.000000,96.000000,96.000000,96.000000,93.000000,93.000000,5.0,-16.0218,-14.4684,-45.6004,-47.1538,PENDING_AG03,FALSE,NOT_FOR_ENFORCEMENT,-59.1573,17940.0307,-61.6222,-59.1573,-2.4649,-0.00293352,-0.00281618,-2.4649,-59.1573,-0.00281618,-2.4649,-2.4649,-2.4649,-4.3136,-4.3136,-59.1573,-0.00281618,-16.0218,-14.4684,-45.6004,-47.1538,-0.00217080,-0.00224475,-0.00011734,16.8454,14.9860,-0.0494,-0.6419,-0.0525,218.8151,12.9896,13.0801,17.0694,10.3857,11.0045,21.0062,31.5093,42.0124,42.1647,10.5412,0.0,3.81775,3.831594,1.530778,30,171,130,2,0.04358735,-0.00293352,0.13859161,0E-8,0.000000,0.889618,0.000000,-0.14797496,2026-03-22,2026-08-05,96,1173,774,137,0.700730,0.766291,0.776478,0.145291,,,,,,,,GLOBAL_BASELINE_NO_ENTITY_RANKING,,,NOT_APPLICABLE_GLOBAL_BASELINE,HF9g-P5,,,,X 全窗基线 · 不参与实体赏罚,3927456,393,A168_HF9F_20260827_0900,2026-08-27 09:00:00
2026-07-04,91797317,-1,1,36.7902546703,-36.7902546703,-36.7902546703,0E-7,3,3,0.49324550000000000,0.493245500000,-1.708808463184432,-1.7088084631844318,-1.708808463184432,0E-17,SENTINEL_DEALER,R03b_20260811_FULL_v1,L1_ELIGIBILITY,v2026-08-11,2026-03-21..2026-08-06,baccarat_bet02_101_all_pairs_incl_sentinel,round_win = game_pnl > 0 (decisive only),COMPATIBILITY_ONLY_NOT_PRODUCTION,21006.2458,18687.5319,-61.6222,1247,1247,0.00293352,-0.13859161,0.00938335,0.00293352,61.6222,21006.2458,OK,0.0000,-2.4649,4.0000,96.0000,AG03-UNRESOLVED,ALL5_LEVELS_bet23_to_bet27,-2.4649,-2.4649,-2.4649,-4.3136,-4.3136,4.000000,4.000000,4.000000,7.000000,7.000000,96.000000,96.000000,96.000000,93.000000,93.000000,5.0,-16.0218,-14.4684,-45.6004,-47.1538,PENDING_AG03,FALSE,NOT_FOR_ENFORCEMENT,-59.1573,17940.0307,-61.6222,-59.1573,-2.4649,-0.00293352,-0.00281618,-2.4649,-59.1573,-0.00281618,-2.4649,-2.4649,-2.4649,-4.3136,-4.3136,-59.1573,-0.00281618,-16.0218,-14.4684,-45.6004,-47.1538,-0.00217080,-0.00224475,-0.00011734,16.8454,14.9860,-0.0494,-0.6419,-0.0525,218.8151,12.9896,13.0801,17.0694,10.3857,11.0045,21.0062,31.5093,42.0124,42.1647,10.5412,0.0,3.81775,3.831594,1.530778,30,171,130,2,0.04358735,-0.00293352,0.13859161,0E-8,0.000000,0.889618,0.000000,-0.14797496,2026-03-22,2026-08-05,96,1173,774,137,0.700730,0.766291,0.776478,0.145291,,,,,,,,GLOBAL_BASELINE_NO_ENTITY_RANKING,,,NOT_APPLICABLE_GLOBAL_BASELINE,HF9g-P5,,,,X 全窗基线 · 不参与实体赏罚,3927457,393,A168_HF9F_20260827_0900,2026-08-27 09:00:00
2026-07-04,91797317,1325,0,10.2195151862,0E-10,0E-10,,1,1,0.49324550000000000,0.493245500000,,,,0E-17,NO_DECISIVE_ROUND,R03b_20260811_FULL_v1,L1_ELIGIBILITY,v2026-08-11,2026-03-21..2026-08-06,baccarat_bet02_101_all_pairs_incl_sentinel,round_win = game_pnl > 0 (decisive only),COMPATIBILITY_ONLY_NOT_PRODUCTION,21006.2458,18687.5319,-61.6222,1247,1247,0.00293352,-0.13859161,0.00938335,0.00293352,61.6222,21006.2458,OK,0.0000,-2.4649,4.0000,96.0000,AG03-UNRESOLVED,ALL5_LEVELS_bet23_to_bet27,-2.4649,-2.4649,-2.4649,-4.3136,-4.3136,4.000000,4.000000,4.000000,7.000000,7.000000,96.000000,96.000000,96.000000,93.000000,93.000000,5.0,-16.0218,-14.4684,-45.6004,-47.1538,PENDING_AG03,FALSE,NOT_FOR_ENFORCEMENT,-59.1573,17940.0307,-61.6222,-59.1573,-2.4649,-0.00293352,-0.00281618,-2.4649,-59.1573,-0.00281618,-2.4649,-2.4649,-2.4649,-4.3136,-4.3136,-59.1573,-0.00281618,-16.0218,-14.4684,-45.6004,-47.1538,-0.00217080,-0.00224475,-0.00011734,16.8454,14.9860,-0.0494,-0.6419,-0.0525,218.8151,12.9896,13.0801,17.0694,10.3857,11.0045,21.0062,31.5093,42.0124,42.1647,10.5412,0.0,3.81775,3.831594,1.530778,30,171,130,2,0.04358735,-0.00293352,0.13859161,0E-8,0.000000,0.889618,0.000000,-0.14797496,2026-03-22,2026-08-05,96,1173,774,137,0.700730,0.766291,0.776478,0.145291,,,,,,,,GLOBAL_BASELINE_NO_ENTITY_RANKING,,,NOT_APPLICABLE_GLOBAL_BASELINE,HF9g-P5,,,,X 全窗基线 · 不参与实体赏罚,3927458,393,A168_HF9F_20260827_0900,2026-08-27 09:00:00
2026-07-04,91797317,1645,0,6.1317091117,6.1317091117,6.1317091117,1.0000000,1,1,0.49324550000000000,0.493245500000,1.01360149184955,1.01360149184955,1.01360149184955,0E-17,ELIGIBLE,R03b_20260811_FULL_v1,L1_ELIGIBILITY,v2026-08-11,2026-03-21..2026-08-06,baccarat_bet02_101_all_pairs_incl_sentinel,round_win = game_pnl > 0 (decisive only),COMPATIBILITY_ONLY_NOT_PRODUCTION,21006.2458,18687.5319,-61.6222,1247,1247,0.00293352,-0.13859161,0.00938335,0.00293352,61.6222,21006.2458,OK,0.0000,-2.4649,4.0000,96.0000,AG03-UNRESOLVED,ALL5_LEVELS_bet23_to_bet27,-2.4649,-2.4649,-2.4649,-4.3136,-4.3136,4.000000,4.000000,4.000000,7.000000,7.000000,96.000000,96.000000,96.000000,93.000000,93.000000,5.0,-16.0218,-14.4684,-45.6004,-47.1538,PENDING_AG03,FALSE,NOT_FOR_ENFORCEMENT,-59.1573,17940.0307,-61.6222,-59.1573,-2.4649,-0.00293352,-0.00281618,-2.4649,-59.1573,-0.00281618,-2.4649,-2.4649,-2.4649,-4.3136,-4.3136,-59.1573,-0.00281618,-16.0218,-14.4684,-45.6004,-47.1538,-0.00217080,-0.00224475,-0.00011734,16.8454,14.9860,-0.0494,-0.6419,-0.0525,218.8151,12.9896,13.0801,17.0694,10.3857,11.0045,21.0062,31.5093,42.0124,42.1647,10.5412,0.0,3.81775,3.831594,1.530778,30,171,130,2,0.04358735,-0.00293352,0.13859161,0E-8,0.000000,0.889618,0.000000,-0.14797496,2026-03-22,2026-08-05,96,1173,774,137,0.700730,0.766291,0.776478,0.145291,,,,,,,,GLOBAL_BASELINE_NO_ENTITY_RANKING,,,NOT_APPLICABLE_GLOBAL_BASELINE,HF9g-P5,,,,X 全窗基线 · 不参与实体赏罚,3927459,393,A168_HF9F_20260827_0900,2026-08-27 09:00:00
2026-07-04,91797317,2169,0,6.1317091117,-6.1317091117,-6.1317091117,0E-7,1,1,0.49324550000000000,0.493245500000,-0.9865810262130424,-0.9865810262130424,-0.9865810262130424,0E-17,ELIGIBLE,R03b_20260811_FULL_v1,L1_ELIGIBILITY,v2026-08-11,2026-03-21..2026-08-06,baccarat_bet02_101_all_pairs_incl_sentinel,round_win = game_pnl > 0 (decisive only),COMPATIBILITY_ONLY_NOT_PRODUCTION,21006.2458,18687.5319,-61.6222,1247,1247,0.00293352,-0.13859161,0.00938335,0.00293352,61.6222,21006.2458,OK,0.0000,-2.4649,4.0000,96.0000,AG03-UNRESOLVED,ALL5_LEVELS_bet23_to_bet27,-2.4649,-2.4649,-2.4649,-4.3136,-4.3136,4.000000,4.000000,4.000000,7.000000,7.000000,96.000000,96.000000,96.000000,93.000000,93.000000,5.0,-16.0218,-14.4684,-45.6004,-47.1538,PENDING_AG03,FALSE,NOT_FOR_ENFORCEMENT,-59.1573,17940.0307,-61.6222,-59.1573,-2.4649,-0.00293352,-0.00281618,-2.4649,-59.1573,-0.00281618,-2.4649,-2.4649,-2.4649,-4.3136,-4.3136,-59.1573,-0.00281618,-16.0218,-14.4684,-45.6004,-47.1538,-0.00217080,-0.00224475,-0.00011734,16.8454,14.9860,-0.0494,-0.6419,-0.0525,218.8151,12.9896,13.0801,17.0694,10.3857,11.0045,21.0062,31.5093,42.0124,42.1647,10.5412,0.0,3.81775,3.831594,1.530778,30,171,130,2,0.04358735,-0.00293352,0.13859161,0E-8,0.000000,0.889618,0.000000,-0.14797496,2026-03-22,2026-08-05,96,1173,774,137,0.700730,0.766291,0.776478,0.145291,,,,,,,,GLOBAL_BASELINE_NO_ENTITY_RANKING,,,NOT_APPLICABLE_GLOBAL_BASELINE,HF9g-P5,,,,X 全窗基线 · 不参与实体赏罚,3927460,393,A168_HF9F_20260827_0900,2026-08-27 09:00:00
2026-07-04,91797317,2214,0,6.1317091117,6.1317091117,6.1317091117,1.0000000,1,1,0.49324550000000000,0.493245500000,1.01360149184955,1.01360149184955,1.01360149184955,0E-17,ELIGIBLE,R03b_20260811_FULL_v1,L1_ELIGIBILITY,v2026-08-11,2026-03-21..2026-08-06,baccarat_bet02_101_all_pairs_incl_sentinel,round_win = game_pnl > 0 (decisive only),COMPATIBILITY_ONLY_NOT_PRODUCTION,21006.2458,18687.5319,-61.6222,1247,1247,0.00293352,-0.13859161,0.00938335,0.00293352,61.6222,21006.2458,OK,0.0000,-2.4649,4.0000,96.0000,AG03-UNRESOLVED,ALL5_LEVELS_bet23_to_bet27,-2.4649,-2.4649,-2.4649,-4.3136,-4.3136,4.000000,4.000000,4.000000,7.000000,7.000000,96.000000,96.000000,96.000000,93.000000,93.000000,5.0,-16.0218,-14.4684,-45.6004,-47.1538,PENDING_AG03,FALSE,NOT_FOR_ENFORCEMENT,-59.1573,17940.0307,-61.6222,-59.1573,-2.4649,-0.00293352,-0.00281618,-2.4649,-59.1573,-0.00281618,-2.4649,-2.4649,-2.4649,-4.3136,-4.3136,-59.1573,-0.00281618,-16.0218,-14.4684,-45.6004,-47.1538,-0.00217080,-0.00224475,-0.00011734,16.8454,14.9860,-0.0494,-0.6419,-0.0525,218.8151,12.9896,13.0801,17.0694,10.3857,11.0045,21.0062,31.5093,42.0124,42.1647,10.5412,0.0,3.81775,3.831594,1.530778,30,171,130,2,0.04358735,-0.00293352,0.13859161,0E-8,0.000000,0.889618,0.000000,-0.14797496,2026-03-22,2026-08-05,96,1173,774,137,0.700730,0.766291,0.776478,0.145291,,,,,,,,GLOBAL_BASELINE_NO_ENTITY_RANKING,,,NOT_APPLICABLE_GLOBAL_BASELINE,HF9g-P5,,,,X 全窗基线 · 不参与实体赏罚,3927461,393,A168_HF9F_20260827_0900,2026-08-27 09:00:00
2026-07-04,91797317,2242,0,20.4390303724,-20.4390303724,-20.4390303724,0E-7,1,1,0.49324550000000000,0.493245500000,-0.9865810262130424,-0.9865810262130424,-0.9865810262130424,0E-17,ELIGIBLE,R03b_20260811_FULL_v1,L1_ELIGIBILITY,v2026-08-11,2026-03-21..2026-08-06,baccarat_bet02_101_all_pairs_incl_sentinel,round_win = game_pnl > 0 (decisive only),COMPATIBILITY_ONLY_NOT_PRODUCTION,21006.2458,18687.5319,-61.6222,1247,1247,0.00293352,-0.13859161,0.00938335,0.00293352,61.6222,21006.2458,OK,0.0000,-2.4649,4.0000,96.0000,AG03-UNRESOLVED,ALL5_LEVELS_bet23_to_bet27,-2.4649,-2.4649,-2.4649,-4.3136,-4.3136,4.000000,4.000000,4.000000,7.000000,7.000000,96.000000,96.000000,96.000000,93.000000,93.000000,5.0,-16.0218,-14.4684,-45.6004,-47.1538,PENDING_AG03,FALSE,NOT_FOR_ENFORCEMENT,-59.1573,17940.0307,-61.6222,-59.1573,-2.4649,-0.00293352,-0.00281618,-2.4649,-59.1573,-0.00281618,-2.4649,-2.4649,-2.4649,-4.3136,-4.3136,-59.1573,-0.00281618,-16.0218,-14.4684,-45.6004,-47.1538,-0.00217080,-0.00224475,-0.00011734,16.8454,14.9860,-0.0494,-0.6419,-0.0525,218.8151,12.9896,13.0801,17.0694,10.3857,11.0045,21.0062,31.5093,42.0124,42.1647,10.5412,0.0,3.81775,3.831594,1.530778,30,171,130,2,0.04358735,-0.00293352,0.13859161,0E-8,0.000000,0.889618,0.000000,-0.14797496,2026-03-22,2026-08-05,96,1173,774,137,0.700730,0.766291,0.776478,0.145291,,,,,,,,GLOBAL_BASELINE_NO_ENTITY_RANKING,,,NOT_APPLICABLE_GLOBAL_BASELINE,HF9g-P5,,,,X 全窗基线 · 不参与实体赏罚,3927462,393,A168_HF9F_20260827_0900,2026-08-27 09:00:00
2026-07-04,91797317,2246,0,10.2195151862,10.2195151862,10.2195151862,1.0000000,1,1,0.49324550000000000,0.493245500000,1.01360149184955,1.01360149184955,1.01360149184955,0E-17,ELIGIBLE,R03b_20260811_FULL_v1,L1_ELIGIBILITY,v2026-08-11,2026-03-21..2026-08-06,baccarat_bet02_101_all_pairs_incl_sentinel,round_win = game_pnl > 0 (decisive only),COMPATIBILITY_ONLY_NOT_PRODUCTION,21006.2458,18687.5319,-61.6222,1247,1247,0.00293352,-0.13859161,0.00938335,0.00293352,61.6222,21006.2458,OK,0.0000,-2.4649,4.0000,96.0000,AG03-UNRESOLVED,ALL5_LEVELS_bet23_to_bet27,-2.4649,-2.4649,-2.4649,-4.3136,-4.3136,4.000000,4.000000,4.000000,7.000000,7.000000,96.000000,96.000000,96.000000,93.000000,93.000000,5.0,-16.0218,-14.4684,-45.6004,-47.1538,PENDING_AG03,FALSE,NOT_FOR_ENFORCEMENT,-59.1573,17940.0307,-61.6222,-59.1573,-2.4649,-0.00293352,-0.00281618,-2.4649,-59.1573,-0.00281618,-2.4649,-2.4649,-2.4649,-4.3136,-4.3136,-59.1573,-0.00281618,-16.0218,-14.4684,-45.6004,-47.1538,-0.00217080,-0.00224475,-0.00011734,16.8454,14.9860,-0.0494,-0.6419,-0.0525,218.8151,12.9896,13.0801,17.0694,10.3857,11.0045,21.0062,31.5093,42.0124,42.1647,10.5412,0.0,3.81775,3.831594,1.530778,30,171,130,2,0.04358735,-0.00293352,0.13859161,0E-8,0.000000,0.889618,0.000000,-0.14797496,2026-03-22,2026-08-05,96,1173,774,137,0.700730,0.766291,0.776478,0.145291,,,,,,,,GLOBAL_BASELINE_NO_ENTITY_RANKING,,,NOT_APPLICABLE_GLOBAL_BASELINE,HF9g-P5,,,,X 全窗基线 · 不参与实体赏罚,3927463,393,A168_HF9F_20260827_0900,2026-08-27 09:00:00
2026-07-04,91797317,2288,0,20.4390303724,-20.4390303724,-20.4390303724,0E-7,1,1,0.49324550000000000,0.493245500000,-0.9865810262130424,-0.9865810262130424,-0.9865810262130424,0E-17,ELIGIBLE,R03b_20260811_FULL_v1,L1_ELIGIBILITY,v2026-08-11,2026-03-21..2026-08-06,baccarat_bet02_101_all_pairs_incl_sentinel,round_win = game_pnl > 0 (decisive only),COMPATIBILITY_ONLY_NOT_PRODUCTION,21006.2458,18687.5319,-61.6222,1247,1247,0.00293352,-0.13859161,0.00938335,0.00293352,61.6222,21006.2458,OK,0.0000,-2.4649,4.0000,96.0000,AG03-UNRESOLVED,ALL5_LEVELS_bet23_to_bet27,-2.4649,-2.4649,-2.4649,-4.3136,-4.3136,4.000000,4.000000,4.000000,7.000000,7.000000,96.000000,96.000000,96.000000,93.000000,93.000000,5.0,-16.0218,-14.4684,-45.6004,-47.1538,PENDING_AG03,FALSE,NOT_FOR_ENFORCEMENT,-59.1573,17940.0307,-61.6222,-59.1573,-2.4649,-0.00293352,-0.00281618,-2.4649,-59.1573,-0.00281618,-2.4649,-2.4649,-2.4649,-4.3136,-4.3136,-59.1573,-0.00281618,-16.0218,-14.4684,-45.6004,-47.1538,-0.00217080,-0.00224475,-0.00011734,16.8454,14.9860,-0.0494,-0.6419,-0.0525,218.8151,12.9896,13.0801,17.0694,10.3857,11.0045,21.0062,31.5093,42.0124,42.1647,10.5412,0.0,3.81775,3.831594,1.530778,30,171,130,2,0.04358735,-0.00293352,0.13859161,0E-8,0.000000,0.889618,0.000000,-0.14797496,2026-03-22,2026-08-05,96,1173,774,137,0.700730,0.766291,0.776478,0.145291,,,,,,,,GLOBAL_BASELINE_NO_ENTITY_RANKING,,,NOT_APPLICABLE_GLOBAL_BASELINE,HF9g-P5,,,,X 全窗基线 · 不参与实体赏罚,3927464,393,A168_HF9F_20260827_0900,2026-08-27 09:00:00
2026-07-04,91797317,772,0,6.1317091117,6.1317091117,6.1317091117,1.0000000,1,1,0.49324550000000000,0.493245500000,1.01360149184955,1.01360149184955,1.01360149184955,0E-17,ELIGIBLE,R03b_20260811_FULL_v1,L1_ELIGIBILITY,v2026-08-11,2026-03-21..2026-08-06,baccarat_bet02_101_all_pairs_incl_sentinel,round_win = game_pnl > 0 (decisive only),COMPATIBILITY_ONLY_NOT_PRODUCTION,21006.2458,18687.5319,-61.6222,1247,1247,0.00293352,-0.13859161,0.00938335,0.00293352,61.6222,21006.2458,OK,0.0000,-2.4649,4.0000,96.0000,AG03-UNRESOLVED,ALL5_LEVELS_bet23_to_bet27,-2.4649,-2.4649,-2.4649,-4.3136,-4.3136,4.000000,4.000000,4.000000,7.000000,7.000000,96.000000,96.000000,96.000000,93.000000,93.000000,5.0,-16.0218,-14.4684,-45.6004,-47.1538,PENDING_AG03,FALSE,NOT_FOR_ENFORCEMENT,-59.1573,17940.0307,-61.6222,-59.1573,-2.4649,-0.00293352,-0.00281618,-2.4649,-59.1573,-0.00281618,-2.4649,-2.4649,-2.4649,-4.3136,-4.3136,-59.1573,-0.00281618,-16.0218,-14.4684,-45.6004,-47.1538,-0.00217080,-0.00224475,-0.00011734,16.8454,14.9860,-0.0494,-0.6419,-0.0525,218.8151,12.9896,13.0801,17.0694,10.3857,11.0045,21.0062,31.5093,42.0124,42.1647,10.5412,0.0,3.81775,3.831594,1.530778,30,171,130,2,0.04358735,-0.00293352,0.13859161,0E-8,0.000000,0.889618,0.000000,-0.14797496,2026-03-22,2026-08-05,96,1173,774,137,0.700730,0.766291,0.776478,0.145291,,,,,,,,GLOBAL_BASELINE_NO_ENTITY_RANKING,,,NOT_APPLICABLE_GLOBAL_BASELINE,HF9g-P5,,,,X 全窗基线 · 不参与实体赏罚,3927465,393,A168_HF9F_20260827_0900,2026-08-27 09:00:00
2026-07-05,91797317,-1,1,42.9219637820,-10.2195151862,-10.2195151862,0.5000000,4,4,0.49324550000000000,0.493245500000,0.027020465636507562,0.027020465636507562,0.027020465636507562,0E-17,SENTINEL_DEALER,R03b_20260811_FULL_v1,L1_ELIGIBILITY,v2026-08-11,2026-03-21..2026-08-06,baccarat_bet02_101_all_pairs_incl_sentinel,round_win = game_pnl > 0 (decisive only),COMPATIBILITY_ONLY_NOT_PRODUCTION,21006.2458,18687.5319,-61.6222,1247,1247,0.00293352,-0.13859161,0.00938335,0.00293352,61.6222,21006.2458,OK,0.0000,-2.4649,4.0000,96.0000,AG03-UNRESOLVED,ALL5_LEVELS_bet23_to_bet27,-2.4649,-2.4649,-2.4649,-4.3136,-4.3136,4.000000,4.000000,4.000000,7.000000,7.000000,96.000000,96.000000,96.000000,93.000000,93.000000,5.0,-16.0218,-14.4684,-45.6004,-47.1538,PENDING_AG03,FALSE,NOT_FOR_ENFORCEMENT,-59.1573,17940.0307,-61.6222,-59.1573,-2.4649,-0.00293352,-0.00281618,-2.4649,-59.1573,-0.00281618,-2.4649,-2.4649,-2.4649,-4.3136,-4.3136,-59.1573,-0.00281618,-16.0218,-14.4684,-45.6004,-47.1538,-0.00217080,-0.00224475,-0.00011734,16.8454,14.9860,-0.0494,-0.6419,-0.0525,218.8151,12.9896,13.0801,17.0694,10.3857,11.0045,21.0062,31.5093,42.0124,42.1647,10.5412,0.0,3.81775,3.831594,1.530778,30,171,130,2,0.04358735,-0.00293352,0.13859161,0E-8,0.000000,0.889618,0.000000,-0.14797496,2026-03-22,2026-08-05,96,1173,774,137,0.700730,0.766291,0.776478,0.145291,,,,,,,,GLOBAL_BASELINE_NO_ENTITY_RANKING,,,NOT_APPLICABLE_GLOBAL_BASELINE,HF9g-P5,,,,X 全窗基线 · 不参与实体赏罚,3927466,393,A168_HF9F_20260827_0900,2026-08-27 09:00:00
2026-07-05,91797317,1318,0,6.1317091117,6.1317091117,6.1317091117,1.0000000,1,1,0.49324550000000000,0.493245500000,1.01360149184955,1.01360149184955,1.01360149184955,0E-17,ELIGIBLE,R03b_20260811_FULL_v1,L1_ELIGIBILITY,v2026-08-11,2026-03-21..2026-08-06,baccarat_bet02_101_all_pairs_incl_sentinel,round_win = game_pnl > 0 (decisive only),COMPATIBILITY_ONLY_NOT_PRODUCTION,21006.2458,18687.5319,-61.6222,1247,1247,0.00293352,-0.13859161,0.00938335,0.00293352,61.6222,21006.2458,OK,0.0000,-2.4649,4.0000,96.0000,AG03-UNRESOLVED,ALL5_LEVELS_bet23_to_bet27,-2.4649,-2.4649,-2.4649,-4.3136,-4.3136,4.000000,4.000000,4.000000,7.000000,7.000000,96.000000,96.000000,96.000000,93.000000,93.000000,5.0,-16.0218,-14.4684,-45.6004,-47.1538,PENDING_AG03,FALSE,NOT_FOR_ENFORCEMENT,-59.1573,17940.0307,-61.6222,-59.1573,-2.4649,-0.00293352,-0.00281618,-2.4649,-59.1573,-0.00281618,-2.4649,-2.4649,-2.4649,-4.3136,-4.3136,-59.1573,-0.00281618,-16.0218,-14.4684,-45.6004,-47.1538,-0.00217080,-0.00224475,-0.00011734,16.8454,14.9860,-0.0494,-0.6419,-0.0525,218.8151,12.9896,13.0801,17.0694,10.3857,11.0045,21.0062,31.5093,42.0124,42.1647,10.5412,0.0,3.81775,3.831594,1.530778,30,171,130,2,0.04358735,-0.00293352,0.13859161,0E-8,0.000000,0.889618,0.000000,-0.14797496,2026-03-22,2026-08-05,96,1173,774,137,0.700730,0.766291,0.776478,0.145291,,,,,,,,GLOBAL_BASELINE_NO_ENTITY_RANKING,,,NOT_APPLICABLE_GLOBAL_BASELINE,HF9g-P5,,,,X 全窗基线 · 不参与实体赏罚,3927467,393,A168_HF9F_20260827_0900,2026-08-27 09:00:00
2026-07-05,91797317,2088,0,6.1317091117,-6.1317091117,-6.1317091117,0E-7,1,1,0.49324550000000000,0.493245500000,-0.9865810262130424,-0.9865810262130424,-0.9865810262130424,0E-17,ELIGIBLE,R03b_20260811_FULL_v1,L1_ELIGIBILITY,v2026-08-11,2026-03-21..2026-08-06,baccarat_bet02_101_all_pairs_incl_sentinel,round_win = game_pnl > 0 (decisive only),COMPATIBILITY_ONLY_NOT_PRODUCTION,21006.2458,18687.5319,-61.6222,1247,1247,0.00293352,-0.13859161,0.00938335,0.00293352,61.6222,21006.2458,OK,0.0000,-2.4649,4.0000,96.0000,AG03-UNRESOLVED,ALL5_LEVELS_bet23_to_bet27,-2.4649,-2.4649,-2.4649,-4.3136,-4.3136,4.000000,4.000000,4.000000,7.000000,7.000000,96.000000,96.000000,96.000000,93.000000,93.000000,5.0,-16.0218,-14.4684,-45.6004,-47.1538,PENDING_AG03,FALSE,NOT_FOR_ENFORCEMENT,-59.1573,17940.0307,-61.6222,-59.1573,-2.4649,-0.00293352,-0.00281618,-2.4649,-59.1573,-0.00281618,-2.4649,-2.4649,-2.4649,-4.3136,-4.3136,-59.1573,-0.00281618,-16.0218,-14.4684,-45.6004,-47.1538,-0.00217080,-0.00224475,-0.00011734,16.8454,14.9860,-0.0494,-0.6419,-0.0525,218.8151,12.9896,13.0801,17.0694,10.3857,11.0045,21.0062,31.5093,42.0124,42.1647,10.5412,0.0,3.81775,3.831594,1.530778,30,171,130,2,0.04358735,-0.00293352,0.13859161,0E-8,0.000000,0.889618,0.000000,-0.14797496,2026-03-22,2026-08-05,96,1173,774,137,0.700730,0.766291,0.776478,0.145291,,,,,,,,GLOBAL_BASELINE_NO_ENTITY_RANKING,,,NOT_APPLICABLE_GLOBAL_BASELINE,HF9g-P5,,,,X 全窗基线 · 不参与实体赏罚,3927468,393,A168_HF9F_20260827_0900,2026-08-27 09:00:00
2026-07-05,91797317,2235,0,6.1317091117,6.1317091117,6.1317091117,1.0000000,1,1,0.49324550000000000,0.493245500000,1.01360149184955,1.01360149184955,1.01360149184955,0E-17,ELIGIBLE,R03b_20260811_FULL_v1,L1_ELIGIBILITY,v2026-08-11,2026-03-21..2026-08-06,baccarat_bet02_101_all_pairs_incl_sentinel,round_win = game_pnl > 0 (decisive only),COMPATIBILITY_ONLY_NOT_PRODUCTION,21006.2458,18687.5319,-61.6222,1247,1247,0.00293352,-0.13859161,0.00938335,0.00293352,61.6222,21006.2458,OK,0.0000,-2.4649,4.0000,96.0000,AG03-UNRESOLVED,ALL5_LEVELS_bet23_to_bet27,-2.4649,-2.4649,-2.4649,-4.3136,-4.3136,4.000000,4.000000,4.000000,7.000000,7.000000,96.000000,96.000000,96.000000,93.000000,93.000000,5.0,-16.0218,-14.4684,-45.6004,-47.1538,PENDING_AG03,FALSE,NOT_FOR_ENFORCEMENT,-59.1573,17940.0307,-61.6222,-59.1573,-2.4649,-0.00293352,-0.00281618,-2.4649,-59.1573,-0.00281618,-2.4649,-2.4649,-2.4649,-4.3136,-4.3136,-59.1573,-0.00281618,-16.0218,-14.4684,-45.6004,-47.1538,-0.00217080,-0.00224475,-0.00011734,16.8454,14.9860,-0.0494,-0.6419,-0.0525,218.8151,12.9896,13.0801,17.0694,10.3857,11.0045,21.0062,31.5093,42.0124,42.1647,10.5412,0.0,3.81775,3.831594,1.530778,30,171,130,2,0.04358735,-0.00293352,0.13859161,0E-8,0.000000,0.889618,0.000000,-0.14797496,2026-03-22,2026-08-05,96,1173,774,137,0.700730,0.766291,0.776478,0.145291,,,,,,,,GLOBAL_BASELINE_NO_ENTITY_RANKING,,,NOT_APPLICABLE_GLOBAL_BASELINE,HF9g-P5,,,,X 全窗基线 · 不参与实体赏罚,3927469,393,A168_HF9F_20260827_0900,2026-08-27 09:00:00
2026-07-05,91797317,2281,0,26.5707394841,-26.5707394841,-26.5707394841,0E-7,2,2,0.49324550000000000,0.493245500000,-1.3952362676504506,-1.3952362676504506,-1.3952362676504506,0E-17,ELIGIBLE,R03b_20260811_FULL_v1,L1_ELIGIBILITY,v2026-08-11,2026-03-21..2026-08-06,baccarat_bet02_101_all_pairs_incl_sentinel,round_win = game_pnl > 0 (decisive only),COMPATIBILITY_ONLY_NOT_PRODUCTION,21006.2458,18687.5319,-61.6222,1247,1247,0.00293352,-0.13859161,0.00938335,0.00293352,61.6222,21006.2458,OK,0.0000,-2.4649,4.0000,96.0000,AG03-UNRESOLVED,ALL5_LEVELS_bet23_to_bet27,-2.4649,-2.4649,-2.4649,-4.3136,-4.3136,4.000000,4.000000,4.000000,7.000000,7.000000,96.000000,96.000000,96.000000,93.000000,93.000000,5.0,-16.0218,-14.4684,-45.6004,-47.1538,PENDING_AG03,FALSE,NOT_FOR_ENFORCEMENT,-59.1573,17940.0307,-61.6222,-59.1573,-2.4649,-0.00293352,-0.00281618,-2.4649,-59.1573,-0.00281618,-2.4649,-2.4649,-2.4649,-4.3136,-4.3136,-59.1573,-0.00281618,-16.0218,-14.4684,-45.6004,-47.1538,-0.00217080,-0.00224475,-0.00011734,16.8454,14.9860,-0.0494,-0.6419,-0.0525,218.8151,12.9896,13.0801,17.0694,10.3857,11.0045,21.0062,31.5093,42.0124,42.1647,10.5412,0.0,3.81775,3.831594,1.530778,30,171,130,2,0.04358735,-0.00293352,0.13859161,0E-8,0.000000,0.889618,0.000000,-0.14797496,2026-03-22,2026-08-05,96,1173,774,137,0.700730,0.766291,0.776478,0.145291,,,,,,,,GLOBAL_BASELINE_NO_ENTITY_RANKING,,,NOT_APPLICABLE_GLOBAL_BASELINE,HF9g-P5,,,,X 全窗基线 · 不参与实体赏罚,3927470,393,A168_HF9F_20260827_0900,2026-08-27 09:00:00
2026-07-05,91797317,550,0,6.1317091117,-6.1317091117,-6.1317091117,0E-7,1,1,0.49324550000000000,0.493245500000,-0.9865810262130424,-0.9865810262130424,-0.9865810262130424,0E-17,ELIGIBLE,R03b_20260811_FULL_v1,L1_ELIGIBILITY,v2026-08-11,2026-03-21..2026-08-06,baccarat_bet02_101_all_pairs_incl_sentinel,round_win = game_pnl > 0 (decisive only),COMPATIBILITY_ONLY_NOT_PRODUCTION,21006.2458,18687.5319,-61.6222,1247,1247,0.00293352,-0.13859161,0.00938335,0.00293352,61.6222,21006.2458,OK,0.0000,-2.4649,4.0000,96.0000,AG03-UNRESOLVED,ALL5_LEVELS_bet23_to_bet27,-2.4649,-2.4649,-2.4649,-4.3136,-4.3136,4.000000,4.000000,4.000000,7.000000,7.000000,96.000000,96.000000,96.000000,93.000000,93.000000,5.0,-16.0218,-14.4684,-45.6004,-47.1538,PENDING_AG03,FALSE,NOT_FOR_ENFORCEMENT,-59.1573,17940.0307,-61.6222,-59.1573,-2.4649,-0.00293352,-0.00281618,-2.4649,-59.1573,-0.00281618,-2.4649,-2.4649,-2.4649,-4.3136,-4.3136,-59.1573,-0.00281618,-16.0218,-14.4684,-45.6004,-47.1538,-0.00217080,-0.00224475,-0.00011734,16.8454,14.9860,-0.0494,-0.6419,-0.0525,218.8151,12.9896,13.0801,17.0694,10.3857,11.0045,21.0062,31.5093,42.0124,42.1647,10.5412,0.0,3.81775,3.831594,1.530778,30,171,130,2,0.04358735,-0.00293352,0.13859161,0E-8,0.000000,0.889618,0.000000,-0.14797496,2026-03-22,2026-08-05,96,1173,774,137,0.700730,0.766291,0.776478,0.145291,,,,,,,,GLOBAL_BASELINE_NO_ENTITY_RANKING,,,NOT_APPLICABLE_GLOBAL_BASELINE,HF9g-P5,,,,X 全窗基线 · 不参与实体赏罚,3927471,393,A168_HF9F_20260827_0900,2026-08-27 09:00:00
2026-07-05,91797317,583,0,6.1317091117,6.1317091117,6.1317091117,1.0000000,1,1,0.49324550000000000,0.493245500000,1.01360149184955,1.01360149184955,1.01360149184955,0E-17,ELIGIBLE,R03b_20260811_FULL_v1,L1_ELIGIBILITY,v2026-08-11,2026-03-21..2026-08-06,baccarat_bet02_101_all_pairs_incl_sentinel,round_win = game_pnl > 0 (decisive only),COMPATIBILITY_ONLY_NOT_PRODUCTION,21006.2458,18687.5319,-61.6222,1247,1247,0.00293352,-0.13859161,0.00938335,0.00293352,61.6222,21006.2458,OK,0.0000,-2.4649,4.0000,96.0000,AG03-UNRESOLVED,ALL5_LEVELS_bet23_to_bet27,-2.4649,-2.4649,-2.4649,-4.3136,-4.3136,4.000000,4.000000,4.000000,7.000000,7.000000,96.000000,96.000000,96.000000,93.000000,93.000000,5.0,-16.0218,-14.4684,-45.6004,-47.1538,PENDING_AG03,FALSE,NOT_FOR_ENFORCEMENT,-59.1573,17940.0307,-61.6222,-59.1573,-2.4649,-0.00293352,-0.00281618,-2.4649,-59.1573,-0.00281618,-2.4649,-2.4649,-2.4649,-4.3136,-4.3136,-59.1573,-0.00281618,-16.0218,-14.4684,-45.6004,-47.1538,-0.00217080,-0.00224475,-0.00011734,16.8454,14.9860,-0.0494,-0.6419,-0.0525,218.8151,12.9896,13.0801,17.0694,10.3857,11.0045,21.0062,31.5093,42.0124,42.1647,10.5412,0.0,3.81775,3.831594,1.530778,30,171,130,2,0.04358735,-0.00293352,0.13859161,0E-8,0.000000,0.889618,0.000000,-0.14797496,2026-03-22,2026-08-05,96,1173,774,137,0.700730,0.766291,0.776478,0.145291,,,,,,,,GLOBAL_BASELINE_NO_ENTITY_RANKING,,,NOT_APPLICABLE_GLOBAL_BASELINE,HF9g-P5,,,,X 全窗基线 · 不参与实体赏罚,3927472,393,A168_HF9F_20260827_0900,2026-08-27 09:00:00
2026-07-05,91797317,986,0,6.1317091117,6.1317091117,6.1317091117,1.0000000,1,1,0.49324550000000000,0.493245500000,1.01360149184955,1.01360149184955,1.01360149184955,0E-17,ELIGIBLE,R03b_20260811_FULL_v1,L1_ELIGIBILITY,v2026-08-11,2026-03-21..2026-08-06,baccarat_bet02_101_all_pairs_incl_sentinel,round_win = game_pnl > 0 (decisive only),COMPATIBILITY_ONLY_NOT_PRODUCTION,21006.2458,18687.5319,-61.6222,1247,1247,0.00293352,-0.13859161,0.00938335,0.00293352,61.6222,21006.2458,OK,0.0000,-2.4649,4.0000,96.0000,AG03-UNRESOLVED,ALL5_LEVELS_bet23_to_bet27,-2.4649,-2.4649,-2.4649,-4.3136,-4.3136,4.000000,4.000000,4.000000,7.000000,7.000000,96.000000,96.000000,96.000000,93.000000,93.000000,5.0,-16.0218,-14.4684,-45.6004,-47.1538,PENDING_AG03,FALSE,NOT_FOR_ENFORCEMENT,-59.1573,17940.0307,-61.6222,-59.1573,-2.4649,-0.00293352,-0.00281618,-2.4649,-59.1573,-0.00281618,-2.4649,-2.4649,-2.4649,-4.3136,-4.3136,-59.1573,-0.00281618,-16.0218,-14.4684,-45.6004,-47.1538,-0.00217080,-0.00224475,-0.00011734,16.8454,14.9860,-0.0494,-0.6419,-0.0525,218.8151,12.9896,13.0801,17.0694,10.3857,11.0045,21.0062,31.5093,42.0124,42.1647,10.5412,0.0,3.81775,3.831594,1.530778,30,171,130,2,0.04358735,-0.00293352,0.13859161,0E-8,0.000000,0.889618,0.000000,-0.14797496,2026-03-22,2026-08-05,96,1173,774,137,0.700730,0.766291,0.776478,0.145291,,,,,,,,GLOBAL_BASELINE_NO_ENTITY_RANKING,,,NOT_APPLICABLE_GLOBAL_BASELINE,HF9g-P5,,,,X 全窗基线 · 不参与实体赏罚,3927473,393,A168_HF9F_20260827_0900,2026-08-27 09:00:00
2026-07-07,91797317,-1,1,100.1512488247,18.3951273351,18.3951273351,0.7142857,7,7,0.49324550000000000,0.493245500000,1.169741613234378,1.1697416132343783,1.169741613234378,0E-17,SENTINEL_DEALER,R03b_20260811_FULL_v1,L1_ELIGIBILITY,v2026-08-11,2026-03-21..2026-08-06,baccarat_bet02_101_all_pairs_incl_sentinel,round_win = game_pnl > 0 (decisive only),COMPATIBILITY_ONLY_NOT_PRODUCTION,21006.2458,18687.5319,-61.6222,1247,1247,0.00293352,-0.13859161,0.00938335,0.00293352,61.6222,21006.2458,OK,0.0000,-2.4649,4.0000,96.0000,AG03-UNRESOLVED,ALL5_LEVELS_bet23_to_bet27,-2.4649,-2.4649,-2.4649,-4.3136,-4.3136,4.000000,4.000000,4.000000,7.000000,7.000000,96.000000,96.000000,96.000000,93.000000,93.000000,5.0,-16.0218,-14.4684,-45.6004,-47.1538,PENDING_AG03,FALSE,NOT_FOR_ENFORCEMENT,-59.1573,17940.0307,-61.6222,-59.1573,-2.4649,-0.00293352,-0.00281618,-2.4649,-59.1573,-0.00281618,-2.4649,-2.4649,-2.4649,-4.3136,-4.3136,-59.1573,-0.00281618,-16.0218,-14.4684,-45.6004,-47.1538,-0.00217080,-0.00224475,-0.00011734,16.8454,14.9860,-0.0494,-0.6419,-0.0525,218.8151,12.9896,13.0801,17.0694,10.3857,11.0045,21.0062,31.5093,42.0124,42.1647,10.5412,0.0,3.81775,3.831594,1.530778,30,171,130,2,0.04358735,-0.00293352,0.13859161,0E-8,0.000000,0.889618,0.000000,-0.14797496,2026-03-22,2026-08-05,96,1173,774,137,0.700730,0.766291,0.776478,0.145291,,,,,,,,GLOBAL_BASELINE_NO_ENTITY_RANKING,,,NOT_APPLICABLE_GLOBAL_BASELINE,HF9g-P5,,,,X 全窗基线 · 不参与实体赏罚,3927474,393,A168_HF9F_20260827_0900,2026-08-27 09:00:00
2026-07-07,91797317,1306,0,20.4390303724,20.4390303724,20.4390303724,1.0000000,1,1,0.49324550000000000,0.493245500000,1.01360149184955,1.01360149184955,1.01360149184955,0E-17,ELIGIBLE,R03b_20260811_FULL_v1,L1_ELIGIBILITY,v2026-08-11,2026-03-21..2026-08-06,baccarat_bet02_101_all_pairs_incl_sentinel,round_win = game_pnl > 0 (decisive only),COMPATIBILITY_ONLY_NOT_PRODUCTION,21006.2458,18687.5319,-61.6222,1247,1247,0.00293352,-0.13859161,0.00938335,0.00293352,61.6222,21006.2458,OK,0.0000,-2.4649,4.0000,96.0000,AG03-UNRESOLVED,ALL5_LEVELS_bet23_to_bet27,-2.4649,-2.4649,-2.4649,-4.3136,-4.3136,4.000000,4.000000,4.000000,7.000000,7.000000,96.000000,96.000000,96.000000,93.000000,93.000000,5.0,-16.0218,-14.4684,-45.6004,-47.1538,PENDING_AG03,FALSE,NOT_FOR_ENFORCEMENT,-59.1573,17940.0307,-61.6222,-59.1573,-2.4649,-0.00293352,-0.00281618,-2.4649,-59.1573,-0.00281618,-2.4649,-2.4649,-2.4649,-4.3136,-4.3136,-59.1573,-0.00281618,-16.0218,-14.4684,-45.6004,-47.1538,-0.00217080,-0.00224475,-0.00011734,16.8454,14.9860,-0.0494,-0.6419,-0.0525,218.8151,12.9896,13.0801,17.0694,10.3857,11.0045,21.0062,31.5093,42.0124,42.1647,10.5412,0.0,3.81775,3.831594,1.530778,30,171,130,2,0.04358735,-0.00293352,0.13859161,0E-8,0.000000,0.889618,0.000000,-0.14797496,2026-03-22,2026-08-05,96,1173,774,137,0.700730,0.766291,0.776478,0.145291,,,,,,,,GLOBAL_BASELINE_NO_ENTITY_RANKING,,,NOT_APPLICABLE_GLOBAL_BASELINE,HF9g-P5,,,,X 全窗基线 · 不参与实体赏罚,3927475,393,A168_HF9F_20260827_0900,2026-08-27 09:00:00
2026-07-07,91797317,2156,0,6.1317091117,6.1317091117,6.1317091117,1.0000000,1,1,0.49324550000000000,0.493245500000,1.01360149184955,1.01360149184955,1.01360149184955,0E-17,ELIGIBLE,R03b_20260811_FULL_v1,L1_ELIGIBILITY,v2026-08-11,2026-03-21..2026-08-06,baccarat_bet02_101_all_pairs_incl_sentinel,round_win = game_pnl > 0 (decisive only),COMPATIBILITY_ONLY_NOT_PRODUCTION,21006.2458,18687.5319,-61.6222,1247,1247,0.00293352,-0.13859161,0.00938335,0.00293352,61.6222,21006.2458,OK,0.0000,-2.4649,4.0000,96.0000,AG03-UNRESOLVED,ALL5_LEVELS_bet23_to_bet27,-2.4649,-2.4649,-2.4649,-4.3136,-4.3136,4.000000,4.000000,4.000000,7.000000,7.000000,96.000000,96.000000,96.000000,93.000000,93.000000,5.0,-16.0218,-14.4684,-45.6004,-47.1538,PENDING_AG03,FALSE,NOT_FOR_ENFORCEMENT,-59.1573,17940.0307,-61.6222,-59.1573,-2.4649,-0.00293352,-0.00281618,-2.4649,-59.1573,-0.00281618,-2.4649,-2.4649,-2.4649,-4.3136,-4.3136,-59.1573,-0.00281618,-16.0218,-14.4684,-45.6004,-47.1538,-0.00217080,-0.00224475,-0.00011734,16.8454,14.9860,-0.0494,-0.6419,-0.0525,218.8151,12.9896,13.0801,17.0694,10.3857,11.0045,21.0062,31.5093,42.0124,42.1647,10.5412,0.0,3.81775,3.831594,1.530778,30,171,130,2,0.04358735,-0.00293352,0.13859161,0E-8,0.000000,0.889618,0.000000,-0.14797496,2026-03-22,2026-08-05,96,1173,774,137,0.700730,0.766291,0.776478,0.145291,,,,,,,,GLOBAL_BASELINE_NO_ENTITY_RANKING,,,NOT_APPLICABLE_GLOBAL_BASELINE,HF9g-P5,,,,X 全窗基线 · 不参与实体赏罚,3927476,393,A168_HF9F_20260827_0900,2026-08-27 09:00:00
2026-07-07,91797317,2233,0,20.4390303724,20.4390303724,20.4390303724,1.0000000,1,1,0.49324550000000000,0.493245500000,1.01360149184955,1.01360149184955,1.01360149184955,0E-17,ELIGIBLE,R03b_20260811_FULL_v1,L1_ELIGIBILITY,v2026-08-11,2026-03-21..2026-08-06,baccarat_bet02_101_all_pairs_incl_sentinel,round_win = game_pnl > 0 (decisive only),COMPATIBILITY_ONLY_NOT_PRODUCTION,21006.2458,18687.5319,-61.6222,1247,1247,0.00293352,-0.13859161,0.00938335,0.00293352,61.6222,21006.2458,OK,0.0000,-2.4649,4.0000,96.0000,AG03-UNRESOLVED,ALL5_LEVELS_bet23_to_bet27,-2.4649,-2.4649,-2.4649,-4.3136,-4.3136,4.000000,4.000000,4.000000,7.000000,7.000000,96.000000,96.000000,96.000000,93.000000,93.000000,5.0,-16.0218,-14.4684,-45.6004,-47.1538,PENDING_AG03,FALSE,NOT_FOR_ENFORCEMENT,-59.1573,17940.0307,-61.6222,-59.1573,-2.4649,-0.00293352,-0.00281618,-2.4649,-59.1573,-0.00281618,-2.4649,-2.4649,-2.4649,-4.3136,-4.3136,-59.1573,-0.00281618,-16.0218,-14.4684,-45.6004,-47.1538,-0.00217080,-0.00224475,-0.00011734,16.8454,14.9860,-0.0494,-0.6419,-0.0525,218.8151,12.9896,13.0801,17.0694,10.3857,11.0045,21.0062,31.5093,42.0124,42.1647,10.5412,0.0,3.81775,3.831594,1.530778,30,171,130,2,0.04358735,-0.00293352,0.13859161,0E-8,0.000000,0.889618,0.000000,-0.14797496,2026-03-22,2026-08-05,96,1173,774,137,0.700730,0.766291,0.776478,0.145291,,,,,,,,GLOBAL_BASELINE_NO_ENTITY_RANKING,,,NOT_APPLICABLE_GLOBAL_BASELINE,HF9g-P5,,,,X 全窗基线 · 不参与实体赏罚,3927477,393,A168_HF9F_20260827_0900,2026-08-27 09:00:00
2026-07-07,91797317,2242,0,20.4390303724,-20.4390303724,-20.4390303724,0E-7,1,1,0.49324550000000000,0.493245500000,-0.9865810262130424,-0.9865810262130424,-0.9865810262130424,0E-17,ELIGIBLE,R03b_20260811_FULL_v1,L1_ELIGIBILITY,v2026-08-11,2026-03-21..2026-08-06,baccarat_bet02_101_all_pairs_incl_sentinel,round_win = game_pnl > 0 (decisive only),COMPATIBILITY_ONLY_NOT_PRODUCTION,21006.2458,18687.5319,-61.6222,1247,1247,0.00293352,-0.13859161,0.00938335,0.00293352,61.6222,21006.2458,OK,0.0000,-2.4649,4.0000,96.0000,AG03-UNRESOLVED,ALL5_LEVELS_bet23_to_bet27,-2.4649,-2.4649,-2.4649,-4.3136,-4.3136,4.000000,4.000000,4.000000,7.000000,7.000000,96.000000,96.000000,96.000000,93.000000,93.000000,5.0,-16.0218,-14.4684,-45.6004,-47.1538,PENDING_AG03,FALSE,NOT_FOR_ENFORCEMENT,-59.1573,17940.0307,-61.6222,-59.1573,-2.4649,-0.00293352,-0.00281618,-2.4649,-59.1573,-0.00281618,-2.4649,-2.4649,-2.4649,-4.3136,-4.3136,-59.1573,-0.00281618,-16.0218,-14.4684,-45.6004,-47.1538,-0.00217080,-0.00224475,-0.00011734,16.8454,14.9860,-0.0494,-0.6419,-0.0525,218.8151,12.9896,13.0801,17.0694,10.3857,11.0045,21.0062,31.5093,42.0124,42.1647,10.5412,0.0,3.81775,3.831594,1.530778,30,171,130,2,0.04358735,-0.00293352,0.13859161,0E-8,0.000000,0.889618,0.000000,-0.14797496,2026-03-22,2026-08-05,96,1173,774,137,0.700730,0.766291,0.776478,0.145291,,,,,,,,GLOBAL_BASELINE_NO_ENTITY_RANKING,,,NOT_APPLICABLE_GLOBAL_BASELINE,HF9g-P5,,,,X 全窗基线 · 不参与实体赏罚,3927478,393,A168_HF9F_20260827_0900,2026-08-27 09:00:00
2026-07-07,91797317,2280,0,40.8780607448,-40.8780607448,-40.8780607448,0E-7,1,1,0.49324550000000000,0.493245500000,-0.9865810262130424,-0.9865810262130424,-0.9865810262130424,0E-17,ELIGIBLE,R03b_20260811_FULL_v1,L1_ELIGIBILITY,v2026-08-11,2026-03-21..2026-08-06,baccarat_bet02_101_all_pairs_incl_sentinel,round_win = game_pnl > 0 (decisive only),COMPATIBILITY_ONLY_NOT_PRODUCTION,21006.2458,18687.5319,-61.6222,1247,1247,0.00293352,-0.13859161,0.00938335,0.00293352,61.6222,21006.2458,OK,0.0000,-2.4649,4.0000,96.0000,AG03-UNRESOLVED,ALL5_LEVELS_bet23_to_bet27,-2.4649,-2.4649,-2.4649,-4.3136,-4.3136,4.000000,4.000000,4.000000,7.000000,7.000000,96.000000,96.000000,96.000000,93.000000,93.000000,5.0,-16.0218,-14.4684,-45.6004,-47.1538,PENDING_AG03,FALSE,NOT_FOR_ENFORCEMENT,-59.1573,17940.0307,-61.6222,-59.1573,-2.4649,-0.00293352,-0.00281618,-2.4649,-59.1573,-0.00281618,-2.4649,-2.4649,-2.4649,-4.3136,-4.3136,-59.1573,-0.00281618,-16.0218,-14.4684,-45.6004,-47.1538,-0.00217080,-0.00224475,-0.00011734,16.8454,14.9860,-0.0494,-0.6419,-0.0525,218.8151,12.9896,13.0801,17.0694,10.3857,11.0045,21.0062,31.5093,42.0124,42.1647,10.5412,0.0,3.81775,3.831594,1.530778,30,171,130,2,0.04358735,-0.00293352,0.13859161,0E-8,0.000000,0.889618,0.000000,-0.14797496,2026-03-22,2026-08-05,96,1173,774,137,0.700730,0.766291,0.776478,0.145291,,,,,,,,GLOBAL_BASELINE_NO_ENTITY_RANKING,,,NOT_APPLICABLE_GLOBAL_BASELINE,HF9g-P5,,,,X 全窗基线 · 不参与实体赏罚,3927479,393,A168_HF9F_20260827_0900,2026-08-27 09:00:00
2026-07-07,91797317,2281,0,16.3512242979,4.0878060745,4.0878060745,0.5000000,2,2,0.49324550000000000,0.493245500000,0.01910635448239258,0.01910635448239258,0.01910635448239258,0E-17,ELIGIBLE,R03b_20260811_FULL_v1,L1_ELIGIBILITY,v2026-08-11,2026-03-21..2026-08-06,baccarat_bet02_101_all_pairs_incl_sentinel,round_win = game_pnl > 0 (decisive only),COMPATIBILITY_ONLY_NOT_PRODUCTION,21006.2458,18687.5319,-61.6222,1247,1247,0.00293352,-0.13859161,0.00938335,0.00293352,61.6222,21006.2458,OK,0.0000,-2.4649,4.0000,96.0000,AG03-UNRESOLVED,ALL5_LEVELS_bet23_to_bet27,-2.4649,-2.4649,-2.4649,-4.3136,-4.3136,4.000000,4.000000,4.000000,7.000000,7.000000,96.000000,96.000000,96.000000,93.000000,93.000000,5.0,-16.0218,-14.4684,-45.6004,-47.1538,PENDING_AG03,FALSE,NOT_FOR_ENFORCEMENT,-59.1573,17940.0307,-61.6222,-59.1573,-2.4649,-0.00293352,-0.00281618,-2.4649,-59.1573,-0.00281618,-2.4649,-2.4649,-2.4649,-4.3136,-4.3136,-59.1573,-0.00281618,-16.0218,-14.4684,-45.6004,-47.1538,-0.00217080,-0.00224475,-0.00011734,16.8454,14.9860,-0.0494,-0.6419,-0.0525,218.8151,12.9896,13.0801,17.0694,10.3857,11.0045,21.0062,31.5093,42.0124,42.1647,10.5412,0.0,3.81775,3.831594,1.530778,30,171,130,2,0.04358735,-0.00293352,0.13859161,0E-8,0.000000,0.889618,0.000000,-0.14797496,2026-03-22,2026-08-05,96,1173,774,137,0.700730,0.766291,0.776478,0.145291,,,,,,,,GLOBAL_BASELINE_NO_ENTITY_RANKING,,,NOT_APPLICABLE_GLOBAL_BASELINE,HF9g-P5,,,,X 全窗基线 · 不参与实体赏罚,3927480,393,A168_HF9F_20260827_0900,2026-08-27 09:00:00
2026-07-07,91797317,529,0,6.1317091117,6.1317091117,6.1317091117,1.0000000,1,1,0.49324550000000000,0.493245500000,1.01360149184955,1.01360149184955,1.01360149184955,0E-17,ELIGIBLE,R03b_20260811_FULL_v1,L1_ELIGIBILITY,v2026-08-11,2026-03-21..2026-08-06,baccarat_bet02_101_all_pairs_incl_sentinel,round_win = game_pnl > 0 (decisive only),COMPATIBILITY_ONLY_NOT_PRODUCTION,21006.2458,18687.5319,-61.6222,1247,1247,0.00293352,-0.13859161,0.00938335,0.00293352,61.6222,21006.2458,OK,0.0000,-2.4649,4.0000,96.0000,AG03-UNRESOLVED,ALL5_LEVELS_bet23_to_bet27,-2.4649,-2.4649,-2.4649,-4.3136,-4.3136,4.000000,4.000000,4.000000,7.000000,7.000000,96.000000,96.000000,96.000000,93.000000,93.000000,5.0,-16.0218,-14.4684,-45.6004,-47.1538,PENDING_AG03,FALSE,NOT_FOR_ENFORCEMENT,-59.1573,17940.0307,-61.6222,-59.1573,-2.4649,-0.00293352,-0.00281618,-2.4649,-59.1573,-0.00281618,-2.4649,-2.4649,-2.4649,-4.3136,-4.3136,-59.1573,-0.00281618,-16.0218,-14.4684,-45.6004,-47.1538,-0.00217080,-0.00224475,-0.00011734,16.8454,14.9860,-0.0494,-0.6419,-0.0525,218.8151,12.9896,13.0801,17.0694,10.3857,11.0045,21.0062,31.5093,42.0124,42.1647,10.5412,0.0,3.81775,3.831594,1.530778,30,171,130,2,0.04358735,-0.00293352,0.13859161,0E-8,0.000000,0.889618,0.000000,-0.14797496,2026-03-22,2026-08-05,96,1173,774,137,0.700730,0.766291,0.776478,0.145291,,,,,,,,GLOBAL_BASELINE_NO_ENTITY_RANKING,,,NOT_APPLICABLE_GLOBAL_BASELINE,HF9g-P5,,,,X 全窗基线 · 不参与实体赏罚,3927481,393,A168_HF9F_20260827_0900,2026-08-27 09:00:00
2026-07-07,91797317,583,0,6.1317091117,-6.1317091117,-6.1317091117,0E-7,1,1,0.49324550000000000,0.493245500000,-0.9865810262130424,-0.9865810262130424,-0.9865810262130424,0E-17,ELIGIBLE,R03b_20260811_FULL_v1,L1_ELIGIBILITY,v2026-08-11,2026-03-21..2026-08-06,baccarat_bet02_101_all_pairs_incl_sentinel,round_win = game_pnl > 0 (decisive only),COMPATIBILITY_ONLY_NOT_PRODUCTION,21006.2458,18687.5319,-61.6222,1247,1247,0.00293352,-0.13859161,0.00938335,0.00293352,61.6222,21006.2458,OK,0.0000,-2.4649,4.0000,96.0000,AG03-UNRESOLVED,ALL5_LEVELS_bet23_to_bet27,-2.4649,-2.4649,-2.4649,-4.3136,-4.3136,4.000000,4.000000,4.000000,7.000000,7.000000,96.000000,96.000000,96.000000,93.000000,93.000000,5.0,-16.0218,-14.4684,-45.6004,-47.1538,PENDING_AG03,FALSE,NOT_FOR_ENFORCEMENT,-59.1573,17940.0307,-61.6222,-59.1573,-2.4649,-0.00293352,-0.00281618,-2.4649,-59.1573,-0.00281618,-2.4649,-2.4649,-2.4649,-4.3136,-4.3136,-59.1573,-0.00281618,-16.0218,-14.4684,-45.6004,-47.1538,-0.00217080,-0.00224475,-0.00011734,16.8454,14.9860,-0.0494,-0.6419,-0.0525,218.8151,12.9896,13.0801,17.0694,10.3857,11.0045,21.0062,31.5093,42.0124,42.1647,10.5412,0.0,3.81775,3.831594,1.530778,30,171,130,2,0.04358735,-0.00293352,0.13859161,0E-8,0.000000,0.889618,0.000000,-0.14797496,2026-03-22,2026-08-05,96,1173,774,137,0.700730,0.766291,0.776478,0.145291,,,,,,,,GLOBAL_BASELINE_NO_ENTITY_RANKING,,,NOT_APPLICABLE_GLOBAL_BASELINE,HF9g-P5,,,,X 全窗基线 · 不参与实体赏罚,3927482,393,A168_HF9F_20260827_0900,2026-08-27 09:00:00
2026-07-07,91797317,789,0,20.4390303724,-8.1756121490,-8.1756121490,0.5000000,2,2,0.49324550000000000,0.493245500000,0.01910635448239258,0.01910635448239258,0.01910635448239258,0E-17,ELIGIBLE,R03b_20260811_FULL_v1,L1_ELIGIBILITY,v2026-08-11,2026-03-21..2026-08-06,baccarat_bet02_101_all_pairs_incl_sentinel,round_win = game_pnl > 0 (decisive only),COMPATIBILITY_ONLY_NOT_PRODUCTION,21006.2458,18687.5319,-61.6222,1247,1247,0.00293352,-0.13859161,0.00938335,0.00293352,61.6222,21006.2458,OK,0.0000,-2.4649,4.0000,96.0000,AG03-UNRESOLVED,ALL5_LEVELS_bet23_to_bet27,-2.4649,-2.4649,-2.4649,-4.3136,-4.3136,4.000000,4.000000,4.000000,7.000000,7.000000,96.000000,96.000000,96.000000,93.000000,93.000000,5.0,-16.0218,-14.4684,-45.6004,-47.1538,PENDING_AG03,FALSE,NOT_FOR_ENFORCEMENT,-59.1573,17940.0307,-61.6222,-59.1573,-2.4649,-0.00293352,-0.00281618,-2.4649,-59.1573,-0.00281618,-2.4649,-2.4649,-2.4649,-4.3136,-4.3136,-59.1573,-0.00281618,-16.0218,-14.4684,-45.6004,-47.1538,-0.00217080,-0.00224475,-0.00011734,16.8454,14.9860,-0.0494,-0.6419,-0.0525,218.8151,12.9896,13.0801,17.0694,10.3857,11.0045,21.0062,31.5093,42.0124,42.1647,10.5412,0.0,3.81775,3.831594,1.530778,30,171,130,2,0.04358735,-0.00293352,0.13859161,0E-8,0.000000,0.889618,0.000000,-0.14797496,2026-03-22,2026-08-05,96,1173,774,137,0.700730,0.766291,0.776478,0.145291,,,,,,,,GLOBAL_BASELINE_NO_ENTITY_RANKING,,,NOT_APPLICABLE_GLOBAL_BASELINE,HF9g-P5,,,,X 全窗基线 · 不参与实体赏罚,3927483,393,A168_HF9F_20260827_0900,2026-08-27 09:00:00
2026-07-08,91797317,1402,0,20.4390303724,-20.4390303724,-20.4390303724,0E-7,1,1,0.49324550000000000,0.493245500000,-0.9865810262130424,-0.9865810262130424,-0.9865810262130424,0E-17,ELIGIBLE,R03b_20260811_FULL_v1,L1_ELIGIBILITY,v2026-08-11,2026-03-21..2026-08-06,baccarat_bet02_101_all_pairs_incl_sentinel,round_win = game_pnl > 0 (decisive only),COMPATIBILITY_ONLY_NOT_PRODUCTION,21006.2458,18687.5319,-61.6222,1247,1247,0.00293352,-0.13859161,0.00938335,0.00293352,61.6222,21006.2458,OK,0.0000,-2.4649,4.0000,96.0000,AG03-UNRESOLVED,ALL5_LEVELS_bet23_to_bet27,-2.4649,-2.4649,-2.4649,-4.3136,-4.3136,4.000000,4.000000,4.000000,7.000000,7.000000,96.000000,96.000000,96.000000,93.000000,93.000000,5.0,-16.0218,-14.4684,-45.6004,-47.1538,PENDING_AG03,FALSE,NOT_FOR_ENFORCEMENT,-59.1573,17940.0307,-61.6222,-59.1573,-2.4649,-0.00293352,-0.00281618,-2.4649,-59.1573,-0.00281618,-2.4649,-2.4649,-2.4649,-4.3136,-4.3136,-59.1573,-0.00281618,-16.0218,-14.4684,-45.6004,-47.1538,-0.00217080,-0.00224475,-0.00011734,16.8454,14.9860,-0.0494,-0.6419,-0.0525,218.8151,12.9896,13.0801,17.0694,10.3857,11.0045,21.0062,31.5093,42.0124,42.1647,10.5412,0.0,3.81775,3.831594,1.530778,30,171,130,2,0.04358735,-0.00293352,0.13859161,0E-8,0.000000,0.889618,0.000000,-0.14797496,2026-03-22,2026-08-05,96,1173,774,137,0.700730,0.766291,0.776478,0.145291,,,,,,,,GLOBAL_BASELINE_NO_ENTITY_RANKING,,,NOT_APPLICABLE_GLOBAL_BASELINE,HF9g-P5,,,,X 全窗基线 · 不参与实体赏罚,3927484,393,A168_HF9F_20260827_0900,2026-08-27 09:00:00
2026-07-08,91797317,2196,0,20.4390303724,0E-10,0E-10,,1,1,0.49324550000000000,0.493245500000,,,,0E-17,NO_DECISIVE_ROUND,R03b_20260811_FULL_v1,L1_ELIGIBILITY,v2026-08-11,2026-03-21..2026-08-06,baccarat_bet02_101_all_pairs_incl_sentinel,round_win = game_pnl > 0 (decisive only),COMPATIBILITY_ONLY_NOT_PRODUCTION,21006.2458,18687.5319,-61.6222,1247,1247,0.00293352,-0.13859161,0.00938335,0.00293352,61.6222,21006.2458,OK,0.0000,-2.4649,4.0000,96.0000,AG03-UNRESOLVED,ALL5_LEVELS_bet23_to_bet27,-2.4649,-2.4649,-2.4649,-4.3136,-4.3136,4.000000,4.000000,4.000000,7.000000,7.000000,96.000000,96.000000,96.000000,93.000000,93.000000,5.0,-16.0218,-14.4684,-45.6004,-47.1538,PENDING_AG03,FALSE,NOT_FOR_ENFORCEMENT,-59.1573,17940.0307,-61.6222,-59.1573,-2.4649,-0.00293352,-0.00281618,-2.4649,-59.1573,-0.00281618,-2.4649,-2.4649,-2.4649,-4.3136,-4.3136,-59.1573,-0.00281618,-16.0218,-14.4684,-45.6004,-47.1538,-0.00217080,-0.00224475,-0.00011734,16.8454,14.9860,-0.0494,-0.6419,-0.0525,218.8151,12.9896,13.0801,17.0694,10.3857,11.0045,21.0062,31.5093,42.0124,42.1647,10.5412,0.0,3.81775,3.831594,1.530778,30,171,130,2,0.04358735,-0.00293352,0.13859161,0E-8,0.000000,0.889618,0.000000,-0.14797496,2026-03-22,2026-08-05,96,1173,774,137,0.700730,0.766291,0.776478,0.145291,,,,,,,,GLOBAL_BASELINE_NO_ENTITY_RANKING,,,NOT_APPLICABLE_GLOBAL_BASELINE,HF9g-P5,,,,X 全窗基线 · 不参与实体赏罚,3927485,393,A168_HF9F_20260827_0900,2026-08-27 09:00:00
2026-07-09,91797317,-1,1,10.2195151862,10.2195151862,10.2195151862,1.0000000,1,1,0.49324550000000000,0.493245500000,1.01360149184955,1.01360149184955,1.01360149184955,0E-17,SENTINEL_DEALER,R03b_20260811_FULL_v1,L1_ELIGIBILITY,v2026-08-11,2026-03-21..2026-08-06,baccarat_bet02_101_all_pairs_incl_sentinel,round_win = game_pnl > 0 (decisive only),COMPATIBILITY_ONLY_NOT_PRODUCTION,21006.2458,18687.5319,-61.6222,1247,1247,0.00293352,-0.13859161,0.00938335,0.00293352,61.6222,21006.2458,OK,0.0000,-2.4649,4.0000,96.0000,AG03-UNRESOLVED,ALL5_LEVELS_bet23_to_bet27,-2.4649,-2.4649,-2.4649,-4.3136,-4.3136,4.000000,4.000000,4.000000,7.000000,7.000000,96.000000,96.000000,96.000000,93.000000,93.000000,5.0,-16.0218,-14.4684,-45.6004,-47.1538,PENDING_AG03,FALSE,NOT_FOR_ENFORCEMENT,-59.1573,17940.0307,-61.6222,-59.1573,-2.4649,-0.00293352,-0.00281618,-2.4649,-59.1573,-0.00281618,-2.4649,-2.4649,-2.4649,-4.3136,-4.3136,-59.1573,-0.00281618,-16.0218,-14.4684,-45.6004,-47.1538,-0.00217080,-0.00224475,-0.00011734,16.8454,14.9860,-0.0494,-0.6419,-0.0525,218.8151,12.9896,13.0801,17.0694,10.3857,11.0045,21.0062,31.5093,42.0124,42.1647,10.5412,0.0,3.81775,3.831594,1.530778,30,171,130,2,0.04358735,-0.00293352,0.13859161,0E-8,0.000000,0.889618,0.000000,-0.14797496,2026-03-22,2026-08-05,96,1173,774,137,0.700730,0.766291,0.776478,0.145291,,,,,,,,GLOBAL_BASELINE_NO_ENTITY_RANKING,,,NOT_APPLICABLE_GLOBAL_BASELINE,HF9g-P5,,,,X 全窗基线 · 不参与实体赏罚,3927486,393,A168_HF9F_20260827_0900,2026-08-27 09:00:00
2026-07-09,91797317,1750,0,10.2195151862,10.2195151862,10.2195151862,1.0000000,1,1,0.49324550000000000,0.493245500000,1.01360149184955,1.01360149184955,1.01360149184955,0E-17,ELIGIBLE,R03b_20260811_FULL_v1,L1_ELIGIBILITY,v2026-08-11,2026-03-21..2026-08-06,baccarat_bet02_101_all_pairs_incl_sentinel,round_win = game_pnl > 0 (decisive only),COMPATIBILITY_ONLY_NOT_PRODUCTION,21006.2458,18687.5319,-61.6222,1247,1247,0.00293352,-0.13859161,0.00938335,0.00293352,61.6222,21006.2458,OK,0.0000,-2.4649,4.0000,96.0000,AG03-UNRESOLVED,ALL5_LEVELS_bet23_to_bet27,-2.4649,-2.4649,-2.4649,-4.3136,-4.3136,4.000000,4.000000,4.000000,7.000000,7.000000,96.000000,96.000000,96.000000,93.000000,93.000000,5.0,-16.0218,-14.4684,-45.6004,-47.1538,PENDING_AG03,FALSE,NOT_FOR_ENFORCEMENT,-59.1573,17940.0307,-61.6222,-59.1573,-2.4649,-0.00293352,-0.00281618,-2.4649,-59.1573,-0.00281618,-2.4649,-2.4649,-2.4649,-4.3136,-4.3136,-59.1573,-0.00281618,-16.0218,-14.4684,-45.6004,-47.1538,-0.00217080,-0.00224475,-0.00011734,16.8454,14.9860,-0.0494,-0.6419,-0.0525,218.8151,12.9896,13.0801,17.0694,10.3857,11.0045,21.0062,31.5093,42.0124,42.1647,10.5412,0.0,3.81775,3.831594,1.530778,30,171,130,2,0.04358735,-0.00293352,0.13859161,0E-8,0.000000,0.889618,0.000000,-0.14797496,2026-03-22,2026-08-05,96,1173,774,137,0.700730,0.766291,0.776478,0.145291,,,,,,,,GLOBAL_BASELINE_NO_ENTITY_RANKING,,,NOT_APPLICABLE_GLOBAL_BASELINE,HF9g-P5,,,,X 全窗基线 · 不参与实体赏罚,3927487,393,A168_HF9F_20260827_0900,2026-08-27 09:00:00
2026-07-10,91797317,-1,1,10.2195151862,-10.2195151862,-10.2195151862,0E-7,1,1,0.49324550000000000,0.493245500000,-0.9865810262130424,-0.9865810262130424,-0.9865810262130424,0E-17,SENTINEL_DEALER,R03b_20260811_FULL_v1,L1_ELIGIBILITY,v2026-08-11,2026-03-21..2026-08-06,baccarat_bet02_101_all_pairs_incl_sentinel,round_win = game_pnl > 0 (decisive only),COMPATIBILITY_ONLY_NOT_PRODUCTION,21006.2458,18687.5319,-61.6222,1247,1247,0.00293352,-0.13859161,0.00938335,0.00293352,61.6222,21006.2458,OK,0.0000,-2.4649,4.0000,96.0000,AG03-UNRESOLVED,ALL5_LEVELS_bet23_to_bet27,-2.4649,-2.4649,-2.4649,-4.3136,-4.3136,4.000000,4.000000,4.000000,7.000000,7.000000,96.000000,96.000000,96.000000,93.000000,93.000000,5.0,-16.0218,-14.4684,-45.6004,-47.1538,PENDING_AG03,FALSE,NOT_FOR_ENFORCEMENT,-59.1573,17940.0307,-61.6222,-59.1573,-2.4649,-0.00293352,-0.00281618,-2.4649,-59.1573,-0.00281618,-2.4649,-2.4649,-2.4649,-4.3136,-4.3136,-59.1573,-0.00281618,-16.0218,-14.4684,-45.6004,-47.1538,-0.00217080,-0.00224475,-0.00011734,16.8454,14.9860,-0.0494,-0.6419,-0.0525,218.8151,12.9896,13.0801,17.0694,10.3857,11.0045,21.0062,31.5093,42.0124,42.1647,10.5412,0.0,3.81775,3.831594,1.530778,30,171,130,2,0.04358735,-0.00293352,0.13859161,0E-8,0.000000,0.889618,0.000000,-0.14797496,2026-03-22,2026-08-05,96,1173,774,137,0.700730,0.766291,0.776478,0.145291,,,,,,,,GLOBAL_BASELINE_NO_ENTITY_RANKING,,,NOT_APPLICABLE_GLOBAL_BASELINE,HF9g-P5,,,,X 全窗基线 · 不参与实体赏罚,3927488,393,A168_HF9F_20260827_0900,2026-08-27 09:00:00
2026-07-10,91797317,2101,0,10.2195151862,-10.2195151862,-10.2195151862,0E-7,1,1,0.49324550000000000,0.493245500000,-0.9865810262130424,-0.9865810262130424,-0.9865810262130424,0E-17,ELIGIBLE,R03b_20260811_FULL_v1,L1_ELIGIBILITY,v2026-08-11,2026-03-21..2026-08-06,baccarat_bet02_101_all_pairs_incl_sentinel,round_win = game_pnl > 0 (decisive only),COMPATIBILITY_ONLY_NOT_PRODUCTION,21006.2458,18687.5319,-61.6222,1247,1247,0.00293352,-0.13859161,0.00938335,0.00293352,61.6222,21006.2458,OK,0.0000,-2.4649,4.0000,96.0000,AG03-UNRESOLVED,ALL5_LEVELS_bet23_to_bet27,-2.4649,-2.4649,-2.4649,-4.3136,-4.3136,4.000000,4.000000,4.000000,7.000000,7.000000,96.000000,96.000000,96.000000,93.000000,93.000000,5.0,-16.0218,-14.4684,-45.6004,-47.1538,PENDING_AG03,FALSE,NOT_FOR_ENFORCEMENT,-59.1573,17940.0307,-61.6222,-59.1573,-2.4649,-0.00293352,-0.00281618,-2.4649,-59.1573,-0.00281618,-2.4649,-2.4649,-2.4649,-4.3136,-4.3136,-59.1573,-0.00281618,-16.0218,-14.4684,-45.6004,-47.1538,-0.00217080,-0.00224475,-0.00011734,16.8454,14.9860,-0.0494,-0.6419,-0.0525,218.8151,12.9896,13.0801,17.0694,10.3857,11.0045,21.0062,31.5093,42.0124,42.1647,10.5412,0.0,3.81775,3.831594,1.530778,30,171,130,2,0.04358735,-0.00293352,0.13859161,0E-8,0.000000,0.889618,0.000000,-0.14797496,2026-03-22,2026-08-05,96,1173,774,137,0.700730,0.766291,0.776478,0.145291,,,,,,,,GLOBAL_BASELINE_NO_ENTITY_RANKING,,,NOT_APPLICABLE_GLOBAL_BASELINE,HF9g-P5,,,,X 全窗基线 · 不参与实体赏罚,3927489,393,A168_HF9F_20260827_0900,2026-08-27 09:00:00
2026-07-10,91797317,2108,0,40.8780607448,-40.8780607448,-40.8780607448,0E-7,1,1,0.49324550000000000,0.493245500000,-0.9865810262130424,-0.9865810262130424,-0.9865810262130424,0E-17,ELIGIBLE,R03b_20260811_FULL_v1,L1_ELIGIBILITY,v2026-08-11,2026-03-21..2026-08-06,baccarat_bet02_101_all_pairs_incl_sentinel,round_win = game_pnl > 0 (decisive only),COMPATIBILITY_ONLY_NOT_PRODUCTION,21006.2458,18687.5319,-61.6222,1247,1247,0.00293352,-0.13859161,0.00938335,0.00293352,61.6222,21006.2458,OK,0.0000,-2.4649,4.0000,96.0000,AG03-UNRESOLVED,ALL5_LEVELS_bet23_to_bet27,-2.4649,-2.4649,-2.4649,-4.3136,-4.3136,4.000000,4.000000,4.000000,7.000000,7.000000,96.000000,96.000000,96.000000,93.000000,93.000000,5.0,-16.0218,-14.4684,-45.6004,-47.1538,PENDING_AG03,FALSE,NOT_FOR_ENFORCEMENT,-59.1573,17940.0307,-61.6222,-59.1573,-2.4649,-0.00293352,-0.00281618,-2.4649,-59.1573,-0.00281618,-2.4649,-2.4649,-2.4649,-4.3136,-4.3136,-59.1573,-0.00281618,-16.0218,-14.4684,-45.6004,-47.1538,-0.00217080,-0.00224475,-0.00011734,16.8454,14.9860,-0.0494,-0.6419,-0.0525,218.8151,12.9896,13.0801,17.0694,10.3857,11.0045,21.0062,31.5093,42.0124,42.1647,10.5412,0.0,3.81775,3.831594,1.530778,30,171,130,2,0.04358735,-0.00293352,0.13859161,0E-8,0.000000,0.889618,0.000000,-0.14797496,2026-03-22,2026-08-05,96,1173,774,137,0.700730,0.766291,0.776478,0.145291,,,,,,,,GLOBAL_BASELINE_NO_ENTITY_RANKING,,,NOT_APPLICABLE_GLOBAL_BASELINE,HF9g-P5,,,,X 全窗基线 · 不参与实体赏罚,3927490,393,A168_HF9F_20260827_0900,2026-08-27 09:00:00
2026-07-10,91797317,2123,0,12.2634182234,12.2634182234,12.2634182234,1.0000000,2,2,0.49324550000000000,0.493245500000,1.4334489766152358,1.4334489766152358,1.4334489766152358,0E-17,ELIGIBLE,R03b_20260811_FULL_v1,L1_ELIGIBILITY,v2026-08-11,2026-03-21..2026-08-06,baccarat_bet02_101_all_pairs_incl_sentinel,round_win = game_pnl > 0 (decisive only),COMPATIBILITY_ONLY_NOT_PRODUCTION,21006.2458,18687.5319,-61.6222,1247,1247,0.00293352,-0.13859161,0.00938335,0.00293352,61.6222,21006.2458,OK,0.0000,-2.4649,4.0000,96.0000,AG03-UNRESOLVED,ALL5_LEVELS_bet23_to_bet27,-2.4649,-2.4649,-2.4649,-4.3136,-4.3136,4.000000,4.000000,4.000000,7.000000,7.000000,96.000000,96.000000,96.000000,93.000000,93.000000,5.0,-16.0218,-14.4684,-45.6004,-47.1538,PENDING_AG03,FALSE,NOT_FOR_ENFORCEMENT,-59.1573,17940.0307,-61.6222,-59.1573,-2.4649,-0.00293352,-0.00281618,-2.4649,-59.1573,-0.00281618,-2.4649,-2.4649,-2.4649,-4.3136,-4.3136,-59.1573,-0.00281618,-16.0218,-14.4684,-45.6004,-47.1538,-0.00217080,-0.00224475,-0.00011734,16.8454,14.9860,-0.0494,-0.6419,-0.0525,218.8151,12.9896,13.0801,17.0694,10.3857,11.0045,21.0062,31.5093,42.0124,42.1647,10.5412,0.0,3.81775,3.831594,1.530778,30,171,130,2,0.04358735,-0.00293352,0.13859161,0E-8,0.000000,0.889618,0.000000,-0.14797496,2026-03-22,2026-08-05,96,1173,774,137,0.700730,0.766291,0.776478,0.145291,,,,,,,,GLOBAL_BASELINE_NO_ENTITY_RANKING,,,NOT_APPLICABLE_GLOBAL_BASELINE,HF9g-P5,,,,X 全窗基线 · 不参与实体赏罚,3927491,393,A168_HF9F_20260827_0900,2026-08-27 09:00:00
2026-07-10,91797317,2134,0,6.1317091117,-6.1317091117,-6.1317091117,0E-7,1,1,0.49324550000000000,0.493245500000,-0.9865810262130424,-0.9865810262130424,-0.9865810262130424,0E-17,ELIGIBLE,R03b_20260811_FULL_v1,L1_ELIGIBILITY,v2026-08-11,2026-03-21..2026-08-06,baccarat_bet02_101_all_pairs_incl_sentinel,round_win = game_pnl > 0 (decisive only),COMPATIBILITY_ONLY_NOT_PRODUCTION,21006.2458,18687.5319,-61.6222,1247,1247,0.00293352,-0.13859161,0.00938335,0.00293352,61.6222,21006.2458,OK,0.0000,-2.4649,4.0000,96.0000,AG03-UNRESOLVED,ALL5_LEVELS_bet23_to_bet27,-2.4649,-2.4649,-2.4649,-4.3136,-4.3136,4.000000,4.000000,4.000000,7.000000,7.000000,96.000000,96.000000,96.000000,93.000000,93.000000,5.0,-16.0218,-14.4684,-45.6004,-47.1538,PENDING_AG03,FALSE,NOT_FOR_ENFORCEMENT,-59.1573,17940.0307,-61.6222,-59.1573,-2.4649,-0.00293352,-0.00281618,-2.4649,-59.1573,-0.00281618,-2.4649,-2.4649,-2.4649,-4.3136,-4.3136,-59.1573,-0.00281618,-16.0218,-14.4684,-45.6004,-47.1538,-0.00217080,-0.00224475,-0.00011734,16.8454,14.9860,-0.0494,-0.6419,-0.0525,218.8151,12.9896,13.0801,17.0694,10.3857,11.0045,21.0062,31.5093,42.0124,42.1647,10.5412,0.0,3.81775,3.831594,1.530778,30,171,130,2,0.04358735,-0.00293352,0.13859161,0E-8,0.000000,0.889618,0.000000,-0.14797496,2026-03-22,2026-08-05,96,1173,774,137,0.700730,0.766291,0.776478,0.145291,,,,,,,,GLOBAL_BASELINE_NO_ENTITY_RANKING,,,NOT_APPLICABLE_GLOBAL_BASELINE,HF9g-P5,,,,X 全窗基线 · 不参与实体赏罚,3927492,393,A168_HF9F_20260827_0900,2026-08-27 09:00:00
2026-07-10,91797317,583,0,10.2195151862,-10.2195151862,-10.2195151862,0E-7,1,1,0.49324550000000000,0.493245500000,-0.9865810262130424,-0.9865810262130424,-0.9865810262130424,0E-17,ELIGIBLE,R03b_20260811_FULL_v1,L1_ELIGIBILITY,v2026-08-11,2026-03-21..2026-08-06,baccarat_bet02_101_all_pairs_incl_sentinel,round_win = game_pnl > 0 (decisive only),COMPATIBILITY_ONLY_NOT_PRODUCTION,21006.2458,18687.5319,-61.6222,1247,1247,0.00293352,-0.13859161,0.00938335,0.00293352,61.6222,21006.2458,OK,0.0000,-2.4649,4.0000,96.0000,AG03-UNRESOLVED,ALL5_LEVELS_bet23_to_bet27,-2.4649,-2.4649,-2.4649,-4.3136,-4.3136,4.000000,4.000000,4.000000,7.000000,7.000000,96.000000,96.000000,96.000000,93.000000,93.000000,5.0,-16.0218,-14.4684,-45.6004,-47.1538,PENDING_AG03,FALSE,NOT_FOR_ENFORCEMENT,-59.1573,17940.0307,-61.6222,-59.1573,-2.4649,-0.00293352,-0.00281618,-2.4649,-59.1573,-0.00281618,-2.4649,-2.4649,-2.4649,-4.3136,-4.3136,-59.1573,-0.00281618,-16.0218,-14.4684,-45.6004,-47.1538,-0.00217080,-0.00224475,-0.00011734,16.8454,14.9860,-0.0494,-0.6419,-0.0525,218.8151,12.9896,13.0801,17.0694,10.3857,11.0045,21.0062,31.5093,42.0124,42.1647,10.5412,0.0,3.81775,3.831594,1.530778,30,171,130,2,0.04358735,-0.00293352,0.13859161,0E-8,0.000000,0.889618,0.000000,-0.14797496,2026-03-22,2026-08-05,96,1173,774,137,0.700730,0.766291,0.776478,0.145291,,,,,,,,GLOBAL_BASELINE_NO_ENTITY_RANKING,,,NOT_APPLICABLE_GLOBAL_BASELINE,HF9g-P5,,,,X 全窗基线 · 不参与实体赏罚,3927493,393,A168_HF9F_20260827_0900,2026-08-27 09:00:00
2026-07-10,91797317,772,0,6.1317091117,-6.1317091117,-6.1317091117,0E-7,1,1,0.49324550000000000,0.493245500000,-0.9865810262130424,-0.9865810262130424,-0.9865810262130424,0E-17,ELIGIBLE,R03b_20260811_FULL_v1,L1_ELIGIBILITY,v2026-08-11,2026-03-21..2026-08-06,baccarat_bet02_101_all_pairs_incl_sentinel,round_win = game_pnl > 0 (decisive only),COMPATIBILITY_ONLY_NOT_PRODUCTION,21006.2458,18687.5319,-61.6222,1247,1247,0.00293352,-0.13859161,0.00938335,0.00293352,61.6222,21006.2458,OK,0.0000,-2.4649,4.0000,96.0000,AG03-UNRESOLVED,ALL5_LEVELS_bet23_to_bet27,-2.4649,-2.4649,-2.4649,-4.3136,-4.3136,4.000000,4.000000,4.000000,7.000000,7.000000,96.000000,96.000000,96.000000,93.000000,93.000000,5.0,-16.0218,-14.4684,-45.6004,-47.1538,PENDING_AG03,FALSE,NOT_FOR_ENFORCEMENT,-59.1573,17940.0307,-61.6222,-59.1573,-2.4649,-0.00293352,-0.00281618,-2.4649,-59.1573,-0.00281618,-2.4649,-2.4649,-2.4649,-4.3136,-4.3136,-59.1573,-0.00281618,-16.0218,-14.4684,-45.6004,-47.1538,-0.00217080,-0.00224475,-0.00011734,16.8454,14.9860,-0.0494,-0.6419,-0.0525,218.8151,12.9896,13.0801,17.0694,10.3857,11.0045,21.0062,31.5093,42.0124,42.1647,10.5412,0.0,3.81775,3.831594,1.530778,30,171,130,2,0.04358735,-0.00293352,0.13859161,0E-8,0.000000,0.889618,0.000000,-0.14797496,2026-03-22,2026-08-05,96,1173,774,137,0.700730,0.766291,0.776478,0.145291,,,,,,,,GLOBAL_BASELINE_NO_ENTITY_RANKING,,,NOT_APPLICABLE_GLOBAL_BASELINE,HF9g-P5,,,,X 全窗基线 · 不参与实体赏罚,3927494,393,A168_HF9F_20260827_0900,2026-08-27 09:00:00
2026-07-11,91797317,-1,1,20.4390303724,-20.4390303724,-20.4390303724,0E-7,1,1,0.49324550000000000,0.493245500000,-0.9865810262130424,-0.9865810262130424,-0.9865810262130424,0E-17,SENTINEL_DEALER,R03b_20260811_FULL_v1,L1_ELIGIBILITY,v2026-08-11,2026-03-21..2026-08-06,baccarat_bet02_101_all_pairs_incl_sentinel,round_win = game_pnl > 0 (decisive only),COMPATIBILITY_ONLY_NOT_PRODUCTION,21006.2458,18687.5319,-61.6222,1247,1247,0.00293352,-0.13859161,0.00938335,0.00293352,61.6222,21006.2458,OK,0.0000,-2.4649,4.0000,96.0000,AG03-UNRESOLVED,ALL5_LEVELS_bet23_to_bet27,-2.4649,-2.4649,-2.4649,-4.3136,-4.3136,4.000000,4.000000,4.000000,7.000000,7.000000,96.000000,96.000000,96.000000,93.000000,93.000000,5.0,-16.0218,-14.4684,-45.6004,-47.1538,PENDING_AG03,FALSE,NOT_FOR_ENFORCEMENT,-59.1573,17940.0307,-61.6222,-59.1573,-2.4649,-0.00293352,-0.00281618,-2.4649,-59.1573,-0.00281618,-2.4649,-2.4649,-2.4649,-4.3136,-4.3136,-59.1573,-0.00281618,-16.0218,-14.4684,-45.6004,-47.1538,-0.00217080,-0.00224475,-0.00011734,16.8454,14.9860,-0.0494,-0.6419,-0.0525,218.8151,12.9896,13.0801,17.0694,10.3857,11.0045,21.0062,31.5093,42.0124,42.1647,10.5412,0.0,3.81775,3.831594,1.530778,30,171,130,2,0.04358735,-0.00293352,0.13859161,0E-8,0.000000,0.889618,0.000000,-0.14797496,2026-03-22,2026-08-05,96,1173,774,137,0.700730,0.766291,0.776478,0.145291,,,,,,,,GLOBAL_BASELINE_NO_ENTITY_RANKING,,,NOT_APPLICABLE_GLOBAL_BASELINE,HF9g-P5,,,,X 全窗基线 · 不参与实体赏罚,3927495,393,A168_HF9F_20260827_0900,2026-08-27 09:00:00
2026-07-11,91797317,1151,0,40.8780607448,40.8780607448,40.8780607448,1.0000000,1,1,0.49324550000000000,0.493245500000,1.01360149184955,1.01360149184955,1.01360149184955,0E-17,ELIGIBLE,R03b_20260811_FULL_v1,L1_ELIGIBILITY,v2026-08-11,2026-03-21..2026-08-06,baccarat_bet02_101_all_pairs_incl_sentinel,round_win = game_pnl > 0 (decisive only),COMPATIBILITY_ONLY_NOT_PRODUCTION,21006.2458,18687.5319,-61.6222,1247,1247,0.00293352,-0.13859161,0.00938335,0.00293352,61.6222,21006.2458,OK,0.0000,-2.4649,4.0000,96.0000,AG03-UNRESOLVED,ALL5_LEVELS_bet23_to_bet27,-2.4649,-2.4649,-2.4649,-4.3136,-4.3136,4.000000,4.000000,4.000000,7.000000,7.000000,96.000000,96.000000,96.000000,93.000000,93.000000,5.0,-16.0218,-14.4684,-45.6004,-47.1538,PENDING_AG03,FALSE,NOT_FOR_ENFORCEMENT,-59.1573,17940.0307,-61.6222,-59.1573,-2.4649,-0.00293352,-0.00281618,-2.4649,-59.1573,-0.00281618,-2.4649,-2.4649,-2.4649,-4.3136,-4.3136,-59.1573,-0.00281618,-16.0218,-14.4684,-45.6004,-47.1538,-0.00217080,-0.00224475,-0.00011734,16.8454,14.9860,-0.0494,-0.6419,-0.0525,218.8151,12.9896,13.0801,17.0694,10.3857,11.0045,21.0062,31.5093,42.0124,42.1647,10.5412,0.0,3.81775,3.831594,1.530778,30,171,130,2,0.04358735,-0.00293352,0.13859161,0E-8,0.000000,0.889618,0.000000,-0.14797496,2026-03-22,2026-08-05,96,1173,774,137,0.700730,0.766291,0.776478,0.145291,,,,,,,,GLOBAL_BASELINE_NO_ENTITY_RANKING,,,NOT_APPLICABLE_GLOBAL_BASELINE,HF9g-P5,,,,X 全窗基线 · 不参与实体赏罚,3927496,393,A168_HF9F_20260827_0900,2026-08-27 09:00:00
2026-07-11,91797317,1704,0,20.4390303724,-20.4390303724,-20.4390303724,0E-7,1,1,0.49324550000000000,0.493245500000,-0.9865810262130424,-0.9865810262130424,-0.9865810262130424,0E-17,ELIGIBLE,R03b_20260811_FULL_v1,L1_ELIGIBILITY,v2026-08-11,2026-03-21..2026-08-06,baccarat_bet02_101_all_pairs_incl_sentinel,round_win = game_pnl > 0 (decisive only),COMPATIBILITY_ONLY_NOT_PRODUCTION,21006.2458,18687.5319,-61.6222,1247,1247,0.00293352,-0.13859161,0.00938335,0.00293352,61.6222,21006.2458,OK,0.0000,-2.4649,4.0000,96.0000,AG03-UNRESOLVED,ALL5_LEVELS_bet23_to_bet27,-2.4649,-2.4649,-2.4649,-4.3136,-4.3136,4.000000,4.000000,4.000000,7.000000,7.000000,96.000000,96.000000,96.000000,93.000000,93.000000,5.0,-16.0218,-14.4684,-45.6004,-47.1538,PENDING_AG03,FALSE,NOT_FOR_ENFORCEMENT,-59.1573,17940.0307,-61.6222,-59.1573,-2.4649,-0.00293352,-0.00281618,-2.4649,-59.1573,-0.00281618,-2.4649,-2.4649,-2.4649,-4.3136,-4.3136,-59.1573,-0.00281618,-16.0218,-14.4684,-45.6004,-47.1538,-0.00217080,-0.00224475,-0.00011734,16.8454,14.9860,-0.0494,-0.6419,-0.0525,218.8151,12.9896,13.0801,17.0694,10.3857,11.0045,21.0062,31.5093,42.0124,42.1647,10.5412,0.0,3.81775,3.831594,1.530778,30,171,130,2,0.04358735,-0.00293352,0.13859161,0E-8,0.000000,0.889618,0.000000,-0.14797496,2026-03-22,2026-08-05,96,1173,774,137,0.700730,0.766291,0.776478,0.145291,,,,,,,,GLOBAL_BASELINE_NO_ENTITY_RANKING,,,NOT_APPLICABLE_GLOBAL_BASELINE,HF9g-P5,,,,X 全窗基线 · 不参与实体赏罚,3927497,393,A168_HF9F_20260827_0900,2026-08-27 09:00:00
2026-07-11,91797317,2108,0,40.8780607448,0E-10,0E-10,,1,1,0.49324550000000000,0.493245500000,,,,0E-17,NO_DECISIVE_ROUND,R03b_20260811_FULL_v1,L1_ELIGIBILITY,v2026-08-11,2026-03-21..2026-08-06,baccarat_bet02_101_all_pairs_incl_sentinel,round_win = game_pnl > 0 (decisive only),COMPATIBILITY_ONLY_NOT_PRODUCTION,21006.2458,18687.5319,-61.6222,1247,1247,0.00293352,-0.13859161,0.00938335,0.00293352,61.6222,21006.2458,OK,0.0000,-2.4649,4.0000,96.0000,AG03-UNRESOLVED,ALL5_LEVELS_bet23_to_bet27,-2.4649,-2.4649,-2.4649,-4.3136,-4.3136,4.000000,4.000000,4.000000,7.000000,7.000000,96.000000,96.000000,96.000000,93.000000,93.000000,5.0,-16.0218,-14.4684,-45.6004,-47.1538,PENDING_AG03,FALSE,NOT_FOR_ENFORCEMENT,-59.1573,17940.0307,-61.6222,-59.1573,-2.4649,-0.00293352,-0.00281618,-2.4649,-59.1573,-0.00281618,-2.4649,-2.4649,-2.4649,-4.3136,-4.3136,-59.1573,-0.00281618,-16.0218,-14.4684,-45.6004,-47.1538,-0.00217080,-0.00224475,-0.00011734,16.8454,14.9860,-0.0494,-0.6419,-0.0525,218.8151,12.9896,13.0801,17.0694,10.3857,11.0045,21.0062,31.5093,42.0124,42.1647,10.5412,0.0,3.81775,3.831594,1.530778,30,171,130,2,0.04358735,-0.00293352,0.13859161,0E-8,0.000000,0.889618,0.000000,-0.14797496,2026-03-22,2026-08-05,96,1173,774,137,0.700730,0.766291,0.776478,0.145291,,,,,,,,GLOBAL_BASELINE_NO_ENTITY_RANKING,,,NOT_APPLICABLE_GLOBAL_BASELINE,HF9g-P5,,,,X 全窗基线 · 不参与实体赏罚,3927498,393,A168_HF9F_20260827_0900,2026-08-27 09:00:00
2026-07-11,91797317,2242,0,20.4390303724,20.4390303724,20.4390303724,1.0000000,1,1,0.49324550000000000,0.493245500000,1.01360149184955,1.01360149184955,1.01360149184955,0E-17,ELIGIBLE,R03b_20260811_FULL_v1,L1_ELIGIBILITY,v2026-08-11,2026-03-21..2026-08-06,baccarat_bet02_101_all_pairs_incl_sentinel,round_win = game_pnl > 0 (decisive only),COMPATIBILITY_ONLY_NOT_PRODUCTION,21006.2458,18687.5319,-61.6222,1247,1247,0.00293352,-0.13859161,0.00938335,0.00293352,61.6222,21006.2458,OK,0.0000,-2.4649,4.0000,96.0000,AG03-UNRESOLVED,ALL5_LEVELS_bet23_to_bet27,-2.4649,-2.4649,-2.4649,-4.3136,-4.3136,4.000000,4.000000,4.000000,7.000000,7.000000,96.000000,96.000000,96.000000,93.000000,93.000000,5.0,-16.0218,-14.4684,-45.6004,-47.1538,PENDING_AG03,FALSE,NOT_FOR_ENFORCEMENT,-59.1573,17940.0307,-61.6222,-59.1573,-2.4649,-0.00293352,-0.00281618,-2.4649,-59.1573,-0.00281618,-2.4649,-2.4649,-2.4649,-4.3136,-4.3136,-59.1573,-0.00281618,-16.0218,-14.4684,-45.6004,-47.1538,-0.00217080,-0.00224475,-0.00011734,16.8454,14.9860,-0.0494,-0.6419,-0.0525,218.8151,12.9896,13.0801,17.0694,10.3857,11.0045,21.0062,31.5093,42.0124,42.1647,10.5412,0.0,3.81775,3.831594,1.530778,30,171,130,2,0.04358735,-0.00293352,0.13859161,0E-8,0.000000,0.889618,0.000000,-0.14797496,2026-03-22,2026-08-05,96,1173,774,137,0.700730,0.766291,0.776478,0.145291,,,,,,,,GLOBAL_BASELINE_NO_ENTITY_RANKING,,,NOT_APPLICABLE_GLOBAL_BASELINE,HF9g-P5,,,,X 全窗基线 · 不参与实体赏罚,3927499,393,A168_HF9F_20260827_0900,2026-08-27 09:00:00
2026-07-11,91797317,2287,0,20.4390303724,-20.4390303724,-20.4390303724,0E-7,1,1,0.49324550000000000,0.493245500000,-0.9865810262130424,-0.9865810262130424,-0.9865810262130424,0E-17,ELIGIBLE,R03b_20260811_FULL_v1,L1_ELIGIBILITY,v2026-08-11,2026-03-21..2026-08-06,baccarat_bet02_101_all_pairs_incl_sentinel,round_win = game_pnl > 0 (decisive only),COMPATIBILITY_ONLY_NOT_PRODUCTION,21006.2458,18687.5319,-61.6222,1247,1247,0.00293352,-0.13859161,0.00938335,0.00293352,61.6222,21006.2458,OK,0.0000,-2.4649,4.0000,96.0000,AG03-UNRESOLVED,ALL5_LEVELS_bet23_to_bet27,-2.4649,-2.4649,-2.4649,-4.3136,-4.3136,4.000000,4.000000,4.000000,7.000000,7.000000,96.000000,96.000000,96.000000,93.000000,93.000000,5.0,-16.0218,-14.4684,-45.6004,-47.1538,PENDING_AG03,FALSE,NOT_FOR_ENFORCEMENT,-59.1573,17940.0307,-61.6222,-59.1573,-2.4649,-0.00293352,-0.00281618,-2.4649,-59.1573,-0.00281618,-2.4649,-2.4649,-2.4649,-4.3136,-4.3136,-59.1573,-0.00281618,-16.0218,-14.4684,-45.6004,-47.1538,-0.00217080,-0.00224475,-0.00011734,16.8454,14.9860,-0.0494,-0.6419,-0.0525,218.8151,12.9896,13.0801,17.0694,10.3857,11.0045,21.0062,31.5093,42.0124,42.1647,10.5412,0.0,3.81775,3.831594,1.530778,30,171,130,2,0.04358735,-0.00293352,0.13859161,0E-8,0.000000,0.889618,0.000000,-0.14797496,2026-03-22,2026-08-05,96,1173,774,137,0.700730,0.766291,0.776478,0.145291,,,,,,,,GLOBAL_BASELINE_NO_ENTITY_RANKING,,,NOT_APPLICABLE_GLOBAL_BASELINE,HF9g-P5,,,,X 全窗基线 · 不参与实体赏罚,3927500,393,A168_HF9F_20260827_0900,2026-08-27 09:00:00
2026-07-12,91797317,1963,0,20.4390303724,-20.4390303724,-20.4390303724,0E-7,1,1,0.49324550000000000,0.493245500000,-0.9865810262130424,-0.9865810262130424,-0.9865810262130424,0E-17,ELIGIBLE,R03b_20260811_FULL_v1,L1_ELIGIBILITY,v2026-08-11,2026-03-21..2026-08-06,baccarat_bet02_101_all_pairs_incl_sentinel,round_win = game_pnl > 0 (decisive only),COMPATIBILITY_ONLY_NOT_PRODUCTION,21006.2458,18687.5319,-61.6222,1247,1247,0.00293352,-0.13859161,0.00938335,0.00293352,61.6222,21006.2458,OK,0.0000,-2.4649,4.0000,96.0000,AG03-UNRESOLVED,ALL5_LEVELS_bet23_to_bet27,-2.4649,-2.4649,-2.4649,-4.3136,-4.3136,4.000000,4.000000,4.000000,7.000000,7.000000,96.000000,96.000000,96.000000,93.000000,93.000000,5.0,-16.0218,-14.4684,-45.6004,-47.1538,PENDING_AG03,FALSE,NOT_FOR_ENFORCEMENT,-59.1573,17940.0307,-61.6222,-59.1573,-2.4649,-0.00293352,-0.00281618,-2.4649,-59.1573,-0.00281618,-2.4649,-2.4649,-2.4649,-4.3136,-4.3136,-59.1573,-0.00281618,-16.0218,-14.4684,-45.6004,-47.1538,-0.00217080,-0.00224475,-0.00011734,16.8454,14.9860,-0.0494,-0.6419,-0.0525,218.8151,12.9896,13.0801,17.0694,10.3857,11.0045,21.0062,31.5093,42.0124,42.1647,10.5412,0.0,3.81775,3.831594,1.530778,30,171,130,2,0.04358735,-0.00293352,0.13859161,0E-8,0.000000,0.889618,0.000000,-0.14797496,2026-03-22,2026-08-05,96,1173,774,137,0.700730,0.766291,0.776478,0.145291,,,,,,,,GLOBAL_BASELINE_NO_ENTITY_RANKING,,,NOT_APPLICABLE_GLOBAL_BASELINE,HF9g-P5,,,,X 全窗基线 · 不参与实体赏罚,3927501,393,A168_HF9F_20260827_0900,2026-08-27 09:00:00
2026-07-13,91797317,-1,1,35.1551322404,-16.7600049053,-16.7600049053,0.2500000,5,5,0.49324550000000000,0.493245500000,-0.9730707933947887,-0.9730707933947887,-0.9730707933947887,0E-17,SENTINEL_DEALER,R03b_20260811_FULL_v1,L1_ELIGIBILITY,v2026-08-11,2026-03-21..2026-08-06,baccarat_bet02_101_all_pairs_incl_sentinel,round_win = game_pnl > 0 (decisive only),COMPATIBILITY_ONLY_NOT_PRODUCTION,21006.2458,18687.5319,-61.6222,1247,1247,0.00293352,-0.13859161,0.00938335,0.00293352,61.6222,21006.2458,OK,0.0000,-2.4649,4.0000,96.0000,AG03-UNRESOLVED,ALL5_LEVELS_bet23_to_bet27,-2.4649,-2.4649,-2.4649,-4.3136,-4.3136,4.000000,4.000000,4.000000,7.000000,7.000000,96.000000,96.000000,96.000000,93.000000,93.000000,5.0,-16.0218,-14.4684,-45.6004,-47.1538,PENDING_AG03,FALSE,NOT_FOR_ENFORCEMENT,-59.1573,17940.0307,-61.6222,-59.1573,-2.4649,-0.00293352,-0.00281618,-2.4649,-59.1573,-0.00281618,-2.4649,-2.4649,-2.4649,-4.3136,-4.3136,-59.1573,-0.00281618,-16.0218,-14.4684,-45.6004,-47.1538,-0.00217080,-0.00224475,-0.00011734,16.8454,14.9860,-0.0494,-0.6419,-0.0525,218.8151,12.9896,13.0801,17.0694,10.3857,11.0045,21.0062,31.5093,42.0124,42.1647,10.5412,0.0,3.81775,3.831594,1.530778,30,171,130,2,0.04358735,-0.00293352,0.13859161,0E-8,0.000000,0.889618,0.000000,-0.14797496,2026-03-22,2026-08-05,96,1173,774,137,0.700730,0.766291,0.776478,0.145291,,,,,,,,GLOBAL_BASELINE_NO_ENTITY_RANKING,,,NOT_APPLICABLE_GLOBAL_BASELINE,HF9g-P5,,,,X 全窗基线 · 不参与实体赏罚,3927502,393,A168_HF9F_20260827_0900,2026-08-27 09:00:00
2026-07-13,91797317,1151,0,6.1317091117,6.1317091117,6.1317091117,1.0000000,1,1,0.49324550000000000,0.493245500000,1.01360149184955,1.01360149184955,1.01360149184955,0E-17,ELIGIBLE,R03b_20260811_FULL_v1,L1_ELIGIBILITY,v2026-08-11,2026-03-21..2026-08-06,baccarat_bet02_101_all_pairs_incl_sentinel,round_win = game_pnl > 0 (decisive only),COMPATIBILITY_ONLY_NOT_PRODUCTION,21006.2458,18687.5319,-61.6222,1247,1247,0.00293352,-0.13859161,0.00938335,0.00293352,61.6222,21006.2458,OK,0.0000,-2.4649,4.0000,96.0000,AG03-UNRESOLVED,ALL5_LEVELS_bet23_to_bet27,-2.4649,-2.4649,-2.4649,-4.3136,-4.3136,4.000000,4.000000,4.000000,7.000000,7.000000,96.000000,96.000000,96.000000,93.000000,93.000000,5.0,-16.0218,-14.4684,-45.6004,-47.1538,PENDING_AG03,FALSE,NOT_FOR_ENFORCEMENT,-59.1573,17940.0307,-61.6222,-59.1573,-2.4649,-0.00293352,-0.00281618,-2.4649,-59.1573,-0.00281618,-2.4649,-2.4649,-2.4649,-4.3136,-4.3136,-59.1573,-0.00281618,-16.0218,-14.4684,-45.6004,-47.1538,-0.00217080,-0.00224475,-0.00011734,16.8454,14.9860,-0.0494,-0.6419,-0.0525,218.8151,12.9896,13.0801,17.0694,10.3857,11.0045,21.0062,31.5093,42.0124,42.1647,10.5412,0.0,3.81775,3.831594,1.530778,30,171,130,2,0.04358735,-0.00293352,0.13859161,0E-8,0.000000,0.889618,0.000000,-0.14797496,2026-03-22,2026-08-05,96,1173,774,137,0.700730,0.766291,0.776478,0.145291,,,,,,,,GLOBAL_BASELINE_NO_ENTITY_RANKING,,,NOT_APPLICABLE_GLOBAL_BASELINE,HF9g-P5,,,,X 全窗基线 · 不参与实体赏罚,3927503,393,A168_HF9F_20260827_0900,2026-08-27 09:00:00
2026-07-13,91797317,1302,0,10.2195151862,10.2195151862,10.2195151862,1.0000000,1,1,0.49324550000000000,0.493245500000,1.01360149184955,1.01360149184955,1.01360149184955,0E-17,ELIGIBLE,R03b_20260811_FULL_v1,L1_ELIGIBILITY,v2026-08-11,2026-03-21..2026-08-06,baccarat_bet02_101_all_pairs_incl_sentinel,round_win = game_pnl > 0 (decisive only),COMPATIBILITY_ONLY_NOT_PRODUCTION,21006.2458,18687.5319,-61.6222,1247,1247,0.00293352,-0.13859161,0.00938335,0.00293352,61.6222,21006.2458,OK,0.0000,-2.4649,4.0000,96.0000,AG03-UNRESOLVED,ALL5_LEVELS_bet23_to_bet27,-2.4649,-2.4649,-2.4649,-4.3136,-4.3136,4.000000,4.000000,4.000000,7.000000,7.000000,96.000000,96.000000,96.000000,93.000000,93.000000,5.0,-16.0218,-14.4684,-45.6004,-47.1538,PENDING_AG03,FALSE,NOT_FOR_ENFORCEMENT,-59.1573,17940.0307,-61.6222,-59.1573,-2.4649,-0.00293352,-0.00281618,-2.4649,-59.1573,-0.00281618,-2.4649,-2.4649,-2.4649,-4.3136,-4.3136,-59.1573,-0.00281618,-16.0218,-14.4684,-45.6004,-47.1538,-0.00217080,-0.00224475,-0.00011734,16.8454,14.9860,-0.0494,-0.6419,-0.0525,218.8151,12.9896,13.0801,17.0694,10.3857,11.0045,21.0062,31.5093,42.0124,42.1647,10.5412,0.0,3.81775,3.831594,1.530778,30,171,130,2,0.04358735,-0.00293352,0.13859161,0E-8,0.000000,0.889618,0.000000,-0.14797496,2026-03-22,2026-08-05,96,1173,774,137,0.700730,0.766291,0.776478,0.145291,,,,,,,,GLOBAL_BASELINE_NO_ENTITY_RANKING,,,NOT_APPLICABLE_GLOBAL_BASELINE,HF9g-P5,,,,X 全窗基线 · 不参与实体赏罚,3927504,393,A168_HF9F_20260827_0900,2026-08-27 09:00:00
2026-07-13,91797317,1330,0,6.1317091117,6.1317091117,6.1317091117,1.0000000,1,1,0.49324550000000000,0.493245500000,1.01360149184955,1.01360149184955,1.01360149184955,0E-17,ELIGIBLE,R03b_20260811_FULL_v1,L1_ELIGIBILITY,v2026-08-11,2026-03-21..2026-08-06,baccarat_bet02_101_all_pairs_incl_sentinel,round_win = game_pnl > 0 (decisive only),COMPATIBILITY_ONLY_NOT_PRODUCTION,21006.2458,18687.5319,-61.6222,1247,1247,0.00293352,-0.13859161,0.00938335,0.00293352,61.6222,21006.2458,OK,0.0000,-2.4649,4.0000,96.0000,AG03-UNRESOLVED,ALL5_LEVELS_bet23_to_bet27,-2.4649,-2.4649,-2.4649,-4.3136,-4.3136,4.000000,4.000000,4.000000,7.000000,7.000000,96.000000,96.000000,96.000000,93.000000,93.000000,5.0,-16.0218,-14.4684,-45.6004,-47.1538,PENDING_AG03,FALSE,NOT_FOR_ENFORCEMENT,-59.1573,17940.0307,-61.6222,-59.1573,-2.4649,-0.00293352,-0.00281618,-2.4649,-59.1573,-0.00281618,-2.4649,-2.4649,-2.4649,-4.3136,-4.3136,-59.1573,-0.00281618,-16.0218,-14.4684,-45.6004,-47.1538,-0.00217080,-0.00224475,-0.00011734,16.8454,14.9860,-0.0494,-0.6419,-0.0525,218.8151,12.9896,13.0801,17.0694,10.3857,11.0045,21.0062,31.5093,42.0124,42.1647,10.5412,0.0,3.81775,3.831594,1.530778,30,171,130,2,0.04358735,-0.00293352,0.13859161,0E-8,0.000000,0.889618,0.000000,-0.14797496,2026-03-22,2026-08-05,96,1173,774,137,0.700730,0.766291,0.776478,0.145291,,,,,,,,GLOBAL_BASELINE_NO_ENTITY_RANKING,,,NOT_APPLICABLE_GLOBAL_BASELINE,HF9g-P5,,,,X 全窗基线 · 不参与实体赏罚,3927505,393,A168_HF9F_20260827_0900,2026-08-27 09:00:00
2026-07-13,91797317,1485,0,6.1317091117,-6.1317091117,-6.1317091117,0E-7,1,1,0.49324550000000000,0.493245500000,-0.9865810262130424,-0.9865810262130424,-0.9865810262130424,0E-17,ELIGIBLE,R03b_20260811_FULL_v1,L1_ELIGIBILITY,v2026-08-11,2026-03-21..2026-08-06,baccarat_bet02_101_all_pairs_incl_sentinel,round_win = game_pnl > 0 (decisive only),COMPATIBILITY_ONLY_NOT_PRODUCTION,21006.2458,18687.5319,-61.6222,1247,1247,0.00293352,-0.13859161,0.00938335,0.00293352,61.6222,21006.2458,OK,0.0000,-2.4649,4.0000,96.0000,AG03-UNRESOLVED,ALL5_LEVELS_bet23_to_bet27,-2.4649,-2.4649,-2.4649,-4.3136,-4.3136,4.000000,4.000000,4.000000,7.000000,7.000000,96.000000,96.000000,96.000000,93.000000,93.000000,5.0,-16.0218,-14.4684,-45.6004,-47.1538,PENDING_AG03,FALSE,NOT_FOR_ENFORCEMENT,-59.1573,17940.0307,-61.6222,-59.1573,-2.4649,-0.00293352,-0.00281618,-2.4649,-59.1573,-0.00281618,-2.4649,-2.4649,-2.4649,-4.3136,-4.3136,-59.1573,-0.00281618,-16.0218,-14.4684,-45.6004,-47.1538,-0.00217080,-0.00224475,-0.00011734,16.8454,14.9860,-0.0494,-0.6419,-0.0525,218.8151,12.9896,13.0801,17.0694,10.3857,11.0045,21.0062,31.5093,42.0124,42.1647,10.5412,0.0,3.81775,3.831594,1.530778,30,171,130,2,0.04358735,-0.00293352,0.13859161,0E-8,0.000000,0.889618,0.000000,-0.14797496,2026-03-22,2026-08-05,96,1173,774,137,0.700730,0.766291,0.776478,0.145291,,,,,,,,GLOBAL_BASELINE_NO_ENTITY_RANKING,,,NOT_APPLICABLE_GLOBAL_BASELINE,HF9g-P5,,,,X 全窗基线 · 不参与实体赏罚,3927506,393,A168_HF9F_20260827_0900,2026-08-27 09:00:00
2026-07-13,91797317,1963,0,10.2195151862,10.2195151862,10.2195151862,1.0000000,1,1,0.49324550000000000,0.493245500000,1.01360149184955,1.01360149184955,1.01360149184955,0E-17,ELIGIBLE,R03b_20260811_FULL_v1,L1_ELIGIBILITY,v2026-08-11,2026-03-21..2026-08-06,baccarat_bet02_101_all_pairs_incl_sentinel,round_win = game_pnl > 0 (decisive only),COMPATIBILITY_ONLY_NOT_PRODUCTION,21006.2458,18687.5319,-61.6222,1247,1247,0.00293352,-0.13859161,0.00938335,0.00293352,61.6222,21006.2458,OK,0.0000,-2.4649,4.0000,96.0000,AG03-UNRESOLVED,ALL5_LEVELS_bet23_to_bet27,-2.4649,-2.4649,-2.4649,-4.3136,-4.3136,4.000000,4.000000,4.000000,7.000000,7.000000,96.000000,96.000000,96.000000,93.000000,93.000000,5.0,-16.0218,-14.4684,-45.6004,-47.1538,PENDING_AG03,FALSE,NOT_FOR_ENFORCEMENT,-59.1573,17940.0307,-61.6222,-59.1573,-2.4649,-0.00293352,-0.00281618,-2.4649,-59.1573,-0.00281618,-2.4649,-2.4649,-2.4649,-4.3136,-4.3136,-59.1573,-0.00281618,-16.0218,-14.4684,-45.6004,-47.1538,-0.00217080,-0.00224475,-0.00011734,16.8454,14.9860,-0.0494,-0.6419,-0.0525,218.8151,12.9896,13.0801,17.0694,10.3857,11.0045,21.0062,31.5093,42.0124,42.1647,10.5412,0.0,3.81775,3.831594,1.530778,30,171,130,2,0.04358735,-0.00293352,0.13859161,0E-8,0.000000,0.889618,0.000000,-0.14797496,2026-03-22,2026-08-05,96,1173,774,137,0.700730,0.766291,0.776478,0.145291,,,,,,,,GLOBAL_BASELINE_NO_ENTITY_RANKING,,,NOT_APPLICABLE_GLOBAL_BASELINE,HF9g-P5,,,,X 全窗基线 · 不参与实体赏罚,3927507,393,A168_HF9F_20260827_0900,2026-08-27 09:00:00
2026-07-13,91797317,2103,0,6.1317091117,6.1317091117,6.1317091117,1.0000000,1,1,0.49324550000000000,0.493245500000,1.01360149184955,1.01360149184955,1.01360149184955,0E-17,ELIGIBLE,R03b_20260811_FULL_v1,L1_ELIGIBILITY,v2026-08-11,2026-03-21..2026-08-06,baccarat_bet02_101_all_pairs_incl_sentinel,round_win = game_pnl > 0 (decisive only),COMPATIBILITY_ONLY_NOT_PRODUCTION,21006.2458,18687.5319,-61.6222,1247,1247,0.00293352,-0.13859161,0.00938335,0.00293352,61.6222,21006.2458,OK,0.0000,-2.4649,4.0000,96.0000,AG03-UNRESOLVED,ALL5_LEVELS_bet23_to_bet27,-2.4649,-2.4649,-2.4649,-4.3136,-4.3136,4.000000,4.000000,4.000000,7.000000,7.000000,96.000000,96.000000,96.000000,93.000000,93.000000,5.0,-16.0218,-14.4684,-45.6004,-47.1538,PENDING_AG03,FALSE,NOT_FOR_ENFORCEMENT,-59.1573,17940.0307,-61.6222,-59.1573,-2.4649,-0.00293352,-0.00281618,-2.4649,-59.1573,-0.00281618,-2.4649,-2.4649,-2.4649,-4.3136,-4.3136,-59.1573,-0.00281618,-16.0218,-14.4684,-45.6004,-47.1538,-0.00217080,-0.00224475,-0.00011734,16.8454,14.9860,-0.0494,-0.6419,-0.0525,218.8151,12.9896,13.0801,17.0694,10.3857,11.0045,21.0062,31.5093,42.0124,42.1647,10.5412,0.0,3.81775,3.831594,1.530778,30,171,130,2,0.04358735,-0.00293352,0.13859161,0E-8,0.000000,0.889618,0.000000,-0.14797496,2026-03-22,2026-08-05,96,1173,774,137,0.700730,0.766291,0.776478,0.145291,,,,,,,,GLOBAL_BASELINE_NO_ENTITY_RANKING,,,NOT_APPLICABLE_GLOBAL_BASELINE,HF9g-P5,,,,X 全窗基线 · 不参与实体赏罚,3927508,393,A168_HF9F_20260827_0900,2026-08-27 09:00:00
2026-07-13,91797317,2223,0,10.2195151862,0E-10,0E-10,,1,1,0.49324550000000000,0.493245500000,,,,0E-17,NO_DECISIVE_ROUND,R03b_20260811_FULL_v1,L1_ELIGIBILITY,v2026-08-11,2026-03-21..2026-08-06,baccarat_bet02_101_all_pairs_incl_sentinel,round_win = game_pnl > 0 (decisive only),COMPATIBILITY_ONLY_NOT_PRODUCTION,21006.2458,18687.5319,-61.6222,1247,1247,0.00293352,-0.13859161,0.00938335,0.00293352,61.6222,21006.2458,OK,0.0000,-2.4649,4.0000,96.0000,AG03-UNRESOLVED,ALL5_LEVELS_bet23_to_bet27,-2.4649,-2.4649,-2.4649,-4.3136,-4.3136,4.000000,4.000000,4.000000,7.000000,7.000000,96.000000,96.000000,96.000000,93.000000,93.000000,5.0,-16.0218,-14.4684,-45.6004,-47.1538,PENDING_AG03,FALSE,NOT_FOR_ENFORCEMENT,-59.1573,17940.0307,-61.6222,-59.1573,-2.4649,-0.00293352,-0.00281618,-2.4649,-59.1573,-0.00281618,-2.4649,-2.4649,-2.4649,-4.3136,-4.3136,-59.1573,-0.00281618,-16.0218,-14.4684,-45.6004,-47.1538,-0.00217080,-0.00224475,-0.00011734,16.8454,14.9860,-0.0494,-0.6419,-0.0525,218.8151,12.9896,13.0801,17.0694,10.3857,11.0045,21.0062,31.5093,42.0124,42.1647,10.5412,0.0,3.81775,3.831594,1.530778,30,171,130,2,0.04358735,-0.00293352,0.13859161,0E-8,0.000000,0.889618,0.000000,-0.14797496,2026-03-22,2026-08-05,96,1173,774,137,0.700730,0.766291,0.776478,0.145291,,,,,,,,GLOBAL_BASELINE_NO_ENTITY_RANKING,,,NOT_APPLICABLE_GLOBAL_BASELINE,HF9g-P5,,,,X 全窗基线 · 不参与实体赏罚,3927509,393,A168_HF9F_20260827_0900,2026-08-27 09:00:00
2026-07-13,91797317,2239,0,6.1317091117,-6.1317091117,-6.1317091117,0E-7,1,1,0.49324550000000000,0.493245500000,-0.9865810262130424,-0.9865810262130424,-0.9865810262130424,0E-17,ELIGIBLE,R03b_20260811_FULL_v1,L1_ELIGIBILITY,v2026-08-11,2026-03-21..2026-08-06,baccarat_bet02_101_all_pairs_incl_sentinel,round_win = game_pnl > 0 (decisive only),COMPATIBILITY_ONLY_NOT_PRODUCTION,21006.2458,18687.5319,-61.6222,1247,1247,0.00293352,-0.13859161,0.00938335,0.00293352,61.6222,21006.2458,OK,0.0000,-2.4649,4.0000,96.0000,AG03-UNRESOLVED,ALL5_LEVELS_bet23_to_bet27,-2.4649,-2.4649,-2.4649,-4.3136,-4.3136,4.000000,4.000000,4.000000,7.000000,7.000000,96.000000,96.000000,96.000000,93.000000,93.000000,5.0,-16.0218,-14.4684,-45.6004,-47.1538,PENDING_AG03,FALSE,NOT_FOR_ENFORCEMENT,-59.1573,17940.0307,-61.6222,-59.1573,-2.4649,-0.00293352,-0.00281618,-2.4649,-59.1573,-0.00281618,-2.4649,-2.4649,-2.4649,-4.3136,-4.3136,-59.1573,-0.00281618,-16.0218,-14.4684,-45.6004,-47.1538,-0.00217080,-0.00224475,-0.00011734,16.8454,14.9860,-0.0494,-0.6419,-0.0525,218.8151,12.9896,13.0801,17.0694,10.3857,11.0045,21.0062,31.5093,42.0124,42.1647,10.5412,0.0,3.81775,3.831594,1.530778,30,171,130,2,0.04358735,-0.00293352,0.13859161,0E-8,0.000000,0.889618,0.000000,-0.14797496,2026-03-22,2026-08-05,96,1173,774,137,0.700730,0.766291,0.776478,0.145291,,,,,,,,GLOBAL_BASELINE_NO_ENTITY_RANKING,,,NOT_APPLICABLE_GLOBAL_BASELINE,HF9g-P5,,,,X 全窗基线 · 不参与实体赏罚,3927510,393,A168_HF9F_20260827_0900,2026-08-27 09:00:00
2026-07-13,91797317,2258,0,10.2195151862,10.2195151862,10.2195151862,1.0000000,1,1,0.49324550000000000,0.493245500000,1.01360149184955,1.01360149184955,1.01360149184955,0E-17,ELIGIBLE,R03b_20260811_FULL_v1,L1_ELIGIBILITY,v2026-08-11,2026-03-21..2026-08-06,baccarat_bet02_101_all_pairs_incl_sentinel,round_win = game_pnl > 0 (decisive only),COMPATIBILITY_ONLY_NOT_PRODUCTION,21006.2458,18687.5319,-61.6222,1247,1247,0.00293352,-0.13859161,0.00938335,0.00293352,61.6222,21006.2458,OK,0.0000,-2.4649,4.0000,96.0000,AG03-UNRESOLVED,ALL5_LEVELS_bet23_to_bet27,-2.4649,-2.4649,-2.4649,-4.3136,-4.3136,4.000000,4.000000,4.000000,7.000000,7.000000,96.000000,96.000000,96.000000,93.000000,93.000000,5.0,-16.0218,-14.4684,-45.6004,-47.1538,PENDING_AG03,FALSE,NOT_FOR_ENFORCEMENT,-59.1573,17940.0307,-61.6222,-59.1573,-2.4649,-0.00293352,-0.00281618,-2.4649,-59.1573,-0.00281618,-2.4649,-2.4649,-2.4649,-4.3136,-4.3136,-59.1573,-0.00281618,-16.0218,-14.4684,-45.6004,-47.1538,-0.00217080,-0.00224475,-0.00011734,16.8454,14.9860,-0.0494,-0.6419,-0.0525,218.8151,12.9896,13.0801,17.0694,10.3857,11.0045,21.0062,31.5093,42.0124,42.1647,10.5412,0.0,3.81775,3.831594,1.530778,30,171,130,2,0.04358735,-0.00293352,0.13859161,0E-8,0.000000,0.889618,0.000000,-0.14797496,2026-03-22,2026-08-05,96,1173,774,137,0.700730,0.766291,0.776478,0.145291,,,,,,,,GLOBAL_BASELINE_NO_ENTITY_RANKING,,,NOT_APPLICABLE_GLOBAL_BASELINE,HF9g-P5,,,,X 全窗基线 · 不参与实体赏罚,3927511,393,A168_HF9F_20260827_0900,2026-08-27 09:00:00
2026-07-13,91797317,2271,0,10.2195151862,10.2195151862,10.2195151862,1.0000000,1,1,0.49324550000000000,0.493245500000,1.01360149184955,1.01360149184955,1.01360149184955,0E-17,ELIGIBLE,R03b_20260811_FULL_v1,L1_ELIGIBILITY,v2026-08-11,2026-03-21..2026-08-06,baccarat_bet02_101_all_pairs_incl_sentinel,round_win = game_pnl > 0 (decisive only),COMPATIBILITY_ONLY_NOT_PRODUCTION,21006.2458,18687.5319,-61.6222,1247,1247,0.00293352,-0.13859161,0.00938335,0.00293352,61.6222,21006.2458,OK,0.0000,-2.4649,4.0000,96.0000,AG03-UNRESOLVED,ALL5_LEVELS_bet23_to_bet27,-2.4649,-2.4649,-2.4649,-4.3136,-4.3136,4.000000,4.000000,4.000000,7.000000,7.000000,96.000000,96.000000,96.000000,93.000000,93.000000,5.0,-16.0218,-14.4684,-45.6004,-47.1538,PENDING_AG03,FALSE,NOT_FOR_ENFORCEMENT,-59.1573,17940.0307,-61.6222,-59.1573,-2.4649,-0.00293352,-0.00281618,-2.4649,-59.1573,-0.00281618,-2.4649,-2.4649,-2.4649,-4.3136,-4.3136,-59.1573,-0.00281618,-16.0218,-14.4684,-45.6004,-47.1538,-0.00217080,-0.00224475,-0.00011734,16.8454,14.9860,-0.0494,-0.6419,-0.0525,218.8151,12.9896,13.0801,17.0694,10.3857,11.0045,21.0062,31.5093,42.0124,42.1647,10.5412,0.0,3.81775,3.831594,1.530778,30,171,130,2,0.04358735,-0.00293352,0.13859161,0E-8,0.000000,0.889618,0.000000,-0.14797496,2026-03-22,2026-08-05,96,1173,774,137,0.700730,0.766291,0.776478,0.145291,,,,,,,,GLOBAL_BASELINE_NO_ENTITY_RANKING,,,NOT_APPLICABLE_GLOBAL_BASELINE,HF9g-P5,,,,X 全窗基线 · 不参与实体赏罚,3927512,393,A168_HF9F_20260827_0900,2026-08-27 09:00:00
2026-07-14,91797317,-1,1,6.1317091117,-6.1317091117,-6.1317091117,0E-7,1,1,0.49324550000000000,0.493245500000,-0.9865810262130424,-0.9865810262130424,-0.9865810262130424,0E-17,SENTINEL_DEALER,R03b_20260811_FULL_v1,L1_ELIGIBILITY,v2026-08-11,2026-03-21..2026-08-06,baccarat_bet02_101_all_pairs_incl_sentinel,round_win = game_pnl > 0 (decisive only),COMPATIBILITY_ONLY_NOT_PRODUCTION,21006.2458,18687.5319,-61.6222,1247,1247,0.00293352,-0.13859161,0.00938335,0.00293352,61.6222,21006.2458,OK,0.0000,-2.4649,4.0000,96.0000,AG03-UNRESOLVED,ALL5_LEVELS_bet23_to_bet27,-2.4649,-2.4649,-2.4649,-4.3136,-4.3136,4.000000,4.000000,4.000000,7.000000,7.000000,96.000000,96.000000,96.000000,93.000000,93.000000,5.0,-16.0218,-14.4684,-45.6004,-47.1538,PENDING_AG03,FALSE,NOT_FOR_ENFORCEMENT,-59.1573,17940.0307,-61.6222,-59.1573,-2.4649,-0.00293352,-0.00281618,-2.4649,-59.1573,-0.00281618,-2.4649,-2.4649,-2.4649,-4.3136,-4.3136,-59.1573,-0.00281618,-16.0218,-14.4684,-45.6004,-47.1538,-0.00217080,-0.00224475,-0.00011734,16.8454,14.9860,-0.0494,-0.6419,-0.0525,218.8151,12.9896,13.0801,17.0694,10.3857,11.0045,21.0062,31.5093,42.0124,42.1647,10.5412,0.0,3.81775,3.831594,1.530778,30,171,130,2,0.04358735,-0.00293352,0.13859161,0E-8,0.000000,0.889618,0.000000,-0.14797496,2026-03-22,2026-08-05,96,1173,774,137,0.700730,0.766291,0.776478,0.145291,,,,,,,,GLOBAL_BASELINE_NO_ENTITY_RANKING,,,NOT_APPLICABLE_GLOBAL_BASELINE,HF9g-P5,,,,X 全窗基线 · 不参与实体赏罚,3927513,393,A168_HF9F_20260827_0900,2026-08-27 09:00:00
2026-07-14,91797317,1205,0,20.4390303724,-20.4390303724,-20.4390303724,0E-7,1,1,0.49324550000000000,0.493245500000,-0.9865810262130424,-0.9865810262130424,-0.9865810262130424,0E-17,ELIGIBLE,R03b_20260811_FULL_v1,L1_ELIGIBILITY,v2026-08-11,2026-03-21..2026-08-06,baccarat_bet02_101_all_pairs_incl_sentinel,round_win = game_pnl > 0 (decisive only),COMPATIBILITY_ONLY_NOT_PRODUCTION,21006.2458,18687.5319,-61.6222,1247,1247,0.00293352,-0.13859161,0.00938335,0.00293352,61.6222,21006.2458,OK,0.0000,-2.4649,4.0000,96.0000,AG03-UNRESOLVED,ALL5_LEVELS_bet23_to_bet27,-2.4649,-2.4649,-2.4649,-4.3136,-4.3136,4.000000,4.000000,4.000000,7.000000,7.000000,96.000000,96.000000,96.000000,93.000000,93.000000,5.0,-16.0218,-14.4684,-45.6004,-47.1538,PENDING_AG03,FALSE,NOT_FOR_ENFORCEMENT,-59.1573,17940.0307,-61.6222,-59.1573,-2.4649,-0.00293352,-0.00281618,-2.4649,-59.1573,-0.00281618,-2.4649,-2.4649,-2.4649,-4.3136,-4.3136,-59.1573,-0.00281618,-16.0218,-14.4684,-45.6004,-47.1538,-0.00217080,-0.00224475,-0.00011734,16.8454,14.9860,-0.0494,-0.6419,-0.0525,218.8151,12.9896,13.0801,17.0694,10.3857,11.0045,21.0062,31.5093,42.0124,42.1647,10.5412,0.0,3.81775,3.831594,1.530778,30,171,130,2,0.04358735,-0.00293352,0.13859161,0E-8,0.000000,0.889618,0.000000,-0.14797496,2026-03-22,2026-08-05,96,1173,774,137,0.700730,0.766291,0.776478,0.145291,,,,,,,,GLOBAL_BASELINE_NO_ENTITY_RANKING,,,NOT_APPLICABLE_GLOBAL_BASELINE,HF9g-P5,,,,X 全窗基线 · 不参与实体赏罚,3927514,393,A168_HF9F_20260827_0900,2026-08-27 09:00:00
2026-07-14,91797317,1994,0,20.4390303724,20.4390303724,20.4390303724,1.0000000,1,1,0.49324550000000000,0.493245500000,1.01360149184955,1.01360149184955,1.01360149184955,0E-17,ELIGIBLE,R03b_20260811_FULL_v1,L1_ELIGIBILITY,v2026-08-11,2026-03-21..2026-08-06,baccarat_bet02_101_all_pairs_incl_sentinel,round_win = game_pnl > 0 (decisive only),COMPATIBILITY_ONLY_NOT_PRODUCTION,21006.2458,18687.5319,-61.6222,1247,1247,0.00293352,-0.13859161,0.00938335,0.00293352,61.6222,21006.2458,OK,0.0000,-2.4649,4.0000,96.0000,AG03-UNRESOLVED,ALL5_LEVELS_bet23_to_bet27,-2.4649,-2.4649,-2.4649,-4.3136,-4.3136,4.000000,4.000000,4.000000,7.000000,7.000000,96.000000,96.000000,96.000000,93.000000,93.000000,5.0,-16.0218,-14.4684,-45.6004,-47.1538,PENDING_AG03,FALSE,NOT_FOR_ENFORCEMENT,-59.1573,17940.0307,-61.6222,-59.1573,-2.4649,-0.00293352,-0.00281618,-2.4649,-59.1573,-0.00281618,-2.4649,-2.4649,-2.4649,-4.3136,-4.3136,-59.1573,-0.00281618,-16.0218,-14.4684,-45.6004,-47.1538,-0.00217080,-0.00224475,-0.00011734,16.8454,14.9860,-0.0494,-0.6419,-0.0525,218.8151,12.9896,13.0801,17.0694,10.3857,11.0045,21.0062,31.5093,42.0124,42.1647,10.5412,0.0,3.81775,3.831594,1.530778,30,171,130,2,0.04358735,-0.00293352,0.13859161,0E-8,0.000000,0.889618,0.000000,-0.14797496,2026-03-22,2026-08-05,96,1173,774,137,0.700730,0.766291,0.776478,0.145291,,,,,,,,GLOBAL_BASELINE_NO_ENTITY_RANKING,,,NOT_APPLICABLE_GLOBAL_BASELINE,HF9g-P5,,,,X 全窗基线 · 不参与实体赏罚,3927515,393,A168_HF9F_20260827_0900,2026-08-27 09:00:00
2026-07-14,91797317,2224,0,6.1317091117,0E-10,0E-10,,1,1,0.49324550000000000,0.493245500000,,,,0E-17,NO_DECISIVE_ROUND,R03b_20260811_FULL_v1,L1_ELIGIBILITY,v2026-08-11,2026-03-21..2026-08-06,baccarat_bet02_101_all_pairs_incl_sentinel,round_win = game_pnl > 0 (decisive only),COMPATIBILITY_ONLY_NOT_PRODUCTION,21006.2458,18687.5319,-61.6222,1247,1247,0.00293352,-0.13859161,0.00938335,0.00293352,61.6222,21006.2458,OK,0.0000,-2.4649,4.0000,96.0000,AG03-UNRESOLVED,ALL5_LEVELS_bet23_to_bet27,-2.4649,-2.4649,-2.4649,-4.3136,-4.3136,4.000000,4.000000,4.000000,7.000000,7.000000,96.000000,96.000000,96.000000,93.000000,93.000000,5.0,-16.0218,-14.4684,-45.6004,-47.1538,PENDING_AG03,FALSE,NOT_FOR_ENFORCEMENT,-59.1573,17940.0307,-61.6222,-59.1573,-2.4649,-0.00293352,-0.00281618,-2.4649,-59.1573,-0.00281618,-2.4649,-2.4649,-2.4649,-4.3136,-4.3136,-59.1573,-0.00281618,-16.0218,-14.4684,-45.6004,-47.1538,-0.00217080,-0.00224475,-0.00011734,16.8454,14.9860,-0.0494,-0.6419,-0.0525,218.8151,12.9896,13.0801,17.0694,10.3857,11.0045,21.0062,31.5093,42.0124,42.1647,10.5412,0.0,3.81775,3.831594,1.530778,30,171,130,2,0.04358735,-0.00293352,0.13859161,0E-8,0.000000,0.889618,0.000000,-0.14797496,2026-03-22,2026-08-05,96,1173,774,137,0.700730,0.766291,0.776478,0.145291,,,,,,,,GLOBAL_BASELINE_NO_ENTITY_RANKING,,,NOT_APPLICABLE_GLOBAL_BASELINE,HF9g-P5,,,,X 全窗基线 · 不参与实体赏罚,3927516,393,A168_HF9F_20260827_0900,2026-08-27 09:00:00
2026-07-14,91797317,2250,0,10.2195151862,-10.2195151862,-10.2195151862,0E-7,1,1,0.49324550000000000,0.493245500000,-0.9865810262130424,-0.9865810262130424,-0.9865810262130424,0E-17,ELIGIBLE,R03b_20260811_FULL_v1,L1_ELIGIBILITY,v2026-08-11,2026-03-21..2026-08-06,baccarat_bet02_101_all_pairs_incl_sentinel,round_win = game_pnl > 0 (decisive only),COMPATIBILITY_ONLY_NOT_PRODUCTION,21006.2458,18687.5319,-61.6222,1247,1247,0.00293352,-0.13859161,0.00938335,0.00293352,61.6222,21006.2458,OK,0.0000,-2.4649,4.0000,96.0000,AG03-UNRESOLVED,ALL5_LEVELS_bet23_to_bet27,-2.4649,-2.4649,-2.4649,-4.3136,-4.3136,4.000000,4.000000,4.000000,7.000000,7.000000,96.000000,96.000000,96.000000,93.000000,93.000000,5.0,-16.0218,-14.4684,-45.6004,-47.1538,PENDING_AG03,FALSE,NOT_FOR_ENFORCEMENT,-59.1573,17940.0307,-61.6222,-59.1573,-2.4649,-0.00293352,-0.00281618,-2.4649,-59.1573,-0.00281618,-2.4649,-2.4649,-2.4649,-4.3136,-4.3136,-59.1573,-0.00281618,-16.0218,-14.4684,-45.6004,-47.1538,-0.00217080,-0.00224475,-0.00011734,16.8454,14.9860,-0.0494,-0.6419,-0.0525,218.8151,12.9896,13.0801,17.0694,10.3857,11.0045,21.0062,31.5093,42.0124,42.1647,10.5412,0.0,3.81775,3.831594,1.530778,30,171,130,2,0.04358735,-0.00293352,0.13859161,0E-8,0.000000,0.889618,0.000000,-0.14797496,2026-03-22,2026-08-05,96,1173,774,137,0.700730,0.766291,0.776478,0.145291,,,,,,,,GLOBAL_BASELINE_NO_ENTITY_RANKING,,,NOT_APPLICABLE_GLOBAL_BASELINE,HF9g-P5,,,,X 全窗基线 · 不参与实体赏罚,3927517,393,A168_HF9F_20260827_0900,2026-08-27 09:00:00
2026-07-14,91797317,2261,0,20.4390303724,-20.4390303724,-20.4390303724,0E-7,1,1,0.49324550000000000,0.493245500000,-0.9865810262130424,-0.9865810262130424,-0.9865810262130424,0E-17,ELIGIBLE,R03b_20260811_FULL_v1,L1_ELIGIBILITY,v2026-08-11,2026-03-21..2026-08-06,baccarat_bet02_101_all_pairs_incl_sentinel,round_win = game_pnl > 0 (decisive only),COMPATIBILITY_ONLY_NOT_PRODUCTION,21006.2458,18687.5319,-61.6222,1247,1247,0.00293352,-0.13859161,0.00938335,0.00293352,61.6222,21006.2458,OK,0.0000,-2.4649,4.0000,96.0000,AG03-UNRESOLVED,ALL5_LEVELS_bet23_to_bet27,-2.4649,-2.4649,-2.4649,-4.3136,-4.3136,4.000000,4.000000,4.000000,7.000000,7.000000,96.000000,96.000000,96.000000,93.000000,93.000000,5.0,-16.0218,-14.4684,-45.6004,-47.1538,PENDING_AG03,FALSE,NOT_FOR_ENFORCEMENT,-59.1573,17940.0307,-61.6222,-59.1573,-2.4649,-0.00293352,-0.00281618,-2.4649,-59.1573,-0.00281618,-2.4649,-2.4649,-2.4649,-4.3136,-4.3136,-59.1573,-0.00281618,-16.0218,-14.4684,-45.6004,-47.1538,-0.00217080,-0.00224475,-0.00011734,16.8454,14.9860,-0.0494,-0.6419,-0.0525,218.8151,12.9896,13.0801,17.0694,10.3857,11.0045,21.0062,31.5093,42.0124,42.1647,10.5412,0.0,3.81775,3.831594,1.530778,30,171,130,2,0.04358735,-0.00293352,0.13859161,0E-8,0.000000,0.889618,0.000000,-0.14797496,2026-03-22,2026-08-05,96,1173,774,137,0.700730,0.766291,0.776478,0.145291,,,,,,,,GLOBAL_BASELINE_NO_ENTITY_RANKING,,,NOT_APPLICABLE_GLOBAL_BASELINE,HF9g-P5,,,,X 全窗基线 · 不参与实体赏罚,3927518,393,A168_HF9F_20260827_0900,2026-08-27 09:00:00
2026-07-14,91797317,462,0,10.2195151862,-10.2195151862,-10.2195151862,0E-7,1,1,0.49324550000000000,0.493245500000,-0.9865810262130424,-0.9865810262130424,-0.9865810262130424,0E-17,ELIGIBLE,R03b_20260811_FULL_v1,L1_ELIGIBILITY,v2026-08-11,2026-03-21..2026-08-06,baccarat_bet02_101_all_pairs_incl_sentinel,round_win = game_pnl > 0 (decisive only),COMPATIBILITY_ONLY_NOT_PRODUCTION,21006.2458,18687.5319,-61.6222,1247,1247,0.00293352,-0.13859161,0.00938335,0.00293352,61.6222,21006.2458,OK,0.0000,-2.4649,4.0000,96.0000,AG03-UNRESOLVED,ALL5_LEVELS_bet23_to_bet27,-2.4649,-2.4649,-2.4649,-4.3136,-4.3136,4.000000,4.000000,4.000000,7.000000,7.000000,96.000000,96.000000,96.000000,93.000000,93.000000,5.0,-16.0218,-14.4684,-45.6004,-47.1538,PENDING_AG03,FALSE,NOT_FOR_ENFORCEMENT,-59.1573,17940.0307,-61.6222,-59.1573,-2.4649,-0.00293352,-0.00281618,-2.4649,-59.1573,-0.00281618,-2.4649,-2.4649,-2.4649,-4.3136,-4.3136,-59.1573,-0.00281618,-16.0218,-14.4684,-45.6004,-47.1538,-0.00217080,-0.00224475,-0.00011734,16.8454,14.9860,-0.0494,-0.6419,-0.0525,218.8151,12.9896,13.0801,17.0694,10.3857,11.0045,21.0062,31.5093,42.0124,42.1647,10.5412,0.0,3.81775,3.831594,1.530778,30,171,130,2,0.04358735,-0.00293352,0.13859161,0E-8,0.000000,0.889618,0.000000,-0.14797496,2026-03-22,2026-08-05,96,1173,774,137,0.700730,0.766291,0.776478,0.145291,,,,,,,,GLOBAL_BASELINE_NO_ENTITY_RANKING,,,NOT_APPLICABLE_GLOBAL_BASELINE,HF9g-P5,,,,X 全窗基线 · 不参与实体赏罚,3927519,393,A168_HF9F_20260827_0900,2026-08-27 09:00:00
2026-07-16,91797317,-1,1,10.2195151862,10.2195151862,10.2195151862,1.0000000,1,1,0.49324550000000000,0.493245500000,1.01360149184955,1.01360149184955,1.01360149184955,0E-17,SENTINEL_DEALER,R03b_20260811_FULL_v1,L1_ELIGIBILITY,v2026-08-11,2026-03-21..2026-08-06,baccarat_bet02_101_all_pairs_incl_sentinel,round_win = game_pnl > 0 (decisive only),COMPATIBILITY_ONLY_NOT_PRODUCTION,21006.2458,18687.5319,-61.6222,1247,1247,0.00293352,-0.13859161,0.00938335,0.00293352,61.6222,21006.2458,OK,0.0000,-2.4649,4.0000,96.0000,AG03-UNRESOLVED,ALL5_LEVELS_bet23_to_bet27,-2.4649,-2.4649,-2.4649,-4.3136,-4.3136,4.000000,4.000000,4.000000,7.000000,7.000000,96.000000,96.000000,96.000000,93.000000,93.000000,5.0,-16.0218,-14.4684,-45.6004,-47.1538,PENDING_AG03,FALSE,NOT_FOR_ENFORCEMENT,-59.1573,17940.0307,-61.6222,-59.1573,-2.4649,-0.00293352,-0.00281618,-2.4649,-59.1573,-0.00281618,-2.4649,-2.4649,-2.4649,-4.3136,-4.3136,-59.1573,-0.00281618,-16.0218,-14.4684,-45.6004,-47.1538,-0.00217080,-0.00224475,-0.00011734,16.8454,14.9860,-0.0494,-0.6419,-0.0525,218.8151,12.9896,13.0801,17.0694,10.3857,11.0045,21.0062,31.5093,42.0124,42.1647,10.5412,0.0,3.81775,3.831594,1.530778,30,171,130,2,0.04358735,-0.00293352,0.13859161,0E-8,0.000000,0.889618,0.000000,-0.14797496,2026-03-22,2026-08-05,96,1173,774,137,0.700730,0.766291,0.776478,0.145291,,,,,,,,GLOBAL_BASELINE_NO_ENTITY_RANKING,,,NOT_APPLICABLE_GLOBAL_BASELINE,HF9g-P5,,,,X 全窗基线 · 不参与实体赏罚,3927520,393,A168_HF9F_20260827_0900,2026-08-27 09:00:00
2026-07-16,91797317,1318,0,6.1317091117,6.1317091117,6.1317091117,1.0000000,1,1,0.49324550000000000,0.493245500000,1.01360149184955,1.01360149184955,1.01360149184955,0E-17,ELIGIBLE,R03b_20260811_FULL_v1,L1_ELIGIBILITY,v2026-08-11,2026-03-21..2026-08-06,baccarat_bet02_101_all_pairs_incl_sentinel,round_win = game_pnl > 0 (decisive only),COMPATIBILITY_ONLY_NOT_PRODUCTION,21006.2458,18687.5319,-61.6222,1247,1247,0.00293352,-0.13859161,0.00938335,0.00293352,61.6222,21006.2458,OK,0.0000,-2.4649,4.0000,96.0000,AG03-UNRESOLVED,ALL5_LEVELS_bet23_to_bet27,-2.4649,-2.4649,-2.4649,-4.3136,-4.3136,4.000000,4.000000,4.000000,7.000000,7.000000,96.000000,96.000000,96.000000,93.000000,93.000000,5.0,-16.0218,-14.4684,-45.6004,-47.1538,PENDING_AG03,FALSE,NOT_FOR_ENFORCEMENT,-59.1573,17940.0307,-61.6222,-59.1573,-2.4649,-0.00293352,-0.00281618,-2.4649,-59.1573,-0.00281618,-2.4649,-2.4649,-2.4649,-4.3136,-4.3136,-59.1573,-0.00281618,-16.0218,-14.4684,-45.6004,-47.1538,-0.00217080,-0.00224475,-0.00011734,16.8454,14.9860,-0.0494,-0.6419,-0.0525,218.8151,12.9896,13.0801,17.0694,10.3857,11.0045,21.0062,31.5093,42.0124,42.1647,10.5412,0.0,3.81775,3.831594,1.530778,30,171,130,2,0.04358735,-0.00293352,0.13859161,0E-8,0.000000,0.889618,0.000000,-0.14797496,2026-03-22,2026-08-05,96,1173,774,137,0.700730,0.766291,0.776478,0.145291,,,,,,,,GLOBAL_BASELINE_NO_ENTITY_RANKING,,,NOT_APPLICABLE_GLOBAL_BASELINE,HF9g-P5,,,,X 全窗基线 · 不参与实体赏罚,3927521,393,A168_HF9F_20260827_0900,2026-08-27 09:00:00
2026-07-16,91797317,1374,0,10.2195151862,10.2195151862,10.2195151862,1.0000000,1,1,0.49324550000000000,0.493245500000,1.01360149184955,1.01360149184955,1.01360149184955,0E-17,ELIGIBLE,R03b_20260811_FULL_v1,L1_ELIGIBILITY,v2026-08-11,2026-03-21..2026-08-06,baccarat_bet02_101_all_pairs_incl_sentinel,round_win = game_pnl > 0 (decisive only),COMPATIBILITY_ONLY_NOT_PRODUCTION,21006.2458,18687.5319,-61.6222,1247,1247,0.00293352,-0.13859161,0.00938335,0.00293352,61.6222,21006.2458,OK,0.0000,-2.4649,4.0000,96.0000,AG03-UNRESOLVED,ALL5_LEVELS_bet23_to_bet27,-2.4649,-2.4649,-2.4649,-4.3136,-4.3136,4.000000,4.000000,4.000000,7.000000,7.000000,96.000000,96.000000,96.000000,93.000000,93.000000,5.0,-16.0218,-14.4684,-45.6004,-47.1538,PENDING_AG03,FALSE,NOT_FOR_ENFORCEMENT,-59.1573,17940.0307,-61.6222,-59.1573,-2.4649,-0.00293352,-0.00281618,-2.4649,-59.1573,-0.00281618,-2.4649,-2.4649,-2.4649,-4.3136,-4.3136,-59.1573,-0.00281618,-16.0218,-14.4684,-45.6004,-47.1538,-0.00217080,-0.00224475,-0.00011734,16.8454,14.9860,-0.0494,-0.6419,-0.0525,218.8151,12.9896,13.0801,17.0694,10.3857,11.0045,21.0062,31.5093,42.0124,42.1647,10.5412,0.0,3.81775,3.831594,1.530778,30,171,130,2,0.04358735,-0.00293352,0.13859161,0E-8,0.000000,0.889618,0.000000,-0.14797496,2026-03-22,2026-08-05,96,1173,774,137,0.700730,0.766291,0.776478,0.145291,,,,,,,,GLOBAL_BASELINE_NO_ENTITY_RANKING,,,NOT_APPLICABLE_GLOBAL_BASELINE,HF9g-P5,,,,X 全窗基线 · 不参与实体赏罚,3927522,393,A168_HF9F_20260827_0900,2026-08-27 09:00:00
2026-07-16,91797317,1994,0,6.1317091117,0E-10,0E-10,,1,1,0.49324550000000000,0.493245500000,,,,0E-17,NO_DECISIVE_ROUND,R03b_20260811_FULL_v1,L1_ELIGIBILITY,v2026-08-11,2026-03-21..2026-08-06,baccarat_bet02_101_all_pairs_incl_sentinel,round_win = game_pnl > 0 (decisive only),COMPATIBILITY_ONLY_NOT_PRODUCTION,21006.2458,18687.5319,-61.6222,1247,1247,0.00293352,-0.13859161,0.00938335,0.00293352,61.6222,21006.2458,OK,0.0000,-2.4649,4.0000,96.0000,AG03-UNRESOLVED,ALL5_LEVELS_bet23_to_bet27,-2.4649,-2.4649,-2.4649,-4.3136,-4.3136,4.000000,4.000000,4.000000,7.000000,7.000000,96.000000,96.000000,96.000000,93.000000,93.000000,5.0,-16.0218,-14.4684,-45.6004,-47.1538,PENDING_AG03,FALSE,NOT_FOR_ENFORCEMENT,-59.1573,17940.0307,-61.6222,-59.1573,-2.4649,-0.00293352,-0.00281618,-2.4649,-59.1573,-0.00281618,-2.4649,-2.4649,-2.4649,-4.3136,-4.3136,-59.1573,-0.00281618,-16.0218,-14.4684,-45.6004,-47.1538,-0.00217080,-0.00224475,-0.00011734,16.8454,14.9860,-0.0494,-0.6419,-0.0525,218.8151,12.9896,13.0801,17.0694,10.3857,11.0045,21.0062,31.5093,42.0124,42.1647,10.5412,0.0,3.81775,3.831594,1.530778,30,171,130,2,0.04358735,-0.00293352,0.13859161,0E-8,0.000000,0.889618,0.000000,-0.14797496,2026-03-22,2026-08-05,96,1173,774,137,0.700730,0.766291,0.776478,0.145291,,,,,,,,GLOBAL_BASELINE_NO_ENTITY_RANKING,,,NOT_APPLICABLE_GLOBAL_BASELINE,HF9g-P5,,,,X 全窗基线 · 不参与实体赏罚,3927523,393,A168_HF9F_20260827_0900,2026-08-27 09:00:00
2026-07-16,91797317,2103,0,6.1317091117,-6.1317091117,-6.1317091117,0E-7,1,1,0.49324550000000000,0.493245500000,-0.9865810262130424,-0.9865810262130424,-0.9865810262130424,0E-17,ELIGIBLE,R03b_20260811_FULL_v1,L1_ELIGIBILITY,v2026-08-11,2026-03-21..2026-08-06,baccarat_bet02_101_all_pairs_incl_sentinel,round_win = game_pnl > 0 (decisive only),COMPATIBILITY_ONLY_NOT_PRODUCTION,21006.2458,18687.5319,-61.6222,1247,1247,0.00293352,-0.13859161,0.00938335,0.00293352,61.6222,21006.2458,OK,0.0000,-2.4649,4.0000,96.0000,AG03-UNRESOLVED,ALL5_LEVELS_bet23_to_bet27,-2.4649,-2.4649,-2.4649,-4.3136,-4.3136,4.000000,4.000000,4.000000,7.000000,7.000000,96.000000,96.000000,96.000000,93.000000,93.000000,5.0,-16.0218,-14.4684,-45.6004,-47.1538,PENDING_AG03,FALSE,NOT_FOR_ENFORCEMENT,-59.1573,17940.0307,-61.6222,-59.1573,-2.4649,-0.00293352,-0.00281618,-2.4649,-59.1573,-0.00281618,-2.4649,-2.4649,-2.4649,-4.3136,-4.3136,-59.1573,-0.00281618,-16.0218,-14.4684,-45.6004,-47.1538,-0.00217080,-0.00224475,-0.00011734,16.8454,14.9860,-0.0494,-0.6419,-0.0525,218.8151,12.9896,13.0801,17.0694,10.3857,11.0045,21.0062,31.5093,42.0124,42.1647,10.5412,0.0,3.81775,3.831594,1.530778,30,171,130,2,0.04358735,-0.00293352,0.13859161,0E-8,0.000000,0.889618,0.000000,-0.14797496,2026-03-22,2026-08-05,96,1173,774,137,0.700730,0.766291,0.776478,0.145291,,,,,,,,GLOBAL_BASELINE_NO_ENTITY_RANKING,,,NOT_APPLICABLE_GLOBAL_BASELINE,HF9g-P5,,,,X 全窗基线 · 不参与实体赏罚,3927524,393,A168_HF9F_20260827_0900,2026-08-27 09:00:00
2026-07-16,91797317,2145,0,6.1317091117,-6.1317091117,-6.1317091117,0E-7,1,1,0.49324550000000000,0.493245500000,-0.9865810262130424,-0.9865810262130424,-0.9865810262130424,0E-17,ELIGIBLE,R03b_20260811_FULL_v1,L1_ELIGIBILITY,v2026-08-11,2026-03-21..2026-08-06,baccarat_bet02_101_all_pairs_incl_sentinel,round_win = game_pnl > 0 (decisive only),COMPATIBILITY_ONLY_NOT_PRODUCTION,21006.2458,18687.5319,-61.6222,1247,1247,0.00293352,-0.13859161,0.00938335,0.00293352,61.6222,21006.2458,OK,0.0000,-2.4649,4.0000,96.0000,AG03-UNRESOLVED,ALL5_LEVELS_bet23_to_bet27,-2.4649,-2.4649,-2.4649,-4.3136,-4.3136,4.000000,4.000000,4.000000,7.000000,7.000000,96.000000,96.000000,96.000000,93.000000,93.000000,5.0,-16.0218,-14.4684,-45.6004,-47.1538,PENDING_AG03,FALSE,NOT_FOR_ENFORCEMENT,-59.1573,17940.0307,-61.6222,-59.1573,-2.4649,-0.00293352,-0.00281618,-2.4649,-59.1573,-0.00281618,-2.4649,-2.4649,-2.4649,-4.3136,-4.3136,-59.1573,-0.00281618,-16.0218,-14.4684,-45.6004,-47.1538,-0.00217080,-0.00224475,-0.00011734,16.8454,14.9860,-0.0494,-0.6419,-0.0525,218.8151,12.9896,13.0801,17.0694,10.3857,11.0045,21.0062,31.5093,42.0124,42.1647,10.5412,0.0,3.81775,3.831594,1.530778,30,171,130,2,0.04358735,-0.00293352,0.13859161,0E-8,0.000000,0.889618,0.000000,-0.14797496,2026-03-22,2026-08-05,96,1173,774,137,0.700730,0.766291,0.776478,0.145291,,,,,,,,GLOBAL_BASELINE_NO_ENTITY_RANKING,,,NOT_APPLICABLE_GLOBAL_BASELINE,HF9g-P5,,,,X 全窗基线 · 不参与实体赏罚,3927525,393,A168_HF9F_20260827_0900,2026-08-27 09:00:00
2026-07-16,91797317,2156,0,6.1317091117,-6.1317091117,-6.1317091117,0E-7,1,1,0.49324550000000000,0.493245500000,-0.9865810262130424,-0.9865810262130424,-0.9865810262130424,0E-17,ELIGIBLE,R03b_20260811_FULL_v1,L1_ELIGIBILITY,v2026-08-11,2026-03-21..2026-08-06,baccarat_bet02_101_all_pairs_incl_sentinel,round_win = game_pnl > 0 (decisive only),COMPATIBILITY_ONLY_NOT_PRODUCTION,21006.2458,18687.5319,-61.6222,1247,1247,0.00293352,-0.13859161,0.00938335,0.00293352,61.6222,21006.2458,OK,0.0000,-2.4649,4.0000,96.0000,AG03-UNRESOLVED,ALL5_LEVELS_bet23_to_bet27,-2.4649,-2.4649,-2.4649,-4.3136,-4.3136,4.000000,4.000000,4.000000,7.000000,7.000000,96.000000,96.000000,96.000000,93.000000,93.000000,5.0,-16.0218,-14.4684,-45.6004,-47.1538,PENDING_AG03,FALSE,NOT_FOR_ENFORCEMENT,-59.1573,17940.0307,-61.6222,-59.1573,-2.4649,-0.00293352,-0.00281618,-2.4649,-59.1573,-0.00281618,-2.4649,-2.4649,-2.4649,-4.3136,-4.3136,-59.1573,-0.00281618,-16.0218,-14.4684,-45.6004,-47.1538,-0.00217080,-0.00224475,-0.00011734,16.8454,14.9860,-0.0494,-0.6419,-0.0525,218.8151,12.9896,13.0801,17.0694,10.3857,11.0045,21.0062,31.5093,42.0124,42.1647,10.5412,0.0,3.81775,3.831594,1.530778,30,171,130,2,0.04358735,-0.00293352,0.13859161,0E-8,0.000000,0.889618,0.000000,-0.14797496,2026-03-22,2026-08-05,96,1173,774,137,0.700730,0.766291,0.776478,0.145291,,,,,,,,GLOBAL_BASELINE_NO_ENTITY_RANKING,,,NOT_APPLICABLE_GLOBAL_BASELINE,HF9g-P5,,,,X 全窗基线 · 不参与实体赏罚,3927526,393,A168_HF9F_20260827_0900,2026-08-27 09:00:00
2026-07-17,91797317,1750,0,6.1317091117,-6.1317091117,-6.1317091117,0E-7,1,1,0.49324550000000000,0.493245500000,-0.9865810262130424,-0.9865810262130424,-0.9865810262130424,0E-17,ELIGIBLE,R03b_20260811_FULL_v1,L1_ELIGIBILITY,v2026-08-11,2026-03-21..2026-08-06,baccarat_bet02_101_all_pairs_incl_sentinel,round_win = game_pnl > 0 (decisive only),COMPATIBILITY_ONLY_NOT_PRODUCTION,21006.2458,18687.5319,-61.6222,1247,1247,0.00293352,-0.13859161,0.00938335,0.00293352,61.6222,21006.2458,OK,0.0000,-2.4649,4.0000,96.0000,AG03-UNRESOLVED,ALL5_LEVELS_bet23_to_bet27,-2.4649,-2.4649,-2.4649,-4.3136,-4.3136,4.000000,4.000000,4.000000,7.000000,7.000000,96.000000,96.000000,96.000000,93.000000,93.000000,5.0,-16.0218,-14.4684,-45.6004,-47.1538,PENDING_AG03,FALSE,NOT_FOR_ENFORCEMENT,-59.1573,17940.0307,-61.6222,-59.1573,-2.4649,-0.00293352,-0.00281618,-2.4649,-59.1573,-0.00281618,-2.4649,-2.4649,-2.4649,-4.3136,-4.3136,-59.1573,-0.00281618,-16.0218,-14.4684,-45.6004,-47.1538,-0.00217080,-0.00224475,-0.00011734,16.8454,14.9860,-0.0494,-0.6419,-0.0525,218.8151,12.9896,13.0801,17.0694,10.3857,11.0045,21.0062,31.5093,42.0124,42.1647,10.5412,0.0,3.81775,3.831594,1.530778,30,171,130,2,0.04358735,-0.00293352,0.13859161,0E-8,0.000000,0.889618,0.000000,-0.14797496,2026-03-22,2026-08-05,96,1173,774,137,0.700730,0.766291,0.776478,0.145291,,,,,,,,GLOBAL_BASELINE_NO_ENTITY_RANKING,,,NOT_APPLICABLE_GLOBAL_BASELINE,HF9g-P5,,,,X 全窗基线 · 不参与实体赏罚,3927527,393,A168_HF9F_20260827_0900,2026-08-27 09:00:00
2026-07-17,91797317,2258,0,10.2195151862,-10.2195151862,-10.2195151862,0E-7,1,1,0.49324550000000000,0.493245500000,-0.9865810262130424,-0.9865810262130424,-0.9865810262130424,0E-17,ELIGIBLE,R03b_20260811_FULL_v1,L1_ELIGIBILITY,v2026-08-11,2026-03-21..2026-08-06,baccarat_bet02_101_all_pairs_incl_sentinel,round_win = game_pnl > 0 (decisive only),COMPATIBILITY_ONLY_NOT_PRODUCTION,21006.2458,18687.5319,-61.6222,1247,1247,0.00293352,-0.13859161,0.00938335,0.00293352,61.6222,21006.2458,OK,0.0000,-2.4649,4.0000,96.0000,AG03-UNRESOLVED,ALL5_LEVELS_bet23_to_bet27,-2.4649,-2.4649,-2.4649,-4.3136,-4.3136,4.000000,4.000000,4.000000,7.000000,7.000000,96.000000,96.000000,96.000000,93.000000,93.000000,5.0,-16.0218,-14.4684,-45.6004,-47.1538,PENDING_AG03,FALSE,NOT_FOR_ENFORCEMENT,-59.1573,17940.0307,-61.6222,-59.1573,-2.4649,-0.00293352,-0.00281618,-2.4649,-59.1573,-0.00281618,-2.4649,-2.4649,-2.4649,-4.3136,-4.3136,-59.1573,-0.00281618,-16.0218,-14.4684,-45.6004,-47.1538,-0.00217080,-0.00224475,-0.00011734,16.8454,14.9860,-0.0494,-0.6419,-0.0525,218.8151,12.9896,13.0801,17.0694,10.3857,11.0045,21.0062,31.5093,42.0124,42.1647,10.5412,0.0,3.81775,3.831594,1.530778,30,171,130,2,0.04358735,-0.00293352,0.13859161,0E-8,0.000000,0.889618,0.000000,-0.14797496,2026-03-22,2026-08-05,96,1173,774,137,0.700730,0.766291,0.776478,0.145291,,,,,,,,GLOBAL_BASELINE_NO_ENTITY_RANKING,,,NOT_APPLICABLE_GLOBAL_BASELINE,HF9g-P5,,,,X 全窗基线 · 不参与实体赏罚,3927528,393,A168_HF9F_20260827_0900,2026-08-27 09:00:00
2026-07-26,91797317,2142,0,10.2195151862,-10.2195151862,-10.2195151862,0E-7,1,1,0.49324550000000000,0.493245500000,-0.9865810262130424,-0.9865810262130424,-0.9865810262130424,0E-17,ELIGIBLE,R03b_20260811_FULL_v1,L1_ELIGIBILITY,v2026-08-11,2026-03-21..2026-08-06,baccarat_bet02_101_all_pairs_incl_sentinel,round_win = game_pnl > 0 (decisive only),COMPATIBILITY_ONLY_NOT_PRODUCTION,21006.2458,18687.5319,-61.6222,1247,1247,0.00293352,-0.13859161,0.00938335,0.00293352,61.6222,21006.2458,OK,0.0000,-2.4649,4.0000,96.0000,AG03-UNRESOLVED,ALL5_LEVELS_bet23_to_bet27,-2.4649,-2.4649,-2.4649,-4.3136,-4.3136,4.000000,4.000000,4.000000,7.000000,7.000000,96.000000,96.000000,96.000000,93.000000,93.000000,5.0,-16.0218,-14.4684,-45.6004,-47.1538,PENDING_AG03,FALSE,NOT_FOR_ENFORCEMENT,-59.1573,17940.0307,-61.6222,-59.1573,-2.4649,-0.00293352,-0.00281618,-2.4649,-59.1573,-0.00281618,-2.4649,-2.4649,-2.4649,-4.3136,-4.3136,-59.1573,-0.00281618,-16.0218,-14.4684,-45.6004,-47.1538,-0.00217080,-0.00224475,-0.00011734,16.8454,14.9860,-0.0494,-0.6419,-0.0525,218.8151,12.9896,13.0801,17.0694,10.3857,11.0045,21.0062,31.5093,42.0124,42.1647,10.5412,0.0,3.81775,3.831594,1.530778,30,171,130,2,0.04358735,-0.00293352,0.13859161,0E-8,0.000000,0.889618,0.000000,-0.14797496,2026-03-22,2026-08-05,96,1173,774,137,0.700730,0.766291,0.776478,0.145291,,,,,,,,GLOBAL_BASELINE_NO_ENTITY_RANKING,,,NOT_APPLICABLE_GLOBAL_BASELINE,HF9g-P5,,,,X 全窗基线 · 不参与实体赏罚,3927529,393,A168_HF9F_20260827_0900,2026-08-27 09:00:00
2026-07-27,91797317,-1,1,81.7561214896,20.4390303724,20.4390303724,0.6666667,4,4,0.49324550000000000,0.493245500000,0.6008033672792107,0.6008033672792106,0.6008033672792107,0E-17,SENTINEL_DEALER,R03b_20260811_FULL_v1,L1_ELIGIBILITY,v2026-08-11,2026-03-21..2026-08-06,baccarat_bet02_101_all_pairs_incl_sentinel,round_win = game_pnl > 0 (decisive only),COMPATIBILITY_ONLY_NOT_PRODUCTION,21006.2458,18687.5319,-61.6222,1247,1247,0.00293352,-0.13859161,0.00938335,0.00293352,61.6222,21006.2458,OK,0.0000,-2.4649,4.0000,96.0000,AG03-UNRESOLVED,ALL5_LEVELS_bet23_to_bet27,-2.4649,-2.4649,-2.4649,-4.3136,-4.3136,4.000000,4.000000,4.000000,7.000000,7.000000,96.000000,96.000000,96.000000,93.000000,93.000000,5.0,-16.0218,-14.4684,-45.6004,-47.1538,PENDING_AG03,FALSE,NOT_FOR_ENFORCEMENT,-59.1573,17940.0307,-61.6222,-59.1573,-2.4649,-0.00293352,-0.00281618,-2.4649,-59.1573,-0.00281618,-2.4649,-2.4649,-2.4649,-4.3136,-4.3136,-59.1573,-0.00281618,-16.0218,-14.4684,-45.6004,-47.1538,-0.00217080,-0.00224475,-0.00011734,16.8454,14.9860,-0.0494,-0.6419,-0.0525,218.8151,12.9896,13.0801,17.0694,10.3857,11.0045,21.0062,31.5093,42.0124,42.1647,10.5412,0.0,3.81775,3.831594,1.530778,30,171,130,2,0.04358735,-0.00293352,0.13859161,0E-8,0.000000,0.889618,0.000000,-0.14797496,2026-03-22,2026-08-05,96,1173,774,137,0.700730,0.766291,0.776478,0.145291,,,,,,,,GLOBAL_BASELINE_NO_ENTITY_RANKING,,,NOT_APPLICABLE_GLOBAL_BASELINE,HF9g-P5,,,,X 全窗基线 · 不参与实体赏罚,3927530,393,A168_HF9F_20260827_0900,2026-08-27 09:00:00
2026-07-27,91797317,1385,0,10.2195151862,-10.2195151862,-10.2195151862,0E-7,1,1,0.49324550000000000,0.493245500000,-0.9865810262130424,-0.9865810262130424,-0.9865810262130424,0E-17,ELIGIBLE,R03b_20260811_FULL_v1,L1_ELIGIBILITY,v2026-08-11,2026-03-21..2026-08-06,baccarat_bet02_101_all_pairs_incl_sentinel,round_win = game_pnl > 0 (decisive only),COMPATIBILITY_ONLY_NOT_PRODUCTION,21006.2458,18687.5319,-61.6222,1247,1247,0.00293352,-0.13859161,0.00938335,0.00293352,61.6222,21006.2458,OK,0.0000,-2.4649,4.0000,96.0000,AG03-UNRESOLVED,ALL5_LEVELS_bet23_to_bet27,-2.4649,-2.4649,-2.4649,-4.3136,-4.3136,4.000000,4.000000,4.000000,7.000000,7.000000,96.000000,96.000000,96.000000,93.000000,93.000000,5.0,-16.0218,-14.4684,-45.6004,-47.1538,PENDING_AG03,FALSE,NOT_FOR_ENFORCEMENT,-59.1573,17940.0307,-61.6222,-59.1573,-2.4649,-0.00293352,-0.00281618,-2.4649,-59.1573,-0.00281618,-2.4649,-2.4649,-2.4649,-4.3136,-4.3136,-59.1573,-0.00281618,-16.0218,-14.4684,-45.6004,-47.1538,-0.00217080,-0.00224475,-0.00011734,16.8454,14.9860,-0.0494,-0.6419,-0.0525,218.8151,12.9896,13.0801,17.0694,10.3857,11.0045,21.0062,31.5093,42.0124,42.1647,10.5412,0.0,3.81775,3.831594,1.530778,30,171,130,2,0.04358735,-0.00293352,0.13859161,0E-8,0.000000,0.889618,0.000000,-0.14797496,2026-03-22,2026-08-05,96,1173,774,137,0.700730,0.766291,0.776478,0.145291,,,,,,,,GLOBAL_BASELINE_NO_ENTITY_RANKING,,,NOT_APPLICABLE_GLOBAL_BASELINE,HF9g-P5,,,,X 全窗基线 · 不参与实体赏罚,3927531,393,A168_HF9F_20260827_0900,2026-08-27 09:00:00
2026-07-27,91797317,2281,0,20.4390303724,0E-10,0E-10,,1,1,0.49324550000000000,0.493245500000,,,,0E-17,NO_DECISIVE_ROUND,R03b_20260811_FULL_v1,L1_ELIGIBILITY,v2026-08-11,2026-03-21..2026-08-06,baccarat_bet02_101_all_pairs_incl_sentinel,round_win = game_pnl > 0 (decisive only),COMPATIBILITY_ONLY_NOT_PRODUCTION,21006.2458,18687.5319,-61.6222,1247,1247,0.00293352,-0.13859161,0.00938335,0.00293352,61.6222,21006.2458,OK,0.0000,-2.4649,4.0000,96.0000,AG03-UNRESOLVED,ALL5_LEVELS_bet23_to_bet27,-2.4649,-2.4649,-2.4649,-4.3136,-4.3136,4.000000,4.000000,4.000000,7.000000,7.000000,96.000000,96.000000,96.000000,93.000000,93.000000,5.0,-16.0218,-14.4684,-45.6004,-47.1538,PENDING_AG03,FALSE,NOT_FOR_ENFORCEMENT,-59.1573,17940.0307,-61.6222,-59.1573,-2.4649,-0.00293352,-0.00281618,-2.4649,-59.1573,-0.00281618,-2.4649,-2.4649,-2.4649,-4.3136,-4.3136,-59.1573,-0.00281618,-16.0218,-14.4684,-45.6004,-47.1538,-0.00217080,-0.00224475,-0.00011734,16.8454,14.9860,-0.0494,-0.6419,-0.0525,218.8151,12.9896,13.0801,17.0694,10.3857,11.0045,21.0062,31.5093,42.0124,42.1647,10.5412,0.0,3.81775,3.831594,1.530778,30,171,130,2,0.04358735,-0.00293352,0.13859161,0E-8,0.000000,0.889618,0.000000,-0.14797496,2026-03-22,2026-08-05,96,1173,774,137,0.700730,0.766291,0.776478,0.145291,,,,,,,,GLOBAL_BASELINE_NO_ENTITY_RANKING,,,NOT_APPLICABLE_GLOBAL_BASELINE,HF9g-P5,,,,X 全窗基线 · 不参与实体赏罚,3927532,393,A168_HF9F_20260827_0900,2026-08-27 09:00:00
2026-07-28,91797317,-1,1,20.4390303724,0E-10,0E-10,0.5000000,2,2,0.49324550000000000,0.493245500000,0.01910635448239258,0.01910635448239258,0.01910635448239258,0E-17,SENTINEL_DEALER,R03b_20260811_FULL_v1,L1_ELIGIBILITY,v2026-08-11,2026-03-21..2026-08-06,baccarat_bet02_101_all_pairs_incl_sentinel,round_win = game_pnl > 0 (decisive only),COMPATIBILITY_ONLY_NOT_PRODUCTION,21006.2458,18687.5319,-61.6222,1247,1247,0.00293352,-0.13859161,0.00938335,0.00293352,61.6222,21006.2458,OK,0.0000,-2.4649,4.0000,96.0000,AG03-UNRESOLVED,ALL5_LEVELS_bet23_to_bet27,-2.4649,-2.4649,-2.4649,-4.3136,-4.3136,4.000000,4.000000,4.000000,7.000000,7.000000,96.000000,96.000000,96.000000,93.000000,93.000000,5.0,-16.0218,-14.4684,-45.6004,-47.1538,PENDING_AG03,FALSE,NOT_FOR_ENFORCEMENT,-59.1573,17940.0307,-61.6222,-59.1573,-2.4649,-0.00293352,-0.00281618,-2.4649,-59.1573,-0.00281618,-2.4649,-2.4649,-2.4649,-4.3136,-4.3136,-59.1573,-0.00281618,-16.0218,-14.4684,-45.6004,-47.1538,-0.00217080,-0.00224475,-0.00011734,16.8454,14.9860,-0.0494,-0.6419,-0.0525,218.8151,12.9896,13.0801,17.0694,10.3857,11.0045,21.0062,31.5093,42.0124,42.1647,10.5412,0.0,3.81775,3.831594,1.530778,30,171,130,2,0.04358735,-0.00293352,0.13859161,0E-8,0.000000,0.889618,0.000000,-0.14797496,2026-03-22,2026-08-05,96,1173,774,137,0.700730,0.766291,0.776478,0.145291,,,,,,,,GLOBAL_BASELINE_NO_ENTITY_RANKING,,,NOT_APPLICABLE_GLOBAL_BASELINE,HF9g-P5,,,,X 全窗基线 · 不参与实体赏罚,3927533,393,A168_HF9F_20260827_0900,2026-08-27 09:00:00
2026-07-28,91797317,2224,0,10.2195151862,10.2195151862,10.2195151862,1.0000000,1,1,0.49324550000000000,0.493245500000,1.01360149184955,1.01360149184955,1.01360149184955,0E-17,ELIGIBLE,R03b_20260811_FULL_v1,L1_ELIGIBILITY,v2026-08-11,2026-03-21..2026-08-06,baccarat_bet02_101_all_pairs_incl_sentinel,round_win = game_pnl > 0 (decisive only),COMPATIBILITY_ONLY_NOT_PRODUCTION,21006.2458,18687.5319,-61.6222,1247,1247,0.00293352,-0.13859161,0.00938335,0.00293352,61.6222,21006.2458,OK,0.0000,-2.4649,4.0000,96.0000,AG03-UNRESOLVED,ALL5_LEVELS_bet23_to_bet27,-2.4649,-2.4649,-2.4649,-4.3136,-4.3136,4.000000,4.000000,4.000000,7.000000,7.000000,96.000000,96.000000,96.000000,93.000000,93.000000,5.0,-16.0218,-14.4684,-45.6004,-47.1538,PENDING_AG03,FALSE,NOT_FOR_ENFORCEMENT,-59.1573,17940.0307,-61.6222,-59.1573,-2.4649,-0.00293352,-0.00281618,-2.4649,-59.1573,-0.00281618,-2.4649,-2.4649,-2.4649,-4.3136,-4.3136,-59.1573,-0.00281618,-16.0218,-14.4684,-45.6004,-47.1538,-0.00217080,-0.00224475,-0.00011734,16.8454,14.9860,-0.0494,-0.6419,-0.0525,218.8151,12.9896,13.0801,17.0694,10.3857,11.0045,21.0062,31.5093,42.0124,42.1647,10.5412,0.0,3.81775,3.831594,1.530778,30,171,130,2,0.04358735,-0.00293352,0.13859161,0E-8,0.000000,0.889618,0.000000,-0.14797496,2026-03-22,2026-08-05,96,1173,774,137,0.700730,0.766291,0.776478,0.145291,,,,,,,,GLOBAL_BASELINE_NO_ENTITY_RANKING,,,NOT_APPLICABLE_GLOBAL_BASELINE,HF9g-P5,,,,X 全窗基线 · 不参与实体赏罚,3927534,393,A168_HF9F_20260827_0900,2026-08-27 09:00:00
2026-07-29,91797317,-1,1,20.4390303724,-20.4390303724,-20.4390303724,0E-7,1,1,0.49324550000000000,0.493245500000,-0.9865810262130424,-0.9865810262130424,-0.9865810262130424,0E-17,SENTINEL_DEALER,R03b_20260811_FULL_v1,L1_ELIGIBILITY,v2026-08-11,2026-03-21..2026-08-06,baccarat_bet02_101_all_pairs_incl_sentinel,round_win = game_pnl > 0 (decisive only),COMPATIBILITY_ONLY_NOT_PRODUCTION,21006.2458,18687.5319,-61.6222,1247,1247,0.00293352,-0.13859161,0.00938335,0.00293352,61.6222,21006.2458,OK,0.0000,-2.4649,4.0000,96.0000,AG03-UNRESOLVED,ALL5_LEVELS_bet23_to_bet27,-2.4649,-2.4649,-2.4649,-4.3136,-4.3136,4.000000,4.000000,4.000000,7.000000,7.000000,96.000000,96.000000,96.000000,93.000000,93.000000,5.0,-16.0218,-14.4684,-45.6004,-47.1538,PENDING_AG03,FALSE,NOT_FOR_ENFORCEMENT,-59.1573,17940.0307,-61.6222,-59.1573,-2.4649,-0.00293352,-0.00281618,-2.4649,-59.1573,-0.00281618,-2.4649,-2.4649,-2.4649,-4.3136,-4.3136,-59.1573,-0.00281618,-16.0218,-14.4684,-45.6004,-47.1538,-0.00217080,-0.00224475,-0.00011734,16.8454,14.9860,-0.0494,-0.6419,-0.0525,218.8151,12.9896,13.0801,17.0694,10.3857,11.0045,21.0062,31.5093,42.0124,42.1647,10.5412,0.0,3.81775,3.831594,1.530778,30,171,130,2,0.04358735,-0.00293352,0.13859161,0E-8,0.000000,0.889618,0.000000,-0.14797496,2026-03-22,2026-08-05,96,1173,774,137,0.700730,0.766291,0.776478,0.145291,,,,,,,,GLOBAL_BASELINE_NO_ENTITY_RANKING,,,NOT_APPLICABLE_GLOBAL_BASELINE,HF9g-P5,,,,X 全窗基线 · 不参与实体赏罚,3927535,393,A168_HF9F_20260827_0900,2026-08-27 09:00:00
2026-07-30,91797317,-1,1,40.8780607448,0E-10,0E-10,0.5000000,3,3,0.49324550000000000,0.493245500000,0.01910635448239258,0.01910635448239258,0.01910635448239258,0E-17,SENTINEL_DEALER,R03b_20260811_FULL_v1,L1_ELIGIBILITY,v2026-08-11,2026-03-21..2026-08-06,baccarat_bet02_101_all_pairs_incl_sentinel,round_win = game_pnl > 0 (decisive only),COMPATIBILITY_ONLY_NOT_PRODUCTION,21006.2458,18687.5319,-61.6222,1247,1247,0.00293352,-0.13859161,0.00938335,0.00293352,61.6222,21006.2458,OK,0.0000,-2.4649,4.0000,96.0000,AG03-UNRESOLVED,ALL5_LEVELS_bet23_to_bet27,-2.4649,-2.4649,-2.4649,-4.3136,-4.3136,4.000000,4.000000,4.000000,7.000000,7.000000,96.000000,96.000000,96.000000,93.000000,93.000000,5.0,-16.0218,-14.4684,-45.6004,-47.1538,PENDING_AG03,FALSE,NOT_FOR_ENFORCEMENT,-59.1573,17940.0307,-61.6222,-59.1573,-2.4649,-0.00293352,-0.00281618,-2.4649,-59.1573,-0.00281618,-2.4649,-2.4649,-2.4649,-4.3136,-4.3136,-59.1573,-0.00281618,-16.0218,-14.4684,-45.6004,-47.1538,-0.00217080,-0.00224475,-0.00011734,16.8454,14.9860,-0.0494,-0.6419,-0.0525,218.8151,12.9896,13.0801,17.0694,10.3857,11.0045,21.0062,31.5093,42.0124,42.1647,10.5412,0.0,3.81775,3.831594,1.530778,30,171,130,2,0.04358735,-0.00293352,0.13859161,0E-8,0.000000,0.889618,0.000000,-0.14797496,2026-03-22,2026-08-05,96,1173,774,137,0.700730,0.766291,0.776478,0.145291,,,,,,,,GLOBAL_BASELINE_NO_ENTITY_RANKING,,,NOT_APPLICABLE_GLOBAL_BASELINE,HF9g-P5,,,,X 全窗基线 · 不参与实体赏罚,3927536,393,A168_HF9F_20260827_0900,2026-08-27 09:00:00
2026-07-30,91797317,1302,0,20.4390303724,20.4390303724,20.4390303724,1.0000000,1,1,0.49324550000000000,0.493245500000,1.01360149184955,1.01360149184955,1.01360149184955,0E-17,ELIGIBLE,R03b_20260811_FULL_v1,L1_ELIGIBILITY,v2026-08-11,2026-03-21..2026-08-06,baccarat_bet02_101_all_pairs_incl_sentinel,round_win = game_pnl > 0 (decisive only),COMPATIBILITY_ONLY_NOT_PRODUCTION,21006.2458,18687.5319,-61.6222,1247,1247,0.00293352,-0.13859161,0.00938335,0.00293352,61.6222,21006.2458,OK,0.0000,-2.4649,4.0000,96.0000,AG03-UNRESOLVED,ALL5_LEVELS_bet23_to_bet27,-2.4649,-2.4649,-2.4649,-4.3136,-4.3136,4.000000,4.000000,4.000000,7.000000,7.000000,96.000000,96.000000,96.000000,93.000000,93.000000,5.0,-16.0218,-14.4684,-45.6004,-47.1538,PENDING_AG03,FALSE,NOT_FOR_ENFORCEMENT,-59.1573,17940.0307,-61.6222,-59.1573,-2.4649,-0.00293352,-0.00281618,-2.4649,-59.1573,-0.00281618,-2.4649,-2.4649,-2.4649,-4.3136,-4.3136,-59.1573,-0.00281618,-16.0218,-14.4684,-45.6004,-47.1538,-0.00217080,-0.00224475,-0.00011734,16.8454,14.9860,-0.0494,-0.6419,-0.0525,218.8151,12.9896,13.0801,17.0694,10.3857,11.0045,21.0062,31.5093,42.0124,42.1647,10.5412,0.0,3.81775,3.831594,1.530778,30,171,130,2,0.04358735,-0.00293352,0.13859161,0E-8,0.000000,0.889618,0.000000,-0.14797496,2026-03-22,2026-08-05,96,1173,774,137,0.700730,0.766291,0.776478,0.145291,,,,,,,,GLOBAL_BASELINE_NO_ENTITY_RANKING,,,NOT_APPLICABLE_GLOBAL_BASELINE,HF9g-P5,,,,X 全窗基线 · 不参与实体赏罚,3927537,393,A168_HF9F_20260827_0900,2026-08-27 09:00:00
2026-07-30,91797317,1325,0,10.2195151862,-10.2195151862,-10.2195151862,0E-7,1,1,0.49324550000000000,0.493245500000,-0.9865810262130424,-0.9865810262130424,-0.9865810262130424,0E-17,ELIGIBLE,R03b_20260811_FULL_v1,L1_ELIGIBILITY,v2026-08-11,2026-03-21..2026-08-06,baccarat_bet02_101_all_pairs_incl_sentinel,round_win = game_pnl > 0 (decisive only),COMPATIBILITY_ONLY_NOT_PRODUCTION,21006.2458,18687.5319,-61.6222,1247,1247,0.00293352,-0.13859161,0.00938335,0.00293352,61.6222,21006.2458,OK,0.0000,-2.4649,4.0000,96.0000,AG03-UNRESOLVED,ALL5_LEVELS_bet23_to_bet27,-2.4649,-2.4649,-2.4649,-4.3136,-4.3136,4.000000,4.000000,4.000000,7.000000,7.000000,96.000000,96.000000,96.000000,93.000000,93.000000,5.0,-16.0218,-14.4684,-45.6004,-47.1538,PENDING_AG03,FALSE,NOT_FOR_ENFORCEMENT,-59.1573,17940.0307,-61.6222,-59.1573,-2.4649,-0.00293352,-0.00281618,-2.4649,-59.1573,-0.00281618,-2.4649,-2.4649,-2.4649,-4.3136,-4.3136,-59.1573,-0.00281618,-16.0218,-14.4684,-45.6004,-47.1538,-0.00217080,-0.00224475,-0.00011734,16.8454,14.9860,-0.0494,-0.6419,-0.0525,218.8151,12.9896,13.0801,17.0694,10.3857,11.0045,21.0062,31.5093,42.0124,42.1647,10.5412,0.0,3.81775,3.831594,1.530778,30,171,130,2,0.04358735,-0.00293352,0.13859161,0E-8,0.000000,0.889618,0.000000,-0.14797496,2026-03-22,2026-08-05,96,1173,774,137,0.700730,0.766291,0.776478,0.145291,,,,,,,,GLOBAL_BASELINE_NO_ENTITY_RANKING,,,NOT_APPLICABLE_GLOBAL_BASELINE,HF9g-P5,,,,X 全窗基线 · 不参与实体赏罚,3927538,393,A168_HF9F_20260827_0900,2026-08-27 09:00:00
2026-07-30,91797317,2280,0,10.2195151862,10.2195151862,10.2195151862,1.0000000,1,1,0.49324550000000000,0.493245500000,1.01360149184955,1.01360149184955,1.01360149184955,0E-17,ELIGIBLE,R03b_20260811_FULL_v1,L1_ELIGIBILITY,v2026-08-11,2026-03-21..2026-08-06,baccarat_bet02_101_all_pairs_incl_sentinel,round_win = game_pnl > 0 (decisive only),COMPATIBILITY_ONLY_NOT_PRODUCTION,21006.2458,18687.5319,-61.6222,1247,1247,0.00293352,-0.13859161,0.00938335,0.00293352,61.6222,21006.2458,OK,0.0000,-2.4649,4.0000,96.0000,AG03-UNRESOLVED,ALL5_LEVELS_bet23_to_bet27,-2.4649,-2.4649,-2.4649,-4.3136,-4.3136,4.000000,4.000000,4.000000,7.000000,7.000000,96.000000,96.000000,96.000000,93.000000,93.000000,5.0,-16.0218,-14.4684,-45.6004,-47.1538,PENDING_AG03,FALSE,NOT_FOR_ENFORCEMENT,-59.1573,17940.0307,-61.6222,-59.1573,-2.4649,-0.00293352,-0.00281618,-2.4649,-59.1573,-0.00281618,-2.4649,-2.4649,-2.4649,-4.3136,-4.3136,-59.1573,-0.00281618,-16.0218,-14.4684,-45.6004,-47.1538,-0.00217080,-0.00224475,-0.00011734,16.8454,14.9860,-0.0494,-0.6419,-0.0525,218.8151,12.9896,13.0801,17.0694,10.3857,11.0045,21.0062,31.5093,42.0124,42.1647,10.5412,0.0,3.81775,3.831594,1.530778,30,171,130,2,0.04358735,-0.00293352,0.13859161,0E-8,0.000000,0.889618,0.000000,-0.14797496,2026-03-22,2026-08-05,96,1173,774,137,0.700730,0.766291,0.776478,0.145291,,,,,,,,GLOBAL_BASELINE_NO_ENTITY_RANKING,,,NOT_APPLICABLE_GLOBAL_BASELINE,HF9g-P5,,,,X 全窗基线 · 不参与实体赏罚,3927539,393,A168_HF9F_20260827_0900,2026-08-27 09:00:00
2026-07-31,91797317,1402,0,20.2036528204,-20.2036528204,-20.2036528204,0E-7,1,1,0.49324550000000000,0.493245500000,-0.9865810262130424,-0.9865810262130424,-0.9865810262130424,0E-17,ELIGIBLE,R03b_20260811_FULL_v1,L1_ELIGIBILITY,v2026-08-11,2026-03-21..2026-08-06,baccarat_bet02_101_all_pairs_incl_sentinel,round_win = game_pnl > 0 (decisive only),COMPATIBILITY_ONLY_NOT_PRODUCTION,21006.2458,18687.5319,-61.6222,1247,1247,0.00293352,-0.13859161,0.00938335,0.00293352,61.6222,21006.2458,OK,0.0000,-2.4649,4.0000,96.0000,AG03-UNRESOLVED,ALL5_LEVELS_bet23_to_bet27,-2.4649,-2.4649,-2.4649,-4.3136,-4.3136,4.000000,4.000000,4.000000,7.000000,7.000000,96.000000,96.000000,96.000000,93.000000,93.000000,5.0,-16.0218,-14.4684,-45.6004,-47.1538,PENDING_AG03,FALSE,NOT_FOR_ENFORCEMENT,-59.1573,17940.0307,-61.6222,-59.1573,-2.4649,-0.00293352,-0.00281618,-2.4649,-59.1573,-0.00281618,-2.4649,-2.4649,-2.4649,-4.3136,-4.3136,-59.1573,-0.00281618,-16.0218,-14.4684,-45.6004,-47.1538,-0.00217080,-0.00224475,-0.00011734,16.8454,14.9860,-0.0494,-0.6419,-0.0525,218.8151,12.9896,13.0801,17.0694,10.3857,11.0045,21.0062,31.5093,42.0124,42.1647,10.5412,0.0,3.81775,3.831594,1.530778,30,171,130,2,0.04358735,-0.00293352,0.13859161,0E-8,0.000000,0.889618,0.000000,-0.14797496,2026-03-22,2026-08-05,96,1173,774,137,0.700730,0.766291,0.776478,0.145291,,,,,,,,GLOBAL_BASELINE_NO_ENTITY_RANKING,,,NOT_APPLICABLE_GLOBAL_BASELINE,HF9g-P5,,,,X 全窗基线 · 不参与实体赏罚,3927540,393,A168_HF9F_20260827_0900,2026-08-27 09:00:00
2026-08-05,91797317,-1,1,10.1018264102,0E-10,0E-10,,1,1,0.49324550000000000,0.493245500000,,,,0E-17,SENTINEL_DEALER,R03b_20260811_FULL_v1,L1_ELIGIBILITY,v2026-08-11,2026-03-21..2026-08-06,baccarat_bet02_101_all_pairs_incl_sentinel,round_win = game_pnl > 0 (decisive only),COMPATIBILITY_ONLY_NOT_PRODUCTION,21006.2458,18687.5319,-61.6222,1247,1247,0.00293352,-0.13859161,0.00938335,0.00293352,61.6222,21006.2458,OK,0.0000,-2.4649,4.0000,96.0000,AG03-UNRESOLVED,ALL5_LEVELS_bet23_to_bet27,-2.4649,-2.4649,-2.4649,-4.3136,-4.3136,4.000000,4.000000,4.000000,7.000000,7.000000,96.000000,96.000000,96.000000,93.000000,93.000000,5.0,-16.0218,-14.4684,-45.6004,-47.1538,PENDING_AG03,FALSE,NOT_FOR_ENFORCEMENT,-59.1573,17940.0307,-61.6222,-59.1573,-2.4649,-0.00293352,-0.00281618,-2.4649,-59.1573,-0.00281618,-2.4649,-2.4649,-2.4649,-4.3136,-4.3136,-59.1573,-0.00281618,-16.0218,-14.4684,-45.6004,-47.1538,-0.00217080,-0.00224475,-0.00011734,16.8454,14.9860,-0.0494,-0.6419,-0.0525,218.8151,12.9896,13.0801,17.0694,10.3857,11.0045,21.0062,31.5093,42.0124,42.1647,10.5412,0.0,3.81775,3.831594,1.530778,30,171,130,2,0.04358735,-0.00293352,0.13859161,0E-8,0.000000,0.889618,0.000000,-0.14797496,2026-03-22,2026-08-05,96,1173,774,137,0.700730,0.766291,0.776478,0.145291,,,,,,,,GLOBAL_BASELINE_NO_ENTITY_RANKING,,,NOT_APPLICABLE_GLOBAL_BASELINE,HF9g-P5,,,,X 全窗基线 · 不参与实体赏罚,3927541,393,A168_HF9F_20260827_0900,2026-08-27 09:00:00
2026-08-05,91797317,2251,0,10.1018264102,0E-10,0E-10,,1,1,0.49324550000000000,0.493245500000,,,,0E-17,NO_DECISIVE_ROUND,R03b_20260811_FULL_v1,L1_ELIGIBILITY,v2026-08-11,2026-03-21..2026-08-06,baccarat_bet02_101_all_pairs_incl_sentinel,round_win = game_pnl > 0 (decisive only),COMPATIBILITY_ONLY_NOT_PRODUCTION,21006.2458,18687.5319,-61.6222,1247,1247,0.00293352,-0.13859161,0.00938335,0.00293352,61.6222,21006.2458,OK,0.0000,-2.4649,4.0000,96.0000,AG03-UNRESOLVED,ALL5_LEVELS_bet23_to_bet27,-2.4649,-2.4649,-2.4649,-4.3136,-4.3136,4.000000,4.000000,4.000000,7.000000,7.000000,96.000000,96.000000,96.000000,93.000000,93.000000,5.0,-16.0218,-14.4684,-45.6004,-47.1538,PENDING_AG03,FALSE,NOT_FOR_ENFORCEMENT,-59.1573,17940.0307,-61.6222,-59.1573,-2.4649,-0.00293352,-0.00281618,-2.4649,-59.1573,-0.00281618,-2.4649,-2.4649,-2.4649,-4.3136,-4.3136,-59.1573,-0.00281618,-16.0218,-14.4684,-45.6004,-47.1538,-0.00217080,-0.00224475,-0.00011734,16.8454,14.9860,-0.0494,-0.6419,-0.0525,218.8151,12.9896,13.0801,17.0694,10.3857,11.0045,21.0062,31.5093,42.0124,42.1647,10.5412,0.0,3.81775,3.831594,1.530778,30,171,130,2,0.04358735,-0.00293352,0.13859161,0E-8,0.000000,0.889618,0.000000,-0.14797496,2026-03-22,2026-08-05,96,1173,774,137,0.700730,0.766291,0.776478,0.145291,,,,,,,,GLOBAL_BASELINE_NO_ENTITY_RANKING,,,NOT_APPLICABLE_GLOBAL_BASELINE,HF9g-P5,,,,X 全窗基线 · 不参与实体赏罚,3927542,393,A168_HF9F_20260827_0900,2026-08-27 09:00:00
2026-07-31,153689223,2123,0,153.5477614350,28.2851139486,28.2851139486,0.5555556,11,10,0.48936021666679712,0.473546530000,0.3972619875951465,0.49274426775848873,0.3972619875951465,0.01581368666679712,ELIGIBLE,R03b_20260811_FULL_v1,L1_ELIGIBILITY,v2026-08-11,2026-03-21..2026-08-06,baccarat_bet02_101_all_pairs_incl_sentinel,round_win = game_pnl > 0 (decisive only),COMPATIBILITY_ONLY_NOT_PRODUCTION,248.5049,228.3013,-61.6211,18,17,0.24796748,0.24796748,,0.24796748,61.6211,248.5049,THIN_EXPOSURE,0.0000,-2.4648,4.0000,96.0000,AG03-UNRESOLVED,ALL5_LEVELS_bet23_to_bet27,-2.4648,-2.4648,-2.4648,-3.6973,-3.6973,4.000000,4.000000,4.000000,6.000000,6.000000,96.000000,96.000000,96.000000,94.000000,94.000000,5.0,-14.7891,-13.4486,-46.8321,-48.1725,PENDING_AG03,FALSE,NOT_FOR_ENFORCEMENT,-59.1563,219.1692,-61.6211,-59.1563,-2.4648,-0.24796748,-0.23804878,-2.4648,-59.1563,-0.23804878,-2.4648,-2.4648,-2.4648,-3.6973,-3.6973,-59.1563,-0.23804878,-14.7891,-13.4486,-46.8321,-48.1725,-0.18845528,-0.19384925,-0.00991870,13.8058,13.4295,-3.6248,-61.6211,-30.8106,248.5049,17.0000,13.8058,,10.1018,10.1018,20.2037,20.2037,20.2037,20.2037,10.1018,9.5967,2.0,2.0,1.366667,1,2,1,3,1.00000000,-0.24796748,-0.24796748,0E-8,0.000000,0.918699,0.000000,,2026-07-31,2026-07-31,1,2,1,1,1.000000,,1.000000,3.333333,,,,,,,,GLOBAL_BASELINE_NO_ENTITY_RANKING,,,NOT_APPLICABLE_GLOBAL_BASELINE,HF9g-P5,,,,X 全窗基线 · 不参与实体赏罚,3927543,393,A168_HF9F_20260827_0900,2026-08-27 09:00:00
2026-07-31,153689223,2252,0,94.9571682559,33.3360271537,33.3360271537,0.7142857,7,7,0.49707555714285714,0.497075557143,1.149387776212595,1.1493877762118374,1.149387776212595,-1.4286E-13,ELIGIBLE,R03b_20260811_FULL_v1,L1_ELIGIBILITY,v2026-08-11,2026-03-21..2026-08-06,baccarat_bet02_101_all_pairs_incl_sentinel,round_win = game_pnl > 0 (decisive only),COMPATIBILITY_ONLY_NOT_PRODUCTION,248.5049,228.3013,-61.6211,18,17,0.24796748,0.24796748,,0.24796748,61.6211,248.5049,THIN_EXPOSURE,0.0000,-2.4648,4.0000,96.0000,AG03-UNRESOLVED,ALL5_LEVELS_bet23_to_bet27,-2.4648,-2.4648,-2.4648,-3.6973,-3.6973,4.000000,4.000000,4.000000,6.000000,6.000000,96.000000,96.000000,96.000000,94.000000,94.000000,5.0,-14.7891,-13.4486,-46.8321,-48.1725,PENDING_AG03,FALSE,NOT_FOR_ENFORCEMENT,-59.1563,219.1692,-61.6211,-59.1563,-2.4648,-0.24796748,-0.23804878,-2.4648,-59.1563,-0.23804878,-2.4648,-2.4648,-2.4648,-3.6973,-3.6973,-59.1563,-0.23804878,-14.7891,-13.4486,-46.8321,-48.1725,-0.18845528,-0.19384925,-0.00991870,13.8058,13.4295,-3.6248,-61.6211,-30.8106,248.5049,17.0000,13.8058,,10.1018,10.1018,20.2037,20.2037,20.2037,20.2037,10.1018,9.5967,2.0,2.0,1.366667,1,2,1,3,1.00000000,-0.24796748,-0.24796748,0E-8,0.000000,0.918699,0.000000,,2026-07-31,2026-07-31,1,2,1,1,1.000000,,1.000000,3.333333,,,,,,,,GLOBAL_BASELINE_NO_ENTITY_RANKING,,,NOT_APPLICABLE_GLOBAL_BASELINE,HF9g-P5,,,,X 全窗基线 · 不参与实体赏罚,3927544,393,A168_HF9F_20260827_0900,2026-08-27 09:00:00
2026-08-05,153869152,-1,1,899.0625505087,-535.3967997409,-535.3967997409,0.3333333,21,9,0.39959819555091112,0.272054188889,-0.40585584077692805,0.41310144458852205,-0.40585584077692805,0.12754400666191112,SENTINEL_DEALER,R03b_20260811_FULL_v1,L1_ELIGIBILITY,v2026-08-11,2026-03-21..2026-08-06,baccarat_bet02_101_all_pairs_incl_sentinel,round_win = game_pnl > 0 (decisive only),COMPATIBILITY_ONLY_NOT_PRODUCTION,2478.7862,2286.8515,-61.6211,69,32,0.02485940,0.02485940,,0.02485940,61.6211,2478.7862,OK,0.0000,-2.4648,4.0000,96.0000,AG03-UNRESOLVED,ALL5_LEVELS_bet23_to_bet27,-2.4648,-2.4648,-3.0811,0.0000,0.0000,4.000000,4.000000,5.000000,0.000000,0.000000,96.000000,96.000000,95.000000,100.000000,100.000000,5.0,-8.0107,-7.6706,-53.6104,-53.9505,PENDING_AG03,FALSE,NOT_FOR_ENFORCEMENT,-59.1563,2195.3774,-61.6211,-59.1563,-2.4648,-0.02485940,-0.02386503,-2.4648,-59.1563,-0.02386503,-2.4648,-2.4648,-3.0811,0.0000,0.0000,-59.1563,-0.02386503,-8.0107,-7.6706,-53.6104,-53.9505,-0.02162768,-0.0217649,-0.00099438,35.9244,71.4641,-1.9257,-61.6211,-8.8030,2478.7862,32.0000,35.9244,,20.2037,20.2037,60.611,75.5616,101.0183,101.0183,20.2037,-20.2037,5.0,5.0,1.778116,7,6,1,6,1.00000000,-0.02485940,-0.02485940,0E-8,0.000000,0.922569,0.000000,,2026-08-05,2026-08-05,1,7,7,1,1.000000,,1.000000,3.333333,,,,,,,,GLOBAL_BASELINE_NO_ENTITY_RANKING,,,NOT_APPLICABLE_GLOBAL_BASELINE,HF9g-P5,,,,X 全窗基线 · 不参与实体赏罚,3927545,393,A168_HF9F_20260827_0900,2026-08-27 09:00:00
2026-08-05,153869152,1318,0,60.6109584613,20.2036528205,20.2036528205,1.0000000,2,1,0.36036460000021924,0.293924150000,1.332279007005443,1.549915577879723,1.332279007005443,0.06644045000021924,ELIGIBLE,R03b_20260811_FULL_v1,L1_ELIGIBILITY,v2026-08-11,2026-03-21..2026-08-06,baccarat_bet02_101_all_pairs_incl_sentinel,round_win = game_pnl > 0 (decisive only),COMPATIBILITY_ONLY_NOT_PRODUCTION,2478.7862,2286.8515,-61.6211,69,32,0.02485940,0.02485940,,0.02485940,61.6211,2478.7862,OK,0.0000,-2.4648,4.0000,96.0000,AG03-UNRESOLVED,ALL5_LEVELS_bet23_to_bet27,-2.4648,-2.4648,-3.0811,0.0000,0.0000,4.000000,4.000000,5.000000,0.000000,0.000000,96.000000,96.000000,95.000000,100.000000,100.000000,5.0,-8.0107,-7.6706,-53.6104,-53.9505,PENDING_AG03,FALSE,NOT_FOR_ENFORCEMENT,-59.1563,2195.3774,-61.6211,-59.1563,-2.4648,-0.02485940,-0.02386503,-2.4648,-59.1563,-0.02386503,-2.4648,-2.4648,-3.0811,0.0000,0.0000,-59.1563,-0.02386503,-8.0107,-7.6706,-53.6104,-53.9505,-0.02162768,-0.0217649,-0.00099438,35.9244,71.4641,-1.9257,-61.6211,-8.8030,2478.7862,32.0000,35.9244,,20.2037,20.2037,60.611,75.5616,101.0183,101.0183,20.2037,-20.2037,5.0,5.0,1.778116,7,6,1,6,1.00000000,-0.02485940,-0.02485940,0E-8,0.000000,0.922569,0.000000,,2026-08-05,2026-08-05,1,7,7,1,1.000000,,1.000000,3.333333,,,,,,,,GLOBAL_BASELINE_NO_ENTITY_RANKING,,,NOT_APPLICABLE_GLOBAL_BASELINE,HF9g-P5,,,,X 全窗基线 · 不参与实体赏罚,3927546,393,A168_HF9F_20260827_0900,2026-08-27 09:00:00
2026-08-05,153869152,1360,0,40.4073056408,80.8146112817,80.8146112817,1.0000000,2,1,0.39358482500000000,0.293924150000,1.2412688522058144,1.549915577879723,1.2412688522058144,0.09966067500000000,ELIGIBLE,R03b_20260811_FULL_v1,L1_ELIGIBILITY,v2026-08-11,2026-03-21..2026-08-06,baccarat_bet02_101_all_pairs_incl_sentinel,round_win = game_pnl > 0 (decisive only),COMPATIBILITY_ONLY_NOT_PRODUCTION,2478.7862,2286.8515,-61.6211,69,32,0.02485940,0.02485940,,0.02485940,61.6211,2478.7862,OK,0.0000,-2.4648,4.0000,96.0000,AG03-UNRESOLVED,ALL5_LEVELS_bet23_to_bet27,-2.4648,-2.4648,-3.0811,0.0000,0.0000,4.000000,4.000000,5.000000,0.000000,0.000000,96.000000,96.000000,95.000000,100.000000,100.000000,5.0,-8.0107,-7.6706,-53.6104,-53.9505,PENDING_AG03,FALSE,NOT_FOR_ENFORCEMENT,-59.1563,2195.3774,-61.6211,-59.1563,-2.4648,-0.02485940,-0.02386503,-2.4648,-59.1563,-0.02386503,-2.4648,-2.4648,-3.0811,0.0000,0.0000,-59.1563,-0.02386503,-8.0107,-7.6706,-53.6104,-53.9505,-0.02162768,-0.0217649,-0.00099438,35.9244,71.4641,-1.9257,-61.6211,-8.8030,2478.7862,32.0000,35.9244,,20.2037,20.2037,60.611,75.5616,101.0183,101.0183,20.2037,-20.2037,5.0,5.0,1.778116,7,6,1,6,1.00000000,-0.02485940,-0.02485940,0E-8,0.000000,0.922569,0.000000,,2026-08-05,2026-08-05,1,7,7,1,1.000000,,1.000000,3.333333,,,,,,,,GLOBAL_BASELINE_NO_ENTITY_RANKING,,,NOT_APPLICABLE_GLOBAL_BASELINE,HF9g-P5,,,,X 全窗基线 · 不参与实体赏罚,3927547,393,A168_HF9F_20260827_0900,2026-08-27 09:00:00
2026-08-05,153869152,1654,0,121.2219169226,77.7840633587,77.7840633587,1.0000000,3,2,0.43350765000010962,0.400287425000,1.6166411892340853,1.731014086397502,1.6166411892340853,0.03322022500010962,ELIGIBLE,R03b_20260811_FULL_v1,L1_ELIGIBILITY,v2026-08-11,2026-03-21..2026-08-06,baccarat_bet02_101_all_pairs_incl_sentinel,round_win = game_pnl > 0 (decisive only),COMPATIBILITY_ONLY_NOT_PRODUCTION,2478.7862,2286.8515,-61.6211,69,32,0.02485940,0.02485940,,0.02485940,61.6211,2478.7862,OK,0.0000,-2.4648,4.0000,96.0000,AG03-UNRESOLVED,ALL5_LEVELS_bet23_to_bet27,-2.4648,-2.4648,-3.0811,0.0000,0.0000,4.000000,4.000000,5.000000,0.000000,0.000000,96.000000,96.000000,95.000000,100.000000,100.000000,5.0,-8.0107,-7.6706,-53.6104,-53.9505,PENDING_AG03,FALSE,NOT_FOR_ENFORCEMENT,-59.1563,2195.3774,-61.6211,-59.1563,-2.4648,-0.02485940,-0.02386503,-2.4648,-59.1563,-0.02386503,-2.4648,-2.4648,-3.0811,0.0000,0.0000,-59.1563,-0.02386503,-8.0107,-7.6706,-53.6104,-53.9505,-0.02162768,-0.0217649,-0.00099438,35.9244,71.4641,-1.9257,-61.6211,-8.8030,2478.7862,32.0000,35.9244,,20.2037,20.2037,60.611,75.5616,101.0183,101.0183,20.2037,-20.2037,5.0,5.0,1.778116,7,6,1,6,1.00000000,-0.02485940,-0.02485940,0E-8,0.000000,0.922569,0.000000,,2026-08-05,2026-08-05,1,7,7,1,1.000000,,1.000000,3.333333,,,,,,,,GLOBAL_BASELINE_NO_ENTITY_RANKING,,,NOT_APPLICABLE_GLOBAL_BASELINE,HF9g-P5,,,,X 全窗基线 · 不参与实体赏罚,3927548,393,A168_HF9F_20260827_0900,2026-08-27 09:00:00
2026-08-05,153869152,2145,0,1296.8724745430,398.0119605622,398.0119605622,0.6111111,39,18,0.39120326694959573,0.295865947222,1.9117873361760027,2.930282693491356,1.9117873361760027,0.09533731972759573,ELIGIBLE,R03b_20260811_FULL_v1,L1_ELIGIBILITY,v2026-08-11,2026-03-21..2026-08-06,baccarat_bet02_101_all_pairs_incl_sentinel,round_win = game_pnl > 0 (decisive only),COMPATIBILITY_ONLY_NOT_PRODUCTION,2478.7862,2286.8515,-61.6211,69,32,0.02485940,0.02485940,,0.02485940,61.6211,2478.7862,OK,0.0000,-2.4648,4.0000,96.0000,AG03-UNRESOLVED,ALL5_LEVELS_bet23_to_bet27,-2.4648,-2.4648,-3.0811,0.0000,0.0000,4.000000,4.000000,5.000000,0.000000,0.000000,96.000000,96.000000,95.000000,100.000000,100.000000,5.0,-8.0107,-7.6706,-53.6104,-53.9505,PENDING_AG03,FALSE,NOT_FOR_ENFORCEMENT,-59.1563,2195.3774,-61.6211,-59.1563,-2.4648,-0.02485940,-0.02386503,-2.4648,-59.1563,-0.02386503,-2.4648,-2.4648,-3.0811,0.0000,0.0000,-59.1563,-0.02386503,-8.0107,-7.6706,-53.6104,-53.9505,-0.02162768,-0.0217649,-0.00099438,35.9244,71.4641,-1.9257,-61.6211,-8.8030,2478.7862,32.0000,35.9244,,20.2037,20.2037,60.611,75.5616,101.0183,101.0183,20.2037,-20.2037,5.0,5.0,1.778116,7,6,1,6,1.00000000,-0.02485940,-0.02485940,0E-8,0.000000,0.922569,0.000000,,2026-08-05,2026-08-05,1,7,7,1,1.000000,,1.000000,3.333333,,,,,,,,GLOBAL_BASELINE_NO_ENTITY_RANKING,,,NOT_APPLICABLE_GLOBAL_BASELINE,HF9g-P5,,,,X 全窗基线 · 不参与实体赏罚,3927549,393,A168_HF9F_20260827_0900,2026-08-27 09:00:00
2026-08-05,153869152,2209,0,60.6109584613,20.2036528205,20.2036528205,1.0000000,2,1,0.36036460000021924,0.293924150000,1.332279007005443,1.549915577879723,1.332279007005443,0.06644045000021924,ELIGIBLE,R03b_20260811_FULL_v1,L1_ELIGIBILITY,v2026-08-11,2026-03-21..2026-08-06,baccarat_bet02_101_all_pairs_incl_sentinel,round_win = game_pnl > 0 (decisive only),COMPATIBILITY_ONLY_NOT_PRODUCTION,2478.7862,2286.8515,-61.6211,69,32,0.02485940,0.02485940,,0.02485940,61.6211,2478.7862,OK,0.0000,-2.4648,4.0000,96.0000,AG03-UNRESOLVED,ALL5_LEVELS_bet23_to_bet27,-2.4648,-2.4648,-3.0811,0.0000,0.0000,4.000000,4.000000,5.000000,0.000000,0.000000,96.000000,96.000000,95.000000,100.000000,100.000000,5.0,-8.0107,-7.6706,-53.6104,-53.9505,PENDING_AG03,FALSE,NOT_FOR_ENFORCEMENT,-59.1563,2195.3774,-61.6211,-59.1563,-2.4648,-0.02485940,-0.02386503,-2.4648,-59.1563,-0.02386503,-2.4648,-2.4648,-3.0811,0.0000,0.0000,-59.1563,-0.02386503,-8.0107,-7.6706,-53.6104,-53.9505,-0.02162768,-0.0217649,-0.00099438,35.9244,71.4641,-1.9257,-61.6211,-8.8030,2478.7862,32.0000,35.9244,,20.2037,20.2037,60.611,75.5616,101.0183,101.0183,20.2037,-20.2037,5.0,5.0,1.778116,7,6,1,6,1.00000000,-0.02485940,-0.02485940,0E-8,0.000000,0.922569,0.000000,,2026-08-05,2026-08-05,1,7,7,1,1.000000,,1.000000,3.333333,,,,,,,,GLOBAL_BASELINE_NO_ENTITY_RANKING,,,NOT_APPLICABLE_GLOBAL_BASELINE,HF9g-P5,,,,X 全窗基线 · 不参与实体赏罚,3927550,393,A168_HF9F_20260827_0900,2026-08-27 09:00:00
2026-05-14,149774433,-1,1,62.5291889368,61.6210886825,61.6210886825,1.0000000,3,3,0.49771390000000000,0.497713900000,1.739988277604938,1.739988277604938,1.739988277604938,0E-17,SENTINEL_DEALER,R03b_20260811_FULL_v1,L1_ELIGIBILITY,v2026-08-11,2026-03-21..2026-08-06,baccarat_bet02_101_all_pairs_incl_sentinel,round_win = game_pnl > 0 (decisive only),COMPATIBILITY_ONLY_NOT_PRODUCTION,62.5292,62.5292,-61.6211,3,3,0.98547718,,0.98547718,0.98547718,61.6211,62.5292,THIN_EXPOSURE,0.0000,-2.4648,4.0000,96.0000,AG03-UNRESOLVED,ALL5_LEVELS_bet23_to_bet27,-2.4648,-2.4648,-2.4648,-3.0811,-3.0811,4.000000,4.000000,4.000000,5.000000,5.000000,96.000000,96.000000,96.000000,95.000000,95.000000,5.0,-13.5566,-12.4182,-48.0644,-49.2029,PENDING_AG03,FALSE,NOT_FOR_ENFORCEMENT,-59.1562,60.0280,-61.6211,-59.1562,-2.4648,-0.98547718,-0.94605809,-2.4648,-59.1562,-0.94605809,-2.4648,-2.4648,-2.4648,-3.0811,-3.0811,-59.1562,-0.94605809,-13.5566,-12.4182,-48.0644,-49.2029,-0.76867220,-0.78687814,-0.03941909,20.8431,20.8431,-20.5404,-61.6211,-61.6211,62.5292,3.0000,,20.8431,11.3513,18.162,31.0051,35.2862,35.2862,35.2862,18.162,17.2539,1.942857,1.942857,1.147619,1,1,1,2,0E-8,-0.98547718,,0E-8,0.000000,1.000000,0.000000,,2026-05-14,2026-05-14,1,1,1,1,1.000000,,,0.000000,,,,,,,,GLOBAL_BASELINE_NO_ENTITY_RANKING,,,NOT_APPLICABLE_GLOBAL_BASELINE,HF9g-P5,,,,X 全窗基线 · 不参与实体赏罚,3927551,393,A168_HF9F_20260827_0900,2026-08-27 09:00:00
2026-05-02,149438682,-1,1,64.8643038763,61.6210886825,61.6210886825,1.0000000,1,1,0.50665070000000000,0.506650700000,0.9867858985152569,0.9867858985152569,0.9867858985152569,0E-17,SENTINEL_DEALER,R03b_20260811_FULL_v1,L1_ELIGIBILITY,v2026-08-11,2026-03-21..2026-08-06,baccarat_bet02_101_all_pairs_incl_sentinel,round_win = game_pnl > 0 (decisive only),COMPATIBILITY_ONLY_NOT_PRODUCTION,64.8643,64.8643,-61.6211,1,1,0.95000000,,0.95000000,0.95000000,61.6211,64.8643,THIN_EXPOSURE,0.0000,-2.4648,4.0000,96.0000,AG03-UNRESOLVED,ALL5_LEVELS_bet23_to_bet27,-2.4648,-2.4648,-2.4648,-3.0811,-3.0811,4.000000,4.000000,4.000000,5.000000,5.000000,96.000000,96.000000,96.000000,95.000000,95.000000,5.0,-13.5566,-12.4182,-48.0644,-49.2029,PENDING_AG03,FALSE,NOT_FOR_ENFORCEMENT,-59.1562,62.2697,-61.6211,-59.1562,-2.4648,-0.95000000,-0.91200000,-2.4648,-59.1562,-0.91200000,-2.4648,-2.4648,-2.4648,-3.0811,-3.0811,-59.1562,-0.91200000,-13.5566,-12.4182,-48.0644,-49.2029,-0.74100000,-0.75855053,-0.03800000,64.8643,64.8643,-61.6211,-61.6211,-61.6211,64.8643,1.0000,,64.8643,64.8643,64.8643,64.8643,64.8643,64.8643,64.8643,64.8643,61.6211,1.0,1.0,1.0,1,1,1,1,0E-8,-0.95000000,,0E-8,0.000000,1.000000,0.000000,,2026-05-02,2026-05-02,1,1,1,1,1.000000,,,0.000000,,,,,,,,GLOBAL_BASELINE_NO_ENTITY_RANKING,,,NOT_APPLICABLE_GLOBAL_BASELINE,HF9g-P5,,,,X 全窗基线 · 不参与实体赏罚,3927552,393,A168_HF9F_20260827_0900,2026-08-27 09:00:00
2026-05-02,149458502,1304,0,64.8643038763,61.6210886825,61.6210886825,1.0000000,1,1,0.50665070000000000,0.506650700000,0.9867858985152569,0.9867858985152569,0.9867858985152569,0E-17,ELIGIBLE,R03b_20260811_FULL_v1,L1_ELIGIBILITY,v2026-08-11,2026-03-21..2026-08-06,baccarat_bet02_101_all_pairs_incl_sentinel,round_win = game_pnl > 0 (decisive only),COMPATIBILITY_ONLY_NOT_PRODUCTION,64.8643,64.8643,-61.6211,1,1,0.95000000,,0.95000000,0.95000000,61.6211,64.8643,THIN_EXPOSURE,0.0000,-2.4648,4.0000,96.0000,AG03-UNRESOLVED,ALL5_LEVELS_bet23_to_bet27,-2.4648,-2.4648,-3.0811,-3.0811,-3.0811,4.000000,4.000000,5.000000,5.000000,5.000000,96.000000,96.000000,95.000000,95.000000,95.000000,5.0,-14.1729,-12.9308,-47.4482,-48.6903,PENDING_AG03,FALSE,NOT_FOR_ENFORCEMENT,-59.1562,62.2697,-61.6211,-59.1562,-2.4648,-0.95000000,-0.91200000,-2.4648,-59.1562,-0.91200000,-2.4648,-2.4648,-3.0811,-3.0811,-3.0811,-59.1562,-0.91200000,-14.1729,-12.9308,-47.4482,-48.6903,-0.73150000,-0.75064896,-0.03800000,64.8643,64.8643,-61.6211,-61.6211,-61.6211,64.8643,1.0000,,64.8643,64.8643,64.8643,64.8643,64.8643,64.8643,64.8643,64.8643,61.6211,1.0,1.0,1.0,1,1,1,1,0E-8,-0.95000000,,0E-8,0.000000,1.000000,0.000000,,2026-05-02,2026-05-02,1,1,1,1,1.000000,,,0.000000,,,,,,,,GLOBAL_BASELINE_NO_ENTITY_RANKING,,,NOT_APPLICABLE_GLOBAL_BASELINE,HF9g-P5,,,,X 全窗基线 · 不参与实体赏罚,3927553,393,A168_HF9F_20260827_0900,2026-08-27 09:00:00
2026-05-03,149509793,2267,0,64.8643038763,61.6210886825,61.6210886825,1.0000000,2,2,0.50665070000000000,0.506650700000,1.3955260008387969,1.3955260008387969,1.3955260008387969,0E-17,ELIGIBLE,R03b_20260811_FULL_v1,L1_ELIGIBILITY,v2026-08-11,2026-03-21..2026-08-06,baccarat_bet02_101_all_pairs_incl_sentinel,round_win = game_pnl > 0 (decisive only),COMPATIBILITY_ONLY_NOT_PRODUCTION,64.8643,64.8643,-61.6211,2,2,0.95000000,,0.95000000,0.95000000,61.6211,64.8643,THIN_EXPOSURE,0.0000,-2.4648,4.0000,96.0000,AG03-UNRESOLVED,ALL5_LEVELS_bet23_to_bet27,-2.4648,-2.4648,-3.0811,-3.0811,-3.0811,4.000000,4.000000,5.000000,5.000000,5.000000,96.000000,96.000000,95.000000,95.000000,95.000000,5.0,-14.1729,-12.9308,-47.4482,-48.6903,PENDING_AG03,FALSE,NOT_FOR_ENFORCEMENT,-59.1562,62.2697,-61.6211,-59.1562,-2.4648,-0.95000000,-0.91200000,-2.4648,-59.1562,-0.91200000,-2.4648,-2.4648,-3.0811,-3.0811,-3.0811,-59.1562,-0.91200000,-14.1729,-12.9308,-47.4482,-48.6903,-0.73150000,-0.75064896,-0.03800000,32.4322,32.4322,-30.8105,-61.6211,-61.6211,64.8643,2.0000,,32.4322,25.9457,32.4322,38.9186,38.9186,38.9186,38.9186,32.4322,30.8105,1.2,1.2,1.0,1,1,1,1,0E-8,-0.95000000,,0E-8,0.000000,1.000000,0.000000,,2026-05-03,2026-05-03,1,1,1,1,1.000000,,,0.000000,,,,,,,,GLOBAL_BASELINE_NO_ENTITY_RANKING,,,NOT_APPLICABLE_GLOBAL_BASELINE,HF9g-P5,,,,X 全窗基线 · 不参与实体赏罚,3927554,393,A168_HF9F_20260827_0900,2026-08-27 09:00:00
2026-05-14,150017575,-1,1,64.8643038763,61.6210886825,61.6210886825,1.0000000,1,1,0.50665070000000000,0.506650700000,0.9867858985152569,0.9867858985152569,0.9867858985152569,0E-17,SENTINEL_DEALER,R03b_20260811_FULL_v1,L1_ELIGIBILITY,v2026-08-11,2026-03-21..2026-08-06,baccarat_bet02_101_all_pairs_incl_sentinel,round_win = game_pnl > 0 (decisive only),COMPATIBILITY_ONLY_NOT_PRODUCTION,64.8643,64.8643,-61.6211,1,1,0.95000000,,0.95000000,0.95000000,61.6211,64.8643,THIN_EXPOSURE,0.0000,-2.4648,4.0000,96.0000,AG03-UNRESOLVED,ALL5_LEVELS_bet23_to_bet27,-2.4648,-2.4648,-3.0811,-3.0811,-3.0811,4.000000,4.000000,5.000000,5.000000,5.000000,96.000000,96.000000,95.000000,95.000000,95.000000,5.0,-14.1729,-12.9308,-47.4482,-48.6903,PENDING_AG03,FALSE,NOT_FOR_ENFORCEMENT,-59.1562,62.2697,-61.6211,-59.1562,-2.4648,-0.95000000,-0.91200000,-2.4648,-59.1562,-0.91200000,-2.4648,-2.4648,-3.0811,-3.0811,-3.0811,-59.1562,-0.91200000,-14.1729,-12.9308,-47.4482,-48.6903,-0.73150000,-0.75064896,-0.03800000,64.8643,64.8643,-61.6211,-61.6211,-61.6211,64.8643,1.0000,,64.8643,64.8643,64.8643,64.8643,64.8643,64.8643,64.8643,64.8643,61.6211,1.0,1.0,1.0,1,1,1,1,0E-8,-0.95000000,,0E-8,0.000000,1.000000,0.000000,,2026-05-14,2026-05-14,1,1,1,1,1.000000,,,0.000000,,,,,,,,GLOBAL_BASELINE_NO_ENTITY_RANKING,,,NOT_APPLICABLE_GLOBAL_BASELINE,HF9g-P5,,,,X 全窗基线 · 不参与实体赏罚,3927555,393,A168_HF9F_20260827_0900,2026-08-27 09:00:00
2026-05-19,130371819,-1,1,64.8643038763,61.6210886825,61.6210886825,1.0000000,1,1,0.50665070000000000,0.506650700000,0.9867858985152569,0.9867858985152569,0.9867858985152569,0E-17,SENTINEL_DEALER,R03b_20260811_FULL_v1,L1_ELIGIBILITY,v2026-08-11,2026-03-21..2026-08-06,baccarat_bet02_101_all_pairs_incl_sentinel,round_win = game_pnl > 0 (decisive only),COMPATIBILITY_ONLY_NOT_PRODUCTION,64.8643,64.8643,-61.6211,1,1,0.95000000,,0.95000000,0.95000000,61.6211,64.8643,THIN_EXPOSURE,0.0000,-2.4648,4.0000,96.0000,AG03-UNRESOLVED,ALL5_LEVELS_bet23_to_bet27,-2.4648,-2.4648,-2.4648,-2.4648,-2.4648,4.000000,4.000000,4.000000,4.000000,4.000000,96.000000,96.000000,96.000000,96.000000,96.000000,5.0,-12.3242,-11.3769,-49.2969,-50.2442,PENDING_AG03,FALSE,NOT_FOR_ENFORCEMENT,-59.1562,62.2697,-61.6211,-59.1562,-2.4648,-0.95000000,-0.91200000,-2.4648,-59.1562,-0.91200000,-2.4648,-2.4648,-2.4648,-2.4648,-2.4648,-59.1562,-0.91200000,-12.3242,-11.3769,-49.2969,-50.2442,-0.76000000,-0.77460406,-0.03800000,64.8643,64.8643,-61.6211,-61.6211,-61.6211,64.8643,1.0000,,64.8643,64.8643,64.8643,64.8643,64.8643,64.8643,64.8643,64.8643,61.6211,1.0,1.0,1.0,1,1,1,1,0E-8,-0.95000000,,0E-8,0.000000,1.000000,0.000000,,2026-05-19,2026-05-19,1,1,1,1,1.000000,,,0.000000,,,,,,,,GLOBAL_BASELINE_NO_ENTITY_RANKING,,,NOT_APPLICABLE_GLOBAL_BASELINE,HF9g-P5,,,,X 全窗基线 · 不参与实体赏罚,3927556,393,A168_HF9F_20260827_0900,2026-08-27 09:00:00
2026-05-12,149098125,2223,0,74.4642208500,61.6210886825,61.6210886825,1.0000000,4,4,0.50665070000000000,0.506650700000,1.7091633124209307,1.7091633124209307,1.7091633124209307,0E-17,ELIGIBLE,R03b_20260811_FULL_v1,L1_ELIGIBILITY,v2026-08-11,2026-03-21..2026-08-06,baccarat_bet02_101_all_pairs_incl_sentinel,round_win = game_pnl > 0 (decisive only),COMPATIBILITY_ONLY_NOT_PRODUCTION,74.4642,64.8643,-61.6211,4,4,0.82752613,,0.82752613,0.82752613,61.6211,74.4642,THIN_EXPOSURE,0.0000,-2.4648,4.0000,96.0000,AG03-UNRESOLVED,ALL5_LEVELS_bet23_to_bet27,-2.4648,-2.4648,-2.4648,-3.0811,-3.0811,4.000000,4.000000,4.000000,5.000000,5.000000,96.000000,96.000000,96.000000,95.000000,95.000000,5.0,-13.5566,-12.4182,-48.0644,-49.2029,PENDING_AG03,FALSE,NOT_FOR_ENFORCEMENT,-59.1562,62.2697,-61.6211,-59.1562,-2.4648,-0.82752613,-0.79442509,-2.4648,-59.1562,-0.79442509,-2.4648,-2.4648,-2.4648,-3.0811,-3.0811,-59.1562,-0.79442509,-13.5566,-12.4182,-48.0644,-49.2029,-0.64547038,-0.6607583,-0.03310105,18.6161,16.2161,-15.4053,-61.6211,-61.6211,74.4642,4.0000,,18.6161,9.5999,14.1404,27.6322,36.5835,36.5835,36.5835,14.1404,13.4334,2.587156,2.587156,1.316514,1,1,1,1,0E-8,-0.82752613,,0E-8,0.000000,0.871080,0.000000,,2026-05-12,2026-05-12,1,1,1,1,1.000000,,,0.000000,,,,,,,,GLOBAL_BASELINE_NO_ENTITY_RANKING,,,NOT_APPLICABLE_GLOBAL_BASELINE,HF9g-P5,,,,X 全窗基线 · 不参与实体赏罚,3927557,393,A168_HF9F_20260827_0900,2026-08-27 09:00:00
2026-05-10,149824839,2034,0,129.7286077526,61.6210886825,61.6210886825,1.0000000,2,2,0.50665070000000000,0.506650700000,0.9867858985152569,0.9867858985152569,0.9867858985152569,0E-17,ELIGIBLE,R03b_20260811_FULL_v1,L1_ELIGIBILITY,v2026-08-11,2026-03-21..2026-08-06,baccarat_bet02_101_all_pairs_incl_sentinel,round_win = game_pnl > 0 (decisive only),COMPATIBILITY_ONLY_NOT_PRODUCTION,129.7286,64.8643,-61.6211,2,2,0.47500000,,0.47500000,0.47500000,61.6211,129.7286,THIN_EXPOSURE,0.0000,-2.4648,4.0000,96.0000,AG03-UNRESOLVED,ALL5_LEVELS_bet23_to_bet27,-2.4648,-2.4648,-3.0811,-3.0811,-3.0811,4.000000,4.000000,5.000000,5.000000,5.000000,96.000000,96.000000,95.000000,95.000000,95.000000,5.0,-14.1729,-12.9308,-47.4482,-48.6903,PENDING_AG03,FALSE,NOT_FOR_ENFORCEMENT,-59.1562,62.2697,-61.6211,-59.1562,-2.4648,-0.47500000,-0.45600000,-2.4648,-59.1562,-0.45600000,-2.4648,-2.4648,-3.0811,-3.0811,-3.0811,-59.1562,-0.45600000,-14.1729,-12.9308,-47.4482,-48.6903,-0.36575000,-0.37532448,-0.01900000,64.8643,32.4322,-30.8105,-61.6211,-61.6211,129.7286,2.0000,,64.8643,64.8643,64.8643,64.8643,64.8643,64.8643,64.8643,32.4322,30.8105,1.0,1.0,1.0,1,1,1,1,0E-8,-0.47500000,,0E-8,0.000000,0.500000,0.000000,,2026-05-10,2026-05-10,1,1,1,1,1.000000,,,0.000000,,,,,,,,GLOBAL_BASELINE_NO_ENTITY_RANKING,,,NOT_APPLICABLE_GLOBAL_BASELINE,HF9g-P5,,,,X 全窗基线 · 不参与实体赏罚,3927558,393,A168_HF9F_20260827_0900,2026-08-27 09:00:00
2026-05-24,150512955,2256,0,129.7286077526,61.6210886825,61.6210886825,1.0000000,2,2,0.50665070000000000,0.506650700000,0.9867858985152569,0.9867858985152569,0.9867858985152569,0E-17,ELIGIBLE,R03b_20260811_FULL_v1,L1_ELIGIBILITY,v2026-08-11,2026-03-21..2026-08-06,baccarat_bet02_101_all_pairs_incl_sentinel,round_win = game_pnl > 0 (decisive only),COMPATIBILITY_ONLY_NOT_PRODUCTION,129.7286,64.8643,-61.6211,2,2,0.47500000,,0.47500000,0.47500000,61.6211,129.7286,THIN_EXPOSURE,0.0000,-2.4648,4.0000,96.0000,AG03-UNRESOLVED,ALL5_LEVELS_bet23_to_bet27,-2.4648,-2.4648,-3.0811,-3.0811,-3.0811,4.000000,4.000000,5.000000,5.000000,5.000000,96.000000,96.000000,95.000000,95.000000,95.000000,5.0,-14.1729,-12.9308,-47.4482,-48.6903,PENDING_AG03,FALSE,NOT_FOR_ENFORCEMENT,-59.1562,62.2697,-61.6211,-59.1562,-2.4648,-0.47500000,-0.45600000,-2.4648,-59.1562,-0.45600000,-2.4648,-2.4648,-3.0811,-3.0811,-3.0811,-59.1562,-0.45600000,-14.1729,-12.9308,-47.4482,-48.6903,-0.36575000,-0.37532448,-0.01900000,64.8643,32.4322,-30.8105,-61.6211,-61.6211,129.7286,2.0000,,64.8643,64.8643,64.8643,64.8643,64.8643,64.8643,64.8643,32.4322,30.8105,1.0,1.0,1.0,1,1,1,1,0E-8,-0.47500000,,0E-8,0.000000,0.500000,0.000000,,2026-05-24,2026-05-24,1,1,1,1,1.000000,,,0.000000,,,,,,,,GLOBAL_BASELINE_NO_ENTITY_RANKING,,,NOT_APPLICABLE_GLOBAL_BASELINE,HF9g-P5,,,,X 全窗基线 · 不参与实体赏罚,3927559,393,A168_HF9F_20260827_0900,2026-08-27 09:00:00
2026-05-12,140329252,-1,1,142.7014685278,61.6210886825,61.6210886825,1.0000000,2,2,0.49994810000000000,0.499948100000,1.0001038053877793,1.0001038053877793,1.0001038053877793,0E-17,SENTINEL_DEALER,R03b_20260811_FULL_v1,L1_ELIGIBILITY,v2026-08-11,2026-03-21..2026-08-06,baccarat_bet02_101_all_pairs_incl_sentinel,round_win = game_pnl > 0 (decisive only),COMPATIBILITY_ONLY_NOT_PRODUCTION,142.7015,64.8643,-61.6211,2,2,0.43181818,,0.43181818,0.43181818,61.6211,142.7015,THIN_EXPOSURE,0.0000,-2.4648,4.0000,96.0000,AG03-UNRESOLVED,ALL5_LEVELS_bet23_to_bet27,-2.4648,-2.4648,-2.4648,-3.0811,-3.0811,4.000000,4.000000,4.000000,5.000000,5.000000,96.000000,96.000000,96.000000,95.000000,95.000000,5.0,-13.5566,-12.4182,-48.0644,-49.2029,PENDING_AG03,FALSE,NOT_FOR_ENFORCEMENT,-59.1562,62.2697,-61.6211,-59.1562,-2.4648,-0.43181818,-0.41454545,-2.4648,-59.1562,-0.41454545,-2.4648,-2.4648,-2.4648,-3.0811,-3.0811,-59.1562,-0.41454545,-13.5566,-12.4182,-48.0644,-49.2029,-0.33681818,-0.34479569,-0.01727273,71.3507,32.4322,-30.8105,-61.6211,-61.6211,142.7015,2.0000,,71.3507,64.8643,71.3507,77.8372,77.8372,77.8372,77.8372,32.4322,30.8105,1.090909,1.090909,1.0,1,1,1,2,0E-8,-0.43181818,,0E-8,0.000000,0.454545,0.000000,,2026-05-12,2026-05-12,1,1,1,1,1.000000,,,0.000000,,,,,,,,GLOBAL_BASELINE_NO_ENTITY_RANKING,,,NOT_APPLICABLE_GLOBAL_BASELINE,HF9g-P5,,,,X 全窗基线 · 不参与实体赏罚,3927560,393,A168_HF9F_20260827_0900,2026-08-27 09:00:00
2026-05-21,150374319,1485,0,64.8643038763,36.3240101707,36.3240101707,0.6666667,3,3,0.50665070000000000,0.506650700000,0.5543606114942035,0.5543606114942035,0.5543606114942035,0E-17,ELIGIBLE,R03b_20260811_FULL_v1,L1_ELIGIBILITY,v2026-08-11,2026-03-21..2026-08-06,baccarat_bet02_101_all_pairs_incl_sentinel,round_win = game_pnl > 0 (decisive only),COMPATIBILITY_ONLY_NOT_PRODUCTION,142.7015,142.7015,-61.6211,7,7,0.43181818,,0.43181818,0.43181818,61.6211,142.7015,THIN_EXPOSURE,0.0000,-2.4648,4.0000,96.0000,AG03-UNRESOLVED,ALL5_LEVELS_bet23_to_bet27,-2.4648,-2.4648,-3.0811,-3.0811,-3.0811,4.000000,4.000000,5.000000,5.000000,5.000000,96.000000,96.000000,95.000000,95.000000,95.000000,5.0,-14.1729,-12.9308,-47.4482,-48.6903,PENDING_AG03,FALSE,NOT_FOR_ENFORCEMENT,-59.1562,136.9934,-61.6211,-59.1562,-2.4648,-0.43181818,-0.41454545,-2.4648,-59.1562,-0.41454545,-2.4648,-2.4648,-3.0811,-3.0811,-3.0811,-59.1562,-0.41454545,-14.1729,-12.9308,-47.4482,-48.6903,-0.33250000,-0.34120407,-0.01727273,20.3859,20.3859,-8.8030,-61.6211,-30.8105,142.7015,7.0000,,20.3859,12.9729,12.9729,25.9457,36.324,38.9186,38.9186,12.9729,12.3242,3.0,3.0,1.571429,2,2,1,2,0E-8,-0.43181818,,0E-8,0.000000,1.000000,0.000000,,2026-05-21,2026-05-21,1,2,2,1,1.000000,,,0.000000,,,,,,,,GLOBAL_BASELINE_NO_ENTITY_RANKING,,,NOT_APPLICABLE_GLOBAL_BASELINE,HF9g-P5,,,,X 全窗基线 · 不参与实体赏罚,3927561,393,A168_HF9F_20260827_0900,2026-08-27 09:00:00
2026-05-21,150374319,1940,0,77.8371646517,25.2970785117,25.2970785117,0.5000000,4,4,0.50329940000000000,0.503299400000,-0.01319788734859681,-0.01319788734859681,-0.01319788734859681,0E-17,ELIGIBLE,R03b_20260811_FULL_v1,L1_ELIGIBILITY,v2026-08-11,2026-03-21..2026-08-06,baccarat_bet02_101_all_pairs_incl_sentinel,round_win = game_pnl > 0 (decisive only),COMPATIBILITY_ONLY_NOT_PRODUCTION,142.7015,142.7015,-61.6211,7,7,0.43181818,,0.43181818,0.43181818,61.6211,142.7015,THIN_EXPOSURE,0.0000,-2.4648,4.0000,96.0000,AG03-UNRESOLVED,ALL5_LEVELS_bet23_to_bet27,-2.4648,-2.4648,-3.0811,-3.0811,-3.0811,4.000000,4.000000,5.000000,5.000000,5.000000,96.000000,96.000000,95.000000,95.000000,95.000000,5.0,-14.1729,-12.9308,-47.4482,-48.6903,PENDING_AG03,FALSE,NOT_FOR_ENFORCEMENT,-59.1562,136.9934,-61.6211,-59.1562,-2.4648,-0.43181818,-0.41454545,-2.4648,-59.1562,-0.41454545,-2.4648,-2.4648,-3.0811,-3.0811,-3.0811,-59.1562,-0.41454545,-14.1729,-12.9308,-47.4482,-48.6903,-0.33250000,-0.34120407,-0.01727273,20.3859,20.3859,-8.8030,-61.6211,-30.8105,142.7015,7.0000,,20.3859,12.9729,12.9729,25.9457,36.324,38.9186,38.9186,12.9729,12.3242,3.0,3.0,1.571429,2,2,1,2,0E-8,-0.43181818,,0E-8,0.000000,1.000000,0.000000,,2026-05-21,2026-05-21,1,2,2,1,1.000000,,,0.000000,,,,,,,,GLOBAL_BASELINE_NO_ENTITY_RANKING,,,NOT_APPLICABLE_GLOBAL_BASELINE,HF9g-P5,,,,X 全窗基线 · 不参与实体赏罚,3927562,393,A168_HF9F_20260827_0900,2026-08-27 09:00:00
2026-05-06,149638501,1318,0,57.0805874119,48.3887706912,48.3887706912,0.6000000,16,6,0.16473224611086248,0.132477236111,2.6238519637820352,3.083732477284331,2.6238519637820352,0.03225500999986248,ELIGIBLE,R03b_20260811_FULL_v1,L1_ELIGIBILITY,v2026-08-11,2026-03-21..2026-08-06,baccarat_bet02_101_all_pairs_incl_sentinel,round_win = game_pnl > 0 (decisive only),COMPATIBILITY_ONLY_NOT_PRODUCTION,158.7878,151.0041,-61.6211,41,21,0.38807190,,0.38807190,0.38807190,61.6211,158.7878,OK,0.0000,-2.4648,4.0000,96.0000,AG03-UNRESOLVED,ALL5_LEVELS_bet23_to_bet27,-2.4648,-2.4648,-3.0811,-3.0811,-3.0811,4.000000,4.000000,5.000000,5.000000,5.000000,96.000000,96.000000,95.000000,95.000000,95.000000,5.0,-14.1729,-12.9308,-47.4482,-48.6903,PENDING_AG03,FALSE,NOT_FOR_ENFORCEMENT,-59.1562,144.9639,-61.6211,-59.1562,-2.4648,-0.38807190,-0.37254902,-2.4648,-59.1562,-0.37254902,-2.4648,-2.4648,-3.0811,-3.0811,-3.0811,-59.1562,-0.37254902,-14.1729,-12.9308,-47.4482,-48.6903,-0.29881536,-0.30663765,-0.01552288,3.8729,7.1907,-2.9343,-30.8105,-7.7026,79.3939,10.5000,,3.8729,2.5946,2.5946,2.5946,7.5761,12.4021,18.162,2.5946,-2.5946,4.78,7.0,1.492683,6,6,1,7,0E-8,-0.38807190,,0E-8,0.000000,0.950980,0.268293,,2026-05-06,2026-05-07,2,8,7,2,1.000000,,,0.000000,,,,,,,,GLOBAL_BASELINE_NO_ENTITY_RANKING,,,NOT_APPLICABLE_GLOBAL_BASELINE,HF9g-P5,,,,X 全窗基线 · 不参与实体赏罚,3927563,393,A168_HF9F_20260827_0900,2026-08-27 09:00:00
2026-05-06,149638501,1402,0,31.1348658608,4.4107726635,4.4107726635,0.5000000,6,4,0.45351779999931739,0.400384900000,0.18673747911852842,0.40661186312180725,0.18673747911852842,0.05313289999931739,ELIGIBLE,R03b_20260811_FULL_v1,L1_ELIGIBILITY,v2026-08-11,2026-03-21..2026-08-06,baccarat_bet02_101_all_pairs_incl_sentinel,round_win = game_pnl > 0 (decisive only),COMPATIBILITY_ONLY_NOT_PRODUCTION,158.7878,151.0041,-61.6211,41,21,0.38807190,,0.38807190,0.38807190,61.6211,158.7878,OK,0.0000,-2.4648,4.0000,96.0000,AG03-UNRESOLVED,ALL5_LEVELS_bet23_to_bet27,-2.4648,-2.4648,-3.0811,-3.0811,-3.0811,4.000000,4.000000,5.000000,5.000000,5.000000,96.000000,96.000000,95.000000,95.000000,95.000000,5.0,-14.1729,-12.9308,-47.4482,-48.6903,PENDING_AG03,FALSE,NOT_FOR_ENFORCEMENT,-59.1562,144.9639,-61.6211,-59.1562,-2.4648,-0.38807190,-0.37254902,-2.4648,-59.1562,-0.37254902,-2.4648,-2.4648,-3.0811,-3.0811,-3.0811,-59.1562,-0.37254902,-14.1729,-12.9308,-47.4482,-48.6903,-0.29881536,-0.30663765,-0.01552288,3.8729,7.1907,-2.9343,-30.8105,-7.7026,79.3939,10.5000,,3.8729,2.5946,2.5946,2.5946,7.5761,12.4021,18.162,2.5946,-2.5946,4.78,7.0,1.492683,6,6,1,7,0E-8,-0.38807190,,0E-8,0.000000,0.950980,0.268293,,2026-05-06,2026-05-07,2,8,7,2,1.000000,,,0.000000,,,,,,,,GLOBAL_BASELINE_NO_ENTITY_RANKING,,,NOT_APPLICABLE_GLOBAL_BASELINE,HF9g-P5,,,,X 全窗基线 · 不参与实体赏罚,3927564,393,A168_HF9F_20260827_0900,2026-08-27 09:00:00
2026-05-06,149638501,1935,0,7.7837164653,18.1620050853,18.1620050853,0.5000000,3,2,0.19110712500000000,0.191107125000,1.111063662515703,1.111063662515703,1.111063662515703,0E-17,ELIGIBLE,R03b_20260811_FULL_v1,L1_ELIGIBILITY,v2026-08-11,2026-03-21..2026-08-06,baccarat_bet02_101_all_pairs_incl_sentinel,round_win = game_pnl > 0 (decisive only),COMPATIBILITY_ONLY_NOT_PRODUCTION,158.7878,151.0041,-61.6211,41,21,0.38807190,,0.38807190,0.38807190,61.6211,158.7878,OK,0.0000,-2.4648,4.0000,96.0000,AG03-UNRESOLVED,ALL5_LEVELS_bet23_to_bet27,-2.4648,-2.4648,-3.0811,-3.0811,-3.0811,4.000000,4.000000,5.000000,5.000000,5.000000,96.000000,96.000000,95.000000,95.000000,95.000000,5.0,-14.1729,-12.9308,-47.4482,-48.6903,PENDING_AG03,FALSE,NOT_FOR_ENFORCEMENT,-59.1562,144.9639,-61.6211,-59.1562,-2.4648,-0.38807190,-0.37254902,-2.4648,-59.1562,-0.37254902,-2.4648,-2.4648,-3.0811,-3.0811,-3.0811,-59.1562,-0.37254902,-14.1729,-12.9308,-47.4482,-48.6903,-0.29881536,-0.30663765,-0.01552288,3.8729,7.1907,-2.9343,-30.8105,-7.7026,79.3939,10.5000,,3.8729,2.5946,2.5946,2.5946,7.5761,12.4021,18.162,2.5946,-2.5946,4.78,7.0,1.492683,6,6,1,7,0E-8,-0.38807190,,0E-8,0.000000,0.950980,0.268293,,2026-05-06,2026-05-07,2,8,7,2,1.000000,,,0.000000,,,,,,,,GLOBAL_BASELINE_NO_ENTITY_RANKING,,,NOT_APPLICABLE_GLOBAL_BASELINE,HF9g-P5,,,,X 全窗基线 · 不参与实体赏罚,3927565,393,A168_HF9F_20260827_0900,2026-08-27 09:00:00
2026-05-06,149638501,2241,0,24.1295210423,7.0053448184,7.0053448184,0.2000000,8,5,0.08951390666665681,0.089091946667,0.86538767513275,0.8705457300976811,0.86538767513275,0.00042195999965681,ELIGIBLE,R03b_20260811_FULL_v1,L1_ELIGIBILITY,v2026-08-11,2026-03-21..2026-08-06,baccarat_bet02_101_all_pairs_incl_sentinel,round_win = game_pnl > 0 (decisive only),COMPATIBILITY_ONLY_NOT_PRODUCTION,158.7878,151.0041,-61.6211,41,21,0.38807190,,0.38807190,0.38807190,61.6211,158.7878,OK,0.0000,-2.4648,4.0000,96.0000,AG03-UNRESOLVED,ALL5_LEVELS_bet23_to_bet27,-2.4648,-2.4648,-3.0811,-3.0811,-3.0811,4.000000,4.000000,5.000000,5.000000,5.000000,96.000000,96.000000,95.000000,95.000000,95.000000,5.0,-14.1729,-12.9308,-47.4482,-48.6903,PENDING_AG03,FALSE,NOT_FOR_ENFORCEMENT,-59.1562,144.9639,-61.6211,-59.1562,-2.4648,-0.38807190,-0.37254902,-2.4648,-59.1562,-0.37254902,-2.4648,-2.4648,-3.0811,-3.0811,-3.0811,-59.1562,-0.37254902,-14.1729,-12.9308,-47.4482,-48.6903,-0.29881536,-0.30663765,-0.01552288,3.8729,7.1907,-2.9343,-30.8105,-7.7026,79.3939,10.5000,,3.8729,2.5946,2.5946,2.5946,7.5761,12.4021,18.162,2.5946,-2.5946,4.78,7.0,1.492683,6,6,1,7,0E-8,-0.38807190,,0E-8,0.000000,0.950980,0.268293,,2026-05-06,2026-05-07,2,8,7,2,1.000000,,,0.000000,,,,,,,,GLOBAL_BASELINE_NO_ENTITY_RANKING,,,NOT_APPLICABLE_GLOBAL_BASELINE,HF9g-P5,,,,X 全窗基线 · 不参与实体赏罚,3927566,393,A168_HF9F_20260827_0900,2026-08-27 09:00:00
2026-05-07,149638501,1318,0,7.7837164653,-7.7837164653,-7.7837164653,0E-7,3,2,0.16683372500000000,0.166833725000,-0.6328358590274966,-0.6328358590274967,-0.6328358590274966,0E-17,ELIGIBLE,R03b_20260811_FULL_v1,L1_ELIGIBILITY,v2026-08-11,2026-03-21..2026-08-06,baccarat_bet02_101_all_pairs_incl_sentinel,round_win = game_pnl > 0 (decisive only),COMPATIBILITY_ONLY_NOT_PRODUCTION,158.7878,151.0041,-61.6211,41,21,0.38807190,,0.38807190,0.38807190,61.6211,158.7878,OK,0.0000,-2.4648,4.0000,96.0000,AG03-UNRESOLVED,ALL5_LEVELS_bet23_to_bet27,-2.4648,-2.4648,-3.0811,-3.0811,-3.0811,4.000000,4.000000,5.000000,5.000000,5.000000,96.000000,96.000000,95.000000,95.000000,95.000000,5.0,-14.1729,-12.9308,-47.4482,-48.6903,PENDING_AG03,FALSE,NOT_FOR_ENFORCEMENT,-59.1562,144.9639,-61.6211,-59.1562,-2.4648,-0.38807190,-0.37254902,-2.4648,-59.1562,-0.37254902,-2.4648,-2.4648,-3.0811,-3.0811,-3.0811,-59.1562,-0.37254902,-14.1729,-12.9308,-47.4482,-48.6903,-0.29881536,-0.30663765,-0.01552288,3.8729,7.1907,-2.9343,-30.8105,-7.7026,79.3939,10.5000,,3.8729,2.5946,2.5946,2.5946,7.5761,12.4021,18.162,2.5946,-2.5946,4.78,7.0,1.492683,6,6,1,7,0E-8,-0.38807190,,0E-8,0.000000,0.950980,0.268293,,2026-05-06,2026-05-07,2,8,7,2,1.000000,,,0.000000,,,,,,,,GLOBAL_BASELINE_NO_ENTITY_RANKING,,,NOT_APPLICABLE_GLOBAL_BASELINE,HF9g-P5,,,,X 全窗基线 · 不参与实体赏罚,3927567,393,A168_HF9F_20260827_0900,2026-08-27 09:00:00
2026-05-07,149638501,1399,0,14.5296040683,-14.5296040683,-14.5296040683,0E-7,2,1,0.42574189642712361,0.280106050000,-0.8610326677271636,-0.6237735893609975,-0.8610326677271636,0.14563584642712361,ELIGIBLE,R03b_20260811_FULL_v1,L1_ELIGIBILITY,v2026-08-11,2026-03-21..2026-08-06,baccarat_bet02_101_all_pairs_incl_sentinel,round_win = game_pnl > 0 (decisive only),COMPATIBILITY_ONLY_NOT_PRODUCTION,158.7878,151.0041,-61.6211,41,21,0.38807190,,0.38807190,0.38807190,61.6211,158.7878,OK,0.0000,-2.4648,4.0000,96.0000,AG03-UNRESOLVED,ALL5_LEVELS_bet23_to_bet27,-2.4648,-2.4648,-3.0811,-3.0811,-3.0811,4.000000,4.000000,5.000000,5.000000,5.000000,96.000000,96.000000,95.000000,95.000000,95.000000,5.0,-14.1729,-12.9308,-47.4482,-48.6903,PENDING_AG03,FALSE,NOT_FOR_ENFORCEMENT,-59.1562,144.9639,-61.6211,-59.1562,-2.4648,-0.38807190,-0.37254902,-2.4648,-59.1562,-0.37254902,-2.4648,-2.4648,-3.0811,-3.0811,-3.0811,-59.1562,-0.37254902,-14.1729,-12.9308,-47.4482,-48.6903,-0.29881536,-0.30663765,-0.01552288,3.8729,7.1907,-2.9343,-30.8105,-7.7026,79.3939,10.5000,,3.8729,2.5946,2.5946,2.5946,7.5761,12.4021,18.162,2.5946,-2.5946,4.78,7.0,1.492683,6,6,1,7,0E-8,-0.38807190,,0E-8,0.000000,0.950980,0.268293,,2026-05-06,2026-05-07,2,8,7,2,1.000000,,,0.000000,,,,,,,,GLOBAL_BASELINE_NO_ENTITY_RANKING,,,NOT_APPLICABLE_GLOBAL_BASELINE,HF9g-P5,,,,X 全窗基线 · 不参与实体赏罚,3927568,393,A168_HF9F_20260827_0900,2026-08-27 09:00:00
2026-05-07,149638501,2142,0,16.3458045769,5.9675159565,5.9675159565,1.0000000,3,1,0.35811183333143188,0.209464800000,1.3388143194525552,1.9426970491962436,1.3388143194525552,0.14864703333143188,ELIGIBLE,R03b_20260811_FULL_v1,L1_ELIGIBILITY,v2026-08-11,2026-03-21..2026-08-06,baccarat_bet02_101_all_pairs_incl_sentinel,round_win = game_pnl > 0 (decisive only),COMPATIBILITY_ONLY_NOT_PRODUCTION,158.7878,151.0041,-61.6211,41,21,0.38807190,,0.38807190,0.38807190,61.6211,158.7878,OK,0.0000,-2.4648,4.0000,96.0000,AG03-UNRESOLVED,ALL5_LEVELS_bet23_to_bet27,-2.4648,-2.4648,-3.0811,-3.0811,-3.0811,4.000000,4.000000,5.000000,5.000000,5.000000,96.000000,96.000000,95.000000,95.000000,95.000000,5.0,-14.1729,-12.9308,-47.4482,-48.6903,PENDING_AG03,FALSE,NOT_FOR_ENFORCEMENT,-59.1562,144.9639,-61.6211,-59.1562,-2.4648,-0.38807190,-0.37254902,-2.4648,-59.1562,-0.37254902,-2.4648,-2.4648,-3.0811,-3.0811,-3.0811,-59.1562,-0.37254902,-14.1729,-12.9308,-47.4482,-48.6903,-0.29881536,-0.30663765,-0.01552288,3.8729,7.1907,-2.9343,-30.8105,-7.7026,79.3939,10.5000,,3.8729,2.5946,2.5946,2.5946,7.5761,12.4021,18.162,2.5946,-2.5946,4.78,7.0,1.492683,6,6,1,7,0E-8,-0.38807190,,0E-8,0.000000,0.950980,0.268293,,2026-05-06,2026-05-07,2,8,7,2,1.000000,,,0.000000,,,,,,,,GLOBAL_BASELINE_NO_ENTITY_RANKING,,,NOT_APPLICABLE_GLOBAL_BASELINE,HF9g-P5,,,,X 全窗基线 · 不参与实体赏罚,3927569,393,A168_HF9F_20260827_0900,2026-08-27 09:00:00
2026-05-22,119076837,1323,0,12.9728607753,-12.9728607753,-12.9728607753,0E-7,1,1,0.49324550000000000,0.493245500000,-0.9865810262130424,-0.9865810262130424,-0.9865810262130424,0E-17,ELIGIBLE,R03b_20260811_FULL_v1,L1_ELIGIBILITY,v2026-08-11,2026-03-21..2026-08-06,baccarat_bet02_101_all_pairs_incl_sentinel,round_win = game_pnl > 0 (decisive only),COMPATIBILITY_ONLY_NOT_PRODUCTION,168.6472,119.3503,-61.6211,8,8,0.36538462,,0.36538462,0.36538462,61.6211,168.6472,THIN_EXPOSURE,0.0000,-2.4648,4.0000,96.0000,AG03-UNRESOLVED,ALL5_LEVELS_bet23_to_bet27,-2.4648,-2.4648,-2.4648,-3.0811,-3.0811,4.000000,4.000000,4.000000,5.000000,5.000000,96.000000,96.000000,96.000000,95.000000,95.000000,5.0,-13.5566,-12.4182,-48.0644,-49.2029,PENDING_AG03,FALSE,NOT_FOR_ENFORCEMENT,-59.1562,114.5763,-61.6211,-59.1562,-2.4648,-0.36538462,-0.35076923,-2.4648,-59.1562,-0.35076923,-2.4648,-2.4648,-2.4648,-3.0811,-3.0811,-59.1562,-0.35076923,-13.5566,-12.4182,-48.0644,-49.2029,-0.28500000,-0.2917502,-0.01461538,21.0809,14.9188,-7.7026,-30.8105,-8.8030,84.3236,4.0000,,21.0809,6.4864,12.9729,24.6484,62.2697,77.8372,77.8372,6.4864,0.0,6.0,6.0,1.625,7,8,1,2,0E-8,-0.36538462,,0E-8,0.000000,0.707692,0.000000,,2026-05-22,2026-05-23,2,7,7,2,1.000000,,,0.000000,,,,,,,,GLOBAL_BASELINE_NO_ENTITY_RANKING,,,NOT_APPLICABLE_GLOBAL_BASELINE,HF9g-P5,,,,X 全窗基线 · 不参与实体赏罚,3927570,393,A168_HF9F_20260827_0900,2026-08-27 09:00:00
2026-05-22,119076837,1951,0,2.5945721551,-2.5945721551,-2.5945721551,0E-7,1,1,0.50665070000000000,0.506650700000,-1.013391052207602,-1.013391052207602,-1.013391052207602,0E-17,ELIGIBLE,R03b_20260811_FULL_v1,L1_ELIGIBILITY,v2026-08-11,2026-03-21..2026-08-06,baccarat_bet02_101_all_pairs_incl_sentinel,round_win = game_pnl > 0 (decisive only),COMPATIBILITY_ONLY_NOT_PRODUCTION,168.6472,119.3503,-61.6211,8,8,0.36538462,,0.36538462,0.36538462,61.6211,168.6472,THIN_EXPOSURE,0.0000,-2.4648,4.0000,96.0000,AG03-UNRESOLVED,ALL5_LEVELS_bet23_to_bet27,-2.4648,-2.4648,-2.4648,-3.0811,-3.0811,4.000000,4.000000,4.000000,5.000000,5.000000,96.000000,96.000000,96.000000,95.000000,95.000000,5.0,-13.5566,-12.4182,-48.0644,-49.2029,PENDING_AG03,FALSE,NOT_FOR_ENFORCEMENT,-59.1562,114.5763,-61.6211,-59.1562,-2.4648,-0.36538462,-0.35076923,-2.4648,-59.1562,-0.35076923,-2.4648,-2.4648,-2.4648,-3.0811,-3.0811,-59.1562,-0.35076923,-13.5566,-12.4182,-48.0644,-49.2029,-0.28500000,-0.2917502,-0.01461538,21.0809,14.9188,-7.7026,-30.8105,-8.8030,84.3236,4.0000,,21.0809,6.4864,12.9729,24.6484,62.2697,77.8372,77.8372,6.4864,0.0,6.0,6.0,1.625,7,8,1,2,0E-8,-0.36538462,,0E-8,0.000000,0.707692,0.000000,,2026-05-22,2026-05-23,2,7,7,2,1.000000,,,0.000000,,,,,,,,GLOBAL_BASELINE_NO_ENTITY_RANKING,,,NOT_APPLICABLE_GLOBAL_BASELINE,HF9g-P5,,,,X 全窗基线 · 不参与实体赏罚,3927571,393,A168_HF9F_20260827_0900,2026-08-27 09:00:00
2026-05-22,119076837,2152,0,2.5945721551,2.4648435473,2.4648435473,1.0000000,1,1,0.50665070000000000,0.506650700000,0.9867858985152569,0.9867858985152569,0.9867858985152569,0E-17,ELIGIBLE,R03b_20260811_FULL_v1,L1_ELIGIBILITY,v2026-08-11,2026-03-21..2026-08-06,baccarat_bet02_101_all_pairs_incl_sentinel,round_win = game_pnl > 0 (decisive only),COMPATIBILITY_ONLY_NOT_PRODUCTION,168.6472,119.3503,-61.6211,8,8,0.36538462,,0.36538462,0.36538462,61.6211,168.6472,THIN_EXPOSURE,0.0000,-2.4648,4.0000,96.0000,AG03-UNRESOLVED,ALL5_LEVELS_bet23_to_bet27,-2.4648,-2.4648,-2.4648,-3.0811,-3.0811,4.000000,4.000000,4.000000,5.000000,5.000000,96.000000,96.000000,96.000000,95.000000,95.000000,5.0,-13.5566,-12.4182,-48.0644,-49.2029,PENDING_AG03,FALSE,NOT_FOR_ENFORCEMENT,-59.1562,114.5763,-61.6211,-59.1562,-2.4648,-0.36538462,-0.35076923,-2.4648,-59.1562,-0.35076923,-2.4648,-2.4648,-2.4648,-3.0811,-3.0811,-59.1562,-0.35076923,-13.5566,-12.4182,-48.0644,-49.2029,-0.28500000,-0.2917502,-0.01461538,21.0809,14.9188,-7.7026,-30.8105,-8.8030,84.3236,4.0000,,21.0809,6.4864,12.9729,24.6484,62.2697,77.8372,77.8372,6.4864,0.0,6.0,6.0,1.625,7,8,1,2,0E-8,-0.36538462,,0E-8,0.000000,0.707692,0.000000,,2026-05-22,2026-05-23,2,7,7,2,1.000000,,,0.000000,,,,,,,,GLOBAL_BASELINE_NO_ENTITY_RANKING,,,NOT_APPLICABLE_GLOBAL_BASELINE,HF9g-P5,,,,X 全窗基线 · 不参与实体赏罚,3927572,393,A168_HF9F_20260827_0900,2026-08-27 09:00:00
2026-05-22,119076837,2153,0,25.9457215505,0E-10,0E-10,,1,1,0.49324550000000000,0.493245500000,,,,0E-17,NO_DECISIVE_ROUND,R03b_20260811_FULL_v1,L1_ELIGIBILITY,v2026-08-11,2026-03-21..2026-08-06,baccarat_bet02_101_all_pairs_incl_sentinel,round_win = game_pnl > 0 (decisive only),COMPATIBILITY_ONLY_NOT_PRODUCTION,168.6472,119.3503,-61.6211,8,8,0.36538462,,0.36538462,0.36538462,61.6211,168.6472,THIN_EXPOSURE,0.0000,-2.4648,4.0000,96.0000,AG03-UNRESOLVED,ALL5_LEVELS_bet23_to_bet27,-2.4648,-2.4648,-2.4648,-3.0811,-3.0811,4.000000,4.000000,4.000000,5.000000,5.000000,96.000000,96.000000,96.000000,95.000000,95.000000,5.0,-13.5566,-12.4182,-48.0644,-49.2029,PENDING_AG03,FALSE,NOT_FOR_ENFORCEMENT,-59.1562,114.5763,-61.6211,-59.1562,-2.4648,-0.36538462,-0.35076923,-2.4648,-59.1562,-0.35076923,-2.4648,-2.4648,-2.4648,-3.0811,-3.0811,-59.1562,-0.35076923,-13.5566,-12.4182,-48.0644,-49.2029,-0.28500000,-0.2917502,-0.01461538,21.0809,14.9188,-7.7026,-30.8105,-8.8030,84.3236,4.0000,,21.0809,6.4864,12.9729,24.6484,62.2697,77.8372,77.8372,6.4864,0.0,6.0,6.0,1.625,7,8,1,2,0E-8,-0.36538462,,0E-8,0.000000,0.707692,0.000000,,2026-05-22,2026-05-23,2,7,7,2,1.000000,,,0.000000,,,,,,,,GLOBAL_BASELINE_NO_ENTITY_RANKING,,,NOT_APPLICABLE_GLOBAL_BASELINE,HF9g-P5,,,,X 全窗基线 · 不参与实体赏罚,3927573,393,A168_HF9F_20260827_0900,2026-08-27 09:00:00
2026-05-22,119076837,2242,0,12.9728607753,-12.9728607753,-12.9728607753,0E-7,1,1,0.50665070000000000,0.506650700000,-1.013391052207602,-1.013391052207602,-1.013391052207602,0E-17,ELIGIBLE,R03b_20260811_FULL_v1,L1_ELIGIBILITY,v2026-08-11,2026-03-21..2026-08-06,baccarat_bet02_101_all_pairs_incl_sentinel,round_win = game_pnl > 0 (decisive only),COMPATIBILITY_ONLY_NOT_PRODUCTION,168.6472,119.3503,-61.6211,8,8,0.36538462,,0.36538462,0.36538462,61.6211,168.6472,THIN_EXPOSURE,0.0000,-2.4648,4.0000,96.0000,AG03-UNRESOLVED,ALL5_LEVELS_bet23_to_bet27,-2.4648,-2.4648,-2.4648,-3.0811,-3.0811,4.000000,4.000000,4.000000,5.000000,5.000000,96.000000,96.000000,96.000000,95.000000,95.000000,5.0,-13.5566,-12.4182,-48.0644,-49.2029,PENDING_AG03,FALSE,NOT_FOR_ENFORCEMENT,-59.1562,114.5763,-61.6211,-59.1562,-2.4648,-0.36538462,-0.35076923,-2.4648,-59.1562,-0.35076923,-2.4648,-2.4648,-2.4648,-3.0811,-3.0811,-59.1562,-0.35076923,-13.5566,-12.4182,-48.0644,-49.2029,-0.28500000,-0.2917502,-0.01461538,21.0809,14.9188,-7.7026,-30.8105,-8.8030,84.3236,4.0000,,21.0809,6.4864,12.9729,24.6484,62.2697,77.8372,77.8372,6.4864,0.0,6.0,6.0,1.625,7,8,1,2,0E-8,-0.36538462,,0E-8,0.000000,0.707692,0.000000,,2026-05-22,2026-05-23,2,7,7,2,1.000000,,,0.000000,,,,,,,,GLOBAL_BASELINE_NO_ENTITY_RANKING,,,NOT_APPLICABLE_GLOBAL_BASELINE,HF9g-P5,,,,X 全窗基线 · 不参与实体赏罚,3927574,393,A168_HF9F_20260827_0900,2026-08-27 09:00:00
2026-05-22,119076837,2254,0,10.3782886202,9.8593741892,9.8593741892,1.0000000,1,1,0.50665070000000000,0.506650700000,0.9867858985152569,0.9867858985152569,0.9867858985152569,0E-17,ELIGIBLE,R03b_20260811_FULL_v1,L1_ELIGIBILITY,v2026-08-11,2026-03-21..2026-08-06,baccarat_bet02_101_all_pairs_incl_sentinel,round_win = game_pnl > 0 (decisive only),COMPATIBILITY_ONLY_NOT_PRODUCTION,168.6472,119.3503,-61.6211,8,8,0.36538462,,0.36538462,0.36538462,61.6211,168.6472,THIN_EXPOSURE,0.0000,-2.4648,4.0000,96.0000,AG03-UNRESOLVED,ALL5_LEVELS_bet23_to_bet27,-2.4648,-2.4648,-2.4648,-3.0811,-3.0811,4.000000,4.000000,4.000000,5.000000,5.000000,96.000000,96.000000,96.000000,95.000000,95.000000,5.0,-13.5566,-12.4182,-48.0644,-49.2029,PENDING_AG03,FALSE,NOT_FOR_ENFORCEMENT,-59.1562,114.5763,-61.6211,-59.1562,-2.4648,-0.36538462,-0.35076923,-2.4648,-59.1562,-0.35076923,-2.4648,-2.4648,-2.4648,-3.0811,-3.0811,-59.1562,-0.35076923,-13.5566,-12.4182,-48.0644,-49.2029,-0.28500000,-0.2917502,-0.01461538,21.0809,14.9188,-7.7026,-30.8105,-8.8030,84.3236,4.0000,,21.0809,6.4864,12.9729,24.6484,62.2697,77.8372,77.8372,6.4864,0.0,6.0,6.0,1.625,7,8,1,2,0E-8,-0.36538462,,0E-8,0.000000,0.707692,0.000000,,2026-05-22,2026-05-23,2,7,7,2,1.000000,,,0.000000,,,,,,,,GLOBAL_BASELINE_NO_ENTITY_RANKING,,,NOT_APPLICABLE_GLOBAL_BASELINE,HF9g-P5,,,,X 全窗基线 · 不参与实体赏罚,3927575,393,A168_HF9F_20260827_0900,2026-08-27 09:00:00
2026-05-22,119076837,2256,0,77.8371646515,77.8371646515,77.8371646515,1.0000000,1,1,0.49324550000000000,0.493245500000,1.01360149184955,1.01360149184955,1.01360149184955,0E-17,ELIGIBLE,R03b_20260811_FULL_v1,L1_ELIGIBILITY,v2026-08-11,2026-03-21..2026-08-06,baccarat_bet02_101_all_pairs_incl_sentinel,round_win = game_pnl > 0 (decisive only),COMPATIBILITY_ONLY_NOT_PRODUCTION,168.6472,119.3503,-61.6211,8,8,0.36538462,,0.36538462,0.36538462,61.6211,168.6472,THIN_EXPOSURE,0.0000,-2.4648,4.0000,96.0000,AG03-UNRESOLVED,ALL5_LEVELS_bet23_to_bet27,-2.4648,-2.4648,-2.4648,-3.0811,-3.0811,4.000000,4.000000,4.000000,5.000000,5.000000,96.000000,96.000000,96.000000,95.000000,95.000000,5.0,-13.5566,-12.4182,-48.0644,-49.2029,PENDING_AG03,FALSE,NOT_FOR_ENFORCEMENT,-59.1562,114.5763,-61.6211,-59.1562,-2.4648,-0.36538462,-0.35076923,-2.4648,-59.1562,-0.35076923,-2.4648,-2.4648,-2.4648,-3.0811,-3.0811,-59.1562,-0.35076923,-13.5566,-12.4182,-48.0644,-49.2029,-0.28500000,-0.2917502,-0.01461538,21.0809,14.9188,-7.7026,-30.8105,-8.8030,84.3236,4.0000,,21.0809,6.4864,12.9729,24.6484,62.2697,77.8372,77.8372,6.4864,0.0,6.0,6.0,1.625,7,8,1,2,0E-8,-0.36538462,,0E-8,0.000000,0.707692,0.000000,,2026-05-22,2026-05-23,2,7,7,2,1.000000,,,0.000000,,,,,,,,GLOBAL_BASELINE_NO_ENTITY_RANKING,,,NOT_APPLICABLE_GLOBAL_BASELINE,HF9g-P5,,,,X 全窗基线 · 不参与实体赏罚,3927576,393,A168_HF9F_20260827_0900,2026-08-27 09:00:00
2026-05-23,119076837,-1,1,23.3511493955,0E-10,0E-10,,1,1,0.50665070000000000,0.506650700000,,,,0E-17,SENTINEL_DEALER,R03b_20260811_FULL_v1,L1_ELIGIBILITY,v2026-08-11,2026-03-21..2026-08-06,baccarat_bet02_101_all_pairs_incl_sentinel,round_win = game_pnl > 0 (decisive only),COMPATIBILITY_ONLY_NOT_PRODUCTION,168.6472,119.3503,-61.6211,8,8,0.36538462,,0.36538462,0.36538462,61.6211,168.6472,THIN_EXPOSURE,0.0000,-2.4648,4.0000,96.0000,AG03-UNRESOLVED,ALL5_LEVELS_bet23_to_bet27,-2.4648,-2.4648,-2.4648,-3.0811,-3.0811,4.000000,4.000000,4.000000,5.000000,5.000000,96.000000,96.000000,96.000000,95.000000,95.000000,5.0,-13.5566,-12.4182,-48.0644,-49.2029,PENDING_AG03,FALSE,NOT_FOR_ENFORCEMENT,-59.1562,114.5763,-61.6211,-59.1562,-2.4648,-0.36538462,-0.35076923,-2.4648,-59.1562,-0.35076923,-2.4648,-2.4648,-2.4648,-3.0811,-3.0811,-59.1562,-0.35076923,-13.5566,-12.4182,-48.0644,-49.2029,-0.28500000,-0.2917502,-0.01461538,21.0809,14.9188,-7.7026,-30.8105,-8.8030,84.3236,4.0000,,21.0809,6.4864,12.9729,24.6484,62.2697,77.8372,77.8372,6.4864,0.0,6.0,6.0,1.625,7,8,1,2,0E-8,-0.36538462,,0E-8,0.000000,0.707692,0.000000,,2026-05-22,2026-05-23,2,7,7,2,1.000000,,,0.000000,,,,,,,,GLOBAL_BASELINE_NO_ENTITY_RANKING,,,NOT_APPLICABLE_GLOBAL_BASELINE,HF9g-P5,,,,X 全窗基线 · 不参与实体赏罚,3927577,393,A168_HF9F_20260827_0900,2026-08-27 09:00:00
2026-05-14,150048492,2103,0,12.9728607753,12.3242177365,12.3242177365,1.0000000,1,1,0.50665070000000000,0.506650700000,0.9867858985152569,0.9867858985152569,0.9867858985152569,0E-17,ELIGIBLE,R03b_20260811_FULL_v1,L1_ELIGIBILITY,v2026-08-11,2026-03-21..2026-08-06,baccarat_bet02_101_all_pairs_incl_sentinel,round_win = game_pnl > 0 (decisive only),COMPATIBILITY_ONLY_NOT_PRODUCTION,326.9161,326.9161,-61.6211,3,3,0.18849206,,0.18849206,0.18849206,61.6211,326.9161,THIN_EXPOSURE,0.0000,-2.4648,4.0000,96.0000,AG03-UNRESOLVED,ALL5_LEVELS_bet23_to_bet27,-2.4648,-2.4648,-2.4648,-3.0811,-3.0811,4.000000,4.000000,4.000000,5.000000,5.000000,96.000000,96.000000,96.000000,95.000000,95.000000,5.0,-13.5566,-12.4182,-48.0644,-49.2029,PENDING_AG03,FALSE,NOT_FOR_ENFORCEMENT,-59.1562,313.8394,-61.6211,-59.1562,-2.4648,-0.18849206,-0.18095238,-2.4648,-59.1562,-0.18095238,-2.4648,-2.4648,-2.4648,-3.0811,-3.0811,-59.1562,-0.18095238,-13.5566,-12.4182,-48.0644,-49.2029,-0.14702381,-0.15050606,-0.00753968,108.9720,108.9720,-20.5404,-61.6211,-30.8105,326.9161,3.0000,,108.9720,42.8104,132.3232,169.2958,181.6201,181.6201,181.6201,132.3232,12.3242,1.372549,1.372549,0.823529,2,2,1,2,0E-8,-0.18849206,,0E-8,0.000000,1.000000,0.000000,,2026-05-14,2026-05-14,1,2,2,1,1.000000,,,0.000000,,,,,,,,GLOBAL_BASELINE_NO_ENTITY_RANKING,,,NOT_APPLICABLE_GLOBAL_BASELINE,HF9g-P5,,,,X 全窗基线 · 不参与实体赏罚,3927578,393,A168_HF9F_20260827_0900,2026-08-27 09:00:00
2026-05-14,150048492,970,0,313.9432307612,49.2968709460,49.2968709460,0.5000000,2,2,0.49994810000000000,0.499948100000,0.00014679536856514622,0.00014679536856514622,0.00014679536856514622,0E-17,ELIGIBLE,R03b_20260811_FULL_v1,L1_ELIGIBILITY,v2026-08-11,2026-03-21..2026-08-06,baccarat_bet02_101_all_pairs_incl_sentinel,round_win = game_pnl > 0 (decisive only),COMPATIBILITY_ONLY_NOT_PRODUCTION,326.9161,326.9161,-61.6211,3,3,0.18849206,,0.18849206,0.18849206,61.6211,326.9161,THIN_EXPOSURE,0.0000,-2.4648,4.0000,96.0000,AG03-UNRESOLVED,ALL5_LEVELS_bet23_to_bet27,-2.4648,-2.4648,-2.4648,-3.0811,-3.0811,4.000000,4.000000,4.000000,5.000000,5.000000,96.000000,96.000000,96.000000,95.000000,95.000000,5.0,-13.5566,-12.4182,-48.0644,-49.2029,PENDING_AG03,FALSE,NOT_FOR_ENFORCEMENT,-59.1562,313.8394,-61.6211,-59.1562,-2.4648,-0.18849206,-0.18095238,-2.4648,-59.1562,-0.18095238,-2.4648,-2.4648,-2.4648,-3.0811,-3.0811,-59.1562,-0.18095238,-13.5566,-12.4182,-48.0644,-49.2029,-0.14702381,-0.15050606,-0.00753968,108.9720,108.9720,-20.5404,-61.6211,-30.8105,326.9161,3.0000,,108.9720,42.8104,132.3232,169.2958,181.6201,181.6201,181.6201,132.3232,12.3242,1.372549,1.372549,0.823529,2,2,1,2,0E-8,-0.18849206,,0E-8,0.000000,1.000000,0.000000,,2026-05-14,2026-05-14,1,2,2,1,1.000000,,,0.000000,,,,,,,,GLOBAL_BASELINE_NO_ENTITY_RANKING,,,NOT_APPLICABLE_GLOBAL_BASELINE,HF9g-P5,,,,X 全窗基线 · 不参与实体赏罚,3927579,393,A168_HF9F_20260827_0900,2026-08-27 09:00:00
2026-05-13,149966761,583,0,1219.4489128743,61.6210886827,61.6210886827,0.4615385,14,14,0.50377815714285714,0.503778157143,-0.304603472954538,-0.30460347295556883,-0.304603472954538,-1.4286E-13,ELIGIBLE,R03b_20260811_FULL_v1,L1_ELIGIBILITY,v2026-08-11,2026-03-21..2026-08-06,baccarat_bet02_101_all_pairs_incl_sentinel,round_win = game_pnl > 0 (decisive only),COMPATIBILITY_ONLY_NOT_PRODUCTION,1219.4489,1128.6389,-61.6211,14,14,0.05053191,,0.05053191,0.05053191,61.6211,1219.4489,THIN_EXPOSURE,0.0000,-2.4648,4.0000,96.0000,AG03-UNRESOLVED,ALL5_LEVELS_bet23_to_bet27,-2.4648,-2.4648,-3.0811,-3.0811,-3.0811,4.000000,4.000000,5.000000,5.000000,5.000000,96.000000,96.000000,95.000000,95.000000,95.000000,5.0,-14.1729,-12.9308,-47.4482,-48.6903,PENDING_AG03,FALSE,NOT_FOR_ENFORCEMENT,-59.1562,1083.4933,-61.6211,-59.1562,-2.4648,-0.05053191,-0.04851064,-2.4648,-59.1562,-0.04851064,-2.4648,-2.4648,-3.0811,-3.0811,-3.0811,-59.1562,-0.04851064,-14.1729,-12.9308,-47.4482,-48.6903,-0.03890957,-0.03992814,-0.00202128,87.1035,80.6171,-4.4015,-61.6211,-61.6211,1219.4489,14.0000,,87.1035,51.8914,97.2965,129.7286,155.6743,155.6743,155.6743,84.3236,-6.4864,1.6,1.6,0.895238,1,1,1,2,0E-8,-0.05053191,,0E-8,0.000000,0.925532,0.000000,,2026-05-13,2026-05-13,1,1,1,1,1.000000,,,0.000000,,,,,,,,GLOBAL_BASELINE_NO_ENTITY_RANKING,,,NOT_APPLICABLE_GLOBAL_BASELINE,HF9g-P5,,,,X 全窗基线 · 不参与实体赏罚,3927580,393,A168_HF9F_20260827_0900,2026-08-27 09:00:00
2026-04-03,148182524,1210,0,5.2351909536,-5.2351909536,-5.2351909536,0E-7,1,1,0.50665070000000000,0.506650700000,-1.013391052207602,-1.013391052207602,-1.013391052207602,0E-17,ELIGIBLE,R03b_20260811_FULL_v1,L1_ELIGIBILITY,v2026-08-11,2026-03-21..2026-08-06,baccarat_bet02_101_all_pairs_incl_sentinel,round_win = game_pnl > 0 (decisive only),COMPATIBILITY_ONLY_NOT_PRODUCTION,129.2808,103.5652,-61.6206,6,5,0.47664167,,0.47664167,0.47664167,61.6206,129.2808,THIN_EXPOSURE,0.0000,-2.4648,4.0000,96.0000,AG03-UNRESOLVED,ALL5_LEVELS_bet23_to_bet27,-2.4648,-2.4648,-3.0810,-3.0810,-3.0810,4.000000,4.000000,5.000000,5.000000,5.000000,96.000000,96.000000,95.000000,95.000000,95.000000,5.0,-14.1727,-12.9307,-47.4479,-48.6899,PENDING_AG03,FALSE,NOT_FOR_ENFORCEMENT,-59.1558,99.4226,-61.6206,-59.1558,-2.4648,-0.47664167,-0.45757600,-2.4648,-59.1558,-0.45757600,-2.4648,-2.4648,-3.0810,-3.0810,-3.0810,-59.1558,-0.45757600,-14.1727,-12.9307,-47.4479,-48.6899,-0.36701408,-0.37662165,-0.01906567,21.5468,20.7130,-12.3241,-20.5402,-12.3241,43.0936,1.6667,,21.5468,2.8794,9.0465,12.8578,84.8355,92.8331,92.8331,4.0573,-4.0573,10.261792,10.261792,2.381788,4,5,3,2,0E-8,-0.47664167,,0E-8,0.000000,0.801088,0.000000,,2026-04-03,2026-06-23,3,5,5,82,0.036585,,,0.000000,,,,,,,,GLOBAL_BASELINE_NO_ENTITY_RANKING,,,NOT_APPLICABLE_GLOBAL_BASELINE,HF9g-P5,,,,X 全窗基线 · 不参与实体赏罚,3927581,393,A168_HF9F_20260827_0900,2026-08-27 09:00:00
2026-04-03,148182524,2156,0,2.6175954768,2.6175954768,2.6175954768,1.0000000,1,1,0.49324550000000000,0.493245500000,1.01360149184955,1.01360149184955,1.01360149184955,0E-17,ELIGIBLE,R03b_20260811_FULL_v1,L1_ELIGIBILITY,v2026-08-11,2026-03-21..2026-08-06,baccarat_bet02_101_all_pairs_incl_sentinel,round_win = game_pnl > 0 (decisive only),COMPATIBILITY_ONLY_NOT_PRODUCTION,129.2808,103.5652,-61.6206,6,5,0.47664167,,0.47664167,0.47664167,61.6206,129.2808,THIN_EXPOSURE,0.0000,-2.4648,4.0000,96.0000,AG03-UNRESOLVED,ALL5_LEVELS_bet23_to_bet27,-2.4648,-2.4648,-3.0810,-3.0810,-3.0810,4.000000,4.000000,5.000000,5.000000,5.000000,96.000000,96.000000,95.000000,95.000000,95.000000,5.0,-14.1727,-12.9307,-47.4479,-48.6899,PENDING_AG03,FALSE,NOT_FOR_ENFORCEMENT,-59.1558,99.4226,-61.6206,-59.1558,-2.4648,-0.47664167,-0.45757600,-2.4648,-59.1558,-0.45757600,-2.4648,-2.4648,-3.0810,-3.0810,-3.0810,-59.1558,-0.45757600,-14.1727,-12.9307,-47.4479,-48.6899,-0.36701408,-0.37662165,-0.01906567,21.5468,20.7130,-12.3241,-20.5402,-12.3241,43.0936,1.6667,,21.5468,2.8794,9.0465,12.8578,84.8355,92.8331,92.8331,4.0573,-4.0573,10.261792,10.261792,2.381788,4,5,3,2,0E-8,-0.47664167,,0E-8,0.000000,0.801088,0.000000,,2026-04-03,2026-06-23,3,5,5,82,0.036585,,,0.000000,,,,,,,,GLOBAL_BASELINE_NO_ENTITY_RANKING,,,NOT_APPLICABLE_GLOBAL_BASELINE,HF9g-P5,,,,X 全窗基线 · 不参与实体赏罚,3927582,393,A168_HF9F_20260827_0900,2026-08-27 09:00:00
2026-04-04,148182524,2239,0,2.8793550245,-2.8793550245,-2.8793550245,0E-7,1,1,0.50665070000000000,0.506650700000,-1.013391052207602,-1.013391052207602,-1.013391052207602,0E-17,ELIGIBLE,R03b_20260811_FULL_v1,L1_ELIGIBILITY,v2026-08-11,2026-03-21..2026-08-06,baccarat_bet02_101_all_pairs_incl_sentinel,round_win = game_pnl > 0 (decisive only),COMPATIBILITY_ONLY_NOT_PRODUCTION,129.2808,103.5652,-61.6206,6,5,0.47664167,,0.47664167,0.47664167,61.6206,129.2808,THIN_EXPOSURE,0.0000,-2.4648,4.0000,96.0000,AG03-UNRESOLVED,ALL5_LEVELS_bet23_to_bet27,-2.4648,-2.4648,-3.0810,-3.0810,-3.0810,4.000000,4.000000,5.000000,5.000000,5.000000,96.000000,96.000000,95.000000,95.000000,95.000000,5.0,-14.1727,-12.9307,-47.4479,-48.6899,PENDING_AG03,FALSE,NOT_FOR_ENFORCEMENT,-59.1558,99.4226,-61.6206,-59.1558,-2.4648,-0.47664167,-0.45757600,-2.4648,-59.1558,-0.45757600,-2.4648,-2.4648,-3.0810,-3.0810,-3.0810,-59.1558,-0.45757600,-14.1727,-12.9307,-47.4479,-48.6899,-0.36701408,-0.37662165,-0.01906567,21.5468,20.7130,-12.3241,-20.5402,-12.3241,43.0936,1.6667,,21.5468,2.8794,9.0465,12.8578,84.8355,92.8331,92.8331,4.0573,-4.0573,10.261792,10.261792,2.381788,4,5,3,2,0E-8,-0.47664167,,0E-8,0.000000,0.801088,0.000000,,2026-04-03,2026-06-23,3,5,5,82,0.036585,,,0.000000,,,,,,,,GLOBAL_BASELINE_NO_ENTITY_RANKING,,,NOT_APPLICABLE_GLOBAL_BASELINE,HF9g-P5,,,,X 全窗基线 · 不参与实体赏罚,3927583,393,A168_HF9F_20260827_0900,2026-08-27 09:00:00
2026-06-23,148182524,1017,0,12.8577673773,-12.8577673773,-12.8577673773,0E-7,1,1,0.50665070000000000,0.506650700000,-1.013391052207602,-1.013391052207602,-1.013391052207602,0E-17,ELIGIBLE,R03b_20260811_FULL_v1,L1_ELIGIBILITY,v2026-08-11,2026-03-21..2026-08-06,baccarat_bet02_101_all_pairs_incl_sentinel,round_win = game_pnl > 0 (decisive only),COMPATIBILITY_ONLY_NOT_PRODUCTION,129.2808,103.5652,-61.6206,6,5,0.47664167,,0.47664167,0.47664167,61.6206,129.2808,THIN_EXPOSURE,0.0000,-2.4648,4.0000,96.0000,AG03-UNRESOLVED,ALL5_LEVELS_bet23_to_bet27,-2.4648,-2.4648,-3.0810,-3.0810,-3.0810,4.000000,4.000000,5.000000,5.000000,5.000000,96.000000,96.000000,95.000000,95.000000,95.000000,5.0,-14.1727,-12.9307,-47.4479,-48.6899,PENDING_AG03,FALSE,NOT_FOR_ENFORCEMENT,-59.1558,99.4226,-61.6206,-59.1558,-2.4648,-0.47664167,-0.45757600,-2.4648,-59.1558,-0.45757600,-2.4648,-2.4648,-3.0810,-3.0810,-3.0810,-59.1558,-0.45757600,-14.1727,-12.9307,-47.4479,-48.6899,-0.36701408,-0.37662165,-0.01906567,21.5468,20.7130,-12.3241,-20.5402,-12.3241,43.0936,1.6667,,21.5468,2.8794,9.0465,12.8578,84.8355,92.8331,92.8331,4.0573,-4.0573,10.261792,10.261792,2.381788,4,5,3,2,0E-8,-0.47664167,,0E-8,0.000000,0.801088,0.000000,,2026-04-03,2026-06-23,3,5,5,82,0.036585,,,0.000000,,,,,,,,GLOBAL_BASELINE_NO_ENTITY_RANKING,,,NOT_APPLICABLE_GLOBAL_BASELINE,HF9g-P5,,,,X 全窗基线 · 不参与实体赏罚,3927584,393,A168_HF9F_20260827_0900,2026-08-27 09:00:00
2026-06-23,148182524,970,0,105.6908478412,79.9753130866,79.9753130866,1.0000000,2,1,0.49487630291971121,0.499948100000,1.0103004409167018,1.0001038053877793,1.0103004409167018,-0.00507179708028879,ELIGIBLE,R03b_20260811_FULL_v1,L1_ELIGIBILITY,v2026-08-11,2026-03-21..2026-08-06,baccarat_bet02_101_all_pairs_incl_sentinel,round_win = game_pnl > 0 (decisive only),COMPATIBILITY_ONLY_NOT_PRODUCTION,129.2808,103.5652,-61.6206,6,5,0.47664167,,0.47664167,0.47664167,61.6206,129.2808,THIN_EXPOSURE,0.0000,-2.4648,4.0000,96.0000,AG03-UNRESOLVED,ALL5_LEVELS_bet23_to_bet27,-2.4648,-2.4648,-3.0810,-3.0810,-3.0810,4.000000,4.000000,5.000000,5.000000,5.000000,96.000000,96.000000,95.000000,95.000000,95.000000,5.0,-14.1727,-12.9307,-47.4479,-48.6899,PENDING_AG03,FALSE,NOT_FOR_ENFORCEMENT,-59.1558,99.4226,-61.6206,-59.1558,-2.4648,-0.47664167,-0.45757600,-2.4648,-59.1558,-0.45757600,-2.4648,-2.4648,-3.0810,-3.0810,-3.0810,-59.1558,-0.45757600,-14.1727,-12.9307,-47.4479,-48.6899,-0.36701408,-0.37662165,-0.01906567,21.5468,20.7130,-12.3241,-20.5402,-12.3241,43.0936,1.6667,,21.5468,2.8794,9.0465,12.8578,84.8355,92.8331,92.8331,4.0573,-4.0573,10.261792,10.261792,2.381788,4,5,3,2,0E-8,-0.47664167,,0E-8,0.000000,0.801088,0.000000,,2026-04-03,2026-06-23,3,5,5,82,0.036585,,,0.000000,,,,,,,,GLOBAL_BASELINE_NO_ENTITY_RANKING,,,NOT_APPLICABLE_GLOBAL_BASELINE,HF9g-P5,,,,X 全窗基线 · 不参与实体赏罚,3927585,393,A168_HF9F_20260827_0900,2026-08-27 09:00:00
2026-04-03,148174712,1306,0,84.2865743529,61.6181975238,61.6181975238,0.8000000,5,5,0.49592654000000000,0.495926540000,1.359902984124143,1.359902984124143,1.359902984124143,0E-17,ELIGIBLE,R03b_20260811_FULL_v1,L1_ELIGIBILITY,v2026-08-11,2026-03-21..2026-08-06,baccarat_bet02_101_all_pairs_incl_sentinel,round_win = game_pnl > 0 (decisive only),COMPATIBILITY_ONLY_NOT_PRODUCTION,84.2866,84.2866,-61.6182,5,5,0.73105590,,0.73105590,0.73105590,61.6182,84.2866,THIN_EXPOSURE,0.0000,-2.4647,4.0000,96.0000,AG03-UNRESOLVED,ALL5_LEVELS_bet23_to_bet27,-2.4647,-2.4647,-2.4647,-3.0809,-3.0809,4.000000,4.000000,4.000000,5.000000,5.000000,96.000000,96.000000,96.000000,95.000000,95.000000,5.0,-13.5560,-12.4177,-48.0622,-49.2005,PENDING_AG03,FALSE,NOT_FOR_ENFORCEMENT,-59.1535,80.9151,-61.6182,-59.1535,-2.4647,-0.73105590,-0.70181366,-2.4647,-59.1535,-0.70181366,-2.4647,-2.4647,-2.4647,-3.0809,-3.0809,-59.1535,-0.70181366,-13.5560,-12.4177,-48.0622,-49.2005,-0.57022360,-0.5837293,-0.02924224,16.8573,16.8573,-12.3236,-61.6182,-61.6182,84.2866,5.0000,,16.8573,7.1984,10.4704,28.27,34.5523,34.5523,34.5523,10.4704,7.8528,3.3,3.3,1.61,1,1,1,2,0E-8,-0.73105590,,0E-8,0.000000,1.000000,0.000000,,2026-04-03,2026-04-03,1,1,1,1,1.000000,,,0.000000,,,,,,,,GLOBAL_BASELINE_NO_ENTITY_RANKING,,,NOT_APPLICABLE_GLOBAL_BASELINE,HF9g-P5,,,,X 全窗基线 · 不参与实体赏罚,3927586,393,A168_HF9F_20260827_0900,2026-08-27 09:00:00
2026-04-17,148806143,-1,1,758.6206896552,720.6896551724,720.6896551724,1.0000000,2,2,0.50665070000000000,0.506650700000,1.3955260008387969,1.3955260008387969,1.3955260008387969,0E-17,SENTINEL_DEALER,R03b_20260811_FULL_v1,L1_ELIGIBILITY,v2026-08-11,2026-03-21..2026-08-06,baccarat_bet02_101_all_pairs_incl_sentinel,round_win = game_pnl > 0 (decisive only),COMPATIBILITY_ONLY_NOT_PRODUCTION,16452.7331,14666.5969,-61.6123,31,31,0.00374480,,0.00374480,0.00374480,61.6123,16452.7331,OK,0.0000,-2.4645,4.0000,96.0000,AG03-UNRESOLVED,ALL5_LEVELS_bet23_to_bet27,-2.4645,-2.4645,-3.0806,-3.0806,-3.0806,4.000000,4.000000,5.000000,5.000000,5.000000,96.000000,96.000000,95.000000,95.000000,95.000000,5.0,-14.1708,-12.9289,-47.4415,-48.6834,PENDING_AG03,FALSE,NOT_FOR_ENFORCEMENT,-59.1478,14079.9330,-61.6123,-59.1478,-2.4645,-0.00374480,-0.00359501,-2.4645,-59.1478,-0.00359501,-2.4645,-2.4645,-3.0806,-3.0806,-3.0806,-59.1478,-0.00359501,-14.1708,-12.9289,-47.4415,-48.6834,-0.00288350,-0.00295898,-0.00014979,530.7333,473.1160,-1.9875,-10.2687,-2.4645,2742.1222,5.1667,,530.7333,344.8276,683.9945,683.9945,689.6552,689.6552,689.6552,683.9945,13.7931,1.008276,1.008276,0.775932,19,20,5,2,0E-8,-0.00374480,,0E-8,0.000000,0.891438,0.000000,,2026-04-17,2026-07-01,6,25,24,76,0.078947,,,0.000000,,,,,,,,GLOBAL_BASELINE_NO_ENTITY_RANKING,,,NOT_APPLICABLE_GLOBAL_BASELINE,HF9g-P5,,,,X 全窗基线 · 不参与实体赏罚,3927587,393,A168_HF9F_20260827_0900,2026-08-27 09:00:00
2026-04-17,148806143,1151,0,482.7586206897,458.6206896552,458.6206896552,1.0000000,2,2,0.50665070000000000,0.506650700000,1.3955260008387969,1.3955260008387969,1.3955260008387969,0E-17,ELIGIBLE,R03b_20260811_FULL_v1,L1_ELIGIBILITY,v2026-08-11,2026-03-21..2026-08-06,baccarat_bet02_101_all_pairs_incl_sentinel,round_win = game_pnl > 0 (decisive only),COMPATIBILITY_ONLY_NOT_PRODUCTION,16452.7331,14666.5969,-61.6123,31,31,0.00374480,,0.00374480,0.00374480,61.6123,16452.7331,OK,0.0000,-2.4645,4.0000,96.0000,AG03-UNRESOLVED,ALL5_LEVELS_bet23_to_bet27,-2.4645,-2.4645,-3.0806,-3.0806,-3.0806,4.000000,4.000000,5.000000,5.000000,5.000000,96.000000,96.000000,95.000000,95.000000,95.000000,5.0,-14.1708,-12.9289,-47.4415,-48.6834,PENDING_AG03,FALSE,NOT_FOR_ENFORCEMENT,-59.1478,14079.9330,-61.6123,-59.1478,-2.4645,-0.00374480,-0.00359501,-2.4645,-59.1478,-0.00359501,-2.4645,-2.4645,-3.0806,-3.0806,-3.0806,-59.1478,-0.00359501,-14.1708,-12.9289,-47.4415,-48.6834,-0.00288350,-0.00295898,-0.00014979,530.7333,473.1160,-1.9875,-10.2687,-2.4645,2742.1222,5.1667,,530.7333,344.8276,683.9945,683.9945,689.6552,689.6552,689.6552,683.9945,13.7931,1.008276,1.008276,0.775932,19,20,5,2,0E-8,-0.00374480,,0E-8,0.000000,0.891438,0.000000,,2026-04-17,2026-07-01,6,25,24,76,0.078947,,,0.000000,,,,,,,,GLOBAL_BASELINE_NO_ENTITY_RANKING,,,NOT_APPLICABLE_GLOBAL_BASELINE,HF9g-P5,,,,X 全窗基线 · 不参与实体赏罚,3927588,393,A168_HF9F_20260827_0900,2026-08-27 09:00:00
2026-04-17,148806143,1402,0,703.4482758621,358.6206896552,358.6206896552,1.0000000,3,3,0.49324550000000000,0.493245500000,1.4334489766152358,1.4334489766152358,1.4334489766152358,0E-17,ELIGIBLE,R03b_20260811_FULL_v1,L1_ELIGIBILITY,v2026-08-11,2026-03-21..2026-08-06,baccarat_bet02_101_all_pairs_incl_sentinel,round_win = game_pnl > 0 (decisive only),COMPATIBILITY_ONLY_NOT_PRODUCTION,16452.7331,14666.5969,-61.6123,31,31,0.00374480,,0.00374480,0.00374480,61.6123,16452.7331,OK,0.0000,-2.4645,4.0000,96.0000,AG03-UNRESOLVED,ALL5_LEVELS_bet23_to_bet27,-2.4645,-2.4645,-3.0806,-3.0806,-3.0806,4.000000,4.000000,5.000000,5.000000,5.000000,96.000000,96.000000,95.000000,95.000000,95.000000,5.0,-14.1708,-12.9289,-47.4415,-48.6834,PENDING_AG03,FALSE,NOT_FOR_ENFORCEMENT,-59.1478,14079.9330,-61.6123,-59.1478,-2.4645,-0.00374480,-0.00359501,-2.4645,-59.1478,-0.00359501,-2.4645,-2.4645,-3.0806,-3.0806,-3.0806,-59.1478,-0.00359501,-14.1708,-12.9289,-47.4415,-48.6834,-0.00288350,-0.00295898,-0.00014979,530.7333,473.1160,-1.9875,-10.2687,-2.4645,2742.1222,5.1667,,530.7333,344.8276,683.9945,683.9945,689.6552,689.6552,689.6552,683.9945,13.7931,1.008276,1.008276,0.775932,19,20,5,2,0E-8,-0.00374480,,0E-8,0.000000,0.891438,0.000000,,2026-04-17,2026-07-01,6,25,24,76,0.078947,,,0.000000,,,,,,,,GLOBAL_BASELINE_NO_ENTITY_RANKING,,,NOT_APPLICABLE_GLOBAL_BASELINE,HF9g-P5,,,,X 全窗基线 · 不参与实体赏罚,3927589,393,A168_HF9F_20260827_0900,2026-08-27 09:00:00
2026-04-17,148806143,919,0,344.8275862069,-344.8275862069,-344.8275862069,0E-7,1,1,0.50665070000000000,0.506650700000,-1.013391052207602,-1.013391052207602,-1.013391052207602,0E-17,ELIGIBLE,R03b_20260811_FULL_v1,L1_ELIGIBILITY,v2026-08-11,2026-03-21..2026-08-06,baccarat_bet02_101_all_pairs_incl_sentinel,round_win = game_pnl > 0 (decisive only),COMPATIBILITY_ONLY_NOT_PRODUCTION,16452.7331,14666.5969,-61.6123,31,31,0.00374480,,0.00374480,0.00374480,61.6123,16452.7331,OK,0.0000,-2.4645,4.0000,96.0000,AG03-UNRESOLVED,ALL5_LEVELS_bet23_to_bet27,-2.4645,-2.4645,-3.0806,-3.0806,-3.0806,4.000000,4.000000,5.000000,5.000000,5.000000,96.000000,96.000000,95.000000,95.000000,95.000000,5.0,-14.1708,-12.9289,-47.4415,-48.6834,PENDING_AG03,FALSE,NOT_FOR_ENFORCEMENT,-59.1478,14079.9330,-61.6123,-59.1478,-2.4645,-0.00374480,-0.00359501,-2.4645,-59.1478,-0.00359501,-2.4645,-2.4645,-3.0806,-3.0806,-3.0806,-59.1478,-0.00359501,-14.1708,-12.9289,-47.4415,-48.6834,-0.00288350,-0.00295898,-0.00014979,530.7333,473.1160,-1.9875,-10.2687,-2.4645,2742.1222,5.1667,,530.7333,344.8276,683.9945,683.9945,689.6552,689.6552,689.6552,683.9945,13.7931,1.008276,1.008276,0.775932,19,20,5,2,0E-8,-0.00374480,,0E-8,0.000000,0.891438,0.000000,,2026-04-17,2026-07-01,6,25,24,76,0.078947,,,0.000000,,,,,,,,GLOBAL_BASELINE_NO_ENTITY_RANKING,,,NOT_APPLICABLE_GLOBAL_BASELINE,HF9g-P5,,,,X 全窗基线 · 不参与实体赏罚,3927590,393,A168_HF9F_20260827_0900,2026-08-27 09:00:00
2026-04-18,148806143,1383,0,689.6551724138,655.1724137931,655.1724137931,1.0000000,1,1,0.50665070000000000,0.506650700000,0.9867858985152569,0.9867858985152569,0.9867858985152569,0E-17,ELIGIBLE,R03b_20260811_FULL_v1,L1_ELIGIBILITY,v2026-08-11,2026-03-21..2026-08-06,baccarat_bet02_101_all_pairs_incl_sentinel,round_win = game_pnl > 0 (decisive only),COMPATIBILITY_ONLY_NOT_PRODUCTION,16452.7331,14666.5969,-61.6123,31,31,0.00374480,,0.00374480,0.00374480,61.6123,16452.7331,OK,0.0000,-2.4645,4.0000,96.0000,AG03-UNRESOLVED,ALL5_LEVELS_bet23_to_bet27,-2.4645,-2.4645,-3.0806,-3.0806,-3.0806,4.000000,4.000000,5.000000,5.000000,5.000000,96.000000,96.000000,95.000000,95.000000,95.000000,5.0,-14.1708,-12.9289,-47.4415,-48.6834,PENDING_AG03,FALSE,NOT_FOR_ENFORCEMENT,-59.1478,14079.9330,-61.6123,-59.1478,-2.4645,-0.00374480,-0.00359501,-2.4645,-59.1478,-0.00359501,-2.4645,-2.4645,-3.0806,-3.0806,-3.0806,-59.1478,-0.00359501,-14.1708,-12.9289,-47.4415,-48.6834,-0.00288350,-0.00295898,-0.00014979,530.7333,473.1160,-1.9875,-10.2687,-2.4645,2742.1222,5.1667,,530.7333,344.8276,683.9945,683.9945,689.6552,689.6552,689.6552,683.9945,13.7931,1.008276,1.008276,0.775932,19,20,5,2,0E-8,-0.00374480,,0E-8,0.000000,0.891438,0.000000,,2026-04-17,2026-07-01,6,25,24,76,0.078947,,,0.000000,,,,,,,,GLOBAL_BASELINE_NO_ENTITY_RANKING,,,NOT_APPLICABLE_GLOBAL_BASELINE,HF9g-P5,,,,X 全窗基线 · 不参与实体赏罚,3927591,393,A168_HF9F_20260827_0900,2026-08-27 09:00:00
2026-04-18,148806143,1985,0,689.6551724138,0E-10,0E-10,,1,1,0.50665070000000000,0.506650700000,,,,0E-17,NO_DECISIVE_ROUND,R03b_20260811_FULL_v1,L1_ELIGIBILITY,v2026-08-11,2026-03-21..2026-08-06,baccarat_bet02_101_all_pairs_incl_sentinel,round_win = game_pnl > 0 (decisive only),COMPATIBILITY_ONLY_NOT_PRODUCTION,16452.7331,14666.5969,-61.6123,31,31,0.00374480,,0.00374480,0.00374480,61.6123,16452.7331,OK,0.0000,-2.4645,4.0000,96.0000,AG03-UNRESOLVED,ALL5_LEVELS_bet23_to_bet27,-2.4645,-2.4645,-3.0806,-3.0806,-3.0806,4.000000,4.000000,5.000000,5.000000,5.000000,96.000000,96.000000,95.000000,95.000000,95.000000,5.0,-14.1708,-12.9289,-47.4415,-48.6834,PENDING_AG03,FALSE,NOT_FOR_ENFORCEMENT,-59.1478,14079.9330,-61.6123,-59.1478,-2.4645,-0.00374480,-0.00359501,-2.4645,-59.1478,-0.00359501,-2.4645,-2.4645,-3.0806,-3.0806,-3.0806,-59.1478,-0.00359501,-14.1708,-12.9289,-47.4415,-48.6834,-0.00288350,-0.00295898,-0.00014979,530.7333,473.1160,-1.9875,-10.2687,-2.4645,2742.1222,5.1667,,530.7333,344.8276,683.9945,683.9945,689.6552,689.6552,689.6552,683.9945,13.7931,1.008276,1.008276,0.775932,19,20,5,2,0E-8,-0.00374480,,0E-8,0.000000,0.891438,0.000000,,2026-04-17,2026-07-01,6,25,24,76,0.078947,,,0.000000,,,,,,,,GLOBAL_BASELINE_NO_ENTITY_RANKING,,,NOT_APPLICABLE_GLOBAL_BASELINE,HF9g-P5,,,,X 全窗基线 · 不参与实体赏罚,3927592,393,A168_HF9F_20260827_0900,2026-08-27 09:00:00
2026-04-18,148806143,2201,0,344.8275862069,327.5862068966,327.5862068966,1.0000000,1,1,0.50665070000000000,0.506650700000,0.9867858985152569,0.9867858985152569,0.9867858985152569,0E-17,ELIGIBLE,R03b_20260811_FULL_v1,L1_ELIGIBILITY,v2026-08-11,2026-03-21..2026-08-06,baccarat_bet02_101_all_pairs_incl_sentinel,round_win = game_pnl > 0 (decisive only),COMPATIBILITY_ONLY_NOT_PRODUCTION,16452.7331,14666.5969,-61.6123,31,31,0.00374480,,0.00374480,0.00374480,61.6123,16452.7331,OK,0.0000,-2.4645,4.0000,96.0000,AG03-UNRESOLVED,ALL5_LEVELS_bet23_to_bet27,-2.4645,-2.4645,-3.0806,-3.0806,-3.0806,4.000000,4.000000,5.000000,5.000000,5.000000,96.000000,96.000000,95.000000,95.000000,95.000000,5.0,-14.1708,-12.9289,-47.4415,-48.6834,PENDING_AG03,FALSE,NOT_FOR_ENFORCEMENT,-59.1478,14079.9330,-61.6123,-59.1478,-2.4645,-0.00374480,-0.00359501,-2.4645,-59.1478,-0.00359501,-2.4645,-2.4645,-3.0806,-3.0806,-3.0806,-59.1478,-0.00359501,-14.1708,-12.9289,-47.4415,-48.6834,-0.00288350,-0.00295898,-0.00014979,530.7333,473.1160,-1.9875,-10.2687,-2.4645,2742.1222,5.1667,,530.7333,344.8276,683.9945,683.9945,689.6552,689.6552,689.6552,683.9945,13.7931,1.008276,1.008276,0.775932,19,20,5,2,0E-8,-0.00374480,,0E-8,0.000000,0.891438,0.000000,,2026-04-17,2026-07-01,6,25,24,76,0.078947,,,0.000000,,,,,,,,GLOBAL_BASELINE_NO_ENTITY_RANKING,,,NOT_APPLICABLE_GLOBAL_BASELINE,HF9g-P5,,,,X 全窗基线 · 不参与实体赏罚,3927593,393,A168_HF9F_20260827_0900,2026-08-27 09:00:00
2026-04-18,148806143,2205,0,689.6551724138,655.1724137931,655.1724137931,1.0000000,1,1,0.50665070000000000,0.506650700000,0.9867858985152569,0.9867858985152569,0.9867858985152569,0E-17,ELIGIBLE,R03b_20260811_FULL_v1,L1_ELIGIBILITY,v2026-08-11,2026-03-21..2026-08-06,baccarat_bet02_101_all_pairs_incl_sentinel,round_win = game_pnl > 0 (decisive only),COMPATIBILITY_ONLY_NOT_PRODUCTION,16452.7331,14666.5969,-61.6123,31,31,0.00374480,,0.00374480,0.00374480,61.6123,16452.7331,OK,0.0000,-2.4645,4.0000,96.0000,AG03-UNRESOLVED,ALL5_LEVELS_bet23_to_bet27,-2.4645,-2.4645,-3.0806,-3.0806,-3.0806,4.000000,4.000000,5.000000,5.000000,5.000000,96.000000,96.000000,95.000000,95.000000,95.000000,5.0,-14.1708,-12.9289,-47.4415,-48.6834,PENDING_AG03,FALSE,NOT_FOR_ENFORCEMENT,-59.1478,14079.9330,-61.6123,-59.1478,-2.4645,-0.00374480,-0.00359501,-2.4645,-59.1478,-0.00359501,-2.4645,-2.4645,-3.0806,-3.0806,-3.0806,-59.1478,-0.00359501,-14.1708,-12.9289,-47.4415,-48.6834,-0.00288350,-0.00295898,-0.00014979,530.7333,473.1160,-1.9875,-10.2687,-2.4645,2742.1222,5.1667,,530.7333,344.8276,683.9945,683.9945,689.6552,689.6552,689.6552,683.9945,13.7931,1.008276,1.008276,0.775932,19,20,5,2,0E-8,-0.00374480,,0E-8,0.000000,0.891438,0.000000,,2026-04-17,2026-07-01,6,25,24,76,0.078947,,,0.000000,,,,,,,,GLOBAL_BASELINE_NO_ENTITY_RANKING,,,NOT_APPLICABLE_GLOBAL_BASELINE,HF9g-P5,,,,X 全窗基线 · 不参与实体赏罚,3927594,393,A168_HF9F_20260827_0900,2026-08-27 09:00:00
2026-05-01,148806143,-1,1,1367.9890560876,1299.5896032832,1299.5896032832,1.0000000,2,2,0.50665070000000000,0.506650700000,1.3955260008387969,1.3955260008387969,1.3955260008387969,0E-17,SENTINEL_DEALER,R03b_20260811_FULL_v1,L1_ELIGIBILITY,v2026-08-11,2026-03-21..2026-08-06,baccarat_bet02_101_all_pairs_incl_sentinel,round_win = game_pnl > 0 (decisive only),COMPATIBILITY_ONLY_NOT_PRODUCTION,16452.7331,14666.5969,-61.6123,31,31,0.00374480,,0.00374480,0.00374480,61.6123,16452.7331,OK,0.0000,-2.4645,4.0000,96.0000,AG03-UNRESOLVED,ALL5_LEVELS_bet23_to_bet27,-2.4645,-2.4645,-3.0806,-3.0806,-3.0806,4.000000,4.000000,5.000000,5.000000,5.000000,96.000000,96.000000,95.000000,95.000000,95.000000,5.0,-14.1708,-12.9289,-47.4415,-48.6834,PENDING_AG03,FALSE,NOT_FOR_ENFORCEMENT,-59.1478,14079.9330,-61.6123,-59.1478,-2.4645,-0.00374480,-0.00359501,-2.4645,-59.1478,-0.00359501,-2.4645,-2.4645,-3.0806,-3.0806,-3.0806,-59.1478,-0.00359501,-14.1708,-12.9289,-47.4415,-48.6834,-0.00288350,-0.00295898,-0.00014979,530.7333,473.1160,-1.9875,-10.2687,-2.4645,2742.1222,5.1667,,530.7333,344.8276,683.9945,683.9945,689.6552,689.6552,689.6552,683.9945,13.7931,1.008276,1.008276,0.775932,19,20,5,2,0E-8,-0.00374480,,0E-8,0.000000,0.891438,0.000000,,2026-04-17,2026-07-01,6,25,24,76,0.078947,,,0.000000,,,,,,,,GLOBAL_BASELINE_NO_ENTITY_RANKING,,,NOT_APPLICABLE_GLOBAL_BASELINE,HF9g-P5,,,,X 全窗基线 · 不参与实体赏罚,3927595,393,A168_HF9F_20260827_0900,2026-08-27 09:00:00
2026-05-01,148806143,1353,0,683.9945280438,-683.9945280438,-683.9945280438,0E-7,1,1,0.50665070000000000,0.506650700000,-1.013391052207602,-1.013391052207602,-1.013391052207602,0E-17,ELIGIBLE,R03b_20260811_FULL_v1,L1_ELIGIBILITY,v2026-08-11,2026-03-21..2026-08-06,baccarat_bet02_101_all_pairs_incl_sentinel,round_win = game_pnl > 0 (decisive only),COMPATIBILITY_ONLY_NOT_PRODUCTION,16452.7331,14666.5969,-61.6123,31,31,0.00374480,,0.00374480,0.00374480,61.6123,16452.7331,OK,0.0000,-2.4645,4.0000,96.0000,AG03-UNRESOLVED,ALL5_LEVELS_bet23_to_bet27,-2.4645,-2.4645,-3.0806,-3.0806,-3.0806,4.000000,4.000000,5.000000,5.000000,5.000000,96.000000,96.000000,95.000000,95.000000,95.000000,5.0,-14.1708,-12.9289,-47.4415,-48.6834,PENDING_AG03,FALSE,NOT_FOR_ENFORCEMENT,-59.1478,14079.9330,-61.6123,-59.1478,-2.4645,-0.00374480,-0.00359501,-2.4645,-59.1478,-0.00359501,-2.4645,-2.4645,-3.0806,-3.0806,-3.0806,-59.1478,-0.00359501,-14.1708,-12.9289,-47.4415,-48.6834,-0.00288350,-0.00295898,-0.00014979,530.7333,473.1160,-1.9875,-10.2687,-2.4645,2742.1222,5.1667,,530.7333,344.8276,683.9945,683.9945,689.6552,689.6552,689.6552,683.9945,13.7931,1.008276,1.008276,0.775932,19,20,5,2,0E-8,-0.00374480,,0E-8,0.000000,0.891438,0.000000,,2026-04-17,2026-07-01,6,25,24,76,0.078947,,,0.000000,,,,,,,,GLOBAL_BASELINE_NO_ENTITY_RANKING,,,NOT_APPLICABLE_GLOBAL_BASELINE,HF9g-P5,,,,X 全窗基线 · 不参与实体赏罚,3927596,393,A168_HF9F_20260827_0900,2026-08-27 09:00:00
2026-05-01,148806143,2196,0,683.9945280438,-683.9945280438,-683.9945280438,0E-7,1,1,0.49324550000000000,0.493245500000,-0.9865810262130424,-0.9865810262130424,-0.9865810262130424,0E-17,ELIGIBLE,R03b_20260811_FULL_v1,L1_ELIGIBILITY,v2026-08-11,2026-03-21..2026-08-06,baccarat_bet02_101_all_pairs_incl_sentinel,round_win = game_pnl > 0 (decisive only),COMPATIBILITY_ONLY_NOT_PRODUCTION,16452.7331,14666.5969,-61.6123,31,31,0.00374480,,0.00374480,0.00374480,61.6123,16452.7331,OK,0.0000,-2.4645,4.0000,96.0000,AG03-UNRESOLVED,ALL5_LEVELS_bet23_to_bet27,-2.4645,-2.4645,-3.0806,-3.0806,-3.0806,4.000000,4.000000,5.000000,5.000000,5.000000,96.000000,96.000000,95.000000,95.000000,95.000000,5.0,-14.1708,-12.9289,-47.4415,-48.6834,PENDING_AG03,FALSE,NOT_FOR_ENFORCEMENT,-59.1478,14079.9330,-61.6123,-59.1478,-2.4645,-0.00374480,-0.00359501,-2.4645,-59.1478,-0.00359501,-2.4645,-2.4645,-3.0806,-3.0806,-3.0806,-59.1478,-0.00359501,-14.1708,-12.9289,-47.4415,-48.6834,-0.00288350,-0.00295898,-0.00014979,530.7333,473.1160,-1.9875,-10.2687,-2.4645,2742.1222,5.1667,,530.7333,344.8276,683.9945,683.9945,689.6552,689.6552,689.6552,683.9945,13.7931,1.008276,1.008276,0.775932,19,20,5,2,0E-8,-0.00374480,,0E-8,0.000000,0.891438,0.000000,,2026-04-17,2026-07-01,6,25,24,76,0.078947,,,0.000000,,,,,,,,GLOBAL_BASELINE_NO_ENTITY_RANKING,,,NOT_APPLICABLE_GLOBAL_BASELINE,HF9g-P5,,,,X 全窗基线 · 不参与实体赏罚,3927597,393,A168_HF9F_20260827_0900,2026-08-27 09:00:00
2026-05-01,148806143,2223,0,683.9945280438,683.9945280438,683.9945280438,1.0000000,1,1,0.49324550000000000,0.493245500000,1.01360149184955,1.01360149184955,1.01360149184955,0E-17,ELIGIBLE,R03b_20260811_FULL_v1,L1_ELIGIBILITY,v2026-08-11,2026-03-21..2026-08-06,baccarat_bet02_101_all_pairs_incl_sentinel,round_win = game_pnl > 0 (decisive only),COMPATIBILITY_ONLY_NOT_PRODUCTION,16452.7331,14666.5969,-61.6123,31,31,0.00374480,,0.00374480,0.00374480,61.6123,16452.7331,OK,0.0000,-2.4645,4.0000,96.0000,AG03-UNRESOLVED,ALL5_LEVELS_bet23_to_bet27,-2.4645,-2.4645,-3.0806,-3.0806,-3.0806,4.000000,4.000000,5.000000,5.000000,5.000000,96.000000,96.000000,95.000000,95.000000,95.000000,5.0,-14.1708,-12.9289,-47.4415,-48.6834,PENDING_AG03,FALSE,NOT_FOR_ENFORCEMENT,-59.1478,14079.9330,-61.6123,-59.1478,-2.4645,-0.00374480,-0.00359501,-2.4645,-59.1478,-0.00359501,-2.4645,-2.4645,-3.0806,-3.0806,-3.0806,-59.1478,-0.00359501,-14.1708,-12.9289,-47.4415,-48.6834,-0.00288350,-0.00295898,-0.00014979,530.7333,473.1160,-1.9875,-10.2687,-2.4645,2742.1222,5.1667,,530.7333,344.8276,683.9945,683.9945,689.6552,689.6552,689.6552,683.9945,13.7931,1.008276,1.008276,0.775932,19,20,5,2,0E-8,-0.00374480,,0E-8,0.000000,0.891438,0.000000,,2026-04-17,2026-07-01,6,25,24,76,0.078947,,,0.000000,,,,,,,,GLOBAL_BASELINE_NO_ENTITY_RANKING,,,NOT_APPLICABLE_GLOBAL_BASELINE,HF9g-P5,,,,X 全窗基线 · 不参与实体赏罚,3927598,393,A168_HF9F_20260827_0900,2026-08-27 09:00:00
2026-05-01,148806143,948,0,683.9945280438,683.9945280438,683.9945280438,1.0000000,1,1,0.49324550000000000,0.493245500000,1.01360149184955,1.01360149184955,1.01360149184955,0E-17,ELIGIBLE,R03b_20260811_FULL_v1,L1_ELIGIBILITY,v2026-08-11,2026-03-21..2026-08-06,baccarat_bet02_101_all_pairs_incl_sentinel,round_win = game_pnl > 0 (decisive only),COMPATIBILITY_ONLY_NOT_PRODUCTION,16452.7331,14666.5969,-61.6123,31,31,0.00374480,,0.00374480,0.00374480,61.6123,16452.7331,OK,0.0000,-2.4645,4.0000,96.0000,AG03-UNRESOLVED,ALL5_LEVELS_bet23_to_bet27,-2.4645,-2.4645,-3.0806,-3.0806,-3.0806,4.000000,4.000000,5.000000,5.000000,5.000000,96.000000,96.000000,95.000000,95.000000,95.000000,5.0,-14.1708,-12.9289,-47.4415,-48.6834,PENDING_AG03,FALSE,NOT_FOR_ENFORCEMENT,-59.1478,14079.9330,-61.6123,-59.1478,-2.4645,-0.00374480,-0.00359501,-2.4645,-59.1478,-0.00359501,-2.4645,-2.4645,-3.0806,-3.0806,-3.0806,-59.1478,-0.00359501,-14.1708,-12.9289,-47.4415,-48.6834,-0.00288350,-0.00295898,-0.00014979,530.7333,473.1160,-1.9875,-10.2687,-2.4645,2742.1222,5.1667,,530.7333,344.8276,683.9945,683.9945,689.6552,689.6552,689.6552,683.9945,13.7931,1.008276,1.008276,0.775932,19,20,5,2,0E-8,-0.00374480,,0E-8,0.000000,0.891438,0.000000,,2026-04-17,2026-07-01,6,25,24,76,0.078947,,,0.000000,,,,,,,,GLOBAL_BASELINE_NO_ENTITY_RANKING,,,NOT_APPLICABLE_GLOBAL_BASELINE,HF9g-P5,,,,X 全窗基线 · 不参与实体赏罚,3927599,393,A168_HF9F_20260827_0900,2026-08-27 09:00:00
2026-05-02,148806143,1307,0,683.9945280438,-683.9945280438,-683.9945280438,0E-7,1,1,0.50665070000000000,0.506650700000,-1.013391052207602,-1.013391052207602,-1.013391052207602,0E-17,ELIGIBLE,R03b_20260811_FULL_v1,L1_ELIGIBILITY,v2026-08-11,2026-03-21..2026-08-06,baccarat_bet02_101_all_pairs_incl_sentinel,round_win = game_pnl > 0 (decisive only),COMPATIBILITY_ONLY_NOT_PRODUCTION,16452.7331,14666.5969,-61.6123,31,31,0.00374480,,0.00374480,0.00374480,61.6123,16452.7331,OK,0.0000,-2.4645,4.0000,96.0000,AG03-UNRESOLVED,ALL5_LEVELS_bet23_to_bet27,-2.4645,-2.4645,-3.0806,-3.0806,-3.0806,4.000000,4.000000,5.000000,5.000000,5.000000,96.000000,96.000000,95.000000,95.000000,95.000000,5.0,-14.1708,-12.9289,-47.4415,-48.6834,PENDING_AG03,FALSE,NOT_FOR_ENFORCEMENT,-59.1478,14079.9330,-61.6123,-59.1478,-2.4645,-0.00374480,-0.00359501,-2.4645,-59.1478,-0.00359501,-2.4645,-2.4645,-3.0806,-3.0806,-3.0806,-59.1478,-0.00359501,-14.1708,-12.9289,-47.4415,-48.6834,-0.00288350,-0.00295898,-0.00014979,530.7333,473.1160,-1.9875,-10.2687,-2.4645,2742.1222,5.1667,,530.7333,344.8276,683.9945,683.9945,689.6552,689.6552,689.6552,683.9945,13.7931,1.008276,1.008276,0.775932,19,20,5,2,0E-8,-0.00374480,,0E-8,0.000000,0.891438,0.000000,,2026-04-17,2026-07-01,6,25,24,76,0.078947,,,0.000000,,,,,,,,GLOBAL_BASELINE_NO_ENTITY_RANKING,,,NOT_APPLICABLE_GLOBAL_BASELINE,HF9g-P5,,,,X 全窗基线 · 不参与实体赏罚,3927600,393,A168_HF9F_20260827_0900,2026-08-27 09:00:00
2026-05-02,148806143,1331,0,683.9945280438,-683.9945280438,-683.9945280438,0E-7,1,1,0.50665070000000000,0.506650700000,-1.013391052207602,-1.013391052207602,-1.013391052207602,0E-17,ELIGIBLE,R03b_20260811_FULL_v1,L1_ELIGIBILITY,v2026-08-11,2026-03-21..2026-08-06,baccarat_bet02_101_all_pairs_incl_sentinel,round_win = game_pnl > 0 (decisive only),COMPATIBILITY_ONLY_NOT_PRODUCTION,16452.7331,14666.5969,-61.6123,31,31,0.00374480,,0.00374480,0.00374480,61.6123,16452.7331,OK,0.0000,-2.4645,4.0000,96.0000,AG03-UNRESOLVED,ALL5_LEVELS_bet23_to_bet27,-2.4645,-2.4645,-3.0806,-3.0806,-3.0806,4.000000,4.000000,5.000000,5.000000,5.000000,96.000000,96.000000,95.000000,95.000000,95.000000,5.0,-14.1708,-12.9289,-47.4415,-48.6834,PENDING_AG03,FALSE,NOT_FOR_ENFORCEMENT,-59.1478,14079.9330,-61.6123,-59.1478,-2.4645,-0.00374480,-0.00359501,-2.4645,-59.1478,-0.00359501,-2.4645,-2.4645,-3.0806,-3.0806,-3.0806,-59.1478,-0.00359501,-14.1708,-12.9289,-47.4415,-48.6834,-0.00288350,-0.00295898,-0.00014979,530.7333,473.1160,-1.9875,-10.2687,-2.4645,2742.1222,5.1667,,530.7333,344.8276,683.9945,683.9945,689.6552,689.6552,689.6552,683.9945,13.7931,1.008276,1.008276,0.775932,19,20,5,2,0E-8,-0.00374480,,0E-8,0.000000,0.891438,0.000000,,2026-04-17,2026-07-01,6,25,24,76,0.078947,,,0.000000,,,,,,,,GLOBAL_BASELINE_NO_ENTITY_RANKING,,,NOT_APPLICABLE_GLOBAL_BASELINE,HF9g-P5,,,,X 全窗基线 · 不参与实体赏罚,3927601,393,A168_HF9F_20260827_0900,2026-08-27 09:00:00
2026-05-02,148806143,1714,0,683.9945280438,-683.9945280438,-683.9945280438,0E-7,1,1,0.49324550000000000,0.493245500000,-0.9865810262130424,-0.9865810262130424,-0.9865810262130424,0E-17,ELIGIBLE,R03b_20260811_FULL_v1,L1_ELIGIBILITY,v2026-08-11,2026-03-21..2026-08-06,baccarat_bet02_101_all_pairs_incl_sentinel,round_win = game_pnl > 0 (decisive only),COMPATIBILITY_ONLY_NOT_PRODUCTION,16452.7331,14666.5969,-61.6123,31,31,0.00374480,,0.00374480,0.00374480,61.6123,16452.7331,OK,0.0000,-2.4645,4.0000,96.0000,AG03-UNRESOLVED,ALL5_LEVELS_bet23_to_bet27,-2.4645,-2.4645,-3.0806,-3.0806,-3.0806,4.000000,4.000000,5.000000,5.000000,5.000000,96.000000,96.000000,95.000000,95.000000,95.000000,5.0,-14.1708,-12.9289,-47.4415,-48.6834,PENDING_AG03,FALSE,NOT_FOR_ENFORCEMENT,-59.1478,14079.9330,-61.6123,-59.1478,-2.4645,-0.00374480,-0.00359501,-2.4645,-59.1478,-0.00359501,-2.4645,-2.4645,-3.0806,-3.0806,-3.0806,-59.1478,-0.00359501,-14.1708,-12.9289,-47.4415,-48.6834,-0.00288350,-0.00295898,-0.00014979,530.7333,473.1160,-1.9875,-10.2687,-2.4645,2742.1222,5.1667,,530.7333,344.8276,683.9945,683.9945,689.6552,689.6552,689.6552,683.9945,13.7931,1.008276,1.008276,0.775932,19,20,5,2,0E-8,-0.00374480,,0E-8,0.000000,0.891438,0.000000,,2026-04-17,2026-07-01,6,25,24,76,0.078947,,,0.000000,,,,,,,,GLOBAL_BASELINE_NO_ENTITY_RANKING,,,NOT_APPLICABLE_GLOBAL_BASELINE,HF9g-P5,,,,X 全窗基线 · 不参与实体赏罚,3927602,393,A168_HF9F_20260827_0900,2026-08-27 09:00:00
2026-05-02,148806143,2188,0,683.9945280438,-683.9945280438,-683.9945280438,0E-7,1,1,0.49324550000000000,0.493245500000,-0.9865810262130424,-0.9865810262130424,-0.9865810262130424,0E-17,ELIGIBLE,R03b_20260811_FULL_v1,L1_ELIGIBILITY,v2026-08-11,2026-03-21..2026-08-06,baccarat_bet02_101_all_pairs_incl_sentinel,round_win = game_pnl > 0 (decisive only),COMPATIBILITY_ONLY_NOT_PRODUCTION,16452.7331,14666.5969,-61.6123,31,31,0.00374480,,0.00374480,0.00374480,61.6123,16452.7331,OK,0.0000,-2.4645,4.0000,96.0000,AG03-UNRESOLVED,ALL5_LEVELS_bet23_to_bet27,-2.4645,-2.4645,-3.0806,-3.0806,-3.0806,4.000000,4.000000,5.000000,5.000000,5.000000,96.000000,96.000000,95.000000,95.000000,95.000000,5.0,-14.1708,-12.9289,-47.4415,-48.6834,PENDING_AG03,FALSE,NOT_FOR_ENFORCEMENT,-59.1478,14079.9330,-61.6123,-59.1478,-2.4645,-0.00374480,-0.00359501,-2.4645,-59.1478,-0.00359501,-2.4645,-2.4645,-3.0806,-3.0806,-3.0806,-59.1478,-0.00359501,-14.1708,-12.9289,-47.4415,-48.6834,-0.00288350,-0.00295898,-0.00014979,530.7333,473.1160,-1.9875,-10.2687,-2.4645,2742.1222,5.1667,,530.7333,344.8276,683.9945,683.9945,689.6552,689.6552,689.6552,683.9945,13.7931,1.008276,1.008276,0.775932,19,20,5,2,0E-8,-0.00374480,,0E-8,0.000000,0.891438,0.000000,,2026-04-17,2026-07-01,6,25,24,76,0.078947,,,0.000000,,,,,,,,GLOBAL_BASELINE_NO_ENTITY_RANKING,,,NOT_APPLICABLE_GLOBAL_BASELINE,HF9g-P5,,,,X 全窗基线 · 不参与实体赏罚,3927603,393,A168_HF9F_20260827_0900,2026-08-27 09:00:00
2026-05-02,148806143,2209,0,683.9945280438,-683.9945280438,-683.9945280438,0E-7,1,1,0.49324550000000000,0.493245500000,-0.9865810262130424,-0.9865810262130424,-0.9865810262130424,0E-17,ELIGIBLE,R03b_20260811_FULL_v1,L1_ELIGIBILITY,v2026-08-11,2026-03-21..2026-08-06,baccarat_bet02_101_all_pairs_incl_sentinel,round_win = game_pnl > 0 (decisive only),COMPATIBILITY_ONLY_NOT_PRODUCTION,16452.7331,14666.5969,-61.6123,31,31,0.00374480,,0.00374480,0.00374480,61.6123,16452.7331,OK,0.0000,-2.4645,4.0000,96.0000,AG03-UNRESOLVED,ALL5_LEVELS_bet23_to_bet27,-2.4645,-2.4645,-3.0806,-3.0806,-3.0806,4.000000,4.000000,5.000000,5.000000,5.000000,96.000000,96.000000,95.000000,95.000000,95.000000,5.0,-14.1708,-12.9289,-47.4415,-48.6834,PENDING_AG03,FALSE,NOT_FOR_ENFORCEMENT,-59.1478,14079.9330,-61.6123,-59.1478,-2.4645,-0.00374480,-0.00359501,-2.4645,-59.1478,-0.00359501,-2.4645,-2.4645,-3.0806,-3.0806,-3.0806,-59.1478,-0.00359501,-14.1708,-12.9289,-47.4415,-48.6834,-0.00288350,-0.00295898,-0.00014979,530.7333,473.1160,-1.9875,-10.2687,-2.4645,2742.1222,5.1667,,530.7333,344.8276,683.9945,683.9945,689.6552,689.6552,689.6552,683.9945,13.7931,1.008276,1.008276,0.775932,19,20,5,2,0E-8,-0.00374480,,0E-8,0.000000,0.891438,0.000000,,2026-04-17,2026-07-01,6,25,24,76,0.078947,,,0.000000,,,,,,,,GLOBAL_BASELINE_NO_ENTITY_RANKING,,,NOT_APPLICABLE_GLOBAL_BASELINE,HF9g-P5,,,,X 全窗基线 · 不参与实体赏罚,3927604,393,A168_HF9F_20260827_0900,2026-08-27 09:00:00
2026-05-02,148806143,2233,0,683.9945280438,0E-10,0E-10,,1,1,0.49324550000000000,0.493245500000,,,,0E-17,NO_DECISIVE_ROUND,R03b_20260811_FULL_v1,L1_ELIGIBILITY,v2026-08-11,2026-03-21..2026-08-06,baccarat_bet02_101_all_pairs_incl_sentinel,round_win = game_pnl > 0 (decisive only),COMPATIBILITY_ONLY_NOT_PRODUCTION,16452.7331,14666.5969,-61.6123,31,31,0.00374480,,0.00374480,0.00374480,61.6123,16452.7331,OK,0.0000,-2.4645,4.0000,96.0000,AG03-UNRESOLVED,ALL5_LEVELS_bet23_to_bet27,-2.4645,-2.4645,-3.0806,-3.0806,-3.0806,4.000000,4.000000,5.000000,5.000000,5.000000,96.000000,96.000000,95.000000,95.000000,95.000000,5.0,-14.1708,-12.9289,-47.4415,-48.6834,PENDING_AG03,FALSE,NOT_FOR_ENFORCEMENT,-59.1478,14079.9330,-61.6123,-59.1478,-2.4645,-0.00374480,-0.00359501,-2.4645,-59.1478,-0.00359501,-2.4645,-2.4645,-3.0806,-3.0806,-3.0806,-59.1478,-0.00359501,-14.1708,-12.9289,-47.4415,-48.6834,-0.00288350,-0.00295898,-0.00014979,530.7333,473.1160,-1.9875,-10.2687,-2.4645,2742.1222,5.1667,,530.7333,344.8276,683.9945,683.9945,689.6552,689.6552,689.6552,683.9945,13.7931,1.008276,1.008276,0.775932,19,20,5,2,0E-8,-0.00374480,,0E-8,0.000000,0.891438,0.000000,,2026-04-17,2026-07-01,6,25,24,76,0.078947,,,0.000000,,,,,,,,GLOBAL_BASELINE_NO_ENTITY_RANKING,,,NOT_APPLICABLE_GLOBAL_BASELINE,HF9g-P5,,,,X 全窗基线 · 不参与实体赏罚,3927605,393,A168_HF9F_20260827_0900,2026-08-27 09:00:00
2026-05-02,148806143,772,0,1367.9890560876,0E-10,0E-10,0.5000000,2,2,0.49324550000000000,0.493245500000,0.01910635448239258,0.01910635448239258,0.01910635448239258,0E-17,ELIGIBLE,R03b_20260811_FULL_v1,L1_ELIGIBILITY,v2026-08-11,2026-03-21..2026-08-06,baccarat_bet02_101_all_pairs_incl_sentinel,round_win = game_pnl > 0 (decisive only),COMPATIBILITY_ONLY_NOT_PRODUCTION,16452.7331,14666.5969,-61.6123,31,31,0.00374480,,0.00374480,0.00374480,61.6123,16452.7331,OK,0.0000,-2.4645,4.0000,96.0000,AG03-UNRESOLVED,ALL5_LEVELS_bet23_to_bet27,-2.4645,-2.4645,-3.0806,-3.0806,-3.0806,4.000000,4.000000,5.000000,5.000000,5.000000,96.000000,96.000000,95.000000,95.000000,95.000000,5.0,-14.1708,-12.9289,-47.4415,-48.6834,PENDING_AG03,FALSE,NOT_FOR_ENFORCEMENT,-59.1478,14079.9330,-61.6123,-59.1478,-2.4645,-0.00374480,-0.00359501,-2.4645,-59.1478,-0.00359501,-2.4645,-2.4645,-3.0806,-3.0806,-3.0806,-59.1478,-0.00359501,-14.1708,-12.9289,-47.4415,-48.6834,-0.00288350,-0.00295898,-0.00014979,530.7333,473.1160,-1.9875,-10.2687,-2.4645,2742.1222,5.1667,,530.7333,344.8276,683.9945,683.9945,689.6552,689.6552,689.6552,683.9945,13.7931,1.008276,1.008276,0.775932,19,20,5,2,0E-8,-0.00374480,,0E-8,0.000000,0.891438,0.000000,,2026-04-17,2026-07-01,6,25,24,76,0.078947,,,0.000000,,,,,,,,GLOBAL_BASELINE_NO_ENTITY_RANKING,,,NOT_APPLICABLE_GLOBAL_BASELINE,HF9g-P5,,,,X 全窗基线 · 不参与实体赏罚,3927606,393,A168_HF9F_20260827_0900,2026-08-27 09:00:00
2026-06-14,148806143,-1,1,67.6589986468,0E-10,0E-10,,1,1,0.50665070000000000,0.506650700000,,,,0E-17,SENTINEL_DEALER,R03b_20260811_FULL_v1,L1_ELIGIBILITY,v2026-08-11,2026-03-21..2026-08-06,baccarat_bet02_101_all_pairs_incl_sentinel,round_win = game_pnl > 0 (decisive only),COMPATIBILITY_ONLY_NOT_PRODUCTION,16452.7331,14666.5969,-61.6123,31,31,0.00374480,,0.00374480,0.00374480,61.6123,16452.7331,OK,0.0000,-2.4645,4.0000,96.0000,AG03-UNRESOLVED,ALL5_LEVELS_bet23_to_bet27,-2.4645,-2.4645,-3.0806,-3.0806,-3.0806,4.000000,4.000000,5.000000,5.000000,5.000000,96.000000,96.000000,95.000000,95.000000,95.000000,5.0,-14.1708,-12.9289,-47.4415,-48.6834,PENDING_AG03,FALSE,NOT_FOR_ENFORCEMENT,-59.1478,14079.9330,-61.6123,-59.1478,-2.4645,-0.00374480,-0.00359501,-2.4645,-59.1478,-0.00359501,-2.4645,-2.4645,-3.0806,-3.0806,-3.0806,-59.1478,-0.00359501,-14.1708,-12.9289,-47.4415,-48.6834,-0.00288350,-0.00295898,-0.00014979,530.7333,473.1160,-1.9875,-10.2687,-2.4645,2742.1222,5.1667,,530.7333,344.8276,683.9945,683.9945,689.6552,689.6552,689.6552,683.9945,13.7931,1.008276,1.008276,0.775932,19,20,5,2,0E-8,-0.00374480,,0E-8,0.000000,0.891438,0.000000,,2026-04-17,2026-07-01,6,25,24,76,0.078947,,,0.000000,,,,,,,,GLOBAL_BASELINE_NO_ENTITY_RANKING,,,NOT_APPLICABLE_GLOBAL_BASELINE,HF9g-P5,,,,X 全窗基线 · 不参与实体赏罚,3927607,393,A168_HF9F_20260827_0900,2026-08-27 09:00:00
2026-06-14,148806143,1110,0,67.6589986468,64.2760487145,64.2760487145,1.0000000,1,1,0.50665070000000000,0.506650700000,0.9867858985152569,0.9867858985152569,0.9867858985152569,0E-17,ELIGIBLE,R03b_20260811_FULL_v1,L1_ELIGIBILITY,v2026-08-11,2026-03-21..2026-08-06,baccarat_bet02_101_all_pairs_incl_sentinel,round_win = game_pnl > 0 (decisive only),COMPATIBILITY_ONLY_NOT_PRODUCTION,16452.7331,14666.5969,-61.6123,31,31,0.00374480,,0.00374480,0.00374480,61.6123,16452.7331,OK,0.0000,-2.4645,4.0000,96.0000,AG03-UNRESOLVED,ALL5_LEVELS_bet23_to_bet27,-2.4645,-2.4645,-3.0806,-3.0806,-3.0806,4.000000,4.000000,5.000000,5.000000,5.000000,96.000000,96.000000,95.000000,95.000000,95.000000,5.0,-14.1708,-12.9289,-47.4415,-48.6834,PENDING_AG03,FALSE,NOT_FOR_ENFORCEMENT,-59.1478,14079.9330,-61.6123,-59.1478,-2.4645,-0.00374480,-0.00359501,-2.4645,-59.1478,-0.00359501,-2.4645,-2.4645,-3.0806,-3.0806,-3.0806,-59.1478,-0.00359501,-14.1708,-12.9289,-47.4415,-48.6834,-0.00288350,-0.00295898,-0.00014979,530.7333,473.1160,-1.9875,-10.2687,-2.4645,2742.1222,5.1667,,530.7333,344.8276,683.9945,683.9945,689.6552,689.6552,689.6552,683.9945,13.7931,1.008276,1.008276,0.775932,19,20,5,2,0E-8,-0.00374480,,0E-8,0.000000,0.891438,0.000000,,2026-04-17,2026-07-01,6,25,24,76,0.078947,,,0.000000,,,,,,,,GLOBAL_BASELINE_NO_ENTITY_RANKING,,,NOT_APPLICABLE_GLOBAL_BASELINE,HF9g-P5,,,,X 全窗基线 · 不参与实体赏罚,3927608,393,A168_HF9F_20260827_0900,2026-08-27 09:00:00
2026-07-01,148806143,-1,1,679.3478260870,-679.3478260870,-679.3478260870,0E-7,1,1,0.49324550000000000,0.493245500000,-0.9865810262130424,-0.9865810262130424,-0.9865810262130424,0E-17,SENTINEL_DEALER,R03b_20260811_FULL_v1,L1_ELIGIBILITY,v2026-08-11,2026-03-21..2026-08-06,baccarat_bet02_101_all_pairs_incl_sentinel,round_win = game_pnl > 0 (decisive only),COMPATIBILITY_ONLY_NOT_PRODUCTION,16452.7331,14666.5969,-61.6123,31,31,0.00374480,,0.00374480,0.00374480,61.6123,16452.7331,OK,0.0000,-2.4645,4.0000,96.0000,AG03-UNRESOLVED,ALL5_LEVELS_bet23_to_bet27,-2.4645,-2.4645,-3.0806,-3.0806,-3.0806,4.000000,4.000000,5.000000,5.000000,5.000000,96.000000,96.000000,95.000000,95.000000,95.000000,5.0,-14.1708,-12.9289,-47.4415,-48.6834,PENDING_AG03,FALSE,NOT_FOR_ENFORCEMENT,-59.1478,14079.9330,-61.6123,-59.1478,-2.4645,-0.00374480,-0.00359501,-2.4645,-59.1478,-0.00359501,-2.4645,-2.4645,-3.0806,-3.0806,-3.0806,-59.1478,-0.00359501,-14.1708,-12.9289,-47.4415,-48.6834,-0.00288350,-0.00295898,-0.00014979,530.7333,473.1160,-1.9875,-10.2687,-2.4645,2742.1222,5.1667,,530.7333,344.8276,683.9945,683.9945,689.6552,689.6552,689.6552,683.9945,13.7931,1.008276,1.008276,0.775932,19,20,5,2,0E-8,-0.00374480,,0E-8,0.000000,0.891438,0.000000,,2026-04-17,2026-07-01,6,25,24,76,0.078947,,,0.000000,,,,,,,,GLOBAL_BASELINE_NO_ENTITY_RANKING,,,NOT_APPLICABLE_GLOBAL_BASELINE,HF9g-P5,,,,X 全窗基线 · 不参与实体赏罚,3927609,393,A168_HF9F_20260827_0900,2026-08-27 09:00:00
2026-07-01,148806143,948,0,1358.6956521740,-33.9673913044,-33.9673913044,0.5000000,2,2,0.49994810000000000,0.499948100000,0.00014679536856514622,0.00014679536856514622,0.00014679536856514622,0E-17,ELIGIBLE,R03b_20260811_FULL_v1,L1_ELIGIBILITY,v2026-08-11,2026-03-21..2026-08-06,baccarat_bet02_101_all_pairs_incl_sentinel,round_win = game_pnl > 0 (decisive only),COMPATIBILITY_ONLY_NOT_PRODUCTION,16452.7331,14666.5969,-61.6123,31,31,0.00374480,,0.00374480,0.00374480,61.6123,16452.7331,OK,0.0000,-2.4645,4.0000,96.0000,AG03-UNRESOLVED,ALL5_LEVELS_bet23_to_bet27,-2.4645,-2.4645,-3.0806,-3.0806,-3.0806,4.000000,4.000000,5.000000,5.000000,5.000000,96.000000,96.000000,95.000000,95.000000,95.000000,5.0,-14.1708,-12.9289,-47.4415,-48.6834,PENDING_AG03,FALSE,NOT_FOR_ENFORCEMENT,-59.1478,14079.9330,-61.6123,-59.1478,-2.4645,-0.00374480,-0.00359501,-2.4645,-59.1478,-0.00359501,-2.4645,-2.4645,-3.0806,-3.0806,-3.0806,-59.1478,-0.00359501,-14.1708,-12.9289,-47.4415,-48.6834,-0.00288350,-0.00295898,-0.00014979,530.7333,473.1160,-1.9875,-10.2687,-2.4645,2742.1222,5.1667,,530.7333,344.8276,683.9945,683.9945,689.6552,689.6552,689.6552,683.9945,13.7931,1.008276,1.008276,0.775932,19,20,5,2,0E-8,-0.00374480,,0E-8,0.000000,0.891438,0.000000,,2026-04-17,2026-07-01,6,25,24,76,0.078947,,,0.000000,,,,,,,,GLOBAL_BASELINE_NO_ENTITY_RANKING,,,NOT_APPLICABLE_GLOBAL_BASELINE,HF9g-P5,,,,X 全窗基线 · 不参与实体赏罚,3927610,393,A168_HF9F_20260827_0900,2026-08-27 09:00:00
2026-05-17,150176293,1307,0,64.8508430610,61.6083009079,61.6083009079,1.0000000,2,2,0.50665070000000000,0.506650700000,1.3955260008387969,1.3955260008387969,1.3955260008387969,0E-17,ELIGIBLE,R03b_20260811_FULL_v1,L1_ELIGIBILITY,v2026-08-11,2026-03-21..2026-08-06,baccarat_bet02_101_all_pairs_incl_sentinel,round_win = game_pnl > 0 (decisive only),COMPATIBILITY_ONLY_NOT_PRODUCTION,64.8508,64.8508,-61.6083,2,2,0.95000000,,0.95000000,0.95000000,61.6083,64.8508,THIN_EXPOSURE,0.0000,-2.4643,4.0000,96.0000,AG03-UNRESOLVED,ALL5_LEVELS_bet23_to_bet27,-2.4643,-2.4643,-2.4643,-2.4643,-2.4643,4.000000,4.000000,4.000000,4.000000,4.000000,96.000000,96.000000,96.000000,96.000000,96.000000,5.0,-12.3217,-11.3746,-49.2866,-50.2337,PENDING_AG03,FALSE,NOT_FOR_ENFORCEMENT,-59.1440,62.2568,-61.6083,-59.1440,-2.4643,-0.95000000,-0.91200000,-2.4643,-59.1440,-0.91200000,-2.4643,-2.4643,-2.4643,-2.4643,-2.4643,-59.1440,-0.91200000,-12.3217,-11.3746,-49.2866,-50.2337,-0.76000000,-0.77460406,-0.03800000,32.4254,32.4254,-30.8042,-61.6083,-61.6083,64.8508,2.0000,,32.4254,28.8226,32.4254,36.0282,36.0282,36.0282,36.0282,32.4254,30.8041,1.111111,1.111111,1.0,1,1,1,1,0E-8,-0.95000000,,0E-8,0.000000,1.000000,0.000000,,2026-05-17,2026-05-17,1,1,1,1,1.000000,,,0.000000,,,,,,,,GLOBAL_BASELINE_NO_ENTITY_RANKING,,,NOT_APPLICABLE_GLOBAL_BASELINE,HF9g-P5,,,,X 全窗基线 · 不参与实体赏罚,3927611,393,A168_HF9F_20260827_0900,2026-08-27 09:00:00
2026-06-01,136274618,2177,0,5.2832597713,-5.2832597713,-5.2832597713,0E-7,1,1,0.49324550000000000,0.493245500000,-0.9865810262130424,-0.9865810262130424,-0.9865810262130424,0E-17,ELIGIBLE,R03b_20260811_FULL_v1,L1_ELIGIBILITY,v2026-08-11,2026-03-21..2026-08-06,baccarat_bet02_101_all_pairs_incl_sentinel,round_win = game_pnl > 0 (decisive only),COMPATIBILITY_ONLY_NOT_PRODUCTION,1029.6734,931.2508,-61.6077,62,62,0.05983232,0.08590141,-0.40457203,0.05983232,61.6077,1029.6734,OK,0.0000,-2.4643,4.0000,96.0000,AG03-UNRESOLVED,ALL5_LEVELS_bet23_to_bet27,-2.4643,-2.4643,-3.0804,-3.0804,-3.0804,4.000000,4.000000,5.000000,5.000000,5.000000,96.000000,96.000000,95.000000,95.000000,95.000000,5.0,-14.1698,-12.928,-47.4380,-48.6798,PENDING_AG03,FALSE,NOT_FOR_ENFORCEMENT,-59.1434,894.0008,-61.6077,-59.1434,-2.4643,-0.05983232,-0.05743903,-2.4643,-59.1434,-0.05743903,-2.4643,-2.4643,-3.0804,-3.0804,-3.0804,-59.1434,-0.05743903,-14.1698,-12.928,-47.4380,-48.6798,-0.04607089,-0.04727691,-0.00239329,16.6076,15.0202,-0.9937,-6.1608,-1.7602,102.9673,6.2000,17.4097,9.1213,6.4069,12.2614,22.0926,33.1389,37.7784,48.9131,11.5434,0.0,3.08108,3.98919,1.354465,16,29,8,2,0.94684913,-0.05983232,-0.08590141,0E-8,0.000000,0.904414,0.016129,0.49047343,2026-06-01,2026-08-03,10,35,31,64,0.156250,1.908682,1.048297,3.156164,,,,,,,,GLOBAL_BASELINE_NO_ENTITY_RANKING,,,NOT_APPLICABLE_GLOBAL_BASELINE,HF9g-P5,,,,X 全窗基线 · 不参与实体赏罚,3927612,393,A168_HF9F_20260827_0900,2026-08-27 09:00:00
2026-06-19,136274618,462,0,11.8873344854,-11.8873344854,-11.8873344854,0E-7,1,1,0.50665070000000000,0.506650700000,-1.013391052207602,-1.013391052207602,-1.013391052207602,0E-17,ELIGIBLE,R03b_20260811_FULL_v1,L1_ELIGIBILITY,v2026-08-11,2026-03-21..2026-08-06,baccarat_bet02_101_all_pairs_incl_sentinel,round_win = game_pnl > 0 (decisive only),COMPATIBILITY_ONLY_NOT_PRODUCTION,1029.6734,931.2508,-61.6077,62,62,0.05983232,0.08590141,-0.40457203,0.05983232,61.6077,1029.6734,OK,0.0000,-2.4643,4.0000,96.0000,AG03-UNRESOLVED,ALL5_LEVELS_bet23_to_bet27,-2.4643,-2.4643,-3.0804,-3.0804,-3.0804,4.000000,4.000000,5.000000,5.000000,5.000000,96.000000,96.000000,95.000000,95.000000,95.000000,5.0,-14.1698,-12.928,-47.4380,-48.6798,PENDING_AG03,FALSE,NOT_FOR_ENFORCEMENT,-59.1434,894.0008,-61.6077,-59.1434,-2.4643,-0.05983232,-0.05743903,-2.4643,-59.1434,-0.05743903,-2.4643,-2.4643,-3.0804,-3.0804,-3.0804,-59.1434,-0.05743903,-14.1698,-12.928,-47.4380,-48.6798,-0.04607089,-0.04727691,-0.00239329,16.6076,15.0202,-0.9937,-6.1608,-1.7602,102.9673,6.2000,17.4097,9.1213,6.4069,12.2614,22.0926,33.1389,37.7784,48.9131,11.5434,0.0,3.08108,3.98919,1.354465,16,29,8,2,0.94684913,-0.05983232,-0.08590141,0E-8,0.000000,0.904414,0.016129,0.49047343,2026-06-01,2026-08-03,10,35,31,64,0.156250,1.908682,1.048297,3.156164,,,,,,,,GLOBAL_BASELINE_NO_ENTITY_RANKING,,,NOT_APPLICABLE_GLOBAL_BASELINE,HF9g-P5,,,,X 全窗基线 · 不参与实体赏罚,3927613,393,A168_HF9F_20260827_0900,2026-08-27 09:00:00
2026-07-04,136274618,1353,0,33.1389183457,-0.5523153058,-0.5523153058,0.6666667,3,3,0.49771390000000000,0.497713900000,0.5852756695216578,0.5852756695216578,0.5852756695216578,0E-17,ELIGIBLE,R03b_20260811_FULL_v1,L1_ELIGIBILITY,v2026-08-11,2026-03-21..2026-08-06,baccarat_bet02_101_all_pairs_incl_sentinel,round_win = game_pnl > 0 (decisive only),COMPATIBILITY_ONLY_NOT_PRODUCTION,1029.6734,931.2508,-61.6077,62,62,0.05983232,0.08590141,-0.40457203,0.05983232,61.6077,1029.6734,OK,0.0000,-2.4643,4.0000,96.0000,AG03-UNRESOLVED,ALL5_LEVELS_bet23_to_bet27,-2.4643,-2.4643,-3.0804,-3.0804,-3.0804,4.000000,4.000000,5.000000,5.000000,5.000000,96.000000,96.000000,95.000000,95.000000,95.000000,5.0,-14.1698,-12.928,-47.4380,-48.6798,PENDING_AG03,FALSE,NOT_FOR_ENFORCEMENT,-59.1434,894.0008,-61.6077,-59.1434,-2.4643,-0.05983232,-0.05743903,-2.4643,-59.1434,-0.05743903,-2.4643,-2.4643,-3.0804,-3.0804,-3.0804,-59.1434,-0.05743903,-14.1698,-12.928,-47.4380,-48.6798,-0.04607089,-0.04727691,-0.00239329,16.6076,15.0202,-0.9937,-6.1608,-1.7602,102.9673,6.2000,17.4097,9.1213,6.4069,12.2614,22.0926,33.1389,37.7784,48.9131,11.5434,0.0,3.08108,3.98919,1.354465,16,29,8,2,0.94684913,-0.05983232,-0.08590141,0E-8,0.000000,0.904414,0.016129,0.49047343,2026-06-01,2026-08-03,10,35,31,64,0.156250,1.908682,1.048297,3.156164,,,,,,,,GLOBAL_BASELINE_NO_ENTITY_RANKING,,,NOT_APPLICABLE_GLOBAL_BASELINE,HF9g-P5,,,,X 全窗基线 · 不参与实体赏罚,3927614,393,A168_HF9F_20260827_0900,2026-08-27 09:00:00
2026-07-04,136274618,462,0,4.4185224461,-4.4185224461,-4.4185224461,0E-7,1,1,0.50665070000000000,0.506650700000,-1.013391052207602,-1.013391052207602,-1.013391052207602,0E-17,ELIGIBLE,R03b_20260811_FULL_v1,L1_ELIGIBILITY,v2026-08-11,2026-03-21..2026-08-06,baccarat_bet02_101_all_pairs_incl_sentinel,round_win = game_pnl > 0 (decisive only),COMPATIBILITY_ONLY_NOT_PRODUCTION,1029.6734,931.2508,-61.6077,62,62,0.05983232,0.08590141,-0.40457203,0.05983232,61.6077,1029.6734,OK,0.0000,-2.4643,4.0000,96.0000,AG03-UNRESOLVED,ALL5_LEVELS_bet23_to_bet27,-2.4643,-2.4643,-3.0804,-3.0804,-3.0804,4.000000,4.000000,5.000000,5.000000,5.000000,96.000000,96.000000,95.000000,95.000000,95.000000,5.0,-14.1698,-12.928,-47.4380,-48.6798,PENDING_AG03,FALSE,NOT_FOR_ENFORCEMENT,-59.1434,894.0008,-61.6077,-59.1434,-2.4643,-0.05983232,-0.05743903,-2.4643,-59.1434,-0.05743903,-2.4643,-2.4643,-3.0804,-3.0804,-3.0804,-59.1434,-0.05743903,-14.1698,-12.928,-47.4380,-48.6798,-0.04607089,-0.04727691,-0.00239329,16.6076,15.0202,-0.9937,-6.1608,-1.7602,102.9673,6.2000,17.4097,9.1213,6.4069,12.2614,22.0926,33.1389,37.7784,48.9131,11.5434,0.0,3.08108,3.98919,1.354465,16,29,8,2,0.94684913,-0.05983232,-0.08590141,0E-8,0.000000,0.904414,0.016129,0.49047343,2026-06-01,2026-08-03,10,35,31,64,0.156250,1.908682,1.048297,3.156164,,,,,,,,GLOBAL_BASELINE_NO_ENTITY_RANKING,,,NOT_APPLICABLE_GLOBAL_BASELINE,HF9g-P5,,,,X 全窗基线 · 不参与实体赏罚,3927615,393,A168_HF9F_20260827_0900,2026-08-27 09:00:00
2026-07-11,136274618,2171,0,12.5927889714,-4.1975963238,-4.1975963238,0.5000000,2,2,0.49994810000000000,0.499948100000,0.00014679536856514622,0.00014679536856514622,0.00014679536856514622,0E-17,ELIGIBLE,R03b_20260811_FULL_v1,L1_ELIGIBILITY,v2026-08-11,2026-03-21..2026-08-06,baccarat_bet02_101_all_pairs_incl_sentinel,round_win = game_pnl > 0 (decisive only),COMPATIBILITY_ONLY_NOT_PRODUCTION,1029.6734,931.2508,-61.6077,62,62,0.05983232,0.08590141,-0.40457203,0.05983232,61.6077,1029.6734,OK,0.0000,-2.4643,4.0000,96.0000,AG03-UNRESOLVED,ALL5_LEVELS_bet23_to_bet27,-2.4643,-2.4643,-3.0804,-3.0804,-3.0804,4.000000,4.000000,5.000000,5.000000,5.000000,96.000000,96.000000,95.000000,95.000000,95.000000,5.0,-14.1698,-12.928,-47.4380,-48.6798,PENDING_AG03,FALSE,NOT_FOR_ENFORCEMENT,-59.1434,894.0008,-61.6077,-59.1434,-2.4643,-0.05983232,-0.05743903,-2.4643,-59.1434,-0.05743903,-2.4643,-2.4643,-3.0804,-3.0804,-3.0804,-59.1434,-0.05743903,-14.1698,-12.928,-47.4380,-48.6798,-0.04607089,-0.04727691,-0.00239329,16.6076,15.0202,-0.9937,-6.1608,-1.7602,102.9673,6.2000,17.4097,9.1213,6.4069,12.2614,22.0926,33.1389,37.7784,48.9131,11.5434,0.0,3.08108,3.98919,1.354465,16,29,8,2,0.94684913,-0.05983232,-0.08590141,0E-8,0.000000,0.904414,0.016129,0.49047343,2026-06-01,2026-08-03,10,35,31,64,0.156250,1.908682,1.048297,3.156164,,,,,,,,GLOBAL_BASELINE_NO_ENTITY_RANKING,,,NOT_APPLICABLE_GLOBAL_BASELINE,HF9g-P5,,,,X 全窗基线 · 不参与实体赏罚,3927616,393,A168_HF9F_20260827_0900,2026-08-27 09:00:00
2026-07-13,136274618,1399,0,21.5402969247,-21.5402969247,-21.5402969247,0E-7,1,1,0.49324550000000000,0.493245500000,-0.9865810262130424,-0.9865810262130424,-0.9865810262130424,0E-17,ELIGIBLE,R03b_20260811_FULL_v1,L1_ELIGIBILITY,v2026-08-11,2026-03-21..2026-08-06,baccarat_bet02_101_all_pairs_incl_sentinel,round_win = game_pnl > 0 (decisive only),COMPATIBILITY_ONLY_NOT_PRODUCTION,1029.6734,931.2508,-61.6077,62,62,0.05983232,0.08590141,-0.40457203,0.05983232,61.6077,1029.6734,OK,0.0000,-2.4643,4.0000,96.0000,AG03-UNRESOLVED,ALL5_LEVELS_bet23_to_bet27,-2.4643,-2.4643,-3.0804,-3.0804,-3.0804,4.000000,4.000000,5.000000,5.000000,5.000000,96.000000,96.000000,95.000000,95.000000,95.000000,5.0,-14.1698,-12.928,-47.4380,-48.6798,PENDING_AG03,FALSE,NOT_FOR_ENFORCEMENT,-59.1434,894.0008,-61.6077,-59.1434,-2.4643,-0.05983232,-0.05743903,-2.4643,-59.1434,-0.05743903,-2.4643,-2.4643,-3.0804,-3.0804,-3.0804,-59.1434,-0.05743903,-14.1698,-12.928,-47.4380,-48.6798,-0.04607089,-0.04727691,-0.00239329,16.6076,15.0202,-0.9937,-6.1608,-1.7602,102.9673,6.2000,17.4097,9.1213,6.4069,12.2614,22.0926,33.1389,37.7784,48.9131,11.5434,0.0,3.08108,3.98919,1.354465,16,29,8,2,0.94684913,-0.05983232,-0.08590141,0E-8,0.000000,0.904414,0.016129,0.49047343,2026-06-01,2026-08-03,10,35,31,64,0.156250,1.908682,1.048297,3.156164,,,,,,,,GLOBAL_BASELINE_NO_ENTITY_RANKING,,,NOT_APPLICABLE_GLOBAL_BASELINE,HF9g-P5,,,,X 全窗基线 · 不参与实体赏罚,3927617,393,A168_HF9F_20260827_0900,2026-08-27 09:00:00
2026-07-13,136274618,2152,0,16.5694591728,-5.5231530576,-5.5231530576,0.5000000,2,2,0.49994810000000000,0.499948100000,0.00014679536856514622,0.00014679536856514622,0.00014679536856514622,0E-17,ELIGIBLE,R03b_20260811_FULL_v1,L1_ELIGIBILITY,v2026-08-11,2026-03-21..2026-08-06,baccarat_bet02_101_all_pairs_incl_sentinel,round_win = game_pnl > 0 (decisive only),COMPATIBILITY_ONLY_NOT_PRODUCTION,1029.6734,931.2508,-61.6077,62,62,0.05983232,0.08590141,-0.40457203,0.05983232,61.6077,1029.6734,OK,0.0000,-2.4643,4.0000,96.0000,AG03-UNRESOLVED,ALL5_LEVELS_bet23_to_bet27,-2.4643,-2.4643,-3.0804,-3.0804,-3.0804,4.000000,4.000000,5.000000,5.000000,5.000000,96.000000,96.000000,95.000000,95.000000,95.000000,5.0,-14.1698,-12.928,-47.4380,-48.6798,PENDING_AG03,FALSE,NOT_FOR_ENFORCEMENT,-59.1434,894.0008,-61.6077,-59.1434,-2.4643,-0.05983232,-0.05743903,-2.4643,-59.1434,-0.05743903,-2.4643,-2.4643,-3.0804,-3.0804,-3.0804,-59.1434,-0.05743903,-14.1698,-12.928,-47.4380,-48.6798,-0.04607089,-0.04727691,-0.00239329,16.6076,15.0202,-0.9937,-6.1608,-1.7602,102.9673,6.2000,17.4097,9.1213,6.4069,12.2614,22.0926,33.1389,37.7784,48.9131,11.5434,0.0,3.08108,3.98919,1.354465,16,29,8,2,0.94684913,-0.05983232,-0.08590141,0E-8,0.000000,0.904414,0.016129,0.49047343,2026-06-01,2026-08-03,10,35,31,64,0.156250,1.908682,1.048297,3.156164,,,,,,,,GLOBAL_BASELINE_NO_ENTITY_RANKING,,,NOT_APPLICABLE_GLOBAL_BASELINE,HF9g-P5,,,,X 全窗基线 · 不参与实体赏罚,3927618,393,A168_HF9F_20260827_0900,2026-08-27 09:00:00
2026-07-14,136274618,1205,0,75.6671968893,-11.0463061152,-11.0463061152,0.6666667,3,3,0.50218230000000000,0.502182300000,0.5697959874915163,0.5697959874915164,0.5697959874915163,0E-17,ELIGIBLE,R03b_20260811_FULL_v1,L1_ELIGIBILITY,v2026-08-11,2026-03-21..2026-08-06,baccarat_bet02_101_all_pairs_incl_sentinel,round_win = game_pnl > 0 (decisive only),COMPATIBILITY_ONLY_NOT_PRODUCTION,1029.6734,931.2508,-61.6077,62,62,0.05983232,0.08590141,-0.40457203,0.05983232,61.6077,1029.6734,OK,0.0000,-2.4643,4.0000,96.0000,AG03-UNRESOLVED,ALL5_LEVELS_bet23_to_bet27,-2.4643,-2.4643,-3.0804,-3.0804,-3.0804,4.000000,4.000000,5.000000,5.000000,5.000000,96.000000,96.000000,95.000000,95.000000,95.000000,5.0,-14.1698,-12.928,-47.4380,-48.6798,PENDING_AG03,FALSE,NOT_FOR_ENFORCEMENT,-59.1434,894.0008,-61.6077,-59.1434,-2.4643,-0.05983232,-0.05743903,-2.4643,-59.1434,-0.05743903,-2.4643,-2.4643,-3.0804,-3.0804,-3.0804,-59.1434,-0.05743903,-14.1698,-12.928,-47.4380,-48.6798,-0.04607089,-0.04727691,-0.00239329,16.6076,15.0202,-0.9937,-6.1608,-1.7602,102.9673,6.2000,17.4097,9.1213,6.4069,12.2614,22.0926,33.1389,37.7784,48.9131,11.5434,0.0,3.08108,3.98919,1.354465,16,29,8,2,0.94684913,-0.05983232,-0.08590141,0E-8,0.000000,0.904414,0.016129,0.49047343,2026-06-01,2026-08-03,10,35,31,64,0.156250,1.908682,1.048297,3.156164,,,,,,,,GLOBAL_BASELINE_NO_ENTITY_RANKING,,,NOT_APPLICABLE_GLOBAL_BASELINE,HF9g-P5,,,,X 全窗基线 · 不参与实体赏罚,3927619,393,A168_HF9F_20260827_0900,2026-08-27 09:00:00
2026-07-14,136274618,1299,0,11.0463061152,-11.0463061152,-11.0463061152,0E-7,1,1,0.49324550000000000,0.493245500000,-0.9865810262130424,-0.9865810262130424,-0.9865810262130424,0E-17,ELIGIBLE,R03b_20260811_FULL_v1,L1_ELIGIBILITY,v2026-08-11,2026-03-21..2026-08-06,baccarat_bet02_101_all_pairs_incl_sentinel,round_win = game_pnl > 0 (decisive only),COMPATIBILITY_ONLY_NOT_PRODUCTION,1029.6734,931.2508,-61.6077,62,62,0.05983232,0.08590141,-0.40457203,0.05983232,61.6077,1029.6734,OK,0.0000,-2.4643,4.0000,96.0000,AG03-UNRESOLVED,ALL5_LEVELS_bet23_to_bet27,-2.4643,-2.4643,-3.0804,-3.0804,-3.0804,4.000000,4.000000,5.000000,5.000000,5.000000,96.000000,96.000000,95.000000,95.000000,95.000000,5.0,-14.1698,-12.928,-47.4380,-48.6798,PENDING_AG03,FALSE,NOT_FOR_ENFORCEMENT,-59.1434,894.0008,-61.6077,-59.1434,-2.4643,-0.05983232,-0.05743903,-2.4643,-59.1434,-0.05743903,-2.4643,-2.4643,-3.0804,-3.0804,-3.0804,-59.1434,-0.05743903,-14.1698,-12.928,-47.4380,-48.6798,-0.04607089,-0.04727691,-0.00239329,16.6076,15.0202,-0.9937,-6.1608,-1.7602,102.9673,6.2000,17.4097,9.1213,6.4069,12.2614,22.0926,33.1389,37.7784,48.9131,11.5434,0.0,3.08108,3.98919,1.354465,16,29,8,2,0.94684913,-0.05983232,-0.08590141,0E-8,0.000000,0.904414,0.016129,0.49047343,2026-06-01,2026-08-03,10,35,31,64,0.156250,1.908682,1.048297,3.156164,,,,,,,,GLOBAL_BASELINE_NO_ENTITY_RANKING,,,NOT_APPLICABLE_GLOBAL_BASELINE,HF9g-P5,,,,X 全窗基线 · 不参与实体赏罚,3927620,393,A168_HF9F_20260827_0900,2026-08-27 09:00:00
2026-07-14,136274618,1306,0,11.0463061152,-11.0463061152,-11.0463061152,0E-7,1,1,0.50665070000000000,0.506650700000,-1.013391052207602,-1.013391052207602,-1.013391052207602,0E-17,ELIGIBLE,R03b_20260811_FULL_v1,L1_ELIGIBILITY,v2026-08-11,2026-03-21..2026-08-06,baccarat_bet02_101_all_pairs_incl_sentinel,round_win = game_pnl > 0 (decisive only),COMPATIBILITY_ONLY_NOT_PRODUCTION,1029.6734,931.2508,-61.6077,62,62,0.05983232,0.08590141,-0.40457203,0.05983232,61.6077,1029.6734,OK,0.0000,-2.4643,4.0000,96.0000,AG03-UNRESOLVED,ALL5_LEVELS_bet23_to_bet27,-2.4643,-2.4643,-3.0804,-3.0804,-3.0804,4.000000,4.000000,5.000000,5.000000,5.000000,96.000000,96.000000,95.000000,95.000000,95.000000,5.0,-14.1698,-12.928,-47.4380,-48.6798,PENDING_AG03,FALSE,NOT_FOR_ENFORCEMENT,-59.1434,894.0008,-61.6077,-59.1434,-2.4643,-0.05983232,-0.05743903,-2.4643,-59.1434,-0.05743903,-2.4643,-2.4643,-3.0804,-3.0804,-3.0804,-59.1434,-0.05743903,-14.1698,-12.928,-47.4380,-48.6798,-0.04607089,-0.04727691,-0.00239329,16.6076,15.0202,-0.9937,-6.1608,-1.7602,102.9673,6.2000,17.4097,9.1213,6.4069,12.2614,22.0926,33.1389,37.7784,48.9131,11.5434,0.0,3.08108,3.98919,1.354465,16,29,8,2,0.94684913,-0.05983232,-0.08590141,0E-8,0.000000,0.904414,0.016129,0.49047343,2026-06-01,2026-08-03,10,35,31,64,0.156250,1.908682,1.048297,3.156164,,,,,,,,GLOBAL_BASELINE_NO_ENTITY_RANKING,,,NOT_APPLICABLE_GLOBAL_BASELINE,HF9g-P5,,,,X 全窗基线 · 不参与实体赏罚,3927621,393,A168_HF9F_20260827_0900,2026-08-27 09:00:00
2026-07-14,136274618,1942,0,4.9708377519,4.9708377519,4.9708377519,1.0000000,1,1,0.49324550000000000,0.493245500000,1.01360149184955,1.01360149184955,1.01360149184955,0E-17,ELIGIBLE,R03b_20260811_FULL_v1,L1_ELIGIBILITY,v2026-08-11,2026-03-21..2026-08-06,baccarat_bet02_101_all_pairs_incl_sentinel,round_win = game_pnl > 0 (decisive only),COMPATIBILITY_ONLY_NOT_PRODUCTION,1029.6734,931.2508,-61.6077,62,62,0.05983232,0.08590141,-0.40457203,0.05983232,61.6077,1029.6734,OK,0.0000,-2.4643,4.0000,96.0000,AG03-UNRESOLVED,ALL5_LEVELS_bet23_to_bet27,-2.4643,-2.4643,-3.0804,-3.0804,-3.0804,4.000000,4.000000,5.000000,5.000000,5.000000,96.000000,96.000000,95.000000,95.000000,95.000000,5.0,-14.1698,-12.928,-47.4380,-48.6798,PENDING_AG03,FALSE,NOT_FOR_ENFORCEMENT,-59.1434,894.0008,-61.6077,-59.1434,-2.4643,-0.05983232,-0.05743903,-2.4643,-59.1434,-0.05743903,-2.4643,-2.4643,-3.0804,-3.0804,-3.0804,-59.1434,-0.05743903,-14.1698,-12.928,-47.4380,-48.6798,-0.04607089,-0.04727691,-0.00239329,16.6076,15.0202,-0.9937,-6.1608,-1.7602,102.9673,6.2000,17.4097,9.1213,6.4069,12.2614,22.0926,33.1389,37.7784,48.9131,11.5434,0.0,3.08108,3.98919,1.354465,16,29,8,2,0.94684913,-0.05983232,-0.08590141,0E-8,0.000000,0.904414,0.016129,0.49047343,2026-06-01,2026-08-03,10,35,31,64,0.156250,1.908682,1.048297,3.156164,,,,,,,,GLOBAL_BASELINE_NO_ENTITY_RANKING,,,NOT_APPLICABLE_GLOBAL_BASELINE,HF9g-P5,,,,X 全窗基线 · 不参与实体赏罚,3927622,393,A168_HF9F_20260827_0900,2026-08-27 09:00:00
2026-07-14,136274618,2130,0,9.9416755037,-9.9416755037,-9.9416755037,0E-7,1,1,0.50665070000000000,0.506650700000,-1.013391052207602,-1.013391052207602,-1.013391052207602,0E-17,ELIGIBLE,R03b_20260811_FULL_v1,L1_ELIGIBILITY,v2026-08-11,2026-03-21..2026-08-06,baccarat_bet02_101_all_pairs_incl_sentinel,round_win = game_pnl > 0 (decisive only),COMPATIBILITY_ONLY_NOT_PRODUCTION,1029.6734,931.2508,-61.6077,62,62,0.05983232,0.08590141,-0.40457203,0.05983232,61.6077,1029.6734,OK,0.0000,-2.4643,4.0000,96.0000,AG03-UNRESOLVED,ALL5_LEVELS_bet23_to_bet27,-2.4643,-2.4643,-3.0804,-3.0804,-3.0804,4.000000,4.000000,5.000000,5.000000,5.000000,96.000000,96.000000,95.000000,95.000000,95.000000,5.0,-14.1698,-12.928,-47.4380,-48.6798,PENDING_AG03,FALSE,NOT_FOR_ENFORCEMENT,-59.1434,894.0008,-61.6077,-59.1434,-2.4643,-0.05983232,-0.05743903,-2.4643,-59.1434,-0.05743903,-2.4643,-2.4643,-3.0804,-3.0804,-3.0804,-59.1434,-0.05743903,-14.1698,-12.928,-47.4380,-48.6798,-0.04607089,-0.04727691,-0.00239329,16.6076,15.0202,-0.9937,-6.1608,-1.7602,102.9673,6.2000,17.4097,9.1213,6.4069,12.2614,22.0926,33.1389,37.7784,48.9131,11.5434,0.0,3.08108,3.98919,1.354465,16,29,8,2,0.94684913,-0.05983232,-0.08590141,0E-8,0.000000,0.904414,0.016129,0.49047343,2026-06-01,2026-08-03,10,35,31,64,0.156250,1.908682,1.048297,3.156164,,,,,,,,GLOBAL_BASELINE_NO_ENTITY_RANKING,,,NOT_APPLICABLE_GLOBAL_BASELINE,HF9g-P5,,,,X 全窗基线 · 不参与实体赏罚,3927623,393,A168_HF9F_20260827_0900,2026-08-27 09:00:00
2026-07-20,136274618,1115,0,11.4881583598,0.1436019795,0.1436019795,0.5000000,2,2,0.49994810000000000,0.499948100000,0.00014679536856514622,0.00014679536856514622,0.00014679536856514622,0E-17,ELIGIBLE,R03b_20260811_FULL_v1,L1_ELIGIBILITY,v2026-08-11,2026-03-21..2026-08-06,baccarat_bet02_101_all_pairs_incl_sentinel,round_win = game_pnl > 0 (decisive only),COMPATIBILITY_ONLY_NOT_PRODUCTION,1029.6734,931.2508,-61.6077,62,62,0.05983232,0.08590141,-0.40457203,0.05983232,61.6077,1029.6734,OK,0.0000,-2.4643,4.0000,96.0000,AG03-UNRESOLVED,ALL5_LEVELS_bet23_to_bet27,-2.4643,-2.4643,-3.0804,-3.0804,-3.0804,4.000000,4.000000,5.000000,5.000000,5.000000,96.000000,96.000000,95.000000,95.000000,95.000000,5.0,-14.1698,-12.928,-47.4380,-48.6798,PENDING_AG03,FALSE,NOT_FOR_ENFORCEMENT,-59.1434,894.0008,-61.6077,-59.1434,-2.4643,-0.05983232,-0.05743903,-2.4643,-59.1434,-0.05743903,-2.4643,-2.4643,-3.0804,-3.0804,-3.0804,-59.1434,-0.05743903,-14.1698,-12.928,-47.4380,-48.6798,-0.04607089,-0.04727691,-0.00239329,16.6076,15.0202,-0.9937,-6.1608,-1.7602,102.9673,6.2000,17.4097,9.1213,6.4069,12.2614,22.0926,33.1389,37.7784,48.9131,11.5434,0.0,3.08108,3.98919,1.354465,16,29,8,2,0.94684913,-0.05983232,-0.08590141,0E-8,0.000000,0.904414,0.016129,0.49047343,2026-06-01,2026-08-03,10,35,31,64,0.156250,1.908682,1.048297,3.156164,,,,,,,,GLOBAL_BASELINE_NO_ENTITY_RANKING,,,NOT_APPLICABLE_GLOBAL_BASELINE,HF9g-P5,,,,X 全窗基线 · 不参与实体赏罚,3927624,393,A168_HF9F_20260827_0900,2026-08-27 09:00:00
2026-07-20,136274618,1654,0,6.6277836691,-6.6277836691,-6.6277836691,0E-7,1,1,0.49324550000000000,0.493245500000,-0.9865810262130424,-0.9865810262130424,-0.9865810262130424,0E-17,ELIGIBLE,R03b_20260811_FULL_v1,L1_ELIGIBILITY,v2026-08-11,2026-03-21..2026-08-06,baccarat_bet02_101_all_pairs_incl_sentinel,round_win = game_pnl > 0 (decisive only),COMPATIBILITY_ONLY_NOT_PRODUCTION,1029.6734,931.2508,-61.6077,62,62,0.05983232,0.08590141,-0.40457203,0.05983232,61.6077,1029.6734,OK,0.0000,-2.4643,4.0000,96.0000,AG03-UNRESOLVED,ALL5_LEVELS_bet23_to_bet27,-2.4643,-2.4643,-3.0804,-3.0804,-3.0804,4.000000,4.000000,5.000000,5.000000,5.000000,96.000000,96.000000,95.000000,95.000000,95.000000,5.0,-14.1698,-12.928,-47.4380,-48.6798,PENDING_AG03,FALSE,NOT_FOR_ENFORCEMENT,-59.1434,894.0008,-61.6077,-59.1434,-2.4643,-0.05983232,-0.05743903,-2.4643,-59.1434,-0.05743903,-2.4643,-2.4643,-3.0804,-3.0804,-3.0804,-59.1434,-0.05743903,-14.1698,-12.928,-47.4380,-48.6798,-0.04607089,-0.04727691,-0.00239329,16.6076,15.0202,-0.9937,-6.1608,-1.7602,102.9673,6.2000,17.4097,9.1213,6.4069,12.2614,22.0926,33.1389,37.7784,48.9131,11.5434,0.0,3.08108,3.98919,1.354465,16,29,8,2,0.94684913,-0.05983232,-0.08590141,0E-8,0.000000,0.904414,0.016129,0.49047343,2026-06-01,2026-08-03,10,35,31,64,0.156250,1.908682,1.048297,3.156164,,,,,,,,GLOBAL_BASELINE_NO_ENTITY_RANKING,,,NOT_APPLICABLE_GLOBAL_BASELINE,HF9g-P5,,,,X 全窗基线 · 不参与实体赏罚,3927625,393,A168_HF9F_20260827_0900,2026-08-27 09:00:00
2026-07-20,136274618,2280,0,6.2963944857,6.2963944857,6.2963944857,1.0000000,1,1,0.49324550000000000,0.493245500000,1.01360149184955,1.01360149184955,1.01360149184955,0E-17,ELIGIBLE,R03b_20260811_FULL_v1,L1_ELIGIBILITY,v2026-08-11,2026-03-21..2026-08-06,baccarat_bet02_101_all_pairs_incl_sentinel,round_win = game_pnl > 0 (decisive only),COMPATIBILITY_ONLY_NOT_PRODUCTION,1029.6734,931.2508,-61.6077,62,62,0.05983232,0.08590141,-0.40457203,0.05983232,61.6077,1029.6734,OK,0.0000,-2.4643,4.0000,96.0000,AG03-UNRESOLVED,ALL5_LEVELS_bet23_to_bet27,-2.4643,-2.4643,-3.0804,-3.0804,-3.0804,4.000000,4.000000,5.000000,5.000000,5.000000,96.000000,96.000000,95.000000,95.000000,95.000000,5.0,-14.1698,-12.928,-47.4380,-48.6798,PENDING_AG03,FALSE,NOT_FOR_ENFORCEMENT,-59.1434,894.0008,-61.6077,-59.1434,-2.4643,-0.05983232,-0.05743903,-2.4643,-59.1434,-0.05743903,-2.4643,-2.4643,-3.0804,-3.0804,-3.0804,-59.1434,-0.05743903,-14.1698,-12.928,-47.4380,-48.6798,-0.04607089,-0.04727691,-0.00239329,16.6076,15.0202,-0.9937,-6.1608,-1.7602,102.9673,6.2000,17.4097,9.1213,6.4069,12.2614,22.0926,33.1389,37.7784,48.9131,11.5434,0.0,3.08108,3.98919,1.354465,16,29,8,2,0.94684913,-0.05983232,-0.08590141,0E-8,0.000000,0.904414,0.016129,0.49047343,2026-06-01,2026-08-03,10,35,31,64,0.156250,1.908682,1.048297,3.156164,,,,,,,,GLOBAL_BASELINE_NO_ENTITY_RANKING,,,NOT_APPLICABLE_GLOBAL_BASELINE,HF9g-P5,,,,X 全窗基线 · 不参与实体赏罚,3927626,393,A168_HF9F_20260827_0900,2026-08-27 09:00:00
2026-07-25,136274618,1318,0,81.7426652528,80.0857193355,80.0857193355,1.0000000,4,4,0.49994810000000000,0.499948100000,2.0002076107755586,2.0002076107755586,2.0002076107755586,0E-17,ELIGIBLE,R03b_20260811_FULL_v1,L1_ELIGIBILITY,v2026-08-11,2026-03-21..2026-08-06,baccarat_bet02_101_all_pairs_incl_sentinel,round_win = game_pnl > 0 (decisive only),COMPATIBILITY_ONLY_NOT_PRODUCTION,1029.6734,931.2508,-61.6077,62,62,0.05983232,0.08590141,-0.40457203,0.05983232,61.6077,1029.6734,OK,0.0000,-2.4643,4.0000,96.0000,AG03-UNRESOLVED,ALL5_LEVELS_bet23_to_bet27,-2.4643,-2.4643,-3.0804,-3.0804,-3.0804,4.000000,4.000000,5.000000,5.000000,5.000000,96.000000,96.000000,95.000000,95.000000,95.000000,5.0,-14.1698,-12.928,-47.4380,-48.6798,PENDING_AG03,FALSE,NOT_FOR_ENFORCEMENT,-59.1434,894.0008,-61.6077,-59.1434,-2.4643,-0.05983232,-0.05743903,-2.4643,-59.1434,-0.05743903,-2.4643,-2.4643,-3.0804,-3.0804,-3.0804,-59.1434,-0.05743903,-14.1698,-12.928,-47.4380,-48.6798,-0.04607089,-0.04727691,-0.00239329,16.6076,15.0202,-0.9937,-6.1608,-1.7602,102.9673,6.2000,17.4097,9.1213,6.4069,12.2614,22.0926,33.1389,37.7784,48.9131,11.5434,0.0,3.08108,3.98919,1.354465,16,29,8,2,0.94684913,-0.05983232,-0.08590141,0E-8,0.000000,0.904414,0.016129,0.49047343,2026-06-01,2026-08-03,10,35,31,64,0.156250,1.908682,1.048297,3.156164,,,,,,,,GLOBAL_BASELINE_NO_ENTITY_RANKING,,,NOT_APPLICABLE_GLOBAL_BASELINE,HF9g-P5,,,,X 全窗基线 · 不参与实体赏罚,3927627,393,A168_HF9F_20260827_0900,2026-08-27 09:00:00
2026-07-25,136274618,1374,0,17.1217744786,-5.7440791799,-5.7440791799,0E-7,2,2,0.49994810000000000,0.499948100000,-0.9998962053866608,-0.9998962053866608,-0.9998962053866608,0E-17,ELIGIBLE,R03b_20260811_FULL_v1,L1_ELIGIBILITY,v2026-08-11,2026-03-21..2026-08-06,baccarat_bet02_101_all_pairs_incl_sentinel,round_win = game_pnl > 0 (decisive only),COMPATIBILITY_ONLY_NOT_PRODUCTION,1029.6734,931.2508,-61.6077,62,62,0.05983232,0.08590141,-0.40457203,0.05983232,61.6077,1029.6734,OK,0.0000,-2.4643,4.0000,96.0000,AG03-UNRESOLVED,ALL5_LEVELS_bet23_to_bet27,-2.4643,-2.4643,-3.0804,-3.0804,-3.0804,4.000000,4.000000,5.000000,5.000000,5.000000,96.000000,96.000000,95.000000,95.000000,95.000000,5.0,-14.1698,-12.928,-47.4380,-48.6798,PENDING_AG03,FALSE,NOT_FOR_ENFORCEMENT,-59.1434,894.0008,-61.6077,-59.1434,-2.4643,-0.05983232,-0.05743903,-2.4643,-59.1434,-0.05743903,-2.4643,-2.4643,-3.0804,-3.0804,-3.0804,-59.1434,-0.05743903,-14.1698,-12.928,-47.4380,-48.6798,-0.04607089,-0.04727691,-0.00239329,16.6076,15.0202,-0.9937,-6.1608,-1.7602,102.9673,6.2000,17.4097,9.1213,6.4069,12.2614,22.0926,33.1389,37.7784,48.9131,11.5434,0.0,3.08108,3.98919,1.354465,16,29,8,2,0.94684913,-0.05983232,-0.08590141,0E-8,0.000000,0.904414,0.016129,0.49047343,2026-06-01,2026-08-03,10,35,31,64,0.156250,1.908682,1.048297,3.156164,,,,,,,,GLOBAL_BASELINE_NO_ENTITY_RANKING,,,NOT_APPLICABLE_GLOBAL_BASELINE,HF9g-P5,,,,X 全窗基线 · 不参与实体赏罚,3927628,393,A168_HF9F_20260827_0900,2026-08-27 09:00:00
2026-07-25,136274618,1383,0,78.0973842348,-10.8419494521,-10.8419494521,0.6000000,5,5,0.49860758000000000,0.498607580000,0.4534424453485946,0.4534424453485946,0.4534424453485946,0E-17,ELIGIBLE,R03b_20260811_FULL_v1,L1_ELIGIBILITY,v2026-08-11,2026-03-21..2026-08-06,baccarat_bet02_101_all_pairs_incl_sentinel,round_win = game_pnl > 0 (decisive only),COMPATIBILITY_ONLY_NOT_PRODUCTION,1029.6734,931.2508,-61.6077,62,62,0.05983232,0.08590141,-0.40457203,0.05983232,61.6077,1029.6734,OK,0.0000,-2.4643,4.0000,96.0000,AG03-UNRESOLVED,ALL5_LEVELS_bet23_to_bet27,-2.4643,-2.4643,-3.0804,-3.0804,-3.0804,4.000000,4.000000,5.000000,5.000000,5.000000,96.000000,96.000000,95.000000,95.000000,95.000000,5.0,-14.1698,-12.928,-47.4380,-48.6798,PENDING_AG03,FALSE,NOT_FOR_ENFORCEMENT,-59.1434,894.0008,-61.6077,-59.1434,-2.4643,-0.05983232,-0.05743903,-2.4643,-59.1434,-0.05743903,-2.4643,-2.4643,-3.0804,-3.0804,-3.0804,-59.1434,-0.05743903,-14.1698,-12.928,-47.4380,-48.6798,-0.04607089,-0.04727691,-0.00239329,16.6076,15.0202,-0.9937,-6.1608,-1.7602,102.9673,6.2000,17.4097,9.1213,6.4069,12.2614,22.0926,33.1389,37.7784,48.9131,11.5434,0.0,3.08108,3.98919,1.354465,16,29,8,2,0.94684913,-0.05983232,-0.08590141,0E-8,0.000000,0.904414,0.016129,0.49047343,2026-06-01,2026-08-03,10,35,31,64,0.156250,1.908682,1.048297,3.156164,,,,,,,,GLOBAL_BASELINE_NO_ENTITY_RANKING,,,NOT_APPLICABLE_GLOBAL_BASELINE,HF9g-P5,,,,X 全窗基线 · 不参与实体赏罚,3927629,393,A168_HF9F_20260827_0900,2026-08-27 09:00:00
2026-07-25,136274618,1646,0,146.6949452104,142.8950159067,142.8950159067,1.0000000,6,6,0.49994810000000000,0.499948100000,2.4497440130157893,2.4497440130157893,2.4497440130157893,0E-17,ELIGIBLE,R03b_20260811_FULL_v1,L1_ELIGIBILITY,v2026-08-11,2026-03-21..2026-08-06,baccarat_bet02_101_all_pairs_incl_sentinel,round_win = game_pnl > 0 (decisive only),COMPATIBILITY_ONLY_NOT_PRODUCTION,1029.6734,931.2508,-61.6077,62,62,0.05983232,0.08590141,-0.40457203,0.05983232,61.6077,1029.6734,OK,0.0000,-2.4643,4.0000,96.0000,AG03-UNRESOLVED,ALL5_LEVELS_bet23_to_bet27,-2.4643,-2.4643,-3.0804,-3.0804,-3.0804,4.000000,4.000000,5.000000,5.000000,5.000000,96.000000,96.000000,95.000000,95.000000,95.000000,5.0,-14.1698,-12.928,-47.4380,-48.6798,PENDING_AG03,FALSE,NOT_FOR_ENFORCEMENT,-59.1434,894.0008,-61.6077,-59.1434,-2.4643,-0.05983232,-0.05743903,-2.4643,-59.1434,-0.05743903,-2.4643,-2.4643,-3.0804,-3.0804,-3.0804,-59.1434,-0.05743903,-14.1698,-12.928,-47.4380,-48.6798,-0.04607089,-0.04727691,-0.00239329,16.6076,15.0202,-0.9937,-6.1608,-1.7602,102.9673,6.2000,17.4097,9.1213,6.4069,12.2614,22.0926,33.1389,37.7784,48.9131,11.5434,0.0,3.08108,3.98919,1.354465,16,29,8,2,0.94684913,-0.05983232,-0.08590141,0E-8,0.000000,0.904414,0.016129,0.49047343,2026-06-01,2026-08-03,10,35,31,64,0.156250,1.908682,1.048297,3.156164,,,,,,,,GLOBAL_BASELINE_NO_ENTITY_RANKING,,,NOT_APPLICABLE_GLOBAL_BASELINE,HF9g-P5,,,,X 全窗基线 · 不参与实体赏罚,3927630,393,A168_HF9F_20260827_0900,2026-08-27 09:00:00
2026-07-25,136274618,2130,0,6.4068575468,0E-10,0E-10,,1,1,0.49324550000000000,0.493245500000,,,,0E-17,NO_DECISIVE_ROUND,R03b_20260811_FULL_v1,L1_ELIGIBILITY,v2026-08-11,2026-03-21..2026-08-06,baccarat_bet02_101_all_pairs_incl_sentinel,round_win = game_pnl > 0 (decisive only),COMPATIBILITY_ONLY_NOT_PRODUCTION,1029.6734,931.2508,-61.6077,62,62,0.05983232,0.08590141,-0.40457203,0.05983232,61.6077,1029.6734,OK,0.0000,-2.4643,4.0000,96.0000,AG03-UNRESOLVED,ALL5_LEVELS_bet23_to_bet27,-2.4643,-2.4643,-3.0804,-3.0804,-3.0804,4.000000,4.000000,5.000000,5.000000,5.000000,96.000000,96.000000,95.000000,95.000000,95.000000,5.0,-14.1698,-12.928,-47.4380,-48.6798,PENDING_AG03,FALSE,NOT_FOR_ENFORCEMENT,-59.1434,894.0008,-61.6077,-59.1434,-2.4643,-0.05983232,-0.05743903,-2.4643,-59.1434,-0.05743903,-2.4643,-2.4643,-3.0804,-3.0804,-3.0804,-59.1434,-0.05743903,-14.1698,-12.928,-47.4380,-48.6798,-0.04607089,-0.04727691,-0.00239329,16.6076,15.0202,-0.9937,-6.1608,-1.7602,102.9673,6.2000,17.4097,9.1213,6.4069,12.2614,22.0926,33.1389,37.7784,48.9131,11.5434,0.0,3.08108,3.98919,1.354465,16,29,8,2,0.94684913,-0.05983232,-0.08590141,0E-8,0.000000,0.904414,0.016129,0.49047343,2026-06-01,2026-08-03,10,35,31,64,0.156250,1.908682,1.048297,3.156164,,,,,,,,GLOBAL_BASELINE_NO_ENTITY_RANKING,,,NOT_APPLICABLE_GLOBAL_BASELINE,HF9g-P5,,,,X 全窗基线 · 不参与实体赏罚,3927631,393,A168_HF9F_20260827_0900,2026-08-27 09:00:00
2026-07-25,136274618,2156,0,5.5231530576,-5.5231530576,-5.5231530576,0E-7,1,1,0.50665070000000000,0.506650700000,-1.013391052207602,-1.013391052207602,-1.013391052207602,0E-17,ELIGIBLE,R03b_20260811_FULL_v1,L1_ELIGIBILITY,v2026-08-11,2026-03-21..2026-08-06,baccarat_bet02_101_all_pairs_incl_sentinel,round_win = game_pnl > 0 (decisive only),COMPATIBILITY_ONLY_NOT_PRODUCTION,1029.6734,931.2508,-61.6077,62,62,0.05983232,0.08590141,-0.40457203,0.05983232,61.6077,1029.6734,OK,0.0000,-2.4643,4.0000,96.0000,AG03-UNRESOLVED,ALL5_LEVELS_bet23_to_bet27,-2.4643,-2.4643,-3.0804,-3.0804,-3.0804,4.000000,4.000000,5.000000,5.000000,5.000000,96.000000,96.000000,95.000000,95.000000,95.000000,5.0,-14.1698,-12.928,-47.4380,-48.6798,PENDING_AG03,FALSE,NOT_FOR_ENFORCEMENT,-59.1434,894.0008,-61.6077,-59.1434,-2.4643,-0.05983232,-0.05743903,-2.4643,-59.1434,-0.05743903,-2.4643,-2.4643,-3.0804,-3.0804,-3.0804,-59.1434,-0.05743903,-14.1698,-12.928,-47.4380,-48.6798,-0.04607089,-0.04727691,-0.00239329,16.6076,15.0202,-0.9937,-6.1608,-1.7602,102.9673,6.2000,17.4097,9.1213,6.4069,12.2614,22.0926,33.1389,37.7784,48.9131,11.5434,0.0,3.08108,3.98919,1.354465,16,29,8,2,0.94684913,-0.05983232,-0.08590141,0E-8,0.000000,0.904414,0.016129,0.49047343,2026-06-01,2026-08-03,10,35,31,64,0.156250,1.908682,1.048297,3.156164,,,,,,,,GLOBAL_BASELINE_NO_ENTITY_RANKING,,,NOT_APPLICABLE_GLOBAL_BASELINE,HF9g-P5,,,,X 全窗基线 · 不参与实体赏罚,3927632,393,A168_HF9F_20260827_0900,2026-08-27 09:00:00
2026-07-25,136274618,2160,0,146.9158713327,43.9090668080,43.9090668080,0.6666667,4,4,0.49994810000000000,0.499948100000,0.5775300591747329,0.5775300591747329,0.5775300591747329,0E-17,ELIGIBLE,R03b_20260811_FULL_v1,L1_ELIGIBILITY,v2026-08-11,2026-03-21..2026-08-06,baccarat_bet02_101_all_pairs_incl_sentinel,round_win = game_pnl > 0 (decisive only),COMPATIBILITY_ONLY_NOT_PRODUCTION,1029.6734,931.2508,-61.6077,62,62,0.05983232,0.08590141,-0.40457203,0.05983232,61.6077,1029.6734,OK,0.0000,-2.4643,4.0000,96.0000,AG03-UNRESOLVED,ALL5_LEVELS_bet23_to_bet27,-2.4643,-2.4643,-3.0804,-3.0804,-3.0804,4.000000,4.000000,5.000000,5.000000,5.000000,96.000000,96.000000,95.000000,95.000000,95.000000,5.0,-14.1698,-12.928,-47.4380,-48.6798,PENDING_AG03,FALSE,NOT_FOR_ENFORCEMENT,-59.1434,894.0008,-61.6077,-59.1434,-2.4643,-0.05983232,-0.05743903,-2.4643,-59.1434,-0.05743903,-2.4643,-2.4643,-3.0804,-3.0804,-3.0804,-59.1434,-0.05743903,-14.1698,-12.928,-47.4380,-48.6798,-0.04607089,-0.04727691,-0.00239329,16.6076,15.0202,-0.9937,-6.1608,-1.7602,102.9673,6.2000,17.4097,9.1213,6.4069,12.2614,22.0926,33.1389,37.7784,48.9131,11.5434,0.0,3.08108,3.98919,1.354465,16,29,8,2,0.94684913,-0.05983232,-0.08590141,0E-8,0.000000,0.904414,0.016129,0.49047343,2026-06-01,2026-08-03,10,35,31,64,0.156250,1.908682,1.048297,3.156164,,,,,,,,GLOBAL_BASELINE_NO_ENTITY_RANKING,,,NOT_APPLICABLE_GLOBAL_BASELINE,HF9g-P5,,,,X 全窗基线 · 不参与实体赏罚,3927633,393,A168_HF9F_20260827_0900,2026-08-27 09:00:00
2026-07-25,136274618,2234,0,63.1848709791,36.5190880170,36.5190880170,1.0000000,4,4,0.49994810000000000,0.499948100000,1.7322306037746105,1.7322306037746105,1.7322306037746105,0E-17,ELIGIBLE,R03b_20260811_FULL_v1,L1_ELIGIBILITY,v2026-08-11,2026-03-21..2026-08-06,baccarat_bet02_101_all_pairs_incl_sentinel,round_win = game_pnl > 0 (decisive only),COMPATIBILITY_ONLY_NOT_PRODUCTION,1029.6734,931.2508,-61.6077,62,62,0.05983232,0.08590141,-0.40457203,0.05983232,61.6077,1029.6734,OK,0.0000,-2.4643,4.0000,96.0000,AG03-UNRESOLVED,ALL5_LEVELS_bet23_to_bet27,-2.4643,-2.4643,-3.0804,-3.0804,-3.0804,4.000000,4.000000,5.000000,5.000000,5.000000,96.000000,96.000000,95.000000,95.000000,95.000000,5.0,-14.1698,-12.928,-47.4380,-48.6798,PENDING_AG03,FALSE,NOT_FOR_ENFORCEMENT,-59.1434,894.0008,-61.6077,-59.1434,-2.4643,-0.05983232,-0.05743903,-2.4643,-59.1434,-0.05743903,-2.4643,-2.4643,-3.0804,-3.0804,-3.0804,-59.1434,-0.05743903,-14.1698,-12.928,-47.4380,-48.6798,-0.04607089,-0.04727691,-0.00239329,16.6076,15.0202,-0.9937,-6.1608,-1.7602,102.9673,6.2000,17.4097,9.1213,6.4069,12.2614,22.0926,33.1389,37.7784,48.9131,11.5434,0.0,3.08108,3.98919,1.354465,16,29,8,2,0.94684913,-0.05983232,-0.08590141,0E-8,0.000000,0.904414,0.016129,0.49047343,2026-06-01,2026-08-03,10,35,31,64,0.156250,1.908682,1.048297,3.156164,,,,,,,,GLOBAL_BASELINE_NO_ENTITY_RANKING,,,NOT_APPLICABLE_GLOBAL_BASELINE,HF9g-P5,,,,X 全窗基线 · 不参与实体赏罚,3927634,393,A168_HF9F_20260827_0900,2026-08-27 09:00:00
2026-07-25,136274618,2250,0,59.6500530222,-8.8370448922,-8.8370448922,0.5000000,2,2,0.49994810000000000,0.499948100000,0.00014679536856514622,0.00014679536856514622,0.00014679536856514622,0E-17,ELIGIBLE,R03b_20260811_FULL_v1,L1_ELIGIBILITY,v2026-08-11,2026-03-21..2026-08-06,baccarat_bet02_101_all_pairs_incl_sentinel,round_win = game_pnl > 0 (decisive only),COMPATIBILITY_ONLY_NOT_PRODUCTION,1029.6734,931.2508,-61.6077,62,62,0.05983232,0.08590141,-0.40457203,0.05983232,61.6077,1029.6734,OK,0.0000,-2.4643,4.0000,96.0000,AG03-UNRESOLVED,ALL5_LEVELS_bet23_to_bet27,-2.4643,-2.4643,-3.0804,-3.0804,-3.0804,4.000000,4.000000,5.000000,5.000000,5.000000,96.000000,96.000000,95.000000,95.000000,95.000000,5.0,-14.1698,-12.928,-47.4380,-48.6798,PENDING_AG03,FALSE,NOT_FOR_ENFORCEMENT,-59.1434,894.0008,-61.6077,-59.1434,-2.4643,-0.05983232,-0.05743903,-2.4643,-59.1434,-0.05743903,-2.4643,-2.4643,-3.0804,-3.0804,-3.0804,-59.1434,-0.05743903,-14.1698,-12.928,-47.4380,-48.6798,-0.04607089,-0.04727691,-0.00239329,16.6076,15.0202,-0.9937,-6.1608,-1.7602,102.9673,6.2000,17.4097,9.1213,6.4069,12.2614,22.0926,33.1389,37.7784,48.9131,11.5434,0.0,3.08108,3.98919,1.354465,16,29,8,2,0.94684913,-0.05983232,-0.08590141,0E-8,0.000000,0.904414,0.016129,0.49047343,2026-06-01,2026-08-03,10,35,31,64,0.156250,1.908682,1.048297,3.156164,,,,,,,,GLOBAL_BASELINE_NO_ENTITY_RANKING,,,NOT_APPLICABLE_GLOBAL_BASELINE,HF9g-P5,,,,X 全窗基线 · 不参与实体赏罚,3927635,393,A168_HF9F_20260827_0900,2026-08-27 09:00:00
2026-07-25,136274618,2256,0,22.4240014139,-22.4240014139,-22.4240014139,0E-7,2,2,0.49324550000000000,0.493245500000,-1.3952362676504506,-1.3952362676504506,-1.3952362676504506,0E-17,ELIGIBLE,R03b_20260811_FULL_v1,L1_ELIGIBILITY,v2026-08-11,2026-03-21..2026-08-06,baccarat_bet02_101_all_pairs_incl_sentinel,round_win = game_pnl > 0 (decisive only),COMPATIBILITY_ONLY_NOT_PRODUCTION,1029.6734,931.2508,-61.6077,62,62,0.05983232,0.08590141,-0.40457203,0.05983232,61.6077,1029.6734,OK,0.0000,-2.4643,4.0000,96.0000,AG03-UNRESOLVED,ALL5_LEVELS_bet23_to_bet27,-2.4643,-2.4643,-3.0804,-3.0804,-3.0804,4.000000,4.000000,5.000000,5.000000,5.000000,96.000000,96.000000,95.000000,95.000000,95.000000,5.0,-14.1698,-12.928,-47.4380,-48.6798,PENDING_AG03,FALSE,NOT_FOR_ENFORCEMENT,-59.1434,894.0008,-61.6077,-59.1434,-2.4643,-0.05983232,-0.05743903,-2.4643,-59.1434,-0.05743903,-2.4643,-2.4643,-3.0804,-3.0804,-3.0804,-59.1434,-0.05743903,-14.1698,-12.928,-47.4380,-48.6798,-0.04607089,-0.04727691,-0.00239329,16.6076,15.0202,-0.9937,-6.1608,-1.7602,102.9673,6.2000,17.4097,9.1213,6.4069,12.2614,22.0926,33.1389,37.7784,48.9131,11.5434,0.0,3.08108,3.98919,1.354465,16,29,8,2,0.94684913,-0.05983232,-0.08590141,0E-8,0.000000,0.904414,0.016129,0.49047343,2026-06-01,2026-08-03,10,35,31,64,0.156250,1.908682,1.048297,3.156164,,,,,,,,GLOBAL_BASELINE_NO_ENTITY_RANKING,,,NOT_APPLICABLE_GLOBAL_BASELINE,HF9g-P5,,,,X 全窗基线 · 不参与实体赏罚,3927636,393,A168_HF9F_20260827_0900,2026-08-27 09:00:00
2026-07-25,136274618,526,0,35.3481795687,-0.2982502652,-0.2982502652,0.6666667,3,3,0.50218230000000000,0.502182300000,0.5697959874915163,0.5697959874915164,0.5697959874915163,0E-17,ELIGIBLE,R03b_20260811_FULL_v1,L1_ELIGIBILITY,v2026-08-11,2026-03-21..2026-08-06,baccarat_bet02_101_all_pairs_incl_sentinel,round_win = game_pnl > 0 (decisive only),COMPATIBILITY_ONLY_NOT_PRODUCTION,1029.6734,931.2508,-61.6077,62,62,0.05983232,0.08590141,-0.40457203,0.05983232,61.6077,1029.6734,OK,0.0000,-2.4643,4.0000,96.0000,AG03-UNRESOLVED,ALL5_LEVELS_bet23_to_bet27,-2.4643,-2.4643,-3.0804,-3.0804,-3.0804,4.000000,4.000000,5.000000,5.000000,5.000000,96.000000,96.000000,95.000000,95.000000,95.000000,5.0,-14.1698,-12.928,-47.4380,-48.6798,PENDING_AG03,FALSE,NOT_FOR_ENFORCEMENT,-59.1434,894.0008,-61.6077,-59.1434,-2.4643,-0.05983232,-0.05743903,-2.4643,-59.1434,-0.05743903,-2.4643,-2.4643,-3.0804,-3.0804,-3.0804,-59.1434,-0.05743903,-14.1698,-12.928,-47.4380,-48.6798,-0.04607089,-0.04727691,-0.00239329,16.6076,15.0202,-0.9937,-6.1608,-1.7602,102.9673,6.2000,17.4097,9.1213,6.4069,12.2614,22.0926,33.1389,37.7784,48.9131,11.5434,0.0,3.08108,3.98919,1.354465,16,29,8,2,0.94684913,-0.05983232,-0.08590141,0E-8,0.000000,0.904414,0.016129,0.49047343,2026-06-01,2026-08-03,10,35,31,64,0.156250,1.908682,1.048297,3.156164,,,,,,,,GLOBAL_BASELINE_NO_ENTITY_RANKING,,,NOT_APPLICABLE_GLOBAL_BASELINE,HF9g-P5,,,,X 全窗基线 · 不参与实体赏罚,3927637,393,A168_HF9F_20260827_0900,2026-08-27 09:00:00
2026-07-26,136274618,1307,0,20.9879816189,-20.9879816189,-20.9879816189,0E-7,1,1,0.50665070000000000,0.506650700000,-1.013391052207602,-1.013391052207602,-1.013391052207602,0E-17,ELIGIBLE,R03b_20260811_FULL_v1,L1_ELIGIBILITY,v2026-08-11,2026-03-21..2026-08-06,baccarat_bet02_101_all_pairs_incl_sentinel,round_win = game_pnl > 0 (decisive only),COMPATIBILITY_ONLY_NOT_PRODUCTION,1029.6734,931.2508,-61.6077,62,62,0.05983232,0.08590141,-0.40457203,0.05983232,61.6077,1029.6734,OK,0.0000,-2.4643,4.0000,96.0000,AG03-UNRESOLVED,ALL5_LEVELS_bet23_to_bet27,-2.4643,-2.4643,-3.0804,-3.0804,-3.0804,4.000000,4.000000,5.000000,5.000000,5.000000,96.000000,96.000000,95.000000,95.000000,95.000000,5.0,-14.1698,-12.928,-47.4380,-48.6798,PENDING_AG03,FALSE,NOT_FOR_ENFORCEMENT,-59.1434,894.0008,-61.6077,-59.1434,-2.4643,-0.05983232,-0.05743903,-2.4643,-59.1434,-0.05743903,-2.4643,-2.4643,-3.0804,-3.0804,-3.0804,-59.1434,-0.05743903,-14.1698,-12.928,-47.4380,-48.6798,-0.04607089,-0.04727691,-0.00239329,16.6076,15.0202,-0.9937,-6.1608,-1.7602,102.9673,6.2000,17.4097,9.1213,6.4069,12.2614,22.0926,33.1389,37.7784,48.9131,11.5434,0.0,3.08108,3.98919,1.354465,16,29,8,2,0.94684913,-0.05983232,-0.08590141,0E-8,0.000000,0.904414,0.016129,0.49047343,2026-06-01,2026-08-03,10,35,31,64,0.156250,1.908682,1.048297,3.156164,,,,,,,,GLOBAL_BASELINE_NO_ENTITY_RANKING,,,NOT_APPLICABLE_GLOBAL_BASELINE,HF9g-P5,,,,X 全窗基线 · 不参与实体赏罚,3927638,393,A168_HF9F_20260827_0900,2026-08-27 09:00:00
2026-07-26,136274618,1963,0,22.0926122305,-22.0926122305,-22.0926122305,0E-7,1,1,0.50665070000000000,0.506650700000,-1.013391052207602,-1.013391052207602,-1.013391052207602,0E-17,ELIGIBLE,R03b_20260811_FULL_v1,L1_ELIGIBILITY,v2026-08-11,2026-03-21..2026-08-06,baccarat_bet02_101_all_pairs_incl_sentinel,round_win = game_pnl > 0 (decisive only),COMPATIBILITY_ONLY_NOT_PRODUCTION,1029.6734,931.2508,-61.6077,62,62,0.05983232,0.08590141,-0.40457203,0.05983232,61.6077,1029.6734,OK,0.0000,-2.4643,4.0000,96.0000,AG03-UNRESOLVED,ALL5_LEVELS_bet23_to_bet27,-2.4643,-2.4643,-3.0804,-3.0804,-3.0804,4.000000,4.000000,5.000000,5.000000,5.000000,96.000000,96.000000,95.000000,95.000000,95.000000,5.0,-14.1698,-12.928,-47.4380,-48.6798,PENDING_AG03,FALSE,NOT_FOR_ENFORCEMENT,-59.1434,894.0008,-61.6077,-59.1434,-2.4643,-0.05983232,-0.05743903,-2.4643,-59.1434,-0.05743903,-2.4643,-2.4643,-3.0804,-3.0804,-3.0804,-59.1434,-0.05743903,-14.1698,-12.928,-47.4380,-48.6798,-0.04607089,-0.04727691,-0.00239329,16.6076,15.0202,-0.9937,-6.1608,-1.7602,102.9673,6.2000,17.4097,9.1213,6.4069,12.2614,22.0926,33.1389,37.7784,48.9131,11.5434,0.0,3.08108,3.98919,1.354465,16,29,8,2,0.94684913,-0.05983232,-0.08590141,0E-8,0.000000,0.904414,0.016129,0.49047343,2026-06-01,2026-08-03,10,35,31,64,0.156250,1.908682,1.048297,3.156164,,,,,,,,GLOBAL_BASELINE_NO_ENTITY_RANKING,,,NOT_APPLICABLE_GLOBAL_BASELINE,HF9g-P5,,,,X 全窗基线 · 不参与实体赏罚,3927639,393,A168_HF9F_20260827_0900,2026-08-27 09:00:00
2026-07-26,136274618,2142,0,16.9008483563,-16.9008483563,-16.9008483563,0E-7,1,1,0.50665070000000000,0.506650700000,-1.013391052207602,-1.013391052207602,-1.013391052207602,0E-17,ELIGIBLE,R03b_20260811_FULL_v1,L1_ELIGIBILITY,v2026-08-11,2026-03-21..2026-08-06,baccarat_bet02_101_all_pairs_incl_sentinel,round_win = game_pnl > 0 (decisive only),COMPATIBILITY_ONLY_NOT_PRODUCTION,1029.6734,931.2508,-61.6077,62,62,0.05983232,0.08590141,-0.40457203,0.05983232,61.6077,1029.6734,OK,0.0000,-2.4643,4.0000,96.0000,AG03-UNRESOLVED,ALL5_LEVELS_bet23_to_bet27,-2.4643,-2.4643,-3.0804,-3.0804,-3.0804,4.000000,4.000000,5.000000,5.000000,5.000000,96.000000,96.000000,95.000000,95.000000,95.000000,5.0,-14.1698,-12.928,-47.4380,-48.6798,PENDING_AG03,FALSE,NOT_FOR_ENFORCEMENT,-59.1434,894.0008,-61.6077,-59.1434,-2.4643,-0.05983232,-0.05743903,-2.4643,-59.1434,-0.05743903,-2.4643,-2.4643,-3.0804,-3.0804,-3.0804,-59.1434,-0.05743903,-14.1698,-12.928,-47.4380,-48.6798,-0.04607089,-0.04727691,-0.00239329,16.6076,15.0202,-0.9937,-6.1608,-1.7602,102.9673,6.2000,17.4097,9.1213,6.4069,12.2614,22.0926,33.1389,37.7784,48.9131,11.5434,0.0,3.08108,3.98919,1.354465,16,29,8,2,0.94684913,-0.05983232,-0.08590141,0E-8,0.000000,0.904414,0.016129,0.49047343,2026-06-01,2026-08-03,10,35,31,64,0.156250,1.908682,1.048297,3.156164,,,,,,,,GLOBAL_BASELINE_NO_ENTITY_RANKING,,,NOT_APPLICABLE_GLOBAL_BASELINE,HF9g-P5,,,,X 全窗基线 · 不参与实体赏罚,3927640,393,A168_HF9F_20260827_0900,2026-08-27 09:00:00
2026-07-26,136274618,471,0,33.1389183457,-33.1389183457,-33.1389183457,0E-7,1,1,0.50665070000000000,0.506650700000,-1.013391052207602,-1.013391052207602,-1.013391052207602,0E-17,ELIGIBLE,R03b_20260811_FULL_v1,L1_ELIGIBILITY,v2026-08-11,2026-03-21..2026-08-06,baccarat_bet02_101_all_pairs_incl_sentinel,round_win = game_pnl > 0 (decisive only),COMPATIBILITY_ONLY_NOT_PRODUCTION,1029.6734,931.2508,-61.6077,62,62,0.05983232,0.08590141,-0.40457203,0.05983232,61.6077,1029.6734,OK,0.0000,-2.4643,4.0000,96.0000,AG03-UNRESOLVED,ALL5_LEVELS_bet23_to_bet27,-2.4643,-2.4643,-3.0804,-3.0804,-3.0804,4.000000,4.000000,5.000000,5.000000,5.000000,96.000000,96.000000,95.000000,95.000000,95.000000,5.0,-14.1698,-12.928,-47.4380,-48.6798,PENDING_AG03,FALSE,NOT_FOR_ENFORCEMENT,-59.1434,894.0008,-61.6077,-59.1434,-2.4643,-0.05983232,-0.05743903,-2.4643,-59.1434,-0.05743903,-2.4643,-2.4643,-3.0804,-3.0804,-3.0804,-59.1434,-0.05743903,-14.1698,-12.928,-47.4380,-48.6798,-0.04607089,-0.04727691,-0.00239329,16.6076,15.0202,-0.9937,-6.1608,-1.7602,102.9673,6.2000,17.4097,9.1213,6.4069,12.2614,22.0926,33.1389,37.7784,48.9131,11.5434,0.0,3.08108,3.98919,1.354465,16,29,8,2,0.94684913,-0.05983232,-0.08590141,0E-8,0.000000,0.904414,0.016129,0.49047343,2026-06-01,2026-08-03,10,35,31,64,0.156250,1.908682,1.048297,3.156164,,,,,,,,GLOBAL_BASELINE_NO_ENTITY_RANKING,,,NOT_APPLICABLE_GLOBAL_BASELINE,HF9g-P5,,,,X 全窗基线 · 不参与实体赏罚,3927641,393,A168_HF9F_20260827_0900,2026-08-27 09:00:00
2026-07-26,136274618,789,0,27.6157652881,0E-10,0E-10,,1,1,0.50665070000000000,0.506650700000,,,,0E-17,NO_DECISIVE_ROUND,R03b_20260811_FULL_v1,L1_ELIGIBILITY,v2026-08-11,2026-03-21..2026-08-06,baccarat_bet02_101_all_pairs_incl_sentinel,round_win = game_pnl > 0 (decisive only),COMPATIBILITY_ONLY_NOT_PRODUCTION,1029.6734,931.2508,-61.6077,62,62,0.05983232,0.08590141,-0.40457203,0.05983232,61.6077,1029.6734,OK,0.0000,-2.4643,4.0000,96.0000,AG03-UNRESOLVED,ALL5_LEVELS_bet23_to_bet27,-2.4643,-2.4643,-3.0804,-3.0804,-3.0804,4.000000,4.000000,5.000000,5.000000,5.000000,96.000000,96.000000,95.000000,95.000000,95.000000,5.0,-14.1698,-12.928,-47.4380,-48.6798,PENDING_AG03,FALSE,NOT_FOR_ENFORCEMENT,-59.1434,894.0008,-61.6077,-59.1434,-2.4643,-0.05983232,-0.05743903,-2.4643,-59.1434,-0.05743903,-2.4643,-2.4643,-3.0804,-3.0804,-3.0804,-59.1434,-0.05743903,-14.1698,-12.928,-47.4380,-48.6798,-0.04607089,-0.04727691,-0.00239329,16.6076,15.0202,-0.9937,-6.1608,-1.7602,102.9673,6.2000,17.4097,9.1213,6.4069,12.2614,22.0926,33.1389,37.7784,48.9131,11.5434,0.0,3.08108,3.98919,1.354465,16,29,8,2,0.94684913,-0.05983232,-0.08590141,0E-8,0.000000,0.904414,0.016129,0.49047343,2026-06-01,2026-08-03,10,35,31,64,0.156250,1.908682,1.048297,3.156164,,,,,,,,GLOBAL_BASELINE_NO_ENTITY_RANKING,,,NOT_APPLICABLE_GLOBAL_BASELINE,HF9g-P5,,,,X 全窗基线 · 不参与实体赏罚,3927642,393,A168_HF9F_20260827_0900,2026-08-27 09:00:00
2026-08-03,136274618,462,0,3.3122819414,-3.3122819414,-3.3122819414,0E-7,1,1,0.50665070000000000,0.506650700000,-1.013391052207602,-1.013391052207602,-1.013391052207602,0E-17,ELIGIBLE,R03b_20260811_FULL_v1,L1_ELIGIBILITY,v2026-08-11,2026-03-21..2026-08-06,baccarat_bet02_101_all_pairs_incl_sentinel,round_win = game_pnl > 0 (decisive only),COMPATIBILITY_ONLY_NOT_PRODUCTION,1029.6734,931.2508,-61.6077,62,62,0.05983232,0.08590141,-0.40457203,0.05983232,61.6077,1029.6734,OK,0.0000,-2.4643,4.0000,96.0000,AG03-UNRESOLVED,ALL5_LEVELS_bet23_to_bet27,-2.4643,-2.4643,-3.0804,-3.0804,-3.0804,4.000000,4.000000,5.000000,5.000000,5.000000,96.000000,96.000000,95.000000,95.000000,95.000000,5.0,-14.1698,-12.928,-47.4380,-48.6798,PENDING_AG03,FALSE,NOT_FOR_ENFORCEMENT,-59.1434,894.0008,-61.6077,-59.1434,-2.4643,-0.05983232,-0.05743903,-2.4643,-59.1434,-0.05743903,-2.4643,-2.4643,-3.0804,-3.0804,-3.0804,-59.1434,-0.05743903,-14.1698,-12.928,-47.4380,-48.6798,-0.04607089,-0.04727691,-0.00239329,16.6076,15.0202,-0.9937,-6.1608,-1.7602,102.9673,6.2000,17.4097,9.1213,6.4069,12.2614,22.0926,33.1389,37.7784,48.9131,11.5434,0.0,3.08108,3.98919,1.354465,16,29,8,2,0.94684913,-0.05983232,-0.08590141,0E-8,0.000000,0.904414,0.016129,0.49047343,2026-06-01,2026-08-03,10,35,31,64,0.156250,1.908682,1.048297,3.156164,,,,,,,,GLOBAL_BASELINE_NO_ENTITY_RANKING,,,NOT_APPLICABLE_GLOBAL_BASELINE,HF9g-P5,,,,X 全窗基线 · 不参与实体赏罚,3927643,393,A168_HF9F_20260827_0900,2026-08-27 09:00:00
2026-05-15,150079838,1318,0,90.8100254268,60.9724456437,60.9724456437,1.0000000,2,1,0.44192365714264331,0.280106050000,1.1237589949856877,1.6031457840727341,1.1237589949856877,0.16181760714264331,ELIGIBLE,R03b_20260811_FULL_v1,L1_ELIGIBILITY,v2026-08-11,2026-03-21..2026-08-06,baccarat_bet02_101_all_pairs_incl_sentinel,round_win = game_pnl > 0 (decisive only),COMPATIBILITY_ONLY_NOT_PRODUCTION,90.8100,90.8100,-60.9724,2,1,0.67142857,,0.67142857,0.67142857,60.9724,90.8100,THIN_EXPOSURE,0.0000,-1.8292,3.0000,97.0000,AG03-UNRESOLVED,ALL5_LEVELS_bet23_to_bet27,-1.8292,-1.8292,-1.8292,-2.4389,-2.4389,3.000000,3.000000,3.000000,4.000000,4.000000,97.000000,97.000000,97.000000,96.000000,96.000000,5.0,-10.3653,-9.6873,-50.6071,-51.2851,PENDING_AG03,FALSE,NOT_FOR_ENFORCEMENT,-59.1433,88.0857,-60.9724,-59.1433,-1.8292,-0.67142857,-0.65128571,-1.8292,-59.1433,-0.65128571,-1.8292,-1.8292,-1.8292,-2.4389,-2.4389,-59.1433,-0.65128571,-10.3653,-9.6873,-50.6071,-51.2851,-0.55728571,-0.56475162,-0.02014286,45.4050,90.8100,-60.9724,-60.9724,-60.9724,90.8100,1.0000,,45.4050,12.9729,45.405,77.8372,77.8372,77.8372,77.8372,45.405,30.4862,1.714286,1.714286,1.0,1,1,1,2,0E-8,-0.67142857,,0E-8,0.000000,1.000000,0.000000,,2026-05-15,2026-05-15,1,1,1,1,1.000000,,,0.000000,,,,,,,,GLOBAL_BASELINE_NO_ENTITY_RANKING,,,NOT_APPLICABLE_GLOBAL_BASELINE,HF9g-P5,,,,X 全窗基线 · 不参与实体赏罚,3927644,393,A168_HF9F_20260827_0900,2026-08-27 09:00:00
2026-05-04,149556099,2223,0,160.8634736139,60.9724456432,60.9724456432,0.7142857,19,7,0.41391938209596690,0.240302873810,1.613480459907173,2.93502574579891,1.613480459907173,0.17361650828596690,ELIGIBLE,R03b_20260811_FULL_v1,L1_ELIGIBILITY,v2026-08-11,2026-03-21..2026-08-06,baccarat_bet02_101_all_pairs_incl_sentinel,round_win = game_pnl > 0 (decisive only),COMPATIBILITY_ONLY_NOT_PRODUCTION,160.8635,160.8635,-60.9724,19,7,0.37903226,,0.37903226,0.37903226,60.9724,160.8635,THIN_EXPOSURE,0.0000,-1.8292,3.0000,97.0000,AG03-UNRESOLVED,ALL5_LEVELS_bet23_to_bet27,-1.8292,-1.8292,-1.8292,-2.4389,-2.4389,3.000000,3.000000,3.000000,4.000000,4.000000,97.000000,97.000000,97.000000,96.000000,96.000000,5.0,-10.3653,-9.6873,-50.6071,-51.2851,PENDING_AG03,FALSE,NOT_FOR_ENFORCEMENT,-59.1433,156.0376,-60.9724,-59.1433,-1.8292,-0.37903226,-0.36766129,-1.8292,-59.1433,-0.36766129,-1.8292,-1.8292,-1.8292,-2.4389,-2.4389,-59.1433,-0.36766129,-10.3653,-9.6873,-50.6071,-51.2851,-0.31459677,-0.3188114,-0.01137097,8.4665,22.9805,-8.7103,-60.9724,-60.9724,160.8635,7.0000,,8.4665,2.5946,2.5946,12.9729,25.9457,25.9457,25.9457,2.5946,-2.5946,10.0,10.0,3.263158,1,1,1,8,0E-8,-0.37903226,,0E-8,0.000000,1.000000,0.000000,,2026-05-04,2026-05-04,1,1,1,1,1.000000,,,0.000000,,,,,,,,GLOBAL_BASELINE_NO_ENTITY_RANKING,,,NOT_APPLICABLE_GLOBAL_BASELINE,HF9g-P5,,,,X 全窗基线 · 不参与实体赏罚,3927645,393,A168_HF9F_20260827_0900,2026-08-27 09:00:00
2026-07-09,152774202,1505,0,14.3073212607,14.3073212607,14.4360871520,1.0000000,1,1,0.49324550000000000,0.493245500000,1.01360149184955,1.01360149184955,1.01360149184955,0E-17,ELIGIBLE,R03b_20260811_FULL_v1,L1_ELIGIBILITY,v2026-08-11,2026-03-21..2026-08-06,baccarat_bet02_101_all_pairs_incl_sentinel,round_win = game_pnl > 0 (decisive only),COMPATIBILITY_ONLY_NOT_PRODUCTION,161.4683,161.4683,-60.7264,6,6,0.37608861,0.37608861,,0.36708861,60.7264,161.4683,THIN_EXPOSURE,1.4532,-3.0363,5.0000,95.0000,AG03-UNRESOLVED,ALL5_LEVELS_bet23_to_bet27,-3.0363,-3.0363,-3.0363,-3.0363,-3.0363,5.000000,5.000000,5.000000,5.000000,5.000000,95.000000,95.000000,95.000000,95.000000,95.000000,5.0,-15.1816,-13.7375,-46.9980,-48.4421,PENDING_AG03,FALSE,NOT_FOR_ENFORCEMENT,-57.6901,153.3949,-62.1796,-59.1433,-4.4895,-0.38508861,-0.36628418,-3.0363,-59.1433,-0.36628418,-3.0363,-3.0363,-3.0363,-3.0363,-3.0363,-59.1433,-0.36628418,-15.1816,-13.7375,-46.9980,-48.4421,-0.29106646,-0.3000102,-0.02780443,26.9114,26.9114,-10.1211,-60.7264,-20.2421,161.4683,6.0000,26.9114,,16.3512,29.6366,34.7464,36.5859,36.7903,36.7903,29.6366,19.5918,1.241379,1.241379,0.908046,3,3,1,2,1.00000000,-0.37608861,-0.37608861,0.00900000,0.900000,1.000000,0.333333,,2026-07-09,2026-07-09,1,3,3,1,1.000000,,1.000000,3.333333,,,,,,,,GLOBAL_BASELINE_NO_ENTITY_RANKING,,,NOT_APPLICABLE_GLOBAL_BASELINE,HF9g-P5,,,,X 全窗基线 · 不参与实体赏罚,3927646,393,A168_HF9F_20260827_0900,2026-08-27 09:00:00
2026-07-09,152774202,2235,0,24.5268364469,24.5268364469,24.7475779749,1.0000000,1,1,0.49324550000000000,0.493245500000,1.01360149184955,1.01360149184955,1.01360149184955,0E-17,ELIGIBLE,R03b_20260811_FULL_v1,L1_ELIGIBILITY,v2026-08-11,2026-03-21..2026-08-06,baccarat_bet02_101_all_pairs_incl_sentinel,round_win = game_pnl > 0 (decisive only),COMPATIBILITY_ONLY_NOT_PRODUCTION,161.4683,161.4683,-60.7264,6,6,0.37608861,0.37608861,,0.36708861,60.7264,161.4683,THIN_EXPOSURE,1.4532,-3.0363,5.0000,95.0000,AG03-UNRESOLVED,ALL5_LEVELS_bet23_to_bet27,-3.0363,-3.0363,-3.0363,-3.0363,-3.0363,5.000000,5.000000,5.000000,5.000000,5.000000,95.000000,95.000000,95.000000,95.000000,95.000000,5.0,-15.1816,-13.7375,-46.9980,-48.4421,PENDING_AG03,FALSE,NOT_FOR_ENFORCEMENT,-57.6901,153.3949,-62.1796,-59.1433,-4.4895,-0.38508861,-0.36628418,-3.0363,-59.1433,-0.36628418,-3.0363,-3.0363,-3.0363,-3.0363,-3.0363,-59.1433,-0.36628418,-15.1816,-13.7375,-46.9980,-48.4421,-0.29106646,-0.3000102,-0.02780443,26.9114,26.9114,-10.1211,-60.7264,-20.2421,161.4683,6.0000,26.9114,,16.3512,29.6366,34.7464,36.5859,36.7903,36.7903,29.6366,19.5918,1.241379,1.241379,0.908046,3,3,1,2,1.00000000,-0.37608861,-0.37608861,0.00900000,0.900000,1.000000,0.333333,,2026-07-09,2026-07-09,1,3,3,1,1.000000,,1.000000,3.333333,,,,,,,,GLOBAL_BASELINE_NO_ENTITY_RANKING,,,NOT_APPLICABLE_GLOBAL_BASELINE,HF9g-P5,,,,X 全窗基线 · 不参与实体赏罚,3927647,393,A168_HF9F_20260827_0900,2026-08-27 09:00:00
2026-07-09,152774202,986,0,122.6341822344,20.4390303724,21.5427380126,0.5000000,4,4,0.49994810000000000,0.499948100000,0.00020760000111838688,0.00020760000111838688,0.00020760000111838688,0E-17,ELIGIBLE,R03b_20260811_FULL_v1,L1_ELIGIBILITY,v2026-08-11,2026-03-21..2026-08-06,baccarat_bet02_101_all_pairs_incl_sentinel,round_win = game_pnl > 0 (decisive only),COMPATIBILITY_ONLY_NOT_PRODUCTION,161.4683,161.4683,-60.7264,6,6,0.37608861,0.37608861,,0.36708861,60.7264,161.4683,THIN_EXPOSURE,1.4532,-3.0363,5.0000,95.0000,AG03-UNRESOLVED,ALL5_LEVELS_bet23_to_bet27,-3.0363,-3.0363,-3.0363,-3.0363,-3.0363,5.000000,5.000000,5.000000,5.000000,5.000000,95.000000,95.000000,95.000000,95.000000,95.000000,5.0,-15.1816,-13.7375,-46.9980,-48.4421,PENDING_AG03,FALSE,NOT_FOR_ENFORCEMENT,-57.6901,153.3949,-62.1796,-59.1433,-4.4895,-0.38508861,-0.36628418,-3.0363,-59.1433,-0.36628418,-3.0363,-3.0363,-3.0363,-3.0363,-3.0363,-59.1433,-0.36628418,-15.1816,-13.7375,-46.9980,-48.4421,-0.29106646,-0.3000102,-0.02780443,26.9114,26.9114,-10.1211,-60.7264,-20.2421,161.4683,6.0000,26.9114,,16.3512,29.6366,34.7464,36.5859,36.7903,36.7903,29.6366,19.5918,1.241379,1.241379,0.908046,3,3,1,2,1.00000000,-0.37608861,-0.37608861,0.00900000,0.900000,1.000000,0.333333,,2026-07-09,2026-07-09,1,3,3,1,1.000000,,1.000000,3.333333,,,,,,,,GLOBAL_BASELINE_NO_ENTITY_RANKING,,,NOT_APPLICABLE_GLOBAL_BASELINE,HF9g-P5,,,,X 全窗基线 · 不参与实体赏罚,3927648,393,A168_HF9F_20260827_0900,2026-08-27 09:00:00
2026-05-13,149982672,-1,1,12.9728607753,12.9728607753,12.9728607753,1.0000000,1,1,0.49324550000000000,0.493245500000,1.01360149184955,1.01360149184955,1.01360149184955,0E-17,SENTINEL_DEALER,R03b_20260811_FULL_v1,L1_ELIGIBILITY,v2026-08-11,2026-03-21..2026-08-06,baccarat_bet02_101_all_pairs_incl_sentinel,round_win = game_pnl > 0 (decisive only),COMPATIBILITY_ONLY_NOT_PRODUCTION,394.3750,394.3750,-60.9724,22,22,0.15460526,,0.15460526,0.15460526,60.9724,394.3750,THIN_EXPOSURE,0.0000,-1.8292,3.0000,97.0000,AG03-UNRESOLVED,ALL5_LEVELS_bet23_to_bet27,-1.8292,-1.8292,-1.8292,-2.4389,-2.4389,3.000000,3.000000,3.000000,4.000000,4.000000,97.000000,97.000000,97.000000,96.000000,96.000000,5.0,-10.3653,-9.6873,-50.6071,-51.2851,PENDING_AG03,FALSE,NOT_FOR_ENFORCEMENT,-59.1433,382.5437,-60.9724,-59.1433,-1.8292,-0.15460526,-0.14996711,-1.8292,-59.1433,-0.14996711,-1.8292,-1.8292,-1.8292,-2.4389,-2.4389,-59.1433,-0.14996711,-10.3653,-9.6873,-50.6071,-51.2851,-0.12832237,-0.13004149,-0.00463816,17.9261,17.9261,-2.7715,-60.9724,-10.1621,394.3750,22.0000,,17.9261,12.9729,15.5674,18.162,29.8376,42.0321,46.7023,15.5674,-1.2973,2.7,3.0,1.151515,6,6,1,2,0E-8,-0.15460526,,0E-8,0.000000,1.000000,0.000000,,2026-05-13,2026-05-13,1,6,6,1,1.000000,,,0.000000,,,,,,,,GLOBAL_BASELINE_NO_ENTITY_RANKING,,,NOT_APPLICABLE_GLOBAL_BASELINE,HF9g-P5,,,,X 全窗基线 · 不参与实体赏罚,3927649,393,A168_HF9F_20260827_0900,2026-08-27 09:00:00
2026-05-13,149982672,2129,0,111.5666026673,56.0427585491,56.0427585491,0.6000000,5,5,0.50396966000000000,0.503969660000,0.4294742719815242,0.4294742719815242,0.4294742719815242,0E-17,ELIGIBLE,R03b_20260811_FULL_v1,L1_ELIGIBILITY,v2026-08-11,2026-03-21..2026-08-06,baccarat_bet02_101_all_pairs_incl_sentinel,round_win = game_pnl > 0 (decisive only),COMPATIBILITY_ONLY_NOT_PRODUCTION,394.3750,394.3750,-60.9724,22,22,0.15460526,,0.15460526,0.15460526,60.9724,394.3750,THIN_EXPOSURE,0.0000,-1.8292,3.0000,97.0000,AG03-UNRESOLVED,ALL5_LEVELS_bet23_to_bet27,-1.8292,-1.8292,-1.8292,-2.4389,-2.4389,3.000000,3.000000,3.000000,4.000000,4.000000,97.000000,97.000000,97.000000,96.000000,96.000000,5.0,-10.3653,-9.6873,-50.6071,-51.2851,PENDING_AG03,FALSE,NOT_FOR_ENFORCEMENT,-59.1433,382.5437,-60.9724,-59.1433,-1.8292,-0.15460526,-0.14996711,-1.8292,-59.1433,-0.14996711,-1.8292,-1.8292,-1.8292,-2.4389,-2.4389,-59.1433,-0.14996711,-10.3653,-9.6873,-50.6071,-51.2851,-0.12832237,-0.13004149,-0.00463816,17.9261,17.9261,-2.7715,-60.9724,-10.1621,394.3750,22.0000,,17.9261,12.9729,15.5674,18.162,29.8376,42.0321,46.7023,15.5674,-1.2973,2.7,3.0,1.151515,6,6,1,2,0E-8,-0.15460526,,0E-8,0.000000,1.000000,0.000000,,2026-05-13,2026-05-13,1,6,6,1,1.000000,,,0.000000,,,,,,,,GLOBAL_BASELINE_NO_ENTITY_RANKING,,,NOT_APPLICABLE_GLOBAL_BASELINE,HF9g-P5,,,,X 全窗基线 · 不参与实体赏罚,3927650,393,A168_HF9F_20260827_0900,2026-08-27 09:00:00
2026-05-13,149982672,2169,0,85.6208811168,-49.2968709460,-49.2968709460,0.2000000,5,5,0.49592654000000000,0.495926540000,-1.323467641100715,-1.323467641100715,-1.323467641100715,0E-17,ELIGIBLE,R03b_20260811_FULL_v1,L1_ELIGIBILITY,v2026-08-11,2026-03-21..2026-08-06,baccarat_bet02_101_all_pairs_incl_sentinel,round_win = game_pnl > 0 (decisive only),COMPATIBILITY_ONLY_NOT_PRODUCTION,394.3750,394.3750,-60.9724,22,22,0.15460526,,0.15460526,0.15460526,60.9724,394.3750,THIN_EXPOSURE,0.0000,-1.8292,3.0000,97.0000,AG03-UNRESOLVED,ALL5_LEVELS_bet23_to_bet27,-1.8292,-1.8292,-1.8292,-2.4389,-2.4389,3.000000,3.000000,3.000000,4.000000,4.000000,97.000000,97.000000,97.000000,96.000000,96.000000,5.0,-10.3653,-9.6873,-50.6071,-51.2851,PENDING_AG03,FALSE,NOT_FOR_ENFORCEMENT,-59.1433,382.5437,-60.9724,-59.1433,-1.8292,-0.15460526,-0.14996711,-1.8292,-59.1433,-0.14996711,-1.8292,-1.8292,-1.8292,-2.4389,-2.4389,-59.1433,-0.14996711,-10.3653,-9.6873,-50.6071,-51.2851,-0.12832237,-0.13004149,-0.00463816,17.9261,17.9261,-2.7715,-60.9724,-10.1621,394.3750,22.0000,,17.9261,12.9729,15.5674,18.162,29.8376,42.0321,46.7023,15.5674,-1.2973,2.7,3.0,1.151515,6,6,1,2,0E-8,-0.15460526,,0E-8,0.000000,1.000000,0.000000,,2026-05-13,2026-05-13,1,6,6,1,1.000000,,,0.000000,,,,,,,,GLOBAL_BASELINE_NO_ENTITY_RANKING,,,NOT_APPLICABLE_GLOBAL_BASELINE,HF9g-P5,,,,X 全窗基线 · 不参与实体赏罚,3927651,393,A168_HF9F_20260827_0900,2026-08-27 09:00:00
2026-05-13,149982672,2251,0,80.4317368067,43.1996263816,43.1996263816,0.8000000,5,5,0.49592654000000000,0.495926540000,1.359902984124143,1.359902984124143,1.359902984124143,0E-17,ELIGIBLE,R03b_20260811_FULL_v1,L1_ELIGIBILITY,v2026-08-11,2026-03-21..2026-08-06,baccarat_bet02_101_all_pairs_incl_sentinel,round_win = game_pnl > 0 (decisive only),COMPATIBILITY_ONLY_NOT_PRODUCTION,394.3750,394.3750,-60.9724,22,22,0.15460526,,0.15460526,0.15460526,60.9724,394.3750,THIN_EXPOSURE,0.0000,-1.8292,3.0000,97.0000,AG03-UNRESOLVED,ALL5_LEVELS_bet23_to_bet27,-1.8292,-1.8292,-1.8292,-2.4389,-2.4389,3.000000,3.000000,3.000000,4.000000,4.000000,97.000000,97.000000,97.000000,96.000000,96.000000,5.0,-10.3653,-9.6873,-50.6071,-51.2851,PENDING_AG03,FALSE,NOT_FOR_ENFORCEMENT,-59.1433,382.5437,-60.9724,-59.1433,-1.8292,-0.15460526,-0.14996711,-1.8292,-59.1433,-0.14996711,-1.8292,-1.8292,-1.8292,-2.4389,-2.4389,-59.1433,-0.14996711,-10.3653,-9.6873,-50.6071,-51.2851,-0.12832237,-0.13004149,-0.00463816,17.9261,17.9261,-2.7715,-60.9724,-10.1621,394.3750,22.0000,,17.9261,12.9729,15.5674,18.162,29.8376,42.0321,46.7023,15.5674,-1.2973,2.7,3.0,1.151515,6,6,1,2,0E-8,-0.15460526,,0E-8,0.000000,1.000000,0.000000,,2026-05-13,2026-05-13,1,6,6,1,1.000000,,,0.000000,,,,,,,,GLOBAL_BASELINE_NO_ENTITY_RANKING,,,NOT_APPLICABLE_GLOBAL_BASELINE,HF9g-P5,,,,X 全窗基线 · 不参与实体赏罚,3927652,393,A168_HF9F_20260827_0900,2026-08-27 09:00:00
2026-05-13,149982672,471,0,51.8914431012,-25.9457215506,-25.9457215506,0.2500000,4,4,0.50329940000000000,0.503299400000,-1.013219660140378,-1.013219660140378,-1.013219660140378,0E-17,ELIGIBLE,R03b_20260811_FULL_v1,L1_ELIGIBILITY,v2026-08-11,2026-03-21..2026-08-06,baccarat_bet02_101_all_pairs_incl_sentinel,round_win = game_pnl > 0 (decisive only),COMPATIBILITY_ONLY_NOT_PRODUCTION,394.3750,394.3750,-60.9724,22,22,0.15460526,,0.15460526,0.15460526,60.9724,394.3750,THIN_EXPOSURE,0.0000,-1.8292,3.0000,97.0000,AG03-UNRESOLVED,ALL5_LEVELS_bet23_to_bet27,-1.8292,-1.8292,-1.8292,-2.4389,-2.4389,3.000000,3.000000,3.000000,4.000000,4.000000,97.000000,97.000000,97.000000,96.000000,96.000000,5.0,-10.3653,-9.6873,-50.6071,-51.2851,PENDING_AG03,FALSE,NOT_FOR_ENFORCEMENT,-59.1433,382.5437,-60.9724,-59.1433,-1.8292,-0.15460526,-0.14996711,-1.8292,-59.1433,-0.14996711,-1.8292,-1.8292,-1.8292,-2.4389,-2.4389,-59.1433,-0.14996711,-10.3653,-9.6873,-50.6071,-51.2851,-0.12832237,-0.13004149,-0.00463816,17.9261,17.9261,-2.7715,-60.9724,-10.1621,394.3750,22.0000,,17.9261,12.9729,15.5674,18.162,29.8376,42.0321,46.7023,15.5674,-1.2973,2.7,3.0,1.151515,6,6,1,2,0E-8,-0.15460526,,0E-8,0.000000,1.000000,0.000000,,2026-05-13,2026-05-13,1,6,6,1,1.000000,,,0.000000,,,,,,,,GLOBAL_BASELINE_NO_ENTITY_RANKING,,,NOT_APPLICABLE_GLOBAL_BASELINE,HF9g-P5,,,,X 全窗基线 · 不参与实体赏罚,3927653,393,A168_HF9F_20260827_0900,2026-08-27 09:00:00
2026-05-13,149982672,789,0,51.8914431011,23.9997924342,23.9997924342,0.5000000,2,2,0.49994810000000000,0.499948100000,0.00014679536856514622,0.00014679536856514622,0.00014679536856514622,0E-17,ELIGIBLE,R03b_20260811_FULL_v1,L1_ELIGIBILITY,v2026-08-11,2026-03-21..2026-08-06,baccarat_bet02_101_all_pairs_incl_sentinel,round_win = game_pnl > 0 (decisive only),COMPATIBILITY_ONLY_NOT_PRODUCTION,394.3750,394.3750,-60.9724,22,22,0.15460526,,0.15460526,0.15460526,60.9724,394.3750,THIN_EXPOSURE,0.0000,-1.8292,3.0000,97.0000,AG03-UNRESOLVED,ALL5_LEVELS_bet23_to_bet27,-1.8292,-1.8292,-1.8292,-2.4389,-2.4389,3.000000,3.000000,3.000000,4.000000,4.000000,97.000000,97.000000,97.000000,96.000000,96.000000,5.0,-10.3653,-9.6873,-50.6071,-51.2851,PENDING_AG03,FALSE,NOT_FOR_ENFORCEMENT,-59.1433,382.5437,-60.9724,-59.1433,-1.8292,-0.15460526,-0.14996711,-1.8292,-59.1433,-0.14996711,-1.8292,-1.8292,-1.8292,-2.4389,-2.4389,-59.1433,-0.14996711,-10.3653,-9.6873,-50.6071,-51.2851,-0.12832237,-0.13004149,-0.00463816,17.9261,17.9261,-2.7715,-60.9724,-10.1621,394.3750,22.0000,,17.9261,12.9729,15.5674,18.162,29.8376,42.0321,46.7023,15.5674,-1.2973,2.7,3.0,1.151515,6,6,1,2,0E-8,-0.15460526,,0E-8,0.000000,1.000000,0.000000,,2026-05-13,2026-05-13,1,6,6,1,1.000000,,,0.000000,,,,,,,,GLOBAL_BASELINE_NO_ENTITY_RANKING,,,NOT_APPLICABLE_GLOBAL_BASELINE,HF9g-P5,,,,X 全窗基线 · 不参与实体赏罚,3927654,393,A168_HF9F_20260827_0900,2026-08-27 09:00:00
2026-04-22,149034068,1384,0,8.1190519318,8.1190519318,8.1190519318,1.0000000,1,1,0.49324550000000000,0.493245500000,1.01360149184955,1.01360149184955,1.01360149184955,0E-17,ELIGIBLE,R03b_20260811_FULL_v1,L1_ELIGIBILITY,v2026-08-11,2026-03-21..2026-08-06,baccarat_bet02_101_all_pairs_incl_sentinel,round_win = game_pnl > 0 (decisive only),COMPATIBILITY_ONLY_NOT_PRODUCTION,292.2859,267.9287,-61.6033,36,36,0.21076389,,0.21076389,0.21076389,61.6033,292.2859,OK,0.0000,-2.4641,4.0000,96.0000,AG03-UNRESOLVED,ALL5_LEVELS_bet23_to_bet27,-2.4641,-2.4641,-2.4641,-4.3122,-4.3122,4.000000,4.000000,4.000000,7.000000,7.000000,96.000000,96.000000,96.000000,93.000000,93.000000,5.0,-16.0169,-14.464,-45.5864,-47.1394,PENDING_AG03,FALSE,NOT_FOR_ENFORCEMENT,-59.1392,257.2116,-61.6033,-59.1392,-2.4641,-0.21076389,-0.20233333,-2.4641,-59.1392,-0.20233333,-2.4641,-2.4641,-2.4641,-4.3122,-4.3122,-59.1392,-0.20233333,-16.0169,-14.464,-45.5864,-47.1394,-0.15596528,-0.16127825,-0.00843056,8.1191,7.4425,-1.7112,-30.8017,-10.2672,146.1429,18.0000,,8.1191,8.1191,8.1191,8.1191,8.1191,9.5399,10.1488,8.1191,7.7131,1.175,1.25,1.0,3,6,2,2,0E-8,-0.21076389,,0E-8,0.000000,0.916667,0.000000,,2026-04-22,2026-04-23,2,6,5,2,1.000000,,,0.000000,,,,,,,,GLOBAL_BASELINE_NO_ENTITY_RANKING,,,NOT_APPLICABLE_GLOBAL_BASELINE,HF9g-P5,,,,X 全窗基线 · 不参与实体赏罚,3927655,393,A168_HF9F_20260827_0900,2026-08-27 09:00:00
2026-04-22,149034068,2088,0,12.1785778977,4.0595259659,4.0595259659,0.5000000,2,2,0.49994810000000000,0.499948100000,0.00014679536856514622,0.00014679536856514622,0.00014679536856514622,0E-17,ELIGIBLE,R03b_20260811_FULL_v1,L1_ELIGIBILITY,v2026-08-11,2026-03-21..2026-08-06,baccarat_bet02_101_all_pairs_incl_sentinel,round_win = game_pnl > 0 (decisive only),COMPATIBILITY_ONLY_NOT_PRODUCTION,292.2859,267.9287,-61.6033,36,36,0.21076389,,0.21076389,0.21076389,61.6033,292.2859,OK,0.0000,-2.4641,4.0000,96.0000,AG03-UNRESOLVED,ALL5_LEVELS_bet23_to_bet27,-2.4641,-2.4641,-2.4641,-4.3122,-4.3122,4.000000,4.000000,4.000000,7.000000,7.000000,96.000000,96.000000,96.000000,93.000000,93.000000,5.0,-16.0169,-14.464,-45.5864,-47.1394,PENDING_AG03,FALSE,NOT_FOR_ENFORCEMENT,-59.1392,257.2116,-61.6033,-59.1392,-2.4641,-0.21076389,-0.20233333,-2.4641,-59.1392,-0.20233333,-2.4641,-2.4641,-2.4641,-4.3122,-4.3122,-59.1392,-0.20233333,-16.0169,-14.464,-45.5864,-47.1394,-0.15596528,-0.16127825,-0.00843056,8.1191,7.4425,-1.7112,-30.8017,-10.2672,146.1429,18.0000,,8.1191,8.1191,8.1191,8.1191,8.1191,9.5399,10.1488,8.1191,7.7131,1.175,1.25,1.0,3,6,2,2,0E-8,-0.21076389,,0E-8,0.000000,0.916667,0.000000,,2026-04-22,2026-04-23,2,6,5,2,1.000000,,,0.000000,,,,,,,,GLOBAL_BASELINE_NO_ENTITY_RANKING,,,NOT_APPLICABLE_GLOBAL_BASELINE,HF9g-P5,,,,X 全窗基线 · 不参与实体赏罚,3927656,393,A168_HF9F_20260827_0900,2026-08-27 09:00:00
2026-04-22,149034068,2174,0,16.2381038636,15.4261986704,15.4261986704,1.0000000,2,2,0.50665070000000000,0.506650700000,1.3955260008387969,1.3955260008387969,1.3955260008387969,0E-17,ELIGIBLE,R03b_20260811_FULL_v1,L1_ELIGIBILITY,v2026-08-11,2026-03-21..2026-08-06,baccarat_bet02_101_all_pairs_incl_sentinel,round_win = game_pnl > 0 (decisive only),COMPATIBILITY_ONLY_NOT_PRODUCTION,292.2859,267.9287,-61.6033,36,36,0.21076389,,0.21076389,0.21076389,61.6033,292.2859,OK,0.0000,-2.4641,4.0000,96.0000,AG03-UNRESOLVED,ALL5_LEVELS_bet23_to_bet27,-2.4641,-2.4641,-2.4641,-4.3122,-4.3122,4.000000,4.000000,4.000000,7.000000,7.000000,96.000000,96.000000,96.000000,93.000000,93.000000,5.0,-16.0169,-14.464,-45.5864,-47.1394,PENDING_AG03,FALSE,NOT_FOR_ENFORCEMENT,-59.1392,257.2116,-61.6033,-59.1392,-2.4641,-0.21076389,-0.20233333,-2.4641,-59.1392,-0.20233333,-2.4641,-2.4641,-2.4641,-4.3122,-4.3122,-59.1392,-0.20233333,-16.0169,-14.464,-45.5864,-47.1394,-0.15596528,-0.16127825,-0.00843056,8.1191,7.4425,-1.7112,-30.8017,-10.2672,146.1429,18.0000,,8.1191,8.1191,8.1191,8.1191,8.1191,9.5399,10.1488,8.1191,7.7131,1.175,1.25,1.0,3,6,2,2,0E-8,-0.21076389,,0E-8,0.000000,0.916667,0.000000,,2026-04-22,2026-04-23,2,6,5,2,1.000000,,,0.000000,,,,,,,,GLOBAL_BASELINE_NO_ENTITY_RANKING,,,NOT_APPLICABLE_GLOBAL_BASELINE,HF9g-P5,,,,X 全窗基线 · 不参与实体赏罚,3927657,393,A168_HF9F_20260827_0900,2026-08-27 09:00:00
2026-04-22,149034068,994,0,8.1190519318,-8.1190519318,-8.1190519318,0E-7,1,1,0.50665070000000000,0.506650700000,-1.013391052207602,-1.013391052207602,-1.013391052207602,0E-17,ELIGIBLE,R03b_20260811_FULL_v1,L1_ELIGIBILITY,v2026-08-11,2026-03-21..2026-08-06,baccarat_bet02_101_all_pairs_incl_sentinel,round_win = game_pnl > 0 (decisive only),COMPATIBILITY_ONLY_NOT_PRODUCTION,292.2859,267.9287,-61.6033,36,36,0.21076389,,0.21076389,0.21076389,61.6033,292.2859,OK,0.0000,-2.4641,4.0000,96.0000,AG03-UNRESOLVED,ALL5_LEVELS_bet23_to_bet27,-2.4641,-2.4641,-2.4641,-4.3122,-4.3122,4.000000,4.000000,4.000000,7.000000,7.000000,96.000000,96.000000,96.000000,93.000000,93.000000,5.0,-16.0169,-14.464,-45.5864,-47.1394,PENDING_AG03,FALSE,NOT_FOR_ENFORCEMENT,-59.1392,257.2116,-61.6033,-59.1392,-2.4641,-0.21076389,-0.20233333,-2.4641,-59.1392,-0.20233333,-2.4641,-2.4641,-2.4641,-4.3122,-4.3122,-59.1392,-0.20233333,-16.0169,-14.464,-45.5864,-47.1394,-0.15596528,-0.16127825,-0.00843056,8.1191,7.4425,-1.7112,-30.8017,-10.2672,146.1429,18.0000,,8.1191,8.1191,8.1191,8.1191,8.1191,9.5399,10.1488,8.1191,7.7131,1.175,1.25,1.0,3,6,2,2,0E-8,-0.21076389,,0E-8,0.000000,0.916667,0.000000,,2026-04-22,2026-04-23,2,6,5,2,1.000000,,,0.000000,,,,,,,,GLOBAL_BASELINE_NO_ENTITY_RANKING,,,NOT_APPLICABLE_GLOBAL_BASELINE,HF9g-P5,,,,X 全窗基线 · 不参与实体赏罚,3927658,393,A168_HF9F_20260827_0900,2026-08-27 09:00:00
2026-04-23,149034068,1384,0,8.1190519318,-8.1190519318,-8.1190519318,0E-7,1,1,0.49324550000000000,0.493245500000,-0.9865810262130424,-0.9865810262130424,-0.9865810262130424,0E-17,ELIGIBLE,R03b_20260811_FULL_v1,L1_ELIGIBILITY,v2026-08-11,2026-03-21..2026-08-06,baccarat_bet02_101_all_pairs_incl_sentinel,round_win = game_pnl > 0 (decisive only),COMPATIBILITY_ONLY_NOT_PRODUCTION,292.2859,267.9287,-61.6033,36,36,0.21076389,,0.21076389,0.21076389,61.6033,292.2859,OK,0.0000,-2.4641,4.0000,96.0000,AG03-UNRESOLVED,ALL5_LEVELS_bet23_to_bet27,-2.4641,-2.4641,-2.4641,-4.3122,-4.3122,4.000000,4.000000,4.000000,7.000000,7.000000,96.000000,96.000000,96.000000,93.000000,93.000000,5.0,-16.0169,-14.464,-45.5864,-47.1394,PENDING_AG03,FALSE,NOT_FOR_ENFORCEMENT,-59.1392,257.2116,-61.6033,-59.1392,-2.4641,-0.21076389,-0.20233333,-2.4641,-59.1392,-0.20233333,-2.4641,-2.4641,-2.4641,-4.3122,-4.3122,-59.1392,-0.20233333,-16.0169,-14.464,-45.5864,-47.1394,-0.15596528,-0.16127825,-0.00843056,8.1191,7.4425,-1.7112,-30.8017,-10.2672,146.1429,18.0000,,8.1191,8.1191,8.1191,8.1191,8.1191,9.5399,10.1488,8.1191,7.7131,1.175,1.25,1.0,3,6,2,2,0E-8,-0.21076389,,0E-8,0.000000,0.916667,0.000000,,2026-04-22,2026-04-23,2,6,5,2,1.000000,,,0.000000,,,,,,,,GLOBAL_BASELINE_NO_ENTITY_RANKING,,,NOT_APPLICABLE_GLOBAL_BASELINE,HF9g-P5,,,,X 全窗基线 · 不参与实体赏罚,3927659,393,A168_HF9F_20260827_0900,2026-08-27 09:00:00
2026-04-23,149034068,2088,0,172.5298535508,40.0878189132,40.0878189132,0.6315789,21,21,0.50026727142857143,0.500267271429,1.1447488146055547,1.144748814601819,1.1447488146055547,-4.2857E-13,ELIGIBLE,R03b_20260811_FULL_v1,L1_ELIGIBILITY,v2026-08-11,2026-03-21..2026-08-06,baccarat_bet02_101_all_pairs_incl_sentinel,round_win = game_pnl > 0 (decisive only),COMPATIBILITY_ONLY_NOT_PRODUCTION,292.2859,267.9287,-61.6033,36,36,0.21076389,,0.21076389,0.21076389,61.6033,292.2859,OK,0.0000,-2.4641,4.0000,96.0000,AG03-UNRESOLVED,ALL5_LEVELS_bet23_to_bet27,-2.4641,-2.4641,-2.4641,-4.3122,-4.3122,4.000000,4.000000,4.000000,7.000000,7.000000,96.000000,96.000000,96.000000,93.000000,93.000000,5.0,-16.0169,-14.464,-45.5864,-47.1394,PENDING_AG03,FALSE,NOT_FOR_ENFORCEMENT,-59.1392,257.2116,-61.6033,-59.1392,-2.4641,-0.21076389,-0.20233333,-2.4641,-59.1392,-0.20233333,-2.4641,-2.4641,-2.4641,-4.3122,-4.3122,-59.1392,-0.20233333,-16.0169,-14.464,-45.5864,-47.1394,-0.15596528,-0.16127825,-0.00843056,8.1191,7.4425,-1.7112,-30.8017,-10.2672,146.1429,18.0000,,8.1191,8.1191,8.1191,8.1191,8.1191,9.5399,10.1488,8.1191,7.7131,1.175,1.25,1.0,3,6,2,2,0E-8,-0.21076389,,0E-8,0.000000,0.916667,0.000000,,2026-04-22,2026-04-23,2,6,5,2,1.000000,,,0.000000,,,,,,,,GLOBAL_BASELINE_NO_ENTITY_RANKING,,,NOT_APPLICABLE_GLOBAL_BASELINE,HF9g-P5,,,,X 全窗基线 · 不参与实体赏罚,3927660,393,A168_HF9F_20260827_0900,2026-08-27 09:00:00
2026-04-23,149034068,2170,0,16.2381038636,0E-10,0E-10,0.5000000,2,2,0.49994810000000000,0.499948100000,0.00014679536856514622,0.00014679536856514622,0.00014679536856514622,0E-17,ELIGIBLE,R03b_20260811_FULL_v1,L1_ELIGIBILITY,v2026-08-11,2026-03-21..2026-08-06,baccarat_bet02_101_all_pairs_incl_sentinel,round_win = game_pnl > 0 (decisive only),COMPATIBILITY_ONLY_NOT_PRODUCTION,292.2859,267.9287,-61.6033,36,36,0.21076389,,0.21076389,0.21076389,61.6033,292.2859,OK,0.0000,-2.4641,4.0000,96.0000,AG03-UNRESOLVED,ALL5_LEVELS_bet23_to_bet27,-2.4641,-2.4641,-2.4641,-4.3122,-4.3122,4.000000,4.000000,4.000000,7.000000,7.000000,96.000000,96.000000,96.000000,93.000000,93.000000,5.0,-16.0169,-14.464,-45.5864,-47.1394,PENDING_AG03,FALSE,NOT_FOR_ENFORCEMENT,-59.1392,257.2116,-61.6033,-59.1392,-2.4641,-0.21076389,-0.20233333,-2.4641,-59.1392,-0.20233333,-2.4641,-2.4641,-2.4641,-4.3122,-4.3122,-59.1392,-0.20233333,-16.0169,-14.464,-45.5864,-47.1394,-0.15596528,-0.16127825,-0.00843056,8.1191,7.4425,-1.7112,-30.8017,-10.2672,146.1429,18.0000,,8.1191,8.1191,8.1191,8.1191,8.1191,9.5399,10.1488,8.1191,7.7131,1.175,1.25,1.0,3,6,2,2,0E-8,-0.21076389,,0E-8,0.000000,0.916667,0.000000,,2026-04-22,2026-04-23,2,6,5,2,1.000000,,,0.000000,,,,,,,,GLOBAL_BASELINE_NO_ENTITY_RANKING,,,NOT_APPLICABLE_GLOBAL_BASELINE,HF9g-P5,,,,X 全窗基线 · 不参与实体赏罚,3927661,393,A168_HF9F_20260827_0900,2026-08-27 09:00:00
2026-04-23,149034068,2177,0,50.7440745738,10.1488149148,10.1488149148,0.6000000,6,6,0.49547970000000000,0.495479700000,0.4674480948863271,0.4674480948863271,0.4674480948863271,0E-17,ELIGIBLE,R03b_20260811_FULL_v1,L1_ELIGIBILITY,v2026-08-11,2026-03-21..2026-08-06,baccarat_bet02_101_all_pairs_incl_sentinel,round_win = game_pnl > 0 (decisive only),COMPATIBILITY_ONLY_NOT_PRODUCTION,292.2859,267.9287,-61.6033,36,36,0.21076389,,0.21076389,0.21076389,61.6033,292.2859,OK,0.0000,-2.4641,4.0000,96.0000,AG03-UNRESOLVED,ALL5_LEVELS_bet23_to_bet27,-2.4641,-2.4641,-2.4641,-4.3122,-4.3122,4.000000,4.000000,4.000000,7.000000,7.000000,96.000000,96.000000,96.000000,93.000000,93.000000,5.0,-16.0169,-14.464,-45.5864,-47.1394,PENDING_AG03,FALSE,NOT_FOR_ENFORCEMENT,-59.1392,257.2116,-61.6033,-59.1392,-2.4641,-0.21076389,-0.20233333,-2.4641,-59.1392,-0.20233333,-2.4641,-2.4641,-2.4641,-4.3122,-4.3122,-59.1392,-0.20233333,-16.0169,-14.464,-45.5864,-47.1394,-0.15596528,-0.16127825,-0.00843056,8.1191,7.4425,-1.7112,-30.8017,-10.2672,146.1429,18.0000,,8.1191,8.1191,8.1191,8.1191,8.1191,9.5399,10.1488,8.1191,7.7131,1.175,1.25,1.0,3,6,2,2,0E-8,-0.21076389,,0E-8,0.000000,0.916667,0.000000,,2026-04-22,2026-04-23,2,6,5,2,1.000000,,,0.000000,,,,,,,,GLOBAL_BASELINE_NO_ENTITY_RANKING,,,NOT_APPLICABLE_GLOBAL_BASELINE,HF9g-P5,,,,X 全窗基线 · 不参与实体赏罚,3927662,393,A168_HF9F_20260827_0900,2026-08-27 09:00:00
2026-06-22,151887368,-1,1,28.5442435775,28.5442435775,28.5442435775,1.0000000,1,1,0.49324550000000000,0.493245500000,1.01360149184955,1.01360149184955,1.01360149184955,0E-17,SENTINEL_DEALER,R03b_20260811_FULL_v1,L1_ELIGIBILITY,v2026-08-11,2026-03-21..2026-08-06,baccarat_bet02_101_all_pairs_incl_sentinel,round_win = game_pnl > 0 (decisive only),COMPATIBILITY_ONLY_NOT_PRODUCTION,100.2906,100.2906,-61.6016,4,4,0.61423077,,0.61423077,0.61423077,61.6016,100.2906,THIN_EXPOSURE,0.0000,-2.4641,4.0000,96.0000,AG03-UNRESOLVED,ALL5_LEVELS_bet23_to_bet27,-2.4641,-2.4641,-3.0801,-3.0801,-3.0801,4.000000,4.000000,5.000000,5.000000,5.000000,96.000000,96.000000,95.000000,95.000000,95.000000,5.0,-14.1684,-12.9267,-47.4332,-48.6749,PENDING_AG03,FALSE,NOT_FOR_ENFORCEMENT,-59.1375,96.2790,-61.6016,-59.1375,-2.4641,-0.61423077,-0.58966154,-2.4641,-59.1375,-0.58966154,-2.4641,-2.4641,-3.0801,-3.0801,-3.0801,-59.1375,-0.58966154,-14.1684,-12.9267,-47.4332,-48.6749,-0.47295769,-0.48533862,-0.02456923,25.0726,25.0726,-15.4004,-61.6016,-20.5339,100.2906,4.0000,,25.0726,16.3294,23.2726,33.8159,39.0876,39.0876,39.0876,23.2726,21.2346,1.679558,1.679558,1.077348,3,3,1,2,0E-8,-0.61423077,,0E-8,0.000000,1.000000,0.000000,,2026-06-22,2026-06-22,1,3,3,1,1.000000,,,0.000000,,,,,,,,GLOBAL_BASELINE_NO_ENTITY_RANKING,,,NOT_APPLICABLE_GLOBAL_BASELINE,HF9g-P5,,,,X 全窗基线 · 不参与实体赏罚,3927663,393,A168_HF9F_20260827_0900,2026-08-27 09:00:00
2026-06-22,151887368,1363,0,14.6578548101,13.9249620696,13.9249620696,1.0000000,1,1,0.50665070000000000,0.506650700000,0.9867858985152569,0.9867858985152569,0.9867858985152569,0E-17,ELIGIBLE,R03b_20260811_FULL_v1,L1_ELIGIBILITY,v2026-08-11,2026-03-21..2026-08-06,baccarat_bet02_101_all_pairs_incl_sentinel,round_win = game_pnl > 0 (decisive only),COMPATIBILITY_ONLY_NOT_PRODUCTION,100.2906,100.2906,-61.6016,4,4,0.61423077,,0.61423077,0.61423077,61.6016,100.2906,THIN_EXPOSURE,0.0000,-2.4641,4.0000,96.0000,AG03-UNRESOLVED,ALL5_LEVELS_bet23_to_bet27,-2.4641,-2.4641,-3.0801,-3.0801,-3.0801,4.000000,4.000000,5.000000,5.000000,5.000000,96.000000,96.000000,95.000000,95.000000,95.000000,5.0,-14.1684,-12.9267,-47.4332,-48.6749,PENDING_AG03,FALSE,NOT_FOR_ENFORCEMENT,-59.1375,96.2790,-61.6016,-59.1375,-2.4641,-0.61423077,-0.58966154,-2.4641,-59.1375,-0.58966154,-2.4641,-2.4641,-3.0801,-3.0801,-3.0801,-59.1375,-0.58966154,-14.1684,-12.9267,-47.4332,-48.6749,-0.47295769,-0.48533862,-0.02456923,25.0726,25.0726,-15.4004,-61.6016,-20.5339,100.2906,4.0000,,25.0726,16.3294,23.2726,33.8159,39.0876,39.0876,39.0876,23.2726,21.2346,1.679558,1.679558,1.077348,3,3,1,2,0E-8,-0.61423077,,0E-8,0.000000,1.000000,0.000000,,2026-06-22,2026-06-22,1,3,3,1,1.000000,,,0.000000,,,,,,,,GLOBAL_BASELINE_NO_ENTITY_RANKING,,,NOT_APPLICABLE_GLOBAL_BASELINE,HF9g-P5,,,,X 全窗基线 · 不参与实体赏罚,3927664,393,A168_HF9F_20260827_0900,2026-08-27 09:00:00
2026-06-22,151887368,2145,0,57.0884871551,19.1323578574,19.1323578574,0.5000000,2,2,0.50665070000000000,0.506650700000,-0.018812684590367487,-0.018812684590367487,-0.018812684590367487,0E-17,ELIGIBLE,R03b_20260811_FULL_v1,L1_ELIGIBILITY,v2026-08-11,2026-03-21..2026-08-06,baccarat_bet02_101_all_pairs_incl_sentinel,round_win = game_pnl > 0 (decisive only),COMPATIBILITY_ONLY_NOT_PRODUCTION,100.2906,100.2906,-61.6016,4,4,0.61423077,,0.61423077,0.61423077,61.6016,100.2906,THIN_EXPOSURE,0.0000,-2.4641,4.0000,96.0000,AG03-UNRESOLVED,ALL5_LEVELS_bet23_to_bet27,-2.4641,-2.4641,-3.0801,-3.0801,-3.0801,4.000000,4.000000,5.000000,5.000000,5.000000,96.000000,96.000000,95.000000,95.000000,95.000000,5.0,-14.1684,-12.9267,-47.4332,-48.6749,PENDING_AG03,FALSE,NOT_FOR_ENFORCEMENT,-59.1375,96.2790,-61.6016,-59.1375,-2.4641,-0.61423077,-0.58966154,-2.4641,-59.1375,-0.58966154,-2.4641,-2.4641,-3.0801,-3.0801,-3.0801,-59.1375,-0.58966154,-14.1684,-12.9267,-47.4332,-48.6749,-0.47295769,-0.48533862,-0.02456923,25.0726,25.0726,-15.4004,-61.6016,-20.5339,100.2906,4.0000,,25.0726,16.3294,23.2726,33.8159,39.0876,39.0876,39.0876,23.2726,21.2346,1.679558,1.679558,1.077348,3,3,1,2,0E-8,-0.61423077,,0E-8,0.000000,1.000000,0.000000,,2026-06-22,2026-06-22,1,3,3,1,1.000000,,,0.000000,,,,,,,,GLOBAL_BASELINE_NO_ENTITY_RANKING,,,NOT_APPLICABLE_GLOBAL_BASELINE,HF9g-P5,,,,X 全窗基线 · 不参与实体赏罚,3927665,393,A168_HF9F_20260827_0900,2026-08-27 09:00:00
2026-06-14,151481840,-1,1,48.6023606861,46.8151310207,46.8151310207,1.0000000,2,2,0.49994810000000000,0.499948100000,1.4143603653603398,1.4143603653603398,1.4143603653603398,0E-17,SENTINEL_DEALER,R03b_20260811_FULL_v1,L1_ELIGIBILITY,v2026-08-11,2026-03-21..2026-08-06,baccarat_bet02_101_all_pairs_incl_sentinel,round_win = game_pnl > 0 (decisive only),COMPATIBILITY_ONLY_NOT_PRODUCTION,110.3196,110.3196,-61.6016,6,6,0.55839161,,0.55839161,0.55839161,61.6016,110.3196,THIN_EXPOSURE,0.0000,-2.4641,4.0000,96.0000,AG03-UNRESOLVED,ALL5_LEVELS_bet23_to_bet27,-2.4641,-2.4641,-3.0801,-3.0801,-3.0801,4.000000,4.000000,5.000000,5.000000,5.000000,96.000000,96.000000,95.000000,95.000000,95.000000,5.0,-14.1684,-12.9267,-47.4332,-48.6749,PENDING_AG03,FALSE,NOT_FOR_ENFORCEMENT,-59.1375,105.9069,-61.6016,-59.1375,-2.4641,-0.55839161,-0.53605594,-2.4641,-59.1375,-0.53605594,-2.4641,-2.4641,-3.0801,-3.0801,-3.0801,-59.1375,-0.53605594,-14.1684,-12.9267,-47.4332,-48.6749,-0.42996154,-0.44121693,-0.02233566,18.3866,18.3866,-10.2669,-61.6016,-12.3203,110.3196,6.0000,,18.3866,12.8578,12.8578,25.7155,34.7417,35.7446,35.7446,12.8578,12.5363,2.78,2.78,1.43,5,4,1,2,0E-8,-0.55839161,,0E-8,0.000000,1.000000,0.000000,,2026-06-14,2026-06-14,1,5,5,1,1.000000,,,0.000000,,,,,,,,GLOBAL_BASELINE_NO_ENTITY_RANKING,,,NOT_APPLICABLE_GLOBAL_BASELINE,HF9g-P5,,,,X 全窗基线 · 不参与实体赏罚,3927666,393,A168_HF9F_20260827_0900,2026-08-27 09:00:00
2026-06-14,151481840,1306,0,12.8577673773,-12.8577673773,-12.8577673773,0E-7,1,1,0.49324550000000000,0.493245500000,-0.9865810262130424,-0.9865810262130424,-0.9865810262130424,0E-17,ELIGIBLE,R03b_20260811_FULL_v1,L1_ELIGIBILITY,v2026-08-11,2026-03-21..2026-08-06,baccarat_bet02_101_all_pairs_incl_sentinel,round_win = game_pnl > 0 (decisive only),COMPATIBILITY_ONLY_NOT_PRODUCTION,110.3196,110.3196,-61.6016,6,6,0.55839161,,0.55839161,0.55839161,61.6016,110.3196,THIN_EXPOSURE,0.0000,-2.4641,4.0000,96.0000,AG03-UNRESOLVED,ALL5_LEVELS_bet23_to_bet27,-2.4641,-2.4641,-3.0801,-3.0801,-3.0801,4.000000,4.000000,5.000000,5.000000,5.000000,96.000000,96.000000,95.000000,95.000000,95.000000,5.0,-14.1684,-12.9267,-47.4332,-48.6749,PENDING_AG03,FALSE,NOT_FOR_ENFORCEMENT,-59.1375,105.9069,-61.6016,-59.1375,-2.4641,-0.55839161,-0.53605594,-2.4641,-59.1375,-0.53605594,-2.4641,-2.4641,-3.0801,-3.0801,-3.0801,-59.1375,-0.53605594,-14.1684,-12.9267,-47.4332,-48.6749,-0.42996154,-0.44121693,-0.02233566,18.3866,18.3866,-10.2669,-61.6016,-12.3203,110.3196,6.0000,,18.3866,12.8578,12.8578,25.7155,34.7417,35.7446,35.7446,12.8578,12.5363,2.78,2.78,1.43,5,4,1,2,0E-8,-0.55839161,,0E-8,0.000000,1.000000,0.000000,,2026-06-14,2026-06-14,1,5,5,1,1.000000,,,0.000000,,,,,,,,GLOBAL_BASELINE_NO_ENTITY_RANKING,,,NOT_APPLICABLE_GLOBAL_BASELINE,HF9g-P5,,,,X 全窗基线 · 不参与实体赏罚,3927667,393,A168_HF9F_20260827_0900,2026-08-27 09:00:00
2026-06-14,151481840,2246,0,12.8577673773,12.2148790084,12.2148790084,1.0000000,1,1,0.50665070000000000,0.506650700000,0.9867858985152569,0.9867858985152569,0.9867858985152569,0E-17,ELIGIBLE,R03b_20260811_FULL_v1,L1_ELIGIBILITY,v2026-08-11,2026-03-21..2026-08-06,baccarat_bet02_101_all_pairs_incl_sentinel,round_win = game_pnl > 0 (decisive only),COMPATIBILITY_ONLY_NOT_PRODUCTION,110.3196,110.3196,-61.6016,6,6,0.55839161,,0.55839161,0.55839161,61.6016,110.3196,THIN_EXPOSURE,0.0000,-2.4641,4.0000,96.0000,AG03-UNRESOLVED,ALL5_LEVELS_bet23_to_bet27,-2.4641,-2.4641,-3.0801,-3.0801,-3.0801,4.000000,4.000000,5.000000,5.000000,5.000000,96.000000,96.000000,95.000000,95.000000,95.000000,5.0,-14.1684,-12.9267,-47.4332,-48.6749,PENDING_AG03,FALSE,NOT_FOR_ENFORCEMENT,-59.1375,105.9069,-61.6016,-59.1375,-2.4641,-0.55839161,-0.53605594,-2.4641,-59.1375,-0.53605594,-2.4641,-2.4641,-3.0801,-3.0801,-3.0801,-59.1375,-0.53605594,-14.1684,-12.9267,-47.4332,-48.6749,-0.42996154,-0.44121693,-0.02233566,18.3866,18.3866,-10.2669,-61.6016,-12.3203,110.3196,6.0000,,18.3866,12.8578,12.8578,25.7155,34.7417,35.7446,35.7446,12.8578,12.5363,2.78,2.78,1.43,5,4,1,2,0E-8,-0.55839161,,0E-8,0.000000,1.000000,0.000000,,2026-06-14,2026-06-14,1,5,5,1,1.000000,,,0.000000,,,,,,,,GLOBAL_BASELINE_NO_ENTITY_RANKING,,,NOT_APPLICABLE_GLOBAL_BASELINE,HF9g-P5,,,,X 全窗基线 · 不参与实体赏罚,3927668,393,A168_HF9F_20260827_0900,2026-08-27 09:00:00
2026-06-14,151481840,772,0,36.0017486563,15.4293208527,15.4293208527,0.5000000,2,2,0.49324550000000000,0.493245500000,0.01910635448239258,0.01910635448239258,0.01910635448239258,0E-17,ELIGIBLE,R03b_20260811_FULL_v1,L1_ELIGIBILITY,v2026-08-11,2026-03-21..2026-08-06,baccarat_bet02_101_all_pairs_incl_sentinel,round_win = game_pnl > 0 (decisive only),COMPATIBILITY_ONLY_NOT_PRODUCTION,110.3196,110.3196,-61.6016,6,6,0.55839161,,0.55839161,0.55839161,61.6016,110.3196,THIN_EXPOSURE,0.0000,-2.4641,4.0000,96.0000,AG03-UNRESOLVED,ALL5_LEVELS_bet23_to_bet27,-2.4641,-2.4641,-3.0801,-3.0801,-3.0801,4.000000,4.000000,5.000000,5.000000,5.000000,96.000000,96.000000,95.000000,95.000000,95.000000,5.0,-14.1684,-12.9267,-47.4332,-48.6749,PENDING_AG03,FALSE,NOT_FOR_ENFORCEMENT,-59.1375,105.9069,-61.6016,-59.1375,-2.4641,-0.55839161,-0.53605594,-2.4641,-59.1375,-0.53605594,-2.4641,-2.4641,-3.0801,-3.0801,-3.0801,-59.1375,-0.53605594,-14.1684,-12.9267,-47.4332,-48.6749,-0.42996154,-0.44121693,-0.02233566,18.3866,18.3866,-10.2669,-61.6016,-12.3203,110.3196,6.0000,,18.3866,12.8578,12.8578,25.7155,34.7417,35.7446,35.7446,12.8578,12.5363,2.78,2.78,1.43,5,4,1,2,0E-8,-0.55839161,,0E-8,0.000000,1.000000,0.000000,,2026-06-14,2026-06-14,1,5,5,1,1.000000,,,0.000000,,,,,,,,GLOBAL_BASELINE_NO_ENTITY_RANKING,,,NOT_APPLICABLE_GLOBAL_BASELINE,HF9g-P5,,,,X 全窗基线 · 不参与实体赏罚,3927669,393,A168_HF9F_20260827_0900,2026-08-27 09:00:00
2026-04-07,147658491,-1,1,53.3383931018,30.4640229376,30.4640229376,0.6666667,3,3,0.49771390000000000,0.497713900000,0.5852756695216578,0.5852756695216578,0.5852756695216578,0E-17,SENTINEL_DEALER,R03b_20260811_FULL_v1,L1_ELIGIBILITY,v2026-08-11,2026-03-21..2026-08-06,baccarat_bet02_101_all_pairs_incl_sentinel,round_win = game_pnl > 0 (decisive only),COMPATIBILITY_ONLY_NOT_PRODUCTION,997.7904,978.8163,-61.5986,72,72,0.06173501,,0.06173501,0.06173501,61.5986,997.7904,OK,0.0000,-2.4639,4.0000,96.0000,AG03-UNRESOLVED,ALL5_LEVELS_bet23_to_bet27,-2.4639,-2.4639,-2.4639,-3.6959,-3.6959,4.000000,4.000000,4.000000,6.000000,6.000000,96.000000,96.000000,96.000000,94.000000,94.000000,5.0,-14.7837,-13.4437,-46.8149,-48.1549,PENDING_AG03,FALSE,NOT_FOR_ENFORCEMENT,-59.1347,939.6636,-61.5986,-59.1347,-2.4639,-0.06173501,-0.05926561,-2.4639,-59.1347,-0.05926561,-2.4639,-2.4639,-2.4639,-3.6959,-3.6959,-59.1347,-0.05926561,-14.7837,-13.4437,-46.8149,-48.1549,-0.04691861,-0.04826151,-0.00246940,13.8582,13.5947,-0.8555,-6.8443,-1.3391,110.8656,8.0000,,13.8582,6.3247,10.5412,16.128,31.6236,31.6236,66.8311,10.5412,3.1624,3.0,6.339996,1.314672,25,29,9,2,0E-8,-0.06173501,,0E-8,0.000000,0.980984,0.861111,,2026-04-07,2026-05-20,9,46,46,44,0.204546,,,0.000000,,,,,,,,GLOBAL_BASELINE_NO_ENTITY_RANKING,,,NOT_APPLICABLE_GLOBAL_BASELINE,HF9g-P5,,,,X 全窗基线 · 不参与实体赏罚,3927670,393,A168_HF9F_20260827_0900,2026-08-27 09:00:00
2026-04-07,147658491,986,0,52.7059220374,-10.5411844074,-10.5411844074,0.6666667,3,3,0.49771390000000000,0.497713900000,0.5852756695216578,0.5852756695216578,0.5852756695216578,0E-17,ELIGIBLE,R03b_20260811_FULL_v1,L1_ELIGIBILITY,v2026-08-11,2026-03-21..2026-08-06,baccarat_bet02_101_all_pairs_incl_sentinel,round_win = game_pnl > 0 (decisive only),COMPATIBILITY_ONLY_NOT_PRODUCTION,997.7904,978.8163,-61.5986,72,72,0.06173501,,0.06173501,0.06173501,61.5986,997.7904,OK,0.0000,-2.4639,4.0000,96.0000,AG03-UNRESOLVED,ALL5_LEVELS_bet23_to_bet27,-2.4639,-2.4639,-2.4639,-3.6959,-3.6959,4.000000,4.000000,4.000000,6.000000,6.000000,96.000000,96.000000,96.000000,94.000000,94.000000,5.0,-14.7837,-13.4437,-46.8149,-48.1549,PENDING_AG03,FALSE,NOT_FOR_ENFORCEMENT,-59.1347,939.6636,-61.5986,-59.1347,-2.4639,-0.06173501,-0.05926561,-2.4639,-59.1347,-0.05926561,-2.4639,-2.4639,-2.4639,-3.6959,-3.6959,-59.1347,-0.05926561,-14.7837,-13.4437,-46.8149,-48.1549,-0.04691861,-0.04826151,-0.00246940,13.8582,13.5947,-0.8555,-6.8443,-1.3391,110.8656,8.0000,,13.8582,6.3247,10.5412,16.128,31.6236,31.6236,66.8311,10.5412,3.1624,3.0,6.339996,1.314672,25,29,9,2,0E-8,-0.06173501,,0E-8,0.000000,0.980984,0.861111,,2026-04-07,2026-05-20,9,46,46,44,0.204546,,,0.000000,,,,,,,,GLOBAL_BASELINE_NO_ENTITY_RANKING,,,NOT_APPLICABLE_GLOBAL_BASELINE,HF9g-P5,,,,X 全窗基线 · 不参与实体赏罚,3927671,393,A168_HF9F_20260827_0900,2026-08-27 09:00:00
2026-04-08,147658491,-1,1,6.3247106445,0E-10,0E-10,,1,1,0.49324550000000000,0.493245500000,,,,0E-17,SENTINEL_DEALER,R03b_20260811_FULL_v1,L1_ELIGIBILITY,v2026-08-11,2026-03-21..2026-08-06,baccarat_bet02_101_all_pairs_incl_sentinel,round_win = game_pnl > 0 (decisive only),COMPATIBILITY_ONLY_NOT_PRODUCTION,997.7904,978.8163,-61.5986,72,72,0.06173501,,0.06173501,0.06173501,61.5986,997.7904,OK,0.0000,-2.4639,4.0000,96.0000,AG03-UNRESOLVED,ALL5_LEVELS_bet23_to_bet27,-2.4639,-2.4639,-2.4639,-3.6959,-3.6959,4.000000,4.000000,4.000000,6.000000,6.000000,96.000000,96.000000,96.000000,94.000000,94.000000,5.0,-14.7837,-13.4437,-46.8149,-48.1549,PENDING_AG03,FALSE,NOT_FOR_ENFORCEMENT,-59.1347,939.6636,-61.5986,-59.1347,-2.4639,-0.06173501,-0.05926561,-2.4639,-59.1347,-0.05926561,-2.4639,-2.4639,-2.4639,-3.6959,-3.6959,-59.1347,-0.05926561,-14.7837,-13.4437,-46.8149,-48.1549,-0.04691861,-0.04826151,-0.00246940,13.8582,13.5947,-0.8555,-6.8443,-1.3391,110.8656,8.0000,,13.8582,6.3247,10.5412,16.128,31.6236,31.6236,66.8311,10.5412,3.1624,3.0,6.339996,1.314672,25,29,9,2,0E-8,-0.06173501,,0E-8,0.000000,0.980984,0.861111,,2026-04-07,2026-05-20,9,46,46,44,0.204546,,,0.000000,,,,,,,,GLOBAL_BASELINE_NO_ENTITY_RANKING,,,NOT_APPLICABLE_GLOBAL_BASELINE,HF9g-P5,,,,X 全窗基线 · 不参与实体赏罚,3927672,393,A168_HF9F_20260827_0900,2026-08-27 09:00:00
2026-04-08,147658491,2060,0,6.3247106445,6.3247106445,6.3247106445,1.0000000,1,1,0.49324550000000000,0.493245500000,1.01360149184955,1.01360149184955,1.01360149184955,0E-17,ELIGIBLE,R03b_20260811_FULL_v1,L1_ELIGIBILITY,v2026-08-11,2026-03-21..2026-08-06,baccarat_bet02_101_all_pairs_incl_sentinel,round_win = game_pnl > 0 (decisive only),COMPATIBILITY_ONLY_NOT_PRODUCTION,997.7904,978.8163,-61.5986,72,72,0.06173501,,0.06173501,0.06173501,61.5986,997.7904,OK,0.0000,-2.4639,4.0000,96.0000,AG03-UNRESOLVED,ALL5_LEVELS_bet23_to_bet27,-2.4639,-2.4639,-2.4639,-3.6959,-3.6959,4.000000,4.000000,4.000000,6.000000,6.000000,96.000000,96.000000,96.000000,94.000000,94.000000,5.0,-14.7837,-13.4437,-46.8149,-48.1549,PENDING_AG03,FALSE,NOT_FOR_ENFORCEMENT,-59.1347,939.6636,-61.5986,-59.1347,-2.4639,-0.06173501,-0.05926561,-2.4639,-59.1347,-0.05926561,-2.4639,-2.4639,-2.4639,-3.6959,-3.6959,-59.1347,-0.05926561,-14.7837,-13.4437,-46.8149,-48.1549,-0.04691861,-0.04826151,-0.00246940,13.8582,13.5947,-0.8555,-6.8443,-1.3391,110.8656,8.0000,,13.8582,6.3247,10.5412,16.128,31.6236,31.6236,66.8311,10.5412,3.1624,3.0,6.339996,1.314672,25,29,9,2,0E-8,-0.06173501,,0E-8,0.000000,0.980984,0.861111,,2026-04-07,2026-05-20,9,46,46,44,0.204546,,,0.000000,,,,,,,,GLOBAL_BASELINE_NO_ENTITY_RANKING,,,NOT_APPLICABLE_GLOBAL_BASELINE,HF9g-P5,,,,X 全窗基线 · 不参与实体赏罚,3927673,393,A168_HF9F_20260827_0900,2026-08-27 09:00:00
2026-04-08,147658491,2123,0,6.3247106445,6.3247106445,6.3247106445,1.0000000,1,1,0.50665070000000000,0.506650700000,0.9867858985152569,0.9867858985152569,0.9867858985152569,0E-17,ELIGIBLE,R03b_20260811_FULL_v1,L1_ELIGIBILITY,v2026-08-11,2026-03-21..2026-08-06,baccarat_bet02_101_all_pairs_incl_sentinel,round_win = game_pnl > 0 (decisive only),COMPATIBILITY_ONLY_NOT_PRODUCTION,997.7904,978.8163,-61.5986,72,72,0.06173501,,0.06173501,0.06173501,61.5986,997.7904,OK,0.0000,-2.4639,4.0000,96.0000,AG03-UNRESOLVED,ALL5_LEVELS_bet23_to_bet27,-2.4639,-2.4639,-2.4639,-3.6959,-3.6959,4.000000,4.000000,4.000000,6.000000,6.000000,96.000000,96.000000,96.000000,94.000000,94.000000,5.0,-14.7837,-13.4437,-46.8149,-48.1549,PENDING_AG03,FALSE,NOT_FOR_ENFORCEMENT,-59.1347,939.6636,-61.5986,-59.1347,-2.4639,-0.06173501,-0.05926561,-2.4639,-59.1347,-0.05926561,-2.4639,-2.4639,-2.4639,-3.6959,-3.6959,-59.1347,-0.05926561,-14.7837,-13.4437,-46.8149,-48.1549,-0.04691861,-0.04826151,-0.00246940,13.8582,13.5947,-0.8555,-6.8443,-1.3391,110.8656,8.0000,,13.8582,6.3247,10.5412,16.128,31.6236,31.6236,66.8311,10.5412,3.1624,3.0,6.339996,1.314672,25,29,9,2,0E-8,-0.06173501,,0E-8,0.000000,0.980984,0.861111,,2026-04-07,2026-05-20,9,46,46,44,0.204546,,,0.000000,,,,,,,,GLOBAL_BASELINE_NO_ENTITY_RANKING,,,NOT_APPLICABLE_GLOBAL_BASELINE,HF9g-P5,,,,X 全窗基线 · 不参与实体赏罚,3927674,393,A168_HF9F_20260827_0900,2026-08-27 09:00:00
2026-04-08,147658491,2174,0,6.3247106445,6.3247106445,6.3247106445,1.0000000,1,1,0.49324550000000000,0.493245500000,1.01360149184955,1.01360149184955,1.01360149184955,0E-17,ELIGIBLE,R03b_20260811_FULL_v1,L1_ELIGIBILITY,v2026-08-11,2026-03-21..2026-08-06,baccarat_bet02_101_all_pairs_incl_sentinel,round_win = game_pnl > 0 (decisive only),COMPATIBILITY_ONLY_NOT_PRODUCTION,997.7904,978.8163,-61.5986,72,72,0.06173501,,0.06173501,0.06173501,61.5986,997.7904,OK,0.0000,-2.4639,4.0000,96.0000,AG03-UNRESOLVED,ALL5_LEVELS_bet23_to_bet27,-2.4639,-2.4639,-2.4639,-3.6959,-3.6959,4.000000,4.000000,4.000000,6.000000,6.000000,96.000000,96.000000,96.000000,94.000000,94.000000,5.0,-14.7837,-13.4437,-46.8149,-48.1549,PENDING_AG03,FALSE,NOT_FOR_ENFORCEMENT,-59.1347,939.6636,-61.5986,-59.1347,-2.4639,-0.06173501,-0.05926561,-2.4639,-59.1347,-0.05926561,-2.4639,-2.4639,-2.4639,-3.6959,-3.6959,-59.1347,-0.05926561,-14.7837,-13.4437,-46.8149,-48.1549,-0.04691861,-0.04826151,-0.00246940,13.8582,13.5947,-0.8555,-6.8443,-1.3391,110.8656,8.0000,,13.8582,6.3247,10.5412,16.128,31.6236,31.6236,66.8311,10.5412,3.1624,3.0,6.339996,1.314672,25,29,9,2,0E-8,-0.06173501,,0E-8,0.000000,0.980984,0.861111,,2026-04-07,2026-05-20,9,46,46,44,0.204546,,,0.000000,,,,,,,,GLOBAL_BASELINE_NO_ENTITY_RANKING,,,NOT_APPLICABLE_GLOBAL_BASELINE,HF9g-P5,,,,X 全窗基线 · 不参与实体赏罚,3927675,393,A168_HF9F_20260827_0900,2026-08-27 09:00:00
2026-04-11,147658491,1323,0,10.5411844075,10.0141251871,10.0141251871,1.0000000,1,1,0.50665070000000000,0.506650700000,0.9867858985152569,0.9867858985152569,0.9867858985152569,0E-17,ELIGIBLE,R03b_20260811_FULL_v1,L1_ELIGIBILITY,v2026-08-11,2026-03-21..2026-08-06,baccarat_bet02_101_all_pairs_incl_sentinel,round_win = game_pnl > 0 (decisive only),COMPATIBILITY_ONLY_NOT_PRODUCTION,997.7904,978.8163,-61.5986,72,72,0.06173501,,0.06173501,0.06173501,61.5986,997.7904,OK,0.0000,-2.4639,4.0000,96.0000,AG03-UNRESOLVED,ALL5_LEVELS_bet23_to_bet27,-2.4639,-2.4639,-2.4639,-3.6959,-3.6959,4.000000,4.000000,4.000000,6.000000,6.000000,96.000000,96.000000,96.000000,94.000000,94.000000,5.0,-14.7837,-13.4437,-46.8149,-48.1549,PENDING_AG03,FALSE,NOT_FOR_ENFORCEMENT,-59.1347,939.6636,-61.5986,-59.1347,-2.4639,-0.06173501,-0.05926561,-2.4639,-59.1347,-0.05926561,-2.4639,-2.4639,-2.4639,-3.6959,-3.6959,-59.1347,-0.05926561,-14.7837,-13.4437,-46.8149,-48.1549,-0.04691861,-0.04826151,-0.00246940,13.8582,13.5947,-0.8555,-6.8443,-1.3391,110.8656,8.0000,,13.8582,6.3247,10.5412,16.128,31.6236,31.6236,66.8311,10.5412,3.1624,3.0,6.339996,1.314672,25,29,9,2,0E-8,-0.06173501,,0E-8,0.000000,0.980984,0.861111,,2026-04-07,2026-05-20,9,46,46,44,0.204546,,,0.000000,,,,,,,,GLOBAL_BASELINE_NO_ENTITY_RANKING,,,NOT_APPLICABLE_GLOBAL_BASELINE,HF9g-P5,,,,X 全窗基线 · 不参与实体赏罚,3927676,393,A168_HF9F_20260827_0900,2026-08-27 09:00:00
2026-04-11,147658491,2251,0,6.3247106445,0E-10,0E-10,,1,1,0.49324550000000000,0.493245500000,,,,0E-17,NO_DECISIVE_ROUND,R03b_20260811_FULL_v1,L1_ELIGIBILITY,v2026-08-11,2026-03-21..2026-08-06,baccarat_bet02_101_all_pairs_incl_sentinel,round_win = game_pnl > 0 (decisive only),COMPATIBILITY_ONLY_NOT_PRODUCTION,997.7904,978.8163,-61.5986,72,72,0.06173501,,0.06173501,0.06173501,61.5986,997.7904,OK,0.0000,-2.4639,4.0000,96.0000,AG03-UNRESOLVED,ALL5_LEVELS_bet23_to_bet27,-2.4639,-2.4639,-2.4639,-3.6959,-3.6959,4.000000,4.000000,4.000000,6.000000,6.000000,96.000000,96.000000,96.000000,94.000000,94.000000,5.0,-14.7837,-13.4437,-46.8149,-48.1549,PENDING_AG03,FALSE,NOT_FOR_ENFORCEMENT,-59.1347,939.6636,-61.5986,-59.1347,-2.4639,-0.06173501,-0.05926561,-2.4639,-59.1347,-0.05926561,-2.4639,-2.4639,-2.4639,-3.6959,-3.6959,-59.1347,-0.05926561,-14.7837,-13.4437,-46.8149,-48.1549,-0.04691861,-0.04826151,-0.00246940,13.8582,13.5947,-0.8555,-6.8443,-1.3391,110.8656,8.0000,,13.8582,6.3247,10.5412,16.128,31.6236,31.6236,66.8311,10.5412,3.1624,3.0,6.339996,1.314672,25,29,9,2,0E-8,-0.06173501,,0E-8,0.000000,0.980984,0.861111,,2026-04-07,2026-05-20,9,46,46,44,0.204546,,,0.000000,,,,,,,,GLOBAL_BASELINE_NO_ENTITY_RANKING,,,NOT_APPLICABLE_GLOBAL_BASELINE,HF9g-P5,,,,X 全窗基线 · 不参与实体赏罚,3927677,393,A168_HF9F_20260827_0900,2026-08-27 09:00:00
2026-04-17,147658491,-1,1,115.9530284823,-16.8658950520,-16.8658950520,0.3750000,9,9,0.50218230000000000,0.502182300000,-0.7194585869949017,-0.7194585869949017,-0.7194585869949017,0E-17,SENTINEL_DEALER,R03b_20260811_FULL_v1,L1_ELIGIBILITY,v2026-08-11,2026-03-21..2026-08-06,baccarat_bet02_101_all_pairs_incl_sentinel,round_win = game_pnl > 0 (decisive only),COMPATIBILITY_ONLY_NOT_PRODUCTION,997.7904,978.8163,-61.5986,72,72,0.06173501,,0.06173501,0.06173501,61.5986,997.7904,OK,0.0000,-2.4639,4.0000,96.0000,AG03-UNRESOLVED,ALL5_LEVELS_bet23_to_bet27,-2.4639,-2.4639,-2.4639,-3.6959,-3.6959,4.000000,4.000000,4.000000,6.000000,6.000000,96.000000,96.000000,96.000000,94.000000,94.000000,5.0,-14.7837,-13.4437,-46.8149,-48.1549,PENDING_AG03,FALSE,NOT_FOR_ENFORCEMENT,-59.1347,939.6636,-61.5986,-59.1347,-2.4639,-0.06173501,-0.05926561,-2.4639,-59.1347,-0.05926561,-2.4639,-2.4639,-2.4639,-3.6959,-3.6959,-59.1347,-0.05926561,-14.7837,-13.4437,-46.8149,-48.1549,-0.04691861,-0.04826151,-0.00246940,13.8582,13.5947,-0.8555,-6.8443,-1.3391,110.8656,8.0000,,13.8582,6.3247,10.5412,16.128,31.6236,31.6236,66.8311,10.5412,3.1624,3.0,6.339996,1.314672,25,29,9,2,0E-8,-0.06173501,,0E-8,0.000000,0.980984,0.861111,,2026-04-07,2026-05-20,9,46,46,44,0.204546,,,0.000000,,,,,,,,GLOBAL_BASELINE_NO_ENTITY_RANKING,,,NOT_APPLICABLE_GLOBAL_BASELINE,HF9g-P5,,,,X 全窗基线 · 不参与实体赏罚,3927678,393,A168_HF9F_20260827_0900,2026-08-27 09:00:00
2026-04-17,147658491,1306,0,18.9741319335,-6.3247106445,-6.3247106445,0.3333333,3,3,0.49324550000000000,0.493245500000,-0.5540025479526107,-0.5540025479526106,-0.5540025479526107,0E-17,ELIGIBLE,R03b_20260811_FULL_v1,L1_ELIGIBILITY,v2026-08-11,2026-03-21..2026-08-06,baccarat_bet02_101_all_pairs_incl_sentinel,round_win = game_pnl > 0 (decisive only),COMPATIBILITY_ONLY_NOT_PRODUCTION,997.7904,978.8163,-61.5986,72,72,0.06173501,,0.06173501,0.06173501,61.5986,997.7904,OK,0.0000,-2.4639,4.0000,96.0000,AG03-UNRESOLVED,ALL5_LEVELS_bet23_to_bet27,-2.4639,-2.4639,-2.4639,-3.6959,-3.6959,4.000000,4.000000,4.000000,6.000000,6.000000,96.000000,96.000000,96.000000,94.000000,94.000000,5.0,-14.7837,-13.4437,-46.8149,-48.1549,PENDING_AG03,FALSE,NOT_FOR_ENFORCEMENT,-59.1347,939.6636,-61.5986,-59.1347,-2.4639,-0.06173501,-0.05926561,-2.4639,-59.1347,-0.05926561,-2.4639,-2.4639,-2.4639,-3.6959,-3.6959,-59.1347,-0.05926561,-14.7837,-13.4437,-46.8149,-48.1549,-0.04691861,-0.04826151,-0.00246940,13.8582,13.5947,-0.8555,-6.8443,-1.3391,110.8656,8.0000,,13.8582,6.3247,10.5412,16.128,31.6236,31.6236,66.8311,10.5412,3.1624,3.0,6.339996,1.314672,25,29,9,2,0E-8,-0.06173501,,0E-8,0.000000,0.980984,0.861111,,2026-04-07,2026-05-20,9,46,46,44,0.204546,,,0.000000,,,,,,,,GLOBAL_BASELINE_NO_ENTITY_RANKING,,,NOT_APPLICABLE_GLOBAL_BASELINE,HF9g-P5,,,,X 全窗基线 · 不参与实体赏罚,3927679,393,A168_HF9F_20260827_0900,2026-08-27 09:00:00
2026-04-17,147658491,1384,0,10.5411844075,-10.5411844075,-10.5411844075,0E-7,1,1,0.50665070000000000,0.506650700000,-1.013391052207602,-1.013391052207602,-1.013391052207602,0E-17,ELIGIBLE,R03b_20260811_FULL_v1,L1_ELIGIBILITY,v2026-08-11,2026-03-21..2026-08-06,baccarat_bet02_101_all_pairs_incl_sentinel,round_win = game_pnl > 0 (decisive only),COMPATIBILITY_ONLY_NOT_PRODUCTION,997.7904,978.8163,-61.5986,72,72,0.06173501,,0.06173501,0.06173501,61.5986,997.7904,OK,0.0000,-2.4639,4.0000,96.0000,AG03-UNRESOLVED,ALL5_LEVELS_bet23_to_bet27,-2.4639,-2.4639,-2.4639,-3.6959,-3.6959,4.000000,4.000000,4.000000,6.000000,6.000000,96.000000,96.000000,96.000000,94.000000,94.000000,5.0,-14.7837,-13.4437,-46.8149,-48.1549,PENDING_AG03,FALSE,NOT_FOR_ENFORCEMENT,-59.1347,939.6636,-61.5986,-59.1347,-2.4639,-0.06173501,-0.05926561,-2.4639,-59.1347,-0.05926561,-2.4639,-2.4639,-2.4639,-3.6959,-3.6959,-59.1347,-0.05926561,-14.7837,-13.4437,-46.8149,-48.1549,-0.04691861,-0.04826151,-0.00246940,13.8582,13.5947,-0.8555,-6.8443,-1.3391,110.8656,8.0000,,13.8582,6.3247,10.5412,16.128,31.6236,31.6236,66.8311,10.5412,3.1624,3.0,6.339996,1.314672,25,29,9,2,0E-8,-0.06173501,,0E-8,0.000000,0.980984,0.861111,,2026-04-07,2026-05-20,9,46,46,44,0.204546,,,0.000000,,,,,,,,GLOBAL_BASELINE_NO_ENTITY_RANKING,,,NOT_APPLICABLE_GLOBAL_BASELINE,HF9g-P5,,,,X 全窗基线 · 不参与实体赏罚,3927680,393,A168_HF9F_20260827_0900,2026-08-27 09:00:00
2026-04-17,147658491,1385,0,6.3247106445,-6.3247106445,-6.3247106445,0E-7,1,1,0.50665070000000000,0.506650700000,-1.013391052207602,-1.013391052207602,-1.013391052207602,0E-17,ELIGIBLE,R03b_20260811_FULL_v1,L1_ELIGIBILITY,v2026-08-11,2026-03-21..2026-08-06,baccarat_bet02_101_all_pairs_incl_sentinel,round_win = game_pnl > 0 (decisive only),COMPATIBILITY_ONLY_NOT_PRODUCTION,997.7904,978.8163,-61.5986,72,72,0.06173501,,0.06173501,0.06173501,61.5986,997.7904,OK,0.0000,-2.4639,4.0000,96.0000,AG03-UNRESOLVED,ALL5_LEVELS_bet23_to_bet27,-2.4639,-2.4639,-2.4639,-3.6959,-3.6959,4.000000,4.000000,4.000000,6.000000,6.000000,96.000000,96.000000,96.000000,94.000000,94.000000,5.0,-14.7837,-13.4437,-46.8149,-48.1549,PENDING_AG03,FALSE,NOT_FOR_ENFORCEMENT,-59.1347,939.6636,-61.5986,-59.1347,-2.4639,-0.06173501,-0.05926561,-2.4639,-59.1347,-0.05926561,-2.4639,-2.4639,-2.4639,-3.6959,-3.6959,-59.1347,-0.05926561,-14.7837,-13.4437,-46.8149,-48.1549,-0.04691861,-0.04826151,-0.00246940,13.8582,13.5947,-0.8555,-6.8443,-1.3391,110.8656,8.0000,,13.8582,6.3247,10.5412,16.128,31.6236,31.6236,66.8311,10.5412,3.1624,3.0,6.339996,1.314672,25,29,9,2,0E-8,-0.06173501,,0E-8,0.000000,0.980984,0.861111,,2026-04-07,2026-05-20,9,46,46,44,0.204546,,,0.000000,,,,,,,,GLOBAL_BASELINE_NO_ENTITY_RANKING,,,NOT_APPLICABLE_GLOBAL_BASELINE,HF9g-P5,,,,X 全窗基线 · 不参与实体赏罚,3927681,393,A168_HF9F_20260827_0900,2026-08-27 09:00:00
2026-04-17,147658491,1702,0,10.5411844075,-10.5411844075,-10.5411844075,0E-7,1,1,0.49324550000000000,0.493245500000,-0.9865810262130424,-0.9865810262130424,-0.9865810262130424,0E-17,ELIGIBLE,R03b_20260811_FULL_v1,L1_ELIGIBILITY,v2026-08-11,2026-03-21..2026-08-06,baccarat_bet02_101_all_pairs_incl_sentinel,round_win = game_pnl > 0 (decisive only),COMPATIBILITY_ONLY_NOT_PRODUCTION,997.7904,978.8163,-61.5986,72,72,0.06173501,,0.06173501,0.06173501,61.5986,997.7904,OK,0.0000,-2.4639,4.0000,96.0000,AG03-UNRESOLVED,ALL5_LEVELS_bet23_to_bet27,-2.4639,-2.4639,-2.4639,-3.6959,-3.6959,4.000000,4.000000,4.000000,6.000000,6.000000,96.000000,96.000000,96.000000,94.000000,94.000000,5.0,-14.7837,-13.4437,-46.8149,-48.1549,PENDING_AG03,FALSE,NOT_FOR_ENFORCEMENT,-59.1347,939.6636,-61.5986,-59.1347,-2.4639,-0.06173501,-0.05926561,-2.4639,-59.1347,-0.05926561,-2.4639,-2.4639,-2.4639,-3.6959,-3.6959,-59.1347,-0.05926561,-14.7837,-13.4437,-46.8149,-48.1549,-0.04691861,-0.04826151,-0.00246940,13.8582,13.5947,-0.8555,-6.8443,-1.3391,110.8656,8.0000,,13.8582,6.3247,10.5412,16.128,31.6236,31.6236,66.8311,10.5412,3.1624,3.0,6.339996,1.314672,25,29,9,2,0E-8,-0.06173501,,0E-8,0.000000,0.980984,0.861111,,2026-04-07,2026-05-20,9,46,46,44,0.204546,,,0.000000,,,,,,,,GLOBAL_BASELINE_NO_ENTITY_RANKING,,,NOT_APPLICABLE_GLOBAL_BASELINE,HF9g-P5,,,,X 全窗基线 · 不参与实体赏罚,3927682,393,A168_HF9F_20260827_0900,2026-08-27 09:00:00
2026-04-17,147658491,2134,0,12.6494212890,0E-10,0E-10,0.5000000,2,2,0.49324550000000000,0.493245500000,0.01910635448239258,0.01910635448239258,0.01910635448239258,0E-17,ELIGIBLE,R03b_20260811_FULL_v1,L1_ELIGIBILITY,v2026-08-11,2026-03-21..2026-08-06,baccarat_bet02_101_all_pairs_incl_sentinel,round_win = game_pnl > 0 (decisive only),COMPATIBILITY_ONLY_NOT_PRODUCTION,997.7904,978.8163,-61.5986,72,72,0.06173501,,0.06173501,0.06173501,61.5986,997.7904,OK,0.0000,-2.4639,4.0000,96.0000,AG03-UNRESOLVED,ALL5_LEVELS_bet23_to_bet27,-2.4639,-2.4639,-2.4639,-3.6959,-3.6959,4.000000,4.000000,4.000000,6.000000,6.000000,96.000000,96.000000,96.000000,94.000000,94.000000,5.0,-14.7837,-13.4437,-46.8149,-48.1549,PENDING_AG03,FALSE,NOT_FOR_ENFORCEMENT,-59.1347,939.6636,-61.5986,-59.1347,-2.4639,-0.06173501,-0.05926561,-2.4639,-59.1347,-0.05926561,-2.4639,-2.4639,-2.4639,-3.6959,-3.6959,-59.1347,-0.05926561,-14.7837,-13.4437,-46.8149,-48.1549,-0.04691861,-0.04826151,-0.00246940,13.8582,13.5947,-0.8555,-6.8443,-1.3391,110.8656,8.0000,,13.8582,6.3247,10.5412,16.128,31.6236,31.6236,66.8311,10.5412,3.1624,3.0,6.339996,1.314672,25,29,9,2,0E-8,-0.06173501,,0E-8,0.000000,0.980984,0.861111,,2026-04-07,2026-05-20,9,46,46,44,0.204546,,,0.000000,,,,,,,,GLOBAL_BASELINE_NO_ENTITY_RANKING,,,NOT_APPLICABLE_GLOBAL_BASELINE,HF9g-P5,,,,X 全窗基线 · 不参与实体赏罚,3927683,393,A168_HF9F_20260827_0900,2026-08-27 09:00:00
2026-04-17,147658491,2155,0,10.5411844075,-10.5411844075,-10.5411844075,0E-7,1,1,0.50665070000000000,0.506650700000,-1.013391052207602,-1.013391052207602,-1.013391052207602,0E-17,ELIGIBLE,R03b_20260811_FULL_v1,L1_ELIGIBILITY,v2026-08-11,2026-03-21..2026-08-06,baccarat_bet02_101_all_pairs_incl_sentinel,round_win = game_pnl > 0 (decisive only),COMPATIBILITY_ONLY_NOT_PRODUCTION,997.7904,978.8163,-61.5986,72,72,0.06173501,,0.06173501,0.06173501,61.5986,997.7904,OK,0.0000,-2.4639,4.0000,96.0000,AG03-UNRESOLVED,ALL5_LEVELS_bet23_to_bet27,-2.4639,-2.4639,-2.4639,-3.6959,-3.6959,4.000000,4.000000,4.000000,6.000000,6.000000,96.000000,96.000000,96.000000,94.000000,94.000000,5.0,-14.7837,-13.4437,-46.8149,-48.1549,PENDING_AG03,FALSE,NOT_FOR_ENFORCEMENT,-59.1347,939.6636,-61.5986,-59.1347,-2.4639,-0.06173501,-0.05926561,-2.4639,-59.1347,-0.05926561,-2.4639,-2.4639,-2.4639,-3.6959,-3.6959,-59.1347,-0.05926561,-14.7837,-13.4437,-46.8149,-48.1549,-0.04691861,-0.04826151,-0.00246940,13.8582,13.5947,-0.8555,-6.8443,-1.3391,110.8656,8.0000,,13.8582,6.3247,10.5412,16.128,31.6236,31.6236,66.8311,10.5412,3.1624,3.0,6.339996,1.314672,25,29,9,2,0E-8,-0.06173501,,0E-8,0.000000,0.980984,0.861111,,2026-04-07,2026-05-20,9,46,46,44,0.204546,,,0.000000,,,,,,,,GLOBAL_BASELINE_NO_ENTITY_RANKING,,,NOT_APPLICABLE_GLOBAL_BASELINE,HF9g-P5,,,,X 全窗基线 · 不参与实体赏罚,3927684,393,A168_HF9F_20260827_0900,2026-08-27 09:00:00
2026-04-17,147658491,2167,0,6.3247106445,-6.3247106445,-6.3247106445,0E-7,1,1,0.49324550000000000,0.493245500000,-0.9865810262130424,-0.9865810262130424,-0.9865810262130424,0E-17,ELIGIBLE,R03b_20260811_FULL_v1,L1_ELIGIBILITY,v2026-08-11,2026-03-21..2026-08-06,baccarat_bet02_101_all_pairs_incl_sentinel,round_win = game_pnl > 0 (decisive only),COMPATIBILITY_ONLY_NOT_PRODUCTION,997.7904,978.8163,-61.5986,72,72,0.06173501,,0.06173501,0.06173501,61.5986,997.7904,OK,0.0000,-2.4639,4.0000,96.0000,AG03-UNRESOLVED,ALL5_LEVELS_bet23_to_bet27,-2.4639,-2.4639,-2.4639,-3.6959,-3.6959,4.000000,4.000000,4.000000,6.000000,6.000000,96.000000,96.000000,96.000000,94.000000,94.000000,5.0,-14.7837,-13.4437,-46.8149,-48.1549,PENDING_AG03,FALSE,NOT_FOR_ENFORCEMENT,-59.1347,939.6636,-61.5986,-59.1347,-2.4639,-0.06173501,-0.05926561,-2.4639,-59.1347,-0.05926561,-2.4639,-2.4639,-2.4639,-3.6959,-3.6959,-59.1347,-0.05926561,-14.7837,-13.4437,-46.8149,-48.1549,-0.04691861,-0.04826151,-0.00246940,13.8582,13.5947,-0.8555,-6.8443,-1.3391,110.8656,8.0000,,13.8582,6.3247,10.5412,16.128,31.6236,31.6236,66.8311,10.5412,3.1624,3.0,6.339996,1.314672,25,29,9,2,0E-8,-0.06173501,,0E-8,0.000000,0.980984,0.861111,,2026-04-07,2026-05-20,9,46,46,44,0.204546,,,0.000000,,,,,,,,GLOBAL_BASELINE_NO_ENTITY_RANKING,,,NOT_APPLICABLE_GLOBAL_BASELINE,HF9g-P5,,,,X 全窗基线 · 不参与实体赏罚,3927685,393,A168_HF9F_20260827_0900,2026-08-27 09:00:00
2026-04-17,147658491,2171,0,6.3247106445,-6.3247106445,-6.3247106445,0E-7,1,1,0.49324550000000000,0.493245500000,-0.9865810262130424,-0.9865810262130424,-0.9865810262130424,0E-17,ELIGIBLE,R03b_20260811_FULL_v1,L1_ELIGIBILITY,v2026-08-11,2026-03-21..2026-08-06,baccarat_bet02_101_all_pairs_incl_sentinel,round_win = game_pnl > 0 (decisive only),COMPATIBILITY_ONLY_NOT_PRODUCTION,997.7904,978.8163,-61.5986,72,72,0.06173501,,0.06173501,0.06173501,61.5986,997.7904,OK,0.0000,-2.4639,4.0000,96.0000,AG03-UNRESOLVED,ALL5_LEVELS_bet23_to_bet27,-2.4639,-2.4639,-2.4639,-3.6959,-3.6959,4.000000,4.000000,4.000000,6.000000,6.000000,96.000000,96.000000,96.000000,94.000000,94.000000,5.0,-14.7837,-13.4437,-46.8149,-48.1549,PENDING_AG03,FALSE,NOT_FOR_ENFORCEMENT,-59.1347,939.6636,-61.5986,-59.1347,-2.4639,-0.06173501,-0.05926561,-2.4639,-59.1347,-0.05926561,-2.4639,-2.4639,-2.4639,-3.6959,-3.6959,-59.1347,-0.05926561,-14.7837,-13.4437,-46.8149,-48.1549,-0.04691861,-0.04826151,-0.00246940,13.8582,13.5947,-0.8555,-6.8443,-1.3391,110.8656,8.0000,,13.8582,6.3247,10.5412,16.128,31.6236,31.6236,66.8311,10.5412,3.1624,3.0,6.339996,1.314672,25,29,9,2,0E-8,-0.06173501,,0E-8,0.000000,0.980984,0.861111,,2026-04-07,2026-05-20,9,46,46,44,0.204546,,,0.000000,,,,,,,,GLOBAL_BASELINE_NO_ENTITY_RANKING,,,NOT_APPLICABLE_GLOBAL_BASELINE,HF9g-P5,,,,X 全窗基线 · 不参与实体赏罚,3927686,393,A168_HF9F_20260827_0900,2026-08-27 09:00:00
2026-04-17,147658491,2242,0,10.5411844075,10.5411844075,10.5411844075,1.0000000,1,1,0.49324550000000000,0.493245500000,1.01360149184955,1.01360149184955,1.01360149184955,0E-17,ELIGIBLE,R03b_20260811_FULL_v1,L1_ELIGIBILITY,v2026-08-11,2026-03-21..2026-08-06,baccarat_bet02_101_all_pairs_incl_sentinel,round_win = game_pnl > 0 (decisive only),COMPATIBILITY_ONLY_NOT_PRODUCTION,997.7904,978.8163,-61.5986,72,72,0.06173501,,0.06173501,0.06173501,61.5986,997.7904,OK,0.0000,-2.4639,4.0000,96.0000,AG03-UNRESOLVED,ALL5_LEVELS_bet23_to_bet27,-2.4639,-2.4639,-2.4639,-3.6959,-3.6959,4.000000,4.000000,4.000000,6.000000,6.000000,96.000000,96.000000,96.000000,94.000000,94.000000,5.0,-14.7837,-13.4437,-46.8149,-48.1549,PENDING_AG03,FALSE,NOT_FOR_ENFORCEMENT,-59.1347,939.6636,-61.5986,-59.1347,-2.4639,-0.06173501,-0.05926561,-2.4639,-59.1347,-0.05926561,-2.4639,-2.4639,-2.4639,-3.6959,-3.6959,-59.1347,-0.05926561,-14.7837,-13.4437,-46.8149,-48.1549,-0.04691861,-0.04826151,-0.00246940,13.8582,13.5947,-0.8555,-6.8443,-1.3391,110.8656,8.0000,,13.8582,6.3247,10.5412,16.128,31.6236,31.6236,66.8311,10.5412,3.1624,3.0,6.339996,1.314672,25,29,9,2,0E-8,-0.06173501,,0E-8,0.000000,0.980984,0.861111,,2026-04-07,2026-05-20,9,46,46,44,0.204546,,,0.000000,,,,,,,,GLOBAL_BASELINE_NO_ENTITY_RANKING,,,NOT_APPLICABLE_GLOBAL_BASELINE,HF9g-P5,,,,X 全窗基线 · 不参与实体赏罚,3927687,393,A168_HF9F_20260827_0900,2026-08-27 09:00:00
2026-04-19,147658491,-1,1,151.7930554678,45.3270929522,45.3270929522,0.7272727,11,11,0.49933877272727273,0.499338772727,1.511944130527949,1.5119441305297592,1.511944130527949,2.7273E-13,SENTINEL_DEALER,R03b_20260811_FULL_v1,L1_ELIGIBILITY,v2026-08-11,2026-03-21..2026-08-06,baccarat_bet02_101_all_pairs_incl_sentinel,round_win = game_pnl > 0 (decisive only),COMPATIBILITY_ONLY_NOT_PRODUCTION,997.7904,978.8163,-61.5986,72,72,0.06173501,,0.06173501,0.06173501,61.5986,997.7904,OK,0.0000,-2.4639,4.0000,96.0000,AG03-UNRESOLVED,ALL5_LEVELS_bet23_to_bet27,-2.4639,-2.4639,-2.4639,-3.6959,-3.6959,4.000000,4.000000,4.000000,6.000000,6.000000,96.000000,96.000000,96.000000,94.000000,94.000000,5.0,-14.7837,-13.4437,-46.8149,-48.1549,PENDING_AG03,FALSE,NOT_FOR_ENFORCEMENT,-59.1347,939.6636,-61.5986,-59.1347,-2.4639,-0.06173501,-0.05926561,-2.4639,-59.1347,-0.05926561,-2.4639,-2.4639,-2.4639,-3.6959,-3.6959,-59.1347,-0.05926561,-14.7837,-13.4437,-46.8149,-48.1549,-0.04691861,-0.04826151,-0.00246940,13.8582,13.5947,-0.8555,-6.8443,-1.3391,110.8656,8.0000,,13.8582,6.3247,10.5412,16.128,31.6236,31.6236,66.8311,10.5412,3.1624,3.0,6.339996,1.314672,25,29,9,2,0E-8,-0.06173501,,0E-8,0.000000,0.980984,0.861111,,2026-04-07,2026-05-20,9,46,46,44,0.204546,,,0.000000,,,,,,,,GLOBAL_BASELINE_NO_ENTITY_RANKING,,,NOT_APPLICABLE_GLOBAL_BASELINE,HF9g-P5,,,,X 全窗基线 · 不参与实体赏罚,3927688,393,A168_HF9F_20260827_0900,2026-08-27 09:00:00
2026-04-19,147658491,1267,0,64.3012248857,22.1364872557,22.1364872557,0.6666667,3,3,0.49771390000000000,0.497713900000,0.5852756695216578,0.5852756695216578,0.5852756695216578,0E-17,ELIGIBLE,R03b_20260811_FULL_v1,L1_ELIGIBILITY,v2026-08-11,2026-03-21..2026-08-06,baccarat_bet02_101_all_pairs_incl_sentinel,round_win = game_pnl > 0 (decisive only),COMPATIBILITY_ONLY_NOT_PRODUCTION,997.7904,978.8163,-61.5986,72,72,0.06173501,,0.06173501,0.06173501,61.5986,997.7904,OK,0.0000,-2.4639,4.0000,96.0000,AG03-UNRESOLVED,ALL5_LEVELS_bet23_to_bet27,-2.4639,-2.4639,-2.4639,-3.6959,-3.6959,4.000000,4.000000,4.000000,6.000000,6.000000,96.000000,96.000000,96.000000,94.000000,94.000000,5.0,-14.7837,-13.4437,-46.8149,-48.1549,PENDING_AG03,FALSE,NOT_FOR_ENFORCEMENT,-59.1347,939.6636,-61.5986,-59.1347,-2.4639,-0.06173501,-0.05926561,-2.4639,-59.1347,-0.05926561,-2.4639,-2.4639,-2.4639,-3.6959,-3.6959,-59.1347,-0.05926561,-14.7837,-13.4437,-46.8149,-48.1549,-0.04691861,-0.04826151,-0.00246940,13.8582,13.5947,-0.8555,-6.8443,-1.3391,110.8656,8.0000,,13.8582,6.3247,10.5412,16.128,31.6236,31.6236,66.8311,10.5412,3.1624,3.0,6.339996,1.314672,25,29,9,2,0E-8,-0.06173501,,0E-8,0.000000,0.980984,0.861111,,2026-04-07,2026-05-20,9,46,46,44,0.204546,,,0.000000,,,,,,,,GLOBAL_BASELINE_NO_ENTITY_RANKING,,,NOT_APPLICABLE_GLOBAL_BASELINE,HF9g-P5,,,,X 全窗基线 · 不参与实体赏罚,3927689,393,A168_HF9F_20260827_0900,2026-08-27 09:00:00
2026-04-19,147658491,1507,0,16.8658950520,0E-10,0E-10,0.5000000,2,2,0.49994810000000000,0.499948100000,0.00014679536856514622,0.00014679536856514622,0.00014679536856514622,0E-17,ELIGIBLE,R03b_20260811_FULL_v1,L1_ELIGIBILITY,v2026-08-11,2026-03-21..2026-08-06,baccarat_bet02_101_all_pairs_incl_sentinel,round_win = game_pnl > 0 (decisive only),COMPATIBILITY_ONLY_NOT_PRODUCTION,997.7904,978.8163,-61.5986,72,72,0.06173501,,0.06173501,0.06173501,61.5986,997.7904,OK,0.0000,-2.4639,4.0000,96.0000,AG03-UNRESOLVED,ALL5_LEVELS_bet23_to_bet27,-2.4639,-2.4639,-2.4639,-3.6959,-3.6959,4.000000,4.000000,4.000000,6.000000,6.000000,96.000000,96.000000,96.000000,94.000000,94.000000,5.0,-14.7837,-13.4437,-46.8149,-48.1549,PENDING_AG03,FALSE,NOT_FOR_ENFORCEMENT,-59.1347,939.6636,-61.5986,-59.1347,-2.4639,-0.06173501,-0.05926561,-2.4639,-59.1347,-0.05926561,-2.4639,-2.4639,-2.4639,-3.6959,-3.6959,-59.1347,-0.05926561,-14.7837,-13.4437,-46.8149,-48.1549,-0.04691861,-0.04826151,-0.00246940,13.8582,13.5947,-0.8555,-6.8443,-1.3391,110.8656,8.0000,,13.8582,6.3247,10.5412,16.128,31.6236,31.6236,66.8311,10.5412,3.1624,3.0,6.339996,1.314672,25,29,9,2,0E-8,-0.06173501,,0E-8,0.000000,0.980984,0.861111,,2026-04-07,2026-05-20,9,46,46,44,0.204546,,,0.000000,,,,,,,,GLOBAL_BASELINE_NO_ENTITY_RANKING,,,NOT_APPLICABLE_GLOBAL_BASELINE,HF9g-P5,,,,X 全窗基线 · 不参与实体赏罚,3927690,393,A168_HF9F_20260827_0900,2026-08-27 09:00:00
2026-04-19,147658491,1702,0,94.8706596674,52.7059220374,52.7059220374,0.5000000,2,2,0.50665070000000000,0.506650700000,-0.018812684590367487,-0.018812684590367487,-0.018812684590367487,0E-17,ELIGIBLE,R03b_20260811_FULL_v1,L1_ELIGIBILITY,v2026-08-11,2026-03-21..2026-08-06,baccarat_bet02_101_all_pairs_incl_sentinel,round_win = game_pnl > 0 (decisive only),COMPATIBILITY_ONLY_NOT_PRODUCTION,997.7904,978.8163,-61.5986,72,72,0.06173501,,0.06173501,0.06173501,61.5986,997.7904,OK,0.0000,-2.4639,4.0000,96.0000,AG03-UNRESOLVED,ALL5_LEVELS_bet23_to_bet27,-2.4639,-2.4639,-2.4639,-3.6959,-3.6959,4.000000,4.000000,4.000000,6.000000,6.000000,96.000000,96.000000,96.000000,94.000000,94.000000,5.0,-14.7837,-13.4437,-46.8149,-48.1549,PENDING_AG03,FALSE,NOT_FOR_ENFORCEMENT,-59.1347,939.6636,-61.5986,-59.1347,-2.4639,-0.06173501,-0.05926561,-2.4639,-59.1347,-0.05926561,-2.4639,-2.4639,-2.4639,-3.6959,-3.6959,-59.1347,-0.05926561,-14.7837,-13.4437,-46.8149,-48.1549,-0.04691861,-0.04826151,-0.00246940,13.8582,13.5947,-0.8555,-6.8443,-1.3391,110.8656,8.0000,,13.8582,6.3247,10.5412,16.128,31.6236,31.6236,66.8311,10.5412,3.1624,3.0,6.339996,1.314672,25,29,9,2,0E-8,-0.06173501,,0E-8,0.000000,0.980984,0.861111,,2026-04-07,2026-05-20,9,46,46,44,0.204546,,,0.000000,,,,,,,,GLOBAL_BASELINE_NO_ENTITY_RANKING,,,NOT_APPLICABLE_GLOBAL_BASELINE,HF9g-P5,,,,X 全窗基线 · 不参与实体赏罚,3927691,393,A168_HF9F_20260827_0900,2026-08-27 09:00:00
2026-04-19,147658491,1942,0,6.3247106445,6.3247106445,6.3247106445,1.0000000,1,1,0.49324550000000000,0.493245500000,1.01360149184955,1.01360149184955,1.01360149184955,0E-17,ELIGIBLE,R03b_20260811_FULL_v1,L1_ELIGIBILITY,v2026-08-11,2026-03-21..2026-08-06,baccarat_bet02_101_all_pairs_incl_sentinel,round_win = game_pnl > 0 (decisive only),COMPATIBILITY_ONLY_NOT_PRODUCTION,997.7904,978.8163,-61.5986,72,72,0.06173501,,0.06173501,0.06173501,61.5986,997.7904,OK,0.0000,-2.4639,4.0000,96.0000,AG03-UNRESOLVED,ALL5_LEVELS_bet23_to_bet27,-2.4639,-2.4639,-2.4639,-3.6959,-3.6959,4.000000,4.000000,4.000000,6.000000,6.000000,96.000000,96.000000,96.000000,94.000000,94.000000,5.0,-14.7837,-13.4437,-46.8149,-48.1549,PENDING_AG03,FALSE,NOT_FOR_ENFORCEMENT,-59.1347,939.6636,-61.5986,-59.1347,-2.4639,-0.06173501,-0.05926561,-2.4639,-59.1347,-0.05926561,-2.4639,-2.4639,-2.4639,-3.6959,-3.6959,-59.1347,-0.05926561,-14.7837,-13.4437,-46.8149,-48.1549,-0.04691861,-0.04826151,-0.00246940,13.8582,13.5947,-0.8555,-6.8443,-1.3391,110.8656,8.0000,,13.8582,6.3247,10.5412,16.128,31.6236,31.6236,66.8311,10.5412,3.1624,3.0,6.339996,1.314672,25,29,9,2,0E-8,-0.06173501,,0E-8,0.000000,0.980984,0.861111,,2026-04-07,2026-05-20,9,46,46,44,0.204546,,,0.000000,,,,,,,,GLOBAL_BASELINE_NO_ENTITY_RANKING,,,NOT_APPLICABLE_GLOBAL_BASELINE,HF9g-P5,,,,X 全窗基线 · 不参与实体赏罚,3927692,393,A168_HF9F_20260827_0900,2026-08-27 09:00:00
2026-04-19,147658491,1963,0,42.1647376299,-42.1647376299,-42.1647376299,0E-7,1,1,0.49324550000000000,0.493245500000,-0.9865810262130424,-0.9865810262130424,-0.9865810262130424,0E-17,ELIGIBLE,R03b_20260811_FULL_v1,L1_ELIGIBILITY,v2026-08-11,2026-03-21..2026-08-06,baccarat_bet02_101_all_pairs_incl_sentinel,round_win = game_pnl > 0 (decisive only),COMPATIBILITY_ONLY_NOT_PRODUCTION,997.7904,978.8163,-61.5986,72,72,0.06173501,,0.06173501,0.06173501,61.5986,997.7904,OK,0.0000,-2.4639,4.0000,96.0000,AG03-UNRESOLVED,ALL5_LEVELS_bet23_to_bet27,-2.4639,-2.4639,-2.4639,-3.6959,-3.6959,4.000000,4.000000,4.000000,6.000000,6.000000,96.000000,96.000000,96.000000,94.000000,94.000000,5.0,-14.7837,-13.4437,-46.8149,-48.1549,PENDING_AG03,FALSE,NOT_FOR_ENFORCEMENT,-59.1347,939.6636,-61.5986,-59.1347,-2.4639,-0.06173501,-0.05926561,-2.4639,-59.1347,-0.05926561,-2.4639,-2.4639,-2.4639,-3.6959,-3.6959,-59.1347,-0.05926561,-14.7837,-13.4437,-46.8149,-48.1549,-0.04691861,-0.04826151,-0.00246940,13.8582,13.5947,-0.8555,-6.8443,-1.3391,110.8656,8.0000,,13.8582,6.3247,10.5412,16.128,31.6236,31.6236,66.8311,10.5412,3.1624,3.0,6.339996,1.314672,25,29,9,2,0E-8,-0.06173501,,0E-8,0.000000,0.980984,0.861111,,2026-04-07,2026-05-20,9,46,46,44,0.204546,,,0.000000,,,,,,,,GLOBAL_BASELINE_NO_ENTITY_RANKING,,,NOT_APPLICABLE_GLOBAL_BASELINE,HF9g-P5,,,,X 全窗基线 · 不参与实体赏罚,3927693,393,A168_HF9F_20260827_0900,2026-08-27 09:00:00
2026-04-19,147658491,2155,0,10.5411844075,-10.5411844075,-10.5411844075,0E-7,1,1,0.49324550000000000,0.493245500000,-0.9865810262130424,-0.9865810262130424,-0.9865810262130424,0E-17,ELIGIBLE,R03b_20260811_FULL_v1,L1_ELIGIBILITY,v2026-08-11,2026-03-21..2026-08-06,baccarat_bet02_101_all_pairs_incl_sentinel,round_win = game_pnl > 0 (decisive only),COMPATIBILITY_ONLY_NOT_PRODUCTION,997.7904,978.8163,-61.5986,72,72,0.06173501,,0.06173501,0.06173501,61.5986,997.7904,OK,0.0000,-2.4639,4.0000,96.0000,AG03-UNRESOLVED,ALL5_LEVELS_bet23_to_bet27,-2.4639,-2.4639,-2.4639,-3.6959,-3.6959,4.000000,4.000000,4.000000,6.000000,6.000000,96.000000,96.000000,96.000000,94.000000,94.000000,5.0,-14.7837,-13.4437,-46.8149,-48.1549,PENDING_AG03,FALSE,NOT_FOR_ENFORCEMENT,-59.1347,939.6636,-61.5986,-59.1347,-2.4639,-0.06173501,-0.05926561,-2.4639,-59.1347,-0.05926561,-2.4639,-2.4639,-2.4639,-3.6959,-3.6959,-59.1347,-0.05926561,-14.7837,-13.4437,-46.8149,-48.1549,-0.04691861,-0.04826151,-0.00246940,13.8582,13.5947,-0.8555,-6.8443,-1.3391,110.8656,8.0000,,13.8582,6.3247,10.5412,16.128,31.6236,31.6236,66.8311,10.5412,3.1624,3.0,6.339996,1.314672,25,29,9,2,0E-8,-0.06173501,,0E-8,0.000000,0.980984,0.861111,,2026-04-07,2026-05-20,9,46,46,44,0.204546,,,0.000000,,,,,,,,GLOBAL_BASELINE_NO_ENTITY_RANKING,,,NOT_APPLICABLE_GLOBAL_BASELINE,HF9g-P5,,,,X 全窗基线 · 不参与实体赏罚,3927694,393,A168_HF9F_20260827_0900,2026-08-27 09:00:00
2026-04-19,147658491,2223,0,52.7059220375,31.6235532225,31.6235532225,0.6666667,3,3,0.50218230000000000,0.502182300000,0.5697959874915163,0.5697959874915164,0.5697959874915163,0E-17,ELIGIBLE,R03b_20260811_FULL_v1,L1_ELIGIBILITY,v2026-08-11,2026-03-21..2026-08-06,baccarat_bet02_101_all_pairs_incl_sentinel,round_win = game_pnl > 0 (decisive only),COMPATIBILITY_ONLY_NOT_PRODUCTION,997.7904,978.8163,-61.5986,72,72,0.06173501,,0.06173501,0.06173501,61.5986,997.7904,OK,0.0000,-2.4639,4.0000,96.0000,AG03-UNRESOLVED,ALL5_LEVELS_bet23_to_bet27,-2.4639,-2.4639,-2.4639,-3.6959,-3.6959,4.000000,4.000000,4.000000,6.000000,6.000000,96.000000,96.000000,96.000000,94.000000,94.000000,5.0,-14.7837,-13.4437,-46.8149,-48.1549,PENDING_AG03,FALSE,NOT_FOR_ENFORCEMENT,-59.1347,939.6636,-61.5986,-59.1347,-2.4639,-0.06173501,-0.05926561,-2.4639,-59.1347,-0.05926561,-2.4639,-2.4639,-2.4639,-3.6959,-3.6959,-59.1347,-0.05926561,-14.7837,-13.4437,-46.8149,-48.1549,-0.04691861,-0.04826151,-0.00246940,13.8582,13.5947,-0.8555,-6.8443,-1.3391,110.8656,8.0000,,13.8582,6.3247,10.5412,16.128,31.6236,31.6236,66.8311,10.5412,3.1624,3.0,6.339996,1.314672,25,29,9,2,0E-8,-0.06173501,,0E-8,0.000000,0.980984,0.861111,,2026-04-07,2026-05-20,9,46,46,44,0.204546,,,0.000000,,,,,,,,GLOBAL_BASELINE_NO_ENTITY_RANKING,,,NOT_APPLICABLE_GLOBAL_BASELINE,HF9g-P5,,,,X 全窗基线 · 不参与实体赏罚,3927695,393,A168_HF9F_20260827_0900,2026-08-27 09:00:00
2026-04-19,147658491,2229,0,31.6235532224,-31.6235532224,-31.6235532224,0E-7,1,1,0.49324550000000000,0.493245500000,-0.9865810262130424,-0.9865810262130424,-0.9865810262130424,0E-17,ELIGIBLE,R03b_20260811_FULL_v1,L1_ELIGIBILITY,v2026-08-11,2026-03-21..2026-08-06,baccarat_bet02_101_all_pairs_incl_sentinel,round_win = game_pnl > 0 (decisive only),COMPATIBILITY_ONLY_NOT_PRODUCTION,997.7904,978.8163,-61.5986,72,72,0.06173501,,0.06173501,0.06173501,61.5986,997.7904,OK,0.0000,-2.4639,4.0000,96.0000,AG03-UNRESOLVED,ALL5_LEVELS_bet23_to_bet27,-2.4639,-2.4639,-2.4639,-3.6959,-3.6959,4.000000,4.000000,4.000000,6.000000,6.000000,96.000000,96.000000,96.000000,94.000000,94.000000,5.0,-14.7837,-13.4437,-46.8149,-48.1549,PENDING_AG03,FALSE,NOT_FOR_ENFORCEMENT,-59.1347,939.6636,-61.5986,-59.1347,-2.4639,-0.06173501,-0.05926561,-2.4639,-59.1347,-0.05926561,-2.4639,-2.4639,-2.4639,-3.6959,-3.6959,-59.1347,-0.05926561,-14.7837,-13.4437,-46.8149,-48.1549,-0.04691861,-0.04826151,-0.00246940,13.8582,13.5947,-0.8555,-6.8443,-1.3391,110.8656,8.0000,,13.8582,6.3247,10.5412,16.128,31.6236,31.6236,66.8311,10.5412,3.1624,3.0,6.339996,1.314672,25,29,9,2,0E-8,-0.06173501,,0E-8,0.000000,0.980984,0.861111,,2026-04-07,2026-05-20,9,46,46,44,0.204546,,,0.000000,,,,,,,,GLOBAL_BASELINE_NO_ENTITY_RANKING,,,NOT_APPLICABLE_GLOBAL_BASELINE,HF9g-P5,,,,X 全窗基线 · 不参与实体赏罚,3927696,393,A168_HF9F_20260827_0900,2026-08-27 09:00:00
2026-04-19,147658491,2242,0,21.0823688150,-21.0823688150,-21.0823688150,0E-7,1,1,0.49324550000000000,0.493245500000,-0.9865810262130424,-0.9865810262130424,-0.9865810262130424,0E-17,ELIGIBLE,R03b_20260811_FULL_v1,L1_ELIGIBILITY,v2026-08-11,2026-03-21..2026-08-06,baccarat_bet02_101_all_pairs_incl_sentinel,round_win = game_pnl > 0 (decisive only),COMPATIBILITY_ONLY_NOT_PRODUCTION,997.7904,978.8163,-61.5986,72,72,0.06173501,,0.06173501,0.06173501,61.5986,997.7904,OK,0.0000,-2.4639,4.0000,96.0000,AG03-UNRESOLVED,ALL5_LEVELS_bet23_to_bet27,-2.4639,-2.4639,-2.4639,-3.6959,-3.6959,4.000000,4.000000,4.000000,6.000000,6.000000,96.000000,96.000000,96.000000,94.000000,94.000000,5.0,-14.7837,-13.4437,-46.8149,-48.1549,PENDING_AG03,FALSE,NOT_FOR_ENFORCEMENT,-59.1347,939.6636,-61.5986,-59.1347,-2.4639,-0.06173501,-0.05926561,-2.4639,-59.1347,-0.05926561,-2.4639,-2.4639,-2.4639,-3.6959,-3.6959,-59.1347,-0.05926561,-14.7837,-13.4437,-46.8149,-48.1549,-0.04691861,-0.04826151,-0.00246940,13.8582,13.5947,-0.8555,-6.8443,-1.3391,110.8656,8.0000,,13.8582,6.3247,10.5412,16.128,31.6236,31.6236,66.8311,10.5412,3.1624,3.0,6.339996,1.314672,25,29,9,2,0E-8,-0.06173501,,0E-8,0.000000,0.980984,0.861111,,2026-04-07,2026-05-20,9,46,46,44,0.204546,,,0.000000,,,,,,,,GLOBAL_BASELINE_NO_ENTITY_RANKING,,,NOT_APPLICABLE_GLOBAL_BASELINE,HF9g-P5,,,,X 全窗基线 · 不参与实体赏罚,3927697,393,A168_HF9F_20260827_0900,2026-08-27 09:00:00
2026-04-19,147658491,2252,0,12.6494212890,0E-10,0E-10,0.5000000,2,2,0.49994810000000000,0.499948100000,0.00014679536856514622,0.00014679536856514622,0.00014679536856514622,0E-17,ELIGIBLE,R03b_20260811_FULL_v1,L1_ELIGIBILITY,v2026-08-11,2026-03-21..2026-08-06,baccarat_bet02_101_all_pairs_incl_sentinel,round_win = game_pnl > 0 (decisive only),COMPATIBILITY_ONLY_NOT_PRODUCTION,997.7904,978.8163,-61.5986,72,72,0.06173501,,0.06173501,0.06173501,61.5986,997.7904,OK,0.0000,-2.4639,4.0000,96.0000,AG03-UNRESOLVED,ALL5_LEVELS_bet23_to_bet27,-2.4639,-2.4639,-2.4639,-3.6959,-3.6959,4.000000,4.000000,4.000000,6.000000,6.000000,96.000000,96.000000,96.000000,94.000000,94.000000,5.0,-14.7837,-13.4437,-46.8149,-48.1549,PENDING_AG03,FALSE,NOT_FOR_ENFORCEMENT,-59.1347,939.6636,-61.5986,-59.1347,-2.4639,-0.06173501,-0.05926561,-2.4639,-59.1347,-0.05926561,-2.4639,-2.4639,-2.4639,-3.6959,-3.6959,-59.1347,-0.05926561,-14.7837,-13.4437,-46.8149,-48.1549,-0.04691861,-0.04826151,-0.00246940,13.8582,13.5947,-0.8555,-6.8443,-1.3391,110.8656,8.0000,,13.8582,6.3247,10.5412,16.128,31.6236,31.6236,66.8311,10.5412,3.1624,3.0,6.339996,1.314672,25,29,9,2,0E-8,-0.06173501,,0E-8,0.000000,0.980984,0.861111,,2026-04-07,2026-05-20,9,46,46,44,0.204546,,,0.000000,,,,,,,,GLOBAL_BASELINE_NO_ENTITY_RANKING,,,NOT_APPLICABLE_GLOBAL_BASELINE,HF9g-P5,,,,X 全窗基线 · 不参与实体赏罚,3927698,393,A168_HF9F_20260827_0900,2026-08-27 09:00:00
2026-04-19,147658491,583,0,6.3247106445,-6.3247106445,-6.3247106445,0E-7,1,1,0.49324550000000000,0.493245500000,-0.9865810262130424,-0.9865810262130424,-0.9865810262130424,0E-17,ELIGIBLE,R03b_20260811_FULL_v1,L1_ELIGIBILITY,v2026-08-11,2026-03-21..2026-08-06,baccarat_bet02_101_all_pairs_incl_sentinel,round_win = game_pnl > 0 (decisive only),COMPATIBILITY_ONLY_NOT_PRODUCTION,997.7904,978.8163,-61.5986,72,72,0.06173501,,0.06173501,0.06173501,61.5986,997.7904,OK,0.0000,-2.4639,4.0000,96.0000,AG03-UNRESOLVED,ALL5_LEVELS_bet23_to_bet27,-2.4639,-2.4639,-2.4639,-3.6959,-3.6959,4.000000,4.000000,4.000000,6.000000,6.000000,96.000000,96.000000,96.000000,94.000000,94.000000,5.0,-14.7837,-13.4437,-46.8149,-48.1549,PENDING_AG03,FALSE,NOT_FOR_ENFORCEMENT,-59.1347,939.6636,-61.5986,-59.1347,-2.4639,-0.06173501,-0.05926561,-2.4639,-59.1347,-0.05926561,-2.4639,-2.4639,-2.4639,-3.6959,-3.6959,-59.1347,-0.05926561,-14.7837,-13.4437,-46.8149,-48.1549,-0.04691861,-0.04826151,-0.00246940,13.8582,13.5947,-0.8555,-6.8443,-1.3391,110.8656,8.0000,,13.8582,6.3247,10.5412,16.128,31.6236,31.6236,66.8311,10.5412,3.1624,3.0,6.339996,1.314672,25,29,9,2,0E-8,-0.06173501,,0E-8,0.000000,0.980984,0.861111,,2026-04-07,2026-05-20,9,46,46,44,0.204546,,,0.000000,,,,,,,,GLOBAL_BASELINE_NO_ENTITY_RANKING,,,NOT_APPLICABLE_GLOBAL_BASELINE,HF9g-P5,,,,X 全窗基线 · 不参与实体赏罚,3927699,393,A168_HF9F_20260827_0900,2026-08-27 09:00:00
2026-04-19,147658491,994,0,12.6494212890,0E-10,0E-10,0.5000000,2,2,0.50665070000000000,0.506650700000,-0.018812684590367487,-0.018812684590367487,-0.018812684590367487,0E-17,ELIGIBLE,R03b_20260811_FULL_v1,L1_ELIGIBILITY,v2026-08-11,2026-03-21..2026-08-06,baccarat_bet02_101_all_pairs_incl_sentinel,round_win = game_pnl > 0 (decisive only),COMPATIBILITY_ONLY_NOT_PRODUCTION,997.7904,978.8163,-61.5986,72,72,0.06173501,,0.06173501,0.06173501,61.5986,997.7904,OK,0.0000,-2.4639,4.0000,96.0000,AG03-UNRESOLVED,ALL5_LEVELS_bet23_to_bet27,-2.4639,-2.4639,-2.4639,-3.6959,-3.6959,4.000000,4.000000,4.000000,6.000000,6.000000,96.000000,96.000000,96.000000,94.000000,94.000000,5.0,-14.7837,-13.4437,-46.8149,-48.1549,PENDING_AG03,FALSE,NOT_FOR_ENFORCEMENT,-59.1347,939.6636,-61.5986,-59.1347,-2.4639,-0.06173501,-0.05926561,-2.4639,-59.1347,-0.05926561,-2.4639,-2.4639,-2.4639,-3.6959,-3.6959,-59.1347,-0.05926561,-14.7837,-13.4437,-46.8149,-48.1549,-0.04691861,-0.04826151,-0.00246940,13.8582,13.5947,-0.8555,-6.8443,-1.3391,110.8656,8.0000,,13.8582,6.3247,10.5412,16.128,31.6236,31.6236,66.8311,10.5412,3.1624,3.0,6.339996,1.314672,25,29,9,2,0E-8,-0.06173501,,0E-8,0.000000,0.980984,0.861111,,2026-04-07,2026-05-20,9,46,46,44,0.204546,,,0.000000,,,,,,,,GLOBAL_BASELINE_NO_ENTITY_RANKING,,,NOT_APPLICABLE_GLOBAL_BASELINE,HF9g-P5,,,,X 全窗基线 · 不参与实体赏罚,3927700,393,A168_HF9F_20260827_0900,2026-08-27 09:00:00
2026-04-22,147658491,2209,0,10.5411844075,10.0141251871,10.0141251871,1.0000000,1,1,0.50665070000000000,0.506650700000,0.9867858985152569,0.9867858985152569,0.9867858985152569,0E-17,ELIGIBLE,R03b_20260811_FULL_v1,L1_ELIGIBILITY,v2026-08-11,2026-03-21..2026-08-06,baccarat_bet02_101_all_pairs_incl_sentinel,round_win = game_pnl > 0 (decisive only),COMPATIBILITY_ONLY_NOT_PRODUCTION,997.7904,978.8163,-61.5986,72,72,0.06173501,,0.06173501,0.06173501,61.5986,997.7904,OK,0.0000,-2.4639,4.0000,96.0000,AG03-UNRESOLVED,ALL5_LEVELS_bet23_to_bet27,-2.4639,-2.4639,-2.4639,-3.6959,-3.6959,4.000000,4.000000,4.000000,6.000000,6.000000,96.000000,96.000000,96.000000,94.000000,94.000000,5.0,-14.7837,-13.4437,-46.8149,-48.1549,PENDING_AG03,FALSE,NOT_FOR_ENFORCEMENT,-59.1347,939.6636,-61.5986,-59.1347,-2.4639,-0.06173501,-0.05926561,-2.4639,-59.1347,-0.05926561,-2.4639,-2.4639,-2.4639,-3.6959,-3.6959,-59.1347,-0.05926561,-14.7837,-13.4437,-46.8149,-48.1549,-0.04691861,-0.04826151,-0.00246940,13.8582,13.5947,-0.8555,-6.8443,-1.3391,110.8656,8.0000,,13.8582,6.3247,10.5412,16.128,31.6236,31.6236,66.8311,10.5412,3.1624,3.0,6.339996,1.314672,25,29,9,2,0E-8,-0.06173501,,0E-8,0.000000,0.980984,0.861111,,2026-04-07,2026-05-20,9,46,46,44,0.204546,,,0.000000,,,,,,,,GLOBAL_BASELINE_NO_ENTITY_RANKING,,,NOT_APPLICABLE_GLOBAL_BASELINE,HF9g-P5,,,,X 全窗基线 · 不参与实体赏罚,3927701,393,A168_HF9F_20260827_0900,2026-08-27 09:00:00
2026-04-23,147658491,-1,1,31.6235532225,10.5411844075,10.5411844075,0.6666667,3,3,0.49771390000000000,0.497713900000,0.5852756695216578,0.5852756695216578,0.5852756695216578,0E-17,SENTINEL_DEALER,R03b_20260811_FULL_v1,L1_ELIGIBILITY,v2026-08-11,2026-03-21..2026-08-06,baccarat_bet02_101_all_pairs_incl_sentinel,round_win = game_pnl > 0 (decisive only),COMPATIBILITY_ONLY_NOT_PRODUCTION,997.7904,978.8163,-61.5986,72,72,0.06173501,,0.06173501,0.06173501,61.5986,997.7904,OK,0.0000,-2.4639,4.0000,96.0000,AG03-UNRESOLVED,ALL5_LEVELS_bet23_to_bet27,-2.4639,-2.4639,-2.4639,-3.6959,-3.6959,4.000000,4.000000,4.000000,6.000000,6.000000,96.000000,96.000000,96.000000,94.000000,94.000000,5.0,-14.7837,-13.4437,-46.8149,-48.1549,PENDING_AG03,FALSE,NOT_FOR_ENFORCEMENT,-59.1347,939.6636,-61.5986,-59.1347,-2.4639,-0.06173501,-0.05926561,-2.4639,-59.1347,-0.05926561,-2.4639,-2.4639,-2.4639,-3.6959,-3.6959,-59.1347,-0.05926561,-14.7837,-13.4437,-46.8149,-48.1549,-0.04691861,-0.04826151,-0.00246940,13.8582,13.5947,-0.8555,-6.8443,-1.3391,110.8656,8.0000,,13.8582,6.3247,10.5412,16.128,31.6236,31.6236,66.8311,10.5412,3.1624,3.0,6.339996,1.314672,25,29,9,2,0E-8,-0.06173501,,0E-8,0.000000,0.980984,0.861111,,2026-04-07,2026-05-20,9,46,46,44,0.204546,,,0.000000,,,,,,,,GLOBAL_BASELINE_NO_ENTITY_RANKING,,,NOT_APPLICABLE_GLOBAL_BASELINE,HF9g-P5,,,,X 全窗基线 · 不参与实体赏罚,3927702,393,A168_HF9F_20260827_0900,2026-08-27 09:00:00
2026-04-23,147658491,2205,0,31.6235532224,31.6235532224,31.6235532224,1.0000000,1,1,0.50665070000000000,0.506650700000,0.9867858985152569,0.9867858985152569,0.9867858985152569,0E-17,ELIGIBLE,R03b_20260811_FULL_v1,L1_ELIGIBILITY,v2026-08-11,2026-03-21..2026-08-06,baccarat_bet02_101_all_pairs_incl_sentinel,round_win = game_pnl > 0 (decisive only),COMPATIBILITY_ONLY_NOT_PRODUCTION,997.7904,978.8163,-61.5986,72,72,0.06173501,,0.06173501,0.06173501,61.5986,997.7904,OK,0.0000,-2.4639,4.0000,96.0000,AG03-UNRESOLVED,ALL5_LEVELS_bet23_to_bet27,-2.4639,-2.4639,-2.4639,-3.6959,-3.6959,4.000000,4.000000,4.000000,6.000000,6.000000,96.000000,96.000000,96.000000,94.000000,94.000000,5.0,-14.7837,-13.4437,-46.8149,-48.1549,PENDING_AG03,FALSE,NOT_FOR_ENFORCEMENT,-59.1347,939.6636,-61.5986,-59.1347,-2.4639,-0.06173501,-0.05926561,-2.4639,-59.1347,-0.05926561,-2.4639,-2.4639,-2.4639,-3.6959,-3.6959,-59.1347,-0.05926561,-14.7837,-13.4437,-46.8149,-48.1549,-0.04691861,-0.04826151,-0.00246940,13.8582,13.5947,-0.8555,-6.8443,-1.3391,110.8656,8.0000,,13.8582,6.3247,10.5412,16.128,31.6236,31.6236,66.8311,10.5412,3.1624,3.0,6.339996,1.314672,25,29,9,2,0E-8,-0.06173501,,0E-8,0.000000,0.980984,0.861111,,2026-04-07,2026-05-20,9,46,46,44,0.204546,,,0.000000,,,,,,,,GLOBAL_BASELINE_NO_ENTITY_RANKING,,,NOT_APPLICABLE_GLOBAL_BASELINE,HF9g-P5,,,,X 全窗基线 · 不参与实体赏罚,3927703,393,A168_HF9F_20260827_0900,2026-08-27 09:00:00
2026-04-29,147658491,2170,0,22.1364872557,-22.1364872557,-22.1364872557,0E-7,1,1,0.49324550000000000,0.493245500000,-0.9865810262130424,-0.9865810262130424,-0.9865810262130424,0E-17,ELIGIBLE,R03b_20260811_FULL_v1,L1_ELIGIBILITY,v2026-08-11,2026-03-21..2026-08-06,baccarat_bet02_101_all_pairs_incl_sentinel,round_win = game_pnl > 0 (decisive only),COMPATIBILITY_ONLY_NOT_PRODUCTION,997.7904,978.8163,-61.5986,72,72,0.06173501,,0.06173501,0.06173501,61.5986,997.7904,OK,0.0000,-2.4639,4.0000,96.0000,AG03-UNRESOLVED,ALL5_LEVELS_bet23_to_bet27,-2.4639,-2.4639,-2.4639,-3.6959,-3.6959,4.000000,4.000000,4.000000,6.000000,6.000000,96.000000,96.000000,96.000000,94.000000,94.000000,5.0,-14.7837,-13.4437,-46.8149,-48.1549,PENDING_AG03,FALSE,NOT_FOR_ENFORCEMENT,-59.1347,939.6636,-61.5986,-59.1347,-2.4639,-0.06173501,-0.05926561,-2.4639,-59.1347,-0.05926561,-2.4639,-2.4639,-2.4639,-3.6959,-3.6959,-59.1347,-0.05926561,-14.7837,-13.4437,-46.8149,-48.1549,-0.04691861,-0.04826151,-0.00246940,13.8582,13.5947,-0.8555,-6.8443,-1.3391,110.8656,8.0000,,13.8582,6.3247,10.5412,16.128,31.6236,31.6236,66.8311,10.5412,3.1624,3.0,6.339996,1.314672,25,29,9,2,0E-8,-0.06173501,,0E-8,0.000000,0.980984,0.861111,,2026-04-07,2026-05-20,9,46,46,44,0.204546,,,0.000000,,,,,,,,GLOBAL_BASELINE_NO_ENTITY_RANKING,,,NOT_APPLICABLE_GLOBAL_BASELINE,HF9g-P5,,,,X 全窗基线 · 不参与实体赏罚,3927704,393,A168_HF9F_20260827_0900,2026-08-27 09:00:00
2026-04-29,147658491,2220,0,10.5411844075,10.0141251871,10.0141251871,1.0000000,1,1,0.50665070000000000,0.506650700000,0.9867858985152569,0.9867858985152569,0.9867858985152569,0E-17,ELIGIBLE,R03b_20260811_FULL_v1,L1_ELIGIBILITY,v2026-08-11,2026-03-21..2026-08-06,baccarat_bet02_101_all_pairs_incl_sentinel,round_win = game_pnl > 0 (decisive only),COMPATIBILITY_ONLY_NOT_PRODUCTION,997.7904,978.8163,-61.5986,72,72,0.06173501,,0.06173501,0.06173501,61.5986,997.7904,OK,0.0000,-2.4639,4.0000,96.0000,AG03-UNRESOLVED,ALL5_LEVELS_bet23_to_bet27,-2.4639,-2.4639,-2.4639,-3.6959,-3.6959,4.000000,4.000000,4.000000,6.000000,6.000000,96.000000,96.000000,96.000000,94.000000,94.000000,5.0,-14.7837,-13.4437,-46.8149,-48.1549,PENDING_AG03,FALSE,NOT_FOR_ENFORCEMENT,-59.1347,939.6636,-61.5986,-59.1347,-2.4639,-0.06173501,-0.05926561,-2.4639,-59.1347,-0.05926561,-2.4639,-2.4639,-2.4639,-3.6959,-3.6959,-59.1347,-0.05926561,-14.7837,-13.4437,-46.8149,-48.1549,-0.04691861,-0.04826151,-0.00246940,13.8582,13.5947,-0.8555,-6.8443,-1.3391,110.8656,8.0000,,13.8582,6.3247,10.5412,16.128,31.6236,31.6236,66.8311,10.5412,3.1624,3.0,6.339996,1.314672,25,29,9,2,0E-8,-0.06173501,,0E-8,0.000000,0.980984,0.861111,,2026-04-07,2026-05-20,9,46,46,44,0.204546,,,0.000000,,,,,,,,GLOBAL_BASELINE_NO_ENTITY_RANKING,,,NOT_APPLICABLE_GLOBAL_BASELINE,HF9g-P5,,,,X 全窗基线 · 不参与实体赏罚,3927705,393,A168_HF9F_20260827_0900,2026-08-27 09:00:00
2026-05-20,147658491,2174,0,10.5030984140,-10.5030984140,-10.5030984140,0E-7,1,1,0.50665070000000000,0.506650700000,-1.013391052207602,-1.013391052207602,-1.013391052207602,0E-17,ELIGIBLE,R03b_20260811_FULL_v1,L1_ELIGIBILITY,v2026-08-11,2026-03-21..2026-08-06,baccarat_bet02_101_all_pairs_incl_sentinel,round_win = game_pnl > 0 (decisive only),COMPATIBILITY_ONLY_NOT_PRODUCTION,997.7904,978.8163,-61.5986,72,72,0.06173501,,0.06173501,0.06173501,61.5986,997.7904,OK,0.0000,-2.4639,4.0000,96.0000,AG03-UNRESOLVED,ALL5_LEVELS_bet23_to_bet27,-2.4639,-2.4639,-2.4639,-3.6959,-3.6959,4.000000,4.000000,4.000000,6.000000,6.000000,96.000000,96.000000,96.000000,94.000000,94.000000,5.0,-14.7837,-13.4437,-46.8149,-48.1549,PENDING_AG03,FALSE,NOT_FOR_ENFORCEMENT,-59.1347,939.6636,-61.5986,-59.1347,-2.4639,-0.06173501,-0.05926561,-2.4639,-59.1347,-0.05926561,-2.4639,-2.4639,-2.4639,-3.6959,-3.6959,-59.1347,-0.05926561,-14.7837,-13.4437,-46.8149,-48.1549,-0.04691861,-0.04826151,-0.00246940,13.8582,13.5947,-0.8555,-6.8443,-1.3391,110.8656,8.0000,,13.8582,6.3247,10.5412,16.128,31.6236,31.6236,66.8311,10.5412,3.1624,3.0,6.339996,1.314672,25,29,9,2,0E-8,-0.06173501,,0E-8,0.000000,0.980984,0.861111,,2026-04-07,2026-05-20,9,46,46,44,0.204546,,,0.000000,,,,,,,,GLOBAL_BASELINE_NO_ENTITY_RANKING,,,NOT_APPLICABLE_GLOBAL_BASELINE,HF9g-P5,,,,X 全窗基线 · 不参与实体赏罚,3927706,393,A168_HF9F_20260827_0900,2026-08-27 09:00:00
2026-03-29,147939691,1383,0,44.7639360666,-44.7639360666,-44.7639360666,0E-7,3,3,0.49324550000000000,0.493245500000,-1.708808463184432,-1.7088084631844318,-1.708808463184432,0E-17,ELIGIBLE,R03b_20260811_FULL_v1,L1_ELIGIBILITY,v2026-08-11,2026-03-21..2026-08-06,baccarat_bet02_101_all_pairs_incl_sentinel,round_win = game_pnl > 0 (decisive only),COMPATIBILITY_ONLY_NOT_PRODUCTION,473.9711,416.0413,-60.9579,30,30,0.12861111,,0.12861111,0.12861111,60.9579,473.9711,OK,0.0000,-1.8287,3.0000,97.0000,AG03-UNRESOLVED,ALL5_LEVELS_bet23_to_bet27,-1.8287,-1.8287,-1.8287,-2.4383,-2.4383,3.000000,3.000000,3.000000,4.000000,4.000000,97.000000,97.000000,97.000000,96.000000,96.000000,5.0,-10.3629,-9.685,-50.5951,-51.2729,PENDING_AG03,FALSE,NOT_FOR_ENFORCEMENT,-59.1292,403.5600,-60.9579,-59.1292,-1.8287,-0.12861111,-0.12475278,-1.8287,-59.1292,-0.12475278,-1.8287,-1.8287,-1.8287,-2.4383,-2.4383,-59.1292,-0.12475278,-10.3629,-9.685,-50.5951,-51.2729,-0.10674722,-0.10817731,-0.00385833,15.7990,13.8680,-2.0319,-60.9579,-20.3193,473.9711,30.0000,,15.7990,10.5327,13.1659,18.4322,26.3317,39.4976,52.6635,13.1659,0.0,3.0,4.0,1.2,3,3,1,2,0E-8,-0.12861111,,0E-8,0.000000,0.877778,0.000000,,2026-03-29,2026-03-29,1,3,3,1,1.000000,,,0.000000,,,,,,,,GLOBAL_BASELINE_NO_ENTITY_RANKING,,,NOT_APPLICABLE_GLOBAL_BASELINE,HF9g-P5,,,,X 全窗基线 · 不参与实体赏罚,3927707,393,A168_HF9F_20260827_0900,2026-08-27 09:00:00
2026-03-29,147939691,1714,0,215.9201622036,28.3066066303,28.3066066303,0.5000000,15,15,0.50128862000000000,0.501288620000,-0.00892785089678078,-0.00892785089678078,-0.00892785089678078,0E-17,ELIGIBLE,R03b_20260811_FULL_v1,L1_ELIGIBILITY,v2026-08-11,2026-03-21..2026-08-06,baccarat_bet02_101_all_pairs_incl_sentinel,round_win = game_pnl > 0 (decisive only),COMPATIBILITY_ONLY_NOT_PRODUCTION,473.9711,416.0413,-60.9579,30,30,0.12861111,,0.12861111,0.12861111,60.9579,473.9711,OK,0.0000,-1.8287,3.0000,97.0000,AG03-UNRESOLVED,ALL5_LEVELS_bet23_to_bet27,-1.8287,-1.8287,-1.8287,-2.4383,-2.4383,3.000000,3.000000,3.000000,4.000000,4.000000,97.000000,97.000000,97.000000,96.000000,96.000000,5.0,-10.3629,-9.685,-50.5951,-51.2729,PENDING_AG03,FALSE,NOT_FOR_ENFORCEMENT,-59.1292,403.5600,-60.9579,-59.1292,-1.8287,-0.12861111,-0.12475278,-1.8287,-59.1292,-0.12475278,-1.8287,-1.8287,-1.8287,-2.4383,-2.4383,-59.1292,-0.12475278,-10.3629,-9.685,-50.5951,-51.2729,-0.10674722,-0.10817731,-0.00385833,15.7990,13.8680,-2.0319,-60.9579,-20.3193,473.9711,30.0000,,15.7990,10.5327,13.1659,18.4322,26.3317,39.4976,52.6635,13.1659,0.0,3.0,4.0,1.2,3,3,1,2,0E-8,-0.12861111,,0E-8,0.000000,0.877778,0.000000,,2026-03-29,2026-03-29,1,3,3,1,1.000000,,,0.000000,,,,,,,,GLOBAL_BASELINE_NO_ENTITY_RANKING,,,NOT_APPLICABLE_GLOBAL_BASELINE,HF9g-P5,,,,X 全窗基线 · 不参与实体赏罚,3927708,393,A168_HF9F_20260827_0900,2026-08-27 09:00:00
2026-03-29,147939691,2134,0,213.2869894938,77.4152776680,77.4152776680,0.7000000,12,12,0.50106520000000000,0.501065200000,1.2581770029270583,1.2581770029270583,1.2581770029270583,0E-17,ELIGIBLE,R03b_20260811_FULL_v1,L1_ELIGIBILITY,v2026-08-11,2026-03-21..2026-08-06,baccarat_bet02_101_all_pairs_incl_sentinel,round_win = game_pnl > 0 (decisive only),COMPATIBILITY_ONLY_NOT_PRODUCTION,473.9711,416.0413,-60.9579,30,30,0.12861111,,0.12861111,0.12861111,60.9579,473.9711,OK,0.0000,-1.8287,3.0000,97.0000,AG03-UNRESOLVED,ALL5_LEVELS_bet23_to_bet27,-1.8287,-1.8287,-1.8287,-2.4383,-2.4383,3.000000,3.000000,3.000000,4.000000,4.000000,97.000000,97.000000,97.000000,96.000000,96.000000,5.0,-10.3629,-9.685,-50.5951,-51.2729,PENDING_AG03,FALSE,NOT_FOR_ENFORCEMENT,-59.1292,403.5600,-60.9579,-59.1292,-1.8287,-0.12861111,-0.12475278,-1.8287,-59.1292,-0.12475278,-1.8287,-1.8287,-1.8287,-2.4383,-2.4383,-59.1292,-0.12475278,-10.3629,-9.685,-50.5951,-51.2729,-0.10674722,-0.10817731,-0.00385833,15.7990,13.8680,-2.0319,-60.9579,-20.3193,473.9711,30.0000,,15.7990,10.5327,13.1659,18.4322,26.3317,39.4976,52.6635,13.1659,0.0,3.0,4.0,1.2,3,3,1,2,0E-8,-0.12861111,,0E-8,0.000000,0.877778,0.000000,,2026-03-29,2026-03-29,1,3,3,1,1.000000,,,0.000000,,,,,,,,GLOBAL_BASELINE_NO_ENTITY_RANKING,,,NOT_APPLICABLE_GLOBAL_BASELINE,HF9g-P5,,,,X 全窗基线 · 不参与实体赏罚,3927709,393,A168_HF9F_20260827_0900,2026-08-27 09:00:00
2026-07-30,152671780,-1,1,351.1217824593,-23.8814447628,-23.8814447628,0.4000000,5,5,0.50128862000000000,0.501288620000,-0.4529779837142727,-0.4529779837142727,-0.4529779837142727,0E-17,SENTINEL_DEALER,R03b_20260811_FULL_v1,L1_ELIGIBILITY,v2026-08-11,2026-03-21..2026-08-06,baccarat_bet02_101_all_pairs_incl_sentinel,round_win = game_pnl > 0 (decisive only),COMPATIBILITY_ONLY_NOT_PRODUCTION,1893.4245,1854.6978,-60.9554,20,20,0.03219319,0.03219319,,0.03219319,60.9554,1893.4245,THIN_EXPOSURE,0.0000,-1.8287,3.0000,97.0000,AG03-UNRESOLVED,ALL5_LEVELS_bet23_to_bet27,-1.8287,-1.8287,-1.8287,-2.4382,-2.4382,3.000000,3.000000,3.000000,4.000000,4.000000,97.000000,97.000000,97.000000,96.000000,96.000000,5.0,-10.3624,-9.6846,-50.5930,-51.2708,PENDING_AG03,FALSE,NOT_FOR_ENFORCEMENT,-59.1267,1799.0569,-60.9554,-59.1267,-1.8287,-0.03219319,-0.03122740,-1.8287,-59.1267,-0.03122740,-1.8287,-1.8287,-1.8287,-2.4382,-2.4382,-59.1267,-0.03122740,-10.3624,-9.6846,-50.5930,-51.2708,-0.02672035,-0.02707832,-0.00096580,94.6712,92.7349,-3.0478,-20.3185,-5.5414,631.1415,6.6667,94.6712,,69.529,77.0555,116.18,147.6896,192.6386,231.1664,77.0555,24.5269,2.5,3.0,1.228612,9,10,5,2,1.00000000,-0.03219319,-0.03219319,0E-8,0.000000,0.979547,0.000000,,2026-07-30,2026-08-01,3,11,10,3,1.000000,,1.000000,3.333333,,,,,,,,GLOBAL_BASELINE_NO_ENTITY_RANKING,,,NOT_APPLICABLE_GLOBAL_BASELINE,HF9g-P5,,,,X 全窗基线 · 不参与实体赏罚,3927710,393,A168_HF9F_20260827_0900,2026-08-27 09:00:00
2026-07-30,152671780,1935,0,38.7266671830,0E-10,0E-10,,1,1,0.50665070000000000,0.506650700000,,,,0E-17,NO_DECISIVE_ROUND,R03b_20260811_FULL_v1,L1_ELIGIBILITY,v2026-08-11,2026-03-21..2026-08-06,baccarat_bet02_101_all_pairs_incl_sentinel,round_win = game_pnl > 0 (decisive only),COMPATIBILITY_ONLY_NOT_PRODUCTION,1893.4245,1854.6978,-60.9554,20,20,0.03219319,0.03219319,,0.03219319,60.9554,1893.4245,THIN_EXPOSURE,0.0000,-1.8287,3.0000,97.0000,AG03-UNRESOLVED,ALL5_LEVELS_bet23_to_bet27,-1.8287,-1.8287,-1.8287,-2.4382,-2.4382,3.000000,3.000000,3.000000,4.000000,4.000000,97.000000,97.000000,97.000000,96.000000,96.000000,5.0,-10.3624,-9.6846,-50.5930,-51.2708,PENDING_AG03,FALSE,NOT_FOR_ENFORCEMENT,-59.1267,1799.0569,-60.9554,-59.1267,-1.8287,-0.03219319,-0.03122740,-1.8287,-59.1267,-0.03122740,-1.8287,-1.8287,-1.8287,-2.4382,-2.4382,-59.1267,-0.03122740,-10.3624,-9.6846,-50.5930,-51.2708,-0.02672035,-0.02707832,-0.00096580,94.6712,92.7349,-3.0478,-20.3185,-5.5414,631.1415,6.6667,94.6712,,69.529,77.0555,116.18,147.6896,192.6386,231.1664,77.0555,24.5269,2.5,3.0,1.228612,9,10,5,2,1.00000000,-0.03219319,-0.03219319,0E-8,0.000000,0.979547,0.000000,,2026-07-30,2026-08-01,3,11,10,3,1.000000,,1.000000,3.333333,,,,,,,,GLOBAL_BASELINE_NO_ENTITY_RANKING,,,NOT_APPLICABLE_GLOBAL_BASELINE,HF9g-P5,,,,X 全窗基线 · 不参与实体赏罚,3927711,393,A168_HF9F_20260827_0900,2026-08-27 09:00:00
2026-07-30,152671780,2220,0,193.6333359151,189.7606691968,189.7606691968,1.0000000,2,2,0.49994810000000000,0.499948100000,1.4143603653603398,1.4143603653603398,1.4143603653603398,0E-17,ELIGIBLE,R03b_20260811_FULL_v1,L1_ELIGIBILITY,v2026-08-11,2026-03-21..2026-08-06,baccarat_bet02_101_all_pairs_incl_sentinel,round_win = game_pnl > 0 (decisive only),COMPATIBILITY_ONLY_NOT_PRODUCTION,1893.4245,1854.6978,-60.9554,20,20,0.03219319,0.03219319,,0.03219319,60.9554,1893.4245,THIN_EXPOSURE,0.0000,-1.8287,3.0000,97.0000,AG03-UNRESOLVED,ALL5_LEVELS_bet23_to_bet27,-1.8287,-1.8287,-1.8287,-2.4382,-2.4382,3.000000,3.000000,3.000000,4.000000,4.000000,97.000000,97.000000,97.000000,96.000000,96.000000,5.0,-10.3624,-9.6846,-50.5930,-51.2708,PENDING_AG03,FALSE,NOT_FOR_ENFORCEMENT,-59.1267,1799.0569,-60.9554,-59.1267,-1.8287,-0.03219319,-0.03122740,-1.8287,-59.1267,-0.03122740,-1.8287,-1.8287,-1.8287,-2.4382,-2.4382,-59.1267,-0.03122740,-10.3624,-9.6846,-50.5930,-51.2708,-0.02672035,-0.02707832,-0.00096580,94.6712,92.7349,-3.0478,-20.3185,-5.5414,631.1415,6.6667,94.6712,,69.529,77.0555,116.18,147.6896,192.6386,231.1664,77.0555,24.5269,2.5,3.0,1.228612,9,10,5,2,1.00000000,-0.03219319,-0.03219319,0E-8,0.000000,0.979547,0.000000,,2026-07-30,2026-08-01,3,11,10,3,1.000000,,1.000000,3.333333,,,,,,,,GLOBAL_BASELINE_NO_ENTITY_RANKING,,,NOT_APPLICABLE_GLOBAL_BASELINE,HF9g-P5,,,,X 全窗基线 · 不参与实体赏罚,3927712,393,A168_HF9F_20260827_0900,2026-08-27 09:00:00
2026-07-31,152671780,1947,0,182.3645750392,22.9882105155,22.9882105155,0.5000000,2,2,0.49994810000000000,0.499948100000,0.00014679536856514622,0.00014679536856514622,0.00014679536856514622,0E-17,ELIGIBLE,R03b_20260811_FULL_v1,L1_ELIGIBILITY,v2026-08-11,2026-03-21..2026-08-06,baccarat_bet02_101_all_pairs_incl_sentinel,round_win = game_pnl > 0 (decisive only),COMPATIBILITY_ONLY_NOT_PRODUCTION,1893.4245,1854.6978,-60.9554,20,20,0.03219319,0.03219319,,0.03219319,60.9554,1893.4245,THIN_EXPOSURE,0.0000,-1.8287,3.0000,97.0000,AG03-UNRESOLVED,ALL5_LEVELS_bet23_to_bet27,-1.8287,-1.8287,-1.8287,-2.4382,-2.4382,3.000000,3.000000,3.000000,4.000000,4.000000,97.000000,97.000000,97.000000,96.000000,96.000000,5.0,-10.3624,-9.6846,-50.5930,-51.2708,PENDING_AG03,FALSE,NOT_FOR_ENFORCEMENT,-59.1267,1799.0569,-60.9554,-59.1267,-1.8287,-0.03219319,-0.03122740,-1.8287,-59.1267,-0.03122740,-1.8287,-1.8287,-1.8287,-2.4382,-2.4382,-59.1267,-0.03122740,-10.3624,-9.6846,-50.5930,-51.2708,-0.02672035,-0.02707832,-0.00096580,94.6712,92.7349,-3.0478,-20.3185,-5.5414,631.1415,6.6667,94.6712,,69.529,77.0555,116.18,147.6896,192.6386,231.1664,77.0555,24.5269,2.5,3.0,1.228612,9,10,5,2,1.00000000,-0.03219319,-0.03219319,0E-8,0.000000,0.979547,0.000000,,2026-07-30,2026-08-01,3,11,10,3,1.000000,,1.000000,3.333333,,,,,,,,GLOBAL_BASELINE_NO_ENTITY_RANKING,,,NOT_APPLICABLE_GLOBAL_BASELINE,HF9g-P5,,,,X 全窗基线 · 不参与实体赏罚,3927713,393,A168_HF9F_20260827_0900,2026-08-27 09:00:00
2026-08-01,152671780,1396,0,256.8515141397,25.6851514139,25.6851514139,0.5000000,2,2,0.49994810000000000,0.499948100000,0.00014679536856514622,0.00014679536856514622,0.00014679536856514622,0E-17,ELIGIBLE,R03b_20260811_FULL_v1,L1_ELIGIBILITY,v2026-08-11,2026-03-21..2026-08-06,baccarat_bet02_101_all_pairs_incl_sentinel,round_win = game_pnl > 0 (decisive only),COMPATIBILITY_ONLY_NOT_PRODUCTION,1893.4245,1854.6978,-60.9554,20,20,0.03219319,0.03219319,,0.03219319,60.9554,1893.4245,THIN_EXPOSURE,0.0000,-1.8287,3.0000,97.0000,AG03-UNRESOLVED,ALL5_LEVELS_bet23_to_bet27,-1.8287,-1.8287,-1.8287,-2.4382,-2.4382,3.000000,3.000000,3.000000,4.000000,4.000000,97.000000,97.000000,97.000000,96.000000,96.000000,5.0,-10.3624,-9.6846,-50.5930,-51.2708,PENDING_AG03,FALSE,NOT_FOR_ENFORCEMENT,-59.1267,1799.0569,-60.9554,-59.1267,-1.8287,-0.03219319,-0.03122740,-1.8287,-59.1267,-0.03122740,-1.8287,-1.8287,-1.8287,-2.4382,-2.4382,-59.1267,-0.03122740,-10.3624,-9.6846,-50.5930,-51.2708,-0.02672035,-0.02707832,-0.00096580,94.6712,92.7349,-3.0478,-20.3185,-5.5414,631.1415,6.6667,94.6712,,69.529,77.0555,116.18,147.6896,192.6386,231.1664,77.0555,24.5269,2.5,3.0,1.228612,9,10,5,2,1.00000000,-0.03219319,-0.03219319,0E-8,0.000000,0.979547,0.000000,,2026-07-30,2026-08-01,3,11,10,3,1.000000,,1.000000,3.333333,,,,,,,,GLOBAL_BASELINE_NO_ENTITY_RANKING,,,NOT_APPLICABLE_GLOBAL_BASELINE,HF9g-P5,,,,X 全窗基线 · 不参与实体赏罚,3927714,393,A168_HF9F_20260827_0900,2026-08-27 09:00:00
2026-08-01,152671780,1400,0,231.1663627257,77.0554542419,77.0554542419,0.5000000,2,2,0.49994810000000000,0.499948100000,0.00014679536856514622,0.00014679536856514622,0.00014679536856514622,0E-17,ELIGIBLE,R03b_20260811_FULL_v1,L1_ELIGIBILITY,v2026-08-11,2026-03-21..2026-08-06,baccarat_bet02_101_all_pairs_incl_sentinel,round_win = game_pnl > 0 (decisive only),COMPATIBILITY_ONLY_NOT_PRODUCTION,1893.4245,1854.6978,-60.9554,20,20,0.03219319,0.03219319,,0.03219319,60.9554,1893.4245,THIN_EXPOSURE,0.0000,-1.8287,3.0000,97.0000,AG03-UNRESOLVED,ALL5_LEVELS_bet23_to_bet27,-1.8287,-1.8287,-1.8287,-2.4382,-2.4382,3.000000,3.000000,3.000000,4.000000,4.000000,97.000000,97.000000,97.000000,96.000000,96.000000,5.0,-10.3624,-9.6846,-50.5930,-51.2708,PENDING_AG03,FALSE,NOT_FOR_ENFORCEMENT,-59.1267,1799.0569,-60.9554,-59.1267,-1.8287,-0.03219319,-0.03122740,-1.8287,-59.1267,-0.03122740,-1.8287,-1.8287,-1.8287,-2.4382,-2.4382,-59.1267,-0.03122740,-10.3624,-9.6846,-50.5930,-51.2708,-0.02672035,-0.02707832,-0.00096580,94.6712,92.7349,-3.0478,-20.3185,-5.5414,631.1415,6.6667,94.6712,,69.529,77.0555,116.18,147.6896,192.6386,231.1664,77.0555,24.5269,2.5,3.0,1.228612,9,10,5,2,1.00000000,-0.03219319,-0.03219319,0E-8,0.000000,0.979547,0.000000,,2026-07-30,2026-08-01,3,11,10,3,1.000000,,1.000000,3.333333,,,,,,,,GLOBAL_BASELINE_NO_ENTITY_RANKING,,,NOT_APPLICABLE_GLOBAL_BASELINE,HF9g-P5,,,,X 全窗基线 · 不参与实体赏罚,3927715,393,A168_HF9F_20260827_0900,2026-08-27 09:00:00
2026-08-01,152671780,2188,0,128.4257570698,-128.4257570698,-128.4257570698,0E-7,1,1,0.49324550000000000,0.493245500000,-0.9865810262130424,-0.9865810262130424,-0.9865810262130424,0E-17,ELIGIBLE,R03b_20260811_FULL_v1,L1_ELIGIBILITY,v2026-08-11,2026-03-21..2026-08-06,baccarat_bet02_101_all_pairs_incl_sentinel,round_win = game_pnl > 0 (decisive only),COMPATIBILITY_ONLY_NOT_PRODUCTION,1893.4245,1854.6978,-60.9554,20,20,0.03219319,0.03219319,,0.03219319,60.9554,1893.4245,THIN_EXPOSURE,0.0000,-1.8287,3.0000,97.0000,AG03-UNRESOLVED,ALL5_LEVELS_bet23_to_bet27,-1.8287,-1.8287,-1.8287,-2.4382,-2.4382,3.000000,3.000000,3.000000,4.000000,4.000000,97.000000,97.000000,97.000000,96.000000,96.000000,5.0,-10.3624,-9.6846,-50.5930,-51.2708,PENDING_AG03,FALSE,NOT_FOR_ENFORCEMENT,-59.1267,1799.0569,-60.9554,-59.1267,-1.8287,-0.03219319,-0.03122740,-1.8287,-59.1267,-0.03122740,-1.8287,-1.8287,-1.8287,-2.4382,-2.4382,-59.1267,-0.03122740,-10.3624,-9.6846,-50.5930,-51.2708,-0.02672035,-0.02707832,-0.00096580,94.6712,92.7349,-3.0478,-20.3185,-5.5414,631.1415,6.6667,94.6712,,69.529,77.0555,116.18,147.6896,192.6386,231.1664,77.0555,24.5269,2.5,3.0,1.228612,9,10,5,2,1.00000000,-0.03219319,-0.03219319,0E-8,0.000000,0.979547,0.000000,,2026-07-30,2026-08-01,3,11,10,3,1.000000,,1.000000,3.333333,,,,,,,,GLOBAL_BASELINE_NO_ENTITY_RANKING,,,NOT_APPLICABLE_GLOBAL_BASELINE,HF9g-P5,,,,X 全窗基线 · 不参与实体赏罚,3927716,393,A168_HF9F_20260827_0900,2026-08-27 09:00:00
2026-08-01,152671780,2223,0,71.9184239591,-71.9184239591,-71.9184239591,0E-7,1,1,0.49324550000000000,0.493245500000,-0.9865810262130424,-0.9865810262130424,-0.9865810262130424,0E-17,ELIGIBLE,R03b_20260811_FULL_v1,L1_ELIGIBILITY,v2026-08-11,2026-03-21..2026-08-06,baccarat_bet02_101_all_pairs_incl_sentinel,round_win = game_pnl > 0 (decisive only),COMPATIBILITY_ONLY_NOT_PRODUCTION,1893.4245,1854.6978,-60.9554,20,20,0.03219319,0.03219319,,0.03219319,60.9554,1893.4245,THIN_EXPOSURE,0.0000,-1.8287,3.0000,97.0000,AG03-UNRESOLVED,ALL5_LEVELS_bet23_to_bet27,-1.8287,-1.8287,-1.8287,-2.4382,-2.4382,3.000000,3.000000,3.000000,4.000000,4.000000,97.000000,97.000000,97.000000,96.000000,96.000000,5.0,-10.3624,-9.6846,-50.5930,-51.2708,PENDING_AG03,FALSE,NOT_FOR_ENFORCEMENT,-59.1267,1799.0569,-60.9554,-59.1267,-1.8287,-0.03219319,-0.03122740,-1.8287,-59.1267,-0.03122740,-1.8287,-1.8287,-1.8287,-2.4382,-2.4382,-59.1267,-0.03122740,-10.3624,-9.6846,-50.5930,-51.2708,-0.02672035,-0.02707832,-0.00096580,94.6712,92.7349,-3.0478,-20.3185,-5.5414,631.1415,6.6667,94.6712,,69.529,77.0555,116.18,147.6896,192.6386,231.1664,77.0555,24.5269,2.5,3.0,1.228612,9,10,5,2,1.00000000,-0.03219319,-0.03219319,0E-8,0.000000,0.979547,0.000000,,2026-07-30,2026-08-01,3,11,10,3,1.000000,,1.000000,3.333333,,,,,,,,GLOBAL_BASELINE_NO_ENTITY_RANKING,,,NOT_APPLICABLE_GLOBAL_BASELINE,HF9g-P5,,,,X 全窗基线 · 不参与实体赏罚,3927717,393,A168_HF9F_20260827_0900,2026-08-27 09:00:00
2026-08-01,152671780,2242,0,231.1663627257,-231.1663627257,-231.1663627257,0E-7,1,1,0.50665070000000000,0.506650700000,-1.013391052207602,-1.013391052207602,-1.013391052207602,0E-17,ELIGIBLE,R03b_20260811_FULL_v1,L1_ELIGIBILITY,v2026-08-11,2026-03-21..2026-08-06,baccarat_bet02_101_all_pairs_incl_sentinel,round_win = game_pnl > 0 (decisive only),COMPATIBILITY_ONLY_NOT_PRODUCTION,1893.4245,1854.6978,-60.9554,20,20,0.03219319,0.03219319,,0.03219319,60.9554,1893.4245,THIN_EXPOSURE,0.0000,-1.8287,3.0000,97.0000,AG03-UNRESOLVED,ALL5_LEVELS_bet23_to_bet27,-1.8287,-1.8287,-1.8287,-2.4382,-2.4382,3.000000,3.000000,3.000000,4.000000,4.000000,97.000000,97.000000,97.000000,96.000000,96.000000,5.0,-10.3624,-9.6846,-50.5930,-51.2708,PENDING_AG03,FALSE,NOT_FOR_ENFORCEMENT,-59.1267,1799.0569,-60.9554,-59.1267,-1.8287,-0.03219319,-0.03122740,-1.8287,-59.1267,-0.03122740,-1.8287,-1.8287,-1.8287,-2.4382,-2.4382,-59.1267,-0.03122740,-10.3624,-9.6846,-50.5930,-51.2708,-0.02672035,-0.02707832,-0.00096580,94.6712,92.7349,-3.0478,-20.3185,-5.5414,631.1415,6.6667,94.6712,,69.529,77.0555,116.18,147.6896,192.6386,231.1664,77.0555,24.5269,2.5,3.0,1.228612,9,10,5,2,1.00000000,-0.03219319,-0.03219319,0E-8,0.000000,0.979547,0.000000,,2026-07-30,2026-08-01,3,11,10,3,1.000000,,1.000000,3.333333,,,,,,,,GLOBAL_BASELINE_NO_ENTITY_RANKING,,,NOT_APPLICABLE_GLOBAL_BASELINE,HF9g-P5,,,,X 全窗基线 · 不参与实体赏罚,3927718,393,A168_HF9F_20260827_0900,2026-08-27 09:00:00
2026-08-01,152671780,2252,0,208.0497264531,200.8578840572,200.8578840572,1.0000000,3,3,0.50218230000000000,0.502182300000,1.724507524396475,1.7245075243964754,1.724507524396475,0E-17,ELIGIBLE,R03b_20260811_FULL_v1,L1_ELIGIBILITY,v2026-08-11,2026-03-21..2026-08-06,baccarat_bet02_101_all_pairs_incl_sentinel,round_win = game_pnl > 0 (decisive only),COMPATIBILITY_ONLY_NOT_PRODUCTION,1893.4245,1854.6978,-60.9554,20,20,0.03219319,0.03219319,,0.03219319,60.9554,1893.4245,THIN_EXPOSURE,0.0000,-1.8287,3.0000,97.0000,AG03-UNRESOLVED,ALL5_LEVELS_bet23_to_bet27,-1.8287,-1.8287,-1.8287,-2.4382,-2.4382,3.000000,3.000000,3.000000,4.000000,4.000000,97.000000,97.000000,97.000000,96.000000,96.000000,5.0,-10.3624,-9.6846,-50.5930,-51.2708,PENDING_AG03,FALSE,NOT_FOR_ENFORCEMENT,-59.1267,1799.0569,-60.9554,-59.1267,-1.8287,-0.03219319,-0.03122740,-1.8287,-59.1267,-0.03122740,-1.8287,-1.8287,-1.8287,-2.4382,-2.4382,-59.1267,-0.03122740,-10.3624,-9.6846,-50.5930,-51.2708,-0.02672035,-0.02707832,-0.00096580,94.6712,92.7349,-3.0478,-20.3185,-5.5414,631.1415,6.6667,94.6712,,69.529,77.0555,116.18,147.6896,192.6386,231.1664,77.0555,24.5269,2.5,3.0,1.228612,9,10,5,2,1.00000000,-0.03219319,-0.03219319,0E-8,0.000000,0.979547,0.000000,,2026-07-30,2026-08-01,3,11,10,3,1.000000,,1.000000,3.333333,,,,,,,,GLOBAL_BASELINE_NO_ENTITY_RANKING,,,NOT_APPLICABLE_GLOBAL_BASELINE,HF9g-P5,,,,X 全窗基线 · 不参与实体赏罚,3927719,393,A168_HF9F_20260827_0900,2026-08-27 09:00:00
2026-06-17,151644421,1402,0,10.2862139018,10.2862139018,10.2862139018,1.0000000,1,1,0.49324550000000000,0.493245500000,1.01360149184955,1.01360149184955,1.01360149184955,0E-17,ELIGIBLE,R03b_20260811_FULL_v1,L1_ELIGIBILITY,v2026-08-11,2026-03-21..2026-08-06,baccarat_bet02_101_all_pairs_incl_sentinel,round_win = game_pnl > 0 (decisive only),COMPATIBILITY_ONLY_NOT_PRODUCTION,64.2888,64.2888,-61.5887,3,3,0.95800000,,0.95800000,0.95800000,61.5887,64.2888,THIN_EXPOSURE,0.0000,-2.4635,4.0000,96.0000,AG03-UNRESOLVED,ALL5_LEVELS_bet23_to_bet27,-2.4635,-2.4635,-2.4635,-3.0794,-3.0794,4.000000,4.000000,4.000000,5.000000,5.000000,96.000000,96.000000,96.000000,95.000000,95.000000,5.0,-13.5495,-12.4117,-48.0392,-49.177,PENDING_AG03,FALSE,NOT_FOR_ENFORCEMENT,-59.1252,61.7173,-61.5887,-59.1252,-2.4635,-0.95800000,-0.91968000,-2.4635,-59.1252,-0.91968000,-2.4635,-2.4635,-2.4635,-3.0794,-3.0794,-59.1252,-0.91968000,-13.5495,-12.4117,-48.0392,-49.177,-0.74724000,-0.76493832,-0.03832000,21.4296,21.4296,-20.5296,-61.5887,-30.7944,64.2888,3.0000,,21.4296,12.2149,18.0009,31.5015,36.0017,36.0017,36.0017,18.0009,17.1008,2.0,2.0,1.190476,2,2,1,2,0E-8,-0.95800000,,0E-8,0.000000,1.000000,0.000000,,2026-06-17,2026-06-17,1,2,2,1,1.000000,,,0.000000,,,,,,,,GLOBAL_BASELINE_NO_ENTITY_RANKING,,,NOT_APPLICABLE_GLOBAL_BASELINE,HF9g-P5,,,,X 全窗基线 · 不参与实体赏罚,3927720,393,A168_HF9F_20260827_0900,2026-08-27 09:00:00
2026-06-17,151644421,2246,0,54.0026229846,51.3024918353,51.3024918353,1.0000000,2,2,0.50665070000000000,0.506650700000,1.3955260008387969,1.3955260008387969,1.3955260008387969,0E-17,ELIGIBLE,R03b_20260811_FULL_v1,L1_ELIGIBILITY,v2026-08-11,2026-03-21..2026-08-06,baccarat_bet02_101_all_pairs_incl_sentinel,round_win = game_pnl > 0 (decisive only),COMPATIBILITY_ONLY_NOT_PRODUCTION,64.2888,64.2888,-61.5887,3,3,0.95800000,,0.95800000,0.95800000,61.5887,64.2888,THIN_EXPOSURE,0.0000,-2.4635,4.0000,96.0000,AG03-UNRESOLVED,ALL5_LEVELS_bet23_to_bet27,-2.4635,-2.4635,-2.4635,-3.0794,-3.0794,4.000000,4.000000,4.000000,5.000000,5.000000,96.000000,96.000000,96.000000,95.000000,95.000000,5.0,-13.5495,-12.4117,-48.0392,-49.177,PENDING_AG03,FALSE,NOT_FOR_ENFORCEMENT,-59.1252,61.7173,-61.5887,-59.1252,-2.4635,-0.95800000,-0.91968000,-2.4635,-59.1252,-0.91968000,-2.4635,-2.4635,-2.4635,-3.0794,-3.0794,-59.1252,-0.91968000,-13.5495,-12.4117,-48.0392,-49.177,-0.74724000,-0.76493832,-0.03832000,21.4296,21.4296,-20.5296,-61.5887,-30.7944,64.2888,3.0000,,21.4296,12.2149,18.0009,31.5015,36.0017,36.0017,36.0017,18.0009,17.1008,2.0,2.0,1.190476,2,2,1,2,0E-8,-0.95800000,,0E-8,0.000000,1.000000,0.000000,,2026-06-17,2026-06-17,1,2,2,1,1.000000,,,0.000000,,,,,,,,GLOBAL_BASELINE_NO_ENTITY_RANKING,,,NOT_APPLICABLE_GLOBAL_BASELINE,HF9g-P5,,,,X 全窗基线 · 不参与实体赏罚,3927721,393,A168_HF9F_20260827_0900,2026-08-27 09:00:00
2026-06-01,150875665,1210,0,7.7146604264,0E-10,0E-10,,1,1,0.50665070000000000,0.506650700000,,,,0E-17,NO_DECISIVE_ROUND,R03b_20260811_FULL_v1,L1_ELIGIBILITY,v2026-08-11,2026-03-21..2026-08-06,baccarat_bet02_101_all_pairs_incl_sentinel,round_win = game_pnl > 0 (decisive only),COMPATIBILITY_ONLY_NOT_PRODUCTION,118.2915,110.5768,-61.5887,15,15,0.52065217,,0.52065217,0.52065217,61.5887,118.2915,THIN_EXPOSURE,0.0000,-2.4635,4.0000,96.0000,AG03-UNRESOLVED,ALL5_LEVELS_bet23_to_bet27,-2.4635,-2.4635,-3.0794,-3.0794,-3.0794,4.000000,4.000000,5.000000,5.000000,5.000000,96.000000,96.000000,95.000000,95.000000,95.000000,5.0,-14.1654,-12.924,-47.4233,-48.6647,PENDING_AG03,FALSE,NOT_FOR_ENFORCEMENT,-59.1252,106.1537,-61.5887,-59.1252,-2.4635,-0.52065217,-0.49982609,-2.4635,-59.1252,-0.49982609,-2.4635,-2.4635,-3.0794,-3.0794,-3.0794,-59.1252,-0.49982609,-14.1654,-12.924,-47.4233,-48.6647,-0.40090217,-0.41139686,-0.02082609,7.8861,7.3718,-4.1059,-15.3972,-6.8432,29.5729,3.7500,,7.8861,3.2144,5.1431,7.7147,12.8578,30.2158,36.0017,5.1431,4.886,5.875,7.0,1.533333,6,8,4,2,0E-8,-0.52065217,,0E-8,0.000000,0.934783,0.000000,,2026-06-01,2026-06-15,4,9,8,15,0.266667,,,0.000000,,,,,,,,GLOBAL_BASELINE_NO_ENTITY_RANKING,,,NOT_APPLICABLE_GLOBAL_BASELINE,HF9g-P5,,,,X 全窗基线 · 不参与实体赏罚,3927722,393,A168_HF9F_20260827_0900,2026-08-27 09:00:00
2026-06-01,150875665,2174,0,10.2862139018,10.0290585543,10.0290585543,1.0000000,2,2,0.49994810000000000,0.499948100000,1.4143603653603398,1.4143603653603398,1.4143603653603398,0E-17,ELIGIBLE,R03b_20260811_FULL_v1,L1_ELIGIBILITY,v2026-08-11,2026-03-21..2026-08-06,baccarat_bet02_101_all_pairs_incl_sentinel,round_win = game_pnl > 0 (decisive only),COMPATIBILITY_ONLY_NOT_PRODUCTION,118.2915,110.5768,-61.5887,15,15,0.52065217,,0.52065217,0.52065217,61.5887,118.2915,THIN_EXPOSURE,0.0000,-2.4635,4.0000,96.0000,AG03-UNRESOLVED,ALL5_LEVELS_bet23_to_bet27,-2.4635,-2.4635,-3.0794,-3.0794,-3.0794,4.000000,4.000000,5.000000,5.000000,5.000000,96.000000,96.000000,95.000000,95.000000,95.000000,5.0,-14.1654,-12.924,-47.4233,-48.6647,PENDING_AG03,FALSE,NOT_FOR_ENFORCEMENT,-59.1252,106.1537,-61.5887,-59.1252,-2.4635,-0.52065217,-0.49982609,-2.4635,-59.1252,-0.49982609,-2.4635,-2.4635,-3.0794,-3.0794,-3.0794,-59.1252,-0.49982609,-14.1654,-12.924,-47.4233,-48.6647,-0.40090217,-0.41139686,-0.02082609,7.8861,7.3718,-4.1059,-15.3972,-6.8432,29.5729,3.7500,,7.8861,3.2144,5.1431,7.7147,12.8578,30.2158,36.0017,5.1431,4.886,5.875,7.0,1.533333,6,8,4,2,0E-8,-0.52065217,,0E-8,0.000000,0.934783,0.000000,,2026-06-01,2026-06-15,4,9,8,15,0.266667,,,0.000000,,,,,,,,GLOBAL_BASELINE_NO_ENTITY_RANKING,,,NOT_APPLICABLE_GLOBAL_BASELINE,HF9g-P5,,,,X 全窗基线 · 不参与实体赏罚,3927723,393,A168_HF9F_20260827_0900,2026-08-27 09:00:00
2026-06-02,150875665,1330,0,54.0026229847,16.2007868952,16.2007868952,0.2500000,4,4,0.50665070000000000,0.506650700000,-1.0266936290537745,-1.0266936290537745,-1.0266936290537745,0E-17,ELIGIBLE,R03b_20260811_FULL_v1,L1_ELIGIBILITY,v2026-08-11,2026-03-21..2026-08-06,baccarat_bet02_101_all_pairs_incl_sentinel,round_win = game_pnl > 0 (decisive only),COMPATIBILITY_ONLY_NOT_PRODUCTION,118.2915,110.5768,-61.5887,15,15,0.52065217,,0.52065217,0.52065217,61.5887,118.2915,THIN_EXPOSURE,0.0000,-2.4635,4.0000,96.0000,AG03-UNRESOLVED,ALL5_LEVELS_bet23_to_bet27,-2.4635,-2.4635,-3.0794,-3.0794,-3.0794,4.000000,4.000000,5.000000,5.000000,5.000000,96.000000,96.000000,95.000000,95.000000,95.000000,5.0,-14.1654,-12.924,-47.4233,-48.6647,PENDING_AG03,FALSE,NOT_FOR_ENFORCEMENT,-59.1252,106.1537,-61.5887,-59.1252,-2.4635,-0.52065217,-0.49982609,-2.4635,-59.1252,-0.49982609,-2.4635,-2.4635,-3.0794,-3.0794,-3.0794,-59.1252,-0.49982609,-14.1654,-12.924,-47.4233,-48.6647,-0.40090217,-0.41139686,-0.02082609,7.8861,7.3718,-4.1059,-15.3972,-6.8432,29.5729,3.7500,,7.8861,3.2144,5.1431,7.7147,12.8578,30.2158,36.0017,5.1431,4.886,5.875,7.0,1.533333,6,8,4,2,0E-8,-0.52065217,,0E-8,0.000000,0.934783,0.000000,,2026-06-01,2026-06-15,4,9,8,15,0.266667,,,0.000000,,,,,,,,GLOBAL_BASELINE_NO_ENTITY_RANKING,,,NOT_APPLICABLE_GLOBAL_BASELINE,HF9g-P5,,,,X 全窗基线 · 不参与实体赏罚,3927724,393,A168_HF9F_20260827_0900,2026-08-27 09:00:00
2026-06-02,150875665,2142,0,23.1439812791,23.1439812791,23.1439812791,1.0000000,2,2,0.49324550000000000,0.493245500000,1.4334489766152358,1.4334489766152358,1.4334489766152358,0E-17,ELIGIBLE,R03b_20260811_FULL_v1,L1_ELIGIBILITY,v2026-08-11,2026-03-21..2026-08-06,baccarat_bet02_101_all_pairs_incl_sentinel,round_win = game_pnl > 0 (decisive only),COMPATIBILITY_ONLY_NOT_PRODUCTION,118.2915,110.5768,-61.5887,15,15,0.52065217,,0.52065217,0.52065217,61.5887,118.2915,THIN_EXPOSURE,0.0000,-2.4635,4.0000,96.0000,AG03-UNRESOLVED,ALL5_LEVELS_bet23_to_bet27,-2.4635,-2.4635,-3.0794,-3.0794,-3.0794,4.000000,4.000000,5.000000,5.000000,5.000000,96.000000,96.000000,95.000000,95.000000,95.000000,5.0,-14.1654,-12.924,-47.4233,-48.6647,PENDING_AG03,FALSE,NOT_FOR_ENFORCEMENT,-59.1252,106.1537,-61.5887,-59.1252,-2.4635,-0.52065217,-0.49982609,-2.4635,-59.1252,-0.49982609,-2.4635,-2.4635,-3.0794,-3.0794,-3.0794,-59.1252,-0.49982609,-14.1654,-12.924,-47.4233,-48.6647,-0.40090217,-0.41139686,-0.02082609,7.8861,7.3718,-4.1059,-15.3972,-6.8432,29.5729,3.7500,,7.8861,3.2144,5.1431,7.7147,12.8578,30.2158,36.0017,5.1431,4.886,5.875,7.0,1.533333,6,8,4,2,0E-8,-0.52065217,,0E-8,0.000000,0.934783,0.000000,,2026-06-01,2026-06-15,4,9,8,15,0.266667,,,0.000000,,,,,,,,GLOBAL_BASELINE_NO_ENTITY_RANKING,,,NOT_APPLICABLE_GLOBAL_BASELINE,HF9g-P5,,,,X 全窗基线 · 不参与实体赏罚,3927725,393,A168_HF9F_20260827_0900,2026-08-27 09:00:00
2026-06-02,150875665,2244,0,5.1431069509,4.8859516034,4.8859516034,1.0000000,1,1,0.50665070000000000,0.506650700000,0.9867858985152569,0.9867858985152569,0.9867858985152569,0E-17,ELIGIBLE,R03b_20260811_FULL_v1,L1_ELIGIBILITY,v2026-08-11,2026-03-21..2026-08-06,baccarat_bet02_101_all_pairs_incl_sentinel,round_win = game_pnl > 0 (decisive only),COMPATIBILITY_ONLY_NOT_PRODUCTION,118.2915,110.5768,-61.5887,15,15,0.52065217,,0.52065217,0.52065217,61.5887,118.2915,THIN_EXPOSURE,0.0000,-2.4635,4.0000,96.0000,AG03-UNRESOLVED,ALL5_LEVELS_bet23_to_bet27,-2.4635,-2.4635,-3.0794,-3.0794,-3.0794,4.000000,4.000000,5.000000,5.000000,5.000000,96.000000,96.000000,95.000000,95.000000,95.000000,5.0,-14.1654,-12.924,-47.4233,-48.6647,PENDING_AG03,FALSE,NOT_FOR_ENFORCEMENT,-59.1252,106.1537,-61.5887,-59.1252,-2.4635,-0.52065217,-0.49982609,-2.4635,-59.1252,-0.49982609,-2.4635,-2.4635,-3.0794,-3.0794,-3.0794,-59.1252,-0.49982609,-14.1654,-12.924,-47.4233,-48.6647,-0.40090217,-0.41139686,-0.02082609,7.8861,7.3718,-4.1059,-15.3972,-6.8432,29.5729,3.7500,,7.8861,3.2144,5.1431,7.7147,12.8578,30.2158,36.0017,5.1431,4.886,5.875,7.0,1.533333,6,8,4,2,0E-8,-0.52065217,,0E-8,0.000000,0.934783,0.000000,,2026-06-01,2026-06-15,4,9,8,15,0.266667,,,0.000000,,,,,,,,GLOBAL_BASELINE_NO_ENTITY_RANKING,,,NOT_APPLICABLE_GLOBAL_BASELINE,HF9g-P5,,,,X 全窗基线 · 不参与实体赏罚,3927726,393,A168_HF9F_20260827_0900,2026-08-27 09:00:00
2026-06-02,150875665,752,0,12.8577673773,12.4720343560,12.4720343560,1.0000000,3,3,0.50218230000000000,0.502182300000,1.724507524396475,1.7245075243964754,1.724507524396475,0E-17,ELIGIBLE,R03b_20260811_FULL_v1,L1_ELIGIBILITY,v2026-08-11,2026-03-21..2026-08-06,baccarat_bet02_101_all_pairs_incl_sentinel,round_win = game_pnl > 0 (decisive only),COMPATIBILITY_ONLY_NOT_PRODUCTION,118.2915,110.5768,-61.5887,15,15,0.52065217,,0.52065217,0.52065217,61.5887,118.2915,THIN_EXPOSURE,0.0000,-2.4635,4.0000,96.0000,AG03-UNRESOLVED,ALL5_LEVELS_bet23_to_bet27,-2.4635,-2.4635,-3.0794,-3.0794,-3.0794,4.000000,4.000000,5.000000,5.000000,5.000000,96.000000,96.000000,95.000000,95.000000,95.000000,5.0,-14.1654,-12.924,-47.4233,-48.6647,PENDING_AG03,FALSE,NOT_FOR_ENFORCEMENT,-59.1252,106.1537,-61.5887,-59.1252,-2.4635,-0.52065217,-0.49982609,-2.4635,-59.1252,-0.49982609,-2.4635,-2.4635,-3.0794,-3.0794,-3.0794,-59.1252,-0.49982609,-14.1654,-12.924,-47.4233,-48.6647,-0.40090217,-0.41139686,-0.02082609,7.8861,7.3718,-4.1059,-15.3972,-6.8432,29.5729,3.7500,,7.8861,3.2144,5.1431,7.7147,12.8578,30.2158,36.0017,5.1431,4.886,5.875,7.0,1.533333,6,8,4,2,0E-8,-0.52065217,,0E-8,0.000000,0.934783,0.000000,,2026-06-01,2026-06-15,4,9,8,15,0.266667,,,0.000000,,,,,,,,GLOBAL_BASELINE_NO_ENTITY_RANKING,,,NOT_APPLICABLE_GLOBAL_BASELINE,HF9g-P5,,,,X 全窗基线 · 不参与实体赏罚,3927727,393,A168_HF9F_20260827_0900,2026-08-27 09:00:00
2026-06-13,150875665,2170,0,2.5715534755,-2.5715534755,-2.5715534755,0E-7,1,1,0.50665070000000000,0.506650700000,-1.013391052207602,-1.013391052207602,-1.013391052207602,0E-17,ELIGIBLE,R03b_20260811_FULL_v1,L1_ELIGIBILITY,v2026-08-11,2026-03-21..2026-08-06,baccarat_bet02_101_all_pairs_incl_sentinel,round_win = game_pnl > 0 (decisive only),COMPATIBILITY_ONLY_NOT_PRODUCTION,118.2915,110.5768,-61.5887,15,15,0.52065217,,0.52065217,0.52065217,61.5887,118.2915,THIN_EXPOSURE,0.0000,-2.4635,4.0000,96.0000,AG03-UNRESOLVED,ALL5_LEVELS_bet23_to_bet27,-2.4635,-2.4635,-3.0794,-3.0794,-3.0794,4.000000,4.000000,5.000000,5.000000,5.000000,96.000000,96.000000,95.000000,95.000000,95.000000,5.0,-14.1654,-12.924,-47.4233,-48.6647,PENDING_AG03,FALSE,NOT_FOR_ENFORCEMENT,-59.1252,106.1537,-61.5887,-59.1252,-2.4635,-0.52065217,-0.49982609,-2.4635,-59.1252,-0.49982609,-2.4635,-2.4635,-3.0794,-3.0794,-3.0794,-59.1252,-0.49982609,-14.1654,-12.924,-47.4233,-48.6647,-0.40090217,-0.41139686,-0.02082609,7.8861,7.3718,-4.1059,-15.3972,-6.8432,29.5729,3.7500,,7.8861,3.2144,5.1431,7.7147,12.8578,30.2158,36.0017,5.1431,4.886,5.875,7.0,1.533333,6,8,4,2,0E-8,-0.52065217,,0E-8,0.000000,0.934783,0.000000,,2026-06-01,2026-06-15,4,9,8,15,0.266667,,,0.000000,,,,,,,,GLOBAL_BASELINE_NO_ENTITY_RANKING,,,NOT_APPLICABLE_GLOBAL_BASELINE,HF9g-P5,,,,X 全窗基线 · 不参与实体赏罚,3927728,393,A168_HF9F_20260827_0900,2026-08-27 09:00:00
2026-06-15,150875665,462,0,2.5715534755,-2.5715534755,-2.5715534755,0E-7,1,1,0.50665070000000000,0.506650700000,-1.013391052207602,-1.013391052207602,-1.013391052207602,0E-17,ELIGIBLE,R03b_20260811_FULL_v1,L1_ELIGIBILITY,v2026-08-11,2026-03-21..2026-08-06,baccarat_bet02_101_all_pairs_incl_sentinel,round_win = game_pnl > 0 (decisive only),COMPATIBILITY_ONLY_NOT_PRODUCTION,118.2915,110.5768,-61.5887,15,15,0.52065217,,0.52065217,0.52065217,61.5887,118.2915,THIN_EXPOSURE,0.0000,-2.4635,4.0000,96.0000,AG03-UNRESOLVED,ALL5_LEVELS_bet23_to_bet27,-2.4635,-2.4635,-3.0794,-3.0794,-3.0794,4.000000,4.000000,5.000000,5.000000,5.000000,96.000000,96.000000,95.000000,95.000000,95.000000,5.0,-14.1654,-12.924,-47.4233,-48.6647,PENDING_AG03,FALSE,NOT_FOR_ENFORCEMENT,-59.1252,106.1537,-61.5887,-59.1252,-2.4635,-0.52065217,-0.49982609,-2.4635,-59.1252,-0.49982609,-2.4635,-2.4635,-3.0794,-3.0794,-3.0794,-59.1252,-0.49982609,-14.1654,-12.924,-47.4233,-48.6647,-0.40090217,-0.41139686,-0.02082609,7.8861,7.3718,-4.1059,-15.3972,-6.8432,29.5729,3.7500,,7.8861,3.2144,5.1431,7.7147,12.8578,30.2158,36.0017,5.1431,4.886,5.875,7.0,1.533333,6,8,4,2,0E-8,-0.52065217,,0E-8,0.000000,0.934783,0.000000,,2026-06-01,2026-06-15,4,9,8,15,0.266667,,,0.000000,,,,,,,,GLOBAL_BASELINE_NO_ENTITY_RANKING,,,NOT_APPLICABLE_GLOBAL_BASELINE,HF9g-P5,,,,X 全窗基线 · 不参与实体赏罚,3927729,393,A168_HF9F_20260827_0900,2026-08-27 09:00:00
2026-05-22,150392038,-1,1,21.6169476870,-21.6169476870,-21.6169476870,0E-7,1,1,0.50665070000000000,0.506650700000,-1.013391052207602,-1.013391052207602,-1.013391052207602,0E-17,SENTINEL_DEALER,R03b_20260811_FULL_v1,L1_ELIGIBILITY,v2026-08-11,2026-03-21..2026-08-06,baccarat_bet02_101_all_pairs_incl_sentinel,round_win = game_pnl > 0 (decisive only),COMPATIBILITY_ONLY_NOT_PRODUCTION,167.3152,152.9039,-60.9526,9,9,0.36429802,,0.36429802,0.36429802,60.9526,167.3152,THIN_EXPOSURE,0.0000,-1.8286,3.0000,97.0000,AG03-UNRESOLVED,ALL5_LEVELS_bet23_to_bet27,-1.8286,-1.8286,-1.8286,-2.4381,-2.4381,3.000000,3.000000,3.000000,4.000000,4.000000,97.000000,97.000000,97.000000,96.000000,96.000000,5.0,-10.3619,-9.6842,-50.5906,-51.2684,PENDING_AG03,FALSE,NOT_FOR_ENFORCEMENT,-59.1240,148.3168,-60.9526,-59.1240,-1.8286,-0.36429802,-0.35336908,-1.8286,-59.1240,-0.35336908,-1.8286,-1.8286,-1.8286,-2.4381,-2.4381,-59.1240,-0.35336908,-10.3619,-9.6842,-50.5906,-51.2684,-0.30236736,-0.30641814,-0.01092894,18.5906,16.9893,-6.7725,-60.9526,-6.7725,167.3152,9.0000,,18.5906,14.4113,21.6169,21.6169,21.6169,21.6169,21.6169,21.6169,13.6907,1.0,1.0,0.86,9,9,1,1,0E-8,-0.36429802,,0E-8,0.000000,0.913867,0.000000,,2026-05-22,2026-05-22,1,9,9,1,1.000000,,,0.000000,,,,,,,,GLOBAL_BASELINE_NO_ENTITY_RANKING,,,NOT_APPLICABLE_GLOBAL_BASELINE,HF9g-P5,,,,X 全窗基线 · 不参与实体赏罚,3927730,393,A168_HF9F_20260827_0900,2026-08-27 09:00:00
2026-05-22,150392038,1300,0,15.9965412884,15.1967142240,15.1967142240,1.0000000,1,1,0.50665070000000000,0.506650700000,0.9867858985152569,0.9867858985152569,0.9867858985152569,0E-17,ELIGIBLE,R03b_20260811_FULL_v1,L1_ELIGIBILITY,v2026-08-11,2026-03-21..2026-08-06,baccarat_bet02_101_all_pairs_incl_sentinel,round_win = game_pnl > 0 (decisive only),COMPATIBILITY_ONLY_NOT_PRODUCTION,167.3152,152.9039,-60.9526,9,9,0.36429802,,0.36429802,0.36429802,60.9526,167.3152,THIN_EXPOSURE,0.0000,-1.8286,3.0000,97.0000,AG03-UNRESOLVED,ALL5_LEVELS_bet23_to_bet27,-1.8286,-1.8286,-1.8286,-2.4381,-2.4381,3.000000,3.000000,3.000000,4.000000,4.000000,97.000000,97.000000,97.000000,96.000000,96.000000,5.0,-10.3619,-9.6842,-50.5906,-51.2684,PENDING_AG03,FALSE,NOT_FOR_ENFORCEMENT,-59.1240,148.3168,-60.9526,-59.1240,-1.8286,-0.36429802,-0.35336908,-1.8286,-59.1240,-0.35336908,-1.8286,-1.8286,-1.8286,-2.4381,-2.4381,-59.1240,-0.35336908,-10.3619,-9.6842,-50.5906,-51.2684,-0.30236736,-0.30641814,-0.01092894,18.5906,16.9893,-6.7725,-60.9526,-6.7725,167.3152,9.0000,,18.5906,14.4113,21.6169,21.6169,21.6169,21.6169,21.6169,21.6169,13.6907,1.0,1.0,0.86,9,9,1,1,0E-8,-0.36429802,,0E-8,0.000000,0.913867,0.000000,,2026-05-22,2026-05-22,1,9,9,1,1.000000,,,0.000000,,,,,,,,GLOBAL_BASELINE_NO_ENTITY_RANKING,,,NOT_APPLICABLE_GLOBAL_BASELINE,HF9g-P5,,,,X 全窗基线 · 不参与实体赏罚,3927731,393,A168_HF9F_20260827_0900,2026-08-27 09:00:00
2026-05-22,150392038,1966,0,21.6169476870,20.5361003026,20.5361003026,1.0000000,1,1,0.50665070000000000,0.506650700000,0.9867858985152569,0.9867858985152569,0.9867858985152569,0E-17,ELIGIBLE,R03b_20260811_FULL_v1,L1_ELIGIBILITY,v2026-08-11,2026-03-21..2026-08-06,baccarat_bet02_101_all_pairs_incl_sentinel,round_win = game_pnl > 0 (decisive only),COMPATIBILITY_ONLY_NOT_PRODUCTION,167.3152,152.9039,-60.9526,9,9,0.36429802,,0.36429802,0.36429802,60.9526,167.3152,THIN_EXPOSURE,0.0000,-1.8286,3.0000,97.0000,AG03-UNRESOLVED,ALL5_LEVELS_bet23_to_bet27,-1.8286,-1.8286,-1.8286,-2.4381,-2.4381,3.000000,3.000000,3.000000,4.000000,4.000000,97.000000,97.000000,97.000000,96.000000,96.000000,5.0,-10.3619,-9.6842,-50.5906,-51.2684,PENDING_AG03,FALSE,NOT_FOR_ENFORCEMENT,-59.1240,148.3168,-60.9526,-59.1240,-1.8286,-0.36429802,-0.35336908,-1.8286,-59.1240,-0.35336908,-1.8286,-1.8286,-1.8286,-2.4381,-2.4381,-59.1240,-0.35336908,-10.3619,-9.6842,-50.5906,-51.2684,-0.30236736,-0.30641814,-0.01092894,18.5906,16.9893,-6.7725,-60.9526,-6.7725,167.3152,9.0000,,18.5906,14.4113,21.6169,21.6169,21.6169,21.6169,21.6169,21.6169,13.6907,1.0,1.0,0.86,9,9,1,1,0E-8,-0.36429802,,0E-8,0.000000,0.913867,0.000000,,2026-05-22,2026-05-22,1,9,9,1,1.000000,,,0.000000,,,,,,,,GLOBAL_BASELINE_NO_ENTITY_RANKING,,,NOT_APPLICABLE_GLOBAL_BASELINE,HF9g-P5,,,,X 全窗基线 · 不参与实体赏罚,3927732,393,A168_HF9F_20260827_0900,2026-08-27 09:00:00
2026-05-22,150392038,2103,0,21.6169476870,-21.6169476870,-21.6169476870,0E-7,1,1,0.50665070000000000,0.506650700000,-1.013391052207602,-1.013391052207602,-1.013391052207602,0E-17,ELIGIBLE,R03b_20260811_FULL_v1,L1_ELIGIBILITY,v2026-08-11,2026-03-21..2026-08-06,baccarat_bet02_101_all_pairs_incl_sentinel,round_win = game_pnl > 0 (decisive only),COMPATIBILITY_ONLY_NOT_PRODUCTION,167.3152,152.9039,-60.9526,9,9,0.36429802,,0.36429802,0.36429802,60.9526,167.3152,THIN_EXPOSURE,0.0000,-1.8286,3.0000,97.0000,AG03-UNRESOLVED,ALL5_LEVELS_bet23_to_bet27,-1.8286,-1.8286,-1.8286,-2.4381,-2.4381,3.000000,3.000000,3.000000,4.000000,4.000000,97.000000,97.000000,97.000000,96.000000,96.000000,5.0,-10.3619,-9.6842,-50.5906,-51.2684,PENDING_AG03,FALSE,NOT_FOR_ENFORCEMENT,-59.1240,148.3168,-60.9526,-59.1240,-1.8286,-0.36429802,-0.35336908,-1.8286,-59.1240,-0.35336908,-1.8286,-1.8286,-1.8286,-2.4381,-2.4381,-59.1240,-0.35336908,-10.3619,-9.6842,-50.5906,-51.2684,-0.30236736,-0.30641814,-0.01092894,18.5906,16.9893,-6.7725,-60.9526,-6.7725,167.3152,9.0000,,18.5906,14.4113,21.6169,21.6169,21.6169,21.6169,21.6169,21.6169,13.6907,1.0,1.0,0.86,9,9,1,1,0E-8,-0.36429802,,0E-8,0.000000,0.913867,0.000000,,2026-05-22,2026-05-22,1,9,9,1,1.000000,,,0.000000,,,,,,,,GLOBAL_BASELINE_NO_ENTITY_RANKING,,,NOT_APPLICABLE_GLOBAL_BASELINE,HF9g-P5,,,,X 全窗基线 · 不参与实体赏罚,3927733,393,A168_HF9F_20260827_0900,2026-08-27 09:00:00
2026-05-22,150392038,2121,0,14.4112984580,0E-10,0E-10,,1,1,0.50665070000000000,0.506650700000,,,,0E-17,NO_DECISIVE_ROUND,R03b_20260811_FULL_v1,L1_ELIGIBILITY,v2026-08-11,2026-03-21..2026-08-06,baccarat_bet02_101_all_pairs_incl_sentinel,round_win = game_pnl > 0 (decisive only),COMPATIBILITY_ONLY_NOT_PRODUCTION,167.3152,152.9039,-60.9526,9,9,0.36429802,,0.36429802,0.36429802,60.9526,167.3152,THIN_EXPOSURE,0.0000,-1.8286,3.0000,97.0000,AG03-UNRESOLVED,ALL5_LEVELS_bet23_to_bet27,-1.8286,-1.8286,-1.8286,-2.4381,-2.4381,3.000000,3.000000,3.000000,4.000000,4.000000,97.000000,97.000000,97.000000,96.000000,96.000000,5.0,-10.3619,-9.6842,-50.5906,-51.2684,PENDING_AG03,FALSE,NOT_FOR_ENFORCEMENT,-59.1240,148.3168,-60.9526,-59.1240,-1.8286,-0.36429802,-0.35336908,-1.8286,-59.1240,-0.35336908,-1.8286,-1.8286,-1.8286,-2.4381,-2.4381,-59.1240,-0.35336908,-10.3619,-9.6842,-50.5906,-51.2684,-0.30236736,-0.30641814,-0.01092894,18.5906,16.9893,-6.7725,-60.9526,-6.7725,167.3152,9.0000,,18.5906,14.4113,21.6169,21.6169,21.6169,21.6169,21.6169,21.6169,13.6907,1.0,1.0,0.86,9,9,1,1,0E-8,-0.36429802,,0E-8,0.000000,0.913867,0.000000,,2026-05-22,2026-05-22,1,9,9,1,1.000000,,,0.000000,,,,,,,,GLOBAL_BASELINE_NO_ENTITY_RANKING,,,NOT_APPLICABLE_GLOBAL_BASELINE,HF9g-P5,,,,X 全窗基线 · 不参与实体赏罚,3927734,393,A168_HF9F_20260827_0900,2026-08-27 09:00:00
2026-05-22,150392038,2145,0,14.4112984580,13.6907335351,13.6907335351,1.0000000,1,1,0.50665070000000000,0.506650700000,0.9867858985152569,0.9867858985152569,0.9867858985152569,0E-17,ELIGIBLE,R03b_20260811_FULL_v1,L1_ELIGIBILITY,v2026-08-11,2026-03-21..2026-08-06,baccarat_bet02_101_all_pairs_incl_sentinel,round_win = game_pnl > 0 (decisive only),COMPATIBILITY_ONLY_NOT_PRODUCTION,167.3152,152.9039,-60.9526,9,9,0.36429802,,0.36429802,0.36429802,60.9526,167.3152,THIN_EXPOSURE,0.0000,-1.8286,3.0000,97.0000,AG03-UNRESOLVED,ALL5_LEVELS_bet23_to_bet27,-1.8286,-1.8286,-1.8286,-2.4381,-2.4381,3.000000,3.000000,3.000000,4.000000,4.000000,97.000000,97.000000,97.000000,96.000000,96.000000,5.0,-10.3619,-9.6842,-50.5906,-51.2684,PENDING_AG03,FALSE,NOT_FOR_ENFORCEMENT,-59.1240,148.3168,-60.9526,-59.1240,-1.8286,-0.36429802,-0.35336908,-1.8286,-59.1240,-0.35336908,-1.8286,-1.8286,-1.8286,-2.4381,-2.4381,-59.1240,-0.35336908,-10.3619,-9.6842,-50.5906,-51.2684,-0.30236736,-0.30641814,-0.01092894,18.5906,16.9893,-6.7725,-60.9526,-6.7725,167.3152,9.0000,,18.5906,14.4113,21.6169,21.6169,21.6169,21.6169,21.6169,21.6169,13.6907,1.0,1.0,0.86,9,9,1,1,0E-8,-0.36429802,,0E-8,0.000000,0.913867,0.000000,,2026-05-22,2026-05-22,1,9,9,1,1.000000,,,0.000000,,,,,,,,GLOBAL_BASELINE_NO_ENTITY_RANKING,,,NOT_APPLICABLE_GLOBAL_BASELINE,HF9g-P5,,,,X 全窗基线 · 不参与实体赏罚,3927735,393,A168_HF9F_20260827_0900,2026-08-27 09:00:00
2026-05-22,150392038,2160,0,21.6169476870,20.5361003026,20.5361003026,1.0000000,1,1,0.50665070000000000,0.506650700000,0.9867858985152569,0.9867858985152569,0.9867858985152569,0E-17,ELIGIBLE,R03b_20260811_FULL_v1,L1_ELIGIBILITY,v2026-08-11,2026-03-21..2026-08-06,baccarat_bet02_101_all_pairs_incl_sentinel,round_win = game_pnl > 0 (decisive only),COMPATIBILITY_ONLY_NOT_PRODUCTION,167.3152,152.9039,-60.9526,9,9,0.36429802,,0.36429802,0.36429802,60.9526,167.3152,THIN_EXPOSURE,0.0000,-1.8286,3.0000,97.0000,AG03-UNRESOLVED,ALL5_LEVELS_bet23_to_bet27,-1.8286,-1.8286,-1.8286,-2.4381,-2.4381,3.000000,3.000000,3.000000,4.000000,4.000000,97.000000,97.000000,97.000000,96.000000,96.000000,5.0,-10.3619,-9.6842,-50.5906,-51.2684,PENDING_AG03,FALSE,NOT_FOR_ENFORCEMENT,-59.1240,148.3168,-60.9526,-59.1240,-1.8286,-0.36429802,-0.35336908,-1.8286,-59.1240,-0.35336908,-1.8286,-1.8286,-1.8286,-2.4381,-2.4381,-59.1240,-0.35336908,-10.3619,-9.6842,-50.5906,-51.2684,-0.30236736,-0.30641814,-0.01092894,18.5906,16.9893,-6.7725,-60.9526,-6.7725,167.3152,9.0000,,18.5906,14.4113,21.6169,21.6169,21.6169,21.6169,21.6169,21.6169,13.6907,1.0,1.0,0.86,9,9,1,1,0E-8,-0.36429802,,0E-8,0.000000,0.913867,0.000000,,2026-05-22,2026-05-22,1,9,9,1,1.000000,,,0.000000,,,,,,,,GLOBAL_BASELINE_NO_ENTITY_RANKING,,,NOT_APPLICABLE_GLOBAL_BASELINE,HF9g-P5,,,,X 全窗基线 · 不参与实体赏罚,3927736,393,A168_HF9F_20260827_0900,2026-08-27 09:00:00
2026-05-22,150392038,2209,0,14.4112984580,13.6907335351,13.6907335351,1.0000000,1,1,0.50665070000000000,0.506650700000,0.9867858985152569,0.9867858985152569,0.9867858985152569,0E-17,ELIGIBLE,R03b_20260811_FULL_v1,L1_ELIGIBILITY,v2026-08-11,2026-03-21..2026-08-06,baccarat_bet02_101_all_pairs_incl_sentinel,round_win = game_pnl > 0 (decisive only),COMPATIBILITY_ONLY_NOT_PRODUCTION,167.3152,152.9039,-60.9526,9,9,0.36429802,,0.36429802,0.36429802,60.9526,167.3152,THIN_EXPOSURE,0.0000,-1.8286,3.0000,97.0000,AG03-UNRESOLVED,ALL5_LEVELS_bet23_to_bet27,-1.8286,-1.8286,-1.8286,-2.4381,-2.4381,3.000000,3.000000,3.000000,4.000000,4.000000,97.000000,97.000000,97.000000,96.000000,96.000000,5.0,-10.3619,-9.6842,-50.5906,-51.2684,PENDING_AG03,FALSE,NOT_FOR_ENFORCEMENT,-59.1240,148.3168,-60.9526,-59.1240,-1.8286,-0.36429802,-0.35336908,-1.8286,-59.1240,-0.35336908,-1.8286,-1.8286,-1.8286,-2.4381,-2.4381,-59.1240,-0.35336908,-10.3619,-9.6842,-50.5906,-51.2684,-0.30236736,-0.30641814,-0.01092894,18.5906,16.9893,-6.7725,-60.9526,-6.7725,167.3152,9.0000,,18.5906,14.4113,21.6169,21.6169,21.6169,21.6169,21.6169,21.6169,13.6907,1.0,1.0,0.86,9,9,1,1,0E-8,-0.36429802,,0E-8,0.000000,0.913867,0.000000,,2026-05-22,2026-05-22,1,9,9,1,1.000000,,,0.000000,,,,,,,,GLOBAL_BASELINE_NO_ENTITY_RANKING,,,NOT_APPLICABLE_GLOBAL_BASELINE,HF9g-P5,,,,X 全窗基线 · 不参与实体赏罚,3927737,393,A168_HF9F_20260827_0900,2026-08-27 09:00:00
2026-05-22,150392038,2248,0,21.6169476870,20.5361003026,20.5361003026,1.0000000,1,1,0.50665070000000000,0.506650700000,0.9867858985152569,0.9867858985152569,0.9867858985152569,0E-17,ELIGIBLE,R03b_20260811_FULL_v1,L1_ELIGIBILITY,v2026-08-11,2026-03-21..2026-08-06,baccarat_bet02_101_all_pairs_incl_sentinel,round_win = game_pnl > 0 (decisive only),COMPATIBILITY_ONLY_NOT_PRODUCTION,167.3152,152.9039,-60.9526,9,9,0.36429802,,0.36429802,0.36429802,60.9526,167.3152,THIN_EXPOSURE,0.0000,-1.8286,3.0000,97.0000,AG03-UNRESOLVED,ALL5_LEVELS_bet23_to_bet27,-1.8286,-1.8286,-1.8286,-2.4381,-2.4381,3.000000,3.000000,3.000000,4.000000,4.000000,97.000000,97.000000,97.000000,96.000000,96.000000,5.0,-10.3619,-9.6842,-50.5906,-51.2684,PENDING_AG03,FALSE,NOT_FOR_ENFORCEMENT,-59.1240,148.3168,-60.9526,-59.1240,-1.8286,-0.36429802,-0.35336908,-1.8286,-59.1240,-0.35336908,-1.8286,-1.8286,-1.8286,-2.4381,-2.4381,-59.1240,-0.35336908,-10.3619,-9.6842,-50.5906,-51.2684,-0.30236736,-0.30641814,-0.01092894,18.5906,16.9893,-6.7725,-60.9526,-6.7725,167.3152,9.0000,,18.5906,14.4113,21.6169,21.6169,21.6169,21.6169,21.6169,21.6169,13.6907,1.0,1.0,0.86,9,9,1,1,0E-8,-0.36429802,,0E-8,0.000000,0.913867,0.000000,,2026-05-22,2026-05-22,1,9,9,1,1.000000,,,0.000000,,,,,,,,GLOBAL_BASELINE_NO_ENTITY_RANKING,,,NOT_APPLICABLE_GLOBAL_BASELINE,HF9g-P5,,,,X 全窗基线 · 不参与实体赏罚,3927738,393,A168_HF9F_20260827_0900,2026-08-27 09:00:00
2026-06-25,152046347,1507,0,10.3857258584,9.8664395655,9.8664395655,1.0000000,1,1,0.50665070000000000,0.506650700000,0.9867858985152569,0.9867858985152569,0.9867858985152569,0E-17,ELIGIBLE,R03b_20260811_FULL_v1,L1_ELIGIBILITY,v2026-08-11,2026-03-21..2026-08-06,baccarat_bet02_101_all_pairs_incl_sentinel,round_win = game_pnl > 0 (decisive only),COMPATIBILITY_ONLY_NOT_PRODUCTION,166.1716,143.3230,-61.5874,41,40,0.37062500,,0.37062500,0.37062500,61.5874,166.1716,OK,0.0000,-2.4635,4.0000,96.0000,AG03-UNRESOLVED,ALL5_LEVELS_bet23_to_bet27,-2.4635,-2.4635,-2.4635,-2.4635,-2.4635,4.000000,4.000000,4.000000,4.000000,4.000000,96.000000,96.000000,96.000000,96.000000,96.000000,5.0,-12.3175,-11.3707,-49.2699,-50.2166,PENDING_AG03,FALSE,NOT_FOR_ENFORCEMENT,-59.1239,137.5901,-61.5874,-59.1239,-2.4635,-0.37062500,-0.35580000,-2.4635,-59.1239,-0.35580000,-2.4635,-2.4635,-2.4635,-2.4635,-2.4635,-59.1239,-0.35580000,-12.3175,-11.3707,-49.2699,-50.2166,-0.29650000,-0.30219751,-0.01482500,4.0530,3.5831,-1.5397,-30.7937,-20.5291,83.0858,20.0000,,4.0530,2.0771,4.1543,6.2314,6.2314,8.3086,10.3857,2.0771,2.0771,2.0,2.5,0.97561,3,2,2,2,0E-8,-0.37062500,,0E-8,0.000000,0.862500,0.000000,,2026-06-25,2026-06-26,2,3,3,2,1.000000,,,0.000000,,,,,,,,GLOBAL_BASELINE_NO_ENTITY_RANKING,,,NOT_APPLICABLE_GLOBAL_BASELINE,HF9g-P5,,,,X 全窗基线 · 不参与实体赏罚,3927739,393,A168_HF9F_20260827_0900,2026-08-27 09:00:00
2026-06-26,152046347,-1,1,155.7858878765,51.7209147749,51.7209147749,0.6666667,40,39,0.49960437692307692,0.499604376923,2.004748104479975,2.0047481044808984,2.004748104479975,7.692E-14,SENTINEL_DEALER,R03b_20260811_FULL_v1,L1_ELIGIBILITY,v2026-08-11,2026-03-21..2026-08-06,baccarat_bet02_101_all_pairs_incl_sentinel,round_win = game_pnl > 0 (decisive only),COMPATIBILITY_ONLY_NOT_PRODUCTION,166.1716,143.3230,-61.5874,41,40,0.37062500,,0.37062500,0.37062500,61.5874,166.1716,OK,0.0000,-2.4635,4.0000,96.0000,AG03-UNRESOLVED,ALL5_LEVELS_bet23_to_bet27,-2.4635,-2.4635,-2.4635,-2.4635,-2.4635,4.000000,4.000000,4.000000,4.000000,4.000000,96.000000,96.000000,96.000000,96.000000,96.000000,5.0,-12.3175,-11.3707,-49.2699,-50.2166,PENDING_AG03,FALSE,NOT_FOR_ENFORCEMENT,-59.1239,137.5901,-61.5874,-59.1239,-2.4635,-0.37062500,-0.35580000,-2.4635,-59.1239,-0.35580000,-2.4635,-2.4635,-2.4635,-2.4635,-2.4635,-59.1239,-0.35580000,-12.3175,-11.3707,-49.2699,-50.2166,-0.29650000,-0.30219751,-0.01482500,4.0530,3.5831,-1.5397,-30.7937,-20.5291,83.0858,20.0000,,4.0530,2.0771,4.1543,6.2314,6.2314,8.3086,10.3857,2.0771,2.0771,2.0,2.5,0.97561,3,2,2,2,0E-8,-0.37062500,,0E-8,0.000000,0.862500,0.000000,,2026-06-25,2026-06-26,2,3,3,2,1.000000,,,0.000000,,,,,,,,GLOBAL_BASELINE_NO_ENTITY_RANKING,,,NOT_APPLICABLE_GLOBAL_BASELINE,HF9g-P5,,,,X 全窗基线 · 不参与实体赏罚,3927740,393,A168_HF9F_20260827_0900,2026-08-27 09:00:00
2026-04-06,145391847,1505,0,7.8527864304,-7.8527864304,-7.8527864304,0E-7,1,1,0.50665070000000000,0.506650700000,-1.013391052207602,-1.013391052207602,-1.013391052207602,0E-17,ELIGIBLE,R03b_20260811_FULL_v1,L1_ELIGIBILITY,v2026-08-11,2026-03-21..2026-08-06,baccarat_bet02_101_all_pairs_incl_sentinel,round_win = game_pnl > 0 (decisive only),COMPATIBILITY_ONLY_NOT_PRODUCTION,585.9239,585.9239,-61.5794,14,14,0.10509789,-0.05588571,0.63546915,0.10509789,61.5794,585.9239,THIN_EXPOSURE,0.0000,-2.4632,4.0000,96.0000,AG03-UNRESOLVED,ALL5_LEVELS_bet23_to_bet27,-2.4632,-2.4632,-3.0790,-3.0790,-3.0790,4.000000,4.000000,5.000000,5.000000,5.000000,96.000000,96.000000,95.000000,95.000000,95.000000,5.0,-14.1633,-12.922,-47.4161,-48.6574,PENDING_AG03,FALSE,NOT_FOR_ENFORCEMENT,-59.1162,562.4870,-61.5794,-59.1162,-2.4632,-0.10509789,-0.10089398,-2.4632,-59.1162,-0.10089398,-2.4632,-2.4632,-3.0790,-3.0790,-3.0790,-59.1162,-0.10089398,-14.1633,-12.922,-47.4161,-48.6574,-0.08092538,-0.08304381,-0.00420392,41.8517,41.8517,-4.3985,-15.3948,-10.2632,146.4810,3.5000,49.9433,27.2868,12.8426,51.3703,59.0758,78.9561,92.2611,96.0625,51.3703,10.3131,1.796,1.87,0.814706,1,4,5,2,0.76714765,-0.10509789,0.05588571,0E-8,0.000000,1.000000,0.214286,-0.69135487,2026-04-06,2026-08-01,4,6,4,118,0.033898,1.830315,1.193341,2.557159,,,,,,,,GLOBAL_BASELINE_NO_ENTITY_RANKING,,,NOT_APPLICABLE_GLOBAL_BASELINE,HF9g-P5,,,,X 全窗基线 · 不参与实体赏罚,3927741,393,A168_HF9F_20260827_0900,2026-08-27 09:00:00
2026-04-26,145391847,1505,0,17.0143705992,-17.0143705992,-17.0143705992,0E-7,1,1,0.50665070000000000,0.506650700000,-1.013391052207602,-1.013391052207602,-1.013391052207602,0E-17,ELIGIBLE,R03b_20260811_FULL_v1,L1_ELIGIBILITY,v2026-08-11,2026-03-21..2026-08-06,baccarat_bet02_101_all_pairs_incl_sentinel,round_win = game_pnl > 0 (decisive only),COMPATIBILITY_ONLY_NOT_PRODUCTION,585.9239,585.9239,-61.5794,14,14,0.10509789,-0.05588571,0.63546915,0.10509789,61.5794,585.9239,THIN_EXPOSURE,0.0000,-2.4632,4.0000,96.0000,AG03-UNRESOLVED,ALL5_LEVELS_bet23_to_bet27,-2.4632,-2.4632,-3.0790,-3.0790,-3.0790,4.000000,4.000000,5.000000,5.000000,5.000000,96.000000,96.000000,95.000000,95.000000,95.000000,5.0,-14.1633,-12.922,-47.4161,-48.6574,PENDING_AG03,FALSE,NOT_FOR_ENFORCEMENT,-59.1162,562.4870,-61.5794,-59.1162,-2.4632,-0.10509789,-0.10089398,-2.4632,-59.1162,-0.10089398,-2.4632,-2.4632,-3.0790,-3.0790,-3.0790,-59.1162,-0.10089398,-14.1633,-12.922,-47.4161,-48.6574,-0.08092538,-0.08304381,-0.00420392,41.8517,41.8517,-4.3985,-15.3948,-10.2632,146.4810,3.5000,49.9433,27.2868,12.8426,51.3703,59.0758,78.9561,92.2611,96.0625,51.3703,10.3131,1.796,1.87,0.814706,1,4,5,2,0.76714765,-0.10509789,0.05588571,0E-8,0.000000,1.000000,0.214286,-0.69135487,2026-04-06,2026-08-01,4,6,4,118,0.033898,1.830315,1.193341,2.557159,,,,,,,,GLOBAL_BASELINE_NO_ENTITY_RANKING,,,NOT_APPLICABLE_GLOBAL_BASELINE,HF9g-P5,,,,X 全窗基线 · 不参与实体赏罚,3927742,393,A168_HF9F_20260827_0900,2026-08-27 09:00:00
2026-05-13,145391847,1400,0,111.5666026672,111.5666026672,111.5666026672,1.0000000,3,3,0.49324550000000000,0.493245500000,1.755609282511032,1.7556092825110319,1.755609282511032,0E-17,ELIGIBLE,R03b_20260811_FULL_v1,L1_ELIGIBILITY,v2026-08-11,2026-03-21..2026-08-06,baccarat_bet02_101_all_pairs_incl_sentinel,round_win = game_pnl > 0 (decisive only),COMPATIBILITY_ONLY_NOT_PRODUCTION,585.9239,585.9239,-61.5794,14,14,0.10509789,-0.05588571,0.63546915,0.10509789,61.5794,585.9239,THIN_EXPOSURE,0.0000,-2.4632,4.0000,96.0000,AG03-UNRESOLVED,ALL5_LEVELS_bet23_to_bet27,-2.4632,-2.4632,-3.0790,-3.0790,-3.0790,4.000000,4.000000,5.000000,5.000000,5.000000,96.000000,96.000000,95.000000,95.000000,95.000000,5.0,-14.1633,-12.922,-47.4161,-48.6574,PENDING_AG03,FALSE,NOT_FOR_ENFORCEMENT,-59.1162,562.4870,-61.5794,-59.1162,-2.4632,-0.10509789,-0.10089398,-2.4632,-59.1162,-0.10089398,-2.4632,-2.4632,-3.0790,-3.0790,-3.0790,-59.1162,-0.10089398,-14.1633,-12.922,-47.4161,-48.6574,-0.08092538,-0.08304381,-0.00420392,41.8517,41.8517,-4.3985,-15.3948,-10.2632,146.4810,3.5000,49.9433,27.2868,12.8426,51.3703,59.0758,78.9561,92.2611,96.0625,51.3703,10.3131,1.796,1.87,0.814706,1,4,5,2,0.76714765,-0.10509789,0.05588571,0E-8,0.000000,1.000000,0.214286,-0.69135487,2026-04-06,2026-08-01,4,6,4,118,0.033898,1.830315,1.193341,2.557159,,,,,,,,GLOBAL_BASELINE_NO_ENTITY_RANKING,,,NOT_APPLICABLE_GLOBAL_BASELINE,HF9g-P5,,,,X 全窗基线 · 不参与实体赏罚,3927743,393,A168_HF9F_20260827_0900,2026-08-27 09:00:00
2026-08-01,145391847,1307,0,428.9420286131,-30.2571083656,-30.2571083656,0.5714286,7,7,0.50665070000000000,0.506650700000,0.34280260342128577,0.34280260342128577,0.34280260342128577,0E-17,ELIGIBLE,R03b_20260811_FULL_v1,L1_ELIGIBILITY,v2026-08-11,2026-03-21..2026-08-06,baccarat_bet02_101_all_pairs_incl_sentinel,round_win = game_pnl > 0 (decisive only),COMPATIBILITY_ONLY_NOT_PRODUCTION,585.9239,585.9239,-61.5794,14,14,0.10509789,-0.05588571,0.63546915,0.10509789,61.5794,585.9239,THIN_EXPOSURE,0.0000,-2.4632,4.0000,96.0000,AG03-UNRESOLVED,ALL5_LEVELS_bet23_to_bet27,-2.4632,-2.4632,-3.0790,-3.0790,-3.0790,4.000000,4.000000,5.000000,5.000000,5.000000,96.000000,96.000000,95.000000,95.000000,95.000000,5.0,-14.1633,-12.922,-47.4161,-48.6574,PENDING_AG03,FALSE,NOT_FOR_ENFORCEMENT,-59.1162,562.4870,-61.5794,-59.1162,-2.4632,-0.10509789,-0.10089398,-2.4632,-59.1162,-0.10089398,-2.4632,-2.4632,-3.0790,-3.0790,-3.0790,-59.1162,-0.10089398,-14.1633,-12.922,-47.4161,-48.6574,-0.08092538,-0.08304381,-0.00420392,41.8517,41.8517,-4.3985,-15.3948,-10.2632,146.4810,3.5000,49.9433,27.2868,12.8426,51.3703,59.0758,78.9561,92.2611,96.0625,51.3703,10.3131,1.796,1.87,0.814706,1,4,5,2,0.76714765,-0.10509789,0.05588571,0E-8,0.000000,1.000000,0.214286,-0.69135487,2026-04-06,2026-08-01,4,6,4,118,0.033898,1.830315,1.193341,2.557159,,,,,,,,GLOBAL_BASELINE_NO_ENTITY_RANKING,,,NOT_APPLICABLE_GLOBAL_BASELINE,HF9g-P5,,,,X 全窗基线 · 不参与实体赏罚,3927744,393,A168_HF9F_20260827_0900,2026-08-27 09:00:00
2026-08-01,145391847,2169,0,20.5481211312,5.1370302828,5.1370302828,0.5000000,2,2,0.49324550000000000,0.493245500000,0.01910635448239258,0.01910635448239258,0.01910635448239258,0E-17,ELIGIBLE,R03b_20260811_FULL_v1,L1_ELIGIBILITY,v2026-08-11,2026-03-21..2026-08-06,baccarat_bet02_101_all_pairs_incl_sentinel,round_win = game_pnl > 0 (decisive only),COMPATIBILITY_ONLY_NOT_PRODUCTION,585.9239,585.9239,-61.5794,14,14,0.10509789,-0.05588571,0.63546915,0.10509789,61.5794,585.9239,THIN_EXPOSURE,0.0000,-2.4632,4.0000,96.0000,AG03-UNRESOLVED,ALL5_LEVELS_bet23_to_bet27,-2.4632,-2.4632,-3.0790,-3.0790,-3.0790,4.000000,4.000000,5.000000,5.000000,5.000000,96.000000,96.000000,95.000000,95.000000,95.000000,5.0,-14.1633,-12.922,-47.4161,-48.6574,PENDING_AG03,FALSE,NOT_FOR_ENFORCEMENT,-59.1162,562.4870,-61.5794,-59.1162,-2.4632,-0.10509789,-0.10089398,-2.4632,-59.1162,-0.10089398,-2.4632,-2.4632,-3.0790,-3.0790,-3.0790,-59.1162,-0.10089398,-14.1633,-12.922,-47.4161,-48.6574,-0.08092538,-0.08304381,-0.00420392,41.8517,41.8517,-4.3985,-15.3948,-10.2632,146.4810,3.5000,49.9433,27.2868,12.8426,51.3703,59.0758,78.9561,92.2611,96.0625,51.3703,10.3131,1.796,1.87,0.814706,1,4,5,2,0.76714765,-0.10509789,0.05588571,0E-8,0.000000,1.000000,0.214286,-0.69135487,2026-04-06,2026-08-01,4,6,4,118,0.033898,1.830315,1.193341,2.557159,,,,,,,,GLOBAL_BASELINE_NO_ENTITY_RANKING,,,NOT_APPLICABLE_GLOBAL_BASELINE,HF9g-P5,,,,X 全窗基线 · 不参与实体赏罚,3927745,393,A168_HF9F_20260827_0900,2026-08-27 09:00:00
2026-04-02,148127891,-1,1,130.8797738398,23.5583592911,23.5583592911,0.5000000,3,3,0.50218230000000000,0.502182300000,-0.00617253530718887,-0.00617253530718887,-0.00617253530718887,0E-17,SENTINEL_DEALER,R03b_20260811_FULL_v1,L1_ELIGIBILITY,v2026-08-11,2026-03-21..2026-08-06,baccarat_bet02_101_all_pairs_incl_sentinel,round_win = game_pnl > 0 (decisive only),COMPATIBILITY_ONLY_NOT_PRODUCTION,481.6376,413.5801,-61.5789,26,26,0.12785326,,0.12785326,0.12785326,61.5789,481.6376,THIN_EXPOSURE,0.0000,-2.4632,4.0000,96.0000,AG03-UNRESOLVED,ALL5_LEVELS_bet23_to_bet27,-2.4632,-2.4632,-3.0789,-3.0789,-3.0789,4.000000,4.000000,5.000000,5.000000,5.000000,96.000000,96.000000,95.000000,95.000000,95.000000,5.0,-14.1632,-12.9219,-47.4158,-48.657,PENDING_AG03,FALSE,NOT_FOR_ENFORCEMENT,-59.1158,397.0369,-61.5789,-59.1158,-2.4632,-0.12785326,-0.12273913,-2.4632,-59.1158,-0.12273913,-2.4632,-2.4632,-3.0789,-3.0789,-3.0789,-59.1158,-0.12273913,-14.1632,-12.9219,-47.4158,-48.657,-0.09844701,-0.10102412,-0.00511413,18.5245,15.9069,-2.3684,-30.7895,-3.6223,240.8188,13.0000,,18.5245,3.9264,15.7056,26.176,51.3049,52.3519,52.3519,7.8528,0.0,3.333333,3.333333,1.179487,11,12,4,2,0E-8,-0.12785326,,0E-8,0.000000,0.858696,0.000000,,2026-04-02,2026-04-03,2,17,12,2,1.000000,,,0.000000,,,,,,,,GLOBAL_BASELINE_NO_ENTITY_RANKING,,,NOT_APPLICABLE_GLOBAL_BASELINE,HF9g-P5,,,,X 全窗基线 · 不参与实体赏罚,3927746,393,A168_HF9F_20260827_0900,2026-08-27 09:00:00
2026-04-02,148127891,1157,0,78.5278643039,23.5583592911,23.5583592911,0.5000000,2,2,0.49994810000000000,0.499948100000,0.00014679536856514622,0.00014679536856514622,0.00014679536856514622,0E-17,ELIGIBLE,R03b_20260811_FULL_v1,L1_ELIGIBILITY,v2026-08-11,2026-03-21..2026-08-06,baccarat_bet02_101_all_pairs_incl_sentinel,round_win = game_pnl > 0 (decisive only),COMPATIBILITY_ONLY_NOT_PRODUCTION,481.6376,413.5801,-61.5789,26,26,0.12785326,,0.12785326,0.12785326,61.5789,481.6376,THIN_EXPOSURE,0.0000,-2.4632,4.0000,96.0000,AG03-UNRESOLVED,ALL5_LEVELS_bet23_to_bet27,-2.4632,-2.4632,-3.0789,-3.0789,-3.0789,4.000000,4.000000,5.000000,5.000000,5.000000,96.000000,96.000000,95.000000,95.000000,95.000000,5.0,-14.1632,-12.9219,-47.4158,-48.657,PENDING_AG03,FALSE,NOT_FOR_ENFORCEMENT,-59.1158,397.0369,-61.5789,-59.1158,-2.4632,-0.12785326,-0.12273913,-2.4632,-59.1158,-0.12273913,-2.4632,-2.4632,-3.0789,-3.0789,-3.0789,-59.1158,-0.12273913,-14.1632,-12.9219,-47.4158,-48.657,-0.09844701,-0.10102412,-0.00511413,18.5245,15.9069,-2.3684,-30.7895,-3.6223,240.8188,13.0000,,18.5245,3.9264,15.7056,26.176,51.3049,52.3519,52.3519,7.8528,0.0,3.333333,3.333333,1.179487,11,12,4,2,0E-8,-0.12785326,,0E-8,0.000000,0.858696,0.000000,,2026-04-02,2026-04-03,2,17,12,2,1.000000,,,0.000000,,,,,,,,GLOBAL_BASELINE_NO_ENTITY_RANKING,,,NOT_APPLICABLE_GLOBAL_BASELINE,HF9g-P5,,,,X 全窗基线 · 不参与实体赏罚,3927747,393,A168_HF9F_20260827_0900,2026-08-27 09:00:00
2026-04-03,148127891,-1,1,151.8205376542,-15.3783734262,-15.3783734262,0.4285714,8,8,0.49827245000000000,0.498272450000,-0.36882533912701604,-0.36882533912701604,-0.36882533912701604,0E-17,SENTINEL_DEALER,R03b_20260811_FULL_v1,L1_ELIGIBILITY,v2026-08-11,2026-03-21..2026-08-06,baccarat_bet02_101_all_pairs_incl_sentinel,round_win = game_pnl > 0 (decisive only),COMPATIBILITY_ONLY_NOT_PRODUCTION,481.6376,413.5801,-61.5789,26,26,0.12785326,,0.12785326,0.12785326,61.5789,481.6376,THIN_EXPOSURE,0.0000,-2.4632,4.0000,96.0000,AG03-UNRESOLVED,ALL5_LEVELS_bet23_to_bet27,-2.4632,-2.4632,-3.0789,-3.0789,-3.0789,4.000000,4.000000,5.000000,5.000000,5.000000,96.000000,96.000000,95.000000,95.000000,95.000000,5.0,-14.1632,-12.9219,-47.4158,-48.657,PENDING_AG03,FALSE,NOT_FOR_ENFORCEMENT,-59.1158,397.0369,-61.5789,-59.1158,-2.4632,-0.12785326,-0.12273913,-2.4632,-59.1158,-0.12273913,-2.4632,-2.4632,-3.0789,-3.0789,-3.0789,-59.1158,-0.12273913,-14.1632,-12.9219,-47.4158,-48.657,-0.09844701,-0.10102412,-0.00511413,18.5245,15.9069,-2.3684,-30.7895,-3.6223,240.8188,13.0000,,18.5245,3.9264,15.7056,26.176,51.3049,52.3519,52.3519,7.8528,0.0,3.333333,3.333333,1.179487,11,12,4,2,0E-8,-0.12785326,,0E-8,0.000000,0.858696,0.000000,,2026-04-02,2026-04-03,2,17,12,2,1.000000,,,0.000000,,,,,,,,GLOBAL_BASELINE_NO_ENTITY_RANKING,,,NOT_APPLICABLE_GLOBAL_BASELINE,HF9g-P5,,,,X 全窗基线 · 不参与实体赏罚,3927748,393,A168_HF9F_20260827_0900,2026-08-27 09:00:00
2026-04-03,148127891,1318,0,15.7055728608,15.7055728608,15.7055728608,1.0000000,1,1,0.49324550000000000,0.493245500000,1.01360149184955,1.01360149184955,1.01360149184955,0E-17,ELIGIBLE,R03b_20260811_FULL_v1,L1_ELIGIBILITY,v2026-08-11,2026-03-21..2026-08-06,baccarat_bet02_101_all_pairs_incl_sentinel,round_win = game_pnl > 0 (decisive only),COMPATIBILITY_ONLY_NOT_PRODUCTION,481.6376,413.5801,-61.5789,26,26,0.12785326,,0.12785326,0.12785326,61.5789,481.6376,THIN_EXPOSURE,0.0000,-2.4632,4.0000,96.0000,AG03-UNRESOLVED,ALL5_LEVELS_bet23_to_bet27,-2.4632,-2.4632,-3.0789,-3.0789,-3.0789,4.000000,4.000000,5.000000,5.000000,5.000000,96.000000,96.000000,95.000000,95.000000,95.000000,5.0,-14.1632,-12.9219,-47.4158,-48.657,PENDING_AG03,FALSE,NOT_FOR_ENFORCEMENT,-59.1158,397.0369,-61.5789,-59.1158,-2.4632,-0.12785326,-0.12273913,-2.4632,-59.1158,-0.12273913,-2.4632,-2.4632,-3.0789,-3.0789,-3.0789,-59.1158,-0.12273913,-14.1632,-12.9219,-47.4158,-48.657,-0.09844701,-0.10102412,-0.00511413,18.5245,15.9069,-2.3684,-30.7895,-3.6223,240.8188,13.0000,,18.5245,3.9264,15.7056,26.176,51.3049,52.3519,52.3519,7.8528,0.0,3.333333,3.333333,1.179487,11,12,4,2,0E-8,-0.12785326,,0E-8,0.000000,0.858696,0.000000,,2026-04-02,2026-04-03,2,17,12,2,1.000000,,,0.000000,,,,,,,,GLOBAL_BASELINE_NO_ENTITY_RANKING,,,NOT_APPLICABLE_GLOBAL_BASELINE,HF9g-P5,,,,X 全窗基线 · 不参与实体赏罚,3927749,393,A168_HF9F_20260827_0900,2026-08-27 09:00:00
2026-04-03,148127891,1323,0,3.9263932152,3.7300735544,3.7300735544,1.0000000,1,1,0.50665070000000000,0.506650700000,0.9867858985152569,0.9867858985152569,0.9867858985152569,0E-17,ELIGIBLE,R03b_20260811_FULL_v1,L1_ELIGIBILITY,v2026-08-11,2026-03-21..2026-08-06,baccarat_bet02_101_all_pairs_incl_sentinel,round_win = game_pnl > 0 (decisive only),COMPATIBILITY_ONLY_NOT_PRODUCTION,481.6376,413.5801,-61.5789,26,26,0.12785326,,0.12785326,0.12785326,61.5789,481.6376,THIN_EXPOSURE,0.0000,-2.4632,4.0000,96.0000,AG03-UNRESOLVED,ALL5_LEVELS_bet23_to_bet27,-2.4632,-2.4632,-3.0789,-3.0789,-3.0789,4.000000,4.000000,5.000000,5.000000,5.000000,96.000000,96.000000,95.000000,95.000000,95.000000,5.0,-14.1632,-12.9219,-47.4158,-48.657,PENDING_AG03,FALSE,NOT_FOR_ENFORCEMENT,-59.1158,397.0369,-61.5789,-59.1158,-2.4632,-0.12785326,-0.12273913,-2.4632,-59.1158,-0.12273913,-2.4632,-2.4632,-3.0789,-3.0789,-3.0789,-59.1158,-0.12273913,-14.1632,-12.9219,-47.4158,-48.657,-0.09844701,-0.10102412,-0.00511413,18.5245,15.9069,-2.3684,-30.7895,-3.6223,240.8188,13.0000,,18.5245,3.9264,15.7056,26.176,51.3049,52.3519,52.3519,7.8528,0.0,3.333333,3.333333,1.179487,11,12,4,2,0E-8,-0.12785326,,0E-8,0.000000,0.858696,0.000000,,2026-04-02,2026-04-03,2,17,12,2,1.000000,,,0.000000,,,,,,,,GLOBAL_BASELINE_NO_ENTITY_RANKING,,,NOT_APPLICABLE_GLOBAL_BASELINE,HF9g-P5,,,,X 全窗基线 · 不参与实体赏罚,3927750,393,A168_HF9F_20260827_0900,2026-08-27 09:00:00
2026-04-03,148127891,1353,0,24.8671570296,17.0143705992,17.0143705992,0.5000000,2,2,0.49324550000000000,0.493245500000,0.01910635448239258,0.01910635448239258,0.01910635448239258,0E-17,ELIGIBLE,R03b_20260811_FULL_v1,L1_ELIGIBILITY,v2026-08-11,2026-03-21..2026-08-06,baccarat_bet02_101_all_pairs_incl_sentinel,round_win = game_pnl > 0 (decisive only),COMPATIBILITY_ONLY_NOT_PRODUCTION,481.6376,413.5801,-61.5789,26,26,0.12785326,,0.12785326,0.12785326,61.5789,481.6376,THIN_EXPOSURE,0.0000,-2.4632,4.0000,96.0000,AG03-UNRESOLVED,ALL5_LEVELS_bet23_to_bet27,-2.4632,-2.4632,-3.0789,-3.0789,-3.0789,4.000000,4.000000,5.000000,5.000000,5.000000,96.000000,96.000000,95.000000,95.000000,95.000000,5.0,-14.1632,-12.9219,-47.4158,-48.657,PENDING_AG03,FALSE,NOT_FOR_ENFORCEMENT,-59.1158,397.0369,-61.5789,-59.1158,-2.4632,-0.12785326,-0.12273913,-2.4632,-59.1158,-0.12273913,-2.4632,-2.4632,-3.0789,-3.0789,-3.0789,-59.1158,-0.12273913,-14.1632,-12.9219,-47.4158,-48.657,-0.09844701,-0.10102412,-0.00511413,18.5245,15.9069,-2.3684,-30.7895,-3.6223,240.8188,13.0000,,18.5245,3.9264,15.7056,26.176,51.3049,52.3519,52.3519,7.8528,0.0,3.333333,3.333333,1.179487,11,12,4,2,0E-8,-0.12785326,,0E-8,0.000000,0.858696,0.000000,,2026-04-02,2026-04-03,2,17,12,2,1.000000,,,0.000000,,,,,,,,GLOBAL_BASELINE_NO_ENTITY_RANKING,,,NOT_APPLICABLE_GLOBAL_BASELINE,HF9g-P5,,,,X 全窗基线 · 不参与实体赏罚,3927751,393,A168_HF9F_20260827_0900,2026-08-27 09:00:00
2026-04-03,148127891,1645,0,11.7791796456,-11.7791796456,-11.7791796456,0E-7,2,2,0.49994810000000000,0.499948100000,-1.4140667746232096,-1.4140667746232096,-1.4140667746232096,0E-17,ELIGIBLE,R03b_20260811_FULL_v1,L1_ELIGIBILITY,v2026-08-11,2026-03-21..2026-08-06,baccarat_bet02_101_all_pairs_incl_sentinel,round_win = game_pnl > 0 (decisive only),COMPATIBILITY_ONLY_NOT_PRODUCTION,481.6376,413.5801,-61.5789,26,26,0.12785326,,0.12785326,0.12785326,61.5789,481.6376,THIN_EXPOSURE,0.0000,-2.4632,4.0000,96.0000,AG03-UNRESOLVED,ALL5_LEVELS_bet23_to_bet27,-2.4632,-2.4632,-3.0789,-3.0789,-3.0789,4.000000,4.000000,5.000000,5.000000,5.000000,96.000000,96.000000,95.000000,95.000000,95.000000,5.0,-14.1632,-12.9219,-47.4158,-48.657,PENDING_AG03,FALSE,NOT_FOR_ENFORCEMENT,-59.1158,397.0369,-61.5789,-59.1158,-2.4632,-0.12785326,-0.12273913,-2.4632,-59.1158,-0.12273913,-2.4632,-2.4632,-3.0789,-3.0789,-3.0789,-59.1158,-0.12273913,-14.1632,-12.9219,-47.4158,-48.657,-0.09844701,-0.10102412,-0.00511413,18.5245,15.9069,-2.3684,-30.7895,-3.6223,240.8188,13.0000,,18.5245,3.9264,15.7056,26.176,51.3049,52.3519,52.3519,7.8528,0.0,3.333333,3.333333,1.179487,11,12,4,2,0E-8,-0.12785326,,0E-8,0.000000,0.858696,0.000000,,2026-04-02,2026-04-03,2,17,12,2,1.000000,,,0.000000,,,,,,,,GLOBAL_BASELINE_NO_ENTITY_RANKING,,,NOT_APPLICABLE_GLOBAL_BASELINE,HF9g-P5,,,,X 全窗基线 · 不参与实体赏罚,3927752,393,A168_HF9F_20260827_0900,2026-08-27 09:00:00
2026-04-03,148127891,1646,0,20.9407638144,-20.9407638144,-20.9407638144,0E-7,1,1,0.49324550000000000,0.493245500000,-0.9865810262130424,-0.9865810262130424,-0.9865810262130424,0E-17,ELIGIBLE,R03b_20260811_FULL_v1,L1_ELIGIBILITY,v2026-08-11,2026-03-21..2026-08-06,baccarat_bet02_101_all_pairs_incl_sentinel,round_win = game_pnl > 0 (decisive only),COMPATIBILITY_ONLY_NOT_PRODUCTION,481.6376,413.5801,-61.5789,26,26,0.12785326,,0.12785326,0.12785326,61.5789,481.6376,THIN_EXPOSURE,0.0000,-2.4632,4.0000,96.0000,AG03-UNRESOLVED,ALL5_LEVELS_bet23_to_bet27,-2.4632,-2.4632,-3.0789,-3.0789,-3.0789,4.000000,4.000000,5.000000,5.000000,5.000000,96.000000,96.000000,95.000000,95.000000,95.000000,5.0,-14.1632,-12.9219,-47.4158,-48.657,PENDING_AG03,FALSE,NOT_FOR_ENFORCEMENT,-59.1158,397.0369,-61.5789,-59.1158,-2.4632,-0.12785326,-0.12273913,-2.4632,-59.1158,-0.12273913,-2.4632,-2.4632,-3.0789,-3.0789,-3.0789,-59.1158,-0.12273913,-14.1632,-12.9219,-47.4158,-48.657,-0.09844701,-0.10102412,-0.00511413,18.5245,15.9069,-2.3684,-30.7895,-3.6223,240.8188,13.0000,,18.5245,3.9264,15.7056,26.176,51.3049,52.3519,52.3519,7.8528,0.0,3.333333,3.333333,1.179487,11,12,4,2,0E-8,-0.12785326,,0E-8,0.000000,0.858696,0.000000,,2026-04-02,2026-04-03,2,17,12,2,1.000000,,,0.000000,,,,,,,,GLOBAL_BASELINE_NO_ENTITY_RANKING,,,NOT_APPLICABLE_GLOBAL_BASELINE,HF9g-P5,,,,X 全窗基线 · 不参与实体赏罚,3927753,393,A168_HF9F_20260827_0900,2026-08-27 09:00:00
2026-04-03,148127891,1714,0,3.9263932152,-3.9263932152,-3.9263932152,0E-7,1,1,0.50665070000000000,0.506650700000,-1.013391052207602,-1.013391052207602,-1.013391052207602,0E-17,ELIGIBLE,R03b_20260811_FULL_v1,L1_ELIGIBILITY,v2026-08-11,2026-03-21..2026-08-06,baccarat_bet02_101_all_pairs_incl_sentinel,round_win = game_pnl > 0 (decisive only),COMPATIBILITY_ONLY_NOT_PRODUCTION,481.6376,413.5801,-61.5789,26,26,0.12785326,,0.12785326,0.12785326,61.5789,481.6376,THIN_EXPOSURE,0.0000,-2.4632,4.0000,96.0000,AG03-UNRESOLVED,ALL5_LEVELS_bet23_to_bet27,-2.4632,-2.4632,-3.0789,-3.0789,-3.0789,4.000000,4.000000,5.000000,5.000000,5.000000,96.000000,96.000000,95.000000,95.000000,95.000000,5.0,-14.1632,-12.9219,-47.4158,-48.657,PENDING_AG03,FALSE,NOT_FOR_ENFORCEMENT,-59.1158,397.0369,-61.5789,-59.1158,-2.4632,-0.12785326,-0.12273913,-2.4632,-59.1158,-0.12273913,-2.4632,-2.4632,-3.0789,-3.0789,-3.0789,-59.1158,-0.12273913,-14.1632,-12.9219,-47.4158,-48.657,-0.09844701,-0.10102412,-0.00511413,18.5245,15.9069,-2.3684,-30.7895,-3.6223,240.8188,13.0000,,18.5245,3.9264,15.7056,26.176,51.3049,52.3519,52.3519,7.8528,0.0,3.333333,3.333333,1.179487,11,12,4,2,0E-8,-0.12785326,,0E-8,0.000000,0.858696,0.000000,,2026-04-02,2026-04-03,2,17,12,2,1.000000,,,0.000000,,,,,,,,GLOBAL_BASELINE_NO_ENTITY_RANKING,,,NOT_APPLICABLE_GLOBAL_BASELINE,HF9g-P5,,,,X 全窗基线 · 不参与实体赏罚,3927754,393,A168_HF9F_20260827_0900,2026-08-27 09:00:00
2026-04-03,148127891,1990,0,15.7055728608,14.9202942177,14.9202942177,1.0000000,1,1,0.50665070000000000,0.506650700000,0.9867858985152569,0.9867858985152569,0.9867858985152569,0E-17,ELIGIBLE,R03b_20260811_FULL_v1,L1_ELIGIBILITY,v2026-08-11,2026-03-21..2026-08-06,baccarat_bet02_101_all_pairs_incl_sentinel,round_win = game_pnl > 0 (decisive only),COMPATIBILITY_ONLY_NOT_PRODUCTION,481.6376,413.5801,-61.5789,26,26,0.12785326,,0.12785326,0.12785326,61.5789,481.6376,THIN_EXPOSURE,0.0000,-2.4632,4.0000,96.0000,AG03-UNRESOLVED,ALL5_LEVELS_bet23_to_bet27,-2.4632,-2.4632,-3.0789,-3.0789,-3.0789,4.000000,4.000000,5.000000,5.000000,5.000000,96.000000,96.000000,95.000000,95.000000,95.000000,5.0,-14.1632,-12.9219,-47.4158,-48.657,PENDING_AG03,FALSE,NOT_FOR_ENFORCEMENT,-59.1158,397.0369,-61.5789,-59.1158,-2.4632,-0.12785326,-0.12273913,-2.4632,-59.1158,-0.12273913,-2.4632,-2.4632,-3.0789,-3.0789,-3.0789,-59.1158,-0.12273913,-14.1632,-12.9219,-47.4158,-48.657,-0.09844701,-0.10102412,-0.00511413,18.5245,15.9069,-2.3684,-30.7895,-3.6223,240.8188,13.0000,,18.5245,3.9264,15.7056,26.176,51.3049,52.3519,52.3519,7.8528,0.0,3.333333,3.333333,1.179487,11,12,4,2,0E-8,-0.12785326,,0E-8,0.000000,0.858696,0.000000,,2026-04-02,2026-04-03,2,17,12,2,1.000000,,,0.000000,,,,,,,,GLOBAL_BASELINE_NO_ENTITY_RANKING,,,NOT_APPLICABLE_GLOBAL_BASELINE,HF9g-P5,,,,X 全窗基线 · 不参与实体赏罚,3927755,393,A168_HF9F_20260827_0900,2026-08-27 09:00:00
2026-04-03,148127891,2127,0,3.9263932152,3.7300735544,3.7300735544,1.0000000,1,1,0.50665070000000000,0.506650700000,0.9867858985152569,0.9867858985152569,0.9867858985152569,0E-17,ELIGIBLE,R03b_20260811_FULL_v1,L1_ELIGIBILITY,v2026-08-11,2026-03-21..2026-08-06,baccarat_bet02_101_all_pairs_incl_sentinel,round_win = game_pnl > 0 (decisive only),COMPATIBILITY_ONLY_NOT_PRODUCTION,481.6376,413.5801,-61.5789,26,26,0.12785326,,0.12785326,0.12785326,61.5789,481.6376,THIN_EXPOSURE,0.0000,-2.4632,4.0000,96.0000,AG03-UNRESOLVED,ALL5_LEVELS_bet23_to_bet27,-2.4632,-2.4632,-3.0789,-3.0789,-3.0789,4.000000,4.000000,5.000000,5.000000,5.000000,96.000000,96.000000,95.000000,95.000000,95.000000,5.0,-14.1632,-12.9219,-47.4158,-48.657,PENDING_AG03,FALSE,NOT_FOR_ENFORCEMENT,-59.1158,397.0369,-61.5789,-59.1158,-2.4632,-0.12785326,-0.12273913,-2.4632,-59.1158,-0.12273913,-2.4632,-2.4632,-3.0789,-3.0789,-3.0789,-59.1158,-0.12273913,-14.1632,-12.9219,-47.4158,-48.657,-0.09844701,-0.10102412,-0.00511413,18.5245,15.9069,-2.3684,-30.7895,-3.6223,240.8188,13.0000,,18.5245,3.9264,15.7056,26.176,51.3049,52.3519,52.3519,7.8528,0.0,3.333333,3.333333,1.179487,11,12,4,2,0E-8,-0.12785326,,0E-8,0.000000,0.858696,0.000000,,2026-04-02,2026-04-03,2,17,12,2,1.000000,,,0.000000,,,,,,,,GLOBAL_BASELINE_NO_ENTITY_RANKING,,,NOT_APPLICABLE_GLOBAL_BASELINE,HF9g-P5,,,,X 全窗基线 · 不参与实体赏罚,3927756,393,A168_HF9F_20260827_0900,2026-08-27 09:00:00
2026-04-03,148127891,2130,0,7.8527864304,7.8527864304,7.8527864304,1.0000000,1,1,0.49324550000000000,0.493245500000,1.01360149184955,1.01360149184955,1.01360149184955,0E-17,ELIGIBLE,R03b_20260811_FULL_v1,L1_ELIGIBILITY,v2026-08-11,2026-03-21..2026-08-06,baccarat_bet02_101_all_pairs_incl_sentinel,round_win = game_pnl > 0 (decisive only),COMPATIBILITY_ONLY_NOT_PRODUCTION,481.6376,413.5801,-61.5789,26,26,0.12785326,,0.12785326,0.12785326,61.5789,481.6376,THIN_EXPOSURE,0.0000,-2.4632,4.0000,96.0000,AG03-UNRESOLVED,ALL5_LEVELS_bet23_to_bet27,-2.4632,-2.4632,-3.0789,-3.0789,-3.0789,4.000000,4.000000,5.000000,5.000000,5.000000,96.000000,96.000000,95.000000,95.000000,95.000000,5.0,-14.1632,-12.9219,-47.4158,-48.657,PENDING_AG03,FALSE,NOT_FOR_ENFORCEMENT,-59.1158,397.0369,-61.5789,-59.1158,-2.4632,-0.12785326,-0.12273913,-2.4632,-59.1158,-0.12273913,-2.4632,-2.4632,-3.0789,-3.0789,-3.0789,-59.1158,-0.12273913,-14.1632,-12.9219,-47.4158,-48.657,-0.09844701,-0.10102412,-0.00511413,18.5245,15.9069,-2.3684,-30.7895,-3.6223,240.8188,13.0000,,18.5245,3.9264,15.7056,26.176,51.3049,52.3519,52.3519,7.8528,0.0,3.333333,3.333333,1.179487,11,12,4,2,0E-8,-0.12785326,,0E-8,0.000000,0.858696,0.000000,,2026-04-02,2026-04-03,2,17,12,2,1.000000,,,0.000000,,,,,,,,GLOBAL_BASELINE_NO_ENTITY_RANKING,,,NOT_APPLICABLE_GLOBAL_BASELINE,HF9g-P5,,,,X 全窗基线 · 不参与实体赏罚,3927757,393,A168_HF9F_20260827_0900,2026-08-27 09:00:00
2026-04-03,148127891,2171,0,11.7791796456,3.5337538937,3.5337538937,0.5000000,2,2,0.49994810000000000,0.499948100000,0.00014679536856514622,0.00014679536856514622,0.00014679536856514622,0E-17,ELIGIBLE,R03b_20260811_FULL_v1,L1_ELIGIBILITY,v2026-08-11,2026-03-21..2026-08-06,baccarat_bet02_101_all_pairs_incl_sentinel,round_win = game_pnl > 0 (decisive only),COMPATIBILITY_ONLY_NOT_PRODUCTION,481.6376,413.5801,-61.5789,26,26,0.12785326,,0.12785326,0.12785326,61.5789,481.6376,THIN_EXPOSURE,0.0000,-2.4632,4.0000,96.0000,AG03-UNRESOLVED,ALL5_LEVELS_bet23_to_bet27,-2.4632,-2.4632,-3.0789,-3.0789,-3.0789,4.000000,4.000000,5.000000,5.000000,5.000000,96.000000,96.000000,95.000000,95.000000,95.000000,5.0,-14.1632,-12.9219,-47.4158,-48.657,PENDING_AG03,FALSE,NOT_FOR_ENFORCEMENT,-59.1158,397.0369,-61.5789,-59.1158,-2.4632,-0.12785326,-0.12273913,-2.4632,-59.1158,-0.12273913,-2.4632,-2.4632,-3.0789,-3.0789,-3.0789,-59.1158,-0.12273913,-14.1632,-12.9219,-47.4158,-48.657,-0.09844701,-0.10102412,-0.00511413,18.5245,15.9069,-2.3684,-30.7895,-3.6223,240.8188,13.0000,,18.5245,3.9264,15.7056,26.176,51.3049,52.3519,52.3519,7.8528,0.0,3.333333,3.333333,1.179487,11,12,4,2,0E-8,-0.12785326,,0E-8,0.000000,0.858696,0.000000,,2026-04-02,2026-04-03,2,17,12,2,1.000000,,,0.000000,,,,,,,,GLOBAL_BASELINE_NO_ENTITY_RANKING,,,NOT_APPLICABLE_GLOBAL_BASELINE,HF9g-P5,,,,X 全窗基线 · 不参与实体赏罚,3927758,393,A168_HF9F_20260827_0900,2026-08-27 09:00:00
2026-03-23,145948342,2169,0,12.9025462780,-12.9025462780,-12.9025462780,0E-7,1,1,0.50665070000000000,0.506650700000,-1.013391052207602,-1.013391052207602,-1.013391052207602,0E-17,ELIGIBLE,R03b_20260811_FULL_v1,L1_ELIGIBILITY,v2026-08-11,2026-03-21..2026-08-06,baccarat_bet02_101_all_pairs_incl_sentinel,round_win = game_pnl > 0 (decisive only),COMPATIBILITY_ONLY_NOT_PRODUCTION,1087.4385,947.5216,-61.5763,94,94,0.05662511,,0.05662511,0.05662511,61.5763,1087.4385,OK,0.0000,-2.4631,4.0000,96.0000,AG03-UNRESOLVED,ALL5_LEVELS_bet23_to_bet27,-2.4631,-2.4631,-3.0788,-3.0788,-3.0788,4.000000,4.000000,5.000000,5.000000,5.000000,96.000000,96.000000,95.000000,95.000000,95.000000,5.0,-14.1626,-12.9214,-47.4138,-48.6549,PENDING_AG03,FALSE,NOT_FOR_ENFORCEMENT,-59.1133,909.6207,-61.5763,-59.1133,-2.4631,-0.05662511,-0.05436010,-2.4631,-59.1133,-0.05436010,-2.4631,-2.4631,-3.0788,-3.0788,-3.0788,-59.1133,-0.05436010,-14.1626,-12.9214,-47.4138,-48.6549,-0.04360133,-0.04474271,-0.00226500,11.5685,10.0800,-0.6551,-3.0788,-2.4631,54.3719,4.7000,,11.5685,8.1145,10.5327,13.6115,16.2408,20.3528,37.8018,10.4704,0.0,1.932343,3.589001,1.098342,7,21,22,2,0E-8,-0.05662511,,0E-8,0.000000,0.871333,0.000000,,2026-03-23,2026-06-29,20,25,25,99,0.202020,,,0.000000,,,,,,,,GLOBAL_BASELINE_NO_ENTITY_RANKING,,,NOT_APPLICABLE_GLOBAL_BASELINE,HF9g-P5,,,,X 全窗基线 · 不参与实体赏罚,3927759,393,A168_HF9F_20260827_0900,2026-08-27 09:00:00
2026-03-23,145948342,2174,0,12.6392290070,12.0072675566,12.0072675566,1.0000000,2,2,0.50665070000000000,0.506650700000,1.3955260008387969,1.3955260008387969,1.3955260008387969,0E-17,ELIGIBLE,R03b_20260811_FULL_v1,L1_ELIGIBILITY,v2026-08-11,2026-03-21..2026-08-06,baccarat_bet02_101_all_pairs_incl_sentinel,round_win = game_pnl > 0 (decisive only),COMPATIBILITY_ONLY_NOT_PRODUCTION,1087.4385,947.5216,-61.5763,94,94,0.05662511,,0.05662511,0.05662511,61.5763,1087.4385,OK,0.0000,-2.4631,4.0000,96.0000,AG03-UNRESOLVED,ALL5_LEVELS_bet23_to_bet27,-2.4631,-2.4631,-3.0788,-3.0788,-3.0788,4.000000,4.000000,5.000000,5.000000,5.000000,96.000000,96.000000,95.000000,95.000000,95.000000,5.0,-14.1626,-12.9214,-47.4138,-48.6549,PENDING_AG03,FALSE,NOT_FOR_ENFORCEMENT,-59.1133,909.6207,-61.5763,-59.1133,-2.4631,-0.05662511,-0.05436010,-2.4631,-59.1133,-0.05436010,-2.4631,-2.4631,-3.0788,-3.0788,-3.0788,-59.1133,-0.05436010,-14.1626,-12.9214,-47.4138,-48.6549,-0.04360133,-0.04474271,-0.00226500,11.5685,10.0800,-0.6551,-3.0788,-2.4631,54.3719,4.7000,,11.5685,8.1145,10.5327,13.6115,16.2408,20.3528,37.8018,10.4704,0.0,1.932343,3.589001,1.098342,7,21,22,2,0E-8,-0.05662511,,0E-8,0.000000,0.871333,0.000000,,2026-03-23,2026-06-29,20,25,25,99,0.202020,,,0.000000,,,,,,,,GLOBAL_BASELINE_NO_ENTITY_RANKING,,,NOT_APPLICABLE_GLOBAL_BASELINE,HF9g-P5,,,,X 全窗基线 · 不参与实体赏罚,3927760,393,A168_HF9F_20260827_0900,2026-08-27 09:00:00
2026-03-23,145948342,970,0,14.4824499039,1.3165863549,1.3165863549,0.5000000,2,2,0.49994810000000000,0.499948100000,0.00014679536856514622,0.00014679536856514622,0.00014679536856514622,0E-17,ELIGIBLE,R03b_20260811_FULL_v1,L1_ELIGIBILITY,v2026-08-11,2026-03-21..2026-08-06,baccarat_bet02_101_all_pairs_incl_sentinel,round_win = game_pnl > 0 (decisive only),COMPATIBILITY_ONLY_NOT_PRODUCTION,1087.4385,947.5216,-61.5763,94,94,0.05662511,,0.05662511,0.05662511,61.5763,1087.4385,OK,0.0000,-2.4631,4.0000,96.0000,AG03-UNRESOLVED,ALL5_LEVELS_bet23_to_bet27,-2.4631,-2.4631,-3.0788,-3.0788,-3.0788,4.000000,4.000000,5.000000,5.000000,5.000000,96.000000,96.000000,95.000000,95.000000,95.000000,5.0,-14.1626,-12.9214,-47.4138,-48.6549,PENDING_AG03,FALSE,NOT_FOR_ENFORCEMENT,-59.1133,909.6207,-61.5763,-59.1133,-2.4631,-0.05662511,-0.05436010,-2.4631,-59.1133,-0.05436010,-2.4631,-2.4631,-3.0788,-3.0788,-3.0788,-59.1133,-0.05436010,-14.1626,-12.9214,-47.4138,-48.6549,-0.04360133,-0.04474271,-0.00226500,11.5685,10.0800,-0.6551,-3.0788,-2.4631,54.3719,4.7000,,11.5685,8.1145,10.5327,13.6115,16.2408,20.3528,37.8018,10.4704,0.0,1.932343,3.589001,1.098342,7,21,22,2,0E-8,-0.05662511,,0E-8,0.000000,0.871333,0.000000,,2026-03-23,2026-06-29,20,25,25,99,0.202020,,,0.000000,,,,,,,,GLOBAL_BASELINE_NO_ENTITY_RANKING,,,NOT_APPLICABLE_GLOBAL_BASELINE,HF9g-P5,,,,X 全窗基线 · 不参与实体赏罚,3927761,393,A168_HF9F_20260827_0900,2026-08-27 09:00:00
2026-03-26,145948342,2196,0,28.4382652659,-28.4382652659,-28.4382652659,0E-7,3,3,0.50665070000000000,0.506650700000,-1.7552447903592512,-1.7552447903592512,-1.7552447903592512,0E-17,ELIGIBLE,R03b_20260811_FULL_v1,L1_ELIGIBILITY,v2026-08-11,2026-03-21..2026-08-06,baccarat_bet02_101_all_pairs_incl_sentinel,round_win = game_pnl > 0 (decisive only),COMPATIBILITY_ONLY_NOT_PRODUCTION,1087.4385,947.5216,-61.5763,94,94,0.05662511,,0.05662511,0.05662511,61.5763,1087.4385,OK,0.0000,-2.4631,4.0000,96.0000,AG03-UNRESOLVED,ALL5_LEVELS_bet23_to_bet27,-2.4631,-2.4631,-3.0788,-3.0788,-3.0788,4.000000,4.000000,5.000000,5.000000,5.000000,96.000000,96.000000,95.000000,95.000000,95.000000,5.0,-14.1626,-12.9214,-47.4138,-48.6549,PENDING_AG03,FALSE,NOT_FOR_ENFORCEMENT,-59.1133,909.6207,-61.5763,-59.1133,-2.4631,-0.05662511,-0.05436010,-2.4631,-59.1133,-0.05436010,-2.4631,-2.4631,-3.0788,-3.0788,-3.0788,-59.1133,-0.05436010,-14.1626,-12.9214,-47.4138,-48.6549,-0.04360133,-0.04474271,-0.00226500,11.5685,10.0800,-0.6551,-3.0788,-2.4631,54.3719,4.7000,,11.5685,8.1145,10.5327,13.6115,16.2408,20.3528,37.8018,10.4704,0.0,1.932343,3.589001,1.098342,7,21,22,2,0E-8,-0.05662511,,0E-8,0.000000,0.871333,0.000000,,2026-03-23,2026-06-29,20,25,25,99,0.202020,,,0.000000,,,,,,,,GLOBAL_BASELINE_NO_ENTITY_RANKING,,,NOT_APPLICABLE_GLOBAL_BASELINE,HF9g-P5,,,,X 全窗基线 · 不参与实体赏罚,3927762,393,A168_HF9F_20260827_0900,2026-08-27 09:00:00
2026-03-27,145948342,2093,0,38.9709561050,-9.7032414356,-9.7032414356,0.3333333,3,3,0.49771390000000000,0.497713900000,-0.5694369385616226,-0.5694369385616226,-0.5694369385616226,0E-17,ELIGIBLE,R03b_20260811_FULL_v1,L1_ELIGIBILITY,v2026-08-11,2026-03-21..2026-08-06,baccarat_bet02_101_all_pairs_incl_sentinel,round_win = game_pnl > 0 (decisive only),COMPATIBILITY_ONLY_NOT_PRODUCTION,1087.4385,947.5216,-61.5763,94,94,0.05662511,,0.05662511,0.05662511,61.5763,1087.4385,OK,0.0000,-2.4631,4.0000,96.0000,AG03-UNRESOLVED,ALL5_LEVELS_bet23_to_bet27,-2.4631,-2.4631,-3.0788,-3.0788,-3.0788,4.000000,4.000000,5.000000,5.000000,5.000000,96.000000,96.000000,95.000000,95.000000,95.000000,5.0,-14.1626,-12.9214,-47.4138,-48.6549,PENDING_AG03,FALSE,NOT_FOR_ENFORCEMENT,-59.1133,909.6207,-61.5763,-59.1133,-2.4631,-0.05662511,-0.05436010,-2.4631,-59.1133,-0.05436010,-2.4631,-2.4631,-3.0788,-3.0788,-3.0788,-59.1133,-0.05436010,-14.1626,-12.9214,-47.4138,-48.6549,-0.04360133,-0.04474271,-0.00226500,11.5685,10.0800,-0.6551,-3.0788,-2.4631,54.3719,4.7000,,11.5685,8.1145,10.5327,13.6115,16.2408,20.3528,37.8018,10.4704,0.0,1.932343,3.589001,1.098342,7,21,22,2,0E-8,-0.05662511,,0E-8,0.000000,0.871333,0.000000,,2026-03-23,2026-06-29,20,25,25,99,0.202020,,,0.000000,,,,,,,,GLOBAL_BASELINE_NO_ENTITY_RANKING,,,NOT_APPLICABLE_GLOBAL_BASELINE,HF9g-P5,,,,X 全窗基线 · 不参与实体赏罚,3927763,393,A168_HF9F_20260827_0900,2026-08-27 09:00:00
2026-03-28,145948342,1331,0,10.0060562972,9.5057534824,9.5057534824,1.0000000,1,1,0.50665070000000000,0.506650700000,0.9867858985152569,0.9867858985152569,0.9867858985152569,0E-17,ELIGIBLE,R03b_20260811_FULL_v1,L1_ELIGIBILITY,v2026-08-11,2026-03-21..2026-08-06,baccarat_bet02_101_all_pairs_incl_sentinel,round_win = game_pnl > 0 (decisive only),COMPATIBILITY_ONLY_NOT_PRODUCTION,1087.4385,947.5216,-61.5763,94,94,0.05662511,,0.05662511,0.05662511,61.5763,1087.4385,OK,0.0000,-2.4631,4.0000,96.0000,AG03-UNRESOLVED,ALL5_LEVELS_bet23_to_bet27,-2.4631,-2.4631,-3.0788,-3.0788,-3.0788,4.000000,4.000000,5.000000,5.000000,5.000000,96.000000,96.000000,95.000000,95.000000,95.000000,5.0,-14.1626,-12.9214,-47.4138,-48.6549,PENDING_AG03,FALSE,NOT_FOR_ENFORCEMENT,-59.1133,909.6207,-61.5763,-59.1133,-2.4631,-0.05662511,-0.05436010,-2.4631,-59.1133,-0.05436010,-2.4631,-2.4631,-3.0788,-3.0788,-3.0788,-59.1133,-0.05436010,-14.1626,-12.9214,-47.4138,-48.6549,-0.04360133,-0.04474271,-0.00226500,11.5685,10.0800,-0.6551,-3.0788,-2.4631,54.3719,4.7000,,11.5685,8.1145,10.5327,13.6115,16.2408,20.3528,37.8018,10.4704,0.0,1.932343,3.589001,1.098342,7,21,22,2,0E-8,-0.05662511,,0E-8,0.000000,0.871333,0.000000,,2026-03-23,2026-06-29,20,25,25,99,0.202020,,,0.000000,,,,,,,,GLOBAL_BASELINE_NO_ENTITY_RANKING,,,NOT_APPLICABLE_GLOBAL_BASELINE,HF9g-P5,,,,X 全窗基线 · 不参与实体赏罚,3927764,393,A168_HF9F_20260827_0900,2026-08-27 09:00:00
2026-03-28,145948342,2141,0,30.5448034336,-10.5326908392,-10.5326908392,0E-7,4,4,0.50329940000000000,0.503299400000,-1.4235766693920513,-1.4235766693920513,-1.4235766693920513,0E-17,ELIGIBLE,R03b_20260811_FULL_v1,L1_ELIGIBILITY,v2026-08-11,2026-03-21..2026-08-06,baccarat_bet02_101_all_pairs_incl_sentinel,round_win = game_pnl > 0 (decisive only),COMPATIBILITY_ONLY_NOT_PRODUCTION,1087.4385,947.5216,-61.5763,94,94,0.05662511,,0.05662511,0.05662511,61.5763,1087.4385,OK,0.0000,-2.4631,4.0000,96.0000,AG03-UNRESOLVED,ALL5_LEVELS_bet23_to_bet27,-2.4631,-2.4631,-3.0788,-3.0788,-3.0788,4.000000,4.000000,5.000000,5.000000,5.000000,96.000000,96.000000,95.000000,95.000000,95.000000,5.0,-14.1626,-12.9214,-47.4138,-48.6549,PENDING_AG03,FALSE,NOT_FOR_ENFORCEMENT,-59.1133,909.6207,-61.5763,-59.1133,-2.4631,-0.05662511,-0.05436010,-2.4631,-59.1133,-0.05436010,-2.4631,-2.4631,-3.0788,-3.0788,-3.0788,-59.1133,-0.05436010,-14.1626,-12.9214,-47.4138,-48.6549,-0.04360133,-0.04474271,-0.00226500,11.5685,10.0800,-0.6551,-3.0788,-2.4631,54.3719,4.7000,,11.5685,8.1145,10.5327,13.6115,16.2408,20.3528,37.8018,10.4704,0.0,1.932343,3.589001,1.098342,7,21,22,2,0E-8,-0.05662511,,0E-8,0.000000,0.871333,0.000000,,2026-03-23,2026-06-29,20,25,25,99,0.202020,,,0.000000,,,,,,,,GLOBAL_BASELINE_NO_ENTITY_RANKING,,,NOT_APPLICABLE_GLOBAL_BASELINE,HF9g-P5,,,,X 全窗基线 · 不参与实体赏罚,3927765,393,A168_HF9F_20260827_0900,2026-08-27 09:00:00
2026-03-28,145948342,2252,0,11.8492771941,11.8492771941,11.8492771941,1.0000000,1,1,0.49324550000000000,0.493245500000,1.01360149184955,1.01360149184955,1.01360149184955,0E-17,ELIGIBLE,R03b_20260811_FULL_v1,L1_ELIGIBILITY,v2026-08-11,2026-03-21..2026-08-06,baccarat_bet02_101_all_pairs_incl_sentinel,round_win = game_pnl > 0 (decisive only),COMPATIBILITY_ONLY_NOT_PRODUCTION,1087.4385,947.5216,-61.5763,94,94,0.05662511,,0.05662511,0.05662511,61.5763,1087.4385,OK,0.0000,-2.4631,4.0000,96.0000,AG03-UNRESOLVED,ALL5_LEVELS_bet23_to_bet27,-2.4631,-2.4631,-3.0788,-3.0788,-3.0788,4.000000,4.000000,5.000000,5.000000,5.000000,96.000000,96.000000,95.000000,95.000000,95.000000,5.0,-14.1626,-12.9214,-47.4138,-48.6549,PENDING_AG03,FALSE,NOT_FOR_ENFORCEMENT,-59.1133,909.6207,-61.5763,-59.1133,-2.4631,-0.05662511,-0.05436010,-2.4631,-59.1133,-0.05436010,-2.4631,-2.4631,-3.0788,-3.0788,-3.0788,-59.1133,-0.05436010,-14.1626,-12.9214,-47.4138,-48.6549,-0.04360133,-0.04474271,-0.00226500,11.5685,10.0800,-0.6551,-3.0788,-2.4631,54.3719,4.7000,,11.5685,8.1145,10.5327,13.6115,16.2408,20.3528,37.8018,10.4704,0.0,1.932343,3.589001,1.098342,7,21,22,2,0E-8,-0.05662511,,0E-8,0.000000,0.871333,0.000000,,2026-03-23,2026-06-29,20,25,25,99,0.202020,,,0.000000,,,,,,,,GLOBAL_BASELINE_NO_ENTITY_RANKING,,,NOT_APPLICABLE_GLOBAL_BASELINE,HF9g-P5,,,,X 全窗基线 · 不参与实体赏罚,3927766,393,A168_HF9F_20260827_0900,2026-08-27 09:00:00
2026-03-29,145948342,2216,0,13.4291808200,13.4291808200,13.4291808200,1.0000000,1,1,0.49324550000000000,0.493245500000,1.01360149184955,1.01360149184955,1.01360149184955,0E-17,ELIGIBLE,R03b_20260811_FULL_v1,L1_ELIGIBILITY,v2026-08-11,2026-03-21..2026-08-06,baccarat_bet02_101_all_pairs_incl_sentinel,round_win = game_pnl > 0 (decisive only),COMPATIBILITY_ONLY_NOT_PRODUCTION,1087.4385,947.5216,-61.5763,94,94,0.05662511,,0.05662511,0.05662511,61.5763,1087.4385,OK,0.0000,-2.4631,4.0000,96.0000,AG03-UNRESOLVED,ALL5_LEVELS_bet23_to_bet27,-2.4631,-2.4631,-3.0788,-3.0788,-3.0788,4.000000,4.000000,5.000000,5.000000,5.000000,96.000000,96.000000,95.000000,95.000000,95.000000,5.0,-14.1626,-12.9214,-47.4138,-48.6549,PENDING_AG03,FALSE,NOT_FOR_ENFORCEMENT,-59.1133,909.6207,-61.5763,-59.1133,-2.4631,-0.05662511,-0.05436010,-2.4631,-59.1133,-0.05436010,-2.4631,-2.4631,-3.0788,-3.0788,-3.0788,-59.1133,-0.05436010,-14.1626,-12.9214,-47.4138,-48.6549,-0.04360133,-0.04474271,-0.00226500,11.5685,10.0800,-0.6551,-3.0788,-2.4631,54.3719,4.7000,,11.5685,8.1145,10.5327,13.6115,16.2408,20.3528,37.8018,10.4704,0.0,1.932343,3.589001,1.098342,7,21,22,2,0E-8,-0.05662511,,0E-8,0.000000,0.871333,0.000000,,2026-03-23,2026-06-29,20,25,25,99,0.202020,,,0.000000,,,,,,,,GLOBAL_BASELINE_NO_ENTITY_RANKING,,,NOT_APPLICABLE_GLOBAL_BASELINE,HF9g-P5,,,,X 全窗基线 · 不参与实体赏罚,3927767,393,A168_HF9F_20260827_0900,2026-08-27 09:00:00
2026-03-30,145948342,1318,0,43.4473497117,-1.4482449904,-1.4482449904,0.6000000,5,5,0.49860758000000000,0.498607580000,0.4534424453485946,0.4534424453485946,0.4534424453485946,0E-17,ELIGIBLE,R03b_20260811_FULL_v1,L1_ELIGIBILITY,v2026-08-11,2026-03-21..2026-08-06,baccarat_bet02_101_all_pairs_incl_sentinel,round_win = game_pnl > 0 (decisive only),COMPATIBILITY_ONLY_NOT_PRODUCTION,1087.4385,947.5216,-61.5763,94,94,0.05662511,,0.05662511,0.05662511,61.5763,1087.4385,OK,0.0000,-2.4631,4.0000,96.0000,AG03-UNRESOLVED,ALL5_LEVELS_bet23_to_bet27,-2.4631,-2.4631,-3.0788,-3.0788,-3.0788,4.000000,4.000000,5.000000,5.000000,5.000000,96.000000,96.000000,95.000000,95.000000,95.000000,5.0,-14.1626,-12.9214,-47.4138,-48.6549,PENDING_AG03,FALSE,NOT_FOR_ENFORCEMENT,-59.1133,909.6207,-61.5763,-59.1133,-2.4631,-0.05662511,-0.05436010,-2.4631,-59.1133,-0.05436010,-2.4631,-2.4631,-3.0788,-3.0788,-3.0788,-59.1133,-0.05436010,-14.1626,-12.9214,-47.4138,-48.6549,-0.04360133,-0.04474271,-0.00226500,11.5685,10.0800,-0.6551,-3.0788,-2.4631,54.3719,4.7000,,11.5685,8.1145,10.5327,13.6115,16.2408,20.3528,37.8018,10.4704,0.0,1.932343,3.589001,1.098342,7,21,22,2,0E-8,-0.05662511,,0E-8,0.000000,0.871333,0.000000,,2026-03-23,2026-06-29,20,25,25,99,0.202020,,,0.000000,,,,,,,,GLOBAL_BASELINE_NO_ENTITY_RANKING,,,NOT_APPLICABLE_GLOBAL_BASELINE,HF9g-P5,,,,X 全窗基线 · 不参与实体赏罚,3927768,393,A168_HF9F_20260827_0900,2026-08-27 09:00:00
2026-03-31,145948342,1994,0,60.9899746093,-18.8728633877,-18.8728633877,0.4000000,6,6,0.49994810000000000,0.499948100000,-0.4469814940518811,-0.4469814940518811,-0.4469814940518811,0E-17,ELIGIBLE,R03b_20260811_FULL_v1,L1_ELIGIBILITY,v2026-08-11,2026-03-21..2026-08-06,baccarat_bet02_101_all_pairs_incl_sentinel,round_win = game_pnl > 0 (decisive only),COMPATIBILITY_ONLY_NOT_PRODUCTION,1087.4385,947.5216,-61.5763,94,94,0.05662511,,0.05662511,0.05662511,61.5763,1087.4385,OK,0.0000,-2.4631,4.0000,96.0000,AG03-UNRESOLVED,ALL5_LEVELS_bet23_to_bet27,-2.4631,-2.4631,-3.0788,-3.0788,-3.0788,4.000000,4.000000,5.000000,5.000000,5.000000,96.000000,96.000000,95.000000,95.000000,95.000000,5.0,-14.1626,-12.9214,-47.4138,-48.6549,PENDING_AG03,FALSE,NOT_FOR_ENFORCEMENT,-59.1133,909.6207,-61.5763,-59.1133,-2.4631,-0.05662511,-0.05436010,-2.4631,-59.1133,-0.05436010,-2.4631,-2.4631,-3.0788,-3.0788,-3.0788,-59.1133,-0.05436010,-14.1626,-12.9214,-47.4138,-48.6549,-0.04360133,-0.04474271,-0.00226500,11.5685,10.0800,-0.6551,-3.0788,-2.4631,54.3719,4.7000,,11.5685,8.1145,10.5327,13.6115,16.2408,20.3528,37.8018,10.4704,0.0,1.932343,3.589001,1.098342,7,21,22,2,0E-8,-0.05662511,,0E-8,0.000000,0.871333,0.000000,,2026-03-23,2026-06-29,20,25,25,99,0.202020,,,0.000000,,,,,,,,GLOBAL_BASELINE_NO_ENTITY_RANKING,,,NOT_APPLICABLE_GLOBAL_BASELINE,HF9g-P5,,,,X 全窗基线 · 不参与实体赏罚,3927769,393,A168_HF9F_20260827_0900,2026-08-27 09:00:00
2026-04-06,145948342,986,0,49.2107949638,-28.2700311494,-28.2700311494,0.2000000,5,5,0.49592654000000000,0.495926540000,-1.323467641100715,-1.323467641100715,-1.323467641100715,0E-17,ELIGIBLE,R03b_20260811_FULL_v1,L1_ELIGIBILITY,v2026-08-11,2026-03-21..2026-08-06,baccarat_bet02_101_all_pairs_incl_sentinel,round_win = game_pnl > 0 (decisive only),COMPATIBILITY_ONLY_NOT_PRODUCTION,1087.4385,947.5216,-61.5763,94,94,0.05662511,,0.05662511,0.05662511,61.5763,1087.4385,OK,0.0000,-2.4631,4.0000,96.0000,AG03-UNRESOLVED,ALL5_LEVELS_bet23_to_bet27,-2.4631,-2.4631,-3.0788,-3.0788,-3.0788,4.000000,4.000000,5.000000,5.000000,5.000000,96.000000,96.000000,95.000000,95.000000,95.000000,5.0,-14.1626,-12.9214,-47.4138,-48.6549,PENDING_AG03,FALSE,NOT_FOR_ENFORCEMENT,-59.1133,909.6207,-61.5763,-59.1133,-2.4631,-0.05662511,-0.05436010,-2.4631,-59.1133,-0.05436010,-2.4631,-2.4631,-3.0788,-3.0788,-3.0788,-59.1133,-0.05436010,-14.1626,-12.9214,-47.4138,-48.6549,-0.04360133,-0.04474271,-0.00226500,11.5685,10.0800,-0.6551,-3.0788,-2.4631,54.3719,4.7000,,11.5685,8.1145,10.5327,13.6115,16.2408,20.3528,37.8018,10.4704,0.0,1.932343,3.589001,1.098342,7,21,22,2,0E-8,-0.05662511,,0E-8,0.000000,0.871333,0.000000,,2026-03-23,2026-06-29,20,25,25,99,0.202020,,,0.000000,,,,,,,,GLOBAL_BASELINE_NO_ENTITY_RANKING,,,NOT_APPLICABLE_GLOBAL_BASELINE,HF9g-P5,,,,X 全窗基线 · 不参与实体赏罚,3927770,393,A168_HF9F_20260827_0900,2026-08-27 09:00:00
2026-04-09,145948342,1401,0,48.6872758684,-36.3845771275,-36.3845771275,0E-7,4,4,0.49994810000000000,0.499948100000,-1.7318710300250217,-1.7318710300250217,-1.7318710300250217,0E-17,ELIGIBLE,R03b_20260811_FULL_v1,L1_ELIGIBILITY,v2026-08-11,2026-03-21..2026-08-06,baccarat_bet02_101_all_pairs_incl_sentinel,round_win = game_pnl > 0 (decisive only),COMPATIBILITY_ONLY_NOT_PRODUCTION,1087.4385,947.5216,-61.5763,94,94,0.05662511,,0.05662511,0.05662511,61.5763,1087.4385,OK,0.0000,-2.4631,4.0000,96.0000,AG03-UNRESOLVED,ALL5_LEVELS_bet23_to_bet27,-2.4631,-2.4631,-3.0788,-3.0788,-3.0788,4.000000,4.000000,5.000000,5.000000,5.000000,96.000000,96.000000,95.000000,95.000000,95.000000,5.0,-14.1626,-12.9214,-47.4138,-48.6549,PENDING_AG03,FALSE,NOT_FOR_ENFORCEMENT,-59.1133,909.6207,-61.5763,-59.1133,-2.4631,-0.05662511,-0.05436010,-2.4631,-59.1133,-0.05436010,-2.4631,-2.4631,-3.0788,-3.0788,-3.0788,-59.1133,-0.05436010,-14.1626,-12.9214,-47.4138,-48.6549,-0.04360133,-0.04474271,-0.00226500,11.5685,10.0800,-0.6551,-3.0788,-2.4631,54.3719,4.7000,,11.5685,8.1145,10.5327,13.6115,16.2408,20.3528,37.8018,10.4704,0.0,1.932343,3.589001,1.098342,7,21,22,2,0E-8,-0.05662511,,0E-8,0.000000,0.871333,0.000000,,2026-03-23,2026-06-29,20,25,25,99,0.202020,,,0.000000,,,,,,,,GLOBAL_BASELINE_NO_ENTITY_RANKING,,,NOT_APPLICABLE_GLOBAL_BASELINE,HF9g-P5,,,,X 全窗基线 · 不参与实体赏罚,3927771,393,A168_HF9F_20260827_0900,2026-08-27 09:00:00
2026-04-09,145948342,1994,0,8.1145459781,8.1145459781,8.1145459781,1.0000000,1,1,0.49324550000000000,0.493245500000,1.01360149184955,1.01360149184955,1.01360149184955,0E-17,ELIGIBLE,R03b_20260811_FULL_v1,L1_ELIGIBILITY,v2026-08-11,2026-03-21..2026-08-06,baccarat_bet02_101_all_pairs_incl_sentinel,round_win = game_pnl > 0 (decisive only),COMPATIBILITY_ONLY_NOT_PRODUCTION,1087.4385,947.5216,-61.5763,94,94,0.05662511,,0.05662511,0.05662511,61.5763,1087.4385,OK,0.0000,-2.4631,4.0000,96.0000,AG03-UNRESOLVED,ALL5_LEVELS_bet23_to_bet27,-2.4631,-2.4631,-3.0788,-3.0788,-3.0788,4.000000,4.000000,5.000000,5.000000,5.000000,96.000000,96.000000,95.000000,95.000000,95.000000,5.0,-14.1626,-12.9214,-47.4138,-48.6549,PENDING_AG03,FALSE,NOT_FOR_ENFORCEMENT,-59.1133,909.6207,-61.5763,-59.1133,-2.4631,-0.05662511,-0.05436010,-2.4631,-59.1133,-0.05436010,-2.4631,-2.4631,-3.0788,-3.0788,-3.0788,-59.1133,-0.05436010,-14.1626,-12.9214,-47.4138,-48.6549,-0.04360133,-0.04474271,-0.00226500,11.5685,10.0800,-0.6551,-3.0788,-2.4631,54.3719,4.7000,,11.5685,8.1145,10.5327,13.6115,16.2408,20.3528,37.8018,10.4704,0.0,1.932343,3.589001,1.098342,7,21,22,2,0E-8,-0.05662511,,0E-8,0.000000,0.871333,0.000000,,2026-03-23,2026-06-29,20,25,25,99,0.202020,,,0.000000,,,,,,,,GLOBAL_BASELINE_NO_ENTITY_RANKING,,,NOT_APPLICABLE_GLOBAL_BASELINE,HF9g-P5,,,,X 全窗基线 · 不参与实体赏罚,3927772,393,A168_HF9F_20260827_0900,2026-08-27 09:00:00
2026-04-10,145948342,2093,0,17.2761301468,16.8442268932,16.8442268932,1.0000000,2,2,0.49994810000000000,0.499948100000,1.4143603653603398,1.4143603653603398,1.4143603653603398,0E-17,ELIGIBLE,R03b_20260811_FULL_v1,L1_ELIGIBILITY,v2026-08-11,2026-03-21..2026-08-06,baccarat_bet02_101_all_pairs_incl_sentinel,round_win = game_pnl > 0 (decisive only),COMPATIBILITY_ONLY_NOT_PRODUCTION,1087.4385,947.5216,-61.5763,94,94,0.05662511,,0.05662511,0.05662511,61.5763,1087.4385,OK,0.0000,-2.4631,4.0000,96.0000,AG03-UNRESOLVED,ALL5_LEVELS_bet23_to_bet27,-2.4631,-2.4631,-3.0788,-3.0788,-3.0788,4.000000,4.000000,5.000000,5.000000,5.000000,96.000000,96.000000,95.000000,95.000000,95.000000,5.0,-14.1626,-12.9214,-47.4138,-48.6549,PENDING_AG03,FALSE,NOT_FOR_ENFORCEMENT,-59.1133,909.6207,-61.5763,-59.1133,-2.4631,-0.05662511,-0.05436010,-2.4631,-59.1133,-0.05436010,-2.4631,-2.4631,-3.0788,-3.0788,-3.0788,-59.1133,-0.05436010,-14.1626,-12.9214,-47.4138,-48.6549,-0.04360133,-0.04474271,-0.00226500,11.5685,10.0800,-0.6551,-3.0788,-2.4631,54.3719,4.7000,,11.5685,8.1145,10.5327,13.6115,16.2408,20.3528,37.8018,10.4704,0.0,1.932343,3.589001,1.098342,7,21,22,2,0E-8,-0.05662511,,0E-8,0.000000,0.871333,0.000000,,2026-03-23,2026-06-29,20,25,25,99,0.202020,,,0.000000,,,,,,,,GLOBAL_BASELINE_NO_ENTITY_RANKING,,,NOT_APPLICABLE_GLOBAL_BASELINE,HF9g-P5,,,,X 全窗基线 · 不参与实体赏罚,3927773,393,A168_HF9F_20260827_0900,2026-08-27 09:00:00
2026-04-11,145948342,2251,0,100.7774258568,6.5439886920,6.5439886920,0.5000000,7,7,0.49324550000000000,0.493245500000,0.03309317671092531,0.03309317671092531,0.03309317671092531,0E-17,ELIGIBLE,R03b_20260811_FULL_v1,L1_ELIGIBILITY,v2026-08-11,2026-03-21..2026-08-06,baccarat_bet02_101_all_pairs_incl_sentinel,round_win = game_pnl > 0 (decisive only),COMPATIBILITY_ONLY_NOT_PRODUCTION,1087.4385,947.5216,-61.5763,94,94,0.05662511,,0.05662511,0.05662511,61.5763,1087.4385,OK,0.0000,-2.4631,4.0000,96.0000,AG03-UNRESOLVED,ALL5_LEVELS_bet23_to_bet27,-2.4631,-2.4631,-3.0788,-3.0788,-3.0788,4.000000,4.000000,5.000000,5.000000,5.000000,96.000000,96.000000,95.000000,95.000000,95.000000,5.0,-14.1626,-12.9214,-47.4138,-48.6549,PENDING_AG03,FALSE,NOT_FOR_ENFORCEMENT,-59.1133,909.6207,-61.5763,-59.1133,-2.4631,-0.05662511,-0.05436010,-2.4631,-59.1133,-0.05436010,-2.4631,-2.4631,-3.0788,-3.0788,-3.0788,-59.1133,-0.05436010,-14.1626,-12.9214,-47.4138,-48.6549,-0.04360133,-0.04474271,-0.00226500,11.5685,10.0800,-0.6551,-3.0788,-2.4631,54.3719,4.7000,,11.5685,8.1145,10.5327,13.6115,16.2408,20.3528,37.8018,10.4704,0.0,1.932343,3.589001,1.098342,7,21,22,2,0E-8,-0.05662511,,0E-8,0.000000,0.871333,0.000000,,2026-03-23,2026-06-29,20,25,25,99,0.202020,,,0.000000,,,,,,,,GLOBAL_BASELINE_NO_ENTITY_RANKING,,,NOT_APPLICABLE_GLOBAL_BASELINE,HF9g-P5,,,,X 全窗基线 · 不参与实体赏罚,3927774,393,A168_HF9F_20260827_0900,2026-08-27 09:00:00
2026-04-14,145948342,2174,0,63.8693296338,33.6884537863,33.6884537863,0.8000000,5,5,0.49592654000000000,0.495926540000,1.359902984124143,1.359902984124143,1.359902984124143,0E-17,ELIGIBLE,R03b_20260811_FULL_v1,L1_ELIGIBILITY,v2026-08-11,2026-03-21..2026-08-06,baccarat_bet02_101_all_pairs_incl_sentinel,round_win = game_pnl > 0 (decisive only),COMPATIBILITY_ONLY_NOT_PRODUCTION,1087.4385,947.5216,-61.5763,94,94,0.05662511,,0.05662511,0.05662511,61.5763,1087.4385,OK,0.0000,-2.4631,4.0000,96.0000,AG03-UNRESOLVED,ALL5_LEVELS_bet23_to_bet27,-2.4631,-2.4631,-3.0788,-3.0788,-3.0788,4.000000,4.000000,5.000000,5.000000,5.000000,96.000000,96.000000,95.000000,95.000000,95.000000,5.0,-14.1626,-12.9214,-47.4138,-48.6549,PENDING_AG03,FALSE,NOT_FOR_ENFORCEMENT,-59.1133,909.6207,-61.5763,-59.1133,-2.4631,-0.05662511,-0.05436010,-2.4631,-59.1133,-0.05436010,-2.4631,-2.4631,-3.0788,-3.0788,-3.0788,-59.1133,-0.05436010,-14.1626,-12.9214,-47.4138,-48.6549,-0.04360133,-0.04474271,-0.00226500,11.5685,10.0800,-0.6551,-3.0788,-2.4631,54.3719,4.7000,,11.5685,8.1145,10.5327,13.6115,16.2408,20.3528,37.8018,10.4704,0.0,1.932343,3.589001,1.098342,7,21,22,2,0E-8,-0.05662511,,0E-8,0.000000,0.871333,0.000000,,2026-03-23,2026-06-29,20,25,25,99,0.202020,,,0.000000,,,,,,,,GLOBAL_BASELINE_NO_ENTITY_RANKING,,,NOT_APPLICABLE_GLOBAL_BASELINE,HF9g-P5,,,,X 全窗基线 · 不参与实体赏罚,3927775,393,A168_HF9F_20260827_0900,2026-08-27 09:00:00
2026-04-14,145948342,2251,0,84.2865743528,33.1911106458,33.1911106458,0.6666667,6,6,0.49771390000000000,0.497713900000,0.8277047895645219,0.8277047895645219,0.8277047895645219,0E-17,ELIGIBLE,R03b_20260811_FULL_v1,L1_ELIGIBILITY,v2026-08-11,2026-03-21..2026-08-06,baccarat_bet02_101_all_pairs_incl_sentinel,round_win = game_pnl > 0 (decisive only),COMPATIBILITY_ONLY_NOT_PRODUCTION,1087.4385,947.5216,-61.5763,94,94,0.05662511,,0.05662511,0.05662511,61.5763,1087.4385,OK,0.0000,-2.4631,4.0000,96.0000,AG03-UNRESOLVED,ALL5_LEVELS_bet23_to_bet27,-2.4631,-2.4631,-3.0788,-3.0788,-3.0788,4.000000,4.000000,5.000000,5.000000,5.000000,96.000000,96.000000,95.000000,95.000000,95.000000,5.0,-14.1626,-12.9214,-47.4138,-48.6549,PENDING_AG03,FALSE,NOT_FOR_ENFORCEMENT,-59.1133,909.6207,-61.5763,-59.1133,-2.4631,-0.05662511,-0.05436010,-2.4631,-59.1133,-0.05436010,-2.4631,-2.4631,-3.0788,-3.0788,-3.0788,-59.1133,-0.05436010,-14.1626,-12.9214,-47.4138,-48.6549,-0.04360133,-0.04474271,-0.00226500,11.5685,10.0800,-0.6551,-3.0788,-2.4631,54.3719,4.7000,,11.5685,8.1145,10.5327,13.6115,16.2408,20.3528,37.8018,10.4704,0.0,1.932343,3.589001,1.098342,7,21,22,2,0E-8,-0.05662511,,0E-8,0.000000,0.871333,0.000000,,2026-03-23,2026-06-29,20,25,25,99,0.202020,,,0.000000,,,,,,,,GLOBAL_BASELINE_NO_ENTITY_RANKING,,,NOT_APPLICABLE_GLOBAL_BASELINE,HF9g-P5,,,,X 全窗基线 · 不参与实体赏罚,3927776,393,A168_HF9F_20260827_0900,2026-08-27 09:00:00
2026-04-22,145948342,994,0,47.1167185824,20.9407638144,20.9407638144,0.7500000,4,4,0.49324550000000000,0.493245500000,1.0271117246678039,1.0271117246678039,1.0271117246678039,0E-17,ELIGIBLE,R03b_20260811_FULL_v1,L1_ELIGIBILITY,v2026-08-11,2026-03-21..2026-08-06,baccarat_bet02_101_all_pairs_incl_sentinel,round_win = game_pnl > 0 (decisive only),COMPATIBILITY_ONLY_NOT_PRODUCTION,1087.4385,947.5216,-61.5763,94,94,0.05662511,,0.05662511,0.05662511,61.5763,1087.4385,OK,0.0000,-2.4631,4.0000,96.0000,AG03-UNRESOLVED,ALL5_LEVELS_bet23_to_bet27,-2.4631,-2.4631,-3.0788,-3.0788,-3.0788,4.000000,4.000000,5.000000,5.000000,5.000000,96.000000,96.000000,95.000000,95.000000,95.000000,5.0,-14.1626,-12.9214,-47.4138,-48.6549,PENDING_AG03,FALSE,NOT_FOR_ENFORCEMENT,-59.1133,909.6207,-61.5763,-59.1133,-2.4631,-0.05662511,-0.05436010,-2.4631,-59.1133,-0.05436010,-2.4631,-2.4631,-3.0788,-3.0788,-3.0788,-59.1133,-0.05436010,-14.1626,-12.9214,-47.4138,-48.6549,-0.04360133,-0.04474271,-0.00226500,11.5685,10.0800,-0.6551,-3.0788,-2.4631,54.3719,4.7000,,11.5685,8.1145,10.5327,13.6115,16.2408,20.3528,37.8018,10.4704,0.0,1.932343,3.589001,1.098342,7,21,22,2,0E-8,-0.05662511,,0E-8,0.000000,0.871333,0.000000,,2026-03-23,2026-06-29,20,25,25,99,0.202020,,,0.000000,,,,,,,,GLOBAL_BASELINE_NO_ENTITY_RANKING,,,NOT_APPLICABLE_GLOBAL_BASELINE,HF9g-P5,,,,X 全窗基线 · 不参与实体赏罚,3927777,393,A168_HF9F_20260827_0900,2026-08-27 09:00:00
2026-05-02,145948342,1210,0,12.4539463442,-12.4539463442,-12.4539463442,0E-7,1,1,0.50665070000000000,0.506650700000,-1.013391052207602,-1.013391052207602,-1.013391052207602,0E-17,ELIGIBLE,R03b_20260811_FULL_v1,L1_ELIGIBILITY,v2026-08-11,2026-03-21..2026-08-06,baccarat_bet02_101_all_pairs_incl_sentinel,round_win = game_pnl > 0 (decisive only),COMPATIBILITY_ONLY_NOT_PRODUCTION,1087.4385,947.5216,-61.5763,94,94,0.05662511,,0.05662511,0.05662511,61.5763,1087.4385,OK,0.0000,-2.4631,4.0000,96.0000,AG03-UNRESOLVED,ALL5_LEVELS_bet23_to_bet27,-2.4631,-2.4631,-3.0788,-3.0788,-3.0788,4.000000,4.000000,5.000000,5.000000,5.000000,96.000000,96.000000,95.000000,95.000000,95.000000,5.0,-14.1626,-12.9214,-47.4138,-48.6549,PENDING_AG03,FALSE,NOT_FOR_ENFORCEMENT,-59.1133,909.6207,-61.5763,-59.1133,-2.4631,-0.05662511,-0.05436010,-2.4631,-59.1133,-0.05436010,-2.4631,-2.4631,-3.0788,-3.0788,-3.0788,-59.1133,-0.05436010,-14.1626,-12.9214,-47.4138,-48.6549,-0.04360133,-0.04474271,-0.00226500,11.5685,10.0800,-0.6551,-3.0788,-2.4631,54.3719,4.7000,,11.5685,8.1145,10.5327,13.6115,16.2408,20.3528,37.8018,10.4704,0.0,1.932343,3.589001,1.098342,7,21,22,2,0E-8,-0.05662511,,0E-8,0.000000,0.871333,0.000000,,2026-03-23,2026-06-29,20,25,25,99,0.202020,,,0.000000,,,,,,,,GLOBAL_BASELINE_NO_ENTITY_RANKING,,,NOT_APPLICABLE_GLOBAL_BASELINE,HF9g-P5,,,,X 全窗基线 · 不参与实体赏罚,3927778,393,A168_HF9F_20260827_0900,2026-08-27 09:00:00
2026-05-04,145948342,994,0,78.0966218669,55.7833013335,55.7833013335,0.8571429,7,7,0.49324550000000000,0.493245500000,1.925739544596175,1.9257395445961751,1.925739544596175,0E-17,ELIGIBLE,R03b_20260811_FULL_v1,L1_ELIGIBILITY,v2026-08-11,2026-03-21..2026-08-06,baccarat_bet02_101_all_pairs_incl_sentinel,round_win = game_pnl > 0 (decisive only),COMPATIBILITY_ONLY_NOT_PRODUCTION,1087.4385,947.5216,-61.5763,94,94,0.05662511,,0.05662511,0.05662511,61.5763,1087.4385,OK,0.0000,-2.4631,4.0000,96.0000,AG03-UNRESOLVED,ALL5_LEVELS_bet23_to_bet27,-2.4631,-2.4631,-3.0788,-3.0788,-3.0788,4.000000,4.000000,5.000000,5.000000,5.000000,96.000000,96.000000,95.000000,95.000000,95.000000,5.0,-14.1626,-12.9214,-47.4138,-48.6549,PENDING_AG03,FALSE,NOT_FOR_ENFORCEMENT,-59.1133,909.6207,-61.5763,-59.1133,-2.4631,-0.05662511,-0.05436010,-2.4631,-59.1133,-0.05436010,-2.4631,-2.4631,-3.0788,-3.0788,-3.0788,-59.1133,-0.05436010,-14.1626,-12.9214,-47.4138,-48.6549,-0.04360133,-0.04474271,-0.00226500,11.5685,10.0800,-0.6551,-3.0788,-2.4631,54.3719,4.7000,,11.5685,8.1145,10.5327,13.6115,16.2408,20.3528,37.8018,10.4704,0.0,1.932343,3.589001,1.098342,7,21,22,2,0E-8,-0.05662511,,0E-8,0.000000,0.871333,0.000000,,2026-03-23,2026-06-29,20,25,25,99,0.202020,,,0.000000,,,,,,,,GLOBAL_BASELINE_NO_ENTITY_RANKING,,,NOT_APPLICABLE_GLOBAL_BASELINE,HF9g-P5,,,,X 全窗基线 · 不参与实体赏罚,3927779,393,A168_HF9F_20260827_0900,2026-08-27 09:00:00
2026-05-09,145948342,2196,0,20.7565772404,-8.1080379846,-8.1080379846,0.3333333,3,3,0.50665070000000000,0.506650700000,-0.6004420894325239,-0.6004420894325239,-0.6004420894325239,0E-17,ELIGIBLE,R03b_20260811_FULL_v1,L1_ELIGIBILITY,v2026-08-11,2026-03-21..2026-08-06,baccarat_bet02_101_all_pairs_incl_sentinel,round_win = game_pnl > 0 (decisive only),COMPATIBILITY_ONLY_NOT_PRODUCTION,1087.4385,947.5216,-61.5763,94,94,0.05662511,,0.05662511,0.05662511,61.5763,1087.4385,OK,0.0000,-2.4631,4.0000,96.0000,AG03-UNRESOLVED,ALL5_LEVELS_bet23_to_bet27,-2.4631,-2.4631,-3.0788,-3.0788,-3.0788,4.000000,4.000000,5.000000,5.000000,5.000000,96.000000,96.000000,95.000000,95.000000,95.000000,5.0,-14.1626,-12.9214,-47.4138,-48.6549,PENDING_AG03,FALSE,NOT_FOR_ENFORCEMENT,-59.1133,909.6207,-61.5763,-59.1133,-2.4631,-0.05662511,-0.05436010,-2.4631,-59.1133,-0.05436010,-2.4631,-2.4631,-3.0788,-3.0788,-3.0788,-59.1133,-0.05436010,-14.1626,-12.9214,-47.4138,-48.6549,-0.04360133,-0.04474271,-0.00226500,11.5685,10.0800,-0.6551,-3.0788,-2.4631,54.3719,4.7000,,11.5685,8.1145,10.5327,13.6115,16.2408,20.3528,37.8018,10.4704,0.0,1.932343,3.589001,1.098342,7,21,22,2,0E-8,-0.05662511,,0E-8,0.000000,0.871333,0.000000,,2026-03-23,2026-06-29,20,25,25,99,0.202020,,,0.000000,,,,,,,,GLOBAL_BASELINE_NO_ENTITY_RANKING,,,NOT_APPLICABLE_GLOBAL_BASELINE,HF9g-P5,,,,X 全窗基线 · 不参与实体赏罚,3927780,393,A168_HF9F_20260827_0900,2026-08-27 09:00:00
2026-05-10,145948342,2103,0,37.8807534638,-13.1674536869,-13.1674536869,0.5000000,4,4,0.49994810000000000,0.499948100000,0.00020760000111838688,0.00020760000111838688,0.00020760000111838688,0E-17,ELIGIBLE,R03b_20260811_FULL_v1,L1_ELIGIBILITY,v2026-08-11,2026-03-21..2026-08-06,baccarat_bet02_101_all_pairs_incl_sentinel,round_win = game_pnl > 0 (decisive only),COMPATIBILITY_ONLY_NOT_PRODUCTION,1087.4385,947.5216,-61.5763,94,94,0.05662511,,0.05662511,0.05662511,61.5763,1087.4385,OK,0.0000,-2.4631,4.0000,96.0000,AG03-UNRESOLVED,ALL5_LEVELS_bet23_to_bet27,-2.4631,-2.4631,-3.0788,-3.0788,-3.0788,4.000000,4.000000,5.000000,5.000000,5.000000,96.000000,96.000000,95.000000,95.000000,95.000000,5.0,-14.1626,-12.9214,-47.4138,-48.6549,PENDING_AG03,FALSE,NOT_FOR_ENFORCEMENT,-59.1133,909.6207,-61.5763,-59.1133,-2.4631,-0.05662511,-0.05436010,-2.4631,-59.1133,-0.05436010,-2.4631,-2.4631,-3.0788,-3.0788,-3.0788,-59.1133,-0.05436010,-14.1626,-12.9214,-47.4138,-48.6549,-0.04360133,-0.04474271,-0.00226500,11.5685,10.0800,-0.6551,-3.0788,-2.4631,54.3719,4.7000,,11.5685,8.1145,10.5327,13.6115,16.2408,20.3528,37.8018,10.4704,0.0,1.932343,3.589001,1.098342,7,21,22,2,0E-8,-0.05662511,,0E-8,0.000000,0.871333,0.000000,,2026-03-23,2026-06-29,20,25,25,99,0.202020,,,0.000000,,,,,,,,GLOBAL_BASELINE_NO_ENTITY_RANKING,,,NOT_APPLICABLE_GLOBAL_BASELINE,HF9g-P5,,,,X 全窗基线 · 不参与实体赏罚,3927781,393,A168_HF9F_20260827_0900,2026-08-27 09:00:00
2026-06-08,145948342,2252,0,28.0299328825,-6.4674569908,-6.4674569908,0.3333333,3,3,0.50218230000000000,0.502182300000,-0.5849155494134425,-0.5849155494134426,-0.5849155494134425,0E-17,ELIGIBLE,R03b_20260811_FULL_v1,L1_ELIGIBILITY,v2026-08-11,2026-03-21..2026-08-06,baccarat_bet02_101_all_pairs_incl_sentinel,round_win = game_pnl > 0 (decisive only),COMPATIBILITY_ONLY_NOT_PRODUCTION,1087.4385,947.5216,-61.5763,94,94,0.05662511,,0.05662511,0.05662511,61.5763,1087.4385,OK,0.0000,-2.4631,4.0000,96.0000,AG03-UNRESOLVED,ALL5_LEVELS_bet23_to_bet27,-2.4631,-2.4631,-3.0788,-3.0788,-3.0788,4.000000,4.000000,5.000000,5.000000,5.000000,96.000000,96.000000,95.000000,95.000000,95.000000,5.0,-14.1626,-12.9214,-47.4138,-48.6549,PENDING_AG03,FALSE,NOT_FOR_ENFORCEMENT,-59.1133,909.6207,-61.5763,-59.1133,-2.4631,-0.05662511,-0.05436010,-2.4631,-59.1133,-0.05436010,-2.4631,-2.4631,-3.0788,-3.0788,-3.0788,-59.1133,-0.05436010,-14.1626,-12.9214,-47.4138,-48.6549,-0.04360133,-0.04474271,-0.00226500,11.5685,10.0800,-0.6551,-3.0788,-2.4631,54.3719,4.7000,,11.5685,8.1145,10.5327,13.6115,16.2408,20.3528,37.8018,10.4704,0.0,1.932343,3.589001,1.098342,7,21,22,2,0E-8,-0.05662511,,0E-8,0.000000,0.871333,0.000000,,2026-03-23,2026-06-29,20,25,25,99,0.202020,,,0.000000,,,,,,,,GLOBAL_BASELINE_NO_ENTITY_RANKING,,,NOT_APPLICABLE_GLOBAL_BASELINE,HF9g-P5,,,,X 全窗基线 · 不参与实体赏罚,3927782,393,A168_HF9F_20260827_0900,2026-08-27 09:00:00
2026-06-27,145948342,1383,0,10.2862139018,-10.2862139018,-10.2862139018,0E-7,1,1,0.49324550000000000,0.493245500000,-0.9865810262130424,-0.9865810262130424,-0.9865810262130424,0E-17,ELIGIBLE,R03b_20260811_FULL_v1,L1_ELIGIBILITY,v2026-08-11,2026-03-21..2026-08-06,baccarat_bet02_101_all_pairs_incl_sentinel,round_win = game_pnl > 0 (decisive only),COMPATIBILITY_ONLY_NOT_PRODUCTION,1087.4385,947.5216,-61.5763,94,94,0.05662511,,0.05662511,0.05662511,61.5763,1087.4385,OK,0.0000,-2.4631,4.0000,96.0000,AG03-UNRESOLVED,ALL5_LEVELS_bet23_to_bet27,-2.4631,-2.4631,-3.0788,-3.0788,-3.0788,4.000000,4.000000,5.000000,5.000000,5.000000,96.000000,96.000000,95.000000,95.000000,95.000000,5.0,-14.1626,-12.9214,-47.4138,-48.6549,PENDING_AG03,FALSE,NOT_FOR_ENFORCEMENT,-59.1133,909.6207,-61.5763,-59.1133,-2.4631,-0.05662511,-0.05436010,-2.4631,-59.1133,-0.05436010,-2.4631,-2.4631,-3.0788,-3.0788,-3.0788,-59.1133,-0.05436010,-14.1626,-12.9214,-47.4138,-48.6549,-0.04360133,-0.04474271,-0.00226500,11.5685,10.0800,-0.6551,-3.0788,-2.4631,54.3719,4.7000,,11.5685,8.1145,10.5327,13.6115,16.2408,20.3528,37.8018,10.4704,0.0,1.932343,3.589001,1.098342,7,21,22,2,0E-8,-0.05662511,,0E-8,0.000000,0.871333,0.000000,,2026-03-23,2026-06-29,20,25,25,99,0.202020,,,0.000000,,,,,,,,GLOBAL_BASELINE_NO_ENTITY_RANKING,,,NOT_APPLICABLE_GLOBAL_BASELINE,HF9g-P5,,,,X 全窗基线 · 不参与实体赏罚,3927783,393,A168_HF9F_20260827_0900,2026-08-27 09:00:00
2026-06-27,145948342,529,0,106.4623138839,23.0539769074,23.0539769074,0.5000000,4,4,0.50665070000000000,0.506650700000,-0.018812684590367487,-0.018812684590367487,-0.018812684590367487,0E-17,ELIGIBLE,R03b_20260811_FULL_v1,L1_ELIGIBILITY,v2026-08-11,2026-03-21..2026-08-06,baccarat_bet02_101_all_pairs_incl_sentinel,round_win = game_pnl > 0 (decisive only),COMPATIBILITY_ONLY_NOT_PRODUCTION,1087.4385,947.5216,-61.5763,94,94,0.05662511,,0.05662511,0.05662511,61.5763,1087.4385,OK,0.0000,-2.4631,4.0000,96.0000,AG03-UNRESOLVED,ALL5_LEVELS_bet23_to_bet27,-2.4631,-2.4631,-3.0788,-3.0788,-3.0788,4.000000,4.000000,5.000000,5.000000,5.000000,96.000000,96.000000,95.000000,95.000000,95.000000,5.0,-14.1626,-12.9214,-47.4138,-48.6549,PENDING_AG03,FALSE,NOT_FOR_ENFORCEMENT,-59.1133,909.6207,-61.5763,-59.1133,-2.4631,-0.05662511,-0.05436010,-2.4631,-59.1133,-0.05436010,-2.4631,-2.4631,-3.0788,-3.0788,-3.0788,-59.1133,-0.05436010,-14.1626,-12.9214,-47.4138,-48.6549,-0.04360133,-0.04474271,-0.00226500,11.5685,10.0800,-0.6551,-3.0788,-2.4631,54.3719,4.7000,,11.5685,8.1145,10.5327,13.6115,16.2408,20.3528,37.8018,10.4704,0.0,1.932343,3.589001,1.098342,7,21,22,2,0E-8,-0.05662511,,0E-8,0.000000,0.871333,0.000000,,2026-03-23,2026-06-29,20,25,25,99,0.202020,,,0.000000,,,,,,,,GLOBAL_BASELINE_NO_ENTITY_RANKING,,,NOT_APPLICABLE_GLOBAL_BASELINE,HF9g-P5,,,,X 全窗基线 · 不参与实体赏罚,3927784,393,A168_HF9F_20260827_0900,2026-08-27 09:00:00
2026-06-27,145948342,763,0,84.8612646899,16.2007868953,16.2007868953,0.5000000,6,6,0.50665070000000000,0.506650700000,-0.02660515369234503,-0.02660515369234503,-0.02660515369234503,0E-17,ELIGIBLE,R03b_20260811_FULL_v1,L1_ELIGIBILITY,v2026-08-11,2026-03-21..2026-08-06,baccarat_bet02_101_all_pairs_incl_sentinel,round_win = game_pnl > 0 (decisive only),COMPATIBILITY_ONLY_NOT_PRODUCTION,1087.4385,947.5216,-61.5763,94,94,0.05662511,,0.05662511,0.05662511,61.5763,1087.4385,OK,0.0000,-2.4631,4.0000,96.0000,AG03-UNRESOLVED,ALL5_LEVELS_bet23_to_bet27,-2.4631,-2.4631,-3.0788,-3.0788,-3.0788,4.000000,4.000000,5.000000,5.000000,5.000000,96.000000,96.000000,95.000000,95.000000,95.000000,5.0,-14.1626,-12.9214,-47.4138,-48.6549,PENDING_AG03,FALSE,NOT_FOR_ENFORCEMENT,-59.1133,909.6207,-61.5763,-59.1133,-2.4631,-0.05662511,-0.05436010,-2.4631,-59.1133,-0.05436010,-2.4631,-2.4631,-3.0788,-3.0788,-3.0788,-59.1133,-0.05436010,-14.1626,-12.9214,-47.4138,-48.6549,-0.04360133,-0.04474271,-0.00226500,11.5685,10.0800,-0.6551,-3.0788,-2.4631,54.3719,4.7000,,11.5685,8.1145,10.5327,13.6115,16.2408,20.3528,37.8018,10.4704,0.0,1.932343,3.589001,1.098342,7,21,22,2,0E-8,-0.05662511,,0E-8,0.000000,0.871333,0.000000,,2026-03-23,2026-06-29,20,25,25,99,0.202020,,,0.000000,,,,,,,,GLOBAL_BASELINE_NO_ENTITY_RANKING,,,NOT_APPLICABLE_GLOBAL_BASELINE,HF9g-P5,,,,X 全窗基线 · 不参与实体赏罚,3927785,393,A168_HF9F_20260827_0900,2026-08-27 09:00:00
2026-06-29,145948342,2101,0,11.5719906396,-3.8573302132,-3.8573302132,0.5000000,2,2,0.49324550000000000,0.493245500000,0.01910635448239258,0.01910635448239258,0.01910635448239258,0E-17,ELIGIBLE,R03b_20260811_FULL_v1,L1_ELIGIBILITY,v2026-08-11,2026-03-21..2026-08-06,baccarat_bet02_101_all_pairs_incl_sentinel,round_win = game_pnl > 0 (decisive only),COMPATIBILITY_ONLY_NOT_PRODUCTION,1087.4385,947.5216,-61.5763,94,94,0.05662511,,0.05662511,0.05662511,61.5763,1087.4385,OK,0.0000,-2.4631,4.0000,96.0000,AG03-UNRESOLVED,ALL5_LEVELS_bet23_to_bet27,-2.4631,-2.4631,-3.0788,-3.0788,-3.0788,4.000000,4.000000,5.000000,5.000000,5.000000,96.000000,96.000000,95.000000,95.000000,95.000000,5.0,-14.1626,-12.9214,-47.4138,-48.6549,PENDING_AG03,FALSE,NOT_FOR_ENFORCEMENT,-59.1133,909.6207,-61.5763,-59.1133,-2.4631,-0.05662511,-0.05436010,-2.4631,-59.1133,-0.05436010,-2.4631,-2.4631,-3.0788,-3.0788,-3.0788,-59.1133,-0.05436010,-14.1626,-12.9214,-47.4138,-48.6549,-0.04360133,-0.04474271,-0.00226500,11.5685,10.0800,-0.6551,-3.0788,-2.4631,54.3719,4.7000,,11.5685,8.1145,10.5327,13.6115,16.2408,20.3528,37.8018,10.4704,0.0,1.932343,3.589001,1.098342,7,21,22,2,0E-8,-0.05662511,,0E-8,0.000000,0.871333,0.000000,,2026-03-23,2026-06-29,20,25,25,99,0.202020,,,0.000000,,,,,,,,GLOBAL_BASELINE_NO_ENTITY_RANKING,,,NOT_APPLICABLE_GLOBAL_BASELINE,HF9g-P5,,,,X 全窗基线 · 不参与实体赏罚,3927786,393,A168_HF9F_20260827_0900,2026-08-27 09:00:00
2026-03-24,145339581,2177,0,34.2312452274,32.5196829660,32.5196829660,1.0000000,1,1,0.50665070000000000,0.506650700000,0.9867858985152569,0.9867858985152569,0.9867858985152569,0E-17,ELIGIBLE,R03b_20260811_FULL_v1,L1_ELIGIBILITY,v2026-08-11,2026-03-21..2026-08-06,baccarat_bet02_101_all_pairs_incl_sentinel,round_win = game_pnl > 0 (decisive only),COMPATIBILITY_ONLY_NOT_PRODUCTION,418.4396,350.2108,-61.5759,15,15,0.14715609,,0.14715609,0.14715609,61.5759,418.4396,THIN_EXPOSURE,0.0000,-2.4630,4.0000,96.0000,AG03-UNRESOLVED,ALL5_LEVELS_bet23_to_bet27,-2.4630,-2.4630,-3.0788,-3.0788,-3.0788,4.000000,4.000000,5.000000,5.000000,5.000000,96.000000,96.000000,95.000000,95.000000,95.000000,5.0,-14.1625,-12.9213,-47.4135,-48.6546,PENDING_AG03,FALSE,NOT_FOR_ENFORCEMENT,-59.1129,336.2023,-61.5759,-59.1129,-2.4630,-0.14715609,-0.14126985,-2.4630,-59.1129,-0.14126985,-2.4630,-2.4630,-3.0788,-3.0788,-3.0788,-59.1129,-0.14126985,-14.1625,-12.9213,-47.4135,-48.6546,-0.11331019,-0.11627638,-0.00588624,27.8960,23.3474,-4.1051,-6.1576,-5.5978,41.8440,1.5000,,27.8960,22.2496,31.1349,34.0287,39.2639,39.2639,39.2639,28.9649,5.2352,1.261092,1.261092,0.895972,6,10,7,2,0E-8,-0.14715609,,0E-8,0.000000,0.836945,0.000000,,2026-03-24,2026-06-10,10,11,11,79,0.126582,,,0.000000,,,,,,,,GLOBAL_BASELINE_NO_ENTITY_RANKING,,,NOT_APPLICABLE_GLOBAL_BASELINE,HF9g-P5,,,,X 全窗基线 · 不参与实体赏罚,3927787,393,A168_HF9F_20260827_0900,2026-08-27 09:00:00
2026-03-28,145339581,2141,0,57.9297996156,28.9648998078,28.9648998078,1.0000000,2,2,0.49324550000000000,0.493245500000,1.01360149184955,1.01360149184955,1.01360149184955,0E-17,ELIGIBLE,R03b_20260811_FULL_v1,L1_ELIGIBILITY,v2026-08-11,2026-03-21..2026-08-06,baccarat_bet02_101_all_pairs_incl_sentinel,round_win = game_pnl > 0 (decisive only),COMPATIBILITY_ONLY_NOT_PRODUCTION,418.4396,350.2108,-61.5759,15,15,0.14715609,,0.14715609,0.14715609,61.5759,418.4396,THIN_EXPOSURE,0.0000,-2.4630,4.0000,96.0000,AG03-UNRESOLVED,ALL5_LEVELS_bet23_to_bet27,-2.4630,-2.4630,-3.0788,-3.0788,-3.0788,4.000000,4.000000,5.000000,5.000000,5.000000,96.000000,96.000000,95.000000,95.000000,95.000000,5.0,-14.1625,-12.9213,-47.4135,-48.6546,PENDING_AG03,FALSE,NOT_FOR_ENFORCEMENT,-59.1129,336.2023,-61.5759,-59.1129,-2.4630,-0.14715609,-0.14126985,-2.4630,-59.1129,-0.14126985,-2.4630,-2.4630,-3.0788,-3.0788,-3.0788,-59.1129,-0.14126985,-14.1625,-12.9213,-47.4135,-48.6546,-0.11331019,-0.11627638,-0.00588624,27.8960,23.3474,-4.1051,-6.1576,-5.5978,41.8440,1.5000,,27.8960,22.2496,31.1349,34.0287,39.2639,39.2639,39.2639,28.9649,5.2352,1.261092,1.261092,0.895972,6,10,7,2,0E-8,-0.14715609,,0E-8,0.000000,0.836945,0.000000,,2026-03-24,2026-06-10,10,11,11,79,0.126582,,,0.000000,,,,,,,,GLOBAL_BASELINE_NO_ENTITY_RANKING,,,NOT_APPLICABLE_GLOBAL_BASELINE,HF9g-P5,,,,X 全窗基线 · 不参与实体赏罚,3927788,393,A168_HF9F_20260827_0900,2026-08-27 09:00:00
2026-04-02,145339581,1210,0,62.8222914432,-31.4111457216,-31.4111457216,0.5000000,4,4,0.49324550000000000,0.493245500000,0.027020465636507562,0.027020465636507562,0.027020465636507562,0E-17,ELIGIBLE,R03b_20260811_FULL_v1,L1_ELIGIBILITY,v2026-08-11,2026-03-21..2026-08-06,baccarat_bet02_101_all_pairs_incl_sentinel,round_win = game_pnl > 0 (decisive only),COMPATIBILITY_ONLY_NOT_PRODUCTION,418.4396,350.2108,-61.5759,15,15,0.14715609,,0.14715609,0.14715609,61.5759,418.4396,THIN_EXPOSURE,0.0000,-2.4630,4.0000,96.0000,AG03-UNRESOLVED,ALL5_LEVELS_bet23_to_bet27,-2.4630,-2.4630,-3.0788,-3.0788,-3.0788,4.000000,4.000000,5.000000,5.000000,5.000000,96.000000,96.000000,95.000000,95.000000,95.000000,5.0,-14.1625,-12.9213,-47.4135,-48.6546,PENDING_AG03,FALSE,NOT_FOR_ENFORCEMENT,-59.1129,336.2023,-61.5759,-59.1129,-2.4630,-0.14715609,-0.14126985,-2.4630,-59.1129,-0.14126985,-2.4630,-2.4630,-3.0788,-3.0788,-3.0788,-59.1129,-0.14126985,-14.1625,-12.9213,-47.4135,-48.6546,-0.11331019,-0.11627638,-0.00588624,27.8960,23.3474,-4.1051,-6.1576,-5.5978,41.8440,1.5000,,27.8960,22.2496,31.1349,34.0287,39.2639,39.2639,39.2639,28.9649,5.2352,1.261092,1.261092,0.895972,6,10,7,2,0E-8,-0.14715609,,0E-8,0.000000,0.836945,0.000000,,2026-03-24,2026-06-10,10,11,11,79,0.126582,,,0.000000,,,,,,,,GLOBAL_BASELINE_NO_ENTITY_RANKING,,,NOT_APPLICABLE_GLOBAL_BASELINE,HF9g-P5,,,,X 全窗基线 · 不参与实体赏罚,3927789,393,A168_HF9F_20260827_0900,2026-08-27 09:00:00
2026-04-05,145339581,526,0,39.2639321519,-39.2639321519,-39.2639321519,0E-7,1,1,0.50665070000000000,0.506650700000,-1.013391052207602,-1.013391052207602,-1.013391052207602,0E-17,ELIGIBLE,R03b_20260811_FULL_v1,L1_ELIGIBILITY,v2026-08-11,2026-03-21..2026-08-06,baccarat_bet02_101_all_pairs_incl_sentinel,round_win = game_pnl > 0 (decisive only),COMPATIBILITY_ONLY_NOT_PRODUCTION,418.4396,350.2108,-61.5759,15,15,0.14715609,,0.14715609,0.14715609,61.5759,418.4396,THIN_EXPOSURE,0.0000,-2.4630,4.0000,96.0000,AG03-UNRESOLVED,ALL5_LEVELS_bet23_to_bet27,-2.4630,-2.4630,-3.0788,-3.0788,-3.0788,4.000000,4.000000,5.000000,5.000000,5.000000,96.000000,96.000000,95.000000,95.000000,95.000000,5.0,-14.1625,-12.9213,-47.4135,-48.6546,PENDING_AG03,FALSE,NOT_FOR_ENFORCEMENT,-59.1129,336.2023,-61.5759,-59.1129,-2.4630,-0.14715609,-0.14126985,-2.4630,-59.1129,-0.14126985,-2.4630,-2.4630,-3.0788,-3.0788,-3.0788,-59.1129,-0.14126985,-14.1625,-12.9213,-47.4135,-48.6546,-0.11331019,-0.11627638,-0.00588624,27.8960,23.3474,-4.1051,-6.1576,-5.5978,41.8440,1.5000,,27.8960,22.2496,31.1349,34.0287,39.2639,39.2639,39.2639,28.9649,5.2352,1.261092,1.261092,0.895972,6,10,7,2,0E-8,-0.14715609,,0E-8,0.000000,0.836945,0.000000,,2026-03-24,2026-06-10,10,11,11,79,0.126582,,,0.000000,,,,,,,,GLOBAL_BASELINE_NO_ENTITY_RANKING,,,NOT_APPLICABLE_GLOBAL_BASELINE,HF9g-P5,,,,X 全窗基线 · 不参与实体赏罚,3927790,393,A168_HF9F_20260827_0900,2026-08-27 09:00:00
2026-04-05,145339581,970,0,39.2639321519,0E-10,0E-10,,1,1,0.49324550000000000,0.493245500000,,,,0E-17,NO_DECISIVE_ROUND,R03b_20260811_FULL_v1,L1_ELIGIBILITY,v2026-08-11,2026-03-21..2026-08-06,baccarat_bet02_101_all_pairs_incl_sentinel,round_win = game_pnl > 0 (decisive only),COMPATIBILITY_ONLY_NOT_PRODUCTION,418.4396,350.2108,-61.5759,15,15,0.14715609,,0.14715609,0.14715609,61.5759,418.4396,THIN_EXPOSURE,0.0000,-2.4630,4.0000,96.0000,AG03-UNRESOLVED,ALL5_LEVELS_bet23_to_bet27,-2.4630,-2.4630,-3.0788,-3.0788,-3.0788,4.000000,4.000000,5.000000,5.000000,5.000000,96.000000,96.000000,95.000000,95.000000,95.000000,5.0,-14.1625,-12.9213,-47.4135,-48.6546,PENDING_AG03,FALSE,NOT_FOR_ENFORCEMENT,-59.1129,336.2023,-61.5759,-59.1129,-2.4630,-0.14715609,-0.14126985,-2.4630,-59.1129,-0.14126985,-2.4630,-2.4630,-3.0788,-3.0788,-3.0788,-59.1129,-0.14126985,-14.1625,-12.9213,-47.4135,-48.6546,-0.11331019,-0.11627638,-0.00588624,27.8960,23.3474,-4.1051,-6.1576,-5.5978,41.8440,1.5000,,27.8960,22.2496,31.1349,34.0287,39.2639,39.2639,39.2639,28.9649,5.2352,1.261092,1.261092,0.895972,6,10,7,2,0E-8,-0.14715609,,0E-8,0.000000,0.836945,0.000000,,2026-03-24,2026-06-10,10,11,11,79,0.126582,,,0.000000,,,,,,,,GLOBAL_BASELINE_NO_ENTITY_RANKING,,,NOT_APPLICABLE_GLOBAL_BASELINE,HF9g-P5,,,,X 全窗基线 · 不参与实体赏罚,3927791,393,A168_HF9F_20260827_0900,2026-08-27 09:00:00
2026-04-08,145339581,2123,0,34.0287411983,32.3273041384,32.3273041384,1.0000000,1,1,0.50665070000000000,0.506650700000,0.9867858985152569,0.9867858985152569,0.9867858985152569,0E-17,ELIGIBLE,R03b_20260811_FULL_v1,L1_ELIGIBILITY,v2026-08-11,2026-03-21..2026-08-06,baccarat_bet02_101_all_pairs_incl_sentinel,round_win = game_pnl > 0 (decisive only),COMPATIBILITY_ONLY_NOT_PRODUCTION,418.4396,350.2108,-61.5759,15,15,0.14715609,,0.14715609,0.14715609,61.5759,418.4396,THIN_EXPOSURE,0.0000,-2.4630,4.0000,96.0000,AG03-UNRESOLVED,ALL5_LEVELS_bet23_to_bet27,-2.4630,-2.4630,-3.0788,-3.0788,-3.0788,4.000000,4.000000,5.000000,5.000000,5.000000,96.000000,96.000000,95.000000,95.000000,95.000000,5.0,-14.1625,-12.9213,-47.4135,-48.6546,PENDING_AG03,FALSE,NOT_FOR_ENFORCEMENT,-59.1129,336.2023,-61.5759,-59.1129,-2.4630,-0.14715609,-0.14126985,-2.4630,-59.1129,-0.14126985,-2.4630,-2.4630,-3.0788,-3.0788,-3.0788,-59.1129,-0.14126985,-14.1625,-12.9213,-47.4135,-48.6546,-0.11331019,-0.11627638,-0.00588624,27.8960,23.3474,-4.1051,-6.1576,-5.5978,41.8440,1.5000,,27.8960,22.2496,31.1349,34.0287,39.2639,39.2639,39.2639,28.9649,5.2352,1.261092,1.261092,0.895972,6,10,7,2,0E-8,-0.14715609,,0E-8,0.000000,0.836945,0.000000,,2026-03-24,2026-06-10,10,11,11,79,0.126582,,,0.000000,,,,,,,,GLOBAL_BASELINE_NO_ENTITY_RANKING,,,NOT_APPLICABLE_GLOBAL_BASELINE,HF9g-P5,,,,X 全窗基线 · 不参与实体赏罚,3927792,393,A168_HF9F_20260827_0900,2026-08-27 09:00:00
2026-04-16,145339581,2145,0,34.0287411983,32.3273041384,32.3273041384,1.0000000,1,1,0.50665070000000000,0.506650700000,0.9867858985152569,0.9867858985152569,0.9867858985152569,0E-17,ELIGIBLE,R03b_20260811_FULL_v1,L1_ELIGIBILITY,v2026-08-11,2026-03-21..2026-08-06,baccarat_bet02_101_all_pairs_incl_sentinel,round_win = game_pnl > 0 (decisive only),COMPATIBILITY_ONLY_NOT_PRODUCTION,418.4396,350.2108,-61.5759,15,15,0.14715609,,0.14715609,0.14715609,61.5759,418.4396,THIN_EXPOSURE,0.0000,-2.4630,4.0000,96.0000,AG03-UNRESOLVED,ALL5_LEVELS_bet23_to_bet27,-2.4630,-2.4630,-3.0788,-3.0788,-3.0788,4.000000,4.000000,5.000000,5.000000,5.000000,96.000000,96.000000,95.000000,95.000000,95.000000,5.0,-14.1625,-12.9213,-47.4135,-48.6546,PENDING_AG03,FALSE,NOT_FOR_ENFORCEMENT,-59.1129,336.2023,-61.5759,-59.1129,-2.4630,-0.14715609,-0.14126985,-2.4630,-59.1129,-0.14126985,-2.4630,-2.4630,-3.0788,-3.0788,-3.0788,-59.1129,-0.14126985,-14.1625,-12.9213,-47.4135,-48.6546,-0.11331019,-0.11627638,-0.00588624,27.8960,23.3474,-4.1051,-6.1576,-5.5978,41.8440,1.5000,,27.8960,22.2496,31.1349,34.0287,39.2639,39.2639,39.2639,28.9649,5.2352,1.261092,1.261092,0.895972,6,10,7,2,0E-8,-0.14715609,,0E-8,0.000000,0.836945,0.000000,,2026-03-24,2026-06-10,10,11,11,79,0.126582,,,0.000000,,,,,,,,GLOBAL_BASELINE_NO_ENTITY_RANKING,,,NOT_APPLICABLE_GLOBAL_BASELINE,HF9g-P5,,,,X 全窗基线 · 不参与实体赏罚,3927793,393,A168_HF9F_20260827_0900,2026-08-27 09:00:00
2026-04-22,145339581,1017,0,34.0287411983,-34.0287411983,-34.0287411983,0E-7,1,1,0.50665070000000000,0.506650700000,-1.013391052207602,-1.013391052207602,-1.013391052207602,0E-17,ELIGIBLE,R03b_20260811_FULL_v1,L1_ELIGIBILITY,v2026-08-11,2026-03-21..2026-08-06,baccarat_bet02_101_all_pairs_incl_sentinel,round_win = game_pnl > 0 (decisive only),COMPATIBILITY_ONLY_NOT_PRODUCTION,418.4396,350.2108,-61.5759,15,15,0.14715609,,0.14715609,0.14715609,61.5759,418.4396,THIN_EXPOSURE,0.0000,-2.4630,4.0000,96.0000,AG03-UNRESOLVED,ALL5_LEVELS_bet23_to_bet27,-2.4630,-2.4630,-3.0788,-3.0788,-3.0788,4.000000,4.000000,5.000000,5.000000,5.000000,96.000000,96.000000,95.000000,95.000000,95.000000,5.0,-14.1625,-12.9213,-47.4135,-48.6546,PENDING_AG03,FALSE,NOT_FOR_ENFORCEMENT,-59.1129,336.2023,-61.5759,-59.1129,-2.4630,-0.14715609,-0.14126985,-2.4630,-59.1129,-0.14126985,-2.4630,-2.4630,-3.0788,-3.0788,-3.0788,-59.1129,-0.14126985,-14.1625,-12.9213,-47.4135,-48.6546,-0.11331019,-0.11627638,-0.00588624,27.8960,23.3474,-4.1051,-6.1576,-5.5978,41.8440,1.5000,,27.8960,22.2496,31.1349,34.0287,39.2639,39.2639,39.2639,28.9649,5.2352,1.261092,1.261092,0.895972,6,10,7,2,0E-8,-0.14715609,,0E-8,0.000000,0.836945,0.000000,,2026-03-24,2026-06-10,10,11,11,79,0.126582,,,0.000000,,,,,,,,GLOBAL_BASELINE_NO_ENTITY_RANKING,,,NOT_APPLICABLE_GLOBAL_BASELINE,HF9g-P5,,,,X 全窗基线 · 不参与实体赏罚,3927794,393,A168_HF9F_20260827_0900,2026-08-27 09:00:00
2026-05-01,145339581,919,0,31.1348658606,31.1348658606,31.1348658606,1.0000000,1,1,0.49324550000000000,0.493245500000,1.01360149184955,1.01360149184955,1.01360149184955,0E-17,ELIGIBLE,R03b_20260811_FULL_v1,L1_ELIGIBILITY,v2026-08-11,2026-03-21..2026-08-06,baccarat_bet02_101_all_pairs_incl_sentinel,round_win = game_pnl > 0 (decisive only),COMPATIBILITY_ONLY_NOT_PRODUCTION,418.4396,350.2108,-61.5759,15,15,0.14715609,,0.14715609,0.14715609,61.5759,418.4396,THIN_EXPOSURE,0.0000,-2.4630,4.0000,96.0000,AG03-UNRESOLVED,ALL5_LEVELS_bet23_to_bet27,-2.4630,-2.4630,-3.0788,-3.0788,-3.0788,4.000000,4.000000,5.000000,5.000000,5.000000,96.000000,96.000000,95.000000,95.000000,95.000000,5.0,-14.1625,-12.9213,-47.4135,-48.6546,PENDING_AG03,FALSE,NOT_FOR_ENFORCEMENT,-59.1129,336.2023,-61.5759,-59.1129,-2.4630,-0.14715609,-0.14126985,-2.4630,-59.1129,-0.14126985,-2.4630,-2.4630,-3.0788,-3.0788,-3.0788,-59.1129,-0.14126985,-14.1625,-12.9213,-47.4135,-48.6546,-0.11331019,-0.11627638,-0.00588624,27.8960,23.3474,-4.1051,-6.1576,-5.5978,41.8440,1.5000,,27.8960,22.2496,31.1349,34.0287,39.2639,39.2639,39.2639,28.9649,5.2352,1.261092,1.261092,0.895972,6,10,7,2,0E-8,-0.14715609,,0E-8,0.000000,0.836945,0.000000,,2026-03-24,2026-06-10,10,11,11,79,0.126582,,,0.000000,,,,,,,,GLOBAL_BASELINE_NO_ENTITY_RANKING,,,NOT_APPLICABLE_GLOBAL_BASELINE,HF9g-P5,,,,X 全窗基线 · 不参与实体赏罚,3927795,393,A168_HF9F_20260827_0900,2026-08-27 09:00:00
2026-05-03,145339581,970,0,31.1348658606,29.5781225676,29.5781225676,1.0000000,1,1,0.50665070000000000,0.506650700000,0.9867858985152569,0.9867858985152569,0.9867858985152569,0E-17,ELIGIBLE,R03b_20260811_FULL_v1,L1_ELIGIBILITY,v2026-08-11,2026-03-21..2026-08-06,baccarat_bet02_101_all_pairs_incl_sentinel,round_win = game_pnl > 0 (decisive only),COMPATIBILITY_ONLY_NOT_PRODUCTION,418.4396,350.2108,-61.5759,15,15,0.14715609,,0.14715609,0.14715609,61.5759,418.4396,THIN_EXPOSURE,0.0000,-2.4630,4.0000,96.0000,AG03-UNRESOLVED,ALL5_LEVELS_bet23_to_bet27,-2.4630,-2.4630,-3.0788,-3.0788,-3.0788,4.000000,4.000000,5.000000,5.000000,5.000000,96.000000,96.000000,95.000000,95.000000,95.000000,5.0,-14.1625,-12.9213,-47.4135,-48.6546,PENDING_AG03,FALSE,NOT_FOR_ENFORCEMENT,-59.1129,336.2023,-61.5759,-59.1129,-2.4630,-0.14715609,-0.14126985,-2.4630,-59.1129,-0.14126985,-2.4630,-2.4630,-3.0788,-3.0788,-3.0788,-59.1129,-0.14126985,-14.1625,-12.9213,-47.4135,-48.6546,-0.11331019,-0.11627638,-0.00588624,27.8960,23.3474,-4.1051,-6.1576,-5.5978,41.8440,1.5000,,27.8960,22.2496,31.1349,34.0287,39.2639,39.2639,39.2639,28.9649,5.2352,1.261092,1.261092,0.895972,6,10,7,2,0E-8,-0.14715609,,0E-8,0.000000,0.836945,0.000000,,2026-03-24,2026-06-10,10,11,11,79,0.126582,,,0.000000,,,,,,,,GLOBAL_BASELINE_NO_ENTITY_RANKING,,,NOT_APPLICABLE_GLOBAL_BASELINE,HF9g-P5,,,,X 全窗基线 · 不参与实体赏罚,3927796,393,A168_HF9F_20260827_0900,2026-08-27 09:00:00
2026-06-10,145339581,772,0,20.5724278036,-20.5724278036,-20.5724278036,0E-7,1,1,0.49324550000000000,0.493245500000,-0.9865810262130424,-0.9865810262130424,-0.9865810262130424,0E-17,ELIGIBLE,R03b_20260811_FULL_v1,L1_ELIGIBILITY,v2026-08-11,2026-03-21..2026-08-06,baccarat_bet02_101_all_pairs_incl_sentinel,round_win = game_pnl > 0 (decisive only),COMPATIBILITY_ONLY_NOT_PRODUCTION,418.4396,350.2108,-61.5759,15,15,0.14715609,,0.14715609,0.14715609,61.5759,418.4396,THIN_EXPOSURE,0.0000,-2.4630,4.0000,96.0000,AG03-UNRESOLVED,ALL5_LEVELS_bet23_to_bet27,-2.4630,-2.4630,-3.0788,-3.0788,-3.0788,4.000000,4.000000,5.000000,5.000000,5.000000,96.000000,96.000000,95.000000,95.000000,95.000000,5.0,-14.1625,-12.9213,-47.4135,-48.6546,PENDING_AG03,FALSE,NOT_FOR_ENFORCEMENT,-59.1129,336.2023,-61.5759,-59.1129,-2.4630,-0.14715609,-0.14126985,-2.4630,-59.1129,-0.14126985,-2.4630,-2.4630,-3.0788,-3.0788,-3.0788,-59.1129,-0.14126985,-14.1625,-12.9213,-47.4135,-48.6546,-0.11331019,-0.11627638,-0.00588624,27.8960,23.3474,-4.1051,-6.1576,-5.5978,41.8440,1.5000,,27.8960,22.2496,31.1349,34.0287,39.2639,39.2639,39.2639,28.9649,5.2352,1.261092,1.261092,0.895972,6,10,7,2,0E-8,-0.14715609,,0E-8,0.000000,0.836945,0.000000,,2026-03-24,2026-06-10,10,11,11,79,0.126582,,,0.000000,,,,,,,,GLOBAL_BASELINE_NO_ENTITY_RANKING,,,NOT_APPLICABLE_GLOBAL_BASELINE,HF9g-P5,,,,X 全窗基线 · 不参与实体赏罚,3927797,393,A168_HF9F_20260827_0900,2026-08-27 09:00:00
2026-07-10,152799895,1004,0,5.1635556244,4.9053778432,4.9053778432,1.0000000,1,1,0.50665070000000000,0.506650700000,0.9867858985152569,0.9867858985152569,0.9867858985152569,0E-17,ELIGIBLE,R03b_20260811_FULL_v1,L1_ELIGIBILITY,v2026-08-11,2026-03-21..2026-08-06,baccarat_bet02_101_all_pairs_incl_sentinel,round_win = game_pnl > 0 (decisive only),COMPATIBILITY_ONLY_NOT_PRODUCTION,366.6124,296.9044,-61.5754,19,19,0.16795775,0.16795775,,0.16795775,61.5754,366.6124,THIN_EXPOSURE,0.0000,-2.4630,4.0000,96.0000,AG03-UNRESOLVED,ALL5_LEVELS_bet23_to_bet27,-2.4630,-2.4630,-3.0788,-3.0788,-3.0788,4.000000,4.000000,5.000000,5.000000,5.000000,96.000000,96.000000,95.000000,95.000000,95.000000,5.0,-14.1623,-12.9212,-47.4131,-48.6542,PENDING_AG03,FALSE,NOT_FOR_ENFORCEMENT,-59.1124,285.0283,-61.5754,-59.1124,-2.4630,-0.16795775,-0.16123944,-2.4630,-59.1124,-0.16123944,-2.4630,-2.4630,-3.0788,-3.0788,-3.0788,-59.1124,-0.16123944,-14.1623,-12.9212,-47.4131,-48.6542,-0.12932746,-0.13271296,-0.00671831,19.2954,15.6265,-3.2408,-61.5754,-20.5251,366.6124,19.0000,19.2954,,12.9089,12.9089,25.8178,33.5631,45.8265,51.6356,12.9089,5.1636,3.549999,4.0,1.494737,3,5,1,2,1.00000000,-0.16795775,-0.16795775,0E-8,0.000000,0.809859,0.000000,,2026-07-10,2026-07-10,1,3,3,1,1.000000,,1.000000,3.333333,,,,,,,,GLOBAL_BASELINE_NO_ENTITY_RANKING,,,NOT_APPLICABLE_GLOBAL_BASELINE,HF9g-P5,,,,X 全窗基线 · 不参与实体赏罚,3927798,393,A168_HF9F_20260827_0900,2026-08-27 09:00:00
2026-07-10,152799895,1947,0,2.5817778122,2.4526889216,2.4526889216,1.0000000,1,1,0.50665070000000000,0.506650700000,0.9867858985152569,0.9867858985152569,0.9867858985152569,0E-17,ELIGIBLE,R03b_20260811_FULL_v1,L1_ELIGIBILITY,v2026-08-11,2026-03-21..2026-08-06,baccarat_bet02_101_all_pairs_incl_sentinel,round_win = game_pnl > 0 (decisive only),COMPATIBILITY_ONLY_NOT_PRODUCTION,366.6124,296.9044,-61.5754,19,19,0.16795775,0.16795775,,0.16795775,61.5754,366.6124,THIN_EXPOSURE,0.0000,-2.4630,4.0000,96.0000,AG03-UNRESOLVED,ALL5_LEVELS_bet23_to_bet27,-2.4630,-2.4630,-3.0788,-3.0788,-3.0788,4.000000,4.000000,5.000000,5.000000,5.000000,96.000000,96.000000,95.000000,95.000000,95.000000,5.0,-14.1623,-12.9212,-47.4131,-48.6542,PENDING_AG03,FALSE,NOT_FOR_ENFORCEMENT,-59.1124,285.0283,-61.5754,-59.1124,-2.4630,-0.16795775,-0.16123944,-2.4630,-59.1124,-0.16123944,-2.4630,-2.4630,-3.0788,-3.0788,-3.0788,-59.1124,-0.16123944,-14.1623,-12.9212,-47.4131,-48.6542,-0.12932746,-0.13271296,-0.00671831,19.2954,15.6265,-3.2408,-61.5754,-20.5251,366.6124,19.0000,19.2954,,12.9089,12.9089,25.8178,33.5631,45.8265,51.6356,12.9089,5.1636,3.549999,4.0,1.494737,3,5,1,2,1.00000000,-0.16795775,-0.16795775,0E-8,0.000000,0.809859,0.000000,,2026-07-10,2026-07-10,1,3,3,1,1.000000,,1.000000,3.333333,,,,,,,,GLOBAL_BASELINE_NO_ENTITY_RANKING,,,NOT_APPLICABLE_GLOBAL_BASELINE,HF9g-P5,,,,X 全窗基线 · 不参与实体赏罚,3927799,393,A168_HF9F_20260827_0900,2026-08-27 09:00:00
2026-07-10,152799895,2115,0,180.7244468540,-14.8452224201,-14.8452224201,0.6666667,7,7,0.50090561428571429,0.500905614286,0.8120613271247304,0.8120613271233317,0.8120613271247304,-2.8571E-13,ELIGIBLE,R03b_20260811_FULL_v1,L1_ELIGIBILITY,v2026-08-11,2026-03-21..2026-08-06,baccarat_bet02_101_all_pairs_incl_sentinel,round_win = game_pnl > 0 (decisive only),COMPATIBILITY_ONLY_NOT_PRODUCTION,366.6124,296.9044,-61.5754,19,19,0.16795775,0.16795775,,0.16795775,61.5754,366.6124,THIN_EXPOSURE,0.0000,-2.4630,4.0000,96.0000,AG03-UNRESOLVED,ALL5_LEVELS_bet23_to_bet27,-2.4630,-2.4630,-3.0788,-3.0788,-3.0788,4.000000,4.000000,5.000000,5.000000,5.000000,96.000000,96.000000,95.000000,95.000000,95.000000,5.0,-14.1623,-12.9212,-47.4131,-48.6542,PENDING_AG03,FALSE,NOT_FOR_ENFORCEMENT,-59.1124,285.0283,-61.5754,-59.1124,-2.4630,-0.16795775,-0.16123944,-2.4630,-59.1124,-0.16123944,-2.4630,-2.4630,-3.0788,-3.0788,-3.0788,-59.1124,-0.16123944,-14.1623,-12.9212,-47.4131,-48.6542,-0.12932746,-0.13271296,-0.00671831,19.2954,15.6265,-3.2408,-61.5754,-20.5251,366.6124,19.0000,19.2954,,12.9089,12.9089,25.8178,33.5631,45.8265,51.6356,12.9089,5.1636,3.549999,4.0,1.494737,3,5,1,2,1.00000000,-0.16795775,-0.16795775,0E-8,0.000000,0.809859,0.000000,,2026-07-10,2026-07-10,1,3,3,1,1.000000,,1.000000,3.333333,,,,,,,,GLOBAL_BASELINE_NO_ENTITY_RANKING,,,NOT_APPLICABLE_GLOBAL_BASELINE,HF9g-P5,,,,X 全窗基线 · 不参与实体赏罚,3927800,393,A168_HF9F_20260827_0900,2026-08-27 09:00:00
2026-07-10,152799895,2127,0,25.8177781220,25.8177781220,25.8177781220,1.0000000,1,1,0.49324550000000000,0.493245500000,1.01360149184955,1.01360149184955,1.01360149184955,0E-17,ELIGIBLE,R03b_20260811_FULL_v1,L1_ELIGIBILITY,v2026-08-11,2026-03-21..2026-08-06,baccarat_bet02_101_all_pairs_incl_sentinel,round_win = game_pnl > 0 (decisive only),COMPATIBILITY_ONLY_NOT_PRODUCTION,366.6124,296.9044,-61.5754,19,19,0.16795775,0.16795775,,0.16795775,61.5754,366.6124,THIN_EXPOSURE,0.0000,-2.4630,4.0000,96.0000,AG03-UNRESOLVED,ALL5_LEVELS_bet23_to_bet27,-2.4630,-2.4630,-3.0788,-3.0788,-3.0788,4.000000,4.000000,5.000000,5.000000,5.000000,96.000000,96.000000,95.000000,95.000000,95.000000,5.0,-14.1623,-12.9212,-47.4131,-48.6542,PENDING_AG03,FALSE,NOT_FOR_ENFORCEMENT,-59.1124,285.0283,-61.5754,-59.1124,-2.4630,-0.16795775,-0.16123944,-2.4630,-59.1124,-0.16123944,-2.4630,-2.4630,-3.0788,-3.0788,-3.0788,-59.1124,-0.16123944,-14.1623,-12.9212,-47.4131,-48.6542,-0.12932746,-0.13271296,-0.00671831,19.2954,15.6265,-3.2408,-61.5754,-20.5251,366.6124,19.0000,19.2954,,12.9089,12.9089,25.8178,33.5631,45.8265,51.6356,12.9089,5.1636,3.549999,4.0,1.494737,3,5,1,2,1.00000000,-0.16795775,-0.16795775,0E-8,0.000000,0.809859,0.000000,,2026-07-10,2026-07-10,1,3,3,1,1.000000,,1.000000,3.333333,,,,,,,,GLOBAL_BASELINE_NO_ENTITY_RANKING,,,NOT_APPLICABLE_GLOBAL_BASELINE,HF9g-P5,,,,X 全窗基线 · 不参与实体赏罚,3927801,393,A168_HF9F_20260827_0900,2026-08-27 09:00:00
2026-07-10,152799895,2271,0,152.3248909198,43.2447783544,43.2447783544,0.7142857,9,9,0.49771390000000000,0.497713900000,1.1460023018311523,1.1460023018311523,1.1460023018311523,0E-17,ELIGIBLE,R03b_20260811_FULL_v1,L1_ELIGIBILITY,v2026-08-11,2026-03-21..2026-08-06,baccarat_bet02_101_all_pairs_incl_sentinel,round_win = game_pnl > 0 (decisive only),COMPATIBILITY_ONLY_NOT_PRODUCTION,366.6124,296.9044,-61.5754,19,19,0.16795775,0.16795775,,0.16795775,61.5754,366.6124,THIN_EXPOSURE,0.0000,-2.4630,4.0000,96.0000,AG03-UNRESOLVED,ALL5_LEVELS_bet23_to_bet27,-2.4630,-2.4630,-3.0788,-3.0788,-3.0788,4.000000,4.000000,5.000000,5.000000,5.000000,96.000000,96.000000,95.000000,95.000000,95.000000,5.0,-14.1623,-12.9212,-47.4131,-48.6542,PENDING_AG03,FALSE,NOT_FOR_ENFORCEMENT,-59.1124,285.0283,-61.5754,-59.1124,-2.4630,-0.16795775,-0.16123944,-2.4630,-59.1124,-0.16123944,-2.4630,-2.4630,-3.0788,-3.0788,-3.0788,-59.1124,-0.16123944,-14.1623,-12.9212,-47.4131,-48.6542,-0.12932746,-0.13271296,-0.00671831,19.2954,15.6265,-3.2408,-61.5754,-20.5251,366.6124,19.0000,19.2954,,12.9089,12.9089,25.8178,33.5631,45.8265,51.6356,12.9089,5.1636,3.549999,4.0,1.494737,3,5,1,2,1.00000000,-0.16795775,-0.16795775,0E-8,0.000000,0.809859,0.000000,,2026-07-10,2026-07-10,1,3,3,1,1.000000,,1.000000,3.333333,,,,,,,,GLOBAL_BASELINE_NO_ENTITY_RANKING,,,NOT_APPLICABLE_GLOBAL_BASELINE,HF9g-P5,,,,X 全窗基线 · 不参与实体赏罚,3927802,393,A168_HF9F_20260827_0900,2026-08-27 09:00:00
2026-04-06,124498066,1654,0,10.2086223595,9.8683349475,9.8683349475,1.0000000,2,2,0.49994810000000000,0.499948100000,1.4143603653603398,1.4143603653603398,1.4143603653603398,0E-17,ELIGIBLE,R03b_20260811_FULL_v1,L1_ELIGIBILITY,v2026-08-11,2026-03-21..2026-08-06,baccarat_bet02_101_all_pairs_incl_sentinel,round_win = game_pnl > 0 (decisive only),COMPATIBILITY_ONLY_NOT_PRODUCTION,80.5527,74.8728,-61.5740,13,13,0.76439459,1.00000000,0.72155801,0.76439459,61.5740,80.5527,THIN_EXPOSURE,0.0000,-2.4630,4.0000,96.0000,AG03-UNRESOLVED,ALL5_LEVELS_bet23_to_bet27,-2.4630,-3.0787,-3.0787,-3.0787,-3.0787,4.000000,5.000000,5.000000,5.000000,5.000000,96.000000,95.000000,95.000000,95.000000,95.000000,5.0,-14.7778,-13.4277,-46.7963,-48.1463,PENDING_AG03,FALSE,NOT_FOR_ENFORCEMENT,-59.1111,71.8779,-61.5740,-59.1111,-2.4630,-0.76439459,-0.73381881,-2.4630,-59.1111,-0.73381881,-2.4630,-3.0787,-3.0787,-3.0787,-3.0787,-59.1111,-0.73381881,-14.7778,-13.4277,-46.7963,-48.1463,-0.58093989,-0.59770001,-0.03057578,6.1964,5.7594,-4.7365,-7.6968,-6.8416,10.0691,1.6250,6.1963,6.1964,5.5033,5.6799,6.8057,9.9813,10.093,10.1188,5.6799,5.6799,1.776971,1.781512,1.090926,6,8,8,2,0.15384382,-0.76439459,-1.00000000,0E-8,0.000000,0.929488,0.000000,0.27844199,2026-04-06,2026-07-27,8,9,9,113,0.070797,0.999982,0.999985,0.512813,,,,,,,,GLOBAL_BASELINE_NO_ENTITY_RANKING,,,NOT_APPLICABLE_GLOBAL_BASELINE,HF9g-P5,,,,X 全窗基线 · 不参与实体赏罚,3927803,393,A168_HF9F_20260827_0900,2026-08-27 09:00:00
2026-04-13,124498066,1941,0,6.8057482397,6.8057482397,6.8057482397,1.0000000,1,1,0.49324550000000000,0.493245500000,1.01360149184955,1.01360149184955,1.01360149184955,0E-17,ELIGIBLE,R03b_20260811_FULL_v1,L1_ELIGIBILITY,v2026-08-11,2026-03-21..2026-08-06,baccarat_bet02_101_all_pairs_incl_sentinel,round_win = game_pnl > 0 (decisive only),COMPATIBILITY_ONLY_NOT_PRODUCTION,80.5527,74.8728,-61.5740,13,13,0.76439459,1.00000000,0.72155801,0.76439459,61.5740,80.5527,THIN_EXPOSURE,0.0000,-2.4630,4.0000,96.0000,AG03-UNRESOLVED,ALL5_LEVELS_bet23_to_bet27,-2.4630,-3.0787,-3.0787,-3.0787,-3.0787,4.000000,5.000000,5.000000,5.000000,5.000000,96.000000,95.000000,95.000000,95.000000,95.000000,5.0,-14.7778,-13.4277,-46.7963,-48.1463,PENDING_AG03,FALSE,NOT_FOR_ENFORCEMENT,-59.1111,71.8779,-61.5740,-59.1111,-2.4630,-0.76439459,-0.73381881,-2.4630,-59.1111,-0.73381881,-2.4630,-3.0787,-3.0787,-3.0787,-3.0787,-59.1111,-0.73381881,-14.7778,-13.4277,-46.7963,-48.1463,-0.58093989,-0.59770001,-0.03057578,6.1964,5.7594,-4.7365,-7.6968,-6.8416,10.0691,1.6250,6.1963,6.1964,5.5033,5.6799,6.8057,9.9813,10.093,10.1188,5.6799,5.6799,1.776971,1.781512,1.090926,6,8,8,2,0.15384382,-0.76439459,-1.00000000,0E-8,0.000000,0.929488,0.000000,0.27844199,2026-04-06,2026-07-27,8,9,9,113,0.070797,0.999982,0.999985,0.512813,,,,,,,,GLOBAL_BASELINE_NO_ENTITY_RANKING,,,NOT_APPLICABLE_GLOBAL_BASELINE,HF9g-P5,,,,X 全窗基线 · 不参与实体赏罚,3927804,393,A168_HF9F_20260827_0900,2026-08-27 09:00:00
2026-04-27,124498066,986,0,14.9202942177,14.4229510771,14.4229510771,1.0000000,2,2,0.49994810000000000,0.499948100000,1.4143603653603398,1.4143603653603398,1.4143603653603398,0E-17,ELIGIBLE,R03b_20260811_FULL_v1,L1_ELIGIBILITY,v2026-08-11,2026-03-21..2026-08-06,baccarat_bet02_101_all_pairs_incl_sentinel,round_win = game_pnl > 0 (decisive only),COMPATIBILITY_ONLY_NOT_PRODUCTION,80.5527,74.8728,-61.5740,13,13,0.76439459,1.00000000,0.72155801,0.76439459,61.5740,80.5527,THIN_EXPOSURE,0.0000,-2.4630,4.0000,96.0000,AG03-UNRESOLVED,ALL5_LEVELS_bet23_to_bet27,-2.4630,-3.0787,-3.0787,-3.0787,-3.0787,4.000000,5.000000,5.000000,5.000000,5.000000,96.000000,95.000000,95.000000,95.000000,95.000000,5.0,-14.7778,-13.4277,-46.7963,-48.1463,PENDING_AG03,FALSE,NOT_FOR_ENFORCEMENT,-59.1111,71.8779,-61.5740,-59.1111,-2.4630,-0.76439459,-0.73381881,-2.4630,-59.1111,-0.73381881,-2.4630,-3.0787,-3.0787,-3.0787,-3.0787,-59.1111,-0.73381881,-14.7778,-13.4277,-46.7963,-48.1463,-0.58093989,-0.59770001,-0.03057578,6.1964,5.7594,-4.7365,-7.6968,-6.8416,10.0691,1.6250,6.1963,6.1964,5.5033,5.6799,6.8057,9.9813,10.093,10.1188,5.6799,5.6799,1.776971,1.781512,1.090926,6,8,8,2,0.15384382,-0.76439459,-1.00000000,0E-8,0.000000,0.929488,0.000000,0.27844199,2026-04-06,2026-07-27,8,9,9,113,0.070797,0.999982,0.999985,0.512813,,,,,,,,GLOBAL_BASELINE_NO_ENTITY_RANKING,,,NOT_APPLICABLE_GLOBAL_BASELINE,HF9g-P5,,,,X 全窗基线 · 不参与实体赏罚,3927805,393,A168_HF9F_20260827_0900,2026-08-27 09:00:00
2026-05-18,124498066,2246,0,6.2269731721,5.9156245135,5.9156245135,1.0000000,1,1,0.50665070000000000,0.506650700000,0.9867858985152569,0.9867858985152569,0.9867858985152569,0E-17,ELIGIBLE,R03b_20260811_FULL_v1,L1_ELIGIBILITY,v2026-08-11,2026-03-21..2026-08-06,baccarat_bet02_101_all_pairs_incl_sentinel,round_win = game_pnl > 0 (decisive only),COMPATIBILITY_ONLY_NOT_PRODUCTION,80.5527,74.8728,-61.5740,13,13,0.76439459,1.00000000,0.72155801,0.76439459,61.5740,80.5527,THIN_EXPOSURE,0.0000,-2.4630,4.0000,96.0000,AG03-UNRESOLVED,ALL5_LEVELS_bet23_to_bet27,-2.4630,-3.0787,-3.0787,-3.0787,-3.0787,4.000000,5.000000,5.000000,5.000000,5.000000,96.000000,95.000000,95.000000,95.000000,95.000000,5.0,-14.7778,-13.4277,-46.7963,-48.1463,PENDING_AG03,FALSE,NOT_FOR_ENFORCEMENT,-59.1111,71.8779,-61.5740,-59.1111,-2.4630,-0.76439459,-0.73381881,-2.4630,-59.1111,-0.73381881,-2.4630,-3.0787,-3.0787,-3.0787,-3.0787,-59.1111,-0.73381881,-14.7778,-13.4277,-46.7963,-48.1463,-0.58093989,-0.59770001,-0.03057578,6.1964,5.7594,-4.7365,-7.6968,-6.8416,10.0691,1.6250,6.1963,6.1964,5.5033,5.6799,6.8057,9.9813,10.093,10.1188,5.6799,5.6799,1.776971,1.781512,1.090926,6,8,8,2,0.15384382,-0.76439459,-1.00000000,0E-8,0.000000,0.929488,0.000000,0.27844199,2026-04-06,2026-07-27,8,9,9,113,0.070797,0.999982,0.999985,0.512813,,,,,,,,GLOBAL_BASELINE_NO_ENTITY_RANKING,,,NOT_APPLICABLE_GLOBAL_BASELINE,HF9g-P5,,,,X 全窗基线 · 不参与实体赏罚,3927806,393,A168_HF9F_20260827_0900,2026-08-27 09:00:00
2026-05-26,124498066,2185,0,10.1188314047,9.6128898345,9.6128898345,1.0000000,1,1,0.50665070000000000,0.506650700000,0.9867858985152569,0.9867858985152569,0.9867858985152569,0E-17,ELIGIBLE,R03b_20260811_FULL_v1,L1_ELIGIBILITY,v2026-08-11,2026-03-21..2026-08-06,baccarat_bet02_101_all_pairs_incl_sentinel,round_win = game_pnl > 0 (decisive only),COMPATIBILITY_ONLY_NOT_PRODUCTION,80.5527,74.8728,-61.5740,13,13,0.76439459,1.00000000,0.72155801,0.76439459,61.5740,80.5527,THIN_EXPOSURE,0.0000,-2.4630,4.0000,96.0000,AG03-UNRESOLVED,ALL5_LEVELS_bet23_to_bet27,-2.4630,-3.0787,-3.0787,-3.0787,-3.0787,4.000000,5.000000,5.000000,5.000000,5.000000,96.000000,95.000000,95.000000,95.000000,95.000000,5.0,-14.7778,-13.4277,-46.7963,-48.1463,PENDING_AG03,FALSE,NOT_FOR_ENFORCEMENT,-59.1111,71.8779,-61.5740,-59.1111,-2.4630,-0.76439459,-0.73381881,-2.4630,-59.1111,-0.73381881,-2.4630,-3.0787,-3.0787,-3.0787,-3.0787,-59.1111,-0.73381881,-14.7778,-13.4277,-46.7963,-48.1463,-0.58093989,-0.59770001,-0.03057578,6.1964,5.7594,-4.7365,-7.6968,-6.8416,10.0691,1.6250,6.1963,6.1964,5.5033,5.6799,6.8057,9.9813,10.093,10.1188,5.6799,5.6799,1.776971,1.781512,1.090926,6,8,8,2,0.15384382,-0.76439459,-1.00000000,0E-8,0.000000,0.929488,0.000000,0.27844199,2026-04-06,2026-07-27,8,9,9,113,0.070797,0.999982,0.999985,0.512813,,,,,,,,GLOBAL_BASELINE_NO_ENTITY_RANKING,,,NOT_APPLICABLE_GLOBAL_BASELINE,HF9g-P5,,,,X 全窗基线 · 不参与实体赏罚,3927807,393,A168_HF9F_20260827_0900,2026-08-27 09:00:00
2026-07-05,124498066,2209,0,8.5198667802,8.2358712209,8.2358712209,1.0000000,2,2,0.49994810000000000,0.499948100000,1.4143603653603398,1.4143603653603398,1.4143603653603398,0E-17,ELIGIBLE,R03b_20260811_FULL_v1,L1_ELIGIBILITY,v2026-08-11,2026-03-21..2026-08-06,baccarat_bet02_101_all_pairs_incl_sentinel,round_win = game_pnl > 0 (decisive only),COMPATIBILITY_ONLY_NOT_PRODUCTION,80.5527,74.8728,-61.5740,13,13,0.76439459,1.00000000,0.72155801,0.76439459,61.5740,80.5527,THIN_EXPOSURE,0.0000,-2.4630,4.0000,96.0000,AG03-UNRESOLVED,ALL5_LEVELS_bet23_to_bet27,-2.4630,-3.0787,-3.0787,-3.0787,-3.0787,4.000000,5.000000,5.000000,5.000000,5.000000,96.000000,95.000000,95.000000,95.000000,95.000000,5.0,-14.7778,-13.4277,-46.7963,-48.1463,PENDING_AG03,FALSE,NOT_FOR_ENFORCEMENT,-59.1111,71.8779,-61.5740,-59.1111,-2.4630,-0.76439459,-0.73381881,-2.4630,-59.1111,-0.73381881,-2.4630,-3.0787,-3.0787,-3.0787,-3.0787,-59.1111,-0.73381881,-14.7778,-13.4277,-46.7963,-48.1463,-0.58093989,-0.59770001,-0.03057578,6.1964,5.7594,-4.7365,-7.6968,-6.8416,10.0691,1.6250,6.1963,6.1964,5.5033,5.6799,6.8057,9.9813,10.093,10.1188,5.6799,5.6799,1.776971,1.781512,1.090926,6,8,8,2,0.15384382,-0.76439459,-1.00000000,0E-8,0.000000,0.929488,0.000000,0.27844199,2026-04-06,2026-07-27,8,9,9,113,0.070797,0.999982,0.999985,0.512813,,,,,,,,GLOBAL_BASELINE_NO_ENTITY_RANKING,,,NOT_APPLICABLE_GLOBAL_BASELINE,HF9g-P5,,,,X 全窗基线 · 不参与实体赏罚,3927808,393,A168_HF9F_20260827_0900,2026-08-27 09:00:00
2026-07-05,124498066,970,0,11.3598223736,-5.6799111868,-5.6799111868,0E-7,2,2,0.50665070000000000,0.506650700000,-1.013391052207602,-1.013391052207602,-1.013391052207602,0E-17,ELIGIBLE,R03b_20260811_FULL_v1,L1_ELIGIBILITY,v2026-08-11,2026-03-21..2026-08-06,baccarat_bet02_101_all_pairs_incl_sentinel,round_win = game_pnl > 0 (decisive only),COMPATIBILITY_ONLY_NOT_PRODUCTION,80.5527,74.8728,-61.5740,13,13,0.76439459,1.00000000,0.72155801,0.76439459,61.5740,80.5527,THIN_EXPOSURE,0.0000,-2.4630,4.0000,96.0000,AG03-UNRESOLVED,ALL5_LEVELS_bet23_to_bet27,-2.4630,-3.0787,-3.0787,-3.0787,-3.0787,4.000000,5.000000,5.000000,5.000000,5.000000,96.000000,95.000000,95.000000,95.000000,95.000000,5.0,-14.7778,-13.4277,-46.7963,-48.1463,PENDING_AG03,FALSE,NOT_FOR_ENFORCEMENT,-59.1111,71.8779,-61.5740,-59.1111,-2.4630,-0.76439459,-0.73381881,-2.4630,-59.1111,-0.73381881,-2.4630,-3.0787,-3.0787,-3.0787,-3.0787,-59.1111,-0.73381881,-14.7778,-13.4277,-46.7963,-48.1463,-0.58093989,-0.59770001,-0.03057578,6.1964,5.7594,-4.7365,-7.6968,-6.8416,10.0691,1.6250,6.1963,6.1964,5.5033,5.6799,6.8057,9.9813,10.093,10.1188,5.6799,5.6799,1.776971,1.781512,1.090926,6,8,8,2,0.15384382,-0.76439459,-1.00000000,0E-8,0.000000,0.929488,0.000000,0.27844199,2026-04-06,2026-07-27,8,9,9,113,0.070797,0.999982,0.999985,0.512813,,,,,,,,GLOBAL_BASELINE_NO_ENTITY_RANKING,,,NOT_APPLICABLE_GLOBAL_BASELINE,HF9g-P5,,,,X 全窗基线 · 不参与实体赏罚,3927809,393,A168_HF9F_20260827_0900,2026-08-27 09:00:00
2026-07-17,124498066,994,0,5.6799111868,5.6799111868,5.6799111868,1.0000000,1,1,0.49324550000000000,0.493245500000,1.01360149184955,1.01360149184955,1.01360149184955,0E-17,ELIGIBLE,R03b_20260811_FULL_v1,L1_ELIGIBILITY,v2026-08-11,2026-03-21..2026-08-06,baccarat_bet02_101_all_pairs_incl_sentinel,round_win = game_pnl > 0 (decisive only),COMPATIBILITY_ONLY_NOT_PRODUCTION,80.5527,74.8728,-61.5740,13,13,0.76439459,1.00000000,0.72155801,0.76439459,61.5740,80.5527,THIN_EXPOSURE,0.0000,-2.4630,4.0000,96.0000,AG03-UNRESOLVED,ALL5_LEVELS_bet23_to_bet27,-2.4630,-3.0787,-3.0787,-3.0787,-3.0787,4.000000,5.000000,5.000000,5.000000,5.000000,96.000000,95.000000,95.000000,95.000000,95.000000,5.0,-14.7778,-13.4277,-46.7963,-48.1463,PENDING_AG03,FALSE,NOT_FOR_ENFORCEMENT,-59.1111,71.8779,-61.5740,-59.1111,-2.4630,-0.76439459,-0.73381881,-2.4630,-59.1111,-0.73381881,-2.4630,-3.0787,-3.0787,-3.0787,-3.0787,-59.1111,-0.73381881,-14.7778,-13.4277,-46.7963,-48.1463,-0.58093989,-0.59770001,-0.03057578,6.1964,5.7594,-4.7365,-7.6968,-6.8416,10.0691,1.6250,6.1963,6.1964,5.5033,5.6799,6.8057,9.9813,10.093,10.1188,5.6799,5.6799,1.776971,1.781512,1.090926,6,8,8,2,0.15384382,-0.76439459,-1.00000000,0E-8,0.000000,0.929488,0.000000,0.27844199,2026-04-06,2026-07-27,8,9,9,113,0.070797,0.999982,0.999985,0.512813,,,,,,,,GLOBAL_BASELINE_NO_ENTITY_RANKING,,,NOT_APPLICABLE_GLOBAL_BASELINE,HF9g-P5,,,,X 全窗基线 · 不参与实体赏罚,3927810,393,A168_HF9F_20260827_0900,2026-08-27 09:00:00
2026-07-27,124498066,970,0,6.7126223117,6.7126223117,6.7126223117,1.0000000,1,1,0.49324550000000000,0.493245500000,1.01360149184955,1.01360149184955,1.01360149184955,0E-17,ELIGIBLE,R03b_20260811_FULL_v1,L1_ELIGIBILITY,v2026-08-11,2026-03-21..2026-08-06,baccarat_bet02_101_all_pairs_incl_sentinel,round_win = game_pnl > 0 (decisive only),COMPATIBILITY_ONLY_NOT_PRODUCTION,80.5527,74.8728,-61.5740,13,13,0.76439459,1.00000000,0.72155801,0.76439459,61.5740,80.5527,THIN_EXPOSURE,0.0000,-2.4630,4.0000,96.0000,AG03-UNRESOLVED,ALL5_LEVELS_bet23_to_bet27,-2.4630,-3.0787,-3.0787,-3.0787,-3.0787,4.000000,5.000000,5.000000,5.000000,5.000000,96.000000,95.000000,95.000000,95.000000,95.000000,5.0,-14.7778,-13.4277,-46.7963,-48.1463,PENDING_AG03,FALSE,NOT_FOR_ENFORCEMENT,-59.1111,71.8779,-61.5740,-59.1111,-2.4630,-0.76439459,-0.73381881,-2.4630,-59.1111,-0.73381881,-2.4630,-3.0787,-3.0787,-3.0787,-3.0787,-59.1111,-0.73381881,-14.7778,-13.4277,-46.7963,-48.1463,-0.58093989,-0.59770001,-0.03057578,6.1964,5.7594,-4.7365,-7.6968,-6.8416,10.0691,1.6250,6.1963,6.1964,5.5033,5.6799,6.8057,9.9813,10.093,10.1188,5.6799,5.6799,1.776971,1.781512,1.090926,6,8,8,2,0.15384382,-0.76439459,-1.00000000,0E-8,0.000000,0.929488,0.000000,0.27844199,2026-04-06,2026-07-27,8,9,9,113,0.070797,0.999982,0.999985,0.512813,,,,,,,,GLOBAL_BASELINE_NO_ENTITY_RANKING,,,NOT_APPLICABLE_GLOBAL_BASELINE,HF9g-P5,,,,X 全窗基线 · 不参与实体赏罚,3927811,393,A168_HF9F_20260827_0900,2026-08-27 09:00:00
2026-05-25,150545519,1490,0,113.6422603914,76.3712313841,76.3712313841,0.7777778,9,9,0.50069283333333333,0.500692833333,1.662511262738188,1.6625112627401863,1.662511262738188,3.3333E-13,ELIGIBLE,R03b_20260811_FULL_v1,L1_ELIGIBILITY,v2026-08-11,2026-03-21..2026-08-06,baccarat_bet02_101_all_pairs_incl_sentinel,round_win = game_pnl > 0 (decisive only),COMPATIBILITY_ONLY_NOT_PRODUCTION,258.3822,247.0674,-61.5727,21,21,0.23830068,,0.23830068,0.23830068,61.5727,258.3822,THIN_EXPOSURE,0.0000,-2.4629,4.0000,96.0000,AG03-UNRESOLVED,ALL5_LEVELS_bet23_to_bet27,-2.4629,-2.4629,-2.4629,-3.6944,-3.6944,4.000000,4.000000,4.000000,6.000000,6.000000,96.000000,96.000000,96.000000,94.000000,94.000000,5.0,-14.7774,-13.4381,-46.7952,-48.1346,PENDING_AG03,FALSE,NOT_FOR_ENFORCEMENT,-59.1098,237.1847,-61.5727,-59.1098,-2.4629,-0.23830068,-0.22876865,-2.4629,-59.1098,-0.22876865,-2.4629,-2.4629,-2.4629,-3.6944,-3.6944,-59.1098,-0.22876865,-14.7774,-13.4381,-46.7952,-48.1346,-0.18110851,-0.1862922,-0.00953203,12.3039,11.7651,-2.9320,-30.7863,-30.7863,129.1911,10.5000,,12.3039,9.2576,12.8578,13.0084,18.2004,21.7175,25.9457,12.8578,6.3517,1.689056,2.017903,0.956925,2,4,2,2,0E-8,-0.23830068,,0E-8,0.000000,0.956209,0.000000,,2026-05-25,2026-06-11,2,2,2,18,0.111111,,,0.000000,,,,,,,,GLOBAL_BASELINE_NO_ENTITY_RANKING,,,NOT_APPLICABLE_GLOBAL_BASELINE,HF9g-P5,,,,X 全窗基线 · 不参与实体赏罚,3927812,393,A168_HF9F_20260827_0900,2026-08-27 09:00:00
2026-05-25,150545519,1985,0,24.6484354730,11.6755746978,11.6755746978,0.5000000,2,2,0.49324550000000000,0.493245500000,0.01910635448239258,0.01910635448239258,0.01910635448239258,0E-17,ELIGIBLE,R03b_20260811_FULL_v1,L1_ELIGIBILITY,v2026-08-11,2026-03-21..2026-08-06,baccarat_bet02_101_all_pairs_incl_sentinel,round_win = game_pnl > 0 (decisive only),COMPATIBILITY_ONLY_NOT_PRODUCTION,258.3822,247.0674,-61.5727,21,21,0.23830068,,0.23830068,0.23830068,61.5727,258.3822,THIN_EXPOSURE,0.0000,-2.4629,4.0000,96.0000,AG03-UNRESOLVED,ALL5_LEVELS_bet23_to_bet27,-2.4629,-2.4629,-2.4629,-3.6944,-3.6944,4.000000,4.000000,4.000000,6.000000,6.000000,96.000000,96.000000,96.000000,94.000000,94.000000,5.0,-14.7774,-13.4381,-46.7952,-48.1346,PENDING_AG03,FALSE,NOT_FOR_ENFORCEMENT,-59.1098,237.1847,-61.5727,-59.1098,-2.4629,-0.23830068,-0.22876865,-2.4629,-59.1098,-0.22876865,-2.4629,-2.4629,-2.4629,-3.6944,-3.6944,-59.1098,-0.22876865,-14.7774,-13.4381,-46.7952,-48.1346,-0.18110851,-0.1862922,-0.00953203,12.3039,11.7651,-2.9320,-30.7863,-30.7863,129.1911,10.5000,,12.3039,9.2576,12.8578,13.0084,18.2004,21.7175,25.9457,12.8578,6.3517,1.689056,2.017903,0.956925,2,4,2,2,0E-8,-0.23830068,,0E-8,0.000000,0.956209,0.000000,,2026-05-25,2026-06-11,2,2,2,18,0.111111,,,0.000000,,,,,,,,GLOBAL_BASELINE_NO_ENTITY_RANKING,,,NOT_APPLICABLE_GLOBAL_BASELINE,HF9g-P5,,,,X 全窗基线 · 不参与实体赏罚,3927813,393,A168_HF9F_20260827_0900,2026-08-27 09:00:00
2026-06-11,150545519,2127,0,11.0576799445,10.5047959472,10.5047959472,1.0000000,1,1,0.50665070000000000,0.506650700000,0.9867858985152569,0.9867858985152569,0.9867858985152569,0E-17,ELIGIBLE,R03b_20260811_FULL_v1,L1_ELIGIBILITY,v2026-08-11,2026-03-21..2026-08-06,baccarat_bet02_101_all_pairs_incl_sentinel,round_win = game_pnl > 0 (decisive only),COMPATIBILITY_ONLY_NOT_PRODUCTION,258.3822,247.0674,-61.5727,21,21,0.23830068,,0.23830068,0.23830068,61.5727,258.3822,THIN_EXPOSURE,0.0000,-2.4629,4.0000,96.0000,AG03-UNRESOLVED,ALL5_LEVELS_bet23_to_bet27,-2.4629,-2.4629,-2.4629,-3.6944,-3.6944,4.000000,4.000000,4.000000,6.000000,6.000000,96.000000,96.000000,96.000000,94.000000,94.000000,5.0,-14.7774,-13.4381,-46.7952,-48.1346,PENDING_AG03,FALSE,NOT_FOR_ENFORCEMENT,-59.1098,237.1847,-61.5727,-59.1098,-2.4629,-0.23830068,-0.22876865,-2.4629,-59.1098,-0.22876865,-2.4629,-2.4629,-2.4629,-3.6944,-3.6944,-59.1098,-0.22876865,-14.7774,-13.4381,-46.7952,-48.1346,-0.18110851,-0.1862922,-0.00953203,12.3039,11.7651,-2.9320,-30.7863,-30.7863,129.1911,10.5000,,12.3039,9.2576,12.8578,13.0084,18.2004,21.7175,25.9457,12.8578,6.3517,1.689056,2.017903,0.956925,2,4,2,2,0E-8,-0.23830068,,0E-8,0.000000,0.956209,0.000000,,2026-05-25,2026-06-11,2,2,2,18,0.111111,,,0.000000,,,,,,,,GLOBAL_BASELINE_NO_ENTITY_RANKING,,,NOT_APPLICABLE_GLOBAL_BASELINE,HF9g-P5,,,,X 全窗基线 · 不参与实体赏罚,3927814,393,A168_HF9F_20260827_0900,2026-08-27 09:00:00
2026-06-11,150545519,2129,0,109.0338673593,-36.9789389770,-36.9789389770,0.3750000,9,9,0.49771390000000000,0.497713900000,-0.694181902665499,-0.6941819026654991,-0.694181902665499,0E-17,ELIGIBLE,R03b_20260811_FULL_v1,L1_ELIGIBILITY,v2026-08-11,2026-03-21..2026-08-06,baccarat_bet02_101_all_pairs_incl_sentinel,round_win = game_pnl > 0 (decisive only),COMPATIBILITY_ONLY_NOT_PRODUCTION,258.3822,247.0674,-61.5727,21,21,0.23830068,,0.23830068,0.23830068,61.5727,258.3822,THIN_EXPOSURE,0.0000,-2.4629,4.0000,96.0000,AG03-UNRESOLVED,ALL5_LEVELS_bet23_to_bet27,-2.4629,-2.4629,-2.4629,-3.6944,-3.6944,4.000000,4.000000,4.000000,6.000000,6.000000,96.000000,96.000000,96.000000,94.000000,94.000000,5.0,-14.7774,-13.4381,-46.7952,-48.1346,PENDING_AG03,FALSE,NOT_FOR_ENFORCEMENT,-59.1098,237.1847,-61.5727,-59.1098,-2.4629,-0.23830068,-0.22876865,-2.4629,-59.1098,-0.22876865,-2.4629,-2.4629,-2.4629,-3.6944,-3.6944,-59.1098,-0.22876865,-14.7774,-13.4381,-46.7952,-48.1346,-0.18110851,-0.1862922,-0.00953203,12.3039,11.7651,-2.9320,-30.7863,-30.7863,129.1911,10.5000,,12.3039,9.2576,12.8578,13.0084,18.2004,21.7175,25.9457,12.8578,6.3517,1.689056,2.017903,0.956925,2,4,2,2,0E-8,-0.23830068,,0E-8,0.000000,0.956209,0.000000,,2026-05-25,2026-06-11,2,2,2,18,0.111111,,,0.000000,,,,,,,,GLOBAL_BASELINE_NO_ENTITY_RANKING,,,NOT_APPLICABLE_GLOBAL_BASELINE,HF9g-P5,,,,X 全窗基线 · 不参与实体赏罚,3927815,393,A168_HF9F_20260827_0900,2026-08-27 09:00:00
2026-07-01,152315665,-1,1,99.5380779135,-24.8027633568,-24.8027633568,0.6666667,13,6,0.42871800644918057,0.313343958333,1.1777354808269525,1.865807740579403,1.1777354808269525,0.11537404811618057,SENTINEL_DEALER,R03b_20260811_FULL_v1,L1_ELIGIBILITY,v2026-08-11,2026-03-21..2026-08-06,baccarat_bet02_101_all_pairs_incl_sentinel,round_win = game_pnl > 0 (decisive only),COMPATIBILITY_ONLY_NOT_PRODUCTION,1009.8925,926.0925,-61.5726,137,49,0.06096944,,0.06096944,0.06096944,61.5726,1009.8925,OK,0.0000,-2.4629,4.0000,96.0000,AG03-UNRESOLVED,ALL5_LEVELS_bet23_to_bet27,-2.4629,-2.4629,-3.0786,0.0000,0.0000,4.000000,4.000000,5.000000,0.000000,0.000000,96.000000,96.000000,95.000000,100.000000,100.000000,5.0,-8.0044,-7.6646,-53.5681,-53.908,PENDING_AG03,FALSE,NOT_FOR_ENFORCEMENT,-59.1097,889.0488,-61.5726,-59.1097,-2.4629,-0.06096944,-0.05853066,-2.4629,-59.1097,-0.05853066,-2.4629,-2.4629,-3.0786,0.0000,0.0000,-59.1097,-0.05853066,-8.0044,-7.6646,-53.5681,-53.908,-0.05304341,-0.05337996,-0.00243878,7.3715,18.8998,-1.2566,-61.5726,-4.3980,1009.8925,49.0000,,7.3715,2.0439,4.0878,8.1756,20.2755,29.9432,39.6313,3.679,-2.0439,7.324997,9.695007,1.803285,12,11,1,6,0E-8,-0.06096944,,0E-8,0.000000,0.917021,0.000000,,2026-07-01,2026-07-01,1,14,12,1,1.000000,,,0.000000,,,,,,,,GLOBAL_BASELINE_NO_ENTITY_RANKING,,,NOT_APPLICABLE_GLOBAL_BASELINE,HF9g-P5,,,,X 全窗基线 · 不参与实体赏罚,3927816,393,A168_HF9F_20260827_0900,2026-08-27 09:00:00
2026-07-01,152315665,1323,0,32.2936679883,19.6214691576,19.6214691576,1.0000000,6,3,0.41092002884726355,0.338262972222,2.0738106518130537,2.4225687755196232,2.0738106518130537,0.07265705662526355,ELIGIBLE,R03b_20260811_FULL_v1,L1_ELIGIBILITY,v2026-08-11,2026-03-21..2026-08-06,baccarat_bet02_101_all_pairs_incl_sentinel,round_win = game_pnl > 0 (decisive only),COMPATIBILITY_ONLY_NOT_PRODUCTION,1009.8925,926.0925,-61.5726,137,49,0.06096944,,0.06096944,0.06096944,61.5726,1009.8925,OK,0.0000,-2.4629,4.0000,96.0000,AG03-UNRESOLVED,ALL5_LEVELS_bet23_to_bet27,-2.4629,-2.4629,-3.0786,0.0000,0.0000,4.000000,4.000000,5.000000,0.000000,0.000000,96.000000,96.000000,95.000000,100.000000,100.000000,5.0,-8.0044,-7.6646,-53.5681,-53.908,PENDING_AG03,FALSE,NOT_FOR_ENFORCEMENT,-59.1097,889.0488,-61.5726,-59.1097,-2.4629,-0.06096944,-0.05853066,-2.4629,-59.1097,-0.05853066,-2.4629,-2.4629,-3.0786,0.0000,0.0000,-59.1097,-0.05853066,-8.0044,-7.6646,-53.5681,-53.908,-0.05304341,-0.05337996,-0.00243878,7.3715,18.8998,-1.2566,-61.5726,-4.3980,1009.8925,49.0000,,7.3715,2.0439,4.0878,8.1756,20.2755,29.9432,39.6313,3.679,-2.0439,7.324997,9.695007,1.803285,12,11,1,6,0E-8,-0.06096944,,0E-8,0.000000,0.917021,0.000000,,2026-07-01,2026-07-01,1,14,12,1,1.000000,,,0.000000,,,,,,,,GLOBAL_BASELINE_NO_ENTITY_RANKING,,,NOT_APPLICABLE_GLOBAL_BASELINE,HF9g-P5,,,,X 全窗基线 · 不参与实体赏罚,3927817,393,A168_HF9F_20260827_0900,2026-08-27 09:00:00
2026-07-01,152315665,1485,0,38.8341577074,-14.8182970199,-14.8182970199,0.2500000,9,4,0.27645320714303429,0.220041887500,-0.11829440404335514,0.14462924609145697,-0.11829440404335514,0.05641131964303429,ELIGIBLE,R03b_20260811_FULL_v1,L1_ELIGIBILITY,v2026-08-11,2026-03-21..2026-08-06,baccarat_bet02_101_all_pairs_incl_sentinel,round_win = game_pnl > 0 (decisive only),COMPATIBILITY_ONLY_NOT_PRODUCTION,1009.8925,926.0925,-61.5726,137,49,0.06096944,,0.06096944,0.06096944,61.5726,1009.8925,OK,0.0000,-2.4629,4.0000,96.0000,AG03-UNRESOLVED,ALL5_LEVELS_bet23_to_bet27,-2.4629,-2.4629,-3.0786,0.0000,0.0000,4.000000,4.000000,5.000000,0.000000,0.000000,96.000000,96.000000,95.000000,100.000000,100.000000,5.0,-8.0044,-7.6646,-53.5681,-53.908,PENDING_AG03,FALSE,NOT_FOR_ENFORCEMENT,-59.1097,889.0488,-61.5726,-59.1097,-2.4629,-0.06096944,-0.05853066,-2.4629,-59.1097,-0.05853066,-2.4629,-2.4629,-3.0786,0.0000,0.0000,-59.1097,-0.05853066,-8.0044,-7.6646,-53.5681,-53.908,-0.05304341,-0.05337996,-0.00243878,7.3715,18.8998,-1.2566,-61.5726,-4.3980,1009.8925,49.0000,,7.3715,2.0439,4.0878,8.1756,20.2755,29.9432,39.6313,3.679,-2.0439,7.324997,9.695007,1.803285,12,11,1,6,0E-8,-0.06096944,,0E-8,0.000000,0.917021,0.000000,,2026-07-01,2026-07-01,1,14,12,1,1.000000,,,0.000000,,,,,,,,GLOBAL_BASELINE_NO_ENTITY_RANKING,,,NOT_APPLICABLE_GLOBAL_BASELINE,HF9g-P5,,,,X 全窗基线 · 不参与实体赏罚,3927818,393,A168_HF9F_20260827_0900,2026-08-27 09:00:00
2026-07-01,152315665,1704,0,18.3951273352,-18.3951273352,-18.3951273352,0E-7,2,1,0.40465823333309254,0.293924150000,-0.8244437207671566,-0.6451964315166089,-0.8244437207671566,0.11073408333309254,ELIGIBLE,R03b_20260811_FULL_v1,L1_ELIGIBILITY,v2026-08-11,2026-03-21..2026-08-06,baccarat_bet02_101_all_pairs_incl_sentinel,round_win = game_pnl > 0 (decisive only),COMPATIBILITY_ONLY_NOT_PRODUCTION,1009.8925,926.0925,-61.5726,137,49,0.06096944,,0.06096944,0.06096944,61.5726,1009.8925,OK,0.0000,-2.4629,4.0000,96.0000,AG03-UNRESOLVED,ALL5_LEVELS_bet23_to_bet27,-2.4629,-2.4629,-3.0786,0.0000,0.0000,4.000000,4.000000,5.000000,0.000000,0.000000,96.000000,96.000000,95.000000,100.000000,100.000000,5.0,-8.0044,-7.6646,-53.5681,-53.908,PENDING_AG03,FALSE,NOT_FOR_ENFORCEMENT,-59.1097,889.0488,-61.5726,-59.1097,-2.4629,-0.06096944,-0.05853066,-2.4629,-59.1097,-0.05853066,-2.4629,-2.4629,-3.0786,0.0000,0.0000,-59.1097,-0.05853066,-8.0044,-7.6646,-53.5681,-53.908,-0.05304341,-0.05337996,-0.00243878,7.3715,18.8998,-1.2566,-61.5726,-4.3980,1009.8925,49.0000,,7.3715,2.0439,4.0878,8.1756,20.2755,29.9432,39.6313,3.679,-2.0439,7.324997,9.695007,1.803285,12,11,1,6,0E-8,-0.06096944,,0E-8,0.000000,0.917021,0.000000,,2026-07-01,2026-07-01,1,14,12,1,1.000000,,,0.000000,,,,,,,,GLOBAL_BASELINE_NO_ENTITY_RANKING,,,NOT_APPLICABLE_GLOBAL_BASELINE,HF9g-P5,,,,X 全窗基线 · 不参与实体赏罚,3927819,393,A168_HF9F_20260827_0900,2026-08-27 09:00:00
2026-07-01,152315665,2117,0,44.9658668194,-8.1756121490,-8.1756121490,0.5000000,4,2,0.42076500909074790,0.293924150000,0.22697854480320176,0.6397330434626627,0.22697854480320176,0.12684085909074790,ELIGIBLE,R03b_20260811_FULL_v1,L1_ELIGIBILITY,v2026-08-11,2026-03-21..2026-08-06,baccarat_bet02_101_all_pairs_incl_sentinel,round_win = game_pnl > 0 (decisive only),COMPATIBILITY_ONLY_NOT_PRODUCTION,1009.8925,926.0925,-61.5726,137,49,0.06096944,,0.06096944,0.06096944,61.5726,1009.8925,OK,0.0000,-2.4629,4.0000,96.0000,AG03-UNRESOLVED,ALL5_LEVELS_bet23_to_bet27,-2.4629,-2.4629,-3.0786,0.0000,0.0000,4.000000,4.000000,5.000000,0.000000,0.000000,96.000000,96.000000,95.000000,100.000000,100.000000,5.0,-8.0044,-7.6646,-53.5681,-53.908,PENDING_AG03,FALSE,NOT_FOR_ENFORCEMENT,-59.1097,889.0488,-61.5726,-59.1097,-2.4629,-0.06096944,-0.05853066,-2.4629,-59.1097,-0.05853066,-2.4629,-2.4629,-3.0786,0.0000,0.0000,-59.1097,-0.05853066,-8.0044,-7.6646,-53.5681,-53.908,-0.05304341,-0.05337996,-0.00243878,7.3715,18.8998,-1.2566,-61.5726,-4.3980,1009.8925,49.0000,,7.3715,2.0439,4.0878,8.1756,20.2755,29.9432,39.6313,3.679,-2.0439,7.324997,9.695007,1.803285,12,11,1,6,0E-8,-0.06096944,,0E-8,0.000000,0.917021,0.000000,,2026-07-01,2026-07-01,1,14,12,1,1.000000,,,0.000000,,,,,,,,GLOBAL_BASELINE_NO_ENTITY_RANKING,,,NOT_APPLICABLE_GLOBAL_BASELINE,HF9g-P5,,,,X 全窗基线 · 不参与实体赏罚,3927820,393,A168_HF9F_20260827_0900,2026-08-27 09:00:00
2026-07-01,152315665,2156,0,44.9658668192,-32.8046437476,-32.8046437476,0.3333333,7,3,0.39877295925947394,0.326061166667,-0.23148312267101187,0.026869814675370793,-0.23148312267101187,0.07271179259247394,ELIGIBLE,R03b_20260811_FULL_v1,L1_ELIGIBILITY,v2026-08-11,2026-03-21..2026-08-06,baccarat_bet02_101_all_pairs_incl_sentinel,round_win = game_pnl > 0 (decisive only),COMPATIBILITY_ONLY_NOT_PRODUCTION,1009.8925,926.0925,-61.5726,137,49,0.06096944,,0.06096944,0.06096944,61.5726,1009.8925,OK,0.0000,-2.4629,4.0000,96.0000,AG03-UNRESOLVED,ALL5_LEVELS_bet23_to_bet27,-2.4629,-2.4629,-3.0786,0.0000,0.0000,4.000000,4.000000,5.000000,0.000000,0.000000,96.000000,96.000000,95.000000,100.000000,100.000000,5.0,-8.0044,-7.6646,-53.5681,-53.908,PENDING_AG03,FALSE,NOT_FOR_ENFORCEMENT,-59.1097,889.0488,-61.5726,-59.1097,-2.4629,-0.06096944,-0.05853066,-2.4629,-59.1097,-0.05853066,-2.4629,-2.4629,-3.0786,0.0000,0.0000,-59.1097,-0.05853066,-8.0044,-7.6646,-53.5681,-53.908,-0.05304341,-0.05337996,-0.00243878,7.3715,18.8998,-1.2566,-61.5726,-4.3980,1009.8925,49.0000,,7.3715,2.0439,4.0878,8.1756,20.2755,29.9432,39.6313,3.679,-2.0439,7.324997,9.695007,1.803285,12,11,1,6,0E-8,-0.06096944,,0E-8,0.000000,0.917021,0.000000,,2026-07-01,2026-07-01,1,14,12,1,1.000000,,,0.000000,,,,,,,,GLOBAL_BASELINE_NO_ENTITY_RANKING,,,NOT_APPLICABLE_GLOBAL_BASELINE,HF9g-P5,,,,X 全窗基线 · 不参与实体赏罚,3927821,393,A168_HF9F_20260827_0900,2026-08-27 09:00:00
2026-07-01,152315665,2222,0,499.1211216934,191.0027388307,191.0027388307,0.7857143,57,14,0.39721259985099188,0.183096319286,2.9707310436984176,5.830165188900966,2.9707310436984176,0.21411628056499188,ELIGIBLE,R03b_20260811_FULL_v1,L1_ELIGIBILITY,v2026-08-11,2026-03-21..2026-08-06,baccarat_bet02_101_all_pairs_incl_sentinel,round_win = game_pnl > 0 (decisive only),COMPATIBILITY_ONLY_NOT_PRODUCTION,1009.8925,926.0925,-61.5726,137,49,0.06096944,,0.06096944,0.06096944,61.5726,1009.8925,OK,0.0000,-2.4629,4.0000,96.0000,AG03-UNRESOLVED,ALL5_LEVELS_bet23_to_bet27,-2.4629,-2.4629,-3.0786,0.0000,0.0000,4.000000,4.000000,5.000000,0.000000,0.000000,96.000000,96.000000,95.000000,100.000000,100.000000,5.0,-8.0044,-7.6646,-53.5681,-53.908,PENDING_AG03,FALSE,NOT_FOR_ENFORCEMENT,-59.1097,889.0488,-61.5726,-59.1097,-2.4629,-0.06096944,-0.05853066,-2.4629,-59.1097,-0.05853066,-2.4629,-2.4629,-3.0786,0.0000,0.0000,-59.1097,-0.05853066,-8.0044,-7.6646,-53.5681,-53.908,-0.05304341,-0.05337996,-0.00243878,7.3715,18.8998,-1.2566,-61.5726,-4.3980,1009.8925,49.0000,,7.3715,2.0439,4.0878,8.1756,20.2755,29.9432,39.6313,3.679,-2.0439,7.324997,9.695007,1.803285,12,11,1,6,0E-8,-0.06096944,,0E-8,0.000000,0.917021,0.000000,,2026-07-01,2026-07-01,1,14,12,1,1.000000,,,0.000000,,,,,,,,GLOBAL_BASELINE_NO_ENTITY_RANKING,,,NOT_APPLICABLE_GLOBAL_BASELINE,HF9g-P5,,,,X 全窗基线 · 不参与实体赏罚,3927822,393,A168_HF9F_20260827_0900,2026-08-27 09:00:00
2026-07-01,152315665,526,0,54.7766013980,-23.9341045661,-23.9341045661,0.4285714,11,7,0.45042297102134559,0.383177642857,-0.1162001173958951,0.2470388683036024,-0.1162001173958951,0.06724532816434559,ELIGIBLE,R03b_20260811_FULL_v1,L1_ELIGIBILITY,v2026-08-11,2026-03-21..2026-08-06,baccarat_bet02_101_all_pairs_incl_sentinel,round_win = game_pnl > 0 (decisive only),COMPATIBILITY_ONLY_NOT_PRODUCTION,1009.8925,926.0925,-61.5726,137,49,0.06096944,,0.06096944,0.06096944,61.5726,1009.8925,OK,0.0000,-2.4629,4.0000,96.0000,AG03-UNRESOLVED,ALL5_LEVELS_bet23_to_bet27,-2.4629,-2.4629,-3.0786,0.0000,0.0000,4.000000,4.000000,5.000000,0.000000,0.000000,96.000000,96.000000,95.000000,100.000000,100.000000,5.0,-8.0044,-7.6646,-53.5681,-53.908,PENDING_AG03,FALSE,NOT_FOR_ENFORCEMENT,-59.1097,889.0488,-61.5726,-59.1097,-2.4629,-0.06096944,-0.05853066,-2.4629,-59.1097,-0.05853066,-2.4629,-2.4629,-3.0786,0.0000,0.0000,-59.1097,-0.05853066,-8.0044,-7.6646,-53.5681,-53.908,-0.05304341,-0.05337996,-0.00243878,7.3715,18.8998,-1.2566,-61.5726,-4.3980,1009.8925,49.0000,,7.3715,2.0439,4.0878,8.1756,20.2755,29.9432,39.6313,3.679,-2.0439,7.324997,9.695007,1.803285,12,11,1,6,0E-8,-0.06096944,,0E-8,0.000000,0.917021,0.000000,,2026-07-01,2026-07-01,1,14,12,1,1.000000,,,0.000000,,,,,,,,GLOBAL_BASELINE_NO_ENTITY_RANKING,,,NOT_APPLICABLE_GLOBAL_BASELINE,HF9g-P5,,,,X 全窗基线 · 不参与实体赏罚,3927823,393,A168_HF9F_20260827_0900,2026-08-27 09:00:00
2026-07-01,152315665,789,0,12.2634182234,3.6790254671,3.6790254671,0.5000000,3,2,0.25942196000080640,0.197614775000,0.7762152967820771,1.0739260998517046,0.7762152967820771,0.06180718500080640,ELIGIBLE,R03b_20260811_FULL_v1,L1_ELIGIBILITY,v2026-08-11,2026-03-21..2026-08-06,baccarat_bet02_101_all_pairs_incl_sentinel,round_win = game_pnl > 0 (decisive only),COMPATIBILITY_ONLY_NOT_PRODUCTION,1009.8925,926.0925,-61.5726,137,49,0.06096944,,0.06096944,0.06096944,61.5726,1009.8925,OK,0.0000,-2.4629,4.0000,96.0000,AG03-UNRESOLVED,ALL5_LEVELS_bet23_to_bet27,-2.4629,-2.4629,-3.0786,0.0000,0.0000,4.000000,4.000000,5.000000,0.000000,0.000000,96.000000,96.000000,95.000000,100.000000,100.000000,5.0,-8.0044,-7.6646,-53.5681,-53.908,PENDING_AG03,FALSE,NOT_FOR_ENFORCEMENT,-59.1097,889.0488,-61.5726,-59.1097,-2.4629,-0.06096944,-0.05853066,-2.4629,-59.1097,-0.05853066,-2.4629,-2.4629,-3.0786,0.0000,0.0000,-59.1097,-0.05853066,-8.0044,-7.6646,-53.5681,-53.908,-0.05304341,-0.05337996,-0.00243878,7.3715,18.8998,-1.2566,-61.5726,-4.3980,1009.8925,49.0000,,7.3715,2.0439,4.0878,8.1756,20.2755,29.9432,39.6313,3.679,-2.0439,7.324997,9.695007,1.803285,12,11,1,6,0E-8,-0.06096944,,0E-8,0.000000,0.917021,0.000000,,2026-07-01,2026-07-01,1,14,12,1,1.000000,,,0.000000,,,,,,,,GLOBAL_BASELINE_NO_ENTITY_RANKING,,,NOT_APPLICABLE_GLOBAL_BASELINE,HF9g-P5,,,,X 全窗基线 · 不参与实体赏罚,3927824,393,A168_HF9F_20260827_0900,2026-08-27 09:00:00
2026-07-01,152315665,925,0,144.2995544286,-9.3610759101,-9.3610759101,0.6666667,21,6,0.40518698505060126,0.239151591667,1.304654744187953,2.4549426586613388,1.304654744187953,0.16603539338360126,ELIGIBLE,R03b_20260811_FULL_v1,L1_ELIGIBILITY,v2026-08-11,2026-03-21..2026-08-06,baccarat_bet02_101_all_pairs_incl_sentinel,round_win = game_pnl > 0 (decisive only),COMPATIBILITY_ONLY_NOT_PRODUCTION,1009.8925,926.0925,-61.5726,137,49,0.06096944,,0.06096944,0.06096944,61.5726,1009.8925,OK,0.0000,-2.4629,4.0000,96.0000,AG03-UNRESOLVED,ALL5_LEVELS_bet23_to_bet27,-2.4629,-2.4629,-3.0786,0.0000,0.0000,4.000000,4.000000,5.000000,0.000000,0.000000,96.000000,96.000000,95.000000,100.000000,100.000000,5.0,-8.0044,-7.6646,-53.5681,-53.908,PENDING_AG03,FALSE,NOT_FOR_ENFORCEMENT,-59.1097,889.0488,-61.5726,-59.1097,-2.4629,-0.06096944,-0.05853066,-2.4629,-59.1097,-0.05853066,-2.4629,-2.4629,-3.0786,0.0000,0.0000,-59.1097,-0.05853066,-8.0044,-7.6646,-53.5681,-53.908,-0.05304341,-0.05337996,-0.00243878,7.3715,18.8998,-1.2566,-61.5726,-4.3980,1009.8925,49.0000,,7.3715,2.0439,4.0878,8.1756,20.2755,29.9432,39.6313,3.679,-2.0439,7.324997,9.695007,1.803285,12,11,1,6,0E-8,-0.06096944,,0E-8,0.000000,0.917021,0.000000,,2026-07-01,2026-07-01,1,14,12,1,1.000000,,,0.000000,,,,,,,,GLOBAL_BASELINE_NO_ENTITY_RANKING,,,NOT_APPLICABLE_GLOBAL_BASELINE,HF9g-P5,,,,X 全窗基线 · 不参与实体赏罚,3927825,393,A168_HF9F_20260827_0900,2026-08-27 09:00:00
2026-07-01,152315665,989,0,20.4390303723,-20.4390303723,-20.4390303723,0E-7,4,1,0.37905544000187282,0.187662550000,-0.7813128257107959,-0.48064072822218945,-0.7813128257107959,0.19139289000187282,ELIGIBLE,R03b_20260811_FULL_v1,L1_ELIGIBILITY,v2026-08-11,2026-03-21..2026-08-06,baccarat_bet02_101_all_pairs_incl_sentinel,round_win = game_pnl > 0 (decisive only),COMPATIBILITY_ONLY_NOT_PRODUCTION,1009.8925,926.0925,-61.5726,137,49,0.06096944,,0.06096944,0.06096944,61.5726,1009.8925,OK,0.0000,-2.4629,4.0000,96.0000,AG03-UNRESOLVED,ALL5_LEVELS_bet23_to_bet27,-2.4629,-2.4629,-3.0786,0.0000,0.0000,4.000000,4.000000,5.000000,0.000000,0.000000,96.000000,96.000000,95.000000,100.000000,100.000000,5.0,-8.0044,-7.6646,-53.5681,-53.908,PENDING_AG03,FALSE,NOT_FOR_ENFORCEMENT,-59.1097,889.0488,-61.5726,-59.1097,-2.4629,-0.06096944,-0.05853066,-2.4629,-59.1097,-0.05853066,-2.4629,-2.4629,-3.0786,0.0000,0.0000,-59.1097,-0.05853066,-8.0044,-7.6646,-53.5681,-53.908,-0.05304341,-0.05337996,-0.00243878,7.3715,18.8998,-1.2566,-61.5726,-4.3980,1009.8925,49.0000,,7.3715,2.0439,4.0878,8.1756,20.2755,29.9432,39.6313,3.679,-2.0439,7.324997,9.695007,1.803285,12,11,1,6,0E-8,-0.06096944,,0E-8,0.000000,0.917021,0.000000,,2026-07-01,2026-07-01,1,14,12,1,1.000000,,,0.000000,,,,,,,,GLOBAL_BASELINE_NO_ENTITY_RANKING,,,NOT_APPLICABLE_GLOBAL_BASELINE,HF9g-P5,,,,X 全窗基线 · 不参与实体赏罚,3927826,393,A168_HF9F_20260827_0900,2026-08-27 09:00:00
2026-06-04,151011124,-1,1,54.1271989175,26.0487144790,26.0487144790,1.0000000,4,4,0.49994810000000000,0.499948100000,1.7322306037746105,1.7322306037746105,1.7322306037746105,0E-17,SENTINEL_DEALER,R03b_20260811_FULL_v1,L1_ELIGIBILITY,v2026-08-11,2026-03-21..2026-08-06,baccarat_bet02_101_all_pairs_incl_sentinel,round_win = game_pnl > 0 (decisive only),COMPATIBILITY_ONLY_NOT_PRODUCTION,297.6996,243.5724,-61.5697,20,20,0.20681818,,0.20681818,0.20681818,61.5697,297.6996,THIN_EXPOSURE,0.0000,-2.4628,4.0000,96.0000,AG03-UNRESOLVED,ALL5_LEVELS_bet23_to_bet27,-2.4628,-2.4628,-2.4628,-2.4628,-2.4628,4.000000,4.000000,4.000000,4.000000,4.000000,96.000000,96.000000,96.000000,96.000000,96.000000,5.0,-12.3139,-11.3674,-49.2558,-50.2022,PENDING_AG03,FALSE,NOT_FOR_ENFORCEMENT,-59.1069,233.8295,-61.5697,-59.1069,-2.4628,-0.20681818,-0.19854545,-2.4628,-59.1069,-0.19854545,-2.4628,-2.4628,-2.4628,-2.4628,-2.4628,-59.1069,-0.19854545,-12.3139,-11.3674,-49.2558,-50.2022,-0.16545455,-0.1686339,-0.00827273,14.8850,12.1786,-3.0785,-15.3924,-3.6217,74.4249,5.0000,,14.8850,6.7659,10.1488,20.2977,27.0636,40.5954,54.1272,6.7659,3.2138,4.0,5.333333,1.466667,15,14,4,2,0E-8,-0.20681818,,0E-8,0.000000,0.818182,0.000000,,2026-06-04,2026-06-08,4,17,16,5,0.800000,,,0.000000,,,,,,,,GLOBAL_BASELINE_NO_ENTITY_RANKING,,,NOT_APPLICABLE_GLOBAL_BASELINE,HF9g-P5,,,,X 全窗基线 · 不参与实体赏罚,3927827,393,A168_HF9F_20260827_0900,2026-08-27 09:00:00
2026-06-04,151011124,1017,0,13.5317997294,-13.5317997294,-13.5317997294,0E-7,1,1,0.49324550000000000,0.493245500000,-0.9865810262130424,-0.9865810262130424,-0.9865810262130424,0E-17,ELIGIBLE,R03b_20260811_FULL_v1,L1_ELIGIBILITY,v2026-08-11,2026-03-21..2026-08-06,baccarat_bet02_101_all_pairs_incl_sentinel,round_win = game_pnl > 0 (decisive only),COMPATIBILITY_ONLY_NOT_PRODUCTION,297.6996,243.5724,-61.5697,20,20,0.20681818,,0.20681818,0.20681818,61.5697,297.6996,THIN_EXPOSURE,0.0000,-2.4628,4.0000,96.0000,AG03-UNRESOLVED,ALL5_LEVELS_bet23_to_bet27,-2.4628,-2.4628,-2.4628,-2.4628,-2.4628,4.000000,4.000000,4.000000,4.000000,4.000000,96.000000,96.000000,96.000000,96.000000,96.000000,5.0,-12.3139,-11.3674,-49.2558,-50.2022,PENDING_AG03,FALSE,NOT_FOR_ENFORCEMENT,-59.1069,233.8295,-61.5697,-59.1069,-2.4628,-0.20681818,-0.19854545,-2.4628,-59.1069,-0.19854545,-2.4628,-2.4628,-2.4628,-2.4628,-2.4628,-59.1069,-0.19854545,-12.3139,-11.3674,-49.2558,-50.2022,-0.16545455,-0.1686339,-0.00827273,14.8850,12.1786,-3.0785,-15.3924,-3.6217,74.4249,5.0000,,14.8850,6.7659,10.1488,20.2977,27.0636,40.5954,54.1272,6.7659,3.2138,4.0,5.333333,1.466667,15,14,4,2,0E-8,-0.20681818,,0E-8,0.000000,0.818182,0.000000,,2026-06-04,2026-06-08,4,17,16,5,0.800000,,,0.000000,,,,,,,,GLOBAL_BASELINE_NO_ENTITY_RANKING,,,NOT_APPLICABLE_GLOBAL_BASELINE,HF9g-P5,,,,X 全窗基线 · 不参与实体赏罚,3927828,393,A168_HF9F_20260827_0900,2026-08-27 09:00:00
2026-06-04,151011124,1157,0,54.1271989175,51.4208389716,51.4208389716,1.0000000,1,1,0.50665070000000000,0.506650700000,0.9867858985152569,0.9867858985152569,0.9867858985152569,0E-17,ELIGIBLE,R03b_20260811_FULL_v1,L1_ELIGIBILITY,v2026-08-11,2026-03-21..2026-08-06,baccarat_bet02_101_all_pairs_incl_sentinel,round_win = game_pnl > 0 (decisive only),COMPATIBILITY_ONLY_NOT_PRODUCTION,297.6996,243.5724,-61.5697,20,20,0.20681818,,0.20681818,0.20681818,61.5697,297.6996,THIN_EXPOSURE,0.0000,-2.4628,4.0000,96.0000,AG03-UNRESOLVED,ALL5_LEVELS_bet23_to_bet27,-2.4628,-2.4628,-2.4628,-2.4628,-2.4628,4.000000,4.000000,4.000000,4.000000,4.000000,96.000000,96.000000,96.000000,96.000000,96.000000,5.0,-12.3139,-11.3674,-49.2558,-50.2022,PENDING_AG03,FALSE,NOT_FOR_ENFORCEMENT,-59.1069,233.8295,-61.5697,-59.1069,-2.4628,-0.20681818,-0.19854545,-2.4628,-59.1069,-0.19854545,-2.4628,-2.4628,-2.4628,-2.4628,-2.4628,-59.1069,-0.19854545,-12.3139,-11.3674,-49.2558,-50.2022,-0.16545455,-0.1686339,-0.00827273,14.8850,12.1786,-3.0785,-15.3924,-3.6217,74.4249,5.0000,,14.8850,6.7659,10.1488,20.2977,27.0636,40.5954,54.1272,6.7659,3.2138,4.0,5.333333,1.466667,15,14,4,2,0E-8,-0.20681818,,0E-8,0.000000,0.818182,0.000000,,2026-06-04,2026-06-08,4,17,16,5,0.800000,,,0.000000,,,,,,,,GLOBAL_BASELINE_NO_ENTITY_RANKING,,,NOT_APPLICABLE_GLOBAL_BASELINE,HF9g-P5,,,,X 全窗基线 · 不参与实体赏罚,3927829,393,A168_HF9F_20260827_0900,2026-08-27 09:00:00
2026-06-04,151011124,1210,0,27.0635994587,-27.0635994587,-27.0635994587,0E-7,1,1,0.50665070000000000,0.506650700000,-1.013391052207602,-1.013391052207602,-1.013391052207602,0E-17,ELIGIBLE,R03b_20260811_FULL_v1,L1_ELIGIBILITY,v2026-08-11,2026-03-21..2026-08-06,baccarat_bet02_101_all_pairs_incl_sentinel,round_win = game_pnl > 0 (decisive only),COMPATIBILITY_ONLY_NOT_PRODUCTION,297.6996,243.5724,-61.5697,20,20,0.20681818,,0.20681818,0.20681818,61.5697,297.6996,THIN_EXPOSURE,0.0000,-2.4628,4.0000,96.0000,AG03-UNRESOLVED,ALL5_LEVELS_bet23_to_bet27,-2.4628,-2.4628,-2.4628,-2.4628,-2.4628,4.000000,4.000000,4.000000,4.000000,4.000000,96.000000,96.000000,96.000000,96.000000,96.000000,5.0,-12.3139,-11.3674,-49.2558,-50.2022,PENDING_AG03,FALSE,NOT_FOR_ENFORCEMENT,-59.1069,233.8295,-61.5697,-59.1069,-2.4628,-0.20681818,-0.19854545,-2.4628,-59.1069,-0.19854545,-2.4628,-2.4628,-2.4628,-2.4628,-2.4628,-59.1069,-0.19854545,-12.3139,-11.3674,-49.2558,-50.2022,-0.16545455,-0.1686339,-0.00827273,14.8850,12.1786,-3.0785,-15.3924,-3.6217,74.4249,5.0000,,14.8850,6.7659,10.1488,20.2977,27.0636,40.5954,54.1272,6.7659,3.2138,4.0,5.333333,1.466667,15,14,4,2,0E-8,-0.20681818,,0E-8,0.000000,0.818182,0.000000,,2026-06-04,2026-06-08,4,17,16,5,0.800000,,,0.000000,,,,,,,,GLOBAL_BASELINE_NO_ENTITY_RANKING,,,NOT_APPLICABLE_GLOBAL_BASELINE,HF9g-P5,,,,X 全窗基线 · 不参与实体赏罚,3927830,393,A168_HF9F_20260827_0900,2026-08-27 09:00:00
2026-06-04,151011124,1485,0,13.5317997294,13.5317997294,13.5317997294,1.0000000,1,1,0.49324550000000000,0.493245500000,1.01360149184955,1.01360149184955,1.01360149184955,0E-17,ELIGIBLE,R03b_20260811_FULL_v1,L1_ELIGIBILITY,v2026-08-11,2026-03-21..2026-08-06,baccarat_bet02_101_all_pairs_incl_sentinel,round_win = game_pnl > 0 (decisive only),COMPATIBILITY_ONLY_NOT_PRODUCTION,297.6996,243.5724,-61.5697,20,20,0.20681818,,0.20681818,0.20681818,61.5697,297.6996,THIN_EXPOSURE,0.0000,-2.4628,4.0000,96.0000,AG03-UNRESOLVED,ALL5_LEVELS_bet23_to_bet27,-2.4628,-2.4628,-2.4628,-2.4628,-2.4628,4.000000,4.000000,4.000000,4.000000,4.000000,96.000000,96.000000,96.000000,96.000000,96.000000,5.0,-12.3139,-11.3674,-49.2558,-50.2022,PENDING_AG03,FALSE,NOT_FOR_ENFORCEMENT,-59.1069,233.8295,-61.5697,-59.1069,-2.4628,-0.20681818,-0.19854545,-2.4628,-59.1069,-0.19854545,-2.4628,-2.4628,-2.4628,-2.4628,-2.4628,-59.1069,-0.19854545,-12.3139,-11.3674,-49.2558,-50.2022,-0.16545455,-0.1686339,-0.00827273,14.8850,12.1786,-3.0785,-15.3924,-3.6217,74.4249,5.0000,,14.8850,6.7659,10.1488,20.2977,27.0636,40.5954,54.1272,6.7659,3.2138,4.0,5.333333,1.466667,15,14,4,2,0E-8,-0.20681818,,0E-8,0.000000,0.818182,0.000000,,2026-06-04,2026-06-08,4,17,16,5,0.800000,,,0.000000,,,,,,,,GLOBAL_BASELINE_NO_ENTITY_RANKING,,,NOT_APPLICABLE_GLOBAL_BASELINE,HF9g-P5,,,,X 全窗基线 · 不参与实体赏罚,3927831,393,A168_HF9F_20260827_0900,2026-08-27 09:00:00
2026-06-04,151011124,2152,0,6.7658998647,6.4276048714,6.4276048714,1.0000000,1,1,0.50665070000000000,0.506650700000,0.9867858985152569,0.9867858985152569,0.9867858985152569,0E-17,ELIGIBLE,R03b_20260811_FULL_v1,L1_ELIGIBILITY,v2026-08-11,2026-03-21..2026-08-06,baccarat_bet02_101_all_pairs_incl_sentinel,round_win = game_pnl > 0 (decisive only),COMPATIBILITY_ONLY_NOT_PRODUCTION,297.6996,243.5724,-61.5697,20,20,0.20681818,,0.20681818,0.20681818,61.5697,297.6996,THIN_EXPOSURE,0.0000,-2.4628,4.0000,96.0000,AG03-UNRESOLVED,ALL5_LEVELS_bet23_to_bet27,-2.4628,-2.4628,-2.4628,-2.4628,-2.4628,4.000000,4.000000,4.000000,4.000000,4.000000,96.000000,96.000000,96.000000,96.000000,96.000000,5.0,-12.3139,-11.3674,-49.2558,-50.2022,PENDING_AG03,FALSE,NOT_FOR_ENFORCEMENT,-59.1069,233.8295,-61.5697,-59.1069,-2.4628,-0.20681818,-0.19854545,-2.4628,-59.1069,-0.19854545,-2.4628,-2.4628,-2.4628,-2.4628,-2.4628,-59.1069,-0.19854545,-12.3139,-11.3674,-49.2558,-50.2022,-0.16545455,-0.1686339,-0.00827273,14.8850,12.1786,-3.0785,-15.3924,-3.6217,74.4249,5.0000,,14.8850,6.7659,10.1488,20.2977,27.0636,40.5954,54.1272,6.7659,3.2138,4.0,5.333333,1.466667,15,14,4,2,0E-8,-0.20681818,,0E-8,0.000000,0.818182,0.000000,,2026-06-04,2026-06-08,4,17,16,5,0.800000,,,0.000000,,,,,,,,GLOBAL_BASELINE_NO_ENTITY_RANKING,,,NOT_APPLICABLE_GLOBAL_BASELINE,HF9g-P5,,,,X 全窗基线 · 不参与实体赏罚,3927832,393,A168_HF9F_20260827_0900,2026-08-27 09:00:00
2026-06-04,151011124,2156,0,6.7658998647,6.4276048714,6.4276048714,1.0000000,1,1,0.50665070000000000,0.506650700000,0.9867858985152569,0.9867858985152569,0.9867858985152569,0E-17,ELIGIBLE,R03b_20260811_FULL_v1,L1_ELIGIBILITY,v2026-08-11,2026-03-21..2026-08-06,baccarat_bet02_101_all_pairs_incl_sentinel,round_win = game_pnl > 0 (decisive only),COMPATIBILITY_ONLY_NOT_PRODUCTION,297.6996,243.5724,-61.5697,20,20,0.20681818,,0.20681818,0.20681818,61.5697,297.6996,THIN_EXPOSURE,0.0000,-2.4628,4.0000,96.0000,AG03-UNRESOLVED,ALL5_LEVELS_bet23_to_bet27,-2.4628,-2.4628,-2.4628,-2.4628,-2.4628,4.000000,4.000000,4.000000,4.000000,4.000000,96.000000,96.000000,96.000000,96.000000,96.000000,5.0,-12.3139,-11.3674,-49.2558,-50.2022,PENDING_AG03,FALSE,NOT_FOR_ENFORCEMENT,-59.1069,233.8295,-61.5697,-59.1069,-2.4628,-0.20681818,-0.19854545,-2.4628,-59.1069,-0.19854545,-2.4628,-2.4628,-2.4628,-2.4628,-2.4628,-59.1069,-0.19854545,-12.3139,-11.3674,-49.2558,-50.2022,-0.16545455,-0.1686339,-0.00827273,14.8850,12.1786,-3.0785,-15.3924,-3.6217,74.4249,5.0000,,14.8850,6.7659,10.1488,20.2977,27.0636,40.5954,54.1272,6.7659,3.2138,4.0,5.333333,1.466667,15,14,4,2,0E-8,-0.20681818,,0E-8,0.000000,0.818182,0.000000,,2026-06-04,2026-06-08,4,17,16,5,0.800000,,,0.000000,,,,,,,,GLOBAL_BASELINE_NO_ENTITY_RANKING,,,NOT_APPLICABLE_GLOBAL_BASELINE,HF9g-P5,,,,X 全窗基线 · 不参与实体赏罚,3927833,393,A168_HF9F_20260827_0900,2026-08-27 09:00:00
2026-06-04,151011124,2167,0,20.2976995941,0E-10,0E-10,,2,2,0.50665070000000000,0.506650700000,,,,0E-17,NO_DECISIVE_ROUND,R03b_20260811_FULL_v1,L1_ELIGIBILITY,v2026-08-11,2026-03-21..2026-08-06,baccarat_bet02_101_all_pairs_incl_sentinel,round_win = game_pnl > 0 (decisive only),COMPATIBILITY_ONLY_NOT_PRODUCTION,297.6996,243.5724,-61.5697,20,20,0.20681818,,0.20681818,0.20681818,61.5697,297.6996,THIN_EXPOSURE,0.0000,-2.4628,4.0000,96.0000,AG03-UNRESOLVED,ALL5_LEVELS_bet23_to_bet27,-2.4628,-2.4628,-2.4628,-2.4628,-2.4628,4.000000,4.000000,4.000000,4.000000,4.000000,96.000000,96.000000,96.000000,96.000000,96.000000,5.0,-12.3139,-11.3674,-49.2558,-50.2022,PENDING_AG03,FALSE,NOT_FOR_ENFORCEMENT,-59.1069,233.8295,-61.5697,-59.1069,-2.4628,-0.20681818,-0.19854545,-2.4628,-59.1069,-0.19854545,-2.4628,-2.4628,-2.4628,-2.4628,-2.4628,-59.1069,-0.19854545,-12.3139,-11.3674,-49.2558,-50.2022,-0.16545455,-0.1686339,-0.00827273,14.8850,12.1786,-3.0785,-15.3924,-3.6217,74.4249,5.0000,,14.8850,6.7659,10.1488,20.2977,27.0636,40.5954,54.1272,6.7659,3.2138,4.0,5.333333,1.466667,15,14,4,2,0E-8,-0.20681818,,0E-8,0.000000,0.818182,0.000000,,2026-06-04,2026-06-08,4,17,16,5,0.800000,,,0.000000,,,,,,,,GLOBAL_BASELINE_NO_ENTITY_RANKING,,,NOT_APPLICABLE_GLOBAL_BASELINE,HF9g-P5,,,,X 全窗基线 · 不参与实体赏罚,3927834,393,A168_HF9F_20260827_0900,2026-08-27 09:00:00
2026-06-04,151011124,2174,0,6.7658998647,-6.7658998647,-6.7658998647,0E-7,1,1,0.50665070000000000,0.506650700000,-1.013391052207602,-1.013391052207602,-1.013391052207602,0E-17,ELIGIBLE,R03b_20260811_FULL_v1,L1_ELIGIBILITY,v2026-08-11,2026-03-21..2026-08-06,baccarat_bet02_101_all_pairs_incl_sentinel,round_win = game_pnl > 0 (decisive only),COMPATIBILITY_ONLY_NOT_PRODUCTION,297.6996,243.5724,-61.5697,20,20,0.20681818,,0.20681818,0.20681818,61.5697,297.6996,THIN_EXPOSURE,0.0000,-2.4628,4.0000,96.0000,AG03-UNRESOLVED,ALL5_LEVELS_bet23_to_bet27,-2.4628,-2.4628,-2.4628,-2.4628,-2.4628,4.000000,4.000000,4.000000,4.000000,4.000000,96.000000,96.000000,96.000000,96.000000,96.000000,5.0,-12.3139,-11.3674,-49.2558,-50.2022,PENDING_AG03,FALSE,NOT_FOR_ENFORCEMENT,-59.1069,233.8295,-61.5697,-59.1069,-2.4628,-0.20681818,-0.19854545,-2.4628,-59.1069,-0.19854545,-2.4628,-2.4628,-2.4628,-2.4628,-2.4628,-59.1069,-0.19854545,-12.3139,-11.3674,-49.2558,-50.2022,-0.16545455,-0.1686339,-0.00827273,14.8850,12.1786,-3.0785,-15.3924,-3.6217,74.4249,5.0000,,14.8850,6.7659,10.1488,20.2977,27.0636,40.5954,54.1272,6.7659,3.2138,4.0,5.333333,1.466667,15,14,4,2,0E-8,-0.20681818,,0E-8,0.000000,0.818182,0.000000,,2026-06-04,2026-06-08,4,17,16,5,0.800000,,,0.000000,,,,,,,,GLOBAL_BASELINE_NO_ENTITY_RANKING,,,NOT_APPLICABLE_GLOBAL_BASELINE,HF9g-P5,,,,X 全窗基线 · 不参与实体赏罚,3927835,393,A168_HF9F_20260827_0900,2026-08-27 09:00:00
2026-06-04,151011124,2177,0,6.7658998647,6.4276048714,6.4276048714,1.0000000,1,1,0.50665070000000000,0.506650700000,0.9867858985152569,0.9867858985152569,0.9867858985152569,0E-17,ELIGIBLE,R03b_20260811_FULL_v1,L1_ELIGIBILITY,v2026-08-11,2026-03-21..2026-08-06,baccarat_bet02_101_all_pairs_incl_sentinel,round_win = game_pnl > 0 (decisive only),COMPATIBILITY_ONLY_NOT_PRODUCTION,297.6996,243.5724,-61.5697,20,20,0.20681818,,0.20681818,0.20681818,61.5697,297.6996,THIN_EXPOSURE,0.0000,-2.4628,4.0000,96.0000,AG03-UNRESOLVED,ALL5_LEVELS_bet23_to_bet27,-2.4628,-2.4628,-2.4628,-2.4628,-2.4628,4.000000,4.000000,4.000000,4.000000,4.000000,96.000000,96.000000,96.000000,96.000000,96.000000,5.0,-12.3139,-11.3674,-49.2558,-50.2022,PENDING_AG03,FALSE,NOT_FOR_ENFORCEMENT,-59.1069,233.8295,-61.5697,-59.1069,-2.4628,-0.20681818,-0.19854545,-2.4628,-59.1069,-0.19854545,-2.4628,-2.4628,-2.4628,-2.4628,-2.4628,-59.1069,-0.19854545,-12.3139,-11.3674,-49.2558,-50.2022,-0.16545455,-0.1686339,-0.00827273,14.8850,12.1786,-3.0785,-15.3924,-3.6217,74.4249,5.0000,,14.8850,6.7659,10.1488,20.2977,27.0636,40.5954,54.1272,6.7659,3.2138,4.0,5.333333,1.466667,15,14,4,2,0E-8,-0.20681818,,0E-8,0.000000,0.818182,0.000000,,2026-06-04,2026-06-08,4,17,16,5,0.800000,,,0.000000,,,,,,,,GLOBAL_BASELINE_NO_ENTITY_RANKING,,,NOT_APPLICABLE_GLOBAL_BASELINE,HF9g-P5,,,,X 全窗基线 · 不参与实体赏罚,3927836,393,A168_HF9F_20260827_0900,2026-08-27 09:00:00
2026-06-04,151011124,2222,0,6.7658998647,0E-10,0E-10,,1,1,0.49324550000000000,0.493245500000,,,,0E-17,NO_DECISIVE_ROUND,R03b_20260811_FULL_v1,L1_ELIGIBILITY,v2026-08-11,2026-03-21..2026-08-06,baccarat_bet02_101_all_pairs_incl_sentinel,round_win = game_pnl > 0 (decisive only),COMPATIBILITY_ONLY_NOT_PRODUCTION,297.6996,243.5724,-61.5697,20,20,0.20681818,,0.20681818,0.20681818,61.5697,297.6996,THIN_EXPOSURE,0.0000,-2.4628,4.0000,96.0000,AG03-UNRESOLVED,ALL5_LEVELS_bet23_to_bet27,-2.4628,-2.4628,-2.4628,-2.4628,-2.4628,4.000000,4.000000,4.000000,4.000000,4.000000,96.000000,96.000000,96.000000,96.000000,96.000000,5.0,-12.3139,-11.3674,-49.2558,-50.2022,PENDING_AG03,FALSE,NOT_FOR_ENFORCEMENT,-59.1069,233.8295,-61.5697,-59.1069,-2.4628,-0.20681818,-0.19854545,-2.4628,-59.1069,-0.19854545,-2.4628,-2.4628,-2.4628,-2.4628,-2.4628,-59.1069,-0.19854545,-12.3139,-11.3674,-49.2558,-50.2022,-0.16545455,-0.1686339,-0.00827273,14.8850,12.1786,-3.0785,-15.3924,-3.6217,74.4249,5.0000,,14.8850,6.7659,10.1488,20.2977,27.0636,40.5954,54.1272,6.7659,3.2138,4.0,5.333333,1.466667,15,14,4,2,0E-8,-0.20681818,,0E-8,0.000000,0.818182,0.000000,,2026-06-04,2026-06-08,4,17,16,5,0.800000,,,0.000000,,,,,,,,GLOBAL_BASELINE_NO_ENTITY_RANKING,,,NOT_APPLICABLE_GLOBAL_BASELINE,HF9g-P5,,,,X 全窗基线 · 不参与实体赏罚,3927837,393,A168_HF9F_20260827_0900,2026-08-27 09:00:00
2026-06-04,151011124,471,0,27.0635994587,25.7104194858,25.7104194858,1.0000000,1,1,0.50665070000000000,0.506650700000,0.9867858985152569,0.9867858985152569,0.9867858985152569,0E-17,ELIGIBLE,R03b_20260811_FULL_v1,L1_ELIGIBILITY,v2026-08-11,2026-03-21..2026-08-06,baccarat_bet02_101_all_pairs_incl_sentinel,round_win = game_pnl > 0 (decisive only),COMPATIBILITY_ONLY_NOT_PRODUCTION,297.6996,243.5724,-61.5697,20,20,0.20681818,,0.20681818,0.20681818,61.5697,297.6996,THIN_EXPOSURE,0.0000,-2.4628,4.0000,96.0000,AG03-UNRESOLVED,ALL5_LEVELS_bet23_to_bet27,-2.4628,-2.4628,-2.4628,-2.4628,-2.4628,4.000000,4.000000,4.000000,4.000000,4.000000,96.000000,96.000000,96.000000,96.000000,96.000000,5.0,-12.3139,-11.3674,-49.2558,-50.2022,PENDING_AG03,FALSE,NOT_FOR_ENFORCEMENT,-59.1069,233.8295,-61.5697,-59.1069,-2.4628,-0.20681818,-0.19854545,-2.4628,-59.1069,-0.19854545,-2.4628,-2.4628,-2.4628,-2.4628,-2.4628,-59.1069,-0.19854545,-12.3139,-11.3674,-49.2558,-50.2022,-0.16545455,-0.1686339,-0.00827273,14.8850,12.1786,-3.0785,-15.3924,-3.6217,74.4249,5.0000,,14.8850,6.7659,10.1488,20.2977,27.0636,40.5954,54.1272,6.7659,3.2138,4.0,5.333333,1.466667,15,14,4,2,0E-8,-0.20681818,,0E-8,0.000000,0.818182,0.000000,,2026-06-04,2026-06-08,4,17,16,5,0.800000,,,0.000000,,,,,,,,GLOBAL_BASELINE_NO_ENTITY_RANKING,,,NOT_APPLICABLE_GLOBAL_BASELINE,HF9g-P5,,,,X 全窗基线 · 不参与实体赏罚,3927838,393,A168_HF9F_20260827_0900,2026-08-27 09:00:00
2026-06-06,151011124,2117,0,40.5953991881,-13.5317997293,-13.5317997293,0.5000000,2,2,0.49324550000000000,0.493245500000,0.01910635448239258,0.01910635448239258,0.01910635448239258,0E-17,ELIGIBLE,R03b_20260811_FULL_v1,L1_ELIGIBILITY,v2026-08-11,2026-03-21..2026-08-06,baccarat_bet02_101_all_pairs_incl_sentinel,round_win = game_pnl > 0 (decisive only),COMPATIBILITY_ONLY_NOT_PRODUCTION,297.6996,243.5724,-61.5697,20,20,0.20681818,,0.20681818,0.20681818,61.5697,297.6996,THIN_EXPOSURE,0.0000,-2.4628,4.0000,96.0000,AG03-UNRESOLVED,ALL5_LEVELS_bet23_to_bet27,-2.4628,-2.4628,-2.4628,-2.4628,-2.4628,4.000000,4.000000,4.000000,4.000000,4.000000,96.000000,96.000000,96.000000,96.000000,96.000000,5.0,-12.3139,-11.3674,-49.2558,-50.2022,PENDING_AG03,FALSE,NOT_FOR_ENFORCEMENT,-59.1069,233.8295,-61.5697,-59.1069,-2.4628,-0.20681818,-0.19854545,-2.4628,-59.1069,-0.19854545,-2.4628,-2.4628,-2.4628,-2.4628,-2.4628,-59.1069,-0.19854545,-12.3139,-11.3674,-49.2558,-50.2022,-0.16545455,-0.1686339,-0.00827273,14.8850,12.1786,-3.0785,-15.3924,-3.6217,74.4249,5.0000,,14.8850,6.7659,10.1488,20.2977,27.0636,40.5954,54.1272,6.7659,3.2138,4.0,5.333333,1.466667,15,14,4,2,0E-8,-0.20681818,,0E-8,0.000000,0.818182,0.000000,,2026-06-04,2026-06-08,4,17,16,5,0.800000,,,0.000000,,,,,,,,GLOBAL_BASELINE_NO_ENTITY_RANKING,,,NOT_APPLICABLE_GLOBAL_BASELINE,HF9g-P5,,,,X 全窗基线 · 不参与实体赏罚,3927839,393,A168_HF9F_20260827_0900,2026-08-27 09:00:00
2026-06-07,151011124,2234,0,6.7658998647,-6.7658998647,-6.7658998647,0E-7,1,1,0.49324550000000000,0.493245500000,-0.9865810262130424,-0.9865810262130424,-0.9865810262130424,0E-17,ELIGIBLE,R03b_20260811_FULL_v1,L1_ELIGIBILITY,v2026-08-11,2026-03-21..2026-08-06,baccarat_bet02_101_all_pairs_incl_sentinel,round_win = game_pnl > 0 (decisive only),COMPATIBILITY_ONLY_NOT_PRODUCTION,297.6996,243.5724,-61.5697,20,20,0.20681818,,0.20681818,0.20681818,61.5697,297.6996,THIN_EXPOSURE,0.0000,-2.4628,4.0000,96.0000,AG03-UNRESOLVED,ALL5_LEVELS_bet23_to_bet27,-2.4628,-2.4628,-2.4628,-2.4628,-2.4628,4.000000,4.000000,4.000000,4.000000,4.000000,96.000000,96.000000,96.000000,96.000000,96.000000,5.0,-12.3139,-11.3674,-49.2558,-50.2022,PENDING_AG03,FALSE,NOT_FOR_ENFORCEMENT,-59.1069,233.8295,-61.5697,-59.1069,-2.4628,-0.20681818,-0.19854545,-2.4628,-59.1069,-0.19854545,-2.4628,-2.4628,-2.4628,-2.4628,-2.4628,-59.1069,-0.19854545,-12.3139,-11.3674,-49.2558,-50.2022,-0.16545455,-0.1686339,-0.00827273,14.8850,12.1786,-3.0785,-15.3924,-3.6217,74.4249,5.0000,,14.8850,6.7659,10.1488,20.2977,27.0636,40.5954,54.1272,6.7659,3.2138,4.0,5.333333,1.466667,15,14,4,2,0E-8,-0.20681818,,0E-8,0.000000,0.818182,0.000000,,2026-06-04,2026-06-08,4,17,16,5,0.800000,,,0.000000,,,,,,,,GLOBAL_BASELINE_NO_ENTITY_RANKING,,,NOT_APPLICABLE_GLOBAL_BASELINE,HF9g-P5,,,,X 全窗基线 · 不参与实体赏罚,3927840,393,A168_HF9F_20260827_0900,2026-08-27 09:00:00
2026-06-08,151011124,-1,1,6.7658998647,-6.7658998647,-6.7658998647,0E-7,1,1,0.50665070000000000,0.506650700000,-1.013391052207602,-1.013391052207602,-1.013391052207602,0E-17,SENTINEL_DEALER,R03b_20260811_FULL_v1,L1_ELIGIBILITY,v2026-08-11,2026-03-21..2026-08-06,baccarat_bet02_101_all_pairs_incl_sentinel,round_win = game_pnl > 0 (decisive only),COMPATIBILITY_ONLY_NOT_PRODUCTION,297.6996,243.5724,-61.5697,20,20,0.20681818,,0.20681818,0.20681818,61.5697,297.6996,THIN_EXPOSURE,0.0000,-2.4628,4.0000,96.0000,AG03-UNRESOLVED,ALL5_LEVELS_bet23_to_bet27,-2.4628,-2.4628,-2.4628,-2.4628,-2.4628,4.000000,4.000000,4.000000,4.000000,4.000000,96.000000,96.000000,96.000000,96.000000,96.000000,5.0,-12.3139,-11.3674,-49.2558,-50.2022,PENDING_AG03,FALSE,NOT_FOR_ENFORCEMENT,-59.1069,233.8295,-61.5697,-59.1069,-2.4628,-0.20681818,-0.19854545,-2.4628,-59.1069,-0.19854545,-2.4628,-2.4628,-2.4628,-2.4628,-2.4628,-59.1069,-0.19854545,-12.3139,-11.3674,-49.2558,-50.2022,-0.16545455,-0.1686339,-0.00827273,14.8850,12.1786,-3.0785,-15.3924,-3.6217,74.4249,5.0000,,14.8850,6.7659,10.1488,20.2977,27.0636,40.5954,54.1272,6.7659,3.2138,4.0,5.333333,1.466667,15,14,4,2,0E-8,-0.20681818,,0E-8,0.000000,0.818182,0.000000,,2026-06-04,2026-06-08,4,17,16,5,0.800000,,,0.000000,,,,,,,,GLOBAL_BASELINE_NO_ENTITY_RANKING,,,NOT_APPLICABLE_GLOBAL_BASELINE,HF9g-P5,,,,X 全窗基线 · 不参与实体赏罚,3927841,393,A168_HF9F_20260827_0900,2026-08-27 09:00:00
2026-07-03,152493264,1654,0,77.4533343660,60.9299563680,60.9299563680,0.8000000,9,5,0.43445274600000000,0.360754853333,1.6490081636826073,2.045277132898537,1.6490081636826073,0.07369789266700000,ELIGIBLE,R03b_20260811_FULL_v1,L1_ELIGIBILITY,v2026-08-11,2026-03-21..2026-08-06,baccarat_bet02_101_all_pairs_incl_sentinel,round_win = game_pnl > 0 (decisive only),COMPATIBILITY_ONLY_NOT_PRODUCTION,77.4533,77.4533,-60.9300,9,5,0.78666667,,0.78666667,0.78666667,60.9300,77.4533,THIN_EXPOSURE,0.0000,-1.8279,3.0000,97.0000,AG03-UNRESOLVED,ALL5_LEVELS_bet23_to_bet27,-1.8279,-1.8279,-1.8279,-2.4372,-2.4372,3.000000,3.000000,3.000000,4.000000,4.000000,97.000000,97.000000,97.000000,96.000000,96.000000,5.0,-10.3581,-9.6806,-50.5719,-51.2494,PENDING_AG03,FALSE,NOT_FOR_ENFORCEMENT,-59.1021,75.1297,-60.9300,-59.1021,-1.8279,-0.78666667,-0.76306667,-1.8279,-59.1021,-0.76306667,-1.8279,-1.8279,-1.8279,-2.4372,-2.4372,-59.1021,-0.76306667,-10.3581,-9.6806,-50.5719,-51.2494,-0.65293333,-0.66168062,-0.02360000,8.6059,15.4907,-12.1860,-60.9300,-60.9300,77.4533,5.0000,,8.6059,2.5818,7.7453,12.9089,16.007,18.0724,18.0724,7.7453,10.3271,2.333333,2.333333,1.111111,1,1,1,5,0E-8,-0.78666667,,0E-8,0.000000,1.000000,0.000000,,2026-07-03,2026-07-03,1,1,1,1,1.000000,,,0.000000,,,,,,,,GLOBAL_BASELINE_NO_ENTITY_RANKING,,,NOT_APPLICABLE_GLOBAL_BASELINE,HF9g-P5,,,,X 全窗基线 · 不参与实体赏罚,3927842,393,A168_HF9F_20260827_0900,2026-08-27 09:00:00
2026-07-28,153571607,1374,0,46.4720006196,24.7850669972,24.7850669972,0.7777778,9,9,0.49920336666666667,0.499203366667,1.6714485881530228,1.6714485881510213,1.6714485881530228,-3.3333E-13,ELIGIBLE,R03b_20260811_FULL_v1,L1_ELIGIBILITY,v2026-08-11,2026-03-21..2026-08-06,baccarat_bet02_101_all_pairs_incl_sentinel,round_win = game_pnl > 0 (decisive only),COMPATIBILITY_ONLY_NOT_PRODUCTION,196.2151,185.8880,-60.9300,51,51,0.31052632,0.31052632,,0.31052632,60.9300,196.2151,OK,0.0000,-1.8279,3.0000,97.0000,AG03-UNRESOLVED,ALL5_LEVELS_bet23_to_bet27,-1.8279,-1.8279,-1.8279,-2.4372,-2.4372,3.000000,3.000000,3.000000,4.000000,4.000000,97.000000,97.000000,97.000000,96.000000,96.000000,5.0,-10.3581,-9.6806,-50.5719,-51.2494,PENDING_AG03,FALSE,NOT_FOR_ENFORCEMENT,-59.1021,180.3114,-60.9300,-59.1021,-1.8279,-0.31052632,-0.30121053,-1.8279,-59.1021,-0.30121053,-1.8279,-1.8279,-1.8279,-2.4372,-2.4372,-59.1021,-0.30121053,-10.3581,-9.6806,-50.5719,-51.2494,-0.25773684,-0.26118972,-0.00931579,3.8474,3.6449,-1.1947,-60.9300,-5.5391,196.2151,51.0000,3.8474,,2.5818,2.5818,5.1636,5.1636,5.1636,5.1636,2.5818,2.5818,2.0,2.0,1.490196,7,9,1,2,1.00000000,-0.31052632,-0.31052632,0E-8,0.000000,0.947368,0.000000,,2026-07-28,2026-07-28,1,11,7,1,1.000000,,1.000000,3.333333,,,,,,,,GLOBAL_BASELINE_NO_ENTITY_RANKING,,,NOT_APPLICABLE_GLOBAL_BASELINE,HF9g-P5,,,,X 全窗基线 · 不参与实体赏罚,3927843,393,A168_HF9F_20260827_0900,2026-08-27 09:00:00
2026-07-28,153571607,1505,0,5.1635556244,0E-10,0E-10,0.5000000,2,2,0.49324550000000000,0.493245500000,0.01910635448239258,0.01910635448239258,0.01910635448239258,0E-17,ELIGIBLE,R03b_20260811_FULL_v1,L1_ELIGIBILITY,v2026-08-11,2026-03-21..2026-08-06,baccarat_bet02_101_all_pairs_incl_sentinel,round_win = game_pnl > 0 (decisive only),COMPATIBILITY_ONLY_NOT_PRODUCTION,196.2151,185.8880,-60.9300,51,51,0.31052632,0.31052632,,0.31052632,60.9300,196.2151,OK,0.0000,-1.8279,3.0000,97.0000,AG03-UNRESOLVED,ALL5_LEVELS_bet23_to_bet27,-1.8279,-1.8279,-1.8279,-2.4372,-2.4372,3.000000,3.000000,3.000000,4.000000,4.000000,97.000000,97.000000,97.000000,96.000000,96.000000,5.0,-10.3581,-9.6806,-50.5719,-51.2494,PENDING_AG03,FALSE,NOT_FOR_ENFORCEMENT,-59.1021,180.3114,-60.9300,-59.1021,-1.8279,-0.31052632,-0.30121053,-1.8279,-59.1021,-0.30121053,-1.8279,-1.8279,-1.8279,-2.4372,-2.4372,-59.1021,-0.30121053,-10.3581,-9.6806,-50.5719,-51.2494,-0.25773684,-0.26118972,-0.00931579,3.8474,3.6449,-1.1947,-60.9300,-5.5391,196.2151,51.0000,3.8474,,2.5818,2.5818,5.1636,5.1636,5.1636,5.1636,2.5818,2.5818,2.0,2.0,1.490196,7,9,1,2,1.00000000,-0.31052632,-0.31052632,0E-8,0.000000,0.947368,0.000000,,2026-07-28,2026-07-28,1,11,7,1,1.000000,,1.000000,3.333333,,,,,,,,GLOBAL_BASELINE_NO_ENTITY_RANKING,,,NOT_APPLICABLE_GLOBAL_BASELINE,HF9g-P5,,,,X 全窗基线 · 不参与实体赏罚,3927844,393,A168_HF9F_20260827_0900,2026-08-27 09:00:00
2026-07-28,153571607,1646,0,12.9088890610,0E-10,0E-10,0.5000000,5,5,0.50128862000000000,0.501288620000,-0.0051544971185412255,-0.0051544971185412255,-0.0051544971185412255,0E-17,ELIGIBLE,R03b_20260811_FULL_v1,L1_ELIGIBILITY,v2026-08-11,2026-03-21..2026-08-06,baccarat_bet02_101_all_pairs_incl_sentinel,round_win = game_pnl > 0 (decisive only),COMPATIBILITY_ONLY_NOT_PRODUCTION,196.2151,185.8880,-60.9300,51,51,0.31052632,0.31052632,,0.31052632,60.9300,196.2151,OK,0.0000,-1.8279,3.0000,97.0000,AG03-UNRESOLVED,ALL5_LEVELS_bet23_to_bet27,-1.8279,-1.8279,-1.8279,-2.4372,-2.4372,3.000000,3.000000,3.000000,4.000000,4.000000,97.000000,97.000000,97.000000,96.000000,96.000000,5.0,-10.3581,-9.6806,-50.5719,-51.2494,PENDING_AG03,FALSE,NOT_FOR_ENFORCEMENT,-59.1021,180.3114,-60.9300,-59.1021,-1.8279,-0.31052632,-0.30121053,-1.8279,-59.1021,-0.30121053,-1.8279,-1.8279,-1.8279,-2.4372,-2.4372,-59.1021,-0.30121053,-10.3581,-9.6806,-50.5719,-51.2494,-0.25773684,-0.26118972,-0.00931579,3.8474,3.6449,-1.1947,-60.9300,-5.5391,196.2151,51.0000,3.8474,,2.5818,2.5818,5.1636,5.1636,5.1636,5.1636,2.5818,2.5818,2.0,2.0,1.490196,7,9,1,2,1.00000000,-0.31052632,-0.31052632,0E-8,0.000000,0.947368,0.000000,,2026-07-28,2026-07-28,1,11,7,1,1.000000,,1.000000,3.333333,,,,,,,,GLOBAL_BASELINE_NO_ENTITY_RANKING,,,NOT_APPLICABLE_GLOBAL_BASELINE,HF9g-P5,,,,X 全窗基线 · 不参与实体赏罚,3927845,393,A168_HF9F_20260827_0900,2026-08-27 09:00:00
2026-07-28,153571607,2101,0,7.7453334366,2.5817778122,2.5817778122,0.6666667,3,3,0.49324550000000000,0.493245500000,0.6008033672792107,0.6008033672792106,0.6008033672792107,0E-17,ELIGIBLE,R03b_20260811_FULL_v1,L1_ELIGIBILITY,v2026-08-11,2026-03-21..2026-08-06,baccarat_bet02_101_all_pairs_incl_sentinel,round_win = game_pnl > 0 (decisive only),COMPATIBILITY_ONLY_NOT_PRODUCTION,196.2151,185.8880,-60.9300,51,51,0.31052632,0.31052632,,0.31052632,60.9300,196.2151,OK,0.0000,-1.8279,3.0000,97.0000,AG03-UNRESOLVED,ALL5_LEVELS_bet23_to_bet27,-1.8279,-1.8279,-1.8279,-2.4372,-2.4372,3.000000,3.000000,3.000000,4.000000,4.000000,97.000000,97.000000,97.000000,96.000000,96.000000,5.0,-10.3581,-9.6806,-50.5719,-51.2494,PENDING_AG03,FALSE,NOT_FOR_ENFORCEMENT,-59.1021,180.3114,-60.9300,-59.1021,-1.8279,-0.31052632,-0.30121053,-1.8279,-59.1021,-0.30121053,-1.8279,-1.8279,-1.8279,-2.4372,-2.4372,-59.1021,-0.30121053,-10.3581,-9.6806,-50.5719,-51.2494,-0.25773684,-0.26118972,-0.00931579,3.8474,3.6449,-1.1947,-60.9300,-5.5391,196.2151,51.0000,3.8474,,2.5818,2.5818,5.1636,5.1636,5.1636,5.1636,2.5818,2.5818,2.0,2.0,1.490196,7,9,1,2,1.00000000,-0.31052632,-0.31052632,0E-8,0.000000,0.947368,0.000000,,2026-07-28,2026-07-28,1,11,7,1,1.000000,,1.000000,3.333333,,,,,,,,GLOBAL_BASELINE_NO_ENTITY_RANKING,,,NOT_APPLICABLE_GLOBAL_BASELINE,HF9g-P5,,,,X 全窗基线 · 不参与实体赏罚,3927846,393,A168_HF9F_20260827_0900,2026-08-27 09:00:00
2026-07-28,153571607,2108,0,23.2360003098,20.6542224976,20.6542224976,1.0000000,9,9,0.49324550000000000,0.493245500000,2.8668979532304717,2.8668979532304717,2.8668979532304717,0E-17,ELIGIBLE,R03b_20260811_FULL_v1,L1_ELIGIBILITY,v2026-08-11,2026-03-21..2026-08-06,baccarat_bet02_101_all_pairs_incl_sentinel,round_win = game_pnl > 0 (decisive only),COMPATIBILITY_ONLY_NOT_PRODUCTION,196.2151,185.8880,-60.9300,51,51,0.31052632,0.31052632,,0.31052632,60.9300,196.2151,OK,0.0000,-1.8279,3.0000,97.0000,AG03-UNRESOLVED,ALL5_LEVELS_bet23_to_bet27,-1.8279,-1.8279,-1.8279,-2.4372,-2.4372,3.000000,3.000000,3.000000,4.000000,4.000000,97.000000,97.000000,97.000000,96.000000,96.000000,5.0,-10.3581,-9.6806,-50.5719,-51.2494,PENDING_AG03,FALSE,NOT_FOR_ENFORCEMENT,-59.1021,180.3114,-60.9300,-59.1021,-1.8279,-0.31052632,-0.30121053,-1.8279,-59.1021,-0.30121053,-1.8279,-1.8279,-1.8279,-2.4372,-2.4372,-59.1021,-0.30121053,-10.3581,-9.6806,-50.5719,-51.2494,-0.25773684,-0.26118972,-0.00931579,3.8474,3.6449,-1.1947,-60.9300,-5.5391,196.2151,51.0000,3.8474,,2.5818,2.5818,5.1636,5.1636,5.1636,5.1636,2.5818,2.5818,2.0,2.0,1.490196,7,9,1,2,1.00000000,-0.31052632,-0.31052632,0E-8,0.000000,0.947368,0.000000,,2026-07-28,2026-07-28,1,11,7,1,1.000000,,1.000000,3.333333,,,,,,,,GLOBAL_BASELINE_NO_ENTITY_RANKING,,,NOT_APPLICABLE_GLOBAL_BASELINE,HF9g-P5,,,,X 全窗基线 · 不参与实体赏罚,3927847,393,A168_HF9F_20260827_0900,2026-08-27 09:00:00
2026-07-28,153571607,2174,0,20.6542224976,5.1635556244,5.1635556244,0.6000000,5,5,0.49324550000000000,0.493245500000,0.47746420675292983,0.47746420675292983,0.47746420675292983,0E-17,ELIGIBLE,R03b_20260811_FULL_v1,L1_ELIGIBILITY,v2026-08-11,2026-03-21..2026-08-06,baccarat_bet02_101_all_pairs_incl_sentinel,round_win = game_pnl > 0 (decisive only),COMPATIBILITY_ONLY_NOT_PRODUCTION,196.2151,185.8880,-60.9300,51,51,0.31052632,0.31052632,,0.31052632,60.9300,196.2151,OK,0.0000,-1.8279,3.0000,97.0000,AG03-UNRESOLVED,ALL5_LEVELS_bet23_to_bet27,-1.8279,-1.8279,-1.8279,-2.4372,-2.4372,3.000000,3.000000,3.000000,4.000000,4.000000,97.000000,97.000000,97.000000,96.000000,96.000000,5.0,-10.3581,-9.6806,-50.5719,-51.2494,PENDING_AG03,FALSE,NOT_FOR_ENFORCEMENT,-59.1021,180.3114,-60.9300,-59.1021,-1.8279,-0.31052632,-0.30121053,-1.8279,-59.1021,-0.30121053,-1.8279,-1.8279,-1.8279,-2.4372,-2.4372,-59.1021,-0.30121053,-10.3581,-9.6806,-50.5719,-51.2494,-0.25773684,-0.26118972,-0.00931579,3.8474,3.6449,-1.1947,-60.9300,-5.5391,196.2151,51.0000,3.8474,,2.5818,2.5818,5.1636,5.1636,5.1636,5.1636,2.5818,2.5818,2.0,2.0,1.490196,7,9,1,2,1.00000000,-0.31052632,-0.31052632,0E-8,0.000000,0.947368,0.000000,,2026-07-28,2026-07-28,1,11,7,1,1.000000,,1.000000,3.333333,,,,,,,,GLOBAL_BASELINE_NO_ENTITY_RANKING,,,NOT_APPLICABLE_GLOBAL_BASELINE,HF9g-P5,,,,X 全窗基线 · 不参与实体赏罚,3927848,393,A168_HF9F_20260827_0900,2026-08-27 09:00:00
2026-07-28,153571607,2252,0,69.7080009294,7.7453334366,7.7453334366,0.5384615,14,14,0.49420301428571429,0.494203014286,0.3191742090318032,0.31917420902974064,0.3191742090318032,-2.8571E-13,ELIGIBLE,R03b_20260811_FULL_v1,L1_ELIGIBILITY,v2026-08-11,2026-03-21..2026-08-06,baccarat_bet02_101_all_pairs_incl_sentinel,round_win = game_pnl > 0 (decisive only),COMPATIBILITY_ONLY_NOT_PRODUCTION,196.2151,185.8880,-60.9300,51,51,0.31052632,0.31052632,,0.31052632,60.9300,196.2151,OK,0.0000,-1.8279,3.0000,97.0000,AG03-UNRESOLVED,ALL5_LEVELS_bet23_to_bet27,-1.8279,-1.8279,-1.8279,-2.4372,-2.4372,3.000000,3.000000,3.000000,4.000000,4.000000,97.000000,97.000000,97.000000,96.000000,96.000000,5.0,-10.3581,-9.6806,-50.5719,-51.2494,PENDING_AG03,FALSE,NOT_FOR_ENFORCEMENT,-59.1021,180.3114,-60.9300,-59.1021,-1.8279,-0.31052632,-0.30121053,-1.8279,-59.1021,-0.30121053,-1.8279,-1.8279,-1.8279,-2.4372,-2.4372,-59.1021,-0.30121053,-10.3581,-9.6806,-50.5719,-51.2494,-0.25773684,-0.26118972,-0.00931579,3.8474,3.6449,-1.1947,-60.9300,-5.5391,196.2151,51.0000,3.8474,,2.5818,2.5818,5.1636,5.1636,5.1636,5.1636,2.5818,2.5818,2.0,2.0,1.490196,7,9,1,2,1.00000000,-0.31052632,-0.31052632,0E-8,0.000000,0.947368,0.000000,,2026-07-28,2026-07-28,1,11,7,1,1.000000,,1.000000,3.333333,,,,,,,,GLOBAL_BASELINE_NO_ENTITY_RANKING,,,NOT_APPLICABLE_GLOBAL_BASELINE,HF9g-P5,,,,X 全窗基线 · 不参与实体赏罚,3927849,393,A168_HF9F_20260827_0900,2026-08-27 09:00:00
2026-07-28,153571607,2288,0,7.7453334366,2.5817778122,2.5817778122,0.6666667,3,3,0.49324550000000000,0.493245500000,0.6008033672792107,0.6008033672792106,0.6008033672792107,0E-17,ELIGIBLE,R03b_20260811_FULL_v1,L1_ELIGIBILITY,v2026-08-11,2026-03-21..2026-08-06,baccarat_bet02_101_all_pairs_incl_sentinel,round_win = game_pnl > 0 (decisive only),COMPATIBILITY_ONLY_NOT_PRODUCTION,196.2151,185.8880,-60.9300,51,51,0.31052632,0.31052632,,0.31052632,60.9300,196.2151,OK,0.0000,-1.8279,3.0000,97.0000,AG03-UNRESOLVED,ALL5_LEVELS_bet23_to_bet27,-1.8279,-1.8279,-1.8279,-2.4372,-2.4372,3.000000,3.000000,3.000000,4.000000,4.000000,97.000000,97.000000,97.000000,96.000000,96.000000,5.0,-10.3581,-9.6806,-50.5719,-51.2494,PENDING_AG03,FALSE,NOT_FOR_ENFORCEMENT,-59.1021,180.3114,-60.9300,-59.1021,-1.8279,-0.31052632,-0.30121053,-1.8279,-59.1021,-0.30121053,-1.8279,-1.8279,-1.8279,-2.4372,-2.4372,-59.1021,-0.30121053,-10.3581,-9.6806,-50.5719,-51.2494,-0.25773684,-0.26118972,-0.00931579,3.8474,3.6449,-1.1947,-60.9300,-5.5391,196.2151,51.0000,3.8474,,2.5818,2.5818,5.1636,5.1636,5.1636,5.1636,2.5818,2.5818,2.0,2.0,1.490196,7,9,1,2,1.00000000,-0.31052632,-0.31052632,0E-8,0.000000,0.947368,0.000000,,2026-07-28,2026-07-28,1,11,7,1,1.000000,,1.000000,3.333333,,,,,,,,GLOBAL_BASELINE_NO_ENTITY_RANKING,,,NOT_APPLICABLE_GLOBAL_BASELINE,HF9g-P5,,,,X 全窗基线 · 不参与实体赏罚,3927850,393,A168_HF9F_20260827_0900,2026-08-27 09:00:00
2026-07-28,153571607,583,0,2.5817778122,-2.5817778122,-2.5817778122,0E-7,1,1,0.49324550000000000,0.493245500000,-0.9865810262130424,-0.9865810262130424,-0.9865810262130424,0E-17,ELIGIBLE,R03b_20260811_FULL_v1,L1_ELIGIBILITY,v2026-08-11,2026-03-21..2026-08-06,baccarat_bet02_101_all_pairs_incl_sentinel,round_win = game_pnl > 0 (decisive only),COMPATIBILITY_ONLY_NOT_PRODUCTION,196.2151,185.8880,-60.9300,51,51,0.31052632,0.31052632,,0.31052632,60.9300,196.2151,OK,0.0000,-1.8279,3.0000,97.0000,AG03-UNRESOLVED,ALL5_LEVELS_bet23_to_bet27,-1.8279,-1.8279,-1.8279,-2.4372,-2.4372,3.000000,3.000000,3.000000,4.000000,4.000000,97.000000,97.000000,97.000000,96.000000,96.000000,5.0,-10.3581,-9.6806,-50.5719,-51.2494,PENDING_AG03,FALSE,NOT_FOR_ENFORCEMENT,-59.1021,180.3114,-60.9300,-59.1021,-1.8279,-0.31052632,-0.30121053,-1.8279,-59.1021,-0.30121053,-1.8279,-1.8279,-1.8279,-2.4372,-2.4372,-59.1021,-0.30121053,-10.3581,-9.6806,-50.5719,-51.2494,-0.25773684,-0.26118972,-0.00931579,3.8474,3.6449,-1.1947,-60.9300,-5.5391,196.2151,51.0000,3.8474,,2.5818,2.5818,5.1636,5.1636,5.1636,5.1636,2.5818,2.5818,2.0,2.0,1.490196,7,9,1,2,1.00000000,-0.31052632,-0.31052632,0E-8,0.000000,0.947368,0.000000,,2026-07-28,2026-07-28,1,11,7,1,1.000000,,1.000000,3.333333,,,,,,,,GLOBAL_BASELINE_NO_ENTITY_RANKING,,,NOT_APPLICABLE_GLOBAL_BASELINE,HF9g-P5,,,,X 全窗基线 · 不参与实体赏罚,3927851,393,A168_HF9F_20260827_0900,2026-08-27 09:00:00
2026-05-30,139469359,2196,0,61.5595075239,61.5595075239,61.5595075239,1.0000000,1,1,0.49324550000000000,0.493245500000,1.01360149184955,1.01360149184955,1.01360149184955,0E-17,ELIGIBLE,R03b_20260811_FULL_v1,L1_ELIGIBILITY,v2026-08-11,2026-03-21..2026-08-06,baccarat_bet02_101_all_pairs_incl_sentinel,round_win = game_pnl > 0 (decisive only),COMPATIBILITY_ONLY_NOT_PRODUCTION,61.5595,61.5595,-61.5595,1,1,1.00000000,,1.00000000,1.00000000,61.5595,61.5595,THIN_EXPOSURE,0.0000,-2.4624,4.0000,96.0000,AG03-UNRESOLVED,ALL5_LEVELS_bet23_to_bet27,-2.4624,-2.4624,-2.4624,-2.4624,-2.4624,4.000000,4.000000,4.000000,4.000000,4.000000,96.000000,96.000000,96.000000,96.000000,96.000000,5.0,-12.3119,-11.3656,-49.2476,-50.1939,PENDING_AG03,FALSE,NOT_FOR_ENFORCEMENT,-59.0971,59.0971,-61.5595,-59.0971,-2.4624,-1.00000000,-0.96000000,-2.4624,-59.0971,-0.96000000,-2.4624,-2.4624,-2.4624,-2.4624,-2.4624,-59.0971,-0.96000000,-12.3119,-11.3656,-49.2476,-50.1939,-0.80000000,-0.8153727,-0.04000000,61.5595,61.5595,-61.5595,-61.5595,-61.5595,61.5595,1.0000,,61.5595,61.5595,61.5595,61.5595,61.5595,61.5595,61.5595,61.5595,61.5595,1.0,1.0,1.0,1,1,1,1,0E-8,-1.00000000,,0E-8,0.000000,1.000000,0.000000,,2026-05-30,2026-05-30,1,1,1,1,1.000000,,,0.000000,,,,,,,,GLOBAL_BASELINE_NO_ENTITY_RANKING,,,NOT_APPLICABLE_GLOBAL_BASELINE,HF9g-P5,,,,X 全窗基线 · 不参与实体赏罚,3927852,393,A168_HF9F_20260827_0900,2026-08-27 09:00:00
2026-05-24,150499192,1017,0,34.1997264022,34.1997264022,34.1997264022,1.0000000,1,1,0.49324550000000000,0.493245500000,1.01360149184955,1.01360149184955,1.01360149184955,0E-17,ELIGIBLE,R03b_20260811_FULL_v1,L1_ELIGIBILITY,v2026-08-11,2026-03-21..2026-08-06,baccarat_bet02_101_all_pairs_incl_sentinel,round_win = game_pnl > 0 (decisive only),COMPATIBILITY_ONLY_NOT_PRODUCTION,129.9590,129.9590,-61.5595,4,4,0.47368421,,0.47368421,0.47368421,61.5595,129.9590,THIN_EXPOSURE,0.0000,-2.4624,4.0000,96.0000,AG03-UNRESOLVED,ALL5_LEVELS_bet23_to_bet27,-2.4624,-2.4624,-2.4624,-2.4624,0.0000,4.000000,4.000000,4.000000,4.000000,0.000000,96.000000,96.000000,96.000000,96.000000,100.000000,5.0,-9.8495,-9.2742,-51.7100,-52.2854,PENDING_AG03,FALSE,NOT_FOR_ENFORCEMENT,-59.0971,124.7606,-61.5595,-59.0971,-2.4624,-0.47368421,-0.45473684,-2.4624,-59.0971,-0.45473684,-2.4624,-2.4624,-2.4624,-2.4624,0.0000,-59.0971,-0.45473684,-9.8495,-9.2742,-51.7100,-52.2854,-0.39789474,-0.40232205,-0.01894737,32.4897,32.4897,-15.3899,-61.5595,-20.5198,129.9590,4.0000,,32.4897,30.7798,34.1997,34.1997,34.1997,34.1997,34.1997,34.1997,30.7798,1.0,1.0,0.95,3,3,1,1,0E-8,-0.47368421,,0E-8,0.000000,1.000000,0.000000,,2026-05-24,2026-05-24,1,3,3,1,1.000000,,,0.000000,,,,,,,,GLOBAL_BASELINE_NO_ENTITY_RANKING,,,NOT_APPLICABLE_GLOBAL_BASELINE,HF9g-P5,,,,X 全窗基线 · 不参与实体赏罚,3927853,393,A168_HF9F_20260827_0900,2026-08-27 09:00:00
2026-05-24,150499192,2171,0,68.3994528044,0E-10,0E-10,0.5000000,2,2,0.49324550000000000,0.493245500000,0.01910635448239258,0.01910635448239258,0.01910635448239258,0E-17,ELIGIBLE,R03b_20260811_FULL_v1,L1_ELIGIBILITY,v2026-08-11,2026-03-21..2026-08-06,baccarat_bet02_101_all_pairs_incl_sentinel,round_win = game_pnl > 0 (decisive only),COMPATIBILITY_ONLY_NOT_PRODUCTION,129.9590,129.9590,-61.5595,4,4,0.47368421,,0.47368421,0.47368421,61.5595,129.9590,THIN_EXPOSURE,0.0000,-2.4624,4.0000,96.0000,AG03-UNRESOLVED,ALL5_LEVELS_bet23_to_bet27,-2.4624,-2.4624,-2.4624,-2.4624,0.0000,4.000000,4.000000,4.000000,4.000000,0.000000,96.000000,96.000000,96.000000,96.000000,100.000000,5.0,-9.8495,-9.2742,-51.7100,-52.2854,PENDING_AG03,FALSE,NOT_FOR_ENFORCEMENT,-59.0971,124.7606,-61.5595,-59.0971,-2.4624,-0.47368421,-0.45473684,-2.4624,-59.0971,-0.45473684,-2.4624,-2.4624,-2.4624,-2.4624,0.0000,-59.0971,-0.45473684,-9.8495,-9.2742,-51.7100,-52.2854,-0.39789474,-0.40232205,-0.01894737,32.4897,32.4897,-15.3899,-61.5595,-20.5198,129.9590,4.0000,,32.4897,30.7798,34.1997,34.1997,34.1997,34.1997,34.1997,34.1997,30.7798,1.0,1.0,0.95,3,3,1,1,0E-8,-0.47368421,,0E-8,0.000000,1.000000,0.000000,,2026-05-24,2026-05-24,1,3,3,1,1.000000,,,0.000000,,,,,,,,GLOBAL_BASELINE_NO_ENTITY_RANKING,,,NOT_APPLICABLE_GLOBAL_BASELINE,HF9g-P5,,,,X 全窗基线 · 不参与实体赏罚,3927854,393,A168_HF9F_20260827_0900,2026-08-27 09:00:00
2026-05-24,150499192,2271,0,27.3597811218,27.3597811218,27.3597811218,1.0000000,1,1,0.49324550000000000,0.493245500000,1.01360149184955,1.01360149184955,1.01360149184955,0E-17,ELIGIBLE,R03b_20260811_FULL_v1,L1_ELIGIBILITY,v2026-08-11,2026-03-21..2026-08-06,baccarat_bet02_101_all_pairs_incl_sentinel,round_win = game_pnl > 0 (decisive only),COMPATIBILITY_ONLY_NOT_PRODUCTION,129.9590,129.9590,-61.5595,4,4,0.47368421,,0.47368421,0.47368421,61.5595,129.9590,THIN_EXPOSURE,0.0000,-2.4624,4.0000,96.0000,AG03-UNRESOLVED,ALL5_LEVELS_bet23_to_bet27,-2.4624,-2.4624,-2.4624,-2.4624,0.0000,4.000000,4.000000,4.000000,4.000000,0.000000,96.000000,96.000000,96.000000,96.000000,100.000000,5.0,-9.8495,-9.2742,-51.7100,-52.2854,PENDING_AG03,FALSE,NOT_FOR_ENFORCEMENT,-59.0971,124.7606,-61.5595,-59.0971,-2.4624,-0.47368421,-0.45473684,-2.4624,-59.0971,-0.45473684,-2.4624,-2.4624,-2.4624,-2.4624,0.0000,-59.0971,-0.45473684,-9.8495,-9.2742,-51.7100,-52.2854,-0.39789474,-0.40232205,-0.01894737,32.4897,32.4897,-15.3899,-61.5595,-20.5198,129.9590,4.0000,,32.4897,30.7798,34.1997,34.1997,34.1997,34.1997,34.1997,34.1997,30.7798,1.0,1.0,0.95,3,3,1,1,0E-8,-0.47368421,,0E-8,0.000000,1.000000,0.000000,,2026-05-24,2026-05-24,1,3,3,1,1.000000,,,0.000000,,,,,,,,GLOBAL_BASELINE_NO_ENTITY_RANKING,,,NOT_APPLICABLE_GLOBAL_BASELINE,HF9g-P5,,,,X 全窗基线 · 不参与实体赏罚,3927855,393,A168_HF9F_20260827_0900,2026-08-27 09:00:00
2026-05-16,150124265,2169,0,205.1983584132,61.5595075240,61.5595075240,0.6666667,3,3,0.50218230000000000,0.502182300000,0.5697959874915163,0.5697959874915164,0.5697959874915163,0E-17,ELIGIBLE,R03b_20260811_FULL_v1,L1_ELIGIBILITY,v2026-08-11,2026-03-21..2026-08-06,baccarat_bet02_101_all_pairs_incl_sentinel,round_win = game_pnl > 0 (decisive only),COMPATIBILITY_ONLY_NOT_PRODUCTION,205.1984,205.1984,-61.5595,3,3,0.30000000,,0.30000000,0.30000000,61.5595,205.1984,THIN_EXPOSURE,0.0000,-2.4624,4.0000,96.0000,AG03-UNRESOLVED,ALL5_LEVELS_bet23_to_bet27,-2.4624,-2.4624,-3.0780,-3.0780,-3.0780,4.000000,4.000000,5.000000,5.000000,5.000000,96.000000,96.000000,95.000000,95.000000,95.000000,5.0,-14.1587,-12.9178,-47.4008,-48.6417,PENDING_AG03,FALSE,NOT_FOR_ENFORCEMENT,-59.0971,196.9904,-61.5595,-59.0971,-2.4624,-0.30000000,-0.28800000,-2.4624,-59.0971,-0.28800000,-2.4624,-2.4624,-3.0780,-3.0780,-3.0780,-59.0971,-0.28800000,-14.1587,-12.9178,-47.4008,-48.6417,-0.23100000,-0.23704704,-0.01200000,68.3995,68.3995,-20.5198,-61.5595,-61.5595,205.1984,3.0000,,68.3995,68.3995,68.3995,68.3995,68.3995,68.3995,68.3995,68.3995,64.9795,1.0,1.0,1.0,1,1,1,2,0E-8,-0.30000000,,0E-8,0.000000,1.000000,0.000000,,2026-05-16,2026-05-16,1,1,1,1,1.000000,,,0.000000,,,,,,,,GLOBAL_BASELINE_NO_ENTITY_RANKING,,,NOT_APPLICABLE_GLOBAL_BASELINE,HF9g-P5,,,,X 全窗基线 · 不参与实体赏罚,3927856,393,A168_HF9F_20260827_0900,2026-08-27 09:00:00
2026-06-19,151778881,-1,1,65.8317689716,52.5111219688,52.5111219688,0.5000000,2,2,0.49994810000000000,0.499948100000,0.00014679536856514622,0.00014679536856514622,0.00014679536856514622,0E-17,SENTINEL_DEALER,R03b_20260811_FULL_v1,L1_ELIGIBILITY,v2026-08-11,2026-03-21..2026-08-06,baccarat_bet02_101_all_pairs_incl_sentinel,round_win = game_pnl > 0 (decisive only),COMPATIBILITY_ONLY_NOT_PRODUCTION,149.9778,149.9778,-61.5582,7,7,0.41044866,-1.00000000,0.55795455,0.41044866,61.5582,149.9778,THIN_EXPOSURE,0.0000,-2.4623,4.0000,96.0000,AG03-UNRESOLVED,ALL5_LEVELS_bet23_to_bet27,-2.4623,-2.4623,-2.4623,-3.0779,-3.0779,4.000000,4.000000,4.000000,5.000000,5.000000,96.000000,96.000000,96.000000,95.000000,95.000000,5.0,-13.5428,-12.4056,-48.0154,-49.1526,PENDING_AG03,FALSE,NOT_FOR_ENFORCEMENT,-59.0959,143.9787,-61.5582,-59.0959,-2.4623,-0.41044866,-0.39403071,-2.4623,-59.0959,-0.39403071,-2.4623,-2.4623,-2.4623,-3.0779,-3.0779,-59.0959,-0.39403071,-13.5428,-12.4056,-48.0154,-49.1526,-0.32014995,-0.32773268,-0.01641795,21.4254,21.4254,-8.7940,-20.5194,-10.2597,49.9926,2.3333,14.1998,22.6297,8.7433,12.8578,32.4799,56.2656,60.6887,60.6887,12.8578,-5.1431,4.72,4.72,1.666339,5,6,3,2,0.09467920,-0.41044866,1.00000000,0E-8,0.000000,1.000000,0.285714,-1.55795455,2026-06-19,2026-07-19,3,6,6,31,0.096774,0.627485,0.662754,0.315597,,,,,,,,GLOBAL_BASELINE_NO_ENTITY_RANKING,,,NOT_APPLICABLE_GLOBAL_BASELINE,HF9g-P5,,,,X 全窗基线 · 不参与实体赏罚,3927857,393,A168_HF9F_20260827_0900,2026-08-27 09:00:00
2026-06-19,151778881,1306,0,10.2862139018,-10.2862139018,-10.2862139018,0E-7,1,1,0.49324550000000000,0.493245500000,-0.9865810262130424,-0.9865810262130424,-0.9865810262130424,0E-17,ELIGIBLE,R03b_20260811_FULL_v1,L1_ELIGIBILITY,v2026-08-11,2026-03-21..2026-08-06,baccarat_bet02_101_all_pairs_incl_sentinel,round_win = game_pnl > 0 (decisive only),COMPATIBILITY_ONLY_NOT_PRODUCTION,149.9778,149.9778,-61.5582,7,7,0.41044866,-1.00000000,0.55795455,0.41044866,61.5582,149.9778,THIN_EXPOSURE,0.0000,-2.4623,4.0000,96.0000,AG03-UNRESOLVED,ALL5_LEVELS_bet23_to_bet27,-2.4623,-2.4623,-2.4623,-3.0779,-3.0779,4.000000,4.000000,4.000000,5.000000,5.000000,96.000000,96.000000,96.000000,95.000000,95.000000,5.0,-13.5428,-12.4056,-48.0154,-49.1526,PENDING_AG03,FALSE,NOT_FOR_ENFORCEMENT,-59.0959,143.9787,-61.5582,-59.0959,-2.4623,-0.41044866,-0.39403071,-2.4623,-59.0959,-0.39403071,-2.4623,-2.4623,-2.4623,-3.0779,-3.0779,-59.0959,-0.39403071,-13.5428,-12.4056,-48.0154,-49.1526,-0.32014995,-0.32773268,-0.01641795,21.4254,21.4254,-8.7940,-20.5194,-10.2597,49.9926,2.3333,14.1998,22.6297,8.7433,12.8578,32.4799,56.2656,60.6887,60.6887,12.8578,-5.1431,4.72,4.72,1.666339,5,6,3,2,0.09467920,-0.41044866,1.00000000,0E-8,0.000000,1.000000,0.285714,-1.55795455,2026-06-19,2026-07-19,3,6,6,31,0.096774,0.627485,0.662754,0.315597,,,,,,,,GLOBAL_BASELINE_NO_ENTITY_RANKING,,,NOT_APPLICABLE_GLOBAL_BASELINE,HF9g-P5,,,,X 全窗基线 · 不参与实体赏罚,3927858,393,A168_HF9F_20260827_0900,2026-08-27 09:00:00
2026-06-19,151778881,2103,0,12.8577673773,-12.8577673773,-12.8577673773,0E-7,1,1,0.49324550000000000,0.493245500000,-0.9865810262130424,-0.9865810262130424,-0.9865810262130424,0E-17,ELIGIBLE,R03b_20260811_FULL_v1,L1_ELIGIBILITY,v2026-08-11,2026-03-21..2026-08-06,baccarat_bet02_101_all_pairs_incl_sentinel,round_win = game_pnl > 0 (decisive only),COMPATIBILITY_ONLY_NOT_PRODUCTION,149.9778,149.9778,-61.5582,7,7,0.41044866,-1.00000000,0.55795455,0.41044866,61.5582,149.9778,THIN_EXPOSURE,0.0000,-2.4623,4.0000,96.0000,AG03-UNRESOLVED,ALL5_LEVELS_bet23_to_bet27,-2.4623,-2.4623,-2.4623,-3.0779,-3.0779,4.000000,4.000000,4.000000,5.000000,5.000000,96.000000,96.000000,96.000000,95.000000,95.000000,5.0,-13.5428,-12.4056,-48.0154,-49.1526,PENDING_AG03,FALSE,NOT_FOR_ENFORCEMENT,-59.0959,143.9787,-61.5582,-59.0959,-2.4623,-0.41044866,-0.39403071,-2.4623,-59.0959,-0.39403071,-2.4623,-2.4623,-2.4623,-3.0779,-3.0779,-59.0959,-0.39403071,-13.5428,-12.4056,-48.0154,-49.1526,-0.32014995,-0.32773268,-0.01641795,21.4254,21.4254,-8.7940,-20.5194,-10.2597,49.9926,2.3333,14.1998,22.6297,8.7433,12.8578,32.4799,56.2656,60.6887,60.6887,12.8578,-5.1431,4.72,4.72,1.666339,5,6,3,2,0.09467920,-0.41044866,1.00000000,0E-8,0.000000,1.000000,0.285714,-1.55795455,2026-06-19,2026-07-19,3,6,6,31,0.096774,0.627485,0.662754,0.315597,,,,,,,,GLOBAL_BASELINE_NO_ENTITY_RANKING,,,NOT_APPLICABLE_GLOBAL_BASELINE,HF9g-P5,,,,X 全窗基线 · 不参与实体赏罚,3927859,393,A168_HF9F_20260827_0900,2026-08-27 09:00:00
2026-06-19,151778881,529,0,38.5733021318,38.5733021318,38.5733021318,1.0000000,1,1,0.50665070000000000,0.506650700000,0.9867858985152569,0.9867858985152569,0.9867858985152569,0E-17,ELIGIBLE,R03b_20260811_FULL_v1,L1_ELIGIBILITY,v2026-08-11,2026-03-21..2026-08-06,baccarat_bet02_101_all_pairs_incl_sentinel,round_win = game_pnl > 0 (decisive only),COMPATIBILITY_ONLY_NOT_PRODUCTION,149.9778,149.9778,-61.5582,7,7,0.41044866,-1.00000000,0.55795455,0.41044866,61.5582,149.9778,THIN_EXPOSURE,0.0000,-2.4623,4.0000,96.0000,AG03-UNRESOLVED,ALL5_LEVELS_bet23_to_bet27,-2.4623,-2.4623,-2.4623,-3.0779,-3.0779,4.000000,4.000000,4.000000,5.000000,5.000000,96.000000,96.000000,96.000000,95.000000,95.000000,5.0,-13.5428,-12.4056,-48.0154,-49.1526,PENDING_AG03,FALSE,NOT_FOR_ENFORCEMENT,-59.0959,143.9787,-61.5582,-59.0959,-2.4623,-0.41044866,-0.39403071,-2.4623,-59.0959,-0.39403071,-2.4623,-2.4623,-2.4623,-3.0779,-3.0779,-59.0959,-0.39403071,-13.5428,-12.4056,-48.0154,-49.1526,-0.32014995,-0.32773268,-0.01641795,21.4254,21.4254,-8.7940,-20.5194,-10.2597,49.9926,2.3333,14.1998,22.6297,8.7433,12.8578,32.4799,56.2656,60.6887,60.6887,12.8578,-5.1431,4.72,4.72,1.666339,5,6,3,2,0.09467920,-0.41044866,1.00000000,0E-8,0.000000,1.000000,0.285714,-1.55795455,2026-06-19,2026-07-19,3,6,6,31,0.096774,0.627485,0.662754,0.315597,,,,,,,,GLOBAL_BASELINE_NO_ENTITY_RANKING,,,NOT_APPLICABLE_GLOBAL_BASELINE,HF9g-P5,,,,X 全窗基线 · 不参与实体赏罚,3927860,393,A168_HF9F_20260827_0900,2026-08-27 09:00:00
2026-06-29,151778881,1330,0,8.2289711215,7.8175225654,7.8175225654,1.0000000,1,1,0.50665070000000000,0.506650700000,0.9867858985152569,0.9867858985152569,0.9867858985152569,0E-17,ELIGIBLE,R03b_20260811_FULL_v1,L1_ELIGIBILITY,v2026-08-11,2026-03-21..2026-08-06,baccarat_bet02_101_all_pairs_incl_sentinel,round_win = game_pnl > 0 (decisive only),COMPATIBILITY_ONLY_NOT_PRODUCTION,149.9778,149.9778,-61.5582,7,7,0.41044866,-1.00000000,0.55795455,0.41044866,61.5582,149.9778,THIN_EXPOSURE,0.0000,-2.4623,4.0000,96.0000,AG03-UNRESOLVED,ALL5_LEVELS_bet23_to_bet27,-2.4623,-2.4623,-2.4623,-3.0779,-3.0779,4.000000,4.000000,4.000000,5.000000,5.000000,96.000000,96.000000,96.000000,95.000000,95.000000,5.0,-13.5428,-12.4056,-48.0154,-49.1526,PENDING_AG03,FALSE,NOT_FOR_ENFORCEMENT,-59.0959,143.9787,-61.5582,-59.0959,-2.4623,-0.41044866,-0.39403071,-2.4623,-59.0959,-0.39403071,-2.4623,-2.4623,-2.4623,-3.0779,-3.0779,-59.0959,-0.39403071,-13.5428,-12.4056,-48.0154,-49.1526,-0.32014995,-0.32773268,-0.01641795,21.4254,21.4254,-8.7940,-20.5194,-10.2597,49.9926,2.3333,14.1998,22.6297,8.7433,12.8578,32.4799,56.2656,60.6887,60.6887,12.8578,-5.1431,4.72,4.72,1.666339,5,6,3,2,0.09467920,-0.41044866,1.00000000,0E-8,0.000000,1.000000,0.285714,-1.55795455,2026-06-19,2026-07-19,3,6,6,31,0.096774,0.627485,0.662754,0.315597,,,,,,,,GLOBAL_BASELINE_NO_ENTITY_RANKING,,,NOT_APPLICABLE_GLOBAL_BASELINE,HF9g-P5,,,,X 全窗基线 · 不参与实体赏罚,3927861,393,A168_HF9F_20260827_0900,2026-08-27 09:00:00
2026-07-19,151778881,2141,0,14.1997779671,-14.1997779671,-14.1997779671,0E-7,1,1,0.49324550000000000,0.493245500000,-0.9865810262130424,-0.9865810262130424,-0.9865810262130424,0E-17,ELIGIBLE,R03b_20260811_FULL_v1,L1_ELIGIBILITY,v2026-08-11,2026-03-21..2026-08-06,baccarat_bet02_101_all_pairs_incl_sentinel,round_win = game_pnl > 0 (decisive only),COMPATIBILITY_ONLY_NOT_PRODUCTION,149.9778,149.9778,-61.5582,7,7,0.41044866,-1.00000000,0.55795455,0.41044866,61.5582,149.9778,THIN_EXPOSURE,0.0000,-2.4623,4.0000,96.0000,AG03-UNRESOLVED,ALL5_LEVELS_bet23_to_bet27,-2.4623,-2.4623,-2.4623,-3.0779,-3.0779,4.000000,4.000000,4.000000,5.000000,5.000000,96.000000,96.000000,96.000000,95.000000,95.000000,5.0,-13.5428,-12.4056,-48.0154,-49.1526,PENDING_AG03,FALSE,NOT_FOR_ENFORCEMENT,-59.0959,143.9787,-61.5582,-59.0959,-2.4623,-0.41044866,-0.39403071,-2.4623,-59.0959,-0.39403071,-2.4623,-2.4623,-2.4623,-3.0779,-3.0779,-59.0959,-0.39403071,-13.5428,-12.4056,-48.0154,-49.1526,-0.32014995,-0.32773268,-0.01641795,21.4254,21.4254,-8.7940,-20.5194,-10.2597,49.9926,2.3333,14.1998,22.6297,8.7433,12.8578,32.4799,56.2656,60.6887,60.6887,12.8578,-5.1431,4.72,4.72,1.666339,5,6,3,2,0.09467920,-0.41044866,1.00000000,0E-8,0.000000,1.000000,0.285714,-1.55795455,2026-06-19,2026-07-19,3,6,6,31,0.096774,0.627485,0.662754,0.315597,,,,,,,,GLOBAL_BASELINE_NO_ENTITY_RANKING,,,NOT_APPLICABLE_GLOBAL_BASELINE,HF9g-P5,,,,X 全窗基线 · 不参与实体赏罚,3927862,393,A168_HF9F_20260827_0900,2026-08-27 09:00:00
2026-07-29,153609885,1710,0,49.9085010814,49.9085010814,49.9085010814,1.0000000,1,1,0.49324550000000000,0.493245500000,1.01360149184955,1.01360149184955,1.01360149184955,0E-17,ELIGIBLE,R03b_20260811_FULL_v1,L1_ELIGIBILITY,v2026-08-11,2026-03-21..2026-08-06,baccarat_bet02_101_all_pairs_incl_sentinel,round_win = game_pnl > 0 (decisive only),COMPATIBILITY_ONLY_NOT_PRODUCTION,232.9063,232.9063,-61.5538,5,5,0.26428571,0.26428571,,0.26428571,61.5538,232.9063,THIN_EXPOSURE,0.0000,-2.4622,4.0000,96.0000,AG03-UNRESOLVED,ALL5_LEVELS_bet23_to_bet27,-2.4622,-2.4622,-2.4622,-3.6932,-3.6932,4.000000,4.000000,4.000000,6.000000,6.000000,96.000000,96.000000,96.000000,94.000000,94.000000,5.0,-14.7729,-13.434,-46.7809,-48.1199,PENDING_AG03,FALSE,NOT_FOR_ENFORCEMENT,-59.0917,223.5901,-61.5538,-59.0917,-2.4622,-0.26428571,-0.25371429,-2.4622,-59.0917,-0.25371429,-2.4622,-2.4622,-2.4622,-3.6932,-3.6932,-59.0917,-0.25371429,-14.7729,-13.434,-46.7809,-48.1199,-0.20085714,-0.20660608,-0.01057143,46.5813,46.5813,-12.3108,-61.5538,-20.5179,232.9063,5.0000,46.5813,,45.7495,49.9085,49.9085,49.9085,49.9085,49.9085,49.9085,47.4131,1.0,1.0,0.933333,3,3,1,2,1.00000000,-0.26428571,-0.26428571,0E-8,0.000000,1.000000,0.000000,,2026-07-29,2026-07-29,1,3,3,1,1.000000,,1.000000,3.333333,,,,,,,,GLOBAL_BASELINE_NO_ENTITY_RANKING,,,NOT_APPLICABLE_GLOBAL_BASELINE,HF9g-P5,,,,X 全窗基线 · 不参与实体赏罚,3927863,393,A168_HF9F_20260827_0900,2026-08-27 09:00:00
2026-07-29,153609885,2147,0,33.2723340542,-33.2723340542,-33.2723340542,0E-7,1,1,0.49324550000000000,0.493245500000,-0.9865810262130424,-0.9865810262130424,-0.9865810262130424,0E-17,ELIGIBLE,R03b_20260811_FULL_v1,L1_ELIGIBILITY,v2026-08-11,2026-03-21..2026-08-06,baccarat_bet02_101_all_pairs_incl_sentinel,round_win = game_pnl > 0 (decisive only),COMPATIBILITY_ONLY_NOT_PRODUCTION,232.9063,232.9063,-61.5538,5,5,0.26428571,0.26428571,,0.26428571,61.5538,232.9063,THIN_EXPOSURE,0.0000,-2.4622,4.0000,96.0000,AG03-UNRESOLVED,ALL5_LEVELS_bet23_to_bet27,-2.4622,-2.4622,-2.4622,-3.6932,-3.6932,4.000000,4.000000,4.000000,6.000000,6.000000,96.000000,96.000000,96.000000,94.000000,94.000000,5.0,-14.7729,-13.434,-46.7809,-48.1199,PENDING_AG03,FALSE,NOT_FOR_ENFORCEMENT,-59.0917,223.5901,-61.5538,-59.0917,-2.4622,-0.26428571,-0.25371429,-2.4622,-59.0917,-0.25371429,-2.4622,-2.4622,-2.4622,-3.6932,-3.6932,-59.0917,-0.25371429,-14.7729,-13.434,-46.7809,-48.1199,-0.20085714,-0.20660608,-0.01057143,46.5813,46.5813,-12.3108,-61.5538,-20.5179,232.9063,5.0000,46.5813,,45.7495,49.9085,49.9085,49.9085,49.9085,49.9085,49.9085,47.4131,1.0,1.0,0.933333,3,3,1,2,1.00000000,-0.26428571,-0.26428571,0E-8,0.000000,1.000000,0.000000,,2026-07-29,2026-07-29,1,3,3,1,1.000000,,1.000000,3.333333,,,,,,,,GLOBAL_BASELINE_NO_ENTITY_RANKING,,,NOT_APPLICABLE_GLOBAL_BASELINE,HF9g-P5,,,,X 全窗基线 · 不参与实体赏罚,3927864,393,A168_HF9F_20260827_0900,2026-08-27 09:00:00
2026-07-29,153609885,2271,0,149.7255032442,44.9176509732,44.9176509732,0.6666667,3,3,0.50218230000000000,0.502182300000,0.5697959874915163,0.5697959874915164,0.5697959874915163,0E-17,ELIGIBLE,R03b_20260811_FULL_v1,L1_ELIGIBILITY,v2026-08-11,2026-03-21..2026-08-06,baccarat_bet02_101_all_pairs_incl_sentinel,round_win = game_pnl > 0 (decisive only),COMPATIBILITY_ONLY_NOT_PRODUCTION,232.9063,232.9063,-61.5538,5,5,0.26428571,0.26428571,,0.26428571,61.5538,232.9063,THIN_EXPOSURE,0.0000,-2.4622,4.0000,96.0000,AG03-UNRESOLVED,ALL5_LEVELS_bet23_to_bet27,-2.4622,-2.4622,-2.4622,-3.6932,-3.6932,4.000000,4.000000,4.000000,6.000000,6.000000,96.000000,96.000000,96.000000,94.000000,94.000000,5.0,-14.7729,-13.434,-46.7809,-48.1199,PENDING_AG03,FALSE,NOT_FOR_ENFORCEMENT,-59.0917,223.5901,-61.5538,-59.0917,-2.4622,-0.26428571,-0.25371429,-2.4622,-59.0917,-0.25371429,-2.4622,-2.4622,-2.4622,-3.6932,-3.6932,-59.0917,-0.25371429,-14.7729,-13.434,-46.7809,-48.1199,-0.20085714,-0.20660608,-0.01057143,46.5813,46.5813,-12.3108,-61.5538,-20.5179,232.9063,5.0000,46.5813,,45.7495,49.9085,49.9085,49.9085,49.9085,49.9085,49.9085,47.4131,1.0,1.0,0.933333,3,3,1,2,1.00000000,-0.26428571,-0.26428571,0E-8,0.000000,1.000000,0.000000,,2026-07-29,2026-07-29,1,3,3,1,1.000000,,1.000000,3.333333,,,,,,,,GLOBAL_BASELINE_NO_ENTITY_RANKING,,,NOT_APPLICABLE_GLOBAL_BASELINE,HF9g-P5,,,,X 全窗基线 · 不参与实体赏罚,3927865,393,A168_HF9F_20260827_0900,2026-08-27 09:00:00
2026-06-09,147128005,2093,0,41.5429034335,0E-10,0E-10,,1,1,0.49324550000000000,0.493245500000,,,,0E-17,NO_DECISIVE_ROUND,R03b_20260811_FULL_v1,L1_ELIGIBILITY,v2026-08-11,2026-03-21..2026-08-06,baccarat_bet02_101_all_pairs_incl_sentinel,round_win = game_pnl > 0 (decisive only),COMPATIBILITY_ONLY_NOT_PRODUCTION,143.5027,101.9598,-61.5525,3,3,0.42892906,0.60369365,0E-8,0.42892906,61.5525,143.5027,THIN_EXPOSURE,0.0000,-2.4621,4.0000,96.0000,AG03-UNRESOLVED,ALL5_LEVELS_bet23_to_bet27,-2.4621,-2.4621,-2.4621,-3.6931,-3.6931,4.000000,4.000000,4.000000,6.000000,6.000000,96.000000,96.000000,96.000000,94.000000,94.000000,5.0,-14.7726,-13.4337,-46.7799,-48.1188,PENDING_AG03,FALSE,NOT_FOR_ENFORCEMENT,-59.0904,97.8814,-61.5525,-59.0904,-2.4621,-0.42892906,-0.41177190,-2.4621,-59.0904,-0.41177190,-2.4621,-2.4621,-2.4621,-3.6931,-3.6931,-59.0904,-0.41177190,-14.7726,-13.4337,-46.7799,-48.1188,-0.32598609,-0.33531646,-0.01715716,47.8342,33.9866,-20.5175,-20.5175,-20.5175,47.8342,1.0000,50.9799,41.5429,25.5385,41.5429,71.7028,81.7561,81.7561,81.7561,20.2037,0.0,1.967992,1.967992,1.151442,1,3,3,1,0.71050782,-0.42892906,-0.60369365,0E-8,0.000000,0.710508,0.000000,0.60369365,2026-06-09,2026-08-04,3,3,3,57,0.052632,1.227162,1.065762,2.368359,,,,,,,,GLOBAL_BASELINE_NO_ENTITY_RANKING,,,NOT_APPLICABLE_GLOBAL_BASELINE,HF9g-P5,,,,X 全窗基线 · 不参与实体赏罚,3927866,393,A168_HF9F_20260827_0900,2026-08-27 09:00:00
2026-07-19,147128005,1210,0,81.7561214896,81.7561214896,81.7561214896,1.0000000,1,1,0.49324550000000000,0.493245500000,1.01360149184955,1.01360149184955,1.01360149184955,0E-17,ELIGIBLE,R03b_20260811_FULL_v1,L1_ELIGIBILITY,v2026-08-11,2026-03-21..2026-08-06,baccarat_bet02_101_all_pairs_incl_sentinel,round_win = game_pnl > 0 (decisive only),COMPATIBILITY_ONLY_NOT_PRODUCTION,143.5027,101.9598,-61.5525,3,3,0.42892906,0.60369365,0E-8,0.42892906,61.5525,143.5027,THIN_EXPOSURE,0.0000,-2.4621,4.0000,96.0000,AG03-UNRESOLVED,ALL5_LEVELS_bet23_to_bet27,-2.4621,-2.4621,-2.4621,-3.6931,-3.6931,4.000000,4.000000,4.000000,6.000000,6.000000,96.000000,96.000000,96.000000,94.000000,94.000000,5.0,-14.7726,-13.4337,-46.7799,-48.1188,PENDING_AG03,FALSE,NOT_FOR_ENFORCEMENT,-59.0904,97.8814,-61.5525,-59.0904,-2.4621,-0.42892906,-0.41177190,-2.4621,-59.0904,-0.41177190,-2.4621,-2.4621,-2.4621,-3.6931,-3.6931,-59.0904,-0.41177190,-14.7726,-13.4337,-46.7799,-48.1188,-0.32598609,-0.33531646,-0.01715716,47.8342,33.9866,-20.5175,-20.5175,-20.5175,47.8342,1.0000,50.9799,41.5429,25.5385,41.5429,71.7028,81.7561,81.7561,81.7561,20.2037,0.0,1.967992,1.967992,1.151442,1,3,3,1,0.71050782,-0.42892906,-0.60369365,0E-8,0.000000,0.710508,0.000000,0.60369365,2026-06-09,2026-08-04,3,3,3,57,0.052632,1.227162,1.065762,2.368359,,,,,,,,GLOBAL_BASELINE_NO_ENTITY_RANKING,,,NOT_APPLICABLE_GLOBAL_BASELINE,HF9g-P5,,,,X 全窗基线 · 不参与实体赏罚,3927867,393,A168_HF9F_20260827_0900,2026-08-27 09:00:00
2026-08-04,147128005,986,0,20.2036528204,-20.2036528204,-20.2036528204,0E-7,1,1,0.49324550000000000,0.493245500000,-0.9865810262130424,-0.9865810262130424,-0.9865810262130424,0E-17,ELIGIBLE,R03b_20260811_FULL_v1,L1_ELIGIBILITY,v2026-08-11,2026-03-21..2026-08-06,baccarat_bet02_101_all_pairs_incl_sentinel,round_win = game_pnl > 0 (decisive only),COMPATIBILITY_ONLY_NOT_PRODUCTION,143.5027,101.9598,-61.5525,3,3,0.42892906,0.60369365,0E-8,0.42892906,61.5525,143.5027,THIN_EXPOSURE,0.0000,-2.4621,4.0000,96.0000,AG03-UNRESOLVED,ALL5_LEVELS_bet23_to_bet27,-2.4621,-2.4621,-2.4621,-3.6931,-3.6931,4.000000,4.000000,4.000000,6.000000,6.000000,96.000000,96.000000,96.000000,94.000000,94.000000,5.0,-14.7726,-13.4337,-46.7799,-48.1188,PENDING_AG03,FALSE,NOT_FOR_ENFORCEMENT,-59.0904,97.8814,-61.5525,-59.0904,-2.4621,-0.42892906,-0.41177190,-2.4621,-59.0904,-0.41177190,-2.4621,-2.4621,-2.4621,-3.6931,-3.6931,-59.0904,-0.41177190,-14.7726,-13.4337,-46.7799,-48.1188,-0.32598609,-0.33531646,-0.01715716,47.8342,33.9866,-20.5175,-20.5175,-20.5175,47.8342,1.0000,50.9799,41.5429,25.5385,41.5429,71.7028,81.7561,81.7561,81.7561,20.2037,0.0,1.967992,1.967992,1.151442,1,3,3,1,0.71050782,-0.42892906,-0.60369365,0E-8,0.000000,0.710508,0.000000,0.60369365,2026-06-09,2026-08-04,3,3,3,57,0.052632,1.227162,1.065762,2.368359,,,,,,,,GLOBAL_BASELINE_NO_ENTITY_RANKING,,,NOT_APPLICABLE_GLOBAL_BASELINE,HF9g-P5,,,,X 全窗基线 · 不参与实体赏罚,3927868,393,A168_HF9F_20260827_0900,2026-08-27 09:00:00
2026-07-18,153171937,1306,0,35.3703560272,23.5329047582,23.5329047582,0.5000000,2,2,0.50665070000000000,0.506650700000,-0.018812684590367487,-0.018812684590367487,-0.018812684590367487,0E-17,ELIGIBLE,R03b_20260811_FULL_v1,L1_ELIGIBILITY,v2026-08-11,2026-03-21..2026-08-06,baccarat_bet02_101_all_pairs_incl_sentinel,round_win = game_pnl > 0 (decisive only),COMPATIBILITY_ONLY_NOT_PRODUCTION,80.5515,75.3879,-61.5496,5,5,0.76410256,0.76410256,,0.76410256,61.5496,80.5515,THIN_EXPOSURE,0.0000,-2.4620,4.0000,96.0000,AG03-UNRESOLVED,ALL5_LEVELS_bet23_to_bet27,-2.4620,-2.4620,-3.0775,-3.0775,-3.0775,4.000000,4.000000,5.000000,5.000000,5.000000,96.000000,96.000000,95.000000,95.000000,95.000000,5.0,-14.1564,-12.9158,-47.3932,-48.6338,PENDING_AG03,FALSE,NOT_FOR_ENFORCEMENT,-59.0876,72.3724,-61.5496,-59.0876,-2.4620,-0.76410256,-0.73353846,-2.4620,-59.0876,-0.73353846,-2.4620,-2.4620,-3.0775,-3.0775,-3.0775,-59.0876,-0.73353846,-14.1564,-12.9158,-47.3932,-48.6338,-0.58835897,-0.60376084,-0.03056410,16.1103,15.0776,-12.3099,-61.5496,-30.7748,80.5515,5.0000,16.1103,,5.1636,16.7816,24.9787,30.2068,30.2068,30.2068,16.7816,15.9425,1.8,1.8,0.96,2,3,1,1,1.00000000,-0.76410256,-0.76410256,0E-8,0.000000,0.935897,0.000000,,2026-07-18,2026-07-18,1,2,2,1,1.000000,,1.000000,3.333333,,,,,,,,GLOBAL_BASELINE_NO_ENTITY_RANKING,,,NOT_APPLICABLE_GLOBAL_BASELINE,HF9g-P5,,,,X 全窗基线 · 不参与实体赏罚,3927869,393,A168_HF9F_20260827_0900,2026-08-27 09:00:00
2026-07-18,153171937,1396,0,16.7815557793,15.9424779903,15.9424779903,1.0000000,1,1,0.50665070000000000,0.506650700000,0.9867858985152569,0.9867858985152569,0.9867858985152569,0E-17,ELIGIBLE,R03b_20260811_FULL_v1,L1_ELIGIBILITY,v2026-08-11,2026-03-21..2026-08-06,baccarat_bet02_101_all_pairs_incl_sentinel,round_win = game_pnl > 0 (decisive only),COMPATIBILITY_ONLY_NOT_PRODUCTION,80.5515,75.3879,-61.5496,5,5,0.76410256,0.76410256,,0.76410256,61.5496,80.5515,THIN_EXPOSURE,0.0000,-2.4620,4.0000,96.0000,AG03-UNRESOLVED,ALL5_LEVELS_bet23_to_bet27,-2.4620,-2.4620,-3.0775,-3.0775,-3.0775,4.000000,4.000000,5.000000,5.000000,5.000000,96.000000,96.000000,95.000000,95.000000,95.000000,5.0,-14.1564,-12.9158,-47.3932,-48.6338,PENDING_AG03,FALSE,NOT_FOR_ENFORCEMENT,-59.0876,72.3724,-61.5496,-59.0876,-2.4620,-0.76410256,-0.73353846,-2.4620,-59.0876,-0.73353846,-2.4620,-2.4620,-3.0775,-3.0775,-3.0775,-59.0876,-0.73353846,-14.1564,-12.9158,-47.3932,-48.6338,-0.58835897,-0.60376084,-0.03056410,16.1103,15.0776,-12.3099,-61.5496,-30.7748,80.5515,5.0000,16.1103,,5.1636,16.7816,24.9787,30.2068,30.2068,30.2068,16.7816,15.9425,1.8,1.8,0.96,2,3,1,1,1.00000000,-0.76410256,-0.76410256,0E-8,0.000000,0.935897,0.000000,,2026-07-18,2026-07-18,1,2,2,1,1.000000,,1.000000,3.333333,,,,,,,,GLOBAL_BASELINE_NO_ENTITY_RANKING,,,NOT_APPLICABLE_GLOBAL_BASELINE,HF9g-P5,,,,X 全窗基线 · 不参与实体赏罚,3927870,393,A168_HF9F_20260827_0900,2026-08-27 09:00:00
2026-07-18,153171937,2223,0,28.3995559342,22.0742002943,22.0742002943,1.0000000,2,2,0.50665070000000000,0.506650700000,0.9867858985152569,0.9867858985152569,0.9867858985152569,0E-17,ELIGIBLE,R03b_20260811_FULL_v1,L1_ELIGIBILITY,v2026-08-11,2026-03-21..2026-08-06,baccarat_bet02_101_all_pairs_incl_sentinel,round_win = game_pnl > 0 (decisive only),COMPATIBILITY_ONLY_NOT_PRODUCTION,80.5515,75.3879,-61.5496,5,5,0.76410256,0.76410256,,0.76410256,61.5496,80.5515,THIN_EXPOSURE,0.0000,-2.4620,4.0000,96.0000,AG03-UNRESOLVED,ALL5_LEVELS_bet23_to_bet27,-2.4620,-2.4620,-3.0775,-3.0775,-3.0775,4.000000,4.000000,5.000000,5.000000,5.000000,96.000000,96.000000,95.000000,95.000000,95.000000,5.0,-14.1564,-12.9158,-47.3932,-48.6338,PENDING_AG03,FALSE,NOT_FOR_ENFORCEMENT,-59.0876,72.3724,-61.5496,-59.0876,-2.4620,-0.76410256,-0.73353846,-2.4620,-59.0876,-0.73353846,-2.4620,-2.4620,-3.0775,-3.0775,-3.0775,-59.0876,-0.73353846,-14.1564,-12.9158,-47.3932,-48.6338,-0.58835897,-0.60376084,-0.03056410,16.1103,15.0776,-12.3099,-61.5496,-30.7748,80.5515,5.0000,16.1103,,5.1636,16.7816,24.9787,30.2068,30.2068,30.2068,16.7816,15.9425,1.8,1.8,0.96,2,3,1,1,1.00000000,-0.76410256,-0.76410256,0E-8,0.000000,0.935897,0.000000,,2026-07-18,2026-07-18,1,2,2,1,1.000000,,1.000000,3.333333,,,,,,,,GLOBAL_BASELINE_NO_ENTITY_RANKING,,,NOT_APPLICABLE_GLOBAL_BASELINE,HF9g-P5,,,,X 全窗基线 · 不参与实体赏罚,3927871,393,A168_HF9F_20260827_0900,2026-08-27 09:00:00
2026-05-31,150808202,-1,1,61.5490243612,61.5490243612,61.5490243612,1.0000000,1,1,0.49324550000000000,0.493245500000,1.01360149184955,1.01360149184955,1.01360149184955,0E-17,SENTINEL_DEALER,R03b_20260811_FULL_v1,L1_ELIGIBILITY,v2026-08-11,2026-03-21..2026-08-06,baccarat_bet02_101_all_pairs_incl_sentinel,round_win = game_pnl > 0 (decisive only),COMPATIBILITY_ONLY_NOT_PRODUCTION,61.5490,61.5490,-61.5490,1,1,1.00000000,,1.00000000,1.00000000,61.5490,61.5490,THIN_EXPOSURE,0.0000,-2.4620,4.0000,96.0000,AG03-UNRESOLVED,ALL5_LEVELS_bet23_to_bet27,-2.4620,-2.4620,-2.4620,-2.4620,-2.4620,4.000000,4.000000,4.000000,4.000000,4.000000,96.000000,96.000000,96.000000,96.000000,96.000000,5.0,-12.3098,-11.3636,-49.2392,-50.1854,PENDING_AG03,FALSE,NOT_FOR_ENFORCEMENT,-59.0871,59.0871,-61.5490,-59.0871,-2.4620,-1.00000000,-0.96000000,-2.4620,-59.0871,-0.96000000,-2.4620,-2.4620,-2.4620,-2.4620,-2.4620,-59.0871,-0.96000000,-12.3098,-11.3636,-49.2392,-50.1854,-0.80000000,-0.8153727,-0.04000000,61.5490,61.5490,-61.5490,-61.5490,-61.5490,61.5490,1.0000,,61.5490,61.549,61.549,61.549,61.549,61.549,61.549,61.549,61.549,1.0,1.0,1.0,1,1,1,1,0E-8,-1.00000000,,0E-8,0.000000,1.000000,0.000000,,2026-05-31,2026-05-31,1,1,1,1,1.000000,,,0.000000,,,,,,,,GLOBAL_BASELINE_NO_ENTITY_RANKING,,,NOT_APPLICABLE_GLOBAL_BASELINE,HF9g-P5,,,,X 全窗基线 · 不参与实体赏罚,3927872,393,A168_HF9F_20260827_0900,2026-08-27 09:00:00
2026-05-09,137927693,1318,0,157.5464762100,48.3142527044,48.3142527044,0.6923077,15,15,0.50486334000000000,0.504863340000,1.3517443917175527,1.351744391717553,1.3517443917175527,0E-17,ELIGIBLE,R03b_20260811_FULL_v1,L1_ELIGIBILITY,v2026-08-11,2026-03-21..2026-08-06,baccarat_bet02_101_all_pairs_incl_sentinel,round_win = game_pnl > 0 (decisive only),COMPATIBILITY_ONLY_NOT_PRODUCTION,924.6928,802.8568,-61.5482,153,151,0.06656065,,0.06656065,0.06656065,61.5482,924.6928,OK,0.0000,-2.4619,4.0000,96.0000,AG03-UNRESOLVED,ALL5_LEVELS_bet23_to_bet27,-2.4619,-2.4619,-2.4619,-3.6929,-3.6929,4.000000,4.000000,4.000000,6.000000,6.000000,96.000000,96.000000,96.000000,94.000000,94.000000,5.0,-14.7716,-13.4327,-46.7766,-48.1154,PENDING_AG03,FALSE,NOT_FOR_ENFORCEMENT,-59.0862,770.7426,-61.5482,-59.0862,-2.4619,-0.06656065,-0.06389823,-2.4619,-59.0862,-0.06389823,-2.4619,-2.4619,-2.4619,-3.6929,-3.6929,-59.0862,-0.06389823,-14.7716,-13.4327,-46.7766,-48.1154,-0.05058610,-0.05203397,-0.00266243,6.0437,5.3169,-0.4076,-12.3096,-4.3963,184.9386,30.2000,,6.0437,2.1006,4.2012,10.5031,10.5031,10.5031,20.981,4.2012,0.0,2.5,4.994,1.438562,11,18,5,3,0E-8,-0.06656065,,0E-8,0.000000,0.868242,0.000000,,2026-05-09,2026-05-15,5,14,13,7,0.714286,,,0.000000,,,,,,,,GLOBAL_BASELINE_NO_ENTITY_RANKING,,,NOT_APPLICABLE_GLOBAL_BASELINE,HF9g-P5,,,,X 全窗基线 · 不参与实体赏罚,3927873,393,A168_HF9F_20260827_0900,2026-08-27 09:00:00
2026-05-09,137927693,1507,0,21.0061968280,-10.5030984140,-10.5030984140,0E-7,2,2,0.49324550000000000,0.493245500000,-0.9865810262130424,-0.9865810262130424,-0.9865810262130424,0E-17,ELIGIBLE,R03b_20260811_FULL_v1,L1_ELIGIBILITY,v2026-08-11,2026-03-21..2026-08-06,baccarat_bet02_101_all_pairs_incl_sentinel,round_win = game_pnl > 0 (decisive only),COMPATIBILITY_ONLY_NOT_PRODUCTION,924.6928,802.8568,-61.5482,153,151,0.06656065,,0.06656065,0.06656065,61.5482,924.6928,OK,0.0000,-2.4619,4.0000,96.0000,AG03-UNRESOLVED,ALL5_LEVELS_bet23_to_bet27,-2.4619,-2.4619,-2.4619,-3.6929,-3.6929,4.000000,4.000000,4.000000,6.000000,6.000000,96.000000,96.000000,96.000000,94.000000,94.000000,5.0,-14.7716,-13.4327,-46.7766,-48.1154,PENDING_AG03,FALSE,NOT_FOR_ENFORCEMENT,-59.0862,770.7426,-61.5482,-59.0862,-2.4619,-0.06656065,-0.06389823,-2.4619,-59.0862,-0.06389823,-2.4619,-2.4619,-2.4619,-3.6929,-3.6929,-59.0862,-0.06389823,-14.7716,-13.4327,-46.7766,-48.1154,-0.05058610,-0.05203397,-0.00266243,6.0437,5.3169,-0.4076,-12.3096,-4.3963,184.9386,30.2000,,6.0437,2.1006,4.2012,10.5031,10.5031,10.5031,20.981,4.2012,0.0,2.5,4.994,1.438562,11,18,5,3,0E-8,-0.06656065,,0E-8,0.000000,0.868242,0.000000,,2026-05-09,2026-05-15,5,14,13,7,0.714286,,,0.000000,,,,,,,,GLOBAL_BASELINE_NO_ENTITY_RANKING,,,NOT_APPLICABLE_GLOBAL_BASELINE,HF9g-P5,,,,X 全窗基线 · 不参与实体赏罚,3927874,393,A168_HF9F_20260827_0900,2026-08-27 09:00:00
2026-05-09,137927693,2147,0,111.3328431885,17.9602982878,17.9602982878,0.6363636,12,12,0.50665070000000000,0.506650700000,0.860494406565227,0.860494406565227,0.860494406565227,0E-17,ELIGIBLE,R03b_20260811_FULL_v1,L1_ELIGIBILITY,v2026-08-11,2026-03-21..2026-08-06,baccarat_bet02_101_all_pairs_incl_sentinel,round_win = game_pnl > 0 (decisive only),COMPATIBILITY_ONLY_NOT_PRODUCTION,924.6928,802.8568,-61.5482,153,151,0.06656065,,0.06656065,0.06656065,61.5482,924.6928,OK,0.0000,-2.4619,4.0000,96.0000,AG03-UNRESOLVED,ALL5_LEVELS_bet23_to_bet27,-2.4619,-2.4619,-2.4619,-3.6929,-3.6929,4.000000,4.000000,4.000000,6.000000,6.000000,96.000000,96.000000,96.000000,94.000000,94.000000,5.0,-14.7716,-13.4327,-46.7766,-48.1154,PENDING_AG03,FALSE,NOT_FOR_ENFORCEMENT,-59.0862,770.7426,-61.5482,-59.0862,-2.4619,-0.06656065,-0.06389823,-2.4619,-59.0862,-0.06389823,-2.4619,-2.4619,-2.4619,-3.6929,-3.6929,-59.0862,-0.06389823,-14.7716,-13.4327,-46.7766,-48.1154,-0.05058610,-0.05203397,-0.00266243,6.0437,5.3169,-0.4076,-12.3096,-4.3963,184.9386,30.2000,,6.0437,2.1006,4.2012,10.5031,10.5031,10.5031,20.981,4.2012,0.0,2.5,4.994,1.438562,11,18,5,3,0E-8,-0.06656065,,0E-8,0.000000,0.868242,0.000000,,2026-05-09,2026-05-15,5,14,13,7,0.714286,,,0.000000,,,,,,,,GLOBAL_BASELINE_NO_ENTITY_RANKING,,,NOT_APPLICABLE_GLOBAL_BASELINE,HF9g-P5,,,,X 全窗基线 · 不参与实体赏罚,3927875,393,A168_HF9F_20260827_0900,2026-08-27 09:00:00
2026-05-09,137927693,2242,0,37.8111542904,37.8111542904,37.8111542904,1.0000000,5,5,0.49324550000000000,0.493245500000,2.266481837870793,2.266481837870793,2.266481837870793,0E-17,ELIGIBLE,R03b_20260811_FULL_v1,L1_ELIGIBILITY,v2026-08-11,2026-03-21..2026-08-06,baccarat_bet02_101_all_pairs_incl_sentinel,round_win = game_pnl > 0 (decisive only),COMPATIBILITY_ONLY_NOT_PRODUCTION,924.6928,802.8568,-61.5482,153,151,0.06656065,,0.06656065,0.06656065,61.5482,924.6928,OK,0.0000,-2.4619,4.0000,96.0000,AG03-UNRESOLVED,ALL5_LEVELS_bet23_to_bet27,-2.4619,-2.4619,-2.4619,-3.6929,-3.6929,4.000000,4.000000,4.000000,6.000000,6.000000,96.000000,96.000000,96.000000,94.000000,94.000000,5.0,-14.7716,-13.4327,-46.7766,-48.1154,PENDING_AG03,FALSE,NOT_FOR_ENFORCEMENT,-59.0862,770.7426,-61.5482,-59.0862,-2.4619,-0.06656065,-0.06389823,-2.4619,-59.0862,-0.06389823,-2.4619,-2.4619,-2.4619,-3.6929,-3.6929,-59.0862,-0.06389823,-14.7716,-13.4327,-46.7766,-48.1154,-0.05058610,-0.05203397,-0.00266243,6.0437,5.3169,-0.4076,-12.3096,-4.3963,184.9386,30.2000,,6.0437,2.1006,4.2012,10.5031,10.5031,10.5031,20.981,4.2012,0.0,2.5,4.994,1.438562,11,18,5,3,0E-8,-0.06656065,,0E-8,0.000000,0.868242,0.000000,,2026-05-09,2026-05-15,5,14,13,7,0.714286,,,0.000000,,,,,,,,GLOBAL_BASELINE_NO_ENTITY_RANKING,,,NOT_APPLICABLE_GLOBAL_BASELINE,HF9g-P5,,,,X 全窗基线 · 不参与实体赏罚,3927876,393,A168_HF9F_20260827_0900,2026-08-27 09:00:00
2026-05-09,137927693,2256,0,10.5030984140,6.3018590484,6.3018590484,0.7500000,4,4,0.49659680000000000,0.496596800000,1.0136362796769356,1.0136362796769358,1.0136362796769356,0E-17,ELIGIBLE,R03b_20260811_FULL_v1,L1_ELIGIBILITY,v2026-08-11,2026-03-21..2026-08-06,baccarat_bet02_101_all_pairs_incl_sentinel,round_win = game_pnl > 0 (decisive only),COMPATIBILITY_ONLY_NOT_PRODUCTION,924.6928,802.8568,-61.5482,153,151,0.06656065,,0.06656065,0.06656065,61.5482,924.6928,OK,0.0000,-2.4619,4.0000,96.0000,AG03-UNRESOLVED,ALL5_LEVELS_bet23_to_bet27,-2.4619,-2.4619,-2.4619,-3.6929,-3.6929,4.000000,4.000000,4.000000,6.000000,6.000000,96.000000,96.000000,96.000000,94.000000,94.000000,5.0,-14.7716,-13.4327,-46.7766,-48.1154,PENDING_AG03,FALSE,NOT_FOR_ENFORCEMENT,-59.0862,770.7426,-61.5482,-59.0862,-2.4619,-0.06656065,-0.06389823,-2.4619,-59.0862,-0.06389823,-2.4619,-2.4619,-2.4619,-3.6929,-3.6929,-59.0862,-0.06389823,-14.7716,-13.4327,-46.7766,-48.1154,-0.05058610,-0.05203397,-0.00266243,6.0437,5.3169,-0.4076,-12.3096,-4.3963,184.9386,30.2000,,6.0437,2.1006,4.2012,10.5031,10.5031,10.5031,20.981,4.2012,0.0,2.5,4.994,1.438562,11,18,5,3,0E-8,-0.06656065,,0E-8,0.000000,0.868242,0.000000,,2026-05-09,2026-05-15,5,14,13,7,0.714286,,,0.000000,,,,,,,,GLOBAL_BASELINE_NO_ENTITY_RANKING,,,NOT_APPLICABLE_GLOBAL_BASELINE,HF9g-P5,,,,X 全窗基线 · 不参与实体赏罚,3927877,393,A168_HF9F_20260827_0900,2026-08-27 09:00:00
2026-05-09,137927693,529,0,21.0061968280,-12.8137800651,-12.8137800651,0.1666667,6,6,0.50441650000000000,0.504416500000,-1.6546940571906357,-1.6546940571906357,-1.6546940571906357,0E-17,ELIGIBLE,R03b_20260811_FULL_v1,L1_ELIGIBILITY,v2026-08-11,2026-03-21..2026-08-06,baccarat_bet02_101_all_pairs_incl_sentinel,round_win = game_pnl > 0 (decisive only),COMPATIBILITY_ONLY_NOT_PRODUCTION,924.6928,802.8568,-61.5482,153,151,0.06656065,,0.06656065,0.06656065,61.5482,924.6928,OK,0.0000,-2.4619,4.0000,96.0000,AG03-UNRESOLVED,ALL5_LEVELS_bet23_to_bet27,-2.4619,-2.4619,-2.4619,-3.6929,-3.6929,4.000000,4.000000,4.000000,6.000000,6.000000,96.000000,96.000000,96.000000,94.000000,94.000000,5.0,-14.7716,-13.4327,-46.7766,-48.1154,PENDING_AG03,FALSE,NOT_FOR_ENFORCEMENT,-59.0862,770.7426,-61.5482,-59.0862,-2.4619,-0.06656065,-0.06389823,-2.4619,-59.0862,-0.06389823,-2.4619,-2.4619,-2.4619,-3.6929,-3.6929,-59.0862,-0.06389823,-14.7716,-13.4327,-46.7766,-48.1154,-0.05058610,-0.05203397,-0.00266243,6.0437,5.3169,-0.4076,-12.3096,-4.3963,184.9386,30.2000,,6.0437,2.1006,4.2012,10.5031,10.5031,10.5031,20.981,4.2012,0.0,2.5,4.994,1.438562,11,18,5,3,0E-8,-0.06656065,,0E-8,0.000000,0.868242,0.000000,,2026-05-09,2026-05-15,5,14,13,7,0.714286,,,0.000000,,,,,,,,GLOBAL_BASELINE_NO_ENTITY_RANKING,,,NOT_APPLICABLE_GLOBAL_BASELINE,HF9g-P5,,,,X 全窗基线 · 不参与实体赏罚,3927878,393,A168_HF9F_20260827_0900,2026-08-27 09:00:00
2026-05-10,137927693,-1,1,84.0247873120,14.4942758113,14.4942758113,0.6000000,11,11,0.49812011818181818,0.498120118182,0.644349502809689,0.6443495028085383,0.644349502809689,-1.8182E-13,SENTINEL_DEALER,R03b_20260811_FULL_v1,L1_ELIGIBILITY,v2026-08-11,2026-03-21..2026-08-06,baccarat_bet02_101_all_pairs_incl_sentinel,round_win = game_pnl > 0 (decisive only),COMPATIBILITY_ONLY_NOT_PRODUCTION,924.6928,802.8568,-61.5482,153,151,0.06656065,,0.06656065,0.06656065,61.5482,924.6928,OK,0.0000,-2.4619,4.0000,96.0000,AG03-UNRESOLVED,ALL5_LEVELS_bet23_to_bet27,-2.4619,-2.4619,-2.4619,-3.6929,-3.6929,4.000000,4.000000,4.000000,6.000000,6.000000,96.000000,96.000000,96.000000,94.000000,94.000000,5.0,-14.7716,-13.4327,-46.7766,-48.1154,PENDING_AG03,FALSE,NOT_FOR_ENFORCEMENT,-59.0862,770.7426,-61.5482,-59.0862,-2.4619,-0.06656065,-0.06389823,-2.4619,-59.0862,-0.06389823,-2.4619,-2.4619,-2.4619,-3.6929,-3.6929,-59.0862,-0.06389823,-14.7716,-13.4327,-46.7766,-48.1154,-0.05058610,-0.05203397,-0.00266243,6.0437,5.3169,-0.4076,-12.3096,-4.3963,184.9386,30.2000,,6.0437,2.1006,4.2012,10.5031,10.5031,10.5031,20.981,4.2012,0.0,2.5,4.994,1.438562,11,18,5,3,0E-8,-0.06656065,,0E-8,0.000000,0.868242,0.000000,,2026-05-09,2026-05-15,5,14,13,7,0.714286,,,0.000000,,,,,,,,GLOBAL_BASELINE_NO_ENTITY_RANKING,,,NOT_APPLICABLE_GLOBAL_BASELINE,HF9g-P5,,,,X 全窗基线 · 不参与实体赏罚,3927879,393,A168_HF9F_20260827_0900,2026-08-27 09:00:00
2026-05-10,137927693,2152,0,63.0185904840,-11.0282533347,-11.0282533347,0.4000000,6,6,0.49771390000000000,0.497713900000,-0.4369944132040151,-0.436994413204015,-0.4369944132040151,0E-17,ELIGIBLE,R03b_20260811_FULL_v1,L1_ELIGIBILITY,v2026-08-11,2026-03-21..2026-08-06,baccarat_bet02_101_all_pairs_incl_sentinel,round_win = game_pnl > 0 (decisive only),COMPATIBILITY_ONLY_NOT_PRODUCTION,924.6928,802.8568,-61.5482,153,151,0.06656065,,0.06656065,0.06656065,61.5482,924.6928,OK,0.0000,-2.4619,4.0000,96.0000,AG03-UNRESOLVED,ALL5_LEVELS_bet23_to_bet27,-2.4619,-2.4619,-2.4619,-3.6929,-3.6929,4.000000,4.000000,4.000000,6.000000,6.000000,96.000000,96.000000,96.000000,94.000000,94.000000,5.0,-14.7716,-13.4327,-46.7766,-48.1154,PENDING_AG03,FALSE,NOT_FOR_ENFORCEMENT,-59.0862,770.7426,-61.5482,-59.0862,-2.4619,-0.06656065,-0.06389823,-2.4619,-59.0862,-0.06389823,-2.4619,-2.4619,-2.4619,-3.6929,-3.6929,-59.0862,-0.06389823,-14.7716,-13.4327,-46.7766,-48.1154,-0.05058610,-0.05203397,-0.00266243,6.0437,5.3169,-0.4076,-12.3096,-4.3963,184.9386,30.2000,,6.0437,2.1006,4.2012,10.5031,10.5031,10.5031,20.981,4.2012,0.0,2.5,4.994,1.438562,11,18,5,3,0E-8,-0.06656065,,0E-8,0.000000,0.868242,0.000000,,2026-05-09,2026-05-15,5,14,13,7,0.714286,,,0.000000,,,,,,,,GLOBAL_BASELINE_NO_ENTITY_RANKING,,,NOT_APPLICABLE_GLOBAL_BASELINE,HF9g-P5,,,,X 全窗基线 · 不参与实体赏罚,3927880,393,A168_HF9F_20260827_0900,2026-08-27 09:00:00
2026-05-10,137927693,2209,0,73.5216888980,51.7802751810,51.7802751810,0.8571429,9,9,0.50665070000000000,0.506650700000,1.8547942576316225,1.8547942576316225,1.8547942576316225,0E-17,ELIGIBLE,R03b_20260811_FULL_v1,L1_ELIGIBILITY,v2026-08-11,2026-03-21..2026-08-06,baccarat_bet02_101_all_pairs_incl_sentinel,round_win = game_pnl > 0 (decisive only),COMPATIBILITY_ONLY_NOT_PRODUCTION,924.6928,802.8568,-61.5482,153,151,0.06656065,,0.06656065,0.06656065,61.5482,924.6928,OK,0.0000,-2.4619,4.0000,96.0000,AG03-UNRESOLVED,ALL5_LEVELS_bet23_to_bet27,-2.4619,-2.4619,-2.4619,-3.6929,-3.6929,4.000000,4.000000,4.000000,6.000000,6.000000,96.000000,96.000000,96.000000,94.000000,94.000000,5.0,-14.7716,-13.4327,-46.7766,-48.1154,PENDING_AG03,FALSE,NOT_FOR_ENFORCEMENT,-59.0862,770.7426,-61.5482,-59.0862,-2.4619,-0.06656065,-0.06389823,-2.4619,-59.0862,-0.06389823,-2.4619,-2.4619,-2.4619,-3.6929,-3.6929,-59.0862,-0.06389823,-14.7716,-13.4327,-46.7766,-48.1154,-0.05058610,-0.05203397,-0.00266243,6.0437,5.3169,-0.4076,-12.3096,-4.3963,184.9386,30.2000,,6.0437,2.1006,4.2012,10.5031,10.5031,10.5031,20.981,4.2012,0.0,2.5,4.994,1.438562,11,18,5,3,0E-8,-0.06656065,,0E-8,0.000000,0.868242,0.000000,,2026-05-09,2026-05-15,5,14,13,7,0.714286,,,0.000000,,,,,,,,GLOBAL_BASELINE_NO_ENTITY_RANKING,,,NOT_APPLICABLE_GLOBAL_BASELINE,HF9g-P5,,,,X 全窗基线 · 不参与实体赏罚,3927881,393,A168_HF9F_20260827_0900,2026-08-27 09:00:00
2026-05-11,137927693,-1,1,88.2260266776,1.8905577146,1.8905577146,0.5789474,24,22,0.47847667727272727,0.478476677273,0.8766958203161636,0.876695820313763,0.8766958203161636,-2.7273E-13,SENTINEL_DEALER,R03b_20260811_FULL_v1,L1_ELIGIBILITY,v2026-08-11,2026-03-21..2026-08-06,baccarat_bet02_101_all_pairs_incl_sentinel,round_win = game_pnl > 0 (decisive only),COMPATIBILITY_ONLY_NOT_PRODUCTION,924.6928,802.8568,-61.5482,153,151,0.06656065,,0.06656065,0.06656065,61.5482,924.6928,OK,0.0000,-2.4619,4.0000,96.0000,AG03-UNRESOLVED,ALL5_LEVELS_bet23_to_bet27,-2.4619,-2.4619,-2.4619,-3.6929,-3.6929,4.000000,4.000000,4.000000,6.000000,6.000000,96.000000,96.000000,96.000000,94.000000,94.000000,5.0,-14.7716,-13.4327,-46.7766,-48.1154,PENDING_AG03,FALSE,NOT_FOR_ENFORCEMENT,-59.0862,770.7426,-61.5482,-59.0862,-2.4619,-0.06656065,-0.06389823,-2.4619,-59.0862,-0.06389823,-2.4619,-2.4619,-2.4619,-3.6929,-3.6929,-59.0862,-0.06389823,-14.7716,-13.4327,-46.7766,-48.1154,-0.05058610,-0.05203397,-0.00266243,6.0437,5.3169,-0.4076,-12.3096,-4.3963,184.9386,30.2000,,6.0437,2.1006,4.2012,10.5031,10.5031,10.5031,20.981,4.2012,0.0,2.5,4.994,1.438562,11,18,5,3,0E-8,-0.06656065,,0E-8,0.000000,0.868242,0.000000,,2026-05-09,2026-05-15,5,14,13,7,0.714286,,,0.000000,,,,,,,,GLOBAL_BASELINE_NO_ENTITY_RANKING,,,NOT_APPLICABLE_GLOBAL_BASELINE,HF9g-P5,,,,X 全窗基线 · 不参与实体赏罚,3927882,393,A168_HF9F_20260827_0900,2026-08-27 09:00:00
2026-05-11,137927693,1094,0,25.2074361936,-14.7043377796,-14.7043377796,0E-7,3,3,0.50218230000000000,0.502182300000,-1.4203995680682369,-1.4203995680682369,-1.4203995680682369,0E-17,ELIGIBLE,R03b_20260811_FULL_v1,L1_ELIGIBILITY,v2026-08-11,2026-03-21..2026-08-06,baccarat_bet02_101_all_pairs_incl_sentinel,round_win = game_pnl > 0 (decisive only),COMPATIBILITY_ONLY_NOT_PRODUCTION,924.6928,802.8568,-61.5482,153,151,0.06656065,,0.06656065,0.06656065,61.5482,924.6928,OK,0.0000,-2.4619,4.0000,96.0000,AG03-UNRESOLVED,ALL5_LEVELS_bet23_to_bet27,-2.4619,-2.4619,-2.4619,-3.6929,-3.6929,4.000000,4.000000,4.000000,6.000000,6.000000,96.000000,96.000000,96.000000,94.000000,94.000000,5.0,-14.7716,-13.4327,-46.7766,-48.1154,PENDING_AG03,FALSE,NOT_FOR_ENFORCEMENT,-59.0862,770.7426,-61.5482,-59.0862,-2.4619,-0.06656065,-0.06389823,-2.4619,-59.0862,-0.06389823,-2.4619,-2.4619,-2.4619,-3.6929,-3.6929,-59.0862,-0.06389823,-14.7716,-13.4327,-46.7766,-48.1154,-0.05058610,-0.05203397,-0.00266243,6.0437,5.3169,-0.4076,-12.3096,-4.3963,184.9386,30.2000,,6.0437,2.1006,4.2012,10.5031,10.5031,10.5031,20.981,4.2012,0.0,2.5,4.994,1.438562,11,18,5,3,0E-8,-0.06656065,,0E-8,0.000000,0.868242,0.000000,,2026-05-09,2026-05-15,5,14,13,7,0.714286,,,0.000000,,,,,,,,GLOBAL_BASELINE_NO_ENTITY_RANKING,,,NOT_APPLICABLE_GLOBAL_BASELINE,HF9g-P5,,,,X 全窗基线 · 不参与实体赏罚,3927883,393,A168_HF9F_20260827_0900,2026-08-27 09:00:00
2026-05-11,137927693,1951,0,37.8111542904,3.3609914924,3.3609914924,0.5000000,10,10,0.50262914000000000,0.502629140000,-0.016628371259645974,-0.016628371259645974,-0.016628371259645974,0E-17,ELIGIBLE,R03b_20260811_FULL_v1,L1_ELIGIBILITY,v2026-08-11,2026-03-21..2026-08-06,baccarat_bet02_101_all_pairs_incl_sentinel,round_win = game_pnl > 0 (decisive only),COMPATIBILITY_ONLY_NOT_PRODUCTION,924.6928,802.8568,-61.5482,153,151,0.06656065,,0.06656065,0.06656065,61.5482,924.6928,OK,0.0000,-2.4619,4.0000,96.0000,AG03-UNRESOLVED,ALL5_LEVELS_bet23_to_bet27,-2.4619,-2.4619,-2.4619,-3.6929,-3.6929,4.000000,4.000000,4.000000,6.000000,6.000000,96.000000,96.000000,96.000000,94.000000,94.000000,5.0,-14.7716,-13.4327,-46.7766,-48.1154,PENDING_AG03,FALSE,NOT_FOR_ENFORCEMENT,-59.0862,770.7426,-61.5482,-59.0862,-2.4619,-0.06656065,-0.06389823,-2.4619,-59.0862,-0.06389823,-2.4619,-2.4619,-2.4619,-3.6929,-3.6929,-59.0862,-0.06389823,-14.7716,-13.4327,-46.7766,-48.1154,-0.05058610,-0.05203397,-0.00266243,6.0437,5.3169,-0.4076,-12.3096,-4.3963,184.9386,30.2000,,6.0437,2.1006,4.2012,10.5031,10.5031,10.5031,20.981,4.2012,0.0,2.5,4.994,1.438562,11,18,5,3,0E-8,-0.06656065,,0E-8,0.000000,0.868242,0.000000,,2026-05-09,2026-05-15,5,14,13,7,0.714286,,,0.000000,,,,,,,,GLOBAL_BASELINE_NO_ENTITY_RANKING,,,NOT_APPLICABLE_GLOBAL_BASELINE,HF9g-P5,,,,X 全窗基线 · 不参与实体赏罚,3927884,393,A168_HF9F_20260827_0900,2026-08-27 09:00:00
2026-05-11,137927693,2108,0,4.2012393656,-4.2012393656,-4.2012393656,0E-7,2,2,0.49994810000000000,0.499948100000,-1.4140667746232096,-1.4140667746232096,-1.4140667746232096,0E-17,ELIGIBLE,R03b_20260811_FULL_v1,L1_ELIGIBILITY,v2026-08-11,2026-03-21..2026-08-06,baccarat_bet02_101_all_pairs_incl_sentinel,round_win = game_pnl > 0 (decisive only),COMPATIBILITY_ONLY_NOT_PRODUCTION,924.6928,802.8568,-61.5482,153,151,0.06656065,,0.06656065,0.06656065,61.5482,924.6928,OK,0.0000,-2.4619,4.0000,96.0000,AG03-UNRESOLVED,ALL5_LEVELS_bet23_to_bet27,-2.4619,-2.4619,-2.4619,-3.6929,-3.6929,4.000000,4.000000,4.000000,6.000000,6.000000,96.000000,96.000000,96.000000,94.000000,94.000000,5.0,-14.7716,-13.4327,-46.7766,-48.1154,PENDING_AG03,FALSE,NOT_FOR_ENFORCEMENT,-59.0862,770.7426,-61.5482,-59.0862,-2.4619,-0.06656065,-0.06389823,-2.4619,-59.0862,-0.06389823,-2.4619,-2.4619,-2.4619,-3.6929,-3.6929,-59.0862,-0.06389823,-14.7716,-13.4327,-46.7766,-48.1154,-0.05058610,-0.05203397,-0.00266243,6.0437,5.3169,-0.4076,-12.3096,-4.3963,184.9386,30.2000,,6.0437,2.1006,4.2012,10.5031,10.5031,10.5031,20.981,4.2012,0.0,2.5,4.994,1.438562,11,18,5,3,0E-8,-0.06656065,,0E-8,0.000000,0.868242,0.000000,,2026-05-09,2026-05-15,5,14,13,7,0.714286,,,0.000000,,,,,,,,GLOBAL_BASELINE_NO_ENTITY_RANKING,,,NOT_APPLICABLE_GLOBAL_BASELINE,HF9g-P5,,,,X 全窗基线 · 不参与实体赏罚,3927885,393,A168_HF9F_20260827_0900,2026-08-27 09:00:00
2026-05-12,137927693,1299,0,51.6752441970,-26.8879319400,-26.8879319400,0.4285714,7,7,0.49899058571428571,0.498990585714,-0.3726239140161595,-0.3726239140146481,-0.3726239140161595,2.8571E-13,ELIGIBLE,R03b_20260811_FULL_v1,L1_ELIGIBILITY,v2026-08-11,2026-03-21..2026-08-06,baccarat_bet02_101_all_pairs_incl_sentinel,round_win = game_pnl > 0 (decisive only),COMPATIBILITY_ONLY_NOT_PRODUCTION,924.6928,802.8568,-61.5482,153,151,0.06656065,,0.06656065,0.06656065,61.5482,924.6928,OK,0.0000,-2.4619,4.0000,96.0000,AG03-UNRESOLVED,ALL5_LEVELS_bet23_to_bet27,-2.4619,-2.4619,-2.4619,-3.6929,-3.6929,4.000000,4.000000,4.000000,6.000000,6.000000,96.000000,96.000000,96.000000,94.000000,94.000000,5.0,-14.7716,-13.4327,-46.7766,-48.1154,PENDING_AG03,FALSE,NOT_FOR_ENFORCEMENT,-59.0862,770.7426,-61.5482,-59.0862,-2.4619,-0.06656065,-0.06389823,-2.4619,-59.0862,-0.06389823,-2.4619,-2.4619,-2.4619,-3.6929,-3.6929,-59.0862,-0.06389823,-14.7716,-13.4327,-46.7766,-48.1154,-0.05058610,-0.05203397,-0.00266243,6.0437,5.3169,-0.4076,-12.3096,-4.3963,184.9386,30.2000,,6.0437,2.1006,4.2012,10.5031,10.5031,10.5031,20.981,4.2012,0.0,2.5,4.994,1.438562,11,18,5,3,0E-8,-0.06656065,,0E-8,0.000000,0.868242,0.000000,,2026-05-09,2026-05-15,5,14,13,7,0.714286,,,0.000000,,,,,,,,GLOBAL_BASELINE_NO_ENTITY_RANKING,,,NOT_APPLICABLE_GLOBAL_BASELINE,HF9g-P5,,,,X 全窗基线 · 不参与实体赏罚,3927886,393,A168_HF9F_20260827_0900,2026-08-27 09:00:00
2026-05-12,137927693,1304,0,57.9771032453,-16.3848335259,-16.3848335259,0.5000000,10,10,0.49860758000000000,0.498607580000,0.008806471467772546,0.008806471467772546,0.008806471467772546,0E-17,ELIGIBLE,R03b_20260811_FULL_v1,L1_ELIGIBILITY,v2026-08-11,2026-03-21..2026-08-06,baccarat_bet02_101_all_pairs_incl_sentinel,round_win = game_pnl > 0 (decisive only),COMPATIBILITY_ONLY_NOT_PRODUCTION,924.6928,802.8568,-61.5482,153,151,0.06656065,,0.06656065,0.06656065,61.5482,924.6928,OK,0.0000,-2.4619,4.0000,96.0000,AG03-UNRESOLVED,ALL5_LEVELS_bet23_to_bet27,-2.4619,-2.4619,-2.4619,-3.6929,-3.6929,4.000000,4.000000,4.000000,6.000000,6.000000,96.000000,96.000000,96.000000,94.000000,94.000000,5.0,-14.7716,-13.4327,-46.7766,-48.1154,PENDING_AG03,FALSE,NOT_FOR_ENFORCEMENT,-59.0862,770.7426,-61.5482,-59.0862,-2.4619,-0.06656065,-0.06389823,-2.4619,-59.0862,-0.06389823,-2.4619,-2.4619,-2.4619,-3.6929,-3.6929,-59.0862,-0.06389823,-14.7716,-13.4327,-46.7766,-48.1154,-0.05058610,-0.05203397,-0.00266243,6.0437,5.3169,-0.4076,-12.3096,-4.3963,184.9386,30.2000,,6.0437,2.1006,4.2012,10.5031,10.5031,10.5031,20.981,4.2012,0.0,2.5,4.994,1.438562,11,18,5,3,0E-8,-0.06656065,,0E-8,0.000000,0.868242,0.000000,,2026-05-09,2026-05-15,5,14,13,7,0.714286,,,0.000000,,,,,,,,GLOBAL_BASELINE_NO_ENTITY_RANKING,,,NOT_APPLICABLE_GLOBAL_BASELINE,HF9g-P5,,,,X 全窗基线 · 不参与实体赏罚,3927887,393,A168_HF9F_20260827_0900,2026-08-27 09:00:00
2026-05-12,137927693,987,0,37.8111542904,-4.7263942862,-4.7263942862,0.5000000,11,11,0.50299473636363636,0.502994736364,-0.0189407155422541,-0.018940715544554086,-0.0189407155422541,-3.6364E-13,ELIGIBLE,R03b_20260811_FULL_v1,L1_ELIGIBILITY,v2026-08-11,2026-03-21..2026-08-06,baccarat_bet02_101_all_pairs_incl_sentinel,round_win = game_pnl > 0 (decisive only),COMPATIBILITY_ONLY_NOT_PRODUCTION,924.6928,802.8568,-61.5482,153,151,0.06656065,,0.06656065,0.06656065,61.5482,924.6928,OK,0.0000,-2.4619,4.0000,96.0000,AG03-UNRESOLVED,ALL5_LEVELS_bet23_to_bet27,-2.4619,-2.4619,-2.4619,-3.6929,-3.6929,4.000000,4.000000,4.000000,6.000000,6.000000,96.000000,96.000000,96.000000,94.000000,94.000000,5.0,-14.7716,-13.4327,-46.7766,-48.1154,PENDING_AG03,FALSE,NOT_FOR_ENFORCEMENT,-59.0862,770.7426,-61.5482,-59.0862,-2.4619,-0.06656065,-0.06389823,-2.4619,-59.0862,-0.06389823,-2.4619,-2.4619,-2.4619,-3.6929,-3.6929,-59.0862,-0.06389823,-14.7716,-13.4327,-46.7766,-48.1154,-0.05058610,-0.05203397,-0.00266243,6.0437,5.3169,-0.4076,-12.3096,-4.3963,184.9386,30.2000,,6.0437,2.1006,4.2012,10.5031,10.5031,10.5031,20.981,4.2012,0.0,2.5,4.994,1.438562,11,18,5,3,0E-8,-0.06656065,,0E-8,0.000000,0.868242,0.000000,,2026-05-09,2026-05-15,5,14,13,7,0.714286,,,0.000000,,,,,,,,GLOBAL_BASELINE_NO_ENTITY_RANKING,,,NOT_APPLICABLE_GLOBAL_BASELINE,HF9g-P5,,,,X 全窗基线 · 不参与实体赏罚,3927888,393,A168_HF9F_20260827_0900,2026-08-27 09:00:00
2026-05-15,137927693,2093,0,2.1006196828,-2.1006196828,-2.1006196828,0E-7,1,1,0.49324550000000000,0.493245500000,-0.9865810262130424,-0.9865810262130424,-0.9865810262130424,0E-17,ELIGIBLE,R03b_20260811_FULL_v1,L1_ELIGIBILITY,v2026-08-11,2026-03-21..2026-08-06,baccarat_bet02_101_all_pairs_incl_sentinel,round_win = game_pnl > 0 (decisive only),COMPATIBILITY_ONLY_NOT_PRODUCTION,924.6928,802.8568,-61.5482,153,151,0.06656065,,0.06656065,0.06656065,61.5482,924.6928,OK,0.0000,-2.4619,4.0000,96.0000,AG03-UNRESOLVED,ALL5_LEVELS_bet23_to_bet27,-2.4619,-2.4619,-2.4619,-3.6929,-3.6929,4.000000,4.000000,4.000000,6.000000,6.000000,96.000000,96.000000,96.000000,94.000000,94.000000,5.0,-14.7716,-13.4327,-46.7766,-48.1154,PENDING_AG03,FALSE,NOT_FOR_ENFORCEMENT,-59.0862,770.7426,-61.5482,-59.0862,-2.4619,-0.06656065,-0.06389823,-2.4619,-59.0862,-0.06389823,-2.4619,-2.4619,-2.4619,-3.6929,-3.6929,-59.0862,-0.06389823,-14.7716,-13.4327,-46.7766,-48.1154,-0.05058610,-0.05203397,-0.00266243,6.0437,5.3169,-0.4076,-12.3096,-4.3963,184.9386,30.2000,,6.0437,2.1006,4.2012,10.5031,10.5031,10.5031,20.981,4.2012,0.0,2.5,4.994,1.438562,11,18,5,3,0E-8,-0.06656065,,0E-8,0.000000,0.868242,0.000000,,2026-05-09,2026-05-15,5,14,13,7,0.714286,,,0.000000,,,,,,,,GLOBAL_BASELINE_NO_ENTITY_RANKING,,,NOT_APPLICABLE_GLOBAL_BASELINE,HF9g-P5,,,,X 全窗基线 · 不参与实体赏罚,3927889,393,A168_HF9F_20260827_0900,2026-08-27 09:00:00
2026-05-15,137927693,2155,0,18.9055771452,-8.4024787312,-8.4024787312,0.2500000,6,6,0.49324550000000000,0.493245500000,-0.9730707933947887,-0.9730707933947887,-0.9730707933947887,0E-17,ELIGIBLE,R03b_20260811_FULL_v1,L1_ELIGIBILITY,v2026-08-11,2026-03-21..2026-08-06,baccarat_bet02_101_all_pairs_incl_sentinel,round_win = game_pnl > 0 (decisive only),COMPATIBILITY_ONLY_NOT_PRODUCTION,924.6928,802.8568,-61.5482,153,151,0.06656065,,0.06656065,0.06656065,61.5482,924.6928,OK,0.0000,-2.4619,4.0000,96.0000,AG03-UNRESOLVED,ALL5_LEVELS_bet23_to_bet27,-2.4619,-2.4619,-2.4619,-3.6929,-3.6929,4.000000,4.000000,4.000000,6.000000,6.000000,96.000000,96.000000,96.000000,94.000000,94.000000,5.0,-14.7716,-13.4327,-46.7766,-48.1154,PENDING_AG03,FALSE,NOT_FOR_ENFORCEMENT,-59.0862,770.7426,-61.5482,-59.0862,-2.4619,-0.06656065,-0.06389823,-2.4619,-59.0862,-0.06389823,-2.4619,-2.4619,-2.4619,-3.6929,-3.6929,-59.0862,-0.06389823,-14.7716,-13.4327,-46.7766,-48.1154,-0.05058610,-0.05203397,-0.00266243,6.0437,5.3169,-0.4076,-12.3096,-4.3963,184.9386,30.2000,,6.0437,2.1006,4.2012,10.5031,10.5031,10.5031,20.981,4.2012,0.0,2.5,4.994,1.438562,11,18,5,3,0E-8,-0.06656065,,0E-8,0.000000,0.868242,0.000000,,2026-05-09,2026-05-15,5,14,13,7,0.714286,,,0.000000,,,,,,,,GLOBAL_BASELINE_NO_ENTITY_RANKING,,,NOT_APPLICABLE_GLOBAL_BASELINE,HF9g-P5,,,,X 全窗基线 · 不参与实体赏罚,3927890,393,A168_HF9F_20260827_0900,2026-08-27 09:00:00
2026-05-15,137927693,752,0,21.0061968280,-8.6125406994,-8.6125406994,0.3333333,9,9,0.50218230000000000,0.502182300000,-1.0131034497211469,-1.0131034497211469,-1.0131034497211469,0E-17,ELIGIBLE,R03b_20260811_FULL_v1,L1_ELIGIBILITY,v2026-08-11,2026-03-21..2026-08-06,baccarat_bet02_101_all_pairs_incl_sentinel,round_win = game_pnl > 0 (decisive only),COMPATIBILITY_ONLY_NOT_PRODUCTION,924.6928,802.8568,-61.5482,153,151,0.06656065,,0.06656065,0.06656065,61.5482,924.6928,OK,0.0000,-2.4619,4.0000,96.0000,AG03-UNRESOLVED,ALL5_LEVELS_bet23_to_bet27,-2.4619,-2.4619,-2.4619,-3.6929,-3.6929,4.000000,4.000000,4.000000,6.000000,6.000000,96.000000,96.000000,96.000000,94.000000,94.000000,5.0,-14.7716,-13.4327,-46.7766,-48.1154,PENDING_AG03,FALSE,NOT_FOR_ENFORCEMENT,-59.0862,770.7426,-61.5482,-59.0862,-2.4619,-0.06656065,-0.06389823,-2.4619,-59.0862,-0.06389823,-2.4619,-2.4619,-2.4619,-3.6929,-3.6929,-59.0862,-0.06389823,-14.7716,-13.4327,-46.7766,-48.1154,-0.05058610,-0.05203397,-0.00266243,6.0437,5.3169,-0.4076,-12.3096,-4.3963,184.9386,30.2000,,6.0437,2.1006,4.2012,10.5031,10.5031,10.5031,20.981,4.2012,0.0,2.5,4.994,1.438562,11,18,5,3,0E-8,-0.06656065,,0E-8,0.000000,0.868242,0.000000,,2026-05-09,2026-05-15,5,14,13,7,0.714286,,,0.000000,,,,,,,,GLOBAL_BASELINE_NO_ENTITY_RANKING,,,NOT_APPLICABLE_GLOBAL_BASELINE,HF9g-P5,,,,X 全窗基线 · 不参与实体赏罚,3927891,393,A168_HF9F_20260827_0900,2026-08-27 09:00:00
2026-03-23,145898681,-1,1,11.0044898319,-11.0044898319,-11.0044898319,0E-7,1,1,0.49324550000000000,0.493245500000,-0.9865810262130424,-0.9865810262130424,-0.9865810262130424,0E-17,SENTINEL_DEALER,R03b_20260811_FULL_v1,L1_ELIGIBILITY,v2026-08-11,2026-03-21..2026-08-06,baccarat_bet02_101_all_pairs_incl_sentinel,round_win = game_pnl > 0 (decisive only),COMPATIBILITY_ONLY_NOT_PRODUCTION,12731.7143,11592.2902,-61.5438,1106,1105,0.00483390,,0.00483390,0.00483390,61.5438,12731.7143,OK,0.0000,-2.4618,4.0000,96.0000,AG03-UNRESOLVED,ALL5_LEVELS_bet23_to_bet27,-2.4618,-2.4618,-2.4618,-2.4618,-2.4618,4.000000,4.000000,4.000000,4.000000,4.000000,96.000000,96.000000,96.000000,96.000000,96.000000,5.0,-12.3088,-11.3627,-49.2350,-50.1811,PENDING_AG03,FALSE,NOT_FOR_ENFORCEMENT,-59.0821,11128.5986,-61.5438,-59.0821,-2.4618,-0.00483390,-0.00464054,-2.4618,-59.0821,-0.00464054,-2.4618,-2.4618,-2.4618,-2.4618,-2.4618,-59.0821,-0.00464054,-12.3088,-11.3627,-49.2350,-50.1811,-0.00386712,-0.00394143,-0.00019336,11.5115,10.4908,-0.0557,-1.6196,-0.1061,335.0451,29.0789,,11.5115,8.4025,10.5412,11.0045,21.0824,22.009,42.1647,10.5412,0.0,2.087904,4.0,1.09205,30,155,25,3,0E-8,-0.00483390,,0E-8,0.000000,0.910505,0.000000,,2026-03-23,2026-06-20,38,580,415,90,0.422222,,,0.000000,,,,,,,,GLOBAL_BASELINE_NO_ENTITY_RANKING,,,NOT_APPLICABLE_GLOBAL_BASELINE,HF9g-P5,,,,X 全窗基线 · 不参与实体赏罚,3927892,393,A168_HF9F_20260827_0900,2026-08-27 09:00:00
2026-03-23,145898681,1383,0,11.0044898319,-11.0044898319,-11.0044898319,0E-7,1,1,0.49324550000000000,0.493245500000,-0.9865810262130424,-0.9865810262130424,-0.9865810262130424,0E-17,ELIGIBLE,R03b_20260811_FULL_v1,L1_ELIGIBILITY,v2026-08-11,2026-03-21..2026-08-06,baccarat_bet02_101_all_pairs_incl_sentinel,round_win = game_pnl > 0 (decisive only),COMPATIBILITY_ONLY_NOT_PRODUCTION,12731.7143,11592.2902,-61.5438,1106,1105,0.00483390,,0.00483390,0.00483390,61.5438,12731.7143,OK,0.0000,-2.4618,4.0000,96.0000,AG03-UNRESOLVED,ALL5_LEVELS_bet23_to_bet27,-2.4618,-2.4618,-2.4618,-2.4618,-2.4618,4.000000,4.000000,4.000000,4.000000,4.000000,96.000000,96.000000,96.000000,96.000000,96.000000,5.0,-12.3088,-11.3627,-49.2350,-50.1811,PENDING_AG03,FALSE,NOT_FOR_ENFORCEMENT,-59.0821,11128.5986,-61.5438,-59.0821,-2.4618,-0.00483390,-0.00464054,-2.4618,-59.0821,-0.00464054,-2.4618,-2.4618,-2.4618,-2.4618,-2.4618,-59.0821,-0.00464054,-12.3088,-11.3627,-49.2350,-50.1811,-0.00386712,-0.00394143,-0.00019336,11.5115,10.4908,-0.0557,-1.6196,-0.1061,335.0451,29.0789,,11.5115,8.4025,10.5412,11.0045,21.0824,22.009,42.1647,10.5412,0.0,2.087904,4.0,1.09205,30,155,25,3,0E-8,-0.00483390,,0E-8,0.000000,0.910505,0.000000,,2026-03-23,2026-06-20,38,580,415,90,0.422222,,,0.000000,,,,,,,,GLOBAL_BASELINE_NO_ENTITY_RANKING,,,NOT_APPLICABLE_GLOBAL_BASELINE,HF9g-P5,,,,X 全窗基线 · 不参与实体赏罚,3927893,393,A168_HF9F_20260827_0900,2026-08-27 09:00:00
2026-03-23,145898681,1509,0,22.0089796637,-22.0089796637,-22.0089796637,0E-7,1,1,0.49324550000000000,0.493245500000,-0.9865810262130424,-0.9865810262130424,-0.9865810262130424,0E-17,ELIGIBLE,R03b_20260811_FULL_v1,L1_ELIGIBILITY,v2026-08-11,2026-03-21..2026-08-06,baccarat_bet02_101_all_pairs_incl_sentinel,round_win = game_pnl > 0 (decisive only),COMPATIBILITY_ONLY_NOT_PRODUCTION,12731.7143,11592.2902,-61.5438,1106,1105,0.00483390,,0.00483390,0.00483390,61.5438,12731.7143,OK,0.0000,-2.4618,4.0000,96.0000,AG03-UNRESOLVED,ALL5_LEVELS_bet23_to_bet27,-2.4618,-2.4618,-2.4618,-2.4618,-2.4618,4.000000,4.000000,4.000000,4.000000,4.000000,96.000000,96.000000,96.000000,96.000000,96.000000,5.0,-12.3088,-11.3627,-49.2350,-50.1811,PENDING_AG03,FALSE,NOT_FOR_ENFORCEMENT,-59.0821,11128.5986,-61.5438,-59.0821,-2.4618,-0.00483390,-0.00464054,-2.4618,-59.0821,-0.00464054,-2.4618,-2.4618,-2.4618,-2.4618,-2.4618,-59.0821,-0.00464054,-12.3088,-11.3627,-49.2350,-50.1811,-0.00386712,-0.00394143,-0.00019336,11.5115,10.4908,-0.0557,-1.6196,-0.1061,335.0451,29.0789,,11.5115,8.4025,10.5412,11.0045,21.0824,22.009,42.1647,10.5412,0.0,2.087904,4.0,1.09205,30,155,25,3,0E-8,-0.00483390,,0E-8,0.000000,0.910505,0.000000,,2026-03-23,2026-06-20,38,580,415,90,0.422222,,,0.000000,,,,,,,,GLOBAL_BASELINE_NO_ENTITY_RANKING,,,NOT_APPLICABLE_GLOBAL_BASELINE,HF9g-P5,,,,X 全窗基线 · 不参与实体赏罚,3927894,393,A168_HF9F_20260827_0900,2026-08-27 09:00:00
2026-03-23,145898681,1623,0,11.0044898319,-11.0044898319,-11.0044898319,0E-7,1,1,0.49324550000000000,0.493245500000,-0.9865810262130424,-0.9865810262130424,-0.9865810262130424,0E-17,ELIGIBLE,R03b_20260811_FULL_v1,L1_ELIGIBILITY,v2026-08-11,2026-03-21..2026-08-06,baccarat_bet02_101_all_pairs_incl_sentinel,round_win = game_pnl > 0 (decisive only),COMPATIBILITY_ONLY_NOT_PRODUCTION,12731.7143,11592.2902,-61.5438,1106,1105,0.00483390,,0.00483390,0.00483390,61.5438,12731.7143,OK,0.0000,-2.4618,4.0000,96.0000,AG03-UNRESOLVED,ALL5_LEVELS_bet23_to_bet27,-2.4618,-2.4618,-2.4618,-2.4618,-2.4618,4.000000,4.000000,4.000000,4.000000,4.000000,96.000000,96.000000,96.000000,96.000000,96.000000,5.0,-12.3088,-11.3627,-49.2350,-50.1811,PENDING_AG03,FALSE,NOT_FOR_ENFORCEMENT,-59.0821,11128.5986,-61.5438,-59.0821,-2.4618,-0.00483390,-0.00464054,-2.4618,-59.0821,-0.00464054,-2.4618,-2.4618,-2.4618,-2.4618,-2.4618,-59.0821,-0.00464054,-12.3088,-11.3627,-49.2350,-50.1811,-0.00386712,-0.00394143,-0.00019336,11.5115,10.4908,-0.0557,-1.6196,-0.1061,335.0451,29.0789,,11.5115,8.4025,10.5412,11.0045,21.0824,22.009,42.1647,10.5412,0.0,2.087904,4.0,1.09205,30,155,25,3,0E-8,-0.00483390,,0E-8,0.000000,0.910505,0.000000,,2026-03-23,2026-06-20,38,580,415,90,0.422222,,,0.000000,,,,,,,,GLOBAL_BASELINE_NO_ENTITY_RANKING,,,NOT_APPLICABLE_GLOBAL_BASELINE,HF9g-P5,,,,X 全窗基线 · 不参与实体赏罚,3927895,393,A168_HF9F_20260827_0900,2026-08-27 09:00:00
2026-03-23,145898681,2174,0,11.0044898319,-11.0044898319,-11.0044898319,0E-7,1,1,0.49324550000000000,0.493245500000,-0.9865810262130424,-0.9865810262130424,-0.9865810262130424,0E-17,ELIGIBLE,R03b_20260811_FULL_v1,L1_ELIGIBILITY,v2026-08-11,2026-03-21..2026-08-06,baccarat_bet02_101_all_pairs_incl_sentinel,round_win = game_pnl > 0 (decisive only),COMPATIBILITY_ONLY_NOT_PRODUCTION,12731.7143,11592.2902,-61.5438,1106,1105,0.00483390,,0.00483390,0.00483390,61.5438,12731.7143,OK,0.0000,-2.4618,4.0000,96.0000,AG03-UNRESOLVED,ALL5_LEVELS_bet23_to_bet27,-2.4618,-2.4618,-2.4618,-2.4618,-2.4618,4.000000,4.000000,4.000000,4.000000,4.000000,96.000000,96.000000,96.000000,96.000000,96.000000,5.0,-12.3088,-11.3627,-49.2350,-50.1811,PENDING_AG03,FALSE,NOT_FOR_ENFORCEMENT,-59.0821,11128.5986,-61.5438,-59.0821,-2.4618,-0.00483390,-0.00464054,-2.4618,-59.0821,-0.00464054,-2.4618,-2.4618,-2.4618,-2.4618,-2.4618,-59.0821,-0.00464054,-12.3088,-11.3627,-49.2350,-50.1811,-0.00386712,-0.00394143,-0.00019336,11.5115,10.4908,-0.0557,-1.6196,-0.1061,335.0451,29.0789,,11.5115,8.4025,10.5412,11.0045,21.0824,22.009,42.1647,10.5412,0.0,2.087904,4.0,1.09205,30,155,25,3,0E-8,-0.00483390,,0E-8,0.000000,0.910505,0.000000,,2026-03-23,2026-06-20,38,580,415,90,0.422222,,,0.000000,,,,,,,,GLOBAL_BASELINE_NO_ENTITY_RANKING,,,NOT_APPLICABLE_GLOBAL_BASELINE,HF9g-P5,,,,X 全窗基线 · 不参与实体赏罚,3927896,393,A168_HF9F_20260827_0900,2026-08-27 09:00:00
2026-03-24,145898681,-1,1,13.2053877983,-13.2053877983,-13.2053877983,0E-7,2,2,0.49324550000000000,0.493245500000,-1.3952362676504506,-1.3952362676504506,-1.3952362676504506,0E-17,SENTINEL_DEALER,R03b_20260811_FULL_v1,L1_ELIGIBILITY,v2026-08-11,2026-03-21..2026-08-06,baccarat_bet02_101_all_pairs_incl_sentinel,round_win = game_pnl > 0 (decisive only),COMPATIBILITY_ONLY_NOT_PRODUCTION,12731.7143,11592.2902,-61.5438,1106,1105,0.00483390,,0.00483390,0.00483390,61.5438,12731.7143,OK,0.0000,-2.4618,4.0000,96.0000,AG03-UNRESOLVED,ALL5_LEVELS_bet23_to_bet27,-2.4618,-2.4618,-2.4618,-2.4618,-2.4618,4.000000,4.000000,4.000000,4.000000,4.000000,96.000000,96.000000,96.000000,96.000000,96.000000,5.0,-12.3088,-11.3627,-49.2350,-50.1811,PENDING_AG03,FALSE,NOT_FOR_ENFORCEMENT,-59.0821,11128.5986,-61.5438,-59.0821,-2.4618,-0.00483390,-0.00464054,-2.4618,-59.0821,-0.00464054,-2.4618,-2.4618,-2.4618,-2.4618,-2.4618,-59.0821,-0.00464054,-12.3088,-11.3627,-49.2350,-50.1811,-0.00386712,-0.00394143,-0.00019336,11.5115,10.4908,-0.0557,-1.6196,-0.1061,335.0451,29.0789,,11.5115,8.4025,10.5412,11.0045,21.0824,22.009,42.1647,10.5412,0.0,2.087904,4.0,1.09205,30,155,25,3,0E-8,-0.00483390,,0E-8,0.000000,0.910505,0.000000,,2026-03-23,2026-06-20,38,580,415,90,0.422222,,,0.000000,,,,,,,,GLOBAL_BASELINE_NO_ENTITY_RANKING,,,NOT_APPLICABLE_GLOBAL_BASELINE,HF9g-P5,,,,X 全窗基线 · 不参与实体赏罚,3927897,393,A168_HF9F_20260827_0900,2026-08-27 09:00:00
2026-03-24,145898681,1291,0,11.0044898319,-11.0044898319,-11.0044898319,0E-7,1,1,0.49324550000000000,0.493245500000,-0.9865810262130424,-0.9865810262130424,-0.9865810262130424,0E-17,ELIGIBLE,R03b_20260811_FULL_v1,L1_ELIGIBILITY,v2026-08-11,2026-03-21..2026-08-06,baccarat_bet02_101_all_pairs_incl_sentinel,round_win = game_pnl > 0 (decisive only),COMPATIBILITY_ONLY_NOT_PRODUCTION,12731.7143,11592.2902,-61.5438,1106,1105,0.00483390,,0.00483390,0.00483390,61.5438,12731.7143,OK,0.0000,-2.4618,4.0000,96.0000,AG03-UNRESOLVED,ALL5_LEVELS_bet23_to_bet27,-2.4618,-2.4618,-2.4618,-2.4618,-2.4618,4.000000,4.000000,4.000000,4.000000,4.000000,96.000000,96.000000,96.000000,96.000000,96.000000,5.0,-12.3088,-11.3627,-49.2350,-50.1811,PENDING_AG03,FALSE,NOT_FOR_ENFORCEMENT,-59.0821,11128.5986,-61.5438,-59.0821,-2.4618,-0.00483390,-0.00464054,-2.4618,-59.0821,-0.00464054,-2.4618,-2.4618,-2.4618,-2.4618,-2.4618,-59.0821,-0.00464054,-12.3088,-11.3627,-49.2350,-50.1811,-0.00386712,-0.00394143,-0.00019336,11.5115,10.4908,-0.0557,-1.6196,-0.1061,335.0451,29.0789,,11.5115,8.4025,10.5412,11.0045,21.0824,22.009,42.1647,10.5412,0.0,2.087904,4.0,1.09205,30,155,25,3,0E-8,-0.00483390,,0E-8,0.000000,0.910505,0.000000,,2026-03-23,2026-06-20,38,580,415,90,0.422222,,,0.000000,,,,,,,,GLOBAL_BASELINE_NO_ENTITY_RANKING,,,NOT_APPLICABLE_GLOBAL_BASELINE,HF9g-P5,,,,X 全窗基线 · 不参与实体赏罚,3927898,393,A168_HF9F_20260827_0900,2026-08-27 09:00:00
2026-03-24,145898681,1383,0,13.2053877982,0E-10,0E-10,,1,1,0.49324550000000000,0.493245500000,,,,0E-17,NO_DECISIVE_ROUND,R03b_20260811_FULL_v1,L1_ELIGIBILITY,v2026-08-11,2026-03-21..2026-08-06,baccarat_bet02_101_all_pairs_incl_sentinel,round_win = game_pnl > 0 (decisive only),COMPATIBILITY_ONLY_NOT_PRODUCTION,12731.7143,11592.2902,-61.5438,1106,1105,0.00483390,,0.00483390,0.00483390,61.5438,12731.7143,OK,0.0000,-2.4618,4.0000,96.0000,AG03-UNRESOLVED,ALL5_LEVELS_bet23_to_bet27,-2.4618,-2.4618,-2.4618,-2.4618,-2.4618,4.000000,4.000000,4.000000,4.000000,4.000000,96.000000,96.000000,96.000000,96.000000,96.000000,5.0,-12.3088,-11.3627,-49.2350,-50.1811,PENDING_AG03,FALSE,NOT_FOR_ENFORCEMENT,-59.0821,11128.5986,-61.5438,-59.0821,-2.4618,-0.00483390,-0.00464054,-2.4618,-59.0821,-0.00464054,-2.4618,-2.4618,-2.4618,-2.4618,-2.4618,-59.0821,-0.00464054,-12.3088,-11.3627,-49.2350,-50.1811,-0.00386712,-0.00394143,-0.00019336,11.5115,10.4908,-0.0557,-1.6196,-0.1061,335.0451,29.0789,,11.5115,8.4025,10.5412,11.0045,21.0824,22.009,42.1647,10.5412,0.0,2.087904,4.0,1.09205,30,155,25,3,0E-8,-0.00483390,,0E-8,0.000000,0.910505,0.000000,,2026-03-23,2026-06-20,38,580,415,90,0.422222,,,0.000000,,,,,,,,GLOBAL_BASELINE_NO_ENTITY_RANKING,,,NOT_APPLICABLE_GLOBAL_BASELINE,HF9g-P5,,,,X 全窗基线 · 不参与实体赏罚,3927899,393,A168_HF9F_20260827_0900,2026-08-27 09:00:00
2026-03-24,145898681,1491,0,11.0044898319,11.0044898319,11.0044898319,1.0000000,1,1,0.49324550000000000,0.493245500000,1.01360149184955,1.01360149184955,1.01360149184955,0E-17,ELIGIBLE,R03b_20260811_FULL_v1,L1_ELIGIBILITY,v2026-08-11,2026-03-21..2026-08-06,baccarat_bet02_101_all_pairs_incl_sentinel,round_win = game_pnl > 0 (decisive only),COMPATIBILITY_ONLY_NOT_PRODUCTION,12731.7143,11592.2902,-61.5438,1106,1105,0.00483390,,0.00483390,0.00483390,61.5438,12731.7143,OK,0.0000,-2.4618,4.0000,96.0000,AG03-UNRESOLVED,ALL5_LEVELS_bet23_to_bet27,-2.4618,-2.4618,-2.4618,-2.4618,-2.4618,4.000000,4.000000,4.000000,4.000000,4.000000,96.000000,96.000000,96.000000,96.000000,96.000000,5.0,-12.3088,-11.3627,-49.2350,-50.1811,PENDING_AG03,FALSE,NOT_FOR_ENFORCEMENT,-59.0821,11128.5986,-61.5438,-59.0821,-2.4618,-0.00483390,-0.00464054,-2.4618,-59.0821,-0.00464054,-2.4618,-2.4618,-2.4618,-2.4618,-2.4618,-59.0821,-0.00464054,-12.3088,-11.3627,-49.2350,-50.1811,-0.00386712,-0.00394143,-0.00019336,11.5115,10.4908,-0.0557,-1.6196,-0.1061,335.0451,29.0789,,11.5115,8.4025,10.5412,11.0045,21.0824,22.009,42.1647,10.5412,0.0,2.087904,4.0,1.09205,30,155,25,3,0E-8,-0.00483390,,0E-8,0.000000,0.910505,0.000000,,2026-03-23,2026-06-20,38,580,415,90,0.422222,,,0.000000,,,,,,,,GLOBAL_BASELINE_NO_ENTITY_RANKING,,,NOT_APPLICABLE_GLOBAL_BASELINE,HF9g-P5,,,,X 全窗基线 · 不参与实体赏罚,3927900,393,A168_HF9F_20260827_0900,2026-08-27 09:00:00
2026-03-24,145898681,1507,0,11.0044898319,-11.0044898319,-11.0044898319,0E-7,1,1,0.49324550000000000,0.493245500000,-0.9865810262130424,-0.9865810262130424,-0.9865810262130424,0E-17,ELIGIBLE,R03b_20260811_FULL_v1,L1_ELIGIBILITY,v2026-08-11,2026-03-21..2026-08-06,baccarat_bet02_101_all_pairs_incl_sentinel,round_win = game_pnl > 0 (decisive only),COMPATIBILITY_ONLY_NOT_PRODUCTION,12731.7143,11592.2902,-61.5438,1106,1105,0.00483390,,0.00483390,0.00483390,61.5438,12731.7143,OK,0.0000,-2.4618,4.0000,96.0000,AG03-UNRESOLVED,ALL5_LEVELS_bet23_to_bet27,-2.4618,-2.4618,-2.4618,-2.4618,-2.4618,4.000000,4.000000,4.000000,4.000000,4.000000,96.000000,96.000000,96.000000,96.000000,96.000000,5.0,-12.3088,-11.3627,-49.2350,-50.1811,PENDING_AG03,FALSE,NOT_FOR_ENFORCEMENT,-59.0821,11128.5986,-61.5438,-59.0821,-2.4618,-0.00483390,-0.00464054,-2.4618,-59.0821,-0.00464054,-2.4618,-2.4618,-2.4618,-2.4618,-2.4618,-59.0821,-0.00464054,-12.3088,-11.3627,-49.2350,-50.1811,-0.00386712,-0.00394143,-0.00019336,11.5115,10.4908,-0.0557,-1.6196,-0.1061,335.0451,29.0789,,11.5115,8.4025,10.5412,11.0045,21.0824,22.009,42.1647,10.5412,0.0,2.087904,4.0,1.09205,30,155,25,3,0E-8,-0.00483390,,0E-8,0.000000,0.910505,0.000000,,2026-03-23,2026-06-20,38,580,415,90,0.422222,,,0.000000,,,,,,,,GLOBAL_BASELINE_NO_ENTITY_RANKING,,,NOT_APPLICABLE_GLOBAL_BASELINE,HF9g-P5,,,,X 全窗基线 · 不参与实体赏罚,3927901,393,A168_HF9F_20260827_0900,2026-08-27 09:00:00
2026-03-24,145898681,2101,0,56.1228981424,-42.9175103442,-42.9175103442,0E-7,3,3,0.49324550000000000,0.493245500000,-1.3952362676504506,-1.3952362676504506,-1.3952362676504506,0E-17,ELIGIBLE,R03b_20260811_FULL_v1,L1_ELIGIBILITY,v2026-08-11,2026-03-21..2026-08-06,baccarat_bet02_101_all_pairs_incl_sentinel,round_win = game_pnl > 0 (decisive only),COMPATIBILITY_ONLY_NOT_PRODUCTION,12731.7143,11592.2902,-61.5438,1106,1105,0.00483390,,0.00483390,0.00483390,61.5438,12731.7143,OK,0.0000,-2.4618,4.0000,96.0000,AG03-UNRESOLVED,ALL5_LEVELS_bet23_to_bet27,-2.4618,-2.4618,-2.4618,-2.4618,-2.4618,4.000000,4.000000,4.000000,4.000000,4.000000,96.000000,96.000000,96.000000,96.000000,96.000000,5.0,-12.3088,-11.3627,-49.2350,-50.1811,PENDING_AG03,FALSE,NOT_FOR_ENFORCEMENT,-59.0821,11128.5986,-61.5438,-59.0821,-2.4618,-0.00483390,-0.00464054,-2.4618,-59.0821,-0.00464054,-2.4618,-2.4618,-2.4618,-2.4618,-2.4618,-59.0821,-0.00464054,-12.3088,-11.3627,-49.2350,-50.1811,-0.00386712,-0.00394143,-0.00019336,11.5115,10.4908,-0.0557,-1.6196,-0.1061,335.0451,29.0789,,11.5115,8.4025,10.5412,11.0045,21.0824,22.009,42.1647,10.5412,0.0,2.087904,4.0,1.09205,30,155,25,3,0E-8,-0.00483390,,0E-8,0.000000,0.910505,0.000000,,2026-03-23,2026-06-20,38,580,415,90,0.422222,,,0.000000,,,,,,,,GLOBAL_BASELINE_NO_ENTITY_RANKING,,,NOT_APPLICABLE_GLOBAL_BASELINE,HF9g-P5,,,,X 全窗基线 · 不参与实体赏罚,3927902,393,A168_HF9F_20260827_0900,2026-08-27 09:00:00
2026-03-24,145898681,2130,0,13.2053877982,-13.2053877982,-13.2053877982,0E-7,1,1,0.49324550000000000,0.493245500000,-0.9865810262130424,-0.9865810262130424,-0.9865810262130424,0E-17,ELIGIBLE,R03b_20260811_FULL_v1,L1_ELIGIBILITY,v2026-08-11,2026-03-21..2026-08-06,baccarat_bet02_101_all_pairs_incl_sentinel,round_win = game_pnl > 0 (decisive only),COMPATIBILITY_ONLY_NOT_PRODUCTION,12731.7143,11592.2902,-61.5438,1106,1105,0.00483390,,0.00483390,0.00483390,61.5438,12731.7143,OK,0.0000,-2.4618,4.0000,96.0000,AG03-UNRESOLVED,ALL5_LEVELS_bet23_to_bet27,-2.4618,-2.4618,-2.4618,-2.4618,-2.4618,4.000000,4.000000,4.000000,4.000000,4.000000,96.000000,96.000000,96.000000,96.000000,96.000000,5.0,-12.3088,-11.3627,-49.2350,-50.1811,PENDING_AG03,FALSE,NOT_FOR_ENFORCEMENT,-59.0821,11128.5986,-61.5438,-59.0821,-2.4618,-0.00483390,-0.00464054,-2.4618,-59.0821,-0.00464054,-2.4618,-2.4618,-2.4618,-2.4618,-2.4618,-59.0821,-0.00464054,-12.3088,-11.3627,-49.2350,-50.1811,-0.00386712,-0.00394143,-0.00019336,11.5115,10.4908,-0.0557,-1.6196,-0.1061,335.0451,29.0789,,11.5115,8.4025,10.5412,11.0045,21.0824,22.009,42.1647,10.5412,0.0,2.087904,4.0,1.09205,30,155,25,3,0E-8,-0.00483390,,0E-8,0.000000,0.910505,0.000000,,2026-03-23,2026-06-20,38,580,415,90,0.422222,,,0.000000,,,,,,,,GLOBAL_BASELINE_NO_ENTITY_RANKING,,,NOT_APPLICABLE_GLOBAL_BASELINE,HF9g-P5,,,,X 全窗基线 · 不参与实体赏罚,3927903,393,A168_HF9F_20260827_0900,2026-08-27 09:00:00
2026-03-24,145898681,2134,0,15.4062857646,15.4062857646,15.4062857646,1.0000000,2,2,0.49324550000000000,0.493245500000,1.4334489766152358,1.4334489766152358,1.4334489766152358,0E-17,ELIGIBLE,R03b_20260811_FULL_v1,L1_ELIGIBILITY,v2026-08-11,2026-03-21..2026-08-06,baccarat_bet02_101_all_pairs_incl_sentinel,round_win = game_pnl > 0 (decisive only),COMPATIBILITY_ONLY_NOT_PRODUCTION,12731.7143,11592.2902,-61.5438,1106,1105,0.00483390,,0.00483390,0.00483390,61.5438,12731.7143,OK,0.0000,-2.4618,4.0000,96.0000,AG03-UNRESOLVED,ALL5_LEVELS_bet23_to_bet27,-2.4618,-2.4618,-2.4618,-2.4618,-2.4618,4.000000,4.000000,4.000000,4.000000,4.000000,96.000000,96.000000,96.000000,96.000000,96.000000,5.0,-12.3088,-11.3627,-49.2350,-50.1811,PENDING_AG03,FALSE,NOT_FOR_ENFORCEMENT,-59.0821,11128.5986,-61.5438,-59.0821,-2.4618,-0.00483390,-0.00464054,-2.4618,-59.0821,-0.00464054,-2.4618,-2.4618,-2.4618,-2.4618,-2.4618,-59.0821,-0.00464054,-12.3088,-11.3627,-49.2350,-50.1811,-0.00386712,-0.00394143,-0.00019336,11.5115,10.4908,-0.0557,-1.6196,-0.1061,335.0451,29.0789,,11.5115,8.4025,10.5412,11.0045,21.0824,22.009,42.1647,10.5412,0.0,2.087904,4.0,1.09205,30,155,25,3,0E-8,-0.00483390,,0E-8,0.000000,0.910505,0.000000,,2026-03-23,2026-06-20,38,580,415,90,0.422222,,,0.000000,,,,,,,,GLOBAL_BASELINE_NO_ENTITY_RANKING,,,NOT_APPLICABLE_GLOBAL_BASELINE,HF9g-P5,,,,X 全窗基线 · 不参与实体赏罚,3927904,393,A168_HF9F_20260827_0900,2026-08-27 09:00:00
2026-03-24,145898681,2145,0,22.0089796638,22.0089796638,22.0089796638,1.0000000,2,2,0.49324550000000000,0.493245500000,1.4334489766152358,1.4334489766152358,1.4334489766152358,0E-17,ELIGIBLE,R03b_20260811_FULL_v1,L1_ELIGIBILITY,v2026-08-11,2026-03-21..2026-08-06,baccarat_bet02_101_all_pairs_incl_sentinel,round_win = game_pnl > 0 (decisive only),COMPATIBILITY_ONLY_NOT_PRODUCTION,12731.7143,11592.2902,-61.5438,1106,1105,0.00483390,,0.00483390,0.00483390,61.5438,12731.7143,OK,0.0000,-2.4618,4.0000,96.0000,AG03-UNRESOLVED,ALL5_LEVELS_bet23_to_bet27,-2.4618,-2.4618,-2.4618,-2.4618,-2.4618,4.000000,4.000000,4.000000,4.000000,4.000000,96.000000,96.000000,96.000000,96.000000,96.000000,5.0,-12.3088,-11.3627,-49.2350,-50.1811,PENDING_AG03,FALSE,NOT_FOR_ENFORCEMENT,-59.0821,11128.5986,-61.5438,-59.0821,-2.4618,-0.00483390,-0.00464054,-2.4618,-59.0821,-0.00464054,-2.4618,-2.4618,-2.4618,-2.4618,-2.4618,-59.0821,-0.00464054,-12.3088,-11.3627,-49.2350,-50.1811,-0.00386712,-0.00394143,-0.00019336,11.5115,10.4908,-0.0557,-1.6196,-0.1061,335.0451,29.0789,,11.5115,8.4025,10.5412,11.0045,21.0824,22.009,42.1647,10.5412,0.0,2.087904,4.0,1.09205,30,155,25,3,0E-8,-0.00483390,,0E-8,0.000000,0.910505,0.000000,,2026-03-23,2026-06-20,38,580,415,90,0.422222,,,0.000000,,,,,,,,GLOBAL_BASELINE_NO_ENTITY_RANKING,,,NOT_APPLICABLE_GLOBAL_BASELINE,HF9g-P5,,,,X 全窗基线 · 不参与实体赏罚,3927905,393,A168_HF9F_20260827_0900,2026-08-27 09:00:00
2026-03-26,145898681,-1,1,147.9003433404,-26.8509551898,-26.8509551898,0.3750000,9,9,0.49622443333333333,0.496224433333,-0.6857685022505374,-0.6857685022486553,-0.6857685022505374,3.3333E-13,SENTINEL_DEALER,R03b_20260811_FULL_v1,L1_ELIGIBILITY,v2026-08-11,2026-03-21..2026-08-06,baccarat_bet02_101_all_pairs_incl_sentinel,round_win = game_pnl > 0 (decisive only),COMPATIBILITY_ONLY_NOT_PRODUCTION,12731.7143,11592.2902,-61.5438,1106,1105,0.00483390,,0.00483390,0.00483390,61.5438,12731.7143,OK,0.0000,-2.4618,4.0000,96.0000,AG03-UNRESOLVED,ALL5_LEVELS_bet23_to_bet27,-2.4618,-2.4618,-2.4618,-2.4618,-2.4618,4.000000,4.000000,4.000000,4.000000,4.000000,96.000000,96.000000,96.000000,96.000000,96.000000,5.0,-12.3088,-11.3627,-49.2350,-50.1811,PENDING_AG03,FALSE,NOT_FOR_ENFORCEMENT,-59.0821,11128.5986,-61.5438,-59.0821,-2.4618,-0.00483390,-0.00464054,-2.4618,-59.0821,-0.00464054,-2.4618,-2.4618,-2.4618,-2.4618,-2.4618,-59.0821,-0.00464054,-12.3088,-11.3627,-49.2350,-50.1811,-0.00386712,-0.00394143,-0.00019336,11.5115,10.4908,-0.0557,-1.6196,-0.1061,335.0451,29.0789,,11.5115,8.4025,10.5412,11.0045,21.0824,22.009,42.1647,10.5412,0.0,2.087904,4.0,1.09205,30,155,25,3,0E-8,-0.00483390,,0E-8,0.000000,0.910505,0.000000,,2026-03-23,2026-06-20,38,580,415,90,0.422222,,,0.000000,,,,,,,,GLOBAL_BASELINE_NO_ENTITY_RANKING,,,NOT_APPLICABLE_GLOBAL_BASELINE,HF9g-P5,,,,X 全窗基线 · 不参与实体赏罚,3927906,393,A168_HF9F_20260827_0900,2026-08-27 09:00:00
2026-03-26,145898681,1007,0,77.0314288230,33.0134694956,33.0134694956,0.7500000,4,4,0.49324550000000000,0.493245500000,1.0271117246678039,1.0271117246678039,1.0271117246678039,0E-17,ELIGIBLE,R03b_20260811_FULL_v1,L1_ELIGIBILITY,v2026-08-11,2026-03-21..2026-08-06,baccarat_bet02_101_all_pairs_incl_sentinel,round_win = game_pnl > 0 (decisive only),COMPATIBILITY_ONLY_NOT_PRODUCTION,12731.7143,11592.2902,-61.5438,1106,1105,0.00483390,,0.00483390,0.00483390,61.5438,12731.7143,OK,0.0000,-2.4618,4.0000,96.0000,AG03-UNRESOLVED,ALL5_LEVELS_bet23_to_bet27,-2.4618,-2.4618,-2.4618,-2.4618,-2.4618,4.000000,4.000000,4.000000,4.000000,4.000000,96.000000,96.000000,96.000000,96.000000,96.000000,5.0,-12.3088,-11.3627,-49.2350,-50.1811,PENDING_AG03,FALSE,NOT_FOR_ENFORCEMENT,-59.0821,11128.5986,-61.5438,-59.0821,-2.4618,-0.00483390,-0.00464054,-2.4618,-59.0821,-0.00464054,-2.4618,-2.4618,-2.4618,-2.4618,-2.4618,-59.0821,-0.00464054,-12.3088,-11.3627,-49.2350,-50.1811,-0.00386712,-0.00394143,-0.00019336,11.5115,10.4908,-0.0557,-1.6196,-0.1061,335.0451,29.0789,,11.5115,8.4025,10.5412,11.0045,21.0824,22.009,42.1647,10.5412,0.0,2.087904,4.0,1.09205,30,155,25,3,0E-8,-0.00483390,,0E-8,0.000000,0.910505,0.000000,,2026-03-23,2026-06-20,38,580,415,90,0.422222,,,0.000000,,,,,,,,GLOBAL_BASELINE_NO_ENTITY_RANKING,,,NOT_APPLICABLE_GLOBAL_BASELINE,HF9g-P5,,,,X 全窗基线 · 不参与实体赏罚,3927907,393,A168_HF9F_20260827_0900,2026-08-27 09:00:00
2026-03-26,145898681,1094,0,11.0044898319,0E-10,0E-10,,1,1,0.49324550000000000,0.493245500000,,,,0E-17,NO_DECISIVE_ROUND,R03b_20260811_FULL_v1,L1_ELIGIBILITY,v2026-08-11,2026-03-21..2026-08-06,baccarat_bet02_101_all_pairs_incl_sentinel,round_win = game_pnl > 0 (decisive only),COMPATIBILITY_ONLY_NOT_PRODUCTION,12731.7143,11592.2902,-61.5438,1106,1105,0.00483390,,0.00483390,0.00483390,61.5438,12731.7143,OK,0.0000,-2.4618,4.0000,96.0000,AG03-UNRESOLVED,ALL5_LEVELS_bet23_to_bet27,-2.4618,-2.4618,-2.4618,-2.4618,-2.4618,4.000000,4.000000,4.000000,4.000000,4.000000,96.000000,96.000000,96.000000,96.000000,96.000000,5.0,-12.3088,-11.3627,-49.2350,-50.1811,PENDING_AG03,FALSE,NOT_FOR_ENFORCEMENT,-59.0821,11128.5986,-61.5438,-59.0821,-2.4618,-0.00483390,-0.00464054,-2.4618,-59.0821,-0.00464054,-2.4618,-2.4618,-2.4618,-2.4618,-2.4618,-59.0821,-0.00464054,-12.3088,-11.3627,-49.2350,-50.1811,-0.00386712,-0.00394143,-0.00019336,11.5115,10.4908,-0.0557,-1.6196,-0.1061,335.0451,29.0789,,11.5115,8.4025,10.5412,11.0045,21.0824,22.009,42.1647,10.5412,0.0,2.087904,4.0,1.09205,30,155,25,3,0E-8,-0.00483390,,0E-8,0.000000,0.910505,0.000000,,2026-03-23,2026-06-20,38,580,415,90,0.422222,,,0.000000,,,,,,,,GLOBAL_BASELINE_NO_ENTITY_RANKING,,,NOT_APPLICABLE_GLOBAL_BASELINE,HF9g-P5,,,,X 全窗基线 · 不参与实体赏罚,3927908,393,A168_HF9F_20260827_0900,2026-08-27 09:00:00
2026-03-26,145898681,1384,0,81.4332247558,28.6116735630,28.6116735630,0.6666667,6,6,0.49324550000000000,0.493245500000,0.8496642703256836,0.8496642703256835,0.8496642703256836,0E-17,ELIGIBLE,R03b_20260811_FULL_v1,L1_ELIGIBILITY,v2026-08-11,2026-03-21..2026-08-06,baccarat_bet02_101_all_pairs_incl_sentinel,round_win = game_pnl > 0 (decisive only),COMPATIBILITY_ONLY_NOT_PRODUCTION,12731.7143,11592.2902,-61.5438,1106,1105,0.00483390,,0.00483390,0.00483390,61.5438,12731.7143,OK,0.0000,-2.4618,4.0000,96.0000,AG03-UNRESOLVED,ALL5_LEVELS_bet23_to_bet27,-2.4618,-2.4618,-2.4618,-2.4618,-2.4618,4.000000,4.000000,4.000000,4.000000,4.000000,96.000000,96.000000,96.000000,96.000000,96.000000,5.0,-12.3088,-11.3627,-49.2350,-50.1811,PENDING_AG03,FALSE,NOT_FOR_ENFORCEMENT,-59.0821,11128.5986,-61.5438,-59.0821,-2.4618,-0.00483390,-0.00464054,-2.4618,-59.0821,-0.00464054,-2.4618,-2.4618,-2.4618,-2.4618,-2.4618,-59.0821,-0.00464054,-12.3088,-11.3627,-49.2350,-50.1811,-0.00386712,-0.00394143,-0.00019336,11.5115,10.4908,-0.0557,-1.6196,-0.1061,335.0451,29.0789,,11.5115,8.4025,10.5412,11.0045,21.0824,22.009,42.1647,10.5412,0.0,2.087904,4.0,1.09205,30,155,25,3,0E-8,-0.00483390,,0E-8,0.000000,0.910505,0.000000,,2026-03-23,2026-06-20,38,580,415,90,0.422222,,,0.000000,,,,,,,,GLOBAL_BASELINE_NO_ENTITY_RANKING,,,NOT_APPLICABLE_GLOBAL_BASELINE,HF9g-P5,,,,X 全窗基线 · 不参与实体赏罚,3927909,393,A168_HF9F_20260827_0900,2026-08-27 09:00:00
2026-03-26,145898681,1509,0,66.0269389912,-22.0089796638,-22.0089796638,0.2500000,4,4,0.49324550000000000,0.493245500000,-0.9730707933947887,-0.9730707933947887,-0.9730707933947887,0E-17,ELIGIBLE,R03b_20260811_FULL_v1,L1_ELIGIBILITY,v2026-08-11,2026-03-21..2026-08-06,baccarat_bet02_101_all_pairs_incl_sentinel,round_win = game_pnl > 0 (decisive only),COMPATIBILITY_ONLY_NOT_PRODUCTION,12731.7143,11592.2902,-61.5438,1106,1105,0.00483390,,0.00483390,0.00483390,61.5438,12731.7143,OK,0.0000,-2.4618,4.0000,96.0000,AG03-UNRESOLVED,ALL5_LEVELS_bet23_to_bet27,-2.4618,-2.4618,-2.4618,-2.4618,-2.4618,4.000000,4.000000,4.000000,4.000000,4.000000,96.000000,96.000000,96.000000,96.000000,96.000000,5.0,-12.3088,-11.3627,-49.2350,-50.1811,PENDING_AG03,FALSE,NOT_FOR_ENFORCEMENT,-59.0821,11128.5986,-61.5438,-59.0821,-2.4618,-0.00483390,-0.00464054,-2.4618,-59.0821,-0.00464054,-2.4618,-2.4618,-2.4618,-2.4618,-2.4618,-59.0821,-0.00464054,-12.3088,-11.3627,-49.2350,-50.1811,-0.00386712,-0.00394143,-0.00019336,11.5115,10.4908,-0.0557,-1.6196,-0.1061,335.0451,29.0789,,11.5115,8.4025,10.5412,11.0045,21.0824,22.009,42.1647,10.5412,0.0,2.087904,4.0,1.09205,30,155,25,3,0E-8,-0.00483390,,0E-8,0.000000,0.910505,0.000000,,2026-03-23,2026-06-20,38,580,415,90,0.422222,,,0.000000,,,,,,,,GLOBAL_BASELINE_NO_ENTITY_RANKING,,,NOT_APPLICABLE_GLOBAL_BASELINE,HF9g-P5,,,,X 全窗基线 · 不参与实体赏罚,3927910,393,A168_HF9F_20260827_0900,2026-08-27 09:00:00
2026-03-26,145898681,1646,0,19.8080816974,19.2578572058,19.2578572058,1.0000000,2,2,0.49994810000000000,0.499948100000,1.4143603653603398,1.4143603653603398,1.4143603653603398,0E-17,ELIGIBLE,R03b_20260811_FULL_v1,L1_ELIGIBILITY,v2026-08-11,2026-03-21..2026-08-06,baccarat_bet02_101_all_pairs_incl_sentinel,round_win = game_pnl > 0 (decisive only),COMPATIBILITY_ONLY_NOT_PRODUCTION,12731.7143,11592.2902,-61.5438,1106,1105,0.00483390,,0.00483390,0.00483390,61.5438,12731.7143,OK,0.0000,-2.4618,4.0000,96.0000,AG03-UNRESOLVED,ALL5_LEVELS_bet23_to_bet27,-2.4618,-2.4618,-2.4618,-2.4618,-2.4618,4.000000,4.000000,4.000000,4.000000,4.000000,96.000000,96.000000,96.000000,96.000000,96.000000,5.0,-12.3088,-11.3627,-49.2350,-50.1811,PENDING_AG03,FALSE,NOT_FOR_ENFORCEMENT,-59.0821,11128.5986,-61.5438,-59.0821,-2.4618,-0.00483390,-0.00464054,-2.4618,-59.0821,-0.00464054,-2.4618,-2.4618,-2.4618,-2.4618,-2.4618,-59.0821,-0.00464054,-12.3088,-11.3627,-49.2350,-50.1811,-0.00386712,-0.00394143,-0.00019336,11.5115,10.4908,-0.0557,-1.6196,-0.1061,335.0451,29.0789,,11.5115,8.4025,10.5412,11.0045,21.0824,22.009,42.1647,10.5412,0.0,2.087904,4.0,1.09205,30,155,25,3,0E-8,-0.00483390,,0E-8,0.000000,0.910505,0.000000,,2026-03-23,2026-06-20,38,580,415,90,0.422222,,,0.000000,,,,,,,,GLOBAL_BASELINE_NO_ENTITY_RANKING,,,NOT_APPLICABLE_GLOBAL_BASELINE,HF9g-P5,,,,X 全窗基线 · 不参与实体赏罚,3927911,393,A168_HF9F_20260827_0900,2026-08-27 09:00:00
2026-03-26,145898681,2093,0,154.0628576460,-22.0089796636,-22.0089796636,0.6000000,5,5,0.49324550000000000,0.493245500000,0.47746420675292983,0.47746420675292983,0.47746420675292983,0E-17,ELIGIBLE,R03b_20260811_FULL_v1,L1_ELIGIBILITY,v2026-08-11,2026-03-21..2026-08-06,baccarat_bet02_101_all_pairs_incl_sentinel,round_win = game_pnl > 0 (decisive only),COMPATIBILITY_ONLY_NOT_PRODUCTION,12731.7143,11592.2902,-61.5438,1106,1105,0.00483390,,0.00483390,0.00483390,61.5438,12731.7143,OK,0.0000,-2.4618,4.0000,96.0000,AG03-UNRESOLVED,ALL5_LEVELS_bet23_to_bet27,-2.4618,-2.4618,-2.4618,-2.4618,-2.4618,4.000000,4.000000,4.000000,4.000000,4.000000,96.000000,96.000000,96.000000,96.000000,96.000000,5.0,-12.3088,-11.3627,-49.2350,-50.1811,PENDING_AG03,FALSE,NOT_FOR_ENFORCEMENT,-59.0821,11128.5986,-61.5438,-59.0821,-2.4618,-0.00483390,-0.00464054,-2.4618,-59.0821,-0.00464054,-2.4618,-2.4618,-2.4618,-2.4618,-2.4618,-59.0821,-0.00464054,-12.3088,-11.3627,-49.2350,-50.1811,-0.00386712,-0.00394143,-0.00019336,11.5115,10.4908,-0.0557,-1.6196,-0.1061,335.0451,29.0789,,11.5115,8.4025,10.5412,11.0045,21.0824,22.009,42.1647,10.5412,0.0,2.087904,4.0,1.09205,30,155,25,3,0E-8,-0.00483390,,0E-8,0.000000,0.910505,0.000000,,2026-03-23,2026-06-20,38,580,415,90,0.422222,,,0.000000,,,,,,,,GLOBAL_BASELINE_NO_ENTITY_RANKING,,,NOT_APPLICABLE_GLOBAL_BASELINE,HF9g-P5,,,,X 全窗基线 · 不参与实体赏罚,3927912,393,A168_HF9F_20260827_0900,2026-08-27 09:00:00
2026-03-26,145898681,2117,0,30.8125715293,4.4017959327,4.4017959327,0.3333333,3,3,0.36036460000000000,0.360364600000,-0.0975191074257721,-0.0975191074257721,-0.0975191074257721,0E-17,ELIGIBLE,R03b_20260811_FULL_v1,L1_ELIGIBILITY,v2026-08-11,2026-03-21..2026-08-06,baccarat_bet02_101_all_pairs_incl_sentinel,round_win = game_pnl > 0 (decisive only),COMPATIBILITY_ONLY_NOT_PRODUCTION,12731.7143,11592.2902,-61.5438,1106,1105,0.00483390,,0.00483390,0.00483390,61.5438,12731.7143,OK,0.0000,-2.4618,4.0000,96.0000,AG03-UNRESOLVED,ALL5_LEVELS_bet23_to_bet27,-2.4618,-2.4618,-2.4618,-2.4618,-2.4618,4.000000,4.000000,4.000000,4.000000,4.000000,96.000000,96.000000,96.000000,96.000000,96.000000,5.0,-12.3088,-11.3627,-49.2350,-50.1811,PENDING_AG03,FALSE,NOT_FOR_ENFORCEMENT,-59.0821,11128.5986,-61.5438,-59.0821,-2.4618,-0.00483390,-0.00464054,-2.4618,-59.0821,-0.00464054,-2.4618,-2.4618,-2.4618,-2.4618,-2.4618,-59.0821,-0.00464054,-12.3088,-11.3627,-49.2350,-50.1811,-0.00386712,-0.00394143,-0.00019336,11.5115,10.4908,-0.0557,-1.6196,-0.1061,335.0451,29.0789,,11.5115,8.4025,10.5412,11.0045,21.0824,22.009,42.1647,10.5412,0.0,2.087904,4.0,1.09205,30,155,25,3,0E-8,-0.00483390,,0E-8,0.000000,0.910505,0.000000,,2026-03-23,2026-06-20,38,580,415,90,0.422222,,,0.000000,,,,,,,,GLOBAL_BASELINE_NO_ENTITY_RANKING,,,NOT_APPLICABLE_GLOBAL_BASELINE,HF9g-P5,,,,X 全窗基线 · 不参与实体赏罚,3927913,393,A168_HF9F_20260827_0900,2026-08-27 09:00:00
2026-03-26,145898681,2141,0,81.4332247559,36.8650409367,36.8650409367,0.6666667,6,6,0.49547970000000000,0.495479700000,0.83867571210634,0.83867571210634,0.83867571210634,0E-17,ELIGIBLE,R03b_20260811_FULL_v1,L1_ELIGIBILITY,v2026-08-11,2026-03-21..2026-08-06,baccarat_bet02_101_all_pairs_incl_sentinel,round_win = game_pnl > 0 (decisive only),COMPATIBILITY_ONLY_NOT_PRODUCTION,12731.7143,11592.2902,-61.5438,1106,1105,0.00483390,,0.00483390,0.00483390,61.5438,12731.7143,OK,0.0000,-2.4618,4.0000,96.0000,AG03-UNRESOLVED,ALL5_LEVELS_bet23_to_bet27,-2.4618,-2.4618,-2.4618,-2.4618,-2.4618,4.000000,4.000000,4.000000,4.000000,4.000000,96.000000,96.000000,96.000000,96.000000,96.000000,5.0,-12.3088,-11.3627,-49.2350,-50.1811,PENDING_AG03,FALSE,NOT_FOR_ENFORCEMENT,-59.0821,11128.5986,-61.5438,-59.0821,-2.4618,-0.00483390,-0.00464054,-2.4618,-59.0821,-0.00464054,-2.4618,-2.4618,-2.4618,-2.4618,-2.4618,-59.0821,-0.00464054,-12.3088,-11.3627,-49.2350,-50.1811,-0.00386712,-0.00394143,-0.00019336,11.5115,10.4908,-0.0557,-1.6196,-0.1061,335.0451,29.0789,,11.5115,8.4025,10.5412,11.0045,21.0824,22.009,42.1647,10.5412,0.0,2.087904,4.0,1.09205,30,155,25,3,0E-8,-0.00483390,,0E-8,0.000000,0.910505,0.000000,,2026-03-23,2026-06-20,38,580,415,90,0.422222,,,0.000000,,,,,,,,GLOBAL_BASELINE_NO_ENTITY_RANKING,,,NOT_APPLICABLE_GLOBAL_BASELINE,HF9g-P5,,,,X 全窗基线 · 不参与实体赏罚,3927914,393,A168_HF9F_20260827_0900,2026-08-27 09:00:00
2026-03-26,145898681,2171,0,24.2098776301,24.2098776301,24.2098776301,1.0000000,2,2,0.49324550000000000,0.493245500000,1.4334489766152358,1.4334489766152358,1.4334489766152358,0E-17,ELIGIBLE,R03b_20260811_FULL_v1,L1_ELIGIBILITY,v2026-08-11,2026-03-21..2026-08-06,baccarat_bet02_101_all_pairs_incl_sentinel,round_win = game_pnl > 0 (decisive only),COMPATIBILITY_ONLY_NOT_PRODUCTION,12731.7143,11592.2902,-61.5438,1106,1105,0.00483390,,0.00483390,0.00483390,61.5438,12731.7143,OK,0.0000,-2.4618,4.0000,96.0000,AG03-UNRESOLVED,ALL5_LEVELS_bet23_to_bet27,-2.4618,-2.4618,-2.4618,-2.4618,-2.4618,4.000000,4.000000,4.000000,4.000000,4.000000,96.000000,96.000000,96.000000,96.000000,96.000000,5.0,-12.3088,-11.3627,-49.2350,-50.1811,PENDING_AG03,FALSE,NOT_FOR_ENFORCEMENT,-59.0821,11128.5986,-61.5438,-59.0821,-2.4618,-0.00483390,-0.00464054,-2.4618,-59.0821,-0.00464054,-2.4618,-2.4618,-2.4618,-2.4618,-2.4618,-59.0821,-0.00464054,-12.3088,-11.3627,-49.2350,-50.1811,-0.00386712,-0.00394143,-0.00019336,11.5115,10.4908,-0.0557,-1.6196,-0.1061,335.0451,29.0789,,11.5115,8.4025,10.5412,11.0045,21.0824,22.009,42.1647,10.5412,0.0,2.087904,4.0,1.09205,30,155,25,3,0E-8,-0.00483390,,0E-8,0.000000,0.910505,0.000000,,2026-03-23,2026-06-20,38,580,415,90,0.422222,,,0.000000,,,,,,,,GLOBAL_BASELINE_NO_ENTITY_RANKING,,,NOT_APPLICABLE_GLOBAL_BASELINE,HF9g-P5,,,,X 全窗基线 · 不参与实体赏罚,3927915,393,A168_HF9F_20260827_0900,2026-08-27 09:00:00
2026-03-26,145898681,2176,0,44.0179593274,0E-10,0E-10,0.5000000,2,2,0.49324550000000000,0.493245500000,0.01910635448239258,0.01910635448239258,0.01910635448239258,0E-17,ELIGIBLE,R03b_20260811_FULL_v1,L1_ELIGIBILITY,v2026-08-11,2026-03-21..2026-08-06,baccarat_bet02_101_all_pairs_incl_sentinel,round_win = game_pnl > 0 (decisive only),COMPATIBILITY_ONLY_NOT_PRODUCTION,12731.7143,11592.2902,-61.5438,1106,1105,0.00483390,,0.00483390,0.00483390,61.5438,12731.7143,OK,0.0000,-2.4618,4.0000,96.0000,AG03-UNRESOLVED,ALL5_LEVELS_bet23_to_bet27,-2.4618,-2.4618,-2.4618,-2.4618,-2.4618,4.000000,4.000000,4.000000,4.000000,4.000000,96.000000,96.000000,96.000000,96.000000,96.000000,5.0,-12.3088,-11.3627,-49.2350,-50.1811,PENDING_AG03,FALSE,NOT_FOR_ENFORCEMENT,-59.0821,11128.5986,-61.5438,-59.0821,-2.4618,-0.00483390,-0.00464054,-2.4618,-59.0821,-0.00464054,-2.4618,-2.4618,-2.4618,-2.4618,-2.4618,-59.0821,-0.00464054,-12.3088,-11.3627,-49.2350,-50.1811,-0.00386712,-0.00394143,-0.00019336,11.5115,10.4908,-0.0557,-1.6196,-0.1061,335.0451,29.0789,,11.5115,8.4025,10.5412,11.0045,21.0824,22.009,42.1647,10.5412,0.0,2.087904,4.0,1.09205,30,155,25,3,0E-8,-0.00483390,,0E-8,0.000000,0.910505,0.000000,,2026-03-23,2026-06-20,38,580,415,90,0.422222,,,0.000000,,,,,,,,GLOBAL_BASELINE_NO_ENTITY_RANKING,,,NOT_APPLICABLE_GLOBAL_BASELINE,HF9g-P5,,,,X 全窗基线 · 不参与实体赏罚,3927916,393,A168_HF9F_20260827_0900,2026-08-27 09:00:00
2026-03-26,145898681,2229,0,44.0179593274,-44.0179593274,-44.0179593274,0E-7,1,1,0.49324550000000000,0.493245500000,-0.9865810262130424,-0.9865810262130424,-0.9865810262130424,0E-17,ELIGIBLE,R03b_20260811_FULL_v1,L1_ELIGIBILITY,v2026-08-11,2026-03-21..2026-08-06,baccarat_bet02_101_all_pairs_incl_sentinel,round_win = game_pnl > 0 (decisive only),COMPATIBILITY_ONLY_NOT_PRODUCTION,12731.7143,11592.2902,-61.5438,1106,1105,0.00483390,,0.00483390,0.00483390,61.5438,12731.7143,OK,0.0000,-2.4618,4.0000,96.0000,AG03-UNRESOLVED,ALL5_LEVELS_bet23_to_bet27,-2.4618,-2.4618,-2.4618,-2.4618,-2.4618,4.000000,4.000000,4.000000,4.000000,4.000000,96.000000,96.000000,96.000000,96.000000,96.000000,5.0,-12.3088,-11.3627,-49.2350,-50.1811,PENDING_AG03,FALSE,NOT_FOR_ENFORCEMENT,-59.0821,11128.5986,-61.5438,-59.0821,-2.4618,-0.00483390,-0.00464054,-2.4618,-59.0821,-0.00464054,-2.4618,-2.4618,-2.4618,-2.4618,-2.4618,-59.0821,-0.00464054,-12.3088,-11.3627,-49.2350,-50.1811,-0.00386712,-0.00394143,-0.00019336,11.5115,10.4908,-0.0557,-1.6196,-0.1061,335.0451,29.0789,,11.5115,8.4025,10.5412,11.0045,21.0824,22.009,42.1647,10.5412,0.0,2.087904,4.0,1.09205,30,155,25,3,0E-8,-0.00483390,,0E-8,0.000000,0.910505,0.000000,,2026-03-23,2026-06-20,38,580,415,90,0.422222,,,0.000000,,,,,,,,GLOBAL_BASELINE_NO_ENTITY_RANKING,,,NOT_APPLICABLE_GLOBAL_BASELINE,HF9g-P5,,,,X 全窗基线 · 不参与实体赏罚,3927917,393,A168_HF9F_20260827_0900,2026-08-27 09:00:00
2026-03-26,145898681,2234,0,22.0089796637,-22.0089796637,-22.0089796637,0E-7,1,1,0.49324550000000000,0.493245500000,-0.9865810262130424,-0.9865810262130424,-0.9865810262130424,0E-17,ELIGIBLE,R03b_20260811_FULL_v1,L1_ELIGIBILITY,v2026-08-11,2026-03-21..2026-08-06,baccarat_bet02_101_all_pairs_incl_sentinel,round_win = game_pnl > 0 (decisive only),COMPATIBILITY_ONLY_NOT_PRODUCTION,12731.7143,11592.2902,-61.5438,1106,1105,0.00483390,,0.00483390,0.00483390,61.5438,12731.7143,OK,0.0000,-2.4618,4.0000,96.0000,AG03-UNRESOLVED,ALL5_LEVELS_bet23_to_bet27,-2.4618,-2.4618,-2.4618,-2.4618,-2.4618,4.000000,4.000000,4.000000,4.000000,4.000000,96.000000,96.000000,96.000000,96.000000,96.000000,5.0,-12.3088,-11.3627,-49.2350,-50.1811,PENDING_AG03,FALSE,NOT_FOR_ENFORCEMENT,-59.0821,11128.5986,-61.5438,-59.0821,-2.4618,-0.00483390,-0.00464054,-2.4618,-59.0821,-0.00464054,-2.4618,-2.4618,-2.4618,-2.4618,-2.4618,-59.0821,-0.00464054,-12.3088,-11.3627,-49.2350,-50.1811,-0.00386712,-0.00394143,-0.00019336,11.5115,10.4908,-0.0557,-1.6196,-0.1061,335.0451,29.0789,,11.5115,8.4025,10.5412,11.0045,21.0824,22.009,42.1647,10.5412,0.0,2.087904,4.0,1.09205,30,155,25,3,0E-8,-0.00483390,,0E-8,0.000000,0.910505,0.000000,,2026-03-23,2026-06-20,38,580,415,90,0.422222,,,0.000000,,,,,,,,GLOBAL_BASELINE_NO_ENTITY_RANKING,,,NOT_APPLICABLE_GLOBAL_BASELINE,HF9g-P5,,,,X 全窗基线 · 不参与实体赏罚,3927918,393,A168_HF9F_20260827_0900,2026-08-27 09:00:00
2026-03-26,145898681,2248,0,11.0044898319,0E-10,0E-10,,1,1,0.50665070000000000,0.506650700000,,,,0E-17,NO_DECISIVE_ROUND,R03b_20260811_FULL_v1,L1_ELIGIBILITY,v2026-08-11,2026-03-21..2026-08-06,baccarat_bet02_101_all_pairs_incl_sentinel,round_win = game_pnl > 0 (decisive only),COMPATIBILITY_ONLY_NOT_PRODUCTION,12731.7143,11592.2902,-61.5438,1106,1105,0.00483390,,0.00483390,0.00483390,61.5438,12731.7143,OK,0.0000,-2.4618,4.0000,96.0000,AG03-UNRESOLVED,ALL5_LEVELS_bet23_to_bet27,-2.4618,-2.4618,-2.4618,-2.4618,-2.4618,4.000000,4.000000,4.000000,4.000000,4.000000,96.000000,96.000000,96.000000,96.000000,96.000000,5.0,-12.3088,-11.3627,-49.2350,-50.1811,PENDING_AG03,FALSE,NOT_FOR_ENFORCEMENT,-59.0821,11128.5986,-61.5438,-59.0821,-2.4618,-0.00483390,-0.00464054,-2.4618,-59.0821,-0.00464054,-2.4618,-2.4618,-2.4618,-2.4618,-2.4618,-59.0821,-0.00464054,-12.3088,-11.3627,-49.2350,-50.1811,-0.00386712,-0.00394143,-0.00019336,11.5115,10.4908,-0.0557,-1.6196,-0.1061,335.0451,29.0789,,11.5115,8.4025,10.5412,11.0045,21.0824,22.009,42.1647,10.5412,0.0,2.087904,4.0,1.09205,30,155,25,3,0E-8,-0.00483390,,0E-8,0.000000,0.910505,0.000000,,2026-03-23,2026-06-20,38,580,415,90,0.422222,,,0.000000,,,,,,,,GLOBAL_BASELINE_NO_ENTITY_RANKING,,,NOT_APPLICABLE_GLOBAL_BASELINE,HF9g-P5,,,,X 全窗基线 · 不参与实体赏罚,3927919,393,A168_HF9F_20260827_0900,2026-08-27 09:00:00
2026-03-26,145898681,462,0,34.3340082754,12.3250286116,12.3250286116,0.5000000,2,2,0.49324550000000000,0.493245500000,0.01910635448239258,0.01910635448239258,0.01910635448239258,0E-17,ELIGIBLE,R03b_20260811_FULL_v1,L1_ELIGIBILITY,v2026-08-11,2026-03-21..2026-08-06,baccarat_bet02_101_all_pairs_incl_sentinel,round_win = game_pnl > 0 (decisive only),COMPATIBILITY_ONLY_NOT_PRODUCTION,12731.7143,11592.2902,-61.5438,1106,1105,0.00483390,,0.00483390,0.00483390,61.5438,12731.7143,OK,0.0000,-2.4618,4.0000,96.0000,AG03-UNRESOLVED,ALL5_LEVELS_bet23_to_bet27,-2.4618,-2.4618,-2.4618,-2.4618,-2.4618,4.000000,4.000000,4.000000,4.000000,4.000000,96.000000,96.000000,96.000000,96.000000,96.000000,5.0,-12.3088,-11.3627,-49.2350,-50.1811,PENDING_AG03,FALSE,NOT_FOR_ENFORCEMENT,-59.0821,11128.5986,-61.5438,-59.0821,-2.4618,-0.00483390,-0.00464054,-2.4618,-59.0821,-0.00464054,-2.4618,-2.4618,-2.4618,-2.4618,-2.4618,-59.0821,-0.00464054,-12.3088,-11.3627,-49.2350,-50.1811,-0.00386712,-0.00394143,-0.00019336,11.5115,10.4908,-0.0557,-1.6196,-0.1061,335.0451,29.0789,,11.5115,8.4025,10.5412,11.0045,21.0824,22.009,42.1647,10.5412,0.0,2.087904,4.0,1.09205,30,155,25,3,0E-8,-0.00483390,,0E-8,0.000000,0.910505,0.000000,,2026-03-23,2026-06-20,38,580,415,90,0.422222,,,0.000000,,,,,,,,GLOBAL_BASELINE_NO_ENTITY_RANKING,,,NOT_APPLICABLE_GLOBAL_BASELINE,HF9g-P5,,,,X 全窗基线 · 不参与实体赏罚,3927920,393,A168_HF9F_20260827_0900,2026-08-27 09:00:00
2026-03-26,145898681,986,0,99.0404084867,-55.0224491593,-55.0224491593,0E-7,4,4,0.49324550000000000,0.493245500000,-1.708808463184432,-1.7088084631844318,-1.708808463184432,0E-17,ELIGIBLE,R03b_20260811_FULL_v1,L1_ELIGIBILITY,v2026-08-11,2026-03-21..2026-08-06,baccarat_bet02_101_all_pairs_incl_sentinel,round_win = game_pnl > 0 (decisive only),COMPATIBILITY_ONLY_NOT_PRODUCTION,12731.7143,11592.2902,-61.5438,1106,1105,0.00483390,,0.00483390,0.00483390,61.5438,12731.7143,OK,0.0000,-2.4618,4.0000,96.0000,AG03-UNRESOLVED,ALL5_LEVELS_bet23_to_bet27,-2.4618,-2.4618,-2.4618,-2.4618,-2.4618,4.000000,4.000000,4.000000,4.000000,4.000000,96.000000,96.000000,96.000000,96.000000,96.000000,5.0,-12.3088,-11.3627,-49.2350,-50.1811,PENDING_AG03,FALSE,NOT_FOR_ENFORCEMENT,-59.0821,11128.5986,-61.5438,-59.0821,-2.4618,-0.00483390,-0.00464054,-2.4618,-59.0821,-0.00464054,-2.4618,-2.4618,-2.4618,-2.4618,-2.4618,-59.0821,-0.00464054,-12.3088,-11.3627,-49.2350,-50.1811,-0.00386712,-0.00394143,-0.00019336,11.5115,10.4908,-0.0557,-1.6196,-0.1061,335.0451,29.0789,,11.5115,8.4025,10.5412,11.0045,21.0824,22.009,42.1647,10.5412,0.0,2.087904,4.0,1.09205,30,155,25,3,0E-8,-0.00483390,,0E-8,0.000000,0.910505,0.000000,,2026-03-23,2026-06-20,38,580,415,90,0.422222,,,0.000000,,,,,,,,GLOBAL_BASELINE_NO_ENTITY_RANKING,,,NOT_APPLICABLE_GLOBAL_BASELINE,HF9g-P5,,,,X 全窗基线 · 不参与实体赏罚,3927921,393,A168_HF9F_20260827_0900,2026-08-27 09:00:00
2026-03-27,145898681,-1,1,11.0044898319,-11.0044898319,-11.0044898319,0E-7,1,1,0.49324550000000000,0.493245500000,-0.9865810262130424,-0.9865810262130424,-0.9865810262130424,0E-17,SENTINEL_DEALER,R03b_20260811_FULL_v1,L1_ELIGIBILITY,v2026-08-11,2026-03-21..2026-08-06,baccarat_bet02_101_all_pairs_incl_sentinel,round_win = game_pnl > 0 (decisive only),COMPATIBILITY_ONLY_NOT_PRODUCTION,12731.7143,11592.2902,-61.5438,1106,1105,0.00483390,,0.00483390,0.00483390,61.5438,12731.7143,OK,0.0000,-2.4618,4.0000,96.0000,AG03-UNRESOLVED,ALL5_LEVELS_bet23_to_bet27,-2.4618,-2.4618,-2.4618,-2.4618,-2.4618,4.000000,4.000000,4.000000,4.000000,4.000000,96.000000,96.000000,96.000000,96.000000,96.000000,5.0,-12.3088,-11.3627,-49.2350,-50.1811,PENDING_AG03,FALSE,NOT_FOR_ENFORCEMENT,-59.0821,11128.5986,-61.5438,-59.0821,-2.4618,-0.00483390,-0.00464054,-2.4618,-59.0821,-0.00464054,-2.4618,-2.4618,-2.4618,-2.4618,-2.4618,-59.0821,-0.00464054,-12.3088,-11.3627,-49.2350,-50.1811,-0.00386712,-0.00394143,-0.00019336,11.5115,10.4908,-0.0557,-1.6196,-0.1061,335.0451,29.0789,,11.5115,8.4025,10.5412,11.0045,21.0824,22.009,42.1647,10.5412,0.0,2.087904,4.0,1.09205,30,155,25,3,0E-8,-0.00483390,,0E-8,0.000000,0.910505,0.000000,,2026-03-23,2026-06-20,38,580,415,90,0.422222,,,0.000000,,,,,,,,GLOBAL_BASELINE_NO_ENTITY_RANKING,,,NOT_APPLICABLE_GLOBAL_BASELINE,HF9g-P5,,,,X 全窗基线 · 不参与实体赏罚,3927922,393,A168_HF9F_20260827_0900,2026-08-27 09:00:00
2026-03-27,145898681,1384,0,22.0089796638,22.0089796638,22.0089796638,1.0000000,2,2,0.49324550000000000,0.493245500000,1.4334489766152358,1.4334489766152358,1.4334489766152358,0E-17,ELIGIBLE,R03b_20260811_FULL_v1,L1_ELIGIBILITY,v2026-08-11,2026-03-21..2026-08-06,baccarat_bet02_101_all_pairs_incl_sentinel,round_win = game_pnl > 0 (decisive only),COMPATIBILITY_ONLY_NOT_PRODUCTION,12731.7143,11592.2902,-61.5438,1106,1105,0.00483390,,0.00483390,0.00483390,61.5438,12731.7143,OK,0.0000,-2.4618,4.0000,96.0000,AG03-UNRESOLVED,ALL5_LEVELS_bet23_to_bet27,-2.4618,-2.4618,-2.4618,-2.4618,-2.4618,4.000000,4.000000,4.000000,4.000000,4.000000,96.000000,96.000000,96.000000,96.000000,96.000000,5.0,-12.3088,-11.3627,-49.2350,-50.1811,PENDING_AG03,FALSE,NOT_FOR_ENFORCEMENT,-59.0821,11128.5986,-61.5438,-59.0821,-2.4618,-0.00483390,-0.00464054,-2.4618,-59.0821,-0.00464054,-2.4618,-2.4618,-2.4618,-2.4618,-2.4618,-59.0821,-0.00464054,-12.3088,-11.3627,-49.2350,-50.1811,-0.00386712,-0.00394143,-0.00019336,11.5115,10.4908,-0.0557,-1.6196,-0.1061,335.0451,29.0789,,11.5115,8.4025,10.5412,11.0045,21.0824,22.009,42.1647,10.5412,0.0,2.087904,4.0,1.09205,30,155,25,3,0E-8,-0.00483390,,0E-8,0.000000,0.910505,0.000000,,2026-03-23,2026-06-20,38,580,415,90,0.422222,,,0.000000,,,,,,,,GLOBAL_BASELINE_NO_ENTITY_RANKING,,,NOT_APPLICABLE_GLOBAL_BASELINE,HF9g-P5,,,,X 全窗基线 · 不参与实体赏罚,3927923,393,A168_HF9F_20260827_0900,2026-08-27 09:00:00
2026-03-27,145898681,1402,0,11.0044898319,11.0044898319,11.0044898319,1.0000000,1,1,0.49324550000000000,0.493245500000,1.01360149184955,1.01360149184955,1.01360149184955,0E-17,ELIGIBLE,R03b_20260811_FULL_v1,L1_ELIGIBILITY,v2026-08-11,2026-03-21..2026-08-06,baccarat_bet02_101_all_pairs_incl_sentinel,round_win = game_pnl > 0 (decisive only),COMPATIBILITY_ONLY_NOT_PRODUCTION,12731.7143,11592.2902,-61.5438,1106,1105,0.00483390,,0.00483390,0.00483390,61.5438,12731.7143,OK,0.0000,-2.4618,4.0000,96.0000,AG03-UNRESOLVED,ALL5_LEVELS_bet23_to_bet27,-2.4618,-2.4618,-2.4618,-2.4618,-2.4618,4.000000,4.000000,4.000000,4.000000,4.000000,96.000000,96.000000,96.000000,96.000000,96.000000,5.0,-12.3088,-11.3627,-49.2350,-50.1811,PENDING_AG03,FALSE,NOT_FOR_ENFORCEMENT,-59.0821,11128.5986,-61.5438,-59.0821,-2.4618,-0.00483390,-0.00464054,-2.4618,-59.0821,-0.00464054,-2.4618,-2.4618,-2.4618,-2.4618,-2.4618,-59.0821,-0.00464054,-12.3088,-11.3627,-49.2350,-50.1811,-0.00386712,-0.00394143,-0.00019336,11.5115,10.4908,-0.0557,-1.6196,-0.1061,335.0451,29.0789,,11.5115,8.4025,10.5412,11.0045,21.0824,22.009,42.1647,10.5412,0.0,2.087904,4.0,1.09205,30,155,25,3,0E-8,-0.00483390,,0E-8,0.000000,0.910505,0.000000,,2026-03-23,2026-06-20,38,580,415,90,0.422222,,,0.000000,,,,,,,,GLOBAL_BASELINE_NO_ENTITY_RANKING,,,NOT_APPLICABLE_GLOBAL_BASELINE,HF9g-P5,,,,X 全窗基线 · 不参与实体赏罚,3927924,393,A168_HF9F_20260827_0900,2026-08-27 09:00:00
2026-03-27,145898681,1491,0,33.0134694956,-11.0044898318,-11.0044898318,0.5000000,2,2,0.49324550000000000,0.493245500000,0.01910635448239258,0.01910635448239258,0.01910635448239258,0E-17,ELIGIBLE,R03b_20260811_FULL_v1,L1_ELIGIBILITY,v2026-08-11,2026-03-21..2026-08-06,baccarat_bet02_101_all_pairs_incl_sentinel,round_win = game_pnl > 0 (decisive only),COMPATIBILITY_ONLY_NOT_PRODUCTION,12731.7143,11592.2902,-61.5438,1106,1105,0.00483390,,0.00483390,0.00483390,61.5438,12731.7143,OK,0.0000,-2.4618,4.0000,96.0000,AG03-UNRESOLVED,ALL5_LEVELS_bet23_to_bet27,-2.4618,-2.4618,-2.4618,-2.4618,-2.4618,4.000000,4.000000,4.000000,4.000000,4.000000,96.000000,96.000000,96.000000,96.000000,96.000000,5.0,-12.3088,-11.3627,-49.2350,-50.1811,PENDING_AG03,FALSE,NOT_FOR_ENFORCEMENT,-59.0821,11128.5986,-61.5438,-59.0821,-2.4618,-0.00483390,-0.00464054,-2.4618,-59.0821,-0.00464054,-2.4618,-2.4618,-2.4618,-2.4618,-2.4618,-59.0821,-0.00464054,-12.3088,-11.3627,-49.2350,-50.1811,-0.00386712,-0.00394143,-0.00019336,11.5115,10.4908,-0.0557,-1.6196,-0.1061,335.0451,29.0789,,11.5115,8.4025,10.5412,11.0045,21.0824,22.009,42.1647,10.5412,0.0,2.087904,4.0,1.09205,30,155,25,3,0E-8,-0.00483390,,0E-8,0.000000,0.910505,0.000000,,2026-03-23,2026-06-20,38,580,415,90,0.422222,,,0.000000,,,,,,,,GLOBAL_BASELINE_NO_ENTITY_RANKING,,,NOT_APPLICABLE_GLOBAL_BASELINE,HF9g-P5,,,,X 全窗基线 · 不参与实体赏罚,3927925,393,A168_HF9F_20260827_0900,2026-08-27 09:00:00
2026-03-27,145898681,1714,0,22.0089796637,-22.0089796637,-22.0089796637,0E-7,1,1,0.49324550000000000,0.493245500000,-0.9865810262130424,-0.9865810262130424,-0.9865810262130424,0E-17,ELIGIBLE,R03b_20260811_FULL_v1,L1_ELIGIBILITY,v2026-08-11,2026-03-21..2026-08-06,baccarat_bet02_101_all_pairs_incl_sentinel,round_win = game_pnl > 0 (decisive only),COMPATIBILITY_ONLY_NOT_PRODUCTION,12731.7143,11592.2902,-61.5438,1106,1105,0.00483390,,0.00483390,0.00483390,61.5438,12731.7143,OK,0.0000,-2.4618,4.0000,96.0000,AG03-UNRESOLVED,ALL5_LEVELS_bet23_to_bet27,-2.4618,-2.4618,-2.4618,-2.4618,-2.4618,4.000000,4.000000,4.000000,4.000000,4.000000,96.000000,96.000000,96.000000,96.000000,96.000000,5.0,-12.3088,-11.3627,-49.2350,-50.1811,PENDING_AG03,FALSE,NOT_FOR_ENFORCEMENT,-59.0821,11128.5986,-61.5438,-59.0821,-2.4618,-0.00483390,-0.00464054,-2.4618,-59.0821,-0.00464054,-2.4618,-2.4618,-2.4618,-2.4618,-2.4618,-59.0821,-0.00464054,-12.3088,-11.3627,-49.2350,-50.1811,-0.00386712,-0.00394143,-0.00019336,11.5115,10.4908,-0.0557,-1.6196,-0.1061,335.0451,29.0789,,11.5115,8.4025,10.5412,11.0045,21.0824,22.009,42.1647,10.5412,0.0,2.087904,4.0,1.09205,30,155,25,3,0E-8,-0.00483390,,0E-8,0.000000,0.910505,0.000000,,2026-03-23,2026-06-20,38,580,415,90,0.422222,,,0.000000,,,,,,,,GLOBAL_BASELINE_NO_ENTITY_RANKING,,,NOT_APPLICABLE_GLOBAL_BASELINE,HF9g-P5,,,,X 全窗基线 · 不参与实体赏罚,3927926,393,A168_HF9F_20260827_0900,2026-08-27 09:00:00
2026-03-27,145898681,1951,0,22.0089796637,-22.0089796637,-22.0089796637,0E-7,1,1,0.49324550000000000,0.493245500000,-0.9865810262130424,-0.9865810262130424,-0.9865810262130424,0E-17,ELIGIBLE,R03b_20260811_FULL_v1,L1_ELIGIBILITY,v2026-08-11,2026-03-21..2026-08-06,baccarat_bet02_101_all_pairs_incl_sentinel,round_win = game_pnl > 0 (decisive only),COMPATIBILITY_ONLY_NOT_PRODUCTION,12731.7143,11592.2902,-61.5438,1106,1105,0.00483390,,0.00483390,0.00483390,61.5438,12731.7143,OK,0.0000,-2.4618,4.0000,96.0000,AG03-UNRESOLVED,ALL5_LEVELS_bet23_to_bet27,-2.4618,-2.4618,-2.4618,-2.4618,-2.4618,4.000000,4.000000,4.000000,4.000000,4.000000,96.000000,96.000000,96.000000,96.000000,96.000000,5.0,-12.3088,-11.3627,-49.2350,-50.1811,PENDING_AG03,FALSE,NOT_FOR_ENFORCEMENT,-59.0821,11128.5986,-61.5438,-59.0821,-2.4618,-0.00483390,-0.00464054,-2.4618,-59.0821,-0.00464054,-2.4618,-2.4618,-2.4618,-2.4618,-2.4618,-59.0821,-0.00464054,-12.3088,-11.3627,-49.2350,-50.1811,-0.00386712,-0.00394143,-0.00019336,11.5115,10.4908,-0.0557,-1.6196,-0.1061,335.0451,29.0789,,11.5115,8.4025,10.5412,11.0045,21.0824,22.009,42.1647,10.5412,0.0,2.087904,4.0,1.09205,30,155,25,3,0E-8,-0.00483390,,0E-8,0.000000,0.910505,0.000000,,2026-03-23,2026-06-20,38,580,415,90,0.422222,,,0.000000,,,,,,,,GLOBAL_BASELINE_NO_ENTITY_RANKING,,,NOT_APPLICABLE_GLOBAL_BASELINE,HF9g-P5,,,,X 全窗基线 · 不参与实体赏罚,3927927,393,A168_HF9F_20260827_0900,2026-08-27 09:00:00
2026-03-27,145898681,2127,0,22.0089796638,0E-10,0E-10,0.5000000,2,2,0.49324550000000000,0.493245500000,0.01910635448239258,0.01910635448239258,0.01910635448239258,0E-17,ELIGIBLE,R03b_20260811_FULL_v1,L1_ELIGIBILITY,v2026-08-11,2026-03-21..2026-08-06,baccarat_bet02_101_all_pairs_incl_sentinel,round_win = game_pnl > 0 (decisive only),COMPATIBILITY_ONLY_NOT_PRODUCTION,12731.7143,11592.2902,-61.5438,1106,1105,0.00483390,,0.00483390,0.00483390,61.5438,12731.7143,OK,0.0000,-2.4618,4.0000,96.0000,AG03-UNRESOLVED,ALL5_LEVELS_bet23_to_bet27,-2.4618,-2.4618,-2.4618,-2.4618,-2.4618,4.000000,4.000000,4.000000,4.000000,4.000000,96.000000,96.000000,96.000000,96.000000,96.000000,5.0,-12.3088,-11.3627,-49.2350,-50.1811,PENDING_AG03,FALSE,NOT_FOR_ENFORCEMENT,-59.0821,11128.5986,-61.5438,-59.0821,-2.4618,-0.00483390,-0.00464054,-2.4618,-59.0821,-0.00464054,-2.4618,-2.4618,-2.4618,-2.4618,-2.4618,-59.0821,-0.00464054,-12.3088,-11.3627,-49.2350,-50.1811,-0.00386712,-0.00394143,-0.00019336,11.5115,10.4908,-0.0557,-1.6196,-0.1061,335.0451,29.0789,,11.5115,8.4025,10.5412,11.0045,21.0824,22.009,42.1647,10.5412,0.0,2.087904,4.0,1.09205,30,155,25,3,0E-8,-0.00483390,,0E-8,0.000000,0.910505,0.000000,,2026-03-23,2026-06-20,38,580,415,90,0.422222,,,0.000000,,,,,,,,GLOBAL_BASELINE_NO_ENTITY_RANKING,,,NOT_APPLICABLE_GLOBAL_BASELINE,HF9g-P5,,,,X 全窗基线 · 不参与实体赏罚,3927928,393,A168_HF9F_20260827_0900,2026-08-27 09:00:00
2026-03-27,145898681,2153,0,22.0089796638,11.0044898319,11.0044898319,1.0000000,2,2,0.49324550000000000,0.493245500000,1.01360149184955,1.01360149184955,1.01360149184955,0E-17,ELIGIBLE,R03b_20260811_FULL_v1,L1_ELIGIBILITY,v2026-08-11,2026-03-21..2026-08-06,baccarat_bet02_101_all_pairs_incl_sentinel,round_win = game_pnl > 0 (decisive only),COMPATIBILITY_ONLY_NOT_PRODUCTION,12731.7143,11592.2902,-61.5438,1106,1105,0.00483390,,0.00483390,0.00483390,61.5438,12731.7143,OK,0.0000,-2.4618,4.0000,96.0000,AG03-UNRESOLVED,ALL5_LEVELS_bet23_to_bet27,-2.4618,-2.4618,-2.4618,-2.4618,-2.4618,4.000000,4.000000,4.000000,4.000000,4.000000,96.000000,96.000000,96.000000,96.000000,96.000000,5.0,-12.3088,-11.3627,-49.2350,-50.1811,PENDING_AG03,FALSE,NOT_FOR_ENFORCEMENT,-59.0821,11128.5986,-61.5438,-59.0821,-2.4618,-0.00483390,-0.00464054,-2.4618,-59.0821,-0.00464054,-2.4618,-2.4618,-2.4618,-2.4618,-2.4618,-59.0821,-0.00464054,-12.3088,-11.3627,-49.2350,-50.1811,-0.00386712,-0.00394143,-0.00019336,11.5115,10.4908,-0.0557,-1.6196,-0.1061,335.0451,29.0789,,11.5115,8.4025,10.5412,11.0045,21.0824,22.009,42.1647,10.5412,0.0,2.087904,4.0,1.09205,30,155,25,3,0E-8,-0.00483390,,0E-8,0.000000,0.910505,0.000000,,2026-03-23,2026-06-20,38,580,415,90,0.422222,,,0.000000,,,,,,,,GLOBAL_BASELINE_NO_ENTITY_RANKING,,,NOT_APPLICABLE_GLOBAL_BASELINE,HF9g-P5,,,,X 全窗基线 · 不参与实体赏罚,3927929,393,A168_HF9F_20260827_0900,2026-08-27 09:00:00
2026-03-27,145898681,2155,0,11.0044898319,-11.0044898319,-11.0044898319,0E-7,1,1,0.49324550000000000,0.493245500000,-0.9865810262130424,-0.9865810262130424,-0.9865810262130424,0E-17,ELIGIBLE,R03b_20260811_FULL_v1,L1_ELIGIBILITY,v2026-08-11,2026-03-21..2026-08-06,baccarat_bet02_101_all_pairs_incl_sentinel,round_win = game_pnl > 0 (decisive only),COMPATIBILITY_ONLY_NOT_PRODUCTION,12731.7143,11592.2902,-61.5438,1106,1105,0.00483390,,0.00483390,0.00483390,61.5438,12731.7143,OK,0.0000,-2.4618,4.0000,96.0000,AG03-UNRESOLVED,ALL5_LEVELS_bet23_to_bet27,-2.4618,-2.4618,-2.4618,-2.4618,-2.4618,4.000000,4.000000,4.000000,4.000000,4.000000,96.000000,96.000000,96.000000,96.000000,96.000000,5.0,-12.3088,-11.3627,-49.2350,-50.1811,PENDING_AG03,FALSE,NOT_FOR_ENFORCEMENT,-59.0821,11128.5986,-61.5438,-59.0821,-2.4618,-0.00483390,-0.00464054,-2.4618,-59.0821,-0.00464054,-2.4618,-2.4618,-2.4618,-2.4618,-2.4618,-59.0821,-0.00464054,-12.3088,-11.3627,-49.2350,-50.1811,-0.00386712,-0.00394143,-0.00019336,11.5115,10.4908,-0.0557,-1.6196,-0.1061,335.0451,29.0789,,11.5115,8.4025,10.5412,11.0045,21.0824,22.009,42.1647,10.5412,0.0,2.087904,4.0,1.09205,30,155,25,3,0E-8,-0.00483390,,0E-8,0.000000,0.910505,0.000000,,2026-03-23,2026-06-20,38,580,415,90,0.422222,,,0.000000,,,,,,,,GLOBAL_BASELINE_NO_ENTITY_RANKING,,,NOT_APPLICABLE_GLOBAL_BASELINE,HF9g-P5,,,,X 全窗基线 · 不参与实体赏罚,3927930,393,A168_HF9F_20260827_0900,2026-08-27 09:00:00
2026-03-27,145898681,2220,0,11.0044898319,-11.0044898319,-11.0044898319,0E-7,1,1,0.49324550000000000,0.493245500000,-0.9865810262130424,-0.9865810262130424,-0.9865810262130424,0E-17,ELIGIBLE,R03b_20260811_FULL_v1,L1_ELIGIBILITY,v2026-08-11,2026-03-21..2026-08-06,baccarat_bet02_101_all_pairs_incl_sentinel,round_win = game_pnl > 0 (decisive only),COMPATIBILITY_ONLY_NOT_PRODUCTION,12731.7143,11592.2902,-61.5438,1106,1105,0.00483390,,0.00483390,0.00483390,61.5438,12731.7143,OK,0.0000,-2.4618,4.0000,96.0000,AG03-UNRESOLVED,ALL5_LEVELS_bet23_to_bet27,-2.4618,-2.4618,-2.4618,-2.4618,-2.4618,4.000000,4.000000,4.000000,4.000000,4.000000,96.000000,96.000000,96.000000,96.000000,96.000000,5.0,-12.3088,-11.3627,-49.2350,-50.1811,PENDING_AG03,FALSE,NOT_FOR_ENFORCEMENT,-59.0821,11128.5986,-61.5438,-59.0821,-2.4618,-0.00483390,-0.00464054,-2.4618,-59.0821,-0.00464054,-2.4618,-2.4618,-2.4618,-2.4618,-2.4618,-59.0821,-0.00464054,-12.3088,-11.3627,-49.2350,-50.1811,-0.00386712,-0.00394143,-0.00019336,11.5115,10.4908,-0.0557,-1.6196,-0.1061,335.0451,29.0789,,11.5115,8.4025,10.5412,11.0045,21.0824,22.009,42.1647,10.5412,0.0,2.087904,4.0,1.09205,30,155,25,3,0E-8,-0.00483390,,0E-8,0.000000,0.910505,0.000000,,2026-03-23,2026-06-20,38,580,415,90,0.422222,,,0.000000,,,,,,,,GLOBAL_BASELINE_NO_ENTITY_RANKING,,,NOT_APPLICABLE_GLOBAL_BASELINE,HF9g-P5,,,,X 全窗基线 · 不参与实体赏罚,3927931,393,A168_HF9F_20260827_0900,2026-08-27 09:00:00
2026-03-27,145898681,2233,0,19.8080816974,19.8080816974,19.8080816974,1.0000000,2,2,0.49324550000000000,0.493245500000,1.4334489766152358,1.4334489766152358,1.4334489766152358,0E-17,ELIGIBLE,R03b_20260811_FULL_v1,L1_ELIGIBILITY,v2026-08-11,2026-03-21..2026-08-06,baccarat_bet02_101_all_pairs_incl_sentinel,round_win = game_pnl > 0 (decisive only),COMPATIBILITY_ONLY_NOT_PRODUCTION,12731.7143,11592.2902,-61.5438,1106,1105,0.00483390,,0.00483390,0.00483390,61.5438,12731.7143,OK,0.0000,-2.4618,4.0000,96.0000,AG03-UNRESOLVED,ALL5_LEVELS_bet23_to_bet27,-2.4618,-2.4618,-2.4618,-2.4618,-2.4618,4.000000,4.000000,4.000000,4.000000,4.000000,96.000000,96.000000,96.000000,96.000000,96.000000,5.0,-12.3088,-11.3627,-49.2350,-50.1811,PENDING_AG03,FALSE,NOT_FOR_ENFORCEMENT,-59.0821,11128.5986,-61.5438,-59.0821,-2.4618,-0.00483390,-0.00464054,-2.4618,-59.0821,-0.00464054,-2.4618,-2.4618,-2.4618,-2.4618,-2.4618,-59.0821,-0.00464054,-12.3088,-11.3627,-49.2350,-50.1811,-0.00386712,-0.00394143,-0.00019336,11.5115,10.4908,-0.0557,-1.6196,-0.1061,335.0451,29.0789,,11.5115,8.4025,10.5412,11.0045,21.0824,22.009,42.1647,10.5412,0.0,2.087904,4.0,1.09205,30,155,25,3,0E-8,-0.00483390,,0E-8,0.000000,0.910505,0.000000,,2026-03-23,2026-06-20,38,580,415,90,0.422222,,,0.000000,,,,,,,,GLOBAL_BASELINE_NO_ENTITY_RANKING,,,NOT_APPLICABLE_GLOBAL_BASELINE,HF9g-P5,,,,X 全窗基线 · 不参与实体赏罚,3927932,393,A168_HF9F_20260827_0900,2026-08-27 09:00:00
2026-03-27,145898681,2248,0,8.8035918655,4.4017959327,4.4017959327,0.5000000,2,2,0.49324550000000000,0.493245500000,0.01910635448239258,0.01910635448239258,0.01910635448239258,0E-17,ELIGIBLE,R03b_20260811_FULL_v1,L1_ELIGIBILITY,v2026-08-11,2026-03-21..2026-08-06,baccarat_bet02_101_all_pairs_incl_sentinel,round_win = game_pnl > 0 (decisive only),COMPATIBILITY_ONLY_NOT_PRODUCTION,12731.7143,11592.2902,-61.5438,1106,1105,0.00483390,,0.00483390,0.00483390,61.5438,12731.7143,OK,0.0000,-2.4618,4.0000,96.0000,AG03-UNRESOLVED,ALL5_LEVELS_bet23_to_bet27,-2.4618,-2.4618,-2.4618,-2.4618,-2.4618,4.000000,4.000000,4.000000,4.000000,4.000000,96.000000,96.000000,96.000000,96.000000,96.000000,5.0,-12.3088,-11.3627,-49.2350,-50.1811,PENDING_AG03,FALSE,NOT_FOR_ENFORCEMENT,-59.0821,11128.5986,-61.5438,-59.0821,-2.4618,-0.00483390,-0.00464054,-2.4618,-59.0821,-0.00464054,-2.4618,-2.4618,-2.4618,-2.4618,-2.4618,-59.0821,-0.00464054,-12.3088,-11.3627,-49.2350,-50.1811,-0.00386712,-0.00394143,-0.00019336,11.5115,10.4908,-0.0557,-1.6196,-0.1061,335.0451,29.0789,,11.5115,8.4025,10.5412,11.0045,21.0824,22.009,42.1647,10.5412,0.0,2.087904,4.0,1.09205,30,155,25,3,0E-8,-0.00483390,,0E-8,0.000000,0.910505,0.000000,,2026-03-23,2026-06-20,38,580,415,90,0.422222,,,0.000000,,,,,,,,GLOBAL_BASELINE_NO_ENTITY_RANKING,,,NOT_APPLICABLE_GLOBAL_BASELINE,HF9g-P5,,,,X 全窗基线 · 不参与实体赏罚,3927933,393,A168_HF9F_20260827_0900,2026-08-27 09:00:00
2026-03-27,145898681,2264,0,8.8035918655,0E-10,0E-10,,1,1,0.49324550000000000,0.493245500000,,,,0E-17,NO_DECISIVE_ROUND,R03b_20260811_FULL_v1,L1_ELIGIBILITY,v2026-08-11,2026-03-21..2026-08-06,baccarat_bet02_101_all_pairs_incl_sentinel,round_win = game_pnl > 0 (decisive only),COMPATIBILITY_ONLY_NOT_PRODUCTION,12731.7143,11592.2902,-61.5438,1106,1105,0.00483390,,0.00483390,0.00483390,61.5438,12731.7143,OK,0.0000,-2.4618,4.0000,96.0000,AG03-UNRESOLVED,ALL5_LEVELS_bet23_to_bet27,-2.4618,-2.4618,-2.4618,-2.4618,-2.4618,4.000000,4.000000,4.000000,4.000000,4.000000,96.000000,96.000000,96.000000,96.000000,96.000000,5.0,-12.3088,-11.3627,-49.2350,-50.1811,PENDING_AG03,FALSE,NOT_FOR_ENFORCEMENT,-59.0821,11128.5986,-61.5438,-59.0821,-2.4618,-0.00483390,-0.00464054,-2.4618,-59.0821,-0.00464054,-2.4618,-2.4618,-2.4618,-2.4618,-2.4618,-59.0821,-0.00464054,-12.3088,-11.3627,-49.2350,-50.1811,-0.00386712,-0.00394143,-0.00019336,11.5115,10.4908,-0.0557,-1.6196,-0.1061,335.0451,29.0789,,11.5115,8.4025,10.5412,11.0045,21.0824,22.009,42.1647,10.5412,0.0,2.087904,4.0,1.09205,30,155,25,3,0E-8,-0.00483390,,0E-8,0.000000,0.910505,0.000000,,2026-03-23,2026-06-20,38,580,415,90,0.422222,,,0.000000,,,,,,,,GLOBAL_BASELINE_NO_ENTITY_RANKING,,,NOT_APPLICABLE_GLOBAL_BASELINE,HF9g-P5,,,,X 全窗基线 · 不参与实体赏罚,3927934,393,A168_HF9F_20260827_0900,2026-08-27 09:00:00
2026-03-27,145898681,462,0,30.8125715292,4.4017959328,4.4017959328,0.6666667,3,3,0.49324550000000000,0.493245500000,0.6008033672792107,0.6008033672792106,0.6008033672792107,0E-17,ELIGIBLE,R03b_20260811_FULL_v1,L1_ELIGIBILITY,v2026-08-11,2026-03-21..2026-08-06,baccarat_bet02_101_all_pairs_incl_sentinel,round_win = game_pnl > 0 (decisive only),COMPATIBILITY_ONLY_NOT_PRODUCTION,12731.7143,11592.2902,-61.5438,1106,1105,0.00483390,,0.00483390,0.00483390,61.5438,12731.7143,OK,0.0000,-2.4618,4.0000,96.0000,AG03-UNRESOLVED,ALL5_LEVELS_bet23_to_bet27,-2.4618,-2.4618,-2.4618,-2.4618,-2.4618,4.000000,4.000000,4.000000,4.000000,4.000000,96.000000,96.000000,96.000000,96.000000,96.000000,5.0,-12.3088,-11.3627,-49.2350,-50.1811,PENDING_AG03,FALSE,NOT_FOR_ENFORCEMENT,-59.0821,11128.5986,-61.5438,-59.0821,-2.4618,-0.00483390,-0.00464054,-2.4618,-59.0821,-0.00464054,-2.4618,-2.4618,-2.4618,-2.4618,-2.4618,-59.0821,-0.00464054,-12.3088,-11.3627,-49.2350,-50.1811,-0.00386712,-0.00394143,-0.00019336,11.5115,10.4908,-0.0557,-1.6196,-0.1061,335.0451,29.0789,,11.5115,8.4025,10.5412,11.0045,21.0824,22.009,42.1647,10.5412,0.0,2.087904,4.0,1.09205,30,155,25,3,0E-8,-0.00483390,,0E-8,0.000000,0.910505,0.000000,,2026-03-23,2026-06-20,38,580,415,90,0.422222,,,0.000000,,,,,,,,GLOBAL_BASELINE_NO_ENTITY_RANKING,,,NOT_APPLICABLE_GLOBAL_BASELINE,HF9g-P5,,,,X 全窗基线 · 不参与实体赏罚,3927935,393,A168_HF9F_20260827_0900,2026-08-27 09:00:00
2026-03-27,145898681,925,0,11.0044898319,-11.0044898319,-11.0044898319,0E-7,1,1,0.49324550000000000,0.493245500000,-0.9865810262130424,-0.9865810262130424,-0.9865810262130424,0E-17,ELIGIBLE,R03b_20260811_FULL_v1,L1_ELIGIBILITY,v2026-08-11,2026-03-21..2026-08-06,baccarat_bet02_101_all_pairs_incl_sentinel,round_win = game_pnl > 0 (decisive only),COMPATIBILITY_ONLY_NOT_PRODUCTION,12731.7143,11592.2902,-61.5438,1106,1105,0.00483390,,0.00483390,0.00483390,61.5438,12731.7143,OK,0.0000,-2.4618,4.0000,96.0000,AG03-UNRESOLVED,ALL5_LEVELS_bet23_to_bet27,-2.4618,-2.4618,-2.4618,-2.4618,-2.4618,4.000000,4.000000,4.000000,4.000000,4.000000,96.000000,96.000000,96.000000,96.000000,96.000000,5.0,-12.3088,-11.3627,-49.2350,-50.1811,PENDING_AG03,FALSE,NOT_FOR_ENFORCEMENT,-59.0821,11128.5986,-61.5438,-59.0821,-2.4618,-0.00483390,-0.00464054,-2.4618,-59.0821,-0.00464054,-2.4618,-2.4618,-2.4618,-2.4618,-2.4618,-59.0821,-0.00464054,-12.3088,-11.3627,-49.2350,-50.1811,-0.00386712,-0.00394143,-0.00019336,11.5115,10.4908,-0.0557,-1.6196,-0.1061,335.0451,29.0789,,11.5115,8.4025,10.5412,11.0045,21.0824,22.009,42.1647,10.5412,0.0,2.087904,4.0,1.09205,30,155,25,3,0E-8,-0.00483390,,0E-8,0.000000,0.910505,0.000000,,2026-03-23,2026-06-20,38,580,415,90,0.422222,,,0.000000,,,,,,,,GLOBAL_BASELINE_NO_ENTITY_RANKING,,,NOT_APPLICABLE_GLOBAL_BASELINE,HF9g-P5,,,,X 全窗基线 · 不参与实体赏罚,3927936,393,A168_HF9F_20260827_0900,2026-08-27 09:00:00
2026-04-01,145898681,-1,1,12.6494212890,-4.2164737630,-4.2164737630,0E-7,2,2,0.49324550000000000,0.493245500000,-0.9865810262130424,-0.9865810262130424,-0.9865810262130424,0E-17,SENTINEL_DEALER,R03b_20260811_FULL_v1,L1_ELIGIBILITY,v2026-08-11,2026-03-21..2026-08-06,baccarat_bet02_101_all_pairs_incl_sentinel,round_win = game_pnl > 0 (decisive only),COMPATIBILITY_ONLY_NOT_PRODUCTION,12731.7143,11592.2902,-61.5438,1106,1105,0.00483390,,0.00483390,0.00483390,61.5438,12731.7143,OK,0.0000,-2.4618,4.0000,96.0000,AG03-UNRESOLVED,ALL5_LEVELS_bet23_to_bet27,-2.4618,-2.4618,-2.4618,-2.4618,-2.4618,4.000000,4.000000,4.000000,4.000000,4.000000,96.000000,96.000000,96.000000,96.000000,96.000000,5.0,-12.3088,-11.3627,-49.2350,-50.1811,PENDING_AG03,FALSE,NOT_FOR_ENFORCEMENT,-59.0821,11128.5986,-61.5438,-59.0821,-2.4618,-0.00483390,-0.00464054,-2.4618,-59.0821,-0.00464054,-2.4618,-2.4618,-2.4618,-2.4618,-2.4618,-59.0821,-0.00464054,-12.3088,-11.3627,-49.2350,-50.1811,-0.00386712,-0.00394143,-0.00019336,11.5115,10.4908,-0.0557,-1.6196,-0.1061,335.0451,29.0789,,11.5115,8.4025,10.5412,11.0045,21.0824,22.009,42.1647,10.5412,0.0,2.087904,4.0,1.09205,30,155,25,3,0E-8,-0.00483390,,0E-8,0.000000,0.910505,0.000000,,2026-03-23,2026-06-20,38,580,415,90,0.422222,,,0.000000,,,,,,,,GLOBAL_BASELINE_NO_ENTITY_RANKING,,,NOT_APPLICABLE_GLOBAL_BASELINE,HF9g-P5,,,,X 全窗基线 · 不参与实体赏罚,3927937,393,A168_HF9F_20260827_0900,2026-08-27 09:00:00
2026-04-01,145898681,1396,0,10.5411844075,2.1082368815,2.1082368815,0.5000000,2,2,0.49324550000000000,0.493245500000,0.01910635448239258,0.01910635448239258,0.01910635448239258,0E-17,ELIGIBLE,R03b_20260811_FULL_v1,L1_ELIGIBILITY,v2026-08-11,2026-03-21..2026-08-06,baccarat_bet02_101_all_pairs_incl_sentinel,round_win = game_pnl > 0 (decisive only),COMPATIBILITY_ONLY_NOT_PRODUCTION,12731.7143,11592.2902,-61.5438,1106,1105,0.00483390,,0.00483390,0.00483390,61.5438,12731.7143,OK,0.0000,-2.4618,4.0000,96.0000,AG03-UNRESOLVED,ALL5_LEVELS_bet23_to_bet27,-2.4618,-2.4618,-2.4618,-2.4618,-2.4618,4.000000,4.000000,4.000000,4.000000,4.000000,96.000000,96.000000,96.000000,96.000000,96.000000,5.0,-12.3088,-11.3627,-49.2350,-50.1811,PENDING_AG03,FALSE,NOT_FOR_ENFORCEMENT,-59.0821,11128.5986,-61.5438,-59.0821,-2.4618,-0.00483390,-0.00464054,-2.4618,-59.0821,-0.00464054,-2.4618,-2.4618,-2.4618,-2.4618,-2.4618,-59.0821,-0.00464054,-12.3088,-11.3627,-49.2350,-50.1811,-0.00386712,-0.00394143,-0.00019336,11.5115,10.4908,-0.0557,-1.6196,-0.1061,335.0451,29.0789,,11.5115,8.4025,10.5412,11.0045,21.0824,22.009,42.1647,10.5412,0.0,2.087904,4.0,1.09205,30,155,25,3,0E-8,-0.00483390,,0E-8,0.000000,0.910505,0.000000,,2026-03-23,2026-06-20,38,580,415,90,0.422222,,,0.000000,,,,,,,,GLOBAL_BASELINE_NO_ENTITY_RANKING,,,NOT_APPLICABLE_GLOBAL_BASELINE,HF9g-P5,,,,X 全窗基线 · 不参与实体赏罚,3927938,393,A168_HF9F_20260827_0900,2026-08-27 09:00:00
2026-04-01,145898681,2103,0,10.5411844075,-10.5411844075,-10.5411844075,0E-7,1,1,0.49324550000000000,0.493245500000,-0.9865810262130424,-0.9865810262130424,-0.9865810262130424,0E-17,ELIGIBLE,R03b_20260811_FULL_v1,L1_ELIGIBILITY,v2026-08-11,2026-03-21..2026-08-06,baccarat_bet02_101_all_pairs_incl_sentinel,round_win = game_pnl > 0 (decisive only),COMPATIBILITY_ONLY_NOT_PRODUCTION,12731.7143,11592.2902,-61.5438,1106,1105,0.00483390,,0.00483390,0.00483390,61.5438,12731.7143,OK,0.0000,-2.4618,4.0000,96.0000,AG03-UNRESOLVED,ALL5_LEVELS_bet23_to_bet27,-2.4618,-2.4618,-2.4618,-2.4618,-2.4618,4.000000,4.000000,4.000000,4.000000,4.000000,96.000000,96.000000,96.000000,96.000000,96.000000,5.0,-12.3088,-11.3627,-49.2350,-50.1811,PENDING_AG03,FALSE,NOT_FOR_ENFORCEMENT,-59.0821,11128.5986,-61.5438,-59.0821,-2.4618,-0.00483390,-0.00464054,-2.4618,-59.0821,-0.00464054,-2.4618,-2.4618,-2.4618,-2.4618,-2.4618,-59.0821,-0.00464054,-12.3088,-11.3627,-49.2350,-50.1811,-0.00386712,-0.00394143,-0.00019336,11.5115,10.4908,-0.0557,-1.6196,-0.1061,335.0451,29.0789,,11.5115,8.4025,10.5412,11.0045,21.0824,22.009,42.1647,10.5412,0.0,2.087904,4.0,1.09205,30,155,25,3,0E-8,-0.00483390,,0E-8,0.000000,0.910505,0.000000,,2026-03-23,2026-06-20,38,580,415,90,0.422222,,,0.000000,,,,,,,,GLOBAL_BASELINE_NO_ENTITY_RANKING,,,NOT_APPLICABLE_GLOBAL_BASELINE,HF9g-P5,,,,X 全窗基线 · 不参与实体赏罚,3927939,393,A168_HF9F_20260827_0900,2026-08-27 09:00:00
2026-04-01,145898681,2130,0,12.6494212890,4.2164737630,4.2164737630,0.5000000,2,2,0.49324550000000000,0.493245500000,0.01910635448239258,0.01910635448239258,0.01910635448239258,0E-17,ELIGIBLE,R03b_20260811_FULL_v1,L1_ELIGIBILITY,v2026-08-11,2026-03-21..2026-08-06,baccarat_bet02_101_all_pairs_incl_sentinel,round_win = game_pnl > 0 (decisive only),COMPATIBILITY_ONLY_NOT_PRODUCTION,12731.7143,11592.2902,-61.5438,1106,1105,0.00483390,,0.00483390,0.00483390,61.5438,12731.7143,OK,0.0000,-2.4618,4.0000,96.0000,AG03-UNRESOLVED,ALL5_LEVELS_bet23_to_bet27,-2.4618,-2.4618,-2.4618,-2.4618,-2.4618,4.000000,4.000000,4.000000,4.000000,4.000000,96.000000,96.000000,96.000000,96.000000,96.000000,5.0,-12.3088,-11.3627,-49.2350,-50.1811,PENDING_AG03,FALSE,NOT_FOR_ENFORCEMENT,-59.0821,11128.5986,-61.5438,-59.0821,-2.4618,-0.00483390,-0.00464054,-2.4618,-59.0821,-0.00464054,-2.4618,-2.4618,-2.4618,-2.4618,-2.4618,-59.0821,-0.00464054,-12.3088,-11.3627,-49.2350,-50.1811,-0.00386712,-0.00394143,-0.00019336,11.5115,10.4908,-0.0557,-1.6196,-0.1061,335.0451,29.0789,,11.5115,8.4025,10.5412,11.0045,21.0824,22.009,42.1647,10.5412,0.0,2.087904,4.0,1.09205,30,155,25,3,0E-8,-0.00483390,,0E-8,0.000000,0.910505,0.000000,,2026-03-23,2026-06-20,38,580,415,90,0.422222,,,0.000000,,,,,,,,GLOBAL_BASELINE_NO_ENTITY_RANKING,,,NOT_APPLICABLE_GLOBAL_BASELINE,HF9g-P5,,,,X 全窗基线 · 不参与实体赏罚,3927940,393,A168_HF9F_20260827_0900,2026-08-27 09:00:00
2026-04-01,145898681,2212,0,10.5411844075,-10.5411844075,-10.5411844075,0E-7,1,1,0.49324550000000000,0.493245500000,-0.9865810262130424,-0.9865810262130424,-0.9865810262130424,0E-17,ELIGIBLE,R03b_20260811_FULL_v1,L1_ELIGIBILITY,v2026-08-11,2026-03-21..2026-08-06,baccarat_bet02_101_all_pairs_incl_sentinel,round_win = game_pnl > 0 (decisive only),COMPATIBILITY_ONLY_NOT_PRODUCTION,12731.7143,11592.2902,-61.5438,1106,1105,0.00483390,,0.00483390,0.00483390,61.5438,12731.7143,OK,0.0000,-2.4618,4.0000,96.0000,AG03-UNRESOLVED,ALL5_LEVELS_bet23_to_bet27,-2.4618,-2.4618,-2.4618,-2.4618,-2.4618,4.000000,4.000000,4.000000,4.000000,4.000000,96.000000,96.000000,96.000000,96.000000,96.000000,5.0,-12.3088,-11.3627,-49.2350,-50.1811,PENDING_AG03,FALSE,NOT_FOR_ENFORCEMENT,-59.0821,11128.5986,-61.5438,-59.0821,-2.4618,-0.00483390,-0.00464054,-2.4618,-59.0821,-0.00464054,-2.4618,-2.4618,-2.4618,-2.4618,-2.4618,-59.0821,-0.00464054,-12.3088,-11.3627,-49.2350,-50.1811,-0.00386712,-0.00394143,-0.00019336,11.5115,10.4908,-0.0557,-1.6196,-0.1061,335.0451,29.0789,,11.5115,8.4025,10.5412,11.0045,21.0824,22.009,42.1647,10.5412,0.0,2.087904,4.0,1.09205,30,155,25,3,0E-8,-0.00483390,,0E-8,0.000000,0.910505,0.000000,,2026-03-23,2026-06-20,38,580,415,90,0.422222,,,0.000000,,,,,,,,GLOBAL_BASELINE_NO_ENTITY_RANKING,,,NOT_APPLICABLE_GLOBAL_BASELINE,HF9g-P5,,,,X 全窗基线 · 不参与实体赏罚,3927941,393,A168_HF9F_20260827_0900,2026-08-27 09:00:00
2026-04-01,145898681,2233,0,4.2164737630,0E-10,0E-10,,1,1,0.49324550000000000,0.493245500000,,,,0E-17,NO_DECISIVE_ROUND,R03b_20260811_FULL_v1,L1_ELIGIBILITY,v2026-08-11,2026-03-21..2026-08-06,baccarat_bet02_101_all_pairs_incl_sentinel,round_win = game_pnl > 0 (decisive only),COMPATIBILITY_ONLY_NOT_PRODUCTION,12731.7143,11592.2902,-61.5438,1106,1105,0.00483390,,0.00483390,0.00483390,61.5438,12731.7143,OK,0.0000,-2.4618,4.0000,96.0000,AG03-UNRESOLVED,ALL5_LEVELS_bet23_to_bet27,-2.4618,-2.4618,-2.4618,-2.4618,-2.4618,4.000000,4.000000,4.000000,4.000000,4.000000,96.000000,96.000000,96.000000,96.000000,96.000000,5.0,-12.3088,-11.3627,-49.2350,-50.1811,PENDING_AG03,FALSE,NOT_FOR_ENFORCEMENT,-59.0821,11128.5986,-61.5438,-59.0821,-2.4618,-0.00483390,-0.00464054,-2.4618,-59.0821,-0.00464054,-2.4618,-2.4618,-2.4618,-2.4618,-2.4618,-59.0821,-0.00464054,-12.3088,-11.3627,-49.2350,-50.1811,-0.00386712,-0.00394143,-0.00019336,11.5115,10.4908,-0.0557,-1.6196,-0.1061,335.0451,29.0789,,11.5115,8.4025,10.5412,11.0045,21.0824,22.009,42.1647,10.5412,0.0,2.087904,4.0,1.09205,30,155,25,3,0E-8,-0.00483390,,0E-8,0.000000,0.910505,0.000000,,2026-03-23,2026-06-20,38,580,415,90,0.422222,,,0.000000,,,,,,,,GLOBAL_BASELINE_NO_ENTITY_RANKING,,,NOT_APPLICABLE_GLOBAL_BASELINE,HF9g-P5,,,,X 全窗基线 · 不参与实体赏罚,3927942,393,A168_HF9F_20260827_0900,2026-08-27 09:00:00
2026-04-01,145898681,2258,0,12.6494212890,-12.6494212890,-12.6494212890,0E-7,1,1,0.49324550000000000,0.493245500000,-0.9865810262130424,-0.9865810262130424,-0.9865810262130424,0E-17,ELIGIBLE,R03b_20260811_FULL_v1,L1_ELIGIBILITY,v2026-08-11,2026-03-21..2026-08-06,baccarat_bet02_101_all_pairs_incl_sentinel,round_win = game_pnl > 0 (decisive only),COMPATIBILITY_ONLY_NOT_PRODUCTION,12731.7143,11592.2902,-61.5438,1106,1105,0.00483390,,0.00483390,0.00483390,61.5438,12731.7143,OK,0.0000,-2.4618,4.0000,96.0000,AG03-UNRESOLVED,ALL5_LEVELS_bet23_to_bet27,-2.4618,-2.4618,-2.4618,-2.4618,-2.4618,4.000000,4.000000,4.000000,4.000000,4.000000,96.000000,96.000000,96.000000,96.000000,96.000000,5.0,-12.3088,-11.3627,-49.2350,-50.1811,PENDING_AG03,FALSE,NOT_FOR_ENFORCEMENT,-59.0821,11128.5986,-61.5438,-59.0821,-2.4618,-0.00483390,-0.00464054,-2.4618,-59.0821,-0.00464054,-2.4618,-2.4618,-2.4618,-2.4618,-2.4618,-59.0821,-0.00464054,-12.3088,-11.3627,-49.2350,-50.1811,-0.00386712,-0.00394143,-0.00019336,11.5115,10.4908,-0.0557,-1.6196,-0.1061,335.0451,29.0789,,11.5115,8.4025,10.5412,11.0045,21.0824,22.009,42.1647,10.5412,0.0,2.087904,4.0,1.09205,30,155,25,3,0E-8,-0.00483390,,0E-8,0.000000,0.910505,0.000000,,2026-03-23,2026-06-20,38,580,415,90,0.422222,,,0.000000,,,,,,,,GLOBAL_BASELINE_NO_ENTITY_RANKING,,,NOT_APPLICABLE_GLOBAL_BASELINE,HF9g-P5,,,,X 全窗基线 · 不参与实体赏罚,3927943,393,A168_HF9F_20260827_0900,2026-08-27 09:00:00
2026-04-02,145898681,-1,1,46.3812113930,-14.7576581705,-14.7576581705,0.2500000,5,5,0.49324550000000000,0.493245500000,-0.9730707933947887,-0.9730707933947887,-0.9730707933947887,0E-17,SENTINEL_DEALER,R03b_20260811_FULL_v1,L1_ELIGIBILITY,v2026-08-11,2026-03-21..2026-08-06,baccarat_bet02_101_all_pairs_incl_sentinel,round_win = game_pnl > 0 (decisive only),COMPATIBILITY_ONLY_NOT_PRODUCTION,12731.7143,11592.2902,-61.5438,1106,1105,0.00483390,,0.00483390,0.00483390,61.5438,12731.7143,OK,0.0000,-2.4618,4.0000,96.0000,AG03-UNRESOLVED,ALL5_LEVELS_bet23_to_bet27,-2.4618,-2.4618,-2.4618,-2.4618,-2.4618,4.000000,4.000000,4.000000,4.000000,4.000000,96.000000,96.000000,96.000000,96.000000,96.000000,5.0,-12.3088,-11.3627,-49.2350,-50.1811,PENDING_AG03,FALSE,NOT_FOR_ENFORCEMENT,-59.0821,11128.5986,-61.5438,-59.0821,-2.4618,-0.00483390,-0.00464054,-2.4618,-59.0821,-0.00464054,-2.4618,-2.4618,-2.4618,-2.4618,-2.4618,-59.0821,-0.00464054,-12.3088,-11.3627,-49.2350,-50.1811,-0.00386712,-0.00394143,-0.00019336,11.5115,10.4908,-0.0557,-1.6196,-0.1061,335.0451,29.0789,,11.5115,8.4025,10.5412,11.0045,21.0824,22.009,42.1647,10.5412,0.0,2.087904,4.0,1.09205,30,155,25,3,0E-8,-0.00483390,,0E-8,0.000000,0.910505,0.000000,,2026-03-23,2026-06-20,38,580,415,90,0.422222,,,0.000000,,,,,,,,GLOBAL_BASELINE_NO_ENTITY_RANKING,,,NOT_APPLICABLE_GLOBAL_BASELINE,HF9g-P5,,,,X 全窗基线 · 不参与实体赏罚,3927944,393,A168_HF9F_20260827_0900,2026-08-27 09:00:00
2026-04-02,145898681,1205,0,10.5411844075,-10.5411844075,-10.5411844075,0E-7,1,1,0.49324550000000000,0.493245500000,-0.9865810262130424,-0.9865810262130424,-0.9865810262130424,0E-17,ELIGIBLE,R03b_20260811_FULL_v1,L1_ELIGIBILITY,v2026-08-11,2026-03-21..2026-08-06,baccarat_bet02_101_all_pairs_incl_sentinel,round_win = game_pnl > 0 (decisive only),COMPATIBILITY_ONLY_NOT_PRODUCTION,12731.7143,11592.2902,-61.5438,1106,1105,0.00483390,,0.00483390,0.00483390,61.5438,12731.7143,OK,0.0000,-2.4618,4.0000,96.0000,AG03-UNRESOLVED,ALL5_LEVELS_bet23_to_bet27,-2.4618,-2.4618,-2.4618,-2.4618,-2.4618,4.000000,4.000000,4.000000,4.000000,4.000000,96.000000,96.000000,96.000000,96.000000,96.000000,5.0,-12.3088,-11.3627,-49.2350,-50.1811,PENDING_AG03,FALSE,NOT_FOR_ENFORCEMENT,-59.0821,11128.5986,-61.5438,-59.0821,-2.4618,-0.00483390,-0.00464054,-2.4618,-59.0821,-0.00464054,-2.4618,-2.4618,-2.4618,-2.4618,-2.4618,-59.0821,-0.00464054,-12.3088,-11.3627,-49.2350,-50.1811,-0.00386712,-0.00394143,-0.00019336,11.5115,10.4908,-0.0557,-1.6196,-0.1061,335.0451,29.0789,,11.5115,8.4025,10.5412,11.0045,21.0824,22.009,42.1647,10.5412,0.0,2.087904,4.0,1.09205,30,155,25,3,0E-8,-0.00483390,,0E-8,0.000000,0.910505,0.000000,,2026-03-23,2026-06-20,38,580,415,90,0.422222,,,0.000000,,,,,,,,GLOBAL_BASELINE_NO_ENTITY_RANKING,,,NOT_APPLICABLE_GLOBAL_BASELINE,HF9g-P5,,,,X 全窗基线 · 不参与实体赏罚,3927945,393,A168_HF9F_20260827_0900,2026-08-27 09:00:00
2026-04-02,145898681,1302,0,42.1647376299,-42.1647376299,-42.1647376299,0E-7,1,1,0.49324550000000000,0.493245500000,-0.9865810262130424,-0.9865810262130424,-0.9865810262130424,0E-17,ELIGIBLE,R03b_20260811_FULL_v1,L1_ELIGIBILITY,v2026-08-11,2026-03-21..2026-08-06,baccarat_bet02_101_all_pairs_incl_sentinel,round_win = game_pnl > 0 (decisive only),COMPATIBILITY_ONLY_NOT_PRODUCTION,12731.7143,11592.2902,-61.5438,1106,1105,0.00483390,,0.00483390,0.00483390,61.5438,12731.7143,OK,0.0000,-2.4618,4.0000,96.0000,AG03-UNRESOLVED,ALL5_LEVELS_bet23_to_bet27,-2.4618,-2.4618,-2.4618,-2.4618,-2.4618,4.000000,4.000000,4.000000,4.000000,4.000000,96.000000,96.000000,96.000000,96.000000,96.000000,5.0,-12.3088,-11.3627,-49.2350,-50.1811,PENDING_AG03,FALSE,NOT_FOR_ENFORCEMENT,-59.0821,11128.5986,-61.5438,-59.0821,-2.4618,-0.00483390,-0.00464054,-2.4618,-59.0821,-0.00464054,-2.4618,-2.4618,-2.4618,-2.4618,-2.4618,-59.0821,-0.00464054,-12.3088,-11.3627,-49.2350,-50.1811,-0.00386712,-0.00394143,-0.00019336,11.5115,10.4908,-0.0557,-1.6196,-0.1061,335.0451,29.0789,,11.5115,8.4025,10.5412,11.0045,21.0824,22.009,42.1647,10.5412,0.0,2.087904,4.0,1.09205,30,155,25,3,0E-8,-0.00483390,,0E-8,0.000000,0.910505,0.000000,,2026-03-23,2026-06-20,38,580,415,90,0.422222,,,0.000000,,,,,,,,GLOBAL_BASELINE_NO_ENTITY_RANKING,,,NOT_APPLICABLE_GLOBAL_BASELINE,HF9g-P5,,,,X 全窗基线 · 不参与实体赏罚,3927946,393,A168_HF9F_20260827_0900,2026-08-27 09:00:00
2026-04-02,145898681,1304,0,10.5411844075,-10.5411844075,-10.5411844075,0E-7,1,1,0.49324550000000000,0.493245500000,-0.9865810262130424,-0.9865810262130424,-0.9865810262130424,0E-17,ELIGIBLE,R03b_20260811_FULL_v1,L1_ELIGIBILITY,v2026-08-11,2026-03-21..2026-08-06,baccarat_bet02_101_all_pairs_incl_sentinel,round_win = game_pnl > 0 (decisive only),COMPATIBILITY_ONLY_NOT_PRODUCTION,12731.7143,11592.2902,-61.5438,1106,1105,0.00483390,,0.00483390,0.00483390,61.5438,12731.7143,OK,0.0000,-2.4618,4.0000,96.0000,AG03-UNRESOLVED,ALL5_LEVELS_bet23_to_bet27,-2.4618,-2.4618,-2.4618,-2.4618,-2.4618,4.000000,4.000000,4.000000,4.000000,4.000000,96.000000,96.000000,96.000000,96.000000,96.000000,5.0,-12.3088,-11.3627,-49.2350,-50.1811,PENDING_AG03,FALSE,NOT_FOR_ENFORCEMENT,-59.0821,11128.5986,-61.5438,-59.0821,-2.4618,-0.00483390,-0.00464054,-2.4618,-59.0821,-0.00464054,-2.4618,-2.4618,-2.4618,-2.4618,-2.4618,-59.0821,-0.00464054,-12.3088,-11.3627,-49.2350,-50.1811,-0.00386712,-0.00394143,-0.00019336,11.5115,10.4908,-0.0557,-1.6196,-0.1061,335.0451,29.0789,,11.5115,8.4025,10.5412,11.0045,21.0824,22.009,42.1647,10.5412,0.0,2.087904,4.0,1.09205,30,155,25,3,0E-8,-0.00483390,,0E-8,0.000000,0.910505,0.000000,,2026-03-23,2026-06-20,38,580,415,90,0.422222,,,0.000000,,,,,,,,GLOBAL_BASELINE_NO_ENTITY_RANKING,,,NOT_APPLICABLE_GLOBAL_BASELINE,HF9g-P5,,,,X 全窗基线 · 不参与实体赏罚,3927947,393,A168_HF9F_20260827_0900,2026-08-27 09:00:00
2026-04-02,145898681,1353,0,21.0823688150,21.0823688150,21.0823688150,1.0000000,1,1,0.49324550000000000,0.493245500000,1.01360149184955,1.01360149184955,1.01360149184955,0E-17,ELIGIBLE,R03b_20260811_FULL_v1,L1_ELIGIBILITY,v2026-08-11,2026-03-21..2026-08-06,baccarat_bet02_101_all_pairs_incl_sentinel,round_win = game_pnl > 0 (decisive only),COMPATIBILITY_ONLY_NOT_PRODUCTION,12731.7143,11592.2902,-61.5438,1106,1105,0.00483390,,0.00483390,0.00483390,61.5438,12731.7143,OK,0.0000,-2.4618,4.0000,96.0000,AG03-UNRESOLVED,ALL5_LEVELS_bet23_to_bet27,-2.4618,-2.4618,-2.4618,-2.4618,-2.4618,4.000000,4.000000,4.000000,4.000000,4.000000,96.000000,96.000000,96.000000,96.000000,96.000000,5.0,-12.3088,-11.3627,-49.2350,-50.1811,PENDING_AG03,FALSE,NOT_FOR_ENFORCEMENT,-59.0821,11128.5986,-61.5438,-59.0821,-2.4618,-0.00483390,-0.00464054,-2.4618,-59.0821,-0.00464054,-2.4618,-2.4618,-2.4618,-2.4618,-2.4618,-59.0821,-0.00464054,-12.3088,-11.3627,-49.2350,-50.1811,-0.00386712,-0.00394143,-0.00019336,11.5115,10.4908,-0.0557,-1.6196,-0.1061,335.0451,29.0789,,11.5115,8.4025,10.5412,11.0045,21.0824,22.009,42.1647,10.5412,0.0,2.087904,4.0,1.09205,30,155,25,3,0E-8,-0.00483390,,0E-8,0.000000,0.910505,0.000000,,2026-03-23,2026-06-20,38,580,415,90,0.422222,,,0.000000,,,,,,,,GLOBAL_BASELINE_NO_ENTITY_RANKING,,,NOT_APPLICABLE_GLOBAL_BASELINE,HF9g-P5,,,,X 全窗基线 · 不参与实体赏罚,3927948,393,A168_HF9F_20260827_0900,2026-08-27 09:00:00
2026-04-02,145898681,1384,0,11.3844791601,-11.3844791601,-11.3844791601,0E-7,1,1,0.49324550000000000,0.493245500000,-0.9865810262130424,-0.9865810262130424,-0.9865810262130424,0E-17,ELIGIBLE,R03b_20260811_FULL_v1,L1_ELIGIBILITY,v2026-08-11,2026-03-21..2026-08-06,baccarat_bet02_101_all_pairs_incl_sentinel,round_win = game_pnl > 0 (decisive only),COMPATIBILITY_ONLY_NOT_PRODUCTION,12731.7143,11592.2902,-61.5438,1106,1105,0.00483390,,0.00483390,0.00483390,61.5438,12731.7143,OK,0.0000,-2.4618,4.0000,96.0000,AG03-UNRESOLVED,ALL5_LEVELS_bet23_to_bet27,-2.4618,-2.4618,-2.4618,-2.4618,-2.4618,4.000000,4.000000,4.000000,4.000000,4.000000,96.000000,96.000000,96.000000,96.000000,96.000000,5.0,-12.3088,-11.3627,-49.2350,-50.1811,PENDING_AG03,FALSE,NOT_FOR_ENFORCEMENT,-59.0821,11128.5986,-61.5438,-59.0821,-2.4618,-0.00483390,-0.00464054,-2.4618,-59.0821,-0.00464054,-2.4618,-2.4618,-2.4618,-2.4618,-2.4618,-59.0821,-0.00464054,-12.3088,-11.3627,-49.2350,-50.1811,-0.00386712,-0.00394143,-0.00019336,11.5115,10.4908,-0.0557,-1.6196,-0.1061,335.0451,29.0789,,11.5115,8.4025,10.5412,11.0045,21.0824,22.009,42.1647,10.5412,0.0,2.087904,4.0,1.09205,30,155,25,3,0E-8,-0.00483390,,0E-8,0.000000,0.910505,0.000000,,2026-03-23,2026-06-20,38,580,415,90,0.422222,,,0.000000,,,,,,,,GLOBAL_BASELINE_NO_ENTITY_RANKING,,,NOT_APPLICABLE_GLOBAL_BASELINE,HF9g-P5,,,,X 全窗基线 · 不参与实体赏罚,3927949,393,A168_HF9F_20260827_0900,2026-08-27 09:00:00
2026-04-02,145898681,1966,0,10.5411844075,-10.5411844075,-10.5411844075,0E-7,1,1,0.49324550000000000,0.493245500000,-0.9865810262130424,-0.9865810262130424,-0.9865810262130424,0E-17,ELIGIBLE,R03b_20260811_FULL_v1,L1_ELIGIBILITY,v2026-08-11,2026-03-21..2026-08-06,baccarat_bet02_101_all_pairs_incl_sentinel,round_win = game_pnl > 0 (decisive only),COMPATIBILITY_ONLY_NOT_PRODUCTION,12731.7143,11592.2902,-61.5438,1106,1105,0.00483390,,0.00483390,0.00483390,61.5438,12731.7143,OK,0.0000,-2.4618,4.0000,96.0000,AG03-UNRESOLVED,ALL5_LEVELS_bet23_to_bet27,-2.4618,-2.4618,-2.4618,-2.4618,-2.4618,4.000000,4.000000,4.000000,4.000000,4.000000,96.000000,96.000000,96.000000,96.000000,96.000000,5.0,-12.3088,-11.3627,-49.2350,-50.1811,PENDING_AG03,FALSE,NOT_FOR_ENFORCEMENT,-59.0821,11128.5986,-61.5438,-59.0821,-2.4618,-0.00483390,-0.00464054,-2.4618,-59.0821,-0.00464054,-2.4618,-2.4618,-2.4618,-2.4618,-2.4618,-59.0821,-0.00464054,-12.3088,-11.3627,-49.2350,-50.1811,-0.00386712,-0.00394143,-0.00019336,11.5115,10.4908,-0.0557,-1.6196,-0.1061,335.0451,29.0789,,11.5115,8.4025,10.5412,11.0045,21.0824,22.009,42.1647,10.5412,0.0,2.087904,4.0,1.09205,30,155,25,3,0E-8,-0.00483390,,0E-8,0.000000,0.910505,0.000000,,2026-03-23,2026-06-20,38,580,415,90,0.422222,,,0.000000,,,,,,,,GLOBAL_BASELINE_NO_ENTITY_RANKING,,,NOT_APPLICABLE_GLOBAL_BASELINE,HF9g-P5,,,,X 全窗基线 · 不参与实体赏罚,3927950,393,A168_HF9F_20260827_0900,2026-08-27 09:00:00
2026-04-02,145898681,2167,0,10.5411844075,-10.5411844075,-10.5411844075,0E-7,1,1,0.49324550000000000,0.493245500000,-0.9865810262130424,-0.9865810262130424,-0.9865810262130424,0E-17,ELIGIBLE,R03b_20260811_FULL_v1,L1_ELIGIBILITY,v2026-08-11,2026-03-21..2026-08-06,baccarat_bet02_101_all_pairs_incl_sentinel,round_win = game_pnl > 0 (decisive only),COMPATIBILITY_ONLY_NOT_PRODUCTION,12731.7143,11592.2902,-61.5438,1106,1105,0.00483390,,0.00483390,0.00483390,61.5438,12731.7143,OK,0.0000,-2.4618,4.0000,96.0000,AG03-UNRESOLVED,ALL5_LEVELS_bet23_to_bet27,-2.4618,-2.4618,-2.4618,-2.4618,-2.4618,4.000000,4.000000,4.000000,4.000000,4.000000,96.000000,96.000000,96.000000,96.000000,96.000000,5.0,-12.3088,-11.3627,-49.2350,-50.1811,PENDING_AG03,FALSE,NOT_FOR_ENFORCEMENT,-59.0821,11128.5986,-61.5438,-59.0821,-2.4618,-0.00483390,-0.00464054,-2.4618,-59.0821,-0.00464054,-2.4618,-2.4618,-2.4618,-2.4618,-2.4618,-59.0821,-0.00464054,-12.3088,-11.3627,-49.2350,-50.1811,-0.00386712,-0.00394143,-0.00019336,11.5115,10.4908,-0.0557,-1.6196,-0.1061,335.0451,29.0789,,11.5115,8.4025,10.5412,11.0045,21.0824,22.009,42.1647,10.5412,0.0,2.087904,4.0,1.09205,30,155,25,3,0E-8,-0.00483390,,0E-8,0.000000,0.910505,0.000000,,2026-03-23,2026-06-20,38,580,415,90,0.422222,,,0.000000,,,,,,,,GLOBAL_BASELINE_NO_ENTITY_RANKING,,,NOT_APPLICABLE_GLOBAL_BASELINE,HF9g-P5,,,,X 全窗基线 · 不参与实体赏罚,3927951,393,A168_HF9F_20260827_0900,2026-08-27 09:00:00
2026-04-02,145898681,2216,0,10.5411844075,10.5411844075,10.5411844075,1.0000000,1,1,0.49324550000000000,0.493245500000,1.01360149184955,1.01360149184955,1.01360149184955,0E-17,ELIGIBLE,R03b_20260811_FULL_v1,L1_ELIGIBILITY,v2026-08-11,2026-03-21..2026-08-06,baccarat_bet02_101_all_pairs_incl_sentinel,round_win = game_pnl > 0 (decisive only),COMPATIBILITY_ONLY_NOT_PRODUCTION,12731.7143,11592.2902,-61.5438,1106,1105,0.00483390,,0.00483390,0.00483390,61.5438,12731.7143,OK,0.0000,-2.4618,4.0000,96.0000,AG03-UNRESOLVED,ALL5_LEVELS_bet23_to_bet27,-2.4618,-2.4618,-2.4618,-2.4618,-2.4618,4.000000,4.000000,4.000000,4.000000,4.000000,96.000000,96.000000,96.000000,96.000000,96.000000,5.0,-12.3088,-11.3627,-49.2350,-50.1811,PENDING_AG03,FALSE,NOT_FOR_ENFORCEMENT,-59.0821,11128.5986,-61.5438,-59.0821,-2.4618,-0.00483390,-0.00464054,-2.4618,-59.0821,-0.00464054,-2.4618,-2.4618,-2.4618,-2.4618,-2.4618,-59.0821,-0.00464054,-12.3088,-11.3627,-49.2350,-50.1811,-0.00386712,-0.00394143,-0.00019336,11.5115,10.4908,-0.0557,-1.6196,-0.1061,335.0451,29.0789,,11.5115,8.4025,10.5412,11.0045,21.0824,22.009,42.1647,10.5412,0.0,2.087904,4.0,1.09205,30,155,25,3,0E-8,-0.00483390,,0E-8,0.000000,0.910505,0.000000,,2026-03-23,2026-06-20,38,580,415,90,0.422222,,,0.000000,,,,,,,,GLOBAL_BASELINE_NO_ENTITY_RANKING,,,NOT_APPLICABLE_GLOBAL_BASELINE,HF9g-P5,,,,X 全窗基线 · 不参与实体赏罚,3927952,393,A168_HF9F_20260827_0900,2026-08-27 09:00:00
2026-04-02,145898681,2223,0,52.7059220375,10.5411844075,10.5411844075,0.7500000,4,4,0.49324550000000000,0.493245500000,1.0271117246678039,1.0271117246678039,1.0271117246678039,0E-17,ELIGIBLE,R03b_20260811_FULL_v1,L1_ELIGIBILITY,v2026-08-11,2026-03-21..2026-08-06,baccarat_bet02_101_all_pairs_incl_sentinel,round_win = game_pnl > 0 (decisive only),COMPATIBILITY_ONLY_NOT_PRODUCTION,12731.7143,11592.2902,-61.5438,1106,1105,0.00483390,,0.00483390,0.00483390,61.5438,12731.7143,OK,0.0000,-2.4618,4.0000,96.0000,AG03-UNRESOLVED,ALL5_LEVELS_bet23_to_bet27,-2.4618,-2.4618,-2.4618,-2.4618,-2.4618,4.000000,4.000000,4.000000,4.000000,4.000000,96.000000,96.000000,96.000000,96.000000,96.000000,5.0,-12.3088,-11.3627,-49.2350,-50.1811,PENDING_AG03,FALSE,NOT_FOR_ENFORCEMENT,-59.0821,11128.5986,-61.5438,-59.0821,-2.4618,-0.00483390,-0.00464054,-2.4618,-59.0821,-0.00464054,-2.4618,-2.4618,-2.4618,-2.4618,-2.4618,-59.0821,-0.00464054,-12.3088,-11.3627,-49.2350,-50.1811,-0.00386712,-0.00394143,-0.00019336,11.5115,10.4908,-0.0557,-1.6196,-0.1061,335.0451,29.0789,,11.5115,8.4025,10.5412,11.0045,21.0824,22.009,42.1647,10.5412,0.0,2.087904,4.0,1.09205,30,155,25,3,0E-8,-0.00483390,,0E-8,0.000000,0.910505,0.000000,,2026-03-23,2026-06-20,38,580,415,90,0.422222,,,0.000000,,,,,,,,GLOBAL_BASELINE_NO_ENTITY_RANKING,,,NOT_APPLICABLE_GLOBAL_BASELINE,HF9g-P5,,,,X 全窗基线 · 不参与实体赏罚,3927953,393,A168_HF9F_20260827_0900,2026-08-27 09:00:00
2026-04-02,145898681,2266,0,42.1647376300,21.0823688150,21.0823688150,0.6666667,3,3,0.49324550000000000,0.493245500000,0.6008033672792107,0.6008033672792106,0.6008033672792107,0E-17,ELIGIBLE,R03b_20260811_FULL_v1,L1_ELIGIBILITY,v2026-08-11,2026-03-21..2026-08-06,baccarat_bet02_101_all_pairs_incl_sentinel,round_win = game_pnl > 0 (decisive only),COMPATIBILITY_ONLY_NOT_PRODUCTION,12731.7143,11592.2902,-61.5438,1106,1105,0.00483390,,0.00483390,0.00483390,61.5438,12731.7143,OK,0.0000,-2.4618,4.0000,96.0000,AG03-UNRESOLVED,ALL5_LEVELS_bet23_to_bet27,-2.4618,-2.4618,-2.4618,-2.4618,-2.4618,4.000000,4.000000,4.000000,4.000000,4.000000,96.000000,96.000000,96.000000,96.000000,96.000000,5.0,-12.3088,-11.3627,-49.2350,-50.1811,PENDING_AG03,FALSE,NOT_FOR_ENFORCEMENT,-59.0821,11128.5986,-61.5438,-59.0821,-2.4618,-0.00483390,-0.00464054,-2.4618,-59.0821,-0.00464054,-2.4618,-2.4618,-2.4618,-2.4618,-2.4618,-59.0821,-0.00464054,-12.3088,-11.3627,-49.2350,-50.1811,-0.00386712,-0.00394143,-0.00019336,11.5115,10.4908,-0.0557,-1.6196,-0.1061,335.0451,29.0789,,11.5115,8.4025,10.5412,11.0045,21.0824,22.009,42.1647,10.5412,0.0,2.087904,4.0,1.09205,30,155,25,3,0E-8,-0.00483390,,0E-8,0.000000,0.910505,0.000000,,2026-03-23,2026-06-20,38,580,415,90,0.422222,,,0.000000,,,,,,,,GLOBAL_BASELINE_NO_ENTITY_RANKING,,,NOT_APPLICABLE_GLOBAL_BASELINE,HF9g-P5,,,,X 全窗基线 · 不参与实体赏罚,3927954,393,A168_HF9F_20260827_0900,2026-08-27 09:00:00
2026-04-02,145898681,752,0,8.4329475260,0E-10,0E-10,0.5000000,2,2,0.49324550000000000,0.493245500000,0.01910635448239258,0.01910635448239258,0.01910635448239258,0E-17,ELIGIBLE,R03b_20260811_FULL_v1,L1_ELIGIBILITY,v2026-08-11,2026-03-21..2026-08-06,baccarat_bet02_101_all_pairs_incl_sentinel,round_win = game_pnl > 0 (decisive only),COMPATIBILITY_ONLY_NOT_PRODUCTION,12731.7143,11592.2902,-61.5438,1106,1105,0.00483390,,0.00483390,0.00483390,61.5438,12731.7143,OK,0.0000,-2.4618,4.0000,96.0000,AG03-UNRESOLVED,ALL5_LEVELS_bet23_to_bet27,-2.4618,-2.4618,-2.4618,-2.4618,-2.4618,4.000000,4.000000,4.000000,4.000000,4.000000,96.000000,96.000000,96.000000,96.000000,96.000000,5.0,-12.3088,-11.3627,-49.2350,-50.1811,PENDING_AG03,FALSE,NOT_FOR_ENFORCEMENT,-59.0821,11128.5986,-61.5438,-59.0821,-2.4618,-0.00483390,-0.00464054,-2.4618,-59.0821,-0.00464054,-2.4618,-2.4618,-2.4618,-2.4618,-2.4618,-59.0821,-0.00464054,-12.3088,-11.3627,-49.2350,-50.1811,-0.00386712,-0.00394143,-0.00019336,11.5115,10.4908,-0.0557,-1.6196,-0.1061,335.0451,29.0789,,11.5115,8.4025,10.5412,11.0045,21.0824,22.009,42.1647,10.5412,0.0,2.087904,4.0,1.09205,30,155,25,3,0E-8,-0.00483390,,0E-8,0.000000,0.910505,0.000000,,2026-03-23,2026-06-20,38,580,415,90,0.422222,,,0.000000,,,,,,,,GLOBAL_BASELINE_NO_ENTITY_RANKING,,,NOT_APPLICABLE_GLOBAL_BASELINE,HF9g-P5,,,,X 全窗基线 · 不参与实体赏罚,3927955,393,A168_HF9F_20260827_0900,2026-08-27 09:00:00
2026-04-02,145898681,970,0,16.8658950520,-16.8658950520,-16.8658950520,0E-7,2,2,0.49324550000000000,0.493245500000,-1.3952362676504506,-1.3952362676504506,-1.3952362676504506,0E-17,ELIGIBLE,R03b_20260811_FULL_v1,L1_ELIGIBILITY,v2026-08-11,2026-03-21..2026-08-06,baccarat_bet02_101_all_pairs_incl_sentinel,round_win = game_pnl > 0 (decisive only),COMPATIBILITY_ONLY_NOT_PRODUCTION,12731.7143,11592.2902,-61.5438,1106,1105,0.00483390,,0.00483390,0.00483390,61.5438,12731.7143,OK,0.0000,-2.4618,4.0000,96.0000,AG03-UNRESOLVED,ALL5_LEVELS_bet23_to_bet27,-2.4618,-2.4618,-2.4618,-2.4618,-2.4618,4.000000,4.000000,4.000000,4.000000,4.000000,96.000000,96.000000,96.000000,96.000000,96.000000,5.0,-12.3088,-11.3627,-49.2350,-50.1811,PENDING_AG03,FALSE,NOT_FOR_ENFORCEMENT,-59.0821,11128.5986,-61.5438,-59.0821,-2.4618,-0.00483390,-0.00464054,-2.4618,-59.0821,-0.00464054,-2.4618,-2.4618,-2.4618,-2.4618,-2.4618,-59.0821,-0.00464054,-12.3088,-11.3627,-49.2350,-50.1811,-0.00386712,-0.00394143,-0.00019336,11.5115,10.4908,-0.0557,-1.6196,-0.1061,335.0451,29.0789,,11.5115,8.4025,10.5412,11.0045,21.0824,22.009,42.1647,10.5412,0.0,2.087904,4.0,1.09205,30,155,25,3,0E-8,-0.00483390,,0E-8,0.000000,0.910505,0.000000,,2026-03-23,2026-06-20,38,580,415,90,0.422222,,,0.000000,,,,,,,,GLOBAL_BASELINE_NO_ENTITY_RANKING,,,NOT_APPLICABLE_GLOBAL_BASELINE,HF9g-P5,,,,X 全窗基线 · 不参与实体赏罚,3927956,393,A168_HF9F_20260827_0900,2026-08-27 09:00:00
2026-04-03,145898681,-1,1,21.0823688150,-21.0823688150,-21.0823688150,0E-7,2,2,0.49324550000000000,0.493245500000,-1.3952362676504506,-1.3952362676504506,-1.3952362676504506,0E-17,SENTINEL_DEALER,R03b_20260811_FULL_v1,L1_ELIGIBILITY,v2026-08-11,2026-03-21..2026-08-06,baccarat_bet02_101_all_pairs_incl_sentinel,round_win = game_pnl > 0 (decisive only),COMPATIBILITY_ONLY_NOT_PRODUCTION,12731.7143,11592.2902,-61.5438,1106,1105,0.00483390,,0.00483390,0.00483390,61.5438,12731.7143,OK,0.0000,-2.4618,4.0000,96.0000,AG03-UNRESOLVED,ALL5_LEVELS_bet23_to_bet27,-2.4618,-2.4618,-2.4618,-2.4618,-2.4618,4.000000,4.000000,4.000000,4.000000,4.000000,96.000000,96.000000,96.000000,96.000000,96.000000,5.0,-12.3088,-11.3627,-49.2350,-50.1811,PENDING_AG03,FALSE,NOT_FOR_ENFORCEMENT,-59.0821,11128.5986,-61.5438,-59.0821,-2.4618,-0.00483390,-0.00464054,-2.4618,-59.0821,-0.00464054,-2.4618,-2.4618,-2.4618,-2.4618,-2.4618,-59.0821,-0.00464054,-12.3088,-11.3627,-49.2350,-50.1811,-0.00386712,-0.00394143,-0.00019336,11.5115,10.4908,-0.0557,-1.6196,-0.1061,335.0451,29.0789,,11.5115,8.4025,10.5412,11.0045,21.0824,22.009,42.1647,10.5412,0.0,2.087904,4.0,1.09205,30,155,25,3,0E-8,-0.00483390,,0E-8,0.000000,0.910505,0.000000,,2026-03-23,2026-06-20,38,580,415,90,0.422222,,,0.000000,,,,,,,,GLOBAL_BASELINE_NO_ENTITY_RANKING,,,NOT_APPLICABLE_GLOBAL_BASELINE,HF9g-P5,,,,X 全窗基线 · 不参与实体赏罚,3927957,393,A168_HF9F_20260827_0900,2026-08-27 09:00:00
2026-04-03,145898681,1210,0,14.7576581705,-14.7576581705,-14.7576581705,0E-7,2,2,0.49324550000000000,0.493245500000,-1.3952362676504506,-1.3952362676504506,-1.3952362676504506,0E-17,ELIGIBLE,R03b_20260811_FULL_v1,L1_ELIGIBILITY,v2026-08-11,2026-03-21..2026-08-06,baccarat_bet02_101_all_pairs_incl_sentinel,round_win = game_pnl > 0 (decisive only),COMPATIBILITY_ONLY_NOT_PRODUCTION,12731.7143,11592.2902,-61.5438,1106,1105,0.00483390,,0.00483390,0.00483390,61.5438,12731.7143,OK,0.0000,-2.4618,4.0000,96.0000,AG03-UNRESOLVED,ALL5_LEVELS_bet23_to_bet27,-2.4618,-2.4618,-2.4618,-2.4618,-2.4618,4.000000,4.000000,4.000000,4.000000,4.000000,96.000000,96.000000,96.000000,96.000000,96.000000,5.0,-12.3088,-11.3627,-49.2350,-50.1811,PENDING_AG03,FALSE,NOT_FOR_ENFORCEMENT,-59.0821,11128.5986,-61.5438,-59.0821,-2.4618,-0.00483390,-0.00464054,-2.4618,-59.0821,-0.00464054,-2.4618,-2.4618,-2.4618,-2.4618,-2.4618,-59.0821,-0.00464054,-12.3088,-11.3627,-49.2350,-50.1811,-0.00386712,-0.00394143,-0.00019336,11.5115,10.4908,-0.0557,-1.6196,-0.1061,335.0451,29.0789,,11.5115,8.4025,10.5412,11.0045,21.0824,22.009,42.1647,10.5412,0.0,2.087904,4.0,1.09205,30,155,25,3,0E-8,-0.00483390,,0E-8,0.000000,0.910505,0.000000,,2026-03-23,2026-06-20,38,580,415,90,0.422222,,,0.000000,,,,,,,,GLOBAL_BASELINE_NO_ENTITY_RANKING,,,NOT_APPLICABLE_GLOBAL_BASELINE,HF9g-P5,,,,X 全窗基线 · 不参与实体赏罚,3927958,393,A168_HF9F_20260827_0900,2026-08-27 09:00:00
2026-04-03,145898681,1382,0,4.2164737630,-4.2164737630,-4.2164737630,0E-7,1,1,0.49324550000000000,0.493245500000,-0.9865810262130424,-0.9865810262130424,-0.9865810262130424,0E-17,ELIGIBLE,R03b_20260811_FULL_v1,L1_ELIGIBILITY,v2026-08-11,2026-03-21..2026-08-06,baccarat_bet02_101_all_pairs_incl_sentinel,round_win = game_pnl > 0 (decisive only),COMPATIBILITY_ONLY_NOT_PRODUCTION,12731.7143,11592.2902,-61.5438,1106,1105,0.00483390,,0.00483390,0.00483390,61.5438,12731.7143,OK,0.0000,-2.4618,4.0000,96.0000,AG03-UNRESOLVED,ALL5_LEVELS_bet23_to_bet27,-2.4618,-2.4618,-2.4618,-2.4618,-2.4618,4.000000,4.000000,4.000000,4.000000,4.000000,96.000000,96.000000,96.000000,96.000000,96.000000,5.0,-12.3088,-11.3627,-49.2350,-50.1811,PENDING_AG03,FALSE,NOT_FOR_ENFORCEMENT,-59.0821,11128.5986,-61.5438,-59.0821,-2.4618,-0.00483390,-0.00464054,-2.4618,-59.0821,-0.00464054,-2.4618,-2.4618,-2.4618,-2.4618,-2.4618,-59.0821,-0.00464054,-12.3088,-11.3627,-49.2350,-50.1811,-0.00386712,-0.00394143,-0.00019336,11.5115,10.4908,-0.0557,-1.6196,-0.1061,335.0451,29.0789,,11.5115,8.4025,10.5412,11.0045,21.0824,22.009,42.1647,10.5412,0.0,2.087904,4.0,1.09205,30,155,25,3,0E-8,-0.00483390,,0E-8,0.000000,0.910505,0.000000,,2026-03-23,2026-06-20,38,580,415,90,0.422222,,,0.000000,,,,,,,,GLOBAL_BASELINE_NO_ENTITY_RANKING,,,NOT_APPLICABLE_GLOBAL_BASELINE,HF9g-P5,,,,X 全窗基线 · 不参与实体赏罚,3927959,393,A168_HF9F_20260827_0900,2026-08-27 09:00:00
2026-04-03,145898681,1623,0,16.8658950520,12.6494212890,12.6494212890,1.0000000,3,3,0.49324550000000000,0.493245500000,1.4334489766152358,1.4334489766152358,1.4334489766152358,0E-17,ELIGIBLE,R03b_20260811_FULL_v1,L1_ELIGIBILITY,v2026-08-11,2026-03-21..2026-08-06,baccarat_bet02_101_all_pairs_incl_sentinel,round_win = game_pnl > 0 (decisive only),COMPATIBILITY_ONLY_NOT_PRODUCTION,12731.7143,11592.2902,-61.5438,1106,1105,0.00483390,,0.00483390,0.00483390,61.5438,12731.7143,OK,0.0000,-2.4618,4.0000,96.0000,AG03-UNRESOLVED,ALL5_LEVELS_bet23_to_bet27,-2.4618,-2.4618,-2.4618,-2.4618,-2.4618,4.000000,4.000000,4.000000,4.000000,4.000000,96.000000,96.000000,96.000000,96.000000,96.000000,5.0,-12.3088,-11.3627,-49.2350,-50.1811,PENDING_AG03,FALSE,NOT_FOR_ENFORCEMENT,-59.0821,11128.5986,-61.5438,-59.0821,-2.4618,-0.00483390,-0.00464054,-2.4618,-59.0821,-0.00464054,-2.4618,-2.4618,-2.4618,-2.4618,-2.4618,-59.0821,-0.00464054,-12.3088,-11.3627,-49.2350,-50.1811,-0.00386712,-0.00394143,-0.00019336,11.5115,10.4908,-0.0557,-1.6196,-0.1061,335.0451,29.0789,,11.5115,8.4025,10.5412,11.0045,21.0824,22.009,42.1647,10.5412,0.0,2.087904,4.0,1.09205,30,155,25,3,0E-8,-0.00483390,,0E-8,0.000000,0.910505,0.000000,,2026-03-23,2026-06-20,38,580,415,90,0.422222,,,0.000000,,,,,,,,GLOBAL_BASELINE_NO_ENTITY_RANKING,,,NOT_APPLICABLE_GLOBAL_BASELINE,HF9g-P5,,,,X 全窗基线 · 不参与实体赏罚,3927960,393,A168_HF9F_20260827_0900,2026-08-27 09:00:00
2026-04-03,145898681,1957,0,10.5411844075,10.5411844075,10.5411844075,1.0000000,1,1,0.49324550000000000,0.493245500000,1.01360149184955,1.01360149184955,1.01360149184955,0E-17,ELIGIBLE,R03b_20260811_FULL_v1,L1_ELIGIBILITY,v2026-08-11,2026-03-21..2026-08-06,baccarat_bet02_101_all_pairs_incl_sentinel,round_win = game_pnl > 0 (decisive only),COMPATIBILITY_ONLY_NOT_PRODUCTION,12731.7143,11592.2902,-61.5438,1106,1105,0.00483390,,0.00483390,0.00483390,61.5438,12731.7143,OK,0.0000,-2.4618,4.0000,96.0000,AG03-UNRESOLVED,ALL5_LEVELS_bet23_to_bet27,-2.4618,-2.4618,-2.4618,-2.4618,-2.4618,4.000000,4.000000,4.000000,4.000000,4.000000,96.000000,96.000000,96.000000,96.000000,96.000000,5.0,-12.3088,-11.3627,-49.2350,-50.1811,PENDING_AG03,FALSE,NOT_FOR_ENFORCEMENT,-59.0821,11128.5986,-61.5438,-59.0821,-2.4618,-0.00483390,-0.00464054,-2.4618,-59.0821,-0.00464054,-2.4618,-2.4618,-2.4618,-2.4618,-2.4618,-59.0821,-0.00464054,-12.3088,-11.3627,-49.2350,-50.1811,-0.00386712,-0.00394143,-0.00019336,11.5115,10.4908,-0.0557,-1.6196,-0.1061,335.0451,29.0789,,11.5115,8.4025,10.5412,11.0045,21.0824,22.009,42.1647,10.5412,0.0,2.087904,4.0,1.09205,30,155,25,3,0E-8,-0.00483390,,0E-8,0.000000,0.910505,0.000000,,2026-03-23,2026-06-20,38,580,415,90,0.422222,,,0.000000,,,,,,,,GLOBAL_BASELINE_NO_ENTITY_RANKING,,,NOT_APPLICABLE_GLOBAL_BASELINE,HF9g-P5,,,,X 全窗基线 · 不参与实体赏罚,3927961,393,A168_HF9F_20260827_0900,2026-08-27 09:00:00
2026-04-03,145898681,2103,0,10.5411844075,10.5411844075,10.5411844075,1.0000000,1,1,0.49324550000000000,0.493245500000,1.01360149184955,1.01360149184955,1.01360149184955,0E-17,ELIGIBLE,R03b_20260811_FULL_v1,L1_ELIGIBILITY,v2026-08-11,2026-03-21..2026-08-06,baccarat_bet02_101_all_pairs_incl_sentinel,round_win = game_pnl > 0 (decisive only),COMPATIBILITY_ONLY_NOT_PRODUCTION,12731.7143,11592.2902,-61.5438,1106,1105,0.00483390,,0.00483390,0.00483390,61.5438,12731.7143,OK,0.0000,-2.4618,4.0000,96.0000,AG03-UNRESOLVED,ALL5_LEVELS_bet23_to_bet27,-2.4618,-2.4618,-2.4618,-2.4618,-2.4618,4.000000,4.000000,4.000000,4.000000,4.000000,96.000000,96.000000,96.000000,96.000000,96.000000,5.0,-12.3088,-11.3627,-49.2350,-50.1811,PENDING_AG03,FALSE,NOT_FOR_ENFORCEMENT,-59.0821,11128.5986,-61.5438,-59.0821,-2.4618,-0.00483390,-0.00464054,-2.4618,-59.0821,-0.00464054,-2.4618,-2.4618,-2.4618,-2.4618,-2.4618,-59.0821,-0.00464054,-12.3088,-11.3627,-49.2350,-50.1811,-0.00386712,-0.00394143,-0.00019336,11.5115,10.4908,-0.0557,-1.6196,-0.1061,335.0451,29.0789,,11.5115,8.4025,10.5412,11.0045,21.0824,22.009,42.1647,10.5412,0.0,2.087904,4.0,1.09205,30,155,25,3,0E-8,-0.00483390,,0E-8,0.000000,0.910505,0.000000,,2026-03-23,2026-06-20,38,580,415,90,0.422222,,,0.000000,,,,,,,,GLOBAL_BASELINE_NO_ENTITY_RANKING,,,NOT_APPLICABLE_GLOBAL_BASELINE,HF9g-P5,,,,X 全窗基线 · 不参与实体赏罚,3927962,393,A168_HF9F_20260827_0900,2026-08-27 09:00:00
2026-04-03,145898681,2209,0,10.5411844075,2.1082368815,2.1082368815,0.5000000,2,2,0.49324550000000000,0.493245500000,0.01910635448239258,0.01910635448239258,0.01910635448239258,0E-17,ELIGIBLE,R03b_20260811_FULL_v1,L1_ELIGIBILITY,v2026-08-11,2026-03-21..2026-08-06,baccarat_bet02_101_all_pairs_incl_sentinel,round_win = game_pnl > 0 (decisive only),COMPATIBILITY_ONLY_NOT_PRODUCTION,12731.7143,11592.2902,-61.5438,1106,1105,0.00483390,,0.00483390,0.00483390,61.5438,12731.7143,OK,0.0000,-2.4618,4.0000,96.0000,AG03-UNRESOLVED,ALL5_LEVELS_bet23_to_bet27,-2.4618,-2.4618,-2.4618,-2.4618,-2.4618,4.000000,4.000000,4.000000,4.000000,4.000000,96.000000,96.000000,96.000000,96.000000,96.000000,5.0,-12.3088,-11.3627,-49.2350,-50.1811,PENDING_AG03,FALSE,NOT_FOR_ENFORCEMENT,-59.0821,11128.5986,-61.5438,-59.0821,-2.4618,-0.00483390,-0.00464054,-2.4618,-59.0821,-0.00464054,-2.4618,-2.4618,-2.4618,-2.4618,-2.4618,-59.0821,-0.00464054,-12.3088,-11.3627,-49.2350,-50.1811,-0.00386712,-0.00394143,-0.00019336,11.5115,10.4908,-0.0557,-1.6196,-0.1061,335.0451,29.0789,,11.5115,8.4025,10.5412,11.0045,21.0824,22.009,42.1647,10.5412,0.0,2.087904,4.0,1.09205,30,155,25,3,0E-8,-0.00483390,,0E-8,0.000000,0.910505,0.000000,,2026-03-23,2026-06-20,38,580,415,90,0.422222,,,0.000000,,,,,,,,GLOBAL_BASELINE_NO_ENTITY_RANKING,,,NOT_APPLICABLE_GLOBAL_BASELINE,HF9g-P5,,,,X 全窗基线 · 不参与实体赏罚,3927963,393,A168_HF9F_20260827_0900,2026-08-27 09:00:00
2026-04-03,145898681,2232,0,10.5411844075,-10.5411844075,-10.5411844075,0E-7,1,1,0.49324550000000000,0.493245500000,-0.9865810262130424,-0.9865810262130424,-0.9865810262130424,0E-17,ELIGIBLE,R03b_20260811_FULL_v1,L1_ELIGIBILITY,v2026-08-11,2026-03-21..2026-08-06,baccarat_bet02_101_all_pairs_incl_sentinel,round_win = game_pnl > 0 (decisive only),COMPATIBILITY_ONLY_NOT_PRODUCTION,12731.7143,11592.2902,-61.5438,1106,1105,0.00483390,,0.00483390,0.00483390,61.5438,12731.7143,OK,0.0000,-2.4618,4.0000,96.0000,AG03-UNRESOLVED,ALL5_LEVELS_bet23_to_bet27,-2.4618,-2.4618,-2.4618,-2.4618,-2.4618,4.000000,4.000000,4.000000,4.000000,4.000000,96.000000,96.000000,96.000000,96.000000,96.000000,5.0,-12.3088,-11.3627,-49.2350,-50.1811,PENDING_AG03,FALSE,NOT_FOR_ENFORCEMENT,-59.0821,11128.5986,-61.5438,-59.0821,-2.4618,-0.00483390,-0.00464054,-2.4618,-59.0821,-0.00464054,-2.4618,-2.4618,-2.4618,-2.4618,-2.4618,-59.0821,-0.00464054,-12.3088,-11.3627,-49.2350,-50.1811,-0.00386712,-0.00394143,-0.00019336,11.5115,10.4908,-0.0557,-1.6196,-0.1061,335.0451,29.0789,,11.5115,8.4025,10.5412,11.0045,21.0824,22.009,42.1647,10.5412,0.0,2.087904,4.0,1.09205,30,155,25,3,0E-8,-0.00483390,,0E-8,0.000000,0.910505,0.000000,,2026-03-23,2026-06-20,38,580,415,90,0.422222,,,0.000000,,,,,,,,GLOBAL_BASELINE_NO_ENTITY_RANKING,,,NOT_APPLICABLE_GLOBAL_BASELINE,HF9g-P5,,,,X 全窗基线 · 不参与实体赏罚,3927964,393,A168_HF9F_20260827_0900,2026-08-27 09:00:00
2026-04-03,145898681,2234,0,10.5411844075,-10.5411844075,-10.5411844075,0E-7,1,1,0.49324550000000000,0.493245500000,-0.9865810262130424,-0.9865810262130424,-0.9865810262130424,0E-17,ELIGIBLE,R03b_20260811_FULL_v1,L1_ELIGIBILITY,v2026-08-11,2026-03-21..2026-08-06,baccarat_bet02_101_all_pairs_incl_sentinel,round_win = game_pnl > 0 (decisive only),COMPATIBILITY_ONLY_NOT_PRODUCTION,12731.7143,11592.2902,-61.5438,1106,1105,0.00483390,,0.00483390,0.00483390,61.5438,12731.7143,OK,0.0000,-2.4618,4.0000,96.0000,AG03-UNRESOLVED,ALL5_LEVELS_bet23_to_bet27,-2.4618,-2.4618,-2.4618,-2.4618,-2.4618,4.000000,4.000000,4.000000,4.000000,4.000000,96.000000,96.000000,96.000000,96.000000,96.000000,5.0,-12.3088,-11.3627,-49.2350,-50.1811,PENDING_AG03,FALSE,NOT_FOR_ENFORCEMENT,-59.0821,11128.5986,-61.5438,-59.0821,-2.4618,-0.00483390,-0.00464054,-2.4618,-59.0821,-0.00464054,-2.4618,-2.4618,-2.4618,-2.4618,-2.4618,-59.0821,-0.00464054,-12.3088,-11.3627,-49.2350,-50.1811,-0.00386712,-0.00394143,-0.00019336,11.5115,10.4908,-0.0557,-1.6196,-0.1061,335.0451,29.0789,,11.5115,8.4025,10.5412,11.0045,21.0824,22.009,42.1647,10.5412,0.0,2.087904,4.0,1.09205,30,155,25,3,0E-8,-0.00483390,,0E-8,0.000000,0.910505,0.000000,,2026-03-23,2026-06-20,38,580,415,90,0.422222,,,0.000000,,,,,,,,GLOBAL_BASELINE_NO_ENTITY_RANKING,,,NOT_APPLICABLE_GLOBAL_BASELINE,HF9g-P5,,,,X 全窗基线 · 不参与实体赏罚,3927965,393,A168_HF9F_20260827_0900,2026-08-27 09:00:00
2026-04-05,145898681,1994,0,355.8703855966,-29.4099044970,-29.4099044970,0.6923077,14,14,0.50473567142857143,0.504735671429,1.3526617507692806,1.352661750766201,1.3526617507692806,-4.2857E-13,ELIGIBLE,R03b_20260811_FULL_v1,L1_ELIGIBILITY,v2026-08-11,2026-03-21..2026-08-06,baccarat_bet02_101_all_pairs_incl_sentinel,round_win = game_pnl > 0 (decisive only),COMPATIBILITY_ONLY_NOT_PRODUCTION,12731.7143,11592.2902,-61.5438,1106,1105,0.00483390,,0.00483390,0.00483390,61.5438,12731.7143,OK,0.0000,-2.4618,4.0000,96.0000,AG03-UNRESOLVED,ALL5_LEVELS_bet23_to_bet27,-2.4618,-2.4618,-2.4618,-2.4618,-2.4618,4.000000,4.000000,4.000000,4.000000,4.000000,96.000000,96.000000,96.000000,96.000000,96.000000,5.0,-12.3088,-11.3627,-49.2350,-50.1811,PENDING_AG03,FALSE,NOT_FOR_ENFORCEMENT,-59.0821,11128.5986,-61.5438,-59.0821,-2.4618,-0.00483390,-0.00464054,-2.4618,-59.0821,-0.00464054,-2.4618,-2.4618,-2.4618,-2.4618,-2.4618,-59.0821,-0.00464054,-12.3088,-11.3627,-49.2350,-50.1811,-0.00386712,-0.00394143,-0.00019336,11.5115,10.4908,-0.0557,-1.6196,-0.1061,335.0451,29.0789,,11.5115,8.4025,10.5412,11.0045,21.0824,22.009,42.1647,10.5412,0.0,2.087904,4.0,1.09205,30,155,25,3,0E-8,-0.00483390,,0E-8,0.000000,0.910505,0.000000,,2026-03-23,2026-06-20,38,580,415,90,0.422222,,,0.000000,,,,,,,,GLOBAL_BASELINE_NO_ENTITY_RANKING,,,NOT_APPLICABLE_GLOBAL_BASELINE,HF9g-P5,,,,X 全窗基线 · 不参与实体赏罚,3927966,393,A168_HF9F_20260827_0900,2026-08-27 09:00:00
2026-04-06,145898681,-1,1,63.2471064450,33.7317901040,33.7317901040,0.7142857,7,7,0.49707555714285714,0.497075557143,1.149387776212595,1.1493877762118374,1.149387776212595,-1.4286E-13,SENTINEL_DEALER,R03b_20260811_FULL_v1,L1_ELIGIBILITY,v2026-08-11,2026-03-21..2026-08-06,baccarat_bet02_101_all_pairs_incl_sentinel,round_win = game_pnl > 0 (decisive only),COMPATIBILITY_ONLY_NOT_PRODUCTION,12731.7143,11592.2902,-61.5438,1106,1105,0.00483390,,0.00483390,0.00483390,61.5438,12731.7143,OK,0.0000,-2.4618,4.0000,96.0000,AG03-UNRESOLVED,ALL5_LEVELS_bet23_to_bet27,-2.4618,-2.4618,-2.4618,-2.4618,-2.4618,4.000000,4.000000,4.000000,4.000000,4.000000,96.000000,96.000000,96.000000,96.000000,96.000000,5.0,-12.3088,-11.3627,-49.2350,-50.1811,PENDING_AG03,FALSE,NOT_FOR_ENFORCEMENT,-59.0821,11128.5986,-61.5438,-59.0821,-2.4618,-0.00483390,-0.00464054,-2.4618,-59.0821,-0.00464054,-2.4618,-2.4618,-2.4618,-2.4618,-2.4618,-59.0821,-0.00464054,-12.3088,-11.3627,-49.2350,-50.1811,-0.00386712,-0.00394143,-0.00019336,11.5115,10.4908,-0.0557,-1.6196,-0.1061,335.0451,29.0789,,11.5115,8.4025,10.5412,11.0045,21.0824,22.009,42.1647,10.5412,0.0,2.087904,4.0,1.09205,30,155,25,3,0E-8,-0.00483390,,0E-8,0.000000,0.910505,0.000000,,2026-03-23,2026-06-20,38,580,415,90,0.422222,,,0.000000,,,,,,,,GLOBAL_BASELINE_NO_ENTITY_RANKING,,,NOT_APPLICABLE_GLOBAL_BASELINE,HF9g-P5,,,,X 全窗基线 · 不参与实体赏罚,3927967,393,A168_HF9F_20260827_0900,2026-08-27 09:00:00
2026-04-06,145898681,1017,0,16.8658950520,16.3388358316,16.3388358316,1.0000000,2,2,0.49994810000000000,0.499948100000,1.4143603653603398,1.4143603653603398,1.4143603653603398,0E-17,ELIGIBLE,R03b_20260811_FULL_v1,L1_ELIGIBILITY,v2026-08-11,2026-03-21..2026-08-06,baccarat_bet02_101_all_pairs_incl_sentinel,round_win = game_pnl > 0 (decisive only),COMPATIBILITY_ONLY_NOT_PRODUCTION,12731.7143,11592.2902,-61.5438,1106,1105,0.00483390,,0.00483390,0.00483390,61.5438,12731.7143,OK,0.0000,-2.4618,4.0000,96.0000,AG03-UNRESOLVED,ALL5_LEVELS_bet23_to_bet27,-2.4618,-2.4618,-2.4618,-2.4618,-2.4618,4.000000,4.000000,4.000000,4.000000,4.000000,96.000000,96.000000,96.000000,96.000000,96.000000,5.0,-12.3088,-11.3627,-49.2350,-50.1811,PENDING_AG03,FALSE,NOT_FOR_ENFORCEMENT,-59.0821,11128.5986,-61.5438,-59.0821,-2.4618,-0.00483390,-0.00464054,-2.4618,-59.0821,-0.00464054,-2.4618,-2.4618,-2.4618,-2.4618,-2.4618,-59.0821,-0.00464054,-12.3088,-11.3627,-49.2350,-50.1811,-0.00386712,-0.00394143,-0.00019336,11.5115,10.4908,-0.0557,-1.6196,-0.1061,335.0451,29.0789,,11.5115,8.4025,10.5412,11.0045,21.0824,22.009,42.1647,10.5412,0.0,2.087904,4.0,1.09205,30,155,25,3,0E-8,-0.00483390,,0E-8,0.000000,0.910505,0.000000,,2026-03-23,2026-06-20,38,580,415,90,0.422222,,,0.000000,,,,,,,,GLOBAL_BASELINE_NO_ENTITY_RANKING,,,NOT_APPLICABLE_GLOBAL_BASELINE,HF9g-P5,,,,X 全窗基线 · 不参与实体赏罚,3927968,393,A168_HF9F_20260827_0900,2026-08-27 09:00:00
2026-04-06,145898681,1078,0,10.5411844075,-10.5411844075,-10.5411844075,0E-7,1,1,0.49324550000000000,0.493245500000,-0.9865810262130424,-0.9865810262130424,-0.9865810262130424,0E-17,ELIGIBLE,R03b_20260811_FULL_v1,L1_ELIGIBILITY,v2026-08-11,2026-03-21..2026-08-06,baccarat_bet02_101_all_pairs_incl_sentinel,round_win = game_pnl > 0 (decisive only),COMPATIBILITY_ONLY_NOT_PRODUCTION,12731.7143,11592.2902,-61.5438,1106,1105,0.00483390,,0.00483390,0.00483390,61.5438,12731.7143,OK,0.0000,-2.4618,4.0000,96.0000,AG03-UNRESOLVED,ALL5_LEVELS_bet23_to_bet27,-2.4618,-2.4618,-2.4618,-2.4618,-2.4618,4.000000,4.000000,4.000000,4.000000,4.000000,96.000000,96.000000,96.000000,96.000000,96.000000,5.0,-12.3088,-11.3627,-49.2350,-50.1811,PENDING_AG03,FALSE,NOT_FOR_ENFORCEMENT,-59.0821,11128.5986,-61.5438,-59.0821,-2.4618,-0.00483390,-0.00464054,-2.4618,-59.0821,-0.00464054,-2.4618,-2.4618,-2.4618,-2.4618,-2.4618,-59.0821,-0.00464054,-12.3088,-11.3627,-49.2350,-50.1811,-0.00386712,-0.00394143,-0.00019336,11.5115,10.4908,-0.0557,-1.6196,-0.1061,335.0451,29.0789,,11.5115,8.4025,10.5412,11.0045,21.0824,22.009,42.1647,10.5412,0.0,2.087904,4.0,1.09205,30,155,25,3,0E-8,-0.00483390,,0E-8,0.000000,0.910505,0.000000,,2026-03-23,2026-06-20,38,580,415,90,0.422222,,,0.000000,,,,,,,,GLOBAL_BASELINE_NO_ENTITY_RANKING,,,NOT_APPLICABLE_GLOBAL_BASELINE,HF9g-P5,,,,X 全窗基线 · 不参与实体赏罚,3927969,393,A168_HF9F_20260827_0900,2026-08-27 09:00:00
2026-04-06,145898681,1399,0,21.0823688150,21.0823688150,21.0823688150,1.0000000,1,1,0.49324550000000000,0.493245500000,1.01360149184955,1.01360149184955,1.01360149184955,0E-17,ELIGIBLE,R03b_20260811_FULL_v1,L1_ELIGIBILITY,v2026-08-11,2026-03-21..2026-08-06,baccarat_bet02_101_all_pairs_incl_sentinel,round_win = game_pnl > 0 (decisive only),COMPATIBILITY_ONLY_NOT_PRODUCTION,12731.7143,11592.2902,-61.5438,1106,1105,0.00483390,,0.00483390,0.00483390,61.5438,12731.7143,OK,0.0000,-2.4618,4.0000,96.0000,AG03-UNRESOLVED,ALL5_LEVELS_bet23_to_bet27,-2.4618,-2.4618,-2.4618,-2.4618,-2.4618,4.000000,4.000000,4.000000,4.000000,4.000000,96.000000,96.000000,96.000000,96.000000,96.000000,5.0,-12.3088,-11.3627,-49.2350,-50.1811,PENDING_AG03,FALSE,NOT_FOR_ENFORCEMENT,-59.0821,11128.5986,-61.5438,-59.0821,-2.4618,-0.00483390,-0.00464054,-2.4618,-59.0821,-0.00464054,-2.4618,-2.4618,-2.4618,-2.4618,-2.4618,-59.0821,-0.00464054,-12.3088,-11.3627,-49.2350,-50.1811,-0.00386712,-0.00394143,-0.00019336,11.5115,10.4908,-0.0557,-1.6196,-0.1061,335.0451,29.0789,,11.5115,8.4025,10.5412,11.0045,21.0824,22.009,42.1647,10.5412,0.0,2.087904,4.0,1.09205,30,155,25,3,0E-8,-0.00483390,,0E-8,0.000000,0.910505,0.000000,,2026-03-23,2026-06-20,38,580,415,90,0.422222,,,0.000000,,,,,,,,GLOBAL_BASELINE_NO_ENTITY_RANKING,,,NOT_APPLICABLE_GLOBAL_BASELINE,HF9g-P5,,,,X 全窗基线 · 不参与实体赏罚,3927970,393,A168_HF9F_20260827_0900,2026-08-27 09:00:00
2026-04-06,145898681,1400,0,31.6235532225,21.0823688150,21.0823688150,1.0000000,3,3,0.49771390000000000,0.497713900000,1.4206944795187548,1.420694479518755,1.4206944795187548,0E-17,ELIGIBLE,R03b_20260811_FULL_v1,L1_ELIGIBILITY,v2026-08-11,2026-03-21..2026-08-06,baccarat_bet02_101_all_pairs_incl_sentinel,round_win = game_pnl > 0 (decisive only),COMPATIBILITY_ONLY_NOT_PRODUCTION,12731.7143,11592.2902,-61.5438,1106,1105,0.00483390,,0.00483390,0.00483390,61.5438,12731.7143,OK,0.0000,-2.4618,4.0000,96.0000,AG03-UNRESOLVED,ALL5_LEVELS_bet23_to_bet27,-2.4618,-2.4618,-2.4618,-2.4618,-2.4618,4.000000,4.000000,4.000000,4.000000,4.000000,96.000000,96.000000,96.000000,96.000000,96.000000,5.0,-12.3088,-11.3627,-49.2350,-50.1811,PENDING_AG03,FALSE,NOT_FOR_ENFORCEMENT,-59.0821,11128.5986,-61.5438,-59.0821,-2.4618,-0.00483390,-0.00464054,-2.4618,-59.0821,-0.00464054,-2.4618,-2.4618,-2.4618,-2.4618,-2.4618,-59.0821,-0.00464054,-12.3088,-11.3627,-49.2350,-50.1811,-0.00386712,-0.00394143,-0.00019336,11.5115,10.4908,-0.0557,-1.6196,-0.1061,335.0451,29.0789,,11.5115,8.4025,10.5412,11.0045,21.0824,22.009,42.1647,10.5412,0.0,2.087904,4.0,1.09205,30,155,25,3,0E-8,-0.00483390,,0E-8,0.000000,0.910505,0.000000,,2026-03-23,2026-06-20,38,580,415,90,0.422222,,,0.000000,,,,,,,,GLOBAL_BASELINE_NO_ENTITY_RANKING,,,NOT_APPLICABLE_GLOBAL_BASELINE,HF9g-P5,,,,X 全窗基线 · 不参与实体赏罚,3927971,393,A168_HF9F_20260827_0900,2026-08-27 09:00:00
2026-04-06,145898681,1994,0,31.6235532225,10.5411844075,10.5411844075,0.6666667,3,3,0.49324550000000000,0.493245500000,0.6008033672792107,0.6008033672792106,0.6008033672792107,0E-17,ELIGIBLE,R03b_20260811_FULL_v1,L1_ELIGIBILITY,v2026-08-11,2026-03-21..2026-08-06,baccarat_bet02_101_all_pairs_incl_sentinel,round_win = game_pnl > 0 (decisive only),COMPATIBILITY_ONLY_NOT_PRODUCTION,12731.7143,11592.2902,-61.5438,1106,1105,0.00483390,,0.00483390,0.00483390,61.5438,12731.7143,OK,0.0000,-2.4618,4.0000,96.0000,AG03-UNRESOLVED,ALL5_LEVELS_bet23_to_bet27,-2.4618,-2.4618,-2.4618,-2.4618,-2.4618,4.000000,4.000000,4.000000,4.000000,4.000000,96.000000,96.000000,96.000000,96.000000,96.000000,5.0,-12.3088,-11.3627,-49.2350,-50.1811,PENDING_AG03,FALSE,NOT_FOR_ENFORCEMENT,-59.0821,11128.5986,-61.5438,-59.0821,-2.4618,-0.00483390,-0.00464054,-2.4618,-59.0821,-0.00464054,-2.4618,-2.4618,-2.4618,-2.4618,-2.4618,-59.0821,-0.00464054,-12.3088,-11.3627,-49.2350,-50.1811,-0.00386712,-0.00394143,-0.00019336,11.5115,10.4908,-0.0557,-1.6196,-0.1061,335.0451,29.0789,,11.5115,8.4025,10.5412,11.0045,21.0824,22.009,42.1647,10.5412,0.0,2.087904,4.0,1.09205,30,155,25,3,0E-8,-0.00483390,,0E-8,0.000000,0.910505,0.000000,,2026-03-23,2026-06-20,38,580,415,90,0.422222,,,0.000000,,,,,,,,GLOBAL_BASELINE_NO_ENTITY_RANKING,,,NOT_APPLICABLE_GLOBAL_BASELINE,HF9g-P5,,,,X 全窗基线 · 不参与实体赏罚,3927972,393,A168_HF9F_20260827_0900,2026-08-27 09:00:00
2026-04-06,145898681,2141,0,10.5411844075,10.5411844075,10.5411844075,1.0000000,1,1,0.49324550000000000,0.493245500000,1.01360149184955,1.01360149184955,1.01360149184955,0E-17,ELIGIBLE,R03b_20260811_FULL_v1,L1_ELIGIBILITY,v2026-08-11,2026-03-21..2026-08-06,baccarat_bet02_101_all_pairs_incl_sentinel,round_win = game_pnl > 0 (decisive only),COMPATIBILITY_ONLY_NOT_PRODUCTION,12731.7143,11592.2902,-61.5438,1106,1105,0.00483390,,0.00483390,0.00483390,61.5438,12731.7143,OK,0.0000,-2.4618,4.0000,96.0000,AG03-UNRESOLVED,ALL5_LEVELS_bet23_to_bet27,-2.4618,-2.4618,-2.4618,-2.4618,-2.4618,4.000000,4.000000,4.000000,4.000000,4.000000,96.000000,96.000000,96.000000,96.000000,96.000000,5.0,-12.3088,-11.3627,-49.2350,-50.1811,PENDING_AG03,FALSE,NOT_FOR_ENFORCEMENT,-59.0821,11128.5986,-61.5438,-59.0821,-2.4618,-0.00483390,-0.00464054,-2.4618,-59.0821,-0.00464054,-2.4618,-2.4618,-2.4618,-2.4618,-2.4618,-59.0821,-0.00464054,-12.3088,-11.3627,-49.2350,-50.1811,-0.00386712,-0.00394143,-0.00019336,11.5115,10.4908,-0.0557,-1.6196,-0.1061,335.0451,29.0789,,11.5115,8.4025,10.5412,11.0045,21.0824,22.009,42.1647,10.5412,0.0,2.087904,4.0,1.09205,30,155,25,3,0E-8,-0.00483390,,0E-8,0.000000,0.910505,0.000000,,2026-03-23,2026-06-20,38,580,415,90,0.422222,,,0.000000,,,,,,,,GLOBAL_BASELINE_NO_ENTITY_RANKING,,,NOT_APPLICABLE_GLOBAL_BASELINE,HF9g-P5,,,,X 全窗基线 · 不参与实体赏罚,3927973,393,A168_HF9F_20260827_0900,2026-08-27 09:00:00
2026-04-06,145898681,2175,0,4.2164737630,-4.2164737630,-4.2164737630,0E-7,1,1,0.49324550000000000,0.493245500000,-0.9865810262130424,-0.9865810262130424,-0.9865810262130424,0E-17,ELIGIBLE,R03b_20260811_FULL_v1,L1_ELIGIBILITY,v2026-08-11,2026-03-21..2026-08-06,baccarat_bet02_101_all_pairs_incl_sentinel,round_win = game_pnl > 0 (decisive only),COMPATIBILITY_ONLY_NOT_PRODUCTION,12731.7143,11592.2902,-61.5438,1106,1105,0.00483390,,0.00483390,0.00483390,61.5438,12731.7143,OK,0.0000,-2.4618,4.0000,96.0000,AG03-UNRESOLVED,ALL5_LEVELS_bet23_to_bet27,-2.4618,-2.4618,-2.4618,-2.4618,-2.4618,4.000000,4.000000,4.000000,4.000000,4.000000,96.000000,96.000000,96.000000,96.000000,96.000000,5.0,-12.3088,-11.3627,-49.2350,-50.1811,PENDING_AG03,FALSE,NOT_FOR_ENFORCEMENT,-59.0821,11128.5986,-61.5438,-59.0821,-2.4618,-0.00483390,-0.00464054,-2.4618,-59.0821,-0.00464054,-2.4618,-2.4618,-2.4618,-2.4618,-2.4618,-59.0821,-0.00464054,-12.3088,-11.3627,-49.2350,-50.1811,-0.00386712,-0.00394143,-0.00019336,11.5115,10.4908,-0.0557,-1.6196,-0.1061,335.0451,29.0789,,11.5115,8.4025,10.5412,11.0045,21.0824,22.009,42.1647,10.5412,0.0,2.087904,4.0,1.09205,30,155,25,3,0E-8,-0.00483390,,0E-8,0.000000,0.910505,0.000000,,2026-03-23,2026-06-20,38,580,415,90,0.422222,,,0.000000,,,,,,,,GLOBAL_BASELINE_NO_ENTITY_RANKING,,,NOT_APPLICABLE_GLOBAL_BASELINE,HF9g-P5,,,,X 全窗基线 · 不参与实体赏罚,3927974,393,A168_HF9F_20260827_0900,2026-08-27 09:00:00
2026-04-06,145898681,2188,0,21.0823688150,-21.0823688150,-21.0823688150,0E-7,1,1,0.49324550000000000,0.493245500000,-0.9865810262130424,-0.9865810262130424,-0.9865810262130424,0E-17,ELIGIBLE,R03b_20260811_FULL_v1,L1_ELIGIBILITY,v2026-08-11,2026-03-21..2026-08-06,baccarat_bet02_101_all_pairs_incl_sentinel,round_win = game_pnl > 0 (decisive only),COMPATIBILITY_ONLY_NOT_PRODUCTION,12731.7143,11592.2902,-61.5438,1106,1105,0.00483390,,0.00483390,0.00483390,61.5438,12731.7143,OK,0.0000,-2.4618,4.0000,96.0000,AG03-UNRESOLVED,ALL5_LEVELS_bet23_to_bet27,-2.4618,-2.4618,-2.4618,-2.4618,-2.4618,4.000000,4.000000,4.000000,4.000000,4.000000,96.000000,96.000000,96.000000,96.000000,96.000000,5.0,-12.3088,-11.3627,-49.2350,-50.1811,PENDING_AG03,FALSE,NOT_FOR_ENFORCEMENT,-59.0821,11128.5986,-61.5438,-59.0821,-2.4618,-0.00483390,-0.00464054,-2.4618,-59.0821,-0.00464054,-2.4618,-2.4618,-2.4618,-2.4618,-2.4618,-59.0821,-0.00464054,-12.3088,-11.3627,-49.2350,-50.1811,-0.00386712,-0.00394143,-0.00019336,11.5115,10.4908,-0.0557,-1.6196,-0.1061,335.0451,29.0789,,11.5115,8.4025,10.5412,11.0045,21.0824,22.009,42.1647,10.5412,0.0,2.087904,4.0,1.09205,30,155,25,3,0E-8,-0.00483390,,0E-8,0.000000,0.910505,0.000000,,2026-03-23,2026-06-20,38,580,415,90,0.422222,,,0.000000,,,,,,,,GLOBAL_BASELINE_NO_ENTITY_RANKING,,,NOT_APPLICABLE_GLOBAL_BASELINE,HF9g-P5,,,,X 全窗基线 · 不参与实体赏罚,3927975,393,A168_HF9F_20260827_0900,2026-08-27 09:00:00
2026-04-06,145898681,2202,0,44.2729745115,35.6292032973,35.6292032973,0.8000000,5,5,0.49592654000000000,0.495926540000,1.359902984124143,1.359902984124143,1.359902984124143,0E-17,ELIGIBLE,R03b_20260811_FULL_v1,L1_ELIGIBILITY,v2026-08-11,2026-03-21..2026-08-06,baccarat_bet02_101_all_pairs_incl_sentinel,round_win = game_pnl > 0 (decisive only),COMPATIBILITY_ONLY_NOT_PRODUCTION,12731.7143,11592.2902,-61.5438,1106,1105,0.00483390,,0.00483390,0.00483390,61.5438,12731.7143,OK,0.0000,-2.4618,4.0000,96.0000,AG03-UNRESOLVED,ALL5_LEVELS_bet23_to_bet27,-2.4618,-2.4618,-2.4618,-2.4618,-2.4618,4.000000,4.000000,4.000000,4.000000,4.000000,96.000000,96.000000,96.000000,96.000000,96.000000,5.0,-12.3088,-11.3627,-49.2350,-50.1811,PENDING_AG03,FALSE,NOT_FOR_ENFORCEMENT,-59.0821,11128.5986,-61.5438,-59.0821,-2.4618,-0.00483390,-0.00464054,-2.4618,-59.0821,-0.00464054,-2.4618,-2.4618,-2.4618,-2.4618,-2.4618,-59.0821,-0.00464054,-12.3088,-11.3627,-49.2350,-50.1811,-0.00386712,-0.00394143,-0.00019336,11.5115,10.4908,-0.0557,-1.6196,-0.1061,335.0451,29.0789,,11.5115,8.4025,10.5412,11.0045,21.0824,22.009,42.1647,10.5412,0.0,2.087904,4.0,1.09205,30,155,25,3,0E-8,-0.00483390,,0E-8,0.000000,0.910505,0.000000,,2026-03-23,2026-06-20,38,580,415,90,0.422222,,,0.000000,,,,,,,,GLOBAL_BASELINE_NO_ENTITY_RANKING,,,NOT_APPLICABLE_GLOBAL_BASELINE,HF9g-P5,,,,X 全窗基线 · 不参与实体赏罚,3927976,393,A168_HF9F_20260827_0900,2026-08-27 09:00:00
2026-04-06,145898681,2220,0,10.5411844075,-10.5411844075,-10.5411844075,0E-7,1,1,0.49324550000000000,0.493245500000,-0.9865810262130424,-0.9865810262130424,-0.9865810262130424,0E-17,ELIGIBLE,R03b_20260811_FULL_v1,L1_ELIGIBILITY,v2026-08-11,2026-03-21..2026-08-06,baccarat_bet02_101_all_pairs_incl_sentinel,round_win = game_pnl > 0 (decisive only),COMPATIBILITY_ONLY_NOT_PRODUCTION,12731.7143,11592.2902,-61.5438,1106,1105,0.00483390,,0.00483390,0.00483390,61.5438,12731.7143,OK,0.0000,-2.4618,4.0000,96.0000,AG03-UNRESOLVED,ALL5_LEVELS_bet23_to_bet27,-2.4618,-2.4618,-2.4618,-2.4618,-2.4618,4.000000,4.000000,4.000000,4.000000,4.000000,96.000000,96.000000,96.000000,96.000000,96.000000,5.0,-12.3088,-11.3627,-49.2350,-50.1811,PENDING_AG03,FALSE,NOT_FOR_ENFORCEMENT,-59.0821,11128.5986,-61.5438,-59.0821,-2.4618,-0.00483390,-0.00464054,-2.4618,-59.0821,-0.00464054,-2.4618,-2.4618,-2.4618,-2.4618,-2.4618,-59.0821,-0.00464054,-12.3088,-11.3627,-49.2350,-50.1811,-0.00386712,-0.00394143,-0.00019336,11.5115,10.4908,-0.0557,-1.6196,-0.1061,335.0451,29.0789,,11.5115,8.4025,10.5412,11.0045,21.0824,22.009,42.1647,10.5412,0.0,2.087904,4.0,1.09205,30,155,25,3,0E-8,-0.00483390,,0E-8,0.000000,0.910505,0.000000,,2026-03-23,2026-06-20,38,580,415,90,0.422222,,,0.000000,,,,,,,,GLOBAL_BASELINE_NO_ENTITY_RANKING,,,NOT_APPLICABLE_GLOBAL_BASELINE,HF9g-P5,,,,X 全窗基线 · 不参与实体赏罚,3927977,393,A168_HF9F_20260827_0900,2026-08-27 09:00:00
2026-04-06,145898681,2224,0,21.0823688150,21.0823688150,21.0823688150,1.0000000,1,1,0.49324550000000000,0.493245500000,1.01360149184955,1.01360149184955,1.01360149184955,0E-17,ELIGIBLE,R03b_20260811_FULL_v1,L1_ELIGIBILITY,v2026-08-11,2026-03-21..2026-08-06,baccarat_bet02_101_all_pairs_incl_sentinel,round_win = game_pnl > 0 (decisive only),COMPATIBILITY_ONLY_NOT_PRODUCTION,12731.7143,11592.2902,-61.5438,1106,1105,0.00483390,,0.00483390,0.00483390,61.5438,12731.7143,OK,0.0000,-2.4618,4.0000,96.0000,AG03-UNRESOLVED,ALL5_LEVELS_bet23_to_bet27,-2.4618,-2.4618,-2.4618,-2.4618,-2.4618,4.000000,4.000000,4.000000,4.000000,4.000000,96.000000,96.000000,96.000000,96.000000,96.000000,5.0,-12.3088,-11.3627,-49.2350,-50.1811,PENDING_AG03,FALSE,NOT_FOR_ENFORCEMENT,-59.0821,11128.5986,-61.5438,-59.0821,-2.4618,-0.00483390,-0.00464054,-2.4618,-59.0821,-0.00464054,-2.4618,-2.4618,-2.4618,-2.4618,-2.4618,-59.0821,-0.00464054,-12.3088,-11.3627,-49.2350,-50.1811,-0.00386712,-0.00394143,-0.00019336,11.5115,10.4908,-0.0557,-1.6196,-0.1061,335.0451,29.0789,,11.5115,8.4025,10.5412,11.0045,21.0824,22.009,42.1647,10.5412,0.0,2.087904,4.0,1.09205,30,155,25,3,0E-8,-0.00483390,,0E-8,0.000000,0.910505,0.000000,,2026-03-23,2026-06-20,38,580,415,90,0.422222,,,0.000000,,,,,,,,GLOBAL_BASELINE_NO_ENTITY_RANKING,,,NOT_APPLICABLE_GLOBAL_BASELINE,HF9g-P5,,,,X 全窗基线 · 不参与实体赏罚,3927978,393,A168_HF9F_20260827_0900,2026-08-27 09:00:00
2026-04-06,145898681,2239,0,10.5411844075,-10.5411844075,-10.5411844075,0E-7,1,1,0.49324550000000000,0.493245500000,-0.9865810262130424,-0.9865810262130424,-0.9865810262130424,0E-17,ELIGIBLE,R03b_20260811_FULL_v1,L1_ELIGIBILITY,v2026-08-11,2026-03-21..2026-08-06,baccarat_bet02_101_all_pairs_incl_sentinel,round_win = game_pnl > 0 (decisive only),COMPATIBILITY_ONLY_NOT_PRODUCTION,12731.7143,11592.2902,-61.5438,1106,1105,0.00483390,,0.00483390,0.00483390,61.5438,12731.7143,OK,0.0000,-2.4618,4.0000,96.0000,AG03-UNRESOLVED,ALL5_LEVELS_bet23_to_bet27,-2.4618,-2.4618,-2.4618,-2.4618,-2.4618,4.000000,4.000000,4.000000,4.000000,4.000000,96.000000,96.000000,96.000000,96.000000,96.000000,5.0,-12.3088,-11.3627,-49.2350,-50.1811,PENDING_AG03,FALSE,NOT_FOR_ENFORCEMENT,-59.0821,11128.5986,-61.5438,-59.0821,-2.4618,-0.00483390,-0.00464054,-2.4618,-59.0821,-0.00464054,-2.4618,-2.4618,-2.4618,-2.4618,-2.4618,-59.0821,-0.00464054,-12.3088,-11.3627,-49.2350,-50.1811,-0.00386712,-0.00394143,-0.00019336,11.5115,10.4908,-0.0557,-1.6196,-0.1061,335.0451,29.0789,,11.5115,8.4025,10.5412,11.0045,21.0824,22.009,42.1647,10.5412,0.0,2.087904,4.0,1.09205,30,155,25,3,0E-8,-0.00483390,,0E-8,0.000000,0.910505,0.000000,,2026-03-23,2026-06-20,38,580,415,90,0.422222,,,0.000000,,,,,,,,GLOBAL_BASELINE_NO_ENTITY_RANKING,,,NOT_APPLICABLE_GLOBAL_BASELINE,HF9g-P5,,,,X 全窗基线 · 不参与实体赏罚,3927979,393,A168_HF9F_20260827_0900,2026-08-27 09:00:00
2026-04-06,145898681,2246,0,21.0823688150,21.0823688150,21.0823688150,1.0000000,1,1,0.49324550000000000,0.493245500000,1.01360149184955,1.01360149184955,1.01360149184955,0E-17,ELIGIBLE,R03b_20260811_FULL_v1,L1_ELIGIBILITY,v2026-08-11,2026-03-21..2026-08-06,baccarat_bet02_101_all_pairs_incl_sentinel,round_win = game_pnl > 0 (decisive only),COMPATIBILITY_ONLY_NOT_PRODUCTION,12731.7143,11592.2902,-61.5438,1106,1105,0.00483390,,0.00483390,0.00483390,61.5438,12731.7143,OK,0.0000,-2.4618,4.0000,96.0000,AG03-UNRESOLVED,ALL5_LEVELS_bet23_to_bet27,-2.4618,-2.4618,-2.4618,-2.4618,-2.4618,4.000000,4.000000,4.000000,4.000000,4.000000,96.000000,96.000000,96.000000,96.000000,96.000000,5.0,-12.3088,-11.3627,-49.2350,-50.1811,PENDING_AG03,FALSE,NOT_FOR_ENFORCEMENT,-59.0821,11128.5986,-61.5438,-59.0821,-2.4618,-0.00483390,-0.00464054,-2.4618,-59.0821,-0.00464054,-2.4618,-2.4618,-2.4618,-2.4618,-2.4618,-59.0821,-0.00464054,-12.3088,-11.3627,-49.2350,-50.1811,-0.00386712,-0.00394143,-0.00019336,11.5115,10.4908,-0.0557,-1.6196,-0.1061,335.0451,29.0789,,11.5115,8.4025,10.5412,11.0045,21.0824,22.009,42.1647,10.5412,0.0,2.087904,4.0,1.09205,30,155,25,3,0E-8,-0.00483390,,0E-8,0.000000,0.910505,0.000000,,2026-03-23,2026-06-20,38,580,415,90,0.422222,,,0.000000,,,,,,,,GLOBAL_BASELINE_NO_ENTITY_RANKING,,,NOT_APPLICABLE_GLOBAL_BASELINE,HF9g-P5,,,,X 全窗基线 · 不参与实体赏罚,3927980,393,A168_HF9F_20260827_0900,2026-08-27 09:00:00
2026-04-06,145898681,2256,0,10.5411844075,-10.5411844075,-10.5411844075,0E-7,1,1,0.49324550000000000,0.493245500000,-0.9865810262130424,-0.9865810262130424,-0.9865810262130424,0E-17,ELIGIBLE,R03b_20260811_FULL_v1,L1_ELIGIBILITY,v2026-08-11,2026-03-21..2026-08-06,baccarat_bet02_101_all_pairs_incl_sentinel,round_win = game_pnl > 0 (decisive only),COMPATIBILITY_ONLY_NOT_PRODUCTION,12731.7143,11592.2902,-61.5438,1106,1105,0.00483390,,0.00483390,0.00483390,61.5438,12731.7143,OK,0.0000,-2.4618,4.0000,96.0000,AG03-UNRESOLVED,ALL5_LEVELS_bet23_to_bet27,-2.4618,-2.4618,-2.4618,-2.4618,-2.4618,4.000000,4.000000,4.000000,4.000000,4.000000,96.000000,96.000000,96.000000,96.000000,96.000000,5.0,-12.3088,-11.3627,-49.2350,-50.1811,PENDING_AG03,FALSE,NOT_FOR_ENFORCEMENT,-59.0821,11128.5986,-61.5438,-59.0821,-2.4618,-0.00483390,-0.00464054,-2.4618,-59.0821,-0.00464054,-2.4618,-2.4618,-2.4618,-2.4618,-2.4618,-59.0821,-0.00464054,-12.3088,-11.3627,-49.2350,-50.1811,-0.00386712,-0.00394143,-0.00019336,11.5115,10.4908,-0.0557,-1.6196,-0.1061,335.0451,29.0789,,11.5115,8.4025,10.5412,11.0045,21.0824,22.009,42.1647,10.5412,0.0,2.087904,4.0,1.09205,30,155,25,3,0E-8,-0.00483390,,0E-8,0.000000,0.910505,0.000000,,2026-03-23,2026-06-20,38,580,415,90,0.422222,,,0.000000,,,,,,,,GLOBAL_BASELINE_NO_ENTITY_RANKING,,,NOT_APPLICABLE_GLOBAL_BASELINE,HF9g-P5,,,,X 全窗基线 · 不参与实体赏罚,3927981,393,A168_HF9F_20260827_0900,2026-08-27 09:00:00
2026-04-07,145898681,-1,1,14.7576581705,-14.7576581705,-14.7576581705,0E-7,2,2,0.49324550000000000,0.493245500000,-1.3952362676504506,-1.3952362676504506,-1.3952362676504506,0E-17,SENTINEL_DEALER,R03b_20260811_FULL_v1,L1_ELIGIBILITY,v2026-08-11,2026-03-21..2026-08-06,baccarat_bet02_101_all_pairs_incl_sentinel,round_win = game_pnl > 0 (decisive only),COMPATIBILITY_ONLY_NOT_PRODUCTION,12731.7143,11592.2902,-61.5438,1106,1105,0.00483390,,0.00483390,0.00483390,61.5438,12731.7143,OK,0.0000,-2.4618,4.0000,96.0000,AG03-UNRESOLVED,ALL5_LEVELS_bet23_to_bet27,-2.4618,-2.4618,-2.4618,-2.4618,-2.4618,4.000000,4.000000,4.000000,4.000000,4.000000,96.000000,96.000000,96.000000,96.000000,96.000000,5.0,-12.3088,-11.3627,-49.2350,-50.1811,PENDING_AG03,FALSE,NOT_FOR_ENFORCEMENT,-59.0821,11128.5986,-61.5438,-59.0821,-2.4618,-0.00483390,-0.00464054,-2.4618,-59.0821,-0.00464054,-2.4618,-2.4618,-2.4618,-2.4618,-2.4618,-59.0821,-0.00464054,-12.3088,-11.3627,-49.2350,-50.1811,-0.00386712,-0.00394143,-0.00019336,11.5115,10.4908,-0.0557,-1.6196,-0.1061,335.0451,29.0789,,11.5115,8.4025,10.5412,11.0045,21.0824,22.009,42.1647,10.5412,0.0,2.087904,4.0,1.09205,30,155,25,3,0E-8,-0.00483390,,0E-8,0.000000,0.910505,0.000000,,2026-03-23,2026-06-20,38,580,415,90,0.422222,,,0.000000,,,,,,,,GLOBAL_BASELINE_NO_ENTITY_RANKING,,,NOT_APPLICABLE_GLOBAL_BASELINE,HF9g-P5,,,,X 全窗基线 · 不参与实体赏罚,3927982,393,A168_HF9F_20260827_0900,2026-08-27 09:00:00
2026-04-07,145898681,1129,0,10.5411844075,-10.5411844075,-10.5411844075,0E-7,1,1,0.49324550000000000,0.493245500000,-0.9865810262130424,-0.9865810262130424,-0.9865810262130424,0E-17,ELIGIBLE,R03b_20260811_FULL_v1,L1_ELIGIBILITY,v2026-08-11,2026-03-21..2026-08-06,baccarat_bet02_101_all_pairs_incl_sentinel,round_win = game_pnl > 0 (decisive only),COMPATIBILITY_ONLY_NOT_PRODUCTION,12731.7143,11592.2902,-61.5438,1106,1105,0.00483390,,0.00483390,0.00483390,61.5438,12731.7143,OK,0.0000,-2.4618,4.0000,96.0000,AG03-UNRESOLVED,ALL5_LEVELS_bet23_to_bet27,-2.4618,-2.4618,-2.4618,-2.4618,-2.4618,4.000000,4.000000,4.000000,4.000000,4.000000,96.000000,96.000000,96.000000,96.000000,96.000000,5.0,-12.3088,-11.3627,-49.2350,-50.1811,PENDING_AG03,FALSE,NOT_FOR_ENFORCEMENT,-59.0821,11128.5986,-61.5438,-59.0821,-2.4618,-0.00483390,-0.00464054,-2.4618,-59.0821,-0.00464054,-2.4618,-2.4618,-2.4618,-2.4618,-2.4618,-59.0821,-0.00464054,-12.3088,-11.3627,-49.2350,-50.1811,-0.00386712,-0.00394143,-0.00019336,11.5115,10.4908,-0.0557,-1.6196,-0.1061,335.0451,29.0789,,11.5115,8.4025,10.5412,11.0045,21.0824,22.009,42.1647,10.5412,0.0,2.087904,4.0,1.09205,30,155,25,3,0E-8,-0.00483390,,0E-8,0.000000,0.910505,0.000000,,2026-03-23,2026-06-20,38,580,415,90,0.422222,,,0.000000,,,,,,,,GLOBAL_BASELINE_NO_ENTITY_RANKING,,,NOT_APPLICABLE_GLOBAL_BASELINE,HF9g-P5,,,,X 全窗基线 · 不参与实体赏罚,3927983,393,A168_HF9F_20260827_0900,2026-08-27 09:00:00
2026-04-07,145898681,1210,0,42.1647376300,-21.0823688150,-21.0823688150,0.3333333,3,3,0.49324550000000000,0.493245500000,-0.5540025479526107,-0.5540025479526106,-0.5540025479526107,0E-17,ELIGIBLE,R03b_20260811_FULL_v1,L1_ELIGIBILITY,v2026-08-11,2026-03-21..2026-08-06,baccarat_bet02_101_all_pairs_incl_sentinel,round_win = game_pnl > 0 (decisive only),COMPATIBILITY_ONLY_NOT_PRODUCTION,12731.7143,11592.2902,-61.5438,1106,1105,0.00483390,,0.00483390,0.00483390,61.5438,12731.7143,OK,0.0000,-2.4618,4.0000,96.0000,AG03-UNRESOLVED,ALL5_LEVELS_bet23_to_bet27,-2.4618,-2.4618,-2.4618,-2.4618,-2.4618,4.000000,4.000000,4.000000,4.000000,4.000000,96.000000,96.000000,96.000000,96.000000,96.000000,5.0,-12.3088,-11.3627,-49.2350,-50.1811,PENDING_AG03,FALSE,NOT_FOR_ENFORCEMENT,-59.0821,11128.5986,-61.5438,-59.0821,-2.4618,-0.00483390,-0.00464054,-2.4618,-59.0821,-0.00464054,-2.4618,-2.4618,-2.4618,-2.4618,-2.4618,-59.0821,-0.00464054,-12.3088,-11.3627,-49.2350,-50.1811,-0.00386712,-0.00394143,-0.00019336,11.5115,10.4908,-0.0557,-1.6196,-0.1061,335.0451,29.0789,,11.5115,8.4025,10.5412,11.0045,21.0824,22.009,42.1647,10.5412,0.0,2.087904,4.0,1.09205,30,155,25,3,0E-8,-0.00483390,,0E-8,0.000000,0.910505,0.000000,,2026-03-23,2026-06-20,38,580,415,90,0.422222,,,0.000000,,,,,,,,GLOBAL_BASELINE_NO_ENTITY_RANKING,,,NOT_APPLICABLE_GLOBAL_BASELINE,HF9g-P5,,,,X 全窗基线 · 不参与实体赏罚,3927984,393,A168_HF9F_20260827_0900,2026-08-27 09:00:00
2026-04-07,145898681,1490,0,21.0823688150,10.5411844075,10.5411844075,1.0000000,2,2,0.49324550000000000,0.493245500000,1.01360149184955,1.01360149184955,1.01360149184955,0E-17,ELIGIBLE,R03b_20260811_FULL_v1,L1_ELIGIBILITY,v2026-08-11,2026-03-21..2026-08-06,baccarat_bet02_101_all_pairs_incl_sentinel,round_win = game_pnl > 0 (decisive only),COMPATIBILITY_ONLY_NOT_PRODUCTION,12731.7143,11592.2902,-61.5438,1106,1105,0.00483390,,0.00483390,0.00483390,61.5438,12731.7143,OK,0.0000,-2.4618,4.0000,96.0000,AG03-UNRESOLVED,ALL5_LEVELS_bet23_to_bet27,-2.4618,-2.4618,-2.4618,-2.4618,-2.4618,4.000000,4.000000,4.000000,4.000000,4.000000,96.000000,96.000000,96.000000,96.000000,96.000000,5.0,-12.3088,-11.3627,-49.2350,-50.1811,PENDING_AG03,FALSE,NOT_FOR_ENFORCEMENT,-59.0821,11128.5986,-61.5438,-59.0821,-2.4618,-0.00483390,-0.00464054,-2.4618,-59.0821,-0.00464054,-2.4618,-2.4618,-2.4618,-2.4618,-2.4618,-59.0821,-0.00464054,-12.3088,-11.3627,-49.2350,-50.1811,-0.00386712,-0.00394143,-0.00019336,11.5115,10.4908,-0.0557,-1.6196,-0.1061,335.0451,29.0789,,11.5115,8.4025,10.5412,11.0045,21.0824,22.009,42.1647,10.5412,0.0,2.087904,4.0,1.09205,30,155,25,3,0E-8,-0.00483390,,0E-8,0.000000,0.910505,0.000000,,2026-03-23,2026-06-20,38,580,415,90,0.422222,,,0.000000,,,,,,,,GLOBAL_BASELINE_NO_ENTITY_RANKING,,,NOT_APPLICABLE_GLOBAL_BASELINE,HF9g-P5,,,,X 全窗基线 · 不参与实体赏罚,3927985,393,A168_HF9F_20260827_0900,2026-08-27 09:00:00
2026-04-07,145898681,1509,0,21.0823688150,-21.0823688150,-21.0823688150,0E-7,1,1,0.49324550000000000,0.493245500000,-0.9865810262130424,-0.9865810262130424,-0.9865810262130424,0E-17,ELIGIBLE,R03b_20260811_FULL_v1,L1_ELIGIBILITY,v2026-08-11,2026-03-21..2026-08-06,baccarat_bet02_101_all_pairs_incl_sentinel,round_win = game_pnl > 0 (decisive only),COMPATIBILITY_ONLY_NOT_PRODUCTION,12731.7143,11592.2902,-61.5438,1106,1105,0.00483390,,0.00483390,0.00483390,61.5438,12731.7143,OK,0.0000,-2.4618,4.0000,96.0000,AG03-UNRESOLVED,ALL5_LEVELS_bet23_to_bet27,-2.4618,-2.4618,-2.4618,-2.4618,-2.4618,4.000000,4.000000,4.000000,4.000000,4.000000,96.000000,96.000000,96.000000,96.000000,96.000000,5.0,-12.3088,-11.3627,-49.2350,-50.1811,PENDING_AG03,FALSE,NOT_FOR_ENFORCEMENT,-59.0821,11128.5986,-61.5438,-59.0821,-2.4618,-0.00483390,-0.00464054,-2.4618,-59.0821,-0.00464054,-2.4618,-2.4618,-2.4618,-2.4618,-2.4618,-59.0821,-0.00464054,-12.3088,-11.3627,-49.2350,-50.1811,-0.00386712,-0.00394143,-0.00019336,11.5115,10.4908,-0.0557,-1.6196,-0.1061,335.0451,29.0789,,11.5115,8.4025,10.5412,11.0045,21.0824,22.009,42.1647,10.5412,0.0,2.087904,4.0,1.09205,30,155,25,3,0E-8,-0.00483390,,0E-8,0.000000,0.910505,0.000000,,2026-03-23,2026-06-20,38,580,415,90,0.422222,,,0.000000,,,,,,,,GLOBAL_BASELINE_NO_ENTITY_RANKING,,,NOT_APPLICABLE_GLOBAL_BASELINE,HF9g-P5,,,,X 全窗基线 · 不参与实体赏罚,3927986,393,A168_HF9F_20260827_0900,2026-08-27 09:00:00
2026-04-07,145898681,1951,0,10.5411844075,10.5411844075,10.5411844075,1.0000000,1,1,0.49324550000000000,0.493245500000,1.01360149184955,1.01360149184955,1.01360149184955,0E-17,ELIGIBLE,R03b_20260811_FULL_v1,L1_ELIGIBILITY,v2026-08-11,2026-03-21..2026-08-06,baccarat_bet02_101_all_pairs_incl_sentinel,round_win = game_pnl > 0 (decisive only),COMPATIBILITY_ONLY_NOT_PRODUCTION,12731.7143,11592.2902,-61.5438,1106,1105,0.00483390,,0.00483390,0.00483390,61.5438,12731.7143,OK,0.0000,-2.4618,4.0000,96.0000,AG03-UNRESOLVED,ALL5_LEVELS_bet23_to_bet27,-2.4618,-2.4618,-2.4618,-2.4618,-2.4618,4.000000,4.000000,4.000000,4.000000,4.000000,96.000000,96.000000,96.000000,96.000000,96.000000,5.0,-12.3088,-11.3627,-49.2350,-50.1811,PENDING_AG03,FALSE,NOT_FOR_ENFORCEMENT,-59.0821,11128.5986,-61.5438,-59.0821,-2.4618,-0.00483390,-0.00464054,-2.4618,-59.0821,-0.00464054,-2.4618,-2.4618,-2.4618,-2.4618,-2.4618,-59.0821,-0.00464054,-12.3088,-11.3627,-49.2350,-50.1811,-0.00386712,-0.00394143,-0.00019336,11.5115,10.4908,-0.0557,-1.6196,-0.1061,335.0451,29.0789,,11.5115,8.4025,10.5412,11.0045,21.0824,22.009,42.1647,10.5412,0.0,2.087904,4.0,1.09205,30,155,25,3,0E-8,-0.00483390,,0E-8,0.000000,0.910505,0.000000,,2026-03-23,2026-06-20,38,580,415,90,0.422222,,,0.000000,,,,,,,,GLOBAL_BASELINE_NO_ENTITY_RANKING,,,NOT_APPLICABLE_GLOBAL_BASELINE,HF9g-P5,,,,X 全窗基线 · 不参与实体赏罚,3927987,393,A168_HF9F_20260827_0900,2026-08-27 09:00:00
2026-04-07,145898681,2108,0,10.5411844075,-10.5411844075,-10.5411844075,0E-7,1,1,0.49324550000000000,0.493245500000,-0.9865810262130424,-0.9865810262130424,-0.9865810262130424,0E-17,ELIGIBLE,R03b_20260811_FULL_v1,L1_ELIGIBILITY,v2026-08-11,2026-03-21..2026-08-06,baccarat_bet02_101_all_pairs_incl_sentinel,round_win = game_pnl > 0 (decisive only),COMPATIBILITY_ONLY_NOT_PRODUCTION,12731.7143,11592.2902,-61.5438,1106,1105,0.00483390,,0.00483390,0.00483390,61.5438,12731.7143,OK,0.0000,-2.4618,4.0000,96.0000,AG03-UNRESOLVED,ALL5_LEVELS_bet23_to_bet27,-2.4618,-2.4618,-2.4618,-2.4618,-2.4618,4.000000,4.000000,4.000000,4.000000,4.000000,96.000000,96.000000,96.000000,96.000000,96.000000,5.0,-12.3088,-11.3627,-49.2350,-50.1811,PENDING_AG03,FALSE,NOT_FOR_ENFORCEMENT,-59.0821,11128.5986,-61.5438,-59.0821,-2.4618,-0.00483390,-0.00464054,-2.4618,-59.0821,-0.00464054,-2.4618,-2.4618,-2.4618,-2.4618,-2.4618,-59.0821,-0.00464054,-12.3088,-11.3627,-49.2350,-50.1811,-0.00386712,-0.00394143,-0.00019336,11.5115,10.4908,-0.0557,-1.6196,-0.1061,335.0451,29.0789,,11.5115,8.4025,10.5412,11.0045,21.0824,22.009,42.1647,10.5412,0.0,2.087904,4.0,1.09205,30,155,25,3,0E-8,-0.00483390,,0E-8,0.000000,0.910505,0.000000,,2026-03-23,2026-06-20,38,580,415,90,0.422222,,,0.000000,,,,,,,,GLOBAL_BASELINE_NO_ENTITY_RANKING,,,NOT_APPLICABLE_GLOBAL_BASELINE,HF9g-P5,,,,X 全窗基线 · 不参与实体赏罚,3927988,393,A168_HF9F_20260827_0900,2026-08-27 09:00:00
2026-04-07,145898681,2152,0,10.5411844075,-10.5411844075,-10.5411844075,0E-7,1,1,0.49324550000000000,0.493245500000,-0.9865810262130424,-0.9865810262130424,-0.9865810262130424,0E-17,ELIGIBLE,R03b_20260811_FULL_v1,L1_ELIGIBILITY,v2026-08-11,2026-03-21..2026-08-06,baccarat_bet02_101_all_pairs_incl_sentinel,round_win = game_pnl > 0 (decisive only),COMPATIBILITY_ONLY_NOT_PRODUCTION,12731.7143,11592.2902,-61.5438,1106,1105,0.00483390,,0.00483390,0.00483390,61.5438,12731.7143,OK,0.0000,-2.4618,4.0000,96.0000,AG03-UNRESOLVED,ALL5_LEVELS_bet23_to_bet27,-2.4618,-2.4618,-2.4618,-2.4618,-2.4618,4.000000,4.000000,4.000000,4.000000,4.000000,96.000000,96.000000,96.000000,96.000000,96.000000,5.0,-12.3088,-11.3627,-49.2350,-50.1811,PENDING_AG03,FALSE,NOT_FOR_ENFORCEMENT,-59.0821,11128.5986,-61.5438,-59.0821,-2.4618,-0.00483390,-0.00464054,-2.4618,-59.0821,-0.00464054,-2.4618,-2.4618,-2.4618,-2.4618,-2.4618,-59.0821,-0.00464054,-12.3088,-11.3627,-49.2350,-50.1811,-0.00386712,-0.00394143,-0.00019336,11.5115,10.4908,-0.0557,-1.6196,-0.1061,335.0451,29.0789,,11.5115,8.4025,10.5412,11.0045,21.0824,22.009,42.1647,10.5412,0.0,2.087904,4.0,1.09205,30,155,25,3,0E-8,-0.00483390,,0E-8,0.000000,0.910505,0.000000,,2026-03-23,2026-06-20,38,580,415,90,0.422222,,,0.000000,,,,,,,,GLOBAL_BASELINE_NO_ENTITY_RANKING,,,NOT_APPLICABLE_GLOBAL_BASELINE,HF9g-P5,,,,X 全窗基线 · 不参与实体赏罚,3927989,393,A168_HF9F_20260827_0900,2026-08-27 09:00:00
2026-04-07,145898681,2170,0,10.9628317838,-10.9628317838,-10.9628317838,0E-7,1,1,0.49324550000000000,0.493245500000,-0.9865810262130424,-0.9865810262130424,-0.9865810262130424,0E-17,ELIGIBLE,R03b_20260811_FULL_v1,L1_ELIGIBILITY,v2026-08-11,2026-03-21..2026-08-06,baccarat_bet02_101_all_pairs_incl_sentinel,round_win = game_pnl > 0 (decisive only),COMPATIBILITY_ONLY_NOT_PRODUCTION,12731.7143,11592.2902,-61.5438,1106,1105,0.00483390,,0.00483390,0.00483390,61.5438,12731.7143,OK,0.0000,-2.4618,4.0000,96.0000,AG03-UNRESOLVED,ALL5_LEVELS_bet23_to_bet27,-2.4618,-2.4618,-2.4618,-2.4618,-2.4618,4.000000,4.000000,4.000000,4.000000,4.000000,96.000000,96.000000,96.000000,96.000000,96.000000,5.0,-12.3088,-11.3627,-49.2350,-50.1811,PENDING_AG03,FALSE,NOT_FOR_ENFORCEMENT,-59.0821,11128.5986,-61.5438,-59.0821,-2.4618,-0.00483390,-0.00464054,-2.4618,-59.0821,-0.00464054,-2.4618,-2.4618,-2.4618,-2.4618,-2.4618,-59.0821,-0.00464054,-12.3088,-11.3627,-49.2350,-50.1811,-0.00386712,-0.00394143,-0.00019336,11.5115,10.4908,-0.0557,-1.6196,-0.1061,335.0451,29.0789,,11.5115,8.4025,10.5412,11.0045,21.0824,22.009,42.1647,10.5412,0.0,2.087904,4.0,1.09205,30,155,25,3,0E-8,-0.00483390,,0E-8,0.000000,0.910505,0.000000,,2026-03-23,2026-06-20,38,580,415,90,0.422222,,,0.000000,,,,,,,,GLOBAL_BASELINE_NO_ENTITY_RANKING,,,NOT_APPLICABLE_GLOBAL_BASELINE,HF9g-P5,,,,X 全窗基线 · 不参与实体赏罚,3927990,393,A168_HF9F_20260827_0900,2026-08-27 09:00:00
2026-04-07,145898681,2196,0,21.0823688150,21.0823688150,21.0823688150,1.0000000,2,2,0.49324550000000000,0.493245500000,1.4334489766152358,1.4334489766152358,1.4334489766152358,0E-17,ELIGIBLE,R03b_20260811_FULL_v1,L1_ELIGIBILITY,v2026-08-11,2026-03-21..2026-08-06,baccarat_bet02_101_all_pairs_incl_sentinel,round_win = game_pnl > 0 (decisive only),COMPATIBILITY_ONLY_NOT_PRODUCTION,12731.7143,11592.2902,-61.5438,1106,1105,0.00483390,,0.00483390,0.00483390,61.5438,12731.7143,OK,0.0000,-2.4618,4.0000,96.0000,AG03-UNRESOLVED,ALL5_LEVELS_bet23_to_bet27,-2.4618,-2.4618,-2.4618,-2.4618,-2.4618,4.000000,4.000000,4.000000,4.000000,4.000000,96.000000,96.000000,96.000000,96.000000,96.000000,5.0,-12.3088,-11.3627,-49.2350,-50.1811,PENDING_AG03,FALSE,NOT_FOR_ENFORCEMENT,-59.0821,11128.5986,-61.5438,-59.0821,-2.4618,-0.00483390,-0.00464054,-2.4618,-59.0821,-0.00464054,-2.4618,-2.4618,-2.4618,-2.4618,-2.4618,-59.0821,-0.00464054,-12.3088,-11.3627,-49.2350,-50.1811,-0.00386712,-0.00394143,-0.00019336,11.5115,10.4908,-0.0557,-1.6196,-0.1061,335.0451,29.0789,,11.5115,8.4025,10.5412,11.0045,21.0824,22.009,42.1647,10.5412,0.0,2.087904,4.0,1.09205,30,155,25,3,0E-8,-0.00483390,,0E-8,0.000000,0.910505,0.000000,,2026-03-23,2026-06-20,38,580,415,90,0.422222,,,0.000000,,,,,,,,GLOBAL_BASELINE_NO_ENTITY_RANKING,,,NOT_APPLICABLE_GLOBAL_BASELINE,HF9g-P5,,,,X 全窗基线 · 不参与实体赏罚,3927991,393,A168_HF9F_20260827_0900,2026-08-27 09:00:00
2026-04-07,145898681,2216,0,10.5411844075,-10.5411844075,-10.5411844075,0E-7,1,1,0.49324550000000000,0.493245500000,-0.9865810262130424,-0.9865810262130424,-0.9865810262130424,0E-17,ELIGIBLE,R03b_20260811_FULL_v1,L1_ELIGIBILITY,v2026-08-11,2026-03-21..2026-08-06,baccarat_bet02_101_all_pairs_incl_sentinel,round_win = game_pnl > 0 (decisive only),COMPATIBILITY_ONLY_NOT_PRODUCTION,12731.7143,11592.2902,-61.5438,1106,1105,0.00483390,,0.00483390,0.00483390,61.5438,12731.7143,OK,0.0000,-2.4618,4.0000,96.0000,AG03-UNRESOLVED,ALL5_LEVELS_bet23_to_bet27,-2.4618,-2.4618,-2.4618,-2.4618,-2.4618,4.000000,4.000000,4.000000,4.000000,4.000000,96.000000,96.000000,96.000000,96.000000,96.000000,5.0,-12.3088,-11.3627,-49.2350,-50.1811,PENDING_AG03,FALSE,NOT_FOR_ENFORCEMENT,-59.0821,11128.5986,-61.5438,-59.0821,-2.4618,-0.00483390,-0.00464054,-2.4618,-59.0821,-0.00464054,-2.4618,-2.4618,-2.4618,-2.4618,-2.4618,-59.0821,-0.00464054,-12.3088,-11.3627,-49.2350,-50.1811,-0.00386712,-0.00394143,-0.00019336,11.5115,10.4908,-0.0557,-1.6196,-0.1061,335.0451,29.0789,,11.5115,8.4025,10.5412,11.0045,21.0824,22.009,42.1647,10.5412,0.0,2.087904,4.0,1.09205,30,155,25,3,0E-8,-0.00483390,,0E-8,0.000000,0.910505,0.000000,,2026-03-23,2026-06-20,38,580,415,90,0.422222,,,0.000000,,,,,,,,GLOBAL_BASELINE_NO_ENTITY_RANKING,,,NOT_APPLICABLE_GLOBAL_BASELINE,HF9g-P5,,,,X 全窗基线 · 不参与实体赏罚,3927992,393,A168_HF9F_20260827_0900,2026-08-27 09:00:00
2026-04-07,145898681,2235,0,10.5411844075,-10.5411844075,-10.5411844075,0E-7,1,1,0.49324550000000000,0.493245500000,-0.9865810262130424,-0.9865810262130424,-0.9865810262130424,0E-17,ELIGIBLE,R03b_20260811_FULL_v1,L1_ELIGIBILITY,v2026-08-11,2026-03-21..2026-08-06,baccarat_bet02_101_all_pairs_incl_sentinel,round_win = game_pnl > 0 (decisive only),COMPATIBILITY_ONLY_NOT_PRODUCTION,12731.7143,11592.2902,-61.5438,1106,1105,0.00483390,,0.00483390,0.00483390,61.5438,12731.7143,OK,0.0000,-2.4618,4.0000,96.0000,AG03-UNRESOLVED,ALL5_LEVELS_bet23_to_bet27,-2.4618,-2.4618,-2.4618,-2.4618,-2.4618,4.000000,4.000000,4.000000,4.000000,4.000000,96.000000,96.000000,96.000000,96.000000,96.000000,5.0,-12.3088,-11.3627,-49.2350,-50.1811,PENDING_AG03,FALSE,NOT_FOR_ENFORCEMENT,-59.0821,11128.5986,-61.5438,-59.0821,-2.4618,-0.00483390,-0.00464054,-2.4618,-59.0821,-0.00464054,-2.4618,-2.4618,-2.4618,-2.4618,-2.4618,-59.0821,-0.00464054,-12.3088,-11.3627,-49.2350,-50.1811,-0.00386712,-0.00394143,-0.00019336,11.5115,10.4908,-0.0557,-1.6196,-0.1061,335.0451,29.0789,,11.5115,8.4025,10.5412,11.0045,21.0824,22.009,42.1647,10.5412,0.0,2.087904,4.0,1.09205,30,155,25,3,0E-8,-0.00483390,,0E-8,0.000000,0.910505,0.000000,,2026-03-23,2026-06-20,38,580,415,90,0.422222,,,0.000000,,,,,,,,GLOBAL_BASELINE_NO_ENTITY_RANKING,,,NOT_APPLICABLE_GLOBAL_BASELINE,HF9g-P5,,,,X 全窗基线 · 不参与实体赏罚,3927993,393,A168_HF9F_20260827_0900,2026-08-27 09:00:00
2026-04-07,145898681,2239,0,10.5411844075,10.5411844075,10.5411844075,1.0000000,1,1,0.49324550000000000,0.493245500000,1.01360149184955,1.01360149184955,1.01360149184955,0E-17,ELIGIBLE,R03b_20260811_FULL_v1,L1_ELIGIBILITY,v2026-08-11,2026-03-21..2026-08-06,baccarat_bet02_101_all_pairs_incl_sentinel,round_win = game_pnl > 0 (decisive only),COMPATIBILITY_ONLY_NOT_PRODUCTION,12731.7143,11592.2902,-61.5438,1106,1105,0.00483390,,0.00483390,0.00483390,61.5438,12731.7143,OK,0.0000,-2.4618,4.0000,96.0000,AG03-UNRESOLVED,ALL5_LEVELS_bet23_to_bet27,-2.4618,-2.4618,-2.4618,-2.4618,-2.4618,4.000000,4.000000,4.000000,4.000000,4.000000,96.000000,96.000000,96.000000,96.000000,96.000000,5.0,-12.3088,-11.3627,-49.2350,-50.1811,PENDING_AG03,FALSE,NOT_FOR_ENFORCEMENT,-59.0821,11128.5986,-61.5438,-59.0821,-2.4618,-0.00483390,-0.00464054,-2.4618,-59.0821,-0.00464054,-2.4618,-2.4618,-2.4618,-2.4618,-2.4618,-59.0821,-0.00464054,-12.3088,-11.3627,-49.2350,-50.1811,-0.00386712,-0.00394143,-0.00019336,11.5115,10.4908,-0.0557,-1.6196,-0.1061,335.0451,29.0789,,11.5115,8.4025,10.5412,11.0045,21.0824,22.009,42.1647,10.5412,0.0,2.087904,4.0,1.09205,30,155,25,3,0E-8,-0.00483390,,0E-8,0.000000,0.910505,0.000000,,2026-03-23,2026-06-20,38,580,415,90,0.422222,,,0.000000,,,,,,,,GLOBAL_BASELINE_NO_ENTITY_RANKING,,,NOT_APPLICABLE_GLOBAL_BASELINE,HF9g-P5,,,,X 全窗基线 · 不参与实体赏罚,3927994,393,A168_HF9F_20260827_0900,2026-08-27 09:00:00
2026-04-07,145898681,2246,0,21.0823688150,-21.0823688150,-21.0823688150,0E-7,2,2,0.49324550000000000,0.493245500000,-1.3952362676504506,-1.3952362676504506,-1.3952362676504506,0E-17,ELIGIBLE,R03b_20260811_FULL_v1,L1_ELIGIBILITY,v2026-08-11,2026-03-21..2026-08-06,baccarat_bet02_101_all_pairs_incl_sentinel,round_win = game_pnl > 0 (decisive only),COMPATIBILITY_ONLY_NOT_PRODUCTION,12731.7143,11592.2902,-61.5438,1106,1105,0.00483390,,0.00483390,0.00483390,61.5438,12731.7143,OK,0.0000,-2.4618,4.0000,96.0000,AG03-UNRESOLVED,ALL5_LEVELS_bet23_to_bet27,-2.4618,-2.4618,-2.4618,-2.4618,-2.4618,4.000000,4.000000,4.000000,4.000000,4.000000,96.000000,96.000000,96.000000,96.000000,96.000000,5.0,-12.3088,-11.3627,-49.2350,-50.1811,PENDING_AG03,FALSE,NOT_FOR_ENFORCEMENT,-59.0821,11128.5986,-61.5438,-59.0821,-2.4618,-0.00483390,-0.00464054,-2.4618,-59.0821,-0.00464054,-2.4618,-2.4618,-2.4618,-2.4618,-2.4618,-59.0821,-0.00464054,-12.3088,-11.3627,-49.2350,-50.1811,-0.00386712,-0.00394143,-0.00019336,11.5115,10.4908,-0.0557,-1.6196,-0.1061,335.0451,29.0789,,11.5115,8.4025,10.5412,11.0045,21.0824,22.009,42.1647,10.5412,0.0,2.087904,4.0,1.09205,30,155,25,3,0E-8,-0.00483390,,0E-8,0.000000,0.910505,0.000000,,2026-03-23,2026-06-20,38,580,415,90,0.422222,,,0.000000,,,,,,,,GLOBAL_BASELINE_NO_ENTITY_RANKING,,,NOT_APPLICABLE_GLOBAL_BASELINE,HF9g-P5,,,,X 全窗基线 · 不参与实体赏罚,3927995,393,A168_HF9F_20260827_0900,2026-08-27 09:00:00
2026-04-07,145898681,550,0,40.0565007485,21.0823688150,21.0823688150,0.7500000,5,5,0.49592654000000000,0.495926540000,1.0163275685615971,1.0163275685615971,1.0163275685615971,0E-17,ELIGIBLE,R03b_20260811_FULL_v1,L1_ELIGIBILITY,v2026-08-11,2026-03-21..2026-08-06,baccarat_bet02_101_all_pairs_incl_sentinel,round_win = game_pnl > 0 (decisive only),COMPATIBILITY_ONLY_NOT_PRODUCTION,12731.7143,11592.2902,-61.5438,1106,1105,0.00483390,,0.00483390,0.00483390,61.5438,12731.7143,OK,0.0000,-2.4618,4.0000,96.0000,AG03-UNRESOLVED,ALL5_LEVELS_bet23_to_bet27,-2.4618,-2.4618,-2.4618,-2.4618,-2.4618,4.000000,4.000000,4.000000,4.000000,4.000000,96.000000,96.000000,96.000000,96.000000,96.000000,5.0,-12.3088,-11.3627,-49.2350,-50.1811,PENDING_AG03,FALSE,NOT_FOR_ENFORCEMENT,-59.0821,11128.5986,-61.5438,-59.0821,-2.4618,-0.00483390,-0.00464054,-2.4618,-59.0821,-0.00464054,-2.4618,-2.4618,-2.4618,-2.4618,-2.4618,-59.0821,-0.00464054,-12.3088,-11.3627,-49.2350,-50.1811,-0.00386712,-0.00394143,-0.00019336,11.5115,10.4908,-0.0557,-1.6196,-0.1061,335.0451,29.0789,,11.5115,8.4025,10.5412,11.0045,21.0824,22.009,42.1647,10.5412,0.0,2.087904,4.0,1.09205,30,155,25,3,0E-8,-0.00483390,,0E-8,0.000000,0.910505,0.000000,,2026-03-23,2026-06-20,38,580,415,90,0.422222,,,0.000000,,,,,,,,GLOBAL_BASELINE_NO_ENTITY_RANKING,,,NOT_APPLICABLE_GLOBAL_BASELINE,HF9g-P5,,,,X 全窗基线 · 不参与实体赏罚,3927996,393,A168_HF9F_20260827_0900,2026-08-27 09:00:00
2026-04-07,145898681,919,0,10.5411844075,0E-10,0E-10,,1,1,0.49324550000000000,0.493245500000,,,,0E-17,NO_DECISIVE_ROUND,R03b_20260811_FULL_v1,L1_ELIGIBILITY,v2026-08-11,2026-03-21..2026-08-06,baccarat_bet02_101_all_pairs_incl_sentinel,round_win = game_pnl > 0 (decisive only),COMPATIBILITY_ONLY_NOT_PRODUCTION,12731.7143,11592.2902,-61.5438,1106,1105,0.00483390,,0.00483390,0.00483390,61.5438,12731.7143,OK,0.0000,-2.4618,4.0000,96.0000,AG03-UNRESOLVED,ALL5_LEVELS_bet23_to_bet27,-2.4618,-2.4618,-2.4618,-2.4618,-2.4618,4.000000,4.000000,4.000000,4.000000,4.000000,96.000000,96.000000,96.000000,96.000000,96.000000,5.0,-12.3088,-11.3627,-49.2350,-50.1811,PENDING_AG03,FALSE,NOT_FOR_ENFORCEMENT,-59.0821,11128.5986,-61.5438,-59.0821,-2.4618,-0.00483390,-0.00464054,-2.4618,-59.0821,-0.00464054,-2.4618,-2.4618,-2.4618,-2.4618,-2.4618,-59.0821,-0.00464054,-12.3088,-11.3627,-49.2350,-50.1811,-0.00386712,-0.00394143,-0.00019336,11.5115,10.4908,-0.0557,-1.6196,-0.1061,335.0451,29.0789,,11.5115,8.4025,10.5412,11.0045,21.0824,22.009,42.1647,10.5412,0.0,2.087904,4.0,1.09205,30,155,25,3,0E-8,-0.00483390,,0E-8,0.000000,0.910505,0.000000,,2026-03-23,2026-06-20,38,580,415,90,0.422222,,,0.000000,,,,,,,,GLOBAL_BASELINE_NO_ENTITY_RANKING,,,NOT_APPLICABLE_GLOBAL_BASELINE,HF9g-P5,,,,X 全窗基线 · 不参与实体赏罚,3927997,393,A168_HF9F_20260827_0900,2026-08-27 09:00:00
2026-04-07,145898681,948,0,31.6235532225,31.6235532225,31.6235532225,1.0000000,3,3,0.49324550000000000,0.493245500000,1.755609282511032,1.7556092825110319,1.755609282511032,0E-17,ELIGIBLE,R03b_20260811_FULL_v1,L1_ELIGIBILITY,v2026-08-11,2026-03-21..2026-08-06,baccarat_bet02_101_all_pairs_incl_sentinel,round_win = game_pnl > 0 (decisive only),COMPATIBILITY_ONLY_NOT_PRODUCTION,12731.7143,11592.2902,-61.5438,1106,1105,0.00483390,,0.00483390,0.00483390,61.5438,12731.7143,OK,0.0000,-2.4618,4.0000,96.0000,AG03-UNRESOLVED,ALL5_LEVELS_bet23_to_bet27,-2.4618,-2.4618,-2.4618,-2.4618,-2.4618,4.000000,4.000000,4.000000,4.000000,4.000000,96.000000,96.000000,96.000000,96.000000,96.000000,5.0,-12.3088,-11.3627,-49.2350,-50.1811,PENDING_AG03,FALSE,NOT_FOR_ENFORCEMENT,-59.0821,11128.5986,-61.5438,-59.0821,-2.4618,-0.00483390,-0.00464054,-2.4618,-59.0821,-0.00464054,-2.4618,-2.4618,-2.4618,-2.4618,-2.4618,-59.0821,-0.00464054,-12.3088,-11.3627,-49.2350,-50.1811,-0.00386712,-0.00394143,-0.00019336,11.5115,10.4908,-0.0557,-1.6196,-0.1061,335.0451,29.0789,,11.5115,8.4025,10.5412,11.0045,21.0824,22.009,42.1647,10.5412,0.0,2.087904,4.0,1.09205,30,155,25,3,0E-8,-0.00483390,,0E-8,0.000000,0.910505,0.000000,,2026-03-23,2026-06-20,38,580,415,90,0.422222,,,0.000000,,,,,,,,GLOBAL_BASELINE_NO_ENTITY_RANKING,,,NOT_APPLICABLE_GLOBAL_BASELINE,HF9g-P5,,,,X 全窗基线 · 不参与实体赏罚,3927998,393,A168_HF9F_20260827_0900,2026-08-27 09:00:00
2026-04-07,145898681,986,0,26.9854320832,-26.9854320832,-26.9854320832,0E-7,2,2,0.49324550000000000,0.493245500000,-1.3952362676504506,-1.3952362676504506,-1.3952362676504506,0E-17,ELIGIBLE,R03b_20260811_FULL_v1,L1_ELIGIBILITY,v2026-08-11,2026-03-21..2026-08-06,baccarat_bet02_101_all_pairs_incl_sentinel,round_win = game_pnl > 0 (decisive only),COMPATIBILITY_ONLY_NOT_PRODUCTION,12731.7143,11592.2902,-61.5438,1106,1105,0.00483390,,0.00483390,0.00483390,61.5438,12731.7143,OK,0.0000,-2.4618,4.0000,96.0000,AG03-UNRESOLVED,ALL5_LEVELS_bet23_to_bet27,-2.4618,-2.4618,-2.4618,-2.4618,-2.4618,4.000000,4.000000,4.000000,4.000000,4.000000,96.000000,96.000000,96.000000,96.000000,96.000000,5.0,-12.3088,-11.3627,-49.2350,-50.1811,PENDING_AG03,FALSE,NOT_FOR_ENFORCEMENT,-59.0821,11128.5986,-61.5438,-59.0821,-2.4618,-0.00483390,-0.00464054,-2.4618,-59.0821,-0.00464054,-2.4618,-2.4618,-2.4618,-2.4618,-2.4618,-59.0821,-0.00464054,-12.3088,-11.3627,-49.2350,-50.1811,-0.00386712,-0.00394143,-0.00019336,11.5115,10.4908,-0.0557,-1.6196,-0.1061,335.0451,29.0789,,11.5115,8.4025,10.5412,11.0045,21.0824,22.009,42.1647,10.5412,0.0,2.087904,4.0,1.09205,30,155,25,3,0E-8,-0.00483390,,0E-8,0.000000,0.910505,0.000000,,2026-03-23,2026-06-20,38,580,415,90,0.422222,,,0.000000,,,,,,,,GLOBAL_BASELINE_NO_ENTITY_RANKING,,,NOT_APPLICABLE_GLOBAL_BASELINE,HF9g-P5,,,,X 全窗基线 · 不参与实体赏罚,3927999,393,A168_HF9F_20260827_0900,2026-08-27 09:00:00
2026-04-08,145898681,1363,0,46.3812113930,44.9054455759,44.9054455759,1.0000000,4,4,0.49994810000000000,0.499948100000,2.0002076107755586,2.0002076107755586,2.0002076107755586,0E-17,ELIGIBLE,R03b_20260811_FULL_v1,L1_ELIGIBILITY,v2026-08-11,2026-03-21..2026-08-06,baccarat_bet02_101_all_pairs_incl_sentinel,round_win = game_pnl > 0 (decisive only),COMPATIBILITY_ONLY_NOT_PRODUCTION,12731.7143,11592.2902,-61.5438,1106,1105,0.00483390,,0.00483390,0.00483390,61.5438,12731.7143,OK,0.0000,-2.4618,4.0000,96.0000,AG03-UNRESOLVED,ALL5_LEVELS_bet23_to_bet27,-2.4618,-2.4618,-2.4618,-2.4618,-2.4618,4.000000,4.000000,4.000000,4.000000,4.000000,96.000000,96.000000,96.000000,96.000000,96.000000,5.0,-12.3088,-11.3627,-49.2350,-50.1811,PENDING_AG03,FALSE,NOT_FOR_ENFORCEMENT,-59.0821,11128.5986,-61.5438,-59.0821,-2.4618,-0.00483390,-0.00464054,-2.4618,-59.0821,-0.00464054,-2.4618,-2.4618,-2.4618,-2.4618,-2.4618,-59.0821,-0.00464054,-12.3088,-11.3627,-49.2350,-50.1811,-0.00386712,-0.00394143,-0.00019336,11.5115,10.4908,-0.0557,-1.6196,-0.1061,335.0451,29.0789,,11.5115,8.4025,10.5412,11.0045,21.0824,22.009,42.1647,10.5412,0.0,2.087904,4.0,1.09205,30,155,25,3,0E-8,-0.00483390,,0E-8,0.000000,0.910505,0.000000,,2026-03-23,2026-06-20,38,580,415,90,0.422222,,,0.000000,,,,,,,,GLOBAL_BASELINE_NO_ENTITY_RANKING,,,NOT_APPLICABLE_GLOBAL_BASELINE,HF9g-P5,,,,X 全窗基线 · 不参与实体赏罚,3928000,393,A168_HF9F_20260827_0900,2026-08-27 09:00:00
2026-04-08,145898681,1490,0,31.6235532225,10.5411844075,10.5411844075,0.5000000,2,2,0.49324550000000000,0.493245500000,0.01910635448239258,0.01910635448239258,0.01910635448239258,0E-17,ELIGIBLE,R03b_20260811_FULL_v1,L1_ELIGIBILITY,v2026-08-11,2026-03-21..2026-08-06,baccarat_bet02_101_all_pairs_incl_sentinel,round_win = game_pnl > 0 (decisive only),COMPATIBILITY_ONLY_NOT_PRODUCTION,12731.7143,11592.2902,-61.5438,1106,1105,0.00483390,,0.00483390,0.00483390,61.5438,12731.7143,OK,0.0000,-2.4618,4.0000,96.0000,AG03-UNRESOLVED,ALL5_LEVELS_bet23_to_bet27,-2.4618,-2.4618,-2.4618,-2.4618,-2.4618,4.000000,4.000000,4.000000,4.000000,4.000000,96.000000,96.000000,96.000000,96.000000,96.000000,5.0,-12.3088,-11.3627,-49.2350,-50.1811,PENDING_AG03,FALSE,NOT_FOR_ENFORCEMENT,-59.0821,11128.5986,-61.5438,-59.0821,-2.4618,-0.00483390,-0.00464054,-2.4618,-59.0821,-0.00464054,-2.4618,-2.4618,-2.4618,-2.4618,-2.4618,-59.0821,-0.00464054,-12.3088,-11.3627,-49.2350,-50.1811,-0.00386712,-0.00394143,-0.00019336,11.5115,10.4908,-0.0557,-1.6196,-0.1061,335.0451,29.0789,,11.5115,8.4025,10.5412,11.0045,21.0824,22.009,42.1647,10.5412,0.0,2.087904,4.0,1.09205,30,155,25,3,0E-8,-0.00483390,,0E-8,0.000000,0.910505,0.000000,,2026-03-23,2026-06-20,38,580,415,90,0.422222,,,0.000000,,,,,,,,GLOBAL_BASELINE_NO_ENTITY_RANKING,,,NOT_APPLICABLE_GLOBAL_BASELINE,HF9g-P5,,,,X 全窗基线 · 不参与实体赏罚,3928001,393,A168_HF9F_20260827_0900,2026-08-27 09:00:00
2026-04-08,145898681,2060,0,21.0823688150,-21.0823688150,-21.0823688150,0E-7,1,1,0.49324550000000000,0.493245500000,-0.9865810262130424,-0.9865810262130424,-0.9865810262130424,0E-17,ELIGIBLE,R03b_20260811_FULL_v1,L1_ELIGIBILITY,v2026-08-11,2026-03-21..2026-08-06,baccarat_bet02_101_all_pairs_incl_sentinel,round_win = game_pnl > 0 (decisive only),COMPATIBILITY_ONLY_NOT_PRODUCTION,12731.7143,11592.2902,-61.5438,1106,1105,0.00483390,,0.00483390,0.00483390,61.5438,12731.7143,OK,0.0000,-2.4618,4.0000,96.0000,AG03-UNRESOLVED,ALL5_LEVELS_bet23_to_bet27,-2.4618,-2.4618,-2.4618,-2.4618,-2.4618,4.000000,4.000000,4.000000,4.000000,4.000000,96.000000,96.000000,96.000000,96.000000,96.000000,5.0,-12.3088,-11.3627,-49.2350,-50.1811,PENDING_AG03,FALSE,NOT_FOR_ENFORCEMENT,-59.0821,11128.5986,-61.5438,-59.0821,-2.4618,-0.00483390,-0.00464054,-2.4618,-59.0821,-0.00464054,-2.4618,-2.4618,-2.4618,-2.4618,-2.4618,-59.0821,-0.00464054,-12.3088,-11.3627,-49.2350,-50.1811,-0.00386712,-0.00394143,-0.00019336,11.5115,10.4908,-0.0557,-1.6196,-0.1061,335.0451,29.0789,,11.5115,8.4025,10.5412,11.0045,21.0824,22.009,42.1647,10.5412,0.0,2.087904,4.0,1.09205,30,155,25,3,0E-8,-0.00483390,,0E-8,0.000000,0.910505,0.000000,,2026-03-23,2026-06-20,38,580,415,90,0.422222,,,0.000000,,,,,,,,GLOBAL_BASELINE_NO_ENTITY_RANKING,,,NOT_APPLICABLE_GLOBAL_BASELINE,HF9g-P5,,,,X 全窗基线 · 不参与实体赏罚,3928002,393,A168_HF9F_20260827_0900,2026-08-27 09:00:00
2026-04-08,145898681,2177,0,23.1906056965,-2.6352961019,-2.6352961019,0.5000000,2,2,0.49994810000000000,0.499948100000,0.00014679536856514622,0.00014679536856514622,0.00014679536856514622,0E-17,ELIGIBLE,R03b_20260811_FULL_v1,L1_ELIGIBILITY,v2026-08-11,2026-03-21..2026-08-06,baccarat_bet02_101_all_pairs_incl_sentinel,round_win = game_pnl > 0 (decisive only),COMPATIBILITY_ONLY_NOT_PRODUCTION,12731.7143,11592.2902,-61.5438,1106,1105,0.00483390,,0.00483390,0.00483390,61.5438,12731.7143,OK,0.0000,-2.4618,4.0000,96.0000,AG03-UNRESOLVED,ALL5_LEVELS_bet23_to_bet27,-2.4618,-2.4618,-2.4618,-2.4618,-2.4618,4.000000,4.000000,4.000000,4.000000,4.000000,96.000000,96.000000,96.000000,96.000000,96.000000,5.0,-12.3088,-11.3627,-49.2350,-50.1811,PENDING_AG03,FALSE,NOT_FOR_ENFORCEMENT,-59.0821,11128.5986,-61.5438,-59.0821,-2.4618,-0.00483390,-0.00464054,-2.4618,-59.0821,-0.00464054,-2.4618,-2.4618,-2.4618,-2.4618,-2.4618,-59.0821,-0.00464054,-12.3088,-11.3627,-49.2350,-50.1811,-0.00386712,-0.00394143,-0.00019336,11.5115,10.4908,-0.0557,-1.6196,-0.1061,335.0451,29.0789,,11.5115,8.4025,10.5412,11.0045,21.0824,22.009,42.1647,10.5412,0.0,2.087904,4.0,1.09205,30,155,25,3,0E-8,-0.00483390,,0E-8,0.000000,0.910505,0.000000,,2026-03-23,2026-06-20,38,580,415,90,0.422222,,,0.000000,,,,,,,,GLOBAL_BASELINE_NO_ENTITY_RANKING,,,NOT_APPLICABLE_GLOBAL_BASELINE,HF9g-P5,,,,X 全窗基线 · 不参与实体赏罚,3928003,393,A168_HF9F_20260827_0900,2026-08-27 09:00:00
2026-04-08,145898681,2224,0,73.7882908525,30.5694347817,30.5694347817,0.8000000,5,5,0.49860758000000000,0.498607580000,1.3478731046594083,1.3478731046594083,1.3478731046594083,0E-17,ELIGIBLE,R03b_20260811_FULL_v1,L1_ELIGIBILITY,v2026-08-11,2026-03-21..2026-08-06,baccarat_bet02_101_all_pairs_incl_sentinel,round_win = game_pnl > 0 (decisive only),COMPATIBILITY_ONLY_NOT_PRODUCTION,12731.7143,11592.2902,-61.5438,1106,1105,0.00483390,,0.00483390,0.00483390,61.5438,12731.7143,OK,0.0000,-2.4618,4.0000,96.0000,AG03-UNRESOLVED,ALL5_LEVELS_bet23_to_bet27,-2.4618,-2.4618,-2.4618,-2.4618,-2.4618,4.000000,4.000000,4.000000,4.000000,4.000000,96.000000,96.000000,96.000000,96.000000,96.000000,5.0,-12.3088,-11.3627,-49.2350,-50.1811,PENDING_AG03,FALSE,NOT_FOR_ENFORCEMENT,-59.0821,11128.5986,-61.5438,-59.0821,-2.4618,-0.00483390,-0.00464054,-2.4618,-59.0821,-0.00464054,-2.4618,-2.4618,-2.4618,-2.4618,-2.4618,-59.0821,-0.00464054,-12.3088,-11.3627,-49.2350,-50.1811,-0.00386712,-0.00394143,-0.00019336,11.5115,10.4908,-0.0557,-1.6196,-0.1061,335.0451,29.0789,,11.5115,8.4025,10.5412,11.0045,21.0824,22.009,42.1647,10.5412,0.0,2.087904,4.0,1.09205,30,155,25,3,0E-8,-0.00483390,,0E-8,0.000000,0.910505,0.000000,,2026-03-23,2026-06-20,38,580,415,90,0.422222,,,0.000000,,,,,,,,GLOBAL_BASELINE_NO_ENTITY_RANKING,,,NOT_APPLICABLE_GLOBAL_BASELINE,HF9g-P5,,,,X 全窗基线 · 不参与实体赏罚,3928004,393,A168_HF9F_20260827_0900,2026-08-27 09:00:00
2026-04-08,145898681,2250,0,52.7059220375,31.6235532225,31.6235532225,0.7500000,4,4,0.49324550000000000,0.493245500000,1.0271117246678039,1.0271117246678039,1.0271117246678039,0E-17,ELIGIBLE,R03b_20260811_FULL_v1,L1_ELIGIBILITY,v2026-08-11,2026-03-21..2026-08-06,baccarat_bet02_101_all_pairs_incl_sentinel,round_win = game_pnl > 0 (decisive only),COMPATIBILITY_ONLY_NOT_PRODUCTION,12731.7143,11592.2902,-61.5438,1106,1105,0.00483390,,0.00483390,0.00483390,61.5438,12731.7143,OK,0.0000,-2.4618,4.0000,96.0000,AG03-UNRESOLVED,ALL5_LEVELS_bet23_to_bet27,-2.4618,-2.4618,-2.4618,-2.4618,-2.4618,4.000000,4.000000,4.000000,4.000000,4.000000,96.000000,96.000000,96.000000,96.000000,96.000000,5.0,-12.3088,-11.3627,-49.2350,-50.1811,PENDING_AG03,FALSE,NOT_FOR_ENFORCEMENT,-59.0821,11128.5986,-61.5438,-59.0821,-2.4618,-0.00483390,-0.00464054,-2.4618,-59.0821,-0.00464054,-2.4618,-2.4618,-2.4618,-2.4618,-2.4618,-59.0821,-0.00464054,-12.3088,-11.3627,-49.2350,-50.1811,-0.00386712,-0.00394143,-0.00019336,11.5115,10.4908,-0.0557,-1.6196,-0.1061,335.0451,29.0789,,11.5115,8.4025,10.5412,11.0045,21.0824,22.009,42.1647,10.5412,0.0,2.087904,4.0,1.09205,30,155,25,3,0E-8,-0.00483390,,0E-8,0.000000,0.910505,0.000000,,2026-03-23,2026-06-20,38,580,415,90,0.422222,,,0.000000,,,,,,,,GLOBAL_BASELINE_NO_ENTITY_RANKING,,,NOT_APPLICABLE_GLOBAL_BASELINE,HF9g-P5,,,,X 全窗基线 · 不参与实体赏罚,3928005,393,A168_HF9F_20260827_0900,2026-08-27 09:00:00
2026-04-08,145898681,987,0,21.0823688150,-21.0823688150,-21.0823688150,0E-7,1,1,0.49324550000000000,0.493245500000,-0.9865810262130424,-0.9865810262130424,-0.9865810262130424,0E-17,ELIGIBLE,R03b_20260811_FULL_v1,L1_ELIGIBILITY,v2026-08-11,2026-03-21..2026-08-06,baccarat_bet02_101_all_pairs_incl_sentinel,round_win = game_pnl > 0 (decisive only),COMPATIBILITY_ONLY_NOT_PRODUCTION,12731.7143,11592.2902,-61.5438,1106,1105,0.00483390,,0.00483390,0.00483390,61.5438,12731.7143,OK,0.0000,-2.4618,4.0000,96.0000,AG03-UNRESOLVED,ALL5_LEVELS_bet23_to_bet27,-2.4618,-2.4618,-2.4618,-2.4618,-2.4618,4.000000,4.000000,4.000000,4.000000,4.000000,96.000000,96.000000,96.000000,96.000000,96.000000,5.0,-12.3088,-11.3627,-49.2350,-50.1811,PENDING_AG03,FALSE,NOT_FOR_ENFORCEMENT,-59.0821,11128.5986,-61.5438,-59.0821,-2.4618,-0.00483390,-0.00464054,-2.4618,-59.0821,-0.00464054,-2.4618,-2.4618,-2.4618,-2.4618,-2.4618,-59.0821,-0.00464054,-12.3088,-11.3627,-49.2350,-50.1811,-0.00386712,-0.00394143,-0.00019336,11.5115,10.4908,-0.0557,-1.6196,-0.1061,335.0451,29.0789,,11.5115,8.4025,10.5412,11.0045,21.0824,22.009,42.1647,10.5412,0.0,2.087904,4.0,1.09205,30,155,25,3,0E-8,-0.00483390,,0E-8,0.000000,0.910505,0.000000,,2026-03-23,2026-06-20,38,580,415,90,0.422222,,,0.000000,,,,,,,,GLOBAL_BASELINE_NO_ENTITY_RANKING,,,NOT_APPLICABLE_GLOBAL_BASELINE,HF9g-P5,,,,X 全窗基线 · 不参与实体赏罚,3928006,393,A168_HF9F_20260827_0900,2026-08-27 09:00:00
2026-04-09,145898681,-1,1,118.0612653640,-16.8658950520,-16.8658950520,0.4166667,12,12,0.49547970000000000,0.495479700000,-0.5460550277909795,-0.5460550277909795,-0.5460550277909795,0E-17,SENTINEL_DEALER,R03b_20260811_FULL_v1,L1_ELIGIBILITY,v2026-08-11,2026-03-21..2026-08-06,baccarat_bet02_101_all_pairs_incl_sentinel,round_win = game_pnl > 0 (decisive only),COMPATIBILITY_ONLY_NOT_PRODUCTION,12731.7143,11592.2902,-61.5438,1106,1105,0.00483390,,0.00483390,0.00483390,61.5438,12731.7143,OK,0.0000,-2.4618,4.0000,96.0000,AG03-UNRESOLVED,ALL5_LEVELS_bet23_to_bet27,-2.4618,-2.4618,-2.4618,-2.4618,-2.4618,4.000000,4.000000,4.000000,4.000000,4.000000,96.000000,96.000000,96.000000,96.000000,96.000000,5.0,-12.3088,-11.3627,-49.2350,-50.1811,PENDING_AG03,FALSE,NOT_FOR_ENFORCEMENT,-59.0821,11128.5986,-61.5438,-59.0821,-2.4618,-0.00483390,-0.00464054,-2.4618,-59.0821,-0.00464054,-2.4618,-2.4618,-2.4618,-2.4618,-2.4618,-59.0821,-0.00464054,-12.3088,-11.3627,-49.2350,-50.1811,-0.00386712,-0.00394143,-0.00019336,11.5115,10.4908,-0.0557,-1.6196,-0.1061,335.0451,29.0789,,11.5115,8.4025,10.5412,11.0045,21.0824,22.009,42.1647,10.5412,0.0,2.087904,4.0,1.09205,30,155,25,3,0E-8,-0.00483390,,0E-8,0.000000,0.910505,0.000000,,2026-03-23,2026-06-20,38,580,415,90,0.422222,,,0.000000,,,,,,,,GLOBAL_BASELINE_NO_ENTITY_RANKING,,,NOT_APPLICABLE_GLOBAL_BASELINE,HF9g-P5,,,,X 全窗基线 · 不参与实体赏罚,3928007,393,A168_HF9F_20260827_0900,2026-08-27 09:00:00
2026-04-09,145898681,1004,0,21.0823688150,0E-10,0E-10,0.5000000,2,2,0.49324550000000000,0.493245500000,0.01910635448239258,0.01910635448239258,0.01910635448239258,0E-17,ELIGIBLE,R03b_20260811_FULL_v1,L1_ELIGIBILITY,v2026-08-11,2026-03-21..2026-08-06,baccarat_bet02_101_all_pairs_incl_sentinel,round_win = game_pnl > 0 (decisive only),COMPATIBILITY_ONLY_NOT_PRODUCTION,12731.7143,11592.2902,-61.5438,1106,1105,0.00483390,,0.00483390,0.00483390,61.5438,12731.7143,OK,0.0000,-2.4618,4.0000,96.0000,AG03-UNRESOLVED,ALL5_LEVELS_bet23_to_bet27,-2.4618,-2.4618,-2.4618,-2.4618,-2.4618,4.000000,4.000000,4.000000,4.000000,4.000000,96.000000,96.000000,96.000000,96.000000,96.000000,5.0,-12.3088,-11.3627,-49.2350,-50.1811,PENDING_AG03,FALSE,NOT_FOR_ENFORCEMENT,-59.0821,11128.5986,-61.5438,-59.0821,-2.4618,-0.00483390,-0.00464054,-2.4618,-59.0821,-0.00464054,-2.4618,-2.4618,-2.4618,-2.4618,-2.4618,-59.0821,-0.00464054,-12.3088,-11.3627,-49.2350,-50.1811,-0.00386712,-0.00394143,-0.00019336,11.5115,10.4908,-0.0557,-1.6196,-0.1061,335.0451,29.0789,,11.5115,8.4025,10.5412,11.0045,21.0824,22.009,42.1647,10.5412,0.0,2.087904,4.0,1.09205,30,155,25,3,0E-8,-0.00483390,,0E-8,0.000000,0.910505,0.000000,,2026-03-23,2026-06-20,38,580,415,90,0.422222,,,0.000000,,,,,,,,GLOBAL_BASELINE_NO_ENTITY_RANKING,,,NOT_APPLICABLE_GLOBAL_BASELINE,HF9g-P5,,,,X 全窗基线 · 不参与实体赏罚,3928008,393,A168_HF9F_20260827_0900,2026-08-27 09:00:00
2026-04-09,145898681,1060,0,31.6235532225,0E-10,0E-10,,2,2,0.49324550000000000,0.493245500000,,,,0E-17,NO_DECISIVE_ROUND,R03b_20260811_FULL_v1,L1_ELIGIBILITY,v2026-08-11,2026-03-21..2026-08-06,baccarat_bet02_101_all_pairs_incl_sentinel,round_win = game_pnl > 0 (decisive only),COMPATIBILITY_ONLY_NOT_PRODUCTION,12731.7143,11592.2902,-61.5438,1106,1105,0.00483390,,0.00483390,0.00483390,61.5438,12731.7143,OK,0.0000,-2.4618,4.0000,96.0000,AG03-UNRESOLVED,ALL5_LEVELS_bet23_to_bet27,-2.4618,-2.4618,-2.4618,-2.4618,-2.4618,4.000000,4.000000,4.000000,4.000000,4.000000,96.000000,96.000000,96.000000,96.000000,96.000000,5.0,-12.3088,-11.3627,-49.2350,-50.1811,PENDING_AG03,FALSE,NOT_FOR_ENFORCEMENT,-59.0821,11128.5986,-61.5438,-59.0821,-2.4618,-0.00483390,-0.00464054,-2.4618,-59.0821,-0.00464054,-2.4618,-2.4618,-2.4618,-2.4618,-2.4618,-59.0821,-0.00464054,-12.3088,-11.3627,-49.2350,-50.1811,-0.00386712,-0.00394143,-0.00019336,11.5115,10.4908,-0.0557,-1.6196,-0.1061,335.0451,29.0789,,11.5115,8.4025,10.5412,11.0045,21.0824,22.009,42.1647,10.5412,0.0,2.087904,4.0,1.09205,30,155,25,3,0E-8,-0.00483390,,0E-8,0.000000,0.910505,0.000000,,2026-03-23,2026-06-20,38,580,415,90,0.422222,,,0.000000,,,,,,,,GLOBAL_BASELINE_NO_ENTITY_RANKING,,,NOT_APPLICABLE_GLOBAL_BASELINE,HF9g-P5,,,,X 全窗基线 · 不参与实体赏罚,3928009,393,A168_HF9F_20260827_0900,2026-08-27 09:00:00
2026-04-09,145898681,1078,0,42.1647376300,0E-10,0E-10,0.5000000,2,2,0.49324550000000000,0.493245500000,0.01910635448239258,0.01910635448239258,0.01910635448239258,0E-17,ELIGIBLE,R03b_20260811_FULL_v1,L1_ELIGIBILITY,v2026-08-11,2026-03-21..2026-08-06,baccarat_bet02_101_all_pairs_incl_sentinel,round_win = game_pnl > 0 (decisive only),COMPATIBILITY_ONLY_NOT_PRODUCTION,12731.7143,11592.2902,-61.5438,1106,1105,0.00483390,,0.00483390,0.00483390,61.5438,12731.7143,OK,0.0000,-2.4618,4.0000,96.0000,AG03-UNRESOLVED,ALL5_LEVELS_bet23_to_bet27,-2.4618,-2.4618,-2.4618,-2.4618,-2.4618,4.000000,4.000000,4.000000,4.000000,4.000000,96.000000,96.000000,96.000000,96.000000,96.000000,5.0,-12.3088,-11.3627,-49.2350,-50.1811,PENDING_AG03,FALSE,NOT_FOR_ENFORCEMENT,-59.0821,11128.5986,-61.5438,-59.0821,-2.4618,-0.00483390,-0.00464054,-2.4618,-59.0821,-0.00464054,-2.4618,-2.4618,-2.4618,-2.4618,-2.4618,-59.0821,-0.00464054,-12.3088,-11.3627,-49.2350,-50.1811,-0.00386712,-0.00394143,-0.00019336,11.5115,10.4908,-0.0557,-1.6196,-0.1061,335.0451,29.0789,,11.5115,8.4025,10.5412,11.0045,21.0824,22.009,42.1647,10.5412,0.0,2.087904,4.0,1.09205,30,155,25,3,0E-8,-0.00483390,,0E-8,0.000000,0.910505,0.000000,,2026-03-23,2026-06-20,38,580,415,90,0.422222,,,0.000000,,,,,,,,GLOBAL_BASELINE_NO_ENTITY_RANKING,,,NOT_APPLICABLE_GLOBAL_BASELINE,HF9g-P5,,,,X 全窗基线 · 不参与实体赏罚,3928010,393,A168_HF9F_20260827_0900,2026-08-27 09:00:00
2026-04-09,145898681,1302,0,10.5411844075,0E-10,0E-10,,1,1,0.49324550000000000,0.493245500000,,,,0E-17,NO_DECISIVE_ROUND,R03b_20260811_FULL_v1,L1_ELIGIBILITY,v2026-08-11,2026-03-21..2026-08-06,baccarat_bet02_101_all_pairs_incl_sentinel,round_win = game_pnl > 0 (decisive only),COMPATIBILITY_ONLY_NOT_PRODUCTION,12731.7143,11592.2902,-61.5438,1106,1105,0.00483390,,0.00483390,0.00483390,61.5438,12731.7143,OK,0.0000,-2.4618,4.0000,96.0000,AG03-UNRESOLVED,ALL5_LEVELS_bet23_to_bet27,-2.4618,-2.4618,-2.4618,-2.4618,-2.4618,4.000000,4.000000,4.000000,4.000000,4.000000,96.000000,96.000000,96.000000,96.000000,96.000000,5.0,-12.3088,-11.3627,-49.2350,-50.1811,PENDING_AG03,FALSE,NOT_FOR_ENFORCEMENT,-59.0821,11128.5986,-61.5438,-59.0821,-2.4618,-0.00483390,-0.00464054,-2.4618,-59.0821,-0.00464054,-2.4618,-2.4618,-2.4618,-2.4618,-2.4618,-59.0821,-0.00464054,-12.3088,-11.3627,-49.2350,-50.1811,-0.00386712,-0.00394143,-0.00019336,11.5115,10.4908,-0.0557,-1.6196,-0.1061,335.0451,29.0789,,11.5115,8.4025,10.5412,11.0045,21.0824,22.009,42.1647,10.5412,0.0,2.087904,4.0,1.09205,30,155,25,3,0E-8,-0.00483390,,0E-8,0.000000,0.910505,0.000000,,2026-03-23,2026-06-20,38,580,415,90,0.422222,,,0.000000,,,,,,,,GLOBAL_BASELINE_NO_ENTITY_RANKING,,,NOT_APPLICABLE_GLOBAL_BASELINE,HF9g-P5,,,,X 全窗基线 · 不参与实体赏罚,3928011,393,A168_HF9F_20260827_0900,2026-08-27 09:00:00
2026-04-09,145898681,1323,0,10.5411844075,-10.5411844075,-10.5411844075,0E-7,1,1,0.49324550000000000,0.493245500000,-0.9865810262130424,-0.9865810262130424,-0.9865810262130424,0E-17,ELIGIBLE,R03b_20260811_FULL_v1,L1_ELIGIBILITY,v2026-08-11,2026-03-21..2026-08-06,baccarat_bet02_101_all_pairs_incl_sentinel,round_win = game_pnl > 0 (decisive only),COMPATIBILITY_ONLY_NOT_PRODUCTION,12731.7143,11592.2902,-61.5438,1106,1105,0.00483390,,0.00483390,0.00483390,61.5438,12731.7143,OK,0.0000,-2.4618,4.0000,96.0000,AG03-UNRESOLVED,ALL5_LEVELS_bet23_to_bet27,-2.4618,-2.4618,-2.4618,-2.4618,-2.4618,4.000000,4.000000,4.000000,4.000000,4.000000,96.000000,96.000000,96.000000,96.000000,96.000000,5.0,-12.3088,-11.3627,-49.2350,-50.1811,PENDING_AG03,FALSE,NOT_FOR_ENFORCEMENT,-59.0821,11128.5986,-61.5438,-59.0821,-2.4618,-0.00483390,-0.00464054,-2.4618,-59.0821,-0.00464054,-2.4618,-2.4618,-2.4618,-2.4618,-2.4618,-59.0821,-0.00464054,-12.3088,-11.3627,-49.2350,-50.1811,-0.00386712,-0.00394143,-0.00019336,11.5115,10.4908,-0.0557,-1.6196,-0.1061,335.0451,29.0789,,11.5115,8.4025,10.5412,11.0045,21.0824,22.009,42.1647,10.5412,0.0,2.087904,4.0,1.09205,30,155,25,3,0E-8,-0.00483390,,0E-8,0.000000,0.910505,0.000000,,2026-03-23,2026-06-20,38,580,415,90,0.422222,,,0.000000,,,,,,,,GLOBAL_BASELINE_NO_ENTITY_RANKING,,,NOT_APPLICABLE_GLOBAL_BASELINE,HF9g-P5,,,,X 全窗基线 · 不参与实体赏罚,3928012,393,A168_HF9F_20260827_0900,2026-08-27 09:00:00
2026-04-09,145898681,1330,0,12.6494212890,-12.6494212890,-12.6494212890,0E-7,1,1,0.49324550000000000,0.493245500000,-0.9865810262130424,-0.9865810262130424,-0.9865810262130424,0E-17,ELIGIBLE,R03b_20260811_FULL_v1,L1_ELIGIBILITY,v2026-08-11,2026-03-21..2026-08-06,baccarat_bet02_101_all_pairs_incl_sentinel,round_win = game_pnl > 0 (decisive only),COMPATIBILITY_ONLY_NOT_PRODUCTION,12731.7143,11592.2902,-61.5438,1106,1105,0.00483390,,0.00483390,0.00483390,61.5438,12731.7143,OK,0.0000,-2.4618,4.0000,96.0000,AG03-UNRESOLVED,ALL5_LEVELS_bet23_to_bet27,-2.4618,-2.4618,-2.4618,-2.4618,-2.4618,4.000000,4.000000,4.000000,4.000000,4.000000,96.000000,96.000000,96.000000,96.000000,96.000000,5.0,-12.3088,-11.3627,-49.2350,-50.1811,PENDING_AG03,FALSE,NOT_FOR_ENFORCEMENT,-59.0821,11128.5986,-61.5438,-59.0821,-2.4618,-0.00483390,-0.00464054,-2.4618,-59.0821,-0.00464054,-2.4618,-2.4618,-2.4618,-2.4618,-2.4618,-59.0821,-0.00464054,-12.3088,-11.3627,-49.2350,-50.1811,-0.00386712,-0.00394143,-0.00019336,11.5115,10.4908,-0.0557,-1.6196,-0.1061,335.0451,29.0789,,11.5115,8.4025,10.5412,11.0045,21.0824,22.009,42.1647,10.5412,0.0,2.087904,4.0,1.09205,30,155,25,3,0E-8,-0.00483390,,0E-8,0.000000,0.910505,0.000000,,2026-03-23,2026-06-20,38,580,415,90,0.422222,,,0.000000,,,,,,,,GLOBAL_BASELINE_NO_ENTITY_RANKING,,,NOT_APPLICABLE_GLOBAL_BASELINE,HF9g-P5,,,,X 全窗基线 · 不参与实体赏罚,3928013,393,A168_HF9F_20260827_0900,2026-08-27 09:00:00
2026-04-09,145898681,1374,0,10.5411844075,-10.5411844075,-10.5411844075,0E-7,1,1,0.49324550000000000,0.493245500000,-0.9865810262130424,-0.9865810262130424,-0.9865810262130424,0E-17,ELIGIBLE,R03b_20260811_FULL_v1,L1_ELIGIBILITY,v2026-08-11,2026-03-21..2026-08-06,baccarat_bet02_101_all_pairs_incl_sentinel,round_win = game_pnl > 0 (decisive only),COMPATIBILITY_ONLY_NOT_PRODUCTION,12731.7143,11592.2902,-61.5438,1106,1105,0.00483390,,0.00483390,0.00483390,61.5438,12731.7143,OK,0.0000,-2.4618,4.0000,96.0000,AG03-UNRESOLVED,ALL5_LEVELS_bet23_to_bet27,-2.4618,-2.4618,-2.4618,-2.4618,-2.4618,4.000000,4.000000,4.000000,4.000000,4.000000,96.000000,96.000000,96.000000,96.000000,96.000000,5.0,-12.3088,-11.3627,-49.2350,-50.1811,PENDING_AG03,FALSE,NOT_FOR_ENFORCEMENT,-59.0821,11128.5986,-61.5438,-59.0821,-2.4618,-0.00483390,-0.00464054,-2.4618,-59.0821,-0.00464054,-2.4618,-2.4618,-2.4618,-2.4618,-2.4618,-59.0821,-0.00464054,-12.3088,-11.3627,-49.2350,-50.1811,-0.00386712,-0.00394143,-0.00019336,11.5115,10.4908,-0.0557,-1.6196,-0.1061,335.0451,29.0789,,11.5115,8.4025,10.5412,11.0045,21.0824,22.009,42.1647,10.5412,0.0,2.087904,4.0,1.09205,30,155,25,3,0E-8,-0.00483390,,0E-8,0.000000,0.910505,0.000000,,2026-03-23,2026-06-20,38,580,415,90,0.422222,,,0.000000,,,,,,,,GLOBAL_BASELINE_NO_ENTITY_RANKING,,,NOT_APPLICABLE_GLOBAL_BASELINE,HF9g-P5,,,,X 全窗基线 · 不参与实体赏罚,3928014,393,A168_HF9F_20260827_0900,2026-08-27 09:00:00
2026-04-09,145898681,1383,0,52.7059220375,31.6235532225,31.6235532225,0.8000000,5,5,0.49324550000000000,0.493245500000,1.3719730223118614,1.3719730223118614,1.3719730223118614,0E-17,ELIGIBLE,R03b_20260811_FULL_v1,L1_ELIGIBILITY,v2026-08-11,2026-03-21..2026-08-06,baccarat_bet02_101_all_pairs_incl_sentinel,round_win = game_pnl > 0 (decisive only),COMPATIBILITY_ONLY_NOT_PRODUCTION,12731.7143,11592.2902,-61.5438,1106,1105,0.00483390,,0.00483390,0.00483390,61.5438,12731.7143,OK,0.0000,-2.4618,4.0000,96.0000,AG03-UNRESOLVED,ALL5_LEVELS_bet23_to_bet27,-2.4618,-2.4618,-2.4618,-2.4618,-2.4618,4.000000,4.000000,4.000000,4.000000,4.000000,96.000000,96.000000,96.000000,96.000000,96.000000,5.0,-12.3088,-11.3627,-49.2350,-50.1811,PENDING_AG03,FALSE,NOT_FOR_ENFORCEMENT,-59.0821,11128.5986,-61.5438,-59.0821,-2.4618,-0.00483390,-0.00464054,-2.4618,-59.0821,-0.00464054,-2.4618,-2.4618,-2.4618,-2.4618,-2.4618,-59.0821,-0.00464054,-12.3088,-11.3627,-49.2350,-50.1811,-0.00386712,-0.00394143,-0.00019336,11.5115,10.4908,-0.0557,-1.6196,-0.1061,335.0451,29.0789,,11.5115,8.4025,10.5412,11.0045,21.0824,22.009,42.1647,10.5412,0.0,2.087904,4.0,1.09205,30,155,25,3,0E-8,-0.00483390,,0E-8,0.000000,0.910505,0.000000,,2026-03-23,2026-06-20,38,580,415,90,0.422222,,,0.000000,,,,,,,,GLOBAL_BASELINE_NO_ENTITY_RANKING,,,NOT_APPLICABLE_GLOBAL_BASELINE,HF9g-P5,,,,X 全窗基线 · 不参与实体赏罚,3928015,393,A168_HF9F_20260827_0900,2026-08-27 09:00:00
2026-04-09,145898681,1385,0,63.2471064450,-21.0823688150,-21.0823688150,0.3333333,3,3,0.49324550000000000,0.493245500000,-0.5540025479526107,-0.5540025479526106,-0.5540025479526107,0E-17,ELIGIBLE,R03b_20260811_FULL_v1,L1_ELIGIBILITY,v2026-08-11,2026-03-21..2026-08-06,baccarat_bet02_101_all_pairs_incl_sentinel,round_win = game_pnl > 0 (decisive only),COMPATIBILITY_ONLY_NOT_PRODUCTION,12731.7143,11592.2902,-61.5438,1106,1105,0.00483390,,0.00483390,0.00483390,61.5438,12731.7143,OK,0.0000,-2.4618,4.0000,96.0000,AG03-UNRESOLVED,ALL5_LEVELS_bet23_to_bet27,-2.4618,-2.4618,-2.4618,-2.4618,-2.4618,4.000000,4.000000,4.000000,4.000000,4.000000,96.000000,96.000000,96.000000,96.000000,96.000000,5.0,-12.3088,-11.3627,-49.2350,-50.1811,PENDING_AG03,FALSE,NOT_FOR_ENFORCEMENT,-59.0821,11128.5986,-61.5438,-59.0821,-2.4618,-0.00483390,-0.00464054,-2.4618,-59.0821,-0.00464054,-2.4618,-2.4618,-2.4618,-2.4618,-2.4618,-59.0821,-0.00464054,-12.3088,-11.3627,-49.2350,-50.1811,-0.00386712,-0.00394143,-0.00019336,11.5115,10.4908,-0.0557,-1.6196,-0.1061,335.0451,29.0789,,11.5115,8.4025,10.5412,11.0045,21.0824,22.009,42.1647,10.5412,0.0,2.087904,4.0,1.09205,30,155,25,3,0E-8,-0.00483390,,0E-8,0.000000,0.910505,0.000000,,2026-03-23,2026-06-20,38,580,415,90,0.422222,,,0.000000,,,,,,,,GLOBAL_BASELINE_NO_ENTITY_RANKING,,,NOT_APPLICABLE_GLOBAL_BASELINE,HF9g-P5,,,,X 全窗基线 · 不参与实体赏罚,3928016,393,A168_HF9F_20260827_0900,2026-08-27 09:00:00
2026-04-09,145898681,1396,0,52.7059220375,31.6235532225,31.6235532225,0.8000000,5,5,0.49324550000000000,0.493245500000,1.3719730223118614,1.3719730223118614,1.3719730223118614,0E-17,ELIGIBLE,R03b_20260811_FULL_v1,L1_ELIGIBILITY,v2026-08-11,2026-03-21..2026-08-06,baccarat_bet02_101_all_pairs_incl_sentinel,round_win = game_pnl > 0 (decisive only),COMPATIBILITY_ONLY_NOT_PRODUCTION,12731.7143,11592.2902,-61.5438,1106,1105,0.00483390,,0.00483390,0.00483390,61.5438,12731.7143,OK,0.0000,-2.4618,4.0000,96.0000,AG03-UNRESOLVED,ALL5_LEVELS_bet23_to_bet27,-2.4618,-2.4618,-2.4618,-2.4618,-2.4618,4.000000,4.000000,4.000000,4.000000,4.000000,96.000000,96.000000,96.000000,96.000000,96.000000,5.0,-12.3088,-11.3627,-49.2350,-50.1811,PENDING_AG03,FALSE,NOT_FOR_ENFORCEMENT,-59.0821,11128.5986,-61.5438,-59.0821,-2.4618,-0.00483390,-0.00464054,-2.4618,-59.0821,-0.00464054,-2.4618,-2.4618,-2.4618,-2.4618,-2.4618,-59.0821,-0.00464054,-12.3088,-11.3627,-49.2350,-50.1811,-0.00386712,-0.00394143,-0.00019336,11.5115,10.4908,-0.0557,-1.6196,-0.1061,335.0451,29.0789,,11.5115,8.4025,10.5412,11.0045,21.0824,22.009,42.1647,10.5412,0.0,2.087904,4.0,1.09205,30,155,25,3,0E-8,-0.00483390,,0E-8,0.000000,0.910505,0.000000,,2026-03-23,2026-06-20,38,580,415,90,0.422222,,,0.000000,,,,,,,,GLOBAL_BASELINE_NO_ENTITY_RANKING,,,NOT_APPLICABLE_GLOBAL_BASELINE,HF9g-P5,,,,X 全窗基线 · 不参与实体赏罚,3928017,393,A168_HF9F_20260827_0900,2026-08-27 09:00:00
2026-04-09,145898681,1399,0,42.1647376300,0E-10,0E-10,0.5000000,4,4,0.49324550000000000,0.493245500000,0.027020465636507562,0.027020465636507562,0.027020465636507562,0E-17,ELIGIBLE,R03b_20260811_FULL_v1,L1_ELIGIBILITY,v2026-08-11,2026-03-21..2026-08-06,baccarat_bet02_101_all_pairs_incl_sentinel,round_win = game_pnl > 0 (decisive only),COMPATIBILITY_ONLY_NOT_PRODUCTION,12731.7143,11592.2902,-61.5438,1106,1105,0.00483390,,0.00483390,0.00483390,61.5438,12731.7143,OK,0.0000,-2.4618,4.0000,96.0000,AG03-UNRESOLVED,ALL5_LEVELS_bet23_to_bet27,-2.4618,-2.4618,-2.4618,-2.4618,-2.4618,4.000000,4.000000,4.000000,4.000000,4.000000,96.000000,96.000000,96.000000,96.000000,96.000000,5.0,-12.3088,-11.3627,-49.2350,-50.1811,PENDING_AG03,FALSE,NOT_FOR_ENFORCEMENT,-59.0821,11128.5986,-61.5438,-59.0821,-2.4618,-0.00483390,-0.00464054,-2.4618,-59.0821,-0.00464054,-2.4618,-2.4618,-2.4618,-2.4618,-2.4618,-59.0821,-0.00464054,-12.3088,-11.3627,-49.2350,-50.1811,-0.00386712,-0.00394143,-0.00019336,11.5115,10.4908,-0.0557,-1.6196,-0.1061,335.0451,29.0789,,11.5115,8.4025,10.5412,11.0045,21.0824,22.009,42.1647,10.5412,0.0,2.087904,4.0,1.09205,30,155,25,3,0E-8,-0.00483390,,0E-8,0.000000,0.910505,0.000000,,2026-03-23,2026-06-20,38,580,415,90,0.422222,,,0.000000,,,,,,,,GLOBAL_BASELINE_NO_ENTITY_RANKING,,,NOT_APPLICABLE_GLOBAL_BASELINE,HF9g-P5,,,,X 全窗基线 · 不参与实体赏罚,3928018,393,A168_HF9F_20260827_0900,2026-08-27 09:00:00
2026-04-09,145898681,1485,0,10.5411844075,10.5411844075,10.5411844075,1.0000000,1,1,0.49324550000000000,0.493245500000,1.01360149184955,1.01360149184955,1.01360149184955,0E-17,ELIGIBLE,R03b_20260811_FULL_v1,L1_ELIGIBILITY,v2026-08-11,2026-03-21..2026-08-06,baccarat_bet02_101_all_pairs_incl_sentinel,round_win = game_pnl > 0 (decisive only),COMPATIBILITY_ONLY_NOT_PRODUCTION,12731.7143,11592.2902,-61.5438,1106,1105,0.00483390,,0.00483390,0.00483390,61.5438,12731.7143,OK,0.0000,-2.4618,4.0000,96.0000,AG03-UNRESOLVED,ALL5_LEVELS_bet23_to_bet27,-2.4618,-2.4618,-2.4618,-2.4618,-2.4618,4.000000,4.000000,4.000000,4.000000,4.000000,96.000000,96.000000,96.000000,96.000000,96.000000,5.0,-12.3088,-11.3627,-49.2350,-50.1811,PENDING_AG03,FALSE,NOT_FOR_ENFORCEMENT,-59.0821,11128.5986,-61.5438,-59.0821,-2.4618,-0.00483390,-0.00464054,-2.4618,-59.0821,-0.00464054,-2.4618,-2.4618,-2.4618,-2.4618,-2.4618,-59.0821,-0.00464054,-12.3088,-11.3627,-49.2350,-50.1811,-0.00386712,-0.00394143,-0.00019336,11.5115,10.4908,-0.0557,-1.6196,-0.1061,335.0451,29.0789,,11.5115,8.4025,10.5412,11.0045,21.0824,22.009,42.1647,10.5412,0.0,2.087904,4.0,1.09205,30,155,25,3,0E-8,-0.00483390,,0E-8,0.000000,0.910505,0.000000,,2026-03-23,2026-06-20,38,580,415,90,0.422222,,,0.000000,,,,,,,,GLOBAL_BASELINE_NO_ENTITY_RANKING,,,NOT_APPLICABLE_GLOBAL_BASELINE,HF9g-P5,,,,X 全窗基线 · 不参与实体赏罚,3928019,393,A168_HF9F_20260827_0900,2026-08-27 09:00:00
2026-04-09,145898681,1507,0,14.1251871060,9.9087133430,9.9087133430,0.5000000,2,2,0.49324550000000000,0.493245500000,0.01910635448239258,0.01910635448239258,0.01910635448239258,0E-17,ELIGIBLE,R03b_20260811_FULL_v1,L1_ELIGIBILITY,v2026-08-11,2026-03-21..2026-08-06,baccarat_bet02_101_all_pairs_incl_sentinel,round_win = game_pnl > 0 (decisive only),COMPATIBILITY_ONLY_NOT_PRODUCTION,12731.7143,11592.2902,-61.5438,1106,1105,0.00483390,,0.00483390,0.00483390,61.5438,12731.7143,OK,0.0000,-2.4618,4.0000,96.0000,AG03-UNRESOLVED,ALL5_LEVELS_bet23_to_bet27,-2.4618,-2.4618,-2.4618,-2.4618,-2.4618,4.000000,4.000000,4.000000,4.000000,4.000000,96.000000,96.000000,96.000000,96.000000,96.000000,5.0,-12.3088,-11.3627,-49.2350,-50.1811,PENDING_AG03,FALSE,NOT_FOR_ENFORCEMENT,-59.0821,11128.5986,-61.5438,-59.0821,-2.4618,-0.00483390,-0.00464054,-2.4618,-59.0821,-0.00464054,-2.4618,-2.4618,-2.4618,-2.4618,-2.4618,-59.0821,-0.00464054,-12.3088,-11.3627,-49.2350,-50.1811,-0.00386712,-0.00394143,-0.00019336,11.5115,10.4908,-0.0557,-1.6196,-0.1061,335.0451,29.0789,,11.5115,8.4025,10.5412,11.0045,21.0824,22.009,42.1647,10.5412,0.0,2.087904,4.0,1.09205,30,155,25,3,0E-8,-0.00483390,,0E-8,0.000000,0.910505,0.000000,,2026-03-23,2026-06-20,38,580,415,90,0.422222,,,0.000000,,,,,,,,GLOBAL_BASELINE_NO_ENTITY_RANKING,,,NOT_APPLICABLE_GLOBAL_BASELINE,HF9g-P5,,,,X 全窗基线 · 不参与实体赏罚,3928020,393,A168_HF9F_20260827_0900,2026-08-27 09:00:00
2026-04-09,145898681,1935,0,23.1906056965,-6.3247106445,-6.3247106445,0.3333333,3,3,0.49324550000000000,0.493245500000,-0.5540025479526107,-0.5540025479526106,-0.5540025479526107,0E-17,ELIGIBLE,R03b_20260811_FULL_v1,L1_ELIGIBILITY,v2026-08-11,2026-03-21..2026-08-06,baccarat_bet02_101_all_pairs_incl_sentinel,round_win = game_pnl > 0 (decisive only),COMPATIBILITY_ONLY_NOT_PRODUCTION,12731.7143,11592.2902,-61.5438,1106,1105,0.00483390,,0.00483390,0.00483390,61.5438,12731.7143,OK,0.0000,-2.4618,4.0000,96.0000,AG03-UNRESOLVED,ALL5_LEVELS_bet23_to_bet27,-2.4618,-2.4618,-2.4618,-2.4618,-2.4618,4.000000,4.000000,4.000000,4.000000,4.000000,96.000000,96.000000,96.000000,96.000000,96.000000,5.0,-12.3088,-11.3627,-49.2350,-50.1811,PENDING_AG03,FALSE,NOT_FOR_ENFORCEMENT,-59.0821,11128.5986,-61.5438,-59.0821,-2.4618,-0.00483390,-0.00464054,-2.4618,-59.0821,-0.00464054,-2.4618,-2.4618,-2.4618,-2.4618,-2.4618,-59.0821,-0.00464054,-12.3088,-11.3627,-49.2350,-50.1811,-0.00386712,-0.00394143,-0.00019336,11.5115,10.4908,-0.0557,-1.6196,-0.1061,335.0451,29.0789,,11.5115,8.4025,10.5412,11.0045,21.0824,22.009,42.1647,10.5412,0.0,2.087904,4.0,1.09205,30,155,25,3,0E-8,-0.00483390,,0E-8,0.000000,0.910505,0.000000,,2026-03-23,2026-06-20,38,580,415,90,0.422222,,,0.000000,,,,,,,,GLOBAL_BASELINE_NO_ENTITY_RANKING,,,NOT_APPLICABLE_GLOBAL_BASELINE,HF9g-P5,,,,X 全窗基线 · 不参与实体赏罚,3928021,393,A168_HF9F_20260827_0900,2026-08-27 09:00:00
2026-04-09,145898681,1957,0,52.7059220375,31.0964940021,31.0964940021,0.7500000,4,4,0.49659680000000000,0.496596800000,1.0136362796769356,1.0136362796769358,1.0136362796769356,0E-17,ELIGIBLE,R03b_20260811_FULL_v1,L1_ELIGIBILITY,v2026-08-11,2026-03-21..2026-08-06,baccarat_bet02_101_all_pairs_incl_sentinel,round_win = game_pnl > 0 (decisive only),COMPATIBILITY_ONLY_NOT_PRODUCTION,12731.7143,11592.2902,-61.5438,1106,1105,0.00483390,,0.00483390,0.00483390,61.5438,12731.7143,OK,0.0000,-2.4618,4.0000,96.0000,AG03-UNRESOLVED,ALL5_LEVELS_bet23_to_bet27,-2.4618,-2.4618,-2.4618,-2.4618,-2.4618,4.000000,4.000000,4.000000,4.000000,4.000000,96.000000,96.000000,96.000000,96.000000,96.000000,5.0,-12.3088,-11.3627,-49.2350,-50.1811,PENDING_AG03,FALSE,NOT_FOR_ENFORCEMENT,-59.0821,11128.5986,-61.5438,-59.0821,-2.4618,-0.00483390,-0.00464054,-2.4618,-59.0821,-0.00464054,-2.4618,-2.4618,-2.4618,-2.4618,-2.4618,-59.0821,-0.00464054,-12.3088,-11.3627,-49.2350,-50.1811,-0.00386712,-0.00394143,-0.00019336,11.5115,10.4908,-0.0557,-1.6196,-0.1061,335.0451,29.0789,,11.5115,8.4025,10.5412,11.0045,21.0824,22.009,42.1647,10.5412,0.0,2.087904,4.0,1.09205,30,155,25,3,0E-8,-0.00483390,,0E-8,0.000000,0.910505,0.000000,,2026-03-23,2026-06-20,38,580,415,90,0.422222,,,0.000000,,,,,,,,GLOBAL_BASELINE_NO_ENTITY_RANKING,,,NOT_APPLICABLE_GLOBAL_BASELINE,HF9g-P5,,,,X 全窗基线 · 不参与实体赏罚,3928022,393,A168_HF9F_20260827_0900,2026-08-27 09:00:00
2026-04-09,145898681,1966,0,10.5411844075,10.5411844075,10.5411844075,1.0000000,1,1,0.49324550000000000,0.493245500000,1.01360149184955,1.01360149184955,1.01360149184955,0E-17,ELIGIBLE,R03b_20260811_FULL_v1,L1_ELIGIBILITY,v2026-08-11,2026-03-21..2026-08-06,baccarat_bet02_101_all_pairs_incl_sentinel,round_win = game_pnl > 0 (decisive only),COMPATIBILITY_ONLY_NOT_PRODUCTION,12731.7143,11592.2902,-61.5438,1106,1105,0.00483390,,0.00483390,0.00483390,61.5438,12731.7143,OK,0.0000,-2.4618,4.0000,96.0000,AG03-UNRESOLVED,ALL5_LEVELS_bet23_to_bet27,-2.4618,-2.4618,-2.4618,-2.4618,-2.4618,4.000000,4.000000,4.000000,4.000000,4.000000,96.000000,96.000000,96.000000,96.000000,96.000000,5.0,-12.3088,-11.3627,-49.2350,-50.1811,PENDING_AG03,FALSE,NOT_FOR_ENFORCEMENT,-59.0821,11128.5986,-61.5438,-59.0821,-2.4618,-0.00483390,-0.00464054,-2.4618,-59.0821,-0.00464054,-2.4618,-2.4618,-2.4618,-2.4618,-2.4618,-59.0821,-0.00464054,-12.3088,-11.3627,-49.2350,-50.1811,-0.00386712,-0.00394143,-0.00019336,11.5115,10.4908,-0.0557,-1.6196,-0.1061,335.0451,29.0789,,11.5115,8.4025,10.5412,11.0045,21.0824,22.009,42.1647,10.5412,0.0,2.087904,4.0,1.09205,30,155,25,3,0E-8,-0.00483390,,0E-8,0.000000,0.910505,0.000000,,2026-03-23,2026-06-20,38,580,415,90,0.422222,,,0.000000,,,,,,,,GLOBAL_BASELINE_NO_ENTITY_RANKING,,,NOT_APPLICABLE_GLOBAL_BASELINE,HF9g-P5,,,,X 全窗基线 · 不参与实体赏罚,3928023,393,A168_HF9F_20260827_0900,2026-08-27 09:00:00
2026-04-09,145898681,2108,0,10.5411844075,-10.5411844075,-10.5411844075,0E-7,1,1,0.49324550000000000,0.493245500000,-0.9865810262130424,-0.9865810262130424,-0.9865810262130424,0E-17,ELIGIBLE,R03b_20260811_FULL_v1,L1_ELIGIBILITY,v2026-08-11,2026-03-21..2026-08-06,baccarat_bet02_101_all_pairs_incl_sentinel,round_win = game_pnl > 0 (decisive only),COMPATIBILITY_ONLY_NOT_PRODUCTION,12731.7143,11592.2902,-61.5438,1106,1105,0.00483390,,0.00483390,0.00483390,61.5438,12731.7143,OK,0.0000,-2.4618,4.0000,96.0000,AG03-UNRESOLVED,ALL5_LEVELS_bet23_to_bet27,-2.4618,-2.4618,-2.4618,-2.4618,-2.4618,4.000000,4.000000,4.000000,4.000000,4.000000,96.000000,96.000000,96.000000,96.000000,96.000000,5.0,-12.3088,-11.3627,-49.2350,-50.1811,PENDING_AG03,FALSE,NOT_FOR_ENFORCEMENT,-59.0821,11128.5986,-61.5438,-59.0821,-2.4618,-0.00483390,-0.00464054,-2.4618,-59.0821,-0.00464054,-2.4618,-2.4618,-2.4618,-2.4618,-2.4618,-59.0821,-0.00464054,-12.3088,-11.3627,-49.2350,-50.1811,-0.00386712,-0.00394143,-0.00019336,11.5115,10.4908,-0.0557,-1.6196,-0.1061,335.0451,29.0789,,11.5115,8.4025,10.5412,11.0045,21.0824,22.009,42.1647,10.5412,0.0,2.087904,4.0,1.09205,30,155,25,3,0E-8,-0.00483390,,0E-8,0.000000,0.910505,0.000000,,2026-03-23,2026-06-20,38,580,415,90,0.422222,,,0.000000,,,,,,,,GLOBAL_BASELINE_NO_ENTITY_RANKING,,,NOT_APPLICABLE_GLOBAL_BASELINE,HF9g-P5,,,,X 全窗基线 · 不参与实体赏罚,3928024,393,A168_HF9F_20260827_0900,2026-08-27 09:00:00
2026-04-09,145898681,2127,0,31.6235532225,-10.5411844075,-10.5411844075,0.3333333,3,3,0.49324550000000000,0.493245500000,-0.5540025479526107,-0.5540025479526106,-0.5540025479526107,0E-17,ELIGIBLE,R03b_20260811_FULL_v1,L1_ELIGIBILITY,v2026-08-11,2026-03-21..2026-08-06,baccarat_bet02_101_all_pairs_incl_sentinel,round_win = game_pnl > 0 (decisive only),COMPATIBILITY_ONLY_NOT_PRODUCTION,12731.7143,11592.2902,-61.5438,1106,1105,0.00483390,,0.00483390,0.00483390,61.5438,12731.7143,OK,0.0000,-2.4618,4.0000,96.0000,AG03-UNRESOLVED,ALL5_LEVELS_bet23_to_bet27,-2.4618,-2.4618,-2.4618,-2.4618,-2.4618,4.000000,4.000000,4.000000,4.000000,4.000000,96.000000,96.000000,96.000000,96.000000,96.000000,5.0,-12.3088,-11.3627,-49.2350,-50.1811,PENDING_AG03,FALSE,NOT_FOR_ENFORCEMENT,-59.0821,11128.5986,-61.5438,-59.0821,-2.4618,-0.00483390,-0.00464054,-2.4618,-59.0821,-0.00464054,-2.4618,-2.4618,-2.4618,-2.4618,-2.4618,-59.0821,-0.00464054,-12.3088,-11.3627,-49.2350,-50.1811,-0.00386712,-0.00394143,-0.00019336,11.5115,10.4908,-0.0557,-1.6196,-0.1061,335.0451,29.0789,,11.5115,8.4025,10.5412,11.0045,21.0824,22.009,42.1647,10.5412,0.0,2.087904,4.0,1.09205,30,155,25,3,0E-8,-0.00483390,,0E-8,0.000000,0.910505,0.000000,,2026-03-23,2026-06-20,38,580,415,90,0.422222,,,0.000000,,,,,,,,GLOBAL_BASELINE_NO_ENTITY_RANKING,,,NOT_APPLICABLE_GLOBAL_BASELINE,HF9g-P5,,,,X 全窗基线 · 不参与实体赏罚,3928025,393,A168_HF9F_20260827_0900,2026-08-27 09:00:00
2026-04-09,145898681,2130,0,10.5411844075,-10.5411844075,-10.5411844075,0E-7,1,1,0.50665070000000000,0.506650700000,-1.013391052207602,-1.013391052207602,-1.013391052207602,0E-17,ELIGIBLE,R03b_20260811_FULL_v1,L1_ELIGIBILITY,v2026-08-11,2026-03-21..2026-08-06,baccarat_bet02_101_all_pairs_incl_sentinel,round_win = game_pnl > 0 (decisive only),COMPATIBILITY_ONLY_NOT_PRODUCTION,12731.7143,11592.2902,-61.5438,1106,1105,0.00483390,,0.00483390,0.00483390,61.5438,12731.7143,OK,0.0000,-2.4618,4.0000,96.0000,AG03-UNRESOLVED,ALL5_LEVELS_bet23_to_bet27,-2.4618,-2.4618,-2.4618,-2.4618,-2.4618,4.000000,4.000000,4.000000,4.000000,4.000000,96.000000,96.000000,96.000000,96.000000,96.000000,5.0,-12.3088,-11.3627,-49.2350,-50.1811,PENDING_AG03,FALSE,NOT_FOR_ENFORCEMENT,-59.0821,11128.5986,-61.5438,-59.0821,-2.4618,-0.00483390,-0.00464054,-2.4618,-59.0821,-0.00464054,-2.4618,-2.4618,-2.4618,-2.4618,-2.4618,-59.0821,-0.00464054,-12.3088,-11.3627,-49.2350,-50.1811,-0.00386712,-0.00394143,-0.00019336,11.5115,10.4908,-0.0557,-1.6196,-0.1061,335.0451,29.0789,,11.5115,8.4025,10.5412,11.0045,21.0824,22.009,42.1647,10.5412,0.0,2.087904,4.0,1.09205,30,155,25,3,0E-8,-0.00483390,,0E-8,0.000000,0.910505,0.000000,,2026-03-23,2026-06-20,38,580,415,90,0.422222,,,0.000000,,,,,,,,GLOBAL_BASELINE_NO_ENTITY_RANKING,,,NOT_APPLICABLE_GLOBAL_BASELINE,HF9g-P5,,,,X 全窗基线 · 不参与实体赏罚,3928026,393,A168_HF9F_20260827_0900,2026-08-27 09:00:00
2026-04-09,145898681,2145,0,59.8739274346,-0.8432947526,-0.8432947526,0.5000000,6,6,0.49547970000000000,0.495479700000,0.022145762000773162,0.022145762000773162,0.022145762000773162,0E-17,ELIGIBLE,R03b_20260811_FULL_v1,L1_ELIGIBILITY,v2026-08-11,2026-03-21..2026-08-06,baccarat_bet02_101_all_pairs_incl_sentinel,round_win = game_pnl > 0 (decisive only),COMPATIBILITY_ONLY_NOT_PRODUCTION,12731.7143,11592.2902,-61.5438,1106,1105,0.00483390,,0.00483390,0.00483390,61.5438,12731.7143,OK,0.0000,-2.4618,4.0000,96.0000,AG03-UNRESOLVED,ALL5_LEVELS_bet23_to_bet27,-2.4618,-2.4618,-2.4618,-2.4618,-2.4618,4.000000,4.000000,4.000000,4.000000,4.000000,96.000000,96.000000,96.000000,96.000000,96.000000,5.0,-12.3088,-11.3627,-49.2350,-50.1811,PENDING_AG03,FALSE,NOT_FOR_ENFORCEMENT,-59.0821,11128.5986,-61.5438,-59.0821,-2.4618,-0.00483390,-0.00464054,-2.4618,-59.0821,-0.00464054,-2.4618,-2.4618,-2.4618,-2.4618,-2.4618,-59.0821,-0.00464054,-12.3088,-11.3627,-49.2350,-50.1811,-0.00386712,-0.00394143,-0.00019336,11.5115,10.4908,-0.0557,-1.6196,-0.1061,335.0451,29.0789,,11.5115,8.4025,10.5412,11.0045,21.0824,22.009,42.1647,10.5412,0.0,2.087904,4.0,1.09205,30,155,25,3,0E-8,-0.00483390,,0E-8,0.000000,0.910505,0.000000,,2026-03-23,2026-06-20,38,580,415,90,0.422222,,,0.000000,,,,,,,,GLOBAL_BASELINE_NO_ENTITY_RANKING,,,NOT_APPLICABLE_GLOBAL_BASELINE,HF9g-P5,,,,X 全窗基线 · 不参与实体赏罚,3928027,393,A168_HF9F_20260827_0900,2026-08-27 09:00:00
2026-04-09,145898681,2152,0,10.5411844075,-10.5411844075,-10.5411844075,0E-7,1,1,0.49324550000000000,0.493245500000,-0.9865810262130424,-0.9865810262130424,-0.9865810262130424,0E-17,ELIGIBLE,R03b_20260811_FULL_v1,L1_ELIGIBILITY,v2026-08-11,2026-03-21..2026-08-06,baccarat_bet02_101_all_pairs_incl_sentinel,round_win = game_pnl > 0 (decisive only),COMPATIBILITY_ONLY_NOT_PRODUCTION,12731.7143,11592.2902,-61.5438,1106,1105,0.00483390,,0.00483390,0.00483390,61.5438,12731.7143,OK,0.0000,-2.4618,4.0000,96.0000,AG03-UNRESOLVED,ALL5_LEVELS_bet23_to_bet27,-2.4618,-2.4618,-2.4618,-2.4618,-2.4618,4.000000,4.000000,4.000000,4.000000,4.000000,96.000000,96.000000,96.000000,96.000000,96.000000,5.0,-12.3088,-11.3627,-49.2350,-50.1811,PENDING_AG03,FALSE,NOT_FOR_ENFORCEMENT,-59.0821,11128.5986,-61.5438,-59.0821,-2.4618,-0.00483390,-0.00464054,-2.4618,-59.0821,-0.00464054,-2.4618,-2.4618,-2.4618,-2.4618,-2.4618,-59.0821,-0.00464054,-12.3088,-11.3627,-49.2350,-50.1811,-0.00386712,-0.00394143,-0.00019336,11.5115,10.4908,-0.0557,-1.6196,-0.1061,335.0451,29.0789,,11.5115,8.4025,10.5412,11.0045,21.0824,22.009,42.1647,10.5412,0.0,2.087904,4.0,1.09205,30,155,25,3,0E-8,-0.00483390,,0E-8,0.000000,0.910505,0.000000,,2026-03-23,2026-06-20,38,580,415,90,0.422222,,,0.000000,,,,,,,,GLOBAL_BASELINE_NO_ENTITY_RANKING,,,NOT_APPLICABLE_GLOBAL_BASELINE,HF9g-P5,,,,X 全窗基线 · 不参与实体赏罚,3928028,393,A168_HF9F_20260827_0900,2026-08-27 09:00:00
2026-04-09,145898681,2153,0,21.0823688150,0E-10,0E-10,0.5000000,2,2,0.49324550000000000,0.493245500000,0.01910635448239258,0.01910635448239258,0.01910635448239258,0E-17,ELIGIBLE,R03b_20260811_FULL_v1,L1_ELIGIBILITY,v2026-08-11,2026-03-21..2026-08-06,baccarat_bet02_101_all_pairs_incl_sentinel,round_win = game_pnl > 0 (decisive only),COMPATIBILITY_ONLY_NOT_PRODUCTION,12731.7143,11592.2902,-61.5438,1106,1105,0.00483390,,0.00483390,0.00483390,61.5438,12731.7143,OK,0.0000,-2.4618,4.0000,96.0000,AG03-UNRESOLVED,ALL5_LEVELS_bet23_to_bet27,-2.4618,-2.4618,-2.4618,-2.4618,-2.4618,4.000000,4.000000,4.000000,4.000000,4.000000,96.000000,96.000000,96.000000,96.000000,96.000000,5.0,-12.3088,-11.3627,-49.2350,-50.1811,PENDING_AG03,FALSE,NOT_FOR_ENFORCEMENT,-59.0821,11128.5986,-61.5438,-59.0821,-2.4618,-0.00483390,-0.00464054,-2.4618,-59.0821,-0.00464054,-2.4618,-2.4618,-2.4618,-2.4618,-2.4618,-59.0821,-0.00464054,-12.3088,-11.3627,-49.2350,-50.1811,-0.00386712,-0.00394143,-0.00019336,11.5115,10.4908,-0.0557,-1.6196,-0.1061,335.0451,29.0789,,11.5115,8.4025,10.5412,11.0045,21.0824,22.009,42.1647,10.5412,0.0,2.087904,4.0,1.09205,30,155,25,3,0E-8,-0.00483390,,0E-8,0.000000,0.910505,0.000000,,2026-03-23,2026-06-20,38,580,415,90,0.422222,,,0.000000,,,,,,,,GLOBAL_BASELINE_NO_ENTITY_RANKING,,,NOT_APPLICABLE_GLOBAL_BASELINE,HF9g-P5,,,,X 全窗基线 · 不参与实体赏罚,3928029,393,A168_HF9F_20260827_0900,2026-08-27 09:00:00
2026-04-09,145898681,2155,0,21.0823688150,-21.0823688150,-21.0823688150,0E-7,1,1,0.49324550000000000,0.493245500000,-0.9865810262130424,-0.9865810262130424,-0.9865810262130424,0E-17,ELIGIBLE,R03b_20260811_FULL_v1,L1_ELIGIBILITY,v2026-08-11,2026-03-21..2026-08-06,baccarat_bet02_101_all_pairs_incl_sentinel,round_win = game_pnl > 0 (decisive only),COMPATIBILITY_ONLY_NOT_PRODUCTION,12731.7143,11592.2902,-61.5438,1106,1105,0.00483390,,0.00483390,0.00483390,61.5438,12731.7143,OK,0.0000,-2.4618,4.0000,96.0000,AG03-UNRESOLVED,ALL5_LEVELS_bet23_to_bet27,-2.4618,-2.4618,-2.4618,-2.4618,-2.4618,4.000000,4.000000,4.000000,4.000000,4.000000,96.000000,96.000000,96.000000,96.000000,96.000000,5.0,-12.3088,-11.3627,-49.2350,-50.1811,PENDING_AG03,FALSE,NOT_FOR_ENFORCEMENT,-59.0821,11128.5986,-61.5438,-59.0821,-2.4618,-0.00483390,-0.00464054,-2.4618,-59.0821,-0.00464054,-2.4618,-2.4618,-2.4618,-2.4618,-2.4618,-59.0821,-0.00464054,-12.3088,-11.3627,-49.2350,-50.1811,-0.00386712,-0.00394143,-0.00019336,11.5115,10.4908,-0.0557,-1.6196,-0.1061,335.0451,29.0789,,11.5115,8.4025,10.5412,11.0045,21.0824,22.009,42.1647,10.5412,0.0,2.087904,4.0,1.09205,30,155,25,3,0E-8,-0.00483390,,0E-8,0.000000,0.910505,0.000000,,2026-03-23,2026-06-20,38,580,415,90,0.422222,,,0.000000,,,,,,,,GLOBAL_BASELINE_NO_ENTITY_RANKING,,,NOT_APPLICABLE_GLOBAL_BASELINE,HF9g-P5,,,,X 全窗基线 · 不参与实体赏罚,3928030,393,A168_HF9F_20260827_0900,2026-08-27 09:00:00
2026-04-09,145898681,2174,0,10.5411844075,10.0141251871,10.0141251871,1.0000000,1,1,0.50665070000000000,0.506650700000,0.9867858985152569,0.9867858985152569,0.9867858985152569,0E-17,ELIGIBLE,R03b_20260811_FULL_v1,L1_ELIGIBILITY,v2026-08-11,2026-03-21..2026-08-06,baccarat_bet02_101_all_pairs_incl_sentinel,round_win = game_pnl > 0 (decisive only),COMPATIBILITY_ONLY_NOT_PRODUCTION,12731.7143,11592.2902,-61.5438,1106,1105,0.00483390,,0.00483390,0.00483390,61.5438,12731.7143,OK,0.0000,-2.4618,4.0000,96.0000,AG03-UNRESOLVED,ALL5_LEVELS_bet23_to_bet27,-2.4618,-2.4618,-2.4618,-2.4618,-2.4618,4.000000,4.000000,4.000000,4.000000,4.000000,96.000000,96.000000,96.000000,96.000000,96.000000,5.0,-12.3088,-11.3627,-49.2350,-50.1811,PENDING_AG03,FALSE,NOT_FOR_ENFORCEMENT,-59.0821,11128.5986,-61.5438,-59.0821,-2.4618,-0.00483390,-0.00464054,-2.4618,-59.0821,-0.00464054,-2.4618,-2.4618,-2.4618,-2.4618,-2.4618,-59.0821,-0.00464054,-12.3088,-11.3627,-49.2350,-50.1811,-0.00386712,-0.00394143,-0.00019336,11.5115,10.4908,-0.0557,-1.6196,-0.1061,335.0451,29.0789,,11.5115,8.4025,10.5412,11.0045,21.0824,22.009,42.1647,10.5412,0.0,2.087904,4.0,1.09205,30,155,25,3,0E-8,-0.00483390,,0E-8,0.000000,0.910505,0.000000,,2026-03-23,2026-06-20,38,580,415,90,0.422222,,,0.000000,,,,,,,,GLOBAL_BASELINE_NO_ENTITY_RANKING,,,NOT_APPLICABLE_GLOBAL_BASELINE,HF9g-P5,,,,X 全窗基线 · 不参与实体赏罚,3928031,393,A168_HF9F_20260827_0900,2026-08-27 09:00:00
2026-04-09,145898681,2177,0,52.7059220375,-0.5270592204,-0.5270592204,0.5000000,5,5,0.49592654000000000,0.495926540000,0.016294380756781617,0.016294380756781617,0.016294380756781617,0E-17,ELIGIBLE,R03b_20260811_FULL_v1,L1_ELIGIBILITY,v2026-08-11,2026-03-21..2026-08-06,baccarat_bet02_101_all_pairs_incl_sentinel,round_win = game_pnl > 0 (decisive only),COMPATIBILITY_ONLY_NOT_PRODUCTION,12731.7143,11592.2902,-61.5438,1106,1105,0.00483390,,0.00483390,0.00483390,61.5438,12731.7143,OK,0.0000,-2.4618,4.0000,96.0000,AG03-UNRESOLVED,ALL5_LEVELS_bet23_to_bet27,-2.4618,-2.4618,-2.4618,-2.4618,-2.4618,4.000000,4.000000,4.000000,4.000000,4.000000,96.000000,96.000000,96.000000,96.000000,96.000000,5.0,-12.3088,-11.3627,-49.2350,-50.1811,PENDING_AG03,FALSE,NOT_FOR_ENFORCEMENT,-59.0821,11128.5986,-61.5438,-59.0821,-2.4618,-0.00483390,-0.00464054,-2.4618,-59.0821,-0.00464054,-2.4618,-2.4618,-2.4618,-2.4618,-2.4618,-59.0821,-0.00464054,-12.3088,-11.3627,-49.2350,-50.1811,-0.00386712,-0.00394143,-0.00019336,11.5115,10.4908,-0.0557,-1.6196,-0.1061,335.0451,29.0789,,11.5115,8.4025,10.5412,11.0045,21.0824,22.009,42.1647,10.5412,0.0,2.087904,4.0,1.09205,30,155,25,3,0E-8,-0.00483390,,0E-8,0.000000,0.910505,0.000000,,2026-03-23,2026-06-20,38,580,415,90,0.422222,,,0.000000,,,,,,,,GLOBAL_BASELINE_NO_ENTITY_RANKING,,,NOT_APPLICABLE_GLOBAL_BASELINE,HF9g-P5,,,,X 全窗基线 · 不参与实体赏罚,3928032,393,A168_HF9F_20260827_0900,2026-08-27 09:00:00
2026-04-09,145898681,2188,0,10.5411844075,0E-10,0E-10,,1,1,0.49324550000000000,0.493245500000,,,,0E-17,NO_DECISIVE_ROUND,R03b_20260811_FULL_v1,L1_ELIGIBILITY,v2026-08-11,2026-03-21..2026-08-06,baccarat_bet02_101_all_pairs_incl_sentinel,round_win = game_pnl > 0 (decisive only),COMPATIBILITY_ONLY_NOT_PRODUCTION,12731.7143,11592.2902,-61.5438,1106,1105,0.00483390,,0.00483390,0.00483390,61.5438,12731.7143,OK,0.0000,-2.4618,4.0000,96.0000,AG03-UNRESOLVED,ALL5_LEVELS_bet23_to_bet27,-2.4618,-2.4618,-2.4618,-2.4618,-2.4618,4.000000,4.000000,4.000000,4.000000,4.000000,96.000000,96.000000,96.000000,96.000000,96.000000,5.0,-12.3088,-11.3627,-49.2350,-50.1811,PENDING_AG03,FALSE,NOT_FOR_ENFORCEMENT,-59.0821,11128.5986,-61.5438,-59.0821,-2.4618,-0.00483390,-0.00464054,-2.4618,-59.0821,-0.00464054,-2.4618,-2.4618,-2.4618,-2.4618,-2.4618,-59.0821,-0.00464054,-12.3088,-11.3627,-49.2350,-50.1811,-0.00386712,-0.00394143,-0.00019336,11.5115,10.4908,-0.0557,-1.6196,-0.1061,335.0451,29.0789,,11.5115,8.4025,10.5412,11.0045,21.0824,22.009,42.1647,10.5412,0.0,2.087904,4.0,1.09205,30,155,25,3,0E-8,-0.00483390,,0E-8,0.000000,0.910505,0.000000,,2026-03-23,2026-06-20,38,580,415,90,0.422222,,,0.000000,,,,,,,,GLOBAL_BASELINE_NO_ENTITY_RANKING,,,NOT_APPLICABLE_GLOBAL_BASELINE,HF9g-P5,,,,X 全窗基线 · 不参与实体赏罚,3928033,393,A168_HF9F_20260827_0900,2026-08-27 09:00:00
2026-04-09,145898681,2220,0,10.5411844075,10.5411844075,10.5411844075,1.0000000,1,1,0.49324550000000000,0.493245500000,1.01360149184955,1.01360149184955,1.01360149184955,0E-17,ELIGIBLE,R03b_20260811_FULL_v1,L1_ELIGIBILITY,v2026-08-11,2026-03-21..2026-08-06,baccarat_bet02_101_all_pairs_incl_sentinel,round_win = game_pnl > 0 (decisive only),COMPATIBILITY_ONLY_NOT_PRODUCTION,12731.7143,11592.2902,-61.5438,1106,1105,0.00483390,,0.00483390,0.00483390,61.5438,12731.7143,OK,0.0000,-2.4618,4.0000,96.0000,AG03-UNRESOLVED,ALL5_LEVELS_bet23_to_bet27,-2.4618,-2.4618,-2.4618,-2.4618,-2.4618,4.000000,4.000000,4.000000,4.000000,4.000000,96.000000,96.000000,96.000000,96.000000,96.000000,5.0,-12.3088,-11.3627,-49.2350,-50.1811,PENDING_AG03,FALSE,NOT_FOR_ENFORCEMENT,-59.0821,11128.5986,-61.5438,-59.0821,-2.4618,-0.00483390,-0.00464054,-2.4618,-59.0821,-0.00464054,-2.4618,-2.4618,-2.4618,-2.4618,-2.4618,-59.0821,-0.00464054,-12.3088,-11.3627,-49.2350,-50.1811,-0.00386712,-0.00394143,-0.00019336,11.5115,10.4908,-0.0557,-1.6196,-0.1061,335.0451,29.0789,,11.5115,8.4025,10.5412,11.0045,21.0824,22.009,42.1647,10.5412,0.0,2.087904,4.0,1.09205,30,155,25,3,0E-8,-0.00483390,,0E-8,0.000000,0.910505,0.000000,,2026-03-23,2026-06-20,38,580,415,90,0.422222,,,0.000000,,,,,,,,GLOBAL_BASELINE_NO_ENTITY_RANKING,,,NOT_APPLICABLE_GLOBAL_BASELINE,HF9g-P5,,,,X 全窗基线 · 不参与实体赏罚,3928034,393,A168_HF9F_20260827_0900,2026-08-27 09:00:00
2026-04-09,145898681,2222,0,13.9143634179,9.6978896549,9.6978896549,0.5000000,2,2,0.49324550000000000,0.493245500000,0.01910635448239258,0.01910635448239258,0.01910635448239258,0E-17,ELIGIBLE,R03b_20260811_FULL_v1,L1_ELIGIBILITY,v2026-08-11,2026-03-21..2026-08-06,baccarat_bet02_101_all_pairs_incl_sentinel,round_win = game_pnl > 0 (decisive only),COMPATIBILITY_ONLY_NOT_PRODUCTION,12731.7143,11592.2902,-61.5438,1106,1105,0.00483390,,0.00483390,0.00483390,61.5438,12731.7143,OK,0.0000,-2.4618,4.0000,96.0000,AG03-UNRESOLVED,ALL5_LEVELS_bet23_to_bet27,-2.4618,-2.4618,-2.4618,-2.4618,-2.4618,4.000000,4.000000,4.000000,4.000000,4.000000,96.000000,96.000000,96.000000,96.000000,96.000000,5.0,-12.3088,-11.3627,-49.2350,-50.1811,PENDING_AG03,FALSE,NOT_FOR_ENFORCEMENT,-59.0821,11128.5986,-61.5438,-59.0821,-2.4618,-0.00483390,-0.00464054,-2.4618,-59.0821,-0.00464054,-2.4618,-2.4618,-2.4618,-2.4618,-2.4618,-59.0821,-0.00464054,-12.3088,-11.3627,-49.2350,-50.1811,-0.00386712,-0.00394143,-0.00019336,11.5115,10.4908,-0.0557,-1.6196,-0.1061,335.0451,29.0789,,11.5115,8.4025,10.5412,11.0045,21.0824,22.009,42.1647,10.5412,0.0,2.087904,4.0,1.09205,30,155,25,3,0E-8,-0.00483390,,0E-8,0.000000,0.910505,0.000000,,2026-03-23,2026-06-20,38,580,415,90,0.422222,,,0.000000,,,,,,,,GLOBAL_BASELINE_NO_ENTITY_RANKING,,,NOT_APPLICABLE_GLOBAL_BASELINE,HF9g-P5,,,,X 全窗基线 · 不参与实体赏罚,3928035,393,A168_HF9F_20260827_0900,2026-08-27 09:00:00
2026-04-09,145898681,2223,0,54.8141589190,-12.8602449772,-12.8602449772,0.4285714,7,7,0.49516052857142857,0.495160528571,-0.3523729031294806,-0.3523729031272156,-0.3523729031294806,4.2857E-13,ELIGIBLE,R03b_20260811_FULL_v1,L1_ELIGIBILITY,v2026-08-11,2026-03-21..2026-08-06,baccarat_bet02_101_all_pairs_incl_sentinel,round_win = game_pnl > 0 (decisive only),COMPATIBILITY_ONLY_NOT_PRODUCTION,12731.7143,11592.2902,-61.5438,1106,1105,0.00483390,,0.00483390,0.00483390,61.5438,12731.7143,OK,0.0000,-2.4618,4.0000,96.0000,AG03-UNRESOLVED,ALL5_LEVELS_bet23_to_bet27,-2.4618,-2.4618,-2.4618,-2.4618,-2.4618,4.000000,4.000000,4.000000,4.000000,4.000000,96.000000,96.000000,96.000000,96.000000,96.000000,5.0,-12.3088,-11.3627,-49.2350,-50.1811,PENDING_AG03,FALSE,NOT_FOR_ENFORCEMENT,-59.0821,11128.5986,-61.5438,-59.0821,-2.4618,-0.00483390,-0.00464054,-2.4618,-59.0821,-0.00464054,-2.4618,-2.4618,-2.4618,-2.4618,-2.4618,-59.0821,-0.00464054,-12.3088,-11.3627,-49.2350,-50.1811,-0.00386712,-0.00394143,-0.00019336,11.5115,10.4908,-0.0557,-1.6196,-0.1061,335.0451,29.0789,,11.5115,8.4025,10.5412,11.0045,21.0824,22.009,42.1647,10.5412,0.0,2.087904,4.0,1.09205,30,155,25,3,0E-8,-0.00483390,,0E-8,0.000000,0.910505,0.000000,,2026-03-23,2026-06-20,38,580,415,90,0.422222,,,0.000000,,,,,,,,GLOBAL_BASELINE_NO_ENTITY_RANKING,,,NOT_APPLICABLE_GLOBAL_BASELINE,HF9g-P5,,,,X 全窗基线 · 不参与实体赏罚,3928036,393,A168_HF9F_20260827_0900,2026-08-27 09:00:00
2026-04-09,145898681,2241,0,10.5411844075,0E-10,0E-10,,1,1,0.50665070000000000,0.506650700000,,,,0E-17,NO_DECISIVE_ROUND,R03b_20260811_FULL_v1,L1_ELIGIBILITY,v2026-08-11,2026-03-21..2026-08-06,baccarat_bet02_101_all_pairs_incl_sentinel,round_win = game_pnl > 0 (decisive only),COMPATIBILITY_ONLY_NOT_PRODUCTION,12731.7143,11592.2902,-61.5438,1106,1105,0.00483390,,0.00483390,0.00483390,61.5438,12731.7143,OK,0.0000,-2.4618,4.0000,96.0000,AG03-UNRESOLVED,ALL5_LEVELS_bet23_to_bet27,-2.4618,-2.4618,-2.4618,-2.4618,-2.4618,4.000000,4.000000,4.000000,4.000000,4.000000,96.000000,96.000000,96.000000,96.000000,96.000000,5.0,-12.3088,-11.3627,-49.2350,-50.1811,PENDING_AG03,FALSE,NOT_FOR_ENFORCEMENT,-59.0821,11128.5986,-61.5438,-59.0821,-2.4618,-0.00483390,-0.00464054,-2.4618,-59.0821,-0.00464054,-2.4618,-2.4618,-2.4618,-2.4618,-2.4618,-59.0821,-0.00464054,-12.3088,-11.3627,-49.2350,-50.1811,-0.00386712,-0.00394143,-0.00019336,11.5115,10.4908,-0.0557,-1.6196,-0.1061,335.0451,29.0789,,11.5115,8.4025,10.5412,11.0045,21.0824,22.009,42.1647,10.5412,0.0,2.087904,4.0,1.09205,30,155,25,3,0E-8,-0.00483390,,0E-8,0.000000,0.910505,0.000000,,2026-03-23,2026-06-20,38,580,415,90,0.422222,,,0.000000,,,,,,,,GLOBAL_BASELINE_NO_ENTITY_RANKING,,,NOT_APPLICABLE_GLOBAL_BASELINE,HF9g-P5,,,,X 全窗基线 · 不参与实体赏罚,3928037,393,A168_HF9F_20260827_0900,2026-08-27 09:00:00
2026-04-09,145898681,2246,0,10.5411844075,-10.5411844075,-10.5411844075,0E-7,1,1,0.49324550000000000,0.493245500000,-0.9865810262130424,-0.9865810262130424,-0.9865810262130424,0E-17,ELIGIBLE,R03b_20260811_FULL_v1,L1_ELIGIBILITY,v2026-08-11,2026-03-21..2026-08-06,baccarat_bet02_101_all_pairs_incl_sentinel,round_win = game_pnl > 0 (decisive only),COMPATIBILITY_ONLY_NOT_PRODUCTION,12731.7143,11592.2902,-61.5438,1106,1105,0.00483390,,0.00483390,0.00483390,61.5438,12731.7143,OK,0.0000,-2.4618,4.0000,96.0000,AG03-UNRESOLVED,ALL5_LEVELS_bet23_to_bet27,-2.4618,-2.4618,-2.4618,-2.4618,-2.4618,4.000000,4.000000,4.000000,4.000000,4.000000,96.000000,96.000000,96.000000,96.000000,96.000000,5.0,-12.3088,-11.3627,-49.2350,-50.1811,PENDING_AG03,FALSE,NOT_FOR_ENFORCEMENT,-59.0821,11128.5986,-61.5438,-59.0821,-2.4618,-0.00483390,-0.00464054,-2.4618,-59.0821,-0.00464054,-2.4618,-2.4618,-2.4618,-2.4618,-2.4618,-59.0821,-0.00464054,-12.3088,-11.3627,-49.2350,-50.1811,-0.00386712,-0.00394143,-0.00019336,11.5115,10.4908,-0.0557,-1.6196,-0.1061,335.0451,29.0789,,11.5115,8.4025,10.5412,11.0045,21.0824,22.009,42.1647,10.5412,0.0,2.087904,4.0,1.09205,30,155,25,3,0E-8,-0.00483390,,0E-8,0.000000,0.910505,0.000000,,2026-03-23,2026-06-20,38,580,415,90,0.422222,,,0.000000,,,,,,,,GLOBAL_BASELINE_NO_ENTITY_RANKING,,,NOT_APPLICABLE_GLOBAL_BASELINE,HF9g-P5,,,,X 全窗基线 · 不参与实体赏罚,3928038,393,A168_HF9F_20260827_0900,2026-08-27 09:00:00
2026-04-09,145898681,2256,0,10.5411844075,-10.5411844075,-10.5411844075,0E-7,1,1,0.49324550000000000,0.493245500000,-0.9865810262130424,-0.9865810262130424,-0.9865810262130424,0E-17,ELIGIBLE,R03b_20260811_FULL_v1,L1_ELIGIBILITY,v2026-08-11,2026-03-21..2026-08-06,baccarat_bet02_101_all_pairs_incl_sentinel,round_win = game_pnl > 0 (decisive only),COMPATIBILITY_ONLY_NOT_PRODUCTION,12731.7143,11592.2902,-61.5438,1106,1105,0.00483390,,0.00483390,0.00483390,61.5438,12731.7143,OK,0.0000,-2.4618,4.0000,96.0000,AG03-UNRESOLVED,ALL5_LEVELS_bet23_to_bet27,-2.4618,-2.4618,-2.4618,-2.4618,-2.4618,4.000000,4.000000,4.000000,4.000000,4.000000,96.000000,96.000000,96.000000,96.000000,96.000000,5.0,-12.3088,-11.3627,-49.2350,-50.1811,PENDING_AG03,FALSE,NOT_FOR_ENFORCEMENT,-59.0821,11128.5986,-61.5438,-59.0821,-2.4618,-0.00483390,-0.00464054,-2.4618,-59.0821,-0.00464054,-2.4618,-2.4618,-2.4618,-2.4618,-2.4618,-59.0821,-0.00464054,-12.3088,-11.3627,-49.2350,-50.1811,-0.00386712,-0.00394143,-0.00019336,11.5115,10.4908,-0.0557,-1.6196,-0.1061,335.0451,29.0789,,11.5115,8.4025,10.5412,11.0045,21.0824,22.009,42.1647,10.5412,0.0,2.087904,4.0,1.09205,30,155,25,3,0E-8,-0.00483390,,0E-8,0.000000,0.910505,0.000000,,2026-03-23,2026-06-20,38,580,415,90,0.422222,,,0.000000,,,,,,,,GLOBAL_BASELINE_NO_ENTITY_RANKING,,,NOT_APPLICABLE_GLOBAL_BASELINE,HF9g-P5,,,,X 全窗基线 · 不参与实体赏罚,3928039,393,A168_HF9F_20260827_0900,2026-08-27 09:00:00
2026-04-09,145898681,583,0,42.1647376300,0E-10,0E-10,0.5000000,4,4,0.49324550000000000,0.493245500000,0.027020465636507562,0.027020465636507562,0.027020465636507562,0E-17,ELIGIBLE,R03b_20260811_FULL_v1,L1_ELIGIBILITY,v2026-08-11,2026-03-21..2026-08-06,baccarat_bet02_101_all_pairs_incl_sentinel,round_win = game_pnl > 0 (decisive only),COMPATIBILITY_ONLY_NOT_PRODUCTION,12731.7143,11592.2902,-61.5438,1106,1105,0.00483390,,0.00483390,0.00483390,61.5438,12731.7143,OK,0.0000,-2.4618,4.0000,96.0000,AG03-UNRESOLVED,ALL5_LEVELS_bet23_to_bet27,-2.4618,-2.4618,-2.4618,-2.4618,-2.4618,4.000000,4.000000,4.000000,4.000000,4.000000,96.000000,96.000000,96.000000,96.000000,96.000000,5.0,-12.3088,-11.3627,-49.2350,-50.1811,PENDING_AG03,FALSE,NOT_FOR_ENFORCEMENT,-59.0821,11128.5986,-61.5438,-59.0821,-2.4618,-0.00483390,-0.00464054,-2.4618,-59.0821,-0.00464054,-2.4618,-2.4618,-2.4618,-2.4618,-2.4618,-59.0821,-0.00464054,-12.3088,-11.3627,-49.2350,-50.1811,-0.00386712,-0.00394143,-0.00019336,11.5115,10.4908,-0.0557,-1.6196,-0.1061,335.0451,29.0789,,11.5115,8.4025,10.5412,11.0045,21.0824,22.009,42.1647,10.5412,0.0,2.087904,4.0,1.09205,30,155,25,3,0E-8,-0.00483390,,0E-8,0.000000,0.910505,0.000000,,2026-03-23,2026-06-20,38,580,415,90,0.422222,,,0.000000,,,,,,,,GLOBAL_BASELINE_NO_ENTITY_RANKING,,,NOT_APPLICABLE_GLOBAL_BASELINE,HF9g-P5,,,,X 全窗基线 · 不参与实体赏罚,3928040,393,A168_HF9F_20260827_0900,2026-08-27 09:00:00
2026-04-10,145898681,-1,1,73.7882908525,21.0823688150,21.0823688150,0.6666667,7,7,0.49516052857142857,0.495160528571,0.8402444109601804,0.840244410962287,0.8402444109601804,4.2857E-13,SENTINEL_DEALER,R03b_20260811_FULL_v1,L1_ELIGIBILITY,v2026-08-11,2026-03-21..2026-08-06,baccarat_bet02_101_all_pairs_incl_sentinel,round_win = game_pnl > 0 (decisive only),COMPATIBILITY_ONLY_NOT_PRODUCTION,12731.7143,11592.2902,-61.5438,1106,1105,0.00483390,,0.00483390,0.00483390,61.5438,12731.7143,OK,0.0000,-2.4618,4.0000,96.0000,AG03-UNRESOLVED,ALL5_LEVELS_bet23_to_bet27,-2.4618,-2.4618,-2.4618,-2.4618,-2.4618,4.000000,4.000000,4.000000,4.000000,4.000000,96.000000,96.000000,96.000000,96.000000,96.000000,5.0,-12.3088,-11.3627,-49.2350,-50.1811,PENDING_AG03,FALSE,NOT_FOR_ENFORCEMENT,-59.0821,11128.5986,-61.5438,-59.0821,-2.4618,-0.00483390,-0.00464054,-2.4618,-59.0821,-0.00464054,-2.4618,-2.4618,-2.4618,-2.4618,-2.4618,-59.0821,-0.00464054,-12.3088,-11.3627,-49.2350,-50.1811,-0.00386712,-0.00394143,-0.00019336,11.5115,10.4908,-0.0557,-1.6196,-0.1061,335.0451,29.0789,,11.5115,8.4025,10.5412,11.0045,21.0824,22.009,42.1647,10.5412,0.0,2.087904,4.0,1.09205,30,155,25,3,0E-8,-0.00483390,,0E-8,0.000000,0.910505,0.000000,,2026-03-23,2026-06-20,38,580,415,90,0.422222,,,0.000000,,,,,,,,GLOBAL_BASELINE_NO_ENTITY_RANKING,,,NOT_APPLICABLE_GLOBAL_BASELINE,HF9g-P5,,,,X 全窗基线 · 不参与实体赏罚,3928041,393,A168_HF9F_20260827_0900,2026-08-27 09:00:00
2026-04-10,145898681,1094,0,10.5411844075,0E-10,0E-10,,1,1,0.49324550000000000,0.493245500000,,,,0E-17,NO_DECISIVE_ROUND,R03b_20260811_FULL_v1,L1_ELIGIBILITY,v2026-08-11,2026-03-21..2026-08-06,baccarat_bet02_101_all_pairs_incl_sentinel,round_win = game_pnl > 0 (decisive only),COMPATIBILITY_ONLY_NOT_PRODUCTION,12731.7143,11592.2902,-61.5438,1106,1105,0.00483390,,0.00483390,0.00483390,61.5438,12731.7143,OK,0.0000,-2.4618,4.0000,96.0000,AG03-UNRESOLVED,ALL5_LEVELS_bet23_to_bet27,-2.4618,-2.4618,-2.4618,-2.4618,-2.4618,4.000000,4.000000,4.000000,4.000000,4.000000,96.000000,96.000000,96.000000,96.000000,96.000000,5.0,-12.3088,-11.3627,-49.2350,-50.1811,PENDING_AG03,FALSE,NOT_FOR_ENFORCEMENT,-59.0821,11128.5986,-61.5438,-59.0821,-2.4618,-0.00483390,-0.00464054,-2.4618,-59.0821,-0.00464054,-2.4618,-2.4618,-2.4618,-2.4618,-2.4618,-59.0821,-0.00464054,-12.3088,-11.3627,-49.2350,-50.1811,-0.00386712,-0.00394143,-0.00019336,11.5115,10.4908,-0.0557,-1.6196,-0.1061,335.0451,29.0789,,11.5115,8.4025,10.5412,11.0045,21.0824,22.009,42.1647,10.5412,0.0,2.087904,4.0,1.09205,30,155,25,3,0E-8,-0.00483390,,0E-8,0.000000,0.910505,0.000000,,2026-03-23,2026-06-20,38,580,415,90,0.422222,,,0.000000,,,,,,,,GLOBAL_BASELINE_NO_ENTITY_RANKING,,,NOT_APPLICABLE_GLOBAL_BASELINE,HF9g-P5,,,,X 全窗基线 · 不参与实体赏罚,3928042,393,A168_HF9F_20260827_0900,2026-08-27 09:00:00
2026-04-10,145898681,1396,0,10.5411844075,0E-10,0E-10,,1,1,0.49324550000000000,0.493245500000,,,,0E-17,NO_DECISIVE_ROUND,R03b_20260811_FULL_v1,L1_ELIGIBILITY,v2026-08-11,2026-03-21..2026-08-06,baccarat_bet02_101_all_pairs_incl_sentinel,round_win = game_pnl > 0 (decisive only),COMPATIBILITY_ONLY_NOT_PRODUCTION,12731.7143,11592.2902,-61.5438,1106,1105,0.00483390,,0.00483390,0.00483390,61.5438,12731.7143,OK,0.0000,-2.4618,4.0000,96.0000,AG03-UNRESOLVED,ALL5_LEVELS_bet23_to_bet27,-2.4618,-2.4618,-2.4618,-2.4618,-2.4618,4.000000,4.000000,4.000000,4.000000,4.000000,96.000000,96.000000,96.000000,96.000000,96.000000,5.0,-12.3088,-11.3627,-49.2350,-50.1811,PENDING_AG03,FALSE,NOT_FOR_ENFORCEMENT,-59.0821,11128.5986,-61.5438,-59.0821,-2.4618,-0.00483390,-0.00464054,-2.4618,-59.0821,-0.00464054,-2.4618,-2.4618,-2.4618,-2.4618,-2.4618,-59.0821,-0.00464054,-12.3088,-11.3627,-49.2350,-50.1811,-0.00386712,-0.00394143,-0.00019336,11.5115,10.4908,-0.0557,-1.6196,-0.1061,335.0451,29.0789,,11.5115,8.4025,10.5412,11.0045,21.0824,22.009,42.1647,10.5412,0.0,2.087904,4.0,1.09205,30,155,25,3,0E-8,-0.00483390,,0E-8,0.000000,0.910505,0.000000,,2026-03-23,2026-06-20,38,580,415,90,0.422222,,,0.000000,,,,,,,,GLOBAL_BASELINE_NO_ENTITY_RANKING,,,NOT_APPLICABLE_GLOBAL_BASELINE,HF9g-P5,,,,X 全窗基线 · 不参与实体赏罚,3928043,393,A168_HF9F_20260827_0900,2026-08-27 09:00:00
2026-04-10,145898681,1485,0,10.5411844075,-10.5411844075,-10.5411844075,0E-7,1,1,0.49324550000000000,0.493245500000,-0.9865810262130424,-0.9865810262130424,-0.9865810262130424,0E-17,ELIGIBLE,R03b_20260811_FULL_v1,L1_ELIGIBILITY,v2026-08-11,2026-03-21..2026-08-06,baccarat_bet02_101_all_pairs_incl_sentinel,round_win = game_pnl > 0 (decisive only),COMPATIBILITY_ONLY_NOT_PRODUCTION,12731.7143,11592.2902,-61.5438,1106,1105,0.00483390,,0.00483390,0.00483390,61.5438,12731.7143,OK,0.0000,-2.4618,4.0000,96.0000,AG03-UNRESOLVED,ALL5_LEVELS_bet23_to_bet27,-2.4618,-2.4618,-2.4618,-2.4618,-2.4618,4.000000,4.000000,4.000000,4.000000,4.000000,96.000000,96.000000,96.000000,96.000000,96.000000,5.0,-12.3088,-11.3627,-49.2350,-50.1811,PENDING_AG03,FALSE,NOT_FOR_ENFORCEMENT,-59.0821,11128.5986,-61.5438,-59.0821,-2.4618,-0.00483390,-0.00464054,-2.4618,-59.0821,-0.00464054,-2.4618,-2.4618,-2.4618,-2.4618,-2.4618,-59.0821,-0.00464054,-12.3088,-11.3627,-49.2350,-50.1811,-0.00386712,-0.00394143,-0.00019336,11.5115,10.4908,-0.0557,-1.6196,-0.1061,335.0451,29.0789,,11.5115,8.4025,10.5412,11.0045,21.0824,22.009,42.1647,10.5412,0.0,2.087904,4.0,1.09205,30,155,25,3,0E-8,-0.00483390,,0E-8,0.000000,0.910505,0.000000,,2026-03-23,2026-06-20,38,580,415,90,0.422222,,,0.000000,,,,,,,,GLOBAL_BASELINE_NO_ENTITY_RANKING,,,NOT_APPLICABLE_GLOBAL_BASELINE,HF9g-P5,,,,X 全窗基线 · 不参与实体赏罚,3928044,393,A168_HF9F_20260827_0900,2026-08-27 09:00:00
2026-04-10,145898681,1963,0,10.5411844075,0E-10,0E-10,,1,1,0.49324550000000000,0.493245500000,,,,0E-17,NO_DECISIVE_ROUND,R03b_20260811_FULL_v1,L1_ELIGIBILITY,v2026-08-11,2026-03-21..2026-08-06,baccarat_bet02_101_all_pairs_incl_sentinel,round_win = game_pnl > 0 (decisive only),COMPATIBILITY_ONLY_NOT_PRODUCTION,12731.7143,11592.2902,-61.5438,1106,1105,0.00483390,,0.00483390,0.00483390,61.5438,12731.7143,OK,0.0000,-2.4618,4.0000,96.0000,AG03-UNRESOLVED,ALL5_LEVELS_bet23_to_bet27,-2.4618,-2.4618,-2.4618,-2.4618,-2.4618,4.000000,4.000000,4.000000,4.000000,4.000000,96.000000,96.000000,96.000000,96.000000,96.000000,5.0,-12.3088,-11.3627,-49.2350,-50.1811,PENDING_AG03,FALSE,NOT_FOR_ENFORCEMENT,-59.0821,11128.5986,-61.5438,-59.0821,-2.4618,-0.00483390,-0.00464054,-2.4618,-59.0821,-0.00464054,-2.4618,-2.4618,-2.4618,-2.4618,-2.4618,-59.0821,-0.00464054,-12.3088,-11.3627,-49.2350,-50.1811,-0.00386712,-0.00394143,-0.00019336,11.5115,10.4908,-0.0557,-1.6196,-0.1061,335.0451,29.0789,,11.5115,8.4025,10.5412,11.0045,21.0824,22.009,42.1647,10.5412,0.0,2.087904,4.0,1.09205,30,155,25,3,0E-8,-0.00483390,,0E-8,0.000000,0.910505,0.000000,,2026-03-23,2026-06-20,38,580,415,90,0.422222,,,0.000000,,,,,,,,GLOBAL_BASELINE_NO_ENTITY_RANKING,,,NOT_APPLICABLE_GLOBAL_BASELINE,HF9g-P5,,,,X 全窗基线 · 不参与实体赏罚,3928045,393,A168_HF9F_20260827_0900,2026-08-27 09:00:00
2026-04-10,145898681,2153,0,8.4329475260,-8.4329475260,-8.4329475260,0E-7,1,1,0.49324550000000000,0.493245500000,-0.9865810262130424,-0.9865810262130424,-0.9865810262130424,0E-17,ELIGIBLE,R03b_20260811_FULL_v1,L1_ELIGIBILITY,v2026-08-11,2026-03-21..2026-08-06,baccarat_bet02_101_all_pairs_incl_sentinel,round_win = game_pnl > 0 (decisive only),COMPATIBILITY_ONLY_NOT_PRODUCTION,12731.7143,11592.2902,-61.5438,1106,1105,0.00483390,,0.00483390,0.00483390,61.5438,12731.7143,OK,0.0000,-2.4618,4.0000,96.0000,AG03-UNRESOLVED,ALL5_LEVELS_bet23_to_bet27,-2.4618,-2.4618,-2.4618,-2.4618,-2.4618,4.000000,4.000000,4.000000,4.000000,4.000000,96.000000,96.000000,96.000000,96.000000,96.000000,5.0,-12.3088,-11.3627,-49.2350,-50.1811,PENDING_AG03,FALSE,NOT_FOR_ENFORCEMENT,-59.0821,11128.5986,-61.5438,-59.0821,-2.4618,-0.00483390,-0.00464054,-2.4618,-59.0821,-0.00464054,-2.4618,-2.4618,-2.4618,-2.4618,-2.4618,-59.0821,-0.00464054,-12.3088,-11.3627,-49.2350,-50.1811,-0.00386712,-0.00394143,-0.00019336,11.5115,10.4908,-0.0557,-1.6196,-0.1061,335.0451,29.0789,,11.5115,8.4025,10.5412,11.0045,21.0824,22.009,42.1647,10.5412,0.0,2.087904,4.0,1.09205,30,155,25,3,0E-8,-0.00483390,,0E-8,0.000000,0.910505,0.000000,,2026-03-23,2026-06-20,38,580,415,90,0.422222,,,0.000000,,,,,,,,GLOBAL_BASELINE_NO_ENTITY_RANKING,,,NOT_APPLICABLE_GLOBAL_BASELINE,HF9g-P5,,,,X 全窗基线 · 不参与实体赏罚,3928046,393,A168_HF9F_20260827_0900,2026-08-27 09:00:00
2026-04-10,145898681,2155,0,4.2164737630,-4.2164737630,-4.2164737630,0E-7,1,1,0.49324550000000000,0.493245500000,-0.9865810262130424,-0.9865810262130424,-0.9865810262130424,0E-17,ELIGIBLE,R03b_20260811_FULL_v1,L1_ELIGIBILITY,v2026-08-11,2026-03-21..2026-08-06,baccarat_bet02_101_all_pairs_incl_sentinel,round_win = game_pnl > 0 (decisive only),COMPATIBILITY_ONLY_NOT_PRODUCTION,12731.7143,11592.2902,-61.5438,1106,1105,0.00483390,,0.00483390,0.00483390,61.5438,12731.7143,OK,0.0000,-2.4618,4.0000,96.0000,AG03-UNRESOLVED,ALL5_LEVELS_bet23_to_bet27,-2.4618,-2.4618,-2.4618,-2.4618,-2.4618,4.000000,4.000000,4.000000,4.000000,4.000000,96.000000,96.000000,96.000000,96.000000,96.000000,5.0,-12.3088,-11.3627,-49.2350,-50.1811,PENDING_AG03,FALSE,NOT_FOR_ENFORCEMENT,-59.0821,11128.5986,-61.5438,-59.0821,-2.4618,-0.00483390,-0.00464054,-2.4618,-59.0821,-0.00464054,-2.4618,-2.4618,-2.4618,-2.4618,-2.4618,-59.0821,-0.00464054,-12.3088,-11.3627,-49.2350,-50.1811,-0.00386712,-0.00394143,-0.00019336,11.5115,10.4908,-0.0557,-1.6196,-0.1061,335.0451,29.0789,,11.5115,8.4025,10.5412,11.0045,21.0824,22.009,42.1647,10.5412,0.0,2.087904,4.0,1.09205,30,155,25,3,0E-8,-0.00483390,,0E-8,0.000000,0.910505,0.000000,,2026-03-23,2026-06-20,38,580,415,90,0.422222,,,0.000000,,,,,,,,GLOBAL_BASELINE_NO_ENTITY_RANKING,,,NOT_APPLICABLE_GLOBAL_BASELINE,HF9g-P5,,,,X 全窗基线 · 不参与实体赏罚,3928047,393,A168_HF9F_20260827_0900,2026-08-27 09:00:00
2026-04-10,145898681,2177,0,4.2164737630,4.2164737630,4.2164737630,1.0000000,1,1,0.49324550000000000,0.493245500000,1.01360149184955,1.01360149184955,1.01360149184955,0E-17,ELIGIBLE,R03b_20260811_FULL_v1,L1_ELIGIBILITY,v2026-08-11,2026-03-21..2026-08-06,baccarat_bet02_101_all_pairs_incl_sentinel,round_win = game_pnl > 0 (decisive only),COMPATIBILITY_ONLY_NOT_PRODUCTION,12731.7143,11592.2902,-61.5438,1106,1105,0.00483390,,0.00483390,0.00483390,61.5438,12731.7143,OK,0.0000,-2.4618,4.0000,96.0000,AG03-UNRESOLVED,ALL5_LEVELS_bet23_to_bet27,-2.4618,-2.4618,-2.4618,-2.4618,-2.4618,4.000000,4.000000,4.000000,4.000000,4.000000,96.000000,96.000000,96.000000,96.000000,96.000000,5.0,-12.3088,-11.3627,-49.2350,-50.1811,PENDING_AG03,FALSE,NOT_FOR_ENFORCEMENT,-59.0821,11128.5986,-61.5438,-59.0821,-2.4618,-0.00483390,-0.00464054,-2.4618,-59.0821,-0.00464054,-2.4618,-2.4618,-2.4618,-2.4618,-2.4618,-59.0821,-0.00464054,-12.3088,-11.3627,-49.2350,-50.1811,-0.00386712,-0.00394143,-0.00019336,11.5115,10.4908,-0.0557,-1.6196,-0.1061,335.0451,29.0789,,11.5115,8.4025,10.5412,11.0045,21.0824,22.009,42.1647,10.5412,0.0,2.087904,4.0,1.09205,30,155,25,3,0E-8,-0.00483390,,0E-8,0.000000,0.910505,0.000000,,2026-03-23,2026-06-20,38,580,415,90,0.422222,,,0.000000,,,,,,,,GLOBAL_BASELINE_NO_ENTITY_RANKING,,,NOT_APPLICABLE_GLOBAL_BASELINE,HF9g-P5,,,,X 全窗基线 · 不参与实体赏罚,3928048,393,A168_HF9F_20260827_0900,2026-08-27 09:00:00
2026-04-10,145898681,2218,0,10.5411844075,-10.5411844075,-10.5411844075,0E-7,1,1,0.49324550000000000,0.493245500000,-0.9865810262130424,-0.9865810262130424,-0.9865810262130424,0E-17,ELIGIBLE,R03b_20260811_FULL_v1,L1_ELIGIBILITY,v2026-08-11,2026-03-21..2026-08-06,baccarat_bet02_101_all_pairs_incl_sentinel,round_win = game_pnl > 0 (decisive only),COMPATIBILITY_ONLY_NOT_PRODUCTION,12731.7143,11592.2902,-61.5438,1106,1105,0.00483390,,0.00483390,0.00483390,61.5438,12731.7143,OK,0.0000,-2.4618,4.0000,96.0000,AG03-UNRESOLVED,ALL5_LEVELS_bet23_to_bet27,-2.4618,-2.4618,-2.4618,-2.4618,-2.4618,4.000000,4.000000,4.000000,4.000000,4.000000,96.000000,96.000000,96.000000,96.000000,96.000000,5.0,-12.3088,-11.3627,-49.2350,-50.1811,PENDING_AG03,FALSE,NOT_FOR_ENFORCEMENT,-59.0821,11128.5986,-61.5438,-59.0821,-2.4618,-0.00483390,-0.00464054,-2.4618,-59.0821,-0.00464054,-2.4618,-2.4618,-2.4618,-2.4618,-2.4618,-59.0821,-0.00464054,-12.3088,-11.3627,-49.2350,-50.1811,-0.00386712,-0.00394143,-0.00019336,11.5115,10.4908,-0.0557,-1.6196,-0.1061,335.0451,29.0789,,11.5115,8.4025,10.5412,11.0045,21.0824,22.009,42.1647,10.5412,0.0,2.087904,4.0,1.09205,30,155,25,3,0E-8,-0.00483390,,0E-8,0.000000,0.910505,0.000000,,2026-03-23,2026-06-20,38,580,415,90,0.422222,,,0.000000,,,,,,,,GLOBAL_BASELINE_NO_ENTITY_RANKING,,,NOT_APPLICABLE_GLOBAL_BASELINE,HF9g-P5,,,,X 全窗基线 · 不参与实体赏罚,3928049,393,A168_HF9F_20260827_0900,2026-08-27 09:00:00
2026-04-10,145898681,2229,0,10.5411844075,-10.5411844075,-10.5411844075,0E-7,1,1,0.49324550000000000,0.493245500000,-0.9865810262130424,-0.9865810262130424,-0.9865810262130424,0E-17,ELIGIBLE,R03b_20260811_FULL_v1,L1_ELIGIBILITY,v2026-08-11,2026-03-21..2026-08-06,baccarat_bet02_101_all_pairs_incl_sentinel,round_win = game_pnl > 0 (decisive only),COMPATIBILITY_ONLY_NOT_PRODUCTION,12731.7143,11592.2902,-61.5438,1106,1105,0.00483390,,0.00483390,0.00483390,61.5438,12731.7143,OK,0.0000,-2.4618,4.0000,96.0000,AG03-UNRESOLVED,ALL5_LEVELS_bet23_to_bet27,-2.4618,-2.4618,-2.4618,-2.4618,-2.4618,4.000000,4.000000,4.000000,4.000000,4.000000,96.000000,96.000000,96.000000,96.000000,96.000000,5.0,-12.3088,-11.3627,-49.2350,-50.1811,PENDING_AG03,FALSE,NOT_FOR_ENFORCEMENT,-59.0821,11128.5986,-61.5438,-59.0821,-2.4618,-0.00483390,-0.00464054,-2.4618,-59.0821,-0.00464054,-2.4618,-2.4618,-2.4618,-2.4618,-2.4618,-59.0821,-0.00464054,-12.3088,-11.3627,-49.2350,-50.1811,-0.00386712,-0.00394143,-0.00019336,11.5115,10.4908,-0.0557,-1.6196,-0.1061,335.0451,29.0789,,11.5115,8.4025,10.5412,11.0045,21.0824,22.009,42.1647,10.5412,0.0,2.087904,4.0,1.09205,30,155,25,3,0E-8,-0.00483390,,0E-8,0.000000,0.910505,0.000000,,2026-03-23,2026-06-20,38,580,415,90,0.422222,,,0.000000,,,,,,,,GLOBAL_BASELINE_NO_ENTITY_RANKING,,,NOT_APPLICABLE_GLOBAL_BASELINE,HF9g-P5,,,,X 全窗基线 · 不参与实体赏罚,3928050,393,A168_HF9F_20260827_0900,2026-08-27 09:00:00
2026-04-10,145898681,2241,0,12.6494212890,8.4329475260,8.4329475260,1.0000000,3,3,0.49324550000000000,0.493245500000,1.4334489766152358,1.4334489766152358,1.4334489766152358,0E-17,ELIGIBLE,R03b_20260811_FULL_v1,L1_ELIGIBILITY,v2026-08-11,2026-03-21..2026-08-06,baccarat_bet02_101_all_pairs_incl_sentinel,round_win = game_pnl > 0 (decisive only),COMPATIBILITY_ONLY_NOT_PRODUCTION,12731.7143,11592.2902,-61.5438,1106,1105,0.00483390,,0.00483390,0.00483390,61.5438,12731.7143,OK,0.0000,-2.4618,4.0000,96.0000,AG03-UNRESOLVED,ALL5_LEVELS_bet23_to_bet27,-2.4618,-2.4618,-2.4618,-2.4618,-2.4618,4.000000,4.000000,4.000000,4.000000,4.000000,96.000000,96.000000,96.000000,96.000000,96.000000,5.0,-12.3088,-11.3627,-49.2350,-50.1811,PENDING_AG03,FALSE,NOT_FOR_ENFORCEMENT,-59.0821,11128.5986,-61.5438,-59.0821,-2.4618,-0.00483390,-0.00464054,-2.4618,-59.0821,-0.00464054,-2.4618,-2.4618,-2.4618,-2.4618,-2.4618,-59.0821,-0.00464054,-12.3088,-11.3627,-49.2350,-50.1811,-0.00386712,-0.00394143,-0.00019336,11.5115,10.4908,-0.0557,-1.6196,-0.1061,335.0451,29.0789,,11.5115,8.4025,10.5412,11.0045,21.0824,22.009,42.1647,10.5412,0.0,2.087904,4.0,1.09205,30,155,25,3,0E-8,-0.00483390,,0E-8,0.000000,0.910505,0.000000,,2026-03-23,2026-06-20,38,580,415,90,0.422222,,,0.000000,,,,,,,,GLOBAL_BASELINE_NO_ENTITY_RANKING,,,NOT_APPLICABLE_GLOBAL_BASELINE,HF9g-P5,,,,X 全窗基线 · 不参与实体赏罚,3928051,393,A168_HF9F_20260827_0900,2026-08-27 09:00:00
2026-04-10,145898681,2250,0,10.5411844075,-10.5411844075,-10.5411844075,0E-7,1,1,0.49324550000000000,0.493245500000,-0.9865810262130424,-0.9865810262130424,-0.9865810262130424,0E-17,ELIGIBLE,R03b_20260811_FULL_v1,L1_ELIGIBILITY,v2026-08-11,2026-03-21..2026-08-06,baccarat_bet02_101_all_pairs_incl_sentinel,round_win = game_pnl > 0 (decisive only),COMPATIBILITY_ONLY_NOT_PRODUCTION,12731.7143,11592.2902,-61.5438,1106,1105,0.00483390,,0.00483390,0.00483390,61.5438,12731.7143,OK,0.0000,-2.4618,4.0000,96.0000,AG03-UNRESOLVED,ALL5_LEVELS_bet23_to_bet27,-2.4618,-2.4618,-2.4618,-2.4618,-2.4618,4.000000,4.000000,4.000000,4.000000,4.000000,96.000000,96.000000,96.000000,96.000000,96.000000,5.0,-12.3088,-11.3627,-49.2350,-50.1811,PENDING_AG03,FALSE,NOT_FOR_ENFORCEMENT,-59.0821,11128.5986,-61.5438,-59.0821,-2.4618,-0.00483390,-0.00464054,-2.4618,-59.0821,-0.00464054,-2.4618,-2.4618,-2.4618,-2.4618,-2.4618,-59.0821,-0.00464054,-12.3088,-11.3627,-49.2350,-50.1811,-0.00386712,-0.00394143,-0.00019336,11.5115,10.4908,-0.0557,-1.6196,-0.1061,335.0451,29.0789,,11.5115,8.4025,10.5412,11.0045,21.0824,22.009,42.1647,10.5412,0.0,2.087904,4.0,1.09205,30,155,25,3,0E-8,-0.00483390,,0E-8,0.000000,0.910505,0.000000,,2026-03-23,2026-06-20,38,580,415,90,0.422222,,,0.000000,,,,,,,,GLOBAL_BASELINE_NO_ENTITY_RANKING,,,NOT_APPLICABLE_GLOBAL_BASELINE,HF9g-P5,,,,X 全窗基线 · 不参与实体赏罚,3928052,393,A168_HF9F_20260827_0900,2026-08-27 09:00:00
2026-04-10,145898681,970,0,4.2164737630,0E-10,0E-10,,1,1,0.50665070000000000,0.506650700000,,,,0E-17,NO_DECISIVE_ROUND,R03b_20260811_FULL_v1,L1_ELIGIBILITY,v2026-08-11,2026-03-21..2026-08-06,baccarat_bet02_101_all_pairs_incl_sentinel,round_win = game_pnl > 0 (decisive only),COMPATIBILITY_ONLY_NOT_PRODUCTION,12731.7143,11592.2902,-61.5438,1106,1105,0.00483390,,0.00483390,0.00483390,61.5438,12731.7143,OK,0.0000,-2.4618,4.0000,96.0000,AG03-UNRESOLVED,ALL5_LEVELS_bet23_to_bet27,-2.4618,-2.4618,-2.4618,-2.4618,-2.4618,4.000000,4.000000,4.000000,4.000000,4.000000,96.000000,96.000000,96.000000,96.000000,96.000000,5.0,-12.3088,-11.3627,-49.2350,-50.1811,PENDING_AG03,FALSE,NOT_FOR_ENFORCEMENT,-59.0821,11128.5986,-61.5438,-59.0821,-2.4618,-0.00483390,-0.00464054,-2.4618,-59.0821,-0.00464054,-2.4618,-2.4618,-2.4618,-2.4618,-2.4618,-59.0821,-0.00464054,-12.3088,-11.3627,-49.2350,-50.1811,-0.00386712,-0.00394143,-0.00019336,11.5115,10.4908,-0.0557,-1.6196,-0.1061,335.0451,29.0789,,11.5115,8.4025,10.5412,11.0045,21.0824,22.009,42.1647,10.5412,0.0,2.087904,4.0,1.09205,30,155,25,3,0E-8,-0.00483390,,0E-8,0.000000,0.910505,0.000000,,2026-03-23,2026-06-20,38,580,415,90,0.422222,,,0.000000,,,,,,,,GLOBAL_BASELINE_NO_ENTITY_RANKING,,,NOT_APPLICABLE_GLOBAL_BASELINE,HF9g-P5,,,,X 全窗基线 · 不参与实体赏罚,3928053,393,A168_HF9F_20260827_0900,2026-08-27 09:00:00
2026-04-11,145898681,-1,1,10.5411844075,-10.5411844075,-10.5411844075,0E-7,1,1,0.49324550000000000,0.493245500000,-0.9865810262130424,-0.9865810262130424,-0.9865810262130424,0E-17,SENTINEL_DEALER,R03b_20260811_FULL_v1,L1_ELIGIBILITY,v2026-08-11,2026-03-21..2026-08-06,baccarat_bet02_101_all_pairs_incl_sentinel,round_win = game_pnl > 0 (decisive only),COMPATIBILITY_ONLY_NOT_PRODUCTION,12731.7143,11592.2902,-61.5438,1106,1105,0.00483390,,0.00483390,0.00483390,61.5438,12731.7143,OK,0.0000,-2.4618,4.0000,96.0000,AG03-UNRESOLVED,ALL5_LEVELS_bet23_to_bet27,-2.4618,-2.4618,-2.4618,-2.4618,-2.4618,4.000000,4.000000,4.000000,4.000000,4.000000,96.000000,96.000000,96.000000,96.000000,96.000000,5.0,-12.3088,-11.3627,-49.2350,-50.1811,PENDING_AG03,FALSE,NOT_FOR_ENFORCEMENT,-59.0821,11128.5986,-61.5438,-59.0821,-2.4618,-0.00483390,-0.00464054,-2.4618,-59.0821,-0.00464054,-2.4618,-2.4618,-2.4618,-2.4618,-2.4618,-59.0821,-0.00464054,-12.3088,-11.3627,-49.2350,-50.1811,-0.00386712,-0.00394143,-0.00019336,11.5115,10.4908,-0.0557,-1.6196,-0.1061,335.0451,29.0789,,11.5115,8.4025,10.5412,11.0045,21.0824,22.009,42.1647,10.5412,0.0,2.087904,4.0,1.09205,30,155,25,3,0E-8,-0.00483390,,0E-8,0.000000,0.910505,0.000000,,2026-03-23,2026-06-20,38,580,415,90,0.422222,,,0.000000,,,,,,,,GLOBAL_BASELINE_NO_ENTITY_RANKING,,,NOT_APPLICABLE_GLOBAL_BASELINE,HF9g-P5,,,,X 全窗基线 · 不参与实体赏罚,3928054,393,A168_HF9F_20260827_0900,2026-08-27 09:00:00
2026-04-11,145898681,1330,0,21.0823688150,0E-10,0E-10,0.5000000,2,2,0.49324550000000000,0.493245500000,0.01910635448239258,0.01910635448239258,0.01910635448239258,0E-17,ELIGIBLE,R03b_20260811_FULL_v1,L1_ELIGIBILITY,v2026-08-11,2026-03-21..2026-08-06,baccarat_bet02_101_all_pairs_incl_sentinel,round_win = game_pnl > 0 (decisive only),COMPATIBILITY_ONLY_NOT_PRODUCTION,12731.7143,11592.2902,-61.5438,1106,1105,0.00483390,,0.00483390,0.00483390,61.5438,12731.7143,OK,0.0000,-2.4618,4.0000,96.0000,AG03-UNRESOLVED,ALL5_LEVELS_bet23_to_bet27,-2.4618,-2.4618,-2.4618,-2.4618,-2.4618,4.000000,4.000000,4.000000,4.000000,4.000000,96.000000,96.000000,96.000000,96.000000,96.000000,5.0,-12.3088,-11.3627,-49.2350,-50.1811,PENDING_AG03,FALSE,NOT_FOR_ENFORCEMENT,-59.0821,11128.5986,-61.5438,-59.0821,-2.4618,-0.00483390,-0.00464054,-2.4618,-59.0821,-0.00464054,-2.4618,-2.4618,-2.4618,-2.4618,-2.4618,-59.0821,-0.00464054,-12.3088,-11.3627,-49.2350,-50.1811,-0.00386712,-0.00394143,-0.00019336,11.5115,10.4908,-0.0557,-1.6196,-0.1061,335.0451,29.0789,,11.5115,8.4025,10.5412,11.0045,21.0824,22.009,42.1647,10.5412,0.0,2.087904,4.0,1.09205,30,155,25,3,0E-8,-0.00483390,,0E-8,0.000000,0.910505,0.000000,,2026-03-23,2026-06-20,38,580,415,90,0.422222,,,0.000000,,,,,,,,GLOBAL_BASELINE_NO_ENTITY_RANKING,,,NOT_APPLICABLE_GLOBAL_BASELINE,HF9g-P5,,,,X 全窗基线 · 不参与实体赏罚,3928055,393,A168_HF9F_20260827_0900,2026-08-27 09:00:00
2026-04-11,145898681,1353,0,31.6235532225,10.5411844075,10.5411844075,0.6666667,3,3,0.49324550000000000,0.493245500000,0.6008033672792107,0.6008033672792106,0.6008033672792107,0E-17,ELIGIBLE,R03b_20260811_FULL_v1,L1_ELIGIBILITY,v2026-08-11,2026-03-21..2026-08-06,baccarat_bet02_101_all_pairs_incl_sentinel,round_win = game_pnl > 0 (decisive only),COMPATIBILITY_ONLY_NOT_PRODUCTION,12731.7143,11592.2902,-61.5438,1106,1105,0.00483390,,0.00483390,0.00483390,61.5438,12731.7143,OK,0.0000,-2.4618,4.0000,96.0000,AG03-UNRESOLVED,ALL5_LEVELS_bet23_to_bet27,-2.4618,-2.4618,-2.4618,-2.4618,-2.4618,4.000000,4.000000,4.000000,4.000000,4.000000,96.000000,96.000000,96.000000,96.000000,96.000000,5.0,-12.3088,-11.3627,-49.2350,-50.1811,PENDING_AG03,FALSE,NOT_FOR_ENFORCEMENT,-59.0821,11128.5986,-61.5438,-59.0821,-2.4618,-0.00483390,-0.00464054,-2.4618,-59.0821,-0.00464054,-2.4618,-2.4618,-2.4618,-2.4618,-2.4618,-59.0821,-0.00464054,-12.3088,-11.3627,-49.2350,-50.1811,-0.00386712,-0.00394143,-0.00019336,11.5115,10.4908,-0.0557,-1.6196,-0.1061,335.0451,29.0789,,11.5115,8.4025,10.5412,11.0045,21.0824,22.009,42.1647,10.5412,0.0,2.087904,4.0,1.09205,30,155,25,3,0E-8,-0.00483390,,0E-8,0.000000,0.910505,0.000000,,2026-03-23,2026-06-20,38,580,415,90,0.422222,,,0.000000,,,,,,,,GLOBAL_BASELINE_NO_ENTITY_RANKING,,,NOT_APPLICABLE_GLOBAL_BASELINE,HF9g-P5,,,,X 全窗基线 · 不参与实体赏罚,3928056,393,A168_HF9F_20260827_0900,2026-08-27 09:00:00
2026-04-11,145898681,1363,0,14.7576581705,2.1082368815,2.1082368815,0.5000000,2,2,0.49324550000000000,0.493245500000,0.01910635448239258,0.01910635448239258,0.01910635448239258,0E-17,ELIGIBLE,R03b_20260811_FULL_v1,L1_ELIGIBILITY,v2026-08-11,2026-03-21..2026-08-06,baccarat_bet02_101_all_pairs_incl_sentinel,round_win = game_pnl > 0 (decisive only),COMPATIBILITY_ONLY_NOT_PRODUCTION,12731.7143,11592.2902,-61.5438,1106,1105,0.00483390,,0.00483390,0.00483390,61.5438,12731.7143,OK,0.0000,-2.4618,4.0000,96.0000,AG03-UNRESOLVED,ALL5_LEVELS_bet23_to_bet27,-2.4618,-2.4618,-2.4618,-2.4618,-2.4618,4.000000,4.000000,4.000000,4.000000,4.000000,96.000000,96.000000,96.000000,96.000000,96.000000,5.0,-12.3088,-11.3627,-49.2350,-50.1811,PENDING_AG03,FALSE,NOT_FOR_ENFORCEMENT,-59.0821,11128.5986,-61.5438,-59.0821,-2.4618,-0.00483390,-0.00464054,-2.4618,-59.0821,-0.00464054,-2.4618,-2.4618,-2.4618,-2.4618,-2.4618,-59.0821,-0.00464054,-12.3088,-11.3627,-49.2350,-50.1811,-0.00386712,-0.00394143,-0.00019336,11.5115,10.4908,-0.0557,-1.6196,-0.1061,335.0451,29.0789,,11.5115,8.4025,10.5412,11.0045,21.0824,22.009,42.1647,10.5412,0.0,2.087904,4.0,1.09205,30,155,25,3,0E-8,-0.00483390,,0E-8,0.000000,0.910505,0.000000,,2026-03-23,2026-06-20,38,580,415,90,0.422222,,,0.000000,,,,,,,,GLOBAL_BASELINE_NO_ENTITY_RANKING,,,NOT_APPLICABLE_GLOBAL_BASELINE,HF9g-P5,,,,X 全窗基线 · 不参与实体赏罚,3928057,393,A168_HF9F_20260827_0900,2026-08-27 09:00:00
2026-04-11,145898681,1383,0,10.5411844075,-10.5411844075,-10.5411844075,0E-7,1,1,0.49324550000000000,0.493245500000,-0.9865810262130424,-0.9865810262130424,-0.9865810262130424,0E-17,ELIGIBLE,R03b_20260811_FULL_v1,L1_ELIGIBILITY,v2026-08-11,2026-03-21..2026-08-06,baccarat_bet02_101_all_pairs_incl_sentinel,round_win = game_pnl > 0 (decisive only),COMPATIBILITY_ONLY_NOT_PRODUCTION,12731.7143,11592.2902,-61.5438,1106,1105,0.00483390,,0.00483390,0.00483390,61.5438,12731.7143,OK,0.0000,-2.4618,4.0000,96.0000,AG03-UNRESOLVED,ALL5_LEVELS_bet23_to_bet27,-2.4618,-2.4618,-2.4618,-2.4618,-2.4618,4.000000,4.000000,4.000000,4.000000,4.000000,96.000000,96.000000,96.000000,96.000000,96.000000,5.0,-12.3088,-11.3627,-49.2350,-50.1811,PENDING_AG03,FALSE,NOT_FOR_ENFORCEMENT,-59.0821,11128.5986,-61.5438,-59.0821,-2.4618,-0.00483390,-0.00464054,-2.4618,-59.0821,-0.00464054,-2.4618,-2.4618,-2.4618,-2.4618,-2.4618,-59.0821,-0.00464054,-12.3088,-11.3627,-49.2350,-50.1811,-0.00386712,-0.00394143,-0.00019336,11.5115,10.4908,-0.0557,-1.6196,-0.1061,335.0451,29.0789,,11.5115,8.4025,10.5412,11.0045,21.0824,22.009,42.1647,10.5412,0.0,2.087904,4.0,1.09205,30,155,25,3,0E-8,-0.00483390,,0E-8,0.000000,0.910505,0.000000,,2026-03-23,2026-06-20,38,580,415,90,0.422222,,,0.000000,,,,,,,,GLOBAL_BASELINE_NO_ENTITY_RANKING,,,NOT_APPLICABLE_GLOBAL_BASELINE,HF9g-P5,,,,X 全窗基线 · 不参与实体赏罚,3928058,393,A168_HF9F_20260827_0900,2026-08-27 09:00:00
2026-04-11,145898681,1385,0,10.5411844075,0E-10,0E-10,,1,1,0.49324550000000000,0.493245500000,,,,0E-17,NO_DECISIVE_ROUND,R03b_20260811_FULL_v1,L1_ELIGIBILITY,v2026-08-11,2026-03-21..2026-08-06,baccarat_bet02_101_all_pairs_incl_sentinel,round_win = game_pnl > 0 (decisive only),COMPATIBILITY_ONLY_NOT_PRODUCTION,12731.7143,11592.2902,-61.5438,1106,1105,0.00483390,,0.00483390,0.00483390,61.5438,12731.7143,OK,0.0000,-2.4618,4.0000,96.0000,AG03-UNRESOLVED,ALL5_LEVELS_bet23_to_bet27,-2.4618,-2.4618,-2.4618,-2.4618,-2.4618,4.000000,4.000000,4.000000,4.000000,4.000000,96.000000,96.000000,96.000000,96.000000,96.000000,5.0,-12.3088,-11.3627,-49.2350,-50.1811,PENDING_AG03,FALSE,NOT_FOR_ENFORCEMENT,-59.0821,11128.5986,-61.5438,-59.0821,-2.4618,-0.00483390,-0.00464054,-2.4618,-59.0821,-0.00464054,-2.4618,-2.4618,-2.4618,-2.4618,-2.4618,-59.0821,-0.00464054,-12.3088,-11.3627,-49.2350,-50.1811,-0.00386712,-0.00394143,-0.00019336,11.5115,10.4908,-0.0557,-1.6196,-0.1061,335.0451,29.0789,,11.5115,8.4025,10.5412,11.0045,21.0824,22.009,42.1647,10.5412,0.0,2.087904,4.0,1.09205,30,155,25,3,0E-8,-0.00483390,,0E-8,0.000000,0.910505,0.000000,,2026-03-23,2026-06-20,38,580,415,90,0.422222,,,0.000000,,,,,,,,GLOBAL_BASELINE_NO_ENTITY_RANKING,,,NOT_APPLICABLE_GLOBAL_BASELINE,HF9g-P5,,,,X 全窗基线 · 不参与实体赏罚,3928059,393,A168_HF9F_20260827_0900,2026-08-27 09:00:00
2026-04-11,145898681,1941,0,10.5411844075,8.4329475260,8.4329475260,1.0000000,3,3,0.49771390000000000,0.497713900000,1.4206944795187548,1.420694479518755,1.4206944795187548,0E-17,ELIGIBLE,R03b_20260811_FULL_v1,L1_ELIGIBILITY,v2026-08-11,2026-03-21..2026-08-06,baccarat_bet02_101_all_pairs_incl_sentinel,round_win = game_pnl > 0 (decisive only),COMPATIBILITY_ONLY_NOT_PRODUCTION,12731.7143,11592.2902,-61.5438,1106,1105,0.00483390,,0.00483390,0.00483390,61.5438,12731.7143,OK,0.0000,-2.4618,4.0000,96.0000,AG03-UNRESOLVED,ALL5_LEVELS_bet23_to_bet27,-2.4618,-2.4618,-2.4618,-2.4618,-2.4618,4.000000,4.000000,4.000000,4.000000,4.000000,96.000000,96.000000,96.000000,96.000000,96.000000,5.0,-12.3088,-11.3627,-49.2350,-50.1811,PENDING_AG03,FALSE,NOT_FOR_ENFORCEMENT,-59.0821,11128.5986,-61.5438,-59.0821,-2.4618,-0.00483390,-0.00464054,-2.4618,-59.0821,-0.00464054,-2.4618,-2.4618,-2.4618,-2.4618,-2.4618,-59.0821,-0.00464054,-12.3088,-11.3627,-49.2350,-50.1811,-0.00386712,-0.00394143,-0.00019336,11.5115,10.4908,-0.0557,-1.6196,-0.1061,335.0451,29.0789,,11.5115,8.4025,10.5412,11.0045,21.0824,22.009,42.1647,10.5412,0.0,2.087904,4.0,1.09205,30,155,25,3,0E-8,-0.00483390,,0E-8,0.000000,0.910505,0.000000,,2026-03-23,2026-06-20,38,580,415,90,0.422222,,,0.000000,,,,,,,,GLOBAL_BASELINE_NO_ENTITY_RANKING,,,NOT_APPLICABLE_GLOBAL_BASELINE,HF9g-P5,,,,X 全窗基线 · 不参与实体赏罚,3928060,393,A168_HF9F_20260827_0900,2026-08-27 09:00:00
2026-04-11,145898681,2108,0,10.5411844075,-10.5411844075,-10.5411844075,0E-7,1,1,0.49324550000000000,0.493245500000,-0.9865810262130424,-0.9865810262130424,-0.9865810262130424,0E-17,ELIGIBLE,R03b_20260811_FULL_v1,L1_ELIGIBILITY,v2026-08-11,2026-03-21..2026-08-06,baccarat_bet02_101_all_pairs_incl_sentinel,round_win = game_pnl > 0 (decisive only),COMPATIBILITY_ONLY_NOT_PRODUCTION,12731.7143,11592.2902,-61.5438,1106,1105,0.00483390,,0.00483390,0.00483390,61.5438,12731.7143,OK,0.0000,-2.4618,4.0000,96.0000,AG03-UNRESOLVED,ALL5_LEVELS_bet23_to_bet27,-2.4618,-2.4618,-2.4618,-2.4618,-2.4618,4.000000,4.000000,4.000000,4.000000,4.000000,96.000000,96.000000,96.000000,96.000000,96.000000,5.0,-12.3088,-11.3627,-49.2350,-50.1811,PENDING_AG03,FALSE,NOT_FOR_ENFORCEMENT,-59.0821,11128.5986,-61.5438,-59.0821,-2.4618,-0.00483390,-0.00464054,-2.4618,-59.0821,-0.00464054,-2.4618,-2.4618,-2.4618,-2.4618,-2.4618,-59.0821,-0.00464054,-12.3088,-11.3627,-49.2350,-50.1811,-0.00386712,-0.00394143,-0.00019336,11.5115,10.4908,-0.0557,-1.6196,-0.1061,335.0451,29.0789,,11.5115,8.4025,10.5412,11.0045,21.0824,22.009,42.1647,10.5412,0.0,2.087904,4.0,1.09205,30,155,25,3,0E-8,-0.00483390,,0E-8,0.000000,0.910505,0.000000,,2026-03-23,2026-06-20,38,580,415,90,0.422222,,,0.000000,,,,,,,,GLOBAL_BASELINE_NO_ENTITY_RANKING,,,NOT_APPLICABLE_GLOBAL_BASELINE,HF9g-P5,,,,X 全窗基线 · 不参与实体赏罚,3928061,393,A168_HF9F_20260827_0900,2026-08-27 09:00:00
2026-04-11,145898681,2188,0,10.5411844075,0E-10,0E-10,,1,1,0.49324550000000000,0.493245500000,,,,0E-17,NO_DECISIVE_ROUND,R03b_20260811_FULL_v1,L1_ELIGIBILITY,v2026-08-11,2026-03-21..2026-08-06,baccarat_bet02_101_all_pairs_incl_sentinel,round_win = game_pnl > 0 (decisive only),COMPATIBILITY_ONLY_NOT_PRODUCTION,12731.7143,11592.2902,-61.5438,1106,1105,0.00483390,,0.00483390,0.00483390,61.5438,12731.7143,OK,0.0000,-2.4618,4.0000,96.0000,AG03-UNRESOLVED,ALL5_LEVELS_bet23_to_bet27,-2.4618,-2.4618,-2.4618,-2.4618,-2.4618,4.000000,4.000000,4.000000,4.000000,4.000000,96.000000,96.000000,96.000000,96.000000,96.000000,5.0,-12.3088,-11.3627,-49.2350,-50.1811,PENDING_AG03,FALSE,NOT_FOR_ENFORCEMENT,-59.0821,11128.5986,-61.5438,-59.0821,-2.4618,-0.00483390,-0.00464054,-2.4618,-59.0821,-0.00464054,-2.4618,-2.4618,-2.4618,-2.4618,-2.4618,-59.0821,-0.00464054,-12.3088,-11.3627,-49.2350,-50.1811,-0.00386712,-0.00394143,-0.00019336,11.5115,10.4908,-0.0557,-1.6196,-0.1061,335.0451,29.0789,,11.5115,8.4025,10.5412,11.0045,21.0824,22.009,42.1647,10.5412,0.0,2.087904,4.0,1.09205,30,155,25,3,0E-8,-0.00483390,,0E-8,0.000000,0.910505,0.000000,,2026-03-23,2026-06-20,38,580,415,90,0.422222,,,0.000000,,,,,,,,GLOBAL_BASELINE_NO_ENTITY_RANKING,,,NOT_APPLICABLE_GLOBAL_BASELINE,HF9g-P5,,,,X 全窗基线 · 不参与实体赏罚,3928062,393,A168_HF9F_20260827_0900,2026-08-27 09:00:00
2026-04-11,145898681,2246,0,42.1647376300,-21.0823688150,-21.0823688150,0.2500000,4,4,0.49324550000000000,0.493245500000,-0.9730707933947887,-0.9730707933947887,-0.9730707933947887,0E-17,ELIGIBLE,R03b_20260811_FULL_v1,L1_ELIGIBILITY,v2026-08-11,2026-03-21..2026-08-06,baccarat_bet02_101_all_pairs_incl_sentinel,round_win = game_pnl > 0 (decisive only),COMPATIBILITY_ONLY_NOT_PRODUCTION,12731.7143,11592.2902,-61.5438,1106,1105,0.00483390,,0.00483390,0.00483390,61.5438,12731.7143,OK,0.0000,-2.4618,4.0000,96.0000,AG03-UNRESOLVED,ALL5_LEVELS_bet23_to_bet27,-2.4618,-2.4618,-2.4618,-2.4618,-2.4618,4.000000,4.000000,4.000000,4.000000,4.000000,96.000000,96.000000,96.000000,96.000000,96.000000,5.0,-12.3088,-11.3627,-49.2350,-50.1811,PENDING_AG03,FALSE,NOT_FOR_ENFORCEMENT,-59.0821,11128.5986,-61.5438,-59.0821,-2.4618,-0.00483390,-0.00464054,-2.4618,-59.0821,-0.00464054,-2.4618,-2.4618,-2.4618,-2.4618,-2.4618,-59.0821,-0.00464054,-12.3088,-11.3627,-49.2350,-50.1811,-0.00386712,-0.00394143,-0.00019336,11.5115,10.4908,-0.0557,-1.6196,-0.1061,335.0451,29.0789,,11.5115,8.4025,10.5412,11.0045,21.0824,22.009,42.1647,10.5412,0.0,2.087904,4.0,1.09205,30,155,25,3,0E-8,-0.00483390,,0E-8,0.000000,0.910505,0.000000,,2026-03-23,2026-06-20,38,580,415,90,0.422222,,,0.000000,,,,,,,,GLOBAL_BASELINE_NO_ENTITY_RANKING,,,NOT_APPLICABLE_GLOBAL_BASELINE,HF9g-P5,,,,X 全窗基线 · 不参与实体赏罚,3928063,393,A168_HF9F_20260827_0900,2026-08-27 09:00:00
2026-04-11,145898681,2248,0,46.3812113930,21.0823688150,21.0823688150,0.6666667,6,6,0.49547970000000000,0.495479700000,0.83867571210634,0.83867571210634,0.83867571210634,0E-17,ELIGIBLE,R03b_20260811_FULL_v1,L1_ELIGIBILITY,v2026-08-11,2026-03-21..2026-08-06,baccarat_bet02_101_all_pairs_incl_sentinel,round_win = game_pnl > 0 (decisive only),COMPATIBILITY_ONLY_NOT_PRODUCTION,12731.7143,11592.2902,-61.5438,1106,1105,0.00483390,,0.00483390,0.00483390,61.5438,12731.7143,OK,0.0000,-2.4618,4.0000,96.0000,AG03-UNRESOLVED,ALL5_LEVELS_bet23_to_bet27,-2.4618,-2.4618,-2.4618,-2.4618,-2.4618,4.000000,4.000000,4.000000,4.000000,4.000000,96.000000,96.000000,96.000000,96.000000,96.000000,5.0,-12.3088,-11.3627,-49.2350,-50.1811,PENDING_AG03,FALSE,NOT_FOR_ENFORCEMENT,-59.0821,11128.5986,-61.5438,-59.0821,-2.4618,-0.00483390,-0.00464054,-2.4618,-59.0821,-0.00464054,-2.4618,-2.4618,-2.4618,-2.4618,-2.4618,-59.0821,-0.00464054,-12.3088,-11.3627,-49.2350,-50.1811,-0.00386712,-0.00394143,-0.00019336,11.5115,10.4908,-0.0557,-1.6196,-0.1061,335.0451,29.0789,,11.5115,8.4025,10.5412,11.0045,21.0824,22.009,42.1647,10.5412,0.0,2.087904,4.0,1.09205,30,155,25,3,0E-8,-0.00483390,,0E-8,0.000000,0.910505,0.000000,,2026-03-23,2026-06-20,38,580,415,90,0.422222,,,0.000000,,,,,,,,GLOBAL_BASELINE_NO_ENTITY_RANKING,,,NOT_APPLICABLE_GLOBAL_BASELINE,HF9g-P5,,,,X 全窗基线 · 不参与实体赏罚,3928064,393,A168_HF9F_20260827_0900,2026-08-27 09:00:00
2026-04-11,145898681,529,0,10.5411844075,-10.5411844075,-10.5411844075,0E-7,1,1,0.50665070000000000,0.506650700000,-1.013391052207602,-1.013391052207602,-1.013391052207602,0E-17,ELIGIBLE,R03b_20260811_FULL_v1,L1_ELIGIBILITY,v2026-08-11,2026-03-21..2026-08-06,baccarat_bet02_101_all_pairs_incl_sentinel,round_win = game_pnl > 0 (decisive only),COMPATIBILITY_ONLY_NOT_PRODUCTION,12731.7143,11592.2902,-61.5438,1106,1105,0.00483390,,0.00483390,0.00483390,61.5438,12731.7143,OK,0.0000,-2.4618,4.0000,96.0000,AG03-UNRESOLVED,ALL5_LEVELS_bet23_to_bet27,-2.4618,-2.4618,-2.4618,-2.4618,-2.4618,4.000000,4.000000,4.000000,4.000000,4.000000,96.000000,96.000000,96.000000,96.000000,96.000000,5.0,-12.3088,-11.3627,-49.2350,-50.1811,PENDING_AG03,FALSE,NOT_FOR_ENFORCEMENT,-59.0821,11128.5986,-61.5438,-59.0821,-2.4618,-0.00483390,-0.00464054,-2.4618,-59.0821,-0.00464054,-2.4618,-2.4618,-2.4618,-2.4618,-2.4618,-59.0821,-0.00464054,-12.3088,-11.3627,-49.2350,-50.1811,-0.00386712,-0.00394143,-0.00019336,11.5115,10.4908,-0.0557,-1.6196,-0.1061,335.0451,29.0789,,11.5115,8.4025,10.5412,11.0045,21.0824,22.009,42.1647,10.5412,0.0,2.087904,4.0,1.09205,30,155,25,3,0E-8,-0.00483390,,0E-8,0.000000,0.910505,0.000000,,2026-03-23,2026-06-20,38,580,415,90,0.422222,,,0.000000,,,,,,,,GLOBAL_BASELINE_NO_ENTITY_RANKING,,,NOT_APPLICABLE_GLOBAL_BASELINE,HF9g-P5,,,,X 全窗基线 · 不参与实体赏罚,3928065,393,A168_HF9F_20260827_0900,2026-08-27 09:00:00
2026-04-12,145898681,1109,0,7.3788290852,0E-10,0E-10,,1,1,0.49324550000000000,0.493245500000,,,,0E-17,NO_DECISIVE_ROUND,R03b_20260811_FULL_v1,L1_ELIGIBILITY,v2026-08-11,2026-03-21..2026-08-06,baccarat_bet02_101_all_pairs_incl_sentinel,round_win = game_pnl > 0 (decisive only),COMPATIBILITY_ONLY_NOT_PRODUCTION,12731.7143,11592.2902,-61.5438,1106,1105,0.00483390,,0.00483390,0.00483390,61.5438,12731.7143,OK,0.0000,-2.4618,4.0000,96.0000,AG03-UNRESOLVED,ALL5_LEVELS_bet23_to_bet27,-2.4618,-2.4618,-2.4618,-2.4618,-2.4618,4.000000,4.000000,4.000000,4.000000,4.000000,96.000000,96.000000,96.000000,96.000000,96.000000,5.0,-12.3088,-11.3627,-49.2350,-50.1811,PENDING_AG03,FALSE,NOT_FOR_ENFORCEMENT,-59.0821,11128.5986,-61.5438,-59.0821,-2.4618,-0.00483390,-0.00464054,-2.4618,-59.0821,-0.00464054,-2.4618,-2.4618,-2.4618,-2.4618,-2.4618,-59.0821,-0.00464054,-12.3088,-11.3627,-49.2350,-50.1811,-0.00386712,-0.00394143,-0.00019336,11.5115,10.4908,-0.0557,-1.6196,-0.1061,335.0451,29.0789,,11.5115,8.4025,10.5412,11.0045,21.0824,22.009,42.1647,10.5412,0.0,2.087904,4.0,1.09205,30,155,25,3,0E-8,-0.00483390,,0E-8,0.000000,0.910505,0.000000,,2026-03-23,2026-06-20,38,580,415,90,0.422222,,,0.000000,,,,,,,,GLOBAL_BASELINE_NO_ENTITY_RANKING,,,NOT_APPLICABLE_GLOBAL_BASELINE,HF9g-P5,,,,X 全窗基线 · 不参与实体赏罚,3928066,393,A168_HF9F_20260827_0900,2026-08-27 09:00:00
2026-04-12,145898681,1382,0,22.1364872557,7.0098876310,7.0098876310,0.6666667,4,4,0.49659680000000000,0.496596800000,0.5891529468324541,0.589152946832454,0.5891529468324541,0E-17,ELIGIBLE,R03b_20260811_FULL_v1,L1_ELIGIBILITY,v2026-08-11,2026-03-21..2026-08-06,baccarat_bet02_101_all_pairs_incl_sentinel,round_win = game_pnl > 0 (decisive only),COMPATIBILITY_ONLY_NOT_PRODUCTION,12731.7143,11592.2902,-61.5438,1106,1105,0.00483390,,0.00483390,0.00483390,61.5438,12731.7143,OK,0.0000,-2.4618,4.0000,96.0000,AG03-UNRESOLVED,ALL5_LEVELS_bet23_to_bet27,-2.4618,-2.4618,-2.4618,-2.4618,-2.4618,4.000000,4.000000,4.000000,4.000000,4.000000,96.000000,96.000000,96.000000,96.000000,96.000000,5.0,-12.3088,-11.3627,-49.2350,-50.1811,PENDING_AG03,FALSE,NOT_FOR_ENFORCEMENT,-59.0821,11128.5986,-61.5438,-59.0821,-2.4618,-0.00483390,-0.00464054,-2.4618,-59.0821,-0.00464054,-2.4618,-2.4618,-2.4618,-2.4618,-2.4618,-59.0821,-0.00464054,-12.3088,-11.3627,-49.2350,-50.1811,-0.00386712,-0.00394143,-0.00019336,11.5115,10.4908,-0.0557,-1.6196,-0.1061,335.0451,29.0789,,11.5115,8.4025,10.5412,11.0045,21.0824,22.009,42.1647,10.5412,0.0,2.087904,4.0,1.09205,30,155,25,3,0E-8,-0.00483390,,0E-8,0.000000,0.910505,0.000000,,2026-03-23,2026-06-20,38,580,415,90,0.422222,,,0.000000,,,,,,,,GLOBAL_BASELINE_NO_ENTITY_RANKING,,,NOT_APPLICABLE_GLOBAL_BASELINE,HF9g-P5,,,,X 全窗基线 · 不参与实体赏罚,3928067,393,A168_HF9F_20260827_0900,2026-08-27 09:00:00
2026-04-12,145898681,1623,0,12.2277739127,-12.2277739127,-12.2277739127,0E-7,1,1,0.49324550000000000,0.493245500000,-0.9865810262130424,-0.9865810262130424,-0.9865810262130424,0E-17,ELIGIBLE,R03b_20260811_FULL_v1,L1_ELIGIBILITY,v2026-08-11,2026-03-21..2026-08-06,baccarat_bet02_101_all_pairs_incl_sentinel,round_win = game_pnl > 0 (decisive only),COMPATIBILITY_ONLY_NOT_PRODUCTION,12731.7143,11592.2902,-61.5438,1106,1105,0.00483390,,0.00483390,0.00483390,61.5438,12731.7143,OK,0.0000,-2.4618,4.0000,96.0000,AG03-UNRESOLVED,ALL5_LEVELS_bet23_to_bet27,-2.4618,-2.4618,-2.4618,-2.4618,-2.4618,4.000000,4.000000,4.000000,4.000000,4.000000,96.000000,96.000000,96.000000,96.000000,96.000000,5.0,-12.3088,-11.3627,-49.2350,-50.1811,PENDING_AG03,FALSE,NOT_FOR_ENFORCEMENT,-59.0821,11128.5986,-61.5438,-59.0821,-2.4618,-0.00483390,-0.00464054,-2.4618,-59.0821,-0.00464054,-2.4618,-2.4618,-2.4618,-2.4618,-2.4618,-59.0821,-0.00464054,-12.3088,-11.3627,-49.2350,-50.1811,-0.00386712,-0.00394143,-0.00019336,11.5115,10.4908,-0.0557,-1.6196,-0.1061,335.0451,29.0789,,11.5115,8.4025,10.5412,11.0045,21.0824,22.009,42.1647,10.5412,0.0,2.087904,4.0,1.09205,30,155,25,3,0E-8,-0.00483390,,0E-8,0.000000,0.910505,0.000000,,2026-03-23,2026-06-20,38,580,415,90,0.422222,,,0.000000,,,,,,,,GLOBAL_BASELINE_NO_ENTITY_RANKING,,,NOT_APPLICABLE_GLOBAL_BASELINE,HF9g-P5,,,,X 全窗基线 · 不参与实体赏罚,3928068,393,A168_HF9F_20260827_0900,2026-08-27 09:00:00
2026-04-12,145898681,1994,0,10.5411844075,-10.5411844075,-10.5411844075,0E-7,1,1,0.49324550000000000,0.493245500000,-0.9865810262130424,-0.9865810262130424,-0.9865810262130424,0E-17,ELIGIBLE,R03b_20260811_FULL_v1,L1_ELIGIBILITY,v2026-08-11,2026-03-21..2026-08-06,baccarat_bet02_101_all_pairs_incl_sentinel,round_win = game_pnl > 0 (decisive only),COMPATIBILITY_ONLY_NOT_PRODUCTION,12731.7143,11592.2902,-61.5438,1106,1105,0.00483390,,0.00483390,0.00483390,61.5438,12731.7143,OK,0.0000,-2.4618,4.0000,96.0000,AG03-UNRESOLVED,ALL5_LEVELS_bet23_to_bet27,-2.4618,-2.4618,-2.4618,-2.4618,-2.4618,4.000000,4.000000,4.000000,4.000000,4.000000,96.000000,96.000000,96.000000,96.000000,96.000000,5.0,-12.3088,-11.3627,-49.2350,-50.1811,PENDING_AG03,FALSE,NOT_FOR_ENFORCEMENT,-59.0821,11128.5986,-61.5438,-59.0821,-2.4618,-0.00483390,-0.00464054,-2.4618,-59.0821,-0.00464054,-2.4618,-2.4618,-2.4618,-2.4618,-2.4618,-59.0821,-0.00464054,-12.3088,-11.3627,-49.2350,-50.1811,-0.00386712,-0.00394143,-0.00019336,11.5115,10.4908,-0.0557,-1.6196,-0.1061,335.0451,29.0789,,11.5115,8.4025,10.5412,11.0045,21.0824,22.009,42.1647,10.5412,0.0,2.087904,4.0,1.09205,30,155,25,3,0E-8,-0.00483390,,0E-8,0.000000,0.910505,0.000000,,2026-03-23,2026-06-20,38,580,415,90,0.422222,,,0.000000,,,,,,,,GLOBAL_BASELINE_NO_ENTITY_RANKING,,,NOT_APPLICABLE_GLOBAL_BASELINE,HF9g-P5,,,,X 全窗基线 · 不参与实体赏罚,3928069,393,A168_HF9F_20260827_0900,2026-08-27 09:00:00
2026-04-12,145898681,2229,0,8.4329475260,4.2164737630,4.2164737630,0.5000000,2,2,0.49324550000000000,0.493245500000,0.01910635448239258,0.01910635448239258,0.01910635448239258,0E-17,ELIGIBLE,R03b_20260811_FULL_v1,L1_ELIGIBILITY,v2026-08-11,2026-03-21..2026-08-06,baccarat_bet02_101_all_pairs_incl_sentinel,round_win = game_pnl > 0 (decisive only),COMPATIBILITY_ONLY_NOT_PRODUCTION,12731.7143,11592.2902,-61.5438,1106,1105,0.00483390,,0.00483390,0.00483390,61.5438,12731.7143,OK,0.0000,-2.4618,4.0000,96.0000,AG03-UNRESOLVED,ALL5_LEVELS_bet23_to_bet27,-2.4618,-2.4618,-2.4618,-2.4618,-2.4618,4.000000,4.000000,4.000000,4.000000,4.000000,96.000000,96.000000,96.000000,96.000000,96.000000,5.0,-12.3088,-11.3627,-49.2350,-50.1811,PENDING_AG03,FALSE,NOT_FOR_ENFORCEMENT,-59.0821,11128.5986,-61.5438,-59.0821,-2.4618,-0.00483390,-0.00464054,-2.4618,-59.0821,-0.00464054,-2.4618,-2.4618,-2.4618,-2.4618,-2.4618,-59.0821,-0.00464054,-12.3088,-11.3627,-49.2350,-50.1811,-0.00386712,-0.00394143,-0.00019336,11.5115,10.4908,-0.0557,-1.6196,-0.1061,335.0451,29.0789,,11.5115,8.4025,10.5412,11.0045,21.0824,22.009,42.1647,10.5412,0.0,2.087904,4.0,1.09205,30,155,25,3,0E-8,-0.00483390,,0E-8,0.000000,0.910505,0.000000,,2026-03-23,2026-06-20,38,580,415,90,0.422222,,,0.000000,,,,,,,,GLOBAL_BASELINE_NO_ENTITY_RANKING,,,NOT_APPLICABLE_GLOBAL_BASELINE,HF9g-P5,,,,X 全窗基线 · 不参与实体赏罚,3928070,393,A168_HF9F_20260827_0900,2026-08-27 09:00:00
2026-04-13,145898681,2088,0,10.5411844075,-10.5411844075,-10.5411844075,0E-7,1,1,0.49324550000000000,0.493245500000,-0.9865810262130424,-0.9865810262130424,-0.9865810262130424,0E-17,ELIGIBLE,R03b_20260811_FULL_v1,L1_ELIGIBILITY,v2026-08-11,2026-03-21..2026-08-06,baccarat_bet02_101_all_pairs_incl_sentinel,round_win = game_pnl > 0 (decisive only),COMPATIBILITY_ONLY_NOT_PRODUCTION,12731.7143,11592.2902,-61.5438,1106,1105,0.00483390,,0.00483390,0.00483390,61.5438,12731.7143,OK,0.0000,-2.4618,4.0000,96.0000,AG03-UNRESOLVED,ALL5_LEVELS_bet23_to_bet27,-2.4618,-2.4618,-2.4618,-2.4618,-2.4618,4.000000,4.000000,4.000000,4.000000,4.000000,96.000000,96.000000,96.000000,96.000000,96.000000,5.0,-12.3088,-11.3627,-49.2350,-50.1811,PENDING_AG03,FALSE,NOT_FOR_ENFORCEMENT,-59.0821,11128.5986,-61.5438,-59.0821,-2.4618,-0.00483390,-0.00464054,-2.4618,-59.0821,-0.00464054,-2.4618,-2.4618,-2.4618,-2.4618,-2.4618,-59.0821,-0.00464054,-12.3088,-11.3627,-49.2350,-50.1811,-0.00386712,-0.00394143,-0.00019336,11.5115,10.4908,-0.0557,-1.6196,-0.1061,335.0451,29.0789,,11.5115,8.4025,10.5412,11.0045,21.0824,22.009,42.1647,10.5412,0.0,2.087904,4.0,1.09205,30,155,25,3,0E-8,-0.00483390,,0E-8,0.000000,0.910505,0.000000,,2026-03-23,2026-06-20,38,580,415,90,0.422222,,,0.000000,,,,,,,,GLOBAL_BASELINE_NO_ENTITY_RANKING,,,NOT_APPLICABLE_GLOBAL_BASELINE,HF9g-P5,,,,X 全窗基线 · 不参与实体赏罚,3928071,393,A168_HF9F_20260827_0900,2026-08-27 09:00:00
2026-04-13,145898681,2101,0,10.5411844075,-10.5411844075,-10.5411844075,0E-7,1,1,0.49324550000000000,0.493245500000,-0.9865810262130424,-0.9865810262130424,-0.9865810262130424,0E-17,ELIGIBLE,R03b_20260811_FULL_v1,L1_ELIGIBILITY,v2026-08-11,2026-03-21..2026-08-06,baccarat_bet02_101_all_pairs_incl_sentinel,round_win = game_pnl > 0 (decisive only),COMPATIBILITY_ONLY_NOT_PRODUCTION,12731.7143,11592.2902,-61.5438,1106,1105,0.00483390,,0.00483390,0.00483390,61.5438,12731.7143,OK,0.0000,-2.4618,4.0000,96.0000,AG03-UNRESOLVED,ALL5_LEVELS_bet23_to_bet27,-2.4618,-2.4618,-2.4618,-2.4618,-2.4618,4.000000,4.000000,4.000000,4.000000,4.000000,96.000000,96.000000,96.000000,96.000000,96.000000,5.0,-12.3088,-11.3627,-49.2350,-50.1811,PENDING_AG03,FALSE,NOT_FOR_ENFORCEMENT,-59.0821,11128.5986,-61.5438,-59.0821,-2.4618,-0.00483390,-0.00464054,-2.4618,-59.0821,-0.00464054,-2.4618,-2.4618,-2.4618,-2.4618,-2.4618,-59.0821,-0.00464054,-12.3088,-11.3627,-49.2350,-50.1811,-0.00386712,-0.00394143,-0.00019336,11.5115,10.4908,-0.0557,-1.6196,-0.1061,335.0451,29.0789,,11.5115,8.4025,10.5412,11.0045,21.0824,22.009,42.1647,10.5412,0.0,2.087904,4.0,1.09205,30,155,25,3,0E-8,-0.00483390,,0E-8,0.000000,0.910505,0.000000,,2026-03-23,2026-06-20,38,580,415,90,0.422222,,,0.000000,,,,,,,,GLOBAL_BASELINE_NO_ENTITY_RANKING,,,NOT_APPLICABLE_GLOBAL_BASELINE,HF9g-P5,,,,X 全窗基线 · 不参与实体赏罚,3928072,393,A168_HF9F_20260827_0900,2026-08-27 09:00:00
2026-04-13,145898681,2156,0,12.6494212890,8.4329475260,8.4329475260,1.0000000,3,3,0.49324550000000000,0.493245500000,1.4334489766152358,1.4334489766152358,1.4334489766152358,0E-17,ELIGIBLE,R03b_20260811_FULL_v1,L1_ELIGIBILITY,v2026-08-11,2026-03-21..2026-08-06,baccarat_bet02_101_all_pairs_incl_sentinel,round_win = game_pnl > 0 (decisive only),COMPATIBILITY_ONLY_NOT_PRODUCTION,12731.7143,11592.2902,-61.5438,1106,1105,0.00483390,,0.00483390,0.00483390,61.5438,12731.7143,OK,0.0000,-2.4618,4.0000,96.0000,AG03-UNRESOLVED,ALL5_LEVELS_bet23_to_bet27,-2.4618,-2.4618,-2.4618,-2.4618,-2.4618,4.000000,4.000000,4.000000,4.000000,4.000000,96.000000,96.000000,96.000000,96.000000,96.000000,5.0,-12.3088,-11.3627,-49.2350,-50.1811,PENDING_AG03,FALSE,NOT_FOR_ENFORCEMENT,-59.0821,11128.5986,-61.5438,-59.0821,-2.4618,-0.00483390,-0.00464054,-2.4618,-59.0821,-0.00464054,-2.4618,-2.4618,-2.4618,-2.4618,-2.4618,-59.0821,-0.00464054,-12.3088,-11.3627,-49.2350,-50.1811,-0.00386712,-0.00394143,-0.00019336,11.5115,10.4908,-0.0557,-1.6196,-0.1061,335.0451,29.0789,,11.5115,8.4025,10.5412,11.0045,21.0824,22.009,42.1647,10.5412,0.0,2.087904,4.0,1.09205,30,155,25,3,0E-8,-0.00483390,,0E-8,0.000000,0.910505,0.000000,,2026-03-23,2026-06-20,38,580,415,90,0.422222,,,0.000000,,,,,,,,GLOBAL_BASELINE_NO_ENTITY_RANKING,,,NOT_APPLICABLE_GLOBAL_BASELINE,HF9g-P5,,,,X 全窗基线 · 不参与实体赏罚,3928073,393,A168_HF9F_20260827_0900,2026-08-27 09:00:00
2026-04-13,145898681,2220,0,8.4329475260,-8.4329475260,-8.4329475260,0E-7,1,1,0.49324550000000000,0.493245500000,-0.9865810262130424,-0.9865810262130424,-0.9865810262130424,0E-17,ELIGIBLE,R03b_20260811_FULL_v1,L1_ELIGIBILITY,v2026-08-11,2026-03-21..2026-08-06,baccarat_bet02_101_all_pairs_incl_sentinel,round_win = game_pnl > 0 (decisive only),COMPATIBILITY_ONLY_NOT_PRODUCTION,12731.7143,11592.2902,-61.5438,1106,1105,0.00483390,,0.00483390,0.00483390,61.5438,12731.7143,OK,0.0000,-2.4618,4.0000,96.0000,AG03-UNRESOLVED,ALL5_LEVELS_bet23_to_bet27,-2.4618,-2.4618,-2.4618,-2.4618,-2.4618,4.000000,4.000000,4.000000,4.000000,4.000000,96.000000,96.000000,96.000000,96.000000,96.000000,5.0,-12.3088,-11.3627,-49.2350,-50.1811,PENDING_AG03,FALSE,NOT_FOR_ENFORCEMENT,-59.0821,11128.5986,-61.5438,-59.0821,-2.4618,-0.00483390,-0.00464054,-2.4618,-59.0821,-0.00464054,-2.4618,-2.4618,-2.4618,-2.4618,-2.4618,-59.0821,-0.00464054,-12.3088,-11.3627,-49.2350,-50.1811,-0.00386712,-0.00394143,-0.00019336,11.5115,10.4908,-0.0557,-1.6196,-0.1061,335.0451,29.0789,,11.5115,8.4025,10.5412,11.0045,21.0824,22.009,42.1647,10.5412,0.0,2.087904,4.0,1.09205,30,155,25,3,0E-8,-0.00483390,,0E-8,0.000000,0.910505,0.000000,,2026-03-23,2026-06-20,38,580,415,90,0.422222,,,0.000000,,,,,,,,GLOBAL_BASELINE_NO_ENTITY_RANKING,,,NOT_APPLICABLE_GLOBAL_BASELINE,HF9g-P5,,,,X 全窗基线 · 不参与实体赏罚,3928074,393,A168_HF9F_20260827_0900,2026-08-27 09:00:00
2026-04-14,145898681,-1,1,221.3648725574,10.5411844076,10.5411844076,0.5714286,15,15,0.49413918000000000,0.494139180000,0.5784205826623326,0.5784205826623328,0.5784205826623326,0E-17,SENTINEL_DEALER,R03b_20260811_FULL_v1,L1_ELIGIBILITY,v2026-08-11,2026-03-21..2026-08-06,baccarat_bet02_101_all_pairs_incl_sentinel,round_win = game_pnl > 0 (decisive only),COMPATIBILITY_ONLY_NOT_PRODUCTION,12731.7143,11592.2902,-61.5438,1106,1105,0.00483390,,0.00483390,0.00483390,61.5438,12731.7143,OK,0.0000,-2.4618,4.0000,96.0000,AG03-UNRESOLVED,ALL5_LEVELS_bet23_to_bet27,-2.4618,-2.4618,-2.4618,-2.4618,-2.4618,4.000000,4.000000,4.000000,4.000000,4.000000,96.000000,96.000000,96.000000,96.000000,96.000000,5.0,-12.3088,-11.3627,-49.2350,-50.1811,PENDING_AG03,FALSE,NOT_FOR_ENFORCEMENT,-59.0821,11128.5986,-61.5438,-59.0821,-2.4618,-0.00483390,-0.00464054,-2.4618,-59.0821,-0.00464054,-2.4618,-2.4618,-2.4618,-2.4618,-2.4618,-59.0821,-0.00464054,-12.3088,-11.3627,-49.2350,-50.1811,-0.00386712,-0.00394143,-0.00019336,11.5115,10.4908,-0.0557,-1.6196,-0.1061,335.0451,29.0789,,11.5115,8.4025,10.5412,11.0045,21.0824,22.009,42.1647,10.5412,0.0,2.087904,4.0,1.09205,30,155,25,3,0E-8,-0.00483390,,0E-8,0.000000,0.910505,0.000000,,2026-03-23,2026-06-20,38,580,415,90,0.422222,,,0.000000,,,,,,,,GLOBAL_BASELINE_NO_ENTITY_RANKING,,,NOT_APPLICABLE_GLOBAL_BASELINE,HF9g-P5,,,,X 全窗基线 · 不参与实体赏罚,3928075,393,A168_HF9F_20260827_0900,2026-08-27 09:00:00
2026-04-14,145898681,1004,0,23.1906056965,-23.1906056965,-23.1906056965,0E-7,2,2,0.49324550000000000,0.493245500000,-1.3952362676504506,-1.3952362676504506,-1.3952362676504506,0E-17,ELIGIBLE,R03b_20260811_FULL_v1,L1_ELIGIBILITY,v2026-08-11,2026-03-21..2026-08-06,baccarat_bet02_101_all_pairs_incl_sentinel,round_win = game_pnl > 0 (decisive only),COMPATIBILITY_ONLY_NOT_PRODUCTION,12731.7143,11592.2902,-61.5438,1106,1105,0.00483390,,0.00483390,0.00483390,61.5438,12731.7143,OK,0.0000,-2.4618,4.0000,96.0000,AG03-UNRESOLVED,ALL5_LEVELS_bet23_to_bet27,-2.4618,-2.4618,-2.4618,-2.4618,-2.4618,4.000000,4.000000,4.000000,4.000000,4.000000,96.000000,96.000000,96.000000,96.000000,96.000000,5.0,-12.3088,-11.3627,-49.2350,-50.1811,PENDING_AG03,FALSE,NOT_FOR_ENFORCEMENT,-59.0821,11128.5986,-61.5438,-59.0821,-2.4618,-0.00483390,-0.00464054,-2.4618,-59.0821,-0.00464054,-2.4618,-2.4618,-2.4618,-2.4618,-2.4618,-59.0821,-0.00464054,-12.3088,-11.3627,-49.2350,-50.1811,-0.00386712,-0.00394143,-0.00019336,11.5115,10.4908,-0.0557,-1.6196,-0.1061,335.0451,29.0789,,11.5115,8.4025,10.5412,11.0045,21.0824,22.009,42.1647,10.5412,0.0,2.087904,4.0,1.09205,30,155,25,3,0E-8,-0.00483390,,0E-8,0.000000,0.910505,0.000000,,2026-03-23,2026-06-20,38,580,415,90,0.422222,,,0.000000,,,,,,,,GLOBAL_BASELINE_NO_ENTITY_RANKING,,,NOT_APPLICABLE_GLOBAL_BASELINE,HF9g-P5,,,,X 全窗基线 · 不参与实体赏罚,3928076,393,A168_HF9F_20260827_0900,2026-08-27 09:00:00
2026-04-14,145898681,1087,0,21.0823688150,-21.0823688150,-21.0823688150,0E-7,1,1,0.49324550000000000,0.493245500000,-0.9865810262130424,-0.9865810262130424,-0.9865810262130424,0E-17,ELIGIBLE,R03b_20260811_FULL_v1,L1_ELIGIBILITY,v2026-08-11,2026-03-21..2026-08-06,baccarat_bet02_101_all_pairs_incl_sentinel,round_win = game_pnl > 0 (decisive only),COMPATIBILITY_ONLY_NOT_PRODUCTION,12731.7143,11592.2902,-61.5438,1106,1105,0.00483390,,0.00483390,0.00483390,61.5438,12731.7143,OK,0.0000,-2.4618,4.0000,96.0000,AG03-UNRESOLVED,ALL5_LEVELS_bet23_to_bet27,-2.4618,-2.4618,-2.4618,-2.4618,-2.4618,4.000000,4.000000,4.000000,4.000000,4.000000,96.000000,96.000000,96.000000,96.000000,96.000000,5.0,-12.3088,-11.3627,-49.2350,-50.1811,PENDING_AG03,FALSE,NOT_FOR_ENFORCEMENT,-59.0821,11128.5986,-61.5438,-59.0821,-2.4618,-0.00483390,-0.00464054,-2.4618,-59.0821,-0.00464054,-2.4618,-2.4618,-2.4618,-2.4618,-2.4618,-59.0821,-0.00464054,-12.3088,-11.3627,-49.2350,-50.1811,-0.00386712,-0.00394143,-0.00019336,11.5115,10.4908,-0.0557,-1.6196,-0.1061,335.0451,29.0789,,11.5115,8.4025,10.5412,11.0045,21.0824,22.009,42.1647,10.5412,0.0,2.087904,4.0,1.09205,30,155,25,3,0E-8,-0.00483390,,0E-8,0.000000,0.910505,0.000000,,2026-03-23,2026-06-20,38,580,415,90,0.422222,,,0.000000,,,,,,,,GLOBAL_BASELINE_NO_ENTITY_RANKING,,,NOT_APPLICABLE_GLOBAL_BASELINE,HF9g-P5,,,,X 全窗基线 · 不参与实体赏罚,3928077,393,A168_HF9F_20260827_0900,2026-08-27 09:00:00
2026-04-14,145898681,1094,0,52.7059220375,31.6235532225,31.6235532225,0.7500000,4,4,0.49659680000000000,0.496596800000,1.0136362796769356,1.0136362796769358,1.0136362796769356,0E-17,ELIGIBLE,R03b_20260811_FULL_v1,L1_ELIGIBILITY,v2026-08-11,2026-03-21..2026-08-06,baccarat_bet02_101_all_pairs_incl_sentinel,round_win = game_pnl > 0 (decisive only),COMPATIBILITY_ONLY_NOT_PRODUCTION,12731.7143,11592.2902,-61.5438,1106,1105,0.00483390,,0.00483390,0.00483390,61.5438,12731.7143,OK,0.0000,-2.4618,4.0000,96.0000,AG03-UNRESOLVED,ALL5_LEVELS_bet23_to_bet27,-2.4618,-2.4618,-2.4618,-2.4618,-2.4618,4.000000,4.000000,4.000000,4.000000,4.000000,96.000000,96.000000,96.000000,96.000000,96.000000,5.0,-12.3088,-11.3627,-49.2350,-50.1811,PENDING_AG03,FALSE,NOT_FOR_ENFORCEMENT,-59.0821,11128.5986,-61.5438,-59.0821,-2.4618,-0.00483390,-0.00464054,-2.4618,-59.0821,-0.00464054,-2.4618,-2.4618,-2.4618,-2.4618,-2.4618,-59.0821,-0.00464054,-12.3088,-11.3627,-49.2350,-50.1811,-0.00386712,-0.00394143,-0.00019336,11.5115,10.4908,-0.0557,-1.6196,-0.1061,335.0451,29.0789,,11.5115,8.4025,10.5412,11.0045,21.0824,22.009,42.1647,10.5412,0.0,2.087904,4.0,1.09205,30,155,25,3,0E-8,-0.00483390,,0E-8,0.000000,0.910505,0.000000,,2026-03-23,2026-06-20,38,580,415,90,0.422222,,,0.000000,,,,,,,,GLOBAL_BASELINE_NO_ENTITY_RANKING,,,NOT_APPLICABLE_GLOBAL_BASELINE,HF9g-P5,,,,X 全窗基线 · 不参与实体赏罚,3928078,393,A168_HF9F_20260827_0900,2026-08-27 09:00:00
2026-04-14,145898681,1109,0,10.5411844075,10.5411844075,10.5411844075,1.0000000,1,1,0.49324550000000000,0.493245500000,1.01360149184955,1.01360149184955,1.01360149184955,0E-17,ELIGIBLE,R03b_20260811_FULL_v1,L1_ELIGIBILITY,v2026-08-11,2026-03-21..2026-08-06,baccarat_bet02_101_all_pairs_incl_sentinel,round_win = game_pnl > 0 (decisive only),COMPATIBILITY_ONLY_NOT_PRODUCTION,12731.7143,11592.2902,-61.5438,1106,1105,0.00483390,,0.00483390,0.00483390,61.5438,12731.7143,OK,0.0000,-2.4618,4.0000,96.0000,AG03-UNRESOLVED,ALL5_LEVELS_bet23_to_bet27,-2.4618,-2.4618,-2.4618,-2.4618,-2.4618,4.000000,4.000000,4.000000,4.000000,4.000000,96.000000,96.000000,96.000000,96.000000,96.000000,5.0,-12.3088,-11.3627,-49.2350,-50.1811,PENDING_AG03,FALSE,NOT_FOR_ENFORCEMENT,-59.0821,11128.5986,-61.5438,-59.0821,-2.4618,-0.00483390,-0.00464054,-2.4618,-59.0821,-0.00464054,-2.4618,-2.4618,-2.4618,-2.4618,-2.4618,-59.0821,-0.00464054,-12.3088,-11.3627,-49.2350,-50.1811,-0.00386712,-0.00394143,-0.00019336,11.5115,10.4908,-0.0557,-1.6196,-0.1061,335.0451,29.0789,,11.5115,8.4025,10.5412,11.0045,21.0824,22.009,42.1647,10.5412,0.0,2.087904,4.0,1.09205,30,155,25,3,0E-8,-0.00483390,,0E-8,0.000000,0.910505,0.000000,,2026-03-23,2026-06-20,38,580,415,90,0.422222,,,0.000000,,,,,,,,GLOBAL_BASELINE_NO_ENTITY_RANKING,,,NOT_APPLICABLE_GLOBAL_BASELINE,HF9g-P5,,,,X 全窗基线 · 不参与实体赏罚,3928079,393,A168_HF9F_20260827_0900,2026-08-27 09:00:00
2026-04-14,145898681,1205,0,10.5411844075,0E-10,0E-10,,1,1,0.49324550000000000,0.493245500000,,,,0E-17,NO_DECISIVE_ROUND,R03b_20260811_FULL_v1,L1_ELIGIBILITY,v2026-08-11,2026-03-21..2026-08-06,baccarat_bet02_101_all_pairs_incl_sentinel,round_win = game_pnl > 0 (decisive only),COMPATIBILITY_ONLY_NOT_PRODUCTION,12731.7143,11592.2902,-61.5438,1106,1105,0.00483390,,0.00483390,0.00483390,61.5438,12731.7143,OK,0.0000,-2.4618,4.0000,96.0000,AG03-UNRESOLVED,ALL5_LEVELS_bet23_to_bet27,-2.4618,-2.4618,-2.4618,-2.4618,-2.4618,4.000000,4.000000,4.000000,4.000000,4.000000,96.000000,96.000000,96.000000,96.000000,96.000000,5.0,-12.3088,-11.3627,-49.2350,-50.1811,PENDING_AG03,FALSE,NOT_FOR_ENFORCEMENT,-59.0821,11128.5986,-61.5438,-59.0821,-2.4618,-0.00483390,-0.00464054,-2.4618,-59.0821,-0.00464054,-2.4618,-2.4618,-2.4618,-2.4618,-2.4618,-59.0821,-0.00464054,-12.3088,-11.3627,-49.2350,-50.1811,-0.00386712,-0.00394143,-0.00019336,11.5115,10.4908,-0.0557,-1.6196,-0.1061,335.0451,29.0789,,11.5115,8.4025,10.5412,11.0045,21.0824,22.009,42.1647,10.5412,0.0,2.087904,4.0,1.09205,30,155,25,3,0E-8,-0.00483390,,0E-8,0.000000,0.910505,0.000000,,2026-03-23,2026-06-20,38,580,415,90,0.422222,,,0.000000,,,,,,,,GLOBAL_BASELINE_NO_ENTITY_RANKING,,,NOT_APPLICABLE_GLOBAL_BASELINE,HF9g-P5,,,,X 全窗基线 · 不参与实体赏罚,3928080,393,A168_HF9F_20260827_0900,2026-08-27 09:00:00
2026-04-14,145898681,1210,0,67.4635802080,-5.0597685156,-5.0597685156,0.5000000,4,4,0.49994810000000000,0.499948100000,0.00014679536856514622,0.00014679536856514622,0.00014679536856514622,0E-17,ELIGIBLE,R03b_20260811_FULL_v1,L1_ELIGIBILITY,v2026-08-11,2026-03-21..2026-08-06,baccarat_bet02_101_all_pairs_incl_sentinel,round_win = game_pnl > 0 (decisive only),COMPATIBILITY_ONLY_NOT_PRODUCTION,12731.7143,11592.2902,-61.5438,1106,1105,0.00483390,,0.00483390,0.00483390,61.5438,12731.7143,OK,0.0000,-2.4618,4.0000,96.0000,AG03-UNRESOLVED,ALL5_LEVELS_bet23_to_bet27,-2.4618,-2.4618,-2.4618,-2.4618,-2.4618,4.000000,4.000000,4.000000,4.000000,4.000000,96.000000,96.000000,96.000000,96.000000,96.000000,5.0,-12.3088,-11.3627,-49.2350,-50.1811,PENDING_AG03,FALSE,NOT_FOR_ENFORCEMENT,-59.0821,11128.5986,-61.5438,-59.0821,-2.4618,-0.00483390,-0.00464054,-2.4618,-59.0821,-0.00464054,-2.4618,-2.4618,-2.4618,-2.4618,-2.4618,-59.0821,-0.00464054,-12.3088,-11.3627,-49.2350,-50.1811,-0.00386712,-0.00394143,-0.00019336,11.5115,10.4908,-0.0557,-1.6196,-0.1061,335.0451,29.0789,,11.5115,8.4025,10.5412,11.0045,21.0824,22.009,42.1647,10.5412,0.0,2.087904,4.0,1.09205,30,155,25,3,0E-8,-0.00483390,,0E-8,0.000000,0.910505,0.000000,,2026-03-23,2026-06-20,38,580,415,90,0.422222,,,0.000000,,,,,,,,GLOBAL_BASELINE_NO_ENTITY_RANKING,,,NOT_APPLICABLE_GLOBAL_BASELINE,HF9g-P5,,,,X 全窗基线 · 不参与实体赏罚,3928081,393,A168_HF9F_20260827_0900,2026-08-27 09:00:00
2026-04-14,145898681,1296,0,31.6235532225,10.5411844075,10.5411844075,0.5000000,2,2,0.49324550000000000,0.493245500000,0.01910635448239258,0.01910635448239258,0.01910635448239258,0E-17,ELIGIBLE,R03b_20260811_FULL_v1,L1_ELIGIBILITY,v2026-08-11,2026-03-21..2026-08-06,baccarat_bet02_101_all_pairs_incl_sentinel,round_win = game_pnl > 0 (decisive only),COMPATIBILITY_ONLY_NOT_PRODUCTION,12731.7143,11592.2902,-61.5438,1106,1105,0.00483390,,0.00483390,0.00483390,61.5438,12731.7143,OK,0.0000,-2.4618,4.0000,96.0000,AG03-UNRESOLVED,ALL5_LEVELS_bet23_to_bet27,-2.4618,-2.4618,-2.4618,-2.4618,-2.4618,4.000000,4.000000,4.000000,4.000000,4.000000,96.000000,96.000000,96.000000,96.000000,96.000000,5.0,-12.3088,-11.3627,-49.2350,-50.1811,PENDING_AG03,FALSE,NOT_FOR_ENFORCEMENT,-59.0821,11128.5986,-61.5438,-59.0821,-2.4618,-0.00483390,-0.00464054,-2.4618,-59.0821,-0.00464054,-2.4618,-2.4618,-2.4618,-2.4618,-2.4618,-59.0821,-0.00464054,-12.3088,-11.3627,-49.2350,-50.1811,-0.00386712,-0.00394143,-0.00019336,11.5115,10.4908,-0.0557,-1.6196,-0.1061,335.0451,29.0789,,11.5115,8.4025,10.5412,11.0045,21.0824,22.009,42.1647,10.5412,0.0,2.087904,4.0,1.09205,30,155,25,3,0E-8,-0.00483390,,0E-8,0.000000,0.910505,0.000000,,2026-03-23,2026-06-20,38,580,415,90,0.422222,,,0.000000,,,,,,,,GLOBAL_BASELINE_NO_ENTITY_RANKING,,,NOT_APPLICABLE_GLOBAL_BASELINE,HF9g-P5,,,,X 全窗基线 · 不参与实体赏罚,3928082,393,A168_HF9F_20260827_0900,2026-08-27 09:00:00
2026-04-14,145898681,1307,0,31.6235532225,10.5411844075,10.5411844075,0.6666667,3,3,0.49324550000000000,0.493245500000,0.6008033672792107,0.6008033672792106,0.6008033672792107,0E-17,ELIGIBLE,R03b_20260811_FULL_v1,L1_ELIGIBILITY,v2026-08-11,2026-03-21..2026-08-06,baccarat_bet02_101_all_pairs_incl_sentinel,round_win = game_pnl > 0 (decisive only),COMPATIBILITY_ONLY_NOT_PRODUCTION,12731.7143,11592.2902,-61.5438,1106,1105,0.00483390,,0.00483390,0.00483390,61.5438,12731.7143,OK,0.0000,-2.4618,4.0000,96.0000,AG03-UNRESOLVED,ALL5_LEVELS_bet23_to_bet27,-2.4618,-2.4618,-2.4618,-2.4618,-2.4618,4.000000,4.000000,4.000000,4.000000,4.000000,96.000000,96.000000,96.000000,96.000000,96.000000,5.0,-12.3088,-11.3627,-49.2350,-50.1811,PENDING_AG03,FALSE,NOT_FOR_ENFORCEMENT,-59.0821,11128.5986,-61.5438,-59.0821,-2.4618,-0.00483390,-0.00464054,-2.4618,-59.0821,-0.00464054,-2.4618,-2.4618,-2.4618,-2.4618,-2.4618,-59.0821,-0.00464054,-12.3088,-11.3627,-49.2350,-50.1811,-0.00386712,-0.00394143,-0.00019336,11.5115,10.4908,-0.0557,-1.6196,-0.1061,335.0451,29.0789,,11.5115,8.4025,10.5412,11.0045,21.0824,22.009,42.1647,10.5412,0.0,2.087904,4.0,1.09205,30,155,25,3,0E-8,-0.00483390,,0E-8,0.000000,0.910505,0.000000,,2026-03-23,2026-06-20,38,580,415,90,0.422222,,,0.000000,,,,,,,,GLOBAL_BASELINE_NO_ENTITY_RANKING,,,NOT_APPLICABLE_GLOBAL_BASELINE,HF9g-P5,,,,X 全窗基线 · 不参与实体赏罚,3928083,393,A168_HF9F_20260827_0900,2026-08-27 09:00:00
2026-04-14,145898681,1318,0,96.9788965490,45.6433284844,45.6433284844,0.6666667,9,9,0.49622443333333333,0.496224433333,1.02268255689827,1.022682556900275,1.02268255689827,3.3333E-13,ELIGIBLE,R03b_20260811_FULL_v1,L1_ELIGIBILITY,v2026-08-11,2026-03-21..2026-08-06,baccarat_bet02_101_all_pairs_incl_sentinel,round_win = game_pnl > 0 (decisive only),COMPATIBILITY_ONLY_NOT_PRODUCTION,12731.7143,11592.2902,-61.5438,1106,1105,0.00483390,,0.00483390,0.00483390,61.5438,12731.7143,OK,0.0000,-2.4618,4.0000,96.0000,AG03-UNRESOLVED,ALL5_LEVELS_bet23_to_bet27,-2.4618,-2.4618,-2.4618,-2.4618,-2.4618,4.000000,4.000000,4.000000,4.000000,4.000000,96.000000,96.000000,96.000000,96.000000,96.000000,5.0,-12.3088,-11.3627,-49.2350,-50.1811,PENDING_AG03,FALSE,NOT_FOR_ENFORCEMENT,-59.0821,11128.5986,-61.5438,-59.0821,-2.4618,-0.00483390,-0.00464054,-2.4618,-59.0821,-0.00464054,-2.4618,-2.4618,-2.4618,-2.4618,-2.4618,-59.0821,-0.00464054,-12.3088,-11.3627,-49.2350,-50.1811,-0.00386712,-0.00394143,-0.00019336,11.5115,10.4908,-0.0557,-1.6196,-0.1061,335.0451,29.0789,,11.5115,8.4025,10.5412,11.0045,21.0824,22.009,42.1647,10.5412,0.0,2.087904,4.0,1.09205,30,155,25,3,0E-8,-0.00483390,,0E-8,0.000000,0.910505,0.000000,,2026-03-23,2026-06-20,38,580,415,90,0.422222,,,0.000000,,,,,,,,GLOBAL_BASELINE_NO_ENTITY_RANKING,,,NOT_APPLICABLE_GLOBAL_BASELINE,HF9g-P5,,,,X 全窗基线 · 不参与实体赏罚,3928084,393,A168_HF9F_20260827_0900,2026-08-27 09:00:00
2026-04-14,145898681,1325,0,18.9741319335,2.1082368815,2.1082368815,0.5000000,4,4,0.49324550000000000,0.493245500000,0.027020465636507562,0.027020465636507562,0.027020465636507562,0E-17,ELIGIBLE,R03b_20260811_FULL_v1,L1_ELIGIBILITY,v2026-08-11,2026-03-21..2026-08-06,baccarat_bet02_101_all_pairs_incl_sentinel,round_win = game_pnl > 0 (decisive only),COMPATIBILITY_ONLY_NOT_PRODUCTION,12731.7143,11592.2902,-61.5438,1106,1105,0.00483390,,0.00483390,0.00483390,61.5438,12731.7143,OK,0.0000,-2.4618,4.0000,96.0000,AG03-UNRESOLVED,ALL5_LEVELS_bet23_to_bet27,-2.4618,-2.4618,-2.4618,-2.4618,-2.4618,4.000000,4.000000,4.000000,4.000000,4.000000,96.000000,96.000000,96.000000,96.000000,96.000000,5.0,-12.3088,-11.3627,-49.2350,-50.1811,PENDING_AG03,FALSE,NOT_FOR_ENFORCEMENT,-59.0821,11128.5986,-61.5438,-59.0821,-2.4618,-0.00483390,-0.00464054,-2.4618,-59.0821,-0.00464054,-2.4618,-2.4618,-2.4618,-2.4618,-2.4618,-59.0821,-0.00464054,-12.3088,-11.3627,-49.2350,-50.1811,-0.00386712,-0.00394143,-0.00019336,11.5115,10.4908,-0.0557,-1.6196,-0.1061,335.0451,29.0789,,11.5115,8.4025,10.5412,11.0045,21.0824,22.009,42.1647,10.5412,0.0,2.087904,4.0,1.09205,30,155,25,3,0E-8,-0.00483390,,0E-8,0.000000,0.910505,0.000000,,2026-03-23,2026-06-20,38,580,415,90,0.422222,,,0.000000,,,,,,,,GLOBAL_BASELINE_NO_ENTITY_RANKING,,,NOT_APPLICABLE_GLOBAL_BASELINE,HF9g-P5,,,,X 全窗基线 · 不参与实体赏罚,3928085,393,A168_HF9F_20260827_0900,2026-08-27 09:00:00
2026-04-14,145898681,1330,0,4.2164737630,-4.2164737630,-4.2164737630,0E-7,1,1,0.49324550000000000,0.493245500000,-0.9865810262130424,-0.9865810262130424,-0.9865810262130424,0E-17,ELIGIBLE,R03b_20260811_FULL_v1,L1_ELIGIBILITY,v2026-08-11,2026-03-21..2026-08-06,baccarat_bet02_101_all_pairs_incl_sentinel,round_win = game_pnl > 0 (decisive only),COMPATIBILITY_ONLY_NOT_PRODUCTION,12731.7143,11592.2902,-61.5438,1106,1105,0.00483390,,0.00483390,0.00483390,61.5438,12731.7143,OK,0.0000,-2.4618,4.0000,96.0000,AG03-UNRESOLVED,ALL5_LEVELS_bet23_to_bet27,-2.4618,-2.4618,-2.4618,-2.4618,-2.4618,4.000000,4.000000,4.000000,4.000000,4.000000,96.000000,96.000000,96.000000,96.000000,96.000000,5.0,-12.3088,-11.3627,-49.2350,-50.1811,PENDING_AG03,FALSE,NOT_FOR_ENFORCEMENT,-59.0821,11128.5986,-61.5438,-59.0821,-2.4618,-0.00483390,-0.00464054,-2.4618,-59.0821,-0.00464054,-2.4618,-2.4618,-2.4618,-2.4618,-2.4618,-59.0821,-0.00464054,-12.3088,-11.3627,-49.2350,-50.1811,-0.00386712,-0.00394143,-0.00019336,11.5115,10.4908,-0.0557,-1.6196,-0.1061,335.0451,29.0789,,11.5115,8.4025,10.5412,11.0045,21.0824,22.009,42.1647,10.5412,0.0,2.087904,4.0,1.09205,30,155,25,3,0E-8,-0.00483390,,0E-8,0.000000,0.910505,0.000000,,2026-03-23,2026-06-20,38,580,415,90,0.422222,,,0.000000,,,,,,,,GLOBAL_BASELINE_NO_ENTITY_RANKING,,,NOT_APPLICABLE_GLOBAL_BASELINE,HF9g-P5,,,,X 全窗基线 · 不参与实体赏罚,3928086,393,A168_HF9F_20260827_0900,2026-08-27 09:00:00
2026-04-14,145898681,1383,0,10.5411844075,-10.5411844075,-10.5411844075,0E-7,1,1,0.50665070000000000,0.506650700000,-1.013391052207602,-1.013391052207602,-1.013391052207602,0E-17,ELIGIBLE,R03b_20260811_FULL_v1,L1_ELIGIBILITY,v2026-08-11,2026-03-21..2026-08-06,baccarat_bet02_101_all_pairs_incl_sentinel,round_win = game_pnl > 0 (decisive only),COMPATIBILITY_ONLY_NOT_PRODUCTION,12731.7143,11592.2902,-61.5438,1106,1105,0.00483390,,0.00483390,0.00483390,61.5438,12731.7143,OK,0.0000,-2.4618,4.0000,96.0000,AG03-UNRESOLVED,ALL5_LEVELS_bet23_to_bet27,-2.4618,-2.4618,-2.4618,-2.4618,-2.4618,4.000000,4.000000,4.000000,4.000000,4.000000,96.000000,96.000000,96.000000,96.000000,96.000000,5.0,-12.3088,-11.3627,-49.2350,-50.1811,PENDING_AG03,FALSE,NOT_FOR_ENFORCEMENT,-59.0821,11128.5986,-61.5438,-59.0821,-2.4618,-0.00483390,-0.00464054,-2.4618,-59.0821,-0.00464054,-2.4618,-2.4618,-2.4618,-2.4618,-2.4618,-59.0821,-0.00464054,-12.3088,-11.3627,-49.2350,-50.1811,-0.00386712,-0.00394143,-0.00019336,11.5115,10.4908,-0.0557,-1.6196,-0.1061,335.0451,29.0789,,11.5115,8.4025,10.5412,11.0045,21.0824,22.009,42.1647,10.5412,0.0,2.087904,4.0,1.09205,30,155,25,3,0E-8,-0.00483390,,0E-8,0.000000,0.910505,0.000000,,2026-03-23,2026-06-20,38,580,415,90,0.422222,,,0.000000,,,,,,,,GLOBAL_BASELINE_NO_ENTITY_RANKING,,,NOT_APPLICABLE_GLOBAL_BASELINE,HF9g-P5,,,,X 全窗基线 · 不参与实体赏罚,3928087,393,A168_HF9F_20260827_0900,2026-08-27 09:00:00
2026-04-14,145898681,1384,0,6.3247106445,6.3247106445,6.3247106445,1.0000000,1,1,0.49324550000000000,0.493245500000,1.01360149184955,1.01360149184955,1.01360149184955,0E-17,ELIGIBLE,R03b_20260811_FULL_v1,L1_ELIGIBILITY,v2026-08-11,2026-03-21..2026-08-06,baccarat_bet02_101_all_pairs_incl_sentinel,round_win = game_pnl > 0 (decisive only),COMPATIBILITY_ONLY_NOT_PRODUCTION,12731.7143,11592.2902,-61.5438,1106,1105,0.00483390,,0.00483390,0.00483390,61.5438,12731.7143,OK,0.0000,-2.4618,4.0000,96.0000,AG03-UNRESOLVED,ALL5_LEVELS_bet23_to_bet27,-2.4618,-2.4618,-2.4618,-2.4618,-2.4618,4.000000,4.000000,4.000000,4.000000,4.000000,96.000000,96.000000,96.000000,96.000000,96.000000,5.0,-12.3088,-11.3627,-49.2350,-50.1811,PENDING_AG03,FALSE,NOT_FOR_ENFORCEMENT,-59.0821,11128.5986,-61.5438,-59.0821,-2.4618,-0.00483390,-0.00464054,-2.4618,-59.0821,-0.00464054,-2.4618,-2.4618,-2.4618,-2.4618,-2.4618,-59.0821,-0.00464054,-12.3088,-11.3627,-49.2350,-50.1811,-0.00386712,-0.00394143,-0.00019336,11.5115,10.4908,-0.0557,-1.6196,-0.1061,335.0451,29.0789,,11.5115,8.4025,10.5412,11.0045,21.0824,22.009,42.1647,10.5412,0.0,2.087904,4.0,1.09205,30,155,25,3,0E-8,-0.00483390,,0E-8,0.000000,0.910505,0.000000,,2026-03-23,2026-06-20,38,580,415,90,0.422222,,,0.000000,,,,,,,,GLOBAL_BASELINE_NO_ENTITY_RANKING,,,NOT_APPLICABLE_GLOBAL_BASELINE,HF9g-P5,,,,X 全窗基线 · 不参与实体赏罚,3928088,393,A168_HF9F_20260827_0900,2026-08-27 09:00:00
2026-04-14,145898681,1401,0,21.0823688150,0E-10,0E-10,,1,1,0.50665070000000000,0.506650700000,,,,0E-17,NO_DECISIVE_ROUND,R03b_20260811_FULL_v1,L1_ELIGIBILITY,v2026-08-11,2026-03-21..2026-08-06,baccarat_bet02_101_all_pairs_incl_sentinel,round_win = game_pnl > 0 (decisive only),COMPATIBILITY_ONLY_NOT_PRODUCTION,12731.7143,11592.2902,-61.5438,1106,1105,0.00483390,,0.00483390,0.00483390,61.5438,12731.7143,OK,0.0000,-2.4618,4.0000,96.0000,AG03-UNRESOLVED,ALL5_LEVELS_bet23_to_bet27,-2.4618,-2.4618,-2.4618,-2.4618,-2.4618,4.000000,4.000000,4.000000,4.000000,4.000000,96.000000,96.000000,96.000000,96.000000,96.000000,5.0,-12.3088,-11.3627,-49.2350,-50.1811,PENDING_AG03,FALSE,NOT_FOR_ENFORCEMENT,-59.0821,11128.5986,-61.5438,-59.0821,-2.4618,-0.00483390,-0.00464054,-2.4618,-59.0821,-0.00464054,-2.4618,-2.4618,-2.4618,-2.4618,-2.4618,-59.0821,-0.00464054,-12.3088,-11.3627,-49.2350,-50.1811,-0.00386712,-0.00394143,-0.00019336,11.5115,10.4908,-0.0557,-1.6196,-0.1061,335.0451,29.0789,,11.5115,8.4025,10.5412,11.0045,21.0824,22.009,42.1647,10.5412,0.0,2.087904,4.0,1.09205,30,155,25,3,0E-8,-0.00483390,,0E-8,0.000000,0.910505,0.000000,,2026-03-23,2026-06-20,38,580,415,90,0.422222,,,0.000000,,,,,,,,GLOBAL_BASELINE_NO_ENTITY_RANKING,,,NOT_APPLICABLE_GLOBAL_BASELINE,HF9g-P5,,,,X 全窗基线 · 不参与实体赏罚,3928089,393,A168_HF9F_20260827_0900,2026-08-27 09:00:00
2026-04-14,145898681,1402,0,31.6235532225,20.5553095946,20.5553095946,1.0000000,3,3,0.49771390000000000,0.497713900000,1.4206944795187548,1.420694479518755,1.4206944795187548,0E-17,ELIGIBLE,R03b_20260811_FULL_v1,L1_ELIGIBILITY,v2026-08-11,2026-03-21..2026-08-06,baccarat_bet02_101_all_pairs_incl_sentinel,round_win = game_pnl > 0 (decisive only),COMPATIBILITY_ONLY_NOT_PRODUCTION,12731.7143,11592.2902,-61.5438,1106,1105,0.00483390,,0.00483390,0.00483390,61.5438,12731.7143,OK,0.0000,-2.4618,4.0000,96.0000,AG03-UNRESOLVED,ALL5_LEVELS_bet23_to_bet27,-2.4618,-2.4618,-2.4618,-2.4618,-2.4618,4.000000,4.000000,4.000000,4.000000,4.000000,96.000000,96.000000,96.000000,96.000000,96.000000,5.0,-12.3088,-11.3627,-49.2350,-50.1811,PENDING_AG03,FALSE,NOT_FOR_ENFORCEMENT,-59.0821,11128.5986,-61.5438,-59.0821,-2.4618,-0.00483390,-0.00464054,-2.4618,-59.0821,-0.00464054,-2.4618,-2.4618,-2.4618,-2.4618,-2.4618,-59.0821,-0.00464054,-12.3088,-11.3627,-49.2350,-50.1811,-0.00386712,-0.00394143,-0.00019336,11.5115,10.4908,-0.0557,-1.6196,-0.1061,335.0451,29.0789,,11.5115,8.4025,10.5412,11.0045,21.0824,22.009,42.1647,10.5412,0.0,2.087904,4.0,1.09205,30,155,25,3,0E-8,-0.00483390,,0E-8,0.000000,0.910505,0.000000,,2026-03-23,2026-06-20,38,580,415,90,0.422222,,,0.000000,,,,,,,,GLOBAL_BASELINE_NO_ENTITY_RANKING,,,NOT_APPLICABLE_GLOBAL_BASELINE,HF9g-P5,,,,X 全窗基线 · 不参与实体赏罚,3928090,393,A168_HF9F_20260827_0900,2026-08-27 09:00:00
2026-04-14,145898681,1491,0,21.0823688150,20.0282503742,20.0282503742,1.0000000,1,1,0.50665070000000000,0.506650700000,0.9867858985152569,0.9867858985152569,0.9867858985152569,0E-17,ELIGIBLE,R03b_20260811_FULL_v1,L1_ELIGIBILITY,v2026-08-11,2026-03-21..2026-08-06,baccarat_bet02_101_all_pairs_incl_sentinel,round_win = game_pnl > 0 (decisive only),COMPATIBILITY_ONLY_NOT_PRODUCTION,12731.7143,11592.2902,-61.5438,1106,1105,0.00483390,,0.00483390,0.00483390,61.5438,12731.7143,OK,0.0000,-2.4618,4.0000,96.0000,AG03-UNRESOLVED,ALL5_LEVELS_bet23_to_bet27,-2.4618,-2.4618,-2.4618,-2.4618,-2.4618,4.000000,4.000000,4.000000,4.000000,4.000000,96.000000,96.000000,96.000000,96.000000,96.000000,5.0,-12.3088,-11.3627,-49.2350,-50.1811,PENDING_AG03,FALSE,NOT_FOR_ENFORCEMENT,-59.0821,11128.5986,-61.5438,-59.0821,-2.4618,-0.00483390,-0.00464054,-2.4618,-59.0821,-0.00464054,-2.4618,-2.4618,-2.4618,-2.4618,-2.4618,-59.0821,-0.00464054,-12.3088,-11.3627,-49.2350,-50.1811,-0.00386712,-0.00394143,-0.00019336,11.5115,10.4908,-0.0557,-1.6196,-0.1061,335.0451,29.0789,,11.5115,8.4025,10.5412,11.0045,21.0824,22.009,42.1647,10.5412,0.0,2.087904,4.0,1.09205,30,155,25,3,0E-8,-0.00483390,,0E-8,0.000000,0.910505,0.000000,,2026-03-23,2026-06-20,38,580,415,90,0.422222,,,0.000000,,,,,,,,GLOBAL_BASELINE_NO_ENTITY_RANKING,,,NOT_APPLICABLE_GLOBAL_BASELINE,HF9g-P5,,,,X 全窗基线 · 不参与实体赏罚,3928091,393,A168_HF9F_20260827_0900,2026-08-27 09:00:00
2026-04-14,145898681,1623,0,31.6235532225,31.6235532225,31.6235532225,1.0000000,2,2,0.49324550000000000,0.493245500000,1.4334489766152358,1.4334489766152358,1.4334489766152358,0E-17,ELIGIBLE,R03b_20260811_FULL_v1,L1_ELIGIBILITY,v2026-08-11,2026-03-21..2026-08-06,baccarat_bet02_101_all_pairs_incl_sentinel,round_win = game_pnl > 0 (decisive only),COMPATIBILITY_ONLY_NOT_PRODUCTION,12731.7143,11592.2902,-61.5438,1106,1105,0.00483390,,0.00483390,0.00483390,61.5438,12731.7143,OK,0.0000,-2.4618,4.0000,96.0000,AG03-UNRESOLVED,ALL5_LEVELS_bet23_to_bet27,-2.4618,-2.4618,-2.4618,-2.4618,-2.4618,4.000000,4.000000,4.000000,4.000000,4.000000,96.000000,96.000000,96.000000,96.000000,96.000000,5.0,-12.3088,-11.3627,-49.2350,-50.1811,PENDING_AG03,FALSE,NOT_FOR_ENFORCEMENT,-59.0821,11128.5986,-61.5438,-59.0821,-2.4618,-0.00483390,-0.00464054,-2.4618,-59.0821,-0.00464054,-2.4618,-2.4618,-2.4618,-2.4618,-2.4618,-59.0821,-0.00464054,-12.3088,-11.3627,-49.2350,-50.1811,-0.00386712,-0.00394143,-0.00019336,11.5115,10.4908,-0.0557,-1.6196,-0.1061,335.0451,29.0789,,11.5115,8.4025,10.5412,11.0045,21.0824,22.009,42.1647,10.5412,0.0,2.087904,4.0,1.09205,30,155,25,3,0E-8,-0.00483390,,0E-8,0.000000,0.910505,0.000000,,2026-03-23,2026-06-20,38,580,415,90,0.422222,,,0.000000,,,,,,,,GLOBAL_BASELINE_NO_ENTITY_RANKING,,,NOT_APPLICABLE_GLOBAL_BASELINE,HF9g-P5,,,,X 全窗基线 · 不参与实体赏罚,3928092,393,A168_HF9F_20260827_0900,2026-08-27 09:00:00
2026-04-14,145898681,1645,0,10.5411844075,-10.5411844075,-10.5411844075,0E-7,1,1,0.49324550000000000,0.493245500000,-0.9865810262130424,-0.9865810262130424,-0.9865810262130424,0E-17,ELIGIBLE,R03b_20260811_FULL_v1,L1_ELIGIBILITY,v2026-08-11,2026-03-21..2026-08-06,baccarat_bet02_101_all_pairs_incl_sentinel,round_win = game_pnl > 0 (decisive only),COMPATIBILITY_ONLY_NOT_PRODUCTION,12731.7143,11592.2902,-61.5438,1106,1105,0.00483390,,0.00483390,0.00483390,61.5438,12731.7143,OK,0.0000,-2.4618,4.0000,96.0000,AG03-UNRESOLVED,ALL5_LEVELS_bet23_to_bet27,-2.4618,-2.4618,-2.4618,-2.4618,-2.4618,4.000000,4.000000,4.000000,4.000000,4.000000,96.000000,96.000000,96.000000,96.000000,96.000000,5.0,-12.3088,-11.3627,-49.2350,-50.1811,PENDING_AG03,FALSE,NOT_FOR_ENFORCEMENT,-59.0821,11128.5986,-61.5438,-59.0821,-2.4618,-0.00483390,-0.00464054,-2.4618,-59.0821,-0.00464054,-2.4618,-2.4618,-2.4618,-2.4618,-2.4618,-59.0821,-0.00464054,-12.3088,-11.3627,-49.2350,-50.1811,-0.00386712,-0.00394143,-0.00019336,11.5115,10.4908,-0.0557,-1.6196,-0.1061,335.0451,29.0789,,11.5115,8.4025,10.5412,11.0045,21.0824,22.009,42.1647,10.5412,0.0,2.087904,4.0,1.09205,30,155,25,3,0E-8,-0.00483390,,0E-8,0.000000,0.910505,0.000000,,2026-03-23,2026-06-20,38,580,415,90,0.422222,,,0.000000,,,,,,,,GLOBAL_BASELINE_NO_ENTITY_RANKING,,,NOT_APPLICABLE_GLOBAL_BASELINE,HF9g-P5,,,,X 全窗基线 · 不参与实体赏罚,3928093,393,A168_HF9F_20260827_0900,2026-08-27 09:00:00
2026-04-14,145898681,1957,0,52.7059220375,10.5411844075,10.5411844075,0.5000000,4,4,0.49324550000000000,0.493245500000,0.027020465636507562,0.027020465636507562,0.027020465636507562,0E-17,ELIGIBLE,R03b_20260811_FULL_v1,L1_ELIGIBILITY,v2026-08-11,2026-03-21..2026-08-06,baccarat_bet02_101_all_pairs_incl_sentinel,round_win = game_pnl > 0 (decisive only),COMPATIBILITY_ONLY_NOT_PRODUCTION,12731.7143,11592.2902,-61.5438,1106,1105,0.00483390,,0.00483390,0.00483390,61.5438,12731.7143,OK,0.0000,-2.4618,4.0000,96.0000,AG03-UNRESOLVED,ALL5_LEVELS_bet23_to_bet27,-2.4618,-2.4618,-2.4618,-2.4618,-2.4618,4.000000,4.000000,4.000000,4.000000,4.000000,96.000000,96.000000,96.000000,96.000000,96.000000,5.0,-12.3088,-11.3627,-49.2350,-50.1811,PENDING_AG03,FALSE,NOT_FOR_ENFORCEMENT,-59.0821,11128.5986,-61.5438,-59.0821,-2.4618,-0.00483390,-0.00464054,-2.4618,-59.0821,-0.00464054,-2.4618,-2.4618,-2.4618,-2.4618,-2.4618,-59.0821,-0.00464054,-12.3088,-11.3627,-49.2350,-50.1811,-0.00386712,-0.00394143,-0.00019336,11.5115,10.4908,-0.0557,-1.6196,-0.1061,335.0451,29.0789,,11.5115,8.4025,10.5412,11.0045,21.0824,22.009,42.1647,10.5412,0.0,2.087904,4.0,1.09205,30,155,25,3,0E-8,-0.00483390,,0E-8,0.000000,0.910505,0.000000,,2026-03-23,2026-06-20,38,580,415,90,0.422222,,,0.000000,,,,,,,,GLOBAL_BASELINE_NO_ENTITY_RANKING,,,NOT_APPLICABLE_GLOBAL_BASELINE,HF9g-P5,,,,X 全窗基线 · 不参与实体赏罚,3928094,393,A168_HF9F_20260827_0900,2026-08-27 09:00:00
2026-04-14,145898681,1963,0,21.0823688150,21.0823688150,21.0823688150,1.0000000,1,1,0.49324550000000000,0.493245500000,1.01360149184955,1.01360149184955,1.01360149184955,0E-17,ELIGIBLE,R03b_20260811_FULL_v1,L1_ELIGIBILITY,v2026-08-11,2026-03-21..2026-08-06,baccarat_bet02_101_all_pairs_incl_sentinel,round_win = game_pnl > 0 (decisive only),COMPATIBILITY_ONLY_NOT_PRODUCTION,12731.7143,11592.2902,-61.5438,1106,1105,0.00483390,,0.00483390,0.00483390,61.5438,12731.7143,OK,0.0000,-2.4618,4.0000,96.0000,AG03-UNRESOLVED,ALL5_LEVELS_bet23_to_bet27,-2.4618,-2.4618,-2.4618,-2.4618,-2.4618,4.000000,4.000000,4.000000,4.000000,4.000000,96.000000,96.000000,96.000000,96.000000,96.000000,5.0,-12.3088,-11.3627,-49.2350,-50.1811,PENDING_AG03,FALSE,NOT_FOR_ENFORCEMENT,-59.0821,11128.5986,-61.5438,-59.0821,-2.4618,-0.00483390,-0.00464054,-2.4618,-59.0821,-0.00464054,-2.4618,-2.4618,-2.4618,-2.4618,-2.4618,-59.0821,-0.00464054,-12.3088,-11.3627,-49.2350,-50.1811,-0.00386712,-0.00394143,-0.00019336,11.5115,10.4908,-0.0557,-1.6196,-0.1061,335.0451,29.0789,,11.5115,8.4025,10.5412,11.0045,21.0824,22.009,42.1647,10.5412,0.0,2.087904,4.0,1.09205,30,155,25,3,0E-8,-0.00483390,,0E-8,0.000000,0.910505,0.000000,,2026-03-23,2026-06-20,38,580,415,90,0.422222,,,0.000000,,,,,,,,GLOBAL_BASELINE_NO_ENTITY_RANKING,,,NOT_APPLICABLE_GLOBAL_BASELINE,HF9g-P5,,,,X 全窗基线 · 不参与实体赏罚,3928095,393,A168_HF9F_20260827_0900,2026-08-27 09:00:00
2026-04-14,145898681,1994,0,29.5153163410,-29.5153163410,-29.5153163410,0E-7,2,2,0.49994810000000000,0.499948100000,-1.4140667746232096,-1.4140667746232096,-1.4140667746232096,0E-17,ELIGIBLE,R03b_20260811_FULL_v1,L1_ELIGIBILITY,v2026-08-11,2026-03-21..2026-08-06,baccarat_bet02_101_all_pairs_incl_sentinel,round_win = game_pnl > 0 (decisive only),COMPATIBILITY_ONLY_NOT_PRODUCTION,12731.7143,11592.2902,-61.5438,1106,1105,0.00483390,,0.00483390,0.00483390,61.5438,12731.7143,OK,0.0000,-2.4618,4.0000,96.0000,AG03-UNRESOLVED,ALL5_LEVELS_bet23_to_bet27,-2.4618,-2.4618,-2.4618,-2.4618,-2.4618,4.000000,4.000000,4.000000,4.000000,4.000000,96.000000,96.000000,96.000000,96.000000,96.000000,5.0,-12.3088,-11.3627,-49.2350,-50.1811,PENDING_AG03,FALSE,NOT_FOR_ENFORCEMENT,-59.0821,11128.5986,-61.5438,-59.0821,-2.4618,-0.00483390,-0.00464054,-2.4618,-59.0821,-0.00464054,-2.4618,-2.4618,-2.4618,-2.4618,-2.4618,-59.0821,-0.00464054,-12.3088,-11.3627,-49.2350,-50.1811,-0.00386712,-0.00394143,-0.00019336,11.5115,10.4908,-0.0557,-1.6196,-0.1061,335.0451,29.0789,,11.5115,8.4025,10.5412,11.0045,21.0824,22.009,42.1647,10.5412,0.0,2.087904,4.0,1.09205,30,155,25,3,0E-8,-0.00483390,,0E-8,0.000000,0.910505,0.000000,,2026-03-23,2026-06-20,38,580,415,90,0.422222,,,0.000000,,,,,,,,GLOBAL_BASELINE_NO_ENTITY_RANKING,,,NOT_APPLICABLE_GLOBAL_BASELINE,HF9g-P5,,,,X 全窗基线 · 不参与实体赏罚,3928096,393,A168_HF9F_20260827_0900,2026-08-27 09:00:00
2026-04-14,145898681,2088,0,80.1130014969,41.2160310332,41.2160310332,0.7500000,5,5,0.49860758000000000,0.498607580000,1.005573579286957,1.005573579286957,1.005573579286957,0E-17,ELIGIBLE,R03b_20260811_FULL_v1,L1_ELIGIBILITY,v2026-08-11,2026-03-21..2026-08-06,baccarat_bet02_101_all_pairs_incl_sentinel,round_win = game_pnl > 0 (decisive only),COMPATIBILITY_ONLY_NOT_PRODUCTION,12731.7143,11592.2902,-61.5438,1106,1105,0.00483390,,0.00483390,0.00483390,61.5438,12731.7143,OK,0.0000,-2.4618,4.0000,96.0000,AG03-UNRESOLVED,ALL5_LEVELS_bet23_to_bet27,-2.4618,-2.4618,-2.4618,-2.4618,-2.4618,4.000000,4.000000,4.000000,4.000000,4.000000,96.000000,96.000000,96.000000,96.000000,96.000000,5.0,-12.3088,-11.3627,-49.2350,-50.1811,PENDING_AG03,FALSE,NOT_FOR_ENFORCEMENT,-59.0821,11128.5986,-61.5438,-59.0821,-2.4618,-0.00483390,-0.00464054,-2.4618,-59.0821,-0.00464054,-2.4618,-2.4618,-2.4618,-2.4618,-2.4618,-59.0821,-0.00464054,-12.3088,-11.3627,-49.2350,-50.1811,-0.00386712,-0.00394143,-0.00019336,11.5115,10.4908,-0.0557,-1.6196,-0.1061,335.0451,29.0789,,11.5115,8.4025,10.5412,11.0045,21.0824,22.009,42.1647,10.5412,0.0,2.087904,4.0,1.09205,30,155,25,3,0E-8,-0.00483390,,0E-8,0.000000,0.910505,0.000000,,2026-03-23,2026-06-20,38,580,415,90,0.422222,,,0.000000,,,,,,,,GLOBAL_BASELINE_NO_ENTITY_RANKING,,,NOT_APPLICABLE_GLOBAL_BASELINE,HF9g-P5,,,,X 全窗基线 · 不参与实体赏罚,3928097,393,A168_HF9F_20260827_0900,2026-08-27 09:00:00
2026-04-14,145898681,2130,0,25.2988425780,18.4470727131,18.4470727131,1.0000000,3,3,0.49771390000000000,0.497713900000,1.4206944795187548,1.420694479518755,1.4206944795187548,0E-17,ELIGIBLE,R03b_20260811_FULL_v1,L1_ELIGIBILITY,v2026-08-11,2026-03-21..2026-08-06,baccarat_bet02_101_all_pairs_incl_sentinel,round_win = game_pnl > 0 (decisive only),COMPATIBILITY_ONLY_NOT_PRODUCTION,12731.7143,11592.2902,-61.5438,1106,1105,0.00483390,,0.00483390,0.00483390,61.5438,12731.7143,OK,0.0000,-2.4618,4.0000,96.0000,AG03-UNRESOLVED,ALL5_LEVELS_bet23_to_bet27,-2.4618,-2.4618,-2.4618,-2.4618,-2.4618,4.000000,4.000000,4.000000,4.000000,4.000000,96.000000,96.000000,96.000000,96.000000,96.000000,5.0,-12.3088,-11.3627,-49.2350,-50.1811,PENDING_AG03,FALSE,NOT_FOR_ENFORCEMENT,-59.0821,11128.5986,-61.5438,-59.0821,-2.4618,-0.00483390,-0.00464054,-2.4618,-59.0821,-0.00464054,-2.4618,-2.4618,-2.4618,-2.4618,-2.4618,-59.0821,-0.00464054,-12.3088,-11.3627,-49.2350,-50.1811,-0.00386712,-0.00394143,-0.00019336,11.5115,10.4908,-0.0557,-1.6196,-0.1061,335.0451,29.0789,,11.5115,8.4025,10.5412,11.0045,21.0824,22.009,42.1647,10.5412,0.0,2.087904,4.0,1.09205,30,155,25,3,0E-8,-0.00483390,,0E-8,0.000000,0.910505,0.000000,,2026-03-23,2026-06-20,38,580,415,90,0.422222,,,0.000000,,,,,,,,GLOBAL_BASELINE_NO_ENTITY_RANKING,,,NOT_APPLICABLE_GLOBAL_BASELINE,HF9g-P5,,,,X 全窗基线 · 不参与实体赏罚,3928098,393,A168_HF9F_20260827_0900,2026-08-27 09:00:00
2026-04-14,145898681,2152,0,21.0823688150,-21.0823688150,-21.0823688150,0E-7,1,1,0.49324550000000000,0.493245500000,-0.9865810262130424,-0.9865810262130424,-0.9865810262130424,0E-17,ELIGIBLE,R03b_20260811_FULL_v1,L1_ELIGIBILITY,v2026-08-11,2026-03-21..2026-08-06,baccarat_bet02_101_all_pairs_incl_sentinel,round_win = game_pnl > 0 (decisive only),COMPATIBILITY_ONLY_NOT_PRODUCTION,12731.7143,11592.2902,-61.5438,1106,1105,0.00483390,,0.00483390,0.00483390,61.5438,12731.7143,OK,0.0000,-2.4618,4.0000,96.0000,AG03-UNRESOLVED,ALL5_LEVELS_bet23_to_bet27,-2.4618,-2.4618,-2.4618,-2.4618,-2.4618,4.000000,4.000000,4.000000,4.000000,4.000000,96.000000,96.000000,96.000000,96.000000,96.000000,5.0,-12.3088,-11.3627,-49.2350,-50.1811,PENDING_AG03,FALSE,NOT_FOR_ENFORCEMENT,-59.0821,11128.5986,-61.5438,-59.0821,-2.4618,-0.00483390,-0.00464054,-2.4618,-59.0821,-0.00464054,-2.4618,-2.4618,-2.4618,-2.4618,-2.4618,-59.0821,-0.00464054,-12.3088,-11.3627,-49.2350,-50.1811,-0.00386712,-0.00394143,-0.00019336,11.5115,10.4908,-0.0557,-1.6196,-0.1061,335.0451,29.0789,,11.5115,8.4025,10.5412,11.0045,21.0824,22.009,42.1647,10.5412,0.0,2.087904,4.0,1.09205,30,155,25,3,0E-8,-0.00483390,,0E-8,0.000000,0.910505,0.000000,,2026-03-23,2026-06-20,38,580,415,90,0.422222,,,0.000000,,,,,,,,GLOBAL_BASELINE_NO_ENTITY_RANKING,,,NOT_APPLICABLE_GLOBAL_BASELINE,HF9g-P5,,,,X 全窗基线 · 不参与实体赏罚,3928099,393,A168_HF9F_20260827_0900,2026-08-27 09:00:00
2026-04-14,145898681,2156,0,10.5411844075,-10.5411844075,-10.5411844075,0E-7,1,1,0.49324550000000000,0.493245500000,-0.9865810262130424,-0.9865810262130424,-0.9865810262130424,0E-17,ELIGIBLE,R03b_20260811_FULL_v1,L1_ELIGIBILITY,v2026-08-11,2026-03-21..2026-08-06,baccarat_bet02_101_all_pairs_incl_sentinel,round_win = game_pnl > 0 (decisive only),COMPATIBILITY_ONLY_NOT_PRODUCTION,12731.7143,11592.2902,-61.5438,1106,1105,0.00483390,,0.00483390,0.00483390,61.5438,12731.7143,OK,0.0000,-2.4618,4.0000,96.0000,AG03-UNRESOLVED,ALL5_LEVELS_bet23_to_bet27,-2.4618,-2.4618,-2.4618,-2.4618,-2.4618,4.000000,4.000000,4.000000,4.000000,4.000000,96.000000,96.000000,96.000000,96.000000,96.000000,5.0,-12.3088,-11.3627,-49.2350,-50.1811,PENDING_AG03,FALSE,NOT_FOR_ENFORCEMENT,-59.0821,11128.5986,-61.5438,-59.0821,-2.4618,-0.00483390,-0.00464054,-2.4618,-59.0821,-0.00464054,-2.4618,-2.4618,-2.4618,-2.4618,-2.4618,-59.0821,-0.00464054,-12.3088,-11.3627,-49.2350,-50.1811,-0.00386712,-0.00394143,-0.00019336,11.5115,10.4908,-0.0557,-1.6196,-0.1061,335.0451,29.0789,,11.5115,8.4025,10.5412,11.0045,21.0824,22.009,42.1647,10.5412,0.0,2.087904,4.0,1.09205,30,155,25,3,0E-8,-0.00483390,,0E-8,0.000000,0.910505,0.000000,,2026-03-23,2026-06-20,38,580,415,90,0.422222,,,0.000000,,,,,,,,GLOBAL_BASELINE_NO_ENTITY_RANKING,,,NOT_APPLICABLE_GLOBAL_BASELINE,HF9g-P5,,,,X 全窗基线 · 不参与实体赏罚,3928100,393,A168_HF9F_20260827_0900,2026-08-27 09:00:00
2026-04-14,145898681,2160,0,63.2471064449,21.0823688149,21.0823688149,0.5000000,2,2,0.49324550000000000,0.493245500000,0.01910635448239258,0.01910635448239258,0.01910635448239258,0E-17,ELIGIBLE,R03b_20260811_FULL_v1,L1_ELIGIBILITY,v2026-08-11,2026-03-21..2026-08-06,baccarat_bet02_101_all_pairs_incl_sentinel,round_win = game_pnl > 0 (decisive only),COMPATIBILITY_ONLY_NOT_PRODUCTION,12731.7143,11592.2902,-61.5438,1106,1105,0.00483390,,0.00483390,0.00483390,61.5438,12731.7143,OK,0.0000,-2.4618,4.0000,96.0000,AG03-UNRESOLVED,ALL5_LEVELS_bet23_to_bet27,-2.4618,-2.4618,-2.4618,-2.4618,-2.4618,4.000000,4.000000,4.000000,4.000000,4.000000,96.000000,96.000000,96.000000,96.000000,96.000000,5.0,-12.3088,-11.3627,-49.2350,-50.1811,PENDING_AG03,FALSE,NOT_FOR_ENFORCEMENT,-59.0821,11128.5986,-61.5438,-59.0821,-2.4618,-0.00483390,-0.00464054,-2.4618,-59.0821,-0.00464054,-2.4618,-2.4618,-2.4618,-2.4618,-2.4618,-59.0821,-0.00464054,-12.3088,-11.3627,-49.2350,-50.1811,-0.00386712,-0.00394143,-0.00019336,11.5115,10.4908,-0.0557,-1.6196,-0.1061,335.0451,29.0789,,11.5115,8.4025,10.5412,11.0045,21.0824,22.009,42.1647,10.5412,0.0,2.087904,4.0,1.09205,30,155,25,3,0E-8,-0.00483390,,0E-8,0.000000,0.910505,0.000000,,2026-03-23,2026-06-20,38,580,415,90,0.422222,,,0.000000,,,,,,,,GLOBAL_BASELINE_NO_ENTITY_RANKING,,,NOT_APPLICABLE_GLOBAL_BASELINE,HF9g-P5,,,,X 全窗基线 · 不参与实体赏罚,3928101,393,A168_HF9F_20260827_0900,2026-08-27 09:00:00
2026-04-14,145898681,2169,0,29.5153163410,7.4842409293,7.4842409293,0.5000000,4,4,0.49994810000000000,0.499948100000,0.00020760000111838688,0.00020760000111838688,0.00020760000111838688,0E-17,ELIGIBLE,R03b_20260811_FULL_v1,L1_ELIGIBILITY,v2026-08-11,2026-03-21..2026-08-06,baccarat_bet02_101_all_pairs_incl_sentinel,round_win = game_pnl > 0 (decisive only),COMPATIBILITY_ONLY_NOT_PRODUCTION,12731.7143,11592.2902,-61.5438,1106,1105,0.00483390,,0.00483390,0.00483390,61.5438,12731.7143,OK,0.0000,-2.4618,4.0000,96.0000,AG03-UNRESOLVED,ALL5_LEVELS_bet23_to_bet27,-2.4618,-2.4618,-2.4618,-2.4618,-2.4618,4.000000,4.000000,4.000000,4.000000,4.000000,96.000000,96.000000,96.000000,96.000000,96.000000,5.0,-12.3088,-11.3627,-49.2350,-50.1811,PENDING_AG03,FALSE,NOT_FOR_ENFORCEMENT,-59.0821,11128.5986,-61.5438,-59.0821,-2.4618,-0.00483390,-0.00464054,-2.4618,-59.0821,-0.00464054,-2.4618,-2.4618,-2.4618,-2.4618,-2.4618,-59.0821,-0.00464054,-12.3088,-11.3627,-49.2350,-50.1811,-0.00386712,-0.00394143,-0.00019336,11.5115,10.4908,-0.0557,-1.6196,-0.1061,335.0451,29.0789,,11.5115,8.4025,10.5412,11.0045,21.0824,22.009,42.1647,10.5412,0.0,2.087904,4.0,1.09205,30,155,25,3,0E-8,-0.00483390,,0E-8,0.000000,0.910505,0.000000,,2026-03-23,2026-06-20,38,580,415,90,0.422222,,,0.000000,,,,,,,,GLOBAL_BASELINE_NO_ENTITY_RANKING,,,NOT_APPLICABLE_GLOBAL_BASELINE,HF9g-P5,,,,X 全窗基线 · 不参与实体赏罚,3928102,393,A168_HF9F_20260827_0900,2026-08-27 09:00:00
2026-04-14,145898681,2170,0,31.6235532225,10.5411844075,10.5411844075,0.5000000,2,2,0.49324550000000000,0.493245500000,0.01910635448239258,0.01910635448239258,0.01910635448239258,0E-17,ELIGIBLE,R03b_20260811_FULL_v1,L1_ELIGIBILITY,v2026-08-11,2026-03-21..2026-08-06,baccarat_bet02_101_all_pairs_incl_sentinel,round_win = game_pnl > 0 (decisive only),COMPATIBILITY_ONLY_NOT_PRODUCTION,12731.7143,11592.2902,-61.5438,1106,1105,0.00483390,,0.00483390,0.00483390,61.5438,12731.7143,OK,0.0000,-2.4618,4.0000,96.0000,AG03-UNRESOLVED,ALL5_LEVELS_bet23_to_bet27,-2.4618,-2.4618,-2.4618,-2.4618,-2.4618,4.000000,4.000000,4.000000,4.000000,4.000000,96.000000,96.000000,96.000000,96.000000,96.000000,5.0,-12.3088,-11.3627,-49.2350,-50.1811,PENDING_AG03,FALSE,NOT_FOR_ENFORCEMENT,-59.0821,11128.5986,-61.5438,-59.0821,-2.4618,-0.00483390,-0.00464054,-2.4618,-59.0821,-0.00464054,-2.4618,-2.4618,-2.4618,-2.4618,-2.4618,-59.0821,-0.00464054,-12.3088,-11.3627,-49.2350,-50.1811,-0.00386712,-0.00394143,-0.00019336,11.5115,10.4908,-0.0557,-1.6196,-0.1061,335.0451,29.0789,,11.5115,8.4025,10.5412,11.0045,21.0824,22.009,42.1647,10.5412,0.0,2.087904,4.0,1.09205,30,155,25,3,0E-8,-0.00483390,,0E-8,0.000000,0.910505,0.000000,,2026-03-23,2026-06-20,38,580,415,90,0.422222,,,0.000000,,,,,,,,GLOBAL_BASELINE_NO_ENTITY_RANKING,,,NOT_APPLICABLE_GLOBAL_BASELINE,HF9g-P5,,,,X 全窗基线 · 不参与实体赏罚,3928103,393,A168_HF9F_20260827_0900,2026-08-27 09:00:00
2026-04-14,145898681,2174,0,63.2471064449,-63.2471064449,-63.2471064449,0E-7,2,2,0.49324550000000000,0.493245500000,-1.3952362676504506,-1.3952362676504506,-1.3952362676504506,0E-17,ELIGIBLE,R03b_20260811_FULL_v1,L1_ELIGIBILITY,v2026-08-11,2026-03-21..2026-08-06,baccarat_bet02_101_all_pairs_incl_sentinel,round_win = game_pnl > 0 (decisive only),COMPATIBILITY_ONLY_NOT_PRODUCTION,12731.7143,11592.2902,-61.5438,1106,1105,0.00483390,,0.00483390,0.00483390,61.5438,12731.7143,OK,0.0000,-2.4618,4.0000,96.0000,AG03-UNRESOLVED,ALL5_LEVELS_bet23_to_bet27,-2.4618,-2.4618,-2.4618,-2.4618,-2.4618,4.000000,4.000000,4.000000,4.000000,4.000000,96.000000,96.000000,96.000000,96.000000,96.000000,5.0,-12.3088,-11.3627,-49.2350,-50.1811,PENDING_AG03,FALSE,NOT_FOR_ENFORCEMENT,-59.0821,11128.5986,-61.5438,-59.0821,-2.4618,-0.00483390,-0.00464054,-2.4618,-59.0821,-0.00464054,-2.4618,-2.4618,-2.4618,-2.4618,-2.4618,-59.0821,-0.00464054,-12.3088,-11.3627,-49.2350,-50.1811,-0.00386712,-0.00394143,-0.00019336,11.5115,10.4908,-0.0557,-1.6196,-0.1061,335.0451,29.0789,,11.5115,8.4025,10.5412,11.0045,21.0824,22.009,42.1647,10.5412,0.0,2.087904,4.0,1.09205,30,155,25,3,0E-8,-0.00483390,,0E-8,0.000000,0.910505,0.000000,,2026-03-23,2026-06-20,38,580,415,90,0.422222,,,0.000000,,,,,,,,GLOBAL_BASELINE_NO_ENTITY_RANKING,,,NOT_APPLICABLE_GLOBAL_BASELINE,HF9g-P5,,,,X 全窗基线 · 不参与实体赏罚,3928104,393,A168_HF9F_20260827_0900,2026-08-27 09:00:00
2026-04-14,145898681,2177,0,73.7882908525,31.0964940021,31.0964940021,0.6666667,6,6,0.49547970000000000,0.495479700000,0.83867571210634,0.83867571210634,0.83867571210634,0E-17,ELIGIBLE,R03b_20260811_FULL_v1,L1_ELIGIBILITY,v2026-08-11,2026-03-21..2026-08-06,baccarat_bet02_101_all_pairs_incl_sentinel,round_win = game_pnl > 0 (decisive only),COMPATIBILITY_ONLY_NOT_PRODUCTION,12731.7143,11592.2902,-61.5438,1106,1105,0.00483390,,0.00483390,0.00483390,61.5438,12731.7143,OK,0.0000,-2.4618,4.0000,96.0000,AG03-UNRESOLVED,ALL5_LEVELS_bet23_to_bet27,-2.4618,-2.4618,-2.4618,-2.4618,-2.4618,4.000000,4.000000,4.000000,4.000000,4.000000,96.000000,96.000000,96.000000,96.000000,96.000000,5.0,-12.3088,-11.3627,-49.2350,-50.1811,PENDING_AG03,FALSE,NOT_FOR_ENFORCEMENT,-59.0821,11128.5986,-61.5438,-59.0821,-2.4618,-0.00483390,-0.00464054,-2.4618,-59.0821,-0.00464054,-2.4618,-2.4618,-2.4618,-2.4618,-2.4618,-59.0821,-0.00464054,-12.3088,-11.3627,-49.2350,-50.1811,-0.00386712,-0.00394143,-0.00019336,11.5115,10.4908,-0.0557,-1.6196,-0.1061,335.0451,29.0789,,11.5115,8.4025,10.5412,11.0045,21.0824,22.009,42.1647,10.5412,0.0,2.087904,4.0,1.09205,30,155,25,3,0E-8,-0.00483390,,0E-8,0.000000,0.910505,0.000000,,2026-03-23,2026-06-20,38,580,415,90,0.422222,,,0.000000,,,,,,,,GLOBAL_BASELINE_NO_ENTITY_RANKING,,,NOT_APPLICABLE_GLOBAL_BASELINE,HF9g-P5,,,,X 全窗基线 · 不参与实体赏罚,3928105,393,A168_HF9F_20260827_0900,2026-08-27 09:00:00
2026-04-14,145898681,2205,0,10.5411844075,0E-10,0E-10,,1,1,0.49324550000000000,0.493245500000,,,,0E-17,NO_DECISIVE_ROUND,R03b_20260811_FULL_v1,L1_ELIGIBILITY,v2026-08-11,2026-03-21..2026-08-06,baccarat_bet02_101_all_pairs_incl_sentinel,round_win = game_pnl > 0 (decisive only),COMPATIBILITY_ONLY_NOT_PRODUCTION,12731.7143,11592.2902,-61.5438,1106,1105,0.00483390,,0.00483390,0.00483390,61.5438,12731.7143,OK,0.0000,-2.4618,4.0000,96.0000,AG03-UNRESOLVED,ALL5_LEVELS_bet23_to_bet27,-2.4618,-2.4618,-2.4618,-2.4618,-2.4618,4.000000,4.000000,4.000000,4.000000,4.000000,96.000000,96.000000,96.000000,96.000000,96.000000,5.0,-12.3088,-11.3627,-49.2350,-50.1811,PENDING_AG03,FALSE,NOT_FOR_ENFORCEMENT,-59.0821,11128.5986,-61.5438,-59.0821,-2.4618,-0.00483390,-0.00464054,-2.4618,-59.0821,-0.00464054,-2.4618,-2.4618,-2.4618,-2.4618,-2.4618,-59.0821,-0.00464054,-12.3088,-11.3627,-49.2350,-50.1811,-0.00386712,-0.00394143,-0.00019336,11.5115,10.4908,-0.0557,-1.6196,-0.1061,335.0451,29.0789,,11.5115,8.4025,10.5412,11.0045,21.0824,22.009,42.1647,10.5412,0.0,2.087904,4.0,1.09205,30,155,25,3,0E-8,-0.00483390,,0E-8,0.000000,0.910505,0.000000,,2026-03-23,2026-06-20,38,580,415,90,0.422222,,,0.000000,,,,,,,,GLOBAL_BASELINE_NO_ENTITY_RANKING,,,NOT_APPLICABLE_GLOBAL_BASELINE,HF9g-P5,,,,X 全窗基线 · 不参与实体赏罚,3928106,393,A168_HF9F_20260827_0900,2026-08-27 09:00:00
2026-04-14,145898681,2212,0,10.5411844075,10.5411844075,10.5411844075,1.0000000,1,1,0.49324550000000000,0.493245500000,1.01360149184955,1.01360149184955,1.01360149184955,0E-17,ELIGIBLE,R03b_20260811_FULL_v1,L1_ELIGIBILITY,v2026-08-11,2026-03-21..2026-08-06,baccarat_bet02_101_all_pairs_incl_sentinel,round_win = game_pnl > 0 (decisive only),COMPATIBILITY_ONLY_NOT_PRODUCTION,12731.7143,11592.2902,-61.5438,1106,1105,0.00483390,,0.00483390,0.00483390,61.5438,12731.7143,OK,0.0000,-2.4618,4.0000,96.0000,AG03-UNRESOLVED,ALL5_LEVELS_bet23_to_bet27,-2.4618,-2.4618,-2.4618,-2.4618,-2.4618,4.000000,4.000000,4.000000,4.000000,4.000000,96.000000,96.000000,96.000000,96.000000,96.000000,5.0,-12.3088,-11.3627,-49.2350,-50.1811,PENDING_AG03,FALSE,NOT_FOR_ENFORCEMENT,-59.0821,11128.5986,-61.5438,-59.0821,-2.4618,-0.00483390,-0.00464054,-2.4618,-59.0821,-0.00464054,-2.4618,-2.4618,-2.4618,-2.4618,-2.4618,-59.0821,-0.00464054,-12.3088,-11.3627,-49.2350,-50.1811,-0.00386712,-0.00394143,-0.00019336,11.5115,10.4908,-0.0557,-1.6196,-0.1061,335.0451,29.0789,,11.5115,8.4025,10.5412,11.0045,21.0824,22.009,42.1647,10.5412,0.0,2.087904,4.0,1.09205,30,155,25,3,0E-8,-0.00483390,,0E-8,0.000000,0.910505,0.000000,,2026-03-23,2026-06-20,38,580,415,90,0.422222,,,0.000000,,,,,,,,GLOBAL_BASELINE_NO_ENTITY_RANKING,,,NOT_APPLICABLE_GLOBAL_BASELINE,HF9g-P5,,,,X 全窗基线 · 不参与实体赏罚,3928107,393,A168_HF9F_20260827_0900,2026-08-27 09:00:00
2026-04-14,145898681,2218,0,21.0823688150,0E-10,0E-10,0.5000000,2,2,0.49324550000000000,0.493245500000,0.01910635448239258,0.01910635448239258,0.01910635448239258,0E-17,ELIGIBLE,R03b_20260811_FULL_v1,L1_ELIGIBILITY,v2026-08-11,2026-03-21..2026-08-06,baccarat_bet02_101_all_pairs_incl_sentinel,round_win = game_pnl > 0 (decisive only),COMPATIBILITY_ONLY_NOT_PRODUCTION,12731.7143,11592.2902,-61.5438,1106,1105,0.00483390,,0.00483390,0.00483390,61.5438,12731.7143,OK,0.0000,-2.4618,4.0000,96.0000,AG03-UNRESOLVED,ALL5_LEVELS_bet23_to_bet27,-2.4618,-2.4618,-2.4618,-2.4618,-2.4618,4.000000,4.000000,4.000000,4.000000,4.000000,96.000000,96.000000,96.000000,96.000000,96.000000,5.0,-12.3088,-11.3627,-49.2350,-50.1811,PENDING_AG03,FALSE,NOT_FOR_ENFORCEMENT,-59.0821,11128.5986,-61.5438,-59.0821,-2.4618,-0.00483390,-0.00464054,-2.4618,-59.0821,-0.00464054,-2.4618,-2.4618,-2.4618,-2.4618,-2.4618,-59.0821,-0.00464054,-12.3088,-11.3627,-49.2350,-50.1811,-0.00386712,-0.00394143,-0.00019336,11.5115,10.4908,-0.0557,-1.6196,-0.1061,335.0451,29.0789,,11.5115,8.4025,10.5412,11.0045,21.0824,22.009,42.1647,10.5412,0.0,2.087904,4.0,1.09205,30,155,25,3,0E-8,-0.00483390,,0E-8,0.000000,0.910505,0.000000,,2026-03-23,2026-06-20,38,580,415,90,0.422222,,,0.000000,,,,,,,,GLOBAL_BASELINE_NO_ENTITY_RANKING,,,NOT_APPLICABLE_GLOBAL_BASELINE,HF9g-P5,,,,X 全窗基线 · 不参与实体赏罚,3928108,393,A168_HF9F_20260827_0900,2026-08-27 09:00:00
2026-04-14,145898681,2220,0,4.2164737630,4.2164737630,4.2164737630,1.0000000,1,1,0.49324550000000000,0.493245500000,1.01360149184955,1.01360149184955,1.01360149184955,0E-17,ELIGIBLE,R03b_20260811_FULL_v1,L1_ELIGIBILITY,v2026-08-11,2026-03-21..2026-08-06,baccarat_bet02_101_all_pairs_incl_sentinel,round_win = game_pnl > 0 (decisive only),COMPATIBILITY_ONLY_NOT_PRODUCTION,12731.7143,11592.2902,-61.5438,1106,1105,0.00483390,,0.00483390,0.00483390,61.5438,12731.7143,OK,0.0000,-2.4618,4.0000,96.0000,AG03-UNRESOLVED,ALL5_LEVELS_bet23_to_bet27,-2.4618,-2.4618,-2.4618,-2.4618,-2.4618,4.000000,4.000000,4.000000,4.000000,4.000000,96.000000,96.000000,96.000000,96.000000,96.000000,5.0,-12.3088,-11.3627,-49.2350,-50.1811,PENDING_AG03,FALSE,NOT_FOR_ENFORCEMENT,-59.0821,11128.5986,-61.5438,-59.0821,-2.4618,-0.00483390,-0.00464054,-2.4618,-59.0821,-0.00464054,-2.4618,-2.4618,-2.4618,-2.4618,-2.4618,-59.0821,-0.00464054,-12.3088,-11.3627,-49.2350,-50.1811,-0.00386712,-0.00394143,-0.00019336,11.5115,10.4908,-0.0557,-1.6196,-0.1061,335.0451,29.0789,,11.5115,8.4025,10.5412,11.0045,21.0824,22.009,42.1647,10.5412,0.0,2.087904,4.0,1.09205,30,155,25,3,0E-8,-0.00483390,,0E-8,0.000000,0.910505,0.000000,,2026-03-23,2026-06-20,38,580,415,90,0.422222,,,0.000000,,,,,,,,GLOBAL_BASELINE_NO_ENTITY_RANKING,,,NOT_APPLICABLE_GLOBAL_BASELINE,HF9g-P5,,,,X 全窗基线 · 不参与实体赏罚,3928109,393,A168_HF9F_20260827_0900,2026-08-27 09:00:00
2026-04-14,145898681,2222,0,16.8658950520,12.5440094449,12.5440094449,0.7500000,5,4,0.44509081250000000,0.445090812500,1.227058402781087,1.227058402781087,1.227058402781087,0E-17,ELIGIBLE,R03b_20260811_FULL_v1,L1_ELIGIBILITY,v2026-08-11,2026-03-21..2026-08-06,baccarat_bet02_101_all_pairs_incl_sentinel,round_win = game_pnl > 0 (decisive only),COMPATIBILITY_ONLY_NOT_PRODUCTION,12731.7143,11592.2902,-61.5438,1106,1105,0.00483390,,0.00483390,0.00483390,61.5438,12731.7143,OK,0.0000,-2.4618,4.0000,96.0000,AG03-UNRESOLVED,ALL5_LEVELS_bet23_to_bet27,-2.4618,-2.4618,-2.4618,-2.4618,-2.4618,4.000000,4.000000,4.000000,4.000000,4.000000,96.000000,96.000000,96.000000,96.000000,96.000000,5.0,-12.3088,-11.3627,-49.2350,-50.1811,PENDING_AG03,FALSE,NOT_FOR_ENFORCEMENT,-59.0821,11128.5986,-61.5438,-59.0821,-2.4618,-0.00483390,-0.00464054,-2.4618,-59.0821,-0.00464054,-2.4618,-2.4618,-2.4618,-2.4618,-2.4618,-59.0821,-0.00464054,-12.3088,-11.3627,-49.2350,-50.1811,-0.00386712,-0.00394143,-0.00019336,11.5115,10.4908,-0.0557,-1.6196,-0.1061,335.0451,29.0789,,11.5115,8.4025,10.5412,11.0045,21.0824,22.009,42.1647,10.5412,0.0,2.087904,4.0,1.09205,30,155,25,3,0E-8,-0.00483390,,0E-8,0.000000,0.910505,0.000000,,2026-03-23,2026-06-20,38,580,415,90,0.422222,,,0.000000,,,,,,,,GLOBAL_BASELINE_NO_ENTITY_RANKING,,,NOT_APPLICABLE_GLOBAL_BASELINE,HF9g-P5,,,,X 全窗基线 · 不参与实体赏罚,3928110,393,A168_HF9F_20260827_0900,2026-08-27 09:00:00
2026-04-14,145898681,2224,0,10.5411844075,-10.5411844075,-10.5411844075,0E-7,1,1,0.49324550000000000,0.493245500000,-0.9865810262130424,-0.9865810262130424,-0.9865810262130424,0E-17,ELIGIBLE,R03b_20260811_FULL_v1,L1_ELIGIBILITY,v2026-08-11,2026-03-21..2026-08-06,baccarat_bet02_101_all_pairs_incl_sentinel,round_win = game_pnl > 0 (decisive only),COMPATIBILITY_ONLY_NOT_PRODUCTION,12731.7143,11592.2902,-61.5438,1106,1105,0.00483390,,0.00483390,0.00483390,61.5438,12731.7143,OK,0.0000,-2.4618,4.0000,96.0000,AG03-UNRESOLVED,ALL5_LEVELS_bet23_to_bet27,-2.4618,-2.4618,-2.4618,-2.4618,-2.4618,4.000000,4.000000,4.000000,4.000000,4.000000,96.000000,96.000000,96.000000,96.000000,96.000000,5.0,-12.3088,-11.3627,-49.2350,-50.1811,PENDING_AG03,FALSE,NOT_FOR_ENFORCEMENT,-59.0821,11128.5986,-61.5438,-59.0821,-2.4618,-0.00483390,-0.00464054,-2.4618,-59.0821,-0.00464054,-2.4618,-2.4618,-2.4618,-2.4618,-2.4618,-59.0821,-0.00464054,-12.3088,-11.3627,-49.2350,-50.1811,-0.00386712,-0.00394143,-0.00019336,11.5115,10.4908,-0.0557,-1.6196,-0.1061,335.0451,29.0789,,11.5115,8.4025,10.5412,11.0045,21.0824,22.009,42.1647,10.5412,0.0,2.087904,4.0,1.09205,30,155,25,3,0E-8,-0.00483390,,0E-8,0.000000,0.910505,0.000000,,2026-03-23,2026-06-20,38,580,415,90,0.422222,,,0.000000,,,,,,,,GLOBAL_BASELINE_NO_ENTITY_RANKING,,,NOT_APPLICABLE_GLOBAL_BASELINE,HF9g-P5,,,,X 全窗基线 · 不参与实体赏罚,3928111,393,A168_HF9F_20260827_0900,2026-08-27 09:00:00
2026-04-14,145898681,2229,0,50.5976851560,33.2047308836,33.2047308836,0.7500000,4,4,0.49659680000000000,0.496596800000,1.0136362796769356,1.0136362796769358,1.0136362796769356,0E-17,ELIGIBLE,R03b_20260811_FULL_v1,L1_ELIGIBILITY,v2026-08-11,2026-03-21..2026-08-06,baccarat_bet02_101_all_pairs_incl_sentinel,round_win = game_pnl > 0 (decisive only),COMPATIBILITY_ONLY_NOT_PRODUCTION,12731.7143,11592.2902,-61.5438,1106,1105,0.00483390,,0.00483390,0.00483390,61.5438,12731.7143,OK,0.0000,-2.4618,4.0000,96.0000,AG03-UNRESOLVED,ALL5_LEVELS_bet23_to_bet27,-2.4618,-2.4618,-2.4618,-2.4618,-2.4618,4.000000,4.000000,4.000000,4.000000,4.000000,96.000000,96.000000,96.000000,96.000000,96.000000,5.0,-12.3088,-11.3627,-49.2350,-50.1811,PENDING_AG03,FALSE,NOT_FOR_ENFORCEMENT,-59.0821,11128.5986,-61.5438,-59.0821,-2.4618,-0.00483390,-0.00464054,-2.4618,-59.0821,-0.00464054,-2.4618,-2.4618,-2.4618,-2.4618,-2.4618,-59.0821,-0.00464054,-12.3088,-11.3627,-49.2350,-50.1811,-0.00386712,-0.00394143,-0.00019336,11.5115,10.4908,-0.0557,-1.6196,-0.1061,335.0451,29.0789,,11.5115,8.4025,10.5412,11.0045,21.0824,22.009,42.1647,10.5412,0.0,2.087904,4.0,1.09205,30,155,25,3,0E-8,-0.00483390,,0E-8,0.000000,0.910505,0.000000,,2026-03-23,2026-06-20,38,580,415,90,0.422222,,,0.000000,,,,,,,,GLOBAL_BASELINE_NO_ENTITY_RANKING,,,NOT_APPLICABLE_GLOBAL_BASELINE,HF9g-P5,,,,X 全窗基线 · 不参与实体赏罚,3928112,393,A168_HF9F_20260827_0900,2026-08-27 09:00:00
2026-04-14,145898681,2235,0,271.9625577131,168.6589505197,168.6589505197,0.8333333,12,12,0.49771390000000000,0.497713900000,2.325263947126596,2.325263947126596,2.325263947126596,0E-17,ELIGIBLE,R03b_20260811_FULL_v1,L1_ELIGIBILITY,v2026-08-11,2026-03-21..2026-08-06,baccarat_bet02_101_all_pairs_incl_sentinel,round_win = game_pnl > 0 (decisive only),COMPATIBILITY_ONLY_NOT_PRODUCTION,12731.7143,11592.2902,-61.5438,1106,1105,0.00483390,,0.00483390,0.00483390,61.5438,12731.7143,OK,0.0000,-2.4618,4.0000,96.0000,AG03-UNRESOLVED,ALL5_LEVELS_bet23_to_bet27,-2.4618,-2.4618,-2.4618,-2.4618,-2.4618,4.000000,4.000000,4.000000,4.000000,4.000000,96.000000,96.000000,96.000000,96.000000,96.000000,5.0,-12.3088,-11.3627,-49.2350,-50.1811,PENDING_AG03,FALSE,NOT_FOR_ENFORCEMENT,-59.0821,11128.5986,-61.5438,-59.0821,-2.4618,-0.00483390,-0.00464054,-2.4618,-59.0821,-0.00464054,-2.4618,-2.4618,-2.4618,-2.4618,-2.4618,-59.0821,-0.00464054,-12.3088,-11.3627,-49.2350,-50.1811,-0.00386712,-0.00394143,-0.00019336,11.5115,10.4908,-0.0557,-1.6196,-0.1061,335.0451,29.0789,,11.5115,8.4025,10.5412,11.0045,21.0824,22.009,42.1647,10.5412,0.0,2.087904,4.0,1.09205,30,155,25,3,0E-8,-0.00483390,,0E-8,0.000000,0.910505,0.000000,,2026-03-23,2026-06-20,38,580,415,90,0.422222,,,0.000000,,,,,,,,GLOBAL_BASELINE_NO_ENTITY_RANKING,,,NOT_APPLICABLE_GLOBAL_BASELINE,HF9g-P5,,,,X 全窗基线 · 不参与实体赏罚,3928113,393,A168_HF9F_20260827_0900,2026-08-27 09:00:00
2026-04-14,145898681,2239,0,137.0353972974,73.7882908524,73.7882908524,0.6666667,6,6,0.49324550000000000,0.493245500000,0.8496642703256836,0.8496642703256835,0.8496642703256836,0E-17,ELIGIBLE,R03b_20260811_FULL_v1,L1_ELIGIBILITY,v2026-08-11,2026-03-21..2026-08-06,baccarat_bet02_101_all_pairs_incl_sentinel,round_win = game_pnl > 0 (decisive only),COMPATIBILITY_ONLY_NOT_PRODUCTION,12731.7143,11592.2902,-61.5438,1106,1105,0.00483390,,0.00483390,0.00483390,61.5438,12731.7143,OK,0.0000,-2.4618,4.0000,96.0000,AG03-UNRESOLVED,ALL5_LEVELS_bet23_to_bet27,-2.4618,-2.4618,-2.4618,-2.4618,-2.4618,4.000000,4.000000,4.000000,4.000000,4.000000,96.000000,96.000000,96.000000,96.000000,96.000000,5.0,-12.3088,-11.3627,-49.2350,-50.1811,PENDING_AG03,FALSE,NOT_FOR_ENFORCEMENT,-59.0821,11128.5986,-61.5438,-59.0821,-2.4618,-0.00483390,-0.00464054,-2.4618,-59.0821,-0.00464054,-2.4618,-2.4618,-2.4618,-2.4618,-2.4618,-59.0821,-0.00464054,-12.3088,-11.3627,-49.2350,-50.1811,-0.00386712,-0.00394143,-0.00019336,11.5115,10.4908,-0.0557,-1.6196,-0.1061,335.0451,29.0789,,11.5115,8.4025,10.5412,11.0045,21.0824,22.009,42.1647,10.5412,0.0,2.087904,4.0,1.09205,30,155,25,3,0E-8,-0.00483390,,0E-8,0.000000,0.910505,0.000000,,2026-03-23,2026-06-20,38,580,415,90,0.422222,,,0.000000,,,,,,,,GLOBAL_BASELINE_NO_ENTITY_RANKING,,,NOT_APPLICABLE_GLOBAL_BASELINE,HF9g-P5,,,,X 全窗基线 · 不参与实体赏罚,3928114,393,A168_HF9F_20260827_0900,2026-08-27 09:00:00
2026-04-14,145898681,2251,0,31.6235532225,-10.5411844075,-10.5411844075,0.5000000,2,2,0.49324550000000000,0.493245500000,0.01910635448239258,0.01910635448239258,0.01910635448239258,0E-17,ELIGIBLE,R03b_20260811_FULL_v1,L1_ELIGIBILITY,v2026-08-11,2026-03-21..2026-08-06,baccarat_bet02_101_all_pairs_incl_sentinel,round_win = game_pnl > 0 (decisive only),COMPATIBILITY_ONLY_NOT_PRODUCTION,12731.7143,11592.2902,-61.5438,1106,1105,0.00483390,,0.00483390,0.00483390,61.5438,12731.7143,OK,0.0000,-2.4618,4.0000,96.0000,AG03-UNRESOLVED,ALL5_LEVELS_bet23_to_bet27,-2.4618,-2.4618,-2.4618,-2.4618,-2.4618,4.000000,4.000000,4.000000,4.000000,4.000000,96.000000,96.000000,96.000000,96.000000,96.000000,5.0,-12.3088,-11.3627,-49.2350,-50.1811,PENDING_AG03,FALSE,NOT_FOR_ENFORCEMENT,-59.0821,11128.5986,-61.5438,-59.0821,-2.4618,-0.00483390,-0.00464054,-2.4618,-59.0821,-0.00464054,-2.4618,-2.4618,-2.4618,-2.4618,-2.4618,-59.0821,-0.00464054,-12.3088,-11.3627,-49.2350,-50.1811,-0.00386712,-0.00394143,-0.00019336,11.5115,10.4908,-0.0557,-1.6196,-0.1061,335.0451,29.0789,,11.5115,8.4025,10.5412,11.0045,21.0824,22.009,42.1647,10.5412,0.0,2.087904,4.0,1.09205,30,155,25,3,0E-8,-0.00483390,,0E-8,0.000000,0.910505,0.000000,,2026-03-23,2026-06-20,38,580,415,90,0.422222,,,0.000000,,,,,,,,GLOBAL_BASELINE_NO_ENTITY_RANKING,,,NOT_APPLICABLE_GLOBAL_BASELINE,HF9g-P5,,,,X 全窗基线 · 不参与实体赏罚,3928115,393,A168_HF9F_20260827_0900,2026-08-27 09:00:00
2026-04-14,145898681,2254,0,21.0823688150,0E-10,0E-10,,1,1,0.49324550000000000,0.493245500000,,,,0E-17,NO_DECISIVE_ROUND,R03b_20260811_FULL_v1,L1_ELIGIBILITY,v2026-08-11,2026-03-21..2026-08-06,baccarat_bet02_101_all_pairs_incl_sentinel,round_win = game_pnl > 0 (decisive only),COMPATIBILITY_ONLY_NOT_PRODUCTION,12731.7143,11592.2902,-61.5438,1106,1105,0.00483390,,0.00483390,0.00483390,61.5438,12731.7143,OK,0.0000,-2.4618,4.0000,96.0000,AG03-UNRESOLVED,ALL5_LEVELS_bet23_to_bet27,-2.4618,-2.4618,-2.4618,-2.4618,-2.4618,4.000000,4.000000,4.000000,4.000000,4.000000,96.000000,96.000000,96.000000,96.000000,96.000000,5.0,-12.3088,-11.3627,-49.2350,-50.1811,PENDING_AG03,FALSE,NOT_FOR_ENFORCEMENT,-59.0821,11128.5986,-61.5438,-59.0821,-2.4618,-0.00483390,-0.00464054,-2.4618,-59.0821,-0.00464054,-2.4618,-2.4618,-2.4618,-2.4618,-2.4618,-59.0821,-0.00464054,-12.3088,-11.3627,-49.2350,-50.1811,-0.00386712,-0.00394143,-0.00019336,11.5115,10.4908,-0.0557,-1.6196,-0.1061,335.0451,29.0789,,11.5115,8.4025,10.5412,11.0045,21.0824,22.009,42.1647,10.5412,0.0,2.087904,4.0,1.09205,30,155,25,3,0E-8,-0.00483390,,0E-8,0.000000,0.910505,0.000000,,2026-03-23,2026-06-20,38,580,415,90,0.422222,,,0.000000,,,,,,,,GLOBAL_BASELINE_NO_ENTITY_RANKING,,,NOT_APPLICABLE_GLOBAL_BASELINE,HF9g-P5,,,,X 全窗基线 · 不参与实体赏罚,3928116,393,A168_HF9F_20260827_0900,2026-08-27 09:00:00
2026-04-14,145898681,2256,0,10.5411844075,-10.5411844075,-10.5411844075,0E-7,1,1,0.49324550000000000,0.493245500000,-0.9865810262130424,-0.9865810262130424,-0.9865810262130424,0E-17,ELIGIBLE,R03b_20260811_FULL_v1,L1_ELIGIBILITY,v2026-08-11,2026-03-21..2026-08-06,baccarat_bet02_101_all_pairs_incl_sentinel,round_win = game_pnl > 0 (decisive only),COMPATIBILITY_ONLY_NOT_PRODUCTION,12731.7143,11592.2902,-61.5438,1106,1105,0.00483390,,0.00483390,0.00483390,61.5438,12731.7143,OK,0.0000,-2.4618,4.0000,96.0000,AG03-UNRESOLVED,ALL5_LEVELS_bet23_to_bet27,-2.4618,-2.4618,-2.4618,-2.4618,-2.4618,4.000000,4.000000,4.000000,4.000000,4.000000,96.000000,96.000000,96.000000,96.000000,96.000000,5.0,-12.3088,-11.3627,-49.2350,-50.1811,PENDING_AG03,FALSE,NOT_FOR_ENFORCEMENT,-59.0821,11128.5986,-61.5438,-59.0821,-2.4618,-0.00483390,-0.00464054,-2.4618,-59.0821,-0.00464054,-2.4618,-2.4618,-2.4618,-2.4618,-2.4618,-59.0821,-0.00464054,-12.3088,-11.3627,-49.2350,-50.1811,-0.00386712,-0.00394143,-0.00019336,11.5115,10.4908,-0.0557,-1.6196,-0.1061,335.0451,29.0789,,11.5115,8.4025,10.5412,11.0045,21.0824,22.009,42.1647,10.5412,0.0,2.087904,4.0,1.09205,30,155,25,3,0E-8,-0.00483390,,0E-8,0.000000,0.910505,0.000000,,2026-03-23,2026-06-20,38,580,415,90,0.422222,,,0.000000,,,,,,,,GLOBAL_BASELINE_NO_ENTITY_RANKING,,,NOT_APPLICABLE_GLOBAL_BASELINE,HF9g-P5,,,,X 全窗基线 · 不参与实体赏罚,3928117,393,A168_HF9F_20260827_0900,2026-08-27 09:00:00
2026-04-14,145898681,2266,0,10.5411844075,-10.5411844075,-10.5411844075,0E-7,1,1,0.49324550000000000,0.493245500000,-0.9865810262130424,-0.9865810262130424,-0.9865810262130424,0E-17,ELIGIBLE,R03b_20260811_FULL_v1,L1_ELIGIBILITY,v2026-08-11,2026-03-21..2026-08-06,baccarat_bet02_101_all_pairs_incl_sentinel,round_win = game_pnl > 0 (decisive only),COMPATIBILITY_ONLY_NOT_PRODUCTION,12731.7143,11592.2902,-61.5438,1106,1105,0.00483390,,0.00483390,0.00483390,61.5438,12731.7143,OK,0.0000,-2.4618,4.0000,96.0000,AG03-UNRESOLVED,ALL5_LEVELS_bet23_to_bet27,-2.4618,-2.4618,-2.4618,-2.4618,-2.4618,4.000000,4.000000,4.000000,4.000000,4.000000,96.000000,96.000000,96.000000,96.000000,96.000000,5.0,-12.3088,-11.3627,-49.2350,-50.1811,PENDING_AG03,FALSE,NOT_FOR_ENFORCEMENT,-59.0821,11128.5986,-61.5438,-59.0821,-2.4618,-0.00483390,-0.00464054,-2.4618,-59.0821,-0.00464054,-2.4618,-2.4618,-2.4618,-2.4618,-2.4618,-59.0821,-0.00464054,-12.3088,-11.3627,-49.2350,-50.1811,-0.00386712,-0.00394143,-0.00019336,11.5115,10.4908,-0.0557,-1.6196,-0.1061,335.0451,29.0789,,11.5115,8.4025,10.5412,11.0045,21.0824,22.009,42.1647,10.5412,0.0,2.087904,4.0,1.09205,30,155,25,3,0E-8,-0.00483390,,0E-8,0.000000,0.910505,0.000000,,2026-03-23,2026-06-20,38,580,415,90,0.422222,,,0.000000,,,,,,,,GLOBAL_BASELINE_NO_ENTITY_RANKING,,,NOT_APPLICABLE_GLOBAL_BASELINE,HF9g-P5,,,,X 全窗基线 · 不参与实体赏罚,3928118,393,A168_HF9F_20260827_0900,2026-08-27 09:00:00
2026-04-14,145898681,526,0,84.3294752599,63.2471064449,63.2471064449,1.0000000,2,2,0.49324550000000000,0.493245500000,1.01360149184955,1.01360149184955,1.01360149184955,0E-17,ELIGIBLE,R03b_20260811_FULL_v1,L1_ELIGIBILITY,v2026-08-11,2026-03-21..2026-08-06,baccarat_bet02_101_all_pairs_incl_sentinel,round_win = game_pnl > 0 (decisive only),COMPATIBILITY_ONLY_NOT_PRODUCTION,12731.7143,11592.2902,-61.5438,1106,1105,0.00483390,,0.00483390,0.00483390,61.5438,12731.7143,OK,0.0000,-2.4618,4.0000,96.0000,AG03-UNRESOLVED,ALL5_LEVELS_bet23_to_bet27,-2.4618,-2.4618,-2.4618,-2.4618,-2.4618,4.000000,4.000000,4.000000,4.000000,4.000000,96.000000,96.000000,96.000000,96.000000,96.000000,5.0,-12.3088,-11.3627,-49.2350,-50.1811,PENDING_AG03,FALSE,NOT_FOR_ENFORCEMENT,-59.0821,11128.5986,-61.5438,-59.0821,-2.4618,-0.00483390,-0.00464054,-2.4618,-59.0821,-0.00464054,-2.4618,-2.4618,-2.4618,-2.4618,-2.4618,-59.0821,-0.00464054,-12.3088,-11.3627,-49.2350,-50.1811,-0.00386712,-0.00394143,-0.00019336,11.5115,10.4908,-0.0557,-1.6196,-0.1061,335.0451,29.0789,,11.5115,8.4025,10.5412,11.0045,21.0824,22.009,42.1647,10.5412,0.0,2.087904,4.0,1.09205,30,155,25,3,0E-8,-0.00483390,,0E-8,0.000000,0.910505,0.000000,,2026-03-23,2026-06-20,38,580,415,90,0.422222,,,0.000000,,,,,,,,GLOBAL_BASELINE_NO_ENTITY_RANKING,,,NOT_APPLICABLE_GLOBAL_BASELINE,HF9g-P5,,,,X 全窗基线 · 不参与实体赏罚,3928119,393,A168_HF9F_20260827_0900,2026-08-27 09:00:00
2026-04-14,145898681,595,0,105.4118440748,0E-10,0E-10,0.5000000,4,4,0.49324550000000000,0.493245500000,0.027020465636507562,0.027020465636507562,0.027020465636507562,0E-17,ELIGIBLE,R03b_20260811_FULL_v1,L1_ELIGIBILITY,v2026-08-11,2026-03-21..2026-08-06,baccarat_bet02_101_all_pairs_incl_sentinel,round_win = game_pnl > 0 (decisive only),COMPATIBILITY_ONLY_NOT_PRODUCTION,12731.7143,11592.2902,-61.5438,1106,1105,0.00483390,,0.00483390,0.00483390,61.5438,12731.7143,OK,0.0000,-2.4618,4.0000,96.0000,AG03-UNRESOLVED,ALL5_LEVELS_bet23_to_bet27,-2.4618,-2.4618,-2.4618,-2.4618,-2.4618,4.000000,4.000000,4.000000,4.000000,4.000000,96.000000,96.000000,96.000000,96.000000,96.000000,5.0,-12.3088,-11.3627,-49.2350,-50.1811,PENDING_AG03,FALSE,NOT_FOR_ENFORCEMENT,-59.0821,11128.5986,-61.5438,-59.0821,-2.4618,-0.00483390,-0.00464054,-2.4618,-59.0821,-0.00464054,-2.4618,-2.4618,-2.4618,-2.4618,-2.4618,-59.0821,-0.00464054,-12.3088,-11.3627,-49.2350,-50.1811,-0.00386712,-0.00394143,-0.00019336,11.5115,10.4908,-0.0557,-1.6196,-0.1061,335.0451,29.0789,,11.5115,8.4025,10.5412,11.0045,21.0824,22.009,42.1647,10.5412,0.0,2.087904,4.0,1.09205,30,155,25,3,0E-8,-0.00483390,,0E-8,0.000000,0.910505,0.000000,,2026-03-23,2026-06-20,38,580,415,90,0.422222,,,0.000000,,,,,,,,GLOBAL_BASELINE_NO_ENTITY_RANKING,,,NOT_APPLICABLE_GLOBAL_BASELINE,HF9g-P5,,,,X 全窗基线 · 不参与实体赏罚,3928120,393,A168_HF9F_20260827_0900,2026-08-27 09:00:00
2026-04-14,145898681,752,0,52.7059220375,31.6235532225,31.6235532225,0.7500000,4,4,0.49659680000000000,0.496596800000,1.0136362796769356,1.0136362796769358,1.0136362796769356,0E-17,ELIGIBLE,R03b_20260811_FULL_v1,L1_ELIGIBILITY,v2026-08-11,2026-03-21..2026-08-06,baccarat_bet02_101_all_pairs_incl_sentinel,round_win = game_pnl > 0 (decisive only),COMPATIBILITY_ONLY_NOT_PRODUCTION,12731.7143,11592.2902,-61.5438,1106,1105,0.00483390,,0.00483390,0.00483390,61.5438,12731.7143,OK,0.0000,-2.4618,4.0000,96.0000,AG03-UNRESOLVED,ALL5_LEVELS_bet23_to_bet27,-2.4618,-2.4618,-2.4618,-2.4618,-2.4618,4.000000,4.000000,4.000000,4.000000,4.000000,96.000000,96.000000,96.000000,96.000000,96.000000,5.0,-12.3088,-11.3627,-49.2350,-50.1811,PENDING_AG03,FALSE,NOT_FOR_ENFORCEMENT,-59.0821,11128.5986,-61.5438,-59.0821,-2.4618,-0.00483390,-0.00464054,-2.4618,-59.0821,-0.00464054,-2.4618,-2.4618,-2.4618,-2.4618,-2.4618,-59.0821,-0.00464054,-12.3088,-11.3627,-49.2350,-50.1811,-0.00386712,-0.00394143,-0.00019336,11.5115,10.4908,-0.0557,-1.6196,-0.1061,335.0451,29.0789,,11.5115,8.4025,10.5412,11.0045,21.0824,22.009,42.1647,10.5412,0.0,2.087904,4.0,1.09205,30,155,25,3,0E-8,-0.00483390,,0E-8,0.000000,0.910505,0.000000,,2026-03-23,2026-06-20,38,580,415,90,0.422222,,,0.000000,,,,,,,,GLOBAL_BASELINE_NO_ENTITY_RANKING,,,NOT_APPLICABLE_GLOBAL_BASELINE,HF9g-P5,,,,X 全窗基线 · 不参与实体赏罚,3928121,393,A168_HF9F_20260827_0900,2026-08-27 09:00:00
2026-04-14,145898681,763,0,52.7059220375,52.1788628171,52.1788628171,1.0000000,5,5,0.49592654000000000,0.495926540000,2.254359859199096,2.254359859199096,2.254359859199096,0E-17,ELIGIBLE,R03b_20260811_FULL_v1,L1_ELIGIBILITY,v2026-08-11,2026-03-21..2026-08-06,baccarat_bet02_101_all_pairs_incl_sentinel,round_win = game_pnl > 0 (decisive only),COMPATIBILITY_ONLY_NOT_PRODUCTION,12731.7143,11592.2902,-61.5438,1106,1105,0.00483390,,0.00483390,0.00483390,61.5438,12731.7143,OK,0.0000,-2.4618,4.0000,96.0000,AG03-UNRESOLVED,ALL5_LEVELS_bet23_to_bet27,-2.4618,-2.4618,-2.4618,-2.4618,-2.4618,4.000000,4.000000,4.000000,4.000000,4.000000,96.000000,96.000000,96.000000,96.000000,96.000000,5.0,-12.3088,-11.3627,-49.2350,-50.1811,PENDING_AG03,FALSE,NOT_FOR_ENFORCEMENT,-59.0821,11128.5986,-61.5438,-59.0821,-2.4618,-0.00483390,-0.00464054,-2.4618,-59.0821,-0.00464054,-2.4618,-2.4618,-2.4618,-2.4618,-2.4618,-59.0821,-0.00464054,-12.3088,-11.3627,-49.2350,-50.1811,-0.00386712,-0.00394143,-0.00019336,11.5115,10.4908,-0.0557,-1.6196,-0.1061,335.0451,29.0789,,11.5115,8.4025,10.5412,11.0045,21.0824,22.009,42.1647,10.5412,0.0,2.087904,4.0,1.09205,30,155,25,3,0E-8,-0.00483390,,0E-8,0.000000,0.910505,0.000000,,2026-03-23,2026-06-20,38,580,415,90,0.422222,,,0.000000,,,,,,,,GLOBAL_BASELINE_NO_ENTITY_RANKING,,,NOT_APPLICABLE_GLOBAL_BASELINE,HF9g-P5,,,,X 全窗基线 · 不参与实体赏罚,3928122,393,A168_HF9F_20260827_0900,2026-08-27 09:00:00
2026-04-14,145898681,994,0,40.0565007485,2.1082368815,2.1082368815,0.5000000,4,4,0.49324550000000000,0.493245500000,0.027020465636507562,0.027020465636507562,0.027020465636507562,0E-17,ELIGIBLE,R03b_20260811_FULL_v1,L1_ELIGIBILITY,v2026-08-11,2026-03-21..2026-08-06,baccarat_bet02_101_all_pairs_incl_sentinel,round_win = game_pnl > 0 (decisive only),COMPATIBILITY_ONLY_NOT_PRODUCTION,12731.7143,11592.2902,-61.5438,1106,1105,0.00483390,,0.00483390,0.00483390,61.5438,12731.7143,OK,0.0000,-2.4618,4.0000,96.0000,AG03-UNRESOLVED,ALL5_LEVELS_bet23_to_bet27,-2.4618,-2.4618,-2.4618,-2.4618,-2.4618,4.000000,4.000000,4.000000,4.000000,4.000000,96.000000,96.000000,96.000000,96.000000,96.000000,5.0,-12.3088,-11.3627,-49.2350,-50.1811,PENDING_AG03,FALSE,NOT_FOR_ENFORCEMENT,-59.0821,11128.5986,-61.5438,-59.0821,-2.4618,-0.00483390,-0.00464054,-2.4618,-59.0821,-0.00464054,-2.4618,-2.4618,-2.4618,-2.4618,-2.4618,-59.0821,-0.00464054,-12.3088,-11.3627,-49.2350,-50.1811,-0.00386712,-0.00394143,-0.00019336,11.5115,10.4908,-0.0557,-1.6196,-0.1061,335.0451,29.0789,,11.5115,8.4025,10.5412,11.0045,21.0824,22.009,42.1647,10.5412,0.0,2.087904,4.0,1.09205,30,155,25,3,0E-8,-0.00483390,,0E-8,0.000000,0.910505,0.000000,,2026-03-23,2026-06-20,38,580,415,90,0.422222,,,0.000000,,,,,,,,GLOBAL_BASELINE_NO_ENTITY_RANKING,,,NOT_APPLICABLE_GLOBAL_BASELINE,HF9g-P5,,,,X 全窗基线 · 不参与实体赏罚,3928123,393,A168_HF9F_20260827_0900,2026-08-27 09:00:00
2026-04-16,145898681,-1,1,522.8427466114,36.4724980498,36.4724980498,0.5000000,30,30,0.49547970000000000,0.495479700000,0.04610007978927856,0.04610007978927856,0.04610007978927856,0E-17,SENTINEL_DEALER,R03b_20260811_FULL_v1,L1_ELIGIBILITY,v2026-08-11,2026-03-21..2026-08-06,baccarat_bet02_101_all_pairs_incl_sentinel,round_win = game_pnl > 0 (decisive only),COMPATIBILITY_ONLY_NOT_PRODUCTION,12731.7143,11592.2902,-61.5438,1106,1105,0.00483390,,0.00483390,0.00483390,61.5438,12731.7143,OK,0.0000,-2.4618,4.0000,96.0000,AG03-UNRESOLVED,ALL5_LEVELS_bet23_to_bet27,-2.4618,-2.4618,-2.4618,-2.4618,-2.4618,4.000000,4.000000,4.000000,4.000000,4.000000,96.000000,96.000000,96.000000,96.000000,96.000000,5.0,-12.3088,-11.3627,-49.2350,-50.1811,PENDING_AG03,FALSE,NOT_FOR_ENFORCEMENT,-59.0821,11128.5986,-61.5438,-59.0821,-2.4618,-0.00483390,-0.00464054,-2.4618,-59.0821,-0.00464054,-2.4618,-2.4618,-2.4618,-2.4618,-2.4618,-59.0821,-0.00464054,-12.3088,-11.3627,-49.2350,-50.1811,-0.00386712,-0.00394143,-0.00019336,11.5115,10.4908,-0.0557,-1.6196,-0.1061,335.0451,29.0789,,11.5115,8.4025,10.5412,11.0045,21.0824,22.009,42.1647,10.5412,0.0,2.087904,4.0,1.09205,30,155,25,3,0E-8,-0.00483390,,0E-8,0.000000,0.910505,0.000000,,2026-03-23,2026-06-20,38,580,415,90,0.422222,,,0.000000,,,,,,,,GLOBAL_BASELINE_NO_ENTITY_RANKING,,,NOT_APPLICABLE_GLOBAL_BASELINE,HF9g-P5,,,,X 全窗基线 · 不参与实体赏罚,3928124,393,A168_HF9F_20260827_0900,2026-08-27 09:00:00
2026-04-16,145898681,1221,0,21.0823688150,20.0282503742,20.0282503742,1.0000000,1,1,0.50665070000000000,0.506650700000,0.9867858985152569,0.9867858985152569,0.9867858985152569,0E-17,ELIGIBLE,R03b_20260811_FULL_v1,L1_ELIGIBILITY,v2026-08-11,2026-03-21..2026-08-06,baccarat_bet02_101_all_pairs_incl_sentinel,round_win = game_pnl > 0 (decisive only),COMPATIBILITY_ONLY_NOT_PRODUCTION,12731.7143,11592.2902,-61.5438,1106,1105,0.00483390,,0.00483390,0.00483390,61.5438,12731.7143,OK,0.0000,-2.4618,4.0000,96.0000,AG03-UNRESOLVED,ALL5_LEVELS_bet23_to_bet27,-2.4618,-2.4618,-2.4618,-2.4618,-2.4618,4.000000,4.000000,4.000000,4.000000,4.000000,96.000000,96.000000,96.000000,96.000000,96.000000,5.0,-12.3088,-11.3627,-49.2350,-50.1811,PENDING_AG03,FALSE,NOT_FOR_ENFORCEMENT,-59.0821,11128.5986,-61.5438,-59.0821,-2.4618,-0.00483390,-0.00464054,-2.4618,-59.0821,-0.00464054,-2.4618,-2.4618,-2.4618,-2.4618,-2.4618,-59.0821,-0.00464054,-12.3088,-11.3627,-49.2350,-50.1811,-0.00386712,-0.00394143,-0.00019336,11.5115,10.4908,-0.0557,-1.6196,-0.1061,335.0451,29.0789,,11.5115,8.4025,10.5412,11.0045,21.0824,22.009,42.1647,10.5412,0.0,2.087904,4.0,1.09205,30,155,25,3,0E-8,-0.00483390,,0E-8,0.000000,0.910505,0.000000,,2026-03-23,2026-06-20,38,580,415,90,0.422222,,,0.000000,,,,,,,,GLOBAL_BASELINE_NO_ENTITY_RANKING,,,NOT_APPLICABLE_GLOBAL_BASELINE,HF9g-P5,,,,X 全窗基线 · 不参与实体赏罚,3928125,393,A168_HF9F_20260827_0900,2026-08-27 09:00:00
2026-04-16,145898681,1304,0,21.0823688150,-21.0823688150,-21.0823688150,0E-7,1,1,0.49324550000000000,0.493245500000,-0.9865810262130424,-0.9865810262130424,-0.9865810262130424,0E-17,ELIGIBLE,R03b_20260811_FULL_v1,L1_ELIGIBILITY,v2026-08-11,2026-03-21..2026-08-06,baccarat_bet02_101_all_pairs_incl_sentinel,round_win = game_pnl > 0 (decisive only),COMPATIBILITY_ONLY_NOT_PRODUCTION,12731.7143,11592.2902,-61.5438,1106,1105,0.00483390,,0.00483390,0.00483390,61.5438,12731.7143,OK,0.0000,-2.4618,4.0000,96.0000,AG03-UNRESOLVED,ALL5_LEVELS_bet23_to_bet27,-2.4618,-2.4618,-2.4618,-2.4618,-2.4618,4.000000,4.000000,4.000000,4.000000,4.000000,96.000000,96.000000,96.000000,96.000000,96.000000,5.0,-12.3088,-11.3627,-49.2350,-50.1811,PENDING_AG03,FALSE,NOT_FOR_ENFORCEMENT,-59.0821,11128.5986,-61.5438,-59.0821,-2.4618,-0.00483390,-0.00464054,-2.4618,-59.0821,-0.00464054,-2.4618,-2.4618,-2.4618,-2.4618,-2.4618,-59.0821,-0.00464054,-12.3088,-11.3627,-49.2350,-50.1811,-0.00386712,-0.00394143,-0.00019336,11.5115,10.4908,-0.0557,-1.6196,-0.1061,335.0451,29.0789,,11.5115,8.4025,10.5412,11.0045,21.0824,22.009,42.1647,10.5412,0.0,2.087904,4.0,1.09205,30,155,25,3,0E-8,-0.00483390,,0E-8,0.000000,0.910505,0.000000,,2026-03-23,2026-06-20,38,580,415,90,0.422222,,,0.000000,,,,,,,,GLOBAL_BASELINE_NO_ENTITY_RANKING,,,NOT_APPLICABLE_GLOBAL_BASELINE,HF9g-P5,,,,X 全窗基线 · 不参与实体赏罚,3928126,393,A168_HF9F_20260827_0900,2026-08-27 09:00:00
2026-04-16,145898681,1307,0,130.7106866530,-30.5694347818,-30.5694347818,0.4444444,9,9,0.49473496666666667,0.494734966667,-0.3017598637115941,-0.3017598637135921,-0.3017598637115941,-3.3333E-13,ELIGIBLE,R03b_20260811_FULL_v1,L1_ELIGIBILITY,v2026-08-11,2026-03-21..2026-08-06,baccarat_bet02_101_all_pairs_incl_sentinel,round_win = game_pnl > 0 (decisive only),COMPATIBILITY_ONLY_NOT_PRODUCTION,12731.7143,11592.2902,-61.5438,1106,1105,0.00483390,,0.00483390,0.00483390,61.5438,12731.7143,OK,0.0000,-2.4618,4.0000,96.0000,AG03-UNRESOLVED,ALL5_LEVELS_bet23_to_bet27,-2.4618,-2.4618,-2.4618,-2.4618,-2.4618,4.000000,4.000000,4.000000,4.000000,4.000000,96.000000,96.000000,96.000000,96.000000,96.000000,5.0,-12.3088,-11.3627,-49.2350,-50.1811,PENDING_AG03,FALSE,NOT_FOR_ENFORCEMENT,-59.0821,11128.5986,-61.5438,-59.0821,-2.4618,-0.00483390,-0.00464054,-2.4618,-59.0821,-0.00464054,-2.4618,-2.4618,-2.4618,-2.4618,-2.4618,-59.0821,-0.00464054,-12.3088,-11.3627,-49.2350,-50.1811,-0.00386712,-0.00394143,-0.00019336,11.5115,10.4908,-0.0557,-1.6196,-0.1061,335.0451,29.0789,,11.5115,8.4025,10.5412,11.0045,21.0824,22.009,42.1647,10.5412,0.0,2.087904,4.0,1.09205,30,155,25,3,0E-8,-0.00483390,,0E-8,0.000000,0.910505,0.000000,,2026-03-23,2026-06-20,38,580,415,90,0.422222,,,0.000000,,,,,,,,GLOBAL_BASELINE_NO_ENTITY_RANKING,,,NOT_APPLICABLE_GLOBAL_BASELINE,HF9g-P5,,,,X 全窗基线 · 不参与实体赏罚,3928127,393,A168_HF9F_20260827_0900,2026-08-27 09:00:00
2026-04-16,145898681,1318,0,31.6235532224,31.6235532224,31.6235532224,1.0000000,1,1,0.49324550000000000,0.493245500000,1.01360149184955,1.01360149184955,1.01360149184955,0E-17,ELIGIBLE,R03b_20260811_FULL_v1,L1_ELIGIBILITY,v2026-08-11,2026-03-21..2026-08-06,baccarat_bet02_101_all_pairs_incl_sentinel,round_win = game_pnl > 0 (decisive only),COMPATIBILITY_ONLY_NOT_PRODUCTION,12731.7143,11592.2902,-61.5438,1106,1105,0.00483390,,0.00483390,0.00483390,61.5438,12731.7143,OK,0.0000,-2.4618,4.0000,96.0000,AG03-UNRESOLVED,ALL5_LEVELS_bet23_to_bet27,-2.4618,-2.4618,-2.4618,-2.4618,-2.4618,4.000000,4.000000,4.000000,4.000000,4.000000,96.000000,96.000000,96.000000,96.000000,96.000000,5.0,-12.3088,-11.3627,-49.2350,-50.1811,PENDING_AG03,FALSE,NOT_FOR_ENFORCEMENT,-59.0821,11128.5986,-61.5438,-59.0821,-2.4618,-0.00483390,-0.00464054,-2.4618,-59.0821,-0.00464054,-2.4618,-2.4618,-2.4618,-2.4618,-2.4618,-59.0821,-0.00464054,-12.3088,-11.3627,-49.2350,-50.1811,-0.00386712,-0.00394143,-0.00019336,11.5115,10.4908,-0.0557,-1.6196,-0.1061,335.0451,29.0789,,11.5115,8.4025,10.5412,11.0045,21.0824,22.009,42.1647,10.5412,0.0,2.087904,4.0,1.09205,30,155,25,3,0E-8,-0.00483390,,0E-8,0.000000,0.910505,0.000000,,2026-03-23,2026-06-20,38,580,415,90,0.422222,,,0.000000,,,,,,,,GLOBAL_BASELINE_NO_ENTITY_RANKING,,,NOT_APPLICABLE_GLOBAL_BASELINE,HF9g-P5,,,,X 全窗基线 · 不参与实体赏罚,3928128,393,A168_HF9F_20260827_0900,2026-08-27 09:00:00
2026-04-16,145898681,1323,0,63.2471064450,20.0282503742,20.0282503742,0.6666667,3,3,0.50218230000000000,0.502182300000,0.5697959874915163,0.5697959874915164,0.5697959874915163,0E-17,ELIGIBLE,R03b_20260811_FULL_v1,L1_ELIGIBILITY,v2026-08-11,2026-03-21..2026-08-06,baccarat_bet02_101_all_pairs_incl_sentinel,round_win = game_pnl > 0 (decisive only),COMPATIBILITY_ONLY_NOT_PRODUCTION,12731.7143,11592.2902,-61.5438,1106,1105,0.00483390,,0.00483390,0.00483390,61.5438,12731.7143,OK,0.0000,-2.4618,4.0000,96.0000,AG03-UNRESOLVED,ALL5_LEVELS_bet23_to_bet27,-2.4618,-2.4618,-2.4618,-2.4618,-2.4618,4.000000,4.000000,4.000000,4.000000,4.000000,96.000000,96.000000,96.000000,96.000000,96.000000,5.0,-12.3088,-11.3627,-49.2350,-50.1811,PENDING_AG03,FALSE,NOT_FOR_ENFORCEMENT,-59.0821,11128.5986,-61.5438,-59.0821,-2.4618,-0.00483390,-0.00464054,-2.4618,-59.0821,-0.00464054,-2.4618,-2.4618,-2.4618,-2.4618,-2.4618,-59.0821,-0.00464054,-12.3088,-11.3627,-49.2350,-50.1811,-0.00386712,-0.00394143,-0.00019336,11.5115,10.4908,-0.0557,-1.6196,-0.1061,335.0451,29.0789,,11.5115,8.4025,10.5412,11.0045,21.0824,22.009,42.1647,10.5412,0.0,2.087904,4.0,1.09205,30,155,25,3,0E-8,-0.00483390,,0E-8,0.000000,0.910505,0.000000,,2026-03-23,2026-06-20,38,580,415,90,0.422222,,,0.000000,,,,,,,,GLOBAL_BASELINE_NO_ENTITY_RANKING,,,NOT_APPLICABLE_GLOBAL_BASELINE,HF9g-P5,,,,X 全窗基线 · 不参与实体赏罚,3928129,393,A168_HF9F_20260827_0900,2026-08-27 09:00:00
2026-04-16,145898681,1374,0,70.6259355302,44.8000337318,44.8000337318,0.8333333,6,6,0.49547970000000000,0.495479700000,1.655205662211907,1.655205662211907,1.655205662211907,0E-17,ELIGIBLE,R03b_20260811_FULL_v1,L1_ELIGIBILITY,v2026-08-11,2026-03-21..2026-08-06,baccarat_bet02_101_all_pairs_incl_sentinel,round_win = game_pnl > 0 (decisive only),COMPATIBILITY_ONLY_NOT_PRODUCTION,12731.7143,11592.2902,-61.5438,1106,1105,0.00483390,,0.00483390,0.00483390,61.5438,12731.7143,OK,0.0000,-2.4618,4.0000,96.0000,AG03-UNRESOLVED,ALL5_LEVELS_bet23_to_bet27,-2.4618,-2.4618,-2.4618,-2.4618,-2.4618,4.000000,4.000000,4.000000,4.000000,4.000000,96.000000,96.000000,96.000000,96.000000,96.000000,5.0,-12.3088,-11.3627,-49.2350,-50.1811,PENDING_AG03,FALSE,NOT_FOR_ENFORCEMENT,-59.0821,11128.5986,-61.5438,-59.0821,-2.4618,-0.00483390,-0.00464054,-2.4618,-59.0821,-0.00464054,-2.4618,-2.4618,-2.4618,-2.4618,-2.4618,-59.0821,-0.00464054,-12.3088,-11.3627,-49.2350,-50.1811,-0.00386712,-0.00394143,-0.00019336,11.5115,10.4908,-0.0557,-1.6196,-0.1061,335.0451,29.0789,,11.5115,8.4025,10.5412,11.0045,21.0824,22.009,42.1647,10.5412,0.0,2.087904,4.0,1.09205,30,155,25,3,0E-8,-0.00483390,,0E-8,0.000000,0.910505,0.000000,,2026-03-23,2026-06-20,38,580,415,90,0.422222,,,0.000000,,,,,,,,GLOBAL_BASELINE_NO_ENTITY_RANKING,,,NOT_APPLICABLE_GLOBAL_BASELINE,HF9g-P5,,,,X 全窗基线 · 不参与实体赏罚,3928130,393,A168_HF9F_20260827_0900,2026-08-27 09:00:00
2026-04-16,145898681,1384,0,21.0823688150,-21.0823688150,-21.0823688150,0E-7,1,1,0.49324550000000000,0.493245500000,-0.9865810262130424,-0.9865810262130424,-0.9865810262130424,0E-17,ELIGIBLE,R03b_20260811_FULL_v1,L1_ELIGIBILITY,v2026-08-11,2026-03-21..2026-08-06,baccarat_bet02_101_all_pairs_incl_sentinel,round_win = game_pnl > 0 (decisive only),COMPATIBILITY_ONLY_NOT_PRODUCTION,12731.7143,11592.2902,-61.5438,1106,1105,0.00483390,,0.00483390,0.00483390,61.5438,12731.7143,OK,0.0000,-2.4618,4.0000,96.0000,AG03-UNRESOLVED,ALL5_LEVELS_bet23_to_bet27,-2.4618,-2.4618,-2.4618,-2.4618,-2.4618,4.000000,4.000000,4.000000,4.000000,4.000000,96.000000,96.000000,96.000000,96.000000,96.000000,5.0,-12.3088,-11.3627,-49.2350,-50.1811,PENDING_AG03,FALSE,NOT_FOR_ENFORCEMENT,-59.0821,11128.5986,-61.5438,-59.0821,-2.4618,-0.00483390,-0.00464054,-2.4618,-59.0821,-0.00464054,-2.4618,-2.4618,-2.4618,-2.4618,-2.4618,-59.0821,-0.00464054,-12.3088,-11.3627,-49.2350,-50.1811,-0.00386712,-0.00394143,-0.00019336,11.5115,10.4908,-0.0557,-1.6196,-0.1061,335.0451,29.0789,,11.5115,8.4025,10.5412,11.0045,21.0824,22.009,42.1647,10.5412,0.0,2.087904,4.0,1.09205,30,155,25,3,0E-8,-0.00483390,,0E-8,0.000000,0.910505,0.000000,,2026-03-23,2026-06-20,38,580,415,90,0.422222,,,0.000000,,,,,,,,GLOBAL_BASELINE_NO_ENTITY_RANKING,,,NOT_APPLICABLE_GLOBAL_BASELINE,HF9g-P5,,,,X 全窗基线 · 不参与实体赏罚,3928131,393,A168_HF9F_20260827_0900,2026-08-27 09:00:00
2026-04-16,145898681,1385,0,21.0823688150,-21.0823688150,-21.0823688150,0E-7,1,1,0.50665070000000000,0.506650700000,-1.013391052207602,-1.013391052207602,-1.013391052207602,0E-17,ELIGIBLE,R03b_20260811_FULL_v1,L1_ELIGIBILITY,v2026-08-11,2026-03-21..2026-08-06,baccarat_bet02_101_all_pairs_incl_sentinel,round_win = game_pnl > 0 (decisive only),COMPATIBILITY_ONLY_NOT_PRODUCTION,12731.7143,11592.2902,-61.5438,1106,1105,0.00483390,,0.00483390,0.00483390,61.5438,12731.7143,OK,0.0000,-2.4618,4.0000,96.0000,AG03-UNRESOLVED,ALL5_LEVELS_bet23_to_bet27,-2.4618,-2.4618,-2.4618,-2.4618,-2.4618,4.000000,4.000000,4.000000,4.000000,4.000000,96.000000,96.000000,96.000000,96.000000,96.000000,5.0,-12.3088,-11.3627,-49.2350,-50.1811,PENDING_AG03,FALSE,NOT_FOR_ENFORCEMENT,-59.0821,11128.5986,-61.5438,-59.0821,-2.4618,-0.00483390,-0.00464054,-2.4618,-59.0821,-0.00464054,-2.4618,-2.4618,-2.4618,-2.4618,-2.4618,-59.0821,-0.00464054,-12.3088,-11.3627,-49.2350,-50.1811,-0.00386712,-0.00394143,-0.00019336,11.5115,10.4908,-0.0557,-1.6196,-0.1061,335.0451,29.0789,,11.5115,8.4025,10.5412,11.0045,21.0824,22.009,42.1647,10.5412,0.0,2.087904,4.0,1.09205,30,155,25,3,0E-8,-0.00483390,,0E-8,0.000000,0.910505,0.000000,,2026-03-23,2026-06-20,38,580,415,90,0.422222,,,0.000000,,,,,,,,GLOBAL_BASELINE_NO_ENTITY_RANKING,,,NOT_APPLICABLE_GLOBAL_BASELINE,HF9g-P5,,,,X 全窗基线 · 不参与实体赏罚,3928132,393,A168_HF9F_20260827_0900,2026-08-27 09:00:00
2026-04-16,145898681,1399,0,16.8658950520,4.2164737630,4.2164737630,0.5000000,2,2,0.49324550000000000,0.493245500000,0.01910635448239258,0.01910635448239258,0.01910635448239258,0E-17,ELIGIBLE,R03b_20260811_FULL_v1,L1_ELIGIBILITY,v2026-08-11,2026-03-21..2026-08-06,baccarat_bet02_101_all_pairs_incl_sentinel,round_win = game_pnl > 0 (decisive only),COMPATIBILITY_ONLY_NOT_PRODUCTION,12731.7143,11592.2902,-61.5438,1106,1105,0.00483390,,0.00483390,0.00483390,61.5438,12731.7143,OK,0.0000,-2.4618,4.0000,96.0000,AG03-UNRESOLVED,ALL5_LEVELS_bet23_to_bet27,-2.4618,-2.4618,-2.4618,-2.4618,-2.4618,4.000000,4.000000,4.000000,4.000000,4.000000,96.000000,96.000000,96.000000,96.000000,96.000000,5.0,-12.3088,-11.3627,-49.2350,-50.1811,PENDING_AG03,FALSE,NOT_FOR_ENFORCEMENT,-59.0821,11128.5986,-61.5438,-59.0821,-2.4618,-0.00483390,-0.00464054,-2.4618,-59.0821,-0.00464054,-2.4618,-2.4618,-2.4618,-2.4618,-2.4618,-59.0821,-0.00464054,-12.3088,-11.3627,-49.2350,-50.1811,-0.00386712,-0.00394143,-0.00019336,11.5115,10.4908,-0.0557,-1.6196,-0.1061,335.0451,29.0789,,11.5115,8.4025,10.5412,11.0045,21.0824,22.009,42.1647,10.5412,0.0,2.087904,4.0,1.09205,30,155,25,3,0E-8,-0.00483390,,0E-8,0.000000,0.910505,0.000000,,2026-03-23,2026-06-20,38,580,415,90,0.422222,,,0.000000,,,,,,,,GLOBAL_BASELINE_NO_ENTITY_RANKING,,,NOT_APPLICABLE_GLOBAL_BASELINE,HF9g-P5,,,,X 全窗基线 · 不参与实体赏罚,3928133,393,A168_HF9F_20260827_0900,2026-08-27 09:00:00
2026-04-16,145898681,1750,0,42.1647376300,0E-10,0E-10,0.5000000,2,2,0.49324550000000000,0.493245500000,0.01910635448239258,0.01910635448239258,0.01910635448239258,0E-17,ELIGIBLE,R03b_20260811_FULL_v1,L1_ELIGIBILITY,v2026-08-11,2026-03-21..2026-08-06,baccarat_bet02_101_all_pairs_incl_sentinel,round_win = game_pnl > 0 (decisive only),COMPATIBILITY_ONLY_NOT_PRODUCTION,12731.7143,11592.2902,-61.5438,1106,1105,0.00483390,,0.00483390,0.00483390,61.5438,12731.7143,OK,0.0000,-2.4618,4.0000,96.0000,AG03-UNRESOLVED,ALL5_LEVELS_bet23_to_bet27,-2.4618,-2.4618,-2.4618,-2.4618,-2.4618,4.000000,4.000000,4.000000,4.000000,4.000000,96.000000,96.000000,96.000000,96.000000,96.000000,5.0,-12.3088,-11.3627,-49.2350,-50.1811,PENDING_AG03,FALSE,NOT_FOR_ENFORCEMENT,-59.0821,11128.5986,-61.5438,-59.0821,-2.4618,-0.00483390,-0.00464054,-2.4618,-59.0821,-0.00464054,-2.4618,-2.4618,-2.4618,-2.4618,-2.4618,-59.0821,-0.00464054,-12.3088,-11.3627,-49.2350,-50.1811,-0.00386712,-0.00394143,-0.00019336,11.5115,10.4908,-0.0557,-1.6196,-0.1061,335.0451,29.0789,,11.5115,8.4025,10.5412,11.0045,21.0824,22.009,42.1647,10.5412,0.0,2.087904,4.0,1.09205,30,155,25,3,0E-8,-0.00483390,,0E-8,0.000000,0.910505,0.000000,,2026-03-23,2026-06-20,38,580,415,90,0.422222,,,0.000000,,,,,,,,GLOBAL_BASELINE_NO_ENTITY_RANKING,,,NOT_APPLICABLE_GLOBAL_BASELINE,HF9g-P5,,,,X 全窗基线 · 不参与实体赏罚,3928134,393,A168_HF9F_20260827_0900,2026-08-27 09:00:00
2026-04-16,145898681,1935,0,21.0823688150,-21.0823688150,-21.0823688150,0E-7,1,1,0.50665070000000000,0.506650700000,-1.013391052207602,-1.013391052207602,-1.013391052207602,0E-17,ELIGIBLE,R03b_20260811_FULL_v1,L1_ELIGIBILITY,v2026-08-11,2026-03-21..2026-08-06,baccarat_bet02_101_all_pairs_incl_sentinel,round_win = game_pnl > 0 (decisive only),COMPATIBILITY_ONLY_NOT_PRODUCTION,12731.7143,11592.2902,-61.5438,1106,1105,0.00483390,,0.00483390,0.00483390,61.5438,12731.7143,OK,0.0000,-2.4618,4.0000,96.0000,AG03-UNRESOLVED,ALL5_LEVELS_bet23_to_bet27,-2.4618,-2.4618,-2.4618,-2.4618,-2.4618,4.000000,4.000000,4.000000,4.000000,4.000000,96.000000,96.000000,96.000000,96.000000,96.000000,5.0,-12.3088,-11.3627,-49.2350,-50.1811,PENDING_AG03,FALSE,NOT_FOR_ENFORCEMENT,-59.0821,11128.5986,-61.5438,-59.0821,-2.4618,-0.00483390,-0.00464054,-2.4618,-59.0821,-0.00464054,-2.4618,-2.4618,-2.4618,-2.4618,-2.4618,-59.0821,-0.00464054,-12.3088,-11.3627,-49.2350,-50.1811,-0.00386712,-0.00394143,-0.00019336,11.5115,10.4908,-0.0557,-1.6196,-0.1061,335.0451,29.0789,,11.5115,8.4025,10.5412,11.0045,21.0824,22.009,42.1647,10.5412,0.0,2.087904,4.0,1.09205,30,155,25,3,0E-8,-0.00483390,,0E-8,0.000000,0.910505,0.000000,,2026-03-23,2026-06-20,38,580,415,90,0.422222,,,0.000000,,,,,,,,GLOBAL_BASELINE_NO_ENTITY_RANKING,,,NOT_APPLICABLE_GLOBAL_BASELINE,HF9g-P5,,,,X 全窗基线 · 不参与实体赏罚,3928135,393,A168_HF9F_20260827_0900,2026-08-27 09:00:00
2026-04-16,145898681,1940,0,82.2212383783,76.9506461745,76.9506461745,0.7500000,4,4,0.49659680000000000,0.496596800000,1.0136362796769356,1.0136362796769358,1.0136362796769356,0E-17,ELIGIBLE,R03b_20260811_FULL_v1,L1_ELIGIBILITY,v2026-08-11,2026-03-21..2026-08-06,baccarat_bet02_101_all_pairs_incl_sentinel,round_win = game_pnl > 0 (decisive only),COMPATIBILITY_ONLY_NOT_PRODUCTION,12731.7143,11592.2902,-61.5438,1106,1105,0.00483390,,0.00483390,0.00483390,61.5438,12731.7143,OK,0.0000,-2.4618,4.0000,96.0000,AG03-UNRESOLVED,ALL5_LEVELS_bet23_to_bet27,-2.4618,-2.4618,-2.4618,-2.4618,-2.4618,4.000000,4.000000,4.000000,4.000000,4.000000,96.000000,96.000000,96.000000,96.000000,96.000000,5.0,-12.3088,-11.3627,-49.2350,-50.1811,PENDING_AG03,FALSE,NOT_FOR_ENFORCEMENT,-59.0821,11128.5986,-61.5438,-59.0821,-2.4618,-0.00483390,-0.00464054,-2.4618,-59.0821,-0.00464054,-2.4618,-2.4618,-2.4618,-2.4618,-2.4618,-59.0821,-0.00464054,-12.3088,-11.3627,-49.2350,-50.1811,-0.00386712,-0.00394143,-0.00019336,11.5115,10.4908,-0.0557,-1.6196,-0.1061,335.0451,29.0789,,11.5115,8.4025,10.5412,11.0045,21.0824,22.009,42.1647,10.5412,0.0,2.087904,4.0,1.09205,30,155,25,3,0E-8,-0.00483390,,0E-8,0.000000,0.910505,0.000000,,2026-03-23,2026-06-20,38,580,415,90,0.422222,,,0.000000,,,,,,,,GLOBAL_BASELINE_NO_ENTITY_RANKING,,,NOT_APPLICABLE_GLOBAL_BASELINE,HF9g-P5,,,,X 全窗基线 · 不参与实体赏罚,3928136,393,A168_HF9F_20260827_0900,2026-08-27 09:00:00
2026-04-16,145898681,1947,0,10.5411844075,-10.5411844075,-10.5411844075,0E-7,1,1,0.49324550000000000,0.493245500000,-0.9865810262130424,-0.9865810262130424,-0.9865810262130424,0E-17,ELIGIBLE,R03b_20260811_FULL_v1,L1_ELIGIBILITY,v2026-08-11,2026-03-21..2026-08-06,baccarat_bet02_101_all_pairs_incl_sentinel,round_win = game_pnl > 0 (decisive only),COMPATIBILITY_ONLY_NOT_PRODUCTION,12731.7143,11592.2902,-61.5438,1106,1105,0.00483390,,0.00483390,0.00483390,61.5438,12731.7143,OK,0.0000,-2.4618,4.0000,96.0000,AG03-UNRESOLVED,ALL5_LEVELS_bet23_to_bet27,-2.4618,-2.4618,-2.4618,-2.4618,-2.4618,4.000000,4.000000,4.000000,4.000000,4.000000,96.000000,96.000000,96.000000,96.000000,96.000000,5.0,-12.3088,-11.3627,-49.2350,-50.1811,PENDING_AG03,FALSE,NOT_FOR_ENFORCEMENT,-59.0821,11128.5986,-61.5438,-59.0821,-2.4618,-0.00483390,-0.00464054,-2.4618,-59.0821,-0.00464054,-2.4618,-2.4618,-2.4618,-2.4618,-2.4618,-59.0821,-0.00464054,-12.3088,-11.3627,-49.2350,-50.1811,-0.00386712,-0.00394143,-0.00019336,11.5115,10.4908,-0.0557,-1.6196,-0.1061,335.0451,29.0789,,11.5115,8.4025,10.5412,11.0045,21.0824,22.009,42.1647,10.5412,0.0,2.087904,4.0,1.09205,30,155,25,3,0E-8,-0.00483390,,0E-8,0.000000,0.910505,0.000000,,2026-03-23,2026-06-20,38,580,415,90,0.422222,,,0.000000,,,,,,,,GLOBAL_BASELINE_NO_ENTITY_RANKING,,,NOT_APPLICABLE_GLOBAL_BASELINE,HF9g-P5,,,,X 全窗基线 · 不参与实体赏罚,3928137,393,A168_HF9F_20260827_0900,2026-08-27 09:00:00
2026-04-16,145898681,1966,0,21.0823688150,10.5411844075,10.5411844075,1.0000000,2,2,0.49324550000000000,0.493245500000,1.01360149184955,1.01360149184955,1.01360149184955,0E-17,ELIGIBLE,R03b_20260811_FULL_v1,L1_ELIGIBILITY,v2026-08-11,2026-03-21..2026-08-06,baccarat_bet02_101_all_pairs_incl_sentinel,round_win = game_pnl > 0 (decisive only),COMPATIBILITY_ONLY_NOT_PRODUCTION,12731.7143,11592.2902,-61.5438,1106,1105,0.00483390,,0.00483390,0.00483390,61.5438,12731.7143,OK,0.0000,-2.4618,4.0000,96.0000,AG03-UNRESOLVED,ALL5_LEVELS_bet23_to_bet27,-2.4618,-2.4618,-2.4618,-2.4618,-2.4618,4.000000,4.000000,4.000000,4.000000,4.000000,96.000000,96.000000,96.000000,96.000000,96.000000,5.0,-12.3088,-11.3627,-49.2350,-50.1811,PENDING_AG03,FALSE,NOT_FOR_ENFORCEMENT,-59.0821,11128.5986,-61.5438,-59.0821,-2.4618,-0.00483390,-0.00464054,-2.4618,-59.0821,-0.00464054,-2.4618,-2.4618,-2.4618,-2.4618,-2.4618,-59.0821,-0.00464054,-12.3088,-11.3627,-49.2350,-50.1811,-0.00386712,-0.00394143,-0.00019336,11.5115,10.4908,-0.0557,-1.6196,-0.1061,335.0451,29.0789,,11.5115,8.4025,10.5412,11.0045,21.0824,22.009,42.1647,10.5412,0.0,2.087904,4.0,1.09205,30,155,25,3,0E-8,-0.00483390,,0E-8,0.000000,0.910505,0.000000,,2026-03-23,2026-06-20,38,580,415,90,0.422222,,,0.000000,,,,,,,,GLOBAL_BASELINE_NO_ENTITY_RANKING,,,NOT_APPLICABLE_GLOBAL_BASELINE,HF9g-P5,,,,X 全窗基线 · 不参与实体赏罚,3928138,393,A168_HF9F_20260827_0900,2026-08-27 09:00:00
2026-04-16,145898681,2065,0,31.6235532225,31.6235532225,31.6235532225,1.0000000,3,3,0.49324550000000000,0.493245500000,1.755609282511032,1.7556092825110319,1.755609282511032,0E-17,ELIGIBLE,R03b_20260811_FULL_v1,L1_ELIGIBILITY,v2026-08-11,2026-03-21..2026-08-06,baccarat_bet02_101_all_pairs_incl_sentinel,round_win = game_pnl > 0 (decisive only),COMPATIBILITY_ONLY_NOT_PRODUCTION,12731.7143,11592.2902,-61.5438,1106,1105,0.00483390,,0.00483390,0.00483390,61.5438,12731.7143,OK,0.0000,-2.4618,4.0000,96.0000,AG03-UNRESOLVED,ALL5_LEVELS_bet23_to_bet27,-2.4618,-2.4618,-2.4618,-2.4618,-2.4618,4.000000,4.000000,4.000000,4.000000,4.000000,96.000000,96.000000,96.000000,96.000000,96.000000,5.0,-12.3088,-11.3627,-49.2350,-50.1811,PENDING_AG03,FALSE,NOT_FOR_ENFORCEMENT,-59.0821,11128.5986,-61.5438,-59.0821,-2.4618,-0.00483390,-0.00464054,-2.4618,-59.0821,-0.00464054,-2.4618,-2.4618,-2.4618,-2.4618,-2.4618,-59.0821,-0.00464054,-12.3088,-11.3627,-49.2350,-50.1811,-0.00386712,-0.00394143,-0.00019336,11.5115,10.4908,-0.0557,-1.6196,-0.1061,335.0451,29.0789,,11.5115,8.4025,10.5412,11.0045,21.0824,22.009,42.1647,10.5412,0.0,2.087904,4.0,1.09205,30,155,25,3,0E-8,-0.00483390,,0E-8,0.000000,0.910505,0.000000,,2026-03-23,2026-06-20,38,580,415,90,0.422222,,,0.000000,,,,,,,,GLOBAL_BASELINE_NO_ENTITY_RANKING,,,NOT_APPLICABLE_GLOBAL_BASELINE,HF9g-P5,,,,X 全窗基线 · 不参与实体赏罚,3928139,393,A168_HF9F_20260827_0900,2026-08-27 09:00:00
2026-04-16,145898681,2105,0,42.1647376299,-42.1647376299,-42.1647376299,0E-7,1,1,0.49324550000000000,0.493245500000,-0.9865810262130424,-0.9865810262130424,-0.9865810262130424,0E-17,ELIGIBLE,R03b_20260811_FULL_v1,L1_ELIGIBILITY,v2026-08-11,2026-03-21..2026-08-06,baccarat_bet02_101_all_pairs_incl_sentinel,round_win = game_pnl > 0 (decisive only),COMPATIBILITY_ONLY_NOT_PRODUCTION,12731.7143,11592.2902,-61.5438,1106,1105,0.00483390,,0.00483390,0.00483390,61.5438,12731.7143,OK,0.0000,-2.4618,4.0000,96.0000,AG03-UNRESOLVED,ALL5_LEVELS_bet23_to_bet27,-2.4618,-2.4618,-2.4618,-2.4618,-2.4618,4.000000,4.000000,4.000000,4.000000,4.000000,96.000000,96.000000,96.000000,96.000000,96.000000,5.0,-12.3088,-11.3627,-49.2350,-50.1811,PENDING_AG03,FALSE,NOT_FOR_ENFORCEMENT,-59.0821,11128.5986,-61.5438,-59.0821,-2.4618,-0.00483390,-0.00464054,-2.4618,-59.0821,-0.00464054,-2.4618,-2.4618,-2.4618,-2.4618,-2.4618,-59.0821,-0.00464054,-12.3088,-11.3627,-49.2350,-50.1811,-0.00386712,-0.00394143,-0.00019336,11.5115,10.4908,-0.0557,-1.6196,-0.1061,335.0451,29.0789,,11.5115,8.4025,10.5412,11.0045,21.0824,22.009,42.1647,10.5412,0.0,2.087904,4.0,1.09205,30,155,25,3,0E-8,-0.00483390,,0E-8,0.000000,0.910505,0.000000,,2026-03-23,2026-06-20,38,580,415,90,0.422222,,,0.000000,,,,,,,,GLOBAL_BASELINE_NO_ENTITY_RANKING,,,NOT_APPLICABLE_GLOBAL_BASELINE,HF9g-P5,,,,X 全窗基线 · 不参与实体赏罚,3928140,393,A168_HF9F_20260827_0900,2026-08-27 09:00:00
2026-04-16,145898681,2141,0,14.7576581705,2.1082368815,2.1082368815,0.5000000,2,2,0.49324550000000000,0.493245500000,0.01910635448239258,0.01910635448239258,0.01910635448239258,0E-17,ELIGIBLE,R03b_20260811_FULL_v1,L1_ELIGIBILITY,v2026-08-11,2026-03-21..2026-08-06,baccarat_bet02_101_all_pairs_incl_sentinel,round_win = game_pnl > 0 (decisive only),COMPATIBILITY_ONLY_NOT_PRODUCTION,12731.7143,11592.2902,-61.5438,1106,1105,0.00483390,,0.00483390,0.00483390,61.5438,12731.7143,OK,0.0000,-2.4618,4.0000,96.0000,AG03-UNRESOLVED,ALL5_LEVELS_bet23_to_bet27,-2.4618,-2.4618,-2.4618,-2.4618,-2.4618,4.000000,4.000000,4.000000,4.000000,4.000000,96.000000,96.000000,96.000000,96.000000,96.000000,5.0,-12.3088,-11.3627,-49.2350,-50.1811,PENDING_AG03,FALSE,NOT_FOR_ENFORCEMENT,-59.0821,11128.5986,-61.5438,-59.0821,-2.4618,-0.00483390,-0.00464054,-2.4618,-59.0821,-0.00464054,-2.4618,-2.4618,-2.4618,-2.4618,-2.4618,-59.0821,-0.00464054,-12.3088,-11.3627,-49.2350,-50.1811,-0.00386712,-0.00394143,-0.00019336,11.5115,10.4908,-0.0557,-1.6196,-0.1061,335.0451,29.0789,,11.5115,8.4025,10.5412,11.0045,21.0824,22.009,42.1647,10.5412,0.0,2.087904,4.0,1.09205,30,155,25,3,0E-8,-0.00483390,,0E-8,0.000000,0.910505,0.000000,,2026-03-23,2026-06-20,38,580,415,90,0.422222,,,0.000000,,,,,,,,GLOBAL_BASELINE_NO_ENTITY_RANKING,,,NOT_APPLICABLE_GLOBAL_BASELINE,HF9g-P5,,,,X 全窗基线 · 不参与实体赏罚,3928141,393,A168_HF9F_20260827_0900,2026-08-27 09:00:00
2026-04-16,145898681,2171,0,84.3294752599,-43.2188560707,-43.2188560707,0.3333333,3,3,0.49771390000000000,0.497713900000,-0.5694369385616226,-0.5694369385616226,-0.5694369385616226,0E-17,ELIGIBLE,R03b_20260811_FULL_v1,L1_ELIGIBILITY,v2026-08-11,2026-03-21..2026-08-06,baccarat_bet02_101_all_pairs_incl_sentinel,round_win = game_pnl > 0 (decisive only),COMPATIBILITY_ONLY_NOT_PRODUCTION,12731.7143,11592.2902,-61.5438,1106,1105,0.00483390,,0.00483390,0.00483390,61.5438,12731.7143,OK,0.0000,-2.4618,4.0000,96.0000,AG03-UNRESOLVED,ALL5_LEVELS_bet23_to_bet27,-2.4618,-2.4618,-2.4618,-2.4618,-2.4618,4.000000,4.000000,4.000000,4.000000,4.000000,96.000000,96.000000,96.000000,96.000000,96.000000,5.0,-12.3088,-11.3627,-49.2350,-50.1811,PENDING_AG03,FALSE,NOT_FOR_ENFORCEMENT,-59.0821,11128.5986,-61.5438,-59.0821,-2.4618,-0.00483390,-0.00464054,-2.4618,-59.0821,-0.00464054,-2.4618,-2.4618,-2.4618,-2.4618,-2.4618,-59.0821,-0.00464054,-12.3088,-11.3627,-49.2350,-50.1811,-0.00386712,-0.00394143,-0.00019336,11.5115,10.4908,-0.0557,-1.6196,-0.1061,335.0451,29.0789,,11.5115,8.4025,10.5412,11.0045,21.0824,22.009,42.1647,10.5412,0.0,2.087904,4.0,1.09205,30,155,25,3,0E-8,-0.00483390,,0E-8,0.000000,0.910505,0.000000,,2026-03-23,2026-06-20,38,580,415,90,0.422222,,,0.000000,,,,,,,,GLOBAL_BASELINE_NO_ENTITY_RANKING,,,NOT_APPLICABLE_GLOBAL_BASELINE,HF9g-P5,,,,X 全窗基线 · 不参与实体赏罚,3928142,393,A168_HF9F_20260827_0900,2026-08-27 09:00:00
2026-04-16,145898681,2196,0,10.5411844075,-10.5411844075,-10.5411844075,0E-7,1,1,0.49324550000000000,0.493245500000,-0.9865810262130424,-0.9865810262130424,-0.9865810262130424,0E-17,ELIGIBLE,R03b_20260811_FULL_v1,L1_ELIGIBILITY,v2026-08-11,2026-03-21..2026-08-06,baccarat_bet02_101_all_pairs_incl_sentinel,round_win = game_pnl > 0 (decisive only),COMPATIBILITY_ONLY_NOT_PRODUCTION,12731.7143,11592.2902,-61.5438,1106,1105,0.00483390,,0.00483390,0.00483390,61.5438,12731.7143,OK,0.0000,-2.4618,4.0000,96.0000,AG03-UNRESOLVED,ALL5_LEVELS_bet23_to_bet27,-2.4618,-2.4618,-2.4618,-2.4618,-2.4618,4.000000,4.000000,4.000000,4.000000,4.000000,96.000000,96.000000,96.000000,96.000000,96.000000,5.0,-12.3088,-11.3627,-49.2350,-50.1811,PENDING_AG03,FALSE,NOT_FOR_ENFORCEMENT,-59.0821,11128.5986,-61.5438,-59.0821,-2.4618,-0.00483390,-0.00464054,-2.4618,-59.0821,-0.00464054,-2.4618,-2.4618,-2.4618,-2.4618,-2.4618,-59.0821,-0.00464054,-12.3088,-11.3627,-49.2350,-50.1811,-0.00386712,-0.00394143,-0.00019336,11.5115,10.4908,-0.0557,-1.6196,-0.1061,335.0451,29.0789,,11.5115,8.4025,10.5412,11.0045,21.0824,22.009,42.1647,10.5412,0.0,2.087904,4.0,1.09205,30,155,25,3,0E-8,-0.00483390,,0E-8,0.000000,0.910505,0.000000,,2026-03-23,2026-06-20,38,580,415,90,0.422222,,,0.000000,,,,,,,,GLOBAL_BASELINE_NO_ENTITY_RANKING,,,NOT_APPLICABLE_GLOBAL_BASELINE,HF9g-P5,,,,X 全窗基线 · 不参与实体赏罚,3928143,393,A168_HF9F_20260827_0900,2026-08-27 09:00:00
2026-04-16,145898681,2205,0,73.7882908525,51.6518035967,51.6518035967,0.7500000,4,4,0.49994810000000000,0.499948100000,1.0002076053883384,1.0002076053883384,1.0002076053883384,0E-17,ELIGIBLE,R03b_20260811_FULL_v1,L1_ELIGIBILITY,v2026-08-11,2026-03-21..2026-08-06,baccarat_bet02_101_all_pairs_incl_sentinel,round_win = game_pnl > 0 (decisive only),COMPATIBILITY_ONLY_NOT_PRODUCTION,12731.7143,11592.2902,-61.5438,1106,1105,0.00483390,,0.00483390,0.00483390,61.5438,12731.7143,OK,0.0000,-2.4618,4.0000,96.0000,AG03-UNRESOLVED,ALL5_LEVELS_bet23_to_bet27,-2.4618,-2.4618,-2.4618,-2.4618,-2.4618,4.000000,4.000000,4.000000,4.000000,4.000000,96.000000,96.000000,96.000000,96.000000,96.000000,5.0,-12.3088,-11.3627,-49.2350,-50.1811,PENDING_AG03,FALSE,NOT_FOR_ENFORCEMENT,-59.0821,11128.5986,-61.5438,-59.0821,-2.4618,-0.00483390,-0.00464054,-2.4618,-59.0821,-0.00464054,-2.4618,-2.4618,-2.4618,-2.4618,-2.4618,-59.0821,-0.00464054,-12.3088,-11.3627,-49.2350,-50.1811,-0.00386712,-0.00394143,-0.00019336,11.5115,10.4908,-0.0557,-1.6196,-0.1061,335.0451,29.0789,,11.5115,8.4025,10.5412,11.0045,21.0824,22.009,42.1647,10.5412,0.0,2.087904,4.0,1.09205,30,155,25,3,0E-8,-0.00483390,,0E-8,0.000000,0.910505,0.000000,,2026-03-23,2026-06-20,38,580,415,90,0.422222,,,0.000000,,,,,,,,GLOBAL_BASELINE_NO_ENTITY_RANKING,,,NOT_APPLICABLE_GLOBAL_BASELINE,HF9g-P5,,,,X 全窗基线 · 不参与实体赏罚,3928144,393,A168_HF9F_20260827_0900,2026-08-27 09:00:00
2026-04-16,145898681,2229,0,21.0823688150,10.0141251871,10.0141251871,1.0000000,2,2,0.49994810000000000,0.499948100000,1.0001038053877793,1.0001038053877793,1.0001038053877793,0E-17,ELIGIBLE,R03b_20260811_FULL_v1,L1_ELIGIBILITY,v2026-08-11,2026-03-21..2026-08-06,baccarat_bet02_101_all_pairs_incl_sentinel,round_win = game_pnl > 0 (decisive only),COMPATIBILITY_ONLY_NOT_PRODUCTION,12731.7143,11592.2902,-61.5438,1106,1105,0.00483390,,0.00483390,0.00483390,61.5438,12731.7143,OK,0.0000,-2.4618,4.0000,96.0000,AG03-UNRESOLVED,ALL5_LEVELS_bet23_to_bet27,-2.4618,-2.4618,-2.4618,-2.4618,-2.4618,4.000000,4.000000,4.000000,4.000000,4.000000,96.000000,96.000000,96.000000,96.000000,96.000000,5.0,-12.3088,-11.3627,-49.2350,-50.1811,PENDING_AG03,FALSE,NOT_FOR_ENFORCEMENT,-59.0821,11128.5986,-61.5438,-59.0821,-2.4618,-0.00483390,-0.00464054,-2.4618,-59.0821,-0.00464054,-2.4618,-2.4618,-2.4618,-2.4618,-2.4618,-59.0821,-0.00464054,-12.3088,-11.3627,-49.2350,-50.1811,-0.00386712,-0.00394143,-0.00019336,11.5115,10.4908,-0.0557,-1.6196,-0.1061,335.0451,29.0789,,11.5115,8.4025,10.5412,11.0045,21.0824,22.009,42.1647,10.5412,0.0,2.087904,4.0,1.09205,30,155,25,3,0E-8,-0.00483390,,0E-8,0.000000,0.910505,0.000000,,2026-03-23,2026-06-20,38,580,415,90,0.422222,,,0.000000,,,,,,,,GLOBAL_BASELINE_NO_ENTITY_RANKING,,,NOT_APPLICABLE_GLOBAL_BASELINE,HF9g-P5,,,,X 全窗基线 · 不参与实体赏罚,3928145,393,A168_HF9F_20260827_0900,2026-08-27 09:00:00
2026-04-16,145898681,2234,0,21.0823688150,0E-10,0E-10,0.5000000,2,2,0.49324550000000000,0.493245500000,0.01910635448239258,0.01910635448239258,0.01910635448239258,0E-17,ELIGIBLE,R03b_20260811_FULL_v1,L1_ELIGIBILITY,v2026-08-11,2026-03-21..2026-08-06,baccarat_bet02_101_all_pairs_incl_sentinel,round_win = game_pnl > 0 (decisive only),COMPATIBILITY_ONLY_NOT_PRODUCTION,12731.7143,11592.2902,-61.5438,1106,1105,0.00483390,,0.00483390,0.00483390,61.5438,12731.7143,OK,0.0000,-2.4618,4.0000,96.0000,AG03-UNRESOLVED,ALL5_LEVELS_bet23_to_bet27,-2.4618,-2.4618,-2.4618,-2.4618,-2.4618,4.000000,4.000000,4.000000,4.000000,4.000000,96.000000,96.000000,96.000000,96.000000,96.000000,5.0,-12.3088,-11.3627,-49.2350,-50.1811,PENDING_AG03,FALSE,NOT_FOR_ENFORCEMENT,-59.0821,11128.5986,-61.5438,-59.0821,-2.4618,-0.00483390,-0.00464054,-2.4618,-59.0821,-0.00464054,-2.4618,-2.4618,-2.4618,-2.4618,-2.4618,-59.0821,-0.00464054,-12.3088,-11.3627,-49.2350,-50.1811,-0.00386712,-0.00394143,-0.00019336,11.5115,10.4908,-0.0557,-1.6196,-0.1061,335.0451,29.0789,,11.5115,8.4025,10.5412,11.0045,21.0824,22.009,42.1647,10.5412,0.0,2.087904,4.0,1.09205,30,155,25,3,0E-8,-0.00483390,,0E-8,0.000000,0.910505,0.000000,,2026-03-23,2026-06-20,38,580,415,90,0.422222,,,0.000000,,,,,,,,GLOBAL_BASELINE_NO_ENTITY_RANKING,,,NOT_APPLICABLE_GLOBAL_BASELINE,HF9g-P5,,,,X 全窗基线 · 不参与实体赏罚,3928146,393,A168_HF9F_20260827_0900,2026-08-27 09:00:00
2026-04-16,145898681,2248,0,21.0823688150,0E-10,0E-10,0.5000000,2,2,0.49324550000000000,0.493245500000,0.01910635448239258,0.01910635448239258,0.01910635448239258,0E-17,ELIGIBLE,R03b_20260811_FULL_v1,L1_ELIGIBILITY,v2026-08-11,2026-03-21..2026-08-06,baccarat_bet02_101_all_pairs_incl_sentinel,round_win = game_pnl > 0 (decisive only),COMPATIBILITY_ONLY_NOT_PRODUCTION,12731.7143,11592.2902,-61.5438,1106,1105,0.00483390,,0.00483390,0.00483390,61.5438,12731.7143,OK,0.0000,-2.4618,4.0000,96.0000,AG03-UNRESOLVED,ALL5_LEVELS_bet23_to_bet27,-2.4618,-2.4618,-2.4618,-2.4618,-2.4618,4.000000,4.000000,4.000000,4.000000,4.000000,96.000000,96.000000,96.000000,96.000000,96.000000,5.0,-12.3088,-11.3627,-49.2350,-50.1811,PENDING_AG03,FALSE,NOT_FOR_ENFORCEMENT,-59.0821,11128.5986,-61.5438,-59.0821,-2.4618,-0.00483390,-0.00464054,-2.4618,-59.0821,-0.00464054,-2.4618,-2.4618,-2.4618,-2.4618,-2.4618,-59.0821,-0.00464054,-12.3088,-11.3627,-49.2350,-50.1811,-0.00386712,-0.00394143,-0.00019336,11.5115,10.4908,-0.0557,-1.6196,-0.1061,335.0451,29.0789,,11.5115,8.4025,10.5412,11.0045,21.0824,22.009,42.1647,10.5412,0.0,2.087904,4.0,1.09205,30,155,25,3,0E-8,-0.00483390,,0E-8,0.000000,0.910505,0.000000,,2026-03-23,2026-06-20,38,580,415,90,0.422222,,,0.000000,,,,,,,,GLOBAL_BASELINE_NO_ENTITY_RANKING,,,NOT_APPLICABLE_GLOBAL_BASELINE,HF9g-P5,,,,X 全窗基线 · 不参与实体赏罚,3928147,393,A168_HF9F_20260827_0900,2026-08-27 09:00:00
2026-04-16,145898681,2251,0,29.5153163410,11.5953028482,11.5953028482,0.5000000,2,2,0.49994810000000000,0.499948100000,0.00014679536856514622,0.00014679536856514622,0.00014679536856514622,0E-17,ELIGIBLE,R03b_20260811_FULL_v1,L1_ELIGIBILITY,v2026-08-11,2026-03-21..2026-08-06,baccarat_bet02_101_all_pairs_incl_sentinel,round_win = game_pnl > 0 (decisive only),COMPATIBILITY_ONLY_NOT_PRODUCTION,12731.7143,11592.2902,-61.5438,1106,1105,0.00483390,,0.00483390,0.00483390,61.5438,12731.7143,OK,0.0000,-2.4618,4.0000,96.0000,AG03-UNRESOLVED,ALL5_LEVELS_bet23_to_bet27,-2.4618,-2.4618,-2.4618,-2.4618,-2.4618,4.000000,4.000000,4.000000,4.000000,4.000000,96.000000,96.000000,96.000000,96.000000,96.000000,5.0,-12.3088,-11.3627,-49.2350,-50.1811,PENDING_AG03,FALSE,NOT_FOR_ENFORCEMENT,-59.0821,11128.5986,-61.5438,-59.0821,-2.4618,-0.00483390,-0.00464054,-2.4618,-59.0821,-0.00464054,-2.4618,-2.4618,-2.4618,-2.4618,-2.4618,-59.0821,-0.00464054,-12.3088,-11.3627,-49.2350,-50.1811,-0.00386712,-0.00394143,-0.00019336,11.5115,10.4908,-0.0557,-1.6196,-0.1061,335.0451,29.0789,,11.5115,8.4025,10.5412,11.0045,21.0824,22.009,42.1647,10.5412,0.0,2.087904,4.0,1.09205,30,155,25,3,0E-8,-0.00483390,,0E-8,0.000000,0.910505,0.000000,,2026-03-23,2026-06-20,38,580,415,90,0.422222,,,0.000000,,,,,,,,GLOBAL_BASELINE_NO_ENTITY_RANKING,,,NOT_APPLICABLE_GLOBAL_BASELINE,HF9g-P5,,,,X 全窗基线 · 不参与实体赏罚,3928148,393,A168_HF9F_20260827_0900,2026-08-27 09:00:00
2026-04-16,145898681,526,0,10.5411844075,-10.5411844075,-10.5411844075,0E-7,1,1,0.49324550000000000,0.493245500000,-0.9865810262130424,-0.9865810262130424,-0.9865810262130424,0E-17,ELIGIBLE,R03b_20260811_FULL_v1,L1_ELIGIBILITY,v2026-08-11,2026-03-21..2026-08-06,baccarat_bet02_101_all_pairs_incl_sentinel,round_win = game_pnl > 0 (decisive only),COMPATIBILITY_ONLY_NOT_PRODUCTION,12731.7143,11592.2902,-61.5438,1106,1105,0.00483390,,0.00483390,0.00483390,61.5438,12731.7143,OK,0.0000,-2.4618,4.0000,96.0000,AG03-UNRESOLVED,ALL5_LEVELS_bet23_to_bet27,-2.4618,-2.4618,-2.4618,-2.4618,-2.4618,4.000000,4.000000,4.000000,4.000000,4.000000,96.000000,96.000000,96.000000,96.000000,96.000000,5.0,-12.3088,-11.3627,-49.2350,-50.1811,PENDING_AG03,FALSE,NOT_FOR_ENFORCEMENT,-59.0821,11128.5986,-61.5438,-59.0821,-2.4618,-0.00483390,-0.00464054,-2.4618,-59.0821,-0.00464054,-2.4618,-2.4618,-2.4618,-2.4618,-2.4618,-59.0821,-0.00464054,-12.3088,-11.3627,-49.2350,-50.1811,-0.00386712,-0.00394143,-0.00019336,11.5115,10.4908,-0.0557,-1.6196,-0.1061,335.0451,29.0789,,11.5115,8.4025,10.5412,11.0045,21.0824,22.009,42.1647,10.5412,0.0,2.087904,4.0,1.09205,30,155,25,3,0E-8,-0.00483390,,0E-8,0.000000,0.910505,0.000000,,2026-03-23,2026-06-20,38,580,415,90,0.422222,,,0.000000,,,,,,,,GLOBAL_BASELINE_NO_ENTITY_RANKING,,,NOT_APPLICABLE_GLOBAL_BASELINE,HF9g-P5,,,,X 全窗基线 · 不参与实体赏罚,3928149,393,A168_HF9F_20260827_0900,2026-08-27 09:00:00
2026-04-17,145898681,1306,0,6.3247106445,-6.3247106445,-6.3247106445,0E-7,1,1,0.49324550000000000,0.493245500000,-0.9865810262130424,-0.9865810262130424,-0.9865810262130424,0E-17,ELIGIBLE,R03b_20260811_FULL_v1,L1_ELIGIBILITY,v2026-08-11,2026-03-21..2026-08-06,baccarat_bet02_101_all_pairs_incl_sentinel,round_win = game_pnl > 0 (decisive only),COMPATIBILITY_ONLY_NOT_PRODUCTION,12731.7143,11592.2902,-61.5438,1106,1105,0.00483390,,0.00483390,0.00483390,61.5438,12731.7143,OK,0.0000,-2.4618,4.0000,96.0000,AG03-UNRESOLVED,ALL5_LEVELS_bet23_to_bet27,-2.4618,-2.4618,-2.4618,-2.4618,-2.4618,4.000000,4.000000,4.000000,4.000000,4.000000,96.000000,96.000000,96.000000,96.000000,96.000000,5.0,-12.3088,-11.3627,-49.2350,-50.1811,PENDING_AG03,FALSE,NOT_FOR_ENFORCEMENT,-59.0821,11128.5986,-61.5438,-59.0821,-2.4618,-0.00483390,-0.00464054,-2.4618,-59.0821,-0.00464054,-2.4618,-2.4618,-2.4618,-2.4618,-2.4618,-59.0821,-0.00464054,-12.3088,-11.3627,-49.2350,-50.1811,-0.00386712,-0.00394143,-0.00019336,11.5115,10.4908,-0.0557,-1.6196,-0.1061,335.0451,29.0789,,11.5115,8.4025,10.5412,11.0045,21.0824,22.009,42.1647,10.5412,0.0,2.087904,4.0,1.09205,30,155,25,3,0E-8,-0.00483390,,0E-8,0.000000,0.910505,0.000000,,2026-03-23,2026-06-20,38,580,415,90,0.422222,,,0.000000,,,,,,,,GLOBAL_BASELINE_NO_ENTITY_RANKING,,,NOT_APPLICABLE_GLOBAL_BASELINE,HF9g-P5,,,,X 全窗基线 · 不参与实体赏罚,3928150,393,A168_HF9F_20260827_0900,2026-08-27 09:00:00
2026-04-17,145898681,1384,0,4.2164737630,4.0056500748,4.0056500748,1.0000000,1,1,0.50665070000000000,0.506650700000,0.9867858985152569,0.9867858985152569,0.9867858985152569,0E-17,ELIGIBLE,R03b_20260811_FULL_v1,L1_ELIGIBILITY,v2026-08-11,2026-03-21..2026-08-06,baccarat_bet02_101_all_pairs_incl_sentinel,round_win = game_pnl > 0 (decisive only),COMPATIBILITY_ONLY_NOT_PRODUCTION,12731.7143,11592.2902,-61.5438,1106,1105,0.00483390,,0.00483390,0.00483390,61.5438,12731.7143,OK,0.0000,-2.4618,4.0000,96.0000,AG03-UNRESOLVED,ALL5_LEVELS_bet23_to_bet27,-2.4618,-2.4618,-2.4618,-2.4618,-2.4618,4.000000,4.000000,4.000000,4.000000,4.000000,96.000000,96.000000,96.000000,96.000000,96.000000,5.0,-12.3088,-11.3627,-49.2350,-50.1811,PENDING_AG03,FALSE,NOT_FOR_ENFORCEMENT,-59.0821,11128.5986,-61.5438,-59.0821,-2.4618,-0.00483390,-0.00464054,-2.4618,-59.0821,-0.00464054,-2.4618,-2.4618,-2.4618,-2.4618,-2.4618,-59.0821,-0.00464054,-12.3088,-11.3627,-49.2350,-50.1811,-0.00386712,-0.00394143,-0.00019336,11.5115,10.4908,-0.0557,-1.6196,-0.1061,335.0451,29.0789,,11.5115,8.4025,10.5412,11.0045,21.0824,22.009,42.1647,10.5412,0.0,2.087904,4.0,1.09205,30,155,25,3,0E-8,-0.00483390,,0E-8,0.000000,0.910505,0.000000,,2026-03-23,2026-06-20,38,580,415,90,0.422222,,,0.000000,,,,,,,,GLOBAL_BASELINE_NO_ENTITY_RANKING,,,NOT_APPLICABLE_GLOBAL_BASELINE,HF9g-P5,,,,X 全窗基线 · 不参与实体赏罚,3928151,393,A168_HF9F_20260827_0900,2026-08-27 09:00:00
2026-04-17,145898681,2177,0,10.5411844075,-10.5411844075,-10.5411844075,0E-7,1,1,0.49324550000000000,0.493245500000,-0.9865810262130424,-0.9865810262130424,-0.9865810262130424,0E-17,ELIGIBLE,R03b_20260811_FULL_v1,L1_ELIGIBILITY,v2026-08-11,2026-03-21..2026-08-06,baccarat_bet02_101_all_pairs_incl_sentinel,round_win = game_pnl > 0 (decisive only),COMPATIBILITY_ONLY_NOT_PRODUCTION,12731.7143,11592.2902,-61.5438,1106,1105,0.00483390,,0.00483390,0.00483390,61.5438,12731.7143,OK,0.0000,-2.4618,4.0000,96.0000,AG03-UNRESOLVED,ALL5_LEVELS_bet23_to_bet27,-2.4618,-2.4618,-2.4618,-2.4618,-2.4618,4.000000,4.000000,4.000000,4.000000,4.000000,96.000000,96.000000,96.000000,96.000000,96.000000,5.0,-12.3088,-11.3627,-49.2350,-50.1811,PENDING_AG03,FALSE,NOT_FOR_ENFORCEMENT,-59.0821,11128.5986,-61.5438,-59.0821,-2.4618,-0.00483390,-0.00464054,-2.4618,-59.0821,-0.00464054,-2.4618,-2.4618,-2.4618,-2.4618,-2.4618,-59.0821,-0.00464054,-12.3088,-11.3627,-49.2350,-50.1811,-0.00386712,-0.00394143,-0.00019336,11.5115,10.4908,-0.0557,-1.6196,-0.1061,335.0451,29.0789,,11.5115,8.4025,10.5412,11.0045,21.0824,22.009,42.1647,10.5412,0.0,2.087904,4.0,1.09205,30,155,25,3,0E-8,-0.00483390,,0E-8,0.000000,0.910505,0.000000,,2026-03-23,2026-06-20,38,580,415,90,0.422222,,,0.000000,,,,,,,,GLOBAL_BASELINE_NO_ENTITY_RANKING,,,NOT_APPLICABLE_GLOBAL_BASELINE,HF9g-P5,,,,X 全窗基线 · 不参与实体赏罚,3928152,393,A168_HF9F_20260827_0900,2026-08-27 09:00:00
2026-04-17,145898681,772,0,12.4385976008,-12.4385976008,-12.4385976008,0E-7,1,1,0.49324550000000000,0.493245500000,-0.9865810262130424,-0.9865810262130424,-0.9865810262130424,0E-17,ELIGIBLE,R03b_20260811_FULL_v1,L1_ELIGIBILITY,v2026-08-11,2026-03-21..2026-08-06,baccarat_bet02_101_all_pairs_incl_sentinel,round_win = game_pnl > 0 (decisive only),COMPATIBILITY_ONLY_NOT_PRODUCTION,12731.7143,11592.2902,-61.5438,1106,1105,0.00483390,,0.00483390,0.00483390,61.5438,12731.7143,OK,0.0000,-2.4618,4.0000,96.0000,AG03-UNRESOLVED,ALL5_LEVELS_bet23_to_bet27,-2.4618,-2.4618,-2.4618,-2.4618,-2.4618,4.000000,4.000000,4.000000,4.000000,4.000000,96.000000,96.000000,96.000000,96.000000,96.000000,5.0,-12.3088,-11.3627,-49.2350,-50.1811,PENDING_AG03,FALSE,NOT_FOR_ENFORCEMENT,-59.0821,11128.5986,-61.5438,-59.0821,-2.4618,-0.00483390,-0.00464054,-2.4618,-59.0821,-0.00464054,-2.4618,-2.4618,-2.4618,-2.4618,-2.4618,-59.0821,-0.00464054,-12.3088,-11.3627,-49.2350,-50.1811,-0.00386712,-0.00394143,-0.00019336,11.5115,10.4908,-0.0557,-1.6196,-0.1061,335.0451,29.0789,,11.5115,8.4025,10.5412,11.0045,21.0824,22.009,42.1647,10.5412,0.0,2.087904,4.0,1.09205,30,155,25,3,0E-8,-0.00483390,,0E-8,0.000000,0.910505,0.000000,,2026-03-23,2026-06-20,38,580,415,90,0.422222,,,0.000000,,,,,,,,GLOBAL_BASELINE_NO_ENTITY_RANKING,,,NOT_APPLICABLE_GLOBAL_BASELINE,HF9g-P5,,,,X 全窗基线 · 不参与实体赏罚,3928153,393,A168_HF9F_20260827_0900,2026-08-27 09:00:00
2026-04-18,145898681,-1,1,48.4894482745,18.9741319335,18.9741319335,0.6666667,6,6,0.49324550000000000,0.493245500000,0.8496642703256836,0.8496642703256835,0.8496642703256836,0E-17,SENTINEL_DEALER,R03b_20260811_FULL_v1,L1_ELIGIBILITY,v2026-08-11,2026-03-21..2026-08-06,baccarat_bet02_101_all_pairs_incl_sentinel,round_win = game_pnl > 0 (decisive only),COMPATIBILITY_ONLY_NOT_PRODUCTION,12731.7143,11592.2902,-61.5438,1106,1105,0.00483390,,0.00483390,0.00483390,61.5438,12731.7143,OK,0.0000,-2.4618,4.0000,96.0000,AG03-UNRESOLVED,ALL5_LEVELS_bet23_to_bet27,-2.4618,-2.4618,-2.4618,-2.4618,-2.4618,4.000000,4.000000,4.000000,4.000000,4.000000,96.000000,96.000000,96.000000,96.000000,96.000000,5.0,-12.3088,-11.3627,-49.2350,-50.1811,PENDING_AG03,FALSE,NOT_FOR_ENFORCEMENT,-59.0821,11128.5986,-61.5438,-59.0821,-2.4618,-0.00483390,-0.00464054,-2.4618,-59.0821,-0.00464054,-2.4618,-2.4618,-2.4618,-2.4618,-2.4618,-59.0821,-0.00464054,-12.3088,-11.3627,-49.2350,-50.1811,-0.00386712,-0.00394143,-0.00019336,11.5115,10.4908,-0.0557,-1.6196,-0.1061,335.0451,29.0789,,11.5115,8.4025,10.5412,11.0045,21.0824,22.009,42.1647,10.5412,0.0,2.087904,4.0,1.09205,30,155,25,3,0E-8,-0.00483390,,0E-8,0.000000,0.910505,0.000000,,2026-03-23,2026-06-20,38,580,415,90,0.422222,,,0.000000,,,,,,,,GLOBAL_BASELINE_NO_ENTITY_RANKING,,,NOT_APPLICABLE_GLOBAL_BASELINE,HF9g-P5,,,,X 全窗基线 · 不参与实体赏罚,3928154,393,A168_HF9F_20260827_0900,2026-08-27 09:00:00
2026-04-18,145898681,1396,0,31.6235532225,10.5411844075,10.5411844075,0.6666667,3,3,0.49324550000000000,0.493245500000,0.6008033672792107,0.6008033672792106,0.6008033672792107,0E-17,ELIGIBLE,R03b_20260811_FULL_v1,L1_ELIGIBILITY,v2026-08-11,2026-03-21..2026-08-06,baccarat_bet02_101_all_pairs_incl_sentinel,round_win = game_pnl > 0 (decisive only),COMPATIBILITY_ONLY_NOT_PRODUCTION,12731.7143,11592.2902,-61.5438,1106,1105,0.00483390,,0.00483390,0.00483390,61.5438,12731.7143,OK,0.0000,-2.4618,4.0000,96.0000,AG03-UNRESOLVED,ALL5_LEVELS_bet23_to_bet27,-2.4618,-2.4618,-2.4618,-2.4618,-2.4618,4.000000,4.000000,4.000000,4.000000,4.000000,96.000000,96.000000,96.000000,96.000000,96.000000,5.0,-12.3088,-11.3627,-49.2350,-50.1811,PENDING_AG03,FALSE,NOT_FOR_ENFORCEMENT,-59.0821,11128.5986,-61.5438,-59.0821,-2.4618,-0.00483390,-0.00464054,-2.4618,-59.0821,-0.00464054,-2.4618,-2.4618,-2.4618,-2.4618,-2.4618,-59.0821,-0.00464054,-12.3088,-11.3627,-49.2350,-50.1811,-0.00386712,-0.00394143,-0.00019336,11.5115,10.4908,-0.0557,-1.6196,-0.1061,335.0451,29.0789,,11.5115,8.4025,10.5412,11.0045,21.0824,22.009,42.1647,10.5412,0.0,2.087904,4.0,1.09205,30,155,25,3,0E-8,-0.00483390,,0E-8,0.000000,0.910505,0.000000,,2026-03-23,2026-06-20,38,580,415,90,0.422222,,,0.000000,,,,,,,,GLOBAL_BASELINE_NO_ENTITY_RANKING,,,NOT_APPLICABLE_GLOBAL_BASELINE,HF9g-P5,,,,X 全窗基线 · 不参与实体赏罚,3928155,393,A168_HF9F_20260827_0900,2026-08-27 09:00:00
2026-04-18,145898681,1401,0,14.7576581705,6.3247106445,6.3247106445,0.5000000,2,2,0.49324550000000000,0.493245500000,0.01910635448239258,0.01910635448239258,0.01910635448239258,0E-17,ELIGIBLE,R03b_20260811_FULL_v1,L1_ELIGIBILITY,v2026-08-11,2026-03-21..2026-08-06,baccarat_bet02_101_all_pairs_incl_sentinel,round_win = game_pnl > 0 (decisive only),COMPATIBILITY_ONLY_NOT_PRODUCTION,12731.7143,11592.2902,-61.5438,1106,1105,0.00483390,,0.00483390,0.00483390,61.5438,12731.7143,OK,0.0000,-2.4618,4.0000,96.0000,AG03-UNRESOLVED,ALL5_LEVELS_bet23_to_bet27,-2.4618,-2.4618,-2.4618,-2.4618,-2.4618,4.000000,4.000000,4.000000,4.000000,4.000000,96.000000,96.000000,96.000000,96.000000,96.000000,5.0,-12.3088,-11.3627,-49.2350,-50.1811,PENDING_AG03,FALSE,NOT_FOR_ENFORCEMENT,-59.0821,11128.5986,-61.5438,-59.0821,-2.4618,-0.00483390,-0.00464054,-2.4618,-59.0821,-0.00464054,-2.4618,-2.4618,-2.4618,-2.4618,-2.4618,-59.0821,-0.00464054,-12.3088,-11.3627,-49.2350,-50.1811,-0.00386712,-0.00394143,-0.00019336,11.5115,10.4908,-0.0557,-1.6196,-0.1061,335.0451,29.0789,,11.5115,8.4025,10.5412,11.0045,21.0824,22.009,42.1647,10.5412,0.0,2.087904,4.0,1.09205,30,155,25,3,0E-8,-0.00483390,,0E-8,0.000000,0.910505,0.000000,,2026-03-23,2026-06-20,38,580,415,90,0.422222,,,0.000000,,,,,,,,GLOBAL_BASELINE_NO_ENTITY_RANKING,,,NOT_APPLICABLE_GLOBAL_BASELINE,HF9g-P5,,,,X 全窗基线 · 不参与实体赏罚,3928156,393,A168_HF9F_20260827_0900,2026-08-27 09:00:00
2026-04-18,145898681,1623,0,16.8658950520,-6.3247106445,-6.3247106445,0E-7,2,2,0.49324550000000000,0.493245500000,-0.9865810262130424,-0.9865810262130424,-0.9865810262130424,0E-17,ELIGIBLE,R03b_20260811_FULL_v1,L1_ELIGIBILITY,v2026-08-11,2026-03-21..2026-08-06,baccarat_bet02_101_all_pairs_incl_sentinel,round_win = game_pnl > 0 (decisive only),COMPATIBILITY_ONLY_NOT_PRODUCTION,12731.7143,11592.2902,-61.5438,1106,1105,0.00483390,,0.00483390,0.00483390,61.5438,12731.7143,OK,0.0000,-2.4618,4.0000,96.0000,AG03-UNRESOLVED,ALL5_LEVELS_bet23_to_bet27,-2.4618,-2.4618,-2.4618,-2.4618,-2.4618,4.000000,4.000000,4.000000,4.000000,4.000000,96.000000,96.000000,96.000000,96.000000,96.000000,5.0,-12.3088,-11.3627,-49.2350,-50.1811,PENDING_AG03,FALSE,NOT_FOR_ENFORCEMENT,-59.0821,11128.5986,-61.5438,-59.0821,-2.4618,-0.00483390,-0.00464054,-2.4618,-59.0821,-0.00464054,-2.4618,-2.4618,-2.4618,-2.4618,-2.4618,-59.0821,-0.00464054,-12.3088,-11.3627,-49.2350,-50.1811,-0.00386712,-0.00394143,-0.00019336,11.5115,10.4908,-0.0557,-1.6196,-0.1061,335.0451,29.0789,,11.5115,8.4025,10.5412,11.0045,21.0824,22.009,42.1647,10.5412,0.0,2.087904,4.0,1.09205,30,155,25,3,0E-8,-0.00483390,,0E-8,0.000000,0.910505,0.000000,,2026-03-23,2026-06-20,38,580,415,90,0.422222,,,0.000000,,,,,,,,GLOBAL_BASELINE_NO_ENTITY_RANKING,,,NOT_APPLICABLE_GLOBAL_BASELINE,HF9g-P5,,,,X 全窗基线 · 不参与实体赏罚,3928157,393,A168_HF9F_20260827_0900,2026-08-27 09:00:00
2026-04-18,145898681,1957,0,10.5411844075,0E-10,0E-10,,1,1,0.49324550000000000,0.493245500000,,,,0E-17,NO_DECISIVE_ROUND,R03b_20260811_FULL_v1,L1_ELIGIBILITY,v2026-08-11,2026-03-21..2026-08-06,baccarat_bet02_101_all_pairs_incl_sentinel,round_win = game_pnl > 0 (decisive only),COMPATIBILITY_ONLY_NOT_PRODUCTION,12731.7143,11592.2902,-61.5438,1106,1105,0.00483390,,0.00483390,0.00483390,61.5438,12731.7143,OK,0.0000,-2.4618,4.0000,96.0000,AG03-UNRESOLVED,ALL5_LEVELS_bet23_to_bet27,-2.4618,-2.4618,-2.4618,-2.4618,-2.4618,4.000000,4.000000,4.000000,4.000000,4.000000,96.000000,96.000000,96.000000,96.000000,96.000000,5.0,-12.3088,-11.3627,-49.2350,-50.1811,PENDING_AG03,FALSE,NOT_FOR_ENFORCEMENT,-59.0821,11128.5986,-61.5438,-59.0821,-2.4618,-0.00483390,-0.00464054,-2.4618,-59.0821,-0.00464054,-2.4618,-2.4618,-2.4618,-2.4618,-2.4618,-59.0821,-0.00464054,-12.3088,-11.3627,-49.2350,-50.1811,-0.00386712,-0.00394143,-0.00019336,11.5115,10.4908,-0.0557,-1.6196,-0.1061,335.0451,29.0789,,11.5115,8.4025,10.5412,11.0045,21.0824,22.009,42.1647,10.5412,0.0,2.087904,4.0,1.09205,30,155,25,3,0E-8,-0.00483390,,0E-8,0.000000,0.910505,0.000000,,2026-03-23,2026-06-20,38,580,415,90,0.422222,,,0.000000,,,,,,,,GLOBAL_BASELINE_NO_ENTITY_RANKING,,,NOT_APPLICABLE_GLOBAL_BASELINE,HF9g-P5,,,,X 全窗基线 · 不参与实体赏罚,3928158,393,A168_HF9F_20260827_0900,2026-08-27 09:00:00
2026-04-18,145898681,2101,0,10.5411844075,-10.5411844075,-10.5411844075,0E-7,1,1,0.49324550000000000,0.493245500000,-0.9865810262130424,-0.9865810262130424,-0.9865810262130424,0E-17,ELIGIBLE,R03b_20260811_FULL_v1,L1_ELIGIBILITY,v2026-08-11,2026-03-21..2026-08-06,baccarat_bet02_101_all_pairs_incl_sentinel,round_win = game_pnl > 0 (decisive only),COMPATIBILITY_ONLY_NOT_PRODUCTION,12731.7143,11592.2902,-61.5438,1106,1105,0.00483390,,0.00483390,0.00483390,61.5438,12731.7143,OK,0.0000,-2.4618,4.0000,96.0000,AG03-UNRESOLVED,ALL5_LEVELS_bet23_to_bet27,-2.4618,-2.4618,-2.4618,-2.4618,-2.4618,4.000000,4.000000,4.000000,4.000000,4.000000,96.000000,96.000000,96.000000,96.000000,96.000000,5.0,-12.3088,-11.3627,-49.2350,-50.1811,PENDING_AG03,FALSE,NOT_FOR_ENFORCEMENT,-59.0821,11128.5986,-61.5438,-59.0821,-2.4618,-0.00483390,-0.00464054,-2.4618,-59.0821,-0.00464054,-2.4618,-2.4618,-2.4618,-2.4618,-2.4618,-59.0821,-0.00464054,-12.3088,-11.3627,-49.2350,-50.1811,-0.00386712,-0.00394143,-0.00019336,11.5115,10.4908,-0.0557,-1.6196,-0.1061,335.0451,29.0789,,11.5115,8.4025,10.5412,11.0045,21.0824,22.009,42.1647,10.5412,0.0,2.087904,4.0,1.09205,30,155,25,3,0E-8,-0.00483390,,0E-8,0.000000,0.910505,0.000000,,2026-03-23,2026-06-20,38,580,415,90,0.422222,,,0.000000,,,,,,,,GLOBAL_BASELINE_NO_ENTITY_RANKING,,,NOT_APPLICABLE_GLOBAL_BASELINE,HF9g-P5,,,,X 全窗基线 · 不参与实体赏罚,3928159,393,A168_HF9F_20260827_0900,2026-08-27 09:00:00
2026-04-18,145898681,2103,0,4.2164737630,-4.2164737630,-4.2164737630,0E-7,1,1,0.49324550000000000,0.493245500000,-0.9865810262130424,-0.9865810262130424,-0.9865810262130424,0E-17,ELIGIBLE,R03b_20260811_FULL_v1,L1_ELIGIBILITY,v2026-08-11,2026-03-21..2026-08-06,baccarat_bet02_101_all_pairs_incl_sentinel,round_win = game_pnl > 0 (decisive only),COMPATIBILITY_ONLY_NOT_PRODUCTION,12731.7143,11592.2902,-61.5438,1106,1105,0.00483390,,0.00483390,0.00483390,61.5438,12731.7143,OK,0.0000,-2.4618,4.0000,96.0000,AG03-UNRESOLVED,ALL5_LEVELS_bet23_to_bet27,-2.4618,-2.4618,-2.4618,-2.4618,-2.4618,4.000000,4.000000,4.000000,4.000000,4.000000,96.000000,96.000000,96.000000,96.000000,96.000000,5.0,-12.3088,-11.3627,-49.2350,-50.1811,PENDING_AG03,FALSE,NOT_FOR_ENFORCEMENT,-59.0821,11128.5986,-61.5438,-59.0821,-2.4618,-0.00483390,-0.00464054,-2.4618,-59.0821,-0.00464054,-2.4618,-2.4618,-2.4618,-2.4618,-2.4618,-59.0821,-0.00464054,-12.3088,-11.3627,-49.2350,-50.1811,-0.00386712,-0.00394143,-0.00019336,11.5115,10.4908,-0.0557,-1.6196,-0.1061,335.0451,29.0789,,11.5115,8.4025,10.5412,11.0045,21.0824,22.009,42.1647,10.5412,0.0,2.087904,4.0,1.09205,30,155,25,3,0E-8,-0.00483390,,0E-8,0.000000,0.910505,0.000000,,2026-03-23,2026-06-20,38,580,415,90,0.422222,,,0.000000,,,,,,,,GLOBAL_BASELINE_NO_ENTITY_RANKING,,,NOT_APPLICABLE_GLOBAL_BASELINE,HF9g-P5,,,,X 全窗基线 · 不参与实体赏罚,3928160,393,A168_HF9F_20260827_0900,2026-08-27 09:00:00
2026-04-18,145898681,2108,0,10.5411844075,-10.5411844075,-10.5411844075,0E-7,1,1,0.50665070000000000,0.506650700000,-1.013391052207602,-1.013391052207602,-1.013391052207602,0E-17,ELIGIBLE,R03b_20260811_FULL_v1,L1_ELIGIBILITY,v2026-08-11,2026-03-21..2026-08-06,baccarat_bet02_101_all_pairs_incl_sentinel,round_win = game_pnl > 0 (decisive only),COMPATIBILITY_ONLY_NOT_PRODUCTION,12731.7143,11592.2902,-61.5438,1106,1105,0.00483390,,0.00483390,0.00483390,61.5438,12731.7143,OK,0.0000,-2.4618,4.0000,96.0000,AG03-UNRESOLVED,ALL5_LEVELS_bet23_to_bet27,-2.4618,-2.4618,-2.4618,-2.4618,-2.4618,4.000000,4.000000,4.000000,4.000000,4.000000,96.000000,96.000000,96.000000,96.000000,96.000000,5.0,-12.3088,-11.3627,-49.2350,-50.1811,PENDING_AG03,FALSE,NOT_FOR_ENFORCEMENT,-59.0821,11128.5986,-61.5438,-59.0821,-2.4618,-0.00483390,-0.00464054,-2.4618,-59.0821,-0.00464054,-2.4618,-2.4618,-2.4618,-2.4618,-2.4618,-59.0821,-0.00464054,-12.3088,-11.3627,-49.2350,-50.1811,-0.00386712,-0.00394143,-0.00019336,11.5115,10.4908,-0.0557,-1.6196,-0.1061,335.0451,29.0789,,11.5115,8.4025,10.5412,11.0045,21.0824,22.009,42.1647,10.5412,0.0,2.087904,4.0,1.09205,30,155,25,3,0E-8,-0.00483390,,0E-8,0.000000,0.910505,0.000000,,2026-03-23,2026-06-20,38,580,415,90,0.422222,,,0.000000,,,,,,,,GLOBAL_BASELINE_NO_ENTITY_RANKING,,,NOT_APPLICABLE_GLOBAL_BASELINE,HF9g-P5,,,,X 全窗基线 · 不参与实体赏罚,3928161,393,A168_HF9F_20260827_0900,2026-08-27 09:00:00
2026-04-18,145898681,2129,0,42.1647376300,10.5411844075,10.5411844075,1.0000000,3,3,0.49324550000000000,0.493245500000,1.01360149184955,1.01360149184955,1.01360149184955,0E-17,ELIGIBLE,R03b_20260811_FULL_v1,L1_ELIGIBILITY,v2026-08-11,2026-03-21..2026-08-06,baccarat_bet02_101_all_pairs_incl_sentinel,round_win = game_pnl > 0 (decisive only),COMPATIBILITY_ONLY_NOT_PRODUCTION,12731.7143,11592.2902,-61.5438,1106,1105,0.00483390,,0.00483390,0.00483390,61.5438,12731.7143,OK,0.0000,-2.4618,4.0000,96.0000,AG03-UNRESOLVED,ALL5_LEVELS_bet23_to_bet27,-2.4618,-2.4618,-2.4618,-2.4618,-2.4618,4.000000,4.000000,4.000000,4.000000,4.000000,96.000000,96.000000,96.000000,96.000000,96.000000,5.0,-12.3088,-11.3627,-49.2350,-50.1811,PENDING_AG03,FALSE,NOT_FOR_ENFORCEMENT,-59.0821,11128.5986,-61.5438,-59.0821,-2.4618,-0.00483390,-0.00464054,-2.4618,-59.0821,-0.00464054,-2.4618,-2.4618,-2.4618,-2.4618,-2.4618,-59.0821,-0.00464054,-12.3088,-11.3627,-49.2350,-50.1811,-0.00386712,-0.00394143,-0.00019336,11.5115,10.4908,-0.0557,-1.6196,-0.1061,335.0451,29.0789,,11.5115,8.4025,10.5412,11.0045,21.0824,22.009,42.1647,10.5412,0.0,2.087904,4.0,1.09205,30,155,25,3,0E-8,-0.00483390,,0E-8,0.000000,0.910505,0.000000,,2026-03-23,2026-06-20,38,580,415,90,0.422222,,,0.000000,,,,,,,,GLOBAL_BASELINE_NO_ENTITY_RANKING,,,NOT_APPLICABLE_GLOBAL_BASELINE,HF9g-P5,,,,X 全窗基线 · 不参与实体赏罚,3928162,393,A168_HF9F_20260827_0900,2026-08-27 09:00:00
2026-04-18,145898681,2170,0,10.5411844075,-10.5411844075,-10.5411844075,0E-7,1,1,0.49324550000000000,0.493245500000,-0.9865810262130424,-0.9865810262130424,-0.9865810262130424,0E-17,ELIGIBLE,R03b_20260811_FULL_v1,L1_ELIGIBILITY,v2026-08-11,2026-03-21..2026-08-06,baccarat_bet02_101_all_pairs_incl_sentinel,round_win = game_pnl > 0 (decisive only),COMPATIBILITY_ONLY_NOT_PRODUCTION,12731.7143,11592.2902,-61.5438,1106,1105,0.00483390,,0.00483390,0.00483390,61.5438,12731.7143,OK,0.0000,-2.4618,4.0000,96.0000,AG03-UNRESOLVED,ALL5_LEVELS_bet23_to_bet27,-2.4618,-2.4618,-2.4618,-2.4618,-2.4618,4.000000,4.000000,4.000000,4.000000,4.000000,96.000000,96.000000,96.000000,96.000000,96.000000,5.0,-12.3088,-11.3627,-49.2350,-50.1811,PENDING_AG03,FALSE,NOT_FOR_ENFORCEMENT,-59.0821,11128.5986,-61.5438,-59.0821,-2.4618,-0.00483390,-0.00464054,-2.4618,-59.0821,-0.00464054,-2.4618,-2.4618,-2.4618,-2.4618,-2.4618,-59.0821,-0.00464054,-12.3088,-11.3627,-49.2350,-50.1811,-0.00386712,-0.00394143,-0.00019336,11.5115,10.4908,-0.0557,-1.6196,-0.1061,335.0451,29.0789,,11.5115,8.4025,10.5412,11.0045,21.0824,22.009,42.1647,10.5412,0.0,2.087904,4.0,1.09205,30,155,25,3,0E-8,-0.00483390,,0E-8,0.000000,0.910505,0.000000,,2026-03-23,2026-06-20,38,580,415,90,0.422222,,,0.000000,,,,,,,,GLOBAL_BASELINE_NO_ENTITY_RANKING,,,NOT_APPLICABLE_GLOBAL_BASELINE,HF9g-P5,,,,X 全窗基线 · 不参与实体赏罚,3928163,393,A168_HF9F_20260827_0900,2026-08-27 09:00:00
2026-04-18,145898681,2201,0,4.2164737630,-4.2164737630,-4.2164737630,0E-7,1,1,0.49324550000000000,0.493245500000,-0.9865810262130424,-0.9865810262130424,-0.9865810262130424,0E-17,ELIGIBLE,R03b_20260811_FULL_v1,L1_ELIGIBILITY,v2026-08-11,2026-03-21..2026-08-06,baccarat_bet02_101_all_pairs_incl_sentinel,round_win = game_pnl > 0 (decisive only),COMPATIBILITY_ONLY_NOT_PRODUCTION,12731.7143,11592.2902,-61.5438,1106,1105,0.00483390,,0.00483390,0.00483390,61.5438,12731.7143,OK,0.0000,-2.4618,4.0000,96.0000,AG03-UNRESOLVED,ALL5_LEVELS_bet23_to_bet27,-2.4618,-2.4618,-2.4618,-2.4618,-2.4618,4.000000,4.000000,4.000000,4.000000,4.000000,96.000000,96.000000,96.000000,96.000000,96.000000,5.0,-12.3088,-11.3627,-49.2350,-50.1811,PENDING_AG03,FALSE,NOT_FOR_ENFORCEMENT,-59.0821,11128.5986,-61.5438,-59.0821,-2.4618,-0.00483390,-0.00464054,-2.4618,-59.0821,-0.00464054,-2.4618,-2.4618,-2.4618,-2.4618,-2.4618,-59.0821,-0.00464054,-12.3088,-11.3627,-49.2350,-50.1811,-0.00386712,-0.00394143,-0.00019336,11.5115,10.4908,-0.0557,-1.6196,-0.1061,335.0451,29.0789,,11.5115,8.4025,10.5412,11.0045,21.0824,22.009,42.1647,10.5412,0.0,2.087904,4.0,1.09205,30,155,25,3,0E-8,-0.00483390,,0E-8,0.000000,0.910505,0.000000,,2026-03-23,2026-06-20,38,580,415,90,0.422222,,,0.000000,,,,,,,,GLOBAL_BASELINE_NO_ENTITY_RANKING,,,NOT_APPLICABLE_GLOBAL_BASELINE,HF9g-P5,,,,X 全窗基线 · 不参与实体赏罚,3928164,393,A168_HF9F_20260827_0900,2026-08-27 09:00:00
2026-04-18,145898681,2254,0,10.5411844075,-10.5411844075,-10.5411844075,0E-7,1,1,0.49324550000000000,0.493245500000,-0.9865810262130424,-0.9865810262130424,-0.9865810262130424,0E-17,ELIGIBLE,R03b_20260811_FULL_v1,L1_ELIGIBILITY,v2026-08-11,2026-03-21..2026-08-06,baccarat_bet02_101_all_pairs_incl_sentinel,round_win = game_pnl > 0 (decisive only),COMPATIBILITY_ONLY_NOT_PRODUCTION,12731.7143,11592.2902,-61.5438,1106,1105,0.00483390,,0.00483390,0.00483390,61.5438,12731.7143,OK,0.0000,-2.4618,4.0000,96.0000,AG03-UNRESOLVED,ALL5_LEVELS_bet23_to_bet27,-2.4618,-2.4618,-2.4618,-2.4618,-2.4618,4.000000,4.000000,4.000000,4.000000,4.000000,96.000000,96.000000,96.000000,96.000000,96.000000,5.0,-12.3088,-11.3627,-49.2350,-50.1811,PENDING_AG03,FALSE,NOT_FOR_ENFORCEMENT,-59.0821,11128.5986,-61.5438,-59.0821,-2.4618,-0.00483390,-0.00464054,-2.4618,-59.0821,-0.00464054,-2.4618,-2.4618,-2.4618,-2.4618,-2.4618,-59.0821,-0.00464054,-12.3088,-11.3627,-49.2350,-50.1811,-0.00386712,-0.00394143,-0.00019336,11.5115,10.4908,-0.0557,-1.6196,-0.1061,335.0451,29.0789,,11.5115,8.4025,10.5412,11.0045,21.0824,22.009,42.1647,10.5412,0.0,2.087904,4.0,1.09205,30,155,25,3,0E-8,-0.00483390,,0E-8,0.000000,0.910505,0.000000,,2026-03-23,2026-06-20,38,580,415,90,0.422222,,,0.000000,,,,,,,,GLOBAL_BASELINE_NO_ENTITY_RANKING,,,NOT_APPLICABLE_GLOBAL_BASELINE,HF9g-P5,,,,X 全窗基线 · 不参与实体赏罚,3928165,393,A168_HF9F_20260827_0900,2026-08-27 09:00:00
2026-04-18,145898681,919,0,21.0823688150,-10.5411844075,-10.5411844075,0E-7,2,2,0.49324550000000000,0.493245500000,-0.9865810262130424,-0.9865810262130424,-0.9865810262130424,0E-17,ELIGIBLE,R03b_20260811_FULL_v1,L1_ELIGIBILITY,v2026-08-11,2026-03-21..2026-08-06,baccarat_bet02_101_all_pairs_incl_sentinel,round_win = game_pnl > 0 (decisive only),COMPATIBILITY_ONLY_NOT_PRODUCTION,12731.7143,11592.2902,-61.5438,1106,1105,0.00483390,,0.00483390,0.00483390,61.5438,12731.7143,OK,0.0000,-2.4618,4.0000,96.0000,AG03-UNRESOLVED,ALL5_LEVELS_bet23_to_bet27,-2.4618,-2.4618,-2.4618,-2.4618,-2.4618,4.000000,4.000000,4.000000,4.000000,4.000000,96.000000,96.000000,96.000000,96.000000,96.000000,5.0,-12.3088,-11.3627,-49.2350,-50.1811,PENDING_AG03,FALSE,NOT_FOR_ENFORCEMENT,-59.0821,11128.5986,-61.5438,-59.0821,-2.4618,-0.00483390,-0.00464054,-2.4618,-59.0821,-0.00464054,-2.4618,-2.4618,-2.4618,-2.4618,-2.4618,-59.0821,-0.00464054,-12.3088,-11.3627,-49.2350,-50.1811,-0.00386712,-0.00394143,-0.00019336,11.5115,10.4908,-0.0557,-1.6196,-0.1061,335.0451,29.0789,,11.5115,8.4025,10.5412,11.0045,21.0824,22.009,42.1647,10.5412,0.0,2.087904,4.0,1.09205,30,155,25,3,0E-8,-0.00483390,,0E-8,0.000000,0.910505,0.000000,,2026-03-23,2026-06-20,38,580,415,90,0.422222,,,0.000000,,,,,,,,GLOBAL_BASELINE_NO_ENTITY_RANKING,,,NOT_APPLICABLE_GLOBAL_BASELINE,HF9g-P5,,,,X 全窗基线 · 不参与实体赏罚,3928166,393,A168_HF9F_20260827_0900,2026-08-27 09:00:00
2026-04-20,145898681,-1,1,21.0823688150,21.0823688150,21.0823688150,1.0000000,2,2,0.49324550000000000,0.493245500000,1.4334489766152358,1.4334489766152358,1.4334489766152358,0E-17,SENTINEL_DEALER,R03b_20260811_FULL_v1,L1_ELIGIBILITY,v2026-08-11,2026-03-21..2026-08-06,baccarat_bet02_101_all_pairs_incl_sentinel,round_win = game_pnl > 0 (decisive only),COMPATIBILITY_ONLY_NOT_PRODUCTION,12731.7143,11592.2902,-61.5438,1106,1105,0.00483390,,0.00483390,0.00483390,61.5438,12731.7143,OK,0.0000,-2.4618,4.0000,96.0000,AG03-UNRESOLVED,ALL5_LEVELS_bet23_to_bet27,-2.4618,-2.4618,-2.4618,-2.4618,-2.4618,4.000000,4.000000,4.000000,4.000000,4.000000,96.000000,96.000000,96.000000,96.000000,96.000000,5.0,-12.3088,-11.3627,-49.2350,-50.1811,PENDING_AG03,FALSE,NOT_FOR_ENFORCEMENT,-59.0821,11128.5986,-61.5438,-59.0821,-2.4618,-0.00483390,-0.00464054,-2.4618,-59.0821,-0.00464054,-2.4618,-2.4618,-2.4618,-2.4618,-2.4618,-59.0821,-0.00464054,-12.3088,-11.3627,-49.2350,-50.1811,-0.00386712,-0.00394143,-0.00019336,11.5115,10.4908,-0.0557,-1.6196,-0.1061,335.0451,29.0789,,11.5115,8.4025,10.5412,11.0045,21.0824,22.009,42.1647,10.5412,0.0,2.087904,4.0,1.09205,30,155,25,3,0E-8,-0.00483390,,0E-8,0.000000,0.910505,0.000000,,2026-03-23,2026-06-20,38,580,415,90,0.422222,,,0.000000,,,,,,,,GLOBAL_BASELINE_NO_ENTITY_RANKING,,,NOT_APPLICABLE_GLOBAL_BASELINE,HF9g-P5,,,,X 全窗基线 · 不参与实体赏罚,3928167,393,A168_HF9F_20260827_0900,2026-08-27 09:00:00
2026-04-20,145898681,1383,0,12.4385976008,-12.4385976008,-12.4385976008,0E-7,1,1,0.50665070000000000,0.506650700000,-1.013391052207602,-1.013391052207602,-1.013391052207602,0E-17,ELIGIBLE,R03b_20260811_FULL_v1,L1_ELIGIBILITY,v2026-08-11,2026-03-21..2026-08-06,baccarat_bet02_101_all_pairs_incl_sentinel,round_win = game_pnl > 0 (decisive only),COMPATIBILITY_ONLY_NOT_PRODUCTION,12731.7143,11592.2902,-61.5438,1106,1105,0.00483390,,0.00483390,0.00483390,61.5438,12731.7143,OK,0.0000,-2.4618,4.0000,96.0000,AG03-UNRESOLVED,ALL5_LEVELS_bet23_to_bet27,-2.4618,-2.4618,-2.4618,-2.4618,-2.4618,4.000000,4.000000,4.000000,4.000000,4.000000,96.000000,96.000000,96.000000,96.000000,96.000000,5.0,-12.3088,-11.3627,-49.2350,-50.1811,PENDING_AG03,FALSE,NOT_FOR_ENFORCEMENT,-59.0821,11128.5986,-61.5438,-59.0821,-2.4618,-0.00483390,-0.00464054,-2.4618,-59.0821,-0.00464054,-2.4618,-2.4618,-2.4618,-2.4618,-2.4618,-59.0821,-0.00464054,-12.3088,-11.3627,-49.2350,-50.1811,-0.00386712,-0.00394143,-0.00019336,11.5115,10.4908,-0.0557,-1.6196,-0.1061,335.0451,29.0789,,11.5115,8.4025,10.5412,11.0045,21.0824,22.009,42.1647,10.5412,0.0,2.087904,4.0,1.09205,30,155,25,3,0E-8,-0.00483390,,0E-8,0.000000,0.910505,0.000000,,2026-03-23,2026-06-20,38,580,415,90,0.422222,,,0.000000,,,,,,,,GLOBAL_BASELINE_NO_ENTITY_RANKING,,,NOT_APPLICABLE_GLOBAL_BASELINE,HF9g-P5,,,,X 全窗基线 · 不参与实体赏罚,3928168,393,A168_HF9F_20260827_0900,2026-08-27 09:00:00
2026-04-20,145898681,1505,0,18.9741319335,10.3303607193,10.3303607193,0.8000000,5,5,0.49592654000000000,0.495926540000,1.359902984124143,1.359902984124143,1.359902984124143,0E-17,ELIGIBLE,R03b_20260811_FULL_v1,L1_ELIGIBILITY,v2026-08-11,2026-03-21..2026-08-06,baccarat_bet02_101_all_pairs_incl_sentinel,round_win = game_pnl > 0 (decisive only),COMPATIBILITY_ONLY_NOT_PRODUCTION,12731.7143,11592.2902,-61.5438,1106,1105,0.00483390,,0.00483390,0.00483390,61.5438,12731.7143,OK,0.0000,-2.4618,4.0000,96.0000,AG03-UNRESOLVED,ALL5_LEVELS_bet23_to_bet27,-2.4618,-2.4618,-2.4618,-2.4618,-2.4618,4.000000,4.000000,4.000000,4.000000,4.000000,96.000000,96.000000,96.000000,96.000000,96.000000,5.0,-12.3088,-11.3627,-49.2350,-50.1811,PENDING_AG03,FALSE,NOT_FOR_ENFORCEMENT,-59.0821,11128.5986,-61.5438,-59.0821,-2.4618,-0.00483390,-0.00464054,-2.4618,-59.0821,-0.00464054,-2.4618,-2.4618,-2.4618,-2.4618,-2.4618,-59.0821,-0.00464054,-12.3088,-11.3627,-49.2350,-50.1811,-0.00386712,-0.00394143,-0.00019336,11.5115,10.4908,-0.0557,-1.6196,-0.1061,335.0451,29.0789,,11.5115,8.4025,10.5412,11.0045,21.0824,22.009,42.1647,10.5412,0.0,2.087904,4.0,1.09205,30,155,25,3,0E-8,-0.00483390,,0E-8,0.000000,0.910505,0.000000,,2026-03-23,2026-06-20,38,580,415,90,0.422222,,,0.000000,,,,,,,,GLOBAL_BASELINE_NO_ENTITY_RANKING,,,NOT_APPLICABLE_GLOBAL_BASELINE,HF9g-P5,,,,X 全窗基线 · 不参与实体赏罚,3928169,393,A168_HF9F_20260827_0900,2026-08-27 09:00:00
2026-04-20,145898681,1957,0,10.5411844075,10.5411844075,10.5411844075,1.0000000,1,1,0.49324550000000000,0.493245500000,1.01360149184955,1.01360149184955,1.01360149184955,0E-17,ELIGIBLE,R03b_20260811_FULL_v1,L1_ELIGIBILITY,v2026-08-11,2026-03-21..2026-08-06,baccarat_bet02_101_all_pairs_incl_sentinel,round_win = game_pnl > 0 (decisive only),COMPATIBILITY_ONLY_NOT_PRODUCTION,12731.7143,11592.2902,-61.5438,1106,1105,0.00483390,,0.00483390,0.00483390,61.5438,12731.7143,OK,0.0000,-2.4618,4.0000,96.0000,AG03-UNRESOLVED,ALL5_LEVELS_bet23_to_bet27,-2.4618,-2.4618,-2.4618,-2.4618,-2.4618,4.000000,4.000000,4.000000,4.000000,4.000000,96.000000,96.000000,96.000000,96.000000,96.000000,5.0,-12.3088,-11.3627,-49.2350,-50.1811,PENDING_AG03,FALSE,NOT_FOR_ENFORCEMENT,-59.0821,11128.5986,-61.5438,-59.0821,-2.4618,-0.00483390,-0.00464054,-2.4618,-59.0821,-0.00464054,-2.4618,-2.4618,-2.4618,-2.4618,-2.4618,-59.0821,-0.00464054,-12.3088,-11.3627,-49.2350,-50.1811,-0.00386712,-0.00394143,-0.00019336,11.5115,10.4908,-0.0557,-1.6196,-0.1061,335.0451,29.0789,,11.5115,8.4025,10.5412,11.0045,21.0824,22.009,42.1647,10.5412,0.0,2.087904,4.0,1.09205,30,155,25,3,0E-8,-0.00483390,,0E-8,0.000000,0.910505,0.000000,,2026-03-23,2026-06-20,38,580,415,90,0.422222,,,0.000000,,,,,,,,GLOBAL_BASELINE_NO_ENTITY_RANKING,,,NOT_APPLICABLE_GLOBAL_BASELINE,HF9g-P5,,,,X 全窗基线 · 不参与实体赏罚,3928170,393,A168_HF9F_20260827_0900,2026-08-27 09:00:00
2026-04-20,145898681,2201,0,10.5411844075,-10.5411844075,-10.5411844075,0E-7,1,1,0.49324550000000000,0.493245500000,-0.9865810262130424,-0.9865810262130424,-0.9865810262130424,0E-17,ELIGIBLE,R03b_20260811_FULL_v1,L1_ELIGIBILITY,v2026-08-11,2026-03-21..2026-08-06,baccarat_bet02_101_all_pairs_incl_sentinel,round_win = game_pnl > 0 (decisive only),COMPATIBILITY_ONLY_NOT_PRODUCTION,12731.7143,11592.2902,-61.5438,1106,1105,0.00483390,,0.00483390,0.00483390,61.5438,12731.7143,OK,0.0000,-2.4618,4.0000,96.0000,AG03-UNRESOLVED,ALL5_LEVELS_bet23_to_bet27,-2.4618,-2.4618,-2.4618,-2.4618,-2.4618,4.000000,4.000000,4.000000,4.000000,4.000000,96.000000,96.000000,96.000000,96.000000,96.000000,5.0,-12.3088,-11.3627,-49.2350,-50.1811,PENDING_AG03,FALSE,NOT_FOR_ENFORCEMENT,-59.0821,11128.5986,-61.5438,-59.0821,-2.4618,-0.00483390,-0.00464054,-2.4618,-59.0821,-0.00464054,-2.4618,-2.4618,-2.4618,-2.4618,-2.4618,-59.0821,-0.00464054,-12.3088,-11.3627,-49.2350,-50.1811,-0.00386712,-0.00394143,-0.00019336,11.5115,10.4908,-0.0557,-1.6196,-0.1061,335.0451,29.0789,,11.5115,8.4025,10.5412,11.0045,21.0824,22.009,42.1647,10.5412,0.0,2.087904,4.0,1.09205,30,155,25,3,0E-8,-0.00483390,,0E-8,0.000000,0.910505,0.000000,,2026-03-23,2026-06-20,38,580,415,90,0.422222,,,0.000000,,,,,,,,GLOBAL_BASELINE_NO_ENTITY_RANKING,,,NOT_APPLICABLE_GLOBAL_BASELINE,HF9g-P5,,,,X 全窗基线 · 不参与实体赏罚,3928171,393,A168_HF9F_20260827_0900,2026-08-27 09:00:00
2026-04-20,145898681,2254,0,10.5411844075,-10.5411844075,-10.5411844075,0E-7,1,1,0.49324550000000000,0.493245500000,-0.9865810262130424,-0.9865810262130424,-0.9865810262130424,0E-17,ELIGIBLE,R03b_20260811_FULL_v1,L1_ELIGIBILITY,v2026-08-11,2026-03-21..2026-08-06,baccarat_bet02_101_all_pairs_incl_sentinel,round_win = game_pnl > 0 (decisive only),COMPATIBILITY_ONLY_NOT_PRODUCTION,12731.7143,11592.2902,-61.5438,1106,1105,0.00483390,,0.00483390,0.00483390,61.5438,12731.7143,OK,0.0000,-2.4618,4.0000,96.0000,AG03-UNRESOLVED,ALL5_LEVELS_bet23_to_bet27,-2.4618,-2.4618,-2.4618,-2.4618,-2.4618,4.000000,4.000000,4.000000,4.000000,4.000000,96.000000,96.000000,96.000000,96.000000,96.000000,5.0,-12.3088,-11.3627,-49.2350,-50.1811,PENDING_AG03,FALSE,NOT_FOR_ENFORCEMENT,-59.0821,11128.5986,-61.5438,-59.0821,-2.4618,-0.00483390,-0.00464054,-2.4618,-59.0821,-0.00464054,-2.4618,-2.4618,-2.4618,-2.4618,-2.4618,-59.0821,-0.00464054,-12.3088,-11.3627,-49.2350,-50.1811,-0.00386712,-0.00394143,-0.00019336,11.5115,10.4908,-0.0557,-1.6196,-0.1061,335.0451,29.0789,,11.5115,8.4025,10.5412,11.0045,21.0824,22.009,42.1647,10.5412,0.0,2.087904,4.0,1.09205,30,155,25,3,0E-8,-0.00483390,,0E-8,0.000000,0.910505,0.000000,,2026-03-23,2026-06-20,38,580,415,90,0.422222,,,0.000000,,,,,,,,GLOBAL_BASELINE_NO_ENTITY_RANKING,,,NOT_APPLICABLE_GLOBAL_BASELINE,HF9g-P5,,,,X 全窗基线 · 不参与实体赏罚,3928172,393,A168_HF9F_20260827_0900,2026-08-27 09:00:00
2026-04-20,145898681,986,0,21.0823688150,-21.0823688150,-21.0823688150,0E-7,1,1,0.49324550000000000,0.493245500000,-0.9865810262130424,-0.9865810262130424,-0.9865810262130424,0E-17,ELIGIBLE,R03b_20260811_FULL_v1,L1_ELIGIBILITY,v2026-08-11,2026-03-21..2026-08-06,baccarat_bet02_101_all_pairs_incl_sentinel,round_win = game_pnl > 0 (decisive only),COMPATIBILITY_ONLY_NOT_PRODUCTION,12731.7143,11592.2902,-61.5438,1106,1105,0.00483390,,0.00483390,0.00483390,61.5438,12731.7143,OK,0.0000,-2.4618,4.0000,96.0000,AG03-UNRESOLVED,ALL5_LEVELS_bet23_to_bet27,-2.4618,-2.4618,-2.4618,-2.4618,-2.4618,4.000000,4.000000,4.000000,4.000000,4.000000,96.000000,96.000000,96.000000,96.000000,96.000000,5.0,-12.3088,-11.3627,-49.2350,-50.1811,PENDING_AG03,FALSE,NOT_FOR_ENFORCEMENT,-59.0821,11128.5986,-61.5438,-59.0821,-2.4618,-0.00483390,-0.00464054,-2.4618,-59.0821,-0.00464054,-2.4618,-2.4618,-2.4618,-2.4618,-2.4618,-59.0821,-0.00464054,-12.3088,-11.3627,-49.2350,-50.1811,-0.00386712,-0.00394143,-0.00019336,11.5115,10.4908,-0.0557,-1.6196,-0.1061,335.0451,29.0789,,11.5115,8.4025,10.5412,11.0045,21.0824,22.009,42.1647,10.5412,0.0,2.087904,4.0,1.09205,30,155,25,3,0E-8,-0.00483390,,0E-8,0.000000,0.910505,0.000000,,2026-03-23,2026-06-20,38,580,415,90,0.422222,,,0.000000,,,,,,,,GLOBAL_BASELINE_NO_ENTITY_RANKING,,,NOT_APPLICABLE_GLOBAL_BASELINE,HF9g-P5,,,,X 全窗基线 · 不参与实体赏罚,3928173,393,A168_HF9F_20260827_0900,2026-08-27 09:00:00
2026-04-21,145898681,-1,1,63.2471064450,0E-10,0E-10,0.5000000,6,6,0.49547970000000000,0.495479700000,0.022145762000773162,0.022145762000773162,0.022145762000773162,0E-17,SENTINEL_DEALER,R03b_20260811_FULL_v1,L1_ELIGIBILITY,v2026-08-11,2026-03-21..2026-08-06,baccarat_bet02_101_all_pairs_incl_sentinel,round_win = game_pnl > 0 (decisive only),COMPATIBILITY_ONLY_NOT_PRODUCTION,12731.7143,11592.2902,-61.5438,1106,1105,0.00483390,,0.00483390,0.00483390,61.5438,12731.7143,OK,0.0000,-2.4618,4.0000,96.0000,AG03-UNRESOLVED,ALL5_LEVELS_bet23_to_bet27,-2.4618,-2.4618,-2.4618,-2.4618,-2.4618,4.000000,4.000000,4.000000,4.000000,4.000000,96.000000,96.000000,96.000000,96.000000,96.000000,5.0,-12.3088,-11.3627,-49.2350,-50.1811,PENDING_AG03,FALSE,NOT_FOR_ENFORCEMENT,-59.0821,11128.5986,-61.5438,-59.0821,-2.4618,-0.00483390,-0.00464054,-2.4618,-59.0821,-0.00464054,-2.4618,-2.4618,-2.4618,-2.4618,-2.4618,-59.0821,-0.00464054,-12.3088,-11.3627,-49.2350,-50.1811,-0.00386712,-0.00394143,-0.00019336,11.5115,10.4908,-0.0557,-1.6196,-0.1061,335.0451,29.0789,,11.5115,8.4025,10.5412,11.0045,21.0824,22.009,42.1647,10.5412,0.0,2.087904,4.0,1.09205,30,155,25,3,0E-8,-0.00483390,,0E-8,0.000000,0.910505,0.000000,,2026-03-23,2026-06-20,38,580,415,90,0.422222,,,0.000000,,,,,,,,GLOBAL_BASELINE_NO_ENTITY_RANKING,,,NOT_APPLICABLE_GLOBAL_BASELINE,HF9g-P5,,,,X 全窗基线 · 不参与实体赏罚,3928174,393,A168_HF9F_20260827_0900,2026-08-27 09:00:00
2026-04-21,145898681,1205,0,4.2164737630,-4.2164737630,-4.2164737630,0E-7,1,1,0.49324550000000000,0.493245500000,-0.9865810262130424,-0.9865810262130424,-0.9865810262130424,0E-17,ELIGIBLE,R03b_20260811_FULL_v1,L1_ELIGIBILITY,v2026-08-11,2026-03-21..2026-08-06,baccarat_bet02_101_all_pairs_incl_sentinel,round_win = game_pnl > 0 (decisive only),COMPATIBILITY_ONLY_NOT_PRODUCTION,12731.7143,11592.2902,-61.5438,1106,1105,0.00483390,,0.00483390,0.00483390,61.5438,12731.7143,OK,0.0000,-2.4618,4.0000,96.0000,AG03-UNRESOLVED,ALL5_LEVELS_bet23_to_bet27,-2.4618,-2.4618,-2.4618,-2.4618,-2.4618,4.000000,4.000000,4.000000,4.000000,4.000000,96.000000,96.000000,96.000000,96.000000,96.000000,5.0,-12.3088,-11.3627,-49.2350,-50.1811,PENDING_AG03,FALSE,NOT_FOR_ENFORCEMENT,-59.0821,11128.5986,-61.5438,-59.0821,-2.4618,-0.00483390,-0.00464054,-2.4618,-59.0821,-0.00464054,-2.4618,-2.4618,-2.4618,-2.4618,-2.4618,-59.0821,-0.00464054,-12.3088,-11.3627,-49.2350,-50.1811,-0.00386712,-0.00394143,-0.00019336,11.5115,10.4908,-0.0557,-1.6196,-0.1061,335.0451,29.0789,,11.5115,8.4025,10.5412,11.0045,21.0824,22.009,42.1647,10.5412,0.0,2.087904,4.0,1.09205,30,155,25,3,0E-8,-0.00483390,,0E-8,0.000000,0.910505,0.000000,,2026-03-23,2026-06-20,38,580,415,90,0.422222,,,0.000000,,,,,,,,GLOBAL_BASELINE_NO_ENTITY_RANKING,,,NOT_APPLICABLE_GLOBAL_BASELINE,HF9g-P5,,,,X 全窗基线 · 不参与实体赏罚,3928175,393,A168_HF9F_20260827_0900,2026-08-27 09:00:00
2026-04-21,145898681,1306,0,37.9482638670,21.0823688150,21.0823688150,0.7500000,4,4,0.49324550000000000,0.493245500000,1.0271117246678039,1.0271117246678039,1.0271117246678039,0E-17,ELIGIBLE,R03b_20260811_FULL_v1,L1_ELIGIBILITY,v2026-08-11,2026-03-21..2026-08-06,baccarat_bet02_101_all_pairs_incl_sentinel,round_win = game_pnl > 0 (decisive only),COMPATIBILITY_ONLY_NOT_PRODUCTION,12731.7143,11592.2902,-61.5438,1106,1105,0.00483390,,0.00483390,0.00483390,61.5438,12731.7143,OK,0.0000,-2.4618,4.0000,96.0000,AG03-UNRESOLVED,ALL5_LEVELS_bet23_to_bet27,-2.4618,-2.4618,-2.4618,-2.4618,-2.4618,4.000000,4.000000,4.000000,4.000000,4.000000,96.000000,96.000000,96.000000,96.000000,96.000000,5.0,-12.3088,-11.3627,-49.2350,-50.1811,PENDING_AG03,FALSE,NOT_FOR_ENFORCEMENT,-59.0821,11128.5986,-61.5438,-59.0821,-2.4618,-0.00483390,-0.00464054,-2.4618,-59.0821,-0.00464054,-2.4618,-2.4618,-2.4618,-2.4618,-2.4618,-59.0821,-0.00464054,-12.3088,-11.3627,-49.2350,-50.1811,-0.00386712,-0.00394143,-0.00019336,11.5115,10.4908,-0.0557,-1.6196,-0.1061,335.0451,29.0789,,11.5115,8.4025,10.5412,11.0045,21.0824,22.009,42.1647,10.5412,0.0,2.087904,4.0,1.09205,30,155,25,3,0E-8,-0.00483390,,0E-8,0.000000,0.910505,0.000000,,2026-03-23,2026-06-20,38,580,415,90,0.422222,,,0.000000,,,,,,,,GLOBAL_BASELINE_NO_ENTITY_RANKING,,,NOT_APPLICABLE_GLOBAL_BASELINE,HF9g-P5,,,,X 全窗基线 · 不参与实体赏罚,3928176,393,A168_HF9F_20260827_0900,2026-08-27 09:00:00
2026-04-21,145898681,1331,0,10.5411844075,0E-10,0E-10,,1,1,0.49324550000000000,0.493245500000,,,,0E-17,NO_DECISIVE_ROUND,R03b_20260811_FULL_v1,L1_ELIGIBILITY,v2026-08-11,2026-03-21..2026-08-06,baccarat_bet02_101_all_pairs_incl_sentinel,round_win = game_pnl > 0 (decisive only),COMPATIBILITY_ONLY_NOT_PRODUCTION,12731.7143,11592.2902,-61.5438,1106,1105,0.00483390,,0.00483390,0.00483390,61.5438,12731.7143,OK,0.0000,-2.4618,4.0000,96.0000,AG03-UNRESOLVED,ALL5_LEVELS_bet23_to_bet27,-2.4618,-2.4618,-2.4618,-2.4618,-2.4618,4.000000,4.000000,4.000000,4.000000,4.000000,96.000000,96.000000,96.000000,96.000000,96.000000,5.0,-12.3088,-11.3627,-49.2350,-50.1811,PENDING_AG03,FALSE,NOT_FOR_ENFORCEMENT,-59.0821,11128.5986,-61.5438,-59.0821,-2.4618,-0.00483390,-0.00464054,-2.4618,-59.0821,-0.00464054,-2.4618,-2.4618,-2.4618,-2.4618,-2.4618,-59.0821,-0.00464054,-12.3088,-11.3627,-49.2350,-50.1811,-0.00386712,-0.00394143,-0.00019336,11.5115,10.4908,-0.0557,-1.6196,-0.1061,335.0451,29.0789,,11.5115,8.4025,10.5412,11.0045,21.0824,22.009,42.1647,10.5412,0.0,2.087904,4.0,1.09205,30,155,25,3,0E-8,-0.00483390,,0E-8,0.000000,0.910505,0.000000,,2026-03-23,2026-06-20,38,580,415,90,0.422222,,,0.000000,,,,,,,,GLOBAL_BASELINE_NO_ENTITY_RANKING,,,NOT_APPLICABLE_GLOBAL_BASELINE,HF9g-P5,,,,X 全窗基线 · 不参与实体赏罚,3928177,393,A168_HF9F_20260827_0900,2026-08-27 09:00:00
2026-04-21,145898681,1396,0,21.0823688150,-21.0823688150,-21.0823688150,0E-7,1,1,0.50665070000000000,0.506650700000,-1.013391052207602,-1.013391052207602,-1.013391052207602,0E-17,ELIGIBLE,R03b_20260811_FULL_v1,L1_ELIGIBILITY,v2026-08-11,2026-03-21..2026-08-06,baccarat_bet02_101_all_pairs_incl_sentinel,round_win = game_pnl > 0 (decisive only),COMPATIBILITY_ONLY_NOT_PRODUCTION,12731.7143,11592.2902,-61.5438,1106,1105,0.00483390,,0.00483390,0.00483390,61.5438,12731.7143,OK,0.0000,-2.4618,4.0000,96.0000,AG03-UNRESOLVED,ALL5_LEVELS_bet23_to_bet27,-2.4618,-2.4618,-2.4618,-2.4618,-2.4618,4.000000,4.000000,4.000000,4.000000,4.000000,96.000000,96.000000,96.000000,96.000000,96.000000,5.0,-12.3088,-11.3627,-49.2350,-50.1811,PENDING_AG03,FALSE,NOT_FOR_ENFORCEMENT,-59.0821,11128.5986,-61.5438,-59.0821,-2.4618,-0.00483390,-0.00464054,-2.4618,-59.0821,-0.00464054,-2.4618,-2.4618,-2.4618,-2.4618,-2.4618,-59.0821,-0.00464054,-12.3088,-11.3627,-49.2350,-50.1811,-0.00386712,-0.00394143,-0.00019336,11.5115,10.4908,-0.0557,-1.6196,-0.1061,335.0451,29.0789,,11.5115,8.4025,10.5412,11.0045,21.0824,22.009,42.1647,10.5412,0.0,2.087904,4.0,1.09205,30,155,25,3,0E-8,-0.00483390,,0E-8,0.000000,0.910505,0.000000,,2026-03-23,2026-06-20,38,580,415,90,0.422222,,,0.000000,,,,,,,,GLOBAL_BASELINE_NO_ENTITY_RANKING,,,NOT_APPLICABLE_GLOBAL_BASELINE,HF9g-P5,,,,X 全窗基线 · 不参与实体赏罚,3928178,393,A168_HF9F_20260827_0900,2026-08-27 09:00:00
2026-04-21,145898681,1490,0,21.0823688150,10.5411844075,10.5411844075,1.0000000,2,2,0.49324550000000000,0.493245500000,1.01360149184955,1.01360149184955,1.01360149184955,0E-17,ELIGIBLE,R03b_20260811_FULL_v1,L1_ELIGIBILITY,v2026-08-11,2026-03-21..2026-08-06,baccarat_bet02_101_all_pairs_incl_sentinel,round_win = game_pnl > 0 (decisive only),COMPATIBILITY_ONLY_NOT_PRODUCTION,12731.7143,11592.2902,-61.5438,1106,1105,0.00483390,,0.00483390,0.00483390,61.5438,12731.7143,OK,0.0000,-2.4618,4.0000,96.0000,AG03-UNRESOLVED,ALL5_LEVELS_bet23_to_bet27,-2.4618,-2.4618,-2.4618,-2.4618,-2.4618,4.000000,4.000000,4.000000,4.000000,4.000000,96.000000,96.000000,96.000000,96.000000,96.000000,5.0,-12.3088,-11.3627,-49.2350,-50.1811,PENDING_AG03,FALSE,NOT_FOR_ENFORCEMENT,-59.0821,11128.5986,-61.5438,-59.0821,-2.4618,-0.00483390,-0.00464054,-2.4618,-59.0821,-0.00464054,-2.4618,-2.4618,-2.4618,-2.4618,-2.4618,-59.0821,-0.00464054,-12.3088,-11.3627,-49.2350,-50.1811,-0.00386712,-0.00394143,-0.00019336,11.5115,10.4908,-0.0557,-1.6196,-0.1061,335.0451,29.0789,,11.5115,8.4025,10.5412,11.0045,21.0824,22.009,42.1647,10.5412,0.0,2.087904,4.0,1.09205,30,155,25,3,0E-8,-0.00483390,,0E-8,0.000000,0.910505,0.000000,,2026-03-23,2026-06-20,38,580,415,90,0.422222,,,0.000000,,,,,,,,GLOBAL_BASELINE_NO_ENTITY_RANKING,,,NOT_APPLICABLE_GLOBAL_BASELINE,HF9g-P5,,,,X 全窗基线 · 不参与实体赏罚,3928179,393,A168_HF9F_20260827_0900,2026-08-27 09:00:00
2026-04-21,145898681,1623,0,10.5411844075,-10.5411844075,-10.5411844075,0E-7,1,1,0.49324550000000000,0.493245500000,-0.9865810262130424,-0.9865810262130424,-0.9865810262130424,0E-17,ELIGIBLE,R03b_20260811_FULL_v1,L1_ELIGIBILITY,v2026-08-11,2026-03-21..2026-08-06,baccarat_bet02_101_all_pairs_incl_sentinel,round_win = game_pnl > 0 (decisive only),COMPATIBILITY_ONLY_NOT_PRODUCTION,12731.7143,11592.2902,-61.5438,1106,1105,0.00483390,,0.00483390,0.00483390,61.5438,12731.7143,OK,0.0000,-2.4618,4.0000,96.0000,AG03-UNRESOLVED,ALL5_LEVELS_bet23_to_bet27,-2.4618,-2.4618,-2.4618,-2.4618,-2.4618,4.000000,4.000000,4.000000,4.000000,4.000000,96.000000,96.000000,96.000000,96.000000,96.000000,5.0,-12.3088,-11.3627,-49.2350,-50.1811,PENDING_AG03,FALSE,NOT_FOR_ENFORCEMENT,-59.0821,11128.5986,-61.5438,-59.0821,-2.4618,-0.00483390,-0.00464054,-2.4618,-59.0821,-0.00464054,-2.4618,-2.4618,-2.4618,-2.4618,-2.4618,-59.0821,-0.00464054,-12.3088,-11.3627,-49.2350,-50.1811,-0.00386712,-0.00394143,-0.00019336,11.5115,10.4908,-0.0557,-1.6196,-0.1061,335.0451,29.0789,,11.5115,8.4025,10.5412,11.0045,21.0824,22.009,42.1647,10.5412,0.0,2.087904,4.0,1.09205,30,155,25,3,0E-8,-0.00483390,,0E-8,0.000000,0.910505,0.000000,,2026-03-23,2026-06-20,38,580,415,90,0.422222,,,0.000000,,,,,,,,GLOBAL_BASELINE_NO_ENTITY_RANKING,,,NOT_APPLICABLE_GLOBAL_BASELINE,HF9g-P5,,,,X 全窗基线 · 不参与实体赏罚,3928180,393,A168_HF9F_20260827_0900,2026-08-27 09:00:00
2026-04-21,145898681,1704,0,25.2988425780,24.8771952017,24.8771952017,1.0000000,4,4,0.49659680000000000,0.496596800000,2.0136594440222715,2.0136594440222715,2.0136594440222715,0E-17,ELIGIBLE,R03b_20260811_FULL_v1,L1_ELIGIBILITY,v2026-08-11,2026-03-21..2026-08-06,baccarat_bet02_101_all_pairs_incl_sentinel,round_win = game_pnl > 0 (decisive only),COMPATIBILITY_ONLY_NOT_PRODUCTION,12731.7143,11592.2902,-61.5438,1106,1105,0.00483390,,0.00483390,0.00483390,61.5438,12731.7143,OK,0.0000,-2.4618,4.0000,96.0000,AG03-UNRESOLVED,ALL5_LEVELS_bet23_to_bet27,-2.4618,-2.4618,-2.4618,-2.4618,-2.4618,4.000000,4.000000,4.000000,4.000000,4.000000,96.000000,96.000000,96.000000,96.000000,96.000000,5.0,-12.3088,-11.3627,-49.2350,-50.1811,PENDING_AG03,FALSE,NOT_FOR_ENFORCEMENT,-59.0821,11128.5986,-61.5438,-59.0821,-2.4618,-0.00483390,-0.00464054,-2.4618,-59.0821,-0.00464054,-2.4618,-2.4618,-2.4618,-2.4618,-2.4618,-59.0821,-0.00464054,-12.3088,-11.3627,-49.2350,-50.1811,-0.00386712,-0.00394143,-0.00019336,11.5115,10.4908,-0.0557,-1.6196,-0.1061,335.0451,29.0789,,11.5115,8.4025,10.5412,11.0045,21.0824,22.009,42.1647,10.5412,0.0,2.087904,4.0,1.09205,30,155,25,3,0E-8,-0.00483390,,0E-8,0.000000,0.910505,0.000000,,2026-03-23,2026-06-20,38,580,415,90,0.422222,,,0.000000,,,,,,,,GLOBAL_BASELINE_NO_ENTITY_RANKING,,,NOT_APPLICABLE_GLOBAL_BASELINE,HF9g-P5,,,,X 全窗基线 · 不参与实体赏罚,3928181,393,A168_HF9F_20260827_0900,2026-08-27 09:00:00
2026-04-21,145898681,1951,0,6.3247106445,6.3247106445,6.3247106445,1.0000000,1,1,0.49324550000000000,0.493245500000,1.01360149184955,1.01360149184955,1.01360149184955,0E-17,ELIGIBLE,R03b_20260811_FULL_v1,L1_ELIGIBILITY,v2026-08-11,2026-03-21..2026-08-06,baccarat_bet02_101_all_pairs_incl_sentinel,round_win = game_pnl > 0 (decisive only),COMPATIBILITY_ONLY_NOT_PRODUCTION,12731.7143,11592.2902,-61.5438,1106,1105,0.00483390,,0.00483390,0.00483390,61.5438,12731.7143,OK,0.0000,-2.4618,4.0000,96.0000,AG03-UNRESOLVED,ALL5_LEVELS_bet23_to_bet27,-2.4618,-2.4618,-2.4618,-2.4618,-2.4618,4.000000,4.000000,4.000000,4.000000,4.000000,96.000000,96.000000,96.000000,96.000000,96.000000,5.0,-12.3088,-11.3627,-49.2350,-50.1811,PENDING_AG03,FALSE,NOT_FOR_ENFORCEMENT,-59.0821,11128.5986,-61.5438,-59.0821,-2.4618,-0.00483390,-0.00464054,-2.4618,-59.0821,-0.00464054,-2.4618,-2.4618,-2.4618,-2.4618,-2.4618,-59.0821,-0.00464054,-12.3088,-11.3627,-49.2350,-50.1811,-0.00386712,-0.00394143,-0.00019336,11.5115,10.4908,-0.0557,-1.6196,-0.1061,335.0451,29.0789,,11.5115,8.4025,10.5412,11.0045,21.0824,22.009,42.1647,10.5412,0.0,2.087904,4.0,1.09205,30,155,25,3,0E-8,-0.00483390,,0E-8,0.000000,0.910505,0.000000,,2026-03-23,2026-06-20,38,580,415,90,0.422222,,,0.000000,,,,,,,,GLOBAL_BASELINE_NO_ENTITY_RANKING,,,NOT_APPLICABLE_GLOBAL_BASELINE,HF9g-P5,,,,X 全窗基线 · 不参与实体赏罚,3928182,393,A168_HF9F_20260827_0900,2026-08-27 09:00:00
2026-04-21,145898681,1957,0,6.3247106445,-6.3247106445,-6.3247106445,0E-7,1,1,0.49324550000000000,0.493245500000,-0.9865810262130424,-0.9865810262130424,-0.9865810262130424,0E-17,ELIGIBLE,R03b_20260811_FULL_v1,L1_ELIGIBILITY,v2026-08-11,2026-03-21..2026-08-06,baccarat_bet02_101_all_pairs_incl_sentinel,round_win = game_pnl > 0 (decisive only),COMPATIBILITY_ONLY_NOT_PRODUCTION,12731.7143,11592.2902,-61.5438,1106,1105,0.00483390,,0.00483390,0.00483390,61.5438,12731.7143,OK,0.0000,-2.4618,4.0000,96.0000,AG03-UNRESOLVED,ALL5_LEVELS_bet23_to_bet27,-2.4618,-2.4618,-2.4618,-2.4618,-2.4618,4.000000,4.000000,4.000000,4.000000,4.000000,96.000000,96.000000,96.000000,96.000000,96.000000,5.0,-12.3088,-11.3627,-49.2350,-50.1811,PENDING_AG03,FALSE,NOT_FOR_ENFORCEMENT,-59.0821,11128.5986,-61.5438,-59.0821,-2.4618,-0.00483390,-0.00464054,-2.4618,-59.0821,-0.00464054,-2.4618,-2.4618,-2.4618,-2.4618,-2.4618,-59.0821,-0.00464054,-12.3088,-11.3627,-49.2350,-50.1811,-0.00386712,-0.00394143,-0.00019336,11.5115,10.4908,-0.0557,-1.6196,-0.1061,335.0451,29.0789,,11.5115,8.4025,10.5412,11.0045,21.0824,22.009,42.1647,10.5412,0.0,2.087904,4.0,1.09205,30,155,25,3,0E-8,-0.00483390,,0E-8,0.000000,0.910505,0.000000,,2026-03-23,2026-06-20,38,580,415,90,0.422222,,,0.000000,,,,,,,,GLOBAL_BASELINE_NO_ENTITY_RANKING,,,NOT_APPLICABLE_GLOBAL_BASELINE,HF9g-P5,,,,X 全窗基线 · 不参与实体赏罚,3928183,393,A168_HF9F_20260827_0900,2026-08-27 09:00:00
2026-04-21,145898681,2209,0,23.1906056965,-6.3247106445,-6.3247106445,0.3333333,3,3,0.49324550000000000,0.493245500000,-0.5540025479526107,-0.5540025479526106,-0.5540025479526107,0E-17,ELIGIBLE,R03b_20260811_FULL_v1,L1_ELIGIBILITY,v2026-08-11,2026-03-21..2026-08-06,baccarat_bet02_101_all_pairs_incl_sentinel,round_win = game_pnl > 0 (decisive only),COMPATIBILITY_ONLY_NOT_PRODUCTION,12731.7143,11592.2902,-61.5438,1106,1105,0.00483390,,0.00483390,0.00483390,61.5438,12731.7143,OK,0.0000,-2.4618,4.0000,96.0000,AG03-UNRESOLVED,ALL5_LEVELS_bet23_to_bet27,-2.4618,-2.4618,-2.4618,-2.4618,-2.4618,4.000000,4.000000,4.000000,4.000000,4.000000,96.000000,96.000000,96.000000,96.000000,96.000000,5.0,-12.3088,-11.3627,-49.2350,-50.1811,PENDING_AG03,FALSE,NOT_FOR_ENFORCEMENT,-59.0821,11128.5986,-61.5438,-59.0821,-2.4618,-0.00483390,-0.00464054,-2.4618,-59.0821,-0.00464054,-2.4618,-2.4618,-2.4618,-2.4618,-2.4618,-59.0821,-0.00464054,-12.3088,-11.3627,-49.2350,-50.1811,-0.00386712,-0.00394143,-0.00019336,11.5115,10.4908,-0.0557,-1.6196,-0.1061,335.0451,29.0789,,11.5115,8.4025,10.5412,11.0045,21.0824,22.009,42.1647,10.5412,0.0,2.087904,4.0,1.09205,30,155,25,3,0E-8,-0.00483390,,0E-8,0.000000,0.910505,0.000000,,2026-03-23,2026-06-20,38,580,415,90,0.422222,,,0.000000,,,,,,,,GLOBAL_BASELINE_NO_ENTITY_RANKING,,,NOT_APPLICABLE_GLOBAL_BASELINE,HF9g-P5,,,,X 全窗基线 · 不参与实体赏罚,3928184,393,A168_HF9F_20260827_0900,2026-08-27 09:00:00
2026-04-21,145898681,2218,0,10.5411844075,-10.5411844075,-10.5411844075,0E-7,1,1,0.50665070000000000,0.506650700000,-1.013391052207602,-1.013391052207602,-1.013391052207602,0E-17,ELIGIBLE,R03b_20260811_FULL_v1,L1_ELIGIBILITY,v2026-08-11,2026-03-21..2026-08-06,baccarat_bet02_101_all_pairs_incl_sentinel,round_win = game_pnl > 0 (decisive only),COMPATIBILITY_ONLY_NOT_PRODUCTION,12731.7143,11592.2902,-61.5438,1106,1105,0.00483390,,0.00483390,0.00483390,61.5438,12731.7143,OK,0.0000,-2.4618,4.0000,96.0000,AG03-UNRESOLVED,ALL5_LEVELS_bet23_to_bet27,-2.4618,-2.4618,-2.4618,-2.4618,-2.4618,4.000000,4.000000,4.000000,4.000000,4.000000,96.000000,96.000000,96.000000,96.000000,96.000000,5.0,-12.3088,-11.3627,-49.2350,-50.1811,PENDING_AG03,FALSE,NOT_FOR_ENFORCEMENT,-59.0821,11128.5986,-61.5438,-59.0821,-2.4618,-0.00483390,-0.00464054,-2.4618,-59.0821,-0.00464054,-2.4618,-2.4618,-2.4618,-2.4618,-2.4618,-59.0821,-0.00464054,-12.3088,-11.3627,-49.2350,-50.1811,-0.00386712,-0.00394143,-0.00019336,11.5115,10.4908,-0.0557,-1.6196,-0.1061,335.0451,29.0789,,11.5115,8.4025,10.5412,11.0045,21.0824,22.009,42.1647,10.5412,0.0,2.087904,4.0,1.09205,30,155,25,3,0E-8,-0.00483390,,0E-8,0.000000,0.910505,0.000000,,2026-03-23,2026-06-20,38,580,415,90,0.422222,,,0.000000,,,,,,,,GLOBAL_BASELINE_NO_ENTITY_RANKING,,,NOT_APPLICABLE_GLOBAL_BASELINE,HF9g-P5,,,,X 全窗基线 · 不参与实体赏罚,3928185,393,A168_HF9F_20260827_0900,2026-08-27 09:00:00
2026-04-21,145898681,2246,0,29.5153163410,0E-10,0E-10,0.5000000,3,3,0.49324550000000000,0.493245500000,0.01910635448239258,0.01910635448239258,0.01910635448239258,0E-17,ELIGIBLE,R03b_20260811_FULL_v1,L1_ELIGIBILITY,v2026-08-11,2026-03-21..2026-08-06,baccarat_bet02_101_all_pairs_incl_sentinel,round_win = game_pnl > 0 (decisive only),COMPATIBILITY_ONLY_NOT_PRODUCTION,12731.7143,11592.2902,-61.5438,1106,1105,0.00483390,,0.00483390,0.00483390,61.5438,12731.7143,OK,0.0000,-2.4618,4.0000,96.0000,AG03-UNRESOLVED,ALL5_LEVELS_bet23_to_bet27,-2.4618,-2.4618,-2.4618,-2.4618,-2.4618,4.000000,4.000000,4.000000,4.000000,4.000000,96.000000,96.000000,96.000000,96.000000,96.000000,5.0,-12.3088,-11.3627,-49.2350,-50.1811,PENDING_AG03,FALSE,NOT_FOR_ENFORCEMENT,-59.0821,11128.5986,-61.5438,-59.0821,-2.4618,-0.00483390,-0.00464054,-2.4618,-59.0821,-0.00464054,-2.4618,-2.4618,-2.4618,-2.4618,-2.4618,-59.0821,-0.00464054,-12.3088,-11.3627,-49.2350,-50.1811,-0.00386712,-0.00394143,-0.00019336,11.5115,10.4908,-0.0557,-1.6196,-0.1061,335.0451,29.0789,,11.5115,8.4025,10.5412,11.0045,21.0824,22.009,42.1647,10.5412,0.0,2.087904,4.0,1.09205,30,155,25,3,0E-8,-0.00483390,,0E-8,0.000000,0.910505,0.000000,,2026-03-23,2026-06-20,38,580,415,90,0.422222,,,0.000000,,,,,,,,GLOBAL_BASELINE_NO_ENTITY_RANKING,,,NOT_APPLICABLE_GLOBAL_BASELINE,HF9g-P5,,,,X 全窗基线 · 不参与实体赏罚,3928186,393,A168_HF9F_20260827_0900,2026-08-27 09:00:00
2026-04-21,145898681,2252,0,40.0565007485,-21.0823688150,-21.0823688150,0E-7,3,3,0.49324550000000000,0.493245500000,-0.9865810262130424,-0.9865810262130424,-0.9865810262130424,0E-17,ELIGIBLE,R03b_20260811_FULL_v1,L1_ELIGIBILITY,v2026-08-11,2026-03-21..2026-08-06,baccarat_bet02_101_all_pairs_incl_sentinel,round_win = game_pnl > 0 (decisive only),COMPATIBILITY_ONLY_NOT_PRODUCTION,12731.7143,11592.2902,-61.5438,1106,1105,0.00483390,,0.00483390,0.00483390,61.5438,12731.7143,OK,0.0000,-2.4618,4.0000,96.0000,AG03-UNRESOLVED,ALL5_LEVELS_bet23_to_bet27,-2.4618,-2.4618,-2.4618,-2.4618,-2.4618,4.000000,4.000000,4.000000,4.000000,4.000000,96.000000,96.000000,96.000000,96.000000,96.000000,5.0,-12.3088,-11.3627,-49.2350,-50.1811,PENDING_AG03,FALSE,NOT_FOR_ENFORCEMENT,-59.0821,11128.5986,-61.5438,-59.0821,-2.4618,-0.00483390,-0.00464054,-2.4618,-59.0821,-0.00464054,-2.4618,-2.4618,-2.4618,-2.4618,-2.4618,-59.0821,-0.00464054,-12.3088,-11.3627,-49.2350,-50.1811,-0.00386712,-0.00394143,-0.00019336,11.5115,10.4908,-0.0557,-1.6196,-0.1061,335.0451,29.0789,,11.5115,8.4025,10.5412,11.0045,21.0824,22.009,42.1647,10.5412,0.0,2.087904,4.0,1.09205,30,155,25,3,0E-8,-0.00483390,,0E-8,0.000000,0.910505,0.000000,,2026-03-23,2026-06-20,38,580,415,90,0.422222,,,0.000000,,,,,,,,GLOBAL_BASELINE_NO_ENTITY_RANKING,,,NOT_APPLICABLE_GLOBAL_BASELINE,HF9g-P5,,,,X 全窗基线 · 不参与实体赏罚,3928187,393,A168_HF9F_20260827_0900,2026-08-27 09:00:00
2026-04-21,145898681,529,0,14.7576581705,2.1082368815,2.1082368815,0.5000000,2,2,0.49324550000000000,0.493245500000,0.01910635448239258,0.01910635448239258,0.01910635448239258,0E-17,ELIGIBLE,R03b_20260811_FULL_v1,L1_ELIGIBILITY,v2026-08-11,2026-03-21..2026-08-06,baccarat_bet02_101_all_pairs_incl_sentinel,round_win = game_pnl > 0 (decisive only),COMPATIBILITY_ONLY_NOT_PRODUCTION,12731.7143,11592.2902,-61.5438,1106,1105,0.00483390,,0.00483390,0.00483390,61.5438,12731.7143,OK,0.0000,-2.4618,4.0000,96.0000,AG03-UNRESOLVED,ALL5_LEVELS_bet23_to_bet27,-2.4618,-2.4618,-2.4618,-2.4618,-2.4618,4.000000,4.000000,4.000000,4.000000,4.000000,96.000000,96.000000,96.000000,96.000000,96.000000,5.0,-12.3088,-11.3627,-49.2350,-50.1811,PENDING_AG03,FALSE,NOT_FOR_ENFORCEMENT,-59.0821,11128.5986,-61.5438,-59.0821,-2.4618,-0.00483390,-0.00464054,-2.4618,-59.0821,-0.00464054,-2.4618,-2.4618,-2.4618,-2.4618,-2.4618,-59.0821,-0.00464054,-12.3088,-11.3627,-49.2350,-50.1811,-0.00386712,-0.00394143,-0.00019336,11.5115,10.4908,-0.0557,-1.6196,-0.1061,335.0451,29.0789,,11.5115,8.4025,10.5412,11.0045,21.0824,22.009,42.1647,10.5412,0.0,2.087904,4.0,1.09205,30,155,25,3,0E-8,-0.00483390,,0E-8,0.000000,0.910505,0.000000,,2026-03-23,2026-06-20,38,580,415,90,0.422222,,,0.000000,,,,,,,,GLOBAL_BASELINE_NO_ENTITY_RANKING,,,NOT_APPLICABLE_GLOBAL_BASELINE,HF9g-P5,,,,X 全窗基线 · 不参与实体赏罚,3928188,393,A168_HF9F_20260827_0900,2026-08-27 09:00:00
2026-04-27,145898681,-1,1,46.3812113930,0E-10,0E-10,0.5000000,5,5,0.49592654000000000,0.495926540000,0.016294380756781617,0.016294380756781617,0.016294380756781617,0E-17,SENTINEL_DEALER,R03b_20260811_FULL_v1,L1_ELIGIBILITY,v2026-08-11,2026-03-21..2026-08-06,baccarat_bet02_101_all_pairs_incl_sentinel,round_win = game_pnl > 0 (decisive only),COMPATIBILITY_ONLY_NOT_PRODUCTION,12731.7143,11592.2902,-61.5438,1106,1105,0.00483390,,0.00483390,0.00483390,61.5438,12731.7143,OK,0.0000,-2.4618,4.0000,96.0000,AG03-UNRESOLVED,ALL5_LEVELS_bet23_to_bet27,-2.4618,-2.4618,-2.4618,-2.4618,-2.4618,4.000000,4.000000,4.000000,4.000000,4.000000,96.000000,96.000000,96.000000,96.000000,96.000000,5.0,-12.3088,-11.3627,-49.2350,-50.1811,PENDING_AG03,FALSE,NOT_FOR_ENFORCEMENT,-59.0821,11128.5986,-61.5438,-59.0821,-2.4618,-0.00483390,-0.00464054,-2.4618,-59.0821,-0.00464054,-2.4618,-2.4618,-2.4618,-2.4618,-2.4618,-59.0821,-0.00464054,-12.3088,-11.3627,-49.2350,-50.1811,-0.00386712,-0.00394143,-0.00019336,11.5115,10.4908,-0.0557,-1.6196,-0.1061,335.0451,29.0789,,11.5115,8.4025,10.5412,11.0045,21.0824,22.009,42.1647,10.5412,0.0,2.087904,4.0,1.09205,30,155,25,3,0E-8,-0.00483390,,0E-8,0.000000,0.910505,0.000000,,2026-03-23,2026-06-20,38,580,415,90,0.422222,,,0.000000,,,,,,,,GLOBAL_BASELINE_NO_ENTITY_RANKING,,,NOT_APPLICABLE_GLOBAL_BASELINE,HF9g-P5,,,,X 全窗基线 · 不参与实体赏罚,3928189,393,A168_HF9F_20260827_0900,2026-08-27 09:00:00
2026-04-27,145898681,1304,0,73.7882908525,51.0193325322,51.0193325322,1.0000000,6,6,0.49771390000000000,0.497713900000,2.2463152072533514,2.246315207253351,2.2463152072533514,0E-17,ELIGIBLE,R03b_20260811_FULL_v1,L1_ELIGIBILITY,v2026-08-11,2026-03-21..2026-08-06,baccarat_bet02_101_all_pairs_incl_sentinel,round_win = game_pnl > 0 (decisive only),COMPATIBILITY_ONLY_NOT_PRODUCTION,12731.7143,11592.2902,-61.5438,1106,1105,0.00483390,,0.00483390,0.00483390,61.5438,12731.7143,OK,0.0000,-2.4618,4.0000,96.0000,AG03-UNRESOLVED,ALL5_LEVELS_bet23_to_bet27,-2.4618,-2.4618,-2.4618,-2.4618,-2.4618,4.000000,4.000000,4.000000,4.000000,4.000000,96.000000,96.000000,96.000000,96.000000,96.000000,5.0,-12.3088,-11.3627,-49.2350,-50.1811,PENDING_AG03,FALSE,NOT_FOR_ENFORCEMENT,-59.0821,11128.5986,-61.5438,-59.0821,-2.4618,-0.00483390,-0.00464054,-2.4618,-59.0821,-0.00464054,-2.4618,-2.4618,-2.4618,-2.4618,-2.4618,-59.0821,-0.00464054,-12.3088,-11.3627,-49.2350,-50.1811,-0.00386712,-0.00394143,-0.00019336,11.5115,10.4908,-0.0557,-1.6196,-0.1061,335.0451,29.0789,,11.5115,8.4025,10.5412,11.0045,21.0824,22.009,42.1647,10.5412,0.0,2.087904,4.0,1.09205,30,155,25,3,0E-8,-0.00483390,,0E-8,0.000000,0.910505,0.000000,,2026-03-23,2026-06-20,38,580,415,90,0.422222,,,0.000000,,,,,,,,GLOBAL_BASELINE_NO_ENTITY_RANKING,,,NOT_APPLICABLE_GLOBAL_BASELINE,HF9g-P5,,,,X 全窗基线 · 不参与实体赏罚,3928190,393,A168_HF9F_20260827_0900,2026-08-27 09:00:00
2026-04-27,145898681,1325,0,73.7882908524,-73.7882908524,-73.7882908524,0E-7,3,3,0.49771390000000000,0.497713900000,-1.724149546644903,-1.724149546644903,-1.724149546644903,0E-17,ELIGIBLE,R03b_20260811_FULL_v1,L1_ELIGIBILITY,v2026-08-11,2026-03-21..2026-08-06,baccarat_bet02_101_all_pairs_incl_sentinel,round_win = game_pnl > 0 (decisive only),COMPATIBILITY_ONLY_NOT_PRODUCTION,12731.7143,11592.2902,-61.5438,1106,1105,0.00483390,,0.00483390,0.00483390,61.5438,12731.7143,OK,0.0000,-2.4618,4.0000,96.0000,AG03-UNRESOLVED,ALL5_LEVELS_bet23_to_bet27,-2.4618,-2.4618,-2.4618,-2.4618,-2.4618,4.000000,4.000000,4.000000,4.000000,4.000000,96.000000,96.000000,96.000000,96.000000,96.000000,5.0,-12.3088,-11.3627,-49.2350,-50.1811,PENDING_AG03,FALSE,NOT_FOR_ENFORCEMENT,-59.0821,11128.5986,-61.5438,-59.0821,-2.4618,-0.00483390,-0.00464054,-2.4618,-59.0821,-0.00464054,-2.4618,-2.4618,-2.4618,-2.4618,-2.4618,-59.0821,-0.00464054,-12.3088,-11.3627,-49.2350,-50.1811,-0.00386712,-0.00394143,-0.00019336,11.5115,10.4908,-0.0557,-1.6196,-0.1061,335.0451,29.0789,,11.5115,8.4025,10.5412,11.0045,21.0824,22.009,42.1647,10.5412,0.0,2.087904,4.0,1.09205,30,155,25,3,0E-8,-0.00483390,,0E-8,0.000000,0.910505,0.000000,,2026-03-23,2026-06-20,38,580,415,90,0.422222,,,0.000000,,,,,,,,GLOBAL_BASELINE_NO_ENTITY_RANKING,,,NOT_APPLICABLE_GLOBAL_BASELINE,HF9g-P5,,,,X 全窗基线 · 不参与实体赏罚,3928191,393,A168_HF9F_20260827_0900,2026-08-27 09:00:00
2026-04-27,145898681,1384,0,2.1082368815,-2.1082368815,-2.1082368815,0E-7,1,1,0.49324550000000000,0.493245500000,-0.9865810262130424,-0.9865810262130424,-0.9865810262130424,0E-17,ELIGIBLE,R03b_20260811_FULL_v1,L1_ELIGIBILITY,v2026-08-11,2026-03-21..2026-08-06,baccarat_bet02_101_all_pairs_incl_sentinel,round_win = game_pnl > 0 (decisive only),COMPATIBILITY_ONLY_NOT_PRODUCTION,12731.7143,11592.2902,-61.5438,1106,1105,0.00483390,,0.00483390,0.00483390,61.5438,12731.7143,OK,0.0000,-2.4618,4.0000,96.0000,AG03-UNRESOLVED,ALL5_LEVELS_bet23_to_bet27,-2.4618,-2.4618,-2.4618,-2.4618,-2.4618,4.000000,4.000000,4.000000,4.000000,4.000000,96.000000,96.000000,96.000000,96.000000,96.000000,5.0,-12.3088,-11.3627,-49.2350,-50.1811,PENDING_AG03,FALSE,NOT_FOR_ENFORCEMENT,-59.0821,11128.5986,-61.5438,-59.0821,-2.4618,-0.00483390,-0.00464054,-2.4618,-59.0821,-0.00464054,-2.4618,-2.4618,-2.4618,-2.4618,-2.4618,-59.0821,-0.00464054,-12.3088,-11.3627,-49.2350,-50.1811,-0.00386712,-0.00394143,-0.00019336,11.5115,10.4908,-0.0557,-1.6196,-0.1061,335.0451,29.0789,,11.5115,8.4025,10.5412,11.0045,21.0824,22.009,42.1647,10.5412,0.0,2.087904,4.0,1.09205,30,155,25,3,0E-8,-0.00483390,,0E-8,0.000000,0.910505,0.000000,,2026-03-23,2026-06-20,38,580,415,90,0.422222,,,0.000000,,,,,,,,GLOBAL_BASELINE_NO_ENTITY_RANKING,,,NOT_APPLICABLE_GLOBAL_BASELINE,HF9g-P5,,,,X 全窗基线 · 不参与实体赏罚,3928192,393,A168_HF9F_20260827_0900,2026-08-27 09:00:00
2026-04-27,145898681,1507,0,84.3294752600,31.6235532225,31.6235532225,0.7500000,5,5,0.49324550000000000,0.493245500000,1.0271117246678039,1.0271117246678039,1.0271117246678039,0E-17,ELIGIBLE,R03b_20260811_FULL_v1,L1_ELIGIBILITY,v2026-08-11,2026-03-21..2026-08-06,baccarat_bet02_101_all_pairs_incl_sentinel,round_win = game_pnl > 0 (decisive only),COMPATIBILITY_ONLY_NOT_PRODUCTION,12731.7143,11592.2902,-61.5438,1106,1105,0.00483390,,0.00483390,0.00483390,61.5438,12731.7143,OK,0.0000,-2.4618,4.0000,96.0000,AG03-UNRESOLVED,ALL5_LEVELS_bet23_to_bet27,-2.4618,-2.4618,-2.4618,-2.4618,-2.4618,4.000000,4.000000,4.000000,4.000000,4.000000,96.000000,96.000000,96.000000,96.000000,96.000000,5.0,-12.3088,-11.3627,-49.2350,-50.1811,PENDING_AG03,FALSE,NOT_FOR_ENFORCEMENT,-59.0821,11128.5986,-61.5438,-59.0821,-2.4618,-0.00483390,-0.00464054,-2.4618,-59.0821,-0.00464054,-2.4618,-2.4618,-2.4618,-2.4618,-2.4618,-59.0821,-0.00464054,-12.3088,-11.3627,-49.2350,-50.1811,-0.00386712,-0.00394143,-0.00019336,11.5115,10.4908,-0.0557,-1.6196,-0.1061,335.0451,29.0789,,11.5115,8.4025,10.5412,11.0045,21.0824,22.009,42.1647,10.5412,0.0,2.087904,4.0,1.09205,30,155,25,3,0E-8,-0.00483390,,0E-8,0.000000,0.910505,0.000000,,2026-03-23,2026-06-20,38,580,415,90,0.422222,,,0.000000,,,,,,,,GLOBAL_BASELINE_NO_ENTITY_RANKING,,,NOT_APPLICABLE_GLOBAL_BASELINE,HF9g-P5,,,,X 全窗基线 · 不参与实体赏罚,3928193,393,A168_HF9F_20260827_0900,2026-08-27 09:00:00
2026-04-27,145898681,1680,0,8.4329475260,0E-10,0E-10,0.5000000,2,2,0.49324550000000000,0.493245500000,0.01910635448239258,0.01910635448239258,0.01910635448239258,0E-17,ELIGIBLE,R03b_20260811_FULL_v1,L1_ELIGIBILITY,v2026-08-11,2026-03-21..2026-08-06,baccarat_bet02_101_all_pairs_incl_sentinel,round_win = game_pnl > 0 (decisive only),COMPATIBILITY_ONLY_NOT_PRODUCTION,12731.7143,11592.2902,-61.5438,1106,1105,0.00483390,,0.00483390,0.00483390,61.5438,12731.7143,OK,0.0000,-2.4618,4.0000,96.0000,AG03-UNRESOLVED,ALL5_LEVELS_bet23_to_bet27,-2.4618,-2.4618,-2.4618,-2.4618,-2.4618,4.000000,4.000000,4.000000,4.000000,4.000000,96.000000,96.000000,96.000000,96.000000,96.000000,5.0,-12.3088,-11.3627,-49.2350,-50.1811,PENDING_AG03,FALSE,NOT_FOR_ENFORCEMENT,-59.0821,11128.5986,-61.5438,-59.0821,-2.4618,-0.00483390,-0.00464054,-2.4618,-59.0821,-0.00464054,-2.4618,-2.4618,-2.4618,-2.4618,-2.4618,-59.0821,-0.00464054,-12.3088,-11.3627,-49.2350,-50.1811,-0.00386712,-0.00394143,-0.00019336,11.5115,10.4908,-0.0557,-1.6196,-0.1061,335.0451,29.0789,,11.5115,8.4025,10.5412,11.0045,21.0824,22.009,42.1647,10.5412,0.0,2.087904,4.0,1.09205,30,155,25,3,0E-8,-0.00483390,,0E-8,0.000000,0.910505,0.000000,,2026-03-23,2026-06-20,38,580,415,90,0.422222,,,0.000000,,,,,,,,GLOBAL_BASELINE_NO_ENTITY_RANKING,,,NOT_APPLICABLE_GLOBAL_BASELINE,HF9g-P5,,,,X 全窗基线 · 不参与实体赏罚,3928194,393,A168_HF9F_20260827_0900,2026-08-27 09:00:00
2026-04-27,145898681,1710,0,4.2164737630,4.2164737630,4.2164737630,1.0000000,1,1,0.49324550000000000,0.493245500000,1.01360149184955,1.01360149184955,1.01360149184955,0E-17,ELIGIBLE,R03b_20260811_FULL_v1,L1_ELIGIBILITY,v2026-08-11,2026-03-21..2026-08-06,baccarat_bet02_101_all_pairs_incl_sentinel,round_win = game_pnl > 0 (decisive only),COMPATIBILITY_ONLY_NOT_PRODUCTION,12731.7143,11592.2902,-61.5438,1106,1105,0.00483390,,0.00483390,0.00483390,61.5438,12731.7143,OK,0.0000,-2.4618,4.0000,96.0000,AG03-UNRESOLVED,ALL5_LEVELS_bet23_to_bet27,-2.4618,-2.4618,-2.4618,-2.4618,-2.4618,4.000000,4.000000,4.000000,4.000000,4.000000,96.000000,96.000000,96.000000,96.000000,96.000000,5.0,-12.3088,-11.3627,-49.2350,-50.1811,PENDING_AG03,FALSE,NOT_FOR_ENFORCEMENT,-59.0821,11128.5986,-61.5438,-59.0821,-2.4618,-0.00483390,-0.00464054,-2.4618,-59.0821,-0.00464054,-2.4618,-2.4618,-2.4618,-2.4618,-2.4618,-59.0821,-0.00464054,-12.3088,-11.3627,-49.2350,-50.1811,-0.00386712,-0.00394143,-0.00019336,11.5115,10.4908,-0.0557,-1.6196,-0.1061,335.0451,29.0789,,11.5115,8.4025,10.5412,11.0045,21.0824,22.009,42.1647,10.5412,0.0,2.087904,4.0,1.09205,30,155,25,3,0E-8,-0.00483390,,0E-8,0.000000,0.910505,0.000000,,2026-03-23,2026-06-20,38,580,415,90,0.422222,,,0.000000,,,,,,,,GLOBAL_BASELINE_NO_ENTITY_RANKING,,,NOT_APPLICABLE_GLOBAL_BASELINE,HF9g-P5,,,,X 全窗基线 · 不参与实体赏罚,3928195,393,A168_HF9F_20260827_0900,2026-08-27 09:00:00
2026-04-27,145898681,1935,0,21.0823688150,-21.0823688150,-21.0823688150,0E-7,1,1,0.49324550000000000,0.493245500000,-0.9865810262130424,-0.9865810262130424,-0.9865810262130424,0E-17,ELIGIBLE,R03b_20260811_FULL_v1,L1_ELIGIBILITY,v2026-08-11,2026-03-21..2026-08-06,baccarat_bet02_101_all_pairs_incl_sentinel,round_win = game_pnl > 0 (decisive only),COMPATIBILITY_ONLY_NOT_PRODUCTION,12731.7143,11592.2902,-61.5438,1106,1105,0.00483390,,0.00483390,0.00483390,61.5438,12731.7143,OK,0.0000,-2.4618,4.0000,96.0000,AG03-UNRESOLVED,ALL5_LEVELS_bet23_to_bet27,-2.4618,-2.4618,-2.4618,-2.4618,-2.4618,4.000000,4.000000,4.000000,4.000000,4.000000,96.000000,96.000000,96.000000,96.000000,96.000000,5.0,-12.3088,-11.3627,-49.2350,-50.1811,PENDING_AG03,FALSE,NOT_FOR_ENFORCEMENT,-59.0821,11128.5986,-61.5438,-59.0821,-2.4618,-0.00483390,-0.00464054,-2.4618,-59.0821,-0.00464054,-2.4618,-2.4618,-2.4618,-2.4618,-2.4618,-59.0821,-0.00464054,-12.3088,-11.3627,-49.2350,-50.1811,-0.00386712,-0.00394143,-0.00019336,11.5115,10.4908,-0.0557,-1.6196,-0.1061,335.0451,29.0789,,11.5115,8.4025,10.5412,11.0045,21.0824,22.009,42.1647,10.5412,0.0,2.087904,4.0,1.09205,30,155,25,3,0E-8,-0.00483390,,0E-8,0.000000,0.910505,0.000000,,2026-03-23,2026-06-20,38,580,415,90,0.422222,,,0.000000,,,,,,,,GLOBAL_BASELINE_NO_ENTITY_RANKING,,,NOT_APPLICABLE_GLOBAL_BASELINE,HF9g-P5,,,,X 全窗基线 · 不参与实体赏罚,3928196,393,A168_HF9F_20260827_0900,2026-08-27 09:00:00
2026-04-27,145898681,2169,0,52.7059220375,2.1082368815,2.1082368815,0.5000000,4,4,0.49324550000000000,0.493245500000,0.027020465636507562,0.027020465636507562,0.027020465636507562,0E-17,ELIGIBLE,R03b_20260811_FULL_v1,L1_ELIGIBILITY,v2026-08-11,2026-03-21..2026-08-06,baccarat_bet02_101_all_pairs_incl_sentinel,round_win = game_pnl > 0 (decisive only),COMPATIBILITY_ONLY_NOT_PRODUCTION,12731.7143,11592.2902,-61.5438,1106,1105,0.00483390,,0.00483390,0.00483390,61.5438,12731.7143,OK,0.0000,-2.4618,4.0000,96.0000,AG03-UNRESOLVED,ALL5_LEVELS_bet23_to_bet27,-2.4618,-2.4618,-2.4618,-2.4618,-2.4618,4.000000,4.000000,4.000000,4.000000,4.000000,96.000000,96.000000,96.000000,96.000000,96.000000,5.0,-12.3088,-11.3627,-49.2350,-50.1811,PENDING_AG03,FALSE,NOT_FOR_ENFORCEMENT,-59.0821,11128.5986,-61.5438,-59.0821,-2.4618,-0.00483390,-0.00464054,-2.4618,-59.0821,-0.00464054,-2.4618,-2.4618,-2.4618,-2.4618,-2.4618,-59.0821,-0.00464054,-12.3088,-11.3627,-49.2350,-50.1811,-0.00386712,-0.00394143,-0.00019336,11.5115,10.4908,-0.0557,-1.6196,-0.1061,335.0451,29.0789,,11.5115,8.4025,10.5412,11.0045,21.0824,22.009,42.1647,10.5412,0.0,2.087904,4.0,1.09205,30,155,25,3,0E-8,-0.00483390,,0E-8,0.000000,0.910505,0.000000,,2026-03-23,2026-06-20,38,580,415,90,0.422222,,,0.000000,,,,,,,,GLOBAL_BASELINE_NO_ENTITY_RANKING,,,NOT_APPLICABLE_GLOBAL_BASELINE,HF9g-P5,,,,X 全窗基线 · 不参与实体赏罚,3928197,393,A168_HF9F_20260827_0900,2026-08-27 09:00:00
2026-04-27,145898681,2175,0,52.7059220374,-52.7059220374,-52.7059220374,0E-7,2,2,0.49994810000000000,0.499948100000,-1.4140667746232096,-1.4140667746232096,-1.4140667746232096,0E-17,ELIGIBLE,R03b_20260811_FULL_v1,L1_ELIGIBILITY,v2026-08-11,2026-03-21..2026-08-06,baccarat_bet02_101_all_pairs_incl_sentinel,round_win = game_pnl > 0 (decisive only),COMPATIBILITY_ONLY_NOT_PRODUCTION,12731.7143,11592.2902,-61.5438,1106,1105,0.00483390,,0.00483390,0.00483390,61.5438,12731.7143,OK,0.0000,-2.4618,4.0000,96.0000,AG03-UNRESOLVED,ALL5_LEVELS_bet23_to_bet27,-2.4618,-2.4618,-2.4618,-2.4618,-2.4618,4.000000,4.000000,4.000000,4.000000,4.000000,96.000000,96.000000,96.000000,96.000000,96.000000,5.0,-12.3088,-11.3627,-49.2350,-50.1811,PENDING_AG03,FALSE,NOT_FOR_ENFORCEMENT,-59.0821,11128.5986,-61.5438,-59.0821,-2.4618,-0.00483390,-0.00464054,-2.4618,-59.0821,-0.00464054,-2.4618,-2.4618,-2.4618,-2.4618,-2.4618,-59.0821,-0.00464054,-12.3088,-11.3627,-49.2350,-50.1811,-0.00386712,-0.00394143,-0.00019336,11.5115,10.4908,-0.0557,-1.6196,-0.1061,335.0451,29.0789,,11.5115,8.4025,10.5412,11.0045,21.0824,22.009,42.1647,10.5412,0.0,2.087904,4.0,1.09205,30,155,25,3,0E-8,-0.00483390,,0E-8,0.000000,0.910505,0.000000,,2026-03-23,2026-06-20,38,580,415,90,0.422222,,,0.000000,,,,,,,,GLOBAL_BASELINE_NO_ENTITY_RANKING,,,NOT_APPLICABLE_GLOBAL_BASELINE,HF9g-P5,,,,X 全窗基线 · 不参与实体赏罚,3928198,393,A168_HF9F_20260827_0900,2026-08-27 09:00:00
2026-04-27,145898681,2177,0,120.1695022453,90.6541859043,90.6541859043,0.6000000,5,5,0.49324550000000000,0.493245500000,0.47746420675292983,0.47746420675292983,0.47746420675292983,0E-17,ELIGIBLE,R03b_20260811_FULL_v1,L1_ELIGIBILITY,v2026-08-11,2026-03-21..2026-08-06,baccarat_bet02_101_all_pairs_incl_sentinel,round_win = game_pnl > 0 (decisive only),COMPATIBILITY_ONLY_NOT_PRODUCTION,12731.7143,11592.2902,-61.5438,1106,1105,0.00483390,,0.00483390,0.00483390,61.5438,12731.7143,OK,0.0000,-2.4618,4.0000,96.0000,AG03-UNRESOLVED,ALL5_LEVELS_bet23_to_bet27,-2.4618,-2.4618,-2.4618,-2.4618,-2.4618,4.000000,4.000000,4.000000,4.000000,4.000000,96.000000,96.000000,96.000000,96.000000,96.000000,5.0,-12.3088,-11.3627,-49.2350,-50.1811,PENDING_AG03,FALSE,NOT_FOR_ENFORCEMENT,-59.0821,11128.5986,-61.5438,-59.0821,-2.4618,-0.00483390,-0.00464054,-2.4618,-59.0821,-0.00464054,-2.4618,-2.4618,-2.4618,-2.4618,-2.4618,-59.0821,-0.00464054,-12.3088,-11.3627,-49.2350,-50.1811,-0.00386712,-0.00394143,-0.00019336,11.5115,10.4908,-0.0557,-1.6196,-0.1061,335.0451,29.0789,,11.5115,8.4025,10.5412,11.0045,21.0824,22.009,42.1647,10.5412,0.0,2.087904,4.0,1.09205,30,155,25,3,0E-8,-0.00483390,,0E-8,0.000000,0.910505,0.000000,,2026-03-23,2026-06-20,38,580,415,90,0.422222,,,0.000000,,,,,,,,GLOBAL_BASELINE_NO_ENTITY_RANKING,,,NOT_APPLICABLE_GLOBAL_BASELINE,HF9g-P5,,,,X 全窗基线 · 不参与实体赏罚,3928199,393,A168_HF9F_20260827_0900,2026-08-27 09:00:00
2026-04-27,145898681,529,0,42.1647376300,-42.1647376300,-42.1647376300,0E-7,2,2,0.49994810000000000,0.499948100000,-1.4140667746232096,-1.4140667746232096,-1.4140667746232096,0E-17,ELIGIBLE,R03b_20260811_FULL_v1,L1_ELIGIBILITY,v2026-08-11,2026-03-21..2026-08-06,baccarat_bet02_101_all_pairs_incl_sentinel,round_win = game_pnl > 0 (decisive only),COMPATIBILITY_ONLY_NOT_PRODUCTION,12731.7143,11592.2902,-61.5438,1106,1105,0.00483390,,0.00483390,0.00483390,61.5438,12731.7143,OK,0.0000,-2.4618,4.0000,96.0000,AG03-UNRESOLVED,ALL5_LEVELS_bet23_to_bet27,-2.4618,-2.4618,-2.4618,-2.4618,-2.4618,4.000000,4.000000,4.000000,4.000000,4.000000,96.000000,96.000000,96.000000,96.000000,96.000000,5.0,-12.3088,-11.3627,-49.2350,-50.1811,PENDING_AG03,FALSE,NOT_FOR_ENFORCEMENT,-59.0821,11128.5986,-61.5438,-59.0821,-2.4618,-0.00483390,-0.00464054,-2.4618,-59.0821,-0.00464054,-2.4618,-2.4618,-2.4618,-2.4618,-2.4618,-59.0821,-0.00464054,-12.3088,-11.3627,-49.2350,-50.1811,-0.00386712,-0.00394143,-0.00019336,11.5115,10.4908,-0.0557,-1.6196,-0.1061,335.0451,29.0789,,11.5115,8.4025,10.5412,11.0045,21.0824,22.009,42.1647,10.5412,0.0,2.087904,4.0,1.09205,30,155,25,3,0E-8,-0.00483390,,0E-8,0.000000,0.910505,0.000000,,2026-03-23,2026-06-20,38,580,415,90,0.422222,,,0.000000,,,,,,,,GLOBAL_BASELINE_NO_ENTITY_RANKING,,,NOT_APPLICABLE_GLOBAL_BASELINE,HF9g-P5,,,,X 全窗基线 · 不参与实体赏罚,3928200,393,A168_HF9F_20260827_0900,2026-08-27 09:00:00
2026-04-27,145898681,948,0,21.0823688150,21.0823688150,21.0823688150,1.0000000,1,1,0.49324550000000000,0.493245500000,1.01360149184955,1.01360149184955,1.01360149184955,0E-17,ELIGIBLE,R03b_20260811_FULL_v1,L1_ELIGIBILITY,v2026-08-11,2026-03-21..2026-08-06,baccarat_bet02_101_all_pairs_incl_sentinel,round_win = game_pnl > 0 (decisive only),COMPATIBILITY_ONLY_NOT_PRODUCTION,12731.7143,11592.2902,-61.5438,1106,1105,0.00483390,,0.00483390,0.00483390,61.5438,12731.7143,OK,0.0000,-2.4618,4.0000,96.0000,AG03-UNRESOLVED,ALL5_LEVELS_bet23_to_bet27,-2.4618,-2.4618,-2.4618,-2.4618,-2.4618,4.000000,4.000000,4.000000,4.000000,4.000000,96.000000,96.000000,96.000000,96.000000,96.000000,5.0,-12.3088,-11.3627,-49.2350,-50.1811,PENDING_AG03,FALSE,NOT_FOR_ENFORCEMENT,-59.0821,11128.5986,-61.5438,-59.0821,-2.4618,-0.00483390,-0.00464054,-2.4618,-59.0821,-0.00464054,-2.4618,-2.4618,-2.4618,-2.4618,-2.4618,-59.0821,-0.00464054,-12.3088,-11.3627,-49.2350,-50.1811,-0.00386712,-0.00394143,-0.00019336,11.5115,10.4908,-0.0557,-1.6196,-0.1061,335.0451,29.0789,,11.5115,8.4025,10.5412,11.0045,21.0824,22.009,42.1647,10.5412,0.0,2.087904,4.0,1.09205,30,155,25,3,0E-8,-0.00483390,,0E-8,0.000000,0.910505,0.000000,,2026-03-23,2026-06-20,38,580,415,90,0.422222,,,0.000000,,,,,,,,GLOBAL_BASELINE_NO_ENTITY_RANKING,,,NOT_APPLICABLE_GLOBAL_BASELINE,HF9g-P5,,,,X 全窗基线 · 不参与实体赏罚,3928201,393,A168_HF9F_20260827_0900,2026-08-27 09:00:00
2026-04-27,145898681,987,0,21.0823688150,0E-10,0E-10,0.5000000,2,2,0.49324550000000000,0.493245500000,0.01910635448239258,0.01910635448239258,0.01910635448239258,0E-17,ELIGIBLE,R03b_20260811_FULL_v1,L1_ELIGIBILITY,v2026-08-11,2026-03-21..2026-08-06,baccarat_bet02_101_all_pairs_incl_sentinel,round_win = game_pnl > 0 (decisive only),COMPATIBILITY_ONLY_NOT_PRODUCTION,12731.7143,11592.2902,-61.5438,1106,1105,0.00483390,,0.00483390,0.00483390,61.5438,12731.7143,OK,0.0000,-2.4618,4.0000,96.0000,AG03-UNRESOLVED,ALL5_LEVELS_bet23_to_bet27,-2.4618,-2.4618,-2.4618,-2.4618,-2.4618,4.000000,4.000000,4.000000,4.000000,4.000000,96.000000,96.000000,96.000000,96.000000,96.000000,5.0,-12.3088,-11.3627,-49.2350,-50.1811,PENDING_AG03,FALSE,NOT_FOR_ENFORCEMENT,-59.0821,11128.5986,-61.5438,-59.0821,-2.4618,-0.00483390,-0.00464054,-2.4618,-59.0821,-0.00464054,-2.4618,-2.4618,-2.4618,-2.4618,-2.4618,-59.0821,-0.00464054,-12.3088,-11.3627,-49.2350,-50.1811,-0.00386712,-0.00394143,-0.00019336,11.5115,10.4908,-0.0557,-1.6196,-0.1061,335.0451,29.0789,,11.5115,8.4025,10.5412,11.0045,21.0824,22.009,42.1647,10.5412,0.0,2.087904,4.0,1.09205,30,155,25,3,0E-8,-0.00483390,,0E-8,0.000000,0.910505,0.000000,,2026-03-23,2026-06-20,38,580,415,90,0.422222,,,0.000000,,,,,,,,GLOBAL_BASELINE_NO_ENTITY_RANKING,,,NOT_APPLICABLE_GLOBAL_BASELINE,HF9g-P5,,,,X 全窗基线 · 不参与实体赏罚,3928202,393,A168_HF9F_20260827_0900,2026-08-27 09:00:00
2026-04-28,145898681,-1,1,50.5976851560,-12.6494212890,-12.6494212890,0.3333333,12,12,0.49436260000000000,0.494362600000,-1.1157144031722506,-1.1157144031722506,-1.1157144031722506,0E-17,SENTINEL_DEALER,R03b_20260811_FULL_v1,L1_ELIGIBILITY,v2026-08-11,2026-03-21..2026-08-06,baccarat_bet02_101_all_pairs_incl_sentinel,round_win = game_pnl > 0 (decisive only),COMPATIBILITY_ONLY_NOT_PRODUCTION,12731.7143,11592.2902,-61.5438,1106,1105,0.00483390,,0.00483390,0.00483390,61.5438,12731.7143,OK,0.0000,-2.4618,4.0000,96.0000,AG03-UNRESOLVED,ALL5_LEVELS_bet23_to_bet27,-2.4618,-2.4618,-2.4618,-2.4618,-2.4618,4.000000,4.000000,4.000000,4.000000,4.000000,96.000000,96.000000,96.000000,96.000000,96.000000,5.0,-12.3088,-11.3627,-49.2350,-50.1811,PENDING_AG03,FALSE,NOT_FOR_ENFORCEMENT,-59.0821,11128.5986,-61.5438,-59.0821,-2.4618,-0.00483390,-0.00464054,-2.4618,-59.0821,-0.00464054,-2.4618,-2.4618,-2.4618,-2.4618,-2.4618,-59.0821,-0.00464054,-12.3088,-11.3627,-49.2350,-50.1811,-0.00386712,-0.00394143,-0.00019336,11.5115,10.4908,-0.0557,-1.6196,-0.1061,335.0451,29.0789,,11.5115,8.4025,10.5412,11.0045,21.0824,22.009,42.1647,10.5412,0.0,2.087904,4.0,1.09205,30,155,25,3,0E-8,-0.00483390,,0E-8,0.000000,0.910505,0.000000,,2026-03-23,2026-06-20,38,580,415,90,0.422222,,,0.000000,,,,,,,,GLOBAL_BASELINE_NO_ENTITY_RANKING,,,NOT_APPLICABLE_GLOBAL_BASELINE,HF9g-P5,,,,X 全窗基线 · 不参与实体赏罚,3928203,393,A168_HF9F_20260827_0900,2026-08-27 09:00:00
2026-04-28,145898681,1115,0,8.4329475260,-8.4329475260,-8.4329475260,0E-7,1,1,0.49324550000000000,0.493245500000,-0.9865810262130424,-0.9865810262130424,-0.9865810262130424,0E-17,ELIGIBLE,R03b_20260811_FULL_v1,L1_ELIGIBILITY,v2026-08-11,2026-03-21..2026-08-06,baccarat_bet02_101_all_pairs_incl_sentinel,round_win = game_pnl > 0 (decisive only),COMPATIBILITY_ONLY_NOT_PRODUCTION,12731.7143,11592.2902,-61.5438,1106,1105,0.00483390,,0.00483390,0.00483390,61.5438,12731.7143,OK,0.0000,-2.4618,4.0000,96.0000,AG03-UNRESOLVED,ALL5_LEVELS_bet23_to_bet27,-2.4618,-2.4618,-2.4618,-2.4618,-2.4618,4.000000,4.000000,4.000000,4.000000,4.000000,96.000000,96.000000,96.000000,96.000000,96.000000,5.0,-12.3088,-11.3627,-49.2350,-50.1811,PENDING_AG03,FALSE,NOT_FOR_ENFORCEMENT,-59.0821,11128.5986,-61.5438,-59.0821,-2.4618,-0.00483390,-0.00464054,-2.4618,-59.0821,-0.00464054,-2.4618,-2.4618,-2.4618,-2.4618,-2.4618,-59.0821,-0.00464054,-12.3088,-11.3627,-49.2350,-50.1811,-0.00386712,-0.00394143,-0.00019336,11.5115,10.4908,-0.0557,-1.6196,-0.1061,335.0451,29.0789,,11.5115,8.4025,10.5412,11.0045,21.0824,22.009,42.1647,10.5412,0.0,2.087904,4.0,1.09205,30,155,25,3,0E-8,-0.00483390,,0E-8,0.000000,0.910505,0.000000,,2026-03-23,2026-06-20,38,580,415,90,0.422222,,,0.000000,,,,,,,,GLOBAL_BASELINE_NO_ENTITY_RANKING,,,NOT_APPLICABLE_GLOBAL_BASELINE,HF9g-P5,,,,X 全窗基线 · 不参与实体赏罚,3928204,393,A168_HF9F_20260827_0900,2026-08-27 09:00:00
2026-04-28,145898681,1210,0,4.2164737630,0E-10,0E-10,0.5000000,2,2,0.49324550000000000,0.493245500000,0.01910635448239258,0.01910635448239258,0.01910635448239258,0E-17,ELIGIBLE,R03b_20260811_FULL_v1,L1_ELIGIBILITY,v2026-08-11,2026-03-21..2026-08-06,baccarat_bet02_101_all_pairs_incl_sentinel,round_win = game_pnl > 0 (decisive only),COMPATIBILITY_ONLY_NOT_PRODUCTION,12731.7143,11592.2902,-61.5438,1106,1105,0.00483390,,0.00483390,0.00483390,61.5438,12731.7143,OK,0.0000,-2.4618,4.0000,96.0000,AG03-UNRESOLVED,ALL5_LEVELS_bet23_to_bet27,-2.4618,-2.4618,-2.4618,-2.4618,-2.4618,4.000000,4.000000,4.000000,4.000000,4.000000,96.000000,96.000000,96.000000,96.000000,96.000000,5.0,-12.3088,-11.3627,-49.2350,-50.1811,PENDING_AG03,FALSE,NOT_FOR_ENFORCEMENT,-59.0821,11128.5986,-61.5438,-59.0821,-2.4618,-0.00483390,-0.00464054,-2.4618,-59.0821,-0.00464054,-2.4618,-2.4618,-2.4618,-2.4618,-2.4618,-59.0821,-0.00464054,-12.3088,-11.3627,-49.2350,-50.1811,-0.00386712,-0.00394143,-0.00019336,11.5115,10.4908,-0.0557,-1.6196,-0.1061,335.0451,29.0789,,11.5115,8.4025,10.5412,11.0045,21.0824,22.009,42.1647,10.5412,0.0,2.087904,4.0,1.09205,30,155,25,3,0E-8,-0.00483390,,0E-8,0.000000,0.910505,0.000000,,2026-03-23,2026-06-20,38,580,415,90,0.422222,,,0.000000,,,,,,,,GLOBAL_BASELINE_NO_ENTITY_RANKING,,,NOT_APPLICABLE_GLOBAL_BASELINE,HF9g-P5,,,,X 全窗基线 · 不参与实体赏罚,3928205,393,A168_HF9F_20260827_0900,2026-08-27 09:00:00
2026-04-28,145898681,1330,0,8.4329475260,-8.4329475260,-8.4329475260,0E-7,2,2,0.49324550000000000,0.493245500000,-1.3952362676504506,-1.3952362676504506,-1.3952362676504506,0E-17,ELIGIBLE,R03b_20260811_FULL_v1,L1_ELIGIBILITY,v2026-08-11,2026-03-21..2026-08-06,baccarat_bet02_101_all_pairs_incl_sentinel,round_win = game_pnl > 0 (decisive only),COMPATIBILITY_ONLY_NOT_PRODUCTION,12731.7143,11592.2902,-61.5438,1106,1105,0.00483390,,0.00483390,0.00483390,61.5438,12731.7143,OK,0.0000,-2.4618,4.0000,96.0000,AG03-UNRESOLVED,ALL5_LEVELS_bet23_to_bet27,-2.4618,-2.4618,-2.4618,-2.4618,-2.4618,4.000000,4.000000,4.000000,4.000000,4.000000,96.000000,96.000000,96.000000,96.000000,96.000000,5.0,-12.3088,-11.3627,-49.2350,-50.1811,PENDING_AG03,FALSE,NOT_FOR_ENFORCEMENT,-59.0821,11128.5986,-61.5438,-59.0821,-2.4618,-0.00483390,-0.00464054,-2.4618,-59.0821,-0.00464054,-2.4618,-2.4618,-2.4618,-2.4618,-2.4618,-59.0821,-0.00464054,-12.3088,-11.3627,-49.2350,-50.1811,-0.00386712,-0.00394143,-0.00019336,11.5115,10.4908,-0.0557,-1.6196,-0.1061,335.0451,29.0789,,11.5115,8.4025,10.5412,11.0045,21.0824,22.009,42.1647,10.5412,0.0,2.087904,4.0,1.09205,30,155,25,3,0E-8,-0.00483390,,0E-8,0.000000,0.910505,0.000000,,2026-03-23,2026-06-20,38,580,415,90,0.422222,,,0.000000,,,,,,,,GLOBAL_BASELINE_NO_ENTITY_RANKING,,,NOT_APPLICABLE_GLOBAL_BASELINE,HF9g-P5,,,,X 全窗基线 · 不参与实体赏罚,3928206,393,A168_HF9F_20260827_0900,2026-08-27 09:00:00
2026-04-28,145898681,1623,0,16.8658950520,4.2164737630,4.2164737630,0.6666667,4,4,0.49324550000000000,0.493245500000,0.6008033672792107,0.6008033672792106,0.6008033672792107,0E-17,ELIGIBLE,R03b_20260811_FULL_v1,L1_ELIGIBILITY,v2026-08-11,2026-03-21..2026-08-06,baccarat_bet02_101_all_pairs_incl_sentinel,round_win = game_pnl > 0 (decisive only),COMPATIBILITY_ONLY_NOT_PRODUCTION,12731.7143,11592.2902,-61.5438,1106,1105,0.00483390,,0.00483390,0.00483390,61.5438,12731.7143,OK,0.0000,-2.4618,4.0000,96.0000,AG03-UNRESOLVED,ALL5_LEVELS_bet23_to_bet27,-2.4618,-2.4618,-2.4618,-2.4618,-2.4618,4.000000,4.000000,4.000000,4.000000,4.000000,96.000000,96.000000,96.000000,96.000000,96.000000,5.0,-12.3088,-11.3627,-49.2350,-50.1811,PENDING_AG03,FALSE,NOT_FOR_ENFORCEMENT,-59.0821,11128.5986,-61.5438,-59.0821,-2.4618,-0.00483390,-0.00464054,-2.4618,-59.0821,-0.00464054,-2.4618,-2.4618,-2.4618,-2.4618,-2.4618,-59.0821,-0.00464054,-12.3088,-11.3627,-49.2350,-50.1811,-0.00386712,-0.00394143,-0.00019336,11.5115,10.4908,-0.0557,-1.6196,-0.1061,335.0451,29.0789,,11.5115,8.4025,10.5412,11.0045,21.0824,22.009,42.1647,10.5412,0.0,2.087904,4.0,1.09205,30,155,25,3,0E-8,-0.00483390,,0E-8,0.000000,0.910505,0.000000,,2026-03-23,2026-06-20,38,580,415,90,0.422222,,,0.000000,,,,,,,,GLOBAL_BASELINE_NO_ENTITY_RANKING,,,NOT_APPLICABLE_GLOBAL_BASELINE,HF9g-P5,,,,X 全窗基线 · 不参与实体赏罚,3928207,393,A168_HF9F_20260827_0900,2026-08-27 09:00:00
2026-04-28,145898681,1966,0,4.2164737630,4.2164737630,4.2164737630,1.0000000,2,2,0.49324550000000000,0.493245500000,1.4334489766152358,1.4334489766152358,1.4334489766152358,0E-17,ELIGIBLE,R03b_20260811_FULL_v1,L1_ELIGIBILITY,v2026-08-11,2026-03-21..2026-08-06,baccarat_bet02_101_all_pairs_incl_sentinel,round_win = game_pnl > 0 (decisive only),COMPATIBILITY_ONLY_NOT_PRODUCTION,12731.7143,11592.2902,-61.5438,1106,1105,0.00483390,,0.00483390,0.00483390,61.5438,12731.7143,OK,0.0000,-2.4618,4.0000,96.0000,AG03-UNRESOLVED,ALL5_LEVELS_bet23_to_bet27,-2.4618,-2.4618,-2.4618,-2.4618,-2.4618,4.000000,4.000000,4.000000,4.000000,4.000000,96.000000,96.000000,96.000000,96.000000,96.000000,5.0,-12.3088,-11.3627,-49.2350,-50.1811,PENDING_AG03,FALSE,NOT_FOR_ENFORCEMENT,-59.0821,11128.5986,-61.5438,-59.0821,-2.4618,-0.00483390,-0.00464054,-2.4618,-59.0821,-0.00464054,-2.4618,-2.4618,-2.4618,-2.4618,-2.4618,-59.0821,-0.00464054,-12.3088,-11.3627,-49.2350,-50.1811,-0.00386712,-0.00394143,-0.00019336,11.5115,10.4908,-0.0557,-1.6196,-0.1061,335.0451,29.0789,,11.5115,8.4025,10.5412,11.0045,21.0824,22.009,42.1647,10.5412,0.0,2.087904,4.0,1.09205,30,155,25,3,0E-8,-0.00483390,,0E-8,0.000000,0.910505,0.000000,,2026-03-23,2026-06-20,38,580,415,90,0.422222,,,0.000000,,,,,,,,GLOBAL_BASELINE_NO_ENTITY_RANKING,,,NOT_APPLICABLE_GLOBAL_BASELINE,HF9g-P5,,,,X 全窗基线 · 不参与实体赏罚,3928208,393,A168_HF9F_20260827_0900,2026-08-27 09:00:00
2026-04-28,145898681,2064,0,4.2164737630,4.2164737630,4.2164737630,1.0000000,1,1,0.49324550000000000,0.493245500000,1.01360149184955,1.01360149184955,1.01360149184955,0E-17,ELIGIBLE,R03b_20260811_FULL_v1,L1_ELIGIBILITY,v2026-08-11,2026-03-21..2026-08-06,baccarat_bet02_101_all_pairs_incl_sentinel,round_win = game_pnl > 0 (decisive only),COMPATIBILITY_ONLY_NOT_PRODUCTION,12731.7143,11592.2902,-61.5438,1106,1105,0.00483390,,0.00483390,0.00483390,61.5438,12731.7143,OK,0.0000,-2.4618,4.0000,96.0000,AG03-UNRESOLVED,ALL5_LEVELS_bet23_to_bet27,-2.4618,-2.4618,-2.4618,-2.4618,-2.4618,4.000000,4.000000,4.000000,4.000000,4.000000,96.000000,96.000000,96.000000,96.000000,96.000000,5.0,-12.3088,-11.3627,-49.2350,-50.1811,PENDING_AG03,FALSE,NOT_FOR_ENFORCEMENT,-59.0821,11128.5986,-61.5438,-59.0821,-2.4618,-0.00483390,-0.00464054,-2.4618,-59.0821,-0.00464054,-2.4618,-2.4618,-2.4618,-2.4618,-2.4618,-59.0821,-0.00464054,-12.3088,-11.3627,-49.2350,-50.1811,-0.00386712,-0.00394143,-0.00019336,11.5115,10.4908,-0.0557,-1.6196,-0.1061,335.0451,29.0789,,11.5115,8.4025,10.5412,11.0045,21.0824,22.009,42.1647,10.5412,0.0,2.087904,4.0,1.09205,30,155,25,3,0E-8,-0.00483390,,0E-8,0.000000,0.910505,0.000000,,2026-03-23,2026-06-20,38,580,415,90,0.422222,,,0.000000,,,,,,,,GLOBAL_BASELINE_NO_ENTITY_RANKING,,,NOT_APPLICABLE_GLOBAL_BASELINE,HF9g-P5,,,,X 全窗基线 · 不参与实体赏罚,3928209,393,A168_HF9F_20260827_0900,2026-08-27 09:00:00
2026-04-28,145898681,2083,0,2.1082368815,0E-10,0E-10,,1,1,0.49324550000000000,0.493245500000,,,,0E-17,NO_DECISIVE_ROUND,R03b_20260811_FULL_v1,L1_ELIGIBILITY,v2026-08-11,2026-03-21..2026-08-06,baccarat_bet02_101_all_pairs_incl_sentinel,round_win = game_pnl > 0 (decisive only),COMPATIBILITY_ONLY_NOT_PRODUCTION,12731.7143,11592.2902,-61.5438,1106,1105,0.00483390,,0.00483390,0.00483390,61.5438,12731.7143,OK,0.0000,-2.4618,4.0000,96.0000,AG03-UNRESOLVED,ALL5_LEVELS_bet23_to_bet27,-2.4618,-2.4618,-2.4618,-2.4618,-2.4618,4.000000,4.000000,4.000000,4.000000,4.000000,96.000000,96.000000,96.000000,96.000000,96.000000,5.0,-12.3088,-11.3627,-49.2350,-50.1811,PENDING_AG03,FALSE,NOT_FOR_ENFORCEMENT,-59.0821,11128.5986,-61.5438,-59.0821,-2.4618,-0.00483390,-0.00464054,-2.4618,-59.0821,-0.00464054,-2.4618,-2.4618,-2.4618,-2.4618,-2.4618,-59.0821,-0.00464054,-12.3088,-11.3627,-49.2350,-50.1811,-0.00386712,-0.00394143,-0.00019336,11.5115,10.4908,-0.0557,-1.6196,-0.1061,335.0451,29.0789,,11.5115,8.4025,10.5412,11.0045,21.0824,22.009,42.1647,10.5412,0.0,2.087904,4.0,1.09205,30,155,25,3,0E-8,-0.00483390,,0E-8,0.000000,0.910505,0.000000,,2026-03-23,2026-06-20,38,580,415,90,0.422222,,,0.000000,,,,,,,,GLOBAL_BASELINE_NO_ENTITY_RANKING,,,NOT_APPLICABLE_GLOBAL_BASELINE,HF9g-P5,,,,X 全窗基线 · 不参与实体赏罚,3928210,393,A168_HF9F_20260827_0900,2026-08-27 09:00:00
2026-04-28,145898681,2117,0,8.4329475260,0E-10,0E-10,0.5000000,2,2,0.49324550000000000,0.493245500000,0.01910635448239258,0.01910635448239258,0.01910635448239258,0E-17,ELIGIBLE,R03b_20260811_FULL_v1,L1_ELIGIBILITY,v2026-08-11,2026-03-21..2026-08-06,baccarat_bet02_101_all_pairs_incl_sentinel,round_win = game_pnl > 0 (decisive only),COMPATIBILITY_ONLY_NOT_PRODUCTION,12731.7143,11592.2902,-61.5438,1106,1105,0.00483390,,0.00483390,0.00483390,61.5438,12731.7143,OK,0.0000,-2.4618,4.0000,96.0000,AG03-UNRESOLVED,ALL5_LEVELS_bet23_to_bet27,-2.4618,-2.4618,-2.4618,-2.4618,-2.4618,4.000000,4.000000,4.000000,4.000000,4.000000,96.000000,96.000000,96.000000,96.000000,96.000000,5.0,-12.3088,-11.3627,-49.2350,-50.1811,PENDING_AG03,FALSE,NOT_FOR_ENFORCEMENT,-59.0821,11128.5986,-61.5438,-59.0821,-2.4618,-0.00483390,-0.00464054,-2.4618,-59.0821,-0.00464054,-2.4618,-2.4618,-2.4618,-2.4618,-2.4618,-59.0821,-0.00464054,-12.3088,-11.3627,-49.2350,-50.1811,-0.00386712,-0.00394143,-0.00019336,11.5115,10.4908,-0.0557,-1.6196,-0.1061,335.0451,29.0789,,11.5115,8.4025,10.5412,11.0045,21.0824,22.009,42.1647,10.5412,0.0,2.087904,4.0,1.09205,30,155,25,3,0E-8,-0.00483390,,0E-8,0.000000,0.910505,0.000000,,2026-03-23,2026-06-20,38,580,415,90,0.422222,,,0.000000,,,,,,,,GLOBAL_BASELINE_NO_ENTITY_RANKING,,,NOT_APPLICABLE_GLOBAL_BASELINE,HF9g-P5,,,,X 全窗基线 · 不参与实体赏罚,3928211,393,A168_HF9F_20260827_0900,2026-08-27 09:00:00
2026-04-28,145898681,2129,0,10.5411844075,-2.1082368815,-2.1082368815,0.5000000,4,4,0.49324550000000000,0.493245500000,0.027020465636507562,0.027020465636507562,0.027020465636507562,0E-17,ELIGIBLE,R03b_20260811_FULL_v1,L1_ELIGIBILITY,v2026-08-11,2026-03-21..2026-08-06,baccarat_bet02_101_all_pairs_incl_sentinel,round_win = game_pnl > 0 (decisive only),COMPATIBILITY_ONLY_NOT_PRODUCTION,12731.7143,11592.2902,-61.5438,1106,1105,0.00483390,,0.00483390,0.00483390,61.5438,12731.7143,OK,0.0000,-2.4618,4.0000,96.0000,AG03-UNRESOLVED,ALL5_LEVELS_bet23_to_bet27,-2.4618,-2.4618,-2.4618,-2.4618,-2.4618,4.000000,4.000000,4.000000,4.000000,4.000000,96.000000,96.000000,96.000000,96.000000,96.000000,5.0,-12.3088,-11.3627,-49.2350,-50.1811,PENDING_AG03,FALSE,NOT_FOR_ENFORCEMENT,-59.0821,11128.5986,-61.5438,-59.0821,-2.4618,-0.00483390,-0.00464054,-2.4618,-59.0821,-0.00464054,-2.4618,-2.4618,-2.4618,-2.4618,-2.4618,-59.0821,-0.00464054,-12.3088,-11.3627,-49.2350,-50.1811,-0.00386712,-0.00394143,-0.00019336,11.5115,10.4908,-0.0557,-1.6196,-0.1061,335.0451,29.0789,,11.5115,8.4025,10.5412,11.0045,21.0824,22.009,42.1647,10.5412,0.0,2.087904,4.0,1.09205,30,155,25,3,0E-8,-0.00483390,,0E-8,0.000000,0.910505,0.000000,,2026-03-23,2026-06-20,38,580,415,90,0.422222,,,0.000000,,,,,,,,GLOBAL_BASELINE_NO_ENTITY_RANKING,,,NOT_APPLICABLE_GLOBAL_BASELINE,HF9g-P5,,,,X 全窗基线 · 不参与实体赏罚,3928212,393,A168_HF9F_20260827_0900,2026-08-27 09:00:00
2026-04-28,145898681,2145,0,4.2164737630,-4.2164737630,-4.2164737630,0E-7,1,1,0.50665070000000000,0.506650700000,-1.013391052207602,-1.013391052207602,-1.013391052207602,0E-17,ELIGIBLE,R03b_20260811_FULL_v1,L1_ELIGIBILITY,v2026-08-11,2026-03-21..2026-08-06,baccarat_bet02_101_all_pairs_incl_sentinel,round_win = game_pnl > 0 (decisive only),COMPATIBILITY_ONLY_NOT_PRODUCTION,12731.7143,11592.2902,-61.5438,1106,1105,0.00483390,,0.00483390,0.00483390,61.5438,12731.7143,OK,0.0000,-2.4618,4.0000,96.0000,AG03-UNRESOLVED,ALL5_LEVELS_bet23_to_bet27,-2.4618,-2.4618,-2.4618,-2.4618,-2.4618,4.000000,4.000000,4.000000,4.000000,4.000000,96.000000,96.000000,96.000000,96.000000,96.000000,5.0,-12.3088,-11.3627,-49.2350,-50.1811,PENDING_AG03,FALSE,NOT_FOR_ENFORCEMENT,-59.0821,11128.5986,-61.5438,-59.0821,-2.4618,-0.00483390,-0.00464054,-2.4618,-59.0821,-0.00464054,-2.4618,-2.4618,-2.4618,-2.4618,-2.4618,-59.0821,-0.00464054,-12.3088,-11.3627,-49.2350,-50.1811,-0.00386712,-0.00394143,-0.00019336,11.5115,10.4908,-0.0557,-1.6196,-0.1061,335.0451,29.0789,,11.5115,8.4025,10.5412,11.0045,21.0824,22.009,42.1647,10.5412,0.0,2.087904,4.0,1.09205,30,155,25,3,0E-8,-0.00483390,,0E-8,0.000000,0.910505,0.000000,,2026-03-23,2026-06-20,38,580,415,90,0.422222,,,0.000000,,,,,,,,GLOBAL_BASELINE_NO_ENTITY_RANKING,,,NOT_APPLICABLE_GLOBAL_BASELINE,HF9g-P5,,,,X 全窗基线 · 不参与实体赏罚,3928213,393,A168_HF9F_20260827_0900,2026-08-27 09:00:00
2026-04-28,145898681,2176,0,8.4329475260,0E-10,0E-10,0.5000000,4,4,0.49324550000000000,0.493245500000,0.027020465636507562,0.027020465636507562,0.027020465636507562,0E-17,ELIGIBLE,R03b_20260811_FULL_v1,L1_ELIGIBILITY,v2026-08-11,2026-03-21..2026-08-06,baccarat_bet02_101_all_pairs_incl_sentinel,round_win = game_pnl > 0 (decisive only),COMPATIBILITY_ONLY_NOT_PRODUCTION,12731.7143,11592.2902,-61.5438,1106,1105,0.00483390,,0.00483390,0.00483390,61.5438,12731.7143,OK,0.0000,-2.4618,4.0000,96.0000,AG03-UNRESOLVED,ALL5_LEVELS_bet23_to_bet27,-2.4618,-2.4618,-2.4618,-2.4618,-2.4618,4.000000,4.000000,4.000000,4.000000,4.000000,96.000000,96.000000,96.000000,96.000000,96.000000,5.0,-12.3088,-11.3627,-49.2350,-50.1811,PENDING_AG03,FALSE,NOT_FOR_ENFORCEMENT,-59.0821,11128.5986,-61.5438,-59.0821,-2.4618,-0.00483390,-0.00464054,-2.4618,-59.0821,-0.00464054,-2.4618,-2.4618,-2.4618,-2.4618,-2.4618,-59.0821,-0.00464054,-12.3088,-11.3627,-49.2350,-50.1811,-0.00386712,-0.00394143,-0.00019336,11.5115,10.4908,-0.0557,-1.6196,-0.1061,335.0451,29.0789,,11.5115,8.4025,10.5412,11.0045,21.0824,22.009,42.1647,10.5412,0.0,2.087904,4.0,1.09205,30,155,25,3,0E-8,-0.00483390,,0E-8,0.000000,0.910505,0.000000,,2026-03-23,2026-06-20,38,580,415,90,0.422222,,,0.000000,,,,,,,,GLOBAL_BASELINE_NO_ENTITY_RANKING,,,NOT_APPLICABLE_GLOBAL_BASELINE,HF9g-P5,,,,X 全窗基线 · 不参与实体赏罚,3928214,393,A168_HF9F_20260827_0900,2026-08-27 09:00:00
2026-04-28,145898681,2218,0,2.1082368815,2.1082368815,2.1082368815,1.0000000,1,1,0.49324550000000000,0.493245500000,1.01360149184955,1.01360149184955,1.01360149184955,0E-17,ELIGIBLE,R03b_20260811_FULL_v1,L1_ELIGIBILITY,v2026-08-11,2026-03-21..2026-08-06,baccarat_bet02_101_all_pairs_incl_sentinel,round_win = game_pnl > 0 (decisive only),COMPATIBILITY_ONLY_NOT_PRODUCTION,12731.7143,11592.2902,-61.5438,1106,1105,0.00483390,,0.00483390,0.00483390,61.5438,12731.7143,OK,0.0000,-2.4618,4.0000,96.0000,AG03-UNRESOLVED,ALL5_LEVELS_bet23_to_bet27,-2.4618,-2.4618,-2.4618,-2.4618,-2.4618,4.000000,4.000000,4.000000,4.000000,4.000000,96.000000,96.000000,96.000000,96.000000,96.000000,5.0,-12.3088,-11.3627,-49.2350,-50.1811,PENDING_AG03,FALSE,NOT_FOR_ENFORCEMENT,-59.0821,11128.5986,-61.5438,-59.0821,-2.4618,-0.00483390,-0.00464054,-2.4618,-59.0821,-0.00464054,-2.4618,-2.4618,-2.4618,-2.4618,-2.4618,-59.0821,-0.00464054,-12.3088,-11.3627,-49.2350,-50.1811,-0.00386712,-0.00394143,-0.00019336,11.5115,10.4908,-0.0557,-1.6196,-0.1061,335.0451,29.0789,,11.5115,8.4025,10.5412,11.0045,21.0824,22.009,42.1647,10.5412,0.0,2.087904,4.0,1.09205,30,155,25,3,0E-8,-0.00483390,,0E-8,0.000000,0.910505,0.000000,,2026-03-23,2026-06-20,38,580,415,90,0.422222,,,0.000000,,,,,,,,GLOBAL_BASELINE_NO_ENTITY_RANKING,,,NOT_APPLICABLE_GLOBAL_BASELINE,HF9g-P5,,,,X 全窗基线 · 不参与实体赏罚,3928215,393,A168_HF9F_20260827_0900,2026-08-27 09:00:00
2026-04-28,145898681,2222,0,4.2164737630,-4.2164737630,-4.2164737630,0E-7,1,1,0.49324550000000000,0.493245500000,-0.9865810262130424,-0.9865810262130424,-0.9865810262130424,0E-17,ELIGIBLE,R03b_20260811_FULL_v1,L1_ELIGIBILITY,v2026-08-11,2026-03-21..2026-08-06,baccarat_bet02_101_all_pairs_incl_sentinel,round_win = game_pnl > 0 (decisive only),COMPATIBILITY_ONLY_NOT_PRODUCTION,12731.7143,11592.2902,-61.5438,1106,1105,0.00483390,,0.00483390,0.00483390,61.5438,12731.7143,OK,0.0000,-2.4618,4.0000,96.0000,AG03-UNRESOLVED,ALL5_LEVELS_bet23_to_bet27,-2.4618,-2.4618,-2.4618,-2.4618,-2.4618,4.000000,4.000000,4.000000,4.000000,4.000000,96.000000,96.000000,96.000000,96.000000,96.000000,5.0,-12.3088,-11.3627,-49.2350,-50.1811,PENDING_AG03,FALSE,NOT_FOR_ENFORCEMENT,-59.0821,11128.5986,-61.5438,-59.0821,-2.4618,-0.00483390,-0.00464054,-2.4618,-59.0821,-0.00464054,-2.4618,-2.4618,-2.4618,-2.4618,-2.4618,-59.0821,-0.00464054,-12.3088,-11.3627,-49.2350,-50.1811,-0.00386712,-0.00394143,-0.00019336,11.5115,10.4908,-0.0557,-1.6196,-0.1061,335.0451,29.0789,,11.5115,8.4025,10.5412,11.0045,21.0824,22.009,42.1647,10.5412,0.0,2.087904,4.0,1.09205,30,155,25,3,0E-8,-0.00483390,,0E-8,0.000000,0.910505,0.000000,,2026-03-23,2026-06-20,38,580,415,90,0.422222,,,0.000000,,,,,,,,GLOBAL_BASELINE_NO_ENTITY_RANKING,,,NOT_APPLICABLE_GLOBAL_BASELINE,HF9g-P5,,,,X 全窗基线 · 不参与实体赏罚,3928216,393,A168_HF9F_20260827_0900,2026-08-27 09:00:00
2026-04-28,145898681,2224,0,6.3247106445,6.3247106445,6.3247106445,1.0000000,2,2,0.49324550000000000,0.493245500000,1.4334489766152358,1.4334489766152358,1.4334489766152358,0E-17,ELIGIBLE,R03b_20260811_FULL_v1,L1_ELIGIBILITY,v2026-08-11,2026-03-21..2026-08-06,baccarat_bet02_101_all_pairs_incl_sentinel,round_win = game_pnl > 0 (decisive only),COMPATIBILITY_ONLY_NOT_PRODUCTION,12731.7143,11592.2902,-61.5438,1106,1105,0.00483390,,0.00483390,0.00483390,61.5438,12731.7143,OK,0.0000,-2.4618,4.0000,96.0000,AG03-UNRESOLVED,ALL5_LEVELS_bet23_to_bet27,-2.4618,-2.4618,-2.4618,-2.4618,-2.4618,4.000000,4.000000,4.000000,4.000000,4.000000,96.000000,96.000000,96.000000,96.000000,96.000000,5.0,-12.3088,-11.3627,-49.2350,-50.1811,PENDING_AG03,FALSE,NOT_FOR_ENFORCEMENT,-59.0821,11128.5986,-61.5438,-59.0821,-2.4618,-0.00483390,-0.00464054,-2.4618,-59.0821,-0.00464054,-2.4618,-2.4618,-2.4618,-2.4618,-2.4618,-59.0821,-0.00464054,-12.3088,-11.3627,-49.2350,-50.1811,-0.00386712,-0.00394143,-0.00019336,11.5115,10.4908,-0.0557,-1.6196,-0.1061,335.0451,29.0789,,11.5115,8.4025,10.5412,11.0045,21.0824,22.009,42.1647,10.5412,0.0,2.087904,4.0,1.09205,30,155,25,3,0E-8,-0.00483390,,0E-8,0.000000,0.910505,0.000000,,2026-03-23,2026-06-20,38,580,415,90,0.422222,,,0.000000,,,,,,,,GLOBAL_BASELINE_NO_ENTITY_RANKING,,,NOT_APPLICABLE_GLOBAL_BASELINE,HF9g-P5,,,,X 全窗基线 · 不参与实体赏罚,3928217,393,A168_HF9F_20260827_0900,2026-08-27 09:00:00
2026-04-28,145898681,2235,0,4.2164737630,4.2164737630,4.2164737630,1.0000000,2,2,0.49324550000000000,0.493245500000,1.4334489766152358,1.4334489766152358,1.4334489766152358,0E-17,ELIGIBLE,R03b_20260811_FULL_v1,L1_ELIGIBILITY,v2026-08-11,2026-03-21..2026-08-06,baccarat_bet02_101_all_pairs_incl_sentinel,round_win = game_pnl > 0 (decisive only),COMPATIBILITY_ONLY_NOT_PRODUCTION,12731.7143,11592.2902,-61.5438,1106,1105,0.00483390,,0.00483390,0.00483390,61.5438,12731.7143,OK,0.0000,-2.4618,4.0000,96.0000,AG03-UNRESOLVED,ALL5_LEVELS_bet23_to_bet27,-2.4618,-2.4618,-2.4618,-2.4618,-2.4618,4.000000,4.000000,4.000000,4.000000,4.000000,96.000000,96.000000,96.000000,96.000000,96.000000,5.0,-12.3088,-11.3627,-49.2350,-50.1811,PENDING_AG03,FALSE,NOT_FOR_ENFORCEMENT,-59.0821,11128.5986,-61.5438,-59.0821,-2.4618,-0.00483390,-0.00464054,-2.4618,-59.0821,-0.00464054,-2.4618,-2.4618,-2.4618,-2.4618,-2.4618,-59.0821,-0.00464054,-12.3088,-11.3627,-49.2350,-50.1811,-0.00386712,-0.00394143,-0.00019336,11.5115,10.4908,-0.0557,-1.6196,-0.1061,335.0451,29.0789,,11.5115,8.4025,10.5412,11.0045,21.0824,22.009,42.1647,10.5412,0.0,2.087904,4.0,1.09205,30,155,25,3,0E-8,-0.00483390,,0E-8,0.000000,0.910505,0.000000,,2026-03-23,2026-06-20,38,580,415,90,0.422222,,,0.000000,,,,,,,,GLOBAL_BASELINE_NO_ENTITY_RANKING,,,NOT_APPLICABLE_GLOBAL_BASELINE,HF9g-P5,,,,X 全窗基线 · 不参与实体赏罚,3928218,393,A168_HF9F_20260827_0900,2026-08-27 09:00:00
2026-04-28,145898681,529,0,16.8658950520,8.4329475260,8.4329475260,0.7500000,4,4,0.49324550000000000,0.493245500000,1.0271117246678039,1.0271117246678039,1.0271117246678039,0E-17,ELIGIBLE,R03b_20260811_FULL_v1,L1_ELIGIBILITY,v2026-08-11,2026-03-21..2026-08-06,baccarat_bet02_101_all_pairs_incl_sentinel,round_win = game_pnl > 0 (decisive only),COMPATIBILITY_ONLY_NOT_PRODUCTION,12731.7143,11592.2902,-61.5438,1106,1105,0.00483390,,0.00483390,0.00483390,61.5438,12731.7143,OK,0.0000,-2.4618,4.0000,96.0000,AG03-UNRESOLVED,ALL5_LEVELS_bet23_to_bet27,-2.4618,-2.4618,-2.4618,-2.4618,-2.4618,4.000000,4.000000,4.000000,4.000000,4.000000,96.000000,96.000000,96.000000,96.000000,96.000000,5.0,-12.3088,-11.3627,-49.2350,-50.1811,PENDING_AG03,FALSE,NOT_FOR_ENFORCEMENT,-59.0821,11128.5986,-61.5438,-59.0821,-2.4618,-0.00483390,-0.00464054,-2.4618,-59.0821,-0.00464054,-2.4618,-2.4618,-2.4618,-2.4618,-2.4618,-59.0821,-0.00464054,-12.3088,-11.3627,-49.2350,-50.1811,-0.00386712,-0.00394143,-0.00019336,11.5115,10.4908,-0.0557,-1.6196,-0.1061,335.0451,29.0789,,11.5115,8.4025,10.5412,11.0045,21.0824,22.009,42.1647,10.5412,0.0,2.087904,4.0,1.09205,30,155,25,3,0E-8,-0.00483390,,0E-8,0.000000,0.910505,0.000000,,2026-03-23,2026-06-20,38,580,415,90,0.422222,,,0.000000,,,,,,,,GLOBAL_BASELINE_NO_ENTITY_RANKING,,,NOT_APPLICABLE_GLOBAL_BASELINE,HF9g-P5,,,,X 全窗基线 · 不参与实体赏罚,3928219,393,A168_HF9F_20260827_0900,2026-08-27 09:00:00
2026-04-28,145898681,583,0,4.2164737630,-4.2164737630,-4.2164737630,0E-7,1,1,0.49324550000000000,0.493245500000,-0.9865810262130424,-0.9865810262130424,-0.9865810262130424,0E-17,ELIGIBLE,R03b_20260811_FULL_v1,L1_ELIGIBILITY,v2026-08-11,2026-03-21..2026-08-06,baccarat_bet02_101_all_pairs_incl_sentinel,round_win = game_pnl > 0 (decisive only),COMPATIBILITY_ONLY_NOT_PRODUCTION,12731.7143,11592.2902,-61.5438,1106,1105,0.00483390,,0.00483390,0.00483390,61.5438,12731.7143,OK,0.0000,-2.4618,4.0000,96.0000,AG03-UNRESOLVED,ALL5_LEVELS_bet23_to_bet27,-2.4618,-2.4618,-2.4618,-2.4618,-2.4618,4.000000,4.000000,4.000000,4.000000,4.000000,96.000000,96.000000,96.000000,96.000000,96.000000,5.0,-12.3088,-11.3627,-49.2350,-50.1811,PENDING_AG03,FALSE,NOT_FOR_ENFORCEMENT,-59.0821,11128.5986,-61.5438,-59.0821,-2.4618,-0.00483390,-0.00464054,-2.4618,-59.0821,-0.00464054,-2.4618,-2.4618,-2.4618,-2.4618,-2.4618,-59.0821,-0.00464054,-12.3088,-11.3627,-49.2350,-50.1811,-0.00386712,-0.00394143,-0.00019336,11.5115,10.4908,-0.0557,-1.6196,-0.1061,335.0451,29.0789,,11.5115,8.4025,10.5412,11.0045,21.0824,22.009,42.1647,10.5412,0.0,2.087904,4.0,1.09205,30,155,25,3,0E-8,-0.00483390,,0E-8,0.000000,0.910505,0.000000,,2026-03-23,2026-06-20,38,580,415,90,0.422222,,,0.000000,,,,,,,,GLOBAL_BASELINE_NO_ENTITY_RANKING,,,NOT_APPLICABLE_GLOBAL_BASELINE,HF9g-P5,,,,X 全窗基线 · 不参与实体赏罚,3928220,393,A168_HF9F_20260827_0900,2026-08-27 09:00:00
2026-04-28,145898681,595,0,10.5411844075,-10.5411844075,-10.5411844075,0E-7,1,1,0.49324550000000000,0.493245500000,-0.9865810262130424,-0.9865810262130424,-0.9865810262130424,0E-17,ELIGIBLE,R03b_20260811_FULL_v1,L1_ELIGIBILITY,v2026-08-11,2026-03-21..2026-08-06,baccarat_bet02_101_all_pairs_incl_sentinel,round_win = game_pnl > 0 (decisive only),COMPATIBILITY_ONLY_NOT_PRODUCTION,12731.7143,11592.2902,-61.5438,1106,1105,0.00483390,,0.00483390,0.00483390,61.5438,12731.7143,OK,0.0000,-2.4618,4.0000,96.0000,AG03-UNRESOLVED,ALL5_LEVELS_bet23_to_bet27,-2.4618,-2.4618,-2.4618,-2.4618,-2.4618,4.000000,4.000000,4.000000,4.000000,4.000000,96.000000,96.000000,96.000000,96.000000,96.000000,5.0,-12.3088,-11.3627,-49.2350,-50.1811,PENDING_AG03,FALSE,NOT_FOR_ENFORCEMENT,-59.0821,11128.5986,-61.5438,-59.0821,-2.4618,-0.00483390,-0.00464054,-2.4618,-59.0821,-0.00464054,-2.4618,-2.4618,-2.4618,-2.4618,-2.4618,-59.0821,-0.00464054,-12.3088,-11.3627,-49.2350,-50.1811,-0.00386712,-0.00394143,-0.00019336,11.5115,10.4908,-0.0557,-1.6196,-0.1061,335.0451,29.0789,,11.5115,8.4025,10.5412,11.0045,21.0824,22.009,42.1647,10.5412,0.0,2.087904,4.0,1.09205,30,155,25,3,0E-8,-0.00483390,,0E-8,0.000000,0.910505,0.000000,,2026-03-23,2026-06-20,38,580,415,90,0.422222,,,0.000000,,,,,,,,GLOBAL_BASELINE_NO_ENTITY_RANKING,,,NOT_APPLICABLE_GLOBAL_BASELINE,HF9g-P5,,,,X 全窗基线 · 不参与实体赏罚,3928221,393,A168_HF9F_20260827_0900,2026-08-27 09:00:00
2026-05-02,145898681,2254,0,14.4942758114,-14.4942758114,-14.4942758114,0E-7,1,1,0.49324550000000000,0.493245500000,-0.9865810262130424,-0.9865810262130424,-0.9865810262130424,0E-17,ELIGIBLE,R03b_20260811_FULL_v1,L1_ELIGIBILITY,v2026-08-11,2026-03-21..2026-08-06,baccarat_bet02_101_all_pairs_incl_sentinel,round_win = game_pnl > 0 (decisive only),COMPATIBILITY_ONLY_NOT_PRODUCTION,12731.7143,11592.2902,-61.5438,1106,1105,0.00483390,,0.00483390,0.00483390,61.5438,12731.7143,OK,0.0000,-2.4618,4.0000,96.0000,AG03-UNRESOLVED,ALL5_LEVELS_bet23_to_bet27,-2.4618,-2.4618,-2.4618,-2.4618,-2.4618,4.000000,4.000000,4.000000,4.000000,4.000000,96.000000,96.000000,96.000000,96.000000,96.000000,5.0,-12.3088,-11.3627,-49.2350,-50.1811,PENDING_AG03,FALSE,NOT_FOR_ENFORCEMENT,-59.0821,11128.5986,-61.5438,-59.0821,-2.4618,-0.00483390,-0.00464054,-2.4618,-59.0821,-0.00464054,-2.4618,-2.4618,-2.4618,-2.4618,-2.4618,-59.0821,-0.00464054,-12.3088,-11.3627,-49.2350,-50.1811,-0.00386712,-0.00394143,-0.00019336,11.5115,10.4908,-0.0557,-1.6196,-0.1061,335.0451,29.0789,,11.5115,8.4025,10.5412,11.0045,21.0824,22.009,42.1647,10.5412,0.0,2.087904,4.0,1.09205,30,155,25,3,0E-8,-0.00483390,,0E-8,0.000000,0.910505,0.000000,,2026-03-23,2026-06-20,38,580,415,90,0.422222,,,0.000000,,,,,,,,GLOBAL_BASELINE_NO_ENTITY_RANKING,,,NOT_APPLICABLE_GLOBAL_BASELINE,HF9g-P5,,,,X 全窗基线 · 不参与实体赏罚,3928222,393,A168_HF9F_20260827_0900,2026-08-27 09:00:00
2026-05-02,145898681,2266,0,14.7043377796,-2.4157126352,-2.4157126352,0.3333333,3,3,0.50218230000000000,0.502182300000,-0.5849155494134425,-0.5849155494134426,-0.5849155494134425,0E-17,ELIGIBLE,R03b_20260811_FULL_v1,L1_ELIGIBILITY,v2026-08-11,2026-03-21..2026-08-06,baccarat_bet02_101_all_pairs_incl_sentinel,round_win = game_pnl > 0 (decisive only),COMPATIBILITY_ONLY_NOT_PRODUCTION,12731.7143,11592.2902,-61.5438,1106,1105,0.00483390,,0.00483390,0.00483390,61.5438,12731.7143,OK,0.0000,-2.4618,4.0000,96.0000,AG03-UNRESOLVED,ALL5_LEVELS_bet23_to_bet27,-2.4618,-2.4618,-2.4618,-2.4618,-2.4618,4.000000,4.000000,4.000000,4.000000,4.000000,96.000000,96.000000,96.000000,96.000000,96.000000,5.0,-12.3088,-11.3627,-49.2350,-50.1811,PENDING_AG03,FALSE,NOT_FOR_ENFORCEMENT,-59.0821,11128.5986,-61.5438,-59.0821,-2.4618,-0.00483390,-0.00464054,-2.4618,-59.0821,-0.00464054,-2.4618,-2.4618,-2.4618,-2.4618,-2.4618,-59.0821,-0.00464054,-12.3088,-11.3627,-49.2350,-50.1811,-0.00386712,-0.00394143,-0.00019336,11.5115,10.4908,-0.0557,-1.6196,-0.1061,335.0451,29.0789,,11.5115,8.4025,10.5412,11.0045,21.0824,22.009,42.1647,10.5412,0.0,2.087904,4.0,1.09205,30,155,25,3,0E-8,-0.00483390,,0E-8,0.000000,0.910505,0.000000,,2026-03-23,2026-06-20,38,580,415,90,0.422222,,,0.000000,,,,,,,,GLOBAL_BASELINE_NO_ENTITY_RANKING,,,NOT_APPLICABLE_GLOBAL_BASELINE,HF9g-P5,,,,X 全窗基线 · 不参与实体赏罚,3928223,393,A168_HF9F_20260827_0900,2026-08-27 09:00:00
2026-05-05,145898681,-1,1,69.3204495324,5.7767041277,5.7767041277,0.5454545,11,11,0.49446415454545455,0.494464154545,0.3382527216583835,0.3382527216614022,0.3382527216583835,4.5455E-13,SENTINEL_DEALER,R03b_20260811_FULL_v1,L1_ELIGIBILITY,v2026-08-11,2026-03-21..2026-08-06,baccarat_bet02_101_all_pairs_incl_sentinel,round_win = game_pnl > 0 (decisive only),COMPATIBILITY_ONLY_NOT_PRODUCTION,12731.7143,11592.2902,-61.5438,1106,1105,0.00483390,,0.00483390,0.00483390,61.5438,12731.7143,OK,0.0000,-2.4618,4.0000,96.0000,AG03-UNRESOLVED,ALL5_LEVELS_bet23_to_bet27,-2.4618,-2.4618,-2.4618,-2.4618,-2.4618,4.000000,4.000000,4.000000,4.000000,4.000000,96.000000,96.000000,96.000000,96.000000,96.000000,5.0,-12.3088,-11.3627,-49.2350,-50.1811,PENDING_AG03,FALSE,NOT_FOR_ENFORCEMENT,-59.0821,11128.5986,-61.5438,-59.0821,-2.4618,-0.00483390,-0.00464054,-2.4618,-59.0821,-0.00464054,-2.4618,-2.4618,-2.4618,-2.4618,-2.4618,-59.0821,-0.00464054,-12.3088,-11.3627,-49.2350,-50.1811,-0.00386712,-0.00394143,-0.00019336,11.5115,10.4908,-0.0557,-1.6196,-0.1061,335.0451,29.0789,,11.5115,8.4025,10.5412,11.0045,21.0824,22.009,42.1647,10.5412,0.0,2.087904,4.0,1.09205,30,155,25,3,0E-8,-0.00483390,,0E-8,0.000000,0.910505,0.000000,,2026-03-23,2026-06-20,38,580,415,90,0.422222,,,0.000000,,,,,,,,GLOBAL_BASELINE_NO_ENTITY_RANKING,,,NOT_APPLICABLE_GLOBAL_BASELINE,HF9g-P5,,,,X 全窗基线 · 不参与实体赏罚,3928224,393,A168_HF9F_20260827_0900,2026-08-27 09:00:00
2026-05-05,145898681,1017,0,21.0061968280,0E-10,0E-10,0.5000000,2,2,0.49324550000000000,0.493245500000,0.01910635448239258,0.01910635448239258,0.01910635448239258,0E-17,ELIGIBLE,R03b_20260811_FULL_v1,L1_ELIGIBILITY,v2026-08-11,2026-03-21..2026-08-06,baccarat_bet02_101_all_pairs_incl_sentinel,round_win = game_pnl > 0 (decisive only),COMPATIBILITY_ONLY_NOT_PRODUCTION,12731.7143,11592.2902,-61.5438,1106,1105,0.00483390,,0.00483390,0.00483390,61.5438,12731.7143,OK,0.0000,-2.4618,4.0000,96.0000,AG03-UNRESOLVED,ALL5_LEVELS_bet23_to_bet27,-2.4618,-2.4618,-2.4618,-2.4618,-2.4618,4.000000,4.000000,4.000000,4.000000,4.000000,96.000000,96.000000,96.000000,96.000000,96.000000,5.0,-12.3088,-11.3627,-49.2350,-50.1811,PENDING_AG03,FALSE,NOT_FOR_ENFORCEMENT,-59.0821,11128.5986,-61.5438,-59.0821,-2.4618,-0.00483390,-0.00464054,-2.4618,-59.0821,-0.00464054,-2.4618,-2.4618,-2.4618,-2.4618,-2.4618,-59.0821,-0.00464054,-12.3088,-11.3627,-49.2350,-50.1811,-0.00386712,-0.00394143,-0.00019336,11.5115,10.4908,-0.0557,-1.6196,-0.1061,335.0451,29.0789,,11.5115,8.4025,10.5412,11.0045,21.0824,22.009,42.1647,10.5412,0.0,2.087904,4.0,1.09205,30,155,25,3,0E-8,-0.00483390,,0E-8,0.000000,0.910505,0.000000,,2026-03-23,2026-06-20,38,580,415,90,0.422222,,,0.000000,,,,,,,,GLOBAL_BASELINE_NO_ENTITY_RANKING,,,NOT_APPLICABLE_GLOBAL_BASELINE,HF9g-P5,,,,X 全窗基线 · 不参与实体赏罚,3928225,393,A168_HF9F_20260827_0900,2026-08-27 09:00:00
2026-05-05,145898681,1185,0,2.1006196828,-2.1006196828,-2.1006196828,0E-7,1,1,0.49324550000000000,0.493245500000,-0.9865810262130424,-0.9865810262130424,-0.9865810262130424,0E-17,ELIGIBLE,R03b_20260811_FULL_v1,L1_ELIGIBILITY,v2026-08-11,2026-03-21..2026-08-06,baccarat_bet02_101_all_pairs_incl_sentinel,round_win = game_pnl > 0 (decisive only),COMPATIBILITY_ONLY_NOT_PRODUCTION,12731.7143,11592.2902,-61.5438,1106,1105,0.00483390,,0.00483390,0.00483390,61.5438,12731.7143,OK,0.0000,-2.4618,4.0000,96.0000,AG03-UNRESOLVED,ALL5_LEVELS_bet23_to_bet27,-2.4618,-2.4618,-2.4618,-2.4618,-2.4618,4.000000,4.000000,4.000000,4.000000,4.000000,96.000000,96.000000,96.000000,96.000000,96.000000,5.0,-12.3088,-11.3627,-49.2350,-50.1811,PENDING_AG03,FALSE,NOT_FOR_ENFORCEMENT,-59.0821,11128.5986,-61.5438,-59.0821,-2.4618,-0.00483390,-0.00464054,-2.4618,-59.0821,-0.00464054,-2.4618,-2.4618,-2.4618,-2.4618,-2.4618,-59.0821,-0.00464054,-12.3088,-11.3627,-49.2350,-50.1811,-0.00386712,-0.00394143,-0.00019336,11.5115,10.4908,-0.0557,-1.6196,-0.1061,335.0451,29.0789,,11.5115,8.4025,10.5412,11.0045,21.0824,22.009,42.1647,10.5412,0.0,2.087904,4.0,1.09205,30,155,25,3,0E-8,-0.00483390,,0E-8,0.000000,0.910505,0.000000,,2026-03-23,2026-06-20,38,580,415,90,0.422222,,,0.000000,,,,,,,,GLOBAL_BASELINE_NO_ENTITY_RANKING,,,NOT_APPLICABLE_GLOBAL_BASELINE,HF9g-P5,,,,X 全窗基线 · 不参与实体赏罚,3928226,393,A168_HF9F_20260827_0900,2026-08-27 09:00:00
2026-05-05,145898681,1210,0,17.4351433673,8.3709694360,8.3709694360,0.5000000,2,2,0.49994810000000000,0.499948100000,0.00014679536856514622,0.00014679536856514622,0.00014679536856514622,0E-17,ELIGIBLE,R03b_20260811_FULL_v1,L1_ELIGIBILITY,v2026-08-11,2026-03-21..2026-08-06,baccarat_bet02_101_all_pairs_incl_sentinel,round_win = game_pnl > 0 (decisive only),COMPATIBILITY_ONLY_NOT_PRODUCTION,12731.7143,11592.2902,-61.5438,1106,1105,0.00483390,,0.00483390,0.00483390,61.5438,12731.7143,OK,0.0000,-2.4618,4.0000,96.0000,AG03-UNRESOLVED,ALL5_LEVELS_bet23_to_bet27,-2.4618,-2.4618,-2.4618,-2.4618,-2.4618,4.000000,4.000000,4.000000,4.000000,4.000000,96.000000,96.000000,96.000000,96.000000,96.000000,5.0,-12.3088,-11.3627,-49.2350,-50.1811,PENDING_AG03,FALSE,NOT_FOR_ENFORCEMENT,-59.0821,11128.5986,-61.5438,-59.0821,-2.4618,-0.00483390,-0.00464054,-2.4618,-59.0821,-0.00464054,-2.4618,-2.4618,-2.4618,-2.4618,-2.4618,-59.0821,-0.00464054,-12.3088,-11.3627,-49.2350,-50.1811,-0.00386712,-0.00394143,-0.00019336,11.5115,10.4908,-0.0557,-1.6196,-0.1061,335.0451,29.0789,,11.5115,8.4025,10.5412,11.0045,21.0824,22.009,42.1647,10.5412,0.0,2.087904,4.0,1.09205,30,155,25,3,0E-8,-0.00483390,,0E-8,0.000000,0.910505,0.000000,,2026-03-23,2026-06-20,38,580,415,90,0.422222,,,0.000000,,,,,,,,GLOBAL_BASELINE_NO_ENTITY_RANKING,,,NOT_APPLICABLE_GLOBAL_BASELINE,HF9g-P5,,,,X 全窗基线 · 不参与实体赏罚,3928227,393,A168_HF9F_20260827_0900,2026-08-27 09:00:00
2026-05-05,145898681,1258,0,21.0061968280,10.5030984140,10.5030984140,1.0000000,2,2,0.49324550000000000,0.493245500000,1.01360149184955,1.01360149184955,1.01360149184955,0E-17,ELIGIBLE,R03b_20260811_FULL_v1,L1_ELIGIBILITY,v2026-08-11,2026-03-21..2026-08-06,baccarat_bet02_101_all_pairs_incl_sentinel,round_win = game_pnl > 0 (decisive only),COMPATIBILITY_ONLY_NOT_PRODUCTION,12731.7143,11592.2902,-61.5438,1106,1105,0.00483390,,0.00483390,0.00483390,61.5438,12731.7143,OK,0.0000,-2.4618,4.0000,96.0000,AG03-UNRESOLVED,ALL5_LEVELS_bet23_to_bet27,-2.4618,-2.4618,-2.4618,-2.4618,-2.4618,4.000000,4.000000,4.000000,4.000000,4.000000,96.000000,96.000000,96.000000,96.000000,96.000000,5.0,-12.3088,-11.3627,-49.2350,-50.1811,PENDING_AG03,FALSE,NOT_FOR_ENFORCEMENT,-59.0821,11128.5986,-61.5438,-59.0821,-2.4618,-0.00483390,-0.00464054,-2.4618,-59.0821,-0.00464054,-2.4618,-2.4618,-2.4618,-2.4618,-2.4618,-59.0821,-0.00464054,-12.3088,-11.3627,-49.2350,-50.1811,-0.00386712,-0.00394143,-0.00019336,11.5115,10.4908,-0.0557,-1.6196,-0.1061,335.0451,29.0789,,11.5115,8.4025,10.5412,11.0045,21.0824,22.009,42.1647,10.5412,0.0,2.087904,4.0,1.09205,30,155,25,3,0E-8,-0.00483390,,0E-8,0.000000,0.910505,0.000000,,2026-03-23,2026-06-20,38,580,415,90,0.422222,,,0.000000,,,,,,,,GLOBAL_BASELINE_NO_ENTITY_RANKING,,,NOT_APPLICABLE_GLOBAL_BASELINE,HF9g-P5,,,,X 全窗基线 · 不参与实体赏罚,3928228,393,A168_HF9F_20260827_0900,2026-08-27 09:00:00
2026-05-05,145898681,1942,0,4.2012393656,-4.2012393656,-4.2012393656,0E-7,1,1,0.50665070000000000,0.506650700000,-1.013391052207602,-1.013391052207602,-1.013391052207602,0E-17,ELIGIBLE,R03b_20260811_FULL_v1,L1_ELIGIBILITY,v2026-08-11,2026-03-21..2026-08-06,baccarat_bet02_101_all_pairs_incl_sentinel,round_win = game_pnl > 0 (decisive only),COMPATIBILITY_ONLY_NOT_PRODUCTION,12731.7143,11592.2902,-61.5438,1106,1105,0.00483390,,0.00483390,0.00483390,61.5438,12731.7143,OK,0.0000,-2.4618,4.0000,96.0000,AG03-UNRESOLVED,ALL5_LEVELS_bet23_to_bet27,-2.4618,-2.4618,-2.4618,-2.4618,-2.4618,4.000000,4.000000,4.000000,4.000000,4.000000,96.000000,96.000000,96.000000,96.000000,96.000000,5.0,-12.3088,-11.3627,-49.2350,-50.1811,PENDING_AG03,FALSE,NOT_FOR_ENFORCEMENT,-59.0821,11128.5986,-61.5438,-59.0821,-2.4618,-0.00483390,-0.00464054,-2.4618,-59.0821,-0.00464054,-2.4618,-2.4618,-2.4618,-2.4618,-2.4618,-59.0821,-0.00464054,-12.3088,-11.3627,-49.2350,-50.1811,-0.00386712,-0.00394143,-0.00019336,11.5115,10.4908,-0.0557,-1.6196,-0.1061,335.0451,29.0789,,11.5115,8.4025,10.5412,11.0045,21.0824,22.009,42.1647,10.5412,0.0,2.087904,4.0,1.09205,30,155,25,3,0E-8,-0.00483390,,0E-8,0.000000,0.910505,0.000000,,2026-03-23,2026-06-20,38,580,415,90,0.422222,,,0.000000,,,,,,,,GLOBAL_BASELINE_NO_ENTITY_RANKING,,,NOT_APPLICABLE_GLOBAL_BASELINE,HF9g-P5,,,,X 全窗基线 · 不参与实体赏罚,3928229,393,A168_HF9F_20260827_0900,2026-08-27 09:00:00
2026-05-05,145898681,1952,0,12.6037180968,3.7811154290,3.7811154290,0.6666667,3,3,0.50218230000000000,0.502182300000,0.5697959874915163,0.5697959874915164,0.5697959874915163,0E-17,ELIGIBLE,R03b_20260811_FULL_v1,L1_ELIGIBILITY,v2026-08-11,2026-03-21..2026-08-06,baccarat_bet02_101_all_pairs_incl_sentinel,round_win = game_pnl > 0 (decisive only),COMPATIBILITY_ONLY_NOT_PRODUCTION,12731.7143,11592.2902,-61.5438,1106,1105,0.00483390,,0.00483390,0.00483390,61.5438,12731.7143,OK,0.0000,-2.4618,4.0000,96.0000,AG03-UNRESOLVED,ALL5_LEVELS_bet23_to_bet27,-2.4618,-2.4618,-2.4618,-2.4618,-2.4618,4.000000,4.000000,4.000000,4.000000,4.000000,96.000000,96.000000,96.000000,96.000000,96.000000,5.0,-12.3088,-11.3627,-49.2350,-50.1811,PENDING_AG03,FALSE,NOT_FOR_ENFORCEMENT,-59.0821,11128.5986,-61.5438,-59.0821,-2.4618,-0.00483390,-0.00464054,-2.4618,-59.0821,-0.00464054,-2.4618,-2.4618,-2.4618,-2.4618,-2.4618,-59.0821,-0.00464054,-12.3088,-11.3627,-49.2350,-50.1811,-0.00386712,-0.00394143,-0.00019336,11.5115,10.4908,-0.0557,-1.6196,-0.1061,335.0451,29.0789,,11.5115,8.4025,10.5412,11.0045,21.0824,22.009,42.1647,10.5412,0.0,2.087904,4.0,1.09205,30,155,25,3,0E-8,-0.00483390,,0E-8,0.000000,0.910505,0.000000,,2026-03-23,2026-06-20,38,580,415,90,0.422222,,,0.000000,,,,,,,,GLOBAL_BASELINE_NO_ENTITY_RANKING,,,NOT_APPLICABLE_GLOBAL_BASELINE,HF9g-P5,,,,X 全窗基线 · 不参与实体赏罚,3928230,393,A168_HF9F_20260827_0900,2026-08-27 09:00:00
2026-05-05,145898681,1990,0,8.4024787312,0E-10,0E-10,,1,1,0.49324550000000000,0.493245500000,,,,0E-17,NO_DECISIVE_ROUND,R03b_20260811_FULL_v1,L1_ELIGIBILITY,v2026-08-11,2026-03-21..2026-08-06,baccarat_bet02_101_all_pairs_incl_sentinel,round_win = game_pnl > 0 (decisive only),COMPATIBILITY_ONLY_NOT_PRODUCTION,12731.7143,11592.2902,-61.5438,1106,1105,0.00483390,,0.00483390,0.00483390,61.5438,12731.7143,OK,0.0000,-2.4618,4.0000,96.0000,AG03-UNRESOLVED,ALL5_LEVELS_bet23_to_bet27,-2.4618,-2.4618,-2.4618,-2.4618,-2.4618,4.000000,4.000000,4.000000,4.000000,4.000000,96.000000,96.000000,96.000000,96.000000,96.000000,5.0,-12.3088,-11.3627,-49.2350,-50.1811,PENDING_AG03,FALSE,NOT_FOR_ENFORCEMENT,-59.0821,11128.5986,-61.5438,-59.0821,-2.4618,-0.00483390,-0.00464054,-2.4618,-59.0821,-0.00464054,-2.4618,-2.4618,-2.4618,-2.4618,-2.4618,-59.0821,-0.00464054,-12.3088,-11.3627,-49.2350,-50.1811,-0.00386712,-0.00394143,-0.00019336,11.5115,10.4908,-0.0557,-1.6196,-0.1061,335.0451,29.0789,,11.5115,8.4025,10.5412,11.0045,21.0824,22.009,42.1647,10.5412,0.0,2.087904,4.0,1.09205,30,155,25,3,0E-8,-0.00483390,,0E-8,0.000000,0.910505,0.000000,,2026-03-23,2026-06-20,38,580,415,90,0.422222,,,0.000000,,,,,,,,GLOBAL_BASELINE_NO_ENTITY_RANKING,,,NOT_APPLICABLE_GLOBAL_BASELINE,HF9g-P5,,,,X 全窗基线 · 不参与实体赏罚,3928231,393,A168_HF9F_20260827_0900,2026-08-27 09:00:00
2026-05-05,145898681,1994,0,2.1006196828,-2.1006196828,-2.1006196828,0E-7,1,1,0.49324550000000000,0.493245500000,-0.9865810262130424,-0.9865810262130424,-0.9865810262130424,0E-17,ELIGIBLE,R03b_20260811_FULL_v1,L1_ELIGIBILITY,v2026-08-11,2026-03-21..2026-08-06,baccarat_bet02_101_all_pairs_incl_sentinel,round_win = game_pnl > 0 (decisive only),COMPATIBILITY_ONLY_NOT_PRODUCTION,12731.7143,11592.2902,-61.5438,1106,1105,0.00483390,,0.00483390,0.00483390,61.5438,12731.7143,OK,0.0000,-2.4618,4.0000,96.0000,AG03-UNRESOLVED,ALL5_LEVELS_bet23_to_bet27,-2.4618,-2.4618,-2.4618,-2.4618,-2.4618,4.000000,4.000000,4.000000,4.000000,4.000000,96.000000,96.000000,96.000000,96.000000,96.000000,5.0,-12.3088,-11.3627,-49.2350,-50.1811,PENDING_AG03,FALSE,NOT_FOR_ENFORCEMENT,-59.0821,11128.5986,-61.5438,-59.0821,-2.4618,-0.00483390,-0.00464054,-2.4618,-59.0821,-0.00464054,-2.4618,-2.4618,-2.4618,-2.4618,-2.4618,-59.0821,-0.00464054,-12.3088,-11.3627,-49.2350,-50.1811,-0.00386712,-0.00394143,-0.00019336,11.5115,10.4908,-0.0557,-1.6196,-0.1061,335.0451,29.0789,,11.5115,8.4025,10.5412,11.0045,21.0824,22.009,42.1647,10.5412,0.0,2.087904,4.0,1.09205,30,155,25,3,0E-8,-0.00483390,,0E-8,0.000000,0.910505,0.000000,,2026-03-23,2026-06-20,38,580,415,90,0.422222,,,0.000000,,,,,,,,GLOBAL_BASELINE_NO_ENTITY_RANKING,,,NOT_APPLICABLE_GLOBAL_BASELINE,HF9g-P5,,,,X 全窗基线 · 不参与实体赏罚,3928232,393,A168_HF9F_20260827_0900,2026-08-27 09:00:00
2026-05-05,145898681,2088,0,4.2012393656,-4.2012393656,-4.2012393656,0E-7,1,1,0.50665070000000000,0.506650700000,-1.013391052207602,-1.013391052207602,-1.013391052207602,0E-17,ELIGIBLE,R03b_20260811_FULL_v1,L1_ELIGIBILITY,v2026-08-11,2026-03-21..2026-08-06,baccarat_bet02_101_all_pairs_incl_sentinel,round_win = game_pnl > 0 (decisive only),COMPATIBILITY_ONLY_NOT_PRODUCTION,12731.7143,11592.2902,-61.5438,1106,1105,0.00483390,,0.00483390,0.00483390,61.5438,12731.7143,OK,0.0000,-2.4618,4.0000,96.0000,AG03-UNRESOLVED,ALL5_LEVELS_bet23_to_bet27,-2.4618,-2.4618,-2.4618,-2.4618,-2.4618,4.000000,4.000000,4.000000,4.000000,4.000000,96.000000,96.000000,96.000000,96.000000,96.000000,5.0,-12.3088,-11.3627,-49.2350,-50.1811,PENDING_AG03,FALSE,NOT_FOR_ENFORCEMENT,-59.0821,11128.5986,-61.5438,-59.0821,-2.4618,-0.00483390,-0.00464054,-2.4618,-59.0821,-0.00464054,-2.4618,-2.4618,-2.4618,-2.4618,-2.4618,-59.0821,-0.00464054,-12.3088,-11.3627,-49.2350,-50.1811,-0.00386712,-0.00394143,-0.00019336,11.5115,10.4908,-0.0557,-1.6196,-0.1061,335.0451,29.0789,,11.5115,8.4025,10.5412,11.0045,21.0824,22.009,42.1647,10.5412,0.0,2.087904,4.0,1.09205,30,155,25,3,0E-8,-0.00483390,,0E-8,0.000000,0.910505,0.000000,,2026-03-23,2026-06-20,38,580,415,90,0.422222,,,0.000000,,,,,,,,GLOBAL_BASELINE_NO_ENTITY_RANKING,,,NOT_APPLICABLE_GLOBAL_BASELINE,HF9g-P5,,,,X 全窗基线 · 不参与实体赏罚,3928233,393,A168_HF9F_20260827_0900,2026-08-27 09:00:00
2026-05-05,145898681,2093,0,21.0061968280,-21.0061968280,-21.0061968280,0E-7,2,2,0.49994810000000000,0.499948100000,-1.4140667746232096,-1.4140667746232096,-1.4140667746232096,0E-17,ELIGIBLE,R03b_20260811_FULL_v1,L1_ELIGIBILITY,v2026-08-11,2026-03-21..2026-08-06,baccarat_bet02_101_all_pairs_incl_sentinel,round_win = game_pnl > 0 (decisive only),COMPATIBILITY_ONLY_NOT_PRODUCTION,12731.7143,11592.2902,-61.5438,1106,1105,0.00483390,,0.00483390,0.00483390,61.5438,12731.7143,OK,0.0000,-2.4618,4.0000,96.0000,AG03-UNRESOLVED,ALL5_LEVELS_bet23_to_bet27,-2.4618,-2.4618,-2.4618,-2.4618,-2.4618,4.000000,4.000000,4.000000,4.000000,4.000000,96.000000,96.000000,96.000000,96.000000,96.000000,5.0,-12.3088,-11.3627,-49.2350,-50.1811,PENDING_AG03,FALSE,NOT_FOR_ENFORCEMENT,-59.0821,11128.5986,-61.5438,-59.0821,-2.4618,-0.00483390,-0.00464054,-2.4618,-59.0821,-0.00464054,-2.4618,-2.4618,-2.4618,-2.4618,-2.4618,-59.0821,-0.00464054,-12.3088,-11.3627,-49.2350,-50.1811,-0.00386712,-0.00394143,-0.00019336,11.5115,10.4908,-0.0557,-1.6196,-0.1061,335.0451,29.0789,,11.5115,8.4025,10.5412,11.0045,21.0824,22.009,42.1647,10.5412,0.0,2.087904,4.0,1.09205,30,155,25,3,0E-8,-0.00483390,,0E-8,0.000000,0.910505,0.000000,,2026-03-23,2026-06-20,38,580,415,90,0.422222,,,0.000000,,,,,,,,GLOBAL_BASELINE_NO_ENTITY_RANKING,,,NOT_APPLICABLE_GLOBAL_BASELINE,HF9g-P5,,,,X 全窗基线 · 不参与实体赏罚,3928234,393,A168_HF9F_20260827_0900,2026-08-27 09:00:00
2026-05-05,145898681,2106,0,15.1244617162,-2.0165948955,-2.0165948955,0.5000000,2,2,0.49994810000000000,0.499948100000,0.00014679536856514622,0.00014679536856514622,0.00014679536856514622,0E-17,ELIGIBLE,R03b_20260811_FULL_v1,L1_ELIGIBILITY,v2026-08-11,2026-03-21..2026-08-06,baccarat_bet02_101_all_pairs_incl_sentinel,round_win = game_pnl > 0 (decisive only),COMPATIBILITY_ONLY_NOT_PRODUCTION,12731.7143,11592.2902,-61.5438,1106,1105,0.00483390,,0.00483390,0.00483390,61.5438,12731.7143,OK,0.0000,-2.4618,4.0000,96.0000,AG03-UNRESOLVED,ALL5_LEVELS_bet23_to_bet27,-2.4618,-2.4618,-2.4618,-2.4618,-2.4618,4.000000,4.000000,4.000000,4.000000,4.000000,96.000000,96.000000,96.000000,96.000000,96.000000,5.0,-12.3088,-11.3627,-49.2350,-50.1811,PENDING_AG03,FALSE,NOT_FOR_ENFORCEMENT,-59.0821,11128.5986,-61.5438,-59.0821,-2.4618,-0.00483390,-0.00464054,-2.4618,-59.0821,-0.00464054,-2.4618,-2.4618,-2.4618,-2.4618,-2.4618,-59.0821,-0.00464054,-12.3088,-11.3627,-49.2350,-50.1811,-0.00386712,-0.00394143,-0.00019336,11.5115,10.4908,-0.0557,-1.6196,-0.1061,335.0451,29.0789,,11.5115,8.4025,10.5412,11.0045,21.0824,22.009,42.1647,10.5412,0.0,2.087904,4.0,1.09205,30,155,25,3,0E-8,-0.00483390,,0E-8,0.000000,0.910505,0.000000,,2026-03-23,2026-06-20,38,580,415,90,0.422222,,,0.000000,,,,,,,,GLOBAL_BASELINE_NO_ENTITY_RANKING,,,NOT_APPLICABLE_GLOBAL_BASELINE,HF9g-P5,,,,X 全窗基线 · 不参与实体赏罚,3928235,393,A168_HF9F_20260827_0900,2026-08-27 09:00:00
2026-05-05,145898681,2147,0,21.0061968280,-21.0061968280,-21.0061968280,0E-7,2,2,0.49994810000000000,0.499948100000,-1.4140667746232096,-1.4140667746232096,-1.4140667746232096,0E-17,ELIGIBLE,R03b_20260811_FULL_v1,L1_ELIGIBILITY,v2026-08-11,2026-03-21..2026-08-06,baccarat_bet02_101_all_pairs_incl_sentinel,round_win = game_pnl > 0 (decisive only),COMPATIBILITY_ONLY_NOT_PRODUCTION,12731.7143,11592.2902,-61.5438,1106,1105,0.00483390,,0.00483390,0.00483390,61.5438,12731.7143,OK,0.0000,-2.4618,4.0000,96.0000,AG03-UNRESOLVED,ALL5_LEVELS_bet23_to_bet27,-2.4618,-2.4618,-2.4618,-2.4618,-2.4618,4.000000,4.000000,4.000000,4.000000,4.000000,96.000000,96.000000,96.000000,96.000000,96.000000,5.0,-12.3088,-11.3627,-49.2350,-50.1811,PENDING_AG03,FALSE,NOT_FOR_ENFORCEMENT,-59.0821,11128.5986,-61.5438,-59.0821,-2.4618,-0.00483390,-0.00464054,-2.4618,-59.0821,-0.00464054,-2.4618,-2.4618,-2.4618,-2.4618,-2.4618,-59.0821,-0.00464054,-12.3088,-11.3627,-49.2350,-50.1811,-0.00386712,-0.00394143,-0.00019336,11.5115,10.4908,-0.0557,-1.6196,-0.1061,335.0451,29.0789,,11.5115,8.4025,10.5412,11.0045,21.0824,22.009,42.1647,10.5412,0.0,2.087904,4.0,1.09205,30,155,25,3,0E-8,-0.00483390,,0E-8,0.000000,0.910505,0.000000,,2026-03-23,2026-06-20,38,580,415,90,0.422222,,,0.000000,,,,,,,,GLOBAL_BASELINE_NO_ENTITY_RANKING,,,NOT_APPLICABLE_GLOBAL_BASELINE,HF9g-P5,,,,X 全窗基线 · 不参与实体赏罚,3928236,393,A168_HF9F_20260827_0900,2026-08-27 09:00:00
2026-05-05,145898681,2152,0,21.0061968280,20.7961348597,20.7961348597,1.0000000,3,3,0.49771390000000000,0.497713900000,1.739988277604938,1.739988277604938,1.739988277604938,0E-17,ELIGIBLE,R03b_20260811_FULL_v1,L1_ELIGIBILITY,v2026-08-11,2026-03-21..2026-08-06,baccarat_bet02_101_all_pairs_incl_sentinel,round_win = game_pnl > 0 (decisive only),COMPATIBILITY_ONLY_NOT_PRODUCTION,12731.7143,11592.2902,-61.5438,1106,1105,0.00483390,,0.00483390,0.00483390,61.5438,12731.7143,OK,0.0000,-2.4618,4.0000,96.0000,AG03-UNRESOLVED,ALL5_LEVELS_bet23_to_bet27,-2.4618,-2.4618,-2.4618,-2.4618,-2.4618,4.000000,4.000000,4.000000,4.000000,4.000000,96.000000,96.000000,96.000000,96.000000,96.000000,5.0,-12.3088,-11.3627,-49.2350,-50.1811,PENDING_AG03,FALSE,NOT_FOR_ENFORCEMENT,-59.0821,11128.5986,-61.5438,-59.0821,-2.4618,-0.00483390,-0.00464054,-2.4618,-59.0821,-0.00464054,-2.4618,-2.4618,-2.4618,-2.4618,-2.4618,-59.0821,-0.00464054,-12.3088,-11.3627,-49.2350,-50.1811,-0.00386712,-0.00394143,-0.00019336,11.5115,10.4908,-0.0557,-1.6196,-0.1061,335.0451,29.0789,,11.5115,8.4025,10.5412,11.0045,21.0824,22.009,42.1647,10.5412,0.0,2.087904,4.0,1.09205,30,155,25,3,0E-8,-0.00483390,,0E-8,0.000000,0.910505,0.000000,,2026-03-23,2026-06-20,38,580,415,90,0.422222,,,0.000000,,,,,,,,GLOBAL_BASELINE_NO_ENTITY_RANKING,,,NOT_APPLICABLE_GLOBAL_BASELINE,HF9g-P5,,,,X 全窗基线 · 不参与实体赏罚,3928237,393,A168_HF9F_20260827_0900,2026-08-27 09:00:00
2026-05-05,145898681,2170,0,35.7105346077,5.7767041277,5.7767041277,0.5000000,3,3,0.49771390000000000,0.497713900000,0.006466134837551399,0.0064661348375514,0.006466134837551399,0E-17,ELIGIBLE,R03b_20260811_FULL_v1,L1_ELIGIBILITY,v2026-08-11,2026-03-21..2026-08-06,baccarat_bet02_101_all_pairs_incl_sentinel,round_win = game_pnl > 0 (decisive only),COMPATIBILITY_ONLY_NOT_PRODUCTION,12731.7143,11592.2902,-61.5438,1106,1105,0.00483390,,0.00483390,0.00483390,61.5438,12731.7143,OK,0.0000,-2.4618,4.0000,96.0000,AG03-UNRESOLVED,ALL5_LEVELS_bet23_to_bet27,-2.4618,-2.4618,-2.4618,-2.4618,-2.4618,4.000000,4.000000,4.000000,4.000000,4.000000,96.000000,96.000000,96.000000,96.000000,96.000000,5.0,-12.3088,-11.3627,-49.2350,-50.1811,PENDING_AG03,FALSE,NOT_FOR_ENFORCEMENT,-59.0821,11128.5986,-61.5438,-59.0821,-2.4618,-0.00483390,-0.00464054,-2.4618,-59.0821,-0.00464054,-2.4618,-2.4618,-2.4618,-2.4618,-2.4618,-59.0821,-0.00464054,-12.3088,-11.3627,-49.2350,-50.1811,-0.00386712,-0.00394143,-0.00019336,11.5115,10.4908,-0.0557,-1.6196,-0.1061,335.0451,29.0789,,11.5115,8.4025,10.5412,11.0045,21.0824,22.009,42.1647,10.5412,0.0,2.087904,4.0,1.09205,30,155,25,3,0E-8,-0.00483390,,0E-8,0.000000,0.910505,0.000000,,2026-03-23,2026-06-20,38,580,415,90,0.422222,,,0.000000,,,,,,,,GLOBAL_BASELINE_NO_ENTITY_RANKING,,,NOT_APPLICABLE_GLOBAL_BASELINE,HF9g-P5,,,,X 全窗基线 · 不参与实体赏罚,3928238,393,A168_HF9F_20260827_0900,2026-08-27 09:00:00
2026-05-05,145898681,2222,0,6.3018590484,0E-10,0E-10,,1,1,0.50665070000000000,0.506650700000,,,,0E-17,NO_DECISIVE_ROUND,R03b_20260811_FULL_v1,L1_ELIGIBILITY,v2026-08-11,2026-03-21..2026-08-06,baccarat_bet02_101_all_pairs_incl_sentinel,round_win = game_pnl > 0 (decisive only),COMPATIBILITY_ONLY_NOT_PRODUCTION,12731.7143,11592.2902,-61.5438,1106,1105,0.00483390,,0.00483390,0.00483390,61.5438,12731.7143,OK,0.0000,-2.4618,4.0000,96.0000,AG03-UNRESOLVED,ALL5_LEVELS_bet23_to_bet27,-2.4618,-2.4618,-2.4618,-2.4618,-2.4618,4.000000,4.000000,4.000000,4.000000,4.000000,96.000000,96.000000,96.000000,96.000000,96.000000,5.0,-12.3088,-11.3627,-49.2350,-50.1811,PENDING_AG03,FALSE,NOT_FOR_ENFORCEMENT,-59.0821,11128.5986,-61.5438,-59.0821,-2.4618,-0.00483390,-0.00464054,-2.4618,-59.0821,-0.00464054,-2.4618,-2.4618,-2.4618,-2.4618,-2.4618,-59.0821,-0.00464054,-12.3088,-11.3627,-49.2350,-50.1811,-0.00386712,-0.00394143,-0.00019336,11.5115,10.4908,-0.0557,-1.6196,-0.1061,335.0451,29.0789,,11.5115,8.4025,10.5412,11.0045,21.0824,22.009,42.1647,10.5412,0.0,2.087904,4.0,1.09205,30,155,25,3,0E-8,-0.00483390,,0E-8,0.000000,0.910505,0.000000,,2026-03-23,2026-06-20,38,580,415,90,0.422222,,,0.000000,,,,,,,,GLOBAL_BASELINE_NO_ENTITY_RANKING,,,NOT_APPLICABLE_GLOBAL_BASELINE,HF9g-P5,,,,X 全窗基线 · 不参与实体赏罚,3928239,393,A168_HF9F_20260827_0900,2026-08-27 09:00:00
2026-05-05,145898681,2252,0,19.5357630501,-1.9220670097,-1.9220670097,0.5000000,2,2,0.49994810000000000,0.499948100000,0.00014679536856514622,0.00014679536856514622,0.00014679536856514622,0E-17,ELIGIBLE,R03b_20260811_FULL_v1,L1_ELIGIBILITY,v2026-08-11,2026-03-21..2026-08-06,baccarat_bet02_101_all_pairs_incl_sentinel,round_win = game_pnl > 0 (decisive only),COMPATIBILITY_ONLY_NOT_PRODUCTION,12731.7143,11592.2902,-61.5438,1106,1105,0.00483390,,0.00483390,0.00483390,61.5438,12731.7143,OK,0.0000,-2.4618,4.0000,96.0000,AG03-UNRESOLVED,ALL5_LEVELS_bet23_to_bet27,-2.4618,-2.4618,-2.4618,-2.4618,-2.4618,4.000000,4.000000,4.000000,4.000000,4.000000,96.000000,96.000000,96.000000,96.000000,96.000000,5.0,-12.3088,-11.3627,-49.2350,-50.1811,PENDING_AG03,FALSE,NOT_FOR_ENFORCEMENT,-59.0821,11128.5986,-61.5438,-59.0821,-2.4618,-0.00483390,-0.00464054,-2.4618,-59.0821,-0.00464054,-2.4618,-2.4618,-2.4618,-2.4618,-2.4618,-59.0821,-0.00464054,-12.3088,-11.3627,-49.2350,-50.1811,-0.00386712,-0.00394143,-0.00019336,11.5115,10.4908,-0.0557,-1.6196,-0.1061,335.0451,29.0789,,11.5115,8.4025,10.5412,11.0045,21.0824,22.009,42.1647,10.5412,0.0,2.087904,4.0,1.09205,30,155,25,3,0E-8,-0.00483390,,0E-8,0.000000,0.910505,0.000000,,2026-03-23,2026-06-20,38,580,415,90,0.422222,,,0.000000,,,,,,,,GLOBAL_BASELINE_NO_ENTITY_RANKING,,,NOT_APPLICABLE_GLOBAL_BASELINE,HF9g-P5,,,,X 全窗基线 · 不参与实体赏罚,3928240,393,A168_HF9F_20260827_0900,2026-08-27 09:00:00
2026-05-05,145898681,789,0,12.1835941603,-12.1835941603,-12.1835941603,0E-7,1,1,0.49324550000000000,0.493245500000,-0.9865810262130424,-0.9865810262130424,-0.9865810262130424,0E-17,ELIGIBLE,R03b_20260811_FULL_v1,L1_ELIGIBILITY,v2026-08-11,2026-03-21..2026-08-06,baccarat_bet02_101_all_pairs_incl_sentinel,round_win = game_pnl > 0 (decisive only),COMPATIBILITY_ONLY_NOT_PRODUCTION,12731.7143,11592.2902,-61.5438,1106,1105,0.00483390,,0.00483390,0.00483390,61.5438,12731.7143,OK,0.0000,-2.4618,4.0000,96.0000,AG03-UNRESOLVED,ALL5_LEVELS_bet23_to_bet27,-2.4618,-2.4618,-2.4618,-2.4618,-2.4618,4.000000,4.000000,4.000000,4.000000,4.000000,96.000000,96.000000,96.000000,96.000000,96.000000,5.0,-12.3088,-11.3627,-49.2350,-50.1811,PENDING_AG03,FALSE,NOT_FOR_ENFORCEMENT,-59.0821,11128.5986,-61.5438,-59.0821,-2.4618,-0.00483390,-0.00464054,-2.4618,-59.0821,-0.00464054,-2.4618,-2.4618,-2.4618,-2.4618,-2.4618,-59.0821,-0.00464054,-12.3088,-11.3627,-49.2350,-50.1811,-0.00386712,-0.00394143,-0.00019336,11.5115,10.4908,-0.0557,-1.6196,-0.1061,335.0451,29.0789,,11.5115,8.4025,10.5412,11.0045,21.0824,22.009,42.1647,10.5412,0.0,2.087904,4.0,1.09205,30,155,25,3,0E-8,-0.00483390,,0E-8,0.000000,0.910505,0.000000,,2026-03-23,2026-06-20,38,580,415,90,0.422222,,,0.000000,,,,,,,,GLOBAL_BASELINE_NO_ENTITY_RANKING,,,NOT_APPLICABLE_GLOBAL_BASELINE,HF9g-P5,,,,X 全窗基线 · 不参与实体赏罚,3928241,393,A168_HF9F_20260827_0900,2026-08-27 09:00:00
2026-05-06,145898681,-1,1,4.2012393656,-4.2012393656,-4.2012393656,0E-7,1,1,0.49324550000000000,0.493245500000,-0.9865810262130424,-0.9865810262130424,-0.9865810262130424,0E-17,SENTINEL_DEALER,R03b_20260811_FULL_v1,L1_ELIGIBILITY,v2026-08-11,2026-03-21..2026-08-06,baccarat_bet02_101_all_pairs_incl_sentinel,round_win = game_pnl > 0 (decisive only),COMPATIBILITY_ONLY_NOT_PRODUCTION,12731.7143,11592.2902,-61.5438,1106,1105,0.00483390,,0.00483390,0.00483390,61.5438,12731.7143,OK,0.0000,-2.4618,4.0000,96.0000,AG03-UNRESOLVED,ALL5_LEVELS_bet23_to_bet27,-2.4618,-2.4618,-2.4618,-2.4618,-2.4618,4.000000,4.000000,4.000000,4.000000,4.000000,96.000000,96.000000,96.000000,96.000000,96.000000,5.0,-12.3088,-11.3627,-49.2350,-50.1811,PENDING_AG03,FALSE,NOT_FOR_ENFORCEMENT,-59.0821,11128.5986,-61.5438,-59.0821,-2.4618,-0.00483390,-0.00464054,-2.4618,-59.0821,-0.00464054,-2.4618,-2.4618,-2.4618,-2.4618,-2.4618,-59.0821,-0.00464054,-12.3088,-11.3627,-49.2350,-50.1811,-0.00386712,-0.00394143,-0.00019336,11.5115,10.4908,-0.0557,-1.6196,-0.1061,335.0451,29.0789,,11.5115,8.4025,10.5412,11.0045,21.0824,22.009,42.1647,10.5412,0.0,2.087904,4.0,1.09205,30,155,25,3,0E-8,-0.00483390,,0E-8,0.000000,0.910505,0.000000,,2026-03-23,2026-06-20,38,580,415,90,0.422222,,,0.000000,,,,,,,,GLOBAL_BASELINE_NO_ENTITY_RANKING,,,NOT_APPLICABLE_GLOBAL_BASELINE,HF9g-P5,,,,X 全窗基线 · 不参与实体赏罚,3928242,393,A168_HF9F_20260827_0900,2026-08-27 09:00:00
2026-05-06,145898681,1205,0,12.6037180968,-12.6037180968,-12.6037180968,0E-7,1,1,0.49324550000000000,0.493245500000,-0.9865810262130424,-0.9865810262130424,-0.9865810262130424,0E-17,ELIGIBLE,R03b_20260811_FULL_v1,L1_ELIGIBILITY,v2026-08-11,2026-03-21..2026-08-06,baccarat_bet02_101_all_pairs_incl_sentinel,round_win = game_pnl > 0 (decisive only),COMPATIBILITY_ONLY_NOT_PRODUCTION,12731.7143,11592.2902,-61.5438,1106,1105,0.00483390,,0.00483390,0.00483390,61.5438,12731.7143,OK,0.0000,-2.4618,4.0000,96.0000,AG03-UNRESOLVED,ALL5_LEVELS_bet23_to_bet27,-2.4618,-2.4618,-2.4618,-2.4618,-2.4618,4.000000,4.000000,4.000000,4.000000,4.000000,96.000000,96.000000,96.000000,96.000000,96.000000,5.0,-12.3088,-11.3627,-49.2350,-50.1811,PENDING_AG03,FALSE,NOT_FOR_ENFORCEMENT,-59.0821,11128.5986,-61.5438,-59.0821,-2.4618,-0.00483390,-0.00464054,-2.4618,-59.0821,-0.00464054,-2.4618,-2.4618,-2.4618,-2.4618,-2.4618,-59.0821,-0.00464054,-12.3088,-11.3627,-49.2350,-50.1811,-0.00386712,-0.00394143,-0.00019336,11.5115,10.4908,-0.0557,-1.6196,-0.1061,335.0451,29.0789,,11.5115,8.4025,10.5412,11.0045,21.0824,22.009,42.1647,10.5412,0.0,2.087904,4.0,1.09205,30,155,25,3,0E-8,-0.00483390,,0E-8,0.000000,0.910505,0.000000,,2026-03-23,2026-06-20,38,580,415,90,0.422222,,,0.000000,,,,,,,,GLOBAL_BASELINE_NO_ENTITY_RANKING,,,NOT_APPLICABLE_GLOBAL_BASELINE,HF9g-P5,,,,X 全窗基线 · 不参与实体赏罚,3928243,393,A168_HF9F_20260827_0900,2026-08-27 09:00:00
2026-05-06,145898681,1402,0,8.4024787312,8.4024787312,8.4024787312,1.0000000,1,1,0.49324550000000000,0.493245500000,1.01360149184955,1.01360149184955,1.01360149184955,0E-17,ELIGIBLE,R03b_20260811_FULL_v1,L1_ELIGIBILITY,v2026-08-11,2026-03-21..2026-08-06,baccarat_bet02_101_all_pairs_incl_sentinel,round_win = game_pnl > 0 (decisive only),COMPATIBILITY_ONLY_NOT_PRODUCTION,12731.7143,11592.2902,-61.5438,1106,1105,0.00483390,,0.00483390,0.00483390,61.5438,12731.7143,OK,0.0000,-2.4618,4.0000,96.0000,AG03-UNRESOLVED,ALL5_LEVELS_bet23_to_bet27,-2.4618,-2.4618,-2.4618,-2.4618,-2.4618,4.000000,4.000000,4.000000,4.000000,4.000000,96.000000,96.000000,96.000000,96.000000,96.000000,5.0,-12.3088,-11.3627,-49.2350,-50.1811,PENDING_AG03,FALSE,NOT_FOR_ENFORCEMENT,-59.0821,11128.5986,-61.5438,-59.0821,-2.4618,-0.00483390,-0.00464054,-2.4618,-59.0821,-0.00464054,-2.4618,-2.4618,-2.4618,-2.4618,-2.4618,-59.0821,-0.00464054,-12.3088,-11.3627,-49.2350,-50.1811,-0.00386712,-0.00394143,-0.00019336,11.5115,10.4908,-0.0557,-1.6196,-0.1061,335.0451,29.0789,,11.5115,8.4025,10.5412,11.0045,21.0824,22.009,42.1647,10.5412,0.0,2.087904,4.0,1.09205,30,155,25,3,0E-8,-0.00483390,,0E-8,0.000000,0.910505,0.000000,,2026-03-23,2026-06-20,38,580,415,90,0.422222,,,0.000000,,,,,,,,GLOBAL_BASELINE_NO_ENTITY_RANKING,,,NOT_APPLICABLE_GLOBAL_BASELINE,HF9g-P5,,,,X 全窗基线 · 不参与实体赏罚,3928244,393,A168_HF9F_20260827_0900,2026-08-27 09:00:00
2026-05-06,145898681,1507,0,10.5030984140,-10.5030984140,-10.5030984140,0E-7,1,1,0.50665070000000000,0.506650700000,-1.013391052207602,-1.013391052207602,-1.013391052207602,0E-17,ELIGIBLE,R03b_20260811_FULL_v1,L1_ELIGIBILITY,v2026-08-11,2026-03-21..2026-08-06,baccarat_bet02_101_all_pairs_incl_sentinel,round_win = game_pnl > 0 (decisive only),COMPATIBILITY_ONLY_NOT_PRODUCTION,12731.7143,11592.2902,-61.5438,1106,1105,0.00483390,,0.00483390,0.00483390,61.5438,12731.7143,OK,0.0000,-2.4618,4.0000,96.0000,AG03-UNRESOLVED,ALL5_LEVELS_bet23_to_bet27,-2.4618,-2.4618,-2.4618,-2.4618,-2.4618,4.000000,4.000000,4.000000,4.000000,4.000000,96.000000,96.000000,96.000000,96.000000,96.000000,5.0,-12.3088,-11.3627,-49.2350,-50.1811,PENDING_AG03,FALSE,NOT_FOR_ENFORCEMENT,-59.0821,11128.5986,-61.5438,-59.0821,-2.4618,-0.00483390,-0.00464054,-2.4618,-59.0821,-0.00464054,-2.4618,-2.4618,-2.4618,-2.4618,-2.4618,-59.0821,-0.00464054,-12.3088,-11.3627,-49.2350,-50.1811,-0.00386712,-0.00394143,-0.00019336,11.5115,10.4908,-0.0557,-1.6196,-0.1061,335.0451,29.0789,,11.5115,8.4025,10.5412,11.0045,21.0824,22.009,42.1647,10.5412,0.0,2.087904,4.0,1.09205,30,155,25,3,0E-8,-0.00483390,,0E-8,0.000000,0.910505,0.000000,,2026-03-23,2026-06-20,38,580,415,90,0.422222,,,0.000000,,,,,,,,GLOBAL_BASELINE_NO_ENTITY_RANKING,,,NOT_APPLICABLE_GLOBAL_BASELINE,HF9g-P5,,,,X 全窗基线 · 不参与实体赏罚,3928245,393,A168_HF9F_20260827_0900,2026-08-27 09:00:00
2026-05-06,145898681,2103,0,16.8049574624,8.4024787312,8.4024787312,0.6666667,3,3,0.49324550000000000,0.493245500000,0.6008033672792107,0.6008033672792106,0.6008033672792107,0E-17,ELIGIBLE,R03b_20260811_FULL_v1,L1_ELIGIBILITY,v2026-08-11,2026-03-21..2026-08-06,baccarat_bet02_101_all_pairs_incl_sentinel,round_win = game_pnl > 0 (decisive only),COMPATIBILITY_ONLY_NOT_PRODUCTION,12731.7143,11592.2902,-61.5438,1106,1105,0.00483390,,0.00483390,0.00483390,61.5438,12731.7143,OK,0.0000,-2.4618,4.0000,96.0000,AG03-UNRESOLVED,ALL5_LEVELS_bet23_to_bet27,-2.4618,-2.4618,-2.4618,-2.4618,-2.4618,4.000000,4.000000,4.000000,4.000000,4.000000,96.000000,96.000000,96.000000,96.000000,96.000000,5.0,-12.3088,-11.3627,-49.2350,-50.1811,PENDING_AG03,FALSE,NOT_FOR_ENFORCEMENT,-59.0821,11128.5986,-61.5438,-59.0821,-2.4618,-0.00483390,-0.00464054,-2.4618,-59.0821,-0.00464054,-2.4618,-2.4618,-2.4618,-2.4618,-2.4618,-59.0821,-0.00464054,-12.3088,-11.3627,-49.2350,-50.1811,-0.00386712,-0.00394143,-0.00019336,11.5115,10.4908,-0.0557,-1.6196,-0.1061,335.0451,29.0789,,11.5115,8.4025,10.5412,11.0045,21.0824,22.009,42.1647,10.5412,0.0,2.087904,4.0,1.09205,30,155,25,3,0E-8,-0.00483390,,0E-8,0.000000,0.910505,0.000000,,2026-03-23,2026-06-20,38,580,415,90,0.422222,,,0.000000,,,,,,,,GLOBAL_BASELINE_NO_ENTITY_RANKING,,,NOT_APPLICABLE_GLOBAL_BASELINE,HF9g-P5,,,,X 全窗基线 · 不参与实体赏罚,3928246,393,A168_HF9F_20260827_0900,2026-08-27 09:00:00
2026-05-06,145898681,2155,0,4.2012393656,-4.2012393656,-4.2012393656,0E-7,1,1,0.49324550000000000,0.493245500000,-0.9865810262130424,-0.9865810262130424,-0.9865810262130424,0E-17,ELIGIBLE,R03b_20260811_FULL_v1,L1_ELIGIBILITY,v2026-08-11,2026-03-21..2026-08-06,baccarat_bet02_101_all_pairs_incl_sentinel,round_win = game_pnl > 0 (decisive only),COMPATIBILITY_ONLY_NOT_PRODUCTION,12731.7143,11592.2902,-61.5438,1106,1105,0.00483390,,0.00483390,0.00483390,61.5438,12731.7143,OK,0.0000,-2.4618,4.0000,96.0000,AG03-UNRESOLVED,ALL5_LEVELS_bet23_to_bet27,-2.4618,-2.4618,-2.4618,-2.4618,-2.4618,4.000000,4.000000,4.000000,4.000000,4.000000,96.000000,96.000000,96.000000,96.000000,96.000000,5.0,-12.3088,-11.3627,-49.2350,-50.1811,PENDING_AG03,FALSE,NOT_FOR_ENFORCEMENT,-59.0821,11128.5986,-61.5438,-59.0821,-2.4618,-0.00483390,-0.00464054,-2.4618,-59.0821,-0.00464054,-2.4618,-2.4618,-2.4618,-2.4618,-2.4618,-59.0821,-0.00464054,-12.3088,-11.3627,-49.2350,-50.1811,-0.00386712,-0.00394143,-0.00019336,11.5115,10.4908,-0.0557,-1.6196,-0.1061,335.0451,29.0789,,11.5115,8.4025,10.5412,11.0045,21.0824,22.009,42.1647,10.5412,0.0,2.087904,4.0,1.09205,30,155,25,3,0E-8,-0.00483390,,0E-8,0.000000,0.910505,0.000000,,2026-03-23,2026-06-20,38,580,415,90,0.422222,,,0.000000,,,,,,,,GLOBAL_BASELINE_NO_ENTITY_RANKING,,,NOT_APPLICABLE_GLOBAL_BASELINE,HF9g-P5,,,,X 全窗基线 · 不参与实体赏罚,3928247,393,A168_HF9F_20260827_0900,2026-08-27 09:00:00
2026-05-06,145898681,2256,0,10.5030984140,-10.5030984140,-10.5030984140,0E-7,1,1,0.49324550000000000,0.493245500000,-0.9865810262130424,-0.9865810262130424,-0.9865810262130424,0E-17,ELIGIBLE,R03b_20260811_FULL_v1,L1_ELIGIBILITY,v2026-08-11,2026-03-21..2026-08-06,baccarat_bet02_101_all_pairs_incl_sentinel,round_win = game_pnl > 0 (decisive only),COMPATIBILITY_ONLY_NOT_PRODUCTION,12731.7143,11592.2902,-61.5438,1106,1105,0.00483390,,0.00483390,0.00483390,61.5438,12731.7143,OK,0.0000,-2.4618,4.0000,96.0000,AG03-UNRESOLVED,ALL5_LEVELS_bet23_to_bet27,-2.4618,-2.4618,-2.4618,-2.4618,-2.4618,4.000000,4.000000,4.000000,4.000000,4.000000,96.000000,96.000000,96.000000,96.000000,96.000000,5.0,-12.3088,-11.3627,-49.2350,-50.1811,PENDING_AG03,FALSE,NOT_FOR_ENFORCEMENT,-59.0821,11128.5986,-61.5438,-59.0821,-2.4618,-0.00483390,-0.00464054,-2.4618,-59.0821,-0.00464054,-2.4618,-2.4618,-2.4618,-2.4618,-2.4618,-59.0821,-0.00464054,-12.3088,-11.3627,-49.2350,-50.1811,-0.00386712,-0.00394143,-0.00019336,11.5115,10.4908,-0.0557,-1.6196,-0.1061,335.0451,29.0789,,11.5115,8.4025,10.5412,11.0045,21.0824,22.009,42.1647,10.5412,0.0,2.087904,4.0,1.09205,30,155,25,3,0E-8,-0.00483390,,0E-8,0.000000,0.910505,0.000000,,2026-03-23,2026-06-20,38,580,415,90,0.422222,,,0.000000,,,,,,,,GLOBAL_BASELINE_NO_ENTITY_RANKING,,,NOT_APPLICABLE_GLOBAL_BASELINE,HF9g-P5,,,,X 全窗基线 · 不参与实体赏罚,3928248,393,A168_HF9F_20260827_0900,2026-08-27 09:00:00
2026-05-07,145898681,-1,1,4.2012393656,-4.2012393656,-4.2012393656,0E-7,1,1,0.49324550000000000,0.493245500000,-0.9865810262130424,-0.9865810262130424,-0.9865810262130424,0E-17,SENTINEL_DEALER,R03b_20260811_FULL_v1,L1_ELIGIBILITY,v2026-08-11,2026-03-21..2026-08-06,baccarat_bet02_101_all_pairs_incl_sentinel,round_win = game_pnl > 0 (decisive only),COMPATIBILITY_ONLY_NOT_PRODUCTION,12731.7143,11592.2902,-61.5438,1106,1105,0.00483390,,0.00483390,0.00483390,61.5438,12731.7143,OK,0.0000,-2.4618,4.0000,96.0000,AG03-UNRESOLVED,ALL5_LEVELS_bet23_to_bet27,-2.4618,-2.4618,-2.4618,-2.4618,-2.4618,4.000000,4.000000,4.000000,4.000000,4.000000,96.000000,96.000000,96.000000,96.000000,96.000000,5.0,-12.3088,-11.3627,-49.2350,-50.1811,PENDING_AG03,FALSE,NOT_FOR_ENFORCEMENT,-59.0821,11128.5986,-61.5438,-59.0821,-2.4618,-0.00483390,-0.00464054,-2.4618,-59.0821,-0.00464054,-2.4618,-2.4618,-2.4618,-2.4618,-2.4618,-59.0821,-0.00464054,-12.3088,-11.3627,-49.2350,-50.1811,-0.00386712,-0.00394143,-0.00019336,11.5115,10.4908,-0.0557,-1.6196,-0.1061,335.0451,29.0789,,11.5115,8.4025,10.5412,11.0045,21.0824,22.009,42.1647,10.5412,0.0,2.087904,4.0,1.09205,30,155,25,3,0E-8,-0.00483390,,0E-8,0.000000,0.910505,0.000000,,2026-03-23,2026-06-20,38,580,415,90,0.422222,,,0.000000,,,,,,,,GLOBAL_BASELINE_NO_ENTITY_RANKING,,,NOT_APPLICABLE_GLOBAL_BASELINE,HF9g-P5,,,,X 全窗基线 · 不参与实体赏罚,3928249,393,A168_HF9F_20260827_0900,2026-08-27 09:00:00
2026-05-07,145898681,1151,0,4.2012393656,-4.2012393656,-4.2012393656,0E-7,1,1,0.49324550000000000,0.493245500000,-0.9865810262130424,-0.9865810262130424,-0.9865810262130424,0E-17,ELIGIBLE,R03b_20260811_FULL_v1,L1_ELIGIBILITY,v2026-08-11,2026-03-21..2026-08-06,baccarat_bet02_101_all_pairs_incl_sentinel,round_win = game_pnl > 0 (decisive only),COMPATIBILITY_ONLY_NOT_PRODUCTION,12731.7143,11592.2902,-61.5438,1106,1105,0.00483390,,0.00483390,0.00483390,61.5438,12731.7143,OK,0.0000,-2.4618,4.0000,96.0000,AG03-UNRESOLVED,ALL5_LEVELS_bet23_to_bet27,-2.4618,-2.4618,-2.4618,-2.4618,-2.4618,4.000000,4.000000,4.000000,4.000000,4.000000,96.000000,96.000000,96.000000,96.000000,96.000000,5.0,-12.3088,-11.3627,-49.2350,-50.1811,PENDING_AG03,FALSE,NOT_FOR_ENFORCEMENT,-59.0821,11128.5986,-61.5438,-59.0821,-2.4618,-0.00483390,-0.00464054,-2.4618,-59.0821,-0.00464054,-2.4618,-2.4618,-2.4618,-2.4618,-2.4618,-59.0821,-0.00464054,-12.3088,-11.3627,-49.2350,-50.1811,-0.00386712,-0.00394143,-0.00019336,11.5115,10.4908,-0.0557,-1.6196,-0.1061,335.0451,29.0789,,11.5115,8.4025,10.5412,11.0045,21.0824,22.009,42.1647,10.5412,0.0,2.087904,4.0,1.09205,30,155,25,3,0E-8,-0.00483390,,0E-8,0.000000,0.910505,0.000000,,2026-03-23,2026-06-20,38,580,415,90,0.422222,,,0.000000,,,,,,,,GLOBAL_BASELINE_NO_ENTITY_RANKING,,,NOT_APPLICABLE_GLOBAL_BASELINE,HF9g-P5,,,,X 全窗基线 · 不参与实体赏罚,3928250,393,A168_HF9F_20260827_0900,2026-08-27 09:00:00
2026-05-07,145898681,1396,0,13.6540279382,4.7789097784,4.7789097784,0.6666667,3,3,0.50218230000000000,0.502182300000,0.5697959874915163,0.5697959874915164,0.5697959874915163,0E-17,ELIGIBLE,R03b_20260811_FULL_v1,L1_ELIGIBILITY,v2026-08-11,2026-03-21..2026-08-06,baccarat_bet02_101_all_pairs_incl_sentinel,round_win = game_pnl > 0 (decisive only),COMPATIBILITY_ONLY_NOT_PRODUCTION,12731.7143,11592.2902,-61.5438,1106,1105,0.00483390,,0.00483390,0.00483390,61.5438,12731.7143,OK,0.0000,-2.4618,4.0000,96.0000,AG03-UNRESOLVED,ALL5_LEVELS_bet23_to_bet27,-2.4618,-2.4618,-2.4618,-2.4618,-2.4618,4.000000,4.000000,4.000000,4.000000,4.000000,96.000000,96.000000,96.000000,96.000000,96.000000,5.0,-12.3088,-11.3627,-49.2350,-50.1811,PENDING_AG03,FALSE,NOT_FOR_ENFORCEMENT,-59.0821,11128.5986,-61.5438,-59.0821,-2.4618,-0.00483390,-0.00464054,-2.4618,-59.0821,-0.00464054,-2.4618,-2.4618,-2.4618,-2.4618,-2.4618,-59.0821,-0.00464054,-12.3088,-11.3627,-49.2350,-50.1811,-0.00386712,-0.00394143,-0.00019336,11.5115,10.4908,-0.0557,-1.6196,-0.1061,335.0451,29.0789,,11.5115,8.4025,10.5412,11.0045,21.0824,22.009,42.1647,10.5412,0.0,2.087904,4.0,1.09205,30,155,25,3,0E-8,-0.00483390,,0E-8,0.000000,0.910505,0.000000,,2026-03-23,2026-06-20,38,580,415,90,0.422222,,,0.000000,,,,,,,,GLOBAL_BASELINE_NO_ENTITY_RANKING,,,NOT_APPLICABLE_GLOBAL_BASELINE,HF9g-P5,,,,X 全窗基线 · 不参与实体赏罚,3928251,393,A168_HF9F_20260827_0900,2026-08-27 09:00:00
2026-05-07,145898681,1963,0,6.3018590484,-6.3018590484,-6.3018590484,0E-7,1,1,0.49324550000000000,0.493245500000,-0.9865810262130424,-0.9865810262130424,-0.9865810262130424,0E-17,ELIGIBLE,R03b_20260811_FULL_v1,L1_ELIGIBILITY,v2026-08-11,2026-03-21..2026-08-06,baccarat_bet02_101_all_pairs_incl_sentinel,round_win = game_pnl > 0 (decisive only),COMPATIBILITY_ONLY_NOT_PRODUCTION,12731.7143,11592.2902,-61.5438,1106,1105,0.00483390,,0.00483390,0.00483390,61.5438,12731.7143,OK,0.0000,-2.4618,4.0000,96.0000,AG03-UNRESOLVED,ALL5_LEVELS_bet23_to_bet27,-2.4618,-2.4618,-2.4618,-2.4618,-2.4618,4.000000,4.000000,4.000000,4.000000,4.000000,96.000000,96.000000,96.000000,96.000000,96.000000,5.0,-12.3088,-11.3627,-49.2350,-50.1811,PENDING_AG03,FALSE,NOT_FOR_ENFORCEMENT,-59.0821,11128.5986,-61.5438,-59.0821,-2.4618,-0.00483390,-0.00464054,-2.4618,-59.0821,-0.00464054,-2.4618,-2.4618,-2.4618,-2.4618,-2.4618,-59.0821,-0.00464054,-12.3088,-11.3627,-49.2350,-50.1811,-0.00386712,-0.00394143,-0.00019336,11.5115,10.4908,-0.0557,-1.6196,-0.1061,335.0451,29.0789,,11.5115,8.4025,10.5412,11.0045,21.0824,22.009,42.1647,10.5412,0.0,2.087904,4.0,1.09205,30,155,25,3,0E-8,-0.00483390,,0E-8,0.000000,0.910505,0.000000,,2026-03-23,2026-06-20,38,580,415,90,0.422222,,,0.000000,,,,,,,,GLOBAL_BASELINE_NO_ENTITY_RANKING,,,NOT_APPLICABLE_GLOBAL_BASELINE,HF9g-P5,,,,X 全窗基线 · 不参与实体赏罚,3928252,393,A168_HF9F_20260827_0900,2026-08-27 09:00:00
2026-05-07,145898681,2153,0,4.2012393656,-4.2012393656,-4.2012393656,0E-7,1,1,0.50665070000000000,0.506650700000,-1.013391052207602,-1.013391052207602,-1.013391052207602,0E-17,ELIGIBLE,R03b_20260811_FULL_v1,L1_ELIGIBILITY,v2026-08-11,2026-03-21..2026-08-06,baccarat_bet02_101_all_pairs_incl_sentinel,round_win = game_pnl > 0 (decisive only),COMPATIBILITY_ONLY_NOT_PRODUCTION,12731.7143,11592.2902,-61.5438,1106,1105,0.00483390,,0.00483390,0.00483390,61.5438,12731.7143,OK,0.0000,-2.4618,4.0000,96.0000,AG03-UNRESOLVED,ALL5_LEVELS_bet23_to_bet27,-2.4618,-2.4618,-2.4618,-2.4618,-2.4618,4.000000,4.000000,4.000000,4.000000,4.000000,96.000000,96.000000,96.000000,96.000000,96.000000,5.0,-12.3088,-11.3627,-49.2350,-50.1811,PENDING_AG03,FALSE,NOT_FOR_ENFORCEMENT,-59.0821,11128.5986,-61.5438,-59.0821,-2.4618,-0.00483390,-0.00464054,-2.4618,-59.0821,-0.00464054,-2.4618,-2.4618,-2.4618,-2.4618,-2.4618,-59.0821,-0.00464054,-12.3088,-11.3627,-49.2350,-50.1811,-0.00386712,-0.00394143,-0.00019336,11.5115,10.4908,-0.0557,-1.6196,-0.1061,335.0451,29.0789,,11.5115,8.4025,10.5412,11.0045,21.0824,22.009,42.1647,10.5412,0.0,2.087904,4.0,1.09205,30,155,25,3,0E-8,-0.00483390,,0E-8,0.000000,0.910505,0.000000,,2026-03-23,2026-06-20,38,580,415,90,0.422222,,,0.000000,,,,,,,,GLOBAL_BASELINE_NO_ENTITY_RANKING,,,NOT_APPLICABLE_GLOBAL_BASELINE,HF9g-P5,,,,X 全窗基线 · 不参与实体赏罚,3928253,393,A168_HF9F_20260827_0900,2026-08-27 09:00:00
2026-05-07,145898681,2222,0,4.2012393656,-4.2012393656,-4.2012393656,0E-7,1,1,0.49324550000000000,0.493245500000,-0.9865810262130424,-0.9865810262130424,-0.9865810262130424,0E-17,ELIGIBLE,R03b_20260811_FULL_v1,L1_ELIGIBILITY,v2026-08-11,2026-03-21..2026-08-06,baccarat_bet02_101_all_pairs_incl_sentinel,round_win = game_pnl > 0 (decisive only),COMPATIBILITY_ONLY_NOT_PRODUCTION,12731.7143,11592.2902,-61.5438,1106,1105,0.00483390,,0.00483390,0.00483390,61.5438,12731.7143,OK,0.0000,-2.4618,4.0000,96.0000,AG03-UNRESOLVED,ALL5_LEVELS_bet23_to_bet27,-2.4618,-2.4618,-2.4618,-2.4618,-2.4618,4.000000,4.000000,4.000000,4.000000,4.000000,96.000000,96.000000,96.000000,96.000000,96.000000,5.0,-12.3088,-11.3627,-49.2350,-50.1811,PENDING_AG03,FALSE,NOT_FOR_ENFORCEMENT,-59.0821,11128.5986,-61.5438,-59.0821,-2.4618,-0.00483390,-0.00464054,-2.4618,-59.0821,-0.00464054,-2.4618,-2.4618,-2.4618,-2.4618,-2.4618,-59.0821,-0.00464054,-12.3088,-11.3627,-49.2350,-50.1811,-0.00386712,-0.00394143,-0.00019336,11.5115,10.4908,-0.0557,-1.6196,-0.1061,335.0451,29.0789,,11.5115,8.4025,10.5412,11.0045,21.0824,22.009,42.1647,10.5412,0.0,2.087904,4.0,1.09205,30,155,25,3,0E-8,-0.00483390,,0E-8,0.000000,0.910505,0.000000,,2026-03-23,2026-06-20,38,580,415,90,0.422222,,,0.000000,,,,,,,,GLOBAL_BASELINE_NO_ENTITY_RANKING,,,NOT_APPLICABLE_GLOBAL_BASELINE,HF9g-P5,,,,X 全窗基线 · 不参与实体赏罚,3928254,393,A168_HF9F_20260827_0900,2026-08-27 09:00:00
2026-05-07,145898681,595,0,6.3018590484,-6.3018590484,-6.3018590484,0E-7,1,1,0.49324550000000000,0.493245500000,-0.9865810262130424,-0.9865810262130424,-0.9865810262130424,0E-17,ELIGIBLE,R03b_20260811_FULL_v1,L1_ELIGIBILITY,v2026-08-11,2026-03-21..2026-08-06,baccarat_bet02_101_all_pairs_incl_sentinel,round_win = game_pnl > 0 (decisive only),COMPATIBILITY_ONLY_NOT_PRODUCTION,12731.7143,11592.2902,-61.5438,1106,1105,0.00483390,,0.00483390,0.00483390,61.5438,12731.7143,OK,0.0000,-2.4618,4.0000,96.0000,AG03-UNRESOLVED,ALL5_LEVELS_bet23_to_bet27,-2.4618,-2.4618,-2.4618,-2.4618,-2.4618,4.000000,4.000000,4.000000,4.000000,4.000000,96.000000,96.000000,96.000000,96.000000,96.000000,5.0,-12.3088,-11.3627,-49.2350,-50.1811,PENDING_AG03,FALSE,NOT_FOR_ENFORCEMENT,-59.0821,11128.5986,-61.5438,-59.0821,-2.4618,-0.00483390,-0.00464054,-2.4618,-59.0821,-0.00464054,-2.4618,-2.4618,-2.4618,-2.4618,-2.4618,-59.0821,-0.00464054,-12.3088,-11.3627,-49.2350,-50.1811,-0.00386712,-0.00394143,-0.00019336,11.5115,10.4908,-0.0557,-1.6196,-0.1061,335.0451,29.0789,,11.5115,8.4025,10.5412,11.0045,21.0824,22.009,42.1647,10.5412,0.0,2.087904,4.0,1.09205,30,155,25,3,0E-8,-0.00483390,,0E-8,0.000000,0.910505,0.000000,,2026-03-23,2026-06-20,38,580,415,90,0.422222,,,0.000000,,,,,,,,GLOBAL_BASELINE_NO_ENTITY_RANKING,,,NOT_APPLICABLE_GLOBAL_BASELINE,HF9g-P5,,,,X 全窗基线 · 不参与实体赏罚,3928255,393,A168_HF9F_20260827_0900,2026-08-27 09:00:00
2026-05-07,145898681,986,0,3.5710534608,-3.5710534608,-3.5710534608,0E-7,1,1,0.49324550000000000,0.493245500000,-0.9865810262130424,-0.9865810262130424,-0.9865810262130424,0E-17,ELIGIBLE,R03b_20260811_FULL_v1,L1_ELIGIBILITY,v2026-08-11,2026-03-21..2026-08-06,baccarat_bet02_101_all_pairs_incl_sentinel,round_win = game_pnl > 0 (decisive only),COMPATIBILITY_ONLY_NOT_PRODUCTION,12731.7143,11592.2902,-61.5438,1106,1105,0.00483390,,0.00483390,0.00483390,61.5438,12731.7143,OK,0.0000,-2.4618,4.0000,96.0000,AG03-UNRESOLVED,ALL5_LEVELS_bet23_to_bet27,-2.4618,-2.4618,-2.4618,-2.4618,-2.4618,4.000000,4.000000,4.000000,4.000000,4.000000,96.000000,96.000000,96.000000,96.000000,96.000000,5.0,-12.3088,-11.3627,-49.2350,-50.1811,PENDING_AG03,FALSE,NOT_FOR_ENFORCEMENT,-59.0821,11128.5986,-61.5438,-59.0821,-2.4618,-0.00483390,-0.00464054,-2.4618,-59.0821,-0.00464054,-2.4618,-2.4618,-2.4618,-2.4618,-2.4618,-59.0821,-0.00464054,-12.3088,-11.3627,-49.2350,-50.1811,-0.00386712,-0.00394143,-0.00019336,11.5115,10.4908,-0.0557,-1.6196,-0.1061,335.0451,29.0789,,11.5115,8.4025,10.5412,11.0045,21.0824,22.009,42.1647,10.5412,0.0,2.087904,4.0,1.09205,30,155,25,3,0E-8,-0.00483390,,0E-8,0.000000,0.910505,0.000000,,2026-03-23,2026-06-20,38,580,415,90,0.422222,,,0.000000,,,,,,,,GLOBAL_BASELINE_NO_ENTITY_RANKING,,,NOT_APPLICABLE_GLOBAL_BASELINE,HF9g-P5,,,,X 全窗基线 · 不参与实体赏罚,3928256,393,A168_HF9F_20260827_0900,2026-08-27 09:00:00
2026-05-09,145898681,-1,1,190.7362671983,-4.2327486609,-4.2327486609,0.5200000,27,27,0.49821038888888889,0.498210388889,0.21789750683972697,0.2178975068386157,0.21789750683972697,-1.1111E-13,SENTINEL_DEALER,R03b_20260811_FULL_v1,L1_ELIGIBILITY,v2026-08-11,2026-03-21..2026-08-06,baccarat_bet02_101_all_pairs_incl_sentinel,round_win = game_pnl > 0 (decisive only),COMPATIBILITY_ONLY_NOT_PRODUCTION,12731.7143,11592.2902,-61.5438,1106,1105,0.00483390,,0.00483390,0.00483390,61.5438,12731.7143,OK,0.0000,-2.4618,4.0000,96.0000,AG03-UNRESOLVED,ALL5_LEVELS_bet23_to_bet27,-2.4618,-2.4618,-2.4618,-2.4618,-2.4618,4.000000,4.000000,4.000000,4.000000,4.000000,96.000000,96.000000,96.000000,96.000000,96.000000,5.0,-12.3088,-11.3627,-49.2350,-50.1811,PENDING_AG03,FALSE,NOT_FOR_ENFORCEMENT,-59.0821,11128.5986,-61.5438,-59.0821,-2.4618,-0.00483390,-0.00464054,-2.4618,-59.0821,-0.00464054,-2.4618,-2.4618,-2.4618,-2.4618,-2.4618,-59.0821,-0.00464054,-12.3088,-11.3627,-49.2350,-50.1811,-0.00386712,-0.00394143,-0.00019336,11.5115,10.4908,-0.0557,-1.6196,-0.1061,335.0451,29.0789,,11.5115,8.4025,10.5412,11.0045,21.0824,22.009,42.1647,10.5412,0.0,2.087904,4.0,1.09205,30,155,25,3,0E-8,-0.00483390,,0E-8,0.000000,0.910505,0.000000,,2026-03-23,2026-06-20,38,580,415,90,0.422222,,,0.000000,,,,,,,,GLOBAL_BASELINE_NO_ENTITY_RANKING,,,NOT_APPLICABLE_GLOBAL_BASELINE,HF9g-P5,,,,X 全窗基线 · 不参与实体赏罚,3928257,393,A168_HF9F_20260827_0900,2026-08-27 09:00:00
2026-05-09,145898681,1004,0,14.7043377796,13.9691208906,13.9691208906,1.0000000,2,2,0.50665070000000000,0.506650700000,1.3955260008387969,1.3955260008387969,1.3955260008387969,0E-17,ELIGIBLE,R03b_20260811_FULL_v1,L1_ELIGIBILITY,v2026-08-11,2026-03-21..2026-08-06,baccarat_bet02_101_all_pairs_incl_sentinel,round_win = game_pnl > 0 (decisive only),COMPATIBILITY_ONLY_NOT_PRODUCTION,12731.7143,11592.2902,-61.5438,1106,1105,0.00483390,,0.00483390,0.00483390,61.5438,12731.7143,OK,0.0000,-2.4618,4.0000,96.0000,AG03-UNRESOLVED,ALL5_LEVELS_bet23_to_bet27,-2.4618,-2.4618,-2.4618,-2.4618,-2.4618,4.000000,4.000000,4.000000,4.000000,4.000000,96.000000,96.000000,96.000000,96.000000,96.000000,5.0,-12.3088,-11.3627,-49.2350,-50.1811,PENDING_AG03,FALSE,NOT_FOR_ENFORCEMENT,-59.0821,11128.5986,-61.5438,-59.0821,-2.4618,-0.00483390,-0.00464054,-2.4618,-59.0821,-0.00464054,-2.4618,-2.4618,-2.4618,-2.4618,-2.4618,-59.0821,-0.00464054,-12.3088,-11.3627,-49.2350,-50.1811,-0.00386712,-0.00394143,-0.00019336,11.5115,10.4908,-0.0557,-1.6196,-0.1061,335.0451,29.0789,,11.5115,8.4025,10.5412,11.0045,21.0824,22.009,42.1647,10.5412,0.0,2.087904,4.0,1.09205,30,155,25,3,0E-8,-0.00483390,,0E-8,0.000000,0.910505,0.000000,,2026-03-23,2026-06-20,38,580,415,90,0.422222,,,0.000000,,,,,,,,GLOBAL_BASELINE_NO_ENTITY_RANKING,,,NOT_APPLICABLE_GLOBAL_BASELINE,HF9g-P5,,,,X 全窗基线 · 不参与实体赏罚,3928258,393,A168_HF9F_20260827_0900,2026-08-27 09:00:00
2026-05-09,145898681,1078,0,10.5030984140,-10.5030984140,-10.5030984140,0E-7,1,1,0.50665070000000000,0.506650700000,-1.013391052207602,-1.013391052207602,-1.013391052207602,0E-17,ELIGIBLE,R03b_20260811_FULL_v1,L1_ELIGIBILITY,v2026-08-11,2026-03-21..2026-08-06,baccarat_bet02_101_all_pairs_incl_sentinel,round_win = game_pnl > 0 (decisive only),COMPATIBILITY_ONLY_NOT_PRODUCTION,12731.7143,11592.2902,-61.5438,1106,1105,0.00483390,,0.00483390,0.00483390,61.5438,12731.7143,OK,0.0000,-2.4618,4.0000,96.0000,AG03-UNRESOLVED,ALL5_LEVELS_bet23_to_bet27,-2.4618,-2.4618,-2.4618,-2.4618,-2.4618,4.000000,4.000000,4.000000,4.000000,4.000000,96.000000,96.000000,96.000000,96.000000,96.000000,5.0,-12.3088,-11.3627,-49.2350,-50.1811,PENDING_AG03,FALSE,NOT_FOR_ENFORCEMENT,-59.0821,11128.5986,-61.5438,-59.0821,-2.4618,-0.00483390,-0.00464054,-2.4618,-59.0821,-0.00464054,-2.4618,-2.4618,-2.4618,-2.4618,-2.4618,-59.0821,-0.00464054,-12.3088,-11.3627,-49.2350,-50.1811,-0.00386712,-0.00394143,-0.00019336,11.5115,10.4908,-0.0557,-1.6196,-0.1061,335.0451,29.0789,,11.5115,8.4025,10.5412,11.0045,21.0824,22.009,42.1647,10.5412,0.0,2.087904,4.0,1.09205,30,155,25,3,0E-8,-0.00483390,,0E-8,0.000000,0.910505,0.000000,,2026-03-23,2026-06-20,38,580,415,90,0.422222,,,0.000000,,,,,,,,GLOBAL_BASELINE_NO_ENTITY_RANKING,,,NOT_APPLICABLE_GLOBAL_BASELINE,HF9g-P5,,,,X 全窗基线 · 不参与实体赏罚,3928259,393,A168_HF9F_20260827_0900,2026-08-27 09:00:00
2026-05-09,145898681,1307,0,12.3936561286,-12.3936561286,-12.3936561286,0E-7,1,1,0.49324550000000000,0.493245500000,-0.9865810262130424,-0.9865810262130424,-0.9865810262130424,0E-17,ELIGIBLE,R03b_20260811_FULL_v1,L1_ELIGIBILITY,v2026-08-11,2026-03-21..2026-08-06,baccarat_bet02_101_all_pairs_incl_sentinel,round_win = game_pnl > 0 (decisive only),COMPATIBILITY_ONLY_NOT_PRODUCTION,12731.7143,11592.2902,-61.5438,1106,1105,0.00483390,,0.00483390,0.00483390,61.5438,12731.7143,OK,0.0000,-2.4618,4.0000,96.0000,AG03-UNRESOLVED,ALL5_LEVELS_bet23_to_bet27,-2.4618,-2.4618,-2.4618,-2.4618,-2.4618,4.000000,4.000000,4.000000,4.000000,4.000000,96.000000,96.000000,96.000000,96.000000,96.000000,5.0,-12.3088,-11.3627,-49.2350,-50.1811,PENDING_AG03,FALSE,NOT_FOR_ENFORCEMENT,-59.0821,11128.5986,-61.5438,-59.0821,-2.4618,-0.00483390,-0.00464054,-2.4618,-59.0821,-0.00464054,-2.4618,-2.4618,-2.4618,-2.4618,-2.4618,-59.0821,-0.00464054,-12.3088,-11.3627,-49.2350,-50.1811,-0.00386712,-0.00394143,-0.00019336,11.5115,10.4908,-0.0557,-1.6196,-0.1061,335.0451,29.0789,,11.5115,8.4025,10.5412,11.0045,21.0824,22.009,42.1647,10.5412,0.0,2.087904,4.0,1.09205,30,155,25,3,0E-8,-0.00483390,,0E-8,0.000000,0.910505,0.000000,,2026-03-23,2026-06-20,38,580,415,90,0.422222,,,0.000000,,,,,,,,GLOBAL_BASELINE_NO_ENTITY_RANKING,,,NOT_APPLICABLE_GLOBAL_BASELINE,HF9g-P5,,,,X 全窗基线 · 不参与实体赏罚,3928260,393,A168_HF9F_20260827_0900,2026-08-27 09:00:00
2026-05-09,145898681,1331,0,8.4024787312,-8.4024787312,-8.4024787312,0E-7,2,2,0.49994810000000000,0.499948100000,-1.4140667746232096,-1.4140667746232096,-1.4140667746232096,0E-17,ELIGIBLE,R03b_20260811_FULL_v1,L1_ELIGIBILITY,v2026-08-11,2026-03-21..2026-08-06,baccarat_bet02_101_all_pairs_incl_sentinel,round_win = game_pnl > 0 (decisive only),COMPATIBILITY_ONLY_NOT_PRODUCTION,12731.7143,11592.2902,-61.5438,1106,1105,0.00483390,,0.00483390,0.00483390,61.5438,12731.7143,OK,0.0000,-2.4618,4.0000,96.0000,AG03-UNRESOLVED,ALL5_LEVELS_bet23_to_bet27,-2.4618,-2.4618,-2.4618,-2.4618,-2.4618,4.000000,4.000000,4.000000,4.000000,4.000000,96.000000,96.000000,96.000000,96.000000,96.000000,5.0,-12.3088,-11.3627,-49.2350,-50.1811,PENDING_AG03,FALSE,NOT_FOR_ENFORCEMENT,-59.0821,11128.5986,-61.5438,-59.0821,-2.4618,-0.00483390,-0.00464054,-2.4618,-59.0821,-0.00464054,-2.4618,-2.4618,-2.4618,-2.4618,-2.4618,-59.0821,-0.00464054,-12.3088,-11.3627,-49.2350,-50.1811,-0.00386712,-0.00394143,-0.00019336,11.5115,10.4908,-0.0557,-1.6196,-0.1061,335.0451,29.0789,,11.5115,8.4025,10.5412,11.0045,21.0824,22.009,42.1647,10.5412,0.0,2.087904,4.0,1.09205,30,155,25,3,0E-8,-0.00483390,,0E-8,0.000000,0.910505,0.000000,,2026-03-23,2026-06-20,38,580,415,90,0.422222,,,0.000000,,,,,,,,GLOBAL_BASELINE_NO_ENTITY_RANKING,,,NOT_APPLICABLE_GLOBAL_BASELINE,HF9g-P5,,,,X 全窗基线 · 不参与实体赏罚,3928261,393,A168_HF9F_20260827_0900,2026-08-27 09:00:00
2026-05-09,145898681,1363,0,21.0061968281,-21.0061968281,-21.0061968281,0E-7,1,1,0.49324550000000000,0.493245500000,-0.9865810262130424,-0.9865810262130424,-0.9865810262130424,0E-17,ELIGIBLE,R03b_20260811_FULL_v1,L1_ELIGIBILITY,v2026-08-11,2026-03-21..2026-08-06,baccarat_bet02_101_all_pairs_incl_sentinel,round_win = game_pnl > 0 (decisive only),COMPATIBILITY_ONLY_NOT_PRODUCTION,12731.7143,11592.2902,-61.5438,1106,1105,0.00483390,,0.00483390,0.00483390,61.5438,12731.7143,OK,0.0000,-2.4618,4.0000,96.0000,AG03-UNRESOLVED,ALL5_LEVELS_bet23_to_bet27,-2.4618,-2.4618,-2.4618,-2.4618,-2.4618,4.000000,4.000000,4.000000,4.000000,4.000000,96.000000,96.000000,96.000000,96.000000,96.000000,5.0,-12.3088,-11.3627,-49.2350,-50.1811,PENDING_AG03,FALSE,NOT_FOR_ENFORCEMENT,-59.0821,11128.5986,-61.5438,-59.0821,-2.4618,-0.00483390,-0.00464054,-2.4618,-59.0821,-0.00464054,-2.4618,-2.4618,-2.4618,-2.4618,-2.4618,-59.0821,-0.00464054,-12.3088,-11.3627,-49.2350,-50.1811,-0.00386712,-0.00394143,-0.00019336,11.5115,10.4908,-0.0557,-1.6196,-0.1061,335.0451,29.0789,,11.5115,8.4025,10.5412,11.0045,21.0824,22.009,42.1647,10.5412,0.0,2.087904,4.0,1.09205,30,155,25,3,0E-8,-0.00483390,,0E-8,0.000000,0.910505,0.000000,,2026-03-23,2026-06-20,38,580,415,90,0.422222,,,0.000000,,,,,,,,GLOBAL_BASELINE_NO_ENTITY_RANKING,,,NOT_APPLICABLE_GLOBAL_BASELINE,HF9g-P5,,,,X 全窗基线 · 不参与实体赏罚,3928262,393,A168_HF9F_20260827_0900,2026-08-27 09:00:00
2026-05-09,145898681,1374,0,21.0061968280,4.2012393656,4.2012393656,0.3333333,3,3,0.49324550000000000,0.493245500000,-0.5540025479526107,-0.5540025479526106,-0.5540025479526107,0E-17,ELIGIBLE,R03b_20260811_FULL_v1,L1_ELIGIBILITY,v2026-08-11,2026-03-21..2026-08-06,baccarat_bet02_101_all_pairs_incl_sentinel,round_win = game_pnl > 0 (decisive only),COMPATIBILITY_ONLY_NOT_PRODUCTION,12731.7143,11592.2902,-61.5438,1106,1105,0.00483390,,0.00483390,0.00483390,61.5438,12731.7143,OK,0.0000,-2.4618,4.0000,96.0000,AG03-UNRESOLVED,ALL5_LEVELS_bet23_to_bet27,-2.4618,-2.4618,-2.4618,-2.4618,-2.4618,4.000000,4.000000,4.000000,4.000000,4.000000,96.000000,96.000000,96.000000,96.000000,96.000000,5.0,-12.3088,-11.3627,-49.2350,-50.1811,PENDING_AG03,FALSE,NOT_FOR_ENFORCEMENT,-59.0821,11128.5986,-61.5438,-59.0821,-2.4618,-0.00483390,-0.00464054,-2.4618,-59.0821,-0.00464054,-2.4618,-2.4618,-2.4618,-2.4618,-2.4618,-59.0821,-0.00464054,-12.3088,-11.3627,-49.2350,-50.1811,-0.00386712,-0.00394143,-0.00019336,11.5115,10.4908,-0.0557,-1.6196,-0.1061,335.0451,29.0789,,11.5115,8.4025,10.5412,11.0045,21.0824,22.009,42.1647,10.5412,0.0,2.087904,4.0,1.09205,30,155,25,3,0E-8,-0.00483390,,0E-8,0.000000,0.910505,0.000000,,2026-03-23,2026-06-20,38,580,415,90,0.422222,,,0.000000,,,,,,,,GLOBAL_BASELINE_NO_ENTITY_RANKING,,,NOT_APPLICABLE_GLOBAL_BASELINE,HF9g-P5,,,,X 全窗基线 · 不参与实体赏罚,3928263,393,A168_HF9F_20260827_0900,2026-08-27 09:00:00
2026-05-09,145898681,1509,0,12.6037180968,4.2012393656,4.2012393656,0.5000000,2,2,0.49324550000000000,0.493245500000,0.01910635448239258,0.01910635448239258,0.01910635448239258,0E-17,ELIGIBLE,R03b_20260811_FULL_v1,L1_ELIGIBILITY,v2026-08-11,2026-03-21..2026-08-06,baccarat_bet02_101_all_pairs_incl_sentinel,round_win = game_pnl > 0 (decisive only),COMPATIBILITY_ONLY_NOT_PRODUCTION,12731.7143,11592.2902,-61.5438,1106,1105,0.00483390,,0.00483390,0.00483390,61.5438,12731.7143,OK,0.0000,-2.4618,4.0000,96.0000,AG03-UNRESOLVED,ALL5_LEVELS_bet23_to_bet27,-2.4618,-2.4618,-2.4618,-2.4618,-2.4618,4.000000,4.000000,4.000000,4.000000,4.000000,96.000000,96.000000,96.000000,96.000000,96.000000,5.0,-12.3088,-11.3627,-49.2350,-50.1811,PENDING_AG03,FALSE,NOT_FOR_ENFORCEMENT,-59.0821,11128.5986,-61.5438,-59.0821,-2.4618,-0.00483390,-0.00464054,-2.4618,-59.0821,-0.00464054,-2.4618,-2.4618,-2.4618,-2.4618,-2.4618,-59.0821,-0.00464054,-12.3088,-11.3627,-49.2350,-50.1811,-0.00386712,-0.00394143,-0.00019336,11.5115,10.4908,-0.0557,-1.6196,-0.1061,335.0451,29.0789,,11.5115,8.4025,10.5412,11.0045,21.0824,22.009,42.1647,10.5412,0.0,2.087904,4.0,1.09205,30,155,25,3,0E-8,-0.00483390,,0E-8,0.000000,0.910505,0.000000,,2026-03-23,2026-06-20,38,580,415,90,0.422222,,,0.000000,,,,,,,,GLOBAL_BASELINE_NO_ENTITY_RANKING,,,NOT_APPLICABLE_GLOBAL_BASELINE,HF9g-P5,,,,X 全窗基线 · 不参与实体赏罚,3928264,393,A168_HF9F_20260827_0900,2026-08-27 09:00:00
2026-05-09,145898681,1702,0,21.0061968280,12.3936561285,12.3936561285,0.8000000,5,5,0.49592654000000000,0.495926540000,1.359902984124143,1.359902984124143,1.359902984124143,0E-17,ELIGIBLE,R03b_20260811_FULL_v1,L1_ELIGIBILITY,v2026-08-11,2026-03-21..2026-08-06,baccarat_bet02_101_all_pairs_incl_sentinel,round_win = game_pnl > 0 (decisive only),COMPATIBILITY_ONLY_NOT_PRODUCTION,12731.7143,11592.2902,-61.5438,1106,1105,0.00483390,,0.00483390,0.00483390,61.5438,12731.7143,OK,0.0000,-2.4618,4.0000,96.0000,AG03-UNRESOLVED,ALL5_LEVELS_bet23_to_bet27,-2.4618,-2.4618,-2.4618,-2.4618,-2.4618,4.000000,4.000000,4.000000,4.000000,4.000000,96.000000,96.000000,96.000000,96.000000,96.000000,5.0,-12.3088,-11.3627,-49.2350,-50.1811,PENDING_AG03,FALSE,NOT_FOR_ENFORCEMENT,-59.0821,11128.5986,-61.5438,-59.0821,-2.4618,-0.00483390,-0.00464054,-2.4618,-59.0821,-0.00464054,-2.4618,-2.4618,-2.4618,-2.4618,-2.4618,-59.0821,-0.00464054,-12.3088,-11.3627,-49.2350,-50.1811,-0.00386712,-0.00394143,-0.00019336,11.5115,10.4908,-0.0557,-1.6196,-0.1061,335.0451,29.0789,,11.5115,8.4025,10.5412,11.0045,21.0824,22.009,42.1647,10.5412,0.0,2.087904,4.0,1.09205,30,155,25,3,0E-8,-0.00483390,,0E-8,0.000000,0.910505,0.000000,,2026-03-23,2026-06-20,38,580,415,90,0.422222,,,0.000000,,,,,,,,GLOBAL_BASELINE_NO_ENTITY_RANKING,,,NOT_APPLICABLE_GLOBAL_BASELINE,HF9g-P5,,,,X 全窗基线 · 不参与实体赏罚,3928265,393,A168_HF9F_20260827_0900,2026-08-27 09:00:00
2026-05-09,145898681,1751,0,6.3018590484,6.3018590484,6.3018590484,1.0000000,1,1,0.49324550000000000,0.493245500000,1.01360149184955,1.01360149184955,1.01360149184955,0E-17,ELIGIBLE,R03b_20260811_FULL_v1,L1_ELIGIBILITY,v2026-08-11,2026-03-21..2026-08-06,baccarat_bet02_101_all_pairs_incl_sentinel,round_win = game_pnl > 0 (decisive only),COMPATIBILITY_ONLY_NOT_PRODUCTION,12731.7143,11592.2902,-61.5438,1106,1105,0.00483390,,0.00483390,0.00483390,61.5438,12731.7143,OK,0.0000,-2.4618,4.0000,96.0000,AG03-UNRESOLVED,ALL5_LEVELS_bet23_to_bet27,-2.4618,-2.4618,-2.4618,-2.4618,-2.4618,4.000000,4.000000,4.000000,4.000000,4.000000,96.000000,96.000000,96.000000,96.000000,96.000000,5.0,-12.3088,-11.3627,-49.2350,-50.1811,PENDING_AG03,FALSE,NOT_FOR_ENFORCEMENT,-59.0821,11128.5986,-61.5438,-59.0821,-2.4618,-0.00483390,-0.00464054,-2.4618,-59.0821,-0.00464054,-2.4618,-2.4618,-2.4618,-2.4618,-2.4618,-59.0821,-0.00464054,-12.3088,-11.3627,-49.2350,-50.1811,-0.00386712,-0.00394143,-0.00019336,11.5115,10.4908,-0.0557,-1.6196,-0.1061,335.0451,29.0789,,11.5115,8.4025,10.5412,11.0045,21.0824,22.009,42.1647,10.5412,0.0,2.087904,4.0,1.09205,30,155,25,3,0E-8,-0.00483390,,0E-8,0.000000,0.910505,0.000000,,2026-03-23,2026-06-20,38,580,415,90,0.422222,,,0.000000,,,,,,,,GLOBAL_BASELINE_NO_ENTITY_RANKING,,,NOT_APPLICABLE_GLOBAL_BASELINE,HF9g-P5,,,,X 全窗基线 · 不参与实体赏罚,3928266,393,A168_HF9F_20260827_0900,2026-08-27 09:00:00
2026-05-09,145898681,1941,0,18.9055771452,-18.9055771452,-18.9055771452,0E-7,2,2,0.49324550000000000,0.493245500000,-1.3952362676504506,-1.3952362676504506,-1.3952362676504506,0E-17,ELIGIBLE,R03b_20260811_FULL_v1,L1_ELIGIBILITY,v2026-08-11,2026-03-21..2026-08-06,baccarat_bet02_101_all_pairs_incl_sentinel,round_win = game_pnl > 0 (decisive only),COMPATIBILITY_ONLY_NOT_PRODUCTION,12731.7143,11592.2902,-61.5438,1106,1105,0.00483390,,0.00483390,0.00483390,61.5438,12731.7143,OK,0.0000,-2.4618,4.0000,96.0000,AG03-UNRESOLVED,ALL5_LEVELS_bet23_to_bet27,-2.4618,-2.4618,-2.4618,-2.4618,-2.4618,4.000000,4.000000,4.000000,4.000000,4.000000,96.000000,96.000000,96.000000,96.000000,96.000000,5.0,-12.3088,-11.3627,-49.2350,-50.1811,PENDING_AG03,FALSE,NOT_FOR_ENFORCEMENT,-59.0821,11128.5986,-61.5438,-59.0821,-2.4618,-0.00483390,-0.00464054,-2.4618,-59.0821,-0.00464054,-2.4618,-2.4618,-2.4618,-2.4618,-2.4618,-59.0821,-0.00464054,-12.3088,-11.3627,-49.2350,-50.1811,-0.00386712,-0.00394143,-0.00019336,11.5115,10.4908,-0.0557,-1.6196,-0.1061,335.0451,29.0789,,11.5115,8.4025,10.5412,11.0045,21.0824,22.009,42.1647,10.5412,0.0,2.087904,4.0,1.09205,30,155,25,3,0E-8,-0.00483390,,0E-8,0.000000,0.910505,0.000000,,2026-03-23,2026-06-20,38,580,415,90,0.422222,,,0.000000,,,,,,,,GLOBAL_BASELINE_NO_ENTITY_RANKING,,,NOT_APPLICABLE_GLOBAL_BASELINE,HF9g-P5,,,,X 全窗基线 · 不参与实体赏罚,3928267,393,A168_HF9F_20260827_0900,2026-08-27 09:00:00
2026-05-09,145898681,1966,0,25.2074361937,-16.8049574625,-16.8049574625,0.5000000,2,2,0.49324550000000000,0.493245500000,0.01910635448239258,0.01910635448239258,0.01910635448239258,0E-17,ELIGIBLE,R03b_20260811_FULL_v1,L1_ELIGIBILITY,v2026-08-11,2026-03-21..2026-08-06,baccarat_bet02_101_all_pairs_incl_sentinel,round_win = game_pnl > 0 (decisive only),COMPATIBILITY_ONLY_NOT_PRODUCTION,12731.7143,11592.2902,-61.5438,1106,1105,0.00483390,,0.00483390,0.00483390,61.5438,12731.7143,OK,0.0000,-2.4618,4.0000,96.0000,AG03-UNRESOLVED,ALL5_LEVELS_bet23_to_bet27,-2.4618,-2.4618,-2.4618,-2.4618,-2.4618,4.000000,4.000000,4.000000,4.000000,4.000000,96.000000,96.000000,96.000000,96.000000,96.000000,5.0,-12.3088,-11.3627,-49.2350,-50.1811,PENDING_AG03,FALSE,NOT_FOR_ENFORCEMENT,-59.0821,11128.5986,-61.5438,-59.0821,-2.4618,-0.00483390,-0.00464054,-2.4618,-59.0821,-0.00464054,-2.4618,-2.4618,-2.4618,-2.4618,-2.4618,-59.0821,-0.00464054,-12.3088,-11.3627,-49.2350,-50.1811,-0.00386712,-0.00394143,-0.00019336,11.5115,10.4908,-0.0557,-1.6196,-0.1061,335.0451,29.0789,,11.5115,8.4025,10.5412,11.0045,21.0824,22.009,42.1647,10.5412,0.0,2.087904,4.0,1.09205,30,155,25,3,0E-8,-0.00483390,,0E-8,0.000000,0.910505,0.000000,,2026-03-23,2026-06-20,38,580,415,90,0.422222,,,0.000000,,,,,,,,GLOBAL_BASELINE_NO_ENTITY_RANKING,,,NOT_APPLICABLE_GLOBAL_BASELINE,HF9g-P5,,,,X 全窗基线 · 不参与实体赏罚,3928268,393,A168_HF9F_20260827_0900,2026-08-27 09:00:00
2026-05-09,145898681,2101,0,33.1897909883,-13.0238420333,-13.0238420333,0.4000000,5,5,0.49860758000000000,0.498607580000,-0.440988213962219,-0.440988213962219,-0.440988213962219,0E-17,ELIGIBLE,R03b_20260811_FULL_v1,L1_ELIGIBILITY,v2026-08-11,2026-03-21..2026-08-06,baccarat_bet02_101_all_pairs_incl_sentinel,round_win = game_pnl > 0 (decisive only),COMPATIBILITY_ONLY_NOT_PRODUCTION,12731.7143,11592.2902,-61.5438,1106,1105,0.00483390,,0.00483390,0.00483390,61.5438,12731.7143,OK,0.0000,-2.4618,4.0000,96.0000,AG03-UNRESOLVED,ALL5_LEVELS_bet23_to_bet27,-2.4618,-2.4618,-2.4618,-2.4618,-2.4618,4.000000,4.000000,4.000000,4.000000,4.000000,96.000000,96.000000,96.000000,96.000000,96.000000,5.0,-12.3088,-11.3627,-49.2350,-50.1811,PENDING_AG03,FALSE,NOT_FOR_ENFORCEMENT,-59.0821,11128.5986,-61.5438,-59.0821,-2.4618,-0.00483390,-0.00464054,-2.4618,-59.0821,-0.00464054,-2.4618,-2.4618,-2.4618,-2.4618,-2.4618,-59.0821,-0.00464054,-12.3088,-11.3627,-49.2350,-50.1811,-0.00386712,-0.00394143,-0.00019336,11.5115,10.4908,-0.0557,-1.6196,-0.1061,335.0451,29.0789,,11.5115,8.4025,10.5412,11.0045,21.0824,22.009,42.1647,10.5412,0.0,2.087904,4.0,1.09205,30,155,25,3,0E-8,-0.00483390,,0E-8,0.000000,0.910505,0.000000,,2026-03-23,2026-06-20,38,580,415,90,0.422222,,,0.000000,,,,,,,,GLOBAL_BASELINE_NO_ENTITY_RANKING,,,NOT_APPLICABLE_GLOBAL_BASELINE,HF9g-P5,,,,X 全窗基线 · 不参与实体赏罚,3928269,393,A168_HF9F_20260827_0900,2026-08-27 09:00:00
2026-05-09,145898681,2106,0,46.2136330217,11.3433462872,11.3433462872,0.6000000,5,5,0.49860758000000000,0.498607580000,0.4534424453485946,0.4534424453485946,0.4534424453485946,0E-17,ELIGIBLE,R03b_20260811_FULL_v1,L1_ELIGIBILITY,v2026-08-11,2026-03-21..2026-08-06,baccarat_bet02_101_all_pairs_incl_sentinel,round_win = game_pnl > 0 (decisive only),COMPATIBILITY_ONLY_NOT_PRODUCTION,12731.7143,11592.2902,-61.5438,1106,1105,0.00483390,,0.00483390,0.00483390,61.5438,12731.7143,OK,0.0000,-2.4618,4.0000,96.0000,AG03-UNRESOLVED,ALL5_LEVELS_bet23_to_bet27,-2.4618,-2.4618,-2.4618,-2.4618,-2.4618,4.000000,4.000000,4.000000,4.000000,4.000000,96.000000,96.000000,96.000000,96.000000,96.000000,5.0,-12.3088,-11.3627,-49.2350,-50.1811,PENDING_AG03,FALSE,NOT_FOR_ENFORCEMENT,-59.0821,11128.5986,-61.5438,-59.0821,-2.4618,-0.00483390,-0.00464054,-2.4618,-59.0821,-0.00464054,-2.4618,-2.4618,-2.4618,-2.4618,-2.4618,-59.0821,-0.00464054,-12.3088,-11.3627,-49.2350,-50.1811,-0.00386712,-0.00394143,-0.00019336,11.5115,10.4908,-0.0557,-1.6196,-0.1061,335.0451,29.0789,,11.5115,8.4025,10.5412,11.0045,21.0824,22.009,42.1647,10.5412,0.0,2.087904,4.0,1.09205,30,155,25,3,0E-8,-0.00483390,,0E-8,0.000000,0.910505,0.000000,,2026-03-23,2026-06-20,38,580,415,90,0.422222,,,0.000000,,,,,,,,GLOBAL_BASELINE_NO_ENTITY_RANKING,,,NOT_APPLICABLE_GLOBAL_BASELINE,HF9g-P5,,,,X 全窗基线 · 不参与实体赏罚,3928270,393,A168_HF9F_20260827_0900,2026-08-27 09:00:00
2026-05-09,145898681,2115,0,35.7105346076,26.4678080034,26.4678080034,0.8000000,5,5,0.49860758000000000,0.498607580000,1.3478731046594083,1.3478731046594083,1.3478731046594083,0E-17,ELIGIBLE,R03b_20260811_FULL_v1,L1_ELIGIBILITY,v2026-08-11,2026-03-21..2026-08-06,baccarat_bet02_101_all_pairs_incl_sentinel,round_win = game_pnl > 0 (decisive only),COMPATIBILITY_ONLY_NOT_PRODUCTION,12731.7143,11592.2902,-61.5438,1106,1105,0.00483390,,0.00483390,0.00483390,61.5438,12731.7143,OK,0.0000,-2.4618,4.0000,96.0000,AG03-UNRESOLVED,ALL5_LEVELS_bet23_to_bet27,-2.4618,-2.4618,-2.4618,-2.4618,-2.4618,4.000000,4.000000,4.000000,4.000000,4.000000,96.000000,96.000000,96.000000,96.000000,96.000000,5.0,-12.3088,-11.3627,-49.2350,-50.1811,PENDING_AG03,FALSE,NOT_FOR_ENFORCEMENT,-59.0821,11128.5986,-61.5438,-59.0821,-2.4618,-0.00483390,-0.00464054,-2.4618,-59.0821,-0.00464054,-2.4618,-2.4618,-2.4618,-2.4618,-2.4618,-59.0821,-0.00464054,-12.3088,-11.3627,-49.2350,-50.1811,-0.00386712,-0.00394143,-0.00019336,11.5115,10.4908,-0.0557,-1.6196,-0.1061,335.0451,29.0789,,11.5115,8.4025,10.5412,11.0045,21.0824,22.009,42.1647,10.5412,0.0,2.087904,4.0,1.09205,30,155,25,3,0E-8,-0.00483390,,0E-8,0.000000,0.910505,0.000000,,2026-03-23,2026-06-20,38,580,415,90,0.422222,,,0.000000,,,,,,,,GLOBAL_BASELINE_NO_ENTITY_RANKING,,,NOT_APPLICABLE_GLOBAL_BASELINE,HF9g-P5,,,,X 全窗基线 · 不参与实体赏罚,3928271,393,A168_HF9F_20260827_0900,2026-08-27 09:00:00
2026-05-09,145898681,2127,0,52.5154920701,6.3018590485,6.3018590485,0.4000000,5,5,0.49592654000000000,0.495926540000,-0.42901076602576227,-0.42901076602576227,-0.42901076602576227,0E-17,ELIGIBLE,R03b_20260811_FULL_v1,L1_ELIGIBILITY,v2026-08-11,2026-03-21..2026-08-06,baccarat_bet02_101_all_pairs_incl_sentinel,round_win = game_pnl > 0 (decisive only),COMPATIBILITY_ONLY_NOT_PRODUCTION,12731.7143,11592.2902,-61.5438,1106,1105,0.00483390,,0.00483390,0.00483390,61.5438,12731.7143,OK,0.0000,-2.4618,4.0000,96.0000,AG03-UNRESOLVED,ALL5_LEVELS_bet23_to_bet27,-2.4618,-2.4618,-2.4618,-2.4618,-2.4618,4.000000,4.000000,4.000000,4.000000,4.000000,96.000000,96.000000,96.000000,96.000000,96.000000,5.0,-12.3088,-11.3627,-49.2350,-50.1811,PENDING_AG03,FALSE,NOT_FOR_ENFORCEMENT,-59.0821,11128.5986,-61.5438,-59.0821,-2.4618,-0.00483390,-0.00464054,-2.4618,-59.0821,-0.00464054,-2.4618,-2.4618,-2.4618,-2.4618,-2.4618,-59.0821,-0.00464054,-12.3088,-11.3627,-49.2350,-50.1811,-0.00386712,-0.00394143,-0.00019336,11.5115,10.4908,-0.0557,-1.6196,-0.1061,335.0451,29.0789,,11.5115,8.4025,10.5412,11.0045,21.0824,22.009,42.1647,10.5412,0.0,2.087904,4.0,1.09205,30,155,25,3,0E-8,-0.00483390,,0E-8,0.000000,0.910505,0.000000,,2026-03-23,2026-06-20,38,580,415,90,0.422222,,,0.000000,,,,,,,,GLOBAL_BASELINE_NO_ENTITY_RANKING,,,NOT_APPLICABLE_GLOBAL_BASELINE,HF9g-P5,,,,X 全窗基线 · 不参与实体赏罚,3928272,393,A168_HF9F_20260827_0900,2026-08-27 09:00:00
2026-05-09,145898681,2156,0,26.2577460350,0E-10,0E-10,0.5000000,3,3,0.49324550000000000,0.493245500000,0.01910635448239258,0.01910635448239258,0.01910635448239258,0E-17,ELIGIBLE,R03b_20260811_FULL_v1,L1_ELIGIBILITY,v2026-08-11,2026-03-21..2026-08-06,baccarat_bet02_101_all_pairs_incl_sentinel,round_win = game_pnl > 0 (decisive only),COMPATIBILITY_ONLY_NOT_PRODUCTION,12731.7143,11592.2902,-61.5438,1106,1105,0.00483390,,0.00483390,0.00483390,61.5438,12731.7143,OK,0.0000,-2.4618,4.0000,96.0000,AG03-UNRESOLVED,ALL5_LEVELS_bet23_to_bet27,-2.4618,-2.4618,-2.4618,-2.4618,-2.4618,4.000000,4.000000,4.000000,4.000000,4.000000,96.000000,96.000000,96.000000,96.000000,96.000000,5.0,-12.3088,-11.3627,-49.2350,-50.1811,PENDING_AG03,FALSE,NOT_FOR_ENFORCEMENT,-59.0821,11128.5986,-61.5438,-59.0821,-2.4618,-0.00483390,-0.00464054,-2.4618,-59.0821,-0.00464054,-2.4618,-2.4618,-2.4618,-2.4618,-2.4618,-59.0821,-0.00464054,-12.3088,-11.3627,-49.2350,-50.1811,-0.00386712,-0.00394143,-0.00019336,11.5115,10.4908,-0.0557,-1.6196,-0.1061,335.0451,29.0789,,11.5115,8.4025,10.5412,11.0045,21.0824,22.009,42.1647,10.5412,0.0,2.087904,4.0,1.09205,30,155,25,3,0E-8,-0.00483390,,0E-8,0.000000,0.910505,0.000000,,2026-03-23,2026-06-20,38,580,415,90,0.422222,,,0.000000,,,,,,,,GLOBAL_BASELINE_NO_ENTITY_RANKING,,,NOT_APPLICABLE_GLOBAL_BASELINE,HF9g-P5,,,,X 全窗基线 · 不参与实体赏罚,3928273,393,A168_HF9F_20260827_0900,2026-08-27 09:00:00
2026-05-09,145898681,2167,0,23.1068165108,-23.1068165108,-23.1068165108,0E-7,3,3,0.49324550000000000,0.493245500000,-1.708808463184432,-1.7088084631844318,-1.708808463184432,0E-17,ELIGIBLE,R03b_20260811_FULL_v1,L1_ELIGIBILITY,v2026-08-11,2026-03-21..2026-08-06,baccarat_bet02_101_all_pairs_incl_sentinel,round_win = game_pnl > 0 (decisive only),COMPATIBILITY_ONLY_NOT_PRODUCTION,12731.7143,11592.2902,-61.5438,1106,1105,0.00483390,,0.00483390,0.00483390,61.5438,12731.7143,OK,0.0000,-2.4618,4.0000,96.0000,AG03-UNRESOLVED,ALL5_LEVELS_bet23_to_bet27,-2.4618,-2.4618,-2.4618,-2.4618,-2.4618,4.000000,4.000000,4.000000,4.000000,4.000000,96.000000,96.000000,96.000000,96.000000,96.000000,5.0,-12.3088,-11.3627,-49.2350,-50.1811,PENDING_AG03,FALSE,NOT_FOR_ENFORCEMENT,-59.0821,11128.5986,-61.5438,-59.0821,-2.4618,-0.00483390,-0.00464054,-2.4618,-59.0821,-0.00464054,-2.4618,-2.4618,-2.4618,-2.4618,-2.4618,-59.0821,-0.00464054,-12.3088,-11.3627,-49.2350,-50.1811,-0.00386712,-0.00394143,-0.00019336,11.5115,10.4908,-0.0557,-1.6196,-0.1061,335.0451,29.0789,,11.5115,8.4025,10.5412,11.0045,21.0824,22.009,42.1647,10.5412,0.0,2.087904,4.0,1.09205,30,155,25,3,0E-8,-0.00483390,,0E-8,0.000000,0.910505,0.000000,,2026-03-23,2026-06-20,38,580,415,90,0.422222,,,0.000000,,,,,,,,GLOBAL_BASELINE_NO_ENTITY_RANKING,,,NOT_APPLICABLE_GLOBAL_BASELINE,HF9g-P5,,,,X 全窗基线 · 不参与实体赏罚,3928274,393,A168_HF9F_20260827_0900,2026-08-27 09:00:00
2026-05-09,145898681,2169,0,33.6099149248,-21.0061968280,-21.0061968280,0.2500000,4,4,0.49659680000000000,0.496596800000,-0.9864100490137353,-0.9864100490137354,-0.9864100490137353,0E-17,ELIGIBLE,R03b_20260811_FULL_v1,L1_ELIGIBILITY,v2026-08-11,2026-03-21..2026-08-06,baccarat_bet02_101_all_pairs_incl_sentinel,round_win = game_pnl > 0 (decisive only),COMPATIBILITY_ONLY_NOT_PRODUCTION,12731.7143,11592.2902,-61.5438,1106,1105,0.00483390,,0.00483390,0.00483390,61.5438,12731.7143,OK,0.0000,-2.4618,4.0000,96.0000,AG03-UNRESOLVED,ALL5_LEVELS_bet23_to_bet27,-2.4618,-2.4618,-2.4618,-2.4618,-2.4618,4.000000,4.000000,4.000000,4.000000,4.000000,96.000000,96.000000,96.000000,96.000000,96.000000,5.0,-12.3088,-11.3627,-49.2350,-50.1811,PENDING_AG03,FALSE,NOT_FOR_ENFORCEMENT,-59.0821,11128.5986,-61.5438,-59.0821,-2.4618,-0.00483390,-0.00464054,-2.4618,-59.0821,-0.00464054,-2.4618,-2.4618,-2.4618,-2.4618,-2.4618,-59.0821,-0.00464054,-12.3088,-11.3627,-49.2350,-50.1811,-0.00386712,-0.00394143,-0.00019336,11.5115,10.4908,-0.0557,-1.6196,-0.1061,335.0451,29.0789,,11.5115,8.4025,10.5412,11.0045,21.0824,22.009,42.1647,10.5412,0.0,2.087904,4.0,1.09205,30,155,25,3,0E-8,-0.00483390,,0E-8,0.000000,0.910505,0.000000,,2026-03-23,2026-06-20,38,580,415,90,0.422222,,,0.000000,,,,,,,,GLOBAL_BASELINE_NO_ENTITY_RANKING,,,NOT_APPLICABLE_GLOBAL_BASELINE,HF9g-P5,,,,X 全窗基线 · 不参与实体赏罚,3928275,393,A168_HF9F_20260827_0900,2026-08-27 09:00:00
2026-05-09,145898681,2220,0,57.5569793087,32.3495431151,32.3495431151,0.7142857,8,8,0.49324550000000000,0.493245500000,1.169741613234378,1.1697416132343783,1.169741613234378,0E-17,ELIGIBLE,R03b_20260811_FULL_v1,L1_ELIGIBILITY,v2026-08-11,2026-03-21..2026-08-06,baccarat_bet02_101_all_pairs_incl_sentinel,round_win = game_pnl > 0 (decisive only),COMPATIBILITY_ONLY_NOT_PRODUCTION,12731.7143,11592.2902,-61.5438,1106,1105,0.00483390,,0.00483390,0.00483390,61.5438,12731.7143,OK,0.0000,-2.4618,4.0000,96.0000,AG03-UNRESOLVED,ALL5_LEVELS_bet23_to_bet27,-2.4618,-2.4618,-2.4618,-2.4618,-2.4618,4.000000,4.000000,4.000000,4.000000,4.000000,96.000000,96.000000,96.000000,96.000000,96.000000,5.0,-12.3088,-11.3627,-49.2350,-50.1811,PENDING_AG03,FALSE,NOT_FOR_ENFORCEMENT,-59.0821,11128.5986,-61.5438,-59.0821,-2.4618,-0.00483390,-0.00464054,-2.4618,-59.0821,-0.00464054,-2.4618,-2.4618,-2.4618,-2.4618,-2.4618,-59.0821,-0.00464054,-12.3088,-11.3627,-49.2350,-50.1811,-0.00386712,-0.00394143,-0.00019336,11.5115,10.4908,-0.0557,-1.6196,-0.1061,335.0451,29.0789,,11.5115,8.4025,10.5412,11.0045,21.0824,22.009,42.1647,10.5412,0.0,2.087904,4.0,1.09205,30,155,25,3,0E-8,-0.00483390,,0E-8,0.000000,0.910505,0.000000,,2026-03-23,2026-06-20,38,580,415,90,0.422222,,,0.000000,,,,,,,,GLOBAL_BASELINE_NO_ENTITY_RANKING,,,NOT_APPLICABLE_GLOBAL_BASELINE,HF9g-P5,,,,X 全窗基线 · 不参与实体赏罚,3928276,393,A168_HF9F_20260827_0900,2026-08-27 09:00:00
2026-05-09,145898681,2235,0,46.2136330216,-2.1006196828,-2.1006196828,0.4000000,6,6,0.49547970000000000,0.495479700000,-0.42701565021644644,-0.42701565021644644,-0.42701565021644644,0E-17,ELIGIBLE,R03b_20260811_FULL_v1,L1_ELIGIBILITY,v2026-08-11,2026-03-21..2026-08-06,baccarat_bet02_101_all_pairs_incl_sentinel,round_win = game_pnl > 0 (decisive only),COMPATIBILITY_ONLY_NOT_PRODUCTION,12731.7143,11592.2902,-61.5438,1106,1105,0.00483390,,0.00483390,0.00483390,61.5438,12731.7143,OK,0.0000,-2.4618,4.0000,96.0000,AG03-UNRESOLVED,ALL5_LEVELS_bet23_to_bet27,-2.4618,-2.4618,-2.4618,-2.4618,-2.4618,4.000000,4.000000,4.000000,4.000000,4.000000,96.000000,96.000000,96.000000,96.000000,96.000000,5.0,-12.3088,-11.3627,-49.2350,-50.1811,PENDING_AG03,FALSE,NOT_FOR_ENFORCEMENT,-59.0821,11128.5986,-61.5438,-59.0821,-2.4618,-0.00483390,-0.00464054,-2.4618,-59.0821,-0.00464054,-2.4618,-2.4618,-2.4618,-2.4618,-2.4618,-59.0821,-0.00464054,-12.3088,-11.3627,-49.2350,-50.1811,-0.00386712,-0.00394143,-0.00019336,11.5115,10.4908,-0.0557,-1.6196,-0.1061,335.0451,29.0789,,11.5115,8.4025,10.5412,11.0045,21.0824,22.009,42.1647,10.5412,0.0,2.087904,4.0,1.09205,30,155,25,3,0E-8,-0.00483390,,0E-8,0.000000,0.910505,0.000000,,2026-03-23,2026-06-20,38,580,415,90,0.422222,,,0.000000,,,,,,,,GLOBAL_BASELINE_NO_ENTITY_RANKING,,,NOT_APPLICABLE_GLOBAL_BASELINE,HF9g-P5,,,,X 全窗基线 · 不参与实体赏罚,3928277,393,A168_HF9F_20260827_0900,2026-08-27 09:00:00
2026-05-09,145898681,2241,0,18.9055771452,4.2012393656,4.2012393656,0.5000000,3,3,0.49771390000000000,0.497713900000,0.006466134837551399,0.0064661348375514,0.006466134837551399,0E-17,ELIGIBLE,R03b_20260811_FULL_v1,L1_ELIGIBILITY,v2026-08-11,2026-03-21..2026-08-06,baccarat_bet02_101_all_pairs_incl_sentinel,round_win = game_pnl > 0 (decisive only),COMPATIBILITY_ONLY_NOT_PRODUCTION,12731.7143,11592.2902,-61.5438,1106,1105,0.00483390,,0.00483390,0.00483390,61.5438,12731.7143,OK,0.0000,-2.4618,4.0000,96.0000,AG03-UNRESOLVED,ALL5_LEVELS_bet23_to_bet27,-2.4618,-2.4618,-2.4618,-2.4618,-2.4618,4.000000,4.000000,4.000000,4.000000,4.000000,96.000000,96.000000,96.000000,96.000000,96.000000,5.0,-12.3088,-11.3627,-49.2350,-50.1811,PENDING_AG03,FALSE,NOT_FOR_ENFORCEMENT,-59.0821,11128.5986,-61.5438,-59.0821,-2.4618,-0.00483390,-0.00464054,-2.4618,-59.0821,-0.00464054,-2.4618,-2.4618,-2.4618,-2.4618,-2.4618,-59.0821,-0.00464054,-12.3088,-11.3627,-49.2350,-50.1811,-0.00386712,-0.00394143,-0.00019336,11.5115,10.4908,-0.0557,-1.6196,-0.1061,335.0451,29.0789,,11.5115,8.4025,10.5412,11.0045,21.0824,22.009,42.1647,10.5412,0.0,2.087904,4.0,1.09205,30,155,25,3,0E-8,-0.00483390,,0E-8,0.000000,0.910505,0.000000,,2026-03-23,2026-06-20,38,580,415,90,0.422222,,,0.000000,,,,,,,,GLOBAL_BASELINE_NO_ENTITY_RANKING,,,NOT_APPLICABLE_GLOBAL_BASELINE,HF9g-P5,,,,X 全窗基线 · 不参与实体赏罚,3928278,393,A168_HF9F_20260827_0900,2026-08-27 09:00:00
2026-05-09,145898681,2246,0,16.8049574624,4.2012393656,4.2012393656,0.5000000,3,3,0.49324550000000000,0.493245500000,0.01910635448239258,0.01910635448239258,0.01910635448239258,0E-17,ELIGIBLE,R03b_20260811_FULL_v1,L1_ELIGIBILITY,v2026-08-11,2026-03-21..2026-08-06,baccarat_bet02_101_all_pairs_incl_sentinel,round_win = game_pnl > 0 (decisive only),COMPATIBILITY_ONLY_NOT_PRODUCTION,12731.7143,11592.2902,-61.5438,1106,1105,0.00483390,,0.00483390,0.00483390,61.5438,12731.7143,OK,0.0000,-2.4618,4.0000,96.0000,AG03-UNRESOLVED,ALL5_LEVELS_bet23_to_bet27,-2.4618,-2.4618,-2.4618,-2.4618,-2.4618,4.000000,4.000000,4.000000,4.000000,4.000000,96.000000,96.000000,96.000000,96.000000,96.000000,5.0,-12.3088,-11.3627,-49.2350,-50.1811,PENDING_AG03,FALSE,NOT_FOR_ENFORCEMENT,-59.0821,11128.5986,-61.5438,-59.0821,-2.4618,-0.00483390,-0.00464054,-2.4618,-59.0821,-0.00464054,-2.4618,-2.4618,-2.4618,-2.4618,-2.4618,-59.0821,-0.00464054,-12.3088,-11.3627,-49.2350,-50.1811,-0.00386712,-0.00394143,-0.00019336,11.5115,10.4908,-0.0557,-1.6196,-0.1061,335.0451,29.0789,,11.5115,8.4025,10.5412,11.0045,21.0824,22.009,42.1647,10.5412,0.0,2.087904,4.0,1.09205,30,155,25,3,0E-8,-0.00483390,,0E-8,0.000000,0.910505,0.000000,,2026-03-23,2026-06-20,38,580,415,90,0.422222,,,0.000000,,,,,,,,GLOBAL_BASELINE_NO_ENTITY_RANKING,,,NOT_APPLICABLE_GLOBAL_BASELINE,HF9g-P5,,,,X 全窗基线 · 不参与实体赏罚,3928279,393,A168_HF9F_20260827_0900,2026-08-27 09:00:00
2026-05-09,145898681,2248,0,4.2012393656,4.2012393656,4.2012393656,1.0000000,1,1,0.49324550000000000,0.493245500000,1.01360149184955,1.01360149184955,1.01360149184955,0E-17,ELIGIBLE,R03b_20260811_FULL_v1,L1_ELIGIBILITY,v2026-08-11,2026-03-21..2026-08-06,baccarat_bet02_101_all_pairs_incl_sentinel,round_win = game_pnl > 0 (decisive only),COMPATIBILITY_ONLY_NOT_PRODUCTION,12731.7143,11592.2902,-61.5438,1106,1105,0.00483390,,0.00483390,0.00483390,61.5438,12731.7143,OK,0.0000,-2.4618,4.0000,96.0000,AG03-UNRESOLVED,ALL5_LEVELS_bet23_to_bet27,-2.4618,-2.4618,-2.4618,-2.4618,-2.4618,4.000000,4.000000,4.000000,4.000000,4.000000,96.000000,96.000000,96.000000,96.000000,96.000000,5.0,-12.3088,-11.3627,-49.2350,-50.1811,PENDING_AG03,FALSE,NOT_FOR_ENFORCEMENT,-59.0821,11128.5986,-61.5438,-59.0821,-2.4618,-0.00483390,-0.00464054,-2.4618,-59.0821,-0.00464054,-2.4618,-2.4618,-2.4618,-2.4618,-2.4618,-59.0821,-0.00464054,-12.3088,-11.3627,-49.2350,-50.1811,-0.00386712,-0.00394143,-0.00019336,11.5115,10.4908,-0.0557,-1.6196,-0.1061,335.0451,29.0789,,11.5115,8.4025,10.5412,11.0045,21.0824,22.009,42.1647,10.5412,0.0,2.087904,4.0,1.09205,30,155,25,3,0E-8,-0.00483390,,0E-8,0.000000,0.910505,0.000000,,2026-03-23,2026-06-20,38,580,415,90,0.422222,,,0.000000,,,,,,,,GLOBAL_BASELINE_NO_ENTITY_RANKING,,,NOT_APPLICABLE_GLOBAL_BASELINE,HF9g-P5,,,,X 全窗基线 · 不参与实体赏罚,3928280,393,A168_HF9F_20260827_0900,2026-08-27 09:00:00
2026-05-09,145898681,2250,0,39.9117739732,18.4854532087,18.4854532087,0.8000000,5,5,0.49592654000000000,0.495926540000,1.359902984124143,1.359902984124143,1.359902984124143,0E-17,ELIGIBLE,R03b_20260811_FULL_v1,L1_ELIGIBILITY,v2026-08-11,2026-03-21..2026-08-06,baccarat_bet02_101_all_pairs_incl_sentinel,round_win = game_pnl > 0 (decisive only),COMPATIBILITY_ONLY_NOT_PRODUCTION,12731.7143,11592.2902,-61.5438,1106,1105,0.00483390,,0.00483390,0.00483390,61.5438,12731.7143,OK,0.0000,-2.4618,4.0000,96.0000,AG03-UNRESOLVED,ALL5_LEVELS_bet23_to_bet27,-2.4618,-2.4618,-2.4618,-2.4618,-2.4618,4.000000,4.000000,4.000000,4.000000,4.000000,96.000000,96.000000,96.000000,96.000000,96.000000,5.0,-12.3088,-11.3627,-49.2350,-50.1811,PENDING_AG03,FALSE,NOT_FOR_ENFORCEMENT,-59.0821,11128.5986,-61.5438,-59.0821,-2.4618,-0.00483390,-0.00464054,-2.4618,-59.0821,-0.00464054,-2.4618,-2.4618,-2.4618,-2.4618,-2.4618,-59.0821,-0.00464054,-12.3088,-11.3627,-49.2350,-50.1811,-0.00386712,-0.00394143,-0.00019336,11.5115,10.4908,-0.0557,-1.6196,-0.1061,335.0451,29.0789,,11.5115,8.4025,10.5412,11.0045,21.0824,22.009,42.1647,10.5412,0.0,2.087904,4.0,1.09205,30,155,25,3,0E-8,-0.00483390,,0E-8,0.000000,0.910505,0.000000,,2026-03-23,2026-06-20,38,580,415,90,0.422222,,,0.000000,,,,,,,,GLOBAL_BASELINE_NO_ENTITY_RANKING,,,NOT_APPLICABLE_GLOBAL_BASELINE,HF9g-P5,,,,X 全窗基线 · 不参与实体赏罚,3928281,393,A168_HF9F_20260827_0900,2026-08-27 09:00:00
2026-05-09,145898681,763,0,21.0061968281,-21.0061968281,-21.0061968281,0E-7,1,1,0.49324550000000000,0.493245500000,-0.9865810262130424,-0.9865810262130424,-0.9865810262130424,0E-17,ELIGIBLE,R03b_20260811_FULL_v1,L1_ELIGIBILITY,v2026-08-11,2026-03-21..2026-08-06,baccarat_bet02_101_all_pairs_incl_sentinel,round_win = game_pnl > 0 (decisive only),COMPATIBILITY_ONLY_NOT_PRODUCTION,12731.7143,11592.2902,-61.5438,1106,1105,0.00483390,,0.00483390,0.00483390,61.5438,12731.7143,OK,0.0000,-2.4618,4.0000,96.0000,AG03-UNRESOLVED,ALL5_LEVELS_bet23_to_bet27,-2.4618,-2.4618,-2.4618,-2.4618,-2.4618,4.000000,4.000000,4.000000,4.000000,4.000000,96.000000,96.000000,96.000000,96.000000,96.000000,5.0,-12.3088,-11.3627,-49.2350,-50.1811,PENDING_AG03,FALSE,NOT_FOR_ENFORCEMENT,-59.0821,11128.5986,-61.5438,-59.0821,-2.4618,-0.00483390,-0.00464054,-2.4618,-59.0821,-0.00464054,-2.4618,-2.4618,-2.4618,-2.4618,-2.4618,-59.0821,-0.00464054,-12.3088,-11.3627,-49.2350,-50.1811,-0.00386712,-0.00394143,-0.00019336,11.5115,10.4908,-0.0557,-1.6196,-0.1061,335.0451,29.0789,,11.5115,8.4025,10.5412,11.0045,21.0824,22.009,42.1647,10.5412,0.0,2.087904,4.0,1.09205,30,155,25,3,0E-8,-0.00483390,,0E-8,0.000000,0.910505,0.000000,,2026-03-23,2026-06-20,38,580,415,90,0.422222,,,0.000000,,,,,,,,GLOBAL_BASELINE_NO_ENTITY_RANKING,,,NOT_APPLICABLE_GLOBAL_BASELINE,HF9g-P5,,,,X 全窗基线 · 不参与实体赏罚,3928282,393,A168_HF9F_20260827_0900,2026-08-27 09:00:00
2026-05-09,145898681,925,0,6.3018590484,-6.3018590484,-6.3018590484,0E-7,1,1,0.49324550000000000,0.493245500000,-0.9865810262130424,-0.9865810262130424,-0.9865810262130424,0E-17,ELIGIBLE,R03b_20260811_FULL_v1,L1_ELIGIBILITY,v2026-08-11,2026-03-21..2026-08-06,baccarat_bet02_101_all_pairs_incl_sentinel,round_win = game_pnl > 0 (decisive only),COMPATIBILITY_ONLY_NOT_PRODUCTION,12731.7143,11592.2902,-61.5438,1106,1105,0.00483390,,0.00483390,0.00483390,61.5438,12731.7143,OK,0.0000,-2.4618,4.0000,96.0000,AG03-UNRESOLVED,ALL5_LEVELS_bet23_to_bet27,-2.4618,-2.4618,-2.4618,-2.4618,-2.4618,4.000000,4.000000,4.000000,4.000000,4.000000,96.000000,96.000000,96.000000,96.000000,96.000000,5.0,-12.3088,-11.3627,-49.2350,-50.1811,PENDING_AG03,FALSE,NOT_FOR_ENFORCEMENT,-59.0821,11128.5986,-61.5438,-59.0821,-2.4618,-0.00483390,-0.00464054,-2.4618,-59.0821,-0.00464054,-2.4618,-2.4618,-2.4618,-2.4618,-2.4618,-59.0821,-0.00464054,-12.3088,-11.3627,-49.2350,-50.1811,-0.00386712,-0.00394143,-0.00019336,11.5115,10.4908,-0.0557,-1.6196,-0.1061,335.0451,29.0789,,11.5115,8.4025,10.5412,11.0045,21.0824,22.009,42.1647,10.5412,0.0,2.087904,4.0,1.09205,30,155,25,3,0E-8,-0.00483390,,0E-8,0.000000,0.910505,0.000000,,2026-03-23,2026-06-20,38,580,415,90,0.422222,,,0.000000,,,,,,,,GLOBAL_BASELINE_NO_ENTITY_RANKING,,,NOT_APPLICABLE_GLOBAL_BASELINE,HF9g-P5,,,,X 全窗基线 · 不参与实体赏罚,3928283,393,A168_HF9F_20260827_0900,2026-08-27 09:00:00
2026-05-09,145898681,948,0,25.6275601302,-4.6213633022,-4.6213633022,0.3333333,4,4,0.49324550000000000,0.493245500000,-0.5540025479526107,-0.5540025479526106,-0.5540025479526107,0E-17,ELIGIBLE,R03b_20260811_FULL_v1,L1_ELIGIBILITY,v2026-08-11,2026-03-21..2026-08-06,baccarat_bet02_101_all_pairs_incl_sentinel,round_win = game_pnl > 0 (decisive only),COMPATIBILITY_ONLY_NOT_PRODUCTION,12731.7143,11592.2902,-61.5438,1106,1105,0.00483390,,0.00483390,0.00483390,61.5438,12731.7143,OK,0.0000,-2.4618,4.0000,96.0000,AG03-UNRESOLVED,ALL5_LEVELS_bet23_to_bet27,-2.4618,-2.4618,-2.4618,-2.4618,-2.4618,4.000000,4.000000,4.000000,4.000000,4.000000,96.000000,96.000000,96.000000,96.000000,96.000000,5.0,-12.3088,-11.3627,-49.2350,-50.1811,PENDING_AG03,FALSE,NOT_FOR_ENFORCEMENT,-59.0821,11128.5986,-61.5438,-59.0821,-2.4618,-0.00483390,-0.00464054,-2.4618,-59.0821,-0.00464054,-2.4618,-2.4618,-2.4618,-2.4618,-2.4618,-59.0821,-0.00464054,-12.3088,-11.3627,-49.2350,-50.1811,-0.00386712,-0.00394143,-0.00019336,11.5115,10.4908,-0.0557,-1.6196,-0.1061,335.0451,29.0789,,11.5115,8.4025,10.5412,11.0045,21.0824,22.009,42.1647,10.5412,0.0,2.087904,4.0,1.09205,30,155,25,3,0E-8,-0.00483390,,0E-8,0.000000,0.910505,0.000000,,2026-03-23,2026-06-20,38,580,415,90,0.422222,,,0.000000,,,,,,,,GLOBAL_BASELINE_NO_ENTITY_RANKING,,,NOT_APPLICABLE_GLOBAL_BASELINE,HF9g-P5,,,,X 全窗基线 · 不参与实体赏罚,3928284,393,A168_HF9F_20260827_0900,2026-08-27 09:00:00
2026-05-12,145898681,-1,1,29.4086755592,0E-10,0E-10,0.5000000,3,3,0.49324550000000000,0.493245500000,0.01910635448239258,0.01910635448239258,0.01910635448239258,0E-17,SENTINEL_DEALER,R03b_20260811_FULL_v1,L1_ELIGIBILITY,v2026-08-11,2026-03-21..2026-08-06,baccarat_bet02_101_all_pairs_incl_sentinel,round_win = game_pnl > 0 (decisive only),COMPATIBILITY_ONLY_NOT_PRODUCTION,12731.7143,11592.2902,-61.5438,1106,1105,0.00483390,,0.00483390,0.00483390,61.5438,12731.7143,OK,0.0000,-2.4618,4.0000,96.0000,AG03-UNRESOLVED,ALL5_LEVELS_bet23_to_bet27,-2.4618,-2.4618,-2.4618,-2.4618,-2.4618,4.000000,4.000000,4.000000,4.000000,4.000000,96.000000,96.000000,96.000000,96.000000,96.000000,5.0,-12.3088,-11.3627,-49.2350,-50.1811,PENDING_AG03,FALSE,NOT_FOR_ENFORCEMENT,-59.0821,11128.5986,-61.5438,-59.0821,-2.4618,-0.00483390,-0.00464054,-2.4618,-59.0821,-0.00464054,-2.4618,-2.4618,-2.4618,-2.4618,-2.4618,-59.0821,-0.00464054,-12.3088,-11.3627,-49.2350,-50.1811,-0.00386712,-0.00394143,-0.00019336,11.5115,10.4908,-0.0557,-1.6196,-0.1061,335.0451,29.0789,,11.5115,8.4025,10.5412,11.0045,21.0824,22.009,42.1647,10.5412,0.0,2.087904,4.0,1.09205,30,155,25,3,0E-8,-0.00483390,,0E-8,0.000000,0.910505,0.000000,,2026-03-23,2026-06-20,38,580,415,90,0.422222,,,0.000000,,,,,,,,GLOBAL_BASELINE_NO_ENTITY_RANKING,,,NOT_APPLICABLE_GLOBAL_BASELINE,HF9g-P5,,,,X 全窗基线 · 不参与实体赏罚,3928285,393,A168_HF9F_20260827_0900,2026-08-27 09:00:00
2026-05-12,145898681,1941,0,10.5030984140,-10.5030984140,-10.5030984140,0E-7,1,1,0.49324550000000000,0.493245500000,-0.9865810262130424,-0.9865810262130424,-0.9865810262130424,0E-17,ELIGIBLE,R03b_20260811_FULL_v1,L1_ELIGIBILITY,v2026-08-11,2026-03-21..2026-08-06,baccarat_bet02_101_all_pairs_incl_sentinel,round_win = game_pnl > 0 (decisive only),COMPATIBILITY_ONLY_NOT_PRODUCTION,12731.7143,11592.2902,-61.5438,1106,1105,0.00483390,,0.00483390,0.00483390,61.5438,12731.7143,OK,0.0000,-2.4618,4.0000,96.0000,AG03-UNRESOLVED,ALL5_LEVELS_bet23_to_bet27,-2.4618,-2.4618,-2.4618,-2.4618,-2.4618,4.000000,4.000000,4.000000,4.000000,4.000000,96.000000,96.000000,96.000000,96.000000,96.000000,5.0,-12.3088,-11.3627,-49.2350,-50.1811,PENDING_AG03,FALSE,NOT_FOR_ENFORCEMENT,-59.0821,11128.5986,-61.5438,-59.0821,-2.4618,-0.00483390,-0.00464054,-2.4618,-59.0821,-0.00464054,-2.4618,-2.4618,-2.4618,-2.4618,-2.4618,-59.0821,-0.00464054,-12.3088,-11.3627,-49.2350,-50.1811,-0.00386712,-0.00394143,-0.00019336,11.5115,10.4908,-0.0557,-1.6196,-0.1061,335.0451,29.0789,,11.5115,8.4025,10.5412,11.0045,21.0824,22.009,42.1647,10.5412,0.0,2.087904,4.0,1.09205,30,155,25,3,0E-8,-0.00483390,,0E-8,0.000000,0.910505,0.000000,,2026-03-23,2026-06-20,38,580,415,90,0.422222,,,0.000000,,,,,,,,GLOBAL_BASELINE_NO_ENTITY_RANKING,,,NOT_APPLICABLE_GLOBAL_BASELINE,HF9g-P5,,,,X 全窗基线 · 不参与实体赏罚,3928286,393,A168_HF9F_20260827_0900,2026-08-27 09:00:00
2026-05-12,145898681,2224,0,10.5030984140,-10.5030984140,-10.5030984140,0E-7,1,1,0.49324550000000000,0.493245500000,-0.9865810262130424,-0.9865810262130424,-0.9865810262130424,0E-17,ELIGIBLE,R03b_20260811_FULL_v1,L1_ELIGIBILITY,v2026-08-11,2026-03-21..2026-08-06,baccarat_bet02_101_all_pairs_incl_sentinel,round_win = game_pnl > 0 (decisive only),COMPATIBILITY_ONLY_NOT_PRODUCTION,12731.7143,11592.2902,-61.5438,1106,1105,0.00483390,,0.00483390,0.00483390,61.5438,12731.7143,OK,0.0000,-2.4618,4.0000,96.0000,AG03-UNRESOLVED,ALL5_LEVELS_bet23_to_bet27,-2.4618,-2.4618,-2.4618,-2.4618,-2.4618,4.000000,4.000000,4.000000,4.000000,4.000000,96.000000,96.000000,96.000000,96.000000,96.000000,5.0,-12.3088,-11.3627,-49.2350,-50.1811,PENDING_AG03,FALSE,NOT_FOR_ENFORCEMENT,-59.0821,11128.5986,-61.5438,-59.0821,-2.4618,-0.00483390,-0.00464054,-2.4618,-59.0821,-0.00464054,-2.4618,-2.4618,-2.4618,-2.4618,-2.4618,-59.0821,-0.00464054,-12.3088,-11.3627,-49.2350,-50.1811,-0.00386712,-0.00394143,-0.00019336,11.5115,10.4908,-0.0557,-1.6196,-0.1061,335.0451,29.0789,,11.5115,8.4025,10.5412,11.0045,21.0824,22.009,42.1647,10.5412,0.0,2.087904,4.0,1.09205,30,155,25,3,0E-8,-0.00483390,,0E-8,0.000000,0.910505,0.000000,,2026-03-23,2026-06-20,38,580,415,90,0.422222,,,0.000000,,,,,,,,GLOBAL_BASELINE_NO_ENTITY_RANKING,,,NOT_APPLICABLE_GLOBAL_BASELINE,HF9g-P5,,,,X 全窗基线 · 不参与实体赏罚,3928287,393,A168_HF9F_20260827_0900,2026-08-27 09:00:00
2026-05-15,145898681,-1,1,10.5030984140,-10.5030984140,-10.5030984140,0E-7,1,1,0.49324550000000000,0.493245500000,-0.9865810262130424,-0.9865810262130424,-0.9865810262130424,0E-17,SENTINEL_DEALER,R03b_20260811_FULL_v1,L1_ELIGIBILITY,v2026-08-11,2026-03-21..2026-08-06,baccarat_bet02_101_all_pairs_incl_sentinel,round_win = game_pnl > 0 (decisive only),COMPATIBILITY_ONLY_NOT_PRODUCTION,12731.7143,11592.2902,-61.5438,1106,1105,0.00483390,,0.00483390,0.00483390,61.5438,12731.7143,OK,0.0000,-2.4618,4.0000,96.0000,AG03-UNRESOLVED,ALL5_LEVELS_bet23_to_bet27,-2.4618,-2.4618,-2.4618,-2.4618,-2.4618,4.000000,4.000000,4.000000,4.000000,4.000000,96.000000,96.000000,96.000000,96.000000,96.000000,5.0,-12.3088,-11.3627,-49.2350,-50.1811,PENDING_AG03,FALSE,NOT_FOR_ENFORCEMENT,-59.0821,11128.5986,-61.5438,-59.0821,-2.4618,-0.00483390,-0.00464054,-2.4618,-59.0821,-0.00464054,-2.4618,-2.4618,-2.4618,-2.4618,-2.4618,-59.0821,-0.00464054,-12.3088,-11.3627,-49.2350,-50.1811,-0.00386712,-0.00394143,-0.00019336,11.5115,10.4908,-0.0557,-1.6196,-0.1061,335.0451,29.0789,,11.5115,8.4025,10.5412,11.0045,21.0824,22.009,42.1647,10.5412,0.0,2.087904,4.0,1.09205,30,155,25,3,0E-8,-0.00483390,,0E-8,0.000000,0.910505,0.000000,,2026-03-23,2026-06-20,38,580,415,90,0.422222,,,0.000000,,,,,,,,GLOBAL_BASELINE_NO_ENTITY_RANKING,,,NOT_APPLICABLE_GLOBAL_BASELINE,HF9g-P5,,,,X 全窗基线 · 不参与实体赏罚,3928288,393,A168_HF9F_20260827_0900,2026-08-27 09:00:00
2026-05-15,145898681,1004,0,10.5030984140,0E-10,0E-10,,1,1,0.49324550000000000,0.493245500000,,,,0E-17,NO_DECISIVE_ROUND,R03b_20260811_FULL_v1,L1_ELIGIBILITY,v2026-08-11,2026-03-21..2026-08-06,baccarat_bet02_101_all_pairs_incl_sentinel,round_win = game_pnl > 0 (decisive only),COMPATIBILITY_ONLY_NOT_PRODUCTION,12731.7143,11592.2902,-61.5438,1106,1105,0.00483390,,0.00483390,0.00483390,61.5438,12731.7143,OK,0.0000,-2.4618,4.0000,96.0000,AG03-UNRESOLVED,ALL5_LEVELS_bet23_to_bet27,-2.4618,-2.4618,-2.4618,-2.4618,-2.4618,4.000000,4.000000,4.000000,4.000000,4.000000,96.000000,96.000000,96.000000,96.000000,96.000000,5.0,-12.3088,-11.3627,-49.2350,-50.1811,PENDING_AG03,FALSE,NOT_FOR_ENFORCEMENT,-59.0821,11128.5986,-61.5438,-59.0821,-2.4618,-0.00483390,-0.00464054,-2.4618,-59.0821,-0.00464054,-2.4618,-2.4618,-2.4618,-2.4618,-2.4618,-59.0821,-0.00464054,-12.3088,-11.3627,-49.2350,-50.1811,-0.00386712,-0.00394143,-0.00019336,11.5115,10.4908,-0.0557,-1.6196,-0.1061,335.0451,29.0789,,11.5115,8.4025,10.5412,11.0045,21.0824,22.009,42.1647,10.5412,0.0,2.087904,4.0,1.09205,30,155,25,3,0E-8,-0.00483390,,0E-8,0.000000,0.910505,0.000000,,2026-03-23,2026-06-20,38,580,415,90,0.422222,,,0.000000,,,,,,,,GLOBAL_BASELINE_NO_ENTITY_RANKING,,,NOT_APPLICABLE_GLOBAL_BASELINE,HF9g-P5,,,,X 全窗基线 · 不参与实体赏罚,3928289,393,A168_HF9F_20260827_0900,2026-08-27 09:00:00
2026-05-15,145898681,1017,0,10.5030984140,0E-10,0E-10,,1,1,0.49324550000000000,0.493245500000,,,,0E-17,NO_DECISIVE_ROUND,R03b_20260811_FULL_v1,L1_ELIGIBILITY,v2026-08-11,2026-03-21..2026-08-06,baccarat_bet02_101_all_pairs_incl_sentinel,round_win = game_pnl > 0 (decisive only),COMPATIBILITY_ONLY_NOT_PRODUCTION,12731.7143,11592.2902,-61.5438,1106,1105,0.00483390,,0.00483390,0.00483390,61.5438,12731.7143,OK,0.0000,-2.4618,4.0000,96.0000,AG03-UNRESOLVED,ALL5_LEVELS_bet23_to_bet27,-2.4618,-2.4618,-2.4618,-2.4618,-2.4618,4.000000,4.000000,4.000000,4.000000,4.000000,96.000000,96.000000,96.000000,96.000000,96.000000,5.0,-12.3088,-11.3627,-49.2350,-50.1811,PENDING_AG03,FALSE,NOT_FOR_ENFORCEMENT,-59.0821,11128.5986,-61.5438,-59.0821,-2.4618,-0.00483390,-0.00464054,-2.4618,-59.0821,-0.00464054,-2.4618,-2.4618,-2.4618,-2.4618,-2.4618,-59.0821,-0.00464054,-12.3088,-11.3627,-49.2350,-50.1811,-0.00386712,-0.00394143,-0.00019336,11.5115,10.4908,-0.0557,-1.6196,-0.1061,335.0451,29.0789,,11.5115,8.4025,10.5412,11.0045,21.0824,22.009,42.1647,10.5412,0.0,2.087904,4.0,1.09205,30,155,25,3,0E-8,-0.00483390,,0E-8,0.000000,0.910505,0.000000,,2026-03-23,2026-06-20,38,580,415,90,0.422222,,,0.000000,,,,,,,,GLOBAL_BASELINE_NO_ENTITY_RANKING,,,NOT_APPLICABLE_GLOBAL_BASELINE,HF9g-P5,,,,X 全窗基线 · 不参与实体赏罚,3928290,393,A168_HF9F_20260827_0900,2026-08-27 09:00:00
2026-05-15,145898681,1382,0,23.9470643840,-11.9735321920,-11.9735321920,0E-7,2,2,0.49324550000000000,0.493245500000,-0.9865810262130424,-0.9865810262130424,-0.9865810262130424,0E-17,ELIGIBLE,R03b_20260811_FULL_v1,L1_ELIGIBILITY,v2026-08-11,2026-03-21..2026-08-06,baccarat_bet02_101_all_pairs_incl_sentinel,round_win = game_pnl > 0 (decisive only),COMPATIBILITY_ONLY_NOT_PRODUCTION,12731.7143,11592.2902,-61.5438,1106,1105,0.00483390,,0.00483390,0.00483390,61.5438,12731.7143,OK,0.0000,-2.4618,4.0000,96.0000,AG03-UNRESOLVED,ALL5_LEVELS_bet23_to_bet27,-2.4618,-2.4618,-2.4618,-2.4618,-2.4618,4.000000,4.000000,4.000000,4.000000,4.000000,96.000000,96.000000,96.000000,96.000000,96.000000,5.0,-12.3088,-11.3627,-49.2350,-50.1811,PENDING_AG03,FALSE,NOT_FOR_ENFORCEMENT,-59.0821,11128.5986,-61.5438,-59.0821,-2.4618,-0.00483390,-0.00464054,-2.4618,-59.0821,-0.00464054,-2.4618,-2.4618,-2.4618,-2.4618,-2.4618,-59.0821,-0.00464054,-12.3088,-11.3627,-49.2350,-50.1811,-0.00386712,-0.00394143,-0.00019336,11.5115,10.4908,-0.0557,-1.6196,-0.1061,335.0451,29.0789,,11.5115,8.4025,10.5412,11.0045,21.0824,22.009,42.1647,10.5412,0.0,2.087904,4.0,1.09205,30,155,25,3,0E-8,-0.00483390,,0E-8,0.000000,0.910505,0.000000,,2026-03-23,2026-06-20,38,580,415,90,0.422222,,,0.000000,,,,,,,,GLOBAL_BASELINE_NO_ENTITY_RANKING,,,NOT_APPLICABLE_GLOBAL_BASELINE,HF9g-P5,,,,X 全窗基线 · 不参与实体赏罚,3928291,393,A168_HF9F_20260827_0900,2026-08-27 09:00:00
2026-05-15,145898681,2177,0,10.5030984140,0E-10,0E-10,,1,1,0.50665070000000000,0.506650700000,,,,0E-17,NO_DECISIVE_ROUND,R03b_20260811_FULL_v1,L1_ELIGIBILITY,v2026-08-11,2026-03-21..2026-08-06,baccarat_bet02_101_all_pairs_incl_sentinel,round_win = game_pnl > 0 (decisive only),COMPATIBILITY_ONLY_NOT_PRODUCTION,12731.7143,11592.2902,-61.5438,1106,1105,0.00483390,,0.00483390,0.00483390,61.5438,12731.7143,OK,0.0000,-2.4618,4.0000,96.0000,AG03-UNRESOLVED,ALL5_LEVELS_bet23_to_bet27,-2.4618,-2.4618,-2.4618,-2.4618,-2.4618,4.000000,4.000000,4.000000,4.000000,4.000000,96.000000,96.000000,96.000000,96.000000,96.000000,5.0,-12.3088,-11.3627,-49.2350,-50.1811,PENDING_AG03,FALSE,NOT_FOR_ENFORCEMENT,-59.0821,11128.5986,-61.5438,-59.0821,-2.4618,-0.00483390,-0.00464054,-2.4618,-59.0821,-0.00464054,-2.4618,-2.4618,-2.4618,-2.4618,-2.4618,-59.0821,-0.00464054,-12.3088,-11.3627,-49.2350,-50.1811,-0.00386712,-0.00394143,-0.00019336,11.5115,10.4908,-0.0557,-1.6196,-0.1061,335.0451,29.0789,,11.5115,8.4025,10.5412,11.0045,21.0824,22.009,42.1647,10.5412,0.0,2.087904,4.0,1.09205,30,155,25,3,0E-8,-0.00483390,,0E-8,0.000000,0.910505,0.000000,,2026-03-23,2026-06-20,38,580,415,90,0.422222,,,0.000000,,,,,,,,GLOBAL_BASELINE_NO_ENTITY_RANKING,,,NOT_APPLICABLE_GLOBAL_BASELINE,HF9g-P5,,,,X 全窗基线 · 不参与实体赏罚,3928292,393,A168_HF9F_20260827_0900,2026-08-27 09:00:00
2026-05-15,145898681,2239,0,10.5030984140,0E-10,0E-10,,1,1,0.49324550000000000,0.493245500000,,,,0E-17,NO_DECISIVE_ROUND,R03b_20260811_FULL_v1,L1_ELIGIBILITY,v2026-08-11,2026-03-21..2026-08-06,baccarat_bet02_101_all_pairs_incl_sentinel,round_win = game_pnl > 0 (decisive only),COMPATIBILITY_ONLY_NOT_PRODUCTION,12731.7143,11592.2902,-61.5438,1106,1105,0.00483390,,0.00483390,0.00483390,61.5438,12731.7143,OK,0.0000,-2.4618,4.0000,96.0000,AG03-UNRESOLVED,ALL5_LEVELS_bet23_to_bet27,-2.4618,-2.4618,-2.4618,-2.4618,-2.4618,4.000000,4.000000,4.000000,4.000000,4.000000,96.000000,96.000000,96.000000,96.000000,96.000000,5.0,-12.3088,-11.3627,-49.2350,-50.1811,PENDING_AG03,FALSE,NOT_FOR_ENFORCEMENT,-59.0821,11128.5986,-61.5438,-59.0821,-2.4618,-0.00483390,-0.00464054,-2.4618,-59.0821,-0.00464054,-2.4618,-2.4618,-2.4618,-2.4618,-2.4618,-59.0821,-0.00464054,-12.3088,-11.3627,-49.2350,-50.1811,-0.00386712,-0.00394143,-0.00019336,11.5115,10.4908,-0.0557,-1.6196,-0.1061,335.0451,29.0789,,11.5115,8.4025,10.5412,11.0045,21.0824,22.009,42.1647,10.5412,0.0,2.087904,4.0,1.09205,30,155,25,3,0E-8,-0.00483390,,0E-8,0.000000,0.910505,0.000000,,2026-03-23,2026-06-20,38,580,415,90,0.422222,,,0.000000,,,,,,,,GLOBAL_BASELINE_NO_ENTITY_RANKING,,,NOT_APPLICABLE_GLOBAL_BASELINE,HF9g-P5,,,,X 全窗基线 · 不参与实体赏罚,3928293,393,A168_HF9F_20260827_0900,2026-08-27 09:00:00
2026-05-15,145898681,2261,0,10.5030984140,-10.5030984140,-10.5030984140,0E-7,1,1,0.49324550000000000,0.493245500000,-0.9865810262130424,-0.9865810262130424,-0.9865810262130424,0E-17,ELIGIBLE,R03b_20260811_FULL_v1,L1_ELIGIBILITY,v2026-08-11,2026-03-21..2026-08-06,baccarat_bet02_101_all_pairs_incl_sentinel,round_win = game_pnl > 0 (decisive only),COMPATIBILITY_ONLY_NOT_PRODUCTION,12731.7143,11592.2902,-61.5438,1106,1105,0.00483390,,0.00483390,0.00483390,61.5438,12731.7143,OK,0.0000,-2.4618,4.0000,96.0000,AG03-UNRESOLVED,ALL5_LEVELS_bet23_to_bet27,-2.4618,-2.4618,-2.4618,-2.4618,-2.4618,4.000000,4.000000,4.000000,4.000000,4.000000,96.000000,96.000000,96.000000,96.000000,96.000000,5.0,-12.3088,-11.3627,-49.2350,-50.1811,PENDING_AG03,FALSE,NOT_FOR_ENFORCEMENT,-59.0821,11128.5986,-61.5438,-59.0821,-2.4618,-0.00483390,-0.00464054,-2.4618,-59.0821,-0.00464054,-2.4618,-2.4618,-2.4618,-2.4618,-2.4618,-59.0821,-0.00464054,-12.3088,-11.3627,-49.2350,-50.1811,-0.00386712,-0.00394143,-0.00019336,11.5115,10.4908,-0.0557,-1.6196,-0.1061,335.0451,29.0789,,11.5115,8.4025,10.5412,11.0045,21.0824,22.009,42.1647,10.5412,0.0,2.087904,4.0,1.09205,30,155,25,3,0E-8,-0.00483390,,0E-8,0.000000,0.910505,0.000000,,2026-03-23,2026-06-20,38,580,415,90,0.422222,,,0.000000,,,,,,,,GLOBAL_BASELINE_NO_ENTITY_RANKING,,,NOT_APPLICABLE_GLOBAL_BASELINE,HF9g-P5,,,,X 全窗基线 · 不参与实体赏罚,3928294,393,A168_HF9F_20260827_0900,2026-08-27 09:00:00
2026-05-15,145898681,2266,0,10.5030984140,10.5030984140,10.5030984140,1.0000000,1,1,0.49324550000000000,0.493245500000,1.01360149184955,1.01360149184955,1.01360149184955,0E-17,ELIGIBLE,R03b_20260811_FULL_v1,L1_ELIGIBILITY,v2026-08-11,2026-03-21..2026-08-06,baccarat_bet02_101_all_pairs_incl_sentinel,round_win = game_pnl > 0 (decisive only),COMPATIBILITY_ONLY_NOT_PRODUCTION,12731.7143,11592.2902,-61.5438,1106,1105,0.00483390,,0.00483390,0.00483390,61.5438,12731.7143,OK,0.0000,-2.4618,4.0000,96.0000,AG03-UNRESOLVED,ALL5_LEVELS_bet23_to_bet27,-2.4618,-2.4618,-2.4618,-2.4618,-2.4618,4.000000,4.000000,4.000000,4.000000,4.000000,96.000000,96.000000,96.000000,96.000000,96.000000,5.0,-12.3088,-11.3627,-49.2350,-50.1811,PENDING_AG03,FALSE,NOT_FOR_ENFORCEMENT,-59.0821,11128.5986,-61.5438,-59.0821,-2.4618,-0.00483390,-0.00464054,-2.4618,-59.0821,-0.00464054,-2.4618,-2.4618,-2.4618,-2.4618,-2.4618,-59.0821,-0.00464054,-12.3088,-11.3627,-49.2350,-50.1811,-0.00386712,-0.00394143,-0.00019336,11.5115,10.4908,-0.0557,-1.6196,-0.1061,335.0451,29.0789,,11.5115,8.4025,10.5412,11.0045,21.0824,22.009,42.1647,10.5412,0.0,2.087904,4.0,1.09205,30,155,25,3,0E-8,-0.00483390,,0E-8,0.000000,0.910505,0.000000,,2026-03-23,2026-06-20,38,580,415,90,0.422222,,,0.000000,,,,,,,,GLOBAL_BASELINE_NO_ENTITY_RANKING,,,NOT_APPLICABLE_GLOBAL_BASELINE,HF9g-P5,,,,X 全窗基线 · 不参与实体赏罚,3928295,393,A168_HF9F_20260827_0900,2026-08-27 09:00:00
2026-05-18,145898681,-1,1,21.0061968280,21.0061968280,21.0061968280,1.0000000,2,2,0.49324550000000000,0.493245500000,1.4334489766152358,1.4334489766152358,1.4334489766152358,0E-17,SENTINEL_DEALER,R03b_20260811_FULL_v1,L1_ELIGIBILITY,v2026-08-11,2026-03-21..2026-08-06,baccarat_bet02_101_all_pairs_incl_sentinel,round_win = game_pnl > 0 (decisive only),COMPATIBILITY_ONLY_NOT_PRODUCTION,12731.7143,11592.2902,-61.5438,1106,1105,0.00483390,,0.00483390,0.00483390,61.5438,12731.7143,OK,0.0000,-2.4618,4.0000,96.0000,AG03-UNRESOLVED,ALL5_LEVELS_bet23_to_bet27,-2.4618,-2.4618,-2.4618,-2.4618,-2.4618,4.000000,4.000000,4.000000,4.000000,4.000000,96.000000,96.000000,96.000000,96.000000,96.000000,5.0,-12.3088,-11.3627,-49.2350,-50.1811,PENDING_AG03,FALSE,NOT_FOR_ENFORCEMENT,-59.0821,11128.5986,-61.5438,-59.0821,-2.4618,-0.00483390,-0.00464054,-2.4618,-59.0821,-0.00464054,-2.4618,-2.4618,-2.4618,-2.4618,-2.4618,-59.0821,-0.00464054,-12.3088,-11.3627,-49.2350,-50.1811,-0.00386712,-0.00394143,-0.00019336,11.5115,10.4908,-0.0557,-1.6196,-0.1061,335.0451,29.0789,,11.5115,8.4025,10.5412,11.0045,21.0824,22.009,42.1647,10.5412,0.0,2.087904,4.0,1.09205,30,155,25,3,0E-8,-0.00483390,,0E-8,0.000000,0.910505,0.000000,,2026-03-23,2026-06-20,38,580,415,90,0.422222,,,0.000000,,,,,,,,GLOBAL_BASELINE_NO_ENTITY_RANKING,,,NOT_APPLICABLE_GLOBAL_BASELINE,HF9g-P5,,,,X 全窗基线 · 不参与实体赏罚,3928296,393,A168_HF9F_20260827_0900,2026-08-27 09:00:00
2026-05-18,145898681,1017,0,25.2074361936,-4.2012393656,-4.2012393656,0.5000000,2,2,0.49324550000000000,0.493245500000,0.01910635448239258,0.01910635448239258,0.01910635448239258,0E-17,ELIGIBLE,R03b_20260811_FULL_v1,L1_ELIGIBILITY,v2026-08-11,2026-03-21..2026-08-06,baccarat_bet02_101_all_pairs_incl_sentinel,round_win = game_pnl > 0 (decisive only),COMPATIBILITY_ONLY_NOT_PRODUCTION,12731.7143,11592.2902,-61.5438,1106,1105,0.00483390,,0.00483390,0.00483390,61.5438,12731.7143,OK,0.0000,-2.4618,4.0000,96.0000,AG03-UNRESOLVED,ALL5_LEVELS_bet23_to_bet27,-2.4618,-2.4618,-2.4618,-2.4618,-2.4618,4.000000,4.000000,4.000000,4.000000,4.000000,96.000000,96.000000,96.000000,96.000000,96.000000,5.0,-12.3088,-11.3627,-49.2350,-50.1811,PENDING_AG03,FALSE,NOT_FOR_ENFORCEMENT,-59.0821,11128.5986,-61.5438,-59.0821,-2.4618,-0.00483390,-0.00464054,-2.4618,-59.0821,-0.00464054,-2.4618,-2.4618,-2.4618,-2.4618,-2.4618,-59.0821,-0.00464054,-12.3088,-11.3627,-49.2350,-50.1811,-0.00386712,-0.00394143,-0.00019336,11.5115,10.4908,-0.0557,-1.6196,-0.1061,335.0451,29.0789,,11.5115,8.4025,10.5412,11.0045,21.0824,22.009,42.1647,10.5412,0.0,2.087904,4.0,1.09205,30,155,25,3,0E-8,-0.00483390,,0E-8,0.000000,0.910505,0.000000,,2026-03-23,2026-06-20,38,580,415,90,0.422222,,,0.000000,,,,,,,,GLOBAL_BASELINE_NO_ENTITY_RANKING,,,NOT_APPLICABLE_GLOBAL_BASELINE,HF9g-P5,,,,X 全窗基线 · 不参与实体赏罚,3928297,393,A168_HF9F_20260827_0900,2026-08-27 09:00:00
2026-05-18,145898681,1210,0,27.3080558764,26.3627770192,26.3627770192,1.0000000,3,3,0.50218230000000000,0.502182300000,1.724507524396475,1.7245075243964754,1.724507524396475,0E-17,ELIGIBLE,R03b_20260811_FULL_v1,L1_ELIGIBILITY,v2026-08-11,2026-03-21..2026-08-06,baccarat_bet02_101_all_pairs_incl_sentinel,round_win = game_pnl > 0 (decisive only),COMPATIBILITY_ONLY_NOT_PRODUCTION,12731.7143,11592.2902,-61.5438,1106,1105,0.00483390,,0.00483390,0.00483390,61.5438,12731.7143,OK,0.0000,-2.4618,4.0000,96.0000,AG03-UNRESOLVED,ALL5_LEVELS_bet23_to_bet27,-2.4618,-2.4618,-2.4618,-2.4618,-2.4618,4.000000,4.000000,4.000000,4.000000,4.000000,96.000000,96.000000,96.000000,96.000000,96.000000,5.0,-12.3088,-11.3627,-49.2350,-50.1811,PENDING_AG03,FALSE,NOT_FOR_ENFORCEMENT,-59.0821,11128.5986,-61.5438,-59.0821,-2.4618,-0.00483390,-0.00464054,-2.4618,-59.0821,-0.00464054,-2.4618,-2.4618,-2.4618,-2.4618,-2.4618,-59.0821,-0.00464054,-12.3088,-11.3627,-49.2350,-50.1811,-0.00386712,-0.00394143,-0.00019336,11.5115,10.4908,-0.0557,-1.6196,-0.1061,335.0451,29.0789,,11.5115,8.4025,10.5412,11.0045,21.0824,22.009,42.1647,10.5412,0.0,2.087904,4.0,1.09205,30,155,25,3,0E-8,-0.00483390,,0E-8,0.000000,0.910505,0.000000,,2026-03-23,2026-06-20,38,580,415,90,0.422222,,,0.000000,,,,,,,,GLOBAL_BASELINE_NO_ENTITY_RANKING,,,NOT_APPLICABLE_GLOBAL_BASELINE,HF9g-P5,,,,X 全窗基线 · 不参与实体赏罚,3928298,393,A168_HF9F_20260827_0900,2026-08-27 09:00:00
2026-05-18,145898681,1325,0,63.0185904841,-42.0123936561,-42.0123936561,0.2000000,5,5,0.49324550000000000,0.493245500000,-1.3115534243649334,-1.3115534243649334,-1.3115534243649334,0E-17,ELIGIBLE,R03b_20260811_FULL_v1,L1_ELIGIBILITY,v2026-08-11,2026-03-21..2026-08-06,baccarat_bet02_101_all_pairs_incl_sentinel,round_win = game_pnl > 0 (decisive only),COMPATIBILITY_ONLY_NOT_PRODUCTION,12731.7143,11592.2902,-61.5438,1106,1105,0.00483390,,0.00483390,0.00483390,61.5438,12731.7143,OK,0.0000,-2.4618,4.0000,96.0000,AG03-UNRESOLVED,ALL5_LEVELS_bet23_to_bet27,-2.4618,-2.4618,-2.4618,-2.4618,-2.4618,4.000000,4.000000,4.000000,4.000000,4.000000,96.000000,96.000000,96.000000,96.000000,96.000000,5.0,-12.3088,-11.3627,-49.2350,-50.1811,PENDING_AG03,FALSE,NOT_FOR_ENFORCEMENT,-59.0821,11128.5986,-61.5438,-59.0821,-2.4618,-0.00483390,-0.00464054,-2.4618,-59.0821,-0.00464054,-2.4618,-2.4618,-2.4618,-2.4618,-2.4618,-59.0821,-0.00464054,-12.3088,-11.3627,-49.2350,-50.1811,-0.00386712,-0.00394143,-0.00019336,11.5115,10.4908,-0.0557,-1.6196,-0.1061,335.0451,29.0789,,11.5115,8.4025,10.5412,11.0045,21.0824,22.009,42.1647,10.5412,0.0,2.087904,4.0,1.09205,30,155,25,3,0E-8,-0.00483390,,0E-8,0.000000,0.910505,0.000000,,2026-03-23,2026-06-20,38,580,415,90,0.422222,,,0.000000,,,,,,,,GLOBAL_BASELINE_NO_ENTITY_RANKING,,,NOT_APPLICABLE_GLOBAL_BASELINE,HF9g-P5,,,,X 全窗基线 · 不参与实体赏罚,3928299,393,A168_HF9F_20260827_0900,2026-08-27 09:00:00
2026-05-18,145898681,1645,0,12.6037180968,-12.6037180968,-12.6037180968,0E-7,1,1,0.49324550000000000,0.493245500000,-0.9865810262130424,-0.9865810262130424,-0.9865810262130424,0E-17,ELIGIBLE,R03b_20260811_FULL_v1,L1_ELIGIBILITY,v2026-08-11,2026-03-21..2026-08-06,baccarat_bet02_101_all_pairs_incl_sentinel,round_win = game_pnl > 0 (decisive only),COMPATIBILITY_ONLY_NOT_PRODUCTION,12731.7143,11592.2902,-61.5438,1106,1105,0.00483390,,0.00483390,0.00483390,61.5438,12731.7143,OK,0.0000,-2.4618,4.0000,96.0000,AG03-UNRESOLVED,ALL5_LEVELS_bet23_to_bet27,-2.4618,-2.4618,-2.4618,-2.4618,-2.4618,4.000000,4.000000,4.000000,4.000000,4.000000,96.000000,96.000000,96.000000,96.000000,96.000000,5.0,-12.3088,-11.3627,-49.2350,-50.1811,PENDING_AG03,FALSE,NOT_FOR_ENFORCEMENT,-59.0821,11128.5986,-61.5438,-59.0821,-2.4618,-0.00483390,-0.00464054,-2.4618,-59.0821,-0.00464054,-2.4618,-2.4618,-2.4618,-2.4618,-2.4618,-59.0821,-0.00464054,-12.3088,-11.3627,-49.2350,-50.1811,-0.00386712,-0.00394143,-0.00019336,11.5115,10.4908,-0.0557,-1.6196,-0.1061,335.0451,29.0789,,11.5115,8.4025,10.5412,11.0045,21.0824,22.009,42.1647,10.5412,0.0,2.087904,4.0,1.09205,30,155,25,3,0E-8,-0.00483390,,0E-8,0.000000,0.910505,0.000000,,2026-03-23,2026-06-20,38,580,415,90,0.422222,,,0.000000,,,,,,,,GLOBAL_BASELINE_NO_ENTITY_RANKING,,,NOT_APPLICABLE_GLOBAL_BASELINE,HF9g-P5,,,,X 全窗基线 · 不参与实体赏罚,3928300,393,A168_HF9F_20260827_0900,2026-08-27 09:00:00
2026-05-18,145898681,1750,0,21.6363827329,0.6301859049,0.6301859049,0.5000000,2,2,0.49324550000000000,0.493245500000,0.01910635448239258,0.01910635448239258,0.01910635448239258,0E-17,ELIGIBLE,R03b_20260811_FULL_v1,L1_ELIGIBILITY,v2026-08-11,2026-03-21..2026-08-06,baccarat_bet02_101_all_pairs_incl_sentinel,round_win = game_pnl > 0 (decisive only),COMPATIBILITY_ONLY_NOT_PRODUCTION,12731.7143,11592.2902,-61.5438,1106,1105,0.00483390,,0.00483390,0.00483390,61.5438,12731.7143,OK,0.0000,-2.4618,4.0000,96.0000,AG03-UNRESOLVED,ALL5_LEVELS_bet23_to_bet27,-2.4618,-2.4618,-2.4618,-2.4618,-2.4618,4.000000,4.000000,4.000000,4.000000,4.000000,96.000000,96.000000,96.000000,96.000000,96.000000,5.0,-12.3088,-11.3627,-49.2350,-50.1811,PENDING_AG03,FALSE,NOT_FOR_ENFORCEMENT,-59.0821,11128.5986,-61.5438,-59.0821,-2.4618,-0.00483390,-0.00464054,-2.4618,-59.0821,-0.00464054,-2.4618,-2.4618,-2.4618,-2.4618,-2.4618,-59.0821,-0.00464054,-12.3088,-11.3627,-49.2350,-50.1811,-0.00386712,-0.00394143,-0.00019336,11.5115,10.4908,-0.0557,-1.6196,-0.1061,335.0451,29.0789,,11.5115,8.4025,10.5412,11.0045,21.0824,22.009,42.1647,10.5412,0.0,2.087904,4.0,1.09205,30,155,25,3,0E-8,-0.00483390,,0E-8,0.000000,0.910505,0.000000,,2026-03-23,2026-06-20,38,580,415,90,0.422222,,,0.000000,,,,,,,,GLOBAL_BASELINE_NO_ENTITY_RANKING,,,NOT_APPLICABLE_GLOBAL_BASELINE,HF9g-P5,,,,X 全窗基线 · 不参与实体赏罚,3928301,393,A168_HF9F_20260827_0900,2026-08-27 09:00:00
2026-05-18,145898681,2073,0,42.0123936562,0E-10,0E-10,0.5000000,2,2,0.49324550000000000,0.493245500000,0.01910635448239258,0.01910635448239258,0.01910635448239258,0E-17,ELIGIBLE,R03b_20260811_FULL_v1,L1_ELIGIBILITY,v2026-08-11,2026-03-21..2026-08-06,baccarat_bet02_101_all_pairs_incl_sentinel,round_win = game_pnl > 0 (decisive only),COMPATIBILITY_ONLY_NOT_PRODUCTION,12731.7143,11592.2902,-61.5438,1106,1105,0.00483390,,0.00483390,0.00483390,61.5438,12731.7143,OK,0.0000,-2.4618,4.0000,96.0000,AG03-UNRESOLVED,ALL5_LEVELS_bet23_to_bet27,-2.4618,-2.4618,-2.4618,-2.4618,-2.4618,4.000000,4.000000,4.000000,4.000000,4.000000,96.000000,96.000000,96.000000,96.000000,96.000000,5.0,-12.3088,-11.3627,-49.2350,-50.1811,PENDING_AG03,FALSE,NOT_FOR_ENFORCEMENT,-59.0821,11128.5986,-61.5438,-59.0821,-2.4618,-0.00483390,-0.00464054,-2.4618,-59.0821,-0.00464054,-2.4618,-2.4618,-2.4618,-2.4618,-2.4618,-59.0821,-0.00464054,-12.3088,-11.3627,-49.2350,-50.1811,-0.00386712,-0.00394143,-0.00019336,11.5115,10.4908,-0.0557,-1.6196,-0.1061,335.0451,29.0789,,11.5115,8.4025,10.5412,11.0045,21.0824,22.009,42.1647,10.5412,0.0,2.087904,4.0,1.09205,30,155,25,3,0E-8,-0.00483390,,0E-8,0.000000,0.910505,0.000000,,2026-03-23,2026-06-20,38,580,415,90,0.422222,,,0.000000,,,,,,,,GLOBAL_BASELINE_NO_ENTITY_RANKING,,,NOT_APPLICABLE_GLOBAL_BASELINE,HF9g-P5,,,,X 全窗基线 · 不参与实体赏罚,3928302,393,A168_HF9F_20260827_0900,2026-08-27 09:00:00
2026-05-18,145898681,2088,0,12.6037180968,0E-10,0E-10,,1,1,0.49324550000000000,0.493245500000,,,,0E-17,NO_DECISIVE_ROUND,R03b_20260811_FULL_v1,L1_ELIGIBILITY,v2026-08-11,2026-03-21..2026-08-06,baccarat_bet02_101_all_pairs_incl_sentinel,round_win = game_pnl > 0 (decisive only),COMPATIBILITY_ONLY_NOT_PRODUCTION,12731.7143,11592.2902,-61.5438,1106,1105,0.00483390,,0.00483390,0.00483390,61.5438,12731.7143,OK,0.0000,-2.4618,4.0000,96.0000,AG03-UNRESOLVED,ALL5_LEVELS_bet23_to_bet27,-2.4618,-2.4618,-2.4618,-2.4618,-2.4618,4.000000,4.000000,4.000000,4.000000,4.000000,96.000000,96.000000,96.000000,96.000000,96.000000,5.0,-12.3088,-11.3627,-49.2350,-50.1811,PENDING_AG03,FALSE,NOT_FOR_ENFORCEMENT,-59.0821,11128.5986,-61.5438,-59.0821,-2.4618,-0.00483390,-0.00464054,-2.4618,-59.0821,-0.00464054,-2.4618,-2.4618,-2.4618,-2.4618,-2.4618,-59.0821,-0.00464054,-12.3088,-11.3627,-49.2350,-50.1811,-0.00386712,-0.00394143,-0.00019336,11.5115,10.4908,-0.0557,-1.6196,-0.1061,335.0451,29.0789,,11.5115,8.4025,10.5412,11.0045,21.0824,22.009,42.1647,10.5412,0.0,2.087904,4.0,1.09205,30,155,25,3,0E-8,-0.00483390,,0E-8,0.000000,0.910505,0.000000,,2026-03-23,2026-06-20,38,580,415,90,0.422222,,,0.000000,,,,,,,,GLOBAL_BASELINE_NO_ENTITY_RANKING,,,NOT_APPLICABLE_GLOBAL_BASELINE,HF9g-P5,,,,X 全窗基线 · 不参与实体赏罚,3928303,393,A168_HF9F_20260827_0900,2026-08-27 09:00:00
2026-05-18,145898681,2129,0,10.9232223506,-10.9232223506,-10.9232223506,0E-7,1,1,0.50665070000000000,0.506650700000,-1.013391052207602,-1.013391052207602,-1.013391052207602,0E-17,ELIGIBLE,R03b_20260811_FULL_v1,L1_ELIGIBILITY,v2026-08-11,2026-03-21..2026-08-06,baccarat_bet02_101_all_pairs_incl_sentinel,round_win = game_pnl > 0 (decisive only),COMPATIBILITY_ONLY_NOT_PRODUCTION,12731.7143,11592.2902,-61.5438,1106,1105,0.00483390,,0.00483390,0.00483390,61.5438,12731.7143,OK,0.0000,-2.4618,4.0000,96.0000,AG03-UNRESOLVED,ALL5_LEVELS_bet23_to_bet27,-2.4618,-2.4618,-2.4618,-2.4618,-2.4618,4.000000,4.000000,4.000000,4.000000,4.000000,96.000000,96.000000,96.000000,96.000000,96.000000,5.0,-12.3088,-11.3627,-49.2350,-50.1811,PENDING_AG03,FALSE,NOT_FOR_ENFORCEMENT,-59.0821,11128.5986,-61.5438,-59.0821,-2.4618,-0.00483390,-0.00464054,-2.4618,-59.0821,-0.00464054,-2.4618,-2.4618,-2.4618,-2.4618,-2.4618,-59.0821,-0.00464054,-12.3088,-11.3627,-49.2350,-50.1811,-0.00386712,-0.00394143,-0.00019336,11.5115,10.4908,-0.0557,-1.6196,-0.1061,335.0451,29.0789,,11.5115,8.4025,10.5412,11.0045,21.0824,22.009,42.1647,10.5412,0.0,2.087904,4.0,1.09205,30,155,25,3,0E-8,-0.00483390,,0E-8,0.000000,0.910505,0.000000,,2026-03-23,2026-06-20,38,580,415,90,0.422222,,,0.000000,,,,,,,,GLOBAL_BASELINE_NO_ENTITY_RANKING,,,NOT_APPLICABLE_GLOBAL_BASELINE,HF9g-P5,,,,X 全窗基线 · 不参与实体赏罚,3928304,393,A168_HF9F_20260827_0900,2026-08-27 09:00:00
2026-05-18,145898681,2152,0,12.6037180968,-12.6037180968,-12.6037180968,0E-7,1,1,0.50665070000000000,0.506650700000,-1.013391052207602,-1.013391052207602,-1.013391052207602,0E-17,ELIGIBLE,R03b_20260811_FULL_v1,L1_ELIGIBILITY,v2026-08-11,2026-03-21..2026-08-06,baccarat_bet02_101_all_pairs_incl_sentinel,round_win = game_pnl > 0 (decisive only),COMPATIBILITY_ONLY_NOT_PRODUCTION,12731.7143,11592.2902,-61.5438,1106,1105,0.00483390,,0.00483390,0.00483390,61.5438,12731.7143,OK,0.0000,-2.4618,4.0000,96.0000,AG03-UNRESOLVED,ALL5_LEVELS_bet23_to_bet27,-2.4618,-2.4618,-2.4618,-2.4618,-2.4618,4.000000,4.000000,4.000000,4.000000,4.000000,96.000000,96.000000,96.000000,96.000000,96.000000,5.0,-12.3088,-11.3627,-49.2350,-50.1811,PENDING_AG03,FALSE,NOT_FOR_ENFORCEMENT,-59.0821,11128.5986,-61.5438,-59.0821,-2.4618,-0.00483390,-0.00464054,-2.4618,-59.0821,-0.00464054,-2.4618,-2.4618,-2.4618,-2.4618,-2.4618,-59.0821,-0.00464054,-12.3088,-11.3627,-49.2350,-50.1811,-0.00386712,-0.00394143,-0.00019336,11.5115,10.4908,-0.0557,-1.6196,-0.1061,335.0451,29.0789,,11.5115,8.4025,10.5412,11.0045,21.0824,22.009,42.1647,10.5412,0.0,2.087904,4.0,1.09205,30,155,25,3,0E-8,-0.00483390,,0E-8,0.000000,0.910505,0.000000,,2026-03-23,2026-06-20,38,580,415,90,0.422222,,,0.000000,,,,,,,,GLOBAL_BASELINE_NO_ENTITY_RANKING,,,NOT_APPLICABLE_GLOBAL_BASELINE,HF9g-P5,,,,X 全窗基线 · 不参与实体赏罚,3928305,393,A168_HF9F_20260827_0900,2026-08-27 09:00:00
2026-05-18,145898681,2160,0,24.3671883205,11.7634702237,11.7634702237,1.0000000,2,2,0.49324550000000000,0.493245500000,1.01360149184955,1.01360149184955,1.01360149184955,0E-17,ELIGIBLE,R03b_20260811_FULL_v1,L1_ELIGIBILITY,v2026-08-11,2026-03-21..2026-08-06,baccarat_bet02_101_all_pairs_incl_sentinel,round_win = game_pnl > 0 (decisive only),COMPATIBILITY_ONLY_NOT_PRODUCTION,12731.7143,11592.2902,-61.5438,1106,1105,0.00483390,,0.00483390,0.00483390,61.5438,12731.7143,OK,0.0000,-2.4618,4.0000,96.0000,AG03-UNRESOLVED,ALL5_LEVELS_bet23_to_bet27,-2.4618,-2.4618,-2.4618,-2.4618,-2.4618,4.000000,4.000000,4.000000,4.000000,4.000000,96.000000,96.000000,96.000000,96.000000,96.000000,5.0,-12.3088,-11.3627,-49.2350,-50.1811,PENDING_AG03,FALSE,NOT_FOR_ENFORCEMENT,-59.0821,11128.5986,-61.5438,-59.0821,-2.4618,-0.00483390,-0.00464054,-2.4618,-59.0821,-0.00464054,-2.4618,-2.4618,-2.4618,-2.4618,-2.4618,-59.0821,-0.00464054,-12.3088,-11.3627,-49.2350,-50.1811,-0.00386712,-0.00394143,-0.00019336,11.5115,10.4908,-0.0557,-1.6196,-0.1061,335.0451,29.0789,,11.5115,8.4025,10.5412,11.0045,21.0824,22.009,42.1647,10.5412,0.0,2.087904,4.0,1.09205,30,155,25,3,0E-8,-0.00483390,,0E-8,0.000000,0.910505,0.000000,,2026-03-23,2026-06-20,38,580,415,90,0.422222,,,0.000000,,,,,,,,GLOBAL_BASELINE_NO_ENTITY_RANKING,,,NOT_APPLICABLE_GLOBAL_BASELINE,HF9g-P5,,,,X 全窗基线 · 不参与实体赏罚,3928306,393,A168_HF9F_20260827_0900,2026-08-27 09:00:00
2026-05-18,145898681,2170,0,42.0123936561,-42.0123936561,-42.0123936561,0E-7,1,1,0.50665070000000000,0.506650700000,-1.013391052207602,-1.013391052207602,-1.013391052207602,0E-17,ELIGIBLE,R03b_20260811_FULL_v1,L1_ELIGIBILITY,v2026-08-11,2026-03-21..2026-08-06,baccarat_bet02_101_all_pairs_incl_sentinel,round_win = game_pnl > 0 (decisive only),COMPATIBILITY_ONLY_NOT_PRODUCTION,12731.7143,11592.2902,-61.5438,1106,1105,0.00483390,,0.00483390,0.00483390,61.5438,12731.7143,OK,0.0000,-2.4618,4.0000,96.0000,AG03-UNRESOLVED,ALL5_LEVELS_bet23_to_bet27,-2.4618,-2.4618,-2.4618,-2.4618,-2.4618,4.000000,4.000000,4.000000,4.000000,4.000000,96.000000,96.000000,96.000000,96.000000,96.000000,5.0,-12.3088,-11.3627,-49.2350,-50.1811,PENDING_AG03,FALSE,NOT_FOR_ENFORCEMENT,-59.0821,11128.5986,-61.5438,-59.0821,-2.4618,-0.00483390,-0.00464054,-2.4618,-59.0821,-0.00464054,-2.4618,-2.4618,-2.4618,-2.4618,-2.4618,-59.0821,-0.00464054,-12.3088,-11.3627,-49.2350,-50.1811,-0.00386712,-0.00394143,-0.00019336,11.5115,10.4908,-0.0557,-1.6196,-0.1061,335.0451,29.0789,,11.5115,8.4025,10.5412,11.0045,21.0824,22.009,42.1647,10.5412,0.0,2.087904,4.0,1.09205,30,155,25,3,0E-8,-0.00483390,,0E-8,0.000000,0.910505,0.000000,,2026-03-23,2026-06-20,38,580,415,90,0.422222,,,0.000000,,,,,,,,GLOBAL_BASELINE_NO_ENTITY_RANKING,,,NOT_APPLICABLE_GLOBAL_BASELINE,HF9g-P5,,,,X 全窗基线 · 不参与实体赏罚,3928307,393,A168_HF9F_20260827_0900,2026-08-27 09:00:00
2026-05-18,145898681,2171,0,23.1068165108,-23.1068165108,-23.1068165108,0E-7,2,2,0.49324550000000000,0.493245500000,-1.3952362676504506,-1.3952362676504506,-1.3952362676504506,0E-17,ELIGIBLE,R03b_20260811_FULL_v1,L1_ELIGIBILITY,v2026-08-11,2026-03-21..2026-08-06,baccarat_bet02_101_all_pairs_incl_sentinel,round_win = game_pnl > 0 (decisive only),COMPATIBILITY_ONLY_NOT_PRODUCTION,12731.7143,11592.2902,-61.5438,1106,1105,0.00483390,,0.00483390,0.00483390,61.5438,12731.7143,OK,0.0000,-2.4618,4.0000,96.0000,AG03-UNRESOLVED,ALL5_LEVELS_bet23_to_bet27,-2.4618,-2.4618,-2.4618,-2.4618,-2.4618,4.000000,4.000000,4.000000,4.000000,4.000000,96.000000,96.000000,96.000000,96.000000,96.000000,5.0,-12.3088,-11.3627,-49.2350,-50.1811,PENDING_AG03,FALSE,NOT_FOR_ENFORCEMENT,-59.0821,11128.5986,-61.5438,-59.0821,-2.4618,-0.00483390,-0.00464054,-2.4618,-59.0821,-0.00464054,-2.4618,-2.4618,-2.4618,-2.4618,-2.4618,-59.0821,-0.00464054,-12.3088,-11.3627,-49.2350,-50.1811,-0.00386712,-0.00394143,-0.00019336,11.5115,10.4908,-0.0557,-1.6196,-0.1061,335.0451,29.0789,,11.5115,8.4025,10.5412,11.0045,21.0824,22.009,42.1647,10.5412,0.0,2.087904,4.0,1.09205,30,155,25,3,0E-8,-0.00483390,,0E-8,0.000000,0.910505,0.000000,,2026-03-23,2026-06-20,38,580,415,90,0.422222,,,0.000000,,,,,,,,GLOBAL_BASELINE_NO_ENTITY_RANKING,,,NOT_APPLICABLE_GLOBAL_BASELINE,HF9g-P5,,,,X 全窗基线 · 不参与实体赏罚,3928308,393,A168_HF9F_20260827_0900,2026-08-27 09:00:00
2026-05-18,145898681,2201,0,10.5030984140,0E-10,0E-10,,1,1,0.49324550000000000,0.493245500000,,,,0E-17,NO_DECISIVE_ROUND,R03b_20260811_FULL_v1,L1_ELIGIBILITY,v2026-08-11,2026-03-21..2026-08-06,baccarat_bet02_101_all_pairs_incl_sentinel,round_win = game_pnl > 0 (decisive only),COMPATIBILITY_ONLY_NOT_PRODUCTION,12731.7143,11592.2902,-61.5438,1106,1105,0.00483390,,0.00483390,0.00483390,61.5438,12731.7143,OK,0.0000,-2.4618,4.0000,96.0000,AG03-UNRESOLVED,ALL5_LEVELS_bet23_to_bet27,-2.4618,-2.4618,-2.4618,-2.4618,-2.4618,4.000000,4.000000,4.000000,4.000000,4.000000,96.000000,96.000000,96.000000,96.000000,96.000000,5.0,-12.3088,-11.3627,-49.2350,-50.1811,PENDING_AG03,FALSE,NOT_FOR_ENFORCEMENT,-59.0821,11128.5986,-61.5438,-59.0821,-2.4618,-0.00483390,-0.00464054,-2.4618,-59.0821,-0.00464054,-2.4618,-2.4618,-2.4618,-2.4618,-2.4618,-59.0821,-0.00464054,-12.3088,-11.3627,-49.2350,-50.1811,-0.00386712,-0.00394143,-0.00019336,11.5115,10.4908,-0.0557,-1.6196,-0.1061,335.0451,29.0789,,11.5115,8.4025,10.5412,11.0045,21.0824,22.009,42.1647,10.5412,0.0,2.087904,4.0,1.09205,30,155,25,3,0E-8,-0.00483390,,0E-8,0.000000,0.910505,0.000000,,2026-03-23,2026-06-20,38,580,415,90,0.422222,,,0.000000,,,,,,,,GLOBAL_BASELINE_NO_ENTITY_RANKING,,,NOT_APPLICABLE_GLOBAL_BASELINE,HF9g-P5,,,,X 全窗基线 · 不参与实体赏罚,3928309,393,A168_HF9F_20260827_0900,2026-08-27 09:00:00
2026-05-18,145898681,2218,0,31.5092952420,10.5030984140,10.5030984140,0.6666667,3,3,0.49324550000000000,0.493245500000,0.6008033672792107,0.6008033672792106,0.6008033672792107,0E-17,ELIGIBLE,R03b_20260811_FULL_v1,L1_ELIGIBILITY,v2026-08-11,2026-03-21..2026-08-06,baccarat_bet02_101_all_pairs_incl_sentinel,round_win = game_pnl > 0 (decisive only),COMPATIBILITY_ONLY_NOT_PRODUCTION,12731.7143,11592.2902,-61.5438,1106,1105,0.00483390,,0.00483390,0.00483390,61.5438,12731.7143,OK,0.0000,-2.4618,4.0000,96.0000,AG03-UNRESOLVED,ALL5_LEVELS_bet23_to_bet27,-2.4618,-2.4618,-2.4618,-2.4618,-2.4618,4.000000,4.000000,4.000000,4.000000,4.000000,96.000000,96.000000,96.000000,96.000000,96.000000,5.0,-12.3088,-11.3627,-49.2350,-50.1811,PENDING_AG03,FALSE,NOT_FOR_ENFORCEMENT,-59.0821,11128.5986,-61.5438,-59.0821,-2.4618,-0.00483390,-0.00464054,-2.4618,-59.0821,-0.00464054,-2.4618,-2.4618,-2.4618,-2.4618,-2.4618,-59.0821,-0.00464054,-12.3088,-11.3627,-49.2350,-50.1811,-0.00386712,-0.00394143,-0.00019336,11.5115,10.4908,-0.0557,-1.6196,-0.1061,335.0451,29.0789,,11.5115,8.4025,10.5412,11.0045,21.0824,22.009,42.1647,10.5412,0.0,2.087904,4.0,1.09205,30,155,25,3,0E-8,-0.00483390,,0E-8,0.000000,0.910505,0.000000,,2026-03-23,2026-06-20,38,580,415,90,0.422222,,,0.000000,,,,,,,,GLOBAL_BASELINE_NO_ENTITY_RANKING,,,NOT_APPLICABLE_GLOBAL_BASELINE,HF9g-P5,,,,X 全窗基线 · 不参与实体赏罚,3928310,393,A168_HF9F_20260827_0900,2026-08-27 09:00:00
2026-05-18,145898681,2252,0,31.5092952421,31.5092952421,31.5092952421,1.0000000,1,1,0.49324550000000000,0.493245500000,1.01360149184955,1.01360149184955,1.01360149184955,0E-17,ELIGIBLE,R03b_20260811_FULL_v1,L1_ELIGIBILITY,v2026-08-11,2026-03-21..2026-08-06,baccarat_bet02_101_all_pairs_incl_sentinel,round_win = game_pnl > 0 (decisive only),COMPATIBILITY_ONLY_NOT_PRODUCTION,12731.7143,11592.2902,-61.5438,1106,1105,0.00483390,,0.00483390,0.00483390,61.5438,12731.7143,OK,0.0000,-2.4618,4.0000,96.0000,AG03-UNRESOLVED,ALL5_LEVELS_bet23_to_bet27,-2.4618,-2.4618,-2.4618,-2.4618,-2.4618,4.000000,4.000000,4.000000,4.000000,4.000000,96.000000,96.000000,96.000000,96.000000,96.000000,5.0,-12.3088,-11.3627,-49.2350,-50.1811,PENDING_AG03,FALSE,NOT_FOR_ENFORCEMENT,-59.0821,11128.5986,-61.5438,-59.0821,-2.4618,-0.00483390,-0.00464054,-2.4618,-59.0821,-0.00464054,-2.4618,-2.4618,-2.4618,-2.4618,-2.4618,-59.0821,-0.00464054,-12.3088,-11.3627,-49.2350,-50.1811,-0.00386712,-0.00394143,-0.00019336,11.5115,10.4908,-0.0557,-1.6196,-0.1061,335.0451,29.0789,,11.5115,8.4025,10.5412,11.0045,21.0824,22.009,42.1647,10.5412,0.0,2.087904,4.0,1.09205,30,155,25,3,0E-8,-0.00483390,,0E-8,0.000000,0.910505,0.000000,,2026-03-23,2026-06-20,38,580,415,90,0.422222,,,0.000000,,,,,,,,GLOBAL_BASELINE_NO_ENTITY_RANKING,,,NOT_APPLICABLE_GLOBAL_BASELINE,HF9g-P5,,,,X 全窗基线 · 不参与实体赏罚,3928311,393,A168_HF9F_20260827_0900,2026-08-27 09:00:00
2026-05-18,145898681,2271,0,21.0061968280,20.4810419073,20.4810419073,1.0000000,2,2,0.49994810000000000,0.499948100000,1.4143603653603398,1.4143603653603398,1.4143603653603398,0E-17,ELIGIBLE,R03b_20260811_FULL_v1,L1_ELIGIBILITY,v2026-08-11,2026-03-21..2026-08-06,baccarat_bet02_101_all_pairs_incl_sentinel,round_win = game_pnl > 0 (decisive only),COMPATIBILITY_ONLY_NOT_PRODUCTION,12731.7143,11592.2902,-61.5438,1106,1105,0.00483390,,0.00483390,0.00483390,61.5438,12731.7143,OK,0.0000,-2.4618,4.0000,96.0000,AG03-UNRESOLVED,ALL5_LEVELS_bet23_to_bet27,-2.4618,-2.4618,-2.4618,-2.4618,-2.4618,4.000000,4.000000,4.000000,4.000000,4.000000,96.000000,96.000000,96.000000,96.000000,96.000000,5.0,-12.3088,-11.3627,-49.2350,-50.1811,PENDING_AG03,FALSE,NOT_FOR_ENFORCEMENT,-59.0821,11128.5986,-61.5438,-59.0821,-2.4618,-0.00483390,-0.00464054,-2.4618,-59.0821,-0.00464054,-2.4618,-2.4618,-2.4618,-2.4618,-2.4618,-59.0821,-0.00464054,-12.3088,-11.3627,-49.2350,-50.1811,-0.00386712,-0.00394143,-0.00019336,11.5115,10.4908,-0.0557,-1.6196,-0.1061,335.0451,29.0789,,11.5115,8.4025,10.5412,11.0045,21.0824,22.009,42.1647,10.5412,0.0,2.087904,4.0,1.09205,30,155,25,3,0E-8,-0.00483390,,0E-8,0.000000,0.910505,0.000000,,2026-03-23,2026-06-20,38,580,415,90,0.422222,,,0.000000,,,,,,,,GLOBAL_BASELINE_NO_ENTITY_RANKING,,,NOT_APPLICABLE_GLOBAL_BASELINE,HF9g-P5,,,,X 全窗基线 · 不参与实体赏罚,3928312,393,A168_HF9F_20260827_0900,2026-08-27 09:00:00
2026-05-19,145898681,1017,0,4.2012393656,-4.2012393656,-4.2012393656,0E-7,1,1,0.49324550000000000,0.493245500000,-0.9865810262130424,-0.9865810262130424,-0.9865810262130424,0E-17,ELIGIBLE,R03b_20260811_FULL_v1,L1_ELIGIBILITY,v2026-08-11,2026-03-21..2026-08-06,baccarat_bet02_101_all_pairs_incl_sentinel,round_win = game_pnl > 0 (decisive only),COMPATIBILITY_ONLY_NOT_PRODUCTION,12731.7143,11592.2902,-61.5438,1106,1105,0.00483390,,0.00483390,0.00483390,61.5438,12731.7143,OK,0.0000,-2.4618,4.0000,96.0000,AG03-UNRESOLVED,ALL5_LEVELS_bet23_to_bet27,-2.4618,-2.4618,-2.4618,-2.4618,-2.4618,4.000000,4.000000,4.000000,4.000000,4.000000,96.000000,96.000000,96.000000,96.000000,96.000000,5.0,-12.3088,-11.3627,-49.2350,-50.1811,PENDING_AG03,FALSE,NOT_FOR_ENFORCEMENT,-59.0821,11128.5986,-61.5438,-59.0821,-2.4618,-0.00483390,-0.00464054,-2.4618,-59.0821,-0.00464054,-2.4618,-2.4618,-2.4618,-2.4618,-2.4618,-59.0821,-0.00464054,-12.3088,-11.3627,-49.2350,-50.1811,-0.00386712,-0.00394143,-0.00019336,11.5115,10.4908,-0.0557,-1.6196,-0.1061,335.0451,29.0789,,11.5115,8.4025,10.5412,11.0045,21.0824,22.009,42.1647,10.5412,0.0,2.087904,4.0,1.09205,30,155,25,3,0E-8,-0.00483390,,0E-8,0.000000,0.910505,0.000000,,2026-03-23,2026-06-20,38,580,415,90,0.422222,,,0.000000,,,,,,,,GLOBAL_BASELINE_NO_ENTITY_RANKING,,,NOT_APPLICABLE_GLOBAL_BASELINE,HF9g-P5,,,,X 全窗基线 · 不参与实体赏罚,3928313,393,A168_HF9F_20260827_0900,2026-08-27 09:00:00
2026-05-19,145898681,1505,0,8.4024787312,-8.4024787312,-8.4024787312,0E-7,1,1,0.49324550000000000,0.493245500000,-0.9865810262130424,-0.9865810262130424,-0.9865810262130424,0E-17,ELIGIBLE,R03b_20260811_FULL_v1,L1_ELIGIBILITY,v2026-08-11,2026-03-21..2026-08-06,baccarat_bet02_101_all_pairs_incl_sentinel,round_win = game_pnl > 0 (decisive only),COMPATIBILITY_ONLY_NOT_PRODUCTION,12731.7143,11592.2902,-61.5438,1106,1105,0.00483390,,0.00483390,0.00483390,61.5438,12731.7143,OK,0.0000,-2.4618,4.0000,96.0000,AG03-UNRESOLVED,ALL5_LEVELS_bet23_to_bet27,-2.4618,-2.4618,-2.4618,-2.4618,-2.4618,4.000000,4.000000,4.000000,4.000000,4.000000,96.000000,96.000000,96.000000,96.000000,96.000000,5.0,-12.3088,-11.3627,-49.2350,-50.1811,PENDING_AG03,FALSE,NOT_FOR_ENFORCEMENT,-59.0821,11128.5986,-61.5438,-59.0821,-2.4618,-0.00483390,-0.00464054,-2.4618,-59.0821,-0.00464054,-2.4618,-2.4618,-2.4618,-2.4618,-2.4618,-59.0821,-0.00464054,-12.3088,-11.3627,-49.2350,-50.1811,-0.00386712,-0.00394143,-0.00019336,11.5115,10.4908,-0.0557,-1.6196,-0.1061,335.0451,29.0789,,11.5115,8.4025,10.5412,11.0045,21.0824,22.009,42.1647,10.5412,0.0,2.087904,4.0,1.09205,30,155,25,3,0E-8,-0.00483390,,0E-8,0.000000,0.910505,0.000000,,2026-03-23,2026-06-20,38,580,415,90,0.422222,,,0.000000,,,,,,,,GLOBAL_BASELINE_NO_ENTITY_RANKING,,,NOT_APPLICABLE_GLOBAL_BASELINE,HF9g-P5,,,,X 全窗基线 · 不参与实体赏罚,3928314,393,A168_HF9F_20260827_0900,2026-08-27 09:00:00
2026-05-19,145898681,2129,0,4.2012393656,-4.2012393656,-4.2012393656,0E-7,1,1,0.49324550000000000,0.493245500000,-0.9865810262130424,-0.9865810262130424,-0.9865810262130424,0E-17,ELIGIBLE,R03b_20260811_FULL_v1,L1_ELIGIBILITY,v2026-08-11,2026-03-21..2026-08-06,baccarat_bet02_101_all_pairs_incl_sentinel,round_win = game_pnl > 0 (decisive only),COMPATIBILITY_ONLY_NOT_PRODUCTION,12731.7143,11592.2902,-61.5438,1106,1105,0.00483390,,0.00483390,0.00483390,61.5438,12731.7143,OK,0.0000,-2.4618,4.0000,96.0000,AG03-UNRESOLVED,ALL5_LEVELS_bet23_to_bet27,-2.4618,-2.4618,-2.4618,-2.4618,-2.4618,4.000000,4.000000,4.000000,4.000000,4.000000,96.000000,96.000000,96.000000,96.000000,96.000000,5.0,-12.3088,-11.3627,-49.2350,-50.1811,PENDING_AG03,FALSE,NOT_FOR_ENFORCEMENT,-59.0821,11128.5986,-61.5438,-59.0821,-2.4618,-0.00483390,-0.00464054,-2.4618,-59.0821,-0.00464054,-2.4618,-2.4618,-2.4618,-2.4618,-2.4618,-59.0821,-0.00464054,-12.3088,-11.3627,-49.2350,-50.1811,-0.00386712,-0.00394143,-0.00019336,11.5115,10.4908,-0.0557,-1.6196,-0.1061,335.0451,29.0789,,11.5115,8.4025,10.5412,11.0045,21.0824,22.009,42.1647,10.5412,0.0,2.087904,4.0,1.09205,30,155,25,3,0E-8,-0.00483390,,0E-8,0.000000,0.910505,0.000000,,2026-03-23,2026-06-20,38,580,415,90,0.422222,,,0.000000,,,,,,,,GLOBAL_BASELINE_NO_ENTITY_RANKING,,,NOT_APPLICABLE_GLOBAL_BASELINE,HF9g-P5,,,,X 全窗基线 · 不参与实体赏罚,3928315,393,A168_HF9F_20260827_0900,2026-08-27 09:00:00
2026-05-22,145898681,-1,1,100.8297447744,-4.6213633021,-4.6213633021,0.5000000,10,10,0.49592654000000000,0.495926540000,0.025763678126724022,0.025763678126724022,0.025763678126724022,0E-17,SENTINEL_DEALER,R03b_20260811_FULL_v1,L1_ELIGIBILITY,v2026-08-11,2026-03-21..2026-08-06,baccarat_bet02_101_all_pairs_incl_sentinel,round_win = game_pnl > 0 (decisive only),COMPATIBILITY_ONLY_NOT_PRODUCTION,12731.7143,11592.2902,-61.5438,1106,1105,0.00483390,,0.00483390,0.00483390,61.5438,12731.7143,OK,0.0000,-2.4618,4.0000,96.0000,AG03-UNRESOLVED,ALL5_LEVELS_bet23_to_bet27,-2.4618,-2.4618,-2.4618,-2.4618,-2.4618,4.000000,4.000000,4.000000,4.000000,4.000000,96.000000,96.000000,96.000000,96.000000,96.000000,5.0,-12.3088,-11.3627,-49.2350,-50.1811,PENDING_AG03,FALSE,NOT_FOR_ENFORCEMENT,-59.0821,11128.5986,-61.5438,-59.0821,-2.4618,-0.00483390,-0.00464054,-2.4618,-59.0821,-0.00464054,-2.4618,-2.4618,-2.4618,-2.4618,-2.4618,-59.0821,-0.00464054,-12.3088,-11.3627,-49.2350,-50.1811,-0.00386712,-0.00394143,-0.00019336,11.5115,10.4908,-0.0557,-1.6196,-0.1061,335.0451,29.0789,,11.5115,8.4025,10.5412,11.0045,21.0824,22.009,42.1647,10.5412,0.0,2.087904,4.0,1.09205,30,155,25,3,0E-8,-0.00483390,,0E-8,0.000000,0.910505,0.000000,,2026-03-23,2026-06-20,38,580,415,90,0.422222,,,0.000000,,,,,,,,GLOBAL_BASELINE_NO_ENTITY_RANKING,,,NOT_APPLICABLE_GLOBAL_BASELINE,HF9g-P5,,,,X 全窗基线 · 不参与实体赏罚,3928316,393,A168_HF9F_20260827_0900,2026-08-27 09:00:00
2026-05-22,145898681,1331,0,42.0123936560,16.8049574624,16.8049574624,0.6666667,4,4,0.49659680000000000,0.496596800000,0.5891529468324541,0.589152946832454,0.5891529468324541,0E-17,ELIGIBLE,R03b_20260811_FULL_v1,L1_ELIGIBILITY,v2026-08-11,2026-03-21..2026-08-06,baccarat_bet02_101_all_pairs_incl_sentinel,round_win = game_pnl > 0 (decisive only),COMPATIBILITY_ONLY_NOT_PRODUCTION,12731.7143,11592.2902,-61.5438,1106,1105,0.00483390,,0.00483390,0.00483390,61.5438,12731.7143,OK,0.0000,-2.4618,4.0000,96.0000,AG03-UNRESOLVED,ALL5_LEVELS_bet23_to_bet27,-2.4618,-2.4618,-2.4618,-2.4618,-2.4618,4.000000,4.000000,4.000000,4.000000,4.000000,96.000000,96.000000,96.000000,96.000000,96.000000,5.0,-12.3088,-11.3627,-49.2350,-50.1811,PENDING_AG03,FALSE,NOT_FOR_ENFORCEMENT,-59.0821,11128.5986,-61.5438,-59.0821,-2.4618,-0.00483390,-0.00464054,-2.4618,-59.0821,-0.00464054,-2.4618,-2.4618,-2.4618,-2.4618,-2.4618,-59.0821,-0.00464054,-12.3088,-11.3627,-49.2350,-50.1811,-0.00386712,-0.00394143,-0.00019336,11.5115,10.4908,-0.0557,-1.6196,-0.1061,335.0451,29.0789,,11.5115,8.4025,10.5412,11.0045,21.0824,22.009,42.1647,10.5412,0.0,2.087904,4.0,1.09205,30,155,25,3,0E-8,-0.00483390,,0E-8,0.000000,0.910505,0.000000,,2026-03-23,2026-06-20,38,580,415,90,0.422222,,,0.000000,,,,,,,,GLOBAL_BASELINE_NO_ENTITY_RANKING,,,NOT_APPLICABLE_GLOBAL_BASELINE,HF9g-P5,,,,X 全窗基线 · 不参与实体赏罚,3928317,393,A168_HF9F_20260827_0900,2026-08-27 09:00:00
2026-05-22,145898681,1384,0,2.1006196828,-2.1006196828,-2.1006196828,0E-7,1,1,0.49324550000000000,0.493245500000,-0.9865810262130424,-0.9865810262130424,-0.9865810262130424,0E-17,ELIGIBLE,R03b_20260811_FULL_v1,L1_ELIGIBILITY,v2026-08-11,2026-03-21..2026-08-06,baccarat_bet02_101_all_pairs_incl_sentinel,round_win = game_pnl > 0 (decisive only),COMPATIBILITY_ONLY_NOT_PRODUCTION,12731.7143,11592.2902,-61.5438,1106,1105,0.00483390,,0.00483390,0.00483390,61.5438,12731.7143,OK,0.0000,-2.4618,4.0000,96.0000,AG03-UNRESOLVED,ALL5_LEVELS_bet23_to_bet27,-2.4618,-2.4618,-2.4618,-2.4618,-2.4618,4.000000,4.000000,4.000000,4.000000,4.000000,96.000000,96.000000,96.000000,96.000000,96.000000,5.0,-12.3088,-11.3627,-49.2350,-50.1811,PENDING_AG03,FALSE,NOT_FOR_ENFORCEMENT,-59.0821,11128.5986,-61.5438,-59.0821,-2.4618,-0.00483390,-0.00464054,-2.4618,-59.0821,-0.00464054,-2.4618,-2.4618,-2.4618,-2.4618,-2.4618,-59.0821,-0.00464054,-12.3088,-11.3627,-49.2350,-50.1811,-0.00386712,-0.00394143,-0.00019336,11.5115,10.4908,-0.0557,-1.6196,-0.1061,335.0451,29.0789,,11.5115,8.4025,10.5412,11.0045,21.0824,22.009,42.1647,10.5412,0.0,2.087904,4.0,1.09205,30,155,25,3,0E-8,-0.00483390,,0E-8,0.000000,0.910505,0.000000,,2026-03-23,2026-06-20,38,580,415,90,0.422222,,,0.000000,,,,,,,,GLOBAL_BASELINE_NO_ENTITY_RANKING,,,NOT_APPLICABLE_GLOBAL_BASELINE,HF9g-P5,,,,X 全窗基线 · 不参与实体赏罚,3928318,393,A168_HF9F_20260827_0900,2026-08-27 09:00:00
2026-05-22,145898681,1385,0,12.6037180968,-4.2012393656,-4.2012393656,0.5000000,2,2,0.49324550000000000,0.493245500000,0.01910635448239258,0.01910635448239258,0.01910635448239258,0E-17,ELIGIBLE,R03b_20260811_FULL_v1,L1_ELIGIBILITY,v2026-08-11,2026-03-21..2026-08-06,baccarat_bet02_101_all_pairs_incl_sentinel,round_win = game_pnl > 0 (decisive only),COMPATIBILITY_ONLY_NOT_PRODUCTION,12731.7143,11592.2902,-61.5438,1106,1105,0.00483390,,0.00483390,0.00483390,61.5438,12731.7143,OK,0.0000,-2.4618,4.0000,96.0000,AG03-UNRESOLVED,ALL5_LEVELS_bet23_to_bet27,-2.4618,-2.4618,-2.4618,-2.4618,-2.4618,4.000000,4.000000,4.000000,4.000000,4.000000,96.000000,96.000000,96.000000,96.000000,96.000000,5.0,-12.3088,-11.3627,-49.2350,-50.1811,PENDING_AG03,FALSE,NOT_FOR_ENFORCEMENT,-59.0821,11128.5986,-61.5438,-59.0821,-2.4618,-0.00483390,-0.00464054,-2.4618,-59.0821,-0.00464054,-2.4618,-2.4618,-2.4618,-2.4618,-2.4618,-59.0821,-0.00464054,-12.3088,-11.3627,-49.2350,-50.1811,-0.00386712,-0.00394143,-0.00019336,11.5115,10.4908,-0.0557,-1.6196,-0.1061,335.0451,29.0789,,11.5115,8.4025,10.5412,11.0045,21.0824,22.009,42.1647,10.5412,0.0,2.087904,4.0,1.09205,30,155,25,3,0E-8,-0.00483390,,0E-8,0.000000,0.910505,0.000000,,2026-03-23,2026-06-20,38,580,415,90,0.422222,,,0.000000,,,,,,,,GLOBAL_BASELINE_NO_ENTITY_RANKING,,,NOT_APPLICABLE_GLOBAL_BASELINE,HF9g-P5,,,,X 全窗基线 · 不参与实体赏罚,3928319,393,A168_HF9F_20260827_0900,2026-08-27 09:00:00
2026-05-22,145898681,1941,0,21.0061968280,-21.0061968280,-21.0061968280,0E-7,2,2,0.49324550000000000,0.493245500000,-1.3952362676504506,-1.3952362676504506,-1.3952362676504506,0E-17,ELIGIBLE,R03b_20260811_FULL_v1,L1_ELIGIBILITY,v2026-08-11,2026-03-21..2026-08-06,baccarat_bet02_101_all_pairs_incl_sentinel,round_win = game_pnl > 0 (decisive only),COMPATIBILITY_ONLY_NOT_PRODUCTION,12731.7143,11592.2902,-61.5438,1106,1105,0.00483390,,0.00483390,0.00483390,61.5438,12731.7143,OK,0.0000,-2.4618,4.0000,96.0000,AG03-UNRESOLVED,ALL5_LEVELS_bet23_to_bet27,-2.4618,-2.4618,-2.4618,-2.4618,-2.4618,4.000000,4.000000,4.000000,4.000000,4.000000,96.000000,96.000000,96.000000,96.000000,96.000000,5.0,-12.3088,-11.3627,-49.2350,-50.1811,PENDING_AG03,FALSE,NOT_FOR_ENFORCEMENT,-59.0821,11128.5986,-61.5438,-59.0821,-2.4618,-0.00483390,-0.00464054,-2.4618,-59.0821,-0.00464054,-2.4618,-2.4618,-2.4618,-2.4618,-2.4618,-59.0821,-0.00464054,-12.3088,-11.3627,-49.2350,-50.1811,-0.00386712,-0.00394143,-0.00019336,11.5115,10.4908,-0.0557,-1.6196,-0.1061,335.0451,29.0789,,11.5115,8.4025,10.5412,11.0045,21.0824,22.009,42.1647,10.5412,0.0,2.087904,4.0,1.09205,30,155,25,3,0E-8,-0.00483390,,0E-8,0.000000,0.910505,0.000000,,2026-03-23,2026-06-20,38,580,415,90,0.422222,,,0.000000,,,,,,,,GLOBAL_BASELINE_NO_ENTITY_RANKING,,,NOT_APPLICABLE_GLOBAL_BASELINE,HF9g-P5,,,,X 全窗基线 · 不参与实体赏罚,3928320,393,A168_HF9F_20260827_0900,2026-08-27 09:00:00
2026-05-22,145898681,2103,0,22.6866925743,10.5030984140,10.5030984140,1.0000000,2,2,0.49324550000000000,0.493245500000,1.01360149184955,1.01360149184955,1.01360149184955,0E-17,ELIGIBLE,R03b_20260811_FULL_v1,L1_ELIGIBILITY,v2026-08-11,2026-03-21..2026-08-06,baccarat_bet02_101_all_pairs_incl_sentinel,round_win = game_pnl > 0 (decisive only),COMPATIBILITY_ONLY_NOT_PRODUCTION,12731.7143,11592.2902,-61.5438,1106,1105,0.00483390,,0.00483390,0.00483390,61.5438,12731.7143,OK,0.0000,-2.4618,4.0000,96.0000,AG03-UNRESOLVED,ALL5_LEVELS_bet23_to_bet27,-2.4618,-2.4618,-2.4618,-2.4618,-2.4618,4.000000,4.000000,4.000000,4.000000,4.000000,96.000000,96.000000,96.000000,96.000000,96.000000,5.0,-12.3088,-11.3627,-49.2350,-50.1811,PENDING_AG03,FALSE,NOT_FOR_ENFORCEMENT,-59.0821,11128.5986,-61.5438,-59.0821,-2.4618,-0.00483390,-0.00464054,-2.4618,-59.0821,-0.00464054,-2.4618,-2.4618,-2.4618,-2.4618,-2.4618,-59.0821,-0.00464054,-12.3088,-11.3627,-49.2350,-50.1811,-0.00386712,-0.00394143,-0.00019336,11.5115,10.4908,-0.0557,-1.6196,-0.1061,335.0451,29.0789,,11.5115,8.4025,10.5412,11.0045,21.0824,22.009,42.1647,10.5412,0.0,2.087904,4.0,1.09205,30,155,25,3,0E-8,-0.00483390,,0E-8,0.000000,0.910505,0.000000,,2026-03-23,2026-06-20,38,580,415,90,0.422222,,,0.000000,,,,,,,,GLOBAL_BASELINE_NO_ENTITY_RANKING,,,NOT_APPLICABLE_GLOBAL_BASELINE,HF9g-P5,,,,X 全窗基线 · 不参与实体赏罚,3928321,393,A168_HF9F_20260827_0900,2026-08-27 09:00:00
2026-05-22,145898681,2115,0,10.5030984140,0E-10,0E-10,,1,1,0.49324550000000000,0.493245500000,,,,0E-17,NO_DECISIVE_ROUND,R03b_20260811_FULL_v1,L1_ELIGIBILITY,v2026-08-11,2026-03-21..2026-08-06,baccarat_bet02_101_all_pairs_incl_sentinel,round_win = game_pnl > 0 (decisive only),COMPATIBILITY_ONLY_NOT_PRODUCTION,12731.7143,11592.2902,-61.5438,1106,1105,0.00483390,,0.00483390,0.00483390,61.5438,12731.7143,OK,0.0000,-2.4618,4.0000,96.0000,AG03-UNRESOLVED,ALL5_LEVELS_bet23_to_bet27,-2.4618,-2.4618,-2.4618,-2.4618,-2.4618,4.000000,4.000000,4.000000,4.000000,4.000000,96.000000,96.000000,96.000000,96.000000,96.000000,5.0,-12.3088,-11.3627,-49.2350,-50.1811,PENDING_AG03,FALSE,NOT_FOR_ENFORCEMENT,-59.0821,11128.5986,-61.5438,-59.0821,-2.4618,-0.00483390,-0.00464054,-2.4618,-59.0821,-0.00464054,-2.4618,-2.4618,-2.4618,-2.4618,-2.4618,-59.0821,-0.00464054,-12.3088,-11.3627,-49.2350,-50.1811,-0.00386712,-0.00394143,-0.00019336,11.5115,10.4908,-0.0557,-1.6196,-0.1061,335.0451,29.0789,,11.5115,8.4025,10.5412,11.0045,21.0824,22.009,42.1647,10.5412,0.0,2.087904,4.0,1.09205,30,155,25,3,0E-8,-0.00483390,,0E-8,0.000000,0.910505,0.000000,,2026-03-23,2026-06-20,38,580,415,90,0.422222,,,0.000000,,,,,,,,GLOBAL_BASELINE_NO_ENTITY_RANKING,,,NOT_APPLICABLE_GLOBAL_BASELINE,HF9g-P5,,,,X 全窗基线 · 不参与实体赏罚,3928322,393,A168_HF9F_20260827_0900,2026-08-27 09:00:00
2026-05-22,145898681,2121,0,31.5092952421,-10.5030984141,-10.5030984141,0.5000000,2,2,0.49324550000000000,0.493245500000,0.01910635448239258,0.01910635448239258,0.01910635448239258,0E-17,ELIGIBLE,R03b_20260811_FULL_v1,L1_ELIGIBILITY,v2026-08-11,2026-03-21..2026-08-06,baccarat_bet02_101_all_pairs_incl_sentinel,round_win = game_pnl > 0 (decisive only),COMPATIBILITY_ONLY_NOT_PRODUCTION,12731.7143,11592.2902,-61.5438,1106,1105,0.00483390,,0.00483390,0.00483390,61.5438,12731.7143,OK,0.0000,-2.4618,4.0000,96.0000,AG03-UNRESOLVED,ALL5_LEVELS_bet23_to_bet27,-2.4618,-2.4618,-2.4618,-2.4618,-2.4618,4.000000,4.000000,4.000000,4.000000,4.000000,96.000000,96.000000,96.000000,96.000000,96.000000,5.0,-12.3088,-11.3627,-49.2350,-50.1811,PENDING_AG03,FALSE,NOT_FOR_ENFORCEMENT,-59.0821,11128.5986,-61.5438,-59.0821,-2.4618,-0.00483390,-0.00464054,-2.4618,-59.0821,-0.00464054,-2.4618,-2.4618,-2.4618,-2.4618,-2.4618,-59.0821,-0.00464054,-12.3088,-11.3627,-49.2350,-50.1811,-0.00386712,-0.00394143,-0.00019336,11.5115,10.4908,-0.0557,-1.6196,-0.1061,335.0451,29.0789,,11.5115,8.4025,10.5412,11.0045,21.0824,22.009,42.1647,10.5412,0.0,2.087904,4.0,1.09205,30,155,25,3,0E-8,-0.00483390,,0E-8,0.000000,0.910505,0.000000,,2026-03-23,2026-06-20,38,580,415,90,0.422222,,,0.000000,,,,,,,,GLOBAL_BASELINE_NO_ENTITY_RANKING,,,NOT_APPLICABLE_GLOBAL_BASELINE,HF9g-P5,,,,X 全窗基线 · 不参与实体赏罚,3928323,393,A168_HF9F_20260827_0900,2026-08-27 09:00:00
2026-05-22,145898681,2127,0,21.0061968281,-21.0061968281,-21.0061968281,0E-7,1,1,0.50665070000000000,0.506650700000,-1.013391052207602,-1.013391052207602,-1.013391052207602,0E-17,ELIGIBLE,R03b_20260811_FULL_v1,L1_ELIGIBILITY,v2026-08-11,2026-03-21..2026-08-06,baccarat_bet02_101_all_pairs_incl_sentinel,round_win = game_pnl > 0 (decisive only),COMPATIBILITY_ONLY_NOT_PRODUCTION,12731.7143,11592.2902,-61.5438,1106,1105,0.00483390,,0.00483390,0.00483390,61.5438,12731.7143,OK,0.0000,-2.4618,4.0000,96.0000,AG03-UNRESOLVED,ALL5_LEVELS_bet23_to_bet27,-2.4618,-2.4618,-2.4618,-2.4618,-2.4618,4.000000,4.000000,4.000000,4.000000,4.000000,96.000000,96.000000,96.000000,96.000000,96.000000,5.0,-12.3088,-11.3627,-49.2350,-50.1811,PENDING_AG03,FALSE,NOT_FOR_ENFORCEMENT,-59.0821,11128.5986,-61.5438,-59.0821,-2.4618,-0.00483390,-0.00464054,-2.4618,-59.0821,-0.00464054,-2.4618,-2.4618,-2.4618,-2.4618,-2.4618,-59.0821,-0.00464054,-12.3088,-11.3627,-49.2350,-50.1811,-0.00386712,-0.00394143,-0.00019336,11.5115,10.4908,-0.0557,-1.6196,-0.1061,335.0451,29.0789,,11.5115,8.4025,10.5412,11.0045,21.0824,22.009,42.1647,10.5412,0.0,2.087904,4.0,1.09205,30,155,25,3,0E-8,-0.00483390,,0E-8,0.000000,0.910505,0.000000,,2026-03-23,2026-06-20,38,580,415,90,0.422222,,,0.000000,,,,,,,,GLOBAL_BASELINE_NO_ENTITY_RANKING,,,NOT_APPLICABLE_GLOBAL_BASELINE,HF9g-P5,,,,X 全窗基线 · 不参与实体赏罚,3928324,393,A168_HF9F_20260827_0900,2026-08-27 09:00:00
2026-05-22,145898681,2145,0,29.4086755592,29.0935826068,29.0935826068,1.0000000,4,4,0.49659680000000000,0.496596800000,2.0136594440222715,2.0136594440222715,2.0136594440222715,0E-17,ELIGIBLE,R03b_20260811_FULL_v1,L1_ELIGIBILITY,v2026-08-11,2026-03-21..2026-08-06,baccarat_bet02_101_all_pairs_incl_sentinel,round_win = game_pnl > 0 (decisive only),COMPATIBILITY_ONLY_NOT_PRODUCTION,12731.7143,11592.2902,-61.5438,1106,1105,0.00483390,,0.00483390,0.00483390,61.5438,12731.7143,OK,0.0000,-2.4618,4.0000,96.0000,AG03-UNRESOLVED,ALL5_LEVELS_bet23_to_bet27,-2.4618,-2.4618,-2.4618,-2.4618,-2.4618,4.000000,4.000000,4.000000,4.000000,4.000000,96.000000,96.000000,96.000000,96.000000,96.000000,5.0,-12.3088,-11.3627,-49.2350,-50.1811,PENDING_AG03,FALSE,NOT_FOR_ENFORCEMENT,-59.0821,11128.5986,-61.5438,-59.0821,-2.4618,-0.00483390,-0.00464054,-2.4618,-59.0821,-0.00464054,-2.4618,-2.4618,-2.4618,-2.4618,-2.4618,-59.0821,-0.00464054,-12.3088,-11.3627,-49.2350,-50.1811,-0.00386712,-0.00394143,-0.00019336,11.5115,10.4908,-0.0557,-1.6196,-0.1061,335.0451,29.0789,,11.5115,8.4025,10.5412,11.0045,21.0824,22.009,42.1647,10.5412,0.0,2.087904,4.0,1.09205,30,155,25,3,0E-8,-0.00483390,,0E-8,0.000000,0.910505,0.000000,,2026-03-23,2026-06-20,38,580,415,90,0.422222,,,0.000000,,,,,,,,GLOBAL_BASELINE_NO_ENTITY_RANKING,,,NOT_APPLICABLE_GLOBAL_BASELINE,HF9g-P5,,,,X 全窗基线 · 不参与实体赏罚,3928325,393,A168_HF9F_20260827_0900,2026-08-27 09:00:00
2026-05-22,145898681,2160,0,31.5092952421,10.5030984141,10.5030984141,0.5000000,2,2,0.49324550000000000,0.493245500000,0.01910635448239258,0.01910635448239258,0.01910635448239258,0E-17,ELIGIBLE,R03b_20260811_FULL_v1,L1_ELIGIBILITY,v2026-08-11,2026-03-21..2026-08-06,baccarat_bet02_101_all_pairs_incl_sentinel,round_win = game_pnl > 0 (decisive only),COMPATIBILITY_ONLY_NOT_PRODUCTION,12731.7143,11592.2902,-61.5438,1106,1105,0.00483390,,0.00483390,0.00483390,61.5438,12731.7143,OK,0.0000,-2.4618,4.0000,96.0000,AG03-UNRESOLVED,ALL5_LEVELS_bet23_to_bet27,-2.4618,-2.4618,-2.4618,-2.4618,-2.4618,4.000000,4.000000,4.000000,4.000000,4.000000,96.000000,96.000000,96.000000,96.000000,96.000000,5.0,-12.3088,-11.3627,-49.2350,-50.1811,PENDING_AG03,FALSE,NOT_FOR_ENFORCEMENT,-59.0821,11128.5986,-61.5438,-59.0821,-2.4618,-0.00483390,-0.00464054,-2.4618,-59.0821,-0.00464054,-2.4618,-2.4618,-2.4618,-2.4618,-2.4618,-59.0821,-0.00464054,-12.3088,-11.3627,-49.2350,-50.1811,-0.00386712,-0.00394143,-0.00019336,11.5115,10.4908,-0.0557,-1.6196,-0.1061,335.0451,29.0789,,11.5115,8.4025,10.5412,11.0045,21.0824,22.009,42.1647,10.5412,0.0,2.087904,4.0,1.09205,30,155,25,3,0E-8,-0.00483390,,0E-8,0.000000,0.910505,0.000000,,2026-03-23,2026-06-20,38,580,415,90,0.422222,,,0.000000,,,,,,,,GLOBAL_BASELINE_NO_ENTITY_RANKING,,,NOT_APPLICABLE_GLOBAL_BASELINE,HF9g-P5,,,,X 全窗基线 · 不参与实体赏罚,3928326,393,A168_HF9F_20260827_0900,2026-08-27 09:00:00
2026-05-22,145898681,2169,0,47.2639428630,8.4549942233,8.4549942233,0.6666667,6,6,0.49994810000000000,0.499948100000,0.8167508423630434,0.8167508423630434,0.8167508423630434,0E-17,ELIGIBLE,R03b_20260811_FULL_v1,L1_ELIGIBILITY,v2026-08-11,2026-03-21..2026-08-06,baccarat_bet02_101_all_pairs_incl_sentinel,round_win = game_pnl > 0 (decisive only),COMPATIBILITY_ONLY_NOT_PRODUCTION,12731.7143,11592.2902,-61.5438,1106,1105,0.00483390,,0.00483390,0.00483390,61.5438,12731.7143,OK,0.0000,-2.4618,4.0000,96.0000,AG03-UNRESOLVED,ALL5_LEVELS_bet23_to_bet27,-2.4618,-2.4618,-2.4618,-2.4618,-2.4618,4.000000,4.000000,4.000000,4.000000,4.000000,96.000000,96.000000,96.000000,96.000000,96.000000,5.0,-12.3088,-11.3627,-49.2350,-50.1811,PENDING_AG03,FALSE,NOT_FOR_ENFORCEMENT,-59.0821,11128.5986,-61.5438,-59.0821,-2.4618,-0.00483390,-0.00464054,-2.4618,-59.0821,-0.00464054,-2.4618,-2.4618,-2.4618,-2.4618,-2.4618,-59.0821,-0.00464054,-12.3088,-11.3627,-49.2350,-50.1811,-0.00386712,-0.00394143,-0.00019336,11.5115,10.4908,-0.0557,-1.6196,-0.1061,335.0451,29.0789,,11.5115,8.4025,10.5412,11.0045,21.0824,22.009,42.1647,10.5412,0.0,2.087904,4.0,1.09205,30,155,25,3,0E-8,-0.00483390,,0E-8,0.000000,0.910505,0.000000,,2026-03-23,2026-06-20,38,580,415,90,0.422222,,,0.000000,,,,,,,,GLOBAL_BASELINE_NO_ENTITY_RANKING,,,NOT_APPLICABLE_GLOBAL_BASELINE,HF9g-P5,,,,X 全窗基线 · 不参与实体赏罚,3928327,393,A168_HF9F_20260827_0900,2026-08-27 09:00:00
2026-05-22,145898681,2188,0,10.5030984140,10.5030984140,10.5030984140,1.0000000,1,1,0.49324550000000000,0.493245500000,1.01360149184955,1.01360149184955,1.01360149184955,0E-17,ELIGIBLE,R03b_20260811_FULL_v1,L1_ELIGIBILITY,v2026-08-11,2026-03-21..2026-08-06,baccarat_bet02_101_all_pairs_incl_sentinel,round_win = game_pnl > 0 (decisive only),COMPATIBILITY_ONLY_NOT_PRODUCTION,12731.7143,11592.2902,-61.5438,1106,1105,0.00483390,,0.00483390,0.00483390,61.5438,12731.7143,OK,0.0000,-2.4618,4.0000,96.0000,AG03-UNRESOLVED,ALL5_LEVELS_bet23_to_bet27,-2.4618,-2.4618,-2.4618,-2.4618,-2.4618,4.000000,4.000000,4.000000,4.000000,4.000000,96.000000,96.000000,96.000000,96.000000,96.000000,5.0,-12.3088,-11.3627,-49.2350,-50.1811,PENDING_AG03,FALSE,NOT_FOR_ENFORCEMENT,-59.0821,11128.5986,-61.5438,-59.0821,-2.4618,-0.00483390,-0.00464054,-2.4618,-59.0821,-0.00464054,-2.4618,-2.4618,-2.4618,-2.4618,-2.4618,-59.0821,-0.00464054,-12.3088,-11.3627,-49.2350,-50.1811,-0.00386712,-0.00394143,-0.00019336,11.5115,10.4908,-0.0557,-1.6196,-0.1061,335.0451,29.0789,,11.5115,8.4025,10.5412,11.0045,21.0824,22.009,42.1647,10.5412,0.0,2.087904,4.0,1.09205,30,155,25,3,0E-8,-0.00483390,,0E-8,0.000000,0.910505,0.000000,,2026-03-23,2026-06-20,38,580,415,90,0.422222,,,0.000000,,,,,,,,GLOBAL_BASELINE_NO_ENTITY_RANKING,,,NOT_APPLICABLE_GLOBAL_BASELINE,HF9g-P5,,,,X 全窗基线 · 不参与实体赏罚,3928328,393,A168_HF9F_20260827_0900,2026-08-27 09:00:00
2026-05-22,145898681,2205,0,10.5030984140,10.5030984140,10.5030984140,1.0000000,1,1,0.49324550000000000,0.493245500000,1.01360149184955,1.01360149184955,1.01360149184955,0E-17,ELIGIBLE,R03b_20260811_FULL_v1,L1_ELIGIBILITY,v2026-08-11,2026-03-21..2026-08-06,baccarat_bet02_101_all_pairs_incl_sentinel,round_win = game_pnl > 0 (decisive only),COMPATIBILITY_ONLY_NOT_PRODUCTION,12731.7143,11592.2902,-61.5438,1106,1105,0.00483390,,0.00483390,0.00483390,61.5438,12731.7143,OK,0.0000,-2.4618,4.0000,96.0000,AG03-UNRESOLVED,ALL5_LEVELS_bet23_to_bet27,-2.4618,-2.4618,-2.4618,-2.4618,-2.4618,4.000000,4.000000,4.000000,4.000000,4.000000,96.000000,96.000000,96.000000,96.000000,96.000000,5.0,-12.3088,-11.3627,-49.2350,-50.1811,PENDING_AG03,FALSE,NOT_FOR_ENFORCEMENT,-59.0821,11128.5986,-61.5438,-59.0821,-2.4618,-0.00483390,-0.00464054,-2.4618,-59.0821,-0.00464054,-2.4618,-2.4618,-2.4618,-2.4618,-2.4618,-59.0821,-0.00464054,-12.3088,-11.3627,-49.2350,-50.1811,-0.00386712,-0.00394143,-0.00019336,11.5115,10.4908,-0.0557,-1.6196,-0.1061,335.0451,29.0789,,11.5115,8.4025,10.5412,11.0045,21.0824,22.009,42.1647,10.5412,0.0,2.087904,4.0,1.09205,30,155,25,3,0E-8,-0.00483390,,0E-8,0.000000,0.910505,0.000000,,2026-03-23,2026-06-20,38,580,415,90,0.422222,,,0.000000,,,,,,,,GLOBAL_BASELINE_NO_ENTITY_RANKING,,,NOT_APPLICABLE_GLOBAL_BASELINE,HF9g-P5,,,,X 全窗基线 · 不参与实体赏罚,3928329,393,A168_HF9F_20260827_0900,2026-08-27 09:00:00
2026-05-22,145898681,2209,0,20.5860728915,-20.5860728915,-20.5860728915,0E-7,2,2,0.49994810000000000,0.499948100000,-1.4140667746232096,-1.4140667746232096,-1.4140667746232096,0E-17,ELIGIBLE,R03b_20260811_FULL_v1,L1_ELIGIBILITY,v2026-08-11,2026-03-21..2026-08-06,baccarat_bet02_101_all_pairs_incl_sentinel,round_win = game_pnl > 0 (decisive only),COMPATIBILITY_ONLY_NOT_PRODUCTION,12731.7143,11592.2902,-61.5438,1106,1105,0.00483390,,0.00483390,0.00483390,61.5438,12731.7143,OK,0.0000,-2.4618,4.0000,96.0000,AG03-UNRESOLVED,ALL5_LEVELS_bet23_to_bet27,-2.4618,-2.4618,-2.4618,-2.4618,-2.4618,4.000000,4.000000,4.000000,4.000000,4.000000,96.000000,96.000000,96.000000,96.000000,96.000000,5.0,-12.3088,-11.3627,-49.2350,-50.1811,PENDING_AG03,FALSE,NOT_FOR_ENFORCEMENT,-59.0821,11128.5986,-61.5438,-59.0821,-2.4618,-0.00483390,-0.00464054,-2.4618,-59.0821,-0.00464054,-2.4618,-2.4618,-2.4618,-2.4618,-2.4618,-59.0821,-0.00464054,-12.3088,-11.3627,-49.2350,-50.1811,-0.00386712,-0.00394143,-0.00019336,11.5115,10.4908,-0.0557,-1.6196,-0.1061,335.0451,29.0789,,11.5115,8.4025,10.5412,11.0045,21.0824,22.009,42.1647,10.5412,0.0,2.087904,4.0,1.09205,30,155,25,3,0E-8,-0.00483390,,0E-8,0.000000,0.910505,0.000000,,2026-03-23,2026-06-20,38,580,415,90,0.422222,,,0.000000,,,,,,,,GLOBAL_BASELINE_NO_ENTITY_RANKING,,,NOT_APPLICABLE_GLOBAL_BASELINE,HF9g-P5,,,,X 全窗基线 · 不参与实体赏罚,3928330,393,A168_HF9F_20260827_0900,2026-08-27 09:00:00
2026-05-22,145898681,2248,0,10.5030984140,-10.5030984140,-10.5030984140,0E-7,1,1,0.49324550000000000,0.493245500000,-0.9865810262130424,-0.9865810262130424,-0.9865810262130424,0E-17,ELIGIBLE,R03b_20260811_FULL_v1,L1_ELIGIBILITY,v2026-08-11,2026-03-21..2026-08-06,baccarat_bet02_101_all_pairs_incl_sentinel,round_win = game_pnl > 0 (decisive only),COMPATIBILITY_ONLY_NOT_PRODUCTION,12731.7143,11592.2902,-61.5438,1106,1105,0.00483390,,0.00483390,0.00483390,61.5438,12731.7143,OK,0.0000,-2.4618,4.0000,96.0000,AG03-UNRESOLVED,ALL5_LEVELS_bet23_to_bet27,-2.4618,-2.4618,-2.4618,-2.4618,-2.4618,4.000000,4.000000,4.000000,4.000000,4.000000,96.000000,96.000000,96.000000,96.000000,96.000000,5.0,-12.3088,-11.3627,-49.2350,-50.1811,PENDING_AG03,FALSE,NOT_FOR_ENFORCEMENT,-59.0821,11128.5986,-61.5438,-59.0821,-2.4618,-0.00483390,-0.00464054,-2.4618,-59.0821,-0.00464054,-2.4618,-2.4618,-2.4618,-2.4618,-2.4618,-59.0821,-0.00464054,-12.3088,-11.3627,-49.2350,-50.1811,-0.00386712,-0.00394143,-0.00019336,11.5115,10.4908,-0.0557,-1.6196,-0.1061,335.0451,29.0789,,11.5115,8.4025,10.5412,11.0045,21.0824,22.009,42.1647,10.5412,0.0,2.087904,4.0,1.09205,30,155,25,3,0E-8,-0.00483390,,0E-8,0.000000,0.910505,0.000000,,2026-03-23,2026-06-20,38,580,415,90,0.422222,,,0.000000,,,,,,,,GLOBAL_BASELINE_NO_ENTITY_RANKING,,,NOT_APPLICABLE_GLOBAL_BASELINE,HF9g-P5,,,,X 全窗基线 · 不参与实体赏罚,3928331,393,A168_HF9F_20260827_0900,2026-08-27 09:00:00
2026-05-22,145898681,2250,0,21.0061968280,0E-10,0E-10,0.5000000,2,2,0.49324550000000000,0.493245500000,0.01910635448239258,0.01910635448239258,0.01910635448239258,0E-17,ELIGIBLE,R03b_20260811_FULL_v1,L1_ELIGIBILITY,v2026-08-11,2026-03-21..2026-08-06,baccarat_bet02_101_all_pairs_incl_sentinel,round_win = game_pnl > 0 (decisive only),COMPATIBILITY_ONLY_NOT_PRODUCTION,12731.7143,11592.2902,-61.5438,1106,1105,0.00483390,,0.00483390,0.00483390,61.5438,12731.7143,OK,0.0000,-2.4618,4.0000,96.0000,AG03-UNRESOLVED,ALL5_LEVELS_bet23_to_bet27,-2.4618,-2.4618,-2.4618,-2.4618,-2.4618,4.000000,4.000000,4.000000,4.000000,4.000000,96.000000,96.000000,96.000000,96.000000,96.000000,5.0,-12.3088,-11.3627,-49.2350,-50.1811,PENDING_AG03,FALSE,NOT_FOR_ENFORCEMENT,-59.0821,11128.5986,-61.5438,-59.0821,-2.4618,-0.00483390,-0.00464054,-2.4618,-59.0821,-0.00464054,-2.4618,-2.4618,-2.4618,-2.4618,-2.4618,-59.0821,-0.00464054,-12.3088,-11.3627,-49.2350,-50.1811,-0.00386712,-0.00394143,-0.00019336,11.5115,10.4908,-0.0557,-1.6196,-0.1061,335.0451,29.0789,,11.5115,8.4025,10.5412,11.0045,21.0824,22.009,42.1647,10.5412,0.0,2.087904,4.0,1.09205,30,155,25,3,0E-8,-0.00483390,,0E-8,0.000000,0.910505,0.000000,,2026-03-23,2026-06-20,38,580,415,90,0.422222,,,0.000000,,,,,,,,GLOBAL_BASELINE_NO_ENTITY_RANKING,,,NOT_APPLICABLE_GLOBAL_BASELINE,HF9g-P5,,,,X 全窗基线 · 不参与实体赏罚,3928332,393,A168_HF9F_20260827_0900,2026-08-27 09:00:00
2026-05-22,145898681,2267,0,73.5216888980,-10.5030984140,-10.5030984140,0.4285714,7,7,0.49324550000000000,0.493245500000,-0.3422542494892156,-0.3422542494892157,-0.3422542494892156,0E-17,ELIGIBLE,R03b_20260811_FULL_v1,L1_ELIGIBILITY,v2026-08-11,2026-03-21..2026-08-06,baccarat_bet02_101_all_pairs_incl_sentinel,round_win = game_pnl > 0 (decisive only),COMPATIBILITY_ONLY_NOT_PRODUCTION,12731.7143,11592.2902,-61.5438,1106,1105,0.00483390,,0.00483390,0.00483390,61.5438,12731.7143,OK,0.0000,-2.4618,4.0000,96.0000,AG03-UNRESOLVED,ALL5_LEVELS_bet23_to_bet27,-2.4618,-2.4618,-2.4618,-2.4618,-2.4618,4.000000,4.000000,4.000000,4.000000,4.000000,96.000000,96.000000,96.000000,96.000000,96.000000,5.0,-12.3088,-11.3627,-49.2350,-50.1811,PENDING_AG03,FALSE,NOT_FOR_ENFORCEMENT,-59.0821,11128.5986,-61.5438,-59.0821,-2.4618,-0.00483390,-0.00464054,-2.4618,-59.0821,-0.00464054,-2.4618,-2.4618,-2.4618,-2.4618,-2.4618,-59.0821,-0.00464054,-12.3088,-11.3627,-49.2350,-50.1811,-0.00386712,-0.00394143,-0.00019336,11.5115,10.4908,-0.0557,-1.6196,-0.1061,335.0451,29.0789,,11.5115,8.4025,10.5412,11.0045,21.0824,22.009,42.1647,10.5412,0.0,2.087904,4.0,1.09205,30,155,25,3,0E-8,-0.00483390,,0E-8,0.000000,0.910505,0.000000,,2026-03-23,2026-06-20,38,580,415,90,0.422222,,,0.000000,,,,,,,,GLOBAL_BASELINE_NO_ENTITY_RANKING,,,NOT_APPLICABLE_GLOBAL_BASELINE,HF9g-P5,,,,X 全窗基线 · 不参与实体赏罚,3928333,393,A168_HF9F_20260827_0900,2026-08-27 09:00:00
2026-05-22,145898681,529,0,21.0061968280,0E-10,0E-10,0.5000000,2,2,0.49324550000000000,0.493245500000,0.01910635448239258,0.01910635448239258,0.01910635448239258,0E-17,ELIGIBLE,R03b_20260811_FULL_v1,L1_ELIGIBILITY,v2026-08-11,2026-03-21..2026-08-06,baccarat_bet02_101_all_pairs_incl_sentinel,round_win = game_pnl > 0 (decisive only),COMPATIBILITY_ONLY_NOT_PRODUCTION,12731.7143,11592.2902,-61.5438,1106,1105,0.00483390,,0.00483390,0.00483390,61.5438,12731.7143,OK,0.0000,-2.4618,4.0000,96.0000,AG03-UNRESOLVED,ALL5_LEVELS_bet23_to_bet27,-2.4618,-2.4618,-2.4618,-2.4618,-2.4618,4.000000,4.000000,4.000000,4.000000,4.000000,96.000000,96.000000,96.000000,96.000000,96.000000,5.0,-12.3088,-11.3627,-49.2350,-50.1811,PENDING_AG03,FALSE,NOT_FOR_ENFORCEMENT,-59.0821,11128.5986,-61.5438,-59.0821,-2.4618,-0.00483390,-0.00464054,-2.4618,-59.0821,-0.00464054,-2.4618,-2.4618,-2.4618,-2.4618,-2.4618,-59.0821,-0.00464054,-12.3088,-11.3627,-49.2350,-50.1811,-0.00386712,-0.00394143,-0.00019336,11.5115,10.4908,-0.0557,-1.6196,-0.1061,335.0451,29.0789,,11.5115,8.4025,10.5412,11.0045,21.0824,22.009,42.1647,10.5412,0.0,2.087904,4.0,1.09205,30,155,25,3,0E-8,-0.00483390,,0E-8,0.000000,0.910505,0.000000,,2026-03-23,2026-06-20,38,580,415,90,0.422222,,,0.000000,,,,,,,,GLOBAL_BASELINE_NO_ENTITY_RANKING,,,NOT_APPLICABLE_GLOBAL_BASELINE,HF9g-P5,,,,X 全窗基线 · 不参与实体赏罚,3928334,393,A168_HF9F_20260827_0900,2026-08-27 09:00:00
2026-05-22,145898681,919,0,31.5092952421,9.4527885727,9.4527885727,0.5000000,2,2,0.49994810000000000,0.499948100000,0.00014679536856514622,0.00014679536856514622,0.00014679536856514622,0E-17,ELIGIBLE,R03b_20260811_FULL_v1,L1_ELIGIBILITY,v2026-08-11,2026-03-21..2026-08-06,baccarat_bet02_101_all_pairs_incl_sentinel,round_win = game_pnl > 0 (decisive only),COMPATIBILITY_ONLY_NOT_PRODUCTION,12731.7143,11592.2902,-61.5438,1106,1105,0.00483390,,0.00483390,0.00483390,61.5438,12731.7143,OK,0.0000,-2.4618,4.0000,96.0000,AG03-UNRESOLVED,ALL5_LEVELS_bet23_to_bet27,-2.4618,-2.4618,-2.4618,-2.4618,-2.4618,4.000000,4.000000,4.000000,4.000000,4.000000,96.000000,96.000000,96.000000,96.000000,96.000000,5.0,-12.3088,-11.3627,-49.2350,-50.1811,PENDING_AG03,FALSE,NOT_FOR_ENFORCEMENT,-59.0821,11128.5986,-61.5438,-59.0821,-2.4618,-0.00483390,-0.00464054,-2.4618,-59.0821,-0.00464054,-2.4618,-2.4618,-2.4618,-2.4618,-2.4618,-59.0821,-0.00464054,-12.3088,-11.3627,-49.2350,-50.1811,-0.00386712,-0.00394143,-0.00019336,11.5115,10.4908,-0.0557,-1.6196,-0.1061,335.0451,29.0789,,11.5115,8.4025,10.5412,11.0045,21.0824,22.009,42.1647,10.5412,0.0,2.087904,4.0,1.09205,30,155,25,3,0E-8,-0.00483390,,0E-8,0.000000,0.910505,0.000000,,2026-03-23,2026-06-20,38,580,415,90,0.422222,,,0.000000,,,,,,,,GLOBAL_BASELINE_NO_ENTITY_RANKING,,,NOT_APPLICABLE_GLOBAL_BASELINE,HF9g-P5,,,,X 全窗基线 · 不参与实体赏罚,3928335,393,A168_HF9F_20260827_0900,2026-08-27 09:00:00
2026-05-23,145898681,-1,1,37.8111542904,16.8049574624,16.8049574624,0.7500000,4,4,0.49324550000000000,0.493245500000,1.0271117246678039,1.0271117246678039,1.0271117246678039,0E-17,SENTINEL_DEALER,R03b_20260811_FULL_v1,L1_ELIGIBILITY,v2026-08-11,2026-03-21..2026-08-06,baccarat_bet02_101_all_pairs_incl_sentinel,round_win = game_pnl > 0 (decisive only),COMPATIBILITY_ONLY_NOT_PRODUCTION,12731.7143,11592.2902,-61.5438,1106,1105,0.00483390,,0.00483390,0.00483390,61.5438,12731.7143,OK,0.0000,-2.4618,4.0000,96.0000,AG03-UNRESOLVED,ALL5_LEVELS_bet23_to_bet27,-2.4618,-2.4618,-2.4618,-2.4618,-2.4618,4.000000,4.000000,4.000000,4.000000,4.000000,96.000000,96.000000,96.000000,96.000000,96.000000,5.0,-12.3088,-11.3627,-49.2350,-50.1811,PENDING_AG03,FALSE,NOT_FOR_ENFORCEMENT,-59.0821,11128.5986,-61.5438,-59.0821,-2.4618,-0.00483390,-0.00464054,-2.4618,-59.0821,-0.00464054,-2.4618,-2.4618,-2.4618,-2.4618,-2.4618,-59.0821,-0.00464054,-12.3088,-11.3627,-49.2350,-50.1811,-0.00386712,-0.00394143,-0.00019336,11.5115,10.4908,-0.0557,-1.6196,-0.1061,335.0451,29.0789,,11.5115,8.4025,10.5412,11.0045,21.0824,22.009,42.1647,10.5412,0.0,2.087904,4.0,1.09205,30,155,25,3,0E-8,-0.00483390,,0E-8,0.000000,0.910505,0.000000,,2026-03-23,2026-06-20,38,580,415,90,0.422222,,,0.000000,,,,,,,,GLOBAL_BASELINE_NO_ENTITY_RANKING,,,NOT_APPLICABLE_GLOBAL_BASELINE,HF9g-P5,,,,X 全窗基线 · 不参与实体赏罚,3928336,393,A168_HF9F_20260827_0900,2026-08-27 09:00:00
2026-05-23,145898681,1004,0,21.0061968281,-21.0061968281,-21.0061968281,0E-7,1,1,0.49324550000000000,0.493245500000,-0.9865810262130424,-0.9865810262130424,-0.9865810262130424,0E-17,ELIGIBLE,R03b_20260811_FULL_v1,L1_ELIGIBILITY,v2026-08-11,2026-03-21..2026-08-06,baccarat_bet02_101_all_pairs_incl_sentinel,round_win = game_pnl > 0 (decisive only),COMPATIBILITY_ONLY_NOT_PRODUCTION,12731.7143,11592.2902,-61.5438,1106,1105,0.00483390,,0.00483390,0.00483390,61.5438,12731.7143,OK,0.0000,-2.4618,4.0000,96.0000,AG03-UNRESOLVED,ALL5_LEVELS_bet23_to_bet27,-2.4618,-2.4618,-2.4618,-2.4618,-2.4618,4.000000,4.000000,4.000000,4.000000,4.000000,96.000000,96.000000,96.000000,96.000000,96.000000,5.0,-12.3088,-11.3627,-49.2350,-50.1811,PENDING_AG03,FALSE,NOT_FOR_ENFORCEMENT,-59.0821,11128.5986,-61.5438,-59.0821,-2.4618,-0.00483390,-0.00464054,-2.4618,-59.0821,-0.00464054,-2.4618,-2.4618,-2.4618,-2.4618,-2.4618,-59.0821,-0.00464054,-12.3088,-11.3627,-49.2350,-50.1811,-0.00386712,-0.00394143,-0.00019336,11.5115,10.4908,-0.0557,-1.6196,-0.1061,335.0451,29.0789,,11.5115,8.4025,10.5412,11.0045,21.0824,22.009,42.1647,10.5412,0.0,2.087904,4.0,1.09205,30,155,25,3,0E-8,-0.00483390,,0E-8,0.000000,0.910505,0.000000,,2026-03-23,2026-06-20,38,580,415,90,0.422222,,,0.000000,,,,,,,,GLOBAL_BASELINE_NO_ENTITY_RANKING,,,NOT_APPLICABLE_GLOBAL_BASELINE,HF9g-P5,,,,X 全窗基线 · 不参与实体赏罚,3928337,393,A168_HF9F_20260827_0900,2026-08-27 09:00:00
2026-05-23,145898681,1304,0,10.5030984140,10.5030984140,10.5030984140,1.0000000,1,1,0.49324550000000000,0.493245500000,1.01360149184955,1.01360149184955,1.01360149184955,0E-17,ELIGIBLE,R03b_20260811_FULL_v1,L1_ELIGIBILITY,v2026-08-11,2026-03-21..2026-08-06,baccarat_bet02_101_all_pairs_incl_sentinel,round_win = game_pnl > 0 (decisive only),COMPATIBILITY_ONLY_NOT_PRODUCTION,12731.7143,11592.2902,-61.5438,1106,1105,0.00483390,,0.00483390,0.00483390,61.5438,12731.7143,OK,0.0000,-2.4618,4.0000,96.0000,AG03-UNRESOLVED,ALL5_LEVELS_bet23_to_bet27,-2.4618,-2.4618,-2.4618,-2.4618,-2.4618,4.000000,4.000000,4.000000,4.000000,4.000000,96.000000,96.000000,96.000000,96.000000,96.000000,5.0,-12.3088,-11.3627,-49.2350,-50.1811,PENDING_AG03,FALSE,NOT_FOR_ENFORCEMENT,-59.0821,11128.5986,-61.5438,-59.0821,-2.4618,-0.00483390,-0.00464054,-2.4618,-59.0821,-0.00464054,-2.4618,-2.4618,-2.4618,-2.4618,-2.4618,-59.0821,-0.00464054,-12.3088,-11.3627,-49.2350,-50.1811,-0.00386712,-0.00394143,-0.00019336,11.5115,10.4908,-0.0557,-1.6196,-0.1061,335.0451,29.0789,,11.5115,8.4025,10.5412,11.0045,21.0824,22.009,42.1647,10.5412,0.0,2.087904,4.0,1.09205,30,155,25,3,0E-8,-0.00483390,,0E-8,0.000000,0.910505,0.000000,,2026-03-23,2026-06-20,38,580,415,90,0.422222,,,0.000000,,,,,,,,GLOBAL_BASELINE_NO_ENTITY_RANKING,,,NOT_APPLICABLE_GLOBAL_BASELINE,HF9g-P5,,,,X 全窗基线 · 不参与实体赏罚,3928338,393,A168_HF9F_20260827_0900,2026-08-27 09:00:00
2026-05-23,145898681,1307,0,25.2074361936,-25.2074361936,-25.2074361936,0E-7,2,2,0.49324550000000000,0.493245500000,-1.3952362676504506,-1.3952362676504506,-1.3952362676504506,0E-17,ELIGIBLE,R03b_20260811_FULL_v1,L1_ELIGIBILITY,v2026-08-11,2026-03-21..2026-08-06,baccarat_bet02_101_all_pairs_incl_sentinel,round_win = game_pnl > 0 (decisive only),COMPATIBILITY_ONLY_NOT_PRODUCTION,12731.7143,11592.2902,-61.5438,1106,1105,0.00483390,,0.00483390,0.00483390,61.5438,12731.7143,OK,0.0000,-2.4618,4.0000,96.0000,AG03-UNRESOLVED,ALL5_LEVELS_bet23_to_bet27,-2.4618,-2.4618,-2.4618,-2.4618,-2.4618,4.000000,4.000000,4.000000,4.000000,4.000000,96.000000,96.000000,96.000000,96.000000,96.000000,5.0,-12.3088,-11.3627,-49.2350,-50.1811,PENDING_AG03,FALSE,NOT_FOR_ENFORCEMENT,-59.0821,11128.5986,-61.5438,-59.0821,-2.4618,-0.00483390,-0.00464054,-2.4618,-59.0821,-0.00464054,-2.4618,-2.4618,-2.4618,-2.4618,-2.4618,-59.0821,-0.00464054,-12.3088,-11.3627,-49.2350,-50.1811,-0.00386712,-0.00394143,-0.00019336,11.5115,10.4908,-0.0557,-1.6196,-0.1061,335.0451,29.0789,,11.5115,8.4025,10.5412,11.0045,21.0824,22.009,42.1647,10.5412,0.0,2.087904,4.0,1.09205,30,155,25,3,0E-8,-0.00483390,,0E-8,0.000000,0.910505,0.000000,,2026-03-23,2026-06-20,38,580,415,90,0.422222,,,0.000000,,,,,,,,GLOBAL_BASELINE_NO_ENTITY_RANKING,,,NOT_APPLICABLE_GLOBAL_BASELINE,HF9g-P5,,,,X 全窗基线 · 不参与实体赏罚,3928339,393,A168_HF9F_20260827_0900,2026-08-27 09:00:00
2026-05-23,145898681,1325,0,50.4148723873,31.5092952421,31.5092952421,0.7500000,5,5,0.49324550000000000,0.493245500000,1.0271117246678039,1.0271117246678039,1.0271117246678039,0E-17,ELIGIBLE,R03b_20260811_FULL_v1,L1_ELIGIBILITY,v2026-08-11,2026-03-21..2026-08-06,baccarat_bet02_101_all_pairs_incl_sentinel,round_win = game_pnl > 0 (decisive only),COMPATIBILITY_ONLY_NOT_PRODUCTION,12731.7143,11592.2902,-61.5438,1106,1105,0.00483390,,0.00483390,0.00483390,61.5438,12731.7143,OK,0.0000,-2.4618,4.0000,96.0000,AG03-UNRESOLVED,ALL5_LEVELS_bet23_to_bet27,-2.4618,-2.4618,-2.4618,-2.4618,-2.4618,4.000000,4.000000,4.000000,4.000000,4.000000,96.000000,96.000000,96.000000,96.000000,96.000000,5.0,-12.3088,-11.3627,-49.2350,-50.1811,PENDING_AG03,FALSE,NOT_FOR_ENFORCEMENT,-59.0821,11128.5986,-61.5438,-59.0821,-2.4618,-0.00483390,-0.00464054,-2.4618,-59.0821,-0.00464054,-2.4618,-2.4618,-2.4618,-2.4618,-2.4618,-59.0821,-0.00464054,-12.3088,-11.3627,-49.2350,-50.1811,-0.00386712,-0.00394143,-0.00019336,11.5115,10.4908,-0.0557,-1.6196,-0.1061,335.0451,29.0789,,11.5115,8.4025,10.5412,11.0045,21.0824,22.009,42.1647,10.5412,0.0,2.087904,4.0,1.09205,30,155,25,3,0E-8,-0.00483390,,0E-8,0.000000,0.910505,0.000000,,2026-03-23,2026-06-20,38,580,415,90,0.422222,,,0.000000,,,,,,,,GLOBAL_BASELINE_NO_ENTITY_RANKING,,,NOT_APPLICABLE_GLOBAL_BASELINE,HF9g-P5,,,,X 全窗基线 · 不参与实体赏罚,3928340,393,A168_HF9F_20260827_0900,2026-08-27 09:00:00
2026-05-23,145898681,1353,0,39.9117739732,1.5754647621,1.5754647621,0.5000000,4,4,0.49659680000000000,0.496596800000,0.013613115331600182,0.013613115331600183,0.013613115331600182,0E-17,ELIGIBLE,R03b_20260811_FULL_v1,L1_ELIGIBILITY,v2026-08-11,2026-03-21..2026-08-06,baccarat_bet02_101_all_pairs_incl_sentinel,round_win = game_pnl > 0 (decisive only),COMPATIBILITY_ONLY_NOT_PRODUCTION,12731.7143,11592.2902,-61.5438,1106,1105,0.00483390,,0.00483390,0.00483390,61.5438,12731.7143,OK,0.0000,-2.4618,4.0000,96.0000,AG03-UNRESOLVED,ALL5_LEVELS_bet23_to_bet27,-2.4618,-2.4618,-2.4618,-2.4618,-2.4618,4.000000,4.000000,4.000000,4.000000,4.000000,96.000000,96.000000,96.000000,96.000000,96.000000,5.0,-12.3088,-11.3627,-49.2350,-50.1811,PENDING_AG03,FALSE,NOT_FOR_ENFORCEMENT,-59.0821,11128.5986,-61.5438,-59.0821,-2.4618,-0.00483390,-0.00464054,-2.4618,-59.0821,-0.00464054,-2.4618,-2.4618,-2.4618,-2.4618,-2.4618,-59.0821,-0.00464054,-12.3088,-11.3627,-49.2350,-50.1811,-0.00386712,-0.00394143,-0.00019336,11.5115,10.4908,-0.0557,-1.6196,-0.1061,335.0451,29.0789,,11.5115,8.4025,10.5412,11.0045,21.0824,22.009,42.1647,10.5412,0.0,2.087904,4.0,1.09205,30,155,25,3,0E-8,-0.00483390,,0E-8,0.000000,0.910505,0.000000,,2026-03-23,2026-06-20,38,580,415,90,0.422222,,,0.000000,,,,,,,,GLOBAL_BASELINE_NO_ENTITY_RANKING,,,NOT_APPLICABLE_GLOBAL_BASELINE,HF9g-P5,,,,X 全窗基线 · 不参与实体赏罚,3928341,393,A168_HF9F_20260827_0900,2026-08-27 09:00:00
2026-05-23,145898681,1400,0,46.2136330217,-4.2012393655,-4.2012393655,0.3333333,3,3,0.49324550000000000,0.493245500000,-0.5540025479526107,-0.5540025479526106,-0.5540025479526107,0E-17,ELIGIBLE,R03b_20260811_FULL_v1,L1_ELIGIBILITY,v2026-08-11,2026-03-21..2026-08-06,baccarat_bet02_101_all_pairs_incl_sentinel,round_win = game_pnl > 0 (decisive only),COMPATIBILITY_ONLY_NOT_PRODUCTION,12731.7143,11592.2902,-61.5438,1106,1105,0.00483390,,0.00483390,0.00483390,61.5438,12731.7143,OK,0.0000,-2.4618,4.0000,96.0000,AG03-UNRESOLVED,ALL5_LEVELS_bet23_to_bet27,-2.4618,-2.4618,-2.4618,-2.4618,-2.4618,4.000000,4.000000,4.000000,4.000000,4.000000,96.000000,96.000000,96.000000,96.000000,96.000000,5.0,-12.3088,-11.3627,-49.2350,-50.1811,PENDING_AG03,FALSE,NOT_FOR_ENFORCEMENT,-59.0821,11128.5986,-61.5438,-59.0821,-2.4618,-0.00483390,-0.00464054,-2.4618,-59.0821,-0.00464054,-2.4618,-2.4618,-2.4618,-2.4618,-2.4618,-59.0821,-0.00464054,-12.3088,-11.3627,-49.2350,-50.1811,-0.00386712,-0.00394143,-0.00019336,11.5115,10.4908,-0.0557,-1.6196,-0.1061,335.0451,29.0789,,11.5115,8.4025,10.5412,11.0045,21.0824,22.009,42.1647,10.5412,0.0,2.087904,4.0,1.09205,30,155,25,3,0E-8,-0.00483390,,0E-8,0.000000,0.910505,0.000000,,2026-03-23,2026-06-20,38,580,415,90,0.422222,,,0.000000,,,,,,,,GLOBAL_BASELINE_NO_ENTITY_RANKING,,,NOT_APPLICABLE_GLOBAL_BASELINE,HF9g-P5,,,,X 全窗基线 · 不参与实体赏罚,3928342,393,A168_HF9F_20260827_0900,2026-08-27 09:00:00
2026-05-23,145898681,2115,0,18.9055771452,-10.5030984140,-10.5030984140,0E-7,2,2,0.49994810000000000,0.499948100000,-0.9998962053866608,-0.9998962053866608,-0.9998962053866608,0E-17,ELIGIBLE,R03b_20260811_FULL_v1,L1_ELIGIBILITY,v2026-08-11,2026-03-21..2026-08-06,baccarat_bet02_101_all_pairs_incl_sentinel,round_win = game_pnl > 0 (decisive only),COMPATIBILITY_ONLY_NOT_PRODUCTION,12731.7143,11592.2902,-61.5438,1106,1105,0.00483390,,0.00483390,0.00483390,61.5438,12731.7143,OK,0.0000,-2.4618,4.0000,96.0000,AG03-UNRESOLVED,ALL5_LEVELS_bet23_to_bet27,-2.4618,-2.4618,-2.4618,-2.4618,-2.4618,4.000000,4.000000,4.000000,4.000000,4.000000,96.000000,96.000000,96.000000,96.000000,96.000000,5.0,-12.3088,-11.3627,-49.2350,-50.1811,PENDING_AG03,FALSE,NOT_FOR_ENFORCEMENT,-59.0821,11128.5986,-61.5438,-59.0821,-2.4618,-0.00483390,-0.00464054,-2.4618,-59.0821,-0.00464054,-2.4618,-2.4618,-2.4618,-2.4618,-2.4618,-59.0821,-0.00464054,-12.3088,-11.3627,-49.2350,-50.1811,-0.00386712,-0.00394143,-0.00019336,11.5115,10.4908,-0.0557,-1.6196,-0.1061,335.0451,29.0789,,11.5115,8.4025,10.5412,11.0045,21.0824,22.009,42.1647,10.5412,0.0,2.087904,4.0,1.09205,30,155,25,3,0E-8,-0.00483390,,0E-8,0.000000,0.910505,0.000000,,2026-03-23,2026-06-20,38,580,415,90,0.422222,,,0.000000,,,,,,,,GLOBAL_BASELINE_NO_ENTITY_RANKING,,,NOT_APPLICABLE_GLOBAL_BASELINE,HF9g-P5,,,,X 全窗基线 · 不参与实体赏罚,3928343,393,A168_HF9F_20260827_0900,2026-08-27 09:00:00
2026-05-23,145898681,2130,0,21.0061968281,-21.0061968281,-21.0061968281,0E-7,1,1,0.49324550000000000,0.493245500000,-0.9865810262130424,-0.9865810262130424,-0.9865810262130424,0E-17,ELIGIBLE,R03b_20260811_FULL_v1,L1_ELIGIBILITY,v2026-08-11,2026-03-21..2026-08-06,baccarat_bet02_101_all_pairs_incl_sentinel,round_win = game_pnl > 0 (decisive only),COMPATIBILITY_ONLY_NOT_PRODUCTION,12731.7143,11592.2902,-61.5438,1106,1105,0.00483390,,0.00483390,0.00483390,61.5438,12731.7143,OK,0.0000,-2.4618,4.0000,96.0000,AG03-UNRESOLVED,ALL5_LEVELS_bet23_to_bet27,-2.4618,-2.4618,-2.4618,-2.4618,-2.4618,4.000000,4.000000,4.000000,4.000000,4.000000,96.000000,96.000000,96.000000,96.000000,96.000000,5.0,-12.3088,-11.3627,-49.2350,-50.1811,PENDING_AG03,FALSE,NOT_FOR_ENFORCEMENT,-59.0821,11128.5986,-61.5438,-59.0821,-2.4618,-0.00483390,-0.00464054,-2.4618,-59.0821,-0.00464054,-2.4618,-2.4618,-2.4618,-2.4618,-2.4618,-59.0821,-0.00464054,-12.3088,-11.3627,-49.2350,-50.1811,-0.00386712,-0.00394143,-0.00019336,11.5115,10.4908,-0.0557,-1.6196,-0.1061,335.0451,29.0789,,11.5115,8.4025,10.5412,11.0045,21.0824,22.009,42.1647,10.5412,0.0,2.087904,4.0,1.09205,30,155,25,3,0E-8,-0.00483390,,0E-8,0.000000,0.910505,0.000000,,2026-03-23,2026-06-20,38,580,415,90,0.422222,,,0.000000,,,,,,,,GLOBAL_BASELINE_NO_ENTITY_RANKING,,,NOT_APPLICABLE_GLOBAL_BASELINE,HF9g-P5,,,,X 全窗基线 · 不参与实体赏罚,3928344,393,A168_HF9F_20260827_0900,2026-08-27 09:00:00
2026-05-23,145898681,2169,0,8.4024787312,8.4024787312,8.4024787312,1.0000000,1,1,0.49324550000000000,0.493245500000,1.01360149184955,1.01360149184955,1.01360149184955,0E-17,ELIGIBLE,R03b_20260811_FULL_v1,L1_ELIGIBILITY,v2026-08-11,2026-03-21..2026-08-06,baccarat_bet02_101_all_pairs_incl_sentinel,round_win = game_pnl > 0 (decisive only),COMPATIBILITY_ONLY_NOT_PRODUCTION,12731.7143,11592.2902,-61.5438,1106,1105,0.00483390,,0.00483390,0.00483390,61.5438,12731.7143,OK,0.0000,-2.4618,4.0000,96.0000,AG03-UNRESOLVED,ALL5_LEVELS_bet23_to_bet27,-2.4618,-2.4618,-2.4618,-2.4618,-2.4618,4.000000,4.000000,4.000000,4.000000,4.000000,96.000000,96.000000,96.000000,96.000000,96.000000,5.0,-12.3088,-11.3627,-49.2350,-50.1811,PENDING_AG03,FALSE,NOT_FOR_ENFORCEMENT,-59.0821,11128.5986,-61.5438,-59.0821,-2.4618,-0.00483390,-0.00464054,-2.4618,-59.0821,-0.00464054,-2.4618,-2.4618,-2.4618,-2.4618,-2.4618,-59.0821,-0.00464054,-12.3088,-11.3627,-49.2350,-50.1811,-0.00386712,-0.00394143,-0.00019336,11.5115,10.4908,-0.0557,-1.6196,-0.1061,335.0451,29.0789,,11.5115,8.4025,10.5412,11.0045,21.0824,22.009,42.1647,10.5412,0.0,2.087904,4.0,1.09205,30,155,25,3,0E-8,-0.00483390,,0E-8,0.000000,0.910505,0.000000,,2026-03-23,2026-06-20,38,580,415,90,0.422222,,,0.000000,,,,,,,,GLOBAL_BASELINE_NO_ENTITY_RANKING,,,NOT_APPLICABLE_GLOBAL_BASELINE,HF9g-P5,,,,X 全窗基线 · 不参与实体赏罚,3928345,393,A168_HF9F_20260827_0900,2026-08-27 09:00:00
2026-05-23,145898681,2188,0,10.5030984140,-10.5030984140,-10.5030984140,0E-7,1,1,0.49324550000000000,0.493245500000,-0.9865810262130424,-0.9865810262130424,-0.9865810262130424,0E-17,ELIGIBLE,R03b_20260811_FULL_v1,L1_ELIGIBILITY,v2026-08-11,2026-03-21..2026-08-06,baccarat_bet02_101_all_pairs_incl_sentinel,round_win = game_pnl > 0 (decisive only),COMPATIBILITY_ONLY_NOT_PRODUCTION,12731.7143,11592.2902,-61.5438,1106,1105,0.00483390,,0.00483390,0.00483390,61.5438,12731.7143,OK,0.0000,-2.4618,4.0000,96.0000,AG03-UNRESOLVED,ALL5_LEVELS_bet23_to_bet27,-2.4618,-2.4618,-2.4618,-2.4618,-2.4618,4.000000,4.000000,4.000000,4.000000,4.000000,96.000000,96.000000,96.000000,96.000000,96.000000,5.0,-12.3088,-11.3627,-49.2350,-50.1811,PENDING_AG03,FALSE,NOT_FOR_ENFORCEMENT,-59.0821,11128.5986,-61.5438,-59.0821,-2.4618,-0.00483390,-0.00464054,-2.4618,-59.0821,-0.00464054,-2.4618,-2.4618,-2.4618,-2.4618,-2.4618,-59.0821,-0.00464054,-12.3088,-11.3627,-49.2350,-50.1811,-0.00386712,-0.00394143,-0.00019336,11.5115,10.4908,-0.0557,-1.6196,-0.1061,335.0451,29.0789,,11.5115,8.4025,10.5412,11.0045,21.0824,22.009,42.1647,10.5412,0.0,2.087904,4.0,1.09205,30,155,25,3,0E-8,-0.00483390,,0E-8,0.000000,0.910505,0.000000,,2026-03-23,2026-06-20,38,580,415,90,0.422222,,,0.000000,,,,,,,,GLOBAL_BASELINE_NO_ENTITY_RANKING,,,NOT_APPLICABLE_GLOBAL_BASELINE,HF9g-P5,,,,X 全窗基线 · 不参与实体赏罚,3928346,393,A168_HF9F_20260827_0900,2026-08-27 09:00:00
2026-05-23,145898681,2262,0,31.5092952420,31.5092952420,31.5092952420,1.0000000,3,3,0.49324550000000000,0.493245500000,1.755609282511032,1.7556092825110319,1.755609282511032,0E-17,ELIGIBLE,R03b_20260811_FULL_v1,L1_ELIGIBILITY,v2026-08-11,2026-03-21..2026-08-06,baccarat_bet02_101_all_pairs_incl_sentinel,round_win = game_pnl > 0 (decisive only),COMPATIBILITY_ONLY_NOT_PRODUCTION,12731.7143,11592.2902,-61.5438,1106,1105,0.00483390,,0.00483390,0.00483390,61.5438,12731.7143,OK,0.0000,-2.4618,4.0000,96.0000,AG03-UNRESOLVED,ALL5_LEVELS_bet23_to_bet27,-2.4618,-2.4618,-2.4618,-2.4618,-2.4618,4.000000,4.000000,4.000000,4.000000,4.000000,96.000000,96.000000,96.000000,96.000000,96.000000,5.0,-12.3088,-11.3627,-49.2350,-50.1811,PENDING_AG03,FALSE,NOT_FOR_ENFORCEMENT,-59.0821,11128.5986,-61.5438,-59.0821,-2.4618,-0.00483390,-0.00464054,-2.4618,-59.0821,-0.00464054,-2.4618,-2.4618,-2.4618,-2.4618,-2.4618,-59.0821,-0.00464054,-12.3088,-11.3627,-49.2350,-50.1811,-0.00386712,-0.00394143,-0.00019336,11.5115,10.4908,-0.0557,-1.6196,-0.1061,335.0451,29.0789,,11.5115,8.4025,10.5412,11.0045,21.0824,22.009,42.1647,10.5412,0.0,2.087904,4.0,1.09205,30,155,25,3,0E-8,-0.00483390,,0E-8,0.000000,0.910505,0.000000,,2026-03-23,2026-06-20,38,580,415,90,0.422222,,,0.000000,,,,,,,,GLOBAL_BASELINE_NO_ENTITY_RANKING,,,NOT_APPLICABLE_GLOBAL_BASELINE,HF9g-P5,,,,X 全窗基线 · 不参与实体赏罚,3928347,393,A168_HF9F_20260827_0900,2026-08-27 09:00:00
2026-05-23,145898681,752,0,8.4024787312,-8.4024787312,-8.4024787312,0E-7,1,1,0.50665070000000000,0.506650700000,-1.013391052207602,-1.013391052207602,-1.013391052207602,0E-17,ELIGIBLE,R03b_20260811_FULL_v1,L1_ELIGIBILITY,v2026-08-11,2026-03-21..2026-08-06,baccarat_bet02_101_all_pairs_incl_sentinel,round_win = game_pnl > 0 (decisive only),COMPATIBILITY_ONLY_NOT_PRODUCTION,12731.7143,11592.2902,-61.5438,1106,1105,0.00483390,,0.00483390,0.00483390,61.5438,12731.7143,OK,0.0000,-2.4618,4.0000,96.0000,AG03-UNRESOLVED,ALL5_LEVELS_bet23_to_bet27,-2.4618,-2.4618,-2.4618,-2.4618,-2.4618,4.000000,4.000000,4.000000,4.000000,4.000000,96.000000,96.000000,96.000000,96.000000,96.000000,5.0,-12.3088,-11.3627,-49.2350,-50.1811,PENDING_AG03,FALSE,NOT_FOR_ENFORCEMENT,-59.0821,11128.5986,-61.5438,-59.0821,-2.4618,-0.00483390,-0.00464054,-2.4618,-59.0821,-0.00464054,-2.4618,-2.4618,-2.4618,-2.4618,-2.4618,-59.0821,-0.00464054,-12.3088,-11.3627,-49.2350,-50.1811,-0.00386712,-0.00394143,-0.00019336,11.5115,10.4908,-0.0557,-1.6196,-0.1061,335.0451,29.0789,,11.5115,8.4025,10.5412,11.0045,21.0824,22.009,42.1647,10.5412,0.0,2.087904,4.0,1.09205,30,155,25,3,0E-8,-0.00483390,,0E-8,0.000000,0.910505,0.000000,,2026-03-23,2026-06-20,38,580,415,90,0.422222,,,0.000000,,,,,,,,GLOBAL_BASELINE_NO_ENTITY_RANKING,,,NOT_APPLICABLE_GLOBAL_BASELINE,HF9g-P5,,,,X 全窗基线 · 不参与实体赏罚,3928348,393,A168_HF9F_20260827_0900,2026-08-27 09:00:00
2026-05-23,145898681,919,0,8.4024787312,8.4024787312,8.4024787312,1.0000000,1,1,0.49324550000000000,0.493245500000,1.01360149184955,1.01360149184955,1.01360149184955,0E-17,ELIGIBLE,R03b_20260811_FULL_v1,L1_ELIGIBILITY,v2026-08-11,2026-03-21..2026-08-06,baccarat_bet02_101_all_pairs_incl_sentinel,round_win = game_pnl > 0 (decisive only),COMPATIBILITY_ONLY_NOT_PRODUCTION,12731.7143,11592.2902,-61.5438,1106,1105,0.00483390,,0.00483390,0.00483390,61.5438,12731.7143,OK,0.0000,-2.4618,4.0000,96.0000,AG03-UNRESOLVED,ALL5_LEVELS_bet23_to_bet27,-2.4618,-2.4618,-2.4618,-2.4618,-2.4618,4.000000,4.000000,4.000000,4.000000,4.000000,96.000000,96.000000,96.000000,96.000000,96.000000,5.0,-12.3088,-11.3627,-49.2350,-50.1811,PENDING_AG03,FALSE,NOT_FOR_ENFORCEMENT,-59.0821,11128.5986,-61.5438,-59.0821,-2.4618,-0.00483390,-0.00464054,-2.4618,-59.0821,-0.00464054,-2.4618,-2.4618,-2.4618,-2.4618,-2.4618,-59.0821,-0.00464054,-12.3088,-11.3627,-49.2350,-50.1811,-0.00386712,-0.00394143,-0.00019336,11.5115,10.4908,-0.0557,-1.6196,-0.1061,335.0451,29.0789,,11.5115,8.4025,10.5412,11.0045,21.0824,22.009,42.1647,10.5412,0.0,2.087904,4.0,1.09205,30,155,25,3,0E-8,-0.00483390,,0E-8,0.000000,0.910505,0.000000,,2026-03-23,2026-06-20,38,580,415,90,0.422222,,,0.000000,,,,,,,,GLOBAL_BASELINE_NO_ENTITY_RANKING,,,NOT_APPLICABLE_GLOBAL_BASELINE,HF9g-P5,,,,X 全窗基线 · 不参与实体赏罚,3928349,393,A168_HF9F_20260827_0900,2026-08-27 09:00:00
2026-05-24,145898681,2220,0,31.5092952420,-10.5030984140,-10.5030984140,0.3333333,3,3,0.49324550000000000,0.493245500000,-0.5540025479526107,-0.5540025479526106,-0.5540025479526107,0E-17,ELIGIBLE,R03b_20260811_FULL_v1,L1_ELIGIBILITY,v2026-08-11,2026-03-21..2026-08-06,baccarat_bet02_101_all_pairs_incl_sentinel,round_win = game_pnl > 0 (decisive only),COMPATIBILITY_ONLY_NOT_PRODUCTION,12731.7143,11592.2902,-61.5438,1106,1105,0.00483390,,0.00483390,0.00483390,61.5438,12731.7143,OK,0.0000,-2.4618,4.0000,96.0000,AG03-UNRESOLVED,ALL5_LEVELS_bet23_to_bet27,-2.4618,-2.4618,-2.4618,-2.4618,-2.4618,4.000000,4.000000,4.000000,4.000000,4.000000,96.000000,96.000000,96.000000,96.000000,96.000000,5.0,-12.3088,-11.3627,-49.2350,-50.1811,PENDING_AG03,FALSE,NOT_FOR_ENFORCEMENT,-59.0821,11128.5986,-61.5438,-59.0821,-2.4618,-0.00483390,-0.00464054,-2.4618,-59.0821,-0.00464054,-2.4618,-2.4618,-2.4618,-2.4618,-2.4618,-59.0821,-0.00464054,-12.3088,-11.3627,-49.2350,-50.1811,-0.00386712,-0.00394143,-0.00019336,11.5115,10.4908,-0.0557,-1.6196,-0.1061,335.0451,29.0789,,11.5115,8.4025,10.5412,11.0045,21.0824,22.009,42.1647,10.5412,0.0,2.087904,4.0,1.09205,30,155,25,3,0E-8,-0.00483390,,0E-8,0.000000,0.910505,0.000000,,2026-03-23,2026-06-20,38,580,415,90,0.422222,,,0.000000,,,,,,,,GLOBAL_BASELINE_NO_ENTITY_RANKING,,,NOT_APPLICABLE_GLOBAL_BASELINE,HF9g-P5,,,,X 全窗基线 · 不参与实体赏罚,3928350,393,A168_HF9F_20260827_0900,2026-08-27 09:00:00
2026-05-24,145898681,2246,0,10.5030984140,-10.5030984140,-10.5030984140,0E-7,1,1,0.49324550000000000,0.493245500000,-0.9865810262130424,-0.9865810262130424,-0.9865810262130424,0E-17,ELIGIBLE,R03b_20260811_FULL_v1,L1_ELIGIBILITY,v2026-08-11,2026-03-21..2026-08-06,baccarat_bet02_101_all_pairs_incl_sentinel,round_win = game_pnl > 0 (decisive only),COMPATIBILITY_ONLY_NOT_PRODUCTION,12731.7143,11592.2902,-61.5438,1106,1105,0.00483390,,0.00483390,0.00483390,61.5438,12731.7143,OK,0.0000,-2.4618,4.0000,96.0000,AG03-UNRESOLVED,ALL5_LEVELS_bet23_to_bet27,-2.4618,-2.4618,-2.4618,-2.4618,-2.4618,4.000000,4.000000,4.000000,4.000000,4.000000,96.000000,96.000000,96.000000,96.000000,96.000000,5.0,-12.3088,-11.3627,-49.2350,-50.1811,PENDING_AG03,FALSE,NOT_FOR_ENFORCEMENT,-59.0821,11128.5986,-61.5438,-59.0821,-2.4618,-0.00483390,-0.00464054,-2.4618,-59.0821,-0.00464054,-2.4618,-2.4618,-2.4618,-2.4618,-2.4618,-59.0821,-0.00464054,-12.3088,-11.3627,-49.2350,-50.1811,-0.00386712,-0.00394143,-0.00019336,11.5115,10.4908,-0.0557,-1.6196,-0.1061,335.0451,29.0789,,11.5115,8.4025,10.5412,11.0045,21.0824,22.009,42.1647,10.5412,0.0,2.087904,4.0,1.09205,30,155,25,3,0E-8,-0.00483390,,0E-8,0.000000,0.910505,0.000000,,2026-03-23,2026-06-20,38,580,415,90,0.422222,,,0.000000,,,,,,,,GLOBAL_BASELINE_NO_ENTITY_RANKING,,,NOT_APPLICABLE_GLOBAL_BASELINE,HF9g-P5,,,,X 全窗基线 · 不参与实体赏罚,3928351,393,A168_HF9F_20260827_0900,2026-08-27 09:00:00
2026-06-11,145898681,2108,0,10.3857258584,-10.3857258584,-10.3857258584,0E-7,1,1,0.49324550000000000,0.493245500000,-0.9865810262130424,-0.9865810262130424,-0.9865810262130424,0E-17,ELIGIBLE,R03b_20260811_FULL_v1,L1_ELIGIBILITY,v2026-08-11,2026-03-21..2026-08-06,baccarat_bet02_101_all_pairs_incl_sentinel,round_win = game_pnl > 0 (decisive only),COMPATIBILITY_ONLY_NOT_PRODUCTION,12731.7143,11592.2902,-61.5438,1106,1105,0.00483390,,0.00483390,0.00483390,61.5438,12731.7143,OK,0.0000,-2.4618,4.0000,96.0000,AG03-UNRESOLVED,ALL5_LEVELS_bet23_to_bet27,-2.4618,-2.4618,-2.4618,-2.4618,-2.4618,4.000000,4.000000,4.000000,4.000000,4.000000,96.000000,96.000000,96.000000,96.000000,96.000000,5.0,-12.3088,-11.3627,-49.2350,-50.1811,PENDING_AG03,FALSE,NOT_FOR_ENFORCEMENT,-59.0821,11128.5986,-61.5438,-59.0821,-2.4618,-0.00483390,-0.00464054,-2.4618,-59.0821,-0.00464054,-2.4618,-2.4618,-2.4618,-2.4618,-2.4618,-59.0821,-0.00464054,-12.3088,-11.3627,-49.2350,-50.1811,-0.00386712,-0.00394143,-0.00019336,11.5115,10.4908,-0.0557,-1.6196,-0.1061,335.0451,29.0789,,11.5115,8.4025,10.5412,11.0045,21.0824,22.009,42.1647,10.5412,0.0,2.087904,4.0,1.09205,30,155,25,3,0E-8,-0.00483390,,0E-8,0.000000,0.910505,0.000000,,2026-03-23,2026-06-20,38,580,415,90,0.422222,,,0.000000,,,,,,,,GLOBAL_BASELINE_NO_ENTITY_RANKING,,,NOT_APPLICABLE_GLOBAL_BASELINE,HF9g-P5,,,,X 全窗基线 · 不参与实体赏罚,3928352,393,A168_HF9F_20260827_0900,2026-08-27 09:00:00
2026-06-11,145898681,2280,0,4.1542903434,0E-10,0E-10,,1,1,0.49324550000000000,0.493245500000,,,,0E-17,NO_DECISIVE_ROUND,R03b_20260811_FULL_v1,L1_ELIGIBILITY,v2026-08-11,2026-03-21..2026-08-06,baccarat_bet02_101_all_pairs_incl_sentinel,round_win = game_pnl > 0 (decisive only),COMPATIBILITY_ONLY_NOT_PRODUCTION,12731.7143,11592.2902,-61.5438,1106,1105,0.00483390,,0.00483390,0.00483390,61.5438,12731.7143,OK,0.0000,-2.4618,4.0000,96.0000,AG03-UNRESOLVED,ALL5_LEVELS_bet23_to_bet27,-2.4618,-2.4618,-2.4618,-2.4618,-2.4618,4.000000,4.000000,4.000000,4.000000,4.000000,96.000000,96.000000,96.000000,96.000000,96.000000,5.0,-12.3088,-11.3627,-49.2350,-50.1811,PENDING_AG03,FALSE,NOT_FOR_ENFORCEMENT,-59.0821,11128.5986,-61.5438,-59.0821,-2.4618,-0.00483390,-0.00464054,-2.4618,-59.0821,-0.00464054,-2.4618,-2.4618,-2.4618,-2.4618,-2.4618,-59.0821,-0.00464054,-12.3088,-11.3627,-49.2350,-50.1811,-0.00386712,-0.00394143,-0.00019336,11.5115,10.4908,-0.0557,-1.6196,-0.1061,335.0451,29.0789,,11.5115,8.4025,10.5412,11.0045,21.0824,22.009,42.1647,10.5412,0.0,2.087904,4.0,1.09205,30,155,25,3,0E-8,-0.00483390,,0E-8,0.000000,0.910505,0.000000,,2026-03-23,2026-06-20,38,580,415,90,0.422222,,,0.000000,,,,,,,,GLOBAL_BASELINE_NO_ENTITY_RANKING,,,NOT_APPLICABLE_GLOBAL_BASELINE,HF9g-P5,,,,X 全窗基线 · 不参与实体赏罚,3928353,393,A168_HF9F_20260827_0900,2026-08-27 09:00:00
2026-06-11,145898681,526,0,6.2314355150,-6.2314355150,-6.2314355150,0E-7,1,1,0.49324550000000000,0.493245500000,-0.9865810262130424,-0.9865810262130424,-0.9865810262130424,0E-17,ELIGIBLE,R03b_20260811_FULL_v1,L1_ELIGIBILITY,v2026-08-11,2026-03-21..2026-08-06,baccarat_bet02_101_all_pairs_incl_sentinel,round_win = game_pnl > 0 (decisive only),COMPATIBILITY_ONLY_NOT_PRODUCTION,12731.7143,11592.2902,-61.5438,1106,1105,0.00483390,,0.00483390,0.00483390,61.5438,12731.7143,OK,0.0000,-2.4618,4.0000,96.0000,AG03-UNRESOLVED,ALL5_LEVELS_bet23_to_bet27,-2.4618,-2.4618,-2.4618,-2.4618,-2.4618,4.000000,4.000000,4.000000,4.000000,4.000000,96.000000,96.000000,96.000000,96.000000,96.000000,5.0,-12.3088,-11.3627,-49.2350,-50.1811,PENDING_AG03,FALSE,NOT_FOR_ENFORCEMENT,-59.0821,11128.5986,-61.5438,-59.0821,-2.4618,-0.00483390,-0.00464054,-2.4618,-59.0821,-0.00464054,-2.4618,-2.4618,-2.4618,-2.4618,-2.4618,-59.0821,-0.00464054,-12.3088,-11.3627,-49.2350,-50.1811,-0.00386712,-0.00394143,-0.00019336,11.5115,10.4908,-0.0557,-1.6196,-0.1061,335.0451,29.0789,,11.5115,8.4025,10.5412,11.0045,21.0824,22.009,42.1647,10.5412,0.0,2.087904,4.0,1.09205,30,155,25,3,0E-8,-0.00483390,,0E-8,0.000000,0.910505,0.000000,,2026-03-23,2026-06-20,38,580,415,90,0.422222,,,0.000000,,,,,,,,GLOBAL_BASELINE_NO_ENTITY_RANKING,,,NOT_APPLICABLE_GLOBAL_BASELINE,HF9g-P5,,,,X 全窗基线 · 不参与实体赏罚,3928354,393,A168_HF9F_20260827_0900,2026-08-27 09:00:00
2026-06-11,145898681,550,0,8.3085806867,-8.3085806867,-8.3085806867,0E-7,1,1,0.49324550000000000,0.493245500000,-0.9865810262130424,-0.9865810262130424,-0.9865810262130424,0E-17,ELIGIBLE,R03b_20260811_FULL_v1,L1_ELIGIBILITY,v2026-08-11,2026-03-21..2026-08-06,baccarat_bet02_101_all_pairs_incl_sentinel,round_win = game_pnl > 0 (decisive only),COMPATIBILITY_ONLY_NOT_PRODUCTION,12731.7143,11592.2902,-61.5438,1106,1105,0.00483390,,0.00483390,0.00483390,61.5438,12731.7143,OK,0.0000,-2.4618,4.0000,96.0000,AG03-UNRESOLVED,ALL5_LEVELS_bet23_to_bet27,-2.4618,-2.4618,-2.4618,-2.4618,-2.4618,4.000000,4.000000,4.000000,4.000000,4.000000,96.000000,96.000000,96.000000,96.000000,96.000000,5.0,-12.3088,-11.3627,-49.2350,-50.1811,PENDING_AG03,FALSE,NOT_FOR_ENFORCEMENT,-59.0821,11128.5986,-61.5438,-59.0821,-2.4618,-0.00483390,-0.00464054,-2.4618,-59.0821,-0.00464054,-2.4618,-2.4618,-2.4618,-2.4618,-2.4618,-59.0821,-0.00464054,-12.3088,-11.3627,-49.2350,-50.1811,-0.00386712,-0.00394143,-0.00019336,11.5115,10.4908,-0.0557,-1.6196,-0.1061,335.0451,29.0789,,11.5115,8.4025,10.5412,11.0045,21.0824,22.009,42.1647,10.5412,0.0,2.087904,4.0,1.09205,30,155,25,3,0E-8,-0.00483390,,0E-8,0.000000,0.910505,0.000000,,2026-03-23,2026-06-20,38,580,415,90,0.422222,,,0.000000,,,,,,,,GLOBAL_BASELINE_NO_ENTITY_RANKING,,,NOT_APPLICABLE_GLOBAL_BASELINE,HF9g-P5,,,,X 全窗基线 · 不参与实体赏罚,3928355,393,A168_HF9F_20260827_0900,2026-08-27 09:00:00
2026-06-20,145898681,1383,0,10.8011548927,-10.8011548927,-10.8011548927,0E-7,2,2,0.49324550000000000,0.493245500000,-1.3952362676504506,-1.3952362676504506,-1.3952362676504506,0E-17,ELIGIBLE,R03b_20260811_FULL_v1,L1_ELIGIBILITY,v2026-08-11,2026-03-21..2026-08-06,baccarat_bet02_101_all_pairs_incl_sentinel,round_win = game_pnl > 0 (decisive only),COMPATIBILITY_ONLY_NOT_PRODUCTION,12731.7143,11592.2902,-61.5438,1106,1105,0.00483390,,0.00483390,0.00483390,61.5438,12731.7143,OK,0.0000,-2.4618,4.0000,96.0000,AG03-UNRESOLVED,ALL5_LEVELS_bet23_to_bet27,-2.4618,-2.4618,-2.4618,-2.4618,-2.4618,4.000000,4.000000,4.000000,4.000000,4.000000,96.000000,96.000000,96.000000,96.000000,96.000000,5.0,-12.3088,-11.3627,-49.2350,-50.1811,PENDING_AG03,FALSE,NOT_FOR_ENFORCEMENT,-59.0821,11128.5986,-61.5438,-59.0821,-2.4618,-0.00483390,-0.00464054,-2.4618,-59.0821,-0.00464054,-2.4618,-2.4618,-2.4618,-2.4618,-2.4618,-59.0821,-0.00464054,-12.3088,-11.3627,-49.2350,-50.1811,-0.00386712,-0.00394143,-0.00019336,11.5115,10.4908,-0.0557,-1.6196,-0.1061,335.0451,29.0789,,11.5115,8.4025,10.5412,11.0045,21.0824,22.009,42.1647,10.5412,0.0,2.087904,4.0,1.09205,30,155,25,3,0E-8,-0.00483390,,0E-8,0.000000,0.910505,0.000000,,2026-03-23,2026-06-20,38,580,415,90,0.422222,,,0.000000,,,,,,,,GLOBAL_BASELINE_NO_ENTITY_RANKING,,,NOT_APPLICABLE_GLOBAL_BASELINE,HF9g-P5,,,,X 全窗基线 · 不参与实体赏罚,3928356,393,A168_HF9F_20260827_0900,2026-08-27 09:00:00
2026-06-20,145898681,948,0,8.3085806867,-8.3085806867,-8.3085806867,0E-7,1,1,0.49324550000000000,0.493245500000,-0.9865810262130424,-0.9865810262130424,-0.9865810262130424,0E-17,ELIGIBLE,R03b_20260811_FULL_v1,L1_ELIGIBILITY,v2026-08-11,2026-03-21..2026-08-06,baccarat_bet02_101_all_pairs_incl_sentinel,round_win = game_pnl > 0 (decisive only),COMPATIBILITY_ONLY_NOT_PRODUCTION,12731.7143,11592.2902,-61.5438,1106,1105,0.00483390,,0.00483390,0.00483390,61.5438,12731.7143,OK,0.0000,-2.4618,4.0000,96.0000,AG03-UNRESOLVED,ALL5_LEVELS_bet23_to_bet27,-2.4618,-2.4618,-2.4618,-2.4618,-2.4618,4.000000,4.000000,4.000000,4.000000,4.000000,96.000000,96.000000,96.000000,96.000000,96.000000,5.0,-12.3088,-11.3627,-49.2350,-50.1811,PENDING_AG03,FALSE,NOT_FOR_ENFORCEMENT,-59.0821,11128.5986,-61.5438,-59.0821,-2.4618,-0.00483390,-0.00464054,-2.4618,-59.0821,-0.00464054,-2.4618,-2.4618,-2.4618,-2.4618,-2.4618,-59.0821,-0.00464054,-12.3088,-11.3627,-49.2350,-50.1811,-0.00386712,-0.00394143,-0.00019336,11.5115,10.4908,-0.0557,-1.6196,-0.1061,335.0451,29.0789,,11.5115,8.4025,10.5412,11.0045,21.0824,22.009,42.1647,10.5412,0.0,2.087904,4.0,1.09205,30,155,25,3,0E-8,-0.00483390,,0E-8,0.000000,0.910505,0.000000,,2026-03-23,2026-06-20,38,580,415,90,0.422222,,,0.000000,,,,,,,,GLOBAL_BASELINE_NO_ENTITY_RANKING,,,NOT_APPLICABLE_GLOBAL_BASELINE,HF9g-P5,,,,X 全窗基线 · 不参与实体赏罚,3928357,393,A168_HF9F_20260827_0900,2026-08-27 09:00:00
2026-04-17,135488053,1646,0,16.8658950520,-8.6437712142,-8.6437712142,0.2500000,4,4,0.49994810000000000,0.499948100000,-0.9997924053861017,-0.9997924053861017,-0.9997924053861017,0E-17,ELIGIBLE,R03b_20260811_FULL_v1,L1_ELIGIBILITY,v2026-08-11,2026-03-21..2026-08-06,baccarat_bet02_101_all_pairs_incl_sentinel,round_win = game_pnl > 0 (decisive only),COMPATIBILITY_ONLY_NOT_PRODUCTION,306.7367,286.0141,-61.5422,39,39,0.20063523,-0.22222222,0.38173225,0.20063523,61.5422,306.7367,OK,0.0000,-2.4617,4.0000,96.0000,AG03-UNRESOLVED,ALL5_LEVELS_bet23_to_bet27,-2.4617,-2.4617,-2.4617,-3.6925,-3.6925,4.000000,4.000000,4.000000,6.000000,6.000000,96.000000,96.000000,96.000000,94.000000,94.000000,5.0,-14.7701,-13.4314,-46.7721,-48.1108,PENDING_AG03,FALSE,NOT_FOR_ENFORCEMENT,-59.0805,274.5735,-61.5422,-59.0805,-2.4617,-0.20063523,-0.19260982,-2.4617,-59.0805,-0.19260982,-2.4617,-2.4617,-2.4617,-3.6925,-3.6925,-59.0805,-0.19260982,-14.7701,-13.4314,-46.7721,-48.1108,-0.15248277,-0.15684714,-0.00802541,7.8650,7.3337,-1.5780,-12.3084,-6.8380,61.3473,7.8000,10.2195,7.1587,4.2012,10.2195,10.5031,10.5031,10.5031,10.5031,10.2195,3.9912,1.027749,1.027749,0.76961,8,9,5,2,0.29985211,-0.20063523,0.22222222,0E-8,0.000000,0.932442,0.000000,-0.60395447,2026-04-17,2026-07-23,5,9,9,98,0.051020,1.427566,1.299359,0.999507,,,,,,,,GLOBAL_BASELINE_NO_ENTITY_RANKING,,,NOT_APPLICABLE_GLOBAL_BASELINE,HF9g-P5,,,,X 全窗基线 · 不参与实体赏罚,3928358,393,A168_HF9F_20260827_0900,2026-08-27 09:00:00
2026-04-25,135488053,526,0,4.6381211393,-4.6381211393,-4.6381211393,0E-7,1,1,0.49324550000000000,0.493245500000,-0.9865810262130424,-0.9865810262130424,-0.9865810262130424,0E-17,ELIGIBLE,R03b_20260811_FULL_v1,L1_ELIGIBILITY,v2026-08-11,2026-03-21..2026-08-06,baccarat_bet02_101_all_pairs_incl_sentinel,round_win = game_pnl > 0 (decisive only),COMPATIBILITY_ONLY_NOT_PRODUCTION,306.7367,286.0141,-61.5422,39,39,0.20063523,-0.22222222,0.38173225,0.20063523,61.5422,306.7367,OK,0.0000,-2.4617,4.0000,96.0000,AG03-UNRESOLVED,ALL5_LEVELS_bet23_to_bet27,-2.4617,-2.4617,-2.4617,-3.6925,-3.6925,4.000000,4.000000,4.000000,6.000000,6.000000,96.000000,96.000000,96.000000,94.000000,94.000000,5.0,-14.7701,-13.4314,-46.7721,-48.1108,PENDING_AG03,FALSE,NOT_FOR_ENFORCEMENT,-59.0805,274.5735,-61.5422,-59.0805,-2.4617,-0.20063523,-0.19260982,-2.4617,-59.0805,-0.19260982,-2.4617,-2.4617,-2.4617,-3.6925,-3.6925,-59.0805,-0.19260982,-14.7701,-13.4314,-46.7721,-48.1108,-0.15248277,-0.15684714,-0.00802541,7.8650,7.3337,-1.5780,-12.3084,-6.8380,61.3473,7.8000,10.2195,7.1587,4.2012,10.2195,10.5031,10.5031,10.5031,10.5031,10.2195,3.9912,1.027749,1.027749,0.76961,8,9,5,2,0.29985211,-0.20063523,0.22222222,0E-8,0.000000,0.932442,0.000000,-0.60395447,2026-04-17,2026-07-23,5,9,9,98,0.051020,1.427566,1.299359,0.999507,,,,,,,,GLOBAL_BASELINE_NO_ENTITY_RANKING,,,NOT_APPLICABLE_GLOBAL_BASELINE,HF9g-P5,,,,X 全窗基线 · 不参与实体赏罚,3928359,393,A168_HF9F_20260827_0900,2026-08-27 09:00:00
2026-05-16,135488053,1151,0,46.2136330216,3.3609914924,3.3609914924,0.5454545,11,11,0.50177608181818182,0.501776081818,0.2897319785074798,0.2897319785086855,0.2897319785074798,1.8182E-13,ELIGIBLE,R03b_20260811_FULL_v1,L1_ELIGIBILITY,v2026-08-11,2026-03-21..2026-08-06,baccarat_bet02_101_all_pairs_incl_sentinel,round_win = game_pnl > 0 (decisive only),COMPATIBILITY_ONLY_NOT_PRODUCTION,306.7367,286.0141,-61.5422,39,39,0.20063523,-0.22222222,0.38173225,0.20063523,61.5422,306.7367,OK,0.0000,-2.4617,4.0000,96.0000,AG03-UNRESOLVED,ALL5_LEVELS_bet23_to_bet27,-2.4617,-2.4617,-2.4617,-3.6925,-3.6925,4.000000,4.000000,4.000000,6.000000,6.000000,96.000000,96.000000,96.000000,94.000000,94.000000,5.0,-14.7701,-13.4314,-46.7721,-48.1108,PENDING_AG03,FALSE,NOT_FOR_ENFORCEMENT,-59.0805,274.5735,-61.5422,-59.0805,-2.4617,-0.20063523,-0.19260982,-2.4617,-59.0805,-0.19260982,-2.4617,-2.4617,-2.4617,-3.6925,-3.6925,-59.0805,-0.19260982,-14.7701,-13.4314,-46.7721,-48.1108,-0.15248277,-0.15684714,-0.00802541,7.8650,7.3337,-1.5780,-12.3084,-6.8380,61.3473,7.8000,10.2195,7.1587,4.2012,10.2195,10.5031,10.5031,10.5031,10.5031,10.2195,3.9912,1.027749,1.027749,0.76961,8,9,5,2,0.29985211,-0.20063523,0.22222222,0E-8,0.000000,0.932442,0.000000,-0.60395447,2026-04-17,2026-07-23,5,9,9,98,0.051020,1.427566,1.299359,0.999507,,,,,,,,GLOBAL_BASELINE_NO_ENTITY_RANKING,,,NOT_APPLICABLE_GLOBAL_BASELINE,HF9g-P5,,,,X 全窗基线 · 不参与实体赏罚,3928360,393,A168_HF9F_20260827_0900,2026-08-27 09:00:00
2026-05-16,135488053,1205,0,21.0061968280,20.4810419073,20.4810419073,1.0000000,2,2,0.49994810000000000,0.499948100000,1.4143603653603398,1.4143603653603398,1.4143603653603398,0E-17,ELIGIBLE,R03b_20260811_FULL_v1,L1_ELIGIBILITY,v2026-08-11,2026-03-21..2026-08-06,baccarat_bet02_101_all_pairs_incl_sentinel,round_win = game_pnl > 0 (decisive only),COMPATIBILITY_ONLY_NOT_PRODUCTION,306.7367,286.0141,-61.5422,39,39,0.20063523,-0.22222222,0.38173225,0.20063523,61.5422,306.7367,OK,0.0000,-2.4617,4.0000,96.0000,AG03-UNRESOLVED,ALL5_LEVELS_bet23_to_bet27,-2.4617,-2.4617,-2.4617,-3.6925,-3.6925,4.000000,4.000000,4.000000,6.000000,6.000000,96.000000,96.000000,96.000000,94.000000,94.000000,5.0,-14.7701,-13.4314,-46.7721,-48.1108,PENDING_AG03,FALSE,NOT_FOR_ENFORCEMENT,-59.0805,274.5735,-61.5422,-59.0805,-2.4617,-0.20063523,-0.19260982,-2.4617,-59.0805,-0.19260982,-2.4617,-2.4617,-2.4617,-3.6925,-3.6925,-59.0805,-0.19260982,-14.7701,-13.4314,-46.7721,-48.1108,-0.15248277,-0.15684714,-0.00802541,7.8650,7.3337,-1.5780,-12.3084,-6.8380,61.3473,7.8000,10.2195,7.1587,4.2012,10.2195,10.5031,10.5031,10.5031,10.5031,10.2195,3.9912,1.027749,1.027749,0.76961,8,9,5,2,0.29985211,-0.20063523,0.22222222,0E-8,0.000000,0.932442,0.000000,-0.60395447,2026-04-17,2026-07-23,5,9,9,98,0.051020,1.427566,1.299359,0.999507,,,,,,,,GLOBAL_BASELINE_NO_ENTITY_RANKING,,,NOT_APPLICABLE_GLOBAL_BASELINE,HF9g-P5,,,,X 全窗基线 · 不参与实体赏罚,3928361,393,A168_HF9F_20260827_0900,2026-08-27 09:00:00
2026-05-16,135488053,1704,0,84.0247873120,50.9400273079,50.9400273079,0.8571429,8,8,0.49994810000000000,0.499948100000,1.890097004214593,1.890097004214593,1.890097004214593,0E-17,ELIGIBLE,R03b_20260811_FULL_v1,L1_ELIGIBILITY,v2026-08-11,2026-03-21..2026-08-06,baccarat_bet02_101_all_pairs_incl_sentinel,round_win = game_pnl > 0 (decisive only),COMPATIBILITY_ONLY_NOT_PRODUCTION,306.7367,286.0141,-61.5422,39,39,0.20063523,-0.22222222,0.38173225,0.20063523,61.5422,306.7367,OK,0.0000,-2.4617,4.0000,96.0000,AG03-UNRESOLVED,ALL5_LEVELS_bet23_to_bet27,-2.4617,-2.4617,-2.4617,-3.6925,-3.6925,4.000000,4.000000,4.000000,6.000000,6.000000,96.000000,96.000000,96.000000,94.000000,94.000000,5.0,-14.7701,-13.4314,-46.7721,-48.1108,PENDING_AG03,FALSE,NOT_FOR_ENFORCEMENT,-59.0805,274.5735,-61.5422,-59.0805,-2.4617,-0.20063523,-0.19260982,-2.4617,-59.0805,-0.19260982,-2.4617,-2.4617,-2.4617,-3.6925,-3.6925,-59.0805,-0.19260982,-14.7701,-13.4314,-46.7721,-48.1108,-0.15248277,-0.15684714,-0.00802541,7.8650,7.3337,-1.5780,-12.3084,-6.8380,61.3473,7.8000,10.2195,7.1587,4.2012,10.2195,10.5031,10.5031,10.5031,10.5031,10.2195,3.9912,1.027749,1.027749,0.76961,8,9,5,2,0.29985211,-0.20063523,0.22222222,0E-8,0.000000,0.932442,0.000000,-0.60395447,2026-04-17,2026-07-23,5,9,9,98,0.051020,1.427566,1.299359,0.999507,,,,,,,,GLOBAL_BASELINE_NO_ENTITY_RANKING,,,NOT_APPLICABLE_GLOBAL_BASELINE,HF9g-P5,,,,X 全窗基线 · 不参与实体赏罚,3928362,393,A168_HF9F_20260827_0900,2026-08-27 09:00:00
2026-05-30,135488053,2118,0,21.0061968280,20.4810419073,20.4810419073,1.0000000,2,2,0.49994810000000000,0.499948100000,1.4143603653603398,1.4143603653603398,1.4143603653603398,0E-17,ELIGIBLE,R03b_20260811_FULL_v1,L1_ELIGIBILITY,v2026-08-11,2026-03-21..2026-08-06,baccarat_bet02_101_all_pairs_incl_sentinel,round_win = game_pnl > 0 (decisive only),COMPATIBILITY_ONLY_NOT_PRODUCTION,306.7367,286.0141,-61.5422,39,39,0.20063523,-0.22222222,0.38173225,0.20063523,61.5422,306.7367,OK,0.0000,-2.4617,4.0000,96.0000,AG03-UNRESOLVED,ALL5_LEVELS_bet23_to_bet27,-2.4617,-2.4617,-2.4617,-3.6925,-3.6925,4.000000,4.000000,4.000000,6.000000,6.000000,96.000000,96.000000,96.000000,94.000000,94.000000,5.0,-14.7701,-13.4314,-46.7721,-48.1108,PENDING_AG03,FALSE,NOT_FOR_ENFORCEMENT,-59.0805,274.5735,-61.5422,-59.0805,-2.4617,-0.20063523,-0.19260982,-2.4617,-59.0805,-0.19260982,-2.4617,-2.4617,-2.4617,-3.6925,-3.6925,-59.0805,-0.19260982,-14.7701,-13.4314,-46.7721,-48.1108,-0.15248277,-0.15684714,-0.00802541,7.8650,7.3337,-1.5780,-12.3084,-6.8380,61.3473,7.8000,10.2195,7.1587,4.2012,10.2195,10.5031,10.5031,10.5031,10.5031,10.2195,3.9912,1.027749,1.027749,0.76961,8,9,5,2,0.29985211,-0.20063523,0.22222222,0E-8,0.000000,0.932442,0.000000,-0.60395447,2026-04-17,2026-07-23,5,9,9,98,0.051020,1.427566,1.299359,0.999507,,,,,,,,GLOBAL_BASELINE_NO_ENTITY_RANKING,,,NOT_APPLICABLE_GLOBAL_BASELINE,HF9g-P5,,,,X 全窗基线 · 不参与实体赏罚,3928363,393,A168_HF9F_20260827_0900,2026-08-27 09:00:00
2026-05-30,135488053,2147,0,21.0061968280,0E-10,0E-10,0.5000000,2,2,0.49994810000000000,0.499948100000,0.00014679536856514622,0.00014679536856514622,0.00014679536856514622,0E-17,ELIGIBLE,R03b_20260811_FULL_v1,L1_ELIGIBILITY,v2026-08-11,2026-03-21..2026-08-06,baccarat_bet02_101_all_pairs_incl_sentinel,round_win = game_pnl > 0 (decisive only),COMPATIBILITY_ONLY_NOT_PRODUCTION,306.7367,286.0141,-61.5422,39,39,0.20063523,-0.22222222,0.38173225,0.20063523,61.5422,306.7367,OK,0.0000,-2.4617,4.0000,96.0000,AG03-UNRESOLVED,ALL5_LEVELS_bet23_to_bet27,-2.4617,-2.4617,-2.4617,-3.6925,-3.6925,4.000000,4.000000,4.000000,6.000000,6.000000,96.000000,96.000000,96.000000,94.000000,94.000000,5.0,-14.7701,-13.4314,-46.7721,-48.1108,PENDING_AG03,FALSE,NOT_FOR_ENFORCEMENT,-59.0805,274.5735,-61.5422,-59.0805,-2.4617,-0.20063523,-0.19260982,-2.4617,-59.0805,-0.19260982,-2.4617,-2.4617,-2.4617,-3.6925,-3.6925,-59.0805,-0.19260982,-14.7701,-13.4314,-46.7721,-48.1108,-0.15248277,-0.15684714,-0.00802541,7.8650,7.3337,-1.5780,-12.3084,-6.8380,61.3473,7.8000,10.2195,7.1587,4.2012,10.2195,10.5031,10.5031,10.5031,10.5031,10.2195,3.9912,1.027749,1.027749,0.76961,8,9,5,2,0.29985211,-0.20063523,0.22222222,0E-8,0.000000,0.932442,0.000000,-0.60395447,2026-04-17,2026-07-23,5,9,9,98,0.051020,1.427566,1.299359,0.999507,,,,,,,,GLOBAL_BASELINE_NO_ENTITY_RANKING,,,NOT_APPLICABLE_GLOBAL_BASELINE,HF9g-P5,,,,X 全窗基线 · 不参与实体赏罚,3928364,393,A168_HF9F_20260827_0900,2026-08-27 09:00:00
2026-07-23,135488053,2088,0,40.8780607448,-10.2195151862,-10.2195151862,0.3333333,4,4,0.49659680000000000,0.496596800000,-0.5655743394288276,-0.5655743394288276,-0.5655743394288276,0E-17,ELIGIBLE,R03b_20260811_FULL_v1,L1_ELIGIBILITY,v2026-08-11,2026-03-21..2026-08-06,baccarat_bet02_101_all_pairs_incl_sentinel,round_win = game_pnl > 0 (decisive only),COMPATIBILITY_ONLY_NOT_PRODUCTION,306.7367,286.0141,-61.5422,39,39,0.20063523,-0.22222222,0.38173225,0.20063523,61.5422,306.7367,OK,0.0000,-2.4617,4.0000,96.0000,AG03-UNRESOLVED,ALL5_LEVELS_bet23_to_bet27,-2.4617,-2.4617,-2.4617,-3.6925,-3.6925,4.000000,4.000000,4.000000,6.000000,6.000000,96.000000,96.000000,96.000000,94.000000,94.000000,5.0,-14.7701,-13.4314,-46.7721,-48.1108,PENDING_AG03,FALSE,NOT_FOR_ENFORCEMENT,-59.0805,274.5735,-61.5422,-59.0805,-2.4617,-0.20063523,-0.19260982,-2.4617,-59.0805,-0.19260982,-2.4617,-2.4617,-2.4617,-3.6925,-3.6925,-59.0805,-0.19260982,-14.7701,-13.4314,-46.7721,-48.1108,-0.15248277,-0.15684714,-0.00802541,7.8650,7.3337,-1.5780,-12.3084,-6.8380,61.3473,7.8000,10.2195,7.1587,4.2012,10.2195,10.5031,10.5031,10.5031,10.5031,10.2195,3.9912,1.027749,1.027749,0.76961,8,9,5,2,0.29985211,-0.20063523,0.22222222,0E-8,0.000000,0.932442,0.000000,-0.60395447,2026-04-17,2026-07-23,5,9,9,98,0.051020,1.427566,1.299359,0.999507,,,,,,,,GLOBAL_BASELINE_NO_ENTITY_RANKING,,,NOT_APPLICABLE_GLOBAL_BASELINE,HF9g-P5,,,,X 全窗基线 · 不参与实体赏罚,3928365,393,A168_HF9F_20260827_0900,2026-08-27 09:00:00
2026-07-23,135488053,2123,0,51.0975759310,-10.2195151862,-10.2195151862,0.4000000,5,5,0.50128862000000000,0.501288620000,-0.4529779837142727,-0.4529779837142727,-0.4529779837142727,0E-17,ELIGIBLE,R03b_20260811_FULL_v1,L1_ELIGIBILITY,v2026-08-11,2026-03-21..2026-08-06,baccarat_bet02_101_all_pairs_incl_sentinel,round_win = game_pnl > 0 (decisive only),COMPATIBILITY_ONLY_NOT_PRODUCTION,306.7367,286.0141,-61.5422,39,39,0.20063523,-0.22222222,0.38173225,0.20063523,61.5422,306.7367,OK,0.0000,-2.4617,4.0000,96.0000,AG03-UNRESOLVED,ALL5_LEVELS_bet23_to_bet27,-2.4617,-2.4617,-2.4617,-3.6925,-3.6925,4.000000,4.000000,4.000000,6.000000,6.000000,96.000000,96.000000,96.000000,94.000000,94.000000,5.0,-14.7701,-13.4314,-46.7721,-48.1108,PENDING_AG03,FALSE,NOT_FOR_ENFORCEMENT,-59.0805,274.5735,-61.5422,-59.0805,-2.4617,-0.20063523,-0.19260982,-2.4617,-59.0805,-0.19260982,-2.4617,-2.4617,-2.4617,-3.6925,-3.6925,-59.0805,-0.19260982,-14.7701,-13.4314,-46.7721,-48.1108,-0.15248277,-0.15684714,-0.00802541,7.8650,7.3337,-1.5780,-12.3084,-6.8380,61.3473,7.8000,10.2195,7.1587,4.2012,10.2195,10.5031,10.5031,10.5031,10.5031,10.2195,3.9912,1.027749,1.027749,0.76961,8,9,5,2,0.29985211,-0.20063523,0.22222222,0E-8,0.000000,0.932442,0.000000,-0.60395447,2026-04-17,2026-07-23,5,9,9,98,0.051020,1.427566,1.299359,0.999507,,,,,,,,GLOBAL_BASELINE_NO_ENTITY_RANKING,,,NOT_APPLICABLE_GLOBAL_BASELINE,HF9g-P5,,,,X 全窗基线 · 不参与实体赏罚,3928366,393,A168_HF9F_20260827_0900,2026-08-27 09:00:00
2026-05-21,150375020,1210,0,82.8649661335,-7.7460729211,-7.7460729211,0.4500000,23,23,0.49907384782608696,0.499073847826,-0.43893059161940917,-0.43893059161863157,-0.43893059161940917,8.696E-14,ELIGIBLE,R03b_20260811_FULL_v1,L1_ELIGIBILITY,v2026-08-11,2026-03-21..2026-08-06,baccarat_bet02_101_all_pairs_incl_sentinel,round_win = game_pnl > 0 (decisive only),COMPATIBILITY_ONLY_NOT_PRODUCTION,363.1647,311.2840,-61.5362,98,97,0.16944444,,0.16944444,0.16944444,61.5362,363.1647,OK,0.0000,-2.4614,4.0000,96.0000,AG03-UNRESOLVED,ALL5_LEVELS_bet23_to_bet27,-2.4614,-2.4614,-2.4614,-2.4614,-2.4614,4.000000,4.000000,4.000000,4.000000,4.000000,96.000000,96.000000,96.000000,96.000000,96.000000,5.0,-12.3072,-11.3613,-49.2290,-50.175,PENDING_AG03,FALSE,NOT_FOR_ENFORCEMENT,-59.0748,298.8327,-61.5362,-59.0748,-2.4614,-0.16944444,-0.16266667,-2.4614,-59.0748,-0.16266667,-2.4614,-2.4614,-2.4614,-2.4614,-2.4614,-59.0748,-0.16266667,-12.3072,-11.3613,-49.2290,-50.175,-0.13555556,-0.13816037,-0.00677778,3.7058,3.2091,-0.6344,-61.5362,-6.1536,363.1647,97.0000,,3.7058,3.6028,3.6028,3.6028,3.6028,3.6028,8.6468,3.6028,3.4227,1.0,2.4,1.028571,4,6,2,2,0E-8,-0.16944444,,0E-8,0.000000,0.857143,0.000000,,2026-05-21,2026-05-21,1,10,4,1,1.000000,,,0.000000,,,,,,,,GLOBAL_BASELINE_NO_ENTITY_RANKING,,,NOT_APPLICABLE_GLOBAL_BASELINE,HF9g-P5,,,,X 全窗基线 · 不参与实体赏罚,3928367,393,A168_HF9F_20260827_0900,2026-08-27 09:00:00
2026-05-21,150375020,1306,0,68.4536676755,2.7021184610,2.7021184610,0.5333333,19,19,0.50171194210526316,0.501711942105,0.2449396789365147,0.24493967893855265,0.2449396789365147,2.6316E-13,ELIGIBLE,R03b_20260811_FULL_v1,L1_ELIGIBILITY,v2026-08-11,2026-03-21..2026-08-06,baccarat_bet02_101_all_pairs_incl_sentinel,round_win = game_pnl > 0 (decisive only),COMPATIBILITY_ONLY_NOT_PRODUCTION,363.1647,311.2840,-61.5362,98,97,0.16944444,,0.16944444,0.16944444,61.5362,363.1647,OK,0.0000,-2.4614,4.0000,96.0000,AG03-UNRESOLVED,ALL5_LEVELS_bet23_to_bet27,-2.4614,-2.4614,-2.4614,-2.4614,-2.4614,4.000000,4.000000,4.000000,4.000000,4.000000,96.000000,96.000000,96.000000,96.000000,96.000000,5.0,-12.3072,-11.3613,-49.2290,-50.175,PENDING_AG03,FALSE,NOT_FOR_ENFORCEMENT,-59.0748,298.8327,-61.5362,-59.0748,-2.4614,-0.16944444,-0.16266667,-2.4614,-59.0748,-0.16266667,-2.4614,-2.4614,-2.4614,-2.4614,-2.4614,-59.0748,-0.16266667,-12.3072,-11.3613,-49.2290,-50.175,-0.13555556,-0.13816037,-0.00677778,3.7058,3.2091,-0.6344,-61.5362,-6.1536,363.1647,97.0000,,3.7058,3.6028,3.6028,3.6028,3.6028,3.6028,8.6468,3.6028,3.4227,1.0,2.4,1.028571,4,6,2,2,0E-8,-0.16944444,,0E-8,0.000000,0.857143,0.000000,,2026-05-21,2026-05-21,1,10,4,1,1.000000,,,0.000000,,,,,,,,GLOBAL_BASELINE_NO_ENTITY_RANKING,,,NOT_APPLICABLE_GLOBAL_BASELINE,HF9g-P5,,,,X 全窗基线 · 不参与实体赏罚,3928368,393,A168_HF9F_20260827_0900,2026-08-27 09:00:00
2026-05-21,150375020,1396,0,95.1145698228,36.3164721143,36.3164721143,0.6956522,25,24,0.49855172500000000,0.498551725000,1.8905290231002094,1.8905290231002099,1.8905290231002094,0E-17,ELIGIBLE,R03b_20260811_FULL_v1,L1_ELIGIBILITY,v2026-08-11,2026-03-21..2026-08-06,baccarat_bet02_101_all_pairs_incl_sentinel,round_win = game_pnl > 0 (decisive only),COMPATIBILITY_ONLY_NOT_PRODUCTION,363.1647,311.2840,-61.5362,98,97,0.16944444,,0.16944444,0.16944444,61.5362,363.1647,OK,0.0000,-2.4614,4.0000,96.0000,AG03-UNRESOLVED,ALL5_LEVELS_bet23_to_bet27,-2.4614,-2.4614,-2.4614,-2.4614,-2.4614,4.000000,4.000000,4.000000,4.000000,4.000000,96.000000,96.000000,96.000000,96.000000,96.000000,5.0,-12.3072,-11.3613,-49.2290,-50.175,PENDING_AG03,FALSE,NOT_FOR_ENFORCEMENT,-59.0748,298.8327,-61.5362,-59.0748,-2.4614,-0.16944444,-0.16266667,-2.4614,-59.0748,-0.16266667,-2.4614,-2.4614,-2.4614,-2.4614,-2.4614,-59.0748,-0.16266667,-12.3072,-11.3613,-49.2290,-50.175,-0.13555556,-0.13816037,-0.00677778,3.7058,3.2091,-0.6344,-61.5362,-6.1536,363.1647,97.0000,,3.7058,3.6028,3.6028,3.6028,3.6028,3.6028,8.6468,3.6028,3.4227,1.0,2.4,1.028571,4,6,2,2,0E-8,-0.16944444,,0E-8,0.000000,0.857143,0.000000,,2026-05-21,2026-05-21,1,10,4,1,1.000000,,,0.000000,,,,,,,,GLOBAL_BASELINE_NO_ENTITY_RANKING,,,NOT_APPLICABLE_GLOBAL_BASELINE,HF9g-P5,,,,X 全窗基线 · 不参与实体赏罚,3928369,393,A168_HF9F_20260827_0900,2026-08-27 09:00:00
2026-05-21,150375020,1994,0,18.0141230725,0E-10,0E-10,0.5000000,5,5,0.49860758000000000,0.498607580000,0.005569701597489473,0.005569701597489473,0.005569701597489473,0E-17,ELIGIBLE,R03b_20260811_FULL_v1,L1_ELIGIBILITY,v2026-08-11,2026-03-21..2026-08-06,baccarat_bet02_101_all_pairs_incl_sentinel,round_win = game_pnl > 0 (decisive only),COMPATIBILITY_ONLY_NOT_PRODUCTION,363.1647,311.2840,-61.5362,98,97,0.16944444,,0.16944444,0.16944444,61.5362,363.1647,OK,0.0000,-2.4614,4.0000,96.0000,AG03-UNRESOLVED,ALL5_LEVELS_bet23_to_bet27,-2.4614,-2.4614,-2.4614,-2.4614,-2.4614,4.000000,4.000000,4.000000,4.000000,4.000000,96.000000,96.000000,96.000000,96.000000,96.000000,5.0,-12.3072,-11.3613,-49.2290,-50.175,PENDING_AG03,FALSE,NOT_FOR_ENFORCEMENT,-59.0748,298.8327,-61.5362,-59.0748,-2.4614,-0.16944444,-0.16266667,-2.4614,-59.0748,-0.16266667,-2.4614,-2.4614,-2.4614,-2.4614,-2.4614,-59.0748,-0.16266667,-12.3072,-11.3613,-49.2290,-50.175,-0.13555556,-0.13816037,-0.00677778,3.7058,3.2091,-0.6344,-61.5362,-6.1536,363.1647,97.0000,,3.7058,3.6028,3.6028,3.6028,3.6028,3.6028,8.6468,3.6028,3.4227,1.0,2.4,1.028571,4,6,2,2,0E-8,-0.16944444,,0E-8,0.000000,0.857143,0.000000,,2026-05-21,2026-05-21,1,10,4,1,1.000000,,,0.000000,,,,,,,,GLOBAL_BASELINE_NO_ENTITY_RANKING,,,NOT_APPLICABLE_GLOBAL_BASELINE,HF9g-P5,,,,X 全窗基线 · 不参与实体赏罚,3928370,393,A168_HF9F_20260827_0900,2026-08-27 09:00:00
2026-05-21,150375020,2088,0,26.6609021473,10.2680501514,10.2680501514,0.8000000,6,6,0.50441650000000000,0.504416500000,1.3219411692341432,1.3219411692341432,1.3219411692341432,0E-17,ELIGIBLE,R03b_20260811_FULL_v1,L1_ELIGIBILITY,v2026-08-11,2026-03-21..2026-08-06,baccarat_bet02_101_all_pairs_incl_sentinel,round_win = game_pnl > 0 (decisive only),COMPATIBILITY_ONLY_NOT_PRODUCTION,363.1647,311.2840,-61.5362,98,97,0.16944444,,0.16944444,0.16944444,61.5362,363.1647,OK,0.0000,-2.4614,4.0000,96.0000,AG03-UNRESOLVED,ALL5_LEVELS_bet23_to_bet27,-2.4614,-2.4614,-2.4614,-2.4614,-2.4614,4.000000,4.000000,4.000000,4.000000,4.000000,96.000000,96.000000,96.000000,96.000000,96.000000,5.0,-12.3072,-11.3613,-49.2290,-50.175,PENDING_AG03,FALSE,NOT_FOR_ENFORCEMENT,-59.0748,298.8327,-61.5362,-59.0748,-2.4614,-0.16944444,-0.16266667,-2.4614,-59.0748,-0.16266667,-2.4614,-2.4614,-2.4614,-2.4614,-2.4614,-59.0748,-0.16266667,-12.3072,-11.3613,-49.2290,-50.175,-0.13555556,-0.13816037,-0.00677778,3.7058,3.2091,-0.6344,-61.5362,-6.1536,363.1647,97.0000,,3.7058,3.6028,3.6028,3.6028,3.6028,3.6028,8.6468,3.6028,3.4227,1.0,2.4,1.028571,4,6,2,2,0E-8,-0.16944444,,0E-8,0.000000,0.857143,0.000000,,2026-05-21,2026-05-21,1,10,4,1,1.000000,,,0.000000,,,,,,,,GLOBAL_BASELINE_NO_ENTITY_RANKING,,,NOT_APPLICABLE_GLOBAL_BASELINE,HF9g-P5,,,,X 全窗基线 · 不参与实体赏罚,3928371,393,A168_HF9F_20260827_0900,2026-08-27 09:00:00
2026-05-21,150375020,2171,0,72.0564922900,19.9956766107,19.9956766107,0.6666667,20,20,0.50128862000000000,0.501288620000,1.4032839195187439,1.4032839195187443,1.4032839195187439,0E-17,ELIGIBLE,R03b_20260811_FULL_v1,L1_ELIGIBILITY,v2026-08-11,2026-03-21..2026-08-06,baccarat_bet02_101_all_pairs_incl_sentinel,round_win = game_pnl > 0 (decisive only),COMPATIBILITY_ONLY_NOT_PRODUCTION,363.1647,311.2840,-61.5362,98,97,0.16944444,,0.16944444,0.16944444,61.5362,363.1647,OK,0.0000,-2.4614,4.0000,96.0000,AG03-UNRESOLVED,ALL5_LEVELS_bet23_to_bet27,-2.4614,-2.4614,-2.4614,-2.4614,-2.4614,4.000000,4.000000,4.000000,4.000000,4.000000,96.000000,96.000000,96.000000,96.000000,96.000000,5.0,-12.3072,-11.3613,-49.2290,-50.175,PENDING_AG03,FALSE,NOT_FOR_ENFORCEMENT,-59.0748,298.8327,-61.5362,-59.0748,-2.4614,-0.16944444,-0.16266667,-2.4614,-59.0748,-0.16266667,-2.4614,-2.4614,-2.4614,-2.4614,-2.4614,-59.0748,-0.16266667,-12.3072,-11.3613,-49.2290,-50.175,-0.13555556,-0.13816037,-0.00677778,3.7058,3.2091,-0.6344,-61.5362,-6.1536,363.1647,97.0000,,3.7058,3.6028,3.6028,3.6028,3.6028,3.6028,8.6468,3.6028,3.4227,1.0,2.4,1.028571,4,6,2,2,0E-8,-0.16944444,,0E-8,0.000000,0.857143,0.000000,,2026-05-21,2026-05-21,1,10,4,1,1.000000,,,0.000000,,,,,,,,GLOBAL_BASELINE_NO_ENTITY_RANKING,,,NOT_APPLICABLE_GLOBAL_BASELINE,HF9g-P5,,,,X 全窗基线 · 不参与实体赏罚,3928372,393,A168_HF9F_20260827_0900,2026-08-27 09:00:00
2026-07-25,142417994,1258,0,8.1756121490,-8.1756121490,-8.1756121490,0E-7,1,1,0.50665070000000000,0.506650700000,-1.013391052207602,-1.013391052207602,-1.013391052207602,0E-17,ELIGIBLE,R03b_20260811_FULL_v1,L1_ELIGIBILITY,v2026-08-11,2026-03-21..2026-08-06,baccarat_bet02_101_all_pairs_incl_sentinel,round_win = game_pnl > 0 (decisive only),COMPATIBILITY_ONLY_NOT_PRODUCTION,797.7354,762.9890,-61.5317,80,80,0.07713297,0.07713297,,0.07713297,61.5317,797.7354,OK,0.0000,-2.4613,4.0000,96.0000,AG03-UNRESOLVED,ALL5_LEVELS_bet23_to_bet27,-2.4613,-2.4613,-2.4613,-3.6919,0.0000,4.000000,4.000000,4.000000,6.000000,0.000000,96.000000,96.000000,96.000000,94.000000,100.000000,5.0,-11.0757,-10.3587,-50.4560,-51.173,PENDING_AG03,FALSE,NOT_FOR_ENFORCEMENT,-59.0704,732.4694,-61.5317,-59.0704,-2.4613,-0.07713297,-0.07404766,-2.4613,-59.0704,-0.07404766,-2.4613,-2.4613,-2.4613,-3.6919,0.0000,-59.0704,-0.07404766,-11.0757,-10.3587,-50.4560,-51.173,-0.06324904,-0.06414778,-0.00308532,9.9717,9.5374,-0.7691,-12.3063,-1.8646,159.5471,16.0000,9.9717,,4.0878,8.1756,12.2634,16.3512,25.4466,39.7948,8.1756,3.8834,3.1125,4.867498,1.219687,23,25,2,2,1.00000000,-0.07713297,-0.07713297,0E-8,0.000000,0.956444,0.000000,,2026-07-25,2026-07-31,5,33,33,7,0.714286,,1.000000,3.333333,,,,,,,,GLOBAL_BASELINE_NO_ENTITY_RANKING,,,NOT_APPLICABLE_GLOBAL_BASELINE,HF9g-P5,,,,X 全窗基线 · 不参与实体赏罚,3928373,393,A168_HF9F_20260827_0900,2026-08-27 09:00:00
2026-07-25,142417994,1402,0,18.3951273352,17.9863467277,17.9863467277,1.0000000,2,2,0.49994810000000000,0.499948100000,1.4143603653603398,1.4143603653603398,1.4143603653603398,0E-17,ELIGIBLE,R03b_20260811_FULL_v1,L1_ELIGIBILITY,v2026-08-11,2026-03-21..2026-08-06,baccarat_bet02_101_all_pairs_incl_sentinel,round_win = game_pnl > 0 (decisive only),COMPATIBILITY_ONLY_NOT_PRODUCTION,797.7354,762.9890,-61.5317,80,80,0.07713297,0.07713297,,0.07713297,61.5317,797.7354,OK,0.0000,-2.4613,4.0000,96.0000,AG03-UNRESOLVED,ALL5_LEVELS_bet23_to_bet27,-2.4613,-2.4613,-2.4613,-3.6919,0.0000,4.000000,4.000000,4.000000,6.000000,0.000000,96.000000,96.000000,96.000000,94.000000,100.000000,5.0,-11.0757,-10.3587,-50.4560,-51.173,PENDING_AG03,FALSE,NOT_FOR_ENFORCEMENT,-59.0704,732.4694,-61.5317,-59.0704,-2.4613,-0.07713297,-0.07404766,-2.4613,-59.0704,-0.07404766,-2.4613,-2.4613,-2.4613,-3.6919,0.0000,-59.0704,-0.07404766,-11.0757,-10.3587,-50.4560,-51.173,-0.06324904,-0.06414778,-0.00308532,9.9717,9.5374,-0.7691,-12.3063,-1.8646,159.5471,16.0000,9.9717,,4.0878,8.1756,12.2634,16.3512,25.4466,39.7948,8.1756,3.8834,3.1125,4.867498,1.219687,23,25,2,2,1.00000000,-0.07713297,-0.07713297,0E-8,0.000000,0.956444,0.000000,,2026-07-25,2026-07-31,5,33,33,7,0.714286,,1.000000,3.333333,,,,,,,,GLOBAL_BASELINE_NO_ENTITY_RANKING,,,NOT_APPLICABLE_GLOBAL_BASELINE,HF9g-P5,,,,X 全窗基线 · 不参与实体赏罚,3928374,393,A168_HF9F_20260827_0900,2026-08-27 09:00:00
2026-07-25,142417994,2134,0,20.4390303725,15.9424436905,15.9424436905,1.0000000,3,3,0.50218230000000000,0.502182300000,1.4080544974538591,1.4080544974538591,1.4080544974538591,0E-17,ELIGIBLE,R03b_20260811_FULL_v1,L1_ELIGIBILITY,v2026-08-11,2026-03-21..2026-08-06,baccarat_bet02_101_all_pairs_incl_sentinel,round_win = game_pnl > 0 (decisive only),COMPATIBILITY_ONLY_NOT_PRODUCTION,797.7354,762.9890,-61.5317,80,80,0.07713297,0.07713297,,0.07713297,61.5317,797.7354,OK,0.0000,-2.4613,4.0000,96.0000,AG03-UNRESOLVED,ALL5_LEVELS_bet23_to_bet27,-2.4613,-2.4613,-2.4613,-3.6919,0.0000,4.000000,4.000000,4.000000,6.000000,0.000000,96.000000,96.000000,96.000000,94.000000,100.000000,5.0,-11.0757,-10.3587,-50.4560,-51.173,PENDING_AG03,FALSE,NOT_FOR_ENFORCEMENT,-59.0704,732.4694,-61.5317,-59.0704,-2.4613,-0.07713297,-0.07404766,-2.4613,-59.0704,-0.07404766,-2.4613,-2.4613,-2.4613,-3.6919,0.0000,-59.0704,-0.07404766,-11.0757,-10.3587,-50.4560,-51.173,-0.06324904,-0.06414778,-0.00308532,9.9717,9.5374,-0.7691,-12.3063,-1.8646,159.5471,16.0000,9.9717,,4.0878,8.1756,12.2634,16.3512,25.4466,39.7948,8.1756,3.8834,3.1125,4.867498,1.219687,23,25,2,2,1.00000000,-0.07713297,-0.07713297,0E-8,0.000000,0.956444,0.000000,,2026-07-25,2026-07-31,5,33,33,7,0.714286,,1.000000,3.333333,,,,,,,,GLOBAL_BASELINE_NO_ENTITY_RANKING,,,NOT_APPLICABLE_GLOBAL_BASELINE,HF9g-P5,,,,X 全窗基线 · 不参与实体赏罚,3928375,393,A168_HF9F_20260827_0900,2026-08-27 09:00:00
2026-07-25,142417994,2196,0,20.4390303724,12.0590279197,12.0590279197,0.6666667,3,3,0.50218230000000000,0.502182300000,0.5697959874915163,0.5697959874915164,0.5697959874915163,0E-17,ELIGIBLE,R03b_20260811_FULL_v1,L1_ELIGIBILITY,v2026-08-11,2026-03-21..2026-08-06,baccarat_bet02_101_all_pairs_incl_sentinel,round_win = game_pnl > 0 (decisive only),COMPATIBILITY_ONLY_NOT_PRODUCTION,797.7354,762.9890,-61.5317,80,80,0.07713297,0.07713297,,0.07713297,61.5317,797.7354,OK,0.0000,-2.4613,4.0000,96.0000,AG03-UNRESOLVED,ALL5_LEVELS_bet23_to_bet27,-2.4613,-2.4613,-2.4613,-3.6919,0.0000,4.000000,4.000000,4.000000,6.000000,0.000000,96.000000,96.000000,96.000000,94.000000,100.000000,5.0,-11.0757,-10.3587,-50.4560,-51.173,PENDING_AG03,FALSE,NOT_FOR_ENFORCEMENT,-59.0704,732.4694,-61.5317,-59.0704,-2.4613,-0.07713297,-0.07404766,-2.4613,-59.0704,-0.07404766,-2.4613,-2.4613,-2.4613,-3.6919,0.0000,-59.0704,-0.07404766,-11.0757,-10.3587,-50.4560,-51.173,-0.06324904,-0.06414778,-0.00308532,9.9717,9.5374,-0.7691,-12.3063,-1.8646,159.5471,16.0000,9.9717,,4.0878,8.1756,12.2634,16.3512,25.4466,39.7948,8.1756,3.8834,3.1125,4.867498,1.219687,23,25,2,2,1.00000000,-0.07713297,-0.07713297,0E-8,0.000000,0.956444,0.000000,,2026-07-25,2026-07-31,5,33,33,7,0.714286,,1.000000,3.333333,,,,,,,,GLOBAL_BASELINE_NO_ENTITY_RANKING,,,NOT_APPLICABLE_GLOBAL_BASELINE,HF9g-P5,,,,X 全窗基线 · 不参与实体赏罚,3928376,393,A168_HF9F_20260827_0900,2026-08-27 09:00:00
2026-07-26,142417994,-1,1,114.0497894779,-16.5556146016,-16.5556146016,0.2500000,8,8,0.49994810000000000,0.499948100000,-1.4139199792546444,-1.4139199792546444,-1.4139199792546444,0E-17,SENTINEL_DEALER,R03b_20260811_FULL_v1,L1_ELIGIBILITY,v2026-08-11,2026-03-21..2026-08-06,baccarat_bet02_101_all_pairs_incl_sentinel,round_win = game_pnl > 0 (decisive only),COMPATIBILITY_ONLY_NOT_PRODUCTION,797.7354,762.9890,-61.5317,80,80,0.07713297,0.07713297,,0.07713297,61.5317,797.7354,OK,0.0000,-2.4613,4.0000,96.0000,AG03-UNRESOLVED,ALL5_LEVELS_bet23_to_bet27,-2.4613,-2.4613,-2.4613,-3.6919,0.0000,4.000000,4.000000,4.000000,6.000000,0.000000,96.000000,96.000000,96.000000,94.000000,100.000000,5.0,-11.0757,-10.3587,-50.4560,-51.173,PENDING_AG03,FALSE,NOT_FOR_ENFORCEMENT,-59.0704,732.4694,-61.5317,-59.0704,-2.4613,-0.07713297,-0.07404766,-2.4613,-59.0704,-0.07404766,-2.4613,-2.4613,-2.4613,-3.6919,0.0000,-59.0704,-0.07404766,-11.0757,-10.3587,-50.4560,-51.173,-0.06324904,-0.06414778,-0.00308532,9.9717,9.5374,-0.7691,-12.3063,-1.8646,159.5471,16.0000,9.9717,,4.0878,8.1756,12.2634,16.3512,25.4466,39.7948,8.1756,3.8834,3.1125,4.867498,1.219687,23,25,2,2,1.00000000,-0.07713297,-0.07713297,0E-8,0.000000,0.956444,0.000000,,2026-07-25,2026-07-31,5,33,33,7,0.714286,,1.000000,3.333333,,,,,,,,GLOBAL_BASELINE_NO_ENTITY_RANKING,,,NOT_APPLICABLE_GLOBAL_BASELINE,HF9g-P5,,,,X 全窗基线 · 不参与实体赏罚,3928377,393,A168_HF9F_20260827_0900,2026-08-27 09:00:00
2026-07-26,142417994,1354,0,69.4927032664,44.1483056046,44.1483056046,0.8181818,11,11,0.49812011818181818,0.498120118182,2.123064143008664,2.123064143007455,2.123064143008664,-1.8182E-13,ELIGIBLE,R03b_20260811_FULL_v1,L1_ELIGIBILITY,v2026-08-11,2026-03-21..2026-08-06,baccarat_bet02_101_all_pairs_incl_sentinel,round_win = game_pnl > 0 (decisive only),COMPATIBILITY_ONLY_NOT_PRODUCTION,797.7354,762.9890,-61.5317,80,80,0.07713297,0.07713297,,0.07713297,61.5317,797.7354,OK,0.0000,-2.4613,4.0000,96.0000,AG03-UNRESOLVED,ALL5_LEVELS_bet23_to_bet27,-2.4613,-2.4613,-2.4613,-3.6919,0.0000,4.000000,4.000000,4.000000,6.000000,0.000000,96.000000,96.000000,96.000000,94.000000,100.000000,5.0,-11.0757,-10.3587,-50.4560,-51.173,PENDING_AG03,FALSE,NOT_FOR_ENFORCEMENT,-59.0704,732.4694,-61.5317,-59.0704,-2.4613,-0.07713297,-0.07404766,-2.4613,-59.0704,-0.07404766,-2.4613,-2.4613,-2.4613,-3.6919,0.0000,-59.0704,-0.07404766,-11.0757,-10.3587,-50.4560,-51.173,-0.06324904,-0.06414778,-0.00308532,9.9717,9.5374,-0.7691,-12.3063,-1.8646,159.5471,16.0000,9.9717,,4.0878,8.1756,12.2634,16.3512,25.4466,39.7948,8.1756,3.8834,3.1125,4.867498,1.219687,23,25,2,2,1.00000000,-0.07713297,-0.07713297,0E-8,0.000000,0.956444,0.000000,,2026-07-25,2026-07-31,5,33,33,7,0.714286,,1.000000,3.333333,,,,,,,,GLOBAL_BASELINE_NO_ENTITY_RANKING,,,NOT_APPLICABLE_GLOBAL_BASELINE,HF9g-P5,,,,X 全窗基线 · 不参与实体赏罚,3928378,393,A168_HF9F_20260827_0900,2026-08-27 09:00:00
2026-07-26,142417994,1491,0,12.2634182235,12.0590279198,12.0590279198,1.0000000,2,2,0.49994810000000000,0.499948100000,1.4143603653603398,1.4143603653603398,1.4143603653603398,0E-17,ELIGIBLE,R03b_20260811_FULL_v1,L1_ELIGIBILITY,v2026-08-11,2026-03-21..2026-08-06,baccarat_bet02_101_all_pairs_incl_sentinel,round_win = game_pnl > 0 (decisive only),COMPATIBILITY_ONLY_NOT_PRODUCTION,797.7354,762.9890,-61.5317,80,80,0.07713297,0.07713297,,0.07713297,61.5317,797.7354,OK,0.0000,-2.4613,4.0000,96.0000,AG03-UNRESOLVED,ALL5_LEVELS_bet23_to_bet27,-2.4613,-2.4613,-2.4613,-3.6919,0.0000,4.000000,4.000000,4.000000,6.000000,0.000000,96.000000,96.000000,96.000000,94.000000,100.000000,5.0,-11.0757,-10.3587,-50.4560,-51.173,PENDING_AG03,FALSE,NOT_FOR_ENFORCEMENT,-59.0704,732.4694,-61.5317,-59.0704,-2.4613,-0.07713297,-0.07404766,-2.4613,-59.0704,-0.07404766,-2.4613,-2.4613,-2.4613,-3.6919,0.0000,-59.0704,-0.07404766,-11.0757,-10.3587,-50.4560,-51.173,-0.06324904,-0.06414778,-0.00308532,9.9717,9.5374,-0.7691,-12.3063,-1.8646,159.5471,16.0000,9.9717,,4.0878,8.1756,12.2634,16.3512,25.4466,39.7948,8.1756,3.8834,3.1125,4.867498,1.219687,23,25,2,2,1.00000000,-0.07713297,-0.07713297,0E-8,0.000000,0.956444,0.000000,,2026-07-25,2026-07-31,5,33,33,7,0.714286,,1.000000,3.333333,,,,,,,,GLOBAL_BASELINE_NO_ENTITY_RANKING,,,NOT_APPLICABLE_GLOBAL_BASELINE,HF9g-P5,,,,X 全窗基线 · 不参与实体赏罚,3928379,393,A168_HF9F_20260827_0900,2026-08-27 09:00:00
2026-07-26,142417994,1704,0,40.8780607448,-0.2043903037,-0.2043903037,0.4000000,5,5,0.50128862000000000,0.501288620000,-0.4529779837142727,-0.4529779837142727,-0.4529779837142727,0E-17,ELIGIBLE,R03b_20260811_FULL_v1,L1_ELIGIBILITY,v2026-08-11,2026-03-21..2026-08-06,baccarat_bet02_101_all_pairs_incl_sentinel,round_win = game_pnl > 0 (decisive only),COMPATIBILITY_ONLY_NOT_PRODUCTION,797.7354,762.9890,-61.5317,80,80,0.07713297,0.07713297,,0.07713297,61.5317,797.7354,OK,0.0000,-2.4613,4.0000,96.0000,AG03-UNRESOLVED,ALL5_LEVELS_bet23_to_bet27,-2.4613,-2.4613,-2.4613,-3.6919,0.0000,4.000000,4.000000,4.000000,6.000000,0.000000,96.000000,96.000000,96.000000,94.000000,100.000000,5.0,-11.0757,-10.3587,-50.4560,-51.173,PENDING_AG03,FALSE,NOT_FOR_ENFORCEMENT,-59.0704,732.4694,-61.5317,-59.0704,-2.4613,-0.07713297,-0.07404766,-2.4613,-59.0704,-0.07404766,-2.4613,-2.4613,-2.4613,-3.6919,0.0000,-59.0704,-0.07404766,-11.0757,-10.3587,-50.4560,-51.173,-0.06324904,-0.06414778,-0.00308532,9.9717,9.5374,-0.7691,-12.3063,-1.8646,159.5471,16.0000,9.9717,,4.0878,8.1756,12.2634,16.3512,25.4466,39.7948,8.1756,3.8834,3.1125,4.867498,1.219687,23,25,2,2,1.00000000,-0.07713297,-0.07713297,0E-8,0.000000,0.956444,0.000000,,2026-07-25,2026-07-31,5,33,33,7,0.714286,,1.000000,3.333333,,,,,,,,GLOBAL_BASELINE_NO_ENTITY_RANKING,,,NOT_APPLICABLE_GLOBAL_BASELINE,HF9g-P5,,,,X 全窗基线 · 不参与实体赏罚,3928380,393,A168_HF9F_20260827_0900,2026-08-27 09:00:00
2026-07-26,142417994,2101,0,28.6146425213,-28.6146425213,-28.6146425213,0E-7,2,2,0.49994810000000000,0.499948100000,-1.4140667746232096,-1.4140667746232096,-1.4140667746232096,0E-17,ELIGIBLE,R03b_20260811_FULL_v1,L1_ELIGIBILITY,v2026-08-11,2026-03-21..2026-08-06,baccarat_bet02_101_all_pairs_incl_sentinel,round_win = game_pnl > 0 (decisive only),COMPATIBILITY_ONLY_NOT_PRODUCTION,797.7354,762.9890,-61.5317,80,80,0.07713297,0.07713297,,0.07713297,61.5317,797.7354,OK,0.0000,-2.4613,4.0000,96.0000,AG03-UNRESOLVED,ALL5_LEVELS_bet23_to_bet27,-2.4613,-2.4613,-2.4613,-3.6919,0.0000,4.000000,4.000000,4.000000,6.000000,0.000000,96.000000,96.000000,96.000000,94.000000,100.000000,5.0,-11.0757,-10.3587,-50.4560,-51.173,PENDING_AG03,FALSE,NOT_FOR_ENFORCEMENT,-59.0704,732.4694,-61.5317,-59.0704,-2.4613,-0.07713297,-0.07404766,-2.4613,-59.0704,-0.07404766,-2.4613,-2.4613,-2.4613,-3.6919,0.0000,-59.0704,-0.07404766,-11.0757,-10.3587,-50.4560,-51.173,-0.06324904,-0.06414778,-0.00308532,9.9717,9.5374,-0.7691,-12.3063,-1.8646,159.5471,16.0000,9.9717,,4.0878,8.1756,12.2634,16.3512,25.4466,39.7948,8.1756,3.8834,3.1125,4.867498,1.219687,23,25,2,2,1.00000000,-0.07713297,-0.07713297,0E-8,0.000000,0.956444,0.000000,,2026-07-25,2026-07-31,5,33,33,7,0.714286,,1.000000,3.333333,,,,,,,,GLOBAL_BASELINE_NO_ENTITY_RANKING,,,NOT_APPLICABLE_GLOBAL_BASELINE,HF9g-P5,,,,X 全窗基线 · 不参与实体赏罚,3928381,393,A168_HF9F_20260827_0900,2026-08-27 09:00:00
2026-07-26,142417994,2106,0,53.1414789683,36.7902546703,36.7902546703,0.6666667,3,3,0.49324550000000000,0.493245500000,0.6008033672792107,0.6008033672792106,0.6008033672792107,0E-17,ELIGIBLE,R03b_20260811_FULL_v1,L1_ELIGIBILITY,v2026-08-11,2026-03-21..2026-08-06,baccarat_bet02_101_all_pairs_incl_sentinel,round_win = game_pnl > 0 (decisive only),COMPATIBILITY_ONLY_NOT_PRODUCTION,797.7354,762.9890,-61.5317,80,80,0.07713297,0.07713297,,0.07713297,61.5317,797.7354,OK,0.0000,-2.4613,4.0000,96.0000,AG03-UNRESOLVED,ALL5_LEVELS_bet23_to_bet27,-2.4613,-2.4613,-2.4613,-3.6919,0.0000,4.000000,4.000000,4.000000,6.000000,0.000000,96.000000,96.000000,96.000000,94.000000,100.000000,5.0,-11.0757,-10.3587,-50.4560,-51.173,PENDING_AG03,FALSE,NOT_FOR_ENFORCEMENT,-59.0704,732.4694,-61.5317,-59.0704,-2.4613,-0.07713297,-0.07404766,-2.4613,-59.0704,-0.07404766,-2.4613,-2.4613,-2.4613,-3.6919,0.0000,-59.0704,-0.07404766,-11.0757,-10.3587,-50.4560,-51.173,-0.06324904,-0.06414778,-0.00308532,9.9717,9.5374,-0.7691,-12.3063,-1.8646,159.5471,16.0000,9.9717,,4.0878,8.1756,12.2634,16.3512,25.4466,39.7948,8.1756,3.8834,3.1125,4.867498,1.219687,23,25,2,2,1.00000000,-0.07713297,-0.07713297,0E-8,0.000000,0.956444,0.000000,,2026-07-25,2026-07-31,5,33,33,7,0.714286,,1.000000,3.333333,,,,,,,,GLOBAL_BASELINE_NO_ENTITY_RANKING,,,NOT_APPLICABLE_GLOBAL_BASELINE,HF9g-P5,,,,X 全窗基线 · 不参与实体赏罚,3928382,393,A168_HF9F_20260827_0900,2026-08-27 09:00:00
2026-07-26,142417994,2134,0,8.1756121490,7.9712218453,7.9712218453,1.0000000,2,2,0.49994810000000000,0.499948100000,1.4143603653603398,1.4143603653603398,1.4143603653603398,0E-17,ELIGIBLE,R03b_20260811_FULL_v1,L1_ELIGIBILITY,v2026-08-11,2026-03-21..2026-08-06,baccarat_bet02_101_all_pairs_incl_sentinel,round_win = game_pnl > 0 (decisive only),COMPATIBILITY_ONLY_NOT_PRODUCTION,797.7354,762.9890,-61.5317,80,80,0.07713297,0.07713297,,0.07713297,61.5317,797.7354,OK,0.0000,-2.4613,4.0000,96.0000,AG03-UNRESOLVED,ALL5_LEVELS_bet23_to_bet27,-2.4613,-2.4613,-2.4613,-3.6919,0.0000,4.000000,4.000000,4.000000,6.000000,0.000000,96.000000,96.000000,96.000000,94.000000,100.000000,5.0,-11.0757,-10.3587,-50.4560,-51.173,PENDING_AG03,FALSE,NOT_FOR_ENFORCEMENT,-59.0704,732.4694,-61.5317,-59.0704,-2.4613,-0.07713297,-0.07404766,-2.4613,-59.0704,-0.07404766,-2.4613,-2.4613,-2.4613,-3.6919,0.0000,-59.0704,-0.07404766,-11.0757,-10.3587,-50.4560,-51.173,-0.06324904,-0.06414778,-0.00308532,9.9717,9.5374,-0.7691,-12.3063,-1.8646,159.5471,16.0000,9.9717,,4.0878,8.1756,12.2634,16.3512,25.4466,39.7948,8.1756,3.8834,3.1125,4.867498,1.219687,23,25,2,2,1.00000000,-0.07713297,-0.07713297,0E-8,0.000000,0.956444,0.000000,,2026-07-25,2026-07-31,5,33,33,7,0.714286,,1.000000,3.333333,,,,,,,,GLOBAL_BASELINE_NO_ENTITY_RANKING,,,NOT_APPLICABLE_GLOBAL_BASELINE,HF9g-P5,,,,X 全窗基线 · 不参与实体赏罚,3928383,393,A168_HF9F_20260827_0900,2026-08-27 09:00:00
2026-07-26,142417994,2155,0,40.8780607448,26.1619588767,26.1619588767,0.8000000,6,6,0.49994810000000000,0.499948100000,1.3418728975849028,1.3418728975849028,1.3418728975849028,0E-17,ELIGIBLE,R03b_20260811_FULL_v1,L1_ELIGIBILITY,v2026-08-11,2026-03-21..2026-08-06,baccarat_bet02_101_all_pairs_incl_sentinel,round_win = game_pnl > 0 (decisive only),COMPATIBILITY_ONLY_NOT_PRODUCTION,797.7354,762.9890,-61.5317,80,80,0.07713297,0.07713297,,0.07713297,61.5317,797.7354,OK,0.0000,-2.4613,4.0000,96.0000,AG03-UNRESOLVED,ALL5_LEVELS_bet23_to_bet27,-2.4613,-2.4613,-2.4613,-3.6919,0.0000,4.000000,4.000000,4.000000,6.000000,0.000000,96.000000,96.000000,96.000000,94.000000,100.000000,5.0,-11.0757,-10.3587,-50.4560,-51.173,PENDING_AG03,FALSE,NOT_FOR_ENFORCEMENT,-59.0704,732.4694,-61.5317,-59.0704,-2.4613,-0.07713297,-0.07404766,-2.4613,-59.0704,-0.07404766,-2.4613,-2.4613,-2.4613,-3.6919,0.0000,-59.0704,-0.07404766,-11.0757,-10.3587,-50.4560,-51.173,-0.06324904,-0.06414778,-0.00308532,9.9717,9.5374,-0.7691,-12.3063,-1.8646,159.5471,16.0000,9.9717,,4.0878,8.1756,12.2634,16.3512,25.4466,39.7948,8.1756,3.8834,3.1125,4.867498,1.219687,23,25,2,2,1.00000000,-0.07713297,-0.07713297,0E-8,0.000000,0.956444,0.000000,,2026-07-25,2026-07-31,5,33,33,7,0.714286,,1.000000,3.333333,,,,,,,,GLOBAL_BASELINE_NO_ENTITY_RANKING,,,NOT_APPLICABLE_GLOBAL_BASELINE,HF9g-P5,,,,X 全窗基线 · 不参与实体赏罚,3928384,393,A168_HF9F_20260827_0900,2026-08-27 09:00:00
2026-07-26,142417994,2209,0,28.6146425214,7.2558557822,7.2558557822,0.6666667,3,3,0.50218230000000000,0.502182300000,0.5697959874915163,0.5697959874915164,0.5697959874915163,0E-17,ELIGIBLE,R03b_20260811_FULL_v1,L1_ELIGIBILITY,v2026-08-11,2026-03-21..2026-08-06,baccarat_bet02_101_all_pairs_incl_sentinel,round_win = game_pnl > 0 (decisive only),COMPATIBILITY_ONLY_NOT_PRODUCTION,797.7354,762.9890,-61.5317,80,80,0.07713297,0.07713297,,0.07713297,61.5317,797.7354,OK,0.0000,-2.4613,4.0000,96.0000,AG03-UNRESOLVED,ALL5_LEVELS_bet23_to_bet27,-2.4613,-2.4613,-2.4613,-3.6919,0.0000,4.000000,4.000000,4.000000,6.000000,0.000000,96.000000,96.000000,96.000000,94.000000,100.000000,5.0,-11.0757,-10.3587,-50.4560,-51.173,PENDING_AG03,FALSE,NOT_FOR_ENFORCEMENT,-59.0704,732.4694,-61.5317,-59.0704,-2.4613,-0.07713297,-0.07404766,-2.4613,-59.0704,-0.07404766,-2.4613,-2.4613,-2.4613,-3.6919,0.0000,-59.0704,-0.07404766,-11.0757,-10.3587,-50.4560,-51.173,-0.06324904,-0.06414778,-0.00308532,9.9717,9.5374,-0.7691,-12.3063,-1.8646,159.5471,16.0000,9.9717,,4.0878,8.1756,12.2634,16.3512,25.4466,39.7948,8.1756,3.8834,3.1125,4.867498,1.219687,23,25,2,2,1.00000000,-0.07713297,-0.07713297,0E-8,0.000000,0.956444,0.000000,,2026-07-25,2026-07-31,5,33,33,7,0.714286,,1.000000,3.333333,,,,,,,,GLOBAL_BASELINE_NO_ENTITY_RANKING,,,NOT_APPLICABLE_GLOBAL_BASELINE,HF9g-P5,,,,X 全窗基线 · 不参与实体赏罚,3928385,393,A168_HF9F_20260827_0900,2026-08-27 09:00:00
2026-07-26,142417994,772,0,8.1756121490,-8.1756121490,-8.1756121490,0E-7,1,1,0.49324550000000000,0.493245500000,-0.9865810262130424,-0.9865810262130424,-0.9865810262130424,0E-17,ELIGIBLE,R03b_20260811_FULL_v1,L1_ELIGIBILITY,v2026-08-11,2026-03-21..2026-08-06,baccarat_bet02_101_all_pairs_incl_sentinel,round_win = game_pnl > 0 (decisive only),COMPATIBILITY_ONLY_NOT_PRODUCTION,797.7354,762.9890,-61.5317,80,80,0.07713297,0.07713297,,0.07713297,61.5317,797.7354,OK,0.0000,-2.4613,4.0000,96.0000,AG03-UNRESOLVED,ALL5_LEVELS_bet23_to_bet27,-2.4613,-2.4613,-2.4613,-3.6919,0.0000,4.000000,4.000000,4.000000,6.000000,0.000000,96.000000,96.000000,96.000000,94.000000,100.000000,5.0,-11.0757,-10.3587,-50.4560,-51.173,PENDING_AG03,FALSE,NOT_FOR_ENFORCEMENT,-59.0704,732.4694,-61.5317,-59.0704,-2.4613,-0.07713297,-0.07404766,-2.4613,-59.0704,-0.07404766,-2.4613,-2.4613,-2.4613,-3.6919,0.0000,-59.0704,-0.07404766,-11.0757,-10.3587,-50.4560,-51.173,-0.06324904,-0.06414778,-0.00308532,9.9717,9.5374,-0.7691,-12.3063,-1.8646,159.5471,16.0000,9.9717,,4.0878,8.1756,12.2634,16.3512,25.4466,39.7948,8.1756,3.8834,3.1125,4.867498,1.219687,23,25,2,2,1.00000000,-0.07713297,-0.07713297,0E-8,0.000000,0.956444,0.000000,,2026-07-25,2026-07-31,5,33,33,7,0.714286,,1.000000,3.333333,,,,,,,,GLOBAL_BASELINE_NO_ENTITY_RANKING,,,NOT_APPLICABLE_GLOBAL_BASELINE,HF9g-P5,,,,X 全窗基线 · 不参与实体赏罚,3928386,393,A168_HF9F_20260827_0900,2026-08-27 09:00:00
2026-07-27,142417994,1331,0,6.1317091117,-6.1317091117,-6.1317091117,0E-7,1,1,0.50665070000000000,0.506650700000,-1.013391052207602,-1.013391052207602,-1.013391052207602,0E-17,ELIGIBLE,R03b_20260811_FULL_v1,L1_ELIGIBILITY,v2026-08-11,2026-03-21..2026-08-06,baccarat_bet02_101_all_pairs_incl_sentinel,round_win = game_pnl > 0 (decisive only),COMPATIBILITY_ONLY_NOT_PRODUCTION,797.7354,762.9890,-61.5317,80,80,0.07713297,0.07713297,,0.07713297,61.5317,797.7354,OK,0.0000,-2.4613,4.0000,96.0000,AG03-UNRESOLVED,ALL5_LEVELS_bet23_to_bet27,-2.4613,-2.4613,-2.4613,-3.6919,0.0000,4.000000,4.000000,4.000000,6.000000,0.000000,96.000000,96.000000,96.000000,94.000000,100.000000,5.0,-11.0757,-10.3587,-50.4560,-51.173,PENDING_AG03,FALSE,NOT_FOR_ENFORCEMENT,-59.0704,732.4694,-61.5317,-59.0704,-2.4613,-0.07713297,-0.07404766,-2.4613,-59.0704,-0.07404766,-2.4613,-2.4613,-2.4613,-3.6919,0.0000,-59.0704,-0.07404766,-11.0757,-10.3587,-50.4560,-51.173,-0.06324904,-0.06414778,-0.00308532,9.9717,9.5374,-0.7691,-12.3063,-1.8646,159.5471,16.0000,9.9717,,4.0878,8.1756,12.2634,16.3512,25.4466,39.7948,8.1756,3.8834,3.1125,4.867498,1.219687,23,25,2,2,1.00000000,-0.07713297,-0.07713297,0E-8,0.000000,0.956444,0.000000,,2026-07-25,2026-07-31,5,33,33,7,0.714286,,1.000000,3.333333,,,,,,,,GLOBAL_BASELINE_NO_ENTITY_RANKING,,,NOT_APPLICABLE_GLOBAL_BASELINE,HF9g-P5,,,,X 全窗基线 · 不参与实体赏罚,3928387,393,A168_HF9F_20260827_0900,2026-08-27 09:00:00
2026-07-27,142417994,1385,0,19.8258594612,-19.8258594612,-19.8258594612,0E-7,1,1,0.49324550000000000,0.493245500000,-0.9865810262130424,-0.9865810262130424,-0.9865810262130424,0E-17,ELIGIBLE,R03b_20260811_FULL_v1,L1_ELIGIBILITY,v2026-08-11,2026-03-21..2026-08-06,baccarat_bet02_101_all_pairs_incl_sentinel,round_win = game_pnl > 0 (decisive only),COMPATIBILITY_ONLY_NOT_PRODUCTION,797.7354,762.9890,-61.5317,80,80,0.07713297,0.07713297,,0.07713297,61.5317,797.7354,OK,0.0000,-2.4613,4.0000,96.0000,AG03-UNRESOLVED,ALL5_LEVELS_bet23_to_bet27,-2.4613,-2.4613,-2.4613,-3.6919,0.0000,4.000000,4.000000,4.000000,6.000000,0.000000,96.000000,96.000000,96.000000,94.000000,100.000000,5.0,-11.0757,-10.3587,-50.4560,-51.173,PENDING_AG03,FALSE,NOT_FOR_ENFORCEMENT,-59.0704,732.4694,-61.5317,-59.0704,-2.4613,-0.07713297,-0.07404766,-2.4613,-59.0704,-0.07404766,-2.4613,-2.4613,-2.4613,-3.6919,0.0000,-59.0704,-0.07404766,-11.0757,-10.3587,-50.4560,-51.173,-0.06324904,-0.06414778,-0.00308532,9.9717,9.5374,-0.7691,-12.3063,-1.8646,159.5471,16.0000,9.9717,,4.0878,8.1756,12.2634,16.3512,25.4466,39.7948,8.1756,3.8834,3.1125,4.867498,1.219687,23,25,2,2,1.00000000,-0.07713297,-0.07713297,0E-8,0.000000,0.956444,0.000000,,2026-07-25,2026-07-31,5,33,33,7,0.714286,,1.000000,3.333333,,,,,,,,GLOBAL_BASELINE_NO_ENTITY_RANKING,,,NOT_APPLICABLE_GLOBAL_BASELINE,HF9g-P5,,,,X 全窗基线 · 不参与实体赏罚,3928388,393,A168_HF9F_20260827_0900,2026-08-27 09:00:00
2026-07-28,142417994,-1,1,42.9219637821,12.8765891346,12.8765891346,0.6000000,5,5,0.50396966000000000,0.503969660000,0.4294742719815242,0.4294742719815242,0.4294742719815242,0E-17,SENTINEL_DEALER,R03b_20260811_FULL_v1,L1_ELIGIBILITY,v2026-08-11,2026-03-21..2026-08-06,baccarat_bet02_101_all_pairs_incl_sentinel,round_win = game_pnl > 0 (decisive only),COMPATIBILITY_ONLY_NOT_PRODUCTION,797.7354,762.9890,-61.5317,80,80,0.07713297,0.07713297,,0.07713297,61.5317,797.7354,OK,0.0000,-2.4613,4.0000,96.0000,AG03-UNRESOLVED,ALL5_LEVELS_bet23_to_bet27,-2.4613,-2.4613,-2.4613,-3.6919,0.0000,4.000000,4.000000,4.000000,6.000000,0.000000,96.000000,96.000000,96.000000,94.000000,100.000000,5.0,-11.0757,-10.3587,-50.4560,-51.173,PENDING_AG03,FALSE,NOT_FOR_ENFORCEMENT,-59.0704,732.4694,-61.5317,-59.0704,-2.4613,-0.07713297,-0.07404766,-2.4613,-59.0704,-0.07404766,-2.4613,-2.4613,-2.4613,-3.6919,0.0000,-59.0704,-0.07404766,-11.0757,-10.3587,-50.4560,-51.173,-0.06324904,-0.06414778,-0.00308532,9.9717,9.5374,-0.7691,-12.3063,-1.8646,159.5471,16.0000,9.9717,,4.0878,8.1756,12.2634,16.3512,25.4466,39.7948,8.1756,3.8834,3.1125,4.867498,1.219687,23,25,2,2,1.00000000,-0.07713297,-0.07713297,0E-8,0.000000,0.956444,0.000000,,2026-07-25,2026-07-31,5,33,33,7,0.714286,,1.000000,3.333333,,,,,,,,GLOBAL_BASELINE_NO_ENTITY_RANKING,,,NOT_APPLICABLE_GLOBAL_BASELINE,HF9g-P5,,,,X 全窗基线 · 不参与实体赏罚,3928389,393,A168_HF9F_20260827_0900,2026-08-27 09:00:00
2026-07-28,142417994,1017,0,42.7175734784,33.0192535666,33.0192535666,0.6666667,3,3,0.49771390000000000,0.497713900000,0.5852756695216578,0.5852756695216578,0.5852756695216578,0E-17,ELIGIBLE,R03b_20260811_FULL_v1,L1_ELIGIBILITY,v2026-08-11,2026-03-21..2026-08-06,baccarat_bet02_101_all_pairs_incl_sentinel,round_win = game_pnl > 0 (decisive only),COMPATIBILITY_ONLY_NOT_PRODUCTION,797.7354,762.9890,-61.5317,80,80,0.07713297,0.07713297,,0.07713297,61.5317,797.7354,OK,0.0000,-2.4613,4.0000,96.0000,AG03-UNRESOLVED,ALL5_LEVELS_bet23_to_bet27,-2.4613,-2.4613,-2.4613,-3.6919,0.0000,4.000000,4.000000,4.000000,6.000000,0.000000,96.000000,96.000000,96.000000,94.000000,100.000000,5.0,-11.0757,-10.3587,-50.4560,-51.173,PENDING_AG03,FALSE,NOT_FOR_ENFORCEMENT,-59.0704,732.4694,-61.5317,-59.0704,-2.4613,-0.07713297,-0.07404766,-2.4613,-59.0704,-0.07404766,-2.4613,-2.4613,-2.4613,-3.6919,0.0000,-59.0704,-0.07404766,-11.0757,-10.3587,-50.4560,-51.173,-0.06324904,-0.06414778,-0.00308532,9.9717,9.5374,-0.7691,-12.3063,-1.8646,159.5471,16.0000,9.9717,,4.0878,8.1756,12.2634,16.3512,25.4466,39.7948,8.1756,3.8834,3.1125,4.867498,1.219687,23,25,2,2,1.00000000,-0.07713297,-0.07713297,0E-8,0.000000,0.956444,0.000000,,2026-07-25,2026-07-31,5,33,33,7,0.714286,,1.000000,3.333333,,,,,,,,GLOBAL_BASELINE_NO_ENTITY_RANKING,,,NOT_APPLICABLE_GLOBAL_BASELINE,HF9g-P5,,,,X 全窗基线 · 不参与实体赏罚,3928390,393,A168_HF9F_20260827_0900,2026-08-27 09:00:00
2026-07-28,142417994,1307,0,8.1756121490,8.1756121490,8.1756121490,1.0000000,1,1,0.49324550000000000,0.493245500000,1.01360149184955,1.01360149184955,1.01360149184955,0E-17,ELIGIBLE,R03b_20260811_FULL_v1,L1_ELIGIBILITY,v2026-08-11,2026-03-21..2026-08-06,baccarat_bet02_101_all_pairs_incl_sentinel,round_win = game_pnl > 0 (decisive only),COMPATIBILITY_ONLY_NOT_PRODUCTION,797.7354,762.9890,-61.5317,80,80,0.07713297,0.07713297,,0.07713297,61.5317,797.7354,OK,0.0000,-2.4613,4.0000,96.0000,AG03-UNRESOLVED,ALL5_LEVELS_bet23_to_bet27,-2.4613,-2.4613,-2.4613,-3.6919,0.0000,4.000000,4.000000,4.000000,6.000000,0.000000,96.000000,96.000000,96.000000,94.000000,100.000000,5.0,-11.0757,-10.3587,-50.4560,-51.173,PENDING_AG03,FALSE,NOT_FOR_ENFORCEMENT,-59.0704,732.4694,-61.5317,-59.0704,-2.4613,-0.07713297,-0.07404766,-2.4613,-59.0704,-0.07404766,-2.4613,-2.4613,-2.4613,-3.6919,0.0000,-59.0704,-0.07404766,-11.0757,-10.3587,-50.4560,-51.173,-0.06324904,-0.06414778,-0.00308532,9.9717,9.5374,-0.7691,-12.3063,-1.8646,159.5471,16.0000,9.9717,,4.0878,8.1756,12.2634,16.3512,25.4466,39.7948,8.1756,3.8834,3.1125,4.867498,1.219687,23,25,2,2,1.00000000,-0.07713297,-0.07713297,0E-8,0.000000,0.956444,0.000000,,2026-07-25,2026-07-31,5,33,33,7,0.714286,,1.000000,3.333333,,,,,,,,GLOBAL_BASELINE_NO_ENTITY_RANKING,,,NOT_APPLICABLE_GLOBAL_BASELINE,HF9g-P5,,,,X 全窗基线 · 不参与实体赏罚,3928391,393,A168_HF9F_20260827_0900,2026-08-27 09:00:00
2026-07-28,142417994,1385,0,24.5268364468,-12.2634182234,-12.2634182234,0E-7,2,2,0.50665070000000000,0.506650700000,-1.013391052207602,-1.013391052207602,-1.013391052207602,0E-17,ELIGIBLE,R03b_20260811_FULL_v1,L1_ELIGIBILITY,v2026-08-11,2026-03-21..2026-08-06,baccarat_bet02_101_all_pairs_incl_sentinel,round_win = game_pnl > 0 (decisive only),COMPATIBILITY_ONLY_NOT_PRODUCTION,797.7354,762.9890,-61.5317,80,80,0.07713297,0.07713297,,0.07713297,61.5317,797.7354,OK,0.0000,-2.4613,4.0000,96.0000,AG03-UNRESOLVED,ALL5_LEVELS_bet23_to_bet27,-2.4613,-2.4613,-2.4613,-3.6919,0.0000,4.000000,4.000000,4.000000,6.000000,0.000000,96.000000,96.000000,96.000000,94.000000,100.000000,5.0,-11.0757,-10.3587,-50.4560,-51.173,PENDING_AG03,FALSE,NOT_FOR_ENFORCEMENT,-59.0704,732.4694,-61.5317,-59.0704,-2.4613,-0.07713297,-0.07404766,-2.4613,-59.0704,-0.07404766,-2.4613,-2.4613,-2.4613,-3.6919,0.0000,-59.0704,-0.07404766,-11.0757,-10.3587,-50.4560,-51.173,-0.06324904,-0.06414778,-0.00308532,9.9717,9.5374,-0.7691,-12.3063,-1.8646,159.5471,16.0000,9.9717,,4.0878,8.1756,12.2634,16.3512,25.4466,39.7948,8.1756,3.8834,3.1125,4.867498,1.219687,23,25,2,2,1.00000000,-0.07713297,-0.07713297,0E-8,0.000000,0.956444,0.000000,,2026-07-25,2026-07-31,5,33,33,7,0.714286,,1.000000,3.333333,,,,,,,,GLOBAL_BASELINE_NO_ENTITY_RANKING,,,NOT_APPLICABLE_GLOBAL_BASELINE,HF9g-P5,,,,X 全窗基线 · 不参与实体赏罚,3928392,393,A168_HF9F_20260827_0900,2026-08-27 09:00:00
2026-07-28,142417994,1654,0,24.5268364470,8.1756121490,8.1756121490,0.6666667,3,3,0.49324550000000000,0.493245500000,0.6008033672792107,0.6008033672792106,0.6008033672792107,0E-17,ELIGIBLE,R03b_20260811_FULL_v1,L1_ELIGIBILITY,v2026-08-11,2026-03-21..2026-08-06,baccarat_bet02_101_all_pairs_incl_sentinel,round_win = game_pnl > 0 (decisive only),COMPATIBILITY_ONLY_NOT_PRODUCTION,797.7354,762.9890,-61.5317,80,80,0.07713297,0.07713297,,0.07713297,61.5317,797.7354,OK,0.0000,-2.4613,4.0000,96.0000,AG03-UNRESOLVED,ALL5_LEVELS_bet23_to_bet27,-2.4613,-2.4613,-2.4613,-3.6919,0.0000,4.000000,4.000000,4.000000,6.000000,0.000000,96.000000,96.000000,96.000000,94.000000,100.000000,5.0,-11.0757,-10.3587,-50.4560,-51.173,PENDING_AG03,FALSE,NOT_FOR_ENFORCEMENT,-59.0704,732.4694,-61.5317,-59.0704,-2.4613,-0.07713297,-0.07404766,-2.4613,-59.0704,-0.07404766,-2.4613,-2.4613,-2.4613,-3.6919,0.0000,-59.0704,-0.07404766,-11.0757,-10.3587,-50.4560,-51.173,-0.06324904,-0.06414778,-0.00308532,9.9717,9.5374,-0.7691,-12.3063,-1.8646,159.5471,16.0000,9.9717,,4.0878,8.1756,12.2634,16.3512,25.4466,39.7948,8.1756,3.8834,3.1125,4.867498,1.219687,23,25,2,2,1.00000000,-0.07713297,-0.07713297,0E-8,0.000000,0.956444,0.000000,,2026-07-25,2026-07-31,5,33,33,7,0.714286,,1.000000,3.333333,,,,,,,,GLOBAL_BASELINE_NO_ENTITY_RANKING,,,NOT_APPLICABLE_GLOBAL_BASELINE,HF9g-P5,,,,X 全窗基线 · 不参与实体赏罚,3928393,393,A168_HF9F_20260827_0900,2026-08-27 09:00:00
2026-07-28,142417994,1942,0,28.6146425214,11.2414667048,11.2414667048,0.6666667,3,3,0.50218230000000000,0.502182300000,0.5697959874915163,0.5697959874915164,0.5697959874915163,0E-17,ELIGIBLE,R03b_20260811_FULL_v1,L1_ELIGIBILITY,v2026-08-11,2026-03-21..2026-08-06,baccarat_bet02_101_all_pairs_incl_sentinel,round_win = game_pnl > 0 (decisive only),COMPATIBILITY_ONLY_NOT_PRODUCTION,797.7354,762.9890,-61.5317,80,80,0.07713297,0.07713297,,0.07713297,61.5317,797.7354,OK,0.0000,-2.4613,4.0000,96.0000,AG03-UNRESOLVED,ALL5_LEVELS_bet23_to_bet27,-2.4613,-2.4613,-2.4613,-3.6919,0.0000,4.000000,4.000000,4.000000,6.000000,0.000000,96.000000,96.000000,96.000000,94.000000,100.000000,5.0,-11.0757,-10.3587,-50.4560,-51.173,PENDING_AG03,FALSE,NOT_FOR_ENFORCEMENT,-59.0704,732.4694,-61.5317,-59.0704,-2.4613,-0.07713297,-0.07404766,-2.4613,-59.0704,-0.07404766,-2.4613,-2.4613,-2.4613,-3.6919,0.0000,-59.0704,-0.07404766,-11.0757,-10.3587,-50.4560,-51.173,-0.06324904,-0.06414778,-0.00308532,9.9717,9.5374,-0.7691,-12.3063,-1.8646,159.5471,16.0000,9.9717,,4.0878,8.1756,12.2634,16.3512,25.4466,39.7948,8.1756,3.8834,3.1125,4.867498,1.219687,23,25,2,2,1.00000000,-0.07713297,-0.07713297,0E-8,0.000000,0.956444,0.000000,,2026-07-25,2026-07-31,5,33,33,7,0.714286,,1.000000,3.333333,,,,,,,,GLOBAL_BASELINE_NO_ENTITY_RANKING,,,NOT_APPLICABLE_GLOBAL_BASELINE,HF9g-P5,,,,X 全窗基线 · 不参与实体赏罚,3928394,393,A168_HF9F_20260827_0900,2026-08-27 09:00:00
2026-07-28,142417994,1994,0,61.5214814209,-61.5214814209,-61.5214814209,0E-7,2,2,0.49324550000000000,0.493245500000,-1.3952362676504506,-1.3952362676504506,-1.3952362676504506,0E-17,ELIGIBLE,R03b_20260811_FULL_v1,L1_ELIGIBILITY,v2026-08-11,2026-03-21..2026-08-06,baccarat_bet02_101_all_pairs_incl_sentinel,round_win = game_pnl > 0 (decisive only),COMPATIBILITY_ONLY_NOT_PRODUCTION,797.7354,762.9890,-61.5317,80,80,0.07713297,0.07713297,,0.07713297,61.5317,797.7354,OK,0.0000,-2.4613,4.0000,96.0000,AG03-UNRESOLVED,ALL5_LEVELS_bet23_to_bet27,-2.4613,-2.4613,-2.4613,-3.6919,0.0000,4.000000,4.000000,4.000000,6.000000,0.000000,96.000000,96.000000,96.000000,94.000000,100.000000,5.0,-11.0757,-10.3587,-50.4560,-51.173,PENDING_AG03,FALSE,NOT_FOR_ENFORCEMENT,-59.0704,732.4694,-61.5317,-59.0704,-2.4613,-0.07713297,-0.07404766,-2.4613,-59.0704,-0.07404766,-2.4613,-2.4613,-2.4613,-3.6919,0.0000,-59.0704,-0.07404766,-11.0757,-10.3587,-50.4560,-51.173,-0.06324904,-0.06414778,-0.00308532,9.9717,9.5374,-0.7691,-12.3063,-1.8646,159.5471,16.0000,9.9717,,4.0878,8.1756,12.2634,16.3512,25.4466,39.7948,8.1756,3.8834,3.1125,4.867498,1.219687,23,25,2,2,1.00000000,-0.07713297,-0.07713297,0E-8,0.000000,0.956444,0.000000,,2026-07-25,2026-07-31,5,33,33,7,0.714286,,1.000000,3.333333,,,,,,,,GLOBAL_BASELINE_NO_ENTITY_RANKING,,,NOT_APPLICABLE_GLOBAL_BASELINE,HF9g-P5,,,,X 全窗基线 · 不参与实体赏罚,3928395,393,A168_HF9F_20260827_0900,2026-08-27 09:00:00
2026-07-28,142417994,2152,0,16.3512242979,-4.0878060745,-4.0878060745,0E-7,2,2,0.49994810000000000,0.499948100000,-0.9998962053866608,-0.9998962053866608,-0.9998962053866608,0E-17,ELIGIBLE,R03b_20260811_FULL_v1,L1_ELIGIBILITY,v2026-08-11,2026-03-21..2026-08-06,baccarat_bet02_101_all_pairs_incl_sentinel,round_win = game_pnl > 0 (decisive only),COMPATIBILITY_ONLY_NOT_PRODUCTION,797.7354,762.9890,-61.5317,80,80,0.07713297,0.07713297,,0.07713297,61.5317,797.7354,OK,0.0000,-2.4613,4.0000,96.0000,AG03-UNRESOLVED,ALL5_LEVELS_bet23_to_bet27,-2.4613,-2.4613,-2.4613,-3.6919,0.0000,4.000000,4.000000,4.000000,6.000000,0.000000,96.000000,96.000000,96.000000,94.000000,100.000000,5.0,-11.0757,-10.3587,-50.4560,-51.173,PENDING_AG03,FALSE,NOT_FOR_ENFORCEMENT,-59.0704,732.4694,-61.5317,-59.0704,-2.4613,-0.07713297,-0.07404766,-2.4613,-59.0704,-0.07404766,-2.4613,-2.4613,-2.4613,-3.6919,0.0000,-59.0704,-0.07404766,-11.0757,-10.3587,-50.4560,-51.173,-0.06324904,-0.06414778,-0.00308532,9.9717,9.5374,-0.7691,-12.3063,-1.8646,159.5471,16.0000,9.9717,,4.0878,8.1756,12.2634,16.3512,25.4466,39.7948,8.1756,3.8834,3.1125,4.867498,1.219687,23,25,2,2,1.00000000,-0.07713297,-0.07713297,0E-8,0.000000,0.956444,0.000000,,2026-07-25,2026-07-31,5,33,33,7,0.714286,,1.000000,3.333333,,,,,,,,GLOBAL_BASELINE_NO_ENTITY_RANKING,,,NOT_APPLICABLE_GLOBAL_BASELINE,HF9g-P5,,,,X 全窗基线 · 不参与实体赏罚,3928396,393,A168_HF9F_20260827_0900,2026-08-27 09:00:00
2026-07-28,142417994,2287,0,16.3512242979,7.5624412378,7.5624412378,0.5000000,2,2,0.50665070000000000,0.506650700000,-0.018812684590367487,-0.018812684590367487,-0.018812684590367487,0E-17,ELIGIBLE,R03b_20260811_FULL_v1,L1_ELIGIBILITY,v2026-08-11,2026-03-21..2026-08-06,baccarat_bet02_101_all_pairs_incl_sentinel,round_win = game_pnl > 0 (decisive only),COMPATIBILITY_ONLY_NOT_PRODUCTION,797.7354,762.9890,-61.5317,80,80,0.07713297,0.07713297,,0.07713297,61.5317,797.7354,OK,0.0000,-2.4613,4.0000,96.0000,AG03-UNRESOLVED,ALL5_LEVELS_bet23_to_bet27,-2.4613,-2.4613,-2.4613,-3.6919,0.0000,4.000000,4.000000,4.000000,6.000000,0.000000,96.000000,96.000000,96.000000,94.000000,100.000000,5.0,-11.0757,-10.3587,-50.4560,-51.173,PENDING_AG03,FALSE,NOT_FOR_ENFORCEMENT,-59.0704,732.4694,-61.5317,-59.0704,-2.4613,-0.07713297,-0.07404766,-2.4613,-59.0704,-0.07404766,-2.4613,-2.4613,-2.4613,-3.6919,0.0000,-59.0704,-0.07404766,-11.0757,-10.3587,-50.4560,-51.173,-0.06324904,-0.06414778,-0.00308532,9.9717,9.5374,-0.7691,-12.3063,-1.8646,159.5471,16.0000,9.9717,,4.0878,8.1756,12.2634,16.3512,25.4466,39.7948,8.1756,3.8834,3.1125,4.867498,1.219687,23,25,2,2,1.00000000,-0.07713297,-0.07713297,0E-8,0.000000,0.956444,0.000000,,2026-07-25,2026-07-31,5,33,33,7,0.714286,,1.000000,3.333333,,,,,,,,GLOBAL_BASELINE_NO_ENTITY_RANKING,,,NOT_APPLICABLE_GLOBAL_BASELINE,HF9g-P5,,,,X 全窗基线 · 不参与实体赏罚,3928397,393,A168_HF9F_20260827_0900,2026-08-27 09:00:00
2026-07-28,142417994,752,0,20.4390303724,-20.4390303724,-20.4390303724,0E-7,1,1,0.49324550000000000,0.493245500000,-0.9865810262130424,-0.9865810262130424,-0.9865810262130424,0E-17,ELIGIBLE,R03b_20260811_FULL_v1,L1_ELIGIBILITY,v2026-08-11,2026-03-21..2026-08-06,baccarat_bet02_101_all_pairs_incl_sentinel,round_win = game_pnl > 0 (decisive only),COMPATIBILITY_ONLY_NOT_PRODUCTION,797.7354,762.9890,-61.5317,80,80,0.07713297,0.07713297,,0.07713297,61.5317,797.7354,OK,0.0000,-2.4613,4.0000,96.0000,AG03-UNRESOLVED,ALL5_LEVELS_bet23_to_bet27,-2.4613,-2.4613,-2.4613,-3.6919,0.0000,4.000000,4.000000,4.000000,6.000000,0.000000,96.000000,96.000000,96.000000,94.000000,100.000000,5.0,-11.0757,-10.3587,-50.4560,-51.173,PENDING_AG03,FALSE,NOT_FOR_ENFORCEMENT,-59.0704,732.4694,-61.5317,-59.0704,-2.4613,-0.07713297,-0.07404766,-2.4613,-59.0704,-0.07404766,-2.4613,-2.4613,-2.4613,-3.6919,0.0000,-59.0704,-0.07404766,-11.0757,-10.3587,-50.4560,-51.173,-0.06324904,-0.06414778,-0.00308532,9.9717,9.5374,-0.7691,-12.3063,-1.8646,159.5471,16.0000,9.9717,,4.0878,8.1756,12.2634,16.3512,25.4466,39.7948,8.1756,3.8834,3.1125,4.867498,1.219687,23,25,2,2,1.00000000,-0.07713297,-0.07713297,0E-8,0.000000,0.956444,0.000000,,2026-07-25,2026-07-31,5,33,33,7,0.714286,,1.000000,3.333333,,,,,,,,GLOBAL_BASELINE_NO_ENTITY_RANKING,,,NOT_APPLICABLE_GLOBAL_BASELINE,HF9g-P5,,,,X 全窗基线 · 不参与实体赏罚,3928398,393,A168_HF9F_20260827_0900,2026-08-27 09:00:00
2026-07-31,142417994,1306,0,5.7229285043,-5.7229285043,-5.7229285043,0E-7,1,1,0.49324550000000000,0.493245500000,-0.9865810262130424,-0.9865810262130424,-0.9865810262130424,0E-17,ELIGIBLE,R03b_20260811_FULL_v1,L1_ELIGIBILITY,v2026-08-11,2026-03-21..2026-08-06,baccarat_bet02_101_all_pairs_incl_sentinel,round_win = game_pnl > 0 (decisive only),COMPATIBILITY_ONLY_NOT_PRODUCTION,797.7354,762.9890,-61.5317,80,80,0.07713297,0.07713297,,0.07713297,61.5317,797.7354,OK,0.0000,-2.4613,4.0000,96.0000,AG03-UNRESOLVED,ALL5_LEVELS_bet23_to_bet27,-2.4613,-2.4613,-2.4613,-3.6919,0.0000,4.000000,4.000000,4.000000,6.000000,0.000000,96.000000,96.000000,96.000000,94.000000,100.000000,5.0,-11.0757,-10.3587,-50.4560,-51.173,PENDING_AG03,FALSE,NOT_FOR_ENFORCEMENT,-59.0704,732.4694,-61.5317,-59.0704,-2.4613,-0.07713297,-0.07404766,-2.4613,-59.0704,-0.07404766,-2.4613,-2.4613,-2.4613,-3.6919,0.0000,-59.0704,-0.07404766,-11.0757,-10.3587,-50.4560,-51.173,-0.06324904,-0.06414778,-0.00308532,9.9717,9.5374,-0.7691,-12.3063,-1.8646,159.5471,16.0000,9.9717,,4.0878,8.1756,12.2634,16.3512,25.4466,39.7948,8.1756,3.8834,3.1125,4.867498,1.219687,23,25,2,2,1.00000000,-0.07713297,-0.07713297,0E-8,0.000000,0.956444,0.000000,,2026-07-25,2026-07-31,5,33,33,7,0.714286,,1.000000,3.333333,,,,,,,,GLOBAL_BASELINE_NO_ENTITY_RANKING,,,NOT_APPLICABLE_GLOBAL_BASELINE,HF9g-P5,,,,X 全窗基线 · 不参与实体赏罚,3928399,393,A168_HF9F_20260827_0900,2026-08-27 09:00:00
2026-07-31,142417994,1941,0,8.1756121490,-8.1756121490,-8.1756121490,0E-7,1,1,0.50665070000000000,0.506650700000,-1.013391052207602,-1.013391052207602,-1.013391052207602,0E-17,ELIGIBLE,R03b_20260811_FULL_v1,L1_ELIGIBILITY,v2026-08-11,2026-03-21..2026-08-06,baccarat_bet02_101_all_pairs_incl_sentinel,round_win = game_pnl > 0 (decisive only),COMPATIBILITY_ONLY_NOT_PRODUCTION,797.7354,762.9890,-61.5317,80,80,0.07713297,0.07713297,,0.07713297,61.5317,797.7354,OK,0.0000,-2.4613,4.0000,96.0000,AG03-UNRESOLVED,ALL5_LEVELS_bet23_to_bet27,-2.4613,-2.4613,-2.4613,-3.6919,0.0000,4.000000,4.000000,4.000000,6.000000,0.000000,96.000000,96.000000,96.000000,94.000000,100.000000,5.0,-11.0757,-10.3587,-50.4560,-51.173,PENDING_AG03,FALSE,NOT_FOR_ENFORCEMENT,-59.0704,732.4694,-61.5317,-59.0704,-2.4613,-0.07713297,-0.07404766,-2.4613,-59.0704,-0.07404766,-2.4613,-2.4613,-2.4613,-3.6919,0.0000,-59.0704,-0.07404766,-11.0757,-10.3587,-50.4560,-51.173,-0.06324904,-0.06414778,-0.00308532,9.9717,9.5374,-0.7691,-12.3063,-1.8646,159.5471,16.0000,9.9717,,4.0878,8.1756,12.2634,16.3512,25.4466,39.7948,8.1756,3.8834,3.1125,4.867498,1.219687,23,25,2,2,1.00000000,-0.07713297,-0.07713297,0E-8,0.000000,0.956444,0.000000,,2026-07-25,2026-07-31,5,33,33,7,0.714286,,1.000000,3.333333,,,,,,,,GLOBAL_BASELINE_NO_ENTITY_RANKING,,,NOT_APPLICABLE_GLOBAL_BASELINE,HF9g-P5,,,,X 全窗基线 · 不参与实体赏罚,3928400,393,A168_HF9F_20260827_0900,2026-08-27 09:00:00
2026-06-01,150865636,1306,0,42.7301731996,-42.7301731996,-42.7301731996,0E-7,1,1,0.50665070000000000,0.506650700000,-1.013391052207602,-1.013391052207602,-1.013391052207602,0E-17,ELIGIBLE,R03b_20260811_FULL_v1,L1_ELIGIBILITY,v2026-08-11,2026-03-21..2026-08-06,baccarat_bet02_101_all_pairs_incl_sentinel,round_win = game_pnl > 0 (decisive only),COMPATIBILITY_ONLY_NOT_PRODUCTION,150.2678,150.2678,-61.5314,3,3,0.40947867,,0.40947867,0.40947867,61.5314,150.2678,THIN_EXPOSURE,0.0000,-2.4613,4.0000,96.0000,AG03-UNRESOLVED,ALL5_LEVELS_bet23_to_bet27,-2.4613,-2.4613,-2.4613,-2.4613,-2.4613,4.000000,4.000000,4.000000,4.000000,4.000000,96.000000,96.000000,96.000000,96.000000,96.000000,5.0,-12.3063,-11.3604,-49.2252,-50.1711,PENDING_AG03,FALSE,NOT_FOR_ENFORCEMENT,-59.0702,144.2571,-61.5314,-59.0702,-2.4613,-0.40947867,-0.39309953,-2.4613,-59.0702,-0.39309953,-2.4613,-2.4613,-2.4613,-2.4613,-2.4613,-59.0702,-0.39309953,-12.3063,-11.3604,-49.2252,-50.1711,-0.32758294,-0.33387773,-0.01637915,50.0893,50.0893,-20.5105,-30.7657,-20.5105,75.1339,1.5000,,50.0893,42.196,42.7302,59.8222,65.5196,65.5196,65.5196,42.7302,42.018,1.533333,1.533333,1.172222,3,3,3,2,0E-8,-0.40947867,,0E-8,0.000000,1.000000,0.000000,,2026-06-01,2026-06-08,2,3,3,8,0.250000,,,0.000000,,,,,,,,GLOBAL_BASELINE_NO_ENTITY_RANKING,,,NOT_APPLICABLE_GLOBAL_BASELINE,HF9g-P5,,,,X 全窗基线 · 不参与实体赏罚,3928401,393,A168_HF9F_20260827_0900,2026-08-27 09:00:00
2026-06-01,150865636,1396,0,42.0180036463,42.0180036463,42.0180036463,1.0000000,1,1,0.49324550000000000,0.493245500000,1.01360149184955,1.01360149184955,1.01360149184955,0E-17,ELIGIBLE,R03b_20260811_FULL_v1,L1_ELIGIBILITY,v2026-08-11,2026-03-21..2026-08-06,baccarat_bet02_101_all_pairs_incl_sentinel,round_win = game_pnl > 0 (decisive only),COMPATIBILITY_ONLY_NOT_PRODUCTION,150.2678,150.2678,-61.5314,3,3,0.40947867,,0.40947867,0.40947867,61.5314,150.2678,THIN_EXPOSURE,0.0000,-2.4613,4.0000,96.0000,AG03-UNRESOLVED,ALL5_LEVELS_bet23_to_bet27,-2.4613,-2.4613,-2.4613,-2.4613,-2.4613,4.000000,4.000000,4.000000,4.000000,4.000000,96.000000,96.000000,96.000000,96.000000,96.000000,5.0,-12.3063,-11.3604,-49.2252,-50.1711,PENDING_AG03,FALSE,NOT_FOR_ENFORCEMENT,-59.0702,144.2571,-61.5314,-59.0702,-2.4613,-0.40947867,-0.39309953,-2.4613,-59.0702,-0.39309953,-2.4613,-2.4613,-2.4613,-2.4613,-2.4613,-59.0702,-0.39309953,-12.3063,-11.3604,-49.2252,-50.1711,-0.32758294,-0.33387773,-0.01637915,50.0893,50.0893,-20.5105,-30.7657,-20.5105,75.1339,1.5000,,50.0893,42.196,42.7302,59.8222,65.5196,65.5196,65.5196,42.7302,42.018,1.533333,1.533333,1.172222,3,3,3,2,0E-8,-0.40947867,,0E-8,0.000000,1.000000,0.000000,,2026-06-01,2026-06-08,2,3,3,8,0.250000,,,0.000000,,,,,,,,GLOBAL_BASELINE_NO_ENTITY_RANKING,,,NOT_APPLICABLE_GLOBAL_BASELINE,HF9g-P5,,,,X 全窗基线 · 不参与实体赏罚,3928402,393,A168_HF9F_20260827_0900,2026-08-27 09:00:00
2026-06-08,150865636,2123,0,65.5195989061,62.2436189608,62.2436189608,1.0000000,1,1,0.50665070000000000,0.506650700000,0.9867858985152569,0.9867858985152569,0.9867858985152569,0E-17,ELIGIBLE,R03b_20260811_FULL_v1,L1_ELIGIBILITY,v2026-08-11,2026-03-21..2026-08-06,baccarat_bet02_101_all_pairs_incl_sentinel,round_win = game_pnl > 0 (decisive only),COMPATIBILITY_ONLY_NOT_PRODUCTION,150.2678,150.2678,-61.5314,3,3,0.40947867,,0.40947867,0.40947867,61.5314,150.2678,THIN_EXPOSURE,0.0000,-2.4613,4.0000,96.0000,AG03-UNRESOLVED,ALL5_LEVELS_bet23_to_bet27,-2.4613,-2.4613,-2.4613,-2.4613,-2.4613,4.000000,4.000000,4.000000,4.000000,4.000000,96.000000,96.000000,96.000000,96.000000,96.000000,5.0,-12.3063,-11.3604,-49.2252,-50.1711,PENDING_AG03,FALSE,NOT_FOR_ENFORCEMENT,-59.0702,144.2571,-61.5314,-59.0702,-2.4613,-0.40947867,-0.39309953,-2.4613,-59.0702,-0.39309953,-2.4613,-2.4613,-2.4613,-2.4613,-2.4613,-59.0702,-0.39309953,-12.3063,-11.3604,-49.2252,-50.1711,-0.32758294,-0.33387773,-0.01637915,50.0893,50.0893,-20.5105,-30.7657,-20.5105,75.1339,1.5000,,50.0893,42.196,42.7302,59.8222,65.5196,65.5196,65.5196,42.7302,42.018,1.533333,1.533333,1.172222,3,3,3,2,0E-8,-0.40947867,,0E-8,0.000000,1.000000,0.000000,,2026-06-01,2026-06-08,2,3,3,8,0.250000,,,0.000000,,,,,,,,GLOBAL_BASELINE_NO_ENTITY_RANKING,,,NOT_APPLICABLE_GLOBAL_BASELINE,HF9g-P5,,,,X 全窗基线 · 不参与实体赏罚,3928403,393,A168_HF9F_20260827_0900,2026-08-27 09:00:00
2026-04-20,148907222,2153,0,2.6175954768,2.6175954768,2.6175954768,1.0000000,1,1,0.49324550000000000,0.493245500000,1.01360149184955,1.01360149184955,1.01360149184955,0E-17,ELIGIBLE,R03b_20260811_FULL_v1,L1_ELIGIBILITY,v2026-08-11,2026-03-21..2026-08-06,baccarat_bet02_101_all_pairs_incl_sentinel,round_win = game_pnl > 0 (decisive only),COMPATIBILITY_ONLY_NOT_PRODUCTION,96.9904,96.9904,-60.8965,12,12,0.62786174,,0.62786174,0.62786174,60.8965,96.9904,THIN_EXPOSURE,0.0000,-1.8269,3.0000,97.0000,AG03-UNRESOLVED,ALL5_LEVELS_bet23_to_bet27,-1.8269,-1.8269,-1.8269,-2.4359,-2.4359,3.000000,3.000000,3.000000,4.000000,4.000000,97.000000,97.000000,97.000000,96.000000,96.000000,5.0,-10.3524,-9.6753,-50.5441,-51.2213,PENDING_AG03,FALSE,NOT_FOR_ENFORCEMENT,-59.0696,94.0806,-60.8965,-59.0696,-1.8269,-0.62786174,-0.60902589,-1.8269,-59.0696,-0.60902589,-1.8269,-1.8269,-1.8269,-2.4359,-2.4359,-59.0696,-0.60902589,-10.3524,-9.6753,-50.5441,-51.2213,-0.52112524,-0.52810671,-0.01883585,8.0825,8.0825,-5.0747,-15.2241,-6.7663,24.2476,3.0000,,8.0825,5.1431,5.1661,13.2189,15.7379,16.3551,16.4579,5.1661,5.1431,3.165831,3.185742,1.564525,8,9,3,1,0E-8,-0.62786174,,0E-8,0.000000,1.000000,0.000000,,2026-04-20,2026-06-17,4,9,9,59,0.067797,,,0.000000,,,,,,,,GLOBAL_BASELINE_NO_ENTITY_RANKING,,,NOT_APPLICABLE_GLOBAL_BASELINE,HF9g-P5,,,,X 全窗基线 · 不参与实体赏罚,3928404,393,A168_HF9F_20260827_0900,2026-08-27 09:00:00
2026-04-20,148907222,2222,0,13.3497369317,13.3497369317,13.3497369317,1.0000000,1,1,0.49324550000000000,0.493245500000,1.01360149184955,1.01360149184955,1.01360149184955,0E-17,ELIGIBLE,R03b_20260811_FULL_v1,L1_ELIGIBILITY,v2026-08-11,2026-03-21..2026-08-06,baccarat_bet02_101_all_pairs_incl_sentinel,round_win = game_pnl > 0 (decisive only),COMPATIBILITY_ONLY_NOT_PRODUCTION,96.9904,96.9904,-60.8965,12,12,0.62786174,,0.62786174,0.62786174,60.8965,96.9904,THIN_EXPOSURE,0.0000,-1.8269,3.0000,97.0000,AG03-UNRESOLVED,ALL5_LEVELS_bet23_to_bet27,-1.8269,-1.8269,-1.8269,-2.4359,-2.4359,3.000000,3.000000,3.000000,4.000000,4.000000,97.000000,97.000000,97.000000,96.000000,96.000000,5.0,-10.3524,-9.6753,-50.5441,-51.2213,PENDING_AG03,FALSE,NOT_FOR_ENFORCEMENT,-59.0696,94.0806,-60.8965,-59.0696,-1.8269,-0.62786174,-0.60902589,-1.8269,-59.0696,-0.60902589,-1.8269,-1.8269,-1.8269,-2.4359,-2.4359,-59.0696,-0.60902589,-10.3524,-9.6753,-50.5441,-51.2213,-0.52112524,-0.52810671,-0.01883585,8.0825,8.0825,-5.0747,-15.2241,-6.7663,24.2476,3.0000,,8.0825,5.1431,5.1661,13.2189,15.7379,16.3551,16.4579,5.1661,5.1431,3.165831,3.185742,1.564525,8,9,3,1,0E-8,-0.62786174,,0E-8,0.000000,1.000000,0.000000,,2026-04-20,2026-06-17,4,9,9,59,0.067797,,,0.000000,,,,,,,,GLOBAL_BASELINE_NO_ENTITY_RANKING,,,NOT_APPLICABLE_GLOBAL_BASELINE,HF9g-P5,,,,X 全窗基线 · 不参与实体赏罚,3928405,393,A168_HF9F_20260827_0900,2026-08-27 09:00:00
2026-04-24,148907222,1325,0,13.0879773840,13.0879773840,13.0879773840,1.0000000,1,1,0.49324550000000000,0.493245500000,1.01360149184955,1.01360149184955,1.01360149184955,0E-17,ELIGIBLE,R03b_20260811_FULL_v1,L1_ELIGIBILITY,v2026-08-11,2026-03-21..2026-08-06,baccarat_bet02_101_all_pairs_incl_sentinel,round_win = game_pnl > 0 (decisive only),COMPATIBILITY_ONLY_NOT_PRODUCTION,96.9904,96.9904,-60.8965,12,12,0.62786174,,0.62786174,0.62786174,60.8965,96.9904,THIN_EXPOSURE,0.0000,-1.8269,3.0000,97.0000,AG03-UNRESOLVED,ALL5_LEVELS_bet23_to_bet27,-1.8269,-1.8269,-1.8269,-2.4359,-2.4359,3.000000,3.000000,3.000000,4.000000,4.000000,97.000000,97.000000,97.000000,96.000000,96.000000,5.0,-10.3524,-9.6753,-50.5441,-51.2213,PENDING_AG03,FALSE,NOT_FOR_ENFORCEMENT,-59.0696,94.0806,-60.8965,-59.0696,-1.8269,-0.62786174,-0.60902589,-1.8269,-59.0696,-0.60902589,-1.8269,-1.8269,-1.8269,-2.4359,-2.4359,-59.0696,-0.60902589,-10.3524,-9.6753,-50.5441,-51.2213,-0.52112524,-0.52810671,-0.01883585,8.0825,8.0825,-5.0747,-15.2241,-6.7663,24.2476,3.0000,,8.0825,5.1431,5.1661,13.2189,15.7379,16.3551,16.4579,5.1661,5.1431,3.165831,3.185742,1.564525,8,9,3,1,0E-8,-0.62786174,,0E-8,0.000000,1.000000,0.000000,,2026-04-20,2026-06-17,4,9,9,59,0.067797,,,0.000000,,,,,,,,GLOBAL_BASELINE_NO_ENTITY_RANKING,,,NOT_APPLICABLE_GLOBAL_BASELINE,HF9g-P5,,,,X 全窗基线 · 不参与实体赏罚,3928406,393,A168_HF9F_20260827_0900,2026-08-27 09:00:00
2026-05-12,148907222,2233,0,5.1891443101,-5.1891443101,-5.1891443101,0E-7,1,1,0.49324550000000000,0.493245500000,-0.9865810262130424,-0.9865810262130424,-0.9865810262130424,0E-17,ELIGIBLE,R03b_20260811_FULL_v1,L1_ELIGIBILITY,v2026-08-11,2026-03-21..2026-08-06,baccarat_bet02_101_all_pairs_incl_sentinel,round_win = game_pnl > 0 (decisive only),COMPATIBILITY_ONLY_NOT_PRODUCTION,96.9904,96.9904,-60.8965,12,12,0.62786174,,0.62786174,0.62786174,60.8965,96.9904,THIN_EXPOSURE,0.0000,-1.8269,3.0000,97.0000,AG03-UNRESOLVED,ALL5_LEVELS_bet23_to_bet27,-1.8269,-1.8269,-1.8269,-2.4359,-2.4359,3.000000,3.000000,3.000000,4.000000,4.000000,97.000000,97.000000,97.000000,96.000000,96.000000,5.0,-10.3524,-9.6753,-50.5441,-51.2213,PENDING_AG03,FALSE,NOT_FOR_ENFORCEMENT,-59.0696,94.0806,-60.8965,-59.0696,-1.8269,-0.62786174,-0.60902589,-1.8269,-59.0696,-0.60902589,-1.8269,-1.8269,-1.8269,-2.4359,-2.4359,-59.0696,-0.60902589,-10.3524,-9.6753,-50.5441,-51.2213,-0.52112524,-0.52810671,-0.01883585,8.0825,8.0825,-5.0747,-15.2241,-6.7663,24.2476,3.0000,,8.0825,5.1431,5.1661,13.2189,15.7379,16.3551,16.4579,5.1661,5.1431,3.165831,3.185742,1.564525,8,9,3,1,0E-8,-0.62786174,,0E-8,0.000000,1.000000,0.000000,,2026-04-20,2026-06-17,4,9,9,59,0.067797,,,0.000000,,,,,,,,GLOBAL_BASELINE_NO_ENTITY_RANKING,,,NOT_APPLICABLE_GLOBAL_BASELINE,HF9g-P5,,,,X 全窗基线 · 不参与实体赏罚,3928407,393,A168_HF9F_20260827_0900,2026-08-27 09:00:00
2026-06-17,148907222,-1,1,12.8577673773,-12.8577673773,-12.8577673773,0E-7,2,2,0.49324550000000000,0.493245500000,-1.3952362676504506,-1.3952362676504506,-1.3952362676504506,0E-17,SENTINEL_DEALER,R03b_20260811_FULL_v1,L1_ELIGIBILITY,v2026-08-11,2026-03-21..2026-08-06,baccarat_bet02_101_all_pairs_incl_sentinel,round_win = game_pnl > 0 (decisive only),COMPATIBILITY_ONLY_NOT_PRODUCTION,96.9904,96.9904,-60.8965,12,12,0.62786174,,0.62786174,0.62786174,60.8965,96.9904,THIN_EXPOSURE,0.0000,-1.8269,3.0000,97.0000,AG03-UNRESOLVED,ALL5_LEVELS_bet23_to_bet27,-1.8269,-1.8269,-1.8269,-2.4359,-2.4359,3.000000,3.000000,3.000000,4.000000,4.000000,97.000000,97.000000,97.000000,96.000000,96.000000,5.0,-10.3524,-9.6753,-50.5441,-51.2213,PENDING_AG03,FALSE,NOT_FOR_ENFORCEMENT,-59.0696,94.0806,-60.8965,-59.0696,-1.8269,-0.62786174,-0.60902589,-1.8269,-59.0696,-0.60902589,-1.8269,-1.8269,-1.8269,-2.4359,-2.4359,-59.0696,-0.60902589,-10.3524,-9.6753,-50.5441,-51.2213,-0.52112524,-0.52810671,-0.01883585,8.0825,8.0825,-5.0747,-15.2241,-6.7663,24.2476,3.0000,,8.0825,5.1431,5.1661,13.2189,15.7379,16.3551,16.4579,5.1661,5.1431,3.165831,3.185742,1.564525,8,9,3,1,0E-8,-0.62786174,,0E-8,0.000000,1.000000,0.000000,,2026-04-20,2026-06-17,4,9,9,59,0.067797,,,0.000000,,,,,,,,GLOBAL_BASELINE_NO_ENTITY_RANKING,,,NOT_APPLICABLE_GLOBAL_BASELINE,HF9g-P5,,,,X 全窗基线 · 不参与实体赏罚,3928408,393,A168_HF9F_20260827_0900,2026-08-27 09:00:00
2026-06-17,148907222,1307,0,7.7146604264,7.7146604264,7.7146604264,1.0000000,2,2,0.49324550000000000,0.493245500000,1.4334489766152358,1.4334489766152358,1.4334489766152358,0E-17,ELIGIBLE,R03b_20260811_FULL_v1,L1_ELIGIBILITY,v2026-08-11,2026-03-21..2026-08-06,baccarat_bet02_101_all_pairs_incl_sentinel,round_win = game_pnl > 0 (decisive only),COMPATIBILITY_ONLY_NOT_PRODUCTION,96.9904,96.9904,-60.8965,12,12,0.62786174,,0.62786174,0.62786174,60.8965,96.9904,THIN_EXPOSURE,0.0000,-1.8269,3.0000,97.0000,AG03-UNRESOLVED,ALL5_LEVELS_bet23_to_bet27,-1.8269,-1.8269,-1.8269,-2.4359,-2.4359,3.000000,3.000000,3.000000,4.000000,4.000000,97.000000,97.000000,97.000000,96.000000,96.000000,5.0,-10.3524,-9.6753,-50.5441,-51.2213,PENDING_AG03,FALSE,NOT_FOR_ENFORCEMENT,-59.0696,94.0806,-60.8965,-59.0696,-1.8269,-0.62786174,-0.60902589,-1.8269,-59.0696,-0.60902589,-1.8269,-1.8269,-1.8269,-2.4359,-2.4359,-59.0696,-0.60902589,-10.3524,-9.6753,-50.5441,-51.2213,-0.52112524,-0.52810671,-0.01883585,8.0825,8.0825,-5.0747,-15.2241,-6.7663,24.2476,3.0000,,8.0825,5.1431,5.1661,13.2189,15.7379,16.3551,16.4579,5.1661,5.1431,3.165831,3.185742,1.564525,8,9,3,1,0E-8,-0.62786174,,0E-8,0.000000,1.000000,0.000000,,2026-04-20,2026-06-17,4,9,9,59,0.067797,,,0.000000,,,,,,,,GLOBAL_BASELINE_NO_ENTITY_RANKING,,,NOT_APPLICABLE_GLOBAL_BASELINE,HF9g-P5,,,,X 全窗基线 · 不参与实体赏罚,3928409,393,A168_HF9F_20260827_0900,2026-08-27 09:00:00
2026-06-17,148907222,2134,0,5.1431069509,5.1431069509,5.1431069509,1.0000000,1,1,0.49324550000000000,0.493245500000,1.01360149184955,1.01360149184955,1.01360149184955,0E-17,ELIGIBLE,R03b_20260811_FULL_v1,L1_ELIGIBILITY,v2026-08-11,2026-03-21..2026-08-06,baccarat_bet02_101_all_pairs_incl_sentinel,round_win = game_pnl > 0 (decisive only),COMPATIBILITY_ONLY_NOT_PRODUCTION,96.9904,96.9904,-60.8965,12,12,0.62786174,,0.62786174,0.62786174,60.8965,96.9904,THIN_EXPOSURE,0.0000,-1.8269,3.0000,97.0000,AG03-UNRESOLVED,ALL5_LEVELS_bet23_to_bet27,-1.8269,-1.8269,-1.8269,-2.4359,-2.4359,3.000000,3.000000,3.000000,4.000000,4.000000,97.000000,97.000000,97.000000,96.000000,96.000000,5.0,-10.3524,-9.6753,-50.5441,-51.2213,PENDING_AG03,FALSE,NOT_FOR_ENFORCEMENT,-59.0696,94.0806,-60.8965,-59.0696,-1.8269,-0.62786174,-0.60902589,-1.8269,-59.0696,-0.60902589,-1.8269,-1.8269,-1.8269,-2.4359,-2.4359,-59.0696,-0.60902589,-10.3524,-9.6753,-50.5441,-51.2213,-0.52112524,-0.52810671,-0.01883585,8.0825,8.0825,-5.0747,-15.2241,-6.7663,24.2476,3.0000,,8.0825,5.1431,5.1661,13.2189,15.7379,16.3551,16.4579,5.1661,5.1431,3.165831,3.185742,1.564525,8,9,3,1,0E-8,-0.62786174,,0E-8,0.000000,1.000000,0.000000,,2026-04-20,2026-06-17,4,9,9,59,0.067797,,,0.000000,,,,,,,,GLOBAL_BASELINE_NO_ENTITY_RANKING,,,NOT_APPLICABLE_GLOBAL_BASELINE,HF9g-P5,,,,X 全窗基线 · 不参与实体赏罚,3928410,393,A168_HF9F_20260827_0900,2026-08-27 09:00:00
2026-06-17,148907222,2142,0,16.4579422429,16.4579422429,16.4579422429,1.0000000,1,1,0.49324550000000000,0.493245500000,1.01360149184955,1.01360149184955,1.01360149184955,0E-17,ELIGIBLE,R03b_20260811_FULL_v1,L1_ELIGIBILITY,v2026-08-11,2026-03-21..2026-08-06,baccarat_bet02_101_all_pairs_incl_sentinel,round_win = game_pnl > 0 (decisive only),COMPATIBILITY_ONLY_NOT_PRODUCTION,96.9904,96.9904,-60.8965,12,12,0.62786174,,0.62786174,0.62786174,60.8965,96.9904,THIN_EXPOSURE,0.0000,-1.8269,3.0000,97.0000,AG03-UNRESOLVED,ALL5_LEVELS_bet23_to_bet27,-1.8269,-1.8269,-1.8269,-2.4359,-2.4359,3.000000,3.000000,3.000000,4.000000,4.000000,97.000000,97.000000,97.000000,96.000000,96.000000,5.0,-10.3524,-9.6753,-50.5441,-51.2213,PENDING_AG03,FALSE,NOT_FOR_ENFORCEMENT,-59.0696,94.0806,-60.8965,-59.0696,-1.8269,-0.62786174,-0.60902589,-1.8269,-59.0696,-0.60902589,-1.8269,-1.8269,-1.8269,-2.4359,-2.4359,-59.0696,-0.60902589,-10.3524,-9.6753,-50.5441,-51.2213,-0.52112524,-0.52810671,-0.01883585,8.0825,8.0825,-5.0747,-15.2241,-6.7663,24.2476,3.0000,,8.0825,5.1431,5.1661,13.2189,15.7379,16.3551,16.4579,5.1661,5.1431,3.165831,3.185742,1.564525,8,9,3,1,0E-8,-0.62786174,,0E-8,0.000000,1.000000,0.000000,,2026-04-20,2026-06-17,4,9,9,59,0.067797,,,0.000000,,,,,,,,GLOBAL_BASELINE_NO_ENTITY_RANKING,,,NOT_APPLICABLE_GLOBAL_BASELINE,HF9g-P5,,,,X 全窗基线 · 不参与实体赏罚,3928411,393,A168_HF9F_20260827_0900,2026-08-27 09:00:00
2026-06-17,148907222,2153,0,5.1431069509,5.1431069509,5.1431069509,1.0000000,1,1,0.49324550000000000,0.493245500000,1.01360149184955,1.01360149184955,1.01360149184955,0E-17,ELIGIBLE,R03b_20260811_FULL_v1,L1_ELIGIBILITY,v2026-08-11,2026-03-21..2026-08-06,baccarat_bet02_101_all_pairs_incl_sentinel,round_win = game_pnl > 0 (decisive only),COMPATIBILITY_ONLY_NOT_PRODUCTION,96.9904,96.9904,-60.8965,12,12,0.62786174,,0.62786174,0.62786174,60.8965,96.9904,THIN_EXPOSURE,0.0000,-1.8269,3.0000,97.0000,AG03-UNRESOLVED,ALL5_LEVELS_bet23_to_bet27,-1.8269,-1.8269,-1.8269,-2.4359,-2.4359,3.000000,3.000000,3.000000,4.000000,4.000000,97.000000,97.000000,97.000000,96.000000,96.000000,5.0,-10.3524,-9.6753,-50.5441,-51.2213,PENDING_AG03,FALSE,NOT_FOR_ENFORCEMENT,-59.0696,94.0806,-60.8965,-59.0696,-1.8269,-0.62786174,-0.60902589,-1.8269,-59.0696,-0.60902589,-1.8269,-1.8269,-1.8269,-2.4359,-2.4359,-59.0696,-0.60902589,-10.3524,-9.6753,-50.5441,-51.2213,-0.52112524,-0.52810671,-0.01883585,8.0825,8.0825,-5.0747,-15.2241,-6.7663,24.2476,3.0000,,8.0825,5.1431,5.1661,13.2189,15.7379,16.3551,16.4579,5.1661,5.1431,3.165831,3.185742,1.564525,8,9,3,1,0E-8,-0.62786174,,0E-8,0.000000,1.000000,0.000000,,2026-04-20,2026-06-17,4,9,9,59,0.067797,,,0.000000,,,,,,,,GLOBAL_BASELINE_NO_ENTITY_RANKING,,,NOT_APPLICABLE_GLOBAL_BASELINE,HF9g-P5,,,,X 全窗基线 · 不参与实体赏罚,3928412,393,A168_HF9F_20260827_0900,2026-08-27 09:00:00
2026-06-17,148907222,2223,0,15.4293208527,15.4293208527,15.4293208527,1.0000000,1,1,0.49324550000000000,0.493245500000,1.01360149184955,1.01360149184955,1.01360149184955,0E-17,ELIGIBLE,R03b_20260811_FULL_v1,L1_ELIGIBILITY,v2026-08-11,2026-03-21..2026-08-06,baccarat_bet02_101_all_pairs_incl_sentinel,round_win = game_pnl > 0 (decisive only),COMPATIBILITY_ONLY_NOT_PRODUCTION,96.9904,96.9904,-60.8965,12,12,0.62786174,,0.62786174,0.62786174,60.8965,96.9904,THIN_EXPOSURE,0.0000,-1.8269,3.0000,97.0000,AG03-UNRESOLVED,ALL5_LEVELS_bet23_to_bet27,-1.8269,-1.8269,-1.8269,-2.4359,-2.4359,3.000000,3.000000,3.000000,4.000000,4.000000,97.000000,97.000000,97.000000,96.000000,96.000000,5.0,-10.3524,-9.6753,-50.5441,-51.2213,PENDING_AG03,FALSE,NOT_FOR_ENFORCEMENT,-59.0696,94.0806,-60.8965,-59.0696,-1.8269,-0.62786174,-0.60902589,-1.8269,-59.0696,-0.60902589,-1.8269,-1.8269,-1.8269,-2.4359,-2.4359,-59.0696,-0.60902589,-10.3524,-9.6753,-50.5441,-51.2213,-0.52112524,-0.52810671,-0.01883585,8.0825,8.0825,-5.0747,-15.2241,-6.7663,24.2476,3.0000,,8.0825,5.1431,5.1661,13.2189,15.7379,16.3551,16.4579,5.1661,5.1431,3.165831,3.185742,1.564525,8,9,3,1,0E-8,-0.62786174,,0E-8,0.000000,1.000000,0.000000,,2026-04-20,2026-06-17,4,9,9,59,0.067797,,,0.000000,,,,,,,,GLOBAL_BASELINE_NO_ENTITY_RANKING,,,NOT_APPLICABLE_GLOBAL_BASELINE,HF9g-P5,,,,X 全窗基线 · 不参与实体赏罚,3928413,393,A168_HF9F_20260827_0900,2026-08-27 09:00:00
2026-05-16,150126559,-1,1,72.3885631262,3.9048310934,3.9048310934,0.5000000,14,14,0.49899058571428571,0.498990585714,0.0069934415664623115,0.006993441568441781,0.0069934415664623115,2.8571E-13,SENTINEL_DEALER,R03b_20260811_FULL_v1,L1_ELIGIBILITY,v2026-08-11,2026-03-21..2026-08-06,baccarat_bet02_101_all_pairs_incl_sentinel,round_win = game_pnl > 0 (decisive only),COMPATIBILITY_ONLY_NOT_PRODUCTION,312.4454,265.8351,-60.8937,55,55,0.19489404,,0.19489404,0.19489404,60.8937,312.4454,OK,0.0000,-1.8268,3.0000,97.0000,AG03-UNRESOLVED,ALL5_LEVELS_bet23_to_bet27,-1.8268,-1.8268,-1.8268,-2.4357,-2.4357,3.000000,3.000000,3.000000,4.000000,4.000000,97.000000,97.000000,97.000000,96.000000,96.000000,5.0,-10.3519,-9.6748,-50.5418,-51.2189,PENDING_AG03,FALSE,NOT_FOR_ENFORCEMENT,-59.0669,257.8601,-60.8937,-59.0669,-1.8268,-0.19489404,-0.18904721,-1.8268,-59.0669,-0.18904721,-1.8268,-1.8268,-1.8268,-2.4357,-2.4357,-59.0669,-0.18904721,-10.3519,-9.6748,-50.5418,-51.2189,-0.16176205,-0.16392916,-0.00584682,5.6808,4.8334,-1.1072,-20.2979,-1.7398,104.1485,18.3333,,5.6808,2.5946,5.1431,7.7147,10.3783,12.9441,20.9832,2.5946,0.0,2.516783,4.079866,1.104551,23,20,3,2,0E-8,-0.19489404,,0E-8,0.000000,0.850821,0.000000,,2026-05-16,2026-06-04,3,35,34,20,0.150000,,,0.000000,,,,,,,,GLOBAL_BASELINE_NO_ENTITY_RANKING,,,NOT_APPLICABLE_GLOBAL_BASELINE,HF9g-P5,,,,X 全窗基线 · 不参与实体赏罚,3928414,393,A168_HF9F_20260827_0900,2026-08-27 09:00:00
2026-05-16,150126559,1004,0,7.7837164653,0E-10,0E-10,0.5000000,3,3,0.49324550000000000,0.493245500000,0.01910635448239258,0.01910635448239258,0.01910635448239258,0E-17,ELIGIBLE,R03b_20260811_FULL_v1,L1_ELIGIBILITY,v2026-08-11,2026-03-21..2026-08-06,baccarat_bet02_101_all_pairs_incl_sentinel,round_win = game_pnl > 0 (decisive only),COMPATIBILITY_ONLY_NOT_PRODUCTION,312.4454,265.8351,-60.8937,55,55,0.19489404,,0.19489404,0.19489404,60.8937,312.4454,OK,0.0000,-1.8268,3.0000,97.0000,AG03-UNRESOLVED,ALL5_LEVELS_bet23_to_bet27,-1.8268,-1.8268,-1.8268,-2.4357,-2.4357,3.000000,3.000000,3.000000,4.000000,4.000000,97.000000,97.000000,97.000000,96.000000,96.000000,5.0,-10.3519,-9.6748,-50.5418,-51.2189,PENDING_AG03,FALSE,NOT_FOR_ENFORCEMENT,-59.0669,257.8601,-60.8937,-59.0669,-1.8268,-0.19489404,-0.18904721,-1.8268,-59.0669,-0.18904721,-1.8268,-1.8268,-1.8268,-2.4357,-2.4357,-59.0669,-0.18904721,-10.3519,-9.6748,-50.5418,-51.2189,-0.16176205,-0.16392916,-0.00584682,5.6808,4.8334,-1.1072,-20.2979,-1.7398,104.1485,18.3333,,5.6808,2.5946,5.1431,7.7147,10.3783,12.9441,20.9832,2.5946,0.0,2.516783,4.079866,1.104551,23,20,3,2,0E-8,-0.19489404,,0E-8,0.000000,0.850821,0.000000,,2026-05-16,2026-06-04,3,35,34,20,0.150000,,,0.000000,,,,,,,,GLOBAL_BASELINE_NO_ENTITY_RANKING,,,NOT_APPLICABLE_GLOBAL_BASELINE,HF9g-P5,,,,X 全窗基线 · 不参与实体赏罚,3928415,393,A168_HF9F_20260827_0900,2026-08-27 09:00:00
2026-05-16,150126559,1382,0,2.5945721551,2.5945721551,2.5945721551,1.0000000,1,1,0.49324550000000000,0.493245500000,1.01360149184955,1.01360149184955,1.01360149184955,0E-17,ELIGIBLE,R03b_20260811_FULL_v1,L1_ELIGIBILITY,v2026-08-11,2026-03-21..2026-08-06,baccarat_bet02_101_all_pairs_incl_sentinel,round_win = game_pnl > 0 (decisive only),COMPATIBILITY_ONLY_NOT_PRODUCTION,312.4454,265.8351,-60.8937,55,55,0.19489404,,0.19489404,0.19489404,60.8937,312.4454,OK,0.0000,-1.8268,3.0000,97.0000,AG03-UNRESOLVED,ALL5_LEVELS_bet23_to_bet27,-1.8268,-1.8268,-1.8268,-2.4357,-2.4357,3.000000,3.000000,3.000000,4.000000,4.000000,97.000000,97.000000,97.000000,96.000000,96.000000,5.0,-10.3519,-9.6748,-50.5418,-51.2189,PENDING_AG03,FALSE,NOT_FOR_ENFORCEMENT,-59.0669,257.8601,-60.8937,-59.0669,-1.8268,-0.19489404,-0.18904721,-1.8268,-59.0669,-0.18904721,-1.8268,-1.8268,-1.8268,-2.4357,-2.4357,-59.0669,-0.18904721,-10.3519,-9.6748,-50.5418,-51.2189,-0.16176205,-0.16392916,-0.00584682,5.6808,4.8334,-1.1072,-20.2979,-1.7398,104.1485,18.3333,,5.6808,2.5946,5.1431,7.7147,10.3783,12.9441,20.9832,2.5946,0.0,2.516783,4.079866,1.104551,23,20,3,2,0E-8,-0.19489404,,0E-8,0.000000,0.850821,0.000000,,2026-05-16,2026-06-04,3,35,34,20,0.150000,,,0.000000,,,,,,,,GLOBAL_BASELINE_NO_ENTITY_RANKING,,,NOT_APPLICABLE_GLOBAL_BASELINE,HF9g-P5,,,,X 全窗基线 · 不参与实体赏罚,3928416,393,A168_HF9F_20260827_0900,2026-08-27 09:00:00
2026-05-16,150126559,1400,0,7.7837164652,0E-10,0E-10,,2,2,0.50665070000000000,0.506650700000,,,,0E-17,NO_DECISIVE_ROUND,R03b_20260811_FULL_v1,L1_ELIGIBILITY,v2026-08-11,2026-03-21..2026-08-06,baccarat_bet02_101_all_pairs_incl_sentinel,round_win = game_pnl > 0 (decisive only),COMPATIBILITY_ONLY_NOT_PRODUCTION,312.4454,265.8351,-60.8937,55,55,0.19489404,,0.19489404,0.19489404,60.8937,312.4454,OK,0.0000,-1.8268,3.0000,97.0000,AG03-UNRESOLVED,ALL5_LEVELS_bet23_to_bet27,-1.8268,-1.8268,-1.8268,-2.4357,-2.4357,3.000000,3.000000,3.000000,4.000000,4.000000,97.000000,97.000000,97.000000,96.000000,96.000000,5.0,-10.3519,-9.6748,-50.5418,-51.2189,PENDING_AG03,FALSE,NOT_FOR_ENFORCEMENT,-59.0669,257.8601,-60.8937,-59.0669,-1.8268,-0.19489404,-0.18904721,-1.8268,-59.0669,-0.18904721,-1.8268,-1.8268,-1.8268,-2.4357,-2.4357,-59.0669,-0.18904721,-10.3519,-9.6748,-50.5418,-51.2189,-0.16176205,-0.16392916,-0.00584682,5.6808,4.8334,-1.1072,-20.2979,-1.7398,104.1485,18.3333,,5.6808,2.5946,5.1431,7.7147,10.3783,12.9441,20.9832,2.5946,0.0,2.516783,4.079866,1.104551,23,20,3,2,0E-8,-0.19489404,,0E-8,0.000000,0.850821,0.000000,,2026-05-16,2026-06-04,3,35,34,20,0.150000,,,0.000000,,,,,,,,GLOBAL_BASELINE_NO_ENTITY_RANKING,,,NOT_APPLICABLE_GLOBAL_BASELINE,HF9g-P5,,,,X 全窗基线 · 不参与实体赏罚,3928417,393,A168_HF9F_20260827_0900,2026-08-27 09:00:00
2026-05-16,150126559,1645,0,21.2754916714,21.2754916714,21.2754916714,1.0000000,1,1,0.49324550000000000,0.493245500000,1.01360149184955,1.01360149184955,1.01360149184955,0E-17,ELIGIBLE,R03b_20260811_FULL_v1,L1_ELIGIBILITY,v2026-08-11,2026-03-21..2026-08-06,baccarat_bet02_101_all_pairs_incl_sentinel,round_win = game_pnl > 0 (decisive only),COMPATIBILITY_ONLY_NOT_PRODUCTION,312.4454,265.8351,-60.8937,55,55,0.19489404,,0.19489404,0.19489404,60.8937,312.4454,OK,0.0000,-1.8268,3.0000,97.0000,AG03-UNRESOLVED,ALL5_LEVELS_bet23_to_bet27,-1.8268,-1.8268,-1.8268,-2.4357,-2.4357,3.000000,3.000000,3.000000,4.000000,4.000000,97.000000,97.000000,97.000000,96.000000,96.000000,5.0,-10.3519,-9.6748,-50.5418,-51.2189,PENDING_AG03,FALSE,NOT_FOR_ENFORCEMENT,-59.0669,257.8601,-60.8937,-59.0669,-1.8268,-0.19489404,-0.18904721,-1.8268,-59.0669,-0.18904721,-1.8268,-1.8268,-1.8268,-2.4357,-2.4357,-59.0669,-0.18904721,-10.3519,-9.6748,-50.5418,-51.2189,-0.16176205,-0.16392916,-0.00584682,5.6808,4.8334,-1.1072,-20.2979,-1.7398,104.1485,18.3333,,5.6808,2.5946,5.1431,7.7147,10.3783,12.9441,20.9832,2.5946,0.0,2.516783,4.079866,1.104551,23,20,3,2,0E-8,-0.19489404,,0E-8,0.000000,0.850821,0.000000,,2026-05-16,2026-06-04,3,35,34,20,0.150000,,,0.000000,,,,,,,,GLOBAL_BASELINE_NO_ENTITY_RANKING,,,NOT_APPLICABLE_GLOBAL_BASELINE,HF9g-P5,,,,X 全窗基线 · 不参与实体赏罚,3928418,393,A168_HF9F_20260827_0900,2026-08-27 09:00:00
2026-05-16,150126559,1957,0,5.1891443101,0E-10,0E-10,,1,1,0.49324550000000000,0.493245500000,,,,0E-17,NO_DECISIVE_ROUND,R03b_20260811_FULL_v1,L1_ELIGIBILITY,v2026-08-11,2026-03-21..2026-08-06,baccarat_bet02_101_all_pairs_incl_sentinel,round_win = game_pnl > 0 (decisive only),COMPATIBILITY_ONLY_NOT_PRODUCTION,312.4454,265.8351,-60.8937,55,55,0.19489404,,0.19489404,0.19489404,60.8937,312.4454,OK,0.0000,-1.8268,3.0000,97.0000,AG03-UNRESOLVED,ALL5_LEVELS_bet23_to_bet27,-1.8268,-1.8268,-1.8268,-2.4357,-2.4357,3.000000,3.000000,3.000000,4.000000,4.000000,97.000000,97.000000,97.000000,96.000000,96.000000,5.0,-10.3519,-9.6748,-50.5418,-51.2189,PENDING_AG03,FALSE,NOT_FOR_ENFORCEMENT,-59.0669,257.8601,-60.8937,-59.0669,-1.8268,-0.19489404,-0.18904721,-1.8268,-59.0669,-0.18904721,-1.8268,-1.8268,-1.8268,-2.4357,-2.4357,-59.0669,-0.18904721,-10.3519,-9.6748,-50.5418,-51.2189,-0.16176205,-0.16392916,-0.00584682,5.6808,4.8334,-1.1072,-20.2979,-1.7398,104.1485,18.3333,,5.6808,2.5946,5.1431,7.7147,10.3783,12.9441,20.9832,2.5946,0.0,2.516783,4.079866,1.104551,23,20,3,2,0E-8,-0.19489404,,0E-8,0.000000,0.850821,0.000000,,2026-05-16,2026-06-04,3,35,34,20,0.150000,,,0.000000,,,,,,,,GLOBAL_BASELINE_NO_ENTITY_RANKING,,,NOT_APPLICABLE_GLOBAL_BASELINE,HF9g-P5,,,,X 全窗基线 · 不参与实体赏罚,3928419,393,A168_HF9F_20260827_0900,2026-08-27 09:00:00
2026-05-16,150126559,2174,0,5.1891443101,-5.1891443101,-5.1891443101,0E-7,1,1,0.49324550000000000,0.493245500000,-0.9865810262130424,-0.9865810262130424,-0.9865810262130424,0E-17,ELIGIBLE,R03b_20260811_FULL_v1,L1_ELIGIBILITY,v2026-08-11,2026-03-21..2026-08-06,baccarat_bet02_101_all_pairs_incl_sentinel,round_win = game_pnl > 0 (decisive only),COMPATIBILITY_ONLY_NOT_PRODUCTION,312.4454,265.8351,-60.8937,55,55,0.19489404,,0.19489404,0.19489404,60.8937,312.4454,OK,0.0000,-1.8268,3.0000,97.0000,AG03-UNRESOLVED,ALL5_LEVELS_bet23_to_bet27,-1.8268,-1.8268,-1.8268,-2.4357,-2.4357,3.000000,3.000000,3.000000,4.000000,4.000000,97.000000,97.000000,97.000000,96.000000,96.000000,5.0,-10.3519,-9.6748,-50.5418,-51.2189,PENDING_AG03,FALSE,NOT_FOR_ENFORCEMENT,-59.0669,257.8601,-60.8937,-59.0669,-1.8268,-0.19489404,-0.18904721,-1.8268,-59.0669,-0.18904721,-1.8268,-1.8268,-1.8268,-2.4357,-2.4357,-59.0669,-0.18904721,-10.3519,-9.6748,-50.5418,-51.2189,-0.16176205,-0.16392916,-0.00584682,5.6808,4.8334,-1.1072,-20.2979,-1.7398,104.1485,18.3333,,5.6808,2.5946,5.1431,7.7147,10.3783,12.9441,20.9832,2.5946,0.0,2.516783,4.079866,1.104551,23,20,3,2,0E-8,-0.19489404,,0E-8,0.000000,0.850821,0.000000,,2026-05-16,2026-06-04,3,35,34,20,0.150000,,,0.000000,,,,,,,,GLOBAL_BASELINE_NO_ENTITY_RANKING,,,NOT_APPLICABLE_GLOBAL_BASELINE,HF9g-P5,,,,X 全窗基线 · 不参与实体赏罚,3928420,393,A168_HF9F_20260827_0900,2026-08-27 09:00:00
2026-05-16,150126559,2218,0,10.3782886202,10.1188314047,10.1188314047,1.0000000,2,2,0.49994810000000000,0.499948100000,1.4143603653603398,1.4143603653603398,1.4143603653603398,0E-17,ELIGIBLE,R03b_20260811_FULL_v1,L1_ELIGIBILITY,v2026-08-11,2026-03-21..2026-08-06,baccarat_bet02_101_all_pairs_incl_sentinel,round_win = game_pnl > 0 (decisive only),COMPATIBILITY_ONLY_NOT_PRODUCTION,312.4454,265.8351,-60.8937,55,55,0.19489404,,0.19489404,0.19489404,60.8937,312.4454,OK,0.0000,-1.8268,3.0000,97.0000,AG03-UNRESOLVED,ALL5_LEVELS_bet23_to_bet27,-1.8268,-1.8268,-1.8268,-2.4357,-2.4357,3.000000,3.000000,3.000000,4.000000,4.000000,97.000000,97.000000,97.000000,96.000000,96.000000,5.0,-10.3519,-9.6748,-50.5418,-51.2189,PENDING_AG03,FALSE,NOT_FOR_ENFORCEMENT,-59.0669,257.8601,-60.8937,-59.0669,-1.8268,-0.19489404,-0.18904721,-1.8268,-59.0669,-0.18904721,-1.8268,-1.8268,-1.8268,-2.4357,-2.4357,-59.0669,-0.18904721,-10.3519,-9.6748,-50.5418,-51.2189,-0.16176205,-0.16392916,-0.00584682,5.6808,4.8334,-1.1072,-20.2979,-1.7398,104.1485,18.3333,,5.6808,2.5946,5.1431,7.7147,10.3783,12.9441,20.9832,2.5946,0.0,2.516783,4.079866,1.104551,23,20,3,2,0E-8,-0.19489404,,0E-8,0.000000,0.850821,0.000000,,2026-05-16,2026-06-04,3,35,34,20,0.150000,,,0.000000,,,,,,,,GLOBAL_BASELINE_NO_ENTITY_RANKING,,,NOT_APPLICABLE_GLOBAL_BASELINE,HF9g-P5,,,,X 全窗基线 · 不参与实体赏罚,3928421,393,A168_HF9F_20260827_0900,2026-08-27 09:00:00
2026-05-16,150126559,2224,0,2.5945721551,2.4648435473,2.4648435473,1.0000000,1,1,0.50665070000000000,0.506650700000,0.9867858985152569,0.9867858985152569,0.9867858985152569,0E-17,ELIGIBLE,R03b_20260811_FULL_v1,L1_ELIGIBILITY,v2026-08-11,2026-03-21..2026-08-06,baccarat_bet02_101_all_pairs_incl_sentinel,round_win = game_pnl > 0 (decisive only),COMPATIBILITY_ONLY_NOT_PRODUCTION,312.4454,265.8351,-60.8937,55,55,0.19489404,,0.19489404,0.19489404,60.8937,312.4454,OK,0.0000,-1.8268,3.0000,97.0000,AG03-UNRESOLVED,ALL5_LEVELS_bet23_to_bet27,-1.8268,-1.8268,-1.8268,-2.4357,-2.4357,3.000000,3.000000,3.000000,4.000000,4.000000,97.000000,97.000000,97.000000,96.000000,96.000000,5.0,-10.3519,-9.6748,-50.5418,-51.2189,PENDING_AG03,FALSE,NOT_FOR_ENFORCEMENT,-59.0669,257.8601,-60.8937,-59.0669,-1.8268,-0.19489404,-0.18904721,-1.8268,-59.0669,-0.18904721,-1.8268,-1.8268,-1.8268,-2.4357,-2.4357,-59.0669,-0.18904721,-10.3519,-9.6748,-50.5418,-51.2189,-0.16176205,-0.16392916,-0.00584682,5.6808,4.8334,-1.1072,-20.2979,-1.7398,104.1485,18.3333,,5.6808,2.5946,5.1431,7.7147,10.3783,12.9441,20.9832,2.5946,0.0,2.516783,4.079866,1.104551,23,20,3,2,0E-8,-0.19489404,,0E-8,0.000000,0.850821,0.000000,,2026-05-16,2026-06-04,3,35,34,20,0.150000,,,0.000000,,,,,,,,GLOBAL_BASELINE_NO_ENTITY_RANKING,,,NOT_APPLICABLE_GLOBAL_BASELINE,HF9g-P5,,,,X 全窗基线 · 不参与实体赏罚,3928422,393,A168_HF9F_20260827_0900,2026-08-27 09:00:00
2026-05-16,150126559,2235,0,31.1348658607,17.7728192621,17.7728192621,1.0000000,3,3,0.49771390000000000,0.497713900000,1.4206944795187548,1.420694479518755,1.4206944795187548,0E-17,ELIGIBLE,R03b_20260811_FULL_v1,L1_ELIGIBILITY,v2026-08-11,2026-03-21..2026-08-06,baccarat_bet02_101_all_pairs_incl_sentinel,round_win = game_pnl > 0 (decisive only),COMPATIBILITY_ONLY_NOT_PRODUCTION,312.4454,265.8351,-60.8937,55,55,0.19489404,,0.19489404,0.19489404,60.8937,312.4454,OK,0.0000,-1.8268,3.0000,97.0000,AG03-UNRESOLVED,ALL5_LEVELS_bet23_to_bet27,-1.8268,-1.8268,-1.8268,-2.4357,-2.4357,3.000000,3.000000,3.000000,4.000000,4.000000,97.000000,97.000000,97.000000,96.000000,96.000000,5.0,-10.3519,-9.6748,-50.5418,-51.2189,PENDING_AG03,FALSE,NOT_FOR_ENFORCEMENT,-59.0669,257.8601,-60.8937,-59.0669,-1.8268,-0.19489404,-0.18904721,-1.8268,-59.0669,-0.18904721,-1.8268,-1.8268,-1.8268,-2.4357,-2.4357,-59.0669,-0.18904721,-10.3519,-9.6748,-50.5418,-51.2189,-0.16176205,-0.16392916,-0.00584682,5.6808,4.8334,-1.1072,-20.2979,-1.7398,104.1485,18.3333,,5.6808,2.5946,5.1431,7.7147,10.3783,12.9441,20.9832,2.5946,0.0,2.516783,4.079866,1.104551,23,20,3,2,0E-8,-0.19489404,,0E-8,0.000000,0.850821,0.000000,,2026-05-16,2026-06-04,3,35,34,20,0.150000,,,0.000000,,,,,,,,GLOBAL_BASELINE_NO_ENTITY_RANKING,,,NOT_APPLICABLE_GLOBAL_BASELINE,HF9g-P5,,,,X 全窗基线 · 不参与实体赏罚,3928423,393,A168_HF9F_20260827_0900,2026-08-27 09:00:00
2026-05-16,150126559,2266,0,5.1891443102,-5.1891443102,-5.1891443102,0E-7,2,2,0.49324550000000000,0.493245500000,-1.3952362676504506,-1.3952362676504506,-1.3952362676504506,0E-17,ELIGIBLE,R03b_20260811_FULL_v1,L1_ELIGIBILITY,v2026-08-11,2026-03-21..2026-08-06,baccarat_bet02_101_all_pairs_incl_sentinel,round_win = game_pnl > 0 (decisive only),COMPATIBILITY_ONLY_NOT_PRODUCTION,312.4454,265.8351,-60.8937,55,55,0.19489404,,0.19489404,0.19489404,60.8937,312.4454,OK,0.0000,-1.8268,3.0000,97.0000,AG03-UNRESOLVED,ALL5_LEVELS_bet23_to_bet27,-1.8268,-1.8268,-1.8268,-2.4357,-2.4357,3.000000,3.000000,3.000000,4.000000,4.000000,97.000000,97.000000,97.000000,96.000000,96.000000,5.0,-10.3519,-9.6748,-50.5418,-51.2189,PENDING_AG03,FALSE,NOT_FOR_ENFORCEMENT,-59.0669,257.8601,-60.8937,-59.0669,-1.8268,-0.19489404,-0.18904721,-1.8268,-59.0669,-0.18904721,-1.8268,-1.8268,-1.8268,-2.4357,-2.4357,-59.0669,-0.18904721,-10.3519,-9.6748,-50.5418,-51.2189,-0.16176205,-0.16392916,-0.00584682,5.6808,4.8334,-1.1072,-20.2979,-1.7398,104.1485,18.3333,,5.6808,2.5946,5.1431,7.7147,10.3783,12.9441,20.9832,2.5946,0.0,2.516783,4.079866,1.104551,23,20,3,2,0E-8,-0.19489404,,0E-8,0.000000,0.850821,0.000000,,2026-05-16,2026-06-04,3,35,34,20,0.150000,,,0.000000,,,,,,,,GLOBAL_BASELINE_NO_ENTITY_RANKING,,,NOT_APPLICABLE_GLOBAL_BASELINE,HF9g-P5,,,,X 全窗基线 · 不参与实体赏罚,3928424,393,A168_HF9F_20260827_0900,2026-08-27 09:00:00
2026-05-16,150126559,925,0,2.5945721551,0E-10,0E-10,,1,1,0.50665070000000000,0.506650700000,,,,0E-17,NO_DECISIVE_ROUND,R03b_20260811_FULL_v1,L1_ELIGIBILITY,v2026-08-11,2026-03-21..2026-08-06,baccarat_bet02_101_all_pairs_incl_sentinel,round_win = game_pnl > 0 (decisive only),COMPATIBILITY_ONLY_NOT_PRODUCTION,312.4454,265.8351,-60.8937,55,55,0.19489404,,0.19489404,0.19489404,60.8937,312.4454,OK,0.0000,-1.8268,3.0000,97.0000,AG03-UNRESOLVED,ALL5_LEVELS_bet23_to_bet27,-1.8268,-1.8268,-1.8268,-2.4357,-2.4357,3.000000,3.000000,3.000000,4.000000,4.000000,97.000000,97.000000,97.000000,96.000000,96.000000,5.0,-10.3519,-9.6748,-50.5418,-51.2189,PENDING_AG03,FALSE,NOT_FOR_ENFORCEMENT,-59.0669,257.8601,-60.8937,-59.0669,-1.8268,-0.19489404,-0.18904721,-1.8268,-59.0669,-0.18904721,-1.8268,-1.8268,-1.8268,-2.4357,-2.4357,-59.0669,-0.18904721,-10.3519,-9.6748,-50.5418,-51.2189,-0.16176205,-0.16392916,-0.00584682,5.6808,4.8334,-1.1072,-20.2979,-1.7398,104.1485,18.3333,,5.6808,2.5946,5.1431,7.7147,10.3783,12.9441,20.9832,2.5946,0.0,2.516783,4.079866,1.104551,23,20,3,2,0E-8,-0.19489404,,0E-8,0.000000,0.850821,0.000000,,2026-05-16,2026-06-04,3,35,34,20,0.150000,,,0.000000,,,,,,,,GLOBAL_BASELINE_NO_ENTITY_RANKING,,,NOT_APPLICABLE_GLOBAL_BASELINE,HF9g-P5,,,,X 全窗基线 · 不参与实体赏罚,3928425,393,A168_HF9F_20260827_0900,2026-08-27 09:00:00
2026-06-03,150126559,-1,1,38.0589914367,-3.5744593309,-3.5744593309,0.5000000,5,5,0.49860758000000000,0.498607580000,0.005569701597489473,0.005569701597489473,0.005569701597489473,0E-17,SENTINEL_DEALER,R03b_20260811_FULL_v1,L1_ELIGIBILITY,v2026-08-11,2026-03-21..2026-08-06,baccarat_bet02_101_all_pairs_incl_sentinel,round_win = game_pnl > 0 (decisive only),COMPATIBILITY_ONLY_NOT_PRODUCTION,312.4454,265.8351,-60.8937,55,55,0.19489404,,0.19489404,0.19489404,60.8937,312.4454,OK,0.0000,-1.8268,3.0000,97.0000,AG03-UNRESOLVED,ALL5_LEVELS_bet23_to_bet27,-1.8268,-1.8268,-1.8268,-2.4357,-2.4357,3.000000,3.000000,3.000000,4.000000,4.000000,97.000000,97.000000,97.000000,96.000000,96.000000,5.0,-10.3519,-9.6748,-50.5418,-51.2189,PENDING_AG03,FALSE,NOT_FOR_ENFORCEMENT,-59.0669,257.8601,-60.8937,-59.0669,-1.8268,-0.19489404,-0.18904721,-1.8268,-59.0669,-0.18904721,-1.8268,-1.8268,-1.8268,-2.4357,-2.4357,-59.0669,-0.18904721,-10.3519,-9.6748,-50.5418,-51.2189,-0.16176205,-0.16392916,-0.00584682,5.6808,4.8334,-1.1072,-20.2979,-1.7398,104.1485,18.3333,,5.6808,2.5946,5.1431,7.7147,10.3783,12.9441,20.9832,2.5946,0.0,2.516783,4.079866,1.104551,23,20,3,2,0E-8,-0.19489404,,0E-8,0.000000,0.850821,0.000000,,2026-05-16,2026-06-04,3,35,34,20,0.150000,,,0.000000,,,,,,,,GLOBAL_BASELINE_NO_ENTITY_RANKING,,,NOT_APPLICABLE_GLOBAL_BASELINE,HF9g-P5,,,,X 全窗基线 · 不参与实体赏罚,3928426,393,A168_HF9F_20260827_0900,2026-08-27 09:00:00
2026-06-03,150126559,1384,0,7.7146604264,7.7146604264,7.7146604264,1.0000000,1,1,0.49324550000000000,0.493245500000,1.01360149184955,1.01360149184955,1.01360149184955,0E-17,ELIGIBLE,R03b_20260811_FULL_v1,L1_ELIGIBILITY,v2026-08-11,2026-03-21..2026-08-06,baccarat_bet02_101_all_pairs_incl_sentinel,round_win = game_pnl > 0 (decisive only),COMPATIBILITY_ONLY_NOT_PRODUCTION,312.4454,265.8351,-60.8937,55,55,0.19489404,,0.19489404,0.19489404,60.8937,312.4454,OK,0.0000,-1.8268,3.0000,97.0000,AG03-UNRESOLVED,ALL5_LEVELS_bet23_to_bet27,-1.8268,-1.8268,-1.8268,-2.4357,-2.4357,3.000000,3.000000,3.000000,4.000000,4.000000,97.000000,97.000000,97.000000,96.000000,96.000000,5.0,-10.3519,-9.6748,-50.5418,-51.2189,PENDING_AG03,FALSE,NOT_FOR_ENFORCEMENT,-59.0669,257.8601,-60.8937,-59.0669,-1.8268,-0.19489404,-0.18904721,-1.8268,-59.0669,-0.18904721,-1.8268,-1.8268,-1.8268,-2.4357,-2.4357,-59.0669,-0.18904721,-10.3519,-9.6748,-50.5418,-51.2189,-0.16176205,-0.16392916,-0.00584682,5.6808,4.8334,-1.1072,-20.2979,-1.7398,104.1485,18.3333,,5.6808,2.5946,5.1431,7.7147,10.3783,12.9441,20.9832,2.5946,0.0,2.516783,4.079866,1.104551,23,20,3,2,0E-8,-0.19489404,,0E-8,0.000000,0.850821,0.000000,,2026-05-16,2026-06-04,3,35,34,20,0.150000,,,0.000000,,,,,,,,GLOBAL_BASELINE_NO_ENTITY_RANKING,,,NOT_APPLICABLE_GLOBAL_BASELINE,HF9g-P5,,,,X 全窗基线 · 不参与实体赏罚,3928427,393,A168_HF9F_20260827_0900,2026-08-27 09:00:00
2026-06-03,150126559,1941,0,2.5715534755,-2.5715534755,-2.5715534755,0E-7,1,1,0.49324550000000000,0.493245500000,-0.9865810262130424,-0.9865810262130424,-0.9865810262130424,0E-17,ELIGIBLE,R03b_20260811_FULL_v1,L1_ELIGIBILITY,v2026-08-11,2026-03-21..2026-08-06,baccarat_bet02_101_all_pairs_incl_sentinel,round_win = game_pnl > 0 (decisive only),COMPATIBILITY_ONLY_NOT_PRODUCTION,312.4454,265.8351,-60.8937,55,55,0.19489404,,0.19489404,0.19489404,60.8937,312.4454,OK,0.0000,-1.8268,3.0000,97.0000,AG03-UNRESOLVED,ALL5_LEVELS_bet23_to_bet27,-1.8268,-1.8268,-1.8268,-2.4357,-2.4357,3.000000,3.000000,3.000000,4.000000,4.000000,97.000000,97.000000,97.000000,96.000000,96.000000,5.0,-10.3519,-9.6748,-50.5418,-51.2189,PENDING_AG03,FALSE,NOT_FOR_ENFORCEMENT,-59.0669,257.8601,-60.8937,-59.0669,-1.8268,-0.19489404,-0.18904721,-1.8268,-59.0669,-0.18904721,-1.8268,-1.8268,-1.8268,-2.4357,-2.4357,-59.0669,-0.18904721,-10.3519,-9.6748,-50.5418,-51.2189,-0.16176205,-0.16392916,-0.00584682,5.6808,4.8334,-1.1072,-20.2979,-1.7398,104.1485,18.3333,,5.6808,2.5946,5.1431,7.7147,10.3783,12.9441,20.9832,2.5946,0.0,2.516783,4.079866,1.104551,23,20,3,2,0E-8,-0.19489404,,0E-8,0.000000,0.850821,0.000000,,2026-05-16,2026-06-04,3,35,34,20,0.150000,,,0.000000,,,,,,,,GLOBAL_BASELINE_NO_ENTITY_RANKING,,,NOT_APPLICABLE_GLOBAL_BASELINE,HF9g-P5,,,,X 全窗基线 · 不参与实体赏罚,3928428,393,A168_HF9F_20260827_0900,2026-08-27 09:00:00
2026-06-03,150126559,2101,0,7.7146604264,7.3289274050,7.3289274050,1.0000000,1,1,0.50665070000000000,0.506650700000,0.9867858985152569,0.9867858985152569,0.9867858985152569,0E-17,ELIGIBLE,R03b_20260811_FULL_v1,L1_ELIGIBILITY,v2026-08-11,2026-03-21..2026-08-06,baccarat_bet02_101_all_pairs_incl_sentinel,round_win = game_pnl > 0 (decisive only),COMPATIBILITY_ONLY_NOT_PRODUCTION,312.4454,265.8351,-60.8937,55,55,0.19489404,,0.19489404,0.19489404,60.8937,312.4454,OK,0.0000,-1.8268,3.0000,97.0000,AG03-UNRESOLVED,ALL5_LEVELS_bet23_to_bet27,-1.8268,-1.8268,-1.8268,-2.4357,-2.4357,3.000000,3.000000,3.000000,4.000000,4.000000,97.000000,97.000000,97.000000,96.000000,96.000000,5.0,-10.3519,-9.6748,-50.5418,-51.2189,PENDING_AG03,FALSE,NOT_FOR_ENFORCEMENT,-59.0669,257.8601,-60.8937,-59.0669,-1.8268,-0.19489404,-0.18904721,-1.8268,-59.0669,-0.18904721,-1.8268,-1.8268,-1.8268,-2.4357,-2.4357,-59.0669,-0.18904721,-10.3519,-9.6748,-50.5418,-51.2189,-0.16176205,-0.16392916,-0.00584682,5.6808,4.8334,-1.1072,-20.2979,-1.7398,104.1485,18.3333,,5.6808,2.5946,5.1431,7.7147,10.3783,12.9441,20.9832,2.5946,0.0,2.516783,4.079866,1.104551,23,20,3,2,0E-8,-0.19489404,,0E-8,0.000000,0.850821,0.000000,,2026-05-16,2026-06-04,3,35,34,20,0.150000,,,0.000000,,,,,,,,GLOBAL_BASELINE_NO_ENTITY_RANKING,,,NOT_APPLICABLE_GLOBAL_BASELINE,HF9g-P5,,,,X 全窗基线 · 不参与实体赏罚,3928429,393,A168_HF9F_20260827_0900,2026-08-27 09:00:00
2026-06-03,150126559,2121,0,5.1431069509,0E-10,0E-10,,1,1,0.50665070000000000,0.506650700000,,,,0E-17,NO_DECISIVE_ROUND,R03b_20260811_FULL_v1,L1_ELIGIBILITY,v2026-08-11,2026-03-21..2026-08-06,baccarat_bet02_101_all_pairs_incl_sentinel,round_win = game_pnl > 0 (decisive only),COMPATIBILITY_ONLY_NOT_PRODUCTION,312.4454,265.8351,-60.8937,55,55,0.19489404,,0.19489404,0.19489404,60.8937,312.4454,OK,0.0000,-1.8268,3.0000,97.0000,AG03-UNRESOLVED,ALL5_LEVELS_bet23_to_bet27,-1.8268,-1.8268,-1.8268,-2.4357,-2.4357,3.000000,3.000000,3.000000,4.000000,4.000000,97.000000,97.000000,97.000000,96.000000,96.000000,5.0,-10.3519,-9.6748,-50.5418,-51.2189,PENDING_AG03,FALSE,NOT_FOR_ENFORCEMENT,-59.0669,257.8601,-60.8937,-59.0669,-1.8268,-0.19489404,-0.18904721,-1.8268,-59.0669,-0.18904721,-1.8268,-1.8268,-1.8268,-2.4357,-2.4357,-59.0669,-0.18904721,-10.3519,-9.6748,-50.5418,-51.2189,-0.16176205,-0.16392916,-0.00584682,5.6808,4.8334,-1.1072,-20.2979,-1.7398,104.1485,18.3333,,5.6808,2.5946,5.1431,7.7147,10.3783,12.9441,20.9832,2.5946,0.0,2.516783,4.079866,1.104551,23,20,3,2,0E-8,-0.19489404,,0E-8,0.000000,0.850821,0.000000,,2026-05-16,2026-06-04,3,35,34,20,0.150000,,,0.000000,,,,,,,,GLOBAL_BASELINE_NO_ENTITY_RANKING,,,NOT_APPLICABLE_GLOBAL_BASELINE,HF9g-P5,,,,X 全窗基线 · 不参与实体赏罚,3928430,393,A168_HF9F_20260827_0900,2026-08-27 09:00:00
2026-06-03,150126559,2170,0,20.5724278037,-1E-10,-1E-10,0.3333333,3,3,0.49771390000000000,0.497713900000,-0.5694369385616226,-0.5694369385616226,-0.5694369385616226,0E-17,ELIGIBLE,R03b_20260811_FULL_v1,L1_ELIGIBILITY,v2026-08-11,2026-03-21..2026-08-06,baccarat_bet02_101_all_pairs_incl_sentinel,round_win = game_pnl > 0 (decisive only),COMPATIBILITY_ONLY_NOT_PRODUCTION,312.4454,265.8351,-60.8937,55,55,0.19489404,,0.19489404,0.19489404,60.8937,312.4454,OK,0.0000,-1.8268,3.0000,97.0000,AG03-UNRESOLVED,ALL5_LEVELS_bet23_to_bet27,-1.8268,-1.8268,-1.8268,-2.4357,-2.4357,3.000000,3.000000,3.000000,4.000000,4.000000,97.000000,97.000000,97.000000,96.000000,96.000000,5.0,-10.3519,-9.6748,-50.5418,-51.2189,PENDING_AG03,FALSE,NOT_FOR_ENFORCEMENT,-59.0669,257.8601,-60.8937,-59.0669,-1.8268,-0.19489404,-0.18904721,-1.8268,-59.0669,-0.18904721,-1.8268,-1.8268,-1.8268,-2.4357,-2.4357,-59.0669,-0.18904721,-10.3519,-9.6748,-50.5418,-51.2189,-0.16176205,-0.16392916,-0.00584682,5.6808,4.8334,-1.1072,-20.2979,-1.7398,104.1485,18.3333,,5.6808,2.5946,5.1431,7.7147,10.3783,12.9441,20.9832,2.5946,0.0,2.516783,4.079866,1.104551,23,20,3,2,0E-8,-0.19489404,,0E-8,0.000000,0.850821,0.000000,,2026-05-16,2026-06-04,3,35,34,20,0.150000,,,0.000000,,,,,,,,GLOBAL_BASELINE_NO_ENTITY_RANKING,,,NOT_APPLICABLE_GLOBAL_BASELINE,HF9g-P5,,,,X 全窗基线 · 不参与实体赏罚,3928431,393,A168_HF9F_20260827_0900,2026-08-27 09:00:00
2026-06-03,150126559,2235,0,2.5715534755,2.5715534755,2.5715534755,1.0000000,1,1,0.49324550000000000,0.493245500000,1.01360149184955,1.01360149184955,1.01360149184955,0E-17,ELIGIBLE,R03b_20260811_FULL_v1,L1_ELIGIBILITY,v2026-08-11,2026-03-21..2026-08-06,baccarat_bet02_101_all_pairs_incl_sentinel,round_win = game_pnl > 0 (decisive only),COMPATIBILITY_ONLY_NOT_PRODUCTION,312.4454,265.8351,-60.8937,55,55,0.19489404,,0.19489404,0.19489404,60.8937,312.4454,OK,0.0000,-1.8268,3.0000,97.0000,AG03-UNRESOLVED,ALL5_LEVELS_bet23_to_bet27,-1.8268,-1.8268,-1.8268,-2.4357,-2.4357,3.000000,3.000000,3.000000,4.000000,4.000000,97.000000,97.000000,97.000000,96.000000,96.000000,5.0,-10.3519,-9.6748,-50.5418,-51.2189,PENDING_AG03,FALSE,NOT_FOR_ENFORCEMENT,-59.0669,257.8601,-60.8937,-59.0669,-1.8268,-0.19489404,-0.18904721,-1.8268,-59.0669,-0.18904721,-1.8268,-1.8268,-1.8268,-2.4357,-2.4357,-59.0669,-0.18904721,-10.3519,-9.6748,-50.5418,-51.2189,-0.16176205,-0.16392916,-0.00584682,5.6808,4.8334,-1.1072,-20.2979,-1.7398,104.1485,18.3333,,5.6808,2.5946,5.1431,7.7147,10.3783,12.9441,20.9832,2.5946,0.0,2.516783,4.079866,1.104551,23,20,3,2,0E-8,-0.19489404,,0E-8,0.000000,0.850821,0.000000,,2026-05-16,2026-06-04,3,35,34,20,0.150000,,,0.000000,,,,,,,,GLOBAL_BASELINE_NO_ENTITY_RANKING,,,NOT_APPLICABLE_GLOBAL_BASELINE,HF9g-P5,,,,X 全窗基线 · 不参与实体赏罚,3928432,393,A168_HF9F_20260827_0900,2026-08-27 09:00:00
2026-06-03,150126559,2266,0,15.4293208527,14.6578548101,14.6578548101,1.0000000,1,1,0.50665070000000000,0.506650700000,0.9867858985152569,0.9867858985152569,0.9867858985152569,0E-17,ELIGIBLE,R03b_20260811_FULL_v1,L1_ELIGIBILITY,v2026-08-11,2026-03-21..2026-08-06,baccarat_bet02_101_all_pairs_incl_sentinel,round_win = game_pnl > 0 (decisive only),COMPATIBILITY_ONLY_NOT_PRODUCTION,312.4454,265.8351,-60.8937,55,55,0.19489404,,0.19489404,0.19489404,60.8937,312.4454,OK,0.0000,-1.8268,3.0000,97.0000,AG03-UNRESOLVED,ALL5_LEVELS_bet23_to_bet27,-1.8268,-1.8268,-1.8268,-2.4357,-2.4357,3.000000,3.000000,3.000000,4.000000,4.000000,97.000000,97.000000,97.000000,96.000000,96.000000,5.0,-10.3519,-9.6748,-50.5418,-51.2189,PENDING_AG03,FALSE,NOT_FOR_ENFORCEMENT,-59.0669,257.8601,-60.8937,-59.0669,-1.8268,-0.19489404,-0.18904721,-1.8268,-59.0669,-0.18904721,-1.8268,-1.8268,-1.8268,-2.4357,-2.4357,-59.0669,-0.18904721,-10.3519,-9.6748,-50.5418,-51.2189,-0.16176205,-0.16392916,-0.00584682,5.6808,4.8334,-1.1072,-20.2979,-1.7398,104.1485,18.3333,,5.6808,2.5946,5.1431,7.7147,10.3783,12.9441,20.9832,2.5946,0.0,2.516783,4.079866,1.104551,23,20,3,2,0E-8,-0.19489404,,0E-8,0.000000,0.850821,0.000000,,2026-05-16,2026-06-04,3,35,34,20,0.150000,,,0.000000,,,,,,,,GLOBAL_BASELINE_NO_ENTITY_RANKING,,,NOT_APPLICABLE_GLOBAL_BASELINE,HF9g-P5,,,,X 全窗基线 · 不参与实体赏罚,3928433,393,A168_HF9F_20260827_0900,2026-08-27 09:00:00
2026-06-04,150126559,-1,1,25.7155347548,-10.4147915756,-10.4147915756,0.5000000,6,6,0.49994810000000000,0.499948100000,0.00025425703667063243,0.00025425703667063243,0.00025425703667063243,0E-17,SENTINEL_DEALER,R03b_20260811_FULL_v1,L1_ELIGIBILITY,v2026-08-11,2026-03-21..2026-08-06,baccarat_bet02_101_all_pairs_incl_sentinel,round_win = game_pnl > 0 (decisive only),COMPATIBILITY_ONLY_NOT_PRODUCTION,312.4454,265.8351,-60.8937,55,55,0.19489404,,0.19489404,0.19489404,60.8937,312.4454,OK,0.0000,-1.8268,3.0000,97.0000,AG03-UNRESOLVED,ALL5_LEVELS_bet23_to_bet27,-1.8268,-1.8268,-1.8268,-2.4357,-2.4357,3.000000,3.000000,3.000000,4.000000,4.000000,97.000000,97.000000,97.000000,96.000000,96.000000,5.0,-10.3519,-9.6748,-50.5418,-51.2189,PENDING_AG03,FALSE,NOT_FOR_ENFORCEMENT,-59.0669,257.8601,-60.8937,-59.0669,-1.8268,-0.19489404,-0.18904721,-1.8268,-59.0669,-0.18904721,-1.8268,-1.8268,-1.8268,-2.4357,-2.4357,-59.0669,-0.18904721,-10.3519,-9.6748,-50.5418,-51.2189,-0.16176205,-0.16392916,-0.00584682,5.6808,4.8334,-1.1072,-20.2979,-1.7398,104.1485,18.3333,,5.6808,2.5946,5.1431,7.7147,10.3783,12.9441,20.9832,2.5946,0.0,2.516783,4.079866,1.104551,23,20,3,2,0E-8,-0.19489404,,0E-8,0.000000,0.850821,0.000000,,2026-05-16,2026-06-04,3,35,34,20,0.150000,,,0.000000,,,,,,,,GLOBAL_BASELINE_NO_ENTITY_RANKING,,,NOT_APPLICABLE_GLOBAL_BASELINE,HF9g-P5,,,,X 全窗基线 · 不参与实体赏罚,3928434,393,A168_HF9F_20260827_0900,2026-08-27 09:00:00
2026-06-04,150126559,1940,0,2.5715534755,-2.5715534755,-2.5715534755,0E-7,1,1,0.50665070000000000,0.506650700000,-1.013391052207602,-1.013391052207602,-1.013391052207602,0E-17,ELIGIBLE,R03b_20260811_FULL_v1,L1_ELIGIBILITY,v2026-08-11,2026-03-21..2026-08-06,baccarat_bet02_101_all_pairs_incl_sentinel,round_win = game_pnl > 0 (decisive only),COMPATIBILITY_ONLY_NOT_PRODUCTION,312.4454,265.8351,-60.8937,55,55,0.19489404,,0.19489404,0.19489404,60.8937,312.4454,OK,0.0000,-1.8268,3.0000,97.0000,AG03-UNRESOLVED,ALL5_LEVELS_bet23_to_bet27,-1.8268,-1.8268,-1.8268,-2.4357,-2.4357,3.000000,3.000000,3.000000,4.000000,4.000000,97.000000,97.000000,97.000000,96.000000,96.000000,5.0,-10.3519,-9.6748,-50.5418,-51.2189,PENDING_AG03,FALSE,NOT_FOR_ENFORCEMENT,-59.0669,257.8601,-60.8937,-59.0669,-1.8268,-0.19489404,-0.18904721,-1.8268,-59.0669,-0.18904721,-1.8268,-1.8268,-1.8268,-2.4357,-2.4357,-59.0669,-0.18904721,-10.3519,-9.6748,-50.5418,-51.2189,-0.16176205,-0.16392916,-0.00584682,5.6808,4.8334,-1.1072,-20.2979,-1.7398,104.1485,18.3333,,5.6808,2.5946,5.1431,7.7147,10.3783,12.9441,20.9832,2.5946,0.0,2.516783,4.079866,1.104551,23,20,3,2,0E-8,-0.19489404,,0E-8,0.000000,0.850821,0.000000,,2026-05-16,2026-06-04,3,35,34,20,0.150000,,,0.000000,,,,,,,,GLOBAL_BASELINE_NO_ENTITY_RANKING,,,NOT_APPLICABLE_GLOBAL_BASELINE,HF9g-P5,,,,X 全窗基线 · 不参与实体赏罚,3928435,393,A168_HF9F_20260827_0900,2026-08-27 09:00:00
2026-06-04,150126559,2142,0,5.1431069509,-5.1431069509,-5.1431069509,0E-7,1,1,0.49324550000000000,0.493245500000,-0.9865810262130424,-0.9865810262130424,-0.9865810262130424,0E-17,ELIGIBLE,R03b_20260811_FULL_v1,L1_ELIGIBILITY,v2026-08-11,2026-03-21..2026-08-06,baccarat_bet02_101_all_pairs_incl_sentinel,round_win = game_pnl > 0 (decisive only),COMPATIBILITY_ONLY_NOT_PRODUCTION,312.4454,265.8351,-60.8937,55,55,0.19489404,,0.19489404,0.19489404,60.8937,312.4454,OK,0.0000,-1.8268,3.0000,97.0000,AG03-UNRESOLVED,ALL5_LEVELS_bet23_to_bet27,-1.8268,-1.8268,-1.8268,-2.4357,-2.4357,3.000000,3.000000,3.000000,4.000000,4.000000,97.000000,97.000000,97.000000,96.000000,96.000000,5.0,-10.3519,-9.6748,-50.5418,-51.2189,PENDING_AG03,FALSE,NOT_FOR_ENFORCEMENT,-59.0669,257.8601,-60.8937,-59.0669,-1.8268,-0.19489404,-0.18904721,-1.8268,-59.0669,-0.18904721,-1.8268,-1.8268,-1.8268,-2.4357,-2.4357,-59.0669,-0.18904721,-10.3519,-9.6748,-50.5418,-51.2189,-0.16176205,-0.16392916,-0.00584682,5.6808,4.8334,-1.1072,-20.2979,-1.7398,104.1485,18.3333,,5.6808,2.5946,5.1431,7.7147,10.3783,12.9441,20.9832,2.5946,0.0,2.516783,4.079866,1.104551,23,20,3,2,0E-8,-0.19489404,,0E-8,0.000000,0.850821,0.000000,,2026-05-16,2026-06-04,3,35,34,20,0.150000,,,0.000000,,,,,,,,GLOBAL_BASELINE_NO_ENTITY_RANKING,,,NOT_APPLICABLE_GLOBAL_BASELINE,HF9g-P5,,,,X 全窗基线 · 不参与实体赏罚,3928436,393,A168_HF9F_20260827_0900,2026-08-27 09:00:00
2026-06-04,150126559,2152,0,5.1431069509,5.1431069509,5.1431069509,1.0000000,1,1,0.49324550000000000,0.493245500000,1.01360149184955,1.01360149184955,1.01360149184955,0E-17,ELIGIBLE,R03b_20260811_FULL_v1,L1_ELIGIBILITY,v2026-08-11,2026-03-21..2026-08-06,baccarat_bet02_101_all_pairs_incl_sentinel,round_win = game_pnl > 0 (decisive only),COMPATIBILITY_ONLY_NOT_PRODUCTION,312.4454,265.8351,-60.8937,55,55,0.19489404,,0.19489404,0.19489404,60.8937,312.4454,OK,0.0000,-1.8268,3.0000,97.0000,AG03-UNRESOLVED,ALL5_LEVELS_bet23_to_bet27,-1.8268,-1.8268,-1.8268,-2.4357,-2.4357,3.000000,3.000000,3.000000,4.000000,4.000000,97.000000,97.000000,97.000000,96.000000,96.000000,5.0,-10.3519,-9.6748,-50.5418,-51.2189,PENDING_AG03,FALSE,NOT_FOR_ENFORCEMENT,-59.0669,257.8601,-60.8937,-59.0669,-1.8268,-0.19489404,-0.18904721,-1.8268,-59.0669,-0.18904721,-1.8268,-1.8268,-1.8268,-2.4357,-2.4357,-59.0669,-0.18904721,-10.3519,-9.6748,-50.5418,-51.2189,-0.16176205,-0.16392916,-0.00584682,5.6808,4.8334,-1.1072,-20.2979,-1.7398,104.1485,18.3333,,5.6808,2.5946,5.1431,7.7147,10.3783,12.9441,20.9832,2.5946,0.0,2.516783,4.079866,1.104551,23,20,3,2,0E-8,-0.19489404,,0E-8,0.000000,0.850821,0.000000,,2026-05-16,2026-06-04,3,35,34,20,0.150000,,,0.000000,,,,,,,,GLOBAL_BASELINE_NO_ENTITY_RANKING,,,NOT_APPLICABLE_GLOBAL_BASELINE,HF9g-P5,,,,X 全窗基线 · 不参与实体赏罚,3928437,393,A168_HF9F_20260827_0900,2026-08-27 09:00:00
2026-07-13,152956776,1374,0,64.0587632388,60.8558250769,61.4964127093,1.0000000,1,1,0.50665070000000000,0.506650700000,0.9867858985152569,0.9867858985152569,0.9867858985152569,0E-17,ELIGIBLE,R03b_20260811_FULL_v1,L1_ELIGIBILITY,v2026-08-11,2026-03-21..2026-08-06,baccarat_bet02_101_all_pairs_incl_sentinel,round_win = game_pnl > 0 (decisive only),COMPATIBILITY_ONLY_NOT_PRODUCTION,64.0588,64.0588,-61.4964,1,1,0.96000000,0.96000000,,0.95000000,61.4964,64.0588,THIN_EXPOSURE,0.6406,-3.0748,5.0000,95.0000,AG03-UNRESOLVED,ALL5_LEVELS_bet23_to_bet27,-3.0748,-3.0748,-3.0748,-3.0748,-3.0748,5.000000,5.000000,5.000000,5.000000,5.000000,95.000000,95.000000,95.000000,95.000000,95.000000,5.0,-15.3741,-13.9117,-46.7629,-48.2253,PENDING_AG03,FALSE,NOT_FOR_ENFORCEMENT,-58.4216,60.8558,-62.1370,-59.0622,-3.7154,-0.97000000,-0.92200000,-3.0748,-59.0622,-0.92200000,-3.0748,-3.0748,-3.0748,-3.0748,-3.0748,-59.0622,-0.92200000,-15.3741,-13.9117,-46.7629,-48.2253,-0.73000000,-0.7528297,-0.05800000,64.0588,64.0588,-61.4964,-61.4964,-61.4964,64.0588,1.0000,64.0588,,64.0588,64.0588,64.0588,64.0588,64.0588,64.0588,64.0588,61.4964,1.0,1.0,1.0,1,1,1,1,1.00000000,-0.96000000,-0.96000000,0.01000000,1.000000,1.000000,0.000000,,2026-07-13,2026-07-13,1,1,1,1,1.000000,,1.000000,3.333333,,,,,,,,GLOBAL_BASELINE_NO_ENTITY_RANKING,,,NOT_APPLICABLE_GLOBAL_BASELINE,HF9g-P5,,,,X 全窗基线 · 不参与实体赏罚,3928438,393,A168_HF9F_20260827_0900,2026-08-27 09:00:00
2026-05-11,149865045,1401,0,144.1129845799,72.0564922899,72.0564922899,0.6666667,3,3,0.49324550000000000,0.493245500000,0.6008033672792107,0.6008033672792106,0.6008033672792107,0E-17,ELIGIBLE,R03b_20260811_FULL_v1,L1_ELIGIBILITY,v2026-08-11,2026-03-21..2026-08-06,baccarat_bet02_101_all_pairs_incl_sentinel,round_win = game_pnl > 0 (decisive only),COMPATIBILITY_ONLY_NOT_PRODUCTION,847.5285,763.9429,-60.8877,33,33,0.07184152,,0.07184152,0.07184152,60.8877,847.5285,OK,0.0000,-1.8266,3.0000,97.0000,AG03-UNRESOLVED,ALL5_LEVELS_bet23_to_bet27,-1.8266,-1.8266,-1.8266,-2.4355,-2.4355,3.000000,3.000000,3.000000,4.000000,4.000000,97.000000,97.000000,97.000000,96.000000,96.000000,5.0,-10.3509,-9.6739,-50.5368,-51.2139,PENDING_AG03,FALSE,NOT_FOR_ENFORCEMENT,-59.0611,741.0246,-60.8877,-59.0611,-1.8266,-0.07184152,-0.06968628,-1.8266,-59.0611,-0.06968628,-1.8266,-1.8266,-1.8266,-2.4355,-2.4355,-59.0611,-0.06968628,-10.3509,-9.6739,-50.5368,-51.2139,-0.05962846,-0.0604273,-0.00215525,25.6827,23.1498,-1.8451,-60.8877,-4.0592,847.5285,33.0000,,25.6827,14.4113,14.4113,36.0282,56.6076,69.1742,93.6734,14.4113,7.2056,4.8,6.5,1.782121,9,15,3,2,0E-8,-0.07184152,,0E-8,0.000000,0.901377,0.000000,,2026-05-11,2026-05-11,1,15,9,1,1.000000,,,0.000000,,,,,,,,GLOBAL_BASELINE_NO_ENTITY_RANKING,,,NOT_APPLICABLE_GLOBAL_BASELINE,HF9g-P5,,,,X 全窗基线 · 不参与实体赏罚,3928439,393,A168_HF9F_20260827_0900,2026-08-27 09:00:00
2026-05-11,149865045,1646,0,69.1742325984,65.7155209684,65.7155209684,1.0000000,1,1,0.50665070000000000,0.506650700000,0.9867858985152569,0.9867858985152569,0.9867858985152569,0E-17,ELIGIBLE,R03b_20260811_FULL_v1,L1_ELIGIBILITY,v2026-08-11,2026-03-21..2026-08-06,baccarat_bet02_101_all_pairs_incl_sentinel,round_win = game_pnl > 0 (decisive only),COMPATIBILITY_ONLY_NOT_PRODUCTION,847.5285,763.9429,-60.8877,33,33,0.07184152,,0.07184152,0.07184152,60.8877,847.5285,OK,0.0000,-1.8266,3.0000,97.0000,AG03-UNRESOLVED,ALL5_LEVELS_bet23_to_bet27,-1.8266,-1.8266,-1.8266,-2.4355,-2.4355,3.000000,3.000000,3.000000,4.000000,4.000000,97.000000,97.000000,97.000000,96.000000,96.000000,5.0,-10.3509,-9.6739,-50.5368,-51.2139,PENDING_AG03,FALSE,NOT_FOR_ENFORCEMENT,-59.0611,741.0246,-60.8877,-59.0611,-1.8266,-0.07184152,-0.06968628,-1.8266,-59.0611,-0.06968628,-1.8266,-1.8266,-1.8266,-2.4355,-2.4355,-59.0611,-0.06968628,-10.3509,-9.6739,-50.5368,-51.2139,-0.05962846,-0.0604273,-0.00215525,25.6827,23.1498,-1.8451,-60.8877,-4.0592,847.5285,33.0000,,25.6827,14.4113,14.4113,36.0282,56.6076,69.1742,93.6734,14.4113,7.2056,4.8,6.5,1.782121,9,15,3,2,0E-8,-0.07184152,,0E-8,0.000000,0.901377,0.000000,,2026-05-11,2026-05-11,1,15,9,1,1.000000,,,0.000000,,,,,,,,GLOBAL_BASELINE_NO_ENTITY_RANKING,,,NOT_APPLICABLE_GLOBAL_BASELINE,HF9g-P5,,,,X 全窗基线 · 不参与实体赏罚,3928440,393,A168_HF9F_20260827_0900,2026-08-27 09:00:00
2026-05-11,149865045,1951,0,36.0282461450,-36.0282461450,-36.0282461450,0E-7,1,1,0.49324550000000000,0.493245500000,-0.9865810262130424,-0.9865810262130424,-0.9865810262130424,0E-17,ELIGIBLE,R03b_20260811_FULL_v1,L1_ELIGIBILITY,v2026-08-11,2026-03-21..2026-08-06,baccarat_bet02_101_all_pairs_incl_sentinel,round_win = game_pnl > 0 (decisive only),COMPATIBILITY_ONLY_NOT_PRODUCTION,847.5285,763.9429,-60.8877,33,33,0.07184152,,0.07184152,0.07184152,60.8877,847.5285,OK,0.0000,-1.8266,3.0000,97.0000,AG03-UNRESOLVED,ALL5_LEVELS_bet23_to_bet27,-1.8266,-1.8266,-1.8266,-2.4355,-2.4355,3.000000,3.000000,3.000000,4.000000,4.000000,97.000000,97.000000,97.000000,96.000000,96.000000,5.0,-10.3509,-9.6739,-50.5368,-51.2139,PENDING_AG03,FALSE,NOT_FOR_ENFORCEMENT,-59.0611,741.0246,-60.8877,-59.0611,-1.8266,-0.07184152,-0.06968628,-1.8266,-59.0611,-0.06968628,-1.8266,-1.8266,-1.8266,-2.4355,-2.4355,-59.0611,-0.06968628,-10.3509,-9.6739,-50.5368,-51.2139,-0.05962846,-0.0604273,-0.00215525,25.6827,23.1498,-1.8451,-60.8877,-4.0592,847.5285,33.0000,,25.6827,14.4113,14.4113,36.0282,56.6076,69.1742,93.6734,14.4113,7.2056,4.8,6.5,1.782121,9,15,3,2,0E-8,-0.07184152,,0E-8,0.000000,0.901377,0.000000,,2026-05-11,2026-05-11,1,15,9,1,1.000000,,,0.000000,,,,,,,,GLOBAL_BASELINE_NO_ENTITY_RANKING,,,NOT_APPLICABLE_GLOBAL_BASELINE,HF9g-P5,,,,X 全窗基线 · 不参与实体赏罚,3928441,393,A168_HF9F_20260827_0900,2026-08-27 09:00:00
2026-05-11,149865045,2093,0,134.0250756594,-7.2056492290,-7.2056492290,0.7500000,5,5,0.49592654000000000,0.495926540000,1.0163275685615971,1.0163275685615971,1.0163275685615971,0E-17,ELIGIBLE,R03b_20260811_FULL_v1,L1_ELIGIBILITY,v2026-08-11,2026-03-21..2026-08-06,baccarat_bet02_101_all_pairs_incl_sentinel,round_win = game_pnl > 0 (decisive only),COMPATIBILITY_ONLY_NOT_PRODUCTION,847.5285,763.9429,-60.8877,33,33,0.07184152,,0.07184152,0.07184152,60.8877,847.5285,OK,0.0000,-1.8266,3.0000,97.0000,AG03-UNRESOLVED,ALL5_LEVELS_bet23_to_bet27,-1.8266,-1.8266,-1.8266,-2.4355,-2.4355,3.000000,3.000000,3.000000,4.000000,4.000000,97.000000,97.000000,97.000000,96.000000,96.000000,5.0,-10.3509,-9.6739,-50.5368,-51.2139,PENDING_AG03,FALSE,NOT_FOR_ENFORCEMENT,-59.0611,741.0246,-60.8877,-59.0611,-1.8266,-0.07184152,-0.06968628,-1.8266,-59.0611,-0.06968628,-1.8266,-1.8266,-1.8266,-2.4355,-2.4355,-59.0611,-0.06968628,-10.3509,-9.6739,-50.5368,-51.2139,-0.05962846,-0.0604273,-0.00215525,25.6827,23.1498,-1.8451,-60.8877,-4.0592,847.5285,33.0000,,25.6827,14.4113,14.4113,36.0282,56.6076,69.1742,93.6734,14.4113,7.2056,4.8,6.5,1.782121,9,15,3,2,0E-8,-0.07184152,,0E-8,0.000000,0.901377,0.000000,,2026-05-11,2026-05-11,1,15,9,1,1.000000,,,0.000000,,,,,,,,GLOBAL_BASELINE_NO_ENTITY_RANKING,,,NOT_APPLICABLE_GLOBAL_BASELINE,HF9g-P5,,,,X 全窗基线 · 不参与实体赏罚,3928442,393,A168_HF9F_20260827_0900,2026-08-27 09:00:00
2026-05-11,149865045,2106,0,7.2056492290,-7.2056492290,-7.2056492290,0E-7,1,1,0.49324550000000000,0.493245500000,-0.9865810262130424,-0.9865810262130424,-0.9865810262130424,0E-17,ELIGIBLE,R03b_20260811_FULL_v1,L1_ELIGIBILITY,v2026-08-11,2026-03-21..2026-08-06,baccarat_bet02_101_all_pairs_incl_sentinel,round_win = game_pnl > 0 (decisive only),COMPATIBILITY_ONLY_NOT_PRODUCTION,847.5285,763.9429,-60.8877,33,33,0.07184152,,0.07184152,0.07184152,60.8877,847.5285,OK,0.0000,-1.8266,3.0000,97.0000,AG03-UNRESOLVED,ALL5_LEVELS_bet23_to_bet27,-1.8266,-1.8266,-1.8266,-2.4355,-2.4355,3.000000,3.000000,3.000000,4.000000,4.000000,97.000000,97.000000,97.000000,96.000000,96.000000,5.0,-10.3509,-9.6739,-50.5368,-51.2139,PENDING_AG03,FALSE,NOT_FOR_ENFORCEMENT,-59.0611,741.0246,-60.8877,-59.0611,-1.8266,-0.07184152,-0.06968628,-1.8266,-59.0611,-0.06968628,-1.8266,-1.8266,-1.8266,-2.4355,-2.4355,-59.0611,-0.06968628,-10.3509,-9.6739,-50.5368,-51.2139,-0.05962846,-0.0604273,-0.00215525,25.6827,23.1498,-1.8451,-60.8877,-4.0592,847.5285,33.0000,,25.6827,14.4113,14.4113,36.0282,56.6076,69.1742,93.6734,14.4113,7.2056,4.8,6.5,1.782121,9,15,3,2,0E-8,-0.07184152,,0E-8,0.000000,0.901377,0.000000,,2026-05-11,2026-05-11,1,15,9,1,1.000000,,,0.000000,,,,,,,,GLOBAL_BASELINE_NO_ENTITY_RANKING,,,NOT_APPLICABLE_GLOBAL_BASELINE,HF9g-P5,,,,X 全窗基线 · 不参与实体赏罚,3928443,393,A168_HF9F_20260827_0900,2026-08-27 09:00:00
2026-05-11,149865045,2123,0,168.7563049431,-111.1111111111,-111.1111111111,0.4285714,7,7,0.49324550000000000,0.493245500000,-0.3422542494892156,-0.3422542494892157,-0.3422542494892156,0E-17,ELIGIBLE,R03b_20260811_FULL_v1,L1_ELIGIBILITY,v2026-08-11,2026-03-21..2026-08-06,baccarat_bet02_101_all_pairs_incl_sentinel,round_win = game_pnl > 0 (decisive only),COMPATIBILITY_ONLY_NOT_PRODUCTION,847.5285,763.9429,-60.8877,33,33,0.07184152,,0.07184152,0.07184152,60.8877,847.5285,OK,0.0000,-1.8266,3.0000,97.0000,AG03-UNRESOLVED,ALL5_LEVELS_bet23_to_bet27,-1.8266,-1.8266,-1.8266,-2.4355,-2.4355,3.000000,3.000000,3.000000,4.000000,4.000000,97.000000,97.000000,97.000000,96.000000,96.000000,5.0,-10.3509,-9.6739,-50.5368,-51.2139,PENDING_AG03,FALSE,NOT_FOR_ENFORCEMENT,-59.0611,741.0246,-60.8877,-59.0611,-1.8266,-0.07184152,-0.06968628,-1.8266,-59.0611,-0.06968628,-1.8266,-1.8266,-1.8266,-2.4355,-2.4355,-59.0611,-0.06968628,-10.3509,-9.6739,-50.5368,-51.2139,-0.05962846,-0.0604273,-0.00215525,25.6827,23.1498,-1.8451,-60.8877,-4.0592,847.5285,33.0000,,25.6827,14.4113,14.4113,36.0282,56.6076,69.1742,93.6734,14.4113,7.2056,4.8,6.5,1.782121,9,15,3,2,0E-8,-0.07184152,,0E-8,0.000000,0.901377,0.000000,,2026-05-11,2026-05-11,1,15,9,1,1.000000,,,0.000000,,,,,,,,GLOBAL_BASELINE_NO_ENTITY_RANKING,,,NOT_APPLICABLE_GLOBAL_BASELINE,HF9g-P5,,,,X 全窗基线 · 不参与实体赏罚,3928444,393,A168_HF9F_20260827_0900,2026-08-27 09:00:00
2026-05-11,149865045,2141,0,50.4395446030,19.8155353797,19.8155353797,0.5000000,2,2,0.49994810000000000,0.499948100000,0.00014679536856514622,0.00014679536856514622,0.00014679536856514622,0E-17,ELIGIBLE,R03b_20260811_FULL_v1,L1_ELIGIBILITY,v2026-08-11,2026-03-21..2026-08-06,baccarat_bet02_101_all_pairs_incl_sentinel,round_win = game_pnl > 0 (decisive only),COMPATIBILITY_ONLY_NOT_PRODUCTION,847.5285,763.9429,-60.8877,33,33,0.07184152,,0.07184152,0.07184152,60.8877,847.5285,OK,0.0000,-1.8266,3.0000,97.0000,AG03-UNRESOLVED,ALL5_LEVELS_bet23_to_bet27,-1.8266,-1.8266,-1.8266,-2.4355,-2.4355,3.000000,3.000000,3.000000,4.000000,4.000000,97.000000,97.000000,97.000000,96.000000,96.000000,5.0,-10.3509,-9.6739,-50.5368,-51.2139,PENDING_AG03,FALSE,NOT_FOR_ENFORCEMENT,-59.0611,741.0246,-60.8877,-59.0611,-1.8266,-0.07184152,-0.06968628,-1.8266,-59.0611,-0.06968628,-1.8266,-1.8266,-1.8266,-2.4355,-2.4355,-59.0611,-0.06968628,-10.3509,-9.6739,-50.5368,-51.2139,-0.05962846,-0.0604273,-0.00215525,25.6827,23.1498,-1.8451,-60.8877,-4.0592,847.5285,33.0000,,25.6827,14.4113,14.4113,36.0282,56.6076,69.1742,93.6734,14.4113,7.2056,4.8,6.5,1.782121,9,15,3,2,0E-8,-0.07184152,,0E-8,0.000000,0.901377,0.000000,,2026-05-11,2026-05-11,1,15,9,1,1.000000,,,0.000000,,,,,,,,GLOBAL_BASELINE_NO_ENTITY_RANKING,,,NOT_APPLICABLE_GLOBAL_BASELINE,HF9g-P5,,,,X 全窗基线 · 不参与实体赏罚,3928445,393,A168_HF9F_20260827_0900,2026-08-27 09:00:00
2026-05-11,149865045,2145,0,86.4677907480,0E-10,0E-10,0.6666667,4,4,0.49324550000000000,0.493245500000,0.6008033672792107,0.6008033672792106,0.6008033672792107,0E-17,ELIGIBLE,R03b_20260811_FULL_v1,L1_ELIGIBILITY,v2026-08-11,2026-03-21..2026-08-06,baccarat_bet02_101_all_pairs_incl_sentinel,round_win = game_pnl > 0 (decisive only),COMPATIBILITY_ONLY_NOT_PRODUCTION,847.5285,763.9429,-60.8877,33,33,0.07184152,,0.07184152,0.07184152,60.8877,847.5285,OK,0.0000,-1.8266,3.0000,97.0000,AG03-UNRESOLVED,ALL5_LEVELS_bet23_to_bet27,-1.8266,-1.8266,-1.8266,-2.4355,-2.4355,3.000000,3.000000,3.000000,4.000000,4.000000,97.000000,97.000000,97.000000,96.000000,96.000000,5.0,-10.3509,-9.6739,-50.5368,-51.2139,PENDING_AG03,FALSE,NOT_FOR_ENFORCEMENT,-59.0611,741.0246,-60.8877,-59.0611,-1.8266,-0.07184152,-0.06968628,-1.8266,-59.0611,-0.06968628,-1.8266,-1.8266,-1.8266,-2.4355,-2.4355,-59.0611,-0.06968628,-10.3509,-9.6739,-50.5368,-51.2139,-0.05962846,-0.0604273,-0.00215525,25.6827,23.1498,-1.8451,-60.8877,-4.0592,847.5285,33.0000,,25.6827,14.4113,14.4113,36.0282,56.6076,69.1742,93.6734,14.4113,7.2056,4.8,6.5,1.782121,9,15,3,2,0E-8,-0.07184152,,0E-8,0.000000,0.901377,0.000000,,2026-05-11,2026-05-11,1,15,9,1,1.000000,,,0.000000,,,,,,,,GLOBAL_BASELINE_NO_ENTITY_RANKING,,,NOT_APPLICABLE_GLOBAL_BASELINE,HF9g-P5,,,,X 全窗基线 · 不参与实体赏罚,3928446,393,A168_HF9F_20260827_0900,2026-08-27 09:00:00
2026-05-11,149865045,2155,0,7.2056492290,-7.2056492290,-7.2056492290,0E-7,1,1,0.49324550000000000,0.493245500000,-0.9865810262130424,-0.9865810262130424,-0.9865810262130424,0E-17,ELIGIBLE,R03b_20260811_FULL_v1,L1_ELIGIBILITY,v2026-08-11,2026-03-21..2026-08-06,baccarat_bet02_101_all_pairs_incl_sentinel,round_win = game_pnl > 0 (decisive only),COMPATIBILITY_ONLY_NOT_PRODUCTION,847.5285,763.9429,-60.8877,33,33,0.07184152,,0.07184152,0.07184152,60.8877,847.5285,OK,0.0000,-1.8266,3.0000,97.0000,AG03-UNRESOLVED,ALL5_LEVELS_bet23_to_bet27,-1.8266,-1.8266,-1.8266,-2.4355,-2.4355,3.000000,3.000000,3.000000,4.000000,4.000000,97.000000,97.000000,97.000000,96.000000,96.000000,5.0,-10.3509,-9.6739,-50.5368,-51.2139,PENDING_AG03,FALSE,NOT_FOR_ENFORCEMENT,-59.0611,741.0246,-60.8877,-59.0611,-1.8266,-0.07184152,-0.06968628,-1.8266,-59.0611,-0.06968628,-1.8266,-1.8266,-1.8266,-2.4355,-2.4355,-59.0611,-0.06968628,-10.3509,-9.6739,-50.5368,-51.2139,-0.05962846,-0.0604273,-0.00215525,25.6827,23.1498,-1.8451,-60.8877,-4.0592,847.5285,33.0000,,25.6827,14.4113,14.4113,36.0282,56.6076,69.1742,93.6734,14.4113,7.2056,4.8,6.5,1.782121,9,15,3,2,0E-8,-0.07184152,,0E-8,0.000000,0.901377,0.000000,,2026-05-11,2026-05-11,1,15,9,1,1.000000,,,0.000000,,,,,,,,GLOBAL_BASELINE_NO_ENTITY_RANKING,,,NOT_APPLICABLE_GLOBAL_BASELINE,HF9g-P5,,,,X 全窗基线 · 不参与实体赏罚,3928447,393,A168_HF9F_20260827_0900,2026-08-27 09:00:00
2026-05-11,149865045,2233,0,50.4395446030,50.4395446030,50.4395446030,1.0000000,2,2,0.49324550000000000,0.493245500000,1.4334489766152358,1.4334489766152358,1.4334489766152358,0E-17,ELIGIBLE,R03b_20260811_FULL_v1,L1_ELIGIBILITY,v2026-08-11,2026-03-21..2026-08-06,baccarat_bet02_101_all_pairs_incl_sentinel,round_win = game_pnl > 0 (decisive only),COMPATIBILITY_ONLY_NOT_PRODUCTION,847.5285,763.9429,-60.8877,33,33,0.07184152,,0.07184152,0.07184152,60.8877,847.5285,OK,0.0000,-1.8266,3.0000,97.0000,AG03-UNRESOLVED,ALL5_LEVELS_bet23_to_bet27,-1.8266,-1.8266,-1.8266,-2.4355,-2.4355,3.000000,3.000000,3.000000,4.000000,4.000000,97.000000,97.000000,97.000000,96.000000,96.000000,5.0,-10.3509,-9.6739,-50.5368,-51.2139,PENDING_AG03,FALSE,NOT_FOR_ENFORCEMENT,-59.0611,741.0246,-60.8877,-59.0611,-1.8266,-0.07184152,-0.06968628,-1.8266,-59.0611,-0.06968628,-1.8266,-1.8266,-1.8266,-2.4355,-2.4355,-59.0611,-0.06968628,-10.3509,-9.6739,-50.5368,-51.2139,-0.05962846,-0.0604273,-0.00215525,25.6827,23.1498,-1.8451,-60.8877,-4.0592,847.5285,33.0000,,25.6827,14.4113,14.4113,36.0282,56.6076,69.1742,93.6734,14.4113,7.2056,4.8,6.5,1.782121,9,15,3,2,0E-8,-0.07184152,,0E-8,0.000000,0.901377,0.000000,,2026-05-11,2026-05-11,1,15,9,1,1.000000,,,0.000000,,,,,,,,GLOBAL_BASELINE_NO_ENTITY_RANKING,,,NOT_APPLICABLE_GLOBAL_BASELINE,HF9g-P5,,,,X 全窗基线 · 不参与实体赏罚,3928448,393,A168_HF9F_20260827_0900,2026-08-27 09:00:00
2026-05-11,149865045,2251,0,14.4112984580,14.4112984580,14.4112984580,1.0000000,1,1,0.49324550000000000,0.493245500000,1.01360149184955,1.01360149184955,1.01360149184955,0E-17,ELIGIBLE,R03b_20260811_FULL_v1,L1_ELIGIBILITY,v2026-08-11,2026-03-21..2026-08-06,baccarat_bet02_101_all_pairs_incl_sentinel,round_win = game_pnl > 0 (decisive only),COMPATIBILITY_ONLY_NOT_PRODUCTION,847.5285,763.9429,-60.8877,33,33,0.07184152,,0.07184152,0.07184152,60.8877,847.5285,OK,0.0000,-1.8266,3.0000,97.0000,AG03-UNRESOLVED,ALL5_LEVELS_bet23_to_bet27,-1.8266,-1.8266,-1.8266,-2.4355,-2.4355,3.000000,3.000000,3.000000,4.000000,4.000000,97.000000,97.000000,97.000000,96.000000,96.000000,5.0,-10.3509,-9.6739,-50.5368,-51.2139,PENDING_AG03,FALSE,NOT_FOR_ENFORCEMENT,-59.0611,741.0246,-60.8877,-59.0611,-1.8266,-0.07184152,-0.06968628,-1.8266,-59.0611,-0.06968628,-1.8266,-1.8266,-1.8266,-2.4355,-2.4355,-59.0611,-0.06968628,-10.3509,-9.6739,-50.5368,-51.2139,-0.05962846,-0.0604273,-0.00215525,25.6827,23.1498,-1.8451,-60.8877,-4.0592,847.5285,33.0000,,25.6827,14.4113,14.4113,36.0282,56.6076,69.1742,93.6734,14.4113,7.2056,4.8,6.5,1.782121,9,15,3,2,0E-8,-0.07184152,,0E-8,0.000000,0.901377,0.000000,,2026-05-11,2026-05-11,1,15,9,1,1.000000,,,0.000000,,,,,,,,GLOBAL_BASELINE_NO_ENTITY_RANKING,,,NOT_APPLICABLE_GLOBAL_BASELINE,HF9g-P5,,,,X 全窗基线 · 不参与实体赏罚,3928449,393,A168_HF9F_20260827_0900,2026-08-27 09:00:00
2026-05-11,149865045,2267,0,14.4112984580,-14.4112984580,-14.4112984580,0E-7,1,1,0.49324550000000000,0.493245500000,-0.9865810262130424,-0.9865810262130424,-0.9865810262130424,0E-17,ELIGIBLE,R03b_20260811_FULL_v1,L1_ELIGIBILITY,v2026-08-11,2026-03-21..2026-08-06,baccarat_bet02_101_all_pairs_incl_sentinel,round_win = game_pnl > 0 (decisive only),COMPATIBILITY_ONLY_NOT_PRODUCTION,847.5285,763.9429,-60.8877,33,33,0.07184152,,0.07184152,0.07184152,60.8877,847.5285,OK,0.0000,-1.8266,3.0000,97.0000,AG03-UNRESOLVED,ALL5_LEVELS_bet23_to_bet27,-1.8266,-1.8266,-1.8266,-2.4355,-2.4355,3.000000,3.000000,3.000000,4.000000,4.000000,97.000000,97.000000,97.000000,96.000000,96.000000,5.0,-10.3509,-9.6739,-50.5368,-51.2139,PENDING_AG03,FALSE,NOT_FOR_ENFORCEMENT,-59.0611,741.0246,-60.8877,-59.0611,-1.8266,-0.07184152,-0.06968628,-1.8266,-59.0611,-0.06968628,-1.8266,-1.8266,-1.8266,-2.4355,-2.4355,-59.0611,-0.06968628,-10.3509,-9.6739,-50.5368,-51.2139,-0.05962846,-0.0604273,-0.00215525,25.6827,23.1498,-1.8451,-60.8877,-4.0592,847.5285,33.0000,,25.6827,14.4113,14.4113,36.0282,56.6076,69.1742,93.6734,14.4113,7.2056,4.8,6.5,1.782121,9,15,3,2,0E-8,-0.07184152,,0E-8,0.000000,0.901377,0.000000,,2026-05-11,2026-05-11,1,15,9,1,1.000000,,,0.000000,,,,,,,,GLOBAL_BASELINE_NO_ENTITY_RANKING,,,NOT_APPLICABLE_GLOBAL_BASELINE,HF9g-P5,,,,X 全窗基线 · 不参与实体赏罚,3928450,393,A168_HF9F_20260827_0900,2026-08-27 09:00:00
2026-05-11,149865045,595,0,21.6169476870,-21.6169476870,-21.6169476870,0E-7,1,1,0.49324550000000000,0.493245500000,-0.9865810262130424,-0.9865810262130424,-0.9865810262130424,0E-17,ELIGIBLE,R03b_20260811_FULL_v1,L1_ELIGIBILITY,v2026-08-11,2026-03-21..2026-08-06,baccarat_bet02_101_all_pairs_incl_sentinel,round_win = game_pnl > 0 (decisive only),COMPATIBILITY_ONLY_NOT_PRODUCTION,847.5285,763.9429,-60.8877,33,33,0.07184152,,0.07184152,0.07184152,60.8877,847.5285,OK,0.0000,-1.8266,3.0000,97.0000,AG03-UNRESOLVED,ALL5_LEVELS_bet23_to_bet27,-1.8266,-1.8266,-1.8266,-2.4355,-2.4355,3.000000,3.000000,3.000000,4.000000,4.000000,97.000000,97.000000,97.000000,96.000000,96.000000,5.0,-10.3509,-9.6739,-50.5368,-51.2139,PENDING_AG03,FALSE,NOT_FOR_ENFORCEMENT,-59.0611,741.0246,-60.8877,-59.0611,-1.8266,-0.07184152,-0.06968628,-1.8266,-59.0611,-0.06968628,-1.8266,-1.8266,-1.8266,-2.4355,-2.4355,-59.0611,-0.06968628,-10.3509,-9.6739,-50.5368,-51.2139,-0.05962846,-0.0604273,-0.00215525,25.6827,23.1498,-1.8451,-60.8877,-4.0592,847.5285,33.0000,,25.6827,14.4113,14.4113,36.0282,56.6076,69.1742,93.6734,14.4113,7.2056,4.8,6.5,1.782121,9,15,3,2,0E-8,-0.07184152,,0E-8,0.000000,0.901377,0.000000,,2026-05-11,2026-05-11,1,15,9,1,1.000000,,,0.000000,,,,,,,,GLOBAL_BASELINE_NO_ENTITY_RANKING,,,NOT_APPLICABLE_GLOBAL_BASELINE,HF9g-P5,,,,X 全窗基线 · 不参与实体赏罚,3928451,393,A168_HF9F_20260827_0900,2026-08-27 09:00:00
2026-05-11,149865045,772,0,14.4112984580,14.4112984580,14.4112984580,1.0000000,1,1,0.49324550000000000,0.493245500000,1.01360149184955,1.01360149184955,1.01360149184955,0E-17,ELIGIBLE,R03b_20260811_FULL_v1,L1_ELIGIBILITY,v2026-08-11,2026-03-21..2026-08-06,baccarat_bet02_101_all_pairs_incl_sentinel,round_win = game_pnl > 0 (decisive only),COMPATIBILITY_ONLY_NOT_PRODUCTION,847.5285,763.9429,-60.8877,33,33,0.07184152,,0.07184152,0.07184152,60.8877,847.5285,OK,0.0000,-1.8266,3.0000,97.0000,AG03-UNRESOLVED,ALL5_LEVELS_bet23_to_bet27,-1.8266,-1.8266,-1.8266,-2.4355,-2.4355,3.000000,3.000000,3.000000,4.000000,4.000000,97.000000,97.000000,97.000000,96.000000,96.000000,5.0,-10.3509,-9.6739,-50.5368,-51.2139,PENDING_AG03,FALSE,NOT_FOR_ENFORCEMENT,-59.0611,741.0246,-60.8877,-59.0611,-1.8266,-0.07184152,-0.06968628,-1.8266,-59.0611,-0.06968628,-1.8266,-1.8266,-1.8266,-2.4355,-2.4355,-59.0611,-0.06968628,-10.3509,-9.6739,-50.5368,-51.2139,-0.05962846,-0.0604273,-0.00215525,25.6827,23.1498,-1.8451,-60.8877,-4.0592,847.5285,33.0000,,25.6827,14.4113,14.4113,36.0282,56.6076,69.1742,93.6734,14.4113,7.2056,4.8,6.5,1.782121,9,15,3,2,0E-8,-0.07184152,,0E-8,0.000000,0.901377,0.000000,,2026-05-11,2026-05-11,1,15,9,1,1.000000,,,0.000000,,,,,,,,GLOBAL_BASELINE_NO_ENTITY_RANKING,,,NOT_APPLICABLE_GLOBAL_BASELINE,HF9g-P5,,,,X 全窗基线 · 不参与实体赏罚,3928452,393,A168_HF9F_20260827_0900,2026-08-27 09:00:00
2026-05-11,149865045,994,0,28.8225969160,28.8225969160,28.8225969160,1.0000000,2,2,0.49324550000000000,0.493245500000,1.4334489766152358,1.4334489766152358,1.4334489766152358,0E-17,ELIGIBLE,R03b_20260811_FULL_v1,L1_ELIGIBILITY,v2026-08-11,2026-03-21..2026-08-06,baccarat_bet02_101_all_pairs_incl_sentinel,round_win = game_pnl > 0 (decisive only),COMPATIBILITY_ONLY_NOT_PRODUCTION,847.5285,763.9429,-60.8877,33,33,0.07184152,,0.07184152,0.07184152,60.8877,847.5285,OK,0.0000,-1.8266,3.0000,97.0000,AG03-UNRESOLVED,ALL5_LEVELS_bet23_to_bet27,-1.8266,-1.8266,-1.8266,-2.4355,-2.4355,3.000000,3.000000,3.000000,4.000000,4.000000,97.000000,97.000000,97.000000,96.000000,96.000000,5.0,-10.3509,-9.6739,-50.5368,-51.2139,PENDING_AG03,FALSE,NOT_FOR_ENFORCEMENT,-59.0611,741.0246,-60.8877,-59.0611,-1.8266,-0.07184152,-0.06968628,-1.8266,-59.0611,-0.06968628,-1.8266,-1.8266,-1.8266,-2.4355,-2.4355,-59.0611,-0.06968628,-10.3509,-9.6739,-50.5368,-51.2139,-0.05962846,-0.0604273,-0.00215525,25.6827,23.1498,-1.8451,-60.8877,-4.0592,847.5285,33.0000,,25.6827,14.4113,14.4113,36.0282,56.6076,69.1742,93.6734,14.4113,7.2056,4.8,6.5,1.782121,9,15,3,2,0E-8,-0.07184152,,0E-8,0.000000,0.901377,0.000000,,2026-05-11,2026-05-11,1,15,9,1,1.000000,,,0.000000,,,,,,,,GLOBAL_BASELINE_NO_ENTITY_RANKING,,,NOT_APPLICABLE_GLOBAL_BASELINE,HF9g-P5,,,,X 全窗基线 · 不参与实体赏罚,3928453,393,A168_HF9F_20260827_0900,2026-08-27 09:00:00
2026-04-18,148849923,1383,0,115.1742009791,60.8852707902,60.8852707902,0.8000000,5,5,0.49860758000000000,0.498607580000,1.3478731046594083,1.3478731046594083,1.3478731046594083,0E-17,ELIGIBLE,R03b_20260811_FULL_v1,L1_ELIGIBILITY,v2026-08-11,2026-03-21..2026-08-06,baccarat_bet02_101_all_pairs_incl_sentinel,round_win = game_pnl > 0 (decisive only),COMPATIBILITY_ONLY_NOT_PRODUCTION,115.1742,115.1742,-60.8853,5,5,0.52863636,,0.52863636,0.52863636,60.8853,115.1742,THIN_EXPOSURE,0.0000,-1.8266,3.0000,97.0000,AG03-UNRESOLVED,ALL5_LEVELS_bet23_to_bet27,-1.8266,-1.8266,-1.8266,-2.4354,-2.4354,3.000000,3.000000,3.000000,4.000000,4.000000,97.000000,97.000000,97.000000,96.000000,96.000000,5.0,-10.3505,-9.6735,-50.5348,-51.2118,PENDING_AG03,FALSE,NOT_FOR_ENFORCEMENT,-59.0587,111.7190,-60.8853,-59.0587,-1.8266,-0.52863636,-0.51277727,-1.8266,-59.0587,-0.51277727,-1.8266,-1.8266,-1.8266,-2.4354,-2.4354,-59.0587,-0.51277727,-10.3505,-9.6735,-50.5348,-51.2118,-0.43876818,-0.44464632,-0.01585909,23.0348,23.0348,-12.1771,-60.8853,-60.8853,115.1742,5.0000,,23.0348,17.2761,20.9408,28.27,34.5523,34.5523,34.5523,20.9408,16.9097,1.65,1.65,1.1,1,1,1,2,0E-8,-0.52863636,,0E-8,0.000000,1.000000,0.000000,,2026-04-18,2026-04-18,1,1,1,1,1.000000,,,0.000000,,,,,,,,GLOBAL_BASELINE_NO_ENTITY_RANKING,,,NOT_APPLICABLE_GLOBAL_BASELINE,HF9g-P5,,,,X 全窗基线 · 不参与实体赏罚,3928454,393,A168_HF9F_20260827_0900,2026-08-27 09:00:00
2026-04-18,113764573,2155,0,52.3519095359,-52.3519095359,-52.3519095359,0E-7,1,1,0.50665070000000000,0.506650700000,-1.013391052207602,-1.013391052207602,-1.013391052207602,0E-17,ELIGIBLE,R03b_20260811_FULL_v1,L1_ELIGIBILITY,v2026-08-11,2026-03-21..2026-08-06,baccarat_bet02_101_all_pairs_incl_sentinel,round_win = game_pnl > 0 (decisive only),COMPATIBILITY_ONLY_NOT_PRODUCTION,776.7480,776.7480,-60.8825,7,7,0.07838128,,0.07838128,0.07838128,60.8825,776.7480,THIN_EXPOSURE,0.0000,-1.8265,3.0000,97.0000,AG03-UNRESOLVED,ALL5_LEVELS_bet23_to_bet27,-1.8265,-1.8265,-1.8265,-2.4353,-2.4353,3.000000,3.000000,3.000000,4.000000,4.000000,97.000000,97.000000,97.000000,96.000000,96.000000,5.0,-10.3500,-9.673,-50.5325,-51.2095,PENDING_AG03,FALSE,NOT_FOR_ENFORCEMENT,-59.0560,753.4456,-60.8825,-59.0560,-1.8265,-0.07838128,-0.07602984,-1.8265,-59.0560,-0.07602984,-1.8265,-1.8265,-1.8265,-2.4353,-2.4353,-59.0560,-0.07602984,-10.3500,-9.673,-50.5325,-51.2095,-0.06505646,-0.06592801,-0.00235144,110.9640,110.9640,-8.6975,-30.4413,-12.1765,388.3740,3.5000,,110.9640,51.6613,78.5279,176.6877,201.2258,205.7243,205.7243,78.5279,-48.4255,2.619762,2.619762,1.413053,5,5,2,2,0E-8,-0.07838128,,0E-8,0.000000,1.000000,1.000000,,2026-04-18,2026-06-15,2,5,5,59,0.033898,,,0.000000,,,,,,,,GLOBAL_BASELINE_NO_ENTITY_RANKING,,,NOT_APPLICABLE_GLOBAL_BASELINE,HF9g-P5,,,,X 全窗基线 · 不参与实体赏罚,3928455,393,A168_HF9F_20260827_0900,2026-08-27 09:00:00
2026-04-18,113764573,2175,0,231.6571996964,134.8061670550,134.8061670550,0.5000000,2,2,0.49994810000000000,0.499948100000,0.00014679536856514622,0.00014679536856514622,0.00014679536856514622,0E-17,ELIGIBLE,R03b_20260811_FULL_v1,L1_ELIGIBILITY,v2026-08-11,2026-03-21..2026-08-06,baccarat_bet02_101_all_pairs_incl_sentinel,round_win = game_pnl > 0 (decisive only),COMPATIBILITY_ONLY_NOT_PRODUCTION,776.7480,776.7480,-60.8825,7,7,0.07838128,,0.07838128,0.07838128,60.8825,776.7480,THIN_EXPOSURE,0.0000,-1.8265,3.0000,97.0000,AG03-UNRESOLVED,ALL5_LEVELS_bet23_to_bet27,-1.8265,-1.8265,-1.8265,-2.4353,-2.4353,3.000000,3.000000,3.000000,4.000000,4.000000,97.000000,97.000000,97.000000,96.000000,96.000000,5.0,-10.3500,-9.673,-50.5325,-51.2095,PENDING_AG03,FALSE,NOT_FOR_ENFORCEMENT,-59.0560,753.4456,-60.8825,-59.0560,-1.8265,-0.07838128,-0.07602984,-1.8265,-59.0560,-0.07602984,-1.8265,-1.8265,-1.8265,-2.4353,-2.4353,-59.0560,-0.07602984,-10.3500,-9.673,-50.5325,-51.2095,-0.06505646,-0.06592801,-0.00235144,110.9640,110.9640,-8.6975,-30.4413,-12.1765,388.3740,3.5000,,110.9640,51.6613,78.5279,176.6877,201.2258,205.7243,205.7243,78.5279,-48.4255,2.619762,2.619762,1.413053,5,5,2,2,0E-8,-0.07838128,,0E-8,0.000000,1.000000,1.000000,,2026-04-18,2026-06-15,2,5,5,59,0.033898,,,0.000000,,,,,,,,GLOBAL_BASELINE_NO_ENTITY_RANKING,,,NOT_APPLICABLE_GLOBAL_BASELINE,HF9g-P5,,,,X 全窗基线 · 不参与实体赏罚,3928456,393,A168_HF9F_20260827_0900,2026-08-27 09:00:00
2026-04-18,113764573,2241,0,235.5835929116,235.5835929116,235.5835929116,1.0000000,2,2,0.49324550000000000,0.493245500000,1.4334489766152358,1.4334489766152358,1.4334489766152358,0E-17,ELIGIBLE,R03b_20260811_FULL_v1,L1_ELIGIBILITY,v2026-08-11,2026-03-21..2026-08-06,baccarat_bet02_101_all_pairs_incl_sentinel,round_win = game_pnl > 0 (decisive only),COMPATIBILITY_ONLY_NOT_PRODUCTION,776.7480,776.7480,-60.8825,7,7,0.07838128,,0.07838128,0.07838128,60.8825,776.7480,THIN_EXPOSURE,0.0000,-1.8265,3.0000,97.0000,AG03-UNRESOLVED,ALL5_LEVELS_bet23_to_bet27,-1.8265,-1.8265,-1.8265,-2.4353,-2.4353,3.000000,3.000000,3.000000,4.000000,4.000000,97.000000,97.000000,97.000000,96.000000,96.000000,5.0,-10.3500,-9.673,-50.5325,-51.2095,PENDING_AG03,FALSE,NOT_FOR_ENFORCEMENT,-59.0560,753.4456,-60.8825,-59.0560,-1.8265,-0.07838128,-0.07602984,-1.8265,-59.0560,-0.07602984,-1.8265,-1.8265,-1.8265,-2.4353,-2.4353,-59.0560,-0.07602984,-10.3500,-9.673,-50.5325,-51.2095,-0.06505646,-0.06592801,-0.00235144,110.9640,110.9640,-8.6975,-30.4413,-12.1765,388.3740,3.5000,,110.9640,51.6613,78.5279,176.6877,201.2258,205.7243,205.7243,78.5279,-48.4255,2.619762,2.619762,1.413053,5,5,2,2,0E-8,-0.07838128,,0E-8,0.000000,1.000000,1.000000,,2026-04-18,2026-06-15,2,5,5,59,0.033898,,,0.000000,,,,,,,,GLOBAL_BASELINE_NO_ENTITY_RANKING,,,NOT_APPLICABLE_GLOBAL_BASELINE,HF9g-P5,,,,X 全窗基线 · 不参与实体赏罚,3928457,393,A168_HF9F_20260827_0900,2026-08-27 09:00:00
2026-06-15,113764573,1017,0,51.4310695091,-51.4310695091,-51.4310695091,0E-7,1,1,0.50665070000000000,0.506650700000,-1.013391052207602,-1.013391052207602,-1.013391052207602,0E-17,ELIGIBLE,R03b_20260811_FULL_v1,L1_ELIGIBILITY,v2026-08-11,2026-03-21..2026-08-06,baccarat_bet02_101_all_pairs_incl_sentinel,round_win = game_pnl > 0 (decisive only),COMPATIBILITY_ONLY_NOT_PRODUCTION,776.7480,776.7480,-60.8825,7,7,0.07838128,,0.07838128,0.07838128,60.8825,776.7480,THIN_EXPOSURE,0.0000,-1.8265,3.0000,97.0000,AG03-UNRESOLVED,ALL5_LEVELS_bet23_to_bet27,-1.8265,-1.8265,-1.8265,-2.4353,-2.4353,3.000000,3.000000,3.000000,4.000000,4.000000,97.000000,97.000000,97.000000,96.000000,96.000000,5.0,-10.3500,-9.673,-50.5325,-51.2095,PENDING_AG03,FALSE,NOT_FOR_ENFORCEMENT,-59.0560,753.4456,-60.8825,-59.0560,-1.8265,-0.07838128,-0.07602984,-1.8265,-59.0560,-0.07602984,-1.8265,-1.8265,-1.8265,-2.4353,-2.4353,-59.0560,-0.07602984,-10.3500,-9.673,-50.5325,-51.2095,-0.06505646,-0.06592801,-0.00235144,110.9640,110.9640,-8.6975,-30.4413,-12.1765,388.3740,3.5000,,110.9640,51.6613,78.5279,176.6877,201.2258,205.7243,205.7243,78.5279,-48.4255,2.619762,2.619762,1.413053,5,5,2,2,0E-8,-0.07838128,,0E-8,0.000000,1.000000,1.000000,,2026-04-18,2026-06-15,2,5,5,59,0.033898,,,0.000000,,,,,,,,GLOBAL_BASELINE_NO_ENTITY_RANKING,,,NOT_APPLICABLE_GLOBAL_BASELINE,HF9g-P5,,,,X 全窗基线 · 不参与实体赏罚,3928458,393,A168_HF9F_20260827_0900,2026-08-27 09:00:00
2026-06-15,113764573,1331,0,205.7242780364,-205.7242780364,-205.7242780364,0E-7,1,1,0.50665070000000000,0.506650700000,-1.013391052207602,-1.013391052207602,-1.013391052207602,0E-17,ELIGIBLE,R03b_20260811_FULL_v1,L1_ELIGIBILITY,v2026-08-11,2026-03-21..2026-08-06,baccarat_bet02_101_all_pairs_incl_sentinel,round_win = game_pnl > 0 (decisive only),COMPATIBILITY_ONLY_NOT_PRODUCTION,776.7480,776.7480,-60.8825,7,7,0.07838128,,0.07838128,0.07838128,60.8825,776.7480,THIN_EXPOSURE,0.0000,-1.8265,3.0000,97.0000,AG03-UNRESOLVED,ALL5_LEVELS_bet23_to_bet27,-1.8265,-1.8265,-1.8265,-2.4353,-2.4353,3.000000,3.000000,3.000000,4.000000,4.000000,97.000000,97.000000,97.000000,96.000000,96.000000,5.0,-10.3500,-9.673,-50.5325,-51.2095,PENDING_AG03,FALSE,NOT_FOR_ENFORCEMENT,-59.0560,753.4456,-60.8825,-59.0560,-1.8265,-0.07838128,-0.07602984,-1.8265,-59.0560,-0.07602984,-1.8265,-1.8265,-1.8265,-2.4353,-2.4353,-59.0560,-0.07602984,-10.3500,-9.673,-50.5325,-51.2095,-0.06505646,-0.06592801,-0.00235144,110.9640,110.9640,-8.6975,-30.4413,-12.1765,388.3740,3.5000,,110.9640,51.6613,78.5279,176.6877,201.2258,205.7243,205.7243,78.5279,-48.4255,2.619762,2.619762,1.413053,5,5,2,2,0E-8,-0.07838128,,0E-8,0.000000,1.000000,1.000000,,2026-04-18,2026-06-15,2,5,5,59,0.033898,,,0.000000,,,,,,,,GLOBAL_BASELINE_NO_ENTITY_RANKING,,,NOT_APPLICABLE_GLOBAL_BASELINE,HF9g-P5,,,,X 全窗基线 · 不参与实体赏罚,3928459,393,A168_HF9F_20260827_0900,2026-08-27 09:00:00
2026-08-01,153723716,1302,0,123.2887267872,74.3585133436,74.3585133436,0.8181818,13,13,0.49943251538461538,0.499432515385,2.1143450409340754,2.1143450409315223,2.1143450409340754,-3.8462E-13,ELIGIBLE,R03b_20260811_FULL_v1,L1_ELIGIBILITY,v2026-08-11,2026-03-21..2026-08-06,baccarat_bet02_101_all_pairs_incl_sentinel,round_win = game_pnl > 0 (decisive only),COMPATIBILITY_ONLY_NOT_PRODUCTION,136.1313,125.8572,-61.5159,14,14,0.45188679,0.45188679,,0.45188679,61.5159,136.1313,THIN_EXPOSURE,0.0000,-2.4606,4.0000,96.0000,AG03-UNRESOLVED,ALL5_LEVELS_bet23_to_bet27,-2.4606,-2.4606,-2.4606,-2.4606,-2.4606,4.000000,4.000000,4.000000,4.000000,4.000000,96.000000,96.000000,96.000000,96.000000,96.000000,5.0,-12.3032,-11.3575,-49.2128,-50.1584,PENDING_AG03,FALSE,NOT_FOR_ENFORCEMENT,-59.0553,120.8230,-61.5159,-59.0553,-2.4606,-0.45188679,-0.43381132,-2.4606,-59.0553,-0.43381132,-2.4606,-2.4606,-2.4606,-2.4606,-2.4606,-59.0553,-0.43381132,-12.3032,-11.3575,-49.2128,-50.1584,-0.36150943,-0.36845615,-0.01807547,9.7237,8.9898,-4.3940,-61.5159,-61.5159,136.1313,14.0000,9.7237,,5.137,5.137,12.8426,15.4111,33.3907,38.5277,5.137,4.8802,6.500001,7.5,1.892857,1,2,1,2,1.00000000,-0.45188679,-0.45188679,0E-8,0.000000,0.924528,0.000000,,2026-08-01,2026-08-01,1,1,1,1,1.000000,,1.000000,3.333333,,,,,,,,GLOBAL_BASELINE_NO_ENTITY_RANKING,,,NOT_APPLICABLE_GLOBAL_BASELINE,HF9g-P5,,,,X 全窗基线 · 不参与实体赏罚,3928460,393,A168_HF9F_20260827_0900,2026-08-27 09:00:00
2026-08-01,153723716,1963,0,12.8425757070,-12.8425757070,-12.8425757070,0E-7,1,1,0.50665070000000000,0.506650700000,-1.013391052207602,-1.013391052207602,-1.013391052207602,0E-17,ELIGIBLE,R03b_20260811_FULL_v1,L1_ELIGIBILITY,v2026-08-11,2026-03-21..2026-08-06,baccarat_bet02_101_all_pairs_incl_sentinel,round_win = game_pnl > 0 (decisive only),COMPATIBILITY_ONLY_NOT_PRODUCTION,136.1313,125.8572,-61.5159,14,14,0.45188679,0.45188679,,0.45188679,61.5159,136.1313,THIN_EXPOSURE,0.0000,-2.4606,4.0000,96.0000,AG03-UNRESOLVED,ALL5_LEVELS_bet23_to_bet27,-2.4606,-2.4606,-2.4606,-2.4606,-2.4606,4.000000,4.000000,4.000000,4.000000,4.000000,96.000000,96.000000,96.000000,96.000000,96.000000,5.0,-12.3032,-11.3575,-49.2128,-50.1584,PENDING_AG03,FALSE,NOT_FOR_ENFORCEMENT,-59.0553,120.8230,-61.5159,-59.0553,-2.4606,-0.45188679,-0.43381132,-2.4606,-59.0553,-0.43381132,-2.4606,-2.4606,-2.4606,-2.4606,-2.4606,-59.0553,-0.43381132,-12.3032,-11.3575,-49.2128,-50.1584,-0.36150943,-0.36845615,-0.01807547,9.7237,8.9898,-4.3940,-61.5159,-61.5159,136.1313,14.0000,9.7237,,5.137,5.137,12.8426,15.4111,33.3907,38.5277,5.137,4.8802,6.500001,7.5,1.892857,1,2,1,2,1.00000000,-0.45188679,-0.45188679,0E-8,0.000000,0.924528,0.000000,,2026-08-01,2026-08-01,1,1,1,1,1.000000,,1.000000,3.333333,,,,,,,,GLOBAL_BASELINE_NO_ENTITY_RANKING,,,NOT_APPLICABLE_GLOBAL_BASELINE,HF9g-P5,,,,X 全窗基线 · 不参与实体赏罚,3928461,393,A168_HF9F_20260827_0900,2026-08-27 09:00:00
2026-04-03,148164293,-1,1,61.5134937047,61.5134937047,61.5134937047,1.0000000,1,1,0.49324550000000000,0.493245500000,1.01360149184955,1.01360149184955,1.01360149184955,0E-17,SENTINEL_DEALER,R03b_20260811_FULL_v1,L1_ELIGIBILITY,v2026-08-11,2026-03-21..2026-08-06,baccarat_bet02_101_all_pairs_incl_sentinel,round_win = game_pnl > 0 (decisive only),COMPATIBILITY_ONLY_NOT_PRODUCTION,61.5135,61.5135,-61.5135,1,1,1.00000000,,1.00000000,1.00000000,61.5135,61.5135,THIN_EXPOSURE,0.0000,-2.4605,4.0000,96.0000,AG03-UNRESOLVED,ALL5_LEVELS_bet23_to_bet27,-2.4605,-2.4605,-3.0757,-3.0757,-3.0757,4.000000,4.000000,5.000000,5.000000,5.000000,96.000000,96.000000,95.000000,95.000000,95.000000,5.0,-14.1481,-12.9082,-47.3654,-48.6053,PENDING_AG03,FALSE,NOT_FOR_ENFORCEMENT,-59.0530,59.0530,-61.5135,-59.0530,-2.4605,-1.00000000,-0.96000000,-2.4605,-59.0530,-0.96000000,-2.4605,-2.4605,-3.0757,-3.0757,-3.0757,-59.0530,-0.96000000,-14.1481,-12.9082,-47.3654,-48.6053,-0.77000000,-0.7901568,-0.04000000,61.5135,61.5135,-61.5135,-61.5135,-61.5135,61.5135,1.0000,,61.5135,61.5135,61.5135,61.5135,61.5135,61.5135,61.5135,61.5135,61.5135,1.0,1.0,1.0,1,1,1,1,0E-8,-1.00000000,,0E-8,0.000000,1.000000,0.000000,,2026-04-03,2026-04-03,1,1,1,1,1.000000,,,0.000000,,,,,,,,GLOBAL_BASELINE_NO_ENTITY_RANKING,,,NOT_APPLICABLE_GLOBAL_BASELINE,HF9g-P5,,,,X 全窗基线 · 不参与实体赏罚,3928462,393,A168_HF9F_20260827_0900,2026-08-27 09:00:00
2026-04-27,149243967,-1,1,60.2046959664,49.0799151899,49.0799151899,0.6666667,4,3,0.44788356250000000,0.431273450000,0.7620377864095298,0.8232399886073292,0.7620377864095298,0.01661011250000000,SENTINEL_DEALER,R03b_20260811_FULL_v1,L1_ELIGIBILITY,v2026-08-11,2026-03-21..2026-08-06,baccarat_bet02_101_all_pairs_incl_sentinel,round_win = game_pnl > 0 (decisive only),COMPATIBILITY_ONLY_NOT_PRODUCTION,73.2927,60.2047,-61.5135,5,4,0.83928571,,0.83928571,0.83928571,61.5135,73.2927,THIN_EXPOSURE,0.0000,-2.4605,4.0000,96.0000,AG03-UNRESOLVED,ALL5_LEVELS_bet23_to_bet27,-2.4605,-2.4605,-3.0757,-3.0757,-3.0757,4.000000,4.000000,5.000000,5.000000,5.000000,96.000000,96.000000,95.000000,95.000000,95.000000,5.0,-14.1481,-12.9082,-47.3654,-48.6053,PENDING_AG03,FALSE,NOT_FOR_ENFORCEMENT,-59.0530,57.7965,-61.5135,-59.0530,-2.4605,-0.83928571,-0.80571429,-2.4605,-59.0530,-0.80571429,-2.4605,-2.4605,-3.0757,-3.0757,-3.0757,-59.0530,-0.80571429,-14.1481,-12.9082,-47.3654,-48.6053,-0.64625000,-0.66316731,-0.03357143,14.6585,15.0512,-15.3784,-61.5135,-30.7567,73.2927,4.0000,,14.6585,11.7792,13.088,16.36,26.176,26.176,26.176,13.088,12.4336,2.0,2.0,1.12,2,2,1,3,0E-8,-0.83928571,,0E-8,0.000000,0.821429,0.000000,,2026-04-27,2026-04-27,1,2,2,1,1.000000,,,0.000000,,,,,,,,GLOBAL_BASELINE_NO_ENTITY_RANKING,,,NOT_APPLICABLE_GLOBAL_BASELINE,HF9g-P5,,,,X 全窗基线 · 不参与实体赏罚,3928463,393,A168_HF9F_20260827_0900,2026-08-27 09:00:00
2026-04-27,149243967,987,0,13.0879773840,12.4335785148,12.4335785148,1.0000000,1,1,0.50665070000000000,0.506650700000,0.9867858985152569,0.9867858985152569,0.9867858985152569,0E-17,ELIGIBLE,R03b_20260811_FULL_v1,L1_ELIGIBILITY,v2026-08-11,2026-03-21..2026-08-06,baccarat_bet02_101_all_pairs_incl_sentinel,round_win = game_pnl > 0 (decisive only),COMPATIBILITY_ONLY_NOT_PRODUCTION,73.2927,60.2047,-61.5135,5,4,0.83928571,,0.83928571,0.83928571,61.5135,73.2927,THIN_EXPOSURE,0.0000,-2.4605,4.0000,96.0000,AG03-UNRESOLVED,ALL5_LEVELS_bet23_to_bet27,-2.4605,-2.4605,-3.0757,-3.0757,-3.0757,4.000000,4.000000,5.000000,5.000000,5.000000,96.000000,96.000000,95.000000,95.000000,95.000000,5.0,-14.1481,-12.9082,-47.3654,-48.6053,PENDING_AG03,FALSE,NOT_FOR_ENFORCEMENT,-59.0530,57.7965,-61.5135,-59.0530,-2.4605,-0.83928571,-0.80571429,-2.4605,-59.0530,-0.80571429,-2.4605,-2.4605,-3.0757,-3.0757,-3.0757,-59.0530,-0.80571429,-14.1481,-12.9082,-47.3654,-48.6053,-0.64625000,-0.66316731,-0.03357143,14.6585,15.0512,-15.3784,-61.5135,-30.7567,73.2927,4.0000,,14.6585,11.7792,13.088,16.36,26.176,26.176,26.176,13.088,12.4336,2.0,2.0,1.12,2,2,1,3,0E-8,-0.83928571,,0E-8,0.000000,0.821429,0.000000,,2026-04-27,2026-04-27,1,2,2,1,1.000000,,,0.000000,,,,,,,,GLOBAL_BASELINE_NO_ENTITY_RANKING,,,NOT_APPLICABLE_GLOBAL_BASELINE,HF9g-P5,,,,X 全窗基线 · 不参与实体赏罚,3928464,393,A168_HF9F_20260827_0900,2026-08-27 09:00:00
2026-04-28,110928297,2093,0,88.9982462112,61.5134937048,61.5134937048,0.8333333,6,6,0.49771390000000000,0.497713900000,1.6442099050618135,1.6442099050618135,1.6442099050618135,0E-17,ELIGIBLE,R03b_20260811_FULL_v1,L1_ELIGIBILITY,v2026-08-11,2026-03-21..2026-08-06,baccarat_bet02_101_all_pairs_incl_sentinel,round_win = game_pnl > 0 (decisive only),COMPATIBILITY_ONLY_NOT_PRODUCTION,88.9982,88.9982,-61.5135,6,6,0.69117647,,0.69117647,0.69117647,61.5135,88.9982,THIN_EXPOSURE,0.0000,-2.4605,4.0000,96.0000,AG03-UNRESOLVED,ALL5_LEVELS_bet23_to_bet27,-2.4605,-2.4605,-2.4605,-3.0757,-3.0757,4.000000,4.000000,4.000000,5.000000,5.000000,96.000000,96.000000,96.000000,95.000000,95.000000,5.0,-13.5330,-12.3966,-47.9805,-49.1169,PENDING_AG03,FALSE,NOT_FOR_ENFORCEMENT,-59.0530,85.4383,-61.5135,-59.0530,-2.4605,-0.69117647,-0.66352941,-2.4605,-59.0530,-0.66352941,-2.4605,-2.4605,-2.4605,-3.0757,-3.0757,-59.0530,-0.66352941,-13.5330,-12.3966,-47.9805,-49.1169,-0.53911765,-0.55188661,-0.02764706,14.8330,14.8330,-10.2522,-61.5135,-61.5135,88.9982,6.0000,,14.8330,10.4704,13.088,18.3232,25.3907,26.176,26.176,13.088,11.7792,2.0,2.0,1.133333,1,1,1,2,0E-8,-0.69117647,,0E-8,0.000000,1.000000,0.000000,,2026-04-28,2026-04-28,1,1,1,1,1.000000,,,0.000000,,,,,,,,GLOBAL_BASELINE_NO_ENTITY_RANKING,,,NOT_APPLICABLE_GLOBAL_BASELINE,HF9g-P5,,,,X 全窗基线 · 不参与实体赏罚,3928465,393,A168_HF9F_20260827_0900,2026-08-27 09:00:00
2026-04-10,148471380,970,0,91.6158416879,61.5134937047,61.5134937047,0.5000000,2,2,0.50665070000000000,0.506650700000,-0.018812684590367487,-0.018812684590367487,-0.018812684590367487,0E-17,ELIGIBLE,R03b_20260811_FULL_v1,L1_ELIGIBILITY,v2026-08-11,2026-03-21..2026-08-06,baccarat_bet02_101_all_pairs_incl_sentinel,round_win = game_pnl > 0 (decisive only),COMPATIBILITY_ONLY_NOT_PRODUCTION,91.6158,91.6158,-61.5135,2,2,0.67142857,,0.67142857,0.67142857,61.5135,91.6158,THIN_EXPOSURE,0.0000,-2.4605,4.0000,96.0000,AG03-UNRESOLVED,ALL5_LEVELS_bet23_to_bet27,-2.4605,-2.4605,-3.0757,0.0000,0.0000,4.000000,4.000000,5.000000,0.000000,0.000000,96.000000,96.000000,95.000000,100.000000,100.000000,5.0,-7.9968,-7.6572,-53.5167,-53.8563,PENDING_AG03,FALSE,NOT_FOR_ENFORCEMENT,-59.0530,87.9512,-61.5135,-59.0530,-2.4605,-0.67142857,-0.64457143,-2.4605,-59.0530,-0.64457143,-2.4605,-2.4605,-3.0757,0.0000,0.0000,-59.0530,-0.64457143,-7.9968,-7.6572,-53.5167,-53.8563,-0.58414286,-0.58784914,-0.02685714,45.8079,45.8079,-30.7567,-61.5135,-61.5135,91.6158,2.0000,,45.8079,13.088,45.8079,78.5279,78.5279,78.5279,78.5279,45.8079,30.7567,1.714286,1.714286,1.0,1,1,1,1,0E-8,-0.67142857,,0E-8,0.000000,1.000000,0.000000,,2026-04-10,2026-04-10,1,1,1,1,1.000000,,,0.000000,,,,,,,,GLOBAL_BASELINE_NO_ENTITY_RANKING,,,NOT_APPLICABLE_GLOBAL_BASELINE,HF9g-P5,,,,X 全窗基线 · 不参与实体赏罚,3928466,393,A168_HF9F_20260827_0900,2026-08-27 09:00:00
2026-04-15,147155773,-1,1,91.6158416879,61.5134937047,61.5134937047,1.0000000,2,1,0.44778671428565003,0.300626750000,1.1104981095089936,1.5252488199758223,1.1104981095089936,0.14715996428565003,SENTINEL_DEALER,R03b_20260811_FULL_v1,L1_ELIGIBILITY,v2026-08-11,2026-03-21..2026-08-06,baccarat_bet02_101_all_pairs_incl_sentinel,round_win = game_pnl > 0 (decisive only),COMPATIBILITY_ONLY_NOT_PRODUCTION,91.6158,91.6158,-61.5135,2,1,0.67142857,,0.67142857,0.67142857,61.5135,91.6158,THIN_EXPOSURE,0.0000,-2.4605,4.0000,96.0000,AG03-UNRESOLVED,ALL5_LEVELS_bet23_to_bet27,-2.4605,-2.4605,-3.0757,-3.0757,-3.0757,4.000000,4.000000,5.000000,5.000000,5.000000,96.000000,96.000000,95.000000,95.000000,95.000000,5.0,-14.1481,-12.9082,-47.3654,-48.6053,PENDING_AG03,FALSE,NOT_FOR_ENFORCEMENT,-59.0530,87.9512,-61.5135,-59.0530,-2.4605,-0.67142857,-0.64457143,-2.4605,-59.0530,-0.64457143,-2.4605,-2.4605,-3.0757,-3.0757,-3.0757,-59.0530,-0.64457143,-14.1481,-12.9082,-47.3654,-48.6053,-0.51700000,-0.53053385,-0.02685714,45.8079,91.6158,-61.5135,-61.5135,-61.5135,91.6158,1.0000,,45.8079,13.088,45.8079,78.5279,78.5279,78.5279,78.5279,45.8079,30.7567,1.714286,1.714286,1.0,1,1,1,2,0E-8,-0.67142857,,0E-8,0.000000,1.000000,0.000000,,2026-04-15,2026-04-15,1,1,1,1,1.000000,,,0.000000,,,,,,,,GLOBAL_BASELINE_NO_ENTITY_RANKING,,,NOT_APPLICABLE_GLOBAL_BASELINE,HF9g-P5,,,,X 全窗基线 · 不参与实体赏罚,3928467,393,A168_HF9F_20260827_0900,2026-08-27 09:00:00
2026-04-14,148655093,2156,0,104.7038190720,61.5134937048,61.5134937048,0.7500000,5,5,0.50665070000000000,0.506650700000,0.9734833216690844,0.9734833216690844,0.9734833216690844,0E-17,ELIGIBLE,R03b_20260811_FULL_v1,L1_ELIGIBILITY,v2026-08-11,2026-03-21..2026-08-06,baccarat_bet02_101_all_pairs_incl_sentinel,round_win = game_pnl > 0 (decisive only),COMPATIBILITY_ONLY_NOT_PRODUCTION,104.7038,91.6158,-61.5135,5,5,0.58750000,,0.58750000,0.58750000,61.5135,104.7038,THIN_EXPOSURE,0.0000,-2.4605,4.0000,96.0000,AG03-UNRESOLVED,ALL5_LEVELS_bet23_to_bet27,-2.4605,-2.4605,-3.0757,-3.0757,-3.0757,4.000000,4.000000,5.000000,5.000000,5.000000,96.000000,96.000000,95.000000,95.000000,95.000000,5.0,-14.1481,-12.9082,-47.3654,-48.6053,PENDING_AG03,FALSE,NOT_FOR_ENFORCEMENT,-59.0530,87.9512,-61.5135,-59.0530,-2.4605,-0.58750000,-0.56400000,-2.4605,-59.0530,-0.56400000,-2.4605,-2.4605,-3.0757,-3.0757,-3.0757,-59.0530,-0.56400000,-14.1481,-12.9082,-47.3654,-48.6053,-0.45237500,-0.46421712,-0.02350000,20.9408,18.3232,-12.3027,-61.5135,-61.5135,104.7038,5.0000,,20.9408,13.088,26.176,26.176,26.176,26.176,26.176,26.176,24.8672,1.0,1.0,0.8,1,1,1,1,0E-8,-0.58750000,,0E-8,0.000000,0.875000,0.000000,,2026-04-14,2026-04-14,1,1,1,1,1.000000,,,0.000000,,,,,,,,GLOBAL_BASELINE_NO_ENTITY_RANKING,,,NOT_APPLICABLE_GLOBAL_BASELINE,HF9g-P5,,,,X 全窗基线 · 不参与实体赏罚,3928468,393,A168_HF9F_20260827_0900,2026-08-27 09:00:00
2026-04-02,148134473,2242,0,120.4093919327,61.5134937047,61.5134937047,1.0000000,5,2,0.43423808472215249,0.334229012500,1.6142392288235974,1.9959761972353005,1.6142392288235974,0.10000907222215249,ELIGIBLE,R03b_20260811_FULL_v1,L1_ELIGIBILITY,v2026-08-11,2026-03-21..2026-08-06,baccarat_bet02_101_all_pairs_incl_sentinel,round_win = game_pnl > 0 (decisive only),COMPATIBILITY_ONLY_NOT_PRODUCTION,120.4094,120.4094,-61.5135,5,2,0.51086957,,0.51086957,0.51086957,61.5135,120.4094,THIN_EXPOSURE,0.0000,-2.4605,4.0000,96.0000,AG03-UNRESOLVED,ALL5_LEVELS_bet23_to_bet27,-2.4605,-2.4605,-2.4605,-2.4605,-2.4605,4.000000,4.000000,4.000000,4.000000,4.000000,96.000000,96.000000,96.000000,96.000000,96.000000,5.0,-12.3027,-11.3571,-49.2108,-50.1564,PENDING_AG03,FALSE,NOT_FOR_ENFORCEMENT,-59.0530,115.5930,-61.5135,-59.0530,-2.4605,-0.51086957,-0.49043478,-2.4605,-59.0530,-0.49043478,-2.4605,-2.4605,-2.4605,-2.4605,-2.4605,-59.0530,-0.49043478,-12.3027,-11.3571,-49.2108,-50.1564,-0.40869565,-0.4165491,-0.02043478,24.0819,60.2047,-30.7567,-61.5135,-61.5135,120.4094,2.0000,,24.0819,10.4704,13.088,35.9919,65.4399,65.4399,65.4399,13.088,-2.6176,5.0,5.0,1.84,1,1,1,5,0E-8,-0.51086957,,0E-8,0.000000,1.000000,0.000000,,2026-04-02,2026-04-02,1,1,1,1,1.000000,,,0.000000,,,,,,,,GLOBAL_BASELINE_NO_ENTITY_RANKING,,,NOT_APPLICABLE_GLOBAL_BASELINE,HF9g-P5,,,,X 全窗基线 · 不参与实体赏罚,3928469,393,A168_HF9F_20260827_0900,2026-08-27 09:00:00
2026-04-06,148277896,1109,0,26.1759547680,-26.1759547680,-26.1759547680,0E-7,2,1,0.45338123000000000,0.293924150000,-0.9107296962489136,-0.6451964315166089,-0.9107296962489136,0.15945708000000000,ELIGIBLE,R03b_20260811_FULL_v1,L1_ELIGIBILITY,v2026-08-11,2026-03-21..2026-08-06,baccarat_bet02_101_all_pairs_incl_sentinel,round_win = game_pnl > 0 (decisive only),COMPATIBILITY_ONLY_NOT_PRODUCTION,130.8798,104.7038,-61.5135,13,8,0.47000000,,0.47000000,0.47000000,61.5135,130.8798,THIN_EXPOSURE,0.0000,-2.4605,4.0000,96.0000,AG03-UNRESOLVED,ALL5_LEVELS_bet23_to_bet27,-2.4605,-2.4605,-3.0757,-3.0757,-3.0757,4.000000,4.000000,5.000000,5.000000,5.000000,96.000000,96.000000,95.000000,95.000000,95.000000,5.0,-14.1481,-12.9082,-47.3654,-48.6053,PENDING_AG03,FALSE,NOT_FOR_ENFORCEMENT,-59.0530,100.5157,-61.5135,-59.0530,-2.4605,-0.47000000,-0.45120000,-2.4605,-59.0530,-0.45120000,-2.4605,-2.4605,-3.0757,-3.0757,-3.0757,-59.0530,-0.45120000,-14.1481,-12.9082,-47.3654,-48.6053,-0.36190000,-0.3713737,-0.01880000,10.0677,13.0880,-7.6892,-61.5135,-20.5045,130.8798,8.0000,,10.0677,3.5992,13.088,13.088,15.1821,21.9878,23.5584,3.9264,0.0,1.679999,1.8,0.769231,3,3,1,3,0E-8,-0.47000000,,0E-8,0.000000,0.800000,0.000000,,2026-04-06,2026-04-06,1,3,3,1,1.000000,,,0.000000,,,,,,,,GLOBAL_BASELINE_NO_ENTITY_RANKING,,,NOT_APPLICABLE_GLOBAL_BASELINE,HF9g-P5,,,,X 全窗基线 · 不参与实体赏罚,3928470,393,A168_HF9F_20260827_0900,2026-08-27 09:00:00
2026-04-06,148277896,1325,0,91.6158416880,74.6014710887,74.6014710887,0.8333333,10,6,0.43856136880341880,0.355385475000,1.9487476082769324,2.44599894074495,1.9487476082769324,0.08317589380341880,ELIGIBLE,R03b_20260811_FULL_v1,L1_ELIGIBILITY,v2026-08-11,2026-03-21..2026-08-06,baccarat_bet02_101_all_pairs_incl_sentinel,round_win = game_pnl > 0 (decisive only),COMPATIBILITY_ONLY_NOT_PRODUCTION,130.8798,104.7038,-61.5135,13,8,0.47000000,,0.47000000,0.47000000,61.5135,130.8798,THIN_EXPOSURE,0.0000,-2.4605,4.0000,96.0000,AG03-UNRESOLVED,ALL5_LEVELS_bet23_to_bet27,-2.4605,-2.4605,-3.0757,-3.0757,-3.0757,4.000000,4.000000,5.000000,5.000000,5.000000,96.000000,96.000000,95.000000,95.000000,95.000000,5.0,-14.1481,-12.9082,-47.3654,-48.6053,PENDING_AG03,FALSE,NOT_FOR_ENFORCEMENT,-59.0530,100.5157,-61.5135,-59.0530,-2.4605,-0.47000000,-0.45120000,-2.4605,-59.0530,-0.45120000,-2.4605,-2.4605,-3.0757,-3.0757,-3.0757,-59.0530,-0.45120000,-14.1481,-12.9082,-47.3654,-48.6053,-0.36190000,-0.3713737,-0.01880000,10.0677,13.0880,-7.6892,-61.5135,-20.5045,130.8798,8.0000,,10.0677,3.5992,13.088,13.088,15.1821,21.9878,23.5584,3.9264,0.0,1.679999,1.8,0.769231,3,3,1,3,0E-8,-0.47000000,,0E-8,0.000000,0.800000,0.000000,,2026-04-06,2026-04-06,1,3,3,1,1.000000,,,0.000000,,,,,,,,GLOBAL_BASELINE_NO_ENTITY_RANKING,,,NOT_APPLICABLE_GLOBAL_BASELINE,HF9g-P5,,,,X 全窗基线 · 不参与实体赏罚,3928471,393,A168_HF9F_20260827_0900,2026-08-27 09:00:00
2026-04-06,148277896,1396,0,13.0879773840,13.0879773840,13.0879773840,1.0000000,1,1,0.49324550000000000,0.493245500000,1.01360149184955,1.01360149184955,1.01360149184955,0E-17,ELIGIBLE,R03b_20260811_FULL_v1,L1_ELIGIBILITY,v2026-08-11,2026-03-21..2026-08-06,baccarat_bet02_101_all_pairs_incl_sentinel,round_win = game_pnl > 0 (decisive only),COMPATIBILITY_ONLY_NOT_PRODUCTION,130.8798,104.7038,-61.5135,13,8,0.47000000,,0.47000000,0.47000000,61.5135,130.8798,THIN_EXPOSURE,0.0000,-2.4605,4.0000,96.0000,AG03-UNRESOLVED,ALL5_LEVELS_bet23_to_bet27,-2.4605,-2.4605,-3.0757,-3.0757,-3.0757,4.000000,4.000000,5.000000,5.000000,5.000000,96.000000,96.000000,95.000000,95.000000,95.000000,5.0,-14.1481,-12.9082,-47.3654,-48.6053,PENDING_AG03,FALSE,NOT_FOR_ENFORCEMENT,-59.0530,100.5157,-61.5135,-59.0530,-2.4605,-0.47000000,-0.45120000,-2.4605,-59.0530,-0.45120000,-2.4605,-2.4605,-3.0757,-3.0757,-3.0757,-59.0530,-0.45120000,-14.1481,-12.9082,-47.3654,-48.6053,-0.36190000,-0.3713737,-0.01880000,10.0677,13.0880,-7.6892,-61.5135,-20.5045,130.8798,8.0000,,10.0677,3.5992,13.088,13.088,15.1821,21.9878,23.5584,3.9264,0.0,1.679999,1.8,0.769231,3,3,1,3,0E-8,-0.47000000,,0E-8,0.000000,0.800000,0.000000,,2026-04-06,2026-04-06,1,3,3,1,1.000000,,,0.000000,,,,,,,,GLOBAL_BASELINE_NO_ENTITY_RANKING,,,NOT_APPLICABLE_GLOBAL_BASELINE,HF9g-P5,,,,X 全窗基线 · 不参与实体赏罚,3928472,393,A168_HF9F_20260827_0900,2026-08-27 09:00:00
2026-04-23,149041121,-1,1,13.0879773840,-13.0879773840,-13.0879773840,0E-7,1,1,0.49324550000000000,0.493245500000,-0.9865810262130424,-0.9865810262130424,-0.9865810262130424,0E-17,SENTINEL_DEALER,R03b_20260811_FULL_v1,L1_ELIGIBILITY,v2026-08-11,2026-03-21..2026-08-06,baccarat_bet02_101_all_pairs_incl_sentinel,round_win = game_pnl > 0 (decisive only),COMPATIBILITY_ONLY_NOT_PRODUCTION,195.0109,195.0109,-61.5135,6,6,0.31543624,,0.31543624,0.31543624,61.5135,195.0109,THIN_EXPOSURE,0.0000,-2.4605,4.0000,96.0000,AG03-UNRESOLVED,ALL5_LEVELS_bet23_to_bet27,-2.4605,-2.4605,-2.4605,-2.4605,-2.4605,4.000000,4.000000,4.000000,4.000000,4.000000,96.000000,96.000000,96.000000,96.000000,96.000000,5.0,-12.3027,-11.3571,-49.2108,-50.1564,PENDING_AG03,FALSE,NOT_FOR_ENFORCEMENT,-59.0530,187.2104,-61.5135,-59.0530,-2.4605,-0.31543624,-0.30281879,-2.4605,-59.0530,-0.30281879,-2.4605,-2.4605,-2.4605,-2.4605,-2.4605,-59.0530,-0.30281879,-12.3027,-11.3571,-49.2108,-50.1564,-0.25234899,-0.2571981,-0.01261745,32.5018,32.5018,-10.2522,-61.5135,-10.2522,195.0109,6.0000,,32.5018,26.176,26.176,26.176,72.1147,77.2191,77.2191,26.176,5.8896,2.95,2.95,1.241667,5,6,1,2,0E-8,-0.31543624,,0E-8,0.000000,1.000000,0.000000,,2026-04-23,2026-04-23,1,6,5,1,1.000000,,,0.000000,,,,,,,,GLOBAL_BASELINE_NO_ENTITY_RANKING,,,NOT_APPLICABLE_GLOBAL_BASELINE,HF9g-P5,,,,X 全窗基线 · 不参与实体赏罚,3928473,393,A168_HF9F_20260827_0900,2026-08-27 09:00:00
2026-04-23,149041121,2170,0,77.2190665655,77.2190665655,77.2190665655,1.0000000,1,1,0.49324550000000000,0.493245500000,1.01360149184955,1.01360149184955,1.01360149184955,0E-17,ELIGIBLE,R03b_20260811_FULL_v1,L1_ELIGIBILITY,v2026-08-11,2026-03-21..2026-08-06,baccarat_bet02_101_all_pairs_incl_sentinel,round_win = game_pnl > 0 (decisive only),COMPATIBILITY_ONLY_NOT_PRODUCTION,195.0109,195.0109,-61.5135,6,6,0.31543624,,0.31543624,0.31543624,61.5135,195.0109,THIN_EXPOSURE,0.0000,-2.4605,4.0000,96.0000,AG03-UNRESOLVED,ALL5_LEVELS_bet23_to_bet27,-2.4605,-2.4605,-2.4605,-2.4605,-2.4605,4.000000,4.000000,4.000000,4.000000,4.000000,96.000000,96.000000,96.000000,96.000000,96.000000,5.0,-12.3027,-11.3571,-49.2108,-50.1564,PENDING_AG03,FALSE,NOT_FOR_ENFORCEMENT,-59.0530,187.2104,-61.5135,-59.0530,-2.4605,-0.31543624,-0.30281879,-2.4605,-59.0530,-0.30281879,-2.4605,-2.4605,-2.4605,-2.4605,-2.4605,-59.0530,-0.30281879,-12.3027,-11.3571,-49.2108,-50.1564,-0.25234899,-0.2571981,-0.01261745,32.5018,32.5018,-10.2522,-61.5135,-10.2522,195.0109,6.0000,,32.5018,26.176,26.176,26.176,72.1147,77.2191,77.2191,26.176,5.8896,2.95,2.95,1.241667,5,6,1,2,0E-8,-0.31543624,,0E-8,0.000000,1.000000,0.000000,,2026-04-23,2026-04-23,1,6,5,1,1.000000,,,0.000000,,,,,,,,GLOBAL_BASELINE_NO_ENTITY_RANKING,,,NOT_APPLICABLE_GLOBAL_BASELINE,HF9g-P5,,,,X 全窗基线 · 不参与实体赏罚,3928474,393,A168_HF9F_20260827_0900,2026-08-27 09:00:00
2026-04-23,149041121,2177,0,26.1759547680,24.8671570296,24.8671570296,1.0000000,1,1,0.50665070000000000,0.506650700000,0.9867858985152569,0.9867858985152569,0.9867858985152569,0E-17,ELIGIBLE,R03b_20260811_FULL_v1,L1_ELIGIBILITY,v2026-08-11,2026-03-21..2026-08-06,baccarat_bet02_101_all_pairs_incl_sentinel,round_win = game_pnl > 0 (decisive only),COMPATIBILITY_ONLY_NOT_PRODUCTION,195.0109,195.0109,-61.5135,6,6,0.31543624,,0.31543624,0.31543624,61.5135,195.0109,THIN_EXPOSURE,0.0000,-2.4605,4.0000,96.0000,AG03-UNRESOLVED,ALL5_LEVELS_bet23_to_bet27,-2.4605,-2.4605,-2.4605,-2.4605,-2.4605,4.000000,4.000000,4.000000,4.000000,4.000000,96.000000,96.000000,96.000000,96.000000,96.000000,5.0,-12.3027,-11.3571,-49.2108,-50.1564,PENDING_AG03,FALSE,NOT_FOR_ENFORCEMENT,-59.0530,187.2104,-61.5135,-59.0530,-2.4605,-0.31543624,-0.30281879,-2.4605,-59.0530,-0.30281879,-2.4605,-2.4605,-2.4605,-2.4605,-2.4605,-59.0530,-0.30281879,-12.3027,-11.3571,-49.2108,-50.1564,-0.25234899,-0.2571981,-0.01261745,32.5018,32.5018,-10.2522,-61.5135,-10.2522,195.0109,6.0000,,32.5018,26.176,26.176,26.176,72.1147,77.2191,77.2191,26.176,5.8896,2.95,2.95,1.241667,5,6,1,2,0E-8,-0.31543624,,0E-8,0.000000,1.000000,0.000000,,2026-04-23,2026-04-23,1,6,5,1,1.000000,,,0.000000,,,,,,,,GLOBAL_BASELINE_NO_ENTITY_RANKING,,,NOT_APPLICABLE_GLOBAL_BASELINE,HF9g-P5,,,,X 全窗基线 · 不参与实体赏罚,3928475,393,A168_HF9F_20260827_0900,2026-08-27 09:00:00
2026-04-23,149041121,2188,0,26.1759547680,24.8671570296,24.8671570296,1.0000000,1,1,0.50665070000000000,0.506650700000,0.9867858985152569,0.9867858985152569,0.9867858985152569,0E-17,ELIGIBLE,R03b_20260811_FULL_v1,L1_ELIGIBILITY,v2026-08-11,2026-03-21..2026-08-06,baccarat_bet02_101_all_pairs_incl_sentinel,round_win = game_pnl > 0 (decisive only),COMPATIBILITY_ONLY_NOT_PRODUCTION,195.0109,195.0109,-61.5135,6,6,0.31543624,,0.31543624,0.31543624,61.5135,195.0109,THIN_EXPOSURE,0.0000,-2.4605,4.0000,96.0000,AG03-UNRESOLVED,ALL5_LEVELS_bet23_to_bet27,-2.4605,-2.4605,-2.4605,-2.4605,-2.4605,4.000000,4.000000,4.000000,4.000000,4.000000,96.000000,96.000000,96.000000,96.000000,96.000000,5.0,-12.3027,-11.3571,-49.2108,-50.1564,PENDING_AG03,FALSE,NOT_FOR_ENFORCEMENT,-59.0530,187.2104,-61.5135,-59.0530,-2.4605,-0.31543624,-0.30281879,-2.4605,-59.0530,-0.30281879,-2.4605,-2.4605,-2.4605,-2.4605,-2.4605,-59.0530,-0.30281879,-12.3027,-11.3571,-49.2108,-50.1564,-0.25234899,-0.2571981,-0.01261745,32.5018,32.5018,-10.2522,-61.5135,-10.2522,195.0109,6.0000,,32.5018,26.176,26.176,26.176,72.1147,77.2191,77.2191,26.176,5.8896,2.95,2.95,1.241667,5,6,1,2,0E-8,-0.31543624,,0E-8,0.000000,1.000000,0.000000,,2026-04-23,2026-04-23,1,6,5,1,1.000000,,,0.000000,,,,,,,,GLOBAL_BASELINE_NO_ENTITY_RANKING,,,NOT_APPLICABLE_GLOBAL_BASELINE,HF9g-P5,,,,X 全窗基线 · 不参与实体赏罚,3928476,393,A168_HF9F_20260827_0900,2026-08-27 09:00:00
2026-04-23,149041121,2229,0,26.1759547680,-26.1759547680,-26.1759547680,0E-7,1,1,0.49324550000000000,0.493245500000,-0.9865810262130424,-0.9865810262130424,-0.9865810262130424,0E-17,ELIGIBLE,R03b_20260811_FULL_v1,L1_ELIGIBILITY,v2026-08-11,2026-03-21..2026-08-06,baccarat_bet02_101_all_pairs_incl_sentinel,round_win = game_pnl > 0 (decisive only),COMPATIBILITY_ONLY_NOT_PRODUCTION,195.0109,195.0109,-61.5135,6,6,0.31543624,,0.31543624,0.31543624,61.5135,195.0109,THIN_EXPOSURE,0.0000,-2.4605,4.0000,96.0000,AG03-UNRESOLVED,ALL5_LEVELS_bet23_to_bet27,-2.4605,-2.4605,-2.4605,-2.4605,-2.4605,4.000000,4.000000,4.000000,4.000000,4.000000,96.000000,96.000000,96.000000,96.000000,96.000000,5.0,-12.3027,-11.3571,-49.2108,-50.1564,PENDING_AG03,FALSE,NOT_FOR_ENFORCEMENT,-59.0530,187.2104,-61.5135,-59.0530,-2.4605,-0.31543624,-0.30281879,-2.4605,-59.0530,-0.30281879,-2.4605,-2.4605,-2.4605,-2.4605,-2.4605,-59.0530,-0.30281879,-12.3027,-11.3571,-49.2108,-50.1564,-0.25234899,-0.2571981,-0.01261745,32.5018,32.5018,-10.2522,-61.5135,-10.2522,195.0109,6.0000,,32.5018,26.176,26.176,26.176,72.1147,77.2191,77.2191,26.176,5.8896,2.95,2.95,1.241667,5,6,1,2,0E-8,-0.31543624,,0E-8,0.000000,1.000000,0.000000,,2026-04-23,2026-04-23,1,6,5,1,1.000000,,,0.000000,,,,,,,,GLOBAL_BASELINE_NO_ENTITY_RANKING,,,NOT_APPLICABLE_GLOBAL_BASELINE,HF9g-P5,,,,X 全窗基线 · 不参与实体赏罚,3928477,393,A168_HF9F_20260827_0900,2026-08-27 09:00:00
2026-04-23,149041121,994,0,26.1759547680,-26.1759547680,-26.1759547680,0E-7,1,1,0.50665070000000000,0.506650700000,-1.013391052207602,-1.013391052207602,-1.013391052207602,0E-17,ELIGIBLE,R03b_20260811_FULL_v1,L1_ELIGIBILITY,v2026-08-11,2026-03-21..2026-08-06,baccarat_bet02_101_all_pairs_incl_sentinel,round_win = game_pnl > 0 (decisive only),COMPATIBILITY_ONLY_NOT_PRODUCTION,195.0109,195.0109,-61.5135,6,6,0.31543624,,0.31543624,0.31543624,61.5135,195.0109,THIN_EXPOSURE,0.0000,-2.4605,4.0000,96.0000,AG03-UNRESOLVED,ALL5_LEVELS_bet23_to_bet27,-2.4605,-2.4605,-2.4605,-2.4605,-2.4605,4.000000,4.000000,4.000000,4.000000,4.000000,96.000000,96.000000,96.000000,96.000000,96.000000,5.0,-12.3027,-11.3571,-49.2108,-50.1564,PENDING_AG03,FALSE,NOT_FOR_ENFORCEMENT,-59.0530,187.2104,-61.5135,-59.0530,-2.4605,-0.31543624,-0.30281879,-2.4605,-59.0530,-0.30281879,-2.4605,-2.4605,-2.4605,-2.4605,-2.4605,-59.0530,-0.30281879,-12.3027,-11.3571,-49.2108,-50.1564,-0.25234899,-0.2571981,-0.01261745,32.5018,32.5018,-10.2522,-61.5135,-10.2522,195.0109,6.0000,,32.5018,26.176,26.176,26.176,72.1147,77.2191,77.2191,26.176,5.8896,2.95,2.95,1.241667,5,6,1,2,0E-8,-0.31543624,,0E-8,0.000000,1.000000,0.000000,,2026-04-23,2026-04-23,1,6,5,1,1.000000,,,0.000000,,,,,,,,GLOBAL_BASELINE_NO_ENTITY_RANKING,,,NOT_APPLICABLE_GLOBAL_BASELINE,HF9g-P5,,,,X 全窗基线 · 不参与实体赏罚,3928478,393,A168_HF9F_20260827_0900,2026-08-27 09:00:00
2026-04-30,149363770,-1,1,113.8654032406,113.8654032406,113.8654032406,1.0000000,1,1,0.49324550000000000,0.493245500000,1.01360149184955,1.01360149184955,1.01360149184955,0E-17,SENTINEL_DEALER,R03b_20260811_FULL_v1,L1_ELIGIBILITY,v2026-08-11,2026-03-21..2026-08-06,baccarat_bet02_101_all_pairs_incl_sentinel,round_win = game_pnl > 0 (decisive only),COMPATIBILITY_ONLY_NOT_PRODUCTION,280.0827,166.2173,-61.5135,3,3,0.21962617,,0.21962617,0.21962617,61.5135,280.0827,THIN_EXPOSURE,0.0000,-2.4605,4.0000,96.0000,AG03-UNRESOLVED,ALL5_LEVELS_bet23_to_bet27,-2.4605,-2.4605,-2.4605,-3.0757,-3.0757,4.000000,4.000000,4.000000,5.000000,5.000000,96.000000,96.000000,96.000000,95.000000,95.000000,5.0,-13.5330,-12.3966,-47.9805,-49.1169,PENDING_AG03,FALSE,NOT_FOR_ENFORCEMENT,-59.0530,159.5686,-61.5135,-59.0530,-2.4605,-0.21962617,-0.21084112,-2.4605,-59.0530,-0.21084112,-2.4605,-2.4605,-2.4605,-3.0757,-3.0757,-59.0530,-0.21084112,-13.5330,-12.3966,-47.9805,-49.1169,-0.17130841,-0.17536584,-0.00878505,93.3609,55.4058,-20.5045,-61.5135,-20.5045,280.0827,3.0000,,93.3609,67.7303,113.8654,113.8654,113.8654,113.8654,113.8654,52.3519,0.0,1.0,1.0,0.819923,3,3,1,1,0E-8,-0.21962617,,0E-8,0.000000,0.593458,0.000000,,2026-04-30,2026-04-30,1,3,3,1,1.000000,,,0.000000,,,,,,,,GLOBAL_BASELINE_NO_ENTITY_RANKING,,,NOT_APPLICABLE_GLOBAL_BASELINE,HF9g-P5,,,,X 全窗基线 · 不参与实体赏罚,3928479,393,A168_HF9F_20260827_0900,2026-08-27 09:00:00
2026-04-30,149363770,2127,0,52.3519095359,-52.3519095359,-52.3519095359,0E-7,1,1,0.49324550000000000,0.493245500000,-0.9865810262130424,-0.9865810262130424,-0.9865810262130424,0E-17,ELIGIBLE,R03b_20260811_FULL_v1,L1_ELIGIBILITY,v2026-08-11,2026-03-21..2026-08-06,baccarat_bet02_101_all_pairs_incl_sentinel,round_win = game_pnl > 0 (decisive only),COMPATIBILITY_ONLY_NOT_PRODUCTION,280.0827,166.2173,-61.5135,3,3,0.21962617,,0.21962617,0.21962617,61.5135,280.0827,THIN_EXPOSURE,0.0000,-2.4605,4.0000,96.0000,AG03-UNRESOLVED,ALL5_LEVELS_bet23_to_bet27,-2.4605,-2.4605,-2.4605,-3.0757,-3.0757,4.000000,4.000000,4.000000,5.000000,5.000000,96.000000,96.000000,96.000000,95.000000,95.000000,5.0,-13.5330,-12.3966,-47.9805,-49.1169,PENDING_AG03,FALSE,NOT_FOR_ENFORCEMENT,-59.0530,159.5686,-61.5135,-59.0530,-2.4605,-0.21962617,-0.21084112,-2.4605,-59.0530,-0.21084112,-2.4605,-2.4605,-2.4605,-3.0757,-3.0757,-59.0530,-0.21084112,-13.5330,-12.3966,-47.9805,-49.1169,-0.17130841,-0.17536584,-0.00878505,93.3609,55.4058,-20.5045,-61.5135,-20.5045,280.0827,3.0000,,93.3609,67.7303,113.8654,113.8654,113.8654,113.8654,113.8654,52.3519,0.0,1.0,1.0,0.819923,3,3,1,1,0E-8,-0.21962617,,0E-8,0.000000,0.593458,0.000000,,2026-04-30,2026-04-30,1,3,3,1,1.000000,,,0.000000,,,,,,,,GLOBAL_BASELINE_NO_ENTITY_RANKING,,,NOT_APPLICABLE_GLOBAL_BASELINE,HF9g-P5,,,,X 全窗基线 · 不参与实体赏罚,3928480,393,A168_HF9F_20260827_0900,2026-08-27 09:00:00
2026-04-30,149363770,2145,0,113.8654032406,0E-10,0E-10,,1,1,0.49324550000000000,0.493245500000,,,,0E-17,NO_DECISIVE_ROUND,R03b_20260811_FULL_v1,L1_ELIGIBILITY,v2026-08-11,2026-03-21..2026-08-06,baccarat_bet02_101_all_pairs_incl_sentinel,round_win = game_pnl > 0 (decisive only),COMPATIBILITY_ONLY_NOT_PRODUCTION,280.0827,166.2173,-61.5135,3,3,0.21962617,,0.21962617,0.21962617,61.5135,280.0827,THIN_EXPOSURE,0.0000,-2.4605,4.0000,96.0000,AG03-UNRESOLVED,ALL5_LEVELS_bet23_to_bet27,-2.4605,-2.4605,-2.4605,-3.0757,-3.0757,4.000000,4.000000,4.000000,5.000000,5.000000,96.000000,96.000000,96.000000,95.000000,95.000000,5.0,-13.5330,-12.3966,-47.9805,-49.1169,PENDING_AG03,FALSE,NOT_FOR_ENFORCEMENT,-59.0530,159.5686,-61.5135,-59.0530,-2.4605,-0.21962617,-0.21084112,-2.4605,-59.0530,-0.21084112,-2.4605,-2.4605,-2.4605,-3.0757,-3.0757,-59.0530,-0.21084112,-13.5330,-12.3966,-47.9805,-49.1169,-0.17130841,-0.17536584,-0.00878505,93.3609,55.4058,-20.5045,-61.5135,-20.5045,280.0827,3.0000,,93.3609,67.7303,113.8654,113.8654,113.8654,113.8654,113.8654,52.3519,0.0,1.0,1.0,0.819923,3,3,1,1,0E-8,-0.21962617,,0E-8,0.000000,0.593458,0.000000,,2026-04-30,2026-04-30,1,3,3,1,1.000000,,,0.000000,,,,,,,,GLOBAL_BASELINE_NO_ENTITY_RANKING,,,NOT_APPLICABLE_GLOBAL_BASELINE,HF9g-P5,,,,X 全窗基线 · 不参与实体赏罚,3928481,393,A168_HF9F_20260827_0900,2026-08-27 09:00:00
2026-04-02,148131094,1646,0,235.5835929117,231.6571996965,231.6571996965,1.0000000,3,3,0.49771390000000000,0.497713900000,1.739988277604938,1.739988277604938,1.739988277604938,0E-17,ELIGIBLE,R03b_20260811_FULL_v1,L1_ELIGIBILITY,v2026-08-11,2026-03-21..2026-08-06,baccarat_bet02_101_all_pairs_incl_sentinel,round_win = game_pnl > 0 (decisive only),COMPATIBILITY_ONLY_NOT_PRODUCTION,405.7273,405.7273,-61.5135,5,5,0.15161290,,0.15161290,0.15161290,61.5135,405.7273,THIN_EXPOSURE,0.0000,-2.4605,4.0000,96.0000,AG03-UNRESOLVED,ALL5_LEVELS_bet23_to_bet27,-2.4605,-2.4605,-2.4605,-3.0757,-3.0757,4.000000,4.000000,4.000000,5.000000,5.000000,96.000000,96.000000,96.000000,95.000000,95.000000,5.0,-13.5330,-12.3966,-47.9805,-49.1169,PENDING_AG03,FALSE,NOT_FOR_ENFORCEMENT,-59.0530,389.4982,-61.5135,-59.0530,-2.4605,-0.15161290,-0.14554839,-2.4605,-59.0530,-0.14554839,-2.4605,-2.4605,-2.4605,-3.0757,-3.0757,-59.0530,-0.14554839,-13.5330,-12.3966,-47.9805,-49.1169,-0.11825806,-0.121059,-0.00606452,81.1455,81.1455,-12.3027,-30.7567,-20.5045,202.8636,2.5000,,81.1455,75.2559,78.5279,85.0719,104.7038,104.7038,104.7038,78.5279,74.6015,1.333333,1.333333,1.033333,3,3,2,2,0E-8,-0.15161290,,0E-8,0.000000,1.000000,0.000000,,2026-04-02,2026-04-06,2,3,3,5,0.400000,,,0.000000,,,,,,,,GLOBAL_BASELINE_NO_ENTITY_RANKING,,,NOT_APPLICABLE_GLOBAL_BASELINE,HF9g-P5,,,,X 全窗基线 · 不参与实体赏罚,3928482,393,A168_HF9F_20260827_0900,2026-08-27 09:00:00
2026-04-02,148131094,1704,0,104.7038190718,-104.7038190718,-104.7038190718,0E-7,1,1,0.49324550000000000,0.493245500000,-0.9865810262130424,-0.9865810262130424,-0.9865810262130424,0E-17,ELIGIBLE,R03b_20260811_FULL_v1,L1_ELIGIBILITY,v2026-08-11,2026-03-21..2026-08-06,baccarat_bet02_101_all_pairs_incl_sentinel,round_win = game_pnl > 0 (decisive only),COMPATIBILITY_ONLY_NOT_PRODUCTION,405.7273,405.7273,-61.5135,5,5,0.15161290,,0.15161290,0.15161290,61.5135,405.7273,THIN_EXPOSURE,0.0000,-2.4605,4.0000,96.0000,AG03-UNRESOLVED,ALL5_LEVELS_bet23_to_bet27,-2.4605,-2.4605,-2.4605,-3.0757,-3.0757,4.000000,4.000000,4.000000,5.000000,5.000000,96.000000,96.000000,96.000000,95.000000,95.000000,5.0,-13.5330,-12.3966,-47.9805,-49.1169,PENDING_AG03,FALSE,NOT_FOR_ENFORCEMENT,-59.0530,389.4982,-61.5135,-59.0530,-2.4605,-0.15161290,-0.14554839,-2.4605,-59.0530,-0.14554839,-2.4605,-2.4605,-2.4605,-3.0757,-3.0757,-59.0530,-0.14554839,-13.5330,-12.3966,-47.9805,-49.1169,-0.11825806,-0.121059,-0.00606452,81.1455,81.1455,-12.3027,-30.7567,-20.5045,202.8636,2.5000,,81.1455,75.2559,78.5279,85.0719,104.7038,104.7038,104.7038,78.5279,74.6015,1.333333,1.333333,1.033333,3,3,2,2,0E-8,-0.15161290,,0E-8,0.000000,1.000000,0.000000,,2026-04-02,2026-04-06,2,3,3,5,0.400000,,,0.000000,,,,,,,,GLOBAL_BASELINE_NO_ENTITY_RANKING,,,NOT_APPLICABLE_GLOBAL_BASELINE,HF9g-P5,,,,X 全窗基线 · 不参与实体赏罚,3928483,393,A168_HF9F_20260827_0900,2026-08-27 09:00:00
2026-04-06,148131094,2142,0,65.4398869199,-65.4398869199,-65.4398869199,0E-7,1,1,0.49324550000000000,0.493245500000,-0.9865810262130424,-0.9865810262130424,-0.9865810262130424,0E-17,ELIGIBLE,R03b_20260811_FULL_v1,L1_ELIGIBILITY,v2026-08-11,2026-03-21..2026-08-06,baccarat_bet02_101_all_pairs_incl_sentinel,round_win = game_pnl > 0 (decisive only),COMPATIBILITY_ONLY_NOT_PRODUCTION,405.7273,405.7273,-61.5135,5,5,0.15161290,,0.15161290,0.15161290,61.5135,405.7273,THIN_EXPOSURE,0.0000,-2.4605,4.0000,96.0000,AG03-UNRESOLVED,ALL5_LEVELS_bet23_to_bet27,-2.4605,-2.4605,-2.4605,-3.0757,-3.0757,4.000000,4.000000,4.000000,5.000000,5.000000,96.000000,96.000000,96.000000,95.000000,95.000000,5.0,-13.5330,-12.3966,-47.9805,-49.1169,PENDING_AG03,FALSE,NOT_FOR_ENFORCEMENT,-59.0530,389.4982,-61.5135,-59.0530,-2.4605,-0.15161290,-0.14554839,-2.4605,-59.0530,-0.14554839,-2.4605,-2.4605,-2.4605,-3.0757,-3.0757,-59.0530,-0.14554839,-13.5330,-12.3966,-47.9805,-49.1169,-0.11825806,-0.121059,-0.00606452,81.1455,81.1455,-12.3027,-30.7567,-20.5045,202.8636,2.5000,,81.1455,75.2559,78.5279,85.0719,104.7038,104.7038,104.7038,78.5279,74.6015,1.333333,1.333333,1.033333,3,3,2,2,0E-8,-0.15161290,,0E-8,0.000000,1.000000,0.000000,,2026-04-02,2026-04-06,2,3,3,5,0.400000,,,0.000000,,,,,,,,GLOBAL_BASELINE_NO_ENTITY_RANKING,,,NOT_APPLICABLE_GLOBAL_BASELINE,HF9g-P5,,,,X 全窗基线 · 不参与实体赏罚,3928484,393,A168_HF9F_20260827_0900,2026-08-27 09:00:00
2026-04-18,122826248,1951,0,170.1437059917,-17.0143705991,-17.0143705991,0.3333333,3,3,0.50218230000000000,0.502182300000,-0.5849155494134425,-0.5849155494134426,-0.5849155494134425,0E-17,ELIGIBLE,R03b_20260811_FULL_v1,L1_ELIGIBILITY,v2026-08-11,2026-03-21..2026-08-06,baccarat_bet02_101_all_pairs_incl_sentinel,round_win = game_pnl > 0 (decisive only),COMPATIBILITY_ONLY_NOT_PRODUCTION,431.9033,353.3754,-61.5135,7,7,0.14242424,,0.14242424,0.14242424,61.5135,431.9033,THIN_EXPOSURE,0.0000,-2.4605,4.0000,96.0000,AG03-UNRESOLVED,ALL5_LEVELS_bet23_to_bet27,-2.4605,-2.4605,-3.0757,-3.0757,-3.0757,4.000000,4.000000,5.000000,5.000000,5.000000,96.000000,96.000000,95.000000,95.000000,95.000000,5.0,-14.1481,-12.9082,-47.3654,-48.6053,PENDING_AG03,FALSE,NOT_FOR_ENFORCEMENT,-59.0530,339.2404,-61.5135,-59.0530,-2.4605,-0.14242424,-0.13672727,-2.4605,-59.0530,-0.13672727,-2.4605,-2.4605,-3.0757,-3.0757,-3.0757,-59.0530,-0.13672727,-14.1481,-12.9082,-47.3654,-48.6053,-0.10966667,-0.11253748,-0.00569697,61.7005,50.4822,-8.7876,-61.5135,-61.5135,431.9033,7.0000,,61.7005,52.3519,52.3519,78.5279,78.5279,78.5279,78.5279,52.3519,0.0,1.5,1.5,1.178571,1,2,1,2,0E-8,-0.14242424,,0E-8,0.000000,0.818182,0.000000,,2026-04-18,2026-04-18,1,1,1,1,1.000000,,,0.000000,,,,,,,,GLOBAL_BASELINE_NO_ENTITY_RANKING,,,NOT_APPLICABLE_GLOBAL_BASELINE,HF9g-P5,,,,X 全窗基线 · 不参与实体赏罚,3928485,393,A168_HF9F_20260827_0900,2026-08-27 09:00:00
2026-04-18,122826248,948,0,261.7595476796,78.5278643039,78.5278643039,0.6666667,4,4,0.49659680000000000,0.496596800000,0.5891529468324541,0.589152946832454,0.5891529468324541,0E-17,ELIGIBLE,R03b_20260811_FULL_v1,L1_ELIGIBILITY,v2026-08-11,2026-03-21..2026-08-06,baccarat_bet02_101_all_pairs_incl_sentinel,round_win = game_pnl > 0 (decisive only),COMPATIBILITY_ONLY_NOT_PRODUCTION,431.9033,353.3754,-61.5135,7,7,0.14242424,,0.14242424,0.14242424,61.5135,431.9033,THIN_EXPOSURE,0.0000,-2.4605,4.0000,96.0000,AG03-UNRESOLVED,ALL5_LEVELS_bet23_to_bet27,-2.4605,-2.4605,-3.0757,-3.0757,-3.0757,4.000000,4.000000,5.000000,5.000000,5.000000,96.000000,96.000000,95.000000,95.000000,95.000000,5.0,-14.1481,-12.9082,-47.3654,-48.6053,PENDING_AG03,FALSE,NOT_FOR_ENFORCEMENT,-59.0530,339.2404,-61.5135,-59.0530,-2.4605,-0.14242424,-0.13672727,-2.4605,-59.0530,-0.13672727,-2.4605,-2.4605,-3.0757,-3.0757,-3.0757,-59.0530,-0.13672727,-14.1481,-12.9082,-47.3654,-48.6053,-0.10966667,-0.11253748,-0.00569697,61.7005,50.4822,-8.7876,-61.5135,-61.5135,431.9033,7.0000,,61.7005,52.3519,52.3519,78.5279,78.5279,78.5279,78.5279,52.3519,0.0,1.5,1.5,1.178571,1,2,1,2,0E-8,-0.14242424,,0E-8,0.000000,0.818182,0.000000,,2026-04-18,2026-04-18,1,1,1,1,1.000000,,,0.000000,,,,,,,,GLOBAL_BASELINE_NO_ENTITY_RANKING,,,NOT_APPLICABLE_GLOBAL_BASELINE,HF9g-P5,,,,X 全窗基线 · 不参与实体赏罚,3928486,393,A168_HF9F_20260827_0900,2026-08-27 09:00:00
2026-06-13,101643332,-1,1,6.4288836886,-6.4288836886,-6.4288836886,0E-7,1,1,0.50665070000000000,0.506650700000,-1.013391052207602,-1.013391052207602,-1.013391052207602,0E-17,SENTINEL_DEALER,R03b_20260811_FULL_v1,L1_ELIGIBILITY,v2026-08-11,2026-03-21..2026-08-06,baccarat_bet02_101_all_pairs_incl_sentinel,round_win = game_pnl > 0 (decisive only),COMPATIBILITY_ONLY_NOT_PRODUCTION,1497.6492,1471.8314,-61.5123,27,27,0.04107256,0.00017158,0.29348339,0.04107256,61.5123,1497.6492,THIN_EXPOSURE,0.0000,-2.4605,4.0000,96.0000,AG03-UNRESOLVED,ALL5_LEVELS_bet23_to_bet27,-2.4605,-2.4605,-2.4605,-3.0756,-3.0756,4.000000,4.000000,4.000000,5.000000,5.000000,96.000000,96.000000,96.000000,95.000000,95.000000,5.0,-13.5327,-12.3963,-47.9796,-49.116,PENDING_AG03,FALSE,NOT_FOR_ENFORCEMENT,-59.0518,1412.9581,-61.5123,-59.0518,-2.4605,-0.04107256,-0.03942965,-2.4605,-59.0518,-0.03942965,-2.4605,-2.4605,-2.4605,-3.0756,-3.0756,-59.0518,-0.03942965,-13.5327,-12.3963,-47.9796,-49.116,-0.03203659,-0.03279538,-0.00164290,55.4685,54.5123,-2.2782,-15.3781,-7.6890,374.4123,6.7500,64.4404,29.8343,25.8178,46.472,84.5532,104.0973,137.1053,182.5317,46.472,0.0,2.950277,3.927778,1.193589,7,8,4,2,0.86055461,-0.04107256,-0.00017158,0E-8,0.000000,0.982761,0.000000,-0.29331181,2026-06-13,2026-08-03,4,8,8,52,0.076923,2.159943,1.161749,2.868515,,,,,,,,GLOBAL_BASELINE_NO_ENTITY_RANKING,,,NOT_APPLICABLE_GLOBAL_BASELINE,HF9g-P5,,,,X 全窗基线 · 不参与实体赏罚,3928487,393,A168_HF9F_20260827_0900,2026-08-27 09:00:00
2026-07-07,101643332,1396,0,137.8669351716,132.2644773191,132.2644773191,1.0000000,4,4,0.50329940000000000,0.503299400000,1.9868456582349654,1.9868456582349654,1.9868456582349654,0E-17,ELIGIBLE,R03b_20260811_FULL_v1,L1_ELIGIBILITY,v2026-08-11,2026-03-21..2026-08-06,baccarat_bet02_101_all_pairs_incl_sentinel,round_win = game_pnl > 0 (decisive only),COMPATIBILITY_ONLY_NOT_PRODUCTION,1497.6492,1471.8314,-61.5123,27,27,0.04107256,0.00017158,0.29348339,0.04107256,61.5123,1497.6492,THIN_EXPOSURE,0.0000,-2.4605,4.0000,96.0000,AG03-UNRESOLVED,ALL5_LEVELS_bet23_to_bet27,-2.4605,-2.4605,-2.4605,-3.0756,-3.0756,4.000000,4.000000,4.000000,5.000000,5.000000,96.000000,96.000000,96.000000,95.000000,95.000000,5.0,-13.5327,-12.3963,-47.9796,-49.116,PENDING_AG03,FALSE,NOT_FOR_ENFORCEMENT,-59.0518,1412.9581,-61.5123,-59.0518,-2.4605,-0.04107256,-0.03942965,-2.4605,-59.0518,-0.03942965,-2.4605,-2.4605,-2.4605,-3.0756,-3.0756,-59.0518,-0.03942965,-13.5327,-12.3963,-47.9796,-49.116,-0.03203659,-0.03279538,-0.00164290,55.4685,54.5123,-2.2782,-15.3781,-7.6890,374.4123,6.7500,64.4404,29.8343,25.8178,46.472,84.5532,104.0973,137.1053,182.5317,46.472,0.0,2.950277,3.927778,1.193589,7,8,4,2,0.86055461,-0.04107256,-0.00017158,0E-8,0.000000,0.982761,0.000000,-0.29331181,2026-06-13,2026-08-03,4,8,8,52,0.076923,2.159943,1.161749,2.868515,,,,,,,,GLOBAL_BASELINE_NO_ENTITY_RANKING,,,NOT_APPLICABLE_GLOBAL_BASELINE,HF9g-P5,,,,X 全窗基线 · 不参与实体赏罚,3928488,393,A168_HF9F_20260827_0900,2026-08-27 09:00:00
2026-07-07,101643332,1710,0,64.5444453050,-64.5444453050,-64.5444453050,0E-7,2,2,0.49324550000000000,0.493245500000,-1.3952362676504506,-1.3952362676504506,-1.3952362676504506,0E-17,ELIGIBLE,R03b_20260811_FULL_v1,L1_ELIGIBILITY,v2026-08-11,2026-03-21..2026-08-06,baccarat_bet02_101_all_pairs_incl_sentinel,round_win = game_pnl > 0 (decisive only),COMPATIBILITY_ONLY_NOT_PRODUCTION,1497.6492,1471.8314,-61.5123,27,27,0.04107256,0.00017158,0.29348339,0.04107256,61.5123,1497.6492,THIN_EXPOSURE,0.0000,-2.4605,4.0000,96.0000,AG03-UNRESOLVED,ALL5_LEVELS_bet23_to_bet27,-2.4605,-2.4605,-2.4605,-3.0756,-3.0756,4.000000,4.000000,4.000000,5.000000,5.000000,96.000000,96.000000,96.000000,95.000000,95.000000,5.0,-13.5327,-12.3963,-47.9796,-49.116,PENDING_AG03,FALSE,NOT_FOR_ENFORCEMENT,-59.0518,1412.9581,-61.5123,-59.0518,-2.4605,-0.04107256,-0.03942965,-2.4605,-59.0518,-0.03942965,-2.4605,-2.4605,-2.4605,-3.0756,-3.0756,-59.0518,-0.03942965,-13.5327,-12.3963,-47.9796,-49.116,-0.03203659,-0.03279538,-0.00164290,55.4685,54.5123,-2.2782,-15.3781,-7.6890,374.4123,6.7500,64.4404,29.8343,25.8178,46.472,84.5532,104.0973,137.1053,182.5317,46.472,0.0,2.950277,3.927778,1.193589,7,8,4,2,0.86055461,-0.04107256,-0.00017158,0E-8,0.000000,0.982761,0.000000,-0.29331181,2026-06-13,2026-08-03,4,8,8,52,0.076923,2.159943,1.161749,2.868515,,,,,,,,GLOBAL_BASELINE_NO_ENTITY_RANKING,,,NOT_APPLICABLE_GLOBAL_BASELINE,HF9g-P5,,,,X 全窗基线 · 不参与实体赏罚,3928489,393,A168_HF9F_20260827_0900,2026-08-27 09:00:00
2026-07-09,101643332,1306,0,51.6355562440,-1.2908889061,-1.2908889061,0.5000000,2,2,0.50665070000000000,0.506650700000,-0.018812684590367487,-0.018812684590367487,-0.018812684590367487,0E-17,ELIGIBLE,R03b_20260811_FULL_v1,L1_ELIGIBILITY,v2026-08-11,2026-03-21..2026-08-06,baccarat_bet02_101_all_pairs_incl_sentinel,round_win = game_pnl > 0 (decisive only),COMPATIBILITY_ONLY_NOT_PRODUCTION,1497.6492,1471.8314,-61.5123,27,27,0.04107256,0.00017158,0.29348339,0.04107256,61.5123,1497.6492,THIN_EXPOSURE,0.0000,-2.4605,4.0000,96.0000,AG03-UNRESOLVED,ALL5_LEVELS_bet23_to_bet27,-2.4605,-2.4605,-2.4605,-3.0756,-3.0756,4.000000,4.000000,4.000000,5.000000,5.000000,96.000000,96.000000,96.000000,95.000000,95.000000,5.0,-13.5327,-12.3963,-47.9796,-49.116,PENDING_AG03,FALSE,NOT_FOR_ENFORCEMENT,-59.0518,1412.9581,-61.5123,-59.0518,-2.4605,-0.04107256,-0.03942965,-2.4605,-59.0518,-0.03942965,-2.4605,-2.4605,-2.4605,-3.0756,-3.0756,-59.0518,-0.03942965,-13.5327,-12.3963,-47.9796,-49.116,-0.03203659,-0.03279538,-0.00164290,55.4685,54.5123,-2.2782,-15.3781,-7.6890,374.4123,6.7500,64.4404,29.8343,25.8178,46.472,84.5532,104.0973,137.1053,182.5317,46.472,0.0,2.950277,3.927778,1.193589,7,8,4,2,0.86055461,-0.04107256,-0.00017158,0E-8,0.000000,0.982761,0.000000,-0.29331181,2026-06-13,2026-08-03,4,8,8,52,0.076923,2.159943,1.161749,2.868515,,,,,,,,GLOBAL_BASELINE_NO_ENTITY_RANKING,,,NOT_APPLICABLE_GLOBAL_BASELINE,HF9g-P5,,,,X 全窗基线 · 不参与实体赏罚,3928490,393,A168_HF9F_20260827_0900,2026-08-27 09:00:00
2026-07-09,101643332,1331,0,38.7266671830,-38.7266671830,-38.7266671830,0E-7,1,1,0.50665070000000000,0.506650700000,-1.013391052207602,-1.013391052207602,-1.013391052207602,0E-17,ELIGIBLE,R03b_20260811_FULL_v1,L1_ELIGIBILITY,v2026-08-11,2026-03-21..2026-08-06,baccarat_bet02_101_all_pairs_incl_sentinel,round_win = game_pnl > 0 (decisive only),COMPATIBILITY_ONLY_NOT_PRODUCTION,1497.6492,1471.8314,-61.5123,27,27,0.04107256,0.00017158,0.29348339,0.04107256,61.5123,1497.6492,THIN_EXPOSURE,0.0000,-2.4605,4.0000,96.0000,AG03-UNRESOLVED,ALL5_LEVELS_bet23_to_bet27,-2.4605,-2.4605,-2.4605,-3.0756,-3.0756,4.000000,4.000000,4.000000,5.000000,5.000000,96.000000,96.000000,96.000000,95.000000,95.000000,5.0,-13.5327,-12.3963,-47.9796,-49.116,PENDING_AG03,FALSE,NOT_FOR_ENFORCEMENT,-59.0518,1412.9581,-61.5123,-59.0518,-2.4605,-0.04107256,-0.03942965,-2.4605,-59.0518,-0.03942965,-2.4605,-2.4605,-2.4605,-3.0756,-3.0756,-59.0518,-0.03942965,-13.5327,-12.3963,-47.9796,-49.116,-0.03203659,-0.03279538,-0.00164290,55.4685,54.5123,-2.2782,-15.3781,-7.6890,374.4123,6.7500,64.4404,29.8343,25.8178,46.472,84.5532,104.0973,137.1053,182.5317,46.472,0.0,2.950277,3.927778,1.193589,7,8,4,2,0.86055461,-0.04107256,-0.00017158,0E-8,0.000000,0.982761,0.000000,-0.29331181,2026-06-13,2026-08-03,4,8,8,52,0.076923,2.159943,1.161749,2.868515,,,,,,,,GLOBAL_BASELINE_NO_ENTITY_RANKING,,,NOT_APPLICABLE_GLOBAL_BASELINE,HF9g-P5,,,,X 全窗基线 · 不参与实体赏罚,3928491,393,A168_HF9F_20260827_0900,2026-08-27 09:00:00
2026-07-09,101643332,2233,0,684.4292980145,-328.9701288307,-328.9701288307,0.3333333,9,9,0.50069283333333333,0.500692833333,-1.0041579640283138,-1.0041579640263127,-1.0041579640283138,3.3333E-13,ELIGIBLE,R03b_20260811_FULL_v1,L1_ELIGIBILITY,v2026-08-11,2026-03-21..2026-08-06,baccarat_bet02_101_all_pairs_incl_sentinel,round_win = game_pnl > 0 (decisive only),COMPATIBILITY_ONLY_NOT_PRODUCTION,1497.6492,1471.8314,-61.5123,27,27,0.04107256,0.00017158,0.29348339,0.04107256,61.5123,1497.6492,THIN_EXPOSURE,0.0000,-2.4605,4.0000,96.0000,AG03-UNRESOLVED,ALL5_LEVELS_bet23_to_bet27,-2.4605,-2.4605,-2.4605,-3.0756,-3.0756,4.000000,4.000000,4.000000,5.000000,5.000000,96.000000,96.000000,96.000000,95.000000,95.000000,5.0,-13.5327,-12.3963,-47.9796,-49.116,PENDING_AG03,FALSE,NOT_FOR_ENFORCEMENT,-59.0518,1412.9581,-61.5123,-59.0518,-2.4605,-0.04107256,-0.03942965,-2.4605,-59.0518,-0.03942965,-2.4605,-2.4605,-2.4605,-3.0756,-3.0756,-59.0518,-0.03942965,-13.5327,-12.3963,-47.9796,-49.116,-0.03203659,-0.03279538,-0.00164290,55.4685,54.5123,-2.2782,-15.3781,-7.6890,374.4123,6.7500,64.4404,29.8343,25.8178,46.472,84.5532,104.0973,137.1053,182.5317,46.472,0.0,2.950277,3.927778,1.193589,7,8,4,2,0.86055461,-0.04107256,-0.00017158,0E-8,0.000000,0.982761,0.000000,-0.29331181,2026-06-13,2026-08-03,4,8,8,52,0.076923,2.159943,1.161749,2.868515,,,,,,,,GLOBAL_BASELINE_NO_ENTITY_RANKING,,,NOT_APPLICABLE_GLOBAL_BASELINE,HF9g-P5,,,,X 全窗基线 · 不参与实体赏罚,3928492,393,A168_HF9F_20260827_0900,2026-08-27 09:00:00
2026-07-09,101643332,752,0,511.1920068159,372.0341827383,372.0341827383,0.8333333,7,7,0.49899058571428571,0.498990585714,1.6379415995907425,1.637941599592144,1.6379415995907425,2.8571E-13,ELIGIBLE,R03b_20260811_FULL_v1,L1_ELIGIBILITY,v2026-08-11,2026-03-21..2026-08-06,baccarat_bet02_101_all_pairs_incl_sentinel,round_win = game_pnl > 0 (decisive only),COMPATIBILITY_ONLY_NOT_PRODUCTION,1497.6492,1471.8314,-61.5123,27,27,0.04107256,0.00017158,0.29348339,0.04107256,61.5123,1497.6492,THIN_EXPOSURE,0.0000,-2.4605,4.0000,96.0000,AG03-UNRESOLVED,ALL5_LEVELS_bet23_to_bet27,-2.4605,-2.4605,-2.4605,-3.0756,-3.0756,4.000000,4.000000,4.000000,5.000000,5.000000,96.000000,96.000000,96.000000,95.000000,95.000000,5.0,-13.5327,-12.3963,-47.9796,-49.116,PENDING_AG03,FALSE,NOT_FOR_ENFORCEMENT,-59.0518,1412.9581,-61.5123,-59.0518,-2.4605,-0.04107256,-0.03942965,-2.4605,-59.0518,-0.03942965,-2.4605,-2.4605,-2.4605,-3.0756,-3.0756,-59.0518,-0.03942965,-13.5327,-12.3963,-47.9796,-49.116,-0.03203659,-0.03279538,-0.00164290,55.4685,54.5123,-2.2782,-15.3781,-7.6890,374.4123,6.7500,64.4404,29.8343,25.8178,46.472,84.5532,104.0973,137.1053,182.5317,46.472,0.0,2.950277,3.927778,1.193589,7,8,4,2,0.86055461,-0.04107256,-0.00017158,0E-8,0.000000,0.982761,0.000000,-0.29331181,2026-06-13,2026-08-03,4,8,8,52,0.076923,2.159943,1.161749,2.868515,,,,,,,,GLOBAL_BASELINE_NO_ENTITY_RANKING,,,NOT_APPLICABLE_GLOBAL_BASELINE,HF9g-P5,,,,X 全窗基线 · 不参与实体赏罚,3928493,393,A168_HF9F_20260827_0900,2026-08-27 09:00:00
2026-08-03,101643332,2212,0,2.8253666555,-2.8253666555,-2.8253666555,0E-7,1,1,0.49324550000000000,0.493245500000,-0.9865810262130424,-0.9865810262130424,-0.9865810262130424,0E-17,ELIGIBLE,R03b_20260811_FULL_v1,L1_ELIGIBILITY,v2026-08-11,2026-03-21..2026-08-06,baccarat_bet02_101_all_pairs_incl_sentinel,round_win = game_pnl > 0 (decisive only),COMPATIBILITY_ONLY_NOT_PRODUCTION,1497.6492,1471.8314,-61.5123,27,27,0.04107256,0.00017158,0.29348339,0.04107256,61.5123,1497.6492,THIN_EXPOSURE,0.0000,-2.4605,4.0000,96.0000,AG03-UNRESOLVED,ALL5_LEVELS_bet23_to_bet27,-2.4605,-2.4605,-2.4605,-3.0756,-3.0756,4.000000,4.000000,4.000000,5.000000,5.000000,96.000000,96.000000,96.000000,95.000000,95.000000,5.0,-13.5327,-12.3963,-47.9796,-49.116,PENDING_AG03,FALSE,NOT_FOR_ENFORCEMENT,-59.0518,1412.9581,-61.5123,-59.0518,-2.4605,-0.04107256,-0.03942965,-2.4605,-59.0518,-0.03942965,-2.4605,-2.4605,-2.4605,-3.0756,-3.0756,-59.0518,-0.03942965,-13.5327,-12.3963,-47.9796,-49.116,-0.03203659,-0.03279538,-0.00164290,55.4685,54.5123,-2.2782,-15.3781,-7.6890,374.4123,6.7500,64.4404,29.8343,25.8178,46.472,84.5532,104.0973,137.1053,182.5317,46.472,0.0,2.950277,3.927778,1.193589,7,8,4,2,0.86055461,-0.04107256,-0.00017158,0E-8,0.000000,0.982761,0.000000,-0.29331181,2026-06-13,2026-08-03,4,8,8,52,0.076923,2.159943,1.161749,2.868515,,,,,,,,GLOBAL_BASELINE_NO_ENTITY_RANKING,,,NOT_APPLICABLE_GLOBAL_BASELINE,HF9g-P5,,,,X 全窗基线 · 不参与实体赏罚,3928494,393,A168_HF9F_20260827_0900,2026-08-27 09:00:00
2026-06-01,150854980,1331,0,20.7714517168,19.7328791309,19.9198221964,1.0000000,1,1,0.50665070000000000,0.506650700000,0.9867858985152569,0.9867858985152569,0.9867858985152569,0E-17,ELIGIBLE,R03b_20260811_FULL_v1,L1_ELIGIBILITY,v2026-08-11,2026-03-21..2026-08-06,baccarat_bet02_101_all_pairs_incl_sentinel,round_win = game_pnl > 0 (decisive only),COMPATIBILITY_ONLY_NOT_PRODUCTION,103.8573,103.8573,-61.1719,4,4,0.58900000,,0.58900000,0.58000000,61.1719,103.8573,THIN_EXPOSURE,0.9347,-3.0586,5.0000,95.0000,AG03-UNRESOLVED,ALL5_LEVELS_bet23_to_bet27,-3.0586,-3.0586,-3.0586,-3.0586,-3.0586,5.000000,5.000000,5.000000,5.000000,5.000000,95.000000,95.000000,95.000000,95.000000,95.000000,5.0,-15.2930,-13.8383,-46.8137,-48.2684,PENDING_AG03,FALSE,NOT_FOR_ENFORCEMENT,-58.1133,98.6644,-62.1066,-59.0480,-3.9933,-0.59800000,-0.56855000,-3.0586,-59.0480,-0.56855000,-3.0586,-3.0586,-3.0586,-3.0586,-3.0586,-59.0480,-0.56855000,-15.2930,-13.8383,-46.8137,-48.2684,-0.45075000,-0.46475697,-0.03845000,25.9643,25.9643,-15.2930,-61.1719,-30.5860,103.8573,4.0000,,25.9643,20.7715,20.7715,31.1572,41.5429,41.5429,41.5429,20.7715,19.9198,2.0,2.0,1.25,2,2,1,2,0E-8,-0.58900000,,0.00900000,0.900000,1.000000,0.000000,,2026-06-01,2026-06-01,1,2,2,1,1.000000,,,0.000000,,,,,,,,GLOBAL_BASELINE_NO_ENTITY_RANKING,,,NOT_APPLICABLE_GLOBAL_BASELINE,HF9g-P5,,,,X 全窗基线 · 不参与实体赏罚,3928495,393,A168_HF9F_20260827_0900,2026-08-27 09:00:00
2026-06-01,150854980,2169,0,83.0858068671,40.5043308476,41.2521031095,0.6666667,3,3,0.49771390000000000,0.497713900000,0.5852756695216578,0.5852756695216578,0.5852756695216578,0E-17,ELIGIBLE,R03b_20260811_FULL_v1,L1_ELIGIBILITY,v2026-08-11,2026-03-21..2026-08-06,baccarat_bet02_101_all_pairs_incl_sentinel,round_win = game_pnl > 0 (decisive only),COMPATIBILITY_ONLY_NOT_PRODUCTION,103.8573,103.8573,-61.1719,4,4,0.58900000,,0.58900000,0.58000000,61.1719,103.8573,THIN_EXPOSURE,0.9347,-3.0586,5.0000,95.0000,AG03-UNRESOLVED,ALL5_LEVELS_bet23_to_bet27,-3.0586,-3.0586,-3.0586,-3.0586,-3.0586,5.000000,5.000000,5.000000,5.000000,5.000000,95.000000,95.000000,95.000000,95.000000,95.000000,5.0,-15.2930,-13.8383,-46.8137,-48.2684,PENDING_AG03,FALSE,NOT_FOR_ENFORCEMENT,-58.1133,98.6644,-62.1066,-59.0480,-3.9933,-0.59800000,-0.56855000,-3.0586,-59.0480,-0.56855000,-3.0586,-3.0586,-3.0586,-3.0586,-3.0586,-59.0480,-0.56855000,-15.2930,-13.8383,-46.8137,-48.2684,-0.45075000,-0.46475697,-0.03845000,25.9643,25.9643,-15.2930,-61.1719,-30.5860,103.8573,4.0000,,25.9643,20.7715,20.7715,31.1572,41.5429,41.5429,41.5429,20.7715,19.9198,2.0,2.0,1.25,2,2,1,2,0E-8,-0.58900000,,0.00900000,0.900000,1.000000,0.000000,,2026-06-01,2026-06-01,1,2,2,1,1.000000,,,0.000000,,,,,,,,GLOBAL_BASELINE_NO_ENTITY_RANKING,,,NOT_APPLICABLE_GLOBAL_BASELINE,HF9g-P5,,,,X 全窗基线 · 不参与实体赏罚,3928496,393,A168_HF9F_20260827_0900,2026-08-27 09:00:00
2026-08-02,153751499,2093,0,277.3996352711,-21.1902499167,-21.1902499167,0.2500000,17,13,0.48038430104895105,0.432304392308,-1.5973789971566708,-1.274779774231946,-1.5973789971566708,0.04807990874095105,ELIGIBLE,R03b_20260811_FULL_v1,L1_ELIGIBILITY,v2026-08-11,2026-03-21..2026-08-06,baccarat_bet02_101_all_pairs_incl_sentinel,round_win = game_pnl > 0 (decisive only),COMPATIBILITY_ONLY_NOT_PRODUCTION,700.4341,623.3786,-60.8738,33,26,0.08690869,0.08690869,,0.08690869,60.8738,700.4341,OK,0.0000,-1.8262,3.0000,97.0000,AG03-UNRESOLVED,ALL5_LEVELS_bet23_to_bet27,-1.8262,-1.8262,-1.8262,-2.4350,-2.4350,3.000000,3.000000,3.000000,4.000000,4.000000,97.000000,97.000000,97.000000,96.000000,96.000000,5.0,-10.3485,-9.6717,-50.5253,-51.2021,PENDING_AG03,FALSE,NOT_FOR_ENFORCEMENT,-59.0476,604.6773,-60.8738,-59.0476,-1.8262,-0.08690869,-0.08430143,-1.8262,-59.0476,-0.08430143,-1.8262,-1.8262,-1.8262,-2.4350,-2.4350,-59.0476,-0.08430143,-10.3485,-9.6717,-50.5253,-51.2021,-0.07213421,-0.07310059,-0.00260726,21.2253,23.9761,-2.3413,-60.8738,-30.4369,700.4341,26.0000,21.2253,,4.4949,12.8426,25.6852,77.0555,77.0555,86.559,12.8426,-2.5685,6.0,6.74,1.652727,1,2,1,4,1.00000000,-0.08690869,-0.08690869,0E-8,0.000000,0.889989,0.000000,,2026-08-02,2026-08-02,1,2,1,1,1.000000,,1.000000,3.333333,,,,,,,,GLOBAL_BASELINE_NO_ENTITY_RANKING,,,NOT_APPLICABLE_GLOBAL_BASELINE,HF9g-P5,,,,X 全窗基线 · 不参与实体赏罚,3928497,393,A168_HF9F_20260827_0900,2026-08-27 09:00:00
2026-08-02,153751499,2288,0,423.0344437883,82.0640587676,82.0640587676,0.5000000,16,13,0.49168113591811277,0.458973688462,0.05764275971794679,0.2852003200807333,0.05764275971794679,0.03270744745611277,ELIGIBLE,R03b_20260811_FULL_v1,L1_ELIGIBILITY,v2026-08-11,2026-03-21..2026-08-06,baccarat_bet02_101_all_pairs_incl_sentinel,round_win = game_pnl > 0 (decisive only),COMPATIBILITY_ONLY_NOT_PRODUCTION,700.4341,623.3786,-60.8738,33,26,0.08690869,0.08690869,,0.08690869,60.8738,700.4341,OK,0.0000,-1.8262,3.0000,97.0000,AG03-UNRESOLVED,ALL5_LEVELS_bet23_to_bet27,-1.8262,-1.8262,-1.8262,-2.4350,-2.4350,3.000000,3.000000,3.000000,4.000000,4.000000,97.000000,97.000000,97.000000,96.000000,96.000000,5.0,-10.3485,-9.6717,-50.5253,-51.2021,PENDING_AG03,FALSE,NOT_FOR_ENFORCEMENT,-59.0476,604.6773,-60.8738,-59.0476,-1.8262,-0.08690869,-0.08430143,-1.8262,-59.0476,-0.08430143,-1.8262,-1.8262,-1.8262,-2.4350,-2.4350,-59.0476,-0.08430143,-10.3485,-9.6717,-50.5253,-51.2021,-0.07213421,-0.07310059,-0.00260726,21.2253,23.9761,-2.3413,-60.8738,-30.4369,700.4341,26.0000,21.2253,,4.4949,12.8426,25.6852,77.0555,77.0555,86.559,12.8426,-2.5685,6.0,6.74,1.652727,1,2,1,4,1.00000000,-0.08690869,-0.08690869,0E-8,0.000000,0.889989,0.000000,,2026-08-02,2026-08-02,1,2,1,1,1.000000,,1.000000,3.333333,,,,,,,,GLOBAL_BASELINE_NO_ENTITY_RANKING,,,NOT_APPLICABLE_GLOBAL_BASELINE,HF9g-P5,,,,X 全窗基线 · 不参与实体赏罚,3928498,393,A168_HF9F_20260827_0900,2026-08-27 09:00:00
2026-04-01,148080873,-1,1,98.0330149896,93.1313642401,93.1313642401,1.0000000,1,1,0.50665070000000000,0.506650700000,0.9867858985152569,0.9867858985152569,0.9867858985152569,0E-17,SENTINEL_DEALER,R03b_20260811_FULL_v1,L1_ELIGIBILITY,v2026-08-11,2026-03-21..2026-08-06,baccarat_bet02_101_all_pairs_incl_sentinel,round_win = game_pnl > 0 (decisive only),COMPATIBILITY_ONLY_NOT_PRODUCTION,129.6566,129.6566,-61.5078,2,2,0.47439024,,0.47439024,0.47439024,61.5078,129.6566,THIN_EXPOSURE,0.0000,-2.4603,4.0000,96.0000,AG03-UNRESOLVED,ALL5_LEVELS_bet23_to_bet27,-2.4603,-2.4603,-2.4603,-3.6905,-3.6905,4.000000,4.000000,4.000000,6.000000,6.000000,96.000000,96.000000,96.000000,94.000000,94.000000,5.0,-14.7619,-13.4239,-46.7459,-48.0839,PENDING_AG03,FALSE,NOT_FOR_ENFORCEMENT,-59.0475,124.4703,-61.5078,-59.0475,-2.4603,-0.47439024,-0.45541463,-2.4603,-59.0475,-0.45541463,-2.4603,-2.4603,-2.4603,-3.6905,-3.6905,-59.0475,-0.45541463,-14.7619,-13.4239,-46.7459,-48.0839,-0.36053659,-0.37085587,-0.01897561,64.8283,64.8283,-30.7539,-61.5078,-30.7539,129.6566,2.0000,,64.8283,31.6236,64.8283,98.033,98.033,98.033,98.033,64.8283,30.7539,1.512195,1.512195,1.0,2,2,1,2,0E-8,-0.47439024,,0E-8,0.000000,1.000000,0.000000,,2026-04-01,2026-04-01,1,2,2,1,1.000000,,,0.000000,,,,,,,,GLOBAL_BASELINE_NO_ENTITY_RANKING,,,NOT_APPLICABLE_GLOBAL_BASELINE,HF9g-P5,,,,X 全窗基线 · 不参与实体赏罚,3928499,393,A168_HF9F_20260827_0900,2026-08-27 09:00:00
2026-04-01,148080873,2142,0,31.6235532224,-31.6235532224,-31.6235532224,0E-7,1,1,0.49324550000000000,0.493245500000,-0.9865810262130424,-0.9865810262130424,-0.9865810262130424,0E-17,ELIGIBLE,R03b_20260811_FULL_v1,L1_ELIGIBILITY,v2026-08-11,2026-03-21..2026-08-06,baccarat_bet02_101_all_pairs_incl_sentinel,round_win = game_pnl > 0 (decisive only),COMPATIBILITY_ONLY_NOT_PRODUCTION,129.6566,129.6566,-61.5078,2,2,0.47439024,,0.47439024,0.47439024,61.5078,129.6566,THIN_EXPOSURE,0.0000,-2.4603,4.0000,96.0000,AG03-UNRESOLVED,ALL5_LEVELS_bet23_to_bet27,-2.4603,-2.4603,-2.4603,-3.6905,-3.6905,4.000000,4.000000,4.000000,6.000000,6.000000,96.000000,96.000000,96.000000,94.000000,94.000000,5.0,-14.7619,-13.4239,-46.7459,-48.0839,PENDING_AG03,FALSE,NOT_FOR_ENFORCEMENT,-59.0475,124.4703,-61.5078,-59.0475,-2.4603,-0.47439024,-0.45541463,-2.4603,-59.0475,-0.45541463,-2.4603,-2.4603,-2.4603,-3.6905,-3.6905,-59.0475,-0.45541463,-14.7619,-13.4239,-46.7459,-48.0839,-0.36053659,-0.37085587,-0.01897561,64.8283,64.8283,-30.7539,-61.5078,-30.7539,129.6566,2.0000,,64.8283,31.6236,64.8283,98.033,98.033,98.033,98.033,64.8283,30.7539,1.512195,1.512195,1.0,2,2,1,2,0E-8,-0.47439024,,0E-8,0.000000,1.000000,0.000000,,2026-04-01,2026-04-01,1,2,2,1,1.000000,,,0.000000,,,,,,,,GLOBAL_BASELINE_NO_ENTITY_RANKING,,,NOT_APPLICABLE_GLOBAL_BASELINE,HF9g-P5,,,,X 全窗基线 · 不参与实体赏罚,3928500,393,A168_HF9F_20260827_0900,2026-08-27 09:00:00
2026-04-01,144157099,1505,0,290.5530979248,370.3897599664,370.3897599664,0.7222222,55,18,0.31087083228174603,0.182682888889,3.770586581825983,5.9240011273977675,3.770586581825983,0.12818794339274603,ELIGIBLE,R03b_20260811_FULL_v1,L1_ELIGIBILITY,v2026-08-11,2026-03-21..2026-08-06,baccarat_bet02_101_all_pairs_incl_sentinel,round_win = game_pnl > 0 (decisive only),COMPATIBILITY_ONLY_NOT_PRODUCTION,4871.7391,4554.4646,-61.5067,667,278,0.01262521,-0.10451521,0.02732566,0.01262521,61.5067,4871.7391,OK,0.0000,-2.4603,4.0000,96.0000,AG03-UNRESOLVED,ALL5_LEVELS_bet23_to_bet27,-2.4603,-2.4603,-3.0753,-3.0753,-3.0753,4.000000,4.000000,5.000000,5.000000,5.000000,96.000000,96.000000,95.000000,95.000000,95.000000,5.0,-14.1465,-12.9068,-47.3602,-48.6,PENDING_AG03,FALSE,NOT_FOR_ENFORCEMENT,-59.0465,4372.2860,-61.5067,-59.0465,-2.4603,-0.01262521,-0.01212020,-2.4603,-59.0465,-0.01212020,-2.4603,-2.4603,-3.0753,-3.0753,-3.0753,-59.0465,-0.01212020,-14.1465,-12.9068,-47.3602,-48.6,-0.00972141,-0.00997589,-0.00050501,7.3040,16.3830,-0.2212,-4.3933,-1.8638,347.9814,19.8571,7.9883,7.2263,2.6176,5.1891,9.0307,15.4907,23.8972,48.8551,5.1891,-2.6176,4.605228,9.414864,1.407546,10,37,14,8,0.11150147,-0.01262521,0.10451521,0E-8,0.000000,0.934874,0.000000,-0.13184087,2026-04-01,2026-07-23,14,33,29,114,0.122807,1.105457,1.093698,0.371672,,,,,,,,GLOBAL_BASELINE_NO_ENTITY_RANKING,,,NOT_APPLICABLE_GLOBAL_BASELINE,HF9g-P5,,,,X 全窗基线 · 不参与实体赏罚,3928501,393,A168_HF9F_20260827_0900,2026-08-27 09:00:00
2026-04-01,144157099,2134,0,5.2351909536,-5.2351909536,-5.2351909536,0E-7,2,2,0.01883490000000000,0.018834900000,-0.19594113131146038,-0.19594113131146038,-0.19594113131146038,0E-17,ELIGIBLE,R03b_20260811_FULL_v1,L1_ELIGIBILITY,v2026-08-11,2026-03-21..2026-08-06,baccarat_bet02_101_all_pairs_incl_sentinel,round_win = game_pnl > 0 (decisive only),COMPATIBILITY_ONLY_NOT_PRODUCTION,4871.7391,4554.4646,-61.5067,667,278,0.01262521,-0.10451521,0.02732566,0.01262521,61.5067,4871.7391,OK,0.0000,-2.4603,4.0000,96.0000,AG03-UNRESOLVED,ALL5_LEVELS_bet23_to_bet27,-2.4603,-2.4603,-3.0753,-3.0753,-3.0753,4.000000,4.000000,5.000000,5.000000,5.000000,96.000000,96.000000,95.000000,95.000000,95.000000,5.0,-14.1465,-12.9068,-47.3602,-48.6,PENDING_AG03,FALSE,NOT_FOR_ENFORCEMENT,-59.0465,4372.2860,-61.5067,-59.0465,-2.4603,-0.01262521,-0.01212020,-2.4603,-59.0465,-0.01212020,-2.4603,-2.4603,-3.0753,-3.0753,-3.0753,-59.0465,-0.01212020,-14.1465,-12.9068,-47.3602,-48.6,-0.00972141,-0.00997589,-0.00050501,7.3040,16.3830,-0.2212,-4.3933,-1.8638,347.9814,19.8571,7.9883,7.2263,2.6176,5.1891,9.0307,15.4907,23.8972,48.8551,5.1891,-2.6176,4.605228,9.414864,1.407546,10,37,14,8,0.11150147,-0.01262521,0.10451521,0E-8,0.000000,0.934874,0.000000,-0.13184087,2026-04-01,2026-07-23,14,33,29,114,0.122807,1.105457,1.093698,0.371672,,,,,,,,GLOBAL_BASELINE_NO_ENTITY_RANKING,,,NOT_APPLICABLE_GLOBAL_BASELINE,HF9g-P5,,,,X 全窗基线 · 不参与实体赏罚,3928502,393,A168_HF9F_20260827_0900,2026-08-27 09:00:00
2026-04-01,144157099,2169,0,149.2029421776,-28.7935502448,-28.7935502448,0.5000000,27,10,0.31566763189285714,0.192138828333,1.2541602598382124,2.4710354807574064,1.2541602598382124,0.12352880355985714,ELIGIBLE,R03b_20260811_FULL_v1,L1_ELIGIBILITY,v2026-08-11,2026-03-21..2026-08-06,baccarat_bet02_101_all_pairs_incl_sentinel,round_win = game_pnl > 0 (decisive only),COMPATIBILITY_ONLY_NOT_PRODUCTION,4871.7391,4554.4646,-61.5067,667,278,0.01262521,-0.10451521,0.02732566,0.01262521,61.5067,4871.7391,OK,0.0000,-2.4603,4.0000,96.0000,AG03-UNRESOLVED,ALL5_LEVELS_bet23_to_bet27,-2.4603,-2.4603,-3.0753,-3.0753,-3.0753,4.000000,4.000000,5.000000,5.000000,5.000000,96.000000,96.000000,95.000000,95.000000,95.000000,5.0,-14.1465,-12.9068,-47.3602,-48.6,PENDING_AG03,FALSE,NOT_FOR_ENFORCEMENT,-59.0465,4372.2860,-61.5067,-59.0465,-2.4603,-0.01262521,-0.01212020,-2.4603,-59.0465,-0.01212020,-2.4603,-2.4603,-3.0753,-3.0753,-3.0753,-59.0465,-0.01212020,-14.1465,-12.9068,-47.3602,-48.6,-0.00972141,-0.00997589,-0.00050501,7.3040,16.3830,-0.2212,-4.3933,-1.8638,347.9814,19.8571,7.9883,7.2263,2.6176,5.1891,9.0307,15.4907,23.8972,48.8551,5.1891,-2.6176,4.605228,9.414864,1.407546,10,37,14,8,0.11150147,-0.01262521,0.10451521,0E-8,0.000000,0.934874,0.000000,-0.13184087,2026-04-01,2026-07-23,14,33,29,114,0.122807,1.105457,1.093698,0.371672,,,,,,,,GLOBAL_BASELINE_NO_ENTITY_RANKING,,,NOT_APPLICABLE_GLOBAL_BASELINE,HF9g-P5,,,,X 全窗基线 · 不参与实体赏罚,3928503,393,A168_HF9F_20260827_0900,2026-08-27 09:00:00
2026-04-01,144157099,2188,0,44.4991231056,-26.1759547680,-26.1759547680,0.2000000,11,5,0.37202768333333333,0.298446285000,-0.7958394521818917,-0.48108385378950946,-0.7958394521818917,0.07358139833333333,ELIGIBLE,R03b_20260811_FULL_v1,L1_ELIGIBILITY,v2026-08-11,2026-03-21..2026-08-06,baccarat_bet02_101_all_pairs_incl_sentinel,round_win = game_pnl > 0 (decisive only),COMPATIBILITY_ONLY_NOT_PRODUCTION,4871.7391,4554.4646,-61.5067,667,278,0.01262521,-0.10451521,0.02732566,0.01262521,61.5067,4871.7391,OK,0.0000,-2.4603,4.0000,96.0000,AG03-UNRESOLVED,ALL5_LEVELS_bet23_to_bet27,-2.4603,-2.4603,-3.0753,-3.0753,-3.0753,4.000000,4.000000,5.000000,5.000000,5.000000,96.000000,96.000000,95.000000,95.000000,95.000000,5.0,-14.1465,-12.9068,-47.3602,-48.6,PENDING_AG03,FALSE,NOT_FOR_ENFORCEMENT,-59.0465,4372.2860,-61.5067,-59.0465,-2.4603,-0.01262521,-0.01212020,-2.4603,-59.0465,-0.01212020,-2.4603,-2.4603,-3.0753,-3.0753,-3.0753,-59.0465,-0.01212020,-14.1465,-12.9068,-47.3602,-48.6,-0.00972141,-0.00997589,-0.00050501,7.3040,16.3830,-0.2212,-4.3933,-1.8638,347.9814,19.8571,7.9883,7.2263,2.6176,5.1891,9.0307,15.4907,23.8972,48.8551,5.1891,-2.6176,4.605228,9.414864,1.407546,10,37,14,8,0.11150147,-0.01262521,0.10451521,0E-8,0.000000,0.934874,0.000000,-0.13184087,2026-04-01,2026-07-23,14,33,29,114,0.122807,1.105457,1.093698,0.371672,,,,,,,,GLOBAL_BASELINE_NO_ENTITY_RANKING,,,NOT_APPLICABLE_GLOBAL_BASELINE,HF9g-P5,,,,X 全窗基线 · 不参与实体赏罚,3928504,393,A168_HF9F_20260827_0900,2026-08-27 09:00:00
2026-04-01,144157099,2216,0,316.7290526928,-4.7116718584,-4.7116718584,0.5714286,58,21,0.34060606419312169,0.231843058810,2.2319740403953507,3.6875402793161354,2.2319740403953507,0.10876300538312169,ELIGIBLE,R03b_20260811_FULL_v1,L1_ELIGIBILITY,v2026-08-11,2026-03-21..2026-08-06,baccarat_bet02_101_all_pairs_incl_sentinel,round_win = game_pnl > 0 (decisive only),COMPATIBILITY_ONLY_NOT_PRODUCTION,4871.7391,4554.4646,-61.5067,667,278,0.01262521,-0.10451521,0.02732566,0.01262521,61.5067,4871.7391,OK,0.0000,-2.4603,4.0000,96.0000,AG03-UNRESOLVED,ALL5_LEVELS_bet23_to_bet27,-2.4603,-2.4603,-3.0753,-3.0753,-3.0753,4.000000,4.000000,5.000000,5.000000,5.000000,96.000000,96.000000,95.000000,95.000000,95.000000,5.0,-14.1465,-12.9068,-47.3602,-48.6,PENDING_AG03,FALSE,NOT_FOR_ENFORCEMENT,-59.0465,4372.2860,-61.5067,-59.0465,-2.4603,-0.01262521,-0.01212020,-2.4603,-59.0465,-0.01212020,-2.4603,-2.4603,-3.0753,-3.0753,-3.0753,-59.0465,-0.01212020,-14.1465,-12.9068,-47.3602,-48.6,-0.00972141,-0.00997589,-0.00050501,7.3040,16.3830,-0.2212,-4.3933,-1.8638,347.9814,19.8571,7.9883,7.2263,2.6176,5.1891,9.0307,15.4907,23.8972,48.8551,5.1891,-2.6176,4.605228,9.414864,1.407546,10,37,14,8,0.11150147,-0.01262521,0.10451521,0E-8,0.000000,0.934874,0.000000,-0.13184087,2026-04-01,2026-07-23,14,33,29,114,0.122807,1.105457,1.093698,0.371672,,,,,,,,GLOBAL_BASELINE_NO_ENTITY_RANKING,,,NOT_APPLICABLE_GLOBAL_BASELINE,HF9g-P5,,,,X 全窗基线 · 不参与实体赏罚,3928505,393,A168_HF9F_20260827_0900,2026-08-27 09:00:00
2026-04-01,144157099,2233,0,75.1249901842,-1.6359971731,-1.6359971731,0.5555556,19,9,0.37082165925925926,0.309380357407,1.1473565958369665,1.5977164962820922,1.1473565958369665,0.06144130185225926,ELIGIBLE,R03b_20260811_FULL_v1,L1_ELIGIBILITY,v2026-08-11,2026-03-21..2026-08-06,baccarat_bet02_101_all_pairs_incl_sentinel,round_win = game_pnl > 0 (decisive only),COMPATIBILITY_ONLY_NOT_PRODUCTION,4871.7391,4554.4646,-61.5067,667,278,0.01262521,-0.10451521,0.02732566,0.01262521,61.5067,4871.7391,OK,0.0000,-2.4603,4.0000,96.0000,AG03-UNRESOLVED,ALL5_LEVELS_bet23_to_bet27,-2.4603,-2.4603,-3.0753,-3.0753,-3.0753,4.000000,4.000000,5.000000,5.000000,5.000000,96.000000,96.000000,95.000000,95.000000,95.000000,5.0,-14.1465,-12.9068,-47.3602,-48.6,PENDING_AG03,FALSE,NOT_FOR_ENFORCEMENT,-59.0465,4372.2860,-61.5067,-59.0465,-2.4603,-0.01262521,-0.01212020,-2.4603,-59.0465,-0.01212020,-2.4603,-2.4603,-3.0753,-3.0753,-3.0753,-59.0465,-0.01212020,-14.1465,-12.9068,-47.3602,-48.6,-0.00972141,-0.00997589,-0.00050501,7.3040,16.3830,-0.2212,-4.3933,-1.8638,347.9814,19.8571,7.9883,7.2263,2.6176,5.1891,9.0307,15.4907,23.8972,48.8551,5.1891,-2.6176,4.605228,9.414864,1.407546,10,37,14,8,0.11150147,-0.01262521,0.10451521,0E-8,0.000000,0.934874,0.000000,-0.13184087,2026-04-01,2026-07-23,14,33,29,114,0.122807,1.105457,1.093698,0.371672,,,,,,,,GLOBAL_BASELINE_NO_ENTITY_RANKING,,,NOT_APPLICABLE_GLOBAL_BASELINE,HF9g-P5,,,,X 全窗基线 · 不参与实体赏罚,3928506,393,A168_HF9F_20260827_0900,2026-08-27 09:00:00
2026-04-01,144157099,2252,0,36.6463366752,-36.6463366752,-36.6463366752,0E-7,8,3,0.24370921714285714,0.157596058333,-0.9832233886822559,-0.749157458682024,-0.9832233886822559,0.08611315880985714,ELIGIBLE,R03b_20260811_FULL_v1,L1_ELIGIBILITY,v2026-08-11,2026-03-21..2026-08-06,baccarat_bet02_101_all_pairs_incl_sentinel,round_win = game_pnl > 0 (decisive only),COMPATIBILITY_ONLY_NOT_PRODUCTION,4871.7391,4554.4646,-61.5067,667,278,0.01262521,-0.10451521,0.02732566,0.01262521,61.5067,4871.7391,OK,0.0000,-2.4603,4.0000,96.0000,AG03-UNRESOLVED,ALL5_LEVELS_bet23_to_bet27,-2.4603,-2.4603,-3.0753,-3.0753,-3.0753,4.000000,4.000000,5.000000,5.000000,5.000000,96.000000,96.000000,95.000000,95.000000,95.000000,5.0,-14.1465,-12.9068,-47.3602,-48.6,PENDING_AG03,FALSE,NOT_FOR_ENFORCEMENT,-59.0465,4372.2860,-61.5067,-59.0465,-2.4603,-0.01262521,-0.01212020,-2.4603,-59.0465,-0.01212020,-2.4603,-2.4603,-3.0753,-3.0753,-3.0753,-59.0465,-0.01212020,-14.1465,-12.9068,-47.3602,-48.6,-0.00972141,-0.00997589,-0.00050501,7.3040,16.3830,-0.2212,-4.3933,-1.8638,347.9814,19.8571,7.9883,7.2263,2.6176,5.1891,9.0307,15.4907,23.8972,48.8551,5.1891,-2.6176,4.605228,9.414864,1.407546,10,37,14,8,0.11150147,-0.01262521,0.10451521,0E-8,0.000000,0.934874,0.000000,-0.13184087,2026-04-01,2026-07-23,14,33,29,114,0.122807,1.105457,1.093698,0.371672,,,,,,,,GLOBAL_BASELINE_NO_ENTITY_RANKING,,,NOT_APPLICABLE_GLOBAL_BASELINE,HF9g-P5,,,,X 全窗基线 · 不参与实体赏罚,3928507,393,A168_HF9F_20260827_0900,2026-08-27 09:00:00
2026-04-01,144157099,2256,0,28.7935502448,-28.7935502448,-28.7935502448,0E-7,3,2,0.46889325833333334,0.393378375000,-1.3288044841553532,-1.138836281904872,-1.3288044841553532,0.07551488333333334,ELIGIBLE,R03b_20260811_FULL_v1,L1_ELIGIBILITY,v2026-08-11,2026-03-21..2026-08-06,baccarat_bet02_101_all_pairs_incl_sentinel,round_win = game_pnl > 0 (decisive only),COMPATIBILITY_ONLY_NOT_PRODUCTION,4871.7391,4554.4646,-61.5067,667,278,0.01262521,-0.10451521,0.02732566,0.01262521,61.5067,4871.7391,OK,0.0000,-2.4603,4.0000,96.0000,AG03-UNRESOLVED,ALL5_LEVELS_bet23_to_bet27,-2.4603,-2.4603,-3.0753,-3.0753,-3.0753,4.000000,4.000000,5.000000,5.000000,5.000000,96.000000,96.000000,95.000000,95.000000,95.000000,5.0,-14.1465,-12.9068,-47.3602,-48.6,PENDING_AG03,FALSE,NOT_FOR_ENFORCEMENT,-59.0465,4372.2860,-61.5067,-59.0465,-2.4603,-0.01262521,-0.01212020,-2.4603,-59.0465,-0.01212020,-2.4603,-2.4603,-3.0753,-3.0753,-3.0753,-59.0465,-0.01212020,-14.1465,-12.9068,-47.3602,-48.6,-0.00972141,-0.00997589,-0.00050501,7.3040,16.3830,-0.2212,-4.3933,-1.8638,347.9814,19.8571,7.9883,7.2263,2.6176,5.1891,9.0307,15.4907,23.8972,48.8551,5.1891,-2.6176,4.605228,9.414864,1.407546,10,37,14,8,0.11150147,-0.01262521,0.10451521,0E-8,0.000000,0.934874,0.000000,-0.13184087,2026-04-01,2026-07-23,14,33,29,114,0.122807,1.105457,1.093698,0.371672,,,,,,,,GLOBAL_BASELINE_NO_ENTITY_RANKING,,,NOT_APPLICABLE_GLOBAL_BASELINE,HF9g-P5,,,,X 全窗基线 · 不参与实体赏罚,3928508,393,A168_HF9F_20260827_0900,2026-08-27 09:00:00
2026-04-02,144157099,1318,0,37.1698557705,-21.4642829097,-21.4642829097,0.3333333,6,3,0.41173319408584979,0.322656055556,-0.275918491123154,0.039559120934554916,-0.275918491123154,0.08907713852984979,ELIGIBLE,R03b_20260811_FULL_v1,L1_ELIGIBILITY,v2026-08-11,2026-03-21..2026-08-06,baccarat_bet02_101_all_pairs_incl_sentinel,round_win = game_pnl > 0 (decisive only),COMPATIBILITY_ONLY_NOT_PRODUCTION,4871.7391,4554.4646,-61.5067,667,278,0.01262521,-0.10451521,0.02732566,0.01262521,61.5067,4871.7391,OK,0.0000,-2.4603,4.0000,96.0000,AG03-UNRESOLVED,ALL5_LEVELS_bet23_to_bet27,-2.4603,-2.4603,-3.0753,-3.0753,-3.0753,4.000000,4.000000,5.000000,5.000000,5.000000,96.000000,96.000000,95.000000,95.000000,95.000000,5.0,-14.1465,-12.9068,-47.3602,-48.6,PENDING_AG03,FALSE,NOT_FOR_ENFORCEMENT,-59.0465,4372.2860,-61.5067,-59.0465,-2.4603,-0.01262521,-0.01212020,-2.4603,-59.0465,-0.01212020,-2.4603,-2.4603,-3.0753,-3.0753,-3.0753,-59.0465,-0.01212020,-14.1465,-12.9068,-47.3602,-48.6,-0.00972141,-0.00997589,-0.00050501,7.3040,16.3830,-0.2212,-4.3933,-1.8638,347.9814,19.8571,7.9883,7.2263,2.6176,5.1891,9.0307,15.4907,23.8972,48.8551,5.1891,-2.6176,4.605228,9.414864,1.407546,10,37,14,8,0.11150147,-0.01262521,0.10451521,0E-8,0.000000,0.934874,0.000000,-0.13184087,2026-04-01,2026-07-23,14,33,29,114,0.122807,1.105457,1.093698,0.371672,,,,,,,,GLOBAL_BASELINE_NO_ENTITY_RANKING,,,NOT_APPLICABLE_GLOBAL_BASELINE,HF9g-P5,,,,X 全窗基线 · 不参与实体赏罚,3928509,393,A168_HF9F_20260827_0900,2026-08-27 09:00:00
2026-04-02,144157099,2142,0,78.5278643040,9.0307043948,9.0307043948,0.4000000,14,5,0.31195797158730159,0.182790390000,0.42493207523844706,1.2566682009444572,0.42493207523844706,0.12916758158730159,ELIGIBLE,R03b_20260811_FULL_v1,L1_ELIGIBILITY,v2026-08-11,2026-03-21..2026-08-06,baccarat_bet02_101_all_pairs_incl_sentinel,round_win = game_pnl > 0 (decisive only),COMPATIBILITY_ONLY_NOT_PRODUCTION,4871.7391,4554.4646,-61.5067,667,278,0.01262521,-0.10451521,0.02732566,0.01262521,61.5067,4871.7391,OK,0.0000,-2.4603,4.0000,96.0000,AG03-UNRESOLVED,ALL5_LEVELS_bet23_to_bet27,-2.4603,-2.4603,-3.0753,-3.0753,-3.0753,4.000000,4.000000,5.000000,5.000000,5.000000,96.000000,96.000000,95.000000,95.000000,95.000000,5.0,-14.1465,-12.9068,-47.3602,-48.6,PENDING_AG03,FALSE,NOT_FOR_ENFORCEMENT,-59.0465,4372.2860,-61.5067,-59.0465,-2.4603,-0.01262521,-0.01212020,-2.4603,-59.0465,-0.01212020,-2.4603,-2.4603,-3.0753,-3.0753,-3.0753,-59.0465,-0.01212020,-14.1465,-12.9068,-47.3602,-48.6,-0.00972141,-0.00997589,-0.00050501,7.3040,16.3830,-0.2212,-4.3933,-1.8638,347.9814,19.8571,7.9883,7.2263,2.6176,5.1891,9.0307,15.4907,23.8972,48.8551,5.1891,-2.6176,4.605228,9.414864,1.407546,10,37,14,8,0.11150147,-0.01262521,0.10451521,0E-8,0.000000,0.934874,0.000000,-0.13184087,2026-04-01,2026-07-23,14,33,29,114,0.122807,1.105457,1.093698,0.371672,,,,,,,,GLOBAL_BASELINE_NO_ENTITY_RANKING,,,NOT_APPLICABLE_GLOBAL_BASELINE,HF9g-P5,,,,X 全窗基线 · 不参与实体赏罚,3928510,393,A168_HF9F_20260827_0900,2026-08-27 09:00:00
2026-04-02,144157099,2251,0,83.7630552576,-49.7343140592,-49.7343140592,0.2000000,10,5,0.36659696563636364,0.275191450000,-0.7730678037328145,-0.3764647693442622,-0.7730678037328145,0.09140551563636364,ELIGIBLE,R03b_20260811_FULL_v1,L1_ELIGIBILITY,v2026-08-11,2026-03-21..2026-08-06,baccarat_bet02_101_all_pairs_incl_sentinel,round_win = game_pnl > 0 (decisive only),COMPATIBILITY_ONLY_NOT_PRODUCTION,4871.7391,4554.4646,-61.5067,667,278,0.01262521,-0.10451521,0.02732566,0.01262521,61.5067,4871.7391,OK,0.0000,-2.4603,4.0000,96.0000,AG03-UNRESOLVED,ALL5_LEVELS_bet23_to_bet27,-2.4603,-2.4603,-3.0753,-3.0753,-3.0753,4.000000,4.000000,5.000000,5.000000,5.000000,96.000000,96.000000,95.000000,95.000000,95.000000,5.0,-14.1465,-12.9068,-47.3602,-48.6,PENDING_AG03,FALSE,NOT_FOR_ENFORCEMENT,-59.0465,4372.2860,-61.5067,-59.0465,-2.4603,-0.01262521,-0.01212020,-2.4603,-59.0465,-0.01212020,-2.4603,-2.4603,-3.0753,-3.0753,-3.0753,-59.0465,-0.01212020,-14.1465,-12.9068,-47.3602,-48.6,-0.00972141,-0.00997589,-0.00050501,7.3040,16.3830,-0.2212,-4.3933,-1.8638,347.9814,19.8571,7.9883,7.2263,2.6176,5.1891,9.0307,15.4907,23.8972,48.8551,5.1891,-2.6176,4.605228,9.414864,1.407546,10,37,14,8,0.11150147,-0.01262521,0.10451521,0E-8,0.000000,0.934874,0.000000,-0.13184087,2026-04-01,2026-07-23,14,33,29,114,0.122807,1.105457,1.093698,0.371672,,,,,,,,GLOBAL_BASELINE_NO_ENTITY_RANKING,,,NOT_APPLICABLE_GLOBAL_BASELINE,HF9g-P5,,,,X 全窗基线 · 不参与实体赏罚,3928511,393,A168_HF9F_20260827_0900,2026-08-27 09:00:00
2026-04-06,144157099,1941,0,218.0457032173,-6.1906133027,-6.1906133027,0.5000000,32,25,0.39658906133333333,0.391008432667,0.9915185999427698,1.0476242360596228,0.9915185999427698,0.00558062866633333,ELIGIBLE,R03b_20260811_FULL_v1,L1_ELIGIBILITY,v2026-08-11,2026-03-21..2026-08-06,baccarat_bet02_101_all_pairs_incl_sentinel,round_win = game_pnl > 0 (decisive only),COMPATIBILITY_ONLY_NOT_PRODUCTION,4871.7391,4554.4646,-61.5067,667,278,0.01262521,-0.10451521,0.02732566,0.01262521,61.5067,4871.7391,OK,0.0000,-2.4603,4.0000,96.0000,AG03-UNRESOLVED,ALL5_LEVELS_bet23_to_bet27,-2.4603,-2.4603,-3.0753,-3.0753,-3.0753,4.000000,4.000000,5.000000,5.000000,5.000000,96.000000,96.000000,95.000000,95.000000,95.000000,5.0,-14.1465,-12.9068,-47.3602,-48.6,PENDING_AG03,FALSE,NOT_FOR_ENFORCEMENT,-59.0465,4372.2860,-61.5067,-59.0465,-2.4603,-0.01262521,-0.01212020,-2.4603,-59.0465,-0.01212020,-2.4603,-2.4603,-3.0753,-3.0753,-3.0753,-59.0465,-0.01212020,-14.1465,-12.9068,-47.3602,-48.6,-0.00972141,-0.00997589,-0.00050501,7.3040,16.3830,-0.2212,-4.3933,-1.8638,347.9814,19.8571,7.9883,7.2263,2.6176,5.1891,9.0307,15.4907,23.8972,48.8551,5.1891,-2.6176,4.605228,9.414864,1.407546,10,37,14,8,0.11150147,-0.01262521,0.10451521,0E-8,0.000000,0.934874,0.000000,-0.13184087,2026-04-01,2026-07-23,14,33,29,114,0.122807,1.105457,1.093698,0.371672,,,,,,,,GLOBAL_BASELINE_NO_ENTITY_RANKING,,,NOT_APPLICABLE_GLOBAL_BASELINE,HF9g-P5,,,,X 全窗基线 · 不参与实体赏罚,3928512,393,A168_HF9F_20260827_0900,2026-08-27 09:00:00
2026-04-06,144157099,2121,0,37.9551344136,-37.9551344136,-37.9551344136,0E-7,7,4,0.35806898928571429,0.323891687500,-1.4937199199812405,-1.384273034762892,-1.4937199199812405,0.03417730178571429,ELIGIBLE,R03b_20260811_FULL_v1,L1_ELIGIBILITY,v2026-08-11,2026-03-21..2026-08-06,baccarat_bet02_101_all_pairs_incl_sentinel,round_win = game_pnl > 0 (decisive only),COMPATIBILITY_ONLY_NOT_PRODUCTION,4871.7391,4554.4646,-61.5067,667,278,0.01262521,-0.10451521,0.02732566,0.01262521,61.5067,4871.7391,OK,0.0000,-2.4603,4.0000,96.0000,AG03-UNRESOLVED,ALL5_LEVELS_bet23_to_bet27,-2.4603,-2.4603,-3.0753,-3.0753,-3.0753,4.000000,4.000000,5.000000,5.000000,5.000000,96.000000,96.000000,95.000000,95.000000,95.000000,5.0,-14.1465,-12.9068,-47.3602,-48.6,PENDING_AG03,FALSE,NOT_FOR_ENFORCEMENT,-59.0465,4372.2860,-61.5067,-59.0465,-2.4603,-0.01262521,-0.01212020,-2.4603,-59.0465,-0.01212020,-2.4603,-2.4603,-3.0753,-3.0753,-3.0753,-59.0465,-0.01212020,-14.1465,-12.9068,-47.3602,-48.6,-0.00972141,-0.00997589,-0.00050501,7.3040,16.3830,-0.2212,-4.3933,-1.8638,347.9814,19.8571,7.9883,7.2263,2.6176,5.1891,9.0307,15.4907,23.8972,48.8551,5.1891,-2.6176,4.605228,9.414864,1.407546,10,37,14,8,0.11150147,-0.01262521,0.10451521,0E-8,0.000000,0.934874,0.000000,-0.13184087,2026-04-01,2026-07-23,14,33,29,114,0.122807,1.105457,1.093698,0.371672,,,,,,,,GLOBAL_BASELINE_NO_ENTITY_RANKING,,,NOT_APPLICABLE_GLOBAL_BASELINE,HF9g-P5,,,,X 全窗基线 · 不参与实体赏罚,3928513,393,A168_HF9F_20260827_0900,2026-08-27 09:00:00
2026-04-16,144157099,1396,0,81.1454597808,-9.0307043950,-9.0307043950,0.3750000,11,8,0.39264995208333333,0.392649952083,-0.10222714094183445,-0.10222714093991918,-0.10222714094183445,3.3333E-13,ELIGIBLE,R03b_20260811_FULL_v1,L1_ELIGIBILITY,v2026-08-11,2026-03-21..2026-08-06,baccarat_bet02_101_all_pairs_incl_sentinel,round_win = game_pnl > 0 (decisive only),COMPATIBILITY_ONLY_NOT_PRODUCTION,4871.7391,4554.4646,-61.5067,667,278,0.01262521,-0.10451521,0.02732566,0.01262521,61.5067,4871.7391,OK,0.0000,-2.4603,4.0000,96.0000,AG03-UNRESOLVED,ALL5_LEVELS_bet23_to_bet27,-2.4603,-2.4603,-3.0753,-3.0753,-3.0753,4.000000,4.000000,5.000000,5.000000,5.000000,96.000000,96.000000,95.000000,95.000000,95.000000,5.0,-14.1465,-12.9068,-47.3602,-48.6,PENDING_AG03,FALSE,NOT_FOR_ENFORCEMENT,-59.0465,4372.2860,-61.5067,-59.0465,-2.4603,-0.01262521,-0.01212020,-2.4603,-59.0465,-0.01212020,-2.4603,-2.4603,-3.0753,-3.0753,-3.0753,-59.0465,-0.01212020,-14.1465,-12.9068,-47.3602,-48.6,-0.00972141,-0.00997589,-0.00050501,7.3040,16.3830,-0.2212,-4.3933,-1.8638,347.9814,19.8571,7.9883,7.2263,2.6176,5.1891,9.0307,15.4907,23.8972,48.8551,5.1891,-2.6176,4.605228,9.414864,1.407546,10,37,14,8,0.11150147,-0.01262521,0.10451521,0E-8,0.000000,0.934874,0.000000,-0.13184087,2026-04-01,2026-07-23,14,33,29,114,0.122807,1.105457,1.093698,0.371672,,,,,,,,GLOBAL_BASELINE_NO_ENTITY_RANKING,,,NOT_APPLICABLE_GLOBAL_BASELINE,HF9g-P5,,,,X 全窗基线 · 不参与实体赏罚,3928514,393,A168_HF9F_20260827_0900,2026-08-27 09:00:00
2026-04-16,144157099,1994,0,230.3484019584,-13.7423762533,-13.7423762533,0.4736842,35,19,0.36901987936090226,0.300649630702,0.945459180713399,1.6448714458860396,0.945459180713399,0.06837024865890226,ELIGIBLE,R03b_20260811_FULL_v1,L1_ELIGIBILITY,v2026-08-11,2026-03-21..2026-08-06,baccarat_bet02_101_all_pairs_incl_sentinel,round_win = game_pnl > 0 (decisive only),COMPATIBILITY_ONLY_NOT_PRODUCTION,4871.7391,4554.4646,-61.5067,667,278,0.01262521,-0.10451521,0.02732566,0.01262521,61.5067,4871.7391,OK,0.0000,-2.4603,4.0000,96.0000,AG03-UNRESOLVED,ALL5_LEVELS_bet23_to_bet27,-2.4603,-2.4603,-3.0753,-3.0753,-3.0753,4.000000,4.000000,5.000000,5.000000,5.000000,96.000000,96.000000,95.000000,95.000000,95.000000,5.0,-14.1465,-12.9068,-47.3602,-48.6,PENDING_AG03,FALSE,NOT_FOR_ENFORCEMENT,-59.0465,4372.2860,-61.5067,-59.0465,-2.4603,-0.01262521,-0.01212020,-2.4603,-59.0465,-0.01212020,-2.4603,-2.4603,-3.0753,-3.0753,-3.0753,-59.0465,-0.01212020,-14.1465,-12.9068,-47.3602,-48.6,-0.00972141,-0.00997589,-0.00050501,7.3040,16.3830,-0.2212,-4.3933,-1.8638,347.9814,19.8571,7.9883,7.2263,2.6176,5.1891,9.0307,15.4907,23.8972,48.8551,5.1891,-2.6176,4.605228,9.414864,1.407546,10,37,14,8,0.11150147,-0.01262521,0.10451521,0E-8,0.000000,0.934874,0.000000,-0.13184087,2026-04-01,2026-07-23,14,33,29,114,0.122807,1.105457,1.093698,0.371672,,,,,,,,GLOBAL_BASELINE_NO_ENTITY_RANKING,,,NOT_APPLICABLE_GLOBAL_BASELINE,HF9g-P5,,,,X 全窗基线 · 不参与实体赏罚,3928515,393,A168_HF9F_20260827_0900,2026-08-27 09:00:00
2026-04-16,144157099,2088,0,2.6175954768,20.9407638144,20.9407638144,1.0000000,1,1,0.09460280000000000,0.094602800000,3.0936243558399505,3.0936243558399505,3.0936243558399505,0E-17,ELIGIBLE,R03b_20260811_FULL_v1,L1_ELIGIBILITY,v2026-08-11,2026-03-21..2026-08-06,baccarat_bet02_101_all_pairs_incl_sentinel,round_win = game_pnl > 0 (decisive only),COMPATIBILITY_ONLY_NOT_PRODUCTION,4871.7391,4554.4646,-61.5067,667,278,0.01262521,-0.10451521,0.02732566,0.01262521,61.5067,4871.7391,OK,0.0000,-2.4603,4.0000,96.0000,AG03-UNRESOLVED,ALL5_LEVELS_bet23_to_bet27,-2.4603,-2.4603,-3.0753,-3.0753,-3.0753,4.000000,4.000000,5.000000,5.000000,5.000000,96.000000,96.000000,95.000000,95.000000,95.000000,5.0,-14.1465,-12.9068,-47.3602,-48.6,PENDING_AG03,FALSE,NOT_FOR_ENFORCEMENT,-59.0465,4372.2860,-61.5067,-59.0465,-2.4603,-0.01262521,-0.01212020,-2.4603,-59.0465,-0.01212020,-2.4603,-2.4603,-3.0753,-3.0753,-3.0753,-59.0465,-0.01212020,-14.1465,-12.9068,-47.3602,-48.6,-0.00972141,-0.00997589,-0.00050501,7.3040,16.3830,-0.2212,-4.3933,-1.8638,347.9814,19.8571,7.9883,7.2263,2.6176,5.1891,9.0307,15.4907,23.8972,48.8551,5.1891,-2.6176,4.605228,9.414864,1.407546,10,37,14,8,0.11150147,-0.01262521,0.10451521,0E-8,0.000000,0.934874,0.000000,-0.13184087,2026-04-01,2026-07-23,14,33,29,114,0.122807,1.105457,1.093698,0.371672,,,,,,,,GLOBAL_BASELINE_NO_ENTITY_RANKING,,,NOT_APPLICABLE_GLOBAL_BASELINE,HF9g-P5,,,,X 全窗基线 · 不参与实体赏罚,3928516,393,A168_HF9F_20260827_0900,2026-08-27 09:00:00
2026-04-16,144157099,986,0,62.8222914432,-20.9407638145,-20.9407638145,0.1666667,12,7,0.23521436190476190,0.214645202381,-0.3958828632491995,-0.2862391747049096,-0.3958828632491995,0.02056915952376190,ELIGIBLE,R03b_20260811_FULL_v1,L1_ELIGIBILITY,v2026-08-11,2026-03-21..2026-08-06,baccarat_bet02_101_all_pairs_incl_sentinel,round_win = game_pnl > 0 (decisive only),COMPATIBILITY_ONLY_NOT_PRODUCTION,4871.7391,4554.4646,-61.5067,667,278,0.01262521,-0.10451521,0.02732566,0.01262521,61.5067,4871.7391,OK,0.0000,-2.4603,4.0000,96.0000,AG03-UNRESOLVED,ALL5_LEVELS_bet23_to_bet27,-2.4603,-2.4603,-3.0753,-3.0753,-3.0753,4.000000,4.000000,5.000000,5.000000,5.000000,96.000000,96.000000,95.000000,95.000000,95.000000,5.0,-14.1465,-12.9068,-47.3602,-48.6,PENDING_AG03,FALSE,NOT_FOR_ENFORCEMENT,-59.0465,4372.2860,-61.5067,-59.0465,-2.4603,-0.01262521,-0.01212020,-2.4603,-59.0465,-0.01212020,-2.4603,-2.4603,-3.0753,-3.0753,-3.0753,-59.0465,-0.01212020,-14.1465,-12.9068,-47.3602,-48.6,-0.00972141,-0.00997589,-0.00050501,7.3040,16.3830,-0.2212,-4.3933,-1.8638,347.9814,19.8571,7.9883,7.2263,2.6176,5.1891,9.0307,15.4907,23.8972,48.8551,5.1891,-2.6176,4.605228,9.414864,1.407546,10,37,14,8,0.11150147,-0.01262521,0.10451521,0E-8,0.000000,0.934874,0.000000,-0.13184087,2026-04-01,2026-07-23,14,33,29,114,0.122807,1.105457,1.093698,0.371672,,,,,,,,GLOBAL_BASELINE_NO_ENTITY_RANKING,,,NOT_APPLICABLE_GLOBAL_BASELINE,HF9g-P5,,,,X 全窗基线 · 不参与实体赏罚,3928517,393,A168_HF9F_20260827_0900,2026-08-27 09:00:00
2026-04-17,144157099,1331,0,94.2334371647,-32.4581839123,-32.4581839123,0.4000000,8,5,0.38765094371428571,0.331837440000,0.056675951900135045,0.3236883991012083,0.056675951900135045,0.05581350371428571,ELIGIBLE,R03b_20260811_FULL_v1,L1_ELIGIBILITY,v2026-08-11,2026-03-21..2026-08-06,baccarat_bet02_101_all_pairs_incl_sentinel,round_win = game_pnl > 0 (decisive only),COMPATIBILITY_ONLY_NOT_PRODUCTION,4871.7391,4554.4646,-61.5067,667,278,0.01262521,-0.10451521,0.02732566,0.01262521,61.5067,4871.7391,OK,0.0000,-2.4603,4.0000,96.0000,AG03-UNRESOLVED,ALL5_LEVELS_bet23_to_bet27,-2.4603,-2.4603,-3.0753,-3.0753,-3.0753,4.000000,4.000000,5.000000,5.000000,5.000000,96.000000,96.000000,95.000000,95.000000,95.000000,5.0,-14.1465,-12.9068,-47.3602,-48.6,PENDING_AG03,FALSE,NOT_FOR_ENFORCEMENT,-59.0465,4372.2860,-61.5067,-59.0465,-2.4603,-0.01262521,-0.01212020,-2.4603,-59.0465,-0.01212020,-2.4603,-2.4603,-3.0753,-3.0753,-3.0753,-59.0465,-0.01212020,-14.1465,-12.9068,-47.3602,-48.6,-0.00972141,-0.00997589,-0.00050501,7.3040,16.3830,-0.2212,-4.3933,-1.8638,347.9814,19.8571,7.9883,7.2263,2.6176,5.1891,9.0307,15.4907,23.8972,48.8551,5.1891,-2.6176,4.605228,9.414864,1.407546,10,37,14,8,0.11150147,-0.01262521,0.10451521,0E-8,0.000000,0.934874,0.000000,-0.13184087,2026-04-01,2026-07-23,14,33,29,114,0.122807,1.105457,1.093698,0.371672,,,,,,,,GLOBAL_BASELINE_NO_ENTITY_RANKING,,,NOT_APPLICABLE_GLOBAL_BASELINE,HF9g-P5,,,,X 全窗基线 · 不参与实体赏罚,3928518,393,A168_HF9F_20260827_0900,2026-08-27 09:00:00
2026-04-17,144157099,2084,0,38.7404130566,-19.8937256236,-19.8937256236,0E-7,5,2,0.38572051973695021,0.338778375000,-1.1206457937971677,-1.0122768705959286,-1.1206457937971677,0.04694214473695021,ELIGIBLE,R03b_20260811_FULL_v1,L1_ELIGIBILITY,v2026-08-11,2026-03-21..2026-08-06,baccarat_bet02_101_all_pairs_incl_sentinel,round_win = game_pnl > 0 (decisive only),COMPATIBILITY_ONLY_NOT_PRODUCTION,4871.7391,4554.4646,-61.5067,667,278,0.01262521,-0.10451521,0.02732566,0.01262521,61.5067,4871.7391,OK,0.0000,-2.4603,4.0000,96.0000,AG03-UNRESOLVED,ALL5_LEVELS_bet23_to_bet27,-2.4603,-2.4603,-3.0753,-3.0753,-3.0753,4.000000,4.000000,5.000000,5.000000,5.000000,96.000000,96.000000,95.000000,95.000000,95.000000,5.0,-14.1465,-12.9068,-47.3602,-48.6,PENDING_AG03,FALSE,NOT_FOR_ENFORCEMENT,-59.0465,4372.2860,-61.5067,-59.0465,-2.4603,-0.01262521,-0.01212020,-2.4603,-59.0465,-0.01212020,-2.4603,-2.4603,-3.0753,-3.0753,-3.0753,-59.0465,-0.01212020,-14.1465,-12.9068,-47.3602,-48.6,-0.00972141,-0.00997589,-0.00050501,7.3040,16.3830,-0.2212,-4.3933,-1.8638,347.9814,19.8571,7.9883,7.2263,2.6176,5.1891,9.0307,15.4907,23.8972,48.8551,5.1891,-2.6176,4.605228,9.414864,1.407546,10,37,14,8,0.11150147,-0.01262521,0.10451521,0E-8,0.000000,0.934874,0.000000,-0.13184087,2026-04-01,2026-07-23,14,33,29,114,0.122807,1.105457,1.093698,0.371672,,,,,,,,GLOBAL_BASELINE_NO_ENTITY_RANKING,,,NOT_APPLICABLE_GLOBAL_BASELINE,HF9g-P5,,,,X 全窗基线 · 不参与实体赏罚,3928519,393,A168_HF9F_20260827_0900,2026-08-27 09:00:00
2026-05-18,144157099,1210,0,788.7499351353,94.7018836595,94.7018836595,0.5625000,50,16,0.38451875200829402,0.216942688542,1.4634168932933593,3.353596396021757,1.4634168932933593,0.16757606346629402,ELIGIBLE,R03b_20260811_FULL_v1,L1_ELIGIBILITY,v2026-08-11,2026-03-21..2026-08-06,baccarat_bet02_101_all_pairs_incl_sentinel,round_win = game_pnl > 0 (decisive only),COMPATIBILITY_ONLY_NOT_PRODUCTION,4871.7391,4554.4646,-61.5067,667,278,0.01262521,-0.10451521,0.02732566,0.01262521,61.5067,4871.7391,OK,0.0000,-2.4603,4.0000,96.0000,AG03-UNRESOLVED,ALL5_LEVELS_bet23_to_bet27,-2.4603,-2.4603,-3.0753,-3.0753,-3.0753,4.000000,4.000000,5.000000,5.000000,5.000000,96.000000,96.000000,95.000000,95.000000,95.000000,5.0,-14.1465,-12.9068,-47.3602,-48.6,PENDING_AG03,FALSE,NOT_FOR_ENFORCEMENT,-59.0465,4372.2860,-61.5067,-59.0465,-2.4603,-0.01262521,-0.01212020,-2.4603,-59.0465,-0.01212020,-2.4603,-2.4603,-3.0753,-3.0753,-3.0753,-59.0465,-0.01212020,-14.1465,-12.9068,-47.3602,-48.6,-0.00972141,-0.00997589,-0.00050501,7.3040,16.3830,-0.2212,-4.3933,-1.8638,347.9814,19.8571,7.9883,7.2263,2.6176,5.1891,9.0307,15.4907,23.8972,48.8551,5.1891,-2.6176,4.605228,9.414864,1.407546,10,37,14,8,0.11150147,-0.01262521,0.10451521,0E-8,0.000000,0.934874,0.000000,-0.13184087,2026-04-01,2026-07-23,14,33,29,114,0.122807,1.105457,1.093698,0.371672,,,,,,,,GLOBAL_BASELINE_NO_ENTITY_RANKING,,,NOT_APPLICABLE_GLOBAL_BASELINE,HF9g-P5,,,,X 全窗基线 · 不参与实体赏罚,3928520,393,A168_HF9F_20260827_0900,2026-08-27 09:00:00
2026-05-18,144157099,1221,0,5.1891443101,-5.1891443101,-5.1891443101,0E-7,1,1,0.09460280000000000,0.094602800000,-0.32324545095860213,-0.32324545095860213,-0.32324545095860213,0E-17,ELIGIBLE,R03b_20260811_FULL_v1,L1_ELIGIBILITY,v2026-08-11,2026-03-21..2026-08-06,baccarat_bet02_101_all_pairs_incl_sentinel,round_win = game_pnl > 0 (decisive only),COMPATIBILITY_ONLY_NOT_PRODUCTION,4871.7391,4554.4646,-61.5067,667,278,0.01262521,-0.10451521,0.02732566,0.01262521,61.5067,4871.7391,OK,0.0000,-2.4603,4.0000,96.0000,AG03-UNRESOLVED,ALL5_LEVELS_bet23_to_bet27,-2.4603,-2.4603,-3.0753,-3.0753,-3.0753,4.000000,4.000000,5.000000,5.000000,5.000000,96.000000,96.000000,95.000000,95.000000,95.000000,5.0,-14.1465,-12.9068,-47.3602,-48.6,PENDING_AG03,FALSE,NOT_FOR_ENFORCEMENT,-59.0465,4372.2860,-61.5067,-59.0465,-2.4603,-0.01262521,-0.01212020,-2.4603,-59.0465,-0.01212020,-2.4603,-2.4603,-3.0753,-3.0753,-3.0753,-59.0465,-0.01212020,-14.1465,-12.9068,-47.3602,-48.6,-0.00972141,-0.00997589,-0.00050501,7.3040,16.3830,-0.2212,-4.3933,-1.8638,347.9814,19.8571,7.9883,7.2263,2.6176,5.1891,9.0307,15.4907,23.8972,48.8551,5.1891,-2.6176,4.605228,9.414864,1.407546,10,37,14,8,0.11150147,-0.01262521,0.10451521,0E-8,0.000000,0.934874,0.000000,-0.13184087,2026-04-01,2026-07-23,14,33,29,114,0.122807,1.105457,1.093698,0.371672,,,,,,,,GLOBAL_BASELINE_NO_ENTITY_RANKING,,,NOT_APPLICABLE_GLOBAL_BASELINE,HF9g-P5,,,,X 全窗基线 · 不参与实体赏罚,3928521,393,A168_HF9F_20260827_0900,2026-08-27 09:00:00
2026-05-18,144157099,1384,0,503.3469980797,154.3770432256,154.3770432256,0.6000000,51,15,0.32337339481440781,0.210281375556,2.29040824500664,3.7039080410690386,2.29040824500664,0.11309201925840781,ELIGIBLE,R03b_20260811_FULL_v1,L1_ELIGIBILITY,v2026-08-11,2026-03-21..2026-08-06,baccarat_bet02_101_all_pairs_incl_sentinel,round_win = game_pnl > 0 (decisive only),COMPATIBILITY_ONLY_NOT_PRODUCTION,4871.7391,4554.4646,-61.5067,667,278,0.01262521,-0.10451521,0.02732566,0.01262521,61.5067,4871.7391,OK,0.0000,-2.4603,4.0000,96.0000,AG03-UNRESOLVED,ALL5_LEVELS_bet23_to_bet27,-2.4603,-2.4603,-3.0753,-3.0753,-3.0753,4.000000,4.000000,5.000000,5.000000,5.000000,96.000000,96.000000,95.000000,95.000000,95.000000,5.0,-14.1465,-12.9068,-47.3602,-48.6,PENDING_AG03,FALSE,NOT_FOR_ENFORCEMENT,-59.0465,4372.2860,-61.5067,-59.0465,-2.4603,-0.01262521,-0.01212020,-2.4603,-59.0465,-0.01212020,-2.4603,-2.4603,-3.0753,-3.0753,-3.0753,-59.0465,-0.01212020,-14.1465,-12.9068,-47.3602,-48.6,-0.00972141,-0.00997589,-0.00050501,7.3040,16.3830,-0.2212,-4.3933,-1.8638,347.9814,19.8571,7.9883,7.2263,2.6176,5.1891,9.0307,15.4907,23.8972,48.8551,5.1891,-2.6176,4.605228,9.414864,1.407546,10,37,14,8,0.11150147,-0.01262521,0.10451521,0E-8,0.000000,0.934874,0.000000,-0.13184087,2026-04-01,2026-07-23,14,33,29,114,0.122807,1.105457,1.093698,0.371672,,,,,,,,GLOBAL_BASELINE_NO_ENTITY_RANKING,,,NOT_APPLICABLE_GLOBAL_BASELINE,HF9g-P5,,,,X 全窗基线 · 不参与实体赏罚,3928522,393,A168_HF9F_20260827_0900,2026-08-27 09:00:00
2026-05-18,144157099,2171,0,36.3240101707,-36.3240101707,-36.3240101707,0E-7,3,1,0.37366060000000000,0.214214066667,-0.7723849224828971,-0.5221218497722453,-0.7723849224828971,0.15944653333300000,ELIGIBLE,R03b_20260811_FULL_v1,L1_ELIGIBILITY,v2026-08-11,2026-03-21..2026-08-06,baccarat_bet02_101_all_pairs_incl_sentinel,round_win = game_pnl > 0 (decisive only),COMPATIBILITY_ONLY_NOT_PRODUCTION,4871.7391,4554.4646,-61.5067,667,278,0.01262521,-0.10451521,0.02732566,0.01262521,61.5067,4871.7391,OK,0.0000,-2.4603,4.0000,96.0000,AG03-UNRESOLVED,ALL5_LEVELS_bet23_to_bet27,-2.4603,-2.4603,-3.0753,-3.0753,-3.0753,4.000000,4.000000,5.000000,5.000000,5.000000,96.000000,96.000000,95.000000,95.000000,95.000000,5.0,-14.1465,-12.9068,-47.3602,-48.6,PENDING_AG03,FALSE,NOT_FOR_ENFORCEMENT,-59.0465,4372.2860,-61.5067,-59.0465,-2.4603,-0.01262521,-0.01212020,-2.4603,-59.0465,-0.01212020,-2.4603,-2.4603,-3.0753,-3.0753,-3.0753,-59.0465,-0.01212020,-14.1465,-12.9068,-47.3602,-48.6,-0.00972141,-0.00997589,-0.00050501,7.3040,16.3830,-0.2212,-4.3933,-1.8638,347.9814,19.8571,7.9883,7.2263,2.6176,5.1891,9.0307,15.4907,23.8972,48.8551,5.1891,-2.6176,4.605228,9.414864,1.407546,10,37,14,8,0.11150147,-0.01262521,0.10451521,0E-8,0.000000,0.934874,0.000000,-0.13184087,2026-04-01,2026-07-23,14,33,29,114,0.122807,1.105457,1.093698,0.371672,,,,,,,,GLOBAL_BASELINE_NO_ENTITY_RANKING,,,NOT_APPLICABLE_GLOBAL_BASELINE,HF9g-P5,,,,X 全窗基线 · 不参与实体赏罚,3928523,393,A168_HF9F_20260827_0900,2026-08-27 09:00:00
2026-05-18,144157099,2252,0,35.2861813087,-29.0592081365,-29.0592081365,0.3333333,3,3,0.36483300000000000,0.364833000000,-0.11333800532433627,-0.11333800532433629,-0.11333800532433627,0E-17,ELIGIBLE,R03b_20260811_FULL_v1,L1_ELIGIBILITY,v2026-08-11,2026-03-21..2026-08-06,baccarat_bet02_101_all_pairs_incl_sentinel,round_win = game_pnl > 0 (decisive only),COMPATIBILITY_ONLY_NOT_PRODUCTION,4871.7391,4554.4646,-61.5067,667,278,0.01262521,-0.10451521,0.02732566,0.01262521,61.5067,4871.7391,OK,0.0000,-2.4603,4.0000,96.0000,AG03-UNRESOLVED,ALL5_LEVELS_bet23_to_bet27,-2.4603,-2.4603,-3.0753,-3.0753,-3.0753,4.000000,4.000000,5.000000,5.000000,5.000000,96.000000,96.000000,95.000000,95.000000,95.000000,5.0,-14.1465,-12.9068,-47.3602,-48.6,PENDING_AG03,FALSE,NOT_FOR_ENFORCEMENT,-59.0465,4372.2860,-61.5067,-59.0465,-2.4603,-0.01262521,-0.01212020,-2.4603,-59.0465,-0.01212020,-2.4603,-2.4603,-3.0753,-3.0753,-3.0753,-59.0465,-0.01212020,-14.1465,-12.9068,-47.3602,-48.6,-0.00972141,-0.00997589,-0.00050501,7.3040,16.3830,-0.2212,-4.3933,-1.8638,347.9814,19.8571,7.9883,7.2263,2.6176,5.1891,9.0307,15.4907,23.8972,48.8551,5.1891,-2.6176,4.605228,9.414864,1.407546,10,37,14,8,0.11150147,-0.01262521,0.10451521,0E-8,0.000000,0.934874,0.000000,-0.13184087,2026-04-01,2026-07-23,14,33,29,114,0.122807,1.105457,1.093698,0.371672,,,,,,,,GLOBAL_BASELINE_NO_ENTITY_RANKING,,,NOT_APPLICABLE_GLOBAL_BASELINE,HF9g-P5,,,,X 全窗基线 · 不参与实体赏罚,3928524,393,A168_HF9F_20260827_0900,2026-08-27 09:00:00
2026-05-18,144157099,550,0,25.9457215505,-10.3782886202,-10.3782886202,0E-7,3,2,0.28397192500000000,0.283971925000,-0.6297565267798013,-0.6297565267798013,-0.6297565267798013,0E-17,ELIGIBLE,R03b_20260811_FULL_v1,L1_ELIGIBILITY,v2026-08-11,2026-03-21..2026-08-06,baccarat_bet02_101_all_pairs_incl_sentinel,round_win = game_pnl > 0 (decisive only),COMPATIBILITY_ONLY_NOT_PRODUCTION,4871.7391,4554.4646,-61.5067,667,278,0.01262521,-0.10451521,0.02732566,0.01262521,61.5067,4871.7391,OK,0.0000,-2.4603,4.0000,96.0000,AG03-UNRESOLVED,ALL5_LEVELS_bet23_to_bet27,-2.4603,-2.4603,-3.0753,-3.0753,-3.0753,4.000000,4.000000,5.000000,5.000000,5.000000,96.000000,96.000000,95.000000,95.000000,95.000000,5.0,-14.1465,-12.9068,-47.3602,-48.6,PENDING_AG03,FALSE,NOT_FOR_ENFORCEMENT,-59.0465,4372.2860,-61.5067,-59.0465,-2.4603,-0.01262521,-0.01212020,-2.4603,-59.0465,-0.01212020,-2.4603,-2.4603,-3.0753,-3.0753,-3.0753,-59.0465,-0.01212020,-14.1465,-12.9068,-47.3602,-48.6,-0.00972141,-0.00997589,-0.00050501,7.3040,16.3830,-0.2212,-4.3933,-1.8638,347.9814,19.8571,7.9883,7.2263,2.6176,5.1891,9.0307,15.4907,23.8972,48.8551,5.1891,-2.6176,4.605228,9.414864,1.407546,10,37,14,8,0.11150147,-0.01262521,0.10451521,0E-8,0.000000,0.934874,0.000000,-0.13184087,2026-04-01,2026-07-23,14,33,29,114,0.122807,1.105457,1.093698,0.371672,,,,,,,,GLOBAL_BASELINE_NO_ENTITY_RANKING,,,NOT_APPLICABLE_GLOBAL_BASELINE,HF9g-P5,,,,X 全窗基线 · 不参与实体赏罚,3928525,393,A168_HF9F_20260827_0900,2026-08-27 09:00:00
2026-05-19,144157099,1374,0,230.9169217996,-9.3404597583,-9.3404597583,0.4545455,37,11,0.23479530420618621,0.179701417879,1.719459720802567,2.3742198338712948,1.719459720802567,0.05509388632718621,ELIGIBLE,R03b_20260811_FULL_v1,L1_ELIGIBILITY,v2026-08-11,2026-03-21..2026-08-06,baccarat_bet02_101_all_pairs_incl_sentinel,round_win = game_pnl > 0 (decisive only),COMPATIBILITY_ONLY_NOT_PRODUCTION,4871.7391,4554.4646,-61.5067,667,278,0.01262521,-0.10451521,0.02732566,0.01262521,61.5067,4871.7391,OK,0.0000,-2.4603,4.0000,96.0000,AG03-UNRESOLVED,ALL5_LEVELS_bet23_to_bet27,-2.4603,-2.4603,-3.0753,-3.0753,-3.0753,4.000000,4.000000,5.000000,5.000000,5.000000,96.000000,96.000000,95.000000,95.000000,95.000000,5.0,-14.1465,-12.9068,-47.3602,-48.6,PENDING_AG03,FALSE,NOT_FOR_ENFORCEMENT,-59.0465,4372.2860,-61.5067,-59.0465,-2.4603,-0.01262521,-0.01212020,-2.4603,-59.0465,-0.01212020,-2.4603,-2.4603,-3.0753,-3.0753,-3.0753,-59.0465,-0.01212020,-14.1465,-12.9068,-47.3602,-48.6,-0.00972141,-0.00997589,-0.00050501,7.3040,16.3830,-0.2212,-4.3933,-1.8638,347.9814,19.8571,7.9883,7.2263,2.6176,5.1891,9.0307,15.4907,23.8972,48.8551,5.1891,-2.6176,4.605228,9.414864,1.407546,10,37,14,8,0.11150147,-0.01262521,0.10451521,0E-8,0.000000,0.934874,0.000000,-0.13184087,2026-04-01,2026-07-23,14,33,29,114,0.122807,1.105457,1.093698,0.371672,,,,,,,,GLOBAL_BASELINE_NO_ENTITY_RANKING,,,NOT_APPLICABLE_GLOBAL_BASELINE,HF9g-P5,,,,X 全窗基线 · 不参与实体赏罚,3928526,393,A168_HF9F_20260827_0900,2026-08-27 09:00:00
2026-05-19,144157099,2171,0,20.7565772404,-20.7565772404,-20.7565772404,0E-7,4,2,0.07469835000000000,0.074698350000,-0.40181748768993447,-0.4018174876899344,-0.40181748768993447,0E-17,ELIGIBLE,R03b_20260811_FULL_v1,L1_ELIGIBILITY,v2026-08-11,2026-03-21..2026-08-06,baccarat_bet02_101_all_pairs_incl_sentinel,round_win = game_pnl > 0 (decisive only),COMPATIBILITY_ONLY_NOT_PRODUCTION,4871.7391,4554.4646,-61.5067,667,278,0.01262521,-0.10451521,0.02732566,0.01262521,61.5067,4871.7391,OK,0.0000,-2.4603,4.0000,96.0000,AG03-UNRESOLVED,ALL5_LEVELS_bet23_to_bet27,-2.4603,-2.4603,-3.0753,-3.0753,-3.0753,4.000000,4.000000,5.000000,5.000000,5.000000,96.000000,96.000000,95.000000,95.000000,95.000000,5.0,-14.1465,-12.9068,-47.3602,-48.6,PENDING_AG03,FALSE,NOT_FOR_ENFORCEMENT,-59.0465,4372.2860,-61.5067,-59.0465,-2.4603,-0.01262521,-0.01212020,-2.4603,-59.0465,-0.01212020,-2.4603,-2.4603,-3.0753,-3.0753,-3.0753,-59.0465,-0.01212020,-14.1465,-12.9068,-47.3602,-48.6,-0.00972141,-0.00997589,-0.00050501,7.3040,16.3830,-0.2212,-4.3933,-1.8638,347.9814,19.8571,7.9883,7.2263,2.6176,5.1891,9.0307,15.4907,23.8972,48.8551,5.1891,-2.6176,4.605228,9.414864,1.407546,10,37,14,8,0.11150147,-0.01262521,0.10451521,0E-8,0.000000,0.934874,0.000000,-0.13184087,2026-04-01,2026-07-23,14,33,29,114,0.122807,1.105457,1.093698,0.371672,,,,,,,,GLOBAL_BASELINE_NO_ENTITY_RANKING,,,NOT_APPLICABLE_GLOBAL_BASELINE,HF9g-P5,,,,X 全窗基线 · 不参与实体赏罚,3928527,393,A168_HF9F_20260827_0900,2026-08-27 09:00:00
2026-05-20,144157099,1307,0,220.5386331793,45.6644699289,45.6644699289,0.5000000,26,7,0.28370300330579359,0.173947390714,1.175296878438588,2.106931869394262,1.175296878438588,0.10975561259179359,ELIGIBLE,R03b_20260811_FULL_v1,L1_ELIGIBILITY,v2026-08-11,2026-03-21..2026-08-06,baccarat_bet02_101_all_pairs_incl_sentinel,round_win = game_pnl > 0 (decisive only),COMPATIBILITY_ONLY_NOT_PRODUCTION,4871.7391,4554.4646,-61.5067,667,278,0.01262521,-0.10451521,0.02732566,0.01262521,61.5067,4871.7391,OK,0.0000,-2.4603,4.0000,96.0000,AG03-UNRESOLVED,ALL5_LEVELS_bet23_to_bet27,-2.4603,-2.4603,-3.0753,-3.0753,-3.0753,4.000000,4.000000,5.000000,5.000000,5.000000,96.000000,96.000000,95.000000,95.000000,95.000000,5.0,-14.1465,-12.9068,-47.3602,-48.6,PENDING_AG03,FALSE,NOT_FOR_ENFORCEMENT,-59.0465,4372.2860,-61.5067,-59.0465,-2.4603,-0.01262521,-0.01212020,-2.4603,-59.0465,-0.01212020,-2.4603,-2.4603,-3.0753,-3.0753,-3.0753,-59.0465,-0.01212020,-14.1465,-12.9068,-47.3602,-48.6,-0.00972141,-0.00997589,-0.00050501,7.3040,16.3830,-0.2212,-4.3933,-1.8638,347.9814,19.8571,7.9883,7.2263,2.6176,5.1891,9.0307,15.4907,23.8972,48.8551,5.1891,-2.6176,4.605228,9.414864,1.407546,10,37,14,8,0.11150147,-0.01262521,0.10451521,0E-8,0.000000,0.934874,0.000000,-0.13184087,2026-04-01,2026-07-23,14,33,29,114,0.122807,1.105457,1.093698,0.371672,,,,,,,,GLOBAL_BASELINE_NO_ENTITY_RANKING,,,NOT_APPLICABLE_GLOBAL_BASELINE,HF9g-P5,,,,X 全窗基线 · 不参与实体赏罚,3928528,393,A168_HF9F_20260827_0900,2026-08-27 09:00:00
2026-05-20,144157099,1400,0,75.2425924965,-12.9728607753,-12.9728607753,0.3333333,12,3,0.16166614743574061,0.105833675000,0.8076624069861457,1.2809149151033221,0.8076624069861457,0.05583247243574061,ELIGIBLE,R03b_20260811_FULL_v1,L1_ELIGIBILITY,v2026-08-11,2026-03-21..2026-08-06,baccarat_bet02_101_all_pairs_incl_sentinel,round_win = game_pnl > 0 (decisive only),COMPATIBILITY_ONLY_NOT_PRODUCTION,4871.7391,4554.4646,-61.5067,667,278,0.01262521,-0.10451521,0.02732566,0.01262521,61.5067,4871.7391,OK,0.0000,-2.4603,4.0000,96.0000,AG03-UNRESOLVED,ALL5_LEVELS_bet23_to_bet27,-2.4603,-2.4603,-3.0753,-3.0753,-3.0753,4.000000,4.000000,5.000000,5.000000,5.000000,96.000000,96.000000,95.000000,95.000000,95.000000,5.0,-14.1465,-12.9068,-47.3602,-48.6,PENDING_AG03,FALSE,NOT_FOR_ENFORCEMENT,-59.0465,4372.2860,-61.5067,-59.0465,-2.4603,-0.01262521,-0.01212020,-2.4603,-59.0465,-0.01212020,-2.4603,-2.4603,-3.0753,-3.0753,-3.0753,-59.0465,-0.01212020,-14.1465,-12.9068,-47.3602,-48.6,-0.00972141,-0.00997589,-0.00050501,7.3040,16.3830,-0.2212,-4.3933,-1.8638,347.9814,19.8571,7.9883,7.2263,2.6176,5.1891,9.0307,15.4907,23.8972,48.8551,5.1891,-2.6176,4.605228,9.414864,1.407546,10,37,14,8,0.11150147,-0.01262521,0.10451521,0E-8,0.000000,0.934874,0.000000,-0.13184087,2026-04-01,2026-07-23,14,33,29,114,0.122807,1.105457,1.093698,0.371672,,,,,,,,GLOBAL_BASELINE_NO_ENTITY_RANKING,,,NOT_APPLICABLE_GLOBAL_BASELINE,HF9g-P5,,,,X 全窗基线 · 不参与实体赏罚,3928529,393,A168_HF9F_20260827_0900,2026-08-27 09:00:00
2026-05-20,144157099,2251,0,25.9457215505,-25.9457215505,-25.9457215505,0E-7,3,1,0.33386976000000000,0.218682466667,-0.7079604028124487,-0.5290457096990526,-0.7079604028124487,0.11518729333300000,ELIGIBLE,R03b_20260811_FULL_v1,L1_ELIGIBILITY,v2026-08-11,2026-03-21..2026-08-06,baccarat_bet02_101_all_pairs_incl_sentinel,round_win = game_pnl > 0 (decisive only),COMPATIBILITY_ONLY_NOT_PRODUCTION,4871.7391,4554.4646,-61.5067,667,278,0.01262521,-0.10451521,0.02732566,0.01262521,61.5067,4871.7391,OK,0.0000,-2.4603,4.0000,96.0000,AG03-UNRESOLVED,ALL5_LEVELS_bet23_to_bet27,-2.4603,-2.4603,-3.0753,-3.0753,-3.0753,4.000000,4.000000,5.000000,5.000000,5.000000,96.000000,96.000000,95.000000,95.000000,95.000000,5.0,-14.1465,-12.9068,-47.3602,-48.6,PENDING_AG03,FALSE,NOT_FOR_ENFORCEMENT,-59.0465,4372.2860,-61.5067,-59.0465,-2.4603,-0.01262521,-0.01212020,-2.4603,-59.0465,-0.01212020,-2.4603,-2.4603,-3.0753,-3.0753,-3.0753,-59.0465,-0.01212020,-14.1465,-12.9068,-47.3602,-48.6,-0.00972141,-0.00997589,-0.00050501,7.3040,16.3830,-0.2212,-4.3933,-1.8638,347.9814,19.8571,7.9883,7.2263,2.6176,5.1891,9.0307,15.4907,23.8972,48.8551,5.1891,-2.6176,4.605228,9.414864,1.407546,10,37,14,8,0.11150147,-0.01262521,0.10451521,0E-8,0.000000,0.934874,0.000000,-0.13184087,2026-04-01,2026-07-23,14,33,29,114,0.122807,1.105457,1.093698,0.371672,,,,,,,,GLOBAL_BASELINE_NO_ENTITY_RANKING,,,NOT_APPLICABLE_GLOBAL_BASELINE,HF9g-P5,,,,X 全窗基线 · 不参与实体赏罚,3928530,393,A168_HF9F_20260827_0900,2026-08-27 09:00:00
2026-05-22,144157099,1951,0,10.3782886202,-10.3782886202,-10.3782886202,0E-7,2,1,0.07469835000000000,0.074698350000,-0.2841278703448948,-0.28412787034489473,-0.2841278703448948,0E-17,ELIGIBLE,R03b_20260811_FULL_v1,L1_ELIGIBILITY,v2026-08-11,2026-03-21..2026-08-06,baccarat_bet02_101_all_pairs_incl_sentinel,round_win = game_pnl > 0 (decisive only),COMPATIBILITY_ONLY_NOT_PRODUCTION,4871.7391,4554.4646,-61.5067,667,278,0.01262521,-0.10451521,0.02732566,0.01262521,61.5067,4871.7391,OK,0.0000,-2.4603,4.0000,96.0000,AG03-UNRESOLVED,ALL5_LEVELS_bet23_to_bet27,-2.4603,-2.4603,-3.0753,-3.0753,-3.0753,4.000000,4.000000,5.000000,5.000000,5.000000,96.000000,96.000000,95.000000,95.000000,95.000000,5.0,-14.1465,-12.9068,-47.3602,-48.6,PENDING_AG03,FALSE,NOT_FOR_ENFORCEMENT,-59.0465,4372.2860,-61.5067,-59.0465,-2.4603,-0.01262521,-0.01212020,-2.4603,-59.0465,-0.01212020,-2.4603,-2.4603,-3.0753,-3.0753,-3.0753,-59.0465,-0.01212020,-14.1465,-12.9068,-47.3602,-48.6,-0.00972141,-0.00997589,-0.00050501,7.3040,16.3830,-0.2212,-4.3933,-1.8638,347.9814,19.8571,7.9883,7.2263,2.6176,5.1891,9.0307,15.4907,23.8972,48.8551,5.1891,-2.6176,4.605228,9.414864,1.407546,10,37,14,8,0.11150147,-0.01262521,0.10451521,0E-8,0.000000,0.934874,0.000000,-0.13184087,2026-04-01,2026-07-23,14,33,29,114,0.122807,1.105457,1.093698,0.371672,,,,,,,,GLOBAL_BASELINE_NO_ENTITY_RANKING,,,NOT_APPLICABLE_GLOBAL_BASELINE,HF9g-P5,,,,X 全窗基线 · 不参与实体赏罚,3928531,393,A168_HF9F_20260827_0900,2026-08-27 09:00:00
2026-05-22,144157099,2171,0,41.5131544808,-41.5131544808,-41.5131544808,0E-7,8,2,0.07641220666666667,0.076412206667,-0.406777831166713,-0.4067778311676737,-0.406777831166713,-3.3333E-13,ELIGIBLE,R03b_20260811_FULL_v1,L1_ELIGIBILITY,v2026-08-11,2026-03-21..2026-08-06,baccarat_bet02_101_all_pairs_incl_sentinel,round_win = game_pnl > 0 (decisive only),COMPATIBILITY_ONLY_NOT_PRODUCTION,4871.7391,4554.4646,-61.5067,667,278,0.01262521,-0.10451521,0.02732566,0.01262521,61.5067,4871.7391,OK,0.0000,-2.4603,4.0000,96.0000,AG03-UNRESOLVED,ALL5_LEVELS_bet23_to_bet27,-2.4603,-2.4603,-3.0753,-3.0753,-3.0753,4.000000,4.000000,5.000000,5.000000,5.000000,96.000000,96.000000,95.000000,95.000000,95.000000,5.0,-14.1465,-12.9068,-47.3602,-48.6,PENDING_AG03,FALSE,NOT_FOR_ENFORCEMENT,-59.0465,4372.2860,-61.5067,-59.0465,-2.4603,-0.01262521,-0.01212020,-2.4603,-59.0465,-0.01212020,-2.4603,-2.4603,-3.0753,-3.0753,-3.0753,-59.0465,-0.01212020,-14.1465,-12.9068,-47.3602,-48.6,-0.00972141,-0.00997589,-0.00050501,7.3040,16.3830,-0.2212,-4.3933,-1.8638,347.9814,19.8571,7.9883,7.2263,2.6176,5.1891,9.0307,15.4907,23.8972,48.8551,5.1891,-2.6176,4.605228,9.414864,1.407546,10,37,14,8,0.11150147,-0.01262521,0.10451521,0E-8,0.000000,0.934874,0.000000,-0.13184087,2026-04-01,2026-07-23,14,33,29,114,0.122807,1.105457,1.093698,0.371672,,,,,,,,GLOBAL_BASELINE_NO_ENTITY_RANKING,,,NOT_APPLICABLE_GLOBAL_BASELINE,HF9g-P5,,,,X 全窗基线 · 不参与实体赏罚,3928532,393,A168_HF9F_20260827_0900,2026-08-27 09:00:00
2026-05-22,144157099,2246,0,31.1348658606,-20.7565772404,-20.7565772404,0.2500000,6,4,0.28718662500000000,0.287186625000,-0.16437915172847542,-0.16437915172847542,-0.16437915172847542,0E-17,ELIGIBLE,R03b_20260811_FULL_v1,L1_ELIGIBILITY,v2026-08-11,2026-03-21..2026-08-06,baccarat_bet02_101_all_pairs_incl_sentinel,round_win = game_pnl > 0 (decisive only),COMPATIBILITY_ONLY_NOT_PRODUCTION,4871.7391,4554.4646,-61.5067,667,278,0.01262521,-0.10451521,0.02732566,0.01262521,61.5067,4871.7391,OK,0.0000,-2.4603,4.0000,96.0000,AG03-UNRESOLVED,ALL5_LEVELS_bet23_to_bet27,-2.4603,-2.4603,-3.0753,-3.0753,-3.0753,4.000000,4.000000,5.000000,5.000000,5.000000,96.000000,96.000000,95.000000,95.000000,95.000000,5.0,-14.1465,-12.9068,-47.3602,-48.6,PENDING_AG03,FALSE,NOT_FOR_ENFORCEMENT,-59.0465,4372.2860,-61.5067,-59.0465,-2.4603,-0.01262521,-0.01212020,-2.4603,-59.0465,-0.01212020,-2.4603,-2.4603,-3.0753,-3.0753,-3.0753,-59.0465,-0.01212020,-14.1465,-12.9068,-47.3602,-48.6,-0.00972141,-0.00997589,-0.00050501,7.3040,16.3830,-0.2212,-4.3933,-1.8638,347.9814,19.8571,7.9883,7.2263,2.6176,5.1891,9.0307,15.4907,23.8972,48.8551,5.1891,-2.6176,4.605228,9.414864,1.407546,10,37,14,8,0.11150147,-0.01262521,0.10451521,0E-8,0.000000,0.934874,0.000000,-0.13184087,2026-04-01,2026-07-23,14,33,29,114,0.122807,1.105457,1.093698,0.371672,,,,,,,,GLOBAL_BASELINE_NO_ENTITY_RANKING,,,NOT_APPLICABLE_GLOBAL_BASELINE,HF9g-P5,,,,X 全窗基线 · 不参与实体赏罚,3928533,393,A168_HF9F_20260827_0900,2026-08-27 09:00:00
2026-05-30,144157099,1306,0,150.4851849929,62.0102745057,62.0102745057,0.3000000,21,10,0.30668668450000000,0.259136241667,-0.04585625686001951,0.29492056285878404,-0.04585625686001951,0.04755044283300000,ELIGIBLE,R03b_20260811_FULL_v1,L1_ELIGIBILITY,v2026-08-11,2026-03-21..2026-08-06,baccarat_bet02_101_all_pairs_incl_sentinel,round_win = game_pnl > 0 (decisive only),COMPATIBILITY_ONLY_NOT_PRODUCTION,4871.7391,4554.4646,-61.5067,667,278,0.01262521,-0.10451521,0.02732566,0.01262521,61.5067,4871.7391,OK,0.0000,-2.4603,4.0000,96.0000,AG03-UNRESOLVED,ALL5_LEVELS_bet23_to_bet27,-2.4603,-2.4603,-3.0753,-3.0753,-3.0753,4.000000,4.000000,5.000000,5.000000,5.000000,96.000000,96.000000,95.000000,95.000000,95.000000,5.0,-14.1465,-12.9068,-47.3602,-48.6,PENDING_AG03,FALSE,NOT_FOR_ENFORCEMENT,-59.0465,4372.2860,-61.5067,-59.0465,-2.4603,-0.01262521,-0.01212020,-2.4603,-59.0465,-0.01212020,-2.4603,-2.4603,-3.0753,-3.0753,-3.0753,-59.0465,-0.01212020,-14.1465,-12.9068,-47.3602,-48.6,-0.00972141,-0.00997589,-0.00050501,7.3040,16.3830,-0.2212,-4.3933,-1.8638,347.9814,19.8571,7.9883,7.2263,2.6176,5.1891,9.0307,15.4907,23.8972,48.8551,5.1891,-2.6176,4.605228,9.414864,1.407546,10,37,14,8,0.11150147,-0.01262521,0.10451521,0E-8,0.000000,0.934874,0.000000,-0.13184087,2026-04-01,2026-07-23,14,33,29,114,0.122807,1.105457,1.093698,0.371672,,,,,,,,GLOBAL_BASELINE_NO_ENTITY_RANKING,,,NOT_APPLICABLE_GLOBAL_BASELINE,HF9g-P5,,,,X 全窗基线 · 不参与实体赏罚,3928534,393,A168_HF9F_20260827_0900,2026-08-27 09:00:00
2026-05-30,144157099,1505,0,119.3503191323,-62.2697317212,-62.2697317212,0.3333333,16,6,0.28184826388888889,0.227273833333,0.2803116441227789,0.6199228900860163,0.2803116441227789,0.05457443055588889,ELIGIBLE,R03b_20260811_FULL_v1,L1_ELIGIBILITY,v2026-08-11,2026-03-21..2026-08-06,baccarat_bet02_101_all_pairs_incl_sentinel,round_win = game_pnl > 0 (decisive only),COMPATIBILITY_ONLY_NOT_PRODUCTION,4871.7391,4554.4646,-61.5067,667,278,0.01262521,-0.10451521,0.02732566,0.01262521,61.5067,4871.7391,OK,0.0000,-2.4603,4.0000,96.0000,AG03-UNRESOLVED,ALL5_LEVELS_bet23_to_bet27,-2.4603,-2.4603,-3.0753,-3.0753,-3.0753,4.000000,4.000000,5.000000,5.000000,5.000000,96.000000,96.000000,95.000000,95.000000,95.000000,5.0,-14.1465,-12.9068,-47.3602,-48.6,PENDING_AG03,FALSE,NOT_FOR_ENFORCEMENT,-59.0465,4372.2860,-61.5067,-59.0465,-2.4603,-0.01262521,-0.01212020,-2.4603,-59.0465,-0.01212020,-2.4603,-2.4603,-3.0753,-3.0753,-3.0753,-59.0465,-0.01212020,-14.1465,-12.9068,-47.3602,-48.6,-0.00972141,-0.00997589,-0.00050501,7.3040,16.3830,-0.2212,-4.3933,-1.8638,347.9814,19.8571,7.9883,7.2263,2.6176,5.1891,9.0307,15.4907,23.8972,48.8551,5.1891,-2.6176,4.605228,9.414864,1.407546,10,37,14,8,0.11150147,-0.01262521,0.10451521,0E-8,0.000000,0.934874,0.000000,-0.13184087,2026-04-01,2026-07-23,14,33,29,114,0.122807,1.105457,1.093698,0.371672,,,,,,,,GLOBAL_BASELINE_NO_ENTITY_RANKING,,,NOT_APPLICABLE_GLOBAL_BASELINE,HF9g-P5,,,,X 全窗基线 · 不参与实体赏罚,3928535,393,A168_HF9F_20260827_0900,2026-08-27 09:00:00
2026-05-30,144157099,948,0,5.1891443101,-5.1891443101,-5.1891443101,0E-7,1,1,0.09460280000000000,0.094602800000,-0.32324545095860213,-0.32324545095860213,-0.32324545095860213,0E-17,ELIGIBLE,R03b_20260811_FULL_v1,L1_ELIGIBILITY,v2026-08-11,2026-03-21..2026-08-06,baccarat_bet02_101_all_pairs_incl_sentinel,round_win = game_pnl > 0 (decisive only),COMPATIBILITY_ONLY_NOT_PRODUCTION,4871.7391,4554.4646,-61.5067,667,278,0.01262521,-0.10451521,0.02732566,0.01262521,61.5067,4871.7391,OK,0.0000,-2.4603,4.0000,96.0000,AG03-UNRESOLVED,ALL5_LEVELS_bet23_to_bet27,-2.4603,-2.4603,-3.0753,-3.0753,-3.0753,4.000000,4.000000,5.000000,5.000000,5.000000,96.000000,96.000000,95.000000,95.000000,95.000000,5.0,-14.1465,-12.9068,-47.3602,-48.6,PENDING_AG03,FALSE,NOT_FOR_ENFORCEMENT,-59.0465,4372.2860,-61.5067,-59.0465,-2.4603,-0.01262521,-0.01212020,-2.4603,-59.0465,-0.01212020,-2.4603,-2.4603,-3.0753,-3.0753,-3.0753,-59.0465,-0.01212020,-14.1465,-12.9068,-47.3602,-48.6,-0.00972141,-0.00997589,-0.00050501,7.3040,16.3830,-0.2212,-4.3933,-1.8638,347.9814,19.8571,7.9883,7.2263,2.6176,5.1891,9.0307,15.4907,23.8972,48.8551,5.1891,-2.6176,4.605228,9.414864,1.407546,10,37,14,8,0.11150147,-0.01262521,0.10451521,0E-8,0.000000,0.934874,0.000000,-0.13184087,2026-04-01,2026-07-23,14,33,29,114,0.122807,1.105457,1.093698,0.371672,,,,,,,,GLOBAL_BASELINE_NO_ENTITY_RANKING,,,NOT_APPLICABLE_GLOBAL_BASELINE,HF9g-P5,,,,X 全窗基线 · 不参与实体赏罚,3928536,393,A168_HF9F_20260827_0900,2026-08-27 09:00:00
2026-06-26,144157099,529,0,59.1457299361,-5.4002622988,-5.4002622988,0.1666667,17,7,0.20645190000000000,0.206451900000,-0.24076949648858556,-0.2407694964885856,-0.24076949648858556,0E-17,ELIGIBLE,R03b_20260811_FULL_v1,L1_ELIGIBILITY,v2026-08-11,2026-03-21..2026-08-06,baccarat_bet02_101_all_pairs_incl_sentinel,round_win = game_pnl > 0 (decisive only),COMPATIBILITY_ONLY_NOT_PRODUCTION,4871.7391,4554.4646,-61.5067,667,278,0.01262521,-0.10451521,0.02732566,0.01262521,61.5067,4871.7391,OK,0.0000,-2.4603,4.0000,96.0000,AG03-UNRESOLVED,ALL5_LEVELS_bet23_to_bet27,-2.4603,-2.4603,-3.0753,-3.0753,-3.0753,4.000000,4.000000,5.000000,5.000000,5.000000,96.000000,96.000000,95.000000,95.000000,95.000000,5.0,-14.1465,-12.9068,-47.3602,-48.6,PENDING_AG03,FALSE,NOT_FOR_ENFORCEMENT,-59.0465,4372.2860,-61.5067,-59.0465,-2.4603,-0.01262521,-0.01212020,-2.4603,-59.0465,-0.01212020,-2.4603,-2.4603,-3.0753,-3.0753,-3.0753,-59.0465,-0.01212020,-14.1465,-12.9068,-47.3602,-48.6,-0.00972141,-0.00997589,-0.00050501,7.3040,16.3830,-0.2212,-4.3933,-1.8638,347.9814,19.8571,7.9883,7.2263,2.6176,5.1891,9.0307,15.4907,23.8972,48.8551,5.1891,-2.6176,4.605228,9.414864,1.407546,10,37,14,8,0.11150147,-0.01262521,0.10451521,0E-8,0.000000,0.934874,0.000000,-0.13184087,2026-04-01,2026-07-23,14,33,29,114,0.122807,1.105457,1.093698,0.371672,,,,,,,,GLOBAL_BASELINE_NO_ENTITY_RANKING,,,NOT_APPLICABLE_GLOBAL_BASELINE,HF9g-P5,,,,X 全窗基线 · 不参与实体赏罚,3928537,393,A168_HF9F_20260827_0900,2026-08-27 09:00:00
2026-06-26,144157099,550,0,10.2862139019,-10.2862139019,-10.2862139019,0E-7,3,2,0.23195209999910982,0.197614775000,-0.7771771068815243,-0.7018321235398395,-0.7771771068815243,0.03433732499910982,ELIGIBLE,R03b_20260811_FULL_v1,L1_ELIGIBILITY,v2026-08-11,2026-03-21..2026-08-06,baccarat_bet02_101_all_pairs_incl_sentinel,round_win = game_pnl > 0 (decisive only),COMPATIBILITY_ONLY_NOT_PRODUCTION,4871.7391,4554.4646,-61.5067,667,278,0.01262521,-0.10451521,0.02732566,0.01262521,61.5067,4871.7391,OK,0.0000,-2.4603,4.0000,96.0000,AG03-UNRESOLVED,ALL5_LEVELS_bet23_to_bet27,-2.4603,-2.4603,-3.0753,-3.0753,-3.0753,4.000000,4.000000,5.000000,5.000000,5.000000,96.000000,96.000000,95.000000,95.000000,95.000000,5.0,-14.1465,-12.9068,-47.3602,-48.6,PENDING_AG03,FALSE,NOT_FOR_ENFORCEMENT,-59.0465,4372.2860,-61.5067,-59.0465,-2.4603,-0.01262521,-0.01212020,-2.4603,-59.0465,-0.01212020,-2.4603,-2.4603,-3.0753,-3.0753,-3.0753,-59.0465,-0.01212020,-14.1465,-12.9068,-47.3602,-48.6,-0.00972141,-0.00997589,-0.00050501,7.3040,16.3830,-0.2212,-4.3933,-1.8638,347.9814,19.8571,7.9883,7.2263,2.6176,5.1891,9.0307,15.4907,23.8972,48.8551,5.1891,-2.6176,4.605228,9.414864,1.407546,10,37,14,8,0.11150147,-0.01262521,0.10451521,0E-8,0.000000,0.934874,0.000000,-0.13184087,2026-04-01,2026-07-23,14,33,29,114,0.122807,1.105457,1.093698,0.371672,,,,,,,,GLOBAL_BASELINE_NO_ENTITY_RANKING,,,NOT_APPLICABLE_GLOBAL_BASELINE,HF9g-P5,,,,X 全窗基线 · 不参与实体赏罚,3928538,393,A168_HF9F_20260827_0900,2026-08-27 09:00:00
2026-07-04,144157099,2093,0,20.6542224976,10.3271112488,10.3271112488,0.5000000,8,2,0.07113640000000000,0.071136400000,2.3594581088759234,2.3594581088759234,2.3594581088759234,0E-17,ELIGIBLE,R03b_20260811_FULL_v1,L1_ELIGIBILITY,v2026-08-11,2026-03-21..2026-08-06,baccarat_bet02_101_all_pairs_incl_sentinel,round_win = game_pnl > 0 (decisive only),COMPATIBILITY_ONLY_NOT_PRODUCTION,4871.7391,4554.4646,-61.5067,667,278,0.01262521,-0.10451521,0.02732566,0.01262521,61.5067,4871.7391,OK,0.0000,-2.4603,4.0000,96.0000,AG03-UNRESOLVED,ALL5_LEVELS_bet23_to_bet27,-2.4603,-2.4603,-3.0753,-3.0753,-3.0753,4.000000,4.000000,5.000000,5.000000,5.000000,96.000000,96.000000,95.000000,95.000000,95.000000,5.0,-14.1465,-12.9068,-47.3602,-48.6,PENDING_AG03,FALSE,NOT_FOR_ENFORCEMENT,-59.0465,4372.2860,-61.5067,-59.0465,-2.4603,-0.01262521,-0.01212020,-2.4603,-59.0465,-0.01212020,-2.4603,-2.4603,-3.0753,-3.0753,-3.0753,-59.0465,-0.01212020,-14.1465,-12.9068,-47.3602,-48.6,-0.00972141,-0.00997589,-0.00050501,7.3040,16.3830,-0.2212,-4.3933,-1.8638,347.9814,19.8571,7.9883,7.2263,2.6176,5.1891,9.0307,15.4907,23.8972,48.8551,5.1891,-2.6176,4.605228,9.414864,1.407546,10,37,14,8,0.11150147,-0.01262521,0.10451521,0E-8,0.000000,0.934874,0.000000,-0.13184087,2026-04-01,2026-07-23,14,33,29,114,0.122807,1.105457,1.093698,0.371672,,,,,,,,GLOBAL_BASELINE_NO_ENTITY_RANKING,,,NOT_APPLICABLE_GLOBAL_BASELINE,HF9g-P5,,,,X 全窗基线 · 不参与实体赏罚,3928539,393,A168_HF9F_20260827_0900,2026-08-27 09:00:00
2026-07-17,144157099,1714,0,5.1635556244,-5.1635556244,-5.1635556244,0E-7,2,1,0.07469835000000000,0.074698350000,-0.2841278703448948,-0.28412787034489473,-0.2841278703448948,0E-17,ELIGIBLE,R03b_20260811_FULL_v1,L1_ELIGIBILITY,v2026-08-11,2026-03-21..2026-08-06,baccarat_bet02_101_all_pairs_incl_sentinel,round_win = game_pnl > 0 (decisive only),COMPATIBILITY_ONLY_NOT_PRODUCTION,4871.7391,4554.4646,-61.5067,667,278,0.01262521,-0.10451521,0.02732566,0.01262521,61.5067,4871.7391,OK,0.0000,-2.4603,4.0000,96.0000,AG03-UNRESOLVED,ALL5_LEVELS_bet23_to_bet27,-2.4603,-2.4603,-3.0753,-3.0753,-3.0753,4.000000,4.000000,5.000000,5.000000,5.000000,96.000000,96.000000,95.000000,95.000000,95.000000,5.0,-14.1465,-12.9068,-47.3602,-48.6,PENDING_AG03,FALSE,NOT_FOR_ENFORCEMENT,-59.0465,4372.2860,-61.5067,-59.0465,-2.4603,-0.01262521,-0.01212020,-2.4603,-59.0465,-0.01212020,-2.4603,-2.4603,-3.0753,-3.0753,-3.0753,-59.0465,-0.01212020,-14.1465,-12.9068,-47.3602,-48.6,-0.00972141,-0.00997589,-0.00050501,7.3040,16.3830,-0.2212,-4.3933,-1.8638,347.9814,19.8571,7.9883,7.2263,2.6176,5.1891,9.0307,15.4907,23.8972,48.8551,5.1891,-2.6176,4.605228,9.414864,1.407546,10,37,14,8,0.11150147,-0.01262521,0.10451521,0E-8,0.000000,0.934874,0.000000,-0.13184087,2026-04-01,2026-07-23,14,33,29,114,0.122807,1.105457,1.093698,0.371672,,,,,,,,GLOBAL_BASELINE_NO_ENTITY_RANKING,,,NOT_APPLICABLE_GLOBAL_BASELINE,HF9g-P5,,,,X 全窗基线 · 不参与实体赏罚,3928540,393,A168_HF9F_20260827_0900,2026-08-27 09:00:00
2026-07-23,144157099,2107,0,51.6355562440,-20.6542224976,-20.6542224976,0.3333333,11,3,0.18697290811965812,0.115680388889,0.6501932247470482,1.1786657829399525,0.6501932247470482,0.07129251923065812,ELIGIBLE,R03b_20260811_FULL_v1,L1_ELIGIBILITY,v2026-08-11,2026-03-21..2026-08-06,baccarat_bet02_101_all_pairs_incl_sentinel,round_win = game_pnl > 0 (decisive only),COMPATIBILITY_ONLY_NOT_PRODUCTION,4871.7391,4554.4646,-61.5067,667,278,0.01262521,-0.10451521,0.02732566,0.01262521,61.5067,4871.7391,OK,0.0000,-2.4603,4.0000,96.0000,AG03-UNRESOLVED,ALL5_LEVELS_bet23_to_bet27,-2.4603,-2.4603,-3.0753,-3.0753,-3.0753,4.000000,4.000000,5.000000,5.000000,5.000000,96.000000,96.000000,95.000000,95.000000,95.000000,5.0,-14.1465,-12.9068,-47.3602,-48.6,PENDING_AG03,FALSE,NOT_FOR_ENFORCEMENT,-59.0465,4372.2860,-61.5067,-59.0465,-2.4603,-0.01262521,-0.01212020,-2.4603,-59.0465,-0.01212020,-2.4603,-2.4603,-3.0753,-3.0753,-3.0753,-59.0465,-0.01212020,-14.1465,-12.9068,-47.3602,-48.6,-0.00972141,-0.00997589,-0.00050501,7.3040,16.3830,-0.2212,-4.3933,-1.8638,347.9814,19.8571,7.9883,7.2263,2.6176,5.1891,9.0307,15.4907,23.8972,48.8551,5.1891,-2.6176,4.605228,9.414864,1.407546,10,37,14,8,0.11150147,-0.01262521,0.10451521,0E-8,0.000000,0.934874,0.000000,-0.13184087,2026-04-01,2026-07-23,14,33,29,114,0.122807,1.105457,1.093698,0.371672,,,,,,,,GLOBAL_BASELINE_NO_ENTITY_RANKING,,,NOT_APPLICABLE_GLOBAL_BASELINE,HF9g-P5,,,,X 全窗基线 · 不参与实体赏罚,3928541,393,A168_HF9F_20260827_0900,2026-08-27 09:00:00
2026-07-23,144157099,2130,0,18.0724446854,-18.0724446854,-18.0724446854,0E-7,7,3,0.08575637777777778,0.085756377778,-0.530472496723912,-0.5304724967246637,-0.530472496723912,-2.2222E-13,ELIGIBLE,R03b_20260811_FULL_v1,L1_ELIGIBILITY,v2026-08-11,2026-03-21..2026-08-06,baccarat_bet02_101_all_pairs_incl_sentinel,round_win = game_pnl > 0 (decisive only),COMPATIBILITY_ONLY_NOT_PRODUCTION,4871.7391,4554.4646,-61.5067,667,278,0.01262521,-0.10451521,0.02732566,0.01262521,61.5067,4871.7391,OK,0.0000,-2.4603,4.0000,96.0000,AG03-UNRESOLVED,ALL5_LEVELS_bet23_to_bet27,-2.4603,-2.4603,-3.0753,-3.0753,-3.0753,4.000000,4.000000,5.000000,5.000000,5.000000,96.000000,96.000000,95.000000,95.000000,95.000000,5.0,-14.1465,-12.9068,-47.3602,-48.6,PENDING_AG03,FALSE,NOT_FOR_ENFORCEMENT,-59.0465,4372.2860,-61.5067,-59.0465,-2.4603,-0.01262521,-0.01212020,-2.4603,-59.0465,-0.01212020,-2.4603,-2.4603,-3.0753,-3.0753,-3.0753,-59.0465,-0.01212020,-14.1465,-12.9068,-47.3602,-48.6,-0.00972141,-0.00997589,-0.00050501,7.3040,16.3830,-0.2212,-4.3933,-1.8638,347.9814,19.8571,7.9883,7.2263,2.6176,5.1891,9.0307,15.4907,23.8972,48.8551,5.1891,-2.6176,4.605228,9.414864,1.407546,10,37,14,8,0.11150147,-0.01262521,0.10451521,0E-8,0.000000,0.934874,0.000000,-0.13184087,2026-04-01,2026-07-23,14,33,29,114,0.122807,1.105457,1.093698,0.371672,,,,,,,,GLOBAL_BASELINE_NO_ENTITY_RANKING,,,NOT_APPLICABLE_GLOBAL_BASELINE,HF9g-P5,,,,X 全窗基线 · 不参与实体赏罚,3928542,393,A168_HF9F_20260827_0900,2026-08-27 09:00:00
2026-07-23,144157099,2220,0,468.3344951331,-12.8830712829,-12.8830712829,0.5238095,48,21,0.35761502762499200,0.268669904762,1.5889883683501205,2.637675203585365,1.5889883683501205,0.08894512286299200,ELIGIBLE,R03b_20260811_FULL_v1,L1_ELIGIBILITY,v2026-08-11,2026-03-21..2026-08-06,baccarat_bet02_101_all_pairs_incl_sentinel,round_win = game_pnl > 0 (decisive only),COMPATIBILITY_ONLY_NOT_PRODUCTION,4871.7391,4554.4646,-61.5067,667,278,0.01262521,-0.10451521,0.02732566,0.01262521,61.5067,4871.7391,OK,0.0000,-2.4603,4.0000,96.0000,AG03-UNRESOLVED,ALL5_LEVELS_bet23_to_bet27,-2.4603,-2.4603,-3.0753,-3.0753,-3.0753,4.000000,4.000000,5.000000,5.000000,5.000000,96.000000,96.000000,95.000000,95.000000,95.000000,5.0,-14.1465,-12.9068,-47.3602,-48.6,PENDING_AG03,FALSE,NOT_FOR_ENFORCEMENT,-59.0465,4372.2860,-61.5067,-59.0465,-2.4603,-0.01262521,-0.01212020,-2.4603,-59.0465,-0.01212020,-2.4603,-2.4603,-3.0753,-3.0753,-3.0753,-59.0465,-0.01212020,-14.1465,-12.9068,-47.3602,-48.6,-0.00972141,-0.00997589,-0.00050501,7.3040,16.3830,-0.2212,-4.3933,-1.8638,347.9814,19.8571,7.9883,7.2263,2.6176,5.1891,9.0307,15.4907,23.8972,48.8551,5.1891,-2.6176,4.605228,9.414864,1.407546,10,37,14,8,0.11150147,-0.01262521,0.10451521,0E-8,0.000000,0.934874,0.000000,-0.13184087,2026-04-01,2026-07-23,14,33,29,114,0.122807,1.105457,1.093698,0.371672,,,,,,,,GLOBAL_BASELINE_NO_ENTITY_RANKING,,,NOT_APPLICABLE_GLOBAL_BASELINE,HF9g-P5,,,,X 全窗基线 · 不参与实体赏罚,3928543,393,A168_HF9F_20260827_0900,2026-08-27 09:00:00
2026-05-07,149701534,-1,1,61.7508172903,60.8686627575,60.8686627575,1.0000000,4,4,0.49659680000000000,0.496596800000,2.0136594440222715,2.0136594440222715,2.0136594440222715,0E-17,SENTINEL_DEALER,R03b_20260811_FULL_v1,L1_ELIGIBILITY,v2026-08-11,2026-03-21..2026-08-06,baccarat_bet02_101_all_pairs_incl_sentinel,round_win = game_pnl > 0 (decisive only),COMPATIBILITY_ONLY_NOT_PRODUCTION,61.7508,61.7508,-60.8687,4,4,0.98571429,,0.98571429,0.98571429,60.8687,61.7508,THIN_EXPOSURE,0.0000,-1.8261,3.0000,97.0000,AG03-UNRESOLVED,ALL5_LEVELS_bet23_to_bet27,-1.8261,-1.8261,-1.8261,-2.4347,-2.4347,3.000000,3.000000,3.000000,4.000000,4.000000,97.000000,97.000000,97.000000,96.000000,96.000000,5.0,-10.3477,-9.6708,-50.5210,-51.1978,PENDING_AG03,FALSE,NOT_FOR_ENFORCEMENT,-59.0426,59.8983,-60.8687,-59.0426,-1.8261,-0.98571429,-0.95614286,-1.8261,-59.0426,-0.95614286,-1.8261,-1.8261,-1.8261,-2.4347,-2.4347,-59.0426,-0.95614286,-10.3477,-9.6708,-50.5210,-51.1978,-0.81814286,-0.82910344,-0.02957143,15.4377,15.4377,-15.2172,-60.8687,-60.8687,61.7508,4.0000,,15.4377,9.081,15.308,21.7944,25.9457,25.9457,25.9457,15.308,14.8669,1.694915,1.694915,1.008475,1,1,1,2,0E-8,-0.98571429,,0E-8,0.000000,1.000000,0.000000,,2026-05-07,2026-05-07,1,1,1,1,1.000000,,,0.000000,,,,,,,,GLOBAL_BASELINE_NO_ENTITY_RANKING,,,NOT_APPLICABLE_GLOBAL_BASELINE,HF9g-P5,,,,X 全窗基线 · 不参与实体赏罚,3928544,393,A168_HF9F_20260827_0900,2026-08-27 09:00:00
2026-05-07,149674411,1485,0,15.0485184993,14.2960925743,14.2960925743,1.0000000,1,1,0.50665070000000000,0.506650700000,0.9867858985152569,0.9867858985152569,0.9867858985152569,0E-17,ELIGIBLE,R03b_20260811_FULL_v1,L1_ELIGIBILITY,v2026-08-11,2026-03-21..2026-08-06,baccarat_bet02_101_all_pairs_incl_sentinel,round_win = game_pnl > 0 (decisive only),COMPATIBILITY_ONLY_NOT_PRODUCTION,62.5292,62.5292,-60.8687,3,3,0.97344398,,0.97344398,0.97344398,60.8687,62.5292,THIN_EXPOSURE,0.0000,-1.8261,3.0000,97.0000,AG03-UNRESOLVED,ALL5_LEVELS_bet23_to_bet27,-1.8261,-1.8261,-1.8261,-2.4347,-2.4347,3.000000,3.000000,3.000000,4.000000,4.000000,97.000000,97.000000,97.000000,96.000000,96.000000,5.0,-10.3477,-9.6708,-50.5210,-51.1978,PENDING_AG03,FALSE,NOT_FOR_ENFORCEMENT,-59.0426,60.6533,-60.8687,-59.0426,-1.8261,-0.97344398,-0.94424066,-1.8261,-59.0426,-0.94424066,-1.8261,-1.8261,-1.8261,-2.4347,-2.4347,-59.0426,-0.94424066,-10.3477,-9.6708,-50.5210,-51.1978,-0.80795851,-0.81878266,-0.02920332,20.8431,20.8431,-20.2896,-60.8687,-20.2896,62.5292,3.0000,,20.8431,15.8269,18.162,26.5295,29.3187,29.3187,29.3187,18.162,17.2539,1.614286,1.614286,1.147619,3,3,1,2,0E-8,-0.97344398,,0E-8,0.000000,1.000000,0.000000,,2026-05-07,2026-05-07,1,3,3,1,1.000000,,,0.000000,,,,,,,,GLOBAL_BASELINE_NO_ENTITY_RANKING,,,NOT_APPLICABLE_GLOBAL_BASELINE,HF9g-P5,,,,X 全窗基线 · 不参与实体赏罚,3928545,393,A168_HF9F_20260827_0900,2026-08-27 09:00:00
2026-05-07,149674411,1994,0,18.1620050854,17.2539048311,17.2539048311,1.0000000,1,1,0.50665070000000000,0.506650700000,0.9867858985152569,0.9867858985152569,0.9867858985152569,0E-17,ELIGIBLE,R03b_20260811_FULL_v1,L1_ELIGIBILITY,v2026-08-11,2026-03-21..2026-08-06,baccarat_bet02_101_all_pairs_incl_sentinel,round_win = game_pnl > 0 (decisive only),COMPATIBILITY_ONLY_NOT_PRODUCTION,62.5292,62.5292,-60.8687,3,3,0.97344398,,0.97344398,0.97344398,60.8687,62.5292,THIN_EXPOSURE,0.0000,-1.8261,3.0000,97.0000,AG03-UNRESOLVED,ALL5_LEVELS_bet23_to_bet27,-1.8261,-1.8261,-1.8261,-2.4347,-2.4347,3.000000,3.000000,3.000000,4.000000,4.000000,97.000000,97.000000,97.000000,96.000000,96.000000,5.0,-10.3477,-9.6708,-50.5210,-51.1978,PENDING_AG03,FALSE,NOT_FOR_ENFORCEMENT,-59.0426,60.6533,-60.8687,-59.0426,-1.8261,-0.97344398,-0.94424066,-1.8261,-59.0426,-0.94424066,-1.8261,-1.8261,-1.8261,-2.4347,-2.4347,-59.0426,-0.94424066,-10.3477,-9.6708,-50.5210,-51.1978,-0.80795851,-0.81878266,-0.02920332,20.8431,20.8431,-20.2896,-60.8687,-20.2896,62.5292,3.0000,,20.8431,15.8269,18.162,26.5295,29.3187,29.3187,29.3187,18.162,17.2539,1.614286,1.614286,1.147619,3,3,1,2,0E-8,-0.97344398,,0E-8,0.000000,1.000000,0.000000,,2026-05-07,2026-05-07,1,3,3,1,1.000000,,,0.000000,,,,,,,,GLOBAL_BASELINE_NO_ENTITY_RANKING,,,NOT_APPLICABLE_GLOBAL_BASELINE,HF9g-P5,,,,X 全窗基线 · 不参与实体赏罚,3928546,393,A168_HF9F_20260827_0900,2026-08-27 09:00:00
2026-05-07,149674411,2229,0,29.3186653521,29.3186653521,29.3186653521,1.0000000,1,1,0.49324550000000000,0.493245500000,1.01360149184955,1.01360149184955,1.01360149184955,0E-17,ELIGIBLE,R03b_20260811_FULL_v1,L1_ELIGIBILITY,v2026-08-11,2026-03-21..2026-08-06,baccarat_bet02_101_all_pairs_incl_sentinel,round_win = game_pnl > 0 (decisive only),COMPATIBILITY_ONLY_NOT_PRODUCTION,62.5292,62.5292,-60.8687,3,3,0.97344398,,0.97344398,0.97344398,60.8687,62.5292,THIN_EXPOSURE,0.0000,-1.8261,3.0000,97.0000,AG03-UNRESOLVED,ALL5_LEVELS_bet23_to_bet27,-1.8261,-1.8261,-1.8261,-2.4347,-2.4347,3.000000,3.000000,3.000000,4.000000,4.000000,97.000000,97.000000,97.000000,96.000000,96.000000,5.0,-10.3477,-9.6708,-50.5210,-51.1978,PENDING_AG03,FALSE,NOT_FOR_ENFORCEMENT,-59.0426,60.6533,-60.8687,-59.0426,-1.8261,-0.97344398,-0.94424066,-1.8261,-59.0426,-0.94424066,-1.8261,-1.8261,-1.8261,-2.4347,-2.4347,-59.0426,-0.94424066,-10.3477,-9.6708,-50.5210,-51.1978,-0.80795851,-0.81878266,-0.02920332,20.8431,20.8431,-20.2896,-60.8687,-20.2896,62.5292,3.0000,,20.8431,15.8269,18.162,26.5295,29.3187,29.3187,29.3187,18.162,17.2539,1.614286,1.614286,1.147619,3,3,1,2,0E-8,-0.97344398,,0E-8,0.000000,1.000000,0.000000,,2026-05-07,2026-05-07,1,3,3,1,1.000000,,,0.000000,,,,,,,,GLOBAL_BASELINE_NO_ENTITY_RANKING,,,NOT_APPLICABLE_GLOBAL_BASELINE,HF9g-P5,,,,X 全窗基线 · 不参与实体赏罚,3928547,393,A168_HF9F_20260827_0900,2026-08-27 09:00:00
2026-03-25,144762691,1383,0,36.8644179372,0E-10,0E-10,0.2500000,6,4,0.21948920928571429,0.143454012500,0.1474305262630128,0.6079045612011433,0.1474305262630128,0.07603519678571429,ELIGIBLE,R03b_20260811_FULL_v1,L1_ELIGIBILITY,v2026-08-11,2026-03-21..2026-08-06,baccarat_bet02_101_all_pairs_incl_sentinel,round_win = game_pnl > 0 (decisive only),COMPATIBILITY_ONLY_NOT_PRODUCTION,340.8578,264.8301,-60.8678,51,35,0.17857244,-0.19202866,0.25126052,0.17857244,60.8678,340.8578,OK,0.0000,-1.8260,3.0000,97.0000,AG03-UNRESOLVED,ALL5_LEVELS_bet23_to_bet27,-1.8260,-1.8260,-1.8260,-2.4347,-2.4347,3.000000,3.000000,3.000000,4.000000,4.000000,97.000000,97.000000,97.000000,96.000000,96.000000,5.0,-10.3475,-9.6707,-50.5203,-51.1971,PENDING_AG03,FALSE,NOT_FOR_ENFORCEMENT,-59.0418,256.8852,-60.8678,-59.0418,-1.8260,-0.17857244,-0.17321527,-1.8260,-59.0418,-0.17321527,-1.8260,-1.8260,-1.8260,-2.4347,-2.4347,-59.0418,-0.17321527,-10.3475,-9.6707,-50.5203,-51.1971,-0.14821513,-0.15020075,-0.00535717,6.6835,7.5666,-1.7391,-10.1446,-4.0579,56.8096,5.8333,6.2102,6.7849,2.6332,4.389,9.9001,13.1191,15.6674,33.9502,2.6332,-2.6176,3.569674,7.735259,1.522773,9,15,6,8,0.16397441,-0.17857244,0.19202866,0E-8,0.000000,0.776952,0.000000,-0.44328919,2026-03-25,2026-08-04,6,15,15,133,0.045113,0.915300,0.929188,0.546581,,,,,,,,GLOBAL_BASELINE_NO_ENTITY_RANKING,,,NOT_APPLICABLE_GLOBAL_BASELINE,HF9g-P5,,,,X 全窗基线 · 不参与实体赏罚,3928548,393,A168_HF9F_20260827_0900,2026-08-27 09:00:00
2026-03-25,144762691,1750,0,36.8644179372,-10.5326908392,-10.5326908392,0.4000000,8,5,0.22915693266666667,0.161158080000,0.9089351041004907,1.452544515004241,0.9089351041004907,0.06799885266666667,ELIGIBLE,R03b_20260811_FULL_v1,L1_ELIGIBILITY,v2026-08-11,2026-03-21..2026-08-06,baccarat_bet02_101_all_pairs_incl_sentinel,round_win = game_pnl > 0 (decisive only),COMPATIBILITY_ONLY_NOT_PRODUCTION,340.8578,264.8301,-60.8678,51,35,0.17857244,-0.19202866,0.25126052,0.17857244,60.8678,340.8578,OK,0.0000,-1.8260,3.0000,97.0000,AG03-UNRESOLVED,ALL5_LEVELS_bet23_to_bet27,-1.8260,-1.8260,-1.8260,-2.4347,-2.4347,3.000000,3.000000,3.000000,4.000000,4.000000,97.000000,97.000000,97.000000,96.000000,96.000000,5.0,-10.3475,-9.6707,-50.5203,-51.1971,PENDING_AG03,FALSE,NOT_FOR_ENFORCEMENT,-59.0418,256.8852,-60.8678,-59.0418,-1.8260,-0.17857244,-0.17321527,-1.8260,-59.0418,-0.17321527,-1.8260,-1.8260,-1.8260,-2.4347,-2.4347,-59.0418,-0.17321527,-10.3475,-9.6707,-50.5203,-51.1971,-0.14821513,-0.15020075,-0.00535717,6.6835,7.5666,-1.7391,-10.1446,-4.0579,56.8096,5.8333,6.2102,6.7849,2.6332,4.389,9.9001,13.1191,15.6674,33.9502,2.6332,-2.6176,3.569674,7.735259,1.522773,9,15,6,8,0.16397441,-0.17857244,0.19202866,0E-8,0.000000,0.776952,0.000000,-0.44328919,2026-03-25,2026-08-04,6,15,15,133,0.045113,0.915300,0.929188,0.546581,,,,,,,,GLOBAL_BASELINE_NO_ENTITY_RANKING,,,NOT_APPLICABLE_GLOBAL_BASELINE,HF9g-P5,,,,X 全窗基线 · 不参与实体赏罚,3928549,393,A168_HF9F_20260827_0900,2026-08-27 09:00:00
2026-03-25,144762691,2212,0,44.7639360666,115.8595992311,115.8595992311,0.6000000,9,5,0.17541786333333333,0.110531316667,2.4962774346890697,3.49061467306878,2.4962774346890697,0.06488654666633333,ELIGIBLE,R03b_20260811_FULL_v1,L1_ELIGIBILITY,v2026-08-11,2026-03-21..2026-08-06,baccarat_bet02_101_all_pairs_incl_sentinel,round_win = game_pnl > 0 (decisive only),COMPATIBILITY_ONLY_NOT_PRODUCTION,340.8578,264.8301,-60.8678,51,35,0.17857244,-0.19202866,0.25126052,0.17857244,60.8678,340.8578,OK,0.0000,-1.8260,3.0000,97.0000,AG03-UNRESOLVED,ALL5_LEVELS_bet23_to_bet27,-1.8260,-1.8260,-1.8260,-2.4347,-2.4347,3.000000,3.000000,3.000000,4.000000,4.000000,97.000000,97.000000,97.000000,96.000000,96.000000,5.0,-10.3475,-9.6707,-50.5203,-51.1971,PENDING_AG03,FALSE,NOT_FOR_ENFORCEMENT,-59.0418,256.8852,-60.8678,-59.0418,-1.8260,-0.17857244,-0.17321527,-1.8260,-59.0418,-0.17321527,-1.8260,-1.8260,-1.8260,-2.4347,-2.4347,-59.0418,-0.17321527,-10.3475,-9.6707,-50.5203,-51.1971,-0.14821513,-0.15020075,-0.00535717,6.6835,7.5666,-1.7391,-10.1446,-4.0579,56.8096,5.8333,6.2102,6.7849,2.6332,4.389,9.9001,13.1191,15.6674,33.9502,2.6332,-2.6176,3.569674,7.735259,1.522773,9,15,6,8,0.16397441,-0.17857244,0.19202866,0E-8,0.000000,0.776952,0.000000,-0.44328919,2026-03-25,2026-08-04,6,15,15,133,0.045113,0.915300,0.929188,0.546581,,,,,,,,GLOBAL_BASELINE_NO_ENTITY_RANKING,,,NOT_APPLICABLE_GLOBAL_BASELINE,HF9g-P5,,,,X 全窗基线 · 不参与实体赏罚,3928550,393,A168_HF9F_20260827_0900,2026-08-27 09:00:00
2026-04-02,144762691,1383,0,7.3292673350,0E-10,0E-10,,1,1,0.49324550000000000,0.493245500000,,,,0E-17,NO_DECISIVE_ROUND,R03b_20260811_FULL_v1,L1_ELIGIBILITY,v2026-08-11,2026-03-21..2026-08-06,baccarat_bet02_101_all_pairs_incl_sentinel,round_win = game_pnl > 0 (decisive only),COMPATIBILITY_ONLY_NOT_PRODUCTION,340.8578,264.8301,-60.8678,51,35,0.17857244,-0.19202866,0.25126052,0.17857244,60.8678,340.8578,OK,0.0000,-1.8260,3.0000,97.0000,AG03-UNRESOLVED,ALL5_LEVELS_bet23_to_bet27,-1.8260,-1.8260,-1.8260,-2.4347,-2.4347,3.000000,3.000000,3.000000,4.000000,4.000000,97.000000,97.000000,97.000000,96.000000,96.000000,5.0,-10.3475,-9.6707,-50.5203,-51.1971,PENDING_AG03,FALSE,NOT_FOR_ENFORCEMENT,-59.0418,256.8852,-60.8678,-59.0418,-1.8260,-0.17857244,-0.17321527,-1.8260,-59.0418,-0.17321527,-1.8260,-1.8260,-1.8260,-2.4347,-2.4347,-59.0418,-0.17321527,-10.3475,-9.6707,-50.5203,-51.1971,-0.14821513,-0.15020075,-0.00535717,6.6835,7.5666,-1.7391,-10.1446,-4.0579,56.8096,5.8333,6.2102,6.7849,2.6332,4.389,9.9001,13.1191,15.6674,33.9502,2.6332,-2.6176,3.569674,7.735259,1.522773,9,15,6,8,0.16397441,-0.17857244,0.19202866,0E-8,0.000000,0.776952,0.000000,-0.44328919,2026-03-25,2026-08-04,6,15,15,133,0.045113,0.915300,0.929188,0.546581,,,,,,,,GLOBAL_BASELINE_NO_ENTITY_RANKING,,,NOT_APPLICABLE_GLOBAL_BASELINE,HF9g-P5,,,,X 全窗基线 · 不参与实体赏罚,3928551,393,A168_HF9F_20260827_0900,2026-08-27 09:00:00
2026-04-02,144762691,1400,0,7.3292673350,-7.3292673350,-7.3292673350,0E-7,1,1,0.50665070000000000,0.506650700000,-1.013391052207602,-1.013391052207602,-1.013391052207602,0E-17,ELIGIBLE,R03b_20260811_FULL_v1,L1_ELIGIBILITY,v2026-08-11,2026-03-21..2026-08-06,baccarat_bet02_101_all_pairs_incl_sentinel,round_win = game_pnl > 0 (decisive only),COMPATIBILITY_ONLY_NOT_PRODUCTION,340.8578,264.8301,-60.8678,51,35,0.17857244,-0.19202866,0.25126052,0.17857244,60.8678,340.8578,OK,0.0000,-1.8260,3.0000,97.0000,AG03-UNRESOLVED,ALL5_LEVELS_bet23_to_bet27,-1.8260,-1.8260,-1.8260,-2.4347,-2.4347,3.000000,3.000000,3.000000,4.000000,4.000000,97.000000,97.000000,97.000000,96.000000,96.000000,5.0,-10.3475,-9.6707,-50.5203,-51.1971,PENDING_AG03,FALSE,NOT_FOR_ENFORCEMENT,-59.0418,256.8852,-60.8678,-59.0418,-1.8260,-0.17857244,-0.17321527,-1.8260,-59.0418,-0.17321527,-1.8260,-1.8260,-1.8260,-2.4347,-2.4347,-59.0418,-0.17321527,-10.3475,-9.6707,-50.5203,-51.1971,-0.14821513,-0.15020075,-0.00535717,6.6835,7.5666,-1.7391,-10.1446,-4.0579,56.8096,5.8333,6.2102,6.7849,2.6332,4.389,9.9001,13.1191,15.6674,33.9502,2.6332,-2.6176,3.569674,7.735259,1.522773,9,15,6,8,0.16397441,-0.17857244,0.19202866,0E-8,0.000000,0.776952,0.000000,-0.44328919,2026-03-25,2026-08-04,6,15,15,133,0.045113,0.915300,0.929188,0.546581,,,,,,,,GLOBAL_BASELINE_NO_ENTITY_RANKING,,,NOT_APPLICABLE_GLOBAL_BASELINE,HF9g-P5,,,,X 全窗基线 · 不参与实体赏罚,3928552,393,A168_HF9F_20260827_0900,2026-08-27 09:00:00
2026-04-02,144762691,994,0,10.9939010025,3.6646336675,3.6646336675,1.0000000,2,2,0.49324550000000000,0.493245500000,1.01360149184955,1.01360149184955,1.01360149184955,0E-17,ELIGIBLE,R03b_20260811_FULL_v1,L1_ELIGIBILITY,v2026-08-11,2026-03-21..2026-08-06,baccarat_bet02_101_all_pairs_incl_sentinel,round_win = game_pnl > 0 (decisive only),COMPATIBILITY_ONLY_NOT_PRODUCTION,340.8578,264.8301,-60.8678,51,35,0.17857244,-0.19202866,0.25126052,0.17857244,60.8678,340.8578,OK,0.0000,-1.8260,3.0000,97.0000,AG03-UNRESOLVED,ALL5_LEVELS_bet23_to_bet27,-1.8260,-1.8260,-1.8260,-2.4347,-2.4347,3.000000,3.000000,3.000000,4.000000,4.000000,97.000000,97.000000,97.000000,96.000000,96.000000,5.0,-10.3475,-9.6707,-50.5203,-51.1971,PENDING_AG03,FALSE,NOT_FOR_ENFORCEMENT,-59.0418,256.8852,-60.8678,-59.0418,-1.8260,-0.17857244,-0.17321527,-1.8260,-59.0418,-0.17321527,-1.8260,-1.8260,-1.8260,-2.4347,-2.4347,-59.0418,-0.17321527,-10.3475,-9.6707,-50.5203,-51.1971,-0.14821513,-0.15020075,-0.00535717,6.6835,7.5666,-1.7391,-10.1446,-4.0579,56.8096,5.8333,6.2102,6.7849,2.6332,4.389,9.9001,13.1191,15.6674,33.9502,2.6332,-2.6176,3.569674,7.735259,1.522773,9,15,6,8,0.16397441,-0.17857244,0.19202866,0E-8,0.000000,0.776952,0.000000,-0.44328919,2026-03-25,2026-08-04,6,15,15,133,0.045113,0.915300,0.929188,0.546581,,,,,,,,GLOBAL_BASELINE_NO_ENTITY_RANKING,,,NOT_APPLICABLE_GLOBAL_BASELINE,HF9g-P5,,,,X 全窗基线 · 不参与实体赏罚,3928553,393,A168_HF9F_20260827_0900,2026-08-27 09:00:00
2026-04-11,144762691,1151,0,28.7935502448,-2.6175954768,-2.6175954768,0E-7,2,2,0.26274280000000000,0.262742800000,-0.5969746651759844,-0.5969746651759844,-0.5969746651759844,0E-17,ELIGIBLE,R03b_20260811_FULL_v1,L1_ELIGIBILITY,v2026-08-11,2026-03-21..2026-08-06,baccarat_bet02_101_all_pairs_incl_sentinel,round_win = game_pnl > 0 (decisive only),COMPATIBILITY_ONLY_NOT_PRODUCTION,340.8578,264.8301,-60.8678,51,35,0.17857244,-0.19202866,0.25126052,0.17857244,60.8678,340.8578,OK,0.0000,-1.8260,3.0000,97.0000,AG03-UNRESOLVED,ALL5_LEVELS_bet23_to_bet27,-1.8260,-1.8260,-1.8260,-2.4347,-2.4347,3.000000,3.000000,3.000000,4.000000,4.000000,97.000000,97.000000,97.000000,96.000000,96.000000,5.0,-10.3475,-9.6707,-50.5203,-51.1971,PENDING_AG03,FALSE,NOT_FOR_ENFORCEMENT,-59.0418,256.8852,-60.8678,-59.0418,-1.8260,-0.17857244,-0.17321527,-1.8260,-59.0418,-0.17321527,-1.8260,-1.8260,-1.8260,-2.4347,-2.4347,-59.0418,-0.17321527,-10.3475,-9.6707,-50.5203,-51.1971,-0.14821513,-0.15020075,-0.00535717,6.6835,7.5666,-1.7391,-10.1446,-4.0579,56.8096,5.8333,6.2102,6.7849,2.6332,4.389,9.9001,13.1191,15.6674,33.9502,2.6332,-2.6176,3.569674,7.735259,1.522773,9,15,6,8,0.16397441,-0.17857244,0.19202866,0E-8,0.000000,0.776952,0.000000,-0.44328919,2026-03-25,2026-08-04,6,15,15,133,0.045113,0.915300,0.929188,0.546581,,,,,,,,GLOBAL_BASELINE_NO_ENTITY_RANKING,,,NOT_APPLICABLE_GLOBAL_BASELINE,HF9g-P5,,,,X 全窗基线 · 不参与实体赏罚,3928554,393,A168_HF9F_20260827_0900,2026-08-27 09:00:00
2026-04-11,144762691,1382,0,13.0879773840,-13.0879773840,-13.0879773840,0E-7,1,1,0.50665070000000000,0.506650700000,-1.013391052207602,-1.013391052207602,-1.013391052207602,0E-17,ELIGIBLE,R03b_20260811_FULL_v1,L1_ELIGIBILITY,v2026-08-11,2026-03-21..2026-08-06,baccarat_bet02_101_all_pairs_incl_sentinel,round_win = game_pnl > 0 (decisive only),COMPATIBILITY_ONLY_NOT_PRODUCTION,340.8578,264.8301,-60.8678,51,35,0.17857244,-0.19202866,0.25126052,0.17857244,60.8678,340.8578,OK,0.0000,-1.8260,3.0000,97.0000,AG03-UNRESOLVED,ALL5_LEVELS_bet23_to_bet27,-1.8260,-1.8260,-1.8260,-2.4347,-2.4347,3.000000,3.000000,3.000000,4.000000,4.000000,97.000000,97.000000,97.000000,96.000000,96.000000,5.0,-10.3475,-9.6707,-50.5203,-51.1971,PENDING_AG03,FALSE,NOT_FOR_ENFORCEMENT,-59.0418,256.8852,-60.8678,-59.0418,-1.8260,-0.17857244,-0.17321527,-1.8260,-59.0418,-0.17321527,-1.8260,-1.8260,-1.8260,-2.4347,-2.4347,-59.0418,-0.17321527,-10.3475,-9.6707,-50.5203,-51.1971,-0.14821513,-0.15020075,-0.00535717,6.6835,7.5666,-1.7391,-10.1446,-4.0579,56.8096,5.8333,6.2102,6.7849,2.6332,4.389,9.9001,13.1191,15.6674,33.9502,2.6332,-2.6176,3.569674,7.735259,1.522773,9,15,6,8,0.16397441,-0.17857244,0.19202866,0E-8,0.000000,0.776952,0.000000,-0.44328919,2026-03-25,2026-08-04,6,15,15,133,0.045113,0.915300,0.929188,0.546581,,,,,,,,GLOBAL_BASELINE_NO_ENTITY_RANKING,,,NOT_APPLICABLE_GLOBAL_BASELINE,HF9g-P5,,,,X 全窗基线 · 不参与实体赏罚,3928555,393,A168_HF9F_20260827_0900,2026-08-27 09:00:00
2026-04-11,144762691,2156,0,39.2639321519,-39.2639321519,-39.2639321519,0E-7,2,1,0.44009313999986463,0.293924150000,-0.8865728044954797,-0.6451964315166089,-0.8865728044954797,0.14616898999986463,ELIGIBLE,R03b_20260811_FULL_v1,L1_ELIGIBILITY,v2026-08-11,2026-03-21..2026-08-06,baccarat_bet02_101_all_pairs_incl_sentinel,round_win = game_pnl > 0 (decisive only),COMPATIBILITY_ONLY_NOT_PRODUCTION,340.8578,264.8301,-60.8678,51,35,0.17857244,-0.19202866,0.25126052,0.17857244,60.8678,340.8578,OK,0.0000,-1.8260,3.0000,97.0000,AG03-UNRESOLVED,ALL5_LEVELS_bet23_to_bet27,-1.8260,-1.8260,-1.8260,-2.4347,-2.4347,3.000000,3.000000,3.000000,4.000000,4.000000,97.000000,97.000000,97.000000,96.000000,96.000000,5.0,-10.3475,-9.6707,-50.5203,-51.1971,PENDING_AG03,FALSE,NOT_FOR_ENFORCEMENT,-59.0418,256.8852,-60.8678,-59.0418,-1.8260,-0.17857244,-0.17321527,-1.8260,-59.0418,-0.17321527,-1.8260,-1.8260,-1.8260,-2.4347,-2.4347,-59.0418,-0.17321527,-10.3475,-9.6707,-50.5203,-51.1971,-0.14821513,-0.15020075,-0.00535717,6.6835,7.5666,-1.7391,-10.1446,-4.0579,56.8096,5.8333,6.2102,6.7849,2.6332,4.389,9.9001,13.1191,15.6674,33.9502,2.6332,-2.6176,3.569674,7.735259,1.522773,9,15,6,8,0.16397441,-0.17857244,0.19202866,0E-8,0.000000,0.776952,0.000000,-0.44328919,2026-03-25,2026-08-04,6,15,15,133,0.045113,0.915300,0.929188,0.546581,,,,,,,,GLOBAL_BASELINE_NO_ENTITY_RANKING,,,NOT_APPLICABLE_GLOBAL_BASELINE,HF9g-P5,,,,X 全窗基线 · 不参与实体赏罚,3928556,393,A168_HF9F_20260827_0900,2026-08-27 09:00:00
2026-05-05,144762691,1291,0,5.1891443101,-5.1891443101,-5.1891443101,0E-7,1,1,0.49324550000000000,0.493245500000,-0.9865810262130424,-0.9865810262130424,-0.9865810262130424,0E-17,ELIGIBLE,R03b_20260811_FULL_v1,L1_ELIGIBILITY,v2026-08-11,2026-03-21..2026-08-06,baccarat_bet02_101_all_pairs_incl_sentinel,round_win = game_pnl > 0 (decisive only),COMPATIBILITY_ONLY_NOT_PRODUCTION,340.8578,264.8301,-60.8678,51,35,0.17857244,-0.19202866,0.25126052,0.17857244,60.8678,340.8578,OK,0.0000,-1.8260,3.0000,97.0000,AG03-UNRESOLVED,ALL5_LEVELS_bet23_to_bet27,-1.8260,-1.8260,-1.8260,-2.4347,-2.4347,3.000000,3.000000,3.000000,4.000000,4.000000,97.000000,97.000000,97.000000,96.000000,96.000000,5.0,-10.3475,-9.6707,-50.5203,-51.1971,PENDING_AG03,FALSE,NOT_FOR_ENFORCEMENT,-59.0418,256.8852,-60.8678,-59.0418,-1.8260,-0.17857244,-0.17321527,-1.8260,-59.0418,-0.17321527,-1.8260,-1.8260,-1.8260,-2.4347,-2.4347,-59.0418,-0.17321527,-10.3475,-9.6707,-50.5203,-51.1971,-0.14821513,-0.15020075,-0.00535717,6.6835,7.5666,-1.7391,-10.1446,-4.0579,56.8096,5.8333,6.2102,6.7849,2.6332,4.389,9.9001,13.1191,15.6674,33.9502,2.6332,-2.6176,3.569674,7.735259,1.522773,9,15,6,8,0.16397441,-0.17857244,0.19202866,0E-8,0.000000,0.776952,0.000000,-0.44328919,2026-03-25,2026-08-04,6,15,15,133,0.045113,0.915300,0.929188,0.546581,,,,,,,,GLOBAL_BASELINE_NO_ENTITY_RANKING,,,NOT_APPLICABLE_GLOBAL_BASELINE,HF9g-P5,,,,X 全窗基线 · 不参与实体赏罚,3928557,393,A168_HF9F_20260827_0900,2026-08-27 09:00:00
2026-05-05,144762691,2123,0,23.3511493957,20.7565772403,20.7565772403,0.5000000,5,2,0.17826026874918597,0.093777737500,1.1888450975827787,1.9706589937164798,1.1888450975827787,0.08448253124918597,ELIGIBLE,R03b_20260811_FULL_v1,L1_ELIGIBILITY,v2026-08-11,2026-03-21..2026-08-06,baccarat_bet02_101_all_pairs_incl_sentinel,round_win = game_pnl > 0 (decisive only),COMPATIBILITY_ONLY_NOT_PRODUCTION,340.8578,264.8301,-60.8678,51,35,0.17857244,-0.19202866,0.25126052,0.17857244,60.8678,340.8578,OK,0.0000,-1.8260,3.0000,97.0000,AG03-UNRESOLVED,ALL5_LEVELS_bet23_to_bet27,-1.8260,-1.8260,-1.8260,-2.4347,-2.4347,3.000000,3.000000,3.000000,4.000000,4.000000,97.000000,97.000000,97.000000,96.000000,96.000000,5.0,-10.3475,-9.6707,-50.5203,-51.1971,PENDING_AG03,FALSE,NOT_FOR_ENFORCEMENT,-59.0418,256.8852,-60.8678,-59.0418,-1.8260,-0.17857244,-0.17321527,-1.8260,-59.0418,-0.17321527,-1.8260,-1.8260,-1.8260,-2.4347,-2.4347,-59.0418,-0.17321527,-10.3475,-9.6707,-50.5203,-51.1971,-0.14821513,-0.15020075,-0.00535717,6.6835,7.5666,-1.7391,-10.1446,-4.0579,56.8096,5.8333,6.2102,6.7849,2.6332,4.389,9.9001,13.1191,15.6674,33.9502,2.6332,-2.6176,3.569674,7.735259,1.522773,9,15,6,8,0.16397441,-0.17857244,0.19202866,0E-8,0.000000,0.776952,0.000000,-0.44328919,2026-03-25,2026-08-04,6,15,15,133,0.045113,0.915300,0.929188,0.546581,,,,,,,,GLOBAL_BASELINE_NO_ENTITY_RANKING,,,NOT_APPLICABLE_GLOBAL_BASELINE,HF9g-P5,,,,X 全窗基线 · 不参与实体赏罚,3928558,393,A168_HF9F_20260827_0900,2026-08-27 09:00:00
2026-05-05,144762691,970,0,31.1348658606,9.3404597582,9.3404597582,0.5000000,4,2,0.39688163750000000,0.360291950000,0.2980706586088903,0.4115458640332922,0.2980706586088903,0.03658968750000000,ELIGIBLE,R03b_20260811_FULL_v1,L1_ELIGIBILITY,v2026-08-11,2026-03-21..2026-08-06,baccarat_bet02_101_all_pairs_incl_sentinel,round_win = game_pnl > 0 (decisive only),COMPATIBILITY_ONLY_NOT_PRODUCTION,340.8578,264.8301,-60.8678,51,35,0.17857244,-0.19202866,0.25126052,0.17857244,60.8678,340.8578,OK,0.0000,-1.8260,3.0000,97.0000,AG03-UNRESOLVED,ALL5_LEVELS_bet23_to_bet27,-1.8260,-1.8260,-1.8260,-2.4347,-2.4347,3.000000,3.000000,3.000000,4.000000,4.000000,97.000000,97.000000,97.000000,96.000000,96.000000,5.0,-10.3475,-9.6707,-50.5203,-51.1971,PENDING_AG03,FALSE,NOT_FOR_ENFORCEMENT,-59.0418,256.8852,-60.8678,-59.0418,-1.8260,-0.17857244,-0.17321527,-1.8260,-59.0418,-0.17321527,-1.8260,-1.8260,-1.8260,-2.4347,-2.4347,-59.0418,-0.17321527,-10.3475,-9.6707,-50.5203,-51.1971,-0.14821513,-0.15020075,-0.00535717,6.6835,7.5666,-1.7391,-10.1446,-4.0579,56.8096,5.8333,6.2102,6.7849,2.6332,4.389,9.9001,13.1191,15.6674,33.9502,2.6332,-2.6176,3.569674,7.735259,1.522773,9,15,6,8,0.16397441,-0.17857244,0.19202866,0E-8,0.000000,0.776952,0.000000,-0.44328919,2026-03-25,2026-08-04,6,15,15,133,0.045113,0.915300,0.929188,0.546581,,,,,,,,GLOBAL_BASELINE_NO_ENTITY_RANKING,,,NOT_APPLICABLE_GLOBAL_BASELINE,HF9g-P5,,,,X 全窗基线 · 不参与实体赏罚,3928559,393,A168_HF9F_20260827_0900,2026-08-27 09:00:00
2026-07-21,144762691,1940,0,11.8761779361,-11.8761779361,-11.8761779361,0E-7,1,1,0.50665070000000000,0.506650700000,-1.013391052207602,-1.013391052207602,-1.013391052207602,0E-17,ELIGIBLE,R03b_20260811_FULL_v1,L1_ELIGIBILITY,v2026-08-11,2026-03-21..2026-08-06,baccarat_bet02_101_all_pairs_incl_sentinel,round_win = game_pnl > 0 (decisive only),COMPATIBILITY_ONLY_NOT_PRODUCTION,340.8578,264.8301,-60.8678,51,35,0.17857244,-0.19202866,0.25126052,0.17857244,60.8678,340.8578,OK,0.0000,-1.8260,3.0000,97.0000,AG03-UNRESOLVED,ALL5_LEVELS_bet23_to_bet27,-1.8260,-1.8260,-1.8260,-2.4347,-2.4347,3.000000,3.000000,3.000000,4.000000,4.000000,97.000000,97.000000,97.000000,96.000000,96.000000,5.0,-10.3475,-9.6707,-50.5203,-51.1971,PENDING_AG03,FALSE,NOT_FOR_ENFORCEMENT,-59.0418,256.8852,-60.8678,-59.0418,-1.8260,-0.17857244,-0.17321527,-1.8260,-59.0418,-0.17321527,-1.8260,-1.8260,-1.8260,-2.4347,-2.4347,-59.0418,-0.17321527,-10.3475,-9.6707,-50.5203,-51.1971,-0.14821513,-0.15020075,-0.00535717,6.6835,7.5666,-1.7391,-10.1446,-4.0579,56.8096,5.8333,6.2102,6.7849,2.6332,4.389,9.9001,13.1191,15.6674,33.9502,2.6332,-2.6176,3.569674,7.735259,1.522773,9,15,6,8,0.16397441,-0.17857244,0.19202866,0E-8,0.000000,0.776952,0.000000,-0.44328919,2026-03-25,2026-08-04,6,15,15,133,0.045113,0.915300,0.929188,0.546581,,,,,,,,GLOBAL_BASELINE_NO_ENTITY_RANKING,,,NOT_APPLICABLE_GLOBAL_BASELINE,HF9g-P5,,,,X 全窗基线 · 不参与实体赏罚,3928560,393,A168_HF9F_20260827_0900,2026-08-27 09:00:00
2026-07-21,144762691,2103,0,18.3306224666,7.5646089897,7.5646089897,0.5000000,4,4,0.49994810000000000,0.499948100000,0.00020760000111838688,0.00020760000111838688,0.00020760000111838688,0E-17,ELIGIBLE,R03b_20260811_FULL_v1,L1_ELIGIBILITY,v2026-08-11,2026-03-21..2026-08-06,baccarat_bet02_101_all_pairs_incl_sentinel,round_win = game_pnl > 0 (decisive only),COMPATIBILITY_ONLY_NOT_PRODUCTION,340.8578,264.8301,-60.8678,51,35,0.17857244,-0.19202866,0.25126052,0.17857244,60.8678,340.8578,OK,0.0000,-1.8260,3.0000,97.0000,AG03-UNRESOLVED,ALL5_LEVELS_bet23_to_bet27,-1.8260,-1.8260,-1.8260,-2.4347,-2.4347,3.000000,3.000000,3.000000,4.000000,4.000000,97.000000,97.000000,97.000000,96.000000,96.000000,5.0,-10.3475,-9.6707,-50.5203,-51.1971,PENDING_AG03,FALSE,NOT_FOR_ENFORCEMENT,-59.0418,256.8852,-60.8678,-59.0418,-1.8260,-0.17857244,-0.17321527,-1.8260,-59.0418,-0.17321527,-1.8260,-1.8260,-1.8260,-2.4347,-2.4347,-59.0418,-0.17321527,-10.3475,-9.6707,-50.5203,-51.1971,-0.14821513,-0.15020075,-0.00535717,6.6835,7.5666,-1.7391,-10.1446,-4.0579,56.8096,5.8333,6.2102,6.7849,2.6332,4.389,9.9001,13.1191,15.6674,33.9502,2.6332,-2.6176,3.569674,7.735259,1.522773,9,15,6,8,0.16397441,-0.17857244,0.19202866,0E-8,0.000000,0.776952,0.000000,-0.44328919,2026-03-25,2026-08-04,6,15,15,133,0.045113,0.915300,0.929188,0.546581,,,,,,,,GLOBAL_BASELINE_NO_ENTITY_RANKING,,,NOT_APPLICABLE_GLOBAL_BASELINE,HF9g-P5,,,,X 全窗基线 · 不参与实体赏罚,3928561,393,A168_HF9F_20260827_0900,2026-08-27 09:00:00
2026-08-04,144762691,2117,0,6.4212878535,0E-10,0E-10,,1,1,0.49324550000000000,0.493245500000,,,,0E-17,NO_DECISIVE_ROUND,R03b_20260811_FULL_v1,L1_ELIGIBILITY,v2026-08-11,2026-03-21..2026-08-06,baccarat_bet02_101_all_pairs_incl_sentinel,round_win = game_pnl > 0 (decisive only),COMPATIBILITY_ONLY_NOT_PRODUCTION,340.8578,264.8301,-60.8678,51,35,0.17857244,-0.19202866,0.25126052,0.17857244,60.8678,340.8578,OK,0.0000,-1.8260,3.0000,97.0000,AG03-UNRESOLVED,ALL5_LEVELS_bet23_to_bet27,-1.8260,-1.8260,-1.8260,-2.4347,-2.4347,3.000000,3.000000,3.000000,4.000000,4.000000,97.000000,97.000000,97.000000,96.000000,96.000000,5.0,-10.3475,-9.6707,-50.5203,-51.1971,PENDING_AG03,FALSE,NOT_FOR_ENFORCEMENT,-59.0418,256.8852,-60.8678,-59.0418,-1.8260,-0.17857244,-0.17321527,-1.8260,-59.0418,-0.17321527,-1.8260,-1.8260,-1.8260,-2.4347,-2.4347,-59.0418,-0.17321527,-10.3475,-9.6707,-50.5203,-51.1971,-0.14821513,-0.15020075,-0.00535717,6.6835,7.5666,-1.7391,-10.1446,-4.0579,56.8096,5.8333,6.2102,6.7849,2.6332,4.389,9.9001,13.1191,15.6674,33.9502,2.6332,-2.6176,3.569674,7.735259,1.522773,9,15,6,8,0.16397441,-0.17857244,0.19202866,0E-8,0.000000,0.776952,0.000000,-0.44328919,2026-03-25,2026-08-04,6,15,15,133,0.045113,0.915300,0.929188,0.546581,,,,,,,,GLOBAL_BASELINE_NO_ENTITY_RANKING,,,NOT_APPLICABLE_GLOBAL_BASELINE,HF9g-P5,,,,X 全窗基线 · 不参与实体赏罚,3928562,393,A168_HF9F_20260827_0900,2026-08-27 09:00:00
2026-08-04,144762691,2241,0,19.2638635605,-6.4212878535,-6.4212878535,0.5000000,3,2,0.45675407000000000,0.391963025000,0.12277806519703306,0.3129679521789244,0.12277806519703306,0.06479104500000000,ELIGIBLE,R03b_20260811_FULL_v1,L1_ELIGIBILITY,v2026-08-11,2026-03-21..2026-08-06,baccarat_bet02_101_all_pairs_incl_sentinel,round_win = game_pnl > 0 (decisive only),COMPATIBILITY_ONLY_NOT_PRODUCTION,340.8578,264.8301,-60.8678,51,35,0.17857244,-0.19202866,0.25126052,0.17857244,60.8678,340.8578,OK,0.0000,-1.8260,3.0000,97.0000,AG03-UNRESOLVED,ALL5_LEVELS_bet23_to_bet27,-1.8260,-1.8260,-1.8260,-2.4347,-2.4347,3.000000,3.000000,3.000000,4.000000,4.000000,97.000000,97.000000,97.000000,96.000000,96.000000,5.0,-10.3475,-9.6707,-50.5203,-51.1971,PENDING_AG03,FALSE,NOT_FOR_ENFORCEMENT,-59.0418,256.8852,-60.8678,-59.0418,-1.8260,-0.17857244,-0.17321527,-1.8260,-59.0418,-0.17321527,-1.8260,-1.8260,-1.8260,-2.4347,-2.4347,-59.0418,-0.17321527,-10.3475,-9.6707,-50.5203,-51.1971,-0.14821513,-0.15020075,-0.00535717,6.6835,7.5666,-1.7391,-10.1446,-4.0579,56.8096,5.8333,6.2102,6.7849,2.6332,4.389,9.9001,13.1191,15.6674,33.9502,2.6332,-2.6176,3.569674,7.735259,1.522773,9,15,6,8,0.16397441,-0.17857244,0.19202866,0E-8,0.000000,0.776952,0.000000,-0.44328919,2026-03-25,2026-08-04,6,15,15,133,0.045113,0.915300,0.929188,0.546581,,,,,,,,GLOBAL_BASELINE_NO_ENTITY_RANKING,,,NOT_APPLICABLE_GLOBAL_BASELINE,HF9g-P5,,,,X 全窗基线 · 不参与实体赏罚,3928563,393,A168_HF9F_20260827_0900,2026-08-27 09:00:00
2026-07-02,146052911,1750,0,50.0000000000,-50.0000000000,-50.0000000000,0E-7,1,1,0.50665070000000000,0.506650700000,-1.013391052207602,-1.013391052207602,-1.013391052207602,0E-17,ELIGIBLE,R03b_20260811_FULL_v1,L1_ELIGIBILITY,v2026-08-11,2026-03-21..2026-08-06,baccarat_bet02_101_all_pairs_incl_sentinel,round_win = game_pnl > 0 (decisive only),COMPATIBILITY_ONLY_NOT_PRODUCTION,1110.0000,910.0000,-61.5000,10,10,0.05540541,,0.05540541,0.05540541,61.5000,1110.0000,THIN_EXPOSURE,0.0000,-2.4600,4.0000,96.0000,AG03-UNRESOLVED,ALL5_LEVELS_bet23_to_bet27,-2.4600,-2.4600,-2.4600,-2.4600,-2.4600,4.000000,4.000000,4.000000,4.000000,4.000000,96.000000,96.000000,96.000000,96.000000,96.000000,5.0,-12.3000,-11.3546,-49.2000,-50.1454,PENDING_AG03,FALSE,NOT_FOR_ENFORCEMENT,-59.0400,873.6000,-61.5000,-59.0400,-2.4600,-0.05540541,-0.05318919,-2.4600,-59.0400,-0.05318919,-2.4600,-2.4600,-2.4600,-2.4600,-2.4600,-59.0400,-0.05318919,-12.3000,-11.3546,-49.2000,-50.1454,-0.04432432,-0.04517605,-0.00221622,111.0000,91.0000,-6.1500,-20.5000,-10.2500,370.0000,3.3333,,111.0000,50.0,85.0,170.0,200.0,200.0,200.0,70.0,-25.0,2.352941,2.352941,1.305882,6,6,1,2,0E-8,-0.05540541,,0E-8,0.000000,0.819820,0.000000,,2026-07-02,2026-07-07,3,6,6,6,0.500000,,,0.000000,,,,,,,,GLOBAL_BASELINE_NO_ENTITY_RANKING,,,NOT_APPLICABLE_GLOBAL_BASELINE,HF9g-P5,,,,X 全窗基线 · 不参与实体赏罚,3928564,393,A168_HF9F_20260827_0900,2026-08-27 09:00:00
2026-07-02,146052911,2106,0,50.0000000000,-50.0000000000,-50.0000000000,0E-7,1,1,0.49324550000000000,0.493245500000,-0.9865810262130424,-0.9865810262130424,-0.9865810262130424,0E-17,ELIGIBLE,R03b_20260811_FULL_v1,L1_ELIGIBILITY,v2026-08-11,2026-03-21..2026-08-06,baccarat_bet02_101_all_pairs_incl_sentinel,round_win = game_pnl > 0 (decisive only),COMPATIBILITY_ONLY_NOT_PRODUCTION,1110.0000,910.0000,-61.5000,10,10,0.05540541,,0.05540541,0.05540541,61.5000,1110.0000,THIN_EXPOSURE,0.0000,-2.4600,4.0000,96.0000,AG03-UNRESOLVED,ALL5_LEVELS_bet23_to_bet27,-2.4600,-2.4600,-2.4600,-2.4600,-2.4600,4.000000,4.000000,4.000000,4.000000,4.000000,96.000000,96.000000,96.000000,96.000000,96.000000,5.0,-12.3000,-11.3546,-49.2000,-50.1454,PENDING_AG03,FALSE,NOT_FOR_ENFORCEMENT,-59.0400,873.6000,-61.5000,-59.0400,-2.4600,-0.05540541,-0.05318919,-2.4600,-59.0400,-0.05318919,-2.4600,-2.4600,-2.4600,-2.4600,-2.4600,-59.0400,-0.05318919,-12.3000,-11.3546,-49.2000,-50.1454,-0.04432432,-0.04517605,-0.00221622,111.0000,91.0000,-6.1500,-20.5000,-10.2500,370.0000,3.3333,,111.0000,50.0,85.0,170.0,200.0,200.0,200.0,70.0,-25.0,2.352941,2.352941,1.305882,6,6,1,2,0E-8,-0.05540541,,0E-8,0.000000,0.819820,0.000000,,2026-07-02,2026-07-07,3,6,6,6,0.500000,,,0.000000,,,,,,,,GLOBAL_BASELINE_NO_ENTITY_RANKING,,,NOT_APPLICABLE_GLOBAL_BASELINE,HF9g-P5,,,,X 全窗基线 · 不参与实体赏罚,3928565,393,A168_HF9F_20260827_0900,2026-08-27 09:00:00
2026-07-02,146052911,2177,0,250.0000000000,250.0000000000,250.0000000000,1.0000000,2,2,0.49324550000000000,0.493245500000,1.4334489766152358,1.4334489766152358,1.4334489766152358,0E-17,ELIGIBLE,R03b_20260811_FULL_v1,L1_ELIGIBILITY,v2026-08-11,2026-03-21..2026-08-06,baccarat_bet02_101_all_pairs_incl_sentinel,round_win = game_pnl > 0 (decisive only),COMPATIBILITY_ONLY_NOT_PRODUCTION,1110.0000,910.0000,-61.5000,10,10,0.05540541,,0.05540541,0.05540541,61.5000,1110.0000,THIN_EXPOSURE,0.0000,-2.4600,4.0000,96.0000,AG03-UNRESOLVED,ALL5_LEVELS_bet23_to_bet27,-2.4600,-2.4600,-2.4600,-2.4600,-2.4600,4.000000,4.000000,4.000000,4.000000,4.000000,96.000000,96.000000,96.000000,96.000000,96.000000,5.0,-12.3000,-11.3546,-49.2000,-50.1454,PENDING_AG03,FALSE,NOT_FOR_ENFORCEMENT,-59.0400,873.6000,-61.5000,-59.0400,-2.4600,-0.05540541,-0.05318919,-2.4600,-59.0400,-0.05318919,-2.4600,-2.4600,-2.4600,-2.4600,-2.4600,-59.0400,-0.05318919,-12.3000,-11.3546,-49.2000,-50.1454,-0.04432432,-0.04517605,-0.00221622,111.0000,91.0000,-6.1500,-20.5000,-10.2500,370.0000,3.3333,,111.0000,50.0,85.0,170.0,200.0,200.0,200.0,70.0,-25.0,2.352941,2.352941,1.305882,6,6,1,2,0E-8,-0.05540541,,0E-8,0.000000,0.819820,0.000000,,2026-07-02,2026-07-07,3,6,6,6,0.500000,,,0.000000,,,,,,,,GLOBAL_BASELINE_NO_ENTITY_RANKING,,,NOT_APPLICABLE_GLOBAL_BASELINE,HF9g-P5,,,,X 全窗基线 · 不参与实体赏罚,3928566,393,A168_HF9F_20260827_0900,2026-08-27 09:00:00
2026-07-02,146052911,2241,0,50.0000000000,-50.0000000000,-50.0000000000,0E-7,1,1,0.49324550000000000,0.493245500000,-0.9865810262130424,-0.9865810262130424,-0.9865810262130424,0E-17,ELIGIBLE,R03b_20260811_FULL_v1,L1_ELIGIBILITY,v2026-08-11,2026-03-21..2026-08-06,baccarat_bet02_101_all_pairs_incl_sentinel,round_win = game_pnl > 0 (decisive only),COMPATIBILITY_ONLY_NOT_PRODUCTION,1110.0000,910.0000,-61.5000,10,10,0.05540541,,0.05540541,0.05540541,61.5000,1110.0000,THIN_EXPOSURE,0.0000,-2.4600,4.0000,96.0000,AG03-UNRESOLVED,ALL5_LEVELS_bet23_to_bet27,-2.4600,-2.4600,-2.4600,-2.4600,-2.4600,4.000000,4.000000,4.000000,4.000000,4.000000,96.000000,96.000000,96.000000,96.000000,96.000000,5.0,-12.3000,-11.3546,-49.2000,-50.1454,PENDING_AG03,FALSE,NOT_FOR_ENFORCEMENT,-59.0400,873.6000,-61.5000,-59.0400,-2.4600,-0.05540541,-0.05318919,-2.4600,-59.0400,-0.05318919,-2.4600,-2.4600,-2.4600,-2.4600,-2.4600,-59.0400,-0.05318919,-12.3000,-11.3546,-49.2000,-50.1454,-0.04432432,-0.04517605,-0.00221622,111.0000,91.0000,-6.1500,-20.5000,-10.2500,370.0000,3.3333,,111.0000,50.0,85.0,170.0,200.0,200.0,200.0,70.0,-25.0,2.352941,2.352941,1.305882,6,6,1,2,0E-8,-0.05540541,,0E-8,0.000000,0.819820,0.000000,,2026-07-02,2026-07-07,3,6,6,6,0.500000,,,0.000000,,,,,,,,GLOBAL_BASELINE_NO_ENTITY_RANKING,,,NOT_APPLICABLE_GLOBAL_BASELINE,HF9g-P5,,,,X 全窗基线 · 不参与实体赏罚,3928567,393,A168_HF9F_20260827_0900,2026-08-27 09:00:00
2026-07-03,146052911,2280,0,310.0000000000,161.5000000000,161.5000000000,0.6666667,3,3,0.49771390000000000,0.497713900000,0.5852756695216578,0.5852756695216578,0.5852756695216578,0E-17,ELIGIBLE,R03b_20260811_FULL_v1,L1_ELIGIBILITY,v2026-08-11,2026-03-21..2026-08-06,baccarat_bet02_101_all_pairs_incl_sentinel,round_win = game_pnl > 0 (decisive only),COMPATIBILITY_ONLY_NOT_PRODUCTION,1110.0000,910.0000,-61.5000,10,10,0.05540541,,0.05540541,0.05540541,61.5000,1110.0000,THIN_EXPOSURE,0.0000,-2.4600,4.0000,96.0000,AG03-UNRESOLVED,ALL5_LEVELS_bet23_to_bet27,-2.4600,-2.4600,-2.4600,-2.4600,-2.4600,4.000000,4.000000,4.000000,4.000000,4.000000,96.000000,96.000000,96.000000,96.000000,96.000000,5.0,-12.3000,-11.3546,-49.2000,-50.1454,PENDING_AG03,FALSE,NOT_FOR_ENFORCEMENT,-59.0400,873.6000,-61.5000,-59.0400,-2.4600,-0.05540541,-0.05318919,-2.4600,-59.0400,-0.05318919,-2.4600,-2.4600,-2.4600,-2.4600,-2.4600,-59.0400,-0.05318919,-12.3000,-11.3546,-49.2000,-50.1454,-0.04432432,-0.04517605,-0.00221622,111.0000,91.0000,-6.1500,-20.5000,-10.2500,370.0000,3.3333,,111.0000,50.0,85.0,170.0,200.0,200.0,200.0,70.0,-25.0,2.352941,2.352941,1.305882,6,6,1,2,0E-8,-0.05540541,,0E-8,0.000000,0.819820,0.000000,,2026-07-02,2026-07-07,3,6,6,6,0.500000,,,0.000000,,,,,,,,GLOBAL_BASELINE_NO_ENTITY_RANKING,,,NOT_APPLICABLE_GLOBAL_BASELINE,HF9g-P5,,,,X 全窗基线 · 不参与实体赏罚,3928568,393,A168_HF9F_20260827_0900,2026-08-27 09:00:00
2026-07-07,146052911,-1,1,400.0000000000,-200.0000000000,-200.0000000000,0E-7,2,2,0.50665070000000000,0.506650700000,-1.013391052207602,-1.013391052207602,-1.013391052207602,0E-17,SENTINEL_DEALER,R03b_20260811_FULL_v1,L1_ELIGIBILITY,v2026-08-11,2026-03-21..2026-08-06,baccarat_bet02_101_all_pairs_incl_sentinel,round_win = game_pnl > 0 (decisive only),COMPATIBILITY_ONLY_NOT_PRODUCTION,1110.0000,910.0000,-61.5000,10,10,0.05540541,,0.05540541,0.05540541,61.5000,1110.0000,THIN_EXPOSURE,0.0000,-2.4600,4.0000,96.0000,AG03-UNRESOLVED,ALL5_LEVELS_bet23_to_bet27,-2.4600,-2.4600,-2.4600,-2.4600,-2.4600,4.000000,4.000000,4.000000,4.000000,4.000000,96.000000,96.000000,96.000000,96.000000,96.000000,5.0,-12.3000,-11.3546,-49.2000,-50.1454,PENDING_AG03,FALSE,NOT_FOR_ENFORCEMENT,-59.0400,873.6000,-61.5000,-59.0400,-2.4600,-0.05540541,-0.05318919,-2.4600,-59.0400,-0.05318919,-2.4600,-2.4600,-2.4600,-2.4600,-2.4600,-59.0400,-0.05318919,-12.3000,-11.3546,-49.2000,-50.1454,-0.04432432,-0.04517605,-0.00221622,111.0000,91.0000,-6.1500,-20.5000,-10.2500,370.0000,3.3333,,111.0000,50.0,85.0,170.0,200.0,200.0,200.0,70.0,-25.0,2.352941,2.352941,1.305882,6,6,1,2,0E-8,-0.05540541,,0E-8,0.000000,0.819820,0.000000,,2026-07-02,2026-07-07,3,6,6,6,0.500000,,,0.000000,,,,,,,,GLOBAL_BASELINE_NO_ENTITY_RANKING,,,NOT_APPLICABLE_GLOBAL_BASELINE,HF9g-P5,,,,X 全窗基线 · 不参与实体赏罚,3928569,393,A168_HF9F_20260827_0900,2026-08-27 09:00:00
2026-03-22,122521068,2141,0,8.6894699424,-2.8964899808,-2.8964899808,0.5000000,2,2,0.49324550000000000,0.493245500000,0.01910635448239258,0.01910635448239258,0.01910635448239258,0E-17,ELIGIBLE,R03b_20260811_FULL_v1,L1_ELIGIBILITY,v2026-08-11,2026-03-21..2026-08-06,baccarat_bet02_101_all_pairs_incl_sentinel,round_win = game_pnl > 0 (decisive only),COMPATIBILITY_ONLY_NOT_PRODUCTION,1578.3934,1445.9493,-61.4954,197,174,0.03896078,0.23162612,0.01074342,0.03896078,61.4954,1578.3934,OK,0.0000,-2.4598,4.0000,96.0000,AG03-UNRESOLVED,ALL5_LEVELS_bet23_to_bet27,-2.4598,-3.0748,-3.0748,-3.0748,-3.0748,4.000000,5.000000,5.000000,5.000000,5.000000,96.000000,95.000000,95.000000,95.000000,95.000000,5.0,-14.7589,-13.4106,-46.7365,-48.0849,PENDING_AG03,FALSE,NOT_FOR_ENFORCEMENT,-59.0356,1388.1113,-61.4954,-59.0356,-2.4598,-0.03896078,-0.03740235,-2.4598,-59.0356,-0.03740235,-2.4598,-3.0748,-3.0748,-3.0748,-3.0748,-59.0356,-0.03740235,-14.7589,-13.4106,-46.7365,-48.0849,-0.02961019,-0.03046445,-0.00155843,8.0121,8.3101,-0.3534,-1.7570,-1.0789,45.0970,4.9714,6.7212,8.2441,2.84,5.2352,10.3783,12.9729,25.076,51.8914,5.1891,0.0,4.7899,9.912044,1.530441,17,46,37,3,0.12774816,-0.03896078,-0.23162612,0E-8,0.000000,0.916089,0.000000,0.22088270,2026-03-22,2026-07-31,35,57,55,132,0.265152,0.815282,0.838880,0.425827,,,,,,,,GLOBAL_BASELINE_NO_ENTITY_RANKING,,,NOT_APPLICABLE_GLOBAL_BASELINE,HF9g-P5,,,,X 全窗基线 · 不参与实体赏罚,3928570,393,A168_HF9F_20260827_0900,2026-08-27 09:00:00
2026-03-23,122521068,-1,1,3.1598072518,-3.1598072518,-3.1598072518,0E-7,1,1,0.49324550000000000,0.493245500000,-0.9865810262130424,-0.9865810262130424,-0.9865810262130424,0E-17,SENTINEL_DEALER,R03b_20260811_FULL_v1,L1_ELIGIBILITY,v2026-08-11,2026-03-21..2026-08-06,baccarat_bet02_101_all_pairs_incl_sentinel,round_win = game_pnl > 0 (decisive only),COMPATIBILITY_ONLY_NOT_PRODUCTION,1578.3934,1445.9493,-61.4954,197,174,0.03896078,0.23162612,0.01074342,0.03896078,61.4954,1578.3934,OK,0.0000,-2.4598,4.0000,96.0000,AG03-UNRESOLVED,ALL5_LEVELS_bet23_to_bet27,-2.4598,-3.0748,-3.0748,-3.0748,-3.0748,4.000000,5.000000,5.000000,5.000000,5.000000,96.000000,95.000000,95.000000,95.000000,95.000000,5.0,-14.7589,-13.4106,-46.7365,-48.0849,PENDING_AG03,FALSE,NOT_FOR_ENFORCEMENT,-59.0356,1388.1113,-61.4954,-59.0356,-2.4598,-0.03896078,-0.03740235,-2.4598,-59.0356,-0.03740235,-2.4598,-3.0748,-3.0748,-3.0748,-3.0748,-59.0356,-0.03740235,-14.7589,-13.4106,-46.7365,-48.0849,-0.02961019,-0.03046445,-0.00155843,8.0121,8.3101,-0.3534,-1.7570,-1.0789,45.0970,4.9714,6.7212,8.2441,2.84,5.2352,10.3783,12.9729,25.076,51.8914,5.1891,0.0,4.7899,9.912044,1.530441,17,46,37,3,0.12774816,-0.03896078,-0.23162612,0E-8,0.000000,0.916089,0.000000,0.22088270,2026-03-22,2026-07-31,35,57,55,132,0.265152,0.815282,0.838880,0.425827,,,,,,,,GLOBAL_BASELINE_NO_ENTITY_RANKING,,,NOT_APPLICABLE_GLOBAL_BASELINE,HF9g-P5,,,,X 全窗基线 · 不参与实体赏罚,3928571,393,A168_HF9F_20260827_0900,2026-08-27 09:00:00
2026-03-23,122521068,1485,0,5.2663454196,-5.2663454196,-5.2663454196,0E-7,1,1,0.49324550000000000,0.493245500000,-0.9865810262130424,-0.9865810262130424,-0.9865810262130424,0E-17,ELIGIBLE,R03b_20260811_FULL_v1,L1_ELIGIBILITY,v2026-08-11,2026-03-21..2026-08-06,baccarat_bet02_101_all_pairs_incl_sentinel,round_win = game_pnl > 0 (decisive only),COMPATIBILITY_ONLY_NOT_PRODUCTION,1578.3934,1445.9493,-61.4954,197,174,0.03896078,0.23162612,0.01074342,0.03896078,61.4954,1578.3934,OK,0.0000,-2.4598,4.0000,96.0000,AG03-UNRESOLVED,ALL5_LEVELS_bet23_to_bet27,-2.4598,-3.0748,-3.0748,-3.0748,-3.0748,4.000000,5.000000,5.000000,5.000000,5.000000,96.000000,95.000000,95.000000,95.000000,95.000000,5.0,-14.7589,-13.4106,-46.7365,-48.0849,PENDING_AG03,FALSE,NOT_FOR_ENFORCEMENT,-59.0356,1388.1113,-61.4954,-59.0356,-2.4598,-0.03896078,-0.03740235,-2.4598,-59.0356,-0.03740235,-2.4598,-3.0748,-3.0748,-3.0748,-3.0748,-59.0356,-0.03740235,-14.7589,-13.4106,-46.7365,-48.0849,-0.02961019,-0.03046445,-0.00155843,8.0121,8.3101,-0.3534,-1.7570,-1.0789,45.0970,4.9714,6.7212,8.2441,2.84,5.2352,10.3783,12.9729,25.076,51.8914,5.1891,0.0,4.7899,9.912044,1.530441,17,46,37,3,0.12774816,-0.03896078,-0.23162612,0E-8,0.000000,0.916089,0.000000,0.22088270,2026-03-22,2026-07-31,35,57,55,132,0.265152,0.815282,0.838880,0.425827,,,,,,,,GLOBAL_BASELINE_NO_ENTITY_RANKING,,,NOT_APPLICABLE_GLOBAL_BASELINE,HF9g-P5,,,,X 全窗基线 · 不参与实体赏罚,3928572,393,A168_HF9F_20260827_0900,2026-08-27 09:00:00
2026-03-25,122521068,1325,0,5.2663454196,-5.2663454196,-5.2663454196,0E-7,1,1,0.50665070000000000,0.506650700000,-1.013391052207602,-1.013391052207602,-1.013391052207602,0E-17,ELIGIBLE,R03b_20260811_FULL_v1,L1_ELIGIBILITY,v2026-08-11,2026-03-21..2026-08-06,baccarat_bet02_101_all_pairs_incl_sentinel,round_win = game_pnl > 0 (decisive only),COMPATIBILITY_ONLY_NOT_PRODUCTION,1578.3934,1445.9493,-61.4954,197,174,0.03896078,0.23162612,0.01074342,0.03896078,61.4954,1578.3934,OK,0.0000,-2.4598,4.0000,96.0000,AG03-UNRESOLVED,ALL5_LEVELS_bet23_to_bet27,-2.4598,-3.0748,-3.0748,-3.0748,-3.0748,4.000000,5.000000,5.000000,5.000000,5.000000,96.000000,95.000000,95.000000,95.000000,95.000000,5.0,-14.7589,-13.4106,-46.7365,-48.0849,PENDING_AG03,FALSE,NOT_FOR_ENFORCEMENT,-59.0356,1388.1113,-61.4954,-59.0356,-2.4598,-0.03896078,-0.03740235,-2.4598,-59.0356,-0.03740235,-2.4598,-3.0748,-3.0748,-3.0748,-3.0748,-59.0356,-0.03740235,-14.7589,-13.4106,-46.7365,-48.0849,-0.02961019,-0.03046445,-0.00155843,8.0121,8.3101,-0.3534,-1.7570,-1.0789,45.0970,4.9714,6.7212,8.2441,2.84,5.2352,10.3783,12.9729,25.076,51.8914,5.1891,0.0,4.7899,9.912044,1.530441,17,46,37,3,0.12774816,-0.03896078,-0.23162612,0E-8,0.000000,0.916089,0.000000,0.22088270,2026-03-22,2026-07-31,35,57,55,132,0.265152,0.815282,0.838880,0.425827,,,,,,,,GLOBAL_BASELINE_NO_ENTITY_RANKING,,,NOT_APPLICABLE_GLOBAL_BASELINE,HF9g-P5,,,,X 全窗基线 · 不参与实体赏罚,3928573,393,A168_HF9F_20260827_0900,2026-08-27 09:00:00
2026-03-27,122521068,1304,0,27.3849961820,-11.3226426522,-11.3226426522,0.3333333,4,4,0.49994810000000000,0.499948100000,-0.5771704854251445,-0.5771704854251445,-0.5771704854251445,0E-17,ELIGIBLE,R03b_20260811_FULL_v1,L1_ELIGIBILITY,v2026-08-11,2026-03-21..2026-08-06,baccarat_bet02_101_all_pairs_incl_sentinel,round_win = game_pnl > 0 (decisive only),COMPATIBILITY_ONLY_NOT_PRODUCTION,1578.3934,1445.9493,-61.4954,197,174,0.03896078,0.23162612,0.01074342,0.03896078,61.4954,1578.3934,OK,0.0000,-2.4598,4.0000,96.0000,AG03-UNRESOLVED,ALL5_LEVELS_bet23_to_bet27,-2.4598,-3.0748,-3.0748,-3.0748,-3.0748,4.000000,5.000000,5.000000,5.000000,5.000000,96.000000,95.000000,95.000000,95.000000,95.000000,5.0,-14.7589,-13.4106,-46.7365,-48.0849,PENDING_AG03,FALSE,NOT_FOR_ENFORCEMENT,-59.0356,1388.1113,-61.4954,-59.0356,-2.4598,-0.03896078,-0.03740235,-2.4598,-59.0356,-0.03740235,-2.4598,-3.0748,-3.0748,-3.0748,-3.0748,-59.0356,-0.03740235,-14.7589,-13.4106,-46.7365,-48.0849,-0.02961019,-0.03046445,-0.00155843,8.0121,8.3101,-0.3534,-1.7570,-1.0789,45.0970,4.9714,6.7212,8.2441,2.84,5.2352,10.3783,12.9729,25.076,51.8914,5.1891,0.0,4.7899,9.912044,1.530441,17,46,37,3,0.12774816,-0.03896078,-0.23162612,0E-8,0.000000,0.916089,0.000000,0.22088270,2026-03-22,2026-07-31,35,57,55,132,0.265152,0.815282,0.838880,0.425827,,,,,,,,GLOBAL_BASELINE_NO_ENTITY_RANKING,,,NOT_APPLICABLE_GLOBAL_BASELINE,HF9g-P5,,,,X 全窗基线 · 不参与实体赏罚,3928574,393,A168_HF9F_20260827_0900,2026-08-27 09:00:00
2026-03-27,122521068,1645,0,5.7929799616,5.5033309635,5.5033309635,1.0000000,1,1,0.50665070000000000,0.506650700000,0.9867858985152569,0.9867858985152569,0.9867858985152569,0E-17,ELIGIBLE,R03b_20260811_FULL_v1,L1_ELIGIBILITY,v2026-08-11,2026-03-21..2026-08-06,baccarat_bet02_101_all_pairs_incl_sentinel,round_win = game_pnl > 0 (decisive only),COMPATIBILITY_ONLY_NOT_PRODUCTION,1578.3934,1445.9493,-61.4954,197,174,0.03896078,0.23162612,0.01074342,0.03896078,61.4954,1578.3934,OK,0.0000,-2.4598,4.0000,96.0000,AG03-UNRESOLVED,ALL5_LEVELS_bet23_to_bet27,-2.4598,-3.0748,-3.0748,-3.0748,-3.0748,4.000000,5.000000,5.000000,5.000000,5.000000,96.000000,95.000000,95.000000,95.000000,95.000000,5.0,-14.7589,-13.4106,-46.7365,-48.0849,PENDING_AG03,FALSE,NOT_FOR_ENFORCEMENT,-59.0356,1388.1113,-61.4954,-59.0356,-2.4598,-0.03896078,-0.03740235,-2.4598,-59.0356,-0.03740235,-2.4598,-3.0748,-3.0748,-3.0748,-3.0748,-59.0356,-0.03740235,-14.7589,-13.4106,-46.7365,-48.0849,-0.02961019,-0.03046445,-0.00155843,8.0121,8.3101,-0.3534,-1.7570,-1.0789,45.0970,4.9714,6.7212,8.2441,2.84,5.2352,10.3783,12.9729,25.076,51.8914,5.1891,0.0,4.7899,9.912044,1.530441,17,46,37,3,0.12774816,-0.03896078,-0.23162612,0E-8,0.000000,0.916089,0.000000,0.22088270,2026-03-22,2026-07-31,35,57,55,132,0.265152,0.815282,0.838880,0.425827,,,,,,,,GLOBAL_BASELINE_NO_ENTITY_RANKING,,,NOT_APPLICABLE_GLOBAL_BASELINE,HF9g-P5,,,,X 全窗基线 · 不参与实体赏罚,3928575,393,A168_HF9F_20260827_0900,2026-08-27 09:00:00
2026-03-27,122521068,2121,0,8.1628354004,-2.5146799379,-2.5146799379,0.5000000,2,2,0.49994810000000000,0.499948100000,0.00014679536856514622,0.00014679536856514622,0.00014679536856514622,0E-17,ELIGIBLE,R03b_20260811_FULL_v1,L1_ELIGIBILITY,v2026-08-11,2026-03-21..2026-08-06,baccarat_bet02_101_all_pairs_incl_sentinel,round_win = game_pnl > 0 (decisive only),COMPATIBILITY_ONLY_NOT_PRODUCTION,1578.3934,1445.9493,-61.4954,197,174,0.03896078,0.23162612,0.01074342,0.03896078,61.4954,1578.3934,OK,0.0000,-2.4598,4.0000,96.0000,AG03-UNRESOLVED,ALL5_LEVELS_bet23_to_bet27,-2.4598,-3.0748,-3.0748,-3.0748,-3.0748,4.000000,5.000000,5.000000,5.000000,5.000000,96.000000,95.000000,95.000000,95.000000,95.000000,5.0,-14.7589,-13.4106,-46.7365,-48.0849,PENDING_AG03,FALSE,NOT_FOR_ENFORCEMENT,-59.0356,1388.1113,-61.4954,-59.0356,-2.4598,-0.03896078,-0.03740235,-2.4598,-59.0356,-0.03740235,-2.4598,-3.0748,-3.0748,-3.0748,-3.0748,-59.0356,-0.03740235,-14.7589,-13.4106,-46.7365,-48.0849,-0.02961019,-0.03046445,-0.00155843,8.0121,8.3101,-0.3534,-1.7570,-1.0789,45.0970,4.9714,6.7212,8.2441,2.84,5.2352,10.3783,12.9729,25.076,51.8914,5.1891,0.0,4.7899,9.912044,1.530441,17,46,37,3,0.12774816,-0.03896078,-0.23162612,0E-8,0.000000,0.916089,0.000000,0.22088270,2026-03-22,2026-07-31,35,57,55,132,0.265152,0.815282,0.838880,0.425827,,,,,,,,GLOBAL_BASELINE_NO_ENTITY_RANKING,,,NOT_APPLICABLE_GLOBAL_BASELINE,HF9g-P5,,,,X 全窗基线 · 不参与实体赏罚,3928576,393,A168_HF9F_20260827_0900,2026-08-27 09:00:00
2026-03-27,122521068,2196,0,42.1307633568,2.6331727098,2.6331727098,0.6000000,11,11,0.49324550000000000,0.493245500000,0.6752363567377049,0.6752363567377049,0.6752363567377049,0E-17,ELIGIBLE,R03b_20260811_FULL_v1,L1_ELIGIBILITY,v2026-08-11,2026-03-21..2026-08-06,baccarat_bet02_101_all_pairs_incl_sentinel,round_win = game_pnl > 0 (decisive only),COMPATIBILITY_ONLY_NOT_PRODUCTION,1578.3934,1445.9493,-61.4954,197,174,0.03896078,0.23162612,0.01074342,0.03896078,61.4954,1578.3934,OK,0.0000,-2.4598,4.0000,96.0000,AG03-UNRESOLVED,ALL5_LEVELS_bet23_to_bet27,-2.4598,-3.0748,-3.0748,-3.0748,-3.0748,4.000000,5.000000,5.000000,5.000000,5.000000,96.000000,95.000000,95.000000,95.000000,95.000000,5.0,-14.7589,-13.4106,-46.7365,-48.0849,PENDING_AG03,FALSE,NOT_FOR_ENFORCEMENT,-59.0356,1388.1113,-61.4954,-59.0356,-2.4598,-0.03896078,-0.03740235,-2.4598,-59.0356,-0.03740235,-2.4598,-3.0748,-3.0748,-3.0748,-3.0748,-59.0356,-0.03740235,-14.7589,-13.4106,-46.7365,-48.0849,-0.02961019,-0.03046445,-0.00155843,8.0121,8.3101,-0.3534,-1.7570,-1.0789,45.0970,4.9714,6.7212,8.2441,2.84,5.2352,10.3783,12.9729,25.076,51.8914,5.1891,0.0,4.7899,9.912044,1.530441,17,46,37,3,0.12774816,-0.03896078,-0.23162612,0E-8,0.000000,0.916089,0.000000,0.22088270,2026-03-22,2026-07-31,35,57,55,132,0.265152,0.815282,0.838880,0.425827,,,,,,,,GLOBAL_BASELINE_NO_ENTITY_RANKING,,,NOT_APPLICABLE_GLOBAL_BASELINE,HF9g-P5,,,,X 全窗基线 · 不参与实体赏罚,3928577,393,A168_HF9F_20260827_0900,2026-08-27 09:00:00
2026-03-29,122521068,1382,0,6.0562972325,5.7534823709,5.7534823709,1.0000000,1,1,0.50665070000000000,0.506650700000,0.9867858985152569,0.9867858985152569,0.9867858985152569,0E-17,ELIGIBLE,R03b_20260811_FULL_v1,L1_ELIGIBILITY,v2026-08-11,2026-03-21..2026-08-06,baccarat_bet02_101_all_pairs_incl_sentinel,round_win = game_pnl > 0 (decisive only),COMPATIBILITY_ONLY_NOT_PRODUCTION,1578.3934,1445.9493,-61.4954,197,174,0.03896078,0.23162612,0.01074342,0.03896078,61.4954,1578.3934,OK,0.0000,-2.4598,4.0000,96.0000,AG03-UNRESOLVED,ALL5_LEVELS_bet23_to_bet27,-2.4598,-3.0748,-3.0748,-3.0748,-3.0748,4.000000,5.000000,5.000000,5.000000,5.000000,96.000000,95.000000,95.000000,95.000000,95.000000,5.0,-14.7589,-13.4106,-46.7365,-48.0849,PENDING_AG03,FALSE,NOT_FOR_ENFORCEMENT,-59.0356,1388.1113,-61.4954,-59.0356,-2.4598,-0.03896078,-0.03740235,-2.4598,-59.0356,-0.03740235,-2.4598,-3.0748,-3.0748,-3.0748,-3.0748,-59.0356,-0.03740235,-14.7589,-13.4106,-46.7365,-48.0849,-0.02961019,-0.03046445,-0.00155843,8.0121,8.3101,-0.3534,-1.7570,-1.0789,45.0970,4.9714,6.7212,8.2441,2.84,5.2352,10.3783,12.9729,25.076,51.8914,5.1891,0.0,4.7899,9.912044,1.530441,17,46,37,3,0.12774816,-0.03896078,-0.23162612,0E-8,0.000000,0.916089,0.000000,0.22088270,2026-03-22,2026-07-31,35,57,55,132,0.265152,0.815282,0.838880,0.425827,,,,,,,,GLOBAL_BASELINE_NO_ENTITY_RANKING,,,NOT_APPLICABLE_GLOBAL_BASELINE,HF9g-P5,,,,X 全窗基线 · 不参与实体赏罚,3928578,393,A168_HF9F_20260827_0900,2026-08-27 09:00:00
2026-03-29,122521068,1994,0,35.5478315823,-11.8492771941,-11.8492771941,0.5000000,2,2,0.49994810000000000,0.499948100000,0.00014679536856514622,0.00014679536856514622,0.00014679536856514622,0E-17,ELIGIBLE,R03b_20260811_FULL_v1,L1_ELIGIBILITY,v2026-08-11,2026-03-21..2026-08-06,baccarat_bet02_101_all_pairs_incl_sentinel,round_win = game_pnl > 0 (decisive only),COMPATIBILITY_ONLY_NOT_PRODUCTION,1578.3934,1445.9493,-61.4954,197,174,0.03896078,0.23162612,0.01074342,0.03896078,61.4954,1578.3934,OK,0.0000,-2.4598,4.0000,96.0000,AG03-UNRESOLVED,ALL5_LEVELS_bet23_to_bet27,-2.4598,-3.0748,-3.0748,-3.0748,-3.0748,4.000000,5.000000,5.000000,5.000000,5.000000,96.000000,95.000000,95.000000,95.000000,95.000000,5.0,-14.7589,-13.4106,-46.7365,-48.0849,PENDING_AG03,FALSE,NOT_FOR_ENFORCEMENT,-59.0356,1388.1113,-61.4954,-59.0356,-2.4598,-0.03896078,-0.03740235,-2.4598,-59.0356,-0.03740235,-2.4598,-3.0748,-3.0748,-3.0748,-3.0748,-59.0356,-0.03740235,-14.7589,-13.4106,-46.7365,-48.0849,-0.02961019,-0.03046445,-0.00155843,8.0121,8.3101,-0.3534,-1.7570,-1.0789,45.0970,4.9714,6.7212,8.2441,2.84,5.2352,10.3783,12.9729,25.076,51.8914,5.1891,0.0,4.7899,9.912044,1.530441,17,46,37,3,0.12774816,-0.03896078,-0.23162612,0E-8,0.000000,0.916089,0.000000,0.22088270,2026-03-22,2026-07-31,35,57,55,132,0.265152,0.815282,0.838880,0.425827,,,,,,,,GLOBAL_BASELINE_NO_ENTITY_RANKING,,,NOT_APPLICABLE_GLOBAL_BASELINE,HF9g-P5,,,,X 全窗基线 · 不参与实体赏罚,3928579,393,A168_HF9F_20260827_0900,2026-08-27 09:00:00
2026-03-31,122521068,2129,0,3.9263932152,-3.9263932152,-3.9263932152,0E-7,1,1,0.49324550000000000,0.493245500000,-0.9865810262130424,-0.9865810262130424,-0.9865810262130424,0E-17,ELIGIBLE,R03b_20260811_FULL_v1,L1_ELIGIBILITY,v2026-08-11,2026-03-21..2026-08-06,baccarat_bet02_101_all_pairs_incl_sentinel,round_win = game_pnl > 0 (decisive only),COMPATIBILITY_ONLY_NOT_PRODUCTION,1578.3934,1445.9493,-61.4954,197,174,0.03896078,0.23162612,0.01074342,0.03896078,61.4954,1578.3934,OK,0.0000,-2.4598,4.0000,96.0000,AG03-UNRESOLVED,ALL5_LEVELS_bet23_to_bet27,-2.4598,-3.0748,-3.0748,-3.0748,-3.0748,4.000000,5.000000,5.000000,5.000000,5.000000,96.000000,95.000000,95.000000,95.000000,95.000000,5.0,-14.7589,-13.4106,-46.7365,-48.0849,PENDING_AG03,FALSE,NOT_FOR_ENFORCEMENT,-59.0356,1388.1113,-61.4954,-59.0356,-2.4598,-0.03896078,-0.03740235,-2.4598,-59.0356,-0.03740235,-2.4598,-3.0748,-3.0748,-3.0748,-3.0748,-59.0356,-0.03740235,-14.7589,-13.4106,-46.7365,-48.0849,-0.02961019,-0.03046445,-0.00155843,8.0121,8.3101,-0.3534,-1.7570,-1.0789,45.0970,4.9714,6.7212,8.2441,2.84,5.2352,10.3783,12.9729,25.076,51.8914,5.1891,0.0,4.7899,9.912044,1.530441,17,46,37,3,0.12774816,-0.03896078,-0.23162612,0E-8,0.000000,0.916089,0.000000,0.22088270,2026-03-22,2026-07-31,35,57,55,132,0.265152,0.815282,0.838880,0.425827,,,,,,,,GLOBAL_BASELINE_NO_ENTITY_RANKING,,,NOT_APPLICABLE_GLOBAL_BASELINE,HF9g-P5,,,,X 全窗基线 · 不参与实体赏罚,3928580,393,A168_HF9F_20260827_0900,2026-08-27 09:00:00
2026-04-02,122521068,1402,0,14.6585346700,-4.9603434285,-4.9603434285,0.5000000,2,2,0.50665070000000000,0.506650700000,-0.018812684590367487,-0.018812684590367487,-0.018812684590367487,0E-17,ELIGIBLE,R03b_20260811_FULL_v1,L1_ELIGIBILITY,v2026-08-11,2026-03-21..2026-08-06,baccarat_bet02_101_all_pairs_incl_sentinel,round_win = game_pnl > 0 (decisive only),COMPATIBILITY_ONLY_NOT_PRODUCTION,1578.3934,1445.9493,-61.4954,197,174,0.03896078,0.23162612,0.01074342,0.03896078,61.4954,1578.3934,OK,0.0000,-2.4598,4.0000,96.0000,AG03-UNRESOLVED,ALL5_LEVELS_bet23_to_bet27,-2.4598,-3.0748,-3.0748,-3.0748,-3.0748,4.000000,5.000000,5.000000,5.000000,5.000000,96.000000,95.000000,95.000000,95.000000,95.000000,5.0,-14.7589,-13.4106,-46.7365,-48.0849,PENDING_AG03,FALSE,NOT_FOR_ENFORCEMENT,-59.0356,1388.1113,-61.4954,-59.0356,-2.4598,-0.03896078,-0.03740235,-2.4598,-59.0356,-0.03740235,-2.4598,-3.0748,-3.0748,-3.0748,-3.0748,-59.0356,-0.03740235,-14.7589,-13.4106,-46.7365,-48.0849,-0.02961019,-0.03046445,-0.00155843,8.0121,8.3101,-0.3534,-1.7570,-1.0789,45.0970,4.9714,6.7212,8.2441,2.84,5.2352,10.3783,12.9729,25.076,51.8914,5.1891,0.0,4.7899,9.912044,1.530441,17,46,37,3,0.12774816,-0.03896078,-0.23162612,0E-8,0.000000,0.916089,0.000000,0.22088270,2026-03-22,2026-07-31,35,57,55,132,0.265152,0.815282,0.838880,0.425827,,,,,,,,GLOBAL_BASELINE_NO_ENTITY_RANKING,,,NOT_APPLICABLE_GLOBAL_BASELINE,HF9g-P5,,,,X 全窗基线 · 不参与实体赏罚,3928581,393,A168_HF9F_20260827_0900,2026-08-27 09:00:00
2026-04-03,122521068,986,0,4.1881527629,-4.1881527629,-4.1881527629,0E-7,1,1,0.49324550000000000,0.493245500000,-0.9865810262130424,-0.9865810262130424,-0.9865810262130424,0E-17,ELIGIBLE,R03b_20260811_FULL_v1,L1_ELIGIBILITY,v2026-08-11,2026-03-21..2026-08-06,baccarat_bet02_101_all_pairs_incl_sentinel,round_win = game_pnl > 0 (decisive only),COMPATIBILITY_ONLY_NOT_PRODUCTION,1578.3934,1445.9493,-61.4954,197,174,0.03896078,0.23162612,0.01074342,0.03896078,61.4954,1578.3934,OK,0.0000,-2.4598,4.0000,96.0000,AG03-UNRESOLVED,ALL5_LEVELS_bet23_to_bet27,-2.4598,-3.0748,-3.0748,-3.0748,-3.0748,4.000000,5.000000,5.000000,5.000000,5.000000,96.000000,95.000000,95.000000,95.000000,95.000000,5.0,-14.7589,-13.4106,-46.7365,-48.0849,PENDING_AG03,FALSE,NOT_FOR_ENFORCEMENT,-59.0356,1388.1113,-61.4954,-59.0356,-2.4598,-0.03896078,-0.03740235,-2.4598,-59.0356,-0.03740235,-2.4598,-3.0748,-3.0748,-3.0748,-3.0748,-59.0356,-0.03740235,-14.7589,-13.4106,-46.7365,-48.0849,-0.02961019,-0.03046445,-0.00155843,8.0121,8.3101,-0.3534,-1.7570,-1.0789,45.0970,4.9714,6.7212,8.2441,2.84,5.2352,10.3783,12.9729,25.076,51.8914,5.1891,0.0,4.7899,9.912044,1.530441,17,46,37,3,0.12774816,-0.03896078,-0.23162612,0E-8,0.000000,0.916089,0.000000,0.22088270,2026-03-22,2026-07-31,35,57,55,132,0.265152,0.815282,0.838880,0.425827,,,,,,,,GLOBAL_BASELINE_NO_ENTITY_RANKING,,,NOT_APPLICABLE_GLOBAL_BASELINE,HF9g-P5,,,,X 全窗基线 · 不参与实体赏罚,3928582,393,A168_HF9F_20260827_0900,2026-08-27 09:00:00
2026-04-07,122521068,752,0,2.6175954768,-2.6175954768,-2.6175954768,0E-7,1,1,0.49324550000000000,0.493245500000,-0.9865810262130424,-0.9865810262130424,-0.9865810262130424,0E-17,ELIGIBLE,R03b_20260811_FULL_v1,L1_ELIGIBILITY,v2026-08-11,2026-03-21..2026-08-06,baccarat_bet02_101_all_pairs_incl_sentinel,round_win = game_pnl > 0 (decisive only),COMPATIBILITY_ONLY_NOT_PRODUCTION,1578.3934,1445.9493,-61.4954,197,174,0.03896078,0.23162612,0.01074342,0.03896078,61.4954,1578.3934,OK,0.0000,-2.4598,4.0000,96.0000,AG03-UNRESOLVED,ALL5_LEVELS_bet23_to_bet27,-2.4598,-3.0748,-3.0748,-3.0748,-3.0748,4.000000,5.000000,5.000000,5.000000,5.000000,96.000000,95.000000,95.000000,95.000000,95.000000,5.0,-14.7589,-13.4106,-46.7365,-48.0849,PENDING_AG03,FALSE,NOT_FOR_ENFORCEMENT,-59.0356,1388.1113,-61.4954,-59.0356,-2.4598,-0.03896078,-0.03740235,-2.4598,-59.0356,-0.03740235,-2.4598,-3.0748,-3.0748,-3.0748,-3.0748,-59.0356,-0.03740235,-14.7589,-13.4106,-46.7365,-48.0849,-0.02961019,-0.03046445,-0.00155843,8.0121,8.3101,-0.3534,-1.7570,-1.0789,45.0970,4.9714,6.7212,8.2441,2.84,5.2352,10.3783,12.9729,25.076,51.8914,5.1891,0.0,4.7899,9.912044,1.530441,17,46,37,3,0.12774816,-0.03896078,-0.23162612,0E-8,0.000000,0.916089,0.000000,0.22088270,2026-03-22,2026-07-31,35,57,55,132,0.265152,0.815282,0.838880,0.425827,,,,,,,,GLOBAL_BASELINE_NO_ENTITY_RANKING,,,NOT_APPLICABLE_GLOBAL_BASELINE,HF9g-P5,,,,X 全窗基线 · 不参与实体赏罚,3928583,393,A168_HF9F_20260827_0900,2026-08-27 09:00:00
2026-04-08,122521068,1363,0,10.9939010025,-10.9939010025,-10.9939010025,0E-7,1,1,0.49324550000000000,0.493245500000,-0.9865810262130424,-0.9865810262130424,-0.9865810262130424,0E-17,ELIGIBLE,R03b_20260811_FULL_v1,L1_ELIGIBILITY,v2026-08-11,2026-03-21..2026-08-06,baccarat_bet02_101_all_pairs_incl_sentinel,round_win = game_pnl > 0 (decisive only),COMPATIBILITY_ONLY_NOT_PRODUCTION,1578.3934,1445.9493,-61.4954,197,174,0.03896078,0.23162612,0.01074342,0.03896078,61.4954,1578.3934,OK,0.0000,-2.4598,4.0000,96.0000,AG03-UNRESOLVED,ALL5_LEVELS_bet23_to_bet27,-2.4598,-3.0748,-3.0748,-3.0748,-3.0748,4.000000,5.000000,5.000000,5.000000,5.000000,96.000000,95.000000,95.000000,95.000000,95.000000,5.0,-14.7589,-13.4106,-46.7365,-48.0849,PENDING_AG03,FALSE,NOT_FOR_ENFORCEMENT,-59.0356,1388.1113,-61.4954,-59.0356,-2.4598,-0.03896078,-0.03740235,-2.4598,-59.0356,-0.03740235,-2.4598,-3.0748,-3.0748,-3.0748,-3.0748,-59.0356,-0.03740235,-14.7589,-13.4106,-46.7365,-48.0849,-0.02961019,-0.03046445,-0.00155843,8.0121,8.3101,-0.3534,-1.7570,-1.0789,45.0970,4.9714,6.7212,8.2441,2.84,5.2352,10.3783,12.9729,25.076,51.8914,5.1891,0.0,4.7899,9.912044,1.530441,17,46,37,3,0.12774816,-0.03896078,-0.23162612,0E-8,0.000000,0.916089,0.000000,0.22088270,2026-03-22,2026-07-31,35,57,55,132,0.265152,0.815282,0.838880,0.425827,,,,,,,,GLOBAL_BASELINE_NO_ENTITY_RANKING,,,NOT_APPLICABLE_GLOBAL_BASELINE,HF9g-P5,,,,X 全窗基线 · 不参与实体赏罚,3928584,393,A168_HF9F_20260827_0900,2026-08-27 09:00:00
2026-04-08,122521068,1400,0,18.3231683376,-3.0102347983,-3.0102347983,0.5000000,4,4,0.50329940000000000,0.503299400000,-0.01319788734859681,-0.01319788734859681,-0.01319788734859681,0E-17,ELIGIBLE,R03b_20260811_FULL_v1,L1_ELIGIBILITY,v2026-08-11,2026-03-21..2026-08-06,baccarat_bet02_101_all_pairs_incl_sentinel,round_win = game_pnl > 0 (decisive only),COMPATIBILITY_ONLY_NOT_PRODUCTION,1578.3934,1445.9493,-61.4954,197,174,0.03896078,0.23162612,0.01074342,0.03896078,61.4954,1578.3934,OK,0.0000,-2.4598,4.0000,96.0000,AG03-UNRESOLVED,ALL5_LEVELS_bet23_to_bet27,-2.4598,-3.0748,-3.0748,-3.0748,-3.0748,4.000000,5.000000,5.000000,5.000000,5.000000,96.000000,95.000000,95.000000,95.000000,95.000000,5.0,-14.7589,-13.4106,-46.7365,-48.0849,PENDING_AG03,FALSE,NOT_FOR_ENFORCEMENT,-59.0356,1388.1113,-61.4954,-59.0356,-2.4598,-0.03896078,-0.03740235,-2.4598,-59.0356,-0.03740235,-2.4598,-3.0748,-3.0748,-3.0748,-3.0748,-59.0356,-0.03740235,-14.7589,-13.4106,-46.7365,-48.0849,-0.02961019,-0.03046445,-0.00155843,8.0121,8.3101,-0.3534,-1.7570,-1.0789,45.0970,4.9714,6.7212,8.2441,2.84,5.2352,10.3783,12.9729,25.076,51.8914,5.1891,0.0,4.7899,9.912044,1.530441,17,46,37,3,0.12774816,-0.03896078,-0.23162612,0E-8,0.000000,0.916089,0.000000,0.22088270,2026-03-22,2026-07-31,35,57,55,132,0.265152,0.815282,0.838880,0.425827,,,,,,,,GLOBAL_BASELINE_NO_ENTITY_RANKING,,,NOT_APPLICABLE_GLOBAL_BASELINE,HF9g-P5,,,,X 全窗基线 · 不参与实体赏罚,3928585,393,A168_HF9F_20260827_0900,2026-08-27 09:00:00
2026-04-08,122521068,1402,0,30.8876266262,9.3186398975,9.3186398975,0.6000000,10,10,0.50128862000000000,0.501288620000,0.6243076569377782,0.6243076569377782,0.6243076569377782,0E-17,ELIGIBLE,R03b_20260811_FULL_v1,L1_ELIGIBILITY,v2026-08-11,2026-03-21..2026-08-06,baccarat_bet02_101_all_pairs_incl_sentinel,round_win = game_pnl > 0 (decisive only),COMPATIBILITY_ONLY_NOT_PRODUCTION,1578.3934,1445.9493,-61.4954,197,174,0.03896078,0.23162612,0.01074342,0.03896078,61.4954,1578.3934,OK,0.0000,-2.4598,4.0000,96.0000,AG03-UNRESOLVED,ALL5_LEVELS_bet23_to_bet27,-2.4598,-3.0748,-3.0748,-3.0748,-3.0748,4.000000,5.000000,5.000000,5.000000,5.000000,96.000000,95.000000,95.000000,95.000000,95.000000,5.0,-14.7589,-13.4106,-46.7365,-48.0849,PENDING_AG03,FALSE,NOT_FOR_ENFORCEMENT,-59.0356,1388.1113,-61.4954,-59.0356,-2.4598,-0.03896078,-0.03740235,-2.4598,-59.0356,-0.03740235,-2.4598,-3.0748,-3.0748,-3.0748,-3.0748,-59.0356,-0.03740235,-14.7589,-13.4106,-46.7365,-48.0849,-0.02961019,-0.03046445,-0.00155843,8.0121,8.3101,-0.3534,-1.7570,-1.0789,45.0970,4.9714,6.7212,8.2441,2.84,5.2352,10.3783,12.9729,25.076,51.8914,5.1891,0.0,4.7899,9.912044,1.530441,17,46,37,3,0.12774816,-0.03896078,-0.23162612,0E-8,0.000000,0.916089,0.000000,0.22088270,2026-03-22,2026-07-31,35,57,55,132,0.265152,0.815282,0.838880,0.425827,,,,,,,,GLOBAL_BASELINE_NO_ENTITY_RANKING,,,NOT_APPLICABLE_GLOBAL_BASELINE,HF9g-P5,,,,X 全窗基线 · 不参与实体赏罚,3928586,393,A168_HF9F_20260827_0900,2026-08-27 09:00:00
2026-04-08,122521068,1623,0,5.2351909536,0E-10,0E-10,,1,1,0.49324550000000000,0.493245500000,,,,0E-17,NO_DECISIVE_ROUND,R03b_20260811_FULL_v1,L1_ELIGIBILITY,v2026-08-11,2026-03-21..2026-08-06,baccarat_bet02_101_all_pairs_incl_sentinel,round_win = game_pnl > 0 (decisive only),COMPATIBILITY_ONLY_NOT_PRODUCTION,1578.3934,1445.9493,-61.4954,197,174,0.03896078,0.23162612,0.01074342,0.03896078,61.4954,1578.3934,OK,0.0000,-2.4598,4.0000,96.0000,AG03-UNRESOLVED,ALL5_LEVELS_bet23_to_bet27,-2.4598,-3.0748,-3.0748,-3.0748,-3.0748,4.000000,5.000000,5.000000,5.000000,5.000000,96.000000,95.000000,95.000000,95.000000,95.000000,5.0,-14.7589,-13.4106,-46.7365,-48.0849,PENDING_AG03,FALSE,NOT_FOR_ENFORCEMENT,-59.0356,1388.1113,-61.4954,-59.0356,-2.4598,-0.03896078,-0.03740235,-2.4598,-59.0356,-0.03740235,-2.4598,-3.0748,-3.0748,-3.0748,-3.0748,-59.0356,-0.03740235,-14.7589,-13.4106,-46.7365,-48.0849,-0.02961019,-0.03046445,-0.00155843,8.0121,8.3101,-0.3534,-1.7570,-1.0789,45.0970,4.9714,6.7212,8.2441,2.84,5.2352,10.3783,12.9729,25.076,51.8914,5.1891,0.0,4.7899,9.912044,1.530441,17,46,37,3,0.12774816,-0.03896078,-0.23162612,0E-8,0.000000,0.916089,0.000000,0.22088270,2026-03-22,2026-07-31,35,57,55,132,0.265152,0.815282,0.838880,0.425827,,,,,,,,GLOBAL_BASELINE_NO_ENTITY_RANKING,,,NOT_APPLICABLE_GLOBAL_BASELINE,HF9g-P5,,,,X 全窗基线 · 不参与实体赏罚,3928587,393,A168_HF9F_20260827_0900,2026-08-27 09:00:00
2026-04-08,122521068,1710,0,2.6175954768,2.6175954768,2.6175954768,1.0000000,1,1,0.49324550000000000,0.493245500000,1.01360149184955,1.01360149184955,1.01360149184955,0E-17,ELIGIBLE,R03b_20260811_FULL_v1,L1_ELIGIBILITY,v2026-08-11,2026-03-21..2026-08-06,baccarat_bet02_101_all_pairs_incl_sentinel,round_win = game_pnl > 0 (decisive only),COMPATIBILITY_ONLY_NOT_PRODUCTION,1578.3934,1445.9493,-61.4954,197,174,0.03896078,0.23162612,0.01074342,0.03896078,61.4954,1578.3934,OK,0.0000,-2.4598,4.0000,96.0000,AG03-UNRESOLVED,ALL5_LEVELS_bet23_to_bet27,-2.4598,-3.0748,-3.0748,-3.0748,-3.0748,4.000000,5.000000,5.000000,5.000000,5.000000,96.000000,95.000000,95.000000,95.000000,95.000000,5.0,-14.7589,-13.4106,-46.7365,-48.0849,PENDING_AG03,FALSE,NOT_FOR_ENFORCEMENT,-59.0356,1388.1113,-61.4954,-59.0356,-2.4598,-0.03896078,-0.03740235,-2.4598,-59.0356,-0.03740235,-2.4598,-3.0748,-3.0748,-3.0748,-3.0748,-59.0356,-0.03740235,-14.7589,-13.4106,-46.7365,-48.0849,-0.02961019,-0.03046445,-0.00155843,8.0121,8.3101,-0.3534,-1.7570,-1.0789,45.0970,4.9714,6.7212,8.2441,2.84,5.2352,10.3783,12.9729,25.076,51.8914,5.1891,0.0,4.7899,9.912044,1.530441,17,46,37,3,0.12774816,-0.03896078,-0.23162612,0E-8,0.000000,0.916089,0.000000,0.22088270,2026-03-22,2026-07-31,35,57,55,132,0.265152,0.815282,0.838880,0.425827,,,,,,,,GLOBAL_BASELINE_NO_ENTITY_RANKING,,,NOT_APPLICABLE_GLOBAL_BASELINE,HF9g-P5,,,,X 全窗基线 · 不参与实体赏罚,3928588,393,A168_HF9F_20260827_0900,2026-08-27 09:00:00
2026-04-08,122521068,2106,0,13.0879773840,-2.6175954768,-2.6175954768,0.5000000,2,2,0.49324550000000000,0.493245500000,0.01910635448239258,0.01910635448239258,0.01910635448239258,0E-17,ELIGIBLE,R03b_20260811_FULL_v1,L1_ELIGIBILITY,v2026-08-11,2026-03-21..2026-08-06,baccarat_bet02_101_all_pairs_incl_sentinel,round_win = game_pnl > 0 (decisive only),COMPATIBILITY_ONLY_NOT_PRODUCTION,1578.3934,1445.9493,-61.4954,197,174,0.03896078,0.23162612,0.01074342,0.03896078,61.4954,1578.3934,OK,0.0000,-2.4598,4.0000,96.0000,AG03-UNRESOLVED,ALL5_LEVELS_bet23_to_bet27,-2.4598,-3.0748,-3.0748,-3.0748,-3.0748,4.000000,5.000000,5.000000,5.000000,5.000000,96.000000,95.000000,95.000000,95.000000,95.000000,5.0,-14.7589,-13.4106,-46.7365,-48.0849,PENDING_AG03,FALSE,NOT_FOR_ENFORCEMENT,-59.0356,1388.1113,-61.4954,-59.0356,-2.4598,-0.03896078,-0.03740235,-2.4598,-59.0356,-0.03740235,-2.4598,-3.0748,-3.0748,-3.0748,-3.0748,-59.0356,-0.03740235,-14.7589,-13.4106,-46.7365,-48.0849,-0.02961019,-0.03046445,-0.00155843,8.0121,8.3101,-0.3534,-1.7570,-1.0789,45.0970,4.9714,6.7212,8.2441,2.84,5.2352,10.3783,12.9729,25.076,51.8914,5.1891,0.0,4.7899,9.912044,1.530441,17,46,37,3,0.12774816,-0.03896078,-0.23162612,0E-8,0.000000,0.916089,0.000000,0.22088270,2026-03-22,2026-07-31,35,57,55,132,0.265152,0.815282,0.838880,0.425827,,,,,,,,GLOBAL_BASELINE_NO_ENTITY_RANKING,,,NOT_APPLICABLE_GLOBAL_BASELINE,HF9g-P5,,,,X 全窗基线 · 不参与实体赏罚,3928589,393,A168_HF9F_20260827_0900,2026-08-27 09:00:00
2026-04-15,122521068,-1,1,3.9263932152,-3.9263932152,-3.9263932152,0E-7,1,1,0.50665070000000000,0.506650700000,-1.013391052207602,-1.013391052207602,-1.013391052207602,0E-17,SENTINEL_DEALER,R03b_20260811_FULL_v1,L1_ELIGIBILITY,v2026-08-11,2026-03-21..2026-08-06,baccarat_bet02_101_all_pairs_incl_sentinel,round_win = game_pnl > 0 (decisive only),COMPATIBILITY_ONLY_NOT_PRODUCTION,1578.3934,1445.9493,-61.4954,197,174,0.03896078,0.23162612,0.01074342,0.03896078,61.4954,1578.3934,OK,0.0000,-2.4598,4.0000,96.0000,AG03-UNRESOLVED,ALL5_LEVELS_bet23_to_bet27,-2.4598,-3.0748,-3.0748,-3.0748,-3.0748,4.000000,5.000000,5.000000,5.000000,5.000000,96.000000,95.000000,95.000000,95.000000,95.000000,5.0,-14.7589,-13.4106,-46.7365,-48.0849,PENDING_AG03,FALSE,NOT_FOR_ENFORCEMENT,-59.0356,1388.1113,-61.4954,-59.0356,-2.4598,-0.03896078,-0.03740235,-2.4598,-59.0356,-0.03740235,-2.4598,-3.0748,-3.0748,-3.0748,-3.0748,-59.0356,-0.03740235,-14.7589,-13.4106,-46.7365,-48.0849,-0.02961019,-0.03046445,-0.00155843,8.0121,8.3101,-0.3534,-1.7570,-1.0789,45.0970,4.9714,6.7212,8.2441,2.84,5.2352,10.3783,12.9729,25.076,51.8914,5.1891,0.0,4.7899,9.912044,1.530441,17,46,37,3,0.12774816,-0.03896078,-0.23162612,0E-8,0.000000,0.916089,0.000000,0.22088270,2026-03-22,2026-07-31,35,57,55,132,0.265152,0.815282,0.838880,0.425827,,,,,,,,GLOBAL_BASELINE_NO_ENTITY_RANKING,,,NOT_APPLICABLE_GLOBAL_BASELINE,HF9g-P5,,,,X 全窗基线 · 不参与实体赏罚,3928590,393,A168_HF9F_20260827_0900,2026-08-27 09:00:00
2026-05-10,122521068,1405,0,4.6702298791,-4.6702298791,-4.6702298791,0E-7,1,1,0.49324550000000000,0.493245500000,-0.9865810262130424,-0.9865810262130424,-0.9865810262130424,0E-17,ELIGIBLE,R03b_20260811_FULL_v1,L1_ELIGIBILITY,v2026-08-11,2026-03-21..2026-08-06,baccarat_bet02_101_all_pairs_incl_sentinel,round_win = game_pnl > 0 (decisive only),COMPATIBILITY_ONLY_NOT_PRODUCTION,1578.3934,1445.9493,-61.4954,197,174,0.03896078,0.23162612,0.01074342,0.03896078,61.4954,1578.3934,OK,0.0000,-2.4598,4.0000,96.0000,AG03-UNRESOLVED,ALL5_LEVELS_bet23_to_bet27,-2.4598,-3.0748,-3.0748,-3.0748,-3.0748,4.000000,5.000000,5.000000,5.000000,5.000000,96.000000,95.000000,95.000000,95.000000,95.000000,5.0,-14.7589,-13.4106,-46.7365,-48.0849,PENDING_AG03,FALSE,NOT_FOR_ENFORCEMENT,-59.0356,1388.1113,-61.4954,-59.0356,-2.4598,-0.03896078,-0.03740235,-2.4598,-59.0356,-0.03740235,-2.4598,-3.0748,-3.0748,-3.0748,-3.0748,-59.0356,-0.03740235,-14.7589,-13.4106,-46.7365,-48.0849,-0.02961019,-0.03046445,-0.00155843,8.0121,8.3101,-0.3534,-1.7570,-1.0789,45.0970,4.9714,6.7212,8.2441,2.84,5.2352,10.3783,12.9729,25.076,51.8914,5.1891,0.0,4.7899,9.912044,1.530441,17,46,37,3,0.12774816,-0.03896078,-0.23162612,0E-8,0.000000,0.916089,0.000000,0.22088270,2026-03-22,2026-07-31,35,57,55,132,0.265152,0.815282,0.838880,0.425827,,,,,,,,GLOBAL_BASELINE_NO_ENTITY_RANKING,,,NOT_APPLICABLE_GLOBAL_BASELINE,HF9g-P5,,,,X 全窗基线 · 不参与实体赏罚,3928591,393,A168_HF9F_20260827_0900,2026-08-27 09:00:00
2026-05-29,122521068,1307,0,18.1620050854,12.1944891287,12.1944891287,1.0000000,2,1,0.44778671428474197,0.300626750000,1.1104981095110324,1.5252488199758223,1.1104981095110324,0.14715996428474197,ELIGIBLE,R03b_20260811_FULL_v1,L1_ELIGIBILITY,v2026-08-11,2026-03-21..2026-08-06,baccarat_bet02_101_all_pairs_incl_sentinel,round_win = game_pnl > 0 (decisive only),COMPATIBILITY_ONLY_NOT_PRODUCTION,1578.3934,1445.9493,-61.4954,197,174,0.03896078,0.23162612,0.01074342,0.03896078,61.4954,1578.3934,OK,0.0000,-2.4598,4.0000,96.0000,AG03-UNRESOLVED,ALL5_LEVELS_bet23_to_bet27,-2.4598,-3.0748,-3.0748,-3.0748,-3.0748,4.000000,5.000000,5.000000,5.000000,5.000000,96.000000,95.000000,95.000000,95.000000,95.000000,5.0,-14.7589,-13.4106,-46.7365,-48.0849,PENDING_AG03,FALSE,NOT_FOR_ENFORCEMENT,-59.0356,1388.1113,-61.4954,-59.0356,-2.4598,-0.03896078,-0.03740235,-2.4598,-59.0356,-0.03740235,-2.4598,-3.0748,-3.0748,-3.0748,-3.0748,-59.0356,-0.03740235,-14.7589,-13.4106,-46.7365,-48.0849,-0.02961019,-0.03046445,-0.00155843,8.0121,8.3101,-0.3534,-1.7570,-1.0789,45.0970,4.9714,6.7212,8.2441,2.84,5.2352,10.3783,12.9729,25.076,51.8914,5.1891,0.0,4.7899,9.912044,1.530441,17,46,37,3,0.12774816,-0.03896078,-0.23162612,0E-8,0.000000,0.916089,0.000000,0.22088270,2026-03-22,2026-07-31,35,57,55,132,0.265152,0.815282,0.838880,0.425827,,,,,,,,GLOBAL_BASELINE_NO_ENTITY_RANKING,,,NOT_APPLICABLE_GLOBAL_BASELINE,HF9g-P5,,,,X 全窗基线 · 不参与实体赏罚,3928592,393,A168_HF9F_20260827_0900,2026-08-27 09:00:00
2026-05-29,122521068,1325,0,183.4362513629,73.9712521403,73.9712521403,0.7692308,19,14,0.47590019642826248,0.427804389286,2.11769819266112,2.4881345992660746,2.11769819266112,0.04809580714226248,ELIGIBLE,R03b_20260811_FULL_v1,L1_ELIGIBILITY,v2026-08-11,2026-03-21..2026-08-06,baccarat_bet02_101_all_pairs_incl_sentinel,round_win = game_pnl > 0 (decisive only),COMPATIBILITY_ONLY_NOT_PRODUCTION,1578.3934,1445.9493,-61.4954,197,174,0.03896078,0.23162612,0.01074342,0.03896078,61.4954,1578.3934,OK,0.0000,-2.4598,4.0000,96.0000,AG03-UNRESOLVED,ALL5_LEVELS_bet23_to_bet27,-2.4598,-3.0748,-3.0748,-3.0748,-3.0748,4.000000,5.000000,5.000000,5.000000,5.000000,96.000000,95.000000,95.000000,95.000000,95.000000,5.0,-14.7589,-13.4106,-46.7365,-48.0849,PENDING_AG03,FALSE,NOT_FOR_ENFORCEMENT,-59.0356,1388.1113,-61.4954,-59.0356,-2.4598,-0.03896078,-0.03740235,-2.4598,-59.0356,-0.03740235,-2.4598,-3.0748,-3.0748,-3.0748,-3.0748,-59.0356,-0.03740235,-14.7589,-13.4106,-46.7365,-48.0849,-0.02961019,-0.03046445,-0.00155843,8.0121,8.3101,-0.3534,-1.7570,-1.0789,45.0970,4.9714,6.7212,8.2441,2.84,5.2352,10.3783,12.9729,25.076,51.8914,5.1891,0.0,4.7899,9.912044,1.530441,17,46,37,3,0.12774816,-0.03896078,-0.23162612,0E-8,0.000000,0.916089,0.000000,0.22088270,2026-03-22,2026-07-31,35,57,55,132,0.265152,0.815282,0.838880,0.425827,,,,,,,,GLOBAL_BASELINE_NO_ENTITY_RANKING,,,NOT_APPLICABLE_GLOBAL_BASELINE,HF9g-P5,,,,X 全窗基线 · 不参与实体赏罚,3928593,393,A168_HF9F_20260827_0900,2026-08-27 09:00:00
2026-05-29,122521068,1994,0,394.3749675682,14.9187898912,14.9187898912,0.5833333,23,13,0.46163808181771448,0.343530476923,0.8456220050988867,1.749262775780873,0.8456220050988867,0.11810760489471448,ELIGIBLE,R03b_20260811_FULL_v1,L1_ELIGIBILITY,v2026-08-11,2026-03-21..2026-08-06,baccarat_bet02_101_all_pairs_incl_sentinel,round_win = game_pnl > 0 (decisive only),COMPATIBILITY_ONLY_NOT_PRODUCTION,1578.3934,1445.9493,-61.4954,197,174,0.03896078,0.23162612,0.01074342,0.03896078,61.4954,1578.3934,OK,0.0000,-2.4598,4.0000,96.0000,AG03-UNRESOLVED,ALL5_LEVELS_bet23_to_bet27,-2.4598,-3.0748,-3.0748,-3.0748,-3.0748,4.000000,5.000000,5.000000,5.000000,5.000000,96.000000,95.000000,95.000000,95.000000,95.000000,5.0,-14.7589,-13.4106,-46.7365,-48.0849,PENDING_AG03,FALSE,NOT_FOR_ENFORCEMENT,-59.0356,1388.1113,-61.4954,-59.0356,-2.4598,-0.03896078,-0.03740235,-2.4598,-59.0356,-0.03740235,-2.4598,-3.0748,-3.0748,-3.0748,-3.0748,-59.0356,-0.03740235,-14.7589,-13.4106,-46.7365,-48.0849,-0.02961019,-0.03046445,-0.00155843,8.0121,8.3101,-0.3534,-1.7570,-1.0789,45.0970,4.9714,6.7212,8.2441,2.84,5.2352,10.3783,12.9729,25.076,51.8914,5.1891,0.0,4.7899,9.912044,1.530441,17,46,37,3,0.12774816,-0.03896078,-0.23162612,0E-8,0.000000,0.916089,0.000000,0.22088270,2026-03-22,2026-07-31,35,57,55,132,0.265152,0.815282,0.838880,0.425827,,,,,,,,GLOBAL_BASELINE_NO_ENTITY_RANKING,,,NOT_APPLICABLE_GLOBAL_BASELINE,HF9g-P5,,,,X 全窗基线 · 不参与实体赏罚,3928594,393,A168_HF9F_20260827_0900,2026-08-27 09:00:00
2026-05-29,122521068,2101,0,25.9457215506,-25.9457215506,-25.9457215506,0E-7,2,2,0.49994810000000000,0.499948100000,-1.4140667746232096,-1.4140667746232096,-1.4140667746232096,0E-17,ELIGIBLE,R03b_20260811_FULL_v1,L1_ELIGIBILITY,v2026-08-11,2026-03-21..2026-08-06,baccarat_bet02_101_all_pairs_incl_sentinel,round_win = game_pnl > 0 (decisive only),COMPATIBILITY_ONLY_NOT_PRODUCTION,1578.3934,1445.9493,-61.4954,197,174,0.03896078,0.23162612,0.01074342,0.03896078,61.4954,1578.3934,OK,0.0000,-2.4598,4.0000,96.0000,AG03-UNRESOLVED,ALL5_LEVELS_bet23_to_bet27,-2.4598,-3.0748,-3.0748,-3.0748,-3.0748,4.000000,5.000000,5.000000,5.000000,5.000000,96.000000,95.000000,95.000000,95.000000,95.000000,5.0,-14.7589,-13.4106,-46.7365,-48.0849,PENDING_AG03,FALSE,NOT_FOR_ENFORCEMENT,-59.0356,1388.1113,-61.4954,-59.0356,-2.4598,-0.03896078,-0.03740235,-2.4598,-59.0356,-0.03740235,-2.4598,-3.0748,-3.0748,-3.0748,-3.0748,-59.0356,-0.03740235,-14.7589,-13.4106,-46.7365,-48.0849,-0.02961019,-0.03046445,-0.00155843,8.0121,8.3101,-0.3534,-1.7570,-1.0789,45.0970,4.9714,6.7212,8.2441,2.84,5.2352,10.3783,12.9729,25.076,51.8914,5.1891,0.0,4.7899,9.912044,1.530441,17,46,37,3,0.12774816,-0.03896078,-0.23162612,0E-8,0.000000,0.916089,0.000000,0.22088270,2026-03-22,2026-07-31,35,57,55,132,0.265152,0.815282,0.838880,0.425827,,,,,,,,GLOBAL_BASELINE_NO_ENTITY_RANKING,,,NOT_APPLICABLE_GLOBAL_BASELINE,HF9g-P5,,,,X 全窗基线 · 不参与实体赏罚,3928595,393,A168_HF9F_20260827_0900,2026-08-27 09:00:00
2026-05-29,122521068,2169,0,129.7286077527,32.8213377614,32.8213377614,0.7142857,16,15,0.49847568799991530,0.490234730000,1.6149818629098782,1.6769639034649138,1.6149818629098782,0.00824095799991530,ELIGIBLE,R03b_20260811_FULL_v1,L1_ELIGIBILITY,v2026-08-11,2026-03-21..2026-08-06,baccarat_bet02_101_all_pairs_incl_sentinel,round_win = game_pnl > 0 (decisive only),COMPATIBILITY_ONLY_NOT_PRODUCTION,1578.3934,1445.9493,-61.4954,197,174,0.03896078,0.23162612,0.01074342,0.03896078,61.4954,1578.3934,OK,0.0000,-2.4598,4.0000,96.0000,AG03-UNRESOLVED,ALL5_LEVELS_bet23_to_bet27,-2.4598,-3.0748,-3.0748,-3.0748,-3.0748,4.000000,5.000000,5.000000,5.000000,5.000000,96.000000,95.000000,95.000000,95.000000,95.000000,5.0,-14.7589,-13.4106,-46.7365,-48.0849,PENDING_AG03,FALSE,NOT_FOR_ENFORCEMENT,-59.0356,1388.1113,-61.4954,-59.0356,-2.4598,-0.03896078,-0.03740235,-2.4598,-59.0356,-0.03740235,-2.4598,-3.0748,-3.0748,-3.0748,-3.0748,-59.0356,-0.03740235,-14.7589,-13.4106,-46.7365,-48.0849,-0.02961019,-0.03046445,-0.00155843,8.0121,8.3101,-0.3534,-1.7570,-1.0789,45.0970,4.9714,6.7212,8.2441,2.84,5.2352,10.3783,12.9729,25.076,51.8914,5.1891,0.0,4.7899,9.912044,1.530441,17,46,37,3,0.12774816,-0.03896078,-0.23162612,0E-8,0.000000,0.916089,0.000000,0.22088270,2026-03-22,2026-07-31,35,57,55,132,0.265152,0.815282,0.838880,0.425827,,,,,,,,GLOBAL_BASELINE_NO_ENTITY_RANKING,,,NOT_APPLICABLE_GLOBAL_BASELINE,HF9g-P5,,,,X 全窗基线 · 不参与实体赏罚,3928596,393,A168_HF9F_20260827_0900,2026-08-27 09:00:00
2026-05-30,122521068,2250,0,51.1130714546,-7.6020964144,-7.6020964144,0.5000000,5,4,0.48641219098338249,0.451793412500,0.05437131676980067,0.1937288555254134,0.05437131676980067,0.03461877848338249,ELIGIBLE,R03b_20260811_FULL_v1,L1_ELIGIBILITY,v2026-08-11,2026-03-21..2026-08-06,baccarat_bet02_101_all_pairs_incl_sentinel,round_win = game_pnl > 0 (decisive only),COMPATIBILITY_ONLY_NOT_PRODUCTION,1578.3934,1445.9493,-61.4954,197,174,0.03896078,0.23162612,0.01074342,0.03896078,61.4954,1578.3934,OK,0.0000,-2.4598,4.0000,96.0000,AG03-UNRESOLVED,ALL5_LEVELS_bet23_to_bet27,-2.4598,-3.0748,-3.0748,-3.0748,-3.0748,4.000000,5.000000,5.000000,5.000000,5.000000,96.000000,95.000000,95.000000,95.000000,95.000000,5.0,-14.7589,-13.4106,-46.7365,-48.0849,PENDING_AG03,FALSE,NOT_FOR_ENFORCEMENT,-59.0356,1388.1113,-61.4954,-59.0356,-2.4598,-0.03896078,-0.03740235,-2.4598,-59.0356,-0.03740235,-2.4598,-3.0748,-3.0748,-3.0748,-3.0748,-59.0356,-0.03740235,-14.7589,-13.4106,-46.7365,-48.0849,-0.02961019,-0.03046445,-0.00155843,8.0121,8.3101,-0.3534,-1.7570,-1.0789,45.0970,4.9714,6.7212,8.2441,2.84,5.2352,10.3783,12.9729,25.076,51.8914,5.1891,0.0,4.7899,9.912044,1.530441,17,46,37,3,0.12774816,-0.03896078,-0.23162612,0E-8,0.000000,0.916089,0.000000,0.22088270,2026-03-22,2026-07-31,35,57,55,132,0.265152,0.815282,0.838880,0.425827,,,,,,,,GLOBAL_BASELINE_NO_ENTITY_RANKING,,,NOT_APPLICABLE_GLOBAL_BASELINE,HF9g-P5,,,,X 全窗基线 · 不参与实体赏罚,3928597,393,A168_HF9F_20260827_0900,2026-08-27 09:00:00
2026-05-31,122521068,-1,1,25.9457215506,-25.9457215506,-25.9457215506,0E-7,2,2,0.50665070000000000,0.506650700000,-1.4331513700195317,-1.4331513700195317,-1.4331513700195317,0E-17,SENTINEL_DEALER,R03b_20260811_FULL_v1,L1_ELIGIBILITY,v2026-08-11,2026-03-21..2026-08-06,baccarat_bet02_101_all_pairs_incl_sentinel,round_win = game_pnl > 0 (decisive only),COMPATIBILITY_ONLY_NOT_PRODUCTION,1578.3934,1445.9493,-61.4954,197,174,0.03896078,0.23162612,0.01074342,0.03896078,61.4954,1578.3934,OK,0.0000,-2.4598,4.0000,96.0000,AG03-UNRESOLVED,ALL5_LEVELS_bet23_to_bet27,-2.4598,-3.0748,-3.0748,-3.0748,-3.0748,4.000000,5.000000,5.000000,5.000000,5.000000,96.000000,95.000000,95.000000,95.000000,95.000000,5.0,-14.7589,-13.4106,-46.7365,-48.0849,PENDING_AG03,FALSE,NOT_FOR_ENFORCEMENT,-59.0356,1388.1113,-61.4954,-59.0356,-2.4598,-0.03896078,-0.03740235,-2.4598,-59.0356,-0.03740235,-2.4598,-3.0748,-3.0748,-3.0748,-3.0748,-59.0356,-0.03740235,-14.7589,-13.4106,-46.7365,-48.0849,-0.02961019,-0.03046445,-0.00155843,8.0121,8.3101,-0.3534,-1.7570,-1.0789,45.0970,4.9714,6.7212,8.2441,2.84,5.2352,10.3783,12.9729,25.076,51.8914,5.1891,0.0,4.7899,9.912044,1.530441,17,46,37,3,0.12774816,-0.03896078,-0.23162612,0E-8,0.000000,0.916089,0.000000,0.22088270,2026-03-22,2026-07-31,35,57,55,132,0.265152,0.815282,0.838880,0.425827,,,,,,,,GLOBAL_BASELINE_NO_ENTITY_RANKING,,,NOT_APPLICABLE_GLOBAL_BASELINE,HF9g-P5,,,,X 全窗基线 · 不参与实体赏罚,3928598,393,A168_HF9F_20260827_0900,2026-08-27 09:00:00
2026-05-31,122521068,1382,0,44.1077266360,27.6321934513,27.6321934513,0.8000000,6,5,0.48534291199975417,0.461424350000,1.4077942802765873,1.518682929575354,1.4077942802765873,0.02391856199975417,ELIGIBLE,R03b_20260811_FULL_v1,L1_ELIGIBILITY,v2026-08-11,2026-03-21..2026-08-06,baccarat_bet02_101_all_pairs_incl_sentinel,round_win = game_pnl > 0 (decisive only),COMPATIBILITY_ONLY_NOT_PRODUCTION,1578.3934,1445.9493,-61.4954,197,174,0.03896078,0.23162612,0.01074342,0.03896078,61.4954,1578.3934,OK,0.0000,-2.4598,4.0000,96.0000,AG03-UNRESOLVED,ALL5_LEVELS_bet23_to_bet27,-2.4598,-3.0748,-3.0748,-3.0748,-3.0748,4.000000,5.000000,5.000000,5.000000,5.000000,96.000000,95.000000,95.000000,95.000000,95.000000,5.0,-14.7589,-13.4106,-46.7365,-48.0849,PENDING_AG03,FALSE,NOT_FOR_ENFORCEMENT,-59.0356,1388.1113,-61.4954,-59.0356,-2.4598,-0.03896078,-0.03740235,-2.4598,-59.0356,-0.03740235,-2.4598,-3.0748,-3.0748,-3.0748,-3.0748,-59.0356,-0.03740235,-14.7589,-13.4106,-46.7365,-48.0849,-0.02961019,-0.03046445,-0.00155843,8.0121,8.3101,-0.3534,-1.7570,-1.0789,45.0970,4.9714,6.7212,8.2441,2.84,5.2352,10.3783,12.9729,25.076,51.8914,5.1891,0.0,4.7899,9.912044,1.530441,17,46,37,3,0.12774816,-0.03896078,-0.23162612,0E-8,0.000000,0.916089,0.000000,0.22088270,2026-03-22,2026-07-31,35,57,55,132,0.265152,0.815282,0.838880,0.425827,,,,,,,,GLOBAL_BASELINE_NO_ENTITY_RANKING,,,NOT_APPLICABLE_GLOBAL_BASELINE,HF9g-P5,,,,X 全窗基线 · 不参与实体赏罚,3928599,393,A168_HF9F_20260827_0900,2026-08-27 09:00:00
2026-05-31,122521068,1384,0,14.0106896373,-14.0106896373,-14.0106896373,0E-7,2,2,0.49324550000000000,0.493245500000,-1.3952362676504506,-1.3952362676504506,-1.3952362676504506,0E-17,ELIGIBLE,R03b_20260811_FULL_v1,L1_ELIGIBILITY,v2026-08-11,2026-03-21..2026-08-06,baccarat_bet02_101_all_pairs_incl_sentinel,round_win = game_pnl > 0 (decisive only),COMPATIBILITY_ONLY_NOT_PRODUCTION,1578.3934,1445.9493,-61.4954,197,174,0.03896078,0.23162612,0.01074342,0.03896078,61.4954,1578.3934,OK,0.0000,-2.4598,4.0000,96.0000,AG03-UNRESOLVED,ALL5_LEVELS_bet23_to_bet27,-2.4598,-3.0748,-3.0748,-3.0748,-3.0748,4.000000,5.000000,5.000000,5.000000,5.000000,96.000000,95.000000,95.000000,95.000000,95.000000,5.0,-14.7589,-13.4106,-46.7365,-48.0849,PENDING_AG03,FALSE,NOT_FOR_ENFORCEMENT,-59.0356,1388.1113,-61.4954,-59.0356,-2.4598,-0.03896078,-0.03740235,-2.4598,-59.0356,-0.03740235,-2.4598,-3.0748,-3.0748,-3.0748,-3.0748,-59.0356,-0.03740235,-14.7589,-13.4106,-46.7365,-48.0849,-0.02961019,-0.03046445,-0.00155843,8.0121,8.3101,-0.3534,-1.7570,-1.0789,45.0970,4.9714,6.7212,8.2441,2.84,5.2352,10.3783,12.9729,25.076,51.8914,5.1891,0.0,4.7899,9.912044,1.530441,17,46,37,3,0.12774816,-0.03896078,-0.23162612,0E-8,0.000000,0.916089,0.000000,0.22088270,2026-03-22,2026-07-31,35,57,55,132,0.265152,0.815282,0.838880,0.425827,,,,,,,,GLOBAL_BASELINE_NO_ENTITY_RANKING,,,NOT_APPLICABLE_GLOBAL_BASELINE,HF9g-P5,,,,X 全窗基线 · 不参与实体赏罚,3928600,393,A168_HF9F_20260827_0900,2026-08-27 09:00:00
2026-05-31,122521068,1402,0,33.7294380158,-23.3511493956,-23.3511493956,0.3333333,5,3,0.44809722333262531,0.362598800000,-0.3997131829514479,-0.10543783055845604,-0.3997131829514479,0.08549842333262531,ELIGIBLE,R03b_20260811_FULL_v1,L1_ELIGIBILITY,v2026-08-11,2026-03-21..2026-08-06,baccarat_bet02_101_all_pairs_incl_sentinel,round_win = game_pnl > 0 (decisive only),COMPATIBILITY_ONLY_NOT_PRODUCTION,1578.3934,1445.9493,-61.4954,197,174,0.03896078,0.23162612,0.01074342,0.03896078,61.4954,1578.3934,OK,0.0000,-2.4598,4.0000,96.0000,AG03-UNRESOLVED,ALL5_LEVELS_bet23_to_bet27,-2.4598,-3.0748,-3.0748,-3.0748,-3.0748,4.000000,5.000000,5.000000,5.000000,5.000000,96.000000,95.000000,95.000000,95.000000,95.000000,5.0,-14.7589,-13.4106,-46.7365,-48.0849,PENDING_AG03,FALSE,NOT_FOR_ENFORCEMENT,-59.0356,1388.1113,-61.4954,-59.0356,-2.4598,-0.03896078,-0.03740235,-2.4598,-59.0356,-0.03740235,-2.4598,-3.0748,-3.0748,-3.0748,-3.0748,-59.0356,-0.03740235,-14.7589,-13.4106,-46.7365,-48.0849,-0.02961019,-0.03046445,-0.00155843,8.0121,8.3101,-0.3534,-1.7570,-1.0789,45.0970,4.9714,6.7212,8.2441,2.84,5.2352,10.3783,12.9729,25.076,51.8914,5.1891,0.0,4.7899,9.912044,1.530441,17,46,37,3,0.12774816,-0.03896078,-0.23162612,0E-8,0.000000,0.916089,0.000000,0.22088270,2026-03-22,2026-07-31,35,57,55,132,0.265152,0.815282,0.838880,0.425827,,,,,,,,GLOBAL_BASELINE_NO_ENTITY_RANKING,,,NOT_APPLICABLE_GLOBAL_BASELINE,HF9g-P5,,,,X 全窗基线 · 不参与实体赏罚,3928601,393,A168_HF9F_20260827_0900,2026-08-27 09:00:00
2026-05-31,122521068,2167,0,6.2269731721,6.2269731721,6.2269731721,1.0000000,1,1,0.49324550000000000,0.493245500000,1.01360149184955,1.01360149184955,1.01360149184955,0E-17,ELIGIBLE,R03b_20260811_FULL_v1,L1_ELIGIBILITY,v2026-08-11,2026-03-21..2026-08-06,baccarat_bet02_101_all_pairs_incl_sentinel,round_win = game_pnl > 0 (decisive only),COMPATIBILITY_ONLY_NOT_PRODUCTION,1578.3934,1445.9493,-61.4954,197,174,0.03896078,0.23162612,0.01074342,0.03896078,61.4954,1578.3934,OK,0.0000,-2.4598,4.0000,96.0000,AG03-UNRESOLVED,ALL5_LEVELS_bet23_to_bet27,-2.4598,-3.0748,-3.0748,-3.0748,-3.0748,4.000000,5.000000,5.000000,5.000000,5.000000,96.000000,95.000000,95.000000,95.000000,95.000000,5.0,-14.7589,-13.4106,-46.7365,-48.0849,PENDING_AG03,FALSE,NOT_FOR_ENFORCEMENT,-59.0356,1388.1113,-61.4954,-59.0356,-2.4598,-0.03896078,-0.03740235,-2.4598,-59.0356,-0.03740235,-2.4598,-3.0748,-3.0748,-3.0748,-3.0748,-59.0356,-0.03740235,-14.7589,-13.4106,-46.7365,-48.0849,-0.02961019,-0.03046445,-0.00155843,8.0121,8.3101,-0.3534,-1.7570,-1.0789,45.0970,4.9714,6.7212,8.2441,2.84,5.2352,10.3783,12.9729,25.076,51.8914,5.1891,0.0,4.7899,9.912044,1.530441,17,46,37,3,0.12774816,-0.03896078,-0.23162612,0E-8,0.000000,0.916089,0.000000,0.22088270,2026-03-22,2026-07-31,35,57,55,132,0.265152,0.815282,0.838880,0.425827,,,,,,,,GLOBAL_BASELINE_NO_ENTITY_RANKING,,,NOT_APPLICABLE_GLOBAL_BASELINE,HF9g-P5,,,,X 全窗基线 · 不参与实体赏罚,3928602,393,A168_HF9F_20260827_0900,2026-08-27 09:00:00
2026-06-01,122521068,1210,0,34.7159719186,-11.6491372438,-11.6491372438,0.5000000,2,2,0.50665070000000000,0.506650700000,-0.018812684590367487,-0.018812684590367487,-0.018812684590367487,0E-17,ELIGIBLE,R03b_20260811_FULL_v1,L1_ELIGIBILITY,v2026-08-11,2026-03-21..2026-08-06,baccarat_bet02_101_all_pairs_incl_sentinel,round_win = game_pnl > 0 (decisive only),COMPATIBILITY_ONLY_NOT_PRODUCTION,1578.3934,1445.9493,-61.4954,197,174,0.03896078,0.23162612,0.01074342,0.03896078,61.4954,1578.3934,OK,0.0000,-2.4598,4.0000,96.0000,AG03-UNRESOLVED,ALL5_LEVELS_bet23_to_bet27,-2.4598,-3.0748,-3.0748,-3.0748,-3.0748,4.000000,5.000000,5.000000,5.000000,5.000000,96.000000,95.000000,95.000000,95.000000,95.000000,5.0,-14.7589,-13.4106,-46.7365,-48.0849,PENDING_AG03,FALSE,NOT_FOR_ENFORCEMENT,-59.0356,1388.1113,-61.4954,-59.0356,-2.4598,-0.03896078,-0.03740235,-2.4598,-59.0356,-0.03740235,-2.4598,-3.0748,-3.0748,-3.0748,-3.0748,-59.0356,-0.03740235,-14.7589,-13.4106,-46.7365,-48.0849,-0.02961019,-0.03046445,-0.00155843,8.0121,8.3101,-0.3534,-1.7570,-1.0789,45.0970,4.9714,6.7212,8.2441,2.84,5.2352,10.3783,12.9729,25.076,51.8914,5.1891,0.0,4.7899,9.912044,1.530441,17,46,37,3,0.12774816,-0.03896078,-0.23162612,0E-8,0.000000,0.916089,0.000000,0.22088270,2026-03-22,2026-07-31,35,57,55,132,0.265152,0.815282,0.838880,0.425827,,,,,,,,GLOBAL_BASELINE_NO_ENTITY_RANKING,,,NOT_APPLICABLE_GLOBAL_BASELINE,HF9g-P5,,,,X 全窗基线 · 不参与实体赏罚,3928603,393,A168_HF9F_20260827_0900,2026-08-27 09:00:00
2026-06-02,122521068,1109,0,15.4293208527,-15.4293208527,-15.4293208527,0E-7,1,1,0.50665070000000000,0.506650700000,-1.013391052207602,-1.013391052207602,-1.013391052207602,0E-17,ELIGIBLE,R03b_20260811_FULL_v1,L1_ELIGIBILITY,v2026-08-11,2026-03-21..2026-08-06,baccarat_bet02_101_all_pairs_incl_sentinel,round_win = game_pnl > 0 (decisive only),COMPATIBILITY_ONLY_NOT_PRODUCTION,1578.3934,1445.9493,-61.4954,197,174,0.03896078,0.23162612,0.01074342,0.03896078,61.4954,1578.3934,OK,0.0000,-2.4598,4.0000,96.0000,AG03-UNRESOLVED,ALL5_LEVELS_bet23_to_bet27,-2.4598,-3.0748,-3.0748,-3.0748,-3.0748,4.000000,5.000000,5.000000,5.000000,5.000000,96.000000,95.000000,95.000000,95.000000,95.000000,5.0,-14.7589,-13.4106,-46.7365,-48.0849,PENDING_AG03,FALSE,NOT_FOR_ENFORCEMENT,-59.0356,1388.1113,-61.4954,-59.0356,-2.4598,-0.03896078,-0.03740235,-2.4598,-59.0356,-0.03740235,-2.4598,-3.0748,-3.0748,-3.0748,-3.0748,-59.0356,-0.03740235,-14.7589,-13.4106,-46.7365,-48.0849,-0.02961019,-0.03046445,-0.00155843,8.0121,8.3101,-0.3534,-1.7570,-1.0789,45.0970,4.9714,6.7212,8.2441,2.84,5.2352,10.3783,12.9729,25.076,51.8914,5.1891,0.0,4.7899,9.912044,1.530441,17,46,37,3,0.12774816,-0.03896078,-0.23162612,0E-8,0.000000,0.916089,0.000000,0.22088270,2026-03-22,2026-07-31,35,57,55,132,0.265152,0.815282,0.838880,0.425827,,,,,,,,GLOBAL_BASELINE_NO_ENTITY_RANKING,,,NOT_APPLICABLE_GLOBAL_BASELINE,HF9g-P5,,,,X 全窗基线 · 不参与实体赏罚,3928604,393,A168_HF9F_20260827_0900,2026-08-27 09:00:00
2026-06-02,122521068,1210,0,3.8573302132,3.8573302132,3.8573302132,1.0000000,1,1,0.49324550000000000,0.493245500000,1.01360149184955,1.01360149184955,1.01360149184955,0E-17,ELIGIBLE,R03b_20260811_FULL_v1,L1_ELIGIBILITY,v2026-08-11,2026-03-21..2026-08-06,baccarat_bet02_101_all_pairs_incl_sentinel,round_win = game_pnl > 0 (decisive only),COMPATIBILITY_ONLY_NOT_PRODUCTION,1578.3934,1445.9493,-61.4954,197,174,0.03896078,0.23162612,0.01074342,0.03896078,61.4954,1578.3934,OK,0.0000,-2.4598,4.0000,96.0000,AG03-UNRESOLVED,ALL5_LEVELS_bet23_to_bet27,-2.4598,-3.0748,-3.0748,-3.0748,-3.0748,4.000000,5.000000,5.000000,5.000000,5.000000,96.000000,95.000000,95.000000,95.000000,95.000000,5.0,-14.7589,-13.4106,-46.7365,-48.0849,PENDING_AG03,FALSE,NOT_FOR_ENFORCEMENT,-59.0356,1388.1113,-61.4954,-59.0356,-2.4598,-0.03896078,-0.03740235,-2.4598,-59.0356,-0.03740235,-2.4598,-3.0748,-3.0748,-3.0748,-3.0748,-59.0356,-0.03740235,-14.7589,-13.4106,-46.7365,-48.0849,-0.02961019,-0.03046445,-0.00155843,8.0121,8.3101,-0.3534,-1.7570,-1.0789,45.0970,4.9714,6.7212,8.2441,2.84,5.2352,10.3783,12.9729,25.076,51.8914,5.1891,0.0,4.7899,9.912044,1.530441,17,46,37,3,0.12774816,-0.03896078,-0.23162612,0E-8,0.000000,0.916089,0.000000,0.22088270,2026-03-22,2026-07-31,35,57,55,132,0.265152,0.815282,0.838880,0.425827,,,,,,,,GLOBAL_BASELINE_NO_ENTITY_RANKING,,,NOT_APPLICABLE_GLOBAL_BASELINE,HF9g-P5,,,,X 全窗基线 · 不参与实体赏罚,3928605,393,A168_HF9F_20260827_0900,2026-08-27 09:00:00
2026-06-02,122521068,1384,0,7.7146604264,7.7146604264,7.7146604264,1.0000000,1,1,0.49324550000000000,0.493245500000,1.01360149184955,1.01360149184955,1.01360149184955,0E-17,ELIGIBLE,R03b_20260811_FULL_v1,L1_ELIGIBILITY,v2026-08-11,2026-03-21..2026-08-06,baccarat_bet02_101_all_pairs_incl_sentinel,round_win = game_pnl > 0 (decisive only),COMPATIBILITY_ONLY_NOT_PRODUCTION,1578.3934,1445.9493,-61.4954,197,174,0.03896078,0.23162612,0.01074342,0.03896078,61.4954,1578.3934,OK,0.0000,-2.4598,4.0000,96.0000,AG03-UNRESOLVED,ALL5_LEVELS_bet23_to_bet27,-2.4598,-3.0748,-3.0748,-3.0748,-3.0748,4.000000,5.000000,5.000000,5.000000,5.000000,96.000000,95.000000,95.000000,95.000000,95.000000,5.0,-14.7589,-13.4106,-46.7365,-48.0849,PENDING_AG03,FALSE,NOT_FOR_ENFORCEMENT,-59.0356,1388.1113,-61.4954,-59.0356,-2.4598,-0.03896078,-0.03740235,-2.4598,-59.0356,-0.03740235,-2.4598,-3.0748,-3.0748,-3.0748,-3.0748,-59.0356,-0.03740235,-14.7589,-13.4106,-46.7365,-48.0849,-0.02961019,-0.03046445,-0.00155843,8.0121,8.3101,-0.3534,-1.7570,-1.0789,45.0970,4.9714,6.7212,8.2441,2.84,5.2352,10.3783,12.9729,25.076,51.8914,5.1891,0.0,4.7899,9.912044,1.530441,17,46,37,3,0.12774816,-0.03896078,-0.23162612,0E-8,0.000000,0.916089,0.000000,0.22088270,2026-03-22,2026-07-31,35,57,55,132,0.265152,0.815282,0.838880,0.425827,,,,,,,,GLOBAL_BASELINE_NO_ENTITY_RANKING,,,NOT_APPLICABLE_GLOBAL_BASELINE,HF9g-P5,,,,X 全窗基线 · 不参与实体赏罚,3928606,393,A168_HF9F_20260827_0900,2026-08-27 09:00:00
2026-06-02,122521068,1645,0,11.0576799445,-5.9145729935,-5.9145729935,0.3333333,3,3,0.49324550000000000,0.493245500000,-0.5540025479526107,-0.5540025479526106,-0.5540025479526107,0E-17,ELIGIBLE,R03b_20260811_FULL_v1,L1_ELIGIBILITY,v2026-08-11,2026-03-21..2026-08-06,baccarat_bet02_101_all_pairs_incl_sentinel,round_win = game_pnl > 0 (decisive only),COMPATIBILITY_ONLY_NOT_PRODUCTION,1578.3934,1445.9493,-61.4954,197,174,0.03896078,0.23162612,0.01074342,0.03896078,61.4954,1578.3934,OK,0.0000,-2.4598,4.0000,96.0000,AG03-UNRESOLVED,ALL5_LEVELS_bet23_to_bet27,-2.4598,-3.0748,-3.0748,-3.0748,-3.0748,4.000000,5.000000,5.000000,5.000000,5.000000,96.000000,95.000000,95.000000,95.000000,95.000000,5.0,-14.7589,-13.4106,-46.7365,-48.0849,PENDING_AG03,FALSE,NOT_FOR_ENFORCEMENT,-59.0356,1388.1113,-61.4954,-59.0356,-2.4598,-0.03896078,-0.03740235,-2.4598,-59.0356,-0.03740235,-2.4598,-3.0748,-3.0748,-3.0748,-3.0748,-59.0356,-0.03740235,-14.7589,-13.4106,-46.7365,-48.0849,-0.02961019,-0.03046445,-0.00155843,8.0121,8.3101,-0.3534,-1.7570,-1.0789,45.0970,4.9714,6.7212,8.2441,2.84,5.2352,10.3783,12.9729,25.076,51.8914,5.1891,0.0,4.7899,9.912044,1.530441,17,46,37,3,0.12774816,-0.03896078,-0.23162612,0E-8,0.000000,0.916089,0.000000,0.22088270,2026-03-22,2026-07-31,35,57,55,132,0.265152,0.815282,0.838880,0.425827,,,,,,,,GLOBAL_BASELINE_NO_ENTITY_RANKING,,,NOT_APPLICABLE_GLOBAL_BASELINE,HF9g-P5,,,,X 全窗基线 · 不参与实体赏罚,3928607,393,A168_HF9F_20260827_0900,2026-08-27 09:00:00
2026-06-03,122521068,1704,0,4.1144855607,-4.1144855607,-4.1144855607,0E-7,1,1,0.49324550000000000,0.493245500000,-0.9865810262130424,-0.9865810262130424,-0.9865810262130424,0E-17,ELIGIBLE,R03b_20260811_FULL_v1,L1_ELIGIBILITY,v2026-08-11,2026-03-21..2026-08-06,baccarat_bet02_101_all_pairs_incl_sentinel,round_win = game_pnl > 0 (decisive only),COMPATIBILITY_ONLY_NOT_PRODUCTION,1578.3934,1445.9493,-61.4954,197,174,0.03896078,0.23162612,0.01074342,0.03896078,61.4954,1578.3934,OK,0.0000,-2.4598,4.0000,96.0000,AG03-UNRESOLVED,ALL5_LEVELS_bet23_to_bet27,-2.4598,-3.0748,-3.0748,-3.0748,-3.0748,4.000000,5.000000,5.000000,5.000000,5.000000,96.000000,95.000000,95.000000,95.000000,95.000000,5.0,-14.7589,-13.4106,-46.7365,-48.0849,PENDING_AG03,FALSE,NOT_FOR_ENFORCEMENT,-59.0356,1388.1113,-61.4954,-59.0356,-2.4598,-0.03896078,-0.03740235,-2.4598,-59.0356,-0.03740235,-2.4598,-3.0748,-3.0748,-3.0748,-3.0748,-59.0356,-0.03740235,-14.7589,-13.4106,-46.7365,-48.0849,-0.02961019,-0.03046445,-0.00155843,8.0121,8.3101,-0.3534,-1.7570,-1.0789,45.0970,4.9714,6.7212,8.2441,2.84,5.2352,10.3783,12.9729,25.076,51.8914,5.1891,0.0,4.7899,9.912044,1.530441,17,46,37,3,0.12774816,-0.03896078,-0.23162612,0E-8,0.000000,0.916089,0.000000,0.22088270,2026-03-22,2026-07-31,35,57,55,132,0.265152,0.815282,0.838880,0.425827,,,,,,,,GLOBAL_BASELINE_NO_ENTITY_RANKING,,,NOT_APPLICABLE_GLOBAL_BASELINE,HF9g-P5,,,,X 全窗基线 · 不参与实体赏罚,3928608,393,A168_HF9F_20260827_0900,2026-08-27 09:00:00
2026-06-07,122521068,2088,0,4.6287962558,4.6287962558,4.6287962558,1.0000000,1,1,0.49324550000000000,0.493245500000,1.01360149184955,1.01360149184955,1.01360149184955,0E-17,ELIGIBLE,R03b_20260811_FULL_v1,L1_ELIGIBILITY,v2026-08-11,2026-03-21..2026-08-06,baccarat_bet02_101_all_pairs_incl_sentinel,round_win = game_pnl > 0 (decisive only),COMPATIBILITY_ONLY_NOT_PRODUCTION,1578.3934,1445.9493,-61.4954,197,174,0.03896078,0.23162612,0.01074342,0.03896078,61.4954,1578.3934,OK,0.0000,-2.4598,4.0000,96.0000,AG03-UNRESOLVED,ALL5_LEVELS_bet23_to_bet27,-2.4598,-3.0748,-3.0748,-3.0748,-3.0748,4.000000,5.000000,5.000000,5.000000,5.000000,96.000000,95.000000,95.000000,95.000000,95.000000,5.0,-14.7589,-13.4106,-46.7365,-48.0849,PENDING_AG03,FALSE,NOT_FOR_ENFORCEMENT,-59.0356,1388.1113,-61.4954,-59.0356,-2.4598,-0.03896078,-0.03740235,-2.4598,-59.0356,-0.03740235,-2.4598,-3.0748,-3.0748,-3.0748,-3.0748,-59.0356,-0.03740235,-14.7589,-13.4106,-46.7365,-48.0849,-0.02961019,-0.03046445,-0.00155843,8.0121,8.3101,-0.3534,-1.7570,-1.0789,45.0970,4.9714,6.7212,8.2441,2.84,5.2352,10.3783,12.9729,25.076,51.8914,5.1891,0.0,4.7899,9.912044,1.530441,17,46,37,3,0.12774816,-0.03896078,-0.23162612,0E-8,0.000000,0.916089,0.000000,0.22088270,2026-03-22,2026-07-31,35,57,55,132,0.265152,0.815282,0.838880,0.425827,,,,,,,,GLOBAL_BASELINE_NO_ENTITY_RANKING,,,NOT_APPLICABLE_GLOBAL_BASELINE,HF9g-P5,,,,X 全窗基线 · 不参与实体赏罚,3928609,393,A168_HF9F_20260827_0900,2026-08-27 09:00:00
2026-06-16,122521068,1331,0,12.0863013348,1.8000874328,1.8000874328,0.5000000,4,3,0.42680505000000000,0.426805050000,0.20928117445073835,0.20928117445073835,0.20928117445073835,0E-17,ELIGIBLE,R03b_20260811_FULL_v1,L1_ELIGIBILITY,v2026-08-11,2026-03-21..2026-08-06,baccarat_bet02_101_all_pairs_incl_sentinel,round_win = game_pnl > 0 (decisive only),COMPATIBILITY_ONLY_NOT_PRODUCTION,1578.3934,1445.9493,-61.4954,197,174,0.03896078,0.23162612,0.01074342,0.03896078,61.4954,1578.3934,OK,0.0000,-2.4598,4.0000,96.0000,AG03-UNRESOLVED,ALL5_LEVELS_bet23_to_bet27,-2.4598,-3.0748,-3.0748,-3.0748,-3.0748,4.000000,5.000000,5.000000,5.000000,5.000000,96.000000,95.000000,95.000000,95.000000,95.000000,5.0,-14.7589,-13.4106,-46.7365,-48.0849,PENDING_AG03,FALSE,NOT_FOR_ENFORCEMENT,-59.0356,1388.1113,-61.4954,-59.0356,-2.4598,-0.03896078,-0.03740235,-2.4598,-59.0356,-0.03740235,-2.4598,-3.0748,-3.0748,-3.0748,-3.0748,-59.0356,-0.03740235,-14.7589,-13.4106,-46.7365,-48.0849,-0.02961019,-0.03046445,-0.00155843,8.0121,8.3101,-0.3534,-1.7570,-1.0789,45.0970,4.9714,6.7212,8.2441,2.84,5.2352,10.3783,12.9729,25.076,51.8914,5.1891,0.0,4.7899,9.912044,1.530441,17,46,37,3,0.12774816,-0.03896078,-0.23162612,0E-8,0.000000,0.916089,0.000000,0.22088270,2026-03-22,2026-07-31,35,57,55,132,0.265152,0.815282,0.838880,0.425827,,,,,,,,GLOBAL_BASELINE_NO_ENTITY_RANKING,,,NOT_APPLICABLE_GLOBAL_BASELINE,HF9g-P5,,,,X 全窗基线 · 不参与实体赏罚,3928610,393,A168_HF9F_20260827_0900,2026-08-27 09:00:00
2026-06-16,122521068,1505,0,20.5724278037,19.5438064135,19.5438064135,1.0000000,4,4,0.50665070000000000,0.506650700000,1.9735717970305138,1.9735717970305138,1.9735717970305138,0E-17,ELIGIBLE,R03b_20260811_FULL_v1,L1_ELIGIBILITY,v2026-08-11,2026-03-21..2026-08-06,baccarat_bet02_101_all_pairs_incl_sentinel,round_win = game_pnl > 0 (decisive only),COMPATIBILITY_ONLY_NOT_PRODUCTION,1578.3934,1445.9493,-61.4954,197,174,0.03896078,0.23162612,0.01074342,0.03896078,61.4954,1578.3934,OK,0.0000,-2.4598,4.0000,96.0000,AG03-UNRESOLVED,ALL5_LEVELS_bet23_to_bet27,-2.4598,-3.0748,-3.0748,-3.0748,-3.0748,4.000000,5.000000,5.000000,5.000000,5.000000,96.000000,95.000000,95.000000,95.000000,95.000000,5.0,-14.7589,-13.4106,-46.7365,-48.0849,PENDING_AG03,FALSE,NOT_FOR_ENFORCEMENT,-59.0356,1388.1113,-61.4954,-59.0356,-2.4598,-0.03896078,-0.03740235,-2.4598,-59.0356,-0.03740235,-2.4598,-3.0748,-3.0748,-3.0748,-3.0748,-59.0356,-0.03740235,-14.7589,-13.4106,-46.7365,-48.0849,-0.02961019,-0.03046445,-0.00155843,8.0121,8.3101,-0.3534,-1.7570,-1.0789,45.0970,4.9714,6.7212,8.2441,2.84,5.2352,10.3783,12.9729,25.076,51.8914,5.1891,0.0,4.7899,9.912044,1.530441,17,46,37,3,0.12774816,-0.03896078,-0.23162612,0E-8,0.000000,0.916089,0.000000,0.22088270,2026-03-22,2026-07-31,35,57,55,132,0.265152,0.815282,0.838880,0.425827,,,,,,,,GLOBAL_BASELINE_NO_ENTITY_RANKING,,,NOT_APPLICABLE_GLOBAL_BASELINE,HF9g-P5,,,,X 全窗基线 · 不参与实体赏罚,3928611,393,A168_HF9F_20260827_0900,2026-08-27 09:00:00
2026-06-18,122521068,-1,1,2.5715534755,-2.5715534755,-2.5715534755,0E-7,1,1,0.50665070000000000,0.506650700000,-1.013391052207602,-1.013391052207602,-1.013391052207602,0E-17,SENTINEL_DEALER,R03b_20260811_FULL_v1,L1_ELIGIBILITY,v2026-08-11,2026-03-21..2026-08-06,baccarat_bet02_101_all_pairs_incl_sentinel,round_win = game_pnl > 0 (decisive only),COMPATIBILITY_ONLY_NOT_PRODUCTION,1578.3934,1445.9493,-61.4954,197,174,0.03896078,0.23162612,0.01074342,0.03896078,61.4954,1578.3934,OK,0.0000,-2.4598,4.0000,96.0000,AG03-UNRESOLVED,ALL5_LEVELS_bet23_to_bet27,-2.4598,-3.0748,-3.0748,-3.0748,-3.0748,4.000000,5.000000,5.000000,5.000000,5.000000,96.000000,95.000000,95.000000,95.000000,95.000000,5.0,-14.7589,-13.4106,-46.7365,-48.0849,PENDING_AG03,FALSE,NOT_FOR_ENFORCEMENT,-59.0356,1388.1113,-61.4954,-59.0356,-2.4598,-0.03896078,-0.03740235,-2.4598,-59.0356,-0.03740235,-2.4598,-3.0748,-3.0748,-3.0748,-3.0748,-59.0356,-0.03740235,-14.7589,-13.4106,-46.7365,-48.0849,-0.02961019,-0.03046445,-0.00155843,8.0121,8.3101,-0.3534,-1.7570,-1.0789,45.0970,4.9714,6.7212,8.2441,2.84,5.2352,10.3783,12.9729,25.076,51.8914,5.1891,0.0,4.7899,9.912044,1.530441,17,46,37,3,0.12774816,-0.03896078,-0.23162612,0E-8,0.000000,0.916089,0.000000,0.22088270,2026-03-22,2026-07-31,35,57,55,132,0.265152,0.815282,0.838880,0.425827,,,,,,,,GLOBAL_BASELINE_NO_ENTITY_RANKING,,,NOT_APPLICABLE_GLOBAL_BASELINE,HF9g-P5,,,,X 全窗基线 · 不参与实体赏罚,3928612,393,A168_HF9F_20260827_0900,2026-08-27 09:00:00
2026-06-20,122521068,1646,0,4.8859516034,-4.8859516034,-4.8859516034,0E-7,1,1,0.50665070000000000,0.506650700000,-1.013391052207602,-1.013391052207602,-1.013391052207602,0E-17,ELIGIBLE,R03b_20260811_FULL_v1,L1_ELIGIBILITY,v2026-08-11,2026-03-21..2026-08-06,baccarat_bet02_101_all_pairs_incl_sentinel,round_win = game_pnl > 0 (decisive only),COMPATIBILITY_ONLY_NOT_PRODUCTION,1578.3934,1445.9493,-61.4954,197,174,0.03896078,0.23162612,0.01074342,0.03896078,61.4954,1578.3934,OK,0.0000,-2.4598,4.0000,96.0000,AG03-UNRESOLVED,ALL5_LEVELS_bet23_to_bet27,-2.4598,-3.0748,-3.0748,-3.0748,-3.0748,4.000000,5.000000,5.000000,5.000000,5.000000,96.000000,95.000000,95.000000,95.000000,95.000000,5.0,-14.7589,-13.4106,-46.7365,-48.0849,PENDING_AG03,FALSE,NOT_FOR_ENFORCEMENT,-59.0356,1388.1113,-61.4954,-59.0356,-2.4598,-0.03896078,-0.03740235,-2.4598,-59.0356,-0.03740235,-2.4598,-3.0748,-3.0748,-3.0748,-3.0748,-59.0356,-0.03740235,-14.7589,-13.4106,-46.7365,-48.0849,-0.02961019,-0.03046445,-0.00155843,8.0121,8.3101,-0.3534,-1.7570,-1.0789,45.0970,4.9714,6.7212,8.2441,2.84,5.2352,10.3783,12.9729,25.076,51.8914,5.1891,0.0,4.7899,9.912044,1.530441,17,46,37,3,0.12774816,-0.03896078,-0.23162612,0E-8,0.000000,0.916089,0.000000,0.22088270,2026-03-22,2026-07-31,35,57,55,132,0.265152,0.815282,0.838880,0.425827,,,,,,,,GLOBAL_BASELINE_NO_ENTITY_RANKING,,,NOT_APPLICABLE_GLOBAL_BASELINE,HF9g-P5,,,,X 全窗基线 · 不参与实体赏罚,3928613,393,A168_HF9F_20260827_0900,2026-08-27 09:00:00
2026-06-23,122521068,2266,0,17.4865636330,-5.9531462956,-5.9531462956,0.5000000,2,2,0.49994810000000000,0.499948100000,0.00014679536856514622,0.00014679536856514622,0.00014679536856514622,0E-17,ELIGIBLE,R03b_20260811_FULL_v1,L1_ELIGIBILITY,v2026-08-11,2026-03-21..2026-08-06,baccarat_bet02_101_all_pairs_incl_sentinel,round_win = game_pnl > 0 (decisive only),COMPATIBILITY_ONLY_NOT_PRODUCTION,1578.3934,1445.9493,-61.4954,197,174,0.03896078,0.23162612,0.01074342,0.03896078,61.4954,1578.3934,OK,0.0000,-2.4598,4.0000,96.0000,AG03-UNRESOLVED,ALL5_LEVELS_bet23_to_bet27,-2.4598,-3.0748,-3.0748,-3.0748,-3.0748,4.000000,5.000000,5.000000,5.000000,5.000000,96.000000,95.000000,95.000000,95.000000,95.000000,5.0,-14.7589,-13.4106,-46.7365,-48.0849,PENDING_AG03,FALSE,NOT_FOR_ENFORCEMENT,-59.0356,1388.1113,-61.4954,-59.0356,-2.4598,-0.03896078,-0.03740235,-2.4598,-59.0356,-0.03740235,-2.4598,-3.0748,-3.0748,-3.0748,-3.0748,-59.0356,-0.03740235,-14.7589,-13.4106,-46.7365,-48.0849,-0.02961019,-0.03046445,-0.00155843,8.0121,8.3101,-0.3534,-1.7570,-1.0789,45.0970,4.9714,6.7212,8.2441,2.84,5.2352,10.3783,12.9729,25.076,51.8914,5.1891,0.0,4.7899,9.912044,1.530441,17,46,37,3,0.12774816,-0.03896078,-0.23162612,0E-8,0.000000,0.916089,0.000000,0.22088270,2026-03-22,2026-07-31,35,57,55,132,0.265152,0.815282,0.838880,0.425827,,,,,,,,GLOBAL_BASELINE_NO_ENTITY_RANKING,,,NOT_APPLICABLE_GLOBAL_BASELINE,HF9g-P5,,,,X 全窗基线 · 不参与实体赏罚,3928614,393,A168_HF9F_20260827_0900,2026-08-27 09:00:00
2026-06-25,122521068,2145,0,3.8573302132,-3.8573302132,-3.8573302132,0E-7,1,1,0.50665070000000000,0.506650700000,-1.013391052207602,-1.013391052207602,-1.013391052207602,0E-17,ELIGIBLE,R03b_20260811_FULL_v1,L1_ELIGIBILITY,v2026-08-11,2026-03-21..2026-08-06,baccarat_bet02_101_all_pairs_incl_sentinel,round_win = game_pnl > 0 (decisive only),COMPATIBILITY_ONLY_NOT_PRODUCTION,1578.3934,1445.9493,-61.4954,197,174,0.03896078,0.23162612,0.01074342,0.03896078,61.4954,1578.3934,OK,0.0000,-2.4598,4.0000,96.0000,AG03-UNRESOLVED,ALL5_LEVELS_bet23_to_bet27,-2.4598,-3.0748,-3.0748,-3.0748,-3.0748,4.000000,5.000000,5.000000,5.000000,5.000000,96.000000,95.000000,95.000000,95.000000,95.000000,5.0,-14.7589,-13.4106,-46.7365,-48.0849,PENDING_AG03,FALSE,NOT_FOR_ENFORCEMENT,-59.0356,1388.1113,-61.4954,-59.0356,-2.4598,-0.03896078,-0.03740235,-2.4598,-59.0356,-0.03740235,-2.4598,-3.0748,-3.0748,-3.0748,-3.0748,-59.0356,-0.03740235,-14.7589,-13.4106,-46.7365,-48.0849,-0.02961019,-0.03046445,-0.00155843,8.0121,8.3101,-0.3534,-1.7570,-1.0789,45.0970,4.9714,6.7212,8.2441,2.84,5.2352,10.3783,12.9729,25.076,51.8914,5.1891,0.0,4.7899,9.912044,1.530441,17,46,37,3,0.12774816,-0.03896078,-0.23162612,0E-8,0.000000,0.916089,0.000000,0.22088270,2026-03-22,2026-07-31,35,57,55,132,0.265152,0.815282,0.838880,0.425827,,,,,,,,GLOBAL_BASELINE_NO_ENTITY_RANKING,,,NOT_APPLICABLE_GLOBAL_BASELINE,HF9g-P5,,,,X 全窗基线 · 不参与实体赏罚,3928615,393,A168_HF9F_20260827_0900,2026-08-27 09:00:00
2026-07-02,122521068,-1,1,9.2944001239,9.2944001239,9.2944001239,1.0000000,1,1,0.49324550000000000,0.493245500000,1.01360149184955,1.01360149184955,1.01360149184955,0E-17,SENTINEL_DEALER,R03b_20260811_FULL_v1,L1_ELIGIBILITY,v2026-08-11,2026-03-21..2026-08-06,baccarat_bet02_101_all_pairs_incl_sentinel,round_win = game_pnl > 0 (decisive only),COMPATIBILITY_ONLY_NOT_PRODUCTION,1578.3934,1445.9493,-61.4954,197,174,0.03896078,0.23162612,0.01074342,0.03896078,61.4954,1578.3934,OK,0.0000,-2.4598,4.0000,96.0000,AG03-UNRESOLVED,ALL5_LEVELS_bet23_to_bet27,-2.4598,-3.0748,-3.0748,-3.0748,-3.0748,4.000000,5.000000,5.000000,5.000000,5.000000,96.000000,95.000000,95.000000,95.000000,95.000000,5.0,-14.7589,-13.4106,-46.7365,-48.0849,PENDING_AG03,FALSE,NOT_FOR_ENFORCEMENT,-59.0356,1388.1113,-61.4954,-59.0356,-2.4598,-0.03896078,-0.03740235,-2.4598,-59.0356,-0.03740235,-2.4598,-3.0748,-3.0748,-3.0748,-3.0748,-59.0356,-0.03740235,-14.7589,-13.4106,-46.7365,-48.0849,-0.02961019,-0.03046445,-0.00155843,8.0121,8.3101,-0.3534,-1.7570,-1.0789,45.0970,4.9714,6.7212,8.2441,2.84,5.2352,10.3783,12.9729,25.076,51.8914,5.1891,0.0,4.7899,9.912044,1.530441,17,46,37,3,0.12774816,-0.03896078,-0.23162612,0E-8,0.000000,0.916089,0.000000,0.22088270,2026-03-22,2026-07-31,35,57,55,132,0.265152,0.815282,0.838880,0.425827,,,,,,,,GLOBAL_BASELINE_NO_ENTITY_RANKING,,,NOT_APPLICABLE_GLOBAL_BASELINE,HF9g-P5,,,,X 全窗基线 · 不参与实体赏罚,3928616,393,A168_HF9F_20260827_0900,2026-08-27 09:00:00
2026-07-02,122521068,986,0,4.6472000620,4.4148400589,4.4148400589,1.0000000,1,1,0.50665070000000000,0.506650700000,0.9867858985152569,0.9867858985152569,0.9867858985152569,0E-17,ELIGIBLE,R03b_20260811_FULL_v1,L1_ELIGIBILITY,v2026-08-11,2026-03-21..2026-08-06,baccarat_bet02_101_all_pairs_incl_sentinel,round_win = game_pnl > 0 (decisive only),COMPATIBILITY_ONLY_NOT_PRODUCTION,1578.3934,1445.9493,-61.4954,197,174,0.03896078,0.23162612,0.01074342,0.03896078,61.4954,1578.3934,OK,0.0000,-2.4598,4.0000,96.0000,AG03-UNRESOLVED,ALL5_LEVELS_bet23_to_bet27,-2.4598,-3.0748,-3.0748,-3.0748,-3.0748,4.000000,5.000000,5.000000,5.000000,5.000000,96.000000,95.000000,95.000000,95.000000,95.000000,5.0,-14.7589,-13.4106,-46.7365,-48.0849,PENDING_AG03,FALSE,NOT_FOR_ENFORCEMENT,-59.0356,1388.1113,-61.4954,-59.0356,-2.4598,-0.03896078,-0.03740235,-2.4598,-59.0356,-0.03740235,-2.4598,-3.0748,-3.0748,-3.0748,-3.0748,-59.0356,-0.03740235,-14.7589,-13.4106,-46.7365,-48.0849,-0.02961019,-0.03046445,-0.00155843,8.0121,8.3101,-0.3534,-1.7570,-1.0789,45.0970,4.9714,6.7212,8.2441,2.84,5.2352,10.3783,12.9729,25.076,51.8914,5.1891,0.0,4.7899,9.912044,1.530441,17,46,37,3,0.12774816,-0.03896078,-0.23162612,0E-8,0.000000,0.916089,0.000000,0.22088270,2026-03-22,2026-07-31,35,57,55,132,0.265152,0.815282,0.838880,0.425827,,,,,,,,GLOBAL_BASELINE_NO_ENTITY_RANKING,,,NOT_APPLICABLE_GLOBAL_BASELINE,HF9g-P5,,,,X 全窗基线 · 不参与实体赏罚,3928617,393,A168_HF9F_20260827_0900,2026-08-27 09:00:00
2026-07-05,122521068,1109,0,25.0432447783,4.2470245011,4.2470245011,0.6000000,5,5,0.49860758000000000,0.498607580000,0.4534424453485946,0.4534424453485946,0.4534424453485946,0E-17,ELIGIBLE,R03b_20260811_FULL_v1,L1_ELIGIBILITY,v2026-08-11,2026-03-21..2026-08-06,baccarat_bet02_101_all_pairs_incl_sentinel,round_win = game_pnl > 0 (decisive only),COMPATIBILITY_ONLY_NOT_PRODUCTION,1578.3934,1445.9493,-61.4954,197,174,0.03896078,0.23162612,0.01074342,0.03896078,61.4954,1578.3934,OK,0.0000,-2.4598,4.0000,96.0000,AG03-UNRESOLVED,ALL5_LEVELS_bet23_to_bet27,-2.4598,-3.0748,-3.0748,-3.0748,-3.0748,4.000000,5.000000,5.000000,5.000000,5.000000,96.000000,95.000000,95.000000,95.000000,95.000000,5.0,-14.7589,-13.4106,-46.7365,-48.0849,PENDING_AG03,FALSE,NOT_FOR_ENFORCEMENT,-59.0356,1388.1113,-61.4954,-59.0356,-2.4598,-0.03896078,-0.03740235,-2.4598,-59.0356,-0.03740235,-2.4598,-3.0748,-3.0748,-3.0748,-3.0748,-59.0356,-0.03740235,-14.7589,-13.4106,-46.7365,-48.0849,-0.02961019,-0.03046445,-0.00155843,8.0121,8.3101,-0.3534,-1.7570,-1.0789,45.0970,4.9714,6.7212,8.2441,2.84,5.2352,10.3783,12.9729,25.076,51.8914,5.1891,0.0,4.7899,9.912044,1.530441,17,46,37,3,0.12774816,-0.03896078,-0.23162612,0E-8,0.000000,0.916089,0.000000,0.22088270,2026-03-22,2026-07-31,35,57,55,132,0.265152,0.815282,0.838880,0.425827,,,,,,,,GLOBAL_BASELINE_NO_ENTITY_RANKING,,,NOT_APPLICABLE_GLOBAL_BASELINE,HF9g-P5,,,,X 全窗基线 · 不参与实体赏罚,3928618,393,A168_HF9F_20260827_0900,2026-08-27 09:00:00
2026-07-05,122521068,2153,0,5.4217334056,0.1161800016,0.1161800016,0.5000000,2,2,0.50665070000000000,0.506650700000,-0.018812684590367487,-0.018812684590367487,-0.018812684590367487,0E-17,ELIGIBLE,R03b_20260811_FULL_v1,L1_ELIGIBILITY,v2026-08-11,2026-03-21..2026-08-06,baccarat_bet02_101_all_pairs_incl_sentinel,round_win = game_pnl > 0 (decisive only),COMPATIBILITY_ONLY_NOT_PRODUCTION,1578.3934,1445.9493,-61.4954,197,174,0.03896078,0.23162612,0.01074342,0.03896078,61.4954,1578.3934,OK,0.0000,-2.4598,4.0000,96.0000,AG03-UNRESOLVED,ALL5_LEVELS_bet23_to_bet27,-2.4598,-3.0748,-3.0748,-3.0748,-3.0748,4.000000,5.000000,5.000000,5.000000,5.000000,96.000000,95.000000,95.000000,95.000000,95.000000,5.0,-14.7589,-13.4106,-46.7365,-48.0849,PENDING_AG03,FALSE,NOT_FOR_ENFORCEMENT,-59.0356,1388.1113,-61.4954,-59.0356,-2.4598,-0.03896078,-0.03740235,-2.4598,-59.0356,-0.03740235,-2.4598,-3.0748,-3.0748,-3.0748,-3.0748,-59.0356,-0.03740235,-14.7589,-13.4106,-46.7365,-48.0849,-0.02961019,-0.03046445,-0.00155843,8.0121,8.3101,-0.3534,-1.7570,-1.0789,45.0970,4.9714,6.7212,8.2441,2.84,5.2352,10.3783,12.9729,25.076,51.8914,5.1891,0.0,4.7899,9.912044,1.530441,17,46,37,3,0.12774816,-0.03896078,-0.23162612,0E-8,0.000000,0.916089,0.000000,0.22088270,2026-03-22,2026-07-31,35,57,55,132,0.265152,0.815282,0.838880,0.425827,,,,,,,,GLOBAL_BASELINE_NO_ENTITY_RANKING,,,NOT_APPLICABLE_GLOBAL_BASELINE,HF9g-P5,,,,X 全窗基线 · 不参与实体赏罚,3928619,393,A168_HF9F_20260827_0900,2026-08-27 09:00:00
2026-07-08,122521068,1210,0,9.2944001239,-3.2530400434,-3.2530400434,0.5000000,2,2,0.49994810000000000,0.499948100000,0.00014679536856514622,0.00014679536856514622,0.00014679536856514622,0E-17,ELIGIBLE,R03b_20260811_FULL_v1,L1_ELIGIBILITY,v2026-08-11,2026-03-21..2026-08-06,baccarat_bet02_101_all_pairs_incl_sentinel,round_win = game_pnl > 0 (decisive only),COMPATIBILITY_ONLY_NOT_PRODUCTION,1578.3934,1445.9493,-61.4954,197,174,0.03896078,0.23162612,0.01074342,0.03896078,61.4954,1578.3934,OK,0.0000,-2.4598,4.0000,96.0000,AG03-UNRESOLVED,ALL5_LEVELS_bet23_to_bet27,-2.4598,-3.0748,-3.0748,-3.0748,-3.0748,4.000000,5.000000,5.000000,5.000000,5.000000,96.000000,95.000000,95.000000,95.000000,95.000000,5.0,-14.7589,-13.4106,-46.7365,-48.0849,PENDING_AG03,FALSE,NOT_FOR_ENFORCEMENT,-59.0356,1388.1113,-61.4954,-59.0356,-2.4598,-0.03896078,-0.03740235,-2.4598,-59.0356,-0.03740235,-2.4598,-3.0748,-3.0748,-3.0748,-3.0748,-59.0356,-0.03740235,-14.7589,-13.4106,-46.7365,-48.0849,-0.02961019,-0.03046445,-0.00155843,8.0121,8.3101,-0.3534,-1.7570,-1.0789,45.0970,4.9714,6.7212,8.2441,2.84,5.2352,10.3783,12.9729,25.076,51.8914,5.1891,0.0,4.7899,9.912044,1.530441,17,46,37,3,0.12774816,-0.03896078,-0.23162612,0E-8,0.000000,0.916089,0.000000,0.22088270,2026-03-22,2026-07-31,35,57,55,132,0.265152,0.815282,0.838880,0.425827,,,,,,,,GLOBAL_BASELINE_NO_ENTITY_RANKING,,,NOT_APPLICABLE_GLOBAL_BASELINE,HF9g-P5,,,,X 全窗基线 · 不参与实体赏罚,3928620,393,A168_HF9F_20260827_0900,2026-08-27 09:00:00
2026-07-10,122521068,1654,0,3.3563111559,0E-10,0E-10,,1,1,0.49324550000000000,0.493245500000,,,,0E-17,NO_DECISIVE_ROUND,R03b_20260811_FULL_v1,L1_ELIGIBILITY,v2026-08-11,2026-03-21..2026-08-06,baccarat_bet02_101_all_pairs_incl_sentinel,round_win = game_pnl > 0 (decisive only),COMPATIBILITY_ONLY_NOT_PRODUCTION,1578.3934,1445.9493,-61.4954,197,174,0.03896078,0.23162612,0.01074342,0.03896078,61.4954,1578.3934,OK,0.0000,-2.4598,4.0000,96.0000,AG03-UNRESOLVED,ALL5_LEVELS_bet23_to_bet27,-2.4598,-3.0748,-3.0748,-3.0748,-3.0748,4.000000,5.000000,5.000000,5.000000,5.000000,96.000000,95.000000,95.000000,95.000000,95.000000,5.0,-14.7589,-13.4106,-46.7365,-48.0849,PENDING_AG03,FALSE,NOT_FOR_ENFORCEMENT,-59.0356,1388.1113,-61.4954,-59.0356,-2.4598,-0.03896078,-0.03740235,-2.4598,-59.0356,-0.03740235,-2.4598,-3.0748,-3.0748,-3.0748,-3.0748,-59.0356,-0.03740235,-14.7589,-13.4106,-46.7365,-48.0849,-0.02961019,-0.03046445,-0.00155843,8.0121,8.3101,-0.3534,-1.7570,-1.0789,45.0970,4.9714,6.7212,8.2441,2.84,5.2352,10.3783,12.9729,25.076,51.8914,5.1891,0.0,4.7899,9.912044,1.530441,17,46,37,3,0.12774816,-0.03896078,-0.23162612,0E-8,0.000000,0.916089,0.000000,0.22088270,2026-03-22,2026-07-31,35,57,55,132,0.265152,0.815282,0.838880,0.425827,,,,,,,,GLOBAL_BASELINE_NO_ENTITY_RANKING,,,NOT_APPLICABLE_GLOBAL_BASELINE,HF9g-P5,,,,X 全窗基线 · 不参与实体赏罚,3928621,393,A168_HF9F_20260827_0900,2026-08-27 09:00:00
2026-07-10,122521068,1951,0,25.5596003408,-0.5163555624,-0.5163555624,0.5000000,7,6,0.46561077500000000,0.465610775000,0.16887200369595734,0.16887200369595734,0.16887200369595734,0E-17,ELIGIBLE,R03b_20260811_FULL_v1,L1_ELIGIBILITY,v2026-08-11,2026-03-21..2026-08-06,baccarat_bet02_101_all_pairs_incl_sentinel,round_win = game_pnl > 0 (decisive only),COMPATIBILITY_ONLY_NOT_PRODUCTION,1578.3934,1445.9493,-61.4954,197,174,0.03896078,0.23162612,0.01074342,0.03896078,61.4954,1578.3934,OK,0.0000,-2.4598,4.0000,96.0000,AG03-UNRESOLVED,ALL5_LEVELS_bet23_to_bet27,-2.4598,-3.0748,-3.0748,-3.0748,-3.0748,4.000000,5.000000,5.000000,5.000000,5.000000,96.000000,95.000000,95.000000,95.000000,95.000000,5.0,-14.7589,-13.4106,-46.7365,-48.0849,PENDING_AG03,FALSE,NOT_FOR_ENFORCEMENT,-59.0356,1388.1113,-61.4954,-59.0356,-2.4598,-0.03896078,-0.03740235,-2.4598,-59.0356,-0.03740235,-2.4598,-3.0748,-3.0748,-3.0748,-3.0748,-59.0356,-0.03740235,-14.7589,-13.4106,-46.7365,-48.0849,-0.02961019,-0.03046445,-0.00155843,8.0121,8.3101,-0.3534,-1.7570,-1.0789,45.0970,4.9714,6.7212,8.2441,2.84,5.2352,10.3783,12.9729,25.076,51.8914,5.1891,0.0,4.7899,9.912044,1.530441,17,46,37,3,0.12774816,-0.03896078,-0.23162612,0E-8,0.000000,0.916089,0.000000,0.22088270,2026-03-22,2026-07-31,35,57,55,132,0.265152,0.815282,0.838880,0.425827,,,,,,,,GLOBAL_BASELINE_NO_ENTITY_RANKING,,,NOT_APPLICABLE_GLOBAL_BASELINE,HF9g-P5,,,,X 全窗基线 · 不参与实体赏罚,3928622,393,A168_HF9F_20260827_0900,2026-08-27 09:00:00
2026-07-10,122521068,2127,0,2.8399555934,-2.8399555934,-2.8399555934,0E-7,1,1,0.50665070000000000,0.506650700000,-1.013391052207602,-1.013391052207602,-1.013391052207602,0E-17,ELIGIBLE,R03b_20260811_FULL_v1,L1_ELIGIBILITY,v2026-08-11,2026-03-21..2026-08-06,baccarat_bet02_101_all_pairs_incl_sentinel,round_win = game_pnl > 0 (decisive only),COMPATIBILITY_ONLY_NOT_PRODUCTION,1578.3934,1445.9493,-61.4954,197,174,0.03896078,0.23162612,0.01074342,0.03896078,61.4954,1578.3934,OK,0.0000,-2.4598,4.0000,96.0000,AG03-UNRESOLVED,ALL5_LEVELS_bet23_to_bet27,-2.4598,-3.0748,-3.0748,-3.0748,-3.0748,4.000000,5.000000,5.000000,5.000000,5.000000,96.000000,95.000000,95.000000,95.000000,95.000000,5.0,-14.7589,-13.4106,-46.7365,-48.0849,PENDING_AG03,FALSE,NOT_FOR_ENFORCEMENT,-59.0356,1388.1113,-61.4954,-59.0356,-2.4598,-0.03896078,-0.03740235,-2.4598,-59.0356,-0.03740235,-2.4598,-3.0748,-3.0748,-3.0748,-3.0748,-59.0356,-0.03740235,-14.7589,-13.4106,-46.7365,-48.0849,-0.02961019,-0.03046445,-0.00155843,8.0121,8.3101,-0.3534,-1.7570,-1.0789,45.0970,4.9714,6.7212,8.2441,2.84,5.2352,10.3783,12.9729,25.076,51.8914,5.1891,0.0,4.7899,9.912044,1.530441,17,46,37,3,0.12774816,-0.03896078,-0.23162612,0E-8,0.000000,0.916089,0.000000,0.22088270,2026-03-22,2026-07-31,35,57,55,132,0.265152,0.815282,0.838880,0.425827,,,,,,,,GLOBAL_BASELINE_NO_ENTITY_RANKING,,,NOT_APPLICABLE_GLOBAL_BASELINE,HF9g-P5,,,,X 全窗基线 · 不参与实体赏罚,3928623,393,A168_HF9F_20260827_0900,2026-08-27 09:00:00
2026-07-11,122521068,1646,0,2.5817778122,-2.5817778122,-2.5817778122,0E-7,1,1,0.49324550000000000,0.493245500000,-0.9865810262130424,-0.9865810262130424,-0.9865810262130424,0E-17,ELIGIBLE,R03b_20260811_FULL_v1,L1_ELIGIBILITY,v2026-08-11,2026-03-21..2026-08-06,baccarat_bet02_101_all_pairs_incl_sentinel,round_win = game_pnl > 0 (decisive only),COMPATIBILITY_ONLY_NOT_PRODUCTION,1578.3934,1445.9493,-61.4954,197,174,0.03896078,0.23162612,0.01074342,0.03896078,61.4954,1578.3934,OK,0.0000,-2.4598,4.0000,96.0000,AG03-UNRESOLVED,ALL5_LEVELS_bet23_to_bet27,-2.4598,-3.0748,-3.0748,-3.0748,-3.0748,4.000000,5.000000,5.000000,5.000000,5.000000,96.000000,95.000000,95.000000,95.000000,95.000000,5.0,-14.7589,-13.4106,-46.7365,-48.0849,PENDING_AG03,FALSE,NOT_FOR_ENFORCEMENT,-59.0356,1388.1113,-61.4954,-59.0356,-2.4598,-0.03896078,-0.03740235,-2.4598,-59.0356,-0.03740235,-2.4598,-3.0748,-3.0748,-3.0748,-3.0748,-59.0356,-0.03740235,-14.7589,-13.4106,-46.7365,-48.0849,-0.02961019,-0.03046445,-0.00155843,8.0121,8.3101,-0.3534,-1.7570,-1.0789,45.0970,4.9714,6.7212,8.2441,2.84,5.2352,10.3783,12.9729,25.076,51.8914,5.1891,0.0,4.7899,9.912044,1.530441,17,46,37,3,0.12774816,-0.03896078,-0.23162612,0E-8,0.000000,0.916089,0.000000,0.22088270,2026-03-22,2026-07-31,35,57,55,132,0.265152,0.815282,0.838880,0.425827,,,,,,,,GLOBAL_BASELINE_NO_ENTITY_RANKING,,,NOT_APPLICABLE_GLOBAL_BASELINE,HF9g-P5,,,,X 全窗基线 · 不参与实体赏罚,3928624,393,A168_HF9F_20260827_0900,2026-08-27 09:00:00
2026-07-14,122521068,2177,0,6.1962667493,5.8864534118,5.8864534118,1.0000000,1,1,0.50665070000000000,0.506650700000,0.9867858985152569,0.9867858985152569,0.9867858985152569,0E-17,ELIGIBLE,R03b_20260811_FULL_v1,L1_ELIGIBILITY,v2026-08-11,2026-03-21..2026-08-06,baccarat_bet02_101_all_pairs_incl_sentinel,round_win = game_pnl > 0 (decisive only),COMPATIBILITY_ONLY_NOT_PRODUCTION,1578.3934,1445.9493,-61.4954,197,174,0.03896078,0.23162612,0.01074342,0.03896078,61.4954,1578.3934,OK,0.0000,-2.4598,4.0000,96.0000,AG03-UNRESOLVED,ALL5_LEVELS_bet23_to_bet27,-2.4598,-3.0748,-3.0748,-3.0748,-3.0748,4.000000,5.000000,5.000000,5.000000,5.000000,96.000000,95.000000,95.000000,95.000000,95.000000,5.0,-14.7589,-13.4106,-46.7365,-48.0849,PENDING_AG03,FALSE,NOT_FOR_ENFORCEMENT,-59.0356,1388.1113,-61.4954,-59.0356,-2.4598,-0.03896078,-0.03740235,-2.4598,-59.0356,-0.03740235,-2.4598,-3.0748,-3.0748,-3.0748,-3.0748,-59.0356,-0.03740235,-14.7589,-13.4106,-46.7365,-48.0849,-0.02961019,-0.03046445,-0.00155843,8.0121,8.3101,-0.3534,-1.7570,-1.0789,45.0970,4.9714,6.7212,8.2441,2.84,5.2352,10.3783,12.9729,25.076,51.8914,5.1891,0.0,4.7899,9.912044,1.530441,17,46,37,3,0.12774816,-0.03896078,-0.23162612,0E-8,0.000000,0.916089,0.000000,0.22088270,2026-03-22,2026-07-31,35,57,55,132,0.265152,0.815282,0.838880,0.425827,,,,,,,,GLOBAL_BASELINE_NO_ENTITY_RANKING,,,NOT_APPLICABLE_GLOBAL_BASELINE,HF9g-P5,,,,X 全窗基线 · 不参与实体赏罚,3928625,393,A168_HF9F_20260827_0900,2026-08-27 09:00:00
2026-07-19,122521068,2141,0,3.8726667183,-3.8726667183,-3.8726667183,0E-7,1,1,0.50665070000000000,0.506650700000,-1.013391052207602,-1.013391052207602,-1.013391052207602,0E-17,ELIGIBLE,R03b_20260811_FULL_v1,L1_ELIGIBILITY,v2026-08-11,2026-03-21..2026-08-06,baccarat_bet02_101_all_pairs_incl_sentinel,round_win = game_pnl > 0 (decisive only),COMPATIBILITY_ONLY_NOT_PRODUCTION,1578.3934,1445.9493,-61.4954,197,174,0.03896078,0.23162612,0.01074342,0.03896078,61.4954,1578.3934,OK,0.0000,-2.4598,4.0000,96.0000,AG03-UNRESOLVED,ALL5_LEVELS_bet23_to_bet27,-2.4598,-3.0748,-3.0748,-3.0748,-3.0748,4.000000,5.000000,5.000000,5.000000,5.000000,96.000000,95.000000,95.000000,95.000000,95.000000,5.0,-14.7589,-13.4106,-46.7365,-48.0849,PENDING_AG03,FALSE,NOT_FOR_ENFORCEMENT,-59.0356,1388.1113,-61.4954,-59.0356,-2.4598,-0.03896078,-0.03740235,-2.4598,-59.0356,-0.03740235,-2.4598,-3.0748,-3.0748,-3.0748,-3.0748,-59.0356,-0.03740235,-14.7589,-13.4106,-46.7365,-48.0849,-0.02961019,-0.03046445,-0.00155843,8.0121,8.3101,-0.3534,-1.7570,-1.0789,45.0970,4.9714,6.7212,8.2441,2.84,5.2352,10.3783,12.9729,25.076,51.8914,5.1891,0.0,4.7899,9.912044,1.530441,17,46,37,3,0.12774816,-0.03896078,-0.23162612,0E-8,0.000000,0.916089,0.000000,0.22088270,2026-03-22,2026-07-31,35,57,55,132,0.265152,0.815282,0.838880,0.425827,,,,,,,,GLOBAL_BASELINE_NO_ENTITY_RANKING,,,NOT_APPLICABLE_GLOBAL_BASELINE,HF9g-P5,,,,X 全窗基线 · 不参与实体赏罚,3928626,393,A168_HF9F_20260827_0900,2026-08-27 09:00:00
2026-07-19,122521068,2251,0,4.1308444995,4.1308444995,4.1308444995,1.0000000,1,1,0.49324550000000000,0.493245500000,1.01360149184955,1.01360149184955,1.01360149184955,0E-17,ELIGIBLE,R03b_20260811_FULL_v1,L1_ELIGIBILITY,v2026-08-11,2026-03-21..2026-08-06,baccarat_bet02_101_all_pairs_incl_sentinel,round_win = game_pnl > 0 (decisive only),COMPATIBILITY_ONLY_NOT_PRODUCTION,1578.3934,1445.9493,-61.4954,197,174,0.03896078,0.23162612,0.01074342,0.03896078,61.4954,1578.3934,OK,0.0000,-2.4598,4.0000,96.0000,AG03-UNRESOLVED,ALL5_LEVELS_bet23_to_bet27,-2.4598,-3.0748,-3.0748,-3.0748,-3.0748,4.000000,5.000000,5.000000,5.000000,5.000000,96.000000,95.000000,95.000000,95.000000,95.000000,5.0,-14.7589,-13.4106,-46.7365,-48.0849,PENDING_AG03,FALSE,NOT_FOR_ENFORCEMENT,-59.0356,1388.1113,-61.4954,-59.0356,-2.4598,-0.03896078,-0.03740235,-2.4598,-59.0356,-0.03740235,-2.4598,-3.0748,-3.0748,-3.0748,-3.0748,-59.0356,-0.03740235,-14.7589,-13.4106,-46.7365,-48.0849,-0.02961019,-0.03046445,-0.00155843,8.0121,8.3101,-0.3534,-1.7570,-1.0789,45.0970,4.9714,6.7212,8.2441,2.84,5.2352,10.3783,12.9729,25.076,51.8914,5.1891,0.0,4.7899,9.912044,1.530441,17,46,37,3,0.12774816,-0.03896078,-0.23162612,0E-8,0.000000,0.916089,0.000000,0.22088270,2026-03-22,2026-07-31,35,57,55,132,0.265152,0.815282,0.838880,0.425827,,,,,,,,GLOBAL_BASELINE_NO_ENTITY_RANKING,,,NOT_APPLICABLE_GLOBAL_BASELINE,HF9g-P5,,,,X 全窗基线 · 不参与实体赏罚,3928627,393,A168_HF9F_20260827_0900,2026-08-27 09:00:00
2026-07-23,122521068,2129,0,6.1962667493,-6.1962667493,-6.1962667493,0E-7,1,1,0.50665070000000000,0.506650700000,-1.013391052207602,-1.013391052207602,-1.013391052207602,0E-17,ELIGIBLE,R03b_20260811_FULL_v1,L1_ELIGIBILITY,v2026-08-11,2026-03-21..2026-08-06,baccarat_bet02_101_all_pairs_incl_sentinel,round_win = game_pnl > 0 (decisive only),COMPATIBILITY_ONLY_NOT_PRODUCTION,1578.3934,1445.9493,-61.4954,197,174,0.03896078,0.23162612,0.01074342,0.03896078,61.4954,1578.3934,OK,0.0000,-2.4598,4.0000,96.0000,AG03-UNRESOLVED,ALL5_LEVELS_bet23_to_bet27,-2.4598,-3.0748,-3.0748,-3.0748,-3.0748,4.000000,5.000000,5.000000,5.000000,5.000000,96.000000,95.000000,95.000000,95.000000,95.000000,5.0,-14.7589,-13.4106,-46.7365,-48.0849,PENDING_AG03,FALSE,NOT_FOR_ENFORCEMENT,-59.0356,1388.1113,-61.4954,-59.0356,-2.4598,-0.03896078,-0.03740235,-2.4598,-59.0356,-0.03740235,-2.4598,-3.0748,-3.0748,-3.0748,-3.0748,-59.0356,-0.03740235,-14.7589,-13.4106,-46.7365,-48.0849,-0.02961019,-0.03046445,-0.00155843,8.0121,8.3101,-0.3534,-1.7570,-1.0789,45.0970,4.9714,6.7212,8.2441,2.84,5.2352,10.3783,12.9729,25.076,51.8914,5.1891,0.0,4.7899,9.912044,1.530441,17,46,37,3,0.12774816,-0.03896078,-0.23162612,0E-8,0.000000,0.916089,0.000000,0.22088270,2026-03-22,2026-07-31,35,57,55,132,0.265152,0.815282,0.838880,0.425827,,,,,,,,GLOBAL_BASELINE_NO_ENTITY_RANKING,,,NOT_APPLICABLE_GLOBAL_BASELINE,HF9g-P5,,,,X 全窗基线 · 不参与实体赏罚,3928628,393,A168_HF9F_20260827_0900,2026-08-27 09:00:00
2026-07-25,122521068,2155,0,3.3563111559,3.1884955981,3.1884955981,1.0000000,1,1,0.50665070000000000,0.506650700000,0.9867858985152569,0.9867858985152569,0.9867858985152569,0E-17,ELIGIBLE,R03b_20260811_FULL_v1,L1_ELIGIBILITY,v2026-08-11,2026-03-21..2026-08-06,baccarat_bet02_101_all_pairs_incl_sentinel,round_win = game_pnl > 0 (decisive only),COMPATIBILITY_ONLY_NOT_PRODUCTION,1578.3934,1445.9493,-61.4954,197,174,0.03896078,0.23162612,0.01074342,0.03896078,61.4954,1578.3934,OK,0.0000,-2.4598,4.0000,96.0000,AG03-UNRESOLVED,ALL5_LEVELS_bet23_to_bet27,-2.4598,-3.0748,-3.0748,-3.0748,-3.0748,4.000000,5.000000,5.000000,5.000000,5.000000,96.000000,95.000000,95.000000,95.000000,95.000000,5.0,-14.7589,-13.4106,-46.7365,-48.0849,PENDING_AG03,FALSE,NOT_FOR_ENFORCEMENT,-59.0356,1388.1113,-61.4954,-59.0356,-2.4598,-0.03896078,-0.03740235,-2.4598,-59.0356,-0.03740235,-2.4598,-3.0748,-3.0748,-3.0748,-3.0748,-59.0356,-0.03740235,-14.7589,-13.4106,-46.7365,-48.0849,-0.02961019,-0.03046445,-0.00155843,8.0121,8.3101,-0.3534,-1.7570,-1.0789,45.0970,4.9714,6.7212,8.2441,2.84,5.2352,10.3783,12.9729,25.076,51.8914,5.1891,0.0,4.7899,9.912044,1.530441,17,46,37,3,0.12774816,-0.03896078,-0.23162612,0E-8,0.000000,0.916089,0.000000,0.22088270,2026-03-22,2026-07-31,35,57,55,132,0.265152,0.815282,0.838880,0.425827,,,,,,,,GLOBAL_BASELINE_NO_ENTITY_RANKING,,,NOT_APPLICABLE_GLOBAL_BASELINE,HF9g-P5,,,,X 全窗基线 · 不参与实体赏罚,3928629,393,A168_HF9F_20260827_0900,2026-08-27 09:00:00
2026-07-25,122521068,2196,0,6.4544445305,-6.4544445305,-6.4544445305,0E-7,1,1,0.49324550000000000,0.493245500000,-0.9865810262130424,-0.9865810262130424,-0.9865810262130424,0E-17,ELIGIBLE,R03b_20260811_FULL_v1,L1_ELIGIBILITY,v2026-08-11,2026-03-21..2026-08-06,baccarat_bet02_101_all_pairs_incl_sentinel,round_win = game_pnl > 0 (decisive only),COMPATIBILITY_ONLY_NOT_PRODUCTION,1578.3934,1445.9493,-61.4954,197,174,0.03896078,0.23162612,0.01074342,0.03896078,61.4954,1578.3934,OK,0.0000,-2.4598,4.0000,96.0000,AG03-UNRESOLVED,ALL5_LEVELS_bet23_to_bet27,-2.4598,-3.0748,-3.0748,-3.0748,-3.0748,4.000000,5.000000,5.000000,5.000000,5.000000,96.000000,95.000000,95.000000,95.000000,95.000000,5.0,-14.7589,-13.4106,-46.7365,-48.0849,PENDING_AG03,FALSE,NOT_FOR_ENFORCEMENT,-59.0356,1388.1113,-61.4954,-59.0356,-2.4598,-0.03896078,-0.03740235,-2.4598,-59.0356,-0.03740235,-2.4598,-3.0748,-3.0748,-3.0748,-3.0748,-59.0356,-0.03740235,-14.7589,-13.4106,-46.7365,-48.0849,-0.02961019,-0.03046445,-0.00155843,8.0121,8.3101,-0.3534,-1.7570,-1.0789,45.0970,4.9714,6.7212,8.2441,2.84,5.2352,10.3783,12.9729,25.076,51.8914,5.1891,0.0,4.7899,9.912044,1.530441,17,46,37,3,0.12774816,-0.03896078,-0.23162612,0E-8,0.000000,0.916089,0.000000,0.22088270,2026-03-22,2026-07-31,35,57,55,132,0.265152,0.815282,0.838880,0.425827,,,,,,,,GLOBAL_BASELINE_NO_ENTITY_RANKING,,,NOT_APPLICABLE_GLOBAL_BASELINE,HF9g-P5,,,,X 全窗基线 · 不参与实体赏罚,3928630,393,A168_HF9F_20260827_0900,2026-08-27 09:00:00
2026-07-28,122521068,1323,0,25.8177781220,25.3014225596,25.3014225596,1.0000000,3,3,0.49771390000000000,0.497713900000,1.739988277604938,1.739988277604938,1.739988277604938,0E-17,ELIGIBLE,R03b_20260811_FULL_v1,L1_ELIGIBILITY,v2026-08-11,2026-03-21..2026-08-06,baccarat_bet02_101_all_pairs_incl_sentinel,round_win = game_pnl > 0 (decisive only),COMPATIBILITY_ONLY_NOT_PRODUCTION,1578.3934,1445.9493,-61.4954,197,174,0.03896078,0.23162612,0.01074342,0.03896078,61.4954,1578.3934,OK,0.0000,-2.4598,4.0000,96.0000,AG03-UNRESOLVED,ALL5_LEVELS_bet23_to_bet27,-2.4598,-3.0748,-3.0748,-3.0748,-3.0748,4.000000,5.000000,5.000000,5.000000,5.000000,96.000000,95.000000,95.000000,95.000000,95.000000,5.0,-14.7589,-13.4106,-46.7365,-48.0849,PENDING_AG03,FALSE,NOT_FOR_ENFORCEMENT,-59.0356,1388.1113,-61.4954,-59.0356,-2.4598,-0.03896078,-0.03740235,-2.4598,-59.0356,-0.03740235,-2.4598,-3.0748,-3.0748,-3.0748,-3.0748,-59.0356,-0.03740235,-14.7589,-13.4106,-46.7365,-48.0849,-0.02961019,-0.03046445,-0.00155843,8.0121,8.3101,-0.3534,-1.7570,-1.0789,45.0970,4.9714,6.7212,8.2441,2.84,5.2352,10.3783,12.9729,25.076,51.8914,5.1891,0.0,4.7899,9.912044,1.530441,17,46,37,3,0.12774816,-0.03896078,-0.23162612,0E-8,0.000000,0.916089,0.000000,0.22088270,2026-03-22,2026-07-31,35,57,55,132,0.265152,0.815282,0.838880,0.425827,,,,,,,,GLOBAL_BASELINE_NO_ENTITY_RANKING,,,NOT_APPLICABLE_GLOBAL_BASELINE,HF9g-P5,,,,X 全窗基线 · 不参与实体赏罚,3928631,393,A168_HF9F_20260827_0900,2026-08-27 09:00:00
2026-07-28,122521068,1490,0,72.2897787416,45.5683783853,45.5683783853,0.7500000,4,4,0.49994810000000000,0.499948100000,1.0002076053883384,1.0002076053883384,1.0002076053883384,0E-17,ELIGIBLE,R03b_20260811_FULL_v1,L1_ELIGIBILITY,v2026-08-11,2026-03-21..2026-08-06,baccarat_bet02_101_all_pairs_incl_sentinel,round_win = game_pnl > 0 (decisive only),COMPATIBILITY_ONLY_NOT_PRODUCTION,1578.3934,1445.9493,-61.4954,197,174,0.03896078,0.23162612,0.01074342,0.03896078,61.4954,1578.3934,OK,0.0000,-2.4598,4.0000,96.0000,AG03-UNRESOLVED,ALL5_LEVELS_bet23_to_bet27,-2.4598,-3.0748,-3.0748,-3.0748,-3.0748,4.000000,5.000000,5.000000,5.000000,5.000000,96.000000,95.000000,95.000000,95.000000,95.000000,5.0,-14.7589,-13.4106,-46.7365,-48.0849,PENDING_AG03,FALSE,NOT_FOR_ENFORCEMENT,-59.0356,1388.1113,-61.4954,-59.0356,-2.4598,-0.03896078,-0.03740235,-2.4598,-59.0356,-0.03740235,-2.4598,-3.0748,-3.0748,-3.0748,-3.0748,-59.0356,-0.03740235,-14.7589,-13.4106,-46.7365,-48.0849,-0.02961019,-0.03046445,-0.00155843,8.0121,8.3101,-0.3534,-1.7570,-1.0789,45.0970,4.9714,6.7212,8.2441,2.84,5.2352,10.3783,12.9729,25.076,51.8914,5.1891,0.0,4.7899,9.912044,1.530441,17,46,37,3,0.12774816,-0.03896078,-0.23162612,0E-8,0.000000,0.916089,0.000000,0.22088270,2026-03-22,2026-07-31,35,57,55,132,0.265152,0.815282,0.838880,0.425827,,,,,,,,GLOBAL_BASELINE_NO_ENTITY_RANKING,,,NOT_APPLICABLE_GLOBAL_BASELINE,HF9g-P5,,,,X 全窗基线 · 不参与实体赏罚,3928632,393,A168_HF9F_20260827_0900,2026-08-27 09:00:00
2026-07-28,122521068,987,0,24.0105336535,-5.9768156352,-5.9768156352,0.3333333,4,4,0.50329940000000000,0.503299400000,-0.5887925454369916,-0.5887925454369916,-0.5887925454369916,0E-17,ELIGIBLE,R03b_20260811_FULL_v1,L1_ELIGIBILITY,v2026-08-11,2026-03-21..2026-08-06,baccarat_bet02_101_all_pairs_incl_sentinel,round_win = game_pnl > 0 (decisive only),COMPATIBILITY_ONLY_NOT_PRODUCTION,1578.3934,1445.9493,-61.4954,197,174,0.03896078,0.23162612,0.01074342,0.03896078,61.4954,1578.3934,OK,0.0000,-2.4598,4.0000,96.0000,AG03-UNRESOLVED,ALL5_LEVELS_bet23_to_bet27,-2.4598,-3.0748,-3.0748,-3.0748,-3.0748,4.000000,5.000000,5.000000,5.000000,5.000000,96.000000,95.000000,95.000000,95.000000,95.000000,5.0,-14.7589,-13.4106,-46.7365,-48.0849,PENDING_AG03,FALSE,NOT_FOR_ENFORCEMENT,-59.0356,1388.1113,-61.4954,-59.0356,-2.4598,-0.03896078,-0.03740235,-2.4598,-59.0356,-0.03740235,-2.4598,-3.0748,-3.0748,-3.0748,-3.0748,-59.0356,-0.03740235,-14.7589,-13.4106,-46.7365,-48.0849,-0.02961019,-0.03046445,-0.00155843,8.0121,8.3101,-0.3534,-1.7570,-1.0789,45.0970,4.9714,6.7212,8.2441,2.84,5.2352,10.3783,12.9729,25.076,51.8914,5.1891,0.0,4.7899,9.912044,1.530441,17,46,37,3,0.12774816,-0.03896078,-0.23162612,0E-8,0.000000,0.916089,0.000000,0.22088270,2026-03-22,2026-07-31,35,57,55,132,0.265152,0.815282,0.838880,0.425827,,,,,,,,GLOBAL_BASELINE_NO_ENTITY_RANKING,,,NOT_APPLICABLE_GLOBAL_BASELINE,HF9g-P5,,,,X 全窗基线 · 不参与实体赏罚,3928633,393,A168_HF9F_20260827_0900,2026-08-27 09:00:00
2026-07-31,122521068,1004,0,5.6799111868,-5.6799111868,-5.6799111868,0E-7,1,1,0.50665070000000000,0.506650700000,-1.013391052207602,-1.013391052207602,-1.013391052207602,0E-17,ELIGIBLE,R03b_20260811_FULL_v1,L1_ELIGIBILITY,v2026-08-11,2026-03-21..2026-08-06,baccarat_bet02_101_all_pairs_incl_sentinel,round_win = game_pnl > 0 (decisive only),COMPATIBILITY_ONLY_NOT_PRODUCTION,1578.3934,1445.9493,-61.4954,197,174,0.03896078,0.23162612,0.01074342,0.03896078,61.4954,1578.3934,OK,0.0000,-2.4598,4.0000,96.0000,AG03-UNRESOLVED,ALL5_LEVELS_bet23_to_bet27,-2.4598,-3.0748,-3.0748,-3.0748,-3.0748,4.000000,5.000000,5.000000,5.000000,5.000000,96.000000,95.000000,95.000000,95.000000,95.000000,5.0,-14.7589,-13.4106,-46.7365,-48.0849,PENDING_AG03,FALSE,NOT_FOR_ENFORCEMENT,-59.0356,1388.1113,-61.4954,-59.0356,-2.4598,-0.03896078,-0.03740235,-2.4598,-59.0356,-0.03740235,-2.4598,-3.0748,-3.0748,-3.0748,-3.0748,-59.0356,-0.03740235,-14.7589,-13.4106,-46.7365,-48.0849,-0.02961019,-0.03046445,-0.00155843,8.0121,8.3101,-0.3534,-1.7570,-1.0789,45.0970,4.9714,6.7212,8.2441,2.84,5.2352,10.3783,12.9729,25.076,51.8914,5.1891,0.0,4.7899,9.912044,1.530441,17,46,37,3,0.12774816,-0.03896078,-0.23162612,0E-8,0.000000,0.916089,0.000000,0.22088270,2026-03-22,2026-07-31,35,57,55,132,0.265152,0.815282,0.838880,0.425827,,,,,,,,GLOBAL_BASELINE_NO_ENTITY_RANKING,,,NOT_APPLICABLE_GLOBAL_BASELINE,HF9g-P5,,,,X 全窗基线 · 不参与实体赏罚,3928634,393,A168_HF9F_20260827_0900,2026-08-27 09:00:00
2026-04-14,148652406,1491,0,7.8527864304,7.4601471089,7.4601471089,1.0000000,2,2,0.50665070000000000,0.506650700000,1.3955260008387969,1.3955260008387969,1.3955260008387969,0E-17,ELIGIBLE,R03b_20260811_FULL_v1,L1_ELIGIBILITY,v2026-08-11,2026-03-21..2026-08-06,baccarat_bet02_101_all_pairs_incl_sentinel,round_win = game_pnl > 0 (decisive only),COMPATIBILITY_ONLY_NOT_PRODUCTION,80.0984,80.0984,-60.8591,6,5,0.75980392,,0.75980392,0.75980392,60.8591,80.0984,THIN_EXPOSURE,0.0000,-1.8258,3.0000,97.0000,AG03-UNRESOLVED,ALL5_LEVELS_bet23_to_bet27,-1.8258,-1.8258,-1.8258,-2.4344,-2.4344,3.000000,3.000000,3.000000,4.000000,4.000000,97.000000,97.000000,97.000000,96.000000,96.000000,5.0,-10.3460,-9.6693,-50.5130,-51.1898,PENDING_AG03,FALSE,NOT_FOR_ENFORCEMENT,-59.0333,77.6955,-60.8591,-59.0333,-1.8258,-0.75980392,-0.73700980,-1.8258,-59.0333,-0.73700980,-1.8258,-1.8258,-1.8258,-2.4344,-2.4344,-59.0333,-0.73700980,-10.3460,-9.6693,-50.5130,-51.1898,-0.63063725,-0.63908585,-0.02279412,13.3497,16.0197,-12.1718,-60.8591,-20.2864,80.0984,5.0000,,13.3497,2.6176,6.544,7.8528,50.2578,54.9695,54.9695,6.544,3.7301,8.4,8.4,2.04,3,3,1,3,0E-8,-0.75980392,,0E-8,0.000000,1.000000,0.000000,,2026-04-14,2026-04-14,1,3,3,1,1.000000,,,0.000000,,,,,,,,GLOBAL_BASELINE_NO_ENTITY_RANKING,,,NOT_APPLICABLE_GLOBAL_BASELINE,HF9g-P5,,,,X 全窗基线 · 不参与实体赏罚,3928635,393,A168_HF9F_20260827_0900,2026-08-27 09:00:00
2026-04-14,148652406,2251,0,56.5400622988,53.3989477266,53.3989477266,1.0000000,2,1,0.48006742777759132,0.256040200000,1.0406924229346006,1.7045928232243774,1.0406924229346006,0.22402722777759132,ELIGIBLE,R03b_20260811_FULL_v1,L1_ELIGIBILITY,v2026-08-11,2026-03-21..2026-08-06,baccarat_bet02_101_all_pairs_incl_sentinel,round_win = game_pnl > 0 (decisive only),COMPATIBILITY_ONLY_NOT_PRODUCTION,80.0984,80.0984,-60.8591,6,5,0.75980392,,0.75980392,0.75980392,60.8591,80.0984,THIN_EXPOSURE,0.0000,-1.8258,3.0000,97.0000,AG03-UNRESOLVED,ALL5_LEVELS_bet23_to_bet27,-1.8258,-1.8258,-1.8258,-2.4344,-2.4344,3.000000,3.000000,3.000000,4.000000,4.000000,97.000000,97.000000,97.000000,96.000000,96.000000,5.0,-10.3460,-9.6693,-50.5130,-51.1898,PENDING_AG03,FALSE,NOT_FOR_ENFORCEMENT,-59.0333,77.6955,-60.8591,-59.0333,-1.8258,-0.75980392,-0.73700980,-1.8258,-59.0333,-0.73700980,-1.8258,-1.8258,-1.8258,-2.4344,-2.4344,-59.0333,-0.73700980,-10.3460,-9.6693,-50.5130,-51.1898,-0.63063725,-0.63908585,-0.02279412,13.3497,16.0197,-12.1718,-60.8591,-20.2864,80.0984,5.0000,,13.3497,2.6176,6.544,7.8528,50.2578,54.9695,54.9695,6.544,3.7301,8.4,8.4,2.04,3,3,1,3,0E-8,-0.75980392,,0E-8,0.000000,1.000000,0.000000,,2026-04-14,2026-04-14,1,3,3,1,1.000000,,,0.000000,,,,,,,,GLOBAL_BASELINE_NO_ENTITY_RANKING,,,NOT_APPLICABLE_GLOBAL_BASELINE,HF9g-P5,,,,X 全窗基线 · 不参与实体赏罚,3928636,393,A168_HF9F_20260827_0900,2026-08-27 09:00:00
2026-04-14,148652406,994,0,15.7055728608,0E-10,0E-10,0.5000000,2,2,0.49994810000000000,0.499948100000,0.00014679536856514622,0.00014679536856514622,0.00014679536856514622,0E-17,ELIGIBLE,R03b_20260811_FULL_v1,L1_ELIGIBILITY,v2026-08-11,2026-03-21..2026-08-06,baccarat_bet02_101_all_pairs_incl_sentinel,round_win = game_pnl > 0 (decisive only),COMPATIBILITY_ONLY_NOT_PRODUCTION,80.0984,80.0984,-60.8591,6,5,0.75980392,,0.75980392,0.75980392,60.8591,80.0984,THIN_EXPOSURE,0.0000,-1.8258,3.0000,97.0000,AG03-UNRESOLVED,ALL5_LEVELS_bet23_to_bet27,-1.8258,-1.8258,-1.8258,-2.4344,-2.4344,3.000000,3.000000,3.000000,4.000000,4.000000,97.000000,97.000000,97.000000,96.000000,96.000000,5.0,-10.3460,-9.6693,-50.5130,-51.1898,PENDING_AG03,FALSE,NOT_FOR_ENFORCEMENT,-59.0333,77.6955,-60.8591,-59.0333,-1.8258,-0.75980392,-0.73700980,-1.8258,-59.0333,-0.73700980,-1.8258,-1.8258,-1.8258,-2.4344,-2.4344,-59.0333,-0.73700980,-10.3460,-9.6693,-50.5130,-51.1898,-0.63063725,-0.63908585,-0.02279412,13.3497,16.0197,-12.1718,-60.8591,-20.2864,80.0984,5.0000,,13.3497,2.6176,6.544,7.8528,50.2578,54.9695,54.9695,6.544,3.7301,8.4,8.4,2.04,3,3,1,3,0E-8,-0.75980392,,0E-8,0.000000,1.000000,0.000000,,2026-04-14,2026-04-14,1,3,3,1,1.000000,,,0.000000,,,,,,,,GLOBAL_BASELINE_NO_ENTITY_RANKING,,,NOT_APPLICABLE_GLOBAL_BASELINE,HF9g-P5,,,,X 全窗基线 · 不参与实体赏罚,3928637,393,A168_HF9F_20260827_0900,2026-08-27 09:00:00
2026-04-25,149130906,1396,0,13.0879773840,12.4335785148,12.4335785148,1.0000000,1,1,0.50665070000000000,0.506650700000,0.9867858985152569,0.9867858985152569,0.9867858985152569,0E-17,ELIGIBLE,R03b_20260811_FULL_v1,L1_ELIGIBILITY,v2026-08-11,2026-03-21..2026-08-06,baccarat_bet02_101_all_pairs_incl_sentinel,round_win = game_pnl > 0 (decisive only),COMPATIBILITY_ONLY_NOT_PRODUCTION,183.2317,170.1437,-60.8591,9,9,0.33214286,,0.33214286,0.33214286,60.8591,183.2317,THIN_EXPOSURE,0.0000,-1.8258,3.0000,97.0000,AG03-UNRESOLVED,ALL5_LEVELS_bet23_to_bet27,-1.8258,-1.8258,-1.8258,-2.4344,-2.4344,3.000000,3.000000,3.000000,4.000000,4.000000,97.000000,97.000000,97.000000,96.000000,96.000000,5.0,-10.3460,-9.6693,-50.5130,-51.1898,PENDING_AG03,FALSE,NOT_FOR_ENFORCEMENT,-59.0333,165.0394,-60.8591,-59.0333,-1.8258,-0.33214286,-0.32217857,-1.8258,-59.0333,-0.32217857,-1.8258,-1.8258,-1.8258,-2.4344,-2.4344,-59.0333,-0.32217857,-10.3460,-9.6693,-50.5130,-51.1898,-0.27567857,-0.27937181,-0.00996429,20.3591,18.9049,-6.7621,-30.4295,-8.6942,91.6158,4.5000,,20.3591,13.088,26.176,26.176,26.176,26.176,26.176,26.176,12.4336,1.0,1.0,0.777778,7,6,3,2,0E-8,-0.33214286,,0E-8,0.000000,0.928571,0.000000,,2026-04-25,2026-04-27,2,7,7,3,0.666667,,,0.000000,,,,,,,,GLOBAL_BASELINE_NO_ENTITY_RANKING,,,NOT_APPLICABLE_GLOBAL_BASELINE,HF9g-P5,,,,X 全窗基线 · 不参与实体赏罚,3928638,393,A168_HF9F_20260827_0900,2026-08-27 09:00:00
2026-04-25,149130906,1994,0,13.0879773840,12.4335785148,12.4335785148,1.0000000,1,1,0.50665070000000000,0.506650700000,0.9867858985152569,0.9867858985152569,0.9867858985152569,0E-17,ELIGIBLE,R03b_20260811_FULL_v1,L1_ELIGIBILITY,v2026-08-11,2026-03-21..2026-08-06,baccarat_bet02_101_all_pairs_incl_sentinel,round_win = game_pnl > 0 (decisive only),COMPATIBILITY_ONLY_NOT_PRODUCTION,183.2317,170.1437,-60.8591,9,9,0.33214286,,0.33214286,0.33214286,60.8591,183.2317,THIN_EXPOSURE,0.0000,-1.8258,3.0000,97.0000,AG03-UNRESOLVED,ALL5_LEVELS_bet23_to_bet27,-1.8258,-1.8258,-1.8258,-2.4344,-2.4344,3.000000,3.000000,3.000000,4.000000,4.000000,97.000000,97.000000,97.000000,96.000000,96.000000,5.0,-10.3460,-9.6693,-50.5130,-51.1898,PENDING_AG03,FALSE,NOT_FOR_ENFORCEMENT,-59.0333,165.0394,-60.8591,-59.0333,-1.8258,-0.33214286,-0.32217857,-1.8258,-59.0333,-0.32217857,-1.8258,-1.8258,-1.8258,-2.4344,-2.4344,-59.0333,-0.32217857,-10.3460,-9.6693,-50.5130,-51.1898,-0.27567857,-0.27937181,-0.00996429,20.3591,18.9049,-6.7621,-30.4295,-8.6942,91.6158,4.5000,,20.3591,13.088,26.176,26.176,26.176,26.176,26.176,26.176,12.4336,1.0,1.0,0.777778,7,6,3,2,0E-8,-0.33214286,,0E-8,0.000000,0.928571,0.000000,,2026-04-25,2026-04-27,2,7,7,3,0.666667,,,0.000000,,,,,,,,GLOBAL_BASELINE_NO_ENTITY_RANKING,,,NOT_APPLICABLE_GLOBAL_BASELINE,HF9g-P5,,,,X 全窗基线 · 不参与实体赏罚,3928639,393,A168_HF9F_20260827_0900,2026-08-27 09:00:00
2026-04-25,149130906,2156,0,13.0879773840,12.4335785148,12.4335785148,1.0000000,1,1,0.50665070000000000,0.506650700000,0.9867858985152569,0.9867858985152569,0.9867858985152569,0E-17,ELIGIBLE,R03b_20260811_FULL_v1,L1_ELIGIBILITY,v2026-08-11,2026-03-21..2026-08-06,baccarat_bet02_101_all_pairs_incl_sentinel,round_win = game_pnl > 0 (decisive only),COMPATIBILITY_ONLY_NOT_PRODUCTION,183.2317,170.1437,-60.8591,9,9,0.33214286,,0.33214286,0.33214286,60.8591,183.2317,THIN_EXPOSURE,0.0000,-1.8258,3.0000,97.0000,AG03-UNRESOLVED,ALL5_LEVELS_bet23_to_bet27,-1.8258,-1.8258,-1.8258,-2.4344,-2.4344,3.000000,3.000000,3.000000,4.000000,4.000000,97.000000,97.000000,97.000000,96.000000,96.000000,5.0,-10.3460,-9.6693,-50.5130,-51.1898,PENDING_AG03,FALSE,NOT_FOR_ENFORCEMENT,-59.0333,165.0394,-60.8591,-59.0333,-1.8258,-0.33214286,-0.32217857,-1.8258,-59.0333,-0.32217857,-1.8258,-1.8258,-1.8258,-2.4344,-2.4344,-59.0333,-0.32217857,-10.3460,-9.6693,-50.5130,-51.1898,-0.27567857,-0.27937181,-0.00996429,20.3591,18.9049,-6.7621,-30.4295,-8.6942,91.6158,4.5000,,20.3591,13.088,26.176,26.176,26.176,26.176,26.176,26.176,12.4336,1.0,1.0,0.777778,7,6,3,2,0E-8,-0.33214286,,0E-8,0.000000,0.928571,0.000000,,2026-04-25,2026-04-27,2,7,7,3,0.666667,,,0.000000,,,,,,,,GLOBAL_BASELINE_NO_ENTITY_RANKING,,,NOT_APPLICABLE_GLOBAL_BASELINE,HF9g-P5,,,,X 全窗基线 · 不参与实体赏罚,3928640,393,A168_HF9F_20260827_0900,2026-08-27 09:00:00
2026-04-25,149130906,2251,0,26.1759547680,24.8671570296,24.8671570296,1.0000000,1,1,0.50665070000000000,0.506650700000,0.9867858985152569,0.9867858985152569,0.9867858985152569,0E-17,ELIGIBLE,R03b_20260811_FULL_v1,L1_ELIGIBILITY,v2026-08-11,2026-03-21..2026-08-06,baccarat_bet02_101_all_pairs_incl_sentinel,round_win = game_pnl > 0 (decisive only),COMPATIBILITY_ONLY_NOT_PRODUCTION,183.2317,170.1437,-60.8591,9,9,0.33214286,,0.33214286,0.33214286,60.8591,183.2317,THIN_EXPOSURE,0.0000,-1.8258,3.0000,97.0000,AG03-UNRESOLVED,ALL5_LEVELS_bet23_to_bet27,-1.8258,-1.8258,-1.8258,-2.4344,-2.4344,3.000000,3.000000,3.000000,4.000000,4.000000,97.000000,97.000000,97.000000,96.000000,96.000000,5.0,-10.3460,-9.6693,-50.5130,-51.1898,PENDING_AG03,FALSE,NOT_FOR_ENFORCEMENT,-59.0333,165.0394,-60.8591,-59.0333,-1.8258,-0.33214286,-0.32217857,-1.8258,-59.0333,-0.32217857,-1.8258,-1.8258,-1.8258,-2.4344,-2.4344,-59.0333,-0.32217857,-10.3460,-9.6693,-50.5130,-51.1898,-0.27567857,-0.27937181,-0.00996429,20.3591,18.9049,-6.7621,-30.4295,-8.6942,91.6158,4.5000,,20.3591,13.088,26.176,26.176,26.176,26.176,26.176,26.176,12.4336,1.0,1.0,0.777778,7,6,3,2,0E-8,-0.33214286,,0E-8,0.000000,0.928571,0.000000,,2026-04-25,2026-04-27,2,7,7,3,0.666667,,,0.000000,,,,,,,,GLOBAL_BASELINE_NO_ENTITY_RANKING,,,NOT_APPLICABLE_GLOBAL_BASELINE,HF9g-P5,,,,X 全窗基线 · 不参与实体赏罚,3928641,393,A168_HF9F_20260827_0900,2026-08-27 09:00:00
2026-04-25,149130906,2266,0,13.0879773840,0E-10,0E-10,,1,1,0.50665070000000000,0.506650700000,,,,0E-17,NO_DECISIVE_ROUND,R03b_20260811_FULL_v1,L1_ELIGIBILITY,v2026-08-11,2026-03-21..2026-08-06,baccarat_bet02_101_all_pairs_incl_sentinel,round_win = game_pnl > 0 (decisive only),COMPATIBILITY_ONLY_NOT_PRODUCTION,183.2317,170.1437,-60.8591,9,9,0.33214286,,0.33214286,0.33214286,60.8591,183.2317,THIN_EXPOSURE,0.0000,-1.8258,3.0000,97.0000,AG03-UNRESOLVED,ALL5_LEVELS_bet23_to_bet27,-1.8258,-1.8258,-1.8258,-2.4344,-2.4344,3.000000,3.000000,3.000000,4.000000,4.000000,97.000000,97.000000,97.000000,96.000000,96.000000,5.0,-10.3460,-9.6693,-50.5130,-51.1898,PENDING_AG03,FALSE,NOT_FOR_ENFORCEMENT,-59.0333,165.0394,-60.8591,-59.0333,-1.8258,-0.33214286,-0.32217857,-1.8258,-59.0333,-0.32217857,-1.8258,-1.8258,-1.8258,-2.4344,-2.4344,-59.0333,-0.32217857,-10.3460,-9.6693,-50.5130,-51.1898,-0.27567857,-0.27937181,-0.00996429,20.3591,18.9049,-6.7621,-30.4295,-8.6942,91.6158,4.5000,,20.3591,13.088,26.176,26.176,26.176,26.176,26.176,26.176,12.4336,1.0,1.0,0.777778,7,6,3,2,0E-8,-0.33214286,,0E-8,0.000000,0.928571,0.000000,,2026-04-25,2026-04-27,2,7,7,3,0.666667,,,0.000000,,,,,,,,GLOBAL_BASELINE_NO_ENTITY_RANKING,,,NOT_APPLICABLE_GLOBAL_BASELINE,HF9g-P5,,,,X 全窗基线 · 不参与实体赏罚,3928642,393,A168_HF9F_20260827_0900,2026-08-27 09:00:00
2026-04-27,149130906,1302,0,52.3519095360,-1.3087977384,-1.3087977384,0.5000000,2,2,0.50665070000000000,0.506650700000,-0.018812684590367487,-0.018812684590367487,-0.018812684590367487,0E-17,ELIGIBLE,R03b_20260811_FULL_v1,L1_ELIGIBILITY,v2026-08-11,2026-03-21..2026-08-06,baccarat_bet02_101_all_pairs_incl_sentinel,round_win = game_pnl > 0 (decisive only),COMPATIBILITY_ONLY_NOT_PRODUCTION,183.2317,170.1437,-60.8591,9,9,0.33214286,,0.33214286,0.33214286,60.8591,183.2317,THIN_EXPOSURE,0.0000,-1.8258,3.0000,97.0000,AG03-UNRESOLVED,ALL5_LEVELS_bet23_to_bet27,-1.8258,-1.8258,-1.8258,-2.4344,-2.4344,3.000000,3.000000,3.000000,4.000000,4.000000,97.000000,97.000000,97.000000,96.000000,96.000000,5.0,-10.3460,-9.6693,-50.5130,-51.1898,PENDING_AG03,FALSE,NOT_FOR_ENFORCEMENT,-59.0333,165.0394,-60.8591,-59.0333,-1.8258,-0.33214286,-0.32217857,-1.8258,-59.0333,-0.32217857,-1.8258,-1.8258,-1.8258,-2.4344,-2.4344,-59.0333,-0.32217857,-10.3460,-9.6693,-50.5130,-51.1898,-0.27567857,-0.27937181,-0.00996429,20.3591,18.9049,-6.7621,-30.4295,-8.6942,91.6158,4.5000,,20.3591,13.088,26.176,26.176,26.176,26.176,26.176,26.176,12.4336,1.0,1.0,0.777778,7,6,3,2,0E-8,-0.33214286,,0E-8,0.000000,0.928571,0.000000,,2026-04-25,2026-04-27,2,7,7,3,0.666667,,,0.000000,,,,,,,,GLOBAL_BASELINE_NO_ENTITY_RANKING,,,NOT_APPLICABLE_GLOBAL_BASELINE,HF9g-P5,,,,X 全窗基线 · 不参与实体赏罚,3928643,393,A168_HF9F_20260827_0900,2026-08-27 09:00:00
2026-04-27,149130906,1396,0,26.1759547680,26.1759547680,26.1759547680,1.0000000,1,1,0.49324550000000000,0.493245500000,1.01360149184955,1.01360149184955,1.01360149184955,0E-17,ELIGIBLE,R03b_20260811_FULL_v1,L1_ELIGIBILITY,v2026-08-11,2026-03-21..2026-08-06,baccarat_bet02_101_all_pairs_incl_sentinel,round_win = game_pnl > 0 (decisive only),COMPATIBILITY_ONLY_NOT_PRODUCTION,183.2317,170.1437,-60.8591,9,9,0.33214286,,0.33214286,0.33214286,60.8591,183.2317,THIN_EXPOSURE,0.0000,-1.8258,3.0000,97.0000,AG03-UNRESOLVED,ALL5_LEVELS_bet23_to_bet27,-1.8258,-1.8258,-1.8258,-2.4344,-2.4344,3.000000,3.000000,3.000000,4.000000,4.000000,97.000000,97.000000,97.000000,96.000000,96.000000,5.0,-10.3460,-9.6693,-50.5130,-51.1898,PENDING_AG03,FALSE,NOT_FOR_ENFORCEMENT,-59.0333,165.0394,-60.8591,-59.0333,-1.8258,-0.33214286,-0.32217857,-1.8258,-59.0333,-0.32217857,-1.8258,-1.8258,-1.8258,-2.4344,-2.4344,-59.0333,-0.32217857,-10.3460,-9.6693,-50.5130,-51.1898,-0.27567857,-0.27937181,-0.00996429,20.3591,18.9049,-6.7621,-30.4295,-8.6942,91.6158,4.5000,,20.3591,13.088,26.176,26.176,26.176,26.176,26.176,26.176,12.4336,1.0,1.0,0.777778,7,6,3,2,0E-8,-0.33214286,,0E-8,0.000000,0.928571,0.000000,,2026-04-25,2026-04-27,2,7,7,3,0.666667,,,0.000000,,,,,,,,GLOBAL_BASELINE_NO_ENTITY_RANKING,,,NOT_APPLICABLE_GLOBAL_BASELINE,HF9g-P5,,,,X 全窗基线 · 不参与实体赏罚,3928644,393,A168_HF9F_20260827_0900,2026-08-27 09:00:00
2026-04-27,149130906,2266,0,26.1759547680,-26.1759547680,-26.1759547680,0E-7,1,1,0.50665070000000000,0.506650700000,-1.013391052207602,-1.013391052207602,-1.013391052207602,0E-17,ELIGIBLE,R03b_20260811_FULL_v1,L1_ELIGIBILITY,v2026-08-11,2026-03-21..2026-08-06,baccarat_bet02_101_all_pairs_incl_sentinel,round_win = game_pnl > 0 (decisive only),COMPATIBILITY_ONLY_NOT_PRODUCTION,183.2317,170.1437,-60.8591,9,9,0.33214286,,0.33214286,0.33214286,60.8591,183.2317,THIN_EXPOSURE,0.0000,-1.8258,3.0000,97.0000,AG03-UNRESOLVED,ALL5_LEVELS_bet23_to_bet27,-1.8258,-1.8258,-1.8258,-2.4344,-2.4344,3.000000,3.000000,3.000000,4.000000,4.000000,97.000000,97.000000,97.000000,96.000000,96.000000,5.0,-10.3460,-9.6693,-50.5130,-51.1898,PENDING_AG03,FALSE,NOT_FOR_ENFORCEMENT,-59.0333,165.0394,-60.8591,-59.0333,-1.8258,-0.33214286,-0.32217857,-1.8258,-59.0333,-0.32217857,-1.8258,-1.8258,-1.8258,-2.4344,-2.4344,-59.0333,-0.32217857,-10.3460,-9.6693,-50.5130,-51.1898,-0.27567857,-0.27937181,-0.00996429,20.3591,18.9049,-6.7621,-30.4295,-8.6942,91.6158,4.5000,,20.3591,13.088,26.176,26.176,26.176,26.176,26.176,26.176,12.4336,1.0,1.0,0.777778,7,6,3,2,0E-8,-0.33214286,,0E-8,0.000000,0.928571,0.000000,,2026-04-25,2026-04-27,2,7,7,3,0.666667,,,0.000000,,,,,,,,GLOBAL_BASELINE_NO_ENTITY_RANKING,,,NOT_APPLICABLE_GLOBAL_BASELINE,HF9g-P5,,,,X 全窗基线 · 不参与实体赏罚,3928645,393,A168_HF9F_20260827_0900,2026-08-27 09:00:00
2026-04-19,148870940,1307,0,26.1759547680,-0.6543988692,-0.6543988692,0.5000000,2,2,0.50665070000000000,0.506650700000,-0.018812684590367487,-0.018812684590367487,-0.018812684590367487,0E-17,ELIGIBLE,R03b_20260811_FULL_v1,L1_ELIGIBILITY,v2026-08-11,2026-03-21..2026-08-06,baccarat_bet02_101_all_pairs_incl_sentinel,round_win = game_pnl > 0 (decisive only),COMPATIBILITY_ONLY_NOT_PRODUCTION,188.4669,143.9678,-60.8591,15,15,0.32291667,,0.32291667,0.32291667,60.8591,188.4669,THIN_EXPOSURE,0.0000,-1.8258,3.0000,97.0000,AG03-UNRESOLVED,ALL5_LEVELS_bet23_to_bet27,-1.8258,-1.8258,-1.8258,-2.4344,-2.4344,3.000000,3.000000,3.000000,4.000000,4.000000,97.000000,97.000000,97.000000,96.000000,96.000000,5.0,-10.3460,-9.6693,-50.5130,-51.1898,PENDING_AG03,FALSE,NOT_FOR_ENFORCEMENT,-59.0333,139.6487,-60.8591,-59.0333,-1.8258,-0.32291667,-0.31322917,-1.8258,-59.0333,-0.31322917,-1.8258,-1.8258,-1.8258,-2.4344,-2.4344,-59.0333,-0.31322917,-10.3460,-9.6693,-50.5130,-51.1898,-0.26802083,-0.27161148,-0.00968750,12.5645,9.5979,-4.0573,-60.8591,-30.4295,188.4669,15.0000,,12.5645,13.088,13.088,13.088,13.088,13.088,13.088,13.088,12.4336,1.0,1.0,0.96,2,4,1,2,0E-8,-0.32291667,,0E-8,0.000000,0.763889,0.000000,,2026-04-19,2026-04-19,1,2,2,1,1.000000,,,0.000000,,,,,,,,GLOBAL_BASELINE_NO_ENTITY_RANKING,,,NOT_APPLICABLE_GLOBAL_BASELINE,HF9g-P5,,,,X 全窗基线 · 不参与实体赏罚,3928646,393,A168_HF9F_20260827_0900,2026-08-27 09:00:00
2026-04-19,148870940,1330,0,39.2639321520,37.3007355444,37.3007355444,1.0000000,3,3,0.50665070000000000,0.506650700000,1.7091633124209307,1.7091633124209307,1.7091633124209307,0E-17,ELIGIBLE,R03b_20260811_FULL_v1,L1_ELIGIBILITY,v2026-08-11,2026-03-21..2026-08-06,baccarat_bet02_101_all_pairs_incl_sentinel,round_win = game_pnl > 0 (decisive only),COMPATIBILITY_ONLY_NOT_PRODUCTION,188.4669,143.9678,-60.8591,15,15,0.32291667,,0.32291667,0.32291667,60.8591,188.4669,THIN_EXPOSURE,0.0000,-1.8258,3.0000,97.0000,AG03-UNRESOLVED,ALL5_LEVELS_bet23_to_bet27,-1.8258,-1.8258,-1.8258,-2.4344,-2.4344,3.000000,3.000000,3.000000,4.000000,4.000000,97.000000,97.000000,97.000000,96.000000,96.000000,5.0,-10.3460,-9.6693,-50.5130,-51.1898,PENDING_AG03,FALSE,NOT_FOR_ENFORCEMENT,-59.0333,139.6487,-60.8591,-59.0333,-1.8258,-0.32291667,-0.31322917,-1.8258,-59.0333,-0.31322917,-1.8258,-1.8258,-1.8258,-2.4344,-2.4344,-59.0333,-0.31322917,-10.3460,-9.6693,-50.5130,-51.1898,-0.26802083,-0.27161148,-0.00968750,12.5645,9.5979,-4.0573,-60.8591,-30.4295,188.4669,15.0000,,12.5645,13.088,13.088,13.088,13.088,13.088,13.088,13.088,12.4336,1.0,1.0,0.96,2,4,1,2,0E-8,-0.32291667,,0E-8,0.000000,0.763889,0.000000,,2026-04-19,2026-04-19,1,2,2,1,1.000000,,,0.000000,,,,,,,,GLOBAL_BASELINE_NO_ENTITY_RANKING,,,NOT_APPLICABLE_GLOBAL_BASELINE,HF9g-P5,,,,X 全窗基线 · 不参与实体赏罚,3928647,393,A168_HF9F_20260827_0900,2026-08-27 09:00:00
2026-04-19,148870940,2141,0,96.8510326416,-1.3087977384,-1.3087977384,0.5000000,8,8,0.50665070000000000,0.506650700000,-0.02660515369234503,-0.02660515369234503,-0.02660515369234503,0E-17,ELIGIBLE,R03b_20260811_FULL_v1,L1_ELIGIBILITY,v2026-08-11,2026-03-21..2026-08-06,baccarat_bet02_101_all_pairs_incl_sentinel,round_win = game_pnl > 0 (decisive only),COMPATIBILITY_ONLY_NOT_PRODUCTION,188.4669,143.9678,-60.8591,15,15,0.32291667,,0.32291667,0.32291667,60.8591,188.4669,THIN_EXPOSURE,0.0000,-1.8258,3.0000,97.0000,AG03-UNRESOLVED,ALL5_LEVELS_bet23_to_bet27,-1.8258,-1.8258,-1.8258,-2.4344,-2.4344,3.000000,3.000000,3.000000,4.000000,4.000000,97.000000,97.000000,97.000000,96.000000,96.000000,5.0,-10.3460,-9.6693,-50.5130,-51.1898,PENDING_AG03,FALSE,NOT_FOR_ENFORCEMENT,-59.0333,139.6487,-60.8591,-59.0333,-1.8258,-0.32291667,-0.31322917,-1.8258,-59.0333,-0.31322917,-1.8258,-1.8258,-1.8258,-2.4344,-2.4344,-59.0333,-0.31322917,-10.3460,-9.6693,-50.5130,-51.1898,-0.26802083,-0.27161148,-0.00968750,12.5645,9.5979,-4.0573,-60.8591,-30.4295,188.4669,15.0000,,12.5645,13.088,13.088,13.088,13.088,13.088,13.088,13.088,12.4336,1.0,1.0,0.96,2,4,1,2,0E-8,-0.32291667,,0E-8,0.000000,0.763889,0.000000,,2026-04-19,2026-04-19,1,2,2,1,1.000000,,,0.000000,,,,,,,,GLOBAL_BASELINE_NO_ENTITY_RANKING,,,NOT_APPLICABLE_GLOBAL_BASELINE,HF9g-P5,,,,X 全窗基线 · 不参与实体赏罚,3928648,393,A168_HF9F_20260827_0900,2026-08-27 09:00:00
2026-04-19,148870940,2223,0,26.1759547680,25.5215558988,25.5215558988,1.0000000,2,2,0.49994810000000000,0.499948100000,1.4143603653603398,1.4143603653603398,1.4143603653603398,0E-17,ELIGIBLE,R03b_20260811_FULL_v1,L1_ELIGIBILITY,v2026-08-11,2026-03-21..2026-08-06,baccarat_bet02_101_all_pairs_incl_sentinel,round_win = game_pnl > 0 (decisive only),COMPATIBILITY_ONLY_NOT_PRODUCTION,188.4669,143.9678,-60.8591,15,15,0.32291667,,0.32291667,0.32291667,60.8591,188.4669,THIN_EXPOSURE,0.0000,-1.8258,3.0000,97.0000,AG03-UNRESOLVED,ALL5_LEVELS_bet23_to_bet27,-1.8258,-1.8258,-1.8258,-2.4344,-2.4344,3.000000,3.000000,3.000000,4.000000,4.000000,97.000000,97.000000,97.000000,96.000000,96.000000,5.0,-10.3460,-9.6693,-50.5130,-51.1898,PENDING_AG03,FALSE,NOT_FOR_ENFORCEMENT,-59.0333,139.6487,-60.8591,-59.0333,-1.8258,-0.32291667,-0.31322917,-1.8258,-59.0333,-0.31322917,-1.8258,-1.8258,-1.8258,-2.4344,-2.4344,-59.0333,-0.31322917,-10.3460,-9.6693,-50.5130,-51.1898,-0.26802083,-0.27161148,-0.00968750,12.5645,9.5979,-4.0573,-60.8591,-30.4295,188.4669,15.0000,,12.5645,13.088,13.088,13.088,13.088,13.088,13.088,13.088,12.4336,1.0,1.0,0.96,2,4,1,2,0E-8,-0.32291667,,0E-8,0.000000,0.763889,0.000000,,2026-04-19,2026-04-19,1,2,2,1,1.000000,,,0.000000,,,,,,,,GLOBAL_BASELINE_NO_ENTITY_RANKING,,,NOT_APPLICABLE_GLOBAL_BASELINE,HF9g-P5,,,,X 全窗基线 · 不参与实体赏罚,3928649,393,A168_HF9F_20260827_0900,2026-08-27 09:00:00
2026-05-25,150383053,1400,0,57.0805874114,15.1782471071,15.1782471071,0.6666667,6,6,0.49994810000000000,0.499948100000,0.8167508423630434,0.8167508423630434,0.8167508423630434,0E-17,ELIGIBLE,R03b_20260811_FULL_v1,L1_ELIGIBILITY,v2026-08-11,2026-03-21..2026-08-06,baccarat_bet02_101_all_pairs_incl_sentinel,round_win = game_pnl > 0 (decisive only),COMPATIBILITY_ONLY_NOT_PRODUCTION,217.9441,210.1603,-61.4914,23,23,0.28214286,,0.28214286,0.28214286,61.4914,217.9441,THIN_EXPOSURE,0.0000,-2.4597,4.0000,96.0000,AG03-UNRESOLVED,ALL5_LEVELS_bet23_to_bet27,-2.4597,-2.4597,-2.4597,-3.0746,-3.0746,4.000000,4.000000,4.000000,5.000000,5.000000,96.000000,96.000000,96.000000,95.000000,95.000000,5.0,-13.5281,-12.3921,-47.9633,-49.0993,PENDING_AG03,FALSE,NOT_FOR_ENFORCEMENT,-59.0317,201.7539,-61.4914,-59.0317,-2.4597,-0.28214286,-0.27085714,-2.4597,-59.0317,-0.27085714,-2.4597,-2.4597,-2.4597,-3.0746,-3.0746,-59.0317,-0.27085714,-13.5281,-12.3921,-47.9633,-49.0993,-0.22007143,-0.2252838,-0.01128571,9.4758,9.1374,-2.6735,-61.4914,-20.4971,217.9441,23.0000,,9.4758,7.7837,7.7837,11.6756,12.9729,15.6972,20.7566,7.7837,7.3945,2.016667,2.666667,1.217391,3,3,1,2,0E-8,-0.28214286,,0E-8,0.000000,0.964286,0.000000,,2026-05-25,2026-05-25,1,3,3,1,1.000000,,,0.000000,,,,,,,,GLOBAL_BASELINE_NO_ENTITY_RANKING,,,NOT_APPLICABLE_GLOBAL_BASELINE,HF9g-P5,,,,X 全窗基线 · 不参与实体赏罚,3928650,393,A168_HF9F_20260827_0900,2026-08-27 09:00:00
2026-05-25,150383053,1402,0,72.6480203417,40.3455970110,40.3455970110,0.7142857,7,7,0.50090561428571429,0.500905614286,1.129103210700875,1.1291032106993646,1.129103210700875,-2.8571E-13,ELIGIBLE,R03b_20260811_FULL_v1,L1_ELIGIBILITY,v2026-08-11,2026-03-21..2026-08-06,baccarat_bet02_101_all_pairs_incl_sentinel,round_win = game_pnl > 0 (decisive only),COMPATIBILITY_ONLY_NOT_PRODUCTION,217.9441,210.1603,-61.4914,23,23,0.28214286,,0.28214286,0.28214286,61.4914,217.9441,THIN_EXPOSURE,0.0000,-2.4597,4.0000,96.0000,AG03-UNRESOLVED,ALL5_LEVELS_bet23_to_bet27,-2.4597,-2.4597,-2.4597,-3.0746,-3.0746,4.000000,4.000000,4.000000,5.000000,5.000000,96.000000,96.000000,96.000000,95.000000,95.000000,5.0,-13.5281,-12.3921,-47.9633,-49.0993,PENDING_AG03,FALSE,NOT_FOR_ENFORCEMENT,-59.0317,201.7539,-61.4914,-59.0317,-2.4597,-0.28214286,-0.27085714,-2.4597,-59.0317,-0.27085714,-2.4597,-2.4597,-2.4597,-3.0746,-3.0746,-59.0317,-0.27085714,-13.5281,-12.3921,-47.9633,-49.0993,-0.22007143,-0.2252838,-0.01128571,9.4758,9.1374,-2.6735,-61.4914,-20.4971,217.9441,23.0000,,9.4758,7.7837,7.7837,11.6756,12.9729,15.6972,20.7566,7.7837,7.3945,2.016667,2.666667,1.217391,3,3,1,2,0E-8,-0.28214286,,0E-8,0.000000,0.964286,0.000000,,2026-05-25,2026-05-25,1,3,3,1,1.000000,,,0.000000,,,,,,,,GLOBAL_BASELINE_NO_ENTITY_RANKING,,,NOT_APPLICABLE_GLOBAL_BASELINE,HF9g-P5,,,,X 全窗基线 · 不参与实体赏罚,3928651,393,A168_HF9F_20260827_0900,2026-08-27 09:00:00
2026-05-25,150383053,2169,0,88.2154532722,5.9675159565,5.9675159565,0.5555556,10,10,0.50128862000000000,0.501288620000,0.3256026946887059,0.3256026946887059,0.3256026946887059,0E-17,ELIGIBLE,R03b_20260811_FULL_v1,L1_ELIGIBILITY,v2026-08-11,2026-03-21..2026-08-06,baccarat_bet02_101_all_pairs_incl_sentinel,round_win = game_pnl > 0 (decisive only),COMPATIBILITY_ONLY_NOT_PRODUCTION,217.9441,210.1603,-61.4914,23,23,0.28214286,,0.28214286,0.28214286,61.4914,217.9441,THIN_EXPOSURE,0.0000,-2.4597,4.0000,96.0000,AG03-UNRESOLVED,ALL5_LEVELS_bet23_to_bet27,-2.4597,-2.4597,-2.4597,-3.0746,-3.0746,4.000000,4.000000,4.000000,5.000000,5.000000,96.000000,96.000000,96.000000,95.000000,95.000000,5.0,-13.5281,-12.3921,-47.9633,-49.0993,PENDING_AG03,FALSE,NOT_FOR_ENFORCEMENT,-59.0317,201.7539,-61.4914,-59.0317,-2.4597,-0.28214286,-0.27085714,-2.4597,-59.0317,-0.27085714,-2.4597,-2.4597,-2.4597,-3.0746,-3.0746,-59.0317,-0.27085714,-13.5281,-12.3921,-47.9633,-49.0993,-0.22007143,-0.2252838,-0.01128571,9.4758,9.1374,-2.6735,-61.4914,-20.4971,217.9441,23.0000,,9.4758,7.7837,7.7837,11.6756,12.9729,15.6972,20.7566,7.7837,7.3945,2.016667,2.666667,1.217391,3,3,1,2,0E-8,-0.28214286,,0E-8,0.000000,0.964286,0.000000,,2026-05-25,2026-05-25,1,3,3,1,1.000000,,,0.000000,,,,,,,,GLOBAL_BASELINE_NO_ENTITY_RANKING,,,NOT_APPLICABLE_GLOBAL_BASELINE,HF9g-P5,,,,X 全窗基线 · 不参与实体赏罚,3928652,393,A168_HF9F_20260827_0900,2026-08-27 09:00:00
2026-05-17,150168772,1307,0,146.3338695451,-64.3453894453,-64.3453894453,0.4285714,9,7,0.47613844054597498,0.440126600000,-0.2519880830944011,-0.06158737407605063,-0.2519880830944011,0.03601184054597498,ELIGIBLE,R03b_20260811_FULL_v1,L1_ELIGIBILITY,v2026-08-11,2026-03-21..2026-08-06,baccarat_bet02_101_all_pairs_incl_sentinel,round_win = game_pnl > 0 (decisive only),COMPATIBILITY_ONLY_NOT_PRODUCTION,470.6554,379.8454,-61.4914,15,13,0.13065050,,0.13065050,0.13065050,61.4914,470.6554,THIN_EXPOSURE,0.0000,-2.4597,4.0000,96.0000,AG03-UNRESOLVED,ALL5_LEVELS_bet23_to_bet27,-2.4597,-2.4597,-3.0746,-3.0746,-3.0746,4.000000,4.000000,5.000000,5.000000,5.000000,96.000000,96.000000,95.000000,95.000000,95.000000,5.0,-14.1430,-12.9035,-47.3483,-48.5878,PENDING_AG03,FALSE,NOT_FOR_ENFORCEMENT,-59.0317,364.6515,-61.4914,-59.0317,-2.4597,-0.13065050,-0.12542448,-2.4597,-59.0317,-0.12542448,-2.4597,-2.4597,-3.0746,-3.0746,-3.0746,-59.0317,-0.12542448,-14.1430,-12.9035,-47.3483,-48.5878,-0.10060088,-0.10323438,-0.00522602,31.3770,29.2189,-4.7301,-61.4914,-8.7845,470.6554,13.0000,,31.3770,14.2053,27.243,51.8914,51.8914,71.3507,77.8372,19.4593,0.0,2.619048,2.857143,1.151746,7,6,1,3,0E-8,-0.13065050,,0E-8,0.000000,0.807056,0.000000,,2026-05-17,2026-05-17,1,7,7,1,1.000000,,,0.000000,,,,,,,,GLOBAL_BASELINE_NO_ENTITY_RANKING,,,NOT_APPLICABLE_GLOBAL_BASELINE,HF9g-P5,,,,X 全窗基线 · 不参与实体赏罚,3928653,393,A168_HF9F_20260827_0900,2026-08-27 09:00:00
2026-05-17,150168772,1396,0,38.9185823258,0E-10,0E-10,,1,1,0.49324550000000000,0.493245500000,,,,0E-17,NO_DECISIVE_ROUND,R03b_20260811_FULL_v1,L1_ELIGIBILITY,v2026-08-11,2026-03-21..2026-08-06,baccarat_bet02_101_all_pairs_incl_sentinel,round_win = game_pnl > 0 (decisive only),COMPATIBILITY_ONLY_NOT_PRODUCTION,470.6554,379.8454,-61.4914,15,13,0.13065050,,0.13065050,0.13065050,61.4914,470.6554,THIN_EXPOSURE,0.0000,-2.4597,4.0000,96.0000,AG03-UNRESOLVED,ALL5_LEVELS_bet23_to_bet27,-2.4597,-2.4597,-3.0746,-3.0746,-3.0746,4.000000,4.000000,5.000000,5.000000,5.000000,96.000000,96.000000,95.000000,95.000000,95.000000,5.0,-14.1430,-12.9035,-47.3483,-48.5878,PENDING_AG03,FALSE,NOT_FOR_ENFORCEMENT,-59.0317,364.6515,-61.4914,-59.0317,-2.4597,-0.13065050,-0.12542448,-2.4597,-59.0317,-0.12542448,-2.4597,-2.4597,-3.0746,-3.0746,-3.0746,-59.0317,-0.12542448,-14.1430,-12.9035,-47.3483,-48.5878,-0.10060088,-0.10323438,-0.00522602,31.3770,29.2189,-4.7301,-61.4914,-8.7845,470.6554,13.0000,,31.3770,14.2053,27.243,51.8914,51.8914,71.3507,77.8372,19.4593,0.0,2.619048,2.857143,1.151746,7,6,1,3,0E-8,-0.13065050,,0E-8,0.000000,0.807056,0.000000,,2026-05-17,2026-05-17,1,7,7,1,1.000000,,,0.000000,,,,,,,,GLOBAL_BASELINE_NO_ENTITY_RANKING,,,NOT_APPLICABLE_GLOBAL_BASELINE,HF9g-P5,,,,X 全窗基线 · 不参与实体赏罚,3928654,393,A168_HF9F_20260827_0900,2026-08-27 09:00:00
2026-05-17,150168772,1947,0,51.8914431010,51.8914431010,51.8914431010,1.0000000,1,1,0.49324550000000000,0.493245500000,1.01360149184955,1.01360149184955,1.01360149184955,0E-17,ELIGIBLE,R03b_20260811_FULL_v1,L1_ELIGIBILITY,v2026-08-11,2026-03-21..2026-08-06,baccarat_bet02_101_all_pairs_incl_sentinel,round_win = game_pnl > 0 (decisive only),COMPATIBILITY_ONLY_NOT_PRODUCTION,470.6554,379.8454,-61.4914,15,13,0.13065050,,0.13065050,0.13065050,61.4914,470.6554,THIN_EXPOSURE,0.0000,-2.4597,4.0000,96.0000,AG03-UNRESOLVED,ALL5_LEVELS_bet23_to_bet27,-2.4597,-2.4597,-3.0746,-3.0746,-3.0746,4.000000,4.000000,5.000000,5.000000,5.000000,96.000000,96.000000,95.000000,95.000000,95.000000,5.0,-14.1430,-12.9035,-47.3483,-48.5878,PENDING_AG03,FALSE,NOT_FOR_ENFORCEMENT,-59.0317,364.6515,-61.4914,-59.0317,-2.4597,-0.13065050,-0.12542448,-2.4597,-59.0317,-0.12542448,-2.4597,-2.4597,-3.0746,-3.0746,-3.0746,-59.0317,-0.12542448,-14.1430,-12.9035,-47.3483,-48.5878,-0.10060088,-0.10323438,-0.00522602,31.3770,29.2189,-4.7301,-61.4914,-8.7845,470.6554,13.0000,,31.3770,14.2053,27.243,51.8914,51.8914,71.3507,77.8372,19.4593,0.0,2.619048,2.857143,1.151746,7,6,1,3,0E-8,-0.13065050,,0E-8,0.000000,0.807056,0.000000,,2026-05-17,2026-05-17,1,7,7,1,1.000000,,,0.000000,,,,,,,,GLOBAL_BASELINE_NO_ENTITY_RANKING,,,NOT_APPLICABLE_GLOBAL_BASELINE,HF9g-P5,,,,X 全窗基线 · 不参与实体赏罚,3928655,393,A168_HF9F_20260827_0900,2026-08-27 09:00:00
2026-05-17,150168772,2130,0,77.8371646515,73.9453064190,73.9453064190,1.0000000,1,1,0.50665070000000000,0.506650700000,0.9867858985152569,0.9867858985152569,0.9867858985152569,0E-17,ELIGIBLE,R03b_20260811_FULL_v1,L1_ELIGIBILITY,v2026-08-11,2026-03-21..2026-08-06,baccarat_bet02_101_all_pairs_incl_sentinel,round_win = game_pnl > 0 (decisive only),COMPATIBILITY_ONLY_NOT_PRODUCTION,470.6554,379.8454,-61.4914,15,13,0.13065050,,0.13065050,0.13065050,61.4914,470.6554,THIN_EXPOSURE,0.0000,-2.4597,4.0000,96.0000,AG03-UNRESOLVED,ALL5_LEVELS_bet23_to_bet27,-2.4597,-2.4597,-3.0746,-3.0746,-3.0746,4.000000,4.000000,5.000000,5.000000,5.000000,96.000000,96.000000,95.000000,95.000000,95.000000,5.0,-14.1430,-12.9035,-47.3483,-48.5878,PENDING_AG03,FALSE,NOT_FOR_ENFORCEMENT,-59.0317,364.6515,-61.4914,-59.0317,-2.4597,-0.13065050,-0.12542448,-2.4597,-59.0317,-0.12542448,-2.4597,-2.4597,-3.0746,-3.0746,-3.0746,-59.0317,-0.12542448,-14.1430,-12.9035,-47.3483,-48.5878,-0.10060088,-0.10323438,-0.00522602,31.3770,29.2189,-4.7301,-61.4914,-8.7845,470.6554,13.0000,,31.3770,14.2053,27.243,51.8914,51.8914,71.3507,77.8372,19.4593,0.0,2.619048,2.857143,1.151746,7,6,1,3,0E-8,-0.13065050,,0E-8,0.000000,0.807056,0.000000,,2026-05-17,2026-05-17,1,7,7,1,1.000000,,,0.000000,,,,,,,,GLOBAL_BASELINE_NO_ENTITY_RANKING,,,NOT_APPLICABLE_GLOBAL_BASELINE,HF9g-P5,,,,X 全窗基线 · 不参与实体赏罚,3928656,393,A168_HF9F_20260827_0900,2026-08-27 09:00:00
2026-05-17,150168772,2147,0,103.7828862020,-51.8914431010,-51.8914431010,0E-7,2,2,0.49994810000000000,0.499948100000,-0.9998962053866608,-0.9998962053866608,-0.9998962053866608,0E-17,ELIGIBLE,R03b_20260811_FULL_v1,L1_ELIGIBILITY,v2026-08-11,2026-03-21..2026-08-06,baccarat_bet02_101_all_pairs_incl_sentinel,round_win = game_pnl > 0 (decisive only),COMPATIBILITY_ONLY_NOT_PRODUCTION,470.6554,379.8454,-61.4914,15,13,0.13065050,,0.13065050,0.13065050,61.4914,470.6554,THIN_EXPOSURE,0.0000,-2.4597,4.0000,96.0000,AG03-UNRESOLVED,ALL5_LEVELS_bet23_to_bet27,-2.4597,-2.4597,-3.0746,-3.0746,-3.0746,4.000000,4.000000,5.000000,5.000000,5.000000,96.000000,96.000000,95.000000,95.000000,95.000000,5.0,-14.1430,-12.9035,-47.3483,-48.5878,PENDING_AG03,FALSE,NOT_FOR_ENFORCEMENT,-59.0317,364.6515,-61.4914,-59.0317,-2.4597,-0.13065050,-0.12542448,-2.4597,-59.0317,-0.12542448,-2.4597,-2.4597,-3.0746,-3.0746,-3.0746,-59.0317,-0.12542448,-14.1430,-12.9035,-47.3483,-48.5878,-0.10060088,-0.10323438,-0.00522602,31.3770,29.2189,-4.7301,-61.4914,-8.7845,470.6554,13.0000,,31.3770,14.2053,27.243,51.8914,51.8914,71.3507,77.8372,19.4593,0.0,2.619048,2.857143,1.151746,7,6,1,3,0E-8,-0.13065050,,0E-8,0.000000,0.807056,0.000000,,2026-05-17,2026-05-17,1,7,7,1,1.000000,,,0.000000,,,,,,,,GLOBAL_BASELINE_NO_ENTITY_RANKING,,,NOT_APPLICABLE_GLOBAL_BASELINE,HF9g-P5,,,,X 全窗基线 · 不参与实体赏罚,3928657,393,A168_HF9F_20260827_0900,2026-08-27 09:00:00
2026-05-17,150168772,2250,0,51.8914431010,51.8914431010,51.8914431010,1.0000000,1,1,0.49324550000000000,0.493245500000,1.01360149184955,1.01360149184955,1.01360149184955,0E-17,ELIGIBLE,R03b_20260811_FULL_v1,L1_ELIGIBILITY,v2026-08-11,2026-03-21..2026-08-06,baccarat_bet02_101_all_pairs_incl_sentinel,round_win = game_pnl > 0 (decisive only),COMPATIBILITY_ONLY_NOT_PRODUCTION,470.6554,379.8454,-61.4914,15,13,0.13065050,,0.13065050,0.13065050,61.4914,470.6554,THIN_EXPOSURE,0.0000,-2.4597,4.0000,96.0000,AG03-UNRESOLVED,ALL5_LEVELS_bet23_to_bet27,-2.4597,-2.4597,-3.0746,-3.0746,-3.0746,4.000000,4.000000,5.000000,5.000000,5.000000,96.000000,96.000000,95.000000,95.000000,95.000000,5.0,-14.1430,-12.9035,-47.3483,-48.5878,PENDING_AG03,FALSE,NOT_FOR_ENFORCEMENT,-59.0317,364.6515,-61.4914,-59.0317,-2.4597,-0.13065050,-0.12542448,-2.4597,-59.0317,-0.12542448,-2.4597,-2.4597,-3.0746,-3.0746,-3.0746,-59.0317,-0.12542448,-14.1430,-12.9035,-47.3483,-48.5878,-0.10060088,-0.10323438,-0.00522602,31.3770,29.2189,-4.7301,-61.4914,-8.7845,470.6554,13.0000,,31.3770,14.2053,27.243,51.8914,51.8914,71.3507,77.8372,19.4593,0.0,2.619048,2.857143,1.151746,7,6,1,3,0E-8,-0.13065050,,0E-8,0.000000,0.807056,0.000000,,2026-05-17,2026-05-17,1,7,7,1,1.000000,,,0.000000,,,,,,,,GLOBAL_BASELINE_NO_ENTITY_RANKING,,,NOT_APPLICABLE_GLOBAL_BASELINE,HF9g-P5,,,,X 全窗基线 · 不参与实体赏罚,3928658,393,A168_HF9F_20260827_0900,2026-08-27 09:00:00
2026-05-10,149845582,2145,0,36.3240101711,-2.5945721550,-2.5945721550,0.5000000,11,11,0.45822390909090909,0.458223909091,0.26514229367443404,0.265142293673853,0.26514229367443404,-9.091E-14,ELIGIBLE,R03b_20260811_FULL_v1,L1_ELIGIBILITY,v2026-08-11,2026-03-21..2026-08-06,baccarat_bet02_101_all_pairs_incl_sentinel,round_win = game_pnl > 0 (decisive only),COMPATIBILITY_ONLY_NOT_PRODUCTION,949.6134,791.3445,-61.4914,71,71,0.06475410,,0.06475410,0.06475410,61.4914,949.6134,OK,0.0000,-2.4597,4.0000,96.0000,AG03-UNRESOLVED,ALL5_LEVELS_bet23_to_bet27,-2.4597,-2.4597,-2.4597,-3.0746,-3.0746,4.000000,4.000000,4.000000,5.000000,5.000000,96.000000,96.000000,96.000000,95.000000,95.000000,5.0,-13.5281,-12.3921,-47.9633,-49.0993,PENDING_AG03,FALSE,NOT_FOR_ENFORCEMENT,-59.0317,759.6907,-61.4914,-59.0317,-2.4597,-0.06475410,-0.06216393,-2.4597,-59.0317,-0.06216393,-2.4597,-2.4597,-2.4597,-3.0746,-3.0746,-59.0317,-0.06216393,-13.5281,-12.3921,-47.9633,-49.0993,-0.05050820,-0.05170448,-0.00259016,13.3748,11.1457,-0.8661,-20.4971,-7.6864,316.5378,23.6667,,13.3748,5.1891,12.9729,25.9457,25.9457,25.9457,25.9457,12.9729,0.0,2.0,2.0,1.030986,6,8,4,3,0E-8,-0.06475410,,0E-8,0.000000,0.833333,0.000000,,2026-05-10,2026-05-12,3,8,7,3,1.000000,,,0.000000,,,,,,,,GLOBAL_BASELINE_NO_ENTITY_RANKING,,,NOT_APPLICABLE_GLOBAL_BASELINE,HF9g-P5,,,,X 全窗基线 · 不参与实体赏罚,3928659,393,A168_HF9F_20260827_0900,2026-08-27 09:00:00
2026-05-11,149845582,1325,0,25.9457215506,-12.9728607753,-12.9728607753,0E-7,2,2,0.49324550000000000,0.493245500000,-0.9865810262130424,-0.9865810262130424,-0.9865810262130424,0E-17,ELIGIBLE,R03b_20260811_FULL_v1,L1_ELIGIBILITY,v2026-08-11,2026-03-21..2026-08-06,baccarat_bet02_101_all_pairs_incl_sentinel,round_win = game_pnl > 0 (decisive only),COMPATIBILITY_ONLY_NOT_PRODUCTION,949.6134,791.3445,-61.4914,71,71,0.06475410,,0.06475410,0.06475410,61.4914,949.6134,OK,0.0000,-2.4597,4.0000,96.0000,AG03-UNRESOLVED,ALL5_LEVELS_bet23_to_bet27,-2.4597,-2.4597,-2.4597,-3.0746,-3.0746,4.000000,4.000000,4.000000,5.000000,5.000000,96.000000,96.000000,96.000000,95.000000,95.000000,5.0,-13.5281,-12.3921,-47.9633,-49.0993,PENDING_AG03,FALSE,NOT_FOR_ENFORCEMENT,-59.0317,759.6907,-61.4914,-59.0317,-2.4597,-0.06475410,-0.06216393,-2.4597,-59.0317,-0.06216393,-2.4597,-2.4597,-2.4597,-3.0746,-3.0746,-59.0317,-0.06216393,-13.5281,-12.3921,-47.9633,-49.0993,-0.05050820,-0.05170448,-0.00259016,13.3748,11.1457,-0.8661,-20.4971,-7.6864,316.5378,23.6667,,13.3748,5.1891,12.9729,25.9457,25.9457,25.9457,25.9457,12.9729,0.0,2.0,2.0,1.030986,6,8,4,3,0E-8,-0.06475410,,0E-8,0.000000,0.833333,0.000000,,2026-05-10,2026-05-12,3,8,7,3,1.000000,,,0.000000,,,,,,,,GLOBAL_BASELINE_NO_ENTITY_RANKING,,,NOT_APPLICABLE_GLOBAL_BASELINE,HF9g-P5,,,,X 全窗基线 · 不参与实体赏罚,3928660,393,A168_HF9F_20260827_0900,2026-08-27 09:00:00
2026-05-11,149845582,2145,0,54.4860152563,-18.2917336933,-18.2917336933,0.4444444,9,9,0.49771390000000000,0.497713900000,-0.3196200741816709,-0.3196200741816709,-0.3196200741816709,0E-17,ELIGIBLE,R03b_20260811_FULL_v1,L1_ELIGIBILITY,v2026-08-11,2026-03-21..2026-08-06,baccarat_bet02_101_all_pairs_incl_sentinel,round_win = game_pnl > 0 (decisive only),COMPATIBILITY_ONLY_NOT_PRODUCTION,949.6134,791.3445,-61.4914,71,71,0.06475410,,0.06475410,0.06475410,61.4914,949.6134,OK,0.0000,-2.4597,4.0000,96.0000,AG03-UNRESOLVED,ALL5_LEVELS_bet23_to_bet27,-2.4597,-2.4597,-2.4597,-3.0746,-3.0746,4.000000,4.000000,4.000000,5.000000,5.000000,96.000000,96.000000,96.000000,95.000000,95.000000,5.0,-13.5281,-12.3921,-47.9633,-49.0993,PENDING_AG03,FALSE,NOT_FOR_ENFORCEMENT,-59.0317,759.6907,-61.4914,-59.0317,-2.4597,-0.06475410,-0.06216393,-2.4597,-59.0317,-0.06216393,-2.4597,-2.4597,-2.4597,-3.0746,-3.0746,-59.0317,-0.06216393,-13.5281,-12.3921,-47.9633,-49.0993,-0.05050820,-0.05170448,-0.00259016,13.3748,11.1457,-0.8661,-20.4971,-7.6864,316.5378,23.6667,,13.3748,5.1891,12.9729,25.9457,25.9457,25.9457,25.9457,12.9729,0.0,2.0,2.0,1.030986,6,8,4,3,0E-8,-0.06475410,,0E-8,0.000000,0.833333,0.000000,,2026-05-10,2026-05-12,3,8,7,3,1.000000,,,0.000000,,,,,,,,GLOBAL_BASELINE_NO_ENTITY_RANKING,,,NOT_APPLICABLE_GLOBAL_BASELINE,HF9g-P5,,,,X 全窗基线 · 不参与实体赏罚,3928661,393,A168_HF9F_20260827_0900,2026-08-27 09:00:00
2026-05-11,149845582,2156,0,90.8100254268,-40.2158684033,-40.2158684033,0.2500000,4,4,0.49659680000000000,0.496596800000,-0.9864100490137353,-0.9864100490137354,-0.9864100490137353,0E-17,ELIGIBLE,R03b_20260811_FULL_v1,L1_ELIGIBILITY,v2026-08-11,2026-03-21..2026-08-06,baccarat_bet02_101_all_pairs_incl_sentinel,round_win = game_pnl > 0 (decisive only),COMPATIBILITY_ONLY_NOT_PRODUCTION,949.6134,791.3445,-61.4914,71,71,0.06475410,,0.06475410,0.06475410,61.4914,949.6134,OK,0.0000,-2.4597,4.0000,96.0000,AG03-UNRESOLVED,ALL5_LEVELS_bet23_to_bet27,-2.4597,-2.4597,-2.4597,-3.0746,-3.0746,4.000000,4.000000,4.000000,5.000000,5.000000,96.000000,96.000000,96.000000,95.000000,95.000000,5.0,-13.5281,-12.3921,-47.9633,-49.0993,PENDING_AG03,FALSE,NOT_FOR_ENFORCEMENT,-59.0317,759.6907,-61.4914,-59.0317,-2.4597,-0.06475410,-0.06216393,-2.4597,-59.0317,-0.06216393,-2.4597,-2.4597,-2.4597,-3.0746,-3.0746,-59.0317,-0.06216393,-13.5281,-12.3921,-47.9633,-49.0993,-0.05050820,-0.05170448,-0.00259016,13.3748,11.1457,-0.8661,-20.4971,-7.6864,316.5378,23.6667,,13.3748,5.1891,12.9729,25.9457,25.9457,25.9457,25.9457,12.9729,0.0,2.0,2.0,1.030986,6,8,4,3,0E-8,-0.06475410,,0E-8,0.000000,0.833333,0.000000,,2026-05-10,2026-05-12,3,8,7,3,1.000000,,,0.000000,,,,,,,,GLOBAL_BASELINE_NO_ENTITY_RANKING,,,NOT_APPLICABLE_GLOBAL_BASELINE,HF9g-P5,,,,X 全窗基线 · 不参与实体赏罚,3928662,393,A168_HF9F_20260827_0900,2026-08-27 09:00:00
2026-05-11,149845582,2167,0,15.5674329304,-5.1891443102,-5.1891443102,0.2500000,4,4,0.39358482500000000,0.393584825000,-0.5878064345006628,-0.5878064345006628,-0.5878064345006628,0E-17,ELIGIBLE,R03b_20260811_FULL_v1,L1_ELIGIBILITY,v2026-08-11,2026-03-21..2026-08-06,baccarat_bet02_101_all_pairs_incl_sentinel,round_win = game_pnl > 0 (decisive only),COMPATIBILITY_ONLY_NOT_PRODUCTION,949.6134,791.3445,-61.4914,71,71,0.06475410,,0.06475410,0.06475410,61.4914,949.6134,OK,0.0000,-2.4597,4.0000,96.0000,AG03-UNRESOLVED,ALL5_LEVELS_bet23_to_bet27,-2.4597,-2.4597,-2.4597,-3.0746,-3.0746,4.000000,4.000000,4.000000,5.000000,5.000000,96.000000,96.000000,96.000000,95.000000,95.000000,5.0,-13.5281,-12.3921,-47.9633,-49.0993,PENDING_AG03,FALSE,NOT_FOR_ENFORCEMENT,-59.0317,759.6907,-61.4914,-59.0317,-2.4597,-0.06475410,-0.06216393,-2.4597,-59.0317,-0.06216393,-2.4597,-2.4597,-2.4597,-3.0746,-3.0746,-59.0317,-0.06216393,-13.5281,-12.3921,-47.9633,-49.0993,-0.05050820,-0.05170448,-0.00259016,13.3748,11.1457,-0.8661,-20.4971,-7.6864,316.5378,23.6667,,13.3748,5.1891,12.9729,25.9457,25.9457,25.9457,25.9457,12.9729,0.0,2.0,2.0,1.030986,6,8,4,3,0E-8,-0.06475410,,0E-8,0.000000,0.833333,0.000000,,2026-05-10,2026-05-12,3,8,7,3,1.000000,,,0.000000,,,,,,,,GLOBAL_BASELINE_NO_ENTITY_RANKING,,,NOT_APPLICABLE_GLOBAL_BASELINE,HF9g-P5,,,,X 全窗基线 · 不参与实体赏罚,3928663,393,A168_HF9F_20260827_0900,2026-08-27 09:00:00
2026-05-11,149845582,2267,0,337.2943801567,75.8912355352,75.8912355352,0.6363636,15,15,0.49860758000000000,0.498607580000,0.913773846431944,0.913773846431944,0.913773846431944,0E-17,ELIGIBLE,R03b_20260811_FULL_v1,L1_ELIGIBILITY,v2026-08-11,2026-03-21..2026-08-06,baccarat_bet02_101_all_pairs_incl_sentinel,round_win = game_pnl > 0 (decisive only),COMPATIBILITY_ONLY_NOT_PRODUCTION,949.6134,791.3445,-61.4914,71,71,0.06475410,,0.06475410,0.06475410,61.4914,949.6134,OK,0.0000,-2.4597,4.0000,96.0000,AG03-UNRESOLVED,ALL5_LEVELS_bet23_to_bet27,-2.4597,-2.4597,-2.4597,-3.0746,-3.0746,4.000000,4.000000,4.000000,5.000000,5.000000,96.000000,96.000000,96.000000,95.000000,95.000000,5.0,-13.5281,-12.3921,-47.9633,-49.0993,PENDING_AG03,FALSE,NOT_FOR_ENFORCEMENT,-59.0317,759.6907,-61.4914,-59.0317,-2.4597,-0.06475410,-0.06216393,-2.4597,-59.0317,-0.06216393,-2.4597,-2.4597,-2.4597,-3.0746,-3.0746,-59.0317,-0.06216393,-13.5281,-12.3921,-47.9633,-49.0993,-0.05050820,-0.05170448,-0.00259016,13.3748,11.1457,-0.8661,-20.4971,-7.6864,316.5378,23.6667,,13.3748,5.1891,12.9729,25.9457,25.9457,25.9457,25.9457,12.9729,0.0,2.0,2.0,1.030986,6,8,4,3,0E-8,-0.06475410,,0E-8,0.000000,0.833333,0.000000,,2026-05-10,2026-05-12,3,8,7,3,1.000000,,,0.000000,,,,,,,,GLOBAL_BASELINE_NO_ENTITY_RANKING,,,NOT_APPLICABLE_GLOBAL_BASELINE,HF9g-P5,,,,X 全窗基线 · 不参与实体赏罚,3928664,393,A168_HF9F_20260827_0900,2026-08-27 09:00:00
2026-05-11,149845582,462,0,181.6200508537,-25.9457215507,-25.9457215507,0.2857143,9,9,0.49473496666666667,0.494734966667,-1.1060948062090386,-1.1060948062107947,-1.1060948062090386,-3.3333E-13,ELIGIBLE,R03b_20260811_FULL_v1,L1_ELIGIBILITY,v2026-08-11,2026-03-21..2026-08-06,baccarat_bet02_101_all_pairs_incl_sentinel,round_win = game_pnl > 0 (decisive only),COMPATIBILITY_ONLY_NOT_PRODUCTION,949.6134,791.3445,-61.4914,71,71,0.06475410,,0.06475410,0.06475410,61.4914,949.6134,OK,0.0000,-2.4597,4.0000,96.0000,AG03-UNRESOLVED,ALL5_LEVELS_bet23_to_bet27,-2.4597,-2.4597,-2.4597,-3.0746,-3.0746,4.000000,4.000000,4.000000,5.000000,5.000000,96.000000,96.000000,96.000000,95.000000,95.000000,5.0,-13.5281,-12.3921,-47.9633,-49.0993,PENDING_AG03,FALSE,NOT_FOR_ENFORCEMENT,-59.0317,759.6907,-61.4914,-59.0317,-2.4597,-0.06475410,-0.06216393,-2.4597,-59.0317,-0.06216393,-2.4597,-2.4597,-2.4597,-3.0746,-3.0746,-59.0317,-0.06216393,-13.5281,-12.3921,-47.9633,-49.0993,-0.05050820,-0.05170448,-0.00259016,13.3748,11.1457,-0.8661,-20.4971,-7.6864,316.5378,23.6667,,13.3748,5.1891,12.9729,25.9457,25.9457,25.9457,25.9457,12.9729,0.0,2.0,2.0,1.030986,6,8,4,3,0E-8,-0.06475410,,0E-8,0.000000,0.833333,0.000000,,2026-05-10,2026-05-12,3,8,7,3,1.000000,,,0.000000,,,,,,,,GLOBAL_BASELINE_NO_ENTITY_RANKING,,,NOT_APPLICABLE_GLOBAL_BASELINE,HF9g-P5,,,,X 全窗基线 · 不参与实体赏罚,3928665,393,A168_HF9F_20260827_0900,2026-08-27 09:00:00
2026-05-11,149845582,994,0,194.5929116294,90.8100254270,90.8100254270,0.7500000,16,16,0.49408332500000000,0.494083325000,2.04747675723268,2.04747675723268,2.04747675723268,0E-17,ELIGIBLE,R03b_20260811_FULL_v1,L1_ELIGIBILITY,v2026-08-11,2026-03-21..2026-08-06,baccarat_bet02_101_all_pairs_incl_sentinel,round_win = game_pnl > 0 (decisive only),COMPATIBILITY_ONLY_NOT_PRODUCTION,949.6134,791.3445,-61.4914,71,71,0.06475410,,0.06475410,0.06475410,61.4914,949.6134,OK,0.0000,-2.4597,4.0000,96.0000,AG03-UNRESOLVED,ALL5_LEVELS_bet23_to_bet27,-2.4597,-2.4597,-2.4597,-3.0746,-3.0746,4.000000,4.000000,4.000000,5.000000,5.000000,96.000000,96.000000,96.000000,95.000000,95.000000,5.0,-13.5281,-12.3921,-47.9633,-49.0993,PENDING_AG03,FALSE,NOT_FOR_ENFORCEMENT,-59.0317,759.6907,-61.4914,-59.0317,-2.4597,-0.06475410,-0.06216393,-2.4597,-59.0317,-0.06216393,-2.4597,-2.4597,-2.4597,-3.0746,-3.0746,-59.0317,-0.06216393,-13.5281,-12.3921,-47.9633,-49.0993,-0.05050820,-0.05170448,-0.00259016,13.3748,11.1457,-0.8661,-20.4971,-7.6864,316.5378,23.6667,,13.3748,5.1891,12.9729,25.9457,25.9457,25.9457,25.9457,12.9729,0.0,2.0,2.0,1.030986,6,8,4,3,0E-8,-0.06475410,,0E-8,0.000000,0.833333,0.000000,,2026-05-10,2026-05-12,3,8,7,3,1.000000,,,0.000000,,,,,,,,GLOBAL_BASELINE_NO_ENTITY_RANKING,,,NOT_APPLICABLE_GLOBAL_BASELINE,HF9g-P5,,,,X 全窗基线 · 不参与实体赏罚,3928666,393,A168_HF9F_20260827_0900,2026-08-27 09:00:00
2026-05-12,149845582,1505,0,12.9728607753,0E-10,0E-10,,1,1,0.49324550000000000,0.493245500000,,,,0E-17,NO_DECISIVE_ROUND,R03b_20260811_FULL_v1,L1_ELIGIBILITY,v2026-08-11,2026-03-21..2026-08-06,baccarat_bet02_101_all_pairs_incl_sentinel,round_win = game_pnl > 0 (decisive only),COMPATIBILITY_ONLY_NOT_PRODUCTION,949.6134,791.3445,-61.4914,71,71,0.06475410,,0.06475410,0.06475410,61.4914,949.6134,OK,0.0000,-2.4597,4.0000,96.0000,AG03-UNRESOLVED,ALL5_LEVELS_bet23_to_bet27,-2.4597,-2.4597,-2.4597,-3.0746,-3.0746,4.000000,4.000000,4.000000,5.000000,5.000000,96.000000,96.000000,96.000000,95.000000,95.000000,5.0,-13.5281,-12.3921,-47.9633,-49.0993,PENDING_AG03,FALSE,NOT_FOR_ENFORCEMENT,-59.0317,759.6907,-61.4914,-59.0317,-2.4597,-0.06475410,-0.06216393,-2.4597,-59.0317,-0.06216393,-2.4597,-2.4597,-2.4597,-3.0746,-3.0746,-59.0317,-0.06216393,-13.5281,-12.3921,-47.9633,-49.0993,-0.05050820,-0.05170448,-0.00259016,13.3748,11.1457,-0.8661,-20.4971,-7.6864,316.5378,23.6667,,13.3748,5.1891,12.9729,25.9457,25.9457,25.9457,25.9457,12.9729,0.0,2.0,2.0,1.030986,6,8,4,3,0E-8,-0.06475410,,0E-8,0.000000,0.833333,0.000000,,2026-05-10,2026-05-12,3,8,7,3,1.000000,,,0.000000,,,,,,,,GLOBAL_BASELINE_NO_ENTITY_RANKING,,,NOT_APPLICABLE_GLOBAL_BASELINE,HF9g-P5,,,,X 全窗基线 · 不参与实体赏罚,3928667,393,A168_HF9F_20260827_0900,2026-08-27 09:00:00
2026-08-03,153786598,1307,0,66.2676906480,64.0587676264,64.0587676264,1.0000000,2,2,0.49994810000000000,0.499948100000,1.4143603653603398,1.4143603653603398,1.4143603653603398,0E-17,ELIGIBLE,R03b_20260811_FULL_v1,L1_ELIGIBILITY,v2026-08-11,2026-03-21..2026-08-06,baccarat_bet02_101_all_pairs_incl_sentinel,round_win = game_pnl > 0 (decisive only),COMPATIBILITY_ONLY_NOT_PRODUCTION,90.9254,90.9254,-61.4903,4,4,0.67627119,0.67627119,,0.67627119,61.4903,90.9254,THIN_EXPOSURE,0.0000,-2.4596,4.0000,96.0000,AG03-UNRESOLVED,ALL5_LEVELS_bet23_to_bet27,-2.4596,-2.4596,-3.0745,-3.0745,-3.0745,4.000000,4.000000,5.000000,5.000000,5.000000,96.000000,96.000000,95.000000,95.000000,95.000000,5.0,-14.1428,-12.9033,-47.3475,-48.5869,PENDING_AG03,FALSE,NOT_FOR_ENFORCEMENT,-59.0306,87.2884,-61.4903,-59.0306,-2.4596,-0.67627119,-0.64922034,-2.4596,-59.0306,-0.64922034,-2.4596,-2.4596,-3.0745,-3.0745,-3.0745,-59.0306,-0.64922034,-14.1428,-12.9033,-47.3475,-48.5869,-0.52072881,-0.53436028,-0.02705085,22.7314,22.7314,-15.3726,-30.7451,-20.4968,45.4627,2.0000,22.7314,,12.3289,17.8512,33.1338,44.1785,44.1785,44.1785,17.8512,16.5669,2.47482,2.47482,1.273381,1,3,1,2,1.00000000,-0.67627119,-0.67627119,0E-8,0.000000,1.000000,0.000000,,2026-08-03,2026-08-06,2,3,2,4,0.500000,,1.000000,3.333333,,,,,,,,GLOBAL_BASELINE_NO_ENTITY_RANKING,,,NOT_APPLICABLE_GLOBAL_BASELINE,HF9g-P5,,,,X 全窗基线 · 不参与实体赏罚,3928668,393,A168_HF9F_20260827_0900,2026-08-27 09:00:00
2026-08-03,153786598,2170,0,11.0446151080,11.0446151080,11.0446151080,1.0000000,1,1,0.49324550000000000,0.493245500000,1.01360149184955,1.01360149184955,1.01360149184955,0E-17,ELIGIBLE,R03b_20260811_FULL_v1,L1_ELIGIBILITY,v2026-08-11,2026-03-21..2026-08-06,baccarat_bet02_101_all_pairs_incl_sentinel,round_win = game_pnl > 0 (decisive only),COMPATIBILITY_ONLY_NOT_PRODUCTION,90.9254,90.9254,-61.4903,4,4,0.67627119,0.67627119,,0.67627119,61.4903,90.9254,THIN_EXPOSURE,0.0000,-2.4596,4.0000,96.0000,AG03-UNRESOLVED,ALL5_LEVELS_bet23_to_bet27,-2.4596,-2.4596,-3.0745,-3.0745,-3.0745,4.000000,4.000000,5.000000,5.000000,5.000000,96.000000,96.000000,95.000000,95.000000,95.000000,5.0,-14.1428,-12.9033,-47.3475,-48.5869,PENDING_AG03,FALSE,NOT_FOR_ENFORCEMENT,-59.0306,87.2884,-61.4903,-59.0306,-2.4596,-0.67627119,-0.64922034,-2.4596,-59.0306,-0.64922034,-2.4596,-2.4596,-3.0745,-3.0745,-3.0745,-59.0306,-0.64922034,-14.1428,-12.9033,-47.3475,-48.5869,-0.52072881,-0.53436028,-0.02705085,22.7314,22.7314,-15.3726,-30.7451,-20.4968,45.4627,2.0000,22.7314,,12.3289,17.8512,33.1338,44.1785,44.1785,44.1785,17.8512,16.5669,2.47482,2.47482,1.273381,1,3,1,2,1.00000000,-0.67627119,-0.67627119,0E-8,0.000000,1.000000,0.000000,,2026-08-03,2026-08-06,2,3,2,4,0.500000,,1.000000,3.333333,,,,,,,,GLOBAL_BASELINE_NO_ENTITY_RANKING,,,NOT_APPLICABLE_GLOBAL_BASELINE,HF9g-P5,,,,X 全窗基线 · 不参与实体赏罚,3928669,393,A168_HF9F_20260827_0900,2026-08-27 09:00:00
2026-08-06,153786598,2251,0,13.6131302494,-13.6131302494,-13.6131302494,0E-7,1,1,0.50665070000000000,0.506650700000,-1.013391052207602,-1.013391052207602,-1.013391052207602,0E-17,ELIGIBLE,R03b_20260811_FULL_v1,L1_ELIGIBILITY,v2026-08-11,2026-03-21..2026-08-06,baccarat_bet02_101_all_pairs_incl_sentinel,round_win = game_pnl > 0 (decisive only),COMPATIBILITY_ONLY_NOT_PRODUCTION,90.9254,90.9254,-61.4903,4,4,0.67627119,0.67627119,,0.67627119,61.4903,90.9254,THIN_EXPOSURE,0.0000,-2.4596,4.0000,96.0000,AG03-UNRESOLVED,ALL5_LEVELS_bet23_to_bet27,-2.4596,-2.4596,-3.0745,-3.0745,-3.0745,4.000000,4.000000,5.000000,5.000000,5.000000,96.000000,96.000000,95.000000,95.000000,95.000000,5.0,-14.1428,-12.9033,-47.3475,-48.5869,PENDING_AG03,FALSE,NOT_FOR_ENFORCEMENT,-59.0306,87.2884,-61.4903,-59.0306,-2.4596,-0.67627119,-0.64922034,-2.4596,-59.0306,-0.64922034,-2.4596,-2.4596,-3.0745,-3.0745,-3.0745,-59.0306,-0.64922034,-14.1428,-12.9033,-47.3475,-48.5869,-0.52072881,-0.53436028,-0.02705085,22.7314,22.7314,-15.3726,-30.7451,-20.4968,45.4627,2.0000,22.7314,,12.3289,17.8512,33.1338,44.1785,44.1785,44.1785,17.8512,16.5669,2.47482,2.47482,1.273381,1,3,1,2,1.00000000,-0.67627119,-0.67627119,0E-8,0.000000,1.000000,0.000000,,2026-08-03,2026-08-06,2,3,2,4,0.500000,,1.000000,3.333333,,,,,,,,GLOBAL_BASELINE_NO_ENTITY_RANKING,,,NOT_APPLICABLE_GLOBAL_BASELINE,HF9g-P5,,,,X 全窗基线 · 不参与实体赏罚,3928670,393,A168_HF9F_20260827_0900,2026-08-27 09:00:00
2026-07-16,45440316,919,0,64.7249190938,61.4886731392,61.4886731392,1.0000000,2,2,0.50665070000000000,0.506650700000,1.3955260008387969,1.3955260008387969,1.3955260008387969,0E-17,ELIGIBLE,R03b_20260811_FULL_v1,L1_ELIGIBILITY,v2026-08-11,2026-03-21..2026-08-06,baccarat_bet02_101_all_pairs_incl_sentinel,round_win = game_pnl > 0 (decisive only),COMPATIBILITY_ONLY_NOT_PRODUCTION,64.7249,64.7249,-61.4887,2,2,0.95000000,0.95000000,,0.95000000,61.4887,64.7249,THIN_EXPOSURE,0.0000,-2.4595,4.0000,96.0000,AG03-UNRESOLVED,ALL5_LEVELS_bet23_to_bet27,-2.4595,-2.4595,-2.4595,-2.4595,-2.4595,4.000000,4.000000,4.000000,4.000000,4.000000,96.000000,96.000000,96.000000,96.000000,96.000000,5.0,-12.2977,-11.3525,-49.1909,-50.1362,PENDING_AG03,FALSE,NOT_FOR_ENFORCEMENT,-59.0291,62.1359,-61.4887,-59.0291,-2.4595,-0.95000000,-0.91200000,-2.4595,-59.0291,-0.91200000,-2.4595,-2.4595,-2.4595,-2.4595,-2.4595,-59.0291,-0.91200000,-12.2977,-11.3525,-49.1909,-50.1362,-0.76000000,-0.77460406,-0.03800000,32.3625,32.3625,-30.7443,-61.4887,-61.4887,64.7249,2.0000,32.3625,,32.3625,32.3625,32.3625,32.3625,32.3625,32.3625,32.3625,30.7443,1.0,1.0,1.0,1,1,1,1,1.00000000,-0.95000000,-0.95000000,0E-8,0.000000,1.000000,0.000000,,2026-07-16,2026-07-16,1,1,1,1,1.000000,,1.000000,3.333333,,,,,,,,GLOBAL_BASELINE_NO_ENTITY_RANKING,,,NOT_APPLICABLE_GLOBAL_BASELINE,HF9g-P5,,,,X 全窗基线 · 不参与实体赏罚,3928671,393,A168_HF9F_20260827_0900,2026-08-27 09:00:00
2026-04-01,114130834,1157,0,13.0879773840,-13.0879773840,-13.0879773840,0E-7,1,1,0.49324550000000000,0.493245500000,-0.9865810262130424,-0.9865810262130424,-0.9865810262130424,0E-17,ELIGIBLE,R03b_20260811_FULL_v1,L1_ELIGIBILITY,v2026-08-11,2026-03-21..2026-08-06,baccarat_bet02_101_all_pairs_incl_sentinel,round_win = game_pnl > 0 (decisive only),COMPATIBILITY_ONLY_NOT_PRODUCTION,90.2346,90.2346,-61.4871,3,3,0.68141363,,0.68141363,0.68141363,61.4871,90.2346,THIN_EXPOSURE,0.0000,-2.4595,4.0000,96.0000,AG03-UNRESOLVED,ALL5_LEVELS_bet23_to_bet27,-2.4595,-2.4595,-2.4595,-3.0744,-3.0744,4.000000,4.000000,4.000000,5.000000,5.000000,96.000000,96.000000,96.000000,95.000000,95.000000,5.0,-13.5272,-12.3912,-47.9599,-49.0958,PENDING_AG03,FALSE,NOT_FOR_ENFORCEMENT,-59.0276,86.6252,-61.4871,-59.0276,-2.4595,-0.68141363,-0.65415708,-2.4595,-59.0276,-0.65415708,-2.4595,-2.4595,-2.4595,-3.0744,-3.0744,-59.0276,-0.65415708,-13.5272,-12.3912,-47.9599,-49.0958,-0.53150263,-0.54409123,-0.02725655,30.0782,30.0782,-20.4957,-30.7435,-30.7435,45.1173,1.5000,,30.0782,16.2449,25.7155,45.0022,51.4311,51.4311,51.4311,25.7155,25.7155,2.0,2.0,1.169651,2,2,2,2,0E-8,-0.68141363,,0E-8,0.000000,1.000000,0.000000,,2026-04-01,2026-06-07,2,2,2,68,0.029412,,,0.000000,,,,,,,,GLOBAL_BASELINE_NO_ENTITY_RANKING,,,NOT_APPLICABLE_GLOBAL_BASELINE,HF9g-P5,,,,X 全窗基线 · 不参与实体赏罚,3928672,393,A168_HF9F_20260827_0900,2026-08-27 09:00:00
2026-06-07,114130834,-1,1,77.1466042636,74.5750507881,74.5750507881,1.0000000,2,2,0.49994810000000000,0.499948100000,1.4143603653603398,1.4143603653603398,1.4143603653603398,0E-17,SENTINEL_DEALER,R03b_20260811_FULL_v1,L1_ELIGIBILITY,v2026-08-11,2026-03-21..2026-08-06,baccarat_bet02_101_all_pairs_incl_sentinel,round_win = game_pnl > 0 (decisive only),COMPATIBILITY_ONLY_NOT_PRODUCTION,90.2346,90.2346,-61.4871,3,3,0.68141363,,0.68141363,0.68141363,61.4871,90.2346,THIN_EXPOSURE,0.0000,-2.4595,4.0000,96.0000,AG03-UNRESOLVED,ALL5_LEVELS_bet23_to_bet27,-2.4595,-2.4595,-2.4595,-3.0744,-3.0744,4.000000,4.000000,4.000000,5.000000,5.000000,96.000000,96.000000,96.000000,95.000000,95.000000,5.0,-13.5272,-12.3912,-47.9599,-49.0958,PENDING_AG03,FALSE,NOT_FOR_ENFORCEMENT,-59.0276,86.6252,-61.4871,-59.0276,-2.4595,-0.68141363,-0.65415708,-2.4595,-59.0276,-0.65415708,-2.4595,-2.4595,-2.4595,-3.0744,-3.0744,-59.0276,-0.65415708,-13.5272,-12.3912,-47.9599,-49.0958,-0.53150263,-0.54409123,-0.02725655,30.0782,30.0782,-20.4957,-30.7435,-30.7435,45.1173,1.5000,,30.0782,16.2449,25.7155,45.0022,51.4311,51.4311,51.4311,25.7155,25.7155,2.0,2.0,1.169651,2,2,2,2,0E-8,-0.68141363,,0E-8,0.000000,1.000000,0.000000,,2026-04-01,2026-06-07,2,2,2,68,0.029412,,,0.000000,,,,,,,,GLOBAL_BASELINE_NO_ENTITY_RANKING,,,NOT_APPLICABLE_GLOBAL_BASELINE,HF9g-P5,,,,X 全窗基线 · 不参与实体赏罚,3928673,393,A168_HF9F_20260827_0900,2026-08-27 09:00:00
2026-07-31,153658802,1385,0,64.7200807966,61.4840767568,61.4840767568,1.0000000,2,2,0.50665070000000000,0.506650700000,1.3955260008387969,1.3955260008387969,1.3955260008387969,0E-17,ELIGIBLE,R03b_20260811_FULL_v1,L1_ELIGIBILITY,v2026-08-11,2026-03-21..2026-08-06,baccarat_bet02_101_all_pairs_incl_sentinel,round_win = game_pnl > 0 (decisive only),COMPATIBILITY_ONLY_NOT_PRODUCTION,64.7201,64.7201,-61.4841,2,2,0.95000000,0.95000000,,0.95000000,61.4841,64.7201,THIN_EXPOSURE,0.0000,-2.4594,4.0000,96.0000,AG03-UNRESOLVED,ALL5_LEVELS_bet23_to_bet27,-2.4594,-2.4594,-2.4594,-2.4594,-2.4594,4.000000,4.000000,4.000000,4.000000,4.000000,96.000000,96.000000,96.000000,96.000000,96.000000,5.0,-12.2968,-11.3516,-49.1873,-50.1324,PENDING_AG03,FALSE,NOT_FOR_ENFORCEMENT,-59.0247,62.1313,-61.4841,-59.0247,-2.4594,-0.95000000,-0.91200000,-2.4594,-59.0247,-0.91200000,-2.4594,-2.4594,-2.4594,-2.4594,-2.4594,-59.0247,-0.91200000,-12.2968,-11.3516,-49.1873,-50.1324,-0.76000000,-0.77460406,-0.03800000,32.3600,32.3600,-30.7420,-61.4841,-61.4841,64.7201,2.0000,32.3600,,32.36,32.36,32.36,32.36,32.36,32.36,32.36,30.742,1.0,1.0,1.0,1,1,1,1,1.00000000,-0.95000000,-0.95000000,0E-8,0.000000,1.000000,0.000000,,2026-07-31,2026-07-31,1,1,1,1,1.000000,,1.000000,3.333333,,,,,,,,GLOBAL_BASELINE_NO_ENTITY_RANKING,,,NOT_APPLICABLE_GLOBAL_BASELINE,HF9g-P5,,,,X 全窗基线 · 不参与实体赏罚,3928674,393,A168_HF9F_20260827_0900,2026-08-27 09:00:00
2026-05-06,149624926,1325,0,64.7198105762,61.4838200474,61.4838200474,1.0000000,1,1,0.50665070000000000,0.506650700000,0.9867858985152569,0.9867858985152569,0.9867858985152569,0E-17,ELIGIBLE,R03b_20260811_FULL_v1,L1_ELIGIBILITY,v2026-08-11,2026-03-21..2026-08-06,baccarat_bet02_101_all_pairs_incl_sentinel,round_win = game_pnl > 0 (decisive only),COMPATIBILITY_ONLY_NOT_PRODUCTION,64.7198,64.7198,-61.4838,1,1,0.95000000,,0.95000000,0.95000000,61.4838,64.7198,THIN_EXPOSURE,0.0000,-2.4594,4.0000,96.0000,AG03-UNRESOLVED,ALL5_LEVELS_bet23_to_bet27,-2.4594,-2.4594,-2.4594,-4.3039,-4.3039,4.000000,4.000000,4.000000,7.000000,7.000000,96.000000,96.000000,96.000000,93.000000,93.000000,5.0,-15.9858,-14.4359,-45.4980,-47.0479,PENDING_AG03,FALSE,NOT_FOR_ENFORCEMENT,-59.0245,62.1310,-61.4838,-59.0245,-2.4594,-0.95000000,-0.91200000,-2.4594,-59.0245,-0.91200000,-2.4594,-2.4594,-2.4594,-4.3039,-4.3039,-59.0245,-0.91200000,-15.9858,-14.4359,-45.4980,-47.0479,-0.70300000,-0.72694776,-0.03800000,64.7198,64.7198,-61.4838,-61.4838,-61.4838,64.7198,1.0000,,64.7198,64.7198,64.7198,64.7198,64.7198,64.7198,64.7198,64.7198,61.4838,1.0,1.0,1.0,1,1,1,1,0E-8,-0.95000000,,0E-8,0.000000,1.000000,0.000000,,2026-05-06,2026-05-06,1,1,1,1,1.000000,,,0.000000,,,,,,,,GLOBAL_BASELINE_NO_ENTITY_RANKING,,,NOT_APPLICABLE_GLOBAL_BASELINE,HF9g-P5,,,,X 全窗基线 · 不参与实体赏罚,3928675,393,A168_HF9F_20260827_0900,2026-08-27 09:00:00
2026-06-11,151338943,-1,1,62.3143551503,19.9405936480,19.9405936480,0.6666667,3,3,0.50218230000000000,0.502182300000,0.5697959874915163,0.5697959874915164,0.5697959874915163,0E-17,SENTINEL_DEALER,R03b_20260811_FULL_v1,L1_ELIGIBILITY,v2026-08-11,2026-03-21..2026-08-06,baccarat_bet02_101_all_pairs_incl_sentinel,round_win = game_pnl > 0 (decisive only),COMPATIBILITY_ONLY_NOT_PRODUCTION,145.4002,145.4002,-61.4835,6,6,0.42285714,,0.42285714,0.42285714,61.4835,145.4002,THIN_EXPOSURE,0.0000,-2.4593,4.0000,96.0000,AG03-UNRESOLVED,ALL5_LEVELS_bet23_to_bet27,-2.4593,-2.4593,-2.4593,-2.4593,-3.0742,4.000000,4.000000,4.000000,4.000000,5.000000,96.000000,96.000000,96.000000,96.000000,95.000000,5.0,-12.9115,-11.8737,-48.5720,-49.6098,PENDING_AG03,FALSE,NOT_FOR_ENFORCEMENT,-59.0242,139.5842,-61.4835,-59.0242,-2.4593,-0.42285714,-0.40594286,-2.4593,-59.0242,-0.40594286,-2.4593,-2.4593,-2.4593,-2.4593,-3.0742,-59.0242,-0.40594286,-12.9115,-11.8737,-48.5720,-49.6098,-0.33405714,-0.34119465,-0.01691429,24.2334,24.2334,-10.2472,-61.4835,-20.4945,145.4002,6.0000,,24.2334,16.6172,20.7715,24.9257,49.2283,51.9286,51.9286,20.7715,13.086,2.5,2.5,1.166667,3,3,1,2,0E-8,-0.42285714,,0E-8,0.000000,1.000000,0.000000,,2026-06-11,2026-06-11,1,3,3,1,1.000000,,,0.000000,,,,,,,,GLOBAL_BASELINE_NO_ENTITY_RANKING,,,NOT_APPLICABLE_GLOBAL_BASELINE,HF9g-P5,,,,X 全窗基线 · 不参与实体赏罚,3928676,393,A168_HF9F_20260827_0900,2026-08-27 09:00:00
2026-06-11,151338943,1221,0,72.7000810087,31.1571775751,31.1571775751,0.5000000,2,2,0.49324550000000000,0.493245500000,0.01910635448239258,0.01910635448239258,0.01910635448239258,0E-17,ELIGIBLE,R03b_20260811_FULL_v1,L1_ELIGIBILITY,v2026-08-11,2026-03-21..2026-08-06,baccarat_bet02_101_all_pairs_incl_sentinel,round_win = game_pnl > 0 (decisive only),COMPATIBILITY_ONLY_NOT_PRODUCTION,145.4002,145.4002,-61.4835,6,6,0.42285714,,0.42285714,0.42285714,61.4835,145.4002,THIN_EXPOSURE,0.0000,-2.4593,4.0000,96.0000,AG03-UNRESOLVED,ALL5_LEVELS_bet23_to_bet27,-2.4593,-2.4593,-2.4593,-2.4593,-3.0742,4.000000,4.000000,4.000000,4.000000,5.000000,96.000000,96.000000,96.000000,96.000000,95.000000,5.0,-12.9115,-11.8737,-48.5720,-49.6098,PENDING_AG03,FALSE,NOT_FOR_ENFORCEMENT,-59.0242,139.5842,-61.4835,-59.0242,-2.4593,-0.42285714,-0.40594286,-2.4593,-59.0242,-0.40594286,-2.4593,-2.4593,-2.4593,-2.4593,-3.0742,-59.0242,-0.40594286,-12.9115,-11.8737,-48.5720,-49.6098,-0.33405714,-0.34119465,-0.01691429,24.2334,24.2334,-10.2472,-61.4835,-20.4945,145.4002,6.0000,,24.2334,16.6172,20.7715,24.9257,49.2283,51.9286,51.9286,20.7715,13.086,2.5,2.5,1.166667,3,3,1,2,0E-8,-0.42285714,,0E-8,0.000000,1.000000,0.000000,,2026-06-11,2026-06-11,1,3,3,1,1.000000,,,0.000000,,,,,,,,GLOBAL_BASELINE_NO_ENTITY_RANKING,,,NOT_APPLICABLE_GLOBAL_BASELINE,HF9g-P5,,,,X 全窗基线 · 不参与实体赏罚,3928677,393,A168_HF9F_20260827_0900,2026-08-27 09:00:00
2026-06-11,151338943,1363,0,10.3857258584,10.3857258584,10.3857258584,1.0000000,1,1,0.49324550000000000,0.493245500000,1.01360149184955,1.01360149184955,1.01360149184955,0E-17,ELIGIBLE,R03b_20260811_FULL_v1,L1_ELIGIBILITY,v2026-08-11,2026-03-21..2026-08-06,baccarat_bet02_101_all_pairs_incl_sentinel,round_win = game_pnl > 0 (decisive only),COMPATIBILITY_ONLY_NOT_PRODUCTION,145.4002,145.4002,-61.4835,6,6,0.42285714,,0.42285714,0.42285714,61.4835,145.4002,THIN_EXPOSURE,0.0000,-2.4593,4.0000,96.0000,AG03-UNRESOLVED,ALL5_LEVELS_bet23_to_bet27,-2.4593,-2.4593,-2.4593,-2.4593,-3.0742,4.000000,4.000000,4.000000,4.000000,5.000000,96.000000,96.000000,96.000000,96.000000,95.000000,5.0,-12.9115,-11.8737,-48.5720,-49.6098,PENDING_AG03,FALSE,NOT_FOR_ENFORCEMENT,-59.0242,139.5842,-61.4835,-59.0242,-2.4593,-0.42285714,-0.40594286,-2.4593,-59.0242,-0.40594286,-2.4593,-2.4593,-2.4593,-2.4593,-3.0742,-59.0242,-0.40594286,-12.9115,-11.8737,-48.5720,-49.6098,-0.33405714,-0.34119465,-0.01691429,24.2334,24.2334,-10.2472,-61.4835,-20.4945,145.4002,6.0000,,24.2334,16.6172,20.7715,24.9257,49.2283,51.9286,51.9286,20.7715,13.086,2.5,2.5,1.166667,3,3,1,2,0E-8,-0.42285714,,0E-8,0.000000,1.000000,0.000000,,2026-06-11,2026-06-11,1,3,3,1,1.000000,,,0.000000,,,,,,,,GLOBAL_BASELINE_NO_ENTITY_RANKING,,,NOT_APPLICABLE_GLOBAL_BASELINE,HF9g-P5,,,,X 全窗基线 · 不参与实体赏罚,3928678,393,A168_HF9F_20260827_0900,2026-08-27 09:00:00
2026-06-17,150911810,1331,0,191.0973557963,61.4834970801,61.4834970801,0.3333333,79,18,0.21362366773800310,0.185271574907,1.2391548172534366,1.6168447636378467,1.2391548172534366,0.02835209283100310,ELIGIBLE,R03b_20260811_FULL_v1,L1_ELIGIBILITY,v2026-08-11,2026-03-21..2026-08-06,baccarat_bet02_101_all_pairs_incl_sentinel,round_win = game_pnl > 0 (decisive only),COMPATIBILITY_ONLY_NOT_PRODUCTION,191.0974,180.7116,-61.4835,79,18,0.32173913,,0.32173913,0.32173913,61.4835,191.0974,OK,0.0000,-2.4593,4.0000,96.0000,AG03-UNRESOLVED,ALL5_LEVELS_bet23_to_bet27,-2.4593,-2.4593,-2.4593,-3.6890,-3.6890,4.000000,4.000000,4.000000,6.000000,6.000000,96.000000,96.000000,96.000000,94.000000,94.000000,5.0,-14.7560,-13.4186,-46.7275,-48.0649,PENDING_AG03,FALSE,NOT_FOR_ENFORCEMENT,-59.0242,173.4832,-61.4835,-59.0242,-2.4593,-0.32173913,-0.30886957,-2.4593,-59.0242,-0.30886957,-2.4593,-2.4593,-2.4593,-3.6890,-3.6890,-59.0242,-0.30886957,-14.7560,-13.4186,-46.7275,-48.0649,-0.24452174,-0.25152044,-0.01286957,2.4190,10.0395,-3.4157,-61.4835,-61.4835,191.0974,18.0000,,2.4190,2.0771,2.0771,2.0771,4.1543,4.1543,5.6291,2.0771,-2.0771,2.0,2.709999,1.164557,1,1,1,8,0E-8,-0.32173913,,0E-8,0.000000,0.945652,0.000000,,2026-06-17,2026-06-17,1,1,1,1,1.000000,,,0.000000,,,,,,,,GLOBAL_BASELINE_NO_ENTITY_RANKING,,,NOT_APPLICABLE_GLOBAL_BASELINE,HF9g-P5,,,,X 全窗基线 · 不参与实体赏罚,3928679,393,A168_HF9F_20260827_0900,2026-08-27 09:00:00
2026-06-20,151790214,1115,0,112.1658392707,-36.5577550215,-36.5577550215,0.4000000,13,13,0.50458836153846154,0.504588361538,-0.6615027323153576,-0.661502732312433,-0.6615027323153576,4.6154E-13,ELIGIBLE,R03b_20260811_FULL_v1,L1_ELIGIBILITY,v2026-08-11,2026-03-21..2026-08-06,baccarat_bet02_101_all_pairs_incl_sentinel,round_win = game_pnl > 0 (decisive only),COMPATIBILITY_ONLY_NOT_PRODUCTION,299.1089,251.3346,-61.4835,31,31,0.20555556,,0.20555556,0.20555556,61.4835,299.1089,OK,0.0000,-2.4593,4.0000,96.0000,AG03-UNRESOLVED,ALL5_LEVELS_bet23_to_bet27,-2.4593,-2.4593,-3.0742,-3.6890,-3.6890,4.000000,4.000000,5.000000,6.000000,6.000000,96.000000,96.000000,95.000000,94.000000,94.000000,5.0,-15.3709,-13.9193,-46.1126,-47.5642,PENDING_AG03,FALSE,NOT_FOR_ENFORCEMENT,-59.0242,241.2812,-61.4835,-59.0242,-2.4593,-0.20555556,-0.19733333,-2.4593,-59.0242,-0.19733333,-2.4593,-2.4593,-3.0742,-3.6890,-3.6890,-59.0242,-0.19733333,-15.3709,-13.9193,-46.1126,-47.5642,-0.15416667,-0.15901972,-0.00822222,9.6487,8.1076,-1.9833,-61.4835,-20.4945,299.1089,31.0000,,9.6487,5.1929,8.3086,10.3857,20.7715,20.7715,20.7715,8.3086,3.9466,2.5,2.5,1.16129,2,3,1,2,0E-8,-0.20555556,,0E-8,0.000000,0.840278,0.000000,,2026-06-20,2026-06-20,1,3,2,1,1.000000,,,0.000000,,,,,,,,GLOBAL_BASELINE_NO_ENTITY_RANKING,,,NOT_APPLICABLE_GLOBAL_BASELINE,HF9g-P5,,,,X 全窗基线 · 不参与实体赏罚,3928680,393,A168_HF9F_20260827_0900,2026-08-27 09:00:00
2026-06-20,151790214,1331,0,103.8572585840,61.2757825645,61.2757825645,0.8000000,6,6,0.49547970000000000,0.495479700000,1.3619118399891006,1.3619118399891006,1.3619118399891006,0E-17,ELIGIBLE,R03b_20260811_FULL_v1,L1_ELIGIBILITY,v2026-08-11,2026-03-21..2026-08-06,baccarat_bet02_101_all_pairs_incl_sentinel,round_win = game_pnl > 0 (decisive only),COMPATIBILITY_ONLY_NOT_PRODUCTION,299.1089,251.3346,-61.4835,31,31,0.20555556,,0.20555556,0.20555556,61.4835,299.1089,OK,0.0000,-2.4593,4.0000,96.0000,AG03-UNRESOLVED,ALL5_LEVELS_bet23_to_bet27,-2.4593,-2.4593,-3.0742,-3.6890,-3.6890,4.000000,4.000000,5.000000,6.000000,6.000000,96.000000,96.000000,95.000000,94.000000,94.000000,5.0,-15.3709,-13.9193,-46.1126,-47.5642,PENDING_AG03,FALSE,NOT_FOR_ENFORCEMENT,-59.0242,241.2812,-61.4835,-59.0242,-2.4593,-0.20555556,-0.19733333,-2.4593,-59.0242,-0.19733333,-2.4593,-2.4593,-3.0742,-3.6890,-3.6890,-59.0242,-0.19733333,-15.3709,-13.9193,-46.1126,-47.5642,-0.15416667,-0.15901972,-0.00822222,9.6487,8.1076,-1.9833,-61.4835,-20.4945,299.1089,31.0000,,9.6487,5.1929,8.3086,10.3857,20.7715,20.7715,20.7715,8.3086,3.9466,2.5,2.5,1.16129,2,3,1,2,0E-8,-0.20555556,,0E-8,0.000000,0.840278,0.000000,,2026-06-20,2026-06-20,1,3,2,1,1.000000,,,0.000000,,,,,,,,GLOBAL_BASELINE_NO_ENTITY_RANKING,,,NOT_APPLICABLE_GLOBAL_BASELINE,HF9g-P5,,,,X 全窗基线 · 不参与实体赏罚,3928681,393,A168_HF9F_20260827_0900,2026-08-27 09:00:00
2026-06-20,151790214,1966,0,83.0858068673,36.7654695388,36.7654695388,0.7500000,12,12,0.49771390000000000,0.497713900000,1.7479076430849556,1.7479076430849556,1.7479076430849556,0E-17,ELIGIBLE,R03b_20260811_FULL_v1,L1_ELIGIBILITY,v2026-08-11,2026-03-21..2026-08-06,baccarat_bet02_101_all_pairs_incl_sentinel,round_win = game_pnl > 0 (decisive only),COMPATIBILITY_ONLY_NOT_PRODUCTION,299.1089,251.3346,-61.4835,31,31,0.20555556,,0.20555556,0.20555556,61.4835,299.1089,OK,0.0000,-2.4593,4.0000,96.0000,AG03-UNRESOLVED,ALL5_LEVELS_bet23_to_bet27,-2.4593,-2.4593,-3.0742,-3.6890,-3.6890,4.000000,4.000000,5.000000,6.000000,6.000000,96.000000,96.000000,95.000000,94.000000,94.000000,5.0,-15.3709,-13.9193,-46.1126,-47.5642,PENDING_AG03,FALSE,NOT_FOR_ENFORCEMENT,-59.0242,241.2812,-61.4835,-59.0242,-2.4593,-0.20555556,-0.19733333,-2.4593,-59.0242,-0.19733333,-2.4593,-2.4593,-3.0742,-3.6890,-3.6890,-59.0242,-0.19733333,-15.3709,-13.9193,-46.1126,-47.5642,-0.15416667,-0.15901972,-0.00822222,9.6487,8.1076,-1.9833,-61.4835,-20.4945,299.1089,31.0000,,9.6487,5.1929,8.3086,10.3857,20.7715,20.7715,20.7715,8.3086,3.9466,2.5,2.5,1.16129,2,3,1,2,0E-8,-0.20555556,,0E-8,0.000000,0.840278,0.000000,,2026-06-20,2026-06-20,1,3,2,1,1.000000,,,0.000000,,,,,,,,GLOBAL_BASELINE_NO_ENTITY_RANKING,,,NOT_APPLICABLE_GLOBAL_BASELINE,HF9g-P5,,,,X 全窗基线 · 不参与实体赏罚,3928682,393,A168_HF9F_20260827_0900,2026-08-27 09:00:00
2026-05-05,148948340,1109,0,25.9457215505,25.9457215505,25.9457215505,1.0000000,1,1,0.49324550000000000,0.493245500000,1.01360149184955,1.01360149184955,1.01360149184955,0E-17,ELIGIBLE,R03b_20260811_FULL_v1,L1_ELIGIBILITY,v2026-08-11,2026-03-21..2026-08-06,baccarat_bet02_101_all_pairs_incl_sentinel,round_win = game_pnl > 0 (decisive only),COMPATIBILITY_ONLY_NOT_PRODUCTION,103.7829,103.7829,-60.8427,7,6,0.58625000,,0.58625000,0.58625000,60.8427,103.7829,THIN_EXPOSURE,0.0000,-1.8253,3.0000,97.0000,AG03-UNRESOLVED,ALL5_LEVELS_bet23_to_bet27,-1.8253,-1.8253,-1.8253,-2.4337,-2.4337,3.000000,3.000000,3.000000,4.000000,4.000000,97.000000,97.000000,97.000000,96.000000,96.000000,5.0,-10.3433,-9.6667,-50.4995,-51.176,PENDING_AG03,FALSE,NOT_FOR_ENFORCEMENT,-59.0174,100.6694,-60.8427,-59.0174,-1.8253,-0.58625000,-0.56866250,-1.8253,-59.0174,-0.56866250,-1.8253,-1.8253,-1.8253,-2.4337,-2.4337,-59.0174,-0.56866250,-10.3433,-9.6667,-50.4995,-51.176,-0.48658750,-0.49310627,-0.01758750,14.8261,17.2971,-10.1405,-60.8427,-12.1685,103.7829,6.0000,,14.8261,3.2432,10.3783,27.8917,28.5403,28.5403,28.5403,10.3783,-2.5946,2.75,2.75,1.428571,5,5,1,3,0E-8,-0.58625000,,0E-8,0.000000,1.000000,0.000000,,2026-05-05,2026-05-05,1,5,5,1,1.000000,,,0.000000,,,,,,,,GLOBAL_BASELINE_NO_ENTITY_RANKING,,,NOT_APPLICABLE_GLOBAL_BASELINE,HF9g-P5,,,,X 全窗基线 · 不参与实体赏罚,3928683,393,A168_HF9F_20260827_0900,2026-08-27 09:00:00
2026-05-05,148948340,1385,0,28.5402937056,28.5402937056,28.5402937056,1.0000000,1,1,0.49324550000000000,0.493245500000,1.01360149184955,1.01360149184955,1.01360149184955,0E-17,ELIGIBLE,R03b_20260811_FULL_v1,L1_ELIGIBILITY,v2026-08-11,2026-03-21..2026-08-06,baccarat_bet02_101_all_pairs_incl_sentinel,round_win = game_pnl > 0 (decisive only),COMPATIBILITY_ONLY_NOT_PRODUCTION,103.7829,103.7829,-60.8427,7,6,0.58625000,,0.58625000,0.58625000,60.8427,103.7829,THIN_EXPOSURE,0.0000,-1.8253,3.0000,97.0000,AG03-UNRESOLVED,ALL5_LEVELS_bet23_to_bet27,-1.8253,-1.8253,-1.8253,-2.4337,-2.4337,3.000000,3.000000,3.000000,4.000000,4.000000,97.000000,97.000000,97.000000,96.000000,96.000000,5.0,-10.3433,-9.6667,-50.4995,-51.176,PENDING_AG03,FALSE,NOT_FOR_ENFORCEMENT,-59.0174,100.6694,-60.8427,-59.0174,-1.8253,-0.58625000,-0.56866250,-1.8253,-59.0174,-0.56866250,-1.8253,-1.8253,-1.8253,-2.4337,-2.4337,-59.0174,-0.56866250,-10.3433,-9.6667,-50.4995,-51.176,-0.48658750,-0.49310627,-0.01758750,14.8261,17.2971,-10.1405,-60.8427,-12.1685,103.7829,6.0000,,14.8261,3.2432,10.3783,27.8917,28.5403,28.5403,28.5403,10.3783,-2.5946,2.75,2.75,1.428571,5,5,1,3,0E-8,-0.58625000,,0E-8,0.000000,1.000000,0.000000,,2026-05-05,2026-05-05,1,5,5,1,1.000000,,,0.000000,,,,,,,,GLOBAL_BASELINE_NO_ENTITY_RANKING,,,NOT_APPLICABLE_GLOBAL_BASELINE,HF9g-P5,,,,X 全窗基线 · 不参与实体赏罚,3928684,393,A168_HF9F_20260827_0900,2026-08-27 09:00:00
2026-05-05,148948340,1994,0,5.1891443101,-5.1891443101,-5.1891443101,0E-7,1,1,0.49324550000000000,0.493245500000,-0.9865810262130424,-0.9865810262130424,-0.9865810262130424,0E-17,ELIGIBLE,R03b_20260811_FULL_v1,L1_ELIGIBILITY,v2026-08-11,2026-03-21..2026-08-06,baccarat_bet02_101_all_pairs_incl_sentinel,round_win = game_pnl > 0 (decisive only),COMPATIBILITY_ONLY_NOT_PRODUCTION,103.7829,103.7829,-60.8427,7,6,0.58625000,,0.58625000,0.58625000,60.8427,103.7829,THIN_EXPOSURE,0.0000,-1.8253,3.0000,97.0000,AG03-UNRESOLVED,ALL5_LEVELS_bet23_to_bet27,-1.8253,-1.8253,-1.8253,-2.4337,-2.4337,3.000000,3.000000,3.000000,4.000000,4.000000,97.000000,97.000000,97.000000,96.000000,96.000000,5.0,-10.3433,-9.6667,-50.4995,-51.176,PENDING_AG03,FALSE,NOT_FOR_ENFORCEMENT,-59.0174,100.6694,-60.8427,-59.0174,-1.8253,-0.58625000,-0.56866250,-1.8253,-59.0174,-0.56866250,-1.8253,-1.8253,-1.8253,-2.4337,-2.4337,-59.0174,-0.56866250,-10.3433,-9.6667,-50.4995,-51.176,-0.48658750,-0.49310627,-0.01758750,14.8261,17.2971,-10.1405,-60.8427,-12.1685,103.7829,6.0000,,14.8261,3.2432,10.3783,27.8917,28.5403,28.5403,28.5403,10.3783,-2.5946,2.75,2.75,1.428571,5,5,1,3,0E-8,-0.58625000,,0E-8,0.000000,1.000000,0.000000,,2026-05-05,2026-05-05,1,5,5,1,1.000000,,,0.000000,,,,,,,,GLOBAL_BASELINE_NO_ENTITY_RANKING,,,NOT_APPLICABLE_GLOBAL_BASELINE,HF9g-P5,,,,X 全窗基线 · 不参与实体赏罚,3928685,393,A168_HF9F_20260827_0900,2026-08-27 09:00:00
2026-05-05,148948340,2171,0,10.3782886202,-10.3782886202,-10.3782886202,0E-7,1,1,0.49324550000000000,0.493245500000,-0.9865810262130424,-0.9865810262130424,-0.9865810262130424,0E-17,ELIGIBLE,R03b_20260811_FULL_v1,L1_ELIGIBILITY,v2026-08-11,2026-03-21..2026-08-06,baccarat_bet02_101_all_pairs_incl_sentinel,round_win = game_pnl > 0 (decisive only),COMPATIBILITY_ONLY_NOT_PRODUCTION,103.7829,103.7829,-60.8427,7,6,0.58625000,,0.58625000,0.58625000,60.8427,103.7829,THIN_EXPOSURE,0.0000,-1.8253,3.0000,97.0000,AG03-UNRESOLVED,ALL5_LEVELS_bet23_to_bet27,-1.8253,-1.8253,-1.8253,-2.4337,-2.4337,3.000000,3.000000,3.000000,4.000000,4.000000,97.000000,97.000000,97.000000,96.000000,96.000000,5.0,-10.3433,-9.6667,-50.4995,-51.176,PENDING_AG03,FALSE,NOT_FOR_ENFORCEMENT,-59.0174,100.6694,-60.8427,-59.0174,-1.8253,-0.58625000,-0.56866250,-1.8253,-59.0174,-0.56866250,-1.8253,-1.8253,-1.8253,-2.4337,-2.4337,-59.0174,-0.56866250,-10.3433,-9.6667,-50.4995,-51.176,-0.48658750,-0.49310627,-0.01758750,14.8261,17.2971,-10.1405,-60.8427,-12.1685,103.7829,6.0000,,14.8261,3.2432,10.3783,27.8917,28.5403,28.5403,28.5403,10.3783,-2.5946,2.75,2.75,1.428571,5,5,1,3,0E-8,-0.58625000,,0E-8,0.000000,1.000000,0.000000,,2026-05-05,2026-05-05,1,5,5,1,1.000000,,,0.000000,,,,,,,,GLOBAL_BASELINE_NO_ENTITY_RANKING,,,NOT_APPLICABLE_GLOBAL_BASELINE,HF9g-P5,,,,X 全窗基线 · 不参与实体赏罚,3928686,393,A168_HF9F_20260827_0900,2026-08-27 09:00:00
2026-05-05,148948340,2202,0,33.7294380158,21.9241347101,21.9241347101,0.5000000,3,2,0.48195058749971098,0.391963025000,0.05108474365976326,0.3129679521789244,0.05108474365976326,0.08998756249971098,ELIGIBLE,R03b_20260811_FULL_v1,L1_ELIGIBILITY,v2026-08-11,2026-03-21..2026-08-06,baccarat_bet02_101_all_pairs_incl_sentinel,round_win = game_pnl > 0 (decisive only),COMPATIBILITY_ONLY_NOT_PRODUCTION,103.7829,103.7829,-60.8427,7,6,0.58625000,,0.58625000,0.58625000,60.8427,103.7829,THIN_EXPOSURE,0.0000,-1.8253,3.0000,97.0000,AG03-UNRESOLVED,ALL5_LEVELS_bet23_to_bet27,-1.8253,-1.8253,-1.8253,-2.4337,-2.4337,3.000000,3.000000,3.000000,4.000000,4.000000,97.000000,97.000000,97.000000,96.000000,96.000000,5.0,-10.3433,-9.6667,-50.4995,-51.176,PENDING_AG03,FALSE,NOT_FOR_ENFORCEMENT,-59.0174,100.6694,-60.8427,-59.0174,-1.8253,-0.58625000,-0.56866250,-1.8253,-59.0174,-0.56866250,-1.8253,-1.8253,-1.8253,-2.4337,-2.4337,-59.0174,-0.56866250,-10.3433,-9.6667,-50.4995,-51.176,-0.48658750,-0.49310627,-0.01758750,14.8261,17.2971,-10.1405,-60.8427,-12.1685,103.7829,6.0000,,14.8261,3.2432,10.3783,27.8917,28.5403,28.5403,28.5403,10.3783,-2.5946,2.75,2.75,1.428571,5,5,1,3,0E-8,-0.58625000,,0E-8,0.000000,1.000000,0.000000,,2026-05-05,2026-05-05,1,5,5,1,1.000000,,,0.000000,,,,,,,,GLOBAL_BASELINE_NO_ENTITY_RANKING,,,NOT_APPLICABLE_GLOBAL_BASELINE,HF9g-P5,,,,X 全窗基线 · 不参与实体赏罚,3928687,393,A168_HF9F_20260827_0900,2026-08-27 09:00:00
2026-04-14,148668100,-1,1,10.5411844075,-10.5411844075,-10.5411844075,0E-7,1,1,0.50665070000000000,0.506650700000,-1.013391052207602,-1.013391052207602,-1.013391052207602,0E-17,SENTINEL_DEALER,R03b_20260811_FULL_v1,L1_ELIGIBILITY,v2026-08-11,2026-03-21..2026-08-06,baccarat_bet02_101_all_pairs_incl_sentinel,round_win = game_pnl > 0 (decisive only),COMPATIBILITY_ONLY_NOT_PRODUCTION,461.9809,389.6320,-61.4764,72,72,0.13307140,,0.13307140,0.13307140,61.4764,461.9809,OK,0.0000,-2.4591,4.0000,96.0000,AG03-UNRESOLVED,ALL5_LEVELS_bet23_to_bet27,-2.4591,-2.4591,-2.4591,-2.4591,-2.4591,4.000000,4.000000,4.000000,4.000000,4.000000,96.000000,96.000000,96.000000,96.000000,96.000000,5.0,-12.2953,-11.3502,-49.1812,-50.1262,PENDING_AG03,FALSE,NOT_FOR_ENFORCEMENT,-59.0174,374.0467,-61.4764,-59.0174,-2.4591,-0.13307140,-0.12774854,-2.4591,-59.0174,-0.12774854,-2.4591,-2.4591,-2.4591,-2.4591,-2.4591,-59.0174,-0.12774854,-12.2953,-11.3502,-49.1812,-50.1262,-0.10645712,-0.10850278,-0.00532286,6.4164,5.4116,-0.8538,-6.8307,-1.2808,51.3312,8.0000,,6.4164,4.2165,5.6922,8.4025,10.5031,10.5031,13.83,5.0598,0.0,1.845161,2.429629,1.127219,25,32,4,2,0E-8,-0.13307140,,0E-8,0.000000,0.843394,0.027778,,2026-04-14,2026-05-26,9,48,45,43,0.209302,,,0.000000,,,,,,,,GLOBAL_BASELINE_NO_ENTITY_RANKING,,,NOT_APPLICABLE_GLOBAL_BASELINE,HF9g-P5,,,,X 全窗基线 · 不参与实体赏罚,3928688,393,A168_HF9F_20260827_0900,2026-08-27 09:00:00
2026-04-15,148668100,986,0,6.1138869563,-6.1138869563,-6.1138869563,0E-7,1,1,0.50665070000000000,0.506650700000,-1.013391052207602,-1.013391052207602,-1.013391052207602,0E-17,ELIGIBLE,R03b_20260811_FULL_v1,L1_ELIGIBILITY,v2026-08-11,2026-03-21..2026-08-06,baccarat_bet02_101_all_pairs_incl_sentinel,round_win = game_pnl > 0 (decisive only),COMPATIBILITY_ONLY_NOT_PRODUCTION,461.9809,389.6320,-61.4764,72,72,0.13307140,,0.13307140,0.13307140,61.4764,461.9809,OK,0.0000,-2.4591,4.0000,96.0000,AG03-UNRESOLVED,ALL5_LEVELS_bet23_to_bet27,-2.4591,-2.4591,-2.4591,-2.4591,-2.4591,4.000000,4.000000,4.000000,4.000000,4.000000,96.000000,96.000000,96.000000,96.000000,96.000000,5.0,-12.2953,-11.3502,-49.1812,-50.1262,PENDING_AG03,FALSE,NOT_FOR_ENFORCEMENT,-59.0174,374.0467,-61.4764,-59.0174,-2.4591,-0.13307140,-0.12774854,-2.4591,-59.0174,-0.12774854,-2.4591,-2.4591,-2.4591,-2.4591,-2.4591,-59.0174,-0.12774854,-12.2953,-11.3502,-49.1812,-50.1262,-0.10645712,-0.10850278,-0.00532286,6.4164,5.4116,-0.8538,-6.8307,-1.2808,51.3312,8.0000,,6.4164,4.2165,5.6922,8.4025,10.5031,10.5031,13.83,5.0598,0.0,1.845161,2.429629,1.127219,25,32,4,2,0E-8,-0.13307140,,0E-8,0.000000,0.843394,0.027778,,2026-04-14,2026-05-26,9,48,45,43,0.209302,,,0.000000,,,,,,,,GLOBAL_BASELINE_NO_ENTITY_RANKING,,,NOT_APPLICABLE_GLOBAL_BASELINE,HF9g-P5,,,,X 全窗基线 · 不参与实体赏罚,3928689,393,A168_HF9F_20260827_0900,2026-08-27 09:00:00
2026-04-26,148668100,-1,1,9.4870659667,-1.0541184407,-1.0541184407,0.5000000,2,2,0.49324550000000000,0.493245500000,0.01910635448239258,0.01910635448239258,0.01910635448239258,0E-17,SENTINEL_DEALER,R03b_20260811_FULL_v1,L1_ELIGIBILITY,v2026-08-11,2026-03-21..2026-08-06,baccarat_bet02_101_all_pairs_incl_sentinel,round_win = game_pnl > 0 (decisive only),COMPATIBILITY_ONLY_NOT_PRODUCTION,461.9809,389.6320,-61.4764,72,72,0.13307140,,0.13307140,0.13307140,61.4764,461.9809,OK,0.0000,-2.4591,4.0000,96.0000,AG03-UNRESOLVED,ALL5_LEVELS_bet23_to_bet27,-2.4591,-2.4591,-2.4591,-2.4591,-2.4591,4.000000,4.000000,4.000000,4.000000,4.000000,96.000000,96.000000,96.000000,96.000000,96.000000,5.0,-12.2953,-11.3502,-49.1812,-50.1262,PENDING_AG03,FALSE,NOT_FOR_ENFORCEMENT,-59.0174,374.0467,-61.4764,-59.0174,-2.4591,-0.13307140,-0.12774854,-2.4591,-59.0174,-0.12774854,-2.4591,-2.4591,-2.4591,-2.4591,-2.4591,-59.0174,-0.12774854,-12.2953,-11.3502,-49.1812,-50.1262,-0.10645712,-0.10850278,-0.00532286,6.4164,5.4116,-0.8538,-6.8307,-1.2808,51.3312,8.0000,,6.4164,4.2165,5.6922,8.4025,10.5031,10.5031,13.83,5.0598,0.0,1.845161,2.429629,1.127219,25,32,4,2,0E-8,-0.13307140,,0E-8,0.000000,0.843394,0.027778,,2026-04-14,2026-05-26,9,48,45,43,0.209302,,,0.000000,,,,,,,,GLOBAL_BASELINE_NO_ENTITY_RANKING,,,NOT_APPLICABLE_GLOBAL_BASELINE,HF9g-P5,,,,X 全窗基线 · 不参与实体赏罚,3928690,393,A168_HF9F_20260827_0900,2026-08-27 09:00:00
2026-04-26,148668100,1094,0,5.2705922037,-5.2705922037,-5.2705922037,0E-7,1,1,0.49324550000000000,0.493245500000,-0.9865810262130424,-0.9865810262130424,-0.9865810262130424,0E-17,ELIGIBLE,R03b_20260811_FULL_v1,L1_ELIGIBILITY,v2026-08-11,2026-03-21..2026-08-06,baccarat_bet02_101_all_pairs_incl_sentinel,round_win = game_pnl > 0 (decisive only),COMPATIBILITY_ONLY_NOT_PRODUCTION,461.9809,389.6320,-61.4764,72,72,0.13307140,,0.13307140,0.13307140,61.4764,461.9809,OK,0.0000,-2.4591,4.0000,96.0000,AG03-UNRESOLVED,ALL5_LEVELS_bet23_to_bet27,-2.4591,-2.4591,-2.4591,-2.4591,-2.4591,4.000000,4.000000,4.000000,4.000000,4.000000,96.000000,96.000000,96.000000,96.000000,96.000000,5.0,-12.2953,-11.3502,-49.1812,-50.1262,PENDING_AG03,FALSE,NOT_FOR_ENFORCEMENT,-59.0174,374.0467,-61.4764,-59.0174,-2.4591,-0.13307140,-0.12774854,-2.4591,-59.0174,-0.12774854,-2.4591,-2.4591,-2.4591,-2.4591,-2.4591,-59.0174,-0.12774854,-12.2953,-11.3502,-49.1812,-50.1262,-0.10645712,-0.10850278,-0.00532286,6.4164,5.4116,-0.8538,-6.8307,-1.2808,51.3312,8.0000,,6.4164,4.2165,5.6922,8.4025,10.5031,10.5031,13.83,5.0598,0.0,1.845161,2.429629,1.127219,25,32,4,2,0E-8,-0.13307140,,0E-8,0.000000,0.843394,0.027778,,2026-04-14,2026-05-26,9,48,45,43,0.209302,,,0.000000,,,,,,,,GLOBAL_BASELINE_NO_ENTITY_RANKING,,,NOT_APPLICABLE_GLOBAL_BASELINE,HF9g-P5,,,,X 全窗基线 · 不参与实体赏罚,3928691,393,A168_HF9F_20260827_0900,2026-08-27 09:00:00
2026-04-26,148668100,1221,0,7.3788290852,-7.3788290852,-7.3788290852,0E-7,2,2,0.49994810000000000,0.499948100000,-1.4140667746232096,-1.4140667746232096,-1.4140667746232096,0E-17,ELIGIBLE,R03b_20260811_FULL_v1,L1_ELIGIBILITY,v2026-08-11,2026-03-21..2026-08-06,baccarat_bet02_101_all_pairs_incl_sentinel,round_win = game_pnl > 0 (decisive only),COMPATIBILITY_ONLY_NOT_PRODUCTION,461.9809,389.6320,-61.4764,72,72,0.13307140,,0.13307140,0.13307140,61.4764,461.9809,OK,0.0000,-2.4591,4.0000,96.0000,AG03-UNRESOLVED,ALL5_LEVELS_bet23_to_bet27,-2.4591,-2.4591,-2.4591,-2.4591,-2.4591,4.000000,4.000000,4.000000,4.000000,4.000000,96.000000,96.000000,96.000000,96.000000,96.000000,5.0,-12.2953,-11.3502,-49.1812,-50.1262,PENDING_AG03,FALSE,NOT_FOR_ENFORCEMENT,-59.0174,374.0467,-61.4764,-59.0174,-2.4591,-0.13307140,-0.12774854,-2.4591,-59.0174,-0.12774854,-2.4591,-2.4591,-2.4591,-2.4591,-2.4591,-59.0174,-0.12774854,-12.2953,-11.3502,-49.1812,-50.1262,-0.10645712,-0.10850278,-0.00532286,6.4164,5.4116,-0.8538,-6.8307,-1.2808,51.3312,8.0000,,6.4164,4.2165,5.6922,8.4025,10.5031,10.5031,13.83,5.0598,0.0,1.845161,2.429629,1.127219,25,32,4,2,0E-8,-0.13307140,,0E-8,0.000000,0.843394,0.027778,,2026-04-14,2026-05-26,9,48,45,43,0.209302,,,0.000000,,,,,,,,GLOBAL_BASELINE_NO_ENTITY_RANKING,,,NOT_APPLICABLE_GLOBAL_BASELINE,HF9g-P5,,,,X 全窗基线 · 不参与实体赏罚,3928692,393,A168_HF9F_20260827_0900,2026-08-27 09:00:00
2026-04-26,148668100,1302,0,5.0597685156,5.0597685156,5.0597685156,1.0000000,1,1,0.49324550000000000,0.493245500000,1.01360149184955,1.01360149184955,1.01360149184955,0E-17,ELIGIBLE,R03b_20260811_FULL_v1,L1_ELIGIBILITY,v2026-08-11,2026-03-21..2026-08-06,baccarat_bet02_101_all_pairs_incl_sentinel,round_win = game_pnl > 0 (decisive only),COMPATIBILITY_ONLY_NOT_PRODUCTION,461.9809,389.6320,-61.4764,72,72,0.13307140,,0.13307140,0.13307140,61.4764,461.9809,OK,0.0000,-2.4591,4.0000,96.0000,AG03-UNRESOLVED,ALL5_LEVELS_bet23_to_bet27,-2.4591,-2.4591,-2.4591,-2.4591,-2.4591,4.000000,4.000000,4.000000,4.000000,4.000000,96.000000,96.000000,96.000000,96.000000,96.000000,5.0,-12.2953,-11.3502,-49.1812,-50.1262,PENDING_AG03,FALSE,NOT_FOR_ENFORCEMENT,-59.0174,374.0467,-61.4764,-59.0174,-2.4591,-0.13307140,-0.12774854,-2.4591,-59.0174,-0.12774854,-2.4591,-2.4591,-2.4591,-2.4591,-2.4591,-59.0174,-0.12774854,-12.2953,-11.3502,-49.1812,-50.1262,-0.10645712,-0.10850278,-0.00532286,6.4164,5.4116,-0.8538,-6.8307,-1.2808,51.3312,8.0000,,6.4164,4.2165,5.6922,8.4025,10.5031,10.5031,13.83,5.0598,0.0,1.845161,2.429629,1.127219,25,32,4,2,0E-8,-0.13307140,,0E-8,0.000000,0.843394,0.027778,,2026-04-14,2026-05-26,9,48,45,43,0.209302,,,0.000000,,,,,,,,GLOBAL_BASELINE_NO_ENTITY_RANKING,,,NOT_APPLICABLE_GLOBAL_BASELINE,HF9g-P5,,,,X 全窗基线 · 不参与实体赏罚,3928693,393,A168_HF9F_20260827_0900,2026-08-27 09:00:00
2026-04-26,148668100,1374,0,17.9200134927,9.2235363566,9.2235363566,1.0000000,3,3,0.50218230000000000,0.502182300000,1.4080544974538591,1.4080544974538591,1.4080544974538591,0E-17,ELIGIBLE,R03b_20260811_FULL_v1,L1_ELIGIBILITY,v2026-08-11,2026-03-21..2026-08-06,baccarat_bet02_101_all_pairs_incl_sentinel,round_win = game_pnl > 0 (decisive only),COMPATIBILITY_ONLY_NOT_PRODUCTION,461.9809,389.6320,-61.4764,72,72,0.13307140,,0.13307140,0.13307140,61.4764,461.9809,OK,0.0000,-2.4591,4.0000,96.0000,AG03-UNRESOLVED,ALL5_LEVELS_bet23_to_bet27,-2.4591,-2.4591,-2.4591,-2.4591,-2.4591,4.000000,4.000000,4.000000,4.000000,4.000000,96.000000,96.000000,96.000000,96.000000,96.000000,5.0,-12.2953,-11.3502,-49.1812,-50.1262,PENDING_AG03,FALSE,NOT_FOR_ENFORCEMENT,-59.0174,374.0467,-61.4764,-59.0174,-2.4591,-0.13307140,-0.12774854,-2.4591,-59.0174,-0.12774854,-2.4591,-2.4591,-2.4591,-2.4591,-2.4591,-59.0174,-0.12774854,-12.2953,-11.3502,-49.1812,-50.1262,-0.10645712,-0.10850278,-0.00532286,6.4164,5.4116,-0.8538,-6.8307,-1.2808,51.3312,8.0000,,6.4164,4.2165,5.6922,8.4025,10.5031,10.5031,13.83,5.0598,0.0,1.845161,2.429629,1.127219,25,32,4,2,0E-8,-0.13307140,,0E-8,0.000000,0.843394,0.027778,,2026-04-14,2026-05-26,9,48,45,43,0.209302,,,0.000000,,,,,,,,GLOBAL_BASELINE_NO_ENTITY_RANKING,,,NOT_APPLICABLE_GLOBAL_BASELINE,HF9g-P5,,,,X 全窗基线 · 不参与实体赏罚,3928694,393,A168_HF9F_20260827_0900,2026-08-27 09:00:00
2026-04-26,148668100,1401,0,20.6607214387,3.3942613792,3.3942613792,0.5000000,3,3,0.50218230000000000,0.502182300000,-0.00617253530718887,-0.00617253530718887,-0.00617253530718887,0E-17,ELIGIBLE,R03b_20260811_FULL_v1,L1_ELIGIBILITY,v2026-08-11,2026-03-21..2026-08-06,baccarat_bet02_101_all_pairs_incl_sentinel,round_win = game_pnl > 0 (decisive only),COMPATIBILITY_ONLY_NOT_PRODUCTION,461.9809,389.6320,-61.4764,72,72,0.13307140,,0.13307140,0.13307140,61.4764,461.9809,OK,0.0000,-2.4591,4.0000,96.0000,AG03-UNRESOLVED,ALL5_LEVELS_bet23_to_bet27,-2.4591,-2.4591,-2.4591,-2.4591,-2.4591,4.000000,4.000000,4.000000,4.000000,4.000000,96.000000,96.000000,96.000000,96.000000,96.000000,5.0,-12.2953,-11.3502,-49.1812,-50.1262,PENDING_AG03,FALSE,NOT_FOR_ENFORCEMENT,-59.0174,374.0467,-61.4764,-59.0174,-2.4591,-0.13307140,-0.12774854,-2.4591,-59.0174,-0.12774854,-2.4591,-2.4591,-2.4591,-2.4591,-2.4591,-59.0174,-0.12774854,-12.2953,-11.3502,-49.1812,-50.1262,-0.10645712,-0.10850278,-0.00532286,6.4164,5.4116,-0.8538,-6.8307,-1.2808,51.3312,8.0000,,6.4164,4.2165,5.6922,8.4025,10.5031,10.5031,13.83,5.0598,0.0,1.845161,2.429629,1.127219,25,32,4,2,0E-8,-0.13307140,,0E-8,0.000000,0.843394,0.027778,,2026-04-14,2026-05-26,9,48,45,43,0.209302,,,0.000000,,,,,,,,GLOBAL_BASELINE_NO_ENTITY_RANKING,,,NOT_APPLICABLE_GLOBAL_BASELINE,HF9g-P5,,,,X 全窗基线 · 不参与实体赏罚,3928695,393,A168_HF9F_20260827_0900,2026-08-27 09:00:00
2026-04-26,148668100,1991,0,6.3247106445,1.8974131933,1.8974131933,0.5000000,2,2,0.50665070000000000,0.506650700000,-0.018812684590367487,-0.018812684590367487,-0.018812684590367487,0E-17,ELIGIBLE,R03b_20260811_FULL_v1,L1_ELIGIBILITY,v2026-08-11,2026-03-21..2026-08-06,baccarat_bet02_101_all_pairs_incl_sentinel,round_win = game_pnl > 0 (decisive only),COMPATIBILITY_ONLY_NOT_PRODUCTION,461.9809,389.6320,-61.4764,72,72,0.13307140,,0.13307140,0.13307140,61.4764,461.9809,OK,0.0000,-2.4591,4.0000,96.0000,AG03-UNRESOLVED,ALL5_LEVELS_bet23_to_bet27,-2.4591,-2.4591,-2.4591,-2.4591,-2.4591,4.000000,4.000000,4.000000,4.000000,4.000000,96.000000,96.000000,96.000000,96.000000,96.000000,5.0,-12.2953,-11.3502,-49.1812,-50.1262,PENDING_AG03,FALSE,NOT_FOR_ENFORCEMENT,-59.0174,374.0467,-61.4764,-59.0174,-2.4591,-0.13307140,-0.12774854,-2.4591,-59.0174,-0.12774854,-2.4591,-2.4591,-2.4591,-2.4591,-2.4591,-59.0174,-0.12774854,-12.2953,-11.3502,-49.1812,-50.1262,-0.10645712,-0.10850278,-0.00532286,6.4164,5.4116,-0.8538,-6.8307,-1.2808,51.3312,8.0000,,6.4164,4.2165,5.6922,8.4025,10.5031,10.5031,13.83,5.0598,0.0,1.845161,2.429629,1.127219,25,32,4,2,0E-8,-0.13307140,,0E-8,0.000000,0.843394,0.027778,,2026-04-14,2026-05-26,9,48,45,43,0.209302,,,0.000000,,,,,,,,GLOBAL_BASELINE_NO_ENTITY_RANKING,,,NOT_APPLICABLE_GLOBAL_BASELINE,HF9g-P5,,,,X 全窗基线 · 不参与实体赏罚,3928696,393,A168_HF9F_20260827_0900,2026-08-27 09:00:00
2026-04-26,148668100,2059,0,12.6494212890,3.7948263867,3.7948263867,0.5000000,2,2,0.50665070000000000,0.506650700000,-0.018812684590367487,-0.018812684590367487,-0.018812684590367487,0E-17,ELIGIBLE,R03b_20260811_FULL_v1,L1_ELIGIBILITY,v2026-08-11,2026-03-21..2026-08-06,baccarat_bet02_101_all_pairs_incl_sentinel,round_win = game_pnl > 0 (decisive only),COMPATIBILITY_ONLY_NOT_PRODUCTION,461.9809,389.6320,-61.4764,72,72,0.13307140,,0.13307140,0.13307140,61.4764,461.9809,OK,0.0000,-2.4591,4.0000,96.0000,AG03-UNRESOLVED,ALL5_LEVELS_bet23_to_bet27,-2.4591,-2.4591,-2.4591,-2.4591,-2.4591,4.000000,4.000000,4.000000,4.000000,4.000000,96.000000,96.000000,96.000000,96.000000,96.000000,5.0,-12.2953,-11.3502,-49.1812,-50.1262,PENDING_AG03,FALSE,NOT_FOR_ENFORCEMENT,-59.0174,374.0467,-61.4764,-59.0174,-2.4591,-0.13307140,-0.12774854,-2.4591,-59.0174,-0.12774854,-2.4591,-2.4591,-2.4591,-2.4591,-2.4591,-59.0174,-0.12774854,-12.2953,-11.3502,-49.1812,-50.1262,-0.10645712,-0.10850278,-0.00532286,6.4164,5.4116,-0.8538,-6.8307,-1.2808,51.3312,8.0000,,6.4164,4.2165,5.6922,8.4025,10.5031,10.5031,13.83,5.0598,0.0,1.845161,2.429629,1.127219,25,32,4,2,0E-8,-0.13307140,,0E-8,0.000000,0.843394,0.027778,,2026-04-14,2026-05-26,9,48,45,43,0.209302,,,0.000000,,,,,,,,GLOBAL_BASELINE_NO_ENTITY_RANKING,,,NOT_APPLICABLE_GLOBAL_BASELINE,HF9g-P5,,,,X 全窗基线 · 不参与实体赏罚,3928697,393,A168_HF9F_20260827_0900,2026-08-27 09:00:00
2026-04-26,148668100,2170,0,3.1623553222,0E-10,0E-10,,1,1,0.50665070000000000,0.506650700000,,,,0E-17,NO_DECISIVE_ROUND,R03b_20260811_FULL_v1,L1_ELIGIBILITY,v2026-08-11,2026-03-21..2026-08-06,baccarat_bet02_101_all_pairs_incl_sentinel,round_win = game_pnl > 0 (decisive only),COMPATIBILITY_ONLY_NOT_PRODUCTION,461.9809,389.6320,-61.4764,72,72,0.13307140,,0.13307140,0.13307140,61.4764,461.9809,OK,0.0000,-2.4591,4.0000,96.0000,AG03-UNRESOLVED,ALL5_LEVELS_bet23_to_bet27,-2.4591,-2.4591,-2.4591,-2.4591,-2.4591,4.000000,4.000000,4.000000,4.000000,4.000000,96.000000,96.000000,96.000000,96.000000,96.000000,5.0,-12.2953,-11.3502,-49.1812,-50.1262,PENDING_AG03,FALSE,NOT_FOR_ENFORCEMENT,-59.0174,374.0467,-61.4764,-59.0174,-2.4591,-0.13307140,-0.12774854,-2.4591,-59.0174,-0.12774854,-2.4591,-2.4591,-2.4591,-2.4591,-2.4591,-59.0174,-0.12774854,-12.2953,-11.3502,-49.1812,-50.1262,-0.10645712,-0.10850278,-0.00532286,6.4164,5.4116,-0.8538,-6.8307,-1.2808,51.3312,8.0000,,6.4164,4.2165,5.6922,8.4025,10.5031,10.5031,13.83,5.0598,0.0,1.845161,2.429629,1.127219,25,32,4,2,0E-8,-0.13307140,,0E-8,0.000000,0.843394,0.027778,,2026-04-14,2026-05-26,9,48,45,43,0.209302,,,0.000000,,,,,,,,GLOBAL_BASELINE_NO_ENTITY_RANKING,,,NOT_APPLICABLE_GLOBAL_BASELINE,HF9g-P5,,,,X 全窗基线 · 不参与实体赏罚,3928698,393,A168_HF9F_20260827_0900,2026-08-27 09:00:00
2026-04-26,148668100,2174,0,10.5411844074,-0.2635296101,-0.2635296101,0.5000000,2,2,0.50665070000000000,0.506650700000,-0.018812684590367487,-0.018812684590367487,-0.018812684590367487,0E-17,ELIGIBLE,R03b_20260811_FULL_v1,L1_ELIGIBILITY,v2026-08-11,2026-03-21..2026-08-06,baccarat_bet02_101_all_pairs_incl_sentinel,round_win = game_pnl > 0 (decisive only),COMPATIBILITY_ONLY_NOT_PRODUCTION,461.9809,389.6320,-61.4764,72,72,0.13307140,,0.13307140,0.13307140,61.4764,461.9809,OK,0.0000,-2.4591,4.0000,96.0000,AG03-UNRESOLVED,ALL5_LEVELS_bet23_to_bet27,-2.4591,-2.4591,-2.4591,-2.4591,-2.4591,4.000000,4.000000,4.000000,4.000000,4.000000,96.000000,96.000000,96.000000,96.000000,96.000000,5.0,-12.2953,-11.3502,-49.1812,-50.1262,PENDING_AG03,FALSE,NOT_FOR_ENFORCEMENT,-59.0174,374.0467,-61.4764,-59.0174,-2.4591,-0.13307140,-0.12774854,-2.4591,-59.0174,-0.12774854,-2.4591,-2.4591,-2.4591,-2.4591,-2.4591,-59.0174,-0.12774854,-12.2953,-11.3502,-49.1812,-50.1262,-0.10645712,-0.10850278,-0.00532286,6.4164,5.4116,-0.8538,-6.8307,-1.2808,51.3312,8.0000,,6.4164,4.2165,5.6922,8.4025,10.5031,10.5031,13.83,5.0598,0.0,1.845161,2.429629,1.127219,25,32,4,2,0E-8,-0.13307140,,0E-8,0.000000,0.843394,0.027778,,2026-04-14,2026-05-26,9,48,45,43,0.209302,,,0.000000,,,,,,,,GLOBAL_BASELINE_NO_ENTITY_RANKING,,,NOT_APPLICABLE_GLOBAL_BASELINE,HF9g-P5,,,,X 全窗基线 · 不参与实体赏罚,3928699,393,A168_HF9F_20260827_0900,2026-08-27 09:00:00
2026-04-26,148668100,2234,0,8.4329475260,8.2221238378,8.2221238378,1.0000000,2,2,0.49994810000000000,0.499948100000,1.4143603653603398,1.4143603653603398,1.4143603653603398,0E-17,ELIGIBLE,R03b_20260811_FULL_v1,L1_ELIGIBILITY,v2026-08-11,2026-03-21..2026-08-06,baccarat_bet02_101_all_pairs_incl_sentinel,round_win = game_pnl > 0 (decisive only),COMPATIBILITY_ONLY_NOT_PRODUCTION,461.9809,389.6320,-61.4764,72,72,0.13307140,,0.13307140,0.13307140,61.4764,461.9809,OK,0.0000,-2.4591,4.0000,96.0000,AG03-UNRESOLVED,ALL5_LEVELS_bet23_to_bet27,-2.4591,-2.4591,-2.4591,-2.4591,-2.4591,4.000000,4.000000,4.000000,4.000000,4.000000,96.000000,96.000000,96.000000,96.000000,96.000000,5.0,-12.2953,-11.3502,-49.1812,-50.1262,PENDING_AG03,FALSE,NOT_FOR_ENFORCEMENT,-59.0174,374.0467,-61.4764,-59.0174,-2.4591,-0.13307140,-0.12774854,-2.4591,-59.0174,-0.12774854,-2.4591,-2.4591,-2.4591,-2.4591,-2.4591,-59.0174,-0.12774854,-12.2953,-11.3502,-49.1812,-50.1262,-0.10645712,-0.10850278,-0.00532286,6.4164,5.4116,-0.8538,-6.8307,-1.2808,51.3312,8.0000,,6.4164,4.2165,5.6922,8.4025,10.5031,10.5031,13.83,5.0598,0.0,1.845161,2.429629,1.127219,25,32,4,2,0E-8,-0.13307140,,0E-8,0.000000,0.843394,0.027778,,2026-04-14,2026-05-26,9,48,45,43,0.209302,,,0.000000,,,,,,,,GLOBAL_BASELINE_NO_ENTITY_RANKING,,,NOT_APPLICABLE_GLOBAL_BASELINE,HF9g-P5,,,,X 全窗基线 · 不参与实体赏罚,3928700,393,A168_HF9F_20260827_0900,2026-08-27 09:00:00
2026-04-26,148668100,471,0,10.3303607193,10.1195370311,10.1195370311,1.0000000,2,2,0.49994810000000000,0.499948100000,1.4143603653603398,1.4143603653603398,1.4143603653603398,0E-17,ELIGIBLE,R03b_20260811_FULL_v1,L1_ELIGIBILITY,v2026-08-11,2026-03-21..2026-08-06,baccarat_bet02_101_all_pairs_incl_sentinel,round_win = game_pnl > 0 (decisive only),COMPATIBILITY_ONLY_NOT_PRODUCTION,461.9809,389.6320,-61.4764,72,72,0.13307140,,0.13307140,0.13307140,61.4764,461.9809,OK,0.0000,-2.4591,4.0000,96.0000,AG03-UNRESOLVED,ALL5_LEVELS_bet23_to_bet27,-2.4591,-2.4591,-2.4591,-2.4591,-2.4591,4.000000,4.000000,4.000000,4.000000,4.000000,96.000000,96.000000,96.000000,96.000000,96.000000,5.0,-12.2953,-11.3502,-49.1812,-50.1262,PENDING_AG03,FALSE,NOT_FOR_ENFORCEMENT,-59.0174,374.0467,-61.4764,-59.0174,-2.4591,-0.13307140,-0.12774854,-2.4591,-59.0174,-0.12774854,-2.4591,-2.4591,-2.4591,-2.4591,-2.4591,-59.0174,-0.12774854,-12.2953,-11.3502,-49.1812,-50.1262,-0.10645712,-0.10850278,-0.00532286,6.4164,5.4116,-0.8538,-6.8307,-1.2808,51.3312,8.0000,,6.4164,4.2165,5.6922,8.4025,10.5031,10.5031,13.83,5.0598,0.0,1.845161,2.429629,1.127219,25,32,4,2,0E-8,-0.13307140,,0E-8,0.000000,0.843394,0.027778,,2026-04-14,2026-05-26,9,48,45,43,0.209302,,,0.000000,,,,,,,,GLOBAL_BASELINE_NO_ENTITY_RANKING,,,NOT_APPLICABLE_GLOBAL_BASELINE,HF9g-P5,,,,X 全窗基线 · 不参与实体赏罚,3928701,393,A168_HF9F_20260827_0900,2026-08-27 09:00:00
2026-04-28,148668100,2103,0,5.0597685156,-5.0597685156,-5.0597685156,0E-7,1,1,0.50665070000000000,0.506650700000,-1.013391052207602,-1.013391052207602,-1.013391052207602,0E-17,ELIGIBLE,R03b_20260811_FULL_v1,L1_ELIGIBILITY,v2026-08-11,2026-03-21..2026-08-06,baccarat_bet02_101_all_pairs_incl_sentinel,round_win = game_pnl > 0 (decisive only),COMPATIBILITY_ONLY_NOT_PRODUCTION,461.9809,389.6320,-61.4764,72,72,0.13307140,,0.13307140,0.13307140,61.4764,461.9809,OK,0.0000,-2.4591,4.0000,96.0000,AG03-UNRESOLVED,ALL5_LEVELS_bet23_to_bet27,-2.4591,-2.4591,-2.4591,-2.4591,-2.4591,4.000000,4.000000,4.000000,4.000000,4.000000,96.000000,96.000000,96.000000,96.000000,96.000000,5.0,-12.2953,-11.3502,-49.1812,-50.1262,PENDING_AG03,FALSE,NOT_FOR_ENFORCEMENT,-59.0174,374.0467,-61.4764,-59.0174,-2.4591,-0.13307140,-0.12774854,-2.4591,-59.0174,-0.12774854,-2.4591,-2.4591,-2.4591,-2.4591,-2.4591,-59.0174,-0.12774854,-12.2953,-11.3502,-49.1812,-50.1262,-0.10645712,-0.10850278,-0.00532286,6.4164,5.4116,-0.8538,-6.8307,-1.2808,51.3312,8.0000,,6.4164,4.2165,5.6922,8.4025,10.5031,10.5031,13.83,5.0598,0.0,1.845161,2.429629,1.127219,25,32,4,2,0E-8,-0.13307140,,0E-8,0.000000,0.843394,0.027778,,2026-04-14,2026-05-26,9,48,45,43,0.209302,,,0.000000,,,,,,,,GLOBAL_BASELINE_NO_ENTITY_RANKING,,,NOT_APPLICABLE_GLOBAL_BASELINE,HF9g-P5,,,,X 全窗基线 · 不参与实体赏罚,3928702,393,A168_HF9F_20260827_0900,2026-08-27 09:00:00
2026-04-30,148668100,-1,1,23.1525197030,-6.6474207956,-6.6474207956,0.3333333,4,4,0.50329940000000000,0.503299400000,-0.5887925454369916,-0.5887925454369916,-0.5887925454369916,0E-17,SENTINEL_DEALER,R03b_20260811_FULL_v1,L1_ELIGIBILITY,v2026-08-11,2026-03-21..2026-08-06,baccarat_bet02_101_all_pairs_incl_sentinel,round_win = game_pnl > 0 (decisive only),COMPATIBILITY_ONLY_NOT_PRODUCTION,461.9809,389.6320,-61.4764,72,72,0.13307140,,0.13307140,0.13307140,61.4764,461.9809,OK,0.0000,-2.4591,4.0000,96.0000,AG03-UNRESOLVED,ALL5_LEVELS_bet23_to_bet27,-2.4591,-2.4591,-2.4591,-2.4591,-2.4591,4.000000,4.000000,4.000000,4.000000,4.000000,96.000000,96.000000,96.000000,96.000000,96.000000,5.0,-12.2953,-11.3502,-49.1812,-50.1262,PENDING_AG03,FALSE,NOT_FOR_ENFORCEMENT,-59.0174,374.0467,-61.4764,-59.0174,-2.4591,-0.13307140,-0.12774854,-2.4591,-59.0174,-0.12774854,-2.4591,-2.4591,-2.4591,-2.4591,-2.4591,-59.0174,-0.12774854,-12.2953,-11.3502,-49.1812,-50.1262,-0.10645712,-0.10850278,-0.00532286,6.4164,5.4116,-0.8538,-6.8307,-1.2808,51.3312,8.0000,,6.4164,4.2165,5.6922,8.4025,10.5031,10.5031,13.83,5.0598,0.0,1.845161,2.429629,1.127219,25,32,4,2,0E-8,-0.13307140,,0E-8,0.000000,0.843394,0.027778,,2026-04-14,2026-05-26,9,48,45,43,0.209302,,,0.000000,,,,,,,,GLOBAL_BASELINE_NO_ENTITY_RANKING,,,NOT_APPLICABLE_GLOBAL_BASELINE,HF9g-P5,,,,X 全窗基线 · 不参与实体赏罚,3928703,393,A168_HF9F_20260827_0900,2026-08-27 09:00:00
2026-04-30,148668100,1318,0,8.4329475260,-8.4329475260,-8.4329475260,0E-7,1,1,0.50665070000000000,0.506650700000,-1.013391052207602,-1.013391052207602,-1.013391052207602,0E-17,ELIGIBLE,R03b_20260811_FULL_v1,L1_ELIGIBILITY,v2026-08-11,2026-03-21..2026-08-06,baccarat_bet02_101_all_pairs_incl_sentinel,round_win = game_pnl > 0 (decisive only),COMPATIBILITY_ONLY_NOT_PRODUCTION,461.9809,389.6320,-61.4764,72,72,0.13307140,,0.13307140,0.13307140,61.4764,461.9809,OK,0.0000,-2.4591,4.0000,96.0000,AG03-UNRESOLVED,ALL5_LEVELS_bet23_to_bet27,-2.4591,-2.4591,-2.4591,-2.4591,-2.4591,4.000000,4.000000,4.000000,4.000000,4.000000,96.000000,96.000000,96.000000,96.000000,96.000000,5.0,-12.2953,-11.3502,-49.1812,-50.1262,PENDING_AG03,FALSE,NOT_FOR_ENFORCEMENT,-59.0174,374.0467,-61.4764,-59.0174,-2.4591,-0.13307140,-0.12774854,-2.4591,-59.0174,-0.12774854,-2.4591,-2.4591,-2.4591,-2.4591,-2.4591,-59.0174,-0.12774854,-12.2953,-11.3502,-49.1812,-50.1262,-0.10645712,-0.10850278,-0.00532286,6.4164,5.4116,-0.8538,-6.8307,-1.2808,51.3312,8.0000,,6.4164,4.2165,5.6922,8.4025,10.5031,10.5031,13.83,5.0598,0.0,1.845161,2.429629,1.127219,25,32,4,2,0E-8,-0.13307140,,0E-8,0.000000,0.843394,0.027778,,2026-04-14,2026-05-26,9,48,45,43,0.209302,,,0.000000,,,,,,,,GLOBAL_BASELINE_NO_ENTITY_RANKING,,,NOT_APPLICABLE_GLOBAL_BASELINE,HF9g-P5,,,,X 全窗基线 · 不参与实体赏罚,3928704,393,A168_HF9F_20260827_0900,2026-08-27 09:00:00
2026-04-30,148668100,1353,0,8.4024787312,7.9823547947,7.9823547947,1.0000000,1,1,0.50665070000000000,0.506650700000,0.9867858985152569,0.9867858985152569,0.9867858985152569,0E-17,ELIGIBLE,R03b_20260811_FULL_v1,L1_ELIGIBILITY,v2026-08-11,2026-03-21..2026-08-06,baccarat_bet02_101_all_pairs_incl_sentinel,round_win = game_pnl > 0 (decisive only),COMPATIBILITY_ONLY_NOT_PRODUCTION,461.9809,389.6320,-61.4764,72,72,0.13307140,,0.13307140,0.13307140,61.4764,461.9809,OK,0.0000,-2.4591,4.0000,96.0000,AG03-UNRESOLVED,ALL5_LEVELS_bet23_to_bet27,-2.4591,-2.4591,-2.4591,-2.4591,-2.4591,4.000000,4.000000,4.000000,4.000000,4.000000,96.000000,96.000000,96.000000,96.000000,96.000000,5.0,-12.2953,-11.3502,-49.1812,-50.1262,PENDING_AG03,FALSE,NOT_FOR_ENFORCEMENT,-59.0174,374.0467,-61.4764,-59.0174,-2.4591,-0.13307140,-0.12774854,-2.4591,-59.0174,-0.12774854,-2.4591,-2.4591,-2.4591,-2.4591,-2.4591,-59.0174,-0.12774854,-12.2953,-11.3502,-49.1812,-50.1262,-0.10645712,-0.10850278,-0.00532286,6.4164,5.4116,-0.8538,-6.8307,-1.2808,51.3312,8.0000,,6.4164,4.2165,5.6922,8.4025,10.5031,10.5031,13.83,5.0598,0.0,1.845161,2.429629,1.127219,25,32,4,2,0E-8,-0.13307140,,0E-8,0.000000,0.843394,0.027778,,2026-04-14,2026-05-26,9,48,45,43,0.209302,,,0.000000,,,,,,,,GLOBAL_BASELINE_NO_ENTITY_RANKING,,,NOT_APPLICABLE_GLOBAL_BASELINE,HF9g-P5,,,,X 全窗基线 · 不参与实体赏罚,3928705,393,A168_HF9F_20260827_0900,2026-08-27 09:00:00
2026-04-30,148668100,1400,0,8.4024787312,-0.2100619683,-0.2100619683,0.5000000,2,2,0.49994810000000000,0.499948100000,0.00014679536856514622,0.00014679536856514622,0.00014679536856514622,0E-17,ELIGIBLE,R03b_20260811_FULL_v1,L1_ELIGIBILITY,v2026-08-11,2026-03-21..2026-08-06,baccarat_bet02_101_all_pairs_incl_sentinel,round_win = game_pnl > 0 (decisive only),COMPATIBILITY_ONLY_NOT_PRODUCTION,461.9809,389.6320,-61.4764,72,72,0.13307140,,0.13307140,0.13307140,61.4764,461.9809,OK,0.0000,-2.4591,4.0000,96.0000,AG03-UNRESOLVED,ALL5_LEVELS_bet23_to_bet27,-2.4591,-2.4591,-2.4591,-2.4591,-2.4591,4.000000,4.000000,4.000000,4.000000,4.000000,96.000000,96.000000,96.000000,96.000000,96.000000,5.0,-12.2953,-11.3502,-49.1812,-50.1262,PENDING_AG03,FALSE,NOT_FOR_ENFORCEMENT,-59.0174,374.0467,-61.4764,-59.0174,-2.4591,-0.13307140,-0.12774854,-2.4591,-59.0174,-0.12774854,-2.4591,-2.4591,-2.4591,-2.4591,-2.4591,-59.0174,-0.12774854,-12.2953,-11.3502,-49.1812,-50.1262,-0.10645712,-0.10850278,-0.00532286,6.4164,5.4116,-0.8538,-6.8307,-1.2808,51.3312,8.0000,,6.4164,4.2165,5.6922,8.4025,10.5031,10.5031,13.83,5.0598,0.0,1.845161,2.429629,1.127219,25,32,4,2,0E-8,-0.13307140,,0E-8,0.000000,0.843394,0.027778,,2026-04-14,2026-05-26,9,48,45,43,0.209302,,,0.000000,,,,,,,,GLOBAL_BASELINE_NO_ENTITY_RANKING,,,NOT_APPLICABLE_GLOBAL_BASELINE,HF9g-P5,,,,X 全窗基线 · 不参与实体赏罚,3928706,393,A168_HF9F_20260827_0900,2026-08-27 09:00:00
2026-04-30,148668100,1402,0,4.2164737630,4.0056500748,4.0056500748,1.0000000,1,1,0.50665070000000000,0.506650700000,0.9867858985152569,0.9867858985152569,0.9867858985152569,0E-17,ELIGIBLE,R03b_20260811_FULL_v1,L1_ELIGIBILITY,v2026-08-11,2026-03-21..2026-08-06,baccarat_bet02_101_all_pairs_incl_sentinel,round_win = game_pnl > 0 (decisive only),COMPATIBILITY_ONLY_NOT_PRODUCTION,461.9809,389.6320,-61.4764,72,72,0.13307140,,0.13307140,0.13307140,61.4764,461.9809,OK,0.0000,-2.4591,4.0000,96.0000,AG03-UNRESOLVED,ALL5_LEVELS_bet23_to_bet27,-2.4591,-2.4591,-2.4591,-2.4591,-2.4591,4.000000,4.000000,4.000000,4.000000,4.000000,96.000000,96.000000,96.000000,96.000000,96.000000,5.0,-12.2953,-11.3502,-49.1812,-50.1262,PENDING_AG03,FALSE,NOT_FOR_ENFORCEMENT,-59.0174,374.0467,-61.4764,-59.0174,-2.4591,-0.13307140,-0.12774854,-2.4591,-59.0174,-0.12774854,-2.4591,-2.4591,-2.4591,-2.4591,-2.4591,-59.0174,-0.12774854,-12.2953,-11.3502,-49.1812,-50.1262,-0.10645712,-0.10850278,-0.00532286,6.4164,5.4116,-0.8538,-6.8307,-1.2808,51.3312,8.0000,,6.4164,4.2165,5.6922,8.4025,10.5031,10.5031,13.83,5.0598,0.0,1.845161,2.429629,1.127219,25,32,4,2,0E-8,-0.13307140,,0E-8,0.000000,0.843394,0.027778,,2026-04-14,2026-05-26,9,48,45,43,0.209302,,,0.000000,,,,,,,,GLOBAL_BASELINE_NO_ENTITY_RANKING,,,NOT_APPLICABLE_GLOBAL_BASELINE,HF9g-P5,,,,X 全窗基线 · 不参与实体赏罚,3928707,393,A168_HF9F_20260827_0900,2026-08-27 09:00:00
2026-04-30,148668100,1505,0,10.5411844075,10.0141251871,10.0141251871,1.0000000,1,1,0.50665070000000000,0.506650700000,0.9867858985152569,0.9867858985152569,0.9867858985152569,0E-17,ELIGIBLE,R03b_20260811_FULL_v1,L1_ELIGIBILITY,v2026-08-11,2026-03-21..2026-08-06,baccarat_bet02_101_all_pairs_incl_sentinel,round_win = game_pnl > 0 (decisive only),COMPATIBILITY_ONLY_NOT_PRODUCTION,461.9809,389.6320,-61.4764,72,72,0.13307140,,0.13307140,0.13307140,61.4764,461.9809,OK,0.0000,-2.4591,4.0000,96.0000,AG03-UNRESOLVED,ALL5_LEVELS_bet23_to_bet27,-2.4591,-2.4591,-2.4591,-2.4591,-2.4591,4.000000,4.000000,4.000000,4.000000,4.000000,96.000000,96.000000,96.000000,96.000000,96.000000,5.0,-12.2953,-11.3502,-49.1812,-50.1262,PENDING_AG03,FALSE,NOT_FOR_ENFORCEMENT,-59.0174,374.0467,-61.4764,-59.0174,-2.4591,-0.13307140,-0.12774854,-2.4591,-59.0174,-0.12774854,-2.4591,-2.4591,-2.4591,-2.4591,-2.4591,-59.0174,-0.12774854,-12.2953,-11.3502,-49.1812,-50.1262,-0.10645712,-0.10850278,-0.00532286,6.4164,5.4116,-0.8538,-6.8307,-1.2808,51.3312,8.0000,,6.4164,4.2165,5.6922,8.4025,10.5031,10.5031,13.83,5.0598,0.0,1.845161,2.429629,1.127219,25,32,4,2,0E-8,-0.13307140,,0E-8,0.000000,0.843394,0.027778,,2026-04-14,2026-05-26,9,48,45,43,0.209302,,,0.000000,,,,,,,,GLOBAL_BASELINE_NO_ENTITY_RANKING,,,NOT_APPLICABLE_GLOBAL_BASELINE,HF9g-P5,,,,X 全窗基线 · 不参与实体赏罚,3928708,393,A168_HF9F_20260827_0900,2026-08-27 09:00:00
2026-04-30,148668100,1509,0,4.2012393656,4.2012393656,4.2012393656,1.0000000,1,1,0.49324550000000000,0.493245500000,1.01360149184955,1.01360149184955,1.01360149184955,0E-17,ELIGIBLE,R03b_20260811_FULL_v1,L1_ELIGIBILITY,v2026-08-11,2026-03-21..2026-08-06,baccarat_bet02_101_all_pairs_incl_sentinel,round_win = game_pnl > 0 (decisive only),COMPATIBILITY_ONLY_NOT_PRODUCTION,461.9809,389.6320,-61.4764,72,72,0.13307140,,0.13307140,0.13307140,61.4764,461.9809,OK,0.0000,-2.4591,4.0000,96.0000,AG03-UNRESOLVED,ALL5_LEVELS_bet23_to_bet27,-2.4591,-2.4591,-2.4591,-2.4591,-2.4591,4.000000,4.000000,4.000000,4.000000,4.000000,96.000000,96.000000,96.000000,96.000000,96.000000,5.0,-12.2953,-11.3502,-49.1812,-50.1262,PENDING_AG03,FALSE,NOT_FOR_ENFORCEMENT,-59.0174,374.0467,-61.4764,-59.0174,-2.4591,-0.13307140,-0.12774854,-2.4591,-59.0174,-0.12774854,-2.4591,-2.4591,-2.4591,-2.4591,-2.4591,-59.0174,-0.12774854,-12.2953,-11.3502,-49.1812,-50.1262,-0.10645712,-0.10850278,-0.00532286,6.4164,5.4116,-0.8538,-6.8307,-1.2808,51.3312,8.0000,,6.4164,4.2165,5.6922,8.4025,10.5031,10.5031,13.83,5.0598,0.0,1.845161,2.429629,1.127219,25,32,4,2,0E-8,-0.13307140,,0E-8,0.000000,0.843394,0.027778,,2026-04-14,2026-05-26,9,48,45,43,0.209302,,,0.000000,,,,,,,,GLOBAL_BASELINE_NO_ENTITY_RANKING,,,NOT_APPLICABLE_GLOBAL_BASELINE,HF9g-P5,,,,X 全窗基线 · 不参与实体赏罚,3928709,393,A168_HF9F_20260827_0900,2026-08-27 09:00:00
2026-04-30,148668100,1750,0,4.2012393656,4.2012393656,4.2012393656,1.0000000,1,1,0.49324550000000000,0.493245500000,1.01360149184955,1.01360149184955,1.01360149184955,0E-17,ELIGIBLE,R03b_20260811_FULL_v1,L1_ELIGIBILITY,v2026-08-11,2026-03-21..2026-08-06,baccarat_bet02_101_all_pairs_incl_sentinel,round_win = game_pnl > 0 (decisive only),COMPATIBILITY_ONLY_NOT_PRODUCTION,461.9809,389.6320,-61.4764,72,72,0.13307140,,0.13307140,0.13307140,61.4764,461.9809,OK,0.0000,-2.4591,4.0000,96.0000,AG03-UNRESOLVED,ALL5_LEVELS_bet23_to_bet27,-2.4591,-2.4591,-2.4591,-2.4591,-2.4591,4.000000,4.000000,4.000000,4.000000,4.000000,96.000000,96.000000,96.000000,96.000000,96.000000,5.0,-12.2953,-11.3502,-49.1812,-50.1262,PENDING_AG03,FALSE,NOT_FOR_ENFORCEMENT,-59.0174,374.0467,-61.4764,-59.0174,-2.4591,-0.13307140,-0.12774854,-2.4591,-59.0174,-0.12774854,-2.4591,-2.4591,-2.4591,-2.4591,-2.4591,-59.0174,-0.12774854,-12.2953,-11.3502,-49.1812,-50.1262,-0.10645712,-0.10850278,-0.00532286,6.4164,5.4116,-0.8538,-6.8307,-1.2808,51.3312,8.0000,,6.4164,4.2165,5.6922,8.4025,10.5031,10.5031,13.83,5.0598,0.0,1.845161,2.429629,1.127219,25,32,4,2,0E-8,-0.13307140,,0E-8,0.000000,0.843394,0.027778,,2026-04-14,2026-05-26,9,48,45,43,0.209302,,,0.000000,,,,,,,,GLOBAL_BASELINE_NO_ENTITY_RANKING,,,NOT_APPLICABLE_GLOBAL_BASELINE,HF9g-P5,,,,X 全窗基线 · 不参与实体赏罚,3928710,393,A168_HF9F_20260827_0900,2026-08-27 09:00:00
2026-04-30,148668100,2223,0,4.2012393656,4.2012393656,4.2012393656,1.0000000,1,1,0.49324550000000000,0.493245500000,1.01360149184955,1.01360149184955,1.01360149184955,0E-17,ELIGIBLE,R03b_20260811_FULL_v1,L1_ELIGIBILITY,v2026-08-11,2026-03-21..2026-08-06,baccarat_bet02_101_all_pairs_incl_sentinel,round_win = game_pnl > 0 (decisive only),COMPATIBILITY_ONLY_NOT_PRODUCTION,461.9809,389.6320,-61.4764,72,72,0.13307140,,0.13307140,0.13307140,61.4764,461.9809,OK,0.0000,-2.4591,4.0000,96.0000,AG03-UNRESOLVED,ALL5_LEVELS_bet23_to_bet27,-2.4591,-2.4591,-2.4591,-2.4591,-2.4591,4.000000,4.000000,4.000000,4.000000,4.000000,96.000000,96.000000,96.000000,96.000000,96.000000,5.0,-12.2953,-11.3502,-49.1812,-50.1262,PENDING_AG03,FALSE,NOT_FOR_ENFORCEMENT,-59.0174,374.0467,-61.4764,-59.0174,-2.4591,-0.13307140,-0.12774854,-2.4591,-59.0174,-0.12774854,-2.4591,-2.4591,-2.4591,-2.4591,-2.4591,-59.0174,-0.12774854,-12.2953,-11.3502,-49.1812,-50.1262,-0.10645712,-0.10850278,-0.00532286,6.4164,5.4116,-0.8538,-6.8307,-1.2808,51.3312,8.0000,,6.4164,4.2165,5.6922,8.4025,10.5031,10.5031,13.83,5.0598,0.0,1.845161,2.429629,1.127219,25,32,4,2,0E-8,-0.13307140,,0E-8,0.000000,0.843394,0.027778,,2026-04-14,2026-05-26,9,48,45,43,0.209302,,,0.000000,,,,,,,,GLOBAL_BASELINE_NO_ENTITY_RANKING,,,NOT_APPLICABLE_GLOBAL_BASELINE,HF9g-P5,,,,X 全窗基线 · 不参与实体赏罚,3928711,393,A168_HF9F_20260827_0900,2026-08-27 09:00:00
2026-04-30,148668100,2256,0,14.7576581705,14.7576581705,14.7576581705,1.0000000,1,1,0.49324550000000000,0.493245500000,1.01360149184955,1.01360149184955,1.01360149184955,0E-17,ELIGIBLE,R03b_20260811_FULL_v1,L1_ELIGIBILITY,v2026-08-11,2026-03-21..2026-08-06,baccarat_bet02_101_all_pairs_incl_sentinel,round_win = game_pnl > 0 (decisive only),COMPATIBILITY_ONLY_NOT_PRODUCTION,461.9809,389.6320,-61.4764,72,72,0.13307140,,0.13307140,0.13307140,61.4764,461.9809,OK,0.0000,-2.4591,4.0000,96.0000,AG03-UNRESOLVED,ALL5_LEVELS_bet23_to_bet27,-2.4591,-2.4591,-2.4591,-2.4591,-2.4591,4.000000,4.000000,4.000000,4.000000,4.000000,96.000000,96.000000,96.000000,96.000000,96.000000,5.0,-12.2953,-11.3502,-49.1812,-50.1262,PENDING_AG03,FALSE,NOT_FOR_ENFORCEMENT,-59.0174,374.0467,-61.4764,-59.0174,-2.4591,-0.13307140,-0.12774854,-2.4591,-59.0174,-0.12774854,-2.4591,-2.4591,-2.4591,-2.4591,-2.4591,-59.0174,-0.12774854,-12.2953,-11.3502,-49.1812,-50.1262,-0.10645712,-0.10850278,-0.00532286,6.4164,5.4116,-0.8538,-6.8307,-1.2808,51.3312,8.0000,,6.4164,4.2165,5.6922,8.4025,10.5031,10.5031,13.83,5.0598,0.0,1.845161,2.429629,1.127219,25,32,4,2,0E-8,-0.13307140,,0E-8,0.000000,0.843394,0.027778,,2026-04-14,2026-05-26,9,48,45,43,0.209302,,,0.000000,,,,,,,,GLOBAL_BASELINE_NO_ENTITY_RANKING,,,NOT_APPLICABLE_GLOBAL_BASELINE,HF9g-P5,,,,X 全窗基线 · 不参与实体赏罚,3928712,393,A168_HF9F_20260827_0900,2026-08-27 09:00:00
2026-04-30,148668100,970,0,8.4024787312,-8.4024787312,-8.4024787312,0E-7,1,1,0.50665070000000000,0.506650700000,-1.013391052207602,-1.013391052207602,-1.013391052207602,0E-17,ELIGIBLE,R03b_20260811_FULL_v1,L1_ELIGIBILITY,v2026-08-11,2026-03-21..2026-08-06,baccarat_bet02_101_all_pairs_incl_sentinel,round_win = game_pnl > 0 (decisive only),COMPATIBILITY_ONLY_NOT_PRODUCTION,461.9809,389.6320,-61.4764,72,72,0.13307140,,0.13307140,0.13307140,61.4764,461.9809,OK,0.0000,-2.4591,4.0000,96.0000,AG03-UNRESOLVED,ALL5_LEVELS_bet23_to_bet27,-2.4591,-2.4591,-2.4591,-2.4591,-2.4591,4.000000,4.000000,4.000000,4.000000,4.000000,96.000000,96.000000,96.000000,96.000000,96.000000,5.0,-12.2953,-11.3502,-49.1812,-50.1262,PENDING_AG03,FALSE,NOT_FOR_ENFORCEMENT,-59.0174,374.0467,-61.4764,-59.0174,-2.4591,-0.13307140,-0.12774854,-2.4591,-59.0174,-0.12774854,-2.4591,-2.4591,-2.4591,-2.4591,-2.4591,-59.0174,-0.12774854,-12.2953,-11.3502,-49.1812,-50.1262,-0.10645712,-0.10850278,-0.00532286,6.4164,5.4116,-0.8538,-6.8307,-1.2808,51.3312,8.0000,,6.4164,4.2165,5.6922,8.4025,10.5031,10.5031,13.83,5.0598,0.0,1.845161,2.429629,1.127219,25,32,4,2,0E-8,-0.13307140,,0E-8,0.000000,0.843394,0.027778,,2026-04-14,2026-05-26,9,48,45,43,0.209302,,,0.000000,,,,,,,,GLOBAL_BASELINE_NO_ENTITY_RANKING,,,NOT_APPLICABLE_GLOBAL_BASELINE,HF9g-P5,,,,X 全窗基线 · 不参与实体赏罚,3928713,393,A168_HF9F_20260827_0900,2026-08-27 09:00:00
2026-05-02,148668100,-1,1,64.0689003254,12.9188110492,12.9188110492,0.6250000,10,10,0.50128862000000000,0.501288620000,0.6998195698263086,0.6998195698263086,0.6998195698263086,0E-17,SENTINEL_DEALER,R03b_20260811_FULL_v1,L1_ELIGIBILITY,v2026-08-11,2026-03-21..2026-08-06,baccarat_bet02_101_all_pairs_incl_sentinel,round_win = game_pnl > 0 (decisive only),COMPATIBILITY_ONLY_NOT_PRODUCTION,461.9809,389.6320,-61.4764,72,72,0.13307140,,0.13307140,0.13307140,61.4764,461.9809,OK,0.0000,-2.4591,4.0000,96.0000,AG03-UNRESOLVED,ALL5_LEVELS_bet23_to_bet27,-2.4591,-2.4591,-2.4591,-2.4591,-2.4591,4.000000,4.000000,4.000000,4.000000,4.000000,96.000000,96.000000,96.000000,96.000000,96.000000,5.0,-12.2953,-11.3502,-49.1812,-50.1262,PENDING_AG03,FALSE,NOT_FOR_ENFORCEMENT,-59.0174,374.0467,-61.4764,-59.0174,-2.4591,-0.13307140,-0.12774854,-2.4591,-59.0174,-0.12774854,-2.4591,-2.4591,-2.4591,-2.4591,-2.4591,-59.0174,-0.12774854,-12.2953,-11.3502,-49.1812,-50.1262,-0.10645712,-0.10850278,-0.00532286,6.4164,5.4116,-0.8538,-6.8307,-1.2808,51.3312,8.0000,,6.4164,4.2165,5.6922,8.4025,10.5031,10.5031,13.83,5.0598,0.0,1.845161,2.429629,1.127219,25,32,4,2,0E-8,-0.13307140,,0E-8,0.000000,0.843394,0.027778,,2026-04-14,2026-05-26,9,48,45,43,0.209302,,,0.000000,,,,,,,,GLOBAL_BASELINE_NO_ENTITY_RANKING,,,NOT_APPLICABLE_GLOBAL_BASELINE,HF9g-P5,,,,X 全窗基线 · 不参与实体赏罚,3928714,393,A168_HF9F_20260827_0900,2026-08-27 09:00:00
2026-05-02,148668100,1318,0,10.5030984140,-10.5030984140,-10.5030984140,0E-7,1,1,0.50665070000000000,0.506650700000,-1.013391052207602,-1.013391052207602,-1.013391052207602,0E-17,ELIGIBLE,R03b_20260811_FULL_v1,L1_ELIGIBILITY,v2026-08-11,2026-03-21..2026-08-06,baccarat_bet02_101_all_pairs_incl_sentinel,round_win = game_pnl > 0 (decisive only),COMPATIBILITY_ONLY_NOT_PRODUCTION,461.9809,389.6320,-61.4764,72,72,0.13307140,,0.13307140,0.13307140,61.4764,461.9809,OK,0.0000,-2.4591,4.0000,96.0000,AG03-UNRESOLVED,ALL5_LEVELS_bet23_to_bet27,-2.4591,-2.4591,-2.4591,-2.4591,-2.4591,4.000000,4.000000,4.000000,4.000000,4.000000,96.000000,96.000000,96.000000,96.000000,96.000000,5.0,-12.2953,-11.3502,-49.1812,-50.1262,PENDING_AG03,FALSE,NOT_FOR_ENFORCEMENT,-59.0174,374.0467,-61.4764,-59.0174,-2.4591,-0.13307140,-0.12774854,-2.4591,-59.0174,-0.12774854,-2.4591,-2.4591,-2.4591,-2.4591,-2.4591,-59.0174,-0.12774854,-12.2953,-11.3502,-49.1812,-50.1262,-0.10645712,-0.10850278,-0.00532286,6.4164,5.4116,-0.8538,-6.8307,-1.2808,51.3312,8.0000,,6.4164,4.2165,5.6922,8.4025,10.5031,10.5031,13.83,5.0598,0.0,1.845161,2.429629,1.127219,25,32,4,2,0E-8,-0.13307140,,0E-8,0.000000,0.843394,0.027778,,2026-04-14,2026-05-26,9,48,45,43,0.209302,,,0.000000,,,,,,,,GLOBAL_BASELINE_NO_ENTITY_RANKING,,,NOT_APPLICABLE_GLOBAL_BASELINE,HF9g-P5,,,,X 全窗基线 · 不参与实体赏罚,3928715,393,A168_HF9F_20260827_0900,2026-08-27 09:00:00
2026-05-02,148668100,1374,0,21.0061968280,12.3936561285,12.3936561285,1.0000000,3,3,0.50218230000000000,0.502182300000,1.4080544974538591,1.4080544974538591,1.4080544974538591,0E-17,ELIGIBLE,R03b_20260811_FULL_v1,L1_ELIGIBILITY,v2026-08-11,2026-03-21..2026-08-06,baccarat_bet02_101_all_pairs_incl_sentinel,round_win = game_pnl > 0 (decisive only),COMPATIBILITY_ONLY_NOT_PRODUCTION,461.9809,389.6320,-61.4764,72,72,0.13307140,,0.13307140,0.13307140,61.4764,461.9809,OK,0.0000,-2.4591,4.0000,96.0000,AG03-UNRESOLVED,ALL5_LEVELS_bet23_to_bet27,-2.4591,-2.4591,-2.4591,-2.4591,-2.4591,4.000000,4.000000,4.000000,4.000000,4.000000,96.000000,96.000000,96.000000,96.000000,96.000000,5.0,-12.2953,-11.3502,-49.1812,-50.1262,PENDING_AG03,FALSE,NOT_FOR_ENFORCEMENT,-59.0174,374.0467,-61.4764,-59.0174,-2.4591,-0.13307140,-0.12774854,-2.4591,-59.0174,-0.12774854,-2.4591,-2.4591,-2.4591,-2.4591,-2.4591,-59.0174,-0.12774854,-12.2953,-11.3502,-49.1812,-50.1262,-0.10645712,-0.10850278,-0.00532286,6.4164,5.4116,-0.8538,-6.8307,-1.2808,51.3312,8.0000,,6.4164,4.2165,5.6922,8.4025,10.5031,10.5031,13.83,5.0598,0.0,1.845161,2.429629,1.127219,25,32,4,2,0E-8,-0.13307140,,0E-8,0.000000,0.843394,0.027778,,2026-04-14,2026-05-26,9,48,45,43,0.209302,,,0.000000,,,,,,,,GLOBAL_BASELINE_NO_ENTITY_RANKING,,,NOT_APPLICABLE_GLOBAL_BASELINE,HF9g-P5,,,,X 全窗基线 · 不参与实体赏罚,3928716,393,A168_HF9F_20260827_0900,2026-08-27 09:00:00
2026-05-02,148668100,1401,0,8.4024787312,0E-10,0E-10,,1,1,0.50665070000000000,0.506650700000,,,,0E-17,NO_DECISIVE_ROUND,R03b_20260811_FULL_v1,L1_ELIGIBILITY,v2026-08-11,2026-03-21..2026-08-06,baccarat_bet02_101_all_pairs_incl_sentinel,round_win = game_pnl > 0 (decisive only),COMPATIBILITY_ONLY_NOT_PRODUCTION,461.9809,389.6320,-61.4764,72,72,0.13307140,,0.13307140,0.13307140,61.4764,461.9809,OK,0.0000,-2.4591,4.0000,96.0000,AG03-UNRESOLVED,ALL5_LEVELS_bet23_to_bet27,-2.4591,-2.4591,-2.4591,-2.4591,-2.4591,4.000000,4.000000,4.000000,4.000000,4.000000,96.000000,96.000000,96.000000,96.000000,96.000000,5.0,-12.2953,-11.3502,-49.1812,-50.1262,PENDING_AG03,FALSE,NOT_FOR_ENFORCEMENT,-59.0174,374.0467,-61.4764,-59.0174,-2.4591,-0.13307140,-0.12774854,-2.4591,-59.0174,-0.12774854,-2.4591,-2.4591,-2.4591,-2.4591,-2.4591,-59.0174,-0.12774854,-12.2953,-11.3502,-49.1812,-50.1262,-0.10645712,-0.10850278,-0.00532286,6.4164,5.4116,-0.8538,-6.8307,-1.2808,51.3312,8.0000,,6.4164,4.2165,5.6922,8.4025,10.5031,10.5031,13.83,5.0598,0.0,1.845161,2.429629,1.127219,25,32,4,2,0E-8,-0.13307140,,0E-8,0.000000,0.843394,0.027778,,2026-04-14,2026-05-26,9,48,45,43,0.209302,,,0.000000,,,,,,,,GLOBAL_BASELINE_NO_ENTITY_RANKING,,,NOT_APPLICABLE_GLOBAL_BASELINE,HF9g-P5,,,,X 全窗基线 · 不参与实体赏罚,3928717,393,A168_HF9F_20260827_0900,2026-08-27 09:00:00
2026-05-02,148668100,2093,0,27.3080558764,26.8879319399,26.8879319399,1.0000000,3,3,0.49771390000000000,0.497713900000,1.739988277604938,1.739988277604938,1.739988277604938,0E-17,ELIGIBLE,R03b_20260811_FULL_v1,L1_ELIGIBILITY,v2026-08-11,2026-03-21..2026-08-06,baccarat_bet02_101_all_pairs_incl_sentinel,round_win = game_pnl > 0 (decisive only),COMPATIBILITY_ONLY_NOT_PRODUCTION,461.9809,389.6320,-61.4764,72,72,0.13307140,,0.13307140,0.13307140,61.4764,461.9809,OK,0.0000,-2.4591,4.0000,96.0000,AG03-UNRESOLVED,ALL5_LEVELS_bet23_to_bet27,-2.4591,-2.4591,-2.4591,-2.4591,-2.4591,4.000000,4.000000,4.000000,4.000000,4.000000,96.000000,96.000000,96.000000,96.000000,96.000000,5.0,-12.2953,-11.3502,-49.1812,-50.1262,PENDING_AG03,FALSE,NOT_FOR_ENFORCEMENT,-59.0174,374.0467,-61.4764,-59.0174,-2.4591,-0.13307140,-0.12774854,-2.4591,-59.0174,-0.12774854,-2.4591,-2.4591,-2.4591,-2.4591,-2.4591,-59.0174,-0.12774854,-12.2953,-11.3502,-49.1812,-50.1262,-0.10645712,-0.10850278,-0.00532286,6.4164,5.4116,-0.8538,-6.8307,-1.2808,51.3312,8.0000,,6.4164,4.2165,5.6922,8.4025,10.5031,10.5031,13.83,5.0598,0.0,1.845161,2.429629,1.127219,25,32,4,2,0E-8,-0.13307140,,0E-8,0.000000,0.843394,0.027778,,2026-04-14,2026-05-26,9,48,45,43,0.209302,,,0.000000,,,,,,,,GLOBAL_BASELINE_NO_ENTITY_RANKING,,,NOT_APPLICABLE_GLOBAL_BASELINE,HF9g-P5,,,,X 全窗基线 · 不参与实体赏罚,3928718,393,A168_HF9F_20260827_0900,2026-08-27 09:00:00
2026-05-02,148668100,2156,0,6.3018590484,0E-10,0E-10,,1,1,0.49324550000000000,0.493245500000,,,,0E-17,NO_DECISIVE_ROUND,R03b_20260811_FULL_v1,L1_ELIGIBILITY,v2026-08-11,2026-03-21..2026-08-06,baccarat_bet02_101_all_pairs_incl_sentinel,round_win = game_pnl > 0 (decisive only),COMPATIBILITY_ONLY_NOT_PRODUCTION,461.9809,389.6320,-61.4764,72,72,0.13307140,,0.13307140,0.13307140,61.4764,461.9809,OK,0.0000,-2.4591,4.0000,96.0000,AG03-UNRESOLVED,ALL5_LEVELS_bet23_to_bet27,-2.4591,-2.4591,-2.4591,-2.4591,-2.4591,4.000000,4.000000,4.000000,4.000000,4.000000,96.000000,96.000000,96.000000,96.000000,96.000000,5.0,-12.2953,-11.3502,-49.1812,-50.1262,PENDING_AG03,FALSE,NOT_FOR_ENFORCEMENT,-59.0174,374.0467,-61.4764,-59.0174,-2.4591,-0.13307140,-0.12774854,-2.4591,-59.0174,-0.12774854,-2.4591,-2.4591,-2.4591,-2.4591,-2.4591,-59.0174,-0.12774854,-12.2953,-11.3502,-49.1812,-50.1262,-0.10645712,-0.10850278,-0.00532286,6.4164,5.4116,-0.8538,-6.8307,-1.2808,51.3312,8.0000,,6.4164,4.2165,5.6922,8.4025,10.5031,10.5031,13.83,5.0598,0.0,1.845161,2.429629,1.127219,25,32,4,2,0E-8,-0.13307140,,0E-8,0.000000,0.843394,0.027778,,2026-04-14,2026-05-26,9,48,45,43,0.209302,,,0.000000,,,,,,,,GLOBAL_BASELINE_NO_ENTITY_RANKING,,,NOT_APPLICABLE_GLOBAL_BASELINE,HF9g-P5,,,,X 全窗基线 · 不参与实体赏罚,3928719,393,A168_HF9F_20260827_0900,2026-08-27 09:00:00
2026-05-02,148668100,2224,0,6.3018590484,6.3018590484,6.3018590484,1.0000000,1,1,0.49324550000000000,0.493245500000,1.01360149184955,1.01360149184955,1.01360149184955,0E-17,ELIGIBLE,R03b_20260811_FULL_v1,L1_ELIGIBILITY,v2026-08-11,2026-03-21..2026-08-06,baccarat_bet02_101_all_pairs_incl_sentinel,round_win = game_pnl > 0 (decisive only),COMPATIBILITY_ONLY_NOT_PRODUCTION,461.9809,389.6320,-61.4764,72,72,0.13307140,,0.13307140,0.13307140,61.4764,461.9809,OK,0.0000,-2.4591,4.0000,96.0000,AG03-UNRESOLVED,ALL5_LEVELS_bet23_to_bet27,-2.4591,-2.4591,-2.4591,-2.4591,-2.4591,4.000000,4.000000,4.000000,4.000000,4.000000,96.000000,96.000000,96.000000,96.000000,96.000000,5.0,-12.2953,-11.3502,-49.1812,-50.1262,PENDING_AG03,FALSE,NOT_FOR_ENFORCEMENT,-59.0174,374.0467,-61.4764,-59.0174,-2.4591,-0.13307140,-0.12774854,-2.4591,-59.0174,-0.12774854,-2.4591,-2.4591,-2.4591,-2.4591,-2.4591,-59.0174,-0.12774854,-12.2953,-11.3502,-49.1812,-50.1262,-0.10645712,-0.10850278,-0.00532286,6.4164,5.4116,-0.8538,-6.8307,-1.2808,51.3312,8.0000,,6.4164,4.2165,5.6922,8.4025,10.5031,10.5031,13.83,5.0598,0.0,1.845161,2.429629,1.127219,25,32,4,2,0E-8,-0.13307140,,0E-8,0.000000,0.843394,0.027778,,2026-04-14,2026-05-26,9,48,45,43,0.209302,,,0.000000,,,,,,,,GLOBAL_BASELINE_NO_ENTITY_RANKING,,,NOT_APPLICABLE_GLOBAL_BASELINE,HF9g-P5,,,,X 全窗基线 · 不参与实体赏罚,3928720,393,A168_HF9F_20260827_0900,2026-08-27 09:00:00
2026-05-02,148668100,2266,0,6.3018590484,0E-10,0E-10,,1,1,0.49324550000000000,0.493245500000,,,,0E-17,NO_DECISIVE_ROUND,R03b_20260811_FULL_v1,L1_ELIGIBILITY,v2026-08-11,2026-03-21..2026-08-06,baccarat_bet02_101_all_pairs_incl_sentinel,round_win = game_pnl > 0 (decisive only),COMPATIBILITY_ONLY_NOT_PRODUCTION,461.9809,389.6320,-61.4764,72,72,0.13307140,,0.13307140,0.13307140,61.4764,461.9809,OK,0.0000,-2.4591,4.0000,96.0000,AG03-UNRESOLVED,ALL5_LEVELS_bet23_to_bet27,-2.4591,-2.4591,-2.4591,-2.4591,-2.4591,4.000000,4.000000,4.000000,4.000000,4.000000,96.000000,96.000000,96.000000,96.000000,96.000000,5.0,-12.2953,-11.3502,-49.1812,-50.1262,PENDING_AG03,FALSE,NOT_FOR_ENFORCEMENT,-59.0174,374.0467,-61.4764,-59.0174,-2.4591,-0.13307140,-0.12774854,-2.4591,-59.0174,-0.12774854,-2.4591,-2.4591,-2.4591,-2.4591,-2.4591,-59.0174,-0.12774854,-12.2953,-11.3502,-49.1812,-50.1262,-0.10645712,-0.10850278,-0.00532286,6.4164,5.4116,-0.8538,-6.8307,-1.2808,51.3312,8.0000,,6.4164,4.2165,5.6922,8.4025,10.5031,10.5031,13.83,5.0598,0.0,1.845161,2.429629,1.127219,25,32,4,2,0E-8,-0.13307140,,0E-8,0.000000,0.843394,0.027778,,2026-04-14,2026-05-26,9,48,45,43,0.209302,,,0.000000,,,,,,,,GLOBAL_BASELINE_NO_ENTITY_RANKING,,,NOT_APPLICABLE_GLOBAL_BASELINE,HF9g-P5,,,,X 全窗基线 · 不参与实体赏罚,3928721,393,A168_HF9F_20260827_0900,2026-08-27 09:00:00
2026-05-02,148668100,986,0,31.5092952420,5.7767041277,5.7767041277,0.5000000,4,4,0.49994810000000000,0.499948100000,0.00020760000111838688,0.00020760000111838688,0.00020760000111838688,0E-17,ELIGIBLE,R03b_20260811_FULL_v1,L1_ELIGIBILITY,v2026-08-11,2026-03-21..2026-08-06,baccarat_bet02_101_all_pairs_incl_sentinel,round_win = game_pnl > 0 (decisive only),COMPATIBILITY_ONLY_NOT_PRODUCTION,461.9809,389.6320,-61.4764,72,72,0.13307140,,0.13307140,0.13307140,61.4764,461.9809,OK,0.0000,-2.4591,4.0000,96.0000,AG03-UNRESOLVED,ALL5_LEVELS_bet23_to_bet27,-2.4591,-2.4591,-2.4591,-2.4591,-2.4591,4.000000,4.000000,4.000000,4.000000,4.000000,96.000000,96.000000,96.000000,96.000000,96.000000,5.0,-12.2953,-11.3502,-49.1812,-50.1262,PENDING_AG03,FALSE,NOT_FOR_ENFORCEMENT,-59.0174,374.0467,-61.4764,-59.0174,-2.4591,-0.13307140,-0.12774854,-2.4591,-59.0174,-0.12774854,-2.4591,-2.4591,-2.4591,-2.4591,-2.4591,-59.0174,-0.12774854,-12.2953,-11.3502,-49.1812,-50.1262,-0.10645712,-0.10850278,-0.00532286,6.4164,5.4116,-0.8538,-6.8307,-1.2808,51.3312,8.0000,,6.4164,4.2165,5.6922,8.4025,10.5031,10.5031,13.83,5.0598,0.0,1.845161,2.429629,1.127219,25,32,4,2,0E-8,-0.13307140,,0E-8,0.000000,0.843394,0.027778,,2026-04-14,2026-05-26,9,48,45,43,0.209302,,,0.000000,,,,,,,,GLOBAL_BASELINE_NO_ENTITY_RANKING,,,NOT_APPLICABLE_GLOBAL_BASELINE,HF9g-P5,,,,X 全窗基线 · 不参与实体赏罚,3928722,393,A168_HF9F_20260827_0900,2026-08-27 09:00:00
2026-05-04,148668100,2205,0,10.2930364458,-10.2930364458,-10.2930364458,0E-7,1,1,0.50665070000000000,0.506650700000,-1.013391052207602,-1.013391052207602,-1.013391052207602,0E-17,ELIGIBLE,R03b_20260811_FULL_v1,L1_ELIGIBILITY,v2026-08-11,2026-03-21..2026-08-06,baccarat_bet02_101_all_pairs_incl_sentinel,round_win = game_pnl > 0 (decisive only),COMPATIBILITY_ONLY_NOT_PRODUCTION,461.9809,389.6320,-61.4764,72,72,0.13307140,,0.13307140,0.13307140,61.4764,461.9809,OK,0.0000,-2.4591,4.0000,96.0000,AG03-UNRESOLVED,ALL5_LEVELS_bet23_to_bet27,-2.4591,-2.4591,-2.4591,-2.4591,-2.4591,4.000000,4.000000,4.000000,4.000000,4.000000,96.000000,96.000000,96.000000,96.000000,96.000000,5.0,-12.2953,-11.3502,-49.1812,-50.1262,PENDING_AG03,FALSE,NOT_FOR_ENFORCEMENT,-59.0174,374.0467,-61.4764,-59.0174,-2.4591,-0.13307140,-0.12774854,-2.4591,-59.0174,-0.12774854,-2.4591,-2.4591,-2.4591,-2.4591,-2.4591,-59.0174,-0.12774854,-12.2953,-11.3502,-49.1812,-50.1262,-0.10645712,-0.10850278,-0.00532286,6.4164,5.4116,-0.8538,-6.8307,-1.2808,51.3312,8.0000,,6.4164,4.2165,5.6922,8.4025,10.5031,10.5031,13.83,5.0598,0.0,1.845161,2.429629,1.127219,25,32,4,2,0E-8,-0.13307140,,0E-8,0.000000,0.843394,0.027778,,2026-04-14,2026-05-26,9,48,45,43,0.209302,,,0.000000,,,,,,,,GLOBAL_BASELINE_NO_ENTITY_RANKING,,,NOT_APPLICABLE_GLOBAL_BASELINE,HF9g-P5,,,,X 全窗基线 · 不参与实体赏罚,3928723,393,A168_HF9F_20260827_0900,2026-08-27 09:00:00
2026-05-04,148668100,919,0,5.2515492070,4.9889717467,4.9889717467,1.0000000,1,1,0.50665070000000000,0.506650700000,0.9867858985152569,0.9867858985152569,0.9867858985152569,0E-17,ELIGIBLE,R03b_20260811_FULL_v1,L1_ELIGIBILITY,v2026-08-11,2026-03-21..2026-08-06,baccarat_bet02_101_all_pairs_incl_sentinel,round_win = game_pnl > 0 (decisive only),COMPATIBILITY_ONLY_NOT_PRODUCTION,461.9809,389.6320,-61.4764,72,72,0.13307140,,0.13307140,0.13307140,61.4764,461.9809,OK,0.0000,-2.4591,4.0000,96.0000,AG03-UNRESOLVED,ALL5_LEVELS_bet23_to_bet27,-2.4591,-2.4591,-2.4591,-2.4591,-2.4591,4.000000,4.000000,4.000000,4.000000,4.000000,96.000000,96.000000,96.000000,96.000000,96.000000,5.0,-12.2953,-11.3502,-49.1812,-50.1262,PENDING_AG03,FALSE,NOT_FOR_ENFORCEMENT,-59.0174,374.0467,-61.4764,-59.0174,-2.4591,-0.13307140,-0.12774854,-2.4591,-59.0174,-0.12774854,-2.4591,-2.4591,-2.4591,-2.4591,-2.4591,-59.0174,-0.12774854,-12.2953,-11.3502,-49.1812,-50.1262,-0.10645712,-0.10850278,-0.00532286,6.4164,5.4116,-0.8538,-6.8307,-1.2808,51.3312,8.0000,,6.4164,4.2165,5.6922,8.4025,10.5031,10.5031,13.83,5.0598,0.0,1.845161,2.429629,1.127219,25,32,4,2,0E-8,-0.13307140,,0E-8,0.000000,0.843394,0.027778,,2026-04-14,2026-05-26,9,48,45,43,0.209302,,,0.000000,,,,,,,,GLOBAL_BASELINE_NO_ENTITY_RANKING,,,NOT_APPLICABLE_GLOBAL_BASELINE,HF9g-P5,,,,X 全窗基线 · 不参与实体赏罚,3928724,393,A168_HF9F_20260827_0900,2026-08-27 09:00:00
2026-05-08,148668100,1205,0,6.3018590484,-6.3018590484,-6.3018590484,0E-7,1,1,0.49324550000000000,0.493245500000,-0.9865810262130424,-0.9865810262130424,-0.9865810262130424,0E-17,ELIGIBLE,R03b_20260811_FULL_v1,L1_ELIGIBILITY,v2026-08-11,2026-03-21..2026-08-06,baccarat_bet02_101_all_pairs_incl_sentinel,round_win = game_pnl > 0 (decisive only),COMPATIBILITY_ONLY_NOT_PRODUCTION,461.9809,389.6320,-61.4764,72,72,0.13307140,,0.13307140,0.13307140,61.4764,461.9809,OK,0.0000,-2.4591,4.0000,96.0000,AG03-UNRESOLVED,ALL5_LEVELS_bet23_to_bet27,-2.4591,-2.4591,-2.4591,-2.4591,-2.4591,4.000000,4.000000,4.000000,4.000000,4.000000,96.000000,96.000000,96.000000,96.000000,96.000000,5.0,-12.2953,-11.3502,-49.1812,-50.1262,PENDING_AG03,FALSE,NOT_FOR_ENFORCEMENT,-59.0174,374.0467,-61.4764,-59.0174,-2.4591,-0.13307140,-0.12774854,-2.4591,-59.0174,-0.12774854,-2.4591,-2.4591,-2.4591,-2.4591,-2.4591,-59.0174,-0.12774854,-12.2953,-11.3502,-49.1812,-50.1262,-0.10645712,-0.10850278,-0.00532286,6.4164,5.4116,-0.8538,-6.8307,-1.2808,51.3312,8.0000,,6.4164,4.2165,5.6922,8.4025,10.5031,10.5031,13.83,5.0598,0.0,1.845161,2.429629,1.127219,25,32,4,2,0E-8,-0.13307140,,0E-8,0.000000,0.843394,0.027778,,2026-04-14,2026-05-26,9,48,45,43,0.209302,,,0.000000,,,,,,,,GLOBAL_BASELINE_NO_ENTITY_RANKING,,,NOT_APPLICABLE_GLOBAL_BASELINE,HF9g-P5,,,,X 全窗基线 · 不参与实体赏罚,3928725,393,A168_HF9F_20260827_0900,2026-08-27 09:00:00
2026-05-08,148668100,970,0,4.2012393656,-4.2012393656,-4.2012393656,0E-7,1,1,0.49324550000000000,0.493245500000,-0.9865810262130424,-0.9865810262130424,-0.9865810262130424,0E-17,ELIGIBLE,R03b_20260811_FULL_v1,L1_ELIGIBILITY,v2026-08-11,2026-03-21..2026-08-06,baccarat_bet02_101_all_pairs_incl_sentinel,round_win = game_pnl > 0 (decisive only),COMPATIBILITY_ONLY_NOT_PRODUCTION,461.9809,389.6320,-61.4764,72,72,0.13307140,,0.13307140,0.13307140,61.4764,461.9809,OK,0.0000,-2.4591,4.0000,96.0000,AG03-UNRESOLVED,ALL5_LEVELS_bet23_to_bet27,-2.4591,-2.4591,-2.4591,-2.4591,-2.4591,4.000000,4.000000,4.000000,4.000000,4.000000,96.000000,96.000000,96.000000,96.000000,96.000000,5.0,-12.2953,-11.3502,-49.1812,-50.1262,PENDING_AG03,FALSE,NOT_FOR_ENFORCEMENT,-59.0174,374.0467,-61.4764,-59.0174,-2.4591,-0.13307140,-0.12774854,-2.4591,-59.0174,-0.12774854,-2.4591,-2.4591,-2.4591,-2.4591,-2.4591,-59.0174,-0.12774854,-12.2953,-11.3502,-49.1812,-50.1262,-0.10645712,-0.10850278,-0.00532286,6.4164,5.4116,-0.8538,-6.8307,-1.2808,51.3312,8.0000,,6.4164,4.2165,5.6922,8.4025,10.5031,10.5031,13.83,5.0598,0.0,1.845161,2.429629,1.127219,25,32,4,2,0E-8,-0.13307140,,0E-8,0.000000,0.843394,0.027778,,2026-04-14,2026-05-26,9,48,45,43,0.209302,,,0.000000,,,,,,,,GLOBAL_BASELINE_NO_ENTITY_RANKING,,,NOT_APPLICABLE_GLOBAL_BASELINE,HF9g-P5,,,,X 全窗基线 · 不参与实体赏罚,3928726,393,A168_HF9F_20260827_0900,2026-08-27 09:00:00
2026-05-26,148668100,1947,0,8.1924167629,0E-10,0E-10,,1,1,0.50665070000000000,0.506650700000,,,,0E-17,NO_DECISIVE_ROUND,R03b_20260811_FULL_v1,L1_ELIGIBILITY,v2026-08-11,2026-03-21..2026-08-06,baccarat_bet02_101_all_pairs_incl_sentinel,round_win = game_pnl > 0 (decisive only),COMPATIBILITY_ONLY_NOT_PRODUCTION,461.9809,389.6320,-61.4764,72,72,0.13307140,,0.13307140,0.13307140,61.4764,461.9809,OK,0.0000,-2.4591,4.0000,96.0000,AG03-UNRESOLVED,ALL5_LEVELS_bet23_to_bet27,-2.4591,-2.4591,-2.4591,-2.4591,-2.4591,4.000000,4.000000,4.000000,4.000000,4.000000,96.000000,96.000000,96.000000,96.000000,96.000000,5.0,-12.2953,-11.3502,-49.1812,-50.1262,PENDING_AG03,FALSE,NOT_FOR_ENFORCEMENT,-59.0174,374.0467,-61.4764,-59.0174,-2.4591,-0.13307140,-0.12774854,-2.4591,-59.0174,-0.12774854,-2.4591,-2.4591,-2.4591,-2.4591,-2.4591,-59.0174,-0.12774854,-12.2953,-11.3502,-49.1812,-50.1262,-0.10645712,-0.10850278,-0.00532286,6.4164,5.4116,-0.8538,-6.8307,-1.2808,51.3312,8.0000,,6.4164,4.2165,5.6922,8.4025,10.5031,10.5031,13.83,5.0598,0.0,1.845161,2.429629,1.127219,25,32,4,2,0E-8,-0.13307140,,0E-8,0.000000,0.843394,0.027778,,2026-04-14,2026-05-26,9,48,45,43,0.209302,,,0.000000,,,,,,,,GLOBAL_BASELINE_NO_ENTITY_RANKING,,,NOT_APPLICABLE_GLOBAL_BASELINE,HF9g-P5,,,,X 全窗基线 · 不参与实体赏罚,3928727,393,A168_HF9F_20260827_0900,2026-08-27 09:00:00
2026-05-26,148668100,2256,0,8.1924167629,-8.1924167629,-8.1924167629,0E-7,1,1,0.50665070000000000,0.506650700000,-1.013391052207602,-1.013391052207602,-1.013391052207602,0E-17,ELIGIBLE,R03b_20260811_FULL_v1,L1_ELIGIBILITY,v2026-08-11,2026-03-21..2026-08-06,baccarat_bet02_101_all_pairs_incl_sentinel,round_win = game_pnl > 0 (decisive only),COMPATIBILITY_ONLY_NOT_PRODUCTION,461.9809,389.6320,-61.4764,72,72,0.13307140,,0.13307140,0.13307140,61.4764,461.9809,OK,0.0000,-2.4591,4.0000,96.0000,AG03-UNRESOLVED,ALL5_LEVELS_bet23_to_bet27,-2.4591,-2.4591,-2.4591,-2.4591,-2.4591,4.000000,4.000000,4.000000,4.000000,4.000000,96.000000,96.000000,96.000000,96.000000,96.000000,5.0,-12.2953,-11.3502,-49.1812,-50.1262,PENDING_AG03,FALSE,NOT_FOR_ENFORCEMENT,-59.0174,374.0467,-61.4764,-59.0174,-2.4591,-0.13307140,-0.12774854,-2.4591,-59.0174,-0.12774854,-2.4591,-2.4591,-2.4591,-2.4591,-2.4591,-59.0174,-0.12774854,-12.2953,-11.3502,-49.1812,-50.1262,-0.10645712,-0.10850278,-0.00532286,6.4164,5.4116,-0.8538,-6.8307,-1.2808,51.3312,8.0000,,6.4164,4.2165,5.6922,8.4025,10.5031,10.5031,13.83,5.0598,0.0,1.845161,2.429629,1.127219,25,32,4,2,0E-8,-0.13307140,,0E-8,0.000000,0.843394,0.027778,,2026-04-14,2026-05-26,9,48,45,43,0.209302,,,0.000000,,,,,,,,GLOBAL_BASELINE_NO_ENTITY_RANKING,,,NOT_APPLICABLE_GLOBAL_BASELINE,HF9g-P5,,,,X 全窗基线 · 不参与实体赏罚,3928728,393,A168_HF9F_20260827_0900,2026-08-27 09:00:00
2026-05-05,149094197,1330,0,256.8626433507,67.8480618544,67.8480618544,0.5263158,31,19,0.37123764736837618,0.339513831579,1.399130161151237,1.7194819638025924,1.399130161151237,0.03172381578937618,ELIGIBLE,R03b_20260811_FULL_v1,L1_ELIGIBILITY,v2026-08-11,2026-03-21..2026-08-06,baccarat_bet02_101_all_pairs_incl_sentinel,round_win = game_pnl > 0 (decisive only),COMPATIBILITY_ONLY_NOT_PRODUCTION,461.8338,448.8610,-60.8427,58,35,0.13174157,,0.13174157,0.13174157,60.8427,461.8338,OK,0.0000,-1.8253,3.0000,97.0000,AG03-UNRESOLVED,ALL5_LEVELS_bet23_to_bet27,-1.8253,-1.8253,-1.8253,-2.4337,-2.4337,3.000000,3.000000,3.000000,4.000000,4.000000,97.000000,97.000000,97.000000,96.000000,96.000000,5.0,-10.3433,-9.6667,-50.4995,-51.176,PENDING_AG03,FALSE,NOT_FOR_ENFORCEMENT,-59.0174,435.3952,-60.8427,-59.0174,-1.8253,-0.13174157,-0.12778933,-1.8253,-59.0174,-0.12778933,-1.8253,-1.8253,-1.8253,-2.4337,-2.4337,-59.0174,-0.12778933,-10.3433,-9.6667,-50.4995,-51.176,-0.10934551,-0.1108104,-0.00395225,7.9627,12.8246,-1.7384,-60.8427,-30.4214,461.8338,35.0000,,7.9627,5.1891,5.1891,12.9729,12.9729,12.9729,12.9729,5.1891,-5.1891,2.5,2.5,1.534483,2,4,1,5,0E-8,-0.13174157,,0E-8,0.000000,0.971910,0.000000,,2026-05-05,2026-05-05,1,2,2,1,1.000000,,,0.000000,,,,,,,,GLOBAL_BASELINE_NO_ENTITY_RANKING,,,NOT_APPLICABLE_GLOBAL_BASELINE,HF9g-P5,,,,X 全窗基线 · 不参与实体赏罚,3928729,393,A168_HF9F_20260827_0900,2026-08-27 09:00:00
2026-05-05,149094197,1994,0,28.5402937057,-28.5402937057,-28.5402937057,0E-7,4,3,0.36266658333333333,0.362666583333,-1.3065650979731493,-1.3065650979722072,-1.3065650979731493,3.3333E-13,ELIGIBLE,R03b_20260811_FULL_v1,L1_ELIGIBILITY,v2026-08-11,2026-03-21..2026-08-06,baccarat_bet02_101_all_pairs_incl_sentinel,round_win = game_pnl > 0 (decisive only),COMPATIBILITY_ONLY_NOT_PRODUCTION,461.8338,448.8610,-60.8427,58,35,0.13174157,,0.13174157,0.13174157,60.8427,461.8338,OK,0.0000,-1.8253,3.0000,97.0000,AG03-UNRESOLVED,ALL5_LEVELS_bet23_to_bet27,-1.8253,-1.8253,-1.8253,-2.4337,-2.4337,3.000000,3.000000,3.000000,4.000000,4.000000,97.000000,97.000000,97.000000,96.000000,96.000000,5.0,-10.3433,-9.6667,-50.4995,-51.176,PENDING_AG03,FALSE,NOT_FOR_ENFORCEMENT,-59.0174,435.3952,-60.8427,-59.0174,-1.8253,-0.13174157,-0.12778933,-1.8253,-59.0174,-0.12778933,-1.8253,-1.8253,-1.8253,-2.4337,-2.4337,-59.0174,-0.12778933,-10.3433,-9.6667,-50.4995,-51.176,-0.10934551,-0.1108104,-0.00395225,7.9627,12.8246,-1.7384,-60.8427,-30.4214,461.8338,35.0000,,7.9627,5.1891,5.1891,12.9729,12.9729,12.9729,12.9729,5.1891,-5.1891,2.5,2.5,1.534483,2,4,1,5,0E-8,-0.13174157,,0E-8,0.000000,0.971910,0.000000,,2026-05-05,2026-05-05,1,2,2,1,1.000000,,,0.000000,,,,,,,,GLOBAL_BASELINE_NO_ENTITY_RANKING,,,NOT_APPLICABLE_GLOBAL_BASELINE,HF9g-P5,,,,X 全窗基线 · 不参与实体赏罚,3928730,393,A168_HF9F_20260827_0900,2026-08-27 09:00:00
2026-05-05,149094197,2093,0,155.6743293037,22.0538633176,22.0538633176,0.4545455,21,11,0.37456535512232184,0.320960878788,0.548054202434178,0.9490284020935525,0.548054202434178,0.05360447633432184,ELIGIBLE,R03b_20260811_FULL_v1,L1_ELIGIBILITY,v2026-08-11,2026-03-21..2026-08-06,baccarat_bet02_101_all_pairs_incl_sentinel,round_win = game_pnl > 0 (decisive only),COMPATIBILITY_ONLY_NOT_PRODUCTION,461.8338,448.8610,-60.8427,58,35,0.13174157,,0.13174157,0.13174157,60.8427,461.8338,OK,0.0000,-1.8253,3.0000,97.0000,AG03-UNRESOLVED,ALL5_LEVELS_bet23_to_bet27,-1.8253,-1.8253,-1.8253,-2.4337,-2.4337,3.000000,3.000000,3.000000,4.000000,4.000000,97.000000,97.000000,97.000000,96.000000,96.000000,5.0,-10.3433,-9.6667,-50.4995,-51.176,PENDING_AG03,FALSE,NOT_FOR_ENFORCEMENT,-59.0174,435.3952,-60.8427,-59.0174,-1.8253,-0.13174157,-0.12778933,-1.8253,-59.0174,-0.12778933,-1.8253,-1.8253,-1.8253,-2.4337,-2.4337,-59.0174,-0.12778933,-10.3433,-9.6667,-50.4995,-51.176,-0.10934551,-0.1108104,-0.00395225,7.9627,12.8246,-1.7384,-60.8427,-30.4214,461.8338,35.0000,,7.9627,5.1891,5.1891,12.9729,12.9729,12.9729,12.9729,5.1891,-5.1891,2.5,2.5,1.534483,2,4,1,5,0E-8,-0.13174157,,0E-8,0.000000,0.971910,0.000000,,2026-05-05,2026-05-05,1,2,2,1,1.000000,,,0.000000,,,,,,,,GLOBAL_BASELINE_NO_ENTITY_RANKING,,,NOT_APPLICABLE_GLOBAL_BASELINE,HF9g-P5,,,,X 全窗基线 · 不参与实体赏罚,3928731,393,A168_HF9F_20260827_0900,2026-08-27 09:00:00
2026-05-05,149094197,2171,0,20.7565772404,-0.5189144310,-0.5189144310,0.5000000,2,2,0.50665070000000000,0.506650700000,-0.018812684590367487,-0.018812684590367487,-0.018812684590367487,0E-17,ELIGIBLE,R03b_20260811_FULL_v1,L1_ELIGIBILITY,v2026-08-11,2026-03-21..2026-08-06,baccarat_bet02_101_all_pairs_incl_sentinel,round_win = game_pnl > 0 (decisive only),COMPATIBILITY_ONLY_NOT_PRODUCTION,461.8338,448.8610,-60.8427,58,35,0.13174157,,0.13174157,0.13174157,60.8427,461.8338,OK,0.0000,-1.8253,3.0000,97.0000,AG03-UNRESOLVED,ALL5_LEVELS_bet23_to_bet27,-1.8253,-1.8253,-1.8253,-2.4337,-2.4337,3.000000,3.000000,3.000000,4.000000,4.000000,97.000000,97.000000,97.000000,96.000000,96.000000,5.0,-10.3433,-9.6667,-50.4995,-51.176,PENDING_AG03,FALSE,NOT_FOR_ENFORCEMENT,-59.0174,435.3952,-60.8427,-59.0174,-1.8253,-0.13174157,-0.12778933,-1.8253,-59.0174,-0.12778933,-1.8253,-1.8253,-1.8253,-2.4337,-2.4337,-59.0174,-0.12778933,-10.3433,-9.6667,-50.4995,-51.176,-0.10934551,-0.1108104,-0.00395225,7.9627,12.8246,-1.7384,-60.8427,-30.4214,461.8338,35.0000,,7.9627,5.1891,5.1891,12.9729,12.9729,12.9729,12.9729,5.1891,-5.1891,2.5,2.5,1.534483,2,4,1,5,0E-8,-0.13174157,,0E-8,0.000000,0.971910,0.000000,,2026-05-05,2026-05-05,1,2,2,1,1.000000,,,0.000000,,,,,,,,GLOBAL_BASELINE_NO_ENTITY_RANKING,,,NOT_APPLICABLE_GLOBAL_BASELINE,HF9g-P5,,,,X 全窗基线 · 不参与实体赏罚,3928732,393,A168_HF9F_20260827_0900,2026-08-27 09:00:00
2026-07-15,98581577,-1,1,47.8273310714,61.4192862691,61.7577566120,0.8000000,6,5,0.46870937750006095,0.458743310000,1.4844864867205811,1.5313683453488225,1.4844864867205811,0.00996606750006095,SENTINEL_DEALER,R03b_20260811_FULL_v1,L1_ELIGIBILITY,v2026-08-11,2026-03-21..2026-08-06,baccarat_bet02_101_all_pairs_incl_sentinel,round_win = game_pnl > 0 (decisive only),COMPATIBILITY_ONLY_NOT_PRODUCTION,47.8273,37.6078,-61.7578,6,5,1.29126496,1.29126496,,1.28418803,61.7578,47.8273,THIN_EXPOSURE,0.3385,-3.0879,5.0000,95.0000,AG03-UNRESOLVED,ALL5_LEVELS_bet23_to_bet27,-3.0879,-3.0879,-3.0879,-3.0879,-3.0879,5.000000,5.000000,5.000000,5.000000,5.000000,95.000000,95.000000,95.000000,95.000000,95.000000,5.0,-15.4394,-13.9708,-46.6568,-48.1254,PENDING_AG03,FALSE,NOT_FOR_ENFORCEMENT,-58.6699,35.7274,-62.0962,-59.0083,-3.4264,-1.29834188,-1.23377863,-3.0879,-59.0083,-1.23377863,-3.0879,-3.0879,-3.0879,-3.0879,-3.0879,-59.0083,-1.23377863,-15.4394,-13.9708,-46.6568,-48.1254,-0.97552564,-1.00623313,-0.07164017,7.9712,7.5216,-12.3516,-61.7578,-30.8789,47.8273,5.0000,7.9712,,6.1317,7.9712,9.402,10.1378,10.2195,10.2195,6.9493,6.8585,1.282051,1.282051,1.0,2,1,1,3,1.00000000,-1.29126496,-1.29126496,0.00900000,0.900000,0.786325,0.000000,,2026-07-15,2026-07-15,1,2,2,1,1.000000,,1.000000,3.333333,,,,,,,,GLOBAL_BASELINE_NO_ENTITY_RANKING,,,NOT_APPLICABLE_GLOBAL_BASELINE,HF9g-P5,,,,X 全窗基线 · 不参与实体赏罚,3928733,393,A168_HF9F_20260827_0900,2026-08-27 09:00:00
2026-04-16,148769065,1384,0,10.4703819072,10.4703819072,10.4703819072,1.0000000,1,1,0.49324550000000000,0.493245500000,1.01360149184955,1.01360149184955,1.01360149184955,0E-17,ELIGIBLE,R03b_20260811_FULL_v1,L1_ELIGIBILITY,v2026-08-11,2026-03-21..2026-08-06,baccarat_bet02_101_all_pairs_incl_sentinel,round_win = game_pnl > 0 (decisive only),COMPATIBILITY_ONLY_NOT_PRODUCTION,66.4869,61.7753,-60.8329,6,6,0.91496063,,0.91496063,0.91496063,60.8329,66.4869,THIN_EXPOSURE,0.0000,-1.8250,3.0000,97.0000,AG03-UNRESOLVED,ALL5_LEVELS_bet23_to_bet27,-1.8250,-1.8250,-1.8250,-2.4333,-2.4333,3.000000,3.000000,3.000000,4.000000,4.000000,97.000000,97.000000,97.000000,96.000000,96.000000,5.0,-10.3416,-9.6652,-50.4913,-51.1678,PENDING_AG03,FALSE,NOT_FOR_ENFORCEMENT,-59.0079,59.9220,-60.8329,-59.0079,-1.8250,-0.91496063,-0.88751181,-1.8250,-59.0079,-0.88751181,-1.8250,-1.8250,-1.8250,-2.4333,-2.4333,-59.0079,-0.88751181,-10.3416,-9.6652,-50.4913,-51.1678,-0.75941732,-0.76959117,-0.02744882,11.0812,10.2959,-10.1388,-60.8329,-30.4165,66.4869,6.0000,,11.0812,4.7117,9.9469,18.3232,18.7943,18.8467,18.8467,9.9469,9.9469,1.894737,1.894737,1.114035,2,3,1,2,0E-8,-0.91496063,,0E-8,0.000000,0.929134,0.000000,,2026-04-16,2026-04-16,1,2,2,1,1.000000,,,0.000000,,,,,,,,GLOBAL_BASELINE_NO_ENTITY_RANKING,,,NOT_APPLICABLE_GLOBAL_BASELINE,HF9g-P5,,,,X 全窗基线 · 不参与实体赏罚,3928734,393,A168_HF9F_20260827_0900,2026-08-27 09:00:00
2026-04-16,148769065,2177,0,9.4233437164,4.7116718582,4.7116718582,1.0000000,2,2,0.49324550000000000,0.493245500000,1.01360149184955,1.01360149184955,1.01360149184955,0E-17,ELIGIBLE,R03b_20260811_FULL_v1,L1_ELIGIBILITY,v2026-08-11,2026-03-21..2026-08-06,baccarat_bet02_101_all_pairs_incl_sentinel,round_win = game_pnl > 0 (decisive only),COMPATIBILITY_ONLY_NOT_PRODUCTION,66.4869,61.7753,-60.8329,6,6,0.91496063,,0.91496063,0.91496063,60.8329,66.4869,THIN_EXPOSURE,0.0000,-1.8250,3.0000,97.0000,AG03-UNRESOLVED,ALL5_LEVELS_bet23_to_bet27,-1.8250,-1.8250,-1.8250,-2.4333,-2.4333,3.000000,3.000000,3.000000,4.000000,4.000000,97.000000,97.000000,97.000000,96.000000,96.000000,5.0,-10.3416,-9.6652,-50.4913,-51.1678,PENDING_AG03,FALSE,NOT_FOR_ENFORCEMENT,-59.0079,59.9220,-60.8329,-59.0079,-1.8250,-0.91496063,-0.88751181,-1.8250,-59.0079,-0.88751181,-1.8250,-1.8250,-1.8250,-2.4333,-2.4333,-59.0079,-0.88751181,-10.3416,-9.6652,-50.4913,-51.1678,-0.75941732,-0.76959117,-0.02744882,11.0812,10.2959,-10.1388,-60.8329,-30.4165,66.4869,6.0000,,11.0812,4.7117,9.9469,18.3232,18.7943,18.8467,18.8467,9.9469,9.9469,1.894737,1.894737,1.114035,2,3,1,2,0E-8,-0.91496063,,0E-8,0.000000,0.929134,0.000000,,2026-04-16,2026-04-16,1,2,2,1,1.000000,,,0.000000,,,,,,,,GLOBAL_BASELINE_NO_ENTITY_RANKING,,,NOT_APPLICABLE_GLOBAL_BASELINE,HF9g-P5,,,,X 全窗基线 · 不参与实体赏罚,3928735,393,A168_HF9F_20260827_0900,2026-08-27 09:00:00
2026-04-16,148769065,2233,0,46.5931994870,45.6508651154,45.6508651154,1.0000000,3,3,0.49771390000000000,0.497713900000,1.739988277604938,1.739988277604938,1.739988277604938,0E-17,ELIGIBLE,R03b_20260811_FULL_v1,L1_ELIGIBILITY,v2026-08-11,2026-03-21..2026-08-06,baccarat_bet02_101_all_pairs_incl_sentinel,round_win = game_pnl > 0 (decisive only),COMPATIBILITY_ONLY_NOT_PRODUCTION,66.4869,61.7753,-60.8329,6,6,0.91496063,,0.91496063,0.91496063,60.8329,66.4869,THIN_EXPOSURE,0.0000,-1.8250,3.0000,97.0000,AG03-UNRESOLVED,ALL5_LEVELS_bet23_to_bet27,-1.8250,-1.8250,-1.8250,-2.4333,-2.4333,3.000000,3.000000,3.000000,4.000000,4.000000,97.000000,97.000000,97.000000,96.000000,96.000000,5.0,-10.3416,-9.6652,-50.4913,-51.1678,PENDING_AG03,FALSE,NOT_FOR_ENFORCEMENT,-59.0079,59.9220,-60.8329,-59.0079,-1.8250,-0.91496063,-0.88751181,-1.8250,-59.0079,-0.88751181,-1.8250,-1.8250,-1.8250,-2.4333,-2.4333,-59.0079,-0.88751181,-10.3416,-9.6652,-50.4913,-51.1678,-0.75941732,-0.76959117,-0.02744882,11.0812,10.2959,-10.1388,-60.8329,-30.4165,66.4869,6.0000,,11.0812,4.7117,9.9469,18.3232,18.7943,18.8467,18.8467,9.9469,9.9469,1.894737,1.894737,1.114035,2,3,1,2,0E-8,-0.91496063,,0E-8,0.000000,0.929134,0.000000,,2026-04-16,2026-04-16,1,2,2,1,1.000000,,,0.000000,,,,,,,,GLOBAL_BASELINE_NO_ENTITY_RANKING,,,NOT_APPLICABLE_GLOBAL_BASELINE,HF9g-P5,,,,X 全窗基线 · 不参与实体赏罚,3928736,393,A168_HF9F_20260827_0900,2026-08-27 09:00:00
2026-05-06,129552397,1004,0,16.3458045768,10.6377458357,10.6377458357,1.0000000,2,2,0.49994810000000000,0.499948100000,1.0001038053877793,1.0001038053877793,1.0001038053877793,0E-17,ELIGIBLE,R03b_20260811_FULL_v1,L1_ELIGIBILITY,v2026-08-11,2026-03-21..2026-08-06,baccarat_bet02_101_all_pairs_incl_sentinel,round_win = game_pnl > 0 (decisive only),COMPATIBILITY_ONLY_NOT_PRODUCTION,90.5506,74.2048,-61.4654,13,13,0.67879656,,0.67879656,0.67879656,61.4654,90.5506,THIN_EXPOSURE,0.0000,-2.4586,4.0000,96.0000,AG03-UNRESOLVED,ALL5_LEVELS_bet23_to_bet27,-2.4586,-2.4586,-2.4586,-3.0733,-3.0733,4.000000,4.000000,4.000000,5.000000,5.000000,96.000000,96.000000,96.000000,95.000000,95.000000,5.0,-13.5224,-12.3869,-47.9430,-49.0786,PENDING_AG03,FALSE,NOT_FOR_ENFORCEMENT,-59.0068,71.2366,-61.4654,-59.0068,-2.4586,-0.67879656,-0.65164470,-2.4586,-59.0068,-0.65164470,-2.4586,-2.4586,-2.4586,-3.0733,-3.0733,-59.0068,-0.65164470,-13.5224,-12.3869,-47.9430,-49.0786,-0.52946132,-0.54200157,-0.02715186,6.9654,5.7081,-4.7281,-61.4654,-20.4885,90.5506,13.0000,,6.9654,5.3837,5.7081,9.2107,10.7415,11.0788,11.1567,5.7081,5.4227,1.940909,1.954545,1.22028,2,4,2,2,0E-8,-0.67879656,,0E-8,0.000000,0.819484,0.000000,,2026-05-06,2026-05-06,1,3,2,1,1.000000,,,0.000000,,,,,,,,GLOBAL_BASELINE_NO_ENTITY_RANKING,,,NOT_APPLICABLE_GLOBAL_BASELINE,HF9g-P5,,,,X 全窗基线 · 不参与实体赏罚,3928737,393,A168_HF9F_20260827_0900,2026-08-27 09:00:00
2026-05-06,129552397,1017,0,34.7672668776,28.7219137564,28.7219137564,1.0000000,5,5,0.50128862000000000,0.501288620000,1.9948521450805654,1.9948521450805654,1.9948521450805654,0E-17,ELIGIBLE,R03b_20260811_FULL_v1,L1_ELIGIBILITY,v2026-08-11,2026-03-21..2026-08-06,baccarat_bet02_101_all_pairs_incl_sentinel,round_win = game_pnl > 0 (decisive only),COMPATIBILITY_ONLY_NOT_PRODUCTION,90.5506,74.2048,-61.4654,13,13,0.67879656,,0.67879656,0.67879656,61.4654,90.5506,THIN_EXPOSURE,0.0000,-2.4586,4.0000,96.0000,AG03-UNRESOLVED,ALL5_LEVELS_bet23_to_bet27,-2.4586,-2.4586,-2.4586,-3.0733,-3.0733,4.000000,4.000000,4.000000,5.000000,5.000000,96.000000,96.000000,96.000000,95.000000,95.000000,5.0,-13.5224,-12.3869,-47.9430,-49.0786,PENDING_AG03,FALSE,NOT_FOR_ENFORCEMENT,-59.0068,71.2366,-61.4654,-59.0068,-2.4586,-0.67879656,-0.65164470,-2.4586,-59.0068,-0.65164470,-2.4586,-2.4586,-2.4586,-3.0733,-3.0733,-59.0068,-0.65164470,-13.5224,-12.3869,-47.9430,-49.0786,-0.52946132,-0.54200157,-0.02715186,6.9654,5.7081,-4.7281,-61.4654,-20.4885,90.5506,13.0000,,6.9654,5.3837,5.7081,9.2107,10.7415,11.0788,11.1567,5.7081,5.4227,1.940909,1.954545,1.22028,2,4,2,2,0E-8,-0.67879656,,0E-8,0.000000,0.819484,0.000000,,2026-05-06,2026-05-06,1,3,2,1,1.000000,,,0.000000,,,,,,,,GLOBAL_BASELINE_NO_ENTITY_RANKING,,,NOT_APPLICABLE_GLOBAL_BASELINE,HF9g-P5,,,,X 全窗基线 · 不参与实体赏罚,3928738,393,A168_HF9F_20260827_0900,2026-08-27 09:00:00
2026-05-06,129552397,1109,0,13.7512324218,-2.7372736236,-2.7372736236,0.5000000,3,3,0.50665070000000000,0.506650700000,-0.018812684590367487,-0.018812684590367487,-0.018812684590367487,0E-17,ELIGIBLE,R03b_20260811_FULL_v1,L1_ELIGIBILITY,v2026-08-11,2026-03-21..2026-08-06,baccarat_bet02_101_all_pairs_incl_sentinel,round_win = game_pnl > 0 (decisive only),COMPATIBILITY_ONLY_NOT_PRODUCTION,90.5506,74.2048,-61.4654,13,13,0.67879656,,0.67879656,0.67879656,61.4654,90.5506,THIN_EXPOSURE,0.0000,-2.4586,4.0000,96.0000,AG03-UNRESOLVED,ALL5_LEVELS_bet23_to_bet27,-2.4586,-2.4586,-2.4586,-3.0733,-3.0733,4.000000,4.000000,4.000000,5.000000,5.000000,96.000000,96.000000,96.000000,95.000000,95.000000,5.0,-13.5224,-12.3869,-47.9430,-49.0786,PENDING_AG03,FALSE,NOT_FOR_ENFORCEMENT,-59.0068,71.2366,-61.4654,-59.0068,-2.4586,-0.67879656,-0.65164470,-2.4586,-59.0068,-0.65164470,-2.4586,-2.4586,-2.4586,-3.0733,-3.0733,-59.0068,-0.65164470,-13.5224,-12.3869,-47.9430,-49.0786,-0.52946132,-0.54200157,-0.02715186,6.9654,5.7081,-4.7281,-61.4654,-20.4885,90.5506,13.0000,,6.9654,5.3837,5.7081,9.2107,10.7415,11.0788,11.1567,5.7081,5.4227,1.940909,1.954545,1.22028,2,4,2,2,0E-8,-0.67879656,,0E-8,0.000000,0.819484,0.000000,,2026-05-06,2026-05-06,1,3,2,1,1.000000,,,0.000000,,,,,,,,GLOBAL_BASELINE_NO_ENTITY_RANKING,,,NOT_APPLICABLE_GLOBAL_BASELINE,HF9g-P5,,,,X 全窗基线 · 不参与实体赏罚,3928739,393,A168_HF9F_20260827_0900,2026-08-27 09:00:00
2026-05-06,129552397,2147,0,25.6862643350,24.8430283847,24.8430283847,1.0000000,3,3,0.50218230000000000,0.502182300000,1.724507524396475,1.7245075243964754,1.724507524396475,0E-17,ELIGIBLE,R03b_20260811_FULL_v1,L1_ELIGIBILITY,v2026-08-11,2026-03-21..2026-08-06,baccarat_bet02_101_all_pairs_incl_sentinel,round_win = game_pnl > 0 (decisive only),COMPATIBILITY_ONLY_NOT_PRODUCTION,90.5506,74.2048,-61.4654,13,13,0.67879656,,0.67879656,0.67879656,61.4654,90.5506,THIN_EXPOSURE,0.0000,-2.4586,4.0000,96.0000,AG03-UNRESOLVED,ALL5_LEVELS_bet23_to_bet27,-2.4586,-2.4586,-2.4586,-3.0733,-3.0733,4.000000,4.000000,4.000000,5.000000,5.000000,96.000000,96.000000,96.000000,95.000000,95.000000,5.0,-13.5224,-12.3869,-47.9430,-49.0786,PENDING_AG03,FALSE,NOT_FOR_ENFORCEMENT,-59.0068,71.2366,-61.4654,-59.0068,-2.4586,-0.67879656,-0.65164470,-2.4586,-59.0068,-0.65164470,-2.4586,-2.4586,-2.4586,-3.0733,-3.0733,-59.0068,-0.65164470,-13.5224,-12.3869,-47.9430,-49.0786,-0.52946132,-0.54200157,-0.02715186,6.9654,5.7081,-4.7281,-61.4654,-20.4885,90.5506,13.0000,,6.9654,5.3837,5.7081,9.2107,10.7415,11.0788,11.1567,5.7081,5.4227,1.940909,1.954545,1.22028,2,4,2,2,0E-8,-0.67879656,,0E-8,0.000000,0.819484,0.000000,,2026-05-06,2026-05-06,1,3,2,1,1.000000,,,0.000000,,,,,,,,GLOBAL_BASELINE_NO_ENTITY_RANKING,,,NOT_APPLICABLE_GLOBAL_BASELINE,HF9g-P5,,,,X 全窗基线 · 不参与实体赏罚,3928740,393,A168_HF9F_20260827_0900,2026-08-27 09:00:00
2026-03-24,134110025,2233,0,91.3372656042,128.8075534820,128.8075534820,1.0000000,12,4,0.36881062928587483,0.275164566667,2.6164239715041147,3.24603687573019,2.6164239715041147,0.09364606261887483,ELIGIBLE,R03b_20260811_FULL_v1,L1_ELIGIBILITY,v2026-08-11,2026-03-21..2026-08-06,baccarat_bet02_101_all_pairs_incl_sentinel,round_win = game_pnl > 0 (decisive only),COMPATIBILITY_ONLY_NOT_PRODUCTION,158.6847,141.0776,-61.4601,20,6,0.38730929,,0.38730929,0.38730929,61.4601,158.6847,THIN_EXPOSURE,0.0000,-2.4584,4.0000,96.0000,AG03-UNRESOLVED,ALL5_LEVELS_bet23_to_bet27,-2.4584,-2.4584,-2.4584,-4.3022,-4.3022,4.000000,4.000000,4.000000,7.000000,7.000000,96.000000,96.000000,96.000000,93.000000,93.000000,5.0,-15.9796,-14.4303,-45.4805,-47.0298,PENDING_AG03,FALSE,NOT_FOR_ENFORCEMENT,-59.0017,135.4345,-61.4601,-59.0017,-2.4584,-0.38730929,-0.37181692,-2.4584,-59.0017,-0.37181692,-2.4584,-2.4584,-2.4584,-4.3022,-4.3022,-59.0017,-0.37181692,-15.9796,-14.4303,-45.4805,-47.0298,-0.28660888,-0.29637223,-0.01549237,7.9342,23.5129,-10.2433,-30.7300,-30.7300,79.3424,3.0000,,7.9342,2.2009,4.4018,11.0045,19.2579,26.5208,32.1331,4.4018,-2.2009,6.025,7.3,1.8025,2,2,2,5,0E-8,-0.38730929,,0E-8,0.000000,0.889043,0.000000,,2026-03-24,2026-03-26,2,2,2,3,0.666667,,,0.000000,,,,,,,,GLOBAL_BASELINE_NO_ENTITY_RANKING,,,NOT_APPLICABLE_GLOBAL_BASELINE,HF9g-P5,,,,X 全窗基线 · 不参与实体赏罚,3928741,393,A168_HF9F_20260827_0900,2026-08-27 09:00:00
2026-03-26,134110025,-1,1,67.3474777710,-67.3474777710,-67.3474777710,0E-7,8,2,0.38816079825247165,0.189762393334,-1.1264247496605395,-0.6844061036538935,-1.1264247496605395,0.19839840491847165,SENTINEL_DEALER,R03b_20260811_FULL_v1,L1_ELIGIBILITY,v2026-08-11,2026-03-21..2026-08-06,baccarat_bet02_101_all_pairs_incl_sentinel,round_win = game_pnl > 0 (decisive only),COMPATIBILITY_ONLY_NOT_PRODUCTION,158.6847,141.0776,-61.4601,20,6,0.38730929,,0.38730929,0.38730929,61.4601,158.6847,THIN_EXPOSURE,0.0000,-2.4584,4.0000,96.0000,AG03-UNRESOLVED,ALL5_LEVELS_bet23_to_bet27,-2.4584,-2.4584,-2.4584,-4.3022,-4.3022,4.000000,4.000000,4.000000,7.000000,7.000000,96.000000,96.000000,96.000000,93.000000,93.000000,5.0,-15.9796,-14.4303,-45.4805,-47.0298,PENDING_AG03,FALSE,NOT_FOR_ENFORCEMENT,-59.0017,135.4345,-61.4601,-59.0017,-2.4584,-0.38730929,-0.37181692,-2.4584,-59.0017,-0.37181692,-2.4584,-2.4584,-2.4584,-4.3022,-4.3022,-59.0017,-0.37181692,-15.9796,-14.4303,-45.4805,-47.0298,-0.28660888,-0.29637223,-0.01549237,7.9342,23.5129,-10.2433,-30.7300,-30.7300,79.3424,3.0000,,7.9342,2.2009,4.4018,11.0045,19.2579,26.5208,32.1331,4.4018,-2.2009,6.025,7.3,1.8025,2,2,2,5,0E-8,-0.38730929,,0E-8,0.000000,0.889043,0.000000,,2026-03-24,2026-03-26,2,2,2,3,0.666667,,,0.000000,,,,,,,,GLOBAL_BASELINE_NO_ENTITY_RANKING,,,NOT_APPLICABLE_GLOBAL_BASELINE,HF9g-P5,,,,X 全窗基线 · 不参与实体赏罚,3928742,393,A168_HF9F_20260827_0900,2026-08-27 09:00:00
2026-03-24,147730705,1491,0,52.1368196540,52.1368196540,52.1368196540,1.0000000,2,2,0.49324550000000000,0.493245500000,1.4334489766152358,1.4334489766152358,1.4334489766152358,0E-17,ELIGIBLE,R03b_20260811_FULL_v1,L1_ELIGIBILITY,v2026-08-11,2026-03-21..2026-08-06,baccarat_bet02_101_all_pairs_incl_sentinel,round_win = game_pnl > 0 (decisive only),COMPATIBILITY_ONLY_NOT_PRODUCTION,60.8263,60.8263,-60.8263,3,3,1.00000000,,1.00000000,1.00000000,60.8263,60.8263,THIN_EXPOSURE,0.0000,-1.8248,3.0000,97.0000,AG03-UNRESOLVED,ALL5_LEVELS_bet23_to_bet27,-1.8248,-1.8248,-1.8248,-2.4331,-2.4331,3.000000,3.000000,3.000000,4.000000,4.000000,97.000000,97.000000,97.000000,96.000000,96.000000,5.0,-10.3405,-9.6641,-50.4858,-51.1622,PENDING_AG03,FALSE,NOT_FOR_ENFORCEMENT,-59.0015,59.0015,-60.8263,-59.0015,-1.8248,-1.00000000,-0.97000000,-1.8248,-59.0015,-0.97000000,-1.8248,-1.8248,-1.8248,-2.4331,-2.4331,-59.0015,-0.97000000,-10.3405,-9.6641,-50.4858,-51.1622,-0.83000000,-0.84111944,-0.03000000,20.2754,20.2754,-20.2754,-60.8263,-30.4131,60.8263,3.0000,,20.2754,10.8618,17.3789,30.4131,34.7579,34.7579,34.7579,17.3789,17.3789,2.0,2.0,1.166667,2,2,1,1,0E-8,-1.00000000,,0E-8,0.000000,1.000000,0.000000,,2026-03-24,2026-03-24,1,2,2,1,1.000000,,,0.000000,,,,,,,,GLOBAL_BASELINE_NO_ENTITY_RANKING,,,NOT_APPLICABLE_GLOBAL_BASELINE,HF9g-P5,,,,X 全窗基线 · 不参与实体赏罚,3928743,393,A168_HF9F_20260827_0900,2026-08-27 09:00:00
2026-03-24,147730705,2248,0,8.6894699423,8.6894699423,8.6894699423,1.0000000,1,1,0.49324550000000000,0.493245500000,1.01360149184955,1.01360149184955,1.01360149184955,0E-17,ELIGIBLE,R03b_20260811_FULL_v1,L1_ELIGIBILITY,v2026-08-11,2026-03-21..2026-08-06,baccarat_bet02_101_all_pairs_incl_sentinel,round_win = game_pnl > 0 (decisive only),COMPATIBILITY_ONLY_NOT_PRODUCTION,60.8263,60.8263,-60.8263,3,3,1.00000000,,1.00000000,1.00000000,60.8263,60.8263,THIN_EXPOSURE,0.0000,-1.8248,3.0000,97.0000,AG03-UNRESOLVED,ALL5_LEVELS_bet23_to_bet27,-1.8248,-1.8248,-1.8248,-2.4331,-2.4331,3.000000,3.000000,3.000000,4.000000,4.000000,97.000000,97.000000,97.000000,96.000000,96.000000,5.0,-10.3405,-9.6641,-50.4858,-51.1622,PENDING_AG03,FALSE,NOT_FOR_ENFORCEMENT,-59.0015,59.0015,-60.8263,-59.0015,-1.8248,-1.00000000,-0.97000000,-1.8248,-59.0015,-0.97000000,-1.8248,-1.8248,-1.8248,-2.4331,-2.4331,-59.0015,-0.97000000,-10.3405,-9.6641,-50.4858,-51.1622,-0.83000000,-0.84111944,-0.03000000,20.2754,20.2754,-20.2754,-60.8263,-30.4131,60.8263,3.0000,,20.2754,10.8618,17.3789,30.4131,34.7579,34.7579,34.7579,17.3789,17.3789,2.0,2.0,1.166667,2,2,1,1,0E-8,-1.00000000,,0E-8,0.000000,1.000000,0.000000,,2026-03-24,2026-03-24,1,2,2,1,1.000000,,,0.000000,,,,,,,,GLOBAL_BASELINE_NO_ENTITY_RANKING,,,NOT_APPLICABLE_GLOBAL_BASELINE,HF9g-P5,,,,X 全窗基线 · 不参与实体赏罚,3928744,393,A168_HF9F_20260827_0900,2026-08-27 09:00:00
2026-03-22,147632818,1017,0,60.5629723254,-7.8995181294,-7.8995181294,0.5000000,5,2,0.43874815643939394,0.248075941667,0.17456116025883406,0.8249076423448282,0.17456116025883406,0.19067221477239394,ELIGIBLE,R03b_20260811_FULL_v1,L1_ELIGIBILITY,v2026-08-11,2026-03-21..2026-08-06,baccarat_bet02_101_all_pairs_incl_sentinel,round_win = game_pnl > 0 (decisive only),COMPATIBILITY_ONLY_NOT_PRODUCTION,961.1080,811.0172,-60.8263,98,64,0.06328767,,0.06328767,0.06328767,60.8263,961.1080,OK,0.0000,-1.8248,3.0000,97.0000,AG03-UNRESOLVED,ALL5_LEVELS_bet23_to_bet27,-1.8248,-1.8248,-1.8248,-2.4331,-2.4331,3.000000,3.000000,3.000000,4.000000,4.000000,97.000000,97.000000,97.000000,96.000000,96.000000,5.0,-10.3405,-9.6641,-50.4858,-51.1622,PENDING_AG03,FALSE,NOT_FOR_ENFORCEMENT,-59.0015,786.6867,-60.8263,-59.0015,-1.8248,-0.06328767,-0.06138904,-1.8248,-59.0015,-0.06138904,-1.8248,-1.8248,-1.8248,-2.4331,-2.4331,-59.0015,-0.06138904,-10.3405,-9.6641,-50.4858,-51.1622,-0.05252877,-0.05323249,-0.00189863,9.8072,12.6721,-0.9504,-60.8263,-4.3447,961.1080,64.0000,,9.8072,2.6332,5.2663,13.1659,26.3317,26.3317,33.178,2.6332,-2.6332,5.0,6.30001,1.862245,12,14,1,6,0E-8,-0.06328767,,0E-8,0.000000,0.843836,0.000000,,2026-03-22,2026-03-22,1,14,12,1,1.000000,,,0.000000,,,,,,,,GLOBAL_BASELINE_NO_ENTITY_RANKING,,,NOT_APPLICABLE_GLOBAL_BASELINE,HF9g-P5,,,,X 全窗基线 · 不参与实体赏罚,3928745,393,A168_HF9F_20260827_0900,2026-08-27 09:00:00
2026-03-22,147632818,1078,0,2.6331727098,-2.6331727098,-2.6331727098,0E-7,1,1,0.49324550000000000,0.493245500000,-0.9865810262130424,-0.9865810262130424,-0.9865810262130424,0E-17,ELIGIBLE,R03b_20260811_FULL_v1,L1_ELIGIBILITY,v2026-08-11,2026-03-21..2026-08-06,baccarat_bet02_101_all_pairs_incl_sentinel,round_win = game_pnl > 0 (decisive only),COMPATIBILITY_ONLY_NOT_PRODUCTION,961.1080,811.0172,-60.8263,98,64,0.06328767,,0.06328767,0.06328767,60.8263,961.1080,OK,0.0000,-1.8248,3.0000,97.0000,AG03-UNRESOLVED,ALL5_LEVELS_bet23_to_bet27,-1.8248,-1.8248,-1.8248,-2.4331,-2.4331,3.000000,3.000000,3.000000,4.000000,4.000000,97.000000,97.000000,97.000000,96.000000,96.000000,5.0,-10.3405,-9.6641,-50.4858,-51.1622,PENDING_AG03,FALSE,NOT_FOR_ENFORCEMENT,-59.0015,786.6867,-60.8263,-59.0015,-1.8248,-0.06328767,-0.06138904,-1.8248,-59.0015,-0.06138904,-1.8248,-1.8248,-1.8248,-2.4331,-2.4331,-59.0015,-0.06138904,-10.3405,-9.6641,-50.4858,-51.1622,-0.05252877,-0.05323249,-0.00189863,9.8072,12.6721,-0.9504,-60.8263,-4.3447,961.1080,64.0000,,9.8072,2.6332,5.2663,13.1659,26.3317,26.3317,33.178,2.6332,-2.6332,5.0,6.30001,1.862245,12,14,1,6,0E-8,-0.06328767,,0E-8,0.000000,0.843836,0.000000,,2026-03-22,2026-03-22,1,14,12,1,1.000000,,,0.000000,,,,,,,,GLOBAL_BASELINE_NO_ENTITY_RANKING,,,NOT_APPLICABLE_GLOBAL_BASELINE,HF9g-P5,,,,X 全窗基线 · 不参与实体赏罚,3928746,393,A168_HF9F_20260827_0900,2026-08-27 09:00:00
2026-03-22,147632818,1105,0,36.8644179372,-23.6985543882,-23.6985543882,0E-7,6,4,0.24941080833333334,0.170342375000,-1.1528862974328224,-0.9062372099011861,-1.1528862974328224,0.07906843333333334,ELIGIBLE,R03b_20260811_FULL_v1,L1_ELIGIBILITY,v2026-08-11,2026-03-21..2026-08-06,baccarat_bet02_101_all_pairs_incl_sentinel,round_win = game_pnl > 0 (decisive only),COMPATIBILITY_ONLY_NOT_PRODUCTION,961.1080,811.0172,-60.8263,98,64,0.06328767,,0.06328767,0.06328767,60.8263,961.1080,OK,0.0000,-1.8248,3.0000,97.0000,AG03-UNRESOLVED,ALL5_LEVELS_bet23_to_bet27,-1.8248,-1.8248,-1.8248,-2.4331,-2.4331,3.000000,3.000000,3.000000,4.000000,4.000000,97.000000,97.000000,97.000000,96.000000,96.000000,5.0,-10.3405,-9.6641,-50.4858,-51.1622,PENDING_AG03,FALSE,NOT_FOR_ENFORCEMENT,-59.0015,786.6867,-60.8263,-59.0015,-1.8248,-0.06328767,-0.06138904,-1.8248,-59.0015,-0.06138904,-1.8248,-1.8248,-1.8248,-2.4331,-2.4331,-59.0015,-0.06138904,-10.3405,-9.6641,-50.4858,-51.1622,-0.05252877,-0.05323249,-0.00189863,9.8072,12.6721,-0.9504,-60.8263,-4.3447,961.1080,64.0000,,9.8072,2.6332,5.2663,13.1659,26.3317,26.3317,33.178,2.6332,-2.6332,5.0,6.30001,1.862245,12,14,1,6,0E-8,-0.06328767,,0E-8,0.000000,0.843836,0.000000,,2026-03-22,2026-03-22,1,14,12,1,1.000000,,,0.000000,,,,,,,,GLOBAL_BASELINE_NO_ENTITY_RANKING,,,NOT_APPLICABLE_GLOBAL_BASELINE,HF9g-P5,,,,X 全窗基线 · 不参与实体赏罚,3928747,393,A168_HF9F_20260827_0900,2026-08-27 09:00:00
2026-03-22,147632818,1346,0,2.6331727098,-2.6331727098,-2.6331727098,0E-7,1,1,0.49324550000000000,0.493245500000,-0.9865810262130424,-0.9865810262130424,-0.9865810262130424,0E-17,ELIGIBLE,R03b_20260811_FULL_v1,L1_ELIGIBILITY,v2026-08-11,2026-03-21..2026-08-06,baccarat_bet02_101_all_pairs_incl_sentinel,round_win = game_pnl > 0 (decisive only),COMPATIBILITY_ONLY_NOT_PRODUCTION,961.1080,811.0172,-60.8263,98,64,0.06328767,,0.06328767,0.06328767,60.8263,961.1080,OK,0.0000,-1.8248,3.0000,97.0000,AG03-UNRESOLVED,ALL5_LEVELS_bet23_to_bet27,-1.8248,-1.8248,-1.8248,-2.4331,-2.4331,3.000000,3.000000,3.000000,4.000000,4.000000,97.000000,97.000000,97.000000,96.000000,96.000000,5.0,-10.3405,-9.6641,-50.4858,-51.1622,PENDING_AG03,FALSE,NOT_FOR_ENFORCEMENT,-59.0015,786.6867,-60.8263,-59.0015,-1.8248,-0.06328767,-0.06138904,-1.8248,-59.0015,-0.06138904,-1.8248,-1.8248,-1.8248,-2.4331,-2.4331,-59.0015,-0.06138904,-10.3405,-9.6641,-50.4858,-51.1622,-0.05252877,-0.05323249,-0.00189863,9.8072,12.6721,-0.9504,-60.8263,-4.3447,961.1080,64.0000,,9.8072,2.6332,5.2663,13.1659,26.3317,26.3317,33.178,2.6332,-2.6332,5.0,6.30001,1.862245,12,14,1,6,0E-8,-0.06328767,,0E-8,0.000000,0.843836,0.000000,,2026-03-22,2026-03-22,1,14,12,1,1.000000,,,0.000000,,,,,,,,GLOBAL_BASELINE_NO_ENTITY_RANKING,,,NOT_APPLICABLE_GLOBAL_BASELINE,HF9g-P5,,,,X 全窗基线 · 不参与实体赏罚,3928748,393,A168_HF9F_20260827_0900,2026-08-27 09:00:00
2026-03-22,147632818,1363,0,252.7845801408,52.6634541960,52.6634541960,0.4666667,24,15,0.32165777275058275,0.241015946667,1.202316529053277,2.0433517699244494,1.202316529053277,0.08064182608358275,ELIGIBLE,R03b_20260811_FULL_v1,L1_ELIGIBILITY,v2026-08-11,2026-03-21..2026-08-06,baccarat_bet02_101_all_pairs_incl_sentinel,round_win = game_pnl > 0 (decisive only),COMPATIBILITY_ONLY_NOT_PRODUCTION,961.1080,811.0172,-60.8263,98,64,0.06328767,,0.06328767,0.06328767,60.8263,961.1080,OK,0.0000,-1.8248,3.0000,97.0000,AG03-UNRESOLVED,ALL5_LEVELS_bet23_to_bet27,-1.8248,-1.8248,-1.8248,-2.4331,-2.4331,3.000000,3.000000,3.000000,4.000000,4.000000,97.000000,97.000000,97.000000,96.000000,96.000000,5.0,-10.3405,-9.6641,-50.4858,-51.1622,PENDING_AG03,FALSE,NOT_FOR_ENFORCEMENT,-59.0015,786.6867,-60.8263,-59.0015,-1.8248,-0.06328767,-0.06138904,-1.8248,-59.0015,-0.06138904,-1.8248,-1.8248,-1.8248,-2.4331,-2.4331,-59.0015,-0.06138904,-10.3405,-9.6641,-50.4858,-51.1622,-0.05252877,-0.05323249,-0.00189863,9.8072,12.6721,-0.9504,-60.8263,-4.3447,961.1080,64.0000,,9.8072,2.6332,5.2663,13.1659,26.3317,26.3317,33.178,2.6332,-2.6332,5.0,6.30001,1.862245,12,14,1,6,0E-8,-0.06328767,,0E-8,0.000000,0.843836,0.000000,,2026-03-22,2026-03-22,1,14,12,1,1.000000,,,0.000000,,,,,,,,GLOBAL_BASELINE_NO_ENTITY_RANKING,,,NOT_APPLICABLE_GLOBAL_BASELINE,HF9g-P5,,,,X 全窗基线 · 不参与实体赏罚,3928749,393,A168_HF9F_20260827_0900,2026-08-27 09:00:00
2026-03-22,147632818,1396,0,73.7288358744,-21.0653816784,-21.0653816784,0.2000000,8,5,0.29235700769230769,0.241679830000,-0.45403673978148895,-0.21770301009428084,-0.45403673978148895,0.05067717769230769,ELIGIBLE,R03b_20260811_FULL_v1,L1_ELIGIBILITY,v2026-08-11,2026-03-21..2026-08-06,baccarat_bet02_101_all_pairs_incl_sentinel,round_win = game_pnl > 0 (decisive only),COMPATIBILITY_ONLY_NOT_PRODUCTION,961.1080,811.0172,-60.8263,98,64,0.06328767,,0.06328767,0.06328767,60.8263,961.1080,OK,0.0000,-1.8248,3.0000,97.0000,AG03-UNRESOLVED,ALL5_LEVELS_bet23_to_bet27,-1.8248,-1.8248,-1.8248,-2.4331,-2.4331,3.000000,3.000000,3.000000,4.000000,4.000000,97.000000,97.000000,97.000000,96.000000,96.000000,5.0,-10.3405,-9.6641,-50.4858,-51.1622,PENDING_AG03,FALSE,NOT_FOR_ENFORCEMENT,-59.0015,786.6867,-60.8263,-59.0015,-1.8248,-0.06328767,-0.06138904,-1.8248,-59.0015,-0.06138904,-1.8248,-1.8248,-1.8248,-2.4331,-2.4331,-59.0015,-0.06138904,-10.3405,-9.6641,-50.4858,-51.1622,-0.05252877,-0.05323249,-0.00189863,9.8072,12.6721,-0.9504,-60.8263,-4.3447,961.1080,64.0000,,9.8072,2.6332,5.2663,13.1659,26.3317,26.3317,33.178,2.6332,-2.6332,5.0,6.30001,1.862245,12,14,1,6,0E-8,-0.06328767,,0E-8,0.000000,0.843836,0.000000,,2026-03-22,2026-03-22,1,14,12,1,1.000000,,,0.000000,,,,,,,,GLOBAL_BASELINE_NO_ENTITY_RANKING,,,NOT_APPLICABLE_GLOBAL_BASELINE,HF9g-P5,,,,X 全窗基线 · 不参与实体赏罚,3928750,393,A168_HF9F_20260827_0900,2026-08-27 09:00:00
2026-03-22,147632818,1405,0,15.7990362588,-5.2663454196,-5.2663454196,0E-7,3,2,0.45138958000000000,0.388605700000,-1.282799365744208,-1.127480107748064,-1.282799365744208,0.06278388000000000,ELIGIBLE,R03b_20260811_FULL_v1,L1_ELIGIBILITY,v2026-08-11,2026-03-21..2026-08-06,baccarat_bet02_101_all_pairs_incl_sentinel,round_win = game_pnl > 0 (decisive only),COMPATIBILITY_ONLY_NOT_PRODUCTION,961.1080,811.0172,-60.8263,98,64,0.06328767,,0.06328767,0.06328767,60.8263,961.1080,OK,0.0000,-1.8248,3.0000,97.0000,AG03-UNRESOLVED,ALL5_LEVELS_bet23_to_bet27,-1.8248,-1.8248,-1.8248,-2.4331,-2.4331,3.000000,3.000000,3.000000,4.000000,4.000000,97.000000,97.000000,97.000000,96.000000,96.000000,5.0,-10.3405,-9.6641,-50.4858,-51.1622,PENDING_AG03,FALSE,NOT_FOR_ENFORCEMENT,-59.0015,786.6867,-60.8263,-59.0015,-1.8248,-0.06328767,-0.06138904,-1.8248,-59.0015,-0.06138904,-1.8248,-1.8248,-1.8248,-2.4331,-2.4331,-59.0015,-0.06138904,-10.3405,-9.6641,-50.4858,-51.1622,-0.05252877,-0.05323249,-0.00189863,9.8072,12.6721,-0.9504,-60.8263,-4.3447,961.1080,64.0000,,9.8072,2.6332,5.2663,13.1659,26.3317,26.3317,33.178,2.6332,-2.6332,5.0,6.30001,1.862245,12,14,1,6,0E-8,-0.06328767,,0E-8,0.000000,0.843836,0.000000,,2026-03-22,2026-03-22,1,14,12,1,1.000000,,,0.000000,,,,,,,,GLOBAL_BASELINE_NO_ENTITY_RANKING,,,NOT_APPLICABLE_GLOBAL_BASELINE,HF9g-P5,,,,X 全窗基线 · 不参与实体赏罚,3928751,393,A168_HF9F_20260827_0900,2026-08-27 09:00:00
2026-03-22,147632818,1941,0,84.2615267136,-57.9297996156,-57.9297996156,0E-7,5,3,0.46956491666666667,0.362670600000,-1.6296424449726798,-1.3065764505243367,-1.6296424449726798,0.10689431666666667,ELIGIBLE,R03b_20260811_FULL_v1,L1_ELIGIBILITY,v2026-08-11,2026-03-21..2026-08-06,baccarat_bet02_101_all_pairs_incl_sentinel,round_win = game_pnl > 0 (decisive only),COMPATIBILITY_ONLY_NOT_PRODUCTION,961.1080,811.0172,-60.8263,98,64,0.06328767,,0.06328767,0.06328767,60.8263,961.1080,OK,0.0000,-1.8248,3.0000,97.0000,AG03-UNRESOLVED,ALL5_LEVELS_bet23_to_bet27,-1.8248,-1.8248,-1.8248,-2.4331,-2.4331,3.000000,3.000000,3.000000,4.000000,4.000000,97.000000,97.000000,97.000000,96.000000,96.000000,5.0,-10.3405,-9.6641,-50.4858,-51.1622,PENDING_AG03,FALSE,NOT_FOR_ENFORCEMENT,-59.0015,786.6867,-60.8263,-59.0015,-1.8248,-0.06328767,-0.06138904,-1.8248,-59.0015,-0.06138904,-1.8248,-1.8248,-1.8248,-2.4331,-2.4331,-59.0015,-0.06138904,-10.3405,-9.6641,-50.4858,-51.1622,-0.05252877,-0.05323249,-0.00189863,9.8072,12.6721,-0.9504,-60.8263,-4.3447,961.1080,64.0000,,9.8072,2.6332,5.2663,13.1659,26.3317,26.3317,33.178,2.6332,-2.6332,5.0,6.30001,1.862245,12,14,1,6,0E-8,-0.06328767,,0E-8,0.000000,0.843836,0.000000,,2026-03-22,2026-03-22,1,14,12,1,1.000000,,,0.000000,,,,,,,,GLOBAL_BASELINE_NO_ENTITY_RANKING,,,NOT_APPLICABLE_GLOBAL_BASELINE,HF9g-P5,,,,X 全窗基线 · 不参与实体赏罚,3928752,393,A168_HF9F_20260827_0900,2026-08-27 09:00:00
2026-03-22,147632818,2121,0,44.7639360666,21.0653816784,21.0653816784,1.0000000,5,3,0.43123672962962963,0.353725766667,1.6241378863720384,1.9115694013918187,1.6241378863720384,0.07751096296262963,ELIGIBLE,R03b_20260811_FULL_v1,L1_ELIGIBILITY,v2026-08-11,2026-03-21..2026-08-06,baccarat_bet02_101_all_pairs_incl_sentinel,round_win = game_pnl > 0 (decisive only),COMPATIBILITY_ONLY_NOT_PRODUCTION,961.1080,811.0172,-60.8263,98,64,0.06328767,,0.06328767,0.06328767,60.8263,961.1080,OK,0.0000,-1.8248,3.0000,97.0000,AG03-UNRESOLVED,ALL5_LEVELS_bet23_to_bet27,-1.8248,-1.8248,-1.8248,-2.4331,-2.4331,3.000000,3.000000,3.000000,4.000000,4.000000,97.000000,97.000000,97.000000,96.000000,96.000000,5.0,-10.3405,-9.6641,-50.4858,-51.1622,PENDING_AG03,FALSE,NOT_FOR_ENFORCEMENT,-59.0015,786.6867,-60.8263,-59.0015,-1.8248,-0.06328767,-0.06138904,-1.8248,-59.0015,-0.06138904,-1.8248,-1.8248,-1.8248,-2.4331,-2.4331,-59.0015,-0.06138904,-10.3405,-9.6641,-50.4858,-51.1622,-0.05252877,-0.05323249,-0.00189863,9.8072,12.6721,-0.9504,-60.8263,-4.3447,961.1080,64.0000,,9.8072,2.6332,5.2663,13.1659,26.3317,26.3317,33.178,2.6332,-2.6332,5.0,6.30001,1.862245,12,14,1,6,0E-8,-0.06328767,,0E-8,0.000000,0.843836,0.000000,,2026-03-22,2026-03-22,1,14,12,1,1.000000,,,0.000000,,,,,,,,GLOBAL_BASELINE_NO_ENTITY_RANKING,,,NOT_APPLICABLE_GLOBAL_BASELINE,HF9g-P5,,,,X 全窗基线 · 不参与实体赏罚,3928753,393,A168_HF9F_20260827_0900,2026-08-27 09:00:00
2026-03-22,147632818,2155,0,18.4322089686,2.6331727098,2.6331727098,0.5000000,4,4,0.49994810000000000,0.499948100000,0.00014679536856514622,0.00014679536856514622,0.00014679536856514622,0E-17,ELIGIBLE,R03b_20260811_FULL_v1,L1_ELIGIBILITY,v2026-08-11,2026-03-21..2026-08-06,baccarat_bet02_101_all_pairs_incl_sentinel,round_win = game_pnl > 0 (decisive only),COMPATIBILITY_ONLY_NOT_PRODUCTION,961.1080,811.0172,-60.8263,98,64,0.06328767,,0.06328767,0.06328767,60.8263,961.1080,OK,0.0000,-1.8248,3.0000,97.0000,AG03-UNRESOLVED,ALL5_LEVELS_bet23_to_bet27,-1.8248,-1.8248,-1.8248,-2.4331,-2.4331,3.000000,3.000000,3.000000,4.000000,4.000000,97.000000,97.000000,97.000000,96.000000,96.000000,5.0,-10.3405,-9.6641,-50.4858,-51.1622,PENDING_AG03,FALSE,NOT_FOR_ENFORCEMENT,-59.0015,786.6867,-60.8263,-59.0015,-1.8248,-0.06328767,-0.06138904,-1.8248,-59.0015,-0.06138904,-1.8248,-1.8248,-1.8248,-2.4331,-2.4331,-59.0015,-0.06138904,-10.3405,-9.6641,-50.4858,-51.1622,-0.05252877,-0.05323249,-0.00189863,9.8072,12.6721,-0.9504,-60.8263,-4.3447,961.1080,64.0000,,9.8072,2.6332,5.2663,13.1659,26.3317,26.3317,33.178,2.6332,-2.6332,5.0,6.30001,1.862245,12,14,1,6,0E-8,-0.06328767,,0E-8,0.000000,0.843836,0.000000,,2026-03-22,2026-03-22,1,14,12,1,1.000000,,,0.000000,,,,,,,,GLOBAL_BASELINE_NO_ENTITY_RANKING,,,NOT_APPLICABLE_GLOBAL_BASELINE,HF9g-P5,,,,X 全窗基线 · 不参与实体赏罚,3928754,393,A168_HF9F_20260827_0900,2026-08-27 09:00:00
2026-03-22,147632818,2175,0,26.3317270980,-26.3317270980,-26.3317270980,0E-7,1,1,0.50665070000000000,0.506650700000,-1.013391052207602,-1.013391052207602,-1.013391052207602,0E-17,ELIGIBLE,R03b_20260811_FULL_v1,L1_ELIGIBILITY,v2026-08-11,2026-03-21..2026-08-06,baccarat_bet02_101_all_pairs_incl_sentinel,round_win = game_pnl > 0 (decisive only),COMPATIBILITY_ONLY_NOT_PRODUCTION,961.1080,811.0172,-60.8263,98,64,0.06328767,,0.06328767,0.06328767,60.8263,961.1080,OK,0.0000,-1.8248,3.0000,97.0000,AG03-UNRESOLVED,ALL5_LEVELS_bet23_to_bet27,-1.8248,-1.8248,-1.8248,-2.4331,-2.4331,3.000000,3.000000,3.000000,4.000000,4.000000,97.000000,97.000000,97.000000,96.000000,96.000000,5.0,-10.3405,-9.6641,-50.4858,-51.1622,PENDING_AG03,FALSE,NOT_FOR_ENFORCEMENT,-59.0015,786.6867,-60.8263,-59.0015,-1.8248,-0.06328767,-0.06138904,-1.8248,-59.0015,-0.06138904,-1.8248,-1.8248,-1.8248,-2.4331,-2.4331,-59.0015,-0.06138904,-10.3405,-9.6641,-50.4858,-51.1622,-0.05252877,-0.05323249,-0.00189863,9.8072,12.6721,-0.9504,-60.8263,-4.3447,961.1080,64.0000,,9.8072,2.6332,5.2663,13.1659,26.3317,26.3317,33.178,2.6332,-2.6332,5.0,6.30001,1.862245,12,14,1,6,0E-8,-0.06328767,,0E-8,0.000000,0.843836,0.000000,,2026-03-22,2026-03-22,1,14,12,1,1.000000,,,0.000000,,,,,,,,GLOBAL_BASELINE_NO_ENTITY_RANKING,,,NOT_APPLICABLE_GLOBAL_BASELINE,HF9g-P5,,,,X 全窗基线 · 不参与实体赏罚,3928755,393,A168_HF9F_20260827_0900,2026-08-27 09:00:00
2026-03-22,147632818,2246,0,39.4975906470,-3.1598072518,-3.1598072518,0.6666667,6,3,0.41377186500000000,0.292842950000,0.889378696327686,1.4228271842429385,0.889378696327686,0.12092891500000000,ELIGIBLE,R03b_20260811_FULL_v1,L1_ELIGIBILITY,v2026-08-11,2026-03-21..2026-08-06,baccarat_bet02_101_all_pairs_incl_sentinel,round_win = game_pnl > 0 (decisive only),COMPATIBILITY_ONLY_NOT_PRODUCTION,961.1080,811.0172,-60.8263,98,64,0.06328767,,0.06328767,0.06328767,60.8263,961.1080,OK,0.0000,-1.8248,3.0000,97.0000,AG03-UNRESOLVED,ALL5_LEVELS_bet23_to_bet27,-1.8248,-1.8248,-1.8248,-2.4331,-2.4331,3.000000,3.000000,3.000000,4.000000,4.000000,97.000000,97.000000,97.000000,96.000000,96.000000,5.0,-10.3405,-9.6641,-50.4858,-51.1622,PENDING_AG03,FALSE,NOT_FOR_ENFORCEMENT,-59.0015,786.6867,-60.8263,-59.0015,-1.8248,-0.06328767,-0.06138904,-1.8248,-59.0015,-0.06138904,-1.8248,-1.8248,-1.8248,-2.4331,-2.4331,-59.0015,-0.06138904,-10.3405,-9.6641,-50.4858,-51.1622,-0.05252877,-0.05323249,-0.00189863,9.8072,12.6721,-0.9504,-60.8263,-4.3447,961.1080,64.0000,,9.8072,2.6332,5.2663,13.1659,26.3317,26.3317,33.178,2.6332,-2.6332,5.0,6.30001,1.862245,12,14,1,6,0E-8,-0.06328767,,0E-8,0.000000,0.843836,0.000000,,2026-03-22,2026-03-22,1,14,12,1,1.000000,,,0.000000,,,,,,,,GLOBAL_BASELINE_NO_ENTITY_RANKING,,,NOT_APPLICABLE_GLOBAL_BASELINE,HF9g-P5,,,,X 全窗基线 · 不参与实体赏罚,3928756,393,A168_HF9F_20260827_0900,2026-08-27 09:00:00
2026-03-22,147632818,583,0,271.2167891094,114.0163783343,114.0163783343,0.5882353,27,19,0.42782458863636364,0.366706307895,1.336781244253644,1.8953667138275472,1.336781244253644,0.06111828074136364,ELIGIBLE,R03b_20260811_FULL_v1,L1_ELIGIBILITY,v2026-08-11,2026-03-21..2026-08-06,baccarat_bet02_101_all_pairs_incl_sentinel,round_win = game_pnl > 0 (decisive only),COMPATIBILITY_ONLY_NOT_PRODUCTION,961.1080,811.0172,-60.8263,98,64,0.06328767,,0.06328767,0.06328767,60.8263,961.1080,OK,0.0000,-1.8248,3.0000,97.0000,AG03-UNRESOLVED,ALL5_LEVELS_bet23_to_bet27,-1.8248,-1.8248,-1.8248,-2.4331,-2.4331,3.000000,3.000000,3.000000,4.000000,4.000000,97.000000,97.000000,97.000000,96.000000,96.000000,5.0,-10.3405,-9.6641,-50.4858,-51.1622,PENDING_AG03,FALSE,NOT_FOR_ENFORCEMENT,-59.0015,786.6867,-60.8263,-59.0015,-1.8248,-0.06328767,-0.06138904,-1.8248,-59.0015,-0.06138904,-1.8248,-1.8248,-1.8248,-2.4331,-2.4331,-59.0015,-0.06138904,-10.3405,-9.6641,-50.4858,-51.1622,-0.05252877,-0.05323249,-0.00189863,9.8072,12.6721,-0.9504,-60.8263,-4.3447,961.1080,64.0000,,9.8072,2.6332,5.2663,13.1659,26.3317,26.3317,33.178,2.6332,-2.6332,5.0,6.30001,1.862245,12,14,1,6,0E-8,-0.06328767,,0E-8,0.000000,0.843836,0.000000,,2026-03-22,2026-03-22,1,14,12,1,1.000000,,,0.000000,,,,,,,,GLOBAL_BASELINE_NO_ENTITY_RANKING,,,NOT_APPLICABLE_GLOBAL_BASELINE,HF9g-P5,,,,X 全窗基线 · 不参与实体赏罚,3928757,393,A168_HF9F_20260827_0900,2026-08-27 09:00:00
2026-03-22,147632818,986,0,31.5980725176,21.0653816784,21.0653816784,1.0000000,2,1,0.42680505000000000,0.293924150000,1.158874490233742,1.549915577879723,1.158874490233742,0.13288090000000000,ELIGIBLE,R03b_20260811_FULL_v1,L1_ELIGIBILITY,v2026-08-11,2026-03-21..2026-08-06,baccarat_bet02_101_all_pairs_incl_sentinel,round_win = game_pnl > 0 (decisive only),COMPATIBILITY_ONLY_NOT_PRODUCTION,961.1080,811.0172,-60.8263,98,64,0.06328767,,0.06328767,0.06328767,60.8263,961.1080,OK,0.0000,-1.8248,3.0000,97.0000,AG03-UNRESOLVED,ALL5_LEVELS_bet23_to_bet27,-1.8248,-1.8248,-1.8248,-2.4331,-2.4331,3.000000,3.000000,3.000000,4.000000,4.000000,97.000000,97.000000,97.000000,96.000000,96.000000,5.0,-10.3405,-9.6641,-50.4858,-51.1622,PENDING_AG03,FALSE,NOT_FOR_ENFORCEMENT,-59.0015,786.6867,-60.8263,-59.0015,-1.8248,-0.06328767,-0.06138904,-1.8248,-59.0015,-0.06138904,-1.8248,-1.8248,-1.8248,-2.4331,-2.4331,-59.0015,-0.06138904,-10.3405,-9.6641,-50.4858,-51.1622,-0.05252877,-0.05323249,-0.00189863,9.8072,12.6721,-0.9504,-60.8263,-4.3447,961.1080,64.0000,,9.8072,2.6332,5.2663,13.1659,26.3317,26.3317,33.178,2.6332,-2.6332,5.0,6.30001,1.862245,12,14,1,6,0E-8,-0.06328767,,0E-8,0.000000,0.843836,0.000000,,2026-03-22,2026-03-22,1,14,12,1,1.000000,,,0.000000,,,,,,,,GLOBAL_BASELINE_NO_ENTITY_RANKING,,,NOT_APPLICABLE_GLOBAL_BASELINE,HF9g-P5,,,,X 全窗基线 · 不参与实体赏罚,3928758,393,A168_HF9F_20260827_0900,2026-08-27 09:00:00
2026-06-26,152077708,1363,0,14.5400162017,-14.5400162017,-14.5400162017,0E-7,3,2,0.45011776249940026,0.400287425000,-1.2795086549705357,-1.1553920997617628,-1.2795086549705357,0.04983033749940026,ELIGIBLE,R03b_20260811_FULL_v1,L1_ELIGIBILITY,v2026-08-11,2026-03-21..2026-08-06,baccarat_bet02_101_all_pairs_incl_sentinel,round_win = game_pnl > 0 (decisive only),COMPATIBILITY_ONLY_NOT_PRODUCTION,705.8411,647.4318,-61.4591,145,79,0.08707220,,0.08707220,0.08707220,61.4591,705.8411,OK,0.0000,-2.4584,4.0000,96.0000,AG03-UNRESOLVED,ALL5_LEVELS_bet23_to_bet27,-2.4584,-2.4584,-2.4584,-2.4584,-2.4584,4.000000,4.000000,4.000000,4.000000,4.000000,96.000000,96.000000,96.000000,96.000000,96.000000,5.0,-12.2918,-11.347,-49.1673,-50.1121,PENDING_AG03,FALSE,NOT_FOR_ENFORCEMENT,-59.0008,621.5345,-61.4591,-59.0008,-2.4584,-0.08707220,-0.08358931,-2.4584,-59.0008,-0.08358931,-2.4584,-2.4584,-2.4584,-2.4584,-2.4584,-59.0008,-0.08358931,-12.2918,-11.347,-49.1673,-50.1121,-0.06965776,-0.0709963,-0.00348289,4.8679,8.1953,-0.7780,-20.4864,-5.1216,235.2804,26.3333,,4.8679,2.0771,4.0878,6.8546,8.3086,10.3857,13.3365,3.1157,-2.0439,2.54066,3.2625,1.190827,9,12,5,3,0E-8,-0.08707220,,0E-8,0.000000,0.917249,0.000000,,2026-06-26,2026-07-01,3,12,10,6,0.500000,,,0.000000,,,,,,,,GLOBAL_BASELINE_NO_ENTITY_RANKING,,,NOT_APPLICABLE_GLOBAL_BASELINE,HF9g-P5,,,,X 全窗基线 · 不参与实体赏罚,3928759,393,A168_HF9F_20260827_0900,2026-08-27 09:00:00
2026-06-30,152077708,1396,0,8.3085806867,-8.3085806867,-8.3085806867,0E-7,2,1,0.40363872499876017,0.300626750000,-0.8227003755285349,-0.655630731788307,-0.8227003755285349,0.10301197499876017,ELIGIBLE,R03b_20260811_FULL_v1,L1_ELIGIBILITY,v2026-08-11,2026-03-21..2026-08-06,baccarat_bet02_101_all_pairs_incl_sentinel,round_win = game_pnl > 0 (decisive only),COMPATIBILITY_ONLY_NOT_PRODUCTION,705.8411,647.4318,-61.4591,145,79,0.08707220,,0.08707220,0.08707220,61.4591,705.8411,OK,0.0000,-2.4584,4.0000,96.0000,AG03-UNRESOLVED,ALL5_LEVELS_bet23_to_bet27,-2.4584,-2.4584,-2.4584,-2.4584,-2.4584,4.000000,4.000000,4.000000,4.000000,4.000000,96.000000,96.000000,96.000000,96.000000,96.000000,5.0,-12.2918,-11.347,-49.1673,-50.1121,PENDING_AG03,FALSE,NOT_FOR_ENFORCEMENT,-59.0008,621.5345,-61.4591,-59.0008,-2.4584,-0.08707220,-0.08358931,-2.4584,-59.0008,-0.08358931,-2.4584,-2.4584,-2.4584,-2.4584,-2.4584,-59.0008,-0.08358931,-12.2918,-11.347,-49.1673,-50.1121,-0.06965776,-0.0709963,-0.00348289,4.8679,8.1953,-0.7780,-20.4864,-5.1216,235.2804,26.3333,,4.8679,2.0771,4.0878,6.8546,8.3086,10.3857,13.3365,3.1157,-2.0439,2.54066,3.2625,1.190827,9,12,5,3,0E-8,-0.08707220,,0E-8,0.000000,0.917249,0.000000,,2026-06-26,2026-07-01,3,12,10,6,0.500000,,,0.000000,,,,,,,,GLOBAL_BASELINE_NO_ENTITY_RANKING,,,NOT_APPLICABLE_GLOBAL_BASELINE,HF9g-P5,,,,X 全窗基线 · 不参与实体赏罚,3928760,393,A168_HF9F_20260827_0900,2026-08-27 09:00:00
2026-06-30,152077708,1405,0,14.3073212606,-2.0439030372,-2.0439030372,0.5000000,3,2,0.44844211250063000,0.396936125000,0.14660924853225038,0.29790616794075786,0.14660924853225038,0.05150598750063000,ELIGIBLE,R03b_20260811_FULL_v1,L1_ELIGIBILITY,v2026-08-11,2026-03-21..2026-08-06,baccarat_bet02_101_all_pairs_incl_sentinel,round_win = game_pnl > 0 (decisive only),COMPATIBILITY_ONLY_NOT_PRODUCTION,705.8411,647.4318,-61.4591,145,79,0.08707220,,0.08707220,0.08707220,61.4591,705.8411,OK,0.0000,-2.4584,4.0000,96.0000,AG03-UNRESOLVED,ALL5_LEVELS_bet23_to_bet27,-2.4584,-2.4584,-2.4584,-2.4584,-2.4584,4.000000,4.000000,4.000000,4.000000,4.000000,96.000000,96.000000,96.000000,96.000000,96.000000,5.0,-12.2918,-11.347,-49.1673,-50.1121,PENDING_AG03,FALSE,NOT_FOR_ENFORCEMENT,-59.0008,621.5345,-61.4591,-59.0008,-2.4584,-0.08707220,-0.08358931,-2.4584,-59.0008,-0.08358931,-2.4584,-2.4584,-2.4584,-2.4584,-2.4584,-59.0008,-0.08358931,-12.2918,-11.347,-49.1673,-50.1121,-0.06965776,-0.0709963,-0.00348289,4.8679,8.1953,-0.7780,-20.4864,-5.1216,235.2804,26.3333,,4.8679,2.0771,4.0878,6.8546,8.3086,10.3857,13.3365,3.1157,-2.0439,2.54066,3.2625,1.190827,9,12,5,3,0E-8,-0.08707220,,0E-8,0.000000,0.917249,0.000000,,2026-06-26,2026-07-01,3,12,10,6,0.500000,,,0.000000,,,,,,,,GLOBAL_BASELINE_NO_ENTITY_RANKING,,,NOT_APPLICABLE_GLOBAL_BASELINE,HF9g-P5,,,,X 全窗基线 · 不参与实体赏罚,3928761,393,A168_HF9F_20260827_0900,2026-08-27 09:00:00
2026-06-30,152077708,1750,0,26.5707394840,-2.0439030372,-2.0439030372,0.3333333,6,3,0.40693147000136010,0.298392550000,-0.25948626088909926,0.13226720629658262,-0.25948626088909926,0.10853892000136010,ELIGIBLE,R03b_20260811_FULL_v1,L1_ELIGIBILITY,v2026-08-11,2026-03-21..2026-08-06,baccarat_bet02_101_all_pairs_incl_sentinel,round_win = game_pnl > 0 (decisive only),COMPATIBILITY_ONLY_NOT_PRODUCTION,705.8411,647.4318,-61.4591,145,79,0.08707220,,0.08707220,0.08707220,61.4591,705.8411,OK,0.0000,-2.4584,4.0000,96.0000,AG03-UNRESOLVED,ALL5_LEVELS_bet23_to_bet27,-2.4584,-2.4584,-2.4584,-2.4584,-2.4584,4.000000,4.000000,4.000000,4.000000,4.000000,96.000000,96.000000,96.000000,96.000000,96.000000,5.0,-12.2918,-11.347,-49.1673,-50.1121,PENDING_AG03,FALSE,NOT_FOR_ENFORCEMENT,-59.0008,621.5345,-61.4591,-59.0008,-2.4584,-0.08707220,-0.08358931,-2.4584,-59.0008,-0.08358931,-2.4584,-2.4584,-2.4584,-2.4584,-2.4584,-59.0008,-0.08358931,-12.2918,-11.347,-49.1673,-50.1121,-0.06965776,-0.0709963,-0.00348289,4.8679,8.1953,-0.7780,-20.4864,-5.1216,235.2804,26.3333,,4.8679,2.0771,4.0878,6.8546,8.3086,10.3857,13.3365,3.1157,-2.0439,2.54066,3.2625,1.190827,9,12,5,3,0E-8,-0.08707220,,0E-8,0.000000,0.917249,0.000000,,2026-06-26,2026-07-01,3,12,10,6,0.500000,,,0.000000,,,,,,,,GLOBAL_BASELINE_NO_ENTITY_RANKING,,,NOT_APPLICABLE_GLOBAL_BASELINE,HF9g-P5,,,,X 全窗基线 · 不参与实体赏罚,3928762,393,A168_HF9F_20260827_0900,2026-08-27 09:00:00
2026-06-30,152077708,2088,0,28.6146425214,-28.6146425214,-28.6146425214,0E-7,4,2,0.40908759666732643,0.293924150000,-1.1766887488994964,-0.9124455438455121,-1.1766887488994964,0.11516344666732643,ELIGIBLE,R03b_20260811_FULL_v1,L1_ELIGIBILITY,v2026-08-11,2026-03-21..2026-08-06,baccarat_bet02_101_all_pairs_incl_sentinel,round_win = game_pnl > 0 (decisive only),COMPATIBILITY_ONLY_NOT_PRODUCTION,705.8411,647.4318,-61.4591,145,79,0.08707220,,0.08707220,0.08707220,61.4591,705.8411,OK,0.0000,-2.4584,4.0000,96.0000,AG03-UNRESOLVED,ALL5_LEVELS_bet23_to_bet27,-2.4584,-2.4584,-2.4584,-2.4584,-2.4584,4.000000,4.000000,4.000000,4.000000,4.000000,96.000000,96.000000,96.000000,96.000000,96.000000,5.0,-12.2918,-11.347,-49.1673,-50.1121,PENDING_AG03,FALSE,NOT_FOR_ENFORCEMENT,-59.0008,621.5345,-61.4591,-59.0008,-2.4584,-0.08707220,-0.08358931,-2.4584,-59.0008,-0.08358931,-2.4584,-2.4584,-2.4584,-2.4584,-2.4584,-59.0008,-0.08358931,-12.2918,-11.347,-49.1673,-50.1121,-0.06965776,-0.0709963,-0.00348289,4.8679,8.1953,-0.7780,-20.4864,-5.1216,235.2804,26.3333,,4.8679,2.0771,4.0878,6.8546,8.3086,10.3857,13.3365,3.1157,-2.0439,2.54066,3.2625,1.190827,9,12,5,3,0E-8,-0.08707220,,0E-8,0.000000,0.917249,0.000000,,2026-06-26,2026-07-01,3,12,10,6,0.500000,,,0.000000,,,,,,,,GLOBAL_BASELINE_NO_ENTITY_RANKING,,,NOT_APPLICABLE_GLOBAL_BASELINE,HF9g-P5,,,,X 全窗基线 · 不参与实体赏罚,3928763,393,A168_HF9F_20260827_0900,2026-08-27 09:00:00
2026-06-30,152077708,2155,0,43.8277631224,-23.5755976985,-23.5755976985,0.2000000,9,5,0.34620919707997688,0.256740920000,-0.6871807585026845,-0.2904448746453896,-0.6871807585026845,0.08946827707997688,ELIGIBLE,R03b_20260811_FULL_v1,L1_ELIGIBILITY,v2026-08-11,2026-03-21..2026-08-06,baccarat_bet02_101_all_pairs_incl_sentinel,round_win = game_pnl > 0 (decisive only),COMPATIBILITY_ONLY_NOT_PRODUCTION,705.8411,647.4318,-61.4591,145,79,0.08707220,,0.08707220,0.08707220,61.4591,705.8411,OK,0.0000,-2.4584,4.0000,96.0000,AG03-UNRESOLVED,ALL5_LEVELS_bet23_to_bet27,-2.4584,-2.4584,-2.4584,-2.4584,-2.4584,4.000000,4.000000,4.000000,4.000000,4.000000,96.000000,96.000000,96.000000,96.000000,96.000000,5.0,-12.2918,-11.347,-49.1673,-50.1121,PENDING_AG03,FALSE,NOT_FOR_ENFORCEMENT,-59.0008,621.5345,-61.4591,-59.0008,-2.4584,-0.08707220,-0.08358931,-2.4584,-59.0008,-0.08358931,-2.4584,-2.4584,-2.4584,-2.4584,-2.4584,-59.0008,-0.08358931,-12.2918,-11.347,-49.1673,-50.1121,-0.06965776,-0.0709963,-0.00348289,4.8679,8.1953,-0.7780,-20.4864,-5.1216,235.2804,26.3333,,4.8679,2.0771,4.0878,6.8546,8.3086,10.3857,13.3365,3.1157,-2.0439,2.54066,3.2625,1.190827,9,12,5,3,0E-8,-0.08707220,,0E-8,0.000000,0.917249,0.000000,,2026-06-26,2026-07-01,3,12,10,6,0.500000,,,0.000000,,,,,,,,GLOBAL_BASELINE_NO_ENTITY_RANKING,,,NOT_APPLICABLE_GLOBAL_BASELINE,HF9g-P5,,,,X 全窗基线 · 不参与实体赏罚,3928764,393,A168_HF9F_20260827_0900,2026-08-27 09:00:00
2026-06-30,152077708,2167,0,23.0563114056,18.3827347693,18.3827347693,1.0000000,3,2,0.46727246885202061,0.400287425000,1.510019208196949,1.731014086397502,1.510019208196949,0.06698504385202061,ELIGIBLE,R03b_20260811_FULL_v1,L1_ELIGIBILITY,v2026-08-11,2026-03-21..2026-08-06,baccarat_bet02_101_all_pairs_incl_sentinel,round_win = game_pnl > 0 (decisive only),COMPATIBILITY_ONLY_NOT_PRODUCTION,705.8411,647.4318,-61.4591,145,79,0.08707220,,0.08707220,0.08707220,61.4591,705.8411,OK,0.0000,-2.4584,4.0000,96.0000,AG03-UNRESOLVED,ALL5_LEVELS_bet23_to_bet27,-2.4584,-2.4584,-2.4584,-2.4584,-2.4584,4.000000,4.000000,4.000000,4.000000,4.000000,96.000000,96.000000,96.000000,96.000000,96.000000,5.0,-12.2918,-11.347,-49.1673,-50.1121,PENDING_AG03,FALSE,NOT_FOR_ENFORCEMENT,-59.0008,621.5345,-61.4591,-59.0008,-2.4584,-0.08707220,-0.08358931,-2.4584,-59.0008,-0.08358931,-2.4584,-2.4584,-2.4584,-2.4584,-2.4584,-59.0008,-0.08358931,-12.2918,-11.347,-49.1673,-50.1121,-0.06965776,-0.0709963,-0.00348289,4.8679,8.1953,-0.7780,-20.4864,-5.1216,235.2804,26.3333,,4.8679,2.0771,4.0878,6.8546,8.3086,10.3857,13.3365,3.1157,-2.0439,2.54066,3.2625,1.190827,9,12,5,3,0E-8,-0.08707220,,0E-8,0.000000,0.917249,0.000000,,2026-06-26,2026-07-01,3,12,10,6,0.500000,,,0.000000,,,,,,,,GLOBAL_BASELINE_NO_ENTITY_RANKING,,,NOT_APPLICABLE_GLOBAL_BASELINE,HF9g-P5,,,,X 全窗基线 · 不参与实体赏罚,3928765,393,A168_HF9F_20260827_0900,2026-08-27 09:00:00
2026-06-30,152077708,2177,0,119.0204183373,24.1468126206,24.1468126206,0.6923077,24,13,0.42524633089737931,0.327682480769,1.9476977878042625,2.8009447658249367,1.9476977878042625,0.09756385012837931,ELIGIBLE,R03b_20260811_FULL_v1,L1_ELIGIBILITY,v2026-08-11,2026-03-21..2026-08-06,baccarat_bet02_101_all_pairs_incl_sentinel,round_win = game_pnl > 0 (decisive only),COMPATIBILITY_ONLY_NOT_PRODUCTION,705.8411,647.4318,-61.4591,145,79,0.08707220,,0.08707220,0.08707220,61.4591,705.8411,OK,0.0000,-2.4584,4.0000,96.0000,AG03-UNRESOLVED,ALL5_LEVELS_bet23_to_bet27,-2.4584,-2.4584,-2.4584,-2.4584,-2.4584,4.000000,4.000000,4.000000,4.000000,4.000000,96.000000,96.000000,96.000000,96.000000,96.000000,5.0,-12.2918,-11.347,-49.1673,-50.1121,PENDING_AG03,FALSE,NOT_FOR_ENFORCEMENT,-59.0008,621.5345,-61.4591,-59.0008,-2.4584,-0.08707220,-0.08358931,-2.4584,-59.0008,-0.08358931,-2.4584,-2.4584,-2.4584,-2.4584,-2.4584,-59.0008,-0.08358931,-12.2918,-11.347,-49.1673,-50.1121,-0.06965776,-0.0709963,-0.00348289,4.8679,8.1953,-0.7780,-20.4864,-5.1216,235.2804,26.3333,,4.8679,2.0771,4.0878,6.8546,8.3086,10.3857,13.3365,3.1157,-2.0439,2.54066,3.2625,1.190827,9,12,5,3,0E-8,-0.08707220,,0E-8,0.000000,0.917249,0.000000,,2026-06-26,2026-07-01,3,12,10,6,0.500000,,,0.000000,,,,,,,,GLOBAL_BASELINE_NO_ENTITY_RANKING,,,NOT_APPLICABLE_GLOBAL_BASELINE,HF9g-P5,,,,X 全窗基线 · 不参与实体赏罚,3928766,393,A168_HF9F_20260827_0900,2026-08-27 09:00:00
2026-06-30,152077708,2235,0,173.8570508697,100.3468832435,100.3468832435,0.8235294,32,17,0.41707763229177604,0.320527885294,3.3987535961577673,4.444010081659682,3.3987535961577673,0.09654974699777604,ELIGIBLE,R03b_20260811_FULL_v1,L1_ELIGIBILITY,v2026-08-11,2026-03-21..2026-08-06,baccarat_bet02_101_all_pairs_incl_sentinel,round_win = game_pnl > 0 (decisive only),COMPATIBILITY_ONLY_NOT_PRODUCTION,705.8411,647.4318,-61.4591,145,79,0.08707220,,0.08707220,0.08707220,61.4591,705.8411,OK,0.0000,-2.4584,4.0000,96.0000,AG03-UNRESOLVED,ALL5_LEVELS_bet23_to_bet27,-2.4584,-2.4584,-2.4584,-2.4584,-2.4584,4.000000,4.000000,4.000000,4.000000,4.000000,96.000000,96.000000,96.000000,96.000000,96.000000,5.0,-12.2918,-11.347,-49.1673,-50.1121,PENDING_AG03,FALSE,NOT_FOR_ENFORCEMENT,-59.0008,621.5345,-61.4591,-59.0008,-2.4584,-0.08707220,-0.08358931,-2.4584,-59.0008,-0.08358931,-2.4584,-2.4584,-2.4584,-2.4584,-2.4584,-59.0008,-0.08358931,-12.2918,-11.347,-49.1673,-50.1121,-0.06965776,-0.0709963,-0.00348289,4.8679,8.1953,-0.7780,-20.4864,-5.1216,235.2804,26.3333,,4.8679,2.0771,4.0878,6.8546,8.3086,10.3857,13.3365,3.1157,-2.0439,2.54066,3.2625,1.190827,9,12,5,3,0E-8,-0.08707220,,0E-8,0.000000,0.917249,0.000000,,2026-06-26,2026-07-01,3,12,10,6,0.500000,,,0.000000,,,,,,,,GLOBAL_BASELINE_NO_ENTITY_RANKING,,,NOT_APPLICABLE_GLOBAL_BASELINE,HF9g-P5,,,,X 全窗基线 · 不参与实体赏罚,3928767,393,A168_HF9F_20260827_0900,2026-08-27 09:00:00
2026-06-30,152077708,2243,0,160.2419981191,12.2634182239,12.2634182239,0.5789474,36,19,0.38777378110178784,0.296746297368,1.7102496379390633,2.692692682341795,1.7102496379390633,0.09102748373378784,ELIGIBLE,R03b_20260811_FULL_v1,L1_ELIGIBILITY,v2026-08-11,2026-03-21..2026-08-06,baccarat_bet02_101_all_pairs_incl_sentinel,round_win = game_pnl > 0 (decisive only),COMPATIBILITY_ONLY_NOT_PRODUCTION,705.8411,647.4318,-61.4591,145,79,0.08707220,,0.08707220,0.08707220,61.4591,705.8411,OK,0.0000,-2.4584,4.0000,96.0000,AG03-UNRESOLVED,ALL5_LEVELS_bet23_to_bet27,-2.4584,-2.4584,-2.4584,-2.4584,-2.4584,4.000000,4.000000,4.000000,4.000000,4.000000,96.000000,96.000000,96.000000,96.000000,96.000000,5.0,-12.2918,-11.347,-49.1673,-50.1121,PENDING_AG03,FALSE,NOT_FOR_ENFORCEMENT,-59.0008,621.5345,-61.4591,-59.0008,-2.4584,-0.08707220,-0.08358931,-2.4584,-59.0008,-0.08358931,-2.4584,-2.4584,-2.4584,-2.4584,-2.4584,-59.0008,-0.08358931,-12.2918,-11.347,-49.1673,-50.1121,-0.06965776,-0.0709963,-0.00348289,4.8679,8.1953,-0.7780,-20.4864,-5.1216,235.2804,26.3333,,4.8679,2.0771,4.0878,6.8546,8.3086,10.3857,13.3365,3.1157,-2.0439,2.54066,3.2625,1.190827,9,12,5,3,0E-8,-0.08707220,,0E-8,0.000000,0.917249,0.000000,,2026-06-26,2026-07-01,3,12,10,6,0.500000,,,0.000000,,,,,,,,GLOBAL_BASELINE_NO_ENTITY_RANKING,,,NOT_APPLICABLE_GLOBAL_BASELINE,HF9g-P5,,,,X 全窗基线 · 不参与实体赏罚,3928768,393,A168_HF9F_20260827_0900,2026-08-27 09:00:00
2026-06-30,152077708,2251,0,31.1571775751,3.7388613090,3.7388613090,0.6666667,6,4,0.45359271124949167,0.396936125000,0.7413097629472203,0.9548799669165594,0.7413097629472203,0.05665658624949167,ELIGIBLE,R03b_20260811_FULL_v1,L1_ELIGIBILITY,v2026-08-11,2026-03-21..2026-08-06,baccarat_bet02_101_all_pairs_incl_sentinel,round_win = game_pnl > 0 (decisive only),COMPATIBILITY_ONLY_NOT_PRODUCTION,705.8411,647.4318,-61.4591,145,79,0.08707220,,0.08707220,0.08707220,61.4591,705.8411,OK,0.0000,-2.4584,4.0000,96.0000,AG03-UNRESOLVED,ALL5_LEVELS_bet23_to_bet27,-2.4584,-2.4584,-2.4584,-2.4584,-2.4584,4.000000,4.000000,4.000000,4.000000,4.000000,96.000000,96.000000,96.000000,96.000000,96.000000,5.0,-12.2918,-11.347,-49.1673,-50.1121,PENDING_AG03,FALSE,NOT_FOR_ENFORCEMENT,-59.0008,621.5345,-61.4591,-59.0008,-2.4584,-0.08707220,-0.08358931,-2.4584,-59.0008,-0.08358931,-2.4584,-2.4584,-2.4584,-2.4584,-2.4584,-59.0008,-0.08358931,-12.2918,-11.347,-49.1673,-50.1121,-0.06965776,-0.0709963,-0.00348289,4.8679,8.1953,-0.7780,-20.4864,-5.1216,235.2804,26.3333,,4.8679,2.0771,4.0878,6.8546,8.3086,10.3857,13.3365,3.1157,-2.0439,2.54066,3.2625,1.190827,9,12,5,3,0E-8,-0.08707220,,0E-8,0.000000,0.917249,0.000000,,2026-06-26,2026-07-01,3,12,10,6,0.500000,,,0.000000,,,,,,,,GLOBAL_BASELINE_NO_ENTITY_RANKING,,,NOT_APPLICABLE_GLOBAL_BASELINE,HF9g-P5,,,,X 全窗基线 · 不参与实体赏罚,3928769,393,A168_HF9F_20260827_0900,2026-08-27 09:00:00
2026-07-01,152077708,2117,0,4.0878060745,3.8834157708,3.8834157708,1.0000000,1,1,0.50665070000000000,0.506650700000,0.9867858985152569,0.9867858985152569,0.9867858985152569,0E-17,ELIGIBLE,R03b_20260811_FULL_v1,L1_ELIGIBILITY,v2026-08-11,2026-03-21..2026-08-06,baccarat_bet02_101_all_pairs_incl_sentinel,round_win = game_pnl > 0 (decisive only),COMPATIBILITY_ONLY_NOT_PRODUCTION,705.8411,647.4318,-61.4591,145,79,0.08707220,,0.08707220,0.08707220,61.4591,705.8411,OK,0.0000,-2.4584,4.0000,96.0000,AG03-UNRESOLVED,ALL5_LEVELS_bet23_to_bet27,-2.4584,-2.4584,-2.4584,-2.4584,-2.4584,4.000000,4.000000,4.000000,4.000000,4.000000,96.000000,96.000000,96.000000,96.000000,96.000000,5.0,-12.2918,-11.347,-49.1673,-50.1121,PENDING_AG03,FALSE,NOT_FOR_ENFORCEMENT,-59.0008,621.5345,-61.4591,-59.0008,-2.4584,-0.08707220,-0.08358931,-2.4584,-59.0008,-0.08358931,-2.4584,-2.4584,-2.4584,-2.4584,-2.4584,-59.0008,-0.08358931,-12.2918,-11.347,-49.1673,-50.1121,-0.06965776,-0.0709963,-0.00348289,4.8679,8.1953,-0.7780,-20.4864,-5.1216,235.2804,26.3333,,4.8679,2.0771,4.0878,6.8546,8.3086,10.3857,13.3365,3.1157,-2.0439,2.54066,3.2625,1.190827,9,12,5,3,0E-8,-0.08707220,,0E-8,0.000000,0.917249,0.000000,,2026-06-26,2026-07-01,3,12,10,6,0.500000,,,0.000000,,,,,,,,GLOBAL_BASELINE_NO_ENTITY_RANKING,,,NOT_APPLICABLE_GLOBAL_BASELINE,HF9g-P5,,,,X 全窗基线 · 不参与实体赏罚,3928770,393,A168_HF9F_20260827_0900,2026-08-27 09:00:00
2026-07-01,152077708,2177,0,58.2512365610,-22.1763479538,-22.1763479538,0.3750000,16,8,0.38371013230488097,0.296437625000,-0.05066121461219038,0.4865658583502735,-0.05066121461219038,0.08727250730488097,ELIGIBLE,R03b_20260811_FULL_v1,L1_ELIGIBILITY,v2026-08-11,2026-03-21..2026-08-06,baccarat_bet02_101_all_pairs_incl_sentinel,round_win = game_pnl > 0 (decisive only),COMPATIBILITY_ONLY_NOT_PRODUCTION,705.8411,647.4318,-61.4591,145,79,0.08707220,,0.08707220,0.08707220,61.4591,705.8411,OK,0.0000,-2.4584,4.0000,96.0000,AG03-UNRESOLVED,ALL5_LEVELS_bet23_to_bet27,-2.4584,-2.4584,-2.4584,-2.4584,-2.4584,4.000000,4.000000,4.000000,4.000000,4.000000,96.000000,96.000000,96.000000,96.000000,96.000000,5.0,-12.2918,-11.347,-49.1673,-50.1121,PENDING_AG03,FALSE,NOT_FOR_ENFORCEMENT,-59.0008,621.5345,-61.4591,-59.0008,-2.4584,-0.08707220,-0.08358931,-2.4584,-59.0008,-0.08358931,-2.4584,-2.4584,-2.4584,-2.4584,-2.4584,-59.0008,-0.08358931,-12.2918,-11.347,-49.1673,-50.1121,-0.06965776,-0.0709963,-0.00348289,4.8679,8.1953,-0.7780,-20.4864,-5.1216,235.2804,26.3333,,4.8679,2.0771,4.0878,6.8546,8.3086,10.3857,13.3365,3.1157,-2.0439,2.54066,3.2625,1.190827,9,12,5,3,0E-8,-0.08707220,,0E-8,0.000000,0.917249,0.000000,,2026-06-26,2026-07-01,3,12,10,6,0.500000,,,0.000000,,,,,,,,GLOBAL_BASELINE_NO_ENTITY_RANKING,,,NOT_APPLICABLE_GLOBAL_BASELINE,HF9g-P5,,,,X 全窗基线 · 不参与实体赏罚,3928771,393,A168_HF9F_20260827_0900,2026-08-27 09:00:00
2026-04-12,62210980,994,0,8.4329475260,8.0113001496,8.0113001496,1.0000000,2,2,0.50665070000000000,0.506650700000,1.3955260008387969,1.3955260008387969,1.3955260008387969,0E-17,ELIGIBLE,R03b_20260811_FULL_v1,L1_ELIGIBILITY,v2026-08-11,2026-03-21..2026-08-06,baccarat_bet02_101_all_pairs_incl_sentinel,round_win = game_pnl > 0 (decisive only),COMPATIBILITY_ONLY_NOT_PRODUCTION,174.9837,156.0095,-61.4551,20,20,0.35120482,,0.35120482,0.35120482,61.4551,174.9837,THIN_EXPOSURE,0.0000,-2.4582,4.0000,96.0000,AG03-UNRESOLVED,ALL5_LEVELS_bet23_to_bet27,-2.4582,-2.4582,-2.4582,-2.4582,-2.4582,4.000000,4.000000,4.000000,4.000000,4.000000,96.000000,96.000000,96.000000,96.000000,96.000000,5.0,-12.2910,-11.3463,-49.1641,-50.1088,PENDING_AG03,FALSE,NOT_FOR_ENFORCEMENT,-58.9969,149.7691,-61.4551,-58.9969,-2.4582,-0.35120482,-0.33715663,-2.4582,-58.9969,-0.33715663,-2.4582,-2.4582,-2.4582,-2.4582,-2.4582,-58.9969,-0.33715663,-12.2910,-11.3463,-49.1641,-50.1088,-0.28096386,-0.28636282,-0.01404819,8.7492,7.8005,-3.0728,-30.7276,-10.2425,87.4918,10.0000,,8.7492,4.2165,8.4329,11.5953,15.8118,18.9741,18.9741,7.3788,4.0057,2.25,2.25,1.0375,5,5,3,2,0E-8,-0.35120482,,0E-8,0.000000,0.891566,0.000000,,2026-04-12,2026-04-27,2,6,6,16,0.125000,,,0.000000,,,,,,,,GLOBAL_BASELINE_NO_ENTITY_RANKING,,,NOT_APPLICABLE_GLOBAL_BASELINE,HF9g-P5,,,,X 全窗基线 · 不参与实体赏罚,3928772,393,A168_HF9F_20260827_0900,2026-08-27 09:00:00
2026-04-27,62210980,1363,0,27.4070794595,17.8146016486,17.8146016486,0.7500000,4,4,0.50665070000000000,0.506650700000,0.9734833216690844,0.9734833216690844,0.9734833216690844,0E-17,ELIGIBLE,R03b_20260811_FULL_v1,L1_ELIGIBILITY,v2026-08-11,2026-03-21..2026-08-06,baccarat_bet02_101_all_pairs_incl_sentinel,round_win = game_pnl > 0 (decisive only),COMPATIBILITY_ONLY_NOT_PRODUCTION,174.9837,156.0095,-61.4551,20,20,0.35120482,,0.35120482,0.35120482,61.4551,174.9837,THIN_EXPOSURE,0.0000,-2.4582,4.0000,96.0000,AG03-UNRESOLVED,ALL5_LEVELS_bet23_to_bet27,-2.4582,-2.4582,-2.4582,-2.4582,-2.4582,4.000000,4.000000,4.000000,4.000000,4.000000,96.000000,96.000000,96.000000,96.000000,96.000000,5.0,-12.2910,-11.3463,-49.1641,-50.1088,PENDING_AG03,FALSE,NOT_FOR_ENFORCEMENT,-58.9969,149.7691,-61.4551,-58.9969,-2.4582,-0.35120482,-0.33715663,-2.4582,-58.9969,-0.33715663,-2.4582,-2.4582,-2.4582,-2.4582,-2.4582,-58.9969,-0.33715663,-12.2910,-11.3463,-49.1641,-50.1088,-0.28096386,-0.28636282,-0.01404819,8.7492,7.8005,-3.0728,-30.7276,-10.2425,87.4918,10.0000,,8.7492,4.2165,8.4329,11.5953,15.8118,18.9741,18.9741,7.3788,4.0057,2.25,2.25,1.0375,5,5,3,2,0E-8,-0.35120482,,0E-8,0.000000,0.891566,0.000000,,2026-04-12,2026-04-27,2,6,6,16,0.125000,,,0.000000,,,,,,,,GLOBAL_BASELINE_NO_ENTITY_RANKING,,,NOT_APPLICABLE_GLOBAL_BASELINE,HF9g-P5,,,,X 全窗基线 · 不参与实体赏罚,3928773,393,A168_HF9F_20260827_0900,2026-08-27 09:00:00
2026-04-27,62210980,2103,0,29.5153163410,-21.2931925032,-21.2931925032,0.2500000,4,4,0.49659680000000000,0.496596800000,-0.9864100490137353,-0.9864100490137354,-0.9864100490137353,0E-17,ELIGIBLE,R03b_20260811_FULL_v1,L1_ELIGIBILITY,v2026-08-11,2026-03-21..2026-08-06,baccarat_bet02_101_all_pairs_incl_sentinel,round_win = game_pnl > 0 (decisive only),COMPATIBILITY_ONLY_NOT_PRODUCTION,174.9837,156.0095,-61.4551,20,20,0.35120482,,0.35120482,0.35120482,61.4551,174.9837,THIN_EXPOSURE,0.0000,-2.4582,4.0000,96.0000,AG03-UNRESOLVED,ALL5_LEVELS_bet23_to_bet27,-2.4582,-2.4582,-2.4582,-2.4582,-2.4582,4.000000,4.000000,4.000000,4.000000,4.000000,96.000000,96.000000,96.000000,96.000000,96.000000,5.0,-12.2910,-11.3463,-49.1641,-50.1088,PENDING_AG03,FALSE,NOT_FOR_ENFORCEMENT,-58.9969,149.7691,-61.4551,-58.9969,-2.4582,-0.35120482,-0.33715663,-2.4582,-58.9969,-0.33715663,-2.4582,-2.4582,-2.4582,-2.4582,-2.4582,-58.9969,-0.33715663,-12.2910,-11.3463,-49.1641,-50.1088,-0.28096386,-0.28636282,-0.01404819,8.7492,7.8005,-3.0728,-30.7276,-10.2425,87.4918,10.0000,,8.7492,4.2165,8.4329,11.5953,15.8118,18.9741,18.9741,7.3788,4.0057,2.25,2.25,1.0375,5,5,3,2,0E-8,-0.35120482,,0E-8,0.000000,0.891566,0.000000,,2026-04-12,2026-04-27,2,6,6,16,0.125000,,,0.000000,,,,,,,,GLOBAL_BASELINE_NO_ENTITY_RANKING,,,NOT_APPLICABLE_GLOBAL_BASELINE,HF9g-P5,,,,X 全窗基线 · 不参与实体赏罚,3928774,393,A168_HF9F_20260827_0900,2026-08-27 09:00:00
2026-04-27,62210980,2254,0,6.3247106445,-6.3247106445,-6.3247106445,0E-7,1,1,0.49324550000000000,0.493245500000,-0.9865810262130424,-0.9865810262130424,-0.9865810262130424,0E-17,ELIGIBLE,R03b_20260811_FULL_v1,L1_ELIGIBILITY,v2026-08-11,2026-03-21..2026-08-06,baccarat_bet02_101_all_pairs_incl_sentinel,round_win = game_pnl > 0 (decisive only),COMPATIBILITY_ONLY_NOT_PRODUCTION,174.9837,156.0095,-61.4551,20,20,0.35120482,,0.35120482,0.35120482,61.4551,174.9837,THIN_EXPOSURE,0.0000,-2.4582,4.0000,96.0000,AG03-UNRESOLVED,ALL5_LEVELS_bet23_to_bet27,-2.4582,-2.4582,-2.4582,-2.4582,-2.4582,4.000000,4.000000,4.000000,4.000000,4.000000,96.000000,96.000000,96.000000,96.000000,96.000000,5.0,-12.2910,-11.3463,-49.1641,-50.1088,PENDING_AG03,FALSE,NOT_FOR_ENFORCEMENT,-58.9969,149.7691,-61.4551,-58.9969,-2.4582,-0.35120482,-0.33715663,-2.4582,-58.9969,-0.33715663,-2.4582,-2.4582,-2.4582,-2.4582,-2.4582,-58.9969,-0.33715663,-12.2910,-11.3463,-49.1641,-50.1088,-0.28096386,-0.28636282,-0.01404819,8.7492,7.8005,-3.0728,-30.7276,-10.2425,87.4918,10.0000,,8.7492,4.2165,8.4329,11.5953,15.8118,18.9741,18.9741,7.3788,4.0057,2.25,2.25,1.0375,5,5,3,2,0E-8,-0.35120482,,0E-8,0.000000,0.891566,0.000000,,2026-04-12,2026-04-27,2,6,6,16,0.125000,,,0.000000,,,,,,,,GLOBAL_BASELINE_NO_ENTITY_RANKING,,,NOT_APPLICABLE_GLOBAL_BASELINE,HF9g-P5,,,,X 全窗基线 · 不参与实体赏罚,3928775,393,A168_HF9F_20260827_0900,2026-08-27 09:00:00
2026-04-27,62210980,550,0,103.3036071935,63.2471064450,63.2471064450,0.8750000,9,9,0.49324550000000000,0.493245500000,2.15972664216405,2.15972664216405,2.15972664216405,0E-17,ELIGIBLE,R03b_20260811_FULL_v1,L1_ELIGIBILITY,v2026-08-11,2026-03-21..2026-08-06,baccarat_bet02_101_all_pairs_incl_sentinel,round_win = game_pnl > 0 (decisive only),COMPATIBILITY_ONLY_NOT_PRODUCTION,174.9837,156.0095,-61.4551,20,20,0.35120482,,0.35120482,0.35120482,61.4551,174.9837,THIN_EXPOSURE,0.0000,-2.4582,4.0000,96.0000,AG03-UNRESOLVED,ALL5_LEVELS_bet23_to_bet27,-2.4582,-2.4582,-2.4582,-2.4582,-2.4582,4.000000,4.000000,4.000000,4.000000,4.000000,96.000000,96.000000,96.000000,96.000000,96.000000,5.0,-12.2910,-11.3463,-49.1641,-50.1088,PENDING_AG03,FALSE,NOT_FOR_ENFORCEMENT,-58.9969,149.7691,-61.4551,-58.9969,-2.4582,-0.35120482,-0.33715663,-2.4582,-58.9969,-0.33715663,-2.4582,-2.4582,-2.4582,-2.4582,-2.4582,-58.9969,-0.33715663,-12.2910,-11.3463,-49.1641,-50.1088,-0.28096386,-0.28636282,-0.01404819,8.7492,7.8005,-3.0728,-30.7276,-10.2425,87.4918,10.0000,,8.7492,4.2165,8.4329,11.5953,15.8118,18.9741,18.9741,7.3788,4.0057,2.25,2.25,1.0375,5,5,3,2,0E-8,-0.35120482,,0E-8,0.000000,0.891566,0.000000,,2026-04-12,2026-04-27,2,6,6,16,0.125000,,,0.000000,,,,,,,,GLOBAL_BASELINE_NO_ENTITY_RANKING,,,NOT_APPLICABLE_GLOBAL_BASELINE,HF9g-P5,,,,X 全窗基线 · 不参与实体赏罚,3928776,393,A168_HF9F_20260827_0900,2026-08-27 09:00:00
2026-04-11,120526028,-1,1,71.6800539709,26.9854320831,26.9854320831,0.5000000,2,2,0.49994810000000000,0.499948100000,0.00014679536856514622,0.00014679536856514622,0.00014679536856514622,0E-17,SENTINEL_DEALER,R03b_20260811_FULL_v1,L1_ELIGIBILITY,v2026-08-11,2026-03-21..2026-08-06,baccarat_bet02_101_all_pairs_incl_sentinel,round_win = game_pnl > 0 (decisive only),COMPATIBILITY_ONLY_NOT_PRODUCTION,489.1110,455.3792,-61.4551,12,12,0.12564655,,0.12564655,0.12564655,61.4551,489.1110,THIN_EXPOSURE,0.0000,-2.4582,4.0000,96.0000,AG03-UNRESOLVED,ALL5_LEVELS_bet23_to_bet27,-2.4582,-2.4582,-2.4582,-3.6873,-3.6873,4.000000,4.000000,4.000000,6.000000,6.000000,96.000000,96.000000,96.000000,94.000000,94.000000,5.0,-14.7492,-13.4124,-46.7059,-48.0427,PENDING_AG03,FALSE,NOT_FOR_ENFORCEMENT,-58.9969,437.1640,-61.4551,-58.9969,-2.4582,-0.12564655,-0.12062069,-2.4582,-58.9969,-0.12062069,-2.4582,-2.4582,-2.4582,-3.6873,-3.6873,-58.9969,-0.12062069,-14.7492,-13.4124,-46.7059,-48.0427,-0.09549138,-0.09822453,-0.00502586,40.7592,37.9483,-5.1213,-61.4551,-8.7793,489.1110,12.0000,,40.7592,32.6777,40.0565,51.6518,55.8683,62.193,63.2471,40.0565,13.7035,1.552631,1.578947,1.017544,7,7,1,2,0E-8,-0.12564655,,0E-8,0.000000,0.931034,0.000000,,2026-04-11,2026-04-11,1,7,7,1,1.000000,,,0.000000,,,,,,,,GLOBAL_BASELINE_NO_ENTITY_RANKING,,,NOT_APPLICABLE_GLOBAL_BASELINE,HF9g-P5,,,,X 全窗基线 · 不参与实体赏罚,3928777,393,A168_HF9F_20260827_0900,2026-08-27 09:00:00
2026-04-11,120526028,1205,0,42.1647376299,-42.1647376299,-42.1647376299,0E-7,1,1,0.49324550000000000,0.493245500000,-0.9865810262130424,-0.9865810262130424,-0.9865810262130424,0E-17,ELIGIBLE,R03b_20260811_FULL_v1,L1_ELIGIBILITY,v2026-08-11,2026-03-21..2026-08-06,baccarat_bet02_101_all_pairs_incl_sentinel,round_win = game_pnl > 0 (decisive only),COMPATIBILITY_ONLY_NOT_PRODUCTION,489.1110,455.3792,-61.4551,12,12,0.12564655,,0.12564655,0.12564655,61.4551,489.1110,THIN_EXPOSURE,0.0000,-2.4582,4.0000,96.0000,AG03-UNRESOLVED,ALL5_LEVELS_bet23_to_bet27,-2.4582,-2.4582,-2.4582,-3.6873,-3.6873,4.000000,4.000000,4.000000,6.000000,6.000000,96.000000,96.000000,96.000000,94.000000,94.000000,5.0,-14.7492,-13.4124,-46.7059,-48.0427,PENDING_AG03,FALSE,NOT_FOR_ENFORCEMENT,-58.9969,437.1640,-61.4551,-58.9969,-2.4582,-0.12564655,-0.12062069,-2.4582,-58.9969,-0.12062069,-2.4582,-2.4582,-2.4582,-3.6873,-3.6873,-58.9969,-0.12062069,-14.7492,-13.4124,-46.7059,-48.0427,-0.09549138,-0.09822453,-0.00502586,40.7592,37.9483,-5.1213,-61.4551,-8.7793,489.1110,12.0000,,40.7592,32.6777,40.0565,51.6518,55.8683,62.193,63.2471,40.0565,13.7035,1.552631,1.578947,1.017544,7,7,1,2,0E-8,-0.12564655,,0E-8,0.000000,0.931034,0.000000,,2026-04-11,2026-04-11,1,7,7,1,1.000000,,,0.000000,,,,,,,,GLOBAL_BASELINE_NO_ENTITY_RANKING,,,NOT_APPLICABLE_GLOBAL_BASELINE,HF9g-P5,,,,X 全窗基线 · 不参与实体赏罚,3928778,393,A168_HF9F_20260827_0900,2026-08-27 09:00:00
2026-04-11,120526028,1302,0,31.6235532224,31.6235532224,31.6235532224,1.0000000,1,1,0.49324550000000000,0.493245500000,1.01360149184955,1.01360149184955,1.01360149184955,0E-17,ELIGIBLE,R03b_20260811_FULL_v1,L1_ELIGIBILITY,v2026-08-11,2026-03-21..2026-08-06,baccarat_bet02_101_all_pairs_incl_sentinel,round_win = game_pnl > 0 (decisive only),COMPATIBILITY_ONLY_NOT_PRODUCTION,489.1110,455.3792,-61.4551,12,12,0.12564655,,0.12564655,0.12564655,61.4551,489.1110,THIN_EXPOSURE,0.0000,-2.4582,4.0000,96.0000,AG03-UNRESOLVED,ALL5_LEVELS_bet23_to_bet27,-2.4582,-2.4582,-2.4582,-3.6873,-3.6873,4.000000,4.000000,4.000000,6.000000,6.000000,96.000000,96.000000,96.000000,94.000000,94.000000,5.0,-14.7492,-13.4124,-46.7059,-48.0427,PENDING_AG03,FALSE,NOT_FOR_ENFORCEMENT,-58.9969,437.1640,-61.4551,-58.9969,-2.4582,-0.12564655,-0.12062069,-2.4582,-58.9969,-0.12062069,-2.4582,-2.4582,-2.4582,-3.6873,-3.6873,-58.9969,-0.12062069,-14.7492,-13.4124,-46.7059,-48.0427,-0.09549138,-0.09822453,-0.00502586,40.7592,37.9483,-5.1213,-61.4551,-8.7793,489.1110,12.0000,,40.7592,32.6777,40.0565,51.6518,55.8683,62.193,63.2471,40.0565,13.7035,1.552631,1.578947,1.017544,7,7,1,2,0E-8,-0.12564655,,0E-8,0.000000,0.931034,0.000000,,2026-04-11,2026-04-11,1,7,7,1,1.000000,,,0.000000,,,,,,,,GLOBAL_BASELINE_NO_ENTITY_RANKING,,,NOT_APPLICABLE_GLOBAL_BASELINE,HF9g-P5,,,,X 全窗基线 · 不参与实体赏罚,3928779,393,A168_HF9F_20260827_0900,2026-08-27 09:00:00
2026-04-11,120526028,2169,0,63.2471064449,60.0847511226,60.0847511226,1.0000000,1,1,0.50665070000000000,0.506650700000,0.9867858985152569,0.9867858985152569,0.9867858985152569,0E-17,ELIGIBLE,R03b_20260811_FULL_v1,L1_ELIGIBILITY,v2026-08-11,2026-03-21..2026-08-06,baccarat_bet02_101_all_pairs_incl_sentinel,round_win = game_pnl > 0 (decisive only),COMPATIBILITY_ONLY_NOT_PRODUCTION,489.1110,455.3792,-61.4551,12,12,0.12564655,,0.12564655,0.12564655,61.4551,489.1110,THIN_EXPOSURE,0.0000,-2.4582,4.0000,96.0000,AG03-UNRESOLVED,ALL5_LEVELS_bet23_to_bet27,-2.4582,-2.4582,-2.4582,-3.6873,-3.6873,4.000000,4.000000,4.000000,6.000000,6.000000,96.000000,96.000000,96.000000,94.000000,94.000000,5.0,-14.7492,-13.4124,-46.7059,-48.0427,PENDING_AG03,FALSE,NOT_FOR_ENFORCEMENT,-58.9969,437.1640,-61.4551,-58.9969,-2.4582,-0.12564655,-0.12062069,-2.4582,-58.9969,-0.12062069,-2.4582,-2.4582,-2.4582,-3.6873,-3.6873,-58.9969,-0.12062069,-14.7492,-13.4124,-46.7059,-48.0427,-0.09549138,-0.09822453,-0.00502586,40.7592,37.9483,-5.1213,-61.4551,-8.7793,489.1110,12.0000,,40.7592,32.6777,40.0565,51.6518,55.8683,62.193,63.2471,40.0565,13.7035,1.552631,1.578947,1.017544,7,7,1,2,0E-8,-0.12564655,,0E-8,0.000000,0.931034,0.000000,,2026-04-11,2026-04-11,1,7,7,1,1.000000,,,0.000000,,,,,,,,GLOBAL_BASELINE_NO_ENTITY_RANKING,,,NOT_APPLICABLE_GLOBAL_BASELINE,HF9g-P5,,,,X 全窗基线 · 不参与实体赏罚,3928780,393,A168_HF9F_20260827_0900,2026-08-27 09:00:00
2026-04-11,120526028,2196,0,103.3036071932,-48.4894482744,-48.4894482744,0.3333333,3,3,0.49324550000000000,0.493245500000,-0.5540025479526107,-0.5540025479526106,-0.5540025479526107,0E-17,ELIGIBLE,R03b_20260811_FULL_v1,L1_ELIGIBILITY,v2026-08-11,2026-03-21..2026-08-06,baccarat_bet02_101_all_pairs_incl_sentinel,round_win = game_pnl > 0 (decisive only),COMPATIBILITY_ONLY_NOT_PRODUCTION,489.1110,455.3792,-61.4551,12,12,0.12564655,,0.12564655,0.12564655,61.4551,489.1110,THIN_EXPOSURE,0.0000,-2.4582,4.0000,96.0000,AG03-UNRESOLVED,ALL5_LEVELS_bet23_to_bet27,-2.4582,-2.4582,-2.4582,-3.6873,-3.6873,4.000000,4.000000,4.000000,6.000000,6.000000,96.000000,96.000000,96.000000,94.000000,94.000000,5.0,-14.7492,-13.4124,-46.7059,-48.0427,PENDING_AG03,FALSE,NOT_FOR_ENFORCEMENT,-58.9969,437.1640,-61.4551,-58.9969,-2.4582,-0.12564655,-0.12062069,-2.4582,-58.9969,-0.12062069,-2.4582,-2.4582,-2.4582,-3.6873,-3.6873,-58.9969,-0.12062069,-14.7492,-13.4124,-46.7059,-48.0427,-0.09549138,-0.09822453,-0.00502586,40.7592,37.9483,-5.1213,-61.4551,-8.7793,489.1110,12.0000,,40.7592,32.6777,40.0565,51.6518,55.8683,62.193,63.2471,40.0565,13.7035,1.552631,1.578947,1.017544,7,7,1,2,0E-8,-0.12564655,,0E-8,0.000000,0.931034,0.000000,,2026-04-11,2026-04-11,1,7,7,1,1.000000,,,0.000000,,,,,,,,GLOBAL_BASELINE_NO_ENTITY_RANKING,,,NOT_APPLICABLE_GLOBAL_BASELINE,HF9g-P5,,,,X 全窗基线 · 不参与实体赏罚,3928781,393,A168_HF9F_20260827_0900,2026-08-27 09:00:00
2026-04-11,120526028,2251,0,124.3859760082,-16.6550713638,-16.6550713638,0.5000000,3,3,0.50665070000000000,0.506650700000,-0.018812684590367487,-0.018812684590367487,-0.018812684590367487,0E-17,ELIGIBLE,R03b_20260811_FULL_v1,L1_ELIGIBILITY,v2026-08-11,2026-03-21..2026-08-06,baccarat_bet02_101_all_pairs_incl_sentinel,round_win = game_pnl > 0 (decisive only),COMPATIBILITY_ONLY_NOT_PRODUCTION,489.1110,455.3792,-61.4551,12,12,0.12564655,,0.12564655,0.12564655,61.4551,489.1110,THIN_EXPOSURE,0.0000,-2.4582,4.0000,96.0000,AG03-UNRESOLVED,ALL5_LEVELS_bet23_to_bet27,-2.4582,-2.4582,-2.4582,-3.6873,-3.6873,4.000000,4.000000,4.000000,6.000000,6.000000,96.000000,96.000000,96.000000,94.000000,94.000000,5.0,-14.7492,-13.4124,-46.7059,-48.0427,PENDING_AG03,FALSE,NOT_FOR_ENFORCEMENT,-58.9969,437.1640,-61.4551,-58.9969,-2.4582,-0.12564655,-0.12062069,-2.4582,-58.9969,-0.12062069,-2.4582,-2.4582,-2.4582,-3.6873,-3.6873,-58.9969,-0.12062069,-14.7492,-13.4124,-46.7059,-48.0427,-0.09549138,-0.09822453,-0.00502586,40.7592,37.9483,-5.1213,-61.4551,-8.7793,489.1110,12.0000,,40.7592,32.6777,40.0565,51.6518,55.8683,62.193,63.2471,40.0565,13.7035,1.552631,1.578947,1.017544,7,7,1,2,0E-8,-0.12564655,,0E-8,0.000000,0.931034,0.000000,,2026-04-11,2026-04-11,1,7,7,1,1.000000,,,0.000000,,,,,,,,GLOBAL_BASELINE_NO_ENTITY_RANKING,,,NOT_APPLICABLE_GLOBAL_BASELINE,HF9g-P5,,,,X 全窗基线 · 不参与实体赏罚,3928782,393,A168_HF9F_20260827_0900,2026-08-27 09:00:00
2026-04-11,120526028,970,0,52.7059220374,50.0706259355,50.0706259355,1.0000000,1,1,0.50665070000000000,0.506650700000,0.9867858985152569,0.9867858985152569,0.9867858985152569,0E-17,ELIGIBLE,R03b_20260811_FULL_v1,L1_ELIGIBILITY,v2026-08-11,2026-03-21..2026-08-06,baccarat_bet02_101_all_pairs_incl_sentinel,round_win = game_pnl > 0 (decisive only),COMPATIBILITY_ONLY_NOT_PRODUCTION,489.1110,455.3792,-61.4551,12,12,0.12564655,,0.12564655,0.12564655,61.4551,489.1110,THIN_EXPOSURE,0.0000,-2.4582,4.0000,96.0000,AG03-UNRESOLVED,ALL5_LEVELS_bet23_to_bet27,-2.4582,-2.4582,-2.4582,-3.6873,-3.6873,4.000000,4.000000,4.000000,6.000000,6.000000,96.000000,96.000000,96.000000,94.000000,94.000000,5.0,-14.7492,-13.4124,-46.7059,-48.0427,PENDING_AG03,FALSE,NOT_FOR_ENFORCEMENT,-58.9969,437.1640,-61.4551,-58.9969,-2.4582,-0.12564655,-0.12062069,-2.4582,-58.9969,-0.12062069,-2.4582,-2.4582,-2.4582,-3.6873,-3.6873,-58.9969,-0.12062069,-14.7492,-13.4124,-46.7059,-48.0427,-0.09549138,-0.09822453,-0.00502586,40.7592,37.9483,-5.1213,-61.4551,-8.7793,489.1110,12.0000,,40.7592,32.6777,40.0565,51.6518,55.8683,62.193,63.2471,40.0565,13.7035,1.552631,1.578947,1.017544,7,7,1,2,0E-8,-0.12564655,,0E-8,0.000000,0.931034,0.000000,,2026-04-11,2026-04-11,1,7,7,1,1.000000,,,0.000000,,,,,,,,GLOBAL_BASELINE_NO_ENTITY_RANKING,,,NOT_APPLICABLE_GLOBAL_BASELINE,HF9g-P5,,,,X 全窗基线 · 不参与实体赏罚,3928783,393,A168_HF9F_20260827_0900,2026-08-27 09:00:00
2026-05-10,149850588,2101,0,145.2960406829,9.0810025426,9.0810025426,0.5000000,6,6,0.43350765000000000,0.433507650000,0.3286638208686017,0.3286638208686017,0.3286638208686017,0E-17,ELIGIBLE,R03b_20260811_FULL_v1,L1_ELIGIBILITY,v2026-08-11,2026-03-21..2026-08-06,baccarat_bet02_101_all_pairs_incl_sentinel,round_win = game_pnl > 0 (decisive only),COMPATIBILITY_ONLY_NOT_PRODUCTION,1967.4641,1785.8440,-61.4524,35,35,0.03123434,,0.03123434,0.03123434,61.4524,1967.4641,OK,0.0000,-2.4581,4.0000,96.0000,AG03-UNRESOLVED,ALL5_LEVELS_bet23_to_bet27,-2.4581,-2.4581,-2.4581,-3.0726,-3.0726,4.000000,4.000000,4.000000,5.000000,5.000000,96.000000,96.000000,96.000000,95.000000,95.000000,5.0,-13.5195,-12.3842,-47.9329,-49.0682,PENDING_AG03,FALSE,NOT_FOR_ENFORCEMENT,-58.9943,1714.4103,-61.4524,-58.9943,-2.4581,-0.03123434,-0.02998497,-2.4581,-58.9943,-0.02998497,-2.4581,-2.4581,-2.4581,-3.0726,-3.0726,-58.9943,-0.02998497,-13.5195,-12.3842,-47.9329,-49.0682,-0.02436279,-0.02493982,-0.00124937,56.2133,51.0241,-1.7558,-20.4841,-20.4841,655.8214,11.6667,,56.2133,25.9457,51.8914,71.3507,104.5613,160.604,209.1225,51.8914,0.0,3.095,4.03,1.083286,3,4,1,3,0E-8,-0.03123434,,0E-8,0.000000,0.907688,0.000000,,2026-05-10,2026-05-12,3,3,3,3,1.000000,,,0.000000,,,,,,,,GLOBAL_BASELINE_NO_ENTITY_RANKING,,,NOT_APPLICABLE_GLOBAL_BASELINE,HF9g-P5,,,,X 全窗基线 · 不参与实体赏罚,3928784,393,A168_HF9F_20260827_0900,2026-08-27 09:00:00
2026-05-11,149850588,1405,0,521.2495459498,106.1180011418,106.1180011418,0.4000000,5,5,0.49324550000000000,0.493245500000,-0.4170446088060018,-0.4170446088060018,-0.4170446088060018,0E-17,ELIGIBLE,R03b_20260811_FULL_v1,L1_ELIGIBILITY,v2026-08-11,2026-03-21..2026-08-06,baccarat_bet02_101_all_pairs_incl_sentinel,round_win = game_pnl > 0 (decisive only),COMPATIBILITY_ONLY_NOT_PRODUCTION,1967.4641,1785.8440,-61.4524,35,35,0.03123434,,0.03123434,0.03123434,61.4524,1967.4641,OK,0.0000,-2.4581,4.0000,96.0000,AG03-UNRESOLVED,ALL5_LEVELS_bet23_to_bet27,-2.4581,-2.4581,-2.4581,-3.0726,-3.0726,4.000000,4.000000,4.000000,5.000000,5.000000,96.000000,96.000000,96.000000,95.000000,95.000000,5.0,-13.5195,-12.3842,-47.9329,-49.0682,PENDING_AG03,FALSE,NOT_FOR_ENFORCEMENT,-58.9943,1714.4103,-61.4524,-58.9943,-2.4581,-0.03123434,-0.02998497,-2.4581,-58.9943,-0.02998497,-2.4581,-2.4581,-2.4581,-3.0726,-3.0726,-58.9943,-0.02998497,-13.5195,-12.3842,-47.9329,-49.0682,-0.02436279,-0.02493982,-0.00124937,56.2133,51.0241,-1.7558,-20.4841,-20.4841,655.8214,11.6667,,56.2133,25.9457,51.8914,71.3507,104.5613,160.604,209.1225,51.8914,0.0,3.095,4.03,1.083286,3,4,1,3,0E-8,-0.03123434,,0E-8,0.000000,0.907688,0.000000,,2026-05-10,2026-05-12,3,3,3,3,1.000000,,,0.000000,,,,,,,,GLOBAL_BASELINE_NO_ENTITY_RANKING,,,NOT_APPLICABLE_GLOBAL_BASELINE,HF9g-P5,,,,X 全窗基线 · 不参与实体赏罚,3928785,393,A168_HF9F_20260827_0900,2026-08-27 09:00:00
2026-05-11,149850588,1956,0,389.1858232575,127.1340355975,127.1340355975,0.6666667,7,7,0.49899058571428571,0.498990585714,0.8214433547731099,0.8214433547745106,0.8214433547731099,2.8571E-13,ELIGIBLE,R03b_20260811_FULL_v1,L1_ELIGIBILITY,v2026-08-11,2026-03-21..2026-08-06,baccarat_bet02_101_all_pairs_incl_sentinel,round_win = game_pnl > 0 (decisive only),COMPATIBILITY_ONLY_NOT_PRODUCTION,1967.4641,1785.8440,-61.4524,35,35,0.03123434,,0.03123434,0.03123434,61.4524,1967.4641,OK,0.0000,-2.4581,4.0000,96.0000,AG03-UNRESOLVED,ALL5_LEVELS_bet23_to_bet27,-2.4581,-2.4581,-2.4581,-3.0726,-3.0726,4.000000,4.000000,4.000000,5.000000,5.000000,96.000000,96.000000,96.000000,95.000000,95.000000,5.0,-13.5195,-12.3842,-47.9329,-49.0682,PENDING_AG03,FALSE,NOT_FOR_ENFORCEMENT,-58.9943,1714.4103,-61.4524,-58.9943,-2.4581,-0.03123434,-0.02998497,-2.4581,-58.9943,-0.02998497,-2.4581,-2.4581,-2.4581,-3.0726,-3.0726,-58.9943,-0.02998497,-13.5195,-12.3842,-47.9329,-49.0682,-0.02436279,-0.02493982,-0.00124937,56.2133,51.0241,-1.7558,-20.4841,-20.4841,655.8214,11.6667,,56.2133,25.9457,51.8914,71.3507,104.5613,160.604,209.1225,51.8914,0.0,3.095,4.03,1.083286,3,4,1,3,0E-8,-0.03123434,,0E-8,0.000000,0.907688,0.000000,,2026-05-10,2026-05-12,3,3,3,3,1.000000,,,0.000000,,,,,,,,GLOBAL_BASELINE_NO_ENTITY_RANKING,,,NOT_APPLICABLE_GLOBAL_BASELINE,HF9g-P5,,,,X 全窗基线 · 不参与实体赏罚,3928786,393,A168_HF9F_20260827_0900,2026-08-27 09:00:00
2026-05-12,149850588,1210,0,911.7326552848,-180.8805977893,-180.8805977893,0.4285714,17,17,0.50270799411764706,0.502707994118,-0.5547953931586062,-0.5547953931612495,-0.5547953931586062,-3.5294E-13,ELIGIBLE,R03b_20260811_FULL_v1,L1_ELIGIBILITY,v2026-08-11,2026-03-21..2026-08-06,baccarat_bet02_101_all_pairs_incl_sentinel,round_win = game_pnl > 0 (decisive only),COMPATIBILITY_ONLY_NOT_PRODUCTION,1967.4641,1785.8440,-61.4524,35,35,0.03123434,,0.03123434,0.03123434,61.4524,1967.4641,OK,0.0000,-2.4581,4.0000,96.0000,AG03-UNRESOLVED,ALL5_LEVELS_bet23_to_bet27,-2.4581,-2.4581,-2.4581,-3.0726,-3.0726,4.000000,4.000000,4.000000,5.000000,5.000000,96.000000,96.000000,96.000000,95.000000,95.000000,5.0,-13.5195,-12.3842,-47.9329,-49.0682,PENDING_AG03,FALSE,NOT_FOR_ENFORCEMENT,-58.9943,1714.4103,-61.4524,-58.9943,-2.4581,-0.03123434,-0.02998497,-2.4581,-58.9943,-0.02998497,-2.4581,-2.4581,-2.4581,-3.0726,-3.0726,-58.9943,-0.02998497,-13.5195,-12.3842,-47.9329,-49.0682,-0.02436279,-0.02493982,-0.00124937,56.2133,51.0241,-1.7558,-20.4841,-20.4841,655.8214,11.6667,,56.2133,25.9457,51.8914,71.3507,104.5613,160.604,209.1225,51.8914,0.0,3.095,4.03,1.083286,3,4,1,3,0E-8,-0.03123434,,0E-8,0.000000,0.907688,0.000000,,2026-05-10,2026-05-12,3,3,3,3,1.000000,,,0.000000,,,,,,,,GLOBAL_BASELINE_NO_ENTITY_RANKING,,,NOT_APPLICABLE_GLOBAL_BASELINE,HF9g-P5,,,,X 全窗基线 · 不参与实体赏罚,3928787,393,A168_HF9F_20260827_0900,2026-08-27 09:00:00
2026-07-10,152770044,471,0,61.4463119304,61.4463119304,61.4463119304,1.0000000,1,1,0.49324550000000000,0.493245500000,1.01360149184955,1.01360149184955,1.01360149184955,0E-17,ELIGIBLE,R03b_20260811_FULL_v1,L1_ELIGIBILITY,v2026-08-11,2026-03-21..2026-08-06,baccarat_bet02_101_all_pairs_incl_sentinel,round_win = game_pnl > 0 (decisive only),COMPATIBILITY_ONLY_NOT_PRODUCTION,61.4463,61.4463,-61.4463,1,1,1.00000000,1.00000000,,1.00000000,61.4463,61.4463,THIN_EXPOSURE,0.0000,-2.4579,4.0000,96.0000,AG03-UNRESOLVED,ALL5_LEVELS_bet23_to_bet27,-2.4579,-2.4579,-2.4579,-3.0723,-3.0723,4.000000,4.000000,4.000000,5.000000,5.000000,96.000000,96.000000,96.000000,95.000000,95.000000,5.0,-13.5182,-12.383,-47.9281,-49.0633,PENDING_AG03,FALSE,NOT_FOR_ENFORCEMENT,-58.9885,58.9885,-61.4463,-58.9885,-2.4579,-1.00000000,-0.96000000,-2.4579,-58.9885,-0.96000000,-2.4579,-2.4579,-2.4579,-3.0723,-3.0723,-58.9885,-0.96000000,-13.5182,-12.383,-47.9281,-49.0633,-0.78000000,-0.79847424,-0.04000000,61.4463,61.4463,-61.4463,-61.4463,-61.4463,61.4463,1.0000,61.4463,,61.4463,61.4463,61.4463,61.4463,61.4463,61.4463,61.4463,61.4463,1.0,1.0,1.0,1,1,1,1,1.00000000,-1.00000000,-1.00000000,0E-8,0.000000,1.000000,0.000000,,2026-07-10,2026-07-10,1,1,1,1,1.000000,,1.000000,3.333333,,,,,,,,GLOBAL_BASELINE_NO_ENTITY_RANKING,,,NOT_APPLICABLE_GLOBAL_BASELINE,HF9g-P5,,,,X 全窗基线 · 不参与实体赏罚,3928788,393,A168_HF9F_20260827_0900,2026-08-27 09:00:00
2026-07-18,153180805,2246,0,41.5666227764,36.4030671520,36.4030671520,1.0000000,2,2,0.49994810000000000,0.499948100000,1.0001038053877793,1.0001038053877793,1.0001038053877793,0E-17,ELIGIBLE,R03b_20260811_FULL_v1,L1_ELIGIBILITY,v2026-08-11,2026-03-21..2026-08-06,baccarat_bet02_101_all_pairs_incl_sentinel,round_win = game_pnl > 0 (decisive only),COMPATIBILITY_ONLY_NOT_PRODUCTION,82.8751,62.2208,-61.4463,6,6,0.74143302,0.74143302,,0.74143302,61.4463,82.8751,THIN_EXPOSURE,0.0000,-2.4579,4.0000,96.0000,AG03-UNRESOLVED,ALL5_LEVELS_bet23_to_bet27,-2.4579,-2.4579,-3.0723,-3.0723,-3.0723,4.000000,4.000000,5.000000,5.000000,5.000000,96.000000,96.000000,95.000000,95.000000,95.000000,5.0,-14.1327,-12.8941,-47.3137,-48.5522,PENDING_AG03,FALSE,NOT_FOR_ENFORCEMENT,-58.9885,59.7320,-61.4463,-58.9885,-2.4579,-0.74143302,-0.71177570,-2.4579,-58.9885,-0.71177570,-2.4579,-2.4579,-3.0723,-3.0723,-3.0723,-58.9885,-0.71177570,-14.1327,-12.8941,-47.3137,-48.5522,-0.57090343,-0.58584834,-0.02965732,13.8125,10.3701,-10.2411,-61.4463,-30.7232,82.8751,6.0000,13.8125,,7.7453,9.0362,15.4907,34.3118,36.4031,36.4031,5.1636,5.1636,4.028572,4.028572,1.528571,2,2,1,2,1.00000000,-0.74143302,-0.74143302,0E-8,0.000000,0.750779,0.000000,,2026-07-18,2026-07-18,1,2,2,1,1.000000,,1.000000,3.333333,,,,,,,,GLOBAL_BASELINE_NO_ENTITY_RANKING,,,NOT_APPLICABLE_GLOBAL_BASELINE,HF9g-P5,,,,X 全窗基线 · 不参与实体赏罚,3928789,393,A168_HF9F_20260827_0900,2026-08-27 09:00:00
2026-07-18,153180805,789,0,41.3084449952,25.0432447783,25.0432447783,1.0000000,4,4,0.49994810000000000,0.499948100000,1.4143603653603398,1.4143603653603398,1.4143603653603398,0E-17,ELIGIBLE,R03b_20260811_FULL_v1,L1_ELIGIBILITY,v2026-08-11,2026-03-21..2026-08-06,baccarat_bet02_101_all_pairs_incl_sentinel,round_win = game_pnl > 0 (decisive only),COMPATIBILITY_ONLY_NOT_PRODUCTION,82.8751,62.2208,-61.4463,6,6,0.74143302,0.74143302,,0.74143302,61.4463,82.8751,THIN_EXPOSURE,0.0000,-2.4579,4.0000,96.0000,AG03-UNRESOLVED,ALL5_LEVELS_bet23_to_bet27,-2.4579,-2.4579,-3.0723,-3.0723,-3.0723,4.000000,4.000000,5.000000,5.000000,5.000000,96.000000,96.000000,95.000000,95.000000,95.000000,5.0,-14.1327,-12.8941,-47.3137,-48.5522,PENDING_AG03,FALSE,NOT_FOR_ENFORCEMENT,-58.9885,59.7320,-61.4463,-58.9885,-2.4579,-0.74143302,-0.71177570,-2.4579,-58.9885,-0.71177570,-2.4579,-2.4579,-3.0723,-3.0723,-3.0723,-58.9885,-0.71177570,-14.1327,-12.8941,-47.3137,-48.5522,-0.57090343,-0.58584834,-0.02965732,13.8125,10.3701,-10.2411,-61.4463,-30.7232,82.8751,6.0000,13.8125,,7.7453,9.0362,15.4907,34.3118,36.4031,36.4031,5.1636,5.1636,4.028572,4.028572,1.528571,2,2,1,2,1.00000000,-0.74143302,-0.74143302,0E-8,0.000000,0.750779,0.000000,,2026-07-18,2026-07-18,1,2,2,1,1.000000,,1.000000,3.333333,,,,,,,,GLOBAL_BASELINE_NO_ENTITY_RANKING,,,NOT_APPLICABLE_GLOBAL_BASELINE,HF9g-P5,,,,X 全窗基线 · 不参与实体赏罚,3928790,393,A168_HF9F_20260827_0900,2026-08-27 09:00:00
2026-07-14,126685876,1221,0,400.1755608910,63.2535563989,63.2535563989,0.5833333,16,16,0.49408332500000000,0.494083325000,0.6183854932480507,0.6183854932480507,0.6183854932480507,0E-17,ELIGIBLE,R03b_20260811_FULL_v1,L1_ELIGIBILITY,v2026-08-11,2026-03-21..2026-08-06,baccarat_bet02_101_all_pairs_incl_sentinel,round_win = game_pnl > 0 (decisive only),COMPATIBILITY_ONLY_NOT_PRODUCTION,1003.2789,785.6350,-61.4463,37,37,0.06124550,0.06124550,,0.06124550,61.4463,1003.2789,OK,0.0000,-2.4579,4.0000,96.0000,AG03-UNRESOLVED,ALL5_LEVELS_bet23_to_bet27,-2.4579,-2.4579,-2.4579,-2.4579,-2.4579,4.000000,4.000000,4.000000,4.000000,4.000000,96.000000,96.000000,96.000000,96.000000,96.000000,5.0,-12.2893,-11.3447,-49.1570,-50.1016,PENDING_AG03,FALSE,NOT_FOR_ENFORCEMENT,-58.9885,754.2096,-61.4463,-58.9885,-2.4579,-0.06124550,-0.05879568,-2.4579,-58.9885,-0.05879568,-2.4579,-2.4579,-2.4579,-2.4579,-2.4579,-58.9885,-0.05879568,-12.2893,-11.3447,-49.1570,-50.1016,-0.04899640,-0.04993791,-0.00244982,27.1156,21.2334,-1.6607,-61.4463,-20.4821,1003.2789,37.0000,27.1156,,25.8178,25.8178,25.8178,34.6991,46.4849,51.6356,25.8178,0.0,1.800499,2.0,1.05027,3,5,1,2,1.00000000,-0.06124550,-0.06124550,0E-8,0.000000,0.783067,0.000000,,2026-07-14,2026-07-14,1,3,3,1,1.000000,,1.000000,3.333333,,,,,,,,GLOBAL_BASELINE_NO_ENTITY_RANKING,,,NOT_APPLICABLE_GLOBAL_BASELINE,HF9g-P5,,,,X 全窗基线 · 不参与实体赏罚,3928791,393,A168_HF9F_20260827_0900,2026-08-27 09:00:00
2026-07-14,126685876,1307,0,103.2711124880,-103.2711124880,-103.2711124880,0E-7,3,3,0.49324550000000000,0.493245500000,-1.708808463184432,-1.7088084631844318,-1.708808463184432,0E-17,ELIGIBLE,R03b_20260811_FULL_v1,L1_ELIGIBILITY,v2026-08-11,2026-03-21..2026-08-06,baccarat_bet02_101_all_pairs_incl_sentinel,round_win = game_pnl > 0 (decisive only),COMPATIBILITY_ONLY_NOT_PRODUCTION,1003.2789,785.6350,-61.4463,37,37,0.06124550,0.06124550,,0.06124550,61.4463,1003.2789,OK,0.0000,-2.4579,4.0000,96.0000,AG03-UNRESOLVED,ALL5_LEVELS_bet23_to_bet27,-2.4579,-2.4579,-2.4579,-2.4579,-2.4579,4.000000,4.000000,4.000000,4.000000,4.000000,96.000000,96.000000,96.000000,96.000000,96.000000,5.0,-12.2893,-11.3447,-49.1570,-50.1016,PENDING_AG03,FALSE,NOT_FOR_ENFORCEMENT,-58.9885,754.2096,-61.4463,-58.9885,-2.4579,-0.06124550,-0.05879568,-2.4579,-58.9885,-0.05879568,-2.4579,-2.4579,-2.4579,-2.4579,-2.4579,-58.9885,-0.05879568,-12.2893,-11.3447,-49.1570,-50.1016,-0.04899640,-0.04993791,-0.00244982,27.1156,21.2334,-1.6607,-61.4463,-20.4821,1003.2789,37.0000,27.1156,,25.8178,25.8178,25.8178,34.6991,46.4849,51.6356,25.8178,0.0,1.800499,2.0,1.05027,3,5,1,2,1.00000000,-0.06124550,-0.06124550,0E-8,0.000000,0.783067,0.000000,,2026-07-14,2026-07-14,1,3,3,1,1.000000,,1.000000,3.333333,,,,,,,,GLOBAL_BASELINE_NO_ENTITY_RANKING,,,NOT_APPLICABLE_GLOBAL_BASELINE,HF9g-P5,,,,X 全窗基线 · 不参与实体赏罚,3928792,393,A168_HF9F_20260827_0900,2026-08-27 09:00:00
2026-07-14,126685876,2088,0,177.1099579170,114.3727570805,114.3727570805,1.0000000,6,6,0.49324550000000000,0.493245500000,2.0272029836991,2.0272029836991,2.0272029836991,0E-17,ELIGIBLE,R03b_20260811_FULL_v1,L1_ELIGIBILITY,v2026-08-11,2026-03-21..2026-08-06,baccarat_bet02_101_all_pairs_incl_sentinel,round_win = game_pnl > 0 (decisive only),COMPATIBILITY_ONLY_NOT_PRODUCTION,1003.2789,785.6350,-61.4463,37,37,0.06124550,0.06124550,,0.06124550,61.4463,1003.2789,OK,0.0000,-2.4579,4.0000,96.0000,AG03-UNRESOLVED,ALL5_LEVELS_bet23_to_bet27,-2.4579,-2.4579,-2.4579,-2.4579,-2.4579,4.000000,4.000000,4.000000,4.000000,4.000000,96.000000,96.000000,96.000000,96.000000,96.000000,5.0,-12.2893,-11.3447,-49.1570,-50.1016,PENDING_AG03,FALSE,NOT_FOR_ENFORCEMENT,-58.9885,754.2096,-61.4463,-58.9885,-2.4579,-0.06124550,-0.05879568,-2.4579,-58.9885,-0.05879568,-2.4579,-2.4579,-2.4579,-2.4579,-2.4579,-58.9885,-0.05879568,-12.2893,-11.3447,-49.1570,-50.1016,-0.04899640,-0.04993791,-0.00244982,27.1156,21.2334,-1.6607,-61.4463,-20.4821,1003.2789,37.0000,27.1156,,25.8178,25.8178,25.8178,34.6991,46.4849,51.6356,25.8178,0.0,1.800499,2.0,1.05027,3,5,1,2,1.00000000,-0.06124550,-0.06124550,0E-8,0.000000,0.783067,0.000000,,2026-07-14,2026-07-14,1,3,3,1,1.000000,,1.000000,3.333333,,,,,,,,GLOBAL_BASELINE_NO_ENTITY_RANKING,,,NOT_APPLICABLE_GLOBAL_BASELINE,HF9g-P5,,,,X 全窗基线 · 不参与实体赏罚,3928793,393,A168_HF9F_20260827_0900,2026-08-27 09:00:00
2026-07-14,126685876,2155,0,309.8133374640,0E-10,0E-10,0.4444444,11,11,0.49324550000000000,0.493245500000,-0.29283305455567077,-0.29283305455567077,-0.29283305455567077,0E-17,ELIGIBLE,R03b_20260811_FULL_v1,L1_ELIGIBILITY,v2026-08-11,2026-03-21..2026-08-06,baccarat_bet02_101_all_pairs_incl_sentinel,round_win = game_pnl > 0 (decisive only),COMPATIBILITY_ONLY_NOT_PRODUCTION,1003.2789,785.6350,-61.4463,37,37,0.06124550,0.06124550,,0.06124550,61.4463,1003.2789,OK,0.0000,-2.4579,4.0000,96.0000,AG03-UNRESOLVED,ALL5_LEVELS_bet23_to_bet27,-2.4579,-2.4579,-2.4579,-2.4579,-2.4579,4.000000,4.000000,4.000000,4.000000,4.000000,96.000000,96.000000,96.000000,96.000000,96.000000,5.0,-12.2893,-11.3447,-49.1570,-50.1016,PENDING_AG03,FALSE,NOT_FOR_ENFORCEMENT,-58.9885,754.2096,-61.4463,-58.9885,-2.4579,-0.06124550,-0.05879568,-2.4579,-58.9885,-0.05879568,-2.4579,-2.4579,-2.4579,-2.4579,-2.4579,-58.9885,-0.05879568,-12.2893,-11.3447,-49.1570,-50.1016,-0.04899640,-0.04993791,-0.00244982,27.1156,21.2334,-1.6607,-61.4463,-20.4821,1003.2789,37.0000,27.1156,,25.8178,25.8178,25.8178,34.6991,46.4849,51.6356,25.8178,0.0,1.800499,2.0,1.05027,3,5,1,2,1.00000000,-0.06124550,-0.06124550,0E-8,0.000000,0.783067,0.000000,,2026-07-14,2026-07-14,1,3,3,1,1.000000,,1.000000,3.333333,,,,,,,,GLOBAL_BASELINE_NO_ENTITY_RANKING,,,NOT_APPLICABLE_GLOBAL_BASELINE,HF9g-P5,,,,X 全窗基线 · 不参与实体赏罚,3928794,393,A168_HF9F_20260827_0900,2026-08-27 09:00:00
2026-07-14,126685876,2288,0,12.9088890610,-12.9088890610,-12.9088890610,0E-7,1,1,0.49324550000000000,0.493245500000,-0.9865810262130424,-0.9865810262130424,-0.9865810262130424,0E-17,ELIGIBLE,R03b_20260811_FULL_v1,L1_ELIGIBILITY,v2026-08-11,2026-03-21..2026-08-06,baccarat_bet02_101_all_pairs_incl_sentinel,round_win = game_pnl > 0 (decisive only),COMPATIBILITY_ONLY_NOT_PRODUCTION,1003.2789,785.6350,-61.4463,37,37,0.06124550,0.06124550,,0.06124550,61.4463,1003.2789,OK,0.0000,-2.4579,4.0000,96.0000,AG03-UNRESOLVED,ALL5_LEVELS_bet23_to_bet27,-2.4579,-2.4579,-2.4579,-2.4579,-2.4579,4.000000,4.000000,4.000000,4.000000,4.000000,96.000000,96.000000,96.000000,96.000000,96.000000,5.0,-12.2893,-11.3447,-49.1570,-50.1016,PENDING_AG03,FALSE,NOT_FOR_ENFORCEMENT,-58.9885,754.2096,-61.4463,-58.9885,-2.4579,-0.06124550,-0.05879568,-2.4579,-58.9885,-0.05879568,-2.4579,-2.4579,-2.4579,-2.4579,-2.4579,-58.9885,-0.05879568,-12.2893,-11.3447,-49.1570,-50.1016,-0.04899640,-0.04993791,-0.00244982,27.1156,21.2334,-1.6607,-61.4463,-20.4821,1003.2789,37.0000,27.1156,,25.8178,25.8178,25.8178,34.6991,46.4849,51.6356,25.8178,0.0,1.800499,2.0,1.05027,3,5,1,2,1.00000000,-0.06124550,-0.06124550,0E-8,0.000000,0.783067,0.000000,,2026-07-14,2026-07-14,1,3,3,1,1.000000,,1.000000,3.333333,,,,,,,,GLOBAL_BASELINE_NO_ENTITY_RANKING,,,NOT_APPLICABLE_GLOBAL_BASELINE,HF9g-P5,,,,X 全窗基线 · 不参与实体赏罚,3928795,393,A168_HF9F_20260827_0900,2026-08-27 09:00:00
2026-07-03,141438172,1299,0,100.6101285653,61.4440428024,61.4440428024,1.0000000,3,3,0.50218230000000000,0.502182300000,1.4080544974538591,1.4080544974538591,1.4080544974538591,0E-17,ELIGIBLE,R03b_20260811_FULL_v1,L1_ELIGIBILITY,v2026-08-11,2026-03-21..2026-08-06,baccarat_bet02_101_all_pairs_incl_sentinel,round_win = game_pnl > 0 (decisive only),COMPATIBILITY_ONLY_NOT_PRODUCTION,100.6101,64.6779,-61.4440,3,3,0.61071429,,0.61071429,0.61071429,61.4440,100.6101,THIN_EXPOSURE,0.0000,-2.4578,4.0000,96.0000,AG03-UNRESOLVED,ALL5_LEVELS_bet23_to_bet27,-2.4578,-2.4578,-2.4578,-2.4578,-2.4578,4.000000,4.000000,4.000000,4.000000,4.000000,96.000000,96.000000,96.000000,96.000000,96.000000,5.0,-12.2888,-11.3442,-49.1552,-50.0998,PENDING_AG03,FALSE,NOT_FOR_ENFORCEMENT,-58.9863,62.0908,-61.4440,-58.9863,-2.4578,-0.61071429,-0.58628571,-2.4578,-58.9863,-0.58628571,-2.4578,-2.4578,-2.4578,-2.4578,-2.4578,-58.9863,-0.58628571,-12.2888,-11.3442,-49.1552,-50.0998,-0.48857143,-0.49795975,-0.02442857,33.5367,21.5593,-20.4813,-61.4440,-61.4440,100.6101,3.0000,,33.5367,25.1525,35.9322,41.322,43.1186,43.1186,43.1186,21.5593,20.4813,1.2,1.2,0.933333,1,1,1,2,0E-8,-0.61071429,,0E-8,0.000000,0.642857,0.000000,,2026-07-03,2026-07-03,1,1,1,1,1.000000,,,0.000000,,,,,,,,GLOBAL_BASELINE_NO_ENTITY_RANKING,,,NOT_APPLICABLE_GLOBAL_BASELINE,HF9g-P5,,,,X 全窗基线 · 不参与实体赏罚,3928796,393,A168_HF9F_20260827_0900,2026-08-27 09:00:00
2026-05-18,128622290,1353,0,126.0371809684,61.4431257221,61.4431257221,0.7500000,5,4,0.47503293125005931,0.450117762500,1.1012420603257,1.2055433090008265,1.1012420603257,0.02491516875005931,ELIGIBLE,R03b_20260811_FULL_v1,L1_ELIGIBILITY,v2026-08-11,2026-03-21..2026-08-06,baccarat_bet02_101_all_pairs_incl_sentinel,round_win = game_pnl > 0 (decisive only),COMPATIBILITY_ONLY_NOT_PRODUCTION,126.0372,126.0372,-61.4431,5,4,0.48750000,,0.48750000,0.48750000,61.4431,126.0372,THIN_EXPOSURE,0.0000,-2.4577,4.0000,96.0000,AG03-UNRESOLVED,ALL5_LEVELS_bet23_to_bet27,-2.4577,-2.4577,-2.4577,-3.6866,-3.6866,4.000000,4.000000,4.000000,6.000000,6.000000,96.000000,96.000000,96.000000,94.000000,94.000000,5.0,-14.7464,-13.4098,-46.6968,-48.0333,PENDING_AG03,FALSE,NOT_FOR_ENFORCEMENT,-58.9854,120.9957,-61.4431,-58.9854,-2.4577,-0.48750000,-0.46800000,-2.4577,-58.9854,-0.46800000,-2.4577,-2.4577,-2.4577,-3.6866,-3.6866,-58.9854,-0.46800000,-14.7464,-13.4098,-46.6968,-48.0333,-0.37050000,-0.38110446,-0.01950000,25.2074,31.5093,-15.3608,-61.4431,-61.4431,126.0372,4.0000,,25.2074,18.3804,31.5093,31.5093,31.5093,31.5093,31.5093,31.5093,29.9338,1.0,1.0,0.8,1,1,1,3,0E-8,-0.48750000,,0E-8,0.000000,1.000000,0.000000,,2026-05-18,2026-05-18,1,1,1,1,1.000000,,,0.000000,,,,,,,,GLOBAL_BASELINE_NO_ENTITY_RANKING,,,NOT_APPLICABLE_GLOBAL_BASELINE,HF9g-P5,,,,X 全窗基线 · 不参与实体赏罚,3928797,393,A168_HF9F_20260827_0900,2026-08-27 09:00:00
2026-06-29,143845547,2140,0,1182.9145987089,79.8467354126,79.8467354126,0.7058824,19,19,0.49818425789473684,0.498184257895,1.712733661758976,1.7127336617568027,1.712733661758976,-2.6316E-13,ELIGIBLE,R03b_20260811_FULL_v1,L1_ELIGIBILITY,v2026-08-11,2026-03-21..2026-08-06,baccarat_bet02_101_all_pairs_incl_sentinel,round_win = game_pnl > 0 (decisive only),COMPATIBILITY_ONLY_NOT_PRODUCTION,20073.7756,18611.7787,-60.8080,295,295,0.00302923,-0.09355439,0.02725602,0.00302923,60.8080,20073.7756,OK,0.0000,-1.8242,3.0000,97.0000,AG03-UNRESOLVED,ALL5_LEVELS_bet23_to_bet27,-1.8242,-1.8242,-1.8242,-2.4323,-2.4323,3.000000,3.000000,3.000000,4.000000,4.000000,97.000000,97.000000,97.000000,96.000000,96.000000,5.0,-10.3374,-9.6612,-50.4706,-51.1468,PENDING_AG03,FALSE,NOT_FOR_ENFORCEMENT,-58.9838,18053.4253,-60.8080,-58.9838,-1.8242,-0.00302923,-0.00293835,-1.8242,-58.9838,-0.00293835,-1.8242,-1.8242,-1.8242,-2.4323,-2.4323,-58.9838,-0.00293835,-10.3374,-9.6612,-50.4706,-51.1468,-0.00251426,-0.00254794,-0.00009088,68.0467,63.0908,-0.2061,-5.5280,-1.8427,1824.8887,26.8182,57.5073,71.3256,25.7155,51.6356,102.3189,154.9067,206.3377,258.1778,46.472,0.0,3.99604,5.0,1.317826,18,30,13,2,0.20053567,-0.00302923,0.09355439,0E-8,0.000000,0.927169,0.000000,-0.12081041,2026-06-29,2026-07-24,11,33,33,26,0.423077,0.806264,0.845115,0.668452,,,,,,,,GLOBAL_BASELINE_NO_ENTITY_RANKING,,,NOT_APPLICABLE_GLOBAL_BASELINE,HF9g-P5,,,,X 全窗基线 · 不参与实体赏罚,3928798,393,A168_HF9F_20260827_0900,2026-08-27 09:00:00
2026-06-29,143845547,2254,0,475.7373929590,-46.9308509270,-46.9308509270,0.5000000,6,6,0.50441650000000000,0.504416500000,-0.02163718700157003,-0.02163718700157003,-0.02163718700157003,0E-17,ELIGIBLE,R03b_20260811_FULL_v1,L1_ELIGIBILITY,v2026-08-11,2026-03-21..2026-08-06,baccarat_bet02_101_all_pairs_incl_sentinel,round_win = game_pnl > 0 (decisive only),COMPATIBILITY_ONLY_NOT_PRODUCTION,20073.7756,18611.7787,-60.8080,295,295,0.00302923,-0.09355439,0.02725602,0.00302923,60.8080,20073.7756,OK,0.0000,-1.8242,3.0000,97.0000,AG03-UNRESOLVED,ALL5_LEVELS_bet23_to_bet27,-1.8242,-1.8242,-1.8242,-2.4323,-2.4323,3.000000,3.000000,3.000000,4.000000,4.000000,97.000000,97.000000,97.000000,96.000000,96.000000,5.0,-10.3374,-9.6612,-50.4706,-51.1468,PENDING_AG03,FALSE,NOT_FOR_ENFORCEMENT,-58.9838,18053.4253,-60.8080,-58.9838,-1.8242,-0.00302923,-0.00293835,-1.8242,-58.9838,-0.00293835,-1.8242,-1.8242,-1.8242,-2.4323,-2.4323,-58.9838,-0.00293835,-10.3374,-9.6612,-50.4706,-51.1468,-0.00251426,-0.00254794,-0.00009088,68.0467,63.0908,-0.2061,-5.5280,-1.8427,1824.8887,26.8182,57.5073,71.3256,25.7155,51.6356,102.3189,154.9067,206.3377,258.1778,46.472,0.0,3.99604,5.0,1.317826,18,30,13,2,0.20053567,-0.00302923,0.09355439,0E-8,0.000000,0.927169,0.000000,-0.12081041,2026-06-29,2026-07-24,11,33,33,26,0.423077,0.806264,0.845115,0.668452,,,,,,,,GLOBAL_BASELINE_NO_ENTITY_RANKING,,,NOT_APPLICABLE_GLOBAL_BASELINE,HF9g-P5,,,,X 全窗基线 · 不参与实体赏罚,3928799,393,A168_HF9F_20260827_0900,2026-08-27 09:00:00
2026-06-29,143845547,2266,0,115.7199063955,-90.6472600098,-90.6472600098,0.3333333,3,3,0.50218230000000000,0.502182300000,-0.5849155494134425,-0.5849155494134426,-0.5849155494134425,0E-17,ELIGIBLE,R03b_20260811_FULL_v1,L1_ELIGIBILITY,v2026-08-11,2026-03-21..2026-08-06,baccarat_bet02_101_all_pairs_incl_sentinel,round_win = game_pnl > 0 (decisive only),COMPATIBILITY_ONLY_NOT_PRODUCTION,20073.7756,18611.7787,-60.8080,295,295,0.00302923,-0.09355439,0.02725602,0.00302923,60.8080,20073.7756,OK,0.0000,-1.8242,3.0000,97.0000,AG03-UNRESOLVED,ALL5_LEVELS_bet23_to_bet27,-1.8242,-1.8242,-1.8242,-2.4323,-2.4323,3.000000,3.000000,3.000000,4.000000,4.000000,97.000000,97.000000,97.000000,96.000000,96.000000,5.0,-10.3374,-9.6612,-50.4706,-51.1468,PENDING_AG03,FALSE,NOT_FOR_ENFORCEMENT,-58.9838,18053.4253,-60.8080,-58.9838,-1.8242,-0.00302923,-0.00293835,-1.8242,-58.9838,-0.00293835,-1.8242,-1.8242,-1.8242,-2.4323,-2.4323,-58.9838,-0.00293835,-10.3374,-9.6612,-50.4706,-51.1468,-0.00251426,-0.00254794,-0.00009088,68.0467,63.0908,-0.2061,-5.5280,-1.8427,1824.8887,26.8182,57.5073,71.3256,25.7155,51.6356,102.3189,154.9067,206.3377,258.1778,46.472,0.0,3.99604,5.0,1.317826,18,30,13,2,0.20053567,-0.00302923,0.09355439,0E-8,0.000000,0.927169,0.000000,-0.12081041,2026-06-29,2026-07-24,11,33,33,26,0.423077,0.806264,0.845115,0.668452,,,,,,,,GLOBAL_BASELINE_NO_ENTITY_RANKING,,,NOT_APPLICABLE_GLOBAL_BASELINE,HF9g-P5,,,,X 全窗基线 · 不参与实体赏罚,3928800,393,A168_HF9F_20260827_0900,2026-08-27 09:00:00
2026-06-30,143845547,-1,1,470.5942860081,190.9378455527,190.9378455527,0.5714286,16,16,0.50246157500000000,0.502461575000,0.5161079978585735,0.5161079978585736,0.5161079978585735,0E-17,SENTINEL_DEALER,R03b_20260811_FULL_v1,L1_ELIGIBILITY,v2026-08-11,2026-03-21..2026-08-06,baccarat_bet02_101_all_pairs_incl_sentinel,round_win = game_pnl > 0 (decisive only),COMPATIBILITY_ONLY_NOT_PRODUCTION,20073.7756,18611.7787,-60.8080,295,295,0.00302923,-0.09355439,0.02725602,0.00302923,60.8080,20073.7756,OK,0.0000,-1.8242,3.0000,97.0000,AG03-UNRESOLVED,ALL5_LEVELS_bet23_to_bet27,-1.8242,-1.8242,-1.8242,-2.4323,-2.4323,3.000000,3.000000,3.000000,4.000000,4.000000,97.000000,97.000000,97.000000,96.000000,96.000000,5.0,-10.3374,-9.6612,-50.4706,-51.1468,PENDING_AG03,FALSE,NOT_FOR_ENFORCEMENT,-58.9838,18053.4253,-60.8080,-58.9838,-1.8242,-0.00302923,-0.00293835,-1.8242,-58.9838,-0.00293835,-1.8242,-1.8242,-1.8242,-2.4323,-2.4323,-58.9838,-0.00293835,-10.3374,-9.6612,-50.4706,-51.1468,-0.00251426,-0.00254794,-0.00009088,68.0467,63.0908,-0.2061,-5.5280,-1.8427,1824.8887,26.8182,57.5073,71.3256,25.7155,51.6356,102.3189,154.9067,206.3377,258.1778,46.472,0.0,3.99604,5.0,1.317826,18,30,13,2,0.20053567,-0.00302923,0.09355439,0E-8,0.000000,0.927169,0.000000,-0.12081041,2026-06-29,2026-07-24,11,33,33,26,0.423077,0.806264,0.845115,0.668452,,,,,,,,GLOBAL_BASELINE_NO_ENTITY_RANKING,,,NOT_APPLICABLE_GLOBAL_BASELINE,HF9g-P5,,,,X 全窗基线 · 不参与实体赏罚,3928801,393,A168_HF9F_20260827_0900,2026-08-27 09:00:00
2026-06-30,143845547,1507,0,25.7155347545,-25.7155347545,-25.7155347545,0E-7,1,1,0.50665070000000000,0.506650700000,-1.013391052207602,-1.013391052207602,-1.013391052207602,0E-17,ELIGIBLE,R03b_20260811_FULL_v1,L1_ELIGIBILITY,v2026-08-11,2026-03-21..2026-08-06,baccarat_bet02_101_all_pairs_incl_sentinel,round_win = game_pnl > 0 (decisive only),COMPATIBILITY_ONLY_NOT_PRODUCTION,20073.7756,18611.7787,-60.8080,295,295,0.00302923,-0.09355439,0.02725602,0.00302923,60.8080,20073.7756,OK,0.0000,-1.8242,3.0000,97.0000,AG03-UNRESOLVED,ALL5_LEVELS_bet23_to_bet27,-1.8242,-1.8242,-1.8242,-2.4323,-2.4323,3.000000,3.000000,3.000000,4.000000,4.000000,97.000000,97.000000,97.000000,96.000000,96.000000,5.0,-10.3374,-9.6612,-50.4706,-51.1468,PENDING_AG03,FALSE,NOT_FOR_ENFORCEMENT,-58.9838,18053.4253,-60.8080,-58.9838,-1.8242,-0.00302923,-0.00293835,-1.8242,-58.9838,-0.00293835,-1.8242,-1.8242,-1.8242,-2.4323,-2.4323,-58.9838,-0.00293835,-10.3374,-9.6612,-50.4706,-51.1468,-0.00251426,-0.00254794,-0.00009088,68.0467,63.0908,-0.2061,-5.5280,-1.8427,1824.8887,26.8182,57.5073,71.3256,25.7155,51.6356,102.3189,154.9067,206.3377,258.1778,46.472,0.0,3.99604,5.0,1.317826,18,30,13,2,0.20053567,-0.00302923,0.09355439,0E-8,0.000000,0.927169,0.000000,-0.12081041,2026-06-29,2026-07-24,11,33,33,26,0.423077,0.806264,0.845115,0.668452,,,,,,,,GLOBAL_BASELINE_NO_ENTITY_RANKING,,,NOT_APPLICABLE_GLOBAL_BASELINE,HF9g-P5,,,,X 全窗基线 · 不参与实体赏罚,3928802,393,A168_HF9F_20260827_0900,2026-08-27 09:00:00
2026-06-30,143845547,2082,0,797.1815773909,-174.2227479620,-174.2227479620,0.4000000,11,11,0.50177608181818182,0.501776081818,-0.6436925207721684,-0.6436925207710176,-0.6436925207721684,1.8182E-13,ELIGIBLE,R03b_20260811_FULL_v1,L1_ELIGIBILITY,v2026-08-11,2026-03-21..2026-08-06,baccarat_bet02_101_all_pairs_incl_sentinel,round_win = game_pnl > 0 (decisive only),COMPATIBILITY_ONLY_NOT_PRODUCTION,20073.7756,18611.7787,-60.8080,295,295,0.00302923,-0.09355439,0.02725602,0.00302923,60.8080,20073.7756,OK,0.0000,-1.8242,3.0000,97.0000,AG03-UNRESOLVED,ALL5_LEVELS_bet23_to_bet27,-1.8242,-1.8242,-1.8242,-2.4323,-2.4323,3.000000,3.000000,3.000000,4.000000,4.000000,97.000000,97.000000,97.000000,96.000000,96.000000,5.0,-10.3374,-9.6612,-50.4706,-51.1468,PENDING_AG03,FALSE,NOT_FOR_ENFORCEMENT,-58.9838,18053.4253,-60.8080,-58.9838,-1.8242,-0.00302923,-0.00293835,-1.8242,-58.9838,-0.00293835,-1.8242,-1.8242,-1.8242,-2.4323,-2.4323,-58.9838,-0.00293835,-10.3374,-9.6612,-50.4706,-51.1468,-0.00251426,-0.00254794,-0.00009088,68.0467,63.0908,-0.2061,-5.5280,-1.8427,1824.8887,26.8182,57.5073,71.3256,25.7155,51.6356,102.3189,154.9067,206.3377,258.1778,46.472,0.0,3.99604,5.0,1.317826,18,30,13,2,0.20053567,-0.00302923,0.09355439,0E-8,0.000000,0.927169,0.000000,-0.12081041,2026-06-29,2026-07-24,11,33,33,26,0.423077,0.806264,0.845115,0.668452,,,,,,,,GLOBAL_BASELINE_NO_ENTITY_RANKING,,,NOT_APPLICABLE_GLOBAL_BASELINE,HF9g-P5,,,,X 全窗基线 · 不参与实体赏罚,3928803,393,A168_HF9F_20260827_0900,2026-08-27 09:00:00
2026-07-01,143845547,-1,1,144.5795574832,-20.6542224976,-20.6542224976,0.4000000,5,5,0.50128862000000000,0.501288620000,-0.4529779837142727,-0.4529779837142727,-0.4529779837142727,0E-17,SENTINEL_DEALER,R03b_20260811_FULL_v1,L1_ELIGIBILITY,v2026-08-11,2026-03-21..2026-08-06,baccarat_bet02_101_all_pairs_incl_sentinel,round_win = game_pnl > 0 (decisive only),COMPATIBILITY_ONLY_NOT_PRODUCTION,20073.7756,18611.7787,-60.8080,295,295,0.00302923,-0.09355439,0.02725602,0.00302923,60.8080,20073.7756,OK,0.0000,-1.8242,3.0000,97.0000,AG03-UNRESOLVED,ALL5_LEVELS_bet23_to_bet27,-1.8242,-1.8242,-1.8242,-2.4323,-2.4323,3.000000,3.000000,3.000000,4.000000,4.000000,97.000000,97.000000,97.000000,96.000000,96.000000,5.0,-10.3374,-9.6612,-50.4706,-51.1468,PENDING_AG03,FALSE,NOT_FOR_ENFORCEMENT,-58.9838,18053.4253,-60.8080,-58.9838,-1.8242,-0.00302923,-0.00293835,-1.8242,-58.9838,-0.00293835,-1.8242,-1.8242,-1.8242,-2.4323,-2.4323,-58.9838,-0.00293835,-10.3374,-9.6612,-50.4706,-51.1468,-0.00251426,-0.00254794,-0.00009088,68.0467,63.0908,-0.2061,-5.5280,-1.8427,1824.8887,26.8182,57.5073,71.3256,25.7155,51.6356,102.3189,154.9067,206.3377,258.1778,46.472,0.0,3.99604,5.0,1.317826,18,30,13,2,0.20053567,-0.00302923,0.09355439,0E-8,0.000000,0.927169,0.000000,-0.12081041,2026-06-29,2026-07-24,11,33,33,26,0.423077,0.806264,0.845115,0.668452,,,,,,,,GLOBAL_BASELINE_NO_ENTITY_RANKING,,,NOT_APPLICABLE_GLOBAL_BASELINE,HF9g-P5,,,,X 全窗基线 · 不参与实体赏罚,3928804,393,A168_HF9F_20260827_0900,2026-08-27 09:00:00
2026-07-02,143845547,1947,0,232.3600030981,-151.0340020138,-151.0340020138,0.4000000,5,5,0.49860758000000000,0.498607580000,-0.440988213962219,-0.440988213962219,-0.440988213962219,0E-17,ELIGIBLE,R03b_20260811_FULL_v1,L1_ELIGIBILITY,v2026-08-11,2026-03-21..2026-08-06,baccarat_bet02_101_all_pairs_incl_sentinel,round_win = game_pnl > 0 (decisive only),COMPATIBILITY_ONLY_NOT_PRODUCTION,20073.7756,18611.7787,-60.8080,295,295,0.00302923,-0.09355439,0.02725602,0.00302923,60.8080,20073.7756,OK,0.0000,-1.8242,3.0000,97.0000,AG03-UNRESOLVED,ALL5_LEVELS_bet23_to_bet27,-1.8242,-1.8242,-1.8242,-2.4323,-2.4323,3.000000,3.000000,3.000000,4.000000,4.000000,97.000000,97.000000,97.000000,96.000000,96.000000,5.0,-10.3374,-9.6612,-50.4706,-51.1468,PENDING_AG03,FALSE,NOT_FOR_ENFORCEMENT,-58.9838,18053.4253,-60.8080,-58.9838,-1.8242,-0.00302923,-0.00293835,-1.8242,-58.9838,-0.00293835,-1.8242,-1.8242,-1.8242,-2.4323,-2.4323,-58.9838,-0.00293835,-10.3374,-9.6612,-50.4706,-51.1468,-0.00251426,-0.00254794,-0.00009088,68.0467,63.0908,-0.2061,-5.5280,-1.8427,1824.8887,26.8182,57.5073,71.3256,25.7155,51.6356,102.3189,154.9067,206.3377,258.1778,46.472,0.0,3.99604,5.0,1.317826,18,30,13,2,0.20053567,-0.00302923,0.09355439,0E-8,0.000000,0.927169,0.000000,-0.12081041,2026-06-29,2026-07-24,11,33,33,26,0.423077,0.806264,0.845115,0.668452,,,,,,,,GLOBAL_BASELINE_NO_ENTITY_RANKING,,,NOT_APPLICABLE_GLOBAL_BASELINE,HF9g-P5,,,,X 全窗基线 · 不参与实体赏罚,3928805,393,A168_HF9F_20260827_0900,2026-08-27 09:00:00
2026-07-02,143845547,2106,0,141.9977796710,-5.8090000774,-5.8090000774,0.4000000,5,5,0.50128862000000000,0.501288620000,-0.4529779837142727,-0.4529779837142727,-0.4529779837142727,0E-17,ELIGIBLE,R03b_20260811_FULL_v1,L1_ELIGIBILITY,v2026-08-11,2026-03-21..2026-08-06,baccarat_bet02_101_all_pairs_incl_sentinel,round_win = game_pnl > 0 (decisive only),COMPATIBILITY_ONLY_NOT_PRODUCTION,20073.7756,18611.7787,-60.8080,295,295,0.00302923,-0.09355439,0.02725602,0.00302923,60.8080,20073.7756,OK,0.0000,-1.8242,3.0000,97.0000,AG03-UNRESOLVED,ALL5_LEVELS_bet23_to_bet27,-1.8242,-1.8242,-1.8242,-2.4323,-2.4323,3.000000,3.000000,3.000000,4.000000,4.000000,97.000000,97.000000,97.000000,96.000000,96.000000,5.0,-10.3374,-9.6612,-50.4706,-51.1468,PENDING_AG03,FALSE,NOT_FOR_ENFORCEMENT,-58.9838,18053.4253,-60.8080,-58.9838,-1.8242,-0.00302923,-0.00293835,-1.8242,-58.9838,-0.00293835,-1.8242,-1.8242,-1.8242,-2.4323,-2.4323,-58.9838,-0.00293835,-10.3374,-9.6612,-50.4706,-51.1468,-0.00251426,-0.00254794,-0.00009088,68.0467,63.0908,-0.2061,-5.5280,-1.8427,1824.8887,26.8182,57.5073,71.3256,25.7155,51.6356,102.3189,154.9067,206.3377,258.1778,46.472,0.0,3.99604,5.0,1.317826,18,30,13,2,0.20053567,-0.00302923,0.09355439,0E-8,0.000000,0.927169,0.000000,-0.12081041,2026-06-29,2026-07-24,11,33,33,26,0.423077,0.806264,0.845115,0.668452,,,,,,,,GLOBAL_BASELINE_NO_ENTITY_RANKING,,,NOT_APPLICABLE_GLOBAL_BASELINE,HF9g-P5,,,,X 全窗基线 · 不参与实体赏罚,3928806,393,A168_HF9F_20260827_0900,2026-08-27 09:00:00
2026-07-04,143845547,1985,0,1213.4355717344,-854.5684558385,-854.5684558385,0.1666667,7,7,0.50282064285714286,0.502820642857,-1.6468376381237455,-1.6468376381230425,-1.6468376381237455,1.4286E-13,ELIGIBLE,R03b_20260811_FULL_v1,L1_ELIGIBILITY,v2026-08-11,2026-03-21..2026-08-06,baccarat_bet02_101_all_pairs_incl_sentinel,round_win = game_pnl > 0 (decisive only),COMPATIBILITY_ONLY_NOT_PRODUCTION,20073.7756,18611.7787,-60.8080,295,295,0.00302923,-0.09355439,0.02725602,0.00302923,60.8080,20073.7756,OK,0.0000,-1.8242,3.0000,97.0000,AG03-UNRESOLVED,ALL5_LEVELS_bet23_to_bet27,-1.8242,-1.8242,-1.8242,-2.4323,-2.4323,3.000000,3.000000,3.000000,4.000000,4.000000,97.000000,97.000000,97.000000,96.000000,96.000000,5.0,-10.3374,-9.6612,-50.4706,-51.1468,PENDING_AG03,FALSE,NOT_FOR_ENFORCEMENT,-58.9838,18053.4253,-60.8080,-58.9838,-1.8242,-0.00302923,-0.00293835,-1.8242,-58.9838,-0.00293835,-1.8242,-1.8242,-1.8242,-2.4323,-2.4323,-58.9838,-0.00293835,-10.3374,-9.6612,-50.4706,-51.1468,-0.00251426,-0.00254794,-0.00009088,68.0467,63.0908,-0.2061,-5.5280,-1.8427,1824.8887,26.8182,57.5073,71.3256,25.7155,51.6356,102.3189,154.9067,206.3377,258.1778,46.472,0.0,3.99604,5.0,1.317826,18,30,13,2,0.20053567,-0.00302923,0.09355439,0E-8,0.000000,0.927169,0.000000,-0.12081041,2026-06-29,2026-07-24,11,33,33,26,0.423077,0.806264,0.845115,0.668452,,,,,,,,GLOBAL_BASELINE_NO_ENTITY_RANKING,,,NOT_APPLICABLE_GLOBAL_BASELINE,HF9g-P5,,,,X 全窗基线 · 不参与实体赏罚,3928807,393,A168_HF9F_20260827_0900,2026-08-27 09:00:00
2026-07-04,143845547,2088,0,1445.7955748327,-29.0450003871,-29.0450003871,0.6363636,11,11,0.50177608181818182,0.501776081818,0.8927584721289042,0.8927584721301092,0.8927584721289042,1.8182E-13,ELIGIBLE,R03b_20260811_FULL_v1,L1_ELIGIBILITY,v2026-08-11,2026-03-21..2026-08-06,baccarat_bet02_101_all_pairs_incl_sentinel,round_win = game_pnl > 0 (decisive only),COMPATIBILITY_ONLY_NOT_PRODUCTION,20073.7756,18611.7787,-60.8080,295,295,0.00302923,-0.09355439,0.02725602,0.00302923,60.8080,20073.7756,OK,0.0000,-1.8242,3.0000,97.0000,AG03-UNRESOLVED,ALL5_LEVELS_bet23_to_bet27,-1.8242,-1.8242,-1.8242,-2.4323,-2.4323,3.000000,3.000000,3.000000,4.000000,4.000000,97.000000,97.000000,97.000000,96.000000,96.000000,5.0,-10.3374,-9.6612,-50.4706,-51.1468,PENDING_AG03,FALSE,NOT_FOR_ENFORCEMENT,-58.9838,18053.4253,-60.8080,-58.9838,-1.8242,-0.00302923,-0.00293835,-1.8242,-58.9838,-0.00293835,-1.8242,-1.8242,-1.8242,-2.4323,-2.4323,-58.9838,-0.00293835,-10.3374,-9.6612,-50.4706,-51.1468,-0.00251426,-0.00254794,-0.00009088,68.0467,63.0908,-0.2061,-5.5280,-1.8427,1824.8887,26.8182,57.5073,71.3256,25.7155,51.6356,102.3189,154.9067,206.3377,258.1778,46.472,0.0,3.99604,5.0,1.317826,18,30,13,2,0.20053567,-0.00302923,0.09355439,0E-8,0.000000,0.927169,0.000000,-0.12081041,2026-06-29,2026-07-24,11,33,33,26,0.423077,0.806264,0.845115,0.668452,,,,,,,,GLOBAL_BASELINE_NO_ENTITY_RANKING,,,NOT_APPLICABLE_GLOBAL_BASELINE,HF9g-P5,,,,X 全窗基线 · 不参与实体赏罚,3928808,393,A168_HF9F_20260827_0900,2026-08-27 09:00:00
2026-07-04,143845547,2127,0,529.2644515013,-252.3687811426,-252.3687811426,0.3333333,6,6,0.49994810000000000,0.499948100000,-0.8162423282897021,-0.8162423282897021,-0.8162423282897021,0E-17,ELIGIBLE,R03b_20260811_FULL_v1,L1_ELIGIBILITY,v2026-08-11,2026-03-21..2026-08-06,baccarat_bet02_101_all_pairs_incl_sentinel,round_win = game_pnl > 0 (decisive only),COMPATIBILITY_ONLY_NOT_PRODUCTION,20073.7756,18611.7787,-60.8080,295,295,0.00302923,-0.09355439,0.02725602,0.00302923,60.8080,20073.7756,OK,0.0000,-1.8242,3.0000,97.0000,AG03-UNRESOLVED,ALL5_LEVELS_bet23_to_bet27,-1.8242,-1.8242,-1.8242,-2.4323,-2.4323,3.000000,3.000000,3.000000,4.000000,4.000000,97.000000,97.000000,97.000000,96.000000,96.000000,5.0,-10.3374,-9.6612,-50.4706,-51.1468,PENDING_AG03,FALSE,NOT_FOR_ENFORCEMENT,-58.9838,18053.4253,-60.8080,-58.9838,-1.8242,-0.00302923,-0.00293835,-1.8242,-58.9838,-0.00293835,-1.8242,-1.8242,-1.8242,-2.4323,-2.4323,-58.9838,-0.00293835,-10.3374,-9.6612,-50.4706,-51.1468,-0.00251426,-0.00254794,-0.00009088,68.0467,63.0908,-0.2061,-5.5280,-1.8427,1824.8887,26.8182,57.5073,71.3256,25.7155,51.6356,102.3189,154.9067,206.3377,258.1778,46.472,0.0,3.99604,5.0,1.317826,18,30,13,2,0.20053567,-0.00302923,0.09355439,0E-8,0.000000,0.927169,0.000000,-0.12081041,2026-06-29,2026-07-24,11,33,33,26,0.423077,0.806264,0.845115,0.668452,,,,,,,,GLOBAL_BASELINE_NO_ENTITY_RANKING,,,NOT_APPLICABLE_GLOBAL_BASELINE,HF9g-P5,,,,X 全窗基线 · 不参与实体赏罚,3928809,393,A168_HF9F_20260827_0900,2026-08-27 09:00:00
2026-07-04,143845547,2266,0,355.5108047401,-15.6972090981,-15.6972090981,0.6363636,11,11,0.49690146363636364,0.496901463636,0.9251051626741229,0.9251051626765394,0.9251051626741229,3.6364E-13,ELIGIBLE,R03b_20260811_FULL_v1,L1_ELIGIBILITY,v2026-08-11,2026-03-21..2026-08-06,baccarat_bet02_101_all_pairs_incl_sentinel,round_win = game_pnl > 0 (decisive only),COMPATIBILITY_ONLY_NOT_PRODUCTION,20073.7756,18611.7787,-60.8080,295,295,0.00302923,-0.09355439,0.02725602,0.00302923,60.8080,20073.7756,OK,0.0000,-1.8242,3.0000,97.0000,AG03-UNRESOLVED,ALL5_LEVELS_bet23_to_bet27,-1.8242,-1.8242,-1.8242,-2.4323,-2.4323,3.000000,3.000000,3.000000,4.000000,4.000000,97.000000,97.000000,97.000000,96.000000,96.000000,5.0,-10.3374,-9.6612,-50.4706,-51.1468,PENDING_AG03,FALSE,NOT_FOR_ENFORCEMENT,-58.9838,18053.4253,-60.8080,-58.9838,-1.8242,-0.00302923,-0.00293835,-1.8242,-58.9838,-0.00293835,-1.8242,-1.8242,-1.8242,-2.4323,-2.4323,-58.9838,-0.00293835,-10.3374,-9.6612,-50.4706,-51.1468,-0.00251426,-0.00254794,-0.00009088,68.0467,63.0908,-0.2061,-5.5280,-1.8427,1824.8887,26.8182,57.5073,71.3256,25.7155,51.6356,102.3189,154.9067,206.3377,258.1778,46.472,0.0,3.99604,5.0,1.317826,18,30,13,2,0.20053567,-0.00302923,0.09355439,0E-8,0.000000,0.927169,0.000000,-0.12081041,2026-06-29,2026-07-24,11,33,33,26,0.423077,0.806264,0.845115,0.668452,,,,,,,,GLOBAL_BASELINE_NO_ENTITY_RANKING,,,NOT_APPLICABLE_GLOBAL_BASELINE,HF9g-P5,,,,X 全窗基线 · 不参与实体赏罚,3928810,393,A168_HF9F_20260827_0900,2026-08-27 09:00:00
2026-07-04,143845547,550,0,789.5076549712,7.5904267679,7.5904267679,0.5000000,8,8,0.49827245000000000,0.498272450000,0.009772556889889069,0.009772556889889069,0.009772556889889069,0E-17,ELIGIBLE,R03b_20260811_FULL_v1,L1_ELIGIBILITY,v2026-08-11,2026-03-21..2026-08-06,baccarat_bet02_101_all_pairs_incl_sentinel,round_win = game_pnl > 0 (decisive only),COMPATIBILITY_ONLY_NOT_PRODUCTION,20073.7756,18611.7787,-60.8080,295,295,0.00302923,-0.09355439,0.02725602,0.00302923,60.8080,20073.7756,OK,0.0000,-1.8242,3.0000,97.0000,AG03-UNRESOLVED,ALL5_LEVELS_bet23_to_bet27,-1.8242,-1.8242,-1.8242,-2.4323,-2.4323,3.000000,3.000000,3.000000,4.000000,4.000000,97.000000,97.000000,97.000000,96.000000,96.000000,5.0,-10.3374,-9.6612,-50.4706,-51.1468,PENDING_AG03,FALSE,NOT_FOR_ENFORCEMENT,-58.9838,18053.4253,-60.8080,-58.9838,-1.8242,-0.00302923,-0.00293835,-1.8242,-58.9838,-0.00293835,-1.8242,-1.8242,-1.8242,-2.4323,-2.4323,-58.9838,-0.00293835,-10.3374,-9.6612,-50.4706,-51.1468,-0.00251426,-0.00254794,-0.00009088,68.0467,63.0908,-0.2061,-5.5280,-1.8427,1824.8887,26.8182,57.5073,71.3256,25.7155,51.6356,102.3189,154.9067,206.3377,258.1778,46.472,0.0,3.99604,5.0,1.317826,18,30,13,2,0.20053567,-0.00302923,0.09355439,0E-8,0.000000,0.927169,0.000000,-0.12081041,2026-06-29,2026-07-24,11,33,33,26,0.423077,0.806264,0.845115,0.668452,,,,,,,,GLOBAL_BASELINE_NO_ENTITY_RANKING,,,NOT_APPLICABLE_GLOBAL_BASELINE,HF9g-P5,,,,X 全窗基线 · 不参与实体赏罚,3928811,393,A168_HF9F_20260827_0900,2026-08-27 09:00:00
2026-07-04,143845547,583,0,335.6311155861,125.2162238918,125.2162238918,0.6666667,6,6,0.49771390000000000,0.497713900000,0.8277047895645219,0.8277047895645219,0.8277047895645219,0E-17,ELIGIBLE,R03b_20260811_FULL_v1,L1_ELIGIBILITY,v2026-08-11,2026-03-21..2026-08-06,baccarat_bet02_101_all_pairs_incl_sentinel,round_win = game_pnl > 0 (decisive only),COMPATIBILITY_ONLY_NOT_PRODUCTION,20073.7756,18611.7787,-60.8080,295,295,0.00302923,-0.09355439,0.02725602,0.00302923,60.8080,20073.7756,OK,0.0000,-1.8242,3.0000,97.0000,AG03-UNRESOLVED,ALL5_LEVELS_bet23_to_bet27,-1.8242,-1.8242,-1.8242,-2.4323,-2.4323,3.000000,3.000000,3.000000,4.000000,4.000000,97.000000,97.000000,97.000000,96.000000,96.000000,5.0,-10.3374,-9.6612,-50.4706,-51.1468,PENDING_AG03,FALSE,NOT_FOR_ENFORCEMENT,-58.9838,18053.4253,-60.8080,-58.9838,-1.8242,-0.00302923,-0.00293835,-1.8242,-58.9838,-0.00293835,-1.8242,-1.8242,-1.8242,-2.4323,-2.4323,-58.9838,-0.00293835,-10.3374,-9.6612,-50.4706,-51.1468,-0.00251426,-0.00254794,-0.00009088,68.0467,63.0908,-0.2061,-5.5280,-1.8427,1824.8887,26.8182,57.5073,71.3256,25.7155,51.6356,102.3189,154.9067,206.3377,258.1778,46.472,0.0,3.99604,5.0,1.317826,18,30,13,2,0.20053567,-0.00302923,0.09355439,0E-8,0.000000,0.927169,0.000000,-0.12081041,2026-06-29,2026-07-24,11,33,33,26,0.423077,0.806264,0.845115,0.668452,,,,,,,,GLOBAL_BASELINE_NO_ENTITY_RANKING,,,NOT_APPLICABLE_GLOBAL_BASELINE,HF9g-P5,,,,X 全窗基线 · 不参与实体赏罚,3928812,393,A168_HF9F_20260827_0900,2026-08-27 09:00:00
2026-07-04,143845547,948,0,1303.7977951616,735.8066764774,735.8066764774,0.7500000,8,8,0.49994810000000000,0.499948100000,1.414507160728905,1.414507160728905,1.414507160728905,0E-17,ELIGIBLE,R03b_20260811_FULL_v1,L1_ELIGIBILITY,v2026-08-11,2026-03-21..2026-08-06,baccarat_bet02_101_all_pairs_incl_sentinel,round_win = game_pnl > 0 (decisive only),COMPATIBILITY_ONLY_NOT_PRODUCTION,20073.7756,18611.7787,-60.8080,295,295,0.00302923,-0.09355439,0.02725602,0.00302923,60.8080,20073.7756,OK,0.0000,-1.8242,3.0000,97.0000,AG03-UNRESOLVED,ALL5_LEVELS_bet23_to_bet27,-1.8242,-1.8242,-1.8242,-2.4323,-2.4323,3.000000,3.000000,3.000000,4.000000,4.000000,97.000000,97.000000,97.000000,96.000000,96.000000,5.0,-10.3374,-9.6612,-50.4706,-51.1468,PENDING_AG03,FALSE,NOT_FOR_ENFORCEMENT,-58.9838,18053.4253,-60.8080,-58.9838,-1.8242,-0.00302923,-0.00293835,-1.8242,-58.9838,-0.00293835,-1.8242,-1.8242,-1.8242,-2.4323,-2.4323,-58.9838,-0.00293835,-10.3374,-9.6612,-50.4706,-51.1468,-0.00251426,-0.00254794,-0.00009088,68.0467,63.0908,-0.2061,-5.5280,-1.8427,1824.8887,26.8182,57.5073,71.3256,25.7155,51.6356,102.3189,154.9067,206.3377,258.1778,46.472,0.0,3.99604,5.0,1.317826,18,30,13,2,0.20053567,-0.00302923,0.09355439,0E-8,0.000000,0.927169,0.000000,-0.12081041,2026-06-29,2026-07-24,11,33,33,26,0.423077,0.806264,0.845115,0.668452,,,,,,,,GLOBAL_BASELINE_NO_ENTITY_RANKING,,,NOT_APPLICABLE_GLOBAL_BASELINE,HF9g-P5,,,,X 全窗基线 · 不参与实体赏罚,3928813,393,A168_HF9F_20260827_0900,2026-08-27 09:00:00
2026-07-05,143845547,-1,1,1351.0443291248,253.0529522629,253.0529522629,0.5454545,25,25,0.49914378800000000,0.499143788000,0.43443405019511366,0.43443405019511355,0.43443405019511366,0E-17,SENTINEL_DEALER,R03b_20260811_FULL_v1,L1_ELIGIBILITY,v2026-08-11,2026-03-21..2026-08-06,baccarat_bet02_101_all_pairs_incl_sentinel,round_win = game_pnl > 0 (decisive only),COMPATIBILITY_ONLY_NOT_PRODUCTION,20073.7756,18611.7787,-60.8080,295,295,0.00302923,-0.09355439,0.02725602,0.00302923,60.8080,20073.7756,OK,0.0000,-1.8242,3.0000,97.0000,AG03-UNRESOLVED,ALL5_LEVELS_bet23_to_bet27,-1.8242,-1.8242,-1.8242,-2.4323,-2.4323,3.000000,3.000000,3.000000,4.000000,4.000000,97.000000,97.000000,97.000000,96.000000,96.000000,5.0,-10.3374,-9.6612,-50.4706,-51.1468,PENDING_AG03,FALSE,NOT_FOR_ENFORCEMENT,-58.9838,18053.4253,-60.8080,-58.9838,-1.8242,-0.00302923,-0.00293835,-1.8242,-58.9838,-0.00293835,-1.8242,-1.8242,-1.8242,-2.4323,-2.4323,-58.9838,-0.00293835,-10.3374,-9.6612,-50.4706,-51.1468,-0.00251426,-0.00254794,-0.00009088,68.0467,63.0908,-0.2061,-5.5280,-1.8427,1824.8887,26.8182,57.5073,71.3256,25.7155,51.6356,102.3189,154.9067,206.3377,258.1778,46.472,0.0,3.99604,5.0,1.317826,18,30,13,2,0.20053567,-0.00302923,0.09355439,0E-8,0.000000,0.927169,0.000000,-0.12081041,2026-06-29,2026-07-24,11,33,33,26,0.423077,0.806264,0.845115,0.668452,,,,,,,,GLOBAL_BASELINE_NO_ENTITY_RANKING,,,NOT_APPLICABLE_GLOBAL_BASELINE,HF9g-P5,,,,X 全窗基线 · 不参与实体赏罚,3928814,393,A168_HF9F_20260827_0900,2026-08-27 09:00:00
2026-07-06,143845547,1405,0,298.7116928715,-4.0921178324,-4.0921178324,0.6666667,14,14,0.49803307142857143,0.498033071429,1.1683368594385077,1.1683368594355348,1.1683368594385077,-4.2857E-13,ELIGIBLE,R03b_20260811_FULL_v1,L1_ELIGIBILITY,v2026-08-11,2026-03-21..2026-08-06,baccarat_bet02_101_all_pairs_incl_sentinel,round_win = game_pnl > 0 (decisive only),COMPATIBILITY_ONLY_NOT_PRODUCTION,20073.7756,18611.7787,-60.8080,295,295,0.00302923,-0.09355439,0.02725602,0.00302923,60.8080,20073.7756,OK,0.0000,-1.8242,3.0000,97.0000,AG03-UNRESOLVED,ALL5_LEVELS_bet23_to_bet27,-1.8242,-1.8242,-1.8242,-2.4323,-2.4323,3.000000,3.000000,3.000000,4.000000,4.000000,97.000000,97.000000,97.000000,96.000000,96.000000,5.0,-10.3374,-9.6612,-50.4706,-51.1468,PENDING_AG03,FALSE,NOT_FOR_ENFORCEMENT,-58.9838,18053.4253,-60.8080,-58.9838,-1.8242,-0.00302923,-0.00293835,-1.8242,-58.9838,-0.00293835,-1.8242,-1.8242,-1.8242,-2.4323,-2.4323,-58.9838,-0.00293835,-10.3374,-9.6612,-50.4706,-51.1468,-0.00251426,-0.00254794,-0.00009088,68.0467,63.0908,-0.2061,-5.5280,-1.8427,1824.8887,26.8182,57.5073,71.3256,25.7155,51.6356,102.3189,154.9067,206.3377,258.1778,46.472,0.0,3.99604,5.0,1.317826,18,30,13,2,0.20053567,-0.00302923,0.09355439,0E-8,0.000000,0.927169,0.000000,-0.12081041,2026-06-29,2026-07-24,11,33,33,26,0.423077,0.806264,0.845115,0.668452,,,,,,,,GLOBAL_BASELINE_NO_ENTITY_RANKING,,,NOT_APPLICABLE_GLOBAL_BASELINE,HF9g-P5,,,,X 全窗基线 · 不参与实体赏罚,3928815,393,A168_HF9F_20260827_0900,2026-08-27 09:00:00
2026-07-06,143845547,2117,0,1556.8120207573,356.2853380837,356.2853380837,0.5625000,17,17,0.50034237058823529,0.500342370588,0.4972611518696685,0.4972611518715507,0.4972611518696685,2.3529E-13,ELIGIBLE,R03b_20260811_FULL_v1,L1_ELIGIBILITY,v2026-08-11,2026-03-21..2026-08-06,baccarat_bet02_101_all_pairs_incl_sentinel,round_win = game_pnl > 0 (decisive only),COMPATIBILITY_ONLY_NOT_PRODUCTION,20073.7756,18611.7787,-60.8080,295,295,0.00302923,-0.09355439,0.02725602,0.00302923,60.8080,20073.7756,OK,0.0000,-1.8242,3.0000,97.0000,AG03-UNRESOLVED,ALL5_LEVELS_bet23_to_bet27,-1.8242,-1.8242,-1.8242,-2.4323,-2.4323,3.000000,3.000000,3.000000,4.000000,4.000000,97.000000,97.000000,97.000000,96.000000,96.000000,5.0,-10.3374,-9.6612,-50.4706,-51.1468,PENDING_AG03,FALSE,NOT_FOR_ENFORCEMENT,-58.9838,18053.4253,-60.8080,-58.9838,-1.8242,-0.00302923,-0.00293835,-1.8242,-58.9838,-0.00293835,-1.8242,-1.8242,-1.8242,-2.4323,-2.4323,-58.9838,-0.00293835,-10.3374,-9.6612,-50.4706,-51.1468,-0.00251426,-0.00254794,-0.00009088,68.0467,63.0908,-0.2061,-5.5280,-1.8427,1824.8887,26.8182,57.5073,71.3256,25.7155,51.6356,102.3189,154.9067,206.3377,258.1778,46.472,0.0,3.99604,5.0,1.317826,18,30,13,2,0.20053567,-0.00302923,0.09355439,0E-8,0.000000,0.927169,0.000000,-0.12081041,2026-06-29,2026-07-24,11,33,33,26,0.423077,0.806264,0.845115,0.668452,,,,,,,,GLOBAL_BASELINE_NO_ENTITY_RANKING,,,NOT_APPLICABLE_GLOBAL_BASELINE,HF9g-P5,,,,X 全窗基线 · 不参与实体赏罚,3928816,393,A168_HF9F_20260827_0900,2026-08-27 09:00:00
2026-07-06,143845547,2141,0,758.5263212247,384.3234451242,384.3234451242,0.7500000,9,9,0.49771390000000000,0.497713900000,1.4271606143563065,1.4271606143563067,1.4271606143563065,0E-17,ELIGIBLE,R03b_20260811_FULL_v1,L1_ELIGIBILITY,v2026-08-11,2026-03-21..2026-08-06,baccarat_bet02_101_all_pairs_incl_sentinel,round_win = game_pnl > 0 (decisive only),COMPATIBILITY_ONLY_NOT_PRODUCTION,20073.7756,18611.7787,-60.8080,295,295,0.00302923,-0.09355439,0.02725602,0.00302923,60.8080,20073.7756,OK,0.0000,-1.8242,3.0000,97.0000,AG03-UNRESOLVED,ALL5_LEVELS_bet23_to_bet27,-1.8242,-1.8242,-1.8242,-2.4323,-2.4323,3.000000,3.000000,3.000000,4.000000,4.000000,97.000000,97.000000,97.000000,96.000000,96.000000,5.0,-10.3374,-9.6612,-50.4706,-51.1468,PENDING_AG03,FALSE,NOT_FOR_ENFORCEMENT,-58.9838,18053.4253,-60.8080,-58.9838,-1.8242,-0.00302923,-0.00293835,-1.8242,-58.9838,-0.00293835,-1.8242,-1.8242,-1.8242,-2.4323,-2.4323,-58.9838,-0.00293835,-10.3374,-9.6612,-50.4706,-51.1468,-0.00251426,-0.00254794,-0.00009088,68.0467,63.0908,-0.2061,-5.5280,-1.8427,1824.8887,26.8182,57.5073,71.3256,25.7155,51.6356,102.3189,154.9067,206.3377,258.1778,46.472,0.0,3.99604,5.0,1.317826,18,30,13,2,0.20053567,-0.00302923,0.09355439,0E-8,0.000000,0.927169,0.000000,-0.12081041,2026-06-29,2026-07-24,11,33,33,26,0.423077,0.806264,0.845115,0.668452,,,,,,,,GLOBAL_BASELINE_NO_ENTITY_RANKING,,,NOT_APPLICABLE_GLOBAL_BASELINE,HF9g-P5,,,,X 全窗基线 · 不参与实体赏罚,3928817,393,A168_HF9F_20260827_0900,2026-08-27 09:00:00
2026-07-06,143845547,2175,0,929.4400123925,-323.3676709782,-323.3676709782,0.3750000,10,10,0.50128862000000000,0.501288620000,-0.7143986892908166,-0.7143986892908166,-0.7143986892908166,0E-17,ELIGIBLE,R03b_20260811_FULL_v1,L1_ELIGIBILITY,v2026-08-11,2026-03-21..2026-08-06,baccarat_bet02_101_all_pairs_incl_sentinel,round_win = game_pnl > 0 (decisive only),COMPATIBILITY_ONLY_NOT_PRODUCTION,20073.7756,18611.7787,-60.8080,295,295,0.00302923,-0.09355439,0.02725602,0.00302923,60.8080,20073.7756,OK,0.0000,-1.8242,3.0000,97.0000,AG03-UNRESOLVED,ALL5_LEVELS_bet23_to_bet27,-1.8242,-1.8242,-1.8242,-2.4323,-2.4323,3.000000,3.000000,3.000000,4.000000,4.000000,97.000000,97.000000,97.000000,96.000000,96.000000,5.0,-10.3374,-9.6612,-50.4706,-51.1468,PENDING_AG03,FALSE,NOT_FOR_ENFORCEMENT,-58.9838,18053.4253,-60.8080,-58.9838,-1.8242,-0.00302923,-0.00293835,-1.8242,-58.9838,-0.00293835,-1.8242,-1.8242,-1.8242,-2.4323,-2.4323,-58.9838,-0.00293835,-10.3374,-9.6612,-50.4706,-51.1468,-0.00251426,-0.00254794,-0.00009088,68.0467,63.0908,-0.2061,-5.5280,-1.8427,1824.8887,26.8182,57.5073,71.3256,25.7155,51.6356,102.3189,154.9067,206.3377,258.1778,46.472,0.0,3.99604,5.0,1.317826,18,30,13,2,0.20053567,-0.00302923,0.09355439,0E-8,0.000000,0.927169,0.000000,-0.12081041,2026-06-29,2026-07-24,11,33,33,26,0.423077,0.806264,0.845115,0.668452,,,,,,,,GLOBAL_BASELINE_NO_ENTITY_RANKING,,,NOT_APPLICABLE_GLOBAL_BASELINE,HF9g-P5,,,,X 全窗基线 · 不参与实体赏罚,3928818,393,A168_HF9F_20260827_0900,2026-08-27 09:00:00
2026-07-06,143845547,2177,0,345.9582268350,-16.7815557793,-16.7815557793,0.7500000,4,4,0.49994810000000000,0.499948100000,1.0002076053883384,1.0002076053883384,1.0002076053883384,0E-17,ELIGIBLE,R03b_20260811_FULL_v1,L1_ELIGIBILITY,v2026-08-11,2026-03-21..2026-08-06,baccarat_bet02_101_all_pairs_incl_sentinel,round_win = game_pnl > 0 (decisive only),COMPATIBILITY_ONLY_NOT_PRODUCTION,20073.7756,18611.7787,-60.8080,295,295,0.00302923,-0.09355439,0.02725602,0.00302923,60.8080,20073.7756,OK,0.0000,-1.8242,3.0000,97.0000,AG03-UNRESOLVED,ALL5_LEVELS_bet23_to_bet27,-1.8242,-1.8242,-1.8242,-2.4323,-2.4323,3.000000,3.000000,3.000000,4.000000,4.000000,97.000000,97.000000,97.000000,96.000000,96.000000,5.0,-10.3374,-9.6612,-50.4706,-51.1468,PENDING_AG03,FALSE,NOT_FOR_ENFORCEMENT,-58.9838,18053.4253,-60.8080,-58.9838,-1.8242,-0.00302923,-0.00293835,-1.8242,-58.9838,-0.00293835,-1.8242,-1.8242,-1.8242,-2.4323,-2.4323,-58.9838,-0.00293835,-10.3374,-9.6612,-50.4706,-51.1468,-0.00251426,-0.00254794,-0.00009088,68.0467,63.0908,-0.2061,-5.5280,-1.8427,1824.8887,26.8182,57.5073,71.3256,25.7155,51.6356,102.3189,154.9067,206.3377,258.1778,46.472,0.0,3.99604,5.0,1.317826,18,30,13,2,0.20053567,-0.00302923,0.09355439,0E-8,0.000000,0.927169,0.000000,-0.12081041,2026-06-29,2026-07-24,11,33,33,26,0.423077,0.806264,0.845115,0.668452,,,,,,,,GLOBAL_BASELINE_NO_ENTITY_RANKING,,,NOT_APPLICABLE_GLOBAL_BASELINE,HF9g-P5,,,,X 全窗基线 · 不参与实体赏罚,3928819,393,A168_HF9F_20260827_0900,2026-08-27 09:00:00
2026-07-06,143845547,2220,0,921.6946789558,584.7726744637,584.7726744637,0.6666667,10,10,0.49726706000000000,0.497267060000,1.016412823208965,1.016412823208965,1.016412823208965,0E-17,ELIGIBLE,R03b_20260811_FULL_v1,L1_ELIGIBILITY,v2026-08-11,2026-03-21..2026-08-06,baccarat_bet02_101_all_pairs_incl_sentinel,round_win = game_pnl > 0 (decisive only),COMPATIBILITY_ONLY_NOT_PRODUCTION,20073.7756,18611.7787,-60.8080,295,295,0.00302923,-0.09355439,0.02725602,0.00302923,60.8080,20073.7756,OK,0.0000,-1.8242,3.0000,97.0000,AG03-UNRESOLVED,ALL5_LEVELS_bet23_to_bet27,-1.8242,-1.8242,-1.8242,-2.4323,-2.4323,3.000000,3.000000,3.000000,4.000000,4.000000,97.000000,97.000000,97.000000,96.000000,96.000000,5.0,-10.3374,-9.6612,-50.4706,-51.1468,PENDING_AG03,FALSE,NOT_FOR_ENFORCEMENT,-58.9838,18053.4253,-60.8080,-58.9838,-1.8242,-0.00302923,-0.00293835,-1.8242,-58.9838,-0.00293835,-1.8242,-1.8242,-1.8242,-2.4323,-2.4323,-58.9838,-0.00293835,-10.3374,-9.6612,-50.4706,-51.1468,-0.00251426,-0.00254794,-0.00009088,68.0467,63.0908,-0.2061,-5.5280,-1.8427,1824.8887,26.8182,57.5073,71.3256,25.7155,51.6356,102.3189,154.9067,206.3377,258.1778,46.472,0.0,3.99604,5.0,1.317826,18,30,13,2,0.20053567,-0.00302923,0.09355439,0E-8,0.000000,0.927169,0.000000,-0.12081041,2026-06-29,2026-07-24,11,33,33,26,0.423077,0.806264,0.845115,0.668452,,,,,,,,GLOBAL_BASELINE_NO_ENTITY_RANKING,,,NOT_APPLICABLE_GLOBAL_BASELINE,HF9g-P5,,,,X 全窗基线 · 不参与实体赏罚,3928820,393,A168_HF9F_20260827_0900,2026-08-27 09:00:00
2026-07-07,143845547,2170,0,298.7116928717,-259.9850256887,-259.9850256887,0E-7,6,6,0.49994810000000000,0.499948100000,-1.9997924107733216,-1.9997924107733216,-1.9997924107733216,0E-17,ELIGIBLE,R03b_20260811_FULL_v1,L1_ELIGIBILITY,v2026-08-11,2026-03-21..2026-08-06,baccarat_bet02_101_all_pairs_incl_sentinel,round_win = game_pnl > 0 (decisive only),COMPATIBILITY_ONLY_NOT_PRODUCTION,20073.7756,18611.7787,-60.8080,295,295,0.00302923,-0.09355439,0.02725602,0.00302923,60.8080,20073.7756,OK,0.0000,-1.8242,3.0000,97.0000,AG03-UNRESOLVED,ALL5_LEVELS_bet23_to_bet27,-1.8242,-1.8242,-1.8242,-2.4323,-2.4323,3.000000,3.000000,3.000000,4.000000,4.000000,97.000000,97.000000,97.000000,96.000000,96.000000,5.0,-10.3374,-9.6612,-50.4706,-51.1468,PENDING_AG03,FALSE,NOT_FOR_ENFORCEMENT,-58.9838,18053.4253,-60.8080,-58.9838,-1.8242,-0.00302923,-0.00293835,-1.8242,-58.9838,-0.00293835,-1.8242,-1.8242,-1.8242,-2.4323,-2.4323,-58.9838,-0.00293835,-10.3374,-9.6612,-50.4706,-51.1468,-0.00251426,-0.00254794,-0.00009088,68.0467,63.0908,-0.2061,-5.5280,-1.8427,1824.8887,26.8182,57.5073,71.3256,25.7155,51.6356,102.3189,154.9067,206.3377,258.1778,46.472,0.0,3.99604,5.0,1.317826,18,30,13,2,0.20053567,-0.00302923,0.09355439,0E-8,0.000000,0.927169,0.000000,-0.12081041,2026-06-29,2026-07-24,11,33,33,26,0.423077,0.806264,0.845115,0.668452,,,,,,,,GLOBAL_BASELINE_NO_ENTITY_RANKING,,,NOT_APPLICABLE_GLOBAL_BASELINE,HF9g-P5,,,,X 全窗基线 · 不参与实体赏罚,3928821,393,A168_HF9F_20260827_0900,2026-08-27 09:00:00
2026-07-07,143845547,2212,0,27.6250225905,-9.5009423489,-9.5009423489,0.5000000,2,2,0.50665070000000000,0.506650700000,-0.018812684590367487,-0.018812684590367487,-0.018812684590367487,0E-17,ELIGIBLE,R03b_20260811_FULL_v1,L1_ELIGIBILITY,v2026-08-11,2026-03-21..2026-08-06,baccarat_bet02_101_all_pairs_incl_sentinel,round_win = game_pnl > 0 (decisive only),COMPATIBILITY_ONLY_NOT_PRODUCTION,20073.7756,18611.7787,-60.8080,295,295,0.00302923,-0.09355439,0.02725602,0.00302923,60.8080,20073.7756,OK,0.0000,-1.8242,3.0000,97.0000,AG03-UNRESOLVED,ALL5_LEVELS_bet23_to_bet27,-1.8242,-1.8242,-1.8242,-2.4323,-2.4323,3.000000,3.000000,3.000000,4.000000,4.000000,97.000000,97.000000,97.000000,96.000000,96.000000,5.0,-10.3374,-9.6612,-50.4706,-51.1468,PENDING_AG03,FALSE,NOT_FOR_ENFORCEMENT,-58.9838,18053.4253,-60.8080,-58.9838,-1.8242,-0.00302923,-0.00293835,-1.8242,-58.9838,-0.00293835,-1.8242,-1.8242,-1.8242,-2.4323,-2.4323,-58.9838,-0.00293835,-10.3374,-9.6612,-50.4706,-51.1468,-0.00251426,-0.00254794,-0.00009088,68.0467,63.0908,-0.2061,-5.5280,-1.8427,1824.8887,26.8182,57.5073,71.3256,25.7155,51.6356,102.3189,154.9067,206.3377,258.1778,46.472,0.0,3.99604,5.0,1.317826,18,30,13,2,0.20053567,-0.00302923,0.09355439,0E-8,0.000000,0.927169,0.000000,-0.12081041,2026-06-29,2026-07-24,11,33,33,26,0.423077,0.806264,0.845115,0.668452,,,,,,,,GLOBAL_BASELINE_NO_ENTITY_RANKING,,,NOT_APPLICABLE_GLOBAL_BASELINE,HF9g-P5,,,,X 全窗基线 · 不参与实体赏罚,3928822,393,A168_HF9F_20260827_0900,2026-08-27 09:00:00
2026-07-09,143845547,1017,0,167.8155577931,159.4247799034,159.4247799034,1.0000000,1,1,0.50665070000000000,0.506650700000,0.9867858985152569,0.9867858985152569,0.9867858985152569,0E-17,ELIGIBLE,R03b_20260811_FULL_v1,L1_ELIGIBILITY,v2026-08-11,2026-03-21..2026-08-06,baccarat_bet02_101_all_pairs_incl_sentinel,round_win = game_pnl > 0 (decisive only),COMPATIBILITY_ONLY_NOT_PRODUCTION,20073.7756,18611.7787,-60.8080,295,295,0.00302923,-0.09355439,0.02725602,0.00302923,60.8080,20073.7756,OK,0.0000,-1.8242,3.0000,97.0000,AG03-UNRESOLVED,ALL5_LEVELS_bet23_to_bet27,-1.8242,-1.8242,-1.8242,-2.4323,-2.4323,3.000000,3.000000,3.000000,4.000000,4.000000,97.000000,97.000000,97.000000,96.000000,96.000000,5.0,-10.3374,-9.6612,-50.4706,-51.1468,PENDING_AG03,FALSE,NOT_FOR_ENFORCEMENT,-58.9838,18053.4253,-60.8080,-58.9838,-1.8242,-0.00302923,-0.00293835,-1.8242,-58.9838,-0.00293835,-1.8242,-1.8242,-1.8242,-2.4323,-2.4323,-58.9838,-0.00293835,-10.3374,-9.6612,-50.4706,-51.1468,-0.00251426,-0.00254794,-0.00009088,68.0467,63.0908,-0.2061,-5.5280,-1.8427,1824.8887,26.8182,57.5073,71.3256,25.7155,51.6356,102.3189,154.9067,206.3377,258.1778,46.472,0.0,3.99604,5.0,1.317826,18,30,13,2,0.20053567,-0.00302923,0.09355439,0E-8,0.000000,0.927169,0.000000,-0.12081041,2026-06-29,2026-07-24,11,33,33,26,0.423077,0.806264,0.845115,0.668452,,,,,,,,GLOBAL_BASELINE_NO_ENTITY_RANKING,,,NOT_APPLICABLE_GLOBAL_BASELINE,HF9g-P5,,,,X 全窗基线 · 不参与实体赏罚,3928823,393,A168_HF9F_20260827_0900,2026-08-27 09:00:00
2026-07-09,143845547,1507,0,258.1777812201,-78.7442232722,-78.7442232722,0.5000000,6,6,0.49994810000000000,0.499948100000,0.00025425703667063243,0.00025425703667063243,0.00025425703667063243,0E-17,ELIGIBLE,R03b_20260811_FULL_v1,L1_ELIGIBILITY,v2026-08-11,2026-03-21..2026-08-06,baccarat_bet02_101_all_pairs_incl_sentinel,round_win = game_pnl > 0 (decisive only),COMPATIBILITY_ONLY_NOT_PRODUCTION,20073.7756,18611.7787,-60.8080,295,295,0.00302923,-0.09355439,0.02725602,0.00302923,60.8080,20073.7756,OK,0.0000,-1.8242,3.0000,97.0000,AG03-UNRESOLVED,ALL5_LEVELS_bet23_to_bet27,-1.8242,-1.8242,-1.8242,-2.4323,-2.4323,3.000000,3.000000,3.000000,4.000000,4.000000,97.000000,97.000000,97.000000,96.000000,96.000000,5.0,-10.3374,-9.6612,-50.4706,-51.1468,PENDING_AG03,FALSE,NOT_FOR_ENFORCEMENT,-58.9838,18053.4253,-60.8080,-58.9838,-1.8242,-0.00302923,-0.00293835,-1.8242,-58.9838,-0.00293835,-1.8242,-1.8242,-1.8242,-2.4323,-2.4323,-58.9838,-0.00293835,-10.3374,-9.6612,-50.4706,-51.1468,-0.00251426,-0.00254794,-0.00009088,68.0467,63.0908,-0.2061,-5.5280,-1.8427,1824.8887,26.8182,57.5073,71.3256,25.7155,51.6356,102.3189,154.9067,206.3377,258.1778,46.472,0.0,3.99604,5.0,1.317826,18,30,13,2,0.20053567,-0.00302923,0.09355439,0E-8,0.000000,0.927169,0.000000,-0.12081041,2026-06-29,2026-07-24,11,33,33,26,0.423077,0.806264,0.845115,0.668452,,,,,,,,GLOBAL_BASELINE_NO_ENTITY_RANKING,,,NOT_APPLICABLE_GLOBAL_BASELINE,HF9g-P5,,,,X 全窗基线 · 不参与实体赏罚,3928824,393,A168_HF9F_20260827_0900,2026-08-27 09:00:00
2026-07-09,143845547,2147,0,71.5152453980,19.8796891540,19.8796891540,0.6666667,3,3,0.49771390000000000,0.497713900000,0.5852756695216578,0.5852756695216578,0.5852756695216578,0E-17,ELIGIBLE,R03b_20260811_FULL_v1,L1_ELIGIBILITY,v2026-08-11,2026-03-21..2026-08-06,baccarat_bet02_101_all_pairs_incl_sentinel,round_win = game_pnl > 0 (decisive only),COMPATIBILITY_ONLY_NOT_PRODUCTION,20073.7756,18611.7787,-60.8080,295,295,0.00302923,-0.09355439,0.02725602,0.00302923,60.8080,20073.7756,OK,0.0000,-1.8242,3.0000,97.0000,AG03-UNRESOLVED,ALL5_LEVELS_bet23_to_bet27,-1.8242,-1.8242,-1.8242,-2.4323,-2.4323,3.000000,3.000000,3.000000,4.000000,4.000000,97.000000,97.000000,97.000000,96.000000,96.000000,5.0,-10.3374,-9.6612,-50.4706,-51.1468,PENDING_AG03,FALSE,NOT_FOR_ENFORCEMENT,-58.9838,18053.4253,-60.8080,-58.9838,-1.8242,-0.00302923,-0.00293835,-1.8242,-58.9838,-0.00293835,-1.8242,-1.8242,-1.8242,-2.4323,-2.4323,-58.9838,-0.00293835,-10.3374,-9.6612,-50.4706,-51.1468,-0.00251426,-0.00254794,-0.00009088,68.0467,63.0908,-0.2061,-5.5280,-1.8427,1824.8887,26.8182,57.5073,71.3256,25.7155,51.6356,102.3189,154.9067,206.3377,258.1778,46.472,0.0,3.99604,5.0,1.317826,18,30,13,2,0.20053567,-0.00302923,0.09355439,0E-8,0.000000,0.927169,0.000000,-0.12081041,2026-06-29,2026-07-24,11,33,33,26,0.423077,0.806264,0.845115,0.668452,,,,,,,,GLOBAL_BASELINE_NO_ENTITY_RANKING,,,NOT_APPLICABLE_GLOBAL_BASELINE,HF9g-P5,,,,X 全窗基线 · 不参与实体赏罚,3928825,393,A168_HF9F_20260827_0900,2026-08-27 09:00:00
2026-07-09,143845547,2287,0,141.9977796710,-51.6355562440,-51.6355562440,0E-7,4,4,0.49994810000000000,0.499948100000,-1.4140667746232096,-1.4140667746232096,-1.4140667746232096,0E-17,ELIGIBLE,R03b_20260811_FULL_v1,L1_ELIGIBILITY,v2026-08-11,2026-03-21..2026-08-06,baccarat_bet02_101_all_pairs_incl_sentinel,round_win = game_pnl > 0 (decisive only),COMPATIBILITY_ONLY_NOT_PRODUCTION,20073.7756,18611.7787,-60.8080,295,295,0.00302923,-0.09355439,0.02725602,0.00302923,60.8080,20073.7756,OK,0.0000,-1.8242,3.0000,97.0000,AG03-UNRESOLVED,ALL5_LEVELS_bet23_to_bet27,-1.8242,-1.8242,-1.8242,-2.4323,-2.4323,3.000000,3.000000,3.000000,4.000000,4.000000,97.000000,97.000000,97.000000,96.000000,96.000000,5.0,-10.3374,-9.6612,-50.4706,-51.1468,PENDING_AG03,FALSE,NOT_FOR_ENFORCEMENT,-58.9838,18053.4253,-60.8080,-58.9838,-1.8242,-0.00302923,-0.00293835,-1.8242,-58.9838,-0.00293835,-1.8242,-1.8242,-1.8242,-2.4323,-2.4323,-58.9838,-0.00293835,-10.3374,-9.6612,-50.4706,-51.1468,-0.00251426,-0.00254794,-0.00009088,68.0467,63.0908,-0.2061,-5.5280,-1.8427,1824.8887,26.8182,57.5073,71.3256,25.7155,51.6356,102.3189,154.9067,206.3377,258.1778,46.472,0.0,3.99604,5.0,1.317826,18,30,13,2,0.20053567,-0.00302923,0.09355439,0E-8,0.000000,0.927169,0.000000,-0.12081041,2026-06-29,2026-07-24,11,33,33,26,0.423077,0.806264,0.845115,0.668452,,,,,,,,GLOBAL_BASELINE_NO_ENTITY_RANKING,,,NOT_APPLICABLE_GLOBAL_BASELINE,HF9g-P5,,,,X 全窗基线 · 不参与实体赏罚,3928826,393,A168_HF9F_20260827_0900,2026-08-27 09:00:00
2026-07-09,143845547,2289,0,51.6355562440,-51.6355562440,-51.6355562440,0E-7,1,1,0.50665070000000000,0.506650700000,-1.013391052207602,-1.013391052207602,-1.013391052207602,0E-17,ELIGIBLE,R03b_20260811_FULL_v1,L1_ELIGIBILITY,v2026-08-11,2026-03-21..2026-08-06,baccarat_bet02_101_all_pairs_incl_sentinel,round_win = game_pnl > 0 (decisive only),COMPATIBILITY_ONLY_NOT_PRODUCTION,20073.7756,18611.7787,-60.8080,295,295,0.00302923,-0.09355439,0.02725602,0.00302923,60.8080,20073.7756,OK,0.0000,-1.8242,3.0000,97.0000,AG03-UNRESOLVED,ALL5_LEVELS_bet23_to_bet27,-1.8242,-1.8242,-1.8242,-2.4323,-2.4323,3.000000,3.000000,3.000000,4.000000,4.000000,97.000000,97.000000,97.000000,96.000000,96.000000,5.0,-10.3374,-9.6612,-50.4706,-51.1468,PENDING_AG03,FALSE,NOT_FOR_ENFORCEMENT,-58.9838,18053.4253,-60.8080,-58.9838,-1.8242,-0.00302923,-0.00293835,-1.8242,-58.9838,-0.00293835,-1.8242,-1.8242,-1.8242,-2.4323,-2.4323,-58.9838,-0.00293835,-10.3374,-9.6612,-50.4706,-51.1468,-0.00251426,-0.00254794,-0.00009088,68.0467,63.0908,-0.2061,-5.5280,-1.8427,1824.8887,26.8182,57.5073,71.3256,25.7155,51.6356,102.3189,154.9067,206.3377,258.1778,46.472,0.0,3.99604,5.0,1.317826,18,30,13,2,0.20053567,-0.00302923,0.09355439,0E-8,0.000000,0.927169,0.000000,-0.12081041,2026-06-29,2026-07-24,11,33,33,26,0.423077,0.806264,0.845115,0.668452,,,,,,,,GLOBAL_BASELINE_NO_ENTITY_RANKING,,,NOT_APPLICABLE_GLOBAL_BASELINE,HF9g-P5,,,,X 全窗基线 · 不参与实体赏罚,3928827,393,A168_HF9F_20260827_0900,2026-08-27 09:00:00
2026-07-09,143845547,526,0,400.1755608912,-198.7968915395,-198.7968915395,0.4000000,5,5,0.50396966000000000,0.503969660000,-0.4649811094771361,-0.4649811094771361,-0.4649811094771361,0E-17,ELIGIBLE,R03b_20260811_FULL_v1,L1_ELIGIBILITY,v2026-08-11,2026-03-21..2026-08-06,baccarat_bet02_101_all_pairs_incl_sentinel,round_win = game_pnl > 0 (decisive only),COMPATIBILITY_ONLY_NOT_PRODUCTION,20073.7756,18611.7787,-60.8080,295,295,0.00302923,-0.09355439,0.02725602,0.00302923,60.8080,20073.7756,OK,0.0000,-1.8242,3.0000,97.0000,AG03-UNRESOLVED,ALL5_LEVELS_bet23_to_bet27,-1.8242,-1.8242,-1.8242,-2.4323,-2.4323,3.000000,3.000000,3.000000,4.000000,4.000000,97.000000,97.000000,97.000000,96.000000,96.000000,5.0,-10.3374,-9.6612,-50.4706,-51.1468,PENDING_AG03,FALSE,NOT_FOR_ENFORCEMENT,-58.9838,18053.4253,-60.8080,-58.9838,-1.8242,-0.00302923,-0.00293835,-1.8242,-58.9838,-0.00293835,-1.8242,-1.8242,-1.8242,-2.4323,-2.4323,-58.9838,-0.00293835,-10.3374,-9.6612,-50.4706,-51.1468,-0.00251426,-0.00254794,-0.00009088,68.0467,63.0908,-0.2061,-5.5280,-1.8427,1824.8887,26.8182,57.5073,71.3256,25.7155,51.6356,102.3189,154.9067,206.3377,258.1778,46.472,0.0,3.99604,5.0,1.317826,18,30,13,2,0.20053567,-0.00302923,0.09355439,0E-8,0.000000,0.927169,0.000000,-0.12081041,2026-06-29,2026-07-24,11,33,33,26,0.423077,0.806264,0.845115,0.668452,,,,,,,,GLOBAL_BASELINE_NO_ENTITY_RANKING,,,NOT_APPLICABLE_GLOBAL_BASELINE,HF9g-P5,,,,X 全窗基线 · 不参与实体赏罚,3928828,393,A168_HF9F_20260827_0900,2026-08-27 09:00:00
2026-07-09,143845547,595,0,141.9977796711,84.5532233496,84.5532233496,0.5000000,2,2,0.50665070000000000,0.506650700000,-0.018812684590367487,-0.018812684590367487,-0.018812684590367487,0E-17,ELIGIBLE,R03b_20260811_FULL_v1,L1_ELIGIBILITY,v2026-08-11,2026-03-21..2026-08-06,baccarat_bet02_101_all_pairs_incl_sentinel,round_win = game_pnl > 0 (decisive only),COMPATIBILITY_ONLY_NOT_PRODUCTION,20073.7756,18611.7787,-60.8080,295,295,0.00302923,-0.09355439,0.02725602,0.00302923,60.8080,20073.7756,OK,0.0000,-1.8242,3.0000,97.0000,AG03-UNRESOLVED,ALL5_LEVELS_bet23_to_bet27,-1.8242,-1.8242,-1.8242,-2.4323,-2.4323,3.000000,3.000000,3.000000,4.000000,4.000000,97.000000,97.000000,97.000000,96.000000,96.000000,5.0,-10.3374,-9.6612,-50.4706,-51.1468,PENDING_AG03,FALSE,NOT_FOR_ENFORCEMENT,-58.9838,18053.4253,-60.8080,-58.9838,-1.8242,-0.00302923,-0.00293835,-1.8242,-58.9838,-0.00293835,-1.8242,-1.8242,-1.8242,-2.4323,-2.4323,-58.9838,-0.00293835,-10.3374,-9.6612,-50.4706,-51.1468,-0.00251426,-0.00254794,-0.00009088,68.0467,63.0908,-0.2061,-5.5280,-1.8427,1824.8887,26.8182,57.5073,71.3256,25.7155,51.6356,102.3189,154.9067,206.3377,258.1778,46.472,0.0,3.99604,5.0,1.317826,18,30,13,2,0.20053567,-0.00302923,0.09355439,0E-8,0.000000,0.927169,0.000000,-0.12081041,2026-06-29,2026-07-24,11,33,33,26,0.423077,0.806264,0.845115,0.668452,,,,,,,,GLOBAL_BASELINE_NO_ENTITY_RANKING,,,NOT_APPLICABLE_GLOBAL_BASELINE,HF9g-P5,,,,X 全窗基线 · 不参与实体赏罚,3928829,393,A168_HF9F_20260827_0900,2026-08-27 09:00:00
2026-07-09,143845547,789,0,51.8937340252,-44.8454805979,-44.8454805979,0.3333333,3,3,0.50218230000000000,0.502182300000,-0.5849155494134425,-0.5849155494134426,-0.5849155494134425,0E-17,ELIGIBLE,R03b_20260811_FULL_v1,L1_ELIGIBILITY,v2026-08-11,2026-03-21..2026-08-06,baccarat_bet02_101_all_pairs_incl_sentinel,round_win = game_pnl > 0 (decisive only),COMPATIBILITY_ONLY_NOT_PRODUCTION,20073.7756,18611.7787,-60.8080,295,295,0.00302923,-0.09355439,0.02725602,0.00302923,60.8080,20073.7756,OK,0.0000,-1.8242,3.0000,97.0000,AG03-UNRESOLVED,ALL5_LEVELS_bet23_to_bet27,-1.8242,-1.8242,-1.8242,-2.4323,-2.4323,3.000000,3.000000,3.000000,4.000000,4.000000,97.000000,97.000000,97.000000,96.000000,96.000000,5.0,-10.3374,-9.6612,-50.4706,-51.1468,PENDING_AG03,FALSE,NOT_FOR_ENFORCEMENT,-58.9838,18053.4253,-60.8080,-58.9838,-1.8242,-0.00302923,-0.00293835,-1.8242,-58.9838,-0.00293835,-1.8242,-1.8242,-1.8242,-2.4323,-2.4323,-58.9838,-0.00293835,-10.3374,-9.6612,-50.4706,-51.1468,-0.00251426,-0.00254794,-0.00009088,68.0467,63.0908,-0.2061,-5.5280,-1.8427,1824.8887,26.8182,57.5073,71.3256,25.7155,51.6356,102.3189,154.9067,206.3377,258.1778,46.472,0.0,3.99604,5.0,1.317826,18,30,13,2,0.20053567,-0.00302923,0.09355439,0E-8,0.000000,0.927169,0.000000,-0.12081041,2026-06-29,2026-07-24,11,33,33,26,0.423077,0.806264,0.845115,0.668452,,,,,,,,GLOBAL_BASELINE_NO_ENTITY_RANKING,,,NOT_APPLICABLE_GLOBAL_BASELINE,HF9g-P5,,,,X 全窗基线 · 不参与实体赏罚,3928830,393,A168_HF9F_20260827_0900,2026-08-27 09:00:00
2026-07-17,143845547,1985,0,289.1591149664,43.1156894639,43.1156894639,0.7500000,11,11,0.50177608181818182,0.501776081818,1.4041753852691887,1.4041753852702155,1.4041753852691887,1.8182E-13,ELIGIBLE,R03b_20260811_FULL_v1,L1_ELIGIBILITY,v2026-08-11,2026-03-21..2026-08-06,baccarat_bet02_101_all_pairs_incl_sentinel,round_win = game_pnl > 0 (decisive only),COMPATIBILITY_ONLY_NOT_PRODUCTION,20073.7756,18611.7787,-60.8080,295,295,0.00302923,-0.09355439,0.02725602,0.00302923,60.8080,20073.7756,OK,0.0000,-1.8242,3.0000,97.0000,AG03-UNRESOLVED,ALL5_LEVELS_bet23_to_bet27,-1.8242,-1.8242,-1.8242,-2.4323,-2.4323,3.000000,3.000000,3.000000,4.000000,4.000000,97.000000,97.000000,97.000000,96.000000,96.000000,5.0,-10.3374,-9.6612,-50.4706,-51.1468,PENDING_AG03,FALSE,NOT_FOR_ENFORCEMENT,-58.9838,18053.4253,-60.8080,-58.9838,-1.8242,-0.00302923,-0.00293835,-1.8242,-58.9838,-0.00293835,-1.8242,-1.8242,-1.8242,-2.4323,-2.4323,-58.9838,-0.00293835,-10.3374,-9.6612,-50.4706,-51.1468,-0.00251426,-0.00254794,-0.00009088,68.0467,63.0908,-0.2061,-5.5280,-1.8427,1824.8887,26.8182,57.5073,71.3256,25.7155,51.6356,102.3189,154.9067,206.3377,258.1778,46.472,0.0,3.99604,5.0,1.317826,18,30,13,2,0.20053567,-0.00302923,0.09355439,0E-8,0.000000,0.927169,0.000000,-0.12081041,2026-06-29,2026-07-24,11,33,33,26,0.423077,0.806264,0.845115,0.668452,,,,,,,,GLOBAL_BASELINE_NO_ENTITY_RANKING,,,NOT_APPLICABLE_GLOBAL_BASELINE,HF9g-P5,,,,X 全窗基线 · 不参与实体赏罚,3928831,393,A168_HF9F_20260827_0900,2026-08-27 09:00:00
2026-07-17,143845547,2222,0,865.4119226497,-86.3604678182,-86.3604678182,0.5000000,17,17,0.50113091176470588,0.501130911765,-0.008462990364106646,-0.008462990366307654,-0.008462990364106646,-2.9412E-13,ELIGIBLE,R03b_20260811_FULL_v1,L1_ELIGIBILITY,v2026-08-11,2026-03-21..2026-08-06,baccarat_bet02_101_all_pairs_incl_sentinel,round_win = game_pnl > 0 (decisive only),COMPATIBILITY_ONLY_NOT_PRODUCTION,20073.7756,18611.7787,-60.8080,295,295,0.00302923,-0.09355439,0.02725602,0.00302923,60.8080,20073.7756,OK,0.0000,-1.8242,3.0000,97.0000,AG03-UNRESOLVED,ALL5_LEVELS_bet23_to_bet27,-1.8242,-1.8242,-1.8242,-2.4323,-2.4323,3.000000,3.000000,3.000000,4.000000,4.000000,97.000000,97.000000,97.000000,96.000000,96.000000,5.0,-10.3374,-9.6612,-50.4706,-51.1468,PENDING_AG03,FALSE,NOT_FOR_ENFORCEMENT,-58.9838,18053.4253,-60.8080,-58.9838,-1.8242,-0.00302923,-0.00293835,-1.8242,-58.9838,-0.00293835,-1.8242,-1.8242,-1.8242,-2.4323,-2.4323,-58.9838,-0.00293835,-10.3374,-9.6612,-50.4706,-51.1468,-0.00251426,-0.00254794,-0.00009088,68.0467,63.0908,-0.2061,-5.5280,-1.8427,1824.8887,26.8182,57.5073,71.3256,25.7155,51.6356,102.3189,154.9067,206.3377,258.1778,46.472,0.0,3.99604,5.0,1.317826,18,30,13,2,0.20053567,-0.00302923,0.09355439,0E-8,0.000000,0.927169,0.000000,-0.12081041,2026-06-29,2026-07-24,11,33,33,26,0.423077,0.806264,0.845115,0.668452,,,,,,,,GLOBAL_BASELINE_NO_ENTITY_RANKING,,,NOT_APPLICABLE_GLOBAL_BASELINE,HF9g-P5,,,,X 全窗基线 · 不参与实体赏罚,3928832,393,A168_HF9F_20260827_0900,2026-08-27 09:00:00
2026-07-17,143845547,2266,0,13.4252446234,-13.4252446234,-13.4252446234,0E-7,1,1,0.50665070000000000,0.506650700000,-1.013391052207602,-1.013391052207602,-1.013391052207602,0E-17,ELIGIBLE,R03b_20260811_FULL_v1,L1_ELIGIBILITY,v2026-08-11,2026-03-21..2026-08-06,baccarat_bet02_101_all_pairs_incl_sentinel,round_win = game_pnl > 0 (decisive only),COMPATIBILITY_ONLY_NOT_PRODUCTION,20073.7756,18611.7787,-60.8080,295,295,0.00302923,-0.09355439,0.02725602,0.00302923,60.8080,20073.7756,OK,0.0000,-1.8242,3.0000,97.0000,AG03-UNRESOLVED,ALL5_LEVELS_bet23_to_bet27,-1.8242,-1.8242,-1.8242,-2.4323,-2.4323,3.000000,3.000000,3.000000,4.000000,4.000000,97.000000,97.000000,97.000000,96.000000,96.000000,5.0,-10.3374,-9.6612,-50.4706,-51.1468,PENDING_AG03,FALSE,NOT_FOR_ENFORCEMENT,-58.9838,18053.4253,-60.8080,-58.9838,-1.8242,-0.00302923,-0.00293835,-1.8242,-58.9838,-0.00293835,-1.8242,-1.8242,-1.8242,-2.4323,-2.4323,-58.9838,-0.00293835,-10.3374,-9.6612,-50.4706,-51.1468,-0.00251426,-0.00254794,-0.00009088,68.0467,63.0908,-0.2061,-5.5280,-1.8427,1824.8887,26.8182,57.5073,71.3256,25.7155,51.6356,102.3189,154.9067,206.3377,258.1778,46.472,0.0,3.99604,5.0,1.317826,18,30,13,2,0.20053567,-0.00302923,0.09355439,0E-8,0.000000,0.927169,0.000000,-0.12081041,2026-06-29,2026-07-24,11,33,33,26,0.423077,0.806264,0.845115,0.668452,,,,,,,,GLOBAL_BASELINE_NO_ENTITY_RANKING,,,NOT_APPLICABLE_GLOBAL_BASELINE,HF9g-P5,,,,X 全窗基线 · 不参与实体赏罚,3928833,393,A168_HF9F_20260827_0900,2026-08-27 09:00:00
2026-07-24,143845547,-1,1,1572.3026876305,-158.1338909973,-158.1338909973,0.6000000,16,16,0.49994810000000000,0.499948100000,0.7749986890879081,0.7749986890879081,0.7749986890879081,0E-17,SENTINEL_DEALER,R03b_20260811_FULL_v1,L1_ELIGIBILITY,v2026-08-11,2026-03-21..2026-08-06,baccarat_bet02_101_all_pairs_incl_sentinel,round_win = game_pnl > 0 (decisive only),COMPATIBILITY_ONLY_NOT_PRODUCTION,20073.7756,18611.7787,-60.8080,295,295,0.00302923,-0.09355439,0.02725602,0.00302923,60.8080,20073.7756,OK,0.0000,-1.8242,3.0000,97.0000,AG03-UNRESOLVED,ALL5_LEVELS_bet23_to_bet27,-1.8242,-1.8242,-1.8242,-2.4323,-2.4323,3.000000,3.000000,3.000000,4.000000,4.000000,97.000000,97.000000,97.000000,96.000000,96.000000,5.0,-10.3374,-9.6612,-50.4706,-51.1468,PENDING_AG03,FALSE,NOT_FOR_ENFORCEMENT,-58.9838,18053.4253,-60.8080,-58.9838,-1.8242,-0.00302923,-0.00293835,-1.8242,-58.9838,-0.00293835,-1.8242,-1.8242,-1.8242,-2.4323,-2.4323,-58.9838,-0.00293835,-10.3374,-9.6612,-50.4706,-51.1468,-0.00251426,-0.00254794,-0.00009088,68.0467,63.0908,-0.2061,-5.5280,-1.8427,1824.8887,26.8182,57.5073,71.3256,25.7155,51.6356,102.3189,154.9067,206.3377,258.1778,46.472,0.0,3.99604,5.0,1.317826,18,30,13,2,0.20053567,-0.00302923,0.09355439,0E-8,0.000000,0.927169,0.000000,-0.12081041,2026-06-29,2026-07-24,11,33,33,26,0.423077,0.806264,0.845115,0.668452,,,,,,,,GLOBAL_BASELINE_NO_ENTITY_RANKING,,,NOT_APPLICABLE_GLOBAL_BASELINE,HF9g-P5,,,,X 全窗基线 · 不参与实体赏罚,3928834,393,A168_HF9F_20260827_0900,2026-08-27 09:00:00
2026-06-03,125721391,1994,0,5.1431069509,5.1431069509,5.1431069509,1.0000000,1,1,0.49324550000000000,0.493245500000,1.01360149184955,1.01360149184955,1.01360149184955,0E-17,ELIGIBLE,R03b_20260811_FULL_v1,L1_ELIGIBILITY,v2026-08-11,2026-03-21..2026-08-06,baccarat_bet02_101_all_pairs_incl_sentinel,round_win = game_pnl > 0 (decisive only),COMPATIBILITY_ONLY_NOT_PRODUCTION,168.8278,162.8897,-61.4388,34,34,0.36391379,0.34392744,1.00000000,0.36391379,61.4388,168.8278,OK,0.0000,-2.4576,4.0000,96.0000,AG03-UNRESOLVED,ALL5_LEVELS_bet23_to_bet27,-2.4576,-2.4576,-2.4576,-3.0719,-3.0719,4.000000,4.000000,4.000000,5.000000,5.000000,96.000000,96.000000,96.000000,95.000000,95.000000,5.0,-13.5165,-12.3815,-47.9222,-49.0573,PENDING_AG03,FALSE,NOT_FOR_ENFORCEMENT,-58.9812,156.3741,-61.4388,-58.9812,-2.4576,-0.36391379,-0.34935724,-2.4576,-58.9812,-0.34935724,-2.4576,-2.4576,-2.4576,-3.0719,-3.0719,-58.9812,-0.34935724,-13.5165,-12.3815,-47.9222,-49.0573,-0.28385276,-0.29057579,-0.01455655,4.9655,4.7909,-1.8070,-12.2878,-5.5853,33.7656,6.8000,4.9601,5.1431,2.5818,2.5818,5.1636,10.5853,14.1481,16.2652,2.5818,2.4527,5.479999,6.3,1.923296,11,10,6,2,0.96953638,-0.36391379,-0.34392744,0E-8,0.000000,0.964828,0.000000,-0.65607256,2026-06-03,2026-07-30,5,11,11,58,0.086207,0.964425,0.998916,3.231788,,,,,,,,GLOBAL_BASELINE_NO_ENTITY_RANKING,,,NOT_APPLICABLE_GLOBAL_BASELINE,HF9g-P5,,,,X 全窗基线 · 不参与实体赏罚,3928835,393,A168_HF9F_20260827_0900,2026-08-27 09:00:00
2026-07-17,125721391,-1,1,44.6647561511,33.3952960008,33.3952960008,0.8571429,7,7,0.49707555714285714,0.497075557143,1.9053296525248744,1.9053296525241152,1.9053296525248744,-1.4286E-13,SENTINEL_DEALER,R03b_20260811_FULL_v1,L1_ELIGIBILITY,v2026-08-11,2026-03-21..2026-08-06,baccarat_bet02_101_all_pairs_incl_sentinel,round_win = game_pnl > 0 (decisive only),COMPATIBILITY_ONLY_NOT_PRODUCTION,168.8278,162.8897,-61.4388,34,34,0.36391379,0.34392744,1.00000000,0.36391379,61.4388,168.8278,OK,0.0000,-2.4576,4.0000,96.0000,AG03-UNRESOLVED,ALL5_LEVELS_bet23_to_bet27,-2.4576,-2.4576,-2.4576,-3.0719,-3.0719,4.000000,4.000000,4.000000,5.000000,5.000000,96.000000,96.000000,96.000000,95.000000,95.000000,5.0,-13.5165,-12.3815,-47.9222,-49.0573,PENDING_AG03,FALSE,NOT_FOR_ENFORCEMENT,-58.9812,156.3741,-61.4388,-58.9812,-2.4576,-0.36391379,-0.34935724,-2.4576,-58.9812,-0.34935724,-2.4576,-2.4576,-2.4576,-3.0719,-3.0719,-58.9812,-0.34935724,-13.5165,-12.3815,-47.9222,-49.0573,-0.28385276,-0.29057579,-0.01455655,4.9655,4.7909,-1.8070,-12.2878,-5.5853,33.7656,6.8000,4.9601,5.1431,2.5818,2.5818,5.1636,10.5853,14.1481,16.2652,2.5818,2.4527,5.479999,6.3,1.923296,11,10,6,2,0.96953638,-0.36391379,-0.34392744,0E-8,0.000000,0.964828,0.000000,-0.65607256,2026-06-03,2026-07-30,5,11,11,58,0.086207,0.964425,0.998916,3.231788,,,,,,,,GLOBAL_BASELINE_NO_ENTITY_RANKING,,,NOT_APPLICABLE_GLOBAL_BASELINE,HF9g-P5,,,,X 全窗基线 · 不参与实体赏罚,3928836,393,A168_HF9F_20260827_0900,2026-08-27 09:00:00
2026-07-19,125721391,763,0,2.5817778122,-2.5817778122,-2.5817778122,0E-7,1,1,0.49324550000000000,0.493245500000,-0.9865810262130424,-0.9865810262130424,-0.9865810262130424,0E-17,ELIGIBLE,R03b_20260811_FULL_v1,L1_ELIGIBILITY,v2026-08-11,2026-03-21..2026-08-06,baccarat_bet02_101_all_pairs_incl_sentinel,round_win = game_pnl > 0 (decisive only),COMPATIBILITY_ONLY_NOT_PRODUCTION,168.8278,162.8897,-61.4388,34,34,0.36391379,0.34392744,1.00000000,0.36391379,61.4388,168.8278,OK,0.0000,-2.4576,4.0000,96.0000,AG03-UNRESOLVED,ALL5_LEVELS_bet23_to_bet27,-2.4576,-2.4576,-2.4576,-3.0719,-3.0719,4.000000,4.000000,4.000000,5.000000,5.000000,96.000000,96.000000,96.000000,95.000000,95.000000,5.0,-13.5165,-12.3815,-47.9222,-49.0573,PENDING_AG03,FALSE,NOT_FOR_ENFORCEMENT,-58.9812,156.3741,-61.4388,-58.9812,-2.4576,-0.36391379,-0.34935724,-2.4576,-58.9812,-0.34935724,-2.4576,-2.4576,-2.4576,-3.0719,-3.0719,-58.9812,-0.34935724,-13.5165,-12.3815,-47.9222,-49.0573,-0.28385276,-0.29057579,-0.01455655,4.9655,4.7909,-1.8070,-12.2878,-5.5853,33.7656,6.8000,4.9601,5.1431,2.5818,2.5818,5.1636,10.5853,14.1481,16.2652,2.5818,2.4527,5.479999,6.3,1.923296,11,10,6,2,0.96953638,-0.36391379,-0.34392744,0E-8,0.000000,0.964828,0.000000,-0.65607256,2026-06-03,2026-07-30,5,11,11,58,0.086207,0.964425,0.998916,3.231788,,,,,,,,GLOBAL_BASELINE_NO_ENTITY_RANKING,,,NOT_APPLICABLE_GLOBAL_BASELINE,HF9g-P5,,,,X 全窗基线 · 不参与实体赏罚,3928837,393,A168_HF9F_20260827_0900,2026-08-27 09:00:00
2026-07-29,125721391,-1,1,10.3271112488,-5.2926445150,-5.2926445150,0.3333333,3,3,0.50665070000000000,0.506650700000,-0.6004420894325239,-0.6004420894325239,-0.6004420894325239,0E-17,SENTINEL_DEALER,R03b_20260811_FULL_v1,L1_ELIGIBILITY,v2026-08-11,2026-03-21..2026-08-06,baccarat_bet02_101_all_pairs_incl_sentinel,round_win = game_pnl > 0 (decisive only),COMPATIBILITY_ONLY_NOT_PRODUCTION,168.8278,162.8897,-61.4388,34,34,0.36391379,0.34392744,1.00000000,0.36391379,61.4388,168.8278,OK,0.0000,-2.4576,4.0000,96.0000,AG03-UNRESOLVED,ALL5_LEVELS_bet23_to_bet27,-2.4576,-2.4576,-2.4576,-3.0719,-3.0719,4.000000,4.000000,4.000000,5.000000,5.000000,96.000000,96.000000,96.000000,95.000000,95.000000,5.0,-13.5165,-12.3815,-47.9222,-49.0573,PENDING_AG03,FALSE,NOT_FOR_ENFORCEMENT,-58.9812,156.3741,-61.4388,-58.9812,-2.4576,-0.36391379,-0.34935724,-2.4576,-58.9812,-0.34935724,-2.4576,-2.4576,-2.4576,-3.0719,-3.0719,-58.9812,-0.34935724,-13.5165,-12.3815,-47.9222,-49.0573,-0.28385276,-0.29057579,-0.01455655,4.9655,4.7909,-1.8070,-12.2878,-5.5853,33.7656,6.8000,4.9601,5.1431,2.5818,2.5818,5.1636,10.5853,14.1481,16.2652,2.5818,2.4527,5.479999,6.3,1.923296,11,10,6,2,0.96953638,-0.36391379,-0.34392744,0E-8,0.000000,0.964828,0.000000,-0.65607256,2026-06-03,2026-07-30,5,11,11,58,0.086207,0.964425,0.998916,3.231788,,,,,,,,GLOBAL_BASELINE_NO_ENTITY_RANKING,,,NOT_APPLICABLE_GLOBAL_BASELINE,HF9g-P5,,,,X 全窗基线 · 不参与实体赏罚,3928838,393,A168_HF9F_20260827_0900,2026-08-27 09:00:00
2026-07-29,125721391,1994,0,2.5817778122,-2.5817778122,-2.5817778122,0E-7,1,1,0.50665070000000000,0.506650700000,-1.013391052207602,-1.013391052207602,-1.013391052207602,0E-17,ELIGIBLE,R03b_20260811_FULL_v1,L1_ELIGIBILITY,v2026-08-11,2026-03-21..2026-08-06,baccarat_bet02_101_all_pairs_incl_sentinel,round_win = game_pnl > 0 (decisive only),COMPATIBILITY_ONLY_NOT_PRODUCTION,168.8278,162.8897,-61.4388,34,34,0.36391379,0.34392744,1.00000000,0.36391379,61.4388,168.8278,OK,0.0000,-2.4576,4.0000,96.0000,AG03-UNRESOLVED,ALL5_LEVELS_bet23_to_bet27,-2.4576,-2.4576,-2.4576,-3.0719,-3.0719,4.000000,4.000000,4.000000,5.000000,5.000000,96.000000,96.000000,96.000000,95.000000,95.000000,5.0,-13.5165,-12.3815,-47.9222,-49.0573,PENDING_AG03,FALSE,NOT_FOR_ENFORCEMENT,-58.9812,156.3741,-61.4388,-58.9812,-2.4576,-0.36391379,-0.34935724,-2.4576,-58.9812,-0.34935724,-2.4576,-2.4576,-2.4576,-3.0719,-3.0719,-58.9812,-0.34935724,-13.5165,-12.3815,-47.9222,-49.0573,-0.28385276,-0.29057579,-0.01455655,4.9655,4.7909,-1.8070,-12.2878,-5.5853,33.7656,6.8000,4.9601,5.1431,2.5818,2.5818,5.1636,10.5853,14.1481,16.2652,2.5818,2.4527,5.479999,6.3,1.923296,11,10,6,2,0.96953638,-0.36391379,-0.34392744,0E-8,0.000000,0.964828,0.000000,-0.65607256,2026-06-03,2026-07-30,5,11,11,58,0.086207,0.964425,0.998916,3.231788,,,,,,,,GLOBAL_BASELINE_NO_ENTITY_RANKING,,,NOT_APPLICABLE_GLOBAL_BASELINE,HF9g-P5,,,,X 全窗基线 · 不参与实体赏罚,3928839,393,A168_HF9F_20260827_0900,2026-08-27 09:00:00
2026-07-29,125721391,2147,0,2.5817778122,2.5817778122,2.5817778122,1.0000000,1,1,0.49324550000000000,0.493245500000,1.01360149184955,1.01360149184955,1.01360149184955,0E-17,ELIGIBLE,R03b_20260811_FULL_v1,L1_ELIGIBILITY,v2026-08-11,2026-03-21..2026-08-06,baccarat_bet02_101_all_pairs_incl_sentinel,round_win = game_pnl > 0 (decisive only),COMPATIBILITY_ONLY_NOT_PRODUCTION,168.8278,162.8897,-61.4388,34,34,0.36391379,0.34392744,1.00000000,0.36391379,61.4388,168.8278,OK,0.0000,-2.4576,4.0000,96.0000,AG03-UNRESOLVED,ALL5_LEVELS_bet23_to_bet27,-2.4576,-2.4576,-2.4576,-3.0719,-3.0719,4.000000,4.000000,4.000000,5.000000,5.000000,96.000000,96.000000,96.000000,95.000000,95.000000,5.0,-13.5165,-12.3815,-47.9222,-49.0573,PENDING_AG03,FALSE,NOT_FOR_ENFORCEMENT,-58.9812,156.3741,-61.4388,-58.9812,-2.4576,-0.36391379,-0.34935724,-2.4576,-58.9812,-0.34935724,-2.4576,-2.4576,-2.4576,-3.0719,-3.0719,-58.9812,-0.34935724,-13.5165,-12.3815,-47.9222,-49.0573,-0.28385276,-0.29057579,-0.01455655,4.9655,4.7909,-1.8070,-12.2878,-5.5853,33.7656,6.8000,4.9601,5.1431,2.5818,2.5818,5.1636,10.5853,14.1481,16.2652,2.5818,2.4527,5.479999,6.3,1.923296,11,10,6,2,0.96953638,-0.36391379,-0.34392744,0E-8,0.000000,0.964828,0.000000,-0.65607256,2026-06-03,2026-07-30,5,11,11,58,0.086207,0.964425,0.998916,3.231788,,,,,,,,GLOBAL_BASELINE_NO_ENTITY_RANKING,,,NOT_APPLICABLE_GLOBAL_BASELINE,HF9g-P5,,,,X 全窗基线 · 不参与实体赏罚,3928840,393,A168_HF9F_20260827_0900,2026-08-27 09:00:00
2026-07-29,125721391,2201,0,12.9088890610,12.5216223892,12.5216223892,1.0000000,2,2,0.49994810000000000,0.499948100000,1.4143603653603398,1.4143603653603398,1.4143603653603398,0E-17,ELIGIBLE,R03b_20260811_FULL_v1,L1_ELIGIBILITY,v2026-08-11,2026-03-21..2026-08-06,baccarat_bet02_101_all_pairs_incl_sentinel,round_win = game_pnl > 0 (decisive only),COMPATIBILITY_ONLY_NOT_PRODUCTION,168.8278,162.8897,-61.4388,34,34,0.36391379,0.34392744,1.00000000,0.36391379,61.4388,168.8278,OK,0.0000,-2.4576,4.0000,96.0000,AG03-UNRESOLVED,ALL5_LEVELS_bet23_to_bet27,-2.4576,-2.4576,-2.4576,-3.0719,-3.0719,4.000000,4.000000,4.000000,5.000000,5.000000,96.000000,96.000000,96.000000,95.000000,95.000000,5.0,-13.5165,-12.3815,-47.9222,-49.0573,PENDING_AG03,FALSE,NOT_FOR_ENFORCEMENT,-58.9812,156.3741,-61.4388,-58.9812,-2.4576,-0.36391379,-0.34935724,-2.4576,-58.9812,-0.34935724,-2.4576,-2.4576,-2.4576,-3.0719,-3.0719,-58.9812,-0.34935724,-13.5165,-12.3815,-47.9222,-49.0573,-0.28385276,-0.29057579,-0.01455655,4.9655,4.7909,-1.8070,-12.2878,-5.5853,33.7656,6.8000,4.9601,5.1431,2.5818,2.5818,5.1636,10.5853,14.1481,16.2652,2.5818,2.4527,5.479999,6.3,1.923296,11,10,6,2,0.96953638,-0.36391379,-0.34392744,0E-8,0.000000,0.964828,0.000000,-0.65607256,2026-06-03,2026-07-30,5,11,11,58,0.086207,0.964425,0.998916,3.231788,,,,,,,,GLOBAL_BASELINE_NO_ENTITY_RANKING,,,NOT_APPLICABLE_GLOBAL_BASELINE,HF9g-P5,,,,X 全窗基线 · 不参与实体赏罚,3928841,393,A168_HF9F_20260827_0900,2026-08-27 09:00:00
2026-07-30,125721391,1966,0,18.5888002479,7.1515245398,7.1515245398,0.6666667,5,5,0.49592654000000000,0.495926540000,0.5914807778519792,0.5914807778519792,0.5914807778519792,0E-17,ELIGIBLE,R03b_20260811_FULL_v1,L1_ELIGIBILITY,v2026-08-11,2026-03-21..2026-08-06,baccarat_bet02_101_all_pairs_incl_sentinel,round_win = game_pnl > 0 (decisive only),COMPATIBILITY_ONLY_NOT_PRODUCTION,168.8278,162.8897,-61.4388,34,34,0.36391379,0.34392744,1.00000000,0.36391379,61.4388,168.8278,OK,0.0000,-2.4576,4.0000,96.0000,AG03-UNRESOLVED,ALL5_LEVELS_bet23_to_bet27,-2.4576,-2.4576,-2.4576,-3.0719,-3.0719,4.000000,4.000000,4.000000,5.000000,5.000000,96.000000,96.000000,96.000000,95.000000,95.000000,5.0,-13.5165,-12.3815,-47.9222,-49.0573,PENDING_AG03,FALSE,NOT_FOR_ENFORCEMENT,-58.9812,156.3741,-61.4388,-58.9812,-2.4576,-0.36391379,-0.34935724,-2.4576,-58.9812,-0.34935724,-2.4576,-2.4576,-2.4576,-3.0719,-3.0719,-58.9812,-0.34935724,-13.5165,-12.3815,-47.9222,-49.0573,-0.28385276,-0.29057579,-0.01455655,4.9655,4.7909,-1.8070,-12.2878,-5.5853,33.7656,6.8000,4.9601,5.1431,2.5818,2.5818,5.1636,10.5853,14.1481,16.2652,2.5818,2.4527,5.479999,6.3,1.923296,11,10,6,2,0.96953638,-0.36391379,-0.34392744,0E-8,0.000000,0.964828,0.000000,-0.65607256,2026-06-03,2026-07-30,5,11,11,58,0.086207,0.964425,0.998916,3.231788,,,,,,,,GLOBAL_BASELINE_NO_ENTITY_RANKING,,,NOT_APPLICABLE_GLOBAL_BASELINE,HF9g-P5,,,,X 全窗基线 · 不参与实体赏罚,3928842,393,A168_HF9F_20260827_0900,2026-08-27 09:00:00
2026-07-30,125721391,2201,0,3.8726667183,-3.8726667183,-3.8726667183,0E-7,1,1,0.50665070000000000,0.506650700000,-1.013391052207602,-1.013391052207602,-1.013391052207602,0E-17,ELIGIBLE,R03b_20260811_FULL_v1,L1_ELIGIBILITY,v2026-08-11,2026-03-21..2026-08-06,baccarat_bet02_101_all_pairs_incl_sentinel,round_win = game_pnl > 0 (decisive only),COMPATIBILITY_ONLY_NOT_PRODUCTION,168.8278,162.8897,-61.4388,34,34,0.36391379,0.34392744,1.00000000,0.36391379,61.4388,168.8278,OK,0.0000,-2.4576,4.0000,96.0000,AG03-UNRESOLVED,ALL5_LEVELS_bet23_to_bet27,-2.4576,-2.4576,-2.4576,-3.0719,-3.0719,4.000000,4.000000,4.000000,5.000000,5.000000,96.000000,96.000000,96.000000,95.000000,95.000000,5.0,-13.5165,-12.3815,-47.9222,-49.0573,PENDING_AG03,FALSE,NOT_FOR_ENFORCEMENT,-58.9812,156.3741,-61.4388,-58.9812,-2.4576,-0.36391379,-0.34935724,-2.4576,-58.9812,-0.34935724,-2.4576,-2.4576,-2.4576,-3.0719,-3.0719,-58.9812,-0.34935724,-13.5165,-12.3815,-47.9222,-49.0573,-0.28385276,-0.29057579,-0.01455655,4.9655,4.7909,-1.8070,-12.2878,-5.5853,33.7656,6.8000,4.9601,5.1431,2.5818,2.5818,5.1636,10.5853,14.1481,16.2652,2.5818,2.4527,5.479999,6.3,1.923296,11,10,6,2,0.96953638,-0.36391379,-0.34392744,0E-8,0.000000,0.964828,0.000000,-0.65607256,2026-06-03,2026-07-30,5,11,11,58,0.086207,0.964425,0.998916,3.231788,,,,,,,,GLOBAL_BASELINE_NO_ENTITY_RANKING,,,NOT_APPLICABLE_GLOBAL_BASELINE,HF9g-P5,,,,X 全窗基线 · 不参与实体赏罚,3928843,393,A168_HF9F_20260827_0900,2026-08-27 09:00:00
2026-07-30,125721391,2261,0,21.6869336225,-7.2289778741,-7.2289778741,0.5000000,2,2,0.49324550000000000,0.493245500000,0.01910635448239258,0.01910635448239258,0.01910635448239258,0E-17,ELIGIBLE,R03b_20260811_FULL_v1,L1_ELIGIBILITY,v2026-08-11,2026-03-21..2026-08-06,baccarat_bet02_101_all_pairs_incl_sentinel,round_win = game_pnl > 0 (decisive only),COMPATIBILITY_ONLY_NOT_PRODUCTION,168.8278,162.8897,-61.4388,34,34,0.36391379,0.34392744,1.00000000,0.36391379,61.4388,168.8278,OK,0.0000,-2.4576,4.0000,96.0000,AG03-UNRESOLVED,ALL5_LEVELS_bet23_to_bet27,-2.4576,-2.4576,-2.4576,-3.0719,-3.0719,4.000000,4.000000,4.000000,5.000000,5.000000,96.000000,96.000000,96.000000,95.000000,95.000000,5.0,-13.5165,-12.3815,-47.9222,-49.0573,PENDING_AG03,FALSE,NOT_FOR_ENFORCEMENT,-58.9812,156.3741,-61.4388,-58.9812,-2.4576,-0.36391379,-0.34935724,-2.4576,-58.9812,-0.34935724,-2.4576,-2.4576,-2.4576,-3.0719,-3.0719,-58.9812,-0.34935724,-13.5165,-12.3815,-47.9222,-49.0573,-0.28385276,-0.29057579,-0.01455655,4.9655,4.7909,-1.8070,-12.2878,-5.5853,33.7656,6.8000,4.9601,5.1431,2.5818,2.5818,5.1636,10.5853,14.1481,16.2652,2.5818,2.4527,5.479999,6.3,1.923296,11,10,6,2,0.96953638,-0.36391379,-0.34392744,0E-8,0.000000,0.964828,0.000000,-0.65607256,2026-06-03,2026-07-30,5,11,11,58,0.086207,0.964425,0.998916,3.231788,,,,,,,,GLOBAL_BASELINE_NO_ENTITY_RANKING,,,NOT_APPLICABLE_GLOBAL_BASELINE,HF9g-P5,,,,X 全窗基线 · 不参与实体赏罚,3928844,393,A168_HF9F_20260827_0900,2026-08-27 09:00:00
2026-07-30,125721391,2271,0,10.3271112488,9.8107556864,9.8107556864,1.0000000,1,1,0.50665070000000000,0.506650700000,0.9867858985152569,0.9867858985152569,0.9867858985152569,0E-17,ELIGIBLE,R03b_20260811_FULL_v1,L1_ELIGIBILITY,v2026-08-11,2026-03-21..2026-08-06,baccarat_bet02_101_all_pairs_incl_sentinel,round_win = game_pnl > 0 (decisive only),COMPATIBILITY_ONLY_NOT_PRODUCTION,168.8278,162.8897,-61.4388,34,34,0.36391379,0.34392744,1.00000000,0.36391379,61.4388,168.8278,OK,0.0000,-2.4576,4.0000,96.0000,AG03-UNRESOLVED,ALL5_LEVELS_bet23_to_bet27,-2.4576,-2.4576,-2.4576,-3.0719,-3.0719,4.000000,4.000000,4.000000,5.000000,5.000000,96.000000,96.000000,96.000000,95.000000,95.000000,5.0,-13.5165,-12.3815,-47.9222,-49.0573,PENDING_AG03,FALSE,NOT_FOR_ENFORCEMENT,-58.9812,156.3741,-61.4388,-58.9812,-2.4576,-0.36391379,-0.34935724,-2.4576,-58.9812,-0.34935724,-2.4576,-2.4576,-2.4576,-3.0719,-3.0719,-58.9812,-0.34935724,-13.5165,-12.3815,-47.9222,-49.0573,-0.28385276,-0.29057579,-0.01455655,4.9655,4.7909,-1.8070,-12.2878,-5.5853,33.7656,6.8000,4.9601,5.1431,2.5818,2.5818,5.1636,10.5853,14.1481,16.2652,2.5818,2.4527,5.479999,6.3,1.923296,11,10,6,2,0.96953638,-0.36391379,-0.34392744,0E-8,0.000000,0.964828,0.000000,-0.65607256,2026-06-03,2026-07-30,5,11,11,58,0.086207,0.964425,0.998916,3.231788,,,,,,,,GLOBAL_BASELINE_NO_ENTITY_RANKING,,,NOT_APPLICABLE_GLOBAL_BASELINE,HF9g-P5,,,,X 全窗基线 · 不参与实体赏罚,3928845,393,A168_HF9F_20260827_0900,2026-08-27 09:00:00
2026-07-30,125721391,529,0,5.1635556244,-0.1290888906,-0.1290888906,0.5000000,2,2,0.50665070000000000,0.506650700000,-0.018812684590367487,-0.018812684590367487,-0.018812684590367487,0E-17,ELIGIBLE,R03b_20260811_FULL_v1,L1_ELIGIBILITY,v2026-08-11,2026-03-21..2026-08-06,baccarat_bet02_101_all_pairs_incl_sentinel,round_win = game_pnl > 0 (decisive only),COMPATIBILITY_ONLY_NOT_PRODUCTION,168.8278,162.8897,-61.4388,34,34,0.36391379,0.34392744,1.00000000,0.36391379,61.4388,168.8278,OK,0.0000,-2.4576,4.0000,96.0000,AG03-UNRESOLVED,ALL5_LEVELS_bet23_to_bet27,-2.4576,-2.4576,-2.4576,-3.0719,-3.0719,4.000000,4.000000,4.000000,5.000000,5.000000,96.000000,96.000000,96.000000,95.000000,95.000000,5.0,-13.5165,-12.3815,-47.9222,-49.0573,PENDING_AG03,FALSE,NOT_FOR_ENFORCEMENT,-58.9812,156.3741,-61.4388,-58.9812,-2.4576,-0.36391379,-0.34935724,-2.4576,-58.9812,-0.34935724,-2.4576,-2.4576,-2.4576,-3.0719,-3.0719,-58.9812,-0.34935724,-13.5165,-12.3815,-47.9222,-49.0573,-0.28385276,-0.29057579,-0.01455655,4.9655,4.7909,-1.8070,-12.2878,-5.5853,33.7656,6.8000,4.9601,5.1431,2.5818,2.5818,5.1636,10.5853,14.1481,16.2652,2.5818,2.4527,5.479999,6.3,1.923296,11,10,6,2,0.96953638,-0.36391379,-0.34392744,0E-8,0.000000,0.964828,0.000000,-0.65607256,2026-06-03,2026-07-30,5,11,11,58,0.086207,0.964425,0.998916,3.231788,,,,,,,,GLOBAL_BASELINE_NO_ENTITY_RANKING,,,NOT_APPLICABLE_GLOBAL_BASELINE,HF9g-P5,,,,X 全窗基线 · 不参与实体赏罚,3928846,393,A168_HF9F_20260827_0900,2026-08-27 09:00:00
2026-07-30,125721391,583,0,28.3995559342,12.5216223892,12.5216223892,0.5714286,7,7,0.50282064285714286,0.502820642857,0.36304481076852674,0.3630448107692821,0.36304481076852674,1.4286E-13,ELIGIBLE,R03b_20260811_FULL_v1,L1_ELIGIBILITY,v2026-08-11,2026-03-21..2026-08-06,baccarat_bet02_101_all_pairs_incl_sentinel,round_win = game_pnl > 0 (decisive only),COMPATIBILITY_ONLY_NOT_PRODUCTION,168.8278,162.8897,-61.4388,34,34,0.36391379,0.34392744,1.00000000,0.36391379,61.4388,168.8278,OK,0.0000,-2.4576,4.0000,96.0000,AG03-UNRESOLVED,ALL5_LEVELS_bet23_to_bet27,-2.4576,-2.4576,-2.4576,-3.0719,-3.0719,4.000000,4.000000,4.000000,5.000000,5.000000,96.000000,96.000000,96.000000,95.000000,95.000000,5.0,-13.5165,-12.3815,-47.9222,-49.0573,PENDING_AG03,FALSE,NOT_FOR_ENFORCEMENT,-58.9812,156.3741,-61.4388,-58.9812,-2.4576,-0.36391379,-0.34935724,-2.4576,-58.9812,-0.34935724,-2.4576,-2.4576,-2.4576,-3.0719,-3.0719,-58.9812,-0.34935724,-13.5165,-12.3815,-47.9222,-49.0573,-0.28385276,-0.29057579,-0.01455655,4.9655,4.7909,-1.8070,-12.2878,-5.5853,33.7656,6.8000,4.9601,5.1431,2.5818,2.5818,5.1636,10.5853,14.1481,16.2652,2.5818,2.4527,5.479999,6.3,1.923296,11,10,6,2,0.96953638,-0.36391379,-0.34392744,0E-8,0.000000,0.964828,0.000000,-0.65607256,2026-06-03,2026-07-30,5,11,11,58,0.086207,0.964425,0.998916,3.231788,,,,,,,,GLOBAL_BASELINE_NO_ENTITY_RANKING,,,NOT_APPLICABLE_GLOBAL_BASELINE,HF9g-P5,,,,X 全窗基线 · 不参与实体赏罚,3928847,393,A168_HF9F_20260827_0900,2026-08-27 09:00:00
2026-06-23,147596083,1307,0,47.8308946435,8.7432818165,8.7432818165,0.6666667,3,3,0.49324550000000000,0.493245500000,0.6008033672792107,0.6008033672792106,0.6008033672792107,0E-17,ELIGIBLE,R03b_20260811_FULL_v1,L1_ELIGIBILITY,v2026-08-11,2026-03-21..2026-08-06,baccarat_bet02_101_all_pairs_incl_sentinel,round_win = game_pnl > 0 (decisive only),COMPATIBILITY_ONLY_NOT_PRODUCTION,160.7221,160.7221,-61.4344,10,10,0.38224000,,0.38224000,0.38224000,61.4344,160.7221,THIN_EXPOSURE,0.0000,-2.4574,4.0000,96.0000,AG03-UNRESOLVED,ALL5_LEVELS_bet23_to_bet27,-2.4574,-2.4574,-3.0717,-3.0717,-3.0717,4.000000,4.000000,5.000000,5.000000,5.000000,96.000000,96.000000,95.000000,95.000000,95.000000,5.0,-14.1299,-12.8916,-47.3045,-48.5428,PENDING_AG03,FALSE,NOT_FOR_ENFORCEMENT,-58.9770,154.2932,-61.4344,-58.9770,-2.4574,-0.38224000,-0.36695040,-2.4574,-58.9770,-0.36695040,-2.4574,-2.4574,-3.0717,-3.0717,-3.0717,-58.9770,-0.36695040,-14.1299,-12.8916,-47.3045,-48.5428,-0.29432480,-0.30202954,-0.01528960,16.0722,16.0722,-6.1434,-61.4344,-61.4344,160.7221,10.0000,,16.0722,12.8578,15.9436,19.5438,20.701,20.8296,20.8296,15.9436,12.6006,1.306452,1.306452,1.008065,1,2,1,2,0E-8,-0.38224000,,0E-8,0.000000,1.000000,0.000000,,2026-06-23,2026-06-23,1,1,1,1,1.000000,,,0.000000,,,,,,,,GLOBAL_BASELINE_NO_ENTITY_RANKING,,,NOT_APPLICABLE_GLOBAL_BASELINE,HF9g-P5,,,,X 全窗基线 · 不参与实体赏罚,3928848,393,A168_HF9F_20260827_0900,2026-08-27 09:00:00
2026-06-23,147596083,2103,0,112.8911975725,52.6911307121,52.6911307121,0.7142857,7,7,0.49516052857142857,0.495160528571,1.1595558107697723,1.1595558107720498,1.1595558107697723,4.2857E-13,ELIGIBLE,R03b_20260811_FULL_v1,L1_ELIGIBILITY,v2026-08-11,2026-03-21..2026-08-06,baccarat_bet02_101_all_pairs_incl_sentinel,round_win = game_pnl > 0 (decisive only),COMPATIBILITY_ONLY_NOT_PRODUCTION,160.7221,160.7221,-61.4344,10,10,0.38224000,,0.38224000,0.38224000,61.4344,160.7221,THIN_EXPOSURE,0.0000,-2.4574,4.0000,96.0000,AG03-UNRESOLVED,ALL5_LEVELS_bet23_to_bet27,-2.4574,-2.4574,-3.0717,-3.0717,-3.0717,4.000000,4.000000,5.000000,5.000000,5.000000,96.000000,96.000000,95.000000,95.000000,95.000000,5.0,-14.1299,-12.8916,-47.3045,-48.5428,PENDING_AG03,FALSE,NOT_FOR_ENFORCEMENT,-58.9770,154.2932,-61.4344,-58.9770,-2.4574,-0.38224000,-0.36695040,-2.4574,-58.9770,-0.36695040,-2.4574,-2.4574,-3.0717,-3.0717,-3.0717,-58.9770,-0.36695040,-14.1299,-12.8916,-47.3045,-48.5428,-0.29432480,-0.30202954,-0.01528960,16.0722,16.0722,-6.1434,-61.4344,-61.4344,160.7221,10.0000,,16.0722,12.8578,15.9436,19.5438,20.701,20.8296,20.8296,15.9436,12.6006,1.306452,1.306452,1.008065,1,2,1,2,0E-8,-0.38224000,,0E-8,0.000000,1.000000,0.000000,,2026-06-23,2026-06-23,1,1,1,1,1.000000,,,0.000000,,,,,,,,GLOBAL_BASELINE_NO_ENTITY_RANKING,,,NOT_APPLICABLE_GLOBAL_BASELINE,HF9g-P5,,,,X 全窗基线 · 不参与实体赏罚,3928849,393,A168_HF9F_20260827_0900,2026-08-27 09:00:00
2026-06-06,151082641,-1,1,64.0000000000,60.8000000000,60.8000000000,1.0000000,1,1,0.50665070000000000,0.506650700000,0.9867858985152569,0.9867858985152569,0.9867858985152569,0E-17,SENTINEL_DEALER,R03b_20260811_FULL_v1,L1_ELIGIBILITY,v2026-08-11,2026-03-21..2026-08-06,baccarat_bet02_101_all_pairs_incl_sentinel,round_win = game_pnl > 0 (decisive only),COMPATIBILITY_ONLY_NOT_PRODUCTION,64.0000,64.0000,-60.8000,1,1,0.95000000,,0.95000000,0.95000000,60.8000,64.0000,THIN_EXPOSURE,0.0000,-1.8240,3.0000,97.0000,AG03-UNRESOLVED,ALL5_LEVELS_bet23_to_bet27,-1.8240,-1.8240,-1.8240,-1.8240,-1.8240,3.000000,3.000000,3.000000,3.000000,3.000000,97.000000,97.000000,97.000000,97.000000,97.000000,5.0,-9.1200,-8.589,-51.6800,-52.211,PENDING_AG03,FALSE,NOT_FOR_ENFORCEMENT,-58.9760,62.0800,-60.8000,-58.9760,-1.8240,-0.95000000,-0.92150000,-1.8240,-58.9760,-0.92150000,-1.8240,-1.8240,-1.8240,-1.8240,-1.8240,-58.9760,-0.92150000,-9.1200,-8.589,-51.6800,-52.211,-0.80750000,-0.81579732,-0.02850000,64.0000,64.0000,-60.8000,-60.8000,-60.8000,64.0000,1.0000,,64.0000,64.0,64.0,64.0,64.0,64.0,64.0,64.0,60.8,1.0,1.0,1.0,1,1,1,1,0E-8,-0.95000000,,0E-8,0.000000,1.000000,0.000000,,2026-06-06,2026-06-06,1,1,1,1,1.000000,,,0.000000,,,,,,,,GLOBAL_BASELINE_NO_ENTITY_RANKING,,,NOT_APPLICABLE_GLOBAL_BASELINE,HF9g-P5,,,,X 全窗基线 · 不参与实体赏罚,3928850,393,A168_HF9F_20260827_0900,2026-08-27 09:00:00
2026-05-31,150442799,1318,0,24.0000000000,22.8000000000,22.8000000000,1.0000000,1,1,0.50665070000000000,0.506650700000,0.9867858985152569,0.9867858985152569,0.9867858985152569,0E-17,ELIGIBLE,R03b_20260811_FULL_v1,L1_ELIGIBILITY,v2026-08-11,2026-03-21..2026-08-06,baccarat_bet02_101_all_pairs_incl_sentinel,round_win = game_pnl > 0 (decisive only),COMPATIBILITY_ONLY_NOT_PRODUCTION,196.0000,104.0000,-60.8000,9,9,0.31020408,0E-8,0.46060606,0.31020408,60.8000,196.0000,THIN_EXPOSURE,0.0000,-1.8240,3.0000,97.0000,AG03-UNRESOLVED,ALL5_LEVELS_bet23_to_bet27,-1.8240,-1.8240,-1.8240,-1.8240,-1.8240,3.000000,3.000000,3.000000,3.000000,3.000000,97.000000,97.000000,97.000000,97.000000,97.000000,5.0,-9.1200,-8.589,-51.6800,-52.211,PENDING_AG03,FALSE,NOT_FOR_ENFORCEMENT,-58.9760,100.8800,-60.8000,-58.9760,-1.8240,-0.31020408,-0.30089796,-1.8240,-58.9760,-0.30089796,-1.8240,-1.8240,-1.8240,-1.8240,-1.8240,-58.9760,-0.30089796,-9.1200,-8.589,-51.6800,-52.211,-0.26367347,-0.2663828,-0.00930612,21.7778,11.5556,-6.7556,-30.4000,-7.6000,98.0000,4.5000,21.3333,22.0000,20.0,20.0,24.0,24.6,25.0,25.0,20.0,0.0,1.25,1.25,1.088889,6,8,3,2,0.32653061,-0.31020408,0E-8,0E-8,0.000000,0.530612,0.000000,-0.46060606,2026-05-31,2026-07-18,2,8,8,49,0.040816,0.969697,0.979592,1.088435,,,,,,,,GLOBAL_BASELINE_NO_ENTITY_RANKING,,,NOT_APPLICABLE_GLOBAL_BASELINE,HF9g-P5,,,,X 全窗基线 · 不参与实体赏罚,3928851,393,A168_HF9F_20260827_0900,2026-08-27 09:00:00
2026-05-31,150442799,1331,0,45.0000000000,0E-10,0E-10,,2,2,0.50665070000000000,0.506650700000,,,,0E-17,NO_DECISIVE_ROUND,R03b_20260811_FULL_v1,L1_ELIGIBILITY,v2026-08-11,2026-03-21..2026-08-06,baccarat_bet02_101_all_pairs_incl_sentinel,round_win = game_pnl > 0 (decisive only),COMPATIBILITY_ONLY_NOT_PRODUCTION,196.0000,104.0000,-60.8000,9,9,0.31020408,0E-8,0.46060606,0.31020408,60.8000,196.0000,THIN_EXPOSURE,0.0000,-1.8240,3.0000,97.0000,AG03-UNRESOLVED,ALL5_LEVELS_bet23_to_bet27,-1.8240,-1.8240,-1.8240,-1.8240,-1.8240,3.000000,3.000000,3.000000,3.000000,3.000000,97.000000,97.000000,97.000000,97.000000,97.000000,5.0,-9.1200,-8.589,-51.6800,-52.211,PENDING_AG03,FALSE,NOT_FOR_ENFORCEMENT,-58.9760,100.8800,-60.8000,-58.9760,-1.8240,-0.31020408,-0.30089796,-1.8240,-58.9760,-0.30089796,-1.8240,-1.8240,-1.8240,-1.8240,-1.8240,-58.9760,-0.30089796,-9.1200,-8.589,-51.6800,-52.211,-0.26367347,-0.2663828,-0.00930612,21.7778,11.5556,-6.7556,-30.4000,-7.6000,98.0000,4.5000,21.3333,22.0000,20.0,20.0,24.0,24.6,25.0,25.0,20.0,0.0,1.25,1.25,1.088889,6,8,3,2,0.32653061,-0.31020408,0E-8,0E-8,0.000000,0.530612,0.000000,-0.46060606,2026-05-31,2026-07-18,2,8,8,49,0.040816,0.969697,0.979592,1.088435,,,,,,,,GLOBAL_BASELINE_NO_ENTITY_RANKING,,,NOT_APPLICABLE_GLOBAL_BASELINE,HF9g-P5,,,,X 全窗基线 · 不参与实体赏罚,3928852,393,A168_HF9F_20260827_0900,2026-08-27 09:00:00
2026-05-31,150442799,2205,0,20.0000000000,19.0000000000,19.0000000000,1.0000000,1,1,0.50665070000000000,0.506650700000,0.9867858985152569,0.9867858985152569,0.9867858985152569,0E-17,ELIGIBLE,R03b_20260811_FULL_v1,L1_ELIGIBILITY,v2026-08-11,2026-03-21..2026-08-06,baccarat_bet02_101_all_pairs_incl_sentinel,round_win = game_pnl > 0 (decisive only),COMPATIBILITY_ONLY_NOT_PRODUCTION,196.0000,104.0000,-60.8000,9,9,0.31020408,0E-8,0.46060606,0.31020408,60.8000,196.0000,THIN_EXPOSURE,0.0000,-1.8240,3.0000,97.0000,AG03-UNRESOLVED,ALL5_LEVELS_bet23_to_bet27,-1.8240,-1.8240,-1.8240,-1.8240,-1.8240,3.000000,3.000000,3.000000,3.000000,3.000000,97.000000,97.000000,97.000000,97.000000,97.000000,5.0,-9.1200,-8.589,-51.6800,-52.211,PENDING_AG03,FALSE,NOT_FOR_ENFORCEMENT,-58.9760,100.8800,-60.8000,-58.9760,-1.8240,-0.31020408,-0.30089796,-1.8240,-58.9760,-0.30089796,-1.8240,-1.8240,-1.8240,-1.8240,-1.8240,-58.9760,-0.30089796,-9.1200,-8.589,-51.6800,-52.211,-0.26367347,-0.2663828,-0.00930612,21.7778,11.5556,-6.7556,-30.4000,-7.6000,98.0000,4.5000,21.3333,22.0000,20.0,20.0,24.0,24.6,25.0,25.0,20.0,0.0,1.25,1.25,1.088889,6,8,3,2,0.32653061,-0.31020408,0E-8,0E-8,0.000000,0.530612,0.000000,-0.46060606,2026-05-31,2026-07-18,2,8,8,49,0.040816,0.969697,0.979592,1.088435,,,,,,,,GLOBAL_BASELINE_NO_ENTITY_RANKING,,,NOT_APPLICABLE_GLOBAL_BASELINE,HF9g-P5,,,,X 全窗基线 · 不参与实体赏罚,3928853,393,A168_HF9F_20260827_0900,2026-08-27 09:00:00
2026-05-31,150442799,2223,0,23.0000000000,0E-10,0E-10,,1,1,0.49324550000000000,0.493245500000,,,,0E-17,NO_DECISIVE_ROUND,R03b_20260811_FULL_v1,L1_ELIGIBILITY,v2026-08-11,2026-03-21..2026-08-06,baccarat_bet02_101_all_pairs_incl_sentinel,round_win = game_pnl > 0 (decisive only),COMPATIBILITY_ONLY_NOT_PRODUCTION,196.0000,104.0000,-60.8000,9,9,0.31020408,0E-8,0.46060606,0.31020408,60.8000,196.0000,THIN_EXPOSURE,0.0000,-1.8240,3.0000,97.0000,AG03-UNRESOLVED,ALL5_LEVELS_bet23_to_bet27,-1.8240,-1.8240,-1.8240,-1.8240,-1.8240,3.000000,3.000000,3.000000,3.000000,3.000000,97.000000,97.000000,97.000000,97.000000,97.000000,5.0,-9.1200,-8.589,-51.6800,-52.211,PENDING_AG03,FALSE,NOT_FOR_ENFORCEMENT,-58.9760,100.8800,-60.8000,-58.9760,-1.8240,-0.31020408,-0.30089796,-1.8240,-58.9760,-0.30089796,-1.8240,-1.8240,-1.8240,-1.8240,-1.8240,-58.9760,-0.30089796,-9.1200,-8.589,-51.6800,-52.211,-0.26367347,-0.2663828,-0.00930612,21.7778,11.5556,-6.7556,-30.4000,-7.6000,98.0000,4.5000,21.3333,22.0000,20.0,20.0,24.0,24.6,25.0,25.0,20.0,0.0,1.25,1.25,1.088889,6,8,3,2,0.32653061,-0.31020408,0E-8,0E-8,0.000000,0.530612,0.000000,-0.46060606,2026-05-31,2026-07-18,2,8,8,49,0.040816,0.969697,0.979592,1.088435,,,,,,,,GLOBAL_BASELINE_NO_ENTITY_RANKING,,,NOT_APPLICABLE_GLOBAL_BASELINE,HF9g-P5,,,,X 全窗基线 · 不参与实体赏罚,3928854,393,A168_HF9F_20260827_0900,2026-08-27 09:00:00
2026-05-31,150442799,462,0,20.0000000000,19.0000000000,19.0000000000,1.0000000,1,1,0.50665070000000000,0.506650700000,0.9867858985152569,0.9867858985152569,0.9867858985152569,0E-17,ELIGIBLE,R03b_20260811_FULL_v1,L1_ELIGIBILITY,v2026-08-11,2026-03-21..2026-08-06,baccarat_bet02_101_all_pairs_incl_sentinel,round_win = game_pnl > 0 (decisive only),COMPATIBILITY_ONLY_NOT_PRODUCTION,196.0000,104.0000,-60.8000,9,9,0.31020408,0E-8,0.46060606,0.31020408,60.8000,196.0000,THIN_EXPOSURE,0.0000,-1.8240,3.0000,97.0000,AG03-UNRESOLVED,ALL5_LEVELS_bet23_to_bet27,-1.8240,-1.8240,-1.8240,-1.8240,-1.8240,3.000000,3.000000,3.000000,3.000000,3.000000,97.000000,97.000000,97.000000,97.000000,97.000000,5.0,-9.1200,-8.589,-51.6800,-52.211,PENDING_AG03,FALSE,NOT_FOR_ENFORCEMENT,-58.9760,100.8800,-60.8000,-58.9760,-1.8240,-0.31020408,-0.30089796,-1.8240,-58.9760,-0.30089796,-1.8240,-1.8240,-1.8240,-1.8240,-1.8240,-58.9760,-0.30089796,-9.1200,-8.589,-51.6800,-52.211,-0.26367347,-0.2663828,-0.00930612,21.7778,11.5556,-6.7556,-30.4000,-7.6000,98.0000,4.5000,21.3333,22.0000,20.0,20.0,24.0,24.6,25.0,25.0,20.0,0.0,1.25,1.25,1.088889,6,8,3,2,0.32653061,-0.31020408,0E-8,0E-8,0.000000,0.530612,0.000000,-0.46060606,2026-05-31,2026-07-18,2,8,8,49,0.040816,0.969697,0.979592,1.088435,,,,,,,,GLOBAL_BASELINE_NO_ENTITY_RANKING,,,NOT_APPLICABLE_GLOBAL_BASELINE,HF9g-P5,,,,X 全窗基线 · 不参与实体赏罚,3928855,393,A168_HF9F_20260827_0900,2026-08-27 09:00:00
2026-07-18,150442799,-1,1,20.0000000000,-20.0000000000,-20.0000000000,0E-7,1,1,0.49324550000000000,0.493245500000,-0.9865810262130424,-0.9865810262130424,-0.9865810262130424,0E-17,SENTINEL_DEALER,R03b_20260811_FULL_v1,L1_ELIGIBILITY,v2026-08-11,2026-03-21..2026-08-06,baccarat_bet02_101_all_pairs_incl_sentinel,round_win = game_pnl > 0 (decisive only),COMPATIBILITY_ONLY_NOT_PRODUCTION,196.0000,104.0000,-60.8000,9,9,0.31020408,0E-8,0.46060606,0.31020408,60.8000,196.0000,THIN_EXPOSURE,0.0000,-1.8240,3.0000,97.0000,AG03-UNRESOLVED,ALL5_LEVELS_bet23_to_bet27,-1.8240,-1.8240,-1.8240,-1.8240,-1.8240,3.000000,3.000000,3.000000,3.000000,3.000000,97.000000,97.000000,97.000000,97.000000,97.000000,5.0,-9.1200,-8.589,-51.6800,-52.211,PENDING_AG03,FALSE,NOT_FOR_ENFORCEMENT,-58.9760,100.8800,-60.8000,-58.9760,-1.8240,-0.31020408,-0.30089796,-1.8240,-58.9760,-0.30089796,-1.8240,-1.8240,-1.8240,-1.8240,-1.8240,-58.9760,-0.30089796,-9.1200,-8.589,-51.6800,-52.211,-0.26367347,-0.2663828,-0.00930612,21.7778,11.5556,-6.7556,-30.4000,-7.6000,98.0000,4.5000,21.3333,22.0000,20.0,20.0,24.0,24.6,25.0,25.0,20.0,0.0,1.25,1.25,1.088889,6,8,3,2,0.32653061,-0.31020408,0E-8,0E-8,0.000000,0.530612,0.000000,-0.46060606,2026-05-31,2026-07-18,2,8,8,49,0.040816,0.969697,0.979592,1.088435,,,,,,,,GLOBAL_BASELINE_NO_ENTITY_RANKING,,,NOT_APPLICABLE_GLOBAL_BASELINE,HF9g-P5,,,,X 全窗基线 · 不参与实体赏罚,3928856,393,A168_HF9F_20260827_0900,2026-08-27 09:00:00
2026-07-18,150442799,1374,0,20.0000000000,20.0000000000,20.0000000000,1.0000000,1,1,0.49324550000000000,0.493245500000,1.01360149184955,1.01360149184955,1.01360149184955,0E-17,ELIGIBLE,R03b_20260811_FULL_v1,L1_ELIGIBILITY,v2026-08-11,2026-03-21..2026-08-06,baccarat_bet02_101_all_pairs_incl_sentinel,round_win = game_pnl > 0 (decisive only),COMPATIBILITY_ONLY_NOT_PRODUCTION,196.0000,104.0000,-60.8000,9,9,0.31020408,0E-8,0.46060606,0.31020408,60.8000,196.0000,THIN_EXPOSURE,0.0000,-1.8240,3.0000,97.0000,AG03-UNRESOLVED,ALL5_LEVELS_bet23_to_bet27,-1.8240,-1.8240,-1.8240,-1.8240,-1.8240,3.000000,3.000000,3.000000,3.000000,3.000000,97.000000,97.000000,97.000000,97.000000,97.000000,5.0,-9.1200,-8.589,-51.6800,-52.211,PENDING_AG03,FALSE,NOT_FOR_ENFORCEMENT,-58.9760,100.8800,-60.8000,-58.9760,-1.8240,-0.31020408,-0.30089796,-1.8240,-58.9760,-0.30089796,-1.8240,-1.8240,-1.8240,-1.8240,-1.8240,-58.9760,-0.30089796,-9.1200,-8.589,-51.6800,-52.211,-0.26367347,-0.2663828,-0.00930612,21.7778,11.5556,-6.7556,-30.4000,-7.6000,98.0000,4.5000,21.3333,22.0000,20.0,20.0,24.0,24.6,25.0,25.0,20.0,0.0,1.25,1.25,1.088889,6,8,3,2,0.32653061,-0.31020408,0E-8,0E-8,0.000000,0.530612,0.000000,-0.46060606,2026-05-31,2026-07-18,2,8,8,49,0.040816,0.969697,0.979592,1.088435,,,,,,,,GLOBAL_BASELINE_NO_ENTITY_RANKING,,,NOT_APPLICABLE_GLOBAL_BASELINE,HF9g-P5,,,,X 全窗基线 · 不参与实体赏罚,3928857,393,A168_HF9F_20260827_0900,2026-08-27 09:00:00
2026-07-18,150442799,2235,0,24.0000000000,0E-10,0E-10,,1,1,0.50665070000000000,0.506650700000,,,,0E-17,NO_DECISIVE_ROUND,R03b_20260811_FULL_v1,L1_ELIGIBILITY,v2026-08-11,2026-03-21..2026-08-06,baccarat_bet02_101_all_pairs_incl_sentinel,round_win = game_pnl > 0 (decisive only),COMPATIBILITY_ONLY_NOT_PRODUCTION,196.0000,104.0000,-60.8000,9,9,0.31020408,0E-8,0.46060606,0.31020408,60.8000,196.0000,THIN_EXPOSURE,0.0000,-1.8240,3.0000,97.0000,AG03-UNRESOLVED,ALL5_LEVELS_bet23_to_bet27,-1.8240,-1.8240,-1.8240,-1.8240,-1.8240,3.000000,3.000000,3.000000,3.000000,3.000000,97.000000,97.000000,97.000000,97.000000,97.000000,5.0,-9.1200,-8.589,-51.6800,-52.211,PENDING_AG03,FALSE,NOT_FOR_ENFORCEMENT,-58.9760,100.8800,-60.8000,-58.9760,-1.8240,-0.31020408,-0.30089796,-1.8240,-58.9760,-0.30089796,-1.8240,-1.8240,-1.8240,-1.8240,-1.8240,-58.9760,-0.30089796,-9.1200,-8.589,-51.6800,-52.211,-0.26367347,-0.2663828,-0.00930612,21.7778,11.5556,-6.7556,-30.4000,-7.6000,98.0000,4.5000,21.3333,22.0000,20.0,20.0,24.0,24.6,25.0,25.0,20.0,0.0,1.25,1.25,1.088889,6,8,3,2,0.32653061,-0.31020408,0E-8,0E-8,0.000000,0.530612,0.000000,-0.46060606,2026-05-31,2026-07-18,2,8,8,49,0.040816,0.969697,0.979592,1.088435,,,,,,,,GLOBAL_BASELINE_NO_ENTITY_RANKING,,,NOT_APPLICABLE_GLOBAL_BASELINE,HF9g-P5,,,,X 全窗基线 · 不参与实体赏罚,3928858,393,A168_HF9F_20260827_0900,2026-08-27 09:00:00
2026-07-17,153115933,1750,0,136.7371131914,61.4295057842,61.4295057842,0.6666667,9,8,0.50014172528737071,0.492607425000,0.8158023044248148,0.8528058712562199,0.8158023044248148,0.00753430028737071,ELIGIBLE,R03b_20260811_FULL_v1,L1_ELIGIBILITY,v2026-08-11,2026-03-21..2026-08-06,baccarat_bet02_101_all_pairs_incl_sentinel,round_win = game_pnl > 0 (decisive only),COMPATIBILITY_ONLY_NOT_PRODUCTION,136.7371,109.5532,-61.4295,9,8,0.44925262,0.44925262,,0.44925262,61.4295,136.7371,THIN_EXPOSURE,0.0000,-2.4572,4.0000,96.0000,AG03-UNRESOLVED,ALL5_LEVELS_bet23_to_bet27,-2.4572,-2.4572,-2.4572,-2.4572,-2.4572,4.000000,4.000000,4.000000,4.000000,4.000000,96.000000,96.000000,96.000000,96.000000,96.000000,5.0,-12.2859,-11.3416,-49.1436,-50.0879,PENDING_AG03,FALSE,NOT_FOR_ENFORCEMENT,-58.9723,105.1711,-61.4295,-58.9723,-2.4572,-0.44925262,-0.43128251,-2.4572,-58.9723,-0.43128251,-2.4572,-2.4572,-2.4572,-2.4572,-2.4572,-58.9723,-0.43128251,-12.2859,-11.3416,-49.1436,-50.0879,-0.35940209,-0.36630832,-0.01797010,15.1930,13.6942,-7.6787,-61.4295,-61.4295,136.7371,8.0000,15.1930,,4.0878,20.439,22.4829,23.0961,23.0961,23.0961,14.3073,0.0,1.13,1.13,0.743333,1,1,1,3,1.00000000,-0.44925262,-0.44925262,0E-8,0.000000,0.801196,0.000000,,2026-07-17,2026-07-17,1,1,1,1,1.000000,,1.000000,3.333333,,,,,,,,GLOBAL_BASELINE_NO_ENTITY_RANKING,,,NOT_APPLICABLE_GLOBAL_BASELINE,HF9g-P5,,,,X 全窗基线 · 不参与实体赏罚,3928859,393,A168_HF9F_20260827_0900,2026-08-27 09:00:00
2026-04-24,149093975,1017,0,18.0614087899,7.3292673350,7.3292673350,0.5000000,4,4,0.49659680000000000,0.496596800000,0.013613115331600182,0.013613115331600183,0.013613115331600182,0E-17,ELIGIBLE,R03b_20260811_FULL_v1,L1_ELIGIBILITY,v2026-08-11,2026-03-21..2026-08-06,baccarat_bet02_101_all_pairs_incl_sentinel,round_win = game_pnl > 0 (decisive only),COMPATIBILITY_ONLY_NOT_PRODUCTION,157.0557,130.6180,-61.4219,23,23,0.39108333,,0.39108333,0.39108333,61.4219,157.0557,THIN_EXPOSURE,0.0000,-2.4569,4.0000,96.0000,AG03-UNRESOLVED,ALL5_LEVELS_bet23_to_bet27,-2.4569,-2.4569,-2.4569,-3.0711,-3.0711,4.000000,4.000000,4.000000,5.000000,5.000000,96.000000,96.000000,96.000000,95.000000,95.000000,5.0,-13.5128,-12.3781,-47.9091,-49.0438,PENDING_AG03,FALSE,NOT_FOR_ENFORCEMENT,-58.9650,125.3933,-61.4219,-58.9650,-2.4569,-0.39108333,-0.37544000,-2.4569,-58.9650,-0.37544000,-2.4569,-2.4569,-2.4569,-3.0711,-3.0711,-58.9650,-0.37544000,-13.5128,-12.3781,-47.9091,-49.0438,-0.30504500,-0.31226997,-0.01564333,6.8285,5.6790,-2.6705,-61.4219,-12.2844,157.0557,23.0000,,6.8285,4.6462,7.3293,7.8528,10.9939,14.0041,15.7056,5.2352,4.2274,1.910714,2.142857,0.931677,5,6,2,2,0E-8,-0.39108333,,0E-8,0.000000,0.831667,0.000000,,2026-04-24,2026-04-24,1,5,5,1,1.000000,,,0.000000,,,,,,,,GLOBAL_BASELINE_NO_ENTITY_RANKING,,,NOT_APPLICABLE_GLOBAL_BASELINE,HF9g-P5,,,,X 全窗基线 · 不参与实体赏罚,3928860,393,A168_HF9F_20260827_0900,2026-08-27 09:00:00
2026-04-24,149093975,1318,0,28.7935502448,2.6175954768,2.6175954768,0.3333333,3,3,0.49324550000000000,0.493245500000,-0.5540025479526107,-0.5540025479526106,-0.5540025479526107,0E-17,ELIGIBLE,R03b_20260811_FULL_v1,L1_ELIGIBILITY,v2026-08-11,2026-03-21..2026-08-06,baccarat_bet02_101_all_pairs_incl_sentinel,round_win = game_pnl > 0 (decisive only),COMPATIBILITY_ONLY_NOT_PRODUCTION,157.0557,130.6180,-61.4219,23,23,0.39108333,,0.39108333,0.39108333,61.4219,157.0557,THIN_EXPOSURE,0.0000,-2.4569,4.0000,96.0000,AG03-UNRESOLVED,ALL5_LEVELS_bet23_to_bet27,-2.4569,-2.4569,-2.4569,-3.0711,-3.0711,4.000000,4.000000,4.000000,5.000000,5.000000,96.000000,96.000000,96.000000,95.000000,95.000000,5.0,-13.5128,-12.3781,-47.9091,-49.0438,PENDING_AG03,FALSE,NOT_FOR_ENFORCEMENT,-58.9650,125.3933,-61.4219,-58.9650,-2.4569,-0.39108333,-0.37544000,-2.4569,-58.9650,-0.37544000,-2.4569,-2.4569,-2.4569,-3.0711,-3.0711,-58.9650,-0.37544000,-13.5128,-12.3781,-47.9091,-49.0438,-0.30504500,-0.31226997,-0.01564333,6.8285,5.6790,-2.6705,-61.4219,-12.2844,157.0557,23.0000,,6.8285,4.6462,7.3293,7.8528,10.9939,14.0041,15.7056,5.2352,4.2274,1.910714,2.142857,0.931677,5,6,2,2,0E-8,-0.39108333,,0E-8,0.000000,0.831667,0.000000,,2026-04-24,2026-04-24,1,5,5,1,1.000000,,,0.000000,,,,,,,,GLOBAL_BASELINE_NO_ENTITY_RANKING,,,NOT_APPLICABLE_GLOBAL_BASELINE,HF9g-P5,,,,X 全窗基线 · 不参与实体赏罚,3928861,393,A168_HF9F_20260827_0900,2026-08-27 09:00:00
2026-04-24,149093975,1702,0,24.3436379342,13.2581210900,13.2581210900,0.6666667,4,4,0.50329940000000000,0.503299400000,0.5659331339966515,0.5659331339966515,0.5659331339966515,0E-17,ELIGIBLE,R03b_20260811_FULL_v1,L1_ELIGIBILITY,v2026-08-11,2026-03-21..2026-08-06,baccarat_bet02_101_all_pairs_incl_sentinel,round_win = game_pnl > 0 (decisive only),COMPATIBILITY_ONLY_NOT_PRODUCTION,157.0557,130.6180,-61.4219,23,23,0.39108333,,0.39108333,0.39108333,61.4219,157.0557,THIN_EXPOSURE,0.0000,-2.4569,4.0000,96.0000,AG03-UNRESOLVED,ALL5_LEVELS_bet23_to_bet27,-2.4569,-2.4569,-2.4569,-3.0711,-3.0711,4.000000,4.000000,4.000000,5.000000,5.000000,96.000000,96.000000,96.000000,95.000000,95.000000,5.0,-13.5128,-12.3781,-47.9091,-49.0438,PENDING_AG03,FALSE,NOT_FOR_ENFORCEMENT,-58.9650,125.3933,-61.4219,-58.9650,-2.4569,-0.39108333,-0.37544000,-2.4569,-58.9650,-0.37544000,-2.4569,-2.4569,-2.4569,-3.0711,-3.0711,-58.9650,-0.37544000,-13.5128,-12.3781,-47.9091,-49.0438,-0.30504500,-0.31226997,-0.01564333,6.8285,5.6790,-2.6705,-61.4219,-12.2844,157.0557,23.0000,,6.8285,4.6462,7.3293,7.8528,10.9939,14.0041,15.7056,5.2352,4.2274,1.910714,2.142857,0.931677,5,6,2,2,0E-8,-0.39108333,,0E-8,0.000000,0.831667,0.000000,,2026-04-24,2026-04-24,1,5,5,1,1.000000,,,0.000000,,,,,,,,GLOBAL_BASELINE_NO_ENTITY_RANKING,,,NOT_APPLICABLE_GLOBAL_BASELINE,HF9g-P5,,,,X 全窗基线 · 不参与实体赏罚,3928862,393,A168_HF9F_20260827_0900,2026-08-27 09:00:00
2026-04-24,149093975,1941,0,18.8466874329,3.1411145721,3.1411145721,0.5000000,3,3,0.49324550000000000,0.493245500000,0.01910635448239258,0.01910635448239258,0.01910635448239258,0E-17,ELIGIBLE,R03b_20260811_FULL_v1,L1_ELIGIBILITY,v2026-08-11,2026-03-21..2026-08-06,baccarat_bet02_101_all_pairs_incl_sentinel,round_win = game_pnl > 0 (decisive only),COMPATIBILITY_ONLY_NOT_PRODUCTION,157.0557,130.6180,-61.4219,23,23,0.39108333,,0.39108333,0.39108333,61.4219,157.0557,THIN_EXPOSURE,0.0000,-2.4569,4.0000,96.0000,AG03-UNRESOLVED,ALL5_LEVELS_bet23_to_bet27,-2.4569,-2.4569,-2.4569,-3.0711,-3.0711,4.000000,4.000000,4.000000,5.000000,5.000000,96.000000,96.000000,96.000000,95.000000,95.000000,5.0,-13.5128,-12.3781,-47.9091,-49.0438,PENDING_AG03,FALSE,NOT_FOR_ENFORCEMENT,-58.9650,125.3933,-61.4219,-58.9650,-2.4569,-0.39108333,-0.37544000,-2.4569,-58.9650,-0.37544000,-2.4569,-2.4569,-2.4569,-3.0711,-3.0711,-58.9650,-0.37544000,-13.5128,-12.3781,-47.9091,-49.0438,-0.30504500,-0.31226997,-0.01564333,6.8285,5.6790,-2.6705,-61.4219,-12.2844,157.0557,23.0000,,6.8285,4.6462,7.3293,7.8528,10.9939,14.0041,15.7056,5.2352,4.2274,1.910714,2.142857,0.931677,5,6,2,2,0E-8,-0.39108333,,0E-8,0.000000,0.831667,0.000000,,2026-04-24,2026-04-24,1,5,5,1,1.000000,,,0.000000,,,,,,,,GLOBAL_BASELINE_NO_ENTITY_RANKING,,,NOT_APPLICABLE_GLOBAL_BASELINE,HF9g-P5,,,,X 全窗基线 · 不参与实体赏罚,3928863,393,A168_HF9F_20260827_0900,2026-08-27 09:00:00
2026-04-24,149093975,2093,0,30.3641075309,6.8057482397,6.8057482397,0.6666667,4,4,0.49324550000000000,0.493245500000,0.6008033672792107,0.6008033672792106,0.6008033672792107,0E-17,ELIGIBLE,R03b_20260811_FULL_v1,L1_ELIGIBILITY,v2026-08-11,2026-03-21..2026-08-06,baccarat_bet02_101_all_pairs_incl_sentinel,round_win = game_pnl > 0 (decisive only),COMPATIBILITY_ONLY_NOT_PRODUCTION,157.0557,130.6180,-61.4219,23,23,0.39108333,,0.39108333,0.39108333,61.4219,157.0557,THIN_EXPOSURE,0.0000,-2.4569,4.0000,96.0000,AG03-UNRESOLVED,ALL5_LEVELS_bet23_to_bet27,-2.4569,-2.4569,-2.4569,-3.0711,-3.0711,4.000000,4.000000,4.000000,5.000000,5.000000,96.000000,96.000000,96.000000,95.000000,95.000000,5.0,-13.5128,-12.3781,-47.9091,-49.0438,PENDING_AG03,FALSE,NOT_FOR_ENFORCEMENT,-58.9650,125.3933,-61.4219,-58.9650,-2.4569,-0.39108333,-0.37544000,-2.4569,-58.9650,-0.37544000,-2.4569,-2.4569,-2.4569,-3.0711,-3.0711,-58.9650,-0.37544000,-13.5128,-12.3781,-47.9091,-49.0438,-0.30504500,-0.31226997,-0.01564333,6.8285,5.6790,-2.6705,-61.4219,-12.2844,157.0557,23.0000,,6.8285,4.6462,7.3293,7.8528,10.9939,14.0041,15.7056,5.2352,4.2274,1.910714,2.142857,0.931677,5,6,2,2,0E-8,-0.39108333,,0E-8,0.000000,0.831667,0.000000,,2026-04-24,2026-04-24,1,5,5,1,1.000000,,,0.000000,,,,,,,,GLOBAL_BASELINE_NO_ENTITY_RANKING,,,NOT_APPLICABLE_GLOBAL_BASELINE,HF9g-P5,,,,X 全窗基线 · 不参与实体赏罚,3928864,393,A168_HF9F_20260827_0900,2026-08-27 09:00:00
2026-04-24,149093975,2141,0,36.6463366752,28.2700311494,28.2700311494,1.0000000,5,5,0.49860758000000000,0.498607580000,2.005577456976424,2.005577456976424,2.005577456976424,0E-17,ELIGIBLE,R03b_20260811_FULL_v1,L1_ELIGIBILITY,v2026-08-11,2026-03-21..2026-08-06,baccarat_bet02_101_all_pairs_incl_sentinel,round_win = game_pnl > 0 (decisive only),COMPATIBILITY_ONLY_NOT_PRODUCTION,157.0557,130.6180,-61.4219,23,23,0.39108333,,0.39108333,0.39108333,61.4219,157.0557,THIN_EXPOSURE,0.0000,-2.4569,4.0000,96.0000,AG03-UNRESOLVED,ALL5_LEVELS_bet23_to_bet27,-2.4569,-2.4569,-2.4569,-3.0711,-3.0711,4.000000,4.000000,4.000000,5.000000,5.000000,96.000000,96.000000,96.000000,95.000000,95.000000,5.0,-13.5128,-12.3781,-47.9091,-49.0438,PENDING_AG03,FALSE,NOT_FOR_ENFORCEMENT,-58.9650,125.3933,-61.4219,-58.9650,-2.4569,-0.39108333,-0.37544000,-2.4569,-58.9650,-0.37544000,-2.4569,-2.4569,-2.4569,-3.0711,-3.0711,-58.9650,-0.37544000,-13.5128,-12.3781,-47.9091,-49.0438,-0.30504500,-0.31226997,-0.01564333,6.8285,5.6790,-2.6705,-61.4219,-12.2844,157.0557,23.0000,,6.8285,4.6462,7.3293,7.8528,10.9939,14.0041,15.7056,5.2352,4.2274,1.910714,2.142857,0.931677,5,6,2,2,0E-8,-0.39108333,,0E-8,0.000000,0.831667,0.000000,,2026-04-24,2026-04-24,1,5,5,1,1.000000,,,0.000000,,,,,,,,GLOBAL_BASELINE_NO_ENTITY_RANKING,,,NOT_APPLICABLE_GLOBAL_BASELINE,HF9g-P5,,,,X 全窗基线 · 不参与实体赏罚,3928865,393,A168_HF9F_20260827_0900,2026-08-27 09:00:00
2026-07-14,137581059,1307,0,83.8000245268,24.2202509914,24.2202509914,0.6000000,5,5,0.50396966000000000,0.503969660000,0.4294742719815242,0.4294742719815242,0.4294742719815242,0E-17,ELIGIBLE,R03b_20260811_FULL_v1,L1_ELIGIBILITY,v2026-08-11,2026-03-21..2026-08-06,baccarat_bet02_101_all_pairs_incl_sentinel,round_win = game_pnl > 0 (decisive only),COMPATIBILITY_ONLY_NOT_PRODUCTION,382.2099,347.4635,-61.4193,31,31,0.16069519,0.16069519,,0.16069519,61.4193,382.2099,OK,0.0000,-2.4568,4.0000,96.0000,AG03-UNRESOLVED,ALL5_LEVELS_bet23_to_bet27,-2.4568,-2.4568,-2.4568,-2.4568,-2.4568,4.000000,4.000000,4.000000,4.000000,4.000000,96.000000,96.000000,96.000000,96.000000,96.000000,5.0,-12.2839,-11.3397,-49.1354,-50.0796,PENDING_AG03,FALSE,NOT_FOR_ENFORCEMENT,-58.9625,333.5650,-61.4193,-58.9625,-2.4568,-0.16069519,-0.15426738,-2.4568,-58.9625,-0.15426738,-2.4568,-2.4568,-2.4568,-2.4568,-2.4568,-58.9625,-0.15426738,-12.2839,-11.3397,-49.1354,-50.0796,-0.12855615,-0.13102647,-0.00642781,12.3294,11.2085,-1.9813,-20.4731,-6.1419,127.4033,10.3333,12.3294,,8.1756,10.2195,16.3512,20.439,24.3224,26.5707,10.2195,3.8834,2.38,2.6,1.206452,9,10,3,2,1.00000000,-0.16069519,-0.16069519,0E-8,0.000000,0.909091,0.000000,,2026-07-14,2026-07-22,3,10,9,9,0.333333,,1.000000,3.333333,,,,,,,,GLOBAL_BASELINE_NO_ENTITY_RANKING,,,NOT_APPLICABLE_GLOBAL_BASELINE,HF9g-P5,,,,X 全窗基线 · 不参与实体赏罚,3928866,393,A168_HF9F_20260827_0900,2026-08-27 09:00:00
2026-07-14,137581059,1400,0,24.5268364469,23.5048849283,23.5048849283,1.0000000,2,2,0.49994810000000000,0.499948100000,1.4143603653603398,1.4143603653603398,1.4143603653603398,0E-17,ELIGIBLE,R03b_20260811_FULL_v1,L1_ELIGIBILITY,v2026-08-11,2026-03-21..2026-08-06,baccarat_bet02_101_all_pairs_incl_sentinel,round_win = game_pnl > 0 (decisive only),COMPATIBILITY_ONLY_NOT_PRODUCTION,382.2099,347.4635,-61.4193,31,31,0.16069519,0.16069519,,0.16069519,61.4193,382.2099,OK,0.0000,-2.4568,4.0000,96.0000,AG03-UNRESOLVED,ALL5_LEVELS_bet23_to_bet27,-2.4568,-2.4568,-2.4568,-2.4568,-2.4568,4.000000,4.000000,4.000000,4.000000,4.000000,96.000000,96.000000,96.000000,96.000000,96.000000,5.0,-12.2839,-11.3397,-49.1354,-50.0796,PENDING_AG03,FALSE,NOT_FOR_ENFORCEMENT,-58.9625,333.5650,-61.4193,-58.9625,-2.4568,-0.16069519,-0.15426738,-2.4568,-58.9625,-0.15426738,-2.4568,-2.4568,-2.4568,-2.4568,-2.4568,-58.9625,-0.15426738,-12.2839,-11.3397,-49.1354,-50.0796,-0.12855615,-0.13102647,-0.00642781,12.3294,11.2085,-1.9813,-20.4731,-6.1419,127.4033,10.3333,12.3294,,8.1756,10.2195,16.3512,20.439,24.3224,26.5707,10.2195,3.8834,2.38,2.6,1.206452,9,10,3,2,1.00000000,-0.16069519,-0.16069519,0E-8,0.000000,0.909091,0.000000,,2026-07-14,2026-07-22,3,10,9,9,0.333333,,1.000000,3.333333,,,,,,,,GLOBAL_BASELINE_NO_ENTITY_RANKING,,,NOT_APPLICABLE_GLOBAL_BASELINE,HF9g-P5,,,,X 全窗基线 · 不参与实体赏罚,3928867,393,A168_HF9F_20260827_0900,2026-08-27 09:00:00
2026-07-14,137581059,1994,0,67.4488002290,28.2058619139,28.2058619139,0.6666667,6,6,0.50665070000000000,0.506650700000,0.7839842952205449,0.7839842952205449,0.7839842952205449,0E-17,ELIGIBLE,R03b_20260811_FULL_v1,L1_ELIGIBILITY,v2026-08-11,2026-03-21..2026-08-06,baccarat_bet02_101_all_pairs_incl_sentinel,round_win = game_pnl > 0 (decisive only),COMPATIBILITY_ONLY_NOT_PRODUCTION,382.2099,347.4635,-61.4193,31,31,0.16069519,0.16069519,,0.16069519,61.4193,382.2099,OK,0.0000,-2.4568,4.0000,96.0000,AG03-UNRESOLVED,ALL5_LEVELS_bet23_to_bet27,-2.4568,-2.4568,-2.4568,-2.4568,-2.4568,4.000000,4.000000,4.000000,4.000000,4.000000,96.000000,96.000000,96.000000,96.000000,96.000000,5.0,-12.2839,-11.3397,-49.1354,-50.0796,PENDING_AG03,FALSE,NOT_FOR_ENFORCEMENT,-58.9625,333.5650,-61.4193,-58.9625,-2.4568,-0.16069519,-0.15426738,-2.4568,-58.9625,-0.15426738,-2.4568,-2.4568,-2.4568,-2.4568,-2.4568,-58.9625,-0.15426738,-12.2839,-11.3397,-49.1354,-50.0796,-0.12855615,-0.13102647,-0.00642781,12.3294,11.2085,-1.9813,-20.4731,-6.1419,127.4033,10.3333,12.3294,,8.1756,10.2195,16.3512,20.439,24.3224,26.5707,10.2195,3.8834,2.38,2.6,1.206452,9,10,3,2,1.00000000,-0.16069519,-0.16069519,0E-8,0.000000,0.909091,0.000000,,2026-07-14,2026-07-22,3,10,9,9,0.333333,,1.000000,3.333333,,,,,,,,GLOBAL_BASELINE_NO_ENTITY_RANKING,,,NOT_APPLICABLE_GLOBAL_BASELINE,HF9g-P5,,,,X 全窗基线 · 不参与实体赏罚,3928868,393,A168_HF9F_20260827_0900,2026-08-27 09:00:00
2026-07-14,137581059,2281,0,12.2634182234,-12.2634182234,-12.2634182234,0E-7,1,1,0.50665070000000000,0.506650700000,-1.013391052207602,-1.013391052207602,-1.013391052207602,0E-17,ELIGIBLE,R03b_20260811_FULL_v1,L1_ELIGIBILITY,v2026-08-11,2026-03-21..2026-08-06,baccarat_bet02_101_all_pairs_incl_sentinel,round_win = game_pnl > 0 (decisive only),COMPATIBILITY_ONLY_NOT_PRODUCTION,382.2099,347.4635,-61.4193,31,31,0.16069519,0.16069519,,0.16069519,61.4193,382.2099,OK,0.0000,-2.4568,4.0000,96.0000,AG03-UNRESOLVED,ALL5_LEVELS_bet23_to_bet27,-2.4568,-2.4568,-2.4568,-2.4568,-2.4568,4.000000,4.000000,4.000000,4.000000,4.000000,96.000000,96.000000,96.000000,96.000000,96.000000,5.0,-12.2839,-11.3397,-49.1354,-50.0796,PENDING_AG03,FALSE,NOT_FOR_ENFORCEMENT,-58.9625,333.5650,-61.4193,-58.9625,-2.4568,-0.16069519,-0.15426738,-2.4568,-58.9625,-0.15426738,-2.4568,-2.4568,-2.4568,-2.4568,-2.4568,-58.9625,-0.15426738,-12.2839,-11.3397,-49.1354,-50.0796,-0.12855615,-0.13102647,-0.00642781,12.3294,11.2085,-1.9813,-20.4731,-6.1419,127.4033,10.3333,12.3294,,8.1756,10.2195,16.3512,20.439,24.3224,26.5707,10.2195,3.8834,2.38,2.6,1.206452,9,10,3,2,1.00000000,-0.16069519,-0.16069519,0E-8,0.000000,0.909091,0.000000,,2026-07-14,2026-07-22,3,10,9,9,0.333333,,1.000000,3.333333,,,,,,,,GLOBAL_BASELINE_NO_ENTITY_RANKING,,,NOT_APPLICABLE_GLOBAL_BASELINE,HF9g-P5,,,,X 全窗基线 · 不参与实体赏罚,3928869,393,A168_HF9F_20260827_0900,2026-08-27 09:00:00
2026-07-14,137581059,462,0,51.0975759310,9.1975636676,9.1975636676,0.5000000,3,3,0.50665070000000000,0.506650700000,-0.018812684590367487,-0.018812684590367487,-0.018812684590367487,0E-17,ELIGIBLE,R03b_20260811_FULL_v1,L1_ELIGIBILITY,v2026-08-11,2026-03-21..2026-08-06,baccarat_bet02_101_all_pairs_incl_sentinel,round_win = game_pnl > 0 (decisive only),COMPATIBILITY_ONLY_NOT_PRODUCTION,382.2099,347.4635,-61.4193,31,31,0.16069519,0.16069519,,0.16069519,61.4193,382.2099,OK,0.0000,-2.4568,4.0000,96.0000,AG03-UNRESOLVED,ALL5_LEVELS_bet23_to_bet27,-2.4568,-2.4568,-2.4568,-2.4568,-2.4568,4.000000,4.000000,4.000000,4.000000,4.000000,96.000000,96.000000,96.000000,96.000000,96.000000,5.0,-12.2839,-11.3397,-49.1354,-50.0796,PENDING_AG03,FALSE,NOT_FOR_ENFORCEMENT,-58.9625,333.5650,-61.4193,-58.9625,-2.4568,-0.16069519,-0.15426738,-2.4568,-58.9625,-0.15426738,-2.4568,-2.4568,-2.4568,-2.4568,-2.4568,-58.9625,-0.15426738,-12.2839,-11.3397,-49.1354,-50.0796,-0.12855615,-0.13102647,-0.00642781,12.3294,11.2085,-1.9813,-20.4731,-6.1419,127.4033,10.3333,12.3294,,8.1756,10.2195,16.3512,20.439,24.3224,26.5707,10.2195,3.8834,2.38,2.6,1.206452,9,10,3,2,1.00000000,-0.16069519,-0.16069519,0E-8,0.000000,0.909091,0.000000,,2026-07-14,2026-07-22,3,10,9,9,0.333333,,1.000000,3.333333,,,,,,,,GLOBAL_BASELINE_NO_ENTITY_RANKING,,,NOT_APPLICABLE_GLOBAL_BASELINE,HF9g-P5,,,,X 全窗基线 · 不参与实体赏罚,3928870,393,A168_HF9F_20260827_0900,2026-08-27 09:00:00
2026-07-14,137581059,471,0,53.1414789683,-20.4390303725,-20.4390303725,0.2500000,4,4,0.50329940000000000,0.503299400000,-1.013219660140378,-1.013219660140378,-1.013219660140378,0E-17,ELIGIBLE,R03b_20260811_FULL_v1,L1_ELIGIBILITY,v2026-08-11,2026-03-21..2026-08-06,baccarat_bet02_101_all_pairs_incl_sentinel,round_win = game_pnl > 0 (decisive only),COMPATIBILITY_ONLY_NOT_PRODUCTION,382.2099,347.4635,-61.4193,31,31,0.16069519,0.16069519,,0.16069519,61.4193,382.2099,OK,0.0000,-2.4568,4.0000,96.0000,AG03-UNRESOLVED,ALL5_LEVELS_bet23_to_bet27,-2.4568,-2.4568,-2.4568,-2.4568,-2.4568,4.000000,4.000000,4.000000,4.000000,4.000000,96.000000,96.000000,96.000000,96.000000,96.000000,5.0,-12.2839,-11.3397,-49.1354,-50.0796,PENDING_AG03,FALSE,NOT_FOR_ENFORCEMENT,-58.9625,333.5650,-61.4193,-58.9625,-2.4568,-0.16069519,-0.15426738,-2.4568,-58.9625,-0.15426738,-2.4568,-2.4568,-2.4568,-2.4568,-2.4568,-58.9625,-0.15426738,-12.2839,-11.3397,-49.1354,-50.0796,-0.12855615,-0.13102647,-0.00642781,12.3294,11.2085,-1.9813,-20.4731,-6.1419,127.4033,10.3333,12.3294,,8.1756,10.2195,16.3512,20.439,24.3224,26.5707,10.2195,3.8834,2.38,2.6,1.206452,9,10,3,2,1.00000000,-0.16069519,-0.16069519,0E-8,0.000000,0.909091,0.000000,,2026-07-14,2026-07-22,3,10,9,9,0.333333,,1.000000,3.333333,,,,,,,,GLOBAL_BASELINE_NO_ENTITY_RANKING,,,NOT_APPLICABLE_GLOBAL_BASELINE,HF9g-P5,,,,X 全窗基线 · 不参与实体赏罚,3928871,393,A168_HF9F_20260827_0900,2026-08-27 09:00:00
2026-07-16,137581059,-1,1,40.8780607449,10.2195151862,10.2195151862,0.6666667,4,4,0.49324550000000000,0.493245500000,0.6008033672792107,0.6008033672792106,0.6008033672792107,0E-17,SENTINEL_DEALER,R03b_20260811_FULL_v1,L1_ELIGIBILITY,v2026-08-11,2026-03-21..2026-08-06,baccarat_bet02_101_all_pairs_incl_sentinel,round_win = game_pnl > 0 (decisive only),COMPATIBILITY_ONLY_NOT_PRODUCTION,382.2099,347.4635,-61.4193,31,31,0.16069519,0.16069519,,0.16069519,61.4193,382.2099,OK,0.0000,-2.4568,4.0000,96.0000,AG03-UNRESOLVED,ALL5_LEVELS_bet23_to_bet27,-2.4568,-2.4568,-2.4568,-2.4568,-2.4568,4.000000,4.000000,4.000000,4.000000,4.000000,96.000000,96.000000,96.000000,96.000000,96.000000,5.0,-12.2839,-11.3397,-49.1354,-50.0796,PENDING_AG03,FALSE,NOT_FOR_ENFORCEMENT,-58.9625,333.5650,-61.4193,-58.9625,-2.4568,-0.16069519,-0.15426738,-2.4568,-58.9625,-0.15426738,-2.4568,-2.4568,-2.4568,-2.4568,-2.4568,-58.9625,-0.15426738,-12.2839,-11.3397,-49.1354,-50.0796,-0.12855615,-0.13102647,-0.00642781,12.3294,11.2085,-1.9813,-20.4731,-6.1419,127.4033,10.3333,12.3294,,8.1756,10.2195,16.3512,20.439,24.3224,26.5707,10.2195,3.8834,2.38,2.6,1.206452,9,10,3,2,1.00000000,-0.16069519,-0.16069519,0E-8,0.000000,0.909091,0.000000,,2026-07-14,2026-07-22,3,10,9,9,0.333333,,1.000000,3.333333,,,,,,,,GLOBAL_BASELINE_NO_ENTITY_RANKING,,,NOT_APPLICABLE_GLOBAL_BASELINE,HF9g-P5,,,,X 全窗基线 · 不参与实体赏罚,3928872,393,A168_HF9F_20260827_0900,2026-08-27 09:00:00
2026-07-16,137581059,2088,0,8.1756121490,7.7668315416,7.7668315416,1.0000000,2,2,0.50665070000000000,0.506650700000,1.3955260008387969,1.3955260008387969,1.3955260008387969,0E-17,ELIGIBLE,R03b_20260811_FULL_v1,L1_ELIGIBILITY,v2026-08-11,2026-03-21..2026-08-06,baccarat_bet02_101_all_pairs_incl_sentinel,round_win = game_pnl > 0 (decisive only),COMPATIBILITY_ONLY_NOT_PRODUCTION,382.2099,347.4635,-61.4193,31,31,0.16069519,0.16069519,,0.16069519,61.4193,382.2099,OK,0.0000,-2.4568,4.0000,96.0000,AG03-UNRESOLVED,ALL5_LEVELS_bet23_to_bet27,-2.4568,-2.4568,-2.4568,-2.4568,-2.4568,4.000000,4.000000,4.000000,4.000000,4.000000,96.000000,96.000000,96.000000,96.000000,96.000000,5.0,-12.2839,-11.3397,-49.1354,-50.0796,PENDING_AG03,FALSE,NOT_FOR_ENFORCEMENT,-58.9625,333.5650,-61.4193,-58.9625,-2.4568,-0.16069519,-0.15426738,-2.4568,-58.9625,-0.15426738,-2.4568,-2.4568,-2.4568,-2.4568,-2.4568,-58.9625,-0.15426738,-12.2839,-11.3397,-49.1354,-50.0796,-0.12855615,-0.13102647,-0.00642781,12.3294,11.2085,-1.9813,-20.4731,-6.1419,127.4033,10.3333,12.3294,,8.1756,10.2195,16.3512,20.439,24.3224,26.5707,10.2195,3.8834,2.38,2.6,1.206452,9,10,3,2,1.00000000,-0.16069519,-0.16069519,0E-8,0.000000,0.909091,0.000000,,2026-07-14,2026-07-22,3,10,9,9,0.333333,,1.000000,3.333333,,,,,,,,GLOBAL_BASELINE_NO_ENTITY_RANKING,,,NOT_APPLICABLE_GLOBAL_BASELINE,HF9g-P5,,,,X 全窗基线 · 不参与实体赏罚,3928873,393,A168_HF9F_20260827_0900,2026-08-27 09:00:00
2026-07-16,137581059,2221,0,8.1756121490,7.7668315415,7.7668315415,1.0000000,1,1,0.50665070000000000,0.506650700000,0.9867858985152569,0.9867858985152569,0.9867858985152569,0E-17,ELIGIBLE,R03b_20260811_FULL_v1,L1_ELIGIBILITY,v2026-08-11,2026-03-21..2026-08-06,baccarat_bet02_101_all_pairs_incl_sentinel,round_win = game_pnl > 0 (decisive only),COMPATIBILITY_ONLY_NOT_PRODUCTION,382.2099,347.4635,-61.4193,31,31,0.16069519,0.16069519,,0.16069519,61.4193,382.2099,OK,0.0000,-2.4568,4.0000,96.0000,AG03-UNRESOLVED,ALL5_LEVELS_bet23_to_bet27,-2.4568,-2.4568,-2.4568,-2.4568,-2.4568,4.000000,4.000000,4.000000,4.000000,4.000000,96.000000,96.000000,96.000000,96.000000,96.000000,5.0,-12.2839,-11.3397,-49.1354,-50.0796,PENDING_AG03,FALSE,NOT_FOR_ENFORCEMENT,-58.9625,333.5650,-61.4193,-58.9625,-2.4568,-0.16069519,-0.15426738,-2.4568,-58.9625,-0.15426738,-2.4568,-2.4568,-2.4568,-2.4568,-2.4568,-58.9625,-0.15426738,-12.2839,-11.3397,-49.1354,-50.0796,-0.12855615,-0.13102647,-0.00642781,12.3294,11.2085,-1.9813,-20.4731,-6.1419,127.4033,10.3333,12.3294,,8.1756,10.2195,16.3512,20.439,24.3224,26.5707,10.2195,3.8834,2.38,2.6,1.206452,9,10,3,2,1.00000000,-0.16069519,-0.16069519,0E-8,0.000000,0.909091,0.000000,,2026-07-14,2026-07-22,3,10,9,9,0.333333,,1.000000,3.333333,,,,,,,,GLOBAL_BASELINE_NO_ENTITY_RANKING,,,NOT_APPLICABLE_GLOBAL_BASELINE,HF9g-P5,,,,X 全窗基线 · 不参与实体赏罚,3928874,393,A168_HF9F_20260827_0900,2026-08-27 09:00:00
2026-07-16,137581059,2289,0,8.1756121490,7.7668315415,7.7668315415,1.0000000,1,1,0.50665070000000000,0.506650700000,0.9867858985152569,0.9867858985152569,0.9867858985152569,0E-17,ELIGIBLE,R03b_20260811_FULL_v1,L1_ELIGIBILITY,v2026-08-11,2026-03-21..2026-08-06,baccarat_bet02_101_all_pairs_incl_sentinel,round_win = game_pnl > 0 (decisive only),COMPATIBILITY_ONLY_NOT_PRODUCTION,382.2099,347.4635,-61.4193,31,31,0.16069519,0.16069519,,0.16069519,61.4193,382.2099,OK,0.0000,-2.4568,4.0000,96.0000,AG03-UNRESOLVED,ALL5_LEVELS_bet23_to_bet27,-2.4568,-2.4568,-2.4568,-2.4568,-2.4568,4.000000,4.000000,4.000000,4.000000,4.000000,96.000000,96.000000,96.000000,96.000000,96.000000,5.0,-12.2839,-11.3397,-49.1354,-50.0796,PENDING_AG03,FALSE,NOT_FOR_ENFORCEMENT,-58.9625,333.5650,-61.4193,-58.9625,-2.4568,-0.16069519,-0.15426738,-2.4568,-58.9625,-0.15426738,-2.4568,-2.4568,-2.4568,-2.4568,-2.4568,-58.9625,-0.15426738,-12.2839,-11.3397,-49.1354,-50.0796,-0.12855615,-0.13102647,-0.00642781,12.3294,11.2085,-1.9813,-20.4731,-6.1419,127.4033,10.3333,12.3294,,8.1756,10.2195,16.3512,20.439,24.3224,26.5707,10.2195,3.8834,2.38,2.6,1.206452,9,10,3,2,1.00000000,-0.16069519,-0.16069519,0E-8,0.000000,0.909091,0.000000,,2026-07-14,2026-07-22,3,10,9,9,0.333333,,1.000000,3.333333,,,,,,,,GLOBAL_BASELINE_NO_ENTITY_RANKING,,,NOT_APPLICABLE_GLOBAL_BASELINE,HF9g-P5,,,,X 全窗基线 · 不参与实体赏罚,3928875,393,A168_HF9F_20260827_0900,2026-08-27 09:00:00
2026-07-22,137581059,-1,1,24.5268364469,-24.5268364469,-24.5268364469,0E-7,2,2,0.50665070000000000,0.506650700000,-1.4331513700195317,-1.4331513700195317,-1.4331513700195317,0E-17,SENTINEL_DEALER,R03b_20260811_FULL_v1,L1_ELIGIBILITY,v2026-08-11,2026-03-21..2026-08-06,baccarat_bet02_101_all_pairs_incl_sentinel,round_win = game_pnl > 0 (decisive only),COMPATIBILITY_ONLY_NOT_PRODUCTION,382.2099,347.4635,-61.4193,31,31,0.16069519,0.16069519,,0.16069519,61.4193,382.2099,OK,0.0000,-2.4568,4.0000,96.0000,AG03-UNRESOLVED,ALL5_LEVELS_bet23_to_bet27,-2.4568,-2.4568,-2.4568,-2.4568,-2.4568,4.000000,4.000000,4.000000,4.000000,4.000000,96.000000,96.000000,96.000000,96.000000,96.000000,5.0,-12.2839,-11.3397,-49.1354,-50.0796,PENDING_AG03,FALSE,NOT_FOR_ENFORCEMENT,-58.9625,333.5650,-61.4193,-58.9625,-2.4568,-0.16069519,-0.15426738,-2.4568,-58.9625,-0.15426738,-2.4568,-2.4568,-2.4568,-2.4568,-2.4568,-58.9625,-0.15426738,-12.2839,-11.3397,-49.1354,-50.0796,-0.12855615,-0.13102647,-0.00642781,12.3294,11.2085,-1.9813,-20.4731,-6.1419,127.4033,10.3333,12.3294,,8.1756,10.2195,16.3512,20.439,24.3224,26.5707,10.2195,3.8834,2.38,2.6,1.206452,9,10,3,2,1.00000000,-0.16069519,-0.16069519,0E-8,0.000000,0.909091,0.000000,,2026-07-14,2026-07-22,3,10,9,9,0.333333,,1.000000,3.333333,,,,,,,,GLOBAL_BASELINE_NO_ENTITY_RANKING,,,NOT_APPLICABLE_GLOBAL_BASELINE,HF9g-P5,,,,X 全窗基线 · 不参与实体赏罚,3928876,393,A168_HF9F_20260827_0900,2026-08-27 09:00:00
2026-03-21,147622541,1346,0,10.5326908392,10.0060562972,10.0060562972,1.0000000,1,1,0.50665070000000000,0.506650700000,0.9867858985152569,0.9867858985152569,0.9867858985152569,0E-17,ELIGIBLE,R03b_20260811_FULL_v1,L1_ELIGIBILITY,v2026-08-11,2026-03-21..2026-08-06,baccarat_bet02_101_all_pairs_incl_sentinel,round_win = game_pnl > 0 (decisive only),COMPATIBILITY_ONLY_NOT_PRODUCTION,201.1744,201.1744,-61.4188,15,12,0.30530105,,0.30530105,0.30530105,61.4188,201.1744,THIN_EXPOSURE,0.0000,-2.4568,4.0000,96.0000,AG03-UNRESOLVED,ALL5_LEVELS_bet23_to_bet27,-2.4568,-2.4568,-2.4568,-2.4568,-2.4568,4.000000,4.000000,4.000000,4.000000,4.000000,96.000000,96.000000,96.000000,96.000000,96.000000,5.0,-12.2838,-11.3396,-49.1350,-50.0792,PENDING_AG03,FALSE,NOT_FOR_ENFORCEMENT,-58.9620,193.1274,-61.4188,-58.9620,-2.4568,-0.30530105,-0.29308901,-2.4568,-58.9620,-0.29308901,-2.4568,-2.4568,-2.4568,-2.4568,-2.4568,-58.9620,-0.29308901,-12.2838,-11.3396,-49.1350,-50.0792,-0.24424084,-0.24893414,-0.01221204,13.4116,16.7645,-5.1182,-61.4188,-6.8243,201.1744,12.0000,,13.4116,7.5704,13.1659,18.4322,26.3317,26.3317,26.3317,13.1659,10.0061,2.0,2.0,1.018667,8,8,1,4,0E-8,-0.30530105,,0E-8,0.000000,1.000000,0.000000,,2026-03-21,2026-03-21,1,9,8,1,1.000000,,,0.000000,,,,,,,,GLOBAL_BASELINE_NO_ENTITY_RANKING,,,NOT_APPLICABLE_GLOBAL_BASELINE,HF9g-P5,,,,X 全窗基线 · 不参与实体赏罚,3928877,393,A168_HF9F_20260827_0900,2026-08-27 09:00:00
2026-03-21,147622541,1396,0,42.1307633568,35.5478315823,35.5478315823,1.0000000,3,2,0.46672787500000000,0.400287425000,1.5116720021503973,1.731014086397502,1.5116720021503973,0.06644045000000000,ELIGIBLE,R03b_20260811_FULL_v1,L1_ELIGIBILITY,v2026-08-11,2026-03-21..2026-08-06,baccarat_bet02_101_all_pairs_incl_sentinel,round_win = game_pnl > 0 (decisive only),COMPATIBILITY_ONLY_NOT_PRODUCTION,201.1744,201.1744,-61.4188,15,12,0.30530105,,0.30530105,0.30530105,61.4188,201.1744,THIN_EXPOSURE,0.0000,-2.4568,4.0000,96.0000,AG03-UNRESOLVED,ALL5_LEVELS_bet23_to_bet27,-2.4568,-2.4568,-2.4568,-2.4568,-2.4568,4.000000,4.000000,4.000000,4.000000,4.000000,96.000000,96.000000,96.000000,96.000000,96.000000,5.0,-12.2838,-11.3396,-49.1350,-50.0792,PENDING_AG03,FALSE,NOT_FOR_ENFORCEMENT,-58.9620,193.1274,-61.4188,-58.9620,-2.4568,-0.30530105,-0.29308901,-2.4568,-58.9620,-0.29308901,-2.4568,-2.4568,-2.4568,-2.4568,-2.4568,-58.9620,-0.29308901,-12.2838,-11.3396,-49.1350,-50.0792,-0.24424084,-0.24893414,-0.01221204,13.4116,16.7645,-5.1182,-61.4188,-6.8243,201.1744,12.0000,,13.4116,7.5704,13.1659,18.4322,26.3317,26.3317,26.3317,13.1659,10.0061,2.0,2.0,1.018667,8,8,1,4,0E-8,-0.30530105,,0E-8,0.000000,1.000000,0.000000,,2026-03-21,2026-03-21,1,9,8,1,1.000000,,,0.000000,,,,,,,,GLOBAL_BASELINE_NO_ENTITY_RANKING,,,NOT_APPLICABLE_GLOBAL_BASELINE,HF9g-P5,,,,X 全窗基线 · 不参与实体赏罚,3928878,393,A168_HF9F_20260827_0900,2026-08-27 09:00:00
2026-03-21,147622541,1941,0,6.5829317745,6.2537851858,6.2537851858,1.0000000,1,1,0.50665070000000000,0.506650700000,0.9867858985152569,0.9867858985152569,0.9867858985152569,0E-17,ELIGIBLE,R03b_20260811_FULL_v1,L1_ELIGIBILITY,v2026-08-11,2026-03-21..2026-08-06,baccarat_bet02_101_all_pairs_incl_sentinel,round_win = game_pnl > 0 (decisive only),COMPATIBILITY_ONLY_NOT_PRODUCTION,201.1744,201.1744,-61.4188,15,12,0.30530105,,0.30530105,0.30530105,61.4188,201.1744,THIN_EXPOSURE,0.0000,-2.4568,4.0000,96.0000,AG03-UNRESOLVED,ALL5_LEVELS_bet23_to_bet27,-2.4568,-2.4568,-2.4568,-2.4568,-2.4568,4.000000,4.000000,4.000000,4.000000,4.000000,96.000000,96.000000,96.000000,96.000000,96.000000,5.0,-12.2838,-11.3396,-49.1350,-50.0792,PENDING_AG03,FALSE,NOT_FOR_ENFORCEMENT,-58.9620,193.1274,-61.4188,-58.9620,-2.4568,-0.30530105,-0.29308901,-2.4568,-58.9620,-0.29308901,-2.4568,-2.4568,-2.4568,-2.4568,-2.4568,-58.9620,-0.29308901,-12.2838,-11.3396,-49.1350,-50.0792,-0.24424084,-0.24893414,-0.01221204,13.4116,16.7645,-5.1182,-61.4188,-6.8243,201.1744,12.0000,,13.4116,7.5704,13.1659,18.4322,26.3317,26.3317,26.3317,13.1659,10.0061,2.0,2.0,1.018667,8,8,1,4,0E-8,-0.30530105,,0E-8,0.000000,1.000000,0.000000,,2026-03-21,2026-03-21,1,9,8,1,1.000000,,,0.000000,,,,,,,,GLOBAL_BASELINE_NO_ENTITY_RANKING,,,NOT_APPLICABLE_GLOBAL_BASELINE,HF9g-P5,,,,X 全窗基线 · 不参与实体赏罚,3928879,393,A168_HF9F_20260827_0900,2026-08-27 09:00:00
2026-03-21,147622541,1963,0,26.3317270980,-26.3317270980,-26.3317270980,0E-7,1,1,0.50665070000000000,0.506650700000,-1.013391052207602,-1.013391052207602,-1.013391052207602,0E-17,ELIGIBLE,R03b_20260811_FULL_v1,L1_ELIGIBILITY,v2026-08-11,2026-03-21..2026-08-06,baccarat_bet02_101_all_pairs_incl_sentinel,round_win = game_pnl > 0 (decisive only),COMPATIBILITY_ONLY_NOT_PRODUCTION,201.1744,201.1744,-61.4188,15,12,0.30530105,,0.30530105,0.30530105,61.4188,201.1744,THIN_EXPOSURE,0.0000,-2.4568,4.0000,96.0000,AG03-UNRESOLVED,ALL5_LEVELS_bet23_to_bet27,-2.4568,-2.4568,-2.4568,-2.4568,-2.4568,4.000000,4.000000,4.000000,4.000000,4.000000,96.000000,96.000000,96.000000,96.000000,96.000000,5.0,-12.2838,-11.3396,-49.1350,-50.0792,PENDING_AG03,FALSE,NOT_FOR_ENFORCEMENT,-58.9620,193.1274,-61.4188,-58.9620,-2.4568,-0.30530105,-0.29308901,-2.4568,-58.9620,-0.29308901,-2.4568,-2.4568,-2.4568,-2.4568,-2.4568,-58.9620,-0.29308901,-12.2838,-11.3396,-49.1350,-50.0792,-0.24424084,-0.24893414,-0.01221204,13.4116,16.7645,-5.1182,-61.4188,-6.8243,201.1744,12.0000,,13.4116,7.5704,13.1659,18.4322,26.3317,26.3317,26.3317,13.1659,10.0061,2.0,2.0,1.018667,8,8,1,4,0E-8,-0.30530105,,0E-8,0.000000,1.000000,0.000000,,2026-03-21,2026-03-21,1,9,8,1,1.000000,,,0.000000,,,,,,,,GLOBAL_BASELINE_NO_ENTITY_RANKING,,,NOT_APPLICABLE_GLOBAL_BASELINE,HF9g-P5,,,,X 全窗基线 · 不参与实体赏罚,3928880,393,A168_HF9F_20260827_0900,2026-08-27 09:00:00
2026-03-21,147622541,2121,0,18.4322089686,18.4322089686,18.4322089686,1.0000000,1,1,0.49324550000000000,0.493245500000,1.01360149184955,1.01360149184955,1.01360149184955,0E-17,ELIGIBLE,R03b_20260811_FULL_v1,L1_ELIGIBILITY,v2026-08-11,2026-03-21..2026-08-06,baccarat_bet02_101_all_pairs_incl_sentinel,round_win = game_pnl > 0 (decisive only),COMPATIBILITY_ONLY_NOT_PRODUCTION,201.1744,201.1744,-61.4188,15,12,0.30530105,,0.30530105,0.30530105,61.4188,201.1744,THIN_EXPOSURE,0.0000,-2.4568,4.0000,96.0000,AG03-UNRESOLVED,ALL5_LEVELS_bet23_to_bet27,-2.4568,-2.4568,-2.4568,-2.4568,-2.4568,4.000000,4.000000,4.000000,4.000000,4.000000,96.000000,96.000000,96.000000,96.000000,96.000000,5.0,-12.2838,-11.3396,-49.1350,-50.0792,PENDING_AG03,FALSE,NOT_FOR_ENFORCEMENT,-58.9620,193.1274,-61.4188,-58.9620,-2.4568,-0.30530105,-0.29308901,-2.4568,-58.9620,-0.29308901,-2.4568,-2.4568,-2.4568,-2.4568,-2.4568,-58.9620,-0.29308901,-12.2838,-11.3396,-49.1350,-50.0792,-0.24424084,-0.24893414,-0.01221204,13.4116,16.7645,-5.1182,-61.4188,-6.8243,201.1744,12.0000,,13.4116,7.5704,13.1659,18.4322,26.3317,26.3317,26.3317,13.1659,10.0061,2.0,2.0,1.018667,8,8,1,4,0E-8,-0.30530105,,0E-8,0.000000,1.000000,0.000000,,2026-03-21,2026-03-21,1,9,8,1,1.000000,,,0.000000,,,,,,,,GLOBAL_BASELINE_NO_ENTITY_RANKING,,,NOT_APPLICABLE_GLOBAL_BASELINE,HF9g-P5,,,,X 全窗基线 · 不参与实体赏罚,3928881,393,A168_HF9F_20260827_0900,2026-08-27 09:00:00
2026-03-21,147622541,2254,0,31.5980725176,30.9397793401,30.9397793401,1.0000000,2,2,0.49994810000000000,0.499948100000,1.4143603653603398,1.4143603653603398,1.4143603653603398,0E-17,ELIGIBLE,R03b_20260811_FULL_v1,L1_ELIGIBILITY,v2026-08-11,2026-03-21..2026-08-06,baccarat_bet02_101_all_pairs_incl_sentinel,round_win = game_pnl > 0 (decisive only),COMPATIBILITY_ONLY_NOT_PRODUCTION,201.1744,201.1744,-61.4188,15,12,0.30530105,,0.30530105,0.30530105,61.4188,201.1744,THIN_EXPOSURE,0.0000,-2.4568,4.0000,96.0000,AG03-UNRESOLVED,ALL5_LEVELS_bet23_to_bet27,-2.4568,-2.4568,-2.4568,-2.4568,-2.4568,4.000000,4.000000,4.000000,4.000000,4.000000,96.000000,96.000000,96.000000,96.000000,96.000000,5.0,-12.2838,-11.3396,-49.1350,-50.0792,PENDING_AG03,FALSE,NOT_FOR_ENFORCEMENT,-58.9620,193.1274,-61.4188,-58.9620,-2.4568,-0.30530105,-0.29308901,-2.4568,-58.9620,-0.29308901,-2.4568,-2.4568,-2.4568,-2.4568,-2.4568,-58.9620,-0.29308901,-12.2838,-11.3396,-49.1350,-50.0792,-0.24424084,-0.24893414,-0.01221204,13.4116,16.7645,-5.1182,-61.4188,-6.8243,201.1744,12.0000,,13.4116,7.5704,13.1659,18.4322,26.3317,26.3317,26.3317,13.1659,10.0061,2.0,2.0,1.018667,8,8,1,4,0E-8,-0.30530105,,0E-8,0.000000,1.000000,0.000000,,2026-03-21,2026-03-21,1,9,8,1,1.000000,,,0.000000,,,,,,,,GLOBAL_BASELINE_NO_ENTITY_RANKING,,,NOT_APPLICABLE_GLOBAL_BASELINE,HF9g-P5,,,,X 全窗基线 · 不参与实体赏罚,3928882,393,A168_HF9F_20260827_0900,2026-08-27 09:00:00
2026-03-21,147622541,2256,0,23.6985543882,-23.6985543882,-23.6985543882,0E-7,1,1,0.49324550000000000,0.493245500000,-0.9865810262130424,-0.9865810262130424,-0.9865810262130424,0E-17,ELIGIBLE,R03b_20260811_FULL_v1,L1_ELIGIBILITY,v2026-08-11,2026-03-21..2026-08-06,baccarat_bet02_101_all_pairs_incl_sentinel,round_win = game_pnl > 0 (decisive only),COMPATIBILITY_ONLY_NOT_PRODUCTION,201.1744,201.1744,-61.4188,15,12,0.30530105,,0.30530105,0.30530105,61.4188,201.1744,THIN_EXPOSURE,0.0000,-2.4568,4.0000,96.0000,AG03-UNRESOLVED,ALL5_LEVELS_bet23_to_bet27,-2.4568,-2.4568,-2.4568,-2.4568,-2.4568,4.000000,4.000000,4.000000,4.000000,4.000000,96.000000,96.000000,96.000000,96.000000,96.000000,5.0,-12.2838,-11.3396,-49.1350,-50.0792,PENDING_AG03,FALSE,NOT_FOR_ENFORCEMENT,-58.9620,193.1274,-61.4188,-58.9620,-2.4568,-0.30530105,-0.29308901,-2.4568,-58.9620,-0.29308901,-2.4568,-2.4568,-2.4568,-2.4568,-2.4568,-58.9620,-0.29308901,-12.2838,-11.3396,-49.1350,-50.0792,-0.24424084,-0.24893414,-0.01221204,13.4116,16.7645,-5.1182,-61.4188,-6.8243,201.1744,12.0000,,13.4116,7.5704,13.1659,18.4322,26.3317,26.3317,26.3317,13.1659,10.0061,2.0,2.0,1.018667,8,8,1,4,0E-8,-0.30530105,,0E-8,0.000000,1.000000,0.000000,,2026-03-21,2026-03-21,1,9,8,1,1.000000,,,0.000000,,,,,,,,GLOBAL_BASELINE_NO_ENTITY_RANKING,,,NOT_APPLICABLE_GLOBAL_BASELINE,HF9g-P5,,,,X 全窗基线 · 不参与实体赏罚,3928883,393,A168_HF9F_20260827_0900,2026-08-27 09:00:00
2026-03-21,147622541,986,0,41.8674460858,10.2693735682,10.2693735682,0.6666667,5,3,0.46199238571428571,0.408405833333,0.7110698764194016,0.9100416424581207,0.7110698764194016,0.05358655238128571,ELIGIBLE,R03b_20260811_FULL_v1,L1_ELIGIBILITY,v2026-08-11,2026-03-21..2026-08-06,baccarat_bet02_101_all_pairs_incl_sentinel,round_win = game_pnl > 0 (decisive only),COMPATIBILITY_ONLY_NOT_PRODUCTION,201.1744,201.1744,-61.4188,15,12,0.30530105,,0.30530105,0.30530105,61.4188,201.1744,THIN_EXPOSURE,0.0000,-2.4568,4.0000,96.0000,AG03-UNRESOLVED,ALL5_LEVELS_bet23_to_bet27,-2.4568,-2.4568,-2.4568,-2.4568,-2.4568,4.000000,4.000000,4.000000,4.000000,4.000000,96.000000,96.000000,96.000000,96.000000,96.000000,5.0,-12.2838,-11.3396,-49.1350,-50.0792,PENDING_AG03,FALSE,NOT_FOR_ENFORCEMENT,-58.9620,193.1274,-61.4188,-58.9620,-2.4568,-0.30530105,-0.29308901,-2.4568,-58.9620,-0.29308901,-2.4568,-2.4568,-2.4568,-2.4568,-2.4568,-58.9620,-0.29308901,-12.2838,-11.3396,-49.1350,-50.0792,-0.24424084,-0.24893414,-0.01221204,13.4116,16.7645,-5.1182,-61.4188,-6.8243,201.1744,12.0000,,13.4116,7.5704,13.1659,18.4322,26.3317,26.3317,26.3317,13.1659,10.0061,2.0,2.0,1.018667,8,8,1,4,0E-8,-0.30530105,,0E-8,0.000000,1.000000,0.000000,,2026-03-21,2026-03-21,1,9,8,1,1.000000,,,0.000000,,,,,,,,GLOBAL_BASELINE_NO_ENTITY_RANKING,,,NOT_APPLICABLE_GLOBAL_BASELINE,HF9g-P5,,,,X 全窗基线 · 不参与实体赏罚,3928884,393,A168_HF9F_20260827_0900,2026-08-27 09:00:00
2026-06-04,78649167,-1,1,2.5715534755,0E-10,0E-10,,1,1,0.50665070000000000,0.506650700000,,,,0E-17,SENTINEL_DEALER,R03b_20260811_FULL_v1,L1_ELIGIBILITY,v2026-08-11,2026-03-21..2026-08-06,baccarat_bet02_101_all_pairs_incl_sentinel,round_win = game_pnl > 0 (decisive only),COMPATIBILITY_ONLY_NOT_PRODUCTION,324.7919,286.1675,-60.7811,41,41,0.18713848,0.15993322,0.22850665,0.18713848,60.7811,324.7919,OK,0.0000,-1.8234,3.0000,97.0000,AG03-UNRESOLVED,ALL5_LEVELS_bet23_to_bet27,-1.8234,-1.8234,-1.8234,-2.4312,-2.4312,3.000000,3.000000,3.000000,4.000000,4.000000,97.000000,97.000000,97.000000,96.000000,96.000000,5.0,-10.3328,-9.6569,-50.4483,-51.1241,PENDING_AG03,FALSE,NOT_FOR_ENFORCEMENT,-58.9576,277.5824,-60.7811,-58.9576,-1.8234,-0.18713848,-0.18152432,-1.8234,-58.9576,-0.18152432,-1.8234,-1.8234,-1.8234,-2.4312,-2.4312,-58.9576,-0.18152432,-10.3328,-9.6569,-50.4483,-51.1241,-0.15532494,-0.15740581,-0.00561415,7.9218,6.9797,-1.4825,-6.0781,-2.8943,32.4792,4.1000,15.0720,4.6020,2.5716,2.5818,12.8592,20.5724,25.7448,51.6356,2.5716,0.0,9.971747,20.0,3.068333,14,17,7,2,0.60326816,-0.18713848,-0.15993322,0E-8,0.000000,0.881079,0.000000,-0.06857343,2026-06-04,2026-08-01,10,21,21,59,0.169492,3.275126,1.902615,2.010894,,,,,,,,GLOBAL_BASELINE_NO_ENTITY_RANKING,,,NOT_APPLICABLE_GLOBAL_BASELINE,HF9g-P5,,,,X 全窗基线 · 不参与实体赏罚,3928885,393,A168_HF9F_20260827_0900,2026-08-27 09:00:00
2026-06-04,78649167,1325,0,7.7146604264,2.5715534754,2.5715534754,0.5000000,2,2,0.49994810000000000,0.499948100000,0.00014679536856514622,0.00014679536856514622,0.00014679536856514622,0E-17,ELIGIBLE,R03b_20260811_FULL_v1,L1_ELIGIBILITY,v2026-08-11,2026-03-21..2026-08-06,baccarat_bet02_101_all_pairs_incl_sentinel,round_win = game_pnl > 0 (decisive only),COMPATIBILITY_ONLY_NOT_PRODUCTION,324.7919,286.1675,-60.7811,41,41,0.18713848,0.15993322,0.22850665,0.18713848,60.7811,324.7919,OK,0.0000,-1.8234,3.0000,97.0000,AG03-UNRESOLVED,ALL5_LEVELS_bet23_to_bet27,-1.8234,-1.8234,-1.8234,-2.4312,-2.4312,3.000000,3.000000,3.000000,4.000000,4.000000,97.000000,97.000000,97.000000,96.000000,96.000000,5.0,-10.3328,-9.6569,-50.4483,-51.1241,PENDING_AG03,FALSE,NOT_FOR_ENFORCEMENT,-58.9576,277.5824,-60.7811,-58.9576,-1.8234,-0.18713848,-0.18152432,-1.8234,-58.9576,-0.18152432,-1.8234,-1.8234,-1.8234,-2.4312,-2.4312,-58.9576,-0.18152432,-10.3328,-9.6569,-50.4483,-51.1241,-0.15532494,-0.15740581,-0.00561415,7.9218,6.9797,-1.4825,-6.0781,-2.8943,32.4792,4.1000,15.0720,4.6020,2.5716,2.5818,12.8592,20.5724,25.7448,51.6356,2.5716,0.0,9.971747,20.0,3.068333,14,17,7,2,0.60326816,-0.18713848,-0.15993322,0E-8,0.000000,0.881079,0.000000,-0.06857343,2026-06-04,2026-08-01,10,21,21,59,0.169492,3.275126,1.902615,2.010894,,,,,,,,GLOBAL_BASELINE_NO_ENTITY_RANKING,,,NOT_APPLICABLE_GLOBAL_BASELINE,HF9g-P5,,,,X 全窗基线 · 不参与实体赏罚,3928886,393,A168_HF9F_20260827_0900,2026-08-27 09:00:00
2026-06-04,78649167,1331,0,2.5715534755,2.4429758017,2.4429758017,1.0000000,1,1,0.50665070000000000,0.506650700000,0.9867858985152569,0.9867858985152569,0.9867858985152569,0E-17,ELIGIBLE,R03b_20260811_FULL_v1,L1_ELIGIBILITY,v2026-08-11,2026-03-21..2026-08-06,baccarat_bet02_101_all_pairs_incl_sentinel,round_win = game_pnl > 0 (decisive only),COMPATIBILITY_ONLY_NOT_PRODUCTION,324.7919,286.1675,-60.7811,41,41,0.18713848,0.15993322,0.22850665,0.18713848,60.7811,324.7919,OK,0.0000,-1.8234,3.0000,97.0000,AG03-UNRESOLVED,ALL5_LEVELS_bet23_to_bet27,-1.8234,-1.8234,-1.8234,-2.4312,-2.4312,3.000000,3.000000,3.000000,4.000000,4.000000,97.000000,97.000000,97.000000,96.000000,96.000000,5.0,-10.3328,-9.6569,-50.4483,-51.1241,PENDING_AG03,FALSE,NOT_FOR_ENFORCEMENT,-58.9576,277.5824,-60.7811,-58.9576,-1.8234,-0.18713848,-0.18152432,-1.8234,-58.9576,-0.18152432,-1.8234,-1.8234,-1.8234,-2.4312,-2.4312,-58.9576,-0.18152432,-10.3328,-9.6569,-50.4483,-51.1241,-0.15532494,-0.15740581,-0.00561415,7.9218,6.9797,-1.4825,-6.0781,-2.8943,32.4792,4.1000,15.0720,4.6020,2.5716,2.5818,12.8592,20.5724,25.7448,51.6356,2.5716,0.0,9.971747,20.0,3.068333,14,17,7,2,0.60326816,-0.18713848,-0.15993322,0E-8,0.000000,0.881079,0.000000,-0.06857343,2026-06-04,2026-08-01,10,21,21,59,0.169492,3.275126,1.902615,2.010894,,,,,,,,GLOBAL_BASELINE_NO_ENTITY_RANKING,,,NOT_APPLICABLE_GLOBAL_BASELINE,HF9g-P5,,,,X 全窗基线 · 不参与实体赏罚,3928887,393,A168_HF9F_20260827_0900,2026-08-27 09:00:00
2026-06-04,78649167,1383,0,2.5715534755,2.4429758017,2.4429758017,1.0000000,1,1,0.50665070000000000,0.506650700000,0.9867858985152569,0.9867858985152569,0.9867858985152569,0E-17,ELIGIBLE,R03b_20260811_FULL_v1,L1_ELIGIBILITY,v2026-08-11,2026-03-21..2026-08-06,baccarat_bet02_101_all_pairs_incl_sentinel,round_win = game_pnl > 0 (decisive only),COMPATIBILITY_ONLY_NOT_PRODUCTION,324.7919,286.1675,-60.7811,41,41,0.18713848,0.15993322,0.22850665,0.18713848,60.7811,324.7919,OK,0.0000,-1.8234,3.0000,97.0000,AG03-UNRESOLVED,ALL5_LEVELS_bet23_to_bet27,-1.8234,-1.8234,-1.8234,-2.4312,-2.4312,3.000000,3.000000,3.000000,4.000000,4.000000,97.000000,97.000000,97.000000,96.000000,96.000000,5.0,-10.3328,-9.6569,-50.4483,-51.1241,PENDING_AG03,FALSE,NOT_FOR_ENFORCEMENT,-58.9576,277.5824,-60.7811,-58.9576,-1.8234,-0.18713848,-0.18152432,-1.8234,-58.9576,-0.18152432,-1.8234,-1.8234,-1.8234,-2.4312,-2.4312,-58.9576,-0.18152432,-10.3328,-9.6569,-50.4483,-51.1241,-0.15532494,-0.15740581,-0.00561415,7.9218,6.9797,-1.4825,-6.0781,-2.8943,32.4792,4.1000,15.0720,4.6020,2.5716,2.5818,12.8592,20.5724,25.7448,51.6356,2.5716,0.0,9.971747,20.0,3.068333,14,17,7,2,0.60326816,-0.18713848,-0.15993322,0E-8,0.000000,0.881079,0.000000,-0.06857343,2026-06-04,2026-08-01,10,21,21,59,0.169492,3.275126,1.902615,2.010894,,,,,,,,GLOBAL_BASELINE_NO_ENTITY_RANKING,,,NOT_APPLICABLE_GLOBAL_BASELINE,HF9g-P5,,,,X 全窗基线 · 不参与实体赏罚,3928888,393,A168_HF9F_20260827_0900,2026-08-27 09:00:00
2026-06-08,78649167,1330,0,2.5715534755,2.4429758017,2.4429758017,1.0000000,1,1,0.50665070000000000,0.506650700000,0.9867858985152569,0.9867858985152569,0.9867858985152569,0E-17,ELIGIBLE,R03b_20260811_FULL_v1,L1_ELIGIBILITY,v2026-08-11,2026-03-21..2026-08-06,baccarat_bet02_101_all_pairs_incl_sentinel,round_win = game_pnl > 0 (decisive only),COMPATIBILITY_ONLY_NOT_PRODUCTION,324.7919,286.1675,-60.7811,41,41,0.18713848,0.15993322,0.22850665,0.18713848,60.7811,324.7919,OK,0.0000,-1.8234,3.0000,97.0000,AG03-UNRESOLVED,ALL5_LEVELS_bet23_to_bet27,-1.8234,-1.8234,-1.8234,-2.4312,-2.4312,3.000000,3.000000,3.000000,4.000000,4.000000,97.000000,97.000000,97.000000,96.000000,96.000000,5.0,-10.3328,-9.6569,-50.4483,-51.1241,PENDING_AG03,FALSE,NOT_FOR_ENFORCEMENT,-58.9576,277.5824,-60.7811,-58.9576,-1.8234,-0.18713848,-0.18152432,-1.8234,-58.9576,-0.18152432,-1.8234,-1.8234,-1.8234,-2.4312,-2.4312,-58.9576,-0.18152432,-10.3328,-9.6569,-50.4483,-51.1241,-0.15532494,-0.15740581,-0.00561415,7.9218,6.9797,-1.4825,-6.0781,-2.8943,32.4792,4.1000,15.0720,4.6020,2.5716,2.5818,12.8592,20.5724,25.7448,51.6356,2.5716,0.0,9.971747,20.0,3.068333,14,17,7,2,0.60326816,-0.18713848,-0.15993322,0E-8,0.000000,0.881079,0.000000,-0.06857343,2026-06-04,2026-08-01,10,21,21,59,0.169492,3.275126,1.902615,2.010894,,,,,,,,GLOBAL_BASELINE_NO_ENTITY_RANKING,,,NOT_APPLICABLE_GLOBAL_BASELINE,HF9g-P5,,,,X 全窗基线 · 不参与实体赏罚,3928889,393,A168_HF9F_20260827_0900,2026-08-27 09:00:00
2026-06-11,78649167,-1,1,2.5715534755,-2.5715534755,-2.5715534755,0E-7,1,1,0.49324550000000000,0.493245500000,-0.9865810262130424,-0.9865810262130424,-0.9865810262130424,0E-17,SENTINEL_DEALER,R03b_20260811_FULL_v1,L1_ELIGIBILITY,v2026-08-11,2026-03-21..2026-08-06,baccarat_bet02_101_all_pairs_incl_sentinel,round_win = game_pnl > 0 (decisive only),COMPATIBILITY_ONLY_NOT_PRODUCTION,324.7919,286.1675,-60.7811,41,41,0.18713848,0.15993322,0.22850665,0.18713848,60.7811,324.7919,OK,0.0000,-1.8234,3.0000,97.0000,AG03-UNRESOLVED,ALL5_LEVELS_bet23_to_bet27,-1.8234,-1.8234,-1.8234,-2.4312,-2.4312,3.000000,3.000000,3.000000,4.000000,4.000000,97.000000,97.000000,97.000000,96.000000,96.000000,5.0,-10.3328,-9.6569,-50.4483,-51.1241,PENDING_AG03,FALSE,NOT_FOR_ENFORCEMENT,-58.9576,277.5824,-60.7811,-58.9576,-1.8234,-0.18713848,-0.18152432,-1.8234,-58.9576,-0.18152432,-1.8234,-1.8234,-1.8234,-2.4312,-2.4312,-58.9576,-0.18152432,-10.3328,-9.6569,-50.4483,-51.1241,-0.15532494,-0.15740581,-0.00561415,7.9218,6.9797,-1.4825,-6.0781,-2.8943,32.4792,4.1000,15.0720,4.6020,2.5716,2.5818,12.8592,20.5724,25.7448,51.6356,2.5716,0.0,9.971747,20.0,3.068333,14,17,7,2,0.60326816,-0.18713848,-0.15993322,0E-8,0.000000,0.881079,0.000000,-0.06857343,2026-06-04,2026-08-01,10,21,21,59,0.169492,3.275126,1.902615,2.010894,,,,,,,,GLOBAL_BASELINE_NO_ENTITY_RANKING,,,NOT_APPLICABLE_GLOBAL_BASELINE,HF9g-P5,,,,X 全窗基线 · 不参与实体赏罚,3928890,393,A168_HF9F_20260827_0900,2026-08-27 09:00:00
2026-06-11,78649167,1985,0,2.5715534755,2.4429758017,2.4429758017,1.0000000,1,1,0.50665070000000000,0.506650700000,0.9867858985152569,0.9867858985152569,0.9867858985152569,0E-17,ELIGIBLE,R03b_20260811_FULL_v1,L1_ELIGIBILITY,v2026-08-11,2026-03-21..2026-08-06,baccarat_bet02_101_all_pairs_incl_sentinel,round_win = game_pnl > 0 (decisive only),COMPATIBILITY_ONLY_NOT_PRODUCTION,324.7919,286.1675,-60.7811,41,41,0.18713848,0.15993322,0.22850665,0.18713848,60.7811,324.7919,OK,0.0000,-1.8234,3.0000,97.0000,AG03-UNRESOLVED,ALL5_LEVELS_bet23_to_bet27,-1.8234,-1.8234,-1.8234,-2.4312,-2.4312,3.000000,3.000000,3.000000,4.000000,4.000000,97.000000,97.000000,97.000000,96.000000,96.000000,5.0,-10.3328,-9.6569,-50.4483,-51.1241,PENDING_AG03,FALSE,NOT_FOR_ENFORCEMENT,-58.9576,277.5824,-60.7811,-58.9576,-1.8234,-0.18713848,-0.18152432,-1.8234,-58.9576,-0.18152432,-1.8234,-1.8234,-1.8234,-2.4312,-2.4312,-58.9576,-0.18152432,-10.3328,-9.6569,-50.4483,-51.1241,-0.15532494,-0.15740581,-0.00561415,7.9218,6.9797,-1.4825,-6.0781,-2.8943,32.4792,4.1000,15.0720,4.6020,2.5716,2.5818,12.8592,20.5724,25.7448,51.6356,2.5716,0.0,9.971747,20.0,3.068333,14,17,7,2,0.60326816,-0.18713848,-0.15993322,0E-8,0.000000,0.881079,0.000000,-0.06857343,2026-06-04,2026-08-01,10,21,21,59,0.169492,3.275126,1.902615,2.010894,,,,,,,,GLOBAL_BASELINE_NO_ENTITY_RANKING,,,NOT_APPLICABLE_GLOBAL_BASELINE,HF9g-P5,,,,X 全窗基线 · 不参与实体赏罚,3928891,393,A168_HF9F_20260827_0900,2026-08-27 09:00:00
2026-06-13,78649167,-1,1,5.1431069510,2.4429758017,2.4429758017,1.0000000,2,2,0.50665070000000000,0.506650700000,0.9867858985152569,0.9867858985152569,0.9867858985152569,0E-17,SENTINEL_DEALER,R03b_20260811_FULL_v1,L1_ELIGIBILITY,v2026-08-11,2026-03-21..2026-08-06,baccarat_bet02_101_all_pairs_incl_sentinel,round_win = game_pnl > 0 (decisive only),COMPATIBILITY_ONLY_NOT_PRODUCTION,324.7919,286.1675,-60.7811,41,41,0.18713848,0.15993322,0.22850665,0.18713848,60.7811,324.7919,OK,0.0000,-1.8234,3.0000,97.0000,AG03-UNRESOLVED,ALL5_LEVELS_bet23_to_bet27,-1.8234,-1.8234,-1.8234,-2.4312,-2.4312,3.000000,3.000000,3.000000,4.000000,4.000000,97.000000,97.000000,97.000000,96.000000,96.000000,5.0,-10.3328,-9.6569,-50.4483,-51.1241,PENDING_AG03,FALSE,NOT_FOR_ENFORCEMENT,-58.9576,277.5824,-60.7811,-58.9576,-1.8234,-0.18713848,-0.18152432,-1.8234,-58.9576,-0.18152432,-1.8234,-1.8234,-1.8234,-2.4312,-2.4312,-58.9576,-0.18152432,-10.3328,-9.6569,-50.4483,-51.1241,-0.15532494,-0.15740581,-0.00561415,7.9218,6.9797,-1.4825,-6.0781,-2.8943,32.4792,4.1000,15.0720,4.6020,2.5716,2.5818,12.8592,20.5724,25.7448,51.6356,2.5716,0.0,9.971747,20.0,3.068333,14,17,7,2,0.60326816,-0.18713848,-0.15993322,0E-8,0.000000,0.881079,0.000000,-0.06857343,2026-06-04,2026-08-01,10,21,21,59,0.169492,3.275126,1.902615,2.010894,,,,,,,,GLOBAL_BASELINE_NO_ENTITY_RANKING,,,NOT_APPLICABLE_GLOBAL_BASELINE,HF9g-P5,,,,X 全窗基线 · 不参与实体赏罚,3928892,393,A168_HF9F_20260827_0900,2026-08-27 09:00:00
2026-06-13,78649167,2212,0,7.7146604264,2.3143981279,2.3143981279,0.5000000,2,2,0.50665070000000000,0.506650700000,-0.018812684590367487,-0.018812684590367487,-0.018812684590367487,0E-17,ELIGIBLE,R03b_20260811_FULL_v1,L1_ELIGIBILITY,v2026-08-11,2026-03-21..2026-08-06,baccarat_bet02_101_all_pairs_incl_sentinel,round_win = game_pnl > 0 (decisive only),COMPATIBILITY_ONLY_NOT_PRODUCTION,324.7919,286.1675,-60.7811,41,41,0.18713848,0.15993322,0.22850665,0.18713848,60.7811,324.7919,OK,0.0000,-1.8234,3.0000,97.0000,AG03-UNRESOLVED,ALL5_LEVELS_bet23_to_bet27,-1.8234,-1.8234,-1.8234,-2.4312,-2.4312,3.000000,3.000000,3.000000,4.000000,4.000000,97.000000,97.000000,97.000000,96.000000,96.000000,5.0,-10.3328,-9.6569,-50.4483,-51.1241,PENDING_AG03,FALSE,NOT_FOR_ENFORCEMENT,-58.9576,277.5824,-60.7811,-58.9576,-1.8234,-0.18713848,-0.18152432,-1.8234,-58.9576,-0.18152432,-1.8234,-1.8234,-1.8234,-2.4312,-2.4312,-58.9576,-0.18152432,-10.3328,-9.6569,-50.4483,-51.1241,-0.15532494,-0.15740581,-0.00561415,7.9218,6.9797,-1.4825,-6.0781,-2.8943,32.4792,4.1000,15.0720,4.6020,2.5716,2.5818,12.8592,20.5724,25.7448,51.6356,2.5716,0.0,9.971747,20.0,3.068333,14,17,7,2,0.60326816,-0.18713848,-0.15993322,0E-8,0.000000,0.881079,0.000000,-0.06857343,2026-06-04,2026-08-01,10,21,21,59,0.169492,3.275126,1.902615,2.010894,,,,,,,,GLOBAL_BASELINE_NO_ENTITY_RANKING,,,NOT_APPLICABLE_GLOBAL_BASELINE,HF9g-P5,,,,X 全窗基线 · 不参与实体赏罚,3928893,393,A168_HF9F_20260827_0900,2026-08-27 09:00:00
2026-06-17,78649167,-1,1,18.2580296758,2.3143981278,2.3143981278,0.4000000,5,5,0.49324550000000000,0.493245500000,-0.4170446088060018,-0.4170446088060018,-0.4170446088060018,0E-17,SENTINEL_DEALER,R03b_20260811_FULL_v1,L1_ELIGIBILITY,v2026-08-11,2026-03-21..2026-08-06,baccarat_bet02_101_all_pairs_incl_sentinel,round_win = game_pnl > 0 (decisive only),COMPATIBILITY_ONLY_NOT_PRODUCTION,324.7919,286.1675,-60.7811,41,41,0.18713848,0.15993322,0.22850665,0.18713848,60.7811,324.7919,OK,0.0000,-1.8234,3.0000,97.0000,AG03-UNRESOLVED,ALL5_LEVELS_bet23_to_bet27,-1.8234,-1.8234,-1.8234,-2.4312,-2.4312,3.000000,3.000000,3.000000,4.000000,4.000000,97.000000,97.000000,97.000000,96.000000,96.000000,5.0,-10.3328,-9.6569,-50.4483,-51.1241,PENDING_AG03,FALSE,NOT_FOR_ENFORCEMENT,-58.9576,277.5824,-60.7811,-58.9576,-1.8234,-0.18713848,-0.18152432,-1.8234,-58.9576,-0.18152432,-1.8234,-1.8234,-1.8234,-2.4312,-2.4312,-58.9576,-0.18152432,-10.3328,-9.6569,-50.4483,-51.1241,-0.15532494,-0.15740581,-0.00561415,7.9218,6.9797,-1.4825,-6.0781,-2.8943,32.4792,4.1000,15.0720,4.6020,2.5716,2.5818,12.8592,20.5724,25.7448,51.6356,2.5716,0.0,9.971747,20.0,3.068333,14,17,7,2,0.60326816,-0.18713848,-0.15993322,0E-8,0.000000,0.881079,0.000000,-0.06857343,2026-06-04,2026-08-01,10,21,21,59,0.169492,3.275126,1.902615,2.010894,,,,,,,,GLOBAL_BASELINE_NO_ENTITY_RANKING,,,NOT_APPLICABLE_GLOBAL_BASELINE,HF9g-P5,,,,X 全窗基线 · 不参与实体赏罚,3928894,393,A168_HF9F_20260827_0900,2026-08-27 09:00:00
2026-06-17,78649167,2106,0,61.7172834109,5.1431069509,5.1431069509,0.4000000,6,6,0.49547970000000000,0.495479700000,-0.42701565021644644,-0.42701565021644644,-0.42701565021644644,0E-17,ELIGIBLE,R03b_20260811_FULL_v1,L1_ELIGIBILITY,v2026-08-11,2026-03-21..2026-08-06,baccarat_bet02_101_all_pairs_incl_sentinel,round_win = game_pnl > 0 (decisive only),COMPATIBILITY_ONLY_NOT_PRODUCTION,324.7919,286.1675,-60.7811,41,41,0.18713848,0.15993322,0.22850665,0.18713848,60.7811,324.7919,OK,0.0000,-1.8234,3.0000,97.0000,AG03-UNRESOLVED,ALL5_LEVELS_bet23_to_bet27,-1.8234,-1.8234,-1.8234,-2.4312,-2.4312,3.000000,3.000000,3.000000,4.000000,4.000000,97.000000,97.000000,97.000000,96.000000,96.000000,5.0,-10.3328,-9.6569,-50.4483,-51.1241,PENDING_AG03,FALSE,NOT_FOR_ENFORCEMENT,-58.9576,277.5824,-60.7811,-58.9576,-1.8234,-0.18713848,-0.18152432,-1.8234,-58.9576,-0.18152432,-1.8234,-1.8234,-1.8234,-2.4312,-2.4312,-58.9576,-0.18152432,-10.3328,-9.6569,-50.4483,-51.1241,-0.15532494,-0.15740581,-0.00561415,7.9218,6.9797,-1.4825,-6.0781,-2.8943,32.4792,4.1000,15.0720,4.6020,2.5716,2.5818,12.8592,20.5724,25.7448,51.6356,2.5716,0.0,9.971747,20.0,3.068333,14,17,7,2,0.60326816,-0.18713848,-0.15993322,0E-8,0.000000,0.881079,0.000000,-0.06857343,2026-06-04,2026-08-01,10,21,21,59,0.169492,3.275126,1.902615,2.010894,,,,,,,,GLOBAL_BASELINE_NO_ENTITY_RANKING,,,NOT_APPLICABLE_GLOBAL_BASELINE,HF9g-P5,,,,X 全窗基线 · 不参与实体赏罚,3928895,393,A168_HF9F_20260827_0900,2026-08-27 09:00:00
2026-06-17,78649167,2251,0,5.1431069510,5.0145292772,5.0145292772,1.0000000,2,2,0.49994810000000000,0.499948100000,1.4143603653603398,1.4143603653603398,1.4143603653603398,0E-17,ELIGIBLE,R03b_20260811_FULL_v1,L1_ELIGIBILITY,v2026-08-11,2026-03-21..2026-08-06,baccarat_bet02_101_all_pairs_incl_sentinel,round_win = game_pnl > 0 (decisive only),COMPATIBILITY_ONLY_NOT_PRODUCTION,324.7919,286.1675,-60.7811,41,41,0.18713848,0.15993322,0.22850665,0.18713848,60.7811,324.7919,OK,0.0000,-1.8234,3.0000,97.0000,AG03-UNRESOLVED,ALL5_LEVELS_bet23_to_bet27,-1.8234,-1.8234,-1.8234,-2.4312,-2.4312,3.000000,3.000000,3.000000,4.000000,4.000000,97.000000,97.000000,97.000000,96.000000,96.000000,5.0,-10.3328,-9.6569,-50.4483,-51.1241,PENDING_AG03,FALSE,NOT_FOR_ENFORCEMENT,-58.9576,277.5824,-60.7811,-58.9576,-1.8234,-0.18713848,-0.18152432,-1.8234,-58.9576,-0.18152432,-1.8234,-1.8234,-1.8234,-2.4312,-2.4312,-58.9576,-0.18152432,-10.3328,-9.6569,-50.4483,-51.1241,-0.15532494,-0.15740581,-0.00561415,7.9218,6.9797,-1.4825,-6.0781,-2.8943,32.4792,4.1000,15.0720,4.6020,2.5716,2.5818,12.8592,20.5724,25.7448,51.6356,2.5716,0.0,9.971747,20.0,3.068333,14,17,7,2,0.60326816,-0.18713848,-0.15993322,0E-8,0.000000,0.881079,0.000000,-0.06857343,2026-06-04,2026-08-01,10,21,21,59,0.169492,3.275126,1.902615,2.010894,,,,,,,,GLOBAL_BASELINE_NO_ENTITY_RANKING,,,NOT_APPLICABLE_GLOBAL_BASELINE,HF9g-P5,,,,X 全窗基线 · 不参与实体赏罚,3928896,393,A168_HF9F_20260827_0900,2026-08-27 09:00:00
2026-06-29,78649167,2252,0,2.5715534755,2.4429758017,2.4429758017,1.0000000,1,1,0.50665070000000000,0.506650700000,0.9867858985152569,0.9867858985152569,0.9867858985152569,0E-17,ELIGIBLE,R03b_20260811_FULL_v1,L1_ELIGIBILITY,v2026-08-11,2026-03-21..2026-08-06,baccarat_bet02_101_all_pairs_incl_sentinel,round_win = game_pnl > 0 (decisive only),COMPATIBILITY_ONLY_NOT_PRODUCTION,324.7919,286.1675,-60.7811,41,41,0.18713848,0.15993322,0.22850665,0.18713848,60.7811,324.7919,OK,0.0000,-1.8234,3.0000,97.0000,AG03-UNRESOLVED,ALL5_LEVELS_bet23_to_bet27,-1.8234,-1.8234,-1.8234,-2.4312,-2.4312,3.000000,3.000000,3.000000,4.000000,4.000000,97.000000,97.000000,97.000000,96.000000,96.000000,5.0,-10.3328,-9.6569,-50.4483,-51.1241,PENDING_AG03,FALSE,NOT_FOR_ENFORCEMENT,-58.9576,277.5824,-60.7811,-58.9576,-1.8234,-0.18713848,-0.18152432,-1.8234,-58.9576,-0.18152432,-1.8234,-1.8234,-1.8234,-2.4312,-2.4312,-58.9576,-0.18152432,-10.3328,-9.6569,-50.4483,-51.1241,-0.15532494,-0.15740581,-0.00561415,7.9218,6.9797,-1.4825,-6.0781,-2.8943,32.4792,4.1000,15.0720,4.6020,2.5716,2.5818,12.8592,20.5724,25.7448,51.6356,2.5716,0.0,9.971747,20.0,3.068333,14,17,7,2,0.60326816,-0.18713848,-0.15993322,0E-8,0.000000,0.881079,0.000000,-0.06857343,2026-06-04,2026-08-01,10,21,21,59,0.169492,3.275126,1.902615,2.010894,,,,,,,,GLOBAL_BASELINE_NO_ENTITY_RANKING,,,NOT_APPLICABLE_GLOBAL_BASELINE,HF9g-P5,,,,X 全窗基线 · 不参与实体赏罚,3928897,393,A168_HF9F_20260827_0900,2026-08-27 09:00:00
2026-07-01,78649167,2177,0,5.1635556244,0E-10,0E-10,0.5000000,2,2,0.49994810000000000,0.499948100000,0.00014679536856514622,0.00014679536856514622,0.00014679536856514622,0E-17,ELIGIBLE,R03b_20260811_FULL_v1,L1_ELIGIBILITY,v2026-08-11,2026-03-21..2026-08-06,baccarat_bet02_101_all_pairs_incl_sentinel,round_win = game_pnl > 0 (decisive only),COMPATIBILITY_ONLY_NOT_PRODUCTION,324.7919,286.1675,-60.7811,41,41,0.18713848,0.15993322,0.22850665,0.18713848,60.7811,324.7919,OK,0.0000,-1.8234,3.0000,97.0000,AG03-UNRESOLVED,ALL5_LEVELS_bet23_to_bet27,-1.8234,-1.8234,-1.8234,-2.4312,-2.4312,3.000000,3.000000,3.000000,4.000000,4.000000,97.000000,97.000000,97.000000,96.000000,96.000000,5.0,-10.3328,-9.6569,-50.4483,-51.1241,PENDING_AG03,FALSE,NOT_FOR_ENFORCEMENT,-58.9576,277.5824,-60.7811,-58.9576,-1.8234,-0.18713848,-0.18152432,-1.8234,-58.9576,-0.18152432,-1.8234,-1.8234,-1.8234,-2.4312,-2.4312,-58.9576,-0.18152432,-10.3328,-9.6569,-50.4483,-51.1241,-0.15532494,-0.15740581,-0.00561415,7.9218,6.9797,-1.4825,-6.0781,-2.8943,32.4792,4.1000,15.0720,4.6020,2.5716,2.5818,12.8592,20.5724,25.7448,51.6356,2.5716,0.0,9.971747,20.0,3.068333,14,17,7,2,0.60326816,-0.18713848,-0.15993322,0E-8,0.000000,0.881079,0.000000,-0.06857343,2026-06-04,2026-08-01,10,21,21,59,0.169492,3.275126,1.902615,2.010894,,,,,,,,GLOBAL_BASELINE_NO_ENTITY_RANKING,,,NOT_APPLICABLE_GLOBAL_BASELINE,HF9g-P5,,,,X 全窗基线 · 不参与实体赏罚,3928898,393,A168_HF9F_20260827_0900,2026-08-27 09:00:00
2026-07-16,78649167,1374,0,90.3622234270,12.9088890610,12.9088890610,0.3333333,3,3,0.49324550000000000,0.493245500000,-0.5540025479526107,-0.5540025479526106,-0.5540025479526107,0E-17,ELIGIBLE,R03b_20260811_FULL_v1,L1_ELIGIBILITY,v2026-08-11,2026-03-21..2026-08-06,baccarat_bet02_101_all_pairs_incl_sentinel,round_win = game_pnl > 0 (decisive only),COMPATIBILITY_ONLY_NOT_PRODUCTION,324.7919,286.1675,-60.7811,41,41,0.18713848,0.15993322,0.22850665,0.18713848,60.7811,324.7919,OK,0.0000,-1.8234,3.0000,97.0000,AG03-UNRESOLVED,ALL5_LEVELS_bet23_to_bet27,-1.8234,-1.8234,-1.8234,-2.4312,-2.4312,3.000000,3.000000,3.000000,4.000000,4.000000,97.000000,97.000000,97.000000,96.000000,96.000000,5.0,-10.3328,-9.6569,-50.4483,-51.1241,PENDING_AG03,FALSE,NOT_FOR_ENFORCEMENT,-58.9576,277.5824,-60.7811,-58.9576,-1.8234,-0.18713848,-0.18152432,-1.8234,-58.9576,-0.18152432,-1.8234,-1.8234,-1.8234,-2.4312,-2.4312,-58.9576,-0.18152432,-10.3328,-9.6569,-50.4483,-51.1241,-0.15532494,-0.15740581,-0.00561415,7.9218,6.9797,-1.4825,-6.0781,-2.8943,32.4792,4.1000,15.0720,4.6020,2.5716,2.5818,12.8592,20.5724,25.7448,51.6356,2.5716,0.0,9.971747,20.0,3.068333,14,17,7,2,0.60326816,-0.18713848,-0.15993322,0E-8,0.000000,0.881079,0.000000,-0.06857343,2026-06-04,2026-08-01,10,21,21,59,0.169492,3.275126,1.902615,2.010894,,,,,,,,GLOBAL_BASELINE_NO_ENTITY_RANKING,,,NOT_APPLICABLE_GLOBAL_BASELINE,HF9g-P5,,,,X 全窗基线 · 不参与实体赏罚,3928899,393,A168_HF9F_20260827_0900,2026-08-27 09:00:00
2026-07-17,78649167,2115,0,38.7266671830,12.2634446080,12.2634446080,0.6666667,3,3,0.50218230000000000,0.502182300000,0.5697959874915163,0.5697959874915164,0.5697959874915163,0E-17,ELIGIBLE,R03b_20260811_FULL_v1,L1_ELIGIBILITY,v2026-08-11,2026-03-21..2026-08-06,baccarat_bet02_101_all_pairs_incl_sentinel,round_win = game_pnl > 0 (decisive only),COMPATIBILITY_ONLY_NOT_PRODUCTION,324.7919,286.1675,-60.7811,41,41,0.18713848,0.15993322,0.22850665,0.18713848,60.7811,324.7919,OK,0.0000,-1.8234,3.0000,97.0000,AG03-UNRESOLVED,ALL5_LEVELS_bet23_to_bet27,-1.8234,-1.8234,-1.8234,-2.4312,-2.4312,3.000000,3.000000,3.000000,4.000000,4.000000,97.000000,97.000000,97.000000,96.000000,96.000000,5.0,-10.3328,-9.6569,-50.4483,-51.1241,PENDING_AG03,FALSE,NOT_FOR_ENFORCEMENT,-58.9576,277.5824,-60.7811,-58.9576,-1.8234,-0.18713848,-0.18152432,-1.8234,-58.9576,-0.18152432,-1.8234,-1.8234,-1.8234,-2.4312,-2.4312,-58.9576,-0.18152432,-10.3328,-9.6569,-50.4483,-51.1241,-0.15532494,-0.15740581,-0.00561415,7.9218,6.9797,-1.4825,-6.0781,-2.8943,32.4792,4.1000,15.0720,4.6020,2.5716,2.5818,12.8592,20.5724,25.7448,51.6356,2.5716,0.0,9.971747,20.0,3.068333,14,17,7,2,0.60326816,-0.18713848,-0.15993322,0E-8,0.000000,0.881079,0.000000,-0.06857343,2026-06-04,2026-08-01,10,21,21,59,0.169492,3.275126,1.902615,2.010894,,,,,,,,GLOBAL_BASELINE_NO_ENTITY_RANKING,,,NOT_APPLICABLE_GLOBAL_BASELINE,HF9g-P5,,,,X 全窗基线 · 不参与实体赏罚,3928900,393,A168_HF9F_20260827_0900,2026-08-27 09:00:00
2026-07-17,78649167,919,0,12.9088890610,0E-10,0E-10,,1,1,0.50665070000000000,0.506650700000,,,,0E-17,NO_DECISIVE_ROUND,R03b_20260811_FULL_v1,L1_ELIGIBILITY,v2026-08-11,2026-03-21..2026-08-06,baccarat_bet02_101_all_pairs_incl_sentinel,round_win = game_pnl > 0 (decisive only),COMPATIBILITY_ONLY_NOT_PRODUCTION,324.7919,286.1675,-60.7811,41,41,0.18713848,0.15993322,0.22850665,0.18713848,60.7811,324.7919,OK,0.0000,-1.8234,3.0000,97.0000,AG03-UNRESOLVED,ALL5_LEVELS_bet23_to_bet27,-1.8234,-1.8234,-1.8234,-2.4312,-2.4312,3.000000,3.000000,3.000000,4.000000,4.000000,97.000000,97.000000,97.000000,96.000000,96.000000,5.0,-10.3328,-9.6569,-50.4483,-51.1241,PENDING_AG03,FALSE,NOT_FOR_ENFORCEMENT,-58.9576,277.5824,-60.7811,-58.9576,-1.8234,-0.18713848,-0.18152432,-1.8234,-58.9576,-0.18152432,-1.8234,-1.8234,-1.8234,-2.4312,-2.4312,-58.9576,-0.18152432,-10.3328,-9.6569,-50.4483,-51.1241,-0.15532494,-0.15740581,-0.00561415,7.9218,6.9797,-1.4825,-6.0781,-2.8943,32.4792,4.1000,15.0720,4.6020,2.5716,2.5818,12.8592,20.5724,25.7448,51.6356,2.5716,0.0,9.971747,20.0,3.068333,14,17,7,2,0.60326816,-0.18713848,-0.15993322,0E-8,0.000000,0.881079,0.000000,-0.06857343,2026-06-04,2026-08-01,10,21,21,59,0.169492,3.275126,1.902615,2.010894,,,,,,,,GLOBAL_BASELINE_NO_ENTITY_RANKING,,,NOT_APPLICABLE_GLOBAL_BASELINE,HF9g-P5,,,,X 全窗基线 · 不参与实体赏罚,3928901,393,A168_HF9F_20260827_0900,2026-08-27 09:00:00
2026-08-01,78649167,2121,0,46.2332725452,13.8699817636,13.8699817636,0.5000000,4,4,0.50665070000000000,0.506650700000,-0.02660515369234503,-0.02660515369234503,-0.02660515369234503,0E-17,ELIGIBLE,R03b_20260811_FULL_v1,L1_ELIGIBILITY,v2026-08-11,2026-03-21..2026-08-06,baccarat_bet02_101_all_pairs_incl_sentinel,round_win = game_pnl > 0 (decisive only),COMPATIBILITY_ONLY_NOT_PRODUCTION,324.7919,286.1675,-60.7811,41,41,0.18713848,0.15993322,0.22850665,0.18713848,60.7811,324.7919,OK,0.0000,-1.8234,3.0000,97.0000,AG03-UNRESOLVED,ALL5_LEVELS_bet23_to_bet27,-1.8234,-1.8234,-1.8234,-2.4312,-2.4312,3.000000,3.000000,3.000000,4.000000,4.000000,97.000000,97.000000,97.000000,96.000000,96.000000,5.0,-10.3328,-9.6569,-50.4483,-51.1241,PENDING_AG03,FALSE,NOT_FOR_ENFORCEMENT,-58.9576,277.5824,-60.7811,-58.9576,-1.8234,-0.18713848,-0.18152432,-1.8234,-58.9576,-0.18152432,-1.8234,-1.8234,-1.8234,-2.4312,-2.4312,-58.9576,-0.18152432,-10.3328,-9.6569,-50.4483,-51.1241,-0.15532494,-0.15740581,-0.00561415,7.9218,6.9797,-1.4825,-6.0781,-2.8943,32.4792,4.1000,15.0720,4.6020,2.5716,2.5818,12.8592,20.5724,25.7448,51.6356,2.5716,0.0,9.971747,20.0,3.068333,14,17,7,2,0.60326816,-0.18713848,-0.15993322,0E-8,0.000000,0.881079,0.000000,-0.06857343,2026-06-04,2026-08-01,10,21,21,59,0.169492,3.275126,1.902615,2.010894,,,,,,,,GLOBAL_BASELINE_NO_ENTITY_RANKING,,,NOT_APPLICABLE_GLOBAL_BASELINE,HF9g-P5,,,,X 全窗基线 · 不参与实体赏罚,3928902,393,A168_HF9F_20260827_0900,2026-08-27 09:00:00
2026-08-01,78649167,2196,0,5.1370302828,-5.1370302828,-5.1370302828,0E-7,1,1,0.49324550000000000,0.493245500000,-0.9865810262130424,-0.9865810262130424,-0.9865810262130424,0E-17,ELIGIBLE,R03b_20260811_FULL_v1,L1_ELIGIBILITY,v2026-08-11,2026-03-21..2026-08-06,baccarat_bet02_101_all_pairs_incl_sentinel,round_win = game_pnl > 0 (decisive only),COMPATIBILITY_ONLY_NOT_PRODUCTION,324.7919,286.1675,-60.7811,41,41,0.18713848,0.15993322,0.22850665,0.18713848,60.7811,324.7919,OK,0.0000,-1.8234,3.0000,97.0000,AG03-UNRESOLVED,ALL5_LEVELS_bet23_to_bet27,-1.8234,-1.8234,-1.8234,-2.4312,-2.4312,3.000000,3.000000,3.000000,4.000000,4.000000,97.000000,97.000000,97.000000,96.000000,96.000000,5.0,-10.3328,-9.6569,-50.4483,-51.1241,PENDING_AG03,FALSE,NOT_FOR_ENFORCEMENT,-58.9576,277.5824,-60.7811,-58.9576,-1.8234,-0.18713848,-0.18152432,-1.8234,-58.9576,-0.18152432,-1.8234,-1.8234,-1.8234,-2.4312,-2.4312,-58.9576,-0.18152432,-10.3328,-9.6569,-50.4483,-51.1241,-0.15532494,-0.15740581,-0.00561415,7.9218,6.9797,-1.4825,-6.0781,-2.8943,32.4792,4.1000,15.0720,4.6020,2.5716,2.5818,12.8592,20.5724,25.7448,51.6356,2.5716,0.0,9.971747,20.0,3.068333,14,17,7,2,0.60326816,-0.18713848,-0.15993322,0E-8,0.000000,0.881079,0.000000,-0.06857343,2026-06-04,2026-08-01,10,21,21,59,0.169492,3.275126,1.902615,2.010894,,,,,,,,GLOBAL_BASELINE_NO_ENTITY_RANKING,,,NOT_APPLICABLE_GLOBAL_BASELINE,HF9g-P5,,,,X 全窗基线 · 不参与实体赏罚,3928903,393,A168_HF9F_20260827_0900,2026-08-27 09:00:00
2026-08-01,78649167,2281,0,2.5685151414,-2.5685151414,-2.5685151414,0E-7,1,1,0.50665070000000000,0.506650700000,-1.013391052207602,-1.013391052207602,-1.013391052207602,0E-17,ELIGIBLE,R03b_20260811_FULL_v1,L1_ELIGIBILITY,v2026-08-11,2026-03-21..2026-08-06,baccarat_bet02_101_all_pairs_incl_sentinel,round_win = game_pnl > 0 (decisive only),COMPATIBILITY_ONLY_NOT_PRODUCTION,324.7919,286.1675,-60.7811,41,41,0.18713848,0.15993322,0.22850665,0.18713848,60.7811,324.7919,OK,0.0000,-1.8234,3.0000,97.0000,AG03-UNRESOLVED,ALL5_LEVELS_bet23_to_bet27,-1.8234,-1.8234,-1.8234,-2.4312,-2.4312,3.000000,3.000000,3.000000,4.000000,4.000000,97.000000,97.000000,97.000000,96.000000,96.000000,5.0,-10.3328,-9.6569,-50.4483,-51.1241,PENDING_AG03,FALSE,NOT_FOR_ENFORCEMENT,-58.9576,277.5824,-60.7811,-58.9576,-1.8234,-0.18713848,-0.18152432,-1.8234,-58.9576,-0.18152432,-1.8234,-1.8234,-1.8234,-2.4312,-2.4312,-58.9576,-0.18152432,-10.3328,-9.6569,-50.4483,-51.1241,-0.15532494,-0.15740581,-0.00561415,7.9218,6.9797,-1.4825,-6.0781,-2.8943,32.4792,4.1000,15.0720,4.6020,2.5716,2.5818,12.8592,20.5724,25.7448,51.6356,2.5716,0.0,9.971747,20.0,3.068333,14,17,7,2,0.60326816,-0.18713848,-0.15993322,0E-8,0.000000,0.881079,0.000000,-0.06857343,2026-06-04,2026-08-01,10,21,21,59,0.169492,3.275126,1.902615,2.010894,,,,,,,,GLOBAL_BASELINE_NO_ENTITY_RANKING,,,NOT_APPLICABLE_GLOBAL_BASELINE,HF9g-P5,,,,X 全窗基线 · 不参与实体赏罚,3928904,393,A168_HF9F_20260827_0900,2026-08-27 09:00:00
2026-03-23,147707441,1105,0,13.2053877982,13.2053877982,13.2053877982,1.0000000,1,1,0.49324550000000000,0.493245500000,1.01360149184955,1.01360149184955,1.01360149184955,0E-17,ELIGIBLE,R03b_20260811_FULL_v1,L1_ELIGIBILITY,v2026-08-11,2026-03-21..2026-08-06,baccarat_bet02_101_all_pairs_incl_sentinel,round_win = game_pnl > 0 (decisive only),COMPATIBILITY_ONLY_NOT_PRODUCTION,209.4445,202.8418,-61.4096,19,19,0.29320253,,0.29320253,0.29320253,61.4096,209.4445,THIN_EXPOSURE,0.0000,-2.4564,4.0000,96.0000,AG03-UNRESOLVED,ALL5_LEVELS_bet23_to_bet27,-2.4564,-2.4564,-2.4564,-4.9128,-4.9128,4.000000,4.000000,4.000000,8.000000,8.000000,96.000000,96.000000,96.000000,92.000000,92.000000,5.0,-17.1947,-15.4236,-44.2149,-45.986,PENDING_AG03,FALSE,NOT_FOR_ENFORCEMENT,-58.9533,194.7281,-61.4096,-58.9533,-2.4564,-0.29320253,-0.28147443,-2.4564,-58.9533,-0.28147443,-2.4564,-2.4564,-2.4564,-4.9128,-4.9128,-58.9533,-0.28147443,-17.1947,-15.4236,-44.2149,-45.986,-0.21110582,-0.21956194,-0.01172810,11.0234,10.6759,-3.2321,-15.3524,-5.1175,52.3611,4.7500,,11.0234,6.6027,13.2054,13.2054,17.6072,17.6072,17.6072,13.2054,3.3732,1.333333,1.333333,0.834765,9,11,4,1,0E-8,-0.29320253,,0E-8,0.000000,0.968475,0.000000,,2026-03-23,2026-04-14,4,12,11,23,0.173913,,,0.000000,,,,,,,,GLOBAL_BASELINE_NO_ENTITY_RANKING,,,NOT_APPLICABLE_GLOBAL_BASELINE,HF9g-P5,,,,X 全窗基线 · 不参与实体赏罚,3928905,393,A168_HF9F_20260827_0900,2026-08-27 09:00:00
2026-03-23,147707441,1210,0,35.2143674620,35.2143674620,35.2143674620,1.0000000,2,2,0.49324550000000000,0.493245500000,1.4334489766152358,1.4334489766152358,1.4334489766152358,0E-17,ELIGIBLE,R03b_20260811_FULL_v1,L1_ELIGIBILITY,v2026-08-11,2026-03-21..2026-08-06,baccarat_bet02_101_all_pairs_incl_sentinel,round_win = game_pnl > 0 (decisive only),COMPATIBILITY_ONLY_NOT_PRODUCTION,209.4445,202.8418,-61.4096,19,19,0.29320253,,0.29320253,0.29320253,61.4096,209.4445,THIN_EXPOSURE,0.0000,-2.4564,4.0000,96.0000,AG03-UNRESOLVED,ALL5_LEVELS_bet23_to_bet27,-2.4564,-2.4564,-2.4564,-4.9128,-4.9128,4.000000,4.000000,4.000000,8.000000,8.000000,96.000000,96.000000,96.000000,92.000000,92.000000,5.0,-17.1947,-15.4236,-44.2149,-45.986,PENDING_AG03,FALSE,NOT_FOR_ENFORCEMENT,-58.9533,194.7281,-61.4096,-58.9533,-2.4564,-0.29320253,-0.28147443,-2.4564,-58.9533,-0.28147443,-2.4564,-2.4564,-2.4564,-4.9128,-4.9128,-58.9533,-0.28147443,-17.1947,-15.4236,-44.2149,-45.986,-0.21110582,-0.21956194,-0.01172810,11.0234,10.6759,-3.2321,-15.3524,-5.1175,52.3611,4.7500,,11.0234,6.6027,13.2054,13.2054,17.6072,17.6072,17.6072,13.2054,3.3732,1.333333,1.333333,0.834765,9,11,4,1,0E-8,-0.29320253,,0E-8,0.000000,0.968475,0.000000,,2026-03-23,2026-04-14,4,12,11,23,0.173913,,,0.000000,,,,,,,,GLOBAL_BASELINE_NO_ENTITY_RANKING,,,NOT_APPLICABLE_GLOBAL_BASELINE,HF9g-P5,,,,X 全窗基线 · 不参与实体赏罚,3928906,393,A168_HF9F_20260827_0900,2026-08-27 09:00:00
2026-03-23,147707441,1363,0,6.6026938991,0E-10,0E-10,,1,1,0.49324550000000000,0.493245500000,,,,0E-17,NO_DECISIVE_ROUND,R03b_20260811_FULL_v1,L1_ELIGIBILITY,v2026-08-11,2026-03-21..2026-08-06,baccarat_bet02_101_all_pairs_incl_sentinel,round_win = game_pnl > 0 (decisive only),COMPATIBILITY_ONLY_NOT_PRODUCTION,209.4445,202.8418,-61.4096,19,19,0.29320253,,0.29320253,0.29320253,61.4096,209.4445,THIN_EXPOSURE,0.0000,-2.4564,4.0000,96.0000,AG03-UNRESOLVED,ALL5_LEVELS_bet23_to_bet27,-2.4564,-2.4564,-2.4564,-4.9128,-4.9128,4.000000,4.000000,4.000000,8.000000,8.000000,96.000000,96.000000,96.000000,92.000000,92.000000,5.0,-17.1947,-15.4236,-44.2149,-45.986,PENDING_AG03,FALSE,NOT_FOR_ENFORCEMENT,-58.9533,194.7281,-61.4096,-58.9533,-2.4564,-0.29320253,-0.28147443,-2.4564,-58.9533,-0.28147443,-2.4564,-2.4564,-2.4564,-4.9128,-4.9128,-58.9533,-0.28147443,-17.1947,-15.4236,-44.2149,-45.986,-0.21110582,-0.21956194,-0.01172810,11.0234,10.6759,-3.2321,-15.3524,-5.1175,52.3611,4.7500,,11.0234,6.6027,13.2054,13.2054,17.6072,17.6072,17.6072,13.2054,3.3732,1.333333,1.333333,0.834765,9,11,4,1,0E-8,-0.29320253,,0E-8,0.000000,0.968475,0.000000,,2026-03-23,2026-04-14,4,12,11,23,0.173913,,,0.000000,,,,,,,,GLOBAL_BASELINE_NO_ENTITY_RANKING,,,NOT_APPLICABLE_GLOBAL_BASELINE,HF9g-P5,,,,X 全窗基线 · 不参与实体赏罚,3928907,393,A168_HF9F_20260827_0900,2026-08-27 09:00:00
2026-03-23,147707441,1385,0,23.1094286469,23.1094286469,23.1094286469,1.0000000,3,3,0.49324550000000000,0.493245500000,1.755609282511032,1.7556092825110319,1.755609282511032,0E-17,ELIGIBLE,R03b_20260811_FULL_v1,L1_ELIGIBILITY,v2026-08-11,2026-03-21..2026-08-06,baccarat_bet02_101_all_pairs_incl_sentinel,round_win = game_pnl > 0 (decisive only),COMPATIBILITY_ONLY_NOT_PRODUCTION,209.4445,202.8418,-61.4096,19,19,0.29320253,,0.29320253,0.29320253,61.4096,209.4445,THIN_EXPOSURE,0.0000,-2.4564,4.0000,96.0000,AG03-UNRESOLVED,ALL5_LEVELS_bet23_to_bet27,-2.4564,-2.4564,-2.4564,-4.9128,-4.9128,4.000000,4.000000,4.000000,8.000000,8.000000,96.000000,96.000000,96.000000,92.000000,92.000000,5.0,-17.1947,-15.4236,-44.2149,-45.986,PENDING_AG03,FALSE,NOT_FOR_ENFORCEMENT,-58.9533,194.7281,-61.4096,-58.9533,-2.4564,-0.29320253,-0.28147443,-2.4564,-58.9533,-0.28147443,-2.4564,-2.4564,-2.4564,-4.9128,-4.9128,-58.9533,-0.28147443,-17.1947,-15.4236,-44.2149,-45.986,-0.21110582,-0.21956194,-0.01172810,11.0234,10.6759,-3.2321,-15.3524,-5.1175,52.3611,4.7500,,11.0234,6.6027,13.2054,13.2054,17.6072,17.6072,17.6072,13.2054,3.3732,1.333333,1.333333,0.834765,9,11,4,1,0E-8,-0.29320253,,0E-8,0.000000,0.968475,0.000000,,2026-03-23,2026-04-14,4,12,11,23,0.173913,,,0.000000,,,,,,,,GLOBAL_BASELINE_NO_ENTITY_RANKING,,,NOT_APPLICABLE_GLOBAL_BASELINE,HF9g-P5,,,,X 全窗基线 · 不参与实体赏罚,3928908,393,A168_HF9F_20260827_0900,2026-08-27 09:00:00
2026-03-23,147707441,1401,0,30.8125715292,30.8125715292,30.8125715292,1.0000000,2,2,0.49324550000000000,0.493245500000,1.4334489766152358,1.4334489766152358,1.4334489766152358,0E-17,ELIGIBLE,R03b_20260811_FULL_v1,L1_ELIGIBILITY,v2026-08-11,2026-03-21..2026-08-06,baccarat_bet02_101_all_pairs_incl_sentinel,round_win = game_pnl > 0 (decisive only),COMPATIBILITY_ONLY_NOT_PRODUCTION,209.4445,202.8418,-61.4096,19,19,0.29320253,,0.29320253,0.29320253,61.4096,209.4445,THIN_EXPOSURE,0.0000,-2.4564,4.0000,96.0000,AG03-UNRESOLVED,ALL5_LEVELS_bet23_to_bet27,-2.4564,-2.4564,-2.4564,-4.9128,-4.9128,4.000000,4.000000,4.000000,8.000000,8.000000,96.000000,96.000000,96.000000,92.000000,92.000000,5.0,-17.1947,-15.4236,-44.2149,-45.986,PENDING_AG03,FALSE,NOT_FOR_ENFORCEMENT,-58.9533,194.7281,-61.4096,-58.9533,-2.4564,-0.29320253,-0.28147443,-2.4564,-58.9533,-0.28147443,-2.4564,-2.4564,-2.4564,-4.9128,-4.9128,-58.9533,-0.28147443,-17.1947,-15.4236,-44.2149,-45.986,-0.21110582,-0.21956194,-0.01172810,11.0234,10.6759,-3.2321,-15.3524,-5.1175,52.3611,4.7500,,11.0234,6.6027,13.2054,13.2054,17.6072,17.6072,17.6072,13.2054,3.3732,1.333333,1.333333,0.834765,9,11,4,1,0E-8,-0.29320253,,0E-8,0.000000,0.968475,0.000000,,2026-03-23,2026-04-14,4,12,11,23,0.173913,,,0.000000,,,,,,,,GLOBAL_BASELINE_NO_ENTITY_RANKING,,,NOT_APPLICABLE_GLOBAL_BASELINE,HF9g-P5,,,,X 全窗基线 · 不参与实体赏罚,3928909,393,A168_HF9F_20260827_0900,2026-08-27 09:00:00
2026-03-23,147707441,2202,0,39.6161633946,-13.2053877982,-13.2053877982,0.3333333,3,3,0.49324550000000000,0.493245500000,-0.5540025479526107,-0.5540025479526106,-0.5540025479526107,0E-17,ELIGIBLE,R03b_20260811_FULL_v1,L1_ELIGIBILITY,v2026-08-11,2026-03-21..2026-08-06,baccarat_bet02_101_all_pairs_incl_sentinel,round_win = game_pnl > 0 (decisive only),COMPATIBILITY_ONLY_NOT_PRODUCTION,209.4445,202.8418,-61.4096,19,19,0.29320253,,0.29320253,0.29320253,61.4096,209.4445,THIN_EXPOSURE,0.0000,-2.4564,4.0000,96.0000,AG03-UNRESOLVED,ALL5_LEVELS_bet23_to_bet27,-2.4564,-2.4564,-2.4564,-4.9128,-4.9128,4.000000,4.000000,4.000000,8.000000,8.000000,96.000000,96.000000,96.000000,92.000000,92.000000,5.0,-17.1947,-15.4236,-44.2149,-45.986,PENDING_AG03,FALSE,NOT_FOR_ENFORCEMENT,-58.9533,194.7281,-61.4096,-58.9533,-2.4564,-0.29320253,-0.28147443,-2.4564,-58.9533,-0.28147443,-2.4564,-2.4564,-2.4564,-4.9128,-4.9128,-58.9533,-0.28147443,-17.1947,-15.4236,-44.2149,-45.986,-0.21110582,-0.21956194,-0.01172810,11.0234,10.6759,-3.2321,-15.3524,-5.1175,52.3611,4.7500,,11.0234,6.6027,13.2054,13.2054,17.6072,17.6072,17.6072,13.2054,3.3732,1.333333,1.333333,0.834765,9,11,4,1,0E-8,-0.29320253,,0E-8,0.000000,0.968475,0.000000,,2026-03-23,2026-04-14,4,12,11,23,0.173913,,,0.000000,,,,,,,,GLOBAL_BASELINE_NO_ENTITY_RANKING,,,NOT_APPLICABLE_GLOBAL_BASELINE,HF9g-P5,,,,X 全窗基线 · 不参与实体赏罚,3928910,393,A168_HF9F_20260827_0900,2026-08-27 09:00:00
2026-03-23,147707441,2246,0,44.0179593274,-17.6071837310,-17.6071837310,0.3333333,3,3,0.49324550000000000,0.493245500000,-0.5540025479526107,-0.5540025479526106,-0.5540025479526107,0E-17,ELIGIBLE,R03b_20260811_FULL_v1,L1_ELIGIBILITY,v2026-08-11,2026-03-21..2026-08-06,baccarat_bet02_101_all_pairs_incl_sentinel,round_win = game_pnl > 0 (decisive only),COMPATIBILITY_ONLY_NOT_PRODUCTION,209.4445,202.8418,-61.4096,19,19,0.29320253,,0.29320253,0.29320253,61.4096,209.4445,THIN_EXPOSURE,0.0000,-2.4564,4.0000,96.0000,AG03-UNRESOLVED,ALL5_LEVELS_bet23_to_bet27,-2.4564,-2.4564,-2.4564,-4.9128,-4.9128,4.000000,4.000000,4.000000,8.000000,8.000000,96.000000,96.000000,96.000000,92.000000,92.000000,5.0,-17.1947,-15.4236,-44.2149,-45.986,PENDING_AG03,FALSE,NOT_FOR_ENFORCEMENT,-58.9533,194.7281,-61.4096,-58.9533,-2.4564,-0.29320253,-0.28147443,-2.4564,-58.9533,-0.28147443,-2.4564,-2.4564,-2.4564,-4.9128,-4.9128,-58.9533,-0.28147443,-17.1947,-15.4236,-44.2149,-45.986,-0.21110582,-0.21956194,-0.01172810,11.0234,10.6759,-3.2321,-15.3524,-5.1175,52.3611,4.7500,,11.0234,6.6027,13.2054,13.2054,17.6072,17.6072,17.6072,13.2054,3.3732,1.333333,1.333333,0.834765,9,11,4,1,0E-8,-0.29320253,,0E-8,0.000000,0.968475,0.000000,,2026-03-23,2026-04-14,4,12,11,23,0.173913,,,0.000000,,,,,,,,GLOBAL_BASELINE_NO_ENTITY_RANKING,,,NOT_APPLICABLE_GLOBAL_BASELINE,HF9g-P5,,,,X 全窗基线 · 不参与实体赏罚,3928911,393,A168_HF9F_20260827_0900,2026-08-27 09:00:00
2026-04-11,147707441,-1,1,3.3731790104,3.3731790104,3.3731790104,1.0000000,1,1,0.49324550000000000,0.493245500000,1.01360149184955,1.01360149184955,1.01360149184955,0E-17,SENTINEL_DEALER,R03b_20260811_FULL_v1,L1_ELIGIBILITY,v2026-08-11,2026-03-21..2026-08-06,baccarat_bet02_101_all_pairs_incl_sentinel,round_win = game_pnl > 0 (decisive only),COMPATIBILITY_ONLY_NOT_PRODUCTION,209.4445,202.8418,-61.4096,19,19,0.29320253,,0.29320253,0.29320253,61.4096,209.4445,THIN_EXPOSURE,0.0000,-2.4564,4.0000,96.0000,AG03-UNRESOLVED,ALL5_LEVELS_bet23_to_bet27,-2.4564,-2.4564,-2.4564,-4.9128,-4.9128,4.000000,4.000000,4.000000,8.000000,8.000000,96.000000,96.000000,96.000000,92.000000,92.000000,5.0,-17.1947,-15.4236,-44.2149,-45.986,PENDING_AG03,FALSE,NOT_FOR_ENFORCEMENT,-58.9533,194.7281,-61.4096,-58.9533,-2.4564,-0.29320253,-0.28147443,-2.4564,-58.9533,-0.28147443,-2.4564,-2.4564,-2.4564,-4.9128,-4.9128,-58.9533,-0.28147443,-17.1947,-15.4236,-44.2149,-45.986,-0.21110582,-0.21956194,-0.01172810,11.0234,10.6759,-3.2321,-15.3524,-5.1175,52.3611,4.7500,,11.0234,6.6027,13.2054,13.2054,17.6072,17.6072,17.6072,13.2054,3.3732,1.333333,1.333333,0.834765,9,11,4,1,0E-8,-0.29320253,,0E-8,0.000000,0.968475,0.000000,,2026-03-23,2026-04-14,4,12,11,23,0.173913,,,0.000000,,,,,,,,GLOBAL_BASELINE_NO_ENTITY_RANKING,,,NOT_APPLICABLE_GLOBAL_BASELINE,HF9g-P5,,,,X 全窗基线 · 不参与实体赏罚,3928912,393,A168_HF9F_20260827_0900,2026-08-27 09:00:00
2026-04-11,147707441,2088,0,6.7463580208,-6.7463580208,-6.7463580208,0E-7,1,1,0.49324550000000000,0.493245500000,-0.9865810262130424,-0.9865810262130424,-0.9865810262130424,0E-17,ELIGIBLE,R03b_20260811_FULL_v1,L1_ELIGIBILITY,v2026-08-11,2026-03-21..2026-08-06,baccarat_bet02_101_all_pairs_incl_sentinel,round_win = game_pnl > 0 (decisive only),COMPATIBILITY_ONLY_NOT_PRODUCTION,209.4445,202.8418,-61.4096,19,19,0.29320253,,0.29320253,0.29320253,61.4096,209.4445,THIN_EXPOSURE,0.0000,-2.4564,4.0000,96.0000,AG03-UNRESOLVED,ALL5_LEVELS_bet23_to_bet27,-2.4564,-2.4564,-2.4564,-4.9128,-4.9128,4.000000,4.000000,4.000000,8.000000,8.000000,96.000000,96.000000,96.000000,92.000000,92.000000,5.0,-17.1947,-15.4236,-44.2149,-45.986,PENDING_AG03,FALSE,NOT_FOR_ENFORCEMENT,-58.9533,194.7281,-61.4096,-58.9533,-2.4564,-0.29320253,-0.28147443,-2.4564,-58.9533,-0.28147443,-2.4564,-2.4564,-2.4564,-4.9128,-4.9128,-58.9533,-0.28147443,-17.1947,-15.4236,-44.2149,-45.986,-0.21110582,-0.21956194,-0.01172810,11.0234,10.6759,-3.2321,-15.3524,-5.1175,52.3611,4.7500,,11.0234,6.6027,13.2054,13.2054,17.6072,17.6072,17.6072,13.2054,3.3732,1.333333,1.333333,0.834765,9,11,4,1,0E-8,-0.29320253,,0E-8,0.000000,0.968475,0.000000,,2026-03-23,2026-04-14,4,12,11,23,0.173913,,,0.000000,,,,,,,,GLOBAL_BASELINE_NO_ENTITY_RANKING,,,NOT_APPLICABLE_GLOBAL_BASELINE,HF9g-P5,,,,X 全窗基线 · 不参与实体赏罚,3928913,393,A168_HF9F_20260827_0900,2026-08-27 09:00:00
2026-04-13,147707441,1330,0,3.3731790104,-3.3731790104,-3.3731790104,0E-7,1,1,0.49324550000000000,0.493245500000,-0.9865810262130424,-0.9865810262130424,-0.9865810262130424,0E-17,ELIGIBLE,R03b_20260811_FULL_v1,L1_ELIGIBILITY,v2026-08-11,2026-03-21..2026-08-06,baccarat_bet02_101_all_pairs_incl_sentinel,round_win = game_pnl > 0 (decisive only),COMPATIBILITY_ONLY_NOT_PRODUCTION,209.4445,202.8418,-61.4096,19,19,0.29320253,,0.29320253,0.29320253,61.4096,209.4445,THIN_EXPOSURE,0.0000,-2.4564,4.0000,96.0000,AG03-UNRESOLVED,ALL5_LEVELS_bet23_to_bet27,-2.4564,-2.4564,-2.4564,-4.9128,-4.9128,4.000000,4.000000,4.000000,8.000000,8.000000,96.000000,96.000000,96.000000,92.000000,92.000000,5.0,-17.1947,-15.4236,-44.2149,-45.986,PENDING_AG03,FALSE,NOT_FOR_ENFORCEMENT,-58.9533,194.7281,-61.4096,-58.9533,-2.4564,-0.29320253,-0.28147443,-2.4564,-58.9533,-0.28147443,-2.4564,-2.4564,-2.4564,-4.9128,-4.9128,-58.9533,-0.28147443,-17.1947,-15.4236,-44.2149,-45.986,-0.21110582,-0.21956194,-0.01172810,11.0234,10.6759,-3.2321,-15.3524,-5.1175,52.3611,4.7500,,11.0234,6.6027,13.2054,13.2054,17.6072,17.6072,17.6072,13.2054,3.3732,1.333333,1.333333,0.834765,9,11,4,1,0E-8,-0.29320253,,0E-8,0.000000,0.968475,0.000000,,2026-03-23,2026-04-14,4,12,11,23,0.173913,,,0.000000,,,,,,,,GLOBAL_BASELINE_NO_ENTITY_RANKING,,,NOT_APPLICABLE_GLOBAL_BASELINE,HF9g-P5,,,,X 全窗基线 · 不参与实体赏罚,3928914,393,A168_HF9F_20260827_0900,2026-08-27 09:00:00
2026-04-14,147707441,1114,0,3.3731790104,-3.3731790104,-3.3731790104,0E-7,1,1,0.49324550000000000,0.493245500000,-0.9865810262130424,-0.9865810262130424,-0.9865810262130424,0E-17,ELIGIBLE,R03b_20260811_FULL_v1,L1_ELIGIBILITY,v2026-08-11,2026-03-21..2026-08-06,baccarat_bet02_101_all_pairs_incl_sentinel,round_win = game_pnl > 0 (decisive only),COMPATIBILITY_ONLY_NOT_PRODUCTION,209.4445,202.8418,-61.4096,19,19,0.29320253,,0.29320253,0.29320253,61.4096,209.4445,THIN_EXPOSURE,0.0000,-2.4564,4.0000,96.0000,AG03-UNRESOLVED,ALL5_LEVELS_bet23_to_bet27,-2.4564,-2.4564,-2.4564,-4.9128,-4.9128,4.000000,4.000000,4.000000,8.000000,8.000000,96.000000,96.000000,96.000000,92.000000,92.000000,5.0,-17.1947,-15.4236,-44.2149,-45.986,PENDING_AG03,FALSE,NOT_FOR_ENFORCEMENT,-58.9533,194.7281,-61.4096,-58.9533,-2.4564,-0.29320253,-0.28147443,-2.4564,-58.9533,-0.28147443,-2.4564,-2.4564,-2.4564,-4.9128,-4.9128,-58.9533,-0.28147443,-17.1947,-15.4236,-44.2149,-45.986,-0.21110582,-0.21956194,-0.01172810,11.0234,10.6759,-3.2321,-15.3524,-5.1175,52.3611,4.7500,,11.0234,6.6027,13.2054,13.2054,17.6072,17.6072,17.6072,13.2054,3.3732,1.333333,1.333333,0.834765,9,11,4,1,0E-8,-0.29320253,,0E-8,0.000000,0.968475,0.000000,,2026-03-23,2026-04-14,4,12,11,23,0.173913,,,0.000000,,,,,,,,GLOBAL_BASELINE_NO_ENTITY_RANKING,,,NOT_APPLICABLE_GLOBAL_BASELINE,HF9g-P5,,,,X 全窗基线 · 不参与实体赏罚,3928915,393,A168_HF9F_20260827_0900,2026-08-27 09:00:00
2026-04-14,145720333,1405,0,114.1271627884,61.4087898856,61.4087898856,0.7500000,5,5,0.49860758000000000,0.498607580000,1.005573579286957,1.005573579286957,1.005573579286957,0E-17,ELIGIBLE,R03b_20260811_FULL_v1,L1_ELIGIBILITY,v2026-08-11,2026-03-21..2026-08-06,baccarat_bet02_101_all_pairs_incl_sentinel,round_win = game_pnl > 0 (decisive only),COMPATIBILITY_ONLY_NOT_PRODUCTION,114.1272,94.7570,-61.4088,5,5,0.53807339,,0.53807339,0.53807339,61.4088,114.1272,THIN_EXPOSURE,0.0000,-2.4564,4.0000,96.0000,AG03-UNRESOLVED,ALL5_LEVELS_bet23_to_bet27,-2.4564,-2.4564,-2.4564,0.0000,0.0000,4.000000,4.000000,4.000000,0.000000,0.000000,96.000000,96.000000,96.000000,100.000000,100.000000,5.0,-7.3691,-7.0782,-54.0397,-54.3306,PENDING_AG03,FALSE,NOT_FOR_ENFORCEMENT,-58.9524,90.9667,-61.4088,-58.9524,-2.4564,-0.53807339,-0.51655046,-2.4564,-58.9524,-0.51655046,-2.4564,-2.4564,-2.4564,0.0000,0.0000,-58.9524,-0.51655046,-7.3691,-7.0782,-54.0397,-54.3306,-0.47350459,-0.4760529,-0.02152294,22.8254,18.9514,-12.2818,-61.4088,-61.4088,114.1272,5.0000,,22.8254,18.454,19.3702,25.3907,38.7404,38.7404,38.7404,19.3702,19.3702,2.0,2.0,1.178378,1,1,1,2,0E-8,-0.53807339,,0E-8,0.000000,0.830275,0.000000,,2026-04-14,2026-04-14,1,1,1,1,1.000000,,,0.000000,,,,,,,,GLOBAL_BASELINE_NO_ENTITY_RANKING,,,NOT_APPLICABLE_GLOBAL_BASELINE,HF9g-P5,,,,X 全窗基线 · 不参与实体赏罚,3928916,393,A168_HF9F_20260827_0900,2026-08-27 09:00:00
2026-05-19,147540413,1109,0,39.4374967568,135.9555809247,135.9555809247,0.5000000,2,2,0.06757445000000000,0.067574450000,2.436284497933439,2.4362844979334395,2.436284497933439,0E-17,ELIGIBLE,R03b_20260811_FULL_v1,L1_ELIGIBILITY,v2026-08-11,2026-03-21..2026-08-06,baccarat_bet02_101_all_pairs_incl_sentinel,round_win = game_pnl > 0 (decisive only),COMPATIBILITY_ONLY_NOT_PRODUCTION,150.8941,139.7924,-61.4037,9,9,0.40693233,-0.50000000,0.56340726,0.40693233,61.4037,150.8941,THIN_EXPOSURE,0.0000,-2.4561,4.0000,96.0000,AG03-UNRESOLVED,ALL5_LEVELS_bet23_to_bet27,-2.4561,-2.4561,-2.4561,-2.4561,-2.4561,4.000000,4.000000,4.000000,4.000000,4.000000,96.000000,96.000000,96.000000,96.000000,96.000000,5.0,-12.2807,-11.3368,-49.1229,-50.0669,PENDING_AG03,FALSE,NOT_FOR_ENFORCEMENT,-58.9475,134.2007,-61.4037,-58.9475,-2.4561,-0.40693233,-0.39065503,-2.4561,-58.9475,-0.39065503,-2.4561,-2.4561,-2.4561,-2.4561,-2.4561,-58.9475,-0.39065503,-12.2807,-11.3368,-49.1229,-50.0669,-0.32554586,-0.33180151,-0.01627729,16.7660,15.5325,-6.8226,-15.3509,-12.2807,37.7235,2.2500,11.1016,18.3844,10.1424,13.2323,25.7511,33.7294,38.9186,38.9186,13.2323,-7.2648,2.941177,2.941177,1.26705,2,4,5,4,0.14714488,-0.40693233,0.50000000,0E-8,0.000000,0.926428,0.000000,-1.06340726,2026-05-19,2026-07-10,4,5,4,53,0.075472,0.603862,0.662152,0.490483,,,,,,,,GLOBAL_BASELINE_NO_ENTITY_RANKING,,,NOT_APPLICABLE_GLOBAL_BASELINE,HF9g-P5,,,,X 全窗基线 · 不参与实体赏罚,3928917,393,A168_HF9F_20260827_0900,2026-08-27 09:00:00
2026-05-19,147540413,1151,0,7.2648020341,-7.2648020341,-7.2648020341,0E-7,1,1,0.05356140000000000,0.053561400000,-0.2378919454095156,-0.2378919454095156,-0.2378919454095156,0E-17,ELIGIBLE,R03b_20260811_FULL_v1,L1_ELIGIBILITY,v2026-08-11,2026-03-21..2026-08-06,baccarat_bet02_101_all_pairs_incl_sentinel,round_win = game_pnl > 0 (decisive only),COMPATIBILITY_ONLY_NOT_PRODUCTION,150.8941,139.7924,-61.4037,9,9,0.40693233,-0.50000000,0.56340726,0.40693233,61.4037,150.8941,THIN_EXPOSURE,0.0000,-2.4561,4.0000,96.0000,AG03-UNRESOLVED,ALL5_LEVELS_bet23_to_bet27,-2.4561,-2.4561,-2.4561,-2.4561,-2.4561,4.000000,4.000000,4.000000,4.000000,4.000000,96.000000,96.000000,96.000000,96.000000,96.000000,5.0,-12.2807,-11.3368,-49.1229,-50.0669,PENDING_AG03,FALSE,NOT_FOR_ENFORCEMENT,-58.9475,134.2007,-61.4037,-58.9475,-2.4561,-0.40693233,-0.39065503,-2.4561,-58.9475,-0.39065503,-2.4561,-2.4561,-2.4561,-2.4561,-2.4561,-58.9475,-0.39065503,-12.2807,-11.3368,-49.1229,-50.0669,-0.32554586,-0.33180151,-0.01627729,16.7660,15.5325,-6.8226,-15.3509,-12.2807,37.7235,2.2500,11.1016,18.3844,10.1424,13.2323,25.7511,33.7294,38.9186,38.9186,13.2323,-7.2648,2.941177,2.941177,1.26705,2,4,5,4,0.14714488,-0.40693233,0.50000000,0E-8,0.000000,0.926428,0.000000,-1.06340726,2026-05-19,2026-07-10,4,5,4,53,0.075472,0.603862,0.662152,0.490483,,,,,,,,GLOBAL_BASELINE_NO_ENTITY_RANKING,,,NOT_APPLICABLE_GLOBAL_BASELINE,HF9g-P5,,,,X 全窗基线 · 不参与实体赏罚,3928918,393,A168_HF9F_20260827_0900,2026-08-27 09:00:00
2026-05-20,147540413,2101,0,4.1513154481,-4.1513154481,-4.1513154481,0E-7,1,1,0.05356140000000000,0.053561400000,-0.2378919454095156,-0.2378919454095156,-0.2378919454095156,0E-17,ELIGIBLE,R03b_20260811_FULL_v1,L1_ELIGIBILITY,v2026-08-11,2026-03-21..2026-08-06,baccarat_bet02_101_all_pairs_incl_sentinel,round_win = game_pnl > 0 (decisive only),COMPATIBILITY_ONLY_NOT_PRODUCTION,150.8941,139.7924,-61.4037,9,9,0.40693233,-0.50000000,0.56340726,0.40693233,61.4037,150.8941,THIN_EXPOSURE,0.0000,-2.4561,4.0000,96.0000,AG03-UNRESOLVED,ALL5_LEVELS_bet23_to_bet27,-2.4561,-2.4561,-2.4561,-2.4561,-2.4561,4.000000,4.000000,4.000000,4.000000,4.000000,96.000000,96.000000,96.000000,96.000000,96.000000,5.0,-12.2807,-11.3368,-49.1229,-50.0669,PENDING_AG03,FALSE,NOT_FOR_ENFORCEMENT,-58.9475,134.2007,-61.4037,-58.9475,-2.4561,-0.40693233,-0.39065503,-2.4561,-58.9475,-0.39065503,-2.4561,-2.4561,-2.4561,-2.4561,-2.4561,-58.9475,-0.39065503,-12.2807,-11.3368,-49.1229,-50.0669,-0.32554586,-0.33180151,-0.01627729,16.7660,15.5325,-6.8226,-15.3509,-12.2807,37.7235,2.2500,11.1016,18.3844,10.1424,13.2323,25.7511,33.7294,38.9186,38.9186,13.2323,-7.2648,2.941177,2.941177,1.26705,2,4,5,4,0.14714488,-0.40693233,0.50000000,0E-8,0.000000,0.926428,0.000000,-1.06340726,2026-05-19,2026-07-10,4,5,4,53,0.075472,0.603862,0.662152,0.490483,,,,,,,,GLOBAL_BASELINE_NO_ENTITY_RANKING,,,NOT_APPLICABLE_GLOBAL_BASELINE,HF9g-P5,,,,X 全窗基线 · 不参与实体赏罚,3928919,393,A168_HF9F_20260827_0900,2026-08-27 09:00:00
2026-05-22,147540413,2101,0,77.8371646516,-52.0341445696,-52.0341445696,0.3333333,3,3,0.49771390000000000,0.497713900000,-0.5694369385616226,-0.5694369385616226,-0.5694369385616226,0E-17,ELIGIBLE,R03b_20260811_FULL_v1,L1_ELIGIBILITY,v2026-08-11,2026-03-21..2026-08-06,baccarat_bet02_101_all_pairs_incl_sentinel,round_win = game_pnl > 0 (decisive only),COMPATIBILITY_ONLY_NOT_PRODUCTION,150.8941,139.7924,-61.4037,9,9,0.40693233,-0.50000000,0.56340726,0.40693233,61.4037,150.8941,THIN_EXPOSURE,0.0000,-2.4561,4.0000,96.0000,AG03-UNRESOLVED,ALL5_LEVELS_bet23_to_bet27,-2.4561,-2.4561,-2.4561,-2.4561,-2.4561,4.000000,4.000000,4.000000,4.000000,4.000000,96.000000,96.000000,96.000000,96.000000,96.000000,5.0,-12.2807,-11.3368,-49.1229,-50.0669,PENDING_AG03,FALSE,NOT_FOR_ENFORCEMENT,-58.9475,134.2007,-61.4037,-58.9475,-2.4561,-0.40693233,-0.39065503,-2.4561,-58.9475,-0.39065503,-2.4561,-2.4561,-2.4561,-2.4561,-2.4561,-58.9475,-0.39065503,-12.2807,-11.3368,-49.1229,-50.0669,-0.32554586,-0.33180151,-0.01627729,16.7660,15.5325,-6.8226,-15.3509,-12.2807,37.7235,2.2500,11.1016,18.3844,10.1424,13.2323,25.7511,33.7294,38.9186,38.9186,13.2323,-7.2648,2.941177,2.941177,1.26705,2,4,5,4,0.14714488,-0.40693233,0.50000000,0E-8,0.000000,0.926428,0.000000,-1.06340726,2026-05-19,2026-07-10,4,5,4,53,0.075472,0.603862,0.662152,0.490483,,,,,,,,GLOBAL_BASELINE_NO_ENTITY_RANKING,,,NOT_APPLICABLE_GLOBAL_BASELINE,HF9g-P5,,,,X 全窗基线 · 不参与实体赏罚,3928920,393,A168_HF9F_20260827_0900,2026-08-27 09:00:00
2026-07-10,147540413,2142,0,22.2032891850,-11.1016445925,-11.1016445925,0E-7,2,2,0.49994810000000000,0.499948100000,-0.9998962053866608,-0.9998962053866608,-0.9998962053866608,0E-17,ELIGIBLE,R03b_20260811_FULL_v1,L1_ELIGIBILITY,v2026-08-11,2026-03-21..2026-08-06,baccarat_bet02_101_all_pairs_incl_sentinel,round_win = game_pnl > 0 (decisive only),COMPATIBILITY_ONLY_NOT_PRODUCTION,150.8941,139.7924,-61.4037,9,9,0.40693233,-0.50000000,0.56340726,0.40693233,61.4037,150.8941,THIN_EXPOSURE,0.0000,-2.4561,4.0000,96.0000,AG03-UNRESOLVED,ALL5_LEVELS_bet23_to_bet27,-2.4561,-2.4561,-2.4561,-2.4561,-2.4561,4.000000,4.000000,4.000000,4.000000,4.000000,96.000000,96.000000,96.000000,96.000000,96.000000,5.0,-12.2807,-11.3368,-49.1229,-50.0669,PENDING_AG03,FALSE,NOT_FOR_ENFORCEMENT,-58.9475,134.2007,-61.4037,-58.9475,-2.4561,-0.40693233,-0.39065503,-2.4561,-58.9475,-0.39065503,-2.4561,-2.4561,-2.4561,-2.4561,-2.4561,-58.9475,-0.39065503,-12.2807,-11.3368,-49.1229,-50.0669,-0.32554586,-0.33180151,-0.01627729,16.7660,15.5325,-6.8226,-15.3509,-12.2807,37.7235,2.2500,11.1016,18.3844,10.1424,13.2323,25.7511,33.7294,38.9186,38.9186,13.2323,-7.2648,2.941177,2.941177,1.26705,2,4,5,4,0.14714488,-0.40693233,0.50000000,0E-8,0.000000,0.926428,0.000000,-1.06340726,2026-05-19,2026-07-10,4,5,4,53,0.075472,0.603862,0.662152,0.490483,,,,,,,,GLOBAL_BASELINE_NO_ENTITY_RANKING,,,NOT_APPLICABLE_GLOBAL_BASELINE,HF9g-P5,,,,X 全窗基线 · 不参与实体赏罚,3928921,393,A168_HF9F_20260827_0900,2026-08-27 09:00:00
2026-04-03,148168659,-1,1,517.0742216954,169.1263600128,169.1263600128,0.7142857,7,7,0.50090561428571429,0.500905614286,1.129103210700875,1.1291032106993646,1.129103210700875,-2.8571E-13,SENTINEL_DEALER,R03b_20260811_FULL_v1,L1_ELIGIBILITY,v2026-08-11,2026-03-21..2026-08-06,baccarat_bet02_101_all_pairs_incl_sentinel,round_win = game_pnl > 0 (decisive only),COMPATIBILITY_ONLY_NOT_PRODUCTION,624.7980,624.7980,-61.4026,8,8,0.09827586,,0.09827586,0.09827586,61.4026,624.7980,THIN_EXPOSURE,0.0000,-2.4561,4.0000,96.0000,AG03-UNRESOLVED,ALL5_LEVELS_bet23_to_bet27,-2.4561,-2.4561,-2.4561,-2.4561,-2.4561,4.000000,4.000000,4.000000,4.000000,4.000000,96.000000,96.000000,96.000000,96.000000,96.000000,5.0,-12.2805,-11.3366,-49.1221,-50.066,PENDING_AG03,FALSE,NOT_FOR_ENFORCEMENT,-58.9465,599.8061,-61.4026,-58.9465,-2.4561,-0.09827586,-0.09434483,-2.4561,-58.9465,-0.09434483,-2.4561,-2.4561,-2.4561,-2.4561,-2.4561,-58.9465,-0.09434483,-12.2805,-11.3366,-49.1221,-50.066,-0.07862069,-0.08013145,-0.00393103,78.0998,78.0998,-7.6753,-61.4026,-30.7013,624.7980,8.0000,,78.0998,64.6343,64.6343,107.7238,107.7238,107.7238,107.7238,64.6343,52.246,1.666667,1.666667,1.208333,2,2,1,2,0E-8,-0.09827586,,0E-8,0.000000,1.000000,0.875000,,2026-04-03,2026-04-03,1,2,2,1,1.000000,,,0.000000,,,,,,,,GLOBAL_BASELINE_NO_ENTITY_RANKING,,,NOT_APPLICABLE_GLOBAL_BASELINE,HF9g-P5,,,,X 全窗基线 · 不参与实体赏罚,3928922,393,A168_HF9F_20260827_0900,2026-08-27 09:00:00
2026-04-03,148168659,2223,0,107.7237961866,-107.7237961866,-107.7237961866,0E-7,1,1,0.50665070000000000,0.506650700000,-1.013391052207602,-1.013391052207602,-1.013391052207602,0E-17,ELIGIBLE,R03b_20260811_FULL_v1,L1_ELIGIBILITY,v2026-08-11,2026-03-21..2026-08-06,baccarat_bet02_101_all_pairs_incl_sentinel,round_win = game_pnl > 0 (decisive only),COMPATIBILITY_ONLY_NOT_PRODUCTION,624.7980,624.7980,-61.4026,8,8,0.09827586,,0.09827586,0.09827586,61.4026,624.7980,THIN_EXPOSURE,0.0000,-2.4561,4.0000,96.0000,AG03-UNRESOLVED,ALL5_LEVELS_bet23_to_bet27,-2.4561,-2.4561,-2.4561,-2.4561,-2.4561,4.000000,4.000000,4.000000,4.000000,4.000000,96.000000,96.000000,96.000000,96.000000,96.000000,5.0,-12.2805,-11.3366,-49.1221,-50.066,PENDING_AG03,FALSE,NOT_FOR_ENFORCEMENT,-58.9465,599.8061,-61.4026,-58.9465,-2.4561,-0.09827586,-0.09434483,-2.4561,-58.9465,-0.09434483,-2.4561,-2.4561,-2.4561,-2.4561,-2.4561,-58.9465,-0.09434483,-12.2805,-11.3366,-49.1221,-50.066,-0.07862069,-0.08013145,-0.00393103,78.0998,78.0998,-7.6753,-61.4026,-30.7013,624.7980,8.0000,,78.0998,64.6343,64.6343,107.7238,107.7238,107.7238,107.7238,64.6343,52.246,1.666667,1.666667,1.208333,2,2,1,2,0E-8,-0.09827586,,0E-8,0.000000,1.000000,0.875000,,2026-04-03,2026-04-03,1,2,2,1,1.000000,,,0.000000,,,,,,,,GLOBAL_BASELINE_NO_ENTITY_RANKING,,,NOT_APPLICABLE_GLOBAL_BASELINE,HF9g-P5,,,,X 全窗基线 · 不参与实体赏罚,3928923,393,A168_HF9F_20260827_0900,2026-08-27 09:00:00
2026-04-03,148116119,1109,0,107.7237961866,102.3376063772,102.3376063772,1.0000000,1,1,0.50665070000000000,0.506650700000,0.9867858985152569,0.9867858985152569,0.9867858985152569,0E-17,ELIGIBLE,R03b_20260811_FULL_v1,L1_ELIGIBILITY,v2026-08-11,2026-03-21..2026-08-06,baccarat_bet02_101_all_pairs_incl_sentinel,round_win = game_pnl > 0 (decisive only),COMPATIBILITY_ONLY_NOT_PRODUCTION,2530.2165,1883.8737,-61.4026,36,35,0.02426771,,0.02426771,0.02426771,61.4026,2530.2165,OK,0.0000,-2.4561,4.0000,96.0000,AG03-UNRESOLVED,ALL5_LEVELS_bet23_to_bet27,-2.4561,-2.4561,-2.4561,-3.0701,-3.0701,4.000000,4.000000,4.000000,5.000000,5.000000,96.000000,96.000000,96.000000,95.000000,95.000000,5.0,-13.5086,-12.3742,-47.8940,-49.0284,PENDING_AG03,FALSE,NOT_FOR_ENFORCEMENT,-58.9465,1808.5188,-61.4026,-58.9465,-2.4561,-0.02426771,-0.02329700,-2.4561,-58.9465,-0.02329700,-2.4561,-2.4561,-2.4561,-3.0701,-3.0701,-58.9465,-0.02329700,-13.5086,-12.3742,-47.8940,-49.0284,-0.01892881,-0.01937714,-0.00097071,70.2838,53.8250,-1.7544,-12.2805,-3.4113,506.0433,7.0000,,70.2838,33.2867,55.9087,107.7238,127.114,189.5939,215.4476,43.0895,-5.3862,3.391138,3.853564,1.257118,15,14,2,3,0E-8,-0.02426771,,0E-8,0.000000,0.744550,0.000000,,2026-04-03,2026-04-19,5,18,18,17,0.294118,,,0.000000,,,,,,,,GLOBAL_BASELINE_NO_ENTITY_RANKING,,,NOT_APPLICABLE_GLOBAL_BASELINE,HF9g-P5,,,,X 全窗基线 · 不参与实体赏罚,3928924,393,A168_HF9F_20260827_0900,2026-08-27 09:00:00
2026-04-03,148116119,1383,0,21.5447592373,-21.5447592373,-21.5447592373,0E-7,1,1,0.49324550000000000,0.493245500000,-0.9865810262130424,-0.9865810262130424,-0.9865810262130424,0E-17,ELIGIBLE,R03b_20260811_FULL_v1,L1_ELIGIBILITY,v2026-08-11,2026-03-21..2026-08-06,baccarat_bet02_101_all_pairs_incl_sentinel,round_win = game_pnl > 0 (decisive only),COMPATIBILITY_ONLY_NOT_PRODUCTION,2530.2165,1883.8737,-61.4026,36,35,0.02426771,,0.02426771,0.02426771,61.4026,2530.2165,OK,0.0000,-2.4561,4.0000,96.0000,AG03-UNRESOLVED,ALL5_LEVELS_bet23_to_bet27,-2.4561,-2.4561,-2.4561,-3.0701,-3.0701,4.000000,4.000000,4.000000,5.000000,5.000000,96.000000,96.000000,96.000000,95.000000,95.000000,5.0,-13.5086,-12.3742,-47.8940,-49.0284,PENDING_AG03,FALSE,NOT_FOR_ENFORCEMENT,-58.9465,1808.5188,-61.4026,-58.9465,-2.4561,-0.02426771,-0.02329700,-2.4561,-58.9465,-0.02329700,-2.4561,-2.4561,-2.4561,-3.0701,-3.0701,-58.9465,-0.02329700,-13.5086,-12.3742,-47.8940,-49.0284,-0.01892881,-0.01937714,-0.00097071,70.2838,53.8250,-1.7544,-12.2805,-3.4113,506.0433,7.0000,,70.2838,33.2867,55.9087,107.7238,127.114,189.5939,215.4476,43.0895,-5.3862,3.391138,3.853564,1.257118,15,14,2,3,0E-8,-0.02426771,,0E-8,0.000000,0.744550,0.000000,,2026-04-03,2026-04-19,5,18,18,17,0.294118,,,0.000000,,,,,,,,GLOBAL_BASELINE_NO_ENTITY_RANKING,,,NOT_APPLICABLE_GLOBAL_BASELINE,HF9g-P5,,,,X 全窗基线 · 不参与实体赏罚,3928925,393,A168_HF9F_20260827_0900,2026-08-27 09:00:00
2026-04-03,148116119,2250,0,37.9187762577,-15.5122266509,-15.5122266509,0.3333333,3,3,0.50218230000000000,0.502182300000,-0.5849155494134425,-0.5849155494134426,-0.5849155494134425,0E-17,ELIGIBLE,R03b_20260811_FULL_v1,L1_ELIGIBILITY,v2026-08-11,2026-03-21..2026-08-06,baccarat_bet02_101_all_pairs_incl_sentinel,round_win = game_pnl > 0 (decisive only),COMPATIBILITY_ONLY_NOT_PRODUCTION,2530.2165,1883.8737,-61.4026,36,35,0.02426771,,0.02426771,0.02426771,61.4026,2530.2165,OK,0.0000,-2.4561,4.0000,96.0000,AG03-UNRESOLVED,ALL5_LEVELS_bet23_to_bet27,-2.4561,-2.4561,-2.4561,-3.0701,-3.0701,4.000000,4.000000,4.000000,5.000000,5.000000,96.000000,96.000000,96.000000,95.000000,95.000000,5.0,-13.5086,-12.3742,-47.8940,-49.0284,PENDING_AG03,FALSE,NOT_FOR_ENFORCEMENT,-58.9465,1808.5188,-61.4026,-58.9465,-2.4561,-0.02426771,-0.02329700,-2.4561,-58.9465,-0.02329700,-2.4561,-2.4561,-2.4561,-3.0701,-3.0701,-58.9465,-0.02329700,-13.5086,-12.3742,-47.8940,-49.0284,-0.01892881,-0.01937714,-0.00097071,70.2838,53.8250,-1.7544,-12.2805,-3.4113,506.0433,7.0000,,70.2838,33.2867,55.9087,107.7238,127.114,189.5939,215.4476,43.0895,-5.3862,3.391138,3.853564,1.257118,15,14,2,3,0E-8,-0.02426771,,0E-8,0.000000,0.744550,0.000000,,2026-04-03,2026-04-19,5,18,18,17,0.294118,,,0.000000,,,,,,,,GLOBAL_BASELINE_NO_ENTITY_RANKING,,,NOT_APPLICABLE_GLOBAL_BASELINE,HF9g-P5,,,,X 全窗基线 · 不参与实体赏罚,3928926,393,A168_HF9F_20260827_0900,2026-08-27 09:00:00
2026-04-03,148116119,595,0,64.6342777119,-64.6342777119,-64.6342777119,0E-7,1,1,0.50665070000000000,0.506650700000,-1.013391052207602,-1.013391052207602,-1.013391052207602,0E-17,ELIGIBLE,R03b_20260811_FULL_v1,L1_ELIGIBILITY,v2026-08-11,2026-03-21..2026-08-06,baccarat_bet02_101_all_pairs_incl_sentinel,round_win = game_pnl > 0 (decisive only),COMPATIBILITY_ONLY_NOT_PRODUCTION,2530.2165,1883.8737,-61.4026,36,35,0.02426771,,0.02426771,0.02426771,61.4026,2530.2165,OK,0.0000,-2.4561,4.0000,96.0000,AG03-UNRESOLVED,ALL5_LEVELS_bet23_to_bet27,-2.4561,-2.4561,-2.4561,-3.0701,-3.0701,4.000000,4.000000,4.000000,5.000000,5.000000,96.000000,96.000000,96.000000,95.000000,95.000000,5.0,-13.5086,-12.3742,-47.8940,-49.0284,PENDING_AG03,FALSE,NOT_FOR_ENFORCEMENT,-58.9465,1808.5188,-61.4026,-58.9465,-2.4561,-0.02426771,-0.02329700,-2.4561,-58.9465,-0.02329700,-2.4561,-2.4561,-2.4561,-3.0701,-3.0701,-58.9465,-0.02329700,-13.5086,-12.3742,-47.8940,-49.0284,-0.01892881,-0.01937714,-0.00097071,70.2838,53.8250,-1.7544,-12.2805,-3.4113,506.0433,7.0000,,70.2838,33.2867,55.9087,107.7238,127.114,189.5939,215.4476,43.0895,-5.3862,3.391138,3.853564,1.257118,15,14,2,3,0E-8,-0.02426771,,0E-8,0.000000,0.744550,0.000000,,2026-04-03,2026-04-19,5,18,18,17,0.294118,,,0.000000,,,,,,,,GLOBAL_BASELINE_NO_ENTITY_RANKING,,,NOT_APPLICABLE_GLOBAL_BASELINE,HF9g-P5,,,,X 全窗基线 · 不参与实体赏罚,3928927,393,A168_HF9F_20260827_0900,2026-08-27 09:00:00
2026-04-04,148116119,-1,1,84.0245610255,0E-10,0E-10,0.5000000,2,2,0.49994810000000000,0.499948100000,0.00014679536856514622,0.00014679536856514622,0.00014679536856514622,0E-17,SENTINEL_DEALER,R03b_20260811_FULL_v1,L1_ELIGIBILITY,v2026-08-11,2026-03-21..2026-08-06,baccarat_bet02_101_all_pairs_incl_sentinel,round_win = game_pnl > 0 (decisive only),COMPATIBILITY_ONLY_NOT_PRODUCTION,2530.2165,1883.8737,-61.4026,36,35,0.02426771,,0.02426771,0.02426771,61.4026,2530.2165,OK,0.0000,-2.4561,4.0000,96.0000,AG03-UNRESOLVED,ALL5_LEVELS_bet23_to_bet27,-2.4561,-2.4561,-2.4561,-3.0701,-3.0701,4.000000,4.000000,4.000000,5.000000,5.000000,96.000000,96.000000,96.000000,95.000000,95.000000,5.0,-13.5086,-12.3742,-47.8940,-49.0284,PENDING_AG03,FALSE,NOT_FOR_ENFORCEMENT,-58.9465,1808.5188,-61.4026,-58.9465,-2.4561,-0.02426771,-0.02329700,-2.4561,-58.9465,-0.02329700,-2.4561,-2.4561,-2.4561,-3.0701,-3.0701,-58.9465,-0.02329700,-13.5086,-12.3742,-47.8940,-49.0284,-0.01892881,-0.01937714,-0.00097071,70.2838,53.8250,-1.7544,-12.2805,-3.4113,506.0433,7.0000,,70.2838,33.2867,55.9087,107.7238,127.114,189.5939,215.4476,43.0895,-5.3862,3.391138,3.853564,1.257118,15,14,2,3,0E-8,-0.02426771,,0E-8,0.000000,0.744550,0.000000,,2026-04-03,2026-04-19,5,18,18,17,0.294118,,,0.000000,,,,,,,,GLOBAL_BASELINE_NO_ENTITY_RANKING,,,NOT_APPLICABLE_GLOBAL_BASELINE,HF9g-P5,,,,X 全窗基线 · 不参与实体赏罚,3928928,393,A168_HF9F_20260827_0900,2026-08-27 09:00:00
2026-04-04,148116119,1004,0,323.1713885598,107.7237961866,107.7237961866,1.0000000,2,2,0.49324550000000000,0.493245500000,1.01360149184955,1.01360149184955,1.01360149184955,0E-17,ELIGIBLE,R03b_20260811_FULL_v1,L1_ELIGIBILITY,v2026-08-11,2026-03-21..2026-08-06,baccarat_bet02_101_all_pairs_incl_sentinel,round_win = game_pnl > 0 (decisive only),COMPATIBILITY_ONLY_NOT_PRODUCTION,2530.2165,1883.8737,-61.4026,36,35,0.02426771,,0.02426771,0.02426771,61.4026,2530.2165,OK,0.0000,-2.4561,4.0000,96.0000,AG03-UNRESOLVED,ALL5_LEVELS_bet23_to_bet27,-2.4561,-2.4561,-2.4561,-3.0701,-3.0701,4.000000,4.000000,4.000000,5.000000,5.000000,96.000000,96.000000,96.000000,95.000000,95.000000,5.0,-13.5086,-12.3742,-47.8940,-49.0284,PENDING_AG03,FALSE,NOT_FOR_ENFORCEMENT,-58.9465,1808.5188,-61.4026,-58.9465,-2.4561,-0.02426771,-0.02329700,-2.4561,-58.9465,-0.02329700,-2.4561,-2.4561,-2.4561,-3.0701,-3.0701,-58.9465,-0.02329700,-13.5086,-12.3742,-47.8940,-49.0284,-0.01892881,-0.01937714,-0.00097071,70.2838,53.8250,-1.7544,-12.2805,-3.4113,506.0433,7.0000,,70.2838,33.2867,55.9087,107.7238,127.114,189.5939,215.4476,43.0895,-5.3862,3.391138,3.853564,1.257118,15,14,2,3,0E-8,-0.02426771,,0E-8,0.000000,0.744550,0.000000,,2026-04-03,2026-04-19,5,18,18,17,0.294118,,,0.000000,,,,,,,,GLOBAL_BASELINE_NO_ENTITY_RANKING,,,NOT_APPLICABLE_GLOBAL_BASELINE,HF9g-P5,,,,X 全窗基线 · 不参与实体赏罚,3928929,393,A168_HF9F_20260827_0900,2026-08-27 09:00:00
2026-04-04,148116119,1221,0,514.9197457717,172.3580738986,172.3580738986,0.6666667,7,7,0.49899058571428571,0.498990585714,0.8214433547731099,0.8214433547745106,0.8214433547731099,2.8571E-13,ELIGIBLE,R03b_20260811_FULL_v1,L1_ELIGIBILITY,v2026-08-11,2026-03-21..2026-08-06,baccarat_bet02_101_all_pairs_incl_sentinel,round_win = game_pnl > 0 (decisive only),COMPATIBILITY_ONLY_NOT_PRODUCTION,2530.2165,1883.8737,-61.4026,36,35,0.02426771,,0.02426771,0.02426771,61.4026,2530.2165,OK,0.0000,-2.4561,4.0000,96.0000,AG03-UNRESOLVED,ALL5_LEVELS_bet23_to_bet27,-2.4561,-2.4561,-2.4561,-3.0701,-3.0701,4.000000,4.000000,4.000000,5.000000,5.000000,96.000000,96.000000,96.000000,95.000000,95.000000,5.0,-13.5086,-12.3742,-47.8940,-49.0284,PENDING_AG03,FALSE,NOT_FOR_ENFORCEMENT,-58.9465,1808.5188,-61.4026,-58.9465,-2.4561,-0.02426771,-0.02329700,-2.4561,-58.9465,-0.02329700,-2.4561,-2.4561,-2.4561,-3.0701,-3.0701,-58.9465,-0.02329700,-13.5086,-12.3742,-47.8940,-49.0284,-0.01892881,-0.01937714,-0.00097071,70.2838,53.8250,-1.7544,-12.2805,-3.4113,506.0433,7.0000,,70.2838,33.2867,55.9087,107.7238,127.114,189.5939,215.4476,43.0895,-5.3862,3.391138,3.853564,1.257118,15,14,2,3,0E-8,-0.02426771,,0E-8,0.000000,0.744550,0.000000,,2026-04-03,2026-04-19,5,18,18,17,0.294118,,,0.000000,,,,,,,,GLOBAL_BASELINE_NO_ENTITY_RANKING,,,NOT_APPLICABLE_GLOBAL_BASELINE,HF9g-P5,,,,X 全窗基线 · 不参与实体赏罚,3928930,393,A168_HF9F_20260827_0900,2026-08-27 09:00:00
2026-04-04,148116119,1405,0,107.7237961866,-107.7237961866,-107.7237961866,0E-7,1,1,0.49324550000000000,0.493245500000,-0.9865810262130424,-0.9865810262130424,-0.9865810262130424,0E-17,ELIGIBLE,R03b_20260811_FULL_v1,L1_ELIGIBILITY,v2026-08-11,2026-03-21..2026-08-06,baccarat_bet02_101_all_pairs_incl_sentinel,round_win = game_pnl > 0 (decisive only),COMPATIBILITY_ONLY_NOT_PRODUCTION,2530.2165,1883.8737,-61.4026,36,35,0.02426771,,0.02426771,0.02426771,61.4026,2530.2165,OK,0.0000,-2.4561,4.0000,96.0000,AG03-UNRESOLVED,ALL5_LEVELS_bet23_to_bet27,-2.4561,-2.4561,-2.4561,-3.0701,-3.0701,4.000000,4.000000,4.000000,5.000000,5.000000,96.000000,96.000000,96.000000,95.000000,95.000000,5.0,-13.5086,-12.3742,-47.8940,-49.0284,PENDING_AG03,FALSE,NOT_FOR_ENFORCEMENT,-58.9465,1808.5188,-61.4026,-58.9465,-2.4561,-0.02426771,-0.02329700,-2.4561,-58.9465,-0.02329700,-2.4561,-2.4561,-2.4561,-3.0701,-3.0701,-58.9465,-0.02329700,-13.5086,-12.3742,-47.8940,-49.0284,-0.01892881,-0.01937714,-0.00097071,70.2838,53.8250,-1.7544,-12.2805,-3.4113,506.0433,7.0000,,70.2838,33.2867,55.9087,107.7238,127.114,189.5939,215.4476,43.0895,-5.3862,3.391138,3.853564,1.257118,15,14,2,3,0E-8,-0.02426771,,0E-8,0.000000,0.744550,0.000000,,2026-04-03,2026-04-19,5,18,18,17,0.294118,,,0.000000,,,,,,,,GLOBAL_BASELINE_NO_ENTITY_RANKING,,,NOT_APPLICABLE_GLOBAL_BASELINE,HF9g-P5,,,,X 全窗基线 · 不参与实体赏罚,3928931,393,A168_HF9F_20260827_0900,2026-08-27 09:00:00
2026-04-04,148116119,1509,0,215.4475923732,215.4475923732,215.4475923732,1.0000000,1,1,0.49324550000000000,0.493245500000,1.01360149184955,1.01360149184955,1.01360149184955,0E-17,ELIGIBLE,R03b_20260811_FULL_v1,L1_ELIGIBILITY,v2026-08-11,2026-03-21..2026-08-06,baccarat_bet02_101_all_pairs_incl_sentinel,round_win = game_pnl > 0 (decisive only),COMPATIBILITY_ONLY_NOT_PRODUCTION,2530.2165,1883.8737,-61.4026,36,35,0.02426771,,0.02426771,0.02426771,61.4026,2530.2165,OK,0.0000,-2.4561,4.0000,96.0000,AG03-UNRESOLVED,ALL5_LEVELS_bet23_to_bet27,-2.4561,-2.4561,-2.4561,-3.0701,-3.0701,4.000000,4.000000,4.000000,5.000000,5.000000,96.000000,96.000000,96.000000,95.000000,95.000000,5.0,-13.5086,-12.3742,-47.8940,-49.0284,PENDING_AG03,FALSE,NOT_FOR_ENFORCEMENT,-58.9465,1808.5188,-61.4026,-58.9465,-2.4561,-0.02426771,-0.02329700,-2.4561,-58.9465,-0.02329700,-2.4561,-2.4561,-2.4561,-3.0701,-3.0701,-58.9465,-0.02329700,-13.5086,-12.3742,-47.8940,-49.0284,-0.01892881,-0.01937714,-0.00097071,70.2838,53.8250,-1.7544,-12.2805,-3.4113,506.0433,7.0000,,70.2838,33.2867,55.9087,107.7238,127.114,189.5939,215.4476,43.0895,-5.3862,3.391138,3.853564,1.257118,15,14,2,3,0E-8,-0.02426771,,0E-8,0.000000,0.744550,0.000000,,2026-04-03,2026-04-19,5,18,18,17,0.294118,,,0.000000,,,,,,,,GLOBAL_BASELINE_NO_ENTITY_RANKING,,,NOT_APPLICABLE_GLOBAL_BASELINE,HF9g-P5,,,,X 全窗基线 · 不参与实体赏罚,3928932,393,A168_HF9F_20260827_0900,2026-08-27 09:00:00
2026-04-04,148116119,2123,0,187.4394053647,64.6342777119,64.6342777119,0.5000000,3,2,0.46665399629617254,0.398659600000,0.09452719581275457,0.292709156083817,0.09452719581275457,0.06799439629617254,ELIGIBLE,R03b_20260811_FULL_v1,L1_ELIGIBILITY,v2026-08-11,2026-03-21..2026-08-06,baccarat_bet02_101_all_pairs_incl_sentinel,round_win = game_pnl > 0 (decisive only),COMPATIBILITY_ONLY_NOT_PRODUCTION,2530.2165,1883.8737,-61.4026,36,35,0.02426771,,0.02426771,0.02426771,61.4026,2530.2165,OK,0.0000,-2.4561,4.0000,96.0000,AG03-UNRESOLVED,ALL5_LEVELS_bet23_to_bet27,-2.4561,-2.4561,-2.4561,-3.0701,-3.0701,4.000000,4.000000,4.000000,5.000000,5.000000,96.000000,96.000000,96.000000,95.000000,95.000000,5.0,-13.5086,-12.3742,-47.8940,-49.0284,PENDING_AG03,FALSE,NOT_FOR_ENFORCEMENT,-58.9465,1808.5188,-61.4026,-58.9465,-2.4561,-0.02426771,-0.02329700,-2.4561,-58.9465,-0.02329700,-2.4561,-2.4561,-2.4561,-3.0701,-3.0701,-58.9465,-0.02329700,-13.5086,-12.3742,-47.8940,-49.0284,-0.01892881,-0.01937714,-0.00097071,70.2838,53.8250,-1.7544,-12.2805,-3.4113,506.0433,7.0000,,70.2838,33.2867,55.9087,107.7238,127.114,189.5939,215.4476,43.0895,-5.3862,3.391138,3.853564,1.257118,15,14,2,3,0E-8,-0.02426771,,0E-8,0.000000,0.744550,0.000000,,2026-04-03,2026-04-19,5,18,18,17,0.294118,,,0.000000,,,,,,,,GLOBAL_BASELINE_NO_ENTITY_RANKING,,,NOT_APPLICABLE_GLOBAL_BASELINE,HF9g-P5,,,,X 全窗基线 · 不参与实体赏罚,3928933,393,A168_HF9F_20260827_0900,2026-08-27 09:00:00
2026-04-04,148116119,970,0,215.4475923732,-107.7237961866,-107.7237961866,0E-7,2,2,0.49324550000000000,0.493245500000,-0.9865810262130424,-0.9865810262130424,-0.9865810262130424,0E-17,ELIGIBLE,R03b_20260811_FULL_v1,L1_ELIGIBILITY,v2026-08-11,2026-03-21..2026-08-06,baccarat_bet02_101_all_pairs_incl_sentinel,round_win = game_pnl > 0 (decisive only),COMPATIBILITY_ONLY_NOT_PRODUCTION,2530.2165,1883.8737,-61.4026,36,35,0.02426771,,0.02426771,0.02426771,61.4026,2530.2165,OK,0.0000,-2.4561,4.0000,96.0000,AG03-UNRESOLVED,ALL5_LEVELS_bet23_to_bet27,-2.4561,-2.4561,-2.4561,-3.0701,-3.0701,4.000000,4.000000,4.000000,5.000000,5.000000,96.000000,96.000000,96.000000,95.000000,95.000000,5.0,-13.5086,-12.3742,-47.8940,-49.0284,PENDING_AG03,FALSE,NOT_FOR_ENFORCEMENT,-58.9465,1808.5188,-61.4026,-58.9465,-2.4561,-0.02426771,-0.02329700,-2.4561,-58.9465,-0.02329700,-2.4561,-2.4561,-2.4561,-3.0701,-3.0701,-58.9465,-0.02329700,-13.5086,-12.3742,-47.8940,-49.0284,-0.01892881,-0.01937714,-0.00097071,70.2838,53.8250,-1.7544,-12.2805,-3.4113,506.0433,7.0000,,70.2838,33.2867,55.9087,107.7238,127.114,189.5939,215.4476,43.0895,-5.3862,3.391138,3.853564,1.257118,15,14,2,3,0E-8,-0.02426771,,0E-8,0.000000,0.744550,0.000000,,2026-04-03,2026-04-19,5,18,18,17,0.294118,,,0.000000,,,,,,,,GLOBAL_BASELINE_NO_ENTITY_RANKING,,,NOT_APPLICABLE_GLOBAL_BASELINE,HF9g-P5,,,,X 全窗基线 · 不参与实体赏罚,3928934,393,A168_HF9F_20260827_0900,2026-08-27 09:00:00
2026-04-04,148116119,986,0,323.1713885598,-107.7237961866,-107.7237961866,0E-7,3,3,0.49771390000000000,0.497713900000,-0.9954382048786059,-0.995438204878606,-0.9954382048786059,0E-17,ELIGIBLE,R03b_20260811_FULL_v1,L1_ELIGIBILITY,v2026-08-11,2026-03-21..2026-08-06,baccarat_bet02_101_all_pairs_incl_sentinel,round_win = game_pnl > 0 (decisive only),COMPATIBILITY_ONLY_NOT_PRODUCTION,2530.2165,1883.8737,-61.4026,36,35,0.02426771,,0.02426771,0.02426771,61.4026,2530.2165,OK,0.0000,-2.4561,4.0000,96.0000,AG03-UNRESOLVED,ALL5_LEVELS_bet23_to_bet27,-2.4561,-2.4561,-2.4561,-3.0701,-3.0701,4.000000,4.000000,4.000000,5.000000,5.000000,96.000000,96.000000,96.000000,95.000000,95.000000,5.0,-13.5086,-12.3742,-47.8940,-49.0284,PENDING_AG03,FALSE,NOT_FOR_ENFORCEMENT,-58.9465,1808.5188,-61.4026,-58.9465,-2.4561,-0.02426771,-0.02329700,-2.4561,-58.9465,-0.02329700,-2.4561,-2.4561,-2.4561,-3.0701,-3.0701,-58.9465,-0.02329700,-13.5086,-12.3742,-47.8940,-49.0284,-0.01892881,-0.01937714,-0.00097071,70.2838,53.8250,-1.7544,-12.2805,-3.4113,506.0433,7.0000,,70.2838,33.2867,55.9087,107.7238,127.114,189.5939,215.4476,43.0895,-5.3862,3.391138,3.853564,1.257118,15,14,2,3,0E-8,-0.02426771,,0E-8,0.000000,0.744550,0.000000,,2026-04-03,2026-04-19,5,18,18,17,0.294118,,,0.000000,,,,,,,,GLOBAL_BASELINE_NO_ENTITY_RANKING,,,NOT_APPLICABLE_GLOBAL_BASELINE,HF9g-P5,,,,X 全窗基线 · 不参与实体赏罚,3928935,393,A168_HF9F_20260827_0900,2026-08-27 09:00:00
2026-04-05,148116119,-1,1,64.4188301196,-64.4188301196,-64.4188301196,0E-7,1,1,0.50665070000000000,0.506650700000,-1.013391052207602,-1.013391052207602,-1.013391052207602,0E-17,SENTINEL_DEALER,R03b_20260811_FULL_v1,L1_ELIGIBILITY,v2026-08-11,2026-03-21..2026-08-06,baccarat_bet02_101_all_pairs_incl_sentinel,round_win = game_pnl > 0 (decisive only),COMPATIBILITY_ONLY_NOT_PRODUCTION,2530.2165,1883.8737,-61.4026,36,35,0.02426771,,0.02426771,0.02426771,61.4026,2530.2165,OK,0.0000,-2.4561,4.0000,96.0000,AG03-UNRESOLVED,ALL5_LEVELS_bet23_to_bet27,-2.4561,-2.4561,-2.4561,-3.0701,-3.0701,4.000000,4.000000,4.000000,5.000000,5.000000,96.000000,96.000000,96.000000,95.000000,95.000000,5.0,-13.5086,-12.3742,-47.8940,-49.0284,PENDING_AG03,FALSE,NOT_FOR_ENFORCEMENT,-58.9465,1808.5188,-61.4026,-58.9465,-2.4561,-0.02426771,-0.02329700,-2.4561,-58.9465,-0.02329700,-2.4561,-2.4561,-2.4561,-3.0701,-3.0701,-58.9465,-0.02329700,-13.5086,-12.3742,-47.8940,-49.0284,-0.01892881,-0.01937714,-0.00097071,70.2838,53.8250,-1.7544,-12.2805,-3.4113,506.0433,7.0000,,70.2838,33.2867,55.9087,107.7238,127.114,189.5939,215.4476,43.0895,-5.3862,3.391138,3.853564,1.257118,15,14,2,3,0E-8,-0.02426771,,0E-8,0.000000,0.744550,0.000000,,2026-04-03,2026-04-19,5,18,18,17,0.294118,,,0.000000,,,,,,,,GLOBAL_BASELINE_NO_ENTITY_RANKING,,,NOT_APPLICABLE_GLOBAL_BASELINE,HF9g-P5,,,,X 全窗基线 · 不参与实体赏罚,3928936,393,A168_HF9F_20260827_0900,2026-08-27 09:00:00
2026-04-06,148116119,-1,1,25.6382634924,-25.6382634924,-25.6382634924,0E-7,1,1,0.49324550000000000,0.493245500000,-0.9865810262130424,-0.9865810262130424,-0.9865810262130424,0E-17,SENTINEL_DEALER,R03b_20260811_FULL_v1,L1_ELIGIBILITY,v2026-08-11,2026-03-21..2026-08-06,baccarat_bet02_101_all_pairs_incl_sentinel,round_win = game_pnl > 0 (decisive only),COMPATIBILITY_ONLY_NOT_PRODUCTION,2530.2165,1883.8737,-61.4026,36,35,0.02426771,,0.02426771,0.02426771,61.4026,2530.2165,OK,0.0000,-2.4561,4.0000,96.0000,AG03-UNRESOLVED,ALL5_LEVELS_bet23_to_bet27,-2.4561,-2.4561,-2.4561,-3.0701,-3.0701,4.000000,4.000000,4.000000,5.000000,5.000000,96.000000,96.000000,96.000000,95.000000,95.000000,5.0,-13.5086,-12.3742,-47.8940,-49.0284,PENDING_AG03,FALSE,NOT_FOR_ENFORCEMENT,-58.9465,1808.5188,-61.4026,-58.9465,-2.4561,-0.02426771,-0.02329700,-2.4561,-58.9465,-0.02329700,-2.4561,-2.4561,-2.4561,-3.0701,-3.0701,-58.9465,-0.02329700,-13.5086,-12.3742,-47.8940,-49.0284,-0.01892881,-0.01937714,-0.00097071,70.2838,53.8250,-1.7544,-12.2805,-3.4113,506.0433,7.0000,,70.2838,33.2867,55.9087,107.7238,127.114,189.5939,215.4476,43.0895,-5.3862,3.391138,3.853564,1.257118,15,14,2,3,0E-8,-0.02426771,,0E-8,0.000000,0.744550,0.000000,,2026-04-03,2026-04-19,5,18,18,17,0.294118,,,0.000000,,,,,,,,GLOBAL_BASELINE_NO_ENTITY_RANKING,,,NOT_APPLICABLE_GLOBAL_BASELINE,HF9g-P5,,,,X 全窗基线 · 不参与实体赏罚,3928937,393,A168_HF9F_20260827_0900,2026-08-27 09:00:00
2026-04-19,148116119,-1,1,150.8133146611,0E-10,0E-10,0.3333333,5,5,0.49592654000000000,0.495926540000,-0.5632580825033607,-0.5632580825033607,-0.5632580825033607,0E-17,SENTINEL_DEALER,R03b_20260811_FULL_v1,L1_ELIGIBILITY,v2026-08-11,2026-03-21..2026-08-06,baccarat_bet02_101_all_pairs_incl_sentinel,round_win = game_pnl > 0 (decisive only),COMPATIBILITY_ONLY_NOT_PRODUCTION,2530.2165,1883.8737,-61.4026,36,35,0.02426771,,0.02426771,0.02426771,61.4026,2530.2165,OK,0.0000,-2.4561,4.0000,96.0000,AG03-UNRESOLVED,ALL5_LEVELS_bet23_to_bet27,-2.4561,-2.4561,-2.4561,-3.0701,-3.0701,4.000000,4.000000,4.000000,5.000000,5.000000,96.000000,96.000000,96.000000,95.000000,95.000000,5.0,-13.5086,-12.3742,-47.8940,-49.0284,PENDING_AG03,FALSE,NOT_FOR_ENFORCEMENT,-58.9465,1808.5188,-61.4026,-58.9465,-2.4561,-0.02426771,-0.02329700,-2.4561,-58.9465,-0.02329700,-2.4561,-2.4561,-2.4561,-3.0701,-3.0701,-58.9465,-0.02329700,-13.5086,-12.3742,-47.8940,-49.0284,-0.01892881,-0.01937714,-0.00097071,70.2838,53.8250,-1.7544,-12.2805,-3.4113,506.0433,7.0000,,70.2838,33.2867,55.9087,107.7238,127.114,189.5939,215.4476,43.0895,-5.3862,3.391138,3.853564,1.257118,15,14,2,3,0E-8,-0.02426771,,0E-8,0.000000,0.744550,0.000000,,2026-04-03,2026-04-19,5,18,18,17,0.294118,,,0.000000,,,,,,,,GLOBAL_BASELINE_NO_ENTITY_RANKING,,,NOT_APPLICABLE_GLOBAL_BASELINE,HF9g-P5,,,,X 全窗基线 · 不参与实体赏罚,3928938,393,A168_HF9F_20260827_0900,2026-08-27 09:00:00
2026-04-19,148116119,1299,0,43.0895184746,-43.0895184746,-43.0895184746,0E-7,1,1,0.50665070000000000,0.506650700000,-1.013391052207602,-1.013391052207602,-1.013391052207602,0E-17,ELIGIBLE,R03b_20260811_FULL_v1,L1_ELIGIBILITY,v2026-08-11,2026-03-21..2026-08-06,baccarat_bet02_101_all_pairs_incl_sentinel,round_win = game_pnl > 0 (decisive only),COMPATIBILITY_ONLY_NOT_PRODUCTION,2530.2165,1883.8737,-61.4026,36,35,0.02426771,,0.02426771,0.02426771,61.4026,2530.2165,OK,0.0000,-2.4561,4.0000,96.0000,AG03-UNRESOLVED,ALL5_LEVELS_bet23_to_bet27,-2.4561,-2.4561,-2.4561,-3.0701,-3.0701,4.000000,4.000000,4.000000,5.000000,5.000000,96.000000,96.000000,96.000000,95.000000,95.000000,5.0,-13.5086,-12.3742,-47.8940,-49.0284,PENDING_AG03,FALSE,NOT_FOR_ENFORCEMENT,-58.9465,1808.5188,-61.4026,-58.9465,-2.4561,-0.02426771,-0.02329700,-2.4561,-58.9465,-0.02329700,-2.4561,-2.4561,-2.4561,-3.0701,-3.0701,-58.9465,-0.02329700,-13.5086,-12.3742,-47.8940,-49.0284,-0.01892881,-0.01937714,-0.00097071,70.2838,53.8250,-1.7544,-12.2805,-3.4113,506.0433,7.0000,,70.2838,33.2867,55.9087,107.7238,127.114,189.5939,215.4476,43.0895,-5.3862,3.391138,3.853564,1.257118,15,14,2,3,0E-8,-0.02426771,,0E-8,0.000000,0.744550,0.000000,,2026-04-03,2026-04-19,5,18,18,17,0.294118,,,0.000000,,,,,,,,GLOBAL_BASELINE_NO_ENTITY_RANKING,,,NOT_APPLICABLE_GLOBAL_BASELINE,HF9g-P5,,,,X 全窗基线 · 不参与实体赏罚,3928939,393,A168_HF9F_20260827_0900,2026-08-27 09:00:00
2026-04-19,148116119,2169,0,43.0895184746,-43.0895184746,-43.0895184746,0E-7,1,1,0.50665070000000000,0.506650700000,-1.013391052207602,-1.013391052207602,-1.013391052207602,0E-17,ELIGIBLE,R03b_20260811_FULL_v1,L1_ELIGIBILITY,v2026-08-11,2026-03-21..2026-08-06,baccarat_bet02_101_all_pairs_incl_sentinel,round_win = game_pnl > 0 (decisive only),COMPATIBILITY_ONLY_NOT_PRODUCTION,2530.2165,1883.8737,-61.4026,36,35,0.02426771,,0.02426771,0.02426771,61.4026,2530.2165,OK,0.0000,-2.4561,4.0000,96.0000,AG03-UNRESOLVED,ALL5_LEVELS_bet23_to_bet27,-2.4561,-2.4561,-2.4561,-3.0701,-3.0701,4.000000,4.000000,4.000000,5.000000,5.000000,96.000000,96.000000,96.000000,95.000000,95.000000,5.0,-13.5086,-12.3742,-47.8940,-49.0284,PENDING_AG03,FALSE,NOT_FOR_ENFORCEMENT,-58.9465,1808.5188,-61.4026,-58.9465,-2.4561,-0.02426771,-0.02329700,-2.4561,-58.9465,-0.02329700,-2.4561,-2.4561,-2.4561,-3.0701,-3.0701,-58.9465,-0.02329700,-13.5086,-12.3742,-47.8940,-49.0284,-0.01892881,-0.01937714,-0.00097071,70.2838,53.8250,-1.7544,-12.2805,-3.4113,506.0433,7.0000,,70.2838,33.2867,55.9087,107.7238,127.114,189.5939,215.4476,43.0895,-5.3862,3.391138,3.853564,1.257118,15,14,2,3,0E-8,-0.02426771,,0E-8,0.000000,0.744550,0.000000,,2026-04-03,2026-04-19,5,18,18,17,0.294118,,,0.000000,,,,,,,,GLOBAL_BASELINE_NO_ENTITY_RANKING,,,NOT_APPLICABLE_GLOBAL_BASELINE,HF9g-P5,,,,X 全窗基线 · 不参与实体赏罚,3928940,393,A168_HF9F_20260827_0900,2026-08-27 09:00:00
2026-04-24,146474820,1210,0,20.0000000000,10.0000000000,10.0000000000,1.0000000,2,2,0.49324550000000000,0.493245500000,1.01360149184955,1.01360149184955,1.01360149184955,0E-17,ELIGIBLE,R03b_20260811_FULL_v1,L1_ELIGIBILITY,v2026-08-11,2026-03-21..2026-08-06,baccarat_bet02_101_all_pairs_incl_sentinel,round_win = game_pnl > 0 (decisive only),COMPATIBILITY_ONLY_NOT_PRODUCTION,195.0000,153.0000,-61.4000,15,15,0.31487179,,0.31487179,0.31487179,61.4000,195.0000,THIN_EXPOSURE,0.0000,-2.4560,4.0000,96.0000,AG03-UNRESOLVED,ALL5_LEVELS_bet23_to_bet27,-2.4560,-2.4560,-2.4560,-2.4560,-2.4560,4.000000,4.000000,4.000000,4.000000,4.000000,96.000000,96.000000,96.000000,96.000000,96.000000,5.0,-12.2800,-11.3361,-49.1200,-50.0639,PENDING_AG03,FALSE,NOT_FOR_ENFORCEMENT,-58.9440,146.8800,-61.4000,-58.9440,-2.4560,-0.31487179,-0.30227692,-2.4560,-58.9440,-0.30227692,-2.4560,-2.4560,-2.4560,-2.4560,-2.4560,-58.9440,-0.30227692,-12.2800,-11.3361,-49.1200,-50.0639,-0.25189744,-0.25673786,-0.01259487,13.0000,10.2000,-4.0933,-30.7000,-6.8222,97.5000,7.5000,,13.0000,10.0,10.0,18.25,22.0,28.0,30.0,10.0,9.5,2.8,3.0,1.3,7,9,2,2,0E-8,-0.31487179,,0E-8,0.000000,0.784615,0.000000,,2026-04-24,2026-04-30,2,9,8,7,0.285714,,,0.000000,,,,,,,,GLOBAL_BASELINE_NO_ENTITY_RANKING,,,NOT_APPLICABLE_GLOBAL_BASELINE,HF9g-P5,,,,X 全窗基线 · 不参与实体赏罚,3928941,393,A168_HF9F_20260827_0900,2026-08-27 09:00:00
2026-04-24,146474820,1382,0,10.0000000000,9.5000000000,9.5000000000,1.0000000,1,1,0.50665070000000000,0.506650700000,0.9867858985152569,0.9867858985152569,0.9867858985152569,0E-17,ELIGIBLE,R03b_20260811_FULL_v1,L1_ELIGIBILITY,v2026-08-11,2026-03-21..2026-08-06,baccarat_bet02_101_all_pairs_incl_sentinel,round_win = game_pnl > 0 (decisive only),COMPATIBILITY_ONLY_NOT_PRODUCTION,195.0000,153.0000,-61.4000,15,15,0.31487179,,0.31487179,0.31487179,61.4000,195.0000,THIN_EXPOSURE,0.0000,-2.4560,4.0000,96.0000,AG03-UNRESOLVED,ALL5_LEVELS_bet23_to_bet27,-2.4560,-2.4560,-2.4560,-2.4560,-2.4560,4.000000,4.000000,4.000000,4.000000,4.000000,96.000000,96.000000,96.000000,96.000000,96.000000,5.0,-12.2800,-11.3361,-49.1200,-50.0639,PENDING_AG03,FALSE,NOT_FOR_ENFORCEMENT,-58.9440,146.8800,-61.4000,-58.9440,-2.4560,-0.31487179,-0.30227692,-2.4560,-58.9440,-0.30227692,-2.4560,-2.4560,-2.4560,-2.4560,-2.4560,-58.9440,-0.30227692,-12.2800,-11.3361,-49.1200,-50.0639,-0.25189744,-0.25673786,-0.01259487,13.0000,10.2000,-4.0933,-30.7000,-6.8222,97.5000,7.5000,,13.0000,10.0,10.0,18.25,22.0,28.0,30.0,10.0,9.5,2.8,3.0,1.3,7,9,2,2,0E-8,-0.31487179,,0E-8,0.000000,0.784615,0.000000,,2026-04-24,2026-04-30,2,9,8,7,0.285714,,,0.000000,,,,,,,,GLOBAL_BASELINE_NO_ENTITY_RANKING,,,NOT_APPLICABLE_GLOBAL_BASELINE,HF9g-P5,,,,X 全窗基线 · 不参与实体赏罚,3928942,393,A168_HF9F_20260827_0900,2026-08-27 09:00:00
2026-04-24,146474820,1405,0,30.0000000000,20.0000000000,20.0000000000,1.0000000,3,3,0.49324550000000000,0.493245500000,1.4334489766152358,1.4334489766152358,1.4334489766152358,0E-17,ELIGIBLE,R03b_20260811_FULL_v1,L1_ELIGIBILITY,v2026-08-11,2026-03-21..2026-08-06,baccarat_bet02_101_all_pairs_incl_sentinel,round_win = game_pnl > 0 (decisive only),COMPATIBILITY_ONLY_NOT_PRODUCTION,195.0000,153.0000,-61.4000,15,15,0.31487179,,0.31487179,0.31487179,61.4000,195.0000,THIN_EXPOSURE,0.0000,-2.4560,4.0000,96.0000,AG03-UNRESOLVED,ALL5_LEVELS_bet23_to_bet27,-2.4560,-2.4560,-2.4560,-2.4560,-2.4560,4.000000,4.000000,4.000000,4.000000,4.000000,96.000000,96.000000,96.000000,96.000000,96.000000,5.0,-12.2800,-11.3361,-49.1200,-50.0639,PENDING_AG03,FALSE,NOT_FOR_ENFORCEMENT,-58.9440,146.8800,-61.4000,-58.9440,-2.4560,-0.31487179,-0.30227692,-2.4560,-58.9440,-0.30227692,-2.4560,-2.4560,-2.4560,-2.4560,-2.4560,-58.9440,-0.30227692,-12.2800,-11.3361,-49.1200,-50.0639,-0.25189744,-0.25673786,-0.01259487,13.0000,10.2000,-4.0933,-30.7000,-6.8222,97.5000,7.5000,,13.0000,10.0,10.0,18.25,22.0,28.0,30.0,10.0,9.5,2.8,3.0,1.3,7,9,2,2,0E-8,-0.31487179,,0E-8,0.000000,0.784615,0.000000,,2026-04-24,2026-04-30,2,9,8,7,0.285714,,,0.000000,,,,,,,,GLOBAL_BASELINE_NO_ENTITY_RANKING,,,NOT_APPLICABLE_GLOBAL_BASELINE,HF9g-P5,,,,X 全窗基线 · 不参与实体赏罚,3928943,393,A168_HF9F_20260827_0900,2026-08-27 09:00:00
2026-04-24,146474820,1507,0,26.0000000000,16.0000000000,16.0000000000,0.5000000,2,2,0.49324550000000000,0.493245500000,0.01910635448239258,0.01910635448239258,0.01910635448239258,0E-17,ELIGIBLE,R03b_20260811_FULL_v1,L1_ELIGIBILITY,v2026-08-11,2026-03-21..2026-08-06,baccarat_bet02_101_all_pairs_incl_sentinel,round_win = game_pnl > 0 (decisive only),COMPATIBILITY_ONLY_NOT_PRODUCTION,195.0000,153.0000,-61.4000,15,15,0.31487179,,0.31487179,0.31487179,61.4000,195.0000,THIN_EXPOSURE,0.0000,-2.4560,4.0000,96.0000,AG03-UNRESOLVED,ALL5_LEVELS_bet23_to_bet27,-2.4560,-2.4560,-2.4560,-2.4560,-2.4560,4.000000,4.000000,4.000000,4.000000,4.000000,96.000000,96.000000,96.000000,96.000000,96.000000,5.0,-12.2800,-11.3361,-49.1200,-50.0639,PENDING_AG03,FALSE,NOT_FOR_ENFORCEMENT,-58.9440,146.8800,-61.4000,-58.9440,-2.4560,-0.31487179,-0.30227692,-2.4560,-58.9440,-0.30227692,-2.4560,-2.4560,-2.4560,-2.4560,-2.4560,-58.9440,-0.30227692,-12.2800,-11.3361,-49.1200,-50.0639,-0.25189744,-0.25673786,-0.01259487,13.0000,10.2000,-4.0933,-30.7000,-6.8222,97.5000,7.5000,,13.0000,10.0,10.0,18.25,22.0,28.0,30.0,10.0,9.5,2.8,3.0,1.3,7,9,2,2,0E-8,-0.31487179,,0E-8,0.000000,0.784615,0.000000,,2026-04-24,2026-04-30,2,9,8,7,0.285714,,,0.000000,,,,,,,,GLOBAL_BASELINE_NO_ENTITY_RANKING,,,NOT_APPLICABLE_GLOBAL_BASELINE,HF9g-P5,,,,X 全窗基线 · 不参与实体赏罚,3928944,393,A168_HF9F_20260827_0900,2026-08-27 09:00:00
2026-04-24,146474820,1957,0,10.0000000000,10.0000000000,10.0000000000,1.0000000,1,1,0.49324550000000000,0.493245500000,1.01360149184955,1.01360149184955,1.01360149184955,0E-17,ELIGIBLE,R03b_20260811_FULL_v1,L1_ELIGIBILITY,v2026-08-11,2026-03-21..2026-08-06,baccarat_bet02_101_all_pairs_incl_sentinel,round_win = game_pnl > 0 (decisive only),COMPATIBILITY_ONLY_NOT_PRODUCTION,195.0000,153.0000,-61.4000,15,15,0.31487179,,0.31487179,0.31487179,61.4000,195.0000,THIN_EXPOSURE,0.0000,-2.4560,4.0000,96.0000,AG03-UNRESOLVED,ALL5_LEVELS_bet23_to_bet27,-2.4560,-2.4560,-2.4560,-2.4560,-2.4560,4.000000,4.000000,4.000000,4.000000,4.000000,96.000000,96.000000,96.000000,96.000000,96.000000,5.0,-12.2800,-11.3361,-49.1200,-50.0639,PENDING_AG03,FALSE,NOT_FOR_ENFORCEMENT,-58.9440,146.8800,-61.4000,-58.9440,-2.4560,-0.31487179,-0.30227692,-2.4560,-58.9440,-0.30227692,-2.4560,-2.4560,-2.4560,-2.4560,-2.4560,-58.9440,-0.30227692,-12.2800,-11.3361,-49.1200,-50.0639,-0.25189744,-0.25673786,-0.01259487,13.0000,10.2000,-4.0933,-30.7000,-6.8222,97.5000,7.5000,,13.0000,10.0,10.0,18.25,22.0,28.0,30.0,10.0,9.5,2.8,3.0,1.3,7,9,2,2,0E-8,-0.31487179,,0E-8,0.000000,0.784615,0.000000,,2026-04-24,2026-04-30,2,9,8,7,0.285714,,,0.000000,,,,,,,,GLOBAL_BASELINE_NO_ENTITY_RANKING,,,NOT_APPLICABLE_GLOBAL_BASELINE,HF9g-P5,,,,X 全窗基线 · 不参与实体赏罚,3928945,393,A168_HF9F_20260827_0900,2026-08-27 09:00:00
2026-04-24,146474820,2108,0,10.0000000000,10.0000000000,10.0000000000,1.0000000,1,1,0.49324550000000000,0.493245500000,1.01360149184955,1.01360149184955,1.01360149184955,0E-17,ELIGIBLE,R03b_20260811_FULL_v1,L1_ELIGIBILITY,v2026-08-11,2026-03-21..2026-08-06,baccarat_bet02_101_all_pairs_incl_sentinel,round_win = game_pnl > 0 (decisive only),COMPATIBILITY_ONLY_NOT_PRODUCTION,195.0000,153.0000,-61.4000,15,15,0.31487179,,0.31487179,0.31487179,61.4000,195.0000,THIN_EXPOSURE,0.0000,-2.4560,4.0000,96.0000,AG03-UNRESOLVED,ALL5_LEVELS_bet23_to_bet27,-2.4560,-2.4560,-2.4560,-2.4560,-2.4560,4.000000,4.000000,4.000000,4.000000,4.000000,96.000000,96.000000,96.000000,96.000000,96.000000,5.0,-12.2800,-11.3361,-49.1200,-50.0639,PENDING_AG03,FALSE,NOT_FOR_ENFORCEMENT,-58.9440,146.8800,-61.4000,-58.9440,-2.4560,-0.31487179,-0.30227692,-2.4560,-58.9440,-0.30227692,-2.4560,-2.4560,-2.4560,-2.4560,-2.4560,-58.9440,-0.30227692,-12.2800,-11.3361,-49.1200,-50.0639,-0.25189744,-0.25673786,-0.01259487,13.0000,10.2000,-4.0933,-30.7000,-6.8222,97.5000,7.5000,,13.0000,10.0,10.0,18.25,22.0,28.0,30.0,10.0,9.5,2.8,3.0,1.3,7,9,2,2,0E-8,-0.31487179,,0E-8,0.000000,0.784615,0.000000,,2026-04-24,2026-04-30,2,9,8,7,0.285714,,,0.000000,,,,,,,,GLOBAL_BASELINE_NO_ENTITY_RANKING,,,NOT_APPLICABLE_GLOBAL_BASELINE,HF9g-P5,,,,X 全窗基线 · 不参与实体赏罚,3928946,393,A168_HF9F_20260827_0900,2026-08-27 09:00:00
2026-04-24,146474820,2223,0,40.0000000000,-40.0000000000,-40.0000000000,0E-7,2,2,0.50665070000000000,0.506650700000,-1.4331513700195317,-1.4331513700195317,-1.4331513700195317,0E-17,ELIGIBLE,R03b_20260811_FULL_v1,L1_ELIGIBILITY,v2026-08-11,2026-03-21..2026-08-06,baccarat_bet02_101_all_pairs_incl_sentinel,round_win = game_pnl > 0 (decisive only),COMPATIBILITY_ONLY_NOT_PRODUCTION,195.0000,153.0000,-61.4000,15,15,0.31487179,,0.31487179,0.31487179,61.4000,195.0000,THIN_EXPOSURE,0.0000,-2.4560,4.0000,96.0000,AG03-UNRESOLVED,ALL5_LEVELS_bet23_to_bet27,-2.4560,-2.4560,-2.4560,-2.4560,-2.4560,4.000000,4.000000,4.000000,4.000000,4.000000,96.000000,96.000000,96.000000,96.000000,96.000000,5.0,-12.2800,-11.3361,-49.1200,-50.0639,PENDING_AG03,FALSE,NOT_FOR_ENFORCEMENT,-58.9440,146.8800,-61.4000,-58.9440,-2.4560,-0.31487179,-0.30227692,-2.4560,-58.9440,-0.30227692,-2.4560,-2.4560,-2.4560,-2.4560,-2.4560,-58.9440,-0.30227692,-12.2800,-11.3361,-49.1200,-50.0639,-0.25189744,-0.25673786,-0.01259487,13.0000,10.2000,-4.0933,-30.7000,-6.8222,97.5000,7.5000,,13.0000,10.0,10.0,18.25,22.0,28.0,30.0,10.0,9.5,2.8,3.0,1.3,7,9,2,2,0E-8,-0.31487179,,0E-8,0.000000,0.784615,0.000000,,2026-04-24,2026-04-30,2,9,8,7,0.285714,,,0.000000,,,,,,,,GLOBAL_BASELINE_NO_ENTITY_RANKING,,,NOT_APPLICABLE_GLOBAL_BASELINE,HF9g-P5,,,,X 全窗基线 · 不参与实体赏罚,3928947,393,A168_HF9F_20260827_0900,2026-08-27 09:00:00
2026-04-24,146474820,2233,0,44.0000000000,20.9000000000,20.9000000000,1.0000000,2,2,0.50665070000000000,0.506650700000,0.9867858985152569,0.9867858985152569,0.9867858985152569,0E-17,ELIGIBLE,R03b_20260811_FULL_v1,L1_ELIGIBILITY,v2026-08-11,2026-03-21..2026-08-06,baccarat_bet02_101_all_pairs_incl_sentinel,round_win = game_pnl > 0 (decisive only),COMPATIBILITY_ONLY_NOT_PRODUCTION,195.0000,153.0000,-61.4000,15,15,0.31487179,,0.31487179,0.31487179,61.4000,195.0000,THIN_EXPOSURE,0.0000,-2.4560,4.0000,96.0000,AG03-UNRESOLVED,ALL5_LEVELS_bet23_to_bet27,-2.4560,-2.4560,-2.4560,-2.4560,-2.4560,4.000000,4.000000,4.000000,4.000000,4.000000,96.000000,96.000000,96.000000,96.000000,96.000000,5.0,-12.2800,-11.3361,-49.1200,-50.0639,PENDING_AG03,FALSE,NOT_FOR_ENFORCEMENT,-58.9440,146.8800,-61.4000,-58.9440,-2.4560,-0.31487179,-0.30227692,-2.4560,-58.9440,-0.30227692,-2.4560,-2.4560,-2.4560,-2.4560,-2.4560,-58.9440,-0.30227692,-12.2800,-11.3361,-49.1200,-50.0639,-0.25189744,-0.25673786,-0.01259487,13.0000,10.2000,-4.0933,-30.7000,-6.8222,97.5000,7.5000,,13.0000,10.0,10.0,18.25,22.0,28.0,30.0,10.0,9.5,2.8,3.0,1.3,7,9,2,2,0E-8,-0.31487179,,0E-8,0.000000,0.784615,0.000000,,2026-04-24,2026-04-30,2,9,8,7,0.285714,,,0.000000,,,,,,,,GLOBAL_BASELINE_NO_ENTITY_RANKING,,,NOT_APPLICABLE_GLOBAL_BASELINE,HF9g-P5,,,,X 全窗基线 · 不参与实体赏罚,3928948,393,A168_HF9F_20260827_0900,2026-08-27 09:00:00
2026-04-30,146474820,2235,0,5.0000000000,5.0000000000,5.0000000000,1.0000000,1,1,0.49324550000000000,0.493245500000,1.01360149184955,1.01360149184955,1.01360149184955,0E-17,ELIGIBLE,R03b_20260811_FULL_v1,L1_ELIGIBILITY,v2026-08-11,2026-03-21..2026-08-06,baccarat_bet02_101_all_pairs_incl_sentinel,round_win = game_pnl > 0 (decisive only),COMPATIBILITY_ONLY_NOT_PRODUCTION,195.0000,153.0000,-61.4000,15,15,0.31487179,,0.31487179,0.31487179,61.4000,195.0000,THIN_EXPOSURE,0.0000,-2.4560,4.0000,96.0000,AG03-UNRESOLVED,ALL5_LEVELS_bet23_to_bet27,-2.4560,-2.4560,-2.4560,-2.4560,-2.4560,4.000000,4.000000,4.000000,4.000000,4.000000,96.000000,96.000000,96.000000,96.000000,96.000000,5.0,-12.2800,-11.3361,-49.1200,-50.0639,PENDING_AG03,FALSE,NOT_FOR_ENFORCEMENT,-58.9440,146.8800,-61.4000,-58.9440,-2.4560,-0.31487179,-0.30227692,-2.4560,-58.9440,-0.30227692,-2.4560,-2.4560,-2.4560,-2.4560,-2.4560,-58.9440,-0.30227692,-12.2800,-11.3361,-49.1200,-50.0639,-0.25189744,-0.25673786,-0.01259487,13.0000,10.2000,-4.0933,-30.7000,-6.8222,97.5000,7.5000,,13.0000,10.0,10.0,18.25,22.0,28.0,30.0,10.0,9.5,2.8,3.0,1.3,7,9,2,2,0E-8,-0.31487179,,0E-8,0.000000,0.784615,0.000000,,2026-04-24,2026-04-30,2,9,8,7,0.285714,,,0.000000,,,,,,,,GLOBAL_BASELINE_NO_ENTITY_RANKING,,,NOT_APPLICABLE_GLOBAL_BASELINE,HF9g-P5,,,,X 全窗基线 · 不参与实体赏罚,3928949,393,A168_HF9F_20260827_0900,2026-08-27 09:00:00
2026-06-11,151318312,-1,1,150.0000000000,-80.0000000000,-80.0000000000,0E-7,2,2,0.49994810000000000,0.499948100000,-0.9998962053866608,-0.9998962053866608,-0.9998962053866608,0E-17,SENTINEL_DEALER,R03b_20260811_FULL_v1,L1_ELIGIBILITY,v2026-08-11,2026-03-21..2026-08-06,baccarat_bet02_101_all_pairs_incl_sentinel,round_win = game_pnl > 0 (decisive only),COMPATIBILITY_ONLY_NOT_PRODUCTION,2310.0000,2080.0000,-61.4000,27,27,0.02658009,,0.02658009,0.02658009,61.4000,2310.0000,THIN_EXPOSURE,0.0000,-2.4560,4.0000,96.0000,AG03-UNRESOLVED,ALL5_LEVELS_bet23_to_bet27,-2.4560,-2.4560,-2.4560,-3.6840,-3.6840,4.000000,4.000000,4.000000,6.000000,6.000000,96.000000,96.000000,96.000000,94.000000,94.000000,5.0,-14.7360,-13.4004,-46.6640,-47.9996,PENDING_AG03,FALSE,NOT_FOR_ENFORCEMENT,-58.9440,1996.8000,-61.4000,-58.9440,-2.4560,-0.02658009,-0.02551688,-2.4560,-58.9440,-0.02551688,-2.4560,-2.4560,-2.4560,-3.6840,-3.6840,-58.9440,-0.02551688,-14.7360,-13.4004,-46.6640,-47.9996,-0.02020087,-0.02077906,-0.00106320,85.5556,77.0370,-2.2741,-61.4000,-4.7231,2310.0000,27.0000,,85.5556,42.5,70.0,90.0,100.0,232.8999,408.0,70.0,28.5,3.327142,5.828571,1.222222,12,13,2,2,0E-8,-0.02658009,,0E-8,0.000000,0.900433,0.000000,,2026-06-11,2026-06-11,1,13,12,1,1.000000,,,0.000000,,,,,,,,GLOBAL_BASELINE_NO_ENTITY_RANKING,,,NOT_APPLICABLE_GLOBAL_BASELINE,HF9g-P5,,,,X 全窗基线 · 不参与实体赏罚,3928950,393,A168_HF9F_20260827_0900,2026-08-27 09:00:00
2026-06-11,151318312,1109,0,100.0000000000,0E-10,0E-10,,1,1,0.49324550000000000,0.493245500000,,,,0E-17,NO_DECISIVE_ROUND,R03b_20260811_FULL_v1,L1_ELIGIBILITY,v2026-08-11,2026-03-21..2026-08-06,baccarat_bet02_101_all_pairs_incl_sentinel,round_win = game_pnl > 0 (decisive only),COMPATIBILITY_ONLY_NOT_PRODUCTION,2310.0000,2080.0000,-61.4000,27,27,0.02658009,,0.02658009,0.02658009,61.4000,2310.0000,THIN_EXPOSURE,0.0000,-2.4560,4.0000,96.0000,AG03-UNRESOLVED,ALL5_LEVELS_bet23_to_bet27,-2.4560,-2.4560,-2.4560,-3.6840,-3.6840,4.000000,4.000000,4.000000,6.000000,6.000000,96.000000,96.000000,96.000000,94.000000,94.000000,5.0,-14.7360,-13.4004,-46.6640,-47.9996,PENDING_AG03,FALSE,NOT_FOR_ENFORCEMENT,-58.9440,1996.8000,-61.4000,-58.9440,-2.4560,-0.02658009,-0.02551688,-2.4560,-58.9440,-0.02551688,-2.4560,-2.4560,-2.4560,-3.6840,-3.6840,-58.9440,-0.02551688,-14.7360,-13.4004,-46.6640,-47.9996,-0.02020087,-0.02077906,-0.00106320,85.5556,77.0370,-2.2741,-61.4000,-4.7231,2310.0000,27.0000,,85.5556,42.5,70.0,90.0,100.0,232.8999,408.0,70.0,28.5,3.327142,5.828571,1.222222,12,13,2,2,0E-8,-0.02658009,,0E-8,0.000000,0.900433,0.000000,,2026-06-11,2026-06-11,1,13,12,1,1.000000,,,0.000000,,,,,,,,GLOBAL_BASELINE_NO_ENTITY_RANKING,,,NOT_APPLICABLE_GLOBAL_BASELINE,HF9g-P5,,,,X 全窗基线 · 不参与实体赏罚,3928951,393,A168_HF9F_20260827_0900,2026-08-27 09:00:00
2026-06-11,151318312,1307,0,70.0000000000,-70.0000000000,-70.0000000000,0E-7,1,1,0.50665070000000000,0.506650700000,-1.013391052207602,-1.013391052207602,-1.013391052207602,0E-17,ELIGIBLE,R03b_20260811_FULL_v1,L1_ELIGIBILITY,v2026-08-11,2026-03-21..2026-08-06,baccarat_bet02_101_all_pairs_incl_sentinel,round_win = game_pnl > 0 (decisive only),COMPATIBILITY_ONLY_NOT_PRODUCTION,2310.0000,2080.0000,-61.4000,27,27,0.02658009,,0.02658009,0.02658009,61.4000,2310.0000,THIN_EXPOSURE,0.0000,-2.4560,4.0000,96.0000,AG03-UNRESOLVED,ALL5_LEVELS_bet23_to_bet27,-2.4560,-2.4560,-2.4560,-3.6840,-3.6840,4.000000,4.000000,4.000000,6.000000,6.000000,96.000000,96.000000,96.000000,94.000000,94.000000,5.0,-14.7360,-13.4004,-46.6640,-47.9996,PENDING_AG03,FALSE,NOT_FOR_ENFORCEMENT,-58.9440,1996.8000,-61.4000,-58.9440,-2.4560,-0.02658009,-0.02551688,-2.4560,-58.9440,-0.02551688,-2.4560,-2.4560,-2.4560,-3.6840,-3.6840,-58.9440,-0.02551688,-14.7360,-13.4004,-46.6640,-47.9996,-0.02020087,-0.02077906,-0.00106320,85.5556,77.0370,-2.2741,-61.4000,-4.7231,2310.0000,27.0000,,85.5556,42.5,70.0,90.0,100.0,232.8999,408.0,70.0,28.5,3.327142,5.828571,1.222222,12,13,2,2,0E-8,-0.02658009,,0E-8,0.000000,0.900433,0.000000,,2026-06-11,2026-06-11,1,13,12,1,1.000000,,,0.000000,,,,,,,,GLOBAL_BASELINE_NO_ENTITY_RANKING,,,NOT_APPLICABLE_GLOBAL_BASELINE,HF9g-P5,,,,X 全窗基线 · 不参与实体赏罚,3928952,393,A168_HF9F_20260827_0900,2026-08-27 09:00:00
2026-06-11,151318312,1363,0,100.0000000000,100.0000000000,100.0000000000,1.0000000,1,1,0.49324550000000000,0.493245500000,1.01360149184955,1.01360149184955,1.01360149184955,0E-17,ELIGIBLE,R03b_20260811_FULL_v1,L1_ELIGIBILITY,v2026-08-11,2026-03-21..2026-08-06,baccarat_bet02_101_all_pairs_incl_sentinel,round_win = game_pnl > 0 (decisive only),COMPATIBILITY_ONLY_NOT_PRODUCTION,2310.0000,2080.0000,-61.4000,27,27,0.02658009,,0.02658009,0.02658009,61.4000,2310.0000,THIN_EXPOSURE,0.0000,-2.4560,4.0000,96.0000,AG03-UNRESOLVED,ALL5_LEVELS_bet23_to_bet27,-2.4560,-2.4560,-2.4560,-3.6840,-3.6840,4.000000,4.000000,4.000000,6.000000,6.000000,96.000000,96.000000,96.000000,94.000000,94.000000,5.0,-14.7360,-13.4004,-46.6640,-47.9996,PENDING_AG03,FALSE,NOT_FOR_ENFORCEMENT,-58.9440,1996.8000,-61.4000,-58.9440,-2.4560,-0.02658009,-0.02551688,-2.4560,-58.9440,-0.02551688,-2.4560,-2.4560,-2.4560,-3.6840,-3.6840,-58.9440,-0.02551688,-14.7360,-13.4004,-46.6640,-47.9996,-0.02020087,-0.02077906,-0.00106320,85.5556,77.0370,-2.2741,-61.4000,-4.7231,2310.0000,27.0000,,85.5556,42.5,70.0,90.0,100.0,232.8999,408.0,70.0,28.5,3.327142,5.828571,1.222222,12,13,2,2,0E-8,-0.02658009,,0E-8,0.000000,0.900433,0.000000,,2026-06-11,2026-06-11,1,13,12,1,1.000000,,,0.000000,,,,,,,,GLOBAL_BASELINE_NO_ENTITY_RANKING,,,NOT_APPLICABLE_GLOBAL_BASELINE,HF9g-P5,,,,X 全窗基线 · 不参与实体赏罚,3928953,393,A168_HF9F_20260827_0900,2026-08-27 09:00:00
2026-06-11,151318312,1402,0,40.0000000000,-40.0000000000,-40.0000000000,0E-7,1,1,0.49324550000000000,0.493245500000,-0.9865810262130424,-0.9865810262130424,-0.9865810262130424,0E-17,ELIGIBLE,R03b_20260811_FULL_v1,L1_ELIGIBILITY,v2026-08-11,2026-03-21..2026-08-06,baccarat_bet02_101_all_pairs_incl_sentinel,round_win = game_pnl > 0 (decisive only),COMPATIBILITY_ONLY_NOT_PRODUCTION,2310.0000,2080.0000,-61.4000,27,27,0.02658009,,0.02658009,0.02658009,61.4000,2310.0000,THIN_EXPOSURE,0.0000,-2.4560,4.0000,96.0000,AG03-UNRESOLVED,ALL5_LEVELS_bet23_to_bet27,-2.4560,-2.4560,-2.4560,-3.6840,-3.6840,4.000000,4.000000,4.000000,6.000000,6.000000,96.000000,96.000000,96.000000,94.000000,94.000000,5.0,-14.7360,-13.4004,-46.6640,-47.9996,PENDING_AG03,FALSE,NOT_FOR_ENFORCEMENT,-58.9440,1996.8000,-61.4000,-58.9440,-2.4560,-0.02658009,-0.02551688,-2.4560,-58.9440,-0.02551688,-2.4560,-2.4560,-2.4560,-3.6840,-3.6840,-58.9440,-0.02551688,-14.7360,-13.4004,-46.6640,-47.9996,-0.02020087,-0.02077906,-0.00106320,85.5556,77.0370,-2.2741,-61.4000,-4.7231,2310.0000,27.0000,,85.5556,42.5,70.0,90.0,100.0,232.8999,408.0,70.0,28.5,3.327142,5.828571,1.222222,12,13,2,2,0E-8,-0.02658009,,0E-8,0.000000,0.900433,0.000000,,2026-06-11,2026-06-11,1,13,12,1,1.000000,,,0.000000,,,,,,,,GLOBAL_BASELINE_NO_ENTITY_RANKING,,,NOT_APPLICABLE_GLOBAL_BASELINE,HF9g-P5,,,,X 全窗基线 · 不参与实体赏罚,3928954,393,A168_HF9F_20260827_0900,2026-08-27 09:00:00
2026-06-11,151318312,1941,0,70.0000000000,70.0000000000,70.0000000000,1.0000000,1,1,0.49324550000000000,0.493245500000,1.01360149184955,1.01360149184955,1.01360149184955,0E-17,ELIGIBLE,R03b_20260811_FULL_v1,L1_ELIGIBILITY,v2026-08-11,2026-03-21..2026-08-06,baccarat_bet02_101_all_pairs_incl_sentinel,round_win = game_pnl > 0 (decisive only),COMPATIBILITY_ONLY_NOT_PRODUCTION,2310.0000,2080.0000,-61.4000,27,27,0.02658009,,0.02658009,0.02658009,61.4000,2310.0000,THIN_EXPOSURE,0.0000,-2.4560,4.0000,96.0000,AG03-UNRESOLVED,ALL5_LEVELS_bet23_to_bet27,-2.4560,-2.4560,-2.4560,-3.6840,-3.6840,4.000000,4.000000,4.000000,6.000000,6.000000,96.000000,96.000000,96.000000,94.000000,94.000000,5.0,-14.7360,-13.4004,-46.6640,-47.9996,PENDING_AG03,FALSE,NOT_FOR_ENFORCEMENT,-58.9440,1996.8000,-61.4000,-58.9440,-2.4560,-0.02658009,-0.02551688,-2.4560,-58.9440,-0.02551688,-2.4560,-2.4560,-2.4560,-3.6840,-3.6840,-58.9440,-0.02551688,-14.7360,-13.4004,-46.6640,-47.9996,-0.02020087,-0.02077906,-0.00106320,85.5556,77.0370,-2.2741,-61.4000,-4.7231,2310.0000,27.0000,,85.5556,42.5,70.0,90.0,100.0,232.8999,408.0,70.0,28.5,3.327142,5.828571,1.222222,12,13,2,2,0E-8,-0.02658009,,0E-8,0.000000,0.900433,0.000000,,2026-06-11,2026-06-11,1,13,12,1,1.000000,,,0.000000,,,,,,,,GLOBAL_BASELINE_NO_ENTITY_RANKING,,,NOT_APPLICABLE_GLOBAL_BASELINE,HF9g-P5,,,,X 全窗基线 · 不参与实体赏罚,3928955,393,A168_HF9F_20260827_0900,2026-08-27 09:00:00
2026-06-11,151318312,2088,0,220.0000000000,138.0000000000,138.0000000000,0.7500000,4,4,0.49994810000000000,0.499948100000,1.0002076053883384,1.0002076053883384,1.0002076053883384,0E-17,ELIGIBLE,R03b_20260811_FULL_v1,L1_ELIGIBILITY,v2026-08-11,2026-03-21..2026-08-06,baccarat_bet02_101_all_pairs_incl_sentinel,round_win = game_pnl > 0 (decisive only),COMPATIBILITY_ONLY_NOT_PRODUCTION,2310.0000,2080.0000,-61.4000,27,27,0.02658009,,0.02658009,0.02658009,61.4000,2310.0000,THIN_EXPOSURE,0.0000,-2.4560,4.0000,96.0000,AG03-UNRESOLVED,ALL5_LEVELS_bet23_to_bet27,-2.4560,-2.4560,-2.4560,-3.6840,-3.6840,4.000000,4.000000,4.000000,6.000000,6.000000,96.000000,96.000000,96.000000,94.000000,94.000000,5.0,-14.7360,-13.4004,-46.6640,-47.9996,PENDING_AG03,FALSE,NOT_FOR_ENFORCEMENT,-58.9440,1996.8000,-61.4000,-58.9440,-2.4560,-0.02658009,-0.02551688,-2.4560,-58.9440,-0.02551688,-2.4560,-2.4560,-2.4560,-3.6840,-3.6840,-58.9440,-0.02551688,-14.7360,-13.4004,-46.6640,-47.9996,-0.02020087,-0.02077906,-0.00106320,85.5556,77.0370,-2.2741,-61.4000,-4.7231,2310.0000,27.0000,,85.5556,42.5,70.0,90.0,100.0,232.8999,408.0,70.0,28.5,3.327142,5.828571,1.222222,12,13,2,2,0E-8,-0.02658009,,0E-8,0.000000,0.900433,0.000000,,2026-06-11,2026-06-11,1,13,12,1,1.000000,,,0.000000,,,,,,,,GLOBAL_BASELINE_NO_ENTITY_RANKING,,,NOT_APPLICABLE_GLOBAL_BASELINE,HF9g-P5,,,,X 全窗基线 · 不参与实体赏罚,3928956,393,A168_HF9F_20260827_0900,2026-08-27 09:00:00
2026-06-11,151318312,2103,0,150.0000000000,30.0000000000,30.0000000000,0.5000000,2,2,0.49994810000000000,0.499948100000,0.00014679536856514622,0.00014679536856514622,0.00014679536856514622,0E-17,ELIGIBLE,R03b_20260811_FULL_v1,L1_ELIGIBILITY,v2026-08-11,2026-03-21..2026-08-06,baccarat_bet02_101_all_pairs_incl_sentinel,round_win = game_pnl > 0 (decisive only),COMPATIBILITY_ONLY_NOT_PRODUCTION,2310.0000,2080.0000,-61.4000,27,27,0.02658009,,0.02658009,0.02658009,61.4000,2310.0000,THIN_EXPOSURE,0.0000,-2.4560,4.0000,96.0000,AG03-UNRESOLVED,ALL5_LEVELS_bet23_to_bet27,-2.4560,-2.4560,-2.4560,-3.6840,-3.6840,4.000000,4.000000,4.000000,6.000000,6.000000,96.000000,96.000000,96.000000,94.000000,94.000000,5.0,-14.7360,-13.4004,-46.6640,-47.9996,PENDING_AG03,FALSE,NOT_FOR_ENFORCEMENT,-58.9440,1996.8000,-61.4000,-58.9440,-2.4560,-0.02658009,-0.02551688,-2.4560,-58.9440,-0.02551688,-2.4560,-2.4560,-2.4560,-3.6840,-3.6840,-58.9440,-0.02551688,-14.7360,-13.4004,-46.6640,-47.9996,-0.02020087,-0.02077906,-0.00106320,85.5556,77.0370,-2.2741,-61.4000,-4.7231,2310.0000,27.0000,,85.5556,42.5,70.0,90.0,100.0,232.8999,408.0,70.0,28.5,3.327142,5.828571,1.222222,12,13,2,2,0E-8,-0.02658009,,0E-8,0.000000,0.900433,0.000000,,2026-06-11,2026-06-11,1,13,12,1,1.000000,,,0.000000,,,,,,,,GLOBAL_BASELINE_NO_ENTITY_RANKING,,,NOT_APPLICABLE_GLOBAL_BASELINE,HF9g-P5,,,,X 全窗基线 · 不参与实体赏罚,3928957,393,A168_HF9F_20260827_0900,2026-08-27 09:00:00
2026-06-11,151318312,2106,0,200.0000000000,195.0000000000,195.0000000000,1.0000000,2,2,0.49994810000000000,0.499948100000,1.4143603653603398,1.4143603653603398,1.4143603653603398,0E-17,ELIGIBLE,R03b_20260811_FULL_v1,L1_ELIGIBILITY,v2026-08-11,2026-03-21..2026-08-06,baccarat_bet02_101_all_pairs_incl_sentinel,round_win = game_pnl > 0 (decisive only),COMPATIBILITY_ONLY_NOT_PRODUCTION,2310.0000,2080.0000,-61.4000,27,27,0.02658009,,0.02658009,0.02658009,61.4000,2310.0000,THIN_EXPOSURE,0.0000,-2.4560,4.0000,96.0000,AG03-UNRESOLVED,ALL5_LEVELS_bet23_to_bet27,-2.4560,-2.4560,-2.4560,-3.6840,-3.6840,4.000000,4.000000,4.000000,6.000000,6.000000,96.000000,96.000000,96.000000,94.000000,94.000000,5.0,-14.7360,-13.4004,-46.6640,-47.9996,PENDING_AG03,FALSE,NOT_FOR_ENFORCEMENT,-58.9440,1996.8000,-61.4000,-58.9440,-2.4560,-0.02658009,-0.02551688,-2.4560,-58.9440,-0.02551688,-2.4560,-2.4560,-2.4560,-3.6840,-3.6840,-58.9440,-0.02551688,-14.7360,-13.4004,-46.6640,-47.9996,-0.02020087,-0.02077906,-0.00106320,85.5556,77.0370,-2.2741,-61.4000,-4.7231,2310.0000,27.0000,,85.5556,42.5,70.0,90.0,100.0,232.8999,408.0,70.0,28.5,3.327142,5.828571,1.222222,12,13,2,2,0E-8,-0.02658009,,0E-8,0.000000,0.900433,0.000000,,2026-06-11,2026-06-11,1,13,12,1,1.000000,,,0.000000,,,,,,,,GLOBAL_BASELINE_NO_ENTITY_RANKING,,,NOT_APPLICABLE_GLOBAL_BASELINE,HF9g-P5,,,,X 全窗基线 · 不参与实体赏罚,3928958,393,A168_HF9F_20260827_0900,2026-08-27 09:00:00
2026-06-11,151318312,2127,0,210.0000000000,-132.0000000000,-132.0000000000,0.3333333,3,3,0.50218230000000000,0.502182300000,-0.5849155494134425,-0.5849155494134426,-0.5849155494134425,0E-17,ELIGIBLE,R03b_20260811_FULL_v1,L1_ELIGIBILITY,v2026-08-11,2026-03-21..2026-08-06,baccarat_bet02_101_all_pairs_incl_sentinel,round_win = game_pnl > 0 (decisive only),COMPATIBILITY_ONLY_NOT_PRODUCTION,2310.0000,2080.0000,-61.4000,27,27,0.02658009,,0.02658009,0.02658009,61.4000,2310.0000,THIN_EXPOSURE,0.0000,-2.4560,4.0000,96.0000,AG03-UNRESOLVED,ALL5_LEVELS_bet23_to_bet27,-2.4560,-2.4560,-2.4560,-3.6840,-3.6840,4.000000,4.000000,4.000000,6.000000,6.000000,96.000000,96.000000,96.000000,94.000000,94.000000,5.0,-14.7360,-13.4004,-46.6640,-47.9996,PENDING_AG03,FALSE,NOT_FOR_ENFORCEMENT,-58.9440,1996.8000,-61.4000,-58.9440,-2.4560,-0.02658009,-0.02551688,-2.4560,-58.9440,-0.02551688,-2.4560,-2.4560,-2.4560,-3.6840,-3.6840,-58.9440,-0.02551688,-14.7360,-13.4004,-46.6640,-47.9996,-0.02020087,-0.02077906,-0.00106320,85.5556,77.0370,-2.2741,-61.4000,-4.7231,2310.0000,27.0000,,85.5556,42.5,70.0,90.0,100.0,232.8999,408.0,70.0,28.5,3.327142,5.828571,1.222222,12,13,2,2,0E-8,-0.02658009,,0E-8,0.000000,0.900433,0.000000,,2026-06-11,2026-06-11,1,13,12,1,1.000000,,,0.000000,,,,,,,,GLOBAL_BASELINE_NO_ENTITY_RANKING,,,NOT_APPLICABLE_GLOBAL_BASELINE,HF9g-P5,,,,X 全窗基线 · 不参与实体赏罚,3928959,393,A168_HF9F_20260827_0900,2026-08-27 09:00:00
2026-06-11,151318312,2251,0,452.0000000000,279.9000000000,279.9000000000,0.8000000,5,5,0.50128862000000000,0.501288620000,1.335882339249048,1.335882339249048,1.335882339249048,0E-17,ELIGIBLE,R03b_20260811_FULL_v1,L1_ELIGIBILITY,v2026-08-11,2026-03-21..2026-08-06,baccarat_bet02_101_all_pairs_incl_sentinel,round_win = game_pnl > 0 (decisive only),COMPATIBILITY_ONLY_NOT_PRODUCTION,2310.0000,2080.0000,-61.4000,27,27,0.02658009,,0.02658009,0.02658009,61.4000,2310.0000,THIN_EXPOSURE,0.0000,-2.4560,4.0000,96.0000,AG03-UNRESOLVED,ALL5_LEVELS_bet23_to_bet27,-2.4560,-2.4560,-2.4560,-3.6840,-3.6840,4.000000,4.000000,4.000000,6.000000,6.000000,96.000000,96.000000,96.000000,94.000000,94.000000,5.0,-14.7360,-13.4004,-46.6640,-47.9996,PENDING_AG03,FALSE,NOT_FOR_ENFORCEMENT,-58.9440,1996.8000,-61.4000,-58.9440,-2.4560,-0.02658009,-0.02551688,-2.4560,-58.9440,-0.02551688,-2.4560,-2.4560,-2.4560,-3.6840,-3.6840,-58.9440,-0.02551688,-14.7360,-13.4004,-46.6640,-47.9996,-0.02020087,-0.02077906,-0.00106320,85.5556,77.0370,-2.2741,-61.4000,-4.7231,2310.0000,27.0000,,85.5556,42.5,70.0,90.0,100.0,232.8999,408.0,70.0,28.5,3.327142,5.828571,1.222222,12,13,2,2,0E-8,-0.02658009,,0E-8,0.000000,0.900433,0.000000,,2026-06-11,2026-06-11,1,13,12,1,1.000000,,,0.000000,,,,,,,,GLOBAL_BASELINE_NO_ENTITY_RANKING,,,NOT_APPLICABLE_GLOBAL_BASELINE,HF9g-P5,,,,X 全窗基线 · 不参与实体赏罚,3928960,393,A168_HF9F_20260827_0900,2026-08-27 09:00:00
2026-06-11,151318312,2261,0,140.0000000000,-21.5000000000,-21.5000000000,0.5000000,3,3,0.49771390000000000,0.497713900000,0.006466134837551399,0.0064661348375514,0.006466134837551399,0E-17,ELIGIBLE,R03b_20260811_FULL_v1,L1_ELIGIBILITY,v2026-08-11,2026-03-21..2026-08-06,baccarat_bet02_101_all_pairs_incl_sentinel,round_win = game_pnl > 0 (decisive only),COMPATIBILITY_ONLY_NOT_PRODUCTION,2310.0000,2080.0000,-61.4000,27,27,0.02658009,,0.02658009,0.02658009,61.4000,2310.0000,THIN_EXPOSURE,0.0000,-2.4560,4.0000,96.0000,AG03-UNRESOLVED,ALL5_LEVELS_bet23_to_bet27,-2.4560,-2.4560,-2.4560,-3.6840,-3.6840,4.000000,4.000000,4.000000,6.000000,6.000000,96.000000,96.000000,96.000000,94.000000,94.000000,5.0,-14.7360,-13.4004,-46.6640,-47.9996,PENDING_AG03,FALSE,NOT_FOR_ENFORCEMENT,-58.9440,1996.8000,-61.4000,-58.9440,-2.4560,-0.02658009,-0.02551688,-2.4560,-58.9440,-0.02551688,-2.4560,-2.4560,-2.4560,-3.6840,-3.6840,-58.9440,-0.02551688,-14.7360,-13.4004,-46.6640,-47.9996,-0.02020087,-0.02077906,-0.00106320,85.5556,77.0370,-2.2741,-61.4000,-4.7231,2310.0000,27.0000,,85.5556,42.5,70.0,90.0,100.0,232.8999,408.0,70.0,28.5,3.327142,5.828571,1.222222,12,13,2,2,0E-8,-0.02658009,,0E-8,0.000000,0.900433,0.000000,,2026-06-11,2026-06-11,1,13,12,1,1.000000,,,0.000000,,,,,,,,GLOBAL_BASELINE_NO_ENTITY_RANKING,,,NOT_APPLICABLE_GLOBAL_BASELINE,HF9g-P5,,,,X 全窗基线 · 不参与实体赏罚,3928961,393,A168_HF9F_20260827_0900,2026-08-27 09:00:00
2026-06-11,151318312,2271,0,408.0000000000,-408.0000000000,-408.0000000000,0E-7,1,1,0.50665070000000000,0.506650700000,-1.013391052207602,-1.013391052207602,-1.013391052207602,0E-17,ELIGIBLE,R03b_20260811_FULL_v1,L1_ELIGIBILITY,v2026-08-11,2026-03-21..2026-08-06,baccarat_bet02_101_all_pairs_incl_sentinel,round_win = game_pnl > 0 (decisive only),COMPATIBILITY_ONLY_NOT_PRODUCTION,2310.0000,2080.0000,-61.4000,27,27,0.02658009,,0.02658009,0.02658009,61.4000,2310.0000,THIN_EXPOSURE,0.0000,-2.4560,4.0000,96.0000,AG03-UNRESOLVED,ALL5_LEVELS_bet23_to_bet27,-2.4560,-2.4560,-2.4560,-3.6840,-3.6840,4.000000,4.000000,4.000000,6.000000,6.000000,96.000000,96.000000,96.000000,94.000000,94.000000,5.0,-14.7360,-13.4004,-46.6640,-47.9996,PENDING_AG03,FALSE,NOT_FOR_ENFORCEMENT,-58.9440,1996.8000,-61.4000,-58.9440,-2.4560,-0.02658009,-0.02551688,-2.4560,-58.9440,-0.02551688,-2.4560,-2.4560,-2.4560,-3.6840,-3.6840,-58.9440,-0.02551688,-14.7360,-13.4004,-46.6640,-47.9996,-0.02020087,-0.02077906,-0.00106320,85.5556,77.0370,-2.2741,-61.4000,-4.7231,2310.0000,27.0000,,85.5556,42.5,70.0,90.0,100.0,232.8999,408.0,70.0,28.5,3.327142,5.828571,1.222222,12,13,2,2,0E-8,-0.02658009,,0E-8,0.000000,0.900433,0.000000,,2026-06-11,2026-06-11,1,13,12,1,1.000000,,,0.000000,,,,,,,,GLOBAL_BASELINE_NO_ENTITY_RANKING,,,NOT_APPLICABLE_GLOBAL_BASELINE,HF9g-P5,,,,X 全窗基线 · 不参与实体赏罚,3928962,393,A168_HF9F_20260827_0900,2026-08-27 09:00:00
2026-03-22,145549077,2106,0,87.6654685720,35.0661874288,35.0661874288,0.6666667,3,3,0.49324550000000000,0.493245500000,0.6008033672792107,0.6008033672792106,0.6008033672792107,0E-17,ELIGIBLE,R03b_20260811_FULL_v1,L1_ELIGIBILITY,v2026-08-11,2026-03-21..2026-08-06,baccarat_bet02_101_all_pairs_incl_sentinel,round_win = game_pnl > 0 (decisive only),COMPATIBILITY_ONLY_NOT_PRODUCTION,254.6462,219.5245,-61.3936,12,12,0.24109368,,0.24109368,0.24109368,61.3936,254.6462,THIN_EXPOSURE,0.0000,-2.4557,4.0000,96.0000,AG03-UNRESOLVED,ALL5_LEVELS_bet23_to_bet27,-2.4557,-2.4557,-2.4557,-2.4557,-2.4557,4.000000,4.000000,4.000000,4.000000,4.000000,96.000000,96.000000,96.000000,96.000000,96.000000,5.0,-12.2787,-11.3349,-49.1149,-50.0587,PENDING_AG03,FALSE,NOT_FOR_ENFORCEMENT,-58.9378,210.7435,-61.3936,-58.9378,-2.4557,-0.24109368,-0.23144993,-2.4557,-58.9378,-0.23144993,-2.4557,-2.4557,-2.4557,-2.4557,-2.4557,-58.9378,-0.23144993,-12.2787,-11.3349,-49.1149,-50.0587,-0.19287494,-0.1965812,-0.00964375,21.2205,18.2937,-5.1161,-15.3484,-15.3484,63.6615,3.0000,,21.2205,17.5886,17.5886,26.2996,28.9879,34.1979,35.0662,17.5886,8.7665,1.944319,1.993688,1.206492,3,4,3,1,0E-8,-0.24109368,,0E-8,0.000000,0.862076,0.000000,,2026-03-22,2026-04-04,4,4,4,14,0.285714,,,0.000000,,,,,,,,GLOBAL_BASELINE_NO_ENTITY_RANKING,,,NOT_APPLICABLE_GLOBAL_BASELINE,HF9g-P5,,,,X 全窗基线 · 不参与实体赏罚,3928963,393,A168_HF9F_20260827_0900,2026-08-27 09:00:00
2026-03-23,145549077,2127,0,35.0661874288,17.5330937144,17.5330937144,1.0000000,2,2,0.49324550000000000,0.493245500000,1.01360149184955,1.01360149184955,1.01360149184955,0E-17,ELIGIBLE,R03b_20260811_FULL_v1,L1_ELIGIBILITY,v2026-08-11,2026-03-21..2026-08-06,baccarat_bet02_101_all_pairs_incl_sentinel,round_win = game_pnl > 0 (decisive only),COMPATIBILITY_ONLY_NOT_PRODUCTION,254.6462,219.5245,-61.3936,12,12,0.24109368,,0.24109368,0.24109368,61.3936,254.6462,THIN_EXPOSURE,0.0000,-2.4557,4.0000,96.0000,AG03-UNRESOLVED,ALL5_LEVELS_bet23_to_bet27,-2.4557,-2.4557,-2.4557,-2.4557,-2.4557,4.000000,4.000000,4.000000,4.000000,4.000000,96.000000,96.000000,96.000000,96.000000,96.000000,5.0,-12.2787,-11.3349,-49.1149,-50.0587,PENDING_AG03,FALSE,NOT_FOR_ENFORCEMENT,-58.9378,210.7435,-61.3936,-58.9378,-2.4557,-0.24109368,-0.23144993,-2.4557,-58.9378,-0.23144993,-2.4557,-2.4557,-2.4557,-2.4557,-2.4557,-58.9378,-0.23144993,-12.2787,-11.3349,-49.1149,-50.0587,-0.19287494,-0.1965812,-0.00964375,21.2205,18.2937,-5.1161,-15.3484,-15.3484,63.6615,3.0000,,21.2205,17.5886,17.5886,26.2996,28.9879,34.1979,35.0662,17.5886,8.7665,1.944319,1.993688,1.206492,3,4,3,1,0E-8,-0.24109368,,0E-8,0.000000,0.862076,0.000000,,2026-03-22,2026-04-04,4,4,4,14,0.285714,,,0.000000,,,,,,,,GLOBAL_BASELINE_NO_ENTITY_RANKING,,,NOT_APPLICABLE_GLOBAL_BASELINE,HF9g-P5,,,,X 全窗基线 · 不参与实体赏罚,3928964,393,A168_HF9F_20260827_0900,2026-08-27 09:00:00
2026-04-01,145549077,2130,0,52.7658077565,0E-10,0E-10,0.5000000,3,3,0.49324550000000000,0.493245500000,0.01910635448239258,0.01910635448239258,0.01910635448239258,0E-17,ELIGIBLE,R03b_20260811_FULL_v1,L1_ELIGIBILITY,v2026-08-11,2026-03-21..2026-08-06,baccarat_bet02_101_all_pairs_incl_sentinel,round_win = game_pnl > 0 (decisive only),COMPATIBILITY_ONLY_NOT_PRODUCTION,254.6462,219.5245,-61.3936,12,12,0.24109368,,0.24109368,0.24109368,61.3936,254.6462,THIN_EXPOSURE,0.0000,-2.4557,4.0000,96.0000,AG03-UNRESOLVED,ALL5_LEVELS_bet23_to_bet27,-2.4557,-2.4557,-2.4557,-2.4557,-2.4557,4.000000,4.000000,4.000000,4.000000,4.000000,96.000000,96.000000,96.000000,96.000000,96.000000,5.0,-12.2787,-11.3349,-49.1149,-50.0587,PENDING_AG03,FALSE,NOT_FOR_ENFORCEMENT,-58.9378,210.7435,-61.3936,-58.9378,-2.4557,-0.24109368,-0.23144993,-2.4557,-58.9378,-0.23144993,-2.4557,-2.4557,-2.4557,-2.4557,-2.4557,-58.9378,-0.23144993,-12.2787,-11.3349,-49.1149,-50.0587,-0.19287494,-0.1965812,-0.00964375,21.2205,18.2937,-5.1161,-15.3484,-15.3484,63.6615,3.0000,,21.2205,17.5886,17.5886,26.2996,28.9879,34.1979,35.0662,17.5886,8.7665,1.944319,1.993688,1.206492,3,4,3,1,0E-8,-0.24109368,,0E-8,0.000000,0.862076,0.000000,,2026-03-22,2026-04-04,4,4,4,14,0.285714,,,0.000000,,,,,,,,GLOBAL_BASELINE_NO_ENTITY_RANKING,,,NOT_APPLICABLE_GLOBAL_BASELINE,HF9g-P5,,,,X 全窗基线 · 不参与实体赏罚,3928965,393,A168_HF9F_20260827_0900,2026-08-27 09:00:00
2026-04-04,145549077,1363,0,79.1487116348,8.7943012928,8.7943012928,0.5000000,4,4,0.49324550000000000,0.493245500000,0.027020465636507562,0.027020465636507562,0.027020465636507562,0E-17,ELIGIBLE,R03b_20260811_FULL_v1,L1_ELIGIBILITY,v2026-08-11,2026-03-21..2026-08-06,baccarat_bet02_101_all_pairs_incl_sentinel,round_win = game_pnl > 0 (decisive only),COMPATIBILITY_ONLY_NOT_PRODUCTION,254.6462,219.5245,-61.3936,12,12,0.24109368,,0.24109368,0.24109368,61.3936,254.6462,THIN_EXPOSURE,0.0000,-2.4557,4.0000,96.0000,AG03-UNRESOLVED,ALL5_LEVELS_bet23_to_bet27,-2.4557,-2.4557,-2.4557,-2.4557,-2.4557,4.000000,4.000000,4.000000,4.000000,4.000000,96.000000,96.000000,96.000000,96.000000,96.000000,5.0,-12.2787,-11.3349,-49.1149,-50.0587,PENDING_AG03,FALSE,NOT_FOR_ENFORCEMENT,-58.9378,210.7435,-61.3936,-58.9378,-2.4557,-0.24109368,-0.23144993,-2.4557,-58.9378,-0.23144993,-2.4557,-2.4557,-2.4557,-2.4557,-2.4557,-58.9378,-0.23144993,-12.2787,-11.3349,-49.1149,-50.0587,-0.19287494,-0.1965812,-0.00964375,21.2205,18.2937,-5.1161,-15.3484,-15.3484,63.6615,3.0000,,21.2205,17.5886,17.5886,26.2996,28.9879,34.1979,35.0662,17.5886,8.7665,1.944319,1.993688,1.206492,3,4,3,1,0E-8,-0.24109368,,0E-8,0.000000,0.862076,0.000000,,2026-03-22,2026-04-04,4,4,4,14,0.285714,,,0.000000,,,,,,,,GLOBAL_BASELINE_NO_ENTITY_RANKING,,,NOT_APPLICABLE_GLOBAL_BASELINE,HF9g-P5,,,,X 全窗基线 · 不参与实体赏罚,3928966,393,A168_HF9F_20260827_0900,2026-08-27 09:00:00
2026-06-18,151734069,2205,0,155.7858878755,60.7564962715,60.7564962715,0.7500000,5,5,0.50128862000000000,0.501288620000,0.9948488239810122,0.9948488239810122,0.9948488239810122,0E-17,ELIGIBLE,R03b_20260811_FULL_v1,L1_ELIGIBILITY,v2026-08-11,2026-03-21..2026-08-06,baccarat_bet02_101_all_pairs_incl_sentinel,round_win = game_pnl > 0 (decisive only),COMPATIBILITY_ONLY_NOT_PRODUCTION,155.7859,124.6287,-60.7565,5,5,0.39000000,,0.39000000,0.39000000,60.7565,155.7859,THIN_EXPOSURE,0.0000,-1.8227,3.0000,97.0000,AG03-UNRESOLVED,ALL5_LEVELS_bet23_to_bet27,-1.8227,-1.8227,-1.8227,0.0000,0.0000,3.000000,3.000000,3.000000,0.000000,0.000000,97.000000,97.000000,97.000000,100.000000,100.000000,5.0,-5.4681,-5.3057,-55.2884,-55.4508,PENDING_AG03,FALSE,NOT_FOR_ENFORCEMENT,-58.9338,120.8898,-60.7565,-58.9338,-1.8227,-0.39000000,-0.37830000,-1.8227,-58.9338,-0.37830000,-1.8227,-1.8227,-1.8227,0.0000,0.0000,-58.9338,-0.37830000,-5.4681,-5.3057,-55.2884,-55.4508,-0.35490000,-0.35594247,-0.01170000,31.1572,24.9257,-12.1513,-60.7565,-60.7565,155.7859,5.0000,,31.1572,31.1572,31.1572,31.1572,31.1572,31.1572,31.1572,31.1572,29.5993,1.0,1.0,1.0,1,1,1,2,0E-8,-0.39000000,,0E-8,0.000000,0.800000,0.000000,,2026-06-18,2026-06-18,1,1,1,1,1.000000,,,0.000000,,,,,,,,GLOBAL_BASELINE_NO_ENTITY_RANKING,,,NOT_APPLICABLE_GLOBAL_BASELINE,HF9g-P5,,,,X 全窗基线 · 不参与实体赏罚,3928967,393,A168_HF9F_20260827_0900,2026-08-27 09:00:00
2026-05-11,149892274,-1,1,199.2631415080,69.5345337554,69.5345337554,0.5000000,2,2,0.49994810000000000,0.499948100000,0.00014679536856514622,0.00014679536856514622,0.00014679536856514622,0E-17,SENTINEL_DEALER,R03b_20260811_FULL_v1,L1_ELIGIBILITY,v2026-08-11,2026-03-21..2026-08-06,baccarat_bet02_101_all_pairs_incl_sentinel,round_win = game_pnl > 0 (decisive only),COMPATIBILITY_ONLY_NOT_PRODUCTION,448.0826,448.0826,-61.3876,7,7,0.13700058,,0.13700058,0.13700058,61.3876,448.0826,THIN_EXPOSURE,0.0000,-2.4555,4.0000,96.0000,AG03-UNRESOLVED,ALL5_LEVELS_bet23_to_bet27,-2.4555,-2.4555,-2.4555,-3.0694,-3.0694,4.000000,4.000000,4.000000,5.000000,5.000000,96.000000,96.000000,96.000000,95.000000,95.000000,5.0,-13.5053,-12.3712,-47.8823,-49.0164,PENDING_AG03,FALSE,NOT_FOR_ENFORCEMENT,-58.9321,430.1593,-61.3876,-58.9321,-2.4555,-0.13700058,-0.13152056,-2.4555,-58.9321,-0.13152056,-2.4555,-2.4555,-2.4555,-3.0694,-3.0694,-58.9321,-0.13152056,-13.5053,-12.3712,-47.8823,-49.0164,-0.10686045,-0.10939143,-0.00548002,64.0118,64.0118,-8.7697,-61.3876,-10.2313,448.0826,7.0000,,64.0118,20.9512,58.6373,111.9558,133.0497,134.3988,134.3988,58.6373,17.2539,2.292035,2.292035,1.091656,6,5,1,2,0E-8,-0.13700058,,0E-8,0.000000,1.000000,0.000000,,2026-05-11,2026-05-11,1,6,6,1,1.000000,,,0.000000,,,,,,,,GLOBAL_BASELINE_NO_ENTITY_RANKING,,,NOT_APPLICABLE_GLOBAL_BASELINE,HF9g-P5,,,,X 全窗基线 · 不参与实体赏罚,3928968,393,A168_HF9F_20260827_0900,2026-08-27 09:00:00
2026-05-11,149892274,1331,0,76.7993357896,75.8912355353,75.8912355353,1.0000000,2,2,0.49994810000000000,0.499948100000,1.4143603653603398,1.4143603653603398,1.4143603653603398,0E-17,ELIGIBLE,R03b_20260811_FULL_v1,L1_ELIGIBILITY,v2026-08-11,2026-03-21..2026-08-06,baccarat_bet02_101_all_pairs_incl_sentinel,round_win = game_pnl > 0 (decisive only),COMPATIBILITY_ONLY_NOT_PRODUCTION,448.0826,448.0826,-61.3876,7,7,0.13700058,,0.13700058,0.13700058,61.3876,448.0826,THIN_EXPOSURE,0.0000,-2.4555,4.0000,96.0000,AG03-UNRESOLVED,ALL5_LEVELS_bet23_to_bet27,-2.4555,-2.4555,-2.4555,-3.0694,-3.0694,4.000000,4.000000,4.000000,5.000000,5.000000,96.000000,96.000000,96.000000,95.000000,95.000000,5.0,-13.5053,-12.3712,-47.8823,-49.0164,PENDING_AG03,FALSE,NOT_FOR_ENFORCEMENT,-58.9321,430.1593,-61.3876,-58.9321,-2.4555,-0.13700058,-0.13152056,-2.4555,-58.9321,-0.13152056,-2.4555,-2.4555,-2.4555,-3.0694,-3.0694,-58.9321,-0.13152056,-13.5053,-12.3712,-47.8823,-49.0164,-0.10686045,-0.10939143,-0.00548002,64.0118,64.0118,-8.7697,-61.3876,-10.2313,448.0826,7.0000,,64.0118,20.9512,58.6373,111.9558,133.0497,134.3988,134.3988,58.6373,17.2539,2.292035,2.292035,1.091656,6,5,1,2,0E-8,-0.13700058,,0E-8,0.000000,1.000000,0.000000,,2026-05-11,2026-05-11,1,6,6,1,1.000000,,,0.000000,,,,,,,,GLOBAL_BASELINE_NO_ENTITY_RANKING,,,NOT_APPLICABLE_GLOBAL_BASELINE,HF9g-P5,,,,X 全窗基线 · 不参与实体赏罚,3928969,393,A168_HF9F_20260827_0900,2026-08-27 09:00:00
2026-05-11,149892274,2174,0,29.3186653521,29.3186653521,29.3186653521,1.0000000,1,1,0.49324550000000000,0.493245500000,1.01360149184955,1.01360149184955,1.01360149184955,0E-17,ELIGIBLE,R03b_20260811_FULL_v1,L1_ELIGIBILITY,v2026-08-11,2026-03-21..2026-08-06,baccarat_bet02_101_all_pairs_incl_sentinel,round_win = game_pnl > 0 (decisive only),COMPATIBILITY_ONLY_NOT_PRODUCTION,448.0826,448.0826,-61.3876,7,7,0.13700058,,0.13700058,0.13700058,61.3876,448.0826,THIN_EXPOSURE,0.0000,-2.4555,4.0000,96.0000,AG03-UNRESOLVED,ALL5_LEVELS_bet23_to_bet27,-2.4555,-2.4555,-2.4555,-3.0694,-3.0694,4.000000,4.000000,4.000000,5.000000,5.000000,96.000000,96.000000,96.000000,95.000000,95.000000,5.0,-13.5053,-12.3712,-47.8823,-49.0164,PENDING_AG03,FALSE,NOT_FOR_ENFORCEMENT,-58.9321,430.1593,-61.3876,-58.9321,-2.4555,-0.13700058,-0.13152056,-2.4555,-58.9321,-0.13152056,-2.4555,-2.4555,-2.4555,-3.0694,-3.0694,-58.9321,-0.13152056,-13.5053,-12.3712,-47.8823,-49.0164,-0.10686045,-0.10939143,-0.00548002,64.0118,64.0118,-8.7697,-61.3876,-10.2313,448.0826,7.0000,,64.0118,20.9512,58.6373,111.9558,133.0497,134.3988,134.3988,58.6373,17.2539,2.292035,2.292035,1.091656,6,5,1,2,0E-8,-0.13700058,,0E-8,0.000000,1.000000,0.000000,,2026-05-11,2026-05-11,1,6,6,1,1.000000,,,0.000000,,,,,,,,GLOBAL_BASELINE_NO_ENTITY_RANKING,,,NOT_APPLICABLE_GLOBAL_BASELINE,HF9g-P5,,,,X 全窗基线 · 不参与实体赏罚,3928970,393,A168_HF9F_20260827_0900,2026-08-27 09:00:00
2026-05-11,149892274,2177,0,15.0485184993,14.2960925743,14.2960925743,1.0000000,1,1,0.50665070000000000,0.506650700000,0.9867858985152569,0.9867858985152569,0.9867858985152569,0E-17,ELIGIBLE,R03b_20260811_FULL_v1,L1_ELIGIBILITY,v2026-08-11,2026-03-21..2026-08-06,baccarat_bet02_101_all_pairs_incl_sentinel,round_win = game_pnl > 0 (decisive only),COMPATIBILITY_ONLY_NOT_PRODUCTION,448.0826,448.0826,-61.3876,7,7,0.13700058,,0.13700058,0.13700058,61.3876,448.0826,THIN_EXPOSURE,0.0000,-2.4555,4.0000,96.0000,AG03-UNRESOLVED,ALL5_LEVELS_bet23_to_bet27,-2.4555,-2.4555,-2.4555,-3.0694,-3.0694,4.000000,4.000000,4.000000,5.000000,5.000000,96.000000,96.000000,96.000000,95.000000,95.000000,5.0,-13.5053,-12.3712,-47.8823,-49.0164,PENDING_AG03,FALSE,NOT_FOR_ENFORCEMENT,-58.9321,430.1593,-61.3876,-58.9321,-2.4555,-0.13700058,-0.13152056,-2.4555,-58.9321,-0.13152056,-2.4555,-2.4555,-2.4555,-3.0694,-3.0694,-58.9321,-0.13152056,-13.5053,-12.3712,-47.8823,-49.0164,-0.10686045,-0.10939143,-0.00548002,64.0118,64.0118,-8.7697,-61.3876,-10.2313,448.0826,7.0000,,64.0118,20.9512,58.6373,111.9558,133.0497,134.3988,134.3988,58.6373,17.2539,2.292035,2.292035,1.091656,6,5,1,2,0E-8,-0.13700058,,0E-8,0.000000,1.000000,0.000000,,2026-05-11,2026-05-11,1,6,6,1,1.000000,,,0.000000,,,,,,,,GLOBAL_BASELINE_NO_ENTITY_RANKING,,,NOT_APPLICABLE_GLOBAL_BASELINE,HF9g-P5,,,,X 全窗基线 · 不参与实体赏罚,3928971,393,A168_HF9F_20260827_0900,2026-08-27 09:00:00
2026-05-11,149892274,2248,0,127.6529500285,-127.6529500285,-127.6529500285,0E-7,1,1,0.49324550000000000,0.493245500000,-0.9865810262130424,-0.9865810262130424,-0.9865810262130424,0E-17,ELIGIBLE,R03b_20260811_FULL_v1,L1_ELIGIBILITY,v2026-08-11,2026-03-21..2026-08-06,baccarat_bet02_101_all_pairs_incl_sentinel,round_win = game_pnl > 0 (decisive only),COMPATIBILITY_ONLY_NOT_PRODUCTION,448.0826,448.0826,-61.3876,7,7,0.13700058,,0.13700058,0.13700058,61.3876,448.0826,THIN_EXPOSURE,0.0000,-2.4555,4.0000,96.0000,AG03-UNRESOLVED,ALL5_LEVELS_bet23_to_bet27,-2.4555,-2.4555,-2.4555,-3.0694,-3.0694,4.000000,4.000000,4.000000,5.000000,5.000000,96.000000,96.000000,96.000000,95.000000,95.000000,5.0,-13.5053,-12.3712,-47.8823,-49.0164,PENDING_AG03,FALSE,NOT_FOR_ENFORCEMENT,-58.9321,430.1593,-61.3876,-58.9321,-2.4555,-0.13700058,-0.13152056,-2.4555,-58.9321,-0.13152056,-2.4555,-2.4555,-2.4555,-3.0694,-3.0694,-58.9321,-0.13152056,-13.5053,-12.3712,-47.8823,-49.0164,-0.10686045,-0.10939143,-0.00548002,64.0118,64.0118,-8.7697,-61.3876,-10.2313,448.0826,7.0000,,64.0118,20.9512,58.6373,111.9558,133.0497,134.3988,134.3988,58.6373,17.2539,2.292035,2.292035,1.091656,6,5,1,2,0E-8,-0.13700058,,0E-8,0.000000,1.000000,0.000000,,2026-05-11,2026-05-11,1,6,6,1,1.000000,,,0.000000,,,,,,,,GLOBAL_BASELINE_NO_ENTITY_RANKING,,,NOT_APPLICABLE_GLOBAL_BASELINE,HF9g-P5,,,,X 全窗基线 · 不参与实体赏罚,3928972,393,A168_HF9F_20260827_0900,2026-08-27 09:00:00
2026-04-08,148379206,2123,0,65.4398869199,36.6463366751,36.6463366751,0.6666667,3,3,0.50218230000000000,0.502182300000,0.5697959874915163,0.5697959874915164,0.5697959874915163,0E-17,ELIGIBLE,R03b_20260811_FULL_v1,L1_ELIGIBILITY,v2026-08-11,2026-03-21..2026-08-06,baccarat_bet02_101_all_pairs_incl_sentinel,round_win = game_pnl > 0 (decisive only),COMPATIBILITY_ONLY_NOT_PRODUCTION,96.8510,96.8510,-61.3826,6,6,0.63378378,,0.63378378,0.63378378,61.3826,96.8510,THIN_EXPOSURE,0.0000,-2.4553,4.0000,96.0000,AG03-UNRESOLVED,ALL5_LEVELS_bet23_to_bet27,-2.4553,-2.4553,-3.0691,-3.0691,-3.0691,4.000000,4.000000,5.000000,5.000000,5.000000,96.000000,96.000000,95.000000,95.000000,95.000000,5.0,-14.1180,-12.8807,-47.2646,-48.5019,PENDING_AG03,FALSE,NOT_FOR_ENFORCEMENT,-58.9273,92.9770,-61.3826,-58.9273,-2.4553,-0.63378378,-0.60843243,-2.4553,-58.9273,-0.60843243,-2.4553,-2.4553,-3.0691,-3.0691,-3.0691,-58.9273,-0.60843243,-14.1180,-12.8807,-47.2646,-48.5019,-0.48801351,-0.50078857,-0.02535135,16.1418,16.1418,-10.2304,-30.6913,-30.6913,48.4255,3.0000,,16.1418,2.6176,13.088,26.176,37.9551,39.2639,39.2639,13.088,7.4601,3.0,3.0,1.233333,2,3,1,2,0E-8,-0.63378378,,0E-8,0.000000,1.000000,0.000000,,2026-04-08,2026-04-10,2,2,2,3,0.666667,,,0.000000,,,,,,,,GLOBAL_BASELINE_NO_ENTITY_RANKING,,,NOT_APPLICABLE_GLOBAL_BASELINE,HF9g-P5,,,,X 全窗基线 · 不参与实体赏罚,3928973,393,A168_HF9F_20260827_0900,2026-08-27 09:00:00
2026-04-10,148379206,2177,0,5.2351909536,-0.1308797738,-0.1308797738,0.5000000,2,2,0.50665070000000000,0.506650700000,-0.018812684590367487,-0.018812684590367487,-0.018812684590367487,0E-17,ELIGIBLE,R03b_20260811_FULL_v1,L1_ELIGIBILITY,v2026-08-11,2026-03-21..2026-08-06,baccarat_bet02_101_all_pairs_incl_sentinel,round_win = game_pnl > 0 (decisive only),COMPATIBILITY_ONLY_NOT_PRODUCTION,96.8510,96.8510,-61.3826,6,6,0.63378378,,0.63378378,0.63378378,61.3826,96.8510,THIN_EXPOSURE,0.0000,-2.4553,4.0000,96.0000,AG03-UNRESOLVED,ALL5_LEVELS_bet23_to_bet27,-2.4553,-2.4553,-3.0691,-3.0691,-3.0691,4.000000,4.000000,5.000000,5.000000,5.000000,96.000000,96.000000,95.000000,95.000000,95.000000,5.0,-14.1180,-12.8807,-47.2646,-48.5019,PENDING_AG03,FALSE,NOT_FOR_ENFORCEMENT,-58.9273,92.9770,-61.3826,-58.9273,-2.4553,-0.63378378,-0.60843243,-2.4553,-58.9273,-0.60843243,-2.4553,-2.4553,-3.0691,-3.0691,-3.0691,-58.9273,-0.60843243,-14.1180,-12.8807,-47.2646,-48.5019,-0.48801351,-0.50078857,-0.02535135,16.1418,16.1418,-10.2304,-30.6913,-30.6913,48.4255,3.0000,,16.1418,2.6176,13.088,26.176,37.9551,39.2639,39.2639,13.088,7.4601,3.0,3.0,1.233333,2,3,1,2,0E-8,-0.63378378,,0E-8,0.000000,1.000000,0.000000,,2026-04-08,2026-04-10,2,2,2,3,0.666667,,,0.000000,,,,,,,,GLOBAL_BASELINE_NO_ENTITY_RANKING,,,NOT_APPLICABLE_GLOBAL_BASELINE,HF9g-P5,,,,X 全窗基线 · 不参与实体赏罚,3928974,393,A168_HF9F_20260827_0900,2026-08-27 09:00:00
2026-04-10,148379206,986,0,26.1759547680,24.8671570296,24.8671570296,1.0000000,1,1,0.50665070000000000,0.506650700000,0.9867858985152569,0.9867858985152569,0.9867858985152569,0E-17,ELIGIBLE,R03b_20260811_FULL_v1,L1_ELIGIBILITY,v2026-08-11,2026-03-21..2026-08-06,baccarat_bet02_101_all_pairs_incl_sentinel,round_win = game_pnl > 0 (decisive only),COMPATIBILITY_ONLY_NOT_PRODUCTION,96.8510,96.8510,-61.3826,6,6,0.63378378,,0.63378378,0.63378378,61.3826,96.8510,THIN_EXPOSURE,0.0000,-2.4553,4.0000,96.0000,AG03-UNRESOLVED,ALL5_LEVELS_bet23_to_bet27,-2.4553,-2.4553,-3.0691,-3.0691,-3.0691,4.000000,4.000000,5.000000,5.000000,5.000000,96.000000,96.000000,95.000000,95.000000,95.000000,5.0,-14.1180,-12.8807,-47.2646,-48.5019,PENDING_AG03,FALSE,NOT_FOR_ENFORCEMENT,-58.9273,92.9770,-61.3826,-58.9273,-2.4553,-0.63378378,-0.60843243,-2.4553,-58.9273,-0.60843243,-2.4553,-2.4553,-3.0691,-3.0691,-3.0691,-58.9273,-0.60843243,-14.1180,-12.8807,-47.2646,-48.5019,-0.48801351,-0.50078857,-0.02535135,16.1418,16.1418,-10.2304,-30.6913,-30.6913,48.4255,3.0000,,16.1418,2.6176,13.088,26.176,37.9551,39.2639,39.2639,13.088,7.4601,3.0,3.0,1.233333,2,3,1,2,0E-8,-0.63378378,,0E-8,0.000000,1.000000,0.000000,,2026-04-08,2026-04-10,2,2,2,3,0.666667,,,0.000000,,,,,,,,GLOBAL_BASELINE_NO_ENTITY_RANKING,,,NOT_APPLICABLE_GLOBAL_BASELINE,HF9g-P5,,,,X 全窗基线 · 不参与实体赏罚,3928975,393,A168_HF9F_20260827_0900,2026-08-27 09:00:00
2026-04-01,129045088,1094,0,26.1759547680,-26.1759547680,-26.1759547680,0E-7,1,1,0.49324550000000000,0.493245500000,-0.9865810262130424,-0.9865810262130424,-0.9865810262130424,0E-17,ELIGIBLE,R03b_20260811_FULL_v1,L1_ELIGIBILITY,v2026-08-11,2026-03-21..2026-08-06,baccarat_bet02_101_all_pairs_incl_sentinel,round_win = game_pnl > 0 (decisive only),COMPATIBILITY_ONLY_NOT_PRODUCTION,3837.3950,3468.3140,-61.3826,225,217,0.01599591,,0.01599591,0.01599591,61.3826,3837.3950,OK,0.0000,-2.4553,4.0000,96.0000,AG03-UNRESOLVED,ALL5_LEVELS_bet23_to_bet27,-2.4553,-2.4553,-2.4553,-3.0691,-3.0691,4.000000,4.000000,4.000000,5.000000,5.000000,96.000000,96.000000,96.000000,95.000000,95.000000,5.0,-13.5042,-12.3702,-47.8784,-49.0124,PENDING_AG03,FALSE,NOT_FOR_ENFORCEMENT,-58.9273,3329.5814,-61.3826,-58.9273,-2.4553,-0.01599591,-0.01535607,-2.4553,-58.9273,-0.01535607,-2.4553,-2.4553,-2.4553,-3.0691,-3.0691,-58.9273,-0.01535607,-13.5042,-12.3702,-47.8784,-49.0124,-0.01247681,-0.01277232,-0.00063984,17.0551,15.9830,-0.2829,-30.6913,-4.3845,1918.6975,108.5000,,17.0551,10.4704,13.088,26.176,26.176,31.4111,41.8815,13.088,0.0,2.4,3.2,1.303111,10,18,2,3,0E-8,-0.01599591,,0E-8,0.000000,0.903820,0.200000,,2026-04-01,2026-04-17,2,14,12,17,0.117647,,,0.000000,,,,,,,,GLOBAL_BASELINE_NO_ENTITY_RANKING,,,NOT_APPLICABLE_GLOBAL_BASELINE,HF9g-P5,,,,X 全窗基线 · 不参与实体赏罚,3928976,393,A168_HF9F_20260827_0900,2026-08-27 09:00:00
2026-04-01,129045088,1157,0,408.3448943803,-94.2334371647,-94.2334371647,0.4117647,25,17,0.45206844897058124,0.405361276471,-0.333890905054187,0.053776107575655326,-0.333890905054187,0.04670717249958124,ELIGIBLE,R03b_20260811_FULL_v1,L1_ELIGIBILITY,v2026-08-11,2026-03-21..2026-08-06,baccarat_bet02_101_all_pairs_incl_sentinel,round_win = game_pnl > 0 (decisive only),COMPATIBILITY_ONLY_NOT_PRODUCTION,3837.3950,3468.3140,-61.3826,225,217,0.01599591,,0.01599591,0.01599591,61.3826,3837.3950,OK,0.0000,-2.4553,4.0000,96.0000,AG03-UNRESOLVED,ALL5_LEVELS_bet23_to_bet27,-2.4553,-2.4553,-2.4553,-3.0691,-3.0691,4.000000,4.000000,4.000000,5.000000,5.000000,96.000000,96.000000,96.000000,95.000000,95.000000,5.0,-13.5042,-12.3702,-47.8784,-49.0124,PENDING_AG03,FALSE,NOT_FOR_ENFORCEMENT,-58.9273,3329.5814,-61.3826,-58.9273,-2.4553,-0.01599591,-0.01535607,-2.4553,-58.9273,-0.01535607,-2.4553,-2.4553,-2.4553,-3.0691,-3.0691,-58.9273,-0.01535607,-13.5042,-12.3702,-47.8784,-49.0124,-0.01247681,-0.01277232,-0.00063984,17.0551,15.9830,-0.2829,-30.6913,-4.3845,1918.6975,108.5000,,17.0551,10.4704,13.088,26.176,26.176,31.4111,41.8815,13.088,0.0,2.4,3.2,1.303111,10,18,2,3,0E-8,-0.01599591,,0E-8,0.000000,0.903820,0.200000,,2026-04-01,2026-04-17,2,14,12,17,0.117647,,,0.000000,,,,,,,,GLOBAL_BASELINE_NO_ENTITY_RANKING,,,NOT_APPLICABLE_GLOBAL_BASELINE,HF9g-P5,,,,X 全窗基线 · 不参与实体赏罚,3928977,393,A168_HF9F_20260827_0900,2026-08-27 09:00:00
2026-04-01,129045088,1221,0,68.0574823968,-26.1759547680,-26.1759547680,0.2857143,7,7,0.49707555714285714,0.497075557143,-1.1184378527242427,-1.1184378527249965,-1.1184378527242427,-1.4286E-13,ELIGIBLE,R03b_20260811_FULL_v1,L1_ELIGIBILITY,v2026-08-11,2026-03-21..2026-08-06,baccarat_bet02_101_all_pairs_incl_sentinel,round_win = game_pnl > 0 (decisive only),COMPATIBILITY_ONLY_NOT_PRODUCTION,3837.3950,3468.3140,-61.3826,225,217,0.01599591,,0.01599591,0.01599591,61.3826,3837.3950,OK,0.0000,-2.4553,4.0000,96.0000,AG03-UNRESOLVED,ALL5_LEVELS_bet23_to_bet27,-2.4553,-2.4553,-2.4553,-3.0691,-3.0691,4.000000,4.000000,4.000000,5.000000,5.000000,96.000000,96.000000,96.000000,95.000000,95.000000,5.0,-13.5042,-12.3702,-47.8784,-49.0124,PENDING_AG03,FALSE,NOT_FOR_ENFORCEMENT,-58.9273,3329.5814,-61.3826,-58.9273,-2.4553,-0.01599591,-0.01535607,-2.4553,-58.9273,-0.01535607,-2.4553,-2.4553,-2.4553,-3.0691,-3.0691,-58.9273,-0.01535607,-13.5042,-12.3702,-47.8784,-49.0124,-0.01247681,-0.01277232,-0.00063984,17.0551,15.9830,-0.2829,-30.6913,-4.3845,1918.6975,108.5000,,17.0551,10.4704,13.088,26.176,26.176,31.4111,41.8815,13.088,0.0,2.4,3.2,1.303111,10,18,2,3,0E-8,-0.01599591,,0E-8,0.000000,0.903820,0.200000,,2026-04-01,2026-04-17,2,14,12,17,0.117647,,,0.000000,,,,,,,,GLOBAL_BASELINE_NO_ENTITY_RANKING,,,NOT_APPLICABLE_GLOBAL_BASELINE,HF9g-P5,,,,X 全窗基线 · 不参与实体赏罚,3928978,393,A168_HF9F_20260827_0900,2026-08-27 09:00:00
2026-04-01,129045088,1505,0,20.9407638144,19.8937256236,19.8937256236,1.0000000,2,2,0.50665070000000000,0.506650700000,1.3955260008387969,1.3955260008387969,1.3955260008387969,0E-17,ELIGIBLE,R03b_20260811_FULL_v1,L1_ELIGIBILITY,v2026-08-11,2026-03-21..2026-08-06,baccarat_bet02_101_all_pairs_incl_sentinel,round_win = game_pnl > 0 (decisive only),COMPATIBILITY_ONLY_NOT_PRODUCTION,3837.3950,3468.3140,-61.3826,225,217,0.01599591,,0.01599591,0.01599591,61.3826,3837.3950,OK,0.0000,-2.4553,4.0000,96.0000,AG03-UNRESOLVED,ALL5_LEVELS_bet23_to_bet27,-2.4553,-2.4553,-2.4553,-3.0691,-3.0691,4.000000,4.000000,4.000000,5.000000,5.000000,96.000000,96.000000,96.000000,95.000000,95.000000,5.0,-13.5042,-12.3702,-47.8784,-49.0124,PENDING_AG03,FALSE,NOT_FOR_ENFORCEMENT,-58.9273,3329.5814,-61.3826,-58.9273,-2.4553,-0.01599591,-0.01535607,-2.4553,-58.9273,-0.01535607,-2.4553,-2.4553,-2.4553,-3.0691,-3.0691,-58.9273,-0.01535607,-13.5042,-12.3702,-47.8784,-49.0124,-0.01247681,-0.01277232,-0.00063984,17.0551,15.9830,-0.2829,-30.6913,-4.3845,1918.6975,108.5000,,17.0551,10.4704,13.088,26.176,26.176,31.4111,41.8815,13.088,0.0,2.4,3.2,1.303111,10,18,2,3,0E-8,-0.01599591,,0E-8,0.000000,0.903820,0.200000,,2026-04-01,2026-04-17,2,14,12,17,0.117647,,,0.000000,,,,,,,,GLOBAL_BASELINE_NO_ENTITY_RANKING,,,NOT_APPLICABLE_GLOBAL_BASELINE,HF9g-P5,,,,X 全窗基线 · 不参与实体赏罚,3928979,393,A168_HF9F_20260827_0900,2026-08-27 09:00:00
2026-04-01,129045088,1646,0,73.2926733503,-41.8815276287,-41.8815276287,0.3333333,3,3,0.50218230000000000,0.502182300000,-0.5849155494134425,-0.5849155494134426,-0.5849155494134425,0E-17,ELIGIBLE,R03b_20260811_FULL_v1,L1_ELIGIBILITY,v2026-08-11,2026-03-21..2026-08-06,baccarat_bet02_101_all_pairs_incl_sentinel,round_win = game_pnl > 0 (decisive only),COMPATIBILITY_ONLY_NOT_PRODUCTION,3837.3950,3468.3140,-61.3826,225,217,0.01599591,,0.01599591,0.01599591,61.3826,3837.3950,OK,0.0000,-2.4553,4.0000,96.0000,AG03-UNRESOLVED,ALL5_LEVELS_bet23_to_bet27,-2.4553,-2.4553,-2.4553,-3.0691,-3.0691,4.000000,4.000000,4.000000,5.000000,5.000000,96.000000,96.000000,96.000000,95.000000,95.000000,5.0,-13.5042,-12.3702,-47.8784,-49.0124,PENDING_AG03,FALSE,NOT_FOR_ENFORCEMENT,-58.9273,3329.5814,-61.3826,-58.9273,-2.4553,-0.01599591,-0.01535607,-2.4553,-58.9273,-0.01535607,-2.4553,-2.4553,-2.4553,-3.0691,-3.0691,-58.9273,-0.01535607,-13.5042,-12.3702,-47.8784,-49.0124,-0.01247681,-0.01277232,-0.00063984,17.0551,15.9830,-0.2829,-30.6913,-4.3845,1918.6975,108.5000,,17.0551,10.4704,13.088,26.176,26.176,31.4111,41.8815,13.088,0.0,2.4,3.2,1.303111,10,18,2,3,0E-8,-0.01599591,,0E-8,0.000000,0.903820,0.200000,,2026-04-01,2026-04-17,2,14,12,17,0.117647,,,0.000000,,,,,,,,GLOBAL_BASELINE_NO_ENTITY_RANKING,,,NOT_APPLICABLE_GLOBAL_BASELINE,HF9g-P5,,,,X 全窗基线 · 不参与实体赏罚,3928980,393,A168_HF9F_20260827_0900,2026-08-27 09:00:00
2026-04-01,129045088,1710,0,408.3448943807,201.2930921653,201.2930921653,0.7727273,25,25,0.50396966000000000,0.503969660000,2.521249346574747,2.521249346574747,2.521249346574747,0E-17,ELIGIBLE,R03b_20260811_FULL_v1,L1_ELIGIBILITY,v2026-08-11,2026-03-21..2026-08-06,baccarat_bet02_101_all_pairs_incl_sentinel,round_win = game_pnl > 0 (decisive only),COMPATIBILITY_ONLY_NOT_PRODUCTION,3837.3950,3468.3140,-61.3826,225,217,0.01599591,,0.01599591,0.01599591,61.3826,3837.3950,OK,0.0000,-2.4553,4.0000,96.0000,AG03-UNRESOLVED,ALL5_LEVELS_bet23_to_bet27,-2.4553,-2.4553,-2.4553,-3.0691,-3.0691,4.000000,4.000000,4.000000,5.000000,5.000000,96.000000,96.000000,96.000000,95.000000,95.000000,5.0,-13.5042,-12.3702,-47.8784,-49.0124,PENDING_AG03,FALSE,NOT_FOR_ENFORCEMENT,-58.9273,3329.5814,-61.3826,-58.9273,-2.4553,-0.01599591,-0.01535607,-2.4553,-58.9273,-0.01535607,-2.4553,-2.4553,-2.4553,-3.0691,-3.0691,-58.9273,-0.01535607,-13.5042,-12.3702,-47.8784,-49.0124,-0.01247681,-0.01277232,-0.00063984,17.0551,15.9830,-0.2829,-30.6913,-4.3845,1918.6975,108.5000,,17.0551,10.4704,13.088,26.176,26.176,31.4111,41.8815,13.088,0.0,2.4,3.2,1.303111,10,18,2,3,0E-8,-0.01599591,,0E-8,0.000000,0.903820,0.200000,,2026-04-01,2026-04-17,2,14,12,17,0.117647,,,0.000000,,,,,,,,GLOBAL_BASELINE_NO_ENTITY_RANKING,,,NOT_APPLICABLE_GLOBAL_BASELINE,HF9g-P5,,,,X 全窗基线 · 不参与实体赏罚,3928981,393,A168_HF9F_20260827_0900,2026-08-27 09:00:00
2026-04-01,129045088,2115,0,329.8170300762,146.5853467005,146.5853467005,0.7272727,13,13,0.50046368461538462,0.500463684615,1.504481634045776,1.5044816340483265,1.504481634045776,3.8462E-13,ELIGIBLE,R03b_20260811_FULL_v1,L1_ELIGIBILITY,v2026-08-11,2026-03-21..2026-08-06,baccarat_bet02_101_all_pairs_incl_sentinel,round_win = game_pnl > 0 (decisive only),COMPATIBILITY_ONLY_NOT_PRODUCTION,3837.3950,3468.3140,-61.3826,225,217,0.01599591,,0.01599591,0.01599591,61.3826,3837.3950,OK,0.0000,-2.4553,4.0000,96.0000,AG03-UNRESOLVED,ALL5_LEVELS_bet23_to_bet27,-2.4553,-2.4553,-2.4553,-3.0691,-3.0691,4.000000,4.000000,4.000000,5.000000,5.000000,96.000000,96.000000,96.000000,95.000000,95.000000,5.0,-13.5042,-12.3702,-47.8784,-49.0124,PENDING_AG03,FALSE,NOT_FOR_ENFORCEMENT,-58.9273,3329.5814,-61.3826,-58.9273,-2.4553,-0.01599591,-0.01535607,-2.4553,-58.9273,-0.01535607,-2.4553,-2.4553,-2.4553,-3.0691,-3.0691,-58.9273,-0.01535607,-13.5042,-12.3702,-47.8784,-49.0124,-0.01247681,-0.01277232,-0.00063984,17.0551,15.9830,-0.2829,-30.6913,-4.3845,1918.6975,108.5000,,17.0551,10.4704,13.088,26.176,26.176,31.4111,41.8815,13.088,0.0,2.4,3.2,1.303111,10,18,2,3,0E-8,-0.01599591,,0E-8,0.000000,0.903820,0.200000,,2026-04-01,2026-04-17,2,14,12,17,0.117647,,,0.000000,,,,,,,,GLOBAL_BASELINE_NO_ENTITY_RANKING,,,NOT_APPLICABLE_GLOBAL_BASELINE,HF9g-P5,,,,X 全窗基线 · 不参与实体赏罚,3928982,393,A168_HF9F_20260827_0900,2026-08-27 09:00:00
2026-04-01,129045088,2130,0,277.4651205408,24.3436379341,24.3436379341,0.5384615,15,15,0.49860758000000000,0.498607580000,0.28739209593955983,0.2873920959395598,0.28739209593955983,0E-17,ELIGIBLE,R03b_20260811_FULL_v1,L1_ELIGIBILITY,v2026-08-11,2026-03-21..2026-08-06,baccarat_bet02_101_all_pairs_incl_sentinel,round_win = game_pnl > 0 (decisive only),COMPATIBILITY_ONLY_NOT_PRODUCTION,3837.3950,3468.3140,-61.3826,225,217,0.01599591,,0.01599591,0.01599591,61.3826,3837.3950,OK,0.0000,-2.4553,4.0000,96.0000,AG03-UNRESOLVED,ALL5_LEVELS_bet23_to_bet27,-2.4553,-2.4553,-2.4553,-3.0691,-3.0691,4.000000,4.000000,4.000000,5.000000,5.000000,96.000000,96.000000,96.000000,95.000000,95.000000,5.0,-13.5042,-12.3702,-47.8784,-49.0124,PENDING_AG03,FALSE,NOT_FOR_ENFORCEMENT,-58.9273,3329.5814,-61.3826,-58.9273,-2.4553,-0.01599591,-0.01535607,-2.4553,-58.9273,-0.01535607,-2.4553,-2.4553,-2.4553,-3.0691,-3.0691,-58.9273,-0.01535607,-13.5042,-12.3702,-47.8784,-49.0124,-0.01247681,-0.01277232,-0.00063984,17.0551,15.9830,-0.2829,-30.6913,-4.3845,1918.6975,108.5000,,17.0551,10.4704,13.088,26.176,26.176,31.4111,41.8815,13.088,0.0,2.4,3.2,1.303111,10,18,2,3,0E-8,-0.01599591,,0E-8,0.000000,0.903820,0.200000,,2026-04-01,2026-04-17,2,14,12,17,0.117647,,,0.000000,,,,,,,,GLOBAL_BASELINE_NO_ENTITY_RANKING,,,NOT_APPLICABLE_GLOBAL_BASELINE,HF9g-P5,,,,X 全窗基线 · 不参与实体赏罚,3928983,393,A168_HF9F_20260827_0900,2026-08-27 09:00:00
2026-04-01,129045088,2155,0,429.2856581948,-107.5831740964,-107.5831740964,0.4117647,20,20,0.50061836000000000,0.500618360000,-0.7327065626272096,-0.7327065626272096,-0.7327065626272096,0E-17,ELIGIBLE,R03b_20260811_FULL_v1,L1_ELIGIBILITY,v2026-08-11,2026-03-21..2026-08-06,baccarat_bet02_101_all_pairs_incl_sentinel,round_win = game_pnl > 0 (decisive only),COMPATIBILITY_ONLY_NOT_PRODUCTION,3837.3950,3468.3140,-61.3826,225,217,0.01599591,,0.01599591,0.01599591,61.3826,3837.3950,OK,0.0000,-2.4553,4.0000,96.0000,AG03-UNRESOLVED,ALL5_LEVELS_bet23_to_bet27,-2.4553,-2.4553,-2.4553,-3.0691,-3.0691,4.000000,4.000000,4.000000,5.000000,5.000000,96.000000,96.000000,96.000000,95.000000,95.000000,5.0,-13.5042,-12.3702,-47.8784,-49.0124,PENDING_AG03,FALSE,NOT_FOR_ENFORCEMENT,-58.9273,3329.5814,-61.3826,-58.9273,-2.4553,-0.01599591,-0.01535607,-2.4553,-58.9273,-0.01535607,-2.4553,-2.4553,-2.4553,-3.0691,-3.0691,-58.9273,-0.01535607,-13.5042,-12.3702,-47.8784,-49.0124,-0.01247681,-0.01277232,-0.00063984,17.0551,15.9830,-0.2829,-30.6913,-4.3845,1918.6975,108.5000,,17.0551,10.4704,13.088,26.176,26.176,31.4111,41.8815,13.088,0.0,2.4,3.2,1.303111,10,18,2,3,0E-8,-0.01599591,,0E-8,0.000000,0.903820,0.200000,,2026-04-01,2026-04-17,2,14,12,17,0.117647,,,0.000000,,,,,,,,GLOBAL_BASELINE_NO_ENTITY_RANKING,,,NOT_APPLICABLE_GLOBAL_BASELINE,HF9g-P5,,,,X 全窗基线 · 不参与实体赏罚,3928984,393,A168_HF9F_20260827_0900,2026-08-27 09:00:00
2026-04-01,129045088,2171,0,41.8815276288,-10.4703819072,-10.4703819072,0.3333333,4,4,0.49994810000000000,0.499948100000,-0.5771704854251445,-0.5771704854251445,-0.5771704854251445,0E-17,ELIGIBLE,R03b_20260811_FULL_v1,L1_ELIGIBILITY,v2026-08-11,2026-03-21..2026-08-06,baccarat_bet02_101_all_pairs_incl_sentinel,round_win = game_pnl > 0 (decisive only),COMPATIBILITY_ONLY_NOT_PRODUCTION,3837.3950,3468.3140,-61.3826,225,217,0.01599591,,0.01599591,0.01599591,61.3826,3837.3950,OK,0.0000,-2.4553,4.0000,96.0000,AG03-UNRESOLVED,ALL5_LEVELS_bet23_to_bet27,-2.4553,-2.4553,-2.4553,-3.0691,-3.0691,4.000000,4.000000,4.000000,5.000000,5.000000,96.000000,96.000000,96.000000,95.000000,95.000000,5.0,-13.5042,-12.3702,-47.8784,-49.0124,PENDING_AG03,FALSE,NOT_FOR_ENFORCEMENT,-58.9273,3329.5814,-61.3826,-58.9273,-2.4553,-0.01599591,-0.01535607,-2.4553,-58.9273,-0.01535607,-2.4553,-2.4553,-2.4553,-3.0691,-3.0691,-58.9273,-0.01535607,-13.5042,-12.3702,-47.8784,-49.0124,-0.01247681,-0.01277232,-0.00063984,17.0551,15.9830,-0.2829,-30.6913,-4.3845,1918.6975,108.5000,,17.0551,10.4704,13.088,26.176,26.176,31.4111,41.8815,13.088,0.0,2.4,3.2,1.303111,10,18,2,3,0E-8,-0.01599591,,0E-8,0.000000,0.903820,0.200000,,2026-04-01,2026-04-17,2,14,12,17,0.117647,,,0.000000,,,,,,,,GLOBAL_BASELINE_NO_ENTITY_RANKING,,,NOT_APPLICABLE_GLOBAL_BASELINE,HF9g-P5,,,,X 全窗基线 · 不参与实体赏罚,3928985,393,A168_HF9F_20260827_0900,2026-08-27 09:00:00
2026-04-01,129045088,2233,0,10.4703819072,10.4703819072,10.4703819072,1.0000000,2,2,0.49324550000000000,0.493245500000,1.4334489766152358,1.4334489766152358,1.4334489766152358,0E-17,ELIGIBLE,R03b_20260811_FULL_v1,L1_ELIGIBILITY,v2026-08-11,2026-03-21..2026-08-06,baccarat_bet02_101_all_pairs_incl_sentinel,round_win = game_pnl > 0 (decisive only),COMPATIBILITY_ONLY_NOT_PRODUCTION,3837.3950,3468.3140,-61.3826,225,217,0.01599591,,0.01599591,0.01599591,61.3826,3837.3950,OK,0.0000,-2.4553,4.0000,96.0000,AG03-UNRESOLVED,ALL5_LEVELS_bet23_to_bet27,-2.4553,-2.4553,-2.4553,-3.0691,-3.0691,4.000000,4.000000,4.000000,5.000000,5.000000,96.000000,96.000000,96.000000,95.000000,95.000000,5.0,-13.5042,-12.3702,-47.8784,-49.0124,PENDING_AG03,FALSE,NOT_FOR_ENFORCEMENT,-58.9273,3329.5814,-61.3826,-58.9273,-2.4553,-0.01599591,-0.01535607,-2.4553,-58.9273,-0.01535607,-2.4553,-2.4553,-2.4553,-3.0691,-3.0691,-58.9273,-0.01535607,-13.5042,-12.3702,-47.8784,-49.0124,-0.01247681,-0.01277232,-0.00063984,17.0551,15.9830,-0.2829,-30.6913,-4.3845,1918.6975,108.5000,,17.0551,10.4704,13.088,26.176,26.176,31.4111,41.8815,13.088,0.0,2.4,3.2,1.303111,10,18,2,3,0E-8,-0.01599591,,0E-8,0.000000,0.903820,0.200000,,2026-04-01,2026-04-17,2,14,12,17,0.117647,,,0.000000,,,,,,,,GLOBAL_BASELINE_NO_ENTITY_RANKING,,,NOT_APPLICABLE_GLOBAL_BASELINE,HF9g-P5,,,,X 全窗基线 · 不参与实体赏罚,3928986,393,A168_HF9F_20260827_0900,2026-08-27 09:00:00
2026-04-01,129045088,2266,0,146.5853467006,-12.5644582886,-12.5644582886,0.5000000,6,6,0.50218230000000000,0.502182300000,-0.01069114476356389,-0.01069114476356389,-0.01069114476356389,0E-17,ELIGIBLE,R03b_20260811_FULL_v1,L1_ELIGIBILITY,v2026-08-11,2026-03-21..2026-08-06,baccarat_bet02_101_all_pairs_incl_sentinel,round_win = game_pnl > 0 (decisive only),COMPATIBILITY_ONLY_NOT_PRODUCTION,3837.3950,3468.3140,-61.3826,225,217,0.01599591,,0.01599591,0.01599591,61.3826,3837.3950,OK,0.0000,-2.4553,4.0000,96.0000,AG03-UNRESOLVED,ALL5_LEVELS_bet23_to_bet27,-2.4553,-2.4553,-2.4553,-3.0691,-3.0691,4.000000,4.000000,4.000000,5.000000,5.000000,96.000000,96.000000,96.000000,95.000000,95.000000,5.0,-13.5042,-12.3702,-47.8784,-49.0124,PENDING_AG03,FALSE,NOT_FOR_ENFORCEMENT,-58.9273,3329.5814,-61.3826,-58.9273,-2.4553,-0.01599591,-0.01535607,-2.4553,-58.9273,-0.01535607,-2.4553,-2.4553,-2.4553,-3.0691,-3.0691,-58.9273,-0.01535607,-13.5042,-12.3702,-47.8784,-49.0124,-0.01247681,-0.01277232,-0.00063984,17.0551,15.9830,-0.2829,-30.6913,-4.3845,1918.6975,108.5000,,17.0551,10.4704,13.088,26.176,26.176,31.4111,41.8815,13.088,0.0,2.4,3.2,1.303111,10,18,2,3,0E-8,-0.01599591,,0E-8,0.000000,0.903820,0.200000,,2026-04-01,2026-04-17,2,14,12,17,0.117647,,,0.000000,,,,,,,,GLOBAL_BASELINE_NO_ENTITY_RANKING,,,NOT_APPLICABLE_GLOBAL_BASELINE,HF9g-P5,,,,X 全窗基线 · 不参与实体赏罚,3928987,393,A168_HF9F_20260827_0900,2026-08-27 09:00:00
2026-04-01,129045088,550,0,41.8815276288,-20.9407638144,-20.9407638144,0.3333333,3,3,0.49771390000000000,0.497713900000,-0.5694369385616226,-0.5694369385616226,-0.5694369385616226,0E-17,ELIGIBLE,R03b_20260811_FULL_v1,L1_ELIGIBILITY,v2026-08-11,2026-03-21..2026-08-06,baccarat_bet02_101_all_pairs_incl_sentinel,round_win = game_pnl > 0 (decisive only),COMPATIBILITY_ONLY_NOT_PRODUCTION,3837.3950,3468.3140,-61.3826,225,217,0.01599591,,0.01599591,0.01599591,61.3826,3837.3950,OK,0.0000,-2.4553,4.0000,96.0000,AG03-UNRESOLVED,ALL5_LEVELS_bet23_to_bet27,-2.4553,-2.4553,-2.4553,-3.0691,-3.0691,4.000000,4.000000,4.000000,5.000000,5.000000,96.000000,96.000000,96.000000,95.000000,95.000000,5.0,-13.5042,-12.3702,-47.8784,-49.0124,PENDING_AG03,FALSE,NOT_FOR_ENFORCEMENT,-58.9273,3329.5814,-61.3826,-58.9273,-2.4553,-0.01599591,-0.01535607,-2.4553,-58.9273,-0.01535607,-2.4553,-2.4553,-2.4553,-3.0691,-3.0691,-58.9273,-0.01535607,-13.5042,-12.3702,-47.8784,-49.0124,-0.01247681,-0.01277232,-0.00063984,17.0551,15.9830,-0.2829,-30.6913,-4.3845,1918.6975,108.5000,,17.0551,10.4704,13.088,26.176,26.176,31.4111,41.8815,13.088,0.0,2.4,3.2,1.303111,10,18,2,3,0E-8,-0.01599591,,0E-8,0.000000,0.903820,0.200000,,2026-04-01,2026-04-17,2,14,12,17,0.117647,,,0.000000,,,,,,,,GLOBAL_BASELINE_NO_ENTITY_RANKING,,,NOT_APPLICABLE_GLOBAL_BASELINE,HF9g-P5,,,,X 全窗基线 · 不参与实体赏罚,3928988,393,A168_HF9F_20260827_0900,2026-08-27 09:00:00
2026-04-17,129045088,1157,0,201.5548517136,-24.0818783866,-24.0818783866,0.4285714,15,15,0.50307598000000000,0.503075980000,-0.5575515612205753,-0.5575515612205753,-0.5575515612205753,0E-17,ELIGIBLE,R03b_20260811_FULL_v1,L1_ELIGIBILITY,v2026-08-11,2026-03-21..2026-08-06,baccarat_bet02_101_all_pairs_incl_sentinel,round_win = game_pnl > 0 (decisive only),COMPATIBILITY_ONLY_NOT_PRODUCTION,3837.3950,3468.3140,-61.3826,225,217,0.01599591,,0.01599591,0.01599591,61.3826,3837.3950,OK,0.0000,-2.4553,4.0000,96.0000,AG03-UNRESOLVED,ALL5_LEVELS_bet23_to_bet27,-2.4553,-2.4553,-2.4553,-3.0691,-3.0691,4.000000,4.000000,4.000000,5.000000,5.000000,96.000000,96.000000,96.000000,95.000000,95.000000,5.0,-13.5042,-12.3702,-47.8784,-49.0124,PENDING_AG03,FALSE,NOT_FOR_ENFORCEMENT,-58.9273,3329.5814,-61.3826,-58.9273,-2.4553,-0.01599591,-0.01535607,-2.4553,-58.9273,-0.01535607,-2.4553,-2.4553,-2.4553,-3.0691,-3.0691,-58.9273,-0.01535607,-13.5042,-12.3702,-47.8784,-49.0124,-0.01247681,-0.01277232,-0.00063984,17.0551,15.9830,-0.2829,-30.6913,-4.3845,1918.6975,108.5000,,17.0551,10.4704,13.088,26.176,26.176,31.4111,41.8815,13.088,0.0,2.4,3.2,1.303111,10,18,2,3,0E-8,-0.01599591,,0E-8,0.000000,0.903820,0.200000,,2026-04-01,2026-04-17,2,14,12,17,0.117647,,,0.000000,,,,,,,,GLOBAL_BASELINE_NO_ENTITY_RANKING,,,NOT_APPLICABLE_GLOBAL_BASELINE,HF9g-P5,,,,X 全窗基线 · 不参与实体赏罚,3928989,393,A168_HF9F_20260827_0900,2026-08-27 09:00:00
2026-04-17,129045088,1210,0,117.7917964560,24.2127581604,24.2127581604,0.6666667,7,7,0.50090561428571429,0.500905614286,0.5742140711492442,0.5742140711482551,0.5742140711492442,-2.8571E-13,ELIGIBLE,R03b_20260811_FULL_v1,L1_ELIGIBILITY,v2026-08-11,2026-03-21..2026-08-06,baccarat_bet02_101_all_pairs_incl_sentinel,round_win = game_pnl > 0 (decisive only),COMPATIBILITY_ONLY_NOT_PRODUCTION,3837.3950,3468.3140,-61.3826,225,217,0.01599591,,0.01599591,0.01599591,61.3826,3837.3950,OK,0.0000,-2.4553,4.0000,96.0000,AG03-UNRESOLVED,ALL5_LEVELS_bet23_to_bet27,-2.4553,-2.4553,-2.4553,-3.0691,-3.0691,4.000000,4.000000,4.000000,5.000000,5.000000,96.000000,96.000000,96.000000,95.000000,95.000000,5.0,-13.5042,-12.3702,-47.8784,-49.0124,PENDING_AG03,FALSE,NOT_FOR_ENFORCEMENT,-58.9273,3329.5814,-61.3826,-58.9273,-2.4553,-0.01599591,-0.01535607,-2.4553,-58.9273,-0.01535607,-2.4553,-2.4553,-2.4553,-3.0691,-3.0691,-58.9273,-0.01535607,-13.5042,-12.3702,-47.8784,-49.0124,-0.01247681,-0.01277232,-0.00063984,17.0551,15.9830,-0.2829,-30.6913,-4.3845,1918.6975,108.5000,,17.0551,10.4704,13.088,26.176,26.176,31.4111,41.8815,13.088,0.0,2.4,3.2,1.303111,10,18,2,3,0E-8,-0.01599591,,0E-8,0.000000,0.903820,0.200000,,2026-04-01,2026-04-17,2,14,12,17,0.117647,,,0.000000,,,,,,,,GLOBAL_BASELINE_NO_ENTITY_RANKING,,,NOT_APPLICABLE_GLOBAL_BASELINE,HF9g-P5,,,,X 全窗基线 · 不参与实体赏罚,3928990,393,A168_HF9F_20260827_0900,2026-08-27 09:00:00
2026-04-17,129045088,1307,0,41.8815276288,-41.8815276288,-41.8815276288,0E-7,2,2,0.49994810000000000,0.499948100000,-1.4140667746232096,-1.4140667746232096,-1.4140667746232096,0E-17,ELIGIBLE,R03b_20260811_FULL_v1,L1_ELIGIBILITY,v2026-08-11,2026-03-21..2026-08-06,baccarat_bet02_101_all_pairs_incl_sentinel,round_win = game_pnl > 0 (decisive only),COMPATIBILITY_ONLY_NOT_PRODUCTION,3837.3950,3468.3140,-61.3826,225,217,0.01599591,,0.01599591,0.01599591,61.3826,3837.3950,OK,0.0000,-2.4553,4.0000,96.0000,AG03-UNRESOLVED,ALL5_LEVELS_bet23_to_bet27,-2.4553,-2.4553,-2.4553,-3.0691,-3.0691,4.000000,4.000000,4.000000,5.000000,5.000000,96.000000,96.000000,96.000000,95.000000,95.000000,5.0,-13.5042,-12.3702,-47.8784,-49.0124,PENDING_AG03,FALSE,NOT_FOR_ENFORCEMENT,-58.9273,3329.5814,-61.3826,-58.9273,-2.4553,-0.01599591,-0.01535607,-2.4553,-58.9273,-0.01535607,-2.4553,-2.4553,-2.4553,-3.0691,-3.0691,-58.9273,-0.01535607,-13.5042,-12.3702,-47.8784,-49.0124,-0.01247681,-0.01277232,-0.00063984,17.0551,15.9830,-0.2829,-30.6913,-4.3845,1918.6975,108.5000,,17.0551,10.4704,13.088,26.176,26.176,31.4111,41.8815,13.088,0.0,2.4,3.2,1.303111,10,18,2,3,0E-8,-0.01599591,,0E-8,0.000000,0.903820,0.200000,,2026-04-01,2026-04-17,2,14,12,17,0.117647,,,0.000000,,,,,,,,GLOBAL_BASELINE_NO_ENTITY_RANKING,,,NOT_APPLICABLE_GLOBAL_BASELINE,HF9g-P5,,,,X 全窗基线 · 不参与实体赏罚,3928991,393,A168_HF9F_20260827_0900,2026-08-27 09:00:00
2026-04-17,129045088,1941,0,225.1132110048,29.8405884354,29.8405884354,0.6153846,15,15,0.50396966000000000,0.503969660000,0.8034499912366987,0.8034499912366987,0.8034499912366987,0E-17,ELIGIBLE,R03b_20260811_FULL_v1,L1_ELIGIBILITY,v2026-08-11,2026-03-21..2026-08-06,baccarat_bet02_101_all_pairs_incl_sentinel,round_win = game_pnl > 0 (decisive only),COMPATIBILITY_ONLY_NOT_PRODUCTION,3837.3950,3468.3140,-61.3826,225,217,0.01599591,,0.01599591,0.01599591,61.3826,3837.3950,OK,0.0000,-2.4553,4.0000,96.0000,AG03-UNRESOLVED,ALL5_LEVELS_bet23_to_bet27,-2.4553,-2.4553,-2.4553,-3.0691,-3.0691,4.000000,4.000000,4.000000,5.000000,5.000000,96.000000,96.000000,96.000000,95.000000,95.000000,5.0,-13.5042,-12.3702,-47.8784,-49.0124,PENDING_AG03,FALSE,NOT_FOR_ENFORCEMENT,-58.9273,3329.5814,-61.3826,-58.9273,-2.4553,-0.01599591,-0.01535607,-2.4553,-58.9273,-0.01535607,-2.4553,-2.4553,-2.4553,-3.0691,-3.0691,-58.9273,-0.01535607,-13.5042,-12.3702,-47.8784,-49.0124,-0.01247681,-0.01277232,-0.00063984,17.0551,15.9830,-0.2829,-30.6913,-4.3845,1918.6975,108.5000,,17.0551,10.4704,13.088,26.176,26.176,31.4111,41.8815,13.088,0.0,2.4,3.2,1.303111,10,18,2,3,0E-8,-0.01599591,,0E-8,0.000000,0.903820,0.200000,,2026-04-01,2026-04-17,2,14,12,17,0.117647,,,0.000000,,,,,,,,GLOBAL_BASELINE_NO_ENTITY_RANKING,,,NOT_APPLICABLE_GLOBAL_BASELINE,HF9g-P5,,,,X 全窗基线 · 不参与实体赏罚,3928992,393,A168_HF9F_20260827_0900,2026-08-27 09:00:00
2026-04-17,129045088,2115,0,489.4903541616,-135.9840850199,-135.9840850199,0.4285714,28,28,0.50425691428571429,0.504256914286,-0.8010089234314449,-0.8010089234344726,-0.8010089234314449,-2.8571E-13,ELIGIBLE,R03b_20260811_FULL_v1,L1_ELIGIBILITY,v2026-08-11,2026-03-21..2026-08-06,baccarat_bet02_101_all_pairs_incl_sentinel,round_win = game_pnl > 0 (decisive only),COMPATIBILITY_ONLY_NOT_PRODUCTION,3837.3950,3468.3140,-61.3826,225,217,0.01599591,,0.01599591,0.01599591,61.3826,3837.3950,OK,0.0000,-2.4553,4.0000,96.0000,AG03-UNRESOLVED,ALL5_LEVELS_bet23_to_bet27,-2.4553,-2.4553,-2.4553,-3.0691,-3.0691,4.000000,4.000000,4.000000,5.000000,5.000000,96.000000,96.000000,96.000000,95.000000,95.000000,5.0,-13.5042,-12.3702,-47.8784,-49.0124,PENDING_AG03,FALSE,NOT_FOR_ENFORCEMENT,-58.9273,3329.5814,-61.3826,-58.9273,-2.4553,-0.01599591,-0.01535607,-2.4553,-58.9273,-0.01535607,-2.4553,-2.4553,-2.4553,-3.0691,-3.0691,-58.9273,-0.01535607,-13.5042,-12.3702,-47.8784,-49.0124,-0.01247681,-0.01277232,-0.00063984,17.0551,15.9830,-0.2829,-30.6913,-4.3845,1918.6975,108.5000,,17.0551,10.4704,13.088,26.176,26.176,31.4111,41.8815,13.088,0.0,2.4,3.2,1.303111,10,18,2,3,0E-8,-0.01599591,,0E-8,0.000000,0.903820,0.200000,,2026-04-01,2026-04-17,2,14,12,17,0.117647,,,0.000000,,,,,,,,GLOBAL_BASELINE_NO_ENTITY_RANKING,,,NOT_APPLICABLE_GLOBAL_BASELINE,HF9g-P5,,,,X 全窗基线 · 不参与实体赏罚,3928993,393,A168_HF9F_20260827_0900,2026-08-27 09:00:00
2026-04-17,129045088,2130,0,26.1759547680,25.6524356726,25.6524356726,1.0000000,2,2,0.49994810000000000,0.499948100000,1.4143603653603398,1.4143603653603398,1.4143603653603398,0E-17,ELIGIBLE,R03b_20260811_FULL_v1,L1_ELIGIBILITY,v2026-08-11,2026-03-21..2026-08-06,baccarat_bet02_101_all_pairs_incl_sentinel,round_win = game_pnl > 0 (decisive only),COMPATIBILITY_ONLY_NOT_PRODUCTION,3837.3950,3468.3140,-61.3826,225,217,0.01599591,,0.01599591,0.01599591,61.3826,3837.3950,OK,0.0000,-2.4553,4.0000,96.0000,AG03-UNRESOLVED,ALL5_LEVELS_bet23_to_bet27,-2.4553,-2.4553,-2.4553,-3.0691,-3.0691,4.000000,4.000000,4.000000,5.000000,5.000000,96.000000,96.000000,96.000000,95.000000,95.000000,5.0,-13.5042,-12.3702,-47.8784,-49.0124,PENDING_AG03,FALSE,NOT_FOR_ENFORCEMENT,-58.9273,3329.5814,-61.3826,-58.9273,-2.4553,-0.01599591,-0.01535607,-2.4553,-58.9273,-0.01535607,-2.4553,-2.4553,-2.4553,-3.0691,-3.0691,-58.9273,-0.01535607,-13.5042,-12.3702,-47.8784,-49.0124,-0.01247681,-0.01277232,-0.00063984,17.0551,15.9830,-0.2829,-30.6913,-4.3845,1918.6975,108.5000,,17.0551,10.4704,13.088,26.176,26.176,31.4111,41.8815,13.088,0.0,2.4,3.2,1.303111,10,18,2,3,0E-8,-0.01599591,,0E-8,0.000000,0.903820,0.200000,,2026-04-01,2026-04-17,2,14,12,17,0.117647,,,0.000000,,,,,,,,GLOBAL_BASELINE_NO_ENTITY_RANKING,,,NOT_APPLICABLE_GLOBAL_BASELINE,HF9g-P5,,,,X 全窗基线 · 不参与实体赏罚,3928994,393,A168_HF9F_20260827_0900,2026-08-27 09:00:00
2026-04-17,129045088,2205,0,183.2316833760,50.3887129284,50.3887129284,0.7000000,11,11,0.50055742727272727,0.500557427273,1.2613863683331403,1.2613863683314164,1.2613863683331403,-2.7273E-13,ELIGIBLE,R03b_20260811_FULL_v1,L1_ELIGIBILITY,v2026-08-11,2026-03-21..2026-08-06,baccarat_bet02_101_all_pairs_incl_sentinel,round_win = game_pnl > 0 (decisive only),COMPATIBILITY_ONLY_NOT_PRODUCTION,3837.3950,3468.3140,-61.3826,225,217,0.01599591,,0.01599591,0.01599591,61.3826,3837.3950,OK,0.0000,-2.4553,4.0000,96.0000,AG03-UNRESOLVED,ALL5_LEVELS_bet23_to_bet27,-2.4553,-2.4553,-2.4553,-3.0691,-3.0691,4.000000,4.000000,4.000000,5.000000,5.000000,96.000000,96.000000,96.000000,95.000000,95.000000,5.0,-13.5042,-12.3702,-47.8784,-49.0124,PENDING_AG03,FALSE,NOT_FOR_ENFORCEMENT,-58.9273,3329.5814,-61.3826,-58.9273,-2.4553,-0.01599591,-0.01535607,-2.4553,-58.9273,-0.01535607,-2.4553,-2.4553,-2.4553,-3.0691,-3.0691,-58.9273,-0.01535607,-13.5042,-12.3702,-47.8784,-49.0124,-0.01247681,-0.01277232,-0.00063984,17.0551,15.9830,-0.2829,-30.6913,-4.3845,1918.6975,108.5000,,17.0551,10.4704,13.088,26.176,26.176,31.4111,41.8815,13.088,0.0,2.4,3.2,1.303111,10,18,2,3,0E-8,-0.01599591,,0E-8,0.000000,0.903820,0.200000,,2026-04-01,2026-04-17,2,14,12,17,0.117647,,,0.000000,,,,,,,,GLOBAL_BASELINE_NO_ENTITY_RANKING,,,NOT_APPLICABLE_GLOBAL_BASELINE,HF9g-P5,,,,X 全窗基线 · 不参与实体赏罚,3928995,393,A168_HF9F_20260827_0900,2026-08-27 09:00:00
2026-04-17,129045088,2216,0,269.6123341104,70.6750778735,70.6750778735,0.7500000,19,19,0.50100640526315789,0.501006405263,1.9919527930037866,1.9919527930050482,1.9919527930037866,1.5789E-13,ELIGIBLE,R03b_20260811_FULL_v1,L1_ELIGIBILITY,v2026-08-11,2026-03-21..2026-08-06,baccarat_bet02_101_all_pairs_incl_sentinel,round_win = game_pnl > 0 (decisive only),COMPATIBILITY_ONLY_NOT_PRODUCTION,3837.3950,3468.3140,-61.3826,225,217,0.01599591,,0.01599591,0.01599591,61.3826,3837.3950,OK,0.0000,-2.4553,4.0000,96.0000,AG03-UNRESOLVED,ALL5_LEVELS_bet23_to_bet27,-2.4553,-2.4553,-2.4553,-3.0691,-3.0691,4.000000,4.000000,4.000000,5.000000,5.000000,96.000000,96.000000,96.000000,95.000000,95.000000,5.0,-13.5042,-12.3702,-47.8784,-49.0124,PENDING_AG03,FALSE,NOT_FOR_ENFORCEMENT,-58.9273,3329.5814,-61.3826,-58.9273,-2.4553,-0.01599591,-0.01535607,-2.4553,-58.9273,-0.01535607,-2.4553,-2.4553,-2.4553,-3.0691,-3.0691,-58.9273,-0.01535607,-13.5042,-12.3702,-47.8784,-49.0124,-0.01247681,-0.01277232,-0.00063984,17.0551,15.9830,-0.2829,-30.6913,-4.3845,1918.6975,108.5000,,17.0551,10.4704,13.088,26.176,26.176,31.4111,41.8815,13.088,0.0,2.4,3.2,1.303111,10,18,2,3,0E-8,-0.01599591,,0E-8,0.000000,0.903820,0.200000,,2026-04-01,2026-04-17,2,14,12,17,0.117647,,,0.000000,,,,,,,,GLOBAL_BASELINE_NO_ENTITY_RANKING,,,NOT_APPLICABLE_GLOBAL_BASELINE,HF9g-P5,,,,X 全窗基线 · 不参与实体赏罚,3928996,393,A168_HF9F_20260827_0900,2026-08-27 09:00:00
2026-06-17,151307956,1710,0,4.1542903434,4.1542903434,4.1542903434,1.0000000,1,1,0.49324550000000000,0.493245500000,1.01360149184955,1.01360149184955,1.01360149184955,0E-17,ELIGIBLE,R03b_20260811_FULL_v1,L1_ELIGIBILITY,v2026-08-11,2026-03-21..2026-08-06,baccarat_bet02_101_all_pairs_incl_sentinel,round_win = game_pnl > 0 (decisive only),COMPATIBILITY_ONLY_NOT_PRODUCTION,515.1320,442.4319,-61.3796,50,50,0.11915323,,0.11915323,0.11915323,61.3796,515.1320,OK,0.0000,-2.4552,4.0000,96.0000,AG03-UNRESOLVED,ALL5_LEVELS_bet23_to_bet27,-2.4552,-2.4552,-2.7621,-2.7621,-2.7621,4.000000,4.000000,4.500000,4.500000,4.500000,96.000000,96.000000,95.500000,95.500000,95.500000,5.0,-13.1966,-12.1103,-48.1830,-49.2694,PENDING_AG03,FALSE,NOT_FOR_ENFORCEMENT,-58.9245,424.7346,-61.3796,-58.9245,-2.4552,-0.11915323,-0.11438710,-2.4552,-58.9245,-0.11438710,-2.4552,-2.4552,-2.7621,-2.7621,-2.7621,-58.9245,-0.11438710,-13.1966,-12.1103,-48.1830,-49.2694,-0.09353528,-0.09564414,-0.00476613,10.3026,8.8486,-1.2276,-15.3449,-5.5800,128.7830,12.5000,,10.3026,4.1543,10.3857,10.3857,20.7715,20.7715,41.5429,7.27,3.9466,2.0,4.0,0.992,6,10,5,3,0E-8,-0.11915323,,0E-8,0.000000,0.858871,0.000000,,2026-06-17,2026-06-25,4,11,8,9,0.444444,,,0.000000,,,,,,,,GLOBAL_BASELINE_NO_ENTITY_RANKING,,,NOT_APPLICABLE_GLOBAL_BASELINE,HF9g-P5,,,,X 全窗基线 · 不参与实体赏罚,3928997,393,A168_HF9F_20260827_0900,2026-08-27 09:00:00
2026-06-17,151307956,2145,0,18.6943065452,14.5400162018,14.5400162018,1.0000000,3,3,0.49324550000000000,0.493245500000,1.4334489766152358,1.4334489766152358,1.4334489766152358,0E-17,ELIGIBLE,R03b_20260811_FULL_v1,L1_ELIGIBILITY,v2026-08-11,2026-03-21..2026-08-06,baccarat_bet02_101_all_pairs_incl_sentinel,round_win = game_pnl > 0 (decisive only),COMPATIBILITY_ONLY_NOT_PRODUCTION,515.1320,442.4319,-61.3796,50,50,0.11915323,,0.11915323,0.11915323,61.3796,515.1320,OK,0.0000,-2.4552,4.0000,96.0000,AG03-UNRESOLVED,ALL5_LEVELS_bet23_to_bet27,-2.4552,-2.4552,-2.7621,-2.7621,-2.7621,4.000000,4.000000,4.500000,4.500000,4.500000,96.000000,96.000000,95.500000,95.500000,95.500000,5.0,-13.1966,-12.1103,-48.1830,-49.2694,PENDING_AG03,FALSE,NOT_FOR_ENFORCEMENT,-58.9245,424.7346,-61.3796,-58.9245,-2.4552,-0.11915323,-0.11438710,-2.4552,-58.9245,-0.11438710,-2.4552,-2.4552,-2.7621,-2.7621,-2.7621,-58.9245,-0.11438710,-13.1966,-12.1103,-48.1830,-49.2694,-0.09353528,-0.09564414,-0.00476613,10.3026,8.8486,-1.2276,-15.3449,-5.5800,128.7830,12.5000,,10.3026,4.1543,10.3857,10.3857,20.7715,20.7715,41.5429,7.27,3.9466,2.0,4.0,0.992,6,10,5,3,0E-8,-0.11915323,,0E-8,0.000000,0.858871,0.000000,,2026-06-17,2026-06-25,4,11,8,9,0.444444,,,0.000000,,,,,,,,GLOBAL_BASELINE_NO_ENTITY_RANKING,,,NOT_APPLICABLE_GLOBAL_BASELINE,HF9g-P5,,,,X 全窗基线 · 不参与实体赏罚,3928998,393,A168_HF9F_20260827_0900,2026-08-27 09:00:00
2026-06-17,151307956,2223,0,37.3886130904,26.7951727147,26.7951727147,0.8333333,7,7,0.49899058571428571,0.498990585714,1.6379415995907425,1.637941599592144,1.6379415995907425,2.8571E-13,ELIGIBLE,R03b_20260811_FULL_v1,L1_ELIGIBILITY,v2026-08-11,2026-03-21..2026-08-06,baccarat_bet02_101_all_pairs_incl_sentinel,round_win = game_pnl > 0 (decisive only),COMPATIBILITY_ONLY_NOT_PRODUCTION,515.1320,442.4319,-61.3796,50,50,0.11915323,,0.11915323,0.11915323,61.3796,515.1320,OK,0.0000,-2.4552,4.0000,96.0000,AG03-UNRESOLVED,ALL5_LEVELS_bet23_to_bet27,-2.4552,-2.4552,-2.7621,-2.7621,-2.7621,4.000000,4.000000,4.500000,4.500000,4.500000,96.000000,96.000000,95.500000,95.500000,95.500000,5.0,-13.1966,-12.1103,-48.1830,-49.2694,PENDING_AG03,FALSE,NOT_FOR_ENFORCEMENT,-58.9245,424.7346,-61.3796,-58.9245,-2.4552,-0.11915323,-0.11438710,-2.4552,-58.9245,-0.11438710,-2.4552,-2.4552,-2.7621,-2.7621,-2.7621,-58.9245,-0.11438710,-13.1966,-12.1103,-48.1830,-49.2694,-0.09353528,-0.09564414,-0.00476613,10.3026,8.8486,-1.2276,-15.3449,-5.5800,128.7830,12.5000,,10.3026,4.1543,10.3857,10.3857,20.7715,20.7715,41.5429,7.27,3.9466,2.0,4.0,0.992,6,10,5,3,0E-8,-0.11915323,,0E-8,0.000000,0.858871,0.000000,,2026-06-17,2026-06-25,4,11,8,9,0.444444,,,0.000000,,,,,,,,GLOBAL_BASELINE_NO_ENTITY_RANKING,,,NOT_APPLICABLE_GLOBAL_BASELINE,HF9g-P5,,,,X 全窗基线 · 不参与实体赏罚,3928999,393,A168_HF9F_20260827_0900,2026-08-27 09:00:00
2026-06-17,151307956,2246,0,37.3886130905,19.3174500966,19.3174500966,0.7500000,8,8,0.50665070000000000,0.506650700000,1.3767133162484293,1.3767133162484293,1.3767133162484293,0E-17,ELIGIBLE,R03b_20260811_FULL_v1,L1_ELIGIBILITY,v2026-08-11,2026-03-21..2026-08-06,baccarat_bet02_101_all_pairs_incl_sentinel,round_win = game_pnl > 0 (decisive only),COMPATIBILITY_ONLY_NOT_PRODUCTION,515.1320,442.4319,-61.3796,50,50,0.11915323,,0.11915323,0.11915323,61.3796,515.1320,OK,0.0000,-2.4552,4.0000,96.0000,AG03-UNRESOLVED,ALL5_LEVELS_bet23_to_bet27,-2.4552,-2.4552,-2.7621,-2.7621,-2.7621,4.000000,4.000000,4.500000,4.500000,4.500000,96.000000,96.000000,95.500000,95.500000,95.500000,5.0,-13.1966,-12.1103,-48.1830,-49.2694,PENDING_AG03,FALSE,NOT_FOR_ENFORCEMENT,-58.9245,424.7346,-61.3796,-58.9245,-2.4552,-0.11915323,-0.11438710,-2.4552,-58.9245,-0.11438710,-2.4552,-2.4552,-2.7621,-2.7621,-2.7621,-58.9245,-0.11438710,-13.1966,-12.1103,-48.1830,-49.2694,-0.09353528,-0.09564414,-0.00476613,10.3026,8.8486,-1.2276,-15.3449,-5.5800,128.7830,12.5000,,10.3026,4.1543,10.3857,10.3857,20.7715,20.7715,41.5429,7.27,3.9466,2.0,4.0,0.992,6,10,5,3,0E-8,-0.11915323,,0E-8,0.000000,0.858871,0.000000,,2026-06-17,2026-06-25,4,11,8,9,0.444444,,,0.000000,,,,,,,,GLOBAL_BASELINE_NO_ENTITY_RANKING,,,NOT_APPLICABLE_GLOBAL_BASELINE,HF9g-P5,,,,X 全窗基线 · 不参与实体赏罚,3929000,393,A168_HF9F_20260827_0900,2026-08-27 09:00:00
2026-06-18,151307956,1402,0,51.9286292922,-23.2640259228,-23.2640259228,0.4285714,8,8,0.49994810000000000,0.499948100000,-0.377689846057837,-0.377689846057837,-0.377689846057837,0E-17,ELIGIBLE,R03b_20260811_FULL_v1,L1_ELIGIBILITY,v2026-08-11,2026-03-21..2026-08-06,baccarat_bet02_101_all_pairs_incl_sentinel,round_win = game_pnl > 0 (decisive only),COMPATIBILITY_ONLY_NOT_PRODUCTION,515.1320,442.4319,-61.3796,50,50,0.11915323,,0.11915323,0.11915323,61.3796,515.1320,OK,0.0000,-2.4552,4.0000,96.0000,AG03-UNRESOLVED,ALL5_LEVELS_bet23_to_bet27,-2.4552,-2.4552,-2.7621,-2.7621,-2.7621,4.000000,4.000000,4.500000,4.500000,4.500000,96.000000,96.000000,95.500000,95.500000,95.500000,5.0,-13.1966,-12.1103,-48.1830,-49.2694,PENDING_AG03,FALSE,NOT_FOR_ENFORCEMENT,-58.9245,424.7346,-61.3796,-58.9245,-2.4552,-0.11915323,-0.11438710,-2.4552,-58.9245,-0.11438710,-2.4552,-2.4552,-2.7621,-2.7621,-2.7621,-58.9245,-0.11438710,-13.1966,-12.1103,-48.1830,-49.2694,-0.09353528,-0.09564414,-0.00476613,10.3026,8.8486,-1.2276,-15.3449,-5.5800,128.7830,12.5000,,10.3026,4.1543,10.3857,10.3857,20.7715,20.7715,41.5429,7.27,3.9466,2.0,4.0,0.992,6,10,5,3,0E-8,-0.11915323,,0E-8,0.000000,0.858871,0.000000,,2026-06-17,2026-06-25,4,11,8,9,0.444444,,,0.000000,,,,,,,,GLOBAL_BASELINE_NO_ENTITY_RANKING,,,NOT_APPLICABLE_GLOBAL_BASELINE,HF9g-P5,,,,X 全窗基线 · 不参与实体赏罚,3929001,393,A168_HF9F_20260827_0900,2026-08-27 09:00:00
2026-06-18,151307956,2108,0,64.3915003222,-27.4183162662,-27.4183162662,0.3750000,8,8,0.49994810000000000,0.499948100000,-0.7068131942587571,-0.7068131942587571,-0.7068131942587571,0E-17,ELIGIBLE,R03b_20260811_FULL_v1,L1_ELIGIBILITY,v2026-08-11,2026-03-21..2026-08-06,baccarat_bet02_101_all_pairs_incl_sentinel,round_win = game_pnl > 0 (decisive only),COMPATIBILITY_ONLY_NOT_PRODUCTION,515.1320,442.4319,-61.3796,50,50,0.11915323,,0.11915323,0.11915323,61.3796,515.1320,OK,0.0000,-2.4552,4.0000,96.0000,AG03-UNRESOLVED,ALL5_LEVELS_bet23_to_bet27,-2.4552,-2.4552,-2.7621,-2.7621,-2.7621,4.000000,4.000000,4.500000,4.500000,4.500000,96.000000,96.000000,95.500000,95.500000,95.500000,5.0,-13.1966,-12.1103,-48.1830,-49.2694,PENDING_AG03,FALSE,NOT_FOR_ENFORCEMENT,-58.9245,424.7346,-61.3796,-58.9245,-2.4552,-0.11915323,-0.11438710,-2.4552,-58.9245,-0.11438710,-2.4552,-2.4552,-2.7621,-2.7621,-2.7621,-58.9245,-0.11438710,-13.1966,-12.1103,-48.1830,-49.2694,-0.09353528,-0.09564414,-0.00476613,10.3026,8.8486,-1.2276,-15.3449,-5.5800,128.7830,12.5000,,10.3026,4.1543,10.3857,10.3857,20.7715,20.7715,41.5429,7.27,3.9466,2.0,4.0,0.992,6,10,5,3,0E-8,-0.11915323,,0E-8,0.000000,0.858871,0.000000,,2026-06-17,2026-06-25,4,11,8,9,0.444444,,,0.000000,,,,,,,,GLOBAL_BASELINE_NO_ENTITY_RANKING,,,NOT_APPLICABLE_GLOBAL_BASELINE,HF9g-P5,,,,X 全窗基线 · 不参与实体赏罚,3929002,393,A168_HF9F_20260827_0900,2026-08-27 09:00:00
2026-06-20,151307956,1306,0,62.3143551504,-41.5429034336,-41.5429034336,0E-7,3,3,0.36930140000000000,0.369301400000,-1.082167635671185,-1.082167635671185,-1.082167635671185,0E-17,ELIGIBLE,R03b_20260811_FULL_v1,L1_ELIGIBILITY,v2026-08-11,2026-03-21..2026-08-06,baccarat_bet02_101_all_pairs_incl_sentinel,round_win = game_pnl > 0 (decisive only),COMPATIBILITY_ONLY_NOT_PRODUCTION,515.1320,442.4319,-61.3796,50,50,0.11915323,,0.11915323,0.11915323,61.3796,515.1320,OK,0.0000,-2.4552,4.0000,96.0000,AG03-UNRESOLVED,ALL5_LEVELS_bet23_to_bet27,-2.4552,-2.4552,-2.7621,-2.7621,-2.7621,4.000000,4.000000,4.500000,4.500000,4.500000,96.000000,96.000000,95.500000,95.500000,95.500000,5.0,-13.1966,-12.1103,-48.1830,-49.2694,PENDING_AG03,FALSE,NOT_FOR_ENFORCEMENT,-58.9245,424.7346,-61.3796,-58.9245,-2.4552,-0.11915323,-0.11438710,-2.4552,-58.9245,-0.11438710,-2.4552,-2.4552,-2.7621,-2.7621,-2.7621,-58.9245,-0.11438710,-13.1966,-12.1103,-48.1830,-49.2694,-0.09353528,-0.09564414,-0.00476613,10.3026,8.8486,-1.2276,-15.3449,-5.5800,128.7830,12.5000,,10.3026,4.1543,10.3857,10.3857,20.7715,20.7715,41.5429,7.27,3.9466,2.0,4.0,0.992,6,10,5,3,0E-8,-0.11915323,,0E-8,0.000000,0.858871,0.000000,,2026-06-17,2026-06-25,4,11,8,9,0.444444,,,0.000000,,,,,,,,GLOBAL_BASELINE_NO_ENTITY_RANKING,,,NOT_APPLICABLE_GLOBAL_BASELINE,HF9g-P5,,,,X 全窗基线 · 不参与实体赏罚,3929003,393,A168_HF9F_20260827_0900,2026-08-27 09:00:00
2026-06-20,151307956,1325,0,155.7858878760,47.2550526555,47.2550526555,0.6666667,9,9,0.45937813333333333,0.459378133333,1.2478562834995617,1.2478562835016362,1.2478562834995617,3.3333E-13,ELIGIBLE,R03b_20260811_FULL_v1,L1_ELIGIBILITY,v2026-08-11,2026-03-21..2026-08-06,baccarat_bet02_101_all_pairs_incl_sentinel,round_win = game_pnl > 0 (decisive only),COMPATIBILITY_ONLY_NOT_PRODUCTION,515.1320,442.4319,-61.3796,50,50,0.11915323,,0.11915323,0.11915323,61.3796,515.1320,OK,0.0000,-2.4552,4.0000,96.0000,AG03-UNRESOLVED,ALL5_LEVELS_bet23_to_bet27,-2.4552,-2.4552,-2.7621,-2.7621,-2.7621,4.000000,4.000000,4.500000,4.500000,4.500000,96.000000,96.000000,95.500000,95.500000,95.500000,5.0,-13.1966,-12.1103,-48.1830,-49.2694,PENDING_AG03,FALSE,NOT_FOR_ENFORCEMENT,-58.9245,424.7346,-61.3796,-58.9245,-2.4552,-0.11915323,-0.11438710,-2.4552,-58.9245,-0.11438710,-2.4552,-2.4552,-2.7621,-2.7621,-2.7621,-58.9245,-0.11438710,-13.1966,-12.1103,-48.1830,-49.2694,-0.09353528,-0.09564414,-0.00476613,10.3026,8.8486,-1.2276,-15.3449,-5.5800,128.7830,12.5000,,10.3026,4.1543,10.3857,10.3857,20.7715,20.7715,41.5429,7.27,3.9466,2.0,4.0,0.992,6,10,5,3,0E-8,-0.11915323,,0E-8,0.000000,0.858871,0.000000,,2026-06-17,2026-06-25,4,11,8,9,0.444444,,,0.000000,,,,,,,,GLOBAL_BASELINE_NO_ENTITY_RANKING,,,NOT_APPLICABLE_GLOBAL_BASELINE,HF9g-P5,,,,X 全窗基线 · 不参与实体赏罚,3929004,393,A168_HF9F_20260827_0900,2026-08-27 09:00:00
2026-06-25,151307956,2123,0,62.3143551503,20.7714517168,20.7714517168,1.0000000,2,2,0.49324550000000000,0.493245500000,1.01360149184955,1.01360149184955,1.01360149184955,0E-17,ELIGIBLE,R03b_20260811_FULL_v1,L1_ELIGIBILITY,v2026-08-11,2026-03-21..2026-08-06,baccarat_bet02_101_all_pairs_incl_sentinel,round_win = game_pnl > 0 (decisive only),COMPATIBILITY_ONLY_NOT_PRODUCTION,515.1320,442.4319,-61.3796,50,50,0.11915323,,0.11915323,0.11915323,61.3796,515.1320,OK,0.0000,-2.4552,4.0000,96.0000,AG03-UNRESOLVED,ALL5_LEVELS_bet23_to_bet27,-2.4552,-2.4552,-2.7621,-2.7621,-2.7621,4.000000,4.000000,4.500000,4.500000,4.500000,96.000000,96.000000,95.500000,95.500000,95.500000,5.0,-13.1966,-12.1103,-48.1830,-49.2694,PENDING_AG03,FALSE,NOT_FOR_ENFORCEMENT,-58.9245,424.7346,-61.3796,-58.9245,-2.4552,-0.11915323,-0.11438710,-2.4552,-58.9245,-0.11438710,-2.4552,-2.4552,-2.7621,-2.7621,-2.7621,-58.9245,-0.11438710,-13.1966,-12.1103,-48.1830,-49.2694,-0.09353528,-0.09564414,-0.00476613,10.3026,8.8486,-1.2276,-15.3449,-5.5800,128.7830,12.5000,,10.3026,4.1543,10.3857,10.3857,20.7715,20.7715,41.5429,7.27,3.9466,2.0,4.0,0.992,6,10,5,3,0E-8,-0.11915323,,0E-8,0.000000,0.858871,0.000000,,2026-06-17,2026-06-25,4,11,8,9,0.444444,,,0.000000,,,,,,,,GLOBAL_BASELINE_NO_ENTITY_RANKING,,,NOT_APPLICABLE_GLOBAL_BASELINE,HF9g-P5,,,,X 全窗基线 · 不参与实体赏罚,3929005,393,A168_HF9F_20260827_0900,2026-08-27 09:00:00
2026-06-25,151307956,2175,0,20.7714517168,20.7714517168,20.7714517168,1.0000000,1,1,0.49324550000000000,0.493245500000,1.01360149184955,1.01360149184955,1.01360149184955,0E-17,ELIGIBLE,R03b_20260811_FULL_v1,L1_ELIGIBILITY,v2026-08-11,2026-03-21..2026-08-06,baccarat_bet02_101_all_pairs_incl_sentinel,round_win = game_pnl > 0 (decisive only),COMPATIBILITY_ONLY_NOT_PRODUCTION,515.1320,442.4319,-61.3796,50,50,0.11915323,,0.11915323,0.11915323,61.3796,515.1320,OK,0.0000,-2.4552,4.0000,96.0000,AG03-UNRESOLVED,ALL5_LEVELS_bet23_to_bet27,-2.4552,-2.4552,-2.7621,-2.7621,-2.7621,4.000000,4.000000,4.500000,4.500000,4.500000,96.000000,96.000000,95.500000,95.500000,95.500000,5.0,-13.1966,-12.1103,-48.1830,-49.2694,PENDING_AG03,FALSE,NOT_FOR_ENFORCEMENT,-58.9245,424.7346,-61.3796,-58.9245,-2.4552,-0.11915323,-0.11438710,-2.4552,-58.9245,-0.11438710,-2.4552,-2.4552,-2.7621,-2.7621,-2.7621,-58.9245,-0.11438710,-13.1966,-12.1103,-48.1830,-49.2694,-0.09353528,-0.09564414,-0.00476613,10.3026,8.8486,-1.2276,-15.3449,-5.5800,128.7830,12.5000,,10.3026,4.1543,10.3857,10.3857,20.7715,20.7715,41.5429,7.27,3.9466,2.0,4.0,0.992,6,10,5,3,0E-8,-0.11915323,,0E-8,0.000000,0.858871,0.000000,,2026-06-17,2026-06-25,4,11,8,9,0.444444,,,0.000000,,,,,,,,GLOBAL_BASELINE_NO_ENTITY_RANKING,,,NOT_APPLICABLE_GLOBAL_BASELINE,HF9g-P5,,,,X 全窗基线 · 不参与实体赏罚,3929006,393,A168_HF9F_20260827_0900,2026-08-27 09:00:00
2026-06-16,151615625,-1,1,339.8209500876,-5.1513200267,-5.1513200267,0.5000000,69,26,0.42297048091375665,0.343650523205,0.7950415305469852,1.6786379213268177,0.7950415305469852,0.07931995770875665,SENTINEL_DEALER,R03b_20260811_FULL_v1,L1_ELIGIBILITY,v2026-08-11,2026-03-21..2026-08-06,baccarat_bet02_101_all_pairs_incl_sentinel,round_win = game_pnl > 0 (decisive only),COMPATIBILITY_ONLY_NOT_PRODUCTION,1104.4451,823.8985,-61.3777,230,118,0.05557336,0.08700882,-0.01515892,0.05557336,61.3777,1104.4451,OK,0.0000,-2.4551,4.0000,96.0000,AG03-UNRESOLVED,ALL5_LEVELS_bet23_to_bet27,-2.4551,-2.4551,-2.4551,-4.9102,-4.9102,4.000000,4.000000,4.000000,8.000000,8.000000,96.000000,96.000000,96.000000,92.000000,92.000000,5.0,-17.1858,-15.4156,-44.1920,-45.9621,PENDING_AG03,FALSE,NOT_FOR_ENFORCEMENT,-58.9226,790.9425,-61.3777,-58.9226,-2.4551,-0.05557336,-0.05335043,-2.4551,-58.9226,-0.05335043,-2.4551,-2.4551,-2.4551,-4.9102,-4.9102,-58.9226,-0.05335043,-17.1858,-15.4156,-44.1920,-45.9621,-0.04001282,-0.04161559,-0.00222293,4.8019,6.9822,-0.5202,-20.4592,-5.5798,368.1484,39.3333,4.7492,4.9249,2.0439,2.0771,6.1317,10.2195,12.4629,21.4408,2.0771,-2.0439,6.0,10.322227,2.311796,9,11,6,8,0.69231521,-0.05557336,-0.08700882,0E-8,0.000000,0.745984,0.000000,0.10216775,2026-06-16,2026-07-17,3,11,10,32,0.093750,0.964320,0.989022,2.307717,,,,,,,,GLOBAL_BASELINE_NO_ENTITY_RANKING,,,NOT_APPLICABLE_GLOBAL_BASELINE,HF9g-P5,,,,X 全窗基线 · 不参与实体赏罚,3929007,393,A168_HF9F_20260827_0900,2026-08-27 09:00:00
2026-07-16,151615625,-1,1,202.5507909902,19.0082982467,19.0082982467,0.4736842,32,22,0.49688575228292391,0.496901463636,-0.20227027519308202,-0.20240720673462825,-0.20227027519308202,-0.00001571135307609,SENTINEL_DEALER,R03b_20260811_FULL_v1,L1_ELIGIBILITY,v2026-08-11,2026-03-21..2026-08-06,baccarat_bet02_101_all_pairs_incl_sentinel,round_win = game_pnl > 0 (decisive only),COMPATIBILITY_ONLY_NOT_PRODUCTION,1104.4451,823.8985,-61.3777,230,118,0.05557336,0.08700882,-0.01515892,0.05557336,61.3777,1104.4451,OK,0.0000,-2.4551,4.0000,96.0000,AG03-UNRESOLVED,ALL5_LEVELS_bet23_to_bet27,-2.4551,-2.4551,-2.4551,-4.9102,-4.9102,4.000000,4.000000,4.000000,8.000000,8.000000,96.000000,96.000000,96.000000,92.000000,92.000000,5.0,-17.1858,-15.4156,-44.1920,-45.9621,PENDING_AG03,FALSE,NOT_FOR_ENFORCEMENT,-58.9226,790.9425,-61.3777,-58.9226,-2.4551,-0.05557336,-0.05335043,-2.4551,-58.9226,-0.05335043,-2.4551,-2.4551,-2.4551,-4.9102,-4.9102,-58.9226,-0.05335043,-17.1858,-15.4156,-44.1920,-45.9621,-0.04001282,-0.04161559,-0.00222293,4.8019,6.9822,-0.5202,-20.4592,-5.5798,368.1484,39.3333,4.7492,4.9249,2.0439,2.0771,6.1317,10.2195,12.4629,21.4408,2.0771,-2.0439,6.0,10.322227,2.311796,9,11,6,8,0.69231521,-0.05557336,-0.08700882,0E-8,0.000000,0.745984,0.000000,0.10216775,2026-06-16,2026-07-17,3,11,10,32,0.093750,0.964320,0.989022,2.307717,,,,,,,,GLOBAL_BASELINE_NO_ENTITY_RANKING,,,NOT_APPLICABLE_GLOBAL_BASELINE,HF9g-P5,,,,X 全窗基线 · 不参与实体赏罚,3929008,393,A168_HF9F_20260827_0900,2026-08-27 09:00:00
2026-07-16,151615625,1307,0,38.8341577077,8.9931733638,8.9931733638,0.7500000,7,4,0.49994810000000000,0.498272450000,1.0002076053883384,1.0069162101578184,1.0002076053883384,0.00167565000000000,ELIGIBLE,R03b_20260811_FULL_v1,L1_ELIGIBILITY,v2026-08-11,2026-03-21..2026-08-06,baccarat_bet02_101_all_pairs_incl_sentinel,round_win = game_pnl > 0 (decisive only),COMPATIBILITY_ONLY_NOT_PRODUCTION,1104.4451,823.8985,-61.3777,230,118,0.05557336,0.08700882,-0.01515892,0.05557336,61.3777,1104.4451,OK,0.0000,-2.4551,4.0000,96.0000,AG03-UNRESOLVED,ALL5_LEVELS_bet23_to_bet27,-2.4551,-2.4551,-2.4551,-4.9102,-4.9102,4.000000,4.000000,4.000000,8.000000,8.000000,96.000000,96.000000,96.000000,92.000000,92.000000,5.0,-17.1858,-15.4156,-44.1920,-45.9621,PENDING_AG03,FALSE,NOT_FOR_ENFORCEMENT,-58.9226,790.9425,-61.3777,-58.9226,-2.4551,-0.05557336,-0.05335043,-2.4551,-58.9226,-0.05335043,-2.4551,-2.4551,-2.4551,-4.9102,-4.9102,-58.9226,-0.05335043,-17.1858,-15.4156,-44.1920,-45.9621,-0.04001282,-0.04161559,-0.00222293,4.8019,6.9822,-0.5202,-20.4592,-5.5798,368.1484,39.3333,4.7492,4.9249,2.0439,2.0771,6.1317,10.2195,12.4629,21.4408,2.0771,-2.0439,6.0,10.322227,2.311796,9,11,6,8,0.69231521,-0.05557336,-0.08700882,0E-8,0.000000,0.745984,0.000000,0.10216775,2026-06-16,2026-07-17,3,11,10,32,0.093750,0.964320,0.989022,2.307717,,,,,,,,GLOBAL_BASELINE_NO_ENTITY_RANKING,,,NOT_APPLICABLE_GLOBAL_BASELINE,HF9g-P5,,,,X 全窗基线 · 不参与实体赏罚,3929009,393,A168_HF9F_20260827_0900,2026-08-27 09:00:00
2026-07-17,151615625,1007,0,14.3073212606,1.6351224298,1.6351224298,0.5000000,4,2,0.50050664999998406,0.499948100000,-0.0014330233384053843,0.00014679536856514622,-0.0014330233384053843,0.00055854999998406,ELIGIBLE,R03b_20260811_FULL_v1,L1_ELIGIBILITY,v2026-08-11,2026-03-21..2026-08-06,baccarat_bet02_101_all_pairs_incl_sentinel,round_win = game_pnl > 0 (decisive only),COMPATIBILITY_ONLY_NOT_PRODUCTION,1104.4451,823.8985,-61.3777,230,118,0.05557336,0.08700882,-0.01515892,0.05557336,61.3777,1104.4451,OK,0.0000,-2.4551,4.0000,96.0000,AG03-UNRESOLVED,ALL5_LEVELS_bet23_to_bet27,-2.4551,-2.4551,-2.4551,-4.9102,-4.9102,4.000000,4.000000,4.000000,8.000000,8.000000,96.000000,96.000000,96.000000,92.000000,92.000000,5.0,-17.1858,-15.4156,-44.1920,-45.9621,PENDING_AG03,FALSE,NOT_FOR_ENFORCEMENT,-58.9226,790.9425,-61.3777,-58.9226,-2.4551,-0.05557336,-0.05335043,-2.4551,-58.9226,-0.05335043,-2.4551,-2.4551,-2.4551,-4.9102,-4.9102,-58.9226,-0.05335043,-17.1858,-15.4156,-44.1920,-45.9621,-0.04001282,-0.04161559,-0.00222293,4.8019,6.9822,-0.5202,-20.4592,-5.5798,368.1484,39.3333,4.7492,4.9249,2.0439,2.0771,6.1317,10.2195,12.4629,21.4408,2.0771,-2.0439,6.0,10.322227,2.311796,9,11,6,8,0.69231521,-0.05557336,-0.08700882,0E-8,0.000000,0.745984,0.000000,0.10216775,2026-06-16,2026-07-17,3,11,10,32,0.093750,0.964320,0.989022,2.307717,,,,,,,,GLOBAL_BASELINE_NO_ENTITY_RANKING,,,NOT_APPLICABLE_GLOBAL_BASELINE,HF9g-P5,,,,X 全窗基线 · 不参与实体赏罚,3929010,393,A168_HF9F_20260827_0900,2026-08-27 09:00:00
2026-07-17,151615625,1306,0,2.0439030372,0E-10,0E-10,,1,1,0.50665070000000000,0.506650700000,,,,0E-17,NO_DECISIVE_ROUND,R03b_20260811_FULL_v1,L1_ELIGIBILITY,v2026-08-11,2026-03-21..2026-08-06,baccarat_bet02_101_all_pairs_incl_sentinel,round_win = game_pnl > 0 (decisive only),COMPATIBILITY_ONLY_NOT_PRODUCTION,1104.4451,823.8985,-61.3777,230,118,0.05557336,0.08700882,-0.01515892,0.05557336,61.3777,1104.4451,OK,0.0000,-2.4551,4.0000,96.0000,AG03-UNRESOLVED,ALL5_LEVELS_bet23_to_bet27,-2.4551,-2.4551,-2.4551,-4.9102,-4.9102,4.000000,4.000000,4.000000,8.000000,8.000000,96.000000,96.000000,96.000000,92.000000,92.000000,5.0,-17.1858,-15.4156,-44.1920,-45.9621,PENDING_AG03,FALSE,NOT_FOR_ENFORCEMENT,-58.9226,790.9425,-61.3777,-58.9226,-2.4551,-0.05557336,-0.05335043,-2.4551,-58.9226,-0.05335043,-2.4551,-2.4551,-2.4551,-4.9102,-4.9102,-58.9226,-0.05335043,-17.1858,-15.4156,-44.1920,-45.9621,-0.04001282,-0.04161559,-0.00222293,4.8019,6.9822,-0.5202,-20.4592,-5.5798,368.1484,39.3333,4.7492,4.9249,2.0439,2.0771,6.1317,10.2195,12.4629,21.4408,2.0771,-2.0439,6.0,10.322227,2.311796,9,11,6,8,0.69231521,-0.05557336,-0.08700882,0E-8,0.000000,0.745984,0.000000,0.10216775,2026-06-16,2026-07-17,3,11,10,32,0.093750,0.964320,0.989022,2.307717,,,,,,,,GLOBAL_BASELINE_NO_ENTITY_RANKING,,,NOT_APPLICABLE_GLOBAL_BASELINE,HF9g-P5,,,,X 全窗基线 · 不参与实体赏罚,3929011,393,A168_HF9F_20260827_0900,2026-08-27 09:00:00
2026-07-17,151615625,1385,0,169.6439520901,7.4602460864,7.4602460864,0.5333333,37,15,0.43969672428651918,0.383929125333,0.7306394395019002,1.1897825379463915,0.7306394395019002,0.05576759895351918,ELIGIBLE,R03b_20260811_FULL_v1,L1_ELIGIBILITY,v2026-08-11,2026-03-21..2026-08-06,baccarat_bet02_101_all_pairs_incl_sentinel,round_win = game_pnl > 0 (decisive only),COMPATIBILITY_ONLY_NOT_PRODUCTION,1104.4451,823.8985,-61.3777,230,118,0.05557336,0.08700882,-0.01515892,0.05557336,61.3777,1104.4451,OK,0.0000,-2.4551,4.0000,96.0000,AG03-UNRESOLVED,ALL5_LEVELS_bet23_to_bet27,-2.4551,-2.4551,-2.4551,-4.9102,-4.9102,4.000000,4.000000,4.000000,8.000000,8.000000,96.000000,96.000000,96.000000,92.000000,92.000000,5.0,-17.1858,-15.4156,-44.1920,-45.9621,PENDING_AG03,FALSE,NOT_FOR_ENFORCEMENT,-58.9226,790.9425,-61.3777,-58.9226,-2.4551,-0.05557336,-0.05335043,-2.4551,-58.9226,-0.05335043,-2.4551,-2.4551,-2.4551,-4.9102,-4.9102,-58.9226,-0.05335043,-17.1858,-15.4156,-44.1920,-45.9621,-0.04001282,-0.04161559,-0.00222293,4.8019,6.9822,-0.5202,-20.4592,-5.5798,368.1484,39.3333,4.7492,4.9249,2.0439,2.0771,6.1317,10.2195,12.4629,21.4408,2.0771,-2.0439,6.0,10.322227,2.311796,9,11,6,8,0.69231521,-0.05557336,-0.08700882,0E-8,0.000000,0.745984,0.000000,0.10216775,2026-06-16,2026-07-17,3,11,10,32,0.093750,0.964320,0.989022,2.307717,,,,,,,,GLOBAL_BASELINE_NO_ENTITY_RANKING,,,NOT_APPLICABLE_GLOBAL_BASELINE,HF9g-P5,,,,X 全窗基线 · 不参与实体赏罚,3929012,393,A168_HF9F_20260827_0900,2026-08-27 09:00:00
2026-07-17,151615625,1402,0,22.4829334095,5.4163430488,5.4163430488,0.7500000,6,4,0.48353483000039295,0.453469062500,1.0664390639908952,1.1912935741641903,1.0664390639908952,0.03006576750039295,ELIGIBLE,R03b_20260811_FULL_v1,L1_ELIGIBILITY,v2026-08-11,2026-03-21..2026-08-06,baccarat_bet02_101_all_pairs_incl_sentinel,round_win = game_pnl > 0 (decisive only),COMPATIBILITY_ONLY_NOT_PRODUCTION,1104.4451,823.8985,-61.3777,230,118,0.05557336,0.08700882,-0.01515892,0.05557336,61.3777,1104.4451,OK,0.0000,-2.4551,4.0000,96.0000,AG03-UNRESOLVED,ALL5_LEVELS_bet23_to_bet27,-2.4551,-2.4551,-2.4551,-4.9102,-4.9102,4.000000,4.000000,4.000000,8.000000,8.000000,96.000000,96.000000,96.000000,92.000000,92.000000,5.0,-17.1858,-15.4156,-44.1920,-45.9621,PENDING_AG03,FALSE,NOT_FOR_ENFORCEMENT,-58.9226,790.9425,-61.3777,-58.9226,-2.4551,-0.05557336,-0.05335043,-2.4551,-58.9226,-0.05335043,-2.4551,-2.4551,-2.4551,-4.9102,-4.9102,-58.9226,-0.05335043,-17.1858,-15.4156,-44.1920,-45.9621,-0.04001282,-0.04161559,-0.00222293,4.8019,6.9822,-0.5202,-20.4592,-5.5798,368.1484,39.3333,4.7492,4.9249,2.0439,2.0771,6.1317,10.2195,12.4629,21.4408,2.0771,-2.0439,6.0,10.322227,2.311796,9,11,6,8,0.69231521,-0.05557336,-0.08700882,0E-8,0.000000,0.745984,0.000000,0.10216775,2026-06-16,2026-07-17,3,11,10,32,0.093750,0.964320,0.989022,2.307717,,,,,,,,GLOBAL_BASELINE_NO_ENTITY_RANKING,,,NOT_APPLICABLE_GLOBAL_BASELINE,HF9g-P5,,,,X 全窗基线 · 不参与实体赏罚,3929013,393,A168_HF9F_20260827_0900,2026-08-27 09:00:00
2026-07-17,151615625,2160,0,67.4488002285,19.3148837023,19.3148837023,0.6666667,19,14,0.48389653750024740,0.466887460714,1.266925852008661,1.3871561502777048,1.266925852008661,0.01700907678624740,ELIGIBLE,R03b_20260811_FULL_v1,L1_ELIGIBILITY,v2026-08-11,2026-03-21..2026-08-06,baccarat_bet02_101_all_pairs_incl_sentinel,round_win = game_pnl > 0 (decisive only),COMPATIBILITY_ONLY_NOT_PRODUCTION,1104.4451,823.8985,-61.3777,230,118,0.05557336,0.08700882,-0.01515892,0.05557336,61.3777,1104.4451,OK,0.0000,-2.4551,4.0000,96.0000,AG03-UNRESOLVED,ALL5_LEVELS_bet23_to_bet27,-2.4551,-2.4551,-2.4551,-4.9102,-4.9102,4.000000,4.000000,4.000000,8.000000,8.000000,96.000000,96.000000,96.000000,92.000000,92.000000,5.0,-17.1858,-15.4156,-44.1920,-45.9621,PENDING_AG03,FALSE,NOT_FOR_ENFORCEMENT,-58.9226,790.9425,-61.3777,-58.9226,-2.4551,-0.05557336,-0.05335043,-2.4551,-58.9226,-0.05335043,-2.4551,-2.4551,-2.4551,-4.9102,-4.9102,-58.9226,-0.05335043,-17.1858,-15.4156,-44.1920,-45.9621,-0.04001282,-0.04161559,-0.00222293,4.8019,6.9822,-0.5202,-20.4592,-5.5798,368.1484,39.3333,4.7492,4.9249,2.0439,2.0771,6.1317,10.2195,12.4629,21.4408,2.0771,-2.0439,6.0,10.322227,2.311796,9,11,6,8,0.69231521,-0.05557336,-0.08700882,0E-8,0.000000,0.745984,0.000000,0.10216775,2026-06-16,2026-07-17,3,11,10,32,0.093750,0.964320,0.989022,2.307717,,,,,,,,GLOBAL_BASELINE_NO_ENTITY_RANKING,,,NOT_APPLICABLE_GLOBAL_BASELINE,HF9g-P5,,,,X 全窗基线 · 不参与实体赏罚,3929014,393,A168_HF9F_20260827_0900,2026-08-27 09:00:00
2026-07-17,151615625,2276,0,20.4390303723,3.7812206189,3.7812206189,0.6666667,5,3,0.50255466666665604,0.502182300000,0.5685080648450822,0.5697959874915164,0.5685080648450822,0.00037236666665604,ELIGIBLE,R03b_20260811_FULL_v1,L1_ELIGIBILITY,v2026-08-11,2026-03-21..2026-08-06,baccarat_bet02_101_all_pairs_incl_sentinel,round_win = game_pnl > 0 (decisive only),COMPATIBILITY_ONLY_NOT_PRODUCTION,1104.4451,823.8985,-61.3777,230,118,0.05557336,0.08700882,-0.01515892,0.05557336,61.3777,1104.4451,OK,0.0000,-2.4551,4.0000,96.0000,AG03-UNRESOLVED,ALL5_LEVELS_bet23_to_bet27,-2.4551,-2.4551,-2.4551,-4.9102,-4.9102,4.000000,4.000000,4.000000,8.000000,8.000000,96.000000,96.000000,96.000000,92.000000,92.000000,5.0,-17.1858,-15.4156,-44.1920,-45.9621,PENDING_AG03,FALSE,NOT_FOR_ENFORCEMENT,-58.9226,790.9425,-61.3777,-58.9226,-2.4551,-0.05557336,-0.05335043,-2.4551,-58.9226,-0.05335043,-2.4551,-2.4551,-2.4551,-4.9102,-4.9102,-58.9226,-0.05335043,-17.1858,-15.4156,-44.1920,-45.9621,-0.04001282,-0.04161559,-0.00222293,4.8019,6.9822,-0.5202,-20.4592,-5.5798,368.1484,39.3333,4.7492,4.9249,2.0439,2.0771,6.1317,10.2195,12.4629,21.4408,2.0771,-2.0439,6.0,10.322227,2.311796,9,11,6,8,0.69231521,-0.05557336,-0.08700882,0E-8,0.000000,0.745984,0.000000,0.10216775,2026-06-16,2026-07-17,3,11,10,32,0.093750,0.964320,0.989022,2.307717,,,,,,,,GLOBAL_BASELINE_NO_ENTITY_RANKING,,,NOT_APPLICABLE_GLOBAL_BASELINE,HF9g-P5,,,,X 全窗基线 · 不参与实体赏罚,3929015,393,A168_HF9F_20260827_0900,2026-08-27 09:00:00
2026-07-17,151615625,583,0,24.5268364468,4.0878060746,4.0878060746,0.6666667,6,3,0.44277418000079765,0.384000883333,0.7807165530091813,1.0066481768810207,0.7807165530091813,0.05877329666779765,ELIGIBLE,R03b_20260811_FULL_v1,L1_ELIGIBILITY,v2026-08-11,2026-03-21..2026-08-06,baccarat_bet02_101_all_pairs_incl_sentinel,round_win = game_pnl > 0 (decisive only),COMPATIBILITY_ONLY_NOT_PRODUCTION,1104.4451,823.8985,-61.3777,230,118,0.05557336,0.08700882,-0.01515892,0.05557336,61.3777,1104.4451,OK,0.0000,-2.4551,4.0000,96.0000,AG03-UNRESOLVED,ALL5_LEVELS_bet23_to_bet27,-2.4551,-2.4551,-2.4551,-4.9102,-4.9102,4.000000,4.000000,4.000000,8.000000,8.000000,96.000000,96.000000,96.000000,92.000000,92.000000,5.0,-17.1858,-15.4156,-44.1920,-45.9621,PENDING_AG03,FALSE,NOT_FOR_ENFORCEMENT,-58.9226,790.9425,-61.3777,-58.9226,-2.4551,-0.05557336,-0.05335043,-2.4551,-58.9226,-0.05335043,-2.4551,-2.4551,-2.4551,-4.9102,-4.9102,-58.9226,-0.05335043,-17.1858,-15.4156,-44.1920,-45.9621,-0.04001282,-0.04161559,-0.00222293,4.8019,6.9822,-0.5202,-20.4592,-5.5798,368.1484,39.3333,4.7492,4.9249,2.0439,2.0771,6.1317,10.2195,12.4629,21.4408,2.0771,-2.0439,6.0,10.322227,2.311796,9,11,6,8,0.69231521,-0.05557336,-0.08700882,0E-8,0.000000,0.745984,0.000000,0.10216775,2026-06-16,2026-07-17,3,11,10,32,0.093750,0.964320,0.989022,2.307717,,,,,,,,GLOBAL_BASELINE_NO_ENTITY_RANKING,,,NOT_APPLICABLE_GLOBAL_BASELINE,HF9g-P5,,,,X 全窗基线 · 不参与实体赏罚,3929016,393,A168_HF9F_20260827_0900,2026-08-27 09:00:00
2026-07-17,151615625,763,0,190.0829824626,-1.0219515181,-1.0219515181,0.5000000,40,22,0.47342290654794840,0.447287543182,0.2380492766382922,0.47411667287458625,0.2380492766382922,0.02613536336594840,ELIGIBLE,R03b_20260811_FULL_v1,L1_ELIGIBILITY,v2026-08-11,2026-03-21..2026-08-06,baccarat_bet02_101_all_pairs_incl_sentinel,round_win = game_pnl > 0 (decisive only),COMPATIBILITY_ONLY_NOT_PRODUCTION,1104.4451,823.8985,-61.3777,230,118,0.05557336,0.08700882,-0.01515892,0.05557336,61.3777,1104.4451,OK,0.0000,-2.4551,4.0000,96.0000,AG03-UNRESOLVED,ALL5_LEVELS_bet23_to_bet27,-2.4551,-2.4551,-2.4551,-4.9102,-4.9102,4.000000,4.000000,4.000000,8.000000,8.000000,96.000000,96.000000,96.000000,92.000000,92.000000,5.0,-17.1858,-15.4156,-44.1920,-45.9621,PENDING_AG03,FALSE,NOT_FOR_ENFORCEMENT,-58.9226,790.9425,-61.3777,-58.9226,-2.4551,-0.05557336,-0.05335043,-2.4551,-58.9226,-0.05335043,-2.4551,-2.4551,-2.4551,-4.9102,-4.9102,-58.9226,-0.05335043,-17.1858,-15.4156,-44.1920,-45.9621,-0.04001282,-0.04161559,-0.00222293,4.8019,6.9822,-0.5202,-20.4592,-5.5798,368.1484,39.3333,4.7492,4.9249,2.0439,2.0771,6.1317,10.2195,12.4629,21.4408,2.0771,-2.0439,6.0,10.322227,2.311796,9,11,6,8,0.69231521,-0.05557336,-0.08700882,0E-8,0.000000,0.745984,0.000000,0.10216775,2026-06-16,2026-07-17,3,11,10,32,0.093750,0.964320,0.989022,2.307717,,,,,,,,GLOBAL_BASELINE_NO_ENTITY_RANKING,,,NOT_APPLICABLE_GLOBAL_BASELINE,HF9g-P5,,,,X 全窗基线 · 不参与实体赏罚,3929017,393,A168_HF9F_20260827_0900,2026-08-27 09:00:00
2026-07-17,151615625,994,0,12.2634182234,-2.1460981891,-2.1460981891,0E-7,4,2,0.49994810000000000,0.499948100000,-0.9998962053866608,-0.9998962053866608,-0.9998962053866608,0E-17,ELIGIBLE,R03b_20260811_FULL_v1,L1_ELIGIBILITY,v2026-08-11,2026-03-21..2026-08-06,baccarat_bet02_101_all_pairs_incl_sentinel,round_win = game_pnl > 0 (decisive only),COMPATIBILITY_ONLY_NOT_PRODUCTION,1104.4451,823.8985,-61.3777,230,118,0.05557336,0.08700882,-0.01515892,0.05557336,61.3777,1104.4451,OK,0.0000,-2.4551,4.0000,96.0000,AG03-UNRESOLVED,ALL5_LEVELS_bet23_to_bet27,-2.4551,-2.4551,-2.4551,-4.9102,-4.9102,4.000000,4.000000,4.000000,8.000000,8.000000,96.000000,96.000000,96.000000,92.000000,92.000000,5.0,-17.1858,-15.4156,-44.1920,-45.9621,PENDING_AG03,FALSE,NOT_FOR_ENFORCEMENT,-58.9226,790.9425,-61.3777,-58.9226,-2.4551,-0.05557336,-0.05335043,-2.4551,-58.9226,-0.05335043,-2.4551,-2.4551,-2.4551,-4.9102,-4.9102,-58.9226,-0.05335043,-17.1858,-15.4156,-44.1920,-45.9621,-0.04001282,-0.04161559,-0.00222293,4.8019,6.9822,-0.5202,-20.4592,-5.5798,368.1484,39.3333,4.7492,4.9249,2.0439,2.0771,6.1317,10.2195,12.4629,21.4408,2.0771,-2.0439,6.0,10.322227,2.311796,9,11,6,8,0.69231521,-0.05557336,-0.08700882,0E-8,0.000000,0.745984,0.000000,0.10216775,2026-06-16,2026-07-17,3,11,10,32,0.093750,0.964320,0.989022,2.307717,,,,,,,,GLOBAL_BASELINE_NO_ENTITY_RANKING,,,NOT_APPLICABLE_GLOBAL_BASELINE,HF9g-P5,,,,X 全窗基线 · 不参与实体赏罚,3929018,393,A168_HF9F_20260827_0900,2026-08-27 09:00:00
2026-04-14,148671571,1384,0,2.6175954768,-2.6175954768,-2.6175954768,0E-7,1,1,0.49324550000000000,0.493245500000,-0.9865810262130424,-0.9865810262130424,-0.9865810262130424,0E-17,ELIGIBLE,R03b_20260811_FULL_v1,L1_ELIGIBILITY,v2026-08-11,2026-03-21..2026-08-06,baccarat_bet02_101_all_pairs_incl_sentinel,round_win = game_pnl > 0 (decisive only),COMPATIBILITY_ONLY_NOT_PRODUCTION,752.5327,654.1111,-60.7419,99,98,0.08071666,,0.08071666,0.08071666,60.7419,752.5327,OK,0.0000,-1.8223,3.0000,97.0000,AG03-UNRESOLVED,ALL5_LEVELS_bet23_to_bet27,-1.8223,-1.8223,-1.8223,-2.4297,-2.4297,3.000000,3.000000,3.000000,4.000000,4.000000,97.000000,97.000000,97.000000,96.000000,96.000000,5.0,-10.3261,-9.6507,-50.4158,-51.0912,PENDING_AG03,FALSE,NOT_FOR_ENFORCEMENT,-58.9197,634.4877,-60.7419,-58.9197,-1.8223,-0.08071666,-0.07829516,-1.8223,-58.9197,-0.07829516,-1.8223,-1.8223,-1.8223,-2.4297,-2.4297,-58.9197,-0.07829516,-10.3261,-9.6507,-50.4158,-51.0912,-0.06699483,-0.06789235,-0.00242150,7.6013,6.6746,-0.6198,-4.3387,-2.6410,53.7523,7.0000,,7.6013,3.9264,7.591,10.4704,13.088,15.1584,27.634,5.2352,2.6176,1.996887,3.640345,1.001359,13,23,10,4,0E-8,-0.08071666,,0E-8,0.000000,0.869213,0.000000,,2026-04-14,2026-05-07,14,23,22,24,0.583333,,,0.000000,,,,,,,,GLOBAL_BASELINE_NO_ENTITY_RANKING,,,NOT_APPLICABLE_GLOBAL_BASELINE,HF9g-P5,,,,X 全窗基线 · 不参与实体赏罚,3929019,393,A168_HF9F_20260827_0900,2026-08-27 09:00:00
2026-04-14,148671571,2141,0,15.7055728608,-5.2351909536,-5.2351909536,0.5000000,2,2,0.49324550000000000,0.493245500000,0.01910635448239258,0.01910635448239258,0.01910635448239258,0E-17,ELIGIBLE,R03b_20260811_FULL_v1,L1_ELIGIBILITY,v2026-08-11,2026-03-21..2026-08-06,baccarat_bet02_101_all_pairs_incl_sentinel,round_win = game_pnl > 0 (decisive only),COMPATIBILITY_ONLY_NOT_PRODUCTION,752.5327,654.1111,-60.7419,99,98,0.08071666,,0.08071666,0.08071666,60.7419,752.5327,OK,0.0000,-1.8223,3.0000,97.0000,AG03-UNRESOLVED,ALL5_LEVELS_bet23_to_bet27,-1.8223,-1.8223,-1.8223,-2.4297,-2.4297,3.000000,3.000000,3.000000,4.000000,4.000000,97.000000,97.000000,97.000000,96.000000,96.000000,5.0,-10.3261,-9.6507,-50.4158,-51.0912,PENDING_AG03,FALSE,NOT_FOR_ENFORCEMENT,-58.9197,634.4877,-60.7419,-58.9197,-1.8223,-0.08071666,-0.07829516,-1.8223,-58.9197,-0.07829516,-1.8223,-1.8223,-1.8223,-2.4297,-2.4297,-58.9197,-0.07829516,-10.3261,-9.6507,-50.4158,-51.0912,-0.06699483,-0.06789235,-0.00242150,7.6013,6.6746,-0.6198,-4.3387,-2.6410,53.7523,7.0000,,7.6013,3.9264,7.591,10.4704,13.088,15.1584,27.634,5.2352,2.6176,1.996887,3.640345,1.001359,13,23,10,4,0E-8,-0.08071666,,0E-8,0.000000,0.869213,0.000000,,2026-04-14,2026-05-07,14,23,22,24,0.583333,,,0.000000,,,,,,,,GLOBAL_BASELINE_NO_ENTITY_RANKING,,,NOT_APPLICABLE_GLOBAL_BASELINE,HF9g-P5,,,,X 全窗基线 · 不参与实体赏罚,3929020,393,A168_HF9F_20260827_0900,2026-08-27 09:00:00
2026-04-14,148671571,2170,0,37.9551344136,17.0143705992,17.0143705992,0.8000000,5,5,0.49592654000000000,0.495926540000,1.359902984124143,1.359902984124143,1.359902984124143,0E-17,ELIGIBLE,R03b_20260811_FULL_v1,L1_ELIGIBILITY,v2026-08-11,2026-03-21..2026-08-06,baccarat_bet02_101_all_pairs_incl_sentinel,round_win = game_pnl > 0 (decisive only),COMPATIBILITY_ONLY_NOT_PRODUCTION,752.5327,654.1111,-60.7419,99,98,0.08071666,,0.08071666,0.08071666,60.7419,752.5327,OK,0.0000,-1.8223,3.0000,97.0000,AG03-UNRESOLVED,ALL5_LEVELS_bet23_to_bet27,-1.8223,-1.8223,-1.8223,-2.4297,-2.4297,3.000000,3.000000,3.000000,4.000000,4.000000,97.000000,97.000000,97.000000,96.000000,96.000000,5.0,-10.3261,-9.6507,-50.4158,-51.0912,PENDING_AG03,FALSE,NOT_FOR_ENFORCEMENT,-58.9197,634.4877,-60.7419,-58.9197,-1.8223,-0.08071666,-0.07829516,-1.8223,-58.9197,-0.07829516,-1.8223,-1.8223,-1.8223,-2.4297,-2.4297,-58.9197,-0.07829516,-10.3261,-9.6507,-50.4158,-51.0912,-0.06699483,-0.06789235,-0.00242150,7.6013,6.6746,-0.6198,-4.3387,-2.6410,53.7523,7.0000,,7.6013,3.9264,7.591,10.4704,13.088,15.1584,27.634,5.2352,2.6176,1.996887,3.640345,1.001359,13,23,10,4,0E-8,-0.08071666,,0E-8,0.000000,0.869213,0.000000,,2026-04-14,2026-05-07,14,23,22,24,0.583333,,,0.000000,,,,,,,,GLOBAL_BASELINE_NO_ENTITY_RANKING,,,NOT_APPLICABLE_GLOBAL_BASELINE,HF9g-P5,,,,X 全窗基线 · 不参与实体赏罚,3929021,393,A168_HF9F_20260827_0900,2026-08-27 09:00:00
2026-04-16,148671571,1205,0,7.8527864304,-7.8527864304,-7.8527864304,0E-7,1,1,0.50665070000000000,0.506650700000,-1.013391052207602,-1.013391052207602,-1.013391052207602,0E-17,ELIGIBLE,R03b_20260811_FULL_v1,L1_ELIGIBILITY,v2026-08-11,2026-03-21..2026-08-06,baccarat_bet02_101_all_pairs_incl_sentinel,round_win = game_pnl > 0 (decisive only),COMPATIBILITY_ONLY_NOT_PRODUCTION,752.5327,654.1111,-60.7419,99,98,0.08071666,,0.08071666,0.08071666,60.7419,752.5327,OK,0.0000,-1.8223,3.0000,97.0000,AG03-UNRESOLVED,ALL5_LEVELS_bet23_to_bet27,-1.8223,-1.8223,-1.8223,-2.4297,-2.4297,3.000000,3.000000,3.000000,4.000000,4.000000,97.000000,97.000000,97.000000,96.000000,96.000000,5.0,-10.3261,-9.6507,-50.4158,-51.0912,PENDING_AG03,FALSE,NOT_FOR_ENFORCEMENT,-58.9197,634.4877,-60.7419,-58.9197,-1.8223,-0.08071666,-0.07829516,-1.8223,-58.9197,-0.07829516,-1.8223,-1.8223,-1.8223,-2.4297,-2.4297,-58.9197,-0.07829516,-10.3261,-9.6507,-50.4158,-51.0912,-0.06699483,-0.06789235,-0.00242150,7.6013,6.6746,-0.6198,-4.3387,-2.6410,53.7523,7.0000,,7.6013,3.9264,7.591,10.4704,13.088,15.1584,27.634,5.2352,2.6176,1.996887,3.640345,1.001359,13,23,10,4,0E-8,-0.08071666,,0E-8,0.000000,0.869213,0.000000,,2026-04-14,2026-05-07,14,23,22,24,0.583333,,,0.000000,,,,,,,,GLOBAL_BASELINE_NO_ENTITY_RANKING,,,NOT_APPLICABLE_GLOBAL_BASELINE,HF9g-P5,,,,X 全窗基线 · 不参与实体赏罚,3929022,393,A168_HF9F_20260827_0900,2026-08-27 09:00:00
2026-04-17,148671571,2115,0,42.4050467241,-2.6699473864,-2.6699473864,0.6000000,5,5,0.50128862000000000,0.501288620000,0.4414521777673877,0.4414521777673877,0.4414521777673877,0E-17,ELIGIBLE,R03b_20260811_FULL_v1,L1_ELIGIBILITY,v2026-08-11,2026-03-21..2026-08-06,baccarat_bet02_101_all_pairs_incl_sentinel,round_win = game_pnl > 0 (decisive only),COMPATIBILITY_ONLY_NOT_PRODUCTION,752.5327,654.1111,-60.7419,99,98,0.08071666,,0.08071666,0.08071666,60.7419,752.5327,OK,0.0000,-1.8223,3.0000,97.0000,AG03-UNRESOLVED,ALL5_LEVELS_bet23_to_bet27,-1.8223,-1.8223,-1.8223,-2.4297,-2.4297,3.000000,3.000000,3.000000,4.000000,4.000000,97.000000,97.000000,97.000000,96.000000,96.000000,5.0,-10.3261,-9.6507,-50.4158,-51.0912,PENDING_AG03,FALSE,NOT_FOR_ENFORCEMENT,-58.9197,634.4877,-60.7419,-58.9197,-1.8223,-0.08071666,-0.07829516,-1.8223,-58.9197,-0.07829516,-1.8223,-1.8223,-1.8223,-2.4297,-2.4297,-58.9197,-0.07829516,-10.3261,-9.6507,-50.4158,-51.0912,-0.06699483,-0.06789235,-0.00242150,7.6013,6.6746,-0.6198,-4.3387,-2.6410,53.7523,7.0000,,7.6013,3.9264,7.591,10.4704,13.088,15.1584,27.634,5.2352,2.6176,1.996887,3.640345,1.001359,13,23,10,4,0E-8,-0.08071666,,0E-8,0.000000,0.869213,0.000000,,2026-04-14,2026-05-07,14,23,22,24,0.583333,,,0.000000,,,,,,,,GLOBAL_BASELINE_NO_ENTITY_RANKING,,,NOT_APPLICABLE_GLOBAL_BASELINE,HF9g-P5,,,,X 全窗基线 · 不参与实体赏罚,3929023,393,A168_HF9F_20260827_0900,2026-08-27 09:00:00
2026-04-18,148671571,1094,0,12.3026987410,-3.0364107531,-3.0364107531,0.3333333,4,4,0.50329940000000000,0.503299400000,-0.5887925454369916,-0.5887925454369916,-0.5887925454369916,0E-17,ELIGIBLE,R03b_20260811_FULL_v1,L1_ELIGIBILITY,v2026-08-11,2026-03-21..2026-08-06,baccarat_bet02_101_all_pairs_incl_sentinel,round_win = game_pnl > 0 (decisive only),COMPATIBILITY_ONLY_NOT_PRODUCTION,752.5327,654.1111,-60.7419,99,98,0.08071666,,0.08071666,0.08071666,60.7419,752.5327,OK,0.0000,-1.8223,3.0000,97.0000,AG03-UNRESOLVED,ALL5_LEVELS_bet23_to_bet27,-1.8223,-1.8223,-1.8223,-2.4297,-2.4297,3.000000,3.000000,3.000000,4.000000,4.000000,97.000000,97.000000,97.000000,96.000000,96.000000,5.0,-10.3261,-9.6507,-50.4158,-51.0912,PENDING_AG03,FALSE,NOT_FOR_ENFORCEMENT,-58.9197,634.4877,-60.7419,-58.9197,-1.8223,-0.08071666,-0.07829516,-1.8223,-58.9197,-0.07829516,-1.8223,-1.8223,-1.8223,-2.4297,-2.4297,-58.9197,-0.07829516,-10.3261,-9.6507,-50.4158,-51.0912,-0.06699483,-0.06789235,-0.00242150,7.6013,6.6746,-0.6198,-4.3387,-2.6410,53.7523,7.0000,,7.6013,3.9264,7.591,10.4704,13.088,15.1584,27.634,5.2352,2.6176,1.996887,3.640345,1.001359,13,23,10,4,0E-8,-0.08071666,,0E-8,0.000000,0.869213,0.000000,,2026-04-14,2026-05-07,14,23,22,24,0.583333,,,0.000000,,,,,,,,GLOBAL_BASELINE_NO_ENTITY_RANKING,,,NOT_APPLICABLE_GLOBAL_BASELINE,HF9g-P5,,,,X 全窗基线 · 不参与实体赏罚,3929024,393,A168_HF9F_20260827_0900,2026-08-27 09:00:00
2026-04-18,148671571,1990,0,10.4703819072,0E-10,0E-10,0.6666667,3,3,0.49771390000000000,0.497713900000,0.5852756695216578,0.5852756695216578,0.5852756695216578,0E-17,ELIGIBLE,R03b_20260811_FULL_v1,L1_ELIGIBILITY,v2026-08-11,2026-03-21..2026-08-06,baccarat_bet02_101_all_pairs_incl_sentinel,round_win = game_pnl > 0 (decisive only),COMPATIBILITY_ONLY_NOT_PRODUCTION,752.5327,654.1111,-60.7419,99,98,0.08071666,,0.08071666,0.08071666,60.7419,752.5327,OK,0.0000,-1.8223,3.0000,97.0000,AG03-UNRESOLVED,ALL5_LEVELS_bet23_to_bet27,-1.8223,-1.8223,-1.8223,-2.4297,-2.4297,3.000000,3.000000,3.000000,4.000000,4.000000,97.000000,97.000000,97.000000,96.000000,96.000000,5.0,-10.3261,-9.6507,-50.4158,-51.0912,PENDING_AG03,FALSE,NOT_FOR_ENFORCEMENT,-58.9197,634.4877,-60.7419,-58.9197,-1.8223,-0.08071666,-0.07829516,-1.8223,-58.9197,-0.07829516,-1.8223,-1.8223,-1.8223,-2.4297,-2.4297,-58.9197,-0.07829516,-10.3261,-9.6507,-50.4158,-51.0912,-0.06699483,-0.06789235,-0.00242150,7.6013,6.6746,-0.6198,-4.3387,-2.6410,53.7523,7.0000,,7.6013,3.9264,7.591,10.4704,13.088,15.1584,27.634,5.2352,2.6176,1.996887,3.640345,1.001359,13,23,10,4,0E-8,-0.08071666,,0E-8,0.000000,0.869213,0.000000,,2026-04-14,2026-05-07,14,23,22,24,0.583333,,,0.000000,,,,,,,,GLOBAL_BASELINE_NO_ENTITY_RANKING,,,NOT_APPLICABLE_GLOBAL_BASELINE,HF9g-P5,,,,X 全窗基线 · 不参与实体赏罚,3929025,393,A168_HF9F_20260827_0900,2026-08-27 09:00:00
2026-04-18,148671571,2101,0,38.2168939613,21.5166348193,21.5166348193,0.8333333,6,6,0.50218230000000000,0.502182300000,1.6223175713561095,1.6223175713561095,1.6223175713561095,0E-17,ELIGIBLE,R03b_20260811_FULL_v1,L1_ELIGIBILITY,v2026-08-11,2026-03-21..2026-08-06,baccarat_bet02_101_all_pairs_incl_sentinel,round_win = game_pnl > 0 (decisive only),COMPATIBILITY_ONLY_NOT_PRODUCTION,752.5327,654.1111,-60.7419,99,98,0.08071666,,0.08071666,0.08071666,60.7419,752.5327,OK,0.0000,-1.8223,3.0000,97.0000,AG03-UNRESOLVED,ALL5_LEVELS_bet23_to_bet27,-1.8223,-1.8223,-1.8223,-2.4297,-2.4297,3.000000,3.000000,3.000000,4.000000,4.000000,97.000000,97.000000,97.000000,96.000000,96.000000,5.0,-10.3261,-9.6507,-50.4158,-51.0912,PENDING_AG03,FALSE,NOT_FOR_ENFORCEMENT,-58.9197,634.4877,-60.7419,-58.9197,-1.8223,-0.08071666,-0.07829516,-1.8223,-58.9197,-0.07829516,-1.8223,-1.8223,-1.8223,-2.4297,-2.4297,-58.9197,-0.07829516,-10.3261,-9.6507,-50.4158,-51.0912,-0.06699483,-0.06789235,-0.00242150,7.6013,6.6746,-0.6198,-4.3387,-2.6410,53.7523,7.0000,,7.6013,3.9264,7.591,10.4704,13.088,15.1584,27.634,5.2352,2.6176,1.996887,3.640345,1.001359,13,23,10,4,0E-8,-0.08071666,,0E-8,0.000000,0.869213,0.000000,,2026-04-14,2026-05-07,14,23,22,24,0.583333,,,0.000000,,,,,,,,GLOBAL_BASELINE_NO_ENTITY_RANKING,,,NOT_APPLICABLE_GLOBAL_BASELINE,HF9g-P5,,,,X 全窗基线 · 不参与实体赏罚,3929026,393,A168_HF9F_20260827_0900,2026-08-27 09:00:00
2026-04-18,148671571,2108,0,28.5317906971,-7.8527864304,-7.8527864304,0.4000000,5,5,0.50128862000000000,0.501288620000,-0.4529779837142727,-0.4529779837142727,-0.4529779837142727,0E-17,ELIGIBLE,R03b_20260811_FULL_v1,L1_ELIGIBILITY,v2026-08-11,2026-03-21..2026-08-06,baccarat_bet02_101_all_pairs_incl_sentinel,round_win = game_pnl > 0 (decisive only),COMPATIBILITY_ONLY_NOT_PRODUCTION,752.5327,654.1111,-60.7419,99,98,0.08071666,,0.08071666,0.08071666,60.7419,752.5327,OK,0.0000,-1.8223,3.0000,97.0000,AG03-UNRESOLVED,ALL5_LEVELS_bet23_to_bet27,-1.8223,-1.8223,-1.8223,-2.4297,-2.4297,3.000000,3.000000,3.000000,4.000000,4.000000,97.000000,97.000000,97.000000,96.000000,96.000000,5.0,-10.3261,-9.6507,-50.4158,-51.0912,PENDING_AG03,FALSE,NOT_FOR_ENFORCEMENT,-58.9197,634.4877,-60.7419,-58.9197,-1.8223,-0.08071666,-0.07829516,-1.8223,-58.9197,-0.07829516,-1.8223,-1.8223,-1.8223,-2.4297,-2.4297,-58.9197,-0.07829516,-10.3261,-9.6507,-50.4158,-51.0912,-0.06699483,-0.06789235,-0.00242150,7.6013,6.6746,-0.6198,-4.3387,-2.6410,53.7523,7.0000,,7.6013,3.9264,7.591,10.4704,13.088,15.1584,27.634,5.2352,2.6176,1.996887,3.640345,1.001359,13,23,10,4,0E-8,-0.08071666,,0E-8,0.000000,0.869213,0.000000,,2026-04-14,2026-05-07,14,23,22,24,0.583333,,,0.000000,,,,,,,,GLOBAL_BASELINE_NO_ENTITY_RANKING,,,NOT_APPLICABLE_GLOBAL_BASELINE,HF9g-P5,,,,X 全窗基线 · 不参与实体赏罚,3929027,393,A168_HF9F_20260827_0900,2026-08-27 09:00:00
2026-04-18,148671571,2254,0,45.2844017486,18.8466874329,18.8466874329,1.0000000,6,6,0.49547970000000000,0.495479700000,1.7477810127699691,1.7477810127699691,1.7477810127699691,0E-17,ELIGIBLE,R03b_20260811_FULL_v1,L1_ELIGIBILITY,v2026-08-11,2026-03-21..2026-08-06,baccarat_bet02_101_all_pairs_incl_sentinel,round_win = game_pnl > 0 (decisive only),COMPATIBILITY_ONLY_NOT_PRODUCTION,752.5327,654.1111,-60.7419,99,98,0.08071666,,0.08071666,0.08071666,60.7419,752.5327,OK,0.0000,-1.8223,3.0000,97.0000,AG03-UNRESOLVED,ALL5_LEVELS_bet23_to_bet27,-1.8223,-1.8223,-1.8223,-2.4297,-2.4297,3.000000,3.000000,3.000000,4.000000,4.000000,97.000000,97.000000,97.000000,96.000000,96.000000,5.0,-10.3261,-9.6507,-50.4158,-51.0912,PENDING_AG03,FALSE,NOT_FOR_ENFORCEMENT,-58.9197,634.4877,-60.7419,-58.9197,-1.8223,-0.08071666,-0.07829516,-1.8223,-58.9197,-0.07829516,-1.8223,-1.8223,-1.8223,-2.4297,-2.4297,-58.9197,-0.07829516,-10.3261,-9.6507,-50.4158,-51.0912,-0.06699483,-0.06789235,-0.00242150,7.6013,6.6746,-0.6198,-4.3387,-2.6410,53.7523,7.0000,,7.6013,3.9264,7.591,10.4704,13.088,15.1584,27.634,5.2352,2.6176,1.996887,3.640345,1.001359,13,23,10,4,0E-8,-0.08071666,,0E-8,0.000000,0.869213,0.000000,,2026-04-14,2026-05-07,14,23,22,24,0.583333,,,0.000000,,,,,,,,GLOBAL_BASELINE_NO_ENTITY_RANKING,,,NOT_APPLICABLE_GLOBAL_BASELINE,HF9g-P5,,,,X 全窗基线 · 不参与实体赏罚,3929028,393,A168_HF9F_20260827_0900,2026-08-27 09:00:00
2026-04-19,148671571,2142,0,20.6790042667,20.4172447190,20.4172447190,1.0000000,3,3,0.49771390000000000,0.497713900000,1.739988277604938,1.739988277604938,1.739988277604938,0E-17,ELIGIBLE,R03b_20260811_FULL_v1,L1_ELIGIBILITY,v2026-08-11,2026-03-21..2026-08-06,baccarat_bet02_101_all_pairs_incl_sentinel,round_win = game_pnl > 0 (decisive only),COMPATIBILITY_ONLY_NOT_PRODUCTION,752.5327,654.1111,-60.7419,99,98,0.08071666,,0.08071666,0.08071666,60.7419,752.5327,OK,0.0000,-1.8223,3.0000,97.0000,AG03-UNRESOLVED,ALL5_LEVELS_bet23_to_bet27,-1.8223,-1.8223,-1.8223,-2.4297,-2.4297,3.000000,3.000000,3.000000,4.000000,4.000000,97.000000,97.000000,97.000000,96.000000,96.000000,5.0,-10.3261,-9.6507,-50.4158,-51.0912,PENDING_AG03,FALSE,NOT_FOR_ENFORCEMENT,-58.9197,634.4877,-60.7419,-58.9197,-1.8223,-0.08071666,-0.07829516,-1.8223,-58.9197,-0.07829516,-1.8223,-1.8223,-1.8223,-2.4297,-2.4297,-58.9197,-0.07829516,-10.3261,-9.6507,-50.4158,-51.0912,-0.06699483,-0.06789235,-0.00242150,7.6013,6.6746,-0.6198,-4.3387,-2.6410,53.7523,7.0000,,7.6013,3.9264,7.591,10.4704,13.088,15.1584,27.634,5.2352,2.6176,1.996887,3.640345,1.001359,13,23,10,4,0E-8,-0.08071666,,0E-8,0.000000,0.869213,0.000000,,2026-04-14,2026-05-07,14,23,22,24,0.583333,,,0.000000,,,,,,,,GLOBAL_BASELINE_NO_ENTITY_RANKING,,,NOT_APPLICABLE_GLOBAL_BASELINE,HF9g-P5,,,,X 全窗基线 · 不参与实体赏罚,3929029,393,A168_HF9F_20260827_0900,2026-08-27 09:00:00
2026-04-19,148671571,2223,0,24.8671570296,3.7955134414,3.7955134414,0.8333333,6,6,0.49771390000000000,0.497713900000,1.6442099050618135,1.6442099050618135,1.6442099050618135,0E-17,ELIGIBLE,R03b_20260811_FULL_v1,L1_ELIGIBILITY,v2026-08-11,2026-03-21..2026-08-06,baccarat_bet02_101_all_pairs_incl_sentinel,round_win = game_pnl > 0 (decisive only),COMPATIBILITY_ONLY_NOT_PRODUCTION,752.5327,654.1111,-60.7419,99,98,0.08071666,,0.08071666,0.08071666,60.7419,752.5327,OK,0.0000,-1.8223,3.0000,97.0000,AG03-UNRESOLVED,ALL5_LEVELS_bet23_to_bet27,-1.8223,-1.8223,-1.8223,-2.4297,-2.4297,3.000000,3.000000,3.000000,4.000000,4.000000,97.000000,97.000000,97.000000,96.000000,96.000000,5.0,-10.3261,-9.6507,-50.4158,-51.0912,PENDING_AG03,FALSE,NOT_FOR_ENFORCEMENT,-58.9197,634.4877,-60.7419,-58.9197,-1.8223,-0.08071666,-0.07829516,-1.8223,-58.9197,-0.07829516,-1.8223,-1.8223,-1.8223,-2.4297,-2.4297,-58.9197,-0.07829516,-10.3261,-9.6507,-50.4158,-51.0912,-0.06699483,-0.06789235,-0.00242150,7.6013,6.6746,-0.6198,-4.3387,-2.6410,53.7523,7.0000,,7.6013,3.9264,7.591,10.4704,13.088,15.1584,27.634,5.2352,2.6176,1.996887,3.640345,1.001359,13,23,10,4,0E-8,-0.08071666,,0E-8,0.000000,0.869213,0.000000,,2026-04-14,2026-05-07,14,23,22,24,0.583333,,,0.000000,,,,,,,,GLOBAL_BASELINE_NO_ENTITY_RANKING,,,NOT_APPLICABLE_GLOBAL_BASELINE,HF9g-P5,,,,X 全窗基线 · 不参与实体赏罚,3929030,393,A168_HF9F_20260827_0900,2026-08-27 09:00:00
2026-04-20,148671571,2196,0,18.0614087899,17.5509776719,17.5509776719,1.0000000,2,2,0.49994810000000000,0.499948100000,1.4143603653603398,1.4143603653603398,1.4143603653603398,0E-17,ELIGIBLE,R03b_20260811_FULL_v1,L1_ELIGIBILITY,v2026-08-11,2026-03-21..2026-08-06,baccarat_bet02_101_all_pairs_incl_sentinel,round_win = game_pnl > 0 (decisive only),COMPATIBILITY_ONLY_NOT_PRODUCTION,752.5327,654.1111,-60.7419,99,98,0.08071666,,0.08071666,0.08071666,60.7419,752.5327,OK,0.0000,-1.8223,3.0000,97.0000,AG03-UNRESOLVED,ALL5_LEVELS_bet23_to_bet27,-1.8223,-1.8223,-1.8223,-2.4297,-2.4297,3.000000,3.000000,3.000000,4.000000,4.000000,97.000000,97.000000,97.000000,96.000000,96.000000,5.0,-10.3261,-9.6507,-50.4158,-51.0912,PENDING_AG03,FALSE,NOT_FOR_ENFORCEMENT,-58.9197,634.4877,-60.7419,-58.9197,-1.8223,-0.08071666,-0.07829516,-1.8223,-58.9197,-0.07829516,-1.8223,-1.8223,-1.8223,-2.4297,-2.4297,-58.9197,-0.07829516,-10.3261,-9.6507,-50.4158,-51.0912,-0.06699483,-0.06789235,-0.00242150,7.6013,6.6746,-0.6198,-4.3387,-2.6410,53.7523,7.0000,,7.6013,3.9264,7.591,10.4704,13.088,15.1584,27.634,5.2352,2.6176,1.996887,3.640345,1.001359,13,23,10,4,0E-8,-0.08071666,,0E-8,0.000000,0.869213,0.000000,,2026-04-14,2026-05-07,14,23,22,24,0.583333,,,0.000000,,,,,,,,GLOBAL_BASELINE_NO_ENTITY_RANKING,,,NOT_APPLICABLE_GLOBAL_BASELINE,HF9g-P5,,,,X 全窗基线 · 不参与实体赏罚,3929031,393,A168_HF9F_20260827_0900,2026-08-27 09:00:00
2026-04-21,148671571,1374,0,2.6175954768,-2.6175954768,-2.6175954768,0E-7,1,1,0.49324550000000000,0.493245500000,-0.9865810262130424,-0.9865810262130424,-0.9865810262130424,0E-17,ELIGIBLE,R03b_20260811_FULL_v1,L1_ELIGIBILITY,v2026-08-11,2026-03-21..2026-08-06,baccarat_bet02_101_all_pairs_incl_sentinel,round_win = game_pnl > 0 (decisive only),COMPATIBILITY_ONLY_NOT_PRODUCTION,752.5327,654.1111,-60.7419,99,98,0.08071666,,0.08071666,0.08071666,60.7419,752.5327,OK,0.0000,-1.8223,3.0000,97.0000,AG03-UNRESOLVED,ALL5_LEVELS_bet23_to_bet27,-1.8223,-1.8223,-1.8223,-2.4297,-2.4297,3.000000,3.000000,3.000000,4.000000,4.000000,97.000000,97.000000,97.000000,96.000000,96.000000,5.0,-10.3261,-9.6507,-50.4158,-51.0912,PENDING_AG03,FALSE,NOT_FOR_ENFORCEMENT,-58.9197,634.4877,-60.7419,-58.9197,-1.8223,-0.08071666,-0.07829516,-1.8223,-58.9197,-0.07829516,-1.8223,-1.8223,-1.8223,-2.4297,-2.4297,-58.9197,-0.07829516,-10.3261,-9.6507,-50.4158,-51.0912,-0.06699483,-0.06789235,-0.00242150,7.6013,6.6746,-0.6198,-4.3387,-2.6410,53.7523,7.0000,,7.6013,3.9264,7.591,10.4704,13.088,15.1584,27.634,5.2352,2.6176,1.996887,3.640345,1.001359,13,23,10,4,0E-8,-0.08071666,,0E-8,0.000000,0.869213,0.000000,,2026-04-14,2026-05-07,14,23,22,24,0.583333,,,0.000000,,,,,,,,GLOBAL_BASELINE_NO_ENTITY_RANKING,,,NOT_APPLICABLE_GLOBAL_BASELINE,HF9g-P5,,,,X 全窗基线 · 不参与实体赏罚,3929032,393,A168_HF9F_20260827_0900,2026-08-27 09:00:00
2026-04-22,148671571,1363,0,52.3519095360,-26.1759547680,-26.1759547680,0.2500000,4,4,0.49324550000000000,0.493245500000,-0.9730707933947887,-0.9730707933947887,-0.9730707933947887,0E-17,ELIGIBLE,R03b_20260811_FULL_v1,L1_ELIGIBILITY,v2026-08-11,2026-03-21..2026-08-06,baccarat_bet02_101_all_pairs_incl_sentinel,round_win = game_pnl > 0 (decisive only),COMPATIBILITY_ONLY_NOT_PRODUCTION,752.5327,654.1111,-60.7419,99,98,0.08071666,,0.08071666,0.08071666,60.7419,752.5327,OK,0.0000,-1.8223,3.0000,97.0000,AG03-UNRESOLVED,ALL5_LEVELS_bet23_to_bet27,-1.8223,-1.8223,-1.8223,-2.4297,-2.4297,3.000000,3.000000,3.000000,4.000000,4.000000,97.000000,97.000000,97.000000,96.000000,96.000000,5.0,-10.3261,-9.6507,-50.4158,-51.0912,PENDING_AG03,FALSE,NOT_FOR_ENFORCEMENT,-58.9197,634.4877,-60.7419,-58.9197,-1.8223,-0.08071666,-0.07829516,-1.8223,-58.9197,-0.07829516,-1.8223,-1.8223,-1.8223,-2.4297,-2.4297,-58.9197,-0.07829516,-10.3261,-9.6507,-50.4158,-51.0912,-0.06699483,-0.06789235,-0.00242150,7.6013,6.6746,-0.6198,-4.3387,-2.6410,53.7523,7.0000,,7.6013,3.9264,7.591,10.4704,13.088,15.1584,27.634,5.2352,2.6176,1.996887,3.640345,1.001359,13,23,10,4,0E-8,-0.08071666,,0E-8,0.000000,0.869213,0.000000,,2026-04-14,2026-05-07,14,23,22,24,0.583333,,,0.000000,,,,,,,,GLOBAL_BASELINE_NO_ENTITY_RANKING,,,NOT_APPLICABLE_GLOBAL_BASELINE,HF9g-P5,,,,X 全窗基线 · 不参与实体赏罚,3929033,393,A168_HF9F_20260827_0900,2026-08-27 09:00:00
2026-04-23,148671571,1385,0,5.4969505013,-5.4969505013,-5.4969505013,0E-7,1,1,0.50665070000000000,0.506650700000,-1.013391052207602,-1.013391052207602,-1.013391052207602,0E-17,ELIGIBLE,R03b_20260811_FULL_v1,L1_ELIGIBILITY,v2026-08-11,2026-03-21..2026-08-06,baccarat_bet02_101_all_pairs_incl_sentinel,round_win = game_pnl > 0 (decisive only),COMPATIBILITY_ONLY_NOT_PRODUCTION,752.5327,654.1111,-60.7419,99,98,0.08071666,,0.08071666,0.08071666,60.7419,752.5327,OK,0.0000,-1.8223,3.0000,97.0000,AG03-UNRESOLVED,ALL5_LEVELS_bet23_to_bet27,-1.8223,-1.8223,-1.8223,-2.4297,-2.4297,3.000000,3.000000,3.000000,4.000000,4.000000,97.000000,97.000000,97.000000,96.000000,96.000000,5.0,-10.3261,-9.6507,-50.4158,-51.0912,PENDING_AG03,FALSE,NOT_FOR_ENFORCEMENT,-58.9197,634.4877,-60.7419,-58.9197,-1.8223,-0.08071666,-0.07829516,-1.8223,-58.9197,-0.07829516,-1.8223,-1.8223,-1.8223,-2.4297,-2.4297,-58.9197,-0.07829516,-10.3261,-9.6507,-50.4158,-51.0912,-0.06699483,-0.06789235,-0.00242150,7.6013,6.6746,-0.6198,-4.3387,-2.6410,53.7523,7.0000,,7.6013,3.9264,7.591,10.4704,13.088,15.1584,27.634,5.2352,2.6176,1.996887,3.640345,1.001359,13,23,10,4,0E-8,-0.08071666,,0E-8,0.000000,0.869213,0.000000,,2026-04-14,2026-05-07,14,23,22,24,0.583333,,,0.000000,,,,,,,,GLOBAL_BASELINE_NO_ENTITY_RANKING,,,NOT_APPLICABLE_GLOBAL_BASELINE,HF9g-P5,,,,X 全窗基线 · 不参与实体赏罚,3929034,393,A168_HF9F_20260827_0900,2026-08-27 09:00:00
2026-04-23,148671571,2174,0,103.6567808813,-1.4396775122,-1.4396775122,0.5833333,13,13,0.49737017692307692,0.497370176923,0.5955784559879647,0.595578455988498,0.5955784559879647,7.692E-14,ELIGIBLE,R03b_20260811_FULL_v1,L1_ELIGIBILITY,v2026-08-11,2026-03-21..2026-08-06,baccarat_bet02_101_all_pairs_incl_sentinel,round_win = game_pnl > 0 (decisive only),COMPATIBILITY_ONLY_NOT_PRODUCTION,752.5327,654.1111,-60.7419,99,98,0.08071666,,0.08071666,0.08071666,60.7419,752.5327,OK,0.0000,-1.8223,3.0000,97.0000,AG03-UNRESOLVED,ALL5_LEVELS_bet23_to_bet27,-1.8223,-1.8223,-1.8223,-2.4297,-2.4297,3.000000,3.000000,3.000000,4.000000,4.000000,97.000000,97.000000,97.000000,96.000000,96.000000,5.0,-10.3261,-9.6507,-50.4158,-51.0912,PENDING_AG03,FALSE,NOT_FOR_ENFORCEMENT,-58.9197,634.4877,-60.7419,-58.9197,-1.8223,-0.08071666,-0.07829516,-1.8223,-58.9197,-0.07829516,-1.8223,-1.8223,-1.8223,-2.4297,-2.4297,-58.9197,-0.07829516,-10.3261,-9.6507,-50.4158,-51.0912,-0.06699483,-0.06789235,-0.00242150,7.6013,6.6746,-0.6198,-4.3387,-2.6410,53.7523,7.0000,,7.6013,3.9264,7.591,10.4704,13.088,15.1584,27.634,5.2352,2.6176,1.996887,3.640345,1.001359,13,23,10,4,0E-8,-0.08071666,,0E-8,0.000000,0.869213,0.000000,,2026-04-14,2026-05-07,14,23,22,24,0.583333,,,0.000000,,,,,,,,GLOBAL_BASELINE_NO_ENTITY_RANKING,,,NOT_APPLICABLE_GLOBAL_BASELINE,HF9g-P5,,,,X 全窗基线 · 不参与实体赏罚,3929035,393,A168_HF9F_20260827_0900,2026-08-27 09:00:00
2026-04-24,148671571,-1,1,4.4499123106,-4.4499123106,-4.4499123106,0E-7,1,1,0.49324550000000000,0.493245500000,-0.9865810262130424,-0.9865810262130424,-0.9865810262130424,0E-17,SENTINEL_DEALER,R03b_20260811_FULL_v1,L1_ELIGIBILITY,v2026-08-11,2026-03-21..2026-08-06,baccarat_bet02_101_all_pairs_incl_sentinel,round_win = game_pnl > 0 (decisive only),COMPATIBILITY_ONLY_NOT_PRODUCTION,752.5327,654.1111,-60.7419,99,98,0.08071666,,0.08071666,0.08071666,60.7419,752.5327,OK,0.0000,-1.8223,3.0000,97.0000,AG03-UNRESOLVED,ALL5_LEVELS_bet23_to_bet27,-1.8223,-1.8223,-1.8223,-2.4297,-2.4297,3.000000,3.000000,3.000000,4.000000,4.000000,97.000000,97.000000,97.000000,96.000000,96.000000,5.0,-10.3261,-9.6507,-50.4158,-51.0912,PENDING_AG03,FALSE,NOT_FOR_ENFORCEMENT,-58.9197,634.4877,-60.7419,-58.9197,-1.8223,-0.08071666,-0.07829516,-1.8223,-58.9197,-0.07829516,-1.8223,-1.8223,-1.8223,-2.4297,-2.4297,-58.9197,-0.07829516,-10.3261,-9.6507,-50.4158,-51.0912,-0.06699483,-0.06789235,-0.00242150,7.6013,6.6746,-0.6198,-4.3387,-2.6410,53.7523,7.0000,,7.6013,3.9264,7.591,10.4704,13.088,15.1584,27.634,5.2352,2.6176,1.996887,3.640345,1.001359,13,23,10,4,0E-8,-0.08071666,,0E-8,0.000000,0.869213,0.000000,,2026-04-14,2026-05-07,14,23,22,24,0.583333,,,0.000000,,,,,,,,GLOBAL_BASELINE_NO_ENTITY_RANKING,,,NOT_APPLICABLE_GLOBAL_BASELINE,HF9g-P5,,,,X 全窗基线 · 不参与实体赏罚,3929036,393,A168_HF9F_20260827_0900,2026-08-27 09:00:00
2026-04-24,148671571,1318,0,144.2295107715,38.8974687853,38.8974687853,0.7000000,13,13,0.50046368461538462,0.500463684615,1.261979007725891,1.2619790077283226,1.261979007725891,3.8462E-13,ELIGIBLE,R03b_20260811_FULL_v1,L1_ELIGIBILITY,v2026-08-11,2026-03-21..2026-08-06,baccarat_bet02_101_all_pairs_incl_sentinel,round_win = game_pnl > 0 (decisive only),COMPATIBILITY_ONLY_NOT_PRODUCTION,752.5327,654.1111,-60.7419,99,98,0.08071666,,0.08071666,0.08071666,60.7419,752.5327,OK,0.0000,-1.8223,3.0000,97.0000,AG03-UNRESOLVED,ALL5_LEVELS_bet23_to_bet27,-1.8223,-1.8223,-1.8223,-2.4297,-2.4297,3.000000,3.000000,3.000000,4.000000,4.000000,97.000000,97.000000,97.000000,96.000000,96.000000,5.0,-10.3261,-9.6507,-50.4158,-51.0912,PENDING_AG03,FALSE,NOT_FOR_ENFORCEMENT,-58.9197,634.4877,-60.7419,-58.9197,-1.8223,-0.08071666,-0.07829516,-1.8223,-58.9197,-0.07829516,-1.8223,-1.8223,-1.8223,-2.4297,-2.4297,-58.9197,-0.07829516,-10.3261,-9.6507,-50.4158,-51.0912,-0.06699483,-0.06789235,-0.00242150,7.6013,6.6746,-0.6198,-4.3387,-2.6410,53.7523,7.0000,,7.6013,3.9264,7.591,10.4704,13.088,15.1584,27.634,5.2352,2.6176,1.996887,3.640345,1.001359,13,23,10,4,0E-8,-0.08071666,,0E-8,0.000000,0.869213,0.000000,,2026-04-14,2026-05-07,14,23,22,24,0.583333,,,0.000000,,,,,,,,GLOBAL_BASELINE_NO_ENTITY_RANKING,,,NOT_APPLICABLE_GLOBAL_BASELINE,HF9g-P5,,,,X 全窗基线 · 不参与实体赏罚,3929037,393,A168_HF9F_20260827_0900,2026-08-27 09:00:00
2026-04-24,148671571,2093,0,28.7935502448,-2.6175954768,-2.6175954768,0.5000000,5,4,0.38845465000000000,0.388454650000,0.4577169230487461,0.4577169230487461,0.4577169230487461,0E-17,ELIGIBLE,R03b_20260811_FULL_v1,L1_ELIGIBILITY,v2026-08-11,2026-03-21..2026-08-06,baccarat_bet02_101_all_pairs_incl_sentinel,round_win = game_pnl > 0 (decisive only),COMPATIBILITY_ONLY_NOT_PRODUCTION,752.5327,654.1111,-60.7419,99,98,0.08071666,,0.08071666,0.08071666,60.7419,752.5327,OK,0.0000,-1.8223,3.0000,97.0000,AG03-UNRESOLVED,ALL5_LEVELS_bet23_to_bet27,-1.8223,-1.8223,-1.8223,-2.4297,-2.4297,3.000000,3.000000,3.000000,4.000000,4.000000,97.000000,97.000000,97.000000,96.000000,96.000000,5.0,-10.3261,-9.6507,-50.4158,-51.0912,PENDING_AG03,FALSE,NOT_FOR_ENFORCEMENT,-58.9197,634.4877,-60.7419,-58.9197,-1.8223,-0.08071666,-0.07829516,-1.8223,-58.9197,-0.07829516,-1.8223,-1.8223,-1.8223,-2.4297,-2.4297,-58.9197,-0.07829516,-10.3261,-9.6507,-50.4158,-51.0912,-0.06699483,-0.06789235,-0.00242150,7.6013,6.6746,-0.6198,-4.3387,-2.6410,53.7523,7.0000,,7.6013,3.9264,7.591,10.4704,13.088,15.1584,27.634,5.2352,2.6176,1.996887,3.640345,1.001359,13,23,10,4,0E-8,-0.08071666,,0E-8,0.000000,0.869213,0.000000,,2026-04-14,2026-05-07,14,23,22,24,0.583333,,,0.000000,,,,,,,,GLOBAL_BASELINE_NO_ENTITY_RANKING,,,NOT_APPLICABLE_GLOBAL_BASELINE,HF9g-P5,,,,X 全窗基线 · 不参与实体赏罚,3929038,393,A168_HF9F_20260827_0900,2026-08-27 09:00:00
2026-04-25,148671571,1306,0,56.0165432035,-12.6298981756,-12.6298981756,0.5000000,4,4,0.49994810000000000,0.499948100000,0.00020760000111838688,0.00020760000111838688,0.00020760000111838688,0E-17,ELIGIBLE,R03b_20260811_FULL_v1,L1_ELIGIBILITY,v2026-08-11,2026-03-21..2026-08-06,baccarat_bet02_101_all_pairs_incl_sentinel,round_win = game_pnl > 0 (decisive only),COMPATIBILITY_ONLY_NOT_PRODUCTION,752.5327,654.1111,-60.7419,99,98,0.08071666,,0.08071666,0.08071666,60.7419,752.5327,OK,0.0000,-1.8223,3.0000,97.0000,AG03-UNRESOLVED,ALL5_LEVELS_bet23_to_bet27,-1.8223,-1.8223,-1.8223,-2.4297,-2.4297,3.000000,3.000000,3.000000,4.000000,4.000000,97.000000,97.000000,97.000000,96.000000,96.000000,5.0,-10.3261,-9.6507,-50.4158,-51.0912,PENDING_AG03,FALSE,NOT_FOR_ENFORCEMENT,-58.9197,634.4877,-60.7419,-58.9197,-1.8223,-0.08071666,-0.07829516,-1.8223,-58.9197,-0.07829516,-1.8223,-1.8223,-1.8223,-2.4297,-2.4297,-58.9197,-0.07829516,-10.3261,-9.6507,-50.4158,-51.0912,-0.06699483,-0.06789235,-0.00242150,7.6013,6.6746,-0.6198,-4.3387,-2.6410,53.7523,7.0000,,7.6013,3.9264,7.591,10.4704,13.088,15.1584,27.634,5.2352,2.6176,1.996887,3.640345,1.001359,13,23,10,4,0E-8,-0.08071666,,0E-8,0.000000,0.869213,0.000000,,2026-04-14,2026-05-07,14,23,22,24,0.583333,,,0.000000,,,,,,,,GLOBAL_BASELINE_NO_ENTITY_RANKING,,,NOT_APPLICABLE_GLOBAL_BASELINE,HF9g-P5,,,,X 全窗基线 · 不参与实体赏罚,3929039,393,A168_HF9F_20260827_0900,2026-08-27 09:00:00
2026-04-25,148671571,2141,0,7.8527864304,-7.8527864304,-7.8527864304,0E-7,1,1,0.50665070000000000,0.506650700000,-1.013391052207602,-1.013391052207602,-1.013391052207602,0E-17,ELIGIBLE,R03b_20260811_FULL_v1,L1_ELIGIBILITY,v2026-08-11,2026-03-21..2026-08-06,baccarat_bet02_101_all_pairs_incl_sentinel,round_win = game_pnl > 0 (decisive only),COMPATIBILITY_ONLY_NOT_PRODUCTION,752.5327,654.1111,-60.7419,99,98,0.08071666,,0.08071666,0.08071666,60.7419,752.5327,OK,0.0000,-1.8223,3.0000,97.0000,AG03-UNRESOLVED,ALL5_LEVELS_bet23_to_bet27,-1.8223,-1.8223,-1.8223,-2.4297,-2.4297,3.000000,3.000000,3.000000,4.000000,4.000000,97.000000,97.000000,97.000000,96.000000,96.000000,5.0,-10.3261,-9.6507,-50.4158,-51.0912,PENDING_AG03,FALSE,NOT_FOR_ENFORCEMENT,-58.9197,634.4877,-60.7419,-58.9197,-1.8223,-0.08071666,-0.07829516,-1.8223,-58.9197,-0.07829516,-1.8223,-1.8223,-1.8223,-2.4297,-2.4297,-58.9197,-0.07829516,-10.3261,-9.6507,-50.4158,-51.0912,-0.06699483,-0.06789235,-0.00242150,7.6013,6.6746,-0.6198,-4.3387,-2.6410,53.7523,7.0000,,7.6013,3.9264,7.591,10.4704,13.088,15.1584,27.634,5.2352,2.6176,1.996887,3.640345,1.001359,13,23,10,4,0E-8,-0.08071666,,0E-8,0.000000,0.869213,0.000000,,2026-04-14,2026-05-07,14,23,22,24,0.583333,,,0.000000,,,,,,,,GLOBAL_BASELINE_NO_ENTITY_RANKING,,,NOT_APPLICABLE_GLOBAL_BASELINE,HF9g-P5,,,,X 全窗基线 · 不参与实体赏罚,3929040,393,A168_HF9F_20260827_0900,2026-08-27 09:00:00
2026-04-26,148671571,1302,0,3.9263932152,-3.9263932152,-3.9263932152,0E-7,1,1,0.50665070000000000,0.506650700000,-1.013391052207602,-1.013391052207602,-1.013391052207602,0E-17,ELIGIBLE,R03b_20260811_FULL_v1,L1_ELIGIBILITY,v2026-08-11,2026-03-21..2026-08-06,baccarat_bet02_101_all_pairs_incl_sentinel,round_win = game_pnl > 0 (decisive only),COMPATIBILITY_ONLY_NOT_PRODUCTION,752.5327,654.1111,-60.7419,99,98,0.08071666,,0.08071666,0.08071666,60.7419,752.5327,OK,0.0000,-1.8223,3.0000,97.0000,AG03-UNRESOLVED,ALL5_LEVELS_bet23_to_bet27,-1.8223,-1.8223,-1.8223,-2.4297,-2.4297,3.000000,3.000000,3.000000,4.000000,4.000000,97.000000,97.000000,97.000000,96.000000,96.000000,5.0,-10.3261,-9.6507,-50.4158,-51.0912,PENDING_AG03,FALSE,NOT_FOR_ENFORCEMENT,-58.9197,634.4877,-60.7419,-58.9197,-1.8223,-0.08071666,-0.07829516,-1.8223,-58.9197,-0.07829516,-1.8223,-1.8223,-1.8223,-2.4297,-2.4297,-58.9197,-0.07829516,-10.3261,-9.6507,-50.4158,-51.0912,-0.06699483,-0.06789235,-0.00242150,7.6013,6.6746,-0.6198,-4.3387,-2.6410,53.7523,7.0000,,7.6013,3.9264,7.591,10.4704,13.088,15.1584,27.634,5.2352,2.6176,1.996887,3.640345,1.001359,13,23,10,4,0E-8,-0.08071666,,0E-8,0.000000,0.869213,0.000000,,2026-04-14,2026-05-07,14,23,22,24,0.583333,,,0.000000,,,,,,,,GLOBAL_BASELINE_NO_ENTITY_RANKING,,,NOT_APPLICABLE_GLOBAL_BASELINE,HF9g-P5,,,,X 全窗基线 · 不参与实体赏罚,3929041,393,A168_HF9F_20260827_0900,2026-08-27 09:00:00
2026-04-27,148671571,-1,1,5.7587100490,-2.8793550245,-2.8793550245,0E-7,2,2,0.49994810000000000,0.499948100000,-0.9998962053866608,-0.9998962053866608,-0.9998962053866608,0E-17,SENTINEL_DEALER,R03b_20260811_FULL_v1,L1_ELIGIBILITY,v2026-08-11,2026-03-21..2026-08-06,baccarat_bet02_101_all_pairs_incl_sentinel,round_win = game_pnl > 0 (decisive only),COMPATIBILITY_ONLY_NOT_PRODUCTION,752.5327,654.1111,-60.7419,99,98,0.08071666,,0.08071666,0.08071666,60.7419,752.5327,OK,0.0000,-1.8223,3.0000,97.0000,AG03-UNRESOLVED,ALL5_LEVELS_bet23_to_bet27,-1.8223,-1.8223,-1.8223,-2.4297,-2.4297,3.000000,3.000000,3.000000,4.000000,4.000000,97.000000,97.000000,97.000000,96.000000,96.000000,5.0,-10.3261,-9.6507,-50.4158,-51.0912,PENDING_AG03,FALSE,NOT_FOR_ENFORCEMENT,-58.9197,634.4877,-60.7419,-58.9197,-1.8223,-0.08071666,-0.07829516,-1.8223,-58.9197,-0.07829516,-1.8223,-1.8223,-1.8223,-2.4297,-2.4297,-58.9197,-0.07829516,-10.3261,-9.6507,-50.4158,-51.0912,-0.06699483,-0.06789235,-0.00242150,7.6013,6.6746,-0.6198,-4.3387,-2.6410,53.7523,7.0000,,7.6013,3.9264,7.591,10.4704,13.088,15.1584,27.634,5.2352,2.6176,1.996887,3.640345,1.001359,13,23,10,4,0E-8,-0.08071666,,0E-8,0.000000,0.869213,0.000000,,2026-04-14,2026-05-07,14,23,22,24,0.583333,,,0.000000,,,,,,,,GLOBAL_BASELINE_NO_ENTITY_RANKING,,,NOT_APPLICABLE_GLOBAL_BASELINE,HF9g-P5,,,,X 全窗基线 · 不参与实体赏罚,3929042,393,A168_HF9F_20260827_0900,2026-08-27 09:00:00
2026-05-07,148671571,752,0,32.4321519382,22.0538633180,22.0538633180,0.7500000,4,4,0.49324550000000000,0.493245500000,1.0271117246678039,1.0271117246678039,1.0271117246678039,0E-17,ELIGIBLE,R03b_20260811_FULL_v1,L1_ELIGIBILITY,v2026-08-11,2026-03-21..2026-08-06,baccarat_bet02_101_all_pairs_incl_sentinel,round_win = game_pnl > 0 (decisive only),COMPATIBILITY_ONLY_NOT_PRODUCTION,752.5327,654.1111,-60.7419,99,98,0.08071666,,0.08071666,0.08071666,60.7419,752.5327,OK,0.0000,-1.8223,3.0000,97.0000,AG03-UNRESOLVED,ALL5_LEVELS_bet23_to_bet27,-1.8223,-1.8223,-1.8223,-2.4297,-2.4297,3.000000,3.000000,3.000000,4.000000,4.000000,97.000000,97.000000,97.000000,96.000000,96.000000,5.0,-10.3261,-9.6507,-50.4158,-51.0912,PENDING_AG03,FALSE,NOT_FOR_ENFORCEMENT,-58.9197,634.4877,-60.7419,-58.9197,-1.8223,-0.08071666,-0.07829516,-1.8223,-58.9197,-0.07829516,-1.8223,-1.8223,-1.8223,-2.4297,-2.4297,-58.9197,-0.07829516,-10.3261,-9.6507,-50.4158,-51.0912,-0.06699483,-0.06789235,-0.00242150,7.6013,6.6746,-0.6198,-4.3387,-2.6410,53.7523,7.0000,,7.6013,3.9264,7.591,10.4704,13.088,15.1584,27.634,5.2352,2.6176,1.996887,3.640345,1.001359,13,23,10,4,0E-8,-0.08071666,,0E-8,0.000000,0.869213,0.000000,,2026-04-14,2026-05-07,14,23,22,24,0.583333,,,0.000000,,,,,,,,GLOBAL_BASELINE_NO_ENTITY_RANKING,,,NOT_APPLICABLE_GLOBAL_BASELINE,HF9g-P5,,,,X 全窗基线 · 不参与实体赏罚,3929043,393,A168_HF9F_20260827_0900,2026-08-27 09:00:00
2026-04-01,132888421,1401,0,240.2952647698,-80.0984215900,-80.0984215900,0.5000000,2,2,0.49324550000000000,0.493245500000,0.01910635448239258,0.01910635448239258,0.01910635448239258,0E-17,ELIGIBLE,R03b_20260811_FULL_v1,L1_ELIGIBILITY,v2026-08-11,2026-03-21..2026-08-06,baccarat_bet02_101_all_pairs_incl_sentinel,round_win = game_pnl > 0 (decisive only),COMPATIBILITY_ONLY_NOT_PRODUCTION,37139.7689,33744.1709,-60.7398,567,567,0.00163544,0.09718793,-0.01312235,0.00163544,60.7398,37139.7689,OK,0.0000,-1.8222,3.0000,97.0000,AG03-UNRESOLVED,ALL5_LEVELS_bet23_to_bet27,-1.8222,-1.8222,-1.8222,-2.4296,-2.4296,3.000000,3.000000,3.000000,4.000000,4.000000,97.000000,97.000000,97.000000,96.000000,96.000000,5.0,-10.3258,-9.6504,-50.4140,-51.0894,PENDING_AG03,FALSE,NOT_FOR_ENFORCEMENT,-58.9176,32731.8457,-60.7398,-58.9176,-1.8222,-0.00163544,-0.00158637,-1.8222,-58.9176,-0.00158637,-1.8222,-1.8222,-1.8222,-2.4296,-2.4296,-58.9176,-0.00158637,-10.3258,-9.6504,-50.4140,-51.0894,-0.00135741,-0.0013756,-0.00004906,65.5022,59.5135,-0.1071,-1.2654,-0.9641,773.7452,11.8125,53.4271,67.8714,36.1449,52.9264,85.5153,117.5846,144.0113,192.3877,51.6356,0.0,2.720971,3.635002,1.237609,22,55,39,2,0.13378430,-0.00163544,-0.09718793,0E-8,0.000000,0.908572,0.000000,0.11031028,2026-04-01,2026-08-04,48,63,61,126,0.380952,0.787181,0.815653,0.445948,,,,,,,,GLOBAL_BASELINE_NO_ENTITY_RANKING,,,NOT_APPLICABLE_GLOBAL_BASELINE,HF9g-P5,,,,X 全窗基线 · 不参与实体赏罚,3929044,393,A168_HF9F_20260827_0900,2026-08-27 09:00:00
2026-04-03,132888421,2141,0,62.2987723477,-62.2987723477,-62.2987723477,0E-7,1,1,0.49324550000000000,0.493245500000,-0.9865810262130424,-0.9865810262130424,-0.9865810262130424,0E-17,ELIGIBLE,R03b_20260811_FULL_v1,L1_ELIGIBILITY,v2026-08-11,2026-03-21..2026-08-06,baccarat_bet02_101_all_pairs_incl_sentinel,round_win = game_pnl > 0 (decisive only),COMPATIBILITY_ONLY_NOT_PRODUCTION,37139.7689,33744.1709,-60.7398,567,567,0.00163544,0.09718793,-0.01312235,0.00163544,60.7398,37139.7689,OK,0.0000,-1.8222,3.0000,97.0000,AG03-UNRESOLVED,ALL5_LEVELS_bet23_to_bet27,-1.8222,-1.8222,-1.8222,-2.4296,-2.4296,3.000000,3.000000,3.000000,4.000000,4.000000,97.000000,97.000000,97.000000,96.000000,96.000000,5.0,-10.3258,-9.6504,-50.4140,-51.0894,PENDING_AG03,FALSE,NOT_FOR_ENFORCEMENT,-58.9176,32731.8457,-60.7398,-58.9176,-1.8222,-0.00163544,-0.00158637,-1.8222,-58.9176,-0.00158637,-1.8222,-1.8222,-1.8222,-2.4296,-2.4296,-58.9176,-0.00158637,-10.3258,-9.6504,-50.4140,-51.0894,-0.00135741,-0.0013756,-0.00004906,65.5022,59.5135,-0.1071,-1.2654,-0.9641,773.7452,11.8125,53.4271,67.8714,36.1449,52.9264,85.5153,117.5846,144.0113,192.3877,51.6356,0.0,2.720971,3.635002,1.237609,22,55,39,2,0.13378430,-0.00163544,-0.09718793,0E-8,0.000000,0.908572,0.000000,0.11031028,2026-04-01,2026-08-04,48,63,61,126,0.380952,0.787181,0.815653,0.445948,,,,,,,,GLOBAL_BASELINE_NO_ENTITY_RANKING,,,NOT_APPLICABLE_GLOBAL_BASELINE,HF9g-P5,,,,X 全窗基线 · 不参与实体赏罚,3929045,393,A168_HF9F_20260827_0900,2026-08-27 09:00:00
2026-04-07,132888421,1304,0,48.6872758684,6.8057482396,6.8057482396,0.5000000,2,2,0.49994810000000000,0.499948100000,0.00014679536856514622,0.00014679536856514622,0.00014679536856514622,0E-17,ELIGIBLE,R03b_20260811_FULL_v1,L1_ELIGIBILITY,v2026-08-11,2026-03-21..2026-08-06,baccarat_bet02_101_all_pairs_incl_sentinel,round_win = game_pnl > 0 (decisive only),COMPATIBILITY_ONLY_NOT_PRODUCTION,37139.7689,33744.1709,-60.7398,567,567,0.00163544,0.09718793,-0.01312235,0.00163544,60.7398,37139.7689,OK,0.0000,-1.8222,3.0000,97.0000,AG03-UNRESOLVED,ALL5_LEVELS_bet23_to_bet27,-1.8222,-1.8222,-1.8222,-2.4296,-2.4296,3.000000,3.000000,3.000000,4.000000,4.000000,97.000000,97.000000,97.000000,96.000000,96.000000,5.0,-10.3258,-9.6504,-50.4140,-51.0894,PENDING_AG03,FALSE,NOT_FOR_ENFORCEMENT,-58.9176,32731.8457,-60.7398,-58.9176,-1.8222,-0.00163544,-0.00158637,-1.8222,-58.9176,-0.00158637,-1.8222,-1.8222,-1.8222,-2.4296,-2.4296,-58.9176,-0.00158637,-10.3258,-9.6504,-50.4140,-51.0894,-0.00135741,-0.0013756,-0.00004906,65.5022,59.5135,-0.1071,-1.2654,-0.9641,773.7452,11.8125,53.4271,67.8714,36.1449,52.9264,85.5153,117.5846,144.0113,192.3877,51.6356,0.0,2.720971,3.635002,1.237609,22,55,39,2,0.13378430,-0.00163544,-0.09718793,0E-8,0.000000,0.908572,0.000000,0.11031028,2026-04-01,2026-08-04,48,63,61,126,0.380952,0.787181,0.815653,0.445948,,,,,,,,GLOBAL_BASELINE_NO_ENTITY_RANKING,,,NOT_APPLICABLE_GLOBAL_BASELINE,HF9g-P5,,,,X 全窗基线 · 不参与实体赏罚,3929046,393,A168_HF9F_20260827_0900,2026-08-27 09:00:00
2026-04-07,132888421,1399,0,450.2264220087,10.4703819072,10.4703819072,0.5000000,3,3,0.49324550000000000,0.493245500000,0.01910635448239258,0.01910635448239258,0.01910635448239258,0E-17,ELIGIBLE,R03b_20260811_FULL_v1,L1_ELIGIBILITY,v2026-08-11,2026-03-21..2026-08-06,baccarat_bet02_101_all_pairs_incl_sentinel,round_win = game_pnl > 0 (decisive only),COMPATIBILITY_ONLY_NOT_PRODUCTION,37139.7689,33744.1709,-60.7398,567,567,0.00163544,0.09718793,-0.01312235,0.00163544,60.7398,37139.7689,OK,0.0000,-1.8222,3.0000,97.0000,AG03-UNRESOLVED,ALL5_LEVELS_bet23_to_bet27,-1.8222,-1.8222,-1.8222,-2.4296,-2.4296,3.000000,3.000000,3.000000,4.000000,4.000000,97.000000,97.000000,97.000000,96.000000,96.000000,5.0,-10.3258,-9.6504,-50.4140,-51.0894,PENDING_AG03,FALSE,NOT_FOR_ENFORCEMENT,-58.9176,32731.8457,-60.7398,-58.9176,-1.8222,-0.00163544,-0.00158637,-1.8222,-58.9176,-0.00158637,-1.8222,-1.8222,-1.8222,-2.4296,-2.4296,-58.9176,-0.00158637,-10.3258,-9.6504,-50.4140,-51.0894,-0.00135741,-0.0013756,-0.00004906,65.5022,59.5135,-0.1071,-1.2654,-0.9641,773.7452,11.8125,53.4271,67.8714,36.1449,52.9264,85.5153,117.5846,144.0113,192.3877,51.6356,0.0,2.720971,3.635002,1.237609,22,55,39,2,0.13378430,-0.00163544,-0.09718793,0E-8,0.000000,0.908572,0.000000,0.11031028,2026-04-01,2026-08-04,48,63,61,126,0.380952,0.787181,0.815653,0.445948,,,,,,,,GLOBAL_BASELINE_NO_ENTITY_RANKING,,,NOT_APPLICABLE_GLOBAL_BASELINE,HF9g-P5,,,,X 全窗基线 · 不参与实体赏罚,3929047,393,A168_HF9F_20260827_0900,2026-08-27 09:00:00
2026-04-07,132888421,1941,0,34.5522602937,-34.5522602937,-34.5522602937,0E-7,1,1,0.50665070000000000,0.506650700000,-1.013391052207602,-1.013391052207602,-1.013391052207602,0E-17,ELIGIBLE,R03b_20260811_FULL_v1,L1_ELIGIBILITY,v2026-08-11,2026-03-21..2026-08-06,baccarat_bet02_101_all_pairs_incl_sentinel,round_win = game_pnl > 0 (decisive only),COMPATIBILITY_ONLY_NOT_PRODUCTION,37139.7689,33744.1709,-60.7398,567,567,0.00163544,0.09718793,-0.01312235,0.00163544,60.7398,37139.7689,OK,0.0000,-1.8222,3.0000,97.0000,AG03-UNRESOLVED,ALL5_LEVELS_bet23_to_bet27,-1.8222,-1.8222,-1.8222,-2.4296,-2.4296,3.000000,3.000000,3.000000,4.000000,4.000000,97.000000,97.000000,97.000000,96.000000,96.000000,5.0,-10.3258,-9.6504,-50.4140,-51.0894,PENDING_AG03,FALSE,NOT_FOR_ENFORCEMENT,-58.9176,32731.8457,-60.7398,-58.9176,-1.8222,-0.00163544,-0.00158637,-1.8222,-58.9176,-0.00158637,-1.8222,-1.8222,-1.8222,-2.4296,-2.4296,-58.9176,-0.00158637,-10.3258,-9.6504,-50.4140,-51.0894,-0.00135741,-0.0013756,-0.00004906,65.5022,59.5135,-0.1071,-1.2654,-0.9641,773.7452,11.8125,53.4271,67.8714,36.1449,52.9264,85.5153,117.5846,144.0113,192.3877,51.6356,0.0,2.720971,3.635002,1.237609,22,55,39,2,0.13378430,-0.00163544,-0.09718793,0E-8,0.000000,0.908572,0.000000,0.11031028,2026-04-01,2026-08-04,48,63,61,126,0.380952,0.787181,0.815653,0.445948,,,,,,,,GLOBAL_BASELINE_NO_ENTITY_RANKING,,,NOT_APPLICABLE_GLOBAL_BASELINE,HF9g-P5,,,,X 全窗基线 · 不参与实体赏罚,3929048,393,A168_HF9F_20260827_0900,2026-08-27 09:00:00
2026-04-07,132888421,2201,0,1458.0006805750,-274.3240059683,-274.3240059683,0.3636364,12,12,0.50441650000000000,0.504416500000,-0.933866212220107,-0.933866212220107,-0.933866212220107,0E-17,ELIGIBLE,R03b_20260811_FULL_v1,L1_ELIGIBILITY,v2026-08-11,2026-03-21..2026-08-06,baccarat_bet02_101_all_pairs_incl_sentinel,round_win = game_pnl > 0 (decisive only),COMPATIBILITY_ONLY_NOT_PRODUCTION,37139.7689,33744.1709,-60.7398,567,567,0.00163544,0.09718793,-0.01312235,0.00163544,60.7398,37139.7689,OK,0.0000,-1.8222,3.0000,97.0000,AG03-UNRESOLVED,ALL5_LEVELS_bet23_to_bet27,-1.8222,-1.8222,-1.8222,-2.4296,-2.4296,3.000000,3.000000,3.000000,4.000000,4.000000,97.000000,97.000000,97.000000,96.000000,96.000000,5.0,-10.3258,-9.6504,-50.4140,-51.0894,PENDING_AG03,FALSE,NOT_FOR_ENFORCEMENT,-58.9176,32731.8457,-60.7398,-58.9176,-1.8222,-0.00163544,-0.00158637,-1.8222,-58.9176,-0.00158637,-1.8222,-1.8222,-1.8222,-2.4296,-2.4296,-58.9176,-0.00158637,-10.3258,-9.6504,-50.4140,-51.0894,-0.00135741,-0.0013756,-0.00004906,65.5022,59.5135,-0.1071,-1.2654,-0.9641,773.7452,11.8125,53.4271,67.8714,36.1449,52.9264,85.5153,117.5846,144.0113,192.3877,51.6356,0.0,2.720971,3.635002,1.237609,22,55,39,2,0.13378430,-0.00163544,-0.09718793,0E-8,0.000000,0.908572,0.000000,0.11031028,2026-04-01,2026-08-04,48,63,61,126,0.380952,0.787181,0.815653,0.445948,,,,,,,,GLOBAL_BASELINE_NO_ENTITY_RANKING,,,NOT_APPLICABLE_GLOBAL_BASELINE,HF9g-P5,,,,X 全窗基线 · 不参与实体赏罚,3929049,393,A168_HF9F_20260827_0900,2026-08-27 09:00:00
2026-04-09,132888421,-1,1,208.6223595005,-14.6585346701,-14.6585346701,0.6000000,5,5,0.50396966000000000,0.503969660000,0.4294742719815242,0.4294742719815242,0.4294742719815242,0E-17,SENTINEL_DEALER,R03b_20260811_FULL_v1,L1_ELIGIBILITY,v2026-08-11,2026-03-21..2026-08-06,baccarat_bet02_101_all_pairs_incl_sentinel,round_win = game_pnl > 0 (decisive only),COMPATIBILITY_ONLY_NOT_PRODUCTION,37139.7689,33744.1709,-60.7398,567,567,0.00163544,0.09718793,-0.01312235,0.00163544,60.7398,37139.7689,OK,0.0000,-1.8222,3.0000,97.0000,AG03-UNRESOLVED,ALL5_LEVELS_bet23_to_bet27,-1.8222,-1.8222,-1.8222,-2.4296,-2.4296,3.000000,3.000000,3.000000,4.000000,4.000000,97.000000,97.000000,97.000000,96.000000,96.000000,5.0,-10.3258,-9.6504,-50.4140,-51.0894,PENDING_AG03,FALSE,NOT_FOR_ENFORCEMENT,-58.9176,32731.8457,-60.7398,-58.9176,-1.8222,-0.00163544,-0.00158637,-1.8222,-58.9176,-0.00158637,-1.8222,-1.8222,-1.8222,-2.4296,-2.4296,-58.9176,-0.00158637,-10.3258,-9.6504,-50.4140,-51.0894,-0.00135741,-0.0013756,-0.00004906,65.5022,59.5135,-0.1071,-1.2654,-0.9641,773.7452,11.8125,53.4271,67.8714,36.1449,52.9264,85.5153,117.5846,144.0113,192.3877,51.6356,0.0,2.720971,3.635002,1.237609,22,55,39,2,0.13378430,-0.00163544,-0.09718793,0E-8,0.000000,0.908572,0.000000,0.11031028,2026-04-01,2026-08-04,48,63,61,126,0.380952,0.787181,0.815653,0.445948,,,,,,,,GLOBAL_BASELINE_NO_ENTITY_RANKING,,,NOT_APPLICABLE_GLOBAL_BASELINE,HF9g-P5,,,,X 全窗基线 · 不参与实体赏罚,3929050,393,A168_HF9F_20260827_0900,2026-08-27 09:00:00
2026-04-15,132888421,-1,1,79.5749024946,-39.7874512473,-39.7874512473,0E-7,2,2,0.50665070000000000,0.506650700000,-1.013391052207602,-1.013391052207602,-1.013391052207602,0E-17,SENTINEL_DEALER,R03b_20260811_FULL_v1,L1_ELIGIBILITY,v2026-08-11,2026-03-21..2026-08-06,baccarat_bet02_101_all_pairs_incl_sentinel,round_win = game_pnl > 0 (decisive only),COMPATIBILITY_ONLY_NOT_PRODUCTION,37139.7689,33744.1709,-60.7398,567,567,0.00163544,0.09718793,-0.01312235,0.00163544,60.7398,37139.7689,OK,0.0000,-1.8222,3.0000,97.0000,AG03-UNRESOLVED,ALL5_LEVELS_bet23_to_bet27,-1.8222,-1.8222,-1.8222,-2.4296,-2.4296,3.000000,3.000000,3.000000,4.000000,4.000000,97.000000,97.000000,97.000000,96.000000,96.000000,5.0,-10.3258,-9.6504,-50.4140,-51.0894,PENDING_AG03,FALSE,NOT_FOR_ENFORCEMENT,-58.9176,32731.8457,-60.7398,-58.9176,-1.8222,-0.00163544,-0.00158637,-1.8222,-58.9176,-0.00158637,-1.8222,-1.8222,-1.8222,-2.4296,-2.4296,-58.9176,-0.00158637,-10.3258,-9.6504,-50.4140,-51.0894,-0.00135741,-0.0013756,-0.00004906,65.5022,59.5135,-0.1071,-1.2654,-0.9641,773.7452,11.8125,53.4271,67.8714,36.1449,52.9264,85.5153,117.5846,144.0113,192.3877,51.6356,0.0,2.720971,3.635002,1.237609,22,55,39,2,0.13378430,-0.00163544,-0.09718793,0E-8,0.000000,0.908572,0.000000,0.11031028,2026-04-01,2026-08-04,48,63,61,126,0.380952,0.787181,0.815653,0.445948,,,,,,,,GLOBAL_BASELINE_NO_ENTITY_RANKING,,,NOT_APPLICABLE_GLOBAL_BASELINE,HF9g-P5,,,,X 全窗基线 · 不参与实体赏罚,3929051,393,A168_HF9F_20260827_0900,2026-08-27 09:00:00
2026-04-21,132888421,1990,0,2162.1338638330,415.6741617149,415.6741617149,0.6190476,23,23,0.49849101304347826,0.498491013043,1.1049245770118743,1.1049245770162608,1.1049245770118743,4.7826E-13,ELIGIBLE,R03b_20260811_FULL_v1,L1_ELIGIBILITY,v2026-08-11,2026-03-21..2026-08-06,baccarat_bet02_101_all_pairs_incl_sentinel,round_win = game_pnl > 0 (decisive only),COMPATIBILITY_ONLY_NOT_PRODUCTION,37139.7689,33744.1709,-60.7398,567,567,0.00163544,0.09718793,-0.01312235,0.00163544,60.7398,37139.7689,OK,0.0000,-1.8222,3.0000,97.0000,AG03-UNRESOLVED,ALL5_LEVELS_bet23_to_bet27,-1.8222,-1.8222,-1.8222,-2.4296,-2.4296,3.000000,3.000000,3.000000,4.000000,4.000000,97.000000,97.000000,97.000000,96.000000,96.000000,5.0,-10.3258,-9.6504,-50.4140,-51.0894,PENDING_AG03,FALSE,NOT_FOR_ENFORCEMENT,-58.9176,32731.8457,-60.7398,-58.9176,-1.8222,-0.00163544,-0.00158637,-1.8222,-58.9176,-0.00158637,-1.8222,-1.8222,-1.8222,-2.4296,-2.4296,-58.9176,-0.00158637,-10.3258,-9.6504,-50.4140,-51.0894,-0.00135741,-0.0013756,-0.00004906,65.5022,59.5135,-0.1071,-1.2654,-0.9641,773.7452,11.8125,53.4271,67.8714,36.1449,52.9264,85.5153,117.5846,144.0113,192.3877,51.6356,0.0,2.720971,3.635002,1.237609,22,55,39,2,0.13378430,-0.00163544,-0.09718793,0E-8,0.000000,0.908572,0.000000,0.11031028,2026-04-01,2026-08-04,48,63,61,126,0.380952,0.787181,0.815653,0.445948,,,,,,,,GLOBAL_BASELINE_NO_ENTITY_RANKING,,,NOT_APPLICABLE_GLOBAL_BASELINE,HF9g-P5,,,,X 全窗基线 · 不参与实体赏罚,3929052,393,A168_HF9F_20260827_0900,2026-08-27 09:00:00
2026-04-21,132888421,2134,0,130.8797738398,124.3357851478,124.3357851478,1.0000000,1,1,0.50665070000000000,0.506650700000,0.9867858985152569,0.9867858985152569,0.9867858985152569,0E-17,ELIGIBLE,R03b_20260811_FULL_v1,L1_ELIGIBILITY,v2026-08-11,2026-03-21..2026-08-06,baccarat_bet02_101_all_pairs_incl_sentinel,round_win = game_pnl > 0 (decisive only),COMPATIBILITY_ONLY_NOT_PRODUCTION,37139.7689,33744.1709,-60.7398,567,567,0.00163544,0.09718793,-0.01312235,0.00163544,60.7398,37139.7689,OK,0.0000,-1.8222,3.0000,97.0000,AG03-UNRESOLVED,ALL5_LEVELS_bet23_to_bet27,-1.8222,-1.8222,-1.8222,-2.4296,-2.4296,3.000000,3.000000,3.000000,4.000000,4.000000,97.000000,97.000000,97.000000,96.000000,96.000000,5.0,-10.3258,-9.6504,-50.4140,-51.0894,PENDING_AG03,FALSE,NOT_FOR_ENFORCEMENT,-58.9176,32731.8457,-60.7398,-58.9176,-1.8222,-0.00163544,-0.00158637,-1.8222,-58.9176,-0.00158637,-1.8222,-1.8222,-1.8222,-2.4296,-2.4296,-58.9176,-0.00158637,-10.3258,-9.6504,-50.4140,-51.0894,-0.00135741,-0.0013756,-0.00004906,65.5022,59.5135,-0.1071,-1.2654,-0.9641,773.7452,11.8125,53.4271,67.8714,36.1449,52.9264,85.5153,117.5846,144.0113,192.3877,51.6356,0.0,2.720971,3.635002,1.237609,22,55,39,2,0.13378430,-0.00163544,-0.09718793,0E-8,0.000000,0.908572,0.000000,0.11031028,2026-04-01,2026-08-04,48,63,61,126,0.380952,0.787181,0.815653,0.445948,,,,,,,,GLOBAL_BASELINE_NO_ENTITY_RANKING,,,NOT_APPLICABLE_GLOBAL_BASELINE,HF9g-P5,,,,X 全窗基线 · 不参与实体赏罚,3929053,393,A168_HF9F_20260827_0900,2026-08-27 09:00:00
2026-04-21,132888421,2267,0,258.3566735597,-36.9080962229,-36.9080962229,0.5000000,4,4,0.49659680000000000,0.496596800000,0.013613115331600182,0.013613115331600183,0.013613115331600182,0E-17,ELIGIBLE,R03b_20260811_FULL_v1,L1_ELIGIBILITY,v2026-08-11,2026-03-21..2026-08-06,baccarat_bet02_101_all_pairs_incl_sentinel,round_win = game_pnl > 0 (decisive only),COMPATIBILITY_ONLY_NOT_PRODUCTION,37139.7689,33744.1709,-60.7398,567,567,0.00163544,0.09718793,-0.01312235,0.00163544,60.7398,37139.7689,OK,0.0000,-1.8222,3.0000,97.0000,AG03-UNRESOLVED,ALL5_LEVELS_bet23_to_bet27,-1.8222,-1.8222,-1.8222,-2.4296,-2.4296,3.000000,3.000000,3.000000,4.000000,4.000000,97.000000,97.000000,97.000000,96.000000,96.000000,5.0,-10.3258,-9.6504,-50.4140,-51.0894,PENDING_AG03,FALSE,NOT_FOR_ENFORCEMENT,-58.9176,32731.8457,-60.7398,-58.9176,-1.8222,-0.00163544,-0.00158637,-1.8222,-58.9176,-0.00158637,-1.8222,-1.8222,-1.8222,-2.4296,-2.4296,-58.9176,-0.00158637,-10.3258,-9.6504,-50.4140,-51.0894,-0.00135741,-0.0013756,-0.00004906,65.5022,59.5135,-0.1071,-1.2654,-0.9641,773.7452,11.8125,53.4271,67.8714,36.1449,52.9264,85.5153,117.5846,144.0113,192.3877,51.6356,0.0,2.720971,3.635002,1.237609,22,55,39,2,0.13378430,-0.00163544,-0.09718793,0E-8,0.000000,0.908572,0.000000,0.11031028,2026-04-01,2026-08-04,48,63,61,126,0.380952,0.787181,0.815653,0.445948,,,,,,,,GLOBAL_BASELINE_NO_ENTITY_RANKING,,,NOT_APPLICABLE_GLOBAL_BASELINE,HF9g-P5,,,,X 全窗基线 · 不参与实体赏罚,3929054,393,A168_HF9F_20260827_0900,2026-08-27 09:00:00
2026-04-26,132888421,550,0,12.5644582886,-12.5644582886,-12.5644582886,0E-7,1,1,0.50665070000000000,0.506650700000,-1.013391052207602,-1.013391052207602,-1.013391052207602,0E-17,ELIGIBLE,R03b_20260811_FULL_v1,L1_ELIGIBILITY,v2026-08-11,2026-03-21..2026-08-06,baccarat_bet02_101_all_pairs_incl_sentinel,round_win = game_pnl > 0 (decisive only),COMPATIBILITY_ONLY_NOT_PRODUCTION,37139.7689,33744.1709,-60.7398,567,567,0.00163544,0.09718793,-0.01312235,0.00163544,60.7398,37139.7689,OK,0.0000,-1.8222,3.0000,97.0000,AG03-UNRESOLVED,ALL5_LEVELS_bet23_to_bet27,-1.8222,-1.8222,-1.8222,-2.4296,-2.4296,3.000000,3.000000,3.000000,4.000000,4.000000,97.000000,97.000000,97.000000,96.000000,96.000000,5.0,-10.3258,-9.6504,-50.4140,-51.0894,PENDING_AG03,FALSE,NOT_FOR_ENFORCEMENT,-58.9176,32731.8457,-60.7398,-58.9176,-1.8222,-0.00163544,-0.00158637,-1.8222,-58.9176,-0.00158637,-1.8222,-1.8222,-1.8222,-2.4296,-2.4296,-58.9176,-0.00158637,-10.3258,-9.6504,-50.4140,-51.0894,-0.00135741,-0.0013756,-0.00004906,65.5022,59.5135,-0.1071,-1.2654,-0.9641,773.7452,11.8125,53.4271,67.8714,36.1449,52.9264,85.5153,117.5846,144.0113,192.3877,51.6356,0.0,2.720971,3.635002,1.237609,22,55,39,2,0.13378430,-0.00163544,-0.09718793,0E-8,0.000000,0.908572,0.000000,0.11031028,2026-04-01,2026-08-04,48,63,61,126,0.380952,0.787181,0.815653,0.445948,,,,,,,,GLOBAL_BASELINE_NO_ENTITY_RANKING,,,NOT_APPLICABLE_GLOBAL_BASELINE,HF9g-P5,,,,X 全窗基线 · 不参与实体赏罚,3929055,393,A168_HF9F_20260827_0900,2026-08-27 09:00:00
2026-04-27,132888421,-1,1,265.6859408948,-38.8451168757,-38.8451168757,0.6666667,3,3,0.50218230000000000,0.502182300000,0.5697959874915163,0.5697959874915164,0.5697959874915163,0E-17,SENTINEL_DEALER,R03b_20260811_FULL_v1,L1_ELIGIBILITY,v2026-08-11,2026-03-21..2026-08-06,baccarat_bet02_101_all_pairs_incl_sentinel,round_win = game_pnl > 0 (decisive only),COMPATIBILITY_ONLY_NOT_PRODUCTION,37139.7689,33744.1709,-60.7398,567,567,0.00163544,0.09718793,-0.01312235,0.00163544,60.7398,37139.7689,OK,0.0000,-1.8222,3.0000,97.0000,AG03-UNRESOLVED,ALL5_LEVELS_bet23_to_bet27,-1.8222,-1.8222,-1.8222,-2.4296,-2.4296,3.000000,3.000000,3.000000,4.000000,4.000000,97.000000,97.000000,97.000000,96.000000,96.000000,5.0,-10.3258,-9.6504,-50.4140,-51.0894,PENDING_AG03,FALSE,NOT_FOR_ENFORCEMENT,-58.9176,32731.8457,-60.7398,-58.9176,-1.8222,-0.00163544,-0.00158637,-1.8222,-58.9176,-0.00158637,-1.8222,-1.8222,-1.8222,-2.4296,-2.4296,-58.9176,-0.00158637,-10.3258,-9.6504,-50.4140,-51.0894,-0.00135741,-0.0013756,-0.00004906,65.5022,59.5135,-0.1071,-1.2654,-0.9641,773.7452,11.8125,53.4271,67.8714,36.1449,52.9264,85.5153,117.5846,144.0113,192.3877,51.6356,0.0,2.720971,3.635002,1.237609,22,55,39,2,0.13378430,-0.00163544,-0.09718793,0E-8,0.000000,0.908572,0.000000,0.11031028,2026-04-01,2026-08-04,48,63,61,126,0.380952,0.787181,0.815653,0.445948,,,,,,,,GLOBAL_BASELINE_NO_ENTITY_RANKING,,,NOT_APPLICABLE_GLOBAL_BASELINE,HF9g-P5,,,,X 全窗基线 · 不参与实体赏罚,3929056,393,A168_HF9F_20260827_0900,2026-08-27 09:00:00
2026-04-27,132888421,1306,0,530.0630840510,191.0844698060,191.0844698060,0.6250000,8,8,0.49827245000000000,0.498272450000,0.7168835587341966,0.7168835587341966,0.7168835587341966,0E-17,ELIGIBLE,R03b_20260811_FULL_v1,L1_ELIGIBILITY,v2026-08-11,2026-03-21..2026-08-06,baccarat_bet02_101_all_pairs_incl_sentinel,round_win = game_pnl > 0 (decisive only),COMPATIBILITY_ONLY_NOT_PRODUCTION,37139.7689,33744.1709,-60.7398,567,567,0.00163544,0.09718793,-0.01312235,0.00163544,60.7398,37139.7689,OK,0.0000,-1.8222,3.0000,97.0000,AG03-UNRESOLVED,ALL5_LEVELS_bet23_to_bet27,-1.8222,-1.8222,-1.8222,-2.4296,-2.4296,3.000000,3.000000,3.000000,4.000000,4.000000,97.000000,97.000000,97.000000,96.000000,96.000000,5.0,-10.3258,-9.6504,-50.4140,-51.0894,PENDING_AG03,FALSE,NOT_FOR_ENFORCEMENT,-58.9176,32731.8457,-60.7398,-58.9176,-1.8222,-0.00163544,-0.00158637,-1.8222,-58.9176,-0.00158637,-1.8222,-1.8222,-1.8222,-2.4296,-2.4296,-58.9176,-0.00158637,-10.3258,-9.6504,-50.4140,-51.0894,-0.00135741,-0.0013756,-0.00004906,65.5022,59.5135,-0.1071,-1.2654,-0.9641,773.7452,11.8125,53.4271,67.8714,36.1449,52.9264,85.5153,117.5846,144.0113,192.3877,51.6356,0.0,2.720971,3.635002,1.237609,22,55,39,2,0.13378430,-0.00163544,-0.09718793,0E-8,0.000000,0.908572,0.000000,0.11031028,2026-04-01,2026-08-04,48,63,61,126,0.380952,0.787181,0.815653,0.445948,,,,,,,,GLOBAL_BASELINE_NO_ENTITY_RANKING,,,NOT_APPLICABLE_GLOBAL_BASELINE,HF9g-P5,,,,X 全窗基线 · 不参与实体赏罚,3929057,393,A168_HF9F_20260827_0900,2026-08-27 09:00:00
2026-04-27,132888421,1505,0,617.7525325237,408.8684134754,408.8684134754,0.8571429,8,8,0.49827245000000000,0.498272450000,1.8989750351471633,1.8989750351471633,1.8989750351471633,0E-17,ELIGIBLE,R03b_20260811_FULL_v1,L1_ELIGIBILITY,v2026-08-11,2026-03-21..2026-08-06,baccarat_bet02_101_all_pairs_incl_sentinel,round_win = game_pnl > 0 (decisive only),COMPATIBILITY_ONLY_NOT_PRODUCTION,37139.7689,33744.1709,-60.7398,567,567,0.00163544,0.09718793,-0.01312235,0.00163544,60.7398,37139.7689,OK,0.0000,-1.8222,3.0000,97.0000,AG03-UNRESOLVED,ALL5_LEVELS_bet23_to_bet27,-1.8222,-1.8222,-1.8222,-2.4296,-2.4296,3.000000,3.000000,3.000000,4.000000,4.000000,97.000000,97.000000,97.000000,96.000000,96.000000,5.0,-10.3258,-9.6504,-50.4140,-51.0894,PENDING_AG03,FALSE,NOT_FOR_ENFORCEMENT,-58.9176,32731.8457,-60.7398,-58.9176,-1.8222,-0.00163544,-0.00158637,-1.8222,-58.9176,-0.00158637,-1.8222,-1.8222,-1.8222,-2.4296,-2.4296,-58.9176,-0.00158637,-10.3258,-9.6504,-50.4140,-51.0894,-0.00135741,-0.0013756,-0.00004906,65.5022,59.5135,-0.1071,-1.2654,-0.9641,773.7452,11.8125,53.4271,67.8714,36.1449,52.9264,85.5153,117.5846,144.0113,192.3877,51.6356,0.0,2.720971,3.635002,1.237609,22,55,39,2,0.13378430,-0.00163544,-0.09718793,0E-8,0.000000,0.908572,0.000000,0.11031028,2026-04-01,2026-08-04,48,63,61,126,0.380952,0.787181,0.815653,0.445948,,,,,,,,GLOBAL_BASELINE_NO_ENTITY_RANKING,,,NOT_APPLICABLE_GLOBAL_BASELINE,HF9g-P5,,,,X 全窗基线 · 不参与实体赏罚,3929058,393,A168_HF9F_20260827_0900,2026-08-27 09:00:00
2026-04-27,132888421,2103,0,712.7712483313,110.5541449624,110.5541449624,0.5000000,8,8,0.50497505000000000,0.504975050000,-0.028144525985643355,-0.028144525985643355,-0.028144525985643355,0E-17,ELIGIBLE,R03b_20260811_FULL_v1,L1_ELIGIBILITY,v2026-08-11,2026-03-21..2026-08-06,baccarat_bet02_101_all_pairs_incl_sentinel,round_win = game_pnl > 0 (decisive only),COMPATIBILITY_ONLY_NOT_PRODUCTION,37139.7689,33744.1709,-60.7398,567,567,0.00163544,0.09718793,-0.01312235,0.00163544,60.7398,37139.7689,OK,0.0000,-1.8222,3.0000,97.0000,AG03-UNRESOLVED,ALL5_LEVELS_bet23_to_bet27,-1.8222,-1.8222,-1.8222,-2.4296,-2.4296,3.000000,3.000000,3.000000,4.000000,4.000000,97.000000,97.000000,97.000000,96.000000,96.000000,5.0,-10.3258,-9.6504,-50.4140,-51.0894,PENDING_AG03,FALSE,NOT_FOR_ENFORCEMENT,-58.9176,32731.8457,-60.7398,-58.9176,-1.8222,-0.00163544,-0.00158637,-1.8222,-58.9176,-0.00158637,-1.8222,-1.8222,-1.8222,-2.4296,-2.4296,-58.9176,-0.00158637,-10.3258,-9.6504,-50.4140,-51.0894,-0.00135741,-0.0013756,-0.00004906,65.5022,59.5135,-0.1071,-1.2654,-0.9641,773.7452,11.8125,53.4271,67.8714,36.1449,52.9264,85.5153,117.5846,144.0113,192.3877,51.6356,0.0,2.720971,3.635002,1.237609,22,55,39,2,0.13378430,-0.00163544,-0.09718793,0E-8,0.000000,0.908572,0.000000,0.11031028,2026-04-01,2026-08-04,48,63,61,126,0.380952,0.787181,0.815653,0.445948,,,,,,,,GLOBAL_BASELINE_NO_ENTITY_RANKING,,,NOT_APPLICABLE_GLOBAL_BASELINE,HF9g-P5,,,,X 全窗基线 · 不参与实体赏罚,3929059,393,A168_HF9F_20260827_0900,2026-08-27 09:00:00
2026-04-27,132888421,2142,0,2217.1033688455,647.8548805069,647.8548805069,0.6666667,22,22,0.50055742727272727,0.500557427273,1.409484511043215,1.4094845110409013,1.409484511043215,-2.7273E-13,ELIGIBLE,R03b_20260811_FULL_v1,L1_ELIGIBILITY,v2026-08-11,2026-03-21..2026-08-06,baccarat_bet02_101_all_pairs_incl_sentinel,round_win = game_pnl > 0 (decisive only),COMPATIBILITY_ONLY_NOT_PRODUCTION,37139.7689,33744.1709,-60.7398,567,567,0.00163544,0.09718793,-0.01312235,0.00163544,60.7398,37139.7689,OK,0.0000,-1.8222,3.0000,97.0000,AG03-UNRESOLVED,ALL5_LEVELS_bet23_to_bet27,-1.8222,-1.8222,-1.8222,-2.4296,-2.4296,3.000000,3.000000,3.000000,4.000000,4.000000,97.000000,97.000000,97.000000,96.000000,96.000000,5.0,-10.3258,-9.6504,-50.4140,-51.0894,PENDING_AG03,FALSE,NOT_FOR_ENFORCEMENT,-58.9176,32731.8457,-60.7398,-58.9176,-1.8222,-0.00163544,-0.00158637,-1.8222,-58.9176,-0.00158637,-1.8222,-1.8222,-1.8222,-2.4296,-2.4296,-58.9176,-0.00158637,-10.3258,-9.6504,-50.4140,-51.0894,-0.00135741,-0.0013756,-0.00004906,65.5022,59.5135,-0.1071,-1.2654,-0.9641,773.7452,11.8125,53.4271,67.8714,36.1449,52.9264,85.5153,117.5846,144.0113,192.3877,51.6356,0.0,2.720971,3.635002,1.237609,22,55,39,2,0.13378430,-0.00163544,-0.09718793,0E-8,0.000000,0.908572,0.000000,0.11031028,2026-04-01,2026-08-04,48,63,61,126,0.380952,0.787181,0.815653,0.445948,,,,,,,,GLOBAL_BASELINE_NO_ENTITY_RANKING,,,NOT_APPLICABLE_GLOBAL_BASELINE,HF9g-P5,,,,X 全窗基线 · 不参与实体赏罚,3929060,393,A168_HF9F_20260827_0900,2026-08-27 09:00:00
2026-04-30,132888421,1509,0,80.9506512376,-80.9506512376,-80.9506512376,0E-7,1,1,0.49324550000000000,0.493245500000,-0.9865810262130424,-0.9865810262130424,-0.9865810262130424,0E-17,ELIGIBLE,R03b_20260811_FULL_v1,L1_ELIGIBILITY,v2026-08-11,2026-03-21..2026-08-06,baccarat_bet02_101_all_pairs_incl_sentinel,round_win = game_pnl > 0 (decisive only),COMPATIBILITY_ONLY_NOT_PRODUCTION,37139.7689,33744.1709,-60.7398,567,567,0.00163544,0.09718793,-0.01312235,0.00163544,60.7398,37139.7689,OK,0.0000,-1.8222,3.0000,97.0000,AG03-UNRESOLVED,ALL5_LEVELS_bet23_to_bet27,-1.8222,-1.8222,-1.8222,-2.4296,-2.4296,3.000000,3.000000,3.000000,4.000000,4.000000,97.000000,97.000000,97.000000,96.000000,96.000000,5.0,-10.3258,-9.6504,-50.4140,-51.0894,PENDING_AG03,FALSE,NOT_FOR_ENFORCEMENT,-58.9176,32731.8457,-60.7398,-58.9176,-1.8222,-0.00163544,-0.00158637,-1.8222,-58.9176,-0.00158637,-1.8222,-1.8222,-1.8222,-2.4296,-2.4296,-58.9176,-0.00158637,-10.3258,-9.6504,-50.4140,-51.0894,-0.00135741,-0.0013756,-0.00004906,65.5022,59.5135,-0.1071,-1.2654,-0.9641,773.7452,11.8125,53.4271,67.8714,36.1449,52.9264,85.5153,117.5846,144.0113,192.3877,51.6356,0.0,2.720971,3.635002,1.237609,22,55,39,2,0.13378430,-0.00163544,-0.09718793,0E-8,0.000000,0.908572,0.000000,0.11031028,2026-04-01,2026-08-04,48,63,61,126,0.380952,0.787181,0.815653,0.445948,,,,,,,,GLOBAL_BASELINE_NO_ENTITY_RANKING,,,NOT_APPLICABLE_GLOBAL_BASELINE,HF9g-P5,,,,X 全窗基线 · 不参与实体赏罚,3929061,393,A168_HF9F_20260827_0900,2026-08-27 09:00:00
2026-05-03,132888421,1210,0,2132.9977686676,-1.1156660265,-1.1156660265,0.4800000,28,28,0.50138437142857143,0.501384371429,-0.21384453394664865,-0.21384453395093483,-0.21384453394664865,-4.2857E-13,ELIGIBLE,R03b_20260811_FULL_v1,L1_ELIGIBILITY,v2026-08-11,2026-03-21..2026-08-06,baccarat_bet02_101_all_pairs_incl_sentinel,round_win = game_pnl > 0 (decisive only),COMPATIBILITY_ONLY_NOT_PRODUCTION,37139.7689,33744.1709,-60.7398,567,567,0.00163544,0.09718793,-0.01312235,0.00163544,60.7398,37139.7689,OK,0.0000,-1.8222,3.0000,97.0000,AG03-UNRESOLVED,ALL5_LEVELS_bet23_to_bet27,-1.8222,-1.8222,-1.8222,-2.4296,-2.4296,3.000000,3.000000,3.000000,4.000000,4.000000,97.000000,97.000000,97.000000,96.000000,96.000000,5.0,-10.3258,-9.6504,-50.4140,-51.0894,PENDING_AG03,FALSE,NOT_FOR_ENFORCEMENT,-58.9176,32731.8457,-60.7398,-58.9176,-1.8222,-0.00163544,-0.00158637,-1.8222,-58.9176,-0.00158637,-1.8222,-1.8222,-1.8222,-2.4296,-2.4296,-58.9176,-0.00158637,-10.3258,-9.6504,-50.4140,-51.0894,-0.00135741,-0.0013756,-0.00004906,65.5022,59.5135,-0.1071,-1.2654,-0.9641,773.7452,11.8125,53.4271,67.8714,36.1449,52.9264,85.5153,117.5846,144.0113,192.3877,51.6356,0.0,2.720971,3.635002,1.237609,22,55,39,2,0.13378430,-0.00163544,-0.09718793,0E-8,0.000000,0.908572,0.000000,0.11031028,2026-04-01,2026-08-04,48,63,61,126,0.380952,0.787181,0.815653,0.445948,,,,,,,,GLOBAL_BASELINE_NO_ENTITY_RANKING,,,NOT_APPLICABLE_GLOBAL_BASELINE,HF9g-P5,,,,X 全窗基线 · 不参与实体赏罚,3929062,393,A168_HF9F_20260827_0900,2026-08-27 09:00:00
2026-05-03,132888421,1302,0,30.8754086451,-30.8754086451,-30.8754086451,0E-7,1,1,0.49324550000000000,0.493245500000,-0.9865810262130424,-0.9865810262130424,-0.9865810262130424,0E-17,ELIGIBLE,R03b_20260811_FULL_v1,L1_ELIGIBILITY,v2026-08-11,2026-03-21..2026-08-06,baccarat_bet02_101_all_pairs_incl_sentinel,round_win = game_pnl > 0 (decisive only),COMPATIBILITY_ONLY_NOT_PRODUCTION,37139.7689,33744.1709,-60.7398,567,567,0.00163544,0.09718793,-0.01312235,0.00163544,60.7398,37139.7689,OK,0.0000,-1.8222,3.0000,97.0000,AG03-UNRESOLVED,ALL5_LEVELS_bet23_to_bet27,-1.8222,-1.8222,-1.8222,-2.4296,-2.4296,3.000000,3.000000,3.000000,4.000000,4.000000,97.000000,97.000000,97.000000,96.000000,96.000000,5.0,-10.3258,-9.6504,-50.4140,-51.0894,PENDING_AG03,FALSE,NOT_FOR_ENFORCEMENT,-58.9176,32731.8457,-60.7398,-58.9176,-1.8222,-0.00163544,-0.00158637,-1.8222,-58.9176,-0.00158637,-1.8222,-1.8222,-1.8222,-2.4296,-2.4296,-58.9176,-0.00158637,-10.3258,-9.6504,-50.4140,-51.0894,-0.00135741,-0.0013756,-0.00004906,65.5022,59.5135,-0.1071,-1.2654,-0.9641,773.7452,11.8125,53.4271,67.8714,36.1449,52.9264,85.5153,117.5846,144.0113,192.3877,51.6356,0.0,2.720971,3.635002,1.237609,22,55,39,2,0.13378430,-0.00163544,-0.09718793,0E-8,0.000000,0.908572,0.000000,0.11031028,2026-04-01,2026-08-04,48,63,61,126,0.380952,0.787181,0.815653,0.445948,,,,,,,,GLOBAL_BASELINE_NO_ENTITY_RANKING,,,NOT_APPLICABLE_GLOBAL_BASELINE,HF9g-P5,,,,X 全窗基线 · 不参与实体赏罚,3929063,393,A168_HF9F_20260827_0900,2026-08-27 09:00:00
2026-05-03,132888421,1374,0,996.8346219709,-29.5781225675,-29.5781225675,0.4545455,11,11,0.49812011818181818,0.498120118182,-0.28904366223770966,-0.2890436622389153,-0.28904366223770966,-1.8182E-13,ELIGIBLE,R03b_20260811_FULL_v1,L1_ELIGIBILITY,v2026-08-11,2026-03-21..2026-08-06,baccarat_bet02_101_all_pairs_incl_sentinel,round_win = game_pnl > 0 (decisive only),COMPATIBILITY_ONLY_NOT_PRODUCTION,37139.7689,33744.1709,-60.7398,567,567,0.00163544,0.09718793,-0.01312235,0.00163544,60.7398,37139.7689,OK,0.0000,-1.8222,3.0000,97.0000,AG03-UNRESOLVED,ALL5_LEVELS_bet23_to_bet27,-1.8222,-1.8222,-1.8222,-2.4296,-2.4296,3.000000,3.000000,3.000000,4.000000,4.000000,97.000000,97.000000,97.000000,96.000000,96.000000,5.0,-10.3258,-9.6504,-50.4140,-51.0894,PENDING_AG03,FALSE,NOT_FOR_ENFORCEMENT,-58.9176,32731.8457,-60.7398,-58.9176,-1.8222,-0.00163544,-0.00158637,-1.8222,-58.9176,-0.00158637,-1.8222,-1.8222,-1.8222,-2.4296,-2.4296,-58.9176,-0.00158637,-10.3258,-9.6504,-50.4140,-51.0894,-0.00135741,-0.0013756,-0.00004906,65.5022,59.5135,-0.1071,-1.2654,-0.9641,773.7452,11.8125,53.4271,67.8714,36.1449,52.9264,85.5153,117.5846,144.0113,192.3877,51.6356,0.0,2.720971,3.635002,1.237609,22,55,39,2,0.13378430,-0.00163544,-0.09718793,0E-8,0.000000,0.908572,0.000000,0.11031028,2026-04-01,2026-08-04,48,63,61,126,0.380952,0.787181,0.815653,0.445948,,,,,,,,GLOBAL_BASELINE_NO_ENTITY_RANKING,,,NOT_APPLICABLE_GLOBAL_BASELINE,HF9g-P5,,,,X 全窗基线 · 不参与实体赏罚,3929064,393,A168_HF9F_20260827_0900,2026-08-27 09:00:00
2026-05-03,132888421,2153,0,565.6167298013,343.7808105444,343.7808105444,0.8333333,6,6,0.50218230000000000,0.502182300000,1.6223175713561095,1.6223175713561095,1.6223175713561095,0E-17,ELIGIBLE,R03b_20260811_FULL_v1,L1_ELIGIBILITY,v2026-08-11,2026-03-21..2026-08-06,baccarat_bet02_101_all_pairs_incl_sentinel,round_win = game_pnl > 0 (decisive only),COMPATIBILITY_ONLY_NOT_PRODUCTION,37139.7689,33744.1709,-60.7398,567,567,0.00163544,0.09718793,-0.01312235,0.00163544,60.7398,37139.7689,OK,0.0000,-1.8222,3.0000,97.0000,AG03-UNRESOLVED,ALL5_LEVELS_bet23_to_bet27,-1.8222,-1.8222,-1.8222,-2.4296,-2.4296,3.000000,3.000000,3.000000,4.000000,4.000000,97.000000,97.000000,97.000000,96.000000,96.000000,5.0,-10.3258,-9.6504,-50.4140,-51.0894,PENDING_AG03,FALSE,NOT_FOR_ENFORCEMENT,-58.9176,32731.8457,-60.7398,-58.9176,-1.8222,-0.00163544,-0.00158637,-1.8222,-58.9176,-0.00158637,-1.8222,-1.8222,-1.8222,-2.4296,-2.4296,-58.9176,-0.00158637,-10.3258,-9.6504,-50.4140,-51.0894,-0.00135741,-0.0013756,-0.00004906,65.5022,59.5135,-0.1071,-1.2654,-0.9641,773.7452,11.8125,53.4271,67.8714,36.1449,52.9264,85.5153,117.5846,144.0113,192.3877,51.6356,0.0,2.720971,3.635002,1.237609,22,55,39,2,0.13378430,-0.00163544,-0.09718793,0E-8,0.000000,0.908572,0.000000,0.11031028,2026-04-01,2026-08-04,48,63,61,126,0.380952,0.787181,0.815653,0.445948,,,,,,,,GLOBAL_BASELINE_NO_ENTITY_RANKING,,,NOT_APPLICABLE_GLOBAL_BASELINE,HF9g-P5,,,,X 全窗基线 · 不参与实体赏罚,3929065,393,A168_HF9F_20260827_0900,2026-08-27 09:00:00
2026-05-05,132888421,2103,0,2909.2937574594,-414.6126303771,-414.6126303771,0.4375000,21,21,0.50218230000000000,0.502182300000,-0.5174633287926399,-0.5174633287926399,-0.5174633287926399,0E-17,ELIGIBLE,R03b_20260811_FULL_v1,L1_ELIGIBILITY,v2026-08-11,2026-03-21..2026-08-06,baccarat_bet02_101_all_pairs_incl_sentinel,round_win = game_pnl > 0 (decisive only),COMPATIBILITY_ONLY_NOT_PRODUCTION,37139.7689,33744.1709,-60.7398,567,567,0.00163544,0.09718793,-0.01312235,0.00163544,60.7398,37139.7689,OK,0.0000,-1.8222,3.0000,97.0000,AG03-UNRESOLVED,ALL5_LEVELS_bet23_to_bet27,-1.8222,-1.8222,-1.8222,-2.4296,-2.4296,3.000000,3.000000,3.000000,4.000000,4.000000,97.000000,97.000000,97.000000,96.000000,96.000000,5.0,-10.3258,-9.6504,-50.4140,-51.0894,PENDING_AG03,FALSE,NOT_FOR_ENFORCEMENT,-58.9176,32731.8457,-60.7398,-58.9176,-1.8222,-0.00163544,-0.00158637,-1.8222,-58.9176,-0.00158637,-1.8222,-1.8222,-1.8222,-2.4296,-2.4296,-58.9176,-0.00158637,-10.3258,-9.6504,-50.4140,-51.0894,-0.00135741,-0.0013756,-0.00004906,65.5022,59.5135,-0.1071,-1.2654,-0.9641,773.7452,11.8125,53.4271,67.8714,36.1449,52.9264,85.5153,117.5846,144.0113,192.3877,51.6356,0.0,2.720971,3.635002,1.237609,22,55,39,2,0.13378430,-0.00163544,-0.09718793,0E-8,0.000000,0.908572,0.000000,0.11031028,2026-04-01,2026-08-04,48,63,61,126,0.380952,0.787181,0.815653,0.445948,,,,,,,,GLOBAL_BASELINE_NO_ENTITY_RANKING,,,NOT_APPLICABLE_GLOBAL_BASELINE,HF9g-P5,,,,X 全窗基线 · 不参与实体赏罚,3929066,393,A168_HF9F_20260827_0900,2026-08-27 09:00:00
2026-05-05,132888421,2123,0,478.6985626071,131.5448082611,131.5448082611,0.6000000,5,5,0.49860758000000000,0.498607580000,0.4534424453485946,0.4534424453485946,0.4534424453485946,0E-17,ELIGIBLE,R03b_20260811_FULL_v1,L1_ELIGIBILITY,v2026-08-11,2026-03-21..2026-08-06,baccarat_bet02_101_all_pairs_incl_sentinel,round_win = game_pnl > 0 (decisive only),COMPATIBILITY_ONLY_NOT_PRODUCTION,37139.7689,33744.1709,-60.7398,567,567,0.00163544,0.09718793,-0.01312235,0.00163544,60.7398,37139.7689,OK,0.0000,-1.8222,3.0000,97.0000,AG03-UNRESOLVED,ALL5_LEVELS_bet23_to_bet27,-1.8222,-1.8222,-1.8222,-2.4296,-2.4296,3.000000,3.000000,3.000000,4.000000,4.000000,97.000000,97.000000,97.000000,96.000000,96.000000,5.0,-10.3258,-9.6504,-50.4140,-51.0894,PENDING_AG03,FALSE,NOT_FOR_ENFORCEMENT,-58.9176,32731.8457,-60.7398,-58.9176,-1.8222,-0.00163544,-0.00158637,-1.8222,-58.9176,-0.00158637,-1.8222,-1.8222,-1.8222,-2.4296,-2.4296,-58.9176,-0.00158637,-10.3258,-9.6504,-50.4140,-51.0894,-0.00135741,-0.0013756,-0.00004906,65.5022,59.5135,-0.1071,-1.2654,-0.9641,773.7452,11.8125,53.4271,67.8714,36.1449,52.9264,85.5153,117.5846,144.0113,192.3877,51.6356,0.0,2.720971,3.635002,1.237609,22,55,39,2,0.13378430,-0.00163544,-0.09718793,0E-8,0.000000,0.908572,0.000000,0.11031028,2026-04-01,2026-08-04,48,63,61,126,0.380952,0.787181,0.815653,0.445948,,,,,,,,GLOBAL_BASELINE_NO_ENTITY_RANKING,,,NOT_APPLICABLE_GLOBAL_BASELINE,HF9g-P5,,,,X 全窗基线 · 不参与实体赏罚,3929067,393,A168_HF9F_20260827_0900,2026-08-27 09:00:00
2026-05-07,132888421,986,0,20.7565772404,-20.7565772404,-20.7565772404,0E-7,1,1,0.50665070000000000,0.506650700000,-1.013391052207602,-1.013391052207602,-1.013391052207602,0E-17,ELIGIBLE,R03b_20260811_FULL_v1,L1_ELIGIBILITY,v2026-08-11,2026-03-21..2026-08-06,baccarat_bet02_101_all_pairs_incl_sentinel,round_win = game_pnl > 0 (decisive only),COMPATIBILITY_ONLY_NOT_PRODUCTION,37139.7689,33744.1709,-60.7398,567,567,0.00163544,0.09718793,-0.01312235,0.00163544,60.7398,37139.7689,OK,0.0000,-1.8222,3.0000,97.0000,AG03-UNRESOLVED,ALL5_LEVELS_bet23_to_bet27,-1.8222,-1.8222,-1.8222,-2.4296,-2.4296,3.000000,3.000000,3.000000,4.000000,4.000000,97.000000,97.000000,97.000000,96.000000,96.000000,5.0,-10.3258,-9.6504,-50.4140,-51.0894,PENDING_AG03,FALSE,NOT_FOR_ENFORCEMENT,-58.9176,32731.8457,-60.7398,-58.9176,-1.8222,-0.00163544,-0.00158637,-1.8222,-58.9176,-0.00158637,-1.8222,-1.8222,-1.8222,-2.4296,-2.4296,-58.9176,-0.00158637,-10.3258,-9.6504,-50.4140,-51.0894,-0.00135741,-0.0013756,-0.00004906,65.5022,59.5135,-0.1071,-1.2654,-0.9641,773.7452,11.8125,53.4271,67.8714,36.1449,52.9264,85.5153,117.5846,144.0113,192.3877,51.6356,0.0,2.720971,3.635002,1.237609,22,55,39,2,0.13378430,-0.00163544,-0.09718793,0E-8,0.000000,0.908572,0.000000,0.11031028,2026-04-01,2026-08-04,48,63,61,126,0.380952,0.787181,0.815653,0.445948,,,,,,,,GLOBAL_BASELINE_NO_ENTITY_RANKING,,,NOT_APPLICABLE_GLOBAL_BASELINE,HF9g-P5,,,,X 全窗基线 · 不参与实体赏罚,3929068,393,A168_HF9F_20260827_0900,2026-08-27 09:00:00
2026-05-08,132888421,-1,1,656.4267552281,-526.6981474755,-526.6981474755,0.1666667,6,6,0.50218230000000000,0.502182300000,-1.6436998608832374,-1.6436998608832374,-1.6436998608832374,0E-17,SENTINEL_DEALER,R03b_20260811_FULL_v1,L1_ELIGIBILITY,v2026-08-11,2026-03-21..2026-08-06,baccarat_bet02_101_all_pairs_incl_sentinel,round_win = game_pnl > 0 (decisive only),COMPATIBILITY_ONLY_NOT_PRODUCTION,37139.7689,33744.1709,-60.7398,567,567,0.00163544,0.09718793,-0.01312235,0.00163544,60.7398,37139.7689,OK,0.0000,-1.8222,3.0000,97.0000,AG03-UNRESOLVED,ALL5_LEVELS_bet23_to_bet27,-1.8222,-1.8222,-1.8222,-2.4296,-2.4296,3.000000,3.000000,3.000000,4.000000,4.000000,97.000000,97.000000,97.000000,96.000000,96.000000,5.0,-10.3258,-9.6504,-50.4140,-51.0894,PENDING_AG03,FALSE,NOT_FOR_ENFORCEMENT,-58.9176,32731.8457,-60.7398,-58.9176,-1.8222,-0.00163544,-0.00158637,-1.8222,-58.9176,-0.00158637,-1.8222,-1.8222,-1.8222,-2.4296,-2.4296,-58.9176,-0.00158637,-10.3258,-9.6504,-50.4140,-51.0894,-0.00135741,-0.0013756,-0.00004906,65.5022,59.5135,-0.1071,-1.2654,-0.9641,773.7452,11.8125,53.4271,67.8714,36.1449,52.9264,85.5153,117.5846,144.0113,192.3877,51.6356,0.0,2.720971,3.635002,1.237609,22,55,39,2,0.13378430,-0.00163544,-0.09718793,0E-8,0.000000,0.908572,0.000000,0.11031028,2026-04-01,2026-08-04,48,63,61,126,0.380952,0.787181,0.815653,0.445948,,,,,,,,GLOBAL_BASELINE_NO_ENTITY_RANKING,,,NOT_APPLICABLE_GLOBAL_BASELINE,HF9g-P5,,,,X 全窗基线 · 不参与实体赏罚,3929069,393,A168_HF9F_20260827_0900,2026-08-27 09:00:00
2026-05-08,132888421,925,0,679.2589901926,-261.0139587982,-261.0139587982,0.3333333,6,6,0.49771390000000000,0.497713900000,-0.8053054414300617,-0.8053054414300617,-0.8053054414300617,0E-17,ELIGIBLE,R03b_20260811_FULL_v1,L1_ELIGIBILITY,v2026-08-11,2026-03-21..2026-08-06,baccarat_bet02_101_all_pairs_incl_sentinel,round_win = game_pnl > 0 (decisive only),COMPATIBILITY_ONLY_NOT_PRODUCTION,37139.7689,33744.1709,-60.7398,567,567,0.00163544,0.09718793,-0.01312235,0.00163544,60.7398,37139.7689,OK,0.0000,-1.8222,3.0000,97.0000,AG03-UNRESOLVED,ALL5_LEVELS_bet23_to_bet27,-1.8222,-1.8222,-1.8222,-2.4296,-2.4296,3.000000,3.000000,3.000000,4.000000,4.000000,97.000000,97.000000,97.000000,96.000000,96.000000,5.0,-10.3258,-9.6504,-50.4140,-51.0894,PENDING_AG03,FALSE,NOT_FOR_ENFORCEMENT,-58.9176,32731.8457,-60.7398,-58.9176,-1.8222,-0.00163544,-0.00158637,-1.8222,-58.9176,-0.00158637,-1.8222,-1.8222,-1.8222,-2.4296,-2.4296,-58.9176,-0.00158637,-10.3258,-9.6504,-50.4140,-51.0894,-0.00135741,-0.0013756,-0.00004906,65.5022,59.5135,-0.1071,-1.2654,-0.9641,773.7452,11.8125,53.4271,67.8714,36.1449,52.9264,85.5153,117.5846,144.0113,192.3877,51.6356,0.0,2.720971,3.635002,1.237609,22,55,39,2,0.13378430,-0.00163544,-0.09718793,0E-8,0.000000,0.908572,0.000000,0.11031028,2026-04-01,2026-08-04,48,63,61,126,0.380952,0.787181,0.815653,0.445948,,,,,,,,GLOBAL_BASELINE_NO_ENTITY_RANKING,,,NOT_APPLICABLE_GLOBAL_BASELINE,HF9g-P5,,,,X 全窗基线 · 不参与实体赏罚,3929070,393,A168_HF9F_20260827_0900,2026-08-27 09:00:00
2026-05-09,132888421,1646,0,62.7886461522,-31.3943230761,-31.3943230761,0E-7,2,2,0.50665070000000000,0.506650700000,-1.013391052207602,-1.013391052207602,-1.013391052207602,0E-17,ELIGIBLE,R03b_20260811_FULL_v1,L1_ELIGIBILITY,v2026-08-11,2026-03-21..2026-08-06,baccarat_bet02_101_all_pairs_incl_sentinel,round_win = game_pnl > 0 (decisive only),COMPATIBILITY_ONLY_NOT_PRODUCTION,37139.7689,33744.1709,-60.7398,567,567,0.00163544,0.09718793,-0.01312235,0.00163544,60.7398,37139.7689,OK,0.0000,-1.8222,3.0000,97.0000,AG03-UNRESOLVED,ALL5_LEVELS_bet23_to_bet27,-1.8222,-1.8222,-1.8222,-2.4296,-2.4296,3.000000,3.000000,3.000000,4.000000,4.000000,97.000000,97.000000,97.000000,96.000000,96.000000,5.0,-10.3258,-9.6504,-50.4140,-51.0894,PENDING_AG03,FALSE,NOT_FOR_ENFORCEMENT,-58.9176,32731.8457,-60.7398,-58.9176,-1.8222,-0.00163544,-0.00158637,-1.8222,-58.9176,-0.00158637,-1.8222,-1.8222,-1.8222,-2.4296,-2.4296,-58.9176,-0.00158637,-10.3258,-9.6504,-50.4140,-51.0894,-0.00135741,-0.0013756,-0.00004906,65.5022,59.5135,-0.1071,-1.2654,-0.9641,773.7452,11.8125,53.4271,67.8714,36.1449,52.9264,85.5153,117.5846,144.0113,192.3877,51.6356,0.0,2.720971,3.635002,1.237609,22,55,39,2,0.13378430,-0.00163544,-0.09718793,0E-8,0.000000,0.908572,0.000000,0.11031028,2026-04-01,2026-08-04,48,63,61,126,0.380952,0.787181,0.815653,0.445948,,,,,,,,GLOBAL_BASELINE_NO_ENTITY_RANKING,,,NOT_APPLICABLE_GLOBAL_BASELINE,HF9g-P5,,,,X 全窗基线 · 不参与实体赏罚,3929071,393,A168_HF9F_20260827_0900,2026-08-27 09:00:00
2026-05-11,132888421,1940,0,909.3975403457,-454.0501271340,-454.0501271340,0.2500000,8,8,0.50497505000000000,0.504975050000,-1.4424281003036579,-1.4424281003036579,-1.4424281003036579,0E-17,ELIGIBLE,R03b_20260811_FULL_v1,L1_ELIGIBILITY,v2026-08-11,2026-03-21..2026-08-06,baccarat_bet02_101_all_pairs_incl_sentinel,round_win = game_pnl > 0 (decisive only),COMPATIBILITY_ONLY_NOT_PRODUCTION,37139.7689,33744.1709,-60.7398,567,567,0.00163544,0.09718793,-0.01312235,0.00163544,60.7398,37139.7689,OK,0.0000,-1.8222,3.0000,97.0000,AG03-UNRESOLVED,ALL5_LEVELS_bet23_to_bet27,-1.8222,-1.8222,-1.8222,-2.4296,-2.4296,3.000000,3.000000,3.000000,4.000000,4.000000,97.000000,97.000000,97.000000,96.000000,96.000000,5.0,-10.3258,-9.6504,-50.4140,-51.0894,PENDING_AG03,FALSE,NOT_FOR_ENFORCEMENT,-58.9176,32731.8457,-60.7398,-58.9176,-1.8222,-0.00163544,-0.00158637,-1.8222,-58.9176,-0.00158637,-1.8222,-1.8222,-1.8222,-2.4296,-2.4296,-58.9176,-0.00158637,-10.3258,-9.6504,-50.4140,-51.0894,-0.00135741,-0.0013756,-0.00004906,65.5022,59.5135,-0.1071,-1.2654,-0.9641,773.7452,11.8125,53.4271,67.8714,36.1449,52.9264,85.5153,117.5846,144.0113,192.3877,51.6356,0.0,2.720971,3.635002,1.237609,22,55,39,2,0.13378430,-0.00163544,-0.09718793,0E-8,0.000000,0.908572,0.000000,0.11031028,2026-04-01,2026-08-04,48,63,61,126,0.380952,0.787181,0.815653,0.445948,,,,,,,,GLOBAL_BASELINE_NO_ENTITY_RANKING,,,NOT_APPLICABLE_GLOBAL_BASELINE,HF9g-P5,,,,X 全窗基线 · 不参与实体赏罚,3929072,393,A168_HF9F_20260827_0900,2026-08-27 09:00:00
2026-05-11,132888421,752,0,848.4250947017,186.1605521251,186.1605521251,0.5714286,8,8,0.49827245000000000,0.498272450000,0.3871081189643771,0.3871081189643771,0.3871081189643771,0E-17,ELIGIBLE,R03b_20260811_FULL_v1,L1_ELIGIBILITY,v2026-08-11,2026-03-21..2026-08-06,baccarat_bet02_101_all_pairs_incl_sentinel,round_win = game_pnl > 0 (decisive only),COMPATIBILITY_ONLY_NOT_PRODUCTION,37139.7689,33744.1709,-60.7398,567,567,0.00163544,0.09718793,-0.01312235,0.00163544,60.7398,37139.7689,OK,0.0000,-1.8222,3.0000,97.0000,AG03-UNRESOLVED,ALL5_LEVELS_bet23_to_bet27,-1.8222,-1.8222,-1.8222,-2.4296,-2.4296,3.000000,3.000000,3.000000,4.000000,4.000000,97.000000,97.000000,97.000000,96.000000,96.000000,5.0,-10.3258,-9.6504,-50.4140,-51.0894,PENDING_AG03,FALSE,NOT_FOR_ENFORCEMENT,-58.9176,32731.8457,-60.7398,-58.9176,-1.8222,-0.00163544,-0.00158637,-1.8222,-58.9176,-0.00158637,-1.8222,-1.8222,-1.8222,-2.4296,-2.4296,-58.9176,-0.00158637,-10.3258,-9.6504,-50.4140,-51.0894,-0.00135741,-0.0013756,-0.00004906,65.5022,59.5135,-0.1071,-1.2654,-0.9641,773.7452,11.8125,53.4271,67.8714,36.1449,52.9264,85.5153,117.5846,144.0113,192.3877,51.6356,0.0,2.720971,3.635002,1.237609,22,55,39,2,0.13378430,-0.00163544,-0.09718793,0E-8,0.000000,0.908572,0.000000,0.11031028,2026-04-01,2026-08-04,48,63,61,126,0.380952,0.787181,0.815653,0.445948,,,,,,,,GLOBAL_BASELINE_NO_ENTITY_RANKING,,,NOT_APPLICABLE_GLOBAL_BASELINE,HF9g-P5,,,,X 全窗基线 · 不参与实体赏罚,3929073,393,A168_HF9F_20260827_0900,2026-08-27 09:00:00
2026-05-14,132888421,1307,0,17.1241762233,-17.1241762233,-17.1241762233,0E-7,1,1,0.50665070000000000,0.506650700000,-1.013391052207602,-1.013391052207602,-1.013391052207602,0E-17,ELIGIBLE,R03b_20260811_FULL_v1,L1_ELIGIBILITY,v2026-08-11,2026-03-21..2026-08-06,baccarat_bet02_101_all_pairs_incl_sentinel,round_win = game_pnl > 0 (decisive only),COMPATIBILITY_ONLY_NOT_PRODUCTION,37139.7689,33744.1709,-60.7398,567,567,0.00163544,0.09718793,-0.01312235,0.00163544,60.7398,37139.7689,OK,0.0000,-1.8222,3.0000,97.0000,AG03-UNRESOLVED,ALL5_LEVELS_bet23_to_bet27,-1.8222,-1.8222,-1.8222,-2.4296,-2.4296,3.000000,3.000000,3.000000,4.000000,4.000000,97.000000,97.000000,97.000000,96.000000,96.000000,5.0,-10.3258,-9.6504,-50.4140,-51.0894,PENDING_AG03,FALSE,NOT_FOR_ENFORCEMENT,-58.9176,32731.8457,-60.7398,-58.9176,-1.8222,-0.00163544,-0.00158637,-1.8222,-58.9176,-0.00158637,-1.8222,-1.8222,-1.8222,-2.4296,-2.4296,-58.9176,-0.00158637,-10.3258,-9.6504,-50.4140,-51.0894,-0.00135741,-0.0013756,-0.00004906,65.5022,59.5135,-0.1071,-1.2654,-0.9641,773.7452,11.8125,53.4271,67.8714,36.1449,52.9264,85.5153,117.5846,144.0113,192.3877,51.6356,0.0,2.720971,3.635002,1.237609,22,55,39,2,0.13378430,-0.00163544,-0.09718793,0E-8,0.000000,0.908572,0.000000,0.11031028,2026-04-01,2026-08-04,48,63,61,126,0.380952,0.787181,0.815653,0.445948,,,,,,,,GLOBAL_BASELINE_NO_ENTITY_RANKING,,,NOT_APPLICABLE_GLOBAL_BASELINE,HF9g-P5,,,,X 全窗基线 · 不参与实体赏罚,3929074,393,A168_HF9F_20260827_0900,2026-08-27 09:00:00
2026-05-17,132888421,994,0,34.2483524467,-34.2483524467,-34.2483524467,0E-7,1,1,0.49324550000000000,0.493245500000,-0.9865810262130424,-0.9865810262130424,-0.9865810262130424,0E-17,ELIGIBLE,R03b_20260811_FULL_v1,L1_ELIGIBILITY,v2026-08-11,2026-03-21..2026-08-06,baccarat_bet02_101_all_pairs_incl_sentinel,round_win = game_pnl > 0 (decisive only),COMPATIBILITY_ONLY_NOT_PRODUCTION,37139.7689,33744.1709,-60.7398,567,567,0.00163544,0.09718793,-0.01312235,0.00163544,60.7398,37139.7689,OK,0.0000,-1.8222,3.0000,97.0000,AG03-UNRESOLVED,ALL5_LEVELS_bet23_to_bet27,-1.8222,-1.8222,-1.8222,-2.4296,-2.4296,3.000000,3.000000,3.000000,4.000000,4.000000,97.000000,97.000000,97.000000,96.000000,96.000000,5.0,-10.3258,-9.6504,-50.4140,-51.0894,PENDING_AG03,FALSE,NOT_FOR_ENFORCEMENT,-58.9176,32731.8457,-60.7398,-58.9176,-1.8222,-0.00163544,-0.00158637,-1.8222,-58.9176,-0.00158637,-1.8222,-1.8222,-1.8222,-2.4296,-2.4296,-58.9176,-0.00158637,-10.3258,-9.6504,-50.4140,-51.0894,-0.00135741,-0.0013756,-0.00004906,65.5022,59.5135,-0.1071,-1.2654,-0.9641,773.7452,11.8125,53.4271,67.8714,36.1449,52.9264,85.5153,117.5846,144.0113,192.3877,51.6356,0.0,2.720971,3.635002,1.237609,22,55,39,2,0.13378430,-0.00163544,-0.09718793,0E-8,0.000000,0.908572,0.000000,0.11031028,2026-04-01,2026-08-04,48,63,61,126,0.380952,0.787181,0.815653,0.445948,,,,,,,,GLOBAL_BASELINE_NO_ENTITY_RANKING,,,NOT_APPLICABLE_GLOBAL_BASELINE,HF9g-P5,,,,X 全窗基线 · 不参与实体赏罚,3929075,393,A168_HF9F_20260827_0900,2026-08-27 09:00:00
2026-05-18,132888421,-1,1,29.8375797831,-29.8375797831,-29.8375797831,0E-7,1,1,0.49324550000000000,0.493245500000,-0.9865810262130424,-0.9865810262130424,-0.9865810262130424,0E-17,SENTINEL_DEALER,R03b_20260811_FULL_v1,L1_ELIGIBILITY,v2026-08-11,2026-03-21..2026-08-06,baccarat_bet02_101_all_pairs_incl_sentinel,round_win = game_pnl > 0 (decisive only),COMPATIBILITY_ONLY_NOT_PRODUCTION,37139.7689,33744.1709,-60.7398,567,567,0.00163544,0.09718793,-0.01312235,0.00163544,60.7398,37139.7689,OK,0.0000,-1.8222,3.0000,97.0000,AG03-UNRESOLVED,ALL5_LEVELS_bet23_to_bet27,-1.8222,-1.8222,-1.8222,-2.4296,-2.4296,3.000000,3.000000,3.000000,4.000000,4.000000,97.000000,97.000000,97.000000,96.000000,96.000000,5.0,-10.3258,-9.6504,-50.4140,-51.0894,PENDING_AG03,FALSE,NOT_FOR_ENFORCEMENT,-58.9176,32731.8457,-60.7398,-58.9176,-1.8222,-0.00163544,-0.00158637,-1.8222,-58.9176,-0.00158637,-1.8222,-1.8222,-1.8222,-2.4296,-2.4296,-58.9176,-0.00158637,-10.3258,-9.6504,-50.4140,-51.0894,-0.00135741,-0.0013756,-0.00004906,65.5022,59.5135,-0.1071,-1.2654,-0.9641,773.7452,11.8125,53.4271,67.8714,36.1449,52.9264,85.5153,117.5846,144.0113,192.3877,51.6356,0.0,2.720971,3.635002,1.237609,22,55,39,2,0.13378430,-0.00163544,-0.09718793,0E-8,0.000000,0.908572,0.000000,0.11031028,2026-04-01,2026-08-04,48,63,61,126,0.380952,0.787181,0.815653,0.445948,,,,,,,,GLOBAL_BASELINE_NO_ENTITY_RANKING,,,NOT_APPLICABLE_GLOBAL_BASELINE,HF9g-P5,,,,X 全窗基线 · 不参与实体赏罚,3929076,393,A168_HF9F_20260827_0900,2026-08-27 09:00:00
2026-05-24,132888421,-1,1,89.2532821338,-89.2532821338,-89.2532821338,0E-7,2,2,0.49994810000000000,0.499948100000,-1.4140667746232096,-1.4140667746232096,-1.4140667746232096,0E-17,SENTINEL_DEALER,R03b_20260811_FULL_v1,L1_ELIGIBILITY,v2026-08-11,2026-03-21..2026-08-06,baccarat_bet02_101_all_pairs_incl_sentinel,round_win = game_pnl > 0 (decisive only),COMPATIBILITY_ONLY_NOT_PRODUCTION,37139.7689,33744.1709,-60.7398,567,567,0.00163544,0.09718793,-0.01312235,0.00163544,60.7398,37139.7689,OK,0.0000,-1.8222,3.0000,97.0000,AG03-UNRESOLVED,ALL5_LEVELS_bet23_to_bet27,-1.8222,-1.8222,-1.8222,-2.4296,-2.4296,3.000000,3.000000,3.000000,4.000000,4.000000,97.000000,97.000000,97.000000,96.000000,96.000000,5.0,-10.3258,-9.6504,-50.4140,-51.0894,PENDING_AG03,FALSE,NOT_FOR_ENFORCEMENT,-58.9176,32731.8457,-60.7398,-58.9176,-1.8222,-0.00163544,-0.00158637,-1.8222,-58.9176,-0.00158637,-1.8222,-1.8222,-1.8222,-2.4296,-2.4296,-58.9176,-0.00158637,-10.3258,-9.6504,-50.4140,-51.0894,-0.00135741,-0.0013756,-0.00004906,65.5022,59.5135,-0.1071,-1.2654,-0.9641,773.7452,11.8125,53.4271,67.8714,36.1449,52.9264,85.5153,117.5846,144.0113,192.3877,51.6356,0.0,2.720971,3.635002,1.237609,22,55,39,2,0.13378430,-0.00163544,-0.09718793,0E-8,0.000000,0.908572,0.000000,0.11031028,2026-04-01,2026-08-04,48,63,61,126,0.380952,0.787181,0.815653,0.445948,,,,,,,,GLOBAL_BASELINE_NO_ENTITY_RANKING,,,NOT_APPLICABLE_GLOBAL_BASELINE,HF9g-P5,,,,X 全窗基线 · 不参与实体赏罚,3929077,393,A168_HF9F_20260827_0900,2026-08-27 09:00:00
2026-05-27,132888421,-1,1,112.3449743138,-112.3449743138,-112.3449743138,0E-7,2,2,0.49994810000000000,0.499948100000,-1.4140667746232096,-1.4140667746232096,-1.4140667746232096,0E-17,SENTINEL_DEALER,R03b_20260811_FULL_v1,L1_ELIGIBILITY,v2026-08-11,2026-03-21..2026-08-06,baccarat_bet02_101_all_pairs_incl_sentinel,round_win = game_pnl > 0 (decisive only),COMPATIBILITY_ONLY_NOT_PRODUCTION,37139.7689,33744.1709,-60.7398,567,567,0.00163544,0.09718793,-0.01312235,0.00163544,60.7398,37139.7689,OK,0.0000,-1.8222,3.0000,97.0000,AG03-UNRESOLVED,ALL5_LEVELS_bet23_to_bet27,-1.8222,-1.8222,-1.8222,-2.4296,-2.4296,3.000000,3.000000,3.000000,4.000000,4.000000,97.000000,97.000000,97.000000,96.000000,96.000000,5.0,-10.3258,-9.6504,-50.4140,-51.0894,PENDING_AG03,FALSE,NOT_FOR_ENFORCEMENT,-58.9176,32731.8457,-60.7398,-58.9176,-1.8222,-0.00163544,-0.00158637,-1.8222,-58.9176,-0.00158637,-1.8222,-1.8222,-1.8222,-2.4296,-2.4296,-58.9176,-0.00158637,-10.3258,-9.6504,-50.4140,-51.0894,-0.00135741,-0.0013756,-0.00004906,65.5022,59.5135,-0.1071,-1.2654,-0.9641,773.7452,11.8125,53.4271,67.8714,36.1449,52.9264,85.5153,117.5846,144.0113,192.3877,51.6356,0.0,2.720971,3.635002,1.237609,22,55,39,2,0.13378430,-0.00163544,-0.09718793,0E-8,0.000000,0.908572,0.000000,0.11031028,2026-04-01,2026-08-04,48,63,61,126,0.380952,0.787181,0.815653,0.445948,,,,,,,,GLOBAL_BASELINE_NO_ENTITY_RANKING,,,NOT_APPLICABLE_GLOBAL_BASELINE,HF9g-P5,,,,X 全窗基线 · 不参与实体赏罚,3929078,393,A168_HF9F_20260827_0900,2026-08-27 09:00:00
2026-05-31,132888421,970,0,686.8619332939,-85.0027001311,-85.0027001311,0.5000000,7,7,0.50282064285714286,0.502820642857,-0.013818491375558404,-0.0138184913748585,-0.013818491375558404,1.4286E-13,ELIGIBLE,R03b_20260811_FULL_v1,L1_ELIGIBILITY,v2026-08-11,2026-03-21..2026-08-06,baccarat_bet02_101_all_pairs_incl_sentinel,round_win = game_pnl > 0 (decisive only),COMPATIBILITY_ONLY_NOT_PRODUCTION,37139.7689,33744.1709,-60.7398,567,567,0.00163544,0.09718793,-0.01312235,0.00163544,60.7398,37139.7689,OK,0.0000,-1.8222,3.0000,97.0000,AG03-UNRESOLVED,ALL5_LEVELS_bet23_to_bet27,-1.8222,-1.8222,-1.8222,-2.4296,-2.4296,3.000000,3.000000,3.000000,4.000000,4.000000,97.000000,97.000000,97.000000,96.000000,96.000000,5.0,-10.3258,-9.6504,-50.4140,-51.0894,PENDING_AG03,FALSE,NOT_FOR_ENFORCEMENT,-58.9176,32731.8457,-60.7398,-58.9176,-1.8222,-0.00163544,-0.00158637,-1.8222,-58.9176,-0.00158637,-1.8222,-1.8222,-1.8222,-2.4296,-2.4296,-58.9176,-0.00158637,-10.3258,-9.6504,-50.4140,-51.0894,-0.00135741,-0.0013756,-0.00004906,65.5022,59.5135,-0.1071,-1.2654,-0.9641,773.7452,11.8125,53.4271,67.8714,36.1449,52.9264,85.5153,117.5846,144.0113,192.3877,51.6356,0.0,2.720971,3.635002,1.237609,22,55,39,2,0.13378430,-0.00163544,-0.09718793,0E-8,0.000000,0.908572,0.000000,0.11031028,2026-04-01,2026-08-04,48,63,61,126,0.380952,0.787181,0.815653,0.445948,,,,,,,,GLOBAL_BASELINE_NO_ENTITY_RANKING,,,NOT_APPLICABLE_GLOBAL_BASELINE,HF9g-P5,,,,X 全窗基线 · 不参与实体赏罚,3929079,393,A168_HF9F_20260827_0900,2026-08-27 09:00:00
2026-06-04,132888421,1645,0,63.5173708437,42.4306323450,42.4306323450,0.8333333,6,6,0.49547970000000000,0.495479700000,1.655205662211907,1.655205662211907,1.655205662211907,0E-17,ELIGIBLE,R03b_20260811_FULL_v1,L1_ELIGIBILITY,v2026-08-11,2026-03-21..2026-08-06,baccarat_bet02_101_all_pairs_incl_sentinel,round_win = game_pnl > 0 (decisive only),COMPATIBILITY_ONLY_NOT_PRODUCTION,37139.7689,33744.1709,-60.7398,567,567,0.00163544,0.09718793,-0.01312235,0.00163544,60.7398,37139.7689,OK,0.0000,-1.8222,3.0000,97.0000,AG03-UNRESOLVED,ALL5_LEVELS_bet23_to_bet27,-1.8222,-1.8222,-1.8222,-2.4296,-2.4296,3.000000,3.000000,3.000000,4.000000,4.000000,97.000000,97.000000,97.000000,96.000000,96.000000,5.0,-10.3258,-9.6504,-50.4140,-51.0894,PENDING_AG03,FALSE,NOT_FOR_ENFORCEMENT,-58.9176,32731.8457,-60.7398,-58.9176,-1.8222,-0.00163544,-0.00158637,-1.8222,-58.9176,-0.00158637,-1.8222,-1.8222,-1.8222,-2.4296,-2.4296,-58.9176,-0.00158637,-10.3258,-9.6504,-50.4140,-51.0894,-0.00135741,-0.0013756,-0.00004906,65.5022,59.5135,-0.1071,-1.2654,-0.9641,773.7452,11.8125,53.4271,67.8714,36.1449,52.9264,85.5153,117.5846,144.0113,192.3877,51.6356,0.0,2.720971,3.635002,1.237609,22,55,39,2,0.13378430,-0.00163544,-0.09718793,0E-8,0.000000,0.908572,0.000000,0.11031028,2026-04-01,2026-08-04,48,63,61,126,0.380952,0.787181,0.815653,0.445948,,,,,,,,GLOBAL_BASELINE_NO_ENTITY_RANKING,,,NOT_APPLICABLE_GLOBAL_BASELINE,HF9g-P5,,,,X 全窗基线 · 不参与实体赏罚,3929080,393,A168_HF9F_20260827_0900,2026-08-27 09:00:00
2026-06-04,132888421,462,0,59.1457299355,26.8727338185,26.8727338185,1.0000000,2,2,0.50665070000000000,0.506650700000,0.9867858985152569,0.9867858985152569,0.9867858985152569,0E-17,ELIGIBLE,R03b_20260811_FULL_v1,L1_ELIGIBILITY,v2026-08-11,2026-03-21..2026-08-06,baccarat_bet02_101_all_pairs_incl_sentinel,round_win = game_pnl > 0 (decisive only),COMPATIBILITY_ONLY_NOT_PRODUCTION,37139.7689,33744.1709,-60.7398,567,567,0.00163544,0.09718793,-0.01312235,0.00163544,60.7398,37139.7689,OK,0.0000,-1.8222,3.0000,97.0000,AG03-UNRESOLVED,ALL5_LEVELS_bet23_to_bet27,-1.8222,-1.8222,-1.8222,-2.4296,-2.4296,3.000000,3.000000,3.000000,4.000000,4.000000,97.000000,97.000000,97.000000,96.000000,96.000000,5.0,-10.3258,-9.6504,-50.4140,-51.0894,PENDING_AG03,FALSE,NOT_FOR_ENFORCEMENT,-58.9176,32731.8457,-60.7398,-58.9176,-1.8222,-0.00163544,-0.00158637,-1.8222,-58.9176,-0.00158637,-1.8222,-1.8222,-1.8222,-2.4296,-2.4296,-58.9176,-0.00158637,-10.3258,-9.6504,-50.4140,-51.0894,-0.00135741,-0.0013756,-0.00004906,65.5022,59.5135,-0.1071,-1.2654,-0.9641,773.7452,11.8125,53.4271,67.8714,36.1449,52.9264,85.5153,117.5846,144.0113,192.3877,51.6356,0.0,2.720971,3.635002,1.237609,22,55,39,2,0.13378430,-0.00163544,-0.09718793,0E-8,0.000000,0.908572,0.000000,0.11031028,2026-04-01,2026-08-04,48,63,61,126,0.380952,0.787181,0.815653,0.445948,,,,,,,,GLOBAL_BASELINE_NO_ENTITY_RANKING,,,NOT_APPLICABLE_GLOBAL_BASELINE,HF9g-P5,,,,X 全窗基线 · 不参与实体赏罚,3929081,393,A168_HF9F_20260827_0900,2026-08-27 09:00:00
2026-06-05,132888421,2223,0,29.5728649677,-29.5728649677,-29.5728649677,0E-7,1,1,0.50665070000000000,0.506650700000,-1.013391052207602,-1.013391052207602,-1.013391052207602,0E-17,ELIGIBLE,R03b_20260811_FULL_v1,L1_ELIGIBILITY,v2026-08-11,2026-03-21..2026-08-06,baccarat_bet02_101_all_pairs_incl_sentinel,round_win = game_pnl > 0 (decisive only),COMPATIBILITY_ONLY_NOT_PRODUCTION,37139.7689,33744.1709,-60.7398,567,567,0.00163544,0.09718793,-0.01312235,0.00163544,60.7398,37139.7689,OK,0.0000,-1.8222,3.0000,97.0000,AG03-UNRESOLVED,ALL5_LEVELS_bet23_to_bet27,-1.8222,-1.8222,-1.8222,-2.4296,-2.4296,3.000000,3.000000,3.000000,4.000000,4.000000,97.000000,97.000000,97.000000,96.000000,96.000000,5.0,-10.3258,-9.6504,-50.4140,-51.0894,PENDING_AG03,FALSE,NOT_FOR_ENFORCEMENT,-58.9176,32731.8457,-60.7398,-58.9176,-1.8222,-0.00163544,-0.00158637,-1.8222,-58.9176,-0.00158637,-1.8222,-1.8222,-1.8222,-2.4296,-2.4296,-58.9176,-0.00158637,-10.3258,-9.6504,-50.4140,-51.0894,-0.00135741,-0.0013756,-0.00004906,65.5022,59.5135,-0.1071,-1.2654,-0.9641,773.7452,11.8125,53.4271,67.8714,36.1449,52.9264,85.5153,117.5846,144.0113,192.3877,51.6356,0.0,2.720971,3.635002,1.237609,22,55,39,2,0.13378430,-0.00163544,-0.09718793,0E-8,0.000000,0.908572,0.000000,0.11031028,2026-04-01,2026-08-04,48,63,61,126,0.380952,0.787181,0.815653,0.445948,,,,,,,,GLOBAL_BASELINE_NO_ENTITY_RANKING,,,NOT_APPLICABLE_GLOBAL_BASELINE,HF9g-P5,,,,X 全窗基线 · 不参与实体赏罚,3929082,393,A168_HF9F_20260827_0900,2026-08-27 09:00:00
2026-06-07,132888421,2123,0,23.6582919742,-23.6582919742,-23.6582919742,0E-7,1,1,0.49324550000000000,0.493245500000,-0.9865810262130424,-0.9865810262130424,-0.9865810262130424,0E-17,ELIGIBLE,R03b_20260811_FULL_v1,L1_ELIGIBILITY,v2026-08-11,2026-03-21..2026-08-06,baccarat_bet02_101_all_pairs_incl_sentinel,round_win = game_pnl > 0 (decisive only),COMPATIBILITY_ONLY_NOT_PRODUCTION,37139.7689,33744.1709,-60.7398,567,567,0.00163544,0.09718793,-0.01312235,0.00163544,60.7398,37139.7689,OK,0.0000,-1.8222,3.0000,97.0000,AG03-UNRESOLVED,ALL5_LEVELS_bet23_to_bet27,-1.8222,-1.8222,-1.8222,-2.4296,-2.4296,3.000000,3.000000,3.000000,4.000000,4.000000,97.000000,97.000000,97.000000,96.000000,96.000000,5.0,-10.3258,-9.6504,-50.4140,-51.0894,PENDING_AG03,FALSE,NOT_FOR_ENFORCEMENT,-58.9176,32731.8457,-60.7398,-58.9176,-1.8222,-0.00163544,-0.00158637,-1.8222,-58.9176,-0.00158637,-1.8222,-1.8222,-1.8222,-2.4296,-2.4296,-58.9176,-0.00158637,-10.3258,-9.6504,-50.4140,-51.0894,-0.00135741,-0.0013756,-0.00004906,65.5022,59.5135,-0.1071,-1.2654,-0.9641,773.7452,11.8125,53.4271,67.8714,36.1449,52.9264,85.5153,117.5846,144.0113,192.3877,51.6356,0.0,2.720971,3.635002,1.237609,22,55,39,2,0.13378430,-0.00163544,-0.09718793,0E-8,0.000000,0.908572,0.000000,0.11031028,2026-04-01,2026-08-04,48,63,61,126,0.380952,0.787181,0.815653,0.445948,,,,,,,,GLOBAL_BASELINE_NO_ENTITY_RANKING,,,NOT_APPLICABLE_GLOBAL_BASELINE,HF9g-P5,,,,X 全窗基线 · 不参与实体赏罚,3929083,393,A168_HF9F_20260827_0900,2026-08-27 09:00:00
2026-06-09,132888421,2088,0,261.0126777586,-261.0126777586,-261.0126777586,0E-7,2,2,0.50665070000000000,0.506650700000,-1.4331513700195317,-1.4331513700195317,-1.4331513700195317,0E-17,ELIGIBLE,R03b_20260811_FULL_v1,L1_ELIGIBILITY,v2026-08-11,2026-03-21..2026-08-06,baccarat_bet02_101_all_pairs_incl_sentinel,round_win = game_pnl > 0 (decisive only),COMPATIBILITY_ONLY_NOT_PRODUCTION,37139.7689,33744.1709,-60.7398,567,567,0.00163544,0.09718793,-0.01312235,0.00163544,60.7398,37139.7689,OK,0.0000,-1.8222,3.0000,97.0000,AG03-UNRESOLVED,ALL5_LEVELS_bet23_to_bet27,-1.8222,-1.8222,-1.8222,-2.4296,-2.4296,3.000000,3.000000,3.000000,4.000000,4.000000,97.000000,97.000000,97.000000,96.000000,96.000000,5.0,-10.3258,-9.6504,-50.4140,-51.0894,PENDING_AG03,FALSE,NOT_FOR_ENFORCEMENT,-58.9176,32731.8457,-60.7398,-58.9176,-1.8222,-0.00163544,-0.00158637,-1.8222,-58.9176,-0.00158637,-1.8222,-1.8222,-1.8222,-2.4296,-2.4296,-58.9176,-0.00158637,-10.3258,-9.6504,-50.4140,-51.0894,-0.00135741,-0.0013756,-0.00004906,65.5022,59.5135,-0.1071,-1.2654,-0.9641,773.7452,11.8125,53.4271,67.8714,36.1449,52.9264,85.5153,117.5846,144.0113,192.3877,51.6356,0.0,2.720971,3.635002,1.237609,22,55,39,2,0.13378430,-0.00163544,-0.09718793,0E-8,0.000000,0.908572,0.000000,0.11031028,2026-04-01,2026-08-04,48,63,61,126,0.380952,0.787181,0.815653,0.445948,,,,,,,,GLOBAL_BASELINE_NO_ENTITY_RANKING,,,NOT_APPLICABLE_GLOBAL_BASELINE,HF9g-P5,,,,X 全窗基线 · 不参与实体赏罚,3929084,393,A168_HF9F_20260827_0900,2026-08-27 09:00:00
2026-06-13,132888421,2241,0,558.7985702161,-88.9757502508,-88.9757502508,0.5000000,14,14,0.49707555714285714,0.497075557143,0.020261481019781088,0.020261481018791272,0.020261481019781088,-1.4286E-13,ELIGIBLE,R03b_20260811_FULL_v1,L1_ELIGIBILITY,v2026-08-11,2026-03-21..2026-08-06,baccarat_bet02_101_all_pairs_incl_sentinel,round_win = game_pnl > 0 (decisive only),COMPATIBILITY_ONLY_NOT_PRODUCTION,37139.7689,33744.1709,-60.7398,567,567,0.00163544,0.09718793,-0.01312235,0.00163544,60.7398,37139.7689,OK,0.0000,-1.8222,3.0000,97.0000,AG03-UNRESOLVED,ALL5_LEVELS_bet23_to_bet27,-1.8222,-1.8222,-1.8222,-2.4296,-2.4296,3.000000,3.000000,3.000000,4.000000,4.000000,97.000000,97.000000,97.000000,96.000000,96.000000,5.0,-10.3258,-9.6504,-50.4140,-51.0894,PENDING_AG03,FALSE,NOT_FOR_ENFORCEMENT,-58.9176,32731.8457,-60.7398,-58.9176,-1.8222,-0.00163544,-0.00158637,-1.8222,-58.9176,-0.00158637,-1.8222,-1.8222,-1.8222,-2.4296,-2.4296,-58.9176,-0.00158637,-10.3258,-9.6504,-50.4140,-51.0894,-0.00135741,-0.0013756,-0.00004906,65.5022,59.5135,-0.1071,-1.2654,-0.9641,773.7452,11.8125,53.4271,67.8714,36.1449,52.9264,85.5153,117.5846,144.0113,192.3877,51.6356,0.0,2.720971,3.635002,1.237609,22,55,39,2,0.13378430,-0.00163544,-0.09718793,0E-8,0.000000,0.908572,0.000000,0.11031028,2026-04-01,2026-08-04,48,63,61,126,0.380952,0.787181,0.815653,0.445948,,,,,,,,GLOBAL_BASELINE_NO_ENTITY_RANKING,,,NOT_APPLICABLE_GLOBAL_BASELINE,HF9g-P5,,,,X 全窗基线 · 不参与实体赏罚,3929085,393,A168_HF9F_20260827_0900,2026-08-27 09:00:00
2026-06-13,132888421,2250,0,160.2077815208,76.3751382211,76.3751382211,0.6666667,6,6,0.49994810000000000,0.499948100000,0.8167508423630434,0.8167508423630434,0.8167508423630434,0E-17,ELIGIBLE,R03b_20260811_FULL_v1,L1_ELIGIBILITY,v2026-08-11,2026-03-21..2026-08-06,baccarat_bet02_101_all_pairs_incl_sentinel,round_win = game_pnl > 0 (decisive only),COMPATIBILITY_ONLY_NOT_PRODUCTION,37139.7689,33744.1709,-60.7398,567,567,0.00163544,0.09718793,-0.01312235,0.00163544,60.7398,37139.7689,OK,0.0000,-1.8222,3.0000,97.0000,AG03-UNRESOLVED,ALL5_LEVELS_bet23_to_bet27,-1.8222,-1.8222,-1.8222,-2.4296,-2.4296,3.000000,3.000000,3.000000,4.000000,4.000000,97.000000,97.000000,97.000000,96.000000,96.000000,5.0,-10.3258,-9.6504,-50.4140,-51.0894,PENDING_AG03,FALSE,NOT_FOR_ENFORCEMENT,-58.9176,32731.8457,-60.7398,-58.9176,-1.8222,-0.00163544,-0.00158637,-1.8222,-58.9176,-0.00158637,-1.8222,-1.8222,-1.8222,-2.4296,-2.4296,-58.9176,-0.00158637,-10.3258,-9.6504,-50.4140,-51.0894,-0.00135741,-0.0013756,-0.00004906,65.5022,59.5135,-0.1071,-1.2654,-0.9641,773.7452,11.8125,53.4271,67.8714,36.1449,52.9264,85.5153,117.5846,144.0113,192.3877,51.6356,0.0,2.720971,3.635002,1.237609,22,55,39,2,0.13378430,-0.00163544,-0.09718793,0E-8,0.000000,0.908572,0.000000,0.11031028,2026-04-01,2026-08-04,48,63,61,126,0.380952,0.787181,0.815653,0.445948,,,,,,,,GLOBAL_BASELINE_NO_ENTITY_RANKING,,,NOT_APPLICABLE_GLOBAL_BASELINE,HF9g-P5,,,,X 全窗基线 · 不参与实体赏罚,3929086,393,A168_HF9F_20260827_0900,2026-08-27 09:00:00
2026-06-14,132888421,1306,0,189.7806464885,-102.3478283231,-102.3478283231,0.2500000,4,4,0.49994810000000000,0.499948100000,-0.9997924053861017,-0.9997924053861017,-0.9997924053861017,0E-17,ELIGIBLE,R03b_20260811_FULL_v1,L1_ELIGIBILITY,v2026-08-11,2026-03-21..2026-08-06,baccarat_bet02_101_all_pairs_incl_sentinel,round_win = game_pnl > 0 (decisive only),COMPATIBILITY_ONLY_NOT_PRODUCTION,37139.7689,33744.1709,-60.7398,567,567,0.00163544,0.09718793,-0.01312235,0.00163544,60.7398,37139.7689,OK,0.0000,-1.8222,3.0000,97.0000,AG03-UNRESOLVED,ALL5_LEVELS_bet23_to_bet27,-1.8222,-1.8222,-1.8222,-2.4296,-2.4296,3.000000,3.000000,3.000000,4.000000,4.000000,97.000000,97.000000,97.000000,96.000000,96.000000,5.0,-10.3258,-9.6504,-50.4140,-51.0894,PENDING_AG03,FALSE,NOT_FOR_ENFORCEMENT,-58.9176,32731.8457,-60.7398,-58.9176,-1.8222,-0.00163544,-0.00158637,-1.8222,-58.9176,-0.00158637,-1.8222,-1.8222,-1.8222,-2.4296,-2.4296,-58.9176,-0.00158637,-10.3258,-9.6504,-50.4140,-51.0894,-0.00135741,-0.0013756,-0.00004906,65.5022,59.5135,-0.1071,-1.2654,-0.9641,773.7452,11.8125,53.4271,67.8714,36.1449,52.9264,85.5153,117.5846,144.0113,192.3877,51.6356,0.0,2.720971,3.635002,1.237609,22,55,39,2,0.13378430,-0.00163544,-0.09718793,0E-8,0.000000,0.908572,0.000000,0.11031028,2026-04-01,2026-08-04,48,63,61,126,0.380952,0.787181,0.815653,0.445948,,,,,,,,GLOBAL_BASELINE_NO_ENTITY_RANKING,,,NOT_APPLICABLE_GLOBAL_BASELINE,HF9g-P5,,,,X 全窗基线 · 不参与实体赏罚,3929087,393,A168_HF9F_20260827_0900,2026-08-27 09:00:00
2026-06-14,132888421,1402,0,263.3270758865,-4.5516496516,-4.5516496516,0.5000000,8,8,0.50329940000000000,0.503299400000,-0.018664631283057894,-0.018664631283057894,-0.018664631283057894,0E-17,ELIGIBLE,R03b_20260811_FULL_v1,L1_ELIGIBILITY,v2026-08-11,2026-03-21..2026-08-06,baccarat_bet02_101_all_pairs_incl_sentinel,round_win = game_pnl > 0 (decisive only),COMPATIBILITY_ONLY_NOT_PRODUCTION,37139.7689,33744.1709,-60.7398,567,567,0.00163544,0.09718793,-0.01312235,0.00163544,60.7398,37139.7689,OK,0.0000,-1.8222,3.0000,97.0000,AG03-UNRESOLVED,ALL5_LEVELS_bet23_to_bet27,-1.8222,-1.8222,-1.8222,-2.4296,-2.4296,3.000000,3.000000,3.000000,4.000000,4.000000,97.000000,97.000000,97.000000,96.000000,96.000000,5.0,-10.3258,-9.6504,-50.4140,-51.0894,PENDING_AG03,FALSE,NOT_FOR_ENFORCEMENT,-58.9176,32731.8457,-60.7398,-58.9176,-1.8222,-0.00163544,-0.00158637,-1.8222,-58.9176,-0.00158637,-1.8222,-1.8222,-1.8222,-2.4296,-2.4296,-58.9176,-0.00158637,-10.3258,-9.6504,-50.4140,-51.0894,-0.00135741,-0.0013756,-0.00004906,65.5022,59.5135,-0.1071,-1.2654,-0.9641,773.7452,11.8125,53.4271,67.8714,36.1449,52.9264,85.5153,117.5846,144.0113,192.3877,51.6356,0.0,2.720971,3.635002,1.237609,22,55,39,2,0.13378430,-0.00163544,-0.09718793,0E-8,0.000000,0.908572,0.000000,0.11031028,2026-04-01,2026-08-04,48,63,61,126,0.380952,0.787181,0.815653,0.445948,,,,,,,,GLOBAL_BASELINE_NO_ENTITY_RANKING,,,NOT_APPLICABLE_GLOBAL_BASELINE,HF9g-P5,,,,X 全窗基线 · 不参与实体赏罚,3929088,393,A168_HF9F_20260827_0900,2026-08-27 09:00:00
2026-06-14,132888421,2103,0,534.8831228946,-108.2624013166,-108.2624013166,0.5000000,11,11,0.49933877272727273,0.499338772727,0.00418197212257692,0.0041819721243018205,0.00418197212257692,2.7273E-13,ELIGIBLE,R03b_20260811_FULL_v1,L1_ELIGIBILITY,v2026-08-11,2026-03-21..2026-08-06,baccarat_bet02_101_all_pairs_incl_sentinel,round_win = game_pnl > 0 (decisive only),COMPATIBILITY_ONLY_NOT_PRODUCTION,37139.7689,33744.1709,-60.7398,567,567,0.00163544,0.09718793,-0.01312235,0.00163544,60.7398,37139.7689,OK,0.0000,-1.8222,3.0000,97.0000,AG03-UNRESOLVED,ALL5_LEVELS_bet23_to_bet27,-1.8222,-1.8222,-1.8222,-2.4296,-2.4296,3.000000,3.000000,3.000000,4.000000,4.000000,97.000000,97.000000,97.000000,96.000000,96.000000,5.0,-10.3258,-9.6504,-50.4140,-51.0894,PENDING_AG03,FALSE,NOT_FOR_ENFORCEMENT,-58.9176,32731.8457,-60.7398,-58.9176,-1.8222,-0.00163544,-0.00158637,-1.8222,-58.9176,-0.00158637,-1.8222,-1.8222,-1.8222,-2.4296,-2.4296,-58.9176,-0.00158637,-10.3258,-9.6504,-50.4140,-51.0894,-0.00135741,-0.0013756,-0.00004906,65.5022,59.5135,-0.1071,-1.2654,-0.9641,773.7452,11.8125,53.4271,67.8714,36.1449,52.9264,85.5153,117.5846,144.0113,192.3877,51.6356,0.0,2.720971,3.635002,1.237609,22,55,39,2,0.13378430,-0.00163544,-0.09718793,0E-8,0.000000,0.908572,0.000000,0.11031028,2026-04-01,2026-08-04,48,63,61,126,0.380952,0.787181,0.815653,0.445948,,,,,,,,GLOBAL_BASELINE_NO_ENTITY_RANKING,,,NOT_APPLICABLE_GLOBAL_BASELINE,HF9g-P5,,,,X 全窗基线 · 不参与实体赏罚,3929089,393,A168_HF9F_20260827_0900,2026-08-27 09:00:00
2026-06-15,132888421,1318,0,612.0297271581,-221.6679095842,-221.6679095842,0.3636364,12,12,0.49883100000000000,0.498831000000,-0.8967822159919931,-0.8967822159919931,-0.8967822159919931,0E-17,ELIGIBLE,R03b_20260811_FULL_v1,L1_ELIGIBILITY,v2026-08-11,2026-03-21..2026-08-06,baccarat_bet02_101_all_pairs_incl_sentinel,round_win = game_pnl > 0 (decisive only),COMPATIBILITY_ONLY_NOT_PRODUCTION,37139.7689,33744.1709,-60.7398,567,567,0.00163544,0.09718793,-0.01312235,0.00163544,60.7398,37139.7689,OK,0.0000,-1.8222,3.0000,97.0000,AG03-UNRESOLVED,ALL5_LEVELS_bet23_to_bet27,-1.8222,-1.8222,-1.8222,-2.4296,-2.4296,3.000000,3.000000,3.000000,4.000000,4.000000,97.000000,97.000000,97.000000,96.000000,96.000000,5.0,-10.3258,-9.6504,-50.4140,-51.0894,PENDING_AG03,FALSE,NOT_FOR_ENFORCEMENT,-58.9176,32731.8457,-60.7398,-58.9176,-1.8222,-0.00163544,-0.00158637,-1.8222,-58.9176,-0.00158637,-1.8222,-1.8222,-1.8222,-2.4296,-2.4296,-58.9176,-0.00158637,-10.3258,-9.6504,-50.4140,-51.0894,-0.00135741,-0.0013756,-0.00004906,65.5022,59.5135,-0.1071,-1.2654,-0.9641,773.7452,11.8125,53.4271,67.8714,36.1449,52.9264,85.5153,117.5846,144.0113,192.3877,51.6356,0.0,2.720971,3.635002,1.237609,22,55,39,2,0.13378430,-0.00163544,-0.09718793,0E-8,0.000000,0.908572,0.000000,0.11031028,2026-04-01,2026-08-04,48,63,61,126,0.380952,0.787181,0.815653,0.445948,,,,,,,,GLOBAL_BASELINE_NO_ENTITY_RANKING,,,NOT_APPLICABLE_GLOBAL_BASELINE,HF9g-P5,,,,X 全窗基线 · 不参与实体赏罚,3929090,393,A168_HF9F_20260827_0900,2026-08-27 09:00:00
2026-06-15,132888421,2281,0,87.4328181654,86.0184637539,86.0184637539,1.0000000,3,3,0.49771390000000000,0.497713900000,1.739988277604938,1.739988277604938,1.739988277604938,0E-17,ELIGIBLE,R03b_20260811_FULL_v1,L1_ELIGIBILITY,v2026-08-11,2026-03-21..2026-08-06,baccarat_bet02_101_all_pairs_incl_sentinel,round_win = game_pnl > 0 (decisive only),COMPATIBILITY_ONLY_NOT_PRODUCTION,37139.7689,33744.1709,-60.7398,567,567,0.00163544,0.09718793,-0.01312235,0.00163544,60.7398,37139.7689,OK,0.0000,-1.8222,3.0000,97.0000,AG03-UNRESOLVED,ALL5_LEVELS_bet23_to_bet27,-1.8222,-1.8222,-1.8222,-2.4296,-2.4296,3.000000,3.000000,3.000000,4.000000,4.000000,97.000000,97.000000,97.000000,96.000000,96.000000,5.0,-10.3258,-9.6504,-50.4140,-51.0894,PENDING_AG03,FALSE,NOT_FOR_ENFORCEMENT,-58.9176,32731.8457,-60.7398,-58.9176,-1.8222,-0.00163544,-0.00158637,-1.8222,-58.9176,-0.00158637,-1.8222,-1.8222,-1.8222,-2.4296,-2.4296,-58.9176,-0.00158637,-10.3258,-9.6504,-50.4140,-51.0894,-0.00135741,-0.0013756,-0.00004906,65.5022,59.5135,-0.1071,-1.2654,-0.9641,773.7452,11.8125,53.4271,67.8714,36.1449,52.9264,85.5153,117.5846,144.0113,192.3877,51.6356,0.0,2.720971,3.635002,1.237609,22,55,39,2,0.13378430,-0.00163544,-0.09718793,0E-8,0.000000,0.908572,0.000000,0.11031028,2026-04-01,2026-08-04,48,63,61,126,0.380952,0.787181,0.815653,0.445948,,,,,,,,GLOBAL_BASELINE_NO_ENTITY_RANKING,,,NOT_APPLICABLE_GLOBAL_BASELINE,HF9g-P5,,,,X 全窗基线 · 不参与实体赏罚,3929091,393,A168_HF9F_20260827_0900,2026-08-27 09:00:00
2026-06-16,132888421,1017,0,40.1162342171,-13.5392290483,-13.5392290483,0.5000000,2,2,0.50665070000000000,0.506650700000,-0.018812684590367487,-0.018812684590367487,-0.018812684590367487,0E-17,ELIGIBLE,R03b_20260811_FULL_v1,L1_ELIGIBILITY,v2026-08-11,2026-03-21..2026-08-06,baccarat_bet02_101_all_pairs_incl_sentinel,round_win = game_pnl > 0 (decisive only),COMPATIBILITY_ONLY_NOT_PRODUCTION,37139.7689,33744.1709,-60.7398,567,567,0.00163544,0.09718793,-0.01312235,0.00163544,60.7398,37139.7689,OK,0.0000,-1.8222,3.0000,97.0000,AG03-UNRESOLVED,ALL5_LEVELS_bet23_to_bet27,-1.8222,-1.8222,-1.8222,-2.4296,-2.4296,3.000000,3.000000,3.000000,4.000000,4.000000,97.000000,97.000000,97.000000,96.000000,96.000000,5.0,-10.3258,-9.6504,-50.4140,-51.0894,PENDING_AG03,FALSE,NOT_FOR_ENFORCEMENT,-58.9176,32731.8457,-60.7398,-58.9176,-1.8222,-0.00163544,-0.00158637,-1.8222,-58.9176,-0.00158637,-1.8222,-1.8222,-1.8222,-2.4296,-2.4296,-58.9176,-0.00158637,-10.3258,-9.6504,-50.4140,-51.0894,-0.00135741,-0.0013756,-0.00004906,65.5022,59.5135,-0.1071,-1.2654,-0.9641,773.7452,11.8125,53.4271,67.8714,36.1449,52.9264,85.5153,117.5846,144.0113,192.3877,51.6356,0.0,2.720971,3.635002,1.237609,22,55,39,2,0.13378430,-0.00163544,-0.09718793,0E-8,0.000000,0.908572,0.000000,0.11031028,2026-04-01,2026-08-04,48,63,61,126,0.380952,0.787181,0.815653,0.445948,,,,,,,,GLOBAL_BASELINE_NO_ENTITY_RANKING,,,NOT_APPLICABLE_GLOBAL_BASELINE,HF9g-P5,,,,X 全窗基线 · 不参与实体赏罚,3929092,393,A168_HF9F_20260827_0900,2026-08-27 09:00:00
2026-06-20,132888421,1331,0,28.5442435776,2.4301180343,2.4301180343,0.6666667,3,3,0.50218230000000000,0.502182300000,0.5697959874915163,0.5697959874915164,0.5697959874915163,0E-17,ELIGIBLE,R03b_20260811_FULL_v1,L1_ELIGIBILITY,v2026-08-11,2026-03-21..2026-08-06,baccarat_bet02_101_all_pairs_incl_sentinel,round_win = game_pnl > 0 (decisive only),COMPATIBILITY_ONLY_NOT_PRODUCTION,37139.7689,33744.1709,-60.7398,567,567,0.00163544,0.09718793,-0.01312235,0.00163544,60.7398,37139.7689,OK,0.0000,-1.8222,3.0000,97.0000,AG03-UNRESOLVED,ALL5_LEVELS_bet23_to_bet27,-1.8222,-1.8222,-1.8222,-2.4296,-2.4296,3.000000,3.000000,3.000000,4.000000,4.000000,97.000000,97.000000,97.000000,96.000000,96.000000,5.0,-10.3258,-9.6504,-50.4140,-51.0894,PENDING_AG03,FALSE,NOT_FOR_ENFORCEMENT,-58.9176,32731.8457,-60.7398,-58.9176,-1.8222,-0.00163544,-0.00158637,-1.8222,-58.9176,-0.00158637,-1.8222,-1.8222,-1.8222,-2.4296,-2.4296,-58.9176,-0.00158637,-10.3258,-9.6504,-50.4140,-51.0894,-0.00135741,-0.0013756,-0.00004906,65.5022,59.5135,-0.1071,-1.2654,-0.9641,773.7452,11.8125,53.4271,67.8714,36.1449,52.9264,85.5153,117.5846,144.0113,192.3877,51.6356,0.0,2.720971,3.635002,1.237609,22,55,39,2,0.13378430,-0.00163544,-0.09718793,0E-8,0.000000,0.908572,0.000000,0.11031028,2026-04-01,2026-08-04,48,63,61,126,0.380952,0.787181,0.815653,0.445948,,,,,,,,GLOBAL_BASELINE_NO_ENTITY_RANKING,,,NOT_APPLICABLE_GLOBAL_BASELINE,HF9g-P5,,,,X 全窗基线 · 不参与实体赏罚,3929093,393,A168_HF9F_20260827_0900,2026-08-27 09:00:00
2026-06-20,132888421,2223,0,10.2862139018,-10.2862139018,-10.2862139018,0E-7,1,1,0.49324550000000000,0.493245500000,-0.9865810262130424,-0.9865810262130424,-0.9865810262130424,0E-17,ELIGIBLE,R03b_20260811_FULL_v1,L1_ELIGIBILITY,v2026-08-11,2026-03-21..2026-08-06,baccarat_bet02_101_all_pairs_incl_sentinel,round_win = game_pnl > 0 (decisive only),COMPATIBILITY_ONLY_NOT_PRODUCTION,37139.7689,33744.1709,-60.7398,567,567,0.00163544,0.09718793,-0.01312235,0.00163544,60.7398,37139.7689,OK,0.0000,-1.8222,3.0000,97.0000,AG03-UNRESOLVED,ALL5_LEVELS_bet23_to_bet27,-1.8222,-1.8222,-1.8222,-2.4296,-2.4296,3.000000,3.000000,3.000000,4.000000,4.000000,97.000000,97.000000,97.000000,96.000000,96.000000,5.0,-10.3258,-9.6504,-50.4140,-51.0894,PENDING_AG03,FALSE,NOT_FOR_ENFORCEMENT,-58.9176,32731.8457,-60.7398,-58.9176,-1.8222,-0.00163544,-0.00158637,-1.8222,-58.9176,-0.00158637,-1.8222,-1.8222,-1.8222,-2.4296,-2.4296,-58.9176,-0.00158637,-10.3258,-9.6504,-50.4140,-51.0894,-0.00135741,-0.0013756,-0.00004906,65.5022,59.5135,-0.1071,-1.2654,-0.9641,773.7452,11.8125,53.4271,67.8714,36.1449,52.9264,85.5153,117.5846,144.0113,192.3877,51.6356,0.0,2.720971,3.635002,1.237609,22,55,39,2,0.13378430,-0.00163544,-0.09718793,0E-8,0.000000,0.908572,0.000000,0.11031028,2026-04-01,2026-08-04,48,63,61,126,0.380952,0.787181,0.815653,0.445948,,,,,,,,GLOBAL_BASELINE_NO_ENTITY_RANKING,,,NOT_APPLICABLE_GLOBAL_BASELINE,HF9g-P5,,,,X 全窗基线 · 不参与实体赏罚,3929094,393,A168_HF9F_20260827_0900,2026-08-27 09:00:00
2026-06-21,132888421,-1,1,2331.1132254994,-130.1206058580,-130.1206058580,0.5483871,33,33,0.50055742727272727,0.500557427273,0.5326089896625384,0.5326089896595018,0.5326089896625384,-2.7273E-13,SENTINEL_DEALER,R03b_20260811_FULL_v1,L1_ELIGIBILITY,v2026-08-11,2026-03-21..2026-08-06,baccarat_bet02_101_all_pairs_incl_sentinel,round_win = game_pnl > 0 (decisive only),COMPATIBILITY_ONLY_NOT_PRODUCTION,37139.7689,33744.1709,-60.7398,567,567,0.00163544,0.09718793,-0.01312235,0.00163544,60.7398,37139.7689,OK,0.0000,-1.8222,3.0000,97.0000,AG03-UNRESOLVED,ALL5_LEVELS_bet23_to_bet27,-1.8222,-1.8222,-1.8222,-2.4296,-2.4296,3.000000,3.000000,3.000000,4.000000,4.000000,97.000000,97.000000,97.000000,96.000000,96.000000,5.0,-10.3258,-9.6504,-50.4140,-51.0894,PENDING_AG03,FALSE,NOT_FOR_ENFORCEMENT,-58.9176,32731.8457,-60.7398,-58.9176,-1.8222,-0.00163544,-0.00158637,-1.8222,-58.9176,-0.00158637,-1.8222,-1.8222,-1.8222,-2.4296,-2.4296,-58.9176,-0.00158637,-10.3258,-9.6504,-50.4140,-51.0894,-0.00135741,-0.0013756,-0.00004906,65.5022,59.5135,-0.1071,-1.2654,-0.9641,773.7452,11.8125,53.4271,67.8714,36.1449,52.9264,85.5153,117.5846,144.0113,192.3877,51.6356,0.0,2.720971,3.635002,1.237609,22,55,39,2,0.13378430,-0.00163544,-0.09718793,0E-8,0.000000,0.908572,0.000000,0.11031028,2026-04-01,2026-08-04,48,63,61,126,0.380952,0.787181,0.815653,0.445948,,,,,,,,GLOBAL_BASELINE_NO_ENTITY_RANKING,,,NOT_APPLICABLE_GLOBAL_BASELINE,HF9g-P5,,,,X 全窗基线 · 不参与实体赏罚,3929095,393,A168_HF9F_20260827_0900,2026-08-27 09:00:00
2026-06-21,132888421,2222,0,14.4006994625,-14.4006994625,-14.4006994625,0E-7,1,1,0.49324550000000000,0.493245500000,-0.9865810262130424,-0.9865810262130424,-0.9865810262130424,0E-17,ELIGIBLE,R03b_20260811_FULL_v1,L1_ELIGIBILITY,v2026-08-11,2026-03-21..2026-08-06,baccarat_bet02_101_all_pairs_incl_sentinel,round_win = game_pnl > 0 (decisive only),COMPATIBILITY_ONLY_NOT_PRODUCTION,37139.7689,33744.1709,-60.7398,567,567,0.00163544,0.09718793,-0.01312235,0.00163544,60.7398,37139.7689,OK,0.0000,-1.8222,3.0000,97.0000,AG03-UNRESOLVED,ALL5_LEVELS_bet23_to_bet27,-1.8222,-1.8222,-1.8222,-2.4296,-2.4296,3.000000,3.000000,3.000000,4.000000,4.000000,97.000000,97.000000,97.000000,96.000000,96.000000,5.0,-10.3258,-9.6504,-50.4140,-51.0894,PENDING_AG03,FALSE,NOT_FOR_ENFORCEMENT,-58.9176,32731.8457,-60.7398,-58.9176,-1.8222,-0.00163544,-0.00158637,-1.8222,-58.9176,-0.00158637,-1.8222,-1.8222,-1.8222,-2.4296,-2.4296,-58.9176,-0.00158637,-10.3258,-9.6504,-50.4140,-51.0894,-0.00135741,-0.0013756,-0.00004906,65.5022,59.5135,-0.1071,-1.2654,-0.9641,773.7452,11.8125,53.4271,67.8714,36.1449,52.9264,85.5153,117.5846,144.0113,192.3877,51.6356,0.0,2.720971,3.635002,1.237609,22,55,39,2,0.13378430,-0.00163544,-0.09718793,0E-8,0.000000,0.908572,0.000000,0.11031028,2026-04-01,2026-08-04,48,63,61,126,0.380952,0.787181,0.815653,0.445948,,,,,,,,GLOBAL_BASELINE_NO_ENTITY_RANKING,,,NOT_APPLICABLE_GLOBAL_BASELINE,HF9g-P5,,,,X 全窗基线 · 不参与实体赏罚,3929096,393,A168_HF9F_20260827_0900,2026-08-27 09:00:00
2026-06-23,132888421,1401,0,105.4336924935,1.2857767378,1.2857767378,0.5000000,5,5,0.49860758000000000,0.498607580000,0.005569701597489473,0.005569701597489473,0.005569701597489473,0E-17,ELIGIBLE,R03b_20260811_FULL_v1,L1_ELIGIBILITY,v2026-08-11,2026-03-21..2026-08-06,baccarat_bet02_101_all_pairs_incl_sentinel,round_win = game_pnl > 0 (decisive only),COMPATIBILITY_ONLY_NOT_PRODUCTION,37139.7689,33744.1709,-60.7398,567,567,0.00163544,0.09718793,-0.01312235,0.00163544,60.7398,37139.7689,OK,0.0000,-1.8222,3.0000,97.0000,AG03-UNRESOLVED,ALL5_LEVELS_bet23_to_bet27,-1.8222,-1.8222,-1.8222,-2.4296,-2.4296,3.000000,3.000000,3.000000,4.000000,4.000000,97.000000,97.000000,97.000000,96.000000,96.000000,5.0,-10.3258,-9.6504,-50.4140,-51.0894,PENDING_AG03,FALSE,NOT_FOR_ENFORCEMENT,-58.9176,32731.8457,-60.7398,-58.9176,-1.8222,-0.00163544,-0.00158637,-1.8222,-58.9176,-0.00158637,-1.8222,-1.8222,-1.8222,-2.4296,-2.4296,-58.9176,-0.00158637,-10.3258,-9.6504,-50.4140,-51.0894,-0.00135741,-0.0013756,-0.00004906,65.5022,59.5135,-0.1071,-1.2654,-0.9641,773.7452,11.8125,53.4271,67.8714,36.1449,52.9264,85.5153,117.5846,144.0113,192.3877,51.6356,0.0,2.720971,3.635002,1.237609,22,55,39,2,0.13378430,-0.00163544,-0.09718793,0E-8,0.000000,0.908572,0.000000,0.11031028,2026-04-01,2026-08-04,48,63,61,126,0.380952,0.787181,0.815653,0.445948,,,,,,,,GLOBAL_BASELINE_NO_ENTITY_RANKING,,,NOT_APPLICABLE_GLOBAL_BASELINE,HF9g-P5,,,,X 全窗基线 · 不参与实体赏罚,3929097,393,A168_HF9F_20260827_0900,2026-08-27 09:00:00
2026-06-23,132888421,2223,0,568.5704734232,-95.1603363594,-95.1603363594,0.4615385,15,15,0.50218230000000000,0.502182300000,-0.2930896788628869,-0.29308967886288695,-0.2930896788628869,0E-17,ELIGIBLE,R03b_20260811_FULL_v1,L1_ELIGIBILITY,v2026-08-11,2026-03-21..2026-08-06,baccarat_bet02_101_all_pairs_incl_sentinel,round_win = game_pnl > 0 (decisive only),COMPATIBILITY_ONLY_NOT_PRODUCTION,37139.7689,33744.1709,-60.7398,567,567,0.00163544,0.09718793,-0.01312235,0.00163544,60.7398,37139.7689,OK,0.0000,-1.8222,3.0000,97.0000,AG03-UNRESOLVED,ALL5_LEVELS_bet23_to_bet27,-1.8222,-1.8222,-1.8222,-2.4296,-2.4296,3.000000,3.000000,3.000000,4.000000,4.000000,97.000000,97.000000,97.000000,96.000000,96.000000,5.0,-10.3258,-9.6504,-50.4140,-51.0894,PENDING_AG03,FALSE,NOT_FOR_ENFORCEMENT,-58.9176,32731.8457,-60.7398,-58.9176,-1.8222,-0.00163544,-0.00158637,-1.8222,-58.9176,-0.00158637,-1.8222,-1.8222,-1.8222,-2.4296,-2.4296,-58.9176,-0.00158637,-10.3258,-9.6504,-50.4140,-51.0894,-0.00135741,-0.0013756,-0.00004906,65.5022,59.5135,-0.1071,-1.2654,-0.9641,773.7452,11.8125,53.4271,67.8714,36.1449,52.9264,85.5153,117.5846,144.0113,192.3877,51.6356,0.0,2.720971,3.635002,1.237609,22,55,39,2,0.13378430,-0.00163544,-0.09718793,0E-8,0.000000,0.908572,0.000000,0.11031028,2026-04-01,2026-08-04,48,63,61,126,0.380952,0.787181,0.815653,0.445948,,,,,,,,GLOBAL_BASELINE_NO_ENTITY_RANKING,,,NOT_APPLICABLE_GLOBAL_BASELINE,HF9g-P5,,,,X 全窗基线 · 不参与实体赏罚,3929098,393,A168_HF9F_20260827_0900,2026-08-27 09:00:00
2026-06-26,132888421,1507,0,425.8492555354,96.6904106771,96.6904106771,0.6666667,9,9,0.49920336666666667,0.499203366667,0.8204003125784567,0.8204003125768229,0.8204003125784567,-3.3333E-13,ELIGIBLE,R03b_20260811_FULL_v1,L1_ELIGIBILITY,v2026-08-11,2026-03-21..2026-08-06,baccarat_bet02_101_all_pairs_incl_sentinel,round_win = game_pnl > 0 (decisive only),COMPATIBILITY_ONLY_NOT_PRODUCTION,37139.7689,33744.1709,-60.7398,567,567,0.00163544,0.09718793,-0.01312235,0.00163544,60.7398,37139.7689,OK,0.0000,-1.8222,3.0000,97.0000,AG03-UNRESOLVED,ALL5_LEVELS_bet23_to_bet27,-1.8222,-1.8222,-1.8222,-2.4296,-2.4296,3.000000,3.000000,3.000000,4.000000,4.000000,97.000000,97.000000,97.000000,96.000000,96.000000,5.0,-10.3258,-9.6504,-50.4140,-51.0894,PENDING_AG03,FALSE,NOT_FOR_ENFORCEMENT,-58.9176,32731.8457,-60.7398,-58.9176,-1.8222,-0.00163544,-0.00158637,-1.8222,-58.9176,-0.00158637,-1.8222,-1.8222,-1.8222,-2.4296,-2.4296,-58.9176,-0.00158637,-10.3258,-9.6504,-50.4140,-51.0894,-0.00135741,-0.0013756,-0.00004906,65.5022,59.5135,-0.1071,-1.2654,-0.9641,773.7452,11.8125,53.4271,67.8714,36.1449,52.9264,85.5153,117.5846,144.0113,192.3877,51.6356,0.0,2.720971,3.635002,1.237609,22,55,39,2,0.13378430,-0.00163544,-0.09718793,0E-8,0.000000,0.908572,0.000000,0.11031028,2026-04-01,2026-08-04,48,63,61,126,0.380952,0.787181,0.815653,0.445948,,,,,,,,GLOBAL_BASELINE_NO_ENTITY_RANKING,,,NOT_APPLICABLE_GLOBAL_BASELINE,HF9g-P5,,,,X 全窗基线 · 不参与实体赏罚,3929099,393,A168_HF9F_20260827_0900,2026-08-27 09:00:00
2026-06-26,132888421,1963,0,174.6084809835,49.5795510067,49.5795510067,0.7500000,8,8,0.49827245000000000,0.498272450000,1.4239945605785045,1.4239945605785045,1.4239945605785045,0E-17,ELIGIBLE,R03b_20260811_FULL_v1,L1_ELIGIBILITY,v2026-08-11,2026-03-21..2026-08-06,baccarat_bet02_101_all_pairs_incl_sentinel,round_win = game_pnl > 0 (decisive only),COMPATIBILITY_ONLY_NOT_PRODUCTION,37139.7689,33744.1709,-60.7398,567,567,0.00163544,0.09718793,-0.01312235,0.00163544,60.7398,37139.7689,OK,0.0000,-1.8222,3.0000,97.0000,AG03-UNRESOLVED,ALL5_LEVELS_bet23_to_bet27,-1.8222,-1.8222,-1.8222,-2.4296,-2.4296,3.000000,3.000000,3.000000,4.000000,4.000000,97.000000,97.000000,97.000000,96.000000,96.000000,5.0,-10.3258,-9.6504,-50.4140,-51.0894,PENDING_AG03,FALSE,NOT_FOR_ENFORCEMENT,-58.9176,32731.8457,-60.7398,-58.9176,-1.8222,-0.00163544,-0.00158637,-1.8222,-58.9176,-0.00158637,-1.8222,-1.8222,-1.8222,-2.4296,-2.4296,-58.9176,-0.00158637,-10.3258,-9.6504,-50.4140,-51.0894,-0.00135741,-0.0013756,-0.00004906,65.5022,59.5135,-0.1071,-1.2654,-0.9641,773.7452,11.8125,53.4271,67.8714,36.1449,52.9264,85.5153,117.5846,144.0113,192.3877,51.6356,0.0,2.720971,3.635002,1.237609,22,55,39,2,0.13378430,-0.00163544,-0.09718793,0E-8,0.000000,0.908572,0.000000,0.11031028,2026-04-01,2026-08-04,48,63,61,126,0.380952,0.787181,0.815653,0.445948,,,,,,,,GLOBAL_BASELINE_NO_ENTITY_RANKING,,,NOT_APPLICABLE_GLOBAL_BASELINE,HF9g-P5,,,,X 全窗基线 · 不参与实体赏罚,3929100,393,A168_HF9F_20260827_0900,2026-08-27 09:00:00
2026-06-30,132888421,1384,0,123.9253349856,117.7290682364,117.7290682364,1.0000000,2,2,0.50665070000000000,0.506650700000,1.3955260008387969,1.3955260008387969,1.3955260008387969,0E-17,ELIGIBLE,R03b_20260811_FULL_v1,L1_ELIGIBILITY,v2026-08-11,2026-03-21..2026-08-06,baccarat_bet02_101_all_pairs_incl_sentinel,round_win = game_pnl > 0 (decisive only),COMPATIBILITY_ONLY_NOT_PRODUCTION,37139.7689,33744.1709,-60.7398,567,567,0.00163544,0.09718793,-0.01312235,0.00163544,60.7398,37139.7689,OK,0.0000,-1.8222,3.0000,97.0000,AG03-UNRESOLVED,ALL5_LEVELS_bet23_to_bet27,-1.8222,-1.8222,-1.8222,-2.4296,-2.4296,3.000000,3.000000,3.000000,4.000000,4.000000,97.000000,97.000000,97.000000,96.000000,96.000000,5.0,-10.3258,-9.6504,-50.4140,-51.0894,PENDING_AG03,FALSE,NOT_FOR_ENFORCEMENT,-58.9176,32731.8457,-60.7398,-58.9176,-1.8222,-0.00163544,-0.00158637,-1.8222,-58.9176,-0.00158637,-1.8222,-1.8222,-1.8222,-2.4296,-2.4296,-58.9176,-0.00158637,-10.3258,-9.6504,-50.4140,-51.0894,-0.00135741,-0.0013756,-0.00004906,65.5022,59.5135,-0.1071,-1.2654,-0.9641,773.7452,11.8125,53.4271,67.8714,36.1449,52.9264,85.5153,117.5846,144.0113,192.3877,51.6356,0.0,2.720971,3.635002,1.237609,22,55,39,2,0.13378430,-0.00163544,-0.09718793,0E-8,0.000000,0.908572,0.000000,0.11031028,2026-04-01,2026-08-04,48,63,61,126,0.380952,0.787181,0.815653,0.445948,,,,,,,,GLOBAL_BASELINE_NO_ENTITY_RANKING,,,NOT_APPLICABLE_GLOBAL_BASELINE,HF9g-P5,,,,X 全窗基线 · 不参与实体赏罚,3929101,393,A168_HF9F_20260827_0900,2026-08-27 09:00:00
2026-06-30,132888421,2246,0,304.6497818396,83.9077788964,83.9077788964,0.7000000,11,11,0.49933877272727273,0.499338772727,1.2690941422840207,1.2690941422857465,1.2690941422840207,2.7273E-13,ELIGIBLE,R03b_20260811_FULL_v1,L1_ELIGIBILITY,v2026-08-11,2026-03-21..2026-08-06,baccarat_bet02_101_all_pairs_incl_sentinel,round_win = game_pnl > 0 (decisive only),COMPATIBILITY_ONLY_NOT_PRODUCTION,37139.7689,33744.1709,-60.7398,567,567,0.00163544,0.09718793,-0.01312235,0.00163544,60.7398,37139.7689,OK,0.0000,-1.8222,3.0000,97.0000,AG03-UNRESOLVED,ALL5_LEVELS_bet23_to_bet27,-1.8222,-1.8222,-1.8222,-2.4296,-2.4296,3.000000,3.000000,3.000000,4.000000,4.000000,97.000000,97.000000,97.000000,96.000000,96.000000,5.0,-10.3258,-9.6504,-50.4140,-51.0894,PENDING_AG03,FALSE,NOT_FOR_ENFORCEMENT,-58.9176,32731.8457,-60.7398,-58.9176,-1.8222,-0.00163544,-0.00158637,-1.8222,-58.9176,-0.00158637,-1.8222,-1.8222,-1.8222,-2.4296,-2.4296,-58.9176,-0.00158637,-10.3258,-9.6504,-50.4140,-51.0894,-0.00135741,-0.0013756,-0.00004906,65.5022,59.5135,-0.1071,-1.2654,-0.9641,773.7452,11.8125,53.4271,67.8714,36.1449,52.9264,85.5153,117.5846,144.0113,192.3877,51.6356,0.0,2.720971,3.635002,1.237609,22,55,39,2,0.13378430,-0.00163544,-0.09718793,0E-8,0.000000,0.908572,0.000000,0.11031028,2026-04-01,2026-08-04,48,63,61,126,0.380952,0.787181,0.815653,0.445948,,,,,,,,GLOBAL_BASELINE_NO_ENTITY_RANKING,,,NOT_APPLICABLE_GLOBAL_BASELINE,HF9g-P5,,,,X 全窗基线 · 不参与实体赏罚,3929102,393,A168_HF9F_20260827_0900,2026-08-27 09:00:00
2026-06-30,132888421,2252,0,1152.7637931473,34.9185449101,34.9185449101,0.5416667,25,25,0.50021620400000000,0.500216204000,0.4061299705108864,0.40612997051088645,0.4061299705108864,0E-17,ELIGIBLE,R03b_20260811_FULL_v1,L1_ELIGIBILITY,v2026-08-11,2026-03-21..2026-08-06,baccarat_bet02_101_all_pairs_incl_sentinel,round_win = game_pnl > 0 (decisive only),COMPATIBILITY_ONLY_NOT_PRODUCTION,37139.7689,33744.1709,-60.7398,567,567,0.00163544,0.09718793,-0.01312235,0.00163544,60.7398,37139.7689,OK,0.0000,-1.8222,3.0000,97.0000,AG03-UNRESOLVED,ALL5_LEVELS_bet23_to_bet27,-1.8222,-1.8222,-1.8222,-2.4296,-2.4296,3.000000,3.000000,3.000000,4.000000,4.000000,97.000000,97.000000,97.000000,96.000000,96.000000,5.0,-10.3258,-9.6504,-50.4140,-51.0894,PENDING_AG03,FALSE,NOT_FOR_ENFORCEMENT,-58.9176,32731.8457,-60.7398,-58.9176,-1.8222,-0.00163544,-0.00158637,-1.8222,-58.9176,-0.00158637,-1.8222,-1.8222,-1.8222,-2.4296,-2.4296,-58.9176,-0.00158637,-10.3258,-9.6504,-50.4140,-51.0894,-0.00135741,-0.0013756,-0.00004906,65.5022,59.5135,-0.1071,-1.2654,-0.9641,773.7452,11.8125,53.4271,67.8714,36.1449,52.9264,85.5153,117.5846,144.0113,192.3877,51.6356,0.0,2.720971,3.635002,1.237609,22,55,39,2,0.13378430,-0.00163544,-0.09718793,0E-8,0.000000,0.908572,0.000000,0.11031028,2026-04-01,2026-08-04,48,63,61,126,0.380952,0.787181,0.815653,0.445948,,,,,,,,GLOBAL_BASELINE_NO_ENTITY_RANKING,,,NOT_APPLICABLE_GLOBAL_BASELINE,HF9g-P5,,,,X 全窗基线 · 不参与实体赏罚,3929103,393,A168_HF9F_20260827_0900,2026-08-27 09:00:00
2026-07-01,132888421,1654,0,148.1940464203,41.6440761108,41.6440761108,0.7500000,4,4,0.50329940000000000,0.503299400000,0.9868238854431842,0.9868238854431842,0.9868238854431842,0E-17,ELIGIBLE,R03b_20260811_FULL_v1,L1_ELIGIBILITY,v2026-08-11,2026-03-21..2026-08-06,baccarat_bet02_101_all_pairs_incl_sentinel,round_win = game_pnl > 0 (decisive only),COMPATIBILITY_ONLY_NOT_PRODUCTION,37139.7689,33744.1709,-60.7398,567,567,0.00163544,0.09718793,-0.01312235,0.00163544,60.7398,37139.7689,OK,0.0000,-1.8222,3.0000,97.0000,AG03-UNRESOLVED,ALL5_LEVELS_bet23_to_bet27,-1.8222,-1.8222,-1.8222,-2.4296,-2.4296,3.000000,3.000000,3.000000,4.000000,4.000000,97.000000,97.000000,97.000000,96.000000,96.000000,5.0,-10.3258,-9.6504,-50.4140,-51.0894,PENDING_AG03,FALSE,NOT_FOR_ENFORCEMENT,-58.9176,32731.8457,-60.7398,-58.9176,-1.8222,-0.00163544,-0.00158637,-1.8222,-58.9176,-0.00158637,-1.8222,-1.8222,-1.8222,-2.4296,-2.4296,-58.9176,-0.00158637,-10.3258,-9.6504,-50.4140,-51.0894,-0.00135741,-0.0013756,-0.00004906,65.5022,59.5135,-0.1071,-1.2654,-0.9641,773.7452,11.8125,53.4271,67.8714,36.1449,52.9264,85.5153,117.5846,144.0113,192.3877,51.6356,0.0,2.720971,3.635002,1.237609,22,55,39,2,0.13378430,-0.00163544,-0.09718793,0E-8,0.000000,0.908572,0.000000,0.11031028,2026-04-01,2026-08-04,48,63,61,126,0.380952,0.787181,0.815653,0.445948,,,,,,,,GLOBAL_BASELINE_NO_ENTITY_RANKING,,,NOT_APPLICABLE_GLOBAL_BASELINE,HF9g-P5,,,,X 全窗基线 · 不参与实体赏罚,3929104,393,A168_HF9F_20260827_0900,2026-08-27 09:00:00
2026-07-01,132888421,2108,0,1165.6726822083,-63.7699119612,-63.7699119612,0.5000000,21,21,0.49962892857142857,0.499628928571,0.003148646348468825,0.003148646352105365,0.003148646348468825,4.2857E-13,ELIGIBLE,R03b_20260811_FULL_v1,L1_ELIGIBILITY,v2026-08-11,2026-03-21..2026-08-06,baccarat_bet02_101_all_pairs_incl_sentinel,round_win = game_pnl > 0 (decisive only),COMPATIBILITY_ONLY_NOT_PRODUCTION,37139.7689,33744.1709,-60.7398,567,567,0.00163544,0.09718793,-0.01312235,0.00163544,60.7398,37139.7689,OK,0.0000,-1.8222,3.0000,97.0000,AG03-UNRESOLVED,ALL5_LEVELS_bet23_to_bet27,-1.8222,-1.8222,-1.8222,-2.4296,-2.4296,3.000000,3.000000,3.000000,4.000000,4.000000,97.000000,97.000000,97.000000,96.000000,96.000000,5.0,-10.3258,-9.6504,-50.4140,-51.0894,PENDING_AG03,FALSE,NOT_FOR_ENFORCEMENT,-58.9176,32731.8457,-60.7398,-58.9176,-1.8222,-0.00163544,-0.00158637,-1.8222,-58.9176,-0.00158637,-1.8222,-1.8222,-1.8222,-2.4296,-2.4296,-58.9176,-0.00158637,-10.3258,-9.6504,-50.4140,-51.0894,-0.00135741,-0.0013756,-0.00004906,65.5022,59.5135,-0.1071,-1.2654,-0.9641,773.7452,11.8125,53.4271,67.8714,36.1449,52.9264,85.5153,117.5846,144.0113,192.3877,51.6356,0.0,2.720971,3.635002,1.237609,22,55,39,2,0.13378430,-0.00163544,-0.09718793,0E-8,0.000000,0.908572,0.000000,0.11031028,2026-04-01,2026-08-04,48,63,61,126,0.380952,0.787181,0.815653,0.445948,,,,,,,,GLOBAL_BASELINE_NO_ENTITY_RANKING,,,NOT_APPLICABLE_GLOBAL_BASELINE,HF9g-P5,,,,X 全窗基线 · 不参与实体赏罚,3929105,393,A168_HF9F_20260827_0900,2026-08-27 09:00:00
2026-07-01,132888421,2130,0,172.4627578550,-65.9644231017,-65.9644231017,0.3333333,6,6,0.50218230000000000,0.502182300000,-0.8271955028234007,-0.8271955028234007,-0.8271955028234007,0E-17,ELIGIBLE,R03b_20260811_FULL_v1,L1_ELIGIBILITY,v2026-08-11,2026-03-21..2026-08-06,baccarat_bet02_101_all_pairs_incl_sentinel,round_win = game_pnl > 0 (decisive only),COMPATIBILITY_ONLY_NOT_PRODUCTION,37139.7689,33744.1709,-60.7398,567,567,0.00163544,0.09718793,-0.01312235,0.00163544,60.7398,37139.7689,OK,0.0000,-1.8222,3.0000,97.0000,AG03-UNRESOLVED,ALL5_LEVELS_bet23_to_bet27,-1.8222,-1.8222,-1.8222,-2.4296,-2.4296,3.000000,3.000000,3.000000,4.000000,4.000000,97.000000,97.000000,97.000000,96.000000,96.000000,5.0,-10.3258,-9.6504,-50.4140,-51.0894,PENDING_AG03,FALSE,NOT_FOR_ENFORCEMENT,-58.9176,32731.8457,-60.7398,-58.9176,-1.8222,-0.00163544,-0.00158637,-1.8222,-58.9176,-0.00158637,-1.8222,-1.8222,-1.8222,-2.4296,-2.4296,-58.9176,-0.00158637,-10.3258,-9.6504,-50.4140,-51.0894,-0.00135741,-0.0013756,-0.00004906,65.5022,59.5135,-0.1071,-1.2654,-0.9641,773.7452,11.8125,53.4271,67.8714,36.1449,52.9264,85.5153,117.5846,144.0113,192.3877,51.6356,0.0,2.720971,3.635002,1.237609,22,55,39,2,0.13378430,-0.00163544,-0.09718793,0E-8,0.000000,0.908572,0.000000,0.11031028,2026-04-01,2026-08-04,48,63,61,126,0.380952,0.787181,0.815653,0.445948,,,,,,,,GLOBAL_BASELINE_NO_ENTITY_RANKING,,,NOT_APPLICABLE_GLOBAL_BASELINE,HF9g-P5,,,,X 全窗基线 · 不参与实体赏罚,3929106,393,A168_HF9F_20260827_0900,2026-08-27 09:00:00
2026-07-04,132888421,1384,0,586.0635633696,380.5540495185,380.5540495185,0.7777778,9,9,0.50218230000000000,0.502182300000,1.6535886169526313,1.6535886169526313,1.6535886169526313,0E-17,ELIGIBLE,R03b_20260811_FULL_v1,L1_ELIGIBILITY,v2026-08-11,2026-03-21..2026-08-06,baccarat_bet02_101_all_pairs_incl_sentinel,round_win = game_pnl > 0 (decisive only),COMPATIBILITY_ONLY_NOT_PRODUCTION,37139.7689,33744.1709,-60.7398,567,567,0.00163544,0.09718793,-0.01312235,0.00163544,60.7398,37139.7689,OK,0.0000,-1.8222,3.0000,97.0000,AG03-UNRESOLVED,ALL5_LEVELS_bet23_to_bet27,-1.8222,-1.8222,-1.8222,-2.4296,-2.4296,3.000000,3.000000,3.000000,4.000000,4.000000,97.000000,97.000000,97.000000,96.000000,96.000000,5.0,-10.3258,-9.6504,-50.4140,-51.0894,PENDING_AG03,FALSE,NOT_FOR_ENFORCEMENT,-58.9176,32731.8457,-60.7398,-58.9176,-1.8222,-0.00163544,-0.00158637,-1.8222,-58.9176,-0.00158637,-1.8222,-1.8222,-1.8222,-2.4296,-2.4296,-58.9176,-0.00158637,-10.3258,-9.6504,-50.4140,-51.0894,-0.00135741,-0.0013756,-0.00004906,65.5022,59.5135,-0.1071,-1.2654,-0.9641,773.7452,11.8125,53.4271,67.8714,36.1449,52.9264,85.5153,117.5846,144.0113,192.3877,51.6356,0.0,2.720971,3.635002,1.237609,22,55,39,2,0.13378430,-0.00163544,-0.09718793,0E-8,0.000000,0.908572,0.000000,0.11031028,2026-04-01,2026-08-04,48,63,61,126,0.380952,0.787181,0.815653,0.445948,,,,,,,,GLOBAL_BASELINE_NO_ENTITY_RANKING,,,NOT_APPLICABLE_GLOBAL_BASELINE,HF9g-P5,,,,X 全窗基线 · 不参与实体赏罚,3929107,393,A168_HF9F_20260827_0900,2026-08-27 09:00:00
2026-07-04,132888421,2171,0,64.5444453050,64.5444453050,64.5444453050,1.0000000,1,1,0.49324550000000000,0.493245500000,1.01360149184955,1.01360149184955,1.01360149184955,0E-17,ELIGIBLE,R03b_20260811_FULL_v1,L1_ELIGIBILITY,v2026-08-11,2026-03-21..2026-08-06,baccarat_bet02_101_all_pairs_incl_sentinel,round_win = game_pnl > 0 (decisive only),COMPATIBILITY_ONLY_NOT_PRODUCTION,37139.7689,33744.1709,-60.7398,567,567,0.00163544,0.09718793,-0.01312235,0.00163544,60.7398,37139.7689,OK,0.0000,-1.8222,3.0000,97.0000,AG03-UNRESOLVED,ALL5_LEVELS_bet23_to_bet27,-1.8222,-1.8222,-1.8222,-2.4296,-2.4296,3.000000,3.000000,3.000000,4.000000,4.000000,97.000000,97.000000,97.000000,96.000000,96.000000,5.0,-10.3258,-9.6504,-50.4140,-51.0894,PENDING_AG03,FALSE,NOT_FOR_ENFORCEMENT,-58.9176,32731.8457,-60.7398,-58.9176,-1.8222,-0.00163544,-0.00158637,-1.8222,-58.9176,-0.00158637,-1.8222,-1.8222,-1.8222,-2.4296,-2.4296,-58.9176,-0.00158637,-10.3258,-9.6504,-50.4140,-51.0894,-0.00135741,-0.0013756,-0.00004906,65.5022,59.5135,-0.1071,-1.2654,-0.9641,773.7452,11.8125,53.4271,67.8714,36.1449,52.9264,85.5153,117.5846,144.0113,192.3877,51.6356,0.0,2.720971,3.635002,1.237609,22,55,39,2,0.13378430,-0.00163544,-0.09718793,0E-8,0.000000,0.908572,0.000000,0.11031028,2026-04-01,2026-08-04,48,63,61,126,0.380952,0.787181,0.815653,0.445948,,,,,,,,GLOBAL_BASELINE_NO_ENTITY_RANKING,,,NOT_APPLICABLE_GLOBAL_BASELINE,HF9g-P5,,,,X 全窗基线 · 不参与实体赏罚,3929108,393,A168_HF9F_20260827_0900,2026-08-27 09:00:00
2026-07-05,132888421,-1,1,24.2687114347,-24.2687114347,-24.2687114347,0E-7,1,1,0.50665070000000000,0.506650700000,-1.013391052207602,-1.013391052207602,-1.013391052207602,0E-17,SENTINEL_DEALER,R03b_20260811_FULL_v1,L1_ELIGIBILITY,v2026-08-11,2026-03-21..2026-08-06,baccarat_bet02_101_all_pairs_incl_sentinel,round_win = game_pnl > 0 (decisive only),COMPATIBILITY_ONLY_NOT_PRODUCTION,37139.7689,33744.1709,-60.7398,567,567,0.00163544,0.09718793,-0.01312235,0.00163544,60.7398,37139.7689,OK,0.0000,-1.8222,3.0000,97.0000,AG03-UNRESOLVED,ALL5_LEVELS_bet23_to_bet27,-1.8222,-1.8222,-1.8222,-2.4296,-2.4296,3.000000,3.000000,3.000000,4.000000,4.000000,97.000000,97.000000,97.000000,96.000000,96.000000,5.0,-10.3258,-9.6504,-50.4140,-51.0894,PENDING_AG03,FALSE,NOT_FOR_ENFORCEMENT,-58.9176,32731.8457,-60.7398,-58.9176,-1.8222,-0.00163544,-0.00158637,-1.8222,-58.9176,-0.00158637,-1.8222,-1.8222,-1.8222,-2.4296,-2.4296,-58.9176,-0.00158637,-10.3258,-9.6504,-50.4140,-51.0894,-0.00135741,-0.0013756,-0.00004906,65.5022,59.5135,-0.1071,-1.2654,-0.9641,773.7452,11.8125,53.4271,67.8714,36.1449,52.9264,85.5153,117.5846,144.0113,192.3877,51.6356,0.0,2.720971,3.635002,1.237609,22,55,39,2,0.13378430,-0.00163544,-0.09718793,0E-8,0.000000,0.908572,0.000000,0.11031028,2026-04-01,2026-08-04,48,63,61,126,0.380952,0.787181,0.815653,0.445948,,,,,,,,GLOBAL_BASELINE_NO_ENTITY_RANKING,,,NOT_APPLICABLE_GLOBAL_BASELINE,HF9g-P5,,,,X 全窗基线 · 不参与实体赏罚,3929109,393,A168_HF9F_20260827_0900,2026-08-27 09:00:00
2026-07-07,132888421,2223,0,332.2748044302,119.1877727002,119.1877727002,0.7142857,8,8,0.50329940000000000,0.503299400000,1.1164589431750795,1.1164589431750798,1.1164589431750795,0E-17,ELIGIBLE,R03b_20260811_FULL_v1,L1_ELIGIBILITY,v2026-08-11,2026-03-21..2026-08-06,baccarat_bet02_101_all_pairs_incl_sentinel,round_win = game_pnl > 0 (decisive only),COMPATIBILITY_ONLY_NOT_PRODUCTION,37139.7689,33744.1709,-60.7398,567,567,0.00163544,0.09718793,-0.01312235,0.00163544,60.7398,37139.7689,OK,0.0000,-1.8222,3.0000,97.0000,AG03-UNRESOLVED,ALL5_LEVELS_bet23_to_bet27,-1.8222,-1.8222,-1.8222,-2.4296,-2.4296,3.000000,3.000000,3.000000,4.000000,4.000000,97.000000,97.000000,97.000000,96.000000,96.000000,5.0,-10.3258,-9.6504,-50.4140,-51.0894,PENDING_AG03,FALSE,NOT_FOR_ENFORCEMENT,-58.9176,32731.8457,-60.7398,-58.9176,-1.8222,-0.00163544,-0.00158637,-1.8222,-58.9176,-0.00158637,-1.8222,-1.8222,-1.8222,-2.4296,-2.4296,-58.9176,-0.00158637,-10.3258,-9.6504,-50.4140,-51.0894,-0.00135741,-0.0013756,-0.00004906,65.5022,59.5135,-0.1071,-1.2654,-0.9641,773.7452,11.8125,53.4271,67.8714,36.1449,52.9264,85.5153,117.5846,144.0113,192.3877,51.6356,0.0,2.720971,3.635002,1.237609,22,55,39,2,0.13378430,-0.00163544,-0.09718793,0E-8,0.000000,0.908572,0.000000,0.11031028,2026-04-01,2026-08-04,48,63,61,126,0.380952,0.787181,0.815653,0.445948,,,,,,,,GLOBAL_BASELINE_NO_ENTITY_RANKING,,,NOT_APPLICABLE_GLOBAL_BASELINE,HF9g-P5,,,,X 全窗基线 · 不参与实体赏罚,3929110,393,A168_HF9F_20260827_0900,2026-08-27 09:00:00
2026-07-07,132888421,2251,0,722.3814318536,-153.0090620399,-153.0090620399,0.3846154,15,15,0.50128862000000000,0.501288620000,-0.8413454594897704,-0.8413454594897705,-0.8413454594897704,0E-17,ELIGIBLE,R03b_20260811_FULL_v1,L1_ELIGIBILITY,v2026-08-11,2026-03-21..2026-08-06,baccarat_bet02_101_all_pairs_incl_sentinel,round_win = game_pnl > 0 (decisive only),COMPATIBILITY_ONLY_NOT_PRODUCTION,37139.7689,33744.1709,-60.7398,567,567,0.00163544,0.09718793,-0.01312235,0.00163544,60.7398,37139.7689,OK,0.0000,-1.8222,3.0000,97.0000,AG03-UNRESOLVED,ALL5_LEVELS_bet23_to_bet27,-1.8222,-1.8222,-1.8222,-2.4296,-2.4296,3.000000,3.000000,3.000000,4.000000,4.000000,97.000000,97.000000,97.000000,96.000000,96.000000,5.0,-10.3258,-9.6504,-50.4140,-51.0894,PENDING_AG03,FALSE,NOT_FOR_ENFORCEMENT,-58.9176,32731.8457,-60.7398,-58.9176,-1.8222,-0.00163544,-0.00158637,-1.8222,-58.9176,-0.00158637,-1.8222,-1.8222,-1.8222,-2.4296,-2.4296,-58.9176,-0.00158637,-10.3258,-9.6504,-50.4140,-51.0894,-0.00135741,-0.0013756,-0.00004906,65.5022,59.5135,-0.1071,-1.2654,-0.9641,773.7452,11.8125,53.4271,67.8714,36.1449,52.9264,85.5153,117.5846,144.0113,192.3877,51.6356,0.0,2.720971,3.635002,1.237609,22,55,39,2,0.13378430,-0.00163544,-0.09718793,0E-8,0.000000,0.908572,0.000000,0.11031028,2026-04-01,2026-08-04,48,63,61,126,0.380952,0.787181,0.815653,0.445948,,,,,,,,GLOBAL_BASELINE_NO_ENTITY_RANKING,,,NOT_APPLICABLE_GLOBAL_BASELINE,HF9g-P5,,,,X 全窗基线 · 不参与实体赏罚,3929111,393,A168_HF9F_20260827_0900,2026-08-27 09:00:00
2026-07-09,132888421,-1,1,707.4071205429,311.4914930422,311.4914930422,0.7142857,15,15,0.50218230000000000,0.502182300000,1.5872517320772106,1.5872517320772108,1.5872517320772106,0E-17,SENTINEL_DEALER,R03b_20260811_FULL_v1,L1_ELIGIBILITY,v2026-08-11,2026-03-21..2026-08-06,baccarat_bet02_101_all_pairs_incl_sentinel,round_win = game_pnl > 0 (decisive only),COMPATIBILITY_ONLY_NOT_PRODUCTION,37139.7689,33744.1709,-60.7398,567,567,0.00163544,0.09718793,-0.01312235,0.00163544,60.7398,37139.7689,OK,0.0000,-1.8222,3.0000,97.0000,AG03-UNRESOLVED,ALL5_LEVELS_bet23_to_bet27,-1.8222,-1.8222,-1.8222,-2.4296,-2.4296,3.000000,3.000000,3.000000,4.000000,4.000000,97.000000,97.000000,97.000000,96.000000,96.000000,5.0,-10.3258,-9.6504,-50.4140,-51.0894,PENDING_AG03,FALSE,NOT_FOR_ENFORCEMENT,-58.9176,32731.8457,-60.7398,-58.9176,-1.8222,-0.00163544,-0.00158637,-1.8222,-58.9176,-0.00158637,-1.8222,-1.8222,-1.8222,-2.4296,-2.4296,-58.9176,-0.00158637,-10.3258,-9.6504,-50.4140,-51.0894,-0.00135741,-0.0013756,-0.00004906,65.5022,59.5135,-0.1071,-1.2654,-0.9641,773.7452,11.8125,53.4271,67.8714,36.1449,52.9264,85.5153,117.5846,144.0113,192.3877,51.6356,0.0,2.720971,3.635002,1.237609,22,55,39,2,0.13378430,-0.00163544,-0.09718793,0E-8,0.000000,0.908572,0.000000,0.11031028,2026-04-01,2026-08-04,48,63,61,126,0.380952,0.787181,0.815653,0.445948,,,,,,,,GLOBAL_BASELINE_NO_ENTITY_RANKING,,,NOT_APPLICABLE_GLOBAL_BASELINE,HF9g-P5,,,,X 全窗基线 · 不参与实体赏罚,3929112,393,A168_HF9F_20260827_0900,2026-08-27 09:00:00
2026-07-10,132888421,2289,0,20.9124002788,-20.9124002788,-20.9124002788,0E-7,1,1,0.50665070000000000,0.506650700000,-1.013391052207602,-1.013391052207602,-1.013391052207602,0E-17,ELIGIBLE,R03b_20260811_FULL_v1,L1_ELIGIBILITY,v2026-08-11,2026-03-21..2026-08-06,baccarat_bet02_101_all_pairs_incl_sentinel,round_win = game_pnl > 0 (decisive only),COMPATIBILITY_ONLY_NOT_PRODUCTION,37139.7689,33744.1709,-60.7398,567,567,0.00163544,0.09718793,-0.01312235,0.00163544,60.7398,37139.7689,OK,0.0000,-1.8222,3.0000,97.0000,AG03-UNRESOLVED,ALL5_LEVELS_bet23_to_bet27,-1.8222,-1.8222,-1.8222,-2.4296,-2.4296,3.000000,3.000000,3.000000,4.000000,4.000000,97.000000,97.000000,97.000000,96.000000,96.000000,5.0,-10.3258,-9.6504,-50.4140,-51.0894,PENDING_AG03,FALSE,NOT_FOR_ENFORCEMENT,-58.9176,32731.8457,-60.7398,-58.9176,-1.8222,-0.00163544,-0.00158637,-1.8222,-58.9176,-0.00158637,-1.8222,-1.8222,-1.8222,-2.4296,-2.4296,-58.9176,-0.00158637,-10.3258,-9.6504,-50.4140,-51.0894,-0.00135741,-0.0013756,-0.00004906,65.5022,59.5135,-0.1071,-1.2654,-0.9641,773.7452,11.8125,53.4271,67.8714,36.1449,52.9264,85.5153,117.5846,144.0113,192.3877,51.6356,0.0,2.720971,3.635002,1.237609,22,55,39,2,0.13378430,-0.00163544,-0.09718793,0E-8,0.000000,0.908572,0.000000,0.11031028,2026-04-01,2026-08-04,48,63,61,126,0.380952,0.787181,0.815653,0.445948,,,,,,,,GLOBAL_BASELINE_NO_ENTITY_RANKING,,,NOT_APPLICABLE_GLOBAL_BASELINE,HF9g-P5,,,,X 全窗基线 · 不参与实体赏罚,3929113,393,A168_HF9F_20260827_0900,2026-08-27 09:00:00
2026-07-13,132888421,2141,0,342.3437378978,-113.2496837321,-113.2496837321,0.3000000,10,10,0.50128862000000000,0.501288620000,-1.2730652405066043,-1.2730652405066043,-1.2730652405066043,0E-17,ELIGIBLE,R03b_20260811_FULL_v1,L1_ELIGIBILITY,v2026-08-11,2026-03-21..2026-08-06,baccarat_bet02_101_all_pairs_incl_sentinel,round_win = game_pnl > 0 (decisive only),COMPATIBILITY_ONLY_NOT_PRODUCTION,37139.7689,33744.1709,-60.7398,567,567,0.00163544,0.09718793,-0.01312235,0.00163544,60.7398,37139.7689,OK,0.0000,-1.8222,3.0000,97.0000,AG03-UNRESOLVED,ALL5_LEVELS_bet23_to_bet27,-1.8222,-1.8222,-1.8222,-2.4296,-2.4296,3.000000,3.000000,3.000000,4.000000,4.000000,97.000000,97.000000,97.000000,96.000000,96.000000,5.0,-10.3258,-9.6504,-50.4140,-51.0894,PENDING_AG03,FALSE,NOT_FOR_ENFORCEMENT,-58.9176,32731.8457,-60.7398,-58.9176,-1.8222,-0.00163544,-0.00158637,-1.8222,-58.9176,-0.00158637,-1.8222,-1.8222,-1.8222,-2.4296,-2.4296,-58.9176,-0.00158637,-10.3258,-9.6504,-50.4140,-51.0894,-0.00135741,-0.0013756,-0.00004906,65.5022,59.5135,-0.1071,-1.2654,-0.9641,773.7452,11.8125,53.4271,67.8714,36.1449,52.9264,85.5153,117.5846,144.0113,192.3877,51.6356,0.0,2.720971,3.635002,1.237609,22,55,39,2,0.13378430,-0.00163544,-0.09718793,0E-8,0.000000,0.908572,0.000000,0.11031028,2026-04-01,2026-08-04,48,63,61,126,0.380952,0.787181,0.815653,0.445948,,,,,,,,GLOBAL_BASELINE_NO_ENTITY_RANKING,,,NOT_APPLICABLE_GLOBAL_BASELINE,HF9g-P5,,,,X 全窗基线 · 不参与实体赏罚,3929114,393,A168_HF9F_20260827_0900,2026-08-27 09:00:00
2026-07-16,132888421,1318,0,362.7397826141,69.9661787106,69.9661787106,0.5454545,12,12,0.49994810000000000,0.499948100000,0.30185561185716514,0.30185561185716514,0.30185561185716514,0E-17,ELIGIBLE,R03b_20260811_FULL_v1,L1_ELIGIBILITY,v2026-08-11,2026-03-21..2026-08-06,baccarat_bet02_101_all_pairs_incl_sentinel,round_win = game_pnl > 0 (decisive only),COMPATIBILITY_ONLY_NOT_PRODUCTION,37139.7689,33744.1709,-60.7398,567,567,0.00163544,0.09718793,-0.01312235,0.00163544,60.7398,37139.7689,OK,0.0000,-1.8222,3.0000,97.0000,AG03-UNRESOLVED,ALL5_LEVELS_bet23_to_bet27,-1.8222,-1.8222,-1.8222,-2.4296,-2.4296,3.000000,3.000000,3.000000,4.000000,4.000000,97.000000,97.000000,97.000000,96.000000,96.000000,5.0,-10.3258,-9.6504,-50.4140,-51.0894,PENDING_AG03,FALSE,NOT_FOR_ENFORCEMENT,-58.9176,32731.8457,-60.7398,-58.9176,-1.8222,-0.00163544,-0.00158637,-1.8222,-58.9176,-0.00158637,-1.8222,-1.8222,-1.8222,-2.4296,-2.4296,-58.9176,-0.00158637,-10.3258,-9.6504,-50.4140,-51.0894,-0.00135741,-0.0013756,-0.00004906,65.5022,59.5135,-0.1071,-1.2654,-0.9641,773.7452,11.8125,53.4271,67.8714,36.1449,52.9264,85.5153,117.5846,144.0113,192.3877,51.6356,0.0,2.720971,3.635002,1.237609,22,55,39,2,0.13378430,-0.00163544,-0.09718793,0E-8,0.000000,0.908572,0.000000,0.11031028,2026-04-01,2026-08-04,48,63,61,126,0.380952,0.787181,0.815653,0.445948,,,,,,,,GLOBAL_BASELINE_NO_ENTITY_RANKING,,,NOT_APPLICABLE_GLOBAL_BASELINE,HF9g-P5,,,,X 全窗基线 · 不参与实体赏罚,3929115,393,A168_HF9F_20260827_0900,2026-08-27 09:00:00
2026-07-16,132888421,2145,0,611.6231637103,-77.4533343660,-77.4533343660,0.4545455,11,11,0.49933877272727273,0.499338772727,-0.29712551886763827,-0.29712551886582944,-0.29712551886763827,2.7273E-13,ELIGIBLE,R03b_20260811_FULL_v1,L1_ELIGIBILITY,v2026-08-11,2026-03-21..2026-08-06,baccarat_bet02_101_all_pairs_incl_sentinel,round_win = game_pnl > 0 (decisive only),COMPATIBILITY_ONLY_NOT_PRODUCTION,37139.7689,33744.1709,-60.7398,567,567,0.00163544,0.09718793,-0.01312235,0.00163544,60.7398,37139.7689,OK,0.0000,-1.8222,3.0000,97.0000,AG03-UNRESOLVED,ALL5_LEVELS_bet23_to_bet27,-1.8222,-1.8222,-1.8222,-2.4296,-2.4296,3.000000,3.000000,3.000000,4.000000,4.000000,97.000000,97.000000,97.000000,96.000000,96.000000,5.0,-10.3258,-9.6504,-50.4140,-51.0894,PENDING_AG03,FALSE,NOT_FOR_ENFORCEMENT,-58.9176,32731.8457,-60.7398,-58.9176,-1.8222,-0.00163544,-0.00158637,-1.8222,-58.9176,-0.00158637,-1.8222,-1.8222,-1.8222,-2.4296,-2.4296,-58.9176,-0.00158637,-10.3258,-9.6504,-50.4140,-51.0894,-0.00135741,-0.0013756,-0.00004906,65.5022,59.5135,-0.1071,-1.2654,-0.9641,773.7452,11.8125,53.4271,67.8714,36.1449,52.9264,85.5153,117.5846,144.0113,192.3877,51.6356,0.0,2.720971,3.635002,1.237609,22,55,39,2,0.13378430,-0.00163544,-0.09718793,0E-8,0.000000,0.908572,0.000000,0.11031028,2026-04-01,2026-08-04,48,63,61,126,0.380952,0.787181,0.815653,0.445948,,,,,,,,GLOBAL_BASELINE_NO_ENTITY_RANKING,,,NOT_APPLICABLE_GLOBAL_BASELINE,HF9g-P5,,,,X 全窗基线 · 不参与实体赏罚,3929116,393,A168_HF9F_20260827_0900,2026-08-27 09:00:00
2026-07-17,132888421,1505,0,23.7523558723,-23.7523558723,-23.7523558723,0E-7,1,1,0.49324550000000000,0.493245500000,-0.9865810262130424,-0.9865810262130424,-0.9865810262130424,0E-17,ELIGIBLE,R03b_20260811_FULL_v1,L1_ELIGIBILITY,v2026-08-11,2026-03-21..2026-08-06,baccarat_bet02_101_all_pairs_incl_sentinel,round_win = game_pnl > 0 (decisive only),COMPATIBILITY_ONLY_NOT_PRODUCTION,37139.7689,33744.1709,-60.7398,567,567,0.00163544,0.09718793,-0.01312235,0.00163544,60.7398,37139.7689,OK,0.0000,-1.8222,3.0000,97.0000,AG03-UNRESOLVED,ALL5_LEVELS_bet23_to_bet27,-1.8222,-1.8222,-1.8222,-2.4296,-2.4296,3.000000,3.000000,3.000000,4.000000,4.000000,97.000000,97.000000,97.000000,96.000000,96.000000,5.0,-10.3258,-9.6504,-50.4140,-51.0894,PENDING_AG03,FALSE,NOT_FOR_ENFORCEMENT,-58.9176,32731.8457,-60.7398,-58.9176,-1.8222,-0.00163544,-0.00158637,-1.8222,-58.9176,-0.00158637,-1.8222,-1.8222,-1.8222,-2.4296,-2.4296,-58.9176,-0.00158637,-10.3258,-9.6504,-50.4140,-51.0894,-0.00135741,-0.0013756,-0.00004906,65.5022,59.5135,-0.1071,-1.2654,-0.9641,773.7452,11.8125,53.4271,67.8714,36.1449,52.9264,85.5153,117.5846,144.0113,192.3877,51.6356,0.0,2.720971,3.635002,1.237609,22,55,39,2,0.13378430,-0.00163544,-0.09718793,0E-8,0.000000,0.908572,0.000000,0.11031028,2026-04-01,2026-08-04,48,63,61,126,0.380952,0.787181,0.815653,0.445948,,,,,,,,GLOBAL_BASELINE_NO_ENTITY_RANKING,,,NOT_APPLICABLE_GLOBAL_BASELINE,HF9g-P5,,,,X 全窗基线 · 不参与实体赏罚,3929117,393,A168_HF9F_20260827_0900,2026-08-27 09:00:00
2026-07-20,132888421,-1,1,1913.8718921848,-54.3722407246,-54.3722407246,0.4545455,24,24,0.49994810000000000,0.499948100000,-0.4259145698498467,-0.4259145698498467,-0.4259145698498467,0E-17,SENTINEL_DEALER,R03b_20260811_FULL_v1,L1_ELIGIBILITY,v2026-08-11,2026-03-21..2026-08-06,baccarat_bet02_101_all_pairs_incl_sentinel,round_win = game_pnl > 0 (decisive only),COMPATIBILITY_ONLY_NOT_PRODUCTION,37139.7689,33744.1709,-60.7398,567,567,0.00163544,0.09718793,-0.01312235,0.00163544,60.7398,37139.7689,OK,0.0000,-1.8222,3.0000,97.0000,AG03-UNRESOLVED,ALL5_LEVELS_bet23_to_bet27,-1.8222,-1.8222,-1.8222,-2.4296,-2.4296,3.000000,3.000000,3.000000,4.000000,4.000000,97.000000,97.000000,97.000000,96.000000,96.000000,5.0,-10.3258,-9.6504,-50.4140,-51.0894,PENDING_AG03,FALSE,NOT_FOR_ENFORCEMENT,-58.9176,32731.8457,-60.7398,-58.9176,-1.8222,-0.00163544,-0.00158637,-1.8222,-58.9176,-0.00158637,-1.8222,-1.8222,-1.8222,-2.4296,-2.4296,-58.9176,-0.00158637,-10.3258,-9.6504,-50.4140,-51.0894,-0.00135741,-0.0013756,-0.00004906,65.5022,59.5135,-0.1071,-1.2654,-0.9641,773.7452,11.8125,53.4271,67.8714,36.1449,52.9264,85.5153,117.5846,144.0113,192.3877,51.6356,0.0,2.720971,3.635002,1.237609,22,55,39,2,0.13378430,-0.00163544,-0.09718793,0E-8,0.000000,0.908572,0.000000,0.11031028,2026-04-01,2026-08-04,48,63,61,126,0.380952,0.787181,0.815653,0.445948,,,,,,,,GLOBAL_BASELINE_NO_ENTITY_RANKING,,,NOT_APPLICABLE_GLOBAL_BASELINE,HF9g-P5,,,,X 全窗基线 · 不参与实体赏罚,3929118,393,A168_HF9F_20260827_0900,2026-08-27 09:00:00
2026-07-21,132888421,1331,0,14.4579557483,-14.4579557483,-14.4579557483,0E-7,1,1,0.49324550000000000,0.493245500000,-0.9865810262130424,-0.9865810262130424,-0.9865810262130424,0E-17,ELIGIBLE,R03b_20260811_FULL_v1,L1_ELIGIBILITY,v2026-08-11,2026-03-21..2026-08-06,baccarat_bet02_101_all_pairs_incl_sentinel,round_win = game_pnl > 0 (decisive only),COMPATIBILITY_ONLY_NOT_PRODUCTION,37139.7689,33744.1709,-60.7398,567,567,0.00163544,0.09718793,-0.01312235,0.00163544,60.7398,37139.7689,OK,0.0000,-1.8222,3.0000,97.0000,AG03-UNRESOLVED,ALL5_LEVELS_bet23_to_bet27,-1.8222,-1.8222,-1.8222,-2.4296,-2.4296,3.000000,3.000000,3.000000,4.000000,4.000000,97.000000,97.000000,97.000000,96.000000,96.000000,5.0,-10.3258,-9.6504,-50.4140,-51.0894,PENDING_AG03,FALSE,NOT_FOR_ENFORCEMENT,-58.9176,32731.8457,-60.7398,-58.9176,-1.8222,-0.00163544,-0.00158637,-1.8222,-58.9176,-0.00158637,-1.8222,-1.8222,-1.8222,-2.4296,-2.4296,-58.9176,-0.00158637,-10.3258,-9.6504,-50.4140,-51.0894,-0.00135741,-0.0013756,-0.00004906,65.5022,59.5135,-0.1071,-1.2654,-0.9641,773.7452,11.8125,53.4271,67.8714,36.1449,52.9264,85.5153,117.5846,144.0113,192.3877,51.6356,0.0,2.720971,3.635002,1.237609,22,55,39,2,0.13378430,-0.00163544,-0.09718793,0E-8,0.000000,0.908572,0.000000,0.11031028,2026-04-01,2026-08-04,48,63,61,126,0.380952,0.787181,0.815653,0.445948,,,,,,,,GLOBAL_BASELINE_NO_ENTITY_RANKING,,,NOT_APPLICABLE_GLOBAL_BASELINE,HF9g-P5,,,,X 全窗基线 · 不参与实体赏罚,3929119,393,A168_HF9F_20260827_0900,2026-08-27 09:00:00
2026-07-27,132888421,2103,0,668.6804533599,502.1557844730,502.1557844730,0.8888889,10,10,0.49726706000000000,0.497267060000,2.349766074218042,2.349766074218042,2.349766074218042,0E-17,ELIGIBLE,R03b_20260811_FULL_v1,L1_ELIGIBILITY,v2026-08-11,2026-03-21..2026-08-06,baccarat_bet02_101_all_pairs_incl_sentinel,round_win = game_pnl > 0 (decisive only),COMPATIBILITY_ONLY_NOT_PRODUCTION,37139.7689,33744.1709,-60.7398,567,567,0.00163544,0.09718793,-0.01312235,0.00163544,60.7398,37139.7689,OK,0.0000,-1.8222,3.0000,97.0000,AG03-UNRESOLVED,ALL5_LEVELS_bet23_to_bet27,-1.8222,-1.8222,-1.8222,-2.4296,-2.4296,3.000000,3.000000,3.000000,4.000000,4.000000,97.000000,97.000000,97.000000,96.000000,96.000000,5.0,-10.3258,-9.6504,-50.4140,-51.0894,PENDING_AG03,FALSE,NOT_FOR_ENFORCEMENT,-58.9176,32731.8457,-60.7398,-58.9176,-1.8222,-0.00163544,-0.00158637,-1.8222,-58.9176,-0.00158637,-1.8222,-1.8222,-1.8222,-2.4296,-2.4296,-58.9176,-0.00158637,-10.3258,-9.6504,-50.4140,-51.0894,-0.00135741,-0.0013756,-0.00004906,65.5022,59.5135,-0.1071,-1.2654,-0.9641,773.7452,11.8125,53.4271,67.8714,36.1449,52.9264,85.5153,117.5846,144.0113,192.3877,51.6356,0.0,2.720971,3.635002,1.237609,22,55,39,2,0.13378430,-0.00163544,-0.09718793,0E-8,0.000000,0.908572,0.000000,0.11031028,2026-04-01,2026-08-04,48,63,61,126,0.380952,0.787181,0.815653,0.445948,,,,,,,,GLOBAL_BASELINE_NO_ENTITY_RANKING,,,NOT_APPLICABLE_GLOBAL_BASELINE,HF9g-P5,,,,X 全窗基线 · 不参与实体赏罚,3929120,393,A168_HF9F_20260827_0900,2026-08-27 09:00:00
2026-07-27,132888421,2106,0,18.3306224666,-18.3306224666,-18.3306224666,0E-7,1,1,0.50665070000000000,0.506650700000,-1.013391052207602,-1.013391052207602,-1.013391052207602,0E-17,ELIGIBLE,R03b_20260811_FULL_v1,L1_ELIGIBILITY,v2026-08-11,2026-03-21..2026-08-06,baccarat_bet02_101_all_pairs_incl_sentinel,round_win = game_pnl > 0 (decisive only),COMPATIBILITY_ONLY_NOT_PRODUCTION,37139.7689,33744.1709,-60.7398,567,567,0.00163544,0.09718793,-0.01312235,0.00163544,60.7398,37139.7689,OK,0.0000,-1.8222,3.0000,97.0000,AG03-UNRESOLVED,ALL5_LEVELS_bet23_to_bet27,-1.8222,-1.8222,-1.8222,-2.4296,-2.4296,3.000000,3.000000,3.000000,4.000000,4.000000,97.000000,97.000000,97.000000,96.000000,96.000000,5.0,-10.3258,-9.6504,-50.4140,-51.0894,PENDING_AG03,FALSE,NOT_FOR_ENFORCEMENT,-58.9176,32731.8457,-60.7398,-58.9176,-1.8222,-0.00163544,-0.00158637,-1.8222,-58.9176,-0.00158637,-1.8222,-1.8222,-1.8222,-2.4296,-2.4296,-58.9176,-0.00158637,-10.3258,-9.6504,-50.4140,-51.0894,-0.00135741,-0.0013756,-0.00004906,65.5022,59.5135,-0.1071,-1.2654,-0.9641,773.7452,11.8125,53.4271,67.8714,36.1449,52.9264,85.5153,117.5846,144.0113,192.3877,51.6356,0.0,2.720971,3.635002,1.237609,22,55,39,2,0.13378430,-0.00163544,-0.09718793,0E-8,0.000000,0.908572,0.000000,0.11031028,2026-04-01,2026-08-04,48,63,61,126,0.380952,0.787181,0.815653,0.445948,,,,,,,,GLOBAL_BASELINE_NO_ENTITY_RANKING,,,NOT_APPLICABLE_GLOBAL_BASELINE,HF9g-P5,,,,X 全窗基线 · 不参与实体赏罚,3929121,393,A168_HF9F_20260827_0900,2026-08-27 09:00:00
2026-07-27,132888421,2223,0,201.3786693516,5.0344667338,5.0344667338,0.6000000,5,5,0.50396966000000000,0.503969660000,0.4294742719815242,0.4294742719815242,0.4294742719815242,0E-17,ELIGIBLE,R03b_20260811_FULL_v1,L1_ELIGIBILITY,v2026-08-11,2026-03-21..2026-08-06,baccarat_bet02_101_all_pairs_incl_sentinel,round_win = game_pnl > 0 (decisive only),COMPATIBILITY_ONLY_NOT_PRODUCTION,37139.7689,33744.1709,-60.7398,567,567,0.00163544,0.09718793,-0.01312235,0.00163544,60.7398,37139.7689,OK,0.0000,-1.8222,3.0000,97.0000,AG03-UNRESOLVED,ALL5_LEVELS_bet23_to_bet27,-1.8222,-1.8222,-1.8222,-2.4296,-2.4296,3.000000,3.000000,3.000000,4.000000,4.000000,97.000000,97.000000,97.000000,96.000000,96.000000,5.0,-10.3258,-9.6504,-50.4140,-51.0894,PENDING_AG03,FALSE,NOT_FOR_ENFORCEMENT,-58.9176,32731.8457,-60.7398,-58.9176,-1.8222,-0.00163544,-0.00158637,-1.8222,-58.9176,-0.00158637,-1.8222,-1.8222,-1.8222,-2.4296,-2.4296,-58.9176,-0.00158637,-10.3258,-9.6504,-50.4140,-51.0894,-0.00135741,-0.0013756,-0.00004906,65.5022,59.5135,-0.1071,-1.2654,-0.9641,773.7452,11.8125,53.4271,67.8714,36.1449,52.9264,85.5153,117.5846,144.0113,192.3877,51.6356,0.0,2.720971,3.635002,1.237609,22,55,39,2,0.13378430,-0.00163544,-0.09718793,0E-8,0.000000,0.908572,0.000000,0.11031028,2026-04-01,2026-08-04,48,63,61,126,0.380952,0.787181,0.815653,0.445948,,,,,,,,GLOBAL_BASELINE_NO_ENTITY_RANKING,,,NOT_APPLICABLE_GLOBAL_BASELINE,HF9g-P5,,,,X 全窗基线 · 不参与实体赏罚,3929122,393,A168_HF9F_20260827_0900,2026-08-27 09:00:00
2026-07-31,132888421,2167,0,77.8260087843,-77.8260087843,-77.8260087843,0E-7,1,1,0.50665070000000000,0.506650700000,-1.013391052207602,-1.013391052207602,-1.013391052207602,0E-17,ELIGIBLE,R03b_20260811_FULL_v1,L1_ELIGIBILITY,v2026-08-11,2026-03-21..2026-08-06,baccarat_bet02_101_all_pairs_incl_sentinel,round_win = game_pnl > 0 (decisive only),COMPATIBILITY_ONLY_NOT_PRODUCTION,37139.7689,33744.1709,-60.7398,567,567,0.00163544,0.09718793,-0.01312235,0.00163544,60.7398,37139.7689,OK,0.0000,-1.8222,3.0000,97.0000,AG03-UNRESOLVED,ALL5_LEVELS_bet23_to_bet27,-1.8222,-1.8222,-1.8222,-2.4296,-2.4296,3.000000,3.000000,3.000000,4.000000,4.000000,97.000000,97.000000,97.000000,96.000000,96.000000,5.0,-10.3258,-9.6504,-50.4140,-51.0894,PENDING_AG03,FALSE,NOT_FOR_ENFORCEMENT,-58.9176,32731.8457,-60.7398,-58.9176,-1.8222,-0.00163544,-0.00158637,-1.8222,-58.9176,-0.00158637,-1.8222,-1.8222,-1.8222,-2.4296,-2.4296,-58.9176,-0.00158637,-10.3258,-9.6504,-50.4140,-51.0894,-0.00135741,-0.0013756,-0.00004906,65.5022,59.5135,-0.1071,-1.2654,-0.9641,773.7452,11.8125,53.4271,67.8714,36.1449,52.9264,85.5153,117.5846,144.0113,192.3877,51.6356,0.0,2.720971,3.635002,1.237609,22,55,39,2,0.13378430,-0.00163544,-0.09718793,0E-8,0.000000,0.908572,0.000000,0.11031028,2026-04-01,2026-08-04,48,63,61,126,0.380952,0.787181,0.815653,0.445948,,,,,,,,GLOBAL_BASELINE_NO_ENTITY_RANKING,,,NOT_APPLICABLE_GLOBAL_BASELINE,HF9g-P5,,,,X 全窗基线 · 不参与实体赏罚,3929123,393,A168_HF9F_20260827_0900,2026-08-27 09:00:00
2026-08-04,132888421,1307,0,5.3938817969,-5.3938817969,-5.3938817969,0E-7,1,1,0.50665070000000000,0.506650700000,-1.013391052207602,-1.013391052207602,-1.013391052207602,0E-17,ELIGIBLE,R03b_20260811_FULL_v1,L1_ELIGIBILITY,v2026-08-11,2026-03-21..2026-08-06,baccarat_bet02_101_all_pairs_incl_sentinel,round_win = game_pnl > 0 (decisive only),COMPATIBILITY_ONLY_NOT_PRODUCTION,37139.7689,33744.1709,-60.7398,567,567,0.00163544,0.09718793,-0.01312235,0.00163544,60.7398,37139.7689,OK,0.0000,-1.8222,3.0000,97.0000,AG03-UNRESOLVED,ALL5_LEVELS_bet23_to_bet27,-1.8222,-1.8222,-1.8222,-2.4296,-2.4296,3.000000,3.000000,3.000000,4.000000,4.000000,97.000000,97.000000,97.000000,96.000000,96.000000,5.0,-10.3258,-9.6504,-50.4140,-51.0894,PENDING_AG03,FALSE,NOT_FOR_ENFORCEMENT,-58.9176,32731.8457,-60.7398,-58.9176,-1.8222,-0.00163544,-0.00158637,-1.8222,-58.9176,-0.00158637,-1.8222,-1.8222,-1.8222,-2.4296,-2.4296,-58.9176,-0.00158637,-10.3258,-9.6504,-50.4140,-51.0894,-0.00135741,-0.0013756,-0.00004906,65.5022,59.5135,-0.1071,-1.2654,-0.9641,773.7452,11.8125,53.4271,67.8714,36.1449,52.9264,85.5153,117.5846,144.0113,192.3877,51.6356,0.0,2.720971,3.635002,1.237609,22,55,39,2,0.13378430,-0.00163544,-0.09718793,0E-8,0.000000,0.908572,0.000000,0.11031028,2026-04-01,2026-08-04,48,63,61,126,0.380952,0.787181,0.815653,0.445948,,,,,,,,GLOBAL_BASELINE_NO_ENTITY_RANKING,,,NOT_APPLICABLE_GLOBAL_BASELINE,HF9g-P5,,,,X 全窗基线 · 不参与实体赏罚,3929124,393,A168_HF9F_20260827_0900,2026-08-27 09:00:00
2026-05-13,98995202,-1,1,18.1620050854,-18.1620050854,-18.1620050854,0E-7,3,3,0.50218230000000000,0.502182300000,-1.7396270863184011,-1.7396270863184016,-1.7396270863184011,0E-17,SENTINEL_DEALER,R03b_20260811_FULL_v1,L1_ELIGIBILITY,v2026-08-11,2026-03-21..2026-08-06,baccarat_bet02_101_all_pairs_incl_sentinel,round_win = game_pnl > 0 (decisive only),COMPATIBILITY_ONLY_NOT_PRODUCTION,1391.7371,1285.6819,-61.3682,255,255,0.04409469,,0.04409469,0.04409469,61.3682,1391.7371,OK,0.0000,-2.4547,4.0000,96.0000,AG03-UNRESOLVED,ALL5_LEVELS_bet23_to_bet27,-2.4547,-2.4547,-2.4547,-3.0684,-3.0684,4.000000,4.000000,4.000000,5.000000,5.000000,96.000000,96.000000,96.000000,95.000000,95.000000,5.0,-13.5010,-12.3673,-47.8672,-49.0009,PENDING_AG03,FALSE,NOT_FOR_ENFORCEMENT,-58.9135,1234.2546,-61.3682,-58.9135,-2.4547,-0.04409469,-0.04233091,-2.4547,-58.9135,-0.04233091,-2.4547,-2.4547,-2.4547,-3.0684,-3.0684,-58.9135,-0.04233091,-13.5010,-12.3673,-47.8672,-49.0009,-0.03439386,-0.03520848,-0.00176379,5.4578,5.0419,-0.2407,-12.2736,-0.6327,278.3474,51.0000,,5.4578,5.1431,5.1891,5.1891,7.7837,7.7837,7.7837,5.1891,0.0,1.5,1.5,1.051771,21,76,8,2,0E-8,-0.04409469,,0E-8,0.000000,0.923797,0.000000,,2026-05-13,2026-06-17,5,97,56,36,0.138889,,,0.000000,,,,,,,,GLOBAL_BASELINE_NO_ENTITY_RANKING,,,NOT_APPLICABLE_GLOBAL_BASELINE,HF9g-P5,,,,X 全窗基线 · 不参与实体赏罚,3929125,393,A168_HF9F_20260827_0900,2026-08-27 09:00:00
2026-05-13,98995202,1109,0,3.8918582326,0E-10,0E-10,,1,1,0.50665070000000000,0.506650700000,,,,0E-17,NO_DECISIVE_ROUND,R03b_20260811_FULL_v1,L1_ELIGIBILITY,v2026-08-11,2026-03-21..2026-08-06,baccarat_bet02_101_all_pairs_incl_sentinel,round_win = game_pnl > 0 (decisive only),COMPATIBILITY_ONLY_NOT_PRODUCTION,1391.7371,1285.6819,-61.3682,255,255,0.04409469,,0.04409469,0.04409469,61.3682,1391.7371,OK,0.0000,-2.4547,4.0000,96.0000,AG03-UNRESOLVED,ALL5_LEVELS_bet23_to_bet27,-2.4547,-2.4547,-2.4547,-3.0684,-3.0684,4.000000,4.000000,4.000000,5.000000,5.000000,96.000000,96.000000,96.000000,95.000000,95.000000,5.0,-13.5010,-12.3673,-47.8672,-49.0009,PENDING_AG03,FALSE,NOT_FOR_ENFORCEMENT,-58.9135,1234.2546,-61.3682,-58.9135,-2.4547,-0.04409469,-0.04233091,-2.4547,-58.9135,-0.04233091,-2.4547,-2.4547,-2.4547,-3.0684,-3.0684,-58.9135,-0.04233091,-13.5010,-12.3673,-47.8672,-49.0009,-0.03439386,-0.03520848,-0.00176379,5.4578,5.0419,-0.2407,-12.2736,-0.6327,278.3474,51.0000,,5.4578,5.1431,5.1891,5.1891,7.7837,7.7837,7.7837,5.1891,0.0,1.5,1.5,1.051771,21,76,8,2,0E-8,-0.04409469,,0E-8,0.000000,0.923797,0.000000,,2026-05-13,2026-06-17,5,97,56,36,0.138889,,,0.000000,,,,,,,,GLOBAL_BASELINE_NO_ENTITY_RANKING,,,NOT_APPLICABLE_GLOBAL_BASELINE,HF9g-P5,,,,X 全窗基线 · 不参与实体赏罚,3929126,393,A168_HF9F_20260827_0900,2026-08-27 09:00:00
2026-05-13,98995202,1210,0,10.3782886202,10.3782886202,10.3782886202,1.0000000,2,2,0.49324550000000000,0.493245500000,1.4334489766152358,1.4334489766152358,1.4334489766152358,0E-17,ELIGIBLE,R03b_20260811_FULL_v1,L1_ELIGIBILITY,v2026-08-11,2026-03-21..2026-08-06,baccarat_bet02_101_all_pairs_incl_sentinel,round_win = game_pnl > 0 (decisive only),COMPATIBILITY_ONLY_NOT_PRODUCTION,1391.7371,1285.6819,-61.3682,255,255,0.04409469,,0.04409469,0.04409469,61.3682,1391.7371,OK,0.0000,-2.4547,4.0000,96.0000,AG03-UNRESOLVED,ALL5_LEVELS_bet23_to_bet27,-2.4547,-2.4547,-2.4547,-3.0684,-3.0684,4.000000,4.000000,4.000000,5.000000,5.000000,96.000000,96.000000,96.000000,95.000000,95.000000,5.0,-13.5010,-12.3673,-47.8672,-49.0009,PENDING_AG03,FALSE,NOT_FOR_ENFORCEMENT,-58.9135,1234.2546,-61.3682,-58.9135,-2.4547,-0.04409469,-0.04233091,-2.4547,-58.9135,-0.04233091,-2.4547,-2.4547,-2.4547,-3.0684,-3.0684,-58.9135,-0.04233091,-13.5010,-12.3673,-47.8672,-49.0009,-0.03439386,-0.03520848,-0.00176379,5.4578,5.0419,-0.2407,-12.2736,-0.6327,278.3474,51.0000,,5.4578,5.1431,5.1891,5.1891,7.7837,7.7837,7.7837,5.1891,0.0,1.5,1.5,1.051771,21,76,8,2,0E-8,-0.04409469,,0E-8,0.000000,0.923797,0.000000,,2026-05-13,2026-06-17,5,97,56,36,0.138889,,,0.000000,,,,,,,,GLOBAL_BASELINE_NO_ENTITY_RANKING,,,NOT_APPLICABLE_GLOBAL_BASELINE,HF9g-P5,,,,X 全窗基线 · 不参与实体赏罚,3929127,393,A168_HF9F_20260827_0900,2026-08-27 09:00:00
2026-05-13,98995202,1221,0,20.7565772404,10.1188314047,10.1188314047,0.7500000,4,4,0.49994810000000000,0.499948100000,1.0002076053883384,1.0002076053883384,1.0002076053883384,0E-17,ELIGIBLE,R03b_20260811_FULL_v1,L1_ELIGIBILITY,v2026-08-11,2026-03-21..2026-08-06,baccarat_bet02_101_all_pairs_incl_sentinel,round_win = game_pnl > 0 (decisive only),COMPATIBILITY_ONLY_NOT_PRODUCTION,1391.7371,1285.6819,-61.3682,255,255,0.04409469,,0.04409469,0.04409469,61.3682,1391.7371,OK,0.0000,-2.4547,4.0000,96.0000,AG03-UNRESOLVED,ALL5_LEVELS_bet23_to_bet27,-2.4547,-2.4547,-2.4547,-3.0684,-3.0684,4.000000,4.000000,4.000000,5.000000,5.000000,96.000000,96.000000,96.000000,95.000000,95.000000,5.0,-13.5010,-12.3673,-47.8672,-49.0009,PENDING_AG03,FALSE,NOT_FOR_ENFORCEMENT,-58.9135,1234.2546,-61.3682,-58.9135,-2.4547,-0.04409469,-0.04233091,-2.4547,-58.9135,-0.04233091,-2.4547,-2.4547,-2.4547,-3.0684,-3.0684,-58.9135,-0.04233091,-13.5010,-12.3673,-47.8672,-49.0009,-0.03439386,-0.03520848,-0.00176379,5.4578,5.0419,-0.2407,-12.2736,-0.6327,278.3474,51.0000,,5.4578,5.1431,5.1891,5.1891,7.7837,7.7837,7.7837,5.1891,0.0,1.5,1.5,1.051771,21,76,8,2,0E-8,-0.04409469,,0E-8,0.000000,0.923797,0.000000,,2026-05-13,2026-06-17,5,97,56,36,0.138889,,,0.000000,,,,,,,,GLOBAL_BASELINE_NO_ENTITY_RANKING,,,NOT_APPLICABLE_GLOBAL_BASELINE,HF9g-P5,,,,X 全窗基线 · 不参与实体赏罚,3929128,393,A168_HF9F_20260827_0900,2026-08-27 09:00:00
2026-05-13,98995202,1302,0,3.8918582326,3.6972653209,3.6972653209,1.0000000,1,1,0.50665070000000000,0.506650700000,0.9867858985152569,0.9867858985152569,0.9867858985152569,0E-17,ELIGIBLE,R03b_20260811_FULL_v1,L1_ELIGIBILITY,v2026-08-11,2026-03-21..2026-08-06,baccarat_bet02_101_all_pairs_incl_sentinel,round_win = game_pnl > 0 (decisive only),COMPATIBILITY_ONLY_NOT_PRODUCTION,1391.7371,1285.6819,-61.3682,255,255,0.04409469,,0.04409469,0.04409469,61.3682,1391.7371,OK,0.0000,-2.4547,4.0000,96.0000,AG03-UNRESOLVED,ALL5_LEVELS_bet23_to_bet27,-2.4547,-2.4547,-2.4547,-3.0684,-3.0684,4.000000,4.000000,4.000000,5.000000,5.000000,96.000000,96.000000,96.000000,95.000000,95.000000,5.0,-13.5010,-12.3673,-47.8672,-49.0009,PENDING_AG03,FALSE,NOT_FOR_ENFORCEMENT,-58.9135,1234.2546,-61.3682,-58.9135,-2.4547,-0.04409469,-0.04233091,-2.4547,-58.9135,-0.04233091,-2.4547,-2.4547,-2.4547,-3.0684,-3.0684,-58.9135,-0.04233091,-13.5010,-12.3673,-47.8672,-49.0009,-0.03439386,-0.03520848,-0.00176379,5.4578,5.0419,-0.2407,-12.2736,-0.6327,278.3474,51.0000,,5.4578,5.1431,5.1891,5.1891,7.7837,7.7837,7.7837,5.1891,0.0,1.5,1.5,1.051771,21,76,8,2,0E-8,-0.04409469,,0E-8,0.000000,0.923797,0.000000,,2026-05-13,2026-06-17,5,97,56,36,0.138889,,,0.000000,,,,,,,,GLOBAL_BASELINE_NO_ENTITY_RANKING,,,NOT_APPLICABLE_GLOBAL_BASELINE,HF9g-P5,,,,X 全窗基线 · 不参与实体赏罚,3929129,393,A168_HF9F_20260827_0900,2026-08-27 09:00:00
2026-05-13,98995202,1318,0,7.7837164652,3.6972653209,3.6972653209,1.0000000,2,2,0.50665070000000000,0.506650700000,0.9867858985152569,0.9867858985152569,0.9867858985152569,0E-17,ELIGIBLE,R03b_20260811_FULL_v1,L1_ELIGIBILITY,v2026-08-11,2026-03-21..2026-08-06,baccarat_bet02_101_all_pairs_incl_sentinel,round_win = game_pnl > 0 (decisive only),COMPATIBILITY_ONLY_NOT_PRODUCTION,1391.7371,1285.6819,-61.3682,255,255,0.04409469,,0.04409469,0.04409469,61.3682,1391.7371,OK,0.0000,-2.4547,4.0000,96.0000,AG03-UNRESOLVED,ALL5_LEVELS_bet23_to_bet27,-2.4547,-2.4547,-2.4547,-3.0684,-3.0684,4.000000,4.000000,4.000000,5.000000,5.000000,96.000000,96.000000,96.000000,95.000000,95.000000,5.0,-13.5010,-12.3673,-47.8672,-49.0009,PENDING_AG03,FALSE,NOT_FOR_ENFORCEMENT,-58.9135,1234.2546,-61.3682,-58.9135,-2.4547,-0.04409469,-0.04233091,-2.4547,-58.9135,-0.04233091,-2.4547,-2.4547,-2.4547,-3.0684,-3.0684,-58.9135,-0.04233091,-13.5010,-12.3673,-47.8672,-49.0009,-0.03439386,-0.03520848,-0.00176379,5.4578,5.0419,-0.2407,-12.2736,-0.6327,278.3474,51.0000,,5.4578,5.1431,5.1891,5.1891,7.7837,7.7837,7.7837,5.1891,0.0,1.5,1.5,1.051771,21,76,8,2,0E-8,-0.04409469,,0E-8,0.000000,0.923797,0.000000,,2026-05-13,2026-06-17,5,97,56,36,0.138889,,,0.000000,,,,,,,,GLOBAL_BASELINE_NO_ENTITY_RANKING,,,NOT_APPLICABLE_GLOBAL_BASELINE,HF9g-P5,,,,X 全窗基线 · 不参与实体赏罚,3929130,393,A168_HF9F_20260827_0900,2026-08-27 09:00:00
2026-05-13,98995202,1400,0,5.1891443101,-5.1891443101,-5.1891443101,0E-7,1,1,0.50665070000000000,0.506650700000,-1.013391052207602,-1.013391052207602,-1.013391052207602,0E-17,ELIGIBLE,R03b_20260811_FULL_v1,L1_ELIGIBILITY,v2026-08-11,2026-03-21..2026-08-06,baccarat_bet02_101_all_pairs_incl_sentinel,round_win = game_pnl > 0 (decisive only),COMPATIBILITY_ONLY_NOT_PRODUCTION,1391.7371,1285.6819,-61.3682,255,255,0.04409469,,0.04409469,0.04409469,61.3682,1391.7371,OK,0.0000,-2.4547,4.0000,96.0000,AG03-UNRESOLVED,ALL5_LEVELS_bet23_to_bet27,-2.4547,-2.4547,-2.4547,-3.0684,-3.0684,4.000000,4.000000,4.000000,5.000000,5.000000,96.000000,96.000000,96.000000,95.000000,95.000000,5.0,-13.5010,-12.3673,-47.8672,-49.0009,PENDING_AG03,FALSE,NOT_FOR_ENFORCEMENT,-58.9135,1234.2546,-61.3682,-58.9135,-2.4547,-0.04409469,-0.04233091,-2.4547,-58.9135,-0.04233091,-2.4547,-2.4547,-2.4547,-3.0684,-3.0684,-58.9135,-0.04233091,-13.5010,-12.3673,-47.8672,-49.0009,-0.03439386,-0.03520848,-0.00176379,5.4578,5.0419,-0.2407,-12.2736,-0.6327,278.3474,51.0000,,5.4578,5.1431,5.1891,5.1891,7.7837,7.7837,7.7837,5.1891,0.0,1.5,1.5,1.051771,21,76,8,2,0E-8,-0.04409469,,0E-8,0.000000,0.923797,0.000000,,2026-05-13,2026-06-17,5,97,56,36,0.138889,,,0.000000,,,,,,,,GLOBAL_BASELINE_NO_ENTITY_RANKING,,,NOT_APPLICABLE_GLOBAL_BASELINE,HF9g-P5,,,,X 全窗基线 · 不参与实体赏罚,3929131,393,A168_HF9F_20260827_0900,2026-08-27 09:00:00
2026-05-13,98995202,1507,0,10.3782886202,0E-10,0E-10,0.5000000,2,2,0.49324550000000000,0.493245500000,0.01910635448239258,0.01910635448239258,0.01910635448239258,0E-17,ELIGIBLE,R03b_20260811_FULL_v1,L1_ELIGIBILITY,v2026-08-11,2026-03-21..2026-08-06,baccarat_bet02_101_all_pairs_incl_sentinel,round_win = game_pnl > 0 (decisive only),COMPATIBILITY_ONLY_NOT_PRODUCTION,1391.7371,1285.6819,-61.3682,255,255,0.04409469,,0.04409469,0.04409469,61.3682,1391.7371,OK,0.0000,-2.4547,4.0000,96.0000,AG03-UNRESOLVED,ALL5_LEVELS_bet23_to_bet27,-2.4547,-2.4547,-2.4547,-3.0684,-3.0684,4.000000,4.000000,4.000000,5.000000,5.000000,96.000000,96.000000,96.000000,95.000000,95.000000,5.0,-13.5010,-12.3673,-47.8672,-49.0009,PENDING_AG03,FALSE,NOT_FOR_ENFORCEMENT,-58.9135,1234.2546,-61.3682,-58.9135,-2.4547,-0.04409469,-0.04233091,-2.4547,-58.9135,-0.04233091,-2.4547,-2.4547,-2.4547,-3.0684,-3.0684,-58.9135,-0.04233091,-13.5010,-12.3673,-47.8672,-49.0009,-0.03439386,-0.03520848,-0.00176379,5.4578,5.0419,-0.2407,-12.2736,-0.6327,278.3474,51.0000,,5.4578,5.1431,5.1891,5.1891,7.7837,7.7837,7.7837,5.1891,0.0,1.5,1.5,1.051771,21,76,8,2,0E-8,-0.04409469,,0E-8,0.000000,0.923797,0.000000,,2026-05-13,2026-06-17,5,97,56,36,0.138889,,,0.000000,,,,,,,,GLOBAL_BASELINE_NO_ENTITY_RANKING,,,NOT_APPLICABLE_GLOBAL_BASELINE,HF9g-P5,,,,X 全窗基线 · 不参与实体赏罚,3929132,393,A168_HF9F_20260827_0900,2026-08-27 09:00:00
2026-05-13,98995202,1935,0,5.7080587411,5.7080587411,5.7080587411,1.0000000,1,1,0.49324550000000000,0.493245500000,1.01360149184955,1.01360149184955,1.01360149184955,0E-17,ELIGIBLE,R03b_20260811_FULL_v1,L1_ELIGIBILITY,v2026-08-11,2026-03-21..2026-08-06,baccarat_bet02_101_all_pairs_incl_sentinel,round_win = game_pnl > 0 (decisive only),COMPATIBILITY_ONLY_NOT_PRODUCTION,1391.7371,1285.6819,-61.3682,255,255,0.04409469,,0.04409469,0.04409469,61.3682,1391.7371,OK,0.0000,-2.4547,4.0000,96.0000,AG03-UNRESOLVED,ALL5_LEVELS_bet23_to_bet27,-2.4547,-2.4547,-2.4547,-3.0684,-3.0684,4.000000,4.000000,4.000000,5.000000,5.000000,96.000000,96.000000,96.000000,95.000000,95.000000,5.0,-13.5010,-12.3673,-47.8672,-49.0009,PENDING_AG03,FALSE,NOT_FOR_ENFORCEMENT,-58.9135,1234.2546,-61.3682,-58.9135,-2.4547,-0.04409469,-0.04233091,-2.4547,-58.9135,-0.04233091,-2.4547,-2.4547,-2.4547,-3.0684,-3.0684,-58.9135,-0.04233091,-13.5010,-12.3673,-47.8672,-49.0009,-0.03439386,-0.03520848,-0.00176379,5.4578,5.0419,-0.2407,-12.2736,-0.6327,278.3474,51.0000,,5.4578,5.1431,5.1891,5.1891,7.7837,7.7837,7.7837,5.1891,0.0,1.5,1.5,1.051771,21,76,8,2,0E-8,-0.04409469,,0E-8,0.000000,0.923797,0.000000,,2026-05-13,2026-06-17,5,97,56,36,0.138889,,,0.000000,,,,,,,,GLOBAL_BASELINE_NO_ENTITY_RANKING,,,NOT_APPLICABLE_GLOBAL_BASELINE,HF9g-P5,,,,X 全窗基线 · 不参与实体赏罚,3929133,393,A168_HF9F_20260827_0900,2026-08-27 09:00:00
2026-05-13,98995202,1941,0,5.1891443101,-5.1891443101,-5.1891443101,0E-7,1,1,0.50665070000000000,0.506650700000,-1.013391052207602,-1.013391052207602,-1.013391052207602,0E-17,ELIGIBLE,R03b_20260811_FULL_v1,L1_ELIGIBILITY,v2026-08-11,2026-03-21..2026-08-06,baccarat_bet02_101_all_pairs_incl_sentinel,round_win = game_pnl > 0 (decisive only),COMPATIBILITY_ONLY_NOT_PRODUCTION,1391.7371,1285.6819,-61.3682,255,255,0.04409469,,0.04409469,0.04409469,61.3682,1391.7371,OK,0.0000,-2.4547,4.0000,96.0000,AG03-UNRESOLVED,ALL5_LEVELS_bet23_to_bet27,-2.4547,-2.4547,-2.4547,-3.0684,-3.0684,4.000000,4.000000,4.000000,5.000000,5.000000,96.000000,96.000000,96.000000,95.000000,95.000000,5.0,-13.5010,-12.3673,-47.8672,-49.0009,PENDING_AG03,FALSE,NOT_FOR_ENFORCEMENT,-58.9135,1234.2546,-61.3682,-58.9135,-2.4547,-0.04409469,-0.04233091,-2.4547,-58.9135,-0.04233091,-2.4547,-2.4547,-2.4547,-3.0684,-3.0684,-58.9135,-0.04233091,-13.5010,-12.3673,-47.8672,-49.0009,-0.03439386,-0.03520848,-0.00176379,5.4578,5.0419,-0.2407,-12.2736,-0.6327,278.3474,51.0000,,5.4578,5.1431,5.1891,5.1891,7.7837,7.7837,7.7837,5.1891,0.0,1.5,1.5,1.051771,21,76,8,2,0E-8,-0.04409469,,0E-8,0.000000,0.923797,0.000000,,2026-05-13,2026-06-17,5,97,56,36,0.138889,,,0.000000,,,,,,,,GLOBAL_BASELINE_NO_ENTITY_RANKING,,,NOT_APPLICABLE_GLOBAL_BASELINE,HF9g-P5,,,,X 全窗基线 · 不参与实体赏罚,3929134,393,A168_HF9F_20260827_0900,2026-08-27 09:00:00
2026-05-13,98995202,1942,0,9.0810025427,-1.4918789892,-1.4918789892,0.5000000,2,2,0.49994810000000000,0.499948100000,0.00014679536856514622,0.00014679536856514622,0.00014679536856514622,0E-17,ELIGIBLE,R03b_20260811_FULL_v1,L1_ELIGIBILITY,v2026-08-11,2026-03-21..2026-08-06,baccarat_bet02_101_all_pairs_incl_sentinel,round_win = game_pnl > 0 (decisive only),COMPATIBILITY_ONLY_NOT_PRODUCTION,1391.7371,1285.6819,-61.3682,255,255,0.04409469,,0.04409469,0.04409469,61.3682,1391.7371,OK,0.0000,-2.4547,4.0000,96.0000,AG03-UNRESOLVED,ALL5_LEVELS_bet23_to_bet27,-2.4547,-2.4547,-2.4547,-3.0684,-3.0684,4.000000,4.000000,4.000000,5.000000,5.000000,96.000000,96.000000,96.000000,95.000000,95.000000,5.0,-13.5010,-12.3673,-47.8672,-49.0009,PENDING_AG03,FALSE,NOT_FOR_ENFORCEMENT,-58.9135,1234.2546,-61.3682,-58.9135,-2.4547,-0.04409469,-0.04233091,-2.4547,-58.9135,-0.04233091,-2.4547,-2.4547,-2.4547,-3.0684,-3.0684,-58.9135,-0.04233091,-13.5010,-12.3673,-47.8672,-49.0009,-0.03439386,-0.03520848,-0.00176379,5.4578,5.0419,-0.2407,-12.2736,-0.6327,278.3474,51.0000,,5.4578,5.1431,5.1891,5.1891,7.7837,7.7837,7.7837,5.1891,0.0,1.5,1.5,1.051771,21,76,8,2,0E-8,-0.04409469,,0E-8,0.000000,0.923797,0.000000,,2026-05-13,2026-06-17,5,97,56,36,0.138889,,,0.000000,,,,,,,,GLOBAL_BASELINE_NO_ENTITY_RANKING,,,NOT_APPLICABLE_GLOBAL_BASELINE,HF9g-P5,,,,X 全窗基线 · 不参与实体赏罚,3929135,393,A168_HF9F_20260827_0900,2026-08-27 09:00:00
2026-05-13,98995202,1990,0,44.1077266359,-3.3729438016,-3.3729438016,0.5000000,8,8,0.50162375000000000,0.501623750000,-0.009185365523350236,-0.009185365523350236,-0.009185365523350236,0E-17,ELIGIBLE,R03b_20260811_FULL_v1,L1_ELIGIBILITY,v2026-08-11,2026-03-21..2026-08-06,baccarat_bet02_101_all_pairs_incl_sentinel,round_win = game_pnl > 0 (decisive only),COMPATIBILITY_ONLY_NOT_PRODUCTION,1391.7371,1285.6819,-61.3682,255,255,0.04409469,,0.04409469,0.04409469,61.3682,1391.7371,OK,0.0000,-2.4547,4.0000,96.0000,AG03-UNRESOLVED,ALL5_LEVELS_bet23_to_bet27,-2.4547,-2.4547,-2.4547,-3.0684,-3.0684,4.000000,4.000000,4.000000,5.000000,5.000000,96.000000,96.000000,96.000000,95.000000,95.000000,5.0,-13.5010,-12.3673,-47.8672,-49.0009,PENDING_AG03,FALSE,NOT_FOR_ENFORCEMENT,-58.9135,1234.2546,-61.3682,-58.9135,-2.4547,-0.04409469,-0.04233091,-2.4547,-58.9135,-0.04233091,-2.4547,-2.4547,-2.4547,-3.0684,-3.0684,-58.9135,-0.04233091,-13.5010,-12.3673,-47.8672,-49.0009,-0.03439386,-0.03520848,-0.00176379,5.4578,5.0419,-0.2407,-12.2736,-0.6327,278.3474,51.0000,,5.4578,5.1431,5.1891,5.1891,7.7837,7.7837,7.7837,5.1891,0.0,1.5,1.5,1.051771,21,76,8,2,0E-8,-0.04409469,,0E-8,0.000000,0.923797,0.000000,,2026-05-13,2026-06-17,5,97,56,36,0.138889,,,0.000000,,,,,,,,GLOBAL_BASELINE_NO_ENTITY_RANKING,,,NOT_APPLICABLE_GLOBAL_BASELINE,HF9g-P5,,,,X 全窗基线 · 不参与实体赏罚,3929136,393,A168_HF9F_20260827_0900,2026-08-27 09:00:00
2026-05-13,98995202,2103,0,16.8647190078,6.1621088682,6.1621088682,0.6666667,3,3,0.49771390000000000,0.497713900000,0.5852756695216578,0.5852756695216578,0.5852756695216578,0E-17,ELIGIBLE,R03b_20260811_FULL_v1,L1_ELIGIBILITY,v2026-08-11,2026-03-21..2026-08-06,baccarat_bet02_101_all_pairs_incl_sentinel,round_win = game_pnl > 0 (decisive only),COMPATIBILITY_ONLY_NOT_PRODUCTION,1391.7371,1285.6819,-61.3682,255,255,0.04409469,,0.04409469,0.04409469,61.3682,1391.7371,OK,0.0000,-2.4547,4.0000,96.0000,AG03-UNRESOLVED,ALL5_LEVELS_bet23_to_bet27,-2.4547,-2.4547,-2.4547,-3.0684,-3.0684,4.000000,4.000000,4.000000,5.000000,5.000000,96.000000,96.000000,96.000000,95.000000,95.000000,5.0,-13.5010,-12.3673,-47.8672,-49.0009,PENDING_AG03,FALSE,NOT_FOR_ENFORCEMENT,-58.9135,1234.2546,-61.3682,-58.9135,-2.4547,-0.04409469,-0.04233091,-2.4547,-58.9135,-0.04233091,-2.4547,-2.4547,-2.4547,-3.0684,-3.0684,-58.9135,-0.04233091,-13.5010,-12.3673,-47.8672,-49.0009,-0.03439386,-0.03520848,-0.00176379,5.4578,5.0419,-0.2407,-12.2736,-0.6327,278.3474,51.0000,,5.4578,5.1431,5.1891,5.1891,7.7837,7.7837,7.7837,5.1891,0.0,1.5,1.5,1.051771,21,76,8,2,0E-8,-0.04409469,,0E-8,0.000000,0.923797,0.000000,,2026-05-13,2026-06-17,5,97,56,36,0.138889,,,0.000000,,,,,,,,GLOBAL_BASELINE_NO_ENTITY_RANKING,,,NOT_APPLICABLE_GLOBAL_BASELINE,HF9g-P5,,,,X 全窗基线 · 不参与实体赏罚,3929137,393,A168_HF9F_20260827_0900,2026-08-27 09:00:00
2026-05-13,98995202,2108,0,12.9728607753,-2.5945721551,-2.5945721551,0.5000000,2,2,0.49994810000000000,0.499948100000,0.00014679536856514622,0.00014679536856514622,0.00014679536856514622,0E-17,ELIGIBLE,R03b_20260811_FULL_v1,L1_ELIGIBILITY,v2026-08-11,2026-03-21..2026-08-06,baccarat_bet02_101_all_pairs_incl_sentinel,round_win = game_pnl > 0 (decisive only),COMPATIBILITY_ONLY_NOT_PRODUCTION,1391.7371,1285.6819,-61.3682,255,255,0.04409469,,0.04409469,0.04409469,61.3682,1391.7371,OK,0.0000,-2.4547,4.0000,96.0000,AG03-UNRESOLVED,ALL5_LEVELS_bet23_to_bet27,-2.4547,-2.4547,-2.4547,-3.0684,-3.0684,4.000000,4.000000,4.000000,5.000000,5.000000,96.000000,96.000000,96.000000,95.000000,95.000000,5.0,-13.5010,-12.3673,-47.8672,-49.0009,PENDING_AG03,FALSE,NOT_FOR_ENFORCEMENT,-58.9135,1234.2546,-61.3682,-58.9135,-2.4547,-0.04409469,-0.04233091,-2.4547,-58.9135,-0.04233091,-2.4547,-2.4547,-2.4547,-3.0684,-3.0684,-58.9135,-0.04233091,-13.5010,-12.3673,-47.8672,-49.0009,-0.03439386,-0.03520848,-0.00176379,5.4578,5.0419,-0.2407,-12.2736,-0.6327,278.3474,51.0000,,5.4578,5.1431,5.1891,5.1891,7.7837,7.7837,7.7837,5.1891,0.0,1.5,1.5,1.051771,21,76,8,2,0E-8,-0.04409469,,0E-8,0.000000,0.923797,0.000000,,2026-05-13,2026-06-17,5,97,56,36,0.138889,,,0.000000,,,,,,,,GLOBAL_BASELINE_NO_ENTITY_RANKING,,,NOT_APPLICABLE_GLOBAL_BASELINE,HF9g-P5,,,,X 全窗基线 · 不参与实体赏罚,3929138,393,A168_HF9F_20260827_0900,2026-08-27 09:00:00
2026-05-13,98995202,2117,0,10.3782886202,10.3782886202,10.3782886202,1.0000000,2,2,0.49324550000000000,0.493245500000,1.4334489766152358,1.4334489766152358,1.4334489766152358,0E-17,ELIGIBLE,R03b_20260811_FULL_v1,L1_ELIGIBILITY,v2026-08-11,2026-03-21..2026-08-06,baccarat_bet02_101_all_pairs_incl_sentinel,round_win = game_pnl > 0 (decisive only),COMPATIBILITY_ONLY_NOT_PRODUCTION,1391.7371,1285.6819,-61.3682,255,255,0.04409469,,0.04409469,0.04409469,61.3682,1391.7371,OK,0.0000,-2.4547,4.0000,96.0000,AG03-UNRESOLVED,ALL5_LEVELS_bet23_to_bet27,-2.4547,-2.4547,-2.4547,-3.0684,-3.0684,4.000000,4.000000,4.000000,5.000000,5.000000,96.000000,96.000000,96.000000,95.000000,95.000000,5.0,-13.5010,-12.3673,-47.8672,-49.0009,PENDING_AG03,FALSE,NOT_FOR_ENFORCEMENT,-58.9135,1234.2546,-61.3682,-58.9135,-2.4547,-0.04409469,-0.04233091,-2.4547,-58.9135,-0.04233091,-2.4547,-2.4547,-2.4547,-3.0684,-3.0684,-58.9135,-0.04233091,-13.5010,-12.3673,-47.8672,-49.0009,-0.03439386,-0.03520848,-0.00176379,5.4578,5.0419,-0.2407,-12.2736,-0.6327,278.3474,51.0000,,5.4578,5.1431,5.1891,5.1891,7.7837,7.7837,7.7837,5.1891,0.0,1.5,1.5,1.051771,21,76,8,2,0E-8,-0.04409469,,0E-8,0.000000,0.923797,0.000000,,2026-05-13,2026-06-17,5,97,56,36,0.138889,,,0.000000,,,,,,,,GLOBAL_BASELINE_NO_ENTITY_RANKING,,,NOT_APPLICABLE_GLOBAL_BASELINE,HF9g-P5,,,,X 全窗基线 · 不参与实体赏罚,3929139,393,A168_HF9F_20260827_0900,2026-08-27 09:00:00
2026-05-13,98995202,2121,0,4.6702298791,4.6702298791,4.6702298791,1.0000000,1,1,0.49324550000000000,0.493245500000,1.01360149184955,1.01360149184955,1.01360149184955,0E-17,ELIGIBLE,R03b_20260811_FULL_v1,L1_ELIGIBILITY,v2026-08-11,2026-03-21..2026-08-06,baccarat_bet02_101_all_pairs_incl_sentinel,round_win = game_pnl > 0 (decisive only),COMPATIBILITY_ONLY_NOT_PRODUCTION,1391.7371,1285.6819,-61.3682,255,255,0.04409469,,0.04409469,0.04409469,61.3682,1391.7371,OK,0.0000,-2.4547,4.0000,96.0000,AG03-UNRESOLVED,ALL5_LEVELS_bet23_to_bet27,-2.4547,-2.4547,-2.4547,-3.0684,-3.0684,4.000000,4.000000,4.000000,5.000000,5.000000,96.000000,96.000000,96.000000,95.000000,95.000000,5.0,-13.5010,-12.3673,-47.8672,-49.0009,PENDING_AG03,FALSE,NOT_FOR_ENFORCEMENT,-58.9135,1234.2546,-61.3682,-58.9135,-2.4547,-0.04409469,-0.04233091,-2.4547,-58.9135,-0.04233091,-2.4547,-2.4547,-2.4547,-3.0684,-3.0684,-58.9135,-0.04233091,-13.5010,-12.3673,-47.8672,-49.0009,-0.03439386,-0.03520848,-0.00176379,5.4578,5.0419,-0.2407,-12.2736,-0.6327,278.3474,51.0000,,5.4578,5.1431,5.1891,5.1891,7.7837,7.7837,7.7837,5.1891,0.0,1.5,1.5,1.051771,21,76,8,2,0E-8,-0.04409469,,0E-8,0.000000,0.923797,0.000000,,2026-05-13,2026-06-17,5,97,56,36,0.138889,,,0.000000,,,,,,,,GLOBAL_BASELINE_NO_ENTITY_RANKING,,,NOT_APPLICABLE_GLOBAL_BASELINE,HF9g-P5,,,,X 全窗基线 · 不参与实体赏罚,3929140,393,A168_HF9F_20260827_0900,2026-08-27 09:00:00
2026-05-13,98995202,2123,0,40.2158684034,-9.4701883659,-9.4701883659,0.3333333,6,6,0.50441650000000000,0.504416500000,-0.838165622096103,-0.838165622096103,-0.838165622096103,0E-17,ELIGIBLE,R03b_20260811_FULL_v1,L1_ELIGIBILITY,v2026-08-11,2026-03-21..2026-08-06,baccarat_bet02_101_all_pairs_incl_sentinel,round_win = game_pnl > 0 (decisive only),COMPATIBILITY_ONLY_NOT_PRODUCTION,1391.7371,1285.6819,-61.3682,255,255,0.04409469,,0.04409469,0.04409469,61.3682,1391.7371,OK,0.0000,-2.4547,4.0000,96.0000,AG03-UNRESOLVED,ALL5_LEVELS_bet23_to_bet27,-2.4547,-2.4547,-2.4547,-3.0684,-3.0684,4.000000,4.000000,4.000000,5.000000,5.000000,96.000000,96.000000,96.000000,95.000000,95.000000,5.0,-13.5010,-12.3673,-47.8672,-49.0009,PENDING_AG03,FALSE,NOT_FOR_ENFORCEMENT,-58.9135,1234.2546,-61.3682,-58.9135,-2.4547,-0.04409469,-0.04233091,-2.4547,-58.9135,-0.04233091,-2.4547,-2.4547,-2.4547,-3.0684,-3.0684,-58.9135,-0.04233091,-13.5010,-12.3673,-47.8672,-49.0009,-0.03439386,-0.03520848,-0.00176379,5.4578,5.0419,-0.2407,-12.2736,-0.6327,278.3474,51.0000,,5.4578,5.1431,5.1891,5.1891,7.7837,7.7837,7.7837,5.1891,0.0,1.5,1.5,1.051771,21,76,8,2,0E-8,-0.04409469,,0E-8,0.000000,0.923797,0.000000,,2026-05-13,2026-06-17,5,97,56,36,0.138889,,,0.000000,,,,,,,,GLOBAL_BASELINE_NO_ENTITY_RANKING,,,NOT_APPLICABLE_GLOBAL_BASELINE,HF9g-P5,,,,X 全窗基线 · 不参与实体赏罚,3929141,393,A168_HF9F_20260827_0900,2026-08-27 09:00:00
2026-05-13,98995202,2141,0,31.1348658606,1.0378288621,1.0378288621,0.5000000,5,5,0.50396966000000000,0.503969660000,-0.0158791404612453,-0.0158791404612453,-0.0158791404612453,0E-17,ELIGIBLE,R03b_20260811_FULL_v1,L1_ELIGIBILITY,v2026-08-11,2026-03-21..2026-08-06,baccarat_bet02_101_all_pairs_incl_sentinel,round_win = game_pnl > 0 (decisive only),COMPATIBILITY_ONLY_NOT_PRODUCTION,1391.7371,1285.6819,-61.3682,255,255,0.04409469,,0.04409469,0.04409469,61.3682,1391.7371,OK,0.0000,-2.4547,4.0000,96.0000,AG03-UNRESOLVED,ALL5_LEVELS_bet23_to_bet27,-2.4547,-2.4547,-2.4547,-3.0684,-3.0684,4.000000,4.000000,4.000000,5.000000,5.000000,96.000000,96.000000,96.000000,95.000000,95.000000,5.0,-13.5010,-12.3673,-47.8672,-49.0009,PENDING_AG03,FALSE,NOT_FOR_ENFORCEMENT,-58.9135,1234.2546,-61.3682,-58.9135,-2.4547,-0.04409469,-0.04233091,-2.4547,-58.9135,-0.04233091,-2.4547,-2.4547,-2.4547,-3.0684,-3.0684,-58.9135,-0.04233091,-13.5010,-12.3673,-47.8672,-49.0009,-0.03439386,-0.03520848,-0.00176379,5.4578,5.0419,-0.2407,-12.2736,-0.6327,278.3474,51.0000,,5.4578,5.1431,5.1891,5.1891,7.7837,7.7837,7.7837,5.1891,0.0,1.5,1.5,1.051771,21,76,8,2,0E-8,-0.04409469,,0E-8,0.000000,0.923797,0.000000,,2026-05-13,2026-06-17,5,97,56,36,0.138889,,,0.000000,,,,,,,,GLOBAL_BASELINE_NO_ENTITY_RANKING,,,NOT_APPLICABLE_GLOBAL_BASELINE,HF9g-P5,,,,X 全窗基线 · 不参与实体赏罚,3929142,393,A168_HF9F_20260827_0900,2026-08-27 09:00:00
2026-05-13,98995202,2169,0,50.5941570236,17.1890405272,17.1890405272,0.7000000,11,11,0.50055742727272727,0.500557427273,1.2613863683331403,1.2613863683314164,1.2613863683331403,-2.7273E-13,ELIGIBLE,R03b_20260811_FULL_v1,L1_ELIGIBILITY,v2026-08-11,2026-03-21..2026-08-06,baccarat_bet02_101_all_pairs_incl_sentinel,round_win = game_pnl > 0 (decisive only),COMPATIBILITY_ONLY_NOT_PRODUCTION,1391.7371,1285.6819,-61.3682,255,255,0.04409469,,0.04409469,0.04409469,61.3682,1391.7371,OK,0.0000,-2.4547,4.0000,96.0000,AG03-UNRESOLVED,ALL5_LEVELS_bet23_to_bet27,-2.4547,-2.4547,-2.4547,-3.0684,-3.0684,4.000000,4.000000,4.000000,5.000000,5.000000,96.000000,96.000000,96.000000,95.000000,95.000000,5.0,-13.5010,-12.3673,-47.8672,-49.0009,PENDING_AG03,FALSE,NOT_FOR_ENFORCEMENT,-58.9135,1234.2546,-61.3682,-58.9135,-2.4547,-0.04409469,-0.04233091,-2.4547,-58.9135,-0.04233091,-2.4547,-2.4547,-2.4547,-3.0684,-3.0684,-58.9135,-0.04233091,-13.5010,-12.3673,-47.8672,-49.0009,-0.03439386,-0.03520848,-0.00176379,5.4578,5.0419,-0.2407,-12.2736,-0.6327,278.3474,51.0000,,5.4578,5.1431,5.1891,5.1891,7.7837,7.7837,7.7837,5.1891,0.0,1.5,1.5,1.051771,21,76,8,2,0E-8,-0.04409469,,0E-8,0.000000,0.923797,0.000000,,2026-05-13,2026-06-17,5,97,56,36,0.138889,,,0.000000,,,,,,,,GLOBAL_BASELINE_NO_ENTITY_RANKING,,,NOT_APPLICABLE_GLOBAL_BASELINE,HF9g-P5,,,,X 全窗基线 · 不参与实体赏罚,3929143,393,A168_HF9F_20260827_0900,2026-08-27 09:00:00
2026-05-13,98995202,2175,0,5.1891443101,4.9296870946,4.9296870946,1.0000000,1,1,0.50665070000000000,0.506650700000,0.9867858985152569,0.9867858985152569,0.9867858985152569,0E-17,ELIGIBLE,R03b_20260811_FULL_v1,L1_ELIGIBILITY,v2026-08-11,2026-03-21..2026-08-06,baccarat_bet02_101_all_pairs_incl_sentinel,round_win = game_pnl > 0 (decisive only),COMPATIBILITY_ONLY_NOT_PRODUCTION,1391.7371,1285.6819,-61.3682,255,255,0.04409469,,0.04409469,0.04409469,61.3682,1391.7371,OK,0.0000,-2.4547,4.0000,96.0000,AG03-UNRESOLVED,ALL5_LEVELS_bet23_to_bet27,-2.4547,-2.4547,-2.4547,-3.0684,-3.0684,4.000000,4.000000,4.000000,5.000000,5.000000,96.000000,96.000000,96.000000,95.000000,95.000000,5.0,-13.5010,-12.3673,-47.8672,-49.0009,PENDING_AG03,FALSE,NOT_FOR_ENFORCEMENT,-58.9135,1234.2546,-61.3682,-58.9135,-2.4547,-0.04409469,-0.04233091,-2.4547,-58.9135,-0.04233091,-2.4547,-2.4547,-2.4547,-3.0684,-3.0684,-58.9135,-0.04233091,-13.5010,-12.3673,-47.8672,-49.0009,-0.03439386,-0.03520848,-0.00176379,5.4578,5.0419,-0.2407,-12.2736,-0.6327,278.3474,51.0000,,5.4578,5.1431,5.1891,5.1891,7.7837,7.7837,7.7837,5.1891,0.0,1.5,1.5,1.051771,21,76,8,2,0E-8,-0.04409469,,0E-8,0.000000,0.923797,0.000000,,2026-05-13,2026-06-17,5,97,56,36,0.138889,,,0.000000,,,,,,,,GLOBAL_BASELINE_NO_ENTITY_RANKING,,,NOT_APPLICABLE_GLOBAL_BASELINE,HF9g-P5,,,,X 全窗基线 · 不参与实体赏罚,3929144,393,A168_HF9F_20260827_0900,2026-08-27 09:00:00
2026-05-13,98995202,2188,0,10.3782886202,10.1188314047,10.1188314047,1.0000000,2,2,0.49994810000000000,0.499948100000,1.4143603653603398,1.4143603653603398,1.4143603653603398,0E-17,ELIGIBLE,R03b_20260811_FULL_v1,L1_ELIGIBILITY,v2026-08-11,2026-03-21..2026-08-06,baccarat_bet02_101_all_pairs_incl_sentinel,round_win = game_pnl > 0 (decisive only),COMPATIBILITY_ONLY_NOT_PRODUCTION,1391.7371,1285.6819,-61.3682,255,255,0.04409469,,0.04409469,0.04409469,61.3682,1391.7371,OK,0.0000,-2.4547,4.0000,96.0000,AG03-UNRESOLVED,ALL5_LEVELS_bet23_to_bet27,-2.4547,-2.4547,-2.4547,-3.0684,-3.0684,4.000000,4.000000,4.000000,5.000000,5.000000,96.000000,96.000000,96.000000,95.000000,95.000000,5.0,-13.5010,-12.3673,-47.8672,-49.0009,PENDING_AG03,FALSE,NOT_FOR_ENFORCEMENT,-58.9135,1234.2546,-61.3682,-58.9135,-2.4547,-0.04409469,-0.04233091,-2.4547,-58.9135,-0.04233091,-2.4547,-2.4547,-2.4547,-3.0684,-3.0684,-58.9135,-0.04233091,-13.5010,-12.3673,-47.8672,-49.0009,-0.03439386,-0.03520848,-0.00176379,5.4578,5.0419,-0.2407,-12.2736,-0.6327,278.3474,51.0000,,5.4578,5.1431,5.1891,5.1891,7.7837,7.7837,7.7837,5.1891,0.0,1.5,1.5,1.051771,21,76,8,2,0E-8,-0.04409469,,0E-8,0.000000,0.923797,0.000000,,2026-05-13,2026-06-17,5,97,56,36,0.138889,,,0.000000,,,,,,,,GLOBAL_BASELINE_NO_ENTITY_RANKING,,,NOT_APPLICABLE_GLOBAL_BASELINE,HF9g-P5,,,,X 全窗基线 · 不参与实体赏罚,3929145,393,A168_HF9F_20260827_0900,2026-08-27 09:00:00
2026-05-13,98995202,2220,0,5.1891443101,4.9296870946,4.9296870946,1.0000000,1,1,0.50665070000000000,0.506650700000,0.9867858985152569,0.9867858985152569,0.9867858985152569,0E-17,ELIGIBLE,R03b_20260811_FULL_v1,L1_ELIGIBILITY,v2026-08-11,2026-03-21..2026-08-06,baccarat_bet02_101_all_pairs_incl_sentinel,round_win = game_pnl > 0 (decisive only),COMPATIBILITY_ONLY_NOT_PRODUCTION,1391.7371,1285.6819,-61.3682,255,255,0.04409469,,0.04409469,0.04409469,61.3682,1391.7371,OK,0.0000,-2.4547,4.0000,96.0000,AG03-UNRESOLVED,ALL5_LEVELS_bet23_to_bet27,-2.4547,-2.4547,-2.4547,-3.0684,-3.0684,4.000000,4.000000,4.000000,5.000000,5.000000,96.000000,96.000000,96.000000,95.000000,95.000000,5.0,-13.5010,-12.3673,-47.8672,-49.0009,PENDING_AG03,FALSE,NOT_FOR_ENFORCEMENT,-58.9135,1234.2546,-61.3682,-58.9135,-2.4547,-0.04409469,-0.04233091,-2.4547,-58.9135,-0.04233091,-2.4547,-2.4547,-2.4547,-3.0684,-3.0684,-58.9135,-0.04233091,-13.5010,-12.3673,-47.8672,-49.0009,-0.03439386,-0.03520848,-0.00176379,5.4578,5.0419,-0.2407,-12.2736,-0.6327,278.3474,51.0000,,5.4578,5.1431,5.1891,5.1891,7.7837,7.7837,7.7837,5.1891,0.0,1.5,1.5,1.051771,21,76,8,2,0E-8,-0.04409469,,0E-8,0.000000,0.923797,0.000000,,2026-05-13,2026-06-17,5,97,56,36,0.138889,,,0.000000,,,,,,,,GLOBAL_BASELINE_NO_ENTITY_RANKING,,,NOT_APPLICABLE_GLOBAL_BASELINE,HF9g-P5,,,,X 全窗基线 · 不参与实体赏罚,3929146,393,A168_HF9F_20260827_0900,2026-08-27 09:00:00
2026-05-13,98995202,2233,0,37.6212962482,-24.9727569924,-24.9727569924,0.1666667,6,6,0.49994810000000000,0.499948100000,-1.6327389136160748,-1.6327389136160748,-1.6327389136160748,0E-17,ELIGIBLE,R03b_20260811_FULL_v1,L1_ELIGIBILITY,v2026-08-11,2026-03-21..2026-08-06,baccarat_bet02_101_all_pairs_incl_sentinel,round_win = game_pnl > 0 (decisive only),COMPATIBILITY_ONLY_NOT_PRODUCTION,1391.7371,1285.6819,-61.3682,255,255,0.04409469,,0.04409469,0.04409469,61.3682,1391.7371,OK,0.0000,-2.4547,4.0000,96.0000,AG03-UNRESOLVED,ALL5_LEVELS_bet23_to_bet27,-2.4547,-2.4547,-2.4547,-3.0684,-3.0684,4.000000,4.000000,4.000000,5.000000,5.000000,96.000000,96.000000,96.000000,95.000000,95.000000,5.0,-13.5010,-12.3673,-47.8672,-49.0009,PENDING_AG03,FALSE,NOT_FOR_ENFORCEMENT,-58.9135,1234.2546,-61.3682,-58.9135,-2.4547,-0.04409469,-0.04233091,-2.4547,-58.9135,-0.04233091,-2.4547,-2.4547,-2.4547,-3.0684,-3.0684,-58.9135,-0.04233091,-13.5010,-12.3673,-47.8672,-49.0009,-0.03439386,-0.03520848,-0.00176379,5.4578,5.0419,-0.2407,-12.2736,-0.6327,278.3474,51.0000,,5.4578,5.1431,5.1891,5.1891,7.7837,7.7837,7.7837,5.1891,0.0,1.5,1.5,1.051771,21,76,8,2,0E-8,-0.04409469,,0E-8,0.000000,0.923797,0.000000,,2026-05-13,2026-06-17,5,97,56,36,0.138889,,,0.000000,,,,,,,,GLOBAL_BASELINE_NO_ENTITY_RANKING,,,NOT_APPLICABLE_GLOBAL_BASELINE,HF9g-P5,,,,X 全窗基线 · 不参与实体赏罚,3929147,393,A168_HF9F_20260827_0900,2026-08-27 09:00:00
2026-05-13,98995202,2235,0,24.6484354730,-6.7458876031,-6.7458876031,0.4000000,5,5,0.49860758000000000,0.498607580000,-0.440988213962219,-0.440988213962219,-0.440988213962219,0E-17,ELIGIBLE,R03b_20260811_FULL_v1,L1_ELIGIBILITY,v2026-08-11,2026-03-21..2026-08-06,baccarat_bet02_101_all_pairs_incl_sentinel,round_win = game_pnl > 0 (decisive only),COMPATIBILITY_ONLY_NOT_PRODUCTION,1391.7371,1285.6819,-61.3682,255,255,0.04409469,,0.04409469,0.04409469,61.3682,1391.7371,OK,0.0000,-2.4547,4.0000,96.0000,AG03-UNRESOLVED,ALL5_LEVELS_bet23_to_bet27,-2.4547,-2.4547,-2.4547,-3.0684,-3.0684,4.000000,4.000000,4.000000,5.000000,5.000000,96.000000,96.000000,96.000000,95.000000,95.000000,5.0,-13.5010,-12.3673,-47.8672,-49.0009,PENDING_AG03,FALSE,NOT_FOR_ENFORCEMENT,-58.9135,1234.2546,-61.3682,-58.9135,-2.4547,-0.04409469,-0.04233091,-2.4547,-58.9135,-0.04233091,-2.4547,-2.4547,-2.4547,-3.0684,-3.0684,-58.9135,-0.04233091,-13.5010,-12.3673,-47.8672,-49.0009,-0.03439386,-0.03520848,-0.00176379,5.4578,5.0419,-0.2407,-12.2736,-0.6327,278.3474,51.0000,,5.4578,5.1431,5.1891,5.1891,7.7837,7.7837,7.7837,5.1891,0.0,1.5,1.5,1.051771,21,76,8,2,0E-8,-0.04409469,,0E-8,0.000000,0.923797,0.000000,,2026-05-13,2026-06-17,5,97,56,36,0.138889,,,0.000000,,,,,,,,GLOBAL_BASELINE_NO_ENTITY_RANKING,,,NOT_APPLICABLE_GLOBAL_BASELINE,HF9g-P5,,,,X 全窗基线 · 不参与实体赏罚,3929148,393,A168_HF9F_20260827_0900,2026-08-27 09:00:00
2026-05-13,98995202,2241,0,4.9296870946,-4.9296870946,-4.9296870946,0E-7,1,1,0.50665070000000000,0.506650700000,-1.013391052207602,-1.013391052207602,-1.013391052207602,0E-17,ELIGIBLE,R03b_20260811_FULL_v1,L1_ELIGIBILITY,v2026-08-11,2026-03-21..2026-08-06,baccarat_bet02_101_all_pairs_incl_sentinel,round_win = game_pnl > 0 (decisive only),COMPATIBILITY_ONLY_NOT_PRODUCTION,1391.7371,1285.6819,-61.3682,255,255,0.04409469,,0.04409469,0.04409469,61.3682,1391.7371,OK,0.0000,-2.4547,4.0000,96.0000,AG03-UNRESOLVED,ALL5_LEVELS_bet23_to_bet27,-2.4547,-2.4547,-2.4547,-3.0684,-3.0684,4.000000,4.000000,4.000000,5.000000,5.000000,96.000000,96.000000,96.000000,95.000000,95.000000,5.0,-13.5010,-12.3673,-47.8672,-49.0009,PENDING_AG03,FALSE,NOT_FOR_ENFORCEMENT,-58.9135,1234.2546,-61.3682,-58.9135,-2.4547,-0.04409469,-0.04233091,-2.4547,-58.9135,-0.04233091,-2.4547,-2.4547,-2.4547,-3.0684,-3.0684,-58.9135,-0.04233091,-13.5010,-12.3673,-47.8672,-49.0009,-0.03439386,-0.03520848,-0.00176379,5.4578,5.0419,-0.2407,-12.2736,-0.6327,278.3474,51.0000,,5.4578,5.1431,5.1891,5.1891,7.7837,7.7837,7.7837,5.1891,0.0,1.5,1.5,1.051771,21,76,8,2,0E-8,-0.04409469,,0E-8,0.000000,0.923797,0.000000,,2026-05-13,2026-06-17,5,97,56,36,0.138889,,,0.000000,,,,,,,,GLOBAL_BASELINE_NO_ENTITY_RANKING,,,NOT_APPLICABLE_GLOBAL_BASELINE,HF9g-P5,,,,X 全窗基线 · 不参与实体赏罚,3929149,393,A168_HF9F_20260827_0900,2026-08-27 09:00:00
2026-05-13,98995202,2251,0,7.0053448186,-7.0053448186,-7.0053448186,0E-7,1,1,0.50665070000000000,0.506650700000,-1.013391052207602,-1.013391052207602,-1.013391052207602,0E-17,ELIGIBLE,R03b_20260811_FULL_v1,L1_ELIGIBILITY,v2026-08-11,2026-03-21..2026-08-06,baccarat_bet02_101_all_pairs_incl_sentinel,round_win = game_pnl > 0 (decisive only),COMPATIBILITY_ONLY_NOT_PRODUCTION,1391.7371,1285.6819,-61.3682,255,255,0.04409469,,0.04409469,0.04409469,61.3682,1391.7371,OK,0.0000,-2.4547,4.0000,96.0000,AG03-UNRESOLVED,ALL5_LEVELS_bet23_to_bet27,-2.4547,-2.4547,-2.4547,-3.0684,-3.0684,4.000000,4.000000,4.000000,5.000000,5.000000,96.000000,96.000000,96.000000,95.000000,95.000000,5.0,-13.5010,-12.3673,-47.8672,-49.0009,PENDING_AG03,FALSE,NOT_FOR_ENFORCEMENT,-58.9135,1234.2546,-61.3682,-58.9135,-2.4547,-0.04409469,-0.04233091,-2.4547,-58.9135,-0.04233091,-2.4547,-2.4547,-2.4547,-3.0684,-3.0684,-58.9135,-0.04233091,-13.5010,-12.3673,-47.8672,-49.0009,-0.03439386,-0.03520848,-0.00176379,5.4578,5.0419,-0.2407,-12.2736,-0.6327,278.3474,51.0000,,5.4578,5.1431,5.1891,5.1891,7.7837,7.7837,7.7837,5.1891,0.0,1.5,1.5,1.051771,21,76,8,2,0E-8,-0.04409469,,0E-8,0.000000,0.923797,0.000000,,2026-05-13,2026-06-17,5,97,56,36,0.138889,,,0.000000,,,,,,,,GLOBAL_BASELINE_NO_ENTITY_RANKING,,,NOT_APPLICABLE_GLOBAL_BASELINE,HF9g-P5,,,,X 全窗基线 · 不参与实体赏罚,3929150,393,A168_HF9F_20260827_0900,2026-08-27 09:00:00
2026-05-13,98995202,2267,0,6.2269731721,5.9156245135,5.9156245135,1.0000000,1,1,0.50665070000000000,0.506650700000,0.9867858985152569,0.9867858985152569,0.9867858985152569,0E-17,ELIGIBLE,R03b_20260811_FULL_v1,L1_ELIGIBILITY,v2026-08-11,2026-03-21..2026-08-06,baccarat_bet02_101_all_pairs_incl_sentinel,round_win = game_pnl > 0 (decisive only),COMPATIBILITY_ONLY_NOT_PRODUCTION,1391.7371,1285.6819,-61.3682,255,255,0.04409469,,0.04409469,0.04409469,61.3682,1391.7371,OK,0.0000,-2.4547,4.0000,96.0000,AG03-UNRESOLVED,ALL5_LEVELS_bet23_to_bet27,-2.4547,-2.4547,-2.4547,-3.0684,-3.0684,4.000000,4.000000,4.000000,5.000000,5.000000,96.000000,96.000000,96.000000,95.000000,95.000000,5.0,-13.5010,-12.3673,-47.8672,-49.0009,PENDING_AG03,FALSE,NOT_FOR_ENFORCEMENT,-58.9135,1234.2546,-61.3682,-58.9135,-2.4547,-0.04409469,-0.04233091,-2.4547,-58.9135,-0.04233091,-2.4547,-2.4547,-2.4547,-3.0684,-3.0684,-58.9135,-0.04233091,-13.5010,-12.3673,-47.8672,-49.0009,-0.03439386,-0.03520848,-0.00176379,5.4578,5.0419,-0.2407,-12.2736,-0.6327,278.3474,51.0000,,5.4578,5.1431,5.1891,5.1891,7.7837,7.7837,7.7837,5.1891,0.0,1.5,1.5,1.051771,21,76,8,2,0E-8,-0.04409469,,0E-8,0.000000,0.923797,0.000000,,2026-05-13,2026-06-17,5,97,56,36,0.138889,,,0.000000,,,,,,,,GLOBAL_BASELINE_NO_ENTITY_RANKING,,,NOT_APPLICABLE_GLOBAL_BASELINE,HF9g-P5,,,,X 全窗基线 · 不参与实体赏罚,3929151,393,A168_HF9F_20260827_0900,2026-08-27 09:00:00
2026-05-13,98995202,550,0,3.8918582326,-3.8918582326,-3.8918582326,0E-7,1,1,0.49324550000000000,0.493245500000,-0.9865810262130424,-0.9865810262130424,-0.9865810262130424,0E-17,ELIGIBLE,R03b_20260811_FULL_v1,L1_ELIGIBILITY,v2026-08-11,2026-03-21..2026-08-06,baccarat_bet02_101_all_pairs_incl_sentinel,round_win = game_pnl > 0 (decisive only),COMPATIBILITY_ONLY_NOT_PRODUCTION,1391.7371,1285.6819,-61.3682,255,255,0.04409469,,0.04409469,0.04409469,61.3682,1391.7371,OK,0.0000,-2.4547,4.0000,96.0000,AG03-UNRESOLVED,ALL5_LEVELS_bet23_to_bet27,-2.4547,-2.4547,-2.4547,-3.0684,-3.0684,4.000000,4.000000,4.000000,5.000000,5.000000,96.000000,96.000000,96.000000,95.000000,95.000000,5.0,-13.5010,-12.3673,-47.8672,-49.0009,PENDING_AG03,FALSE,NOT_FOR_ENFORCEMENT,-58.9135,1234.2546,-61.3682,-58.9135,-2.4547,-0.04409469,-0.04233091,-2.4547,-58.9135,-0.04233091,-2.4547,-2.4547,-2.4547,-3.0684,-3.0684,-58.9135,-0.04233091,-13.5010,-12.3673,-47.8672,-49.0009,-0.03439386,-0.03520848,-0.00176379,5.4578,5.0419,-0.2407,-12.2736,-0.6327,278.3474,51.0000,,5.4578,5.1431,5.1891,5.1891,7.7837,7.7837,7.7837,5.1891,0.0,1.5,1.5,1.051771,21,76,8,2,0E-8,-0.04409469,,0E-8,0.000000,0.923797,0.000000,,2026-05-13,2026-06-17,5,97,56,36,0.138889,,,0.000000,,,,,,,,GLOBAL_BASELINE_NO_ENTITY_RANKING,,,NOT_APPLICABLE_GLOBAL_BASELINE,HF9g-P5,,,,X 全窗基线 · 不参与实体赏罚,3929152,393,A168_HF9F_20260827_0900,2026-08-27 09:00:00
2026-05-13,98995202,752,0,5.1891443101,4.9296870946,4.9296870946,1.0000000,1,1,0.50665070000000000,0.506650700000,0.9867858985152569,0.9867858985152569,0.9867858985152569,0E-17,ELIGIBLE,R03b_20260811_FULL_v1,L1_ELIGIBILITY,v2026-08-11,2026-03-21..2026-08-06,baccarat_bet02_101_all_pairs_incl_sentinel,round_win = game_pnl > 0 (decisive only),COMPATIBILITY_ONLY_NOT_PRODUCTION,1391.7371,1285.6819,-61.3682,255,255,0.04409469,,0.04409469,0.04409469,61.3682,1391.7371,OK,0.0000,-2.4547,4.0000,96.0000,AG03-UNRESOLVED,ALL5_LEVELS_bet23_to_bet27,-2.4547,-2.4547,-2.4547,-3.0684,-3.0684,4.000000,4.000000,4.000000,5.000000,5.000000,96.000000,96.000000,96.000000,95.000000,95.000000,5.0,-13.5010,-12.3673,-47.8672,-49.0009,PENDING_AG03,FALSE,NOT_FOR_ENFORCEMENT,-58.9135,1234.2546,-61.3682,-58.9135,-2.4547,-0.04409469,-0.04233091,-2.4547,-58.9135,-0.04233091,-2.4547,-2.4547,-2.4547,-3.0684,-3.0684,-58.9135,-0.04233091,-13.5010,-12.3673,-47.8672,-49.0009,-0.03439386,-0.03520848,-0.00176379,5.4578,5.0419,-0.2407,-12.2736,-0.6327,278.3474,51.0000,,5.4578,5.1431,5.1891,5.1891,7.7837,7.7837,7.7837,5.1891,0.0,1.5,1.5,1.051771,21,76,8,2,0E-8,-0.04409469,,0E-8,0.000000,0.923797,0.000000,,2026-05-13,2026-06-17,5,97,56,36,0.138889,,,0.000000,,,,,,,,GLOBAL_BASELINE_NO_ENTITY_RANKING,,,NOT_APPLICABLE_GLOBAL_BASELINE,HF9g-P5,,,,X 全窗基线 · 不参与实体赏罚,3929153,393,A168_HF9F_20260827_0900,2026-08-27 09:00:00
2026-05-13,98995202,772,0,5.1891443101,5.1891443101,5.1891443101,1.0000000,1,1,0.49324550000000000,0.493245500000,1.01360149184955,1.01360149184955,1.01360149184955,0E-17,ELIGIBLE,R03b_20260811_FULL_v1,L1_ELIGIBILITY,v2026-08-11,2026-03-21..2026-08-06,baccarat_bet02_101_all_pairs_incl_sentinel,round_win = game_pnl > 0 (decisive only),COMPATIBILITY_ONLY_NOT_PRODUCTION,1391.7371,1285.6819,-61.3682,255,255,0.04409469,,0.04409469,0.04409469,61.3682,1391.7371,OK,0.0000,-2.4547,4.0000,96.0000,AG03-UNRESOLVED,ALL5_LEVELS_bet23_to_bet27,-2.4547,-2.4547,-2.4547,-3.0684,-3.0684,4.000000,4.000000,4.000000,5.000000,5.000000,96.000000,96.000000,96.000000,95.000000,95.000000,5.0,-13.5010,-12.3673,-47.8672,-49.0009,PENDING_AG03,FALSE,NOT_FOR_ENFORCEMENT,-58.9135,1234.2546,-61.3682,-58.9135,-2.4547,-0.04409469,-0.04233091,-2.4547,-58.9135,-0.04233091,-2.4547,-2.4547,-2.4547,-3.0684,-3.0684,-58.9135,-0.04233091,-13.5010,-12.3673,-47.8672,-49.0009,-0.03439386,-0.03520848,-0.00176379,5.4578,5.0419,-0.2407,-12.2736,-0.6327,278.3474,51.0000,,5.4578,5.1431,5.1891,5.1891,7.7837,7.7837,7.7837,5.1891,0.0,1.5,1.5,1.051771,21,76,8,2,0E-8,-0.04409469,,0E-8,0.000000,0.923797,0.000000,,2026-05-13,2026-06-17,5,97,56,36,0.138889,,,0.000000,,,,,,,,GLOBAL_BASELINE_NO_ENTITY_RANKING,,,NOT_APPLICABLE_GLOBAL_BASELINE,HF9g-P5,,,,X 全窗基线 · 不参与实体赏罚,3929154,393,A168_HF9F_20260827_0900,2026-08-27 09:00:00
2026-05-13,98995202,987,0,24.3889782575,-24.3889782575,-24.3889782575,0E-7,4,4,0.49994810000000000,0.499948100000,-1.9997924107733216,-1.9997924107733216,-1.9997924107733216,0E-17,ELIGIBLE,R03b_20260811_FULL_v1,L1_ELIGIBILITY,v2026-08-11,2026-03-21..2026-08-06,baccarat_bet02_101_all_pairs_incl_sentinel,round_win = game_pnl > 0 (decisive only),COMPATIBILITY_ONLY_NOT_PRODUCTION,1391.7371,1285.6819,-61.3682,255,255,0.04409469,,0.04409469,0.04409469,61.3682,1391.7371,OK,0.0000,-2.4547,4.0000,96.0000,AG03-UNRESOLVED,ALL5_LEVELS_bet23_to_bet27,-2.4547,-2.4547,-2.4547,-3.0684,-3.0684,4.000000,4.000000,4.000000,5.000000,5.000000,96.000000,96.000000,96.000000,95.000000,95.000000,5.0,-13.5010,-12.3673,-47.8672,-49.0009,PENDING_AG03,FALSE,NOT_FOR_ENFORCEMENT,-58.9135,1234.2546,-61.3682,-58.9135,-2.4547,-0.04409469,-0.04233091,-2.4547,-58.9135,-0.04233091,-2.4547,-2.4547,-2.4547,-3.0684,-3.0684,-58.9135,-0.04233091,-13.5010,-12.3673,-47.8672,-49.0009,-0.03439386,-0.03520848,-0.00176379,5.4578,5.0419,-0.2407,-12.2736,-0.6327,278.3474,51.0000,,5.4578,5.1431,5.1891,5.1891,7.7837,7.7837,7.7837,5.1891,0.0,1.5,1.5,1.051771,21,76,8,2,0E-8,-0.04409469,,0E-8,0.000000,0.923797,0.000000,,2026-05-13,2026-06-17,5,97,56,36,0.138889,,,0.000000,,,,,,,,GLOBAL_BASELINE_NO_ENTITY_RANKING,,,NOT_APPLICABLE_GLOBAL_BASELINE,HF9g-P5,,,,X 全窗基线 · 不参与实体赏罚,3929155,393,A168_HF9F_20260827_0900,2026-08-27 09:00:00
2026-05-20,98995202,-1,1,11.6755746977,0.9729645581,0.9729645581,0.5000000,2,2,0.50665070000000000,0.506650700000,-0.018812684590367487,-0.018812684590367487,-0.018812684590367487,0E-17,SENTINEL_DEALER,R03b_20260811_FULL_v1,L1_ELIGIBILITY,v2026-08-11,2026-03-21..2026-08-06,baccarat_bet02_101_all_pairs_incl_sentinel,round_win = game_pnl > 0 (decisive only),COMPATIBILITY_ONLY_NOT_PRODUCTION,1391.7371,1285.6819,-61.3682,255,255,0.04409469,,0.04409469,0.04409469,61.3682,1391.7371,OK,0.0000,-2.4547,4.0000,96.0000,AG03-UNRESOLVED,ALL5_LEVELS_bet23_to_bet27,-2.4547,-2.4547,-2.4547,-3.0684,-3.0684,4.000000,4.000000,4.000000,5.000000,5.000000,96.000000,96.000000,96.000000,95.000000,95.000000,5.0,-13.5010,-12.3673,-47.8672,-49.0009,PENDING_AG03,FALSE,NOT_FOR_ENFORCEMENT,-58.9135,1234.2546,-61.3682,-58.9135,-2.4547,-0.04409469,-0.04233091,-2.4547,-58.9135,-0.04233091,-2.4547,-2.4547,-2.4547,-3.0684,-3.0684,-58.9135,-0.04233091,-13.5010,-12.3673,-47.8672,-49.0009,-0.03439386,-0.03520848,-0.00176379,5.4578,5.0419,-0.2407,-12.2736,-0.6327,278.3474,51.0000,,5.4578,5.1431,5.1891,5.1891,7.7837,7.7837,7.7837,5.1891,0.0,1.5,1.5,1.051771,21,76,8,2,0E-8,-0.04409469,,0E-8,0.000000,0.923797,0.000000,,2026-05-13,2026-06-17,5,97,56,36,0.138889,,,0.000000,,,,,,,,GLOBAL_BASELINE_NO_ENTITY_RANKING,,,NOT_APPLICABLE_GLOBAL_BASELINE,HF9g-P5,,,,X 全窗基线 · 不参与实体赏罚,3929156,393,A168_HF9F_20260827_0900,2026-08-27 09:00:00
2026-05-20,98995202,1078,0,14.0106896373,13.3101551554,13.3101551554,1.0000000,3,3,0.50665070000000000,0.506650700000,1.7091633124209307,1.7091633124209307,1.7091633124209307,0E-17,ELIGIBLE,R03b_20260811_FULL_v1,L1_ELIGIBILITY,v2026-08-11,2026-03-21..2026-08-06,baccarat_bet02_101_all_pairs_incl_sentinel,round_win = game_pnl > 0 (decisive only),COMPATIBILITY_ONLY_NOT_PRODUCTION,1391.7371,1285.6819,-61.3682,255,255,0.04409469,,0.04409469,0.04409469,61.3682,1391.7371,OK,0.0000,-2.4547,4.0000,96.0000,AG03-UNRESOLVED,ALL5_LEVELS_bet23_to_bet27,-2.4547,-2.4547,-2.4547,-3.0684,-3.0684,4.000000,4.000000,4.000000,5.000000,5.000000,96.000000,96.000000,96.000000,95.000000,95.000000,5.0,-13.5010,-12.3673,-47.8672,-49.0009,PENDING_AG03,FALSE,NOT_FOR_ENFORCEMENT,-58.9135,1234.2546,-61.3682,-58.9135,-2.4547,-0.04409469,-0.04233091,-2.4547,-58.9135,-0.04233091,-2.4547,-2.4547,-2.4547,-3.0684,-3.0684,-58.9135,-0.04233091,-13.5010,-12.3673,-47.8672,-49.0009,-0.03439386,-0.03520848,-0.00176379,5.4578,5.0419,-0.2407,-12.2736,-0.6327,278.3474,51.0000,,5.4578,5.1431,5.1891,5.1891,7.7837,7.7837,7.7837,5.1891,0.0,1.5,1.5,1.051771,21,76,8,2,0E-8,-0.04409469,,0E-8,0.000000,0.923797,0.000000,,2026-05-13,2026-06-17,5,97,56,36,0.138889,,,0.000000,,,,,,,,GLOBAL_BASELINE_NO_ENTITY_RANKING,,,NOT_APPLICABLE_GLOBAL_BASELINE,HF9g-P5,,,,X 全窗基线 · 不参与实体赏罚,3929157,393,A168_HF9F_20260827_0900,2026-08-27 09:00:00
2026-05-20,98995202,1109,0,20.7565772404,-5.1891443101,-5.1891443101,0.3333333,4,4,0.49994810000000000,0.499948100000,-0.5771704854251445,-0.5771704854251445,-0.5771704854251445,0E-17,ELIGIBLE,R03b_20260811_FULL_v1,L1_ELIGIBILITY,v2026-08-11,2026-03-21..2026-08-06,baccarat_bet02_101_all_pairs_incl_sentinel,round_win = game_pnl > 0 (decisive only),COMPATIBILITY_ONLY_NOT_PRODUCTION,1391.7371,1285.6819,-61.3682,255,255,0.04409469,,0.04409469,0.04409469,61.3682,1391.7371,OK,0.0000,-2.4547,4.0000,96.0000,AG03-UNRESOLVED,ALL5_LEVELS_bet23_to_bet27,-2.4547,-2.4547,-2.4547,-3.0684,-3.0684,4.000000,4.000000,4.000000,5.000000,5.000000,96.000000,96.000000,96.000000,95.000000,95.000000,5.0,-13.5010,-12.3673,-47.8672,-49.0009,PENDING_AG03,FALSE,NOT_FOR_ENFORCEMENT,-58.9135,1234.2546,-61.3682,-58.9135,-2.4547,-0.04409469,-0.04233091,-2.4547,-58.9135,-0.04233091,-2.4547,-2.4547,-2.4547,-3.0684,-3.0684,-58.9135,-0.04233091,-13.5010,-12.3673,-47.8672,-49.0009,-0.03439386,-0.03520848,-0.00176379,5.4578,5.0419,-0.2407,-12.2736,-0.6327,278.3474,51.0000,,5.4578,5.1431,5.1891,5.1891,7.7837,7.7837,7.7837,5.1891,0.0,1.5,1.5,1.051771,21,76,8,2,0E-8,-0.04409469,,0E-8,0.000000,0.923797,0.000000,,2026-05-13,2026-06-17,5,97,56,36,0.138889,,,0.000000,,,,,,,,GLOBAL_BASELINE_NO_ENTITY_RANKING,,,NOT_APPLICABLE_GLOBAL_BASELINE,HF9g-P5,,,,X 全窗基线 · 不参与实体赏罚,3929158,393,A168_HF9F_20260827_0900,2026-08-27 09:00:00
2026-05-20,98995202,1304,0,10.3782886202,-5.1891443101,-5.1891443101,0E-7,2,2,0.49994810000000000,0.499948100000,-0.9998962053866608,-0.9998962053866608,-0.9998962053866608,0E-17,ELIGIBLE,R03b_20260811_FULL_v1,L1_ELIGIBILITY,v2026-08-11,2026-03-21..2026-08-06,baccarat_bet02_101_all_pairs_incl_sentinel,round_win = game_pnl > 0 (decisive only),COMPATIBILITY_ONLY_NOT_PRODUCTION,1391.7371,1285.6819,-61.3682,255,255,0.04409469,,0.04409469,0.04409469,61.3682,1391.7371,OK,0.0000,-2.4547,4.0000,96.0000,AG03-UNRESOLVED,ALL5_LEVELS_bet23_to_bet27,-2.4547,-2.4547,-2.4547,-3.0684,-3.0684,4.000000,4.000000,4.000000,5.000000,5.000000,96.000000,96.000000,96.000000,95.000000,95.000000,5.0,-13.5010,-12.3673,-47.8672,-49.0009,PENDING_AG03,FALSE,NOT_FOR_ENFORCEMENT,-58.9135,1234.2546,-61.3682,-58.9135,-2.4547,-0.04409469,-0.04233091,-2.4547,-58.9135,-0.04233091,-2.4547,-2.4547,-2.4547,-3.0684,-3.0684,-58.9135,-0.04233091,-13.5010,-12.3673,-47.8672,-49.0009,-0.03439386,-0.03520848,-0.00176379,5.4578,5.0419,-0.2407,-12.2736,-0.6327,278.3474,51.0000,,5.4578,5.1431,5.1891,5.1891,7.7837,7.7837,7.7837,5.1891,0.0,1.5,1.5,1.051771,21,76,8,2,0E-8,-0.04409469,,0E-8,0.000000,0.923797,0.000000,,2026-05-13,2026-06-17,5,97,56,36,0.138889,,,0.000000,,,,,,,,GLOBAL_BASELINE_NO_ENTITY_RANKING,,,NOT_APPLICABLE_GLOBAL_BASELINE,HF9g-P5,,,,X 全窗基线 · 不参与实体赏罚,3929159,393,A168_HF9F_20260827_0900,2026-08-27 09:00:00
2026-05-20,98995202,1307,0,75.2425924968,30.7456800375,30.7456800375,0.7000000,11,11,0.49933877272727273,0.499338772727,1.2690941422840207,1.2690941422857465,1.2690941422840207,2.7273E-13,ELIGIBLE,R03b_20260811_FULL_v1,L1_ELIGIBILITY,v2026-08-11,2026-03-21..2026-08-06,baccarat_bet02_101_all_pairs_incl_sentinel,round_win = game_pnl > 0 (decisive only),COMPATIBILITY_ONLY_NOT_PRODUCTION,1391.7371,1285.6819,-61.3682,255,255,0.04409469,,0.04409469,0.04409469,61.3682,1391.7371,OK,0.0000,-2.4547,4.0000,96.0000,AG03-UNRESOLVED,ALL5_LEVELS_bet23_to_bet27,-2.4547,-2.4547,-2.4547,-3.0684,-3.0684,4.000000,4.000000,4.000000,5.000000,5.000000,96.000000,96.000000,96.000000,95.000000,95.000000,5.0,-13.5010,-12.3673,-47.8672,-49.0009,PENDING_AG03,FALSE,NOT_FOR_ENFORCEMENT,-58.9135,1234.2546,-61.3682,-58.9135,-2.4547,-0.04409469,-0.04233091,-2.4547,-58.9135,-0.04233091,-2.4547,-2.4547,-2.4547,-3.0684,-3.0684,-58.9135,-0.04233091,-13.5010,-12.3673,-47.8672,-49.0009,-0.03439386,-0.03520848,-0.00176379,5.4578,5.0419,-0.2407,-12.2736,-0.6327,278.3474,51.0000,,5.4578,5.1431,5.1891,5.1891,7.7837,7.7837,7.7837,5.1891,0.0,1.5,1.5,1.051771,21,76,8,2,0E-8,-0.04409469,,0E-8,0.000000,0.923797,0.000000,,2026-05-13,2026-06-17,5,97,56,36,0.138889,,,0.000000,,,,,,,,GLOBAL_BASELINE_NO_ENTITY_RANKING,,,NOT_APPLICABLE_GLOBAL_BASELINE,HF9g-P5,,,,X 全窗基线 · 不参与实体赏罚,3929160,393,A168_HF9F_20260827_0900,2026-08-27 09:00:00
2026-05-20,98995202,1385,0,6.4864303876,-6.4864303876,-6.4864303876,0E-7,1,1,0.49324550000000000,0.493245500000,-0.9865810262130424,-0.9865810262130424,-0.9865810262130424,0E-17,ELIGIBLE,R03b_20260811_FULL_v1,L1_ELIGIBILITY,v2026-08-11,2026-03-21..2026-08-06,baccarat_bet02_101_all_pairs_incl_sentinel,round_win = game_pnl > 0 (decisive only),COMPATIBILITY_ONLY_NOT_PRODUCTION,1391.7371,1285.6819,-61.3682,255,255,0.04409469,,0.04409469,0.04409469,61.3682,1391.7371,OK,0.0000,-2.4547,4.0000,96.0000,AG03-UNRESOLVED,ALL5_LEVELS_bet23_to_bet27,-2.4547,-2.4547,-2.4547,-3.0684,-3.0684,4.000000,4.000000,4.000000,5.000000,5.000000,96.000000,96.000000,96.000000,95.000000,95.000000,5.0,-13.5010,-12.3673,-47.8672,-49.0009,PENDING_AG03,FALSE,NOT_FOR_ENFORCEMENT,-58.9135,1234.2546,-61.3682,-58.9135,-2.4547,-0.04409469,-0.04233091,-2.4547,-58.9135,-0.04233091,-2.4547,-2.4547,-2.4547,-3.0684,-3.0684,-58.9135,-0.04233091,-13.5010,-12.3673,-47.8672,-49.0009,-0.03439386,-0.03520848,-0.00176379,5.4578,5.0419,-0.2407,-12.2736,-0.6327,278.3474,51.0000,,5.4578,5.1431,5.1891,5.1891,7.7837,7.7837,7.7837,5.1891,0.0,1.5,1.5,1.051771,21,76,8,2,0E-8,-0.04409469,,0E-8,0.000000,0.923797,0.000000,,2026-05-13,2026-06-17,5,97,56,36,0.138889,,,0.000000,,,,,,,,GLOBAL_BASELINE_NO_ENTITY_RANKING,,,NOT_APPLICABLE_GLOBAL_BASELINE,HF9g-P5,,,,X 全窗基线 · 不参与实体赏罚,3929161,393,A168_HF9F_20260827_0900,2026-08-27 09:00:00
2026-05-20,98995202,1396,0,15.5674329303,-15.5674329303,-15.5674329303,0E-7,3,3,0.49771390000000000,0.497713900000,-1.724149546644903,-1.724149546644903,-1.724149546644903,0E-17,ELIGIBLE,R03b_20260811_FULL_v1,L1_ELIGIBILITY,v2026-08-11,2026-03-21..2026-08-06,baccarat_bet02_101_all_pairs_incl_sentinel,round_win = game_pnl > 0 (decisive only),COMPATIBILITY_ONLY_NOT_PRODUCTION,1391.7371,1285.6819,-61.3682,255,255,0.04409469,,0.04409469,0.04409469,61.3682,1391.7371,OK,0.0000,-2.4547,4.0000,96.0000,AG03-UNRESOLVED,ALL5_LEVELS_bet23_to_bet27,-2.4547,-2.4547,-2.4547,-3.0684,-3.0684,4.000000,4.000000,4.000000,5.000000,5.000000,96.000000,96.000000,96.000000,95.000000,95.000000,5.0,-13.5010,-12.3673,-47.8672,-49.0009,PENDING_AG03,FALSE,NOT_FOR_ENFORCEMENT,-58.9135,1234.2546,-61.3682,-58.9135,-2.4547,-0.04409469,-0.04233091,-2.4547,-58.9135,-0.04233091,-2.4547,-2.4547,-2.4547,-3.0684,-3.0684,-58.9135,-0.04233091,-13.5010,-12.3673,-47.8672,-49.0009,-0.03439386,-0.03520848,-0.00176379,5.4578,5.0419,-0.2407,-12.2736,-0.6327,278.3474,51.0000,,5.4578,5.1431,5.1891,5.1891,7.7837,7.7837,7.7837,5.1891,0.0,1.5,1.5,1.051771,21,76,8,2,0E-8,-0.04409469,,0E-8,0.000000,0.923797,0.000000,,2026-05-13,2026-06-17,5,97,56,36,0.138889,,,0.000000,,,,,,,,GLOBAL_BASELINE_NO_ENTITY_RANKING,,,NOT_APPLICABLE_GLOBAL_BASELINE,HF9g-P5,,,,X 全窗基线 · 不参与实体赏罚,3929162,393,A168_HF9F_20260827_0900,2026-08-27 09:00:00
2026-05-20,98995202,1399,0,5.1891443101,4.9296870946,4.9296870946,1.0000000,1,1,0.50665070000000000,0.506650700000,0.9867858985152569,0.9867858985152569,0.9867858985152569,0E-17,ELIGIBLE,R03b_20260811_FULL_v1,L1_ELIGIBILITY,v2026-08-11,2026-03-21..2026-08-06,baccarat_bet02_101_all_pairs_incl_sentinel,round_win = game_pnl > 0 (decisive only),COMPATIBILITY_ONLY_NOT_PRODUCTION,1391.7371,1285.6819,-61.3682,255,255,0.04409469,,0.04409469,0.04409469,61.3682,1391.7371,OK,0.0000,-2.4547,4.0000,96.0000,AG03-UNRESOLVED,ALL5_LEVELS_bet23_to_bet27,-2.4547,-2.4547,-2.4547,-3.0684,-3.0684,4.000000,4.000000,4.000000,5.000000,5.000000,96.000000,96.000000,96.000000,95.000000,95.000000,5.0,-13.5010,-12.3673,-47.8672,-49.0009,PENDING_AG03,FALSE,NOT_FOR_ENFORCEMENT,-58.9135,1234.2546,-61.3682,-58.9135,-2.4547,-0.04409469,-0.04233091,-2.4547,-58.9135,-0.04233091,-2.4547,-2.4547,-2.4547,-3.0684,-3.0684,-58.9135,-0.04233091,-13.5010,-12.3673,-47.8672,-49.0009,-0.03439386,-0.03520848,-0.00176379,5.4578,5.0419,-0.2407,-12.2736,-0.6327,278.3474,51.0000,,5.4578,5.1431,5.1891,5.1891,7.7837,7.7837,7.7837,5.1891,0.0,1.5,1.5,1.051771,21,76,8,2,0E-8,-0.04409469,,0E-8,0.000000,0.923797,0.000000,,2026-05-13,2026-06-17,5,97,56,36,0.138889,,,0.000000,,,,,,,,GLOBAL_BASELINE_NO_ENTITY_RANKING,,,NOT_APPLICABLE_GLOBAL_BASELINE,HF9g-P5,,,,X 全窗基线 · 不参与实体赏罚,3929163,393,A168_HF9F_20260827_0900,2026-08-27 09:00:00
2026-05-20,98995202,1400,0,25.9457215505,25.1673499040,25.1673499040,1.0000000,5,5,0.50128862000000000,0.501288620000,2.2303125007307085,2.2303125007307085,2.2303125007307085,0E-17,ELIGIBLE,R03b_20260811_FULL_v1,L1_ELIGIBILITY,v2026-08-11,2026-03-21..2026-08-06,baccarat_bet02_101_all_pairs_incl_sentinel,round_win = game_pnl > 0 (decisive only),COMPATIBILITY_ONLY_NOT_PRODUCTION,1391.7371,1285.6819,-61.3682,255,255,0.04409469,,0.04409469,0.04409469,61.3682,1391.7371,OK,0.0000,-2.4547,4.0000,96.0000,AG03-UNRESOLVED,ALL5_LEVELS_bet23_to_bet27,-2.4547,-2.4547,-2.4547,-3.0684,-3.0684,4.000000,4.000000,4.000000,5.000000,5.000000,96.000000,96.000000,96.000000,95.000000,95.000000,5.0,-13.5010,-12.3673,-47.8672,-49.0009,PENDING_AG03,FALSE,NOT_FOR_ENFORCEMENT,-58.9135,1234.2546,-61.3682,-58.9135,-2.4547,-0.04409469,-0.04233091,-2.4547,-58.9135,-0.04233091,-2.4547,-2.4547,-2.4547,-3.0684,-3.0684,-58.9135,-0.04233091,-13.5010,-12.3673,-47.8672,-49.0009,-0.03439386,-0.03520848,-0.00176379,5.4578,5.0419,-0.2407,-12.2736,-0.6327,278.3474,51.0000,,5.4578,5.1431,5.1891,5.1891,7.7837,7.7837,7.7837,5.1891,0.0,1.5,1.5,1.051771,21,76,8,2,0E-8,-0.04409469,,0E-8,0.000000,0.923797,0.000000,,2026-05-13,2026-06-17,5,97,56,36,0.138889,,,0.000000,,,,,,,,GLOBAL_BASELINE_NO_ENTITY_RANKING,,,NOT_APPLICABLE_GLOBAL_BASELINE,HF9g-P5,,,,X 全窗基线 · 不参与实体赏罚,3929164,393,A168_HF9F_20260827_0900,2026-08-27 09:00:00
2026-05-20,98995202,1623,0,7.7837164652,-7.7837164652,-7.7837164652,0E-7,1,1,0.49324550000000000,0.493245500000,-0.9865810262130424,-0.9865810262130424,-0.9865810262130424,0E-17,ELIGIBLE,R03b_20260811_FULL_v1,L1_ELIGIBILITY,v2026-08-11,2026-03-21..2026-08-06,baccarat_bet02_101_all_pairs_incl_sentinel,round_win = game_pnl > 0 (decisive only),COMPATIBILITY_ONLY_NOT_PRODUCTION,1391.7371,1285.6819,-61.3682,255,255,0.04409469,,0.04409469,0.04409469,61.3682,1391.7371,OK,0.0000,-2.4547,4.0000,96.0000,AG03-UNRESOLVED,ALL5_LEVELS_bet23_to_bet27,-2.4547,-2.4547,-2.4547,-3.0684,-3.0684,4.000000,4.000000,4.000000,5.000000,5.000000,96.000000,96.000000,96.000000,95.000000,95.000000,5.0,-13.5010,-12.3673,-47.8672,-49.0009,PENDING_AG03,FALSE,NOT_FOR_ENFORCEMENT,-58.9135,1234.2546,-61.3682,-58.9135,-2.4547,-0.04409469,-0.04233091,-2.4547,-58.9135,-0.04233091,-2.4547,-2.4547,-2.4547,-3.0684,-3.0684,-58.9135,-0.04233091,-13.5010,-12.3673,-47.8672,-49.0009,-0.03439386,-0.03520848,-0.00176379,5.4578,5.0419,-0.2407,-12.2736,-0.6327,278.3474,51.0000,,5.4578,5.1431,5.1891,5.1891,7.7837,7.7837,7.7837,5.1891,0.0,1.5,1.5,1.051771,21,76,8,2,0E-8,-0.04409469,,0E-8,0.000000,0.923797,0.000000,,2026-05-13,2026-06-17,5,97,56,36,0.138889,,,0.000000,,,,,,,,GLOBAL_BASELINE_NO_ENTITY_RANKING,,,NOT_APPLICABLE_GLOBAL_BASELINE,HF9g-P5,,,,X 全窗基线 · 不参与实体赏罚,3929165,393,A168_HF9F_20260827_0900,2026-08-27 09:00:00
2026-05-20,98995202,1935,0,7.7837164652,7.3945306419,7.3945306419,1.0000000,1,1,0.50665070000000000,0.506650700000,0.9867858985152569,0.9867858985152569,0.9867858985152569,0E-17,ELIGIBLE,R03b_20260811_FULL_v1,L1_ELIGIBILITY,v2026-08-11,2026-03-21..2026-08-06,baccarat_bet02_101_all_pairs_incl_sentinel,round_win = game_pnl > 0 (decisive only),COMPATIBILITY_ONLY_NOT_PRODUCTION,1391.7371,1285.6819,-61.3682,255,255,0.04409469,,0.04409469,0.04409469,61.3682,1391.7371,OK,0.0000,-2.4547,4.0000,96.0000,AG03-UNRESOLVED,ALL5_LEVELS_bet23_to_bet27,-2.4547,-2.4547,-2.4547,-3.0684,-3.0684,4.000000,4.000000,4.000000,5.000000,5.000000,96.000000,96.000000,96.000000,95.000000,95.000000,5.0,-13.5010,-12.3673,-47.8672,-49.0009,PENDING_AG03,FALSE,NOT_FOR_ENFORCEMENT,-58.9135,1234.2546,-61.3682,-58.9135,-2.4547,-0.04409469,-0.04233091,-2.4547,-58.9135,-0.04233091,-2.4547,-2.4547,-2.4547,-3.0684,-3.0684,-58.9135,-0.04233091,-13.5010,-12.3673,-47.8672,-49.0009,-0.03439386,-0.03520848,-0.00176379,5.4578,5.0419,-0.2407,-12.2736,-0.6327,278.3474,51.0000,,5.4578,5.1431,5.1891,5.1891,7.7837,7.7837,7.7837,5.1891,0.0,1.5,1.5,1.051771,21,76,8,2,0E-8,-0.04409469,,0E-8,0.000000,0.923797,0.000000,,2026-05-13,2026-06-17,5,97,56,36,0.138889,,,0.000000,,,,,,,,GLOBAL_BASELINE_NO_ENTITY_RANKING,,,NOT_APPLICABLE_GLOBAL_BASELINE,HF9g-P5,,,,X 全窗基线 · 不参与实体赏罚,3929166,393,A168_HF9F_20260827_0900,2026-08-27 09:00:00
2026-05-20,98995202,1966,0,7.7837164652,-7.7837164652,-7.7837164652,0E-7,1,1,0.50665070000000000,0.506650700000,-1.013391052207602,-1.013391052207602,-1.013391052207602,0E-17,ELIGIBLE,R03b_20260811_FULL_v1,L1_ELIGIBILITY,v2026-08-11,2026-03-21..2026-08-06,baccarat_bet02_101_all_pairs_incl_sentinel,round_win = game_pnl > 0 (decisive only),COMPATIBILITY_ONLY_NOT_PRODUCTION,1391.7371,1285.6819,-61.3682,255,255,0.04409469,,0.04409469,0.04409469,61.3682,1391.7371,OK,0.0000,-2.4547,4.0000,96.0000,AG03-UNRESOLVED,ALL5_LEVELS_bet23_to_bet27,-2.4547,-2.4547,-2.4547,-3.0684,-3.0684,4.000000,4.000000,4.000000,5.000000,5.000000,96.000000,96.000000,96.000000,95.000000,95.000000,5.0,-13.5010,-12.3673,-47.8672,-49.0009,PENDING_AG03,FALSE,NOT_FOR_ENFORCEMENT,-58.9135,1234.2546,-61.3682,-58.9135,-2.4547,-0.04409469,-0.04233091,-2.4547,-58.9135,-0.04233091,-2.4547,-2.4547,-2.4547,-3.0684,-3.0684,-58.9135,-0.04233091,-13.5010,-12.3673,-47.8672,-49.0009,-0.03439386,-0.03520848,-0.00176379,5.4578,5.0419,-0.2407,-12.2736,-0.6327,278.3474,51.0000,,5.4578,5.1431,5.1891,5.1891,7.7837,7.7837,7.7837,5.1891,0.0,1.5,1.5,1.051771,21,76,8,2,0E-8,-0.04409469,,0E-8,0.000000,0.923797,0.000000,,2026-05-13,2026-06-17,5,97,56,36,0.138889,,,0.000000,,,,,,,,GLOBAL_BASELINE_NO_ENTITY_RANKING,,,NOT_APPLICABLE_GLOBAL_BASELINE,HF9g-P5,,,,X 全窗基线 · 不参与实体赏罚,3929167,393,A168_HF9F_20260827_0900,2026-08-27 09:00:00
2026-05-20,98995202,2101,0,18.1620050854,-2.8540293705,-2.8540293705,0.5000000,4,4,0.49994810000000000,0.499948100000,0.00020760000111838688,0.00020760000111838688,0.00020760000111838688,0E-17,ELIGIBLE,R03b_20260811_FULL_v1,L1_ELIGIBILITY,v2026-08-11,2026-03-21..2026-08-06,baccarat_bet02_101_all_pairs_incl_sentinel,round_win = game_pnl > 0 (decisive only),COMPATIBILITY_ONLY_NOT_PRODUCTION,1391.7371,1285.6819,-61.3682,255,255,0.04409469,,0.04409469,0.04409469,61.3682,1391.7371,OK,0.0000,-2.4547,4.0000,96.0000,AG03-UNRESOLVED,ALL5_LEVELS_bet23_to_bet27,-2.4547,-2.4547,-2.4547,-3.0684,-3.0684,4.000000,4.000000,4.000000,5.000000,5.000000,96.000000,96.000000,96.000000,95.000000,95.000000,5.0,-13.5010,-12.3673,-47.8672,-49.0009,PENDING_AG03,FALSE,NOT_FOR_ENFORCEMENT,-58.9135,1234.2546,-61.3682,-58.9135,-2.4547,-0.04409469,-0.04233091,-2.4547,-58.9135,-0.04233091,-2.4547,-2.4547,-2.4547,-3.0684,-3.0684,-58.9135,-0.04233091,-13.5010,-12.3673,-47.8672,-49.0009,-0.03439386,-0.03520848,-0.00176379,5.4578,5.0419,-0.2407,-12.2736,-0.6327,278.3474,51.0000,,5.4578,5.1431,5.1891,5.1891,7.7837,7.7837,7.7837,5.1891,0.0,1.5,1.5,1.051771,21,76,8,2,0E-8,-0.04409469,,0E-8,0.000000,0.923797,0.000000,,2026-05-13,2026-06-17,5,97,56,36,0.138889,,,0.000000,,,,,,,,GLOBAL_BASELINE_NO_ENTITY_RANKING,,,NOT_APPLICABLE_GLOBAL_BASELINE,HF9g-P5,,,,X 全窗基线 · 不参与实体赏罚,3929168,393,A168_HF9F_20260827_0900,2026-08-27 09:00:00
2026-05-20,98995202,2108,0,10.3782886202,10.1188314047,10.1188314047,1.0000000,2,2,0.49994810000000000,0.499948100000,1.4143603653603398,1.4143603653603398,1.4143603653603398,0E-17,ELIGIBLE,R03b_20260811_FULL_v1,L1_ELIGIBILITY,v2026-08-11,2026-03-21..2026-08-06,baccarat_bet02_101_all_pairs_incl_sentinel,round_win = game_pnl > 0 (decisive only),COMPATIBILITY_ONLY_NOT_PRODUCTION,1391.7371,1285.6819,-61.3682,255,255,0.04409469,,0.04409469,0.04409469,61.3682,1391.7371,OK,0.0000,-2.4547,4.0000,96.0000,AG03-UNRESOLVED,ALL5_LEVELS_bet23_to_bet27,-2.4547,-2.4547,-2.4547,-3.0684,-3.0684,4.000000,4.000000,4.000000,5.000000,5.000000,96.000000,96.000000,96.000000,95.000000,95.000000,5.0,-13.5010,-12.3673,-47.8672,-49.0009,PENDING_AG03,FALSE,NOT_FOR_ENFORCEMENT,-58.9135,1234.2546,-61.3682,-58.9135,-2.4547,-0.04409469,-0.04233091,-2.4547,-58.9135,-0.04233091,-2.4547,-2.4547,-2.4547,-3.0684,-3.0684,-58.9135,-0.04233091,-13.5010,-12.3673,-47.8672,-49.0009,-0.03439386,-0.03520848,-0.00176379,5.4578,5.0419,-0.2407,-12.2736,-0.6327,278.3474,51.0000,,5.4578,5.1431,5.1891,5.1891,7.7837,7.7837,7.7837,5.1891,0.0,1.5,1.5,1.051771,21,76,8,2,0E-8,-0.04409469,,0E-8,0.000000,0.923797,0.000000,,2026-05-13,2026-06-17,5,97,56,36,0.138889,,,0.000000,,,,,,,,GLOBAL_BASELINE_NO_ENTITY_RANKING,,,NOT_APPLICABLE_GLOBAL_BASELINE,HF9g-P5,,,,X 全窗基线 · 不参与实体赏罚,3929169,393,A168_HF9F_20260827_0900,2026-08-27 09:00:00
2026-05-20,98995202,2129,0,23.8700638265,13.1025893830,13.1025893830,0.7500000,4,4,0.49659680000000000,0.496596800000,1.0136362796769356,1.0136362796769358,1.0136362796769356,0E-17,ELIGIBLE,R03b_20260811_FULL_v1,L1_ELIGIBILITY,v2026-08-11,2026-03-21..2026-08-06,baccarat_bet02_101_all_pairs_incl_sentinel,round_win = game_pnl > 0 (decisive only),COMPATIBILITY_ONLY_NOT_PRODUCTION,1391.7371,1285.6819,-61.3682,255,255,0.04409469,,0.04409469,0.04409469,61.3682,1391.7371,OK,0.0000,-2.4547,4.0000,96.0000,AG03-UNRESOLVED,ALL5_LEVELS_bet23_to_bet27,-2.4547,-2.4547,-2.4547,-3.0684,-3.0684,4.000000,4.000000,4.000000,5.000000,5.000000,96.000000,96.000000,96.000000,95.000000,95.000000,5.0,-13.5010,-12.3673,-47.8672,-49.0009,PENDING_AG03,FALSE,NOT_FOR_ENFORCEMENT,-58.9135,1234.2546,-61.3682,-58.9135,-2.4547,-0.04409469,-0.04233091,-2.4547,-58.9135,-0.04233091,-2.4547,-2.4547,-2.4547,-3.0684,-3.0684,-58.9135,-0.04233091,-13.5010,-12.3673,-47.8672,-49.0009,-0.03439386,-0.03520848,-0.00176379,5.4578,5.0419,-0.2407,-12.2736,-0.6327,278.3474,51.0000,,5.4578,5.1431,5.1891,5.1891,7.7837,7.7837,7.7837,5.1891,0.0,1.5,1.5,1.051771,21,76,8,2,0E-8,-0.04409469,,0E-8,0.000000,0.923797,0.000000,,2026-05-13,2026-06-17,5,97,56,36,0.138889,,,0.000000,,,,,,,,GLOBAL_BASELINE_NO_ENTITY_RANKING,,,NOT_APPLICABLE_GLOBAL_BASELINE,HF9g-P5,,,,X 全窗基线 · 不参与实体赏罚,3929170,393,A168_HF9F_20260827_0900,2026-08-27 09:00:00
2026-05-20,98995202,2153,0,10.3782886202,10.1188314047,10.1188314047,1.0000000,2,2,0.49994810000000000,0.499948100000,1.4143603653603398,1.4143603653603398,1.4143603653603398,0E-17,ELIGIBLE,R03b_20260811_FULL_v1,L1_ELIGIBILITY,v2026-08-11,2026-03-21..2026-08-06,baccarat_bet02_101_all_pairs_incl_sentinel,round_win = game_pnl > 0 (decisive only),COMPATIBILITY_ONLY_NOT_PRODUCTION,1391.7371,1285.6819,-61.3682,255,255,0.04409469,,0.04409469,0.04409469,61.3682,1391.7371,OK,0.0000,-2.4547,4.0000,96.0000,AG03-UNRESOLVED,ALL5_LEVELS_bet23_to_bet27,-2.4547,-2.4547,-2.4547,-3.0684,-3.0684,4.000000,4.000000,4.000000,5.000000,5.000000,96.000000,96.000000,96.000000,95.000000,95.000000,5.0,-13.5010,-12.3673,-47.8672,-49.0009,PENDING_AG03,FALSE,NOT_FOR_ENFORCEMENT,-58.9135,1234.2546,-61.3682,-58.9135,-2.4547,-0.04409469,-0.04233091,-2.4547,-58.9135,-0.04233091,-2.4547,-2.4547,-2.4547,-3.0684,-3.0684,-58.9135,-0.04233091,-13.5010,-12.3673,-47.8672,-49.0009,-0.03439386,-0.03520848,-0.00176379,5.4578,5.0419,-0.2407,-12.2736,-0.6327,278.3474,51.0000,,5.4578,5.1431,5.1891,5.1891,7.7837,7.7837,7.7837,5.1891,0.0,1.5,1.5,1.051771,21,76,8,2,0E-8,-0.04409469,,0E-8,0.000000,0.923797,0.000000,,2026-05-13,2026-06-17,5,97,56,36,0.138889,,,0.000000,,,,,,,,GLOBAL_BASELINE_NO_ENTITY_RANKING,,,NOT_APPLICABLE_GLOBAL_BASELINE,HF9g-P5,,,,X 全窗基线 · 不参与实体赏罚,3929171,393,A168_HF9F_20260827_0900,2026-08-27 09:00:00
2026-05-20,98995202,2167,0,5.1891443101,4.9296870946,4.9296870946,1.0000000,1,1,0.50665070000000000,0.506650700000,0.9867858985152569,0.9867858985152569,0.9867858985152569,0E-17,ELIGIBLE,R03b_20260811_FULL_v1,L1_ELIGIBILITY,v2026-08-11,2026-03-21..2026-08-06,baccarat_bet02_101_all_pairs_incl_sentinel,round_win = game_pnl > 0 (decisive only),COMPATIBILITY_ONLY_NOT_PRODUCTION,1391.7371,1285.6819,-61.3682,255,255,0.04409469,,0.04409469,0.04409469,61.3682,1391.7371,OK,0.0000,-2.4547,4.0000,96.0000,AG03-UNRESOLVED,ALL5_LEVELS_bet23_to_bet27,-2.4547,-2.4547,-2.4547,-3.0684,-3.0684,4.000000,4.000000,4.000000,5.000000,5.000000,96.000000,96.000000,96.000000,95.000000,95.000000,5.0,-13.5010,-12.3673,-47.8672,-49.0009,PENDING_AG03,FALSE,NOT_FOR_ENFORCEMENT,-58.9135,1234.2546,-61.3682,-58.9135,-2.4547,-0.04409469,-0.04233091,-2.4547,-58.9135,-0.04233091,-2.4547,-2.4547,-2.4547,-3.0684,-3.0684,-58.9135,-0.04233091,-13.5010,-12.3673,-47.8672,-49.0009,-0.03439386,-0.03520848,-0.00176379,5.4578,5.0419,-0.2407,-12.2736,-0.6327,278.3474,51.0000,,5.4578,5.1431,5.1891,5.1891,7.7837,7.7837,7.7837,5.1891,0.0,1.5,1.5,1.051771,21,76,8,2,0E-8,-0.04409469,,0E-8,0.000000,0.923797,0.000000,,2026-05-13,2026-06-17,5,97,56,36,0.138889,,,0.000000,,,,,,,,GLOBAL_BASELINE_NO_ENTITY_RANKING,,,NOT_APPLICABLE_GLOBAL_BASELINE,HF9g-P5,,,,X 全窗基线 · 不参与实体赏罚,3929172,393,A168_HF9F_20260827_0900,2026-08-27 09:00:00
2026-05-20,98995202,2174,0,31.1348658606,4.6702298791,4.6702298791,0.6000000,6,6,0.50441650000000000,0.504416500000,0.42747908374280613,0.42747908374280613,0.42747908374280613,0E-17,ELIGIBLE,R03b_20260811_FULL_v1,L1_ELIGIBILITY,v2026-08-11,2026-03-21..2026-08-06,baccarat_bet02_101_all_pairs_incl_sentinel,round_win = game_pnl > 0 (decisive only),COMPATIBILITY_ONLY_NOT_PRODUCTION,1391.7371,1285.6819,-61.3682,255,255,0.04409469,,0.04409469,0.04409469,61.3682,1391.7371,OK,0.0000,-2.4547,4.0000,96.0000,AG03-UNRESOLVED,ALL5_LEVELS_bet23_to_bet27,-2.4547,-2.4547,-2.4547,-3.0684,-3.0684,4.000000,4.000000,4.000000,5.000000,5.000000,96.000000,96.000000,96.000000,95.000000,95.000000,5.0,-13.5010,-12.3673,-47.8672,-49.0009,PENDING_AG03,FALSE,NOT_FOR_ENFORCEMENT,-58.9135,1234.2546,-61.3682,-58.9135,-2.4547,-0.04409469,-0.04233091,-2.4547,-58.9135,-0.04233091,-2.4547,-2.4547,-2.4547,-3.0684,-3.0684,-58.9135,-0.04233091,-13.5010,-12.3673,-47.8672,-49.0009,-0.03439386,-0.03520848,-0.00176379,5.4578,5.0419,-0.2407,-12.2736,-0.6327,278.3474,51.0000,,5.4578,5.1431,5.1891,5.1891,7.7837,7.7837,7.7837,5.1891,0.0,1.5,1.5,1.051771,21,76,8,2,0E-8,-0.04409469,,0E-8,0.000000,0.923797,0.000000,,2026-05-13,2026-06-17,5,97,56,36,0.138889,,,0.000000,,,,,,,,GLOBAL_BASELINE_NO_ENTITY_RANKING,,,NOT_APPLICABLE_GLOBAL_BASELINE,HF9g-P5,,,,X 全窗基线 · 不参与实体赏罚,3929173,393,A168_HF9F_20260827_0900,2026-08-27 09:00:00
2026-05-20,98995202,2212,0,23.3511493956,-15.5674329304,-15.5674329304,0E-7,3,3,0.49771390000000000,0.497713900000,-1.4077622098436522,-1.4077622098436524,-1.4077622098436522,0E-17,ELIGIBLE,R03b_20260811_FULL_v1,L1_ELIGIBILITY,v2026-08-11,2026-03-21..2026-08-06,baccarat_bet02_101_all_pairs_incl_sentinel,round_win = game_pnl > 0 (decisive only),COMPATIBILITY_ONLY_NOT_PRODUCTION,1391.7371,1285.6819,-61.3682,255,255,0.04409469,,0.04409469,0.04409469,61.3682,1391.7371,OK,0.0000,-2.4547,4.0000,96.0000,AG03-UNRESOLVED,ALL5_LEVELS_bet23_to_bet27,-2.4547,-2.4547,-2.4547,-3.0684,-3.0684,4.000000,4.000000,4.000000,5.000000,5.000000,96.000000,96.000000,96.000000,95.000000,95.000000,5.0,-13.5010,-12.3673,-47.8672,-49.0009,PENDING_AG03,FALSE,NOT_FOR_ENFORCEMENT,-58.9135,1234.2546,-61.3682,-58.9135,-2.4547,-0.04409469,-0.04233091,-2.4547,-58.9135,-0.04233091,-2.4547,-2.4547,-2.4547,-3.0684,-3.0684,-58.9135,-0.04233091,-13.5010,-12.3673,-47.8672,-49.0009,-0.03439386,-0.03520848,-0.00176379,5.4578,5.0419,-0.2407,-12.2736,-0.6327,278.3474,51.0000,,5.4578,5.1431,5.1891,5.1891,7.7837,7.7837,7.7837,5.1891,0.0,1.5,1.5,1.051771,21,76,8,2,0E-8,-0.04409469,,0E-8,0.000000,0.923797,0.000000,,2026-05-13,2026-06-17,5,97,56,36,0.138889,,,0.000000,,,,,,,,GLOBAL_BASELINE_NO_ENTITY_RANKING,,,NOT_APPLICABLE_GLOBAL_BASELINE,HF9g-P5,,,,X 全窗基线 · 不参与实体赏罚,3929174,393,A168_HF9F_20260827_0900,2026-08-27 09:00:00
2026-05-20,98995202,2220,0,10.3782886202,10.1188314047,10.1188314047,1.0000000,2,2,0.49994810000000000,0.499948100000,1.4143603653603398,1.4143603653603398,1.4143603653603398,0E-17,ELIGIBLE,R03b_20260811_FULL_v1,L1_ELIGIBILITY,v2026-08-11,2026-03-21..2026-08-06,baccarat_bet02_101_all_pairs_incl_sentinel,round_win = game_pnl > 0 (decisive only),COMPATIBILITY_ONLY_NOT_PRODUCTION,1391.7371,1285.6819,-61.3682,255,255,0.04409469,,0.04409469,0.04409469,61.3682,1391.7371,OK,0.0000,-2.4547,4.0000,96.0000,AG03-UNRESOLVED,ALL5_LEVELS_bet23_to_bet27,-2.4547,-2.4547,-2.4547,-3.0684,-3.0684,4.000000,4.000000,4.000000,5.000000,5.000000,96.000000,96.000000,96.000000,95.000000,95.000000,5.0,-13.5010,-12.3673,-47.8672,-49.0009,PENDING_AG03,FALSE,NOT_FOR_ENFORCEMENT,-58.9135,1234.2546,-61.3682,-58.9135,-2.4547,-0.04409469,-0.04233091,-2.4547,-58.9135,-0.04233091,-2.4547,-2.4547,-2.4547,-3.0684,-3.0684,-58.9135,-0.04233091,-13.5010,-12.3673,-47.8672,-49.0009,-0.03439386,-0.03520848,-0.00176379,5.4578,5.0419,-0.2407,-12.2736,-0.6327,278.3474,51.0000,,5.4578,5.1431,5.1891,5.1891,7.7837,7.7837,7.7837,5.1891,0.0,1.5,1.5,1.051771,21,76,8,2,0E-8,-0.04409469,,0E-8,0.000000,0.923797,0.000000,,2026-05-13,2026-06-17,5,97,56,36,0.138889,,,0.000000,,,,,,,,GLOBAL_BASELINE_NO_ENTITY_RANKING,,,NOT_APPLICABLE_GLOBAL_BASELINE,HF9g-P5,,,,X 全窗基线 · 不参与实体赏罚,3929175,393,A168_HF9F_20260827_0900,2026-08-27 09:00:00
2026-05-20,98995202,2239,0,5.1891443101,0E-10,0E-10,,1,1,0.50665070000000000,0.506650700000,,,,0E-17,NO_DECISIVE_ROUND,R03b_20260811_FULL_v1,L1_ELIGIBILITY,v2026-08-11,2026-03-21..2026-08-06,baccarat_bet02_101_all_pairs_incl_sentinel,round_win = game_pnl > 0 (decisive only),COMPATIBILITY_ONLY_NOT_PRODUCTION,1391.7371,1285.6819,-61.3682,255,255,0.04409469,,0.04409469,0.04409469,61.3682,1391.7371,OK,0.0000,-2.4547,4.0000,96.0000,AG03-UNRESOLVED,ALL5_LEVELS_bet23_to_bet27,-2.4547,-2.4547,-2.4547,-3.0684,-3.0684,4.000000,4.000000,4.000000,5.000000,5.000000,96.000000,96.000000,96.000000,95.000000,95.000000,5.0,-13.5010,-12.3673,-47.8672,-49.0009,PENDING_AG03,FALSE,NOT_FOR_ENFORCEMENT,-58.9135,1234.2546,-61.3682,-58.9135,-2.4547,-0.04409469,-0.04233091,-2.4547,-58.9135,-0.04233091,-2.4547,-2.4547,-2.4547,-3.0684,-3.0684,-58.9135,-0.04233091,-13.5010,-12.3673,-47.8672,-49.0009,-0.03439386,-0.03520848,-0.00176379,5.4578,5.0419,-0.2407,-12.2736,-0.6327,278.3474,51.0000,,5.4578,5.1431,5.1891,5.1891,7.7837,7.7837,7.7837,5.1891,0.0,1.5,1.5,1.051771,21,76,8,2,0E-8,-0.04409469,,0E-8,0.000000,0.923797,0.000000,,2026-05-13,2026-06-17,5,97,56,36,0.138889,,,0.000000,,,,,,,,GLOBAL_BASELINE_NO_ENTITY_RANKING,,,NOT_APPLICABLE_GLOBAL_BASELINE,HF9g-P5,,,,X 全窗基线 · 不参与实体赏罚,3929176,393,A168_HF9F_20260827_0900,2026-08-27 09:00:00
2026-05-20,98995202,2241,0,10.3782886202,-10.3782886202,-10.3782886202,0E-7,2,2,0.49994810000000000,0.499948100000,-1.4140667746232096,-1.4140667746232096,-1.4140667746232096,0E-17,ELIGIBLE,R03b_20260811_FULL_v1,L1_ELIGIBILITY,v2026-08-11,2026-03-21..2026-08-06,baccarat_bet02_101_all_pairs_incl_sentinel,round_win = game_pnl > 0 (decisive only),COMPATIBILITY_ONLY_NOT_PRODUCTION,1391.7371,1285.6819,-61.3682,255,255,0.04409469,,0.04409469,0.04409469,61.3682,1391.7371,OK,0.0000,-2.4547,4.0000,96.0000,AG03-UNRESOLVED,ALL5_LEVELS_bet23_to_bet27,-2.4547,-2.4547,-2.4547,-3.0684,-3.0684,4.000000,4.000000,4.000000,5.000000,5.000000,96.000000,96.000000,96.000000,95.000000,95.000000,5.0,-13.5010,-12.3673,-47.8672,-49.0009,PENDING_AG03,FALSE,NOT_FOR_ENFORCEMENT,-58.9135,1234.2546,-61.3682,-58.9135,-2.4547,-0.04409469,-0.04233091,-2.4547,-58.9135,-0.04233091,-2.4547,-2.4547,-2.4547,-3.0684,-3.0684,-58.9135,-0.04233091,-13.5010,-12.3673,-47.8672,-49.0009,-0.03439386,-0.03520848,-0.00176379,5.4578,5.0419,-0.2407,-12.2736,-0.6327,278.3474,51.0000,,5.4578,5.1431,5.1891,5.1891,7.7837,7.7837,7.7837,5.1891,0.0,1.5,1.5,1.051771,21,76,8,2,0E-8,-0.04409469,,0E-8,0.000000,0.923797,0.000000,,2026-05-13,2026-06-17,5,97,56,36,0.138889,,,0.000000,,,,,,,,GLOBAL_BASELINE_NO_ENTITY_RANKING,,,NOT_APPLICABLE_GLOBAL_BASELINE,HF9g-P5,,,,X 全窗基线 · 不参与实体赏罚,3929177,393,A168_HF9F_20260827_0900,2026-08-27 09:00:00
2026-05-20,98995202,2251,0,27.2430076280,5.9675159566,5.9675159566,0.6000000,5,5,0.50128862000000000,0.501288620000,0.4414521777673877,0.4414521777673877,0.4414521777673877,0E-17,ELIGIBLE,R03b_20260811_FULL_v1,L1_ELIGIBILITY,v2026-08-11,2026-03-21..2026-08-06,baccarat_bet02_101_all_pairs_incl_sentinel,round_win = game_pnl > 0 (decisive only),COMPATIBILITY_ONLY_NOT_PRODUCTION,1391.7371,1285.6819,-61.3682,255,255,0.04409469,,0.04409469,0.04409469,61.3682,1391.7371,OK,0.0000,-2.4547,4.0000,96.0000,AG03-UNRESOLVED,ALL5_LEVELS_bet23_to_bet27,-2.4547,-2.4547,-2.4547,-3.0684,-3.0684,4.000000,4.000000,4.000000,5.000000,5.000000,96.000000,96.000000,96.000000,95.000000,95.000000,5.0,-13.5010,-12.3673,-47.8672,-49.0009,PENDING_AG03,FALSE,NOT_FOR_ENFORCEMENT,-58.9135,1234.2546,-61.3682,-58.9135,-2.4547,-0.04409469,-0.04233091,-2.4547,-58.9135,-0.04233091,-2.4547,-2.4547,-2.4547,-3.0684,-3.0684,-58.9135,-0.04233091,-13.5010,-12.3673,-47.8672,-49.0009,-0.03439386,-0.03520848,-0.00176379,5.4578,5.0419,-0.2407,-12.2736,-0.6327,278.3474,51.0000,,5.4578,5.1431,5.1891,5.1891,7.7837,7.7837,7.7837,5.1891,0.0,1.5,1.5,1.051771,21,76,8,2,0E-8,-0.04409469,,0E-8,0.000000,0.923797,0.000000,,2026-05-13,2026-06-17,5,97,56,36,0.138889,,,0.000000,,,,,,,,GLOBAL_BASELINE_NO_ENTITY_RANKING,,,NOT_APPLICABLE_GLOBAL_BASELINE,HF9g-P5,,,,X 全窗基线 · 不参与实体赏罚,3929178,393,A168_HF9F_20260827_0900,2026-08-27 09:00:00
2026-05-20,98995202,2254,0,33.7294380158,-5.1891443102,-5.1891443102,0.5000000,5,5,0.49324550000000000,0.493245500000,0.027020465636507562,0.027020465636507562,0.027020465636507562,0E-17,ELIGIBLE,R03b_20260811_FULL_v1,L1_ELIGIBILITY,v2026-08-11,2026-03-21..2026-08-06,baccarat_bet02_101_all_pairs_incl_sentinel,round_win = game_pnl > 0 (decisive only),COMPATIBILITY_ONLY_NOT_PRODUCTION,1391.7371,1285.6819,-61.3682,255,255,0.04409469,,0.04409469,0.04409469,61.3682,1391.7371,OK,0.0000,-2.4547,4.0000,96.0000,AG03-UNRESOLVED,ALL5_LEVELS_bet23_to_bet27,-2.4547,-2.4547,-2.4547,-3.0684,-3.0684,4.000000,4.000000,4.000000,5.000000,5.000000,96.000000,96.000000,96.000000,95.000000,95.000000,5.0,-13.5010,-12.3673,-47.8672,-49.0009,PENDING_AG03,FALSE,NOT_FOR_ENFORCEMENT,-58.9135,1234.2546,-61.3682,-58.9135,-2.4547,-0.04409469,-0.04233091,-2.4547,-58.9135,-0.04233091,-2.4547,-2.4547,-2.4547,-3.0684,-3.0684,-58.9135,-0.04233091,-13.5010,-12.3673,-47.8672,-49.0009,-0.03439386,-0.03520848,-0.00176379,5.4578,5.0419,-0.2407,-12.2736,-0.6327,278.3474,51.0000,,5.4578,5.1431,5.1891,5.1891,7.7837,7.7837,7.7837,5.1891,0.0,1.5,1.5,1.051771,21,76,8,2,0E-8,-0.04409469,,0E-8,0.000000,0.923797,0.000000,,2026-05-13,2026-06-17,5,97,56,36,0.138889,,,0.000000,,,,,,,,GLOBAL_BASELINE_NO_ENTITY_RANKING,,,NOT_APPLICABLE_GLOBAL_BASELINE,HF9g-P5,,,,X 全窗基线 · 不参与实体赏罚,3929179,393,A168_HF9F_20260827_0900,2026-08-27 09:00:00
2026-05-20,98995202,2258,0,7.7837164652,0E-10,0E-10,,1,1,0.50665070000000000,0.506650700000,,,,0E-17,NO_DECISIVE_ROUND,R03b_20260811_FULL_v1,L1_ELIGIBILITY,v2026-08-11,2026-03-21..2026-08-06,baccarat_bet02_101_all_pairs_incl_sentinel,round_win = game_pnl > 0 (decisive only),COMPATIBILITY_ONLY_NOT_PRODUCTION,1391.7371,1285.6819,-61.3682,255,255,0.04409469,,0.04409469,0.04409469,61.3682,1391.7371,OK,0.0000,-2.4547,4.0000,96.0000,AG03-UNRESOLVED,ALL5_LEVELS_bet23_to_bet27,-2.4547,-2.4547,-2.4547,-3.0684,-3.0684,4.000000,4.000000,4.000000,5.000000,5.000000,96.000000,96.000000,96.000000,95.000000,95.000000,5.0,-13.5010,-12.3673,-47.8672,-49.0009,PENDING_AG03,FALSE,NOT_FOR_ENFORCEMENT,-58.9135,1234.2546,-61.3682,-58.9135,-2.4547,-0.04409469,-0.04233091,-2.4547,-58.9135,-0.04233091,-2.4547,-2.4547,-2.4547,-3.0684,-3.0684,-58.9135,-0.04233091,-13.5010,-12.3673,-47.8672,-49.0009,-0.03439386,-0.03520848,-0.00176379,5.4578,5.0419,-0.2407,-12.2736,-0.6327,278.3474,51.0000,,5.4578,5.1431,5.1891,5.1891,7.7837,7.7837,7.7837,5.1891,0.0,1.5,1.5,1.051771,21,76,8,2,0E-8,-0.04409469,,0E-8,0.000000,0.923797,0.000000,,2026-05-13,2026-06-17,5,97,56,36,0.138889,,,0.000000,,,,,,,,GLOBAL_BASELINE_NO_ENTITY_RANKING,,,NOT_APPLICABLE_GLOBAL_BASELINE,HF9g-P5,,,,X 全窗基线 · 不参与实体赏罚,3929180,393,A168_HF9F_20260827_0900,2026-08-27 09:00:00
2026-05-20,98995202,2271,0,7.7837164652,-2.7243007628,-2.7243007628,0.5000000,2,2,0.49994810000000000,0.499948100000,0.00014679536856514622,0.00014679536856514622,0.00014679536856514622,0E-17,ELIGIBLE,R03b_20260811_FULL_v1,L1_ELIGIBILITY,v2026-08-11,2026-03-21..2026-08-06,baccarat_bet02_101_all_pairs_incl_sentinel,round_win = game_pnl > 0 (decisive only),COMPATIBILITY_ONLY_NOT_PRODUCTION,1391.7371,1285.6819,-61.3682,255,255,0.04409469,,0.04409469,0.04409469,61.3682,1391.7371,OK,0.0000,-2.4547,4.0000,96.0000,AG03-UNRESOLVED,ALL5_LEVELS_bet23_to_bet27,-2.4547,-2.4547,-2.4547,-3.0684,-3.0684,4.000000,4.000000,4.000000,5.000000,5.000000,96.000000,96.000000,96.000000,95.000000,95.000000,5.0,-13.5010,-12.3673,-47.8672,-49.0009,PENDING_AG03,FALSE,NOT_FOR_ENFORCEMENT,-58.9135,1234.2546,-61.3682,-58.9135,-2.4547,-0.04409469,-0.04233091,-2.4547,-58.9135,-0.04233091,-2.4547,-2.4547,-2.4547,-3.0684,-3.0684,-58.9135,-0.04233091,-13.5010,-12.3673,-47.8672,-49.0009,-0.03439386,-0.03520848,-0.00176379,5.4578,5.0419,-0.2407,-12.2736,-0.6327,278.3474,51.0000,,5.4578,5.1431,5.1891,5.1891,7.7837,7.7837,7.7837,5.1891,0.0,1.5,1.5,1.051771,21,76,8,2,0E-8,-0.04409469,,0E-8,0.000000,0.923797,0.000000,,2026-05-13,2026-06-17,5,97,56,36,0.138889,,,0.000000,,,,,,,,GLOBAL_BASELINE_NO_ENTITY_RANKING,,,NOT_APPLICABLE_GLOBAL_BASELINE,HF9g-P5,,,,X 全窗基线 · 不参与实体赏罚,3929181,393,A168_HF9F_20260827_0900,2026-08-27 09:00:00
2026-05-20,98995202,789,0,28.5402937057,12.1944891287,12.1944891287,0.7500000,4,4,0.50329940000000000,0.503299400000,0.9868238854431842,0.9868238854431842,0.9868238854431842,0E-17,ELIGIBLE,R03b_20260811_FULL_v1,L1_ELIGIBILITY,v2026-08-11,2026-03-21..2026-08-06,baccarat_bet02_101_all_pairs_incl_sentinel,round_win = game_pnl > 0 (decisive only),COMPATIBILITY_ONLY_NOT_PRODUCTION,1391.7371,1285.6819,-61.3682,255,255,0.04409469,,0.04409469,0.04409469,61.3682,1391.7371,OK,0.0000,-2.4547,4.0000,96.0000,AG03-UNRESOLVED,ALL5_LEVELS_bet23_to_bet27,-2.4547,-2.4547,-2.4547,-3.0684,-3.0684,4.000000,4.000000,4.000000,5.000000,5.000000,96.000000,96.000000,96.000000,95.000000,95.000000,5.0,-13.5010,-12.3673,-47.8672,-49.0009,PENDING_AG03,FALSE,NOT_FOR_ENFORCEMENT,-58.9135,1234.2546,-61.3682,-58.9135,-2.4547,-0.04409469,-0.04233091,-2.4547,-58.9135,-0.04233091,-2.4547,-2.4547,-2.4547,-3.0684,-3.0684,-58.9135,-0.04233091,-13.5010,-12.3673,-47.8672,-49.0009,-0.03439386,-0.03520848,-0.00176379,5.4578,5.0419,-0.2407,-12.2736,-0.6327,278.3474,51.0000,,5.4578,5.1431,5.1891,5.1891,7.7837,7.7837,7.7837,5.1891,0.0,1.5,1.5,1.051771,21,76,8,2,0E-8,-0.04409469,,0E-8,0.000000,0.923797,0.000000,,2026-05-13,2026-06-17,5,97,56,36,0.138889,,,0.000000,,,,,,,,GLOBAL_BASELINE_NO_ENTITY_RANKING,,,NOT_APPLICABLE_GLOBAL_BASELINE,HF9g-P5,,,,X 全窗基线 · 不参与实体赏罚,3929182,393,A168_HF9F_20260827_0900,2026-08-27 09:00:00
2026-05-20,98995202,915,0,5.1891443101,4.9296870946,4.9296870946,1.0000000,1,1,0.50665070000000000,0.506650700000,0.9867858985152569,0.9867858985152569,0.9867858985152569,0E-17,ELIGIBLE,R03b_20260811_FULL_v1,L1_ELIGIBILITY,v2026-08-11,2026-03-21..2026-08-06,baccarat_bet02_101_all_pairs_incl_sentinel,round_win = game_pnl > 0 (decisive only),COMPATIBILITY_ONLY_NOT_PRODUCTION,1391.7371,1285.6819,-61.3682,255,255,0.04409469,,0.04409469,0.04409469,61.3682,1391.7371,OK,0.0000,-2.4547,4.0000,96.0000,AG03-UNRESOLVED,ALL5_LEVELS_bet23_to_bet27,-2.4547,-2.4547,-2.4547,-3.0684,-3.0684,4.000000,4.000000,4.000000,5.000000,5.000000,96.000000,96.000000,96.000000,95.000000,95.000000,5.0,-13.5010,-12.3673,-47.8672,-49.0009,PENDING_AG03,FALSE,NOT_FOR_ENFORCEMENT,-58.9135,1234.2546,-61.3682,-58.9135,-2.4547,-0.04409469,-0.04233091,-2.4547,-58.9135,-0.04233091,-2.4547,-2.4547,-2.4547,-3.0684,-3.0684,-58.9135,-0.04233091,-13.5010,-12.3673,-47.8672,-49.0009,-0.03439386,-0.03520848,-0.00176379,5.4578,5.0419,-0.2407,-12.2736,-0.6327,278.3474,51.0000,,5.4578,5.1431,5.1891,5.1891,7.7837,7.7837,7.7837,5.1891,0.0,1.5,1.5,1.051771,21,76,8,2,0E-8,-0.04409469,,0E-8,0.000000,0.923797,0.000000,,2026-05-13,2026-06-17,5,97,56,36,0.138889,,,0.000000,,,,,,,,GLOBAL_BASELINE_NO_ENTITY_RANKING,,,NOT_APPLICABLE_GLOBAL_BASELINE,HF9g-P5,,,,X 全窗基线 · 不参与实体赏罚,3929183,393,A168_HF9F_20260827_0900,2026-08-27 09:00:00
2026-05-20,98995202,919,0,32.4321519381,21.7295417985,21.7295417985,0.8333333,6,6,0.49547970000000000,0.495479700000,1.655205662211907,1.655205662211907,1.655205662211907,0E-17,ELIGIBLE,R03b_20260811_FULL_v1,L1_ELIGIBILITY,v2026-08-11,2026-03-21..2026-08-06,baccarat_bet02_101_all_pairs_incl_sentinel,round_win = game_pnl > 0 (decisive only),COMPATIBILITY_ONLY_NOT_PRODUCTION,1391.7371,1285.6819,-61.3682,255,255,0.04409469,,0.04409469,0.04409469,61.3682,1391.7371,OK,0.0000,-2.4547,4.0000,96.0000,AG03-UNRESOLVED,ALL5_LEVELS_bet23_to_bet27,-2.4547,-2.4547,-2.4547,-3.0684,-3.0684,4.000000,4.000000,4.000000,5.000000,5.000000,96.000000,96.000000,96.000000,95.000000,95.000000,5.0,-13.5010,-12.3673,-47.8672,-49.0009,PENDING_AG03,FALSE,NOT_FOR_ENFORCEMENT,-58.9135,1234.2546,-61.3682,-58.9135,-2.4547,-0.04409469,-0.04233091,-2.4547,-58.9135,-0.04233091,-2.4547,-2.4547,-2.4547,-3.0684,-3.0684,-58.9135,-0.04233091,-13.5010,-12.3673,-47.8672,-49.0009,-0.03439386,-0.03520848,-0.00176379,5.4578,5.0419,-0.2407,-12.2736,-0.6327,278.3474,51.0000,,5.4578,5.1431,5.1891,5.1891,7.7837,7.7837,7.7837,5.1891,0.0,1.5,1.5,1.051771,21,76,8,2,0E-8,-0.04409469,,0E-8,0.000000,0.923797,0.000000,,2026-05-13,2026-06-17,5,97,56,36,0.138889,,,0.000000,,,,,,,,GLOBAL_BASELINE_NO_ENTITY_RANKING,,,NOT_APPLICABLE_GLOBAL_BASELINE,HF9g-P5,,,,X 全窗基线 · 不参与实体赏罚,3929184,393,A168_HF9F_20260827_0900,2026-08-27 09:00:00
2026-05-20,98995202,948,0,7.0053448186,6.6550775777,6.6550775777,1.0000000,1,1,0.50665070000000000,0.506650700000,0.9867858985152569,0.9867858985152569,0.9867858985152569,0E-17,ELIGIBLE,R03b_20260811_FULL_v1,L1_ELIGIBILITY,v2026-08-11,2026-03-21..2026-08-06,baccarat_bet02_101_all_pairs_incl_sentinel,round_win = game_pnl > 0 (decisive only),COMPATIBILITY_ONLY_NOT_PRODUCTION,1391.7371,1285.6819,-61.3682,255,255,0.04409469,,0.04409469,0.04409469,61.3682,1391.7371,OK,0.0000,-2.4547,4.0000,96.0000,AG03-UNRESOLVED,ALL5_LEVELS_bet23_to_bet27,-2.4547,-2.4547,-2.4547,-3.0684,-3.0684,4.000000,4.000000,4.000000,5.000000,5.000000,96.000000,96.000000,96.000000,95.000000,95.000000,5.0,-13.5010,-12.3673,-47.8672,-49.0009,PENDING_AG03,FALSE,NOT_FOR_ENFORCEMENT,-58.9135,1234.2546,-61.3682,-58.9135,-2.4547,-0.04409469,-0.04233091,-2.4547,-58.9135,-0.04233091,-2.4547,-2.4547,-2.4547,-3.0684,-3.0684,-58.9135,-0.04233091,-13.5010,-12.3673,-47.8672,-49.0009,-0.03439386,-0.03520848,-0.00176379,5.4578,5.0419,-0.2407,-12.2736,-0.6327,278.3474,51.0000,,5.4578,5.1431,5.1891,5.1891,7.7837,7.7837,7.7837,5.1891,0.0,1.5,1.5,1.051771,21,76,8,2,0E-8,-0.04409469,,0E-8,0.000000,0.923797,0.000000,,2026-05-13,2026-06-17,5,97,56,36,0.138889,,,0.000000,,,,,,,,GLOBAL_BASELINE_NO_ENTITY_RANKING,,,NOT_APPLICABLE_GLOBAL_BASELINE,HF9g-P5,,,,X 全窗基线 · 不参与实体赏罚,3929185,393,A168_HF9F_20260827_0900,2026-08-27 09:00:00
2026-06-05,98995202,1400,0,3.8573302132,-3.8573302132,-3.8573302132,0E-7,1,1,0.49324550000000000,0.493245500000,-0.9865810262130424,-0.9865810262130424,-0.9865810262130424,0E-17,ELIGIBLE,R03b_20260811_FULL_v1,L1_ELIGIBILITY,v2026-08-11,2026-03-21..2026-08-06,baccarat_bet02_101_all_pairs_incl_sentinel,round_win = game_pnl > 0 (decisive only),COMPATIBILITY_ONLY_NOT_PRODUCTION,1391.7371,1285.6819,-61.3682,255,255,0.04409469,,0.04409469,0.04409469,61.3682,1391.7371,OK,0.0000,-2.4547,4.0000,96.0000,AG03-UNRESOLVED,ALL5_LEVELS_bet23_to_bet27,-2.4547,-2.4547,-2.4547,-3.0684,-3.0684,4.000000,4.000000,4.000000,5.000000,5.000000,96.000000,96.000000,96.000000,95.000000,95.000000,5.0,-13.5010,-12.3673,-47.8672,-49.0009,PENDING_AG03,FALSE,NOT_FOR_ENFORCEMENT,-58.9135,1234.2546,-61.3682,-58.9135,-2.4547,-0.04409469,-0.04233091,-2.4547,-58.9135,-0.04233091,-2.4547,-2.4547,-2.4547,-3.0684,-3.0684,-58.9135,-0.04233091,-13.5010,-12.3673,-47.8672,-49.0009,-0.03439386,-0.03520848,-0.00176379,5.4578,5.0419,-0.2407,-12.2736,-0.6327,278.3474,51.0000,,5.4578,5.1431,5.1891,5.1891,7.7837,7.7837,7.7837,5.1891,0.0,1.5,1.5,1.051771,21,76,8,2,0E-8,-0.04409469,,0E-8,0.000000,0.923797,0.000000,,2026-05-13,2026-06-17,5,97,56,36,0.138889,,,0.000000,,,,,,,,GLOBAL_BASELINE_NO_ENTITY_RANKING,,,NOT_APPLICABLE_GLOBAL_BASELINE,HF9g-P5,,,,X 全窗基线 · 不参与实体赏罚,3929186,393,A168_HF9F_20260827_0900,2026-08-27 09:00:00
2026-06-05,98995202,1507,0,5.1431069509,0E-10,0E-10,,1,1,0.50665070000000000,0.506650700000,,,,0E-17,NO_DECISIVE_ROUND,R03b_20260811_FULL_v1,L1_ELIGIBILITY,v2026-08-11,2026-03-21..2026-08-06,baccarat_bet02_101_all_pairs_incl_sentinel,round_win = game_pnl > 0 (decisive only),COMPATIBILITY_ONLY_NOT_PRODUCTION,1391.7371,1285.6819,-61.3682,255,255,0.04409469,,0.04409469,0.04409469,61.3682,1391.7371,OK,0.0000,-2.4547,4.0000,96.0000,AG03-UNRESOLVED,ALL5_LEVELS_bet23_to_bet27,-2.4547,-2.4547,-2.4547,-3.0684,-3.0684,4.000000,4.000000,4.000000,5.000000,5.000000,96.000000,96.000000,96.000000,95.000000,95.000000,5.0,-13.5010,-12.3673,-47.8672,-49.0009,PENDING_AG03,FALSE,NOT_FOR_ENFORCEMENT,-58.9135,1234.2546,-61.3682,-58.9135,-2.4547,-0.04409469,-0.04233091,-2.4547,-58.9135,-0.04233091,-2.4547,-2.4547,-2.4547,-3.0684,-3.0684,-58.9135,-0.04233091,-13.5010,-12.3673,-47.8672,-49.0009,-0.03439386,-0.03520848,-0.00176379,5.4578,5.0419,-0.2407,-12.2736,-0.6327,278.3474,51.0000,,5.4578,5.1431,5.1891,5.1891,7.7837,7.7837,7.7837,5.1891,0.0,1.5,1.5,1.051771,21,76,8,2,0E-8,-0.04409469,,0E-8,0.000000,0.923797,0.000000,,2026-05-13,2026-06-17,5,97,56,36,0.138889,,,0.000000,,,,,,,,GLOBAL_BASELINE_NO_ENTITY_RANKING,,,NOT_APPLICABLE_GLOBAL_BASELINE,HF9g-P5,,,,X 全窗基线 · 不参与实体赏罚,3929187,393,A168_HF9F_20260827_0900,2026-08-27 09:00:00
2026-06-05,98995202,2101,0,3.8573302132,-3.8573302132,-3.8573302132,0E-7,1,1,0.50665070000000000,0.506650700000,-1.013391052207602,-1.013391052207602,-1.013391052207602,0E-17,ELIGIBLE,R03b_20260811_FULL_v1,L1_ELIGIBILITY,v2026-08-11,2026-03-21..2026-08-06,baccarat_bet02_101_all_pairs_incl_sentinel,round_win = game_pnl > 0 (decisive only),COMPATIBILITY_ONLY_NOT_PRODUCTION,1391.7371,1285.6819,-61.3682,255,255,0.04409469,,0.04409469,0.04409469,61.3682,1391.7371,OK,0.0000,-2.4547,4.0000,96.0000,AG03-UNRESOLVED,ALL5_LEVELS_bet23_to_bet27,-2.4547,-2.4547,-2.4547,-3.0684,-3.0684,4.000000,4.000000,4.000000,5.000000,5.000000,96.000000,96.000000,96.000000,95.000000,95.000000,5.0,-13.5010,-12.3673,-47.8672,-49.0009,PENDING_AG03,FALSE,NOT_FOR_ENFORCEMENT,-58.9135,1234.2546,-61.3682,-58.9135,-2.4547,-0.04409469,-0.04233091,-2.4547,-58.9135,-0.04233091,-2.4547,-2.4547,-2.4547,-3.0684,-3.0684,-58.9135,-0.04233091,-13.5010,-12.3673,-47.8672,-49.0009,-0.03439386,-0.03520848,-0.00176379,5.4578,5.0419,-0.2407,-12.2736,-0.6327,278.3474,51.0000,,5.4578,5.1431,5.1891,5.1891,7.7837,7.7837,7.7837,5.1891,0.0,1.5,1.5,1.051771,21,76,8,2,0E-8,-0.04409469,,0E-8,0.000000,0.923797,0.000000,,2026-05-13,2026-06-17,5,97,56,36,0.138889,,,0.000000,,,,,,,,GLOBAL_BASELINE_NO_ENTITY_RANKING,,,NOT_APPLICABLE_GLOBAL_BASELINE,HF9g-P5,,,,X 全窗基线 · 不参与实体赏罚,3929188,393,A168_HF9F_20260827_0900,2026-08-27 09:00:00
2026-06-05,98995202,2187,0,20.5724278036,-0.5143106950,-0.5143106950,0.5000000,4,4,0.50665070000000000,0.506650700000,-0.02660515369234503,-0.02660515369234503,-0.02660515369234503,0E-17,ELIGIBLE,R03b_20260811_FULL_v1,L1_ELIGIBILITY,v2026-08-11,2026-03-21..2026-08-06,baccarat_bet02_101_all_pairs_incl_sentinel,round_win = game_pnl > 0 (decisive only),COMPATIBILITY_ONLY_NOT_PRODUCTION,1391.7371,1285.6819,-61.3682,255,255,0.04409469,,0.04409469,0.04409469,61.3682,1391.7371,OK,0.0000,-2.4547,4.0000,96.0000,AG03-UNRESOLVED,ALL5_LEVELS_bet23_to_bet27,-2.4547,-2.4547,-2.4547,-3.0684,-3.0684,4.000000,4.000000,4.000000,5.000000,5.000000,96.000000,96.000000,96.000000,95.000000,95.000000,5.0,-13.5010,-12.3673,-47.8672,-49.0009,PENDING_AG03,FALSE,NOT_FOR_ENFORCEMENT,-58.9135,1234.2546,-61.3682,-58.9135,-2.4547,-0.04409469,-0.04233091,-2.4547,-58.9135,-0.04233091,-2.4547,-2.4547,-2.4547,-3.0684,-3.0684,-58.9135,-0.04233091,-13.5010,-12.3673,-47.8672,-49.0009,-0.03439386,-0.03520848,-0.00176379,5.4578,5.0419,-0.2407,-12.2736,-0.6327,278.3474,51.0000,,5.4578,5.1431,5.1891,5.1891,7.7837,7.7837,7.7837,5.1891,0.0,1.5,1.5,1.051771,21,76,8,2,0E-8,-0.04409469,,0E-8,0.000000,0.923797,0.000000,,2026-05-13,2026-06-17,5,97,56,36,0.138889,,,0.000000,,,,,,,,GLOBAL_BASELINE_NO_ENTITY_RANKING,,,NOT_APPLICABLE_GLOBAL_BASELINE,HF9g-P5,,,,X 全窗基线 · 不参与实体赏罚,3929189,393,A168_HF9F_20260827_0900,2026-08-27 09:00:00
2026-06-05,98995202,2242,0,5.1431069509,-5.1431069509,-5.1431069509,0E-7,1,1,0.49324550000000000,0.493245500000,-0.9865810262130424,-0.9865810262130424,-0.9865810262130424,0E-17,ELIGIBLE,R03b_20260811_FULL_v1,L1_ELIGIBILITY,v2026-08-11,2026-03-21..2026-08-06,baccarat_bet02_101_all_pairs_incl_sentinel,round_win = game_pnl > 0 (decisive only),COMPATIBILITY_ONLY_NOT_PRODUCTION,1391.7371,1285.6819,-61.3682,255,255,0.04409469,,0.04409469,0.04409469,61.3682,1391.7371,OK,0.0000,-2.4547,4.0000,96.0000,AG03-UNRESOLVED,ALL5_LEVELS_bet23_to_bet27,-2.4547,-2.4547,-2.4547,-3.0684,-3.0684,4.000000,4.000000,4.000000,5.000000,5.000000,96.000000,96.000000,96.000000,95.000000,95.000000,5.0,-13.5010,-12.3673,-47.8672,-49.0009,PENDING_AG03,FALSE,NOT_FOR_ENFORCEMENT,-58.9135,1234.2546,-61.3682,-58.9135,-2.4547,-0.04409469,-0.04233091,-2.4547,-58.9135,-0.04233091,-2.4547,-2.4547,-2.4547,-3.0684,-3.0684,-58.9135,-0.04233091,-13.5010,-12.3673,-47.8672,-49.0009,-0.03439386,-0.03520848,-0.00176379,5.4578,5.0419,-0.2407,-12.2736,-0.6327,278.3474,51.0000,,5.4578,5.1431,5.1891,5.1891,7.7837,7.7837,7.7837,5.1891,0.0,1.5,1.5,1.051771,21,76,8,2,0E-8,-0.04409469,,0E-8,0.000000,0.923797,0.000000,,2026-05-13,2026-06-17,5,97,56,36,0.138889,,,0.000000,,,,,,,,GLOBAL_BASELINE_NO_ENTITY_RANKING,,,NOT_APPLICABLE_GLOBAL_BASELINE,HF9g-P5,,,,X 全窗基线 · 不参与实体赏罚,3929190,393,A168_HF9F_20260827_0900,2026-08-27 09:00:00
2026-06-06,98995202,-1,1,20.5724278036,-10.2862139018,-10.2862139018,0.2500000,4,4,0.49659680000000000,0.496596800000,-0.9864100490137353,-0.9864100490137354,-0.9864100490137353,0E-17,SENTINEL_DEALER,R03b_20260811_FULL_v1,L1_ELIGIBILITY,v2026-08-11,2026-03-21..2026-08-06,baccarat_bet02_101_all_pairs_incl_sentinel,round_win = game_pnl > 0 (decisive only),COMPATIBILITY_ONLY_NOT_PRODUCTION,1391.7371,1285.6819,-61.3682,255,255,0.04409469,,0.04409469,0.04409469,61.3682,1391.7371,OK,0.0000,-2.4547,4.0000,96.0000,AG03-UNRESOLVED,ALL5_LEVELS_bet23_to_bet27,-2.4547,-2.4547,-2.4547,-3.0684,-3.0684,4.000000,4.000000,4.000000,5.000000,5.000000,96.000000,96.000000,96.000000,95.000000,95.000000,5.0,-13.5010,-12.3673,-47.8672,-49.0009,PENDING_AG03,FALSE,NOT_FOR_ENFORCEMENT,-58.9135,1234.2546,-61.3682,-58.9135,-2.4547,-0.04409469,-0.04233091,-2.4547,-58.9135,-0.04233091,-2.4547,-2.4547,-2.4547,-3.0684,-3.0684,-58.9135,-0.04233091,-13.5010,-12.3673,-47.8672,-49.0009,-0.03439386,-0.03520848,-0.00176379,5.4578,5.0419,-0.2407,-12.2736,-0.6327,278.3474,51.0000,,5.4578,5.1431,5.1891,5.1891,7.7837,7.7837,7.7837,5.1891,0.0,1.5,1.5,1.051771,21,76,8,2,0E-8,-0.04409469,,0E-8,0.000000,0.923797,0.000000,,2026-05-13,2026-06-17,5,97,56,36,0.138889,,,0.000000,,,,,,,,GLOBAL_BASELINE_NO_ENTITY_RANKING,,,NOT_APPLICABLE_GLOBAL_BASELINE,HF9g-P5,,,,X 全窗基线 · 不参与实体赏罚,3929191,393,A168_HF9F_20260827_0900,2026-08-27 09:00:00
2026-06-06,98995202,1017,0,10.2862139018,-0.2571553475,-0.2571553475,0.5000000,2,2,0.50665070000000000,0.506650700000,-0.018812684590367487,-0.018812684590367487,-0.018812684590367487,0E-17,ELIGIBLE,R03b_20260811_FULL_v1,L1_ELIGIBILITY,v2026-08-11,2026-03-21..2026-08-06,baccarat_bet02_101_all_pairs_incl_sentinel,round_win = game_pnl > 0 (decisive only),COMPATIBILITY_ONLY_NOT_PRODUCTION,1391.7371,1285.6819,-61.3682,255,255,0.04409469,,0.04409469,0.04409469,61.3682,1391.7371,OK,0.0000,-2.4547,4.0000,96.0000,AG03-UNRESOLVED,ALL5_LEVELS_bet23_to_bet27,-2.4547,-2.4547,-2.4547,-3.0684,-3.0684,4.000000,4.000000,4.000000,5.000000,5.000000,96.000000,96.000000,96.000000,95.000000,95.000000,5.0,-13.5010,-12.3673,-47.8672,-49.0009,PENDING_AG03,FALSE,NOT_FOR_ENFORCEMENT,-58.9135,1234.2546,-61.3682,-58.9135,-2.4547,-0.04409469,-0.04233091,-2.4547,-58.9135,-0.04233091,-2.4547,-2.4547,-2.4547,-3.0684,-3.0684,-58.9135,-0.04233091,-13.5010,-12.3673,-47.8672,-49.0009,-0.03439386,-0.03520848,-0.00176379,5.4578,5.0419,-0.2407,-12.2736,-0.6327,278.3474,51.0000,,5.4578,5.1431,5.1891,5.1891,7.7837,7.7837,7.7837,5.1891,0.0,1.5,1.5,1.051771,21,76,8,2,0E-8,-0.04409469,,0E-8,0.000000,0.923797,0.000000,,2026-05-13,2026-06-17,5,97,56,36,0.138889,,,0.000000,,,,,,,,GLOBAL_BASELINE_NO_ENTITY_RANKING,,,NOT_APPLICABLE_GLOBAL_BASELINE,HF9g-P5,,,,X 全窗基线 · 不参与实体赏罚,3929192,393,A168_HF9F_20260827_0900,2026-08-27 09:00:00
2026-06-06,98995202,1094,0,25.7155347545,10.2862139018,10.2862139018,0.7500000,5,5,0.49860758000000000,0.498607580000,1.005573579286957,1.005573579286957,1.005573579286957,0E-17,ELIGIBLE,R03b_20260811_FULL_v1,L1_ELIGIBILITY,v2026-08-11,2026-03-21..2026-08-06,baccarat_bet02_101_all_pairs_incl_sentinel,round_win = game_pnl > 0 (decisive only),COMPATIBILITY_ONLY_NOT_PRODUCTION,1391.7371,1285.6819,-61.3682,255,255,0.04409469,,0.04409469,0.04409469,61.3682,1391.7371,OK,0.0000,-2.4547,4.0000,96.0000,AG03-UNRESOLVED,ALL5_LEVELS_bet23_to_bet27,-2.4547,-2.4547,-2.4547,-3.0684,-3.0684,4.000000,4.000000,4.000000,5.000000,5.000000,96.000000,96.000000,96.000000,95.000000,95.000000,5.0,-13.5010,-12.3673,-47.8672,-49.0009,PENDING_AG03,FALSE,NOT_FOR_ENFORCEMENT,-58.9135,1234.2546,-61.3682,-58.9135,-2.4547,-0.04409469,-0.04233091,-2.4547,-58.9135,-0.04233091,-2.4547,-2.4547,-2.4547,-3.0684,-3.0684,-58.9135,-0.04233091,-13.5010,-12.3673,-47.8672,-49.0009,-0.03439386,-0.03520848,-0.00176379,5.4578,5.0419,-0.2407,-12.2736,-0.6327,278.3474,51.0000,,5.4578,5.1431,5.1891,5.1891,7.7837,7.7837,7.7837,5.1891,0.0,1.5,1.5,1.051771,21,76,8,2,0E-8,-0.04409469,,0E-8,0.000000,0.923797,0.000000,,2026-05-13,2026-06-17,5,97,56,36,0.138889,,,0.000000,,,,,,,,GLOBAL_BASELINE_NO_ENTITY_RANKING,,,NOT_APPLICABLE_GLOBAL_BASELINE,HF9g-P5,,,,X 全窗基线 · 不参与实体赏罚,3929193,393,A168_HF9F_20260827_0900,2026-08-27 09:00:00
2026-06-06,98995202,1221,0,5.1431069509,-5.1431069509,-5.1431069509,0E-7,1,1,0.50665070000000000,0.506650700000,-1.013391052207602,-1.013391052207602,-1.013391052207602,0E-17,ELIGIBLE,R03b_20260811_FULL_v1,L1_ELIGIBILITY,v2026-08-11,2026-03-21..2026-08-06,baccarat_bet02_101_all_pairs_incl_sentinel,round_win = game_pnl > 0 (decisive only),COMPATIBILITY_ONLY_NOT_PRODUCTION,1391.7371,1285.6819,-61.3682,255,255,0.04409469,,0.04409469,0.04409469,61.3682,1391.7371,OK,0.0000,-2.4547,4.0000,96.0000,AG03-UNRESOLVED,ALL5_LEVELS_bet23_to_bet27,-2.4547,-2.4547,-2.4547,-3.0684,-3.0684,4.000000,4.000000,4.000000,5.000000,5.000000,96.000000,96.000000,96.000000,95.000000,95.000000,5.0,-13.5010,-12.3673,-47.8672,-49.0009,PENDING_AG03,FALSE,NOT_FOR_ENFORCEMENT,-58.9135,1234.2546,-61.3682,-58.9135,-2.4547,-0.04409469,-0.04233091,-2.4547,-58.9135,-0.04233091,-2.4547,-2.4547,-2.4547,-3.0684,-3.0684,-58.9135,-0.04233091,-13.5010,-12.3673,-47.8672,-49.0009,-0.03439386,-0.03520848,-0.00176379,5.4578,5.0419,-0.2407,-12.2736,-0.6327,278.3474,51.0000,,5.4578,5.1431,5.1891,5.1891,7.7837,7.7837,7.7837,5.1891,0.0,1.5,1.5,1.051771,21,76,8,2,0E-8,-0.04409469,,0E-8,0.000000,0.923797,0.000000,,2026-05-13,2026-06-17,5,97,56,36,0.138889,,,0.000000,,,,,,,,GLOBAL_BASELINE_NO_ENTITY_RANKING,,,NOT_APPLICABLE_GLOBAL_BASELINE,HF9g-P5,,,,X 全窗基线 · 不参与实体赏罚,3929194,393,A168_HF9F_20260827_0900,2026-08-27 09:00:00
2026-06-06,98995202,1257,0,15.4293208527,-5.1431069509,-5.1431069509,0.3333333,3,3,0.49771390000000000,0.497713900000,-0.5694369385616226,-0.5694369385616226,-0.5694369385616226,0E-17,ELIGIBLE,R03b_20260811_FULL_v1,L1_ELIGIBILITY,v2026-08-11,2026-03-21..2026-08-06,baccarat_bet02_101_all_pairs_incl_sentinel,round_win = game_pnl > 0 (decisive only),COMPATIBILITY_ONLY_NOT_PRODUCTION,1391.7371,1285.6819,-61.3682,255,255,0.04409469,,0.04409469,0.04409469,61.3682,1391.7371,OK,0.0000,-2.4547,4.0000,96.0000,AG03-UNRESOLVED,ALL5_LEVELS_bet23_to_bet27,-2.4547,-2.4547,-2.4547,-3.0684,-3.0684,4.000000,4.000000,4.000000,5.000000,5.000000,96.000000,96.000000,96.000000,95.000000,95.000000,5.0,-13.5010,-12.3673,-47.8672,-49.0009,PENDING_AG03,FALSE,NOT_FOR_ENFORCEMENT,-58.9135,1234.2546,-61.3682,-58.9135,-2.4547,-0.04409469,-0.04233091,-2.4547,-58.9135,-0.04233091,-2.4547,-2.4547,-2.4547,-3.0684,-3.0684,-58.9135,-0.04233091,-13.5010,-12.3673,-47.8672,-49.0009,-0.03439386,-0.03520848,-0.00176379,5.4578,5.0419,-0.2407,-12.2736,-0.6327,278.3474,51.0000,,5.4578,5.1431,5.1891,5.1891,7.7837,7.7837,7.7837,5.1891,0.0,1.5,1.5,1.051771,21,76,8,2,0E-8,-0.04409469,,0E-8,0.000000,0.923797,0.000000,,2026-05-13,2026-06-17,5,97,56,36,0.138889,,,0.000000,,,,,,,,GLOBAL_BASELINE_NO_ENTITY_RANKING,,,NOT_APPLICABLE_GLOBAL_BASELINE,HF9g-P5,,,,X 全窗基线 · 不参与实体赏罚,3929195,393,A168_HF9F_20260827_0900,2026-08-27 09:00:00
2026-06-06,98995202,1383,0,18.0008743282,-18.0008743282,-18.0008743282,0E-7,3,3,0.49324550000000000,0.493245500000,-1.708808463184432,-1.7088084631844318,-1.708808463184432,0E-17,ELIGIBLE,R03b_20260811_FULL_v1,L1_ELIGIBILITY,v2026-08-11,2026-03-21..2026-08-06,baccarat_bet02_101_all_pairs_incl_sentinel,round_win = game_pnl > 0 (decisive only),COMPATIBILITY_ONLY_NOT_PRODUCTION,1391.7371,1285.6819,-61.3682,255,255,0.04409469,,0.04409469,0.04409469,61.3682,1391.7371,OK,0.0000,-2.4547,4.0000,96.0000,AG03-UNRESOLVED,ALL5_LEVELS_bet23_to_bet27,-2.4547,-2.4547,-2.4547,-3.0684,-3.0684,4.000000,4.000000,4.000000,5.000000,5.000000,96.000000,96.000000,96.000000,95.000000,95.000000,5.0,-13.5010,-12.3673,-47.8672,-49.0009,PENDING_AG03,FALSE,NOT_FOR_ENFORCEMENT,-58.9135,1234.2546,-61.3682,-58.9135,-2.4547,-0.04409469,-0.04233091,-2.4547,-58.9135,-0.04233091,-2.4547,-2.4547,-2.4547,-3.0684,-3.0684,-58.9135,-0.04233091,-13.5010,-12.3673,-47.8672,-49.0009,-0.03439386,-0.03520848,-0.00176379,5.4578,5.0419,-0.2407,-12.2736,-0.6327,278.3474,51.0000,,5.4578,5.1431,5.1891,5.1891,7.7837,7.7837,7.7837,5.1891,0.0,1.5,1.5,1.051771,21,76,8,2,0E-8,-0.04409469,,0E-8,0.000000,0.923797,0.000000,,2026-05-13,2026-06-17,5,97,56,36,0.138889,,,0.000000,,,,,,,,GLOBAL_BASELINE_NO_ENTITY_RANKING,,,NOT_APPLICABLE_GLOBAL_BASELINE,HF9g-P5,,,,X 全窗基线 · 不参与实体赏罚,3929196,393,A168_HF9F_20260827_0900,2026-08-27 09:00:00
2026-06-06,98995202,1400,0,5.1431069509,5.1431069509,5.1431069509,1.0000000,1,1,0.49324550000000000,0.493245500000,1.01360149184955,1.01360149184955,1.01360149184955,0E-17,ELIGIBLE,R03b_20260811_FULL_v1,L1_ELIGIBILITY,v2026-08-11,2026-03-21..2026-08-06,baccarat_bet02_101_all_pairs_incl_sentinel,round_win = game_pnl > 0 (decisive only),COMPATIBILITY_ONLY_NOT_PRODUCTION,1391.7371,1285.6819,-61.3682,255,255,0.04409469,,0.04409469,0.04409469,61.3682,1391.7371,OK,0.0000,-2.4547,4.0000,96.0000,AG03-UNRESOLVED,ALL5_LEVELS_bet23_to_bet27,-2.4547,-2.4547,-2.4547,-3.0684,-3.0684,4.000000,4.000000,4.000000,5.000000,5.000000,96.000000,96.000000,96.000000,95.000000,95.000000,5.0,-13.5010,-12.3673,-47.8672,-49.0009,PENDING_AG03,FALSE,NOT_FOR_ENFORCEMENT,-58.9135,1234.2546,-61.3682,-58.9135,-2.4547,-0.04409469,-0.04233091,-2.4547,-58.9135,-0.04233091,-2.4547,-2.4547,-2.4547,-3.0684,-3.0684,-58.9135,-0.04233091,-13.5010,-12.3673,-47.8672,-49.0009,-0.03439386,-0.03520848,-0.00176379,5.4578,5.0419,-0.2407,-12.2736,-0.6327,278.3474,51.0000,,5.4578,5.1431,5.1891,5.1891,7.7837,7.7837,7.7837,5.1891,0.0,1.5,1.5,1.051771,21,76,8,2,0E-8,-0.04409469,,0E-8,0.000000,0.923797,0.000000,,2026-05-13,2026-06-17,5,97,56,36,0.138889,,,0.000000,,,,,,,,GLOBAL_BASELINE_NO_ENTITY_RANKING,,,NOT_APPLICABLE_GLOBAL_BASELINE,HF9g-P5,,,,X 全窗基线 · 不参与实体赏罚,3929197,393,A168_HF9F_20260827_0900,2026-08-27 09:00:00
2026-06-06,98995202,1623,0,5.1431069509,4.8859516034,4.8859516034,1.0000000,1,1,0.50665070000000000,0.506650700000,0.9867858985152569,0.9867858985152569,0.9867858985152569,0E-17,ELIGIBLE,R03b_20260811_FULL_v1,L1_ELIGIBILITY,v2026-08-11,2026-03-21..2026-08-06,baccarat_bet02_101_all_pairs_incl_sentinel,round_win = game_pnl > 0 (decisive only),COMPATIBILITY_ONLY_NOT_PRODUCTION,1391.7371,1285.6819,-61.3682,255,255,0.04409469,,0.04409469,0.04409469,61.3682,1391.7371,OK,0.0000,-2.4547,4.0000,96.0000,AG03-UNRESOLVED,ALL5_LEVELS_bet23_to_bet27,-2.4547,-2.4547,-2.4547,-3.0684,-3.0684,4.000000,4.000000,4.000000,5.000000,5.000000,96.000000,96.000000,96.000000,95.000000,95.000000,5.0,-13.5010,-12.3673,-47.8672,-49.0009,PENDING_AG03,FALSE,NOT_FOR_ENFORCEMENT,-58.9135,1234.2546,-61.3682,-58.9135,-2.4547,-0.04409469,-0.04233091,-2.4547,-58.9135,-0.04233091,-2.4547,-2.4547,-2.4547,-3.0684,-3.0684,-58.9135,-0.04233091,-13.5010,-12.3673,-47.8672,-49.0009,-0.03439386,-0.03520848,-0.00176379,5.4578,5.0419,-0.2407,-12.2736,-0.6327,278.3474,51.0000,,5.4578,5.1431,5.1891,5.1891,7.7837,7.7837,7.7837,5.1891,0.0,1.5,1.5,1.051771,21,76,8,2,0E-8,-0.04409469,,0E-8,0.000000,0.923797,0.000000,,2026-05-13,2026-06-17,5,97,56,36,0.138889,,,0.000000,,,,,,,,GLOBAL_BASELINE_NO_ENTITY_RANKING,,,NOT_APPLICABLE_GLOBAL_BASELINE,HF9g-P5,,,,X 全窗基线 · 不参与实体赏罚,3929198,393,A168_HF9F_20260827_0900,2026-08-27 09:00:00
2026-06-06,98995202,1702,0,5.4002622985,-5.4002622985,-5.4002622985,0E-7,1,1,0.50665070000000000,0.506650700000,-1.013391052207602,-1.013391052207602,-1.013391052207602,0E-17,ELIGIBLE,R03b_20260811_FULL_v1,L1_ELIGIBILITY,v2026-08-11,2026-03-21..2026-08-06,baccarat_bet02_101_all_pairs_incl_sentinel,round_win = game_pnl > 0 (decisive only),COMPATIBILITY_ONLY_NOT_PRODUCTION,1391.7371,1285.6819,-61.3682,255,255,0.04409469,,0.04409469,0.04409469,61.3682,1391.7371,OK,0.0000,-2.4547,4.0000,96.0000,AG03-UNRESOLVED,ALL5_LEVELS_bet23_to_bet27,-2.4547,-2.4547,-2.4547,-3.0684,-3.0684,4.000000,4.000000,4.000000,5.000000,5.000000,96.000000,96.000000,96.000000,95.000000,95.000000,5.0,-13.5010,-12.3673,-47.8672,-49.0009,PENDING_AG03,FALSE,NOT_FOR_ENFORCEMENT,-58.9135,1234.2546,-61.3682,-58.9135,-2.4547,-0.04409469,-0.04233091,-2.4547,-58.9135,-0.04233091,-2.4547,-2.4547,-2.4547,-3.0684,-3.0684,-58.9135,-0.04233091,-13.5010,-12.3673,-47.8672,-49.0009,-0.03439386,-0.03520848,-0.00176379,5.4578,5.0419,-0.2407,-12.2736,-0.6327,278.3474,51.0000,,5.4578,5.1431,5.1891,5.1891,7.7837,7.7837,7.7837,5.1891,0.0,1.5,1.5,1.051771,21,76,8,2,0E-8,-0.04409469,,0E-8,0.000000,0.923797,0.000000,,2026-05-13,2026-06-17,5,97,56,36,0.138889,,,0.000000,,,,,,,,GLOBAL_BASELINE_NO_ENTITY_RANKING,,,NOT_APPLICABLE_GLOBAL_BASELINE,HF9g-P5,,,,X 全窗基线 · 不参与实体赏罚,3929199,393,A168_HF9F_20260827_0900,2026-08-27 09:00:00
2026-06-06,98995202,1704,0,5.1431069509,-5.1431069509,-5.1431069509,0E-7,1,1,0.49324550000000000,0.493245500000,-0.9865810262130424,-0.9865810262130424,-0.9865810262130424,0E-17,ELIGIBLE,R03b_20260811_FULL_v1,L1_ELIGIBILITY,v2026-08-11,2026-03-21..2026-08-06,baccarat_bet02_101_all_pairs_incl_sentinel,round_win = game_pnl > 0 (decisive only),COMPATIBILITY_ONLY_NOT_PRODUCTION,1391.7371,1285.6819,-61.3682,255,255,0.04409469,,0.04409469,0.04409469,61.3682,1391.7371,OK,0.0000,-2.4547,4.0000,96.0000,AG03-UNRESOLVED,ALL5_LEVELS_bet23_to_bet27,-2.4547,-2.4547,-2.4547,-3.0684,-3.0684,4.000000,4.000000,4.000000,5.000000,5.000000,96.000000,96.000000,96.000000,95.000000,95.000000,5.0,-13.5010,-12.3673,-47.8672,-49.0009,PENDING_AG03,FALSE,NOT_FOR_ENFORCEMENT,-58.9135,1234.2546,-61.3682,-58.9135,-2.4547,-0.04409469,-0.04233091,-2.4547,-58.9135,-0.04233091,-2.4547,-2.4547,-2.4547,-3.0684,-3.0684,-58.9135,-0.04233091,-13.5010,-12.3673,-47.8672,-49.0009,-0.03439386,-0.03520848,-0.00176379,5.4578,5.0419,-0.2407,-12.2736,-0.6327,278.3474,51.0000,,5.4578,5.1431,5.1891,5.1891,7.7837,7.7837,7.7837,5.1891,0.0,1.5,1.5,1.051771,21,76,8,2,0E-8,-0.04409469,,0E-8,0.000000,0.923797,0.000000,,2026-05-13,2026-06-17,5,97,56,36,0.138889,,,0.000000,,,,,,,,GLOBAL_BASELINE_NO_ENTITY_RANKING,,,NOT_APPLICABLE_GLOBAL_BASELINE,HF9g-P5,,,,X 全窗基线 · 不参与实体赏罚,3929200,393,A168_HF9F_20260827_0900,2026-08-27 09:00:00
2026-06-06,98995202,1940,0,20.5724278036,-0.2571553475,-0.2571553475,0.5000000,4,4,0.49659680000000000,0.496596800000,0.013613115331600182,0.013613115331600183,0.013613115331600182,0E-17,ELIGIBLE,R03b_20260811_FULL_v1,L1_ELIGIBILITY,v2026-08-11,2026-03-21..2026-08-06,baccarat_bet02_101_all_pairs_incl_sentinel,round_win = game_pnl > 0 (decisive only),COMPATIBILITY_ONLY_NOT_PRODUCTION,1391.7371,1285.6819,-61.3682,255,255,0.04409469,,0.04409469,0.04409469,61.3682,1391.7371,OK,0.0000,-2.4547,4.0000,96.0000,AG03-UNRESOLVED,ALL5_LEVELS_bet23_to_bet27,-2.4547,-2.4547,-2.4547,-3.0684,-3.0684,4.000000,4.000000,4.000000,5.000000,5.000000,96.000000,96.000000,96.000000,95.000000,95.000000,5.0,-13.5010,-12.3673,-47.8672,-49.0009,PENDING_AG03,FALSE,NOT_FOR_ENFORCEMENT,-58.9135,1234.2546,-61.3682,-58.9135,-2.4547,-0.04409469,-0.04233091,-2.4547,-58.9135,-0.04233091,-2.4547,-2.4547,-2.4547,-3.0684,-3.0684,-58.9135,-0.04233091,-13.5010,-12.3673,-47.8672,-49.0009,-0.03439386,-0.03520848,-0.00176379,5.4578,5.0419,-0.2407,-12.2736,-0.6327,278.3474,51.0000,,5.4578,5.1431,5.1891,5.1891,7.7837,7.7837,7.7837,5.1891,0.0,1.5,1.5,1.051771,21,76,8,2,0E-8,-0.04409469,,0E-8,0.000000,0.923797,0.000000,,2026-05-13,2026-06-17,5,97,56,36,0.138889,,,0.000000,,,,,,,,GLOBAL_BASELINE_NO_ENTITY_RANKING,,,NOT_APPLICABLE_GLOBAL_BASELINE,HF9g-P5,,,,X 全窗基线 · 不参与实体赏罚,3929201,393,A168_HF9F_20260827_0900,2026-08-27 09:00:00
2026-06-06,98995202,1942,0,5.1431069509,4.8859516034,4.8859516034,1.0000000,1,1,0.50665070000000000,0.506650700000,0.9867858985152569,0.9867858985152569,0.9867858985152569,0E-17,ELIGIBLE,R03b_20260811_FULL_v1,L1_ELIGIBILITY,v2026-08-11,2026-03-21..2026-08-06,baccarat_bet02_101_all_pairs_incl_sentinel,round_win = game_pnl > 0 (decisive only),COMPATIBILITY_ONLY_NOT_PRODUCTION,1391.7371,1285.6819,-61.3682,255,255,0.04409469,,0.04409469,0.04409469,61.3682,1391.7371,OK,0.0000,-2.4547,4.0000,96.0000,AG03-UNRESOLVED,ALL5_LEVELS_bet23_to_bet27,-2.4547,-2.4547,-2.4547,-3.0684,-3.0684,4.000000,4.000000,4.000000,5.000000,5.000000,96.000000,96.000000,96.000000,95.000000,95.000000,5.0,-13.5010,-12.3673,-47.8672,-49.0009,PENDING_AG03,FALSE,NOT_FOR_ENFORCEMENT,-58.9135,1234.2546,-61.3682,-58.9135,-2.4547,-0.04409469,-0.04233091,-2.4547,-58.9135,-0.04233091,-2.4547,-2.4547,-2.4547,-3.0684,-3.0684,-58.9135,-0.04233091,-13.5010,-12.3673,-47.8672,-49.0009,-0.03439386,-0.03520848,-0.00176379,5.4578,5.0419,-0.2407,-12.2736,-0.6327,278.3474,51.0000,,5.4578,5.1431,5.1891,5.1891,7.7837,7.7837,7.7837,5.1891,0.0,1.5,1.5,1.051771,21,76,8,2,0E-8,-0.04409469,,0E-8,0.000000,0.923797,0.000000,,2026-05-13,2026-06-17,5,97,56,36,0.138889,,,0.000000,,,,,,,,GLOBAL_BASELINE_NO_ENTITY_RANKING,,,NOT_APPLICABLE_GLOBAL_BASELINE,HF9g-P5,,,,X 全窗基线 · 不参与实体赏罚,3929202,393,A168_HF9F_20260827_0900,2026-08-27 09:00:00
2026-06-06,98995202,1947,0,51.4310695090,4.6287962559,4.6287962559,0.5555556,10,10,0.49860758000000000,0.498607580000,0.34168917829272333,0.34168917829272333,0.34168917829272333,0E-17,ELIGIBLE,R03b_20260811_FULL_v1,L1_ELIGIBILITY,v2026-08-11,2026-03-21..2026-08-06,baccarat_bet02_101_all_pairs_incl_sentinel,round_win = game_pnl > 0 (decisive only),COMPATIBILITY_ONLY_NOT_PRODUCTION,1391.7371,1285.6819,-61.3682,255,255,0.04409469,,0.04409469,0.04409469,61.3682,1391.7371,OK,0.0000,-2.4547,4.0000,96.0000,AG03-UNRESOLVED,ALL5_LEVELS_bet23_to_bet27,-2.4547,-2.4547,-2.4547,-3.0684,-3.0684,4.000000,4.000000,4.000000,5.000000,5.000000,96.000000,96.000000,96.000000,95.000000,95.000000,5.0,-13.5010,-12.3673,-47.8672,-49.0009,PENDING_AG03,FALSE,NOT_FOR_ENFORCEMENT,-58.9135,1234.2546,-61.3682,-58.9135,-2.4547,-0.04409469,-0.04233091,-2.4547,-58.9135,-0.04233091,-2.4547,-2.4547,-2.4547,-3.0684,-3.0684,-58.9135,-0.04233091,-13.5010,-12.3673,-47.8672,-49.0009,-0.03439386,-0.03520848,-0.00176379,5.4578,5.0419,-0.2407,-12.2736,-0.6327,278.3474,51.0000,,5.4578,5.1431,5.1891,5.1891,7.7837,7.7837,7.7837,5.1891,0.0,1.5,1.5,1.051771,21,76,8,2,0E-8,-0.04409469,,0E-8,0.000000,0.923797,0.000000,,2026-05-13,2026-06-17,5,97,56,36,0.138889,,,0.000000,,,,,,,,GLOBAL_BASELINE_NO_ENTITY_RANKING,,,NOT_APPLICABLE_GLOBAL_BASELINE,HF9g-P5,,,,X 全窗基线 · 不参与实体赏罚,3929203,393,A168_HF9F_20260827_0900,2026-08-27 09:00:00
2026-06-06,98995202,1994,0,20.5724278036,-0.2571553475,-0.2571553475,0.5000000,4,4,0.49659680000000000,0.496596800000,0.013613115331600182,0.013613115331600183,0.013613115331600182,0E-17,ELIGIBLE,R03b_20260811_FULL_v1,L1_ELIGIBILITY,v2026-08-11,2026-03-21..2026-08-06,baccarat_bet02_101_all_pairs_incl_sentinel,round_win = game_pnl > 0 (decisive only),COMPATIBILITY_ONLY_NOT_PRODUCTION,1391.7371,1285.6819,-61.3682,255,255,0.04409469,,0.04409469,0.04409469,61.3682,1391.7371,OK,0.0000,-2.4547,4.0000,96.0000,AG03-UNRESOLVED,ALL5_LEVELS_bet23_to_bet27,-2.4547,-2.4547,-2.4547,-3.0684,-3.0684,4.000000,4.000000,4.000000,5.000000,5.000000,96.000000,96.000000,96.000000,95.000000,95.000000,5.0,-13.5010,-12.3673,-47.8672,-49.0009,PENDING_AG03,FALSE,NOT_FOR_ENFORCEMENT,-58.9135,1234.2546,-61.3682,-58.9135,-2.4547,-0.04409469,-0.04233091,-2.4547,-58.9135,-0.04233091,-2.4547,-2.4547,-2.4547,-3.0684,-3.0684,-58.9135,-0.04233091,-13.5010,-12.3673,-47.8672,-49.0009,-0.03439386,-0.03520848,-0.00176379,5.4578,5.0419,-0.2407,-12.2736,-0.6327,278.3474,51.0000,,5.4578,5.1431,5.1891,5.1891,7.7837,7.7837,7.7837,5.1891,0.0,1.5,1.5,1.051771,21,76,8,2,0E-8,-0.04409469,,0E-8,0.000000,0.923797,0.000000,,2026-05-13,2026-06-17,5,97,56,36,0.138889,,,0.000000,,,,,,,,GLOBAL_BASELINE_NO_ENTITY_RANKING,,,NOT_APPLICABLE_GLOBAL_BASELINE,HF9g-P5,,,,X 全窗基线 · 不参与实体赏罚,3929204,393,A168_HF9F_20260827_0900,2026-08-27 09:00:00
2026-06-06,98995202,2101,0,10.2862139018,-10.2862139018,-10.2862139018,0E-7,2,2,0.49994810000000000,0.499948100000,-1.4140667746232096,-1.4140667746232096,-1.4140667746232096,0E-17,ELIGIBLE,R03b_20260811_FULL_v1,L1_ELIGIBILITY,v2026-08-11,2026-03-21..2026-08-06,baccarat_bet02_101_all_pairs_incl_sentinel,round_win = game_pnl > 0 (decisive only),COMPATIBILITY_ONLY_NOT_PRODUCTION,1391.7371,1285.6819,-61.3682,255,255,0.04409469,,0.04409469,0.04409469,61.3682,1391.7371,OK,0.0000,-2.4547,4.0000,96.0000,AG03-UNRESOLVED,ALL5_LEVELS_bet23_to_bet27,-2.4547,-2.4547,-2.4547,-3.0684,-3.0684,4.000000,4.000000,4.000000,5.000000,5.000000,96.000000,96.000000,96.000000,95.000000,95.000000,5.0,-13.5010,-12.3673,-47.8672,-49.0009,PENDING_AG03,FALSE,NOT_FOR_ENFORCEMENT,-58.9135,1234.2546,-61.3682,-58.9135,-2.4547,-0.04409469,-0.04233091,-2.4547,-58.9135,-0.04233091,-2.4547,-2.4547,-2.4547,-3.0684,-3.0684,-58.9135,-0.04233091,-13.5010,-12.3673,-47.8672,-49.0009,-0.03439386,-0.03520848,-0.00176379,5.4578,5.0419,-0.2407,-12.2736,-0.6327,278.3474,51.0000,,5.4578,5.1431,5.1891,5.1891,7.7837,7.7837,7.7837,5.1891,0.0,1.5,1.5,1.051771,21,76,8,2,0E-8,-0.04409469,,0E-8,0.000000,0.923797,0.000000,,2026-05-13,2026-06-17,5,97,56,36,0.138889,,,0.000000,,,,,,,,GLOBAL_BASELINE_NO_ENTITY_RANKING,,,NOT_APPLICABLE_GLOBAL_BASELINE,HF9g-P5,,,,X 全窗基线 · 不参与实体赏罚,3929205,393,A168_HF9F_20260827_0900,2026-08-27 09:00:00
2026-06-06,98995202,2152,0,5.1431069509,5.1431069509,5.1431069509,1.0000000,1,1,0.49324550000000000,0.493245500000,1.01360149184955,1.01360149184955,1.01360149184955,0E-17,ELIGIBLE,R03b_20260811_FULL_v1,L1_ELIGIBILITY,v2026-08-11,2026-03-21..2026-08-06,baccarat_bet02_101_all_pairs_incl_sentinel,round_win = game_pnl > 0 (decisive only),COMPATIBILITY_ONLY_NOT_PRODUCTION,1391.7371,1285.6819,-61.3682,255,255,0.04409469,,0.04409469,0.04409469,61.3682,1391.7371,OK,0.0000,-2.4547,4.0000,96.0000,AG03-UNRESOLVED,ALL5_LEVELS_bet23_to_bet27,-2.4547,-2.4547,-2.4547,-3.0684,-3.0684,4.000000,4.000000,4.000000,5.000000,5.000000,96.000000,96.000000,96.000000,95.000000,95.000000,5.0,-13.5010,-12.3673,-47.8672,-49.0009,PENDING_AG03,FALSE,NOT_FOR_ENFORCEMENT,-58.9135,1234.2546,-61.3682,-58.9135,-2.4547,-0.04409469,-0.04233091,-2.4547,-58.9135,-0.04233091,-2.4547,-2.4547,-2.4547,-3.0684,-3.0684,-58.9135,-0.04233091,-13.5010,-12.3673,-47.8672,-49.0009,-0.03439386,-0.03520848,-0.00176379,5.4578,5.0419,-0.2407,-12.2736,-0.6327,278.3474,51.0000,,5.4578,5.1431,5.1891,5.1891,7.7837,7.7837,7.7837,5.1891,0.0,1.5,1.5,1.051771,21,76,8,2,0E-8,-0.04409469,,0E-8,0.000000,0.923797,0.000000,,2026-05-13,2026-06-17,5,97,56,36,0.138889,,,0.000000,,,,,,,,GLOBAL_BASELINE_NO_ENTITY_RANKING,,,NOT_APPLICABLE_GLOBAL_BASELINE,HF9g-P5,,,,X 全窗基线 · 不参与实体赏罚,3929206,393,A168_HF9F_20260827_0900,2026-08-27 09:00:00
2026-06-06,98995202,2155,0,11.5719906395,-6.4288836886,-6.4288836886,0E-7,2,2,0.49994810000000000,0.499948100000,-0.9998962053866608,-0.9998962053866608,-0.9998962053866608,0E-17,ELIGIBLE,R03b_20260811_FULL_v1,L1_ELIGIBILITY,v2026-08-11,2026-03-21..2026-08-06,baccarat_bet02_101_all_pairs_incl_sentinel,round_win = game_pnl > 0 (decisive only),COMPATIBILITY_ONLY_NOT_PRODUCTION,1391.7371,1285.6819,-61.3682,255,255,0.04409469,,0.04409469,0.04409469,61.3682,1391.7371,OK,0.0000,-2.4547,4.0000,96.0000,AG03-UNRESOLVED,ALL5_LEVELS_bet23_to_bet27,-2.4547,-2.4547,-2.4547,-3.0684,-3.0684,4.000000,4.000000,4.000000,5.000000,5.000000,96.000000,96.000000,96.000000,95.000000,95.000000,5.0,-13.5010,-12.3673,-47.8672,-49.0009,PENDING_AG03,FALSE,NOT_FOR_ENFORCEMENT,-58.9135,1234.2546,-61.3682,-58.9135,-2.4547,-0.04409469,-0.04233091,-2.4547,-58.9135,-0.04233091,-2.4547,-2.4547,-2.4547,-3.0684,-3.0684,-58.9135,-0.04233091,-13.5010,-12.3673,-47.8672,-49.0009,-0.03439386,-0.03520848,-0.00176379,5.4578,5.0419,-0.2407,-12.2736,-0.6327,278.3474,51.0000,,5.4578,5.1431,5.1891,5.1891,7.7837,7.7837,7.7837,5.1891,0.0,1.5,1.5,1.051771,21,76,8,2,0E-8,-0.04409469,,0E-8,0.000000,0.923797,0.000000,,2026-05-13,2026-06-17,5,97,56,36,0.138889,,,0.000000,,,,,,,,GLOBAL_BASELINE_NO_ENTITY_RANKING,,,NOT_APPLICABLE_GLOBAL_BASELINE,HF9g-P5,,,,X 全窗基线 · 不参与实体赏罚,3929207,393,A168_HF9F_20260827_0900,2026-08-27 09:00:00
2026-06-06,98995202,2170,0,28.2870882300,0.8100393448,0.8100393448,0.5000000,6,6,0.49771390000000000,0.497713900000,0.011199674067230152,0.011199674067230152,0.011199674067230152,0E-17,ELIGIBLE,R03b_20260811_FULL_v1,L1_ELIGIBILITY,v2026-08-11,2026-03-21..2026-08-06,baccarat_bet02_101_all_pairs_incl_sentinel,round_win = game_pnl > 0 (decisive only),COMPATIBILITY_ONLY_NOT_PRODUCTION,1391.7371,1285.6819,-61.3682,255,255,0.04409469,,0.04409469,0.04409469,61.3682,1391.7371,OK,0.0000,-2.4547,4.0000,96.0000,AG03-UNRESOLVED,ALL5_LEVELS_bet23_to_bet27,-2.4547,-2.4547,-2.4547,-3.0684,-3.0684,4.000000,4.000000,4.000000,5.000000,5.000000,96.000000,96.000000,96.000000,95.000000,95.000000,5.0,-13.5010,-12.3673,-47.8672,-49.0009,PENDING_AG03,FALSE,NOT_FOR_ENFORCEMENT,-58.9135,1234.2546,-61.3682,-58.9135,-2.4547,-0.04409469,-0.04233091,-2.4547,-58.9135,-0.04233091,-2.4547,-2.4547,-2.4547,-3.0684,-3.0684,-58.9135,-0.04233091,-13.5010,-12.3673,-47.8672,-49.0009,-0.03439386,-0.03520848,-0.00176379,5.4578,5.0419,-0.2407,-12.2736,-0.6327,278.3474,51.0000,,5.4578,5.1431,5.1891,5.1891,7.7837,7.7837,7.7837,5.1891,0.0,1.5,1.5,1.051771,21,76,8,2,0E-8,-0.04409469,,0E-8,0.000000,0.923797,0.000000,,2026-05-13,2026-06-17,5,97,56,36,0.138889,,,0.000000,,,,,,,,GLOBAL_BASELINE_NO_ENTITY_RANKING,,,NOT_APPLICABLE_GLOBAL_BASELINE,HF9g-P5,,,,X 全窗基线 · 不参与实体赏罚,3929208,393,A168_HF9F_20260827_0900,2026-08-27 09:00:00
2026-06-06,98995202,2177,0,36.0017486563,-0.2571553475,-0.2571553475,0.5000000,7,7,0.50090561428571429,0.500905614286,-0.00443659308478647,-0.004436593086186165,-0.00443659308478647,-2.8571E-13,ELIGIBLE,R03b_20260811_FULL_v1,L1_ELIGIBILITY,v2026-08-11,2026-03-21..2026-08-06,baccarat_bet02_101_all_pairs_incl_sentinel,round_win = game_pnl > 0 (decisive only),COMPATIBILITY_ONLY_NOT_PRODUCTION,1391.7371,1285.6819,-61.3682,255,255,0.04409469,,0.04409469,0.04409469,61.3682,1391.7371,OK,0.0000,-2.4547,4.0000,96.0000,AG03-UNRESOLVED,ALL5_LEVELS_bet23_to_bet27,-2.4547,-2.4547,-2.4547,-3.0684,-3.0684,4.000000,4.000000,4.000000,5.000000,5.000000,96.000000,96.000000,96.000000,95.000000,95.000000,5.0,-13.5010,-12.3673,-47.8672,-49.0009,PENDING_AG03,FALSE,NOT_FOR_ENFORCEMENT,-58.9135,1234.2546,-61.3682,-58.9135,-2.4547,-0.04409469,-0.04233091,-2.4547,-58.9135,-0.04233091,-2.4547,-2.4547,-2.4547,-3.0684,-3.0684,-58.9135,-0.04233091,-13.5010,-12.3673,-47.8672,-49.0009,-0.03439386,-0.03520848,-0.00176379,5.4578,5.0419,-0.2407,-12.2736,-0.6327,278.3474,51.0000,,5.4578,5.1431,5.1891,5.1891,7.7837,7.7837,7.7837,5.1891,0.0,1.5,1.5,1.051771,21,76,8,2,0E-8,-0.04409469,,0E-8,0.000000,0.923797,0.000000,,2026-05-13,2026-06-17,5,97,56,36,0.138889,,,0.000000,,,,,,,,GLOBAL_BASELINE_NO_ENTITY_RANKING,,,NOT_APPLICABLE_GLOBAL_BASELINE,HF9g-P5,,,,X 全窗基线 · 不参与实体赏罚,3929209,393,A168_HF9F_20260827_0900,2026-08-27 09:00:00
2026-06-06,98995202,2209,0,5.1431069509,5.1431069509,5.1431069509,1.0000000,1,1,0.49324550000000000,0.493245500000,1.01360149184955,1.01360149184955,1.01360149184955,0E-17,ELIGIBLE,R03b_20260811_FULL_v1,L1_ELIGIBILITY,v2026-08-11,2026-03-21..2026-08-06,baccarat_bet02_101_all_pairs_incl_sentinel,round_win = game_pnl > 0 (decisive only),COMPATIBILITY_ONLY_NOT_PRODUCTION,1391.7371,1285.6819,-61.3682,255,255,0.04409469,,0.04409469,0.04409469,61.3682,1391.7371,OK,0.0000,-2.4547,4.0000,96.0000,AG03-UNRESOLVED,ALL5_LEVELS_bet23_to_bet27,-2.4547,-2.4547,-2.4547,-3.0684,-3.0684,4.000000,4.000000,4.000000,5.000000,5.000000,96.000000,96.000000,96.000000,95.000000,95.000000,5.0,-13.5010,-12.3673,-47.8672,-49.0009,PENDING_AG03,FALSE,NOT_FOR_ENFORCEMENT,-58.9135,1234.2546,-61.3682,-58.9135,-2.4547,-0.04409469,-0.04233091,-2.4547,-58.9135,-0.04233091,-2.4547,-2.4547,-2.4547,-3.0684,-3.0684,-58.9135,-0.04233091,-13.5010,-12.3673,-47.8672,-49.0009,-0.03439386,-0.03520848,-0.00176379,5.4578,5.0419,-0.2407,-12.2736,-0.6327,278.3474,51.0000,,5.4578,5.1431,5.1891,5.1891,7.7837,7.7837,7.7837,5.1891,0.0,1.5,1.5,1.051771,21,76,8,2,0E-8,-0.04409469,,0E-8,0.000000,0.923797,0.000000,,2026-05-13,2026-06-17,5,97,56,36,0.138889,,,0.000000,,,,,,,,GLOBAL_BASELINE_NO_ENTITY_RANKING,,,NOT_APPLICABLE_GLOBAL_BASELINE,HF9g-P5,,,,X 全窗基线 · 不参与实体赏罚,3929210,393,A168_HF9F_20260827_0900,2026-08-27 09:00:00
2026-06-06,98995202,2235,0,15.4293208527,15.4293208527,15.4293208527,1.0000000,3,3,0.49324550000000000,0.493245500000,1.755609282511032,1.7556092825110319,1.755609282511032,0E-17,ELIGIBLE,R03b_20260811_FULL_v1,L1_ELIGIBILITY,v2026-08-11,2026-03-21..2026-08-06,baccarat_bet02_101_all_pairs_incl_sentinel,round_win = game_pnl > 0 (decisive only),COMPATIBILITY_ONLY_NOT_PRODUCTION,1391.7371,1285.6819,-61.3682,255,255,0.04409469,,0.04409469,0.04409469,61.3682,1391.7371,OK,0.0000,-2.4547,4.0000,96.0000,AG03-UNRESOLVED,ALL5_LEVELS_bet23_to_bet27,-2.4547,-2.4547,-2.4547,-3.0684,-3.0684,4.000000,4.000000,4.000000,5.000000,5.000000,96.000000,96.000000,96.000000,95.000000,95.000000,5.0,-13.5010,-12.3673,-47.8672,-49.0009,PENDING_AG03,FALSE,NOT_FOR_ENFORCEMENT,-58.9135,1234.2546,-61.3682,-58.9135,-2.4547,-0.04409469,-0.04233091,-2.4547,-58.9135,-0.04233091,-2.4547,-2.4547,-2.4547,-3.0684,-3.0684,-58.9135,-0.04233091,-13.5010,-12.3673,-47.8672,-49.0009,-0.03439386,-0.03520848,-0.00176379,5.4578,5.0419,-0.2407,-12.2736,-0.6327,278.3474,51.0000,,5.4578,5.1431,5.1891,5.1891,7.7837,7.7837,7.7837,5.1891,0.0,1.5,1.5,1.051771,21,76,8,2,0E-8,-0.04409469,,0E-8,0.000000,0.923797,0.000000,,2026-05-13,2026-06-17,5,97,56,36,0.138889,,,0.000000,,,,,,,,GLOBAL_BASELINE_NO_ENTITY_RANKING,,,NOT_APPLICABLE_GLOBAL_BASELINE,HF9g-P5,,,,X 全窗基线 · 不参与实体赏罚,3929211,393,A168_HF9F_20260827_0900,2026-08-27 09:00:00
2026-06-06,98995202,2242,0,5.1431069509,-5.1431069509,-5.1431069509,0E-7,1,1,0.50665070000000000,0.506650700000,-1.013391052207602,-1.013391052207602,-1.013391052207602,0E-17,ELIGIBLE,R03b_20260811_FULL_v1,L1_ELIGIBILITY,v2026-08-11,2026-03-21..2026-08-06,baccarat_bet02_101_all_pairs_incl_sentinel,round_win = game_pnl > 0 (decisive only),COMPATIBILITY_ONLY_NOT_PRODUCTION,1391.7371,1285.6819,-61.3682,255,255,0.04409469,,0.04409469,0.04409469,61.3682,1391.7371,OK,0.0000,-2.4547,4.0000,96.0000,AG03-UNRESOLVED,ALL5_LEVELS_bet23_to_bet27,-2.4547,-2.4547,-2.4547,-3.0684,-3.0684,4.000000,4.000000,4.000000,5.000000,5.000000,96.000000,96.000000,96.000000,95.000000,95.000000,5.0,-13.5010,-12.3673,-47.8672,-49.0009,PENDING_AG03,FALSE,NOT_FOR_ENFORCEMENT,-58.9135,1234.2546,-61.3682,-58.9135,-2.4547,-0.04409469,-0.04233091,-2.4547,-58.9135,-0.04233091,-2.4547,-2.4547,-2.4547,-3.0684,-3.0684,-58.9135,-0.04233091,-13.5010,-12.3673,-47.8672,-49.0009,-0.03439386,-0.03520848,-0.00176379,5.4578,5.0419,-0.2407,-12.2736,-0.6327,278.3474,51.0000,,5.4578,5.1431,5.1891,5.1891,7.7837,7.7837,7.7837,5.1891,0.0,1.5,1.5,1.051771,21,76,8,2,0E-8,-0.04409469,,0E-8,0.000000,0.923797,0.000000,,2026-05-13,2026-06-17,5,97,56,36,0.138889,,,0.000000,,,,,,,,GLOBAL_BASELINE_NO_ENTITY_RANKING,,,NOT_APPLICABLE_GLOBAL_BASELINE,HF9g-P5,,,,X 全窗基线 · 不参与实体赏罚,3929212,393,A168_HF9F_20260827_0900,2026-08-27 09:00:00
2026-06-06,98995202,2248,0,5.1431069509,5.1431069509,5.1431069509,1.0000000,1,1,0.49324550000000000,0.493245500000,1.01360149184955,1.01360149184955,1.01360149184955,0E-17,ELIGIBLE,R03b_20260811_FULL_v1,L1_ELIGIBILITY,v2026-08-11,2026-03-21..2026-08-06,baccarat_bet02_101_all_pairs_incl_sentinel,round_win = game_pnl > 0 (decisive only),COMPATIBILITY_ONLY_NOT_PRODUCTION,1391.7371,1285.6819,-61.3682,255,255,0.04409469,,0.04409469,0.04409469,61.3682,1391.7371,OK,0.0000,-2.4547,4.0000,96.0000,AG03-UNRESOLVED,ALL5_LEVELS_bet23_to_bet27,-2.4547,-2.4547,-2.4547,-3.0684,-3.0684,4.000000,4.000000,4.000000,5.000000,5.000000,96.000000,96.000000,96.000000,95.000000,95.000000,5.0,-13.5010,-12.3673,-47.8672,-49.0009,PENDING_AG03,FALSE,NOT_FOR_ENFORCEMENT,-58.9135,1234.2546,-61.3682,-58.9135,-2.4547,-0.04409469,-0.04233091,-2.4547,-58.9135,-0.04233091,-2.4547,-2.4547,-2.4547,-3.0684,-3.0684,-58.9135,-0.04233091,-13.5010,-12.3673,-47.8672,-49.0009,-0.03439386,-0.03520848,-0.00176379,5.4578,5.0419,-0.2407,-12.2736,-0.6327,278.3474,51.0000,,5.4578,5.1431,5.1891,5.1891,7.7837,7.7837,7.7837,5.1891,0.0,1.5,1.5,1.051771,21,76,8,2,0E-8,-0.04409469,,0E-8,0.000000,0.923797,0.000000,,2026-05-13,2026-06-17,5,97,56,36,0.138889,,,0.000000,,,,,,,,GLOBAL_BASELINE_NO_ENTITY_RANKING,,,NOT_APPLICABLE_GLOBAL_BASELINE,HF9g-P5,,,,X 全窗基线 · 不参与实体赏罚,3929213,393,A168_HF9F_20260827_0900,2026-08-27 09:00:00
2026-06-06,98995202,2261,0,5.1431069509,-5.1431069509,-5.1431069509,0E-7,1,1,0.49324550000000000,0.493245500000,-0.9865810262130424,-0.9865810262130424,-0.9865810262130424,0E-17,ELIGIBLE,R03b_20260811_FULL_v1,L1_ELIGIBILITY,v2026-08-11,2026-03-21..2026-08-06,baccarat_bet02_101_all_pairs_incl_sentinel,round_win = game_pnl > 0 (decisive only),COMPATIBILITY_ONLY_NOT_PRODUCTION,1391.7371,1285.6819,-61.3682,255,255,0.04409469,,0.04409469,0.04409469,61.3682,1391.7371,OK,0.0000,-2.4547,4.0000,96.0000,AG03-UNRESOLVED,ALL5_LEVELS_bet23_to_bet27,-2.4547,-2.4547,-2.4547,-3.0684,-3.0684,4.000000,4.000000,4.000000,5.000000,5.000000,96.000000,96.000000,96.000000,95.000000,95.000000,5.0,-13.5010,-12.3673,-47.8672,-49.0009,PENDING_AG03,FALSE,NOT_FOR_ENFORCEMENT,-58.9135,1234.2546,-61.3682,-58.9135,-2.4547,-0.04409469,-0.04233091,-2.4547,-58.9135,-0.04233091,-2.4547,-2.4547,-2.4547,-3.0684,-3.0684,-58.9135,-0.04233091,-13.5010,-12.3673,-47.8672,-49.0009,-0.03439386,-0.03520848,-0.00176379,5.4578,5.0419,-0.2407,-12.2736,-0.6327,278.3474,51.0000,,5.4578,5.1431,5.1891,5.1891,7.7837,7.7837,7.7837,5.1891,0.0,1.5,1.5,1.051771,21,76,8,2,0E-8,-0.04409469,,0E-8,0.000000,0.923797,0.000000,,2026-05-13,2026-06-17,5,97,56,36,0.138889,,,0.000000,,,,,,,,GLOBAL_BASELINE_NO_ENTITY_RANKING,,,NOT_APPLICABLE_GLOBAL_BASELINE,HF9g-P5,,,,X 全窗基线 · 不参与实体赏罚,3929214,393,A168_HF9F_20260827_0900,2026-08-27 09:00:00
2026-06-06,98995202,2276,0,5.1431069509,-5.1431069509,-5.1431069509,0E-7,1,1,0.50665070000000000,0.506650700000,-1.013391052207602,-1.013391052207602,-1.013391052207602,0E-17,ELIGIBLE,R03b_20260811_FULL_v1,L1_ELIGIBILITY,v2026-08-11,2026-03-21..2026-08-06,baccarat_bet02_101_all_pairs_incl_sentinel,round_win = game_pnl > 0 (decisive only),COMPATIBILITY_ONLY_NOT_PRODUCTION,1391.7371,1285.6819,-61.3682,255,255,0.04409469,,0.04409469,0.04409469,61.3682,1391.7371,OK,0.0000,-2.4547,4.0000,96.0000,AG03-UNRESOLVED,ALL5_LEVELS_bet23_to_bet27,-2.4547,-2.4547,-2.4547,-3.0684,-3.0684,4.000000,4.000000,4.000000,5.000000,5.000000,96.000000,96.000000,96.000000,95.000000,95.000000,5.0,-13.5010,-12.3673,-47.8672,-49.0009,PENDING_AG03,FALSE,NOT_FOR_ENFORCEMENT,-58.9135,1234.2546,-61.3682,-58.9135,-2.4547,-0.04409469,-0.04233091,-2.4547,-58.9135,-0.04233091,-2.4547,-2.4547,-2.4547,-3.0684,-3.0684,-58.9135,-0.04233091,-13.5010,-12.3673,-47.8672,-49.0009,-0.03439386,-0.03520848,-0.00176379,5.4578,5.0419,-0.2407,-12.2736,-0.6327,278.3474,51.0000,,5.4578,5.1431,5.1891,5.1891,7.7837,7.7837,7.7837,5.1891,0.0,1.5,1.5,1.051771,21,76,8,2,0E-8,-0.04409469,,0E-8,0.000000,0.923797,0.000000,,2026-05-13,2026-06-17,5,97,56,36,0.138889,,,0.000000,,,,,,,,GLOBAL_BASELINE_NO_ENTITY_RANKING,,,NOT_APPLICABLE_GLOBAL_BASELINE,HF9g-P5,,,,X 全窗基线 · 不参与实体赏罚,3929215,393,A168_HF9F_20260827_0900,2026-08-27 09:00:00
2026-06-06,98995202,471,0,5.1431069509,0E-10,0E-10,,1,1,0.49324550000000000,0.493245500000,,,,0E-17,NO_DECISIVE_ROUND,R03b_20260811_FULL_v1,L1_ELIGIBILITY,v2026-08-11,2026-03-21..2026-08-06,baccarat_bet02_101_all_pairs_incl_sentinel,round_win = game_pnl > 0 (decisive only),COMPATIBILITY_ONLY_NOT_PRODUCTION,1391.7371,1285.6819,-61.3682,255,255,0.04409469,,0.04409469,0.04409469,61.3682,1391.7371,OK,0.0000,-2.4547,4.0000,96.0000,AG03-UNRESOLVED,ALL5_LEVELS_bet23_to_bet27,-2.4547,-2.4547,-2.4547,-3.0684,-3.0684,4.000000,4.000000,4.000000,5.000000,5.000000,96.000000,96.000000,96.000000,95.000000,95.000000,5.0,-13.5010,-12.3673,-47.8672,-49.0009,PENDING_AG03,FALSE,NOT_FOR_ENFORCEMENT,-58.9135,1234.2546,-61.3682,-58.9135,-2.4547,-0.04409469,-0.04233091,-2.4547,-58.9135,-0.04233091,-2.4547,-2.4547,-2.4547,-3.0684,-3.0684,-58.9135,-0.04233091,-13.5010,-12.3673,-47.8672,-49.0009,-0.03439386,-0.03520848,-0.00176379,5.4578,5.0419,-0.2407,-12.2736,-0.6327,278.3474,51.0000,,5.4578,5.1431,5.1891,5.1891,7.7837,7.7837,7.7837,5.1891,0.0,1.5,1.5,1.051771,21,76,8,2,0E-8,-0.04409469,,0E-8,0.000000,0.923797,0.000000,,2026-05-13,2026-06-17,5,97,56,36,0.138889,,,0.000000,,,,,,,,GLOBAL_BASELINE_NO_ENTITY_RANKING,,,NOT_APPLICABLE_GLOBAL_BASELINE,HF9g-P5,,,,X 全窗基线 · 不参与实体赏罚,3929216,393,A168_HF9F_20260827_0900,2026-08-27 09:00:00
2026-06-06,98995202,526,0,22.8868259315,1.9415228740,1.9415228740,0.5000000,4,4,0.49659680000000000,0.496596800000,0.013613115331600182,0.013613115331600183,0.013613115331600182,0E-17,ELIGIBLE,R03b_20260811_FULL_v1,L1_ELIGIBILITY,v2026-08-11,2026-03-21..2026-08-06,baccarat_bet02_101_all_pairs_incl_sentinel,round_win = game_pnl > 0 (decisive only),COMPATIBILITY_ONLY_NOT_PRODUCTION,1391.7371,1285.6819,-61.3682,255,255,0.04409469,,0.04409469,0.04409469,61.3682,1391.7371,OK,0.0000,-2.4547,4.0000,96.0000,AG03-UNRESOLVED,ALL5_LEVELS_bet23_to_bet27,-2.4547,-2.4547,-2.4547,-3.0684,-3.0684,4.000000,4.000000,4.000000,5.000000,5.000000,96.000000,96.000000,96.000000,95.000000,95.000000,5.0,-13.5010,-12.3673,-47.8672,-49.0009,PENDING_AG03,FALSE,NOT_FOR_ENFORCEMENT,-58.9135,1234.2546,-61.3682,-58.9135,-2.4547,-0.04409469,-0.04233091,-2.4547,-58.9135,-0.04233091,-2.4547,-2.4547,-2.4547,-3.0684,-3.0684,-58.9135,-0.04233091,-13.5010,-12.3673,-47.8672,-49.0009,-0.03439386,-0.03520848,-0.00176379,5.4578,5.0419,-0.2407,-12.2736,-0.6327,278.3474,51.0000,,5.4578,5.1431,5.1891,5.1891,7.7837,7.7837,7.7837,5.1891,0.0,1.5,1.5,1.051771,21,76,8,2,0E-8,-0.04409469,,0E-8,0.000000,0.923797,0.000000,,2026-05-13,2026-06-17,5,97,56,36,0.138889,,,0.000000,,,,,,,,GLOBAL_BASELINE_NO_ENTITY_RANKING,,,NOT_APPLICABLE_GLOBAL_BASELINE,HF9g-P5,,,,X 全窗基线 · 不参与实体赏罚,3929217,393,A168_HF9F_20260827_0900,2026-08-27 09:00:00
2026-06-06,98995202,583,0,15.4293208527,-0.2571553475,-0.2571553475,0.5000000,3,3,0.50218230000000000,0.502182300000,-0.00617253530718887,-0.00617253530718887,-0.00617253530718887,0E-17,ELIGIBLE,R03b_20260811_FULL_v1,L1_ELIGIBILITY,v2026-08-11,2026-03-21..2026-08-06,baccarat_bet02_101_all_pairs_incl_sentinel,round_win = game_pnl > 0 (decisive only),COMPATIBILITY_ONLY_NOT_PRODUCTION,1391.7371,1285.6819,-61.3682,255,255,0.04409469,,0.04409469,0.04409469,61.3682,1391.7371,OK,0.0000,-2.4547,4.0000,96.0000,AG03-UNRESOLVED,ALL5_LEVELS_bet23_to_bet27,-2.4547,-2.4547,-2.4547,-3.0684,-3.0684,4.000000,4.000000,4.000000,5.000000,5.000000,96.000000,96.000000,96.000000,95.000000,95.000000,5.0,-13.5010,-12.3673,-47.8672,-49.0009,PENDING_AG03,FALSE,NOT_FOR_ENFORCEMENT,-58.9135,1234.2546,-61.3682,-58.9135,-2.4547,-0.04409469,-0.04233091,-2.4547,-58.9135,-0.04233091,-2.4547,-2.4547,-2.4547,-3.0684,-3.0684,-58.9135,-0.04233091,-13.5010,-12.3673,-47.8672,-49.0009,-0.03439386,-0.03520848,-0.00176379,5.4578,5.0419,-0.2407,-12.2736,-0.6327,278.3474,51.0000,,5.4578,5.1431,5.1891,5.1891,7.7837,7.7837,7.7837,5.1891,0.0,1.5,1.5,1.051771,21,76,8,2,0E-8,-0.04409469,,0E-8,0.000000,0.923797,0.000000,,2026-05-13,2026-06-17,5,97,56,36,0.138889,,,0.000000,,,,,,,,GLOBAL_BASELINE_NO_ENTITY_RANKING,,,NOT_APPLICABLE_GLOBAL_BASELINE,HF9g-P5,,,,X 全窗基线 · 不参与实体赏罚,3929218,393,A168_HF9F_20260827_0900,2026-08-27 09:00:00
2026-06-06,98995202,772,0,2.8287088230,2.6872733818,2.6872733818,1.0000000,1,1,0.50665070000000000,0.506650700000,0.9867858985152569,0.9867858985152569,0.9867858985152569,0E-17,ELIGIBLE,R03b_20260811_FULL_v1,L1_ELIGIBILITY,v2026-08-11,2026-03-21..2026-08-06,baccarat_bet02_101_all_pairs_incl_sentinel,round_win = game_pnl > 0 (decisive only),COMPATIBILITY_ONLY_NOT_PRODUCTION,1391.7371,1285.6819,-61.3682,255,255,0.04409469,,0.04409469,0.04409469,61.3682,1391.7371,OK,0.0000,-2.4547,4.0000,96.0000,AG03-UNRESOLVED,ALL5_LEVELS_bet23_to_bet27,-2.4547,-2.4547,-2.4547,-3.0684,-3.0684,4.000000,4.000000,4.000000,5.000000,5.000000,96.000000,96.000000,96.000000,95.000000,95.000000,5.0,-13.5010,-12.3673,-47.8672,-49.0009,PENDING_AG03,FALSE,NOT_FOR_ENFORCEMENT,-58.9135,1234.2546,-61.3682,-58.9135,-2.4547,-0.04409469,-0.04233091,-2.4547,-58.9135,-0.04233091,-2.4547,-2.4547,-2.4547,-3.0684,-3.0684,-58.9135,-0.04233091,-13.5010,-12.3673,-47.8672,-49.0009,-0.03439386,-0.03520848,-0.00176379,5.4578,5.0419,-0.2407,-12.2736,-0.6327,278.3474,51.0000,,5.4578,5.1431,5.1891,5.1891,7.7837,7.7837,7.7837,5.1891,0.0,1.5,1.5,1.051771,21,76,8,2,0E-8,-0.04409469,,0E-8,0.000000,0.923797,0.000000,,2026-05-13,2026-06-17,5,97,56,36,0.138889,,,0.000000,,,,,,,,GLOBAL_BASELINE_NO_ENTITY_RANKING,,,NOT_APPLICABLE_GLOBAL_BASELINE,HF9g-P5,,,,X 全窗基线 · 不参与实体赏罚,3929219,393,A168_HF9F_20260827_0900,2026-08-27 09:00:00
2026-06-17,98995202,2196,0,2.8287088230,-2.8287088230,-2.8287088230,0E-7,1,1,0.49324550000000000,0.493245500000,-0.9865810262130424,-0.9865810262130424,-0.9865810262130424,0E-17,ELIGIBLE,R03b_20260811_FULL_v1,L1_ELIGIBILITY,v2026-08-11,2026-03-21..2026-08-06,baccarat_bet02_101_all_pairs_incl_sentinel,round_win = game_pnl > 0 (decisive only),COMPATIBILITY_ONLY_NOT_PRODUCTION,1391.7371,1285.6819,-61.3682,255,255,0.04409469,,0.04409469,0.04409469,61.3682,1391.7371,OK,0.0000,-2.4547,4.0000,96.0000,AG03-UNRESOLVED,ALL5_LEVELS_bet23_to_bet27,-2.4547,-2.4547,-2.4547,-3.0684,-3.0684,4.000000,4.000000,4.000000,5.000000,5.000000,96.000000,96.000000,96.000000,95.000000,95.000000,5.0,-13.5010,-12.3673,-47.8672,-49.0009,PENDING_AG03,FALSE,NOT_FOR_ENFORCEMENT,-58.9135,1234.2546,-61.3682,-58.9135,-2.4547,-0.04409469,-0.04233091,-2.4547,-58.9135,-0.04233091,-2.4547,-2.4547,-2.4547,-3.0684,-3.0684,-58.9135,-0.04233091,-13.5010,-12.3673,-47.8672,-49.0009,-0.03439386,-0.03520848,-0.00176379,5.4578,5.0419,-0.2407,-12.2736,-0.6327,278.3474,51.0000,,5.4578,5.1431,5.1891,5.1891,7.7837,7.7837,7.7837,5.1891,0.0,1.5,1.5,1.051771,21,76,8,2,0E-8,-0.04409469,,0E-8,0.000000,0.923797,0.000000,,2026-05-13,2026-06-17,5,97,56,36,0.138889,,,0.000000,,,,,,,,GLOBAL_BASELINE_NO_ENTITY_RANKING,,,NOT_APPLICABLE_GLOBAL_BASELINE,HF9g-P5,,,,X 全窗基线 · 不参与实体赏罚,3929220,393,A168_HF9F_20260827_0900,2026-08-27 09:00:00
2026-03-23,147691194,-1,1,1165.9507320071,43.8327342860,43.8327342860,0.5000000,19,19,0.50241747894736842,0.502417478947,-0.02051322885312753,-0.02051322885000127,-0.02051322885312753,3.6842E-13,SENTINEL_DEALER,R03b_20260811_FULL_v1,L1_ELIGIBILITY,v2026-08-11,2026-03-21..2026-08-06,baccarat_bet02_101_all_pairs_incl_sentinel,round_win = game_pnl > 0 (decisive only),COMPATIBILITY_ONLY_NOT_PRODUCTION,1911.1072,1288.6824,-61.3658,32,27,0.03211009,,0.03211009,0.03211009,61.3658,1911.1072,OK,0.0000,-2.4546,4.0000,96.0000,AG03-UNRESOLVED,ALL5_LEVELS_bet23_to_bet27,-2.4546,-2.4546,-2.4546,-2.4546,-2.4546,4.000000,4.000000,4.000000,4.000000,4.000000,96.000000,96.000000,96.000000,96.000000,96.000000,5.0,-12.2732,-11.3298,-49.0927,-50.036,PENDING_AG03,FALSE,NOT_FOR_ENFORCEMENT,-58.9112,1237.1351,-61.3658,-58.9112,-2.4546,-0.03211009,-0.03082569,-2.4546,-58.9112,-0.03082569,-2.4546,-2.4546,-2.4546,-2.4546,-2.4546,-58.9112,-0.03082569,-12.2732,-11.3298,-49.0927,-50.036,-0.02568807,-0.02618169,-0.00128440,59.7221,47.7290,-2.2728,-61.3658,-7.6707,1911.1072,27.0000,,59.7221,43.8327,48.216,70.1324,90.2954,112.2118,140.2648,43.8327,0.0,2.327273,2.909091,1.238636,7,4,1,2,0E-8,-0.03211009,,0E-8,0.000000,0.674312,1.000000,,2026-03-23,2026-03-23,1,8,7,1,1.000000,,,0.000000,,,,,,,,GLOBAL_BASELINE_NO_ENTITY_RANKING,,,NOT_APPLICABLE_GLOBAL_BASELINE,HF9g-P5,,,,X 全窗基线 · 不参与实体赏罚,3929221,393,A168_HF9F_20260827_0900,2026-08-27 09:00:00
2026-03-23,147691194,1109,0,43.8327342860,0E-10,0E-10,,1,1,0.50665070000000000,0.506650700000,,,,0E-17,NO_DECISIVE_ROUND,R03b_20260811_FULL_v1,L1_ELIGIBILITY,v2026-08-11,2026-03-21..2026-08-06,baccarat_bet02_101_all_pairs_incl_sentinel,round_win = game_pnl > 0 (decisive only),COMPATIBILITY_ONLY_NOT_PRODUCTION,1911.1072,1288.6824,-61.3658,32,27,0.03211009,,0.03211009,0.03211009,61.3658,1911.1072,OK,0.0000,-2.4546,4.0000,96.0000,AG03-UNRESOLVED,ALL5_LEVELS_bet23_to_bet27,-2.4546,-2.4546,-2.4546,-2.4546,-2.4546,4.000000,4.000000,4.000000,4.000000,4.000000,96.000000,96.000000,96.000000,96.000000,96.000000,5.0,-12.2732,-11.3298,-49.0927,-50.036,PENDING_AG03,FALSE,NOT_FOR_ENFORCEMENT,-58.9112,1237.1351,-61.3658,-58.9112,-2.4546,-0.03211009,-0.03082569,-2.4546,-58.9112,-0.03082569,-2.4546,-2.4546,-2.4546,-2.4546,-2.4546,-58.9112,-0.03082569,-12.2732,-11.3298,-49.0927,-50.036,-0.02568807,-0.02618169,-0.00128440,59.7221,47.7290,-2.2728,-61.3658,-7.6707,1911.1072,27.0000,,59.7221,43.8327,48.216,70.1324,90.2954,112.2118,140.2648,43.8327,0.0,2.327273,2.909091,1.238636,7,4,1,2,0E-8,-0.03211009,,0E-8,0.000000,0.674312,1.000000,,2026-03-23,2026-03-23,1,8,7,1,1.000000,,,0.000000,,,,,,,,GLOBAL_BASELINE_NO_ENTITY_RANKING,,,NOT_APPLICABLE_GLOBAL_BASELINE,HF9g-P5,,,,X 全窗基线 · 不参与实体赏罚,3929222,393,A168_HF9F_20260827_0900,2026-08-27 09:00:00
2026-03-23,147691194,1509,0,113.9651091435,-26.2996405715,-26.2996405715,0.5000000,2,2,0.49994810000000000,0.499948100000,0.00014679536856514622,0.00014679536856514622,0.00014679536856514622,0E-17,ELIGIBLE,R03b_20260811_FULL_v1,L1_ELIGIBILITY,v2026-08-11,2026-03-21..2026-08-06,baccarat_bet02_101_all_pairs_incl_sentinel,round_win = game_pnl > 0 (decisive only),COMPATIBILITY_ONLY_NOT_PRODUCTION,1911.1072,1288.6824,-61.3658,32,27,0.03211009,,0.03211009,0.03211009,61.3658,1911.1072,OK,0.0000,-2.4546,4.0000,96.0000,AG03-UNRESOLVED,ALL5_LEVELS_bet23_to_bet27,-2.4546,-2.4546,-2.4546,-2.4546,-2.4546,4.000000,4.000000,4.000000,4.000000,4.000000,96.000000,96.000000,96.000000,96.000000,96.000000,5.0,-12.2732,-11.3298,-49.0927,-50.036,PENDING_AG03,FALSE,NOT_FOR_ENFORCEMENT,-58.9112,1237.1351,-61.3658,-58.9112,-2.4546,-0.03211009,-0.03082569,-2.4546,-58.9112,-0.03082569,-2.4546,-2.4546,-2.4546,-2.4546,-2.4546,-58.9112,-0.03082569,-12.2732,-11.3298,-49.0927,-50.036,-0.02568807,-0.02618169,-0.00128440,59.7221,47.7290,-2.2728,-61.3658,-7.6707,1911.1072,27.0000,,59.7221,43.8327,48.216,70.1324,90.2954,112.2118,140.2648,43.8327,0.0,2.327273,2.909091,1.238636,7,4,1,2,0E-8,-0.03211009,,0E-8,0.000000,0.674312,1.000000,,2026-03-23,2026-03-23,1,8,7,1,1.000000,,,0.000000,,,,,,,,GLOBAL_BASELINE_NO_ENTITY_RANKING,,,NOT_APPLICABLE_GLOBAL_BASELINE,HF9g-P5,,,,X 全窗基线 · 不参与实体赏罚,3929223,393,A168_HF9F_20260827_0900,2026-08-27 09:00:00
2026-03-23,147691194,1991,0,587.3586394320,43.8327342860,43.8327342860,0.6000000,10,5,0.50044493608391427,0.499948100000,0.44522395712174156,0.44744570176651083,0.44522395712174156,0.00049683608391427,ELIGIBLE,R03b_20260811_FULL_v1,L1_ELIGIBILITY,v2026-08-11,2026-03-21..2026-08-06,baccarat_bet02_101_all_pairs_incl_sentinel,round_win = game_pnl > 0 (decisive only),COMPATIBILITY_ONLY_NOT_PRODUCTION,1911.1072,1288.6824,-61.3658,32,27,0.03211009,,0.03211009,0.03211009,61.3658,1911.1072,OK,0.0000,-2.4546,4.0000,96.0000,AG03-UNRESOLVED,ALL5_LEVELS_bet23_to_bet27,-2.4546,-2.4546,-2.4546,-2.4546,-2.4546,4.000000,4.000000,4.000000,4.000000,4.000000,96.000000,96.000000,96.000000,96.000000,96.000000,5.0,-12.2732,-11.3298,-49.0927,-50.036,PENDING_AG03,FALSE,NOT_FOR_ENFORCEMENT,-58.9112,1237.1351,-61.3658,-58.9112,-2.4546,-0.03211009,-0.03082569,-2.4546,-58.9112,-0.03082569,-2.4546,-2.4546,-2.4546,-2.4546,-2.4546,-58.9112,-0.03082569,-12.2732,-11.3298,-49.0927,-50.036,-0.02568807,-0.02618169,-0.00128440,59.7221,47.7290,-2.2728,-61.3658,-7.6707,1911.1072,27.0000,,59.7221,43.8327,48.216,70.1324,90.2954,112.2118,140.2648,43.8327,0.0,2.327273,2.909091,1.238636,7,4,1,2,0E-8,-0.03211009,,0E-8,0.000000,0.674312,1.000000,,2026-03-23,2026-03-23,1,8,7,1,1.000000,,,0.000000,,,,,,,,GLOBAL_BASELINE_NO_ENTITY_RANKING,,,NOT_APPLICABLE_GLOBAL_BASELINE,HF9g-P5,,,,X 全窗基线 · 不参与实体赏罚,3929224,393,A168_HF9F_20260827_0900,2026-08-27 09:00:00
2026-06-04,151000397,1306,0,5.5033955951,5.5033955951,5.5033955951,1.0000000,1,1,0.50665070000000000,0.506650700000,0.9867858985152569,0.9867858985152569,0.9867858985152569,0E-17,ELIGIBLE,R03b_20260811_FULL_v1,L1_ELIGIBILITY,v2026-08-11,2026-03-21..2026-08-06,baccarat_bet02_101_all_pairs_incl_sentinel,round_win = game_pnl > 0 (decisive only),COMPATIBILITY_ONLY_NOT_PRODUCTION,720.9448,621.8837,-61.3629,73,72,0.08511450,,0.08511450,0.08511450,61.3629,720.9448,OK,0.0000,-2.4545,4.0000,96.0000,AG03-UNRESOLVED,ALL5_LEVELS_bet23_to_bet27,-2.4545,-2.4545,-2.4545,-2.4545,-2.4545,4.000000,4.000000,4.000000,4.000000,4.000000,96.000000,96.000000,96.000000,96.000000,96.000000,5.0,-12.2726,-11.3293,-49.0903,-50.0336,PENDING_AG03,FALSE,NOT_FOR_ENFORCEMENT,-58.9083,597.0084,-61.3629,-58.9083,-2.4545,-0.08511450,-0.08170992,-2.4545,-58.9083,-0.08170992,-2.4545,-2.4545,-2.4545,-2.4545,-2.4545,-58.9083,-0.08170992,-12.2726,-11.3293,-49.0903,-50.0336,-0.06809160,-0.06940004,-0.00340458,9.8760,8.6373,-0.8523,-15.3407,-1.7532,180.2362,18.0000,,9.8760,11.0068,11.0068,11.0068,11.0068,11.0068,11.0068,11.0068,0.0,1.0,1.0,0.89726,6,27,2,2,0E-8,-0.08511450,,0E-8,0.000000,0.862595,0.068493,,2026-06-04,2026-06-07,4,35,21,4,1.000000,,,0.000000,,,,,,,,GLOBAL_BASELINE_NO_ENTITY_RANKING,,,NOT_APPLICABLE_GLOBAL_BASELINE,HF9g-P5,,,,X 全窗基线 · 不参与实体赏罚,3929225,393,A168_HF9F_20260827_0900,2026-08-27 09:00:00
2026-06-04,151000397,1323,0,5.5033955951,-5.5033955951,-5.5033955951,0E-7,1,1,0.50665070000000000,0.506650700000,-1.013391052207602,-1.013391052207602,-1.013391052207602,0E-17,ELIGIBLE,R03b_20260811_FULL_v1,L1_ELIGIBILITY,v2026-08-11,2026-03-21..2026-08-06,baccarat_bet02_101_all_pairs_incl_sentinel,round_win = game_pnl > 0 (decisive only),COMPATIBILITY_ONLY_NOT_PRODUCTION,720.9448,621.8837,-61.3629,73,72,0.08511450,,0.08511450,0.08511450,61.3629,720.9448,OK,0.0000,-2.4545,4.0000,96.0000,AG03-UNRESOLVED,ALL5_LEVELS_bet23_to_bet27,-2.4545,-2.4545,-2.4545,-2.4545,-2.4545,4.000000,4.000000,4.000000,4.000000,4.000000,96.000000,96.000000,96.000000,96.000000,96.000000,5.0,-12.2726,-11.3293,-49.0903,-50.0336,PENDING_AG03,FALSE,NOT_FOR_ENFORCEMENT,-58.9083,597.0084,-61.3629,-58.9083,-2.4545,-0.08511450,-0.08170992,-2.4545,-58.9083,-0.08170992,-2.4545,-2.4545,-2.4545,-2.4545,-2.4545,-58.9083,-0.08170992,-12.2726,-11.3293,-49.0903,-50.0336,-0.06809160,-0.06940004,-0.00340458,9.8760,8.6373,-0.8523,-15.3407,-1.7532,180.2362,18.0000,,9.8760,11.0068,11.0068,11.0068,11.0068,11.0068,11.0068,11.0068,0.0,1.0,1.0,0.89726,6,27,2,2,0E-8,-0.08511450,,0E-8,0.000000,0.862595,0.068493,,2026-06-04,2026-06-07,4,35,21,4,1.000000,,,0.000000,,,,,,,,GLOBAL_BASELINE_NO_ENTITY_RANKING,,,NOT_APPLICABLE_GLOBAL_BASELINE,HF9g-P5,,,,X 全窗基线 · 不参与实体赏罚,3929226,393,A168_HF9F_20260827_0900,2026-08-27 09:00:00
2026-06-04,151000397,1396,0,5.5033955951,-5.5033955951,-5.5033955951,0E-7,1,1,0.50665070000000000,0.506650700000,-1.013391052207602,-1.013391052207602,-1.013391052207602,0E-17,ELIGIBLE,R03b_20260811_FULL_v1,L1_ELIGIBILITY,v2026-08-11,2026-03-21..2026-08-06,baccarat_bet02_101_all_pairs_incl_sentinel,round_win = game_pnl > 0 (decisive only),COMPATIBILITY_ONLY_NOT_PRODUCTION,720.9448,621.8837,-61.3629,73,72,0.08511450,,0.08511450,0.08511450,61.3629,720.9448,OK,0.0000,-2.4545,4.0000,96.0000,AG03-UNRESOLVED,ALL5_LEVELS_bet23_to_bet27,-2.4545,-2.4545,-2.4545,-2.4545,-2.4545,4.000000,4.000000,4.000000,4.000000,4.000000,96.000000,96.000000,96.000000,96.000000,96.000000,5.0,-12.2726,-11.3293,-49.0903,-50.0336,PENDING_AG03,FALSE,NOT_FOR_ENFORCEMENT,-58.9083,597.0084,-61.3629,-58.9083,-2.4545,-0.08511450,-0.08170992,-2.4545,-58.9083,-0.08170992,-2.4545,-2.4545,-2.4545,-2.4545,-2.4545,-58.9083,-0.08170992,-12.2726,-11.3293,-49.0903,-50.0336,-0.06809160,-0.06940004,-0.00340458,9.8760,8.6373,-0.8523,-15.3407,-1.7532,180.2362,18.0000,,9.8760,11.0068,11.0068,11.0068,11.0068,11.0068,11.0068,11.0068,0.0,1.0,1.0,0.89726,6,27,2,2,0E-8,-0.08511450,,0E-8,0.000000,0.862595,0.068493,,2026-06-04,2026-06-07,4,35,21,4,1.000000,,,0.000000,,,,,,,,GLOBAL_BASELINE_NO_ENTITY_RANKING,,,NOT_APPLICABLE_GLOBAL_BASELINE,HF9g-P5,,,,X 全窗基线 · 不参与实体赏罚,3929227,393,A168_HF9F_20260827_0900,2026-08-27 09:00:00
2026-06-04,151000397,1402,0,5.5033955951,-5.5033955951,-5.5033955951,0E-7,1,1,0.50665070000000000,0.506650700000,-1.013391052207602,-1.013391052207602,-1.013391052207602,0E-17,ELIGIBLE,R03b_20260811_FULL_v1,L1_ELIGIBILITY,v2026-08-11,2026-03-21..2026-08-06,baccarat_bet02_101_all_pairs_incl_sentinel,round_win = game_pnl > 0 (decisive only),COMPATIBILITY_ONLY_NOT_PRODUCTION,720.9448,621.8837,-61.3629,73,72,0.08511450,,0.08511450,0.08511450,61.3629,720.9448,OK,0.0000,-2.4545,4.0000,96.0000,AG03-UNRESOLVED,ALL5_LEVELS_bet23_to_bet27,-2.4545,-2.4545,-2.4545,-2.4545,-2.4545,4.000000,4.000000,4.000000,4.000000,4.000000,96.000000,96.000000,96.000000,96.000000,96.000000,5.0,-12.2726,-11.3293,-49.0903,-50.0336,PENDING_AG03,FALSE,NOT_FOR_ENFORCEMENT,-58.9083,597.0084,-61.3629,-58.9083,-2.4545,-0.08511450,-0.08170992,-2.4545,-58.9083,-0.08170992,-2.4545,-2.4545,-2.4545,-2.4545,-2.4545,-58.9083,-0.08170992,-12.2726,-11.3293,-49.0903,-50.0336,-0.06809160,-0.06940004,-0.00340458,9.8760,8.6373,-0.8523,-15.3407,-1.7532,180.2362,18.0000,,9.8760,11.0068,11.0068,11.0068,11.0068,11.0068,11.0068,11.0068,0.0,1.0,1.0,0.89726,6,27,2,2,0E-8,-0.08511450,,0E-8,0.000000,0.862595,0.068493,,2026-06-04,2026-06-07,4,35,21,4,1.000000,,,0.000000,,,,,,,,GLOBAL_BASELINE_NO_ENTITY_RANKING,,,NOT_APPLICABLE_GLOBAL_BASELINE,HF9g-P5,,,,X 全窗基线 · 不参与实体赏罚,3929228,393,A168_HF9F_20260827_0900,2026-08-27 09:00:00
2026-06-04,151000397,1490,0,5.5033955951,5.5033955951,5.5033955951,1.0000000,1,1,0.50665070000000000,0.506650700000,0.9867858985152569,0.9867858985152569,0.9867858985152569,0E-17,ELIGIBLE,R03b_20260811_FULL_v1,L1_ELIGIBILITY,v2026-08-11,2026-03-21..2026-08-06,baccarat_bet02_101_all_pairs_incl_sentinel,round_win = game_pnl > 0 (decisive only),COMPATIBILITY_ONLY_NOT_PRODUCTION,720.9448,621.8837,-61.3629,73,72,0.08511450,,0.08511450,0.08511450,61.3629,720.9448,OK,0.0000,-2.4545,4.0000,96.0000,AG03-UNRESOLVED,ALL5_LEVELS_bet23_to_bet27,-2.4545,-2.4545,-2.4545,-2.4545,-2.4545,4.000000,4.000000,4.000000,4.000000,4.000000,96.000000,96.000000,96.000000,96.000000,96.000000,5.0,-12.2726,-11.3293,-49.0903,-50.0336,PENDING_AG03,FALSE,NOT_FOR_ENFORCEMENT,-58.9083,597.0084,-61.3629,-58.9083,-2.4545,-0.08511450,-0.08170992,-2.4545,-58.9083,-0.08170992,-2.4545,-2.4545,-2.4545,-2.4545,-2.4545,-58.9083,-0.08170992,-12.2726,-11.3293,-49.0903,-50.0336,-0.06809160,-0.06940004,-0.00340458,9.8760,8.6373,-0.8523,-15.3407,-1.7532,180.2362,18.0000,,9.8760,11.0068,11.0068,11.0068,11.0068,11.0068,11.0068,11.0068,0.0,1.0,1.0,0.89726,6,27,2,2,0E-8,-0.08511450,,0E-8,0.000000,0.862595,0.068493,,2026-06-04,2026-06-07,4,35,21,4,1.000000,,,0.000000,,,,,,,,GLOBAL_BASELINE_NO_ENTITY_RANKING,,,NOT_APPLICABLE_GLOBAL_BASELINE,HF9g-P5,,,,X 全窗基线 · 不参与实体赏罚,3929229,393,A168_HF9F_20260827_0900,2026-08-27 09:00:00
2026-06-05,151000397,1400,0,16.5101867853,15.6846774460,15.6846774460,1.0000000,2,2,0.50665070000000000,0.506650700000,1.3955260008387969,1.3955260008387969,1.3955260008387969,0E-17,ELIGIBLE,R03b_20260811_FULL_v1,L1_ELIGIBILITY,v2026-08-11,2026-03-21..2026-08-06,baccarat_bet02_101_all_pairs_incl_sentinel,round_win = game_pnl > 0 (decisive only),COMPATIBILITY_ONLY_NOT_PRODUCTION,720.9448,621.8837,-61.3629,73,72,0.08511450,,0.08511450,0.08511450,61.3629,720.9448,OK,0.0000,-2.4545,4.0000,96.0000,AG03-UNRESOLVED,ALL5_LEVELS_bet23_to_bet27,-2.4545,-2.4545,-2.4545,-2.4545,-2.4545,4.000000,4.000000,4.000000,4.000000,4.000000,96.000000,96.000000,96.000000,96.000000,96.000000,5.0,-12.2726,-11.3293,-49.0903,-50.0336,PENDING_AG03,FALSE,NOT_FOR_ENFORCEMENT,-58.9083,597.0084,-61.3629,-58.9083,-2.4545,-0.08511450,-0.08170992,-2.4545,-58.9083,-0.08170992,-2.4545,-2.4545,-2.4545,-2.4545,-2.4545,-58.9083,-0.08170992,-12.2726,-11.3293,-49.0903,-50.0336,-0.06809160,-0.06940004,-0.00340458,9.8760,8.6373,-0.8523,-15.3407,-1.7532,180.2362,18.0000,,9.8760,11.0068,11.0068,11.0068,11.0068,11.0068,11.0068,11.0068,0.0,1.0,1.0,0.89726,6,27,2,2,0E-8,-0.08511450,,0E-8,0.000000,0.862595,0.068493,,2026-06-04,2026-06-07,4,35,21,4,1.000000,,,0.000000,,,,,,,,GLOBAL_BASELINE_NO_ENTITY_RANKING,,,NOT_APPLICABLE_GLOBAL_BASELINE,HF9g-P5,,,,X 全窗基线 · 不参与实体赏罚,3929230,393,A168_HF9F_20260827_0900,2026-08-27 09:00:00
2026-06-05,151000397,2170,0,22.0135823804,10.4564516307,10.4564516307,1.0000000,2,2,0.50665070000000000,0.506650700000,0.9867858985152569,0.9867858985152569,0.9867858985152569,0E-17,ELIGIBLE,R03b_20260811_FULL_v1,L1_ELIGIBILITY,v2026-08-11,2026-03-21..2026-08-06,baccarat_bet02_101_all_pairs_incl_sentinel,round_win = game_pnl > 0 (decisive only),COMPATIBILITY_ONLY_NOT_PRODUCTION,720.9448,621.8837,-61.3629,73,72,0.08511450,,0.08511450,0.08511450,61.3629,720.9448,OK,0.0000,-2.4545,4.0000,96.0000,AG03-UNRESOLVED,ALL5_LEVELS_bet23_to_bet27,-2.4545,-2.4545,-2.4545,-2.4545,-2.4545,4.000000,4.000000,4.000000,4.000000,4.000000,96.000000,96.000000,96.000000,96.000000,96.000000,5.0,-12.2726,-11.3293,-49.0903,-50.0336,PENDING_AG03,FALSE,NOT_FOR_ENFORCEMENT,-58.9083,597.0084,-61.3629,-58.9083,-2.4545,-0.08511450,-0.08170992,-2.4545,-58.9083,-0.08170992,-2.4545,-2.4545,-2.4545,-2.4545,-2.4545,-58.9083,-0.08170992,-12.2726,-11.3293,-49.0903,-50.0336,-0.06809160,-0.06940004,-0.00340458,9.8760,8.6373,-0.8523,-15.3407,-1.7532,180.2362,18.0000,,9.8760,11.0068,11.0068,11.0068,11.0068,11.0068,11.0068,11.0068,0.0,1.0,1.0,0.89726,6,27,2,2,0E-8,-0.08511450,,0E-8,0.000000,0.862595,0.068493,,2026-06-04,2026-06-07,4,35,21,4,1.000000,,,0.000000,,,,,,,,GLOBAL_BASELINE_NO_ENTITY_RANKING,,,NOT_APPLICABLE_GLOBAL_BASELINE,HF9g-P5,,,,X 全窗基线 · 不参与实体赏罚,3929231,393,A168_HF9F_20260827_0900,2026-08-27 09:00:00
2026-06-05,151000397,2177,0,22.0135823804,-22.0135823804,-22.0135823804,0E-7,2,2,0.50665070000000000,0.506650700000,-1.4331513700195317,-1.4331513700195317,-1.4331513700195317,0E-17,ELIGIBLE,R03b_20260811_FULL_v1,L1_ELIGIBILITY,v2026-08-11,2026-03-21..2026-08-06,baccarat_bet02_101_all_pairs_incl_sentinel,round_win = game_pnl > 0 (decisive only),COMPATIBILITY_ONLY_NOT_PRODUCTION,720.9448,621.8837,-61.3629,73,72,0.08511450,,0.08511450,0.08511450,61.3629,720.9448,OK,0.0000,-2.4545,4.0000,96.0000,AG03-UNRESOLVED,ALL5_LEVELS_bet23_to_bet27,-2.4545,-2.4545,-2.4545,-2.4545,-2.4545,4.000000,4.000000,4.000000,4.000000,4.000000,96.000000,96.000000,96.000000,96.000000,96.000000,5.0,-12.2726,-11.3293,-49.0903,-50.0336,PENDING_AG03,FALSE,NOT_FOR_ENFORCEMENT,-58.9083,597.0084,-61.3629,-58.9083,-2.4545,-0.08511450,-0.08170992,-2.4545,-58.9083,-0.08170992,-2.4545,-2.4545,-2.4545,-2.4545,-2.4545,-58.9083,-0.08170992,-12.2726,-11.3293,-49.0903,-50.0336,-0.06809160,-0.06940004,-0.00340458,9.8760,8.6373,-0.8523,-15.3407,-1.7532,180.2362,18.0000,,9.8760,11.0068,11.0068,11.0068,11.0068,11.0068,11.0068,11.0068,0.0,1.0,1.0,0.89726,6,27,2,2,0E-8,-0.08511450,,0E-8,0.000000,0.862595,0.068493,,2026-06-04,2026-06-07,4,35,21,4,1.000000,,,0.000000,,,,,,,,GLOBAL_BASELINE_NO_ENTITY_RANKING,,,NOT_APPLICABLE_GLOBAL_BASELINE,HF9g-P5,,,,X 全窗基线 · 不参与实体赏罚,3929232,393,A168_HF9F_20260827_0900,2026-08-27 09:00:00
2026-06-05,151000397,2235,0,11.0067911902,10.4564516307,10.4564516307,1.0000000,1,1,0.50665070000000000,0.506650700000,0.9867858985152569,0.9867858985152569,0.9867858985152569,0E-17,ELIGIBLE,R03b_20260811_FULL_v1,L1_ELIGIBILITY,v2026-08-11,2026-03-21..2026-08-06,baccarat_bet02_101_all_pairs_incl_sentinel,round_win = game_pnl > 0 (decisive only),COMPATIBILITY_ONLY_NOT_PRODUCTION,720.9448,621.8837,-61.3629,73,72,0.08511450,,0.08511450,0.08511450,61.3629,720.9448,OK,0.0000,-2.4545,4.0000,96.0000,AG03-UNRESOLVED,ALL5_LEVELS_bet23_to_bet27,-2.4545,-2.4545,-2.4545,-2.4545,-2.4545,4.000000,4.000000,4.000000,4.000000,4.000000,96.000000,96.000000,96.000000,96.000000,96.000000,5.0,-12.2726,-11.3293,-49.0903,-50.0336,PENDING_AG03,FALSE,NOT_FOR_ENFORCEMENT,-58.9083,597.0084,-61.3629,-58.9083,-2.4545,-0.08511450,-0.08170992,-2.4545,-58.9083,-0.08170992,-2.4545,-2.4545,-2.4545,-2.4545,-2.4545,-58.9083,-0.08170992,-12.2726,-11.3293,-49.0903,-50.0336,-0.06809160,-0.06940004,-0.00340458,9.8760,8.6373,-0.8523,-15.3407,-1.7532,180.2362,18.0000,,9.8760,11.0068,11.0068,11.0068,11.0068,11.0068,11.0068,11.0068,0.0,1.0,1.0,0.89726,6,27,2,2,0E-8,-0.08511450,,0E-8,0.000000,0.862595,0.068493,,2026-06-04,2026-06-07,4,35,21,4,1.000000,,,0.000000,,,,,,,,GLOBAL_BASELINE_NO_ENTITY_RANKING,,,NOT_APPLICABLE_GLOBAL_BASELINE,HF9g-P5,,,,X 全窗基线 · 不参与实体赏罚,3929233,393,A168_HF9F_20260827_0900,2026-08-27 09:00:00
2026-06-06,151000397,1017,0,11.0067911902,-11.0067911902,-11.0067911902,0E-7,1,1,0.50665070000000000,0.506650700000,-1.013391052207602,-1.013391052207602,-1.013391052207602,0E-17,ELIGIBLE,R03b_20260811_FULL_v1,L1_ELIGIBILITY,v2026-08-11,2026-03-21..2026-08-06,baccarat_bet02_101_all_pairs_incl_sentinel,round_win = game_pnl > 0 (decisive only),COMPATIBILITY_ONLY_NOT_PRODUCTION,720.9448,621.8837,-61.3629,73,72,0.08511450,,0.08511450,0.08511450,61.3629,720.9448,OK,0.0000,-2.4545,4.0000,96.0000,AG03-UNRESOLVED,ALL5_LEVELS_bet23_to_bet27,-2.4545,-2.4545,-2.4545,-2.4545,-2.4545,4.000000,4.000000,4.000000,4.000000,4.000000,96.000000,96.000000,96.000000,96.000000,96.000000,5.0,-12.2726,-11.3293,-49.0903,-50.0336,PENDING_AG03,FALSE,NOT_FOR_ENFORCEMENT,-58.9083,597.0084,-61.3629,-58.9083,-2.4545,-0.08511450,-0.08170992,-2.4545,-58.9083,-0.08170992,-2.4545,-2.4545,-2.4545,-2.4545,-2.4545,-58.9083,-0.08170992,-12.2726,-11.3293,-49.0903,-50.0336,-0.06809160,-0.06940004,-0.00340458,9.8760,8.6373,-0.8523,-15.3407,-1.7532,180.2362,18.0000,,9.8760,11.0068,11.0068,11.0068,11.0068,11.0068,11.0068,11.0068,0.0,1.0,1.0,0.89726,6,27,2,2,0E-8,-0.08511450,,0E-8,0.000000,0.862595,0.068493,,2026-06-04,2026-06-07,4,35,21,4,1.000000,,,0.000000,,,,,,,,GLOBAL_BASELINE_NO_ENTITY_RANKING,,,NOT_APPLICABLE_GLOBAL_BASELINE,HF9g-P5,,,,X 全窗基线 · 不参与实体赏罚,3929234,393,A168_HF9F_20260827_0900,2026-08-27 09:00:00
2026-06-06,151000397,1151,0,11.0067911902,-11.0067911902,-11.0067911902,0E-7,1,1,0.50665070000000000,0.506650700000,-1.013391052207602,-1.013391052207602,-1.013391052207602,0E-17,ELIGIBLE,R03b_20260811_FULL_v1,L1_ELIGIBILITY,v2026-08-11,2026-03-21..2026-08-06,baccarat_bet02_101_all_pairs_incl_sentinel,round_win = game_pnl > 0 (decisive only),COMPATIBILITY_ONLY_NOT_PRODUCTION,720.9448,621.8837,-61.3629,73,72,0.08511450,,0.08511450,0.08511450,61.3629,720.9448,OK,0.0000,-2.4545,4.0000,96.0000,AG03-UNRESOLVED,ALL5_LEVELS_bet23_to_bet27,-2.4545,-2.4545,-2.4545,-2.4545,-2.4545,4.000000,4.000000,4.000000,4.000000,4.000000,96.000000,96.000000,96.000000,96.000000,96.000000,5.0,-12.2726,-11.3293,-49.0903,-50.0336,PENDING_AG03,FALSE,NOT_FOR_ENFORCEMENT,-58.9083,597.0084,-61.3629,-58.9083,-2.4545,-0.08511450,-0.08170992,-2.4545,-58.9083,-0.08170992,-2.4545,-2.4545,-2.4545,-2.4545,-2.4545,-58.9083,-0.08170992,-12.2726,-11.3293,-49.0903,-50.0336,-0.06809160,-0.06940004,-0.00340458,9.8760,8.6373,-0.8523,-15.3407,-1.7532,180.2362,18.0000,,9.8760,11.0068,11.0068,11.0068,11.0068,11.0068,11.0068,11.0068,0.0,1.0,1.0,0.89726,6,27,2,2,0E-8,-0.08511450,,0E-8,0.000000,0.862595,0.068493,,2026-06-04,2026-06-07,4,35,21,4,1.000000,,,0.000000,,,,,,,,GLOBAL_BASELINE_NO_ENTITY_RANKING,,,NOT_APPLICABLE_GLOBAL_BASELINE,HF9g-P5,,,,X 全窗基线 · 不参与实体赏罚,3929235,393,A168_HF9F_20260827_0900,2026-08-27 09:00:00
2026-06-06,151000397,1400,0,11.0067911902,-11.0067911902,-11.0067911902,0E-7,1,1,0.50665070000000000,0.506650700000,-1.013391052207602,-1.013391052207602,-1.013391052207602,0E-17,ELIGIBLE,R03b_20260811_FULL_v1,L1_ELIGIBILITY,v2026-08-11,2026-03-21..2026-08-06,baccarat_bet02_101_all_pairs_incl_sentinel,round_win = game_pnl > 0 (decisive only),COMPATIBILITY_ONLY_NOT_PRODUCTION,720.9448,621.8837,-61.3629,73,72,0.08511450,,0.08511450,0.08511450,61.3629,720.9448,OK,0.0000,-2.4545,4.0000,96.0000,AG03-UNRESOLVED,ALL5_LEVELS_bet23_to_bet27,-2.4545,-2.4545,-2.4545,-2.4545,-2.4545,4.000000,4.000000,4.000000,4.000000,4.000000,96.000000,96.000000,96.000000,96.000000,96.000000,5.0,-12.2726,-11.3293,-49.0903,-50.0336,PENDING_AG03,FALSE,NOT_FOR_ENFORCEMENT,-58.9083,597.0084,-61.3629,-58.9083,-2.4545,-0.08511450,-0.08170992,-2.4545,-58.9083,-0.08170992,-2.4545,-2.4545,-2.4545,-2.4545,-2.4545,-58.9083,-0.08170992,-12.2726,-11.3293,-49.0903,-50.0336,-0.06809160,-0.06940004,-0.00340458,9.8760,8.6373,-0.8523,-15.3407,-1.7532,180.2362,18.0000,,9.8760,11.0068,11.0068,11.0068,11.0068,11.0068,11.0068,11.0068,0.0,1.0,1.0,0.89726,6,27,2,2,0E-8,-0.08511450,,0E-8,0.000000,0.862595,0.068493,,2026-06-04,2026-06-07,4,35,21,4,1.000000,,,0.000000,,,,,,,,GLOBAL_BASELINE_NO_ENTITY_RANKING,,,NOT_APPLICABLE_GLOBAL_BASELINE,HF9g-P5,,,,X 全窗基线 · 不参与实体赏罚,3929236,393,A168_HF9F_20260827_0900,2026-08-27 09:00:00
2026-06-06,151000397,1994,0,22.0135823804,-0.5503395595,-0.5503395595,0.5000000,2,2,0.50665070000000000,0.506650700000,-0.018812684590367487,-0.018812684590367487,-0.018812684590367487,0E-17,ELIGIBLE,R03b_20260811_FULL_v1,L1_ELIGIBILITY,v2026-08-11,2026-03-21..2026-08-06,baccarat_bet02_101_all_pairs_incl_sentinel,round_win = game_pnl > 0 (decisive only),COMPATIBILITY_ONLY_NOT_PRODUCTION,720.9448,621.8837,-61.3629,73,72,0.08511450,,0.08511450,0.08511450,61.3629,720.9448,OK,0.0000,-2.4545,4.0000,96.0000,AG03-UNRESOLVED,ALL5_LEVELS_bet23_to_bet27,-2.4545,-2.4545,-2.4545,-2.4545,-2.4545,4.000000,4.000000,4.000000,4.000000,4.000000,96.000000,96.000000,96.000000,96.000000,96.000000,5.0,-12.2726,-11.3293,-49.0903,-50.0336,PENDING_AG03,FALSE,NOT_FOR_ENFORCEMENT,-58.9083,597.0084,-61.3629,-58.9083,-2.4545,-0.08511450,-0.08170992,-2.4545,-58.9083,-0.08170992,-2.4545,-2.4545,-2.4545,-2.4545,-2.4545,-58.9083,-0.08170992,-12.2726,-11.3293,-49.0903,-50.0336,-0.06809160,-0.06940004,-0.00340458,9.8760,8.6373,-0.8523,-15.3407,-1.7532,180.2362,18.0000,,9.8760,11.0068,11.0068,11.0068,11.0068,11.0068,11.0068,11.0068,0.0,1.0,1.0,0.89726,6,27,2,2,0E-8,-0.08511450,,0E-8,0.000000,0.862595,0.068493,,2026-06-04,2026-06-07,4,35,21,4,1.000000,,,0.000000,,,,,,,,GLOBAL_BASELINE_NO_ENTITY_RANKING,,,NOT_APPLICABLE_GLOBAL_BASELINE,HF9g-P5,,,,X 全窗基线 · 不参与实体赏罚,3929237,393,A168_HF9F_20260827_0900,2026-08-27 09:00:00
2026-06-06,151000397,2088,0,33.0203735706,-0.5503395595,-0.5503395595,0.5000000,3,3,0.50665070000000000,0.506650700000,-0.018812684590367487,-0.018812684590367487,-0.018812684590367487,0E-17,ELIGIBLE,R03b_20260811_FULL_v1,L1_ELIGIBILITY,v2026-08-11,2026-03-21..2026-08-06,baccarat_bet02_101_all_pairs_incl_sentinel,round_win = game_pnl > 0 (decisive only),COMPATIBILITY_ONLY_NOT_PRODUCTION,720.9448,621.8837,-61.3629,73,72,0.08511450,,0.08511450,0.08511450,61.3629,720.9448,OK,0.0000,-2.4545,4.0000,96.0000,AG03-UNRESOLVED,ALL5_LEVELS_bet23_to_bet27,-2.4545,-2.4545,-2.4545,-2.4545,-2.4545,4.000000,4.000000,4.000000,4.000000,4.000000,96.000000,96.000000,96.000000,96.000000,96.000000,5.0,-12.2726,-11.3293,-49.0903,-50.0336,PENDING_AG03,FALSE,NOT_FOR_ENFORCEMENT,-58.9083,597.0084,-61.3629,-58.9083,-2.4545,-0.08511450,-0.08170992,-2.4545,-58.9083,-0.08170992,-2.4545,-2.4545,-2.4545,-2.4545,-2.4545,-58.9083,-0.08170992,-12.2726,-11.3293,-49.0903,-50.0336,-0.06809160,-0.06940004,-0.00340458,9.8760,8.6373,-0.8523,-15.3407,-1.7532,180.2362,18.0000,,9.8760,11.0068,11.0068,11.0068,11.0068,11.0068,11.0068,11.0068,0.0,1.0,1.0,0.89726,6,27,2,2,0E-8,-0.08511450,,0E-8,0.000000,0.862595,0.068493,,2026-06-04,2026-06-07,4,35,21,4,1.000000,,,0.000000,,,,,,,,GLOBAL_BASELINE_NO_ENTITY_RANKING,,,NOT_APPLICABLE_GLOBAL_BASELINE,HF9g-P5,,,,X 全窗基线 · 不参与实体赏罚,3929238,393,A168_HF9F_20260827_0900,2026-08-27 09:00:00
2026-06-06,151000397,2101,0,33.0203735706,-11.5571307497,-11.5571307497,0.3333333,3,3,0.50665070000000000,0.506650700000,-0.6004420894325239,-0.6004420894325239,-0.6004420894325239,0E-17,ELIGIBLE,R03b_20260811_FULL_v1,L1_ELIGIBILITY,v2026-08-11,2026-03-21..2026-08-06,baccarat_bet02_101_all_pairs_incl_sentinel,round_win = game_pnl > 0 (decisive only),COMPATIBILITY_ONLY_NOT_PRODUCTION,720.9448,621.8837,-61.3629,73,72,0.08511450,,0.08511450,0.08511450,61.3629,720.9448,OK,0.0000,-2.4545,4.0000,96.0000,AG03-UNRESOLVED,ALL5_LEVELS_bet23_to_bet27,-2.4545,-2.4545,-2.4545,-2.4545,-2.4545,4.000000,4.000000,4.000000,4.000000,4.000000,96.000000,96.000000,96.000000,96.000000,96.000000,5.0,-12.2726,-11.3293,-49.0903,-50.0336,PENDING_AG03,FALSE,NOT_FOR_ENFORCEMENT,-58.9083,597.0084,-61.3629,-58.9083,-2.4545,-0.08511450,-0.08170992,-2.4545,-58.9083,-0.08170992,-2.4545,-2.4545,-2.4545,-2.4545,-2.4545,-58.9083,-0.08170992,-12.2726,-11.3293,-49.0903,-50.0336,-0.06809160,-0.06940004,-0.00340458,9.8760,8.6373,-0.8523,-15.3407,-1.7532,180.2362,18.0000,,9.8760,11.0068,11.0068,11.0068,11.0068,11.0068,11.0068,11.0068,0.0,1.0,1.0,0.89726,6,27,2,2,0E-8,-0.08511450,,0E-8,0.000000,0.862595,0.068493,,2026-06-04,2026-06-07,4,35,21,4,1.000000,,,0.000000,,,,,,,,GLOBAL_BASELINE_NO_ENTITY_RANKING,,,NOT_APPLICABLE_GLOBAL_BASELINE,HF9g-P5,,,,X 全窗基线 · 不参与实体赏罚,3929239,393,A168_HF9F_20260827_0900,2026-08-27 09:00:00
2026-06-06,151000397,2167,0,22.0135823804,20.9129032614,20.9129032614,1.0000000,2,2,0.50665070000000000,0.506650700000,1.3955260008387969,1.3955260008387969,1.3955260008387969,0E-17,ELIGIBLE,R03b_20260811_FULL_v1,L1_ELIGIBILITY,v2026-08-11,2026-03-21..2026-08-06,baccarat_bet02_101_all_pairs_incl_sentinel,round_win = game_pnl > 0 (decisive only),COMPATIBILITY_ONLY_NOT_PRODUCTION,720.9448,621.8837,-61.3629,73,72,0.08511450,,0.08511450,0.08511450,61.3629,720.9448,OK,0.0000,-2.4545,4.0000,96.0000,AG03-UNRESOLVED,ALL5_LEVELS_bet23_to_bet27,-2.4545,-2.4545,-2.4545,-2.4545,-2.4545,4.000000,4.000000,4.000000,4.000000,4.000000,96.000000,96.000000,96.000000,96.000000,96.000000,5.0,-12.2726,-11.3293,-49.0903,-50.0336,PENDING_AG03,FALSE,NOT_FOR_ENFORCEMENT,-58.9083,597.0084,-61.3629,-58.9083,-2.4545,-0.08511450,-0.08170992,-2.4545,-58.9083,-0.08170992,-2.4545,-2.4545,-2.4545,-2.4545,-2.4545,-58.9083,-0.08170992,-12.2726,-11.3293,-49.0903,-50.0336,-0.06809160,-0.06940004,-0.00340458,9.8760,8.6373,-0.8523,-15.3407,-1.7532,180.2362,18.0000,,9.8760,11.0068,11.0068,11.0068,11.0068,11.0068,11.0068,11.0068,0.0,1.0,1.0,0.89726,6,27,2,2,0E-8,-0.08511450,,0E-8,0.000000,0.862595,0.068493,,2026-06-04,2026-06-07,4,35,21,4,1.000000,,,0.000000,,,,,,,,GLOBAL_BASELINE_NO_ENTITY_RANKING,,,NOT_APPLICABLE_GLOBAL_BASELINE,HF9g-P5,,,,X 全窗基线 · 不参与实体赏罚,3929240,393,A168_HF9F_20260827_0900,2026-08-27 09:00:00
2026-06-06,151000397,2174,0,22.0135823804,20.9129032614,20.9129032614,1.0000000,2,2,0.50665070000000000,0.506650700000,1.3955260008387969,1.3955260008387969,1.3955260008387969,0E-17,ELIGIBLE,R03b_20260811_FULL_v1,L1_ELIGIBILITY,v2026-08-11,2026-03-21..2026-08-06,baccarat_bet02_101_all_pairs_incl_sentinel,round_win = game_pnl > 0 (decisive only),COMPATIBILITY_ONLY_NOT_PRODUCTION,720.9448,621.8837,-61.3629,73,72,0.08511450,,0.08511450,0.08511450,61.3629,720.9448,OK,0.0000,-2.4545,4.0000,96.0000,AG03-UNRESOLVED,ALL5_LEVELS_bet23_to_bet27,-2.4545,-2.4545,-2.4545,-2.4545,-2.4545,4.000000,4.000000,4.000000,4.000000,4.000000,96.000000,96.000000,96.000000,96.000000,96.000000,5.0,-12.2726,-11.3293,-49.0903,-50.0336,PENDING_AG03,FALSE,NOT_FOR_ENFORCEMENT,-58.9083,597.0084,-61.3629,-58.9083,-2.4545,-0.08511450,-0.08170992,-2.4545,-58.9083,-0.08170992,-2.4545,-2.4545,-2.4545,-2.4545,-2.4545,-58.9083,-0.08170992,-12.2726,-11.3293,-49.0903,-50.0336,-0.06809160,-0.06940004,-0.00340458,9.8760,8.6373,-0.8523,-15.3407,-1.7532,180.2362,18.0000,,9.8760,11.0068,11.0068,11.0068,11.0068,11.0068,11.0068,11.0068,0.0,1.0,1.0,0.89726,6,27,2,2,0E-8,-0.08511450,,0E-8,0.000000,0.862595,0.068493,,2026-06-04,2026-06-07,4,35,21,4,1.000000,,,0.000000,,,,,,,,GLOBAL_BASELINE_NO_ENTITY_RANKING,,,NOT_APPLICABLE_GLOBAL_BASELINE,HF9g-P5,,,,X 全窗基线 · 不参与实体赏罚,3929241,393,A168_HF9F_20260827_0900,2026-08-27 09:00:00
2026-06-06,151000397,2252,0,11.0067911902,-11.0067911902,-11.0067911902,0E-7,1,1,0.50665070000000000,0.506650700000,-1.013391052207602,-1.013391052207602,-1.013391052207602,0E-17,ELIGIBLE,R03b_20260811_FULL_v1,L1_ELIGIBILITY,v2026-08-11,2026-03-21..2026-08-06,baccarat_bet02_101_all_pairs_incl_sentinel,round_win = game_pnl > 0 (decisive only),COMPATIBILITY_ONLY_NOT_PRODUCTION,720.9448,621.8837,-61.3629,73,72,0.08511450,,0.08511450,0.08511450,61.3629,720.9448,OK,0.0000,-2.4545,4.0000,96.0000,AG03-UNRESOLVED,ALL5_LEVELS_bet23_to_bet27,-2.4545,-2.4545,-2.4545,-2.4545,-2.4545,4.000000,4.000000,4.000000,4.000000,4.000000,96.000000,96.000000,96.000000,96.000000,96.000000,5.0,-12.2726,-11.3293,-49.0903,-50.0336,PENDING_AG03,FALSE,NOT_FOR_ENFORCEMENT,-58.9083,597.0084,-61.3629,-58.9083,-2.4545,-0.08511450,-0.08170992,-2.4545,-58.9083,-0.08170992,-2.4545,-2.4545,-2.4545,-2.4545,-2.4545,-58.9083,-0.08170992,-12.2726,-11.3293,-49.0903,-50.0336,-0.06809160,-0.06940004,-0.00340458,9.8760,8.6373,-0.8523,-15.3407,-1.7532,180.2362,18.0000,,9.8760,11.0068,11.0068,11.0068,11.0068,11.0068,11.0068,11.0068,0.0,1.0,1.0,0.89726,6,27,2,2,0E-8,-0.08511450,,0E-8,0.000000,0.862595,0.068493,,2026-06-04,2026-06-07,4,35,21,4,1.000000,,,0.000000,,,,,,,,GLOBAL_BASELINE_NO_ENTITY_RANKING,,,NOT_APPLICABLE_GLOBAL_BASELINE,HF9g-P5,,,,X 全窗基线 · 不参与实体赏罚,3929242,393,A168_HF9F_20260827_0900,2026-08-27 09:00:00
2026-06-06,151000397,2261,0,22.0135823804,-22.0135823804,-22.0135823804,0E-7,2,2,0.50665070000000000,0.506650700000,-1.4331513700195317,-1.4331513700195317,-1.4331513700195317,0E-17,ELIGIBLE,R03b_20260811_FULL_v1,L1_ELIGIBILITY,v2026-08-11,2026-03-21..2026-08-06,baccarat_bet02_101_all_pairs_incl_sentinel,round_win = game_pnl > 0 (decisive only),COMPATIBILITY_ONLY_NOT_PRODUCTION,720.9448,621.8837,-61.3629,73,72,0.08511450,,0.08511450,0.08511450,61.3629,720.9448,OK,0.0000,-2.4545,4.0000,96.0000,AG03-UNRESOLVED,ALL5_LEVELS_bet23_to_bet27,-2.4545,-2.4545,-2.4545,-2.4545,-2.4545,4.000000,4.000000,4.000000,4.000000,4.000000,96.000000,96.000000,96.000000,96.000000,96.000000,5.0,-12.2726,-11.3293,-49.0903,-50.0336,PENDING_AG03,FALSE,NOT_FOR_ENFORCEMENT,-58.9083,597.0084,-61.3629,-58.9083,-2.4545,-0.08511450,-0.08170992,-2.4545,-58.9083,-0.08170992,-2.4545,-2.4545,-2.4545,-2.4545,-2.4545,-58.9083,-0.08170992,-12.2726,-11.3293,-49.0903,-50.0336,-0.06809160,-0.06940004,-0.00340458,9.8760,8.6373,-0.8523,-15.3407,-1.7532,180.2362,18.0000,,9.8760,11.0068,11.0068,11.0068,11.0068,11.0068,11.0068,11.0068,0.0,1.0,1.0,0.89726,6,27,2,2,0E-8,-0.08511450,,0E-8,0.000000,0.862595,0.068493,,2026-06-04,2026-06-07,4,35,21,4,1.000000,,,0.000000,,,,,,,,GLOBAL_BASELINE_NO_ENTITY_RANKING,,,NOT_APPLICABLE_GLOBAL_BASELINE,HF9g-P5,,,,X 全窗基线 · 不参与实体赏罚,3929243,393,A168_HF9F_20260827_0900,2026-08-27 09:00:00
2026-06-07,151000397,1157,0,33.0203735706,-11.0067911902,-11.0067911902,0E-7,3,3,0.49324550000000000,0.493245500000,-0.9865810262130424,-0.9865810262130424,-0.9865810262130424,0E-17,ELIGIBLE,R03b_20260811_FULL_v1,L1_ELIGIBILITY,v2026-08-11,2026-03-21..2026-08-06,baccarat_bet02_101_all_pairs_incl_sentinel,round_win = game_pnl > 0 (decisive only),COMPATIBILITY_ONLY_NOT_PRODUCTION,720.9448,621.8837,-61.3629,73,72,0.08511450,,0.08511450,0.08511450,61.3629,720.9448,OK,0.0000,-2.4545,4.0000,96.0000,AG03-UNRESOLVED,ALL5_LEVELS_bet23_to_bet27,-2.4545,-2.4545,-2.4545,-2.4545,-2.4545,4.000000,4.000000,4.000000,4.000000,4.000000,96.000000,96.000000,96.000000,96.000000,96.000000,5.0,-12.2726,-11.3293,-49.0903,-50.0336,PENDING_AG03,FALSE,NOT_FOR_ENFORCEMENT,-58.9083,597.0084,-61.3629,-58.9083,-2.4545,-0.08511450,-0.08170992,-2.4545,-58.9083,-0.08170992,-2.4545,-2.4545,-2.4545,-2.4545,-2.4545,-58.9083,-0.08170992,-12.2726,-11.3293,-49.0903,-50.0336,-0.06809160,-0.06940004,-0.00340458,9.8760,8.6373,-0.8523,-15.3407,-1.7532,180.2362,18.0000,,9.8760,11.0068,11.0068,11.0068,11.0068,11.0068,11.0068,11.0068,0.0,1.0,1.0,0.89726,6,27,2,2,0E-8,-0.08511450,,0E-8,0.000000,0.862595,0.068493,,2026-06-04,2026-06-07,4,35,21,4,1.000000,,,0.000000,,,,,,,,GLOBAL_BASELINE_NO_ENTITY_RANKING,,,NOT_APPLICABLE_GLOBAL_BASELINE,HF9g-P5,,,,X 全窗基线 · 不参与实体赏罚,3929244,393,A168_HF9F_20260827_0900,2026-08-27 09:00:00
2026-06-07,151000397,1299,0,44.0271647608,0E-10,0E-10,0.5000000,4,4,0.49324550000000000,0.493245500000,0.027020465636507562,0.027020465636507562,0.027020465636507562,0E-17,ELIGIBLE,R03b_20260811_FULL_v1,L1_ELIGIBILITY,v2026-08-11,2026-03-21..2026-08-06,baccarat_bet02_101_all_pairs_incl_sentinel,round_win = game_pnl > 0 (decisive only),COMPATIBILITY_ONLY_NOT_PRODUCTION,720.9448,621.8837,-61.3629,73,72,0.08511450,,0.08511450,0.08511450,61.3629,720.9448,OK,0.0000,-2.4545,4.0000,96.0000,AG03-UNRESOLVED,ALL5_LEVELS_bet23_to_bet27,-2.4545,-2.4545,-2.4545,-2.4545,-2.4545,4.000000,4.000000,4.000000,4.000000,4.000000,96.000000,96.000000,96.000000,96.000000,96.000000,5.0,-12.2726,-11.3293,-49.0903,-50.0336,PENDING_AG03,FALSE,NOT_FOR_ENFORCEMENT,-58.9083,597.0084,-61.3629,-58.9083,-2.4545,-0.08511450,-0.08170992,-2.4545,-58.9083,-0.08170992,-2.4545,-2.4545,-2.4545,-2.4545,-2.4545,-58.9083,-0.08170992,-12.2726,-11.3293,-49.0903,-50.0336,-0.06809160,-0.06940004,-0.00340458,9.8760,8.6373,-0.8523,-15.3407,-1.7532,180.2362,18.0000,,9.8760,11.0068,11.0068,11.0068,11.0068,11.0068,11.0068,11.0068,0.0,1.0,1.0,0.89726,6,27,2,2,0E-8,-0.08511450,,0E-8,0.000000,0.862595,0.068493,,2026-06-04,2026-06-07,4,35,21,4,1.000000,,,0.000000,,,,,,,,GLOBAL_BASELINE_NO_ENTITY_RANKING,,,NOT_APPLICABLE_GLOBAL_BASELINE,HF9g-P5,,,,X 全窗基线 · 不参与实体赏罚,3929245,393,A168_HF9F_20260827_0900,2026-08-27 09:00:00
2026-06-07,151000397,1396,0,49.5305603559,38.5237691657,38.5237691657,1.0000000,5,4,0.49436260000000000,0.494921150000,2.0226781666379687,2.0204196349954966,2.0226781666379687,-0.00055855000000000,ELIGIBLE,R03b_20260811_FULL_v1,L1_ELIGIBILITY,v2026-08-11,2026-03-21..2026-08-06,baccarat_bet02_101_all_pairs_incl_sentinel,round_win = game_pnl > 0 (decisive only),COMPATIBILITY_ONLY_NOT_PRODUCTION,720.9448,621.8837,-61.3629,73,72,0.08511450,,0.08511450,0.08511450,61.3629,720.9448,OK,0.0000,-2.4545,4.0000,96.0000,AG03-UNRESOLVED,ALL5_LEVELS_bet23_to_bet27,-2.4545,-2.4545,-2.4545,-2.4545,-2.4545,4.000000,4.000000,4.000000,4.000000,4.000000,96.000000,96.000000,96.000000,96.000000,96.000000,5.0,-12.2726,-11.3293,-49.0903,-50.0336,PENDING_AG03,FALSE,NOT_FOR_ENFORCEMENT,-58.9083,597.0084,-61.3629,-58.9083,-2.4545,-0.08511450,-0.08170992,-2.4545,-58.9083,-0.08170992,-2.4545,-2.4545,-2.4545,-2.4545,-2.4545,-58.9083,-0.08170992,-12.2726,-11.3293,-49.0903,-50.0336,-0.06809160,-0.06940004,-0.00340458,9.8760,8.6373,-0.8523,-15.3407,-1.7532,180.2362,18.0000,,9.8760,11.0068,11.0068,11.0068,11.0068,11.0068,11.0068,11.0068,0.0,1.0,1.0,0.89726,6,27,2,2,0E-8,-0.08511450,,0E-8,0.000000,0.862595,0.068493,,2026-06-04,2026-06-07,4,35,21,4,1.000000,,,0.000000,,,,,,,,GLOBAL_BASELINE_NO_ENTITY_RANKING,,,NOT_APPLICABLE_GLOBAL_BASELINE,HF9g-P5,,,,X 全窗基线 · 不参与实体赏罚,3929246,393,A168_HF9F_20260827_0900,2026-08-27 09:00:00
2026-06-07,151000397,1401,0,49.5305603559,10.4564516307,10.4564516307,0.6666667,6,6,0.49994810000000000,0.499948100000,0.5775300591747329,0.5775300591747329,0.5775300591747329,0E-17,ELIGIBLE,R03b_20260811_FULL_v1,L1_ELIGIBILITY,v2026-08-11,2026-03-21..2026-08-06,baccarat_bet02_101_all_pairs_incl_sentinel,round_win = game_pnl > 0 (decisive only),COMPATIBILITY_ONLY_NOT_PRODUCTION,720.9448,621.8837,-61.3629,73,72,0.08511450,,0.08511450,0.08511450,61.3629,720.9448,OK,0.0000,-2.4545,4.0000,96.0000,AG03-UNRESOLVED,ALL5_LEVELS_bet23_to_bet27,-2.4545,-2.4545,-2.4545,-2.4545,-2.4545,4.000000,4.000000,4.000000,4.000000,4.000000,96.000000,96.000000,96.000000,96.000000,96.000000,5.0,-12.2726,-11.3293,-49.0903,-50.0336,PENDING_AG03,FALSE,NOT_FOR_ENFORCEMENT,-58.9083,597.0084,-61.3629,-58.9083,-2.4545,-0.08511450,-0.08170992,-2.4545,-58.9083,-0.08170992,-2.4545,-2.4545,-2.4545,-2.4545,-2.4545,-58.9083,-0.08170992,-12.2726,-11.3293,-49.0903,-50.0336,-0.06809160,-0.06940004,-0.00340458,9.8760,8.6373,-0.8523,-15.3407,-1.7532,180.2362,18.0000,,9.8760,11.0068,11.0068,11.0068,11.0068,11.0068,11.0068,11.0068,0.0,1.0,1.0,0.89726,6,27,2,2,0E-8,-0.08511450,,0E-8,0.000000,0.862595,0.068493,,2026-06-04,2026-06-07,4,35,21,4,1.000000,,,0.000000,,,,,,,,GLOBAL_BASELINE_NO_ENTITY_RANKING,,,NOT_APPLICABLE_GLOBAL_BASELINE,HF9g-P5,,,,X 全窗基线 · 不参与实体赏罚,3929247,393,A168_HF9F_20260827_0900,2026-08-27 09:00:00
2026-06-07,151000397,2093,0,33.0203735706,10.4564516307,10.4564516307,0.7500000,4,4,0.49994810000000000,0.499948100000,1.0002076053883384,1.0002076053883384,1.0002076053883384,0E-17,ELIGIBLE,R03b_20260811_FULL_v1,L1_ELIGIBILITY,v2026-08-11,2026-03-21..2026-08-06,baccarat_bet02_101_all_pairs_incl_sentinel,round_win = game_pnl > 0 (decisive only),COMPATIBILITY_ONLY_NOT_PRODUCTION,720.9448,621.8837,-61.3629,73,72,0.08511450,,0.08511450,0.08511450,61.3629,720.9448,OK,0.0000,-2.4545,4.0000,96.0000,AG03-UNRESOLVED,ALL5_LEVELS_bet23_to_bet27,-2.4545,-2.4545,-2.4545,-2.4545,-2.4545,4.000000,4.000000,4.000000,4.000000,4.000000,96.000000,96.000000,96.000000,96.000000,96.000000,5.0,-12.2726,-11.3293,-49.0903,-50.0336,PENDING_AG03,FALSE,NOT_FOR_ENFORCEMENT,-58.9083,597.0084,-61.3629,-58.9083,-2.4545,-0.08511450,-0.08170992,-2.4545,-58.9083,-0.08170992,-2.4545,-2.4545,-2.4545,-2.4545,-2.4545,-58.9083,-0.08170992,-12.2726,-11.3293,-49.0903,-50.0336,-0.06809160,-0.06940004,-0.00340458,9.8760,8.6373,-0.8523,-15.3407,-1.7532,180.2362,18.0000,,9.8760,11.0068,11.0068,11.0068,11.0068,11.0068,11.0068,11.0068,0.0,1.0,1.0,0.89726,6,27,2,2,0E-8,-0.08511450,,0E-8,0.000000,0.862595,0.068493,,2026-06-04,2026-06-07,4,35,21,4,1.000000,,,0.000000,,,,,,,,GLOBAL_BASELINE_NO_ENTITY_RANKING,,,NOT_APPLICABLE_GLOBAL_BASELINE,HF9g-P5,,,,X 全窗基线 · 不参与实体赏罚,3929248,393,A168_HF9F_20260827_0900,2026-08-27 09:00:00
2026-06-07,151000397,2123,0,27.5169779755,-0.5503395595,-0.5503395595,0.5000000,3,3,0.50218230000000000,0.502182300000,-0.00617253530718887,-0.00617253530718887,-0.00617253530718887,0E-17,ELIGIBLE,R03b_20260811_FULL_v1,L1_ELIGIBILITY,v2026-08-11,2026-03-21..2026-08-06,baccarat_bet02_101_all_pairs_incl_sentinel,round_win = game_pnl > 0 (decisive only),COMPATIBILITY_ONLY_NOT_PRODUCTION,720.9448,621.8837,-61.3629,73,72,0.08511450,,0.08511450,0.08511450,61.3629,720.9448,OK,0.0000,-2.4545,4.0000,96.0000,AG03-UNRESOLVED,ALL5_LEVELS_bet23_to_bet27,-2.4545,-2.4545,-2.4545,-2.4545,-2.4545,4.000000,4.000000,4.000000,4.000000,4.000000,96.000000,96.000000,96.000000,96.000000,96.000000,5.0,-12.2726,-11.3293,-49.0903,-50.0336,PENDING_AG03,FALSE,NOT_FOR_ENFORCEMENT,-58.9083,597.0084,-61.3629,-58.9083,-2.4545,-0.08511450,-0.08170992,-2.4545,-58.9083,-0.08170992,-2.4545,-2.4545,-2.4545,-2.4545,-2.4545,-58.9083,-0.08170992,-12.2726,-11.3293,-49.0903,-50.0336,-0.06809160,-0.06940004,-0.00340458,9.8760,8.6373,-0.8523,-15.3407,-1.7532,180.2362,18.0000,,9.8760,11.0068,11.0068,11.0068,11.0068,11.0068,11.0068,11.0068,0.0,1.0,1.0,0.89726,6,27,2,2,0E-8,-0.08511450,,0E-8,0.000000,0.862595,0.068493,,2026-06-04,2026-06-07,4,35,21,4,1.000000,,,0.000000,,,,,,,,GLOBAL_BASELINE_NO_ENTITY_RANKING,,,NOT_APPLICABLE_GLOBAL_BASELINE,HF9g-P5,,,,X 全窗基线 · 不参与实体赏罚,3929249,393,A168_HF9F_20260827_0900,2026-08-27 09:00:00
2026-06-07,151000397,2127,0,16.5101867853,4.9530560356,4.9530560356,0.5000000,2,2,0.49994810000000000,0.499948100000,0.00014679536856514622,0.00014679536856514622,0.00014679536856514622,0E-17,ELIGIBLE,R03b_20260811_FULL_v1,L1_ELIGIBILITY,v2026-08-11,2026-03-21..2026-08-06,baccarat_bet02_101_all_pairs_incl_sentinel,round_win = game_pnl > 0 (decisive only),COMPATIBILITY_ONLY_NOT_PRODUCTION,720.9448,621.8837,-61.3629,73,72,0.08511450,,0.08511450,0.08511450,61.3629,720.9448,OK,0.0000,-2.4545,4.0000,96.0000,AG03-UNRESOLVED,ALL5_LEVELS_bet23_to_bet27,-2.4545,-2.4545,-2.4545,-2.4545,-2.4545,4.000000,4.000000,4.000000,4.000000,4.000000,96.000000,96.000000,96.000000,96.000000,96.000000,5.0,-12.2726,-11.3293,-49.0903,-50.0336,PENDING_AG03,FALSE,NOT_FOR_ENFORCEMENT,-58.9083,597.0084,-61.3629,-58.9083,-2.4545,-0.08511450,-0.08170992,-2.4545,-58.9083,-0.08170992,-2.4545,-2.4545,-2.4545,-2.4545,-2.4545,-58.9083,-0.08170992,-12.2726,-11.3293,-49.0903,-50.0336,-0.06809160,-0.06940004,-0.00340458,9.8760,8.6373,-0.8523,-15.3407,-1.7532,180.2362,18.0000,,9.8760,11.0068,11.0068,11.0068,11.0068,11.0068,11.0068,11.0068,0.0,1.0,1.0,0.89726,6,27,2,2,0E-8,-0.08511450,,0E-8,0.000000,0.862595,0.068493,,2026-06-04,2026-06-07,4,35,21,4,1.000000,,,0.000000,,,,,,,,GLOBAL_BASELINE_NO_ENTITY_RANKING,,,NOT_APPLICABLE_GLOBAL_BASELINE,HF9g-P5,,,,X 全窗基线 · 不参与实体赏罚,3929250,393,A168_HF9F_20260827_0900,2026-08-27 09:00:00
2026-06-07,151000397,2170,0,33.0203735706,-11.0067911902,-11.0067911902,0.3333333,3,3,0.49324550000000000,0.493245500000,-0.5540025479526107,-0.5540025479526106,-0.5540025479526107,0E-17,ELIGIBLE,R03b_20260811_FULL_v1,L1_ELIGIBILITY,v2026-08-11,2026-03-21..2026-08-06,baccarat_bet02_101_all_pairs_incl_sentinel,round_win = game_pnl > 0 (decisive only),COMPATIBILITY_ONLY_NOT_PRODUCTION,720.9448,621.8837,-61.3629,73,72,0.08511450,,0.08511450,0.08511450,61.3629,720.9448,OK,0.0000,-2.4545,4.0000,96.0000,AG03-UNRESOLVED,ALL5_LEVELS_bet23_to_bet27,-2.4545,-2.4545,-2.4545,-2.4545,-2.4545,4.000000,4.000000,4.000000,4.000000,4.000000,96.000000,96.000000,96.000000,96.000000,96.000000,5.0,-12.2726,-11.3293,-49.0903,-50.0336,PENDING_AG03,FALSE,NOT_FOR_ENFORCEMENT,-58.9083,597.0084,-61.3629,-58.9083,-2.4545,-0.08511450,-0.08170992,-2.4545,-58.9083,-0.08170992,-2.4545,-2.4545,-2.4545,-2.4545,-2.4545,-58.9083,-0.08170992,-12.2726,-11.3293,-49.0903,-50.0336,-0.06809160,-0.06940004,-0.00340458,9.8760,8.6373,-0.8523,-15.3407,-1.7532,180.2362,18.0000,,9.8760,11.0068,11.0068,11.0068,11.0068,11.0068,11.0068,11.0068,0.0,1.0,1.0,0.89726,6,27,2,2,0E-8,-0.08511450,,0E-8,0.000000,0.862595,0.068493,,2026-06-04,2026-06-07,4,35,21,4,1.000000,,,0.000000,,,,,,,,GLOBAL_BASELINE_NO_ENTITY_RANKING,,,NOT_APPLICABLE_GLOBAL_BASELINE,HF9g-P5,,,,X 全窗基线 · 不参与实体赏罚,3929251,393,A168_HF9F_20260827_0900,2026-08-27 09:00:00
2026-06-07,151000397,2174,0,33.0203735706,11.0067911902,11.0067911902,0.6666667,3,3,0.49324550000000000,0.493245500000,0.6008033672792107,0.6008033672792106,0.6008033672792107,0E-17,ELIGIBLE,R03b_20260811_FULL_v1,L1_ELIGIBILITY,v2026-08-11,2026-03-21..2026-08-06,baccarat_bet02_101_all_pairs_incl_sentinel,round_win = game_pnl > 0 (decisive only),COMPATIBILITY_ONLY_NOT_PRODUCTION,720.9448,621.8837,-61.3629,73,72,0.08511450,,0.08511450,0.08511450,61.3629,720.9448,OK,0.0000,-2.4545,4.0000,96.0000,AG03-UNRESOLVED,ALL5_LEVELS_bet23_to_bet27,-2.4545,-2.4545,-2.4545,-2.4545,-2.4545,4.000000,4.000000,4.000000,4.000000,4.000000,96.000000,96.000000,96.000000,96.000000,96.000000,5.0,-12.2726,-11.3293,-49.0903,-50.0336,PENDING_AG03,FALSE,NOT_FOR_ENFORCEMENT,-58.9083,597.0084,-61.3629,-58.9083,-2.4545,-0.08511450,-0.08170992,-2.4545,-58.9083,-0.08170992,-2.4545,-2.4545,-2.4545,-2.4545,-2.4545,-58.9083,-0.08170992,-12.2726,-11.3293,-49.0903,-50.0336,-0.06809160,-0.06940004,-0.00340458,9.8760,8.6373,-0.8523,-15.3407,-1.7532,180.2362,18.0000,,9.8760,11.0068,11.0068,11.0068,11.0068,11.0068,11.0068,11.0068,0.0,1.0,1.0,0.89726,6,27,2,2,0E-8,-0.08511450,,0E-8,0.000000,0.862595,0.068493,,2026-06-04,2026-06-07,4,35,21,4,1.000000,,,0.000000,,,,,,,,GLOBAL_BASELINE_NO_ENTITY_RANKING,,,NOT_APPLICABLE_GLOBAL_BASELINE,HF9g-P5,,,,X 全窗基线 · 不参与实体赏罚,3929252,393,A168_HF9F_20260827_0900,2026-08-27 09:00:00
2026-06-07,151000397,2251,0,22.0135823804,10.4564516307,10.4564516307,1.0000000,2,2,0.50665070000000000,0.506650700000,0.9867858985152569,0.9867858985152569,0.9867858985152569,0E-17,ELIGIBLE,R03b_20260811_FULL_v1,L1_ELIGIBILITY,v2026-08-11,2026-03-21..2026-08-06,baccarat_bet02_101_all_pairs_incl_sentinel,round_win = game_pnl > 0 (decisive only),COMPATIBILITY_ONLY_NOT_PRODUCTION,720.9448,621.8837,-61.3629,73,72,0.08511450,,0.08511450,0.08511450,61.3629,720.9448,OK,0.0000,-2.4545,4.0000,96.0000,AG03-UNRESOLVED,ALL5_LEVELS_bet23_to_bet27,-2.4545,-2.4545,-2.4545,-2.4545,-2.4545,4.000000,4.000000,4.000000,4.000000,4.000000,96.000000,96.000000,96.000000,96.000000,96.000000,5.0,-12.2726,-11.3293,-49.0903,-50.0336,PENDING_AG03,FALSE,NOT_FOR_ENFORCEMENT,-58.9083,597.0084,-61.3629,-58.9083,-2.4545,-0.08511450,-0.08170992,-2.4545,-58.9083,-0.08170992,-2.4545,-2.4545,-2.4545,-2.4545,-2.4545,-58.9083,-0.08170992,-12.2726,-11.3293,-49.0903,-50.0336,-0.06809160,-0.06940004,-0.00340458,9.8760,8.6373,-0.8523,-15.3407,-1.7532,180.2362,18.0000,,9.8760,11.0068,11.0068,11.0068,11.0068,11.0068,11.0068,11.0068,0.0,1.0,1.0,0.89726,6,27,2,2,0E-8,-0.08511450,,0E-8,0.000000,0.862595,0.068493,,2026-06-04,2026-06-07,4,35,21,4,1.000000,,,0.000000,,,,,,,,GLOBAL_BASELINE_NO_ENTITY_RANKING,,,NOT_APPLICABLE_GLOBAL_BASELINE,HF9g-P5,,,,X 全窗基线 · 不参与实体赏罚,3929253,393,A168_HF9F_20260827_0900,2026-08-27 09:00:00
2026-06-07,151000397,772,0,44.0271647608,20.3625637019,20.3625637019,0.7500000,4,4,0.50665070000000000,0.506650700000,0.9734833216690844,0.9734833216690844,0.9734833216690844,0E-17,ELIGIBLE,R03b_20260811_FULL_v1,L1_ELIGIBILITY,v2026-08-11,2026-03-21..2026-08-06,baccarat_bet02_101_all_pairs_incl_sentinel,round_win = game_pnl > 0 (decisive only),COMPATIBILITY_ONLY_NOT_PRODUCTION,720.9448,621.8837,-61.3629,73,72,0.08511450,,0.08511450,0.08511450,61.3629,720.9448,OK,0.0000,-2.4545,4.0000,96.0000,AG03-UNRESOLVED,ALL5_LEVELS_bet23_to_bet27,-2.4545,-2.4545,-2.4545,-2.4545,-2.4545,4.000000,4.000000,4.000000,4.000000,4.000000,96.000000,96.000000,96.000000,96.000000,96.000000,5.0,-12.2726,-11.3293,-49.0903,-50.0336,PENDING_AG03,FALSE,NOT_FOR_ENFORCEMENT,-58.9083,597.0084,-61.3629,-58.9083,-2.4545,-0.08511450,-0.08170992,-2.4545,-58.9083,-0.08170992,-2.4545,-2.4545,-2.4545,-2.4545,-2.4545,-58.9083,-0.08170992,-12.2726,-11.3293,-49.0903,-50.0336,-0.06809160,-0.06940004,-0.00340458,9.8760,8.6373,-0.8523,-15.3407,-1.7532,180.2362,18.0000,,9.8760,11.0068,11.0068,11.0068,11.0068,11.0068,11.0068,11.0068,0.0,1.0,1.0,0.89726,6,27,2,2,0E-8,-0.08511450,,0E-8,0.000000,0.862595,0.068493,,2026-06-04,2026-06-07,4,35,21,4,1.000000,,,0.000000,,,,,,,,GLOBAL_BASELINE_NO_ENTITY_RANKING,,,NOT_APPLICABLE_GLOBAL_BASELINE,HF9g-P5,,,,X 全窗基线 · 不参与实体赏罚,3929254,393,A168_HF9F_20260827_0900,2026-08-27 09:00:00
2026-06-07,151000397,986,0,38.5237691657,5.5033955951,5.5033955951,0.5000000,4,4,0.49324550000000000,0.493245500000,0.027020465636507562,0.027020465636507562,0.027020465636507562,0E-17,ELIGIBLE,R03b_20260811_FULL_v1,L1_ELIGIBILITY,v2026-08-11,2026-03-21..2026-08-06,baccarat_bet02_101_all_pairs_incl_sentinel,round_win = game_pnl > 0 (decisive only),COMPATIBILITY_ONLY_NOT_PRODUCTION,720.9448,621.8837,-61.3629,73,72,0.08511450,,0.08511450,0.08511450,61.3629,720.9448,OK,0.0000,-2.4545,4.0000,96.0000,AG03-UNRESOLVED,ALL5_LEVELS_bet23_to_bet27,-2.4545,-2.4545,-2.4545,-2.4545,-2.4545,4.000000,4.000000,4.000000,4.000000,4.000000,96.000000,96.000000,96.000000,96.000000,96.000000,5.0,-12.2726,-11.3293,-49.0903,-50.0336,PENDING_AG03,FALSE,NOT_FOR_ENFORCEMENT,-58.9083,597.0084,-61.3629,-58.9083,-2.4545,-0.08511450,-0.08170992,-2.4545,-58.9083,-0.08170992,-2.4545,-2.4545,-2.4545,-2.4545,-2.4545,-58.9083,-0.08170992,-12.2726,-11.3293,-49.0903,-50.0336,-0.06809160,-0.06940004,-0.00340458,9.8760,8.6373,-0.8523,-15.3407,-1.7532,180.2362,18.0000,,9.8760,11.0068,11.0068,11.0068,11.0068,11.0068,11.0068,11.0068,0.0,1.0,1.0,0.89726,6,27,2,2,0E-8,-0.08511450,,0E-8,0.000000,0.862595,0.068493,,2026-06-04,2026-06-07,4,35,21,4,1.000000,,,0.000000,,,,,,,,GLOBAL_BASELINE_NO_ENTITY_RANKING,,,NOT_APPLICABLE_GLOBAL_BASELINE,HF9g-P5,,,,X 全窗基线 · 不参与实体赏罚,3929255,393,A168_HF9F_20260827_0900,2026-08-27 09:00:00
2026-05-19,150257159,2174,0,80.4317368066,61.3616314670,61.3616314670,0.5000000,3,3,0.50665070000000000,0.506650700000,-0.018812684590367487,-0.018812684590367487,-0.018812684590367487,0E-17,ELIGIBLE,R03b_20260811_FULL_v1,L1_ELIGIBILITY,v2026-08-11,2026-03-21..2026-08-06,baccarat_bet02_101_all_pairs_incl_sentinel,round_win = game_pnl > 0 (decisive only),COMPATIBILITY_ONLY_NOT_PRODUCTION,80.4317,75.2426,-61.3616,3,3,0.76290323,,0.76290323,0.76290323,61.3616,80.4317,THIN_EXPOSURE,0.0000,-2.4545,4.0000,96.0000,AG03-UNRESOLVED,ALL5_LEVELS_bet23_to_bet27,-2.4545,-2.4545,-3.0681,-3.0681,-3.0681,4.000000,4.000000,5.000000,5.000000,5.000000,96.000000,96.000000,95.000000,95.000000,95.000000,5.0,-14.1132,-12.8763,-47.2485,-48.4853,PENDING_AG03,FALSE,NOT_FOR_ENFORCEMENT,-58.9072,72.2329,-61.3616,-58.9072,-2.4545,-0.76290323,-0.73238710,-2.4545,-58.9072,-0.73238710,-2.4545,-2.4545,-3.0681,-3.0681,-3.0681,-58.9072,-0.73238710,-14.1132,-12.8763,-47.2485,-48.4853,-0.58743548,-0.60281317,-0.03051613,26.8106,25.0809,-20.4539,-61.3616,-61.3616,80.4317,3.0000,,26.8106,5.1891,5.1891,53.8374,70.0535,70.0535,70.0535,5.1891,0.0,13.500001,13.500001,5.166667,1,1,1,1,0E-8,-0.76290323,,0E-8,0.000000,0.935484,0.000000,,2026-05-19,2026-05-19,1,1,1,1,1.000000,,,0.000000,,,,,,,,GLOBAL_BASELINE_NO_ENTITY_RANKING,,,NOT_APPLICABLE_GLOBAL_BASELINE,HF9g-P5,,,,X 全窗基线 · 不参与实体赏罚,3929256,393,A168_HF9F_20260827_0900,2026-08-27 09:00:00
2026-05-09,149814435,1994,0,7.7837164652,2.5945721550,2.5945721550,0.5000000,2,2,0.49324550000000000,0.493245500000,0.01910635448239258,0.01910635448239258,0.01910635448239258,0E-17,ELIGIBLE,R03b_20260811_FULL_v1,L1_ELIGIBILITY,v2026-08-11,2026-03-21..2026-08-06,baccarat_bet02_101_all_pairs_incl_sentinel,round_win = game_pnl > 0 (decisive only),COMPATIBILITY_ONLY_NOT_PRODUCTION,119.3503,98.5937,-61.3616,19,18,0.51413043,,0.51413043,0.51413043,61.3616,119.3503,THIN_EXPOSURE,0.0000,-2.4545,4.0000,96.0000,AG03-UNRESOLVED,ALL5_LEVELS_bet23_to_bet27,-2.4545,-2.4545,-3.0681,-3.0681,-3.0681,4.000000,4.000000,5.000000,5.000000,5.000000,96.000000,96.000000,95.000000,95.000000,95.000000,5.0,-14.1132,-12.8763,-47.2485,-48.4853,PENDING_AG03,FALSE,NOT_FOR_ENFORCEMENT,-58.9072,94.6500,-61.3616,-58.9072,-2.4545,-0.51413043,-0.49356522,-2.4545,-58.9072,-0.49356522,-2.4545,-2.4545,-3.0681,-3.0681,-3.0681,-58.9072,-0.49356522,-14.1132,-12.8763,-47.2485,-48.4853,-0.39588043,-0.40624366,-0.02056522,6.2816,5.4774,-3.4090,-61.3616,-15.3404,119.3503,18.0000,,6.2816,2.5946,5.1891,11.6756,12.9729,12.9729,12.9729,5.1891,2.4648,2.5,2.5,1.210526,4,5,3,2,0E-8,-0.51413043,,0E-8,0.000000,0.826087,0.000000,,2026-05-09,2026-05-09,1,4,4,1,1.000000,,,0.000000,,,,,,,,GLOBAL_BASELINE_NO_ENTITY_RANKING,,,NOT_APPLICABLE_GLOBAL_BASELINE,HF9g-P5,,,,X 全窗基线 · 不参与实体赏罚,3929257,393,A168_HF9F_20260827_0900,2026-08-27 09:00:00
2026-05-09,149814435,2088,0,83.0263089619,49.2968709462,49.2968709462,0.7500000,9,9,0.49622443333333333,0.496224433333,1.435612322329806,1.435612322331699,1.435612322329806,3.3333E-13,ELIGIBLE,R03b_20260811_FULL_v1,L1_ELIGIBILITY,v2026-08-11,2026-03-21..2026-08-06,baccarat_bet02_101_all_pairs_incl_sentinel,round_win = game_pnl > 0 (decisive only),COMPATIBILITY_ONLY_NOT_PRODUCTION,119.3503,98.5937,-61.3616,19,18,0.51413043,,0.51413043,0.51413043,61.3616,119.3503,THIN_EXPOSURE,0.0000,-2.4545,4.0000,96.0000,AG03-UNRESOLVED,ALL5_LEVELS_bet23_to_bet27,-2.4545,-2.4545,-3.0681,-3.0681,-3.0681,4.000000,4.000000,5.000000,5.000000,5.000000,96.000000,96.000000,95.000000,95.000000,95.000000,5.0,-14.1132,-12.8763,-47.2485,-48.4853,PENDING_AG03,FALSE,NOT_FOR_ENFORCEMENT,-58.9072,94.6500,-61.3616,-58.9072,-2.4545,-0.51413043,-0.49356522,-2.4545,-58.9072,-0.49356522,-2.4545,-2.4545,-3.0681,-3.0681,-3.0681,-58.9072,-0.49356522,-14.1132,-12.8763,-47.2485,-48.4853,-0.39588043,-0.40624366,-0.02056522,6.2816,5.4774,-3.4090,-61.3616,-15.3404,119.3503,18.0000,,6.2816,2.5946,5.1891,11.6756,12.9729,12.9729,12.9729,5.1891,2.4648,2.5,2.5,1.210526,4,5,3,2,0E-8,-0.51413043,,0E-8,0.000000,0.826087,0.000000,,2026-05-09,2026-05-09,1,4,4,1,1.000000,,,0.000000,,,,,,,,GLOBAL_BASELINE_NO_ENTITY_RANKING,,,NOT_APPLICABLE_GLOBAL_BASELINE,HF9g-P5,,,,X 全窗基线 · 不参与实体赏罚,3929258,393,A168_HF9F_20260827_0900,2026-08-27 09:00:00
2026-05-09,149814435,2141,0,7.7837164652,2.3351149395,2.3351149395,0.5000000,2,2,0.49994810000000000,0.499948100000,0.00014679536856514622,0.00014679536856514622,0.00014679536856514622,0E-17,ELIGIBLE,R03b_20260811_FULL_v1,L1_ELIGIBILITY,v2026-08-11,2026-03-21..2026-08-06,baccarat_bet02_101_all_pairs_incl_sentinel,round_win = game_pnl > 0 (decisive only),COMPATIBILITY_ONLY_NOT_PRODUCTION,119.3503,98.5937,-61.3616,19,18,0.51413043,,0.51413043,0.51413043,61.3616,119.3503,THIN_EXPOSURE,0.0000,-2.4545,4.0000,96.0000,AG03-UNRESOLVED,ALL5_LEVELS_bet23_to_bet27,-2.4545,-2.4545,-3.0681,-3.0681,-3.0681,4.000000,4.000000,5.000000,5.000000,5.000000,96.000000,96.000000,95.000000,95.000000,95.000000,5.0,-14.1132,-12.8763,-47.2485,-48.4853,PENDING_AG03,FALSE,NOT_FOR_ENFORCEMENT,-58.9072,94.6500,-61.3616,-58.9072,-2.4545,-0.51413043,-0.49356522,-2.4545,-58.9072,-0.49356522,-2.4545,-2.4545,-3.0681,-3.0681,-3.0681,-58.9072,-0.49356522,-14.1132,-12.8763,-47.2485,-48.4853,-0.39588043,-0.40624366,-0.02056522,6.2816,5.4774,-3.4090,-61.3616,-15.3404,119.3503,18.0000,,6.2816,2.5946,5.1891,11.6756,12.9729,12.9729,12.9729,5.1891,2.4648,2.5,2.5,1.210526,4,5,3,2,0E-8,-0.51413043,,0E-8,0.000000,0.826087,0.000000,,2026-05-09,2026-05-09,1,4,4,1,1.000000,,,0.000000,,,,,,,,GLOBAL_BASELINE_NO_ENTITY_RANKING,,,NOT_APPLICABLE_GLOBAL_BASELINE,HF9g-P5,,,,X 全窗基线 · 不参与实体赏罚,3929259,393,A168_HF9F_20260827_0900,2026-08-27 09:00:00
2026-05-09,149814435,529,0,18.1620050856,7.1350734263,7.1350734263,0.5000000,5,4,0.50162375000000000,0.501623750000,-0.006495034249238073,-0.006495034249238073,-0.006495034249238073,0E-17,ELIGIBLE,R03b_20260811_FULL_v1,L1_ELIGIBILITY,v2026-08-11,2026-03-21..2026-08-06,baccarat_bet02_101_all_pairs_incl_sentinel,round_win = game_pnl > 0 (decisive only),COMPATIBILITY_ONLY_NOT_PRODUCTION,119.3503,98.5937,-61.3616,19,18,0.51413043,,0.51413043,0.51413043,61.3616,119.3503,THIN_EXPOSURE,0.0000,-2.4545,4.0000,96.0000,AG03-UNRESOLVED,ALL5_LEVELS_bet23_to_bet27,-2.4545,-2.4545,-3.0681,-3.0681,-3.0681,4.000000,4.000000,5.000000,5.000000,5.000000,96.000000,96.000000,95.000000,95.000000,95.000000,5.0,-14.1132,-12.8763,-47.2485,-48.4853,PENDING_AG03,FALSE,NOT_FOR_ENFORCEMENT,-58.9072,94.6500,-61.3616,-58.9072,-2.4545,-0.51413043,-0.49356522,-2.4545,-58.9072,-0.49356522,-2.4545,-2.4545,-3.0681,-3.0681,-3.0681,-58.9072,-0.49356522,-14.1132,-12.8763,-47.2485,-48.4853,-0.39588043,-0.40624366,-0.02056522,6.2816,5.4774,-3.4090,-61.3616,-15.3404,119.3503,18.0000,,6.2816,2.5946,5.1891,11.6756,12.9729,12.9729,12.9729,5.1891,2.4648,2.5,2.5,1.210526,4,5,3,2,0E-8,-0.51413043,,0E-8,0.000000,0.826087,0.000000,,2026-05-09,2026-05-09,1,4,4,1,1.000000,,,0.000000,,,,,,,,GLOBAL_BASELINE_NO_ENTITY_RANKING,,,NOT_APPLICABLE_GLOBAL_BASELINE,HF9g-P5,,,,X 全窗基线 · 不参与实体赏罚,3929260,393,A168_HF9F_20260827_0900,2026-08-27 09:00:00
2026-05-09,149814435,772,0,2.5945721551,0E-10,0E-10,,1,1,0.50665070000000000,0.506650700000,,,,0E-17,NO_DECISIVE_ROUND,R03b_20260811_FULL_v1,L1_ELIGIBILITY,v2026-08-11,2026-03-21..2026-08-06,baccarat_bet02_101_all_pairs_incl_sentinel,round_win = game_pnl > 0 (decisive only),COMPATIBILITY_ONLY_NOT_PRODUCTION,119.3503,98.5937,-61.3616,19,18,0.51413043,,0.51413043,0.51413043,61.3616,119.3503,THIN_EXPOSURE,0.0000,-2.4545,4.0000,96.0000,AG03-UNRESOLVED,ALL5_LEVELS_bet23_to_bet27,-2.4545,-2.4545,-3.0681,-3.0681,-3.0681,4.000000,4.000000,5.000000,5.000000,5.000000,96.000000,96.000000,95.000000,95.000000,95.000000,5.0,-14.1132,-12.8763,-47.2485,-48.4853,PENDING_AG03,FALSE,NOT_FOR_ENFORCEMENT,-58.9072,94.6500,-61.3616,-58.9072,-2.4545,-0.51413043,-0.49356522,-2.4545,-58.9072,-0.49356522,-2.4545,-2.4545,-3.0681,-3.0681,-3.0681,-58.9072,-0.49356522,-14.1132,-12.8763,-47.2485,-48.4853,-0.39588043,-0.40624366,-0.02056522,6.2816,5.4774,-3.4090,-61.3616,-15.3404,119.3503,18.0000,,6.2816,2.5946,5.1891,11.6756,12.9729,12.9729,12.9729,5.1891,2.4648,2.5,2.5,1.210526,4,5,3,2,0E-8,-0.51413043,,0E-8,0.000000,0.826087,0.000000,,2026-05-09,2026-05-09,1,4,4,1,1.000000,,,0.000000,,,,,,,,GLOBAL_BASELINE_NO_ENTITY_RANKING,,,NOT_APPLICABLE_GLOBAL_BASELINE,HF9g-P5,,,,X 全窗基线 · 不参与实体赏罚,3929261,393,A168_HF9F_20260827_0900,2026-08-27 09:00:00
2026-05-29,149430032,-1,1,57.0805874112,-12.9728607752,-12.9728607752,0.3333333,4,4,0.49324550000000000,0.493245500000,-0.5540025479526107,-0.5540025479526106,-0.5540025479526107,0E-17,SENTINEL_DEALER,R03b_20260811_FULL_v1,L1_ELIGIBILITY,v2026-08-11,2026-03-21..2026-08-06,baccarat_bet02_101_all_pairs_incl_sentinel,round_win = game_pnl > 0 (decisive only),COMPATIBILITY_ONLY_NOT_PRODUCTION,176.4309,140.1069,-61.3616,17,17,0.34779412,,0.34779412,0.34779412,61.3616,176.4309,THIN_EXPOSURE,0.0000,-2.4545,4.0000,96.0000,AG03-UNRESOLVED,ALL5_LEVELS_bet23_to_bet27,-2.4545,-2.4545,-2.4545,-3.0681,-3.0681,4.000000,4.000000,4.000000,5.000000,5.000000,96.000000,96.000000,96.000000,95.000000,95.000000,5.0,-13.4996,-12.3659,-47.8621,-48.9957,PENDING_AG03,FALSE,NOT_FOR_ENFORCEMENT,-58.9072,134.5026,-61.3616,-58.9072,-2.4545,-0.34779412,-0.33388235,-2.4545,-58.9072,-0.33388235,-2.4545,-2.4545,-2.4545,-3.0681,-3.0681,-58.9072,-0.33388235,-13.4996,-12.3659,-47.8621,-48.9957,-0.27127941,-0.27770464,-0.01391176,10.3783,8.2416,-3.6095,-61.3616,-5.1135,176.4309,17.0000,,10.3783,5.1891,7.7837,11.6756,27.5025,28.5403,28.5403,5.1891,2.4648,3.666667,3.666667,1.333333,12,10,1,2,0E-8,-0.34779412,,0E-8,0.000000,0.794118,0.000000,,2026-05-29,2026-05-29,1,12,12,1,1.000000,,,0.000000,,,,,,,,GLOBAL_BASELINE_NO_ENTITY_RANKING,,,NOT_APPLICABLE_GLOBAL_BASELINE,HF9g-P5,,,,X 全窗基线 · 不参与实体赏罚,3929262,393,A168_HF9F_20260827_0900,2026-08-27 09:00:00
2026-05-29,149430032,1151,0,7.7837164652,-7.7837164652,-7.7837164652,0E-7,1,1,0.49324550000000000,0.493245500000,-0.9865810262130424,-0.9865810262130424,-0.9865810262130424,0E-17,ELIGIBLE,R03b_20260811_FULL_v1,L1_ELIGIBILITY,v2026-08-11,2026-03-21..2026-08-06,baccarat_bet02_101_all_pairs_incl_sentinel,round_win = game_pnl > 0 (decisive only),COMPATIBILITY_ONLY_NOT_PRODUCTION,176.4309,140.1069,-61.3616,17,17,0.34779412,,0.34779412,0.34779412,61.3616,176.4309,THIN_EXPOSURE,0.0000,-2.4545,4.0000,96.0000,AG03-UNRESOLVED,ALL5_LEVELS_bet23_to_bet27,-2.4545,-2.4545,-2.4545,-3.0681,-3.0681,4.000000,4.000000,4.000000,5.000000,5.000000,96.000000,96.000000,96.000000,95.000000,95.000000,5.0,-13.4996,-12.3659,-47.8621,-48.9957,PENDING_AG03,FALSE,NOT_FOR_ENFORCEMENT,-58.9072,134.5026,-61.3616,-58.9072,-2.4545,-0.34779412,-0.33388235,-2.4545,-58.9072,-0.33388235,-2.4545,-2.4545,-2.4545,-3.0681,-3.0681,-58.9072,-0.33388235,-13.4996,-12.3659,-47.8621,-48.9957,-0.27127941,-0.27770464,-0.01391176,10.3783,8.2416,-3.6095,-61.3616,-5.1135,176.4309,17.0000,,10.3783,5.1891,7.7837,11.6756,27.5025,28.5403,28.5403,5.1891,2.4648,3.666667,3.666667,1.333333,12,10,1,2,0E-8,-0.34779412,,0E-8,0.000000,0.794118,0.000000,,2026-05-29,2026-05-29,1,12,12,1,1.000000,,,0.000000,,,,,,,,GLOBAL_BASELINE_NO_ENTITY_RANKING,,,NOT_APPLICABLE_GLOBAL_BASELINE,HF9g-P5,,,,X 全窗基线 · 不参与实体赏罚,3929263,393,A168_HF9F_20260827_0900,2026-08-27 09:00:00
2026-05-29,149430032,1331,0,10.3782886202,10.3782886202,10.3782886202,1.0000000,1,1,0.49324550000000000,0.493245500000,1.01360149184955,1.01360149184955,1.01360149184955,0E-17,ELIGIBLE,R03b_20260811_FULL_v1,L1_ELIGIBILITY,v2026-08-11,2026-03-21..2026-08-06,baccarat_bet02_101_all_pairs_incl_sentinel,round_win = game_pnl > 0 (decisive only),COMPATIBILITY_ONLY_NOT_PRODUCTION,176.4309,140.1069,-61.3616,17,17,0.34779412,,0.34779412,0.34779412,61.3616,176.4309,THIN_EXPOSURE,0.0000,-2.4545,4.0000,96.0000,AG03-UNRESOLVED,ALL5_LEVELS_bet23_to_bet27,-2.4545,-2.4545,-2.4545,-3.0681,-3.0681,4.000000,4.000000,4.000000,5.000000,5.000000,96.000000,96.000000,96.000000,95.000000,95.000000,5.0,-13.4996,-12.3659,-47.8621,-48.9957,PENDING_AG03,FALSE,NOT_FOR_ENFORCEMENT,-58.9072,134.5026,-61.3616,-58.9072,-2.4545,-0.34779412,-0.33388235,-2.4545,-58.9072,-0.33388235,-2.4545,-2.4545,-2.4545,-3.0681,-3.0681,-58.9072,-0.33388235,-13.4996,-12.3659,-47.8621,-48.9957,-0.27127941,-0.27770464,-0.01391176,10.3783,8.2416,-3.6095,-61.3616,-5.1135,176.4309,17.0000,,10.3783,5.1891,7.7837,11.6756,27.5025,28.5403,28.5403,5.1891,2.4648,3.666667,3.666667,1.333333,12,10,1,2,0E-8,-0.34779412,,0E-8,0.000000,0.794118,0.000000,,2026-05-29,2026-05-29,1,12,12,1,1.000000,,,0.000000,,,,,,,,GLOBAL_BASELINE_NO_ENTITY_RANKING,,,NOT_APPLICABLE_GLOBAL_BASELINE,HF9g-P5,,,,X 全窗基线 · 不参与实体赏罚,3929264,393,A168_HF9F_20260827_0900,2026-08-27 09:00:00
2026-05-29,149430032,1957,0,5.1891443101,-5.1891443101,-5.1891443101,0E-7,1,1,0.49324550000000000,0.493245500000,-0.9865810262130424,-0.9865810262130424,-0.9865810262130424,0E-17,ELIGIBLE,R03b_20260811_FULL_v1,L1_ELIGIBILITY,v2026-08-11,2026-03-21..2026-08-06,baccarat_bet02_101_all_pairs_incl_sentinel,round_win = game_pnl > 0 (decisive only),COMPATIBILITY_ONLY_NOT_PRODUCTION,176.4309,140.1069,-61.3616,17,17,0.34779412,,0.34779412,0.34779412,61.3616,176.4309,THIN_EXPOSURE,0.0000,-2.4545,4.0000,96.0000,AG03-UNRESOLVED,ALL5_LEVELS_bet23_to_bet27,-2.4545,-2.4545,-2.4545,-3.0681,-3.0681,4.000000,4.000000,4.000000,5.000000,5.000000,96.000000,96.000000,96.000000,95.000000,95.000000,5.0,-13.4996,-12.3659,-47.8621,-48.9957,PENDING_AG03,FALSE,NOT_FOR_ENFORCEMENT,-58.9072,134.5026,-61.3616,-58.9072,-2.4545,-0.34779412,-0.33388235,-2.4545,-58.9072,-0.33388235,-2.4545,-2.4545,-2.4545,-3.0681,-3.0681,-58.9072,-0.33388235,-13.4996,-12.3659,-47.8621,-48.9957,-0.27127941,-0.27770464,-0.01391176,10.3783,8.2416,-3.6095,-61.3616,-5.1135,176.4309,17.0000,,10.3783,5.1891,7.7837,11.6756,27.5025,28.5403,28.5403,5.1891,2.4648,3.666667,3.666667,1.333333,12,10,1,2,0E-8,-0.34779412,,0E-8,0.000000,0.794118,0.000000,,2026-05-29,2026-05-29,1,12,12,1,1.000000,,,0.000000,,,,,,,,GLOBAL_BASELINE_NO_ENTITY_RANKING,,,NOT_APPLICABLE_GLOBAL_BASELINE,HF9g-P5,,,,X 全窗基线 · 不参与实体赏罚,3929265,393,A168_HF9F_20260827_0900,2026-08-27 09:00:00
2026-05-29,149430032,2084,0,2.5945721551,2.4648435473,2.4648435473,1.0000000,1,1,0.50665070000000000,0.506650700000,0.9867858985152569,0.9867858985152569,0.9867858985152569,0E-17,ELIGIBLE,R03b_20260811_FULL_v1,L1_ELIGIBILITY,v2026-08-11,2026-03-21..2026-08-06,baccarat_bet02_101_all_pairs_incl_sentinel,round_win = game_pnl > 0 (decisive only),COMPATIBILITY_ONLY_NOT_PRODUCTION,176.4309,140.1069,-61.3616,17,17,0.34779412,,0.34779412,0.34779412,61.3616,176.4309,THIN_EXPOSURE,0.0000,-2.4545,4.0000,96.0000,AG03-UNRESOLVED,ALL5_LEVELS_bet23_to_bet27,-2.4545,-2.4545,-2.4545,-3.0681,-3.0681,4.000000,4.000000,4.000000,5.000000,5.000000,96.000000,96.000000,96.000000,95.000000,95.000000,5.0,-13.4996,-12.3659,-47.8621,-48.9957,PENDING_AG03,FALSE,NOT_FOR_ENFORCEMENT,-58.9072,134.5026,-61.3616,-58.9072,-2.4545,-0.34779412,-0.33388235,-2.4545,-58.9072,-0.33388235,-2.4545,-2.4545,-2.4545,-3.0681,-3.0681,-58.9072,-0.33388235,-13.4996,-12.3659,-47.8621,-48.9957,-0.27127941,-0.27770464,-0.01391176,10.3783,8.2416,-3.6095,-61.3616,-5.1135,176.4309,17.0000,,10.3783,5.1891,7.7837,11.6756,27.5025,28.5403,28.5403,5.1891,2.4648,3.666667,3.666667,1.333333,12,10,1,2,0E-8,-0.34779412,,0E-8,0.000000,0.794118,0.000000,,2026-05-29,2026-05-29,1,12,12,1,1.000000,,,0.000000,,,,,,,,GLOBAL_BASELINE_NO_ENTITY_RANKING,,,NOT_APPLICABLE_GLOBAL_BASELINE,HF9g-P5,,,,X 全窗基线 · 不参与实体赏罚,3929266,393,A168_HF9F_20260827_0900,2026-08-27 09:00:00
2026-05-29,149430032,2134,0,2.5945721551,0E-10,0E-10,,1,1,0.49324550000000000,0.493245500000,,,,0E-17,NO_DECISIVE_ROUND,R03b_20260811_FULL_v1,L1_ELIGIBILITY,v2026-08-11,2026-03-21..2026-08-06,baccarat_bet02_101_all_pairs_incl_sentinel,round_win = game_pnl > 0 (decisive only),COMPATIBILITY_ONLY_NOT_PRODUCTION,176.4309,140.1069,-61.3616,17,17,0.34779412,,0.34779412,0.34779412,61.3616,176.4309,THIN_EXPOSURE,0.0000,-2.4545,4.0000,96.0000,AG03-UNRESOLVED,ALL5_LEVELS_bet23_to_bet27,-2.4545,-2.4545,-2.4545,-3.0681,-3.0681,4.000000,4.000000,4.000000,5.000000,5.000000,96.000000,96.000000,96.000000,95.000000,95.000000,5.0,-13.4996,-12.3659,-47.8621,-48.9957,PENDING_AG03,FALSE,NOT_FOR_ENFORCEMENT,-58.9072,134.5026,-61.3616,-58.9072,-2.4545,-0.34779412,-0.33388235,-2.4545,-58.9072,-0.33388235,-2.4545,-2.4545,-2.4545,-3.0681,-3.0681,-58.9072,-0.33388235,-13.4996,-12.3659,-47.8621,-48.9957,-0.27127941,-0.27770464,-0.01391176,10.3783,8.2416,-3.6095,-61.3616,-5.1135,176.4309,17.0000,,10.3783,5.1891,7.7837,11.6756,27.5025,28.5403,28.5403,5.1891,2.4648,3.666667,3.666667,1.333333,12,10,1,2,0E-8,-0.34779412,,0E-8,0.000000,0.794118,0.000000,,2026-05-29,2026-05-29,1,12,12,1,1.000000,,,0.000000,,,,,,,,GLOBAL_BASELINE_NO_ENTITY_RANKING,,,NOT_APPLICABLE_GLOBAL_BASELINE,HF9g-P5,,,,X 全窗基线 · 不参与实体赏罚,3929267,393,A168_HF9F_20260827_0900,2026-08-27 09:00:00
2026-05-29,149430032,2167,0,23.3511493955,23.3511493955,23.3511493955,1.0000000,1,1,0.49324550000000000,0.493245500000,1.01360149184955,1.01360149184955,1.01360149184955,0E-17,ELIGIBLE,R03b_20260811_FULL_v1,L1_ELIGIBILITY,v2026-08-11,2026-03-21..2026-08-06,baccarat_bet02_101_all_pairs_incl_sentinel,round_win = game_pnl > 0 (decisive only),COMPATIBILITY_ONLY_NOT_PRODUCTION,176.4309,140.1069,-61.3616,17,17,0.34779412,,0.34779412,0.34779412,61.3616,176.4309,THIN_EXPOSURE,0.0000,-2.4545,4.0000,96.0000,AG03-UNRESOLVED,ALL5_LEVELS_bet23_to_bet27,-2.4545,-2.4545,-2.4545,-3.0681,-3.0681,4.000000,4.000000,4.000000,5.000000,5.000000,96.000000,96.000000,96.000000,95.000000,95.000000,5.0,-13.4996,-12.3659,-47.8621,-48.9957,PENDING_AG03,FALSE,NOT_FOR_ENFORCEMENT,-58.9072,134.5026,-61.3616,-58.9072,-2.4545,-0.34779412,-0.33388235,-2.4545,-58.9072,-0.33388235,-2.4545,-2.4545,-2.4545,-3.0681,-3.0681,-58.9072,-0.33388235,-13.4996,-12.3659,-47.8621,-48.9957,-0.27127941,-0.27770464,-0.01391176,10.3783,8.2416,-3.6095,-61.3616,-5.1135,176.4309,17.0000,,10.3783,5.1891,7.7837,11.6756,27.5025,28.5403,28.5403,5.1891,2.4648,3.666667,3.666667,1.333333,12,10,1,2,0E-8,-0.34779412,,0E-8,0.000000,0.794118,0.000000,,2026-05-29,2026-05-29,1,12,12,1,1.000000,,,0.000000,,,,,,,,GLOBAL_BASELINE_NO_ENTITY_RANKING,,,NOT_APPLICABLE_GLOBAL_BASELINE,HF9g-P5,,,,X 全窗基线 · 不参与实体赏罚,3929268,393,A168_HF9F_20260827_0900,2026-08-27 09:00:00
2026-05-29,149430032,2171,0,28.5402937056,22.8322349645,22.8322349645,1.0000000,4,4,0.49659680000000000,0.496596800000,1.7438802330937357,1.7438802330937355,1.7438802330937357,0E-17,ELIGIBLE,R03b_20260811_FULL_v1,L1_ELIGIBILITY,v2026-08-11,2026-03-21..2026-08-06,baccarat_bet02_101_all_pairs_incl_sentinel,round_win = game_pnl > 0 (decisive only),COMPATIBILITY_ONLY_NOT_PRODUCTION,176.4309,140.1069,-61.3616,17,17,0.34779412,,0.34779412,0.34779412,61.3616,176.4309,THIN_EXPOSURE,0.0000,-2.4545,4.0000,96.0000,AG03-UNRESOLVED,ALL5_LEVELS_bet23_to_bet27,-2.4545,-2.4545,-2.4545,-3.0681,-3.0681,4.000000,4.000000,4.000000,5.000000,5.000000,96.000000,96.000000,96.000000,95.000000,95.000000,5.0,-13.4996,-12.3659,-47.8621,-48.9957,PENDING_AG03,FALSE,NOT_FOR_ENFORCEMENT,-58.9072,134.5026,-61.3616,-58.9072,-2.4545,-0.34779412,-0.33388235,-2.4545,-58.9072,-0.33388235,-2.4545,-2.4545,-2.4545,-3.0681,-3.0681,-58.9072,-0.33388235,-13.4996,-12.3659,-47.8621,-48.9957,-0.27127941,-0.27770464,-0.01391176,10.3783,8.2416,-3.6095,-61.3616,-5.1135,176.4309,17.0000,,10.3783,5.1891,7.7837,11.6756,27.5025,28.5403,28.5403,5.1891,2.4648,3.666667,3.666667,1.333333,12,10,1,2,0E-8,-0.34779412,,0E-8,0.000000,0.794118,0.000000,,2026-05-29,2026-05-29,1,12,12,1,1.000000,,,0.000000,,,,,,,,GLOBAL_BASELINE_NO_ENTITY_RANKING,,,NOT_APPLICABLE_GLOBAL_BASELINE,HF9g-P5,,,,X 全窗基线 · 不参与实体赏罚,3929269,393,A168_HF9F_20260827_0900,2026-08-27 09:00:00
2026-05-29,149430032,2218,0,5.1891443101,-5.1891443101,-5.1891443101,0E-7,1,1,0.50665070000000000,0.506650700000,-1.013391052207602,-1.013391052207602,-1.013391052207602,0E-17,ELIGIBLE,R03b_20260811_FULL_v1,L1_ELIGIBILITY,v2026-08-11,2026-03-21..2026-08-06,baccarat_bet02_101_all_pairs_incl_sentinel,round_win = game_pnl > 0 (decisive only),COMPATIBILITY_ONLY_NOT_PRODUCTION,176.4309,140.1069,-61.3616,17,17,0.34779412,,0.34779412,0.34779412,61.3616,176.4309,THIN_EXPOSURE,0.0000,-2.4545,4.0000,96.0000,AG03-UNRESOLVED,ALL5_LEVELS_bet23_to_bet27,-2.4545,-2.4545,-2.4545,-3.0681,-3.0681,4.000000,4.000000,4.000000,5.000000,5.000000,96.000000,96.000000,96.000000,95.000000,95.000000,5.0,-13.4996,-12.3659,-47.8621,-48.9957,PENDING_AG03,FALSE,NOT_FOR_ENFORCEMENT,-58.9072,134.5026,-61.3616,-58.9072,-2.4545,-0.34779412,-0.33388235,-2.4545,-58.9072,-0.33388235,-2.4545,-2.4545,-2.4545,-3.0681,-3.0681,-58.9072,-0.33388235,-13.4996,-12.3659,-47.8621,-48.9957,-0.27127941,-0.27770464,-0.01391176,10.3783,8.2416,-3.6095,-61.3616,-5.1135,176.4309,17.0000,,10.3783,5.1891,7.7837,11.6756,27.5025,28.5403,28.5403,5.1891,2.4648,3.666667,3.666667,1.333333,12,10,1,2,0E-8,-0.34779412,,0E-8,0.000000,0.794118,0.000000,,2026-05-29,2026-05-29,1,12,12,1,1.000000,,,0.000000,,,,,,,,GLOBAL_BASELINE_NO_ENTITY_RANKING,,,NOT_APPLICABLE_GLOBAL_BASELINE,HF9g-P5,,,,X 全窗基线 · 不参与实体赏罚,3929270,393,A168_HF9F_20260827_0900,2026-08-27 09:00:00
2026-05-29,149430032,550,0,33.7294380157,33.4699808002,33.4699808002,1.0000000,2,2,0.49994810000000000,0.499948100000,1.4143603653603398,1.4143603653603398,1.4143603653603398,0E-17,ELIGIBLE,R03b_20260811_FULL_v1,L1_ELIGIBILITY,v2026-08-11,2026-03-21..2026-08-06,baccarat_bet02_101_all_pairs_incl_sentinel,round_win = game_pnl > 0 (decisive only),COMPATIBILITY_ONLY_NOT_PRODUCTION,176.4309,140.1069,-61.3616,17,17,0.34779412,,0.34779412,0.34779412,61.3616,176.4309,THIN_EXPOSURE,0.0000,-2.4545,4.0000,96.0000,AG03-UNRESOLVED,ALL5_LEVELS_bet23_to_bet27,-2.4545,-2.4545,-2.4545,-3.0681,-3.0681,4.000000,4.000000,4.000000,5.000000,5.000000,96.000000,96.000000,96.000000,95.000000,95.000000,5.0,-13.4996,-12.3659,-47.8621,-48.9957,PENDING_AG03,FALSE,NOT_FOR_ENFORCEMENT,-58.9072,134.5026,-61.3616,-58.9072,-2.4545,-0.34779412,-0.33388235,-2.4545,-58.9072,-0.33388235,-2.4545,-2.4545,-2.4545,-3.0681,-3.0681,-58.9072,-0.33388235,-13.4996,-12.3659,-47.8621,-48.9957,-0.27127941,-0.27770464,-0.01391176,10.3783,8.2416,-3.6095,-61.3616,-5.1135,176.4309,17.0000,,10.3783,5.1891,7.7837,11.6756,27.5025,28.5403,28.5403,5.1891,2.4648,3.666667,3.666667,1.333333,12,10,1,2,0E-8,-0.34779412,,0E-8,0.000000,0.794118,0.000000,,2026-05-29,2026-05-29,1,12,12,1,1.000000,,,0.000000,,,,,,,,GLOBAL_BASELINE_NO_ENTITY_RANKING,,,NOT_APPLICABLE_GLOBAL_BASELINE,HF9g-P5,,,,X 全窗基线 · 不参与实体赏罚,3929271,393,A168_HF9F_20260827_0900,2026-08-27 09:00:00
2026-04-30,148991057,772,0,83.0263089621,33.7294380153,33.7294380153,0.6250000,15,8,0.31686423623419876,0.249720787500,1.8732553341033282,2.4522271544806564,1.8732553341033282,0.06714344873419876,ELIGIBLE,R03b_20260811_FULL_v1,L1_ELIGIBILITY,v2026-08-11,2026-03-21..2026-08-06,baccarat_bet02_101_all_pairs_incl_sentinel,round_win = game_pnl > 0 (decisive only),COMPATIBILITY_ONLY_NOT_PRODUCTION,343.0024,314.4621,-61.3616,62,33,0.17889561,,0.17889561,0.17889561,61.3616,343.0024,OK,0.0000,-2.4545,4.0000,96.0000,AG03-UNRESOLVED,ALL5_LEVELS_bet23_to_bet27,-2.4545,-2.4545,-2.4545,-3.0681,-3.0681,4.000000,4.000000,4.000000,5.000000,5.000000,96.000000,96.000000,96.000000,95.000000,95.000000,5.0,-13.4996,-12.3659,-47.8621,-48.9957,PENDING_AG03,FALSE,NOT_FOR_ENFORCEMENT,-58.9072,301.8837,-61.3616,-58.9072,-2.4545,-0.17889561,-0.17173979,-2.4545,-58.9072,-0.17173979,-2.4545,-2.4545,-2.4545,-3.0681,-3.0681,-58.9072,-0.17173979,-13.4996,-12.3659,-47.8621,-48.9957,-0.13953858,-0.14284354,-0.00715582,5.5323,9.5292,-1.8594,-30.6808,-30.6808,171.5012,16.5000,,5.5323,2.5946,2.5946,5.1891,12.9729,14.0107,18.0997,2.5946,-2.5946,5.399998,6.976,2.132258,2,3,1,7,0E-8,-0.17889561,,0E-8,0.000000,0.916793,0.000000,,2026-04-30,2026-05-10,2,2,2,11,0.181818,,,0.000000,,,,,,,,GLOBAL_BASELINE_NO_ENTITY_RANKING,,,NOT_APPLICABLE_GLOBAL_BASELINE,HF9g-P5,,,,X 全窗基线 · 不参与实体赏罚,3929272,393,A168_HF9F_20260827_0900,2026-08-27 09:00:00
2026-04-30,148991057,919,0,212.7549167153,21.9241347094,21.9241347094,0.5555556,37,19,0.36849760100144898,0.287648521053,1.6451579438976427,2.5109735143775462,1.6451579438976427,0.08084907994844898,ELIGIBLE,R03b_20260811_FULL_v1,L1_ELIGIBILITY,v2026-08-11,2026-03-21..2026-08-06,baccarat_bet02_101_all_pairs_incl_sentinel,round_win = game_pnl > 0 (decisive only),COMPATIBILITY_ONLY_NOT_PRODUCTION,343.0024,314.4621,-61.3616,62,33,0.17889561,,0.17889561,0.17889561,61.3616,343.0024,OK,0.0000,-2.4545,4.0000,96.0000,AG03-UNRESOLVED,ALL5_LEVELS_bet23_to_bet27,-2.4545,-2.4545,-2.4545,-3.0681,-3.0681,4.000000,4.000000,4.000000,5.000000,5.000000,96.000000,96.000000,96.000000,95.000000,95.000000,5.0,-13.4996,-12.3659,-47.8621,-48.9957,PENDING_AG03,FALSE,NOT_FOR_ENFORCEMENT,-58.9072,301.8837,-61.3616,-58.9072,-2.4545,-0.17889561,-0.17173979,-2.4545,-58.9072,-0.17173979,-2.4545,-2.4545,-2.4545,-3.0681,-3.0681,-58.9072,-0.17173979,-13.4996,-12.3659,-47.8621,-48.9957,-0.13953858,-0.14284354,-0.00715582,5.5323,9.5292,-1.8594,-30.6808,-30.6808,171.5012,16.5000,,5.5323,2.5946,2.5946,5.1891,12.9729,14.0107,18.0997,2.5946,-2.5946,5.399998,6.976,2.132258,2,3,1,7,0E-8,-0.17889561,,0E-8,0.000000,0.916793,0.000000,,2026-04-30,2026-05-10,2,2,2,11,0.181818,,,0.000000,,,,,,,,GLOBAL_BASELINE_NO_ENTITY_RANKING,,,NOT_APPLICABLE_GLOBAL_BASELINE,HF9g-P5,,,,X 全窗基线 · 不参与实体赏罚,3929273,393,A168_HF9F_20260827_0900,2026-08-27 09:00:00
2026-05-10,148991057,1363,0,47.2212132224,5.7080587408,5.7080587408,0.3333333,10,6,0.22078308888888889,0.220783088889,0.6646759738522573,0.6646759738514812,0.6646759738522573,-1.1111E-13,ELIGIBLE,R03b_20260811_FULL_v1,L1_ELIGIBILITY,v2026-08-11,2026-03-21..2026-08-06,baccarat_bet02_101_all_pairs_incl_sentinel,round_win = game_pnl > 0 (decisive only),COMPATIBILITY_ONLY_NOT_PRODUCTION,343.0024,314.4621,-61.3616,62,33,0.17889561,,0.17889561,0.17889561,61.3616,343.0024,OK,0.0000,-2.4545,4.0000,96.0000,AG03-UNRESOLVED,ALL5_LEVELS_bet23_to_bet27,-2.4545,-2.4545,-2.4545,-3.0681,-3.0681,4.000000,4.000000,4.000000,5.000000,5.000000,96.000000,96.000000,96.000000,95.000000,95.000000,5.0,-13.4996,-12.3659,-47.8621,-48.9957,PENDING_AG03,FALSE,NOT_FOR_ENFORCEMENT,-58.9072,301.8837,-61.3616,-58.9072,-2.4545,-0.17889561,-0.17173979,-2.4545,-58.9072,-0.17173979,-2.4545,-2.4545,-2.4545,-3.0681,-3.0681,-58.9072,-0.17173979,-13.4996,-12.3659,-47.8621,-48.9957,-0.13953858,-0.14284354,-0.00715582,5.5323,9.5292,-1.8594,-30.6808,-30.6808,171.5012,16.5000,,5.5323,2.5946,2.5946,5.1891,12.9729,14.0107,18.0997,2.5946,-2.5946,5.399998,6.976,2.132258,2,3,1,7,0E-8,-0.17889561,,0E-8,0.000000,0.916793,0.000000,,2026-04-30,2026-05-10,2,2,2,11,0.181818,,,0.000000,,,,,,,,GLOBAL_BASELINE_NO_ENTITY_RANKING,,,NOT_APPLICABLE_GLOBAL_BASELINE,HF9g-P5,,,,X 全窗基线 · 不参与实体赏罚,3929274,393,A168_HF9F_20260827_0900,2026-08-27 09:00:00
2026-05-02,145206776,-1,1,80.4317368066,48.3887706917,48.3887706917,0.7857143,14,14,0.49611804285714286,0.496118042857,2.1672051613130705,2.1672051613141443,2.1672051613130705,1.4286E-13,SENTINEL_DEALER,R03b_20260811_FULL_v1,L1_ELIGIBILITY,v2026-08-11,2026-03-21..2026-08-06,baccarat_bet02_101_all_pairs_incl_sentinel,round_win = game_pnl > 0 (decisive only),COMPATIBILITY_ONLY_NOT_PRODUCTION,495.5633,495.5633,-61.3616,32,31,0.12382199,,0.12382199,0.12382199,61.3616,495.5633,OK,0.0000,-2.4545,4.0000,96.0000,AG03-UNRESOLVED,ALL5_LEVELS_bet23_to_bet27,-2.4545,-2.4545,-3.0681,-3.0681,-3.0681,4.000000,4.000000,5.000000,5.000000,5.000000,96.000000,96.000000,95.000000,95.000000,95.000000,5.0,-14.1132,-12.8763,-47.2485,-48.4853,PENDING_AG03,FALSE,NOT_FOR_ENFORCEMENT,-58.9072,475.7408,-61.3616,-58.9072,-2.4545,-0.12382199,-0.11886911,-2.4545,-58.9072,-0.11886911,-2.4545,-2.4545,-3.0681,-3.0681,-3.0681,-58.9072,-0.11886911,-14.1132,-12.8763,-47.2485,-48.4853,-0.09534293,-0.09783879,-0.00495288,15.4864,15.9859,-1.9794,-61.3616,-3.8351,495.5633,31.0000,,15.4864,5.1891,5.1891,19.4593,51.8914,51.8914,103.7829,5.1891,-0.1297,10.0,20.0,2.984375,16,9,2,3,0E-8,-0.12382199,,0E-8,0.000000,1.000000,0.000000,,2026-05-02,2026-05-02,1,16,16,1,1.000000,,,0.000000,,,,,,,,GLOBAL_BASELINE_NO_ENTITY_RANKING,,,NOT_APPLICABLE_GLOBAL_BASELINE,HF9g-P5,,,,X 全窗基线 · 不参与实体赏罚,3929275,393,A168_HF9F_20260827_0900,2026-08-27 09:00:00
2026-05-02,145206776,1302,0,5.1891443101,-5.1891443101,-5.1891443101,0E-7,1,1,0.50665070000000000,0.506650700000,-1.013391052207602,-1.013391052207602,-1.013391052207602,0E-17,ELIGIBLE,R03b_20260811_FULL_v1,L1_ELIGIBILITY,v2026-08-11,2026-03-21..2026-08-06,baccarat_bet02_101_all_pairs_incl_sentinel,round_win = game_pnl > 0 (decisive only),COMPATIBILITY_ONLY_NOT_PRODUCTION,495.5633,495.5633,-61.3616,32,31,0.12382199,,0.12382199,0.12382199,61.3616,495.5633,OK,0.0000,-2.4545,4.0000,96.0000,AG03-UNRESOLVED,ALL5_LEVELS_bet23_to_bet27,-2.4545,-2.4545,-3.0681,-3.0681,-3.0681,4.000000,4.000000,5.000000,5.000000,5.000000,96.000000,96.000000,95.000000,95.000000,95.000000,5.0,-14.1132,-12.8763,-47.2485,-48.4853,PENDING_AG03,FALSE,NOT_FOR_ENFORCEMENT,-58.9072,475.7408,-61.3616,-58.9072,-2.4545,-0.12382199,-0.11886911,-2.4545,-58.9072,-0.11886911,-2.4545,-2.4545,-3.0681,-3.0681,-3.0681,-58.9072,-0.11886911,-14.1132,-12.8763,-47.2485,-48.4853,-0.09534293,-0.09783879,-0.00495288,15.4864,15.9859,-1.9794,-61.3616,-3.8351,495.5633,31.0000,,15.4864,5.1891,5.1891,19.4593,51.8914,51.8914,103.7829,5.1891,-0.1297,10.0,20.0,2.984375,16,9,2,3,0E-8,-0.12382199,,0E-8,0.000000,1.000000,0.000000,,2026-05-02,2026-05-02,1,16,16,1,1.000000,,,0.000000,,,,,,,,GLOBAL_BASELINE_NO_ENTITY_RANKING,,,NOT_APPLICABLE_GLOBAL_BASELINE,HF9g-P5,,,,X 全窗基线 · 不参与实体赏罚,3929276,393,A168_HF9F_20260827_0900,2026-08-27 09:00:00
2026-05-02,145206776,1490,0,5.1891443101,-5.1891443101,-5.1891443101,0E-7,1,1,0.49324550000000000,0.493245500000,-0.9865810262130424,-0.9865810262130424,-0.9865810262130424,0E-17,ELIGIBLE,R03b_20260811_FULL_v1,L1_ELIGIBILITY,v2026-08-11,2026-03-21..2026-08-06,baccarat_bet02_101_all_pairs_incl_sentinel,round_win = game_pnl > 0 (decisive only),COMPATIBILITY_ONLY_NOT_PRODUCTION,495.5633,495.5633,-61.3616,32,31,0.12382199,,0.12382199,0.12382199,61.3616,495.5633,OK,0.0000,-2.4545,4.0000,96.0000,AG03-UNRESOLVED,ALL5_LEVELS_bet23_to_bet27,-2.4545,-2.4545,-3.0681,-3.0681,-3.0681,4.000000,4.000000,5.000000,5.000000,5.000000,96.000000,96.000000,95.000000,95.000000,95.000000,5.0,-14.1132,-12.8763,-47.2485,-48.4853,PENDING_AG03,FALSE,NOT_FOR_ENFORCEMENT,-58.9072,475.7408,-61.3616,-58.9072,-2.4545,-0.12382199,-0.11886911,-2.4545,-58.9072,-0.11886911,-2.4545,-2.4545,-3.0681,-3.0681,-3.0681,-58.9072,-0.11886911,-14.1132,-12.8763,-47.2485,-48.4853,-0.09534293,-0.09783879,-0.00495288,15.4864,15.9859,-1.9794,-61.3616,-3.8351,495.5633,31.0000,,15.4864,5.1891,5.1891,19.4593,51.8914,51.8914,103.7829,5.1891,-0.1297,10.0,20.0,2.984375,16,9,2,3,0E-8,-0.12382199,,0E-8,0.000000,1.000000,0.000000,,2026-05-02,2026-05-02,1,16,16,1,1.000000,,,0.000000,,,,,,,,GLOBAL_BASELINE_NO_ENTITY_RANKING,,,NOT_APPLICABLE_GLOBAL_BASELINE,HF9g-P5,,,,X 全窗基线 · 不参与实体赏罚,3929277,393,A168_HF9F_20260827_0900,2026-08-27 09:00:00
2026-05-02,145206776,1507,0,10.3782886202,-10.3782886202,-10.3782886202,0E-7,2,2,0.49324550000000000,0.493245500000,-1.3952362676504506,-1.3952362676504506,-1.3952362676504506,0E-17,ELIGIBLE,R03b_20260811_FULL_v1,L1_ELIGIBILITY,v2026-08-11,2026-03-21..2026-08-06,baccarat_bet02_101_all_pairs_incl_sentinel,round_win = game_pnl > 0 (decisive only),COMPATIBILITY_ONLY_NOT_PRODUCTION,495.5633,495.5633,-61.3616,32,31,0.12382199,,0.12382199,0.12382199,61.3616,495.5633,OK,0.0000,-2.4545,4.0000,96.0000,AG03-UNRESOLVED,ALL5_LEVELS_bet23_to_bet27,-2.4545,-2.4545,-3.0681,-3.0681,-3.0681,4.000000,4.000000,5.000000,5.000000,5.000000,96.000000,96.000000,95.000000,95.000000,95.000000,5.0,-14.1132,-12.8763,-47.2485,-48.4853,PENDING_AG03,FALSE,NOT_FOR_ENFORCEMENT,-58.9072,475.7408,-61.3616,-58.9072,-2.4545,-0.12382199,-0.11886911,-2.4545,-58.9072,-0.11886911,-2.4545,-2.4545,-3.0681,-3.0681,-3.0681,-58.9072,-0.11886911,-14.1132,-12.8763,-47.2485,-48.4853,-0.09534293,-0.09783879,-0.00495288,15.4864,15.9859,-1.9794,-61.3616,-3.8351,495.5633,31.0000,,15.4864,5.1891,5.1891,19.4593,51.8914,51.8914,103.7829,5.1891,-0.1297,10.0,20.0,2.984375,16,9,2,3,0E-8,-0.12382199,,0E-8,0.000000,1.000000,0.000000,,2026-05-02,2026-05-02,1,16,16,1,1.000000,,,0.000000,,,,,,,,GLOBAL_BASELINE_NO_ENTITY_RANKING,,,NOT_APPLICABLE_GLOBAL_BASELINE,HF9g-P5,,,,X 全窗基线 · 不参与实体赏罚,3929278,393,A168_HF9F_20260827_0900,2026-08-27 09:00:00
2026-05-02,145206776,2254,0,10.3782886202,-10.3782886202,-10.3782886202,0E-7,2,2,0.49994810000000000,0.499948100000,-1.4140667746232096,-1.4140667746232096,-1.4140667746232096,0E-17,ELIGIBLE,R03b_20260811_FULL_v1,L1_ELIGIBILITY,v2026-08-11,2026-03-21..2026-08-06,baccarat_bet02_101_all_pairs_incl_sentinel,round_win = game_pnl > 0 (decisive only),COMPATIBILITY_ONLY_NOT_PRODUCTION,495.5633,495.5633,-61.3616,32,31,0.12382199,,0.12382199,0.12382199,61.3616,495.5633,OK,0.0000,-2.4545,4.0000,96.0000,AG03-UNRESOLVED,ALL5_LEVELS_bet23_to_bet27,-2.4545,-2.4545,-3.0681,-3.0681,-3.0681,4.000000,4.000000,5.000000,5.000000,5.000000,96.000000,96.000000,95.000000,95.000000,95.000000,5.0,-14.1132,-12.8763,-47.2485,-48.4853,PENDING_AG03,FALSE,NOT_FOR_ENFORCEMENT,-58.9072,475.7408,-61.3616,-58.9072,-2.4545,-0.12382199,-0.11886911,-2.4545,-58.9072,-0.11886911,-2.4545,-2.4545,-3.0681,-3.0681,-3.0681,-58.9072,-0.11886911,-14.1132,-12.8763,-47.2485,-48.4853,-0.09534293,-0.09783879,-0.00495288,15.4864,15.9859,-1.9794,-61.3616,-3.8351,495.5633,31.0000,,15.4864,5.1891,5.1891,19.4593,51.8914,51.8914,103.7829,5.1891,-0.1297,10.0,20.0,2.984375,16,9,2,3,0E-8,-0.12382199,,0E-8,0.000000,1.000000,0.000000,,2026-05-02,2026-05-02,1,16,16,1,1.000000,,,0.000000,,,,,,,,GLOBAL_BASELINE_NO_ENTITY_RANKING,,,NOT_APPLICABLE_GLOBAL_BASELINE,HF9g-P5,,,,X 全窗基线 · 不参与实体赏罚,3929279,393,A168_HF9F_20260827_0900,2026-08-27 09:00:00
2026-05-02,145206776,2258,0,160.8634736131,-46.7022987909,-46.7022987909,0.4000000,5,5,0.49860758000000000,0.498607580000,-0.440988213962219,-0.440988213962219,-0.440988213962219,0E-17,ELIGIBLE,R03b_20260811_FULL_v1,L1_ELIGIBILITY,v2026-08-11,2026-03-21..2026-08-06,baccarat_bet02_101_all_pairs_incl_sentinel,round_win = game_pnl > 0 (decisive only),COMPATIBILITY_ONLY_NOT_PRODUCTION,495.5633,495.5633,-61.3616,32,31,0.12382199,,0.12382199,0.12382199,61.3616,495.5633,OK,0.0000,-2.4545,4.0000,96.0000,AG03-UNRESOLVED,ALL5_LEVELS_bet23_to_bet27,-2.4545,-2.4545,-3.0681,-3.0681,-3.0681,4.000000,4.000000,5.000000,5.000000,5.000000,96.000000,96.000000,95.000000,95.000000,95.000000,5.0,-14.1132,-12.8763,-47.2485,-48.4853,PENDING_AG03,FALSE,NOT_FOR_ENFORCEMENT,-58.9072,475.7408,-61.3616,-58.9072,-2.4545,-0.12382199,-0.11886911,-2.4545,-58.9072,-0.11886911,-2.4545,-2.4545,-3.0681,-3.0681,-3.0681,-58.9072,-0.11886911,-14.1132,-12.8763,-47.2485,-48.4853,-0.09534293,-0.09783879,-0.00495288,15.4864,15.9859,-1.9794,-61.3616,-3.8351,495.5633,31.0000,,15.4864,5.1891,5.1891,19.4593,51.8914,51.8914,103.7829,5.1891,-0.1297,10.0,20.0,2.984375,16,9,2,3,0E-8,-0.12382199,,0E-8,0.000000,1.000000,0.000000,,2026-05-02,2026-05-02,1,16,16,1,1.000000,,,0.000000,,,,,,,,GLOBAL_BASELINE_NO_ENTITY_RANKING,,,NOT_APPLICABLE_GLOBAL_BASELINE,HF9g-P5,,,,X 全窗基线 · 不参与实体赏罚,3929280,393,A168_HF9F_20260827_0900,2026-08-27 09:00:00
2026-05-02,145206776,2266,0,212.7549167142,90.8100254269,90.8100254269,0.5000000,5,4,0.49839406785714736,0.451793412500,0.006423761705490755,0.1937288555254134,0.006423761705490755,0.04660065535714736,ELIGIBLE,R03b_20260811_FULL_v1,L1_ELIGIBILITY,v2026-08-11,2026-03-21..2026-08-06,baccarat_bet02_101_all_pairs_incl_sentinel,round_win = game_pnl > 0 (decisive only),COMPATIBILITY_ONLY_NOT_PRODUCTION,495.5633,495.5633,-61.3616,32,31,0.12382199,,0.12382199,0.12382199,61.3616,495.5633,OK,0.0000,-2.4545,4.0000,96.0000,AG03-UNRESOLVED,ALL5_LEVELS_bet23_to_bet27,-2.4545,-2.4545,-3.0681,-3.0681,-3.0681,4.000000,4.000000,5.000000,5.000000,5.000000,96.000000,96.000000,95.000000,95.000000,95.000000,5.0,-14.1132,-12.8763,-47.2485,-48.4853,PENDING_AG03,FALSE,NOT_FOR_ENFORCEMENT,-58.9072,475.7408,-61.3616,-58.9072,-2.4545,-0.12382199,-0.11886911,-2.4545,-58.9072,-0.11886911,-2.4545,-2.4545,-3.0681,-3.0681,-3.0681,-58.9072,-0.11886911,-14.1132,-12.8763,-47.2485,-48.4853,-0.09534293,-0.09783879,-0.00495288,15.4864,15.9859,-1.9794,-61.3616,-3.8351,495.5633,31.0000,,15.4864,5.1891,5.1891,19.4593,51.8914,51.8914,103.7829,5.1891,-0.1297,10.0,20.0,2.984375,16,9,2,3,0E-8,-0.12382199,,0E-8,0.000000,1.000000,0.000000,,2026-05-02,2026-05-02,1,16,16,1,1.000000,,,0.000000,,,,,,,,GLOBAL_BASELINE_NO_ENTITY_RANKING,,,NOT_APPLICABLE_GLOBAL_BASELINE,HF9g-P5,,,,X 全窗基线 · 不参与实体赏罚,3929281,393,A168_HF9F_20260827_0900,2026-08-27 09:00:00
2026-05-02,145206776,471,0,5.1891443101,5.1891443101,5.1891443101,1.0000000,1,1,0.49324550000000000,0.493245500000,1.01360149184955,1.01360149184955,1.01360149184955,0E-17,ELIGIBLE,R03b_20260811_FULL_v1,L1_ELIGIBILITY,v2026-08-11,2026-03-21..2026-08-06,baccarat_bet02_101_all_pairs_incl_sentinel,round_win = game_pnl > 0 (decisive only),COMPATIBILITY_ONLY_NOT_PRODUCTION,495.5633,495.5633,-61.3616,32,31,0.12382199,,0.12382199,0.12382199,61.3616,495.5633,OK,0.0000,-2.4545,4.0000,96.0000,AG03-UNRESOLVED,ALL5_LEVELS_bet23_to_bet27,-2.4545,-2.4545,-3.0681,-3.0681,-3.0681,4.000000,4.000000,5.000000,5.000000,5.000000,96.000000,96.000000,95.000000,95.000000,95.000000,5.0,-14.1132,-12.8763,-47.2485,-48.4853,PENDING_AG03,FALSE,NOT_FOR_ENFORCEMENT,-58.9072,475.7408,-61.3616,-58.9072,-2.4545,-0.12382199,-0.11886911,-2.4545,-58.9072,-0.11886911,-2.4545,-2.4545,-3.0681,-3.0681,-3.0681,-58.9072,-0.11886911,-14.1132,-12.8763,-47.2485,-48.4853,-0.09534293,-0.09783879,-0.00495288,15.4864,15.9859,-1.9794,-61.3616,-3.8351,495.5633,31.0000,,15.4864,5.1891,5.1891,19.4593,51.8914,51.8914,103.7829,5.1891,-0.1297,10.0,20.0,2.984375,16,9,2,3,0E-8,-0.12382199,,0E-8,0.000000,1.000000,0.000000,,2026-05-02,2026-05-02,1,16,16,1,1.000000,,,0.000000,,,,,,,,GLOBAL_BASELINE_NO_ENTITY_RANKING,,,NOT_APPLICABLE_GLOBAL_BASELINE,HF9g-P5,,,,X 全窗基线 · 不参与实体赏罚,3929282,393,A168_HF9F_20260827_0900,2026-08-27 09:00:00
2026-05-02,145206776,752,0,5.1891443101,-5.1891443101,-5.1891443101,0E-7,1,1,0.50665070000000000,0.506650700000,-1.013391052207602,-1.013391052207602,-1.013391052207602,0E-17,ELIGIBLE,R03b_20260811_FULL_v1,L1_ELIGIBILITY,v2026-08-11,2026-03-21..2026-08-06,baccarat_bet02_101_all_pairs_incl_sentinel,round_win = game_pnl > 0 (decisive only),COMPATIBILITY_ONLY_NOT_PRODUCTION,495.5633,495.5633,-61.3616,32,31,0.12382199,,0.12382199,0.12382199,61.3616,495.5633,OK,0.0000,-2.4545,4.0000,96.0000,AG03-UNRESOLVED,ALL5_LEVELS_bet23_to_bet27,-2.4545,-2.4545,-3.0681,-3.0681,-3.0681,4.000000,4.000000,5.000000,5.000000,5.000000,96.000000,96.000000,95.000000,95.000000,95.000000,5.0,-14.1132,-12.8763,-47.2485,-48.4853,PENDING_AG03,FALSE,NOT_FOR_ENFORCEMENT,-58.9072,475.7408,-61.3616,-58.9072,-2.4545,-0.12382199,-0.11886911,-2.4545,-58.9072,-0.11886911,-2.4545,-2.4545,-3.0681,-3.0681,-3.0681,-58.9072,-0.11886911,-14.1132,-12.8763,-47.2485,-48.4853,-0.09534293,-0.09783879,-0.00495288,15.4864,15.9859,-1.9794,-61.3616,-3.8351,495.5633,31.0000,,15.4864,5.1891,5.1891,19.4593,51.8914,51.8914,103.7829,5.1891,-0.1297,10.0,20.0,2.984375,16,9,2,3,0E-8,-0.12382199,,0E-8,0.000000,1.000000,0.000000,,2026-05-02,2026-05-02,1,16,16,1,1.000000,,,0.000000,,,,,,,,GLOBAL_BASELINE_NO_ENTITY_RANKING,,,NOT_APPLICABLE_GLOBAL_BASELINE,HF9g-P5,,,,X 全窗基线 · 不参与实体赏罚,3929283,393,A168_HF9F_20260827_0900,2026-08-27 09:00:00
2026-05-01,149417468,2123,0,134.9177520633,26.4646359811,26.4646359811,0.5714286,20,8,0.39839557685938750,0.327549407917,0.9351153360356549,1.3748493644404784,0.9351153360356549,0.07084616894238750,ELIGIBLE,R03b_20260811_FULL_v1,L1_ELIGIBILITY,v2026-08-11,2026-03-21..2026-08-06,baccarat_bet02_101_all_pairs_incl_sentinel,round_win = game_pnl > 0 (decisive only),COMPATIBILITY_ONLY_NOT_PRODUCTION,817.2902,723.8856,-61.3616,94,27,0.07507937,,0.07507937,0.07507937,61.3616,817.2902,OK,0.0000,-2.4545,4.0000,96.0000,AG03-UNRESOLVED,ALL5_LEVELS_bet23_to_bet27,-2.4545,-2.4545,-2.4545,-3.0681,-3.0681,4.000000,4.000000,4.000000,5.000000,5.000000,96.000000,96.000000,96.000000,95.000000,95.000000,5.0,-13.4996,-12.3659,-47.8621,-48.9957,PENDING_AG03,FALSE,NOT_FOR_ENFORCEMENT,-58.9072,694.9302,-61.3616,-58.9072,-2.4545,-0.07507937,-0.07207619,-2.4545,-58.9072,-0.07207619,-2.4545,-2.4545,-2.4545,-3.0681,-3.0681,-58.9072,-0.07207619,-13.4996,-12.3659,-47.8621,-48.9957,-0.05856190,-0.05994894,-0.00300317,8.6946,26.8106,-2.2727,-61.3616,-30.6808,817.2902,27.0000,,8.6946,2.5946,2.5946,10.3783,25.9457,33.2105,47.0136,2.5946,-2.5946,12.799995,18.119995,3.351064,1,3,2,8,0E-8,-0.07507937,,0E-8,0.000000,0.885714,0.000000,,2026-05-01,2026-05-01,1,2,1,1,1.000000,,,0.000000,,,,,,,,GLOBAL_BASELINE_NO_ENTITY_RANKING,,,NOT_APPLICABLE_GLOBAL_BASELINE,HF9g-P5,,,,X 全窗基线 · 不参与实体赏罚,3929284,393,A168_HF9F_20260827_0900,2026-08-27 09:00:00
2026-05-01,149417468,2145,0,646.0484666106,71.2210056538,71.2210056538,0.6666667,69,18,0.40811148749825426,0.179501992500,2.2319277344850628,5.3856563589559014,2.2319277344850628,0.22860949499825426,ELIGIBLE,R03b_20260811_FULL_v1,L1_ELIGIBILITY,v2026-08-11,2026-03-21..2026-08-06,baccarat_bet02_101_all_pairs_incl_sentinel,round_win = game_pnl > 0 (decisive only),COMPATIBILITY_ONLY_NOT_PRODUCTION,817.2902,723.8856,-61.3616,94,27,0.07507937,,0.07507937,0.07507937,61.3616,817.2902,OK,0.0000,-2.4545,4.0000,96.0000,AG03-UNRESOLVED,ALL5_LEVELS_bet23_to_bet27,-2.4545,-2.4545,-2.4545,-3.0681,-3.0681,4.000000,4.000000,4.000000,5.000000,5.000000,96.000000,96.000000,96.000000,95.000000,95.000000,5.0,-13.4996,-12.3659,-47.8621,-48.9957,PENDING_AG03,FALSE,NOT_FOR_ENFORCEMENT,-58.9072,694.9302,-61.3616,-58.9072,-2.4545,-0.07507937,-0.07207619,-2.4545,-58.9072,-0.07207619,-2.4545,-2.4545,-2.4545,-3.0681,-3.0681,-58.9072,-0.07207619,-13.4996,-12.3659,-47.8621,-48.9957,-0.05856190,-0.05994894,-0.00300317,8.6946,26.8106,-2.2727,-61.3616,-30.6808,817.2902,27.0000,,8.6946,2.5946,2.5946,10.3783,25.9457,33.2105,47.0136,2.5946,-2.5946,12.799995,18.119995,3.351064,1,3,2,8,0E-8,-0.07507937,,0E-8,0.000000,0.885714,0.000000,,2026-05-01,2026-05-01,1,2,1,1,1.000000,,,0.000000,,,,,,,,GLOBAL_BASELINE_NO_ENTITY_RANKING,,,NOT_APPLICABLE_GLOBAL_BASELINE,HF9g-P5,,,,X 全窗基线 · 不参与实体赏罚,3929285,393,A168_HF9F_20260827_0900,2026-08-27 09:00:00
2026-05-01,149417468,2251,0,36.3240101709,-36.3240101709,-36.3240101709,0E-7,5,1,0.37158332142689675,0.152591400000,-0.7689608951867399,-0.4243445172374872,-0.7689608951867399,0.21899192142689675,ELIGIBLE,R03b_20260811_FULL_v1,L1_ELIGIBILITY,v2026-08-11,2026-03-21..2026-08-06,baccarat_bet02_101_all_pairs_incl_sentinel,round_win = game_pnl > 0 (decisive only),COMPATIBILITY_ONLY_NOT_PRODUCTION,817.2902,723.8856,-61.3616,94,27,0.07507937,,0.07507937,0.07507937,61.3616,817.2902,OK,0.0000,-2.4545,4.0000,96.0000,AG03-UNRESOLVED,ALL5_LEVELS_bet23_to_bet27,-2.4545,-2.4545,-2.4545,-3.0681,-3.0681,4.000000,4.000000,4.000000,5.000000,5.000000,96.000000,96.000000,96.000000,95.000000,95.000000,5.0,-13.4996,-12.3659,-47.8621,-48.9957,PENDING_AG03,FALSE,NOT_FOR_ENFORCEMENT,-58.9072,694.9302,-61.3616,-58.9072,-2.4545,-0.07507937,-0.07207619,-2.4545,-58.9072,-0.07207619,-2.4545,-2.4545,-2.4545,-3.0681,-3.0681,-58.9072,-0.07207619,-13.4996,-12.3659,-47.8621,-48.9957,-0.05856190,-0.05994894,-0.00300317,8.6946,26.8106,-2.2727,-61.3616,-30.6808,817.2902,27.0000,,8.6946,2.5946,2.5946,10.3783,25.9457,33.2105,47.0136,2.5946,-2.5946,12.799995,18.119995,3.351064,1,3,2,8,0E-8,-0.07507937,,0E-8,0.000000,0.885714,0.000000,,2026-05-01,2026-05-01,1,2,1,1,1.000000,,,0.000000,,,,,,,,GLOBAL_BASELINE_NO_ENTITY_RANKING,,,NOT_APPLICABLE_GLOBAL_BASELINE,HF9g-P5,,,,X 全窗基线 · 不参与实体赏罚,3929286,393,A168_HF9F_20260827_0900,2026-08-27 09:00:00
2026-06-07,151123097,1990,0,64.5911380959,61.3615811910,61.3615811910,1.0000000,2,2,0.50665070000000000,0.506650700000,1.3955260008387969,1.3955260008387969,1.3955260008387969,0E-17,ELIGIBLE,R03b_20260811_FULL_v1,L1_ELIGIBILITY,v2026-08-11,2026-03-21..2026-08-06,baccarat_bet02_101_all_pairs_incl_sentinel,round_win = game_pnl > 0 (decisive only),COMPATIBILITY_ONLY_NOT_PRODUCTION,64.5911,64.5911,-61.3616,2,2,0.95000000,,0.95000000,0.95000000,61.3616,64.5911,THIN_EXPOSURE,0.0000,-2.4545,4.0000,96.0000,AG03-UNRESOLVED,ALL5_LEVELS_bet23_to_bet27,-2.4545,-3.0681,-3.0681,-3.0681,-3.0681,4.000000,5.000000,5.000000,5.000000,5.000000,96.000000,95.000000,95.000000,95.000000,95.000000,5.0,-14.7268,-13.3814,-46.6348,-47.9802,PENDING_AG03,FALSE,NOT_FOR_ENFORCEMENT,-58.9071,62.0075,-61.3616,-58.9071,-2.4545,-0.95000000,-0.91200000,-2.4545,-58.9071,-0.91200000,-2.4545,-3.0681,-3.0681,-3.0681,-3.0681,-58.9071,-0.91200000,-14.7268,-13.3814,-46.6348,-47.9802,-0.72200000,-0.7428297,-0.03800000,32.2956,32.2956,-30.6808,-61.3616,-61.3616,64.5911,2.0000,,32.2956,21.5304,32.2956,43.0608,43.0608,43.0608,43.0608,32.2956,30.6808,1.333333,1.333333,1.0,1,1,1,1,0E-8,-0.95000000,,0E-8,0.000000,1.000000,0.000000,,2026-06-07,2026-06-07,1,1,1,1,1.000000,,,0.000000,,,,,,,,GLOBAL_BASELINE_NO_ENTITY_RANKING,,,NOT_APPLICABLE_GLOBAL_BASELINE,HF9g-P5,,,,X 全窗基线 · 不参与实体赏罚,3929287,393,A168_HF9F_20260827_0900,2026-08-27 09:00:00
2026-06-21,144065409,2205,0,129.1822761918,61.3615811911,61.3615811911,1.0000000,2,2,0.50665070000000000,0.506650700000,0.9867858985152569,0.9867858985152569,0.9867858985152569,0E-17,ELIGIBLE,R03b_20260811_FULL_v1,L1_ELIGIBILITY,v2026-08-11,2026-03-21..2026-08-06,baccarat_bet02_101_all_pairs_incl_sentinel,round_win = game_pnl > 0 (decisive only),COMPATIBILITY_ONLY_NOT_PRODUCTION,129.1823,64.5911,-61.3616,2,2,0.47500000,,0.47500000,0.47500000,61.3616,129.1823,THIN_EXPOSURE,0.0000,-2.4545,4.0000,96.0000,AG03-UNRESOLVED,ALL5_LEVELS_bet23_to_bet27,-2.4545,-2.4545,-2.4545,-2.4545,-2.4545,4.000000,4.000000,4.000000,4.000000,4.000000,96.000000,96.000000,96.000000,96.000000,96.000000,5.0,-12.2723,-11.329,-49.0893,-50.0326,PENDING_AG03,FALSE,NOT_FOR_ENFORCEMENT,-58.9071,62.0075,-61.3616,-58.9071,-2.4545,-0.47500000,-0.45600000,-2.4545,-58.9071,-0.45600000,-2.4545,-2.4545,-2.4545,-2.4545,-2.4545,-58.9071,-0.45600000,-12.2723,-11.329,-49.0893,-50.0326,-0.38000000,-0.38730203,-0.01900000,64.5911,32.2956,-30.6808,-61.3616,-61.3616,129.1823,2.0000,,64.5911,64.5911,64.5911,64.5911,64.5911,64.5911,64.5911,32.2956,30.6808,1.0,1.0,1.0,1,1,1,1,0E-8,-0.47500000,,0E-8,0.000000,0.500000,0.000000,,2026-06-21,2026-06-21,1,1,1,1,1.000000,,,0.000000,,,,,,,,GLOBAL_BASELINE_NO_ENTITY_RANKING,,,NOT_APPLICABLE_GLOBAL_BASELINE,HF9g-P5,,,,X 全窗基线 · 不参与实体赏罚,3929288,393,A168_HF9F_20260827_0900,2026-08-27 09:00:00
2026-04-21,148961231,1331,0,19.1084469806,19.1084469806,19.1084469806,1.0000000,1,1,0.49324550000000000,0.493245500000,1.01360149184955,1.01360149184955,1.01360149184955,0E-17,ELIGIBLE,R03b_20260811_FULL_v1,L1_ELIGIBILITY,v2026-08-11,2026-03-21..2026-08-06,baccarat_bet02_101_all_pairs_incl_sentinel,round_win = game_pnl > 0 (decisive only),COMPATIBILITY_ONLY_NOT_PRODUCTION,60.7282,60.7282,-60.7282,3,3,1.00000000,,1.00000000,1.00000000,60.7282,60.7282,THIN_EXPOSURE,0.0000,-1.8218,3.0000,97.0000,AG03-UNRESOLVED,ALL5_LEVELS_bet23_to_bet27,-1.8218,-1.8218,-1.8218,-2.4291,-2.4291,3.000000,3.000000,3.000000,4.000000,4.000000,97.000000,97.000000,97.000000,96.000000,96.000000,5.0,-10.3238,-9.6485,-50.4044,-51.0797,PENDING_AG03,FALSE,NOT_FOR_ENFORCEMENT,-58.9064,58.9064,-60.7282,-58.9064,-1.8218,-1.00000000,-0.97000000,-1.8218,-58.9064,-0.97000000,-1.8218,-1.8218,-1.8218,-2.4291,-2.4291,-58.9064,-0.97000000,-10.3238,-9.6485,-50.4044,-51.0797,-0.83000000,-0.84111944,-0.03000000,20.2427,20.2427,-20.2427,-60.7282,-20.2427,60.7282,3.0000,,20.2427,16.5563,19.1084,24.2128,25.9142,25.9142,25.9142,19.1084,19.1084,1.356164,1.356164,1.059361,2,3,1,1,0E-8,-1.00000000,,0E-8,0.000000,1.000000,0.000000,,2026-04-21,2026-04-21,1,3,2,1,1.000000,,,0.000000,,,,,,,,GLOBAL_BASELINE_NO_ENTITY_RANKING,,,NOT_APPLICABLE_GLOBAL_BASELINE,HF9g-P5,,,,X 全窗基线 · 不参与实体赏罚,3929289,393,A168_HF9F_20260827_0900,2026-08-27 09:00:00
2026-04-21,148961231,2235,0,15.7055728608,15.7055728608,15.7055728608,1.0000000,1,1,0.49324550000000000,0.493245500000,1.01360149184955,1.01360149184955,1.01360149184955,0E-17,ELIGIBLE,R03b_20260811_FULL_v1,L1_ELIGIBILITY,v2026-08-11,2026-03-21..2026-08-06,baccarat_bet02_101_all_pairs_incl_sentinel,round_win = game_pnl > 0 (decisive only),COMPATIBILITY_ONLY_NOT_PRODUCTION,60.7282,60.7282,-60.7282,3,3,1.00000000,,1.00000000,1.00000000,60.7282,60.7282,THIN_EXPOSURE,0.0000,-1.8218,3.0000,97.0000,AG03-UNRESOLVED,ALL5_LEVELS_bet23_to_bet27,-1.8218,-1.8218,-1.8218,-2.4291,-2.4291,3.000000,3.000000,3.000000,4.000000,4.000000,97.000000,97.000000,97.000000,96.000000,96.000000,5.0,-10.3238,-9.6485,-50.4044,-51.0797,PENDING_AG03,FALSE,NOT_FOR_ENFORCEMENT,-58.9064,58.9064,-60.7282,-58.9064,-1.8218,-1.00000000,-0.97000000,-1.8218,-58.9064,-0.97000000,-1.8218,-1.8218,-1.8218,-2.4291,-2.4291,-58.9064,-0.97000000,-10.3238,-9.6485,-50.4044,-51.0797,-0.83000000,-0.84111944,-0.03000000,20.2427,20.2427,-20.2427,-60.7282,-20.2427,60.7282,3.0000,,20.2427,16.5563,19.1084,24.2128,25.9142,25.9142,25.9142,19.1084,19.1084,1.356164,1.356164,1.059361,2,3,1,1,0E-8,-1.00000000,,0E-8,0.000000,1.000000,0.000000,,2026-04-21,2026-04-21,1,3,2,1,1.000000,,,0.000000,,,,,,,,GLOBAL_BASELINE_NO_ENTITY_RANKING,,,NOT_APPLICABLE_GLOBAL_BASELINE,HF9g-P5,,,,X 全窗基线 · 不参与实体赏罚,3929290,393,A168_HF9F_20260827_0900,2026-08-27 09:00:00
2026-04-21,148961231,2246,0,25.9141952203,25.9141952203,25.9141952203,1.0000000,1,1,0.49324550000000000,0.493245500000,1.01360149184955,1.01360149184955,1.01360149184955,0E-17,ELIGIBLE,R03b_20260811_FULL_v1,L1_ELIGIBILITY,v2026-08-11,2026-03-21..2026-08-06,baccarat_bet02_101_all_pairs_incl_sentinel,round_win = game_pnl > 0 (decisive only),COMPATIBILITY_ONLY_NOT_PRODUCTION,60.7282,60.7282,-60.7282,3,3,1.00000000,,1.00000000,1.00000000,60.7282,60.7282,THIN_EXPOSURE,0.0000,-1.8218,3.0000,97.0000,AG03-UNRESOLVED,ALL5_LEVELS_bet23_to_bet27,-1.8218,-1.8218,-1.8218,-2.4291,-2.4291,3.000000,3.000000,3.000000,4.000000,4.000000,97.000000,97.000000,97.000000,96.000000,96.000000,5.0,-10.3238,-9.6485,-50.4044,-51.0797,PENDING_AG03,FALSE,NOT_FOR_ENFORCEMENT,-58.9064,58.9064,-60.7282,-58.9064,-1.8218,-1.00000000,-0.97000000,-1.8218,-58.9064,-0.97000000,-1.8218,-1.8218,-1.8218,-2.4291,-2.4291,-58.9064,-0.97000000,-10.3238,-9.6485,-50.4044,-51.0797,-0.83000000,-0.84111944,-0.03000000,20.2427,20.2427,-20.2427,-60.7282,-20.2427,60.7282,3.0000,,20.2427,16.5563,19.1084,24.2128,25.9142,25.9142,25.9142,19.1084,19.1084,1.356164,1.356164,1.059361,2,3,1,1,0E-8,-1.00000000,,0E-8,0.000000,1.000000,0.000000,,2026-04-21,2026-04-21,1,3,2,1,1.000000,,,0.000000,,,,,,,,GLOBAL_BASELINE_NO_ENTITY_RANKING,,,NOT_APPLICABLE_GLOBAL_BASELINE,HF9g-P5,,,,X 全窗基线 · 不参与实体赏罚,3929291,393,A168_HF9F_20260827_0900,2026-08-27 09:00:00
2026-04-27,149239355,1291,0,23.5583592912,-2.6175954768,-2.6175954768,0.5000000,2,2,0.49324550000000000,0.493245500000,0.01910635448239258,0.01910635448239258,0.01910635448239258,0E-17,ELIGIBLE,R03b_20260811_FULL_v1,L1_ELIGIBILITY,v2026-08-11,2026-03-21..2026-08-06,baccarat_bet02_101_all_pairs_incl_sentinel,round_win = game_pnl > 0 (decisive only),COMPATIBILITY_ONLY_NOT_PRODUCTION,171.4525,158.3645,-60.7282,13,13,0.35419847,,0.35419847,0.35419847,60.7282,171.4525,THIN_EXPOSURE,0.0000,-1.8218,3.0000,97.0000,AG03-UNRESOLVED,ALL5_LEVELS_bet23_to_bet27,-1.8218,-1.8218,-1.8218,-2.4291,-2.4291,3.000000,3.000000,3.000000,4.000000,4.000000,97.000000,97.000000,97.000000,96.000000,96.000000,5.0,-10.3238,-9.6485,-50.4044,-51.0797,PENDING_AG03,FALSE,NOT_FOR_ENFORCEMENT,-58.9064,153.6136,-60.7282,-58.9064,-1.8218,-0.35419847,-0.34357252,-1.8218,-58.9064,-0.34357252,-1.8218,-1.8218,-1.8218,-2.4291,-2.4291,-58.9064,-0.34357252,-10.3238,-9.6485,-50.4044,-51.0797,-0.29398473,-0.29792322,-0.01062595,13.1887,12.1819,-4.6714,-60.7282,-8.6755,171.4525,13.0000,,13.1887,9.816,13.088,13.7424,23.4537,25.6655,26.176,13.088,7.8528,1.961,2.0,1.007692,7,7,1,2,0E-8,-0.35419847,,0E-8,0.000000,0.923664,0.000000,,2026-04-27,2026-04-27,1,7,7,1,1.000000,,,0.000000,,,,,,,,GLOBAL_BASELINE_NO_ENTITY_RANKING,,,NOT_APPLICABLE_GLOBAL_BASELINE,HF9g-P5,,,,X 全窗基线 · 不参与实体赏罚,3929292,393,A168_HF9F_20260827_0900,2026-08-27 09:00:00
2026-04-27,149239355,1384,0,26.1759547680,26.1759547680,26.1759547680,1.0000000,2,2,0.49324550000000000,0.493245500000,1.4334489766152358,1.4334489766152358,1.4334489766152358,0E-17,ELIGIBLE,R03b_20260811_FULL_v1,L1_ELIGIBILITY,v2026-08-11,2026-03-21..2026-08-06,baccarat_bet02_101_all_pairs_incl_sentinel,round_win = game_pnl > 0 (decisive only),COMPATIBILITY_ONLY_NOT_PRODUCTION,171.4525,158.3645,-60.7282,13,13,0.35419847,,0.35419847,0.35419847,60.7282,171.4525,THIN_EXPOSURE,0.0000,-1.8218,3.0000,97.0000,AG03-UNRESOLVED,ALL5_LEVELS_bet23_to_bet27,-1.8218,-1.8218,-1.8218,-2.4291,-2.4291,3.000000,3.000000,3.000000,4.000000,4.000000,97.000000,97.000000,97.000000,96.000000,96.000000,5.0,-10.3238,-9.6485,-50.4044,-51.0797,PENDING_AG03,FALSE,NOT_FOR_ENFORCEMENT,-58.9064,153.6136,-60.7282,-58.9064,-1.8218,-0.35419847,-0.34357252,-1.8218,-58.9064,-0.34357252,-1.8218,-1.8218,-1.8218,-2.4291,-2.4291,-58.9064,-0.34357252,-10.3238,-9.6485,-50.4044,-51.0797,-0.29398473,-0.29792322,-0.01062595,13.1887,12.1819,-4.6714,-60.7282,-8.6755,171.4525,13.0000,,13.1887,9.816,13.088,13.7424,23.4537,25.6655,26.176,13.088,7.8528,1.961,2.0,1.007692,7,7,1,2,0E-8,-0.35419847,,0E-8,0.000000,0.923664,0.000000,,2026-04-27,2026-04-27,1,7,7,1,1.000000,,,0.000000,,,,,,,,GLOBAL_BASELINE_NO_ENTITY_RANKING,,,NOT_APPLICABLE_GLOBAL_BASELINE,HF9g-P5,,,,X 全窗基线 · 不参与实体赏罚,3929293,393,A168_HF9F_20260827_0900,2026-08-27 09:00:00
2026-04-27,149239355,1710,0,31.4111457216,31.4111457216,31.4111457216,1.0000000,2,2,0.49324550000000000,0.493245500000,1.4334489766152358,1.4334489766152358,1.4334489766152358,0E-17,ELIGIBLE,R03b_20260811_FULL_v1,L1_ELIGIBILITY,v2026-08-11,2026-03-21..2026-08-06,baccarat_bet02_101_all_pairs_incl_sentinel,round_win = game_pnl > 0 (decisive only),COMPATIBILITY_ONLY_NOT_PRODUCTION,171.4525,158.3645,-60.7282,13,13,0.35419847,,0.35419847,0.35419847,60.7282,171.4525,THIN_EXPOSURE,0.0000,-1.8218,3.0000,97.0000,AG03-UNRESOLVED,ALL5_LEVELS_bet23_to_bet27,-1.8218,-1.8218,-1.8218,-2.4291,-2.4291,3.000000,3.000000,3.000000,4.000000,4.000000,97.000000,97.000000,97.000000,96.000000,96.000000,5.0,-10.3238,-9.6485,-50.4044,-51.0797,PENDING_AG03,FALSE,NOT_FOR_ENFORCEMENT,-58.9064,153.6136,-60.7282,-58.9064,-1.8218,-0.35419847,-0.34357252,-1.8218,-58.9064,-0.34357252,-1.8218,-1.8218,-1.8218,-2.4291,-2.4291,-58.9064,-0.34357252,-10.3238,-9.6485,-50.4044,-51.0797,-0.29398473,-0.29792322,-0.01062595,13.1887,12.1819,-4.6714,-60.7282,-8.6755,171.4525,13.0000,,13.1887,9.816,13.088,13.7424,23.4537,25.6655,26.176,13.088,7.8528,1.961,2.0,1.007692,7,7,1,2,0E-8,-0.35419847,,0E-8,0.000000,0.923664,0.000000,,2026-04-27,2026-04-27,1,7,7,1,1.000000,,,0.000000,,,,,,,,GLOBAL_BASELINE_NO_ENTITY_RANKING,,,NOT_APPLICABLE_GLOBAL_BASELINE,HF9g-P5,,,,X 全窗基线 · 不参与实体赏罚,3929294,393,A168_HF9F_20260827_0900,2026-08-27 09:00:00
2026-04-27,149239355,1941,0,28.7935502448,28.0082716017,28.0082716017,1.0000000,3,3,0.49771390000000000,0.497713900000,1.739988277604938,1.739988277604938,1.739988277604938,0E-17,ELIGIBLE,R03b_20260811_FULL_v1,L1_ELIGIBILITY,v2026-08-11,2026-03-21..2026-08-06,baccarat_bet02_101_all_pairs_incl_sentinel,round_win = game_pnl > 0 (decisive only),COMPATIBILITY_ONLY_NOT_PRODUCTION,171.4525,158.3645,-60.7282,13,13,0.35419847,,0.35419847,0.35419847,60.7282,171.4525,THIN_EXPOSURE,0.0000,-1.8218,3.0000,97.0000,AG03-UNRESOLVED,ALL5_LEVELS_bet23_to_bet27,-1.8218,-1.8218,-1.8218,-2.4291,-2.4291,3.000000,3.000000,3.000000,4.000000,4.000000,97.000000,97.000000,97.000000,96.000000,96.000000,5.0,-10.3238,-9.6485,-50.4044,-51.0797,PENDING_AG03,FALSE,NOT_FOR_ENFORCEMENT,-58.9064,153.6136,-60.7282,-58.9064,-1.8218,-0.35419847,-0.34357252,-1.8218,-58.9064,-0.34357252,-1.8218,-1.8218,-1.8218,-2.4291,-2.4291,-58.9064,-0.34357252,-10.3238,-9.6485,-50.4044,-51.0797,-0.29398473,-0.29792322,-0.01062595,13.1887,12.1819,-4.6714,-60.7282,-8.6755,171.4525,13.0000,,13.1887,9.816,13.088,13.7424,23.4537,25.6655,26.176,13.088,7.8528,1.961,2.0,1.007692,7,7,1,2,0E-8,-0.35419847,,0E-8,0.000000,0.923664,0.000000,,2026-04-27,2026-04-27,1,7,7,1,1.000000,,,0.000000,,,,,,,,GLOBAL_BASELINE_NO_ENTITY_RANKING,,,NOT_APPLICABLE_GLOBAL_BASELINE,HF9g-P5,,,,X 全窗基线 · 不参与实体赏罚,3929295,393,A168_HF9F_20260827_0900,2026-08-27 09:00:00
2026-04-27,149239355,1951,0,22.7730806481,-22.7730806481,-22.7730806481,0E-7,1,1,0.50665070000000000,0.506650700000,-1.013391052207602,-1.013391052207602,-1.013391052207602,0E-17,ELIGIBLE,R03b_20260811_FULL_v1,L1_ELIGIBILITY,v2026-08-11,2026-03-21..2026-08-06,baccarat_bet02_101_all_pairs_incl_sentinel,round_win = game_pnl > 0 (decisive only),COMPATIBILITY_ONLY_NOT_PRODUCTION,171.4525,158.3645,-60.7282,13,13,0.35419847,,0.35419847,0.35419847,60.7282,171.4525,THIN_EXPOSURE,0.0000,-1.8218,3.0000,97.0000,AG03-UNRESOLVED,ALL5_LEVELS_bet23_to_bet27,-1.8218,-1.8218,-1.8218,-2.4291,-2.4291,3.000000,3.000000,3.000000,4.000000,4.000000,97.000000,97.000000,97.000000,96.000000,96.000000,5.0,-10.3238,-9.6485,-50.4044,-51.0797,PENDING_AG03,FALSE,NOT_FOR_ENFORCEMENT,-58.9064,153.6136,-60.7282,-58.9064,-1.8218,-0.35419847,-0.34357252,-1.8218,-58.9064,-0.34357252,-1.8218,-1.8218,-1.8218,-2.4291,-2.4291,-58.9064,-0.34357252,-10.3238,-9.6485,-50.4044,-51.0797,-0.29398473,-0.29792322,-0.01062595,13.1887,12.1819,-4.6714,-60.7282,-8.6755,171.4525,13.0000,,13.1887,9.816,13.088,13.7424,23.4537,25.6655,26.176,13.088,7.8528,1.961,2.0,1.007692,7,7,1,2,0E-8,-0.35419847,,0E-8,0.000000,0.923664,0.000000,,2026-04-27,2026-04-27,1,7,7,1,1.000000,,,0.000000,,,,,,,,GLOBAL_BASELINE_NO_ENTITY_RANKING,,,NOT_APPLICABLE_GLOBAL_BASELINE,HF9g-P5,,,,X 全窗基线 · 不参与实体赏罚,3929296,393,A168_HF9F_20260827_0900,2026-08-27 09:00:00
2026-04-27,149239355,2169,0,13.0879773840,13.0879773840,13.0879773840,1.0000000,1,1,0.49324550000000000,0.493245500000,1.01360149184955,1.01360149184955,1.01360149184955,0E-17,ELIGIBLE,R03b_20260811_FULL_v1,L1_ELIGIBILITY,v2026-08-11,2026-03-21..2026-08-06,baccarat_bet02_101_all_pairs_incl_sentinel,round_win = game_pnl > 0 (decisive only),COMPATIBILITY_ONLY_NOT_PRODUCTION,171.4525,158.3645,-60.7282,13,13,0.35419847,,0.35419847,0.35419847,60.7282,171.4525,THIN_EXPOSURE,0.0000,-1.8218,3.0000,97.0000,AG03-UNRESOLVED,ALL5_LEVELS_bet23_to_bet27,-1.8218,-1.8218,-1.8218,-2.4291,-2.4291,3.000000,3.000000,3.000000,4.000000,4.000000,97.000000,97.000000,97.000000,96.000000,96.000000,5.0,-10.3238,-9.6485,-50.4044,-51.0797,PENDING_AG03,FALSE,NOT_FOR_ENFORCEMENT,-58.9064,153.6136,-60.7282,-58.9064,-1.8218,-0.35419847,-0.34357252,-1.8218,-58.9064,-0.34357252,-1.8218,-1.8218,-1.8218,-2.4291,-2.4291,-58.9064,-0.34357252,-10.3238,-9.6485,-50.4044,-51.0797,-0.29398473,-0.29792322,-0.01062595,13.1887,12.1819,-4.6714,-60.7282,-8.6755,171.4525,13.0000,,13.1887,9.816,13.088,13.7424,23.4537,25.6655,26.176,13.088,7.8528,1.961,2.0,1.007692,7,7,1,2,0E-8,-0.35419847,,0E-8,0.000000,0.923664,0.000000,,2026-04-27,2026-04-27,1,7,7,1,1.000000,,,0.000000,,,,,,,,GLOBAL_BASELINE_NO_ENTITY_RANKING,,,NOT_APPLICABLE_GLOBAL_BASELINE,HF9g-P5,,,,X 全窗基线 · 不参与实体赏罚,3929297,393,A168_HF9F_20260827_0900,2026-08-27 09:00:00
2026-04-27,149239355,2177,0,25.6524356726,-12.5644582886,-12.5644582886,0E-7,2,2,0.49994810000000000,0.499948100000,-0.9998962053866608,-0.9998962053866608,-0.9998962053866608,0E-17,ELIGIBLE,R03b_20260811_FULL_v1,L1_ELIGIBILITY,v2026-08-11,2026-03-21..2026-08-06,baccarat_bet02_101_all_pairs_incl_sentinel,round_win = game_pnl > 0 (decisive only),COMPATIBILITY_ONLY_NOT_PRODUCTION,171.4525,158.3645,-60.7282,13,13,0.35419847,,0.35419847,0.35419847,60.7282,171.4525,THIN_EXPOSURE,0.0000,-1.8218,3.0000,97.0000,AG03-UNRESOLVED,ALL5_LEVELS_bet23_to_bet27,-1.8218,-1.8218,-1.8218,-2.4291,-2.4291,3.000000,3.000000,3.000000,4.000000,4.000000,97.000000,97.000000,97.000000,96.000000,96.000000,5.0,-10.3238,-9.6485,-50.4044,-51.0797,PENDING_AG03,FALSE,NOT_FOR_ENFORCEMENT,-58.9064,153.6136,-60.7282,-58.9064,-1.8218,-0.35419847,-0.34357252,-1.8218,-58.9064,-0.34357252,-1.8218,-1.8218,-1.8218,-2.4291,-2.4291,-58.9064,-0.34357252,-10.3238,-9.6485,-50.4044,-51.0797,-0.29398473,-0.29792322,-0.01062595,13.1887,12.1819,-4.6714,-60.7282,-8.6755,171.4525,13.0000,,13.1887,9.816,13.088,13.7424,23.4537,25.6655,26.176,13.088,7.8528,1.961,2.0,1.007692,7,7,1,2,0E-8,-0.35419847,,0E-8,0.000000,0.923664,0.000000,,2026-04-27,2026-04-27,1,7,7,1,1.000000,,,0.000000,,,,,,,,GLOBAL_BASELINE_NO_ENTITY_RANKING,,,NOT_APPLICABLE_GLOBAL_BASELINE,HF9g-P5,,,,X 全窗基线 · 不参与实体赏罚,3929298,393,A168_HF9F_20260827_0900,2026-08-27 09:00:00
2026-04-06,148296243,-1,1,181.3083718090,6.3247106444,6.3247106444,0.5000000,9,9,0.49920336666666667,0.499203366667,0.004506444376759088,0.004506444374873482,0.004506444376759088,-3.3333E-13,SENTINEL_DEALER,R03b_20260811_FULL_v1,L1_ELIGIBILITY,v2026-08-11,2026-03-21..2026-08-06,baccarat_bet02_101_all_pairs_incl_sentinel,round_win = game_pnl > 0 (decisive only),COMPATIBILITY_ONLY_NOT_PRODUCTION,1657.2850,1495.7941,-61.3602,181,180,0.03702455,,0.03702455,0.03702455,61.3602,1657.2850,OK,0.0000,-2.4544,4.0000,96.0000,AG03-UNRESOLVED,ALL5_LEVELS_bet23_to_bet27,-2.4544,-2.4544,-2.4544,-2.4544,-2.4544,4.000000,4.000000,4.000000,4.000000,4.000000,96.000000,96.000000,96.000000,96.000000,96.000000,5.0,-12.2720,-11.3288,-49.0882,-50.0315,PENDING_AG03,FALSE,NOT_FOR_ENFORCEMENT,-58.9058,1435.9623,-61.3602,-58.9058,-2.4544,-0.03702455,-0.03554357,-2.4544,-58.9058,-0.03554357,-2.4544,-2.4544,-2.4544,-2.4544,-2.4544,-58.9058,-0.03554357,-12.2720,-11.3288,-49.0882,-50.0315,-0.02961964,-0.03018881,-0.00148098,9.1563,8.3100,-0.3409,-12.2720,-1.0957,331.4570,36.0000,,9.1563,2.1082,4.2165,16.8659,21.0824,21.0824,25.2988,4.2165,0.0,5.0,6.0,2.171547,27,40,2,2,0E-8,-0.03702455,,0E-8,0.000000,0.902557,0.000000,,2026-04-06,2026-04-10,5,56,52,5,1.000000,,,0.000000,,,,,,,,GLOBAL_BASELINE_NO_ENTITY_RANKING,,,NOT_APPLICABLE_GLOBAL_BASELINE,HF9g-P5,,,,X 全窗基线 · 不参与实体赏罚,3929299,393,A168_HF9F_20260827_0900,2026-08-27 09:00:00
2026-04-06,148296243,1318,0,25.2988425780,-0.6324710645,-0.6324710645,0.5000000,2,2,0.50665070000000000,0.506650700000,-0.018812684590367487,-0.018812684590367487,-0.018812684590367487,0E-17,ELIGIBLE,R03b_20260811_FULL_v1,L1_ELIGIBILITY,v2026-08-11,2026-03-21..2026-08-06,baccarat_bet02_101_all_pairs_incl_sentinel,round_win = game_pnl > 0 (decisive only),COMPATIBILITY_ONLY_NOT_PRODUCTION,1657.2850,1495.7941,-61.3602,181,180,0.03702455,,0.03702455,0.03702455,61.3602,1657.2850,OK,0.0000,-2.4544,4.0000,96.0000,AG03-UNRESOLVED,ALL5_LEVELS_bet23_to_bet27,-2.4544,-2.4544,-2.4544,-2.4544,-2.4544,4.000000,4.000000,4.000000,4.000000,4.000000,96.000000,96.000000,96.000000,96.000000,96.000000,5.0,-12.2720,-11.3288,-49.0882,-50.0315,PENDING_AG03,FALSE,NOT_FOR_ENFORCEMENT,-58.9058,1435.9623,-61.3602,-58.9058,-2.4544,-0.03702455,-0.03554357,-2.4544,-58.9058,-0.03554357,-2.4544,-2.4544,-2.4544,-2.4544,-2.4544,-58.9058,-0.03554357,-12.2720,-11.3288,-49.0882,-50.0315,-0.02961964,-0.03018881,-0.00148098,9.1563,8.3100,-0.3409,-12.2720,-1.0957,331.4570,36.0000,,9.1563,2.1082,4.2165,16.8659,21.0824,21.0824,25.2988,4.2165,0.0,5.0,6.0,2.171547,27,40,2,2,0E-8,-0.03702455,,0E-8,0.000000,0.902557,0.000000,,2026-04-06,2026-04-10,5,56,52,5,1.000000,,,0.000000,,,,,,,,GLOBAL_BASELINE_NO_ENTITY_RANKING,,,NOT_APPLICABLE_GLOBAL_BASELINE,HF9g-P5,,,,X 全窗基线 · 不参与实体赏罚,3929300,393,A168_HF9F_20260827_0900,2026-08-27 09:00:00
2026-04-06,148296243,1703,0,16.8658950520,16.8658950520,16.8658950520,1.0000000,2,2,0.49324550000000000,0.493245500000,1.4334489766152358,1.4334489766152358,1.4334489766152358,0E-17,ELIGIBLE,R03b_20260811_FULL_v1,L1_ELIGIBILITY,v2026-08-11,2026-03-21..2026-08-06,baccarat_bet02_101_all_pairs_incl_sentinel,round_win = game_pnl > 0 (decisive only),COMPATIBILITY_ONLY_NOT_PRODUCTION,1657.2850,1495.7941,-61.3602,181,180,0.03702455,,0.03702455,0.03702455,61.3602,1657.2850,OK,0.0000,-2.4544,4.0000,96.0000,AG03-UNRESOLVED,ALL5_LEVELS_bet23_to_bet27,-2.4544,-2.4544,-2.4544,-2.4544,-2.4544,4.000000,4.000000,4.000000,4.000000,4.000000,96.000000,96.000000,96.000000,96.000000,96.000000,5.0,-12.2720,-11.3288,-49.0882,-50.0315,PENDING_AG03,FALSE,NOT_FOR_ENFORCEMENT,-58.9058,1435.9623,-61.3602,-58.9058,-2.4544,-0.03702455,-0.03554357,-2.4544,-58.9058,-0.03554357,-2.4544,-2.4544,-2.4544,-2.4544,-2.4544,-58.9058,-0.03554357,-12.2720,-11.3288,-49.0882,-50.0315,-0.02961964,-0.03018881,-0.00148098,9.1563,8.3100,-0.3409,-12.2720,-1.0957,331.4570,36.0000,,9.1563,2.1082,4.2165,16.8659,21.0824,21.0824,25.2988,4.2165,0.0,5.0,6.0,2.171547,27,40,2,2,0E-8,-0.03702455,,0E-8,0.000000,0.902557,0.000000,,2026-04-06,2026-04-10,5,56,52,5,1.000000,,,0.000000,,,,,,,,GLOBAL_BASELINE_NO_ENTITY_RANKING,,,NOT_APPLICABLE_GLOBAL_BASELINE,HF9g-P5,,,,X 全窗基线 · 不参与实体赏罚,3929301,393,A168_HF9F_20260827_0900,2026-08-27 09:00:00
2026-04-06,148296243,1714,0,46.3812113930,8.4329475260,8.4329475260,0.6666667,4,4,0.49324550000000000,0.493245500000,0.6008033672792107,0.6008033672792106,0.6008033672792107,0E-17,ELIGIBLE,R03b_20260811_FULL_v1,L1_ELIGIBILITY,v2026-08-11,2026-03-21..2026-08-06,baccarat_bet02_101_all_pairs_incl_sentinel,round_win = game_pnl > 0 (decisive only),COMPATIBILITY_ONLY_NOT_PRODUCTION,1657.2850,1495.7941,-61.3602,181,180,0.03702455,,0.03702455,0.03702455,61.3602,1657.2850,OK,0.0000,-2.4544,4.0000,96.0000,AG03-UNRESOLVED,ALL5_LEVELS_bet23_to_bet27,-2.4544,-2.4544,-2.4544,-2.4544,-2.4544,4.000000,4.000000,4.000000,4.000000,4.000000,96.000000,96.000000,96.000000,96.000000,96.000000,5.0,-12.2720,-11.3288,-49.0882,-50.0315,PENDING_AG03,FALSE,NOT_FOR_ENFORCEMENT,-58.9058,1435.9623,-61.3602,-58.9058,-2.4544,-0.03702455,-0.03554357,-2.4544,-58.9058,-0.03554357,-2.4544,-2.4544,-2.4544,-2.4544,-2.4544,-58.9058,-0.03554357,-12.2720,-11.3288,-49.0882,-50.0315,-0.02961964,-0.03018881,-0.00148098,9.1563,8.3100,-0.3409,-12.2720,-1.0957,331.4570,36.0000,,9.1563,2.1082,4.2165,16.8659,21.0824,21.0824,25.2988,4.2165,0.0,5.0,6.0,2.171547,27,40,2,2,0E-8,-0.03702455,,0E-8,0.000000,0.902557,0.000000,,2026-04-06,2026-04-10,5,56,52,5,1.000000,,,0.000000,,,,,,,,GLOBAL_BASELINE_NO_ENTITY_RANKING,,,NOT_APPLICABLE_GLOBAL_BASELINE,HF9g-P5,,,,X 全窗基线 · 不参与实体赏罚,3929302,393,A168_HF9F_20260827_0900,2026-08-27 09:00:00
2026-04-06,148296243,1942,0,164.4424767570,86.8593595175,86.8593595175,0.8571429,8,8,0.50665070000000000,0.506650700000,1.8547942576316225,1.8547942576316225,1.8547942576316225,0E-17,ELIGIBLE,R03b_20260811_FULL_v1,L1_ELIGIBILITY,v2026-08-11,2026-03-21..2026-08-06,baccarat_bet02_101_all_pairs_incl_sentinel,round_win = game_pnl > 0 (decisive only),COMPATIBILITY_ONLY_NOT_PRODUCTION,1657.2850,1495.7941,-61.3602,181,180,0.03702455,,0.03702455,0.03702455,61.3602,1657.2850,OK,0.0000,-2.4544,4.0000,96.0000,AG03-UNRESOLVED,ALL5_LEVELS_bet23_to_bet27,-2.4544,-2.4544,-2.4544,-2.4544,-2.4544,4.000000,4.000000,4.000000,4.000000,4.000000,96.000000,96.000000,96.000000,96.000000,96.000000,5.0,-12.2720,-11.3288,-49.0882,-50.0315,PENDING_AG03,FALSE,NOT_FOR_ENFORCEMENT,-58.9058,1435.9623,-61.3602,-58.9058,-2.4544,-0.03702455,-0.03554357,-2.4544,-58.9058,-0.03554357,-2.4544,-2.4544,-2.4544,-2.4544,-2.4544,-58.9058,-0.03554357,-12.2720,-11.3288,-49.0882,-50.0315,-0.02961964,-0.03018881,-0.00148098,9.1563,8.3100,-0.3409,-12.2720,-1.0957,331.4570,36.0000,,9.1563,2.1082,4.2165,16.8659,21.0824,21.0824,25.2988,4.2165,0.0,5.0,6.0,2.171547,27,40,2,2,0E-8,-0.03702455,,0E-8,0.000000,0.902557,0.000000,,2026-04-06,2026-04-10,5,56,52,5,1.000000,,,0.000000,,,,,,,,GLOBAL_BASELINE_NO_ENTITY_RANKING,,,NOT_APPLICABLE_GLOBAL_BASELINE,HF9g-P5,,,,X 全窗基线 · 不参与实体赏罚,3929303,393,A168_HF9F_20260827_0900,2026-08-27 09:00:00
2026-04-06,148296243,1963,0,42.1647376300,20.0282503742,20.0282503742,1.0000000,2,2,0.50665070000000000,0.506650700000,0.9867858985152569,0.9867858985152569,0.9867858985152569,0E-17,ELIGIBLE,R03b_20260811_FULL_v1,L1_ELIGIBILITY,v2026-08-11,2026-03-21..2026-08-06,baccarat_bet02_101_all_pairs_incl_sentinel,round_win = game_pnl > 0 (decisive only),COMPATIBILITY_ONLY_NOT_PRODUCTION,1657.2850,1495.7941,-61.3602,181,180,0.03702455,,0.03702455,0.03702455,61.3602,1657.2850,OK,0.0000,-2.4544,4.0000,96.0000,AG03-UNRESOLVED,ALL5_LEVELS_bet23_to_bet27,-2.4544,-2.4544,-2.4544,-2.4544,-2.4544,4.000000,4.000000,4.000000,4.000000,4.000000,96.000000,96.000000,96.000000,96.000000,96.000000,5.0,-12.2720,-11.3288,-49.0882,-50.0315,PENDING_AG03,FALSE,NOT_FOR_ENFORCEMENT,-58.9058,1435.9623,-61.3602,-58.9058,-2.4544,-0.03702455,-0.03554357,-2.4544,-58.9058,-0.03554357,-2.4544,-2.4544,-2.4544,-2.4544,-2.4544,-58.9058,-0.03554357,-12.2720,-11.3288,-49.0882,-50.0315,-0.02961964,-0.03018881,-0.00148098,9.1563,8.3100,-0.3409,-12.2720,-1.0957,331.4570,36.0000,,9.1563,2.1082,4.2165,16.8659,21.0824,21.0824,25.2988,4.2165,0.0,5.0,6.0,2.171547,27,40,2,2,0E-8,-0.03702455,,0E-8,0.000000,0.902557,0.000000,,2026-04-06,2026-04-10,5,56,52,5,1.000000,,,0.000000,,,,,,,,GLOBAL_BASELINE_NO_ENTITY_RANKING,,,NOT_APPLICABLE_GLOBAL_BASELINE,HF9g-P5,,,,X 全窗基线 · 不参与实体赏罚,3929304,393,A168_HF9F_20260827_0900,2026-08-27 09:00:00
2026-04-06,148296243,2093,0,46.3812113930,-5.2705922038,-5.2705922038,0.5000000,2,2,0.50665070000000000,0.506650700000,-0.018812684590367487,-0.018812684590367487,-0.018812684590367487,0E-17,ELIGIBLE,R03b_20260811_FULL_v1,L1_ELIGIBILITY,v2026-08-11,2026-03-21..2026-08-06,baccarat_bet02_101_all_pairs_incl_sentinel,round_win = game_pnl > 0 (decisive only),COMPATIBILITY_ONLY_NOT_PRODUCTION,1657.2850,1495.7941,-61.3602,181,180,0.03702455,,0.03702455,0.03702455,61.3602,1657.2850,OK,0.0000,-2.4544,4.0000,96.0000,AG03-UNRESOLVED,ALL5_LEVELS_bet23_to_bet27,-2.4544,-2.4544,-2.4544,-2.4544,-2.4544,4.000000,4.000000,4.000000,4.000000,4.000000,96.000000,96.000000,96.000000,96.000000,96.000000,5.0,-12.2720,-11.3288,-49.0882,-50.0315,PENDING_AG03,FALSE,NOT_FOR_ENFORCEMENT,-58.9058,1435.9623,-61.3602,-58.9058,-2.4544,-0.03702455,-0.03554357,-2.4544,-58.9058,-0.03554357,-2.4544,-2.4544,-2.4544,-2.4544,-2.4544,-58.9058,-0.03554357,-12.2720,-11.3288,-49.0882,-50.0315,-0.02961964,-0.03018881,-0.00148098,9.1563,8.3100,-0.3409,-12.2720,-1.0957,331.4570,36.0000,,9.1563,2.1082,4.2165,16.8659,21.0824,21.0824,25.2988,4.2165,0.0,5.0,6.0,2.171547,27,40,2,2,0E-8,-0.03702455,,0E-8,0.000000,0.902557,0.000000,,2026-04-06,2026-04-10,5,56,52,5,1.000000,,,0.000000,,,,,,,,GLOBAL_BASELINE_NO_ENTITY_RANKING,,,NOT_APPLICABLE_GLOBAL_BASELINE,HF9g-P5,,,,X 全窗基线 · 不参与实体赏罚,3929305,393,A168_HF9F_20260827_0900,2026-08-27 09:00:00
2026-04-06,148296243,2121,0,42.1647376300,-42.1647376300,-42.1647376300,0E-7,2,2,0.49994810000000000,0.499948100000,-1.4140667746232096,-1.4140667746232096,-1.4140667746232096,0E-17,ELIGIBLE,R03b_20260811_FULL_v1,L1_ELIGIBILITY,v2026-08-11,2026-03-21..2026-08-06,baccarat_bet02_101_all_pairs_incl_sentinel,round_win = game_pnl > 0 (decisive only),COMPATIBILITY_ONLY_NOT_PRODUCTION,1657.2850,1495.7941,-61.3602,181,180,0.03702455,,0.03702455,0.03702455,61.3602,1657.2850,OK,0.0000,-2.4544,4.0000,96.0000,AG03-UNRESOLVED,ALL5_LEVELS_bet23_to_bet27,-2.4544,-2.4544,-2.4544,-2.4544,-2.4544,4.000000,4.000000,4.000000,4.000000,4.000000,96.000000,96.000000,96.000000,96.000000,96.000000,5.0,-12.2720,-11.3288,-49.0882,-50.0315,PENDING_AG03,FALSE,NOT_FOR_ENFORCEMENT,-58.9058,1435.9623,-61.3602,-58.9058,-2.4544,-0.03702455,-0.03554357,-2.4544,-58.9058,-0.03554357,-2.4544,-2.4544,-2.4544,-2.4544,-2.4544,-58.9058,-0.03554357,-12.2720,-11.3288,-49.0882,-50.0315,-0.02961964,-0.03018881,-0.00148098,9.1563,8.3100,-0.3409,-12.2720,-1.0957,331.4570,36.0000,,9.1563,2.1082,4.2165,16.8659,21.0824,21.0824,25.2988,4.2165,0.0,5.0,6.0,2.171547,27,40,2,2,0E-8,-0.03702455,,0E-8,0.000000,0.902557,0.000000,,2026-04-06,2026-04-10,5,56,52,5,1.000000,,,0.000000,,,,,,,,GLOBAL_BASELINE_NO_ENTITY_RANKING,,,NOT_APPLICABLE_GLOBAL_BASELINE,HF9g-P5,,,,X 全窗基线 · 不参与实体赏罚,3929306,393,A168_HF9F_20260827_0900,2026-08-27 09:00:00
2026-04-06,148296243,2127,0,362.6167436179,-5.4814158920,-5.4814158920,0.5263158,20,20,0.49793732000000000,0.497937320000,0.24739986642432457,0.24739986642432457,0.24739986642432457,0E-17,ELIGIBLE,R03b_20260811_FULL_v1,L1_ELIGIBILITY,v2026-08-11,2026-03-21..2026-08-06,baccarat_bet02_101_all_pairs_incl_sentinel,round_win = game_pnl > 0 (decisive only),COMPATIBILITY_ONLY_NOT_PRODUCTION,1657.2850,1495.7941,-61.3602,181,180,0.03702455,,0.03702455,0.03702455,61.3602,1657.2850,OK,0.0000,-2.4544,4.0000,96.0000,AG03-UNRESOLVED,ALL5_LEVELS_bet23_to_bet27,-2.4544,-2.4544,-2.4544,-2.4544,-2.4544,4.000000,4.000000,4.000000,4.000000,4.000000,96.000000,96.000000,96.000000,96.000000,96.000000,5.0,-12.2720,-11.3288,-49.0882,-50.0315,PENDING_AG03,FALSE,NOT_FOR_ENFORCEMENT,-58.9058,1435.9623,-61.3602,-58.9058,-2.4544,-0.03702455,-0.03554357,-2.4544,-58.9058,-0.03554357,-2.4544,-2.4544,-2.4544,-2.4544,-2.4544,-58.9058,-0.03554357,-12.2720,-11.3288,-49.0882,-50.0315,-0.02961964,-0.03018881,-0.00148098,9.1563,8.3100,-0.3409,-12.2720,-1.0957,331.4570,36.0000,,9.1563,2.1082,4.2165,16.8659,21.0824,21.0824,25.2988,4.2165,0.0,5.0,6.0,2.171547,27,40,2,2,0E-8,-0.03702455,,0E-8,0.000000,0.902557,0.000000,,2026-04-06,2026-04-10,5,56,52,5,1.000000,,,0.000000,,,,,,,,GLOBAL_BASELINE_NO_ENTITY_RANKING,,,NOT_APPLICABLE_GLOBAL_BASELINE,HF9g-P5,,,,X 全窗基线 · 不参与实体赏罚,3929307,393,A168_HF9F_20260827_0900,2026-08-27 09:00:00
2026-04-06,148296243,2142,0,67.4635802080,25.2988425780,25.2988425780,0.6666667,3,3,0.49324550000000000,0.493245500000,0.6008033672792107,0.6008033672792106,0.6008033672792107,0E-17,ELIGIBLE,R03b_20260811_FULL_v1,L1_ELIGIBILITY,v2026-08-11,2026-03-21..2026-08-06,baccarat_bet02_101_all_pairs_incl_sentinel,round_win = game_pnl > 0 (decisive only),COMPATIBILITY_ONLY_NOT_PRODUCTION,1657.2850,1495.7941,-61.3602,181,180,0.03702455,,0.03702455,0.03702455,61.3602,1657.2850,OK,0.0000,-2.4544,4.0000,96.0000,AG03-UNRESOLVED,ALL5_LEVELS_bet23_to_bet27,-2.4544,-2.4544,-2.4544,-2.4544,-2.4544,4.000000,4.000000,4.000000,4.000000,4.000000,96.000000,96.000000,96.000000,96.000000,96.000000,5.0,-12.2720,-11.3288,-49.0882,-50.0315,PENDING_AG03,FALSE,NOT_FOR_ENFORCEMENT,-58.9058,1435.9623,-61.3602,-58.9058,-2.4544,-0.03702455,-0.03554357,-2.4544,-58.9058,-0.03554357,-2.4544,-2.4544,-2.4544,-2.4544,-2.4544,-58.9058,-0.03554357,-12.2720,-11.3288,-49.0882,-50.0315,-0.02961964,-0.03018881,-0.00148098,9.1563,8.3100,-0.3409,-12.2720,-1.0957,331.4570,36.0000,,9.1563,2.1082,4.2165,16.8659,21.0824,21.0824,25.2988,4.2165,0.0,5.0,6.0,2.171547,27,40,2,2,0E-8,-0.03702455,,0E-8,0.000000,0.902557,0.000000,,2026-04-06,2026-04-10,5,56,52,5,1.000000,,,0.000000,,,,,,,,GLOBAL_BASELINE_NO_ENTITY_RANKING,,,NOT_APPLICABLE_GLOBAL_BASELINE,HF9g-P5,,,,X 全窗基线 · 不参与实体赏罚,3929308,393,A168_HF9F_20260827_0900,2026-08-27 09:00:00
2026-04-06,148296243,2160,0,46.3812113930,44.0621508232,44.0621508232,1.0000000,4,4,0.50665070000000000,0.506650700000,1.9735717970305138,1.9735717970305138,1.9735717970305138,0E-17,ELIGIBLE,R03b_20260811_FULL_v1,L1_ELIGIBILITY,v2026-08-11,2026-03-21..2026-08-06,baccarat_bet02_101_all_pairs_incl_sentinel,round_win = game_pnl > 0 (decisive only),COMPATIBILITY_ONLY_NOT_PRODUCTION,1657.2850,1495.7941,-61.3602,181,180,0.03702455,,0.03702455,0.03702455,61.3602,1657.2850,OK,0.0000,-2.4544,4.0000,96.0000,AG03-UNRESOLVED,ALL5_LEVELS_bet23_to_bet27,-2.4544,-2.4544,-2.4544,-2.4544,-2.4544,4.000000,4.000000,4.000000,4.000000,4.000000,96.000000,96.000000,96.000000,96.000000,96.000000,5.0,-12.2720,-11.3288,-49.0882,-50.0315,PENDING_AG03,FALSE,NOT_FOR_ENFORCEMENT,-58.9058,1435.9623,-61.3602,-58.9058,-2.4544,-0.03702455,-0.03554357,-2.4544,-58.9058,-0.03554357,-2.4544,-2.4544,-2.4544,-2.4544,-2.4544,-58.9058,-0.03554357,-12.2720,-11.3288,-49.0882,-50.0315,-0.02961964,-0.03018881,-0.00148098,9.1563,8.3100,-0.3409,-12.2720,-1.0957,331.4570,36.0000,,9.1563,2.1082,4.2165,16.8659,21.0824,21.0824,25.2988,4.2165,0.0,5.0,6.0,2.171547,27,40,2,2,0E-8,-0.03702455,,0E-8,0.000000,0.902557,0.000000,,2026-04-06,2026-04-10,5,56,52,5,1.000000,,,0.000000,,,,,,,,GLOBAL_BASELINE_NO_ENTITY_RANKING,,,NOT_APPLICABLE_GLOBAL_BASELINE,HF9g-P5,,,,X 全窗基线 · 不参与实体赏罚,3929309,393,A168_HF9F_20260827_0900,2026-08-27 09:00:00
2026-04-06,148296243,2220,0,105.4118440750,50.8085088440,50.8085088440,0.8333333,6,6,0.50665070000000000,0.506650700000,1.6005531159783741,1.6005531159783741,1.6005531159783741,0E-17,ELIGIBLE,R03b_20260811_FULL_v1,L1_ELIGIBILITY,v2026-08-11,2026-03-21..2026-08-06,baccarat_bet02_101_all_pairs_incl_sentinel,round_win = game_pnl > 0 (decisive only),COMPATIBILITY_ONLY_NOT_PRODUCTION,1657.2850,1495.7941,-61.3602,181,180,0.03702455,,0.03702455,0.03702455,61.3602,1657.2850,OK,0.0000,-2.4544,4.0000,96.0000,AG03-UNRESOLVED,ALL5_LEVELS_bet23_to_bet27,-2.4544,-2.4544,-2.4544,-2.4544,-2.4544,4.000000,4.000000,4.000000,4.000000,4.000000,96.000000,96.000000,96.000000,96.000000,96.000000,5.0,-12.2720,-11.3288,-49.0882,-50.0315,PENDING_AG03,FALSE,NOT_FOR_ENFORCEMENT,-58.9058,1435.9623,-61.3602,-58.9058,-2.4544,-0.03702455,-0.03554357,-2.4544,-58.9058,-0.03554357,-2.4544,-2.4544,-2.4544,-2.4544,-2.4544,-58.9058,-0.03554357,-12.2720,-11.3288,-49.0882,-50.0315,-0.02961964,-0.03018881,-0.00148098,9.1563,8.3100,-0.3409,-12.2720,-1.0957,331.4570,36.0000,,9.1563,2.1082,4.2165,16.8659,21.0824,21.0824,25.2988,4.2165,0.0,5.0,6.0,2.171547,27,40,2,2,0E-8,-0.03702455,,0E-8,0.000000,0.902557,0.000000,,2026-04-06,2026-04-10,5,56,52,5,1.000000,,,0.000000,,,,,,,,GLOBAL_BASELINE_NO_ENTITY_RANKING,,,NOT_APPLICABLE_GLOBAL_BASELINE,HF9g-P5,,,,X 全窗基线 · 不参与实体赏罚,3929310,393,A168_HF9F_20260827_0900,2026-08-27 09:00:00
2026-04-06,148296243,2244,0,54.8141589190,-29.5153163410,-29.5153163410,0.3333333,3,3,0.49771390000000000,0.497713900000,-0.5694369385616226,-0.5694369385616226,-0.5694369385616226,0E-17,ELIGIBLE,R03b_20260811_FULL_v1,L1_ELIGIBILITY,v2026-08-11,2026-03-21..2026-08-06,baccarat_bet02_101_all_pairs_incl_sentinel,round_win = game_pnl > 0 (decisive only),COMPATIBILITY_ONLY_NOT_PRODUCTION,1657.2850,1495.7941,-61.3602,181,180,0.03702455,,0.03702455,0.03702455,61.3602,1657.2850,OK,0.0000,-2.4544,4.0000,96.0000,AG03-UNRESOLVED,ALL5_LEVELS_bet23_to_bet27,-2.4544,-2.4544,-2.4544,-2.4544,-2.4544,4.000000,4.000000,4.000000,4.000000,4.000000,96.000000,96.000000,96.000000,96.000000,96.000000,5.0,-12.2720,-11.3288,-49.0882,-50.0315,PENDING_AG03,FALSE,NOT_FOR_ENFORCEMENT,-58.9058,1435.9623,-61.3602,-58.9058,-2.4544,-0.03702455,-0.03554357,-2.4544,-58.9058,-0.03554357,-2.4544,-2.4544,-2.4544,-2.4544,-2.4544,-58.9058,-0.03554357,-12.2720,-11.3288,-49.0882,-50.0315,-0.02961964,-0.03018881,-0.00148098,9.1563,8.3100,-0.3409,-12.2720,-1.0957,331.4570,36.0000,,9.1563,2.1082,4.2165,16.8659,21.0824,21.0824,25.2988,4.2165,0.0,5.0,6.0,2.171547,27,40,2,2,0E-8,-0.03702455,,0E-8,0.000000,0.902557,0.000000,,2026-04-06,2026-04-10,5,56,52,5,1.000000,,,0.000000,,,,,,,,GLOBAL_BASELINE_NO_ENTITY_RANKING,,,NOT_APPLICABLE_GLOBAL_BASELINE,HF9g-P5,,,,X 全窗基线 · 不参与实体赏罚,3929311,393,A168_HF9F_20260827_0900,2026-08-27 09:00:00
2026-04-06,148296243,763,0,16.8658950520,-8.4329475260,-8.4329475260,0E-7,2,2,0.49324550000000000,0.493245500000,-0.9865810262130424,-0.9865810262130424,-0.9865810262130424,0E-17,ELIGIBLE,R03b_20260811_FULL_v1,L1_ELIGIBILITY,v2026-08-11,2026-03-21..2026-08-06,baccarat_bet02_101_all_pairs_incl_sentinel,round_win = game_pnl > 0 (decisive only),COMPATIBILITY_ONLY_NOT_PRODUCTION,1657.2850,1495.7941,-61.3602,181,180,0.03702455,,0.03702455,0.03702455,61.3602,1657.2850,OK,0.0000,-2.4544,4.0000,96.0000,AG03-UNRESOLVED,ALL5_LEVELS_bet23_to_bet27,-2.4544,-2.4544,-2.4544,-2.4544,-2.4544,4.000000,4.000000,4.000000,4.000000,4.000000,96.000000,96.000000,96.000000,96.000000,96.000000,5.0,-12.2720,-11.3288,-49.0882,-50.0315,PENDING_AG03,FALSE,NOT_FOR_ENFORCEMENT,-58.9058,1435.9623,-61.3602,-58.9058,-2.4544,-0.03702455,-0.03554357,-2.4544,-58.9058,-0.03554357,-2.4544,-2.4544,-2.4544,-2.4544,-2.4544,-58.9058,-0.03554357,-12.2720,-11.3288,-49.0882,-50.0315,-0.02961964,-0.03018881,-0.00148098,9.1563,8.3100,-0.3409,-12.2720,-1.0957,331.4570,36.0000,,9.1563,2.1082,4.2165,16.8659,21.0824,21.0824,25.2988,4.2165,0.0,5.0,6.0,2.171547,27,40,2,2,0E-8,-0.03702455,,0E-8,0.000000,0.902557,0.000000,,2026-04-06,2026-04-10,5,56,52,5,1.000000,,,0.000000,,,,,,,,GLOBAL_BASELINE_NO_ENTITY_RANKING,,,NOT_APPLICABLE_GLOBAL_BASELINE,HF9g-P5,,,,X 全窗基线 · 不参与实体赏罚,3929312,393,A168_HF9F_20260827_0900,2026-08-27 09:00:00
2026-04-06,148296243,925,0,18.9741319335,1.5811776611,1.5811776611,0.5000000,2,2,0.50665070000000000,0.506650700000,-0.018812684590367487,-0.018812684590367487,-0.018812684590367487,0E-17,ELIGIBLE,R03b_20260811_FULL_v1,L1_ELIGIBILITY,v2026-08-11,2026-03-21..2026-08-06,baccarat_bet02_101_all_pairs_incl_sentinel,round_win = game_pnl > 0 (decisive only),COMPATIBILITY_ONLY_NOT_PRODUCTION,1657.2850,1495.7941,-61.3602,181,180,0.03702455,,0.03702455,0.03702455,61.3602,1657.2850,OK,0.0000,-2.4544,4.0000,96.0000,AG03-UNRESOLVED,ALL5_LEVELS_bet23_to_bet27,-2.4544,-2.4544,-2.4544,-2.4544,-2.4544,4.000000,4.000000,4.000000,4.000000,4.000000,96.000000,96.000000,96.000000,96.000000,96.000000,5.0,-12.2720,-11.3288,-49.0882,-50.0315,PENDING_AG03,FALSE,NOT_FOR_ENFORCEMENT,-58.9058,1435.9623,-61.3602,-58.9058,-2.4544,-0.03702455,-0.03554357,-2.4544,-58.9058,-0.03554357,-2.4544,-2.4544,-2.4544,-2.4544,-2.4544,-58.9058,-0.03554357,-12.2720,-11.3288,-49.0882,-50.0315,-0.02961964,-0.03018881,-0.00148098,9.1563,8.3100,-0.3409,-12.2720,-1.0957,331.4570,36.0000,,9.1563,2.1082,4.2165,16.8659,21.0824,21.0824,25.2988,4.2165,0.0,5.0,6.0,2.171547,27,40,2,2,0E-8,-0.03702455,,0E-8,0.000000,0.902557,0.000000,,2026-04-06,2026-04-10,5,56,52,5,1.000000,,,0.000000,,,,,,,,GLOBAL_BASELINE_NO_ENTITY_RANKING,,,NOT_APPLICABLE_GLOBAL_BASELINE,HF9g-P5,,,,X 全窗基线 · 不参与实体赏罚,3929313,393,A168_HF9F_20260827_0900,2026-08-27 09:00:00
2026-04-07,148296243,2153,0,2.1082368815,-2.1082368815,-2.1082368815,0E-7,1,1,0.50665070000000000,0.506650700000,-1.013391052207602,-1.013391052207602,-1.013391052207602,0E-17,ELIGIBLE,R03b_20260811_FULL_v1,L1_ELIGIBILITY,v2026-08-11,2026-03-21..2026-08-06,baccarat_bet02_101_all_pairs_incl_sentinel,round_win = game_pnl > 0 (decisive only),COMPATIBILITY_ONLY_NOT_PRODUCTION,1657.2850,1495.7941,-61.3602,181,180,0.03702455,,0.03702455,0.03702455,61.3602,1657.2850,OK,0.0000,-2.4544,4.0000,96.0000,AG03-UNRESOLVED,ALL5_LEVELS_bet23_to_bet27,-2.4544,-2.4544,-2.4544,-2.4544,-2.4544,4.000000,4.000000,4.000000,4.000000,4.000000,96.000000,96.000000,96.000000,96.000000,96.000000,5.0,-12.2720,-11.3288,-49.0882,-50.0315,PENDING_AG03,FALSE,NOT_FOR_ENFORCEMENT,-58.9058,1435.9623,-61.3602,-58.9058,-2.4544,-0.03702455,-0.03554357,-2.4544,-58.9058,-0.03554357,-2.4544,-2.4544,-2.4544,-2.4544,-2.4544,-58.9058,-0.03554357,-12.2720,-11.3288,-49.0882,-50.0315,-0.02961964,-0.03018881,-0.00148098,9.1563,8.3100,-0.3409,-12.2720,-1.0957,331.4570,36.0000,,9.1563,2.1082,4.2165,16.8659,21.0824,21.0824,25.2988,4.2165,0.0,5.0,6.0,2.171547,27,40,2,2,0E-8,-0.03702455,,0E-8,0.000000,0.902557,0.000000,,2026-04-06,2026-04-10,5,56,52,5,1.000000,,,0.000000,,,,,,,,GLOBAL_BASELINE_NO_ENTITY_RANKING,,,NOT_APPLICABLE_GLOBAL_BASELINE,HF9g-P5,,,,X 全窗基线 · 不参与实体赏罚,3929314,393,A168_HF9F_20260827_0900,2026-08-27 09:00:00
2026-04-08,148296243,-1,1,63.6687538213,-7.1680053972,-7.1680053972,0.5000000,25,25,0.49699895600000000,0.496998956000,0.02815279525468845,0.02815279525468845,0.02815279525468845,0E-17,SENTINEL_DEALER,R03b_20260811_FULL_v1,L1_ELIGIBILITY,v2026-08-11,2026-03-21..2026-08-06,baccarat_bet02_101_all_pairs_incl_sentinel,round_win = game_pnl > 0 (decisive only),COMPATIBILITY_ONLY_NOT_PRODUCTION,1657.2850,1495.7941,-61.3602,181,180,0.03702455,,0.03702455,0.03702455,61.3602,1657.2850,OK,0.0000,-2.4544,4.0000,96.0000,AG03-UNRESOLVED,ALL5_LEVELS_bet23_to_bet27,-2.4544,-2.4544,-2.4544,-2.4544,-2.4544,4.000000,4.000000,4.000000,4.000000,4.000000,96.000000,96.000000,96.000000,96.000000,96.000000,5.0,-12.2720,-11.3288,-49.0882,-50.0315,PENDING_AG03,FALSE,NOT_FOR_ENFORCEMENT,-58.9058,1435.9623,-61.3602,-58.9058,-2.4544,-0.03702455,-0.03554357,-2.4544,-58.9058,-0.03554357,-2.4544,-2.4544,-2.4544,-2.4544,-2.4544,-58.9058,-0.03554357,-12.2720,-11.3288,-49.0882,-50.0315,-0.02961964,-0.03018881,-0.00148098,9.1563,8.3100,-0.3409,-12.2720,-1.0957,331.4570,36.0000,,9.1563,2.1082,4.2165,16.8659,21.0824,21.0824,25.2988,4.2165,0.0,5.0,6.0,2.171547,27,40,2,2,0E-8,-0.03702455,,0E-8,0.000000,0.902557,0.000000,,2026-04-06,2026-04-10,5,56,52,5,1.000000,,,0.000000,,,,,,,,GLOBAL_BASELINE_NO_ENTITY_RANKING,,,NOT_APPLICABLE_GLOBAL_BASELINE,HF9g-P5,,,,X 全窗基线 · 不参与实体赏罚,3929315,393,A168_HF9F_20260827_0900,2026-08-27 09:00:00
2026-04-08,148296243,1004,0,16.8658950520,3.6894145425,3.6894145425,0.6000000,5,5,0.50665070000000000,0.506650700000,0.4175076967804994,0.4175076967804994,0.4175076967804994,0E-17,ELIGIBLE,R03b_20260811_FULL_v1,L1_ELIGIBILITY,v2026-08-11,2026-03-21..2026-08-06,baccarat_bet02_101_all_pairs_incl_sentinel,round_win = game_pnl > 0 (decisive only),COMPATIBILITY_ONLY_NOT_PRODUCTION,1657.2850,1495.7941,-61.3602,181,180,0.03702455,,0.03702455,0.03702455,61.3602,1657.2850,OK,0.0000,-2.4544,4.0000,96.0000,AG03-UNRESOLVED,ALL5_LEVELS_bet23_to_bet27,-2.4544,-2.4544,-2.4544,-2.4544,-2.4544,4.000000,4.000000,4.000000,4.000000,4.000000,96.000000,96.000000,96.000000,96.000000,96.000000,5.0,-12.2720,-11.3288,-49.0882,-50.0315,PENDING_AG03,FALSE,NOT_FOR_ENFORCEMENT,-58.9058,1435.9623,-61.3602,-58.9058,-2.4544,-0.03702455,-0.03554357,-2.4544,-58.9058,-0.03554357,-2.4544,-2.4544,-2.4544,-2.4544,-2.4544,-58.9058,-0.03554357,-12.2720,-11.3288,-49.0882,-50.0315,-0.02961964,-0.03018881,-0.00148098,9.1563,8.3100,-0.3409,-12.2720,-1.0957,331.4570,36.0000,,9.1563,2.1082,4.2165,16.8659,21.0824,21.0824,25.2988,4.2165,0.0,5.0,6.0,2.171547,27,40,2,2,0E-8,-0.03702455,,0E-8,0.000000,0.902557,0.000000,,2026-04-06,2026-04-10,5,56,52,5,1.000000,,,0.000000,,,,,,,,GLOBAL_BASELINE_NO_ENTITY_RANKING,,,NOT_APPLICABLE_GLOBAL_BASELINE,HF9g-P5,,,,X 全窗基线 · 不参与实体赏罚,3929316,393,A168_HF9F_20260827_0900,2026-08-27 09:00:00
2026-04-08,148296243,1094,0,6.3247106445,-2.1082368815,-2.1082368815,0.3333333,3,3,0.49324550000000000,0.493245500000,-0.5540025479526107,-0.5540025479526106,-0.5540025479526107,0E-17,ELIGIBLE,R03b_20260811_FULL_v1,L1_ELIGIBILITY,v2026-08-11,2026-03-21..2026-08-06,baccarat_bet02_101_all_pairs_incl_sentinel,round_win = game_pnl > 0 (decisive only),COMPATIBILITY_ONLY_NOT_PRODUCTION,1657.2850,1495.7941,-61.3602,181,180,0.03702455,,0.03702455,0.03702455,61.3602,1657.2850,OK,0.0000,-2.4544,4.0000,96.0000,AG03-UNRESOLVED,ALL5_LEVELS_bet23_to_bet27,-2.4544,-2.4544,-2.4544,-2.4544,-2.4544,4.000000,4.000000,4.000000,4.000000,4.000000,96.000000,96.000000,96.000000,96.000000,96.000000,5.0,-12.2720,-11.3288,-49.0882,-50.0315,PENDING_AG03,FALSE,NOT_FOR_ENFORCEMENT,-58.9058,1435.9623,-61.3602,-58.9058,-2.4544,-0.03702455,-0.03554357,-2.4544,-58.9058,-0.03554357,-2.4544,-2.4544,-2.4544,-2.4544,-2.4544,-58.9058,-0.03554357,-12.2720,-11.3288,-49.0882,-50.0315,-0.02961964,-0.03018881,-0.00148098,9.1563,8.3100,-0.3409,-12.2720,-1.0957,331.4570,36.0000,,9.1563,2.1082,4.2165,16.8659,21.0824,21.0824,25.2988,4.2165,0.0,5.0,6.0,2.171547,27,40,2,2,0E-8,-0.03702455,,0E-8,0.000000,0.902557,0.000000,,2026-04-06,2026-04-10,5,56,52,5,1.000000,,,0.000000,,,,,,,,GLOBAL_BASELINE_NO_ENTITY_RANKING,,,NOT_APPLICABLE_GLOBAL_BASELINE,HF9g-P5,,,,X 全窗基线 · 不参与实体赏罚,3929317,393,A168_HF9F_20260827_0900,2026-08-27 09:00:00
2026-04-08,148296243,1325,0,5.4814158919,2.0028250374,2.0028250374,1.0000000,2,2,0.50665070000000000,0.506650700000,0.9867858985152569,0.9867858985152569,0.9867858985152569,0E-17,ELIGIBLE,R03b_20260811_FULL_v1,L1_ELIGIBILITY,v2026-08-11,2026-03-21..2026-08-06,baccarat_bet02_101_all_pairs_incl_sentinel,round_win = game_pnl > 0 (decisive only),COMPATIBILITY_ONLY_NOT_PRODUCTION,1657.2850,1495.7941,-61.3602,181,180,0.03702455,,0.03702455,0.03702455,61.3602,1657.2850,OK,0.0000,-2.4544,4.0000,96.0000,AG03-UNRESOLVED,ALL5_LEVELS_bet23_to_bet27,-2.4544,-2.4544,-2.4544,-2.4544,-2.4544,4.000000,4.000000,4.000000,4.000000,4.000000,96.000000,96.000000,96.000000,96.000000,96.000000,5.0,-12.2720,-11.3288,-49.0882,-50.0315,PENDING_AG03,FALSE,NOT_FOR_ENFORCEMENT,-58.9058,1435.9623,-61.3602,-58.9058,-2.4544,-0.03702455,-0.03554357,-2.4544,-58.9058,-0.03554357,-2.4544,-2.4544,-2.4544,-2.4544,-2.4544,-58.9058,-0.03554357,-12.2720,-11.3288,-49.0882,-50.0315,-0.02961964,-0.03018881,-0.00148098,9.1563,8.3100,-0.3409,-12.2720,-1.0957,331.4570,36.0000,,9.1563,2.1082,4.2165,16.8659,21.0824,21.0824,25.2988,4.2165,0.0,5.0,6.0,2.171547,27,40,2,2,0E-8,-0.03702455,,0E-8,0.000000,0.902557,0.000000,,2026-04-06,2026-04-10,5,56,52,5,1.000000,,,0.000000,,,,,,,,GLOBAL_BASELINE_NO_ENTITY_RANKING,,,NOT_APPLICABLE_GLOBAL_BASELINE,HF9g-P5,,,,X 全窗基线 · 不参与实体赏罚,3929318,393,A168_HF9F_20260827_0900,2026-08-27 09:00:00
2026-04-08,148296243,1702,0,4.2164737630,-4.2164737630,-4.2164737630,0E-7,2,2,0.49324550000000000,0.493245500000,-1.3952362676504506,-1.3952362676504506,-1.3952362676504506,0E-17,ELIGIBLE,R03b_20260811_FULL_v1,L1_ELIGIBILITY,v2026-08-11,2026-03-21..2026-08-06,baccarat_bet02_101_all_pairs_incl_sentinel,round_win = game_pnl > 0 (decisive only),COMPATIBILITY_ONLY_NOT_PRODUCTION,1657.2850,1495.7941,-61.3602,181,180,0.03702455,,0.03702455,0.03702455,61.3602,1657.2850,OK,0.0000,-2.4544,4.0000,96.0000,AG03-UNRESOLVED,ALL5_LEVELS_bet23_to_bet27,-2.4544,-2.4544,-2.4544,-2.4544,-2.4544,4.000000,4.000000,4.000000,4.000000,4.000000,96.000000,96.000000,96.000000,96.000000,96.000000,5.0,-12.2720,-11.3288,-49.0882,-50.0315,PENDING_AG03,FALSE,NOT_FOR_ENFORCEMENT,-58.9058,1435.9623,-61.3602,-58.9058,-2.4544,-0.03702455,-0.03554357,-2.4544,-58.9058,-0.03554357,-2.4544,-2.4544,-2.4544,-2.4544,-2.4544,-58.9058,-0.03554357,-12.2720,-11.3288,-49.0882,-50.0315,-0.02961964,-0.03018881,-0.00148098,9.1563,8.3100,-0.3409,-12.2720,-1.0957,331.4570,36.0000,,9.1563,2.1082,4.2165,16.8659,21.0824,21.0824,25.2988,4.2165,0.0,5.0,6.0,2.171547,27,40,2,2,0E-8,-0.03702455,,0E-8,0.000000,0.902557,0.000000,,2026-04-06,2026-04-10,5,56,52,5,1.000000,,,0.000000,,,,,,,,GLOBAL_BASELINE_NO_ENTITY_RANKING,,,NOT_APPLICABLE_GLOBAL_BASELINE,HF9g-P5,,,,X 全窗基线 · 不参与实体赏罚,3929319,393,A168_HF9F_20260827_0900,2026-08-27 09:00:00
2026-04-08,148296243,1963,0,4.2164737630,-4.2164737630,-4.2164737630,0E-7,1,1,0.49324550000000000,0.493245500000,-0.9865810262130424,-0.9865810262130424,-0.9865810262130424,0E-17,ELIGIBLE,R03b_20260811_FULL_v1,L1_ELIGIBILITY,v2026-08-11,2026-03-21..2026-08-06,baccarat_bet02_101_all_pairs_incl_sentinel,round_win = game_pnl > 0 (decisive only),COMPATIBILITY_ONLY_NOT_PRODUCTION,1657.2850,1495.7941,-61.3602,181,180,0.03702455,,0.03702455,0.03702455,61.3602,1657.2850,OK,0.0000,-2.4544,4.0000,96.0000,AG03-UNRESOLVED,ALL5_LEVELS_bet23_to_bet27,-2.4544,-2.4544,-2.4544,-2.4544,-2.4544,4.000000,4.000000,4.000000,4.000000,4.000000,96.000000,96.000000,96.000000,96.000000,96.000000,5.0,-12.2720,-11.3288,-49.0882,-50.0315,PENDING_AG03,FALSE,NOT_FOR_ENFORCEMENT,-58.9058,1435.9623,-61.3602,-58.9058,-2.4544,-0.03702455,-0.03554357,-2.4544,-58.9058,-0.03554357,-2.4544,-2.4544,-2.4544,-2.4544,-2.4544,-58.9058,-0.03554357,-12.2720,-11.3288,-49.0882,-50.0315,-0.02961964,-0.03018881,-0.00148098,9.1563,8.3100,-0.3409,-12.2720,-1.0957,331.4570,36.0000,,9.1563,2.1082,4.2165,16.8659,21.0824,21.0824,25.2988,4.2165,0.0,5.0,6.0,2.171547,27,40,2,2,0E-8,-0.03702455,,0E-8,0.000000,0.902557,0.000000,,2026-04-06,2026-04-10,5,56,52,5,1.000000,,,0.000000,,,,,,,,GLOBAL_BASELINE_NO_ENTITY_RANKING,,,NOT_APPLICABLE_GLOBAL_BASELINE,HF9g-P5,,,,X 全窗基线 · 不参与实体赏罚,3929320,393,A168_HF9F_20260827_0900,2026-08-27 09:00:00
2026-04-08,148296243,2117,0,10.5411844075,2.1082368815,2.1082368815,0.7500000,4,4,0.49324550000000000,0.493245500000,1.0271117246678039,1.0271117246678039,1.0271117246678039,0E-17,ELIGIBLE,R03b_20260811_FULL_v1,L1_ELIGIBILITY,v2026-08-11,2026-03-21..2026-08-06,baccarat_bet02_101_all_pairs_incl_sentinel,round_win = game_pnl > 0 (decisive only),COMPATIBILITY_ONLY_NOT_PRODUCTION,1657.2850,1495.7941,-61.3602,181,180,0.03702455,,0.03702455,0.03702455,61.3602,1657.2850,OK,0.0000,-2.4544,4.0000,96.0000,AG03-UNRESOLVED,ALL5_LEVELS_bet23_to_bet27,-2.4544,-2.4544,-2.4544,-2.4544,-2.4544,4.000000,4.000000,4.000000,4.000000,4.000000,96.000000,96.000000,96.000000,96.000000,96.000000,5.0,-12.2720,-11.3288,-49.0882,-50.0315,PENDING_AG03,FALSE,NOT_FOR_ENFORCEMENT,-58.9058,1435.9623,-61.3602,-58.9058,-2.4544,-0.03702455,-0.03554357,-2.4544,-58.9058,-0.03554357,-2.4544,-2.4544,-2.4544,-2.4544,-2.4544,-58.9058,-0.03554357,-12.2720,-11.3288,-49.0882,-50.0315,-0.02961964,-0.03018881,-0.00148098,9.1563,8.3100,-0.3409,-12.2720,-1.0957,331.4570,36.0000,,9.1563,2.1082,4.2165,16.8659,21.0824,21.0824,25.2988,4.2165,0.0,5.0,6.0,2.171547,27,40,2,2,0E-8,-0.03702455,,0E-8,0.000000,0.902557,0.000000,,2026-04-06,2026-04-10,5,56,52,5,1.000000,,,0.000000,,,,,,,,GLOBAL_BASELINE_NO_ENTITY_RANKING,,,NOT_APPLICABLE_GLOBAL_BASELINE,HF9g-P5,,,,X 全窗基线 · 不参与实体赏罚,3929321,393,A168_HF9F_20260827_0900,2026-08-27 09:00:00
2026-04-08,148296243,2123,0,43.6405034470,20.0387915586,20.0387915586,0.8333333,13,13,0.49633900769230769,0.496339007692,2.3348277630906407,2.334827763092783,2.3348277630906407,3.0769E-13,ELIGIBLE,R03b_20260811_FULL_v1,L1_ELIGIBILITY,v2026-08-11,2026-03-21..2026-08-06,baccarat_bet02_101_all_pairs_incl_sentinel,round_win = game_pnl > 0 (decisive only),COMPATIBILITY_ONLY_NOT_PRODUCTION,1657.2850,1495.7941,-61.3602,181,180,0.03702455,,0.03702455,0.03702455,61.3602,1657.2850,OK,0.0000,-2.4544,4.0000,96.0000,AG03-UNRESOLVED,ALL5_LEVELS_bet23_to_bet27,-2.4544,-2.4544,-2.4544,-2.4544,-2.4544,4.000000,4.000000,4.000000,4.000000,4.000000,96.000000,96.000000,96.000000,96.000000,96.000000,5.0,-12.2720,-11.3288,-49.0882,-50.0315,PENDING_AG03,FALSE,NOT_FOR_ENFORCEMENT,-58.9058,1435.9623,-61.3602,-58.9058,-2.4544,-0.03702455,-0.03554357,-2.4544,-58.9058,-0.03554357,-2.4544,-2.4544,-2.4544,-2.4544,-2.4544,-58.9058,-0.03554357,-12.2720,-11.3288,-49.0882,-50.0315,-0.02961964,-0.03018881,-0.00148098,9.1563,8.3100,-0.3409,-12.2720,-1.0957,331.4570,36.0000,,9.1563,2.1082,4.2165,16.8659,21.0824,21.0824,25.2988,4.2165,0.0,5.0,6.0,2.171547,27,40,2,2,0E-8,-0.03702455,,0E-8,0.000000,0.902557,0.000000,,2026-04-06,2026-04-10,5,56,52,5,1.000000,,,0.000000,,,,,,,,GLOBAL_BASELINE_NO_ENTITY_RANKING,,,NOT_APPLICABLE_GLOBAL_BASELINE,HF9g-P5,,,,X 全窗基线 · 不参与实体赏罚,3929322,393,A168_HF9F_20260827_0900,2026-08-27 09:00:00
2026-04-08,148296243,2155,0,2.1082368815,2.1082368815,2.1082368815,1.0000000,1,1,0.49324550000000000,0.493245500000,1.01360149184955,1.01360149184955,1.01360149184955,0E-17,ELIGIBLE,R03b_20260811_FULL_v1,L1_ELIGIBILITY,v2026-08-11,2026-03-21..2026-08-06,baccarat_bet02_101_all_pairs_incl_sentinel,round_win = game_pnl > 0 (decisive only),COMPATIBILITY_ONLY_NOT_PRODUCTION,1657.2850,1495.7941,-61.3602,181,180,0.03702455,,0.03702455,0.03702455,61.3602,1657.2850,OK,0.0000,-2.4544,4.0000,96.0000,AG03-UNRESOLVED,ALL5_LEVELS_bet23_to_bet27,-2.4544,-2.4544,-2.4544,-2.4544,-2.4544,4.000000,4.000000,4.000000,4.000000,4.000000,96.000000,96.000000,96.000000,96.000000,96.000000,5.0,-12.2720,-11.3288,-49.0882,-50.0315,PENDING_AG03,FALSE,NOT_FOR_ENFORCEMENT,-58.9058,1435.9623,-61.3602,-58.9058,-2.4544,-0.03702455,-0.03554357,-2.4544,-58.9058,-0.03554357,-2.4544,-2.4544,-2.4544,-2.4544,-2.4544,-58.9058,-0.03554357,-12.2720,-11.3288,-49.0882,-50.0315,-0.02961964,-0.03018881,-0.00148098,9.1563,8.3100,-0.3409,-12.2720,-1.0957,331.4570,36.0000,,9.1563,2.1082,4.2165,16.8659,21.0824,21.0824,25.2988,4.2165,0.0,5.0,6.0,2.171547,27,40,2,2,0E-8,-0.03702455,,0E-8,0.000000,0.902557,0.000000,,2026-04-06,2026-04-10,5,56,52,5,1.000000,,,0.000000,,,,,,,,GLOBAL_BASELINE_NO_ENTITY_RANKING,,,NOT_APPLICABLE_GLOBAL_BASELINE,HF9g-P5,,,,X 全窗基线 · 不参与实体赏罚,3929323,393,A168_HF9F_20260827_0900,2026-08-27 09:00:00
2026-04-08,148296243,2188,0,6.3247106445,-2.1082368815,-2.1082368815,0E-7,2,2,0.50665070000000000,0.506650700000,-1.013391052207602,-1.013391052207602,-1.013391052207602,0E-17,ELIGIBLE,R03b_20260811_FULL_v1,L1_ELIGIBILITY,v2026-08-11,2026-03-21..2026-08-06,baccarat_bet02_101_all_pairs_incl_sentinel,round_win = game_pnl > 0 (decisive only),COMPATIBILITY_ONLY_NOT_PRODUCTION,1657.2850,1495.7941,-61.3602,181,180,0.03702455,,0.03702455,0.03702455,61.3602,1657.2850,OK,0.0000,-2.4544,4.0000,96.0000,AG03-UNRESOLVED,ALL5_LEVELS_bet23_to_bet27,-2.4544,-2.4544,-2.4544,-2.4544,-2.4544,4.000000,4.000000,4.000000,4.000000,4.000000,96.000000,96.000000,96.000000,96.000000,96.000000,5.0,-12.2720,-11.3288,-49.0882,-50.0315,PENDING_AG03,FALSE,NOT_FOR_ENFORCEMENT,-58.9058,1435.9623,-61.3602,-58.9058,-2.4544,-0.03702455,-0.03554357,-2.4544,-58.9058,-0.03554357,-2.4544,-2.4544,-2.4544,-2.4544,-2.4544,-58.9058,-0.03554357,-12.2720,-11.3288,-49.0882,-50.0315,-0.02961964,-0.03018881,-0.00148098,9.1563,8.3100,-0.3409,-12.2720,-1.0957,331.4570,36.0000,,9.1563,2.1082,4.2165,16.8659,21.0824,21.0824,25.2988,4.2165,0.0,5.0,6.0,2.171547,27,40,2,2,0E-8,-0.03702455,,0E-8,0.000000,0.902557,0.000000,,2026-04-06,2026-04-10,5,56,52,5,1.000000,,,0.000000,,,,,,,,GLOBAL_BASELINE_NO_ENTITY_RANKING,,,NOT_APPLICABLE_GLOBAL_BASELINE,HF9g-P5,,,,X 全窗基线 · 不参与实体赏罚,3929324,393,A168_HF9F_20260827_0900,2026-08-27 09:00:00
2026-04-08,148296243,2233,0,6.3247106445,-6.3247106445,-6.3247106445,0E-7,2,2,0.50665070000000000,0.506650700000,-1.4331513700195317,-1.4331513700195317,-1.4331513700195317,0E-17,ELIGIBLE,R03b_20260811_FULL_v1,L1_ELIGIBILITY,v2026-08-11,2026-03-21..2026-08-06,baccarat_bet02_101_all_pairs_incl_sentinel,round_win = game_pnl > 0 (decisive only),COMPATIBILITY_ONLY_NOT_PRODUCTION,1657.2850,1495.7941,-61.3602,181,180,0.03702455,,0.03702455,0.03702455,61.3602,1657.2850,OK,0.0000,-2.4544,4.0000,96.0000,AG03-UNRESOLVED,ALL5_LEVELS_bet23_to_bet27,-2.4544,-2.4544,-2.4544,-2.4544,-2.4544,4.000000,4.000000,4.000000,4.000000,4.000000,96.000000,96.000000,96.000000,96.000000,96.000000,5.0,-12.2720,-11.3288,-49.0882,-50.0315,PENDING_AG03,FALSE,NOT_FOR_ENFORCEMENT,-58.9058,1435.9623,-61.3602,-58.9058,-2.4544,-0.03702455,-0.03554357,-2.4544,-58.9058,-0.03554357,-2.4544,-2.4544,-2.4544,-2.4544,-2.4544,-58.9058,-0.03554357,-12.2720,-11.3288,-49.0882,-50.0315,-0.02961964,-0.03018881,-0.00148098,9.1563,8.3100,-0.3409,-12.2720,-1.0957,331.4570,36.0000,,9.1563,2.1082,4.2165,16.8659,21.0824,21.0824,25.2988,4.2165,0.0,5.0,6.0,2.171547,27,40,2,2,0E-8,-0.03702455,,0E-8,0.000000,0.902557,0.000000,,2026-04-06,2026-04-10,5,56,52,5,1.000000,,,0.000000,,,,,,,,GLOBAL_BASELINE_NO_ENTITY_RANKING,,,NOT_APPLICABLE_GLOBAL_BASELINE,HF9g-P5,,,,X 全窗基线 · 不参与实体赏罚,3929325,393,A168_HF9F_20260827_0900,2026-08-27 09:00:00
2026-04-08,148296243,2237,0,2.1082368815,-2.1082368815,-2.1082368815,0E-7,1,1,0.50665070000000000,0.506650700000,-1.013391052207602,-1.013391052207602,-1.013391052207602,0E-17,ELIGIBLE,R03b_20260811_FULL_v1,L1_ELIGIBILITY,v2026-08-11,2026-03-21..2026-08-06,baccarat_bet02_101_all_pairs_incl_sentinel,round_win = game_pnl > 0 (decisive only),COMPATIBILITY_ONLY_NOT_PRODUCTION,1657.2850,1495.7941,-61.3602,181,180,0.03702455,,0.03702455,0.03702455,61.3602,1657.2850,OK,0.0000,-2.4544,4.0000,96.0000,AG03-UNRESOLVED,ALL5_LEVELS_bet23_to_bet27,-2.4544,-2.4544,-2.4544,-2.4544,-2.4544,4.000000,4.000000,4.000000,4.000000,4.000000,96.000000,96.000000,96.000000,96.000000,96.000000,5.0,-12.2720,-11.3288,-49.0882,-50.0315,PENDING_AG03,FALSE,NOT_FOR_ENFORCEMENT,-58.9058,1435.9623,-61.3602,-58.9058,-2.4544,-0.03702455,-0.03554357,-2.4544,-58.9058,-0.03554357,-2.4544,-2.4544,-2.4544,-2.4544,-2.4544,-58.9058,-0.03554357,-12.2720,-11.3288,-49.0882,-50.0315,-0.02961964,-0.03018881,-0.00148098,9.1563,8.3100,-0.3409,-12.2720,-1.0957,331.4570,36.0000,,9.1563,2.1082,4.2165,16.8659,21.0824,21.0824,25.2988,4.2165,0.0,5.0,6.0,2.171547,27,40,2,2,0E-8,-0.03702455,,0E-8,0.000000,0.902557,0.000000,,2026-04-06,2026-04-10,5,56,52,5,1.000000,,,0.000000,,,,,,,,GLOBAL_BASELINE_NO_ENTITY_RANKING,,,NOT_APPLICABLE_GLOBAL_BASELINE,HF9g-P5,,,,X 全窗基线 · 不参与实体赏罚,3929326,393,A168_HF9F_20260827_0900,2026-08-27 09:00:00
2026-04-08,148296243,2241,0,2.1082368815,-2.1082368815,-2.1082368815,0E-7,1,1,0.50665070000000000,0.506650700000,-1.013391052207602,-1.013391052207602,-1.013391052207602,0E-17,ELIGIBLE,R03b_20260811_FULL_v1,L1_ELIGIBILITY,v2026-08-11,2026-03-21..2026-08-06,baccarat_bet02_101_all_pairs_incl_sentinel,round_win = game_pnl > 0 (decisive only),COMPATIBILITY_ONLY_NOT_PRODUCTION,1657.2850,1495.7941,-61.3602,181,180,0.03702455,,0.03702455,0.03702455,61.3602,1657.2850,OK,0.0000,-2.4544,4.0000,96.0000,AG03-UNRESOLVED,ALL5_LEVELS_bet23_to_bet27,-2.4544,-2.4544,-2.4544,-2.4544,-2.4544,4.000000,4.000000,4.000000,4.000000,4.000000,96.000000,96.000000,96.000000,96.000000,96.000000,5.0,-12.2720,-11.3288,-49.0882,-50.0315,PENDING_AG03,FALSE,NOT_FOR_ENFORCEMENT,-58.9058,1435.9623,-61.3602,-58.9058,-2.4544,-0.03702455,-0.03554357,-2.4544,-58.9058,-0.03554357,-2.4544,-2.4544,-2.4544,-2.4544,-2.4544,-58.9058,-0.03554357,-12.2720,-11.3288,-49.0882,-50.0315,-0.02961964,-0.03018881,-0.00148098,9.1563,8.3100,-0.3409,-12.2720,-1.0957,331.4570,36.0000,,9.1563,2.1082,4.2165,16.8659,21.0824,21.0824,25.2988,4.2165,0.0,5.0,6.0,2.171547,27,40,2,2,0E-8,-0.03702455,,0E-8,0.000000,0.902557,0.000000,,2026-04-06,2026-04-10,5,56,52,5,1.000000,,,0.000000,,,,,,,,GLOBAL_BASELINE_NO_ENTITY_RANKING,,,NOT_APPLICABLE_GLOBAL_BASELINE,HF9g-P5,,,,X 全窗基线 · 不参与实体赏罚,3929327,393,A168_HF9F_20260827_0900,2026-08-27 09:00:00
2026-04-08,148296243,2250,0,6.3247106445,2.0028250374,2.0028250374,0.5000000,3,2,0.49659680000000000,0.496596800000,0.009625926164049043,0.009625926164049045,0.009625926164049043,0E-17,ELIGIBLE,R03b_20260811_FULL_v1,L1_ELIGIBILITY,v2026-08-11,2026-03-21..2026-08-06,baccarat_bet02_101_all_pairs_incl_sentinel,round_win = game_pnl > 0 (decisive only),COMPATIBILITY_ONLY_NOT_PRODUCTION,1657.2850,1495.7941,-61.3602,181,180,0.03702455,,0.03702455,0.03702455,61.3602,1657.2850,OK,0.0000,-2.4544,4.0000,96.0000,AG03-UNRESOLVED,ALL5_LEVELS_bet23_to_bet27,-2.4544,-2.4544,-2.4544,-2.4544,-2.4544,4.000000,4.000000,4.000000,4.000000,4.000000,96.000000,96.000000,96.000000,96.000000,96.000000,5.0,-12.2720,-11.3288,-49.0882,-50.0315,PENDING_AG03,FALSE,NOT_FOR_ENFORCEMENT,-58.9058,1435.9623,-61.3602,-58.9058,-2.4544,-0.03702455,-0.03554357,-2.4544,-58.9058,-0.03554357,-2.4544,-2.4544,-2.4544,-2.4544,-2.4544,-58.9058,-0.03554357,-12.2720,-11.3288,-49.0882,-50.0315,-0.02961964,-0.03018881,-0.00148098,9.1563,8.3100,-0.3409,-12.2720,-1.0957,331.4570,36.0000,,9.1563,2.1082,4.2165,16.8659,21.0824,21.0824,25.2988,4.2165,0.0,5.0,6.0,2.171547,27,40,2,2,0E-8,-0.03702455,,0E-8,0.000000,0.902557,0.000000,,2026-04-06,2026-04-10,5,56,52,5,1.000000,,,0.000000,,,,,,,,GLOBAL_BASELINE_NO_ENTITY_RANKING,,,NOT_APPLICABLE_GLOBAL_BASELINE,HF9g-P5,,,,X 全窗基线 · 不参与实体赏罚,3929328,393,A168_HF9F_20260827_0900,2026-08-27 09:00:00
2026-04-08,148296243,925,0,10.5411844075,-4.2164737630,-4.2164737630,0.2500000,5,5,0.49592654000000000,0.495926540000,-0.983738807048034,-0.983738807048034,-0.983738807048034,0E-17,ELIGIBLE,R03b_20260811_FULL_v1,L1_ELIGIBILITY,v2026-08-11,2026-03-21..2026-08-06,baccarat_bet02_101_all_pairs_incl_sentinel,round_win = game_pnl > 0 (decisive only),COMPATIBILITY_ONLY_NOT_PRODUCTION,1657.2850,1495.7941,-61.3602,181,180,0.03702455,,0.03702455,0.03702455,61.3602,1657.2850,OK,0.0000,-2.4544,4.0000,96.0000,AG03-UNRESOLVED,ALL5_LEVELS_bet23_to_bet27,-2.4544,-2.4544,-2.4544,-2.4544,-2.4544,4.000000,4.000000,4.000000,4.000000,4.000000,96.000000,96.000000,96.000000,96.000000,96.000000,5.0,-12.2720,-11.3288,-49.0882,-50.0315,PENDING_AG03,FALSE,NOT_FOR_ENFORCEMENT,-58.9058,1435.9623,-61.3602,-58.9058,-2.4544,-0.03702455,-0.03554357,-2.4544,-58.9058,-0.03554357,-2.4544,-2.4544,-2.4544,-2.4544,-2.4544,-58.9058,-0.03554357,-12.2720,-11.3288,-49.0882,-50.0315,-0.02961964,-0.03018881,-0.00148098,9.1563,8.3100,-0.3409,-12.2720,-1.0957,331.4570,36.0000,,9.1563,2.1082,4.2165,16.8659,21.0824,21.0824,25.2988,4.2165,0.0,5.0,6.0,2.171547,27,40,2,2,0E-8,-0.03702455,,0E-8,0.000000,0.902557,0.000000,,2026-04-06,2026-04-10,5,56,52,5,1.000000,,,0.000000,,,,,,,,GLOBAL_BASELINE_NO_ENTITY_RANKING,,,NOT_APPLICABLE_GLOBAL_BASELINE,HF9g-P5,,,,X 全窗基线 · 不参与实体赏罚,3929329,393,A168_HF9F_20260827_0900,2026-08-27 09:00:00
2026-04-08,148296243,970,0,37.9482638670,-19.1849556217,-19.1849556217,0.2727273,13,13,0.50046368461538462,0.500463684615,-1.510633108252117,-1.5106331082495645,-1.510633108252117,3.8462E-13,ELIGIBLE,R03b_20260811_FULL_v1,L1_ELIGIBILITY,v2026-08-11,2026-03-21..2026-08-06,baccarat_bet02_101_all_pairs_incl_sentinel,round_win = game_pnl > 0 (decisive only),COMPATIBILITY_ONLY_NOT_PRODUCTION,1657.2850,1495.7941,-61.3602,181,180,0.03702455,,0.03702455,0.03702455,61.3602,1657.2850,OK,0.0000,-2.4544,4.0000,96.0000,AG03-UNRESOLVED,ALL5_LEVELS_bet23_to_bet27,-2.4544,-2.4544,-2.4544,-2.4544,-2.4544,4.000000,4.000000,4.000000,4.000000,4.000000,96.000000,96.000000,96.000000,96.000000,96.000000,5.0,-12.2720,-11.3288,-49.0882,-50.0315,PENDING_AG03,FALSE,NOT_FOR_ENFORCEMENT,-58.9058,1435.9623,-61.3602,-58.9058,-2.4544,-0.03702455,-0.03554357,-2.4544,-58.9058,-0.03554357,-2.4544,-2.4544,-2.4544,-2.4544,-2.4544,-58.9058,-0.03554357,-12.2720,-11.3288,-49.0882,-50.0315,-0.02961964,-0.03018881,-0.00148098,9.1563,8.3100,-0.3409,-12.2720,-1.0957,331.4570,36.0000,,9.1563,2.1082,4.2165,16.8659,21.0824,21.0824,25.2988,4.2165,0.0,5.0,6.0,2.171547,27,40,2,2,0E-8,-0.03702455,,0E-8,0.000000,0.902557,0.000000,,2026-04-06,2026-04-10,5,56,52,5,1.000000,,,0.000000,,,,,,,,GLOBAL_BASELINE_NO_ENTITY_RANKING,,,NOT_APPLICABLE_GLOBAL_BASELINE,HF9g-P5,,,,X 全窗基线 · 不参与实体赏罚,3929330,393,A168_HF9F_20260827_0900,2026-08-27 09:00:00
2026-04-08,148296243,986,0,34.1534374802,0.8432947525,0.8432947525,0.4444444,10,10,0.49324550000000000,0.493245500000,-0.29283305455567077,-0.29283305455567077,-0.29283305455567077,0E-17,ELIGIBLE,R03b_20260811_FULL_v1,L1_ELIGIBILITY,v2026-08-11,2026-03-21..2026-08-06,baccarat_bet02_101_all_pairs_incl_sentinel,round_win = game_pnl > 0 (decisive only),COMPATIBILITY_ONLY_NOT_PRODUCTION,1657.2850,1495.7941,-61.3602,181,180,0.03702455,,0.03702455,0.03702455,61.3602,1657.2850,OK,0.0000,-2.4544,4.0000,96.0000,AG03-UNRESOLVED,ALL5_LEVELS_bet23_to_bet27,-2.4544,-2.4544,-2.4544,-2.4544,-2.4544,4.000000,4.000000,4.000000,4.000000,4.000000,96.000000,96.000000,96.000000,96.000000,96.000000,5.0,-12.2720,-11.3288,-49.0882,-50.0315,PENDING_AG03,FALSE,NOT_FOR_ENFORCEMENT,-58.9058,1435.9623,-61.3602,-58.9058,-2.4544,-0.03702455,-0.03554357,-2.4544,-58.9058,-0.03554357,-2.4544,-2.4544,-2.4544,-2.4544,-2.4544,-58.9058,-0.03554357,-12.2720,-11.3288,-49.0882,-50.0315,-0.02961964,-0.03018881,-0.00148098,9.1563,8.3100,-0.3409,-12.2720,-1.0957,331.4570,36.0000,,9.1563,2.1082,4.2165,16.8659,21.0824,21.0824,25.2988,4.2165,0.0,5.0,6.0,2.171547,27,40,2,2,0E-8,-0.03702455,,0E-8,0.000000,0.902557,0.000000,,2026-04-06,2026-04-10,5,56,52,5,1.000000,,,0.000000,,,,,,,,GLOBAL_BASELINE_NO_ENTITY_RANKING,,,NOT_APPLICABLE_GLOBAL_BASELINE,HF9g-P5,,,,X 全窗基线 · 不参与实体赏罚,3929331,393,A168_HF9F_20260827_0900,2026-08-27 09:00:00
2026-04-09,148296243,1353,0,4.2164737630,-4.2164737630,-4.2164737630,0E-7,1,1,0.50665070000000000,0.506650700000,-1.013391052207602,-1.013391052207602,-1.013391052207602,0E-17,ELIGIBLE,R03b_20260811_FULL_v1,L1_ELIGIBILITY,v2026-08-11,2026-03-21..2026-08-06,baccarat_bet02_101_all_pairs_incl_sentinel,round_win = game_pnl > 0 (decisive only),COMPATIBILITY_ONLY_NOT_PRODUCTION,1657.2850,1495.7941,-61.3602,181,180,0.03702455,,0.03702455,0.03702455,61.3602,1657.2850,OK,0.0000,-2.4544,4.0000,96.0000,AG03-UNRESOLVED,ALL5_LEVELS_bet23_to_bet27,-2.4544,-2.4544,-2.4544,-2.4544,-2.4544,4.000000,4.000000,4.000000,4.000000,4.000000,96.000000,96.000000,96.000000,96.000000,96.000000,5.0,-12.2720,-11.3288,-49.0882,-50.0315,PENDING_AG03,FALSE,NOT_FOR_ENFORCEMENT,-58.9058,1435.9623,-61.3602,-58.9058,-2.4544,-0.03702455,-0.03554357,-2.4544,-58.9058,-0.03554357,-2.4544,-2.4544,-2.4544,-2.4544,-2.4544,-58.9058,-0.03554357,-12.2720,-11.3288,-49.0882,-50.0315,-0.02961964,-0.03018881,-0.00148098,9.1563,8.3100,-0.3409,-12.2720,-1.0957,331.4570,36.0000,,9.1563,2.1082,4.2165,16.8659,21.0824,21.0824,25.2988,4.2165,0.0,5.0,6.0,2.171547,27,40,2,2,0E-8,-0.03702455,,0E-8,0.000000,0.902557,0.000000,,2026-04-06,2026-04-10,5,56,52,5,1.000000,,,0.000000,,,,,,,,GLOBAL_BASELINE_NO_ENTITY_RANKING,,,NOT_APPLICABLE_GLOBAL_BASELINE,HF9g-P5,,,,X 全窗基线 · 不参与实体赏罚,3929332,393,A168_HF9F_20260827_0900,2026-08-27 09:00:00
2026-04-09,148296243,1399,0,12.4385976008,-4.2164737630,-4.2164737630,0.5000000,2,2,0.50665070000000000,0.506650700000,-0.018812684590367487,-0.018812684590367487,-0.018812684590367487,0E-17,ELIGIBLE,R03b_20260811_FULL_v1,L1_ELIGIBILITY,v2026-08-11,2026-03-21..2026-08-06,baccarat_bet02_101_all_pairs_incl_sentinel,round_win = game_pnl > 0 (decisive only),COMPATIBILITY_ONLY_NOT_PRODUCTION,1657.2850,1495.7941,-61.3602,181,180,0.03702455,,0.03702455,0.03702455,61.3602,1657.2850,OK,0.0000,-2.4544,4.0000,96.0000,AG03-UNRESOLVED,ALL5_LEVELS_bet23_to_bet27,-2.4544,-2.4544,-2.4544,-2.4544,-2.4544,4.000000,4.000000,4.000000,4.000000,4.000000,96.000000,96.000000,96.000000,96.000000,96.000000,5.0,-12.2720,-11.3288,-49.0882,-50.0315,PENDING_AG03,FALSE,NOT_FOR_ENFORCEMENT,-58.9058,1435.9623,-61.3602,-58.9058,-2.4544,-0.03702455,-0.03554357,-2.4544,-58.9058,-0.03554357,-2.4544,-2.4544,-2.4544,-2.4544,-2.4544,-58.9058,-0.03554357,-12.2720,-11.3288,-49.0882,-50.0315,-0.02961964,-0.03018881,-0.00148098,9.1563,8.3100,-0.3409,-12.2720,-1.0957,331.4570,36.0000,,9.1563,2.1082,4.2165,16.8659,21.0824,21.0824,25.2988,4.2165,0.0,5.0,6.0,2.171547,27,40,2,2,0E-8,-0.03702455,,0E-8,0.000000,0.902557,0.000000,,2026-04-06,2026-04-10,5,56,52,5,1.000000,,,0.000000,,,,,,,,GLOBAL_BASELINE_NO_ENTITY_RANKING,,,NOT_APPLICABLE_GLOBAL_BASELINE,HF9g-P5,,,,X 全窗基线 · 不参与实体赏罚,3929333,393,A168_HF9F_20260827_0900,2026-08-27 09:00:00
2026-04-09,148296243,1402,0,21.0823688150,-21.0823688150,-21.0823688150,0E-7,1,1,0.50665070000000000,0.506650700000,-1.013391052207602,-1.013391052207602,-1.013391052207602,0E-17,ELIGIBLE,R03b_20260811_FULL_v1,L1_ELIGIBILITY,v2026-08-11,2026-03-21..2026-08-06,baccarat_bet02_101_all_pairs_incl_sentinel,round_win = game_pnl > 0 (decisive only),COMPATIBILITY_ONLY_NOT_PRODUCTION,1657.2850,1495.7941,-61.3602,181,180,0.03702455,,0.03702455,0.03702455,61.3602,1657.2850,OK,0.0000,-2.4544,4.0000,96.0000,AG03-UNRESOLVED,ALL5_LEVELS_bet23_to_bet27,-2.4544,-2.4544,-2.4544,-2.4544,-2.4544,4.000000,4.000000,4.000000,4.000000,4.000000,96.000000,96.000000,96.000000,96.000000,96.000000,5.0,-12.2720,-11.3288,-49.0882,-50.0315,PENDING_AG03,FALSE,NOT_FOR_ENFORCEMENT,-58.9058,1435.9623,-61.3602,-58.9058,-2.4544,-0.03702455,-0.03554357,-2.4544,-58.9058,-0.03554357,-2.4544,-2.4544,-2.4544,-2.4544,-2.4544,-58.9058,-0.03554357,-12.2720,-11.3288,-49.0882,-50.0315,-0.02961964,-0.03018881,-0.00148098,9.1563,8.3100,-0.3409,-12.2720,-1.0957,331.4570,36.0000,,9.1563,2.1082,4.2165,16.8659,21.0824,21.0824,25.2988,4.2165,0.0,5.0,6.0,2.171547,27,40,2,2,0E-8,-0.03702455,,0E-8,0.000000,0.902557,0.000000,,2026-04-06,2026-04-10,5,56,52,5,1.000000,,,0.000000,,,,,,,,GLOBAL_BASELINE_NO_ENTITY_RANKING,,,NOT_APPLICABLE_GLOBAL_BASELINE,HF9g-P5,,,,X 全窗基线 · 不参与实体赏罚,3929334,393,A168_HF9F_20260827_0900,2026-08-27 09:00:00
2026-04-09,148296243,1646,0,4.2164737630,-4.2164737630,-4.2164737630,0E-7,1,1,0.49324550000000000,0.493245500000,-0.9865810262130424,-0.9865810262130424,-0.9865810262130424,0E-17,ELIGIBLE,R03b_20260811_FULL_v1,L1_ELIGIBILITY,v2026-08-11,2026-03-21..2026-08-06,baccarat_bet02_101_all_pairs_incl_sentinel,round_win = game_pnl > 0 (decisive only),COMPATIBILITY_ONLY_NOT_PRODUCTION,1657.2850,1495.7941,-61.3602,181,180,0.03702455,,0.03702455,0.03702455,61.3602,1657.2850,OK,0.0000,-2.4544,4.0000,96.0000,AG03-UNRESOLVED,ALL5_LEVELS_bet23_to_bet27,-2.4544,-2.4544,-2.4544,-2.4544,-2.4544,4.000000,4.000000,4.000000,4.000000,4.000000,96.000000,96.000000,96.000000,96.000000,96.000000,5.0,-12.2720,-11.3288,-49.0882,-50.0315,PENDING_AG03,FALSE,NOT_FOR_ENFORCEMENT,-58.9058,1435.9623,-61.3602,-58.9058,-2.4544,-0.03702455,-0.03554357,-2.4544,-58.9058,-0.03554357,-2.4544,-2.4544,-2.4544,-2.4544,-2.4544,-58.9058,-0.03554357,-12.2720,-11.3288,-49.0882,-50.0315,-0.02961964,-0.03018881,-0.00148098,9.1563,8.3100,-0.3409,-12.2720,-1.0957,331.4570,36.0000,,9.1563,2.1082,4.2165,16.8659,21.0824,21.0824,25.2988,4.2165,0.0,5.0,6.0,2.171547,27,40,2,2,0E-8,-0.03702455,,0E-8,0.000000,0.902557,0.000000,,2026-04-06,2026-04-10,5,56,52,5,1.000000,,,0.000000,,,,,,,,GLOBAL_BASELINE_NO_ENTITY_RANKING,,,NOT_APPLICABLE_GLOBAL_BASELINE,HF9g-P5,,,,X 全窗基线 · 不参与实体赏罚,3929335,393,A168_HF9F_20260827_0900,2026-08-27 09:00:00
2026-04-09,148296243,1957,0,4.2164737630,-4.2164737630,-4.2164737630,0E-7,1,1,0.49324550000000000,0.493245500000,-0.9865810262130424,-0.9865810262130424,-0.9865810262130424,0E-17,ELIGIBLE,R03b_20260811_FULL_v1,L1_ELIGIBILITY,v2026-08-11,2026-03-21..2026-08-06,baccarat_bet02_101_all_pairs_incl_sentinel,round_win = game_pnl > 0 (decisive only),COMPATIBILITY_ONLY_NOT_PRODUCTION,1657.2850,1495.7941,-61.3602,181,180,0.03702455,,0.03702455,0.03702455,61.3602,1657.2850,OK,0.0000,-2.4544,4.0000,96.0000,AG03-UNRESOLVED,ALL5_LEVELS_bet23_to_bet27,-2.4544,-2.4544,-2.4544,-2.4544,-2.4544,4.000000,4.000000,4.000000,4.000000,4.000000,96.000000,96.000000,96.000000,96.000000,96.000000,5.0,-12.2720,-11.3288,-49.0882,-50.0315,PENDING_AG03,FALSE,NOT_FOR_ENFORCEMENT,-58.9058,1435.9623,-61.3602,-58.9058,-2.4544,-0.03702455,-0.03554357,-2.4544,-58.9058,-0.03554357,-2.4544,-2.4544,-2.4544,-2.4544,-2.4544,-58.9058,-0.03554357,-12.2720,-11.3288,-49.0882,-50.0315,-0.02961964,-0.03018881,-0.00148098,9.1563,8.3100,-0.3409,-12.2720,-1.0957,331.4570,36.0000,,9.1563,2.1082,4.2165,16.8659,21.0824,21.0824,25.2988,4.2165,0.0,5.0,6.0,2.171547,27,40,2,2,0E-8,-0.03702455,,0E-8,0.000000,0.902557,0.000000,,2026-04-06,2026-04-10,5,56,52,5,1.000000,,,0.000000,,,,,,,,GLOBAL_BASELINE_NO_ENTITY_RANKING,,,NOT_APPLICABLE_GLOBAL_BASELINE,HF9g-P5,,,,X 全窗基线 · 不参与实体赏罚,3929336,393,A168_HF9F_20260827_0900,2026-08-27 09:00:00
2026-04-09,148296243,2201,0,4.2164737630,-4.2164737630,-4.2164737630,0E-7,1,1,0.50665070000000000,0.506650700000,-1.013391052207602,-1.013391052207602,-1.013391052207602,0E-17,ELIGIBLE,R03b_20260811_FULL_v1,L1_ELIGIBILITY,v2026-08-11,2026-03-21..2026-08-06,baccarat_bet02_101_all_pairs_incl_sentinel,round_win = game_pnl > 0 (decisive only),COMPATIBILITY_ONLY_NOT_PRODUCTION,1657.2850,1495.7941,-61.3602,181,180,0.03702455,,0.03702455,0.03702455,61.3602,1657.2850,OK,0.0000,-2.4544,4.0000,96.0000,AG03-UNRESOLVED,ALL5_LEVELS_bet23_to_bet27,-2.4544,-2.4544,-2.4544,-2.4544,-2.4544,4.000000,4.000000,4.000000,4.000000,4.000000,96.000000,96.000000,96.000000,96.000000,96.000000,5.0,-12.2720,-11.3288,-49.0882,-50.0315,PENDING_AG03,FALSE,NOT_FOR_ENFORCEMENT,-58.9058,1435.9623,-61.3602,-58.9058,-2.4544,-0.03702455,-0.03554357,-2.4544,-58.9058,-0.03554357,-2.4544,-2.4544,-2.4544,-2.4544,-2.4544,-58.9058,-0.03554357,-12.2720,-11.3288,-49.0882,-50.0315,-0.02961964,-0.03018881,-0.00148098,9.1563,8.3100,-0.3409,-12.2720,-1.0957,331.4570,36.0000,,9.1563,2.1082,4.2165,16.8659,21.0824,21.0824,25.2988,4.2165,0.0,5.0,6.0,2.171547,27,40,2,2,0E-8,-0.03702455,,0E-8,0.000000,0.902557,0.000000,,2026-04-06,2026-04-10,5,56,52,5,1.000000,,,0.000000,,,,,,,,GLOBAL_BASELINE_NO_ENTITY_RANKING,,,NOT_APPLICABLE_GLOBAL_BASELINE,HF9g-P5,,,,X 全窗基线 · 不参与实体赏罚,3929337,393,A168_HF9F_20260827_0900,2026-08-27 09:00:00
2026-04-10,148296243,-1,1,9.4870659667,-9.4870659667,-9.4870659667,0E-7,1,1,0.49324550000000000,0.493245500000,-0.9865810262130424,-0.9865810262130424,-0.9865810262130424,0E-17,SENTINEL_DEALER,R03b_20260811_FULL_v1,L1_ELIGIBILITY,v2026-08-11,2026-03-21..2026-08-06,baccarat_bet02_101_all_pairs_incl_sentinel,round_win = game_pnl > 0 (decisive only),COMPATIBILITY_ONLY_NOT_PRODUCTION,1657.2850,1495.7941,-61.3602,181,180,0.03702455,,0.03702455,0.03702455,61.3602,1657.2850,OK,0.0000,-2.4544,4.0000,96.0000,AG03-UNRESOLVED,ALL5_LEVELS_bet23_to_bet27,-2.4544,-2.4544,-2.4544,-2.4544,-2.4544,4.000000,4.000000,4.000000,4.000000,4.000000,96.000000,96.000000,96.000000,96.000000,96.000000,5.0,-12.2720,-11.3288,-49.0882,-50.0315,PENDING_AG03,FALSE,NOT_FOR_ENFORCEMENT,-58.9058,1435.9623,-61.3602,-58.9058,-2.4544,-0.03702455,-0.03554357,-2.4544,-58.9058,-0.03554357,-2.4544,-2.4544,-2.4544,-2.4544,-2.4544,-58.9058,-0.03554357,-12.2720,-11.3288,-49.0882,-50.0315,-0.02961964,-0.03018881,-0.00148098,9.1563,8.3100,-0.3409,-12.2720,-1.0957,331.4570,36.0000,,9.1563,2.1082,4.2165,16.8659,21.0824,21.0824,25.2988,4.2165,0.0,5.0,6.0,2.171547,27,40,2,2,0E-8,-0.03702455,,0E-8,0.000000,0.902557,0.000000,,2026-04-06,2026-04-10,5,56,52,5,1.000000,,,0.000000,,,,,,,,GLOBAL_BASELINE_NO_ENTITY_RANKING,,,NOT_APPLICABLE_GLOBAL_BASELINE,HF9g-P5,,,,X 全窗基线 · 不参与实体赏罚,3929338,393,A168_HF9F_20260827_0900,2026-08-27 09:00:00
2026-04-10,148296243,1017,0,21.0823688150,-0.5270592204,-0.5270592204,0.5000000,2,2,0.50665070000000000,0.506650700000,-0.018812684590367487,-0.018812684590367487,-0.018812684590367487,0E-17,ELIGIBLE,R03b_20260811_FULL_v1,L1_ELIGIBILITY,v2026-08-11,2026-03-21..2026-08-06,baccarat_bet02_101_all_pairs_incl_sentinel,round_win = game_pnl > 0 (decisive only),COMPATIBILITY_ONLY_NOT_PRODUCTION,1657.2850,1495.7941,-61.3602,181,180,0.03702455,,0.03702455,0.03702455,61.3602,1657.2850,OK,0.0000,-2.4544,4.0000,96.0000,AG03-UNRESOLVED,ALL5_LEVELS_bet23_to_bet27,-2.4544,-2.4544,-2.4544,-2.4544,-2.4544,4.000000,4.000000,4.000000,4.000000,4.000000,96.000000,96.000000,96.000000,96.000000,96.000000,5.0,-12.2720,-11.3288,-49.0882,-50.0315,PENDING_AG03,FALSE,NOT_FOR_ENFORCEMENT,-58.9058,1435.9623,-61.3602,-58.9058,-2.4544,-0.03702455,-0.03554357,-2.4544,-58.9058,-0.03554357,-2.4544,-2.4544,-2.4544,-2.4544,-2.4544,-58.9058,-0.03554357,-12.2720,-11.3288,-49.0882,-50.0315,-0.02961964,-0.03018881,-0.00148098,9.1563,8.3100,-0.3409,-12.2720,-1.0957,331.4570,36.0000,,9.1563,2.1082,4.2165,16.8659,21.0824,21.0824,25.2988,4.2165,0.0,5.0,6.0,2.171547,27,40,2,2,0E-8,-0.03702455,,0E-8,0.000000,0.902557,0.000000,,2026-04-06,2026-04-10,5,56,52,5,1.000000,,,0.000000,,,,,,,,GLOBAL_BASELINE_NO_ENTITY_RANKING,,,NOT_APPLICABLE_GLOBAL_BASELINE,HF9g-P5,,,,X 全窗基线 · 不参与实体赏罚,3929339,393,A168_HF9F_20260827_0900,2026-08-27 09:00:00
2026-04-10,148296243,1963,0,10.5411844075,-10.5411844075,-10.5411844075,0E-7,1,1,0.49324550000000000,0.493245500000,-0.9865810262130424,-0.9865810262130424,-0.9865810262130424,0E-17,ELIGIBLE,R03b_20260811_FULL_v1,L1_ELIGIBILITY,v2026-08-11,2026-03-21..2026-08-06,baccarat_bet02_101_all_pairs_incl_sentinel,round_win = game_pnl > 0 (decisive only),COMPATIBILITY_ONLY_NOT_PRODUCTION,1657.2850,1495.7941,-61.3602,181,180,0.03702455,,0.03702455,0.03702455,61.3602,1657.2850,OK,0.0000,-2.4544,4.0000,96.0000,AG03-UNRESOLVED,ALL5_LEVELS_bet23_to_bet27,-2.4544,-2.4544,-2.4544,-2.4544,-2.4544,4.000000,4.000000,4.000000,4.000000,4.000000,96.000000,96.000000,96.000000,96.000000,96.000000,5.0,-12.2720,-11.3288,-49.0882,-50.0315,PENDING_AG03,FALSE,NOT_FOR_ENFORCEMENT,-58.9058,1435.9623,-61.3602,-58.9058,-2.4544,-0.03702455,-0.03554357,-2.4544,-58.9058,-0.03554357,-2.4544,-2.4544,-2.4544,-2.4544,-2.4544,-58.9058,-0.03554357,-12.2720,-11.3288,-49.0882,-50.0315,-0.02961964,-0.03018881,-0.00148098,9.1563,8.3100,-0.3409,-12.2720,-1.0957,331.4570,36.0000,,9.1563,2.1082,4.2165,16.8659,21.0824,21.0824,25.2988,4.2165,0.0,5.0,6.0,2.171547,27,40,2,2,0E-8,-0.03702455,,0E-8,0.000000,0.902557,0.000000,,2026-04-06,2026-04-10,5,56,52,5,1.000000,,,0.000000,,,,,,,,GLOBAL_BASELINE_NO_ENTITY_RANKING,,,NOT_APPLICABLE_GLOBAL_BASELINE,HF9g-P5,,,,X 全窗基线 · 不参与实体赏罚,3929340,393,A168_HF9F_20260827_0900,2026-08-27 09:00:00
2026-04-10,148296243,2222,0,10.5411844075,-10.5411844075,-10.5411844075,0E-7,1,1,0.50665070000000000,0.506650700000,-1.013391052207602,-1.013391052207602,-1.013391052207602,0E-17,ELIGIBLE,R03b_20260811_FULL_v1,L1_ELIGIBILITY,v2026-08-11,2026-03-21..2026-08-06,baccarat_bet02_101_all_pairs_incl_sentinel,round_win = game_pnl > 0 (decisive only),COMPATIBILITY_ONLY_NOT_PRODUCTION,1657.2850,1495.7941,-61.3602,181,180,0.03702455,,0.03702455,0.03702455,61.3602,1657.2850,OK,0.0000,-2.4544,4.0000,96.0000,AG03-UNRESOLVED,ALL5_LEVELS_bet23_to_bet27,-2.4544,-2.4544,-2.4544,-2.4544,-2.4544,4.000000,4.000000,4.000000,4.000000,4.000000,96.000000,96.000000,96.000000,96.000000,96.000000,5.0,-12.2720,-11.3288,-49.0882,-50.0315,PENDING_AG03,FALSE,NOT_FOR_ENFORCEMENT,-58.9058,1435.9623,-61.3602,-58.9058,-2.4544,-0.03702455,-0.03554357,-2.4544,-58.9058,-0.03554357,-2.4544,-2.4544,-2.4544,-2.4544,-2.4544,-58.9058,-0.03554357,-12.2720,-11.3288,-49.0882,-50.0315,-0.02961964,-0.03018881,-0.00148098,9.1563,8.3100,-0.3409,-12.2720,-1.0957,331.4570,36.0000,,9.1563,2.1082,4.2165,16.8659,21.0824,21.0824,25.2988,4.2165,0.0,5.0,6.0,2.171547,27,40,2,2,0E-8,-0.03702455,,0E-8,0.000000,0.902557,0.000000,,2026-04-06,2026-04-10,5,56,52,5,1.000000,,,0.000000,,,,,,,,GLOBAL_BASELINE_NO_ENTITY_RANKING,,,NOT_APPLICABLE_GLOBAL_BASELINE,HF9g-P5,,,,X 全窗基线 · 不参与实体赏罚,3929341,393,A168_HF9F_20260827_0900,2026-08-27 09:00:00
2026-04-10,148296243,2229,0,10.5411844075,-10.5411844075,-10.5411844075,0E-7,1,1,0.49324550000000000,0.493245500000,-0.9865810262130424,-0.9865810262130424,-0.9865810262130424,0E-17,ELIGIBLE,R03b_20260811_FULL_v1,L1_ELIGIBILITY,v2026-08-11,2026-03-21..2026-08-06,baccarat_bet02_101_all_pairs_incl_sentinel,round_win = game_pnl > 0 (decisive only),COMPATIBILITY_ONLY_NOT_PRODUCTION,1657.2850,1495.7941,-61.3602,181,180,0.03702455,,0.03702455,0.03702455,61.3602,1657.2850,OK,0.0000,-2.4544,4.0000,96.0000,AG03-UNRESOLVED,ALL5_LEVELS_bet23_to_bet27,-2.4544,-2.4544,-2.4544,-2.4544,-2.4544,4.000000,4.000000,4.000000,4.000000,4.000000,96.000000,96.000000,96.000000,96.000000,96.000000,5.0,-12.2720,-11.3288,-49.0882,-50.0315,PENDING_AG03,FALSE,NOT_FOR_ENFORCEMENT,-58.9058,1435.9623,-61.3602,-58.9058,-2.4544,-0.03702455,-0.03554357,-2.4544,-58.9058,-0.03554357,-2.4544,-2.4544,-2.4544,-2.4544,-2.4544,-58.9058,-0.03554357,-12.2720,-11.3288,-49.0882,-50.0315,-0.02961964,-0.03018881,-0.00148098,9.1563,8.3100,-0.3409,-12.2720,-1.0957,331.4570,36.0000,,9.1563,2.1082,4.2165,16.8659,21.0824,21.0824,25.2988,4.2165,0.0,5.0,6.0,2.171547,27,40,2,2,0E-8,-0.03702455,,0E-8,0.000000,0.902557,0.000000,,2026-04-06,2026-04-10,5,56,52,5,1.000000,,,0.000000,,,,,,,,GLOBAL_BASELINE_NO_ENTITY_RANKING,,,NOT_APPLICABLE_GLOBAL_BASELINE,HF9g-P5,,,,X 全窗基线 · 不参与实体赏罚,3929342,393,A168_HF9F_20260827_0900,2026-08-27 09:00:00
2026-04-10,148296243,2232,0,31.6235532225,10.0141251871,10.0141251871,1.0000000,2,2,0.50665070000000000,0.506650700000,0.9867858985152569,0.9867858985152569,0.9867858985152569,0E-17,ELIGIBLE,R03b_20260811_FULL_v1,L1_ELIGIBILITY,v2026-08-11,2026-03-21..2026-08-06,baccarat_bet02_101_all_pairs_incl_sentinel,round_win = game_pnl > 0 (decisive only),COMPATIBILITY_ONLY_NOT_PRODUCTION,1657.2850,1495.7941,-61.3602,181,180,0.03702455,,0.03702455,0.03702455,61.3602,1657.2850,OK,0.0000,-2.4544,4.0000,96.0000,AG03-UNRESOLVED,ALL5_LEVELS_bet23_to_bet27,-2.4544,-2.4544,-2.4544,-2.4544,-2.4544,4.000000,4.000000,4.000000,4.000000,4.000000,96.000000,96.000000,96.000000,96.000000,96.000000,5.0,-12.2720,-11.3288,-49.0882,-50.0315,PENDING_AG03,FALSE,NOT_FOR_ENFORCEMENT,-58.9058,1435.9623,-61.3602,-58.9058,-2.4544,-0.03702455,-0.03554357,-2.4544,-58.9058,-0.03554357,-2.4544,-2.4544,-2.4544,-2.4544,-2.4544,-58.9058,-0.03554357,-12.2720,-11.3288,-49.0882,-50.0315,-0.02961964,-0.03018881,-0.00148098,9.1563,8.3100,-0.3409,-12.2720,-1.0957,331.4570,36.0000,,9.1563,2.1082,4.2165,16.8659,21.0824,21.0824,25.2988,4.2165,0.0,5.0,6.0,2.171547,27,40,2,2,0E-8,-0.03702455,,0E-8,0.000000,0.902557,0.000000,,2026-04-06,2026-04-10,5,56,52,5,1.000000,,,0.000000,,,,,,,,GLOBAL_BASELINE_NO_ENTITY_RANKING,,,NOT_APPLICABLE_GLOBAL_BASELINE,HF9g-P5,,,,X 全窗基线 · 不参与实体赏罚,3929343,393,A168_HF9F_20260827_0900,2026-08-27 09:00:00
2026-04-10,148296243,2241,0,10.5411844075,-10.5411844075,-10.5411844075,0E-7,1,1,0.50665070000000000,0.506650700000,-1.013391052207602,-1.013391052207602,-1.013391052207602,0E-17,ELIGIBLE,R03b_20260811_FULL_v1,L1_ELIGIBILITY,v2026-08-11,2026-03-21..2026-08-06,baccarat_bet02_101_all_pairs_incl_sentinel,round_win = game_pnl > 0 (decisive only),COMPATIBILITY_ONLY_NOT_PRODUCTION,1657.2850,1495.7941,-61.3602,181,180,0.03702455,,0.03702455,0.03702455,61.3602,1657.2850,OK,0.0000,-2.4544,4.0000,96.0000,AG03-UNRESOLVED,ALL5_LEVELS_bet23_to_bet27,-2.4544,-2.4544,-2.4544,-2.4544,-2.4544,4.000000,4.000000,4.000000,4.000000,4.000000,96.000000,96.000000,96.000000,96.000000,96.000000,5.0,-12.2720,-11.3288,-49.0882,-50.0315,PENDING_AG03,FALSE,NOT_FOR_ENFORCEMENT,-58.9058,1435.9623,-61.3602,-58.9058,-2.4544,-0.03702455,-0.03554357,-2.4544,-58.9058,-0.03554357,-2.4544,-2.4544,-2.4544,-2.4544,-2.4544,-58.9058,-0.03554357,-12.2720,-11.3288,-49.0882,-50.0315,-0.02961964,-0.03018881,-0.00148098,9.1563,8.3100,-0.3409,-12.2720,-1.0957,331.4570,36.0000,,9.1563,2.1082,4.2165,16.8659,21.0824,21.0824,25.2988,4.2165,0.0,5.0,6.0,2.171547,27,40,2,2,0E-8,-0.03702455,,0E-8,0.000000,0.902557,0.000000,,2026-04-06,2026-04-10,5,56,52,5,1.000000,,,0.000000,,,,,,,,GLOBAL_BASELINE_NO_ENTITY_RANKING,,,NOT_APPLICABLE_GLOBAL_BASELINE,HF9g-P5,,,,X 全窗基线 · 不参与实体赏罚,3929344,393,A168_HF9F_20260827_0900,2026-08-27 09:00:00
2026-06-15,104474156,1306,0,102.8621390188,37.2875253935,37.2875253935,0.6153846,24,13,0.40833956474246084,0.343382283333,1.5187613423029536,2.0653757012919973,1.5187613423029536,0.06495728140946084,ELIGIBLE,R03b_20260811_FULL_v1,L1_ELIGIBILITY,v2026-08-11,2026-03-21..2026-08-06,baccarat_bet02_101_all_pairs_incl_sentinel,round_win = game_pnl > 0 (decisive only),COMPATIBILITY_ONLY_NOT_PRODUCTION,957.9779,916.7103,-61.3579,208,149,0.06404937,0.17432432,0.01732440,0.06404937,61.3579,957.9779,OK,0.0000,-2.4543,4.0000,96.0000,AG03-UNRESOLVED,ALL5_LEVELS_bet23_to_bet27,-2.4543,-2.4543,-2.4543,-2.4543,-2.4543,4.000000,4.000000,4.000000,4.000000,4.000000,96.000000,96.000000,96.000000,96.000000,96.000000,5.0,-12.2716,-11.3283,-49.0863,-50.0295,PENDING_AG03,FALSE,NOT_FOR_ENFORCEMENT,-58.9036,880.0419,-61.3579,-58.9036,-2.4543,-0.06404937,-0.06148740,-2.4543,-58.9036,-0.06148740,-2.4543,-2.4543,-2.4543,-2.4543,-2.4543,-58.9036,-0.06148740,-12.2716,-11.3283,-49.0863,-50.0295,-0.05123950,-0.05222411,-0.00256197,4.6057,6.1524,-0.4118,-15.3395,-3.4088,239.4945,37.2500,4.5255,4.6405,2.5716,2.5818,5.1431,7.7453,10.3271,29.4171,2.5818,-2.5685,4.0,11.394107,1.783911,13,23,8,5,0.29761145,-0.06404937,-0.17432432,0E-8,0.000000,0.956922,0.000000,0.15699993,2026-06-15,2026-08-06,4,18,18,53,0.075472,0.975213,0.982590,0.992038,,,,,,,,GLOBAL_BASELINE_NO_ENTITY_RANKING,,,NOT_APPLICABLE_GLOBAL_BASELINE,HF9g-P5,,,,X 全窗基线 · 不参与实体赏罚,3929345,393,A168_HF9F_20260827_0900,2026-08-27 09:00:00
2026-06-15,104474156,1985,0,23.1439812792,-23.1439812792,-23.1439812792,0E-7,5,3,0.42986131333226331,0.362670600000,-1.503953997830089,-1.3065764505243367,-1.503953997830089,0.06719071333226331,ELIGIBLE,R03b_20260811_FULL_v1,L1_ELIGIBILITY,v2026-08-11,2026-03-21..2026-08-06,baccarat_bet02_101_all_pairs_incl_sentinel,round_win = game_pnl > 0 (decisive only),COMPATIBILITY_ONLY_NOT_PRODUCTION,957.9779,916.7103,-61.3579,208,149,0.06404937,0.17432432,0.01732440,0.06404937,61.3579,957.9779,OK,0.0000,-2.4543,4.0000,96.0000,AG03-UNRESOLVED,ALL5_LEVELS_bet23_to_bet27,-2.4543,-2.4543,-2.4543,-2.4543,-2.4543,4.000000,4.000000,4.000000,4.000000,4.000000,96.000000,96.000000,96.000000,96.000000,96.000000,5.0,-12.2716,-11.3283,-49.0863,-50.0295,PENDING_AG03,FALSE,NOT_FOR_ENFORCEMENT,-58.9036,880.0419,-61.3579,-58.9036,-2.4543,-0.06404937,-0.06148740,-2.4543,-58.9036,-0.06148740,-2.4543,-2.4543,-2.4543,-2.4543,-2.4543,-58.9036,-0.06148740,-12.2716,-11.3283,-49.0863,-50.0295,-0.05123950,-0.05222411,-0.00256197,4.6057,6.1524,-0.4118,-15.3395,-3.4088,239.4945,37.2500,4.5255,4.6405,2.5716,2.5818,5.1431,7.7453,10.3271,29.4171,2.5818,-2.5685,4.0,11.394107,1.783911,13,23,8,5,0.29761145,-0.06404937,-0.17432432,0E-8,0.000000,0.956922,0.000000,0.15699993,2026-06-15,2026-08-06,4,18,18,53,0.075472,0.975213,0.982590,0.992038,,,,,,,,GLOBAL_BASELINE_NO_ENTITY_RANKING,,,NOT_APPLICABLE_GLOBAL_BASELINE,HF9g-P5,,,,X 全窗基线 · 不参与实体赏罚,3929346,393,A168_HF9F_20260827_0900,2026-08-27 09:00:00
2026-06-15,104474156,2281,0,43.7164090829,-3.6001748658,-3.6001748658,0.6666667,8,3,0.35038838740614389,0.241192361111,1.1482283159141375,1.7226075400793175,1.1482283159141375,0.10919602629514389,ELIGIBLE,R03b_20260811_FULL_v1,L1_ELIGIBILITY,v2026-08-11,2026-03-21..2026-08-06,baccarat_bet02_101_all_pairs_incl_sentinel,round_win = game_pnl > 0 (decisive only),COMPATIBILITY_ONLY_NOT_PRODUCTION,957.9779,916.7103,-61.3579,208,149,0.06404937,0.17432432,0.01732440,0.06404937,61.3579,957.9779,OK,0.0000,-2.4543,4.0000,96.0000,AG03-UNRESOLVED,ALL5_LEVELS_bet23_to_bet27,-2.4543,-2.4543,-2.4543,-2.4543,-2.4543,4.000000,4.000000,4.000000,4.000000,4.000000,96.000000,96.000000,96.000000,96.000000,96.000000,5.0,-12.2716,-11.3283,-49.0863,-50.0295,PENDING_AG03,FALSE,NOT_FOR_ENFORCEMENT,-58.9036,880.0419,-61.3579,-58.9036,-2.4543,-0.06404937,-0.06148740,-2.4543,-58.9036,-0.06148740,-2.4543,-2.4543,-2.4543,-2.4543,-2.4543,-58.9036,-0.06148740,-12.2716,-11.3283,-49.0863,-50.0295,-0.05123950,-0.05222411,-0.00256197,4.6057,6.1524,-0.4118,-15.3395,-3.4088,239.4945,37.2500,4.5255,4.6405,2.5716,2.5818,5.1431,7.7453,10.3271,29.4171,2.5818,-2.5685,4.0,11.394107,1.783911,13,23,8,5,0.29761145,-0.06404937,-0.17432432,0E-8,0.000000,0.956922,0.000000,0.15699993,2026-06-15,2026-08-06,4,18,18,53,0.075472,0.975213,0.982590,0.992038,,,,,,,,GLOBAL_BASELINE_NO_ENTITY_RANKING,,,NOT_APPLICABLE_GLOBAL_BASELINE,HF9g-P5,,,,X 全窗基线 · 不参与实体赏罚,3929347,393,A168_HF9F_20260827_0900,2026-08-27 09:00:00
2026-06-15,104474156,919,0,30.8586417055,-25.7155347546,-25.7155347546,0E-7,6,3,0.35372576666546100,0.283965900000,-1.2814024649021132,-1.0907541402928969,-1.2814024649021132,0.06975986666546100,ELIGIBLE,R03b_20260811_FULL_v1,L1_ELIGIBILITY,v2026-08-11,2026-03-21..2026-08-06,baccarat_bet02_101_all_pairs_incl_sentinel,round_win = game_pnl > 0 (decisive only),COMPATIBILITY_ONLY_NOT_PRODUCTION,957.9779,916.7103,-61.3579,208,149,0.06404937,0.17432432,0.01732440,0.06404937,61.3579,957.9779,OK,0.0000,-2.4543,4.0000,96.0000,AG03-UNRESOLVED,ALL5_LEVELS_bet23_to_bet27,-2.4543,-2.4543,-2.4543,-2.4543,-2.4543,4.000000,4.000000,4.000000,4.000000,4.000000,96.000000,96.000000,96.000000,96.000000,96.000000,5.0,-12.2716,-11.3283,-49.0863,-50.0295,PENDING_AG03,FALSE,NOT_FOR_ENFORCEMENT,-58.9036,880.0419,-61.3579,-58.9036,-2.4543,-0.06404937,-0.06148740,-2.4543,-58.9036,-0.06148740,-2.4543,-2.4543,-2.4543,-2.4543,-2.4543,-58.9036,-0.06148740,-12.2716,-11.3283,-49.0863,-50.0295,-0.05123950,-0.05222411,-0.00256197,4.6057,6.1524,-0.4118,-15.3395,-3.4088,239.4945,37.2500,4.5255,4.6405,2.5716,2.5818,5.1431,7.7453,10.3271,29.4171,2.5818,-2.5685,4.0,11.394107,1.783911,13,23,8,5,0.29761145,-0.06404937,-0.17432432,0E-8,0.000000,0.956922,0.000000,0.15699993,2026-06-15,2026-08-06,4,18,18,53,0.075472,0.975213,0.982590,0.992038,,,,,,,,GLOBAL_BASELINE_NO_ENTITY_RANKING,,,NOT_APPLICABLE_GLOBAL_BASELINE,HF9g-P5,,,,X 全窗基线 · 不参与实体赏罚,3929348,393,A168_HF9F_20260827_0900,2026-08-27 09:00:00
2026-06-15,104474156,986,0,43.7164090829,37.8018360892,37.8018360892,0.7500000,10,8,0.46835832583293930,0.443440581250,1.5964057368416409,1.745364633779456,1.5964057368416409,0.02491774458293930,ELIGIBLE,R03b_20260811_FULL_v1,L1_ELIGIBILITY,v2026-08-11,2026-03-21..2026-08-06,baccarat_bet02_101_all_pairs_incl_sentinel,round_win = game_pnl > 0 (decisive only),COMPATIBILITY_ONLY_NOT_PRODUCTION,957.9779,916.7103,-61.3579,208,149,0.06404937,0.17432432,0.01732440,0.06404937,61.3579,957.9779,OK,0.0000,-2.4543,4.0000,96.0000,AG03-UNRESOLVED,ALL5_LEVELS_bet23_to_bet27,-2.4543,-2.4543,-2.4543,-2.4543,-2.4543,4.000000,4.000000,4.000000,4.000000,4.000000,96.000000,96.000000,96.000000,96.000000,96.000000,5.0,-12.2716,-11.3283,-49.0863,-50.0295,PENDING_AG03,FALSE,NOT_FOR_ENFORCEMENT,-58.9036,880.0419,-61.3579,-58.9036,-2.4543,-0.06404937,-0.06148740,-2.4543,-58.9036,-0.06148740,-2.4543,-2.4543,-2.4543,-2.4543,-2.4543,-58.9036,-0.06148740,-12.2716,-11.3283,-49.0863,-50.0295,-0.05123950,-0.05222411,-0.00256197,4.6057,6.1524,-0.4118,-15.3395,-3.4088,239.4945,37.2500,4.5255,4.6405,2.5716,2.5818,5.1431,7.7453,10.3271,29.4171,2.5818,-2.5685,4.0,11.394107,1.783911,13,23,8,5,0.29761145,-0.06404937,-0.17432432,0E-8,0.000000,0.956922,0.000000,0.15699993,2026-06-15,2026-08-06,4,18,18,53,0.075472,0.975213,0.982590,0.992038,,,,,,,,GLOBAL_BASELINE_NO_ENTITY_RANKING,,,NOT_APPLICABLE_GLOBAL_BASELINE,HF9g-P5,,,,X 全窗基线 · 不参与实体赏罚,3929349,393,A168_HF9F_20260827_0900,2026-08-27 09:00:00
2026-07-04,104474156,-1,1,36.1448893708,-23.2360003098,-23.2360003098,0E-7,6,5,0.48454625200000000,0.459432700000,-1.371158834550045,-1.3037702407124148,-1.371158834550045,0.02511355200000000,SENTINEL_DEALER,R03b_20260811_FULL_v1,L1_ELIGIBILITY,v2026-08-11,2026-03-21..2026-08-06,baccarat_bet02_101_all_pairs_incl_sentinel,round_win = game_pnl > 0 (decisive only),COMPATIBILITY_ONLY_NOT_PRODUCTION,957.9779,916.7103,-61.3579,208,149,0.06404937,0.17432432,0.01732440,0.06404937,61.3579,957.9779,OK,0.0000,-2.4543,4.0000,96.0000,AG03-UNRESOLVED,ALL5_LEVELS_bet23_to_bet27,-2.4543,-2.4543,-2.4543,-2.4543,-2.4543,4.000000,4.000000,4.000000,4.000000,4.000000,96.000000,96.000000,96.000000,96.000000,96.000000,5.0,-12.2716,-11.3283,-49.0863,-50.0295,PENDING_AG03,FALSE,NOT_FOR_ENFORCEMENT,-58.9036,880.0419,-61.3579,-58.9036,-2.4543,-0.06404937,-0.06148740,-2.4543,-58.9036,-0.06148740,-2.4543,-2.4543,-2.4543,-2.4543,-2.4543,-58.9036,-0.06148740,-12.2716,-11.3283,-49.0863,-50.0295,-0.05123950,-0.05222411,-0.00256197,4.6057,6.1524,-0.4118,-15.3395,-3.4088,239.4945,37.2500,4.5255,4.6405,2.5716,2.5818,5.1431,7.7453,10.3271,29.4171,2.5818,-2.5685,4.0,11.394107,1.783911,13,23,8,5,0.29761145,-0.06404937,-0.17432432,0E-8,0.000000,0.956922,0.000000,0.15699993,2026-06-15,2026-08-06,4,18,18,53,0.075472,0.975213,0.982590,0.992038,,,,,,,,GLOBAL_BASELINE_NO_ENTITY_RANKING,,,NOT_APPLICABLE_GLOBAL_BASELINE,HF9g-P5,,,,X 全窗基线 · 不参与实体赏罚,3929350,393,A168_HF9F_20260827_0900,2026-08-27 09:00:00
2026-07-04,104474156,1157,0,20.6542224976,20.1378669352,20.1378669352,1.0000000,6,6,0.49771390000000000,0.497713900000,2.4607150205591055,2.4607150205591055,2.4607150205591055,0E-17,ELIGIBLE,R03b_20260811_FULL_v1,L1_ELIGIBILITY,v2026-08-11,2026-03-21..2026-08-06,baccarat_bet02_101_all_pairs_incl_sentinel,round_win = game_pnl > 0 (decisive only),COMPATIBILITY_ONLY_NOT_PRODUCTION,957.9779,916.7103,-61.3579,208,149,0.06404937,0.17432432,0.01732440,0.06404937,61.3579,957.9779,OK,0.0000,-2.4543,4.0000,96.0000,AG03-UNRESOLVED,ALL5_LEVELS_bet23_to_bet27,-2.4543,-2.4543,-2.4543,-2.4543,-2.4543,4.000000,4.000000,4.000000,4.000000,4.000000,96.000000,96.000000,96.000000,96.000000,96.000000,5.0,-12.2716,-11.3283,-49.0863,-50.0295,PENDING_AG03,FALSE,NOT_FOR_ENFORCEMENT,-58.9036,880.0419,-61.3579,-58.9036,-2.4543,-0.06404937,-0.06148740,-2.4543,-58.9036,-0.06148740,-2.4543,-2.4543,-2.4543,-2.4543,-2.4543,-58.9036,-0.06148740,-12.2716,-11.3283,-49.0863,-50.0295,-0.05123950,-0.05222411,-0.00256197,4.6057,6.1524,-0.4118,-15.3395,-3.4088,239.4945,37.2500,4.5255,4.6405,2.5716,2.5818,5.1431,7.7453,10.3271,29.4171,2.5818,-2.5685,4.0,11.394107,1.783911,13,23,8,5,0.29761145,-0.06404937,-0.17432432,0E-8,0.000000,0.956922,0.000000,0.15699993,2026-06-15,2026-08-06,4,18,18,53,0.075472,0.975213,0.982590,0.992038,,,,,,,,GLOBAL_BASELINE_NO_ENTITY_RANKING,,,NOT_APPLICABLE_GLOBAL_BASELINE,HF9g-P5,,,,X 全窗基线 · 不参与实体赏罚,3929351,393,A168_HF9F_20260827_0900,2026-08-27 09:00:00
2026-07-04,104474156,1507,0,61.9626674928,12.6507112798,12.6507112798,0.6000000,16,13,0.47214930205128205,0.449074884615,0.8098561361861342,0.9595240120636824,0.8098561361861342,0.02307441743628205,ELIGIBLE,R03b_20260811_FULL_v1,L1_ELIGIBILITY,v2026-08-11,2026-03-21..2026-08-06,baccarat_bet02_101_all_pairs_incl_sentinel,round_win = game_pnl > 0 (decisive only),COMPATIBILITY_ONLY_NOT_PRODUCTION,957.9779,916.7103,-61.3579,208,149,0.06404937,0.17432432,0.01732440,0.06404937,61.3579,957.9779,OK,0.0000,-2.4543,4.0000,96.0000,AG03-UNRESOLVED,ALL5_LEVELS_bet23_to_bet27,-2.4543,-2.4543,-2.4543,-2.4543,-2.4543,4.000000,4.000000,4.000000,4.000000,4.000000,96.000000,96.000000,96.000000,96.000000,96.000000,5.0,-12.2716,-11.3283,-49.0863,-50.0295,PENDING_AG03,FALSE,NOT_FOR_ENFORCEMENT,-58.9036,880.0419,-61.3579,-58.9036,-2.4543,-0.06404937,-0.06148740,-2.4543,-58.9036,-0.06148740,-2.4543,-2.4543,-2.4543,-2.4543,-2.4543,-58.9036,-0.06148740,-12.2716,-11.3283,-49.0863,-50.0295,-0.05123950,-0.05222411,-0.00256197,4.6057,6.1524,-0.4118,-15.3395,-3.4088,239.4945,37.2500,4.5255,4.6405,2.5716,2.5818,5.1431,7.7453,10.3271,29.4171,2.5818,-2.5685,4.0,11.394107,1.783911,13,23,8,5,0.29761145,-0.06404937,-0.17432432,0E-8,0.000000,0.956922,0.000000,0.15699993,2026-06-15,2026-08-06,4,18,18,53,0.075472,0.975213,0.982590,0.992038,,,,,,,,GLOBAL_BASELINE_NO_ENTITY_RANKING,,,NOT_APPLICABLE_GLOBAL_BASELINE,HF9g-P5,,,,X 全窗基线 · 不参与实体赏罚,3929352,393,A168_HF9F_20260827_0900,2026-08-27 09:00:00
2026-07-04,104474156,2088,0,10.3271112488,4.7762889526,4.7762889526,1.0000000,2,1,0.39866562500000000,0.290680550000,1.228156243345255,1.5621148022658344,1.228156243345255,0.10798507500000000,ELIGIBLE,R03b_20260811_FULL_v1,L1_ELIGIBILITY,v2026-08-11,2026-03-21..2026-08-06,baccarat_bet02_101_all_pairs_incl_sentinel,round_win = game_pnl > 0 (decisive only),COMPATIBILITY_ONLY_NOT_PRODUCTION,957.9779,916.7103,-61.3579,208,149,0.06404937,0.17432432,0.01732440,0.06404937,61.3579,957.9779,OK,0.0000,-2.4543,4.0000,96.0000,AG03-UNRESOLVED,ALL5_LEVELS_bet23_to_bet27,-2.4543,-2.4543,-2.4543,-2.4543,-2.4543,4.000000,4.000000,4.000000,4.000000,4.000000,96.000000,96.000000,96.000000,96.000000,96.000000,5.0,-12.2716,-11.3283,-49.0863,-50.0295,PENDING_AG03,FALSE,NOT_FOR_ENFORCEMENT,-58.9036,880.0419,-61.3579,-58.9036,-2.4543,-0.06404937,-0.06148740,-2.4543,-58.9036,-0.06148740,-2.4543,-2.4543,-2.4543,-2.4543,-2.4543,-58.9036,-0.06148740,-12.2716,-11.3283,-49.0863,-50.0295,-0.05123950,-0.05222411,-0.00256197,4.6057,6.1524,-0.4118,-15.3395,-3.4088,239.4945,37.2500,4.5255,4.6405,2.5716,2.5818,5.1431,7.7453,10.3271,29.4171,2.5818,-2.5685,4.0,11.394107,1.783911,13,23,8,5,0.29761145,-0.06404937,-0.17432432,0E-8,0.000000,0.956922,0.000000,0.15699993,2026-06-15,2026-08-06,4,18,18,53,0.075472,0.975213,0.982590,0.992038,,,,,,,,GLOBAL_BASELINE_NO_ENTITY_RANKING,,,NOT_APPLICABLE_GLOBAL_BASELINE,HF9g-P5,,,,X 全窗基线 · 不参与实体赏罚,3929353,393,A168_HF9F_20260827_0900,2026-08-27 09:00:00
2026-07-04,104474156,2142,0,2.5817778122,2.5817778122,2.5817778122,1.0000000,1,1,0.49324550000000000,0.493245500000,1.01360149184955,1.01360149184955,1.01360149184955,0E-17,ELIGIBLE,R03b_20260811_FULL_v1,L1_ELIGIBILITY,v2026-08-11,2026-03-21..2026-08-06,baccarat_bet02_101_all_pairs_incl_sentinel,round_win = game_pnl > 0 (decisive only),COMPATIBILITY_ONLY_NOT_PRODUCTION,957.9779,916.7103,-61.3579,208,149,0.06404937,0.17432432,0.01732440,0.06404937,61.3579,957.9779,OK,0.0000,-2.4543,4.0000,96.0000,AG03-UNRESOLVED,ALL5_LEVELS_bet23_to_bet27,-2.4543,-2.4543,-2.4543,-2.4543,-2.4543,4.000000,4.000000,4.000000,4.000000,4.000000,96.000000,96.000000,96.000000,96.000000,96.000000,5.0,-12.2716,-11.3283,-49.0863,-50.0295,PENDING_AG03,FALSE,NOT_FOR_ENFORCEMENT,-58.9036,880.0419,-61.3579,-58.9036,-2.4543,-0.06404937,-0.06148740,-2.4543,-58.9036,-0.06148740,-2.4543,-2.4543,-2.4543,-2.4543,-2.4543,-58.9036,-0.06148740,-12.2716,-11.3283,-49.0863,-50.0295,-0.05123950,-0.05222411,-0.00256197,4.6057,6.1524,-0.4118,-15.3395,-3.4088,239.4945,37.2500,4.5255,4.6405,2.5716,2.5818,5.1431,7.7453,10.3271,29.4171,2.5818,-2.5685,4.0,11.394107,1.783911,13,23,8,5,0.29761145,-0.06404937,-0.17432432,0E-8,0.000000,0.956922,0.000000,0.15699993,2026-06-15,2026-08-06,4,18,18,53,0.075472,0.975213,0.982590,0.992038,,,,,,,,GLOBAL_BASELINE_NO_ENTITY_RANKING,,,NOT_APPLICABLE_GLOBAL_BASELINE,HF9g-P5,,,,X 全窗基线 · 不参与实体赏罚,3929354,393,A168_HF9F_20260827_0900,2026-08-27 09:00:00
2026-07-04,104474156,2170,0,136.8342240466,22.2032891851,22.2032891851,0.6875000,24,17,0.46302481810924370,0.414567650000,1.8007319974217328,2.216046874428923,1.8007319974217328,0.04845716810924370,ELIGIBLE,R03b_20260811_FULL_v1,L1_ELIGIBILITY,v2026-08-11,2026-03-21..2026-08-06,baccarat_bet02_101_all_pairs_incl_sentinel,round_win = game_pnl > 0 (decisive only),COMPATIBILITY_ONLY_NOT_PRODUCTION,957.9779,916.7103,-61.3579,208,149,0.06404937,0.17432432,0.01732440,0.06404937,61.3579,957.9779,OK,0.0000,-2.4543,4.0000,96.0000,AG03-UNRESOLVED,ALL5_LEVELS_bet23_to_bet27,-2.4543,-2.4543,-2.4543,-2.4543,-2.4543,4.000000,4.000000,4.000000,4.000000,4.000000,96.000000,96.000000,96.000000,96.000000,96.000000,5.0,-12.2716,-11.3283,-49.0863,-50.0295,PENDING_AG03,FALSE,NOT_FOR_ENFORCEMENT,-58.9036,880.0419,-61.3579,-58.9036,-2.4543,-0.06404937,-0.06148740,-2.4543,-58.9036,-0.06148740,-2.4543,-2.4543,-2.4543,-2.4543,-2.4543,-58.9036,-0.06148740,-12.2716,-11.3283,-49.0863,-50.0295,-0.05123950,-0.05222411,-0.00256197,4.6057,6.1524,-0.4118,-15.3395,-3.4088,239.4945,37.2500,4.5255,4.6405,2.5716,2.5818,5.1431,7.7453,10.3271,29.4171,2.5818,-2.5685,4.0,11.394107,1.783911,13,23,8,5,0.29761145,-0.06404937,-0.17432432,0E-8,0.000000,0.956922,0.000000,0.15699993,2026-06-15,2026-08-06,4,18,18,53,0.075472,0.975213,0.982590,0.992038,,,,,,,,GLOBAL_BASELINE_NO_ENTITY_RANKING,,,NOT_APPLICABLE_GLOBAL_BASELINE,HF9g-P5,,,,X 全窗基线 · 不参与实体赏罚,3929355,393,A168_HF9F_20260827_0900,2026-08-27 09:00:00
2026-07-04,104474156,2174,0,2.5817778122,-2.5817778122,-2.5817778122,0E-7,1,1,0.49324550000000000,0.493245500000,-0.9865810262130424,-0.9865810262130424,-0.9865810262130424,0E-17,ELIGIBLE,R03b_20260811_FULL_v1,L1_ELIGIBILITY,v2026-08-11,2026-03-21..2026-08-06,baccarat_bet02_101_all_pairs_incl_sentinel,round_win = game_pnl > 0 (decisive only),COMPATIBILITY_ONLY_NOT_PRODUCTION,957.9779,916.7103,-61.3579,208,149,0.06404937,0.17432432,0.01732440,0.06404937,61.3579,957.9779,OK,0.0000,-2.4543,4.0000,96.0000,AG03-UNRESOLVED,ALL5_LEVELS_bet23_to_bet27,-2.4543,-2.4543,-2.4543,-2.4543,-2.4543,4.000000,4.000000,4.000000,4.000000,4.000000,96.000000,96.000000,96.000000,96.000000,96.000000,5.0,-12.2716,-11.3283,-49.0863,-50.0295,PENDING_AG03,FALSE,NOT_FOR_ENFORCEMENT,-58.9036,880.0419,-61.3579,-58.9036,-2.4543,-0.06404937,-0.06148740,-2.4543,-58.9036,-0.06148740,-2.4543,-2.4543,-2.4543,-2.4543,-2.4543,-58.9036,-0.06148740,-12.2716,-11.3283,-49.0863,-50.0295,-0.05123950,-0.05222411,-0.00256197,4.6057,6.1524,-0.4118,-15.3395,-3.4088,239.4945,37.2500,4.5255,4.6405,2.5716,2.5818,5.1431,7.7453,10.3271,29.4171,2.5818,-2.5685,4.0,11.394107,1.783911,13,23,8,5,0.29761145,-0.06404937,-0.17432432,0E-8,0.000000,0.956922,0.000000,0.15699993,2026-06-15,2026-08-06,4,18,18,53,0.075472,0.975213,0.982590,0.992038,,,,,,,,GLOBAL_BASELINE_NO_ENTITY_RANKING,,,NOT_APPLICABLE_GLOBAL_BASELINE,HF9g-P5,,,,X 全窗基线 · 不参与实体赏罚,3929356,393,A168_HF9F_20260827_0900,2026-08-27 09:00:00
2026-07-04,104474156,2266,0,5.1635556244,0E-10,0E-10,0.5000000,2,2,0.49324550000000000,0.493245500000,0.01910635448239258,0.01910635448239258,0.01910635448239258,0E-17,ELIGIBLE,R03b_20260811_FULL_v1,L1_ELIGIBILITY,v2026-08-11,2026-03-21..2026-08-06,baccarat_bet02_101_all_pairs_incl_sentinel,round_win = game_pnl > 0 (decisive only),COMPATIBILITY_ONLY_NOT_PRODUCTION,957.9779,916.7103,-61.3579,208,149,0.06404937,0.17432432,0.01732440,0.06404937,61.3579,957.9779,OK,0.0000,-2.4543,4.0000,96.0000,AG03-UNRESOLVED,ALL5_LEVELS_bet23_to_bet27,-2.4543,-2.4543,-2.4543,-2.4543,-2.4543,4.000000,4.000000,4.000000,4.000000,4.000000,96.000000,96.000000,96.000000,96.000000,96.000000,5.0,-12.2716,-11.3283,-49.0863,-50.0295,PENDING_AG03,FALSE,NOT_FOR_ENFORCEMENT,-58.9036,880.0419,-61.3579,-58.9036,-2.4543,-0.06404937,-0.06148740,-2.4543,-58.9036,-0.06148740,-2.4543,-2.4543,-2.4543,-2.4543,-2.4543,-58.9036,-0.06148740,-12.2716,-11.3283,-49.0863,-50.0295,-0.05123950,-0.05222411,-0.00256197,4.6057,6.1524,-0.4118,-15.3395,-3.4088,239.4945,37.2500,4.5255,4.6405,2.5716,2.5818,5.1431,7.7453,10.3271,29.4171,2.5818,-2.5685,4.0,11.394107,1.783911,13,23,8,5,0.29761145,-0.06404937,-0.17432432,0E-8,0.000000,0.956922,0.000000,0.15699993,2026-06-15,2026-08-06,4,18,18,53,0.075472,0.975213,0.982590,0.992038,,,,,,,,GLOBAL_BASELINE_NO_ENTITY_RANKING,,,NOT_APPLICABLE_GLOBAL_BASELINE,HF9g-P5,,,,X 全窗基线 · 不参与实体赏罚,3929357,393,A168_HF9F_20260827_0900,2026-08-27 09:00:00
2026-07-04,104474156,550,0,108.4346681124,-47.2465339632,-47.2465339632,0.4444444,21,19,0.48535408105263158,0.474745021053,-0.3472787941556321,-0.25743752253970836,-0.3472787941556321,0.01060905999963158,ELIGIBLE,R03b_20260811_FULL_v1,L1_ELIGIBILITY,v2026-08-11,2026-03-21..2026-08-06,baccarat_bet02_101_all_pairs_incl_sentinel,round_win = game_pnl > 0 (decisive only),COMPATIBILITY_ONLY_NOT_PRODUCTION,957.9779,916.7103,-61.3579,208,149,0.06404937,0.17432432,0.01732440,0.06404937,61.3579,957.9779,OK,0.0000,-2.4543,4.0000,96.0000,AG03-UNRESOLVED,ALL5_LEVELS_bet23_to_bet27,-2.4543,-2.4543,-2.4543,-2.4543,-2.4543,4.000000,4.000000,4.000000,4.000000,4.000000,96.000000,96.000000,96.000000,96.000000,96.000000,5.0,-12.2716,-11.3283,-49.0863,-50.0295,PENDING_AG03,FALSE,NOT_FOR_ENFORCEMENT,-58.9036,880.0419,-61.3579,-58.9036,-2.4543,-0.06404937,-0.06148740,-2.4543,-58.9036,-0.06148740,-2.4543,-2.4543,-2.4543,-2.4543,-2.4543,-58.9036,-0.06148740,-12.2716,-11.3283,-49.0863,-50.0295,-0.05123950,-0.05222411,-0.00256197,4.6057,6.1524,-0.4118,-15.3395,-3.4088,239.4945,37.2500,4.5255,4.6405,2.5716,2.5818,5.1431,7.7453,10.3271,29.4171,2.5818,-2.5685,4.0,11.394107,1.783911,13,23,8,5,0.29761145,-0.06404937,-0.17432432,0E-8,0.000000,0.956922,0.000000,0.15699993,2026-06-15,2026-08-06,4,18,18,53,0.075472,0.975213,0.982590,0.992038,,,,,,,,GLOBAL_BASELINE_NO_ENTITY_RANKING,,,NOT_APPLICABLE_GLOBAL_BASELINE,HF9g-P5,,,,X 全窗基线 · 不参与实体赏罚,3929358,393,A168_HF9F_20260827_0900,2026-08-27 09:00:00
2026-07-04,104474156,583,0,12.9088890610,2.5817778122,2.5817778122,0.7500000,4,4,0.49324550000000000,0.493245500000,1.0271117246678039,1.0271117246678039,1.0271117246678039,0E-17,ELIGIBLE,R03b_20260811_FULL_v1,L1_ELIGIBILITY,v2026-08-11,2026-03-21..2026-08-06,baccarat_bet02_101_all_pairs_incl_sentinel,round_win = game_pnl > 0 (decisive only),COMPATIBILITY_ONLY_NOT_PRODUCTION,957.9779,916.7103,-61.3579,208,149,0.06404937,0.17432432,0.01732440,0.06404937,61.3579,957.9779,OK,0.0000,-2.4543,4.0000,96.0000,AG03-UNRESOLVED,ALL5_LEVELS_bet23_to_bet27,-2.4543,-2.4543,-2.4543,-2.4543,-2.4543,4.000000,4.000000,4.000000,4.000000,4.000000,96.000000,96.000000,96.000000,96.000000,96.000000,5.0,-12.2716,-11.3283,-49.0863,-50.0295,PENDING_AG03,FALSE,NOT_FOR_ENFORCEMENT,-58.9036,880.0419,-61.3579,-58.9036,-2.4543,-0.06404937,-0.06148740,-2.4543,-58.9036,-0.06148740,-2.4543,-2.4543,-2.4543,-2.4543,-2.4543,-58.9036,-0.06148740,-12.2716,-11.3283,-49.0863,-50.0295,-0.05123950,-0.05222411,-0.00256197,4.6057,6.1524,-0.4118,-15.3395,-3.4088,239.4945,37.2500,4.5255,4.6405,2.5716,2.5818,5.1431,7.7453,10.3271,29.4171,2.5818,-2.5685,4.0,11.394107,1.783911,13,23,8,5,0.29761145,-0.06404937,-0.17432432,0E-8,0.000000,0.956922,0.000000,0.15699993,2026-06-15,2026-08-06,4,18,18,53,0.075472,0.975213,0.982590,0.992038,,,,,,,,GLOBAL_BASELINE_NO_ENTITY_RANKING,,,NOT_APPLICABLE_GLOBAL_BASELINE,HF9g-P5,,,,X 全窗基线 · 不参与实体赏罚,3929359,393,A168_HF9F_20260827_0900,2026-08-27 09:00:00
2026-07-04,104474156,772,0,5.1635556244,-2.5817778122,-2.5817778122,0E-7,2,2,0.50665070000000000,0.506650700000,-1.013391052207602,-1.013391052207602,-1.013391052207602,0E-17,ELIGIBLE,R03b_20260811_FULL_v1,L1_ELIGIBILITY,v2026-08-11,2026-03-21..2026-08-06,baccarat_bet02_101_all_pairs_incl_sentinel,round_win = game_pnl > 0 (decisive only),COMPATIBILITY_ONLY_NOT_PRODUCTION,957.9779,916.7103,-61.3579,208,149,0.06404937,0.17432432,0.01732440,0.06404937,61.3579,957.9779,OK,0.0000,-2.4543,4.0000,96.0000,AG03-UNRESOLVED,ALL5_LEVELS_bet23_to_bet27,-2.4543,-2.4543,-2.4543,-2.4543,-2.4543,4.000000,4.000000,4.000000,4.000000,4.000000,96.000000,96.000000,96.000000,96.000000,96.000000,5.0,-12.2716,-11.3283,-49.0863,-50.0295,PENDING_AG03,FALSE,NOT_FOR_ENFORCEMENT,-58.9036,880.0419,-61.3579,-58.9036,-2.4543,-0.06404937,-0.06148740,-2.4543,-58.9036,-0.06148740,-2.4543,-2.4543,-2.4543,-2.4543,-2.4543,-58.9036,-0.06148740,-12.2716,-11.3283,-49.0863,-50.0295,-0.05123950,-0.05222411,-0.00256197,4.6057,6.1524,-0.4118,-15.3395,-3.4088,239.4945,37.2500,4.5255,4.6405,2.5716,2.5818,5.1431,7.7453,10.3271,29.4171,2.5818,-2.5685,4.0,11.394107,1.783911,13,23,8,5,0.29761145,-0.06404937,-0.17432432,0E-8,0.000000,0.956922,0.000000,0.15699993,2026-06-15,2026-08-06,4,18,18,53,0.075472,0.975213,0.982590,0.992038,,,,,,,,GLOBAL_BASELINE_NO_ENTITY_RANKING,,,NOT_APPLICABLE_GLOBAL_BASELINE,HF9g-P5,,,,X 全窗基线 · 不参与实体赏罚,3929360,393,A168_HF9F_20260827_0900,2026-08-27 09:00:00
2026-07-04,104474156,948,0,5.1635556244,-0.1290888906,-0.1290888906,0.5000000,2,2,0.50665070000000000,0.506650700000,-0.018812684590367487,-0.018812684590367487,-0.018812684590367487,0E-17,ELIGIBLE,R03b_20260811_FULL_v1,L1_ELIGIBILITY,v2026-08-11,2026-03-21..2026-08-06,baccarat_bet02_101_all_pairs_incl_sentinel,round_win = game_pnl > 0 (decisive only),COMPATIBILITY_ONLY_NOT_PRODUCTION,957.9779,916.7103,-61.3579,208,149,0.06404937,0.17432432,0.01732440,0.06404937,61.3579,957.9779,OK,0.0000,-2.4543,4.0000,96.0000,AG03-UNRESOLVED,ALL5_LEVELS_bet23_to_bet27,-2.4543,-2.4543,-2.4543,-2.4543,-2.4543,4.000000,4.000000,4.000000,4.000000,4.000000,96.000000,96.000000,96.000000,96.000000,96.000000,5.0,-12.2716,-11.3283,-49.0863,-50.0295,PENDING_AG03,FALSE,NOT_FOR_ENFORCEMENT,-58.9036,880.0419,-61.3579,-58.9036,-2.4543,-0.06404937,-0.06148740,-2.4543,-58.9036,-0.06148740,-2.4543,-2.4543,-2.4543,-2.4543,-2.4543,-58.9036,-0.06148740,-12.2716,-11.3283,-49.0863,-50.0295,-0.05123950,-0.05222411,-0.00256197,4.6057,6.1524,-0.4118,-15.3395,-3.4088,239.4945,37.2500,4.5255,4.6405,2.5716,2.5818,5.1431,7.7453,10.3271,29.4171,2.5818,-2.5685,4.0,11.394107,1.783911,13,23,8,5,0.29761145,-0.06404937,-0.17432432,0E-8,0.000000,0.956922,0.000000,0.15699993,2026-06-15,2026-08-06,4,18,18,53,0.075472,0.975213,0.982590,0.992038,,,,,,,,GLOBAL_BASELINE_NO_ENTITY_RANKING,,,NOT_APPLICABLE_GLOBAL_BASELINE,HF9g-P5,,,,X 全窗基线 · 不参与实体赏罚,3929361,393,A168_HF9F_20260827_0900,2026-08-27 09:00:00
2026-07-06,104474156,970,0,20.6542224976,-0.1290888906,-0.1290888906,0.4000000,5,5,0.49860758000000000,0.498607580000,-0.440988213962219,-0.440988213962219,-0.440988213962219,0E-17,ELIGIBLE,R03b_20260811_FULL_v1,L1_ELIGIBILITY,v2026-08-11,2026-03-21..2026-08-06,baccarat_bet02_101_all_pairs_incl_sentinel,round_win = game_pnl > 0 (decisive only),COMPATIBILITY_ONLY_NOT_PRODUCTION,957.9779,916.7103,-61.3579,208,149,0.06404937,0.17432432,0.01732440,0.06404937,61.3579,957.9779,OK,0.0000,-2.4543,4.0000,96.0000,AG03-UNRESOLVED,ALL5_LEVELS_bet23_to_bet27,-2.4543,-2.4543,-2.4543,-2.4543,-2.4543,4.000000,4.000000,4.000000,4.000000,4.000000,96.000000,96.000000,96.000000,96.000000,96.000000,5.0,-12.2716,-11.3283,-49.0863,-50.0295,PENDING_AG03,FALSE,NOT_FOR_ENFORCEMENT,-58.9036,880.0419,-61.3579,-58.9036,-2.4543,-0.06404937,-0.06148740,-2.4543,-58.9036,-0.06148740,-2.4543,-2.4543,-2.4543,-2.4543,-2.4543,-58.9036,-0.06148740,-12.2716,-11.3283,-49.0863,-50.0295,-0.05123950,-0.05222411,-0.00256197,4.6057,6.1524,-0.4118,-15.3395,-3.4088,239.4945,37.2500,4.5255,4.6405,2.5716,2.5818,5.1431,7.7453,10.3271,29.4171,2.5818,-2.5685,4.0,11.394107,1.783911,13,23,8,5,0.29761145,-0.06404937,-0.17432432,0E-8,0.000000,0.956922,0.000000,0.15699993,2026-06-15,2026-08-06,4,18,18,53,0.075472,0.975213,0.982590,0.992038,,,,,,,,GLOBAL_BASELINE_NO_ENTITY_RANKING,,,NOT_APPLICABLE_GLOBAL_BASELINE,HF9g-P5,,,,X 全窗基线 · 不参与实体赏罚,3929362,393,A168_HF9F_20260827_0900,2026-08-27 09:00:00
2026-08-06,104474156,1323,0,20.5481211312,-5.2654560399,-5.2654560399,0.6000000,6,5,0.47701056500000000,0.455413550000,0.550607790258845,0.649196555904959,0.550607790258845,0.02159701500000000,ELIGIBLE,R03b_20260811_FULL_v1,L1_ELIGIBILITY,v2026-08-11,2026-03-21..2026-08-06,baccarat_bet02_101_all_pairs_incl_sentinel,round_win = game_pnl > 0 (decisive only),COMPATIBILITY_ONLY_NOT_PRODUCTION,957.9779,916.7103,-61.3579,208,149,0.06404937,0.17432432,0.01732440,0.06404937,61.3579,957.9779,OK,0.0000,-2.4543,4.0000,96.0000,AG03-UNRESOLVED,ALL5_LEVELS_bet23_to_bet27,-2.4543,-2.4543,-2.4543,-2.4543,-2.4543,4.000000,4.000000,4.000000,4.000000,4.000000,96.000000,96.000000,96.000000,96.000000,96.000000,5.0,-12.2716,-11.3283,-49.0863,-50.0295,PENDING_AG03,FALSE,NOT_FOR_ENFORCEMENT,-58.9036,880.0419,-61.3579,-58.9036,-2.4543,-0.06404937,-0.06148740,-2.4543,-58.9036,-0.06148740,-2.4543,-2.4543,-2.4543,-2.4543,-2.4543,-58.9036,-0.06148740,-12.2716,-11.3283,-49.0863,-50.0295,-0.05123950,-0.05222411,-0.00256197,4.6057,6.1524,-0.4118,-15.3395,-3.4088,239.4945,37.2500,4.5255,4.6405,2.5716,2.5818,5.1431,7.7453,10.3271,29.4171,2.5818,-2.5685,4.0,11.394107,1.783911,13,23,8,5,0.29761145,-0.06404937,-0.17432432,0E-8,0.000000,0.956922,0.000000,0.15699993,2026-06-15,2026-08-06,4,18,18,53,0.075472,0.975213,0.982590,0.992038,,,,,,,,GLOBAL_BASELINE_NO_ENTITY_RANKING,,,NOT_APPLICABLE_GLOBAL_BASELINE,HF9g-P5,,,,X 全窗基线 · 不参与实体赏罚,3929363,393,A168_HF9F_20260827_0900,2026-08-27 09:00:00
2026-08-06,104474156,1325,0,64.2128785350,11.5583181363,11.5583181363,0.7692308,17,13,0.46875474500000000,0.443538424359,2.171006530825181,2.363719901949047,2.171006530825181,0.02521632064100000,ELIGIBLE,R03b_20260811_FULL_v1,L1_ELIGIBILITY,v2026-08-11,2026-03-21..2026-08-06,baccarat_bet02_101_all_pairs_incl_sentinel,round_win = game_pnl > 0 (decisive only),COMPATIBILITY_ONLY_NOT_PRODUCTION,957.9779,916.7103,-61.3579,208,149,0.06404937,0.17432432,0.01732440,0.06404937,61.3579,957.9779,OK,0.0000,-2.4543,4.0000,96.0000,AG03-UNRESOLVED,ALL5_LEVELS_bet23_to_bet27,-2.4543,-2.4543,-2.4543,-2.4543,-2.4543,4.000000,4.000000,4.000000,4.000000,4.000000,96.000000,96.000000,96.000000,96.000000,96.000000,5.0,-12.2716,-11.3283,-49.0863,-50.0295,PENDING_AG03,FALSE,NOT_FOR_ENFORCEMENT,-58.9036,880.0419,-61.3579,-58.9036,-2.4543,-0.06404937,-0.06148740,-2.4543,-58.9036,-0.06148740,-2.4543,-2.4543,-2.4543,-2.4543,-2.4543,-58.9036,-0.06148740,-12.2716,-11.3283,-49.0863,-50.0295,-0.05123950,-0.05222411,-0.00256197,4.6057,6.1524,-0.4118,-15.3395,-3.4088,239.4945,37.2500,4.5255,4.6405,2.5716,2.5818,5.1431,7.7453,10.3271,29.4171,2.5818,-2.5685,4.0,11.394107,1.783911,13,23,8,5,0.29761145,-0.06404937,-0.17432432,0E-8,0.000000,0.956922,0.000000,0.15699993,2026-06-15,2026-08-06,4,18,18,53,0.075472,0.975213,0.982590,0.992038,,,,,,,,GLOBAL_BASELINE_NO_ENTITY_RANKING,,,NOT_APPLICABLE_GLOBAL_BASELINE,HF9g-P5,,,,X 全窗基线 · 不参与实体赏罚,3929364,393,A168_HF9F_20260827_0900,2026-08-27 09:00:00
2026-08-06,104474156,2101,0,5.1370302828,5.0086045257,5.0086045257,1.0000000,2,2,0.49994810000000000,0.499948100000,1.4143603653603398,1.4143603653603398,1.4143603653603398,0E-17,ELIGIBLE,R03b_20260811_FULL_v1,L1_ELIGIBILITY,v2026-08-11,2026-03-21..2026-08-06,baccarat_bet02_101_all_pairs_incl_sentinel,round_win = game_pnl > 0 (decisive only),COMPATIBILITY_ONLY_NOT_PRODUCTION,957.9779,916.7103,-61.3579,208,149,0.06404937,0.17432432,0.01732440,0.06404937,61.3579,957.9779,OK,0.0000,-2.4543,4.0000,96.0000,AG03-UNRESOLVED,ALL5_LEVELS_bet23_to_bet27,-2.4543,-2.4543,-2.4543,-2.4543,-2.4543,4.000000,4.000000,4.000000,4.000000,4.000000,96.000000,96.000000,96.000000,96.000000,96.000000,5.0,-12.2716,-11.3283,-49.0863,-50.0295,PENDING_AG03,FALSE,NOT_FOR_ENFORCEMENT,-58.9036,880.0419,-61.3579,-58.9036,-2.4543,-0.06404937,-0.06148740,-2.4543,-58.9036,-0.06148740,-2.4543,-2.4543,-2.4543,-2.4543,-2.4543,-58.9036,-0.06148740,-12.2716,-11.3283,-49.0863,-50.0295,-0.05123950,-0.05222411,-0.00256197,4.6057,6.1524,-0.4118,-15.3395,-3.4088,239.4945,37.2500,4.5255,4.6405,2.5716,2.5818,5.1431,7.7453,10.3271,29.4171,2.5818,-2.5685,4.0,11.394107,1.783911,13,23,8,5,0.29761145,-0.06404937,-0.17432432,0E-8,0.000000,0.956922,0.000000,0.15699993,2026-06-15,2026-08-06,4,18,18,53,0.075472,0.975213,0.982590,0.992038,,,,,,,,GLOBAL_BASELINE_NO_ENTITY_RANKING,,,NOT_APPLICABLE_GLOBAL_BASELINE,HF9g-P5,,,,X 全窗基线 · 不参与实体赏罚,3929365,393,A168_HF9F_20260827_0900,2026-08-27 09:00:00
2026-08-06,104474156,2169,0,66.7813936764,44.6921634603,44.6921634603,0.4000000,10,5,0.42777795428571429,0.340670686667,-0.12554336600980656,0.27992117265194205,-0.12554336600980656,0.08710726761871429,ELIGIBLE,R03b_20260811_FULL_v1,L1_ELIGIBILITY,v2026-08-11,2026-03-21..2026-08-06,baccarat_bet02_101_all_pairs_incl_sentinel,round_win = game_pnl > 0 (decisive only),COMPATIBILITY_ONLY_NOT_PRODUCTION,957.9779,916.7103,-61.3579,208,149,0.06404937,0.17432432,0.01732440,0.06404937,61.3579,957.9779,OK,0.0000,-2.4543,4.0000,96.0000,AG03-UNRESOLVED,ALL5_LEVELS_bet23_to_bet27,-2.4543,-2.4543,-2.4543,-2.4543,-2.4543,4.000000,4.000000,4.000000,4.000000,4.000000,96.000000,96.000000,96.000000,96.000000,96.000000,5.0,-12.2716,-11.3283,-49.0863,-50.0295,PENDING_AG03,FALSE,NOT_FOR_ENFORCEMENT,-58.9036,880.0419,-61.3579,-58.9036,-2.4543,-0.06404937,-0.06148740,-2.4543,-58.9036,-0.06148740,-2.4543,-2.4543,-2.4543,-2.4543,-2.4543,-58.9036,-0.06148740,-12.2716,-11.3283,-49.0863,-50.0295,-0.05123950,-0.05222411,-0.00256197,4.6057,6.1524,-0.4118,-15.3395,-3.4088,239.4945,37.2500,4.5255,4.6405,2.5716,2.5818,5.1431,7.7453,10.3271,29.4171,2.5818,-2.5685,4.0,11.394107,1.783911,13,23,8,5,0.29761145,-0.06404937,-0.17432432,0E-8,0.000000,0.956922,0.000000,0.15699993,2026-06-15,2026-08-06,4,18,18,53,0.075472,0.975213,0.982590,0.992038,,,,,,,,GLOBAL_BASELINE_NO_ENTITY_RANKING,,,NOT_APPLICABLE_GLOBAL_BASELINE,HF9g-P5,,,,X 全窗基线 · 不参与实体赏罚,3929366,393,A168_HF9F_20260827_0900,2026-08-27 09:00:00
2026-08-06,104474156,2196,0,128.4257570700,-6.2928620965,-6.2928620965,0.5000000,28,16,0.39181657760416667,0.333689970833,0.8864658612131435,1.4108104859863517,0.8864658612131435,0.05812660677116667,ELIGIBLE,R03b_20260811_FULL_v1,L1_ELIGIBILITY,v2026-08-11,2026-03-21..2026-08-06,baccarat_bet02_101_all_pairs_incl_sentinel,round_win = game_pnl > 0 (decisive only),COMPATIBILITY_ONLY_NOT_PRODUCTION,957.9779,916.7103,-61.3579,208,149,0.06404937,0.17432432,0.01732440,0.06404937,61.3579,957.9779,OK,0.0000,-2.4543,4.0000,96.0000,AG03-UNRESOLVED,ALL5_LEVELS_bet23_to_bet27,-2.4543,-2.4543,-2.4543,-2.4543,-2.4543,4.000000,4.000000,4.000000,4.000000,4.000000,96.000000,96.000000,96.000000,96.000000,96.000000,5.0,-12.2716,-11.3283,-49.0863,-50.0295,PENDING_AG03,FALSE,NOT_FOR_ENFORCEMENT,-58.9036,880.0419,-61.3579,-58.9036,-2.4543,-0.06404937,-0.06148740,-2.4543,-58.9036,-0.06148740,-2.4543,-2.4543,-2.4543,-2.4543,-2.4543,-58.9036,-0.06148740,-12.2716,-11.3283,-49.0863,-50.0295,-0.05123950,-0.05222411,-0.00256197,4.6057,6.1524,-0.4118,-15.3395,-3.4088,239.4945,37.2500,4.5255,4.6405,2.5716,2.5818,5.1431,7.7453,10.3271,29.4171,2.5818,-2.5685,4.0,11.394107,1.783911,13,23,8,5,0.29761145,-0.06404937,-0.17432432,0E-8,0.000000,0.956922,0.000000,0.15699993,2026-06-15,2026-08-06,4,18,18,53,0.075472,0.975213,0.982590,0.992038,,,,,,,,GLOBAL_BASELINE_NO_ENTITY_RANKING,,,NOT_APPLICABLE_GLOBAL_BASELINE,HF9g-P5,,,,X 全窗基线 · 不参与实体赏罚,3929367,393,A168_HF9F_20260827_0900,2026-08-27 09:00:00
2026-07-02,152456338,1385,0,22.0741528022,9.0136123942,9.0136123942,0.6666667,3,3,0.50665070000000000,0.506650700000,0.5543606114942035,0.5543606114942035,0.5543606114942035,0E-17,ELIGIBLE,R03b_20260811_FULL_v1,L1_ELIGIBILITY,v2026-08-11,2026-03-21..2026-08-06,baccarat_bet02_101_all_pairs_incl_sentinel,round_win = game_pnl > 0 (decisive only),COMPATIBILITY_ONLY_NOT_PRODUCTION,902.5876,902.5876,-60.7244,130,67,0.06727808,0.05872795,0.40833333,0.06727808,60.7244,902.5876,OK,0.0000,-1.8217,3.0000,97.0000,AG03-UNRESOLVED,ALL5_LEVELS_bet23_to_bet27,-1.8217,-1.8217,-1.8217,0.0000,0.0000,3.000000,3.000000,3.000000,0.000000,0.000000,97.000000,97.000000,97.000000,100.000000,100.000000,5.0,-5.4652,-5.3029,-55.2592,-55.4215,PENDING_AG03,FALSE,NOT_FOR_ENFORCEMENT,-58.9026,875.5100,-60.7244,-58.9026,-1.8217,-0.06727808,-0.06525974,-1.8217,-58.9026,-0.06525974,-1.8217,-1.8217,-1.8217,0.0000,0.0000,-58.9026,-0.06525974,-5.4652,-5.3029,-55.2592,-55.4215,-0.06122305,-0.06140289,-0.00201834,6.9430,13.4715,-0.9063,-12.1449,-2.1687,180.5175,13.4000,6.9332,7.3581,2.0439,5.1098,10.2195,14.3073,16.3512,20.112,5.1098,-2.0439,3.2,3.936,1.358769,15,28,5,5,0.97554348,-0.06727808,-0.05872795,0E-8,0.000000,1.000000,0.000000,-0.34960539,2026-07-02,2026-07-21,5,28,24,20,0.250000,0.942257,0.998588,3.251812,,,,,,,,GLOBAL_BASELINE_NO_ENTITY_RANKING,,,NOT_APPLICABLE_GLOBAL_BASELINE,HF9g-P5,,,,X 全窗基线 · 不参与实体赏罚,3929368,393,A168_HF9F_20260827_0900,2026-08-27 09:00:00
2026-07-10,152456338,1941,0,85.8439275638,39.0385480115,39.0385480115,0.8000000,10,5,0.44731646980231106,0.345829206667,1.586077760143189,2.135147071465779,1.586077760143189,0.10148726313531106,ELIGIBLE,R03b_20260811_FULL_v1,L1_ELIGIBILITY,v2026-08-11,2026-03-21..2026-08-06,baccarat_bet02_101_all_pairs_incl_sentinel,round_win = game_pnl > 0 (decisive only),COMPATIBILITY_ONLY_NOT_PRODUCTION,902.5876,902.5876,-60.7244,130,67,0.06727808,0.05872795,0.40833333,0.06727808,60.7244,902.5876,OK,0.0000,-1.8217,3.0000,97.0000,AG03-UNRESOLVED,ALL5_LEVELS_bet23_to_bet27,-1.8217,-1.8217,-1.8217,0.0000,0.0000,3.000000,3.000000,3.000000,0.000000,0.000000,97.000000,97.000000,97.000000,100.000000,100.000000,5.0,-5.4652,-5.3029,-55.2592,-55.4215,PENDING_AG03,FALSE,NOT_FOR_ENFORCEMENT,-58.9026,875.5100,-60.7244,-58.9026,-1.8217,-0.06727808,-0.06525974,-1.8217,-58.9026,-0.06525974,-1.8217,-1.8217,-1.8217,0.0000,0.0000,-58.9026,-0.06525974,-5.4652,-5.3029,-55.2592,-55.4215,-0.06122305,-0.06140289,-0.00201834,6.9430,13.4715,-0.9063,-12.1449,-2.1687,180.5175,13.4000,6.9332,7.3581,2.0439,5.1098,10.2195,14.3073,16.3512,20.112,5.1098,-2.0439,3.2,3.936,1.358769,15,28,5,5,0.97554348,-0.06727808,-0.05872795,0E-8,0.000000,1.000000,0.000000,-0.34960539,2026-07-02,2026-07-21,5,28,24,20,0.250000,0.942257,0.998588,3.251812,,,,,,,,GLOBAL_BASELINE_NO_ENTITY_RANKING,,,NOT_APPLICABLE_GLOBAL_BASELINE,HF9g-P5,,,,X 全窗基线 · 不参与实体赏罚,3929369,393,A168_HF9F_20260827_0900,2026-08-27 09:00:00
2026-07-10,152456338,2175,0,10.2195151862,-10.2195151862,-10.2195151862,0E-7,1,1,0.49324550000000000,0.493245500000,-0.9865810262130424,-0.9865810262130424,-0.9865810262130424,0E-17,ELIGIBLE,R03b_20260811_FULL_v1,L1_ELIGIBILITY,v2026-08-11,2026-03-21..2026-08-06,baccarat_bet02_101_all_pairs_incl_sentinel,round_win = game_pnl > 0 (decisive only),COMPATIBILITY_ONLY_NOT_PRODUCTION,902.5876,902.5876,-60.7244,130,67,0.06727808,0.05872795,0.40833333,0.06727808,60.7244,902.5876,OK,0.0000,-1.8217,3.0000,97.0000,AG03-UNRESOLVED,ALL5_LEVELS_bet23_to_bet27,-1.8217,-1.8217,-1.8217,0.0000,0.0000,3.000000,3.000000,3.000000,0.000000,0.000000,97.000000,97.000000,97.000000,100.000000,100.000000,5.0,-5.4652,-5.3029,-55.2592,-55.4215,PENDING_AG03,FALSE,NOT_FOR_ENFORCEMENT,-58.9026,875.5100,-60.7244,-58.9026,-1.8217,-0.06727808,-0.06525974,-1.8217,-58.9026,-0.06525974,-1.8217,-1.8217,-1.8217,0.0000,0.0000,-58.9026,-0.06525974,-5.4652,-5.3029,-55.2592,-55.4215,-0.06122305,-0.06140289,-0.00201834,6.9430,13.4715,-0.9063,-12.1449,-2.1687,180.5175,13.4000,6.9332,7.3581,2.0439,5.1098,10.2195,14.3073,16.3512,20.112,5.1098,-2.0439,3.2,3.936,1.358769,15,28,5,5,0.97554348,-0.06727808,-0.05872795,0E-8,0.000000,1.000000,0.000000,-0.34960539,2026-07-02,2026-07-21,5,28,24,20,0.250000,0.942257,0.998588,3.251812,,,,,,,,GLOBAL_BASELINE_NO_ENTITY_RANKING,,,NOT_APPLICABLE_GLOBAL_BASELINE,HF9g-P5,,,,X 全窗基线 · 不参与实体赏罚,3929370,393,A168_HF9F_20260827_0900,2026-08-27 09:00:00
2026-07-11,152456338,-1,1,10.2195151862,-10.2195151862,-10.2195151862,0E-7,1,1,0.50665070000000000,0.506650700000,-1.013391052207602,-1.013391052207602,-1.013391052207602,0E-17,SENTINEL_DEALER,R03b_20260811_FULL_v1,L1_ELIGIBILITY,v2026-08-11,2026-03-21..2026-08-06,baccarat_bet02_101_all_pairs_incl_sentinel,round_win = game_pnl > 0 (decisive only),COMPATIBILITY_ONLY_NOT_PRODUCTION,902.5876,902.5876,-60.7244,130,67,0.06727808,0.05872795,0.40833333,0.06727808,60.7244,902.5876,OK,0.0000,-1.8217,3.0000,97.0000,AG03-UNRESOLVED,ALL5_LEVELS_bet23_to_bet27,-1.8217,-1.8217,-1.8217,0.0000,0.0000,3.000000,3.000000,3.000000,0.000000,0.000000,97.000000,97.000000,97.000000,100.000000,100.000000,5.0,-5.4652,-5.3029,-55.2592,-55.4215,PENDING_AG03,FALSE,NOT_FOR_ENFORCEMENT,-58.9026,875.5100,-60.7244,-58.9026,-1.8217,-0.06727808,-0.06525974,-1.8217,-58.9026,-0.06525974,-1.8217,-1.8217,-1.8217,0.0000,0.0000,-58.9026,-0.06525974,-5.4652,-5.3029,-55.2592,-55.4215,-0.06122305,-0.06140289,-0.00201834,6.9430,13.4715,-0.9063,-12.1449,-2.1687,180.5175,13.4000,6.9332,7.3581,2.0439,5.1098,10.2195,14.3073,16.3512,20.112,5.1098,-2.0439,3.2,3.936,1.358769,15,28,5,5,0.97554348,-0.06727808,-0.05872795,0E-8,0.000000,1.000000,0.000000,-0.34960539,2026-07-02,2026-07-21,5,28,24,20,0.250000,0.942257,0.998588,3.251812,,,,,,,,GLOBAL_BASELINE_NO_ENTITY_RANKING,,,NOT_APPLICABLE_GLOBAL_BASELINE,HF9g-P5,,,,X 全窗基线 · 不参与实体赏罚,3929371,393,A168_HF9F_20260827_0900,2026-08-27 09:00:00
2026-07-11,152456338,1405,0,8.1756121490,7.7668315415,7.7668315415,1.0000000,1,1,0.50665070000000000,0.506650700000,0.9867858985152569,0.9867858985152569,0.9867858985152569,0E-17,ELIGIBLE,R03b_20260811_FULL_v1,L1_ELIGIBILITY,v2026-08-11,2026-03-21..2026-08-06,baccarat_bet02_101_all_pairs_incl_sentinel,round_win = game_pnl > 0 (decisive only),COMPATIBILITY_ONLY_NOT_PRODUCTION,902.5876,902.5876,-60.7244,130,67,0.06727808,0.05872795,0.40833333,0.06727808,60.7244,902.5876,OK,0.0000,-1.8217,3.0000,97.0000,AG03-UNRESOLVED,ALL5_LEVELS_bet23_to_bet27,-1.8217,-1.8217,-1.8217,0.0000,0.0000,3.000000,3.000000,3.000000,0.000000,0.000000,97.000000,97.000000,97.000000,100.000000,100.000000,5.0,-5.4652,-5.3029,-55.2592,-55.4215,PENDING_AG03,FALSE,NOT_FOR_ENFORCEMENT,-58.9026,875.5100,-60.7244,-58.9026,-1.8217,-0.06727808,-0.06525974,-1.8217,-58.9026,-0.06525974,-1.8217,-1.8217,-1.8217,0.0000,0.0000,-58.9026,-0.06525974,-5.4652,-5.3029,-55.2592,-55.4215,-0.06122305,-0.06140289,-0.00201834,6.9430,13.4715,-0.9063,-12.1449,-2.1687,180.5175,13.4000,6.9332,7.3581,2.0439,5.1098,10.2195,14.3073,16.3512,20.112,5.1098,-2.0439,3.2,3.936,1.358769,15,28,5,5,0.97554348,-0.06727808,-0.05872795,0E-8,0.000000,1.000000,0.000000,-0.34960539,2026-07-02,2026-07-21,5,28,24,20,0.250000,0.942257,0.998588,3.251812,,,,,,,,GLOBAL_BASELINE_NO_ENTITY_RANKING,,,NOT_APPLICABLE_GLOBAL_BASELINE,HF9g-P5,,,,X 全窗基线 · 不参与实体赏罚,3929372,393,A168_HF9F_20260827_0900,2026-08-27 09:00:00
2026-07-11,152456338,752,0,22.4829334096,-2.0439030372,-2.0439030372,0.5000000,3,2,0.45894066666722614,0.390331000000,0.11652689486528744,0.31793277647471735,0.11652689486528744,0.06860966666722614,ELIGIBLE,R03b_20260811_FULL_v1,L1_ELIGIBILITY,v2026-08-11,2026-03-21..2026-08-06,baccarat_bet02_101_all_pairs_incl_sentinel,round_win = game_pnl > 0 (decisive only),COMPATIBILITY_ONLY_NOT_PRODUCTION,902.5876,902.5876,-60.7244,130,67,0.06727808,0.05872795,0.40833333,0.06727808,60.7244,902.5876,OK,0.0000,-1.8217,3.0000,97.0000,AG03-UNRESOLVED,ALL5_LEVELS_bet23_to_bet27,-1.8217,-1.8217,-1.8217,0.0000,0.0000,3.000000,3.000000,3.000000,0.000000,0.000000,97.000000,97.000000,97.000000,100.000000,100.000000,5.0,-5.4652,-5.3029,-55.2592,-55.4215,PENDING_AG03,FALSE,NOT_FOR_ENFORCEMENT,-58.9026,875.5100,-60.7244,-58.9026,-1.8217,-0.06727808,-0.06525974,-1.8217,-58.9026,-0.06525974,-1.8217,-1.8217,-1.8217,0.0000,0.0000,-58.9026,-0.06525974,-5.4652,-5.3029,-55.2592,-55.4215,-0.06122305,-0.06140289,-0.00201834,6.9430,13.4715,-0.9063,-12.1449,-2.1687,180.5175,13.4000,6.9332,7.3581,2.0439,5.1098,10.2195,14.3073,16.3512,20.112,5.1098,-2.0439,3.2,3.936,1.358769,15,28,5,5,0.97554348,-0.06727808,-0.05872795,0E-8,0.000000,1.000000,0.000000,-0.34960539,2026-07-02,2026-07-21,5,28,24,20,0.250000,0.942257,0.998588,3.251812,,,,,,,,GLOBAL_BASELINE_NO_ENTITY_RANKING,,,NOT_APPLICABLE_GLOBAL_BASELINE,HF9g-P5,,,,X 全窗基线 · 不参与实体赏罚,3929373,393,A168_HF9F_20260827_0900,2026-08-27 09:00:00
2026-07-11,152456338,925,0,44.9658668191,51.3019662348,51.3019662348,1.0000000,7,3,0.43008896058321128,0.266681188889,1.993815713735757,2.872174677332097,1.993815713735757,0.16340777169421128,ELIGIBLE,R03b_20260811_FULL_v1,L1_ELIGIBILITY,v2026-08-11,2026-03-21..2026-08-06,baccarat_bet02_101_all_pairs_incl_sentinel,round_win = game_pnl > 0 (decisive only),COMPATIBILITY_ONLY_NOT_PRODUCTION,902.5876,902.5876,-60.7244,130,67,0.06727808,0.05872795,0.40833333,0.06727808,60.7244,902.5876,OK,0.0000,-1.8217,3.0000,97.0000,AG03-UNRESOLVED,ALL5_LEVELS_bet23_to_bet27,-1.8217,-1.8217,-1.8217,0.0000,0.0000,3.000000,3.000000,3.000000,0.000000,0.000000,97.000000,97.000000,97.000000,100.000000,100.000000,5.0,-5.4652,-5.3029,-55.2592,-55.4215,PENDING_AG03,FALSE,NOT_FOR_ENFORCEMENT,-58.9026,875.5100,-60.7244,-58.9026,-1.8217,-0.06727808,-0.06525974,-1.8217,-58.9026,-0.06525974,-1.8217,-1.8217,-1.8217,0.0000,0.0000,-58.9026,-0.06525974,-5.4652,-5.3029,-55.2592,-55.4215,-0.06122305,-0.06140289,-0.00201834,6.9430,13.4715,-0.9063,-12.1449,-2.1687,180.5175,13.4000,6.9332,7.3581,2.0439,5.1098,10.2195,14.3073,16.3512,20.112,5.1098,-2.0439,3.2,3.936,1.358769,15,28,5,5,0.97554348,-0.06727808,-0.05872795,0E-8,0.000000,1.000000,0.000000,-0.34960539,2026-07-02,2026-07-21,5,28,24,20,0.250000,0.942257,0.998588,3.251812,,,,,,,,GLOBAL_BASELINE_NO_ENTITY_RANKING,,,NOT_APPLICABLE_GLOBAL_BASELINE,HF9g-P5,,,,X 全窗基线 · 不参与实体赏罚,3929374,393,A168_HF9F_20260827_0900,2026-08-27 09:00:00
2026-07-14,152456338,-1,1,12.2634182234,-12.2634182234,-12.2634182234,0E-7,3,1,0.36266658333568152,0.218682466667,-0.7543457110323993,-0.5290457096990526,-0.7543457110323993,0.14398411666868152,SENTINEL_DEALER,R03b_20260811_FULL_v1,L1_ELIGIBILITY,v2026-08-11,2026-03-21..2026-08-06,baccarat_bet02_101_all_pairs_incl_sentinel,round_win = game_pnl > 0 (decisive only),COMPATIBILITY_ONLY_NOT_PRODUCTION,902.5876,902.5876,-60.7244,130,67,0.06727808,0.05872795,0.40833333,0.06727808,60.7244,902.5876,OK,0.0000,-1.8217,3.0000,97.0000,AG03-UNRESOLVED,ALL5_LEVELS_bet23_to_bet27,-1.8217,-1.8217,-1.8217,0.0000,0.0000,3.000000,3.000000,3.000000,0.000000,0.000000,97.000000,97.000000,97.000000,100.000000,100.000000,5.0,-5.4652,-5.3029,-55.2592,-55.4215,PENDING_AG03,FALSE,NOT_FOR_ENFORCEMENT,-58.9026,875.5100,-60.7244,-58.9026,-1.8217,-0.06727808,-0.06525974,-1.8217,-58.9026,-0.06525974,-1.8217,-1.8217,-1.8217,0.0000,0.0000,-58.9026,-0.06525974,-5.4652,-5.3029,-55.2592,-55.4215,-0.06122305,-0.06140289,-0.00201834,6.9430,13.4715,-0.9063,-12.1449,-2.1687,180.5175,13.4000,6.9332,7.3581,2.0439,5.1098,10.2195,14.3073,16.3512,20.112,5.1098,-2.0439,3.2,3.936,1.358769,15,28,5,5,0.97554348,-0.06727808,-0.05872795,0E-8,0.000000,1.000000,0.000000,-0.34960539,2026-07-02,2026-07-21,5,28,24,20,0.250000,0.942257,0.998588,3.251812,,,,,,,,GLOBAL_BASELINE_NO_ENTITY_RANKING,,,NOT_APPLICABLE_GLOBAL_BASELINE,HF9g-P5,,,,X 全窗基线 · 不参与实体赏罚,3929375,393,A168_HF9F_20260827_0900,2026-08-27 09:00:00
2026-07-14,152456338,1490,0,10.2195151862,-10.2195151862,-10.2195151862,0E-7,2,1,0.42026264000169065,0.290680550000,-0.8514217650240247,-0.6401578158977228,-0.8514217650240247,0.12958209000169065,ELIGIBLE,R03b_20260811_FULL_v1,L1_ELIGIBILITY,v2026-08-11,2026-03-21..2026-08-06,baccarat_bet02_101_all_pairs_incl_sentinel,round_win = game_pnl > 0 (decisive only),COMPATIBILITY_ONLY_NOT_PRODUCTION,902.5876,902.5876,-60.7244,130,67,0.06727808,0.05872795,0.40833333,0.06727808,60.7244,902.5876,OK,0.0000,-1.8217,3.0000,97.0000,AG03-UNRESOLVED,ALL5_LEVELS_bet23_to_bet27,-1.8217,-1.8217,-1.8217,0.0000,0.0000,3.000000,3.000000,3.000000,0.000000,0.000000,97.000000,97.000000,97.000000,100.000000,100.000000,5.0,-5.4652,-5.3029,-55.2592,-55.4215,PENDING_AG03,FALSE,NOT_FOR_ENFORCEMENT,-58.9026,875.5100,-60.7244,-58.9026,-1.8217,-0.06727808,-0.06525974,-1.8217,-58.9026,-0.06525974,-1.8217,-1.8217,-1.8217,0.0000,0.0000,-58.9026,-0.06525974,-5.4652,-5.3029,-55.2592,-55.4215,-0.06122305,-0.06140289,-0.00201834,6.9430,13.4715,-0.9063,-12.1449,-2.1687,180.5175,13.4000,6.9332,7.3581,2.0439,5.1098,10.2195,14.3073,16.3512,20.112,5.1098,-2.0439,3.2,3.936,1.358769,15,28,5,5,0.97554348,-0.06727808,-0.05872795,0E-8,0.000000,1.000000,0.000000,-0.34960539,2026-07-02,2026-07-21,5,28,24,20,0.250000,0.942257,0.998588,3.251812,,,,,,,,GLOBAL_BASELINE_NO_ENTITY_RANKING,,,NOT_APPLICABLE_GLOBAL_BASELINE,HF9g-P5,,,,X 全窗基线 · 不参与实体赏罚,3929376,393,A168_HF9F_20260827_0900,2026-08-27 09:00:00
2026-07-14,152456338,1645,0,22.0741528021,-9.8107345787,-9.8107345787,0.5000000,5,2,0.34947619166810741,0.251324183334,0.44645716829919396,0.8107454278807762,0.44645716829919396,0.09815200833410741,ELIGIBLE,R03b_20260811_FULL_v1,L1_ELIGIBILITY,v2026-08-11,2026-03-21..2026-08-06,baccarat_bet02_101_all_pairs_incl_sentinel,round_win = game_pnl > 0 (decisive only),COMPATIBILITY_ONLY_NOT_PRODUCTION,902.5876,902.5876,-60.7244,130,67,0.06727808,0.05872795,0.40833333,0.06727808,60.7244,902.5876,OK,0.0000,-1.8217,3.0000,97.0000,AG03-UNRESOLVED,ALL5_LEVELS_bet23_to_bet27,-1.8217,-1.8217,-1.8217,0.0000,0.0000,3.000000,3.000000,3.000000,0.000000,0.000000,97.000000,97.000000,97.000000,100.000000,100.000000,5.0,-5.4652,-5.3029,-55.2592,-55.4215,PENDING_AG03,FALSE,NOT_FOR_ENFORCEMENT,-58.9026,875.5100,-60.7244,-58.9026,-1.8217,-0.06727808,-0.06525974,-1.8217,-58.9026,-0.06525974,-1.8217,-1.8217,-1.8217,0.0000,0.0000,-58.9026,-0.06525974,-5.4652,-5.3029,-55.2592,-55.4215,-0.06122305,-0.06140289,-0.00201834,6.9430,13.4715,-0.9063,-12.1449,-2.1687,180.5175,13.4000,6.9332,7.3581,2.0439,5.1098,10.2195,14.3073,16.3512,20.112,5.1098,-2.0439,3.2,3.936,1.358769,15,28,5,5,0.97554348,-0.06727808,-0.05872795,0E-8,0.000000,1.000000,0.000000,-0.34960539,2026-07-02,2026-07-21,5,28,24,20,0.250000,0.942257,0.998588,3.251812,,,,,,,,GLOBAL_BASELINE_NO_ENTITY_RANKING,,,NOT_APPLICABLE_GLOBAL_BASELINE,HF9g-P5,,,,X 全窗基线 · 不参与实体赏罚,3929377,393,A168_HF9F_20260827_0900,2026-08-27 09:00:00
2026-07-14,152456338,1646,0,26.5707394841,-26.5707394841,-26.5707394841,0E-7,5,3,0.42330337555686011,0.358194166667,-1.4839278598250327,-1.2939516591475329,-1.4839278598250327,0.06510920888986011,ELIGIBLE,R03b_20260811_FULL_v1,L1_ELIGIBILITY,v2026-08-11,2026-03-21..2026-08-06,baccarat_bet02_101_all_pairs_incl_sentinel,round_win = game_pnl > 0 (decisive only),COMPATIBILITY_ONLY_NOT_PRODUCTION,902.5876,902.5876,-60.7244,130,67,0.06727808,0.05872795,0.40833333,0.06727808,60.7244,902.5876,OK,0.0000,-1.8217,3.0000,97.0000,AG03-UNRESOLVED,ALL5_LEVELS_bet23_to_bet27,-1.8217,-1.8217,-1.8217,0.0000,0.0000,3.000000,3.000000,3.000000,0.000000,0.000000,97.000000,97.000000,97.000000,100.000000,100.000000,5.0,-5.4652,-5.3029,-55.2592,-55.4215,PENDING_AG03,FALSE,NOT_FOR_ENFORCEMENT,-58.9026,875.5100,-60.7244,-58.9026,-1.8217,-0.06727808,-0.06525974,-1.8217,-58.9026,-0.06525974,-1.8217,-1.8217,-1.8217,0.0000,0.0000,-58.9026,-0.06525974,-5.4652,-5.3029,-55.2592,-55.4215,-0.06122305,-0.06140289,-0.00201834,6.9430,13.4715,-0.9063,-12.1449,-2.1687,180.5175,13.4000,6.9332,7.3581,2.0439,5.1098,10.2195,14.3073,16.3512,20.112,5.1098,-2.0439,3.2,3.936,1.358769,15,28,5,5,0.97554348,-0.06727808,-0.05872795,0E-8,0.000000,1.000000,0.000000,-0.34960539,2026-07-02,2026-07-21,5,28,24,20,0.250000,0.942257,0.998588,3.251812,,,,,,,,GLOBAL_BASELINE_NO_ENTITY_RANKING,,,NOT_APPLICABLE_GLOBAL_BASELINE,HF9g-P5,,,,X 全窗基线 · 不参与实体赏罚,3929378,393,A168_HF9F_20260827_0900,2026-08-27 09:00:00
2026-07-14,152456338,1985,0,4.0878060745,-4.0878060745,-4.0878060745,0E-7,1,1,0.50665070000000000,0.506650700000,-1.013391052207602,-1.013391052207602,-1.013391052207602,0E-17,ELIGIBLE,R03b_20260811_FULL_v1,L1_ELIGIBILITY,v2026-08-11,2026-03-21..2026-08-06,baccarat_bet02_101_all_pairs_incl_sentinel,round_win = game_pnl > 0 (decisive only),COMPATIBILITY_ONLY_NOT_PRODUCTION,902.5876,902.5876,-60.7244,130,67,0.06727808,0.05872795,0.40833333,0.06727808,60.7244,902.5876,OK,0.0000,-1.8217,3.0000,97.0000,AG03-UNRESOLVED,ALL5_LEVELS_bet23_to_bet27,-1.8217,-1.8217,-1.8217,0.0000,0.0000,3.000000,3.000000,3.000000,0.000000,0.000000,97.000000,97.000000,97.000000,100.000000,100.000000,5.0,-5.4652,-5.3029,-55.2592,-55.4215,PENDING_AG03,FALSE,NOT_FOR_ENFORCEMENT,-58.9026,875.5100,-60.7244,-58.9026,-1.8217,-0.06727808,-0.06525974,-1.8217,-58.9026,-0.06525974,-1.8217,-1.8217,-1.8217,0.0000,0.0000,-58.9026,-0.06525974,-5.4652,-5.3029,-55.2592,-55.4215,-0.06122305,-0.06140289,-0.00201834,6.9430,13.4715,-0.9063,-12.1449,-2.1687,180.5175,13.4000,6.9332,7.3581,2.0439,5.1098,10.2195,14.3073,16.3512,20.112,5.1098,-2.0439,3.2,3.936,1.358769,15,28,5,5,0.97554348,-0.06727808,-0.05872795,0E-8,0.000000,1.000000,0.000000,-0.34960539,2026-07-02,2026-07-21,5,28,24,20,0.250000,0.942257,0.998588,3.251812,,,,,,,,GLOBAL_BASELINE_NO_ENTITY_RANKING,,,NOT_APPLICABLE_GLOBAL_BASELINE,HF9g-P5,,,,X 全窗基线 · 不参与实体赏罚,3929379,393,A168_HF9F_20260827_0900,2026-08-27 09:00:00
2026-07-14,152456338,2233,0,24.5268364468,11.8546376161,11.8546376161,1.0000000,5,2,0.39307610833507627,0.251324183334,1.7572914295883968,2.4408706221004053,1.7572914295883968,0.14175192500107627,ELIGIBLE,R03b_20260811_FULL_v1,L1_ELIGIBILITY,v2026-08-11,2026-03-21..2026-08-06,baccarat_bet02_101_all_pairs_incl_sentinel,round_win = game_pnl > 0 (decisive only),COMPATIBILITY_ONLY_NOT_PRODUCTION,902.5876,902.5876,-60.7244,130,67,0.06727808,0.05872795,0.40833333,0.06727808,60.7244,902.5876,OK,0.0000,-1.8217,3.0000,97.0000,AG03-UNRESOLVED,ALL5_LEVELS_bet23_to_bet27,-1.8217,-1.8217,-1.8217,0.0000,0.0000,3.000000,3.000000,3.000000,0.000000,0.000000,97.000000,97.000000,97.000000,100.000000,100.000000,5.0,-5.4652,-5.3029,-55.2592,-55.4215,PENDING_AG03,FALSE,NOT_FOR_ENFORCEMENT,-58.9026,875.5100,-60.7244,-58.9026,-1.8217,-0.06727808,-0.06525974,-1.8217,-58.9026,-0.06525974,-1.8217,-1.8217,-1.8217,0.0000,0.0000,-58.9026,-0.06525974,-5.4652,-5.3029,-55.2592,-55.4215,-0.06122305,-0.06140289,-0.00201834,6.9430,13.4715,-0.9063,-12.1449,-2.1687,180.5175,13.4000,6.9332,7.3581,2.0439,5.1098,10.2195,14.3073,16.3512,20.112,5.1098,-2.0439,3.2,3.936,1.358769,15,28,5,5,0.97554348,-0.06727808,-0.05872795,0E-8,0.000000,1.000000,0.000000,-0.34960539,2026-07-02,2026-07-21,5,28,24,20,0.250000,0.942257,0.998588,3.251812,,,,,,,,GLOBAL_BASELINE_NO_ENTITY_RANKING,,,NOT_APPLICABLE_GLOBAL_BASELINE,HF9g-P5,,,,X 全窗基线 · 不参与实体赏罚,3929380,393,A168_HF9F_20260827_0900,2026-08-27 09:00:00
2026-07-14,152456338,2258,0,16.3512242980,-16.3512242980,-16.3512242980,0E-7,3,1,0.29067452500000000,0.218682466667,-0.6401484627940176,-0.5290457096990526,-0.6401484627940176,0.07199205833300000,ELIGIBLE,R03b_20260811_FULL_v1,L1_ELIGIBILITY,v2026-08-11,2026-03-21..2026-08-06,baccarat_bet02_101_all_pairs_incl_sentinel,round_win = game_pnl > 0 (decisive only),COMPATIBILITY_ONLY_NOT_PRODUCTION,902.5876,902.5876,-60.7244,130,67,0.06727808,0.05872795,0.40833333,0.06727808,60.7244,902.5876,OK,0.0000,-1.8217,3.0000,97.0000,AG03-UNRESOLVED,ALL5_LEVELS_bet23_to_bet27,-1.8217,-1.8217,-1.8217,0.0000,0.0000,3.000000,3.000000,3.000000,0.000000,0.000000,97.000000,97.000000,97.000000,100.000000,100.000000,5.0,-5.4652,-5.3029,-55.2592,-55.4215,PENDING_AG03,FALSE,NOT_FOR_ENFORCEMENT,-58.9026,875.5100,-60.7244,-58.9026,-1.8217,-0.06727808,-0.06525974,-1.8217,-58.9026,-0.06525974,-1.8217,-1.8217,-1.8217,0.0000,0.0000,-58.9026,-0.06525974,-5.4652,-5.3029,-55.2592,-55.4215,-0.06122305,-0.06140289,-0.00201834,6.9430,13.4715,-0.9063,-12.1449,-2.1687,180.5175,13.4000,6.9332,7.3581,2.0439,5.1098,10.2195,14.3073,16.3512,20.112,5.1098,-2.0439,3.2,3.936,1.358769,15,28,5,5,0.97554348,-0.06727808,-0.05872795,0E-8,0.000000,1.000000,0.000000,-0.34960539,2026-07-02,2026-07-21,5,28,24,20,0.250000,0.942257,0.998588,3.251812,,,,,,,,GLOBAL_BASELINE_NO_ENTITY_RANKING,,,NOT_APPLICABLE_GLOBAL_BASELINE,HF9g-P5,,,,X 全窗基线 · 不参与实体赏罚,3929381,393,A168_HF9F_20260827_0900,2026-08-27 09:00:00
2026-07-14,152456338,2281,0,10.2195151862,-10.2195151862,-10.2195151862,0E-7,1,1,0.50665070000000000,0.506650700000,-1.013391052207602,-1.013391052207602,-1.013391052207602,0E-17,ELIGIBLE,R03b_20260811_FULL_v1,L1_ELIGIBILITY,v2026-08-11,2026-03-21..2026-08-06,baccarat_bet02_101_all_pairs_incl_sentinel,round_win = game_pnl > 0 (decisive only),COMPATIBILITY_ONLY_NOT_PRODUCTION,902.5876,902.5876,-60.7244,130,67,0.06727808,0.05872795,0.40833333,0.06727808,60.7244,902.5876,OK,0.0000,-1.8217,3.0000,97.0000,AG03-UNRESOLVED,ALL5_LEVELS_bet23_to_bet27,-1.8217,-1.8217,-1.8217,0.0000,0.0000,3.000000,3.000000,3.000000,0.000000,0.000000,97.000000,97.000000,97.000000,100.000000,100.000000,5.0,-5.4652,-5.3029,-55.2592,-55.4215,PENDING_AG03,FALSE,NOT_FOR_ENFORCEMENT,-58.9026,875.5100,-60.7244,-58.9026,-1.8217,-0.06727808,-0.06525974,-1.8217,-58.9026,-0.06525974,-1.8217,-1.8217,-1.8217,0.0000,0.0000,-58.9026,-0.06525974,-5.4652,-5.3029,-55.2592,-55.4215,-0.06122305,-0.06140289,-0.00201834,6.9430,13.4715,-0.9063,-12.1449,-2.1687,180.5175,13.4000,6.9332,7.3581,2.0439,5.1098,10.2195,14.3073,16.3512,20.112,5.1098,-2.0439,3.2,3.936,1.358769,15,28,5,5,0.97554348,-0.06727808,-0.05872795,0E-8,0.000000,1.000000,0.000000,-0.34960539,2026-07-02,2026-07-21,5,28,24,20,0.250000,0.942257,0.998588,3.251812,,,,,,,,GLOBAL_BASELINE_NO_ENTITY_RANKING,,,NOT_APPLICABLE_GLOBAL_BASELINE,HF9g-P5,,,,X 全窗基线 · 不参与实体赏罚,3929382,393,A168_HF9F_20260827_0900,2026-08-27 09:00:00
2026-07-14,152456338,2288,0,8.1756121489,4.0878060745,4.0878060745,1.0000000,2,1,0.38860570000127990,0.283965900000,1.254313537463574,1.587938788024013,1.254313537463574,0.10463980000127990,ELIGIBLE,R03b_20260811_FULL_v1,L1_ELIGIBILITY,v2026-08-11,2026-03-21..2026-08-06,baccarat_bet02_101_all_pairs_incl_sentinel,round_win = game_pnl > 0 (decisive only),COMPATIBILITY_ONLY_NOT_PRODUCTION,902.5876,902.5876,-60.7244,130,67,0.06727808,0.05872795,0.40833333,0.06727808,60.7244,902.5876,OK,0.0000,-1.8217,3.0000,97.0000,AG03-UNRESOLVED,ALL5_LEVELS_bet23_to_bet27,-1.8217,-1.8217,-1.8217,0.0000,0.0000,3.000000,3.000000,3.000000,0.000000,0.000000,97.000000,97.000000,97.000000,100.000000,100.000000,5.0,-5.4652,-5.3029,-55.2592,-55.4215,PENDING_AG03,FALSE,NOT_FOR_ENFORCEMENT,-58.9026,875.5100,-60.7244,-58.9026,-1.8217,-0.06727808,-0.06525974,-1.8217,-58.9026,-0.06525974,-1.8217,-1.8217,-1.8217,0.0000,0.0000,-58.9026,-0.06525974,-5.4652,-5.3029,-55.2592,-55.4215,-0.06122305,-0.06140289,-0.00201834,6.9430,13.4715,-0.9063,-12.1449,-2.1687,180.5175,13.4000,6.9332,7.3581,2.0439,5.1098,10.2195,14.3073,16.3512,20.112,5.1098,-2.0439,3.2,3.936,1.358769,15,28,5,5,0.97554348,-0.06727808,-0.05872795,0E-8,0.000000,1.000000,0.000000,-0.34960539,2026-07-02,2026-07-21,5,28,24,20,0.250000,0.942257,0.998588,3.251812,,,,,,,,GLOBAL_BASELINE_NO_ENTITY_RANKING,,,NOT_APPLICABLE_GLOBAL_BASELINE,HF9g-P5,,,,X 全窗基线 · 不参与实体赏罚,3929383,393,A168_HF9F_20260827_0900,2026-08-27 09:00:00
2026-07-14,152456338,986,0,8.1756121489,-8.1756121489,-8.1756121489,0E-7,2,1,0.38860570000127990,0.283965900000,-0.7972488298437428,-0.6297471965178028,-0.7972488298437428,0.10463980000127990,ELIGIBLE,R03b_20260811_FULL_v1,L1_ELIGIBILITY,v2026-08-11,2026-03-21..2026-08-06,baccarat_bet02_101_all_pairs_incl_sentinel,round_win = game_pnl > 0 (decisive only),COMPATIBILITY_ONLY_NOT_PRODUCTION,902.5876,902.5876,-60.7244,130,67,0.06727808,0.05872795,0.40833333,0.06727808,60.7244,902.5876,OK,0.0000,-1.8217,3.0000,97.0000,AG03-UNRESOLVED,ALL5_LEVELS_bet23_to_bet27,-1.8217,-1.8217,-1.8217,0.0000,0.0000,3.000000,3.000000,3.000000,0.000000,0.000000,97.000000,97.000000,97.000000,100.000000,100.000000,5.0,-5.4652,-5.3029,-55.2592,-55.4215,PENDING_AG03,FALSE,NOT_FOR_ENFORCEMENT,-58.9026,875.5100,-60.7244,-58.9026,-1.8217,-0.06727808,-0.06525974,-1.8217,-58.9026,-0.06525974,-1.8217,-1.8217,-1.8217,0.0000,0.0000,-58.9026,-0.06525974,-5.4652,-5.3029,-55.2592,-55.4215,-0.06122305,-0.06140289,-0.00201834,6.9430,13.4715,-0.9063,-12.1449,-2.1687,180.5175,13.4000,6.9332,7.3581,2.0439,5.1098,10.2195,14.3073,16.3512,20.112,5.1098,-2.0439,3.2,3.936,1.358769,15,28,5,5,0.97554348,-0.06727808,-0.05872795,0E-8,0.000000,1.000000,0.000000,-0.34960539,2026-07-02,2026-07-21,5,28,24,20,0.250000,0.942257,0.998588,3.251812,,,,,,,,GLOBAL_BASELINE_NO_ENTITY_RANKING,,,NOT_APPLICABLE_GLOBAL_BASELINE,HF9g-P5,,,,X 全窗基线 · 不参与实体赏罚,3929384,393,A168_HF9F_20260827_0900,2026-08-27 09:00:00
2026-07-21,152456338,1353,0,14.3073212606,-14.3073212606,-14.3073212606,0E-7,2,1,0.44494494285800543,0.290680550000,-0.8953340589330047,-0.6401578158977228,-0.8953340589330047,0.15426439285800543,ELIGIBLE,R03b_20260811_FULL_v1,L1_ELIGIBILITY,v2026-08-11,2026-03-21..2026-08-06,baccarat_bet02_101_all_pairs_incl_sentinel,round_win = game_pnl > 0 (decisive only),COMPATIBILITY_ONLY_NOT_PRODUCTION,902.5876,902.5876,-60.7244,130,67,0.06727808,0.05872795,0.40833333,0.06727808,60.7244,902.5876,OK,0.0000,-1.8217,3.0000,97.0000,AG03-UNRESOLVED,ALL5_LEVELS_bet23_to_bet27,-1.8217,-1.8217,-1.8217,0.0000,0.0000,3.000000,3.000000,3.000000,0.000000,0.000000,97.000000,97.000000,97.000000,100.000000,100.000000,5.0,-5.4652,-5.3029,-55.2592,-55.4215,PENDING_AG03,FALSE,NOT_FOR_ENFORCEMENT,-58.9026,875.5100,-60.7244,-58.9026,-1.8217,-0.06727808,-0.06525974,-1.8217,-58.9026,-0.06525974,-1.8217,-1.8217,-1.8217,0.0000,0.0000,-58.9026,-0.06525974,-5.4652,-5.3029,-55.2592,-55.4215,-0.06122305,-0.06140289,-0.00201834,6.9430,13.4715,-0.9063,-12.1449,-2.1687,180.5175,13.4000,6.9332,7.3581,2.0439,5.1098,10.2195,14.3073,16.3512,20.112,5.1098,-2.0439,3.2,3.936,1.358769,15,28,5,5,0.97554348,-0.06727808,-0.05872795,0E-8,0.000000,1.000000,0.000000,-0.34960539,2026-07-02,2026-07-21,5,28,24,20,0.250000,0.942257,0.998588,3.251812,,,,,,,,GLOBAL_BASELINE_NO_ENTITY_RANKING,,,NOT_APPLICABLE_GLOBAL_BASELINE,HF9g-P5,,,,X 全窗基线 · 不参与实体赏罚,3929385,393,A168_HF9F_20260827_0900,2026-08-27 09:00:00
2026-07-21,152456338,1374,0,200.3024976488,49.5646486535,49.5646486535,0.7272727,30,11,0.40910501208181019,0.236691243940,2.1462479758912227,3.8279501757829295,2.1462479758912227,0.17241376814181019,ELIGIBLE,R03b_20260811_FULL_v1,L1_ELIGIBILITY,v2026-08-11,2026-03-21..2026-08-06,baccarat_bet02_101_all_pairs_incl_sentinel,round_win = game_pnl > 0 (decisive only),COMPATIBILITY_ONLY_NOT_PRODUCTION,902.5876,902.5876,-60.7244,130,67,0.06727808,0.05872795,0.40833333,0.06727808,60.7244,902.5876,OK,0.0000,-1.8217,3.0000,97.0000,AG03-UNRESOLVED,ALL5_LEVELS_bet23_to_bet27,-1.8217,-1.8217,-1.8217,0.0000,0.0000,3.000000,3.000000,3.000000,0.000000,0.000000,97.000000,97.000000,97.000000,100.000000,100.000000,5.0,-5.4652,-5.3029,-55.2592,-55.4215,PENDING_AG03,FALSE,NOT_FOR_ENFORCEMENT,-58.9026,875.5100,-60.7244,-58.9026,-1.8217,-0.06727808,-0.06525974,-1.8217,-58.9026,-0.06525974,-1.8217,-1.8217,-1.8217,0.0000,0.0000,-58.9026,-0.06525974,-5.4652,-5.3029,-55.2592,-55.4215,-0.06122305,-0.06140289,-0.00201834,6.9430,13.4715,-0.9063,-12.1449,-2.1687,180.5175,13.4000,6.9332,7.3581,2.0439,5.1098,10.2195,14.3073,16.3512,20.112,5.1098,-2.0439,3.2,3.936,1.358769,15,28,5,5,0.97554348,-0.06727808,-0.05872795,0E-8,0.000000,1.000000,0.000000,-0.34960539,2026-07-02,2026-07-21,5,28,24,20,0.250000,0.942257,0.998588,3.251812,,,,,,,,GLOBAL_BASELINE_NO_ENTITY_RANKING,,,NOT_APPLICABLE_GLOBAL_BASELINE,HF9g-P5,,,,X 全窗基线 · 不参与实体赏罚,3929386,393,A168_HF9F_20260827_0900,2026-08-27 09:00:00
2026-07-21,152456338,1405,0,20.4390303724,0E-10,0E-10,0.5000000,3,2,0.44015392857121961,0.395308300000,0.17049593765651372,0.3028253860702671,0.17049593765651372,0.04484562857121961,ELIGIBLE,R03b_20260811_FULL_v1,L1_ELIGIBILITY,v2026-08-11,2026-03-21..2026-08-06,baccarat_bet02_101_all_pairs_incl_sentinel,round_win = game_pnl > 0 (decisive only),COMPATIBILITY_ONLY_NOT_PRODUCTION,902.5876,902.5876,-60.7244,130,67,0.06727808,0.05872795,0.40833333,0.06727808,60.7244,902.5876,OK,0.0000,-1.8217,3.0000,97.0000,AG03-UNRESOLVED,ALL5_LEVELS_bet23_to_bet27,-1.8217,-1.8217,-1.8217,0.0000,0.0000,3.000000,3.000000,3.000000,0.000000,0.000000,97.000000,97.000000,97.000000,100.000000,100.000000,5.0,-5.4652,-5.3029,-55.2592,-55.4215,PENDING_AG03,FALSE,NOT_FOR_ENFORCEMENT,-58.9026,875.5100,-60.7244,-58.9026,-1.8217,-0.06727808,-0.06525974,-1.8217,-58.9026,-0.06525974,-1.8217,-1.8217,-1.8217,0.0000,0.0000,-58.9026,-0.06525974,-5.4652,-5.3029,-55.2592,-55.4215,-0.06122305,-0.06140289,-0.00201834,6.9430,13.4715,-0.9063,-12.1449,-2.1687,180.5175,13.4000,6.9332,7.3581,2.0439,5.1098,10.2195,14.3073,16.3512,20.112,5.1098,-2.0439,3.2,3.936,1.358769,15,28,5,5,0.97554348,-0.06727808,-0.05872795,0E-8,0.000000,1.000000,0.000000,-0.34960539,2026-07-02,2026-07-21,5,28,24,20,0.250000,0.942257,0.998588,3.251812,,,,,,,,GLOBAL_BASELINE_NO_ENTITY_RANKING,,,NOT_APPLICABLE_GLOBAL_BASELINE,HF9g-P5,,,,X 全窗基线 · 不参与实体赏罚,3929387,393,A168_HF9F_20260827_0900,2026-08-27 09:00:00
2026-07-21,152456338,1509,0,10.2195151862,-10.2195151862,-10.2195151862,0E-7,1,1,0.49324550000000000,0.493245500000,-0.9865810262130424,-0.9865810262130424,-0.9865810262130424,0E-17,ELIGIBLE,R03b_20260811_FULL_v1,L1_ELIGIBILITY,v2026-08-11,2026-03-21..2026-08-06,baccarat_bet02_101_all_pairs_incl_sentinel,round_win = game_pnl > 0 (decisive only),COMPATIBILITY_ONLY_NOT_PRODUCTION,902.5876,902.5876,-60.7244,130,67,0.06727808,0.05872795,0.40833333,0.06727808,60.7244,902.5876,OK,0.0000,-1.8217,3.0000,97.0000,AG03-UNRESOLVED,ALL5_LEVELS_bet23_to_bet27,-1.8217,-1.8217,-1.8217,0.0000,0.0000,3.000000,3.000000,3.000000,0.000000,0.000000,97.000000,97.000000,97.000000,100.000000,100.000000,5.0,-5.4652,-5.3029,-55.2592,-55.4215,PENDING_AG03,FALSE,NOT_FOR_ENFORCEMENT,-58.9026,875.5100,-60.7244,-58.9026,-1.8217,-0.06727808,-0.06525974,-1.8217,-58.9026,-0.06525974,-1.8217,-1.8217,-1.8217,0.0000,0.0000,-58.9026,-0.06525974,-5.4652,-5.3029,-55.2592,-55.4215,-0.06122305,-0.06140289,-0.00201834,6.9430,13.4715,-0.9063,-12.1449,-2.1687,180.5175,13.4000,6.9332,7.3581,2.0439,5.1098,10.2195,14.3073,16.3512,20.112,5.1098,-2.0439,3.2,3.936,1.358769,15,28,5,5,0.97554348,-0.06727808,-0.05872795,0E-8,0.000000,1.000000,0.000000,-0.34960539,2026-07-02,2026-07-21,5,28,24,20,0.250000,0.942257,0.998588,3.251812,,,,,,,,GLOBAL_BASELINE_NO_ENTITY_RANKING,,,NOT_APPLICABLE_GLOBAL_BASELINE,HF9g-P5,,,,X 全窗基线 · 不参与实体赏罚,3929388,393,A168_HF9F_20260827_0900,2026-08-27 09:00:00
2026-07-21,152456338,1645,0,6.1317091117,5.8251236561,5.8251236561,1.0000000,1,1,0.50665070000000000,0.506650700000,0.9867858985152569,0.9867858985152569,0.9867858985152569,0E-17,ELIGIBLE,R03b_20260811_FULL_v1,L1_ELIGIBILITY,v2026-08-11,2026-03-21..2026-08-06,baccarat_bet02_101_all_pairs_incl_sentinel,round_win = game_pnl > 0 (decisive only),COMPATIBILITY_ONLY_NOT_PRODUCTION,902.5876,902.5876,-60.7244,130,67,0.06727808,0.05872795,0.40833333,0.06727808,60.7244,902.5876,OK,0.0000,-1.8217,3.0000,97.0000,AG03-UNRESOLVED,ALL5_LEVELS_bet23_to_bet27,-1.8217,-1.8217,-1.8217,0.0000,0.0000,3.000000,3.000000,3.000000,0.000000,0.000000,97.000000,97.000000,97.000000,100.000000,100.000000,5.0,-5.4652,-5.3029,-55.2592,-55.4215,PENDING_AG03,FALSE,NOT_FOR_ENFORCEMENT,-58.9026,875.5100,-60.7244,-58.9026,-1.8217,-0.06727808,-0.06525974,-1.8217,-58.9026,-0.06525974,-1.8217,-1.8217,-1.8217,0.0000,0.0000,-58.9026,-0.06525974,-5.4652,-5.3029,-55.2592,-55.4215,-0.06122305,-0.06140289,-0.00201834,6.9430,13.4715,-0.9063,-12.1449,-2.1687,180.5175,13.4000,6.9332,7.3581,2.0439,5.1098,10.2195,14.3073,16.3512,20.112,5.1098,-2.0439,3.2,3.936,1.358769,15,28,5,5,0.97554348,-0.06727808,-0.05872795,0E-8,0.000000,1.000000,0.000000,-0.34960539,2026-07-02,2026-07-21,5,28,24,20,0.250000,0.942257,0.998588,3.251812,,,,,,,,GLOBAL_BASELINE_NO_ENTITY_RANKING,,,NOT_APPLICABLE_GLOBAL_BASELINE,HF9g-P5,,,,X 全窗基线 · 不参与实体赏罚,3929389,393,A168_HF9F_20260827_0900,2026-08-27 09:00:00
2026-07-21,152456338,1704,0,8.1756121490,8.1756121490,8.1756121490,1.0000000,1,1,0.49324550000000000,0.493245500000,1.01360149184955,1.01360149184955,1.01360149184955,0E-17,ELIGIBLE,R03b_20260811_FULL_v1,L1_ELIGIBILITY,v2026-08-11,2026-03-21..2026-08-06,baccarat_bet02_101_all_pairs_incl_sentinel,round_win = game_pnl > 0 (decisive only),COMPATIBILITY_ONLY_NOT_PRODUCTION,902.5876,902.5876,-60.7244,130,67,0.06727808,0.05872795,0.40833333,0.06727808,60.7244,902.5876,OK,0.0000,-1.8217,3.0000,97.0000,AG03-UNRESOLVED,ALL5_LEVELS_bet23_to_bet27,-1.8217,-1.8217,-1.8217,0.0000,0.0000,3.000000,3.000000,3.000000,0.000000,0.000000,97.000000,97.000000,97.000000,100.000000,100.000000,5.0,-5.4652,-5.3029,-55.2592,-55.4215,PENDING_AG03,FALSE,NOT_FOR_ENFORCEMENT,-58.9026,875.5100,-60.7244,-58.9026,-1.8217,-0.06727808,-0.06525974,-1.8217,-58.9026,-0.06525974,-1.8217,-1.8217,-1.8217,0.0000,0.0000,-58.9026,-0.06525974,-5.4652,-5.3029,-55.2592,-55.4215,-0.06122305,-0.06140289,-0.00201834,6.9430,13.4715,-0.9063,-12.1449,-2.1687,180.5175,13.4000,6.9332,7.3581,2.0439,5.1098,10.2195,14.3073,16.3512,20.112,5.1098,-2.0439,3.2,3.936,1.358769,15,28,5,5,0.97554348,-0.06727808,-0.05872795,0E-8,0.000000,1.000000,0.000000,-0.34960539,2026-07-02,2026-07-21,5,28,24,20,0.250000,0.942257,0.998588,3.251812,,,,,,,,GLOBAL_BASELINE_NO_ENTITY_RANKING,,,NOT_APPLICABLE_GLOBAL_BASELINE,HF9g-P5,,,,X 全窗基线 · 不参与实体赏罚,3929390,393,A168_HF9F_20260827_0900,2026-08-27 09:00:00
2026-07-21,152456338,1940,0,63.3609941544,32.2936679884,32.2936679884,0.8000000,6,5,0.49201082571445289,0.462113740000,1.3775453202090313,1.5154299559088606,1.3775453202090313,0.02989708571445289,ELIGIBLE,R03b_20260811_FULL_v1,L1_ELIGIBILITY,v2026-08-11,2026-03-21..2026-08-06,baccarat_bet02_101_all_pairs_incl_sentinel,round_win = game_pnl > 0 (decisive only),COMPATIBILITY_ONLY_NOT_PRODUCTION,902.5876,902.5876,-60.7244,130,67,0.06727808,0.05872795,0.40833333,0.06727808,60.7244,902.5876,OK,0.0000,-1.8217,3.0000,97.0000,AG03-UNRESOLVED,ALL5_LEVELS_bet23_to_bet27,-1.8217,-1.8217,-1.8217,0.0000,0.0000,3.000000,3.000000,3.000000,0.000000,0.000000,97.000000,97.000000,97.000000,100.000000,100.000000,5.0,-5.4652,-5.3029,-55.2592,-55.4215,PENDING_AG03,FALSE,NOT_FOR_ENFORCEMENT,-58.9026,875.5100,-60.7244,-58.9026,-1.8217,-0.06727808,-0.06525974,-1.8217,-58.9026,-0.06525974,-1.8217,-1.8217,-1.8217,0.0000,0.0000,-58.9026,-0.06525974,-5.4652,-5.3029,-55.2592,-55.4215,-0.06122305,-0.06140289,-0.00201834,6.9430,13.4715,-0.9063,-12.1449,-2.1687,180.5175,13.4000,6.9332,7.3581,2.0439,5.1098,10.2195,14.3073,16.3512,20.112,5.1098,-2.0439,3.2,3.936,1.358769,15,28,5,5,0.97554348,-0.06727808,-0.05872795,0E-8,0.000000,1.000000,0.000000,-0.34960539,2026-07-02,2026-07-21,5,28,24,20,0.250000,0.942257,0.998588,3.251812,,,,,,,,GLOBAL_BASELINE_NO_ENTITY_RANKING,,,NOT_APPLICABLE_GLOBAL_BASELINE,HF9g-P5,,,,X 全窗基线 · 不参与实体赏罚,3929391,393,A168_HF9F_20260827_0900,2026-08-27 09:00:00
2026-07-21,152456338,2103,0,75.2156317703,26.1619588769,26.1619588769,0.5000000,8,4,0.45329327204610019,0.353729783334,0.18764741829255085,0.6118472541614371,0.18764741829255085,0.09956348871210019,ELIGIBLE,R03b_20260811_FULL_v1,L1_ELIGIBILITY,v2026-08-11,2026-03-21..2026-08-06,baccarat_bet02_101_all_pairs_incl_sentinel,round_win = game_pnl > 0 (decisive only),COMPATIBILITY_ONLY_NOT_PRODUCTION,902.5876,902.5876,-60.7244,130,67,0.06727808,0.05872795,0.40833333,0.06727808,60.7244,902.5876,OK,0.0000,-1.8217,3.0000,97.0000,AG03-UNRESOLVED,ALL5_LEVELS_bet23_to_bet27,-1.8217,-1.8217,-1.8217,0.0000,0.0000,3.000000,3.000000,3.000000,0.000000,0.000000,97.000000,97.000000,97.000000,100.000000,100.000000,5.0,-5.4652,-5.3029,-55.2592,-55.4215,PENDING_AG03,FALSE,NOT_FOR_ENFORCEMENT,-58.9026,875.5100,-60.7244,-58.9026,-1.8217,-0.06727808,-0.06525974,-1.8217,-58.9026,-0.06525974,-1.8217,-1.8217,-1.8217,0.0000,0.0000,-58.9026,-0.06525974,-5.4652,-5.3029,-55.2592,-55.4215,-0.06122305,-0.06140289,-0.00201834,6.9430,13.4715,-0.9063,-12.1449,-2.1687,180.5175,13.4000,6.9332,7.3581,2.0439,5.1098,10.2195,14.3073,16.3512,20.112,5.1098,-2.0439,3.2,3.936,1.358769,15,28,5,5,0.97554348,-0.06727808,-0.05872795,0E-8,0.000000,1.000000,0.000000,-0.34960539,2026-07-02,2026-07-21,5,28,24,20,0.250000,0.942257,0.998588,3.251812,,,,,,,,GLOBAL_BASELINE_NO_ENTITY_RANKING,,,NOT_APPLICABLE_GLOBAL_BASELINE,HF9g-P5,,,,X 全窗基线 · 不参与实体赏罚,3929392,393,A168_HF9F_20260827_0900,2026-08-27 09:00:00
2026-07-21,152456338,2127,0,12.2634182234,-12.2634182234,-12.2634182234,0E-7,2,1,0.42348563333447102,0.283965900000,-0.8570660132853065,-0.6297471965178028,-0.8570660132853065,0.13951973333447102,ELIGIBLE,R03b_20260811_FULL_v1,L1_ELIGIBILITY,v2026-08-11,2026-03-21..2026-08-06,baccarat_bet02_101_all_pairs_incl_sentinel,round_win = game_pnl > 0 (decisive only),COMPATIBILITY_ONLY_NOT_PRODUCTION,902.5876,902.5876,-60.7244,130,67,0.06727808,0.05872795,0.40833333,0.06727808,60.7244,902.5876,OK,0.0000,-1.8217,3.0000,97.0000,AG03-UNRESOLVED,ALL5_LEVELS_bet23_to_bet27,-1.8217,-1.8217,-1.8217,0.0000,0.0000,3.000000,3.000000,3.000000,0.000000,0.000000,97.000000,97.000000,97.000000,100.000000,100.000000,5.0,-5.4652,-5.3029,-55.2592,-55.4215,PENDING_AG03,FALSE,NOT_FOR_ENFORCEMENT,-58.9026,875.5100,-60.7244,-58.9026,-1.8217,-0.06727808,-0.06525974,-1.8217,-58.9026,-0.06525974,-1.8217,-1.8217,-1.8217,0.0000,0.0000,-58.9026,-0.06525974,-5.4652,-5.3029,-55.2592,-55.4215,-0.06122305,-0.06140289,-0.00201834,6.9430,13.4715,-0.9063,-12.1449,-2.1687,180.5175,13.4000,6.9332,7.3581,2.0439,5.1098,10.2195,14.3073,16.3512,20.112,5.1098,-2.0439,3.2,3.936,1.358769,15,28,5,5,0.97554348,-0.06727808,-0.05872795,0E-8,0.000000,1.000000,0.000000,-0.34960539,2026-07-02,2026-07-21,5,28,24,20,0.250000,0.942257,0.998588,3.251812,,,,,,,,GLOBAL_BASELINE_NO_ENTITY_RANKING,,,NOT_APPLICABLE_GLOBAL_BASELINE,HF9g-P5,,,,X 全窗基线 · 不参与实体赏罚,3929393,393,A168_HF9F_20260827_0900,2026-08-27 09:00:00
2026-07-21,152456338,2145,0,14.3073212606,-14.3073212606,-14.3073212606,0E-7,2,1,0.43345132857226443,0.283965900000,-0.874684753557162,-0.6297471965178028,-0.874684753557162,0.14948542857226443,ELIGIBLE,R03b_20260811_FULL_v1,L1_ELIGIBILITY,v2026-08-11,2026-03-21..2026-08-06,baccarat_bet02_101_all_pairs_incl_sentinel,round_win = game_pnl > 0 (decisive only),COMPATIBILITY_ONLY_NOT_PRODUCTION,902.5876,902.5876,-60.7244,130,67,0.06727808,0.05872795,0.40833333,0.06727808,60.7244,902.5876,OK,0.0000,-1.8217,3.0000,97.0000,AG03-UNRESOLVED,ALL5_LEVELS_bet23_to_bet27,-1.8217,-1.8217,-1.8217,0.0000,0.0000,3.000000,3.000000,3.000000,0.000000,0.000000,97.000000,97.000000,97.000000,100.000000,100.000000,5.0,-5.4652,-5.3029,-55.2592,-55.4215,PENDING_AG03,FALSE,NOT_FOR_ENFORCEMENT,-58.9026,875.5100,-60.7244,-58.9026,-1.8217,-0.06727808,-0.06525974,-1.8217,-58.9026,-0.06525974,-1.8217,-1.8217,-1.8217,0.0000,0.0000,-58.9026,-0.06525974,-5.4652,-5.3029,-55.2592,-55.4215,-0.06122305,-0.06140289,-0.00201834,6.9430,13.4715,-0.9063,-12.1449,-2.1687,180.5175,13.4000,6.9332,7.3581,2.0439,5.1098,10.2195,14.3073,16.3512,20.112,5.1098,-2.0439,3.2,3.936,1.358769,15,28,5,5,0.97554348,-0.06727808,-0.05872795,0E-8,0.000000,1.000000,0.000000,-0.34960539,2026-07-02,2026-07-21,5,28,24,20,0.250000,0.942257,0.998588,3.251812,,,,,,,,GLOBAL_BASELINE_NO_ENTITY_RANKING,,,NOT_APPLICABLE_GLOBAL_BASELINE,HF9g-P5,,,,X 全窗基线 · 不参与实体赏罚,3929394,393,A168_HF9F_20260827_0900,2026-08-27 09:00:00
2026-07-21,152456338,2169,0,24.9356170543,-7.7668315415,-7.7668315415,0.5000000,3,2,0.46708555000047997,0.388605700000,0.09329849455827527,0.3231935542029367,0.09329849455827527,0.07847985000047997,ELIGIBLE,R03b_20260811_FULL_v1,L1_ELIGIBILITY,v2026-08-11,2026-03-21..2026-08-06,baccarat_bet02_101_all_pairs_incl_sentinel,round_win = game_pnl > 0 (decisive only),COMPATIBILITY_ONLY_NOT_PRODUCTION,902.5876,902.5876,-60.7244,130,67,0.06727808,0.05872795,0.40833333,0.06727808,60.7244,902.5876,OK,0.0000,-1.8217,3.0000,97.0000,AG03-UNRESOLVED,ALL5_LEVELS_bet23_to_bet27,-1.8217,-1.8217,-1.8217,0.0000,0.0000,3.000000,3.000000,3.000000,0.000000,0.000000,97.000000,97.000000,97.000000,100.000000,100.000000,5.0,-5.4652,-5.3029,-55.2592,-55.4215,PENDING_AG03,FALSE,NOT_FOR_ENFORCEMENT,-58.9026,875.5100,-60.7244,-58.9026,-1.8217,-0.06727808,-0.06525974,-1.8217,-58.9026,-0.06525974,-1.8217,-1.8217,-1.8217,0.0000,0.0000,-58.9026,-0.06525974,-5.4652,-5.3029,-55.2592,-55.4215,-0.06122305,-0.06140289,-0.00201834,6.9430,13.4715,-0.9063,-12.1449,-2.1687,180.5175,13.4000,6.9332,7.3581,2.0439,5.1098,10.2195,14.3073,16.3512,20.112,5.1098,-2.0439,3.2,3.936,1.358769,15,28,5,5,0.97554348,-0.06727808,-0.05872795,0E-8,0.000000,1.000000,0.000000,-0.34960539,2026-07-02,2026-07-21,5,28,24,20,0.250000,0.942257,0.998588,3.251812,,,,,,,,GLOBAL_BASELINE_NO_ENTITY_RANKING,,,NOT_APPLICABLE_GLOBAL_BASELINE,HF9g-P5,,,,X 全窗基线 · 不参与实体赏罚,3929395,393,A168_HF9F_20260827_0900,2026-08-27 09:00:00
2026-07-21,152456338,2196,0,61.3170911170,-13.4897600456,-13.4897600456,0.5000000,10,4,0.41986821944580510,0.253005858334,0.3247244263440804,1.1362993588297696,0.3247244263440804,0.16686236111180510,ELIGIBLE,R03b_20260811_FULL_v1,L1_ELIGIBILITY,v2026-08-11,2026-03-21..2026-08-06,baccarat_bet02_101_all_pairs_incl_sentinel,round_win = game_pnl > 0 (decisive only),COMPATIBILITY_ONLY_NOT_PRODUCTION,902.5876,902.5876,-60.7244,130,67,0.06727808,0.05872795,0.40833333,0.06727808,60.7244,902.5876,OK,0.0000,-1.8217,3.0000,97.0000,AG03-UNRESOLVED,ALL5_LEVELS_bet23_to_bet27,-1.8217,-1.8217,-1.8217,0.0000,0.0000,3.000000,3.000000,3.000000,0.000000,0.000000,97.000000,97.000000,97.000000,100.000000,100.000000,5.0,-5.4652,-5.3029,-55.2592,-55.4215,PENDING_AG03,FALSE,NOT_FOR_ENFORCEMENT,-58.9026,875.5100,-60.7244,-58.9026,-1.8217,-0.06727808,-0.06525974,-1.8217,-58.9026,-0.06525974,-1.8217,-1.8217,-1.8217,0.0000,0.0000,-58.9026,-0.06525974,-5.4652,-5.3029,-55.2592,-55.4215,-0.06122305,-0.06140289,-0.00201834,6.9430,13.4715,-0.9063,-12.1449,-2.1687,180.5175,13.4000,6.9332,7.3581,2.0439,5.1098,10.2195,14.3073,16.3512,20.112,5.1098,-2.0439,3.2,3.936,1.358769,15,28,5,5,0.97554348,-0.06727808,-0.05872795,0E-8,0.000000,1.000000,0.000000,-0.34960539,2026-07-02,2026-07-21,5,28,24,20,0.250000,0.942257,0.998588,3.251812,,,,,,,,GLOBAL_BASELINE_NO_ENTITY_RANKING,,,NOT_APPLICABLE_GLOBAL_BASELINE,HF9g-P5,,,,X 全窗基线 · 不参与实体赏罚,3929396,393,A168_HF9F_20260827_0900,2026-08-27 09:00:00
2026-07-21,152456338,2223,0,30.6585455585,22.4829334097,22.4829334097,1.0000000,4,2,0.44674026111186955,0.353729783334,1.5738088556101428,1.9115526079644165,1.5738088556101428,0.09301047777786955,ELIGIBLE,R03b_20260811_FULL_v1,L1_ELIGIBILITY,v2026-08-11,2026-03-21..2026-08-06,baccarat_bet02_101_all_pairs_incl_sentinel,round_win = game_pnl > 0 (decisive only),COMPATIBILITY_ONLY_NOT_PRODUCTION,902.5876,902.5876,-60.7244,130,67,0.06727808,0.05872795,0.40833333,0.06727808,60.7244,902.5876,OK,0.0000,-1.8217,3.0000,97.0000,AG03-UNRESOLVED,ALL5_LEVELS_bet23_to_bet27,-1.8217,-1.8217,-1.8217,0.0000,0.0000,3.000000,3.000000,3.000000,0.000000,0.000000,97.000000,97.000000,97.000000,100.000000,100.000000,5.0,-5.4652,-5.3029,-55.2592,-55.4215,PENDING_AG03,FALSE,NOT_FOR_ENFORCEMENT,-58.9026,875.5100,-60.7244,-58.9026,-1.8217,-0.06727808,-0.06525974,-1.8217,-58.9026,-0.06525974,-1.8217,-1.8217,-1.8217,0.0000,0.0000,-58.9026,-0.06525974,-5.4652,-5.3029,-55.2592,-55.4215,-0.06122305,-0.06140289,-0.00201834,6.9430,13.4715,-0.9063,-12.1449,-2.1687,180.5175,13.4000,6.9332,7.3581,2.0439,5.1098,10.2195,14.3073,16.3512,20.112,5.1098,-2.0439,3.2,3.936,1.358769,15,28,5,5,0.97554348,-0.06727808,-0.05872795,0E-8,0.000000,1.000000,0.000000,-0.34960539,2026-07-02,2026-07-21,5,28,24,20,0.250000,0.942257,0.998588,3.251812,,,,,,,,GLOBAL_BASELINE_NO_ENTITY_RANKING,,,NOT_APPLICABLE_GLOBAL_BASELINE,HF9g-P5,,,,X 全窗基线 · 不参与实体赏罚,3929397,393,A168_HF9F_20260827_0900,2026-08-27 09:00:00
2026-07-21,152456338,550,0,14.3073212606,-14.3073212606,-14.3073212606,0E-7,2,1,0.43345132857226443,0.283965900000,-0.874684753557162,-0.6297471965178028,-0.874684753557162,0.14948542857226443,ELIGIBLE,R03b_20260811_FULL_v1,L1_ELIGIBILITY,v2026-08-11,2026-03-21..2026-08-06,baccarat_bet02_101_all_pairs_incl_sentinel,round_win = game_pnl > 0 (decisive only),COMPATIBILITY_ONLY_NOT_PRODUCTION,902.5876,902.5876,-60.7244,130,67,0.06727808,0.05872795,0.40833333,0.06727808,60.7244,902.5876,OK,0.0000,-1.8217,3.0000,97.0000,AG03-UNRESOLVED,ALL5_LEVELS_bet23_to_bet27,-1.8217,-1.8217,-1.8217,0.0000,0.0000,3.000000,3.000000,3.000000,0.000000,0.000000,97.000000,97.000000,97.000000,100.000000,100.000000,5.0,-5.4652,-5.3029,-55.2592,-55.4215,PENDING_AG03,FALSE,NOT_FOR_ENFORCEMENT,-58.9026,875.5100,-60.7244,-58.9026,-1.8217,-0.06727808,-0.06525974,-1.8217,-58.9026,-0.06525974,-1.8217,-1.8217,-1.8217,0.0000,0.0000,-58.9026,-0.06525974,-5.4652,-5.3029,-55.2592,-55.4215,-0.06122305,-0.06140289,-0.00201834,6.9430,13.4715,-0.9063,-12.1449,-2.1687,180.5175,13.4000,6.9332,7.3581,2.0439,5.1098,10.2195,14.3073,16.3512,20.112,5.1098,-2.0439,3.2,3.936,1.358769,15,28,5,5,0.97554348,-0.06727808,-0.05872795,0E-8,0.000000,1.000000,0.000000,-0.34960539,2026-07-02,2026-07-21,5,28,24,20,0.250000,0.942257,0.998588,3.251812,,,,,,,,GLOBAL_BASELINE_NO_ENTITY_RANKING,,,NOT_APPLICABLE_GLOBAL_BASELINE,HF9g-P5,,,,X 全窗基线 · 不参与实体赏罚,3929398,393,A168_HF9F_20260827_0900,2026-08-27 09:00:00
2026-04-07,148318992,-1,1,146.5853467006,61.3564379760,61.3564379760,0.7500000,18,4,0.41008254251479741,0.231227722143,1.3822041746995553,2.4608659000484194,1.3822041746995553,0.17885482037179741,SENTINEL_DEALER,R03b_20260811_FULL_v1,L1_ELIGIBILITY,v2026-08-11,2026-03-21..2026-08-06,baccarat_bet02_101_all_pairs_incl_sentinel,round_win = game_pnl > 0 (decisive only),COMPATIBILITY_ONLY_NOT_PRODUCTION,146.5853,146.5853,-61.3564,18,4,0.41857143,,0.41857143,0.41857143,61.3564,146.5853,THIN_EXPOSURE,0.0000,-2.4543,4.0000,96.0000,AG03-UNRESOLVED,ALL5_LEVELS_bet23_to_bet27,-2.4543,-2.4543,-2.4543,-3.0678,-3.0678,4.000000,4.000000,4.000000,5.000000,5.000000,96.000000,96.000000,96.000000,95.000000,95.000000,5.0,-13.4984,-12.3649,-47.8580,-48.9915,PENDING_AG03,FALSE,NOT_FOR_ENFORCEMENT,-58.9022,140.7219,-61.3564,-58.9022,-2.4543,-0.41857143,-0.40182857,-2.4543,-58.9022,-0.40182857,-2.4543,-2.4543,-2.4543,-3.0678,-3.0678,-58.9022,-0.40182857,-13.4984,-12.3649,-47.8580,-48.9915,-0.32648571,-0.3342185,-0.01674286,8.1436,36.6463,-15.3391,-61.3564,-61.3564,146.5853,4.0000,,8.1436,2.6176,2.6176,2.6176,29.16,39.6828,46.5932,2.6176,-2.6176,15.160003,17.800001,3.111111,1,1,1,8,0E-8,-0.41857143,,0E-8,0.000000,1.000000,0.000000,,2026-04-07,2026-04-07,1,1,1,1,1.000000,,,0.000000,,,,,,,,GLOBAL_BASELINE_NO_ENTITY_RANKING,,,NOT_APPLICABLE_GLOBAL_BASELINE,HF9g-P5,,,,X 全窗基线 · 不参与实体赏罚,3929399,393,A168_HF9F_20260827_0900,2026-08-27 09:00:00
2026-03-31,148028564,1323,0,95.3208520947,44.3426284330,44.3426284330,0.6666667,3,3,0.50665070000000000,0.506650700000,0.5543606114942035,0.5543606114942035,0.5543606114942035,0E-17,ELIGIBLE,R03b_20260811_FULL_v1,L1_ELIGIBILITY,v2026-08-11,2026-03-21..2026-08-06,baccarat_bet02_101_all_pairs_incl_sentinel,round_win = game_pnl > 0 (decisive only),COMPATIBILITY_ONLY_NOT_PRODUCTION,113.2264,113.2264,-61.3529,4,4,0.54186047,,0.54186047,0.54186047,61.3529,113.2264,THIN_EXPOSURE,0.0000,-2.4541,4.0000,96.0000,AG03-UNRESOLVED,ALL5_LEVELS_bet23_to_bet27,-2.4541,-2.4541,-3.0676,-3.0676,-3.0676,4.000000,4.000000,5.000000,5.000000,5.000000,96.000000,96.000000,95.000000,95.000000,95.000000,5.0,-14.1112,-12.8745,-47.2418,-48.4784,PENDING_AG03,FALSE,NOT_FOR_ENFORCEMENT,-58.8988,108.6974,-61.3529,-58.8988,-2.4541,-0.54186047,-0.52018605,-2.4541,-58.8988,-0.52018605,-2.4541,-2.4541,-3.0676,-3.0676,-3.0676,-58.8988,-0.52018605,-14.1112,-12.8745,-47.2418,-48.4784,-0.41723256,-0.42815473,-0.02167442,28.3066,28.3066,-15.3382,-61.3529,-30.6765,113.2264,4.0000,,28.3066,20.8021,29.2282,35.8111,36.8644,36.8644,36.8644,29.2282,25.0151,1.261261,1.261261,0.968468,2,2,1,1,0E-8,-0.54186047,,0E-8,0.000000,1.000000,0.000000,,2026-03-31,2026-03-31,1,2,2,1,1.000000,,,0.000000,,,,,,,,GLOBAL_BASELINE_NO_ENTITY_RANKING,,,NOT_APPLICABLE_GLOBAL_BASELINE,HF9g-P5,,,,X 全窗基线 · 不参与实体赏罚,3929400,393,A168_HF9F_20260827_0900,2026-08-27 09:00:00
2026-03-31,148028564,1396,0,17.9055744266,17.0102957053,17.0102957053,1.0000000,1,1,0.50665070000000000,0.506650700000,0.9867858985152569,0.9867858985152569,0.9867858985152569,0E-17,ELIGIBLE,R03b_20260811_FULL_v1,L1_ELIGIBILITY,v2026-08-11,2026-03-21..2026-08-06,baccarat_bet02_101_all_pairs_incl_sentinel,round_win = game_pnl > 0 (decisive only),COMPATIBILITY_ONLY_NOT_PRODUCTION,113.2264,113.2264,-61.3529,4,4,0.54186047,,0.54186047,0.54186047,61.3529,113.2264,THIN_EXPOSURE,0.0000,-2.4541,4.0000,96.0000,AG03-UNRESOLVED,ALL5_LEVELS_bet23_to_bet27,-2.4541,-2.4541,-3.0676,-3.0676,-3.0676,4.000000,4.000000,5.000000,5.000000,5.000000,96.000000,96.000000,95.000000,95.000000,95.000000,5.0,-14.1112,-12.8745,-47.2418,-48.4784,PENDING_AG03,FALSE,NOT_FOR_ENFORCEMENT,-58.8988,108.6974,-61.3529,-58.8988,-2.4541,-0.54186047,-0.52018605,-2.4541,-58.8988,-0.52018605,-2.4541,-2.4541,-3.0676,-3.0676,-3.0676,-58.8988,-0.52018605,-14.1112,-12.8745,-47.2418,-48.4784,-0.41723256,-0.42815473,-0.02167442,28.3066,28.3066,-15.3382,-61.3529,-30.6765,113.2264,4.0000,,28.3066,20.8021,29.2282,35.8111,36.8644,36.8644,36.8644,29.2282,25.0151,1.261261,1.261261,0.968468,2,2,1,1,0E-8,-0.54186047,,0E-8,0.000000,1.000000,0.000000,,2026-03-31,2026-03-31,1,2,2,1,1.000000,,,0.000000,,,,,,,,GLOBAL_BASELINE_NO_ENTITY_RANKING,,,NOT_APPLICABLE_GLOBAL_BASELINE,HF9g-P5,,,,X 全窗基线 · 不参与实体赏罚,3929401,393,A168_HF9F_20260827_0900,2026-08-27 09:00:00
2026-03-28,142057655,2196,0,21.0653816784,-21.0653816784,-21.0653816784,0E-7,1,1,0.49324550000000000,0.493245500000,-0.9865810262130424,-0.9865810262130424,-0.9865810262130424,0E-17,ELIGIBLE,R03b_20260811_FULL_v1,L1_ELIGIBILITY,v2026-08-11,2026-03-21..2026-08-06,baccarat_bet02_101_all_pairs_incl_sentinel,round_win = game_pnl > 0 (decisive only),COMPATIBILITY_ONLY_NOT_PRODUCTION,583.7974,542.0079,-61.3512,74,73,0.10508989,,0.10508989,0.10508989,61.3512,583.7974,OK,0.0000,-2.4540,4.0000,96.0000,AG03-UNRESOLVED,ALL5_LEVELS_bet23_to_bet27,-2.4540,-2.4540,-3.0676,-3.0676,-3.0676,4.000000,4.000000,5.000000,5.000000,5.000000,96.000000,96.000000,95.000000,95.000000,95.000000,5.0,-14.1108,-12.8741,-47.2404,-48.4771,PENDING_AG03,FALSE,NOT_FOR_ENFORCEMENT,-58.8972,520.3276,-61.3512,-58.8972,-2.4540,-0.10508989,-0.10088630,-2.4540,-58.8972,-0.10088630,-2.4540,-2.4540,-3.0676,-3.0676,-3.0676,-58.8972,-0.10088630,-14.1108,-12.8741,-47.2404,-48.4771,-0.08091922,-0.08303749,-0.00420360,7.8892,7.4248,-0.8404,-3.4084,-2.5563,32.4332,4.0556,,7.8892,2.6176,5.1891,7.8528,23.6106,30.6666,40.5477,2.6176,2.4648,5.909759,7.813954,1.520319,3,22,8,2,0E-8,-0.10508989,,0E-8,0.000000,0.928418,0.000000,,2026-03-28,2026-06-04,18,24,21,69,0.260870,,,0.000000,,,,,,,,GLOBAL_BASELINE_NO_ENTITY_RANKING,,,NOT_APPLICABLE_GLOBAL_BASELINE,HF9g-P5,,,,X 全窗基线 · 不参与实体赏罚,3929402,393,A168_HF9F_20260827_0900,2026-08-27 09:00:00
2026-03-29,142057655,2202,0,15.7990362588,-15.7990362588,-15.7990362588,0E-7,1,1,0.49324550000000000,0.493245500000,-0.9865810262130424,-0.9865810262130424,-0.9865810262130424,0E-17,ELIGIBLE,R03b_20260811_FULL_v1,L1_ELIGIBILITY,v2026-08-11,2026-03-21..2026-08-06,baccarat_bet02_101_all_pairs_incl_sentinel,round_win = game_pnl > 0 (decisive only),COMPATIBILITY_ONLY_NOT_PRODUCTION,583.7974,542.0079,-61.3512,74,73,0.10508989,,0.10508989,0.10508989,61.3512,583.7974,OK,0.0000,-2.4540,4.0000,96.0000,AG03-UNRESOLVED,ALL5_LEVELS_bet23_to_bet27,-2.4540,-2.4540,-3.0676,-3.0676,-3.0676,4.000000,4.000000,5.000000,5.000000,5.000000,96.000000,96.000000,95.000000,95.000000,95.000000,5.0,-14.1108,-12.8741,-47.2404,-48.4771,PENDING_AG03,FALSE,NOT_FOR_ENFORCEMENT,-58.8972,520.3276,-61.3512,-58.8972,-2.4540,-0.10508989,-0.10088630,-2.4540,-58.8972,-0.10088630,-2.4540,-2.4540,-3.0676,-3.0676,-3.0676,-58.8972,-0.10088630,-14.1108,-12.8741,-47.2404,-48.4771,-0.08091922,-0.08303749,-0.00420360,7.8892,7.4248,-0.8404,-3.4084,-2.5563,32.4332,4.0556,,7.8892,2.6176,5.1891,7.8528,23.6106,30.6666,40.5477,2.6176,2.4648,5.909759,7.813954,1.520319,3,22,8,2,0E-8,-0.10508989,,0E-8,0.000000,0.928418,0.000000,,2026-03-28,2026-06-04,18,24,21,69,0.260870,,,0.000000,,,,,,,,GLOBAL_BASELINE_NO_ENTITY_RANKING,,,NOT_APPLICABLE_GLOBAL_BASELINE,HF9g-P5,,,,X 全窗基线 · 不参与实体赏罚,3929403,393,A168_HF9F_20260827_0900,2026-08-27 09:00:00
2026-03-30,142057655,1307,0,7.8995181294,-2.6331727098,-2.6331727098,0.5000000,2,2,0.49324550000000000,0.493245500000,0.01910635448239258,0.01910635448239258,0.01910635448239258,0E-17,ELIGIBLE,R03b_20260811_FULL_v1,L1_ELIGIBILITY,v2026-08-11,2026-03-21..2026-08-06,baccarat_bet02_101_all_pairs_incl_sentinel,round_win = game_pnl > 0 (decisive only),COMPATIBILITY_ONLY_NOT_PRODUCTION,583.7974,542.0079,-61.3512,74,73,0.10508989,,0.10508989,0.10508989,61.3512,583.7974,OK,0.0000,-2.4540,4.0000,96.0000,AG03-UNRESOLVED,ALL5_LEVELS_bet23_to_bet27,-2.4540,-2.4540,-3.0676,-3.0676,-3.0676,4.000000,4.000000,5.000000,5.000000,5.000000,96.000000,96.000000,95.000000,95.000000,95.000000,5.0,-14.1108,-12.8741,-47.2404,-48.4771,PENDING_AG03,FALSE,NOT_FOR_ENFORCEMENT,-58.8972,520.3276,-61.3512,-58.8972,-2.4540,-0.10508989,-0.10088630,-2.4540,-58.8972,-0.10088630,-2.4540,-2.4540,-3.0676,-3.0676,-3.0676,-58.8972,-0.10088630,-14.1108,-12.8741,-47.2404,-48.4771,-0.08091922,-0.08303749,-0.00420360,7.8892,7.4248,-0.8404,-3.4084,-2.5563,32.4332,4.0556,,7.8892,2.6176,5.1891,7.8528,23.6106,30.6666,40.5477,2.6176,2.4648,5.909759,7.813954,1.520319,3,22,8,2,0E-8,-0.10508989,,0E-8,0.000000,0.928418,0.000000,,2026-03-28,2026-06-04,18,24,21,69,0.260870,,,0.000000,,,,,,,,GLOBAL_BASELINE_NO_ENTITY_RANKING,,,NOT_APPLICABLE_GLOBAL_BASELINE,HF9g-P5,,,,X 全窗基线 · 不参与实体赏罚,3929404,393,A168_HF9F_20260827_0900,2026-08-27 09:00:00
2026-04-08,142057655,2174,0,7.8527864304,-2.6175954768,-2.6175954768,0.5000000,2,2,0.49324550000000000,0.493245500000,0.01910635448239258,0.01910635448239258,0.01910635448239258,0E-17,ELIGIBLE,R03b_20260811_FULL_v1,L1_ELIGIBILITY,v2026-08-11,2026-03-21..2026-08-06,baccarat_bet02_101_all_pairs_incl_sentinel,round_win = game_pnl > 0 (decisive only),COMPATIBILITY_ONLY_NOT_PRODUCTION,583.7974,542.0079,-61.3512,74,73,0.10508989,,0.10508989,0.10508989,61.3512,583.7974,OK,0.0000,-2.4540,4.0000,96.0000,AG03-UNRESOLVED,ALL5_LEVELS_bet23_to_bet27,-2.4540,-2.4540,-3.0676,-3.0676,-3.0676,4.000000,4.000000,5.000000,5.000000,5.000000,96.000000,96.000000,95.000000,95.000000,95.000000,5.0,-14.1108,-12.8741,-47.2404,-48.4771,PENDING_AG03,FALSE,NOT_FOR_ENFORCEMENT,-58.8972,520.3276,-61.3512,-58.8972,-2.4540,-0.10508989,-0.10088630,-2.4540,-58.8972,-0.10088630,-2.4540,-2.4540,-3.0676,-3.0676,-3.0676,-58.8972,-0.10088630,-14.1108,-12.8741,-47.2404,-48.4771,-0.08091922,-0.08303749,-0.00420360,7.8892,7.4248,-0.8404,-3.4084,-2.5563,32.4332,4.0556,,7.8892,2.6176,5.1891,7.8528,23.6106,30.6666,40.5477,2.6176,2.4648,5.909759,7.813954,1.520319,3,22,8,2,0E-8,-0.10508989,,0E-8,0.000000,0.928418,0.000000,,2026-03-28,2026-06-04,18,24,21,69,0.260870,,,0.000000,,,,,,,,GLOBAL_BASELINE_NO_ENTITY_RANKING,,,NOT_APPLICABLE_GLOBAL_BASELINE,HF9g-P5,,,,X 全窗基线 · 不参与实体赏罚,3929405,393,A168_HF9F_20260827_0900,2026-08-27 09:00:00
2026-04-20,142057655,2093,0,20.9407638144,4.9734314059,4.9734314059,0.5000000,4,3,0.49547970000000000,0.495479700000,0.012785861652555769,0.012785861652555769,0.012785861652555769,0E-17,ELIGIBLE,R03b_20260811_FULL_v1,L1_ELIGIBILITY,v2026-08-11,2026-03-21..2026-08-06,baccarat_bet02_101_all_pairs_incl_sentinel,round_win = game_pnl > 0 (decisive only),COMPATIBILITY_ONLY_NOT_PRODUCTION,583.7974,542.0079,-61.3512,74,73,0.10508989,,0.10508989,0.10508989,61.3512,583.7974,OK,0.0000,-2.4540,4.0000,96.0000,AG03-UNRESOLVED,ALL5_LEVELS_bet23_to_bet27,-2.4540,-2.4540,-3.0676,-3.0676,-3.0676,4.000000,4.000000,5.000000,5.000000,5.000000,96.000000,96.000000,95.000000,95.000000,95.000000,5.0,-14.1108,-12.8741,-47.2404,-48.4771,PENDING_AG03,FALSE,NOT_FOR_ENFORCEMENT,-58.8972,520.3276,-61.3512,-58.8972,-2.4540,-0.10508989,-0.10088630,-2.4540,-58.8972,-0.10088630,-2.4540,-2.4540,-3.0676,-3.0676,-3.0676,-58.8972,-0.10088630,-14.1108,-12.8741,-47.2404,-48.4771,-0.08091922,-0.08303749,-0.00420360,7.8892,7.4248,-0.8404,-3.4084,-2.5563,32.4332,4.0556,,7.8892,2.6176,5.1891,7.8528,23.6106,30.6666,40.5477,2.6176,2.4648,5.909759,7.813954,1.520319,3,22,8,2,0E-8,-0.10508989,,0E-8,0.000000,0.928418,0.000000,,2026-03-28,2026-06-04,18,24,21,69,0.260870,,,0.000000,,,,,,,,GLOBAL_BASELINE_NO_ENTITY_RANKING,,,NOT_APPLICABLE_GLOBAL_BASELINE,HF9g-P5,,,,X 全窗基线 · 不参与实体赏罚,3929406,393,A168_HF9F_20260827_0900,2026-08-27 09:00:00
2026-04-20,142057655,2145,0,31.4111457215,26.1759547679,26.1759547679,0.5000000,2,2,0.49994810000000000,0.499948100000,0.00014679536856514622,0.00014679536856514622,0.00014679536856514622,0E-17,ELIGIBLE,R03b_20260811_FULL_v1,L1_ELIGIBILITY,v2026-08-11,2026-03-21..2026-08-06,baccarat_bet02_101_all_pairs_incl_sentinel,round_win = game_pnl > 0 (decisive only),COMPATIBILITY_ONLY_NOT_PRODUCTION,583.7974,542.0079,-61.3512,74,73,0.10508989,,0.10508989,0.10508989,61.3512,583.7974,OK,0.0000,-2.4540,4.0000,96.0000,AG03-UNRESOLVED,ALL5_LEVELS_bet23_to_bet27,-2.4540,-2.4540,-3.0676,-3.0676,-3.0676,4.000000,4.000000,5.000000,5.000000,5.000000,96.000000,96.000000,95.000000,95.000000,95.000000,5.0,-14.1108,-12.8741,-47.2404,-48.4771,PENDING_AG03,FALSE,NOT_FOR_ENFORCEMENT,-58.8972,520.3276,-61.3512,-58.8972,-2.4540,-0.10508989,-0.10088630,-2.4540,-58.8972,-0.10088630,-2.4540,-2.4540,-3.0676,-3.0676,-3.0676,-58.8972,-0.10088630,-14.1108,-12.8741,-47.2404,-48.4771,-0.08091922,-0.08303749,-0.00420360,7.8892,7.4248,-0.8404,-3.4084,-2.5563,32.4332,4.0556,,7.8892,2.6176,5.1891,7.8528,23.6106,30.6666,40.5477,2.6176,2.4648,5.909759,7.813954,1.520319,3,22,8,2,0E-8,-0.10508989,,0E-8,0.000000,0.928418,0.000000,,2026-03-28,2026-06-04,18,24,21,69,0.260870,,,0.000000,,,,,,,,GLOBAL_BASELINE_NO_ENTITY_RANKING,,,NOT_APPLICABLE_GLOBAL_BASELINE,HF9g-P5,,,,X 全窗基线 · 不参与实体赏罚,3929407,393,A168_HF9F_20260827_0900,2026-08-27 09:00:00
2026-04-21,142057655,-1,1,10.4703819072,9.9468628118,9.9468628118,1.0000000,1,1,0.50665070000000000,0.506650700000,0.9867858985152569,0.9867858985152569,0.9867858985152569,0E-17,SENTINEL_DEALER,R03b_20260811_FULL_v1,L1_ELIGIBILITY,v2026-08-11,2026-03-21..2026-08-06,baccarat_bet02_101_all_pairs_incl_sentinel,round_win = game_pnl > 0 (decisive only),COMPATIBILITY_ONLY_NOT_PRODUCTION,583.7974,542.0079,-61.3512,74,73,0.10508989,,0.10508989,0.10508989,61.3512,583.7974,OK,0.0000,-2.4540,4.0000,96.0000,AG03-UNRESOLVED,ALL5_LEVELS_bet23_to_bet27,-2.4540,-2.4540,-3.0676,-3.0676,-3.0676,4.000000,4.000000,5.000000,5.000000,5.000000,96.000000,96.000000,95.000000,95.000000,95.000000,5.0,-14.1108,-12.8741,-47.2404,-48.4771,PENDING_AG03,FALSE,NOT_FOR_ENFORCEMENT,-58.8972,520.3276,-61.3512,-58.8972,-2.4540,-0.10508989,-0.10088630,-2.4540,-58.8972,-0.10088630,-2.4540,-2.4540,-3.0676,-3.0676,-3.0676,-58.8972,-0.10088630,-14.1108,-12.8741,-47.2404,-48.4771,-0.08091922,-0.08303749,-0.00420360,7.8892,7.4248,-0.8404,-3.4084,-2.5563,32.4332,4.0556,,7.8892,2.6176,5.1891,7.8528,23.6106,30.6666,40.5477,2.6176,2.4648,5.909759,7.813954,1.520319,3,22,8,2,0E-8,-0.10508989,,0E-8,0.000000,0.928418,0.000000,,2026-03-28,2026-06-04,18,24,21,69,0.260870,,,0.000000,,,,,,,,GLOBAL_BASELINE_NO_ENTITY_RANKING,,,NOT_APPLICABLE_GLOBAL_BASELINE,HF9g-P5,,,,X 全窗基线 · 不参与实体赏罚,3929408,393,A168_HF9F_20260827_0900,2026-08-27 09:00:00
2026-04-21,142057655,1330,0,2.6175954768,2.4867157030,2.4867157030,1.0000000,1,1,0.50665070000000000,0.506650700000,0.9867858985152569,0.9867858985152569,0.9867858985152569,0E-17,ELIGIBLE,R03b_20260811_FULL_v1,L1_ELIGIBILITY,v2026-08-11,2026-03-21..2026-08-06,baccarat_bet02_101_all_pairs_incl_sentinel,round_win = game_pnl > 0 (decisive only),COMPATIBILITY_ONLY_NOT_PRODUCTION,583.7974,542.0079,-61.3512,74,73,0.10508989,,0.10508989,0.10508989,61.3512,583.7974,OK,0.0000,-2.4540,4.0000,96.0000,AG03-UNRESOLVED,ALL5_LEVELS_bet23_to_bet27,-2.4540,-2.4540,-3.0676,-3.0676,-3.0676,4.000000,4.000000,5.000000,5.000000,5.000000,96.000000,96.000000,95.000000,95.000000,95.000000,5.0,-14.1108,-12.8741,-47.2404,-48.4771,PENDING_AG03,FALSE,NOT_FOR_ENFORCEMENT,-58.8972,520.3276,-61.3512,-58.8972,-2.4540,-0.10508989,-0.10088630,-2.4540,-58.8972,-0.10088630,-2.4540,-2.4540,-3.0676,-3.0676,-3.0676,-58.8972,-0.10088630,-14.1108,-12.8741,-47.2404,-48.4771,-0.08091922,-0.08303749,-0.00420360,7.8892,7.4248,-0.8404,-3.4084,-2.5563,32.4332,4.0556,,7.8892,2.6176,5.1891,7.8528,23.6106,30.6666,40.5477,2.6176,2.4648,5.909759,7.813954,1.520319,3,22,8,2,0E-8,-0.10508989,,0E-8,0.000000,0.928418,0.000000,,2026-03-28,2026-06-04,18,24,21,69,0.260870,,,0.000000,,,,,,,,GLOBAL_BASELINE_NO_ENTITY_RANKING,,,NOT_APPLICABLE_GLOBAL_BASELINE,HF9g-P5,,,,X 全窗基线 · 不参与实体赏罚,3929409,393,A168_HF9F_20260827_0900,2026-08-27 09:00:00
2026-04-21,142057655,1331,0,49.7343140591,42.4050467241,42.4050467241,1.0000000,4,4,0.49659680000000000,0.496596800000,1.4238722478684809,1.423872247868481,1.4238722478684809,0E-17,ELIGIBLE,R03b_20260811_FULL_v1,L1_ELIGIBILITY,v2026-08-11,2026-03-21..2026-08-06,baccarat_bet02_101_all_pairs_incl_sentinel,round_win = game_pnl > 0 (decisive only),COMPATIBILITY_ONLY_NOT_PRODUCTION,583.7974,542.0079,-61.3512,74,73,0.10508989,,0.10508989,0.10508989,61.3512,583.7974,OK,0.0000,-2.4540,4.0000,96.0000,AG03-UNRESOLVED,ALL5_LEVELS_bet23_to_bet27,-2.4540,-2.4540,-3.0676,-3.0676,-3.0676,4.000000,4.000000,5.000000,5.000000,5.000000,96.000000,96.000000,95.000000,95.000000,95.000000,5.0,-14.1108,-12.8741,-47.2404,-48.4771,PENDING_AG03,FALSE,NOT_FOR_ENFORCEMENT,-58.8972,520.3276,-61.3512,-58.8972,-2.4540,-0.10508989,-0.10088630,-2.4540,-58.8972,-0.10088630,-2.4540,-2.4540,-3.0676,-3.0676,-3.0676,-58.8972,-0.10088630,-14.1108,-12.8741,-47.2404,-48.4771,-0.08091922,-0.08303749,-0.00420360,7.8892,7.4248,-0.8404,-3.4084,-2.5563,32.4332,4.0556,,7.8892,2.6176,5.1891,7.8528,23.6106,30.6666,40.5477,2.6176,2.4648,5.909759,7.813954,1.520319,3,22,8,2,0E-8,-0.10508989,,0E-8,0.000000,0.928418,0.000000,,2026-03-28,2026-06-04,18,24,21,69,0.260870,,,0.000000,,,,,,,,GLOBAL_BASELINE_NO_ENTITY_RANKING,,,NOT_APPLICABLE_GLOBAL_BASELINE,HF9g-P5,,,,X 全窗基线 · 不参与实体赏罚,3929410,393,A168_HF9F_20260827_0900,2026-08-27 09:00:00
2026-04-21,142057655,1374,0,23.5583592912,1.9631966077,1.9631966077,0.5714286,7,7,0.50665070000000000,0.506650700000,0.34280260342128577,0.34280260342128577,0.34280260342128577,0E-17,ELIGIBLE,R03b_20260811_FULL_v1,L1_ELIGIBILITY,v2026-08-11,2026-03-21..2026-08-06,baccarat_bet02_101_all_pairs_incl_sentinel,round_win = game_pnl > 0 (decisive only),COMPATIBILITY_ONLY_NOT_PRODUCTION,583.7974,542.0079,-61.3512,74,73,0.10508989,,0.10508989,0.10508989,61.3512,583.7974,OK,0.0000,-2.4540,4.0000,96.0000,AG03-UNRESOLVED,ALL5_LEVELS_bet23_to_bet27,-2.4540,-2.4540,-3.0676,-3.0676,-3.0676,4.000000,4.000000,5.000000,5.000000,5.000000,96.000000,96.000000,95.000000,95.000000,95.000000,5.0,-14.1108,-12.8741,-47.2404,-48.4771,PENDING_AG03,FALSE,NOT_FOR_ENFORCEMENT,-58.8972,520.3276,-61.3512,-58.8972,-2.4540,-0.10508989,-0.10088630,-2.4540,-58.8972,-0.10088630,-2.4540,-2.4540,-3.0676,-3.0676,-3.0676,-58.8972,-0.10088630,-14.1108,-12.8741,-47.2404,-48.4771,-0.08091922,-0.08303749,-0.00420360,7.8892,7.4248,-0.8404,-3.4084,-2.5563,32.4332,4.0556,,7.8892,2.6176,5.1891,7.8528,23.6106,30.6666,40.5477,2.6176,2.4648,5.909759,7.813954,1.520319,3,22,8,2,0E-8,-0.10508989,,0E-8,0.000000,0.928418,0.000000,,2026-03-28,2026-06-04,18,24,21,69,0.260870,,,0.000000,,,,,,,,GLOBAL_BASELINE_NO_ENTITY_RANKING,,,NOT_APPLICABLE_GLOBAL_BASELINE,HF9g-P5,,,,X 全窗基线 · 不参与实体赏罚,3929411,393,A168_HF9F_20260827_0900,2026-08-27 09:00:00
2026-04-21,142057655,1384,0,39.2639321520,23.5583592912,23.5583592912,0.8000000,6,6,0.49324550000000000,0.493245500000,1.3719730223118614,1.3719730223118614,1.3719730223118614,0E-17,ELIGIBLE,R03b_20260811_FULL_v1,L1_ELIGIBILITY,v2026-08-11,2026-03-21..2026-08-06,baccarat_bet02_101_all_pairs_incl_sentinel,round_win = game_pnl > 0 (decisive only),COMPATIBILITY_ONLY_NOT_PRODUCTION,583.7974,542.0079,-61.3512,74,73,0.10508989,,0.10508989,0.10508989,61.3512,583.7974,OK,0.0000,-2.4540,4.0000,96.0000,AG03-UNRESOLVED,ALL5_LEVELS_bet23_to_bet27,-2.4540,-2.4540,-3.0676,-3.0676,-3.0676,4.000000,4.000000,5.000000,5.000000,5.000000,96.000000,96.000000,95.000000,95.000000,95.000000,5.0,-14.1108,-12.8741,-47.2404,-48.4771,PENDING_AG03,FALSE,NOT_FOR_ENFORCEMENT,-58.8972,520.3276,-61.3512,-58.8972,-2.4540,-0.10508989,-0.10088630,-2.4540,-58.8972,-0.10088630,-2.4540,-2.4540,-3.0676,-3.0676,-3.0676,-58.8972,-0.10088630,-14.1108,-12.8741,-47.2404,-48.4771,-0.08091922,-0.08303749,-0.00420360,7.8892,7.4248,-0.8404,-3.4084,-2.5563,32.4332,4.0556,,7.8892,2.6176,5.1891,7.8528,23.6106,30.6666,40.5477,2.6176,2.4648,5.909759,7.813954,1.520319,3,22,8,2,0E-8,-0.10508989,,0E-8,0.000000,0.928418,0.000000,,2026-03-28,2026-06-04,18,24,21,69,0.260870,,,0.000000,,,,,,,,GLOBAL_BASELINE_NO_ENTITY_RANKING,,,NOT_APPLICABLE_GLOBAL_BASELINE,HF9g-P5,,,,X 全窗基线 · 不参与实体赏罚,3929412,393,A168_HF9F_20260827_0900,2026-08-27 09:00:00
2026-04-29,142057655,986,0,47.1167185824,-2.6175954768,-2.6175954768,0.6250000,9,9,0.49622443333333333,0.496224433333,0.7284853808030249,0.7284853808049142,0.7284853808030249,3.3333E-13,ELIGIBLE,R03b_20260811_FULL_v1,L1_ELIGIBILITY,v2026-08-11,2026-03-21..2026-08-06,baccarat_bet02_101_all_pairs_incl_sentinel,round_win = game_pnl > 0 (decisive only),COMPATIBILITY_ONLY_NOT_PRODUCTION,583.7974,542.0079,-61.3512,74,73,0.10508989,,0.10508989,0.10508989,61.3512,583.7974,OK,0.0000,-2.4540,4.0000,96.0000,AG03-UNRESOLVED,ALL5_LEVELS_bet23_to_bet27,-2.4540,-2.4540,-3.0676,-3.0676,-3.0676,4.000000,4.000000,5.000000,5.000000,5.000000,96.000000,96.000000,95.000000,95.000000,95.000000,5.0,-14.1108,-12.8741,-47.2404,-48.4771,PENDING_AG03,FALSE,NOT_FOR_ENFORCEMENT,-58.8972,520.3276,-61.3512,-58.8972,-2.4540,-0.10508989,-0.10088630,-2.4540,-58.8972,-0.10088630,-2.4540,-2.4540,-3.0676,-3.0676,-3.0676,-58.8972,-0.10088630,-14.1108,-12.8741,-47.2404,-48.4771,-0.08091922,-0.08303749,-0.00420360,7.8892,7.4248,-0.8404,-3.4084,-2.5563,32.4332,4.0556,,7.8892,2.6176,5.1891,7.8528,23.6106,30.6666,40.5477,2.6176,2.4648,5.909759,7.813954,1.520319,3,22,8,2,0E-8,-0.10508989,,0E-8,0.000000,0.928418,0.000000,,2026-03-28,2026-06-04,18,24,21,69,0.260870,,,0.000000,,,,,,,,GLOBAL_BASELINE_NO_ENTITY_RANKING,,,NOT_APPLICABLE_GLOBAL_BASELINE,HF9g-P5,,,,X 全窗基线 · 不参与实体赏罚,3929413,393,A168_HF9F_20260827_0900,2026-08-27 09:00:00
2026-05-01,142057655,1505,0,2.5945721551,2.4648435473,2.4648435473,1.0000000,1,1,0.50665070000000000,0.506650700000,0.9867858985152569,0.9867858985152569,0.9867858985152569,0E-17,ELIGIBLE,R03b_20260811_FULL_v1,L1_ELIGIBILITY,v2026-08-11,2026-03-21..2026-08-06,baccarat_bet02_101_all_pairs_incl_sentinel,round_win = game_pnl > 0 (decisive only),COMPATIBILITY_ONLY_NOT_PRODUCTION,583.7974,542.0079,-61.3512,74,73,0.10508989,,0.10508989,0.10508989,61.3512,583.7974,OK,0.0000,-2.4540,4.0000,96.0000,AG03-UNRESOLVED,ALL5_LEVELS_bet23_to_bet27,-2.4540,-2.4540,-3.0676,-3.0676,-3.0676,4.000000,4.000000,5.000000,5.000000,5.000000,96.000000,96.000000,95.000000,95.000000,95.000000,5.0,-14.1108,-12.8741,-47.2404,-48.4771,PENDING_AG03,FALSE,NOT_FOR_ENFORCEMENT,-58.8972,520.3276,-61.3512,-58.8972,-2.4540,-0.10508989,-0.10088630,-2.4540,-58.8972,-0.10088630,-2.4540,-2.4540,-3.0676,-3.0676,-3.0676,-58.8972,-0.10088630,-14.1108,-12.8741,-47.2404,-48.4771,-0.08091922,-0.08303749,-0.00420360,7.8892,7.4248,-0.8404,-3.4084,-2.5563,32.4332,4.0556,,7.8892,2.6176,5.1891,7.8528,23.6106,30.6666,40.5477,2.6176,2.4648,5.909759,7.813954,1.520319,3,22,8,2,0E-8,-0.10508989,,0E-8,0.000000,0.928418,0.000000,,2026-03-28,2026-06-04,18,24,21,69,0.260870,,,0.000000,,,,,,,,GLOBAL_BASELINE_NO_ENTITY_RANKING,,,NOT_APPLICABLE_GLOBAL_BASELINE,HF9g-P5,,,,X 全窗基线 · 不参与实体赏罚,3929414,393,A168_HF9F_20260827_0900,2026-08-27 09:00:00
2026-05-01,142057655,2123,0,98.5937418919,-37.8807534637,-37.8807534637,0.3333333,3,3,0.50218230000000000,0.502182300000,-0.5849155494134425,-0.5849155494134426,-0.5849155494134425,0E-17,ELIGIBLE,R03b_20260811_FULL_v1,L1_ELIGIBILITY,v2026-08-11,2026-03-21..2026-08-06,baccarat_bet02_101_all_pairs_incl_sentinel,round_win = game_pnl > 0 (decisive only),COMPATIBILITY_ONLY_NOT_PRODUCTION,583.7974,542.0079,-61.3512,74,73,0.10508989,,0.10508989,0.10508989,61.3512,583.7974,OK,0.0000,-2.4540,4.0000,96.0000,AG03-UNRESOLVED,ALL5_LEVELS_bet23_to_bet27,-2.4540,-2.4540,-3.0676,-3.0676,-3.0676,4.000000,4.000000,5.000000,5.000000,5.000000,96.000000,96.000000,95.000000,95.000000,95.000000,5.0,-14.1108,-12.8741,-47.2404,-48.4771,PENDING_AG03,FALSE,NOT_FOR_ENFORCEMENT,-58.8972,520.3276,-61.3512,-58.8972,-2.4540,-0.10508989,-0.10088630,-2.4540,-58.8972,-0.10088630,-2.4540,-2.4540,-3.0676,-3.0676,-3.0676,-58.8972,-0.10088630,-14.1108,-12.8741,-47.2404,-48.4771,-0.08091922,-0.08303749,-0.00420360,7.8892,7.4248,-0.8404,-3.4084,-2.5563,32.4332,4.0556,,7.8892,2.6176,5.1891,7.8528,23.6106,30.6666,40.5477,2.6176,2.4648,5.909759,7.813954,1.520319,3,22,8,2,0E-8,-0.10508989,,0E-8,0.000000,0.928418,0.000000,,2026-03-28,2026-06-04,18,24,21,69,0.260870,,,0.000000,,,,,,,,GLOBAL_BASELINE_NO_ENTITY_RANKING,,,NOT_APPLICABLE_GLOBAL_BASELINE,HF9g-P5,,,,X 全窗基线 · 不参与实体赏罚,3929415,393,A168_HF9F_20260827_0900,2026-08-27 09:00:00
2026-05-04,142057655,1325,0,23.3511493955,-23.3511493955,-23.3511493955,0E-7,1,1,0.49324550000000000,0.493245500000,-0.9865810262130424,-0.9865810262130424,-0.9865810262130424,0E-17,ELIGIBLE,R03b_20260811_FULL_v1,L1_ELIGIBILITY,v2026-08-11,2026-03-21..2026-08-06,baccarat_bet02_101_all_pairs_incl_sentinel,round_win = game_pnl > 0 (decisive only),COMPATIBILITY_ONLY_NOT_PRODUCTION,583.7974,542.0079,-61.3512,74,73,0.10508989,,0.10508989,0.10508989,61.3512,583.7974,OK,0.0000,-2.4540,4.0000,96.0000,AG03-UNRESOLVED,ALL5_LEVELS_bet23_to_bet27,-2.4540,-2.4540,-3.0676,-3.0676,-3.0676,4.000000,4.000000,5.000000,5.000000,5.000000,96.000000,96.000000,95.000000,95.000000,95.000000,5.0,-14.1108,-12.8741,-47.2404,-48.4771,PENDING_AG03,FALSE,NOT_FOR_ENFORCEMENT,-58.8972,520.3276,-61.3512,-58.8972,-2.4540,-0.10508989,-0.10088630,-2.4540,-58.8972,-0.10088630,-2.4540,-2.4540,-3.0676,-3.0676,-3.0676,-58.8972,-0.10088630,-14.1108,-12.8741,-47.2404,-48.4771,-0.08091922,-0.08303749,-0.00420360,7.8892,7.4248,-0.8404,-3.4084,-2.5563,32.4332,4.0556,,7.8892,2.6176,5.1891,7.8528,23.6106,30.6666,40.5477,2.6176,2.4648,5.909759,7.813954,1.520319,3,22,8,2,0E-8,-0.10508989,,0E-8,0.000000,0.928418,0.000000,,2026-03-28,2026-06-04,18,24,21,69,0.260870,,,0.000000,,,,,,,,GLOBAL_BASELINE_NO_ENTITY_RANKING,,,NOT_APPLICABLE_GLOBAL_BASELINE,HF9g-P5,,,,X 全窗基线 · 不参与实体赏罚,3929416,393,A168_HF9F_20260827_0900,2026-08-27 09:00:00
2026-05-04,142057655,1402,0,36.3240101707,-5.4486015256,-5.4486015256,0.6666667,3,3,0.49771390000000000,0.497713900000,0.5852756695216578,0.5852756695216578,0.5852756695216578,0E-17,ELIGIBLE,R03b_20260811_FULL_v1,L1_ELIGIBILITY,v2026-08-11,2026-03-21..2026-08-06,baccarat_bet02_101_all_pairs_incl_sentinel,round_win = game_pnl > 0 (decisive only),COMPATIBILITY_ONLY_NOT_PRODUCTION,583.7974,542.0079,-61.3512,74,73,0.10508989,,0.10508989,0.10508989,61.3512,583.7974,OK,0.0000,-2.4540,4.0000,96.0000,AG03-UNRESOLVED,ALL5_LEVELS_bet23_to_bet27,-2.4540,-2.4540,-3.0676,-3.0676,-3.0676,4.000000,4.000000,5.000000,5.000000,5.000000,96.000000,96.000000,95.000000,95.000000,95.000000,5.0,-14.1108,-12.8741,-47.2404,-48.4771,PENDING_AG03,FALSE,NOT_FOR_ENFORCEMENT,-58.8972,520.3276,-61.3512,-58.8972,-2.4540,-0.10508989,-0.10088630,-2.4540,-58.8972,-0.10088630,-2.4540,-2.4540,-3.0676,-3.0676,-3.0676,-58.8972,-0.10088630,-14.1108,-12.8741,-47.2404,-48.4771,-0.08091922,-0.08303749,-0.00420360,7.8892,7.4248,-0.8404,-3.4084,-2.5563,32.4332,4.0556,,7.8892,2.6176,5.1891,7.8528,23.6106,30.6666,40.5477,2.6176,2.4648,5.909759,7.813954,1.520319,3,22,8,2,0E-8,-0.10508989,,0E-8,0.000000,0.928418,0.000000,,2026-03-28,2026-06-04,18,24,21,69,0.260870,,,0.000000,,,,,,,,GLOBAL_BASELINE_NO_ENTITY_RANKING,,,NOT_APPLICABLE_GLOBAL_BASELINE,HF9g-P5,,,,X 全窗基线 · 不参与实体赏罚,3929417,393,A168_HF9F_20260827_0900,2026-08-27 09:00:00
2026-05-05,142057655,1994,0,2.5945721551,-2.5945721551,-2.5945721551,0E-7,1,1,0.49324550000000000,0.493245500000,-0.9865810262130424,-0.9865810262130424,-0.9865810262130424,0E-17,ELIGIBLE,R03b_20260811_FULL_v1,L1_ELIGIBILITY,v2026-08-11,2026-03-21..2026-08-06,baccarat_bet02_101_all_pairs_incl_sentinel,round_win = game_pnl > 0 (decisive only),COMPATIBILITY_ONLY_NOT_PRODUCTION,583.7974,542.0079,-61.3512,74,73,0.10508989,,0.10508989,0.10508989,61.3512,583.7974,OK,0.0000,-2.4540,4.0000,96.0000,AG03-UNRESOLVED,ALL5_LEVELS_bet23_to_bet27,-2.4540,-2.4540,-3.0676,-3.0676,-3.0676,4.000000,4.000000,5.000000,5.000000,5.000000,96.000000,96.000000,95.000000,95.000000,95.000000,5.0,-14.1108,-12.8741,-47.2404,-48.4771,PENDING_AG03,FALSE,NOT_FOR_ENFORCEMENT,-58.8972,520.3276,-61.3512,-58.8972,-2.4540,-0.10508989,-0.10088630,-2.4540,-58.8972,-0.10088630,-2.4540,-2.4540,-3.0676,-3.0676,-3.0676,-58.8972,-0.10088630,-14.1108,-12.8741,-47.2404,-48.4771,-0.08091922,-0.08303749,-0.00420360,7.8892,7.4248,-0.8404,-3.4084,-2.5563,32.4332,4.0556,,7.8892,2.6176,5.1891,7.8528,23.6106,30.6666,40.5477,2.6176,2.4648,5.909759,7.813954,1.520319,3,22,8,2,0E-8,-0.10508989,,0E-8,0.000000,0.928418,0.000000,,2026-03-28,2026-06-04,18,24,21,69,0.260870,,,0.000000,,,,,,,,GLOBAL_BASELINE_NO_ENTITY_RANKING,,,NOT_APPLICABLE_GLOBAL_BASELINE,HF9g-P5,,,,X 全窗基线 · 不参与实体赏罚,3929418,393,A168_HF9F_20260827_0900,2026-08-27 09:00:00
2026-05-06,142057655,1330,0,28.5402937057,12.4539463442,12.4539463442,0.6000000,5,5,0.49860758000000000,0.498607580000,0.4534424453485946,0.4534424453485946,0.4534424453485946,0E-17,ELIGIBLE,R03b_20260811_FULL_v1,L1_ELIGIBILITY,v2026-08-11,2026-03-21..2026-08-06,baccarat_bet02_101_all_pairs_incl_sentinel,round_win = game_pnl > 0 (decisive only),COMPATIBILITY_ONLY_NOT_PRODUCTION,583.7974,542.0079,-61.3512,74,73,0.10508989,,0.10508989,0.10508989,61.3512,583.7974,OK,0.0000,-2.4540,4.0000,96.0000,AG03-UNRESOLVED,ALL5_LEVELS_bet23_to_bet27,-2.4540,-2.4540,-3.0676,-3.0676,-3.0676,4.000000,4.000000,5.000000,5.000000,5.000000,96.000000,96.000000,95.000000,95.000000,95.000000,5.0,-14.1108,-12.8741,-47.2404,-48.4771,PENDING_AG03,FALSE,NOT_FOR_ENFORCEMENT,-58.8972,520.3276,-61.3512,-58.8972,-2.4540,-0.10508989,-0.10088630,-2.4540,-58.8972,-0.10088630,-2.4540,-2.4540,-3.0676,-3.0676,-3.0676,-58.8972,-0.10088630,-14.1108,-12.8741,-47.2404,-48.4771,-0.08091922,-0.08303749,-0.00420360,7.8892,7.4248,-0.8404,-3.4084,-2.5563,32.4332,4.0556,,7.8892,2.6176,5.1891,7.8528,23.6106,30.6666,40.5477,2.6176,2.4648,5.909759,7.813954,1.520319,3,22,8,2,0E-8,-0.10508989,,0E-8,0.000000,0.928418,0.000000,,2026-03-28,2026-06-04,18,24,21,69,0.260870,,,0.000000,,,,,,,,GLOBAL_BASELINE_NO_ENTITY_RANKING,,,NOT_APPLICABLE_GLOBAL_BASELINE,HF9g-P5,,,,X 全窗基线 · 不参与实体赏罚,3929419,393,A168_HF9F_20260827_0900,2026-08-27 09:00:00
2026-05-06,142057655,1396,0,10.3782886203,10.2485600125,10.2485600125,1.0000000,3,3,0.49771390000000000,0.497713900000,1.739988277604938,1.739988277604938,1.739988277604938,0E-17,ELIGIBLE,R03b_20260811_FULL_v1,L1_ELIGIBILITY,v2026-08-11,2026-03-21..2026-08-06,baccarat_bet02_101_all_pairs_incl_sentinel,round_win = game_pnl > 0 (decisive only),COMPATIBILITY_ONLY_NOT_PRODUCTION,583.7974,542.0079,-61.3512,74,73,0.10508989,,0.10508989,0.10508989,61.3512,583.7974,OK,0.0000,-2.4540,4.0000,96.0000,AG03-UNRESOLVED,ALL5_LEVELS_bet23_to_bet27,-2.4540,-2.4540,-3.0676,-3.0676,-3.0676,4.000000,4.000000,5.000000,5.000000,5.000000,96.000000,96.000000,95.000000,95.000000,95.000000,5.0,-14.1108,-12.8741,-47.2404,-48.4771,PENDING_AG03,FALSE,NOT_FOR_ENFORCEMENT,-58.8972,520.3276,-61.3512,-58.8972,-2.4540,-0.10508989,-0.10088630,-2.4540,-58.8972,-0.10088630,-2.4540,-2.4540,-3.0676,-3.0676,-3.0676,-58.8972,-0.10088630,-14.1108,-12.8741,-47.2404,-48.4771,-0.08091922,-0.08303749,-0.00420360,7.8892,7.4248,-0.8404,-3.4084,-2.5563,32.4332,4.0556,,7.8892,2.6176,5.1891,7.8528,23.6106,30.6666,40.5477,2.6176,2.4648,5.909759,7.813954,1.520319,3,22,8,2,0E-8,-0.10508989,,0E-8,0.000000,0.928418,0.000000,,2026-03-28,2026-06-04,18,24,21,69,0.260870,,,0.000000,,,,,,,,GLOBAL_BASELINE_NO_ENTITY_RANKING,,,NOT_APPLICABLE_GLOBAL_BASELINE,HF9g-P5,,,,X 全窗基线 · 不参与实体赏罚,3929420,393,A168_HF9F_20260827_0900,2026-08-27 09:00:00
2026-05-07,142057655,1942,0,28.5402937056,28.5402937056,28.5402937056,1.0000000,1,1,0.49324550000000000,0.493245500000,1.01360149184955,1.01360149184955,1.01360149184955,0E-17,ELIGIBLE,R03b_20260811_FULL_v1,L1_ELIGIBILITY,v2026-08-11,2026-03-21..2026-08-06,baccarat_bet02_101_all_pairs_incl_sentinel,round_win = game_pnl > 0 (decisive only),COMPATIBILITY_ONLY_NOT_PRODUCTION,583.7974,542.0079,-61.3512,74,73,0.10508989,,0.10508989,0.10508989,61.3512,583.7974,OK,0.0000,-2.4540,4.0000,96.0000,AG03-UNRESOLVED,ALL5_LEVELS_bet23_to_bet27,-2.4540,-2.4540,-3.0676,-3.0676,-3.0676,4.000000,4.000000,5.000000,5.000000,5.000000,96.000000,96.000000,95.000000,95.000000,95.000000,5.0,-14.1108,-12.8741,-47.2404,-48.4771,PENDING_AG03,FALSE,NOT_FOR_ENFORCEMENT,-58.8972,520.3276,-61.3512,-58.8972,-2.4540,-0.10508989,-0.10088630,-2.4540,-58.8972,-0.10088630,-2.4540,-2.4540,-3.0676,-3.0676,-3.0676,-58.8972,-0.10088630,-14.1108,-12.8741,-47.2404,-48.4771,-0.08091922,-0.08303749,-0.00420360,7.8892,7.4248,-0.8404,-3.4084,-2.5563,32.4332,4.0556,,7.8892,2.6176,5.1891,7.8528,23.6106,30.6666,40.5477,2.6176,2.4648,5.909759,7.813954,1.520319,3,22,8,2,0E-8,-0.10508989,,0E-8,0.000000,0.928418,0.000000,,2026-03-28,2026-06-04,18,24,21,69,0.260870,,,0.000000,,,,,,,,GLOBAL_BASELINE_NO_ENTITY_RANKING,,,NOT_APPLICABLE_GLOBAL_BASELINE,HF9g-P5,,,,X 全窗基线 · 不参与实体赏罚,3929421,393,A168_HF9F_20260827_0900,2026-08-27 09:00:00
2026-05-07,142057655,1994,0,25.9457215505,25.9457215505,25.9457215505,1.0000000,1,1,0.49324550000000000,0.493245500000,1.01360149184955,1.01360149184955,1.01360149184955,0E-17,ELIGIBLE,R03b_20260811_FULL_v1,L1_ELIGIBILITY,v2026-08-11,2026-03-21..2026-08-06,baccarat_bet02_101_all_pairs_incl_sentinel,round_win = game_pnl > 0 (decisive only),COMPATIBILITY_ONLY_NOT_PRODUCTION,583.7974,542.0079,-61.3512,74,73,0.10508989,,0.10508989,0.10508989,61.3512,583.7974,OK,0.0000,-2.4540,4.0000,96.0000,AG03-UNRESOLVED,ALL5_LEVELS_bet23_to_bet27,-2.4540,-2.4540,-3.0676,-3.0676,-3.0676,4.000000,4.000000,5.000000,5.000000,5.000000,96.000000,96.000000,95.000000,95.000000,95.000000,5.0,-14.1108,-12.8741,-47.2404,-48.4771,PENDING_AG03,FALSE,NOT_FOR_ENFORCEMENT,-58.8972,520.3276,-61.3512,-58.8972,-2.4540,-0.10508989,-0.10088630,-2.4540,-58.8972,-0.10088630,-2.4540,-2.4540,-3.0676,-3.0676,-3.0676,-58.8972,-0.10088630,-14.1108,-12.8741,-47.2404,-48.4771,-0.08091922,-0.08303749,-0.00420360,7.8892,7.4248,-0.8404,-3.4084,-2.5563,32.4332,4.0556,,7.8892,2.6176,5.1891,7.8528,23.6106,30.6666,40.5477,2.6176,2.4648,5.909759,7.813954,1.520319,3,22,8,2,0E-8,-0.10508989,,0E-8,0.000000,0.928418,0.000000,,2026-03-28,2026-06-04,18,24,21,69,0.260870,,,0.000000,,,,,,,,GLOBAL_BASELINE_NO_ENTITY_RANKING,,,NOT_APPLICABLE_GLOBAL_BASELINE,HF9g-P5,,,,X 全窗基线 · 不参与实体赏罚,3929422,393,A168_HF9F_20260827_0900,2026-08-27 09:00:00
2026-05-07,142057655,2123,0,5.1891443102,2.4648435473,2.4648435473,1.0000000,2,2,0.50665070000000000,0.506650700000,0.9867858985152569,0.9867858985152569,0.9867858985152569,0E-17,ELIGIBLE,R03b_20260811_FULL_v1,L1_ELIGIBILITY,v2026-08-11,2026-03-21..2026-08-06,baccarat_bet02_101_all_pairs_incl_sentinel,round_win = game_pnl > 0 (decisive only),COMPATIBILITY_ONLY_NOT_PRODUCTION,583.7974,542.0079,-61.3512,74,73,0.10508989,,0.10508989,0.10508989,61.3512,583.7974,OK,0.0000,-2.4540,4.0000,96.0000,AG03-UNRESOLVED,ALL5_LEVELS_bet23_to_bet27,-2.4540,-2.4540,-3.0676,-3.0676,-3.0676,4.000000,4.000000,5.000000,5.000000,5.000000,96.000000,96.000000,95.000000,95.000000,95.000000,5.0,-14.1108,-12.8741,-47.2404,-48.4771,PENDING_AG03,FALSE,NOT_FOR_ENFORCEMENT,-58.8972,520.3276,-61.3512,-58.8972,-2.4540,-0.10508989,-0.10088630,-2.4540,-58.8972,-0.10088630,-2.4540,-2.4540,-3.0676,-3.0676,-3.0676,-58.8972,-0.10088630,-14.1108,-12.8741,-47.2404,-48.4771,-0.08091922,-0.08303749,-0.00420360,7.8892,7.4248,-0.8404,-3.4084,-2.5563,32.4332,4.0556,,7.8892,2.6176,5.1891,7.8528,23.6106,30.6666,40.5477,2.6176,2.4648,5.909759,7.813954,1.520319,3,22,8,2,0E-8,-0.10508989,,0E-8,0.000000,0.928418,0.000000,,2026-03-28,2026-06-04,18,24,21,69,0.260870,,,0.000000,,,,,,,,GLOBAL_BASELINE_NO_ENTITY_RANKING,,,NOT_APPLICABLE_GLOBAL_BASELINE,HF9g-P5,,,,X 全窗基线 · 不参与实体赏罚,3929423,393,A168_HF9F_20260827_0900,2026-08-27 09:00:00
2026-05-08,142057655,2202,0,10.3782886204,-2.7243007629,-2.7243007629,0.3333333,4,4,0.49659680000000000,0.496596800000,-0.5655743394288276,-0.5655743394288276,-0.5655743394288276,0E-17,ELIGIBLE,R03b_20260811_FULL_v1,L1_ELIGIBILITY,v2026-08-11,2026-03-21..2026-08-06,baccarat_bet02_101_all_pairs_incl_sentinel,round_win = game_pnl > 0 (decisive only),COMPATIBILITY_ONLY_NOT_PRODUCTION,583.7974,542.0079,-61.3512,74,73,0.10508989,,0.10508989,0.10508989,61.3512,583.7974,OK,0.0000,-2.4540,4.0000,96.0000,AG03-UNRESOLVED,ALL5_LEVELS_bet23_to_bet27,-2.4540,-2.4540,-3.0676,-3.0676,-3.0676,4.000000,4.000000,5.000000,5.000000,5.000000,96.000000,96.000000,95.000000,95.000000,95.000000,5.0,-14.1108,-12.8741,-47.2404,-48.4771,PENDING_AG03,FALSE,NOT_FOR_ENFORCEMENT,-58.8972,520.3276,-61.3512,-58.8972,-2.4540,-0.10508989,-0.10088630,-2.4540,-58.8972,-0.10088630,-2.4540,-2.4540,-3.0676,-3.0676,-3.0676,-58.8972,-0.10088630,-14.1108,-12.8741,-47.2404,-48.4771,-0.08091922,-0.08303749,-0.00420360,7.8892,7.4248,-0.8404,-3.4084,-2.5563,32.4332,4.0556,,7.8892,2.6176,5.1891,7.8528,23.6106,30.6666,40.5477,2.6176,2.4648,5.909759,7.813954,1.520319,3,22,8,2,0E-8,-0.10508989,,0E-8,0.000000,0.928418,0.000000,,2026-03-28,2026-06-04,18,24,21,69,0.260870,,,0.000000,,,,,,,,GLOBAL_BASELINE_NO_ENTITY_RANKING,,,NOT_APPLICABLE_GLOBAL_BASELINE,HF9g-P5,,,,X 全窗基线 · 不参与实体赏罚,3929424,393,A168_HF9F_20260827_0900,2026-08-27 09:00:00
2026-05-09,142057655,2233,0,2.5945721551,-2.5945721551,-2.5945721551,0E-7,1,1,0.49324550000000000,0.493245500000,-0.9865810262130424,-0.9865810262130424,-0.9865810262130424,0E-17,ELIGIBLE,R03b_20260811_FULL_v1,L1_ELIGIBILITY,v2026-08-11,2026-03-21..2026-08-06,baccarat_bet02_101_all_pairs_incl_sentinel,round_win = game_pnl > 0 (decisive only),COMPATIBILITY_ONLY_NOT_PRODUCTION,583.7974,542.0079,-61.3512,74,73,0.10508989,,0.10508989,0.10508989,61.3512,583.7974,OK,0.0000,-2.4540,4.0000,96.0000,AG03-UNRESOLVED,ALL5_LEVELS_bet23_to_bet27,-2.4540,-2.4540,-3.0676,-3.0676,-3.0676,4.000000,4.000000,5.000000,5.000000,5.000000,96.000000,96.000000,95.000000,95.000000,95.000000,5.0,-14.1108,-12.8741,-47.2404,-48.4771,PENDING_AG03,FALSE,NOT_FOR_ENFORCEMENT,-58.8972,520.3276,-61.3512,-58.8972,-2.4540,-0.10508989,-0.10088630,-2.4540,-58.8972,-0.10088630,-2.4540,-2.4540,-3.0676,-3.0676,-3.0676,-58.8972,-0.10088630,-14.1108,-12.8741,-47.2404,-48.4771,-0.08091922,-0.08303749,-0.00420360,7.8892,7.4248,-0.8404,-3.4084,-2.5563,32.4332,4.0556,,7.8892,2.6176,5.1891,7.8528,23.6106,30.6666,40.5477,2.6176,2.4648,5.909759,7.813954,1.520319,3,22,8,2,0E-8,-0.10508989,,0E-8,0.000000,0.928418,0.000000,,2026-03-28,2026-06-04,18,24,21,69,0.260870,,,0.000000,,,,,,,,GLOBAL_BASELINE_NO_ENTITY_RANKING,,,NOT_APPLICABLE_GLOBAL_BASELINE,HF9g-P5,,,,X 全窗基线 · 不参与实体赏罚,3929425,393,A168_HF9F_20260827_0900,2026-08-27 09:00:00
2026-05-11,142057655,2223,0,15.5674329304,-5.1891443102,-5.1891443102,0.3333333,3,3,0.49324550000000000,0.493245500000,-0.5540025479526107,-0.5540025479526106,-0.5540025479526107,0E-17,ELIGIBLE,R03b_20260811_FULL_v1,L1_ELIGIBILITY,v2026-08-11,2026-03-21..2026-08-06,baccarat_bet02_101_all_pairs_incl_sentinel,round_win = game_pnl > 0 (decisive only),COMPATIBILITY_ONLY_NOT_PRODUCTION,583.7974,542.0079,-61.3512,74,73,0.10508989,,0.10508989,0.10508989,61.3512,583.7974,OK,0.0000,-2.4540,4.0000,96.0000,AG03-UNRESOLVED,ALL5_LEVELS_bet23_to_bet27,-2.4540,-2.4540,-3.0676,-3.0676,-3.0676,4.000000,4.000000,5.000000,5.000000,5.000000,96.000000,96.000000,95.000000,95.000000,95.000000,5.0,-14.1108,-12.8741,-47.2404,-48.4771,PENDING_AG03,FALSE,NOT_FOR_ENFORCEMENT,-58.8972,520.3276,-61.3512,-58.8972,-2.4540,-0.10508989,-0.10088630,-2.4540,-58.8972,-0.10088630,-2.4540,-2.4540,-3.0676,-3.0676,-3.0676,-58.8972,-0.10088630,-14.1108,-12.8741,-47.2404,-48.4771,-0.08091922,-0.08303749,-0.00420360,7.8892,7.4248,-0.8404,-3.4084,-2.5563,32.4332,4.0556,,7.8892,2.6176,5.1891,7.8528,23.6106,30.6666,40.5477,2.6176,2.4648,5.909759,7.813954,1.520319,3,22,8,2,0E-8,-0.10508989,,0E-8,0.000000,0.928418,0.000000,,2026-03-28,2026-06-04,18,24,21,69,0.260870,,,0.000000,,,,,,,,GLOBAL_BASELINE_NO_ENTITY_RANKING,,,NOT_APPLICABLE_GLOBAL_BASELINE,HF9g-P5,,,,X 全窗基线 · 不参与实体赏罚,3929426,393,A168_HF9F_20260827_0900,2026-08-27 09:00:00
2026-05-21,142057655,2123,0,2.5945721551,-2.5945721551,-2.5945721551,0E-7,1,1,0.49324550000000000,0.493245500000,-0.9865810262130424,-0.9865810262130424,-0.9865810262130424,0E-17,ELIGIBLE,R03b_20260811_FULL_v1,L1_ELIGIBILITY,v2026-08-11,2026-03-21..2026-08-06,baccarat_bet02_101_all_pairs_incl_sentinel,round_win = game_pnl > 0 (decisive only),COMPATIBILITY_ONLY_NOT_PRODUCTION,583.7974,542.0079,-61.3512,74,73,0.10508989,,0.10508989,0.10508989,61.3512,583.7974,OK,0.0000,-2.4540,4.0000,96.0000,AG03-UNRESOLVED,ALL5_LEVELS_bet23_to_bet27,-2.4540,-2.4540,-3.0676,-3.0676,-3.0676,4.000000,4.000000,5.000000,5.000000,5.000000,96.000000,96.000000,95.000000,95.000000,95.000000,5.0,-14.1108,-12.8741,-47.2404,-48.4771,PENDING_AG03,FALSE,NOT_FOR_ENFORCEMENT,-58.8972,520.3276,-61.3512,-58.8972,-2.4540,-0.10508989,-0.10088630,-2.4540,-58.8972,-0.10088630,-2.4540,-2.4540,-3.0676,-3.0676,-3.0676,-58.8972,-0.10088630,-14.1108,-12.8741,-47.2404,-48.4771,-0.08091922,-0.08303749,-0.00420360,7.8892,7.4248,-0.8404,-3.4084,-2.5563,32.4332,4.0556,,7.8892,2.6176,5.1891,7.8528,23.6106,30.6666,40.5477,2.6176,2.4648,5.909759,7.813954,1.520319,3,22,8,2,0E-8,-0.10508989,,0E-8,0.000000,0.928418,0.000000,,2026-03-28,2026-06-04,18,24,21,69,0.260870,,,0.000000,,,,,,,,GLOBAL_BASELINE_NO_ENTITY_RANKING,,,NOT_APPLICABLE_GLOBAL_BASELINE,HF9g-P5,,,,X 全窗基线 · 不参与实体赏罚,3929427,393,A168_HF9F_20260827_0900,2026-08-27 09:00:00
2026-05-30,142057655,2145,0,2.5945721551,-2.5945721551,-2.5945721551,0E-7,1,1,0.49324550000000000,0.493245500000,-0.9865810262130424,-0.9865810262130424,-0.9865810262130424,0E-17,ELIGIBLE,R03b_20260811_FULL_v1,L1_ELIGIBILITY,v2026-08-11,2026-03-21..2026-08-06,baccarat_bet02_101_all_pairs_incl_sentinel,round_win = game_pnl > 0 (decisive only),COMPATIBILITY_ONLY_NOT_PRODUCTION,583.7974,542.0079,-61.3512,74,73,0.10508989,,0.10508989,0.10508989,61.3512,583.7974,OK,0.0000,-2.4540,4.0000,96.0000,AG03-UNRESOLVED,ALL5_LEVELS_bet23_to_bet27,-2.4540,-2.4540,-3.0676,-3.0676,-3.0676,4.000000,4.000000,5.000000,5.000000,5.000000,96.000000,96.000000,95.000000,95.000000,95.000000,5.0,-14.1108,-12.8741,-47.2404,-48.4771,PENDING_AG03,FALSE,NOT_FOR_ENFORCEMENT,-58.8972,520.3276,-61.3512,-58.8972,-2.4540,-0.10508989,-0.10088630,-2.4540,-58.8972,-0.10088630,-2.4540,-2.4540,-3.0676,-3.0676,-3.0676,-58.8972,-0.10088630,-14.1108,-12.8741,-47.2404,-48.4771,-0.08091922,-0.08303749,-0.00420360,7.8892,7.4248,-0.8404,-3.4084,-2.5563,32.4332,4.0556,,7.8892,2.6176,5.1891,7.8528,23.6106,30.6666,40.5477,2.6176,2.4648,5.909759,7.813954,1.520319,3,22,8,2,0E-8,-0.10508989,,0E-8,0.000000,0.928418,0.000000,,2026-03-28,2026-06-04,18,24,21,69,0.260870,,,0.000000,,,,,,,,GLOBAL_BASELINE_NO_ENTITY_RANKING,,,NOT_APPLICABLE_GLOBAL_BASELINE,HF9g-P5,,,,X 全窗基线 · 不参与实体赏罚,3929428,393,A168_HF9F_20260827_0900,2026-08-27 09:00:00
2026-06-04,142057655,2141,0,10.2862139019,-2.5715534754,-2.5715534754,0.5000000,3,3,0.49324550000000000,0.493245500000,0.01910635448239258,0.01910635448239258,0.01910635448239258,0E-17,ELIGIBLE,R03b_20260811_FULL_v1,L1_ELIGIBILITY,v2026-08-11,2026-03-21..2026-08-06,baccarat_bet02_101_all_pairs_incl_sentinel,round_win = game_pnl > 0 (decisive only),COMPATIBILITY_ONLY_NOT_PRODUCTION,583.7974,542.0079,-61.3512,74,73,0.10508989,,0.10508989,0.10508989,61.3512,583.7974,OK,0.0000,-2.4540,4.0000,96.0000,AG03-UNRESOLVED,ALL5_LEVELS_bet23_to_bet27,-2.4540,-2.4540,-3.0676,-3.0676,-3.0676,4.000000,4.000000,5.000000,5.000000,5.000000,96.000000,96.000000,95.000000,95.000000,95.000000,5.0,-14.1108,-12.8741,-47.2404,-48.4771,PENDING_AG03,FALSE,NOT_FOR_ENFORCEMENT,-58.8972,520.3276,-61.3512,-58.8972,-2.4540,-0.10508989,-0.10088630,-2.4540,-58.8972,-0.10088630,-2.4540,-2.4540,-3.0676,-3.0676,-3.0676,-58.8972,-0.10088630,-14.1108,-12.8741,-47.2404,-48.4771,-0.08091922,-0.08303749,-0.00420360,7.8892,7.4248,-0.8404,-3.4084,-2.5563,32.4332,4.0556,,7.8892,2.6176,5.1891,7.8528,23.6106,30.6666,40.5477,2.6176,2.4648,5.909759,7.813954,1.520319,3,22,8,2,0E-8,-0.10508989,,0E-8,0.000000,0.928418,0.000000,,2026-03-28,2026-06-04,18,24,21,69,0.260870,,,0.000000,,,,,,,,GLOBAL_BASELINE_NO_ENTITY_RANKING,,,NOT_APPLICABLE_GLOBAL_BASELINE,HF9g-P5,,,,X 全窗基线 · 不参与实体赏罚,3929429,393,A168_HF9F_20260827_0900,2026-08-27 09:00:00
2026-04-02,148100156,-1,1,131.7648050935,73.9991145407,73.9991145407,0.7500000,19,4,0.31081030450639972,0.158901035000,1.8978638145950835,3.2337264750516326,1.8978638145950835,0.15190926950639972,SENTINEL_DEALER,R03b_20260811_FULL_v1,L1_ELIGIBILITY,v2026-08-11,2026-03-21..2026-08-06,baccarat_bet02_101_all_pairs_incl_sentinel,round_win = game_pnl > 0 (decisive only),COMPATIBILITY_ONLY_NOT_PRODUCTION,207.6613,201.3366,-61.3497,28,7,0.29543147,,0.29543147,0.29543147,61.3497,207.6613,THIN_EXPOSURE,0.0000,-2.4540,4.0000,96.0000,AG03-UNRESOLVED,ALL5_LEVELS_bet23_to_bet27,-2.4540,-2.4540,-2.4540,-2.4540,-2.4540,4.000000,4.000000,4.000000,4.000000,4.000000,96.000000,96.000000,96.000000,96.000000,96.000000,5.0,-12.2699,-11.3268,-49.0798,-50.0229,PENDING_AG03,FALSE,NOT_FOR_ENFORCEMENT,-58.8957,193.2832,-61.3497,-58.8957,-2.4540,-0.29543147,-0.28361421,-2.4540,-58.8957,-0.28361421,-2.4540,-2.4540,-2.4540,-2.4540,-2.4540,-58.8957,-0.28361421,-12.2699,-11.3268,-49.0798,-50.0229,-0.23634518,-0.24088676,-0.01181726,7.4165,28.7624,-8.7642,-30.6748,-20.4499,103.8307,3.5000,,7.4165,3.1624,4.2165,10.5412,19.8174,24.7718,29.5153,4.2165,-3.1624,5.875001,7.0,1.758929,3,1,2,8,0E-8,-0.29543147,,0E-8,0.000000,0.969543,0.000000,,2026-04-02,2026-04-13,2,3,3,12,0.166667,,,0.000000,,,,,,,,GLOBAL_BASELINE_NO_ENTITY_RANKING,,,NOT_APPLICABLE_GLOBAL_BASELINE,HF9g-P5,,,,X 全窗基线 · 不参与实体赏罚,3929430,393,A168_HF9F_20260827_0900,2026-08-27 09:00:00
2026-04-13,148100156,-1,1,75.8965277339,-12.6494212890,-12.6494212890,0.3333333,9,3,0.36142264629637205,0.246993113333,-0.1012715150417674,0.34676230572316713,-0.1012715150417674,0.11442953296337205,SENTINEL_DEALER,R03b_20260811_FULL_v1,L1_ELIGIBILITY,v2026-08-11,2026-03-21..2026-08-06,baccarat_bet02_101_all_pairs_incl_sentinel,round_win = game_pnl > 0 (decisive only),COMPATIBILITY_ONLY_NOT_PRODUCTION,207.6613,201.3366,-61.3497,28,7,0.29543147,,0.29543147,0.29543147,61.3497,207.6613,THIN_EXPOSURE,0.0000,-2.4540,4.0000,96.0000,AG03-UNRESOLVED,ALL5_LEVELS_bet23_to_bet27,-2.4540,-2.4540,-2.4540,-2.4540,-2.4540,4.000000,4.000000,4.000000,4.000000,4.000000,96.000000,96.000000,96.000000,96.000000,96.000000,5.0,-12.2699,-11.3268,-49.0798,-50.0229,PENDING_AG03,FALSE,NOT_FOR_ENFORCEMENT,-58.8957,193.2832,-61.3497,-58.8957,-2.4540,-0.29543147,-0.28361421,-2.4540,-58.8957,-0.28361421,-2.4540,-2.4540,-2.4540,-2.4540,-2.4540,-58.8957,-0.28361421,-12.2699,-11.3268,-49.0798,-50.0229,-0.23634518,-0.24088676,-0.01181726,7.4165,28.7624,-8.7642,-30.6748,-20.4499,103.8307,3.5000,,7.4165,3.1624,4.2165,10.5412,19.8174,24.7718,29.5153,4.2165,-3.1624,5.875001,7.0,1.758929,3,1,2,8,0E-8,-0.29543147,,0E-8,0.000000,0.969543,0.000000,,2026-04-02,2026-04-13,2,3,3,12,0.166667,,,0.000000,,,,,,,,GLOBAL_BASELINE_NO_ENTITY_RANKING,,,NOT_APPLICABLE_GLOBAL_BASELINE,HF9g-P5,,,,X 全窗基线 · 不参与实体赏罚,3929431,393,A168_HF9F_20260827_0900,2026-08-27 09:00:00
2026-04-30,149367035,1078,0,21.0823688150,21.0823688150,21.0823688150,1.0000000,1,1,0.49324550000000000,0.493245500000,1.01360149184955,1.01360149184955,1.01360149184955,0E-17,ELIGIBLE,R03b_20260811_FULL_v1,L1_ELIGIBILITY,v2026-08-11,2026-03-21..2026-08-06,baccarat_bet02_101_all_pairs_incl_sentinel,round_win = game_pnl > 0 (decisive only),COMPATIBILITY_ONLY_NOT_PRODUCTION,309.9108,288.8285,-61.3497,14,14,0.19795918,,0.19795918,0.19795918,61.3497,309.9108,THIN_EXPOSURE,0.0000,-2.4540,4.0000,96.0000,AG03-UNRESOLVED,ALL5_LEVELS_bet23_to_bet27,-2.4540,-2.4540,-2.4540,-2.4540,-2.4540,4.000000,4.000000,4.000000,4.000000,4.000000,96.000000,96.000000,96.000000,96.000000,96.000000,5.0,-12.2699,-11.3268,-49.0798,-50.0229,PENDING_AG03,FALSE,NOT_FOR_ENFORCEMENT,-58.8957,277.2753,-61.3497,-58.8957,-2.4540,-0.19795918,-0.19004082,-2.4540,-58.8957,-0.19004082,-2.4540,-2.4540,-2.4540,-2.4540,-2.4540,-58.8957,-0.19004082,-12.2699,-11.3268,-49.0798,-50.0229,-0.15836735,-0.16141051,-0.00791837,22.1365,20.6306,-4.3821,-61.3497,-6.1350,309.9108,14.0000,,22.1365,21.0824,21.0824,21.0824,32.6777,40.0565,42.1647,21.0824,14.336,1.9,2.0,1.05,9,9,1,2,0E-8,-0.19795918,,0E-8,0.000000,0.931973,0.000000,,2026-04-30,2026-04-30,1,10,9,1,1.000000,,,0.000000,,,,,,,,GLOBAL_BASELINE_NO_ENTITY_RANKING,,,NOT_APPLICABLE_GLOBAL_BASELINE,HF9g-P5,,,,X 全窗基线 · 不参与实体赏罚,3929432,393,A168_HF9F_20260827_0900,2026-08-27 09:00:00
2026-04-30,149367035,1115,0,21.0823688150,20.0282503742,20.0282503742,1.0000000,1,1,0.50665070000000000,0.506650700000,0.9867858985152569,0.9867858985152569,0.9867858985152569,0E-17,ELIGIBLE,R03b_20260811_FULL_v1,L1_ELIGIBILITY,v2026-08-11,2026-03-21..2026-08-06,baccarat_bet02_101_all_pairs_incl_sentinel,round_win = game_pnl > 0 (decisive only),COMPATIBILITY_ONLY_NOT_PRODUCTION,309.9108,288.8285,-61.3497,14,14,0.19795918,,0.19795918,0.19795918,61.3497,309.9108,THIN_EXPOSURE,0.0000,-2.4540,4.0000,96.0000,AG03-UNRESOLVED,ALL5_LEVELS_bet23_to_bet27,-2.4540,-2.4540,-2.4540,-2.4540,-2.4540,4.000000,4.000000,4.000000,4.000000,4.000000,96.000000,96.000000,96.000000,96.000000,96.000000,5.0,-12.2699,-11.3268,-49.0798,-50.0229,PENDING_AG03,FALSE,NOT_FOR_ENFORCEMENT,-58.8957,277.2753,-61.3497,-58.8957,-2.4540,-0.19795918,-0.19004082,-2.4540,-58.8957,-0.19004082,-2.4540,-2.4540,-2.4540,-2.4540,-2.4540,-58.8957,-0.19004082,-12.2699,-11.3268,-49.0798,-50.0229,-0.15836735,-0.16141051,-0.00791837,22.1365,20.6306,-4.3821,-61.3497,-6.1350,309.9108,14.0000,,22.1365,21.0824,21.0824,21.0824,32.6777,40.0565,42.1647,21.0824,14.336,1.9,2.0,1.05,9,9,1,2,0E-8,-0.19795918,,0E-8,0.000000,0.931973,0.000000,,2026-04-30,2026-04-30,1,10,9,1,1.000000,,,0.000000,,,,,,,,GLOBAL_BASELINE_NO_ENTITY_RANKING,,,NOT_APPLICABLE_GLOBAL_BASELINE,HF9g-P5,,,,X 全窗基线 · 不参与实体赏罚,3929433,393,A168_HF9F_20260827_0900,2026-08-27 09:00:00
2026-04-30,149367035,1402,0,42.1647376300,20.0282503742,20.0282503742,1.0000000,2,2,0.50665070000000000,0.506650700000,0.9867858985152569,0.9867858985152569,0.9867858985152569,0E-17,ELIGIBLE,R03b_20260811_FULL_v1,L1_ELIGIBILITY,v2026-08-11,2026-03-21..2026-08-06,baccarat_bet02_101_all_pairs_incl_sentinel,round_win = game_pnl > 0 (decisive only),COMPATIBILITY_ONLY_NOT_PRODUCTION,309.9108,288.8285,-61.3497,14,14,0.19795918,,0.19795918,0.19795918,61.3497,309.9108,THIN_EXPOSURE,0.0000,-2.4540,4.0000,96.0000,AG03-UNRESOLVED,ALL5_LEVELS_bet23_to_bet27,-2.4540,-2.4540,-2.4540,-2.4540,-2.4540,4.000000,4.000000,4.000000,4.000000,4.000000,96.000000,96.000000,96.000000,96.000000,96.000000,5.0,-12.2699,-11.3268,-49.0798,-50.0229,PENDING_AG03,FALSE,NOT_FOR_ENFORCEMENT,-58.8957,277.2753,-61.3497,-58.8957,-2.4540,-0.19795918,-0.19004082,-2.4540,-58.8957,-0.19004082,-2.4540,-2.4540,-2.4540,-2.4540,-2.4540,-58.8957,-0.19004082,-12.2699,-11.3268,-49.0798,-50.0229,-0.15836735,-0.16141051,-0.00791837,22.1365,20.6306,-4.3821,-61.3497,-6.1350,309.9108,14.0000,,22.1365,21.0824,21.0824,21.0824,32.6777,40.0565,42.1647,21.0824,14.336,1.9,2.0,1.05,9,9,1,2,0E-8,-0.19795918,,0E-8,0.000000,0.931973,0.000000,,2026-04-30,2026-04-30,1,10,9,1,1.000000,,,0.000000,,,,,,,,GLOBAL_BASELINE_NO_ENTITY_RANKING,,,NOT_APPLICABLE_GLOBAL_BASELINE,HF9g-P5,,,,X 全窗基线 · 不参与实体赏罚,3929434,393,A168_HF9F_20260827_0900,2026-08-27 09:00:00
2026-04-30,149367035,1710,0,33.7317901040,-0.8432947526,-0.8432947526,0.5000000,2,2,0.50665070000000000,0.506650700000,-0.018812684590367487,-0.018812684590367487,-0.018812684590367487,0E-17,ELIGIBLE,R03b_20260811_FULL_v1,L1_ELIGIBILITY,v2026-08-11,2026-03-21..2026-08-06,baccarat_bet02_101_all_pairs_incl_sentinel,round_win = game_pnl > 0 (decisive only),COMPATIBILITY_ONLY_NOT_PRODUCTION,309.9108,288.8285,-61.3497,14,14,0.19795918,,0.19795918,0.19795918,61.3497,309.9108,THIN_EXPOSURE,0.0000,-2.4540,4.0000,96.0000,AG03-UNRESOLVED,ALL5_LEVELS_bet23_to_bet27,-2.4540,-2.4540,-2.4540,-2.4540,-2.4540,4.000000,4.000000,4.000000,4.000000,4.000000,96.000000,96.000000,96.000000,96.000000,96.000000,5.0,-12.2699,-11.3268,-49.0798,-50.0229,PENDING_AG03,FALSE,NOT_FOR_ENFORCEMENT,-58.8957,277.2753,-61.3497,-58.8957,-2.4540,-0.19795918,-0.19004082,-2.4540,-58.8957,-0.19004082,-2.4540,-2.4540,-2.4540,-2.4540,-2.4540,-58.8957,-0.19004082,-12.2699,-11.3268,-49.0798,-50.0229,-0.15836735,-0.16141051,-0.00791837,22.1365,20.6306,-4.3821,-61.3497,-6.1350,309.9108,14.0000,,22.1365,21.0824,21.0824,21.0824,32.6777,40.0565,42.1647,21.0824,14.336,1.9,2.0,1.05,9,9,1,2,0E-8,-0.19795918,,0E-8,0.000000,0.931973,0.000000,,2026-04-30,2026-04-30,1,10,9,1,1.000000,,,0.000000,,,,,,,,GLOBAL_BASELINE_NO_ENTITY_RANKING,,,NOT_APPLICABLE_GLOBAL_BASELINE,HF9g-P5,,,,X 全窗基线 · 不参与实体赏罚,3929435,393,A168_HF9F_20260827_0900,2026-08-27 09:00:00
2026-04-30,149367035,2123,0,12.6494212890,12.6494212890,12.6494212890,1.0000000,1,1,0.49324550000000000,0.493245500000,1.01360149184955,1.01360149184955,1.01360149184955,0E-17,ELIGIBLE,R03b_20260811_FULL_v1,L1_ELIGIBILITY,v2026-08-11,2026-03-21..2026-08-06,baccarat_bet02_101_all_pairs_incl_sentinel,round_win = game_pnl > 0 (decisive only),COMPATIBILITY_ONLY_NOT_PRODUCTION,309.9108,288.8285,-61.3497,14,14,0.19795918,,0.19795918,0.19795918,61.3497,309.9108,THIN_EXPOSURE,0.0000,-2.4540,4.0000,96.0000,AG03-UNRESOLVED,ALL5_LEVELS_bet23_to_bet27,-2.4540,-2.4540,-2.4540,-2.4540,-2.4540,4.000000,4.000000,4.000000,4.000000,4.000000,96.000000,96.000000,96.000000,96.000000,96.000000,5.0,-12.2699,-11.3268,-49.0798,-50.0229,PENDING_AG03,FALSE,NOT_FOR_ENFORCEMENT,-58.8957,277.2753,-61.3497,-58.8957,-2.4540,-0.19795918,-0.19004082,-2.4540,-58.8957,-0.19004082,-2.4540,-2.4540,-2.4540,-2.4540,-2.4540,-58.8957,-0.19004082,-12.2699,-11.3268,-49.0798,-50.0229,-0.15836735,-0.16141051,-0.00791837,22.1365,20.6306,-4.3821,-61.3497,-6.1350,309.9108,14.0000,,22.1365,21.0824,21.0824,21.0824,32.6777,40.0565,42.1647,21.0824,14.336,1.9,2.0,1.05,9,9,1,2,0E-8,-0.19795918,,0E-8,0.000000,0.931973,0.000000,,2026-04-30,2026-04-30,1,10,9,1,1.000000,,,0.000000,,,,,,,,GLOBAL_BASELINE_NO_ENTITY_RANKING,,,NOT_APPLICABLE_GLOBAL_BASELINE,HF9g-P5,,,,X 全窗基线 · 不参与实体赏罚,3929436,393,A168_HF9F_20260827_0900,2026-08-27 09:00:00
2026-04-30,149367035,2134,0,73.7882908524,-32.6776716632,-32.6776716632,0.3333333,3,3,0.50665070000000000,0.506650700000,-0.6004420894325239,-0.6004420894325239,-0.6004420894325239,0E-17,ELIGIBLE,R03b_20260811_FULL_v1,L1_ELIGIBILITY,v2026-08-11,2026-03-21..2026-08-06,baccarat_bet02_101_all_pairs_incl_sentinel,round_win = game_pnl > 0 (decisive only),COMPATIBILITY_ONLY_NOT_PRODUCTION,309.9108,288.8285,-61.3497,14,14,0.19795918,,0.19795918,0.19795918,61.3497,309.9108,THIN_EXPOSURE,0.0000,-2.4540,4.0000,96.0000,AG03-UNRESOLVED,ALL5_LEVELS_bet23_to_bet27,-2.4540,-2.4540,-2.4540,-2.4540,-2.4540,4.000000,4.000000,4.000000,4.000000,4.000000,96.000000,96.000000,96.000000,96.000000,96.000000,5.0,-12.2699,-11.3268,-49.0798,-50.0229,PENDING_AG03,FALSE,NOT_FOR_ENFORCEMENT,-58.8957,277.2753,-61.3497,-58.8957,-2.4540,-0.19795918,-0.19004082,-2.4540,-58.8957,-0.19004082,-2.4540,-2.4540,-2.4540,-2.4540,-2.4540,-58.8957,-0.19004082,-12.2699,-11.3268,-49.0798,-50.0229,-0.15836735,-0.16141051,-0.00791837,22.1365,20.6306,-4.3821,-61.3497,-6.1350,309.9108,14.0000,,22.1365,21.0824,21.0824,21.0824,32.6777,40.0565,42.1647,21.0824,14.336,1.9,2.0,1.05,9,9,1,2,0E-8,-0.19795918,,0E-8,0.000000,0.931973,0.000000,,2026-04-30,2026-04-30,1,10,9,1,1.000000,,,0.000000,,,,,,,,GLOBAL_BASELINE_NO_ENTITY_RANKING,,,NOT_APPLICABLE_GLOBAL_BASELINE,HF9g-P5,,,,X 全窗基线 · 不参与实体赏罚,3929437,393,A168_HF9F_20260827_0900,2026-08-27 09:00:00
2026-04-30,149367035,2205,0,21.0823688150,-21.0823688150,-21.0823688150,0E-7,1,1,0.50665070000000000,0.506650700000,-1.013391052207602,-1.013391052207602,-1.013391052207602,0E-17,ELIGIBLE,R03b_20260811_FULL_v1,L1_ELIGIBILITY,v2026-08-11,2026-03-21..2026-08-06,baccarat_bet02_101_all_pairs_incl_sentinel,round_win = game_pnl > 0 (decisive only),COMPATIBILITY_ONLY_NOT_PRODUCTION,309.9108,288.8285,-61.3497,14,14,0.19795918,,0.19795918,0.19795918,61.3497,309.9108,THIN_EXPOSURE,0.0000,-2.4540,4.0000,96.0000,AG03-UNRESOLVED,ALL5_LEVELS_bet23_to_bet27,-2.4540,-2.4540,-2.4540,-2.4540,-2.4540,4.000000,4.000000,4.000000,4.000000,4.000000,96.000000,96.000000,96.000000,96.000000,96.000000,5.0,-12.2699,-11.3268,-49.0798,-50.0229,PENDING_AG03,FALSE,NOT_FOR_ENFORCEMENT,-58.8957,277.2753,-61.3497,-58.8957,-2.4540,-0.19795918,-0.19004082,-2.4540,-58.8957,-0.19004082,-2.4540,-2.4540,-2.4540,-2.4540,-2.4540,-58.8957,-0.19004082,-12.2699,-11.3268,-49.0798,-50.0229,-0.15836735,-0.16141051,-0.00791837,22.1365,20.6306,-4.3821,-61.3497,-6.1350,309.9108,14.0000,,22.1365,21.0824,21.0824,21.0824,32.6777,40.0565,42.1647,21.0824,14.336,1.9,2.0,1.05,9,9,1,2,0E-8,-0.19795918,,0E-8,0.000000,0.931973,0.000000,,2026-04-30,2026-04-30,1,10,9,1,1.000000,,,0.000000,,,,,,,,GLOBAL_BASELINE_NO_ENTITY_RANKING,,,NOT_APPLICABLE_GLOBAL_BASELINE,HF9g-P5,,,,X 全窗基线 · 不参与实体赏罚,3929438,393,A168_HF9F_20260827_0900,2026-08-27 09:00:00
2026-04-30,149367035,2242,0,42.1647376299,42.1647376299,42.1647376299,1.0000000,1,1,0.49324550000000000,0.493245500000,1.01360149184955,1.01360149184955,1.01360149184955,0E-17,ELIGIBLE,R03b_20260811_FULL_v1,L1_ELIGIBILITY,v2026-08-11,2026-03-21..2026-08-06,baccarat_bet02_101_all_pairs_incl_sentinel,round_win = game_pnl > 0 (decisive only),COMPATIBILITY_ONLY_NOT_PRODUCTION,309.9108,288.8285,-61.3497,14,14,0.19795918,,0.19795918,0.19795918,61.3497,309.9108,THIN_EXPOSURE,0.0000,-2.4540,4.0000,96.0000,AG03-UNRESOLVED,ALL5_LEVELS_bet23_to_bet27,-2.4540,-2.4540,-2.4540,-2.4540,-2.4540,4.000000,4.000000,4.000000,4.000000,4.000000,96.000000,96.000000,96.000000,96.000000,96.000000,5.0,-12.2699,-11.3268,-49.0798,-50.0229,PENDING_AG03,FALSE,NOT_FOR_ENFORCEMENT,-58.8957,277.2753,-61.3497,-58.8957,-2.4540,-0.19795918,-0.19004082,-2.4540,-58.8957,-0.19004082,-2.4540,-2.4540,-2.4540,-2.4540,-2.4540,-58.8957,-0.19004082,-12.2699,-11.3268,-49.0798,-50.0229,-0.15836735,-0.16141051,-0.00791837,22.1365,20.6306,-4.3821,-61.3497,-6.1350,309.9108,14.0000,,22.1365,21.0824,21.0824,21.0824,32.6777,40.0565,42.1647,21.0824,14.336,1.9,2.0,1.05,9,9,1,2,0E-8,-0.19795918,,0E-8,0.000000,0.931973,0.000000,,2026-04-30,2026-04-30,1,10,9,1,1.000000,,,0.000000,,,,,,,,GLOBAL_BASELINE_NO_ENTITY_RANKING,,,NOT_APPLICABLE_GLOBAL_BASELINE,HF9g-P5,,,,X 全窗基线 · 不参与实体赏罚,3929439,393,A168_HF9F_20260827_0900,2026-08-27 09:00:00
2026-04-30,149367035,462,0,42.1647376300,0E-10,0E-10,0.5000000,2,2,0.49324550000000000,0.493245500000,0.01910635448239258,0.01910635448239258,0.01910635448239258,0E-17,ELIGIBLE,R03b_20260811_FULL_v1,L1_ELIGIBILITY,v2026-08-11,2026-03-21..2026-08-06,baccarat_bet02_101_all_pairs_incl_sentinel,round_win = game_pnl > 0 (decisive only),COMPATIBILITY_ONLY_NOT_PRODUCTION,309.9108,288.8285,-61.3497,14,14,0.19795918,,0.19795918,0.19795918,61.3497,309.9108,THIN_EXPOSURE,0.0000,-2.4540,4.0000,96.0000,AG03-UNRESOLVED,ALL5_LEVELS_bet23_to_bet27,-2.4540,-2.4540,-2.4540,-2.4540,-2.4540,4.000000,4.000000,4.000000,4.000000,4.000000,96.000000,96.000000,96.000000,96.000000,96.000000,5.0,-12.2699,-11.3268,-49.0798,-50.0229,PENDING_AG03,FALSE,NOT_FOR_ENFORCEMENT,-58.8957,277.2753,-61.3497,-58.8957,-2.4540,-0.19795918,-0.19004082,-2.4540,-58.8957,-0.19004082,-2.4540,-2.4540,-2.4540,-2.4540,-2.4540,-58.8957,-0.19004082,-12.2699,-11.3268,-49.0798,-50.0229,-0.15836735,-0.16141051,-0.00791837,22.1365,20.6306,-4.3821,-61.3497,-6.1350,309.9108,14.0000,,22.1365,21.0824,21.0824,21.0824,32.6777,40.0565,42.1647,21.0824,14.336,1.9,2.0,1.05,9,9,1,2,0E-8,-0.19795918,,0E-8,0.000000,0.931973,0.000000,,2026-04-30,2026-04-30,1,10,9,1,1.000000,,,0.000000,,,,,,,,GLOBAL_BASELINE_NO_ENTITY_RANKING,,,NOT_APPLICABLE_GLOBAL_BASELINE,HF9g-P5,,,,X 全窗基线 · 不参与实体赏罚,3929440,393,A168_HF9F_20260827_0900,2026-08-27 09:00:00
2026-04-21,148927400,1017,0,50.5976851560,23.4014293846,23.4014293846,0.6666667,3,3,0.50665070000000000,0.506650700000,0.5543606114942035,0.5543606114942035,0.5543606114942035,0E-17,ELIGIBLE,R03b_20260811_FULL_v1,L1_ELIGIBILITY,v2026-08-11,2026-03-21..2026-08-06,baccarat_bet02_101_all_pairs_incl_sentinel,round_win = game_pnl > 0 (decisive only),COMPATIBILITY_ONLY_NOT_PRODUCTION,705.2052,629.3087,-61.3497,68,67,0.08699552,,0.08699552,0.08699552,61.3497,705.2052,OK,0.0000,-2.4540,4.0000,96.0000,AG03-UNRESOLVED,ALL5_LEVELS_bet23_to_bet27,-2.4540,-2.4540,-2.4540,-4.9080,-4.9080,4.000000,4.000000,4.000000,8.000000,8.000000,96.000000,96.000000,96.000000,92.000000,92.000000,5.0,-17.1779,-15.4086,-44.1718,-45.9411,PENDING_AG03,FALSE,NOT_FOR_ENFORCEMENT,-58.8957,604.1364,-61.3497,-58.8957,-2.4540,-0.08699552,-0.08351570,-2.4540,-58.8957,-0.08351570,-2.4540,-2.4540,-2.4540,-4.9080,-4.9080,-58.8957,-0.08351570,-17.1779,-15.4086,-44.1718,-45.9411,-0.06263677,-0.06514577,-0.00347982,10.3707,9.3927,-0.9157,-20.4499,-12.2699,235.0684,22.3333,,10.3707,4.2165,8.4329,14.7577,16.8659,21.0824,25.2988,8.4329,0.0,2.5,3.0,1.229779,4,6,3,3,0E-8,-0.08699552,,0E-8,0.000000,0.892377,0.000000,,2026-04-21,2026-04-24,3,5,4,4,0.750000,,,0.000000,,,,,,,,GLOBAL_BASELINE_NO_ENTITY_RANKING,,,NOT_APPLICABLE_GLOBAL_BASELINE,HF9g-P5,,,,X 全窗基线 · 不参与实体赏罚,3929441,393,A168_HF9F_20260827_0900,2026-08-27 09:00:00
2026-04-21,148927400,1485,0,282.5037421210,14.3360107940,14.3360107940,0.5789474,21,21,0.50665070000000000,0.506650700000,0.6303235063704506,0.6303235063704506,0.6303235063704506,0E-17,ELIGIBLE,R03b_20260811_FULL_v1,L1_ELIGIBILITY,v2026-08-11,2026-03-21..2026-08-06,baccarat_bet02_101_all_pairs_incl_sentinel,round_win = game_pnl > 0 (decisive only),COMPATIBILITY_ONLY_NOT_PRODUCTION,705.2052,629.3087,-61.3497,68,67,0.08699552,,0.08699552,0.08699552,61.3497,705.2052,OK,0.0000,-2.4540,4.0000,96.0000,AG03-UNRESOLVED,ALL5_LEVELS_bet23_to_bet27,-2.4540,-2.4540,-2.4540,-4.9080,-4.9080,4.000000,4.000000,4.000000,8.000000,8.000000,96.000000,96.000000,96.000000,92.000000,92.000000,5.0,-17.1779,-15.4086,-44.1718,-45.9411,PENDING_AG03,FALSE,NOT_FOR_ENFORCEMENT,-58.8957,604.1364,-61.3497,-58.8957,-2.4540,-0.08699552,-0.08351570,-2.4540,-58.8957,-0.08351570,-2.4540,-2.4540,-2.4540,-4.9080,-4.9080,-58.8957,-0.08351570,-17.1779,-15.4086,-44.1718,-45.9411,-0.06263677,-0.06514577,-0.00347982,10.3707,9.3927,-0.9157,-20.4499,-12.2699,235.0684,22.3333,,10.3707,4.2165,8.4329,14.7577,16.8659,21.0824,25.2988,8.4329,0.0,2.5,3.0,1.229779,4,6,3,3,0E-8,-0.08699552,,0E-8,0.000000,0.892377,0.000000,,2026-04-21,2026-04-24,3,5,4,4,0.750000,,,0.000000,,,,,,,,GLOBAL_BASELINE_NO_ENTITY_RANKING,,,NOT_APPLICABLE_GLOBAL_BASELINE,HF9g-P5,,,,X 全窗基线 · 不参与实体赏罚,3929442,393,A168_HF9F_20260827_0900,2026-08-27 09:00:00
2026-04-21,148927400,2121,0,303.5861109360,21.9256635672,21.9256635672,0.5769231,31,30,0.50095768333333333,0.498558015000,0.7746994695876724,0.7991732833414291,0.7746994695876724,0.00239966833333333,ELIGIBLE,R03b_20260811_FULL_v1,L1_ELIGIBILITY,v2026-08-11,2026-03-21..2026-08-06,baccarat_bet02_101_all_pairs_incl_sentinel,round_win = game_pnl > 0 (decisive only),COMPATIBILITY_ONLY_NOT_PRODUCTION,705.2052,629.3087,-61.3497,68,67,0.08699552,,0.08699552,0.08699552,61.3497,705.2052,OK,0.0000,-2.4540,4.0000,96.0000,AG03-UNRESOLVED,ALL5_LEVELS_bet23_to_bet27,-2.4540,-2.4540,-2.4540,-4.9080,-4.9080,4.000000,4.000000,4.000000,8.000000,8.000000,96.000000,96.000000,96.000000,92.000000,92.000000,5.0,-17.1779,-15.4086,-44.1718,-45.9411,PENDING_AG03,FALSE,NOT_FOR_ENFORCEMENT,-58.8957,604.1364,-61.3497,-58.8957,-2.4540,-0.08699552,-0.08351570,-2.4540,-58.8957,-0.08351570,-2.4540,-2.4540,-2.4540,-4.9080,-4.9080,-58.8957,-0.08351570,-17.1779,-15.4086,-44.1718,-45.9411,-0.06263677,-0.06514577,-0.00347982,10.3707,9.3927,-0.9157,-20.4499,-12.2699,235.0684,22.3333,,10.3707,4.2165,8.4329,14.7577,16.8659,21.0824,25.2988,8.4329,0.0,2.5,3.0,1.229779,4,6,3,3,0E-8,-0.08699552,,0E-8,0.000000,0.892377,0.000000,,2026-04-21,2026-04-24,3,5,4,4,0.750000,,,0.000000,,,,,,,,GLOBAL_BASELINE_NO_ENTITY_RANKING,,,NOT_APPLICABLE_GLOBAL_BASELINE,HF9g-P5,,,,X 全窗基线 · 不参与实体赏罚,3929443,393,A168_HF9F_20260827_0900,2026-08-27 09:00:00
2026-04-21,148927400,2223,0,25.2988425780,16.0226002994,16.0226002994,1.0000000,3,3,0.50665070000000000,0.506650700000,1.3955260008387969,1.3955260008387969,1.3955260008387969,0E-17,ELIGIBLE,R03b_20260811_FULL_v1,L1_ELIGIBILITY,v2026-08-11,2026-03-21..2026-08-06,baccarat_bet02_101_all_pairs_incl_sentinel,round_win = game_pnl > 0 (decisive only),COMPATIBILITY_ONLY_NOT_PRODUCTION,705.2052,629.3087,-61.3497,68,67,0.08699552,,0.08699552,0.08699552,61.3497,705.2052,OK,0.0000,-2.4540,4.0000,96.0000,AG03-UNRESOLVED,ALL5_LEVELS_bet23_to_bet27,-2.4540,-2.4540,-2.4540,-4.9080,-4.9080,4.000000,4.000000,4.000000,8.000000,8.000000,96.000000,96.000000,96.000000,92.000000,92.000000,5.0,-17.1779,-15.4086,-44.1718,-45.9411,PENDING_AG03,FALSE,NOT_FOR_ENFORCEMENT,-58.8957,604.1364,-61.3497,-58.8957,-2.4540,-0.08699552,-0.08351570,-2.4540,-58.8957,-0.08351570,-2.4540,-2.4540,-2.4540,-4.9080,-4.9080,-58.8957,-0.08351570,-17.1779,-15.4086,-44.1718,-45.9411,-0.06263677,-0.06514577,-0.00347982,10.3707,9.3927,-0.9157,-20.4499,-12.2699,235.0684,22.3333,,10.3707,4.2165,8.4329,14.7577,16.8659,21.0824,25.2988,8.4329,0.0,2.5,3.0,1.229779,4,6,3,3,0E-8,-0.08699552,,0E-8,0.000000,0.892377,0.000000,,2026-04-21,2026-04-24,3,5,4,4,0.750000,,,0.000000,,,,,,,,GLOBAL_BASELINE_NO_ENTITY_RANKING,,,NOT_APPLICABLE_GLOBAL_BASELINE,HF9g-P5,,,,X 全窗基线 · 不参与实体赏罚,3929444,393,A168_HF9F_20260827_0900,2026-08-27 09:00:00
2026-04-22,148927400,1306,0,9.4870659667,-9.4870659667,-9.4870659667,0E-7,2,2,0.50665070000000000,0.506650700000,-1.4331513700195317,-1.4331513700195317,-1.4331513700195317,0E-17,ELIGIBLE,R03b_20260811_FULL_v1,L1_ELIGIBILITY,v2026-08-11,2026-03-21..2026-08-06,baccarat_bet02_101_all_pairs_incl_sentinel,round_win = game_pnl > 0 (decisive only),COMPATIBILITY_ONLY_NOT_PRODUCTION,705.2052,629.3087,-61.3497,68,67,0.08699552,,0.08699552,0.08699552,61.3497,705.2052,OK,0.0000,-2.4540,4.0000,96.0000,AG03-UNRESOLVED,ALL5_LEVELS_bet23_to_bet27,-2.4540,-2.4540,-2.4540,-4.9080,-4.9080,4.000000,4.000000,4.000000,8.000000,8.000000,96.000000,96.000000,96.000000,92.000000,92.000000,5.0,-17.1779,-15.4086,-44.1718,-45.9411,PENDING_AG03,FALSE,NOT_FOR_ENFORCEMENT,-58.8957,604.1364,-61.3497,-58.8957,-2.4540,-0.08699552,-0.08351570,-2.4540,-58.8957,-0.08351570,-2.4540,-2.4540,-2.4540,-4.9080,-4.9080,-58.8957,-0.08351570,-17.1779,-15.4086,-44.1718,-45.9411,-0.06263677,-0.06514577,-0.00347982,10.3707,9.3927,-0.9157,-20.4499,-12.2699,235.0684,22.3333,,10.3707,4.2165,8.4329,14.7577,16.8659,21.0824,25.2988,8.4329,0.0,2.5,3.0,1.229779,4,6,3,3,0E-8,-0.08699552,,0E-8,0.000000,0.892377,0.000000,,2026-04-21,2026-04-24,3,5,4,4,0.750000,,,0.000000,,,,,,,,GLOBAL_BASELINE_NO_ENTITY_RANKING,,,NOT_APPLICABLE_GLOBAL_BASELINE,HF9g-P5,,,,X 全窗基线 · 不参与实体赏罚,3929445,393,A168_HF9F_20260827_0900,2026-08-27 09:00:00
2026-04-24,148927400,1400,0,33.7317901040,-4.8489448276,-4.8489448276,0.4285714,8,8,0.50497505000000000,0.504975050000,-0.4043099778764335,-0.4043099778764335,-0.4043099778764335,0E-17,ELIGIBLE,R03b_20260811_FULL_v1,L1_ELIGIBILITY,v2026-08-11,2026-03-21..2026-08-06,baccarat_bet02_101_all_pairs_incl_sentinel,round_win = game_pnl > 0 (decisive only),COMPATIBILITY_ONLY_NOT_PRODUCTION,705.2052,629.3087,-61.3497,68,67,0.08699552,,0.08699552,0.08699552,61.3497,705.2052,OK,0.0000,-2.4540,4.0000,96.0000,AG03-UNRESOLVED,ALL5_LEVELS_bet23_to_bet27,-2.4540,-2.4540,-2.4540,-4.9080,-4.9080,4.000000,4.000000,4.000000,8.000000,8.000000,96.000000,96.000000,96.000000,92.000000,92.000000,5.0,-17.1779,-15.4086,-44.1718,-45.9411,PENDING_AG03,FALSE,NOT_FOR_ENFORCEMENT,-58.8957,604.1364,-61.3497,-58.8957,-2.4540,-0.08699552,-0.08351570,-2.4540,-58.8957,-0.08351570,-2.4540,-2.4540,-2.4540,-4.9080,-4.9080,-58.8957,-0.08351570,-17.1779,-15.4086,-44.1718,-45.9411,-0.06263677,-0.06514577,-0.00347982,10.3707,9.3927,-0.9157,-20.4499,-12.2699,235.0684,22.3333,,10.3707,4.2165,8.4329,14.7577,16.8659,21.0824,25.2988,8.4329,0.0,2.5,3.0,1.229779,4,6,3,3,0E-8,-0.08699552,,0E-8,0.000000,0.892377,0.000000,,2026-04-21,2026-04-24,3,5,4,4,0.750000,,,0.000000,,,,,,,,GLOBAL_BASELINE_NO_ENTITY_RANKING,,,NOT_APPLICABLE_GLOBAL_BASELINE,HF9g-P5,,,,X 全窗基线 · 不参与实体赏罚,3929446,393,A168_HF9F_20260827_0900,2026-08-27 09:00:00
2026-06-13,137745015,1383,0,340.8316291755,113.3265167007,113.3265167007,0.6666667,13,13,0.49943251538461538,0.499432515385,1.158632933374424,1.1586329333717584,1.158632933374424,-3.8462E-13,ELIGIBLE,R03b_20260811_FULL_v1,L1_ELIGIBILITY,v2026-08-11,2026-03-21..2026-08-06,baccarat_bet02_101_all_pairs_incl_sentinel,round_win = game_pnl > 0 (decisive only),COMPATIBILITY_ONLY_NOT_PRODUCTION,1465.5760,1209.9523,-61.3497,38,37,0.04186047,,0.04186047,0.04186047,61.3497,1465.5760,OK,0.0000,-2.4540,4.0000,96.0000,AG03-UNRESOLVED,ALL5_LEVELS_bet23_to_bet27,-2.4540,-2.4540,-3.0675,0.0000,0.0000,4.000000,4.000000,5.000000,0.000000,0.000000,96.000000,96.000000,95.000000,100.000000,100.000000,5.0,-7.9755,-7.6368,-53.3742,-53.7129,PENDING_AG03,FALSE,NOT_FOR_ENFORCEMENT,-58.8957,1161.5542,-61.3497,-58.8957,-2.4540,-0.04186047,-0.04018605,-2.4540,-58.8957,-0.04018605,-2.4540,-2.4540,-3.0675,0.0000,0.0000,-58.8957,-0.04018605,-7.9755,-7.6368,-53.3742,-53.7129,-0.03641860,-0.03664967,-0.00167442,38.5678,32.7014,-1.6581,-61.3497,-20.4499,1465.5760,37.0000,,38.5678,17.0416,34.0832,51.1247,68.1663,68.1663,85.2079,34.0832,0.0,2.0,2.5,1.131579,3,5,2,3,0E-8,-0.04186047,,0E-8,0.000000,0.825581,0.000000,,2026-06-13,2026-06-13,1,3,3,1,1.000000,,,0.000000,,,,,,,,GLOBAL_BASELINE_NO_ENTITY_RANKING,,,NOT_APPLICABLE_GLOBAL_BASELINE,HF9g-P5,,,,X 全窗基线 · 不参与实体赏罚,3929447,393,A168_HF9F_20260827_0900,2026-08-27 09:00:00
2026-06-13,137745015,1396,0,136.3326516701,-102.2494887526,-102.2494887526,0E-7,3,3,0.49324550000000000,0.493245500000,-1.3952362676504506,-1.3952362676504506,-1.3952362676504506,0E-17,ELIGIBLE,R03b_20260811_FULL_v1,L1_ELIGIBILITY,v2026-08-11,2026-03-21..2026-08-06,baccarat_bet02_101_all_pairs_incl_sentinel,round_win = game_pnl > 0 (decisive only),COMPATIBILITY_ONLY_NOT_PRODUCTION,1465.5760,1209.9523,-61.3497,38,37,0.04186047,,0.04186047,0.04186047,61.3497,1465.5760,OK,0.0000,-2.4540,4.0000,96.0000,AG03-UNRESOLVED,ALL5_LEVELS_bet23_to_bet27,-2.4540,-2.4540,-3.0675,0.0000,0.0000,4.000000,4.000000,5.000000,0.000000,0.000000,96.000000,96.000000,95.000000,100.000000,100.000000,5.0,-7.9755,-7.6368,-53.3742,-53.7129,PENDING_AG03,FALSE,NOT_FOR_ENFORCEMENT,-58.8957,1161.5542,-61.3497,-58.8957,-2.4540,-0.04186047,-0.04018605,-2.4540,-58.8957,-0.04018605,-2.4540,-2.4540,-3.0675,0.0000,0.0000,-58.8957,-0.04018605,-7.9755,-7.6368,-53.3742,-53.7129,-0.03641860,-0.03664967,-0.00167442,38.5678,32.7014,-1.6581,-61.3497,-20.4499,1465.5760,37.0000,,38.5678,17.0416,34.0832,51.1247,68.1663,68.1663,85.2079,34.0832,0.0,2.0,2.5,1.131579,3,5,2,3,0E-8,-0.04186047,,0E-8,0.000000,0.825581,0.000000,,2026-06-13,2026-06-13,1,3,3,1,1.000000,,,0.000000,,,,,,,,GLOBAL_BASELINE_NO_ENTITY_RANKING,,,NOT_APPLICABLE_GLOBAL_BASELINE,HF9g-P5,,,,X 全窗基线 · 不参与实体赏罚,3929448,393,A168_HF9F_20260827_0900,2026-08-27 09:00:00
2026-06-13,137745015,1646,0,374.9147920925,-74.9829584185,-74.9829584185,0.4285714,8,8,0.50665070000000000,0.506650700000,-0.4131932236838825,-0.4131932236838825,-0.4131932236838825,0E-17,ELIGIBLE,R03b_20260811_FULL_v1,L1_ELIGIBILITY,v2026-08-11,2026-03-21..2026-08-06,baccarat_bet02_101_all_pairs_incl_sentinel,round_win = game_pnl > 0 (decisive only),COMPATIBILITY_ONLY_NOT_PRODUCTION,1465.5760,1209.9523,-61.3497,38,37,0.04186047,,0.04186047,0.04186047,61.3497,1465.5760,OK,0.0000,-2.4540,4.0000,96.0000,AG03-UNRESOLVED,ALL5_LEVELS_bet23_to_bet27,-2.4540,-2.4540,-3.0675,0.0000,0.0000,4.000000,4.000000,5.000000,0.000000,0.000000,96.000000,96.000000,95.000000,100.000000,100.000000,5.0,-7.9755,-7.6368,-53.3742,-53.7129,PENDING_AG03,FALSE,NOT_FOR_ENFORCEMENT,-58.8957,1161.5542,-61.3497,-58.8957,-2.4540,-0.04186047,-0.04018605,-2.4540,-58.8957,-0.04018605,-2.4540,-2.4540,-3.0675,0.0000,0.0000,-58.8957,-0.04018605,-7.9755,-7.6368,-53.3742,-53.7129,-0.03641860,-0.03664967,-0.00167442,38.5678,32.7014,-1.6581,-61.3497,-20.4499,1465.5760,37.0000,,38.5678,17.0416,34.0832,51.1247,68.1663,68.1663,85.2079,34.0832,0.0,2.0,2.5,1.131579,3,5,2,3,0E-8,-0.04186047,,0E-8,0.000000,0.825581,0.000000,,2026-06-13,2026-06-13,1,3,3,1,1.000000,,,0.000000,,,,,,,,GLOBAL_BASELINE_NO_ENTITY_RANKING,,,NOT_APPLICABLE_GLOBAL_BASELINE,HF9g-P5,,,,X 全窗基线 · 不参与实体赏罚,3929449,393,A168_HF9F_20260827_0900,2026-08-27 09:00:00
2026-06-13,137745015,1710,0,170.4158145876,80.9475119291,80.9475119291,1.0000000,3,3,0.49771390000000000,0.497713900000,1.0045827004620043,1.0045827004620043,1.0045827004620043,0E-17,ELIGIBLE,R03b_20260811_FULL_v1,L1_ELIGIBILITY,v2026-08-11,2026-03-21..2026-08-06,baccarat_bet02_101_all_pairs_incl_sentinel,round_win = game_pnl > 0 (decisive only),COMPATIBILITY_ONLY_NOT_PRODUCTION,1465.5760,1209.9523,-61.3497,38,37,0.04186047,,0.04186047,0.04186047,61.3497,1465.5760,OK,0.0000,-2.4540,4.0000,96.0000,AG03-UNRESOLVED,ALL5_LEVELS_bet23_to_bet27,-2.4540,-2.4540,-3.0675,0.0000,0.0000,4.000000,4.000000,5.000000,0.000000,0.000000,96.000000,96.000000,95.000000,100.000000,100.000000,5.0,-7.9755,-7.6368,-53.3742,-53.7129,PENDING_AG03,FALSE,NOT_FOR_ENFORCEMENT,-58.8957,1161.5542,-61.3497,-58.8957,-2.4540,-0.04186047,-0.04018605,-2.4540,-58.8957,-0.04018605,-2.4540,-2.4540,-3.0675,0.0000,0.0000,-58.8957,-0.04018605,-7.9755,-7.6368,-53.3742,-53.7129,-0.03641860,-0.03664967,-0.00167442,38.5678,32.7014,-1.6581,-61.3497,-20.4499,1465.5760,37.0000,,38.5678,17.0416,34.0832,51.1247,68.1663,68.1663,85.2079,34.0832,0.0,2.0,2.5,1.131579,3,5,2,3,0E-8,-0.04186047,,0E-8,0.000000,0.825581,0.000000,,2026-06-13,2026-06-13,1,3,3,1,1.000000,,,0.000000,,,,,,,,GLOBAL_BASELINE_NO_ENTITY_RANKING,,,NOT_APPLICABLE_GLOBAL_BASELINE,HF9g-P5,,,,X 全窗基线 · 不参与实体赏罚,3929450,393,A168_HF9F_20260827_0900,2026-08-27 09:00:00
2026-06-13,137745015,2108,0,443.0811179276,44.3081117928,44.3081117928,0.5555556,11,10,0.48001596500000000,0.480015965000,0.4535999890226365,0.45359998902263654,0.4535999890226365,0E-17,ELIGIBLE,R03b_20260811_FULL_v1,L1_ELIGIBILITY,v2026-08-11,2026-03-21..2026-08-06,baccarat_bet02_101_all_pairs_incl_sentinel,round_win = game_pnl > 0 (decisive only),COMPATIBILITY_ONLY_NOT_PRODUCTION,1465.5760,1209.9523,-61.3497,38,37,0.04186047,,0.04186047,0.04186047,61.3497,1465.5760,OK,0.0000,-2.4540,4.0000,96.0000,AG03-UNRESOLVED,ALL5_LEVELS_bet23_to_bet27,-2.4540,-2.4540,-3.0675,0.0000,0.0000,4.000000,4.000000,5.000000,0.000000,0.000000,96.000000,96.000000,95.000000,100.000000,100.000000,5.0,-7.9755,-7.6368,-53.3742,-53.7129,PENDING_AG03,FALSE,NOT_FOR_ENFORCEMENT,-58.8957,1161.5542,-61.3497,-58.8957,-2.4540,-0.04186047,-0.04018605,-2.4540,-58.8957,-0.04018605,-2.4540,-2.4540,-3.0675,0.0000,0.0000,-58.8957,-0.04018605,-7.9755,-7.6368,-53.3742,-53.7129,-0.03641860,-0.03664967,-0.00167442,38.5678,32.7014,-1.6581,-61.3497,-20.4499,1465.5760,37.0000,,38.5678,17.0416,34.0832,51.1247,68.1663,68.1663,85.2079,34.0832,0.0,2.0,2.5,1.131579,3,5,2,3,0E-8,-0.04186047,,0E-8,0.000000,0.825581,0.000000,,2026-06-13,2026-06-13,1,3,3,1,1.000000,,,0.000000,,,,,,,,GLOBAL_BASELINE_NO_ENTITY_RANKING,,,NOT_APPLICABLE_GLOBAL_BASELINE,HF9g-P5,,,,X 全窗基线 · 不参与实体赏罚,3929451,393,A168_HF9F_20260827_0900,2026-08-27 09:00:00
2026-05-13,149991103,986,0,60.7129884283,60.7129884283,60.7129884283,1.0000000,3,3,0.49771390000000000,0.497713900000,1.739988277604938,1.739988277604938,1.739988277604938,0E-17,ELIGIBLE,R03b_20260811_FULL_v1,L1_ELIGIBILITY,v2026-08-11,2026-03-21..2026-08-06,baccarat_bet02_101_all_pairs_incl_sentinel,round_win = game_pnl > 0 (decisive only),COMPATIBILITY_ONLY_NOT_PRODUCTION,60.7130,60.7130,-60.7130,3,3,1.00000000,,1.00000000,1.00000000,60.7130,60.7130,THIN_EXPOSURE,0.0000,-1.8214,3.0000,97.0000,AG03-UNRESOLVED,ALL5_LEVELS_bet23_to_bet27,-1.8214,-1.8214,-1.8214,-2.4285,-2.4285,3.000000,3.000000,3.000000,4.000000,4.000000,97.000000,97.000000,97.000000,96.000000,96.000000,5.0,-10.3212,-9.6461,-50.3918,-51.0669,PENDING_AG03,FALSE,NOT_FOR_ENFORCEMENT,-58.8916,58.8916,-60.7130,-58.8916,-1.8214,-1.00000000,-0.97000000,-1.8214,-58.8916,-0.97000000,-1.8214,-1.8214,-1.8214,-2.4285,-2.4285,-58.8916,-0.97000000,-10.3212,-9.6461,-50.3918,-51.0669,-0.83000000,-0.84111944,-0.03000000,20.2377,20.2377,-20.2377,-60.7130,-60.7130,60.7130,3.0000,,20.2377,10.2486,17.6431,30.8754,35.2862,35.2862,35.2862,17.6431,17.6431,2.0,2.0,1.147059,1,1,1,2,0E-8,-1.00000000,,0E-8,0.000000,1.000000,0.666667,,2026-05-13,2026-05-13,1,1,1,1,1.000000,,,0.000000,,,,,,,,GLOBAL_BASELINE_NO_ENTITY_RANKING,,,NOT_APPLICABLE_GLOBAL_BASELINE,HF9g-P5,,,,X 全窗基线 · 不参与实体赏罚,3929452,393,A168_HF9F_20260827_0900,2026-08-27 09:00:00
2026-03-25,125884035,1307,0,20.5742501829,6.8580833943,6.8580833943,0.5000000,2,2,0.49994810000000000,0.499948100000,0.00014679536856514622,0.00014679536856514622,0.00014679536856514622,0E-17,ELIGIBLE,R03b_20260811_FULL_v1,L1_ELIGIBILITY,v2026-08-11,2026-03-21..2026-08-06,baccarat_bet02_101_all_pairs_incl_sentinel,round_win = game_pnl > 0 (decisive only),COMPATIBILITY_ONLY_NOT_PRODUCTION,551.9393,517.7239,-61.3445,28,28,0.11114361,0E-8,0.11246234,0.11114361,61.3445,551.9393,THIN_EXPOSURE,0.0000,-2.4538,4.0000,96.0000,AG03-UNRESOLVED,ALL5_LEVELS_bet23_to_bet27,-2.4538,-2.4538,-2.4538,-2.4538,-2.4538,4.000000,4.000000,4.000000,4.000000,4.000000,96.000000,96.000000,96.000000,96.000000,96.000000,5.0,-12.2689,-11.3259,-49.0756,-50.0187,PENDING_AG03,FALSE,NOT_FOR_ENFORCEMENT,-58.8907,497.0149,-61.3445,-58.8907,-2.4538,-0.11114361,-0.10669787,-2.4538,-58.8907,-0.10669787,-2.4538,-2.4538,-2.4538,-2.4538,-2.4538,-58.8907,-0.10669787,-12.2689,-11.3259,-49.0756,-50.0187,-0.08891489,-0.09062347,-0.00444574,19.7121,18.4901,-2.1909,-4.3818,-3.6085,39.4242,2.0000,2.1573,21.8187,3.1487,8.5044,24.9145,58.7937,99.365,102.5893,7.5,0.0,11.683998,12.063125,2.317882,8,16,15,2,0.01172594,-0.11114361,0E-8,0E-8,0.000000,0.938009,0.571429,-0.11246234,2026-03-25,2026-07-19,14,17,17,117,0.119658,0.098876,0.109442,0.039086,,,,,,,,GLOBAL_BASELINE_NO_ENTITY_RANKING,,,NOT_APPLICABLE_GLOBAL_BASELINE,HF9g-P5,,,,X 全窗基线 · 不参与实体赏罚,3929453,393,A168_HF9F_20260827_0900,2026-08-27 09:00:00
2026-03-26,125884035,2202,0,6.8580833943,6.8580833943,6.8580833943,1.0000000,1,1,0.50665070000000000,0.506650700000,0.9867858985152569,0.9867858985152569,0.9867858985152569,0E-17,ELIGIBLE,R03b_20260811_FULL_v1,L1_ELIGIBILITY,v2026-08-11,2026-03-21..2026-08-06,baccarat_bet02_101_all_pairs_incl_sentinel,round_win = game_pnl > 0 (decisive only),COMPATIBILITY_ONLY_NOT_PRODUCTION,551.9393,517.7239,-61.3445,28,28,0.11114361,0E-8,0.11246234,0.11114361,61.3445,551.9393,THIN_EXPOSURE,0.0000,-2.4538,4.0000,96.0000,AG03-UNRESOLVED,ALL5_LEVELS_bet23_to_bet27,-2.4538,-2.4538,-2.4538,-2.4538,-2.4538,4.000000,4.000000,4.000000,4.000000,4.000000,96.000000,96.000000,96.000000,96.000000,96.000000,5.0,-12.2689,-11.3259,-49.0756,-50.0187,PENDING_AG03,FALSE,NOT_FOR_ENFORCEMENT,-58.8907,497.0149,-61.3445,-58.8907,-2.4538,-0.11114361,-0.10669787,-2.4538,-58.8907,-0.10669787,-2.4538,-2.4538,-2.4538,-2.4538,-2.4538,-58.8907,-0.10669787,-12.2689,-11.3259,-49.0756,-50.0187,-0.08891489,-0.09062347,-0.00444574,19.7121,18.4901,-2.1909,-4.3818,-3.6085,39.4242,2.0000,2.1573,21.8187,3.1487,8.5044,24.9145,58.7937,99.365,102.5893,7.5,0.0,11.683998,12.063125,2.317882,8,16,15,2,0.01172594,-0.11114361,0E-8,0E-8,0.000000,0.938009,0.571429,-0.11246234,2026-03-25,2026-07-19,14,17,17,117,0.119658,0.098876,0.109442,0.039086,,,,,,,,GLOBAL_BASELINE_NO_ENTITY_RANKING,,,NOT_APPLICABLE_GLOBAL_BASELINE,HF9g-P5,,,,X 全窗基线 · 不参与实体赏罚,3929454,393,A168_HF9F_20260827_0900,2026-08-27 09:00:00
2026-04-03,125884035,2170,0,1.6419875931,-1.6419875931,-1.6419875931,0E-7,1,1,0.49324550000000000,0.493245500000,-0.9865810262130424,-0.9865810262130424,-0.9865810262130424,0E-17,ELIGIBLE,R03b_20260811_FULL_v1,L1_ELIGIBILITY,v2026-08-11,2026-03-21..2026-08-06,baccarat_bet02_101_all_pairs_incl_sentinel,round_win = game_pnl > 0 (decisive only),COMPATIBILITY_ONLY_NOT_PRODUCTION,551.9393,517.7239,-61.3445,28,28,0.11114361,0E-8,0.11246234,0.11114361,61.3445,551.9393,THIN_EXPOSURE,0.0000,-2.4538,4.0000,96.0000,AG03-UNRESOLVED,ALL5_LEVELS_bet23_to_bet27,-2.4538,-2.4538,-2.4538,-2.4538,-2.4538,4.000000,4.000000,4.000000,4.000000,4.000000,96.000000,96.000000,96.000000,96.000000,96.000000,5.0,-12.2689,-11.3259,-49.0756,-50.0187,PENDING_AG03,FALSE,NOT_FOR_ENFORCEMENT,-58.8907,497.0149,-61.3445,-58.8907,-2.4538,-0.11114361,-0.10669787,-2.4538,-58.8907,-0.10669787,-2.4538,-2.4538,-2.4538,-2.4538,-2.4538,-58.8907,-0.10669787,-12.2689,-11.3259,-49.0756,-50.0187,-0.08891489,-0.09062347,-0.00444574,19.7121,18.4901,-2.1909,-4.3818,-3.6085,39.4242,2.0000,2.1573,21.8187,3.1487,8.5044,24.9145,58.7937,99.365,102.5893,7.5,0.0,11.683998,12.063125,2.317882,8,16,15,2,0.01172594,-0.11114361,0E-8,0E-8,0.000000,0.938009,0.571429,-0.11246234,2026-03-25,2026-07-19,14,17,17,117,0.119658,0.098876,0.109442,0.039086,,,,,,,,GLOBAL_BASELINE_NO_ENTITY_RANKING,,,NOT_APPLICABLE_GLOBAL_BASELINE,HF9g-P5,,,,X 全窗基线 · 不参与实体赏罚,3929455,393,A168_HF9F_20260827_0900,2026-08-27 09:00:00
2026-04-04,125884035,2170,0,34.4817394560,-34.4817394560,-34.4817394560,0E-7,1,1,0.49324550000000000,0.493245500000,-0.9865810262130424,-0.9865810262130424,-0.9865810262130424,0E-17,ELIGIBLE,R03b_20260811_FULL_v1,L1_ELIGIBILITY,v2026-08-11,2026-03-21..2026-08-06,baccarat_bet02_101_all_pairs_incl_sentinel,round_win = game_pnl > 0 (decisive only),COMPATIBILITY_ONLY_NOT_PRODUCTION,551.9393,517.7239,-61.3445,28,28,0.11114361,0E-8,0.11246234,0.11114361,61.3445,551.9393,THIN_EXPOSURE,0.0000,-2.4538,4.0000,96.0000,AG03-UNRESOLVED,ALL5_LEVELS_bet23_to_bet27,-2.4538,-2.4538,-2.4538,-2.4538,-2.4538,4.000000,4.000000,4.000000,4.000000,4.000000,96.000000,96.000000,96.000000,96.000000,96.000000,5.0,-12.2689,-11.3259,-49.0756,-50.0187,PENDING_AG03,FALSE,NOT_FOR_ENFORCEMENT,-58.8907,497.0149,-61.3445,-58.8907,-2.4538,-0.11114361,-0.10669787,-2.4538,-58.8907,-0.10669787,-2.4538,-2.4538,-2.4538,-2.4538,-2.4538,-58.8907,-0.10669787,-12.2689,-11.3259,-49.0756,-50.0187,-0.08891489,-0.09062347,-0.00444574,19.7121,18.4901,-2.1909,-4.3818,-3.6085,39.4242,2.0000,2.1573,21.8187,3.1487,8.5044,24.9145,58.7937,99.365,102.5893,7.5,0.0,11.683998,12.063125,2.317882,8,16,15,2,0.01172594,-0.11114361,0E-8,0E-8,0.000000,0.938009,0.571429,-0.11246234,2026-03-25,2026-07-19,14,17,17,117,0.119658,0.098876,0.109442,0.039086,,,,,,,,GLOBAL_BASELINE_NO_ENTITY_RANKING,,,NOT_APPLICABLE_GLOBAL_BASELINE,HF9g-P5,,,,X 全窗基线 · 不参与实体赏罚,3929456,393,A168_HF9F_20260827_0900,2026-08-27 09:00:00
2026-04-06,125884035,2072,0,8.8667330030,8.8667330030,8.8667330030,1.0000000,1,1,0.50665070000000000,0.506650700000,0.9867858985152569,0.9867858985152569,0.9867858985152569,0E-17,ELIGIBLE,R03b_20260811_FULL_v1,L1_ELIGIBILITY,v2026-08-11,2026-03-21..2026-08-06,baccarat_bet02_101_all_pairs_incl_sentinel,round_win = game_pnl > 0 (decisive only),COMPATIBILITY_ONLY_NOT_PRODUCTION,551.9393,517.7239,-61.3445,28,28,0.11114361,0E-8,0.11246234,0.11114361,61.3445,551.9393,THIN_EXPOSURE,0.0000,-2.4538,4.0000,96.0000,AG03-UNRESOLVED,ALL5_LEVELS_bet23_to_bet27,-2.4538,-2.4538,-2.4538,-2.4538,-2.4538,4.000000,4.000000,4.000000,4.000000,4.000000,96.000000,96.000000,96.000000,96.000000,96.000000,5.0,-12.2689,-11.3259,-49.0756,-50.0187,PENDING_AG03,FALSE,NOT_FOR_ENFORCEMENT,-58.8907,497.0149,-61.3445,-58.8907,-2.4538,-0.11114361,-0.10669787,-2.4538,-58.8907,-0.10669787,-2.4538,-2.4538,-2.4538,-2.4538,-2.4538,-58.8907,-0.10669787,-12.2689,-11.3259,-49.0756,-50.0187,-0.08891489,-0.09062347,-0.00444574,19.7121,18.4901,-2.1909,-4.3818,-3.6085,39.4242,2.0000,2.1573,21.8187,3.1487,8.5044,24.9145,58.7937,99.365,102.5893,7.5,0.0,11.683998,12.063125,2.317882,8,16,15,2,0.01172594,-0.11114361,0E-8,0E-8,0.000000,0.938009,0.571429,-0.11246234,2026-03-25,2026-07-19,14,17,17,117,0.119658,0.098876,0.109442,0.039086,,,,,,,,GLOBAL_BASELINE_NO_ENTITY_RANKING,,,NOT_APPLICABLE_GLOBAL_BASELINE,HF9g-P5,,,,X 全窗基线 · 不参与实体赏罚,3929457,393,A168_HF9F_20260827_0900,2026-08-27 09:00:00
2026-04-29,125884035,2188,0,7.3889441691,5.0901615387,5.0901615387,1.0000000,3,3,0.50218230000000000,0.502182300000,1.4080544974538591,1.4080544974538591,1.4080544974538591,0E-17,ELIGIBLE,R03b_20260811_FULL_v1,L1_ELIGIBILITY,v2026-08-11,2026-03-21..2026-08-06,baccarat_bet02_101_all_pairs_incl_sentinel,round_win = game_pnl > 0 (decisive only),COMPATIBILITY_ONLY_NOT_PRODUCTION,551.9393,517.7239,-61.3445,28,28,0.11114361,0E-8,0.11246234,0.11114361,61.3445,551.9393,THIN_EXPOSURE,0.0000,-2.4538,4.0000,96.0000,AG03-UNRESOLVED,ALL5_LEVELS_bet23_to_bet27,-2.4538,-2.4538,-2.4538,-2.4538,-2.4538,4.000000,4.000000,4.000000,4.000000,4.000000,96.000000,96.000000,96.000000,96.000000,96.000000,5.0,-12.2689,-11.3259,-49.0756,-50.0187,PENDING_AG03,FALSE,NOT_FOR_ENFORCEMENT,-58.8907,497.0149,-61.3445,-58.8907,-2.4538,-0.11114361,-0.10669787,-2.4538,-58.8907,-0.10669787,-2.4538,-2.4538,-2.4538,-2.4538,-2.4538,-58.8907,-0.10669787,-12.2689,-11.3259,-49.0756,-50.0187,-0.08891489,-0.09062347,-0.00444574,19.7121,18.4901,-2.1909,-4.3818,-3.6085,39.4242,2.0000,2.1573,21.8187,3.1487,8.5044,24.9145,58.7937,99.365,102.5893,7.5,0.0,11.683998,12.063125,2.317882,8,16,15,2,0.01172594,-0.11114361,0E-8,0E-8,0.000000,0.938009,0.571429,-0.11246234,2026-03-25,2026-07-19,14,17,17,117,0.119658,0.098876,0.109442,0.039086,,,,,,,,GLOBAL_BASELINE_NO_ENTITY_RANKING,,,NOT_APPLICABLE_GLOBAL_BASELINE,HF9g-P5,,,,X 全窗基线 · 不参与实体赏罚,3929458,393,A168_HF9F_20260827_0900,2026-08-27 09:00:00
2026-05-03,125884035,1374,0,8.1420043726,8.1420043726,8.1420043726,1.0000000,1,1,0.50665070000000000,0.506650700000,0.9867858985152569,0.9867858985152569,0.9867858985152569,0E-17,ELIGIBLE,R03b_20260811_FULL_v1,L1_ELIGIBILITY,v2026-08-11,2026-03-21..2026-08-06,baccarat_bet02_101_all_pairs_incl_sentinel,round_win = game_pnl > 0 (decisive only),COMPATIBILITY_ONLY_NOT_PRODUCTION,551.9393,517.7239,-61.3445,28,28,0.11114361,0E-8,0.11246234,0.11114361,61.3445,551.9393,THIN_EXPOSURE,0.0000,-2.4538,4.0000,96.0000,AG03-UNRESOLVED,ALL5_LEVELS_bet23_to_bet27,-2.4538,-2.4538,-2.4538,-2.4538,-2.4538,4.000000,4.000000,4.000000,4.000000,4.000000,96.000000,96.000000,96.000000,96.000000,96.000000,5.0,-12.2689,-11.3259,-49.0756,-50.0187,PENDING_AG03,FALSE,NOT_FOR_ENFORCEMENT,-58.8907,497.0149,-61.3445,-58.8907,-2.4538,-0.11114361,-0.10669787,-2.4538,-58.8907,-0.10669787,-2.4538,-2.4538,-2.4538,-2.4538,-2.4538,-58.8907,-0.10669787,-12.2689,-11.3259,-49.0756,-50.0187,-0.08891489,-0.09062347,-0.00444574,19.7121,18.4901,-2.1909,-4.3818,-3.6085,39.4242,2.0000,2.1573,21.8187,3.1487,8.5044,24.9145,58.7937,99.365,102.5893,7.5,0.0,11.683998,12.063125,2.317882,8,16,15,2,0.01172594,-0.11114361,0E-8,0E-8,0.000000,0.938009,0.571429,-0.11246234,2026-03-25,2026-07-19,14,17,17,117,0.119658,0.098876,0.109442,0.039086,,,,,,,,GLOBAL_BASELINE_NO_ENTITY_RANKING,,,NOT_APPLICABLE_GLOBAL_BASELINE,HF9g-P5,,,,X 全窗基线 · 不参与实体赏罚,3929459,393,A168_HF9F_20260827_0900,2026-08-27 09:00:00
2026-05-03,125884035,2175,0,102.5892550945,97.4597923398,97.4597923398,1.0000000,1,1,0.50665070000000000,0.506650700000,0.9867858985152569,0.9867858985152569,0.9867858985152569,0E-17,ELIGIBLE,R03b_20260811_FULL_v1,L1_ELIGIBILITY,v2026-08-11,2026-03-21..2026-08-06,baccarat_bet02_101_all_pairs_incl_sentinel,round_win = game_pnl > 0 (decisive only),COMPATIBILITY_ONLY_NOT_PRODUCTION,551.9393,517.7239,-61.3445,28,28,0.11114361,0E-8,0.11246234,0.11114361,61.3445,551.9393,THIN_EXPOSURE,0.0000,-2.4538,4.0000,96.0000,AG03-UNRESOLVED,ALL5_LEVELS_bet23_to_bet27,-2.4538,-2.4538,-2.4538,-2.4538,-2.4538,4.000000,4.000000,4.000000,4.000000,4.000000,96.000000,96.000000,96.000000,96.000000,96.000000,5.0,-12.2689,-11.3259,-49.0756,-50.0187,PENDING_AG03,FALSE,NOT_FOR_ENFORCEMENT,-58.8907,497.0149,-61.3445,-58.8907,-2.4538,-0.11114361,-0.10669787,-2.4538,-58.8907,-0.10669787,-2.4538,-2.4538,-2.4538,-2.4538,-2.4538,-58.8907,-0.10669787,-12.2689,-11.3259,-49.0756,-50.0187,-0.08891489,-0.09062347,-0.00444574,19.7121,18.4901,-2.1909,-4.3818,-3.6085,39.4242,2.0000,2.1573,21.8187,3.1487,8.5044,24.9145,58.7937,99.365,102.5893,7.5,0.0,11.683998,12.063125,2.317882,8,16,15,2,0.01172594,-0.11114361,0E-8,0E-8,0.000000,0.938009,0.571429,-0.11246234,2026-03-25,2026-07-19,14,17,17,117,0.119658,0.098876,0.109442,0.039086,,,,,,,,GLOBAL_BASELINE_NO_ENTITY_RANKING,,,NOT_APPLICABLE_GLOBAL_BASELINE,HF9g-P5,,,,X 全窗基线 · 不参与实体赏罚,3929460,393,A168_HF9F_20260827_0900,2026-08-27 09:00:00
2026-05-03,125884035,2248,0,112.6853405164,99.9838136953,99.9838136953,0.6666667,4,4,0.49324550000000000,0.493245500000,0.6008033672792107,0.6008033672792106,0.6008033672792107,0E-17,ELIGIBLE,R03b_20260811_FULL_v1,L1_ELIGIBILITY,v2026-08-11,2026-03-21..2026-08-06,baccarat_bet02_101_all_pairs_incl_sentinel,round_win = game_pnl > 0 (decisive only),COMPATIBILITY_ONLY_NOT_PRODUCTION,551.9393,517.7239,-61.3445,28,28,0.11114361,0E-8,0.11246234,0.11114361,61.3445,551.9393,THIN_EXPOSURE,0.0000,-2.4538,4.0000,96.0000,AG03-UNRESOLVED,ALL5_LEVELS_bet23_to_bet27,-2.4538,-2.4538,-2.4538,-2.4538,-2.4538,4.000000,4.000000,4.000000,4.000000,4.000000,96.000000,96.000000,96.000000,96.000000,96.000000,5.0,-12.2689,-11.3259,-49.0756,-50.0187,PENDING_AG03,FALSE,NOT_FOR_ENFORCEMENT,-58.8907,497.0149,-61.3445,-58.8907,-2.4538,-0.11114361,-0.10669787,-2.4538,-58.8907,-0.10669787,-2.4538,-2.4538,-2.4538,-2.4538,-2.4538,-58.8907,-0.10669787,-12.2689,-11.3259,-49.0756,-50.0187,-0.08891489,-0.09062347,-0.00444574,19.7121,18.4901,-2.1909,-4.3818,-3.6085,39.4242,2.0000,2.1573,21.8187,3.1487,8.5044,24.9145,58.7937,99.365,102.5893,7.5,0.0,11.683998,12.063125,2.317882,8,16,15,2,0.01172594,-0.11114361,0E-8,0E-8,0.000000,0.938009,0.571429,-0.11246234,2026-03-25,2026-07-19,14,17,17,117,0.119658,0.098876,0.109442,0.039086,,,,,,,,GLOBAL_BASELINE_NO_ENTITY_RANKING,,,NOT_APPLICABLE_GLOBAL_BASELINE,HF9g-P5,,,,X 全窗基线 · 不参与实体赏罚,3929461,393,A168_HF9F_20260827_0900,2026-08-27 09:00:00
2026-05-11,125884035,2223,0,13.3528871710,13.3528871710,13.3528871710,1.0000000,1,1,0.50665070000000000,0.506650700000,0.9867858985152569,0.9867858985152569,0.9867858985152569,0E-17,ELIGIBLE,R03b_20260811_FULL_v1,L1_ELIGIBILITY,v2026-08-11,2026-03-21..2026-08-06,baccarat_bet02_101_all_pairs_incl_sentinel,round_win = game_pnl > 0 (decisive only),COMPATIBILITY_ONLY_NOT_PRODUCTION,551.9393,517.7239,-61.3445,28,28,0.11114361,0E-8,0.11246234,0.11114361,61.3445,551.9393,THIN_EXPOSURE,0.0000,-2.4538,4.0000,96.0000,AG03-UNRESOLVED,ALL5_LEVELS_bet23_to_bet27,-2.4538,-2.4538,-2.4538,-2.4538,-2.4538,4.000000,4.000000,4.000000,4.000000,4.000000,96.000000,96.000000,96.000000,96.000000,96.000000,5.0,-12.2689,-11.3259,-49.0756,-50.0187,PENDING_AG03,FALSE,NOT_FOR_ENFORCEMENT,-58.8907,497.0149,-61.3445,-58.8907,-2.4538,-0.11114361,-0.10669787,-2.4538,-58.8907,-0.10669787,-2.4538,-2.4538,-2.4538,-2.4538,-2.4538,-58.8907,-0.10669787,-12.2689,-11.3259,-49.0756,-50.0187,-0.08891489,-0.09062347,-0.00444574,19.7121,18.4901,-2.1909,-4.3818,-3.6085,39.4242,2.0000,2.1573,21.8187,3.1487,8.5044,24.9145,58.7937,99.365,102.5893,7.5,0.0,11.683998,12.063125,2.317882,8,16,15,2,0.01172594,-0.11114361,0E-8,0E-8,0.000000,0.938009,0.571429,-0.11246234,2026-03-25,2026-07-19,14,17,17,117,0.119658,0.098876,0.109442,0.039086,,,,,,,,GLOBAL_BASELINE_NO_ENTITY_RANKING,,,NOT_APPLICABLE_GLOBAL_BASELINE,HF9g-P5,,,,X 全窗基线 · 不参与实体赏罚,3929462,393,A168_HF9F_20260827_0900,2026-08-27 09:00:00
2026-05-16,125884035,2103,0,14.0042475208,-14.0042475208,-14.0042475208,0E-7,1,1,0.50665070000000000,0.506650700000,-1.013391052207602,-1.013391052207602,-1.013391052207602,0E-17,ELIGIBLE,R03b_20260811_FULL_v1,L1_ELIGIBILITY,v2026-08-11,2026-03-21..2026-08-06,baccarat_bet02_101_all_pairs_incl_sentinel,round_win = game_pnl > 0 (decisive only),COMPATIBILITY_ONLY_NOT_PRODUCTION,551.9393,517.7239,-61.3445,28,28,0.11114361,0E-8,0.11246234,0.11114361,61.3445,551.9393,THIN_EXPOSURE,0.0000,-2.4538,4.0000,96.0000,AG03-UNRESOLVED,ALL5_LEVELS_bet23_to_bet27,-2.4538,-2.4538,-2.4538,-2.4538,-2.4538,4.000000,4.000000,4.000000,4.000000,4.000000,96.000000,96.000000,96.000000,96.000000,96.000000,5.0,-12.2689,-11.3259,-49.0756,-50.0187,PENDING_AG03,FALSE,NOT_FOR_ENFORCEMENT,-58.8907,497.0149,-61.3445,-58.8907,-2.4538,-0.11114361,-0.10669787,-2.4538,-58.8907,-0.10669787,-2.4538,-2.4538,-2.4538,-2.4538,-2.4538,-58.8907,-0.10669787,-12.2689,-11.3259,-49.0756,-50.0187,-0.08891489,-0.09062347,-0.00444574,19.7121,18.4901,-2.1909,-4.3818,-3.6085,39.4242,2.0000,2.1573,21.8187,3.1487,8.5044,24.9145,58.7937,99.365,102.5893,7.5,0.0,11.683998,12.063125,2.317882,8,16,15,2,0.01172594,-0.11114361,0E-8,0E-8,0.000000,0.938009,0.571429,-0.11246234,2026-03-25,2026-07-19,14,17,17,117,0.119658,0.098876,0.109442,0.039086,,,,,,,,GLOBAL_BASELINE_NO_ENTITY_RANKING,,,NOT_APPLICABLE_GLOBAL_BASELINE,HF9g-P5,,,,X 全窗基线 · 不参与实体赏罚,3929463,393,A168_HF9F_20260827_0900,2026-08-27 09:00:00
2026-05-16,125884035,2142,0,67.0901160301,12.6526747950,12.6526747950,0.5000000,3,3,0.50665070000000000,0.506650700000,-0.018812684590367487,-0.018812684590367487,-0.018812684590367487,0E-17,ELIGIBLE,R03b_20260811_FULL_v1,L1_ELIGIBILITY,v2026-08-11,2026-03-21..2026-08-06,baccarat_bet02_101_all_pairs_incl_sentinel,round_win = game_pnl > 0 (decisive only),COMPATIBILITY_ONLY_NOT_PRODUCTION,551.9393,517.7239,-61.3445,28,28,0.11114361,0E-8,0.11246234,0.11114361,61.3445,551.9393,THIN_EXPOSURE,0.0000,-2.4538,4.0000,96.0000,AG03-UNRESOLVED,ALL5_LEVELS_bet23_to_bet27,-2.4538,-2.4538,-2.4538,-2.4538,-2.4538,4.000000,4.000000,4.000000,4.000000,4.000000,96.000000,96.000000,96.000000,96.000000,96.000000,5.0,-12.2689,-11.3259,-49.0756,-50.0187,PENDING_AG03,FALSE,NOT_FOR_ENFORCEMENT,-58.8907,497.0149,-61.3445,-58.8907,-2.4538,-0.11114361,-0.10669787,-2.4538,-58.8907,-0.10669787,-2.4538,-2.4538,-2.4538,-2.4538,-2.4538,-58.8907,-0.10669787,-12.2689,-11.3259,-49.0756,-50.0187,-0.08891489,-0.09062347,-0.00444574,19.7121,18.4901,-2.1909,-4.3818,-3.6085,39.4242,2.0000,2.1573,21.8187,3.1487,8.5044,24.9145,58.7937,99.365,102.5893,7.5,0.0,11.683998,12.063125,2.317882,8,16,15,2,0.01172594,-0.11114361,0E-8,0E-8,0.000000,0.938009,0.571429,-0.11246234,2026-03-25,2026-07-19,14,17,17,117,0.119658,0.098876,0.109442,0.039086,,,,,,,,GLOBAL_BASELINE_NO_ENTITY_RANKING,,,NOT_APPLICABLE_GLOBAL_BASELINE,HF9g-P5,,,,X 全窗基线 · 不参与实体赏罚,3929464,393,A168_HF9F_20260827_0900,2026-08-27 09:00:00
2026-05-19,125884035,2103,0,80.2801631137,-80.2801631137,-80.2801631137,0E-7,3,3,0.49771390000000000,0.497713900000,-1.724149546644903,-1.724149546644903,-1.724149546644903,0E-17,ELIGIBLE,R03b_20260811_FULL_v1,L1_ELIGIBILITY,v2026-08-11,2026-03-21..2026-08-06,baccarat_bet02_101_all_pairs_incl_sentinel,round_win = game_pnl > 0 (decisive only),COMPATIBILITY_ONLY_NOT_PRODUCTION,551.9393,517.7239,-61.3445,28,28,0.11114361,0E-8,0.11246234,0.11114361,61.3445,551.9393,THIN_EXPOSURE,0.0000,-2.4538,4.0000,96.0000,AG03-UNRESOLVED,ALL5_LEVELS_bet23_to_bet27,-2.4538,-2.4538,-2.4538,-2.4538,-2.4538,4.000000,4.000000,4.000000,4.000000,4.000000,96.000000,96.000000,96.000000,96.000000,96.000000,5.0,-12.2689,-11.3259,-49.0756,-50.0187,PENDING_AG03,FALSE,NOT_FOR_ENFORCEMENT,-58.8907,497.0149,-61.3445,-58.8907,-2.4538,-0.11114361,-0.10669787,-2.4538,-58.8907,-0.10669787,-2.4538,-2.4538,-2.4538,-2.4538,-2.4538,-58.8907,-0.10669787,-12.2689,-11.3259,-49.0756,-50.0187,-0.08891489,-0.09062347,-0.00444574,19.7121,18.4901,-2.1909,-4.3818,-3.6085,39.4242,2.0000,2.1573,21.8187,3.1487,8.5044,24.9145,58.7937,99.365,102.5893,7.5,0.0,11.683998,12.063125,2.317882,8,16,15,2,0.01172594,-0.11114361,0E-8,0E-8,0.000000,0.938009,0.571429,-0.11246234,2026-03-25,2026-07-19,14,17,17,117,0.119658,0.098876,0.109442,0.039086,,,,,,,,GLOBAL_BASELINE_NO_ENTITY_RANKING,,,NOT_APPLICABLE_GLOBAL_BASELINE,HF9g-P5,,,,X 全窗基线 · 不参与实体赏罚,3929465,393,A168_HF9F_20260827_0900,2026-08-27 09:00:00
2026-06-06,125884035,1994,0,64.4501819429,-64.4501819429,-64.4501819429,0E-7,1,1,0.49324550000000000,0.493245500000,-0.9865810262130424,-0.9865810262130424,-0.9865810262130424,0E-17,ELIGIBLE,R03b_20260811_FULL_v1,L1_ELIGIBILITY,v2026-08-11,2026-03-21..2026-08-06,baccarat_bet02_101_all_pairs_incl_sentinel,round_win = game_pnl > 0 (decisive only),COMPATIBILITY_ONLY_NOT_PRODUCTION,551.9393,517.7239,-61.3445,28,28,0.11114361,0E-8,0.11246234,0.11114361,61.3445,551.9393,THIN_EXPOSURE,0.0000,-2.4538,4.0000,96.0000,AG03-UNRESOLVED,ALL5_LEVELS_bet23_to_bet27,-2.4538,-2.4538,-2.4538,-2.4538,-2.4538,4.000000,4.000000,4.000000,4.000000,4.000000,96.000000,96.000000,96.000000,96.000000,96.000000,5.0,-12.2689,-11.3259,-49.0756,-50.0187,PENDING_AG03,FALSE,NOT_FOR_ENFORCEMENT,-58.8907,497.0149,-61.3445,-58.8907,-2.4538,-0.11114361,-0.10669787,-2.4538,-58.8907,-0.10669787,-2.4538,-2.4538,-2.4538,-2.4538,-2.4538,-58.8907,-0.10669787,-12.2689,-11.3259,-49.0756,-50.0187,-0.08891489,-0.09062347,-0.00444574,19.7121,18.4901,-2.1909,-4.3818,-3.6085,39.4242,2.0000,2.1573,21.8187,3.1487,8.5044,24.9145,58.7937,99.365,102.5893,7.5,0.0,11.683998,12.063125,2.317882,8,16,15,2,0.01172594,-0.11114361,0E-8,0E-8,0.000000,0.938009,0.571429,-0.11246234,2026-03-25,2026-07-19,14,17,17,117,0.119658,0.098876,0.109442,0.039086,,,,,,,,GLOBAL_BASELINE_NO_ENTITY_RANKING,,,NOT_APPLICABLE_GLOBAL_BASELINE,HF9g-P5,,,,X 全窗基线 · 不参与实体赏罚,3929466,393,A168_HF9F_20260827_0900,2026-08-27 09:00:00
2026-06-29,125884035,1306,0,3.0613836423,-3.0613836423,-3.0613836423,0E-7,1,1,0.50665070000000000,0.506650700000,-1.013391052207602,-1.013391052207602,-1.013391052207602,0E-17,ELIGIBLE,R03b_20260811_FULL_v1,L1_ELIGIBILITY,v2026-08-11,2026-03-21..2026-08-06,baccarat_bet02_101_all_pairs_incl_sentinel,round_win = game_pnl > 0 (decisive only),COMPATIBILITY_ONLY_NOT_PRODUCTION,551.9393,517.7239,-61.3445,28,28,0.11114361,0E-8,0.11246234,0.11114361,61.3445,551.9393,THIN_EXPOSURE,0.0000,-2.4538,4.0000,96.0000,AG03-UNRESOLVED,ALL5_LEVELS_bet23_to_bet27,-2.4538,-2.4538,-2.4538,-2.4538,-2.4538,4.000000,4.000000,4.000000,4.000000,4.000000,96.000000,96.000000,96.000000,96.000000,96.000000,5.0,-12.2689,-11.3259,-49.0756,-50.0187,PENDING_AG03,FALSE,NOT_FOR_ENFORCEMENT,-58.8907,497.0149,-61.3445,-58.8907,-2.4538,-0.11114361,-0.10669787,-2.4538,-58.8907,-0.10669787,-2.4538,-2.4538,-2.4538,-2.4538,-2.4538,-58.8907,-0.10669787,-12.2689,-11.3259,-49.0756,-50.0187,-0.08891489,-0.09062347,-0.00444574,19.7121,18.4901,-2.1909,-4.3818,-3.6085,39.4242,2.0000,2.1573,21.8187,3.1487,8.5044,24.9145,58.7937,99.365,102.5893,7.5,0.0,11.683998,12.063125,2.317882,8,16,15,2,0.01172594,-0.11114361,0E-8,0E-8,0.000000,0.938009,0.571429,-0.11246234,2026-03-25,2026-07-19,14,17,17,117,0.119658,0.098876,0.109442,0.039086,,,,,,,,GLOBAL_BASELINE_NO_ENTITY_RANKING,,,NOT_APPLICABLE_GLOBAL_BASELINE,HF9g-P5,,,,X 全窗基线 · 不参与实体赏罚,3929467,393,A168_HF9F_20260827_0900,2026-08-27 09:00:00
2026-07-13,125884035,2251,0,3.2360040398,3.2360040398,3.2360040398,1.0000000,1,1,0.50665070000000000,0.506650700000,0.9867858985152569,0.9867858985152569,0.9867858985152569,0E-17,ELIGIBLE,R03b_20260811_FULL_v1,L1_ELIGIBILITY,v2026-08-11,2026-03-21..2026-08-06,baccarat_bet02_101_all_pairs_incl_sentinel,round_win = game_pnl > 0 (decisive only),COMPATIBILITY_ONLY_NOT_PRODUCTION,551.9393,517.7239,-61.3445,28,28,0.11114361,0E-8,0.11246234,0.11114361,61.3445,551.9393,THIN_EXPOSURE,0.0000,-2.4538,4.0000,96.0000,AG03-UNRESOLVED,ALL5_LEVELS_bet23_to_bet27,-2.4538,-2.4538,-2.4538,-2.4538,-2.4538,4.000000,4.000000,4.000000,4.000000,4.000000,96.000000,96.000000,96.000000,96.000000,96.000000,5.0,-12.2689,-11.3259,-49.0756,-50.0187,PENDING_AG03,FALSE,NOT_FOR_ENFORCEMENT,-58.8907,497.0149,-61.3445,-58.8907,-2.4538,-0.11114361,-0.10669787,-2.4538,-58.8907,-0.10669787,-2.4538,-2.4538,-2.4538,-2.4538,-2.4538,-58.8907,-0.10669787,-12.2689,-11.3259,-49.0756,-50.0187,-0.08891489,-0.09062347,-0.00444574,19.7121,18.4901,-2.1909,-4.3818,-3.6085,39.4242,2.0000,2.1573,21.8187,3.1487,8.5044,24.9145,58.7937,99.365,102.5893,7.5,0.0,11.683998,12.063125,2.317882,8,16,15,2,0.01172594,-0.11114361,0E-8,0E-8,0.000000,0.938009,0.571429,-0.11246234,2026-03-25,2026-07-19,14,17,17,117,0.119658,0.098876,0.109442,0.039086,,,,,,,,GLOBAL_BASELINE_NO_ENTITY_RANKING,,,NOT_APPLICABLE_GLOBAL_BASELINE,HF9g-P5,,,,X 全窗基线 · 不参与实体赏罚,3929468,393,A168_HF9F_20260827_0900,2026-08-27 09:00:00
2026-07-19,125884035,1221,0,1.6180020199,-1.6180020199,-1.6180020199,0E-7,1,1,0.50665070000000000,0.506650700000,-1.013391052207602,-1.013391052207602,-1.013391052207602,0E-17,ELIGIBLE,R03b_20260811_FULL_v1,L1_ELIGIBILITY,v2026-08-11,2026-03-21..2026-08-06,baccarat_bet02_101_all_pairs_incl_sentinel,round_win = game_pnl > 0 (decisive only),COMPATIBILITY_ONLY_NOT_PRODUCTION,551.9393,517.7239,-61.3445,28,28,0.11114361,0E-8,0.11246234,0.11114361,61.3445,551.9393,THIN_EXPOSURE,0.0000,-2.4538,4.0000,96.0000,AG03-UNRESOLVED,ALL5_LEVELS_bet23_to_bet27,-2.4538,-2.4538,-2.4538,-2.4538,-2.4538,4.000000,4.000000,4.000000,4.000000,4.000000,96.000000,96.000000,96.000000,96.000000,96.000000,5.0,-12.2689,-11.3259,-49.0756,-50.0187,PENDING_AG03,FALSE,NOT_FOR_ENFORCEMENT,-58.8907,497.0149,-61.3445,-58.8907,-2.4538,-0.11114361,-0.10669787,-2.4538,-58.8907,-0.10669787,-2.4538,-2.4538,-2.4538,-2.4538,-2.4538,-58.8907,-0.10669787,-12.2689,-11.3259,-49.0756,-50.0187,-0.08891489,-0.09062347,-0.00444574,19.7121,18.4901,-2.1909,-4.3818,-3.6085,39.4242,2.0000,2.1573,21.8187,3.1487,8.5044,24.9145,58.7937,99.365,102.5893,7.5,0.0,11.683998,12.063125,2.317882,8,16,15,2,0.01172594,-0.11114361,0E-8,0E-8,0.000000,0.938009,0.571429,-0.11246234,2026-03-25,2026-07-19,14,17,17,117,0.119658,0.098876,0.109442,0.039086,,,,,,,,GLOBAL_BASELINE_NO_ENTITY_RANKING,,,NOT_APPLICABLE_GLOBAL_BASELINE,HF9g-P5,,,,X 全窗基线 · 不参与实体赏罚,3929469,393,A168_HF9F_20260827_0900,2026-08-27 09:00:00
2026-07-19,125884035,1505,0,1.6180020199,-1.6180020199,-1.6180020199,0E-7,1,1,0.50665070000000000,0.506650700000,-1.013391052207602,-1.013391052207602,-1.013391052207602,0E-17,ELIGIBLE,R03b_20260811_FULL_v1,L1_ELIGIBILITY,v2026-08-11,2026-03-21..2026-08-06,baccarat_bet02_101_all_pairs_incl_sentinel,round_win = game_pnl > 0 (decisive only),COMPATIBILITY_ONLY_NOT_PRODUCTION,551.9393,517.7239,-61.3445,28,28,0.11114361,0E-8,0.11246234,0.11114361,61.3445,551.9393,THIN_EXPOSURE,0.0000,-2.4538,4.0000,96.0000,AG03-UNRESOLVED,ALL5_LEVELS_bet23_to_bet27,-2.4538,-2.4538,-2.4538,-2.4538,-2.4538,4.000000,4.000000,4.000000,4.000000,4.000000,96.000000,96.000000,96.000000,96.000000,96.000000,5.0,-12.2689,-11.3259,-49.0756,-50.0187,PENDING_AG03,FALSE,NOT_FOR_ENFORCEMENT,-58.8907,497.0149,-61.3445,-58.8907,-2.4538,-0.11114361,-0.10669787,-2.4538,-58.8907,-0.10669787,-2.4538,-2.4538,-2.4538,-2.4538,-2.4538,-58.8907,-0.10669787,-12.2689,-11.3259,-49.0756,-50.0187,-0.08891489,-0.09062347,-0.00444574,19.7121,18.4901,-2.1909,-4.3818,-3.6085,39.4242,2.0000,2.1573,21.8187,3.1487,8.5044,24.9145,58.7937,99.365,102.5893,7.5,0.0,11.683998,12.063125,2.317882,8,16,15,2,0.01172594,-0.11114361,0E-8,0E-8,0.000000,0.938009,0.571429,-0.11246234,2026-03-25,2026-07-19,14,17,17,117,0.119658,0.098876,0.109442,0.039086,,,,,,,,GLOBAL_BASELINE_NO_ENTITY_RANKING,,,NOT_APPLICABLE_GLOBAL_BASELINE,HF9g-P5,,,,X 全窗基线 · 不参与实体赏罚,3929470,393,A168_HF9F_20260827_0900,2026-08-27 09:00:00
2026-04-07,142812598,1400,0,31.4111457216,-10.4703819072,-10.4703819072,0.5000000,2,2,0.49994810000000000,0.499948100000,0.00014679536856514622,0.00014679536856514622,0.00014679536856514622,0E-17,ELIGIBLE,R03b_20260811_FULL_v1,L1_ELIGIBILITY,v2026-08-11,2026-03-21..2026-08-06,baccarat_bet02_101_all_pairs_incl_sentinel,round_win = game_pnl > 0 (decisive only),COMPATIBILITY_ONLY_NOT_PRODUCTION,3531.1074,3186.9459,-61.3435,165,155,0.01737231,-0.08396430,0.07775956,0.01737231,61.3435,3531.1074,OK,0.0000,-2.4537,4.0000,96.0000,AG03-UNRESOLVED,ALL5_LEVELS_bet23_to_bet27,-2.4537,-2.4537,-2.4537,0.0000,0.0000,4.000000,4.000000,4.000000,0.000000,0.000000,96.000000,96.000000,96.000000,100.000000,100.000000,5.0,-7.3612,-7.0707,-53.9823,-54.2728,PENDING_AG03,FALSE,NOT_FOR_ENFORCEMENT,-58.8898,3059.4680,-61.3435,-58.8898,-2.4537,-0.01737231,-0.01667742,-2.4537,-58.8898,-0.01667742,-2.4537,-2.4537,-2.4537,0.0000,0.0000,-58.8898,-0.01667742,-7.3612,-7.0707,-53.9823,-54.2728,-0.01528763,-0.01536991,-0.00069489,21.4007,20.5609,-0.3958,-1.7527,-1.0762,100.8888,4.4286,20.6017,21.9069,12.9729,20.7566,25.8178,38.5733,41.3596,51.6049,20.5724,0.0,1.992603,2.486194,1.03103,12,42,29,5,0.37339730,-0.01737231,0.08396430,0E-8,0.000000,0.902534,0.000000,-0.16172386,2026-04-07,2026-08-04,35,57,56,120,0.291667,0.940417,0.962665,1.244658,,,,,,,,GLOBAL_BASELINE_NO_ENTITY_RANKING,,,NOT_APPLICABLE_GLOBAL_BASELINE,HF9g-P5,,,,X 全窗基线 · 不参与实体赏罚,3929471,393,A168_HF9F_20260827_0900,2026-08-27 09:00:00
2026-04-08,142812598,1402,0,52.3519095359,-16.6217312776,-16.6217312776,0.5000000,2,2,0.50665070000000000,0.506650700000,-0.018812684590367487,-0.018812684590367487,-0.018812684590367487,0E-17,ELIGIBLE,R03b_20260811_FULL_v1,L1_ELIGIBILITY,v2026-08-11,2026-03-21..2026-08-06,baccarat_bet02_101_all_pairs_incl_sentinel,round_win = game_pnl > 0 (decisive only),COMPATIBILITY_ONLY_NOT_PRODUCTION,3531.1074,3186.9459,-61.3435,165,155,0.01737231,-0.08396430,0.07775956,0.01737231,61.3435,3531.1074,OK,0.0000,-2.4537,4.0000,96.0000,AG03-UNRESOLVED,ALL5_LEVELS_bet23_to_bet27,-2.4537,-2.4537,-2.4537,0.0000,0.0000,4.000000,4.000000,4.000000,0.000000,0.000000,96.000000,96.000000,96.000000,100.000000,100.000000,5.0,-7.3612,-7.0707,-53.9823,-54.2728,PENDING_AG03,FALSE,NOT_FOR_ENFORCEMENT,-58.8898,3059.4680,-61.3435,-58.8898,-2.4537,-0.01737231,-0.01667742,-2.4537,-58.8898,-0.01667742,-2.4537,-2.4537,-2.4537,0.0000,0.0000,-58.8898,-0.01667742,-7.3612,-7.0707,-53.9823,-54.2728,-0.01528763,-0.01536991,-0.00069489,21.4007,20.5609,-0.3958,-1.7527,-1.0762,100.8888,4.4286,20.6017,21.9069,12.9729,20.7566,25.8178,38.5733,41.3596,51.6049,20.5724,0.0,1.992603,2.486194,1.03103,12,42,29,5,0.37339730,-0.01737231,0.08396430,0E-8,0.000000,0.902534,0.000000,-0.16172386,2026-04-07,2026-08-04,35,57,56,120,0.291667,0.940417,0.962665,1.244658,,,,,,,,GLOBAL_BASELINE_NO_ENTITY_RANKING,,,NOT_APPLICABLE_GLOBAL_BASELINE,HF9g-P5,,,,X 全窗基线 · 不参与实体赏罚,3929472,393,A168_HF9F_20260827_0900,2026-08-27 09:00:00
2026-04-19,142812598,1325,0,10.4703819072,-10.4703819072,-10.4703819072,0E-7,1,1,0.50665070000000000,0.506650700000,-1.013391052207602,-1.013391052207602,-1.013391052207602,0E-17,ELIGIBLE,R03b_20260811_FULL_v1,L1_ELIGIBILITY,v2026-08-11,2026-03-21..2026-08-06,baccarat_bet02_101_all_pairs_incl_sentinel,round_win = game_pnl > 0 (decisive only),COMPATIBILITY_ONLY_NOT_PRODUCTION,3531.1074,3186.9459,-61.3435,165,155,0.01737231,-0.08396430,0.07775956,0.01737231,61.3435,3531.1074,OK,0.0000,-2.4537,4.0000,96.0000,AG03-UNRESOLVED,ALL5_LEVELS_bet23_to_bet27,-2.4537,-2.4537,-2.4537,0.0000,0.0000,4.000000,4.000000,4.000000,0.000000,0.000000,96.000000,96.000000,96.000000,100.000000,100.000000,5.0,-7.3612,-7.0707,-53.9823,-54.2728,PENDING_AG03,FALSE,NOT_FOR_ENFORCEMENT,-58.8898,3059.4680,-61.3435,-58.8898,-2.4537,-0.01737231,-0.01667742,-2.4537,-58.8898,-0.01667742,-2.4537,-2.4537,-2.4537,0.0000,0.0000,-58.8898,-0.01667742,-7.3612,-7.0707,-53.9823,-54.2728,-0.01528763,-0.01536991,-0.00069489,21.4007,20.5609,-0.3958,-1.7527,-1.0762,100.8888,4.4286,20.6017,21.9069,12.9729,20.7566,25.8178,38.5733,41.3596,51.6049,20.5724,0.0,1.992603,2.486194,1.03103,12,42,29,5,0.37339730,-0.01737231,0.08396430,0E-8,0.000000,0.902534,0.000000,-0.16172386,2026-04-07,2026-08-04,35,57,56,120,0.291667,0.940417,0.962665,1.244658,,,,,,,,GLOBAL_BASELINE_NO_ENTITY_RANKING,,,NOT_APPLICABLE_GLOBAL_BASELINE,HF9g-P5,,,,X 全窗基线 · 不参与实体赏罚,3929473,393,A168_HF9F_20260827_0900,2026-08-27 09:00:00
2026-05-08,142812598,2093,0,77.8371646515,-27.2430076280,-27.2430076280,0.3333333,3,3,0.50665070000000000,0.506650700000,-0.6004420894325239,-0.6004420894325239,-0.6004420894325239,0E-17,ELIGIBLE,R03b_20260811_FULL_v1,L1_ELIGIBILITY,v2026-08-11,2026-03-21..2026-08-06,baccarat_bet02_101_all_pairs_incl_sentinel,round_win = game_pnl > 0 (decisive only),COMPATIBILITY_ONLY_NOT_PRODUCTION,3531.1074,3186.9459,-61.3435,165,155,0.01737231,-0.08396430,0.07775956,0.01737231,61.3435,3531.1074,OK,0.0000,-2.4537,4.0000,96.0000,AG03-UNRESOLVED,ALL5_LEVELS_bet23_to_bet27,-2.4537,-2.4537,-2.4537,0.0000,0.0000,4.000000,4.000000,4.000000,0.000000,0.000000,96.000000,96.000000,96.000000,100.000000,100.000000,5.0,-7.3612,-7.0707,-53.9823,-54.2728,PENDING_AG03,FALSE,NOT_FOR_ENFORCEMENT,-58.8898,3059.4680,-61.3435,-58.8898,-2.4537,-0.01737231,-0.01667742,-2.4537,-58.8898,-0.01667742,-2.4537,-2.4537,-2.4537,0.0000,0.0000,-58.8898,-0.01667742,-7.3612,-7.0707,-53.9823,-54.2728,-0.01528763,-0.01536991,-0.00069489,21.4007,20.5609,-0.3958,-1.7527,-1.0762,100.8888,4.4286,20.6017,21.9069,12.9729,20.7566,25.8178,38.5733,41.3596,51.6049,20.5724,0.0,1.992603,2.486194,1.03103,12,42,29,5,0.37339730,-0.01737231,0.08396430,0E-8,0.000000,0.902534,0.000000,-0.16172386,2026-04-07,2026-08-04,35,57,56,120,0.291667,0.940417,0.962665,1.244658,,,,,,,,GLOBAL_BASELINE_NO_ENTITY_RANKING,,,NOT_APPLICABLE_GLOBAL_BASELINE,HF9g-P5,,,,X 全窗基线 · 不参与实体赏罚,3929474,393,A168_HF9F_20260827_0900,2026-08-27 09:00:00
2026-05-08,142812598,2196,0,38.9185823258,-13.6215038140,-13.6215038140,0.5000000,2,2,0.49994810000000000,0.499948100000,0.00014679536856514622,0.00014679536856514622,0.00014679536856514622,0E-17,ELIGIBLE,R03b_20260811_FULL_v1,L1_ELIGIBILITY,v2026-08-11,2026-03-21..2026-08-06,baccarat_bet02_101_all_pairs_incl_sentinel,round_win = game_pnl > 0 (decisive only),COMPATIBILITY_ONLY_NOT_PRODUCTION,3531.1074,3186.9459,-61.3435,165,155,0.01737231,-0.08396430,0.07775956,0.01737231,61.3435,3531.1074,OK,0.0000,-2.4537,4.0000,96.0000,AG03-UNRESOLVED,ALL5_LEVELS_bet23_to_bet27,-2.4537,-2.4537,-2.4537,0.0000,0.0000,4.000000,4.000000,4.000000,0.000000,0.000000,96.000000,96.000000,96.000000,100.000000,100.000000,5.0,-7.3612,-7.0707,-53.9823,-54.2728,PENDING_AG03,FALSE,NOT_FOR_ENFORCEMENT,-58.8898,3059.4680,-61.3435,-58.8898,-2.4537,-0.01737231,-0.01667742,-2.4537,-58.8898,-0.01667742,-2.4537,-2.4537,-2.4537,0.0000,0.0000,-58.8898,-0.01667742,-7.3612,-7.0707,-53.9823,-54.2728,-0.01528763,-0.01536991,-0.00069489,21.4007,20.5609,-0.3958,-1.7527,-1.0762,100.8888,4.4286,20.6017,21.9069,12.9729,20.7566,25.8178,38.5733,41.3596,51.6049,20.5724,0.0,1.992603,2.486194,1.03103,12,42,29,5,0.37339730,-0.01737231,0.08396430,0E-8,0.000000,0.902534,0.000000,-0.16172386,2026-04-07,2026-08-04,35,57,56,120,0.291667,0.940417,0.962665,1.244658,,,,,,,,GLOBAL_BASELINE_NO_ENTITY_RANKING,,,NOT_APPLICABLE_GLOBAL_BASELINE,HF9g-P5,,,,X 全窗基线 · 不参与实体赏罚,3929475,393,A168_HF9F_20260827_0900,2026-08-27 09:00:00
2026-05-12,142812598,1306,0,85.6208811168,16.2160759691,16.2160759691,0.6000000,5,5,0.50128862000000000,0.501288620000,0.4414521777673877,0.4414521777673877,0.4414521777673877,0E-17,ELIGIBLE,R03b_20260811_FULL_v1,L1_ELIGIBILITY,v2026-08-11,2026-03-21..2026-08-06,baccarat_bet02_101_all_pairs_incl_sentinel,round_win = game_pnl > 0 (decisive only),COMPATIBILITY_ONLY_NOT_PRODUCTION,3531.1074,3186.9459,-61.3435,165,155,0.01737231,-0.08396430,0.07775956,0.01737231,61.3435,3531.1074,OK,0.0000,-2.4537,4.0000,96.0000,AG03-UNRESOLVED,ALL5_LEVELS_bet23_to_bet27,-2.4537,-2.4537,-2.4537,0.0000,0.0000,4.000000,4.000000,4.000000,0.000000,0.000000,96.000000,96.000000,96.000000,100.000000,100.000000,5.0,-7.3612,-7.0707,-53.9823,-54.2728,PENDING_AG03,FALSE,NOT_FOR_ENFORCEMENT,-58.8898,3059.4680,-61.3435,-58.8898,-2.4537,-0.01737231,-0.01667742,-2.4537,-58.8898,-0.01667742,-2.4537,-2.4537,-2.4537,0.0000,0.0000,-58.8898,-0.01667742,-7.3612,-7.0707,-53.9823,-54.2728,-0.01528763,-0.01536991,-0.00069489,21.4007,20.5609,-0.3958,-1.7527,-1.0762,100.8888,4.4286,20.6017,21.9069,12.9729,20.7566,25.8178,38.5733,41.3596,51.6049,20.5724,0.0,1.992603,2.486194,1.03103,12,42,29,5,0.37339730,-0.01737231,0.08396430,0E-8,0.000000,0.902534,0.000000,-0.16172386,2026-04-07,2026-08-04,35,57,56,120,0.291667,0.940417,0.962665,1.244658,,,,,,,,GLOBAL_BASELINE_NO_ENTITY_RANKING,,,NOT_APPLICABLE_GLOBAL_BASELINE,HF9g-P5,,,,X 全窗基线 · 不参与实体赏罚,3929476,393,A168_HF9F_20260827_0900,2026-08-27 09:00:00
2026-05-15,142812598,2233,0,62.2697317213,35.1564527010,35.1564527010,1.0000000,3,3,0.50218230000000000,0.502182300000,1.4080544974538591,1.4080544974538591,1.4080544974538591,0E-17,ELIGIBLE,R03b_20260811_FULL_v1,L1_ELIGIBILITY,v2026-08-11,2026-03-21..2026-08-06,baccarat_bet02_101_all_pairs_incl_sentinel,round_win = game_pnl > 0 (decisive only),COMPATIBILITY_ONLY_NOT_PRODUCTION,3531.1074,3186.9459,-61.3435,165,155,0.01737231,-0.08396430,0.07775956,0.01737231,61.3435,3531.1074,OK,0.0000,-2.4537,4.0000,96.0000,AG03-UNRESOLVED,ALL5_LEVELS_bet23_to_bet27,-2.4537,-2.4537,-2.4537,0.0000,0.0000,4.000000,4.000000,4.000000,0.000000,0.000000,96.000000,96.000000,96.000000,100.000000,100.000000,5.0,-7.3612,-7.0707,-53.9823,-54.2728,PENDING_AG03,FALSE,NOT_FOR_ENFORCEMENT,-58.8898,3059.4680,-61.3435,-58.8898,-2.4537,-0.01737231,-0.01667742,-2.4537,-58.8898,-0.01667742,-2.4537,-2.4537,-2.4537,0.0000,0.0000,-58.8898,-0.01667742,-7.3612,-7.0707,-53.9823,-54.2728,-0.01528763,-0.01536991,-0.00069489,21.4007,20.5609,-0.3958,-1.7527,-1.0762,100.8888,4.4286,20.6017,21.9069,12.9729,20.7566,25.8178,38.5733,41.3596,51.6049,20.5724,0.0,1.992603,2.486194,1.03103,12,42,29,5,0.37339730,-0.01737231,0.08396430,0E-8,0.000000,0.902534,0.000000,-0.16172386,2026-04-07,2026-08-04,35,57,56,120,0.291667,0.940417,0.962665,1.244658,,,,,,,,GLOBAL_BASELINE_NO_ENTITY_RANKING,,,NOT_APPLICABLE_GLOBAL_BASELINE,HF9g-P5,,,,X 全窗基线 · 不参与实体赏罚,3929477,393,A168_HF9F_20260827_0900,2026-08-27 09:00:00
2026-05-16,142812598,1399,0,114.4206320379,-26.6073374502,-26.6073374502,0.4285714,8,8,0.49827245000000000,0.498272450000,-0.36882533912701604,-0.36882533912701604,-0.36882533912701604,0E-17,ELIGIBLE,R03b_20260811_FULL_v1,L1_ELIGIBILITY,v2026-08-11,2026-03-21..2026-08-06,baccarat_bet02_101_all_pairs_incl_sentinel,round_win = game_pnl > 0 (decisive only),COMPATIBILITY_ONLY_NOT_PRODUCTION,3531.1074,3186.9459,-61.3435,165,155,0.01737231,-0.08396430,0.07775956,0.01737231,61.3435,3531.1074,OK,0.0000,-2.4537,4.0000,96.0000,AG03-UNRESOLVED,ALL5_LEVELS_bet23_to_bet27,-2.4537,-2.4537,-2.4537,0.0000,0.0000,4.000000,4.000000,4.000000,0.000000,0.000000,96.000000,96.000000,96.000000,100.000000,100.000000,5.0,-7.3612,-7.0707,-53.9823,-54.2728,PENDING_AG03,FALSE,NOT_FOR_ENFORCEMENT,-58.8898,3059.4680,-61.3435,-58.8898,-2.4537,-0.01737231,-0.01667742,-2.4537,-58.8898,-0.01667742,-2.4537,-2.4537,-2.4537,0.0000,0.0000,-58.8898,-0.01667742,-7.3612,-7.0707,-53.9823,-54.2728,-0.01528763,-0.01536991,-0.00069489,21.4007,20.5609,-0.3958,-1.7527,-1.0762,100.8888,4.4286,20.6017,21.9069,12.9729,20.7566,25.8178,38.5733,41.3596,51.6049,20.5724,0.0,1.992603,2.486194,1.03103,12,42,29,5,0.37339730,-0.01737231,0.08396430,0E-8,0.000000,0.902534,0.000000,-0.16172386,2026-04-07,2026-08-04,35,57,56,120,0.291667,0.940417,0.962665,1.244658,,,,,,,,GLOBAL_BASELINE_NO_ENTITY_RANKING,,,NOT_APPLICABLE_GLOBAL_BASELINE,HF9g-P5,,,,X 全窗基线 · 不参与实体赏罚,3929478,393,A168_HF9F_20260827_0900,2026-08-27 09:00:00
2026-05-16,142812598,2117,0,85.1019666858,36.2202272845,36.2202272845,0.7500000,4,4,0.50329940000000000,0.503299400000,0.9868238854431842,0.9868238854431842,0.9868238854431842,0E-17,ELIGIBLE,R03b_20260811_FULL_v1,L1_ELIGIBILITY,v2026-08-11,2026-03-21..2026-08-06,baccarat_bet02_101_all_pairs_incl_sentinel,round_win = game_pnl > 0 (decisive only),COMPATIBILITY_ONLY_NOT_PRODUCTION,3531.1074,3186.9459,-61.3435,165,155,0.01737231,-0.08396430,0.07775956,0.01737231,61.3435,3531.1074,OK,0.0000,-2.4537,4.0000,96.0000,AG03-UNRESOLVED,ALL5_LEVELS_bet23_to_bet27,-2.4537,-2.4537,-2.4537,0.0000,0.0000,4.000000,4.000000,4.000000,0.000000,0.000000,96.000000,96.000000,96.000000,100.000000,100.000000,5.0,-7.3612,-7.0707,-53.9823,-54.2728,PENDING_AG03,FALSE,NOT_FOR_ENFORCEMENT,-58.8898,3059.4680,-61.3435,-58.8898,-2.4537,-0.01737231,-0.01667742,-2.4537,-58.8898,-0.01667742,-2.4537,-2.4537,-2.4537,0.0000,0.0000,-58.8898,-0.01667742,-7.3612,-7.0707,-53.9823,-54.2728,-0.01528763,-0.01536991,-0.00069489,21.4007,20.5609,-0.3958,-1.7527,-1.0762,100.8888,4.4286,20.6017,21.9069,12.9729,20.7566,25.8178,38.5733,41.3596,51.6049,20.5724,0.0,1.992603,2.486194,1.03103,12,42,29,5,0.37339730,-0.01737231,0.08396430,0E-8,0.000000,0.902534,0.000000,-0.16172386,2026-04-07,2026-08-04,35,57,56,120,0.291667,0.940417,0.962665,1.244658,,,,,,,,GLOBAL_BASELINE_NO_ENTITY_RANKING,,,NOT_APPLICABLE_GLOBAL_BASELINE,HF9g-P5,,,,X 全窗基线 · 不参与实体赏罚,3929479,393,A168_HF9F_20260827_0900,2026-08-27 09:00:00
2026-05-16,142812598,2196,0,25.9457215506,-25.9457215506,-25.9457215506,0E-7,2,2,0.49324550000000000,0.493245500000,-1.3952362676504506,-1.3952362676504506,-1.3952362676504506,0E-17,ELIGIBLE,R03b_20260811_FULL_v1,L1_ELIGIBILITY,v2026-08-11,2026-03-21..2026-08-06,baccarat_bet02_101_all_pairs_incl_sentinel,round_win = game_pnl > 0 (decisive only),COMPATIBILITY_ONLY_NOT_PRODUCTION,3531.1074,3186.9459,-61.3435,165,155,0.01737231,-0.08396430,0.07775956,0.01737231,61.3435,3531.1074,OK,0.0000,-2.4537,4.0000,96.0000,AG03-UNRESOLVED,ALL5_LEVELS_bet23_to_bet27,-2.4537,-2.4537,-2.4537,0.0000,0.0000,4.000000,4.000000,4.000000,0.000000,0.000000,96.000000,96.000000,96.000000,100.000000,100.000000,5.0,-7.3612,-7.0707,-53.9823,-54.2728,PENDING_AG03,FALSE,NOT_FOR_ENFORCEMENT,-58.8898,3059.4680,-61.3435,-58.8898,-2.4537,-0.01737231,-0.01667742,-2.4537,-58.8898,-0.01667742,-2.4537,-2.4537,-2.4537,0.0000,0.0000,-58.8898,-0.01667742,-7.3612,-7.0707,-53.9823,-54.2728,-0.01528763,-0.01536991,-0.00069489,21.4007,20.5609,-0.3958,-1.7527,-1.0762,100.8888,4.4286,20.6017,21.9069,12.9729,20.7566,25.8178,38.5733,41.3596,51.6049,20.5724,0.0,1.992603,2.486194,1.03103,12,42,29,5,0.37339730,-0.01737231,0.08396430,0E-8,0.000000,0.902534,0.000000,-0.16172386,2026-04-07,2026-08-04,35,57,56,120,0.291667,0.940417,0.962665,1.244658,,,,,,,,GLOBAL_BASELINE_NO_ENTITY_RANKING,,,NOT_APPLICABLE_GLOBAL_BASELINE,HF9g-P5,,,,X 全窗基线 · 不参与实体赏罚,3929480,393,A168_HF9F_20260827_0900,2026-08-27 09:00:00
2026-05-19,142812598,970,0,67.4588760314,-21.9241347102,-21.9241347102,0.3333333,3,3,0.50665070000000000,0.506650700000,-0.6004420894325239,-0.6004420894325239,-0.6004420894325239,0E-17,ELIGIBLE,R03b_20260811_FULL_v1,L1_ELIGIBILITY,v2026-08-11,2026-03-21..2026-08-06,baccarat_bet02_101_all_pairs_incl_sentinel,round_win = game_pnl > 0 (decisive only),COMPATIBILITY_ONLY_NOT_PRODUCTION,3531.1074,3186.9459,-61.3435,165,155,0.01737231,-0.08396430,0.07775956,0.01737231,61.3435,3531.1074,OK,0.0000,-2.4537,4.0000,96.0000,AG03-UNRESOLVED,ALL5_LEVELS_bet23_to_bet27,-2.4537,-2.4537,-2.4537,0.0000,0.0000,4.000000,4.000000,4.000000,0.000000,0.000000,96.000000,96.000000,96.000000,100.000000,100.000000,5.0,-7.3612,-7.0707,-53.9823,-54.2728,PENDING_AG03,FALSE,NOT_FOR_ENFORCEMENT,-58.8898,3059.4680,-61.3435,-58.8898,-2.4537,-0.01737231,-0.01667742,-2.4537,-58.8898,-0.01667742,-2.4537,-2.4537,-2.4537,0.0000,0.0000,-58.8898,-0.01667742,-7.3612,-7.0707,-53.9823,-54.2728,-0.01528763,-0.01536991,-0.00069489,21.4007,20.5609,-0.3958,-1.7527,-1.0762,100.8888,4.4286,20.6017,21.9069,12.9729,20.7566,25.8178,38.5733,41.3596,51.6049,20.5724,0.0,1.992603,2.486194,1.03103,12,42,29,5,0.37339730,-0.01737231,0.08396430,0E-8,0.000000,0.902534,0.000000,-0.16172386,2026-04-07,2026-08-04,35,57,56,120,0.291667,0.940417,0.962665,1.244658,,,,,,,,GLOBAL_BASELINE_NO_ENTITY_RANKING,,,NOT_APPLICABLE_GLOBAL_BASELINE,HF9g-P5,,,,X 全窗基线 · 不参与实体赏罚,3929481,393,A168_HF9F_20260827_0900,2026-08-27 09:00:00
2026-05-20,142812598,2142,0,23.3511493955,-23.3511493955,-23.3511493955,0E-7,1,1,0.50665070000000000,0.506650700000,-1.013391052207602,-1.013391052207602,-1.013391052207602,0E-17,ELIGIBLE,R03b_20260811_FULL_v1,L1_ELIGIBILITY,v2026-08-11,2026-03-21..2026-08-06,baccarat_bet02_101_all_pairs_incl_sentinel,round_win = game_pnl > 0 (decisive only),COMPATIBILITY_ONLY_NOT_PRODUCTION,3531.1074,3186.9459,-61.3435,165,155,0.01737231,-0.08396430,0.07775956,0.01737231,61.3435,3531.1074,OK,0.0000,-2.4537,4.0000,96.0000,AG03-UNRESOLVED,ALL5_LEVELS_bet23_to_bet27,-2.4537,-2.4537,-2.4537,0.0000,0.0000,4.000000,4.000000,4.000000,0.000000,0.000000,96.000000,96.000000,96.000000,100.000000,100.000000,5.0,-7.3612,-7.0707,-53.9823,-54.2728,PENDING_AG03,FALSE,NOT_FOR_ENFORCEMENT,-58.8898,3059.4680,-61.3435,-58.8898,-2.4537,-0.01737231,-0.01667742,-2.4537,-58.8898,-0.01667742,-2.4537,-2.4537,-2.4537,0.0000,0.0000,-58.8898,-0.01667742,-7.3612,-7.0707,-53.9823,-54.2728,-0.01528763,-0.01536991,-0.00069489,21.4007,20.5609,-0.3958,-1.7527,-1.0762,100.8888,4.4286,20.6017,21.9069,12.9729,20.7566,25.8178,38.5733,41.3596,51.6049,20.5724,0.0,1.992603,2.486194,1.03103,12,42,29,5,0.37339730,-0.01737231,0.08396430,0E-8,0.000000,0.902534,0.000000,-0.16172386,2026-04-07,2026-08-04,35,57,56,120,0.291667,0.940417,0.962665,1.244658,,,,,,,,GLOBAL_BASELINE_NO_ENTITY_RANKING,,,NOT_APPLICABLE_GLOBAL_BASELINE,HF9g-P5,,,,X 全窗基线 · 不参与实体赏罚,3929482,393,A168_HF9F_20260827_0900,2026-08-27 09:00:00
2026-05-26,142812598,2169,0,62.2697317212,-20.7565772404,-20.7565772404,0.5000000,2,2,0.49324550000000000,0.493245500000,0.01910635448239258,0.01910635448239258,0.01910635448239258,0E-17,ELIGIBLE,R03b_20260811_FULL_v1,L1_ELIGIBILITY,v2026-08-11,2026-03-21..2026-08-06,baccarat_bet02_101_all_pairs_incl_sentinel,round_win = game_pnl > 0 (decisive only),COMPATIBILITY_ONLY_NOT_PRODUCTION,3531.1074,3186.9459,-61.3435,165,155,0.01737231,-0.08396430,0.07775956,0.01737231,61.3435,3531.1074,OK,0.0000,-2.4537,4.0000,96.0000,AG03-UNRESOLVED,ALL5_LEVELS_bet23_to_bet27,-2.4537,-2.4537,-2.4537,0.0000,0.0000,4.000000,4.000000,4.000000,0.000000,0.000000,96.000000,96.000000,96.000000,100.000000,100.000000,5.0,-7.3612,-7.0707,-53.9823,-54.2728,PENDING_AG03,FALSE,NOT_FOR_ENFORCEMENT,-58.8898,3059.4680,-61.3435,-58.8898,-2.4537,-0.01737231,-0.01667742,-2.4537,-58.8898,-0.01667742,-2.4537,-2.4537,-2.4537,0.0000,0.0000,-58.8898,-0.01667742,-7.3612,-7.0707,-53.9823,-54.2728,-0.01528763,-0.01536991,-0.00069489,21.4007,20.5609,-0.3958,-1.7527,-1.0762,100.8888,4.4286,20.6017,21.9069,12.9729,20.7566,25.8178,38.5733,41.3596,51.6049,20.5724,0.0,1.992603,2.486194,1.03103,12,42,29,5,0.37339730,-0.01737231,0.08396430,0E-8,0.000000,0.902534,0.000000,-0.16172386,2026-04-07,2026-08-04,35,57,56,120,0.291667,0.940417,0.962665,1.244658,,,,,,,,GLOBAL_BASELINE_NO_ENTITY_RANKING,,,NOT_APPLICABLE_GLOBAL_BASELINE,HF9g-P5,,,,X 全窗基线 · 不参与实体赏罚,3929483,393,A168_HF9F_20260827_0900,2026-08-27 09:00:00
2026-05-28,142812598,1400,0,23.3511493955,-23.3511493955,-23.3511493955,0E-7,1,1,0.50665070000000000,0.506650700000,-1.013391052207602,-1.013391052207602,-1.013391052207602,0E-17,ELIGIBLE,R03b_20260811_FULL_v1,L1_ELIGIBILITY,v2026-08-11,2026-03-21..2026-08-06,baccarat_bet02_101_all_pairs_incl_sentinel,round_win = game_pnl > 0 (decisive only),COMPATIBILITY_ONLY_NOT_PRODUCTION,3531.1074,3186.9459,-61.3435,165,155,0.01737231,-0.08396430,0.07775956,0.01737231,61.3435,3531.1074,OK,0.0000,-2.4537,4.0000,96.0000,AG03-UNRESOLVED,ALL5_LEVELS_bet23_to_bet27,-2.4537,-2.4537,-2.4537,0.0000,0.0000,4.000000,4.000000,4.000000,0.000000,0.000000,96.000000,96.000000,96.000000,100.000000,100.000000,5.0,-7.3612,-7.0707,-53.9823,-54.2728,PENDING_AG03,FALSE,NOT_FOR_ENFORCEMENT,-58.8898,3059.4680,-61.3435,-58.8898,-2.4537,-0.01737231,-0.01667742,-2.4537,-58.8898,-0.01667742,-2.4537,-2.4537,-2.4537,0.0000,0.0000,-58.8898,-0.01667742,-7.3612,-7.0707,-53.9823,-54.2728,-0.01528763,-0.01536991,-0.00069489,21.4007,20.5609,-0.3958,-1.7527,-1.0762,100.8888,4.4286,20.6017,21.9069,12.9729,20.7566,25.8178,38.5733,41.3596,51.6049,20.5724,0.0,1.992603,2.486194,1.03103,12,42,29,5,0.37339730,-0.01737231,0.08396430,0E-8,0.000000,0.902534,0.000000,-0.16172386,2026-04-07,2026-08-04,35,57,56,120,0.291667,0.940417,0.962665,1.244658,,,,,,,,GLOBAL_BASELINE_NO_ENTITY_RANKING,,,NOT_APPLICABLE_GLOBAL_BASELINE,HF9g-P5,,,,X 全窗基线 · 不参与实体赏罚,3929484,393,A168_HF9F_20260827_0900,2026-08-27 09:00:00
2026-05-31,142812598,1384,0,20.7565772404,-20.7565772404,-20.7565772404,0E-7,1,1,0.49324550000000000,0.493245500000,-0.9865810262130424,-0.9865810262130424,-0.9865810262130424,0E-17,ELIGIBLE,R03b_20260811_FULL_v1,L1_ELIGIBILITY,v2026-08-11,2026-03-21..2026-08-06,baccarat_bet02_101_all_pairs_incl_sentinel,round_win = game_pnl > 0 (decisive only),COMPATIBILITY_ONLY_NOT_PRODUCTION,3531.1074,3186.9459,-61.3435,165,155,0.01737231,-0.08396430,0.07775956,0.01737231,61.3435,3531.1074,OK,0.0000,-2.4537,4.0000,96.0000,AG03-UNRESOLVED,ALL5_LEVELS_bet23_to_bet27,-2.4537,-2.4537,-2.4537,0.0000,0.0000,4.000000,4.000000,4.000000,0.000000,0.000000,96.000000,96.000000,96.000000,100.000000,100.000000,5.0,-7.3612,-7.0707,-53.9823,-54.2728,PENDING_AG03,FALSE,NOT_FOR_ENFORCEMENT,-58.8898,3059.4680,-61.3435,-58.8898,-2.4537,-0.01737231,-0.01667742,-2.4537,-58.8898,-0.01667742,-2.4537,-2.4537,-2.4537,0.0000,0.0000,-58.8898,-0.01667742,-7.3612,-7.0707,-53.9823,-54.2728,-0.01528763,-0.01536991,-0.00069489,21.4007,20.5609,-0.3958,-1.7527,-1.0762,100.8888,4.4286,20.6017,21.9069,12.9729,20.7566,25.8178,38.5733,41.3596,51.6049,20.5724,0.0,1.992603,2.486194,1.03103,12,42,29,5,0.37339730,-0.01737231,0.08396430,0E-8,0.000000,0.902534,0.000000,-0.16172386,2026-04-07,2026-08-04,35,57,56,120,0.291667,0.940417,0.962665,1.244658,,,,,,,,GLOBAL_BASELINE_NO_ENTITY_RANKING,,,NOT_APPLICABLE_GLOBAL_BASELINE,HF9g-P5,,,,X 全窗基线 · 不参与实体赏罚,3929485,393,A168_HF9F_20260827_0900,2026-08-27 09:00:00
2026-06-02,142812598,2088,0,18.7723403708,14.6578548101,14.6578548101,1.0000000,2,2,0.49994810000000000,0.499948100000,1.0001038053877793,1.0001038053877793,1.0001038053877793,0E-17,ELIGIBLE,R03b_20260811_FULL_v1,L1_ELIGIBILITY,v2026-08-11,2026-03-21..2026-08-06,baccarat_bet02_101_all_pairs_incl_sentinel,round_win = game_pnl > 0 (decisive only),COMPATIBILITY_ONLY_NOT_PRODUCTION,3531.1074,3186.9459,-61.3435,165,155,0.01737231,-0.08396430,0.07775956,0.01737231,61.3435,3531.1074,OK,0.0000,-2.4537,4.0000,96.0000,AG03-UNRESOLVED,ALL5_LEVELS_bet23_to_bet27,-2.4537,-2.4537,-2.4537,0.0000,0.0000,4.000000,4.000000,4.000000,0.000000,0.000000,96.000000,96.000000,96.000000,100.000000,100.000000,5.0,-7.3612,-7.0707,-53.9823,-54.2728,PENDING_AG03,FALSE,NOT_FOR_ENFORCEMENT,-58.8898,3059.4680,-61.3435,-58.8898,-2.4537,-0.01737231,-0.01667742,-2.4537,-58.8898,-0.01667742,-2.4537,-2.4537,-2.4537,0.0000,0.0000,-58.8898,-0.01667742,-7.3612,-7.0707,-53.9823,-54.2728,-0.01528763,-0.01536991,-0.00069489,21.4007,20.5609,-0.3958,-1.7527,-1.0762,100.8888,4.4286,20.6017,21.9069,12.9729,20.7566,25.8178,38.5733,41.3596,51.6049,20.5724,0.0,1.992603,2.486194,1.03103,12,42,29,5,0.37339730,-0.01737231,0.08396430,0E-8,0.000000,0.902534,0.000000,-0.16172386,2026-04-07,2026-08-04,35,57,56,120,0.291667,0.940417,0.962665,1.244658,,,,,,,,GLOBAL_BASELINE_NO_ENTITY_RANKING,,,NOT_APPLICABLE_GLOBAL_BASELINE,HF9g-P5,,,,X 全窗基线 · 不参与实体赏罚,3929486,393,A168_HF9F_20260827_0900,2026-08-27 09:00:00
2026-06-02,142812598,2252,0,3.3430195181,-3.3430195181,-3.3430195181,0E-7,1,1,0.50665070000000000,0.506650700000,-1.013391052207602,-1.013391052207602,-1.013391052207602,0E-17,ELIGIBLE,R03b_20260811_FULL_v1,L1_ELIGIBILITY,v2026-08-11,2026-03-21..2026-08-06,baccarat_bet02_101_all_pairs_incl_sentinel,round_win = game_pnl > 0 (decisive only),COMPATIBILITY_ONLY_NOT_PRODUCTION,3531.1074,3186.9459,-61.3435,165,155,0.01737231,-0.08396430,0.07775956,0.01737231,61.3435,3531.1074,OK,0.0000,-2.4537,4.0000,96.0000,AG03-UNRESOLVED,ALL5_LEVELS_bet23_to_bet27,-2.4537,-2.4537,-2.4537,0.0000,0.0000,4.000000,4.000000,4.000000,0.000000,0.000000,96.000000,96.000000,96.000000,100.000000,100.000000,5.0,-7.3612,-7.0707,-53.9823,-54.2728,PENDING_AG03,FALSE,NOT_FOR_ENFORCEMENT,-58.8898,3059.4680,-61.3435,-58.8898,-2.4537,-0.01737231,-0.01667742,-2.4537,-58.8898,-0.01667742,-2.4537,-2.4537,-2.4537,0.0000,0.0000,-58.8898,-0.01667742,-7.3612,-7.0707,-53.9823,-54.2728,-0.01528763,-0.01536991,-0.00069489,21.4007,20.5609,-0.3958,-1.7527,-1.0762,100.8888,4.4286,20.6017,21.9069,12.9729,20.7566,25.8178,38.5733,41.3596,51.6049,20.5724,0.0,1.992603,2.486194,1.03103,12,42,29,5,0.37339730,-0.01737231,0.08396430,0E-8,0.000000,0.902534,0.000000,-0.16172386,2026-04-07,2026-08-04,35,57,56,120,0.291667,0.940417,0.962665,1.244658,,,,,,,,GLOBAL_BASELINE_NO_ENTITY_RANKING,,,NOT_APPLICABLE_GLOBAL_BASELINE,HF9g-P5,,,,X 全窗基线 · 不参与实体赏罚,3929487,393,A168_HF9F_20260827_0900,2026-08-27 09:00:00
2026-06-02,142812598,471,0,43.7164090827,2.5715534755,2.5715534755,0.5000000,2,2,0.49324550000000000,0.493245500000,0.01910635448239258,0.01910635448239258,0.01910635448239258,0E-17,ELIGIBLE,R03b_20260811_FULL_v1,L1_ELIGIBILITY,v2026-08-11,2026-03-21..2026-08-06,baccarat_bet02_101_all_pairs_incl_sentinel,round_win = game_pnl > 0 (decisive only),COMPATIBILITY_ONLY_NOT_PRODUCTION,3531.1074,3186.9459,-61.3435,165,155,0.01737231,-0.08396430,0.07775956,0.01737231,61.3435,3531.1074,OK,0.0000,-2.4537,4.0000,96.0000,AG03-UNRESOLVED,ALL5_LEVELS_bet23_to_bet27,-2.4537,-2.4537,-2.4537,0.0000,0.0000,4.000000,4.000000,4.000000,0.000000,0.000000,96.000000,96.000000,96.000000,100.000000,100.000000,5.0,-7.3612,-7.0707,-53.9823,-54.2728,PENDING_AG03,FALSE,NOT_FOR_ENFORCEMENT,-58.8898,3059.4680,-61.3435,-58.8898,-2.4537,-0.01737231,-0.01667742,-2.4537,-58.8898,-0.01667742,-2.4537,-2.4537,-2.4537,0.0000,0.0000,-58.8898,-0.01667742,-7.3612,-7.0707,-53.9823,-54.2728,-0.01528763,-0.01536991,-0.00069489,21.4007,20.5609,-0.3958,-1.7527,-1.0762,100.8888,4.4286,20.6017,21.9069,12.9729,20.7566,25.8178,38.5733,41.3596,51.6049,20.5724,0.0,1.992603,2.486194,1.03103,12,42,29,5,0.37339730,-0.01737231,0.08396430,0E-8,0.000000,0.902534,0.000000,-0.16172386,2026-04-07,2026-08-04,35,57,56,120,0.291667,0.940417,0.962665,1.244658,,,,,,,,GLOBAL_BASELINE_NO_ENTITY_RANKING,,,NOT_APPLICABLE_GLOBAL_BASELINE,HF9g-P5,,,,X 全窗基线 · 不参与实体赏罚,3929488,393,A168_HF9F_20260827_0900,2026-08-27 09:00:00
2026-06-04,142812598,1210,0,10.2862139018,9.7719032067,9.7719032067,1.0000000,1,1,0.50665070000000000,0.506650700000,0.9867858985152569,0.9867858985152569,0.9867858985152569,0E-17,ELIGIBLE,R03b_20260811_FULL_v1,L1_ELIGIBILITY,v2026-08-11,2026-03-21..2026-08-06,baccarat_bet02_101_all_pairs_incl_sentinel,round_win = game_pnl > 0 (decisive only),COMPATIBILITY_ONLY_NOT_PRODUCTION,3531.1074,3186.9459,-61.3435,165,155,0.01737231,-0.08396430,0.07775956,0.01737231,61.3435,3531.1074,OK,0.0000,-2.4537,4.0000,96.0000,AG03-UNRESOLVED,ALL5_LEVELS_bet23_to_bet27,-2.4537,-2.4537,-2.4537,0.0000,0.0000,4.000000,4.000000,4.000000,0.000000,0.000000,96.000000,96.000000,96.000000,100.000000,100.000000,5.0,-7.3612,-7.0707,-53.9823,-54.2728,PENDING_AG03,FALSE,NOT_FOR_ENFORCEMENT,-58.8898,3059.4680,-61.3435,-58.8898,-2.4537,-0.01737231,-0.01667742,-2.4537,-58.8898,-0.01667742,-2.4537,-2.4537,-2.4537,0.0000,0.0000,-58.8898,-0.01667742,-7.3612,-7.0707,-53.9823,-54.2728,-0.01528763,-0.01536991,-0.00069489,21.4007,20.5609,-0.3958,-1.7527,-1.0762,100.8888,4.4286,20.6017,21.9069,12.9729,20.7566,25.8178,38.5733,41.3596,51.6049,20.5724,0.0,1.992603,2.486194,1.03103,12,42,29,5,0.37339730,-0.01737231,0.08396430,0E-8,0.000000,0.902534,0.000000,-0.16172386,2026-04-07,2026-08-04,35,57,56,120,0.291667,0.940417,0.962665,1.244658,,,,,,,,GLOBAL_BASELINE_NO_ENTITY_RANKING,,,NOT_APPLICABLE_GLOBAL_BASELINE,HF9g-P5,,,,X 全窗基线 · 不参与实体赏罚,3929489,393,A168_HF9F_20260827_0900,2026-08-27 09:00:00
2026-06-04,142812598,2170,0,20.5724278036,-20.5724278036,-20.5724278036,0E-7,1,1,0.50665070000000000,0.506650700000,-1.013391052207602,-1.013391052207602,-1.013391052207602,0E-17,ELIGIBLE,R03b_20260811_FULL_v1,L1_ELIGIBILITY,v2026-08-11,2026-03-21..2026-08-06,baccarat_bet02_101_all_pairs_incl_sentinel,round_win = game_pnl > 0 (decisive only),COMPATIBILITY_ONLY_NOT_PRODUCTION,3531.1074,3186.9459,-61.3435,165,155,0.01737231,-0.08396430,0.07775956,0.01737231,61.3435,3531.1074,OK,0.0000,-2.4537,4.0000,96.0000,AG03-UNRESOLVED,ALL5_LEVELS_bet23_to_bet27,-2.4537,-2.4537,-2.4537,0.0000,0.0000,4.000000,4.000000,4.000000,0.000000,0.000000,96.000000,96.000000,96.000000,100.000000,100.000000,5.0,-7.3612,-7.0707,-53.9823,-54.2728,PENDING_AG03,FALSE,NOT_FOR_ENFORCEMENT,-58.8898,3059.4680,-61.3435,-58.8898,-2.4537,-0.01737231,-0.01667742,-2.4537,-58.8898,-0.01667742,-2.4537,-2.4537,-2.4537,0.0000,0.0000,-58.8898,-0.01667742,-7.3612,-7.0707,-53.9823,-54.2728,-0.01528763,-0.01536991,-0.00069489,21.4007,20.5609,-0.3958,-1.7527,-1.0762,100.8888,4.4286,20.6017,21.9069,12.9729,20.7566,25.8178,38.5733,41.3596,51.6049,20.5724,0.0,1.992603,2.486194,1.03103,12,42,29,5,0.37339730,-0.01737231,0.08396430,0E-8,0.000000,0.902534,0.000000,-0.16172386,2026-04-07,2026-08-04,35,57,56,120,0.291667,0.940417,0.962665,1.244658,,,,,,,,GLOBAL_BASELINE_NO_ENTITY_RANKING,,,NOT_APPLICABLE_GLOBAL_BASELINE,HF9g-P5,,,,X 全窗基线 · 不参与实体赏罚,3929490,393,A168_HF9F_20260827_0900,2026-08-27 09:00:00
2026-06-07,142812598,2101,0,5.1431069509,-5.1431069509,-5.1431069509,0E-7,1,1,0.49324550000000000,0.493245500000,-0.9865810262130424,-0.9865810262130424,-0.9865810262130424,0E-17,ELIGIBLE,R03b_20260811_FULL_v1,L1_ELIGIBILITY,v2026-08-11,2026-03-21..2026-08-06,baccarat_bet02_101_all_pairs_incl_sentinel,round_win = game_pnl > 0 (decisive only),COMPATIBILITY_ONLY_NOT_PRODUCTION,3531.1074,3186.9459,-61.3435,165,155,0.01737231,-0.08396430,0.07775956,0.01737231,61.3435,3531.1074,OK,0.0000,-2.4537,4.0000,96.0000,AG03-UNRESOLVED,ALL5_LEVELS_bet23_to_bet27,-2.4537,-2.4537,-2.4537,0.0000,0.0000,4.000000,4.000000,4.000000,0.000000,0.000000,96.000000,96.000000,96.000000,100.000000,100.000000,5.0,-7.3612,-7.0707,-53.9823,-54.2728,PENDING_AG03,FALSE,NOT_FOR_ENFORCEMENT,-58.8898,3059.4680,-61.3435,-58.8898,-2.4537,-0.01737231,-0.01667742,-2.4537,-58.8898,-0.01667742,-2.4537,-2.4537,-2.4537,0.0000,0.0000,-58.8898,-0.01667742,-7.3612,-7.0707,-53.9823,-54.2728,-0.01528763,-0.01536991,-0.00069489,21.4007,20.5609,-0.3958,-1.7527,-1.0762,100.8888,4.4286,20.6017,21.9069,12.9729,20.7566,25.8178,38.5733,41.3596,51.6049,20.5724,0.0,1.992603,2.486194,1.03103,12,42,29,5,0.37339730,-0.01737231,0.08396430,0E-8,0.000000,0.902534,0.000000,-0.16172386,2026-04-07,2026-08-04,35,57,56,120,0.291667,0.940417,0.962665,1.244658,,,,,,,,GLOBAL_BASELINE_NO_ENTITY_RANKING,,,NOT_APPLICABLE_GLOBAL_BASELINE,HF9g-P5,,,,X 全窗基线 · 不参与实体赏罚,3929491,393,A168_HF9F_20260827_0900,2026-08-27 09:00:00
2026-06-11,142812598,1306,0,46.2879625582,-16.2007868954,-16.2007868954,0.5000000,2,2,0.49994810000000000,0.499948100000,0.00014679536856514622,0.00014679536856514622,0.00014679536856514622,0E-17,ELIGIBLE,R03b_20260811_FULL_v1,L1_ELIGIBILITY,v2026-08-11,2026-03-21..2026-08-06,baccarat_bet02_101_all_pairs_incl_sentinel,round_win = game_pnl > 0 (decisive only),COMPATIBILITY_ONLY_NOT_PRODUCTION,3531.1074,3186.9459,-61.3435,165,155,0.01737231,-0.08396430,0.07775956,0.01737231,61.3435,3531.1074,OK,0.0000,-2.4537,4.0000,96.0000,AG03-UNRESOLVED,ALL5_LEVELS_bet23_to_bet27,-2.4537,-2.4537,-2.4537,0.0000,0.0000,4.000000,4.000000,4.000000,0.000000,0.000000,96.000000,96.000000,96.000000,100.000000,100.000000,5.0,-7.3612,-7.0707,-53.9823,-54.2728,PENDING_AG03,FALSE,NOT_FOR_ENFORCEMENT,-58.8898,3059.4680,-61.3435,-58.8898,-2.4537,-0.01737231,-0.01667742,-2.4537,-58.8898,-0.01667742,-2.4537,-2.4537,-2.4537,0.0000,0.0000,-58.8898,-0.01667742,-7.3612,-7.0707,-53.9823,-54.2728,-0.01528763,-0.01536991,-0.00069489,21.4007,20.5609,-0.3958,-1.7527,-1.0762,100.8888,4.4286,20.6017,21.9069,12.9729,20.7566,25.8178,38.5733,41.3596,51.6049,20.5724,0.0,1.992603,2.486194,1.03103,12,42,29,5,0.37339730,-0.01737231,0.08396430,0E-8,0.000000,0.902534,0.000000,-0.16172386,2026-04-07,2026-08-04,35,57,56,120,0.291667,0.940417,0.962665,1.244658,,,,,,,,GLOBAL_BASELINE_NO_ENTITY_RANKING,,,NOT_APPLICABLE_GLOBAL_BASELINE,HF9g-P5,,,,X 全窗基线 · 不参与实体赏罚,3929492,393,A168_HF9F_20260827_0900,2026-08-27 09:00:00
2026-06-17,142812598,1331,0,23.1439812791,-23.1439812791,-23.1439812791,0E-7,1,1,0.49324550000000000,0.493245500000,-0.9865810262130424,-0.9865810262130424,-0.9865810262130424,0E-17,ELIGIBLE,R03b_20260811_FULL_v1,L1_ELIGIBILITY,v2026-08-11,2026-03-21..2026-08-06,baccarat_bet02_101_all_pairs_incl_sentinel,round_win = game_pnl > 0 (decisive only),COMPATIBILITY_ONLY_NOT_PRODUCTION,3531.1074,3186.9459,-61.3435,165,155,0.01737231,-0.08396430,0.07775956,0.01737231,61.3435,3531.1074,OK,0.0000,-2.4537,4.0000,96.0000,AG03-UNRESOLVED,ALL5_LEVELS_bet23_to_bet27,-2.4537,-2.4537,-2.4537,0.0000,0.0000,4.000000,4.000000,4.000000,0.000000,0.000000,96.000000,96.000000,96.000000,100.000000,100.000000,5.0,-7.3612,-7.0707,-53.9823,-54.2728,PENDING_AG03,FALSE,NOT_FOR_ENFORCEMENT,-58.8898,3059.4680,-61.3435,-58.8898,-2.4537,-0.01737231,-0.01667742,-2.4537,-58.8898,-0.01667742,-2.4537,-2.4537,-2.4537,0.0000,0.0000,-58.8898,-0.01667742,-7.3612,-7.0707,-53.9823,-54.2728,-0.01528763,-0.01536991,-0.00069489,21.4007,20.5609,-0.3958,-1.7527,-1.0762,100.8888,4.4286,20.6017,21.9069,12.9729,20.7566,25.8178,38.5733,41.3596,51.6049,20.5724,0.0,1.992603,2.486194,1.03103,12,42,29,5,0.37339730,-0.01737231,0.08396430,0E-8,0.000000,0.902534,0.000000,-0.16172386,2026-04-07,2026-08-04,35,57,56,120,0.291667,0.940417,0.962665,1.244658,,,,,,,,GLOBAL_BASELINE_NO_ENTITY_RANKING,,,NOT_APPLICABLE_GLOBAL_BASELINE,HF9g-P5,,,,X 全窗基线 · 不参与实体赏罚,3929493,393,A168_HF9F_20260827_0900,2026-08-27 09:00:00
2026-06-17,142812598,2287,0,61.7172834109,59.6600406305,59.6600406305,1.0000000,2,2,0.49994810000000000,0.499948100000,1.4143603653603398,1.4143603653603398,1.4143603653603398,0E-17,ELIGIBLE,R03b_20260811_FULL_v1,L1_ELIGIBILITY,v2026-08-11,2026-03-21..2026-08-06,baccarat_bet02_101_all_pairs_incl_sentinel,round_win = game_pnl > 0 (decisive only),COMPATIBILITY_ONLY_NOT_PRODUCTION,3531.1074,3186.9459,-61.3435,165,155,0.01737231,-0.08396430,0.07775956,0.01737231,61.3435,3531.1074,OK,0.0000,-2.4537,4.0000,96.0000,AG03-UNRESOLVED,ALL5_LEVELS_bet23_to_bet27,-2.4537,-2.4537,-2.4537,0.0000,0.0000,4.000000,4.000000,4.000000,0.000000,0.000000,96.000000,96.000000,96.000000,100.000000,100.000000,5.0,-7.3612,-7.0707,-53.9823,-54.2728,PENDING_AG03,FALSE,NOT_FOR_ENFORCEMENT,-58.8898,3059.4680,-61.3435,-58.8898,-2.4537,-0.01737231,-0.01667742,-2.4537,-58.8898,-0.01667742,-2.4537,-2.4537,-2.4537,0.0000,0.0000,-58.8898,-0.01667742,-7.3612,-7.0707,-53.9823,-54.2728,-0.01528763,-0.01536991,-0.00069489,21.4007,20.5609,-0.3958,-1.7527,-1.0762,100.8888,4.4286,20.6017,21.9069,12.9729,20.7566,25.8178,38.5733,41.3596,51.6049,20.5724,0.0,1.992603,2.486194,1.03103,12,42,29,5,0.37339730,-0.01737231,0.08396430,0E-8,0.000000,0.902534,0.000000,-0.16172386,2026-04-07,2026-08-04,35,57,56,120,0.291667,0.940417,0.962665,1.244658,,,,,,,,GLOBAL_BASELINE_NO_ENTITY_RANKING,,,NOT_APPLICABLE_GLOBAL_BASELINE,HF9g-P5,,,,X 全窗基线 · 不参与实体赏罚,3929494,393,A168_HF9F_20260827_0900,2026-08-27 09:00:00
2026-06-19,142812598,1325,0,5.1431069509,-5.1431069509,-5.1431069509,0E-7,1,1,0.50665070000000000,0.506650700000,-1.013391052207602,-1.013391052207602,-1.013391052207602,0E-17,ELIGIBLE,R03b_20260811_FULL_v1,L1_ELIGIBILITY,v2026-08-11,2026-03-21..2026-08-06,baccarat_bet02_101_all_pairs_incl_sentinel,round_win = game_pnl > 0 (decisive only),COMPATIBILITY_ONLY_NOT_PRODUCTION,3531.1074,3186.9459,-61.3435,165,155,0.01737231,-0.08396430,0.07775956,0.01737231,61.3435,3531.1074,OK,0.0000,-2.4537,4.0000,96.0000,AG03-UNRESOLVED,ALL5_LEVELS_bet23_to_bet27,-2.4537,-2.4537,-2.4537,0.0000,0.0000,4.000000,4.000000,4.000000,0.000000,0.000000,96.000000,96.000000,96.000000,100.000000,100.000000,5.0,-7.3612,-7.0707,-53.9823,-54.2728,PENDING_AG03,FALSE,NOT_FOR_ENFORCEMENT,-58.8898,3059.4680,-61.3435,-58.8898,-2.4537,-0.01737231,-0.01667742,-2.4537,-58.8898,-0.01667742,-2.4537,-2.4537,-2.4537,0.0000,0.0000,-58.8898,-0.01667742,-7.3612,-7.0707,-53.9823,-54.2728,-0.01528763,-0.01536991,-0.00069489,21.4007,20.5609,-0.3958,-1.7527,-1.0762,100.8888,4.4286,20.6017,21.9069,12.9729,20.7566,25.8178,38.5733,41.3596,51.6049,20.5724,0.0,1.992603,2.486194,1.03103,12,42,29,5,0.37339730,-0.01737231,0.08396430,0E-8,0.000000,0.902534,0.000000,-0.16172386,2026-04-07,2026-08-04,35,57,56,120,0.291667,0.940417,0.962665,1.244658,,,,,,,,GLOBAL_BASELINE_NO_ENTITY_RANKING,,,NOT_APPLICABLE_GLOBAL_BASELINE,HF9g-P5,,,,X 全窗基线 · 不参与实体赏罚,3929495,393,A168_HF9F_20260827_0900,2026-08-27 09:00:00
2026-06-20,142812598,2153,0,41.1448556073,-5.1431069509,-5.1431069509,0.5000000,2,2,0.49324550000000000,0.493245500000,0.01910635448239258,0.01910635448239258,0.01910635448239258,0E-17,ELIGIBLE,R03b_20260811_FULL_v1,L1_ELIGIBILITY,v2026-08-11,2026-03-21..2026-08-06,baccarat_bet02_101_all_pairs_incl_sentinel,round_win = game_pnl > 0 (decisive only),COMPATIBILITY_ONLY_NOT_PRODUCTION,3531.1074,3186.9459,-61.3435,165,155,0.01737231,-0.08396430,0.07775956,0.01737231,61.3435,3531.1074,OK,0.0000,-2.4537,4.0000,96.0000,AG03-UNRESOLVED,ALL5_LEVELS_bet23_to_bet27,-2.4537,-2.4537,-2.4537,0.0000,0.0000,4.000000,4.000000,4.000000,0.000000,0.000000,96.000000,96.000000,96.000000,100.000000,100.000000,5.0,-7.3612,-7.0707,-53.9823,-54.2728,PENDING_AG03,FALSE,NOT_FOR_ENFORCEMENT,-58.8898,3059.4680,-61.3435,-58.8898,-2.4537,-0.01737231,-0.01667742,-2.4537,-58.8898,-0.01667742,-2.4537,-2.4537,-2.4537,0.0000,0.0000,-58.8898,-0.01667742,-7.3612,-7.0707,-53.9823,-54.2728,-0.01528763,-0.01536991,-0.00069489,21.4007,20.5609,-0.3958,-1.7527,-1.0762,100.8888,4.4286,20.6017,21.9069,12.9729,20.7566,25.8178,38.5733,41.3596,51.6049,20.5724,0.0,1.992603,2.486194,1.03103,12,42,29,5,0.37339730,-0.01737231,0.08396430,0E-8,0.000000,0.902534,0.000000,-0.16172386,2026-04-07,2026-08-04,35,57,56,120,0.291667,0.940417,0.962665,1.244658,,,,,,,,GLOBAL_BASELINE_NO_ENTITY_RANKING,,,NOT_APPLICABLE_GLOBAL_BASELINE,HF9g-P5,,,,X 全窗基线 · 不参与实体赏罚,3929496,393,A168_HF9F_20260827_0900,2026-08-27 09:00:00
2026-06-21,142812598,2153,0,162.0078689537,91.4187260525,91.4187260525,0.7500000,8,8,0.49994810000000000,0.499948100000,1.414507160728905,1.414507160728905,1.414507160728905,0E-17,ELIGIBLE,R03b_20260811_FULL_v1,L1_ELIGIBILITY,v2026-08-11,2026-03-21..2026-08-06,baccarat_bet02_101_all_pairs_incl_sentinel,round_win = game_pnl > 0 (decisive only),COMPATIBILITY_ONLY_NOT_PRODUCTION,3531.1074,3186.9459,-61.3435,165,155,0.01737231,-0.08396430,0.07775956,0.01737231,61.3435,3531.1074,OK,0.0000,-2.4537,4.0000,96.0000,AG03-UNRESOLVED,ALL5_LEVELS_bet23_to_bet27,-2.4537,-2.4537,-2.4537,0.0000,0.0000,4.000000,4.000000,4.000000,0.000000,0.000000,96.000000,96.000000,96.000000,100.000000,100.000000,5.0,-7.3612,-7.0707,-53.9823,-54.2728,PENDING_AG03,FALSE,NOT_FOR_ENFORCEMENT,-58.8898,3059.4680,-61.3435,-58.8898,-2.4537,-0.01737231,-0.01667742,-2.4537,-58.8898,-0.01667742,-2.4537,-2.4537,-2.4537,0.0000,0.0000,-58.8898,-0.01667742,-7.3612,-7.0707,-53.9823,-54.2728,-0.01528763,-0.01536991,-0.00069489,21.4007,20.5609,-0.3958,-1.7527,-1.0762,100.8888,4.4286,20.6017,21.9069,12.9729,20.7566,25.8178,38.5733,41.3596,51.6049,20.5724,0.0,1.992603,2.486194,1.03103,12,42,29,5,0.37339730,-0.01737231,0.08396430,0E-8,0.000000,0.902534,0.000000,-0.16172386,2026-04-07,2026-08-04,35,57,56,120,0.291667,0.940417,0.962665,1.244658,,,,,,,,GLOBAL_BASELINE_NO_ENTITY_RANKING,,,NOT_APPLICABLE_GLOBAL_BASELINE,HF9g-P5,,,,X 全窗基线 · 不参与实体赏罚,3929497,393,A168_HF9F_20260827_0900,2026-08-27 09:00:00
2026-06-22,142812598,2169,0,79.7181577391,1.6715097591,1.6715097591,0.5000000,4,4,0.49659680000000000,0.496596800000,0.013613115331600182,0.013613115331600183,0.013613115331600182,0E-17,ELIGIBLE,R03b_20260811_FULL_v1,L1_ELIGIBILITY,v2026-08-11,2026-03-21..2026-08-06,baccarat_bet02_101_all_pairs_incl_sentinel,round_win = game_pnl > 0 (decisive only),COMPATIBILITY_ONLY_NOT_PRODUCTION,3531.1074,3186.9459,-61.3435,165,155,0.01737231,-0.08396430,0.07775956,0.01737231,61.3435,3531.1074,OK,0.0000,-2.4537,4.0000,96.0000,AG03-UNRESOLVED,ALL5_LEVELS_bet23_to_bet27,-2.4537,-2.4537,-2.4537,0.0000,0.0000,4.000000,4.000000,4.000000,0.000000,0.000000,96.000000,96.000000,96.000000,100.000000,100.000000,5.0,-7.3612,-7.0707,-53.9823,-54.2728,PENDING_AG03,FALSE,NOT_FOR_ENFORCEMENT,-58.8898,3059.4680,-61.3435,-58.8898,-2.4537,-0.01737231,-0.01667742,-2.4537,-58.8898,-0.01667742,-2.4537,-2.4537,-2.4537,0.0000,0.0000,-58.8898,-0.01667742,-7.3612,-7.0707,-53.9823,-54.2728,-0.01528763,-0.01536991,-0.00069489,21.4007,20.5609,-0.3958,-1.7527,-1.0762,100.8888,4.4286,20.6017,21.9069,12.9729,20.7566,25.8178,38.5733,41.3596,51.6049,20.5724,0.0,1.992603,2.486194,1.03103,12,42,29,5,0.37339730,-0.01737231,0.08396430,0E-8,0.000000,0.902534,0.000000,-0.16172386,2026-04-07,2026-08-04,35,57,56,120,0.291667,0.940417,0.962665,1.244658,,,,,,,,GLOBAL_BASELINE_NO_ENTITY_RANKING,,,NOT_APPLICABLE_GLOBAL_BASELINE,HF9g-P5,,,,X 全窗基线 · 不参与实体赏罚,3929498,393,A168_HF9F_20260827_0900,2026-08-27 09:00:00
2026-06-23,142812598,1306,0,56.5741764600,13.6292334199,13.6292334199,0.6666667,3,3,0.50218230000000000,0.502182300000,0.5697959874915163,0.5697959874915164,0.5697959874915163,0E-17,ELIGIBLE,R03b_20260811_FULL_v1,L1_ELIGIBILITY,v2026-08-11,2026-03-21..2026-08-06,baccarat_bet02_101_all_pairs_incl_sentinel,round_win = game_pnl > 0 (decisive only),COMPATIBILITY_ONLY_NOT_PRODUCTION,3531.1074,3186.9459,-61.3435,165,155,0.01737231,-0.08396430,0.07775956,0.01737231,61.3435,3531.1074,OK,0.0000,-2.4537,4.0000,96.0000,AG03-UNRESOLVED,ALL5_LEVELS_bet23_to_bet27,-2.4537,-2.4537,-2.4537,0.0000,0.0000,4.000000,4.000000,4.000000,0.000000,0.000000,96.000000,96.000000,96.000000,100.000000,100.000000,5.0,-7.3612,-7.0707,-53.9823,-54.2728,PENDING_AG03,FALSE,NOT_FOR_ENFORCEMENT,-58.8898,3059.4680,-61.3435,-58.8898,-2.4537,-0.01737231,-0.01667742,-2.4537,-58.8898,-0.01667742,-2.4537,-2.4537,-2.4537,0.0000,0.0000,-58.8898,-0.01667742,-7.3612,-7.0707,-53.9823,-54.2728,-0.01528763,-0.01536991,-0.00069489,21.4007,20.5609,-0.3958,-1.7527,-1.0762,100.8888,4.4286,20.6017,21.9069,12.9729,20.7566,25.8178,38.5733,41.3596,51.6049,20.5724,0.0,1.992603,2.486194,1.03103,12,42,29,5,0.37339730,-0.01737231,0.08396430,0E-8,0.000000,0.902534,0.000000,-0.16172386,2026-04-07,2026-08-04,35,57,56,120,0.291667,0.940417,0.962665,1.244658,,,,,,,,GLOBAL_BASELINE_NO_ENTITY_RANKING,,,NOT_APPLICABLE_GLOBAL_BASELINE,HF9g-P5,,,,X 全窗基线 · 不参与实体赏罚,3929499,393,A168_HF9F_20260827_0900,2026-08-27 09:00:00
2026-06-23,142812598,1646,0,25.7155347545,-25.7155347545,-25.7155347545,0E-7,1,1,0.49324550000000000,0.493245500000,-0.9865810262130424,-0.9865810262130424,-0.9865810262130424,0E-17,ELIGIBLE,R03b_20260811_FULL_v1,L1_ELIGIBILITY,v2026-08-11,2026-03-21..2026-08-06,baccarat_bet02_101_all_pairs_incl_sentinel,round_win = game_pnl > 0 (decisive only),COMPATIBILITY_ONLY_NOT_PRODUCTION,3531.1074,3186.9459,-61.3435,165,155,0.01737231,-0.08396430,0.07775956,0.01737231,61.3435,3531.1074,OK,0.0000,-2.4537,4.0000,96.0000,AG03-UNRESOLVED,ALL5_LEVELS_bet23_to_bet27,-2.4537,-2.4537,-2.4537,0.0000,0.0000,4.000000,4.000000,4.000000,0.000000,0.000000,96.000000,96.000000,96.000000,100.000000,100.000000,5.0,-7.3612,-7.0707,-53.9823,-54.2728,PENDING_AG03,FALSE,NOT_FOR_ENFORCEMENT,-58.8898,3059.4680,-61.3435,-58.8898,-2.4537,-0.01737231,-0.01667742,-2.4537,-58.8898,-0.01667742,-2.4537,-2.4537,-2.4537,0.0000,0.0000,-58.8898,-0.01667742,-7.3612,-7.0707,-53.9823,-54.2728,-0.01528763,-0.01536991,-0.00069489,21.4007,20.5609,-0.3958,-1.7527,-1.0762,100.8888,4.4286,20.6017,21.9069,12.9729,20.7566,25.8178,38.5733,41.3596,51.6049,20.5724,0.0,1.992603,2.486194,1.03103,12,42,29,5,0.37339730,-0.01737231,0.08396430,0E-8,0.000000,0.902534,0.000000,-0.16172386,2026-04-07,2026-08-04,35,57,56,120,0.291667,0.940417,0.962665,1.244658,,,,,,,,GLOBAL_BASELINE_NO_ENTITY_RANKING,,,NOT_APPLICABLE_GLOBAL_BASELINE,HF9g-P5,,,,X 全窗基线 · 不参与实体赏罚,3929500,393,A168_HF9F_20260827_0900,2026-08-27 09:00:00
2026-06-23,142812598,1940,0,95.1474785918,90.3901046622,90.3901046622,1.0000000,2,2,0.50665070000000000,0.506650700000,1.3955260008387969,1.3955260008387969,1.3955260008387969,0E-17,ELIGIBLE,R03b_20260811_FULL_v1,L1_ELIGIBILITY,v2026-08-11,2026-03-21..2026-08-06,baccarat_bet02_101_all_pairs_incl_sentinel,round_win = game_pnl > 0 (decisive only),COMPATIBILITY_ONLY_NOT_PRODUCTION,3531.1074,3186.9459,-61.3435,165,155,0.01737231,-0.08396430,0.07775956,0.01737231,61.3435,3531.1074,OK,0.0000,-2.4537,4.0000,96.0000,AG03-UNRESOLVED,ALL5_LEVELS_bet23_to_bet27,-2.4537,-2.4537,-2.4537,0.0000,0.0000,4.000000,4.000000,4.000000,0.000000,0.000000,96.000000,96.000000,96.000000,100.000000,100.000000,5.0,-7.3612,-7.0707,-53.9823,-54.2728,PENDING_AG03,FALSE,NOT_FOR_ENFORCEMENT,-58.8898,3059.4680,-61.3435,-58.8898,-2.4537,-0.01737231,-0.01667742,-2.4537,-58.8898,-0.01667742,-2.4537,-2.4537,-2.4537,0.0000,0.0000,-58.8898,-0.01667742,-7.3612,-7.0707,-53.9823,-54.2728,-0.01528763,-0.01536991,-0.00069489,21.4007,20.5609,-0.3958,-1.7527,-1.0762,100.8888,4.4286,20.6017,21.9069,12.9729,20.7566,25.8178,38.5733,41.3596,51.6049,20.5724,0.0,1.992603,2.486194,1.03103,12,42,29,5,0.37339730,-0.01737231,0.08396430,0E-8,0.000000,0.902534,0.000000,-0.16172386,2026-04-07,2026-08-04,35,57,56,120,0.291667,0.940417,0.962665,1.244658,,,,,,,,GLOBAL_BASELINE_NO_ENTITY_RANKING,,,NOT_APPLICABLE_GLOBAL_BASELINE,HF9g-P5,,,,X 全窗基线 · 不参与实体赏罚,3929501,393,A168_HF9F_20260827_0900,2026-08-27 09:00:00
2026-06-23,142812598,2106,0,128.5776737727,64.5459922338,64.5459922338,0.8000000,6,6,0.49994810000000000,0.499948100000,1.3418728975849028,1.3418728975849028,1.3418728975849028,0E-17,ELIGIBLE,R03b_20260811_FULL_v1,L1_ELIGIBILITY,v2026-08-11,2026-03-21..2026-08-06,baccarat_bet02_101_all_pairs_incl_sentinel,round_win = game_pnl > 0 (decisive only),COMPATIBILITY_ONLY_NOT_PRODUCTION,3531.1074,3186.9459,-61.3435,165,155,0.01737231,-0.08396430,0.07775956,0.01737231,61.3435,3531.1074,OK,0.0000,-2.4537,4.0000,96.0000,AG03-UNRESOLVED,ALL5_LEVELS_bet23_to_bet27,-2.4537,-2.4537,-2.4537,0.0000,0.0000,4.000000,4.000000,4.000000,0.000000,0.000000,96.000000,96.000000,96.000000,100.000000,100.000000,5.0,-7.3612,-7.0707,-53.9823,-54.2728,PENDING_AG03,FALSE,NOT_FOR_ENFORCEMENT,-58.8898,3059.4680,-61.3435,-58.8898,-2.4537,-0.01737231,-0.01667742,-2.4537,-58.8898,-0.01667742,-2.4537,-2.4537,-2.4537,0.0000,0.0000,-58.8898,-0.01667742,-7.3612,-7.0707,-53.9823,-54.2728,-0.01528763,-0.01536991,-0.00069489,21.4007,20.5609,-0.3958,-1.7527,-1.0762,100.8888,4.4286,20.6017,21.9069,12.9729,20.7566,25.8178,38.5733,41.3596,51.6049,20.5724,0.0,1.992603,2.486194,1.03103,12,42,29,5,0.37339730,-0.01737231,0.08396430,0E-8,0.000000,0.902534,0.000000,-0.16172386,2026-04-07,2026-08-04,35,57,56,120,0.291667,0.940417,0.962665,1.244658,,,,,,,,GLOBAL_BASELINE_NO_ENTITY_RANKING,,,NOT_APPLICABLE_GLOBAL_BASELINE,HF9g-P5,,,,X 全窗基线 · 不参与实体赏罚,3929502,393,A168_HF9F_20260827_0900,2026-08-27 09:00:00
2026-06-26,142812598,2252,0,20.5724278036,-20.5724278036,-20.5724278036,0E-7,1,1,0.50665070000000000,0.506650700000,-1.013391052207602,-1.013391052207602,-1.013391052207602,0E-17,ELIGIBLE,R03b_20260811_FULL_v1,L1_ELIGIBILITY,v2026-08-11,2026-03-21..2026-08-06,baccarat_bet02_101_all_pairs_incl_sentinel,round_win = game_pnl > 0 (decisive only),COMPATIBILITY_ONLY_NOT_PRODUCTION,3531.1074,3186.9459,-61.3435,165,155,0.01737231,-0.08396430,0.07775956,0.01737231,61.3435,3531.1074,OK,0.0000,-2.4537,4.0000,96.0000,AG03-UNRESOLVED,ALL5_LEVELS_bet23_to_bet27,-2.4537,-2.4537,-2.4537,0.0000,0.0000,4.000000,4.000000,4.000000,0.000000,0.000000,96.000000,96.000000,96.000000,100.000000,100.000000,5.0,-7.3612,-7.0707,-53.9823,-54.2728,PENDING_AG03,FALSE,NOT_FOR_ENFORCEMENT,-58.8898,3059.4680,-61.3435,-58.8898,-2.4537,-0.01737231,-0.01667742,-2.4537,-58.8898,-0.01667742,-2.4537,-2.4537,-2.4537,0.0000,0.0000,-58.8898,-0.01667742,-7.3612,-7.0707,-53.9823,-54.2728,-0.01528763,-0.01536991,-0.00069489,21.4007,20.5609,-0.3958,-1.7527,-1.0762,100.8888,4.4286,20.6017,21.9069,12.9729,20.7566,25.8178,38.5733,41.3596,51.6049,20.5724,0.0,1.992603,2.486194,1.03103,12,42,29,5,0.37339730,-0.01737231,0.08396430,0E-8,0.000000,0.902534,0.000000,-0.16172386,2026-04-07,2026-08-04,35,57,56,120,0.291667,0.940417,0.962665,1.244658,,,,,,,,GLOBAL_BASELINE_NO_ENTITY_RANKING,,,NOT_APPLICABLE_GLOBAL_BASELINE,HF9g-P5,,,,X 全窗基线 · 不参与实体赏罚,3929503,393,A168_HF9F_20260827_0900,2026-08-27 09:00:00
2026-07-04,142812598,1330,0,121.3435571734,2.5817778122,2.5817778122,0.5000000,3,3,0.50218230000000000,0.502182300000,-0.00617253530718887,-0.00617253530718887,-0.00617253530718887,0E-17,ELIGIBLE,R03b_20260811_FULL_v1,L1_ELIGIBILITY,v2026-08-11,2026-03-21..2026-08-06,baccarat_bet02_101_all_pairs_incl_sentinel,round_win = game_pnl > 0 (decisive only),COMPATIBILITY_ONLY_NOT_PRODUCTION,3531.1074,3186.9459,-61.3435,165,155,0.01737231,-0.08396430,0.07775956,0.01737231,61.3435,3531.1074,OK,0.0000,-2.4537,4.0000,96.0000,AG03-UNRESOLVED,ALL5_LEVELS_bet23_to_bet27,-2.4537,-2.4537,-2.4537,0.0000,0.0000,4.000000,4.000000,4.000000,0.000000,0.000000,96.000000,96.000000,96.000000,100.000000,100.000000,5.0,-7.3612,-7.0707,-53.9823,-54.2728,PENDING_AG03,FALSE,NOT_FOR_ENFORCEMENT,-58.8898,3059.4680,-61.3435,-58.8898,-2.4537,-0.01737231,-0.01667742,-2.4537,-58.8898,-0.01667742,-2.4537,-2.4537,-2.4537,0.0000,0.0000,-58.8898,-0.01667742,-7.3612,-7.0707,-53.9823,-54.2728,-0.01528763,-0.01536991,-0.00069489,21.4007,20.5609,-0.3958,-1.7527,-1.0762,100.8888,4.4286,20.6017,21.9069,12.9729,20.7566,25.8178,38.5733,41.3596,51.6049,20.5724,0.0,1.992603,2.486194,1.03103,12,42,29,5,0.37339730,-0.01737231,0.08396430,0E-8,0.000000,0.902534,0.000000,-0.16172386,2026-04-07,2026-08-04,35,57,56,120,0.291667,0.940417,0.962665,1.244658,,,,,,,,GLOBAL_BASELINE_NO_ENTITY_RANKING,,,NOT_APPLICABLE_GLOBAL_BASELINE,HF9g-P5,,,,X 全窗基线 · 不参与实体赏罚,3929504,393,A168_HF9F_20260827_0900,2026-08-27 09:00:00
2026-07-04,142812598,1994,0,203.9604471638,67.9007564610,67.9007564610,0.7142857,7,7,0.50473567142857143,0.504735671429,1.1088843393366314,1.1088843393343726,1.1088843393366314,-4.2857E-13,ELIGIBLE,R03b_20260811_FULL_v1,L1_ELIGIBILITY,v2026-08-11,2026-03-21..2026-08-06,baccarat_bet02_101_all_pairs_incl_sentinel,round_win = game_pnl > 0 (decisive only),COMPATIBILITY_ONLY_NOT_PRODUCTION,3531.1074,3186.9459,-61.3435,165,155,0.01737231,-0.08396430,0.07775956,0.01737231,61.3435,3531.1074,OK,0.0000,-2.4537,4.0000,96.0000,AG03-UNRESOLVED,ALL5_LEVELS_bet23_to_bet27,-2.4537,-2.4537,-2.4537,0.0000,0.0000,4.000000,4.000000,4.000000,0.000000,0.000000,96.000000,96.000000,96.000000,100.000000,100.000000,5.0,-7.3612,-7.0707,-53.9823,-54.2728,PENDING_AG03,FALSE,NOT_FOR_ENFORCEMENT,-58.8898,3059.4680,-61.3435,-58.8898,-2.4537,-0.01737231,-0.01667742,-2.4537,-58.8898,-0.01667742,-2.4537,-2.4537,-2.4537,0.0000,0.0000,-58.8898,-0.01667742,-7.3612,-7.0707,-53.9823,-54.2728,-0.01528763,-0.01536991,-0.00069489,21.4007,20.5609,-0.3958,-1.7527,-1.0762,100.8888,4.4286,20.6017,21.9069,12.9729,20.7566,25.8178,38.5733,41.3596,51.6049,20.5724,0.0,1.992603,2.486194,1.03103,12,42,29,5,0.37339730,-0.01737231,0.08396430,0E-8,0.000000,0.902534,0.000000,-0.16172386,2026-04-07,2026-08-04,35,57,56,120,0.291667,0.940417,0.962665,1.244658,,,,,,,,GLOBAL_BASELINE_NO_ENTITY_RANKING,,,NOT_APPLICABLE_GLOBAL_BASELINE,HF9g-P5,,,,X 全窗基线 · 不参与实体赏罚,3929505,393,A168_HF9F_20260827_0900,2026-08-27 09:00:00
2026-07-05,142812598,1623,0,20.6542224976,20.6542224976,20.6542224976,1.0000000,1,1,0.49324550000000000,0.493245500000,1.01360149184955,1.01360149184955,1.01360149184955,0E-17,ELIGIBLE,R03b_20260811_FULL_v1,L1_ELIGIBILITY,v2026-08-11,2026-03-21..2026-08-06,baccarat_bet02_101_all_pairs_incl_sentinel,round_win = game_pnl > 0 (decisive only),COMPATIBILITY_ONLY_NOT_PRODUCTION,3531.1074,3186.9459,-61.3435,165,155,0.01737231,-0.08396430,0.07775956,0.01737231,61.3435,3531.1074,OK,0.0000,-2.4537,4.0000,96.0000,AG03-UNRESOLVED,ALL5_LEVELS_bet23_to_bet27,-2.4537,-2.4537,-2.4537,0.0000,0.0000,4.000000,4.000000,4.000000,0.000000,0.000000,96.000000,96.000000,96.000000,100.000000,100.000000,5.0,-7.3612,-7.0707,-53.9823,-54.2728,PENDING_AG03,FALSE,NOT_FOR_ENFORCEMENT,-58.8898,3059.4680,-61.3435,-58.8898,-2.4537,-0.01737231,-0.01667742,-2.4537,-58.8898,-0.01667742,-2.4537,-2.4537,-2.4537,0.0000,0.0000,-58.8898,-0.01667742,-7.3612,-7.0707,-53.9823,-54.2728,-0.01528763,-0.01536991,-0.00069489,21.4007,20.5609,-0.3958,-1.7527,-1.0762,100.8888,4.4286,20.6017,21.9069,12.9729,20.7566,25.8178,38.5733,41.3596,51.6049,20.5724,0.0,1.992603,2.486194,1.03103,12,42,29,5,0.37339730,-0.01737231,0.08396430,0E-8,0.000000,0.902534,0.000000,-0.16172386,2026-04-07,2026-08-04,35,57,56,120,0.291667,0.940417,0.962665,1.244658,,,,,,,,GLOBAL_BASELINE_NO_ENTITY_RANKING,,,NOT_APPLICABLE_GLOBAL_BASELINE,HF9g-P5,,,,X 全窗基线 · 不参与实体赏罚,3929506,393,A168_HF9F_20260827_0900,2026-08-27 09:00:00
2026-07-05,142812598,1942,0,77.4533343660,-51.6355562440,-51.6355562440,0.3333333,3,3,0.49324550000000000,0.493245500000,-0.5540025479526107,-0.5540025479526106,-0.5540025479526107,0E-17,ELIGIBLE,R03b_20260811_FULL_v1,L1_ELIGIBILITY,v2026-08-11,2026-03-21..2026-08-06,baccarat_bet02_101_all_pairs_incl_sentinel,round_win = game_pnl > 0 (decisive only),COMPATIBILITY_ONLY_NOT_PRODUCTION,3531.1074,3186.9459,-61.3435,165,155,0.01737231,-0.08396430,0.07775956,0.01737231,61.3435,3531.1074,OK,0.0000,-2.4537,4.0000,96.0000,AG03-UNRESOLVED,ALL5_LEVELS_bet23_to_bet27,-2.4537,-2.4537,-2.4537,0.0000,0.0000,4.000000,4.000000,4.000000,0.000000,0.000000,96.000000,96.000000,96.000000,100.000000,100.000000,5.0,-7.3612,-7.0707,-53.9823,-54.2728,PENDING_AG03,FALSE,NOT_FOR_ENFORCEMENT,-58.8898,3059.4680,-61.3435,-58.8898,-2.4537,-0.01737231,-0.01667742,-2.4537,-58.8898,-0.01667742,-2.4537,-2.4537,-2.4537,0.0000,0.0000,-58.8898,-0.01667742,-7.3612,-7.0707,-53.9823,-54.2728,-0.01528763,-0.01536991,-0.00069489,21.4007,20.5609,-0.3958,-1.7527,-1.0762,100.8888,4.4286,20.6017,21.9069,12.9729,20.7566,25.8178,38.5733,41.3596,51.6049,20.5724,0.0,1.992603,2.486194,1.03103,12,42,29,5,0.37339730,-0.01737231,0.08396430,0E-8,0.000000,0.902534,0.000000,-0.16172386,2026-04-07,2026-08-04,35,57,56,120,0.291667,0.940417,0.962665,1.244658,,,,,,,,GLOBAL_BASELINE_NO_ENTITY_RANKING,,,NOT_APPLICABLE_GLOBAL_BASELINE,HF9g-P5,,,,X 全窗基线 · 不参与实体赏罚,3929507,393,A168_HF9F_20260827_0900,2026-08-27 09:00:00
2026-07-05,142812598,2209,0,51.6355562440,-1.2908889061,-1.2908889061,0.5000000,2,2,0.50665070000000000,0.506650700000,-0.018812684590367487,-0.018812684590367487,-0.018812684590367487,0E-17,ELIGIBLE,R03b_20260811_FULL_v1,L1_ELIGIBILITY,v2026-08-11,2026-03-21..2026-08-06,baccarat_bet02_101_all_pairs_incl_sentinel,round_win = game_pnl > 0 (decisive only),COMPATIBILITY_ONLY_NOT_PRODUCTION,3531.1074,3186.9459,-61.3435,165,155,0.01737231,-0.08396430,0.07775956,0.01737231,61.3435,3531.1074,OK,0.0000,-2.4537,4.0000,96.0000,AG03-UNRESOLVED,ALL5_LEVELS_bet23_to_bet27,-2.4537,-2.4537,-2.4537,0.0000,0.0000,4.000000,4.000000,4.000000,0.000000,0.000000,96.000000,96.000000,96.000000,100.000000,100.000000,5.0,-7.3612,-7.0707,-53.9823,-54.2728,PENDING_AG03,FALSE,NOT_FOR_ENFORCEMENT,-58.8898,3059.4680,-61.3435,-58.8898,-2.4537,-0.01737231,-0.01667742,-2.4537,-58.8898,-0.01667742,-2.4537,-2.4537,-2.4537,0.0000,0.0000,-58.8898,-0.01667742,-7.3612,-7.0707,-53.9823,-54.2728,-0.01528763,-0.01536991,-0.00069489,21.4007,20.5609,-0.3958,-1.7527,-1.0762,100.8888,4.4286,20.6017,21.9069,12.9729,20.7566,25.8178,38.5733,41.3596,51.6049,20.5724,0.0,1.992603,2.486194,1.03103,12,42,29,5,0.37339730,-0.01737231,0.08396430,0E-8,0.000000,0.902534,0.000000,-0.16172386,2026-04-07,2026-08-04,35,57,56,120,0.291667,0.940417,0.962665,1.244658,,,,,,,,GLOBAL_BASELINE_NO_ENTITY_RANKING,,,NOT_APPLICABLE_GLOBAL_BASELINE,HF9g-P5,,,,X 全窗基线 · 不参与实体赏罚,3929508,393,A168_HF9F_20260827_0900,2026-08-27 09:00:00
2026-07-05,142812598,595,0,108.4346681124,64.0280897426,64.0280897426,0.7500000,4,4,0.49994810000000000,0.499948100000,1.0002076053883384,1.0002076053883384,1.0002076053883384,0E-17,ELIGIBLE,R03b_20260811_FULL_v1,L1_ELIGIBILITY,v2026-08-11,2026-03-21..2026-08-06,baccarat_bet02_101_all_pairs_incl_sentinel,round_win = game_pnl > 0 (decisive only),COMPATIBILITY_ONLY_NOT_PRODUCTION,3531.1074,3186.9459,-61.3435,165,155,0.01737231,-0.08396430,0.07775956,0.01737231,61.3435,3531.1074,OK,0.0000,-2.4537,4.0000,96.0000,AG03-UNRESOLVED,ALL5_LEVELS_bet23_to_bet27,-2.4537,-2.4537,-2.4537,0.0000,0.0000,4.000000,4.000000,4.000000,0.000000,0.000000,96.000000,96.000000,96.000000,100.000000,100.000000,5.0,-7.3612,-7.0707,-53.9823,-54.2728,PENDING_AG03,FALSE,NOT_FOR_ENFORCEMENT,-58.8898,3059.4680,-61.3435,-58.8898,-2.4537,-0.01737231,-0.01667742,-2.4537,-58.8898,-0.01667742,-2.4537,-2.4537,-2.4537,0.0000,0.0000,-58.8898,-0.01667742,-7.3612,-7.0707,-53.9823,-54.2728,-0.01528763,-0.01536991,-0.00069489,21.4007,20.5609,-0.3958,-1.7527,-1.0762,100.8888,4.4286,20.6017,21.9069,12.9729,20.7566,25.8178,38.5733,41.3596,51.6049,20.5724,0.0,1.992603,2.486194,1.03103,12,42,29,5,0.37339730,-0.01737231,0.08396430,0E-8,0.000000,0.902534,0.000000,-0.16172386,2026-04-07,2026-08-04,35,57,56,120,0.291667,0.940417,0.962665,1.244658,,,,,,,,GLOBAL_BASELINE_NO_ENTITY_RANKING,,,NOT_APPLICABLE_GLOBAL_BASELINE,HF9g-P5,,,,X 全窗基线 · 不参与实体赏罚,3929509,393,A168_HF9F_20260827_0900,2026-08-27 09:00:00
2026-07-08,142812598,2121,0,129.0888906100,-2.5817778122,-2.5817778122,0.5000000,5,5,0.50396966000000000,0.503969660000,-0.0158791404612453,-0.0158791404612453,-0.0158791404612453,0E-17,ELIGIBLE,R03b_20260811_FULL_v1,L1_ELIGIBILITY,v2026-08-11,2026-03-21..2026-08-06,baccarat_bet02_101_all_pairs_incl_sentinel,round_win = game_pnl > 0 (decisive only),COMPATIBILITY_ONLY_NOT_PRODUCTION,3531.1074,3186.9459,-61.3435,165,155,0.01737231,-0.08396430,0.07775956,0.01737231,61.3435,3531.1074,OK,0.0000,-2.4537,4.0000,96.0000,AG03-UNRESOLVED,ALL5_LEVELS_bet23_to_bet27,-2.4537,-2.4537,-2.4537,0.0000,0.0000,4.000000,4.000000,4.000000,0.000000,0.000000,96.000000,96.000000,96.000000,100.000000,100.000000,5.0,-7.3612,-7.0707,-53.9823,-54.2728,PENDING_AG03,FALSE,NOT_FOR_ENFORCEMENT,-58.8898,3059.4680,-61.3435,-58.8898,-2.4537,-0.01737231,-0.01667742,-2.4537,-58.8898,-0.01667742,-2.4537,-2.4537,-2.4537,0.0000,0.0000,-58.8898,-0.01667742,-7.3612,-7.0707,-53.9823,-54.2728,-0.01528763,-0.01536991,-0.00069489,21.4007,20.5609,-0.3958,-1.7527,-1.0762,100.8888,4.4286,20.6017,21.9069,12.9729,20.7566,25.8178,38.5733,41.3596,51.6049,20.5724,0.0,1.992603,2.486194,1.03103,12,42,29,5,0.37339730,-0.01737231,0.08396430,0E-8,0.000000,0.902534,0.000000,-0.16172386,2026-04-07,2026-08-04,35,57,56,120,0.291667,0.940417,0.962665,1.244658,,,,,,,,GLOBAL_BASELINE_NO_ENTITY_RANKING,,,NOT_APPLICABLE_GLOBAL_BASELINE,HF9g-P5,,,,X 全窗基线 · 不参与实体赏罚,3929510,393,A168_HF9F_20260827_0900,2026-08-27 09:00:00
2026-07-08,142812598,2252,0,23.2360003098,-23.2360003098,-23.2360003098,0E-7,1,1,0.49324550000000000,0.493245500000,-0.9865810262130424,-0.9865810262130424,-0.9865810262130424,0E-17,ELIGIBLE,R03b_20260811_FULL_v1,L1_ELIGIBILITY,v2026-08-11,2026-03-21..2026-08-06,baccarat_bet02_101_all_pairs_incl_sentinel,round_win = game_pnl > 0 (decisive only),COMPATIBILITY_ONLY_NOT_PRODUCTION,3531.1074,3186.9459,-61.3435,165,155,0.01737231,-0.08396430,0.07775956,0.01737231,61.3435,3531.1074,OK,0.0000,-2.4537,4.0000,96.0000,AG03-UNRESOLVED,ALL5_LEVELS_bet23_to_bet27,-2.4537,-2.4537,-2.4537,0.0000,0.0000,4.000000,4.000000,4.000000,0.000000,0.000000,96.000000,96.000000,96.000000,100.000000,100.000000,5.0,-7.3612,-7.0707,-53.9823,-54.2728,PENDING_AG03,FALSE,NOT_FOR_ENFORCEMENT,-58.8898,3059.4680,-61.3435,-58.8898,-2.4537,-0.01737231,-0.01667742,-2.4537,-58.8898,-0.01667742,-2.4537,-2.4537,-2.4537,0.0000,0.0000,-58.8898,-0.01667742,-7.3612,-7.0707,-53.9823,-54.2728,-0.01528763,-0.01536991,-0.00069489,21.4007,20.5609,-0.3958,-1.7527,-1.0762,100.8888,4.4286,20.6017,21.9069,12.9729,20.7566,25.8178,38.5733,41.3596,51.6049,20.5724,0.0,1.992603,2.486194,1.03103,12,42,29,5,0.37339730,-0.01737231,0.08396430,0E-8,0.000000,0.902534,0.000000,-0.16172386,2026-04-07,2026-08-04,35,57,56,120,0.291667,0.940417,0.962665,1.244658,,,,,,,,GLOBAL_BASELINE_NO_ENTITY_RANKING,,,NOT_APPLICABLE_GLOBAL_BASELINE,HF9g-P5,,,,X 全窗基线 · 不参与实体赏罚,3929511,393,A168_HF9F_20260827_0900,2026-08-27 09:00:00
2026-07-09,142812598,2130,0,134.2524462344,-38.5975782924,-38.5975782924,0.4285714,7,7,0.50473567142857143,0.504735671429,-0.403041368878626,-0.40304136888089725,-0.403041368878626,-4.2857E-13,ELIGIBLE,R03b_20260811_FULL_v1,L1_ELIGIBILITY,v2026-08-11,2026-03-21..2026-08-06,baccarat_bet02_101_all_pairs_incl_sentinel,round_win = game_pnl > 0 (decisive only),COMPATIBILITY_ONLY_NOT_PRODUCTION,3531.1074,3186.9459,-61.3435,165,155,0.01737231,-0.08396430,0.07775956,0.01737231,61.3435,3531.1074,OK,0.0000,-2.4537,4.0000,96.0000,AG03-UNRESOLVED,ALL5_LEVELS_bet23_to_bet27,-2.4537,-2.4537,-2.4537,0.0000,0.0000,4.000000,4.000000,4.000000,0.000000,0.000000,96.000000,96.000000,96.000000,100.000000,100.000000,5.0,-7.3612,-7.0707,-53.9823,-54.2728,PENDING_AG03,FALSE,NOT_FOR_ENFORCEMENT,-58.8898,3059.4680,-61.3435,-58.8898,-2.4537,-0.01737231,-0.01667742,-2.4537,-58.8898,-0.01667742,-2.4537,-2.4537,-2.4537,0.0000,0.0000,-58.8898,-0.01667742,-7.3612,-7.0707,-53.9823,-54.2728,-0.01528763,-0.01536991,-0.00069489,21.4007,20.5609,-0.3958,-1.7527,-1.0762,100.8888,4.4286,20.6017,21.9069,12.9729,20.7566,25.8178,38.5733,41.3596,51.6049,20.5724,0.0,1.992603,2.486194,1.03103,12,42,29,5,0.37339730,-0.01737231,0.08396430,0E-8,0.000000,0.902534,0.000000,-0.16172386,2026-04-07,2026-08-04,35,57,56,120,0.291667,0.940417,0.962665,1.244658,,,,,,,,GLOBAL_BASELINE_NO_ENTITY_RANKING,,,NOT_APPLICABLE_GLOBAL_BASELINE,HF9g-P5,,,,X 全窗基线 · 不参与实体赏罚,3929512,393,A168_HF9F_20260827_0900,2026-08-27 09:00:00
2026-07-11,142812598,526,0,131.6706684222,28.6577337154,28.6577337154,0.6000000,6,6,0.50218230000000000,0.502182300000,0.4374582199563857,0.4374582199563857,0.4374582199563857,0E-17,ELIGIBLE,R03b_20260811_FULL_v1,L1_ELIGIBILITY,v2026-08-11,2026-03-21..2026-08-06,baccarat_bet02_101_all_pairs_incl_sentinel,round_win = game_pnl > 0 (decisive only),COMPATIBILITY_ONLY_NOT_PRODUCTION,3531.1074,3186.9459,-61.3435,165,155,0.01737231,-0.08396430,0.07775956,0.01737231,61.3435,3531.1074,OK,0.0000,-2.4537,4.0000,96.0000,AG03-UNRESOLVED,ALL5_LEVELS_bet23_to_bet27,-2.4537,-2.4537,-2.4537,0.0000,0.0000,4.000000,4.000000,4.000000,0.000000,0.000000,96.000000,96.000000,96.000000,100.000000,100.000000,5.0,-7.3612,-7.0707,-53.9823,-54.2728,PENDING_AG03,FALSE,NOT_FOR_ENFORCEMENT,-58.8898,3059.4680,-61.3435,-58.8898,-2.4537,-0.01737231,-0.01667742,-2.4537,-58.8898,-0.01667742,-2.4537,-2.4537,-2.4537,0.0000,0.0000,-58.8898,-0.01667742,-7.3612,-7.0707,-53.9823,-54.2728,-0.01528763,-0.01536991,-0.00069489,21.4007,20.5609,-0.3958,-1.7527,-1.0762,100.8888,4.4286,20.6017,21.9069,12.9729,20.7566,25.8178,38.5733,41.3596,51.6049,20.5724,0.0,1.992603,2.486194,1.03103,12,42,29,5,0.37339730,-0.01737231,0.08396430,0E-8,0.000000,0.902534,0.000000,-0.16172386,2026-04-07,2026-08-04,35,57,56,120,0.291667,0.940417,0.962665,1.244658,,,,,,,,GLOBAL_BASELINE_NO_ENTITY_RANKING,,,NOT_APPLICABLE_GLOBAL_BASELINE,HF9g-P5,,,,X 全窗基线 · 不参与实体赏罚,3929513,393,A168_HF9F_20260827_0900,2026-08-27 09:00:00
2026-07-12,142812598,1396,0,12.9088890610,-12.9088890610,-12.9088890610,0E-7,1,1,0.49324550000000000,0.493245500000,-0.9865810262130424,-0.9865810262130424,-0.9865810262130424,0E-17,ELIGIBLE,R03b_20260811_FULL_v1,L1_ELIGIBILITY,v2026-08-11,2026-03-21..2026-08-06,baccarat_bet02_101_all_pairs_incl_sentinel,round_win = game_pnl > 0 (decisive only),COMPATIBILITY_ONLY_NOT_PRODUCTION,3531.1074,3186.9459,-61.3435,165,155,0.01737231,-0.08396430,0.07775956,0.01737231,61.3435,3531.1074,OK,0.0000,-2.4537,4.0000,96.0000,AG03-UNRESOLVED,ALL5_LEVELS_bet23_to_bet27,-2.4537,-2.4537,-2.4537,0.0000,0.0000,4.000000,4.000000,4.000000,0.000000,0.000000,96.000000,96.000000,96.000000,100.000000,100.000000,5.0,-7.3612,-7.0707,-53.9823,-54.2728,PENDING_AG03,FALSE,NOT_FOR_ENFORCEMENT,-58.8898,3059.4680,-61.3435,-58.8898,-2.4537,-0.01737231,-0.01667742,-2.4537,-58.8898,-0.01667742,-2.4537,-2.4537,-2.4537,0.0000,0.0000,-58.8898,-0.01667742,-7.3612,-7.0707,-53.9823,-54.2728,-0.01528763,-0.01536991,-0.00069489,21.4007,20.5609,-0.3958,-1.7527,-1.0762,100.8888,4.4286,20.6017,21.9069,12.9729,20.7566,25.8178,38.5733,41.3596,51.6049,20.5724,0.0,1.992603,2.486194,1.03103,12,42,29,5,0.37339730,-0.01737231,0.08396430,0E-8,0.000000,0.902534,0.000000,-0.16172386,2026-04-07,2026-08-04,35,57,56,120,0.291667,0.940417,0.962665,1.244658,,,,,,,,GLOBAL_BASELINE_NO_ENTITY_RANKING,,,NOT_APPLICABLE_GLOBAL_BASELINE,HF9g-P5,,,,X 全窗基线 · 不参与实体赏罚,3929514,393,A168_HF9F_20260827_0900,2026-08-27 09:00:00
2026-07-12,142812598,2141,0,61.9626674928,-10.9725557018,-10.9725557018,0.5000000,4,4,0.50329940000000000,0.503299400000,-0.009332315641528947,-0.009332315641528947,-0.009332315641528947,0E-17,ELIGIBLE,R03b_20260811_FULL_v1,L1_ELIGIBILITY,v2026-08-11,2026-03-21..2026-08-06,baccarat_bet02_101_all_pairs_incl_sentinel,round_win = game_pnl > 0 (decisive only),COMPATIBILITY_ONLY_NOT_PRODUCTION,3531.1074,3186.9459,-61.3435,165,155,0.01737231,-0.08396430,0.07775956,0.01737231,61.3435,3531.1074,OK,0.0000,-2.4537,4.0000,96.0000,AG03-UNRESOLVED,ALL5_LEVELS_bet23_to_bet27,-2.4537,-2.4537,-2.4537,0.0000,0.0000,4.000000,4.000000,4.000000,0.000000,0.000000,96.000000,96.000000,96.000000,100.000000,100.000000,5.0,-7.3612,-7.0707,-53.9823,-54.2728,PENDING_AG03,FALSE,NOT_FOR_ENFORCEMENT,-58.8898,3059.4680,-61.3435,-58.8898,-2.4537,-0.01737231,-0.01667742,-2.4537,-58.8898,-0.01667742,-2.4537,-2.4537,-2.4537,0.0000,0.0000,-58.8898,-0.01667742,-7.3612,-7.0707,-53.9823,-54.2728,-0.01528763,-0.01536991,-0.00069489,21.4007,20.5609,-0.3958,-1.7527,-1.0762,100.8888,4.4286,20.6017,21.9069,12.9729,20.7566,25.8178,38.5733,41.3596,51.6049,20.5724,0.0,1.992603,2.486194,1.03103,12,42,29,5,0.37339730,-0.01737231,0.08396430,0E-8,0.000000,0.902534,0.000000,-0.16172386,2026-04-07,2026-08-04,35,57,56,120,0.291667,0.940417,0.962665,1.244658,,,,,,,,GLOBAL_BASELINE_NO_ENTITY_RANKING,,,NOT_APPLICABLE_GLOBAL_BASELINE,HF9g-P5,,,,X 全窗基线 · 不参与实体赏罚,3929515,393,A168_HF9F_20260827_0900,2026-08-27 09:00:00
2026-07-12,142812598,986,0,23.2360003098,-23.2360003098,-23.2360003098,0E-7,1,1,0.50665070000000000,0.506650700000,-1.013391052207602,-1.013391052207602,-1.013391052207602,0E-17,ELIGIBLE,R03b_20260811_FULL_v1,L1_ELIGIBILITY,v2026-08-11,2026-03-21..2026-08-06,baccarat_bet02_101_all_pairs_incl_sentinel,round_win = game_pnl > 0 (decisive only),COMPATIBILITY_ONLY_NOT_PRODUCTION,3531.1074,3186.9459,-61.3435,165,155,0.01737231,-0.08396430,0.07775956,0.01737231,61.3435,3531.1074,OK,0.0000,-2.4537,4.0000,96.0000,AG03-UNRESOLVED,ALL5_LEVELS_bet23_to_bet27,-2.4537,-2.4537,-2.4537,0.0000,0.0000,4.000000,4.000000,4.000000,0.000000,0.000000,96.000000,96.000000,96.000000,100.000000,100.000000,5.0,-7.3612,-7.0707,-53.9823,-54.2728,PENDING_AG03,FALSE,NOT_FOR_ENFORCEMENT,-58.8898,3059.4680,-61.3435,-58.8898,-2.4537,-0.01737231,-0.01667742,-2.4537,-58.8898,-0.01667742,-2.4537,-2.4537,-2.4537,0.0000,0.0000,-58.8898,-0.01667742,-7.3612,-7.0707,-53.9823,-54.2728,-0.01528763,-0.01536991,-0.00069489,21.4007,20.5609,-0.3958,-1.7527,-1.0762,100.8888,4.4286,20.6017,21.9069,12.9729,20.7566,25.8178,38.5733,41.3596,51.6049,20.5724,0.0,1.992603,2.486194,1.03103,12,42,29,5,0.37339730,-0.01737231,0.08396430,0E-8,0.000000,0.902534,0.000000,-0.16172386,2026-04-07,2026-08-04,35,57,56,120,0.291667,0.940417,0.962665,1.244658,,,,,,,,GLOBAL_BASELINE_NO_ENTITY_RANKING,,,NOT_APPLICABLE_GLOBAL_BASELINE,HF9g-P5,,,,X 全窗基线 · 不参与实体赏罚,3929516,393,A168_HF9F_20260827_0900,2026-08-27 09:00:00
2026-07-22,142812598,1402,0,10.3271112488,-10.3271112488,-10.3271112488,0E-7,1,1,0.49324550000000000,0.493245500000,-0.9865810262130424,-0.9865810262130424,-0.9865810262130424,0E-17,ELIGIBLE,R03b_20260811_FULL_v1,L1_ELIGIBILITY,v2026-08-11,2026-03-21..2026-08-06,baccarat_bet02_101_all_pairs_incl_sentinel,round_win = game_pnl > 0 (decisive only),COMPATIBILITY_ONLY_NOT_PRODUCTION,3531.1074,3186.9459,-61.3435,165,155,0.01737231,-0.08396430,0.07775956,0.01737231,61.3435,3531.1074,OK,0.0000,-2.4537,4.0000,96.0000,AG03-UNRESOLVED,ALL5_LEVELS_bet23_to_bet27,-2.4537,-2.4537,-2.4537,0.0000,0.0000,4.000000,4.000000,4.000000,0.000000,0.000000,96.000000,96.000000,96.000000,100.000000,100.000000,5.0,-7.3612,-7.0707,-53.9823,-54.2728,PENDING_AG03,FALSE,NOT_FOR_ENFORCEMENT,-58.8898,3059.4680,-61.3435,-58.8898,-2.4537,-0.01737231,-0.01667742,-2.4537,-58.8898,-0.01667742,-2.4537,-2.4537,-2.4537,0.0000,0.0000,-58.8898,-0.01667742,-7.3612,-7.0707,-53.9823,-54.2728,-0.01528763,-0.01536991,-0.00069489,21.4007,20.5609,-0.3958,-1.7527,-1.0762,100.8888,4.4286,20.6017,21.9069,12.9729,20.7566,25.8178,38.5733,41.3596,51.6049,20.5724,0.0,1.992603,2.486194,1.03103,12,42,29,5,0.37339730,-0.01737231,0.08396430,0E-8,0.000000,0.902534,0.000000,-0.16172386,2026-04-07,2026-08-04,35,57,56,120,0.291667,0.940417,0.962665,1.244658,,,,,,,,GLOBAL_BASELINE_NO_ENTITY_RANKING,,,NOT_APPLICABLE_GLOBAL_BASELINE,HF9g-P5,,,,X 全窗基线 · 不参与实体赏罚,3929517,393,A168_HF9F_20260827_0900,2026-08-27 09:00:00
2026-07-23,142812598,1307,0,201.3786693516,112.6946015025,112.6946015025,0.8000000,8,8,0.44763121250000000,0.447631212500,1.584556350921778,1.584556350921778,1.584556350921778,0E-17,ELIGIBLE,R03b_20260811_FULL_v1,L1_ELIGIBILITY,v2026-08-11,2026-03-21..2026-08-06,baccarat_bet02_101_all_pairs_incl_sentinel,round_win = game_pnl > 0 (decisive only),COMPATIBILITY_ONLY_NOT_PRODUCTION,3531.1074,3186.9459,-61.3435,165,155,0.01737231,-0.08396430,0.07775956,0.01737231,61.3435,3531.1074,OK,0.0000,-2.4537,4.0000,96.0000,AG03-UNRESOLVED,ALL5_LEVELS_bet23_to_bet27,-2.4537,-2.4537,-2.4537,0.0000,0.0000,4.000000,4.000000,4.000000,0.000000,0.000000,96.000000,96.000000,96.000000,100.000000,100.000000,5.0,-7.3612,-7.0707,-53.9823,-54.2728,PENDING_AG03,FALSE,NOT_FOR_ENFORCEMENT,-58.8898,3059.4680,-61.3435,-58.8898,-2.4537,-0.01737231,-0.01667742,-2.4537,-58.8898,-0.01667742,-2.4537,-2.4537,-2.4537,0.0000,0.0000,-58.8898,-0.01667742,-7.3612,-7.0707,-53.9823,-54.2728,-0.01528763,-0.01536991,-0.00069489,21.4007,20.5609,-0.3958,-1.7527,-1.0762,100.8888,4.4286,20.6017,21.9069,12.9729,20.7566,25.8178,38.5733,41.3596,51.6049,20.5724,0.0,1.992603,2.486194,1.03103,12,42,29,5,0.37339730,-0.01737231,0.08396430,0E-8,0.000000,0.902534,0.000000,-0.16172386,2026-04-07,2026-08-04,35,57,56,120,0.291667,0.940417,0.962665,1.244658,,,,,,,,GLOBAL_BASELINE_NO_ENTITY_RANKING,,,NOT_APPLICABLE_GLOBAL_BASELINE,HF9g-P5,,,,X 全窗基线 · 不参与实体赏罚,3929518,393,A168_HF9F_20260827_0900,2026-08-27 09:00:00
2026-07-23,142812598,1402,0,193.6333359150,23.2360003098,23.2360003098,0.5000000,6,5,0.49771390000000000,0.497267060000,0.009144495583398339,0.010931923301438242,0.009144495583398339,0.00044684000000000,ELIGIBLE,R03b_20260811_FULL_v1,L1_ELIGIBILITY,v2026-08-11,2026-03-21..2026-08-06,baccarat_bet02_101_all_pairs_incl_sentinel,round_win = game_pnl > 0 (decisive only),COMPATIBILITY_ONLY_NOT_PRODUCTION,3531.1074,3186.9459,-61.3435,165,155,0.01737231,-0.08396430,0.07775956,0.01737231,61.3435,3531.1074,OK,0.0000,-2.4537,4.0000,96.0000,AG03-UNRESOLVED,ALL5_LEVELS_bet23_to_bet27,-2.4537,-2.4537,-2.4537,0.0000,0.0000,4.000000,4.000000,4.000000,0.000000,0.000000,96.000000,96.000000,96.000000,100.000000,100.000000,5.0,-7.3612,-7.0707,-53.9823,-54.2728,PENDING_AG03,FALSE,NOT_FOR_ENFORCEMENT,-58.8898,3059.4680,-61.3435,-58.8898,-2.4537,-0.01737231,-0.01667742,-2.4537,-58.8898,-0.01667742,-2.4537,-2.4537,-2.4537,0.0000,0.0000,-58.8898,-0.01667742,-7.3612,-7.0707,-53.9823,-54.2728,-0.01528763,-0.01536991,-0.00069489,21.4007,20.5609,-0.3958,-1.7527,-1.0762,100.8888,4.4286,20.6017,21.9069,12.9729,20.7566,25.8178,38.5733,41.3596,51.6049,20.5724,0.0,1.992603,2.486194,1.03103,12,42,29,5,0.37339730,-0.01737231,0.08396430,0E-8,0.000000,0.902534,0.000000,-0.16172386,2026-04-07,2026-08-04,35,57,56,120,0.291667,0.940417,0.962665,1.244658,,,,,,,,GLOBAL_BASELINE_NO_ENTITY_RANKING,,,NOT_APPLICABLE_GLOBAL_BASELINE,HF9g-P5,,,,X 全窗基线 · 不参与实体赏罚,3929519,393,A168_HF9F_20260827_0900,2026-08-27 09:00:00
2026-07-23,142812598,2196,0,77.4533343660,-51.6355562440,-51.6355562440,0E-7,4,2,0.28732322500000000,0.287323225000,-0.634949321119322,-0.634949321119322,-0.634949321119322,0E-17,ELIGIBLE,R03b_20260811_FULL_v1,L1_ELIGIBILITY,v2026-08-11,2026-03-21..2026-08-06,baccarat_bet02_101_all_pairs_incl_sentinel,round_win = game_pnl > 0 (decisive only),COMPATIBILITY_ONLY_NOT_PRODUCTION,3531.1074,3186.9459,-61.3435,165,155,0.01737231,-0.08396430,0.07775956,0.01737231,61.3435,3531.1074,OK,0.0000,-2.4537,4.0000,96.0000,AG03-UNRESOLVED,ALL5_LEVELS_bet23_to_bet27,-2.4537,-2.4537,-2.4537,0.0000,0.0000,4.000000,4.000000,4.000000,0.000000,0.000000,96.000000,96.000000,96.000000,100.000000,100.000000,5.0,-7.3612,-7.0707,-53.9823,-54.2728,PENDING_AG03,FALSE,NOT_FOR_ENFORCEMENT,-58.8898,3059.4680,-61.3435,-58.8898,-2.4537,-0.01737231,-0.01667742,-2.4537,-58.8898,-0.01667742,-2.4537,-2.4537,-2.4537,0.0000,0.0000,-58.8898,-0.01667742,-7.3612,-7.0707,-53.9823,-54.2728,-0.01528763,-0.01536991,-0.00069489,21.4007,20.5609,-0.3958,-1.7527,-1.0762,100.8888,4.4286,20.6017,21.9069,12.9729,20.7566,25.8178,38.5733,41.3596,51.6049,20.5724,0.0,1.992603,2.486194,1.03103,12,42,29,5,0.37339730,-0.01737231,0.08396430,0E-8,0.000000,0.902534,0.000000,-0.16172386,2026-04-07,2026-08-04,35,57,56,120,0.291667,0.940417,0.962665,1.244658,,,,,,,,GLOBAL_BASELINE_NO_ENTITY_RANKING,,,NOT_APPLICABLE_GLOBAL_BASELINE,HF9g-P5,,,,X 全窗基线 · 不参与实体赏罚,3929520,393,A168_HF9F_20260827_0900,2026-08-27 09:00:00
2026-07-25,142812598,2145,0,12.9088890610,-12.9088890610,-12.9088890610,0E-7,1,1,0.50665070000000000,0.506650700000,-1.013391052207602,-1.013391052207602,-1.013391052207602,0E-17,ELIGIBLE,R03b_20260811_FULL_v1,L1_ELIGIBILITY,v2026-08-11,2026-03-21..2026-08-06,baccarat_bet02_101_all_pairs_incl_sentinel,round_win = game_pnl > 0 (decisive only),COMPATIBILITY_ONLY_NOT_PRODUCTION,3531.1074,3186.9459,-61.3435,165,155,0.01737231,-0.08396430,0.07775956,0.01737231,61.3435,3531.1074,OK,0.0000,-2.4537,4.0000,96.0000,AG03-UNRESOLVED,ALL5_LEVELS_bet23_to_bet27,-2.4537,-2.4537,-2.4537,0.0000,0.0000,4.000000,4.000000,4.000000,0.000000,0.000000,96.000000,96.000000,96.000000,100.000000,100.000000,5.0,-7.3612,-7.0707,-53.9823,-54.2728,PENDING_AG03,FALSE,NOT_FOR_ENFORCEMENT,-58.8898,3059.4680,-61.3435,-58.8898,-2.4537,-0.01737231,-0.01667742,-2.4537,-58.8898,-0.01667742,-2.4537,-2.4537,-2.4537,0.0000,0.0000,-58.8898,-0.01667742,-7.3612,-7.0707,-53.9823,-54.2728,-0.01528763,-0.01536991,-0.00069489,21.4007,20.5609,-0.3958,-1.7527,-1.0762,100.8888,4.4286,20.6017,21.9069,12.9729,20.7566,25.8178,38.5733,41.3596,51.6049,20.5724,0.0,1.992603,2.486194,1.03103,12,42,29,5,0.37339730,-0.01737231,0.08396430,0E-8,0.000000,0.902534,0.000000,-0.16172386,2026-04-07,2026-08-04,35,57,56,120,0.291667,0.940417,0.962665,1.244658,,,,,,,,GLOBAL_BASELINE_NO_ENTITY_RANKING,,,NOT_APPLICABLE_GLOBAL_BASELINE,HF9g-P5,,,,X 全窗基线 · 不参与实体赏罚,3929521,393,A168_HF9F_20260827_0900,2026-08-27 09:00:00
2026-07-30,142812598,1400,0,23.2360003098,-23.2360003098,-23.2360003098,0E-7,2,1,0.40023234444444444,0.283965900000,-0.8168918642780731,-0.6297471965178028,-0.8168918642780731,0.11626644444444444,ELIGIBLE,R03b_20260811_FULL_v1,L1_ELIGIBILITY,v2026-08-11,2026-03-21..2026-08-06,baccarat_bet02_101_all_pairs_incl_sentinel,round_win = game_pnl > 0 (decisive only),COMPATIBILITY_ONLY_NOT_PRODUCTION,3531.1074,3186.9459,-61.3435,165,155,0.01737231,-0.08396430,0.07775956,0.01737231,61.3435,3531.1074,OK,0.0000,-2.4537,4.0000,96.0000,AG03-UNRESOLVED,ALL5_LEVELS_bet23_to_bet27,-2.4537,-2.4537,-2.4537,0.0000,0.0000,4.000000,4.000000,4.000000,0.000000,0.000000,96.000000,96.000000,96.000000,100.000000,100.000000,5.0,-7.3612,-7.0707,-53.9823,-54.2728,PENDING_AG03,FALSE,NOT_FOR_ENFORCEMENT,-58.8898,3059.4680,-61.3435,-58.8898,-2.4537,-0.01737231,-0.01667742,-2.4537,-58.8898,-0.01667742,-2.4537,-2.4537,-2.4537,0.0000,0.0000,-58.8898,-0.01667742,-7.3612,-7.0707,-53.9823,-54.2728,-0.01528763,-0.01536991,-0.00069489,21.4007,20.5609,-0.3958,-1.7527,-1.0762,100.8888,4.4286,20.6017,21.9069,12.9729,20.7566,25.8178,38.5733,41.3596,51.6049,20.5724,0.0,1.992603,2.486194,1.03103,12,42,29,5,0.37339730,-0.01737231,0.08396430,0E-8,0.000000,0.902534,0.000000,-0.16172386,2026-04-07,2026-08-04,35,57,56,120,0.291667,0.940417,0.962665,1.244658,,,,,,,,GLOBAL_BASELINE_NO_ENTITY_RANKING,,,NOT_APPLICABLE_GLOBAL_BASELINE,HF9g-P5,,,,X 全窗基线 · 不参与实体赏罚,3929522,393,A168_HF9F_20260827_0900,2026-08-27 09:00:00
2026-07-31,142812598,1935,0,18.0724446854,-18.0724446854,-18.0724446854,0E-7,1,1,0.49324550000000000,0.493245500000,-0.9865810262130424,-0.9865810262130424,-0.9865810262130424,0E-17,ELIGIBLE,R03b_20260811_FULL_v1,L1_ELIGIBILITY,v2026-08-11,2026-03-21..2026-08-06,baccarat_bet02_101_all_pairs_incl_sentinel,round_win = game_pnl > 0 (decisive only),COMPATIBILITY_ONLY_NOT_PRODUCTION,3531.1074,3186.9459,-61.3435,165,155,0.01737231,-0.08396430,0.07775956,0.01737231,61.3435,3531.1074,OK,0.0000,-2.4537,4.0000,96.0000,AG03-UNRESOLVED,ALL5_LEVELS_bet23_to_bet27,-2.4537,-2.4537,-2.4537,0.0000,0.0000,4.000000,4.000000,4.000000,0.000000,0.000000,96.000000,96.000000,96.000000,100.000000,100.000000,5.0,-7.3612,-7.0707,-53.9823,-54.2728,PENDING_AG03,FALSE,NOT_FOR_ENFORCEMENT,-58.8898,3059.4680,-61.3435,-58.8898,-2.4537,-0.01737231,-0.01667742,-2.4537,-58.8898,-0.01667742,-2.4537,-2.4537,-2.4537,0.0000,0.0000,-58.8898,-0.01667742,-7.3612,-7.0707,-53.9823,-54.2728,-0.01528763,-0.01536991,-0.00069489,21.4007,20.5609,-0.3958,-1.7527,-1.0762,100.8888,4.4286,20.6017,21.9069,12.9729,20.7566,25.8178,38.5733,41.3596,51.6049,20.5724,0.0,1.992603,2.486194,1.03103,12,42,29,5,0.37339730,-0.01737231,0.08396430,0E-8,0.000000,0.902534,0.000000,-0.16172386,2026-04-07,2026-08-04,35,57,56,120,0.291667,0.940417,0.962665,1.244658,,,,,,,,GLOBAL_BASELINE_NO_ENTITY_RANKING,,,NOT_APPLICABLE_GLOBAL_BASELINE,HF9g-P5,,,,X 全窗基线 · 不参与实体赏罚,3929523,393,A168_HF9F_20260827_0900,2026-08-27 09:00:00
2026-07-31,142812598,2266,0,113.5982237368,12.2634446080,12.2634446080,0.6666667,6,3,0.41539071923076923,0.288442333333,0.8831821829559238,1.446024136860328,0.8831821829559238,0.12694838589776923,ELIGIBLE,R03b_20260811_FULL_v1,L1_ELIGIBILITY,v2026-08-11,2026-03-21..2026-08-06,baccarat_bet02_101_all_pairs_incl_sentinel,round_win = game_pnl > 0 (decisive only),COMPATIBILITY_ONLY_NOT_PRODUCTION,3531.1074,3186.9459,-61.3435,165,155,0.01737231,-0.08396430,0.07775956,0.01737231,61.3435,3531.1074,OK,0.0000,-2.4537,4.0000,96.0000,AG03-UNRESOLVED,ALL5_LEVELS_bet23_to_bet27,-2.4537,-2.4537,-2.4537,0.0000,0.0000,4.000000,4.000000,4.000000,0.000000,0.000000,96.000000,96.000000,96.000000,100.000000,100.000000,5.0,-7.3612,-7.0707,-53.9823,-54.2728,PENDING_AG03,FALSE,NOT_FOR_ENFORCEMENT,-58.8898,3059.4680,-61.3435,-58.8898,-2.4537,-0.01737231,-0.01667742,-2.4537,-58.8898,-0.01667742,-2.4537,-2.4537,-2.4537,0.0000,0.0000,-58.8898,-0.01667742,-7.3612,-7.0707,-53.9823,-54.2728,-0.01528763,-0.01536991,-0.00069489,21.4007,20.5609,-0.3958,-1.7527,-1.0762,100.8888,4.4286,20.6017,21.9069,12.9729,20.7566,25.8178,38.5733,41.3596,51.6049,20.5724,0.0,1.992603,2.486194,1.03103,12,42,29,5,0.37339730,-0.01737231,0.08396430,0E-8,0.000000,0.902534,0.000000,-0.16172386,2026-04-07,2026-08-04,35,57,56,120,0.291667,0.940417,0.962665,1.244658,,,,,,,,GLOBAL_BASELINE_NO_ENTITY_RANKING,,,NOT_APPLICABLE_GLOBAL_BASELINE,HF9g-P5,,,,X 全窗基线 · 不参与实体赏罚,3929524,393,A168_HF9F_20260827_0900,2026-08-27 09:00:00
2026-08-04,142812598,1323,0,77.0554542420,-25.6851514140,-25.6851514140,0.3333333,4,3,0.42795403333333333,0.427954033333,-0.33123235940191686,-0.33123235940078244,-0.33123235940191686,3.3333E-13,ELIGIBLE,R03b_20260811_FULL_v1,L1_ELIGIBILITY,v2026-08-11,2026-03-21..2026-08-06,baccarat_bet02_101_all_pairs_incl_sentinel,round_win = game_pnl > 0 (decisive only),COMPATIBILITY_ONLY_NOT_PRODUCTION,3531.1074,3186.9459,-61.3435,165,155,0.01737231,-0.08396430,0.07775956,0.01737231,61.3435,3531.1074,OK,0.0000,-2.4537,4.0000,96.0000,AG03-UNRESOLVED,ALL5_LEVELS_bet23_to_bet27,-2.4537,-2.4537,-2.4537,0.0000,0.0000,4.000000,4.000000,4.000000,0.000000,0.000000,96.000000,96.000000,96.000000,100.000000,100.000000,5.0,-7.3612,-7.0707,-53.9823,-54.2728,PENDING_AG03,FALSE,NOT_FOR_ENFORCEMENT,-58.8898,3059.4680,-61.3435,-58.8898,-2.4537,-0.01737231,-0.01667742,-2.4537,-58.8898,-0.01667742,-2.4537,-2.4537,-2.4537,0.0000,0.0000,-58.8898,-0.01667742,-7.3612,-7.0707,-53.9823,-54.2728,-0.01528763,-0.01536991,-0.00069489,21.4007,20.5609,-0.3958,-1.7527,-1.0762,100.8888,4.4286,20.6017,21.9069,12.9729,20.7566,25.8178,38.5733,41.3596,51.6049,20.5724,0.0,1.992603,2.486194,1.03103,12,42,29,5,0.37339730,-0.01737231,0.08396430,0E-8,0.000000,0.902534,0.000000,-0.16172386,2026-04-07,2026-08-04,35,57,56,120,0.291667,0.940417,0.962665,1.244658,,,,,,,,GLOBAL_BASELINE_NO_ENTITY_RANKING,,,NOT_APPLICABLE_GLOBAL_BASELINE,HF9g-P5,,,,X 全窗基线 · 不参与实体赏罚,3929525,393,A168_HF9F_20260827_0900,2026-08-27 09:00:00
2026-08-04,142812598,1384,0,33.3906968382,-23.1166362726,-23.1166362726,0E-7,4,2,0.27280748611111111,0.285393300000,-0.8662005196916441,-0.8937238394407377,-0.8662005196916441,-0.01258581388888889,ELIGIBLE,R03b_20260811_FULL_v1,L1_ELIGIBILITY,v2026-08-11,2026-03-21..2026-08-06,baccarat_bet02_101_all_pairs_incl_sentinel,round_win = game_pnl > 0 (decisive only),COMPATIBILITY_ONLY_NOT_PRODUCTION,3531.1074,3186.9459,-61.3435,165,155,0.01737231,-0.08396430,0.07775956,0.01737231,61.3435,3531.1074,OK,0.0000,-2.4537,4.0000,96.0000,AG03-UNRESOLVED,ALL5_LEVELS_bet23_to_bet27,-2.4537,-2.4537,-2.4537,0.0000,0.0000,4.000000,4.000000,4.000000,0.000000,0.000000,96.000000,96.000000,96.000000,100.000000,100.000000,5.0,-7.3612,-7.0707,-53.9823,-54.2728,PENDING_AG03,FALSE,NOT_FOR_ENFORCEMENT,-58.8898,3059.4680,-61.3435,-58.8898,-2.4537,-0.01737231,-0.01667742,-2.4537,-58.8898,-0.01667742,-2.4537,-2.4537,-2.4537,0.0000,0.0000,-58.8898,-0.01667742,-7.3612,-7.0707,-53.9823,-54.2728,-0.01528763,-0.01536991,-0.00069489,21.4007,20.5609,-0.3958,-1.7527,-1.0762,100.8888,4.4286,20.6017,21.9069,12.9729,20.7566,25.8178,38.5733,41.3596,51.6049,20.5724,0.0,1.992603,2.486194,1.03103,12,42,29,5,0.37339730,-0.01737231,0.08396430,0E-8,0.000000,0.902534,0.000000,-0.16172386,2026-04-07,2026-08-04,35,57,56,120,0.291667,0.940417,0.962665,1.244658,,,,,,,,GLOBAL_BASELINE_NO_ENTITY_RANKING,,,NOT_APPLICABLE_GLOBAL_BASELINE,HF9g-P5,,,,X 全窗基线 · 不参与实体赏罚,3929526,393,A168_HF9F_20260827_0900,2026-08-27 09:00:00
2026-08-04,142812598,2101,0,41.0962422624,-11.0446151080,-11.0446151080,0.5000000,2,2,0.49994810000000000,0.499948100000,0.00014679536856514622,0.00014679536856514622,0.00014679536856514622,0E-17,ELIGIBLE,R03b_20260811_FULL_v1,L1_ELIGIBILITY,v2026-08-11,2026-03-21..2026-08-06,baccarat_bet02_101_all_pairs_incl_sentinel,round_win = game_pnl > 0 (decisive only),COMPATIBILITY_ONLY_NOT_PRODUCTION,3531.1074,3186.9459,-61.3435,165,155,0.01737231,-0.08396430,0.07775956,0.01737231,61.3435,3531.1074,OK,0.0000,-2.4537,4.0000,96.0000,AG03-UNRESOLVED,ALL5_LEVELS_bet23_to_bet27,-2.4537,-2.4537,-2.4537,0.0000,0.0000,4.000000,4.000000,4.000000,0.000000,0.000000,96.000000,96.000000,96.000000,100.000000,100.000000,5.0,-7.3612,-7.0707,-53.9823,-54.2728,PENDING_AG03,FALSE,NOT_FOR_ENFORCEMENT,-58.8898,3059.4680,-61.3435,-58.8898,-2.4537,-0.01737231,-0.01667742,-2.4537,-58.8898,-0.01667742,-2.4537,-2.4537,-2.4537,0.0000,0.0000,-58.8898,-0.01667742,-7.3612,-7.0707,-53.9823,-54.2728,-0.01528763,-0.01536991,-0.00069489,21.4007,20.5609,-0.3958,-1.7527,-1.0762,100.8888,4.4286,20.6017,21.9069,12.9729,20.7566,25.8178,38.5733,41.3596,51.6049,20.5724,0.0,1.992603,2.486194,1.03103,12,42,29,5,0.37339730,-0.01737231,0.08396430,0E-8,0.000000,0.902534,0.000000,-0.16172386,2026-04-07,2026-08-04,35,57,56,120,0.291667,0.940417,0.962665,1.244658,,,,,,,,GLOBAL_BASELINE_NO_ENTITY_RANKING,,,NOT_APPLICABLE_GLOBAL_BASELINE,HF9g-P5,,,,X 全窗基线 · 不参与实体赏罚,3929527,393,A168_HF9F_20260827_0900,2026-08-27 09:00:00
2026-08-03,153784829,1307,0,76.5718441894,16.0113948602,16.7005414579,0.6000000,5,5,0.50396966000000000,0.503969660000,0.4294742719815242,0.4294742719815242,0.4294742719815242,0E-17,ELIGIBLE,R03b_20260811_FULL_v1,L1_ELIGIBILITY,v2026-08-11,2026-03-21..2026-08-06,baccarat_bet02_101_all_pairs_incl_sentinel,round_win = game_pnl > 0 (decisive only),COMPATIBILITY_ONLY_NOT_PRODUCTION,597.8261,526.1031,-57.0018,34,34,0.09534843,0.09534843,,0.08742819,57.0018,597.8261,OK,4.7349,-2.8501,5.0000,95.0000,AG03-UNRESOLVED,ALL5_LEVELS_bet23_to_bet27,-2.8501,-2.8501,-2.8501,-2.8501,-2.8501,5.000000,5.000000,5.000000,5.000000,5.000000,95.000000,95.000000,95.000000,95.000000,95.000000,5.0,-14.2504,-12.8949,-47.4863,-48.8418,PENDING_AG03,FALSE,NOT_FOR_ENFORCEMENT,-54.1517,499.7980,-61.7367,-58.8866,-7.5850,-0.10326867,-0.09850125,-2.8501,-58.8866,-0.09850125,-2.8501,-2.8501,-2.8501,-2.8501,-2.8501,-58.8866,-0.09850125,-14.2504,-12.8949,-47.4863,-48.8418,-0.07943156,-0.08169904,-0.01268766,17.5831,15.4736,-1.6765,-57.0018,-14.2504,597.8261,34.0000,17.5831,,12.1222,15.8599,20.2037,30.3055,30.952,34.3462,14.5466,4.8438,1.951592,2.165605,1.108655,4,5,1,2,1.00000000,-0.09534843,-0.09534843,0.00900000,0.900000,0.880027,0.000000,,2026-08-03,2026-08-03,1,4,4,1,1.000000,,1.000000,3.333333,,,,,,,,GLOBAL_BASELINE_NO_ENTITY_RANKING,,,NOT_APPLICABLE_GLOBAL_BASELINE,HF9g-P5,,,,X 全窗基线 · 不参与实体赏罚,3929528,393,A168_HF9F_20260827_0900,2026-08-27 09:00:00
2026-08-03,153784829,1507,0,295.5794407627,76.6021496686,78.9896153226,0.6250000,18,18,0.49994810000000000,0.499948100000,1.0004152053894568,1.0004152053894568,1.0004152053894568,0E-17,ELIGIBLE,R03b_20260811_FULL_v1,L1_ELIGIBILITY,v2026-08-11,2026-03-21..2026-08-06,baccarat_bet02_101_all_pairs_incl_sentinel,round_win = game_pnl > 0 (decisive only),COMPATIBILITY_ONLY_NOT_PRODUCTION,597.8261,526.1031,-57.0018,34,34,0.09534843,0.09534843,,0.08742819,57.0018,597.8261,OK,4.7349,-2.8501,5.0000,95.0000,AG03-UNRESOLVED,ALL5_LEVELS_bet23_to_bet27,-2.8501,-2.8501,-2.8501,-2.8501,-2.8501,5.000000,5.000000,5.000000,5.000000,5.000000,95.000000,95.000000,95.000000,95.000000,95.000000,5.0,-14.2504,-12.8949,-47.4863,-48.8418,PENDING_AG03,FALSE,NOT_FOR_ENFORCEMENT,-54.1517,499.7980,-61.7367,-58.8866,-7.5850,-0.10326867,-0.09850125,-2.8501,-58.8866,-0.09850125,-2.8501,-2.8501,-2.8501,-2.8501,-2.8501,-58.8866,-0.09850125,-14.2504,-12.8949,-47.4863,-48.8418,-0.07943156,-0.08169904,-0.01268766,17.5831,15.4736,-1.6765,-57.0018,-14.2504,597.8261,34.0000,17.5831,,12.1222,15.8599,20.2037,30.3055,30.952,34.3462,14.5466,4.8438,1.951592,2.165605,1.108655,4,5,1,2,1.00000000,-0.09534843,-0.09534843,0.00900000,0.900000,0.880027,0.000000,,2026-08-03,2026-08-03,1,4,4,1,1.000000,,1.000000,3.333333,,,,,,,,GLOBAL_BASELINE_NO_ENTITY_RANKING,,,NOT_APPLICABLE_GLOBAL_BASELINE,HF9g-P5,,,,X 全窗基线 · 不参与实体赏罚,3929529,393,A168_HF9F_20260827_0900,2026-08-27 09:00:00
2026-08-03,153784829,2141,0,73.7433327946,30.2650719250,30.9287619202,0.6666667,3,3,0.50665070000000000,0.506650700000,0.5543606114942035,0.5543606114942035,0.5543606114942035,0E-17,ELIGIBLE,R03b_20260811_FULL_v1,L1_ELIGIBILITY,v2026-08-11,2026-03-21..2026-08-06,baccarat_bet02_101_all_pairs_incl_sentinel,round_win = game_pnl > 0 (decisive only),COMPATIBILITY_ONLY_NOT_PRODUCTION,597.8261,526.1031,-57.0018,34,34,0.09534843,0.09534843,,0.08742819,57.0018,597.8261,OK,4.7349,-2.8501,5.0000,95.0000,AG03-UNRESOLVED,ALL5_LEVELS_bet23_to_bet27,-2.8501,-2.8501,-2.8501,-2.8501,-2.8501,5.000000,5.000000,5.000000,5.000000,5.000000,95.000000,95.000000,95.000000,95.000000,95.000000,5.0,-14.2504,-12.8949,-47.4863,-48.8418,PENDING_AG03,FALSE,NOT_FOR_ENFORCEMENT,-54.1517,499.7980,-61.7367,-58.8866,-7.5850,-0.10326867,-0.09850125,-2.8501,-58.8866,-0.09850125,-2.8501,-2.8501,-2.8501,-2.8501,-2.8501,-58.8866,-0.09850125,-14.2504,-12.8949,-47.4863,-48.8418,-0.07943156,-0.08169904,-0.01268766,17.5831,15.4736,-1.6765,-57.0018,-14.2504,597.8261,34.0000,17.5831,,12.1222,15.8599,20.2037,30.3055,30.952,34.3462,14.5466,4.8438,1.951592,2.165605,1.108655,4,5,1,2,1.00000000,-0.09534843,-0.09534843,0.00900000,0.900000,0.880027,0.000000,,2026-08-03,2026-08-03,1,4,4,1,1.000000,,1.000000,3.333333,,,,,,,,GLOBAL_BASELINE_NO_ENTITY_RANKING,,,NOT_APPLICABLE_GLOBAL_BASELINE,HF9g-P5,,,,X 全窗基线 · 不参与实体赏罚,3929530,393,A168_HF9F_20260827_0900,2026-08-27 09:00:00
2026-08-03,153784829,2210,0,10.1018264102,10.1018264102,10.1927428479,1.0000000,1,1,0.49324550000000000,0.493245500000,1.01360149184955,1.01360149184955,1.01360149184955,0E-17,ELIGIBLE,R03b_20260811_FULL_v1,L1_ELIGIBILITY,v2026-08-11,2026-03-21..2026-08-06,baccarat_bet02_101_all_pairs_incl_sentinel,round_win = game_pnl > 0 (decisive only),COMPATIBILITY_ONLY_NOT_PRODUCTION,597.8261,526.1031,-57.0018,34,34,0.09534843,0.09534843,,0.08742819,57.0018,597.8261,OK,4.7349,-2.8501,5.0000,95.0000,AG03-UNRESOLVED,ALL5_LEVELS_bet23_to_bet27,-2.8501,-2.8501,-2.8501,-2.8501,-2.8501,5.000000,5.000000,5.000000,5.000000,5.000000,95.000000,95.000000,95.000000,95.000000,95.000000,5.0,-14.2504,-12.8949,-47.4863,-48.8418,PENDING_AG03,FALSE,NOT_FOR_ENFORCEMENT,-54.1517,499.7980,-61.7367,-58.8866,-7.5850,-0.10326867,-0.09850125,-2.8501,-58.8866,-0.09850125,-2.8501,-2.8501,-2.8501,-2.8501,-2.8501,-58.8866,-0.09850125,-14.2504,-12.8949,-47.4863,-48.8418,-0.07943156,-0.08169904,-0.01268766,17.5831,15.4736,-1.6765,-57.0018,-14.2504,597.8261,34.0000,17.5831,,12.1222,15.8599,20.2037,30.3055,30.952,34.3462,14.5466,4.8438,1.951592,2.165605,1.108655,4,5,1,2,1.00000000,-0.09534843,-0.09534843,0.00900000,0.900000,0.880027,0.000000,,2026-08-03,2026-08-03,1,4,4,1,1.000000,,1.000000,3.333333,,,,,,,,GLOBAL_BASELINE_NO_ENTITY_RANKING,,,NOT_APPLICABLE_GLOBAL_BASELINE,HF9g-P5,,,,X 全窗基线 · 不参与实体赏罚,3929531,393,A168_HF9F_20260827_0900,2026-08-27 09:00:00
2026-08-03,153784829,2288,0,141.8296427993,-80.7135930176,-79.8098836270,0.2000000,7,7,0.50090561428571429,0.500905614286,-1.3456930240160987,-1.3456930240173777,-1.3456930240160987,-2.8571E-13,ELIGIBLE,R03b_20260811_FULL_v1,L1_ELIGIBILITY,v2026-08-11,2026-03-21..2026-08-06,baccarat_bet02_101_all_pairs_incl_sentinel,round_win = game_pnl > 0 (decisive only),COMPATIBILITY_ONLY_NOT_PRODUCTION,597.8261,526.1031,-57.0018,34,34,0.09534843,0.09534843,,0.08742819,57.0018,597.8261,OK,4.7349,-2.8501,5.0000,95.0000,AG03-UNRESOLVED,ALL5_LEVELS_bet23_to_bet27,-2.8501,-2.8501,-2.8501,-2.8501,-2.8501,5.000000,5.000000,5.000000,5.000000,5.000000,95.000000,95.000000,95.000000,95.000000,95.000000,5.0,-14.2504,-12.8949,-47.4863,-48.8418,PENDING_AG03,FALSE,NOT_FOR_ENFORCEMENT,-54.1517,499.7980,-61.7367,-58.8866,-7.5850,-0.10326867,-0.09850125,-2.8501,-58.8866,-0.09850125,-2.8501,-2.8501,-2.8501,-2.8501,-2.8501,-58.8866,-0.09850125,-14.2504,-12.8949,-47.4863,-48.8418,-0.07943156,-0.08169904,-0.01268766,17.5831,15.4736,-1.6765,-57.0018,-14.2504,597.8261,34.0000,17.5831,,12.1222,15.8599,20.2037,30.3055,30.952,34.3462,14.5466,4.8438,1.951592,2.165605,1.108655,4,5,1,2,1.00000000,-0.09534843,-0.09534843,0.00900000,0.900000,0.880027,0.000000,,2026-08-03,2026-08-03,1,4,4,1,1.000000,,1.000000,3.333333,,,,,,,,GLOBAL_BASELINE_NO_ENTITY_RANKING,,,NOT_APPLICABLE_GLOBAL_BASELINE,HF9g-P5,,,,X 全窗基线 · 不参与实体赏罚,3929532,393,A168_HF9F_20260827_0900,2026-08-27 09:00:00
2026-06-13,151437733,-1,1,2.2013582380,-2.2013582380,-2.2013582380,0E-7,1,1,0.49324550000000000,0.493245500000,-0.9865810262130424,-0.9865810262130424,-0.9865810262130424,0E-17,SENTINEL_DEALER,R03b_20260811_FULL_v1,L1_ELIGIBILITY,v2026-08-11,2026-03-21..2026-08-06,baccarat_bet02_101_all_pairs_incl_sentinel,round_win = game_pnl > 0 (decisive only),COMPATIBILITY_ONLY_NOT_PRODUCTION,798.2081,728.0697,-61.3341,219,219,0.07683976,0.17020089,-0.00270746,0.07683976,61.3341,798.2081,OK,0.0000,-2.4534,4.0000,96.0000,AG03-UNRESOLVED,ALL5_LEVELS_bet23_to_bet27,-2.4534,-2.4534,-2.4534,-3.0667,-3.0667,4.000000,4.000000,4.000000,5.000000,5.000000,96.000000,96.000000,96.000000,95.000000,95.000000,5.0,-13.4935,-12.3604,-47.8406,-48.9737,PENDING_AG03,FALSE,NOT_FOR_ENFORCEMENT,-58.8808,698.9469,-61.3341,-58.8808,-2.4534,-0.07683976,-0.07376617,-2.4534,-58.8808,-0.07376617,-2.4534,-2.4534,-2.4534,-3.0667,-3.0667,-58.8808,-0.07376617,-13.4935,-12.3604,-47.8406,-48.9737,-0.05993501,-0.06135457,-0.00307359,3.6448,3.3245,-0.2801,-1.6141,-0.4009,21.0055,5.7632,4.5902,3.1006,2.2014,2.7616,5.5205,6.428,8.837,11.0463,2.2093,0.0,3.2,4.0,1.319821,25,94,32,1,0.46005423,-0.07683976,-0.17020089,0E-8,0.000000,0.912130,0.000000,0.17290835,2026-06-13,2026-08-06,38,153,140,55,0.690909,1.480416,1.259398,1.533514,,,,,,,,GLOBAL_BASELINE_NO_ENTITY_RANKING,,,NOT_APPLICABLE_GLOBAL_BASELINE,HF9g-P5,,,,X 全窗基线 · 不参与实体赏罚,3929533,393,A168_HF9F_20260827_0900,2026-08-27 09:00:00
2026-06-14,151437733,-1,1,2.2013582380,2.2013582380,2.2013582380,1.0000000,1,1,0.49324550000000000,0.493245500000,1.01360149184955,1.01360149184955,1.01360149184955,0E-17,SENTINEL_DEALER,R03b_20260811_FULL_v1,L1_ELIGIBILITY,v2026-08-11,2026-03-21..2026-08-06,baccarat_bet02_101_all_pairs_incl_sentinel,round_win = game_pnl > 0 (decisive only),COMPATIBILITY_ONLY_NOT_PRODUCTION,798.2081,728.0697,-61.3341,219,219,0.07683976,0.17020089,-0.00270746,0.07683976,61.3341,798.2081,OK,0.0000,-2.4534,4.0000,96.0000,AG03-UNRESOLVED,ALL5_LEVELS_bet23_to_bet27,-2.4534,-2.4534,-2.4534,-3.0667,-3.0667,4.000000,4.000000,4.000000,5.000000,5.000000,96.000000,96.000000,96.000000,95.000000,95.000000,5.0,-13.4935,-12.3604,-47.8406,-48.9737,PENDING_AG03,FALSE,NOT_FOR_ENFORCEMENT,-58.8808,698.9469,-61.3341,-58.8808,-2.4534,-0.07683976,-0.07376617,-2.4534,-58.8808,-0.07376617,-2.4534,-2.4534,-2.4534,-3.0667,-3.0667,-58.8808,-0.07376617,-13.4935,-12.3604,-47.8406,-48.9737,-0.05993501,-0.06135457,-0.00307359,3.6448,3.3245,-0.2801,-1.6141,-0.4009,21.0055,5.7632,4.5902,3.1006,2.2014,2.7616,5.5205,6.428,8.837,11.0463,2.2093,0.0,3.2,4.0,1.319821,25,94,32,1,0.46005423,-0.07683976,-0.17020089,0E-8,0.000000,0.912130,0.000000,0.17290835,2026-06-13,2026-08-06,38,153,140,55,0.690909,1.480416,1.259398,1.533514,,,,,,,,GLOBAL_BASELINE_NO_ENTITY_RANKING,,,NOT_APPLICABLE_GLOBAL_BASELINE,HF9g-P5,,,,X 全窗基线 · 不参与实体赏罚,3929534,393,A168_HF9F_20260827_0900,2026-08-27 09:00:00
2026-06-14,151437733,1325,0,2.2013582380,2.2013582380,2.2013582380,1.0000000,1,1,0.49324550000000000,0.493245500000,1.01360149184955,1.01360149184955,1.01360149184955,0E-17,ELIGIBLE,R03b_20260811_FULL_v1,L1_ELIGIBILITY,v2026-08-11,2026-03-21..2026-08-06,baccarat_bet02_101_all_pairs_incl_sentinel,round_win = game_pnl > 0 (decisive only),COMPATIBILITY_ONLY_NOT_PRODUCTION,798.2081,728.0697,-61.3341,219,219,0.07683976,0.17020089,-0.00270746,0.07683976,61.3341,798.2081,OK,0.0000,-2.4534,4.0000,96.0000,AG03-UNRESOLVED,ALL5_LEVELS_bet23_to_bet27,-2.4534,-2.4534,-2.4534,-3.0667,-3.0667,4.000000,4.000000,4.000000,5.000000,5.000000,96.000000,96.000000,96.000000,95.000000,95.000000,5.0,-13.4935,-12.3604,-47.8406,-48.9737,PENDING_AG03,FALSE,NOT_FOR_ENFORCEMENT,-58.8808,698.9469,-61.3341,-58.8808,-2.4534,-0.07683976,-0.07376617,-2.4534,-58.8808,-0.07376617,-2.4534,-2.4534,-2.4534,-3.0667,-3.0667,-58.8808,-0.07376617,-13.4935,-12.3604,-47.8406,-48.9737,-0.05993501,-0.06135457,-0.00307359,3.6448,3.3245,-0.2801,-1.6141,-0.4009,21.0055,5.7632,4.5902,3.1006,2.2014,2.7616,5.5205,6.428,8.837,11.0463,2.2093,0.0,3.2,4.0,1.319821,25,94,32,1,0.46005423,-0.07683976,-0.17020089,0E-8,0.000000,0.912130,0.000000,0.17290835,2026-06-13,2026-08-06,38,153,140,55,0.690909,1.480416,1.259398,1.533514,,,,,,,,GLOBAL_BASELINE_NO_ENTITY_RANKING,,,NOT_APPLICABLE_GLOBAL_BASELINE,HF9g-P5,,,,X 全窗基线 · 不参与实体赏罚,3929535,393,A168_HF9F_20260827_0900,2026-08-27 09:00:00
2026-06-14,151437733,1645,0,2.2013582380,2.2013582380,2.2013582380,1.0000000,1,1,0.49324550000000000,0.493245500000,1.01360149184955,1.01360149184955,1.01360149184955,0E-17,ELIGIBLE,R03b_20260811_FULL_v1,L1_ELIGIBILITY,v2026-08-11,2026-03-21..2026-08-06,baccarat_bet02_101_all_pairs_incl_sentinel,round_win = game_pnl > 0 (decisive only),COMPATIBILITY_ONLY_NOT_PRODUCTION,798.2081,728.0697,-61.3341,219,219,0.07683976,0.17020089,-0.00270746,0.07683976,61.3341,798.2081,OK,0.0000,-2.4534,4.0000,96.0000,AG03-UNRESOLVED,ALL5_LEVELS_bet23_to_bet27,-2.4534,-2.4534,-2.4534,-3.0667,-3.0667,4.000000,4.000000,4.000000,5.000000,5.000000,96.000000,96.000000,96.000000,95.000000,95.000000,5.0,-13.4935,-12.3604,-47.8406,-48.9737,PENDING_AG03,FALSE,NOT_FOR_ENFORCEMENT,-58.8808,698.9469,-61.3341,-58.8808,-2.4534,-0.07683976,-0.07376617,-2.4534,-58.8808,-0.07376617,-2.4534,-2.4534,-2.4534,-3.0667,-3.0667,-58.8808,-0.07376617,-13.4935,-12.3604,-47.8406,-48.9737,-0.05993501,-0.06135457,-0.00307359,3.6448,3.3245,-0.2801,-1.6141,-0.4009,21.0055,5.7632,4.5902,3.1006,2.2014,2.7616,5.5205,6.428,8.837,11.0463,2.2093,0.0,3.2,4.0,1.319821,25,94,32,1,0.46005423,-0.07683976,-0.17020089,0E-8,0.000000,0.912130,0.000000,0.17290835,2026-06-13,2026-08-06,38,153,140,55,0.690909,1.480416,1.259398,1.533514,,,,,,,,GLOBAL_BASELINE_NO_ENTITY_RANKING,,,NOT_APPLICABLE_GLOBAL_BASELINE,HF9g-P5,,,,X 全窗基线 · 不参与实体赏罚,3929536,393,A168_HF9F_20260827_0900,2026-08-27 09:00:00
2026-06-14,151437733,2229,0,2.2013582380,2.2013582380,2.2013582380,1.0000000,1,1,0.49324550000000000,0.493245500000,1.01360149184955,1.01360149184955,1.01360149184955,0E-17,ELIGIBLE,R03b_20260811_FULL_v1,L1_ELIGIBILITY,v2026-08-11,2026-03-21..2026-08-06,baccarat_bet02_101_all_pairs_incl_sentinel,round_win = game_pnl > 0 (decisive only),COMPATIBILITY_ONLY_NOT_PRODUCTION,798.2081,728.0697,-61.3341,219,219,0.07683976,0.17020089,-0.00270746,0.07683976,61.3341,798.2081,OK,0.0000,-2.4534,4.0000,96.0000,AG03-UNRESOLVED,ALL5_LEVELS_bet23_to_bet27,-2.4534,-2.4534,-2.4534,-3.0667,-3.0667,4.000000,4.000000,4.000000,5.000000,5.000000,96.000000,96.000000,96.000000,95.000000,95.000000,5.0,-13.4935,-12.3604,-47.8406,-48.9737,PENDING_AG03,FALSE,NOT_FOR_ENFORCEMENT,-58.8808,698.9469,-61.3341,-58.8808,-2.4534,-0.07683976,-0.07376617,-2.4534,-58.8808,-0.07376617,-2.4534,-2.4534,-2.4534,-3.0667,-3.0667,-58.8808,-0.07376617,-13.4935,-12.3604,-47.8406,-48.9737,-0.05993501,-0.06135457,-0.00307359,3.6448,3.3245,-0.2801,-1.6141,-0.4009,21.0055,5.7632,4.5902,3.1006,2.2014,2.7616,5.5205,6.428,8.837,11.0463,2.2093,0.0,3.2,4.0,1.319821,25,94,32,1,0.46005423,-0.07683976,-0.17020089,0E-8,0.000000,0.912130,0.000000,0.17290835,2026-06-13,2026-08-06,38,153,140,55,0.690909,1.480416,1.259398,1.533514,,,,,,,,GLOBAL_BASELINE_NO_ENTITY_RANKING,,,NOT_APPLICABLE_GLOBAL_BASELINE,HF9g-P5,,,,X 全窗基线 · 不参与实体赏罚,3929537,393,A168_HF9F_20260827_0900,2026-08-27 09:00:00
2026-06-15,151437733,1078,0,2.2013582380,2.2013582380,2.2013582380,1.0000000,1,1,0.49324550000000000,0.493245500000,1.01360149184955,1.01360149184955,1.01360149184955,0E-17,ELIGIBLE,R03b_20260811_FULL_v1,L1_ELIGIBILITY,v2026-08-11,2026-03-21..2026-08-06,baccarat_bet02_101_all_pairs_incl_sentinel,round_win = game_pnl > 0 (decisive only),COMPATIBILITY_ONLY_NOT_PRODUCTION,798.2081,728.0697,-61.3341,219,219,0.07683976,0.17020089,-0.00270746,0.07683976,61.3341,798.2081,OK,0.0000,-2.4534,4.0000,96.0000,AG03-UNRESOLVED,ALL5_LEVELS_bet23_to_bet27,-2.4534,-2.4534,-2.4534,-3.0667,-3.0667,4.000000,4.000000,4.000000,5.000000,5.000000,96.000000,96.000000,96.000000,95.000000,95.000000,5.0,-13.4935,-12.3604,-47.8406,-48.9737,PENDING_AG03,FALSE,NOT_FOR_ENFORCEMENT,-58.8808,698.9469,-61.3341,-58.8808,-2.4534,-0.07683976,-0.07376617,-2.4534,-58.8808,-0.07376617,-2.4534,-2.4534,-2.4534,-3.0667,-3.0667,-58.8808,-0.07376617,-13.4935,-12.3604,-47.8406,-48.9737,-0.05993501,-0.06135457,-0.00307359,3.6448,3.3245,-0.2801,-1.6141,-0.4009,21.0055,5.7632,4.5902,3.1006,2.2014,2.7616,5.5205,6.428,8.837,11.0463,2.2093,0.0,3.2,4.0,1.319821,25,94,32,1,0.46005423,-0.07683976,-0.17020089,0E-8,0.000000,0.912130,0.000000,0.17290835,2026-06-13,2026-08-06,38,153,140,55,0.690909,1.480416,1.259398,1.533514,,,,,,,,GLOBAL_BASELINE_NO_ENTITY_RANKING,,,NOT_APPLICABLE_GLOBAL_BASELINE,HF9g-P5,,,,X 全窗基线 · 不参与实体赏罚,3929538,393,A168_HF9F_20260827_0900,2026-08-27 09:00:00
2026-06-16,151437733,-1,1,2.2013582380,-2.2013582380,-2.2013582380,0E-7,1,1,0.49324550000000000,0.493245500000,-0.9865810262130424,-0.9865810262130424,-0.9865810262130424,0E-17,SENTINEL_DEALER,R03b_20260811_FULL_v1,L1_ELIGIBILITY,v2026-08-11,2026-03-21..2026-08-06,baccarat_bet02_101_all_pairs_incl_sentinel,round_win = game_pnl > 0 (decisive only),COMPATIBILITY_ONLY_NOT_PRODUCTION,798.2081,728.0697,-61.3341,219,219,0.07683976,0.17020089,-0.00270746,0.07683976,61.3341,798.2081,OK,0.0000,-2.4534,4.0000,96.0000,AG03-UNRESOLVED,ALL5_LEVELS_bet23_to_bet27,-2.4534,-2.4534,-2.4534,-3.0667,-3.0667,4.000000,4.000000,4.000000,5.000000,5.000000,96.000000,96.000000,96.000000,95.000000,95.000000,5.0,-13.4935,-12.3604,-47.8406,-48.9737,PENDING_AG03,FALSE,NOT_FOR_ENFORCEMENT,-58.8808,698.9469,-61.3341,-58.8808,-2.4534,-0.07683976,-0.07376617,-2.4534,-58.8808,-0.07376617,-2.4534,-2.4534,-2.4534,-3.0667,-3.0667,-58.8808,-0.07376617,-13.4935,-12.3604,-47.8406,-48.9737,-0.05993501,-0.06135457,-0.00307359,3.6448,3.3245,-0.2801,-1.6141,-0.4009,21.0055,5.7632,4.5902,3.1006,2.2014,2.7616,5.5205,6.428,8.837,11.0463,2.2093,0.0,3.2,4.0,1.319821,25,94,32,1,0.46005423,-0.07683976,-0.17020089,0E-8,0.000000,0.912130,0.000000,0.17290835,2026-06-13,2026-08-06,38,153,140,55,0.690909,1.480416,1.259398,1.533514,,,,,,,,GLOBAL_BASELINE_NO_ENTITY_RANKING,,,NOT_APPLICABLE_GLOBAL_BASELINE,HF9g-P5,,,,X 全窗基线 · 不参与实体赏罚,3929539,393,A168_HF9F_20260827_0900,2026-08-27 09:00:00
2026-06-16,151437733,2235,0,2.2013582380,-2.2013582380,-2.2013582380,0E-7,1,1,0.49324550000000000,0.493245500000,-0.9865810262130424,-0.9865810262130424,-0.9865810262130424,0E-17,ELIGIBLE,R03b_20260811_FULL_v1,L1_ELIGIBILITY,v2026-08-11,2026-03-21..2026-08-06,baccarat_bet02_101_all_pairs_incl_sentinel,round_win = game_pnl > 0 (decisive only),COMPATIBILITY_ONLY_NOT_PRODUCTION,798.2081,728.0697,-61.3341,219,219,0.07683976,0.17020089,-0.00270746,0.07683976,61.3341,798.2081,OK,0.0000,-2.4534,4.0000,96.0000,AG03-UNRESOLVED,ALL5_LEVELS_bet23_to_bet27,-2.4534,-2.4534,-2.4534,-3.0667,-3.0667,4.000000,4.000000,4.000000,5.000000,5.000000,96.000000,96.000000,96.000000,95.000000,95.000000,5.0,-13.4935,-12.3604,-47.8406,-48.9737,PENDING_AG03,FALSE,NOT_FOR_ENFORCEMENT,-58.8808,698.9469,-61.3341,-58.8808,-2.4534,-0.07683976,-0.07376617,-2.4534,-58.8808,-0.07376617,-2.4534,-2.4534,-2.4534,-3.0667,-3.0667,-58.8808,-0.07376617,-13.4935,-12.3604,-47.8406,-48.9737,-0.05993501,-0.06135457,-0.00307359,3.6448,3.3245,-0.2801,-1.6141,-0.4009,21.0055,5.7632,4.5902,3.1006,2.2014,2.7616,5.5205,6.428,8.837,11.0463,2.2093,0.0,3.2,4.0,1.319821,25,94,32,1,0.46005423,-0.07683976,-0.17020089,0E-8,0.000000,0.912130,0.000000,0.17290835,2026-06-13,2026-08-06,38,153,140,55,0.690909,1.480416,1.259398,1.533514,,,,,,,,GLOBAL_BASELINE_NO_ENTITY_RANKING,,,NOT_APPLICABLE_GLOBAL_BASELINE,HF9g-P5,,,,X 全窗基线 · 不参与实体赏罚,3929540,393,A168_HF9F_20260827_0900,2026-08-27 09:00:00
2026-06-16,151437733,2256,0,3.3020373570,3.3020373570,3.3020373570,1.0000000,2,2,0.49324550000000000,0.493245500000,1.4334489766152358,1.4334489766152358,1.4334489766152358,0E-17,ELIGIBLE,R03b_20260811_FULL_v1,L1_ELIGIBILITY,v2026-08-11,2026-03-21..2026-08-06,baccarat_bet02_101_all_pairs_incl_sentinel,round_win = game_pnl > 0 (decisive only),COMPATIBILITY_ONLY_NOT_PRODUCTION,798.2081,728.0697,-61.3341,219,219,0.07683976,0.17020089,-0.00270746,0.07683976,61.3341,798.2081,OK,0.0000,-2.4534,4.0000,96.0000,AG03-UNRESOLVED,ALL5_LEVELS_bet23_to_bet27,-2.4534,-2.4534,-2.4534,-3.0667,-3.0667,4.000000,4.000000,4.000000,5.000000,5.000000,96.000000,96.000000,96.000000,95.000000,95.000000,5.0,-13.4935,-12.3604,-47.8406,-48.9737,PENDING_AG03,FALSE,NOT_FOR_ENFORCEMENT,-58.8808,698.9469,-61.3341,-58.8808,-2.4534,-0.07683976,-0.07376617,-2.4534,-58.8808,-0.07376617,-2.4534,-2.4534,-2.4534,-3.0667,-3.0667,-58.8808,-0.07376617,-13.4935,-12.3604,-47.8406,-48.9737,-0.05993501,-0.06135457,-0.00307359,3.6448,3.3245,-0.2801,-1.6141,-0.4009,21.0055,5.7632,4.5902,3.1006,2.2014,2.7616,5.5205,6.428,8.837,11.0463,2.2093,0.0,3.2,4.0,1.319821,25,94,32,1,0.46005423,-0.07683976,-0.17020089,0E-8,0.000000,0.912130,0.000000,0.17290835,2026-06-13,2026-08-06,38,153,140,55,0.690909,1.480416,1.259398,1.533514,,,,,,,,GLOBAL_BASELINE_NO_ENTITY_RANKING,,,NOT_APPLICABLE_GLOBAL_BASELINE,HF9g-P5,,,,X 全窗基线 · 不参与实体赏罚,3929541,393,A168_HF9F_20260827_0900,2026-08-27 09:00:00
2026-06-17,151437733,1383,0,6.1638030665,6.1638030665,6.1638030665,1.0000000,1,1,0.49324550000000000,0.493245500000,1.01360149184955,1.01360149184955,1.01360149184955,0E-17,ELIGIBLE,R03b_20260811_FULL_v1,L1_ELIGIBILITY,v2026-08-11,2026-03-21..2026-08-06,baccarat_bet02_101_all_pairs_incl_sentinel,round_win = game_pnl > 0 (decisive only),COMPATIBILITY_ONLY_NOT_PRODUCTION,798.2081,728.0697,-61.3341,219,219,0.07683976,0.17020089,-0.00270746,0.07683976,61.3341,798.2081,OK,0.0000,-2.4534,4.0000,96.0000,AG03-UNRESOLVED,ALL5_LEVELS_bet23_to_bet27,-2.4534,-2.4534,-2.4534,-3.0667,-3.0667,4.000000,4.000000,4.000000,5.000000,5.000000,96.000000,96.000000,96.000000,95.000000,95.000000,5.0,-13.4935,-12.3604,-47.8406,-48.9737,PENDING_AG03,FALSE,NOT_FOR_ENFORCEMENT,-58.8808,698.9469,-61.3341,-58.8808,-2.4534,-0.07683976,-0.07376617,-2.4534,-58.8808,-0.07376617,-2.4534,-2.4534,-2.4534,-3.0667,-3.0667,-58.8808,-0.07376617,-13.4935,-12.3604,-47.8406,-48.9737,-0.05993501,-0.06135457,-0.00307359,3.6448,3.3245,-0.2801,-1.6141,-0.4009,21.0055,5.7632,4.5902,3.1006,2.2014,2.7616,5.5205,6.428,8.837,11.0463,2.2093,0.0,3.2,4.0,1.319821,25,94,32,1,0.46005423,-0.07683976,-0.17020089,0E-8,0.000000,0.912130,0.000000,0.17290835,2026-06-13,2026-08-06,38,153,140,55,0.690909,1.480416,1.259398,1.533514,,,,,,,,GLOBAL_BASELINE_NO_ENTITY_RANKING,,,NOT_APPLICABLE_GLOBAL_BASELINE,HF9g-P5,,,,X 全窗基线 · 不参与实体赏罚,3929542,393,A168_HF9F_20260827_0900,2026-08-27 09:00:00
2026-06-17,151437733,1485,0,2.6416298856,2.6416298856,2.6416298856,1.0000000,1,1,0.49324550000000000,0.493245500000,1.01360149184955,1.01360149184955,1.01360149184955,0E-17,ELIGIBLE,R03b_20260811_FULL_v1,L1_ELIGIBILITY,v2026-08-11,2026-03-21..2026-08-06,baccarat_bet02_101_all_pairs_incl_sentinel,round_win = game_pnl > 0 (decisive only),COMPATIBILITY_ONLY_NOT_PRODUCTION,798.2081,728.0697,-61.3341,219,219,0.07683976,0.17020089,-0.00270746,0.07683976,61.3341,798.2081,OK,0.0000,-2.4534,4.0000,96.0000,AG03-UNRESOLVED,ALL5_LEVELS_bet23_to_bet27,-2.4534,-2.4534,-2.4534,-3.0667,-3.0667,4.000000,4.000000,4.000000,5.000000,5.000000,96.000000,96.000000,96.000000,95.000000,95.000000,5.0,-13.4935,-12.3604,-47.8406,-48.9737,PENDING_AG03,FALSE,NOT_FOR_ENFORCEMENT,-58.8808,698.9469,-61.3341,-58.8808,-2.4534,-0.07683976,-0.07376617,-2.4534,-58.8808,-0.07376617,-2.4534,-2.4534,-2.4534,-3.0667,-3.0667,-58.8808,-0.07376617,-13.4935,-12.3604,-47.8406,-48.9737,-0.05993501,-0.06135457,-0.00307359,3.6448,3.3245,-0.2801,-1.6141,-0.4009,21.0055,5.7632,4.5902,3.1006,2.2014,2.7616,5.5205,6.428,8.837,11.0463,2.2093,0.0,3.2,4.0,1.319821,25,94,32,1,0.46005423,-0.07683976,-0.17020089,0E-8,0.000000,0.912130,0.000000,0.17290835,2026-06-13,2026-08-06,38,153,140,55,0.690909,1.480416,1.259398,1.533514,,,,,,,,GLOBAL_BASELINE_NO_ENTITY_RANKING,,,NOT_APPLICABLE_GLOBAL_BASELINE,HF9g-P5,,,,X 全窗基线 · 不参与实体赏罚,3929543,393,A168_HF9F_20260827_0900,2026-08-27 09:00:00
2026-06-17,151437733,2223,0,5.2832597712,0.8805432952,0.8805432952,0.5000000,2,2,0.49324550000000000,0.493245500000,0.01910635448239258,0.01910635448239258,0.01910635448239258,0E-17,ELIGIBLE,R03b_20260811_FULL_v1,L1_ELIGIBILITY,v2026-08-11,2026-03-21..2026-08-06,baccarat_bet02_101_all_pairs_incl_sentinel,round_win = game_pnl > 0 (decisive only),COMPATIBILITY_ONLY_NOT_PRODUCTION,798.2081,728.0697,-61.3341,219,219,0.07683976,0.17020089,-0.00270746,0.07683976,61.3341,798.2081,OK,0.0000,-2.4534,4.0000,96.0000,AG03-UNRESOLVED,ALL5_LEVELS_bet23_to_bet27,-2.4534,-2.4534,-2.4534,-3.0667,-3.0667,4.000000,4.000000,4.000000,5.000000,5.000000,96.000000,96.000000,96.000000,95.000000,95.000000,5.0,-13.4935,-12.3604,-47.8406,-48.9737,PENDING_AG03,FALSE,NOT_FOR_ENFORCEMENT,-58.8808,698.9469,-61.3341,-58.8808,-2.4534,-0.07683976,-0.07376617,-2.4534,-58.8808,-0.07376617,-2.4534,-2.4534,-2.4534,-3.0667,-3.0667,-58.8808,-0.07376617,-13.4935,-12.3604,-47.8406,-48.9737,-0.05993501,-0.06135457,-0.00307359,3.6448,3.3245,-0.2801,-1.6141,-0.4009,21.0055,5.7632,4.5902,3.1006,2.2014,2.7616,5.5205,6.428,8.837,11.0463,2.2093,0.0,3.2,4.0,1.319821,25,94,32,1,0.46005423,-0.07683976,-0.17020089,0E-8,0.000000,0.912130,0.000000,0.17290835,2026-06-13,2026-08-06,38,153,140,55,0.690909,1.480416,1.259398,1.533514,,,,,,,,GLOBAL_BASELINE_NO_ENTITY_RANKING,,,NOT_APPLICABLE_GLOBAL_BASELINE,HF9g-P5,,,,X 全窗基线 · 不参与实体赏罚,3929544,393,A168_HF9F_20260827_0900,2026-08-27 09:00:00
2026-06-17,151437733,948,0,2.4214940618,1.3208149428,1.3208149428,1.0000000,2,2,0.49324550000000000,0.493245500000,1.01360149184955,1.01360149184955,1.01360149184955,0E-17,ELIGIBLE,R03b_20260811_FULL_v1,L1_ELIGIBILITY,v2026-08-11,2026-03-21..2026-08-06,baccarat_bet02_101_all_pairs_incl_sentinel,round_win = game_pnl > 0 (decisive only),COMPATIBILITY_ONLY_NOT_PRODUCTION,798.2081,728.0697,-61.3341,219,219,0.07683976,0.17020089,-0.00270746,0.07683976,61.3341,798.2081,OK,0.0000,-2.4534,4.0000,96.0000,AG03-UNRESOLVED,ALL5_LEVELS_bet23_to_bet27,-2.4534,-2.4534,-2.4534,-3.0667,-3.0667,4.000000,4.000000,4.000000,5.000000,5.000000,96.000000,96.000000,96.000000,95.000000,95.000000,5.0,-13.4935,-12.3604,-47.8406,-48.9737,PENDING_AG03,FALSE,NOT_FOR_ENFORCEMENT,-58.8808,698.9469,-61.3341,-58.8808,-2.4534,-0.07683976,-0.07376617,-2.4534,-58.8808,-0.07376617,-2.4534,-2.4534,-2.4534,-3.0667,-3.0667,-58.8808,-0.07376617,-13.4935,-12.3604,-47.8406,-48.9737,-0.05993501,-0.06135457,-0.00307359,3.6448,3.3245,-0.2801,-1.6141,-0.4009,21.0055,5.7632,4.5902,3.1006,2.2014,2.7616,5.5205,6.428,8.837,11.0463,2.2093,0.0,3.2,4.0,1.319821,25,94,32,1,0.46005423,-0.07683976,-0.17020089,0E-8,0.000000,0.912130,0.000000,0.17290835,2026-06-13,2026-08-06,38,153,140,55,0.690909,1.480416,1.259398,1.533514,,,,,,,,GLOBAL_BASELINE_NO_ENTITY_RANKING,,,NOT_APPLICABLE_GLOBAL_BASELINE,HF9g-P5,,,,X 全窗基线 · 不参与实体赏罚,3929545,393,A168_HF9F_20260827_0900,2026-08-27 09:00:00
2026-06-18,151437733,-1,1,6.6040747140,-2.2013582380,-2.2013582380,0.3333333,3,3,0.49324550000000000,0.493245500000,-0.5540025479526107,-0.5540025479526106,-0.5540025479526107,0E-17,SENTINEL_DEALER,R03b_20260811_FULL_v1,L1_ELIGIBILITY,v2026-08-11,2026-03-21..2026-08-06,baccarat_bet02_101_all_pairs_incl_sentinel,round_win = game_pnl > 0 (decisive only),COMPATIBILITY_ONLY_NOT_PRODUCTION,798.2081,728.0697,-61.3341,219,219,0.07683976,0.17020089,-0.00270746,0.07683976,61.3341,798.2081,OK,0.0000,-2.4534,4.0000,96.0000,AG03-UNRESOLVED,ALL5_LEVELS_bet23_to_bet27,-2.4534,-2.4534,-2.4534,-3.0667,-3.0667,4.000000,4.000000,4.000000,5.000000,5.000000,96.000000,96.000000,96.000000,95.000000,95.000000,5.0,-13.4935,-12.3604,-47.8406,-48.9737,PENDING_AG03,FALSE,NOT_FOR_ENFORCEMENT,-58.8808,698.9469,-61.3341,-58.8808,-2.4534,-0.07683976,-0.07376617,-2.4534,-58.8808,-0.07376617,-2.4534,-2.4534,-2.4534,-3.0667,-3.0667,-58.8808,-0.07376617,-13.4935,-12.3604,-47.8406,-48.9737,-0.05993501,-0.06135457,-0.00307359,3.6448,3.3245,-0.2801,-1.6141,-0.4009,21.0055,5.7632,4.5902,3.1006,2.2014,2.7616,5.5205,6.428,8.837,11.0463,2.2093,0.0,3.2,4.0,1.319821,25,94,32,1,0.46005423,-0.07683976,-0.17020089,0E-8,0.000000,0.912130,0.000000,0.17290835,2026-06-13,2026-08-06,38,153,140,55,0.690909,1.480416,1.259398,1.533514,,,,,,,,GLOBAL_BASELINE_NO_ENTITY_RANKING,,,NOT_APPLICABLE_GLOBAL_BASELINE,HF9g-P5,,,,X 全窗基线 · 不参与实体赏罚,3929546,393,A168_HF9F_20260827_0900,2026-08-27 09:00:00
2026-06-18,151437733,2235,0,2.2013582380,-2.2013582380,-2.2013582380,0E-7,1,1,0.49324550000000000,0.493245500000,-0.9865810262130424,-0.9865810262130424,-0.9865810262130424,0E-17,ELIGIBLE,R03b_20260811_FULL_v1,L1_ELIGIBILITY,v2026-08-11,2026-03-21..2026-08-06,baccarat_bet02_101_all_pairs_incl_sentinel,round_win = game_pnl > 0 (decisive only),COMPATIBILITY_ONLY_NOT_PRODUCTION,798.2081,728.0697,-61.3341,219,219,0.07683976,0.17020089,-0.00270746,0.07683976,61.3341,798.2081,OK,0.0000,-2.4534,4.0000,96.0000,AG03-UNRESOLVED,ALL5_LEVELS_bet23_to_bet27,-2.4534,-2.4534,-2.4534,-3.0667,-3.0667,4.000000,4.000000,4.000000,5.000000,5.000000,96.000000,96.000000,96.000000,95.000000,95.000000,5.0,-13.4935,-12.3604,-47.8406,-48.9737,PENDING_AG03,FALSE,NOT_FOR_ENFORCEMENT,-58.8808,698.9469,-61.3341,-58.8808,-2.4534,-0.07683976,-0.07376617,-2.4534,-58.8808,-0.07376617,-2.4534,-2.4534,-2.4534,-3.0667,-3.0667,-58.8808,-0.07376617,-13.4935,-12.3604,-47.8406,-48.9737,-0.05993501,-0.06135457,-0.00307359,3.6448,3.3245,-0.2801,-1.6141,-0.4009,21.0055,5.7632,4.5902,3.1006,2.2014,2.7616,5.5205,6.428,8.837,11.0463,2.2093,0.0,3.2,4.0,1.319821,25,94,32,1,0.46005423,-0.07683976,-0.17020089,0E-8,0.000000,0.912130,0.000000,0.17290835,2026-06-13,2026-08-06,38,153,140,55,0.690909,1.480416,1.259398,1.533514,,,,,,,,GLOBAL_BASELINE_NO_ENTITY_RANKING,,,NOT_APPLICABLE_GLOBAL_BASELINE,HF9g-P5,,,,X 全窗基线 · 不参与实体赏罚,3929547,393,A168_HF9F_20260827_0900,2026-08-27 09:00:00
2026-06-19,151437733,1302,0,4.4027164761,-4.4027164761,-4.4027164761,0E-7,1,1,0.49324550000000000,0.493245500000,-0.9865810262130424,-0.9865810262130424,-0.9865810262130424,0E-17,ELIGIBLE,R03b_20260811_FULL_v1,L1_ELIGIBILITY,v2026-08-11,2026-03-21..2026-08-06,baccarat_bet02_101_all_pairs_incl_sentinel,round_win = game_pnl > 0 (decisive only),COMPATIBILITY_ONLY_NOT_PRODUCTION,798.2081,728.0697,-61.3341,219,219,0.07683976,0.17020089,-0.00270746,0.07683976,61.3341,798.2081,OK,0.0000,-2.4534,4.0000,96.0000,AG03-UNRESOLVED,ALL5_LEVELS_bet23_to_bet27,-2.4534,-2.4534,-2.4534,-3.0667,-3.0667,4.000000,4.000000,4.000000,5.000000,5.000000,96.000000,96.000000,96.000000,95.000000,95.000000,5.0,-13.4935,-12.3604,-47.8406,-48.9737,PENDING_AG03,FALSE,NOT_FOR_ENFORCEMENT,-58.8808,698.9469,-61.3341,-58.8808,-2.4534,-0.07683976,-0.07376617,-2.4534,-58.8808,-0.07376617,-2.4534,-2.4534,-2.4534,-3.0667,-3.0667,-58.8808,-0.07376617,-13.4935,-12.3604,-47.8406,-48.9737,-0.05993501,-0.06135457,-0.00307359,3.6448,3.3245,-0.2801,-1.6141,-0.4009,21.0055,5.7632,4.5902,3.1006,2.2014,2.7616,5.5205,6.428,8.837,11.0463,2.2093,0.0,3.2,4.0,1.319821,25,94,32,1,0.46005423,-0.07683976,-0.17020089,0E-8,0.000000,0.912130,0.000000,0.17290835,2026-06-13,2026-08-06,38,153,140,55,0.690909,1.480416,1.259398,1.533514,,,,,,,,GLOBAL_BASELINE_NO_ENTITY_RANKING,,,NOT_APPLICABLE_GLOBAL_BASELINE,HF9g-P5,,,,X 全窗基线 · 不参与实体赏罚,3929548,393,A168_HF9F_20260827_0900,2026-08-27 09:00:00
2026-06-19,151437733,1307,0,3.3020373570,0E-10,0E-10,0.5000000,3,3,0.49324550000000000,0.493245500000,0.01910635448239258,0.01910635448239258,0.01910635448239258,0E-17,ELIGIBLE,R03b_20260811_FULL_v1,L1_ELIGIBILITY,v2026-08-11,2026-03-21..2026-08-06,baccarat_bet02_101_all_pairs_incl_sentinel,round_win = game_pnl > 0 (decisive only),COMPATIBILITY_ONLY_NOT_PRODUCTION,798.2081,728.0697,-61.3341,219,219,0.07683976,0.17020089,-0.00270746,0.07683976,61.3341,798.2081,OK,0.0000,-2.4534,4.0000,96.0000,AG03-UNRESOLVED,ALL5_LEVELS_bet23_to_bet27,-2.4534,-2.4534,-2.4534,-3.0667,-3.0667,4.000000,4.000000,4.000000,5.000000,5.000000,96.000000,96.000000,96.000000,95.000000,95.000000,5.0,-13.4935,-12.3604,-47.8406,-48.9737,PENDING_AG03,FALSE,NOT_FOR_ENFORCEMENT,-58.8808,698.9469,-61.3341,-58.8808,-2.4534,-0.07683976,-0.07376617,-2.4534,-58.8808,-0.07376617,-2.4534,-2.4534,-2.4534,-3.0667,-3.0667,-58.8808,-0.07376617,-13.4935,-12.3604,-47.8406,-48.9737,-0.05993501,-0.06135457,-0.00307359,3.6448,3.3245,-0.2801,-1.6141,-0.4009,21.0055,5.7632,4.5902,3.1006,2.2014,2.7616,5.5205,6.428,8.837,11.0463,2.2093,0.0,3.2,4.0,1.319821,25,94,32,1,0.46005423,-0.07683976,-0.17020089,0E-8,0.000000,0.912130,0.000000,0.17290835,2026-06-13,2026-08-06,38,153,140,55,0.690909,1.480416,1.259398,1.533514,,,,,,,,GLOBAL_BASELINE_NO_ENTITY_RANKING,,,NOT_APPLICABLE_GLOBAL_BASELINE,HF9g-P5,,,,X 全窗基线 · 不参与实体赏罚,3929549,393,A168_HF9F_20260827_0900,2026-08-27 09:00:00
2026-06-19,151437733,1509,0,2.2013582380,2.2013582380,2.2013582380,1.0000000,1,1,0.49324550000000000,0.493245500000,1.01360149184955,1.01360149184955,1.01360149184955,0E-17,ELIGIBLE,R03b_20260811_FULL_v1,L1_ELIGIBILITY,v2026-08-11,2026-03-21..2026-08-06,baccarat_bet02_101_all_pairs_incl_sentinel,round_win = game_pnl > 0 (decisive only),COMPATIBILITY_ONLY_NOT_PRODUCTION,798.2081,728.0697,-61.3341,219,219,0.07683976,0.17020089,-0.00270746,0.07683976,61.3341,798.2081,OK,0.0000,-2.4534,4.0000,96.0000,AG03-UNRESOLVED,ALL5_LEVELS_bet23_to_bet27,-2.4534,-2.4534,-2.4534,-3.0667,-3.0667,4.000000,4.000000,4.000000,5.000000,5.000000,96.000000,96.000000,96.000000,95.000000,95.000000,5.0,-13.4935,-12.3604,-47.8406,-48.9737,PENDING_AG03,FALSE,NOT_FOR_ENFORCEMENT,-58.8808,698.9469,-61.3341,-58.8808,-2.4534,-0.07683976,-0.07376617,-2.4534,-58.8808,-0.07376617,-2.4534,-2.4534,-2.4534,-3.0667,-3.0667,-58.8808,-0.07376617,-13.4935,-12.3604,-47.8406,-48.9737,-0.05993501,-0.06135457,-0.00307359,3.6448,3.3245,-0.2801,-1.6141,-0.4009,21.0055,5.7632,4.5902,3.1006,2.2014,2.7616,5.5205,6.428,8.837,11.0463,2.2093,0.0,3.2,4.0,1.319821,25,94,32,1,0.46005423,-0.07683976,-0.17020089,0E-8,0.000000,0.912130,0.000000,0.17290835,2026-06-13,2026-08-06,38,153,140,55,0.690909,1.480416,1.259398,1.533514,,,,,,,,GLOBAL_BASELINE_NO_ENTITY_RANKING,,,NOT_APPLICABLE_GLOBAL_BASELINE,HF9g-P5,,,,X 全窗基线 · 不参与实体赏罚,3929550,393,A168_HF9F_20260827_0900,2026-08-27 09:00:00
2026-06-19,151437733,2103,0,1.1006791190,1.1006791190,1.1006791190,1.0000000,1,1,0.49324550000000000,0.493245500000,1.01360149184955,1.01360149184955,1.01360149184955,0E-17,ELIGIBLE,R03b_20260811_FULL_v1,L1_ELIGIBILITY,v2026-08-11,2026-03-21..2026-08-06,baccarat_bet02_101_all_pairs_incl_sentinel,round_win = game_pnl > 0 (decisive only),COMPATIBILITY_ONLY_NOT_PRODUCTION,798.2081,728.0697,-61.3341,219,219,0.07683976,0.17020089,-0.00270746,0.07683976,61.3341,798.2081,OK,0.0000,-2.4534,4.0000,96.0000,AG03-UNRESOLVED,ALL5_LEVELS_bet23_to_bet27,-2.4534,-2.4534,-2.4534,-3.0667,-3.0667,4.000000,4.000000,4.000000,5.000000,5.000000,96.000000,96.000000,96.000000,95.000000,95.000000,5.0,-13.4935,-12.3604,-47.8406,-48.9737,PENDING_AG03,FALSE,NOT_FOR_ENFORCEMENT,-58.8808,698.9469,-61.3341,-58.8808,-2.4534,-0.07683976,-0.07376617,-2.4534,-58.8808,-0.07376617,-2.4534,-2.4534,-2.4534,-3.0667,-3.0667,-58.8808,-0.07376617,-13.4935,-12.3604,-47.8406,-48.9737,-0.05993501,-0.06135457,-0.00307359,3.6448,3.3245,-0.2801,-1.6141,-0.4009,21.0055,5.7632,4.5902,3.1006,2.2014,2.7616,5.5205,6.428,8.837,11.0463,2.2093,0.0,3.2,4.0,1.319821,25,94,32,1,0.46005423,-0.07683976,-0.17020089,0E-8,0.000000,0.912130,0.000000,0.17290835,2026-06-13,2026-08-06,38,153,140,55,0.690909,1.480416,1.259398,1.533514,,,,,,,,GLOBAL_BASELINE_NO_ENTITY_RANKING,,,NOT_APPLICABLE_GLOBAL_BASELINE,HF9g-P5,,,,X 全窗基线 · 不参与实体赏罚,3929551,393,A168_HF9F_20260827_0900,2026-08-27 09:00:00
2026-06-20,151437733,1353,0,1.6510186785,1.6510186785,1.6510186785,1.0000000,1,1,0.49324550000000000,0.493245500000,1.01360149184955,1.01360149184955,1.01360149184955,0E-17,ELIGIBLE,R03b_20260811_FULL_v1,L1_ELIGIBILITY,v2026-08-11,2026-03-21..2026-08-06,baccarat_bet02_101_all_pairs_incl_sentinel,round_win = game_pnl > 0 (decisive only),COMPATIBILITY_ONLY_NOT_PRODUCTION,798.2081,728.0697,-61.3341,219,219,0.07683976,0.17020089,-0.00270746,0.07683976,61.3341,798.2081,OK,0.0000,-2.4534,4.0000,96.0000,AG03-UNRESOLVED,ALL5_LEVELS_bet23_to_bet27,-2.4534,-2.4534,-2.4534,-3.0667,-3.0667,4.000000,4.000000,4.000000,5.000000,5.000000,96.000000,96.000000,96.000000,95.000000,95.000000,5.0,-13.4935,-12.3604,-47.8406,-48.9737,PENDING_AG03,FALSE,NOT_FOR_ENFORCEMENT,-58.8808,698.9469,-61.3341,-58.8808,-2.4534,-0.07683976,-0.07376617,-2.4534,-58.8808,-0.07376617,-2.4534,-2.4534,-2.4534,-3.0667,-3.0667,-58.8808,-0.07376617,-13.4935,-12.3604,-47.8406,-48.9737,-0.05993501,-0.06135457,-0.00307359,3.6448,3.3245,-0.2801,-1.6141,-0.4009,21.0055,5.7632,4.5902,3.1006,2.2014,2.7616,5.5205,6.428,8.837,11.0463,2.2093,0.0,3.2,4.0,1.319821,25,94,32,1,0.46005423,-0.07683976,-0.17020089,0E-8,0.000000,0.912130,0.000000,0.17290835,2026-06-13,2026-08-06,38,153,140,55,0.690909,1.480416,1.259398,1.533514,,,,,,,,GLOBAL_BASELINE_NO_ENTITY_RANKING,,,NOT_APPLICABLE_GLOBAL_BASELINE,HF9g-P5,,,,X 全窗基线 · 不参与实体赏罚,3929552,393,A168_HF9F_20260827_0900,2026-08-27 09:00:00
2026-06-20,151437733,1402,0,2.2013582380,-2.2013582380,-2.2013582380,0E-7,1,1,0.49324550000000000,0.493245500000,-0.9865810262130424,-0.9865810262130424,-0.9865810262130424,0E-17,ELIGIBLE,R03b_20260811_FULL_v1,L1_ELIGIBILITY,v2026-08-11,2026-03-21..2026-08-06,baccarat_bet02_101_all_pairs_incl_sentinel,round_win = game_pnl > 0 (decisive only),COMPATIBILITY_ONLY_NOT_PRODUCTION,798.2081,728.0697,-61.3341,219,219,0.07683976,0.17020089,-0.00270746,0.07683976,61.3341,798.2081,OK,0.0000,-2.4534,4.0000,96.0000,AG03-UNRESOLVED,ALL5_LEVELS_bet23_to_bet27,-2.4534,-2.4534,-2.4534,-3.0667,-3.0667,4.000000,4.000000,4.000000,5.000000,5.000000,96.000000,96.000000,96.000000,95.000000,95.000000,5.0,-13.4935,-12.3604,-47.8406,-48.9737,PENDING_AG03,FALSE,NOT_FOR_ENFORCEMENT,-58.8808,698.9469,-61.3341,-58.8808,-2.4534,-0.07683976,-0.07376617,-2.4534,-58.8808,-0.07376617,-2.4534,-2.4534,-2.4534,-3.0667,-3.0667,-58.8808,-0.07376617,-13.4935,-12.3604,-47.8406,-48.9737,-0.05993501,-0.06135457,-0.00307359,3.6448,3.3245,-0.2801,-1.6141,-0.4009,21.0055,5.7632,4.5902,3.1006,2.2014,2.7616,5.5205,6.428,8.837,11.0463,2.2093,0.0,3.2,4.0,1.319821,25,94,32,1,0.46005423,-0.07683976,-0.17020089,0E-8,0.000000,0.912130,0.000000,0.17290835,2026-06-13,2026-08-06,38,153,140,55,0.690909,1.480416,1.259398,1.533514,,,,,,,,GLOBAL_BASELINE_NO_ENTITY_RANKING,,,NOT_APPLICABLE_GLOBAL_BASELINE,HF9g-P5,,,,X 全窗基线 · 不参与实体赏罚,3929553,393,A168_HF9F_20260827_0900,2026-08-27 09:00:00
2026-06-20,151437733,1490,0,2.2013582380,2.2013582380,2.2013582380,1.0000000,1,1,0.49324550000000000,0.493245500000,1.01360149184955,1.01360149184955,1.01360149184955,0E-17,ELIGIBLE,R03b_20260811_FULL_v1,L1_ELIGIBILITY,v2026-08-11,2026-03-21..2026-08-06,baccarat_bet02_101_all_pairs_incl_sentinel,round_win = game_pnl > 0 (decisive only),COMPATIBILITY_ONLY_NOT_PRODUCTION,798.2081,728.0697,-61.3341,219,219,0.07683976,0.17020089,-0.00270746,0.07683976,61.3341,798.2081,OK,0.0000,-2.4534,4.0000,96.0000,AG03-UNRESOLVED,ALL5_LEVELS_bet23_to_bet27,-2.4534,-2.4534,-2.4534,-3.0667,-3.0667,4.000000,4.000000,4.000000,5.000000,5.000000,96.000000,96.000000,96.000000,95.000000,95.000000,5.0,-13.4935,-12.3604,-47.8406,-48.9737,PENDING_AG03,FALSE,NOT_FOR_ENFORCEMENT,-58.8808,698.9469,-61.3341,-58.8808,-2.4534,-0.07683976,-0.07376617,-2.4534,-58.8808,-0.07376617,-2.4534,-2.4534,-2.4534,-3.0667,-3.0667,-58.8808,-0.07376617,-13.4935,-12.3604,-47.8406,-48.9737,-0.05993501,-0.06135457,-0.00307359,3.6448,3.3245,-0.2801,-1.6141,-0.4009,21.0055,5.7632,4.5902,3.1006,2.2014,2.7616,5.5205,6.428,8.837,11.0463,2.2093,0.0,3.2,4.0,1.319821,25,94,32,1,0.46005423,-0.07683976,-0.17020089,0E-8,0.000000,0.912130,0.000000,0.17290835,2026-06-13,2026-08-06,38,153,140,55,0.690909,1.480416,1.259398,1.533514,,,,,,,,GLOBAL_BASELINE_NO_ENTITY_RANKING,,,NOT_APPLICABLE_GLOBAL_BASELINE,HF9g-P5,,,,X 全窗基线 · 不参与实体赏罚,3929554,393,A168_HF9F_20260827_0900,2026-08-27 09:00:00
2026-06-20,151437733,2103,0,8.4752292164,-6.2738709784,-6.2738709784,0E-7,3,3,0.49324550000000000,0.493245500000,-1.3952362676504506,-1.3952362676504506,-1.3952362676504506,0E-17,ELIGIBLE,R03b_20260811_FULL_v1,L1_ELIGIBILITY,v2026-08-11,2026-03-21..2026-08-06,baccarat_bet02_101_all_pairs_incl_sentinel,round_win = game_pnl > 0 (decisive only),COMPATIBILITY_ONLY_NOT_PRODUCTION,798.2081,728.0697,-61.3341,219,219,0.07683976,0.17020089,-0.00270746,0.07683976,61.3341,798.2081,OK,0.0000,-2.4534,4.0000,96.0000,AG03-UNRESOLVED,ALL5_LEVELS_bet23_to_bet27,-2.4534,-2.4534,-2.4534,-3.0667,-3.0667,4.000000,4.000000,4.000000,5.000000,5.000000,96.000000,96.000000,96.000000,95.000000,95.000000,5.0,-13.4935,-12.3604,-47.8406,-48.9737,PENDING_AG03,FALSE,NOT_FOR_ENFORCEMENT,-58.8808,698.9469,-61.3341,-58.8808,-2.4534,-0.07683976,-0.07376617,-2.4534,-58.8808,-0.07376617,-2.4534,-2.4534,-2.4534,-3.0667,-3.0667,-58.8808,-0.07376617,-13.4935,-12.3604,-47.8406,-48.9737,-0.05993501,-0.06135457,-0.00307359,3.6448,3.3245,-0.2801,-1.6141,-0.4009,21.0055,5.7632,4.5902,3.1006,2.2014,2.7616,5.5205,6.428,8.837,11.0463,2.2093,0.0,3.2,4.0,1.319821,25,94,32,1,0.46005423,-0.07683976,-0.17020089,0E-8,0.000000,0.912130,0.000000,0.17290835,2026-06-13,2026-08-06,38,153,140,55,0.690909,1.480416,1.259398,1.533514,,,,,,,,GLOBAL_BASELINE_NO_ENTITY_RANKING,,,NOT_APPLICABLE_GLOBAL_BASELINE,HF9g-P5,,,,X 全窗基线 · 不参与实体赏罚,3929555,393,A168_HF9F_20260827_0900,2026-08-27 09:00:00
2026-06-20,151437733,2117,0,4.4027164760,2.2013582380,2.2013582380,1.0000000,2,2,0.49324550000000000,0.493245500000,1.01360149184955,1.01360149184955,1.01360149184955,0E-17,ELIGIBLE,R03b_20260811_FULL_v1,L1_ELIGIBILITY,v2026-08-11,2026-03-21..2026-08-06,baccarat_bet02_101_all_pairs_incl_sentinel,round_win = game_pnl > 0 (decisive only),COMPATIBILITY_ONLY_NOT_PRODUCTION,798.2081,728.0697,-61.3341,219,219,0.07683976,0.17020089,-0.00270746,0.07683976,61.3341,798.2081,OK,0.0000,-2.4534,4.0000,96.0000,AG03-UNRESOLVED,ALL5_LEVELS_bet23_to_bet27,-2.4534,-2.4534,-2.4534,-3.0667,-3.0667,4.000000,4.000000,4.000000,5.000000,5.000000,96.000000,96.000000,96.000000,95.000000,95.000000,5.0,-13.4935,-12.3604,-47.8406,-48.9737,PENDING_AG03,FALSE,NOT_FOR_ENFORCEMENT,-58.8808,698.9469,-61.3341,-58.8808,-2.4534,-0.07683976,-0.07376617,-2.4534,-58.8808,-0.07376617,-2.4534,-2.4534,-2.4534,-3.0667,-3.0667,-58.8808,-0.07376617,-13.4935,-12.3604,-47.8406,-48.9737,-0.05993501,-0.06135457,-0.00307359,3.6448,3.3245,-0.2801,-1.6141,-0.4009,21.0055,5.7632,4.5902,3.1006,2.2014,2.7616,5.5205,6.428,8.837,11.0463,2.2093,0.0,3.2,4.0,1.319821,25,94,32,1,0.46005423,-0.07683976,-0.17020089,0E-8,0.000000,0.912130,0.000000,0.17290835,2026-06-13,2026-08-06,38,153,140,55,0.690909,1.480416,1.259398,1.533514,,,,,,,,GLOBAL_BASELINE_NO_ENTITY_RANKING,,,NOT_APPLICABLE_GLOBAL_BASELINE,HF9g-P5,,,,X 全窗基线 · 不参与实体赏罚,3929556,393,A168_HF9F_20260827_0900,2026-08-27 09:00:00
2026-06-20,151437733,2134,0,11.0067911902,11.0067911902,11.0067911902,1.0000000,2,2,0.49324550000000000,0.493245500000,1.4334489766152358,1.4334489766152358,1.4334489766152358,0E-17,ELIGIBLE,R03b_20260811_FULL_v1,L1_ELIGIBILITY,v2026-08-11,2026-03-21..2026-08-06,baccarat_bet02_101_all_pairs_incl_sentinel,round_win = game_pnl > 0 (decisive only),COMPATIBILITY_ONLY_NOT_PRODUCTION,798.2081,728.0697,-61.3341,219,219,0.07683976,0.17020089,-0.00270746,0.07683976,61.3341,798.2081,OK,0.0000,-2.4534,4.0000,96.0000,AG03-UNRESOLVED,ALL5_LEVELS_bet23_to_bet27,-2.4534,-2.4534,-2.4534,-3.0667,-3.0667,4.000000,4.000000,4.000000,5.000000,5.000000,96.000000,96.000000,96.000000,95.000000,95.000000,5.0,-13.4935,-12.3604,-47.8406,-48.9737,PENDING_AG03,FALSE,NOT_FOR_ENFORCEMENT,-58.8808,698.9469,-61.3341,-58.8808,-2.4534,-0.07683976,-0.07376617,-2.4534,-58.8808,-0.07376617,-2.4534,-2.4534,-2.4534,-3.0667,-3.0667,-58.8808,-0.07376617,-13.4935,-12.3604,-47.8406,-48.9737,-0.05993501,-0.06135457,-0.00307359,3.6448,3.3245,-0.2801,-1.6141,-0.4009,21.0055,5.7632,4.5902,3.1006,2.2014,2.7616,5.5205,6.428,8.837,11.0463,2.2093,0.0,3.2,4.0,1.319821,25,94,32,1,0.46005423,-0.07683976,-0.17020089,0E-8,0.000000,0.912130,0.000000,0.17290835,2026-06-13,2026-08-06,38,153,140,55,0.690909,1.480416,1.259398,1.533514,,,,,,,,GLOBAL_BASELINE_NO_ENTITY_RANKING,,,NOT_APPLICABLE_GLOBAL_BASELINE,HF9g-P5,,,,X 全窗基线 · 不参与实体赏罚,3929557,393,A168_HF9F_20260827_0900,2026-08-27 09:00:00
2026-06-20,151437733,2271,0,9.9061120711,-3.3020373570,-3.3020373570,0E-7,3,3,0.49324550000000000,0.493245500000,-1.3952362676504506,-1.3952362676504506,-1.3952362676504506,0E-17,ELIGIBLE,R03b_20260811_FULL_v1,L1_ELIGIBILITY,v2026-08-11,2026-03-21..2026-08-06,baccarat_bet02_101_all_pairs_incl_sentinel,round_win = game_pnl > 0 (decisive only),COMPATIBILITY_ONLY_NOT_PRODUCTION,798.2081,728.0697,-61.3341,219,219,0.07683976,0.17020089,-0.00270746,0.07683976,61.3341,798.2081,OK,0.0000,-2.4534,4.0000,96.0000,AG03-UNRESOLVED,ALL5_LEVELS_bet23_to_bet27,-2.4534,-2.4534,-2.4534,-3.0667,-3.0667,4.000000,4.000000,4.000000,5.000000,5.000000,96.000000,96.000000,96.000000,95.000000,95.000000,5.0,-13.4935,-12.3604,-47.8406,-48.9737,PENDING_AG03,FALSE,NOT_FOR_ENFORCEMENT,-58.8808,698.9469,-61.3341,-58.8808,-2.4534,-0.07683976,-0.07376617,-2.4534,-58.8808,-0.07376617,-2.4534,-2.4534,-2.4534,-3.0667,-3.0667,-58.8808,-0.07376617,-13.4935,-12.3604,-47.8406,-48.9737,-0.05993501,-0.06135457,-0.00307359,3.6448,3.3245,-0.2801,-1.6141,-0.4009,21.0055,5.7632,4.5902,3.1006,2.2014,2.7616,5.5205,6.428,8.837,11.0463,2.2093,0.0,3.2,4.0,1.319821,25,94,32,1,0.46005423,-0.07683976,-0.17020089,0E-8,0.000000,0.912130,0.000000,0.17290835,2026-06-13,2026-08-06,38,153,140,55,0.690909,1.480416,1.259398,1.533514,,,,,,,,GLOBAL_BASELINE_NO_ENTITY_RANKING,,,NOT_APPLICABLE_GLOBAL_BASELINE,HF9g-P5,,,,X 全窗基线 · 不参与实体赏罚,3929558,393,A168_HF9F_20260827_0900,2026-08-27 09:00:00
2026-06-21,151437733,-1,1,3.3020373570,-3.3020373570,-3.3020373570,0E-7,1,1,0.49324550000000000,0.493245500000,-0.9865810262130424,-0.9865810262130424,-0.9865810262130424,0E-17,SENTINEL_DEALER,R03b_20260811_FULL_v1,L1_ELIGIBILITY,v2026-08-11,2026-03-21..2026-08-06,baccarat_bet02_101_all_pairs_incl_sentinel,round_win = game_pnl > 0 (decisive only),COMPATIBILITY_ONLY_NOT_PRODUCTION,798.2081,728.0697,-61.3341,219,219,0.07683976,0.17020089,-0.00270746,0.07683976,61.3341,798.2081,OK,0.0000,-2.4534,4.0000,96.0000,AG03-UNRESOLVED,ALL5_LEVELS_bet23_to_bet27,-2.4534,-2.4534,-2.4534,-3.0667,-3.0667,4.000000,4.000000,4.000000,5.000000,5.000000,96.000000,96.000000,96.000000,95.000000,95.000000,5.0,-13.4935,-12.3604,-47.8406,-48.9737,PENDING_AG03,FALSE,NOT_FOR_ENFORCEMENT,-58.8808,698.9469,-61.3341,-58.8808,-2.4534,-0.07683976,-0.07376617,-2.4534,-58.8808,-0.07376617,-2.4534,-2.4534,-2.4534,-3.0667,-3.0667,-58.8808,-0.07376617,-13.4935,-12.3604,-47.8406,-48.9737,-0.05993501,-0.06135457,-0.00307359,3.6448,3.3245,-0.2801,-1.6141,-0.4009,21.0055,5.7632,4.5902,3.1006,2.2014,2.7616,5.5205,6.428,8.837,11.0463,2.2093,0.0,3.2,4.0,1.319821,25,94,32,1,0.46005423,-0.07683976,-0.17020089,0E-8,0.000000,0.912130,0.000000,0.17290835,2026-06-13,2026-08-06,38,153,140,55,0.690909,1.480416,1.259398,1.533514,,,,,,,,GLOBAL_BASELINE_NO_ENTITY_RANKING,,,NOT_APPLICABLE_GLOBAL_BASELINE,HF9g-P5,,,,X 全窗基线 · 不参与实体赏罚,3929559,393,A168_HF9F_20260827_0900,2026-08-27 09:00:00
2026-06-21,151437733,1402,0,8.2550933926,-8.2550933926,-8.2550933926,0E-7,1,1,0.49324550000000000,0.493245500000,-0.9865810262130424,-0.9865810262130424,-0.9865810262130424,0E-17,ELIGIBLE,R03b_20260811_FULL_v1,L1_ELIGIBILITY,v2026-08-11,2026-03-21..2026-08-06,baccarat_bet02_101_all_pairs_incl_sentinel,round_win = game_pnl > 0 (decisive only),COMPATIBILITY_ONLY_NOT_PRODUCTION,798.2081,728.0697,-61.3341,219,219,0.07683976,0.17020089,-0.00270746,0.07683976,61.3341,798.2081,OK,0.0000,-2.4534,4.0000,96.0000,AG03-UNRESOLVED,ALL5_LEVELS_bet23_to_bet27,-2.4534,-2.4534,-2.4534,-3.0667,-3.0667,4.000000,4.000000,4.000000,5.000000,5.000000,96.000000,96.000000,96.000000,95.000000,95.000000,5.0,-13.4935,-12.3604,-47.8406,-48.9737,PENDING_AG03,FALSE,NOT_FOR_ENFORCEMENT,-58.8808,698.9469,-61.3341,-58.8808,-2.4534,-0.07683976,-0.07376617,-2.4534,-58.8808,-0.07376617,-2.4534,-2.4534,-2.4534,-3.0667,-3.0667,-58.8808,-0.07376617,-13.4935,-12.3604,-47.8406,-48.9737,-0.05993501,-0.06135457,-0.00307359,3.6448,3.3245,-0.2801,-1.6141,-0.4009,21.0055,5.7632,4.5902,3.1006,2.2014,2.7616,5.5205,6.428,8.837,11.0463,2.2093,0.0,3.2,4.0,1.319821,25,94,32,1,0.46005423,-0.07683976,-0.17020089,0E-8,0.000000,0.912130,0.000000,0.17290835,2026-06-13,2026-08-06,38,153,140,55,0.690909,1.480416,1.259398,1.533514,,,,,,,,GLOBAL_BASELINE_NO_ENTITY_RANKING,,,NOT_APPLICABLE_GLOBAL_BASELINE,HF9g-P5,,,,X 全窗基线 · 不参与实体赏罚,3929560,393,A168_HF9F_20260827_0900,2026-08-27 09:00:00
2026-06-21,151437733,2127,0,3.3020373570,-3.3020373570,-3.3020373570,0E-7,1,1,0.49324550000000000,0.493245500000,-0.9865810262130424,-0.9865810262130424,-0.9865810262130424,0E-17,ELIGIBLE,R03b_20260811_FULL_v1,L1_ELIGIBILITY,v2026-08-11,2026-03-21..2026-08-06,baccarat_bet02_101_all_pairs_incl_sentinel,round_win = game_pnl > 0 (decisive only),COMPATIBILITY_ONLY_NOT_PRODUCTION,798.2081,728.0697,-61.3341,219,219,0.07683976,0.17020089,-0.00270746,0.07683976,61.3341,798.2081,OK,0.0000,-2.4534,4.0000,96.0000,AG03-UNRESOLVED,ALL5_LEVELS_bet23_to_bet27,-2.4534,-2.4534,-2.4534,-3.0667,-3.0667,4.000000,4.000000,4.000000,5.000000,5.000000,96.000000,96.000000,96.000000,95.000000,95.000000,5.0,-13.4935,-12.3604,-47.8406,-48.9737,PENDING_AG03,FALSE,NOT_FOR_ENFORCEMENT,-58.8808,698.9469,-61.3341,-58.8808,-2.4534,-0.07683976,-0.07376617,-2.4534,-58.8808,-0.07376617,-2.4534,-2.4534,-2.4534,-3.0667,-3.0667,-58.8808,-0.07376617,-13.4935,-12.3604,-47.8406,-48.9737,-0.05993501,-0.06135457,-0.00307359,3.6448,3.3245,-0.2801,-1.6141,-0.4009,21.0055,5.7632,4.5902,3.1006,2.2014,2.7616,5.5205,6.428,8.837,11.0463,2.2093,0.0,3.2,4.0,1.319821,25,94,32,1,0.46005423,-0.07683976,-0.17020089,0E-8,0.000000,0.912130,0.000000,0.17290835,2026-06-13,2026-08-06,38,153,140,55,0.690909,1.480416,1.259398,1.533514,,,,,,,,GLOBAL_BASELINE_NO_ENTITY_RANKING,,,NOT_APPLICABLE_GLOBAL_BASELINE,HF9g-P5,,,,X 全窗基线 · 不参与实体赏罚,3929561,393,A168_HF9F_20260827_0900,2026-08-27 09:00:00
2026-06-22,151437733,1490,0,1.3208149428,-1.3208149428,-1.3208149428,0E-7,1,1,0.49324550000000000,0.493245500000,-0.9865810262130424,-0.9865810262130424,-0.9865810262130424,0E-17,ELIGIBLE,R03b_20260811_FULL_v1,L1_ELIGIBILITY,v2026-08-11,2026-03-21..2026-08-06,baccarat_bet02_101_all_pairs_incl_sentinel,round_win = game_pnl > 0 (decisive only),COMPATIBILITY_ONLY_NOT_PRODUCTION,798.2081,728.0697,-61.3341,219,219,0.07683976,0.17020089,-0.00270746,0.07683976,61.3341,798.2081,OK,0.0000,-2.4534,4.0000,96.0000,AG03-UNRESOLVED,ALL5_LEVELS_bet23_to_bet27,-2.4534,-2.4534,-2.4534,-3.0667,-3.0667,4.000000,4.000000,4.000000,5.000000,5.000000,96.000000,96.000000,96.000000,95.000000,95.000000,5.0,-13.4935,-12.3604,-47.8406,-48.9737,PENDING_AG03,FALSE,NOT_FOR_ENFORCEMENT,-58.8808,698.9469,-61.3341,-58.8808,-2.4534,-0.07683976,-0.07376617,-2.4534,-58.8808,-0.07376617,-2.4534,-2.4534,-2.4534,-3.0667,-3.0667,-58.8808,-0.07376617,-13.4935,-12.3604,-47.8406,-48.9737,-0.05993501,-0.06135457,-0.00307359,3.6448,3.3245,-0.2801,-1.6141,-0.4009,21.0055,5.7632,4.5902,3.1006,2.2014,2.7616,5.5205,6.428,8.837,11.0463,2.2093,0.0,3.2,4.0,1.319821,25,94,32,1,0.46005423,-0.07683976,-0.17020089,0E-8,0.000000,0.912130,0.000000,0.17290835,2026-06-13,2026-08-06,38,153,140,55,0.690909,1.480416,1.259398,1.533514,,,,,,,,GLOBAL_BASELINE_NO_ENTITY_RANKING,,,NOT_APPLICABLE_GLOBAL_BASELINE,HF9g-P5,,,,X 全窗基线 · 不参与实体赏罚,3929562,393,A168_HF9F_20260827_0900,2026-08-27 09:00:00
2026-06-23,151437733,-1,1,3.3020373570,-3.3020373570,-3.3020373570,0E-7,1,1,0.49324550000000000,0.493245500000,-0.9865810262130424,-0.9865810262130424,-0.9865810262130424,0E-17,SENTINEL_DEALER,R03b_20260811_FULL_v1,L1_ELIGIBILITY,v2026-08-11,2026-03-21..2026-08-06,baccarat_bet02_101_all_pairs_incl_sentinel,round_win = game_pnl > 0 (decisive only),COMPATIBILITY_ONLY_NOT_PRODUCTION,798.2081,728.0697,-61.3341,219,219,0.07683976,0.17020089,-0.00270746,0.07683976,61.3341,798.2081,OK,0.0000,-2.4534,4.0000,96.0000,AG03-UNRESOLVED,ALL5_LEVELS_bet23_to_bet27,-2.4534,-2.4534,-2.4534,-3.0667,-3.0667,4.000000,4.000000,4.000000,5.000000,5.000000,96.000000,96.000000,96.000000,95.000000,95.000000,5.0,-13.4935,-12.3604,-47.8406,-48.9737,PENDING_AG03,FALSE,NOT_FOR_ENFORCEMENT,-58.8808,698.9469,-61.3341,-58.8808,-2.4534,-0.07683976,-0.07376617,-2.4534,-58.8808,-0.07376617,-2.4534,-2.4534,-2.4534,-3.0667,-3.0667,-58.8808,-0.07376617,-13.4935,-12.3604,-47.8406,-48.9737,-0.05993501,-0.06135457,-0.00307359,3.6448,3.3245,-0.2801,-1.6141,-0.4009,21.0055,5.7632,4.5902,3.1006,2.2014,2.7616,5.5205,6.428,8.837,11.0463,2.2093,0.0,3.2,4.0,1.319821,25,94,32,1,0.46005423,-0.07683976,-0.17020089,0E-8,0.000000,0.912130,0.000000,0.17290835,2026-06-13,2026-08-06,38,153,140,55,0.690909,1.480416,1.259398,1.533514,,,,,,,,GLOBAL_BASELINE_NO_ENTITY_RANKING,,,NOT_APPLICABLE_GLOBAL_BASELINE,HF9g-P5,,,,X 全窗基线 · 不参与实体赏罚,3929563,393,A168_HF9F_20260827_0900,2026-08-27 09:00:00
2026-06-23,151437733,1004,0,2.2013582380,2.2013582380,2.2013582380,1.0000000,1,1,0.49324550000000000,0.493245500000,1.01360149184955,1.01360149184955,1.01360149184955,0E-17,ELIGIBLE,R03b_20260811_FULL_v1,L1_ELIGIBILITY,v2026-08-11,2026-03-21..2026-08-06,baccarat_bet02_101_all_pairs_incl_sentinel,round_win = game_pnl > 0 (decisive only),COMPATIBILITY_ONLY_NOT_PRODUCTION,798.2081,728.0697,-61.3341,219,219,0.07683976,0.17020089,-0.00270746,0.07683976,61.3341,798.2081,OK,0.0000,-2.4534,4.0000,96.0000,AG03-UNRESOLVED,ALL5_LEVELS_bet23_to_bet27,-2.4534,-2.4534,-2.4534,-3.0667,-3.0667,4.000000,4.000000,4.000000,5.000000,5.000000,96.000000,96.000000,96.000000,95.000000,95.000000,5.0,-13.4935,-12.3604,-47.8406,-48.9737,PENDING_AG03,FALSE,NOT_FOR_ENFORCEMENT,-58.8808,698.9469,-61.3341,-58.8808,-2.4534,-0.07683976,-0.07376617,-2.4534,-58.8808,-0.07376617,-2.4534,-2.4534,-2.4534,-3.0667,-3.0667,-58.8808,-0.07376617,-13.4935,-12.3604,-47.8406,-48.9737,-0.05993501,-0.06135457,-0.00307359,3.6448,3.3245,-0.2801,-1.6141,-0.4009,21.0055,5.7632,4.5902,3.1006,2.2014,2.7616,5.5205,6.428,8.837,11.0463,2.2093,0.0,3.2,4.0,1.319821,25,94,32,1,0.46005423,-0.07683976,-0.17020089,0E-8,0.000000,0.912130,0.000000,0.17290835,2026-06-13,2026-08-06,38,153,140,55,0.690909,1.480416,1.259398,1.533514,,,,,,,,GLOBAL_BASELINE_NO_ENTITY_RANKING,,,NOT_APPLICABLE_GLOBAL_BASELINE,HF9g-P5,,,,X 全窗基线 · 不参与实体赏罚,3929564,393,A168_HF9F_20260827_0900,2026-08-27 09:00:00
2026-06-23,151437733,1318,0,4.4027164761,4.4027164761,4.4027164761,1.0000000,1,1,0.49324550000000000,0.493245500000,1.01360149184955,1.01360149184955,1.01360149184955,0E-17,ELIGIBLE,R03b_20260811_FULL_v1,L1_ELIGIBILITY,v2026-08-11,2026-03-21..2026-08-06,baccarat_bet02_101_all_pairs_incl_sentinel,round_win = game_pnl > 0 (decisive only),COMPATIBILITY_ONLY_NOT_PRODUCTION,798.2081,728.0697,-61.3341,219,219,0.07683976,0.17020089,-0.00270746,0.07683976,61.3341,798.2081,OK,0.0000,-2.4534,4.0000,96.0000,AG03-UNRESOLVED,ALL5_LEVELS_bet23_to_bet27,-2.4534,-2.4534,-2.4534,-3.0667,-3.0667,4.000000,4.000000,4.000000,5.000000,5.000000,96.000000,96.000000,96.000000,95.000000,95.000000,5.0,-13.4935,-12.3604,-47.8406,-48.9737,PENDING_AG03,FALSE,NOT_FOR_ENFORCEMENT,-58.8808,698.9469,-61.3341,-58.8808,-2.4534,-0.07683976,-0.07376617,-2.4534,-58.8808,-0.07376617,-2.4534,-2.4534,-2.4534,-3.0667,-3.0667,-58.8808,-0.07376617,-13.4935,-12.3604,-47.8406,-48.9737,-0.05993501,-0.06135457,-0.00307359,3.6448,3.3245,-0.2801,-1.6141,-0.4009,21.0055,5.7632,4.5902,3.1006,2.2014,2.7616,5.5205,6.428,8.837,11.0463,2.2093,0.0,3.2,4.0,1.319821,25,94,32,1,0.46005423,-0.07683976,-0.17020089,0E-8,0.000000,0.912130,0.000000,0.17290835,2026-06-13,2026-08-06,38,153,140,55,0.690909,1.480416,1.259398,1.533514,,,,,,,,GLOBAL_BASELINE_NO_ENTITY_RANKING,,,NOT_APPLICABLE_GLOBAL_BASELINE,HF9g-P5,,,,X 全窗基线 · 不参与实体赏罚,3929565,393,A168_HF9F_20260827_0900,2026-08-27 09:00:00
2026-06-23,151437733,1399,0,2.2013582380,2.2013582380,2.2013582380,1.0000000,1,1,0.49324550000000000,0.493245500000,1.01360149184955,1.01360149184955,1.01360149184955,0E-17,ELIGIBLE,R03b_20260811_FULL_v1,L1_ELIGIBILITY,v2026-08-11,2026-03-21..2026-08-06,baccarat_bet02_101_all_pairs_incl_sentinel,round_win = game_pnl > 0 (decisive only),COMPATIBILITY_ONLY_NOT_PRODUCTION,798.2081,728.0697,-61.3341,219,219,0.07683976,0.17020089,-0.00270746,0.07683976,61.3341,798.2081,OK,0.0000,-2.4534,4.0000,96.0000,AG03-UNRESOLVED,ALL5_LEVELS_bet23_to_bet27,-2.4534,-2.4534,-2.4534,-3.0667,-3.0667,4.000000,4.000000,4.000000,5.000000,5.000000,96.000000,96.000000,96.000000,95.000000,95.000000,5.0,-13.4935,-12.3604,-47.8406,-48.9737,PENDING_AG03,FALSE,NOT_FOR_ENFORCEMENT,-58.8808,698.9469,-61.3341,-58.8808,-2.4534,-0.07683976,-0.07376617,-2.4534,-58.8808,-0.07376617,-2.4534,-2.4534,-2.4534,-3.0667,-3.0667,-58.8808,-0.07376617,-13.4935,-12.3604,-47.8406,-48.9737,-0.05993501,-0.06135457,-0.00307359,3.6448,3.3245,-0.2801,-1.6141,-0.4009,21.0055,5.7632,4.5902,3.1006,2.2014,2.7616,5.5205,6.428,8.837,11.0463,2.2093,0.0,3.2,4.0,1.319821,25,94,32,1,0.46005423,-0.07683976,-0.17020089,0E-8,0.000000,0.912130,0.000000,0.17290835,2026-06-13,2026-08-06,38,153,140,55,0.690909,1.480416,1.259398,1.533514,,,,,,,,GLOBAL_BASELINE_NO_ENTITY_RANKING,,,NOT_APPLICABLE_GLOBAL_BASELINE,HF9g-P5,,,,X 全窗基线 · 不参与实体赏罚,3929566,393,A168_HF9F_20260827_0900,2026-08-27 09:00:00
2026-06-23,151437733,1645,0,1.1006791190,1.1006791190,1.1006791190,1.0000000,1,1,0.49324550000000000,0.493245500000,1.01360149184955,1.01360149184955,1.01360149184955,0E-17,ELIGIBLE,R03b_20260811_FULL_v1,L1_ELIGIBILITY,v2026-08-11,2026-03-21..2026-08-06,baccarat_bet02_101_all_pairs_incl_sentinel,round_win = game_pnl > 0 (decisive only),COMPATIBILITY_ONLY_NOT_PRODUCTION,798.2081,728.0697,-61.3341,219,219,0.07683976,0.17020089,-0.00270746,0.07683976,61.3341,798.2081,OK,0.0000,-2.4534,4.0000,96.0000,AG03-UNRESOLVED,ALL5_LEVELS_bet23_to_bet27,-2.4534,-2.4534,-2.4534,-3.0667,-3.0667,4.000000,4.000000,4.000000,5.000000,5.000000,96.000000,96.000000,96.000000,95.000000,95.000000,5.0,-13.4935,-12.3604,-47.8406,-48.9737,PENDING_AG03,FALSE,NOT_FOR_ENFORCEMENT,-58.8808,698.9469,-61.3341,-58.8808,-2.4534,-0.07683976,-0.07376617,-2.4534,-58.8808,-0.07376617,-2.4534,-2.4534,-2.4534,-3.0667,-3.0667,-58.8808,-0.07376617,-13.4935,-12.3604,-47.8406,-48.9737,-0.05993501,-0.06135457,-0.00307359,3.6448,3.3245,-0.2801,-1.6141,-0.4009,21.0055,5.7632,4.5902,3.1006,2.2014,2.7616,5.5205,6.428,8.837,11.0463,2.2093,0.0,3.2,4.0,1.319821,25,94,32,1,0.46005423,-0.07683976,-0.17020089,0E-8,0.000000,0.912130,0.000000,0.17290835,2026-06-13,2026-08-06,38,153,140,55,0.690909,1.480416,1.259398,1.533514,,,,,,,,GLOBAL_BASELINE_NO_ENTITY_RANKING,,,NOT_APPLICABLE_GLOBAL_BASELINE,HF9g-P5,,,,X 全窗基线 · 不参与实体赏罚,3929567,393,A168_HF9F_20260827_0900,2026-08-27 09:00:00
2026-06-23,151437733,1654,0,1.6510186785,-1.6510186785,-1.6510186785,0E-7,1,1,0.49324550000000000,0.493245500000,-0.9865810262130424,-0.9865810262130424,-0.9865810262130424,0E-17,ELIGIBLE,R03b_20260811_FULL_v1,L1_ELIGIBILITY,v2026-08-11,2026-03-21..2026-08-06,baccarat_bet02_101_all_pairs_incl_sentinel,round_win = game_pnl > 0 (decisive only),COMPATIBILITY_ONLY_NOT_PRODUCTION,798.2081,728.0697,-61.3341,219,219,0.07683976,0.17020089,-0.00270746,0.07683976,61.3341,798.2081,OK,0.0000,-2.4534,4.0000,96.0000,AG03-UNRESOLVED,ALL5_LEVELS_bet23_to_bet27,-2.4534,-2.4534,-2.4534,-3.0667,-3.0667,4.000000,4.000000,4.000000,5.000000,5.000000,96.000000,96.000000,96.000000,95.000000,95.000000,5.0,-13.4935,-12.3604,-47.8406,-48.9737,PENDING_AG03,FALSE,NOT_FOR_ENFORCEMENT,-58.8808,698.9469,-61.3341,-58.8808,-2.4534,-0.07683976,-0.07376617,-2.4534,-58.8808,-0.07376617,-2.4534,-2.4534,-2.4534,-3.0667,-3.0667,-58.8808,-0.07376617,-13.4935,-12.3604,-47.8406,-48.9737,-0.05993501,-0.06135457,-0.00307359,3.6448,3.3245,-0.2801,-1.6141,-0.4009,21.0055,5.7632,4.5902,3.1006,2.2014,2.7616,5.5205,6.428,8.837,11.0463,2.2093,0.0,3.2,4.0,1.319821,25,94,32,1,0.46005423,-0.07683976,-0.17020089,0E-8,0.000000,0.912130,0.000000,0.17290835,2026-06-13,2026-08-06,38,153,140,55,0.690909,1.480416,1.259398,1.533514,,,,,,,,GLOBAL_BASELINE_NO_ENTITY_RANKING,,,NOT_APPLICABLE_GLOBAL_BASELINE,HF9g-P5,,,,X 全窗基线 · 不参与实体赏罚,3929568,393,A168_HF9F_20260827_0900,2026-08-27 09:00:00
2026-06-23,151437733,2134,0,2.2013582380,2.2013582380,2.2013582380,1.0000000,1,1,0.49324550000000000,0.493245500000,1.01360149184955,1.01360149184955,1.01360149184955,0E-17,ELIGIBLE,R03b_20260811_FULL_v1,L1_ELIGIBILITY,v2026-08-11,2026-03-21..2026-08-06,baccarat_bet02_101_all_pairs_incl_sentinel,round_win = game_pnl > 0 (decisive only),COMPATIBILITY_ONLY_NOT_PRODUCTION,798.2081,728.0697,-61.3341,219,219,0.07683976,0.17020089,-0.00270746,0.07683976,61.3341,798.2081,OK,0.0000,-2.4534,4.0000,96.0000,AG03-UNRESOLVED,ALL5_LEVELS_bet23_to_bet27,-2.4534,-2.4534,-2.4534,-3.0667,-3.0667,4.000000,4.000000,4.000000,5.000000,5.000000,96.000000,96.000000,96.000000,95.000000,95.000000,5.0,-13.4935,-12.3604,-47.8406,-48.9737,PENDING_AG03,FALSE,NOT_FOR_ENFORCEMENT,-58.8808,698.9469,-61.3341,-58.8808,-2.4534,-0.07683976,-0.07376617,-2.4534,-58.8808,-0.07376617,-2.4534,-2.4534,-2.4534,-3.0667,-3.0667,-58.8808,-0.07376617,-13.4935,-12.3604,-47.8406,-48.9737,-0.05993501,-0.06135457,-0.00307359,3.6448,3.3245,-0.2801,-1.6141,-0.4009,21.0055,5.7632,4.5902,3.1006,2.2014,2.7616,5.5205,6.428,8.837,11.0463,2.2093,0.0,3.2,4.0,1.319821,25,94,32,1,0.46005423,-0.07683976,-0.17020089,0E-8,0.000000,0.912130,0.000000,0.17290835,2026-06-13,2026-08-06,38,153,140,55,0.690909,1.480416,1.259398,1.533514,,,,,,,,GLOBAL_BASELINE_NO_ENTITY_RANKING,,,NOT_APPLICABLE_GLOBAL_BASELINE,HF9g-P5,,,,X 全窗基线 · 不参与实体赏罚,3929569,393,A168_HF9F_20260827_0900,2026-08-27 09:00:00
2026-06-23,151437733,2188,0,1.1006791190,1.1006791190,1.1006791190,1.0000000,1,1,0.49324550000000000,0.493245500000,1.01360149184955,1.01360149184955,1.01360149184955,0E-17,ELIGIBLE,R03b_20260811_FULL_v1,L1_ELIGIBILITY,v2026-08-11,2026-03-21..2026-08-06,baccarat_bet02_101_all_pairs_incl_sentinel,round_win = game_pnl > 0 (decisive only),COMPATIBILITY_ONLY_NOT_PRODUCTION,798.2081,728.0697,-61.3341,219,219,0.07683976,0.17020089,-0.00270746,0.07683976,61.3341,798.2081,OK,0.0000,-2.4534,4.0000,96.0000,AG03-UNRESOLVED,ALL5_LEVELS_bet23_to_bet27,-2.4534,-2.4534,-2.4534,-3.0667,-3.0667,4.000000,4.000000,4.000000,5.000000,5.000000,96.000000,96.000000,96.000000,95.000000,95.000000,5.0,-13.4935,-12.3604,-47.8406,-48.9737,PENDING_AG03,FALSE,NOT_FOR_ENFORCEMENT,-58.8808,698.9469,-61.3341,-58.8808,-2.4534,-0.07683976,-0.07376617,-2.4534,-58.8808,-0.07376617,-2.4534,-2.4534,-2.4534,-3.0667,-3.0667,-58.8808,-0.07376617,-13.4935,-12.3604,-47.8406,-48.9737,-0.05993501,-0.06135457,-0.00307359,3.6448,3.3245,-0.2801,-1.6141,-0.4009,21.0055,5.7632,4.5902,3.1006,2.2014,2.7616,5.5205,6.428,8.837,11.0463,2.2093,0.0,3.2,4.0,1.319821,25,94,32,1,0.46005423,-0.07683976,-0.17020089,0E-8,0.000000,0.912130,0.000000,0.17290835,2026-06-13,2026-08-06,38,153,140,55,0.690909,1.480416,1.259398,1.533514,,,,,,,,GLOBAL_BASELINE_NO_ENTITY_RANKING,,,NOT_APPLICABLE_GLOBAL_BASELINE,HF9g-P5,,,,X 全窗基线 · 不参与实体赏罚,3929570,393,A168_HF9F_20260827_0900,2026-08-27 09:00:00
2026-06-23,151437733,2205,0,2.2013582380,2.2013582380,2.2013582380,1.0000000,1,1,0.49324550000000000,0.493245500000,1.01360149184955,1.01360149184955,1.01360149184955,0E-17,ELIGIBLE,R03b_20260811_FULL_v1,L1_ELIGIBILITY,v2026-08-11,2026-03-21..2026-08-06,baccarat_bet02_101_all_pairs_incl_sentinel,round_win = game_pnl > 0 (decisive only),COMPATIBILITY_ONLY_NOT_PRODUCTION,798.2081,728.0697,-61.3341,219,219,0.07683976,0.17020089,-0.00270746,0.07683976,61.3341,798.2081,OK,0.0000,-2.4534,4.0000,96.0000,AG03-UNRESOLVED,ALL5_LEVELS_bet23_to_bet27,-2.4534,-2.4534,-2.4534,-3.0667,-3.0667,4.000000,4.000000,4.000000,5.000000,5.000000,96.000000,96.000000,96.000000,95.000000,95.000000,5.0,-13.4935,-12.3604,-47.8406,-48.9737,PENDING_AG03,FALSE,NOT_FOR_ENFORCEMENT,-58.8808,698.9469,-61.3341,-58.8808,-2.4534,-0.07683976,-0.07376617,-2.4534,-58.8808,-0.07376617,-2.4534,-2.4534,-2.4534,-3.0667,-3.0667,-58.8808,-0.07376617,-13.4935,-12.3604,-47.8406,-48.9737,-0.05993501,-0.06135457,-0.00307359,3.6448,3.3245,-0.2801,-1.6141,-0.4009,21.0055,5.7632,4.5902,3.1006,2.2014,2.7616,5.5205,6.428,8.837,11.0463,2.2093,0.0,3.2,4.0,1.319821,25,94,32,1,0.46005423,-0.07683976,-0.17020089,0E-8,0.000000,0.912130,0.000000,0.17290835,2026-06-13,2026-08-06,38,153,140,55,0.690909,1.480416,1.259398,1.533514,,,,,,,,GLOBAL_BASELINE_NO_ENTITY_RANKING,,,NOT_APPLICABLE_GLOBAL_BASELINE,HF9g-P5,,,,X 全窗基线 · 不参与实体赏罚,3929571,393,A168_HF9F_20260827_0900,2026-08-27 09:00:00
2026-06-23,151437733,2234,0,4.4027164760,-2.2013582380,-2.2013582380,0E-7,2,2,0.49324550000000000,0.493245500000,-0.9865810262130424,-0.9865810262130424,-0.9865810262130424,0E-17,ELIGIBLE,R03b_20260811_FULL_v1,L1_ELIGIBILITY,v2026-08-11,2026-03-21..2026-08-06,baccarat_bet02_101_all_pairs_incl_sentinel,round_win = game_pnl > 0 (decisive only),COMPATIBILITY_ONLY_NOT_PRODUCTION,798.2081,728.0697,-61.3341,219,219,0.07683976,0.17020089,-0.00270746,0.07683976,61.3341,798.2081,OK,0.0000,-2.4534,4.0000,96.0000,AG03-UNRESOLVED,ALL5_LEVELS_bet23_to_bet27,-2.4534,-2.4534,-2.4534,-3.0667,-3.0667,4.000000,4.000000,4.000000,5.000000,5.000000,96.000000,96.000000,96.000000,95.000000,95.000000,5.0,-13.4935,-12.3604,-47.8406,-48.9737,PENDING_AG03,FALSE,NOT_FOR_ENFORCEMENT,-58.8808,698.9469,-61.3341,-58.8808,-2.4534,-0.07683976,-0.07376617,-2.4534,-58.8808,-0.07376617,-2.4534,-2.4534,-2.4534,-3.0667,-3.0667,-58.8808,-0.07376617,-13.4935,-12.3604,-47.8406,-48.9737,-0.05993501,-0.06135457,-0.00307359,3.6448,3.3245,-0.2801,-1.6141,-0.4009,21.0055,5.7632,4.5902,3.1006,2.2014,2.7616,5.5205,6.428,8.837,11.0463,2.2093,0.0,3.2,4.0,1.319821,25,94,32,1,0.46005423,-0.07683976,-0.17020089,0E-8,0.000000,0.912130,0.000000,0.17290835,2026-06-13,2026-08-06,38,153,140,55,0.690909,1.480416,1.259398,1.533514,,,,,,,,GLOBAL_BASELINE_NO_ENTITY_RANKING,,,NOT_APPLICABLE_GLOBAL_BASELINE,HF9g-P5,,,,X 全窗基线 · 不参与实体赏罚,3929572,393,A168_HF9F_20260827_0900,2026-08-27 09:00:00
2026-06-24,151437733,-1,1,4.4027164760,0E-10,0E-10,0.5000000,2,2,0.49324550000000000,0.493245500000,0.01910635448239258,0.01910635448239258,0.01910635448239258,0E-17,SENTINEL_DEALER,R03b_20260811_FULL_v1,L1_ELIGIBILITY,v2026-08-11,2026-03-21..2026-08-06,baccarat_bet02_101_all_pairs_incl_sentinel,round_win = game_pnl > 0 (decisive only),COMPATIBILITY_ONLY_NOT_PRODUCTION,798.2081,728.0697,-61.3341,219,219,0.07683976,0.17020089,-0.00270746,0.07683976,61.3341,798.2081,OK,0.0000,-2.4534,4.0000,96.0000,AG03-UNRESOLVED,ALL5_LEVELS_bet23_to_bet27,-2.4534,-2.4534,-2.4534,-3.0667,-3.0667,4.000000,4.000000,4.000000,5.000000,5.000000,96.000000,96.000000,96.000000,95.000000,95.000000,5.0,-13.4935,-12.3604,-47.8406,-48.9737,PENDING_AG03,FALSE,NOT_FOR_ENFORCEMENT,-58.8808,698.9469,-61.3341,-58.8808,-2.4534,-0.07683976,-0.07376617,-2.4534,-58.8808,-0.07376617,-2.4534,-2.4534,-2.4534,-3.0667,-3.0667,-58.8808,-0.07376617,-13.4935,-12.3604,-47.8406,-48.9737,-0.05993501,-0.06135457,-0.00307359,3.6448,3.3245,-0.2801,-1.6141,-0.4009,21.0055,5.7632,4.5902,3.1006,2.2014,2.7616,5.5205,6.428,8.837,11.0463,2.2093,0.0,3.2,4.0,1.319821,25,94,32,1,0.46005423,-0.07683976,-0.17020089,0E-8,0.000000,0.912130,0.000000,0.17290835,2026-06-13,2026-08-06,38,153,140,55,0.690909,1.480416,1.259398,1.533514,,,,,,,,GLOBAL_BASELINE_NO_ENTITY_RANKING,,,NOT_APPLICABLE_GLOBAL_BASELINE,HF9g-P5,,,,X 全窗基线 · 不参与实体赏罚,3929573,393,A168_HF9F_20260827_0900,2026-08-27 09:00:00
2026-06-24,151437733,1094,0,2.2013582380,-1.1006791190,-1.1006791190,0E-7,2,2,0.49324550000000000,0.493245500000,-0.9865810262130424,-0.9865810262130424,-0.9865810262130424,0E-17,ELIGIBLE,R03b_20260811_FULL_v1,L1_ELIGIBILITY,v2026-08-11,2026-03-21..2026-08-06,baccarat_bet02_101_all_pairs_incl_sentinel,round_win = game_pnl > 0 (decisive only),COMPATIBILITY_ONLY_NOT_PRODUCTION,798.2081,728.0697,-61.3341,219,219,0.07683976,0.17020089,-0.00270746,0.07683976,61.3341,798.2081,OK,0.0000,-2.4534,4.0000,96.0000,AG03-UNRESOLVED,ALL5_LEVELS_bet23_to_bet27,-2.4534,-2.4534,-2.4534,-3.0667,-3.0667,4.000000,4.000000,4.000000,5.000000,5.000000,96.000000,96.000000,96.000000,95.000000,95.000000,5.0,-13.4935,-12.3604,-47.8406,-48.9737,PENDING_AG03,FALSE,NOT_FOR_ENFORCEMENT,-58.8808,698.9469,-61.3341,-58.8808,-2.4534,-0.07683976,-0.07376617,-2.4534,-58.8808,-0.07376617,-2.4534,-2.4534,-2.4534,-3.0667,-3.0667,-58.8808,-0.07376617,-13.4935,-12.3604,-47.8406,-48.9737,-0.05993501,-0.06135457,-0.00307359,3.6448,3.3245,-0.2801,-1.6141,-0.4009,21.0055,5.7632,4.5902,3.1006,2.2014,2.7616,5.5205,6.428,8.837,11.0463,2.2093,0.0,3.2,4.0,1.319821,25,94,32,1,0.46005423,-0.07683976,-0.17020089,0E-8,0.000000,0.912130,0.000000,0.17290835,2026-06-13,2026-08-06,38,153,140,55,0.690909,1.480416,1.259398,1.533514,,,,,,,,GLOBAL_BASELINE_NO_ENTITY_RANKING,,,NOT_APPLICABLE_GLOBAL_BASELINE,HF9g-P5,,,,X 全窗基线 · 不参与实体赏罚,3929574,393,A168_HF9F_20260827_0900,2026-08-27 09:00:00
2026-06-24,151437733,1115,0,18.7115450233,-17.6108659043,-17.6108659043,0E-7,4,4,0.49324550000000000,0.493245500000,-1.708808463184432,-1.7088084631844318,-1.708808463184432,0E-17,ELIGIBLE,R03b_20260811_FULL_v1,L1_ELIGIBILITY,v2026-08-11,2026-03-21..2026-08-06,baccarat_bet02_101_all_pairs_incl_sentinel,round_win = game_pnl > 0 (decisive only),COMPATIBILITY_ONLY_NOT_PRODUCTION,798.2081,728.0697,-61.3341,219,219,0.07683976,0.17020089,-0.00270746,0.07683976,61.3341,798.2081,OK,0.0000,-2.4534,4.0000,96.0000,AG03-UNRESOLVED,ALL5_LEVELS_bet23_to_bet27,-2.4534,-2.4534,-2.4534,-3.0667,-3.0667,4.000000,4.000000,4.000000,5.000000,5.000000,96.000000,96.000000,96.000000,95.000000,95.000000,5.0,-13.4935,-12.3604,-47.8406,-48.9737,PENDING_AG03,FALSE,NOT_FOR_ENFORCEMENT,-58.8808,698.9469,-61.3341,-58.8808,-2.4534,-0.07683976,-0.07376617,-2.4534,-58.8808,-0.07376617,-2.4534,-2.4534,-2.4534,-3.0667,-3.0667,-58.8808,-0.07376617,-13.4935,-12.3604,-47.8406,-48.9737,-0.05993501,-0.06135457,-0.00307359,3.6448,3.3245,-0.2801,-1.6141,-0.4009,21.0055,5.7632,4.5902,3.1006,2.2014,2.7616,5.5205,6.428,8.837,11.0463,2.2093,0.0,3.2,4.0,1.319821,25,94,32,1,0.46005423,-0.07683976,-0.17020089,0E-8,0.000000,0.912130,0.000000,0.17290835,2026-06-13,2026-08-06,38,153,140,55,0.690909,1.480416,1.259398,1.533514,,,,,,,,GLOBAL_BASELINE_NO_ENTITY_RANKING,,,NOT_APPLICABLE_GLOBAL_BASELINE,HF9g-P5,,,,X 全窗基线 · 不参与实体赏罚,3929575,393,A168_HF9F_20260827_0900,2026-08-27 09:00:00
2026-06-24,151437733,1323,0,11.0067911902,0E-10,0E-10,0.5000000,2,2,0.49324550000000000,0.493245500000,0.01910635448239258,0.01910635448239258,0.01910635448239258,0E-17,ELIGIBLE,R03b_20260811_FULL_v1,L1_ELIGIBILITY,v2026-08-11,2026-03-21..2026-08-06,baccarat_bet02_101_all_pairs_incl_sentinel,round_win = game_pnl > 0 (decisive only),COMPATIBILITY_ONLY_NOT_PRODUCTION,798.2081,728.0697,-61.3341,219,219,0.07683976,0.17020089,-0.00270746,0.07683976,61.3341,798.2081,OK,0.0000,-2.4534,4.0000,96.0000,AG03-UNRESOLVED,ALL5_LEVELS_bet23_to_bet27,-2.4534,-2.4534,-2.4534,-3.0667,-3.0667,4.000000,4.000000,4.000000,5.000000,5.000000,96.000000,96.000000,96.000000,95.000000,95.000000,5.0,-13.4935,-12.3604,-47.8406,-48.9737,PENDING_AG03,FALSE,NOT_FOR_ENFORCEMENT,-58.8808,698.9469,-61.3341,-58.8808,-2.4534,-0.07683976,-0.07376617,-2.4534,-58.8808,-0.07376617,-2.4534,-2.4534,-2.4534,-3.0667,-3.0667,-58.8808,-0.07376617,-13.4935,-12.3604,-47.8406,-48.9737,-0.05993501,-0.06135457,-0.00307359,3.6448,3.3245,-0.2801,-1.6141,-0.4009,21.0055,5.7632,4.5902,3.1006,2.2014,2.7616,5.5205,6.428,8.837,11.0463,2.2093,0.0,3.2,4.0,1.319821,25,94,32,1,0.46005423,-0.07683976,-0.17020089,0E-8,0.000000,0.912130,0.000000,0.17290835,2026-06-13,2026-08-06,38,153,140,55,0.690909,1.480416,1.259398,1.533514,,,,,,,,GLOBAL_BASELINE_NO_ENTITY_RANKING,,,NOT_APPLICABLE_GLOBAL_BASELINE,HF9g-P5,,,,X 全窗基线 · 不参与实体赏罚,3929576,393,A168_HF9F_20260827_0900,2026-08-27 09:00:00
2026-06-24,151437733,1383,0,7.7047538331,-3.3020373571,-3.3020373571,0.5000000,2,2,0.49324550000000000,0.493245500000,0.01910635448239258,0.01910635448239258,0.01910635448239258,0E-17,ELIGIBLE,R03b_20260811_FULL_v1,L1_ELIGIBILITY,v2026-08-11,2026-03-21..2026-08-06,baccarat_bet02_101_all_pairs_incl_sentinel,round_win = game_pnl > 0 (decisive only),COMPATIBILITY_ONLY_NOT_PRODUCTION,798.2081,728.0697,-61.3341,219,219,0.07683976,0.17020089,-0.00270746,0.07683976,61.3341,798.2081,OK,0.0000,-2.4534,4.0000,96.0000,AG03-UNRESOLVED,ALL5_LEVELS_bet23_to_bet27,-2.4534,-2.4534,-2.4534,-3.0667,-3.0667,4.000000,4.000000,4.000000,5.000000,5.000000,96.000000,96.000000,96.000000,95.000000,95.000000,5.0,-13.4935,-12.3604,-47.8406,-48.9737,PENDING_AG03,FALSE,NOT_FOR_ENFORCEMENT,-58.8808,698.9469,-61.3341,-58.8808,-2.4534,-0.07683976,-0.07376617,-2.4534,-58.8808,-0.07376617,-2.4534,-2.4534,-2.4534,-3.0667,-3.0667,-58.8808,-0.07376617,-13.4935,-12.3604,-47.8406,-48.9737,-0.05993501,-0.06135457,-0.00307359,3.6448,3.3245,-0.2801,-1.6141,-0.4009,21.0055,5.7632,4.5902,3.1006,2.2014,2.7616,5.5205,6.428,8.837,11.0463,2.2093,0.0,3.2,4.0,1.319821,25,94,32,1,0.46005423,-0.07683976,-0.17020089,0E-8,0.000000,0.912130,0.000000,0.17290835,2026-06-13,2026-08-06,38,153,140,55,0.690909,1.480416,1.259398,1.533514,,,,,,,,GLOBAL_BASELINE_NO_ENTITY_RANKING,,,NOT_APPLICABLE_GLOBAL_BASELINE,HF9g-P5,,,,X 全窗基线 · 不参与实体赏罚,3929577,393,A168_HF9F_20260827_0900,2026-08-27 09:00:00
2026-06-24,151437733,1507,0,7.7047538331,7.7047538331,7.7047538331,1.0000000,2,2,0.49324550000000000,0.493245500000,1.4334489766152358,1.4334489766152358,1.4334489766152358,0E-17,ELIGIBLE,R03b_20260811_FULL_v1,L1_ELIGIBILITY,v2026-08-11,2026-03-21..2026-08-06,baccarat_bet02_101_all_pairs_incl_sentinel,round_win = game_pnl > 0 (decisive only),COMPATIBILITY_ONLY_NOT_PRODUCTION,798.2081,728.0697,-61.3341,219,219,0.07683976,0.17020089,-0.00270746,0.07683976,61.3341,798.2081,OK,0.0000,-2.4534,4.0000,96.0000,AG03-UNRESOLVED,ALL5_LEVELS_bet23_to_bet27,-2.4534,-2.4534,-2.4534,-3.0667,-3.0667,4.000000,4.000000,4.000000,5.000000,5.000000,96.000000,96.000000,96.000000,95.000000,95.000000,5.0,-13.4935,-12.3604,-47.8406,-48.9737,PENDING_AG03,FALSE,NOT_FOR_ENFORCEMENT,-58.8808,698.9469,-61.3341,-58.8808,-2.4534,-0.07683976,-0.07376617,-2.4534,-58.8808,-0.07376617,-2.4534,-2.4534,-2.4534,-3.0667,-3.0667,-58.8808,-0.07376617,-13.4935,-12.3604,-47.8406,-48.9737,-0.05993501,-0.06135457,-0.00307359,3.6448,3.3245,-0.2801,-1.6141,-0.4009,21.0055,5.7632,4.5902,3.1006,2.2014,2.7616,5.5205,6.428,8.837,11.0463,2.2093,0.0,3.2,4.0,1.319821,25,94,32,1,0.46005423,-0.07683976,-0.17020089,0E-8,0.000000,0.912130,0.000000,0.17290835,2026-06-13,2026-08-06,38,153,140,55,0.690909,1.480416,1.259398,1.533514,,,,,,,,GLOBAL_BASELINE_NO_ENTITY_RANKING,,,NOT_APPLICABLE_GLOBAL_BASELINE,HF9g-P5,,,,X 全窗基线 · 不参与实体赏罚,3929578,393,A168_HF9F_20260827_0900,2026-08-27 09:00:00
2026-06-24,151437733,1710,0,2.2013582380,-2.2013582380,-2.2013582380,0E-7,2,2,0.49324550000000000,0.493245500000,-1.3952362676504506,-1.3952362676504506,-1.3952362676504506,0E-17,ELIGIBLE,R03b_20260811_FULL_v1,L1_ELIGIBILITY,v2026-08-11,2026-03-21..2026-08-06,baccarat_bet02_101_all_pairs_incl_sentinel,round_win = game_pnl > 0 (decisive only),COMPATIBILITY_ONLY_NOT_PRODUCTION,798.2081,728.0697,-61.3341,219,219,0.07683976,0.17020089,-0.00270746,0.07683976,61.3341,798.2081,OK,0.0000,-2.4534,4.0000,96.0000,AG03-UNRESOLVED,ALL5_LEVELS_bet23_to_bet27,-2.4534,-2.4534,-2.4534,-3.0667,-3.0667,4.000000,4.000000,4.000000,5.000000,5.000000,96.000000,96.000000,96.000000,95.000000,95.000000,5.0,-13.4935,-12.3604,-47.8406,-48.9737,PENDING_AG03,FALSE,NOT_FOR_ENFORCEMENT,-58.8808,698.9469,-61.3341,-58.8808,-2.4534,-0.07683976,-0.07376617,-2.4534,-58.8808,-0.07376617,-2.4534,-2.4534,-2.4534,-3.0667,-3.0667,-58.8808,-0.07376617,-13.4935,-12.3604,-47.8406,-48.9737,-0.05993501,-0.06135457,-0.00307359,3.6448,3.3245,-0.2801,-1.6141,-0.4009,21.0055,5.7632,4.5902,3.1006,2.2014,2.7616,5.5205,6.428,8.837,11.0463,2.2093,0.0,3.2,4.0,1.319821,25,94,32,1,0.46005423,-0.07683976,-0.17020089,0E-8,0.000000,0.912130,0.000000,0.17290835,2026-06-13,2026-08-06,38,153,140,55,0.690909,1.480416,1.259398,1.533514,,,,,,,,GLOBAL_BASELINE_NO_ENTITY_RANKING,,,NOT_APPLICABLE_GLOBAL_BASELINE,HF9g-P5,,,,X 全窗基线 · 不参与实体赏罚,3929579,393,A168_HF9F_20260827_0900,2026-08-27 09:00:00
2026-06-24,151437733,1985,0,5.5033955951,5.5033955951,5.5033955951,1.0000000,1,1,0.49324550000000000,0.493245500000,1.01360149184955,1.01360149184955,1.01360149184955,0E-17,ELIGIBLE,R03b_20260811_FULL_v1,L1_ELIGIBILITY,v2026-08-11,2026-03-21..2026-08-06,baccarat_bet02_101_all_pairs_incl_sentinel,round_win = game_pnl > 0 (decisive only),COMPATIBILITY_ONLY_NOT_PRODUCTION,798.2081,728.0697,-61.3341,219,219,0.07683976,0.17020089,-0.00270746,0.07683976,61.3341,798.2081,OK,0.0000,-2.4534,4.0000,96.0000,AG03-UNRESOLVED,ALL5_LEVELS_bet23_to_bet27,-2.4534,-2.4534,-2.4534,-3.0667,-3.0667,4.000000,4.000000,4.000000,5.000000,5.000000,96.000000,96.000000,96.000000,95.000000,95.000000,5.0,-13.4935,-12.3604,-47.8406,-48.9737,PENDING_AG03,FALSE,NOT_FOR_ENFORCEMENT,-58.8808,698.9469,-61.3341,-58.8808,-2.4534,-0.07683976,-0.07376617,-2.4534,-58.8808,-0.07376617,-2.4534,-2.4534,-2.4534,-3.0667,-3.0667,-58.8808,-0.07376617,-13.4935,-12.3604,-47.8406,-48.9737,-0.05993501,-0.06135457,-0.00307359,3.6448,3.3245,-0.2801,-1.6141,-0.4009,21.0055,5.7632,4.5902,3.1006,2.2014,2.7616,5.5205,6.428,8.837,11.0463,2.2093,0.0,3.2,4.0,1.319821,25,94,32,1,0.46005423,-0.07683976,-0.17020089,0E-8,0.000000,0.912130,0.000000,0.17290835,2026-06-13,2026-08-06,38,153,140,55,0.690909,1.480416,1.259398,1.533514,,,,,,,,GLOBAL_BASELINE_NO_ENTITY_RANKING,,,NOT_APPLICABLE_GLOBAL_BASELINE,HF9g-P5,,,,X 全窗基线 · 不参与实体赏罚,3929580,393,A168_HF9F_20260827_0900,2026-08-27 09:00:00
2026-06-24,151437733,2121,0,2.2013582380,0E-10,0E-10,0.5000000,2,2,0.49324550000000000,0.493245500000,0.01910635448239258,0.01910635448239258,0.01910635448239258,0E-17,ELIGIBLE,R03b_20260811_FULL_v1,L1_ELIGIBILITY,v2026-08-11,2026-03-21..2026-08-06,baccarat_bet02_101_all_pairs_incl_sentinel,round_win = game_pnl > 0 (decisive only),COMPATIBILITY_ONLY_NOT_PRODUCTION,798.2081,728.0697,-61.3341,219,219,0.07683976,0.17020089,-0.00270746,0.07683976,61.3341,798.2081,OK,0.0000,-2.4534,4.0000,96.0000,AG03-UNRESOLVED,ALL5_LEVELS_bet23_to_bet27,-2.4534,-2.4534,-2.4534,-3.0667,-3.0667,4.000000,4.000000,4.000000,5.000000,5.000000,96.000000,96.000000,96.000000,95.000000,95.000000,5.0,-13.4935,-12.3604,-47.8406,-48.9737,PENDING_AG03,FALSE,NOT_FOR_ENFORCEMENT,-58.8808,698.9469,-61.3341,-58.8808,-2.4534,-0.07683976,-0.07376617,-2.4534,-58.8808,-0.07376617,-2.4534,-2.4534,-2.4534,-3.0667,-3.0667,-58.8808,-0.07376617,-13.4935,-12.3604,-47.8406,-48.9737,-0.05993501,-0.06135457,-0.00307359,3.6448,3.3245,-0.2801,-1.6141,-0.4009,21.0055,5.7632,4.5902,3.1006,2.2014,2.7616,5.5205,6.428,8.837,11.0463,2.2093,0.0,3.2,4.0,1.319821,25,94,32,1,0.46005423,-0.07683976,-0.17020089,0E-8,0.000000,0.912130,0.000000,0.17290835,2026-06-13,2026-08-06,38,153,140,55,0.690909,1.480416,1.259398,1.533514,,,,,,,,GLOBAL_BASELINE_NO_ENTITY_RANKING,,,NOT_APPLICABLE_GLOBAL_BASELINE,HF9g-P5,,,,X 全窗基线 · 不参与实体赏罚,3929581,393,A168_HF9F_20260827_0900,2026-08-27 09:00:00
2026-06-24,151437733,2123,0,4.4027164761,-4.4027164761,-4.4027164761,0E-7,1,1,0.49324550000000000,0.493245500000,-0.9865810262130424,-0.9865810262130424,-0.9865810262130424,0E-17,ELIGIBLE,R03b_20260811_FULL_v1,L1_ELIGIBILITY,v2026-08-11,2026-03-21..2026-08-06,baccarat_bet02_101_all_pairs_incl_sentinel,round_win = game_pnl > 0 (decisive only),COMPATIBILITY_ONLY_NOT_PRODUCTION,798.2081,728.0697,-61.3341,219,219,0.07683976,0.17020089,-0.00270746,0.07683976,61.3341,798.2081,OK,0.0000,-2.4534,4.0000,96.0000,AG03-UNRESOLVED,ALL5_LEVELS_bet23_to_bet27,-2.4534,-2.4534,-2.4534,-3.0667,-3.0667,4.000000,4.000000,4.000000,5.000000,5.000000,96.000000,96.000000,96.000000,95.000000,95.000000,5.0,-13.4935,-12.3604,-47.8406,-48.9737,PENDING_AG03,FALSE,NOT_FOR_ENFORCEMENT,-58.8808,698.9469,-61.3341,-58.8808,-2.4534,-0.07683976,-0.07376617,-2.4534,-58.8808,-0.07376617,-2.4534,-2.4534,-2.4534,-3.0667,-3.0667,-58.8808,-0.07376617,-13.4935,-12.3604,-47.8406,-48.9737,-0.05993501,-0.06135457,-0.00307359,3.6448,3.3245,-0.2801,-1.6141,-0.4009,21.0055,5.7632,4.5902,3.1006,2.2014,2.7616,5.5205,6.428,8.837,11.0463,2.2093,0.0,3.2,4.0,1.319821,25,94,32,1,0.46005423,-0.07683976,-0.17020089,0E-8,0.000000,0.912130,0.000000,0.17290835,2026-06-13,2026-08-06,38,153,140,55,0.690909,1.480416,1.259398,1.533514,,,,,,,,GLOBAL_BASELINE_NO_ENTITY_RANKING,,,NOT_APPLICABLE_GLOBAL_BASELINE,HF9g-P5,,,,X 全窗基线 · 不参与实体赏罚,3929582,393,A168_HF9F_20260827_0900,2026-08-27 09:00:00
2026-06-24,151437733,2141,0,5.5033955951,5.5033955951,5.5033955951,1.0000000,2,2,0.49324550000000000,0.493245500000,1.4334489766152358,1.4334489766152358,1.4334489766152358,0E-17,ELIGIBLE,R03b_20260811_FULL_v1,L1_ELIGIBILITY,v2026-08-11,2026-03-21..2026-08-06,baccarat_bet02_101_all_pairs_incl_sentinel,round_win = game_pnl > 0 (decisive only),COMPATIBILITY_ONLY_NOT_PRODUCTION,798.2081,728.0697,-61.3341,219,219,0.07683976,0.17020089,-0.00270746,0.07683976,61.3341,798.2081,OK,0.0000,-2.4534,4.0000,96.0000,AG03-UNRESOLVED,ALL5_LEVELS_bet23_to_bet27,-2.4534,-2.4534,-2.4534,-3.0667,-3.0667,4.000000,4.000000,4.000000,5.000000,5.000000,96.000000,96.000000,96.000000,95.000000,95.000000,5.0,-13.4935,-12.3604,-47.8406,-48.9737,PENDING_AG03,FALSE,NOT_FOR_ENFORCEMENT,-58.8808,698.9469,-61.3341,-58.8808,-2.4534,-0.07683976,-0.07376617,-2.4534,-58.8808,-0.07376617,-2.4534,-2.4534,-2.4534,-3.0667,-3.0667,-58.8808,-0.07376617,-13.4935,-12.3604,-47.8406,-48.9737,-0.05993501,-0.06135457,-0.00307359,3.6448,3.3245,-0.2801,-1.6141,-0.4009,21.0055,5.7632,4.5902,3.1006,2.2014,2.7616,5.5205,6.428,8.837,11.0463,2.2093,0.0,3.2,4.0,1.319821,25,94,32,1,0.46005423,-0.07683976,-0.17020089,0E-8,0.000000,0.912130,0.000000,0.17290835,2026-06-13,2026-08-06,38,153,140,55,0.690909,1.480416,1.259398,1.533514,,,,,,,,GLOBAL_BASELINE_NO_ENTITY_RANKING,,,NOT_APPLICABLE_GLOBAL_BASELINE,HF9g-P5,,,,X 全窗基线 · 不参与实体赏罚,3929583,393,A168_HF9F_20260827_0900,2026-08-27 09:00:00
2026-06-24,151437733,2155,0,1.1006791190,0E-10,0E-10,,1,1,0.49324550000000000,0.493245500000,,,,0E-17,NO_DECISIVE_ROUND,R03b_20260811_FULL_v1,L1_ELIGIBILITY,v2026-08-11,2026-03-21..2026-08-06,baccarat_bet02_101_all_pairs_incl_sentinel,round_win = game_pnl > 0 (decisive only),COMPATIBILITY_ONLY_NOT_PRODUCTION,798.2081,728.0697,-61.3341,219,219,0.07683976,0.17020089,-0.00270746,0.07683976,61.3341,798.2081,OK,0.0000,-2.4534,4.0000,96.0000,AG03-UNRESOLVED,ALL5_LEVELS_bet23_to_bet27,-2.4534,-2.4534,-2.4534,-3.0667,-3.0667,4.000000,4.000000,4.000000,5.000000,5.000000,96.000000,96.000000,96.000000,95.000000,95.000000,5.0,-13.4935,-12.3604,-47.8406,-48.9737,PENDING_AG03,FALSE,NOT_FOR_ENFORCEMENT,-58.8808,698.9469,-61.3341,-58.8808,-2.4534,-0.07683976,-0.07376617,-2.4534,-58.8808,-0.07376617,-2.4534,-2.4534,-2.4534,-3.0667,-3.0667,-58.8808,-0.07376617,-13.4935,-12.3604,-47.8406,-48.9737,-0.05993501,-0.06135457,-0.00307359,3.6448,3.3245,-0.2801,-1.6141,-0.4009,21.0055,5.7632,4.5902,3.1006,2.2014,2.7616,5.5205,6.428,8.837,11.0463,2.2093,0.0,3.2,4.0,1.319821,25,94,32,1,0.46005423,-0.07683976,-0.17020089,0E-8,0.000000,0.912130,0.000000,0.17290835,2026-06-13,2026-08-06,38,153,140,55,0.690909,1.480416,1.259398,1.533514,,,,,,,,GLOBAL_BASELINE_NO_ENTITY_RANKING,,,NOT_APPLICABLE_GLOBAL_BASELINE,HF9g-P5,,,,X 全窗基线 · 不参与实体赏罚,3929584,393,A168_HF9F_20260827_0900,2026-08-27 09:00:00
2026-06-24,151437733,2167,0,2.2013582380,2.2013582380,2.2013582380,1.0000000,1,1,0.49324550000000000,0.493245500000,1.01360149184955,1.01360149184955,1.01360149184955,0E-17,ELIGIBLE,R03b_20260811_FULL_v1,L1_ELIGIBILITY,v2026-08-11,2026-03-21..2026-08-06,baccarat_bet02_101_all_pairs_incl_sentinel,round_win = game_pnl > 0 (decisive only),COMPATIBILITY_ONLY_NOT_PRODUCTION,798.2081,728.0697,-61.3341,219,219,0.07683976,0.17020089,-0.00270746,0.07683976,61.3341,798.2081,OK,0.0000,-2.4534,4.0000,96.0000,AG03-UNRESOLVED,ALL5_LEVELS_bet23_to_bet27,-2.4534,-2.4534,-2.4534,-3.0667,-3.0667,4.000000,4.000000,4.000000,5.000000,5.000000,96.000000,96.000000,96.000000,95.000000,95.000000,5.0,-13.4935,-12.3604,-47.8406,-48.9737,PENDING_AG03,FALSE,NOT_FOR_ENFORCEMENT,-58.8808,698.9469,-61.3341,-58.8808,-2.4534,-0.07683976,-0.07376617,-2.4534,-58.8808,-0.07376617,-2.4534,-2.4534,-2.4534,-3.0667,-3.0667,-58.8808,-0.07376617,-13.4935,-12.3604,-47.8406,-48.9737,-0.05993501,-0.06135457,-0.00307359,3.6448,3.3245,-0.2801,-1.6141,-0.4009,21.0055,5.7632,4.5902,3.1006,2.2014,2.7616,5.5205,6.428,8.837,11.0463,2.2093,0.0,3.2,4.0,1.319821,25,94,32,1,0.46005423,-0.07683976,-0.17020089,0E-8,0.000000,0.912130,0.000000,0.17290835,2026-06-13,2026-08-06,38,153,140,55,0.690909,1.480416,1.259398,1.533514,,,,,,,,GLOBAL_BASELINE_NO_ENTITY_RANKING,,,NOT_APPLICABLE_GLOBAL_BASELINE,HF9g-P5,,,,X 全窗基线 · 不参与实体赏罚,3929585,393,A168_HF9F_20260827_0900,2026-08-27 09:00:00
2026-06-24,151437733,2170,0,1.1006791190,-1.1006791190,-1.1006791190,0E-7,1,1,0.49324550000000000,0.493245500000,-0.9865810262130424,-0.9865810262130424,-0.9865810262130424,0E-17,ELIGIBLE,R03b_20260811_FULL_v1,L1_ELIGIBILITY,v2026-08-11,2026-03-21..2026-08-06,baccarat_bet02_101_all_pairs_incl_sentinel,round_win = game_pnl > 0 (decisive only),COMPATIBILITY_ONLY_NOT_PRODUCTION,798.2081,728.0697,-61.3341,219,219,0.07683976,0.17020089,-0.00270746,0.07683976,61.3341,798.2081,OK,0.0000,-2.4534,4.0000,96.0000,AG03-UNRESOLVED,ALL5_LEVELS_bet23_to_bet27,-2.4534,-2.4534,-2.4534,-3.0667,-3.0667,4.000000,4.000000,4.000000,5.000000,5.000000,96.000000,96.000000,96.000000,95.000000,95.000000,5.0,-13.4935,-12.3604,-47.8406,-48.9737,PENDING_AG03,FALSE,NOT_FOR_ENFORCEMENT,-58.8808,698.9469,-61.3341,-58.8808,-2.4534,-0.07683976,-0.07376617,-2.4534,-58.8808,-0.07376617,-2.4534,-2.4534,-2.4534,-3.0667,-3.0667,-58.8808,-0.07376617,-13.4935,-12.3604,-47.8406,-48.9737,-0.05993501,-0.06135457,-0.00307359,3.6448,3.3245,-0.2801,-1.6141,-0.4009,21.0055,5.7632,4.5902,3.1006,2.2014,2.7616,5.5205,6.428,8.837,11.0463,2.2093,0.0,3.2,4.0,1.319821,25,94,32,1,0.46005423,-0.07683976,-0.17020089,0E-8,0.000000,0.912130,0.000000,0.17290835,2026-06-13,2026-08-06,38,153,140,55,0.690909,1.480416,1.259398,1.533514,,,,,,,,GLOBAL_BASELINE_NO_ENTITY_RANKING,,,NOT_APPLICABLE_GLOBAL_BASELINE,HF9g-P5,,,,X 全窗基线 · 不参与实体赏罚,3929586,393,A168_HF9F_20260827_0900,2026-08-27 09:00:00
2026-06-24,151437733,2175,0,9.6859762473,-9.6859762473,-9.6859762473,0E-7,1,1,0.49324550000000000,0.493245500000,-0.9865810262130424,-0.9865810262130424,-0.9865810262130424,0E-17,ELIGIBLE,R03b_20260811_FULL_v1,L1_ELIGIBILITY,v2026-08-11,2026-03-21..2026-08-06,baccarat_bet02_101_all_pairs_incl_sentinel,round_win = game_pnl > 0 (decisive only),COMPATIBILITY_ONLY_NOT_PRODUCTION,798.2081,728.0697,-61.3341,219,219,0.07683976,0.17020089,-0.00270746,0.07683976,61.3341,798.2081,OK,0.0000,-2.4534,4.0000,96.0000,AG03-UNRESOLVED,ALL5_LEVELS_bet23_to_bet27,-2.4534,-2.4534,-2.4534,-3.0667,-3.0667,4.000000,4.000000,4.000000,5.000000,5.000000,96.000000,96.000000,96.000000,95.000000,95.000000,5.0,-13.4935,-12.3604,-47.8406,-48.9737,PENDING_AG03,FALSE,NOT_FOR_ENFORCEMENT,-58.8808,698.9469,-61.3341,-58.8808,-2.4534,-0.07683976,-0.07376617,-2.4534,-58.8808,-0.07376617,-2.4534,-2.4534,-2.4534,-3.0667,-3.0667,-58.8808,-0.07376617,-13.4935,-12.3604,-47.8406,-48.9737,-0.05993501,-0.06135457,-0.00307359,3.6448,3.3245,-0.2801,-1.6141,-0.4009,21.0055,5.7632,4.5902,3.1006,2.2014,2.7616,5.5205,6.428,8.837,11.0463,2.2093,0.0,3.2,4.0,1.319821,25,94,32,1,0.46005423,-0.07683976,-0.17020089,0E-8,0.000000,0.912130,0.000000,0.17290835,2026-06-13,2026-08-06,38,153,140,55,0.690909,1.480416,1.259398,1.533514,,,,,,,,GLOBAL_BASELINE_NO_ENTITY_RANKING,,,NOT_APPLICABLE_GLOBAL_BASELINE,HF9g-P5,,,,X 全窗基线 · 不参与实体赏罚,3929587,393,A168_HF9F_20260827_0900,2026-08-27 09:00:00
2026-06-24,151437733,2229,0,11.0067911902,5.5033955951,5.5033955951,1.0000000,2,2,0.49324550000000000,0.493245500000,1.01360149184955,1.01360149184955,1.01360149184955,0E-17,ELIGIBLE,R03b_20260811_FULL_v1,L1_ELIGIBILITY,v2026-08-11,2026-03-21..2026-08-06,baccarat_bet02_101_all_pairs_incl_sentinel,round_win = game_pnl > 0 (decisive only),COMPATIBILITY_ONLY_NOT_PRODUCTION,798.2081,728.0697,-61.3341,219,219,0.07683976,0.17020089,-0.00270746,0.07683976,61.3341,798.2081,OK,0.0000,-2.4534,4.0000,96.0000,AG03-UNRESOLVED,ALL5_LEVELS_bet23_to_bet27,-2.4534,-2.4534,-2.4534,-3.0667,-3.0667,4.000000,4.000000,4.000000,5.000000,5.000000,96.000000,96.000000,96.000000,95.000000,95.000000,5.0,-13.4935,-12.3604,-47.8406,-48.9737,PENDING_AG03,FALSE,NOT_FOR_ENFORCEMENT,-58.8808,698.9469,-61.3341,-58.8808,-2.4534,-0.07683976,-0.07376617,-2.4534,-58.8808,-0.07376617,-2.4534,-2.4534,-2.4534,-3.0667,-3.0667,-58.8808,-0.07376617,-13.4935,-12.3604,-47.8406,-48.9737,-0.05993501,-0.06135457,-0.00307359,3.6448,3.3245,-0.2801,-1.6141,-0.4009,21.0055,5.7632,4.5902,3.1006,2.2014,2.7616,5.5205,6.428,8.837,11.0463,2.2093,0.0,3.2,4.0,1.319821,25,94,32,1,0.46005423,-0.07683976,-0.17020089,0E-8,0.000000,0.912130,0.000000,0.17290835,2026-06-13,2026-08-06,38,153,140,55,0.690909,1.480416,1.259398,1.533514,,,,,,,,GLOBAL_BASELINE_NO_ENTITY_RANKING,,,NOT_APPLICABLE_GLOBAL_BASELINE,HF9g-P5,,,,X 全窗基线 · 不参与实体赏罚,3929588,393,A168_HF9F_20260827_0900,2026-08-27 09:00:00
2026-06-24,151437733,2235,0,1.1006791190,1.1006791190,1.1006791190,1.0000000,1,1,0.49324550000000000,0.493245500000,1.01360149184955,1.01360149184955,1.01360149184955,0E-17,ELIGIBLE,R03b_20260811_FULL_v1,L1_ELIGIBILITY,v2026-08-11,2026-03-21..2026-08-06,baccarat_bet02_101_all_pairs_incl_sentinel,round_win = game_pnl > 0 (decisive only),COMPATIBILITY_ONLY_NOT_PRODUCTION,798.2081,728.0697,-61.3341,219,219,0.07683976,0.17020089,-0.00270746,0.07683976,61.3341,798.2081,OK,0.0000,-2.4534,4.0000,96.0000,AG03-UNRESOLVED,ALL5_LEVELS_bet23_to_bet27,-2.4534,-2.4534,-2.4534,-3.0667,-3.0667,4.000000,4.000000,4.000000,5.000000,5.000000,96.000000,96.000000,96.000000,95.000000,95.000000,5.0,-13.4935,-12.3604,-47.8406,-48.9737,PENDING_AG03,FALSE,NOT_FOR_ENFORCEMENT,-58.8808,698.9469,-61.3341,-58.8808,-2.4534,-0.07683976,-0.07376617,-2.4534,-58.8808,-0.07376617,-2.4534,-2.4534,-2.4534,-3.0667,-3.0667,-58.8808,-0.07376617,-13.4935,-12.3604,-47.8406,-48.9737,-0.05993501,-0.06135457,-0.00307359,3.6448,3.3245,-0.2801,-1.6141,-0.4009,21.0055,5.7632,4.5902,3.1006,2.2014,2.7616,5.5205,6.428,8.837,11.0463,2.2093,0.0,3.2,4.0,1.319821,25,94,32,1,0.46005423,-0.07683976,-0.17020089,0E-8,0.000000,0.912130,0.000000,0.17290835,2026-06-13,2026-08-06,38,153,140,55,0.690909,1.480416,1.259398,1.533514,,,,,,,,GLOBAL_BASELINE_NO_ENTITY_RANKING,,,NOT_APPLICABLE_GLOBAL_BASELINE,HF9g-P5,,,,X 全窗基线 · 不参与实体赏罚,3929589,393,A168_HF9F_20260827_0900,2026-08-27 09:00:00
2026-06-24,151437733,2241,0,4.4027164761,0E-10,0E-10,,1,1,0.49324550000000000,0.493245500000,,,,0E-17,NO_DECISIVE_ROUND,R03b_20260811_FULL_v1,L1_ELIGIBILITY,v2026-08-11,2026-03-21..2026-08-06,baccarat_bet02_101_all_pairs_incl_sentinel,round_win = game_pnl > 0 (decisive only),COMPATIBILITY_ONLY_NOT_PRODUCTION,798.2081,728.0697,-61.3341,219,219,0.07683976,0.17020089,-0.00270746,0.07683976,61.3341,798.2081,OK,0.0000,-2.4534,4.0000,96.0000,AG03-UNRESOLVED,ALL5_LEVELS_bet23_to_bet27,-2.4534,-2.4534,-2.4534,-3.0667,-3.0667,4.000000,4.000000,4.000000,5.000000,5.000000,96.000000,96.000000,96.000000,95.000000,95.000000,5.0,-13.4935,-12.3604,-47.8406,-48.9737,PENDING_AG03,FALSE,NOT_FOR_ENFORCEMENT,-58.8808,698.9469,-61.3341,-58.8808,-2.4534,-0.07683976,-0.07376617,-2.4534,-58.8808,-0.07376617,-2.4534,-2.4534,-2.4534,-3.0667,-3.0667,-58.8808,-0.07376617,-13.4935,-12.3604,-47.8406,-48.9737,-0.05993501,-0.06135457,-0.00307359,3.6448,3.3245,-0.2801,-1.6141,-0.4009,21.0055,5.7632,4.5902,3.1006,2.2014,2.7616,5.5205,6.428,8.837,11.0463,2.2093,0.0,3.2,4.0,1.319821,25,94,32,1,0.46005423,-0.07683976,-0.17020089,0E-8,0.000000,0.912130,0.000000,0.17290835,2026-06-13,2026-08-06,38,153,140,55,0.690909,1.480416,1.259398,1.533514,,,,,,,,GLOBAL_BASELINE_NO_ENTITY_RANKING,,,NOT_APPLICABLE_GLOBAL_BASELINE,HF9g-P5,,,,X 全窗基线 · 不参与实体赏罚,3929590,393,A168_HF9F_20260827_0900,2026-08-27 09:00:00
2026-06-24,151437733,583,0,1.1006791190,-1.1006791190,-1.1006791190,0E-7,1,1,0.49324550000000000,0.493245500000,-0.9865810262130424,-0.9865810262130424,-0.9865810262130424,0E-17,ELIGIBLE,R03b_20260811_FULL_v1,L1_ELIGIBILITY,v2026-08-11,2026-03-21..2026-08-06,baccarat_bet02_101_all_pairs_incl_sentinel,round_win = game_pnl > 0 (decisive only),COMPATIBILITY_ONLY_NOT_PRODUCTION,798.2081,728.0697,-61.3341,219,219,0.07683976,0.17020089,-0.00270746,0.07683976,61.3341,798.2081,OK,0.0000,-2.4534,4.0000,96.0000,AG03-UNRESOLVED,ALL5_LEVELS_bet23_to_bet27,-2.4534,-2.4534,-2.4534,-3.0667,-3.0667,4.000000,4.000000,4.000000,5.000000,5.000000,96.000000,96.000000,96.000000,95.000000,95.000000,5.0,-13.4935,-12.3604,-47.8406,-48.9737,PENDING_AG03,FALSE,NOT_FOR_ENFORCEMENT,-58.8808,698.9469,-61.3341,-58.8808,-2.4534,-0.07683976,-0.07376617,-2.4534,-58.8808,-0.07376617,-2.4534,-2.4534,-2.4534,-3.0667,-3.0667,-58.8808,-0.07376617,-13.4935,-12.3604,-47.8406,-48.9737,-0.05993501,-0.06135457,-0.00307359,3.6448,3.3245,-0.2801,-1.6141,-0.4009,21.0055,5.7632,4.5902,3.1006,2.2014,2.7616,5.5205,6.428,8.837,11.0463,2.2093,0.0,3.2,4.0,1.319821,25,94,32,1,0.46005423,-0.07683976,-0.17020089,0E-8,0.000000,0.912130,0.000000,0.17290835,2026-06-13,2026-08-06,38,153,140,55,0.690909,1.480416,1.259398,1.533514,,,,,,,,GLOBAL_BASELINE_NO_ENTITY_RANKING,,,NOT_APPLICABLE_GLOBAL_BASELINE,HF9g-P5,,,,X 全窗基线 · 不参与实体赏罚,3929591,393,A168_HF9F_20260827_0900,2026-08-27 09:00:00
2026-06-24,151437733,987,0,5.5033955951,-5.5033955951,-5.5033955951,0E-7,1,1,0.49324550000000000,0.493245500000,-0.9865810262130424,-0.9865810262130424,-0.9865810262130424,0E-17,ELIGIBLE,R03b_20260811_FULL_v1,L1_ELIGIBILITY,v2026-08-11,2026-03-21..2026-08-06,baccarat_bet02_101_all_pairs_incl_sentinel,round_win = game_pnl > 0 (decisive only),COMPATIBILITY_ONLY_NOT_PRODUCTION,798.2081,728.0697,-61.3341,219,219,0.07683976,0.17020089,-0.00270746,0.07683976,61.3341,798.2081,OK,0.0000,-2.4534,4.0000,96.0000,AG03-UNRESOLVED,ALL5_LEVELS_bet23_to_bet27,-2.4534,-2.4534,-2.4534,-3.0667,-3.0667,4.000000,4.000000,4.000000,5.000000,5.000000,96.000000,96.000000,96.000000,95.000000,95.000000,5.0,-13.4935,-12.3604,-47.8406,-48.9737,PENDING_AG03,FALSE,NOT_FOR_ENFORCEMENT,-58.8808,698.9469,-61.3341,-58.8808,-2.4534,-0.07683976,-0.07376617,-2.4534,-58.8808,-0.07376617,-2.4534,-2.4534,-2.4534,-3.0667,-3.0667,-58.8808,-0.07376617,-13.4935,-12.3604,-47.8406,-48.9737,-0.05993501,-0.06135457,-0.00307359,3.6448,3.3245,-0.2801,-1.6141,-0.4009,21.0055,5.7632,4.5902,3.1006,2.2014,2.7616,5.5205,6.428,8.837,11.0463,2.2093,0.0,3.2,4.0,1.319821,25,94,32,1,0.46005423,-0.07683976,-0.17020089,0E-8,0.000000,0.912130,0.000000,0.17290835,2026-06-13,2026-08-06,38,153,140,55,0.690909,1.480416,1.259398,1.533514,,,,,,,,GLOBAL_BASELINE_NO_ENTITY_RANKING,,,NOT_APPLICABLE_GLOBAL_BASELINE,HF9g-P5,,,,X 全窗基线 · 不参与实体赏罚,3929592,393,A168_HF9F_20260827_0900,2026-08-27 09:00:00
2026-06-24,151437733,994,0,2.2013582380,2.2013582380,2.2013582380,1.0000000,1,1,0.49324550000000000,0.493245500000,1.01360149184955,1.01360149184955,1.01360149184955,0E-17,ELIGIBLE,R03b_20260811_FULL_v1,L1_ELIGIBILITY,v2026-08-11,2026-03-21..2026-08-06,baccarat_bet02_101_all_pairs_incl_sentinel,round_win = game_pnl > 0 (decisive only),COMPATIBILITY_ONLY_NOT_PRODUCTION,798.2081,728.0697,-61.3341,219,219,0.07683976,0.17020089,-0.00270746,0.07683976,61.3341,798.2081,OK,0.0000,-2.4534,4.0000,96.0000,AG03-UNRESOLVED,ALL5_LEVELS_bet23_to_bet27,-2.4534,-2.4534,-2.4534,-3.0667,-3.0667,4.000000,4.000000,4.000000,5.000000,5.000000,96.000000,96.000000,96.000000,95.000000,95.000000,5.0,-13.4935,-12.3604,-47.8406,-48.9737,PENDING_AG03,FALSE,NOT_FOR_ENFORCEMENT,-58.8808,698.9469,-61.3341,-58.8808,-2.4534,-0.07683976,-0.07376617,-2.4534,-58.8808,-0.07376617,-2.4534,-2.4534,-2.4534,-3.0667,-3.0667,-58.8808,-0.07376617,-13.4935,-12.3604,-47.8406,-48.9737,-0.05993501,-0.06135457,-0.00307359,3.6448,3.3245,-0.2801,-1.6141,-0.4009,21.0055,5.7632,4.5902,3.1006,2.2014,2.7616,5.5205,6.428,8.837,11.0463,2.2093,0.0,3.2,4.0,1.319821,25,94,32,1,0.46005423,-0.07683976,-0.17020089,0E-8,0.000000,0.912130,0.000000,0.17290835,2026-06-13,2026-08-06,38,153,140,55,0.690909,1.480416,1.259398,1.533514,,,,,,,,GLOBAL_BASELINE_NO_ENTITY_RANKING,,,NOT_APPLICABLE_GLOBAL_BASELINE,HF9g-P5,,,,X 全窗基线 · 不参与实体赏罚,3929593,393,A168_HF9F_20260827_0900,2026-08-27 09:00:00
2026-06-27,151437733,2241,0,2.2013582380,-2.2013582380,-2.2013582380,0E-7,1,1,0.49324550000000000,0.493245500000,-0.9865810262130424,-0.9865810262130424,-0.9865810262130424,0E-17,ELIGIBLE,R03b_20260811_FULL_v1,L1_ELIGIBILITY,v2026-08-11,2026-03-21..2026-08-06,baccarat_bet02_101_all_pairs_incl_sentinel,round_win = game_pnl > 0 (decisive only),COMPATIBILITY_ONLY_NOT_PRODUCTION,798.2081,728.0697,-61.3341,219,219,0.07683976,0.17020089,-0.00270746,0.07683976,61.3341,798.2081,OK,0.0000,-2.4534,4.0000,96.0000,AG03-UNRESOLVED,ALL5_LEVELS_bet23_to_bet27,-2.4534,-2.4534,-2.4534,-3.0667,-3.0667,4.000000,4.000000,4.000000,5.000000,5.000000,96.000000,96.000000,96.000000,95.000000,95.000000,5.0,-13.4935,-12.3604,-47.8406,-48.9737,PENDING_AG03,FALSE,NOT_FOR_ENFORCEMENT,-58.8808,698.9469,-61.3341,-58.8808,-2.4534,-0.07683976,-0.07376617,-2.4534,-58.8808,-0.07376617,-2.4534,-2.4534,-2.4534,-3.0667,-3.0667,-58.8808,-0.07376617,-13.4935,-12.3604,-47.8406,-48.9737,-0.05993501,-0.06135457,-0.00307359,3.6448,3.3245,-0.2801,-1.6141,-0.4009,21.0055,5.7632,4.5902,3.1006,2.2014,2.7616,5.5205,6.428,8.837,11.0463,2.2093,0.0,3.2,4.0,1.319821,25,94,32,1,0.46005423,-0.07683976,-0.17020089,0E-8,0.000000,0.912130,0.000000,0.17290835,2026-06-13,2026-08-06,38,153,140,55,0.690909,1.480416,1.259398,1.533514,,,,,,,,GLOBAL_BASELINE_NO_ENTITY_RANKING,,,NOT_APPLICABLE_GLOBAL_BASELINE,HF9g-P5,,,,X 全窗基线 · 不参与实体赏罚,3929594,393,A168_HF9F_20260827_0900,2026-08-27 09:00:00
2026-06-30,151437733,1302,0,5.5033955951,-5.5033955951,-5.5033955951,0E-7,1,1,0.49324550000000000,0.493245500000,-0.9865810262130424,-0.9865810262130424,-0.9865810262130424,0E-17,ELIGIBLE,R03b_20260811_FULL_v1,L1_ELIGIBILITY,v2026-08-11,2026-03-21..2026-08-06,baccarat_bet02_101_all_pairs_incl_sentinel,round_win = game_pnl > 0 (decisive only),COMPATIBILITY_ONLY_NOT_PRODUCTION,798.2081,728.0697,-61.3341,219,219,0.07683976,0.17020089,-0.00270746,0.07683976,61.3341,798.2081,OK,0.0000,-2.4534,4.0000,96.0000,AG03-UNRESOLVED,ALL5_LEVELS_bet23_to_bet27,-2.4534,-2.4534,-2.4534,-3.0667,-3.0667,4.000000,4.000000,4.000000,5.000000,5.000000,96.000000,96.000000,96.000000,95.000000,95.000000,5.0,-13.4935,-12.3604,-47.8406,-48.9737,PENDING_AG03,FALSE,NOT_FOR_ENFORCEMENT,-58.8808,698.9469,-61.3341,-58.8808,-2.4534,-0.07683976,-0.07376617,-2.4534,-58.8808,-0.07376617,-2.4534,-2.4534,-2.4534,-3.0667,-3.0667,-58.8808,-0.07376617,-13.4935,-12.3604,-47.8406,-48.9737,-0.05993501,-0.06135457,-0.00307359,3.6448,3.3245,-0.2801,-1.6141,-0.4009,21.0055,5.7632,4.5902,3.1006,2.2014,2.7616,5.5205,6.428,8.837,11.0463,2.2093,0.0,3.2,4.0,1.319821,25,94,32,1,0.46005423,-0.07683976,-0.17020089,0E-8,0.000000,0.912130,0.000000,0.17290835,2026-06-13,2026-08-06,38,153,140,55,0.690909,1.480416,1.259398,1.533514,,,,,,,,GLOBAL_BASELINE_NO_ENTITY_RANKING,,,NOT_APPLICABLE_GLOBAL_BASELINE,HF9g-P5,,,,X 全窗基线 · 不参与实体赏罚,3929595,393,A168_HF9F_20260827_0900,2026-08-27 09:00:00
2026-06-30,151437733,1750,0,5.5231530576,5.5231530576,5.5231530576,1.0000000,1,1,0.49324550000000000,0.493245500000,1.01360149184955,1.01360149184955,1.01360149184955,0E-17,ELIGIBLE,R03b_20260811_FULL_v1,L1_ELIGIBILITY,v2026-08-11,2026-03-21..2026-08-06,baccarat_bet02_101_all_pairs_incl_sentinel,round_win = game_pnl > 0 (decisive only),COMPATIBILITY_ONLY_NOT_PRODUCTION,798.2081,728.0697,-61.3341,219,219,0.07683976,0.17020089,-0.00270746,0.07683976,61.3341,798.2081,OK,0.0000,-2.4534,4.0000,96.0000,AG03-UNRESOLVED,ALL5_LEVELS_bet23_to_bet27,-2.4534,-2.4534,-2.4534,-3.0667,-3.0667,4.000000,4.000000,4.000000,5.000000,5.000000,96.000000,96.000000,96.000000,95.000000,95.000000,5.0,-13.4935,-12.3604,-47.8406,-48.9737,PENDING_AG03,FALSE,NOT_FOR_ENFORCEMENT,-58.8808,698.9469,-61.3341,-58.8808,-2.4534,-0.07683976,-0.07376617,-2.4534,-58.8808,-0.07376617,-2.4534,-2.4534,-2.4534,-3.0667,-3.0667,-58.8808,-0.07376617,-13.4935,-12.3604,-47.8406,-48.9737,-0.05993501,-0.06135457,-0.00307359,3.6448,3.3245,-0.2801,-1.6141,-0.4009,21.0055,5.7632,4.5902,3.1006,2.2014,2.7616,5.5205,6.428,8.837,11.0463,2.2093,0.0,3.2,4.0,1.319821,25,94,32,1,0.46005423,-0.07683976,-0.17020089,0E-8,0.000000,0.912130,0.000000,0.17290835,2026-06-13,2026-08-06,38,153,140,55,0.690909,1.480416,1.259398,1.533514,,,,,,,,GLOBAL_BASELINE_NO_ENTITY_RANKING,,,NOT_APPLICABLE_GLOBAL_BASELINE,HF9g-P5,,,,X 全窗基线 · 不参与实体赏罚,3929596,393,A168_HF9F_20260827_0900,2026-08-27 09:00:00
2026-06-30,151437733,2088,0,5.5231530576,2.7615765288,2.7615765288,1.0000000,2,2,0.49324550000000000,0.493245500000,1.01360149184955,1.01360149184955,1.01360149184955,0E-17,ELIGIBLE,R03b_20260811_FULL_v1,L1_ELIGIBILITY,v2026-08-11,2026-03-21..2026-08-06,baccarat_bet02_101_all_pairs_incl_sentinel,round_win = game_pnl > 0 (decisive only),COMPATIBILITY_ONLY_NOT_PRODUCTION,798.2081,728.0697,-61.3341,219,219,0.07683976,0.17020089,-0.00270746,0.07683976,61.3341,798.2081,OK,0.0000,-2.4534,4.0000,96.0000,AG03-UNRESOLVED,ALL5_LEVELS_bet23_to_bet27,-2.4534,-2.4534,-2.4534,-3.0667,-3.0667,4.000000,4.000000,4.000000,5.000000,5.000000,96.000000,96.000000,96.000000,95.000000,95.000000,5.0,-13.4935,-12.3604,-47.8406,-48.9737,PENDING_AG03,FALSE,NOT_FOR_ENFORCEMENT,-58.8808,698.9469,-61.3341,-58.8808,-2.4534,-0.07683976,-0.07376617,-2.4534,-58.8808,-0.07376617,-2.4534,-2.4534,-2.4534,-3.0667,-3.0667,-58.8808,-0.07376617,-13.4935,-12.3604,-47.8406,-48.9737,-0.05993501,-0.06135457,-0.00307359,3.6448,3.3245,-0.2801,-1.6141,-0.4009,21.0055,5.7632,4.5902,3.1006,2.2014,2.7616,5.5205,6.428,8.837,11.0463,2.2093,0.0,3.2,4.0,1.319821,25,94,32,1,0.46005423,-0.07683976,-0.17020089,0E-8,0.000000,0.912130,0.000000,0.17290835,2026-06-13,2026-08-06,38,153,140,55,0.690909,1.480416,1.259398,1.533514,,,,,,,,GLOBAL_BASELINE_NO_ENTITY_RANKING,,,NOT_APPLICABLE_GLOBAL_BASELINE,HF9g-P5,,,,X 全窗基线 · 不参与实体赏罚,3929597,393,A168_HF9F_20260827_0900,2026-08-27 09:00:00
2026-06-30,151437733,2229,0,11.0463061152,-11.0463061152,-11.0463061152,0E-7,2,2,0.49324550000000000,0.493245500000,-1.3952362676504506,-1.3952362676504506,-1.3952362676504506,0E-17,ELIGIBLE,R03b_20260811_FULL_v1,L1_ELIGIBILITY,v2026-08-11,2026-03-21..2026-08-06,baccarat_bet02_101_all_pairs_incl_sentinel,round_win = game_pnl > 0 (decisive only),COMPATIBILITY_ONLY_NOT_PRODUCTION,798.2081,728.0697,-61.3341,219,219,0.07683976,0.17020089,-0.00270746,0.07683976,61.3341,798.2081,OK,0.0000,-2.4534,4.0000,96.0000,AG03-UNRESOLVED,ALL5_LEVELS_bet23_to_bet27,-2.4534,-2.4534,-2.4534,-3.0667,-3.0667,4.000000,4.000000,4.000000,5.000000,5.000000,96.000000,96.000000,96.000000,95.000000,95.000000,5.0,-13.4935,-12.3604,-47.8406,-48.9737,PENDING_AG03,FALSE,NOT_FOR_ENFORCEMENT,-58.8808,698.9469,-61.3341,-58.8808,-2.4534,-0.07683976,-0.07376617,-2.4534,-58.8808,-0.07376617,-2.4534,-2.4534,-2.4534,-3.0667,-3.0667,-58.8808,-0.07376617,-13.4935,-12.3604,-47.8406,-48.9737,-0.05993501,-0.06135457,-0.00307359,3.6448,3.3245,-0.2801,-1.6141,-0.4009,21.0055,5.7632,4.5902,3.1006,2.2014,2.7616,5.5205,6.428,8.837,11.0463,2.2093,0.0,3.2,4.0,1.319821,25,94,32,1,0.46005423,-0.07683976,-0.17020089,0E-8,0.000000,0.912130,0.000000,0.17290835,2026-06-13,2026-08-06,38,153,140,55,0.690909,1.480416,1.259398,1.533514,,,,,,,,GLOBAL_BASELINE_NO_ENTITY_RANKING,,,NOT_APPLICABLE_GLOBAL_BASELINE,HF9g-P5,,,,X 全窗基线 · 不参与实体赏罚,3929598,393,A168_HF9F_20260827_0900,2026-08-27 09:00:00
2026-07-02,151437733,-1,1,23.1972428420,12.1509367268,12.1509367268,0.6666667,3,3,0.49324550000000000,0.493245500000,0.6008033672792107,0.6008033672792106,0.6008033672792107,0E-17,SENTINEL_DEALER,R03b_20260811_FULL_v1,L1_ELIGIBILITY,v2026-08-11,2026-03-21..2026-08-06,baccarat_bet02_101_all_pairs_incl_sentinel,round_win = game_pnl > 0 (decisive only),COMPATIBILITY_ONLY_NOT_PRODUCTION,798.2081,728.0697,-61.3341,219,219,0.07683976,0.17020089,-0.00270746,0.07683976,61.3341,798.2081,OK,0.0000,-2.4534,4.0000,96.0000,AG03-UNRESOLVED,ALL5_LEVELS_bet23_to_bet27,-2.4534,-2.4534,-2.4534,-3.0667,-3.0667,4.000000,4.000000,4.000000,5.000000,5.000000,96.000000,96.000000,96.000000,95.000000,95.000000,5.0,-13.4935,-12.3604,-47.8406,-48.9737,PENDING_AG03,FALSE,NOT_FOR_ENFORCEMENT,-58.8808,698.9469,-61.3341,-58.8808,-2.4534,-0.07683976,-0.07376617,-2.4534,-58.8808,-0.07376617,-2.4534,-2.4534,-2.4534,-3.0667,-3.0667,-58.8808,-0.07376617,-13.4935,-12.3604,-47.8406,-48.9737,-0.05993501,-0.06135457,-0.00307359,3.6448,3.3245,-0.2801,-1.6141,-0.4009,21.0055,5.7632,4.5902,3.1006,2.2014,2.7616,5.5205,6.428,8.837,11.0463,2.2093,0.0,3.2,4.0,1.319821,25,94,32,1,0.46005423,-0.07683976,-0.17020089,0E-8,0.000000,0.912130,0.000000,0.17290835,2026-06-13,2026-08-06,38,153,140,55,0.690909,1.480416,1.259398,1.533514,,,,,,,,GLOBAL_BASELINE_NO_ENTITY_RANKING,,,NOT_APPLICABLE_GLOBAL_BASELINE,HF9g-P5,,,,X 全窗基线 · 不参与实体赏罚,3929599,393,A168_HF9F_20260827_0900,2026-08-27 09:00:00
2026-07-02,151437733,2101,0,4.4185224461,-4.4185224461,-4.4185224461,0E-7,1,1,0.49324550000000000,0.493245500000,-0.9865810262130424,-0.9865810262130424,-0.9865810262130424,0E-17,ELIGIBLE,R03b_20260811_FULL_v1,L1_ELIGIBILITY,v2026-08-11,2026-03-21..2026-08-06,baccarat_bet02_101_all_pairs_incl_sentinel,round_win = game_pnl > 0 (decisive only),COMPATIBILITY_ONLY_NOT_PRODUCTION,798.2081,728.0697,-61.3341,219,219,0.07683976,0.17020089,-0.00270746,0.07683976,61.3341,798.2081,OK,0.0000,-2.4534,4.0000,96.0000,AG03-UNRESOLVED,ALL5_LEVELS_bet23_to_bet27,-2.4534,-2.4534,-2.4534,-3.0667,-3.0667,4.000000,4.000000,4.000000,5.000000,5.000000,96.000000,96.000000,96.000000,95.000000,95.000000,5.0,-13.4935,-12.3604,-47.8406,-48.9737,PENDING_AG03,FALSE,NOT_FOR_ENFORCEMENT,-58.8808,698.9469,-61.3341,-58.8808,-2.4534,-0.07683976,-0.07376617,-2.4534,-58.8808,-0.07376617,-2.4534,-2.4534,-2.4534,-3.0667,-3.0667,-58.8808,-0.07376617,-13.4935,-12.3604,-47.8406,-48.9737,-0.05993501,-0.06135457,-0.00307359,3.6448,3.3245,-0.2801,-1.6141,-0.4009,21.0055,5.7632,4.5902,3.1006,2.2014,2.7616,5.5205,6.428,8.837,11.0463,2.2093,0.0,3.2,4.0,1.319821,25,94,32,1,0.46005423,-0.07683976,-0.17020089,0E-8,0.000000,0.912130,0.000000,0.17290835,2026-06-13,2026-08-06,38,153,140,55,0.690909,1.480416,1.259398,1.533514,,,,,,,,GLOBAL_BASELINE_NO_ENTITY_RANKING,,,NOT_APPLICABLE_GLOBAL_BASELINE,HF9g-P5,,,,X 全窗基线 · 不参与实体赏罚,3929600,393,A168_HF9F_20260827_0900,2026-08-27 09:00:00
2026-07-02,151437733,2127,0,6.6277836691,-6.6277836691,-6.6277836691,0E-7,1,1,0.49324550000000000,0.493245500000,-0.9865810262130424,-0.9865810262130424,-0.9865810262130424,0E-17,ELIGIBLE,R03b_20260811_FULL_v1,L1_ELIGIBILITY,v2026-08-11,2026-03-21..2026-08-06,baccarat_bet02_101_all_pairs_incl_sentinel,round_win = game_pnl > 0 (decisive only),COMPATIBILITY_ONLY_NOT_PRODUCTION,798.2081,728.0697,-61.3341,219,219,0.07683976,0.17020089,-0.00270746,0.07683976,61.3341,798.2081,OK,0.0000,-2.4534,4.0000,96.0000,AG03-UNRESOLVED,ALL5_LEVELS_bet23_to_bet27,-2.4534,-2.4534,-2.4534,-3.0667,-3.0667,4.000000,4.000000,4.000000,5.000000,5.000000,96.000000,96.000000,96.000000,95.000000,95.000000,5.0,-13.4935,-12.3604,-47.8406,-48.9737,PENDING_AG03,FALSE,NOT_FOR_ENFORCEMENT,-58.8808,698.9469,-61.3341,-58.8808,-2.4534,-0.07683976,-0.07376617,-2.4534,-58.8808,-0.07376617,-2.4534,-2.4534,-2.4534,-3.0667,-3.0667,-58.8808,-0.07376617,-13.4935,-12.3604,-47.8406,-48.9737,-0.05993501,-0.06135457,-0.00307359,3.6448,3.3245,-0.2801,-1.6141,-0.4009,21.0055,5.7632,4.5902,3.1006,2.2014,2.7616,5.5205,6.428,8.837,11.0463,2.2093,0.0,3.2,4.0,1.319821,25,94,32,1,0.46005423,-0.07683976,-0.17020089,0E-8,0.000000,0.912130,0.000000,0.17290835,2026-06-13,2026-08-06,38,153,140,55,0.690909,1.480416,1.259398,1.533514,,,,,,,,GLOBAL_BASELINE_NO_ENTITY_RANKING,,,NOT_APPLICABLE_GLOBAL_BASELINE,HF9g-P5,,,,X 全窗基线 · 不参与实体赏罚,3929601,393,A168_HF9F_20260827_0900,2026-08-27 09:00:00
2026-07-02,151437733,2229,0,4.3080593850,-1.4360197950,-1.4360197950,0.5000000,2,2,0.49324550000000000,0.493245500000,0.01910635448239258,0.01910635448239258,0.01910635448239258,0E-17,ELIGIBLE,R03b_20260811_FULL_v1,L1_ELIGIBILITY,v2026-08-11,2026-03-21..2026-08-06,baccarat_bet02_101_all_pairs_incl_sentinel,round_win = game_pnl > 0 (decisive only),COMPATIBILITY_ONLY_NOT_PRODUCTION,798.2081,728.0697,-61.3341,219,219,0.07683976,0.17020089,-0.00270746,0.07683976,61.3341,798.2081,OK,0.0000,-2.4534,4.0000,96.0000,AG03-UNRESOLVED,ALL5_LEVELS_bet23_to_bet27,-2.4534,-2.4534,-2.4534,-3.0667,-3.0667,4.000000,4.000000,4.000000,5.000000,5.000000,96.000000,96.000000,96.000000,95.000000,95.000000,5.0,-13.4935,-12.3604,-47.8406,-48.9737,PENDING_AG03,FALSE,NOT_FOR_ENFORCEMENT,-58.8808,698.9469,-61.3341,-58.8808,-2.4534,-0.07683976,-0.07376617,-2.4534,-58.8808,-0.07376617,-2.4534,-2.4534,-2.4534,-3.0667,-3.0667,-58.8808,-0.07376617,-13.4935,-12.3604,-47.8406,-48.9737,-0.05993501,-0.06135457,-0.00307359,3.6448,3.3245,-0.2801,-1.6141,-0.4009,21.0055,5.7632,4.5902,3.1006,2.2014,2.7616,5.5205,6.428,8.837,11.0463,2.2093,0.0,3.2,4.0,1.319821,25,94,32,1,0.46005423,-0.07683976,-0.17020089,0E-8,0.000000,0.912130,0.000000,0.17290835,2026-06-13,2026-08-06,38,153,140,55,0.690909,1.480416,1.259398,1.533514,,,,,,,,GLOBAL_BASELINE_NO_ENTITY_RANKING,,,NOT_APPLICABLE_GLOBAL_BASELINE,HF9g-P5,,,,X 全窗基线 · 不参与实体赏罚,3929602,393,A168_HF9F_20260827_0900,2026-08-27 09:00:00
2026-07-03,151437733,1304,0,1.1046306115,-1.1046306115,-1.1046306115,0E-7,1,1,0.49324550000000000,0.493245500000,-0.9865810262130424,-0.9865810262130424,-0.9865810262130424,0E-17,ELIGIBLE,R03b_20260811_FULL_v1,L1_ELIGIBILITY,v2026-08-11,2026-03-21..2026-08-06,baccarat_bet02_101_all_pairs_incl_sentinel,round_win = game_pnl > 0 (decisive only),COMPATIBILITY_ONLY_NOT_PRODUCTION,798.2081,728.0697,-61.3341,219,219,0.07683976,0.17020089,-0.00270746,0.07683976,61.3341,798.2081,OK,0.0000,-2.4534,4.0000,96.0000,AG03-UNRESOLVED,ALL5_LEVELS_bet23_to_bet27,-2.4534,-2.4534,-2.4534,-3.0667,-3.0667,4.000000,4.000000,4.000000,5.000000,5.000000,96.000000,96.000000,96.000000,95.000000,95.000000,5.0,-13.4935,-12.3604,-47.8406,-48.9737,PENDING_AG03,FALSE,NOT_FOR_ENFORCEMENT,-58.8808,698.9469,-61.3341,-58.8808,-2.4534,-0.07683976,-0.07376617,-2.4534,-58.8808,-0.07376617,-2.4534,-2.4534,-2.4534,-3.0667,-3.0667,-58.8808,-0.07376617,-13.4935,-12.3604,-47.8406,-48.9737,-0.05993501,-0.06135457,-0.00307359,3.6448,3.3245,-0.2801,-1.6141,-0.4009,21.0055,5.7632,4.5902,3.1006,2.2014,2.7616,5.5205,6.428,8.837,11.0463,2.2093,0.0,3.2,4.0,1.319821,25,94,32,1,0.46005423,-0.07683976,-0.17020089,0E-8,0.000000,0.912130,0.000000,0.17290835,2026-06-13,2026-08-06,38,153,140,55,0.690909,1.480416,1.259398,1.533514,,,,,,,,GLOBAL_BASELINE_NO_ENTITY_RANKING,,,NOT_APPLICABLE_GLOBAL_BASELINE,HF9g-P5,,,,X 全窗基线 · 不参与实体赏罚,3929603,393,A168_HF9F_20260827_0900,2026-08-27 09:00:00
2026-07-03,151437733,2254,0,5.6336161188,-1.8778720396,-1.8778720396,0.5000000,2,2,0.49324550000000000,0.493245500000,0.01910635448239258,0.01910635448239258,0.01910635448239258,0E-17,ELIGIBLE,R03b_20260811_FULL_v1,L1_ELIGIBILITY,v2026-08-11,2026-03-21..2026-08-06,baccarat_bet02_101_all_pairs_incl_sentinel,round_win = game_pnl > 0 (decisive only),COMPATIBILITY_ONLY_NOT_PRODUCTION,798.2081,728.0697,-61.3341,219,219,0.07683976,0.17020089,-0.00270746,0.07683976,61.3341,798.2081,OK,0.0000,-2.4534,4.0000,96.0000,AG03-UNRESOLVED,ALL5_LEVELS_bet23_to_bet27,-2.4534,-2.4534,-2.4534,-3.0667,-3.0667,4.000000,4.000000,4.000000,5.000000,5.000000,96.000000,96.000000,96.000000,95.000000,95.000000,5.0,-13.4935,-12.3604,-47.8406,-48.9737,PENDING_AG03,FALSE,NOT_FOR_ENFORCEMENT,-58.8808,698.9469,-61.3341,-58.8808,-2.4534,-0.07683976,-0.07376617,-2.4534,-58.8808,-0.07376617,-2.4534,-2.4534,-2.4534,-3.0667,-3.0667,-58.8808,-0.07376617,-13.4935,-12.3604,-47.8406,-48.9737,-0.05993501,-0.06135457,-0.00307359,3.6448,3.3245,-0.2801,-1.6141,-0.4009,21.0055,5.7632,4.5902,3.1006,2.2014,2.7616,5.5205,6.428,8.837,11.0463,2.2093,0.0,3.2,4.0,1.319821,25,94,32,1,0.46005423,-0.07683976,-0.17020089,0E-8,0.000000,0.912130,0.000000,0.17290835,2026-06-13,2026-08-06,38,153,140,55,0.690909,1.480416,1.259398,1.533514,,,,,,,,GLOBAL_BASELINE_NO_ENTITY_RANKING,,,NOT_APPLICABLE_GLOBAL_BASELINE,HF9g-P5,,,,X 全窗基线 · 不参与实体赏罚,3929604,393,A168_HF9F_20260827_0900,2026-08-27 09:00:00
2026-07-03,151437733,2261,0,6.6277836691,6.6277836691,6.6277836691,1.0000000,1,1,0.49324550000000000,0.493245500000,1.01360149184955,1.01360149184955,1.01360149184955,0E-17,ELIGIBLE,R03b_20260811_FULL_v1,L1_ELIGIBILITY,v2026-08-11,2026-03-21..2026-08-06,baccarat_bet02_101_all_pairs_incl_sentinel,round_win = game_pnl > 0 (decisive only),COMPATIBILITY_ONLY_NOT_PRODUCTION,798.2081,728.0697,-61.3341,219,219,0.07683976,0.17020089,-0.00270746,0.07683976,61.3341,798.2081,OK,0.0000,-2.4534,4.0000,96.0000,AG03-UNRESOLVED,ALL5_LEVELS_bet23_to_bet27,-2.4534,-2.4534,-2.4534,-3.0667,-3.0667,4.000000,4.000000,4.000000,5.000000,5.000000,96.000000,96.000000,96.000000,95.000000,95.000000,5.0,-13.4935,-12.3604,-47.8406,-48.9737,PENDING_AG03,FALSE,NOT_FOR_ENFORCEMENT,-58.8808,698.9469,-61.3341,-58.8808,-2.4534,-0.07683976,-0.07376617,-2.4534,-58.8808,-0.07376617,-2.4534,-2.4534,-2.4534,-3.0667,-3.0667,-58.8808,-0.07376617,-13.4935,-12.3604,-47.8406,-48.9737,-0.05993501,-0.06135457,-0.00307359,3.6448,3.3245,-0.2801,-1.6141,-0.4009,21.0055,5.7632,4.5902,3.1006,2.2014,2.7616,5.5205,6.428,8.837,11.0463,2.2093,0.0,3.2,4.0,1.319821,25,94,32,1,0.46005423,-0.07683976,-0.17020089,0E-8,0.000000,0.912130,0.000000,0.17290835,2026-06-13,2026-08-06,38,153,140,55,0.690909,1.480416,1.259398,1.533514,,,,,,,,GLOBAL_BASELINE_NO_ENTITY_RANKING,,,NOT_APPLICABLE_GLOBAL_BASELINE,HF9g-P5,,,,X 全窗基线 · 不参与实体赏罚,3929605,393,A168_HF9F_20260827_0900,2026-08-27 09:00:00
2026-07-03,151437733,2280,0,1.6569459173,1.6569459173,1.6569459173,1.0000000,1,1,0.49324550000000000,0.493245500000,1.01360149184955,1.01360149184955,1.01360149184955,0E-17,ELIGIBLE,R03b_20260811_FULL_v1,L1_ELIGIBILITY,v2026-08-11,2026-03-21..2026-08-06,baccarat_bet02_101_all_pairs_incl_sentinel,round_win = game_pnl > 0 (decisive only),COMPATIBILITY_ONLY_NOT_PRODUCTION,798.2081,728.0697,-61.3341,219,219,0.07683976,0.17020089,-0.00270746,0.07683976,61.3341,798.2081,OK,0.0000,-2.4534,4.0000,96.0000,AG03-UNRESOLVED,ALL5_LEVELS_bet23_to_bet27,-2.4534,-2.4534,-2.4534,-3.0667,-3.0667,4.000000,4.000000,4.000000,5.000000,5.000000,96.000000,96.000000,96.000000,95.000000,95.000000,5.0,-13.4935,-12.3604,-47.8406,-48.9737,PENDING_AG03,FALSE,NOT_FOR_ENFORCEMENT,-58.8808,698.9469,-61.3341,-58.8808,-2.4534,-0.07683976,-0.07376617,-2.4534,-58.8808,-0.07376617,-2.4534,-2.4534,-2.4534,-3.0667,-3.0667,-58.8808,-0.07376617,-13.4935,-12.3604,-47.8406,-48.9737,-0.05993501,-0.06135457,-0.00307359,3.6448,3.3245,-0.2801,-1.6141,-0.4009,21.0055,5.7632,4.5902,3.1006,2.2014,2.7616,5.5205,6.428,8.837,11.0463,2.2093,0.0,3.2,4.0,1.319821,25,94,32,1,0.46005423,-0.07683976,-0.17020089,0E-8,0.000000,0.912130,0.000000,0.17290835,2026-06-13,2026-08-06,38,153,140,55,0.690909,1.480416,1.259398,1.533514,,,,,,,,GLOBAL_BASELINE_NO_ENTITY_RANKING,,,NOT_APPLICABLE_GLOBAL_BASELINE,HF9g-P5,,,,X 全窗基线 · 不参与实体赏罚,3929606,393,A168_HF9F_20260827_0900,2026-08-27 09:00:00
2026-07-03,151437733,2281,0,6.6277836692,3.3138918346,3.3138918346,1.0000000,2,2,0.49324550000000000,0.493245500000,1.01360149184955,1.01360149184955,1.01360149184955,0E-17,ELIGIBLE,R03b_20260811_FULL_v1,L1_ELIGIBILITY,v2026-08-11,2026-03-21..2026-08-06,baccarat_bet02_101_all_pairs_incl_sentinel,round_win = game_pnl > 0 (decisive only),COMPATIBILITY_ONLY_NOT_PRODUCTION,798.2081,728.0697,-61.3341,219,219,0.07683976,0.17020089,-0.00270746,0.07683976,61.3341,798.2081,OK,0.0000,-2.4534,4.0000,96.0000,AG03-UNRESOLVED,ALL5_LEVELS_bet23_to_bet27,-2.4534,-2.4534,-2.4534,-3.0667,-3.0667,4.000000,4.000000,4.000000,5.000000,5.000000,96.000000,96.000000,96.000000,95.000000,95.000000,5.0,-13.4935,-12.3604,-47.8406,-48.9737,PENDING_AG03,FALSE,NOT_FOR_ENFORCEMENT,-58.8808,698.9469,-61.3341,-58.8808,-2.4534,-0.07683976,-0.07376617,-2.4534,-58.8808,-0.07376617,-2.4534,-2.4534,-2.4534,-3.0667,-3.0667,-58.8808,-0.07376617,-13.4935,-12.3604,-47.8406,-48.9737,-0.05993501,-0.06135457,-0.00307359,3.6448,3.3245,-0.2801,-1.6141,-0.4009,21.0055,5.7632,4.5902,3.1006,2.2014,2.7616,5.5205,6.428,8.837,11.0463,2.2093,0.0,3.2,4.0,1.319821,25,94,32,1,0.46005423,-0.07683976,-0.17020089,0E-8,0.000000,0.912130,0.000000,0.17290835,2026-06-13,2026-08-06,38,153,140,55,0.690909,1.480416,1.259398,1.533514,,,,,,,,GLOBAL_BASELINE_NO_ENTITY_RANKING,,,NOT_APPLICABLE_GLOBAL_BASELINE,HF9g-P5,,,,X 全窗基线 · 不参与实体赏罚,3929607,393,A168_HF9F_20260827_0900,2026-08-27 09:00:00
2026-07-03,151437733,2288,0,5.5231530576,-5.5231530576,-5.5231530576,0E-7,1,1,0.49324550000000000,0.493245500000,-0.9865810262130424,-0.9865810262130424,-0.9865810262130424,0E-17,ELIGIBLE,R03b_20260811_FULL_v1,L1_ELIGIBILITY,v2026-08-11,2026-03-21..2026-08-06,baccarat_bet02_101_all_pairs_incl_sentinel,round_win = game_pnl > 0 (decisive only),COMPATIBILITY_ONLY_NOT_PRODUCTION,798.2081,728.0697,-61.3341,219,219,0.07683976,0.17020089,-0.00270746,0.07683976,61.3341,798.2081,OK,0.0000,-2.4534,4.0000,96.0000,AG03-UNRESOLVED,ALL5_LEVELS_bet23_to_bet27,-2.4534,-2.4534,-2.4534,-3.0667,-3.0667,4.000000,4.000000,4.000000,5.000000,5.000000,96.000000,96.000000,96.000000,95.000000,95.000000,5.0,-13.4935,-12.3604,-47.8406,-48.9737,PENDING_AG03,FALSE,NOT_FOR_ENFORCEMENT,-58.8808,698.9469,-61.3341,-58.8808,-2.4534,-0.07683976,-0.07376617,-2.4534,-58.8808,-0.07376617,-2.4534,-2.4534,-2.4534,-3.0667,-3.0667,-58.8808,-0.07376617,-13.4935,-12.3604,-47.8406,-48.9737,-0.05993501,-0.06135457,-0.00307359,3.6448,3.3245,-0.2801,-1.6141,-0.4009,21.0055,5.7632,4.5902,3.1006,2.2014,2.7616,5.5205,6.428,8.837,11.0463,2.2093,0.0,3.2,4.0,1.319821,25,94,32,1,0.46005423,-0.07683976,-0.17020089,0E-8,0.000000,0.912130,0.000000,0.17290835,2026-06-13,2026-08-06,38,153,140,55,0.690909,1.480416,1.259398,1.533514,,,,,,,,GLOBAL_BASELINE_NO_ENTITY_RANKING,,,NOT_APPLICABLE_GLOBAL_BASELINE,HF9g-P5,,,,X 全窗基线 · 不参与实体赏罚,3929608,393,A168_HF9F_20260827_0900,2026-08-27 09:00:00
2026-07-04,151437733,1307,0,2.8720395900,-2.8720395900,-2.8720395900,0E-7,1,1,0.49324550000000000,0.493245500000,-0.9865810262130424,-0.9865810262130424,-0.9865810262130424,0E-17,ELIGIBLE,R03b_20260811_FULL_v1,L1_ELIGIBILITY,v2026-08-11,2026-03-21..2026-08-06,baccarat_bet02_101_all_pairs_incl_sentinel,round_win = game_pnl > 0 (decisive only),COMPATIBILITY_ONLY_NOT_PRODUCTION,798.2081,728.0697,-61.3341,219,219,0.07683976,0.17020089,-0.00270746,0.07683976,61.3341,798.2081,OK,0.0000,-2.4534,4.0000,96.0000,AG03-UNRESOLVED,ALL5_LEVELS_bet23_to_bet27,-2.4534,-2.4534,-2.4534,-3.0667,-3.0667,4.000000,4.000000,4.000000,5.000000,5.000000,96.000000,96.000000,96.000000,95.000000,95.000000,5.0,-13.4935,-12.3604,-47.8406,-48.9737,PENDING_AG03,FALSE,NOT_FOR_ENFORCEMENT,-58.8808,698.9469,-61.3341,-58.8808,-2.4534,-0.07683976,-0.07376617,-2.4534,-58.8808,-0.07376617,-2.4534,-2.4534,-2.4534,-3.0667,-3.0667,-58.8808,-0.07376617,-13.4935,-12.3604,-47.8406,-48.9737,-0.05993501,-0.06135457,-0.00307359,3.6448,3.3245,-0.2801,-1.6141,-0.4009,21.0055,5.7632,4.5902,3.1006,2.2014,2.7616,5.5205,6.428,8.837,11.0463,2.2093,0.0,3.2,4.0,1.319821,25,94,32,1,0.46005423,-0.07683976,-0.17020089,0E-8,0.000000,0.912130,0.000000,0.17290835,2026-06-13,2026-08-06,38,153,140,55,0.690909,1.480416,1.259398,1.533514,,,,,,,,GLOBAL_BASELINE_NO_ENTITY_RANKING,,,NOT_APPLICABLE_GLOBAL_BASELINE,HF9g-P5,,,,X 全窗基线 · 不参与实体赏罚,3929609,393,A168_HF9F_20260827_0900,2026-08-27 09:00:00
2026-07-04,151437733,1353,0,1.4360197950,1.4360197950,1.4360197950,1.0000000,1,1,0.49324550000000000,0.493245500000,1.01360149184955,1.01360149184955,1.01360149184955,0E-17,ELIGIBLE,R03b_20260811_FULL_v1,L1_ELIGIBILITY,v2026-08-11,2026-03-21..2026-08-06,baccarat_bet02_101_all_pairs_incl_sentinel,round_win = game_pnl > 0 (decisive only),COMPATIBILITY_ONLY_NOT_PRODUCTION,798.2081,728.0697,-61.3341,219,219,0.07683976,0.17020089,-0.00270746,0.07683976,61.3341,798.2081,OK,0.0000,-2.4534,4.0000,96.0000,AG03-UNRESOLVED,ALL5_LEVELS_bet23_to_bet27,-2.4534,-2.4534,-2.4534,-3.0667,-3.0667,4.000000,4.000000,4.000000,5.000000,5.000000,96.000000,96.000000,96.000000,95.000000,95.000000,5.0,-13.4935,-12.3604,-47.8406,-48.9737,PENDING_AG03,FALSE,NOT_FOR_ENFORCEMENT,-58.8808,698.9469,-61.3341,-58.8808,-2.4534,-0.07683976,-0.07376617,-2.4534,-58.8808,-0.07376617,-2.4534,-2.4534,-2.4534,-3.0667,-3.0667,-58.8808,-0.07376617,-13.4935,-12.3604,-47.8406,-48.9737,-0.05993501,-0.06135457,-0.00307359,3.6448,3.3245,-0.2801,-1.6141,-0.4009,21.0055,5.7632,4.5902,3.1006,2.2014,2.7616,5.5205,6.428,8.837,11.0463,2.2093,0.0,3.2,4.0,1.319821,25,94,32,1,0.46005423,-0.07683976,-0.17020089,0E-8,0.000000,0.912130,0.000000,0.17290835,2026-06-13,2026-08-06,38,153,140,55,0.690909,1.480416,1.259398,1.533514,,,,,,,,GLOBAL_BASELINE_NO_ENTITY_RANKING,,,NOT_APPLICABLE_GLOBAL_BASELINE,HF9g-P5,,,,X 全窗基线 · 不参与实体赏罚,3929610,393,A168_HF9F_20260827_0900,2026-08-27 09:00:00
2026-07-04,151437733,1505,0,8.8370448921,-2.2092612231,-2.2092612231,0.5000000,6,6,0.49324550000000000,0.493245500000,0.03309317671092531,0.03309317671092531,0.03309317671092531,0E-17,ELIGIBLE,R03b_20260811_FULL_v1,L1_ELIGIBILITY,v2026-08-11,2026-03-21..2026-08-06,baccarat_bet02_101_all_pairs_incl_sentinel,round_win = game_pnl > 0 (decisive only),COMPATIBILITY_ONLY_NOT_PRODUCTION,798.2081,728.0697,-61.3341,219,219,0.07683976,0.17020089,-0.00270746,0.07683976,61.3341,798.2081,OK,0.0000,-2.4534,4.0000,96.0000,AG03-UNRESOLVED,ALL5_LEVELS_bet23_to_bet27,-2.4534,-2.4534,-2.4534,-3.0667,-3.0667,4.000000,4.000000,4.000000,5.000000,5.000000,96.000000,96.000000,96.000000,95.000000,95.000000,5.0,-13.4935,-12.3604,-47.8406,-48.9737,PENDING_AG03,FALSE,NOT_FOR_ENFORCEMENT,-58.8808,698.9469,-61.3341,-58.8808,-2.4534,-0.07683976,-0.07376617,-2.4534,-58.8808,-0.07376617,-2.4534,-2.4534,-2.4534,-3.0667,-3.0667,-58.8808,-0.07376617,-13.4935,-12.3604,-47.8406,-48.9737,-0.05993501,-0.06135457,-0.00307359,3.6448,3.3245,-0.2801,-1.6141,-0.4009,21.0055,5.7632,4.5902,3.1006,2.2014,2.7616,5.5205,6.428,8.837,11.0463,2.2093,0.0,3.2,4.0,1.319821,25,94,32,1,0.46005423,-0.07683976,-0.17020089,0E-8,0.000000,0.912130,0.000000,0.17290835,2026-06-13,2026-08-06,38,153,140,55,0.690909,1.480416,1.259398,1.533514,,,,,,,,GLOBAL_BASELINE_NO_ENTITY_RANKING,,,NOT_APPLICABLE_GLOBAL_BASELINE,HF9g-P5,,,,X 全窗基线 · 不参与实体赏罚,3929611,393,A168_HF9F_20260827_0900,2026-08-27 09:00:00
2026-07-04,151437733,2121,0,6.6277836692,0E-10,0E-10,0.5000000,2,2,0.49324550000000000,0.493245500000,0.01910635448239258,0.01910635448239258,0.01910635448239258,0E-17,ELIGIBLE,R03b_20260811_FULL_v1,L1_ELIGIBILITY,v2026-08-11,2026-03-21..2026-08-06,baccarat_bet02_101_all_pairs_incl_sentinel,round_win = game_pnl > 0 (decisive only),COMPATIBILITY_ONLY_NOT_PRODUCTION,798.2081,728.0697,-61.3341,219,219,0.07683976,0.17020089,-0.00270746,0.07683976,61.3341,798.2081,OK,0.0000,-2.4534,4.0000,96.0000,AG03-UNRESOLVED,ALL5_LEVELS_bet23_to_bet27,-2.4534,-2.4534,-2.4534,-3.0667,-3.0667,4.000000,4.000000,4.000000,5.000000,5.000000,96.000000,96.000000,96.000000,95.000000,95.000000,5.0,-13.4935,-12.3604,-47.8406,-48.9737,PENDING_AG03,FALSE,NOT_FOR_ENFORCEMENT,-58.8808,698.9469,-61.3341,-58.8808,-2.4534,-0.07683976,-0.07376617,-2.4534,-58.8808,-0.07376617,-2.4534,-2.4534,-2.4534,-3.0667,-3.0667,-58.8808,-0.07376617,-13.4935,-12.3604,-47.8406,-48.9737,-0.05993501,-0.06135457,-0.00307359,3.6448,3.3245,-0.2801,-1.6141,-0.4009,21.0055,5.7632,4.5902,3.1006,2.2014,2.7616,5.5205,6.428,8.837,11.0463,2.2093,0.0,3.2,4.0,1.319821,25,94,32,1,0.46005423,-0.07683976,-0.17020089,0E-8,0.000000,0.912130,0.000000,0.17290835,2026-06-13,2026-08-06,38,153,140,55,0.690909,1.480416,1.259398,1.533514,,,,,,,,GLOBAL_BASELINE_NO_ENTITY_RANKING,,,NOT_APPLICABLE_GLOBAL_BASELINE,HF9g-P5,,,,X 全窗基线 · 不参与实体赏罚,3929612,393,A168_HF9F_20260827_0900,2026-08-27 09:00:00
2026-07-04,151437733,2142,0,2.2092612230,-2.2092612230,-2.2092612230,0E-7,1,1,0.49324550000000000,0.493245500000,-0.9865810262130424,-0.9865810262130424,-0.9865810262130424,0E-17,ELIGIBLE,R03b_20260811_FULL_v1,L1_ELIGIBILITY,v2026-08-11,2026-03-21..2026-08-06,baccarat_bet02_101_all_pairs_incl_sentinel,round_win = game_pnl > 0 (decisive only),COMPATIBILITY_ONLY_NOT_PRODUCTION,798.2081,728.0697,-61.3341,219,219,0.07683976,0.17020089,-0.00270746,0.07683976,61.3341,798.2081,OK,0.0000,-2.4534,4.0000,96.0000,AG03-UNRESOLVED,ALL5_LEVELS_bet23_to_bet27,-2.4534,-2.4534,-2.4534,-3.0667,-3.0667,4.000000,4.000000,4.000000,5.000000,5.000000,96.000000,96.000000,96.000000,95.000000,95.000000,5.0,-13.4935,-12.3604,-47.8406,-48.9737,PENDING_AG03,FALSE,NOT_FOR_ENFORCEMENT,-58.8808,698.9469,-61.3341,-58.8808,-2.4534,-0.07683976,-0.07376617,-2.4534,-58.8808,-0.07376617,-2.4534,-2.4534,-2.4534,-3.0667,-3.0667,-58.8808,-0.07376617,-13.4935,-12.3604,-47.8406,-48.9737,-0.05993501,-0.06135457,-0.00307359,3.6448,3.3245,-0.2801,-1.6141,-0.4009,21.0055,5.7632,4.5902,3.1006,2.2014,2.7616,5.5205,6.428,8.837,11.0463,2.2093,0.0,3.2,4.0,1.319821,25,94,32,1,0.46005423,-0.07683976,-0.17020089,0E-8,0.000000,0.912130,0.000000,0.17290835,2026-06-13,2026-08-06,38,153,140,55,0.690909,1.480416,1.259398,1.533514,,,,,,,,GLOBAL_BASELINE_NO_ENTITY_RANKING,,,NOT_APPLICABLE_GLOBAL_BASELINE,HF9g-P5,,,,X 全窗基线 · 不参与实体赏罚,3929613,393,A168_HF9F_20260827_0900,2026-08-27 09:00:00
2026-07-04,151437733,2222,0,2.6511134677,2.6511134677,2.6511134677,1.0000000,1,1,0.49324550000000000,0.493245500000,1.01360149184955,1.01360149184955,1.01360149184955,0E-17,ELIGIBLE,R03b_20260811_FULL_v1,L1_ELIGIBILITY,v2026-08-11,2026-03-21..2026-08-06,baccarat_bet02_101_all_pairs_incl_sentinel,round_win = game_pnl > 0 (decisive only),COMPATIBILITY_ONLY_NOT_PRODUCTION,798.2081,728.0697,-61.3341,219,219,0.07683976,0.17020089,-0.00270746,0.07683976,61.3341,798.2081,OK,0.0000,-2.4534,4.0000,96.0000,AG03-UNRESOLVED,ALL5_LEVELS_bet23_to_bet27,-2.4534,-2.4534,-2.4534,-3.0667,-3.0667,4.000000,4.000000,4.000000,5.000000,5.000000,96.000000,96.000000,96.000000,95.000000,95.000000,5.0,-13.4935,-12.3604,-47.8406,-48.9737,PENDING_AG03,FALSE,NOT_FOR_ENFORCEMENT,-58.8808,698.9469,-61.3341,-58.8808,-2.4534,-0.07683976,-0.07376617,-2.4534,-58.8808,-0.07376617,-2.4534,-2.4534,-2.4534,-3.0667,-3.0667,-58.8808,-0.07376617,-13.4935,-12.3604,-47.8406,-48.9737,-0.05993501,-0.06135457,-0.00307359,3.6448,3.3245,-0.2801,-1.6141,-0.4009,21.0055,5.7632,4.5902,3.1006,2.2014,2.7616,5.5205,6.428,8.837,11.0463,2.2093,0.0,3.2,4.0,1.319821,25,94,32,1,0.46005423,-0.07683976,-0.17020089,0E-8,0.000000,0.912130,0.000000,0.17290835,2026-06-13,2026-08-06,38,153,140,55,0.690909,1.480416,1.259398,1.533514,,,,,,,,GLOBAL_BASELINE_NO_ENTITY_RANKING,,,NOT_APPLICABLE_GLOBAL_BASELINE,HF9g-P5,,,,X 全窗基线 · 不参与实体赏罚,3929614,393,A168_HF9F_20260827_0900,2026-08-27 09:00:00
2026-07-05,151437733,-1,1,6.6277836691,-4.4185224461,-4.4185224461,0.5000000,2,2,0.49324550000000000,0.493245500000,0.01910635448239258,0.01910635448239258,0.01910635448239258,0E-17,SENTINEL_DEALER,R03b_20260811_FULL_v1,L1_ELIGIBILITY,v2026-08-11,2026-03-21..2026-08-06,baccarat_bet02_101_all_pairs_incl_sentinel,round_win = game_pnl > 0 (decisive only),COMPATIBILITY_ONLY_NOT_PRODUCTION,798.2081,728.0697,-61.3341,219,219,0.07683976,0.17020089,-0.00270746,0.07683976,61.3341,798.2081,OK,0.0000,-2.4534,4.0000,96.0000,AG03-UNRESOLVED,ALL5_LEVELS_bet23_to_bet27,-2.4534,-2.4534,-2.4534,-3.0667,-3.0667,4.000000,4.000000,4.000000,5.000000,5.000000,96.000000,96.000000,96.000000,95.000000,95.000000,5.0,-13.4935,-12.3604,-47.8406,-48.9737,PENDING_AG03,FALSE,NOT_FOR_ENFORCEMENT,-58.8808,698.9469,-61.3341,-58.8808,-2.4534,-0.07683976,-0.07376617,-2.4534,-58.8808,-0.07376617,-2.4534,-2.4534,-2.4534,-3.0667,-3.0667,-58.8808,-0.07376617,-13.4935,-12.3604,-47.8406,-48.9737,-0.05993501,-0.06135457,-0.00307359,3.6448,3.3245,-0.2801,-1.6141,-0.4009,21.0055,5.7632,4.5902,3.1006,2.2014,2.7616,5.5205,6.428,8.837,11.0463,2.2093,0.0,3.2,4.0,1.319821,25,94,32,1,0.46005423,-0.07683976,-0.17020089,0E-8,0.000000,0.912130,0.000000,0.17290835,2026-06-13,2026-08-06,38,153,140,55,0.690909,1.480416,1.259398,1.533514,,,,,,,,GLOBAL_BASELINE_NO_ENTITY_RANKING,,,NOT_APPLICABLE_GLOBAL_BASELINE,HF9g-P5,,,,X 全窗基线 · 不参与实体赏罚,3929615,393,A168_HF9F_20260827_0900,2026-08-27 09:00:00
2026-07-05,151437733,1109,0,5.5231530576,5.5231530576,5.5231530576,1.0000000,1,1,0.49324550000000000,0.493245500000,1.01360149184955,1.01360149184955,1.01360149184955,0E-17,ELIGIBLE,R03b_20260811_FULL_v1,L1_ELIGIBILITY,v2026-08-11,2026-03-21..2026-08-06,baccarat_bet02_101_all_pairs_incl_sentinel,round_win = game_pnl > 0 (decisive only),COMPATIBILITY_ONLY_NOT_PRODUCTION,798.2081,728.0697,-61.3341,219,219,0.07683976,0.17020089,-0.00270746,0.07683976,61.3341,798.2081,OK,0.0000,-2.4534,4.0000,96.0000,AG03-UNRESOLVED,ALL5_LEVELS_bet23_to_bet27,-2.4534,-2.4534,-2.4534,-3.0667,-3.0667,4.000000,4.000000,4.000000,5.000000,5.000000,96.000000,96.000000,96.000000,95.000000,95.000000,5.0,-13.4935,-12.3604,-47.8406,-48.9737,PENDING_AG03,FALSE,NOT_FOR_ENFORCEMENT,-58.8808,698.9469,-61.3341,-58.8808,-2.4534,-0.07683976,-0.07376617,-2.4534,-58.8808,-0.07376617,-2.4534,-2.4534,-2.4534,-3.0667,-3.0667,-58.8808,-0.07376617,-13.4935,-12.3604,-47.8406,-48.9737,-0.05993501,-0.06135457,-0.00307359,3.6448,3.3245,-0.2801,-1.6141,-0.4009,21.0055,5.7632,4.5902,3.1006,2.2014,2.7616,5.5205,6.428,8.837,11.0463,2.2093,0.0,3.2,4.0,1.319821,25,94,32,1,0.46005423,-0.07683976,-0.17020089,0E-8,0.000000,0.912130,0.000000,0.17290835,2026-06-13,2026-08-06,38,153,140,55,0.690909,1.480416,1.259398,1.533514,,,,,,,,GLOBAL_BASELINE_NO_ENTITY_RANKING,,,NOT_APPLICABLE_GLOBAL_BASELINE,HF9g-P5,,,,X 全窗基线 · 不参与实体赏罚,3929616,393,A168_HF9F_20260827_0900,2026-08-27 09:00:00
2026-07-05,151437733,1384,0,9.9416755036,1.1046306114,1.1046306114,0.7500000,4,4,0.49324550000000000,0.493245500000,1.0271117246678039,1.0271117246678039,1.0271117246678039,0E-17,ELIGIBLE,R03b_20260811_FULL_v1,L1_ELIGIBILITY,v2026-08-11,2026-03-21..2026-08-06,baccarat_bet02_101_all_pairs_incl_sentinel,round_win = game_pnl > 0 (decisive only),COMPATIBILITY_ONLY_NOT_PRODUCTION,798.2081,728.0697,-61.3341,219,219,0.07683976,0.17020089,-0.00270746,0.07683976,61.3341,798.2081,OK,0.0000,-2.4534,4.0000,96.0000,AG03-UNRESOLVED,ALL5_LEVELS_bet23_to_bet27,-2.4534,-2.4534,-2.4534,-3.0667,-3.0667,4.000000,4.000000,4.000000,5.000000,5.000000,96.000000,96.000000,96.000000,95.000000,95.000000,5.0,-13.4935,-12.3604,-47.8406,-48.9737,PENDING_AG03,FALSE,NOT_FOR_ENFORCEMENT,-58.8808,698.9469,-61.3341,-58.8808,-2.4534,-0.07683976,-0.07376617,-2.4534,-58.8808,-0.07376617,-2.4534,-2.4534,-2.4534,-3.0667,-3.0667,-58.8808,-0.07376617,-13.4935,-12.3604,-47.8406,-48.9737,-0.05993501,-0.06135457,-0.00307359,3.6448,3.3245,-0.2801,-1.6141,-0.4009,21.0055,5.7632,4.5902,3.1006,2.2014,2.7616,5.5205,6.428,8.837,11.0463,2.2093,0.0,3.2,4.0,1.319821,25,94,32,1,0.46005423,-0.07683976,-0.17020089,0E-8,0.000000,0.912130,0.000000,0.17290835,2026-06-13,2026-08-06,38,153,140,55,0.690909,1.480416,1.259398,1.533514,,,,,,,,GLOBAL_BASELINE_NO_ENTITY_RANKING,,,NOT_APPLICABLE_GLOBAL_BASELINE,HF9g-P5,,,,X 全窗基线 · 不参与实体赏罚,3929617,393,A168_HF9F_20260827_0900,2026-08-27 09:00:00
2026-07-05,151437733,1714,0,2.2092612230,2.2092612230,2.2092612230,1.0000000,2,2,0.49324550000000000,0.493245500000,1.4334489766152358,1.4334489766152358,1.4334489766152358,0E-17,ELIGIBLE,R03b_20260811_FULL_v1,L1_ELIGIBILITY,v2026-08-11,2026-03-21..2026-08-06,baccarat_bet02_101_all_pairs_incl_sentinel,round_win = game_pnl > 0 (decisive only),COMPATIBILITY_ONLY_NOT_PRODUCTION,798.2081,728.0697,-61.3341,219,219,0.07683976,0.17020089,-0.00270746,0.07683976,61.3341,798.2081,OK,0.0000,-2.4534,4.0000,96.0000,AG03-UNRESOLVED,ALL5_LEVELS_bet23_to_bet27,-2.4534,-2.4534,-2.4534,-3.0667,-3.0667,4.000000,4.000000,4.000000,5.000000,5.000000,96.000000,96.000000,96.000000,95.000000,95.000000,5.0,-13.4935,-12.3604,-47.8406,-48.9737,PENDING_AG03,FALSE,NOT_FOR_ENFORCEMENT,-58.8808,698.9469,-61.3341,-58.8808,-2.4534,-0.07683976,-0.07376617,-2.4534,-58.8808,-0.07376617,-2.4534,-2.4534,-2.4534,-3.0667,-3.0667,-58.8808,-0.07376617,-13.4935,-12.3604,-47.8406,-48.9737,-0.05993501,-0.06135457,-0.00307359,3.6448,3.3245,-0.2801,-1.6141,-0.4009,21.0055,5.7632,4.5902,3.1006,2.2014,2.7616,5.5205,6.428,8.837,11.0463,2.2093,0.0,3.2,4.0,1.319821,25,94,32,1,0.46005423,-0.07683976,-0.17020089,0E-8,0.000000,0.912130,0.000000,0.17290835,2026-06-13,2026-08-06,38,153,140,55,0.690909,1.480416,1.259398,1.533514,,,,,,,,GLOBAL_BASELINE_NO_ENTITY_RANKING,,,NOT_APPLICABLE_GLOBAL_BASELINE,HF9g-P5,,,,X 全窗基线 · 不参与实体赏罚,3929618,393,A168_HF9F_20260827_0900,2026-08-27 09:00:00
2026-07-05,151437733,1942,0,1.1046306115,-1.1046306115,-1.1046306115,0E-7,1,1,0.49324550000000000,0.493245500000,-0.9865810262130424,-0.9865810262130424,-0.9865810262130424,0E-17,ELIGIBLE,R03b_20260811_FULL_v1,L1_ELIGIBILITY,v2026-08-11,2026-03-21..2026-08-06,baccarat_bet02_101_all_pairs_incl_sentinel,round_win = game_pnl > 0 (decisive only),COMPATIBILITY_ONLY_NOT_PRODUCTION,798.2081,728.0697,-61.3341,219,219,0.07683976,0.17020089,-0.00270746,0.07683976,61.3341,798.2081,OK,0.0000,-2.4534,4.0000,96.0000,AG03-UNRESOLVED,ALL5_LEVELS_bet23_to_bet27,-2.4534,-2.4534,-2.4534,-3.0667,-3.0667,4.000000,4.000000,4.000000,5.000000,5.000000,96.000000,96.000000,96.000000,95.000000,95.000000,5.0,-13.4935,-12.3604,-47.8406,-48.9737,PENDING_AG03,FALSE,NOT_FOR_ENFORCEMENT,-58.8808,698.9469,-61.3341,-58.8808,-2.4534,-0.07683976,-0.07376617,-2.4534,-58.8808,-0.07376617,-2.4534,-2.4534,-2.4534,-3.0667,-3.0667,-58.8808,-0.07376617,-13.4935,-12.3604,-47.8406,-48.9737,-0.05993501,-0.06135457,-0.00307359,3.6448,3.3245,-0.2801,-1.6141,-0.4009,21.0055,5.7632,4.5902,3.1006,2.2014,2.7616,5.5205,6.428,8.837,11.0463,2.2093,0.0,3.2,4.0,1.319821,25,94,32,1,0.46005423,-0.07683976,-0.17020089,0E-8,0.000000,0.912130,0.000000,0.17290835,2026-06-13,2026-08-06,38,153,140,55,0.690909,1.480416,1.259398,1.533514,,,,,,,,GLOBAL_BASELINE_NO_ENTITY_RANKING,,,NOT_APPLICABLE_GLOBAL_BASELINE,HF9g-P5,,,,X 全窗基线 · 不参与实体赏罚,3929619,393,A168_HF9F_20260827_0900,2026-08-27 09:00:00
2026-07-05,151437733,1994,0,2.2092612230,0E-10,0E-10,,1,1,0.49324550000000000,0.493245500000,,,,0E-17,NO_DECISIVE_ROUND,R03b_20260811_FULL_v1,L1_ELIGIBILITY,v2026-08-11,2026-03-21..2026-08-06,baccarat_bet02_101_all_pairs_incl_sentinel,round_win = game_pnl > 0 (decisive only),COMPATIBILITY_ONLY_NOT_PRODUCTION,798.2081,728.0697,-61.3341,219,219,0.07683976,0.17020089,-0.00270746,0.07683976,61.3341,798.2081,OK,0.0000,-2.4534,4.0000,96.0000,AG03-UNRESOLVED,ALL5_LEVELS_bet23_to_bet27,-2.4534,-2.4534,-2.4534,-3.0667,-3.0667,4.000000,4.000000,4.000000,5.000000,5.000000,96.000000,96.000000,96.000000,95.000000,95.000000,5.0,-13.4935,-12.3604,-47.8406,-48.9737,PENDING_AG03,FALSE,NOT_FOR_ENFORCEMENT,-58.8808,698.9469,-61.3341,-58.8808,-2.4534,-0.07683976,-0.07376617,-2.4534,-58.8808,-0.07376617,-2.4534,-2.4534,-2.4534,-3.0667,-3.0667,-58.8808,-0.07376617,-13.4935,-12.3604,-47.8406,-48.9737,-0.05993501,-0.06135457,-0.00307359,3.6448,3.3245,-0.2801,-1.6141,-0.4009,21.0055,5.7632,4.5902,3.1006,2.2014,2.7616,5.5205,6.428,8.837,11.0463,2.2093,0.0,3.2,4.0,1.319821,25,94,32,1,0.46005423,-0.07683976,-0.17020089,0E-8,0.000000,0.912130,0.000000,0.17290835,2026-06-13,2026-08-06,38,153,140,55,0.690909,1.480416,1.259398,1.533514,,,,,,,,GLOBAL_BASELINE_NO_ENTITY_RANKING,,,NOT_APPLICABLE_GLOBAL_BASELINE,HF9g-P5,,,,X 全窗基线 · 不参与实体赏罚,3929620,393,A168_HF9F_20260827_0900,2026-08-27 09:00:00
2026-07-05,151437733,2109,0,5.5231530576,-5.5231530576,-5.5231530576,0E-7,1,1,0.49324550000000000,0.493245500000,-0.9865810262130424,-0.9865810262130424,-0.9865810262130424,0E-17,ELIGIBLE,R03b_20260811_FULL_v1,L1_ELIGIBILITY,v2026-08-11,2026-03-21..2026-08-06,baccarat_bet02_101_all_pairs_incl_sentinel,round_win = game_pnl > 0 (decisive only),COMPATIBILITY_ONLY_NOT_PRODUCTION,798.2081,728.0697,-61.3341,219,219,0.07683976,0.17020089,-0.00270746,0.07683976,61.3341,798.2081,OK,0.0000,-2.4534,4.0000,96.0000,AG03-UNRESOLVED,ALL5_LEVELS_bet23_to_bet27,-2.4534,-2.4534,-2.4534,-3.0667,-3.0667,4.000000,4.000000,4.000000,5.000000,5.000000,96.000000,96.000000,96.000000,95.000000,95.000000,5.0,-13.4935,-12.3604,-47.8406,-48.9737,PENDING_AG03,FALSE,NOT_FOR_ENFORCEMENT,-58.8808,698.9469,-61.3341,-58.8808,-2.4534,-0.07683976,-0.07376617,-2.4534,-58.8808,-0.07376617,-2.4534,-2.4534,-2.4534,-3.0667,-3.0667,-58.8808,-0.07376617,-13.4935,-12.3604,-47.8406,-48.9737,-0.05993501,-0.06135457,-0.00307359,3.6448,3.3245,-0.2801,-1.6141,-0.4009,21.0055,5.7632,4.5902,3.1006,2.2014,2.7616,5.5205,6.428,8.837,11.0463,2.2093,0.0,3.2,4.0,1.319821,25,94,32,1,0.46005423,-0.07683976,-0.17020089,0E-8,0.000000,0.912130,0.000000,0.17290835,2026-06-13,2026-08-06,38,153,140,55,0.690909,1.480416,1.259398,1.533514,,,,,,,,GLOBAL_BASELINE_NO_ENTITY_RANKING,,,NOT_APPLICABLE_GLOBAL_BASELINE,HF9g-P5,,,,X 全窗基线 · 不参与实体赏罚,3929621,393,A168_HF9F_20260827_0900,2026-08-27 09:00:00
2026-07-05,151437733,2117,0,1.1046306115,1.1046306115,1.1046306115,1.0000000,1,1,0.49324550000000000,0.493245500000,1.01360149184955,1.01360149184955,1.01360149184955,0E-17,ELIGIBLE,R03b_20260811_FULL_v1,L1_ELIGIBILITY,v2026-08-11,2026-03-21..2026-08-06,baccarat_bet02_101_all_pairs_incl_sentinel,round_win = game_pnl > 0 (decisive only),COMPATIBILITY_ONLY_NOT_PRODUCTION,798.2081,728.0697,-61.3341,219,219,0.07683976,0.17020089,-0.00270746,0.07683976,61.3341,798.2081,OK,0.0000,-2.4534,4.0000,96.0000,AG03-UNRESOLVED,ALL5_LEVELS_bet23_to_bet27,-2.4534,-2.4534,-2.4534,-3.0667,-3.0667,4.000000,4.000000,4.000000,5.000000,5.000000,96.000000,96.000000,96.000000,95.000000,95.000000,5.0,-13.4935,-12.3604,-47.8406,-48.9737,PENDING_AG03,FALSE,NOT_FOR_ENFORCEMENT,-58.8808,698.9469,-61.3341,-58.8808,-2.4534,-0.07683976,-0.07376617,-2.4534,-58.8808,-0.07376617,-2.4534,-2.4534,-2.4534,-3.0667,-3.0667,-58.8808,-0.07376617,-13.4935,-12.3604,-47.8406,-48.9737,-0.05993501,-0.06135457,-0.00307359,3.6448,3.3245,-0.2801,-1.6141,-0.4009,21.0055,5.7632,4.5902,3.1006,2.2014,2.7616,5.5205,6.428,8.837,11.0463,2.2093,0.0,3.2,4.0,1.319821,25,94,32,1,0.46005423,-0.07683976,-0.17020089,0E-8,0.000000,0.912130,0.000000,0.17290835,2026-06-13,2026-08-06,38,153,140,55,0.690909,1.480416,1.259398,1.533514,,,,,,,,GLOBAL_BASELINE_NO_ENTITY_RANKING,,,NOT_APPLICABLE_GLOBAL_BASELINE,HF9g-P5,,,,X 全窗基线 · 不参与实体赏罚,3929622,393,A168_HF9F_20260827_0900,2026-08-27 09:00:00
2026-07-05,151437733,2152,0,16.5694591728,16.5694591728,16.5694591728,1.0000000,3,3,0.49324550000000000,0.493245500000,1.755609282511032,1.7556092825110319,1.755609282511032,0E-17,ELIGIBLE,R03b_20260811_FULL_v1,L1_ELIGIBILITY,v2026-08-11,2026-03-21..2026-08-06,baccarat_bet02_101_all_pairs_incl_sentinel,round_win = game_pnl > 0 (decisive only),COMPATIBILITY_ONLY_NOT_PRODUCTION,798.2081,728.0697,-61.3341,219,219,0.07683976,0.17020089,-0.00270746,0.07683976,61.3341,798.2081,OK,0.0000,-2.4534,4.0000,96.0000,AG03-UNRESOLVED,ALL5_LEVELS_bet23_to_bet27,-2.4534,-2.4534,-2.4534,-3.0667,-3.0667,4.000000,4.000000,4.000000,5.000000,5.000000,96.000000,96.000000,96.000000,95.000000,95.000000,5.0,-13.4935,-12.3604,-47.8406,-48.9737,PENDING_AG03,FALSE,NOT_FOR_ENFORCEMENT,-58.8808,698.9469,-61.3341,-58.8808,-2.4534,-0.07683976,-0.07376617,-2.4534,-58.8808,-0.07376617,-2.4534,-2.4534,-2.4534,-3.0667,-3.0667,-58.8808,-0.07376617,-13.4935,-12.3604,-47.8406,-48.9737,-0.05993501,-0.06135457,-0.00307359,3.6448,3.3245,-0.2801,-1.6141,-0.4009,21.0055,5.7632,4.5902,3.1006,2.2014,2.7616,5.5205,6.428,8.837,11.0463,2.2093,0.0,3.2,4.0,1.319821,25,94,32,1,0.46005423,-0.07683976,-0.17020089,0E-8,0.000000,0.912130,0.000000,0.17290835,2026-06-13,2026-08-06,38,153,140,55,0.690909,1.480416,1.259398,1.533514,,,,,,,,GLOBAL_BASELINE_NO_ENTITY_RANKING,,,NOT_APPLICABLE_GLOBAL_BASELINE,HF9g-P5,,,,X 全窗基线 · 不参与实体赏罚,3929623,393,A168_HF9F_20260827_0900,2026-08-27 09:00:00
2026-07-05,151437733,2171,0,5.5231530576,-5.5231530576,-5.5231530576,0E-7,1,1,0.49324550000000000,0.493245500000,-0.9865810262130424,-0.9865810262130424,-0.9865810262130424,0E-17,ELIGIBLE,R03b_20260811_FULL_v1,L1_ELIGIBILITY,v2026-08-11,2026-03-21..2026-08-06,baccarat_bet02_101_all_pairs_incl_sentinel,round_win = game_pnl > 0 (decisive only),COMPATIBILITY_ONLY_NOT_PRODUCTION,798.2081,728.0697,-61.3341,219,219,0.07683976,0.17020089,-0.00270746,0.07683976,61.3341,798.2081,OK,0.0000,-2.4534,4.0000,96.0000,AG03-UNRESOLVED,ALL5_LEVELS_bet23_to_bet27,-2.4534,-2.4534,-2.4534,-3.0667,-3.0667,4.000000,4.000000,4.000000,5.000000,5.000000,96.000000,96.000000,96.000000,95.000000,95.000000,5.0,-13.4935,-12.3604,-47.8406,-48.9737,PENDING_AG03,FALSE,NOT_FOR_ENFORCEMENT,-58.8808,698.9469,-61.3341,-58.8808,-2.4534,-0.07683976,-0.07376617,-2.4534,-58.8808,-0.07376617,-2.4534,-2.4534,-2.4534,-3.0667,-3.0667,-58.8808,-0.07376617,-13.4935,-12.3604,-47.8406,-48.9737,-0.05993501,-0.06135457,-0.00307359,3.6448,3.3245,-0.2801,-1.6141,-0.4009,21.0055,5.7632,4.5902,3.1006,2.2014,2.7616,5.5205,6.428,8.837,11.0463,2.2093,0.0,3.2,4.0,1.319821,25,94,32,1,0.46005423,-0.07683976,-0.17020089,0E-8,0.000000,0.912130,0.000000,0.17290835,2026-06-13,2026-08-06,38,153,140,55,0.690909,1.480416,1.259398,1.533514,,,,,,,,GLOBAL_BASELINE_NO_ENTITY_RANKING,,,NOT_APPLICABLE_GLOBAL_BASELINE,HF9g-P5,,,,X 全窗基线 · 不参与实体赏罚,3929624,393,A168_HF9F_20260827_0900,2026-08-27 09:00:00
2026-07-05,151437733,970,0,5.5231530576,5.5231530576,5.5231530576,1.0000000,1,1,0.49324550000000000,0.493245500000,1.01360149184955,1.01360149184955,1.01360149184955,0E-17,ELIGIBLE,R03b_20260811_FULL_v1,L1_ELIGIBILITY,v2026-08-11,2026-03-21..2026-08-06,baccarat_bet02_101_all_pairs_incl_sentinel,round_win = game_pnl > 0 (decisive only),COMPATIBILITY_ONLY_NOT_PRODUCTION,798.2081,728.0697,-61.3341,219,219,0.07683976,0.17020089,-0.00270746,0.07683976,61.3341,798.2081,OK,0.0000,-2.4534,4.0000,96.0000,AG03-UNRESOLVED,ALL5_LEVELS_bet23_to_bet27,-2.4534,-2.4534,-2.4534,-3.0667,-3.0667,4.000000,4.000000,4.000000,5.000000,5.000000,96.000000,96.000000,96.000000,95.000000,95.000000,5.0,-13.4935,-12.3604,-47.8406,-48.9737,PENDING_AG03,FALSE,NOT_FOR_ENFORCEMENT,-58.8808,698.9469,-61.3341,-58.8808,-2.4534,-0.07683976,-0.07376617,-2.4534,-58.8808,-0.07376617,-2.4534,-2.4534,-2.4534,-3.0667,-3.0667,-58.8808,-0.07376617,-13.4935,-12.3604,-47.8406,-48.9737,-0.05993501,-0.06135457,-0.00307359,3.6448,3.3245,-0.2801,-1.6141,-0.4009,21.0055,5.7632,4.5902,3.1006,2.2014,2.7616,5.5205,6.428,8.837,11.0463,2.2093,0.0,3.2,4.0,1.319821,25,94,32,1,0.46005423,-0.07683976,-0.17020089,0E-8,0.000000,0.912130,0.000000,0.17290835,2026-06-13,2026-08-06,38,153,140,55,0.690909,1.480416,1.259398,1.533514,,,,,,,,GLOBAL_BASELINE_NO_ENTITY_RANKING,,,NOT_APPLICABLE_GLOBAL_BASELINE,HF9g-P5,,,,X 全窗基线 · 不参与实体赏罚,3929625,393,A168_HF9F_20260827_0900,2026-08-27 09:00:00
2026-07-08,151437733,-1,1,17.1217744786,2.7615765288,2.7615765288,0.3333333,3,3,0.49324550000000000,0.493245500000,-0.5540025479526107,-0.5540025479526106,-0.5540025479526107,0E-17,SENTINEL_DEALER,R03b_20260811_FULL_v1,L1_ELIGIBILITY,v2026-08-11,2026-03-21..2026-08-06,baccarat_bet02_101_all_pairs_incl_sentinel,round_win = game_pnl > 0 (decisive only),COMPATIBILITY_ONLY_NOT_PRODUCTION,798.2081,728.0697,-61.3341,219,219,0.07683976,0.17020089,-0.00270746,0.07683976,61.3341,798.2081,OK,0.0000,-2.4534,4.0000,96.0000,AG03-UNRESOLVED,ALL5_LEVELS_bet23_to_bet27,-2.4534,-2.4534,-2.4534,-3.0667,-3.0667,4.000000,4.000000,4.000000,5.000000,5.000000,96.000000,96.000000,96.000000,95.000000,95.000000,5.0,-13.4935,-12.3604,-47.8406,-48.9737,PENDING_AG03,FALSE,NOT_FOR_ENFORCEMENT,-58.8808,698.9469,-61.3341,-58.8808,-2.4534,-0.07683976,-0.07376617,-2.4534,-58.8808,-0.07376617,-2.4534,-2.4534,-2.4534,-3.0667,-3.0667,-58.8808,-0.07376617,-13.4935,-12.3604,-47.8406,-48.9737,-0.05993501,-0.06135457,-0.00307359,3.6448,3.3245,-0.2801,-1.6141,-0.4009,21.0055,5.7632,4.5902,3.1006,2.2014,2.7616,5.5205,6.428,8.837,11.0463,2.2093,0.0,3.2,4.0,1.319821,25,94,32,1,0.46005423,-0.07683976,-0.17020089,0E-8,0.000000,0.912130,0.000000,0.17290835,2026-06-13,2026-08-06,38,153,140,55,0.690909,1.480416,1.259398,1.533514,,,,,,,,GLOBAL_BASELINE_NO_ENTITY_RANKING,,,NOT_APPLICABLE_GLOBAL_BASELINE,HF9g-P5,,,,X 全窗基线 · 不参与实体赏罚,3929626,393,A168_HF9F_20260827_0900,2026-08-27 09:00:00
2026-07-08,151437733,1396,0,7.9533404030,7.9533404030,7.9533404030,1.0000000,1,1,0.49324550000000000,0.493245500000,1.01360149184955,1.01360149184955,1.01360149184955,0E-17,ELIGIBLE,R03b_20260811_FULL_v1,L1_ELIGIBILITY,v2026-08-11,2026-03-21..2026-08-06,baccarat_bet02_101_all_pairs_incl_sentinel,round_win = game_pnl > 0 (decisive only),COMPATIBILITY_ONLY_NOT_PRODUCTION,798.2081,728.0697,-61.3341,219,219,0.07683976,0.17020089,-0.00270746,0.07683976,61.3341,798.2081,OK,0.0000,-2.4534,4.0000,96.0000,AG03-UNRESOLVED,ALL5_LEVELS_bet23_to_bet27,-2.4534,-2.4534,-2.4534,-3.0667,-3.0667,4.000000,4.000000,4.000000,5.000000,5.000000,96.000000,96.000000,96.000000,95.000000,95.000000,5.0,-13.4935,-12.3604,-47.8406,-48.9737,PENDING_AG03,FALSE,NOT_FOR_ENFORCEMENT,-58.8808,698.9469,-61.3341,-58.8808,-2.4534,-0.07683976,-0.07376617,-2.4534,-58.8808,-0.07376617,-2.4534,-2.4534,-2.4534,-3.0667,-3.0667,-58.8808,-0.07376617,-13.4935,-12.3604,-47.8406,-48.9737,-0.05993501,-0.06135457,-0.00307359,3.6448,3.3245,-0.2801,-1.6141,-0.4009,21.0055,5.7632,4.5902,3.1006,2.2014,2.7616,5.5205,6.428,8.837,11.0463,2.2093,0.0,3.2,4.0,1.319821,25,94,32,1,0.46005423,-0.07683976,-0.17020089,0E-8,0.000000,0.912130,0.000000,0.17290835,2026-06-13,2026-08-06,38,153,140,55,0.690909,1.480416,1.259398,1.533514,,,,,,,,GLOBAL_BASELINE_NO_ENTITY_RANKING,,,NOT_APPLICABLE_GLOBAL_BASELINE,HF9g-P5,,,,X 全窗基线 · 不参与实体赏罚,3929627,393,A168_HF9F_20260827_0900,2026-08-27 09:00:00
2026-07-08,151437733,2169,0,5.5231530576,5.5231530576,5.5231530576,1.0000000,1,1,0.49324550000000000,0.493245500000,1.01360149184955,1.01360149184955,1.01360149184955,0E-17,ELIGIBLE,R03b_20260811_FULL_v1,L1_ELIGIBILITY,v2026-08-11,2026-03-21..2026-08-06,baccarat_bet02_101_all_pairs_incl_sentinel,round_win = game_pnl > 0 (decisive only),COMPATIBILITY_ONLY_NOT_PRODUCTION,798.2081,728.0697,-61.3341,219,219,0.07683976,0.17020089,-0.00270746,0.07683976,61.3341,798.2081,OK,0.0000,-2.4534,4.0000,96.0000,AG03-UNRESOLVED,ALL5_LEVELS_bet23_to_bet27,-2.4534,-2.4534,-2.4534,-3.0667,-3.0667,4.000000,4.000000,4.000000,5.000000,5.000000,96.000000,96.000000,96.000000,95.000000,95.000000,5.0,-13.4935,-12.3604,-47.8406,-48.9737,PENDING_AG03,FALSE,NOT_FOR_ENFORCEMENT,-58.8808,698.9469,-61.3341,-58.8808,-2.4534,-0.07683976,-0.07376617,-2.4534,-58.8808,-0.07376617,-2.4534,-2.4534,-2.4534,-3.0667,-3.0667,-58.8808,-0.07376617,-13.4935,-12.3604,-47.8406,-48.9737,-0.05993501,-0.06135457,-0.00307359,3.6448,3.3245,-0.2801,-1.6141,-0.4009,21.0055,5.7632,4.5902,3.1006,2.2014,2.7616,5.5205,6.428,8.837,11.0463,2.2093,0.0,3.2,4.0,1.319821,25,94,32,1,0.46005423,-0.07683976,-0.17020089,0E-8,0.000000,0.912130,0.000000,0.17290835,2026-06-13,2026-08-06,38,153,140,55,0.690909,1.480416,1.259398,1.533514,,,,,,,,GLOBAL_BASELINE_NO_ENTITY_RANKING,,,NOT_APPLICABLE_GLOBAL_BASELINE,HF9g-P5,,,,X 全窗基线 · 不参与实体赏罚,3929628,393,A168_HF9F_20260827_0900,2026-08-27 09:00:00
2026-07-08,151437733,2271,0,22.0926122304,22.0926122304,22.0926122304,1.0000000,2,2,0.49324550000000000,0.493245500000,1.4334489766152358,1.4334489766152358,1.4334489766152358,0E-17,ELIGIBLE,R03b_20260811_FULL_v1,L1_ELIGIBILITY,v2026-08-11,2026-03-21..2026-08-06,baccarat_bet02_101_all_pairs_incl_sentinel,round_win = game_pnl > 0 (decisive only),COMPATIBILITY_ONLY_NOT_PRODUCTION,798.2081,728.0697,-61.3341,219,219,0.07683976,0.17020089,-0.00270746,0.07683976,61.3341,798.2081,OK,0.0000,-2.4534,4.0000,96.0000,AG03-UNRESOLVED,ALL5_LEVELS_bet23_to_bet27,-2.4534,-2.4534,-2.4534,-3.0667,-3.0667,4.000000,4.000000,4.000000,5.000000,5.000000,96.000000,96.000000,96.000000,95.000000,95.000000,5.0,-13.4935,-12.3604,-47.8406,-48.9737,PENDING_AG03,FALSE,NOT_FOR_ENFORCEMENT,-58.8808,698.9469,-61.3341,-58.8808,-2.4534,-0.07683976,-0.07376617,-2.4534,-58.8808,-0.07376617,-2.4534,-2.4534,-2.4534,-3.0667,-3.0667,-58.8808,-0.07376617,-13.4935,-12.3604,-47.8406,-48.9737,-0.05993501,-0.06135457,-0.00307359,3.6448,3.3245,-0.2801,-1.6141,-0.4009,21.0055,5.7632,4.5902,3.1006,2.2014,2.7616,5.5205,6.428,8.837,11.0463,2.2093,0.0,3.2,4.0,1.319821,25,94,32,1,0.46005423,-0.07683976,-0.17020089,0E-8,0.000000,0.912130,0.000000,0.17290835,2026-06-13,2026-08-06,38,153,140,55,0.690909,1.480416,1.259398,1.533514,,,,,,,,GLOBAL_BASELINE_NO_ENTITY_RANKING,,,NOT_APPLICABLE_GLOBAL_BASELINE,HF9g-P5,,,,X 全窗基线 · 不参与实体赏罚,3929629,393,A168_HF9F_20260827_0900,2026-08-27 09:00:00
2026-07-08,151437733,948,0,5.5231530576,-5.5231530576,-5.5231530576,0E-7,1,1,0.49324550000000000,0.493245500000,-0.9865810262130424,-0.9865810262130424,-0.9865810262130424,0E-17,ELIGIBLE,R03b_20260811_FULL_v1,L1_ELIGIBILITY,v2026-08-11,2026-03-21..2026-08-06,baccarat_bet02_101_all_pairs_incl_sentinel,round_win = game_pnl > 0 (decisive only),COMPATIBILITY_ONLY_NOT_PRODUCTION,798.2081,728.0697,-61.3341,219,219,0.07683976,0.17020089,-0.00270746,0.07683976,61.3341,798.2081,OK,0.0000,-2.4534,4.0000,96.0000,AG03-UNRESOLVED,ALL5_LEVELS_bet23_to_bet27,-2.4534,-2.4534,-2.4534,-3.0667,-3.0667,4.000000,4.000000,4.000000,5.000000,5.000000,96.000000,96.000000,96.000000,95.000000,95.000000,5.0,-13.4935,-12.3604,-47.8406,-48.9737,PENDING_AG03,FALSE,NOT_FOR_ENFORCEMENT,-58.8808,698.9469,-61.3341,-58.8808,-2.4534,-0.07683976,-0.07376617,-2.4534,-58.8808,-0.07376617,-2.4534,-2.4534,-2.4534,-3.0667,-3.0667,-58.8808,-0.07376617,-13.4935,-12.3604,-47.8406,-48.9737,-0.05993501,-0.06135457,-0.00307359,3.6448,3.3245,-0.2801,-1.6141,-0.4009,21.0055,5.7632,4.5902,3.1006,2.2014,2.7616,5.5205,6.428,8.837,11.0463,2.2093,0.0,3.2,4.0,1.319821,25,94,32,1,0.46005423,-0.07683976,-0.17020089,0E-8,0.000000,0.912130,0.000000,0.17290835,2026-06-13,2026-08-06,38,153,140,55,0.690909,1.480416,1.259398,1.533514,,,,,,,,GLOBAL_BASELINE_NO_ENTITY_RANKING,,,NOT_APPLICABLE_GLOBAL_BASELINE,HF9g-P5,,,,X 全窗基线 · 不参与实体赏罚,3929630,393,A168_HF9F_20260827_0900,2026-08-27 09:00:00
2026-07-09,151437733,1004,0,3.8662071403,3.8662071403,3.8662071403,1.0000000,1,1,0.49324550000000000,0.493245500000,1.01360149184955,1.01360149184955,1.01360149184955,0E-17,ELIGIBLE,R03b_20260811_FULL_v1,L1_ELIGIBILITY,v2026-08-11,2026-03-21..2026-08-06,baccarat_bet02_101_all_pairs_incl_sentinel,round_win = game_pnl > 0 (decisive only),COMPATIBILITY_ONLY_NOT_PRODUCTION,798.2081,728.0697,-61.3341,219,219,0.07683976,0.17020089,-0.00270746,0.07683976,61.3341,798.2081,OK,0.0000,-2.4534,4.0000,96.0000,AG03-UNRESOLVED,ALL5_LEVELS_bet23_to_bet27,-2.4534,-2.4534,-2.4534,-3.0667,-3.0667,4.000000,4.000000,4.000000,5.000000,5.000000,96.000000,96.000000,96.000000,95.000000,95.000000,5.0,-13.4935,-12.3604,-47.8406,-48.9737,PENDING_AG03,FALSE,NOT_FOR_ENFORCEMENT,-58.8808,698.9469,-61.3341,-58.8808,-2.4534,-0.07683976,-0.07376617,-2.4534,-58.8808,-0.07376617,-2.4534,-2.4534,-2.4534,-3.0667,-3.0667,-58.8808,-0.07376617,-13.4935,-12.3604,-47.8406,-48.9737,-0.05993501,-0.06135457,-0.00307359,3.6448,3.3245,-0.2801,-1.6141,-0.4009,21.0055,5.7632,4.5902,3.1006,2.2014,2.7616,5.5205,6.428,8.837,11.0463,2.2093,0.0,3.2,4.0,1.319821,25,94,32,1,0.46005423,-0.07683976,-0.17020089,0E-8,0.000000,0.912130,0.000000,0.17290835,2026-06-13,2026-08-06,38,153,140,55,0.690909,1.480416,1.259398,1.533514,,,,,,,,GLOBAL_BASELINE_NO_ENTITY_RANKING,,,NOT_APPLICABLE_GLOBAL_BASELINE,HF9g-P5,,,,X 全窗基线 · 不参与实体赏罚,3929631,393,A168_HF9F_20260827_0900,2026-08-27 09:00:00
2026-07-09,151437733,1505,0,7.7324142807,-7.7324142807,-7.7324142807,0E-7,1,1,0.49324550000000000,0.493245500000,-0.9865810262130424,-0.9865810262130424,-0.9865810262130424,0E-17,ELIGIBLE,R03b_20260811_FULL_v1,L1_ELIGIBILITY,v2026-08-11,2026-03-21..2026-08-06,baccarat_bet02_101_all_pairs_incl_sentinel,round_win = game_pnl > 0 (decisive only),COMPATIBILITY_ONLY_NOT_PRODUCTION,798.2081,728.0697,-61.3341,219,219,0.07683976,0.17020089,-0.00270746,0.07683976,61.3341,798.2081,OK,0.0000,-2.4534,4.0000,96.0000,AG03-UNRESOLVED,ALL5_LEVELS_bet23_to_bet27,-2.4534,-2.4534,-2.4534,-3.0667,-3.0667,4.000000,4.000000,4.000000,5.000000,5.000000,96.000000,96.000000,96.000000,95.000000,95.000000,5.0,-13.4935,-12.3604,-47.8406,-48.9737,PENDING_AG03,FALSE,NOT_FOR_ENFORCEMENT,-58.8808,698.9469,-61.3341,-58.8808,-2.4534,-0.07683976,-0.07376617,-2.4534,-58.8808,-0.07376617,-2.4534,-2.4534,-2.4534,-3.0667,-3.0667,-58.8808,-0.07376617,-13.4935,-12.3604,-47.8406,-48.9737,-0.05993501,-0.06135457,-0.00307359,3.6448,3.3245,-0.2801,-1.6141,-0.4009,21.0055,5.7632,4.5902,3.1006,2.2014,2.7616,5.5205,6.428,8.837,11.0463,2.2093,0.0,3.2,4.0,1.319821,25,94,32,1,0.46005423,-0.07683976,-0.17020089,0E-8,0.000000,0.912130,0.000000,0.17290835,2026-06-13,2026-08-06,38,153,140,55,0.690909,1.480416,1.259398,1.533514,,,,,,,,GLOBAL_BASELINE_NO_ENTITY_RANKING,,,NOT_APPLICABLE_GLOBAL_BASELINE,HF9g-P5,,,,X 全窗基线 · 不参与实体赏罚,3929632,393,A168_HF9F_20260827_0900,2026-08-27 09:00:00
2026-07-10,151437733,994,0,8.8370448922,-4.4185224461,-4.4185224461,0E-7,2,2,0.49324550000000000,0.493245500000,-0.9865810262130424,-0.9865810262130424,-0.9865810262130424,0E-17,ELIGIBLE,R03b_20260811_FULL_v1,L1_ELIGIBILITY,v2026-08-11,2026-03-21..2026-08-06,baccarat_bet02_101_all_pairs_incl_sentinel,round_win = game_pnl > 0 (decisive only),COMPATIBILITY_ONLY_NOT_PRODUCTION,798.2081,728.0697,-61.3341,219,219,0.07683976,0.17020089,-0.00270746,0.07683976,61.3341,798.2081,OK,0.0000,-2.4534,4.0000,96.0000,AG03-UNRESOLVED,ALL5_LEVELS_bet23_to_bet27,-2.4534,-2.4534,-2.4534,-3.0667,-3.0667,4.000000,4.000000,4.000000,5.000000,5.000000,96.000000,96.000000,96.000000,95.000000,95.000000,5.0,-13.4935,-12.3604,-47.8406,-48.9737,PENDING_AG03,FALSE,NOT_FOR_ENFORCEMENT,-58.8808,698.9469,-61.3341,-58.8808,-2.4534,-0.07683976,-0.07376617,-2.4534,-58.8808,-0.07376617,-2.4534,-2.4534,-2.4534,-3.0667,-3.0667,-58.8808,-0.07376617,-13.4935,-12.3604,-47.8406,-48.9737,-0.05993501,-0.06135457,-0.00307359,3.6448,3.3245,-0.2801,-1.6141,-0.4009,21.0055,5.7632,4.5902,3.1006,2.2014,2.7616,5.5205,6.428,8.837,11.0463,2.2093,0.0,3.2,4.0,1.319821,25,94,32,1,0.46005423,-0.07683976,-0.17020089,0E-8,0.000000,0.912130,0.000000,0.17290835,2026-06-13,2026-08-06,38,153,140,55,0.690909,1.480416,1.259398,1.533514,,,,,,,,GLOBAL_BASELINE_NO_ENTITY_RANKING,,,NOT_APPLICABLE_GLOBAL_BASELINE,HF9g-P5,,,,X 全窗基线 · 不参与实体赏罚,3929633,393,A168_HF9F_20260827_0900,2026-08-27 09:00:00
2026-07-11,151437733,-1,1,5.5231530576,-5.5231530576,-5.5231530576,0E-7,1,1,0.49324550000000000,0.493245500000,-0.9865810262130424,-0.9865810262130424,-0.9865810262130424,0E-17,SENTINEL_DEALER,R03b_20260811_FULL_v1,L1_ELIGIBILITY,v2026-08-11,2026-03-21..2026-08-06,baccarat_bet02_101_all_pairs_incl_sentinel,round_win = game_pnl > 0 (decisive only),COMPATIBILITY_ONLY_NOT_PRODUCTION,798.2081,728.0697,-61.3341,219,219,0.07683976,0.17020089,-0.00270746,0.07683976,61.3341,798.2081,OK,0.0000,-2.4534,4.0000,96.0000,AG03-UNRESOLVED,ALL5_LEVELS_bet23_to_bet27,-2.4534,-2.4534,-2.4534,-3.0667,-3.0667,4.000000,4.000000,4.000000,5.000000,5.000000,96.000000,96.000000,96.000000,95.000000,95.000000,5.0,-13.4935,-12.3604,-47.8406,-48.9737,PENDING_AG03,FALSE,NOT_FOR_ENFORCEMENT,-58.8808,698.9469,-61.3341,-58.8808,-2.4534,-0.07683976,-0.07376617,-2.4534,-58.8808,-0.07376617,-2.4534,-2.4534,-2.4534,-3.0667,-3.0667,-58.8808,-0.07376617,-13.4935,-12.3604,-47.8406,-48.9737,-0.05993501,-0.06135457,-0.00307359,3.6448,3.3245,-0.2801,-1.6141,-0.4009,21.0055,5.7632,4.5902,3.1006,2.2014,2.7616,5.5205,6.428,8.837,11.0463,2.2093,0.0,3.2,4.0,1.319821,25,94,32,1,0.46005423,-0.07683976,-0.17020089,0E-8,0.000000,0.912130,0.000000,0.17290835,2026-06-13,2026-08-06,38,153,140,55,0.690909,1.480416,1.259398,1.533514,,,,,,,,GLOBAL_BASELINE_NO_ENTITY_RANKING,,,NOT_APPLICABLE_GLOBAL_BASELINE,HF9g-P5,,,,X 全窗基线 · 不参与实体赏罚,3929634,393,A168_HF9F_20260827_0900,2026-08-27 09:00:00
2026-07-11,151437733,1646,0,5.5231530576,5.5231530576,5.5231530576,1.0000000,1,1,0.49324550000000000,0.493245500000,1.01360149184955,1.01360149184955,1.01360149184955,0E-17,ELIGIBLE,R03b_20260811_FULL_v1,L1_ELIGIBILITY,v2026-08-11,2026-03-21..2026-08-06,baccarat_bet02_101_all_pairs_incl_sentinel,round_win = game_pnl > 0 (decisive only),COMPATIBILITY_ONLY_NOT_PRODUCTION,798.2081,728.0697,-61.3341,219,219,0.07683976,0.17020089,-0.00270746,0.07683976,61.3341,798.2081,OK,0.0000,-2.4534,4.0000,96.0000,AG03-UNRESOLVED,ALL5_LEVELS_bet23_to_bet27,-2.4534,-2.4534,-2.4534,-3.0667,-3.0667,4.000000,4.000000,4.000000,5.000000,5.000000,96.000000,96.000000,96.000000,95.000000,95.000000,5.0,-13.4935,-12.3604,-47.8406,-48.9737,PENDING_AG03,FALSE,NOT_FOR_ENFORCEMENT,-58.8808,698.9469,-61.3341,-58.8808,-2.4534,-0.07683976,-0.07376617,-2.4534,-58.8808,-0.07376617,-2.4534,-2.4534,-2.4534,-3.0667,-3.0667,-58.8808,-0.07376617,-13.4935,-12.3604,-47.8406,-48.9737,-0.05993501,-0.06135457,-0.00307359,3.6448,3.3245,-0.2801,-1.6141,-0.4009,21.0055,5.7632,4.5902,3.1006,2.2014,2.7616,5.5205,6.428,8.837,11.0463,2.2093,0.0,3.2,4.0,1.319821,25,94,32,1,0.46005423,-0.07683976,-0.17020089,0E-8,0.000000,0.912130,0.000000,0.17290835,2026-06-13,2026-08-06,38,153,140,55,0.690909,1.480416,1.259398,1.533514,,,,,,,,GLOBAL_BASELINE_NO_ENTITY_RANKING,,,NOT_APPLICABLE_GLOBAL_BASELINE,HF9g-P5,,,,X 全窗基线 · 不参与实体赏罚,3929635,393,A168_HF9F_20260827_0900,2026-08-27 09:00:00
2026-07-11,151437733,1994,0,5.5231530576,5.5231530576,5.5231530576,1.0000000,1,1,0.49324550000000000,0.493245500000,1.01360149184955,1.01360149184955,1.01360149184955,0E-17,ELIGIBLE,R03b_20260811_FULL_v1,L1_ELIGIBILITY,v2026-08-11,2026-03-21..2026-08-06,baccarat_bet02_101_all_pairs_incl_sentinel,round_win = game_pnl > 0 (decisive only),COMPATIBILITY_ONLY_NOT_PRODUCTION,798.2081,728.0697,-61.3341,219,219,0.07683976,0.17020089,-0.00270746,0.07683976,61.3341,798.2081,OK,0.0000,-2.4534,4.0000,96.0000,AG03-UNRESOLVED,ALL5_LEVELS_bet23_to_bet27,-2.4534,-2.4534,-2.4534,-3.0667,-3.0667,4.000000,4.000000,4.000000,5.000000,5.000000,96.000000,96.000000,96.000000,95.000000,95.000000,5.0,-13.4935,-12.3604,-47.8406,-48.9737,PENDING_AG03,FALSE,NOT_FOR_ENFORCEMENT,-58.8808,698.9469,-61.3341,-58.8808,-2.4534,-0.07683976,-0.07376617,-2.4534,-58.8808,-0.07376617,-2.4534,-2.4534,-2.4534,-3.0667,-3.0667,-58.8808,-0.07376617,-13.4935,-12.3604,-47.8406,-48.9737,-0.05993501,-0.06135457,-0.00307359,3.6448,3.3245,-0.2801,-1.6141,-0.4009,21.0055,5.7632,4.5902,3.1006,2.2014,2.7616,5.5205,6.428,8.837,11.0463,2.2093,0.0,3.2,4.0,1.319821,25,94,32,1,0.46005423,-0.07683976,-0.17020089,0E-8,0.000000,0.912130,0.000000,0.17290835,2026-06-13,2026-08-06,38,153,140,55,0.690909,1.480416,1.259398,1.533514,,,,,,,,GLOBAL_BASELINE_NO_ENTITY_RANKING,,,NOT_APPLICABLE_GLOBAL_BASELINE,HF9g-P5,,,,X 全窗基线 · 不参与实体赏罚,3929636,393,A168_HF9F_20260827_0900,2026-08-27 09:00:00
2026-07-11,151437733,2108,0,5.5231530576,-5.5231530576,-5.5231530576,0E-7,1,1,0.49324550000000000,0.493245500000,-0.9865810262130424,-0.9865810262130424,-0.9865810262130424,0E-17,ELIGIBLE,R03b_20260811_FULL_v1,L1_ELIGIBILITY,v2026-08-11,2026-03-21..2026-08-06,baccarat_bet02_101_all_pairs_incl_sentinel,round_win = game_pnl > 0 (decisive only),COMPATIBILITY_ONLY_NOT_PRODUCTION,798.2081,728.0697,-61.3341,219,219,0.07683976,0.17020089,-0.00270746,0.07683976,61.3341,798.2081,OK,0.0000,-2.4534,4.0000,96.0000,AG03-UNRESOLVED,ALL5_LEVELS_bet23_to_bet27,-2.4534,-2.4534,-2.4534,-3.0667,-3.0667,4.000000,4.000000,4.000000,5.000000,5.000000,96.000000,96.000000,96.000000,95.000000,95.000000,5.0,-13.4935,-12.3604,-47.8406,-48.9737,PENDING_AG03,FALSE,NOT_FOR_ENFORCEMENT,-58.8808,698.9469,-61.3341,-58.8808,-2.4534,-0.07683976,-0.07376617,-2.4534,-58.8808,-0.07376617,-2.4534,-2.4534,-2.4534,-3.0667,-3.0667,-58.8808,-0.07376617,-13.4935,-12.3604,-47.8406,-48.9737,-0.05993501,-0.06135457,-0.00307359,3.6448,3.3245,-0.2801,-1.6141,-0.4009,21.0055,5.7632,4.5902,3.1006,2.2014,2.7616,5.5205,6.428,8.837,11.0463,2.2093,0.0,3.2,4.0,1.319821,25,94,32,1,0.46005423,-0.07683976,-0.17020089,0E-8,0.000000,0.912130,0.000000,0.17290835,2026-06-13,2026-08-06,38,153,140,55,0.690909,1.480416,1.259398,1.533514,,,,,,,,GLOBAL_BASELINE_NO_ENTITY_RANKING,,,NOT_APPLICABLE_GLOBAL_BASELINE,HF9g-P5,,,,X 全窗基线 · 不参与实体赏罚,3929637,393,A168_HF9F_20260827_0900,2026-08-27 09:00:00
2026-07-11,151437733,2117,0,3.3138918346,3.3138918346,3.3138918346,1.0000000,1,1,0.49324550000000000,0.493245500000,1.01360149184955,1.01360149184955,1.01360149184955,0E-17,ELIGIBLE,R03b_20260811_FULL_v1,L1_ELIGIBILITY,v2026-08-11,2026-03-21..2026-08-06,baccarat_bet02_101_all_pairs_incl_sentinel,round_win = game_pnl > 0 (decisive only),COMPATIBILITY_ONLY_NOT_PRODUCTION,798.2081,728.0697,-61.3341,219,219,0.07683976,0.17020089,-0.00270746,0.07683976,61.3341,798.2081,OK,0.0000,-2.4534,4.0000,96.0000,AG03-UNRESOLVED,ALL5_LEVELS_bet23_to_bet27,-2.4534,-2.4534,-2.4534,-3.0667,-3.0667,4.000000,4.000000,4.000000,5.000000,5.000000,96.000000,96.000000,96.000000,95.000000,95.000000,5.0,-13.4935,-12.3604,-47.8406,-48.9737,PENDING_AG03,FALSE,NOT_FOR_ENFORCEMENT,-58.8808,698.9469,-61.3341,-58.8808,-2.4534,-0.07683976,-0.07376617,-2.4534,-58.8808,-0.07376617,-2.4534,-2.4534,-2.4534,-3.0667,-3.0667,-58.8808,-0.07376617,-13.4935,-12.3604,-47.8406,-48.9737,-0.05993501,-0.06135457,-0.00307359,3.6448,3.3245,-0.2801,-1.6141,-0.4009,21.0055,5.7632,4.5902,3.1006,2.2014,2.7616,5.5205,6.428,8.837,11.0463,2.2093,0.0,3.2,4.0,1.319821,25,94,32,1,0.46005423,-0.07683976,-0.17020089,0E-8,0.000000,0.912130,0.000000,0.17290835,2026-06-13,2026-08-06,38,153,140,55,0.690909,1.480416,1.259398,1.533514,,,,,,,,GLOBAL_BASELINE_NO_ENTITY_RANKING,,,NOT_APPLICABLE_GLOBAL_BASELINE,HF9g-P5,,,,X 全窗基线 · 不参与实体赏罚,3929638,393,A168_HF9F_20260827_0900,2026-08-27 09:00:00
2026-07-11,151437733,2129,0,2.7615765288,2.7615765288,2.7615765288,1.0000000,1,1,0.49324550000000000,0.493245500000,1.01360149184955,1.01360149184955,1.01360149184955,0E-17,ELIGIBLE,R03b_20260811_FULL_v1,L1_ELIGIBILITY,v2026-08-11,2026-03-21..2026-08-06,baccarat_bet02_101_all_pairs_incl_sentinel,round_win = game_pnl > 0 (decisive only),COMPATIBILITY_ONLY_NOT_PRODUCTION,798.2081,728.0697,-61.3341,219,219,0.07683976,0.17020089,-0.00270746,0.07683976,61.3341,798.2081,OK,0.0000,-2.4534,4.0000,96.0000,AG03-UNRESOLVED,ALL5_LEVELS_bet23_to_bet27,-2.4534,-2.4534,-2.4534,-3.0667,-3.0667,4.000000,4.000000,4.000000,5.000000,5.000000,96.000000,96.000000,96.000000,95.000000,95.000000,5.0,-13.4935,-12.3604,-47.8406,-48.9737,PENDING_AG03,FALSE,NOT_FOR_ENFORCEMENT,-58.8808,698.9469,-61.3341,-58.8808,-2.4534,-0.07683976,-0.07376617,-2.4534,-58.8808,-0.07376617,-2.4534,-2.4534,-2.4534,-3.0667,-3.0667,-58.8808,-0.07376617,-13.4935,-12.3604,-47.8406,-48.9737,-0.05993501,-0.06135457,-0.00307359,3.6448,3.3245,-0.2801,-1.6141,-0.4009,21.0055,5.7632,4.5902,3.1006,2.2014,2.7616,5.5205,6.428,8.837,11.0463,2.2093,0.0,3.2,4.0,1.319821,25,94,32,1,0.46005423,-0.07683976,-0.17020089,0E-8,0.000000,0.912130,0.000000,0.17290835,2026-06-13,2026-08-06,38,153,140,55,0.690909,1.480416,1.259398,1.533514,,,,,,,,GLOBAL_BASELINE_NO_ENTITY_RANKING,,,NOT_APPLICABLE_GLOBAL_BASELINE,HF9g-P5,,,,X 全窗基线 · 不参与实体赏罚,3929639,393,A168_HF9F_20260827_0900,2026-08-27 09:00:00
2026-07-11,151437733,2267,0,6.6277836691,-6.6277836691,-6.6277836691,0E-7,2,2,0.49324550000000000,0.493245500000,-1.3952362676504506,-1.3952362676504506,-1.3952362676504506,0E-17,ELIGIBLE,R03b_20260811_FULL_v1,L1_ELIGIBILITY,v2026-08-11,2026-03-21..2026-08-06,baccarat_bet02_101_all_pairs_incl_sentinel,round_win = game_pnl > 0 (decisive only),COMPATIBILITY_ONLY_NOT_PRODUCTION,798.2081,728.0697,-61.3341,219,219,0.07683976,0.17020089,-0.00270746,0.07683976,61.3341,798.2081,OK,0.0000,-2.4534,4.0000,96.0000,AG03-UNRESOLVED,ALL5_LEVELS_bet23_to_bet27,-2.4534,-2.4534,-2.4534,-3.0667,-3.0667,4.000000,4.000000,4.000000,5.000000,5.000000,96.000000,96.000000,96.000000,95.000000,95.000000,5.0,-13.4935,-12.3604,-47.8406,-48.9737,PENDING_AG03,FALSE,NOT_FOR_ENFORCEMENT,-58.8808,698.9469,-61.3341,-58.8808,-2.4534,-0.07683976,-0.07376617,-2.4534,-58.8808,-0.07376617,-2.4534,-2.4534,-2.4534,-3.0667,-3.0667,-58.8808,-0.07376617,-13.4935,-12.3604,-47.8406,-48.9737,-0.05993501,-0.06135457,-0.00307359,3.6448,3.3245,-0.2801,-1.6141,-0.4009,21.0055,5.7632,4.5902,3.1006,2.2014,2.7616,5.5205,6.428,8.837,11.0463,2.2093,0.0,3.2,4.0,1.319821,25,94,32,1,0.46005423,-0.07683976,-0.17020089,0E-8,0.000000,0.912130,0.000000,0.17290835,2026-06-13,2026-08-06,38,153,140,55,0.690909,1.480416,1.259398,1.533514,,,,,,,,GLOBAL_BASELINE_NO_ENTITY_RANKING,,,NOT_APPLICABLE_GLOBAL_BASELINE,HF9g-P5,,,,X 全窗基线 · 不参与实体赏罚,3929640,393,A168_HF9F_20260827_0900,2026-08-27 09:00:00
2026-07-11,151437733,2280,0,10.6044538706,-10.6044538706,-10.6044538706,0E-7,1,1,0.49324550000000000,0.493245500000,-0.9865810262130424,-0.9865810262130424,-0.9865810262130424,0E-17,ELIGIBLE,R03b_20260811_FULL_v1,L1_ELIGIBILITY,v2026-08-11,2026-03-21..2026-08-06,baccarat_bet02_101_all_pairs_incl_sentinel,round_win = game_pnl > 0 (decisive only),COMPATIBILITY_ONLY_NOT_PRODUCTION,798.2081,728.0697,-61.3341,219,219,0.07683976,0.17020089,-0.00270746,0.07683976,61.3341,798.2081,OK,0.0000,-2.4534,4.0000,96.0000,AG03-UNRESOLVED,ALL5_LEVELS_bet23_to_bet27,-2.4534,-2.4534,-2.4534,-3.0667,-3.0667,4.000000,4.000000,4.000000,5.000000,5.000000,96.000000,96.000000,96.000000,95.000000,95.000000,5.0,-13.4935,-12.3604,-47.8406,-48.9737,PENDING_AG03,FALSE,NOT_FOR_ENFORCEMENT,-58.8808,698.9469,-61.3341,-58.8808,-2.4534,-0.07683976,-0.07376617,-2.4534,-58.8808,-0.07376617,-2.4534,-2.4534,-2.4534,-3.0667,-3.0667,-58.8808,-0.07376617,-13.4935,-12.3604,-47.8406,-48.9737,-0.05993501,-0.06135457,-0.00307359,3.6448,3.3245,-0.2801,-1.6141,-0.4009,21.0055,5.7632,4.5902,3.1006,2.2014,2.7616,5.5205,6.428,8.837,11.0463,2.2093,0.0,3.2,4.0,1.319821,25,94,32,1,0.46005423,-0.07683976,-0.17020089,0E-8,0.000000,0.912130,0.000000,0.17290835,2026-06-13,2026-08-06,38,153,140,55,0.690909,1.480416,1.259398,1.533514,,,,,,,,GLOBAL_BASELINE_NO_ENTITY_RANKING,,,NOT_APPLICABLE_GLOBAL_BASELINE,HF9g-P5,,,,X 全窗基线 · 不参与实体赏罚,3929641,393,A168_HF9F_20260827_0900,2026-08-27 09:00:00
2026-07-11,151437733,550,0,5.3022269353,5.3022269353,5.3022269353,1.0000000,1,1,0.49324550000000000,0.493245500000,1.01360149184955,1.01360149184955,1.01360149184955,0E-17,ELIGIBLE,R03b_20260811_FULL_v1,L1_ELIGIBILITY,v2026-08-11,2026-03-21..2026-08-06,baccarat_bet02_101_all_pairs_incl_sentinel,round_win = game_pnl > 0 (decisive only),COMPATIBILITY_ONLY_NOT_PRODUCTION,798.2081,728.0697,-61.3341,219,219,0.07683976,0.17020089,-0.00270746,0.07683976,61.3341,798.2081,OK,0.0000,-2.4534,4.0000,96.0000,AG03-UNRESOLVED,ALL5_LEVELS_bet23_to_bet27,-2.4534,-2.4534,-2.4534,-3.0667,-3.0667,4.000000,4.000000,4.000000,5.000000,5.000000,96.000000,96.000000,96.000000,95.000000,95.000000,5.0,-13.4935,-12.3604,-47.8406,-48.9737,PENDING_AG03,FALSE,NOT_FOR_ENFORCEMENT,-58.8808,698.9469,-61.3341,-58.8808,-2.4534,-0.07683976,-0.07376617,-2.4534,-58.8808,-0.07376617,-2.4534,-2.4534,-2.4534,-3.0667,-3.0667,-58.8808,-0.07376617,-13.4935,-12.3604,-47.8406,-48.9737,-0.05993501,-0.06135457,-0.00307359,3.6448,3.3245,-0.2801,-1.6141,-0.4009,21.0055,5.7632,4.5902,3.1006,2.2014,2.7616,5.5205,6.428,8.837,11.0463,2.2093,0.0,3.2,4.0,1.319821,25,94,32,1,0.46005423,-0.07683976,-0.17020089,0E-8,0.000000,0.912130,0.000000,0.17290835,2026-06-13,2026-08-06,38,153,140,55,0.690909,1.480416,1.259398,1.533514,,,,,,,,GLOBAL_BASELINE_NO_ENTITY_RANKING,,,NOT_APPLICABLE_GLOBAL_BASELINE,HF9g-P5,,,,X 全窗基线 · 不参与实体赏罚,3929642,393,A168_HF9F_20260827_0900,2026-08-27 09:00:00
2026-07-12,151437733,-1,1,1.1046306115,-1.1046306115,-1.1046306115,0E-7,1,1,0.49324550000000000,0.493245500000,-0.9865810262130424,-0.9865810262130424,-0.9865810262130424,0E-17,SENTINEL_DEALER,R03b_20260811_FULL_v1,L1_ELIGIBILITY,v2026-08-11,2026-03-21..2026-08-06,baccarat_bet02_101_all_pairs_incl_sentinel,round_win = game_pnl > 0 (decisive only),COMPATIBILITY_ONLY_NOT_PRODUCTION,798.2081,728.0697,-61.3341,219,219,0.07683976,0.17020089,-0.00270746,0.07683976,61.3341,798.2081,OK,0.0000,-2.4534,4.0000,96.0000,AG03-UNRESOLVED,ALL5_LEVELS_bet23_to_bet27,-2.4534,-2.4534,-2.4534,-3.0667,-3.0667,4.000000,4.000000,4.000000,5.000000,5.000000,96.000000,96.000000,96.000000,95.000000,95.000000,5.0,-13.4935,-12.3604,-47.8406,-48.9737,PENDING_AG03,FALSE,NOT_FOR_ENFORCEMENT,-58.8808,698.9469,-61.3341,-58.8808,-2.4534,-0.07683976,-0.07376617,-2.4534,-58.8808,-0.07376617,-2.4534,-2.4534,-2.4534,-3.0667,-3.0667,-58.8808,-0.07376617,-13.4935,-12.3604,-47.8406,-48.9737,-0.05993501,-0.06135457,-0.00307359,3.6448,3.3245,-0.2801,-1.6141,-0.4009,21.0055,5.7632,4.5902,3.1006,2.2014,2.7616,5.5205,6.428,8.837,11.0463,2.2093,0.0,3.2,4.0,1.319821,25,94,32,1,0.46005423,-0.07683976,-0.17020089,0E-8,0.000000,0.912130,0.000000,0.17290835,2026-06-13,2026-08-06,38,153,140,55,0.690909,1.480416,1.259398,1.533514,,,,,,,,GLOBAL_BASELINE_NO_ENTITY_RANKING,,,NOT_APPLICABLE_GLOBAL_BASELINE,HF9g-P5,,,,X 全窗基线 · 不参与实体赏罚,3929643,393,A168_HF9F_20260827_0900,2026-08-27 09:00:00
2026-07-14,151437733,2141,0,6.6277836691,6.6277836691,6.6277836691,1.0000000,1,1,0.49324550000000000,0.493245500000,1.01360149184955,1.01360149184955,1.01360149184955,0E-17,ELIGIBLE,R03b_20260811_FULL_v1,L1_ELIGIBILITY,v2026-08-11,2026-03-21..2026-08-06,baccarat_bet02_101_all_pairs_incl_sentinel,round_win = game_pnl > 0 (decisive only),COMPATIBILITY_ONLY_NOT_PRODUCTION,798.2081,728.0697,-61.3341,219,219,0.07683976,0.17020089,-0.00270746,0.07683976,61.3341,798.2081,OK,0.0000,-2.4534,4.0000,96.0000,AG03-UNRESOLVED,ALL5_LEVELS_bet23_to_bet27,-2.4534,-2.4534,-2.4534,-3.0667,-3.0667,4.000000,4.000000,4.000000,5.000000,5.000000,96.000000,96.000000,96.000000,95.000000,95.000000,5.0,-13.4935,-12.3604,-47.8406,-48.9737,PENDING_AG03,FALSE,NOT_FOR_ENFORCEMENT,-58.8808,698.9469,-61.3341,-58.8808,-2.4534,-0.07683976,-0.07376617,-2.4534,-58.8808,-0.07376617,-2.4534,-2.4534,-2.4534,-3.0667,-3.0667,-58.8808,-0.07376617,-13.4935,-12.3604,-47.8406,-48.9737,-0.05993501,-0.06135457,-0.00307359,3.6448,3.3245,-0.2801,-1.6141,-0.4009,21.0055,5.7632,4.5902,3.1006,2.2014,2.7616,5.5205,6.428,8.837,11.0463,2.2093,0.0,3.2,4.0,1.319821,25,94,32,1,0.46005423,-0.07683976,-0.17020089,0E-8,0.000000,0.912130,0.000000,0.17290835,2026-06-13,2026-08-06,38,153,140,55,0.690909,1.480416,1.259398,1.533514,,,,,,,,GLOBAL_BASELINE_NO_ENTITY_RANKING,,,NOT_APPLICABLE_GLOBAL_BASELINE,HF9g-P5,,,,X 全窗基线 · 不参与实体赏罚,3929644,393,A168_HF9F_20260827_0900,2026-08-27 09:00:00
2026-07-14,151437733,2155,0,4.4185224461,4.4185224461,4.4185224461,1.0000000,1,1,0.49324550000000000,0.493245500000,1.01360149184955,1.01360149184955,1.01360149184955,0E-17,ELIGIBLE,R03b_20260811_FULL_v1,L1_ELIGIBILITY,v2026-08-11,2026-03-21..2026-08-06,baccarat_bet02_101_all_pairs_incl_sentinel,round_win = game_pnl > 0 (decisive only),COMPATIBILITY_ONLY_NOT_PRODUCTION,798.2081,728.0697,-61.3341,219,219,0.07683976,0.17020089,-0.00270746,0.07683976,61.3341,798.2081,OK,0.0000,-2.4534,4.0000,96.0000,AG03-UNRESOLVED,ALL5_LEVELS_bet23_to_bet27,-2.4534,-2.4534,-2.4534,-3.0667,-3.0667,4.000000,4.000000,4.000000,5.000000,5.000000,96.000000,96.000000,96.000000,95.000000,95.000000,5.0,-13.4935,-12.3604,-47.8406,-48.9737,PENDING_AG03,FALSE,NOT_FOR_ENFORCEMENT,-58.8808,698.9469,-61.3341,-58.8808,-2.4534,-0.07683976,-0.07376617,-2.4534,-58.8808,-0.07376617,-2.4534,-2.4534,-2.4534,-3.0667,-3.0667,-58.8808,-0.07376617,-13.4935,-12.3604,-47.8406,-48.9737,-0.05993501,-0.06135457,-0.00307359,3.6448,3.3245,-0.2801,-1.6141,-0.4009,21.0055,5.7632,4.5902,3.1006,2.2014,2.7616,5.5205,6.428,8.837,11.0463,2.2093,0.0,3.2,4.0,1.319821,25,94,32,1,0.46005423,-0.07683976,-0.17020089,0E-8,0.000000,0.912130,0.000000,0.17290835,2026-06-13,2026-08-06,38,153,140,55,0.690909,1.480416,1.259398,1.533514,,,,,,,,GLOBAL_BASELINE_NO_ENTITY_RANKING,,,NOT_APPLICABLE_GLOBAL_BASELINE,HF9g-P5,,,,X 全窗基线 · 不参与实体赏罚,3929645,393,A168_HF9F_20260827_0900,2026-08-27 09:00:00
2026-07-14,151437733,2233,0,8.8370448922,8.8370448922,8.8370448922,1.0000000,1,1,0.49324550000000000,0.493245500000,1.01360149184955,1.01360149184955,1.01360149184955,0E-17,ELIGIBLE,R03b_20260811_FULL_v1,L1_ELIGIBILITY,v2026-08-11,2026-03-21..2026-08-06,baccarat_bet02_101_all_pairs_incl_sentinel,round_win = game_pnl > 0 (decisive only),COMPATIBILITY_ONLY_NOT_PRODUCTION,798.2081,728.0697,-61.3341,219,219,0.07683976,0.17020089,-0.00270746,0.07683976,61.3341,798.2081,OK,0.0000,-2.4534,4.0000,96.0000,AG03-UNRESOLVED,ALL5_LEVELS_bet23_to_bet27,-2.4534,-2.4534,-2.4534,-3.0667,-3.0667,4.000000,4.000000,4.000000,5.000000,5.000000,96.000000,96.000000,96.000000,95.000000,95.000000,5.0,-13.4935,-12.3604,-47.8406,-48.9737,PENDING_AG03,FALSE,NOT_FOR_ENFORCEMENT,-58.8808,698.9469,-61.3341,-58.8808,-2.4534,-0.07683976,-0.07376617,-2.4534,-58.8808,-0.07376617,-2.4534,-2.4534,-2.4534,-3.0667,-3.0667,-58.8808,-0.07376617,-13.4935,-12.3604,-47.8406,-48.9737,-0.05993501,-0.06135457,-0.00307359,3.6448,3.3245,-0.2801,-1.6141,-0.4009,21.0055,5.7632,4.5902,3.1006,2.2014,2.7616,5.5205,6.428,8.837,11.0463,2.2093,0.0,3.2,4.0,1.319821,25,94,32,1,0.46005423,-0.07683976,-0.17020089,0E-8,0.000000,0.912130,0.000000,0.17290835,2026-06-13,2026-08-06,38,153,140,55,0.690909,1.480416,1.259398,1.533514,,,,,,,,GLOBAL_BASELINE_NO_ENTITY_RANKING,,,NOT_APPLICABLE_GLOBAL_BASELINE,HF9g-P5,,,,X 全窗基线 · 不参与实体赏罚,3929646,393,A168_HF9F_20260827_0900,2026-08-27 09:00:00
2026-07-14,151437733,2246,0,4.4185224461,-4.4185224461,-4.4185224461,0E-7,1,1,0.49324550000000000,0.493245500000,-0.9865810262130424,-0.9865810262130424,-0.9865810262130424,0E-17,ELIGIBLE,R03b_20260811_FULL_v1,L1_ELIGIBILITY,v2026-08-11,2026-03-21..2026-08-06,baccarat_bet02_101_all_pairs_incl_sentinel,round_win = game_pnl > 0 (decisive only),COMPATIBILITY_ONLY_NOT_PRODUCTION,798.2081,728.0697,-61.3341,219,219,0.07683976,0.17020089,-0.00270746,0.07683976,61.3341,798.2081,OK,0.0000,-2.4534,4.0000,96.0000,AG03-UNRESOLVED,ALL5_LEVELS_bet23_to_bet27,-2.4534,-2.4534,-2.4534,-3.0667,-3.0667,4.000000,4.000000,4.000000,5.000000,5.000000,96.000000,96.000000,96.000000,95.000000,95.000000,5.0,-13.4935,-12.3604,-47.8406,-48.9737,PENDING_AG03,FALSE,NOT_FOR_ENFORCEMENT,-58.8808,698.9469,-61.3341,-58.8808,-2.4534,-0.07683976,-0.07376617,-2.4534,-58.8808,-0.07376617,-2.4534,-2.4534,-2.4534,-3.0667,-3.0667,-58.8808,-0.07376617,-13.4935,-12.3604,-47.8406,-48.9737,-0.05993501,-0.06135457,-0.00307359,3.6448,3.3245,-0.2801,-1.6141,-0.4009,21.0055,5.7632,4.5902,3.1006,2.2014,2.7616,5.5205,6.428,8.837,11.0463,2.2093,0.0,3.2,4.0,1.319821,25,94,32,1,0.46005423,-0.07683976,-0.17020089,0E-8,0.000000,0.912130,0.000000,0.17290835,2026-06-13,2026-08-06,38,153,140,55,0.690909,1.480416,1.259398,1.533514,,,,,,,,GLOBAL_BASELINE_NO_ENTITY_RANKING,,,NOT_APPLICABLE_GLOBAL_BASELINE,HF9g-P5,,,,X 全窗基线 · 不参与实体赏罚,3929647,393,A168_HF9F_20260827_0900,2026-08-27 09:00:00
2026-07-14,151437733,2251,0,11.0463061152,-11.0463061152,-11.0463061152,0E-7,1,1,0.49324550000000000,0.493245500000,-0.9865810262130424,-0.9865810262130424,-0.9865810262130424,0E-17,ELIGIBLE,R03b_20260811_FULL_v1,L1_ELIGIBILITY,v2026-08-11,2026-03-21..2026-08-06,baccarat_bet02_101_all_pairs_incl_sentinel,round_win = game_pnl > 0 (decisive only),COMPATIBILITY_ONLY_NOT_PRODUCTION,798.2081,728.0697,-61.3341,219,219,0.07683976,0.17020089,-0.00270746,0.07683976,61.3341,798.2081,OK,0.0000,-2.4534,4.0000,96.0000,AG03-UNRESOLVED,ALL5_LEVELS_bet23_to_bet27,-2.4534,-2.4534,-2.4534,-3.0667,-3.0667,4.000000,4.000000,4.000000,5.000000,5.000000,96.000000,96.000000,96.000000,95.000000,95.000000,5.0,-13.4935,-12.3604,-47.8406,-48.9737,PENDING_AG03,FALSE,NOT_FOR_ENFORCEMENT,-58.8808,698.9469,-61.3341,-58.8808,-2.4534,-0.07683976,-0.07376617,-2.4534,-58.8808,-0.07376617,-2.4534,-2.4534,-2.4534,-3.0667,-3.0667,-58.8808,-0.07376617,-13.4935,-12.3604,-47.8406,-48.9737,-0.05993501,-0.06135457,-0.00307359,3.6448,3.3245,-0.2801,-1.6141,-0.4009,21.0055,5.7632,4.5902,3.1006,2.2014,2.7616,5.5205,6.428,8.837,11.0463,2.2093,0.0,3.2,4.0,1.319821,25,94,32,1,0.46005423,-0.07683976,-0.17020089,0E-8,0.000000,0.912130,0.000000,0.17290835,2026-06-13,2026-08-06,38,153,140,55,0.690909,1.480416,1.259398,1.533514,,,,,,,,GLOBAL_BASELINE_NO_ENTITY_RANKING,,,NOT_APPLICABLE_GLOBAL_BASELINE,HF9g-P5,,,,X 全窗基线 · 不参与实体赏罚,3929648,393,A168_HF9F_20260827_0900,2026-08-27 09:00:00
2026-07-15,151437733,-1,1,3.3138918346,-3.3138918346,-3.3138918346,0E-7,1,1,0.49324550000000000,0.493245500000,-0.9865810262130424,-0.9865810262130424,-0.9865810262130424,0E-17,SENTINEL_DEALER,R03b_20260811_FULL_v1,L1_ELIGIBILITY,v2026-08-11,2026-03-21..2026-08-06,baccarat_bet02_101_all_pairs_incl_sentinel,round_win = game_pnl > 0 (decisive only),COMPATIBILITY_ONLY_NOT_PRODUCTION,798.2081,728.0697,-61.3341,219,219,0.07683976,0.17020089,-0.00270746,0.07683976,61.3341,798.2081,OK,0.0000,-2.4534,4.0000,96.0000,AG03-UNRESOLVED,ALL5_LEVELS_bet23_to_bet27,-2.4534,-2.4534,-2.4534,-3.0667,-3.0667,4.000000,4.000000,4.000000,5.000000,5.000000,96.000000,96.000000,96.000000,95.000000,95.000000,5.0,-13.4935,-12.3604,-47.8406,-48.9737,PENDING_AG03,FALSE,NOT_FOR_ENFORCEMENT,-58.8808,698.9469,-61.3341,-58.8808,-2.4534,-0.07683976,-0.07376617,-2.4534,-58.8808,-0.07376617,-2.4534,-2.4534,-2.4534,-3.0667,-3.0667,-58.8808,-0.07376617,-13.4935,-12.3604,-47.8406,-48.9737,-0.05993501,-0.06135457,-0.00307359,3.6448,3.3245,-0.2801,-1.6141,-0.4009,21.0055,5.7632,4.5902,3.1006,2.2014,2.7616,5.5205,6.428,8.837,11.0463,2.2093,0.0,3.2,4.0,1.319821,25,94,32,1,0.46005423,-0.07683976,-0.17020089,0E-8,0.000000,0.912130,0.000000,0.17290835,2026-06-13,2026-08-06,38,153,140,55,0.690909,1.480416,1.259398,1.533514,,,,,,,,GLOBAL_BASELINE_NO_ENTITY_RANKING,,,NOT_APPLICABLE_GLOBAL_BASELINE,HF9g-P5,,,,X 全窗基线 · 不参与实体赏罚,3929649,393,A168_HF9F_20260827_0900,2026-08-27 09:00:00
2026-07-15,151437733,1318,0,5.5231530576,-5.5231530576,-5.5231530576,0E-7,1,1,0.49324550000000000,0.493245500000,-0.9865810262130424,-0.9865810262130424,-0.9865810262130424,0E-17,ELIGIBLE,R03b_20260811_FULL_v1,L1_ELIGIBILITY,v2026-08-11,2026-03-21..2026-08-06,baccarat_bet02_101_all_pairs_incl_sentinel,round_win = game_pnl > 0 (decisive only),COMPATIBILITY_ONLY_NOT_PRODUCTION,798.2081,728.0697,-61.3341,219,219,0.07683976,0.17020089,-0.00270746,0.07683976,61.3341,798.2081,OK,0.0000,-2.4534,4.0000,96.0000,AG03-UNRESOLVED,ALL5_LEVELS_bet23_to_bet27,-2.4534,-2.4534,-2.4534,-3.0667,-3.0667,4.000000,4.000000,4.000000,5.000000,5.000000,96.000000,96.000000,96.000000,95.000000,95.000000,5.0,-13.4935,-12.3604,-47.8406,-48.9737,PENDING_AG03,FALSE,NOT_FOR_ENFORCEMENT,-58.8808,698.9469,-61.3341,-58.8808,-2.4534,-0.07683976,-0.07376617,-2.4534,-58.8808,-0.07376617,-2.4534,-2.4534,-2.4534,-3.0667,-3.0667,-58.8808,-0.07376617,-13.4935,-12.3604,-47.8406,-48.9737,-0.05993501,-0.06135457,-0.00307359,3.6448,3.3245,-0.2801,-1.6141,-0.4009,21.0055,5.7632,4.5902,3.1006,2.2014,2.7616,5.5205,6.428,8.837,11.0463,2.2093,0.0,3.2,4.0,1.319821,25,94,32,1,0.46005423,-0.07683976,-0.17020089,0E-8,0.000000,0.912130,0.000000,0.17290835,2026-06-13,2026-08-06,38,153,140,55,0.690909,1.480416,1.259398,1.533514,,,,,,,,GLOBAL_BASELINE_NO_ENTITY_RANKING,,,NOT_APPLICABLE_GLOBAL_BASELINE,HF9g-P5,,,,X 全窗基线 · 不参与实体赏罚,3929650,393,A168_HF9F_20260827_0900,2026-08-27 09:00:00
2026-07-15,151437733,1710,0,5.5231530576,5.5231530576,5.5231530576,1.0000000,1,1,0.49324550000000000,0.493245500000,1.01360149184955,1.01360149184955,1.01360149184955,0E-17,ELIGIBLE,R03b_20260811_FULL_v1,L1_ELIGIBILITY,v2026-08-11,2026-03-21..2026-08-06,baccarat_bet02_101_all_pairs_incl_sentinel,round_win = game_pnl > 0 (decisive only),COMPATIBILITY_ONLY_NOT_PRODUCTION,798.2081,728.0697,-61.3341,219,219,0.07683976,0.17020089,-0.00270746,0.07683976,61.3341,798.2081,OK,0.0000,-2.4534,4.0000,96.0000,AG03-UNRESOLVED,ALL5_LEVELS_bet23_to_bet27,-2.4534,-2.4534,-2.4534,-3.0667,-3.0667,4.000000,4.000000,4.000000,5.000000,5.000000,96.000000,96.000000,96.000000,95.000000,95.000000,5.0,-13.4935,-12.3604,-47.8406,-48.9737,PENDING_AG03,FALSE,NOT_FOR_ENFORCEMENT,-58.8808,698.9469,-61.3341,-58.8808,-2.4534,-0.07683976,-0.07376617,-2.4534,-58.8808,-0.07376617,-2.4534,-2.4534,-2.4534,-3.0667,-3.0667,-58.8808,-0.07376617,-13.4935,-12.3604,-47.8406,-48.9737,-0.05993501,-0.06135457,-0.00307359,3.6448,3.3245,-0.2801,-1.6141,-0.4009,21.0055,5.7632,4.5902,3.1006,2.2014,2.7616,5.5205,6.428,8.837,11.0463,2.2093,0.0,3.2,4.0,1.319821,25,94,32,1,0.46005423,-0.07683976,-0.17020089,0E-8,0.000000,0.912130,0.000000,0.17290835,2026-06-13,2026-08-06,38,153,140,55,0.690909,1.480416,1.259398,1.533514,,,,,,,,GLOBAL_BASELINE_NO_ENTITY_RANKING,,,NOT_APPLICABLE_GLOBAL_BASELINE,HF9g-P5,,,,X 全窗基线 · 不参与实体赏罚,3929651,393,A168_HF9F_20260827_0900,2026-08-27 09:00:00
2026-07-15,151437733,2258,0,2.2092612230,-2.2092612230,-2.2092612230,0E-7,1,1,0.49324550000000000,0.493245500000,-0.9865810262130424,-0.9865810262130424,-0.9865810262130424,0E-17,ELIGIBLE,R03b_20260811_FULL_v1,L1_ELIGIBILITY,v2026-08-11,2026-03-21..2026-08-06,baccarat_bet02_101_all_pairs_incl_sentinel,round_win = game_pnl > 0 (decisive only),COMPATIBILITY_ONLY_NOT_PRODUCTION,798.2081,728.0697,-61.3341,219,219,0.07683976,0.17020089,-0.00270746,0.07683976,61.3341,798.2081,OK,0.0000,-2.4534,4.0000,96.0000,AG03-UNRESOLVED,ALL5_LEVELS_bet23_to_bet27,-2.4534,-2.4534,-2.4534,-3.0667,-3.0667,4.000000,4.000000,4.000000,5.000000,5.000000,96.000000,96.000000,96.000000,95.000000,95.000000,5.0,-13.4935,-12.3604,-47.8406,-48.9737,PENDING_AG03,FALSE,NOT_FOR_ENFORCEMENT,-58.8808,698.9469,-61.3341,-58.8808,-2.4534,-0.07683976,-0.07376617,-2.4534,-58.8808,-0.07376617,-2.4534,-2.4534,-2.4534,-3.0667,-3.0667,-58.8808,-0.07376617,-13.4935,-12.3604,-47.8406,-48.9737,-0.05993501,-0.06135457,-0.00307359,3.6448,3.3245,-0.2801,-1.6141,-0.4009,21.0055,5.7632,4.5902,3.1006,2.2014,2.7616,5.5205,6.428,8.837,11.0463,2.2093,0.0,3.2,4.0,1.319821,25,94,32,1,0.46005423,-0.07683976,-0.17020089,0E-8,0.000000,0.912130,0.000000,0.17290835,2026-06-13,2026-08-06,38,153,140,55,0.690909,1.480416,1.259398,1.533514,,,,,,,,GLOBAL_BASELINE_NO_ENTITY_RANKING,,,NOT_APPLICABLE_GLOBAL_BASELINE,HF9g-P5,,,,X 全窗基线 · 不参与实体赏罚,3929652,393,A168_HF9F_20260827_0900,2026-08-27 09:00:00
2026-07-16,151437733,2147,0,2.4301873454,-1.2150936727,-1.2150936727,0E-7,2,2,0.49324550000000000,0.493245500000,-0.9865810262130424,-0.9865810262130424,-0.9865810262130424,0E-17,ELIGIBLE,R03b_20260811_FULL_v1,L1_ELIGIBILITY,v2026-08-11,2026-03-21..2026-08-06,baccarat_bet02_101_all_pairs_incl_sentinel,round_win = game_pnl > 0 (decisive only),COMPATIBILITY_ONLY_NOT_PRODUCTION,798.2081,728.0697,-61.3341,219,219,0.07683976,0.17020089,-0.00270746,0.07683976,61.3341,798.2081,OK,0.0000,-2.4534,4.0000,96.0000,AG03-UNRESOLVED,ALL5_LEVELS_bet23_to_bet27,-2.4534,-2.4534,-2.4534,-3.0667,-3.0667,4.000000,4.000000,4.000000,5.000000,5.000000,96.000000,96.000000,96.000000,95.000000,95.000000,5.0,-13.4935,-12.3604,-47.8406,-48.9737,PENDING_AG03,FALSE,NOT_FOR_ENFORCEMENT,-58.8808,698.9469,-61.3341,-58.8808,-2.4534,-0.07683976,-0.07376617,-2.4534,-58.8808,-0.07376617,-2.4534,-2.4534,-2.4534,-3.0667,-3.0667,-58.8808,-0.07376617,-13.4935,-12.3604,-47.8406,-48.9737,-0.05993501,-0.06135457,-0.00307359,3.6448,3.3245,-0.2801,-1.6141,-0.4009,21.0055,5.7632,4.5902,3.1006,2.2014,2.7616,5.5205,6.428,8.837,11.0463,2.2093,0.0,3.2,4.0,1.319821,25,94,32,1,0.46005423,-0.07683976,-0.17020089,0E-8,0.000000,0.912130,0.000000,0.17290835,2026-06-13,2026-08-06,38,153,140,55,0.690909,1.480416,1.259398,1.533514,,,,,,,,GLOBAL_BASELINE_NO_ENTITY_RANKING,,,NOT_APPLICABLE_GLOBAL_BASELINE,HF9g-P5,,,,X 全窗基线 · 不参与实体赏罚,3929653,393,A168_HF9F_20260827_0900,2026-08-27 09:00:00
2026-07-18,151437733,2101,0,3.3138918346,-3.3138918346,-3.3138918346,0E-7,1,1,0.49324550000000000,0.493245500000,-0.9865810262130424,-0.9865810262130424,-0.9865810262130424,0E-17,ELIGIBLE,R03b_20260811_FULL_v1,L1_ELIGIBILITY,v2026-08-11,2026-03-21..2026-08-06,baccarat_bet02_101_all_pairs_incl_sentinel,round_win = game_pnl > 0 (decisive only),COMPATIBILITY_ONLY_NOT_PRODUCTION,798.2081,728.0697,-61.3341,219,219,0.07683976,0.17020089,-0.00270746,0.07683976,61.3341,798.2081,OK,0.0000,-2.4534,4.0000,96.0000,AG03-UNRESOLVED,ALL5_LEVELS_bet23_to_bet27,-2.4534,-2.4534,-2.4534,-3.0667,-3.0667,4.000000,4.000000,4.000000,5.000000,5.000000,96.000000,96.000000,96.000000,95.000000,95.000000,5.0,-13.4935,-12.3604,-47.8406,-48.9737,PENDING_AG03,FALSE,NOT_FOR_ENFORCEMENT,-58.8808,698.9469,-61.3341,-58.8808,-2.4534,-0.07683976,-0.07376617,-2.4534,-58.8808,-0.07376617,-2.4534,-2.4534,-2.4534,-3.0667,-3.0667,-58.8808,-0.07376617,-13.4935,-12.3604,-47.8406,-48.9737,-0.05993501,-0.06135457,-0.00307359,3.6448,3.3245,-0.2801,-1.6141,-0.4009,21.0055,5.7632,4.5902,3.1006,2.2014,2.7616,5.5205,6.428,8.837,11.0463,2.2093,0.0,3.2,4.0,1.319821,25,94,32,1,0.46005423,-0.07683976,-0.17020089,0E-8,0.000000,0.912130,0.000000,0.17290835,2026-06-13,2026-08-06,38,153,140,55,0.690909,1.480416,1.259398,1.533514,,,,,,,,GLOBAL_BASELINE_NO_ENTITY_RANKING,,,NOT_APPLICABLE_GLOBAL_BASELINE,HF9g-P5,,,,X 全窗基线 · 不参与实体赏罚,3929654,393,A168_HF9F_20260827_0900,2026-08-27 09:00:00
2026-07-19,151437733,994,0,3.3138918346,-3.3138918346,-3.3138918346,0E-7,1,1,0.49324550000000000,0.493245500000,-0.9865810262130424,-0.9865810262130424,-0.9865810262130424,0E-17,ELIGIBLE,R03b_20260811_FULL_v1,L1_ELIGIBILITY,v2026-08-11,2026-03-21..2026-08-06,baccarat_bet02_101_all_pairs_incl_sentinel,round_win = game_pnl > 0 (decisive only),COMPATIBILITY_ONLY_NOT_PRODUCTION,798.2081,728.0697,-61.3341,219,219,0.07683976,0.17020089,-0.00270746,0.07683976,61.3341,798.2081,OK,0.0000,-2.4534,4.0000,96.0000,AG03-UNRESOLVED,ALL5_LEVELS_bet23_to_bet27,-2.4534,-2.4534,-2.4534,-3.0667,-3.0667,4.000000,4.000000,4.000000,5.000000,5.000000,96.000000,96.000000,96.000000,95.000000,95.000000,5.0,-13.4935,-12.3604,-47.8406,-48.9737,PENDING_AG03,FALSE,NOT_FOR_ENFORCEMENT,-58.8808,698.9469,-61.3341,-58.8808,-2.4534,-0.07683976,-0.07376617,-2.4534,-58.8808,-0.07376617,-2.4534,-2.4534,-2.4534,-3.0667,-3.0667,-58.8808,-0.07376617,-13.4935,-12.3604,-47.8406,-48.9737,-0.05993501,-0.06135457,-0.00307359,3.6448,3.3245,-0.2801,-1.6141,-0.4009,21.0055,5.7632,4.5902,3.1006,2.2014,2.7616,5.5205,6.428,8.837,11.0463,2.2093,0.0,3.2,4.0,1.319821,25,94,32,1,0.46005423,-0.07683976,-0.17020089,0E-8,0.000000,0.912130,0.000000,0.17290835,2026-06-13,2026-08-06,38,153,140,55,0.690909,1.480416,1.259398,1.533514,,,,,,,,GLOBAL_BASELINE_NO_ENTITY_RANKING,,,NOT_APPLICABLE_GLOBAL_BASELINE,HF9g-P5,,,,X 全窗基线 · 不参与实体赏罚,3929655,393,A168_HF9F_20260827_0900,2026-08-27 09:00:00
2026-07-21,151437733,2134,0,2.7615765288,2.7615765288,2.7615765288,1.0000000,1,1,0.49324550000000000,0.493245500000,1.01360149184955,1.01360149184955,1.01360149184955,0E-17,ELIGIBLE,R03b_20260811_FULL_v1,L1_ELIGIBILITY,v2026-08-11,2026-03-21..2026-08-06,baccarat_bet02_101_all_pairs_incl_sentinel,round_win = game_pnl > 0 (decisive only),COMPATIBILITY_ONLY_NOT_PRODUCTION,798.2081,728.0697,-61.3341,219,219,0.07683976,0.17020089,-0.00270746,0.07683976,61.3341,798.2081,OK,0.0000,-2.4534,4.0000,96.0000,AG03-UNRESOLVED,ALL5_LEVELS_bet23_to_bet27,-2.4534,-2.4534,-2.4534,-3.0667,-3.0667,4.000000,4.000000,4.000000,5.000000,5.000000,96.000000,96.000000,96.000000,95.000000,95.000000,5.0,-13.4935,-12.3604,-47.8406,-48.9737,PENDING_AG03,FALSE,NOT_FOR_ENFORCEMENT,-58.8808,698.9469,-61.3341,-58.8808,-2.4534,-0.07683976,-0.07376617,-2.4534,-58.8808,-0.07376617,-2.4534,-2.4534,-2.4534,-3.0667,-3.0667,-58.8808,-0.07376617,-13.4935,-12.3604,-47.8406,-48.9737,-0.05993501,-0.06135457,-0.00307359,3.6448,3.3245,-0.2801,-1.6141,-0.4009,21.0055,5.7632,4.5902,3.1006,2.2014,2.7616,5.5205,6.428,8.837,11.0463,2.2093,0.0,3.2,4.0,1.319821,25,94,32,1,0.46005423,-0.07683976,-0.17020089,0E-8,0.000000,0.912130,0.000000,0.17290835,2026-06-13,2026-08-06,38,153,140,55,0.690909,1.480416,1.259398,1.533514,,,,,,,,GLOBAL_BASELINE_NO_ENTITY_RANKING,,,NOT_APPLICABLE_GLOBAL_BASELINE,HF9g-P5,,,,X 全窗基线 · 不参与实体赏罚,3929656,393,A168_HF9F_20260827_0900,2026-08-27 09:00:00
2026-07-21,151437733,471,0,5.5231530576,-5.5231530576,-5.5231530576,0E-7,1,1,0.49324550000000000,0.493245500000,-0.9865810262130424,-0.9865810262130424,-0.9865810262130424,0E-17,ELIGIBLE,R03b_20260811_FULL_v1,L1_ELIGIBILITY,v2026-08-11,2026-03-21..2026-08-06,baccarat_bet02_101_all_pairs_incl_sentinel,round_win = game_pnl > 0 (decisive only),COMPATIBILITY_ONLY_NOT_PRODUCTION,798.2081,728.0697,-61.3341,219,219,0.07683976,0.17020089,-0.00270746,0.07683976,61.3341,798.2081,OK,0.0000,-2.4534,4.0000,96.0000,AG03-UNRESOLVED,ALL5_LEVELS_bet23_to_bet27,-2.4534,-2.4534,-2.4534,-3.0667,-3.0667,4.000000,4.000000,4.000000,5.000000,5.000000,96.000000,96.000000,96.000000,95.000000,95.000000,5.0,-13.4935,-12.3604,-47.8406,-48.9737,PENDING_AG03,FALSE,NOT_FOR_ENFORCEMENT,-58.8808,698.9469,-61.3341,-58.8808,-2.4534,-0.07683976,-0.07376617,-2.4534,-58.8808,-0.07376617,-2.4534,-2.4534,-2.4534,-3.0667,-3.0667,-58.8808,-0.07376617,-13.4935,-12.3604,-47.8406,-48.9737,-0.05993501,-0.06135457,-0.00307359,3.6448,3.3245,-0.2801,-1.6141,-0.4009,21.0055,5.7632,4.5902,3.1006,2.2014,2.7616,5.5205,6.428,8.837,11.0463,2.2093,0.0,3.2,4.0,1.319821,25,94,32,1,0.46005423,-0.07683976,-0.17020089,0E-8,0.000000,0.912130,0.000000,0.17290835,2026-06-13,2026-08-06,38,153,140,55,0.690909,1.480416,1.259398,1.533514,,,,,,,,GLOBAL_BASELINE_NO_ENTITY_RANKING,,,NOT_APPLICABLE_GLOBAL_BASELINE,HF9g-P5,,,,X 全窗基线 · 不参与实体赏罚,3929657,393,A168_HF9F_20260827_0900,2026-08-27 09:00:00
2026-07-26,151437733,1205,0,3.3138918345,3.3138918345,3.3138918345,1.0000000,2,2,0.49324550000000000,0.493245500000,1.4334489766152358,1.4334489766152358,1.4334489766152358,0E-17,ELIGIBLE,R03b_20260811_FULL_v1,L1_ELIGIBILITY,v2026-08-11,2026-03-21..2026-08-06,baccarat_bet02_101_all_pairs_incl_sentinel,round_win = game_pnl > 0 (decisive only),COMPATIBILITY_ONLY_NOT_PRODUCTION,798.2081,728.0697,-61.3341,219,219,0.07683976,0.17020089,-0.00270746,0.07683976,61.3341,798.2081,OK,0.0000,-2.4534,4.0000,96.0000,AG03-UNRESOLVED,ALL5_LEVELS_bet23_to_bet27,-2.4534,-2.4534,-2.4534,-3.0667,-3.0667,4.000000,4.000000,4.000000,5.000000,5.000000,96.000000,96.000000,96.000000,95.000000,95.000000,5.0,-13.4935,-12.3604,-47.8406,-48.9737,PENDING_AG03,FALSE,NOT_FOR_ENFORCEMENT,-58.8808,698.9469,-61.3341,-58.8808,-2.4534,-0.07683976,-0.07376617,-2.4534,-58.8808,-0.07376617,-2.4534,-2.4534,-2.4534,-3.0667,-3.0667,-58.8808,-0.07376617,-13.4935,-12.3604,-47.8406,-48.9737,-0.05993501,-0.06135457,-0.00307359,3.6448,3.3245,-0.2801,-1.6141,-0.4009,21.0055,5.7632,4.5902,3.1006,2.2014,2.7616,5.5205,6.428,8.837,11.0463,2.2093,0.0,3.2,4.0,1.319821,25,94,32,1,0.46005423,-0.07683976,-0.17020089,0E-8,0.000000,0.912130,0.000000,0.17290835,2026-06-13,2026-08-06,38,153,140,55,0.690909,1.480416,1.259398,1.533514,,,,,,,,GLOBAL_BASELINE_NO_ENTITY_RANKING,,,NOT_APPLICABLE_GLOBAL_BASELINE,HF9g-P5,,,,X 全窗基线 · 不参与实体赏罚,3929658,393,A168_HF9F_20260827_0900,2026-08-27 09:00:00
2026-07-27,151437733,1087,0,5.5231530576,5.5231530576,5.5231530576,1.0000000,1,1,0.49324550000000000,0.493245500000,1.01360149184955,1.01360149184955,1.01360149184955,0E-17,ELIGIBLE,R03b_20260811_FULL_v1,L1_ELIGIBILITY,v2026-08-11,2026-03-21..2026-08-06,baccarat_bet02_101_all_pairs_incl_sentinel,round_win = game_pnl > 0 (decisive only),COMPATIBILITY_ONLY_NOT_PRODUCTION,798.2081,728.0697,-61.3341,219,219,0.07683976,0.17020089,-0.00270746,0.07683976,61.3341,798.2081,OK,0.0000,-2.4534,4.0000,96.0000,AG03-UNRESOLVED,ALL5_LEVELS_bet23_to_bet27,-2.4534,-2.4534,-2.4534,-3.0667,-3.0667,4.000000,4.000000,4.000000,5.000000,5.000000,96.000000,96.000000,96.000000,95.000000,95.000000,5.0,-13.4935,-12.3604,-47.8406,-48.9737,PENDING_AG03,FALSE,NOT_FOR_ENFORCEMENT,-58.8808,698.9469,-61.3341,-58.8808,-2.4534,-0.07683976,-0.07376617,-2.4534,-58.8808,-0.07376617,-2.4534,-2.4534,-2.4534,-3.0667,-3.0667,-58.8808,-0.07376617,-13.4935,-12.3604,-47.8406,-48.9737,-0.05993501,-0.06135457,-0.00307359,3.6448,3.3245,-0.2801,-1.6141,-0.4009,21.0055,5.7632,4.5902,3.1006,2.2014,2.7616,5.5205,6.428,8.837,11.0463,2.2093,0.0,3.2,4.0,1.319821,25,94,32,1,0.46005423,-0.07683976,-0.17020089,0E-8,0.000000,0.912130,0.000000,0.17290835,2026-06-13,2026-08-06,38,153,140,55,0.690909,1.480416,1.259398,1.533514,,,,,,,,GLOBAL_BASELINE_NO_ENTITY_RANKING,,,NOT_APPLICABLE_GLOBAL_BASELINE,HF9g-P5,,,,X 全窗基线 · 不参与实体赏罚,3929659,393,A168_HF9F_20260827_0900,2026-08-27 09:00:00
2026-07-27,151437733,1151,0,4.4185224461,4.4185224461,4.4185224461,1.0000000,1,1,0.49324550000000000,0.493245500000,1.01360149184955,1.01360149184955,1.01360149184955,0E-17,ELIGIBLE,R03b_20260811_FULL_v1,L1_ELIGIBILITY,v2026-08-11,2026-03-21..2026-08-06,baccarat_bet02_101_all_pairs_incl_sentinel,round_win = game_pnl > 0 (decisive only),COMPATIBILITY_ONLY_NOT_PRODUCTION,798.2081,728.0697,-61.3341,219,219,0.07683976,0.17020089,-0.00270746,0.07683976,61.3341,798.2081,OK,0.0000,-2.4534,4.0000,96.0000,AG03-UNRESOLVED,ALL5_LEVELS_bet23_to_bet27,-2.4534,-2.4534,-2.4534,-3.0667,-3.0667,4.000000,4.000000,4.000000,5.000000,5.000000,96.000000,96.000000,96.000000,95.000000,95.000000,5.0,-13.4935,-12.3604,-47.8406,-48.9737,PENDING_AG03,FALSE,NOT_FOR_ENFORCEMENT,-58.8808,698.9469,-61.3341,-58.8808,-2.4534,-0.07683976,-0.07376617,-2.4534,-58.8808,-0.07376617,-2.4534,-2.4534,-2.4534,-3.0667,-3.0667,-58.8808,-0.07376617,-13.4935,-12.3604,-47.8406,-48.9737,-0.05993501,-0.06135457,-0.00307359,3.6448,3.3245,-0.2801,-1.6141,-0.4009,21.0055,5.7632,4.5902,3.1006,2.2014,2.7616,5.5205,6.428,8.837,11.0463,2.2093,0.0,3.2,4.0,1.319821,25,94,32,1,0.46005423,-0.07683976,-0.17020089,0E-8,0.000000,0.912130,0.000000,0.17290835,2026-06-13,2026-08-06,38,153,140,55,0.690909,1.480416,1.259398,1.533514,,,,,,,,GLOBAL_BASELINE_NO_ENTITY_RANKING,,,NOT_APPLICABLE_GLOBAL_BASELINE,HF9g-P5,,,,X 全窗基线 · 不参与实体赏罚,3929660,393,A168_HF9F_20260827_0900,2026-08-27 09:00:00
2026-07-27,151437733,1957,0,2.2092612230,2.2092612230,2.2092612230,1.0000000,1,1,0.49324550000000000,0.493245500000,1.01360149184955,1.01360149184955,1.01360149184955,0E-17,ELIGIBLE,R03b_20260811_FULL_v1,L1_ELIGIBILITY,v2026-08-11,2026-03-21..2026-08-06,baccarat_bet02_101_all_pairs_incl_sentinel,round_win = game_pnl > 0 (decisive only),COMPATIBILITY_ONLY_NOT_PRODUCTION,798.2081,728.0697,-61.3341,219,219,0.07683976,0.17020089,-0.00270746,0.07683976,61.3341,798.2081,OK,0.0000,-2.4534,4.0000,96.0000,AG03-UNRESOLVED,ALL5_LEVELS_bet23_to_bet27,-2.4534,-2.4534,-2.4534,-3.0667,-3.0667,4.000000,4.000000,4.000000,5.000000,5.000000,96.000000,96.000000,96.000000,95.000000,95.000000,5.0,-13.4935,-12.3604,-47.8406,-48.9737,PENDING_AG03,FALSE,NOT_FOR_ENFORCEMENT,-58.8808,698.9469,-61.3341,-58.8808,-2.4534,-0.07683976,-0.07376617,-2.4534,-58.8808,-0.07376617,-2.4534,-2.4534,-2.4534,-3.0667,-3.0667,-58.8808,-0.07376617,-13.4935,-12.3604,-47.8406,-48.9737,-0.05993501,-0.06135457,-0.00307359,3.6448,3.3245,-0.2801,-1.6141,-0.4009,21.0055,5.7632,4.5902,3.1006,2.2014,2.7616,5.5205,6.428,8.837,11.0463,2.2093,0.0,3.2,4.0,1.319821,25,94,32,1,0.46005423,-0.07683976,-0.17020089,0E-8,0.000000,0.912130,0.000000,0.17290835,2026-06-13,2026-08-06,38,153,140,55,0.690909,1.480416,1.259398,1.533514,,,,,,,,GLOBAL_BASELINE_NO_ENTITY_RANKING,,,NOT_APPLICABLE_GLOBAL_BASELINE,HF9g-P5,,,,X 全窗基线 · 不参与实体赏罚,3929661,393,A168_HF9F_20260827_0900,2026-08-27 09:00:00
2026-07-27,151437733,2280,0,1.1046306115,-1.1046306115,-1.1046306115,0E-7,1,1,0.49324550000000000,0.493245500000,-0.9865810262130424,-0.9865810262130424,-0.9865810262130424,0E-17,ELIGIBLE,R03b_20260811_FULL_v1,L1_ELIGIBILITY,v2026-08-11,2026-03-21..2026-08-06,baccarat_bet02_101_all_pairs_incl_sentinel,round_win = game_pnl > 0 (decisive only),COMPATIBILITY_ONLY_NOT_PRODUCTION,798.2081,728.0697,-61.3341,219,219,0.07683976,0.17020089,-0.00270746,0.07683976,61.3341,798.2081,OK,0.0000,-2.4534,4.0000,96.0000,AG03-UNRESOLVED,ALL5_LEVELS_bet23_to_bet27,-2.4534,-2.4534,-2.4534,-3.0667,-3.0667,4.000000,4.000000,4.000000,5.000000,5.000000,96.000000,96.000000,96.000000,95.000000,95.000000,5.0,-13.4935,-12.3604,-47.8406,-48.9737,PENDING_AG03,FALSE,NOT_FOR_ENFORCEMENT,-58.8808,698.9469,-61.3341,-58.8808,-2.4534,-0.07683976,-0.07376617,-2.4534,-58.8808,-0.07376617,-2.4534,-2.4534,-2.4534,-3.0667,-3.0667,-58.8808,-0.07376617,-13.4935,-12.3604,-47.8406,-48.9737,-0.05993501,-0.06135457,-0.00307359,3.6448,3.3245,-0.2801,-1.6141,-0.4009,21.0055,5.7632,4.5902,3.1006,2.2014,2.7616,5.5205,6.428,8.837,11.0463,2.2093,0.0,3.2,4.0,1.319821,25,94,32,1,0.46005423,-0.07683976,-0.17020089,0E-8,0.000000,0.912130,0.000000,0.17290835,2026-06-13,2026-08-06,38,153,140,55,0.690909,1.480416,1.259398,1.533514,,,,,,,,GLOBAL_BASELINE_NO_ENTITY_RANKING,,,NOT_APPLICABLE_GLOBAL_BASELINE,HF9g-P5,,,,X 全窗基线 · 不参与实体赏罚,3929662,393,A168_HF9F_20260827_0900,2026-08-27 09:00:00
2026-07-30,151437733,1400,0,1.6569459173,-1.6569459173,-1.6569459173,0E-7,1,1,0.49324550000000000,0.493245500000,-0.9865810262130424,-0.9865810262130424,-0.9865810262130424,0E-17,ELIGIBLE,R03b_20260811_FULL_v1,L1_ELIGIBILITY,v2026-08-11,2026-03-21..2026-08-06,baccarat_bet02_101_all_pairs_incl_sentinel,round_win = game_pnl > 0 (decisive only),COMPATIBILITY_ONLY_NOT_PRODUCTION,798.2081,728.0697,-61.3341,219,219,0.07683976,0.17020089,-0.00270746,0.07683976,61.3341,798.2081,OK,0.0000,-2.4534,4.0000,96.0000,AG03-UNRESOLVED,ALL5_LEVELS_bet23_to_bet27,-2.4534,-2.4534,-2.4534,-3.0667,-3.0667,4.000000,4.000000,4.000000,5.000000,5.000000,96.000000,96.000000,96.000000,95.000000,95.000000,5.0,-13.4935,-12.3604,-47.8406,-48.9737,PENDING_AG03,FALSE,NOT_FOR_ENFORCEMENT,-58.8808,698.9469,-61.3341,-58.8808,-2.4534,-0.07683976,-0.07376617,-2.4534,-58.8808,-0.07376617,-2.4534,-2.4534,-2.4534,-3.0667,-3.0667,-58.8808,-0.07376617,-13.4935,-12.3604,-47.8406,-48.9737,-0.05993501,-0.06135457,-0.00307359,3.6448,3.3245,-0.2801,-1.6141,-0.4009,21.0055,5.7632,4.5902,3.1006,2.2014,2.7616,5.5205,6.428,8.837,11.0463,2.2093,0.0,3.2,4.0,1.319821,25,94,32,1,0.46005423,-0.07683976,-0.17020089,0E-8,0.000000,0.912130,0.000000,0.17290835,2026-06-13,2026-08-06,38,153,140,55,0.690909,1.480416,1.259398,1.533514,,,,,,,,GLOBAL_BASELINE_NO_ENTITY_RANKING,,,NOT_APPLICABLE_GLOBAL_BASELINE,HF9g-P5,,,,X 全窗基线 · 不参与实体赏罚,3929663,393,A168_HF9F_20260827_0900,2026-08-27 09:00:00
2026-07-30,151437733,2155,0,2.2092612230,2.2092612230,2.2092612230,1.0000000,1,1,0.49324550000000000,0.493245500000,1.01360149184955,1.01360149184955,1.01360149184955,0E-17,ELIGIBLE,R03b_20260811_FULL_v1,L1_ELIGIBILITY,v2026-08-11,2026-03-21..2026-08-06,baccarat_bet02_101_all_pairs_incl_sentinel,round_win = game_pnl > 0 (decisive only),COMPATIBILITY_ONLY_NOT_PRODUCTION,798.2081,728.0697,-61.3341,219,219,0.07683976,0.17020089,-0.00270746,0.07683976,61.3341,798.2081,OK,0.0000,-2.4534,4.0000,96.0000,AG03-UNRESOLVED,ALL5_LEVELS_bet23_to_bet27,-2.4534,-2.4534,-2.4534,-3.0667,-3.0667,4.000000,4.000000,4.000000,5.000000,5.000000,96.000000,96.000000,96.000000,95.000000,95.000000,5.0,-13.4935,-12.3604,-47.8406,-48.9737,PENDING_AG03,FALSE,NOT_FOR_ENFORCEMENT,-58.8808,698.9469,-61.3341,-58.8808,-2.4534,-0.07683976,-0.07376617,-2.4534,-58.8808,-0.07376617,-2.4534,-2.4534,-2.4534,-3.0667,-3.0667,-58.8808,-0.07376617,-13.4935,-12.3604,-47.8406,-48.9737,-0.05993501,-0.06135457,-0.00307359,3.6448,3.3245,-0.2801,-1.6141,-0.4009,21.0055,5.7632,4.5902,3.1006,2.2014,2.7616,5.5205,6.428,8.837,11.0463,2.2093,0.0,3.2,4.0,1.319821,25,94,32,1,0.46005423,-0.07683976,-0.17020089,0E-8,0.000000,0.912130,0.000000,0.17290835,2026-06-13,2026-08-06,38,153,140,55,0.690909,1.480416,1.259398,1.533514,,,,,,,,GLOBAL_BASELINE_NO_ENTITY_RANKING,,,NOT_APPLICABLE_GLOBAL_BASELINE,HF9g-P5,,,,X 全窗基线 · 不参与实体赏罚,3929664,393,A168_HF9F_20260827_0900,2026-08-27 09:00:00
2026-07-31,151437733,1935,0,1.6569459173,-1.6569459173,-1.6569459173,0E-7,1,1,0.49324550000000000,0.493245500000,-0.9865810262130424,-0.9865810262130424,-0.9865810262130424,0E-17,ELIGIBLE,R03b_20260811_FULL_v1,L1_ELIGIBILITY,v2026-08-11,2026-03-21..2026-08-06,baccarat_bet02_101_all_pairs_incl_sentinel,round_win = game_pnl > 0 (decisive only),COMPATIBILITY_ONLY_NOT_PRODUCTION,798.2081,728.0697,-61.3341,219,219,0.07683976,0.17020089,-0.00270746,0.07683976,61.3341,798.2081,OK,0.0000,-2.4534,4.0000,96.0000,AG03-UNRESOLVED,ALL5_LEVELS_bet23_to_bet27,-2.4534,-2.4534,-2.4534,-3.0667,-3.0667,4.000000,4.000000,4.000000,5.000000,5.000000,96.000000,96.000000,96.000000,95.000000,95.000000,5.0,-13.4935,-12.3604,-47.8406,-48.9737,PENDING_AG03,FALSE,NOT_FOR_ENFORCEMENT,-58.8808,698.9469,-61.3341,-58.8808,-2.4534,-0.07683976,-0.07376617,-2.4534,-58.8808,-0.07376617,-2.4534,-2.4534,-2.4534,-3.0667,-3.0667,-58.8808,-0.07376617,-13.4935,-12.3604,-47.8406,-48.9737,-0.05993501,-0.06135457,-0.00307359,3.6448,3.3245,-0.2801,-1.6141,-0.4009,21.0055,5.7632,4.5902,3.1006,2.2014,2.7616,5.5205,6.428,8.837,11.0463,2.2093,0.0,3.2,4.0,1.319821,25,94,32,1,0.46005423,-0.07683976,-0.17020089,0E-8,0.000000,0.912130,0.000000,0.17290835,2026-06-13,2026-08-06,38,153,140,55,0.690909,1.480416,1.259398,1.533514,,,,,,,,GLOBAL_BASELINE_NO_ENTITY_RANKING,,,NOT_APPLICABLE_GLOBAL_BASELINE,HF9g-P5,,,,X 全窗基线 · 不参与实体赏罚,3929665,393,A168_HF9F_20260827_0900,2026-08-27 09:00:00
2026-08-01,151437733,-1,1,2.2081879610,-2.2081879610,-2.2081879610,0E-7,1,1,0.49324550000000000,0.493245500000,-0.9865810262130424,-0.9865810262130424,-0.9865810262130424,0E-17,SENTINEL_DEALER,R03b_20260811_FULL_v1,L1_ELIGIBILITY,v2026-08-11,2026-03-21..2026-08-06,baccarat_bet02_101_all_pairs_incl_sentinel,round_win = game_pnl > 0 (decisive only),COMPATIBILITY_ONLY_NOT_PRODUCTION,798.2081,728.0697,-61.3341,219,219,0.07683976,0.17020089,-0.00270746,0.07683976,61.3341,798.2081,OK,0.0000,-2.4534,4.0000,96.0000,AG03-UNRESOLVED,ALL5_LEVELS_bet23_to_bet27,-2.4534,-2.4534,-2.4534,-3.0667,-3.0667,4.000000,4.000000,4.000000,5.000000,5.000000,96.000000,96.000000,96.000000,95.000000,95.000000,5.0,-13.4935,-12.3604,-47.8406,-48.9737,PENDING_AG03,FALSE,NOT_FOR_ENFORCEMENT,-58.8808,698.9469,-61.3341,-58.8808,-2.4534,-0.07683976,-0.07376617,-2.4534,-58.8808,-0.07376617,-2.4534,-2.4534,-2.4534,-3.0667,-3.0667,-58.8808,-0.07376617,-13.4935,-12.3604,-47.8406,-48.9737,-0.05993501,-0.06135457,-0.00307359,3.6448,3.3245,-0.2801,-1.6141,-0.4009,21.0055,5.7632,4.5902,3.1006,2.2014,2.7616,5.5205,6.428,8.837,11.0463,2.2093,0.0,3.2,4.0,1.319821,25,94,32,1,0.46005423,-0.07683976,-0.17020089,0E-8,0.000000,0.912130,0.000000,0.17290835,2026-06-13,2026-08-06,38,153,140,55,0.690909,1.480416,1.259398,1.533514,,,,,,,,GLOBAL_BASELINE_NO_ENTITY_RANKING,,,NOT_APPLICABLE_GLOBAL_BASELINE,HF9g-P5,,,,X 全窗基线 · 不参与实体赏罚,3929666,393,A168_HF9F_20260827_0900,2026-08-27 09:00:00
2026-08-01,151437733,1210,0,6.6245638830,-2.2081879610,-2.2081879610,0.3333333,3,3,0.49324550000000000,0.493245500000,-0.5540025479526107,-0.5540025479526106,-0.5540025479526107,0E-17,ELIGIBLE,R03b_20260811_FULL_v1,L1_ELIGIBILITY,v2026-08-11,2026-03-21..2026-08-06,baccarat_bet02_101_all_pairs_incl_sentinel,round_win = game_pnl > 0 (decisive only),COMPATIBILITY_ONLY_NOT_PRODUCTION,798.2081,728.0697,-61.3341,219,219,0.07683976,0.17020089,-0.00270746,0.07683976,61.3341,798.2081,OK,0.0000,-2.4534,4.0000,96.0000,AG03-UNRESOLVED,ALL5_LEVELS_bet23_to_bet27,-2.4534,-2.4534,-2.4534,-3.0667,-3.0667,4.000000,4.000000,4.000000,5.000000,5.000000,96.000000,96.000000,96.000000,95.000000,95.000000,5.0,-13.4935,-12.3604,-47.8406,-48.9737,PENDING_AG03,FALSE,NOT_FOR_ENFORCEMENT,-58.8808,698.9469,-61.3341,-58.8808,-2.4534,-0.07683976,-0.07376617,-2.4534,-58.8808,-0.07376617,-2.4534,-2.4534,-2.4534,-3.0667,-3.0667,-58.8808,-0.07376617,-13.4935,-12.3604,-47.8406,-48.9737,-0.05993501,-0.06135457,-0.00307359,3.6448,3.3245,-0.2801,-1.6141,-0.4009,21.0055,5.7632,4.5902,3.1006,2.2014,2.7616,5.5205,6.428,8.837,11.0463,2.2093,0.0,3.2,4.0,1.319821,25,94,32,1,0.46005423,-0.07683976,-0.17020089,0E-8,0.000000,0.912130,0.000000,0.17290835,2026-06-13,2026-08-06,38,153,140,55,0.690909,1.480416,1.259398,1.533514,,,,,,,,GLOBAL_BASELINE_NO_ENTITY_RANKING,,,NOT_APPLICABLE_GLOBAL_BASELINE,HF9g-P5,,,,X 全窗基线 · 不参与实体赏罚,3929667,393,A168_HF9F_20260827_0900,2026-08-27 09:00:00
2026-08-01,151437733,2233,0,3.3122819415,3.3122819415,3.3122819415,1.0000000,2,2,0.49324550000000000,0.493245500000,1.4334489766152358,1.4334489766152358,1.4334489766152358,0E-17,ELIGIBLE,R03b_20260811_FULL_v1,L1_ELIGIBILITY,v2026-08-11,2026-03-21..2026-08-06,baccarat_bet02_101_all_pairs_incl_sentinel,round_win = game_pnl > 0 (decisive only),COMPATIBILITY_ONLY_NOT_PRODUCTION,798.2081,728.0697,-61.3341,219,219,0.07683976,0.17020089,-0.00270746,0.07683976,61.3341,798.2081,OK,0.0000,-2.4534,4.0000,96.0000,AG03-UNRESOLVED,ALL5_LEVELS_bet23_to_bet27,-2.4534,-2.4534,-2.4534,-3.0667,-3.0667,4.000000,4.000000,4.000000,5.000000,5.000000,96.000000,96.000000,96.000000,95.000000,95.000000,5.0,-13.4935,-12.3604,-47.8406,-48.9737,PENDING_AG03,FALSE,NOT_FOR_ENFORCEMENT,-58.8808,698.9469,-61.3341,-58.8808,-2.4534,-0.07683976,-0.07376617,-2.4534,-58.8808,-0.07376617,-2.4534,-2.4534,-2.4534,-3.0667,-3.0667,-58.8808,-0.07376617,-13.4935,-12.3604,-47.8406,-48.9737,-0.05993501,-0.06135457,-0.00307359,3.6448,3.3245,-0.2801,-1.6141,-0.4009,21.0055,5.7632,4.5902,3.1006,2.2014,2.7616,5.5205,6.428,8.837,11.0463,2.2093,0.0,3.2,4.0,1.319821,25,94,32,1,0.46005423,-0.07683976,-0.17020089,0E-8,0.000000,0.912130,0.000000,0.17290835,2026-06-13,2026-08-06,38,153,140,55,0.690909,1.480416,1.259398,1.533514,,,,,,,,GLOBAL_BASELINE_NO_ENTITY_RANKING,,,NOT_APPLICABLE_GLOBAL_BASELINE,HF9g-P5,,,,X 全窗基线 · 不参与实体赏罚,3929668,393,A168_HF9F_20260827_0900,2026-08-27 09:00:00
2026-08-02,151437733,1157,0,9.9368458243,1.1040939805,1.1040939805,0.6666667,3,3,0.49324550000000000,0.493245500000,0.6008033672792107,0.6008033672792106,0.6008033672792107,0E-17,ELIGIBLE,R03b_20260811_FULL_v1,L1_ELIGIBILITY,v2026-08-11,2026-03-21..2026-08-06,baccarat_bet02_101_all_pairs_incl_sentinel,round_win = game_pnl > 0 (decisive only),COMPATIBILITY_ONLY_NOT_PRODUCTION,798.2081,728.0697,-61.3341,219,219,0.07683976,0.17020089,-0.00270746,0.07683976,61.3341,798.2081,OK,0.0000,-2.4534,4.0000,96.0000,AG03-UNRESOLVED,ALL5_LEVELS_bet23_to_bet27,-2.4534,-2.4534,-2.4534,-3.0667,-3.0667,4.000000,4.000000,4.000000,5.000000,5.000000,96.000000,96.000000,96.000000,95.000000,95.000000,5.0,-13.4935,-12.3604,-47.8406,-48.9737,PENDING_AG03,FALSE,NOT_FOR_ENFORCEMENT,-58.8808,698.9469,-61.3341,-58.8808,-2.4534,-0.07683976,-0.07376617,-2.4534,-58.8808,-0.07376617,-2.4534,-2.4534,-2.4534,-3.0667,-3.0667,-58.8808,-0.07376617,-13.4935,-12.3604,-47.8406,-48.9737,-0.05993501,-0.06135457,-0.00307359,3.6448,3.3245,-0.2801,-1.6141,-0.4009,21.0055,5.7632,4.5902,3.1006,2.2014,2.7616,5.5205,6.428,8.837,11.0463,2.2093,0.0,3.2,4.0,1.319821,25,94,32,1,0.46005423,-0.07683976,-0.17020089,0E-8,0.000000,0.912130,0.000000,0.17290835,2026-06-13,2026-08-06,38,153,140,55,0.690909,1.480416,1.259398,1.533514,,,,,,,,GLOBAL_BASELINE_NO_ENTITY_RANKING,,,NOT_APPLICABLE_GLOBAL_BASELINE,HF9g-P5,,,,X 全窗基线 · 不参与实体赏罚,3929669,393,A168_HF9F_20260827_0900,2026-08-27 09:00:00
2026-08-02,151437733,1490,0,5.5204699024,-5.5204699024,-5.5204699024,0E-7,1,1,0.49324550000000000,0.493245500000,-0.9865810262130424,-0.9865810262130424,-0.9865810262130424,0E-17,ELIGIBLE,R03b_20260811_FULL_v1,L1_ELIGIBILITY,v2026-08-11,2026-03-21..2026-08-06,baccarat_bet02_101_all_pairs_incl_sentinel,round_win = game_pnl > 0 (decisive only),COMPATIBILITY_ONLY_NOT_PRODUCTION,798.2081,728.0697,-61.3341,219,219,0.07683976,0.17020089,-0.00270746,0.07683976,61.3341,798.2081,OK,0.0000,-2.4534,4.0000,96.0000,AG03-UNRESOLVED,ALL5_LEVELS_bet23_to_bet27,-2.4534,-2.4534,-2.4534,-3.0667,-3.0667,4.000000,4.000000,4.000000,5.000000,5.000000,96.000000,96.000000,96.000000,95.000000,95.000000,5.0,-13.4935,-12.3604,-47.8406,-48.9737,PENDING_AG03,FALSE,NOT_FOR_ENFORCEMENT,-58.8808,698.9469,-61.3341,-58.8808,-2.4534,-0.07683976,-0.07376617,-2.4534,-58.8808,-0.07376617,-2.4534,-2.4534,-2.4534,-3.0667,-3.0667,-58.8808,-0.07376617,-13.4935,-12.3604,-47.8406,-48.9737,-0.05993501,-0.06135457,-0.00307359,3.6448,3.3245,-0.2801,-1.6141,-0.4009,21.0055,5.7632,4.5902,3.1006,2.2014,2.7616,5.5205,6.428,8.837,11.0463,2.2093,0.0,3.2,4.0,1.319821,25,94,32,1,0.46005423,-0.07683976,-0.17020089,0E-8,0.000000,0.912130,0.000000,0.17290835,2026-06-13,2026-08-06,38,153,140,55,0.690909,1.480416,1.259398,1.533514,,,,,,,,GLOBAL_BASELINE_NO_ENTITY_RANKING,,,NOT_APPLICABLE_GLOBAL_BASELINE,HF9g-P5,,,,X 全窗基线 · 不参与实体赏罚,3929670,393,A168_HF9F_20260827_0900,2026-08-27 09:00:00
2026-08-02,151437733,1508,0,16.5614097072,5.5204699024,5.5204699024,0.5000000,2,2,0.49324550000000000,0.493245500000,0.01910635448239258,0.01910635448239258,0.01910635448239258,0E-17,ELIGIBLE,R03b_20260811_FULL_v1,L1_ELIGIBILITY,v2026-08-11,2026-03-21..2026-08-06,baccarat_bet02_101_all_pairs_incl_sentinel,round_win = game_pnl > 0 (decisive only),COMPATIBILITY_ONLY_NOT_PRODUCTION,798.2081,728.0697,-61.3341,219,219,0.07683976,0.17020089,-0.00270746,0.07683976,61.3341,798.2081,OK,0.0000,-2.4534,4.0000,96.0000,AG03-UNRESOLVED,ALL5_LEVELS_bet23_to_bet27,-2.4534,-2.4534,-2.4534,-3.0667,-3.0667,4.000000,4.000000,4.000000,5.000000,5.000000,96.000000,96.000000,96.000000,95.000000,95.000000,5.0,-13.4935,-12.3604,-47.8406,-48.9737,PENDING_AG03,FALSE,NOT_FOR_ENFORCEMENT,-58.8808,698.9469,-61.3341,-58.8808,-2.4534,-0.07683976,-0.07376617,-2.4534,-58.8808,-0.07376617,-2.4534,-2.4534,-2.4534,-3.0667,-3.0667,-58.8808,-0.07376617,-13.4935,-12.3604,-47.8406,-48.9737,-0.05993501,-0.06135457,-0.00307359,3.6448,3.3245,-0.2801,-1.6141,-0.4009,21.0055,5.7632,4.5902,3.1006,2.2014,2.7616,5.5205,6.428,8.837,11.0463,2.2093,0.0,3.2,4.0,1.319821,25,94,32,1,0.46005423,-0.07683976,-0.17020089,0E-8,0.000000,0.912130,0.000000,0.17290835,2026-06-13,2026-08-06,38,153,140,55,0.690909,1.480416,1.259398,1.533514,,,,,,,,GLOBAL_BASELINE_NO_ENTITY_RANKING,,,NOT_APPLICABLE_GLOBAL_BASELINE,HF9g-P5,,,,X 全窗基线 · 不参与实体赏罚,3929671,393,A168_HF9F_20260827_0900,2026-08-27 09:00:00
2026-08-02,151437733,1951,0,5.5204699024,5.5204699024,5.5204699024,1.0000000,1,1,0.49324550000000000,0.493245500000,1.01360149184955,1.01360149184955,1.01360149184955,0E-17,ELIGIBLE,R03b_20260811_FULL_v1,L1_ELIGIBILITY,v2026-08-11,2026-03-21..2026-08-06,baccarat_bet02_101_all_pairs_incl_sentinel,round_win = game_pnl > 0 (decisive only),COMPATIBILITY_ONLY_NOT_PRODUCTION,798.2081,728.0697,-61.3341,219,219,0.07683976,0.17020089,-0.00270746,0.07683976,61.3341,798.2081,OK,0.0000,-2.4534,4.0000,96.0000,AG03-UNRESOLVED,ALL5_LEVELS_bet23_to_bet27,-2.4534,-2.4534,-2.4534,-3.0667,-3.0667,4.000000,4.000000,4.000000,5.000000,5.000000,96.000000,96.000000,96.000000,95.000000,95.000000,5.0,-13.4935,-12.3604,-47.8406,-48.9737,PENDING_AG03,FALSE,NOT_FOR_ENFORCEMENT,-58.8808,698.9469,-61.3341,-58.8808,-2.4534,-0.07683976,-0.07376617,-2.4534,-58.8808,-0.07376617,-2.4534,-2.4534,-2.4534,-3.0667,-3.0667,-58.8808,-0.07376617,-13.4935,-12.3604,-47.8406,-48.9737,-0.05993501,-0.06135457,-0.00307359,3.6448,3.3245,-0.2801,-1.6141,-0.4009,21.0055,5.7632,4.5902,3.1006,2.2014,2.7616,5.5205,6.428,8.837,11.0463,2.2093,0.0,3.2,4.0,1.319821,25,94,32,1,0.46005423,-0.07683976,-0.17020089,0E-8,0.000000,0.912130,0.000000,0.17290835,2026-06-13,2026-08-06,38,153,140,55,0.690909,1.480416,1.259398,1.533514,,,,,,,,GLOBAL_BASELINE_NO_ENTITY_RANKING,,,NOT_APPLICABLE_GLOBAL_BASELINE,HF9g-P5,,,,X 全窗基线 · 不参与实体赏罚,3929672,393,A168_HF9F_20260827_0900,2026-08-27 09:00:00
2026-08-02,151437733,2093,0,5.5204699024,5.5204699024,5.5204699024,1.0000000,1,1,0.49324550000000000,0.493245500000,1.01360149184955,1.01360149184955,1.01360149184955,0E-17,ELIGIBLE,R03b_20260811_FULL_v1,L1_ELIGIBILITY,v2026-08-11,2026-03-21..2026-08-06,baccarat_bet02_101_all_pairs_incl_sentinel,round_win = game_pnl > 0 (decisive only),COMPATIBILITY_ONLY_NOT_PRODUCTION,798.2081,728.0697,-61.3341,219,219,0.07683976,0.17020089,-0.00270746,0.07683976,61.3341,798.2081,OK,0.0000,-2.4534,4.0000,96.0000,AG03-UNRESOLVED,ALL5_LEVELS_bet23_to_bet27,-2.4534,-2.4534,-2.4534,-3.0667,-3.0667,4.000000,4.000000,4.000000,5.000000,5.000000,96.000000,96.000000,96.000000,95.000000,95.000000,5.0,-13.4935,-12.3604,-47.8406,-48.9737,PENDING_AG03,FALSE,NOT_FOR_ENFORCEMENT,-58.8808,698.9469,-61.3341,-58.8808,-2.4534,-0.07683976,-0.07376617,-2.4534,-58.8808,-0.07376617,-2.4534,-2.4534,-2.4534,-3.0667,-3.0667,-58.8808,-0.07376617,-13.4935,-12.3604,-47.8406,-48.9737,-0.05993501,-0.06135457,-0.00307359,3.6448,3.3245,-0.2801,-1.6141,-0.4009,21.0055,5.7632,4.5902,3.1006,2.2014,2.7616,5.5205,6.428,8.837,11.0463,2.2093,0.0,3.2,4.0,1.319821,25,94,32,1,0.46005423,-0.07683976,-0.17020089,0E-8,0.000000,0.912130,0.000000,0.17290835,2026-06-13,2026-08-06,38,153,140,55,0.690909,1.480416,1.259398,1.533514,,,,,,,,GLOBAL_BASELINE_NO_ENTITY_RANKING,,,NOT_APPLICABLE_GLOBAL_BASELINE,HF9g-P5,,,,X 全窗基线 · 不参与实体赏罚,3929673,393,A168_HF9F_20260827_0900,2026-08-27 09:00:00
2026-08-02,151437733,2141,0,4.4163759219,4.4163759219,4.4163759219,1.0000000,1,1,0.49324550000000000,0.493245500000,1.01360149184955,1.01360149184955,1.01360149184955,0E-17,ELIGIBLE,R03b_20260811_FULL_v1,L1_ELIGIBILITY,v2026-08-11,2026-03-21..2026-08-06,baccarat_bet02_101_all_pairs_incl_sentinel,round_win = game_pnl > 0 (decisive only),COMPATIBILITY_ONLY_NOT_PRODUCTION,798.2081,728.0697,-61.3341,219,219,0.07683976,0.17020089,-0.00270746,0.07683976,61.3341,798.2081,OK,0.0000,-2.4534,4.0000,96.0000,AG03-UNRESOLVED,ALL5_LEVELS_bet23_to_bet27,-2.4534,-2.4534,-2.4534,-3.0667,-3.0667,4.000000,4.000000,4.000000,5.000000,5.000000,96.000000,96.000000,96.000000,95.000000,95.000000,5.0,-13.4935,-12.3604,-47.8406,-48.9737,PENDING_AG03,FALSE,NOT_FOR_ENFORCEMENT,-58.8808,698.9469,-61.3341,-58.8808,-2.4534,-0.07683976,-0.07376617,-2.4534,-58.8808,-0.07376617,-2.4534,-2.4534,-2.4534,-3.0667,-3.0667,-58.8808,-0.07376617,-13.4935,-12.3604,-47.8406,-48.9737,-0.05993501,-0.06135457,-0.00307359,3.6448,3.3245,-0.2801,-1.6141,-0.4009,21.0055,5.7632,4.5902,3.1006,2.2014,2.7616,5.5205,6.428,8.837,11.0463,2.2093,0.0,3.2,4.0,1.319821,25,94,32,1,0.46005423,-0.07683976,-0.17020089,0E-8,0.000000,0.912130,0.000000,0.17290835,2026-06-13,2026-08-06,38,153,140,55,0.690909,1.480416,1.259398,1.533514,,,,,,,,GLOBAL_BASELINE_NO_ENTITY_RANKING,,,NOT_APPLICABLE_GLOBAL_BASELINE,HF9g-P5,,,,X 全窗基线 · 不参与实体赏罚,3929674,393,A168_HF9F_20260827_0900,2026-08-27 09:00:00
2026-08-02,151437733,2205,0,2.2081879610,2.2081879610,2.2081879610,1.0000000,1,1,0.49324550000000000,0.493245500000,1.01360149184955,1.01360149184955,1.01360149184955,0E-17,ELIGIBLE,R03b_20260811_FULL_v1,L1_ELIGIBILITY,v2026-08-11,2026-03-21..2026-08-06,baccarat_bet02_101_all_pairs_incl_sentinel,round_win = game_pnl > 0 (decisive only),COMPATIBILITY_ONLY_NOT_PRODUCTION,798.2081,728.0697,-61.3341,219,219,0.07683976,0.17020089,-0.00270746,0.07683976,61.3341,798.2081,OK,0.0000,-2.4534,4.0000,96.0000,AG03-UNRESOLVED,ALL5_LEVELS_bet23_to_bet27,-2.4534,-2.4534,-2.4534,-3.0667,-3.0667,4.000000,4.000000,4.000000,5.000000,5.000000,96.000000,96.000000,96.000000,95.000000,95.000000,5.0,-13.4935,-12.3604,-47.8406,-48.9737,PENDING_AG03,FALSE,NOT_FOR_ENFORCEMENT,-58.8808,698.9469,-61.3341,-58.8808,-2.4534,-0.07683976,-0.07376617,-2.4534,-58.8808,-0.07376617,-2.4534,-2.4534,-2.4534,-3.0667,-3.0667,-58.8808,-0.07376617,-13.4935,-12.3604,-47.8406,-48.9737,-0.05993501,-0.06135457,-0.00307359,3.6448,3.3245,-0.2801,-1.6141,-0.4009,21.0055,5.7632,4.5902,3.1006,2.2014,2.7616,5.5205,6.428,8.837,11.0463,2.2093,0.0,3.2,4.0,1.319821,25,94,32,1,0.46005423,-0.07683976,-0.17020089,0E-8,0.000000,0.912130,0.000000,0.17290835,2026-06-13,2026-08-06,38,153,140,55,0.690909,1.480416,1.259398,1.533514,,,,,,,,GLOBAL_BASELINE_NO_ENTITY_RANKING,,,NOT_APPLICABLE_GLOBAL_BASELINE,HF9g-P5,,,,X 全窗基线 · 不参与实体赏罚,3929675,393,A168_HF9F_20260827_0900,2026-08-27 09:00:00
2026-08-02,151437733,2234,0,5.5204699024,5.5204699024,5.5204699024,1.0000000,1,1,0.49324550000000000,0.493245500000,1.01360149184955,1.01360149184955,1.01360149184955,0E-17,ELIGIBLE,R03b_20260811_FULL_v1,L1_ELIGIBILITY,v2026-08-11,2026-03-21..2026-08-06,baccarat_bet02_101_all_pairs_incl_sentinel,round_win = game_pnl > 0 (decisive only),COMPATIBILITY_ONLY_NOT_PRODUCTION,798.2081,728.0697,-61.3341,219,219,0.07683976,0.17020089,-0.00270746,0.07683976,61.3341,798.2081,OK,0.0000,-2.4534,4.0000,96.0000,AG03-UNRESOLVED,ALL5_LEVELS_bet23_to_bet27,-2.4534,-2.4534,-2.4534,-3.0667,-3.0667,4.000000,4.000000,4.000000,5.000000,5.000000,96.000000,96.000000,96.000000,95.000000,95.000000,5.0,-13.4935,-12.3604,-47.8406,-48.9737,PENDING_AG03,FALSE,NOT_FOR_ENFORCEMENT,-58.8808,698.9469,-61.3341,-58.8808,-2.4534,-0.07683976,-0.07376617,-2.4534,-58.8808,-0.07376617,-2.4534,-2.4534,-2.4534,-3.0667,-3.0667,-58.8808,-0.07376617,-13.4935,-12.3604,-47.8406,-48.9737,-0.05993501,-0.06135457,-0.00307359,3.6448,3.3245,-0.2801,-1.6141,-0.4009,21.0055,5.7632,4.5902,3.1006,2.2014,2.7616,5.5205,6.428,8.837,11.0463,2.2093,0.0,3.2,4.0,1.319821,25,94,32,1,0.46005423,-0.07683976,-0.17020089,0E-8,0.000000,0.912130,0.000000,0.17290835,2026-06-13,2026-08-06,38,153,140,55,0.690909,1.480416,1.259398,1.533514,,,,,,,,GLOBAL_BASELINE_NO_ENTITY_RANKING,,,NOT_APPLICABLE_GLOBAL_BASELINE,HF9g-P5,,,,X 全窗基线 · 不参与实体赏罚,3929676,393,A168_HF9F_20260827_0900,2026-08-27 09:00:00
2026-08-02,151437733,2251,0,22.0818796096,11.0409398048,11.0409398048,1.0000000,2,2,0.49324550000000000,0.493245500000,1.01360149184955,1.01360149184955,1.01360149184955,0E-17,ELIGIBLE,R03b_20260811_FULL_v1,L1_ELIGIBILITY,v2026-08-11,2026-03-21..2026-08-06,baccarat_bet02_101_all_pairs_incl_sentinel,round_win = game_pnl > 0 (decisive only),COMPATIBILITY_ONLY_NOT_PRODUCTION,798.2081,728.0697,-61.3341,219,219,0.07683976,0.17020089,-0.00270746,0.07683976,61.3341,798.2081,OK,0.0000,-2.4534,4.0000,96.0000,AG03-UNRESOLVED,ALL5_LEVELS_bet23_to_bet27,-2.4534,-2.4534,-2.4534,-3.0667,-3.0667,4.000000,4.000000,4.000000,5.000000,5.000000,96.000000,96.000000,96.000000,95.000000,95.000000,5.0,-13.4935,-12.3604,-47.8406,-48.9737,PENDING_AG03,FALSE,NOT_FOR_ENFORCEMENT,-58.8808,698.9469,-61.3341,-58.8808,-2.4534,-0.07683976,-0.07376617,-2.4534,-58.8808,-0.07376617,-2.4534,-2.4534,-2.4534,-3.0667,-3.0667,-58.8808,-0.07376617,-13.4935,-12.3604,-47.8406,-48.9737,-0.05993501,-0.06135457,-0.00307359,3.6448,3.3245,-0.2801,-1.6141,-0.4009,21.0055,5.7632,4.5902,3.1006,2.2014,2.7616,5.5205,6.428,8.837,11.0463,2.2093,0.0,3.2,4.0,1.319821,25,94,32,1,0.46005423,-0.07683976,-0.17020089,0E-8,0.000000,0.912130,0.000000,0.17290835,2026-06-13,2026-08-06,38,153,140,55,0.690909,1.480416,1.259398,1.533514,,,,,,,,GLOBAL_BASELINE_NO_ENTITY_RANKING,,,NOT_APPLICABLE_GLOBAL_BASELINE,HF9g-P5,,,,X 全窗基线 · 不参与实体赏罚,3929677,393,A168_HF9F_20260827_0900,2026-08-27 09:00:00
2026-08-02,151437733,2258,0,3.3122819414,0E-10,0E-10,,1,1,0.49324550000000000,0.493245500000,,,,0E-17,NO_DECISIVE_ROUND,R03b_20260811_FULL_v1,L1_ELIGIBILITY,v2026-08-11,2026-03-21..2026-08-06,baccarat_bet02_101_all_pairs_incl_sentinel,round_win = game_pnl > 0 (decisive only),COMPATIBILITY_ONLY_NOT_PRODUCTION,798.2081,728.0697,-61.3341,219,219,0.07683976,0.17020089,-0.00270746,0.07683976,61.3341,798.2081,OK,0.0000,-2.4534,4.0000,96.0000,AG03-UNRESOLVED,ALL5_LEVELS_bet23_to_bet27,-2.4534,-2.4534,-2.4534,-3.0667,-3.0667,4.000000,4.000000,4.000000,5.000000,5.000000,96.000000,96.000000,96.000000,95.000000,95.000000,5.0,-13.4935,-12.3604,-47.8406,-48.9737,PENDING_AG03,FALSE,NOT_FOR_ENFORCEMENT,-58.8808,698.9469,-61.3341,-58.8808,-2.4534,-0.07683976,-0.07376617,-2.4534,-58.8808,-0.07376617,-2.4534,-2.4534,-2.4534,-3.0667,-3.0667,-58.8808,-0.07376617,-13.4935,-12.3604,-47.8406,-48.9737,-0.05993501,-0.06135457,-0.00307359,3.6448,3.3245,-0.2801,-1.6141,-0.4009,21.0055,5.7632,4.5902,3.1006,2.2014,2.7616,5.5205,6.428,8.837,11.0463,2.2093,0.0,3.2,4.0,1.319821,25,94,32,1,0.46005423,-0.07683976,-0.17020089,0E-8,0.000000,0.912130,0.000000,0.17290835,2026-06-13,2026-08-06,38,153,140,55,0.690909,1.480416,1.259398,1.533514,,,,,,,,GLOBAL_BASELINE_NO_ENTITY_RANKING,,,NOT_APPLICABLE_GLOBAL_BASELINE,HF9g-P5,,,,X 全窗基线 · 不参与实体赏罚,3929678,393,A168_HF9F_20260827_0900,2026-08-27 09:00:00
2026-08-02,151437733,2288,0,5.5204699024,5.5204699024,5.5204699024,1.0000000,1,1,0.49324550000000000,0.493245500000,1.01360149184955,1.01360149184955,1.01360149184955,0E-17,ELIGIBLE,R03b_20260811_FULL_v1,L1_ELIGIBILITY,v2026-08-11,2026-03-21..2026-08-06,baccarat_bet02_101_all_pairs_incl_sentinel,round_win = game_pnl > 0 (decisive only),COMPATIBILITY_ONLY_NOT_PRODUCTION,798.2081,728.0697,-61.3341,219,219,0.07683976,0.17020089,-0.00270746,0.07683976,61.3341,798.2081,OK,0.0000,-2.4534,4.0000,96.0000,AG03-UNRESOLVED,ALL5_LEVELS_bet23_to_bet27,-2.4534,-2.4534,-2.4534,-3.0667,-3.0667,4.000000,4.000000,4.000000,5.000000,5.000000,96.000000,96.000000,96.000000,95.000000,95.000000,5.0,-13.4935,-12.3604,-47.8406,-48.9737,PENDING_AG03,FALSE,NOT_FOR_ENFORCEMENT,-58.8808,698.9469,-61.3341,-58.8808,-2.4534,-0.07683976,-0.07376617,-2.4534,-58.8808,-0.07376617,-2.4534,-2.4534,-2.4534,-3.0667,-3.0667,-58.8808,-0.07376617,-13.4935,-12.3604,-47.8406,-48.9737,-0.05993501,-0.06135457,-0.00307359,3.6448,3.3245,-0.2801,-1.6141,-0.4009,21.0055,5.7632,4.5902,3.1006,2.2014,2.7616,5.5205,6.428,8.837,11.0463,2.2093,0.0,3.2,4.0,1.319821,25,94,32,1,0.46005423,-0.07683976,-0.17020089,0E-8,0.000000,0.912130,0.000000,0.17290835,2026-06-13,2026-08-06,38,153,140,55,0.690909,1.480416,1.259398,1.533514,,,,,,,,GLOBAL_BASELINE_NO_ENTITY_RANKING,,,NOT_APPLICABLE_GLOBAL_BASELINE,HF9g-P5,,,,X 全窗基线 · 不参与实体赏罚,3929679,393,A168_HF9F_20260827_0900,2026-08-27 09:00:00
2026-08-02,151437733,994,0,5.5204699024,0E-10,0E-10,,1,1,0.49324550000000000,0.493245500000,,,,0E-17,NO_DECISIVE_ROUND,R03b_20260811_FULL_v1,L1_ELIGIBILITY,v2026-08-11,2026-03-21..2026-08-06,baccarat_bet02_101_all_pairs_incl_sentinel,round_win = game_pnl > 0 (decisive only),COMPATIBILITY_ONLY_NOT_PRODUCTION,798.2081,728.0697,-61.3341,219,219,0.07683976,0.17020089,-0.00270746,0.07683976,61.3341,798.2081,OK,0.0000,-2.4534,4.0000,96.0000,AG03-UNRESOLVED,ALL5_LEVELS_bet23_to_bet27,-2.4534,-2.4534,-2.4534,-3.0667,-3.0667,4.000000,4.000000,4.000000,5.000000,5.000000,96.000000,96.000000,96.000000,95.000000,95.000000,5.0,-13.4935,-12.3604,-47.8406,-48.9737,PENDING_AG03,FALSE,NOT_FOR_ENFORCEMENT,-58.8808,698.9469,-61.3341,-58.8808,-2.4534,-0.07683976,-0.07376617,-2.4534,-58.8808,-0.07376617,-2.4534,-2.4534,-2.4534,-3.0667,-3.0667,-58.8808,-0.07376617,-13.4935,-12.3604,-47.8406,-48.9737,-0.05993501,-0.06135457,-0.00307359,3.6448,3.3245,-0.2801,-1.6141,-0.4009,21.0055,5.7632,4.5902,3.1006,2.2014,2.7616,5.5205,6.428,8.837,11.0463,2.2093,0.0,3.2,4.0,1.319821,25,94,32,1,0.46005423,-0.07683976,-0.17020089,0E-8,0.000000,0.912130,0.000000,0.17290835,2026-06-13,2026-08-06,38,153,140,55,0.690909,1.480416,1.259398,1.533514,,,,,,,,GLOBAL_BASELINE_NO_ENTITY_RANKING,,,NOT_APPLICABLE_GLOBAL_BASELINE,HF9g-P5,,,,X 全窗基线 · 不参与实体赏罚,3929680,393,A168_HF9F_20260827_0900,2026-08-27 09:00:00
2026-08-03,151437733,1401,0,1.6561409707,-1.6561409707,-1.6561409707,0E-7,1,1,0.49324550000000000,0.493245500000,-0.9865810262130424,-0.9865810262130424,-0.9865810262130424,0E-17,ELIGIBLE,R03b_20260811_FULL_v1,L1_ELIGIBILITY,v2026-08-11,2026-03-21..2026-08-06,baccarat_bet02_101_all_pairs_incl_sentinel,round_win = game_pnl > 0 (decisive only),COMPATIBILITY_ONLY_NOT_PRODUCTION,798.2081,728.0697,-61.3341,219,219,0.07683976,0.17020089,-0.00270746,0.07683976,61.3341,798.2081,OK,0.0000,-2.4534,4.0000,96.0000,AG03-UNRESOLVED,ALL5_LEVELS_bet23_to_bet27,-2.4534,-2.4534,-2.4534,-3.0667,-3.0667,4.000000,4.000000,4.000000,5.000000,5.000000,96.000000,96.000000,96.000000,95.000000,95.000000,5.0,-13.4935,-12.3604,-47.8406,-48.9737,PENDING_AG03,FALSE,NOT_FOR_ENFORCEMENT,-58.8808,698.9469,-61.3341,-58.8808,-2.4534,-0.07683976,-0.07376617,-2.4534,-58.8808,-0.07376617,-2.4534,-2.4534,-2.4534,-3.0667,-3.0667,-58.8808,-0.07376617,-13.4935,-12.3604,-47.8406,-48.9737,-0.05993501,-0.06135457,-0.00307359,3.6448,3.3245,-0.2801,-1.6141,-0.4009,21.0055,5.7632,4.5902,3.1006,2.2014,2.7616,5.5205,6.428,8.837,11.0463,2.2093,0.0,3.2,4.0,1.319821,25,94,32,1,0.46005423,-0.07683976,-0.17020089,0E-8,0.000000,0.912130,0.000000,0.17290835,2026-06-13,2026-08-06,38,153,140,55,0.690909,1.480416,1.259398,1.533514,,,,,,,,GLOBAL_BASELINE_NO_ENTITY_RANKING,,,NOT_APPLICABLE_GLOBAL_BASELINE,HF9g-P5,,,,X 全窗基线 · 不参与实体赏罚,3929681,393,A168_HF9F_20260827_0900,2026-08-27 09:00:00
2026-08-03,151437733,2229,0,11.0409398048,5.5204699024,5.5204699024,1.0000000,2,2,0.49324550000000000,0.493245500000,1.01360149184955,1.01360149184955,1.01360149184955,0E-17,ELIGIBLE,R03b_20260811_FULL_v1,L1_ELIGIBILITY,v2026-08-11,2026-03-21..2026-08-06,baccarat_bet02_101_all_pairs_incl_sentinel,round_win = game_pnl > 0 (decisive only),COMPATIBILITY_ONLY_NOT_PRODUCTION,798.2081,728.0697,-61.3341,219,219,0.07683976,0.17020089,-0.00270746,0.07683976,61.3341,798.2081,OK,0.0000,-2.4534,4.0000,96.0000,AG03-UNRESOLVED,ALL5_LEVELS_bet23_to_bet27,-2.4534,-2.4534,-2.4534,-3.0667,-3.0667,4.000000,4.000000,4.000000,5.000000,5.000000,96.000000,96.000000,96.000000,95.000000,95.000000,5.0,-13.4935,-12.3604,-47.8406,-48.9737,PENDING_AG03,FALSE,NOT_FOR_ENFORCEMENT,-58.8808,698.9469,-61.3341,-58.8808,-2.4534,-0.07683976,-0.07376617,-2.4534,-58.8808,-0.07376617,-2.4534,-2.4534,-2.4534,-3.0667,-3.0667,-58.8808,-0.07376617,-13.4935,-12.3604,-47.8406,-48.9737,-0.05993501,-0.06135457,-0.00307359,3.6448,3.3245,-0.2801,-1.6141,-0.4009,21.0055,5.7632,4.5902,3.1006,2.2014,2.7616,5.5205,6.428,8.837,11.0463,2.2093,0.0,3.2,4.0,1.319821,25,94,32,1,0.46005423,-0.07683976,-0.17020089,0E-8,0.000000,0.912130,0.000000,0.17290835,2026-06-13,2026-08-06,38,153,140,55,0.690909,1.480416,1.259398,1.533514,,,,,,,,GLOBAL_BASELINE_NO_ENTITY_RANKING,,,NOT_APPLICABLE_GLOBAL_BASELINE,HF9g-P5,,,,X 全窗基线 · 不参与实体赏罚,3929682,393,A168_HF9F_20260827_0900,2026-08-27 09:00:00
2026-08-04,151437733,-1,1,2.4290067571,-2.4290067571,-2.4290067571,0E-7,1,1,0.49324550000000000,0.493245500000,-0.9865810262130424,-0.9865810262130424,-0.9865810262130424,0E-17,SENTINEL_DEALER,R03b_20260811_FULL_v1,L1_ELIGIBILITY,v2026-08-11,2026-03-21..2026-08-06,baccarat_bet02_101_all_pairs_incl_sentinel,round_win = game_pnl > 0 (decisive only),COMPATIBILITY_ONLY_NOT_PRODUCTION,798.2081,728.0697,-61.3341,219,219,0.07683976,0.17020089,-0.00270746,0.07683976,61.3341,798.2081,OK,0.0000,-2.4534,4.0000,96.0000,AG03-UNRESOLVED,ALL5_LEVELS_bet23_to_bet27,-2.4534,-2.4534,-2.4534,-3.0667,-3.0667,4.000000,4.000000,4.000000,5.000000,5.000000,96.000000,96.000000,96.000000,95.000000,95.000000,5.0,-13.4935,-12.3604,-47.8406,-48.9737,PENDING_AG03,FALSE,NOT_FOR_ENFORCEMENT,-58.8808,698.9469,-61.3341,-58.8808,-2.4534,-0.07683976,-0.07376617,-2.4534,-58.8808,-0.07376617,-2.4534,-2.4534,-2.4534,-3.0667,-3.0667,-58.8808,-0.07376617,-13.4935,-12.3604,-47.8406,-48.9737,-0.05993501,-0.06135457,-0.00307359,3.6448,3.3245,-0.2801,-1.6141,-0.4009,21.0055,5.7632,4.5902,3.1006,2.2014,2.7616,5.5205,6.428,8.837,11.0463,2.2093,0.0,3.2,4.0,1.319821,25,94,32,1,0.46005423,-0.07683976,-0.17020089,0E-8,0.000000,0.912130,0.000000,0.17290835,2026-06-13,2026-08-06,38,153,140,55,0.690909,1.480416,1.259398,1.533514,,,,,,,,GLOBAL_BASELINE_NO_ENTITY_RANKING,,,NOT_APPLICABLE_GLOBAL_BASELINE,HF9g-P5,,,,X 全窗基线 · 不参与实体赏罚,3929683,393,A168_HF9F_20260827_0900,2026-08-27 09:00:00
2026-08-04,151437733,1654,0,5.5204699024,-5.5204699024,-5.5204699024,0E-7,1,1,0.49324550000000000,0.493245500000,-0.9865810262130424,-0.9865810262130424,-0.9865810262130424,0E-17,ELIGIBLE,R03b_20260811_FULL_v1,L1_ELIGIBILITY,v2026-08-11,2026-03-21..2026-08-06,baccarat_bet02_101_all_pairs_incl_sentinel,round_win = game_pnl > 0 (decisive only),COMPATIBILITY_ONLY_NOT_PRODUCTION,798.2081,728.0697,-61.3341,219,219,0.07683976,0.17020089,-0.00270746,0.07683976,61.3341,798.2081,OK,0.0000,-2.4534,4.0000,96.0000,AG03-UNRESOLVED,ALL5_LEVELS_bet23_to_bet27,-2.4534,-2.4534,-2.4534,-3.0667,-3.0667,4.000000,4.000000,4.000000,5.000000,5.000000,96.000000,96.000000,96.000000,95.000000,95.000000,5.0,-13.4935,-12.3604,-47.8406,-48.9737,PENDING_AG03,FALSE,NOT_FOR_ENFORCEMENT,-58.8808,698.9469,-61.3341,-58.8808,-2.4534,-0.07683976,-0.07376617,-2.4534,-58.8808,-0.07376617,-2.4534,-2.4534,-2.4534,-3.0667,-3.0667,-58.8808,-0.07376617,-13.4935,-12.3604,-47.8406,-48.9737,-0.05993501,-0.06135457,-0.00307359,3.6448,3.3245,-0.2801,-1.6141,-0.4009,21.0055,5.7632,4.5902,3.1006,2.2014,2.7616,5.5205,6.428,8.837,11.0463,2.2093,0.0,3.2,4.0,1.319821,25,94,32,1,0.46005423,-0.07683976,-0.17020089,0E-8,0.000000,0.912130,0.000000,0.17290835,2026-06-13,2026-08-06,38,153,140,55,0.690909,1.480416,1.259398,1.533514,,,,,,,,GLOBAL_BASELINE_NO_ENTITY_RANKING,,,NOT_APPLICABLE_GLOBAL_BASELINE,HF9g-P5,,,,X 全窗基线 · 不参与实体赏罚,3929684,393,A168_HF9F_20260827_0900,2026-08-27 09:00:00
2026-08-04,151437733,2196,0,4.4163759220,-2.2081879610,-2.2081879610,0E-7,2,2,0.49324550000000000,0.493245500000,-0.9865810262130424,-0.9865810262130424,-0.9865810262130424,0E-17,ELIGIBLE,R03b_20260811_FULL_v1,L1_ELIGIBILITY,v2026-08-11,2026-03-21..2026-08-06,baccarat_bet02_101_all_pairs_incl_sentinel,round_win = game_pnl > 0 (decisive only),COMPATIBILITY_ONLY_NOT_PRODUCTION,798.2081,728.0697,-61.3341,219,219,0.07683976,0.17020089,-0.00270746,0.07683976,61.3341,798.2081,OK,0.0000,-2.4534,4.0000,96.0000,AG03-UNRESOLVED,ALL5_LEVELS_bet23_to_bet27,-2.4534,-2.4534,-2.4534,-3.0667,-3.0667,4.000000,4.000000,4.000000,5.000000,5.000000,96.000000,96.000000,96.000000,95.000000,95.000000,5.0,-13.4935,-12.3604,-47.8406,-48.9737,PENDING_AG03,FALSE,NOT_FOR_ENFORCEMENT,-58.8808,698.9469,-61.3341,-58.8808,-2.4534,-0.07683976,-0.07376617,-2.4534,-58.8808,-0.07376617,-2.4534,-2.4534,-2.4534,-3.0667,-3.0667,-58.8808,-0.07376617,-13.4935,-12.3604,-47.8406,-48.9737,-0.05993501,-0.06135457,-0.00307359,3.6448,3.3245,-0.2801,-1.6141,-0.4009,21.0055,5.7632,4.5902,3.1006,2.2014,2.7616,5.5205,6.428,8.837,11.0463,2.2093,0.0,3.2,4.0,1.319821,25,94,32,1,0.46005423,-0.07683976,-0.17020089,0E-8,0.000000,0.912130,0.000000,0.17290835,2026-06-13,2026-08-06,38,153,140,55,0.690909,1.480416,1.259398,1.533514,,,,,,,,GLOBAL_BASELINE_NO_ENTITY_RANKING,,,NOT_APPLICABLE_GLOBAL_BASELINE,HF9g-P5,,,,X 全窗基线 · 不参与实体赏罚,3929685,393,A168_HF9F_20260827_0900,2026-08-27 09:00:00
2026-08-04,151437733,2252,0,1.6561409707,1.6561409707,1.6561409707,1.0000000,1,1,0.49324550000000000,0.493245500000,1.01360149184955,1.01360149184955,1.01360149184955,0E-17,ELIGIBLE,R03b_20260811_FULL_v1,L1_ELIGIBILITY,v2026-08-11,2026-03-21..2026-08-06,baccarat_bet02_101_all_pairs_incl_sentinel,round_win = game_pnl > 0 (decisive only),COMPATIBILITY_ONLY_NOT_PRODUCTION,798.2081,728.0697,-61.3341,219,219,0.07683976,0.17020089,-0.00270746,0.07683976,61.3341,798.2081,OK,0.0000,-2.4534,4.0000,96.0000,AG03-UNRESOLVED,ALL5_LEVELS_bet23_to_bet27,-2.4534,-2.4534,-2.4534,-3.0667,-3.0667,4.000000,4.000000,4.000000,5.000000,5.000000,96.000000,96.000000,96.000000,95.000000,95.000000,5.0,-13.4935,-12.3604,-47.8406,-48.9737,PENDING_AG03,FALSE,NOT_FOR_ENFORCEMENT,-58.8808,698.9469,-61.3341,-58.8808,-2.4534,-0.07683976,-0.07376617,-2.4534,-58.8808,-0.07376617,-2.4534,-2.4534,-2.4534,-3.0667,-3.0667,-58.8808,-0.07376617,-13.4935,-12.3604,-47.8406,-48.9737,-0.05993501,-0.06135457,-0.00307359,3.6448,3.3245,-0.2801,-1.6141,-0.4009,21.0055,5.7632,4.5902,3.1006,2.2014,2.7616,5.5205,6.428,8.837,11.0463,2.2093,0.0,3.2,4.0,1.319821,25,94,32,1,0.46005423,-0.07683976,-0.17020089,0E-8,0.000000,0.912130,0.000000,0.17290835,2026-06-13,2026-08-06,38,153,140,55,0.690909,1.480416,1.259398,1.533514,,,,,,,,GLOBAL_BASELINE_NO_ENTITY_RANKING,,,NOT_APPLICABLE_GLOBAL_BASELINE,HF9g-P5,,,,X 全窗基线 · 不参与实体赏罚,3929686,393,A168_HF9F_20260827_0900,2026-08-27 09:00:00
2026-08-04,151437733,994,0,3.3122819414,-3.3122819414,-3.3122819414,0E-7,1,1,0.49324550000000000,0.493245500000,-0.9865810262130424,-0.9865810262130424,-0.9865810262130424,0E-17,ELIGIBLE,R03b_20260811_FULL_v1,L1_ELIGIBILITY,v2026-08-11,2026-03-21..2026-08-06,baccarat_bet02_101_all_pairs_incl_sentinel,round_win = game_pnl > 0 (decisive only),COMPATIBILITY_ONLY_NOT_PRODUCTION,798.2081,728.0697,-61.3341,219,219,0.07683976,0.17020089,-0.00270746,0.07683976,61.3341,798.2081,OK,0.0000,-2.4534,4.0000,96.0000,AG03-UNRESOLVED,ALL5_LEVELS_bet23_to_bet27,-2.4534,-2.4534,-2.4534,-3.0667,-3.0667,4.000000,4.000000,4.000000,5.000000,5.000000,96.000000,96.000000,96.000000,95.000000,95.000000,5.0,-13.4935,-12.3604,-47.8406,-48.9737,PENDING_AG03,FALSE,NOT_FOR_ENFORCEMENT,-58.8808,698.9469,-61.3341,-58.8808,-2.4534,-0.07683976,-0.07376617,-2.4534,-58.8808,-0.07376617,-2.4534,-2.4534,-2.4534,-3.0667,-3.0667,-58.8808,-0.07376617,-13.4935,-12.3604,-47.8406,-48.9737,-0.05993501,-0.06135457,-0.00307359,3.6448,3.3245,-0.2801,-1.6141,-0.4009,21.0055,5.7632,4.5902,3.1006,2.2014,2.7616,5.5205,6.428,8.837,11.0463,2.2093,0.0,3.2,4.0,1.319821,25,94,32,1,0.46005423,-0.07683976,-0.17020089,0E-8,0.000000,0.912130,0.000000,0.17290835,2026-06-13,2026-08-06,38,153,140,55,0.690909,1.480416,1.259398,1.533514,,,,,,,,GLOBAL_BASELINE_NO_ENTITY_RANKING,,,NOT_APPLICABLE_GLOBAL_BASELINE,HF9g-P5,,,,X 全窗基线 · 不参与实体赏罚,3929687,393,A168_HF9F_20260827_0900,2026-08-27 09:00:00
2026-08-06,151437733,-1,1,7.7286578634,7.7286578634,7.7286578634,1.0000000,1,1,0.49324550000000000,0.493245500000,1.01360149184955,1.01360149184955,1.01360149184955,0E-17,SENTINEL_DEALER,R03b_20260811_FULL_v1,L1_ELIGIBILITY,v2026-08-11,2026-03-21..2026-08-06,baccarat_bet02_101_all_pairs_incl_sentinel,round_win = game_pnl > 0 (decisive only),COMPATIBILITY_ONLY_NOT_PRODUCTION,798.2081,728.0697,-61.3341,219,219,0.07683976,0.17020089,-0.00270746,0.07683976,61.3341,798.2081,OK,0.0000,-2.4534,4.0000,96.0000,AG03-UNRESOLVED,ALL5_LEVELS_bet23_to_bet27,-2.4534,-2.4534,-2.4534,-3.0667,-3.0667,4.000000,4.000000,4.000000,5.000000,5.000000,96.000000,96.000000,96.000000,95.000000,95.000000,5.0,-13.4935,-12.3604,-47.8406,-48.9737,PENDING_AG03,FALSE,NOT_FOR_ENFORCEMENT,-58.8808,698.9469,-61.3341,-58.8808,-2.4534,-0.07683976,-0.07376617,-2.4534,-58.8808,-0.07376617,-2.4534,-2.4534,-2.4534,-3.0667,-3.0667,-58.8808,-0.07376617,-13.4935,-12.3604,-47.8406,-48.9737,-0.05993501,-0.06135457,-0.00307359,3.6448,3.3245,-0.2801,-1.6141,-0.4009,21.0055,5.7632,4.5902,3.1006,2.2014,2.7616,5.5205,6.428,8.837,11.0463,2.2093,0.0,3.2,4.0,1.319821,25,94,32,1,0.46005423,-0.07683976,-0.17020089,0E-8,0.000000,0.912130,0.000000,0.17290835,2026-06-13,2026-08-06,38,153,140,55,0.690909,1.480416,1.259398,1.533514,,,,,,,,GLOBAL_BASELINE_NO_ENTITY_RANKING,,,NOT_APPLICABLE_GLOBAL_BASELINE,HF9g-P5,,,,X 全窗基线 · 不参与实体赏罚,3929688,393,A168_HF9F_20260827_0900,2026-08-27 09:00:00
2026-08-06,151437733,2129,0,3.8643289317,3.8643289317,3.8643289317,1.0000000,1,1,0.49324550000000000,0.493245500000,1.01360149184955,1.01360149184955,1.01360149184955,0E-17,ELIGIBLE,R03b_20260811_FULL_v1,L1_ELIGIBILITY,v2026-08-11,2026-03-21..2026-08-06,baccarat_bet02_101_all_pairs_incl_sentinel,round_win = game_pnl > 0 (decisive only),COMPATIBILITY_ONLY_NOT_PRODUCTION,798.2081,728.0697,-61.3341,219,219,0.07683976,0.17020089,-0.00270746,0.07683976,61.3341,798.2081,OK,0.0000,-2.4534,4.0000,96.0000,AG03-UNRESOLVED,ALL5_LEVELS_bet23_to_bet27,-2.4534,-2.4534,-2.4534,-3.0667,-3.0667,4.000000,4.000000,4.000000,5.000000,5.000000,96.000000,96.000000,96.000000,95.000000,95.000000,5.0,-13.4935,-12.3604,-47.8406,-48.9737,PENDING_AG03,FALSE,NOT_FOR_ENFORCEMENT,-58.8808,698.9469,-61.3341,-58.8808,-2.4534,-0.07683976,-0.07376617,-2.4534,-58.8808,-0.07376617,-2.4534,-2.4534,-2.4534,-3.0667,-3.0667,-58.8808,-0.07376617,-13.4935,-12.3604,-47.8406,-48.9737,-0.05993501,-0.06135457,-0.00307359,3.6448,3.3245,-0.2801,-1.6141,-0.4009,21.0055,5.7632,4.5902,3.1006,2.2014,2.7616,5.5205,6.428,8.837,11.0463,2.2093,0.0,3.2,4.0,1.319821,25,94,32,1,0.46005423,-0.07683976,-0.17020089,0E-8,0.000000,0.912130,0.000000,0.17290835,2026-06-13,2026-08-06,38,153,140,55,0.690909,1.480416,1.259398,1.533514,,,,,,,,GLOBAL_BASELINE_NO_ENTITY_RANKING,,,NOT_APPLICABLE_GLOBAL_BASELINE,HF9g-P5,,,,X 全窗基线 · 不参与实体赏罚,3929689,393,A168_HF9F_20260827_0900,2026-08-27 09:00:00
2026-06-04,150993834,-1,1,23.1439812791,-23.1439812791,-23.1439812791,0E-7,1,1,0.49324550000000000,0.493245500000,-0.9865810262130424,-0.9865810262130424,-0.9865810262130424,0E-17,SENTINEL_DEALER,R03b_20260811_FULL_v1,L1_ELIGIBILITY,v2026-08-11,2026-03-21..2026-08-06,baccarat_bet02_101_all_pairs_incl_sentinel,round_win = game_pnl > 0 (decisive only),COMPATIBILITY_ONLY_NOT_PRODUCTION,128.8348,84.8613,-61.3316,7,6,0.47604790,,0.47604790,0.47604790,61.3316,128.8348,THIN_EXPOSURE,0.0000,-2.4533,4.0000,96.0000,AG03-UNRESOLVED,ALL5_LEVELS_bet23_to_bet27,-2.4533,-2.4533,-3.0666,-3.0666,-3.0666,4.000000,4.000000,5.000000,5.000000,5.000000,96.000000,96.000000,95.000000,95.000000,95.000000,5.0,-14.1063,-12.87,-47.2253,-48.4615,PENDING_AG03,FALSE,NOT_FOR_ENFORCEMENT,-58.8783,81.4668,-61.3316,-58.8783,-2.4533,-0.47604790,-0.45700599,-2.4533,-58.8783,-0.45700599,-2.4533,-2.4533,-3.0666,-3.0666,-3.0666,-58.8783,-0.45700599,-14.1063,-12.87,-47.2253,-48.4615,-0.36655689,-0.37615249,-0.01904192,18.4050,14.1435,-10.2219,-61.3316,-20.4439,128.8348,6.0000,,18.4050,7.7147,7.7147,28.93,41.3506,43.9736,43.9736,7.7147,0.0,5.7,5.7,2.385714,3,3,1,3,0E-8,-0.47604790,,0E-8,0.000000,0.658683,0.000000,,2026-06-04,2026-06-04,1,3,3,1,1.000000,,,0.000000,,,,,,,,GLOBAL_BASELINE_NO_ENTITY_RANKING,,,NOT_APPLICABLE_GLOBAL_BASELINE,HF9g-P5,,,,X 全窗基线 · 不参与实体赏罚,3929690,393,A168_HF9F_20260827_0900,2026-08-27 09:00:00
2026-06-04,150993834,1307,0,59.4028852831,54.0026229845,54.0026229845,0.5000000,3,2,0.47590085671631083,0.403638725000,0.06824198225086058,0.27775789067037676,0.06824198225086058,0.07226213171631083,ELIGIBLE,R03b_20260811_FULL_v1,L1_ELIGIBILITY,v2026-08-11,2026-03-21..2026-08-06,baccarat_bet02_101_all_pairs_incl_sentinel,round_win = game_pnl > 0 (decisive only),COMPATIBILITY_ONLY_NOT_PRODUCTION,128.8348,84.8613,-61.3316,7,6,0.47604790,,0.47604790,0.47604790,61.3316,128.8348,THIN_EXPOSURE,0.0000,-2.4533,4.0000,96.0000,AG03-UNRESOLVED,ALL5_LEVELS_bet23_to_bet27,-2.4533,-2.4533,-3.0666,-3.0666,-3.0666,4.000000,4.000000,5.000000,5.000000,5.000000,96.000000,96.000000,95.000000,95.000000,95.000000,5.0,-14.1063,-12.87,-47.2253,-48.4615,PENDING_AG03,FALSE,NOT_FOR_ENFORCEMENT,-58.8783,81.4668,-61.3316,-58.8783,-2.4533,-0.47604790,-0.45700599,-2.4533,-58.8783,-0.45700599,-2.4533,-2.4533,-3.0666,-3.0666,-3.0666,-58.8783,-0.45700599,-14.1063,-12.87,-47.2253,-48.4615,-0.36655689,-0.37615249,-0.01904192,18.4050,14.1435,-10.2219,-61.3316,-20.4439,128.8348,6.0000,,18.4050,7.7147,7.7147,28.93,41.3506,43.9736,43.9736,7.7147,0.0,5.7,5.7,2.385714,3,3,1,3,0E-8,-0.47604790,,0E-8,0.000000,0.658683,0.000000,,2026-06-04,2026-06-04,1,3,3,1,1.000000,,,0.000000,,,,,,,,GLOBAL_BASELINE_NO_ENTITY_RANKING,,,NOT_APPLICABLE_GLOBAL_BASELINE,HF9g-P5,,,,X 全窗基线 · 不参与实体赏罚,3929691,393,A168_HF9F_20260827_0900,2026-08-27 09:00:00
2026-06-04,150993834,2147,0,46.2879625583,30.4729086841,30.4729086841,0.6666667,3,3,0.49771390000000000,0.497713900000,0.5852756695216578,0.5852756695216578,0.5852756695216578,0E-17,ELIGIBLE,R03b_20260811_FULL_v1,L1_ELIGIBILITY,v2026-08-11,2026-03-21..2026-08-06,baccarat_bet02_101_all_pairs_incl_sentinel,round_win = game_pnl > 0 (decisive only),COMPATIBILITY_ONLY_NOT_PRODUCTION,128.8348,84.8613,-61.3316,7,6,0.47604790,,0.47604790,0.47604790,61.3316,128.8348,THIN_EXPOSURE,0.0000,-2.4533,4.0000,96.0000,AG03-UNRESOLVED,ALL5_LEVELS_bet23_to_bet27,-2.4533,-2.4533,-3.0666,-3.0666,-3.0666,4.000000,4.000000,5.000000,5.000000,5.000000,96.000000,96.000000,95.000000,95.000000,95.000000,5.0,-14.1063,-12.87,-47.2253,-48.4615,PENDING_AG03,FALSE,NOT_FOR_ENFORCEMENT,-58.8783,81.4668,-61.3316,-58.8783,-2.4533,-0.47604790,-0.45700599,-2.4533,-58.8783,-0.45700599,-2.4533,-2.4533,-3.0666,-3.0666,-3.0666,-58.8783,-0.45700599,-14.1063,-12.87,-47.2253,-48.4615,-0.36655689,-0.37615249,-0.01904192,18.4050,14.1435,-10.2219,-61.3316,-20.4439,128.8348,6.0000,,18.4050,7.7147,7.7147,28.93,41.3506,43.9736,43.9736,7.7147,0.0,5.7,5.7,2.385714,3,3,1,3,0E-8,-0.47604790,,0E-8,0.000000,0.658683,0.000000,,2026-06-04,2026-06-04,1,3,3,1,1.000000,,,0.000000,,,,,,,,GLOBAL_BASELINE_NO_ENTITY_RANKING,,,NOT_APPLICABLE_GLOBAL_BASELINE,HF9g-P5,,,,X 全窗基线 · 不参与实体赏罚,3929692,393,A168_HF9F_20260827_0900,2026-08-27 09:00:00
2026-06-22,151902852,1157,0,18.0008743282,-18.0008743282,-18.0008743282,0E-7,2,1,0.35769961428609078,0.256040200000,-0.7462599668751569,-0.5866503638730671,-0.7462599668751569,0.10165941428609078,ELIGIBLE,R03b_20260811_FULL_v1,L1_ELIGIBILITY,v2026-08-11,2026-03-21..2026-08-06,baccarat_bet02_101_all_pairs_incl_sentinel,round_win = game_pnl > 0 (decisive only),COMPATIBILITY_ONLY_NOT_PRODUCTION,295.7286,259.7269,-61.3316,29,15,0.20739130,,0.20739130,0.20739130,61.3316,295.7286,THIN_EXPOSURE,0.0000,-2.4533,4.0000,96.0000,AG03-UNRESOLVED,ALL5_LEVELS_bet23_to_bet27,-2.4533,-2.4533,-3.0666,-3.0666,-3.0666,4.000000,4.000000,5.000000,5.000000,5.000000,96.000000,96.000000,95.000000,95.000000,95.000000,5.0,-14.1063,-12.87,-47.2253,-48.4615,PENDING_AG03,FALSE,NOT_FOR_ENFORCEMENT,-58.8783,249.3378,-61.3316,-58.8783,-2.4533,-0.20739130,-0.19909565,-2.4533,-58.8783,-0.19909565,-2.4533,-2.4533,-3.0666,-3.0666,-3.0666,-58.8783,-0.19909565,-14.1063,-12.87,-47.2253,-48.4615,-0.15969130,-0.16387165,-0.00829565,10.1975,17.3151,-4.0888,-15.3329,-10.2219,73.9322,3.7500,,10.1975,5.1431,7.7147,13.5007,18.0009,18.3866,25.7155,7.7147,-5.1431,2.383332,3.333333,1.321839,5,6,4,7,0E-8,-0.20739130,,0E-8,0.000000,0.878261,0.000000,,2026-06-22,2026-06-28,4,6,6,7,0.571429,,,0.000000,,,,,,,,GLOBAL_BASELINE_NO_ENTITY_RANKING,,,NOT_APPLICABLE_GLOBAL_BASELINE,HF9g-P5,,,,X 全窗基线 · 不参与实体赏罚,3929693,393,A168_HF9F_20260827_0900,2026-08-27 09:00:00
2026-06-22,151902852,994,0,59.1457299355,145.8070820583,145.8070820583,0.7500000,7,4,0.30803180357173665,0.268862487500,1.9146093182254262,2.170373982239047,1.9146093182254262,0.03916931607173665,ELIGIBLE,R03b_20260811_FULL_v1,L1_ELIGIBILITY,v2026-08-11,2026-03-21..2026-08-06,baccarat_bet02_101_all_pairs_incl_sentinel,round_win = game_pnl > 0 (decisive only),COMPATIBILITY_ONLY_NOT_PRODUCTION,295.7286,259.7269,-61.3316,29,15,0.20739130,,0.20739130,0.20739130,61.3316,295.7286,THIN_EXPOSURE,0.0000,-2.4533,4.0000,96.0000,AG03-UNRESOLVED,ALL5_LEVELS_bet23_to_bet27,-2.4533,-2.4533,-3.0666,-3.0666,-3.0666,4.000000,4.000000,5.000000,5.000000,5.000000,96.000000,96.000000,95.000000,95.000000,95.000000,5.0,-14.1063,-12.87,-47.2253,-48.4615,PENDING_AG03,FALSE,NOT_FOR_ENFORCEMENT,-58.8783,249.3378,-61.3316,-58.8783,-2.4533,-0.20739130,-0.19909565,-2.4533,-58.8783,-0.19909565,-2.4533,-2.4533,-3.0666,-3.0666,-3.0666,-58.8783,-0.19909565,-14.1063,-12.87,-47.2253,-48.4615,-0.15969130,-0.16387165,-0.00829565,10.1975,17.3151,-4.0888,-15.3329,-10.2219,73.9322,3.7500,,10.1975,5.1431,7.7147,13.5007,18.0009,18.3866,25.7155,7.7147,-5.1431,2.383332,3.333333,1.321839,5,6,4,7,0E-8,-0.20739130,,0E-8,0.000000,0.878261,0.000000,,2026-06-22,2026-06-28,4,6,6,7,0.571429,,,0.000000,,,,,,,,GLOBAL_BASELINE_NO_ENTITY_RANKING,,,NOT_APPLICABLE_GLOBAL_BASELINE,HF9g-P5,,,,X 全窗基线 · 不参与实体赏罚,3929694,393,A168_HF9F_20260827_0900,2026-08-27 09:00:00
2026-06-23,151902852,1714,0,12.8577673773,-12.8577673773,-12.8577673773,0E-7,2,1,0.05648646000009761,0.050211200000,-0.24467979656155134,-0.22992530875270223,-0.24467979656155134,0.00627526000009761,ELIGIBLE,R03b_20260811_FULL_v1,L1_ELIGIBILITY,v2026-08-11,2026-03-21..2026-08-06,baccarat_bet02_101_all_pairs_incl_sentinel,round_win = game_pnl > 0 (decisive only),COMPATIBILITY_ONLY_NOT_PRODUCTION,295.7286,259.7269,-61.3316,29,15,0.20739130,,0.20739130,0.20739130,61.3316,295.7286,THIN_EXPOSURE,0.0000,-2.4533,4.0000,96.0000,AG03-UNRESOLVED,ALL5_LEVELS_bet23_to_bet27,-2.4533,-2.4533,-3.0666,-3.0666,-3.0666,4.000000,4.000000,5.000000,5.000000,5.000000,96.000000,96.000000,95.000000,95.000000,95.000000,5.0,-14.1063,-12.87,-47.2253,-48.4615,PENDING_AG03,FALSE,NOT_FOR_ENFORCEMENT,-58.8783,249.3378,-61.3316,-58.8783,-2.4533,-0.20739130,-0.19909565,-2.4533,-58.8783,-0.19909565,-2.4533,-2.4533,-3.0666,-3.0666,-3.0666,-58.8783,-0.19909565,-14.1063,-12.87,-47.2253,-48.4615,-0.15969130,-0.16387165,-0.00829565,10.1975,17.3151,-4.0888,-15.3329,-10.2219,73.9322,3.7500,,10.1975,5.1431,7.7147,13.5007,18.0009,18.3866,25.7155,7.7147,-5.1431,2.383332,3.333333,1.321839,5,6,4,7,0E-8,-0.20739130,,0E-8,0.000000,0.878261,0.000000,,2026-06-22,2026-06-28,4,6,6,7,0.571429,,,0.000000,,,,,,,,GLOBAL_BASELINE_NO_ENTITY_RANKING,,,NOT_APPLICABLE_GLOBAL_BASELINE,HF9g-P5,,,,X 全窗基线 · 不参与实体赏罚,3929695,393,A168_HF9F_20260827_0900,2026-08-27 09:00:00
2026-06-23,151902852,2223,0,54.0026229846,-3.8573302133,-3.8573302133,0.5000000,4,2,0.36941692163421710,0.280106050000,0.38262412691835823,0.6925207201862208,0.38262412691835823,0.08931087163421710,ELIGIBLE,R03b_20260811_FULL_v1,L1_ELIGIBILITY,v2026-08-11,2026-03-21..2026-08-06,baccarat_bet02_101_all_pairs_incl_sentinel,round_win = game_pnl > 0 (decisive only),COMPATIBILITY_ONLY_NOT_PRODUCTION,295.7286,259.7269,-61.3316,29,15,0.20739130,,0.20739130,0.20739130,61.3316,295.7286,THIN_EXPOSURE,0.0000,-2.4533,4.0000,96.0000,AG03-UNRESOLVED,ALL5_LEVELS_bet23_to_bet27,-2.4533,-2.4533,-3.0666,-3.0666,-3.0666,4.000000,4.000000,5.000000,5.000000,5.000000,96.000000,96.000000,95.000000,95.000000,95.000000,5.0,-14.1063,-12.87,-47.2253,-48.4615,PENDING_AG03,FALSE,NOT_FOR_ENFORCEMENT,-58.8783,249.3378,-61.3316,-58.8783,-2.4533,-0.20739130,-0.19909565,-2.4533,-58.8783,-0.19909565,-2.4533,-2.4533,-3.0666,-3.0666,-3.0666,-58.8783,-0.19909565,-14.1063,-12.87,-47.2253,-48.4615,-0.15969130,-0.16387165,-0.00829565,10.1975,17.3151,-4.0888,-15.3329,-10.2219,73.9322,3.7500,,10.1975,5.1431,7.7147,13.5007,18.0009,18.3866,25.7155,7.7147,-5.1431,2.383332,3.333333,1.321839,5,6,4,7,0E-8,-0.20739130,,0E-8,0.000000,0.878261,0.000000,,2026-06-22,2026-06-28,4,6,6,7,0.571429,,,0.000000,,,,,,,,GLOBAL_BASELINE_NO_ENTITY_RANKING,,,NOT_APPLICABLE_GLOBAL_BASELINE,HF9g-P5,,,,X 全窗基线 · 不参与实体赏罚,3929696,393,A168_HF9F_20260827_0900,2026-08-27 09:00:00
2026-06-23,151902852,789,0,18.0008743282,-18.0008743282,-18.0008743282,0E-7,2,1,0.35769961428609078,0.256040200000,-0.7462599668751569,-0.5866503638730671,-0.7462599668751569,0.10165941428609078,ELIGIBLE,R03b_20260811_FULL_v1,L1_ELIGIBILITY,v2026-08-11,2026-03-21..2026-08-06,baccarat_bet02_101_all_pairs_incl_sentinel,round_win = game_pnl > 0 (decisive only),COMPATIBILITY_ONLY_NOT_PRODUCTION,295.7286,259.7269,-61.3316,29,15,0.20739130,,0.20739130,0.20739130,61.3316,295.7286,THIN_EXPOSURE,0.0000,-2.4533,4.0000,96.0000,AG03-UNRESOLVED,ALL5_LEVELS_bet23_to_bet27,-2.4533,-2.4533,-3.0666,-3.0666,-3.0666,4.000000,4.000000,5.000000,5.000000,5.000000,96.000000,96.000000,95.000000,95.000000,95.000000,5.0,-14.1063,-12.87,-47.2253,-48.4615,PENDING_AG03,FALSE,NOT_FOR_ENFORCEMENT,-58.8783,249.3378,-61.3316,-58.8783,-2.4533,-0.20739130,-0.19909565,-2.4533,-58.8783,-0.19909565,-2.4533,-2.4533,-3.0666,-3.0666,-3.0666,-58.8783,-0.19909565,-14.1063,-12.87,-47.2253,-48.4615,-0.15969130,-0.16387165,-0.00829565,10.1975,17.3151,-4.0888,-15.3329,-10.2219,73.9322,3.7500,,10.1975,5.1431,7.7147,13.5007,18.0009,18.3866,25.7155,7.7147,-5.1431,2.383332,3.333333,1.321839,5,6,4,7,0E-8,-0.20739130,,0E-8,0.000000,0.878261,0.000000,,2026-06-22,2026-06-28,4,6,6,7,0.571429,,,0.000000,,,,,,,,GLOBAL_BASELINE_NO_ENTITY_RANKING,,,NOT_APPLICABLE_GLOBAL_BASELINE,HF9g-P5,,,,X 全窗基线 · 不参与实体赏罚,3929697,393,A168_HF9F_20260827_0900,2026-08-27 09:00:00
2026-06-27,151902852,-1,1,108.0052459692,-6.0431506674,-6.0431506674,0.4000000,10,5,0.31490894044437590,0.227914760000,0.409639934813515,0.9172965777551298,0.409639934813515,0.08699418044437590,SENTINEL_DEALER,R03b_20260811_FULL_v1,L1_ELIGIBILITY,v2026-08-11,2026-03-21..2026-08-06,baccarat_bet02_101_all_pairs_incl_sentinel,round_win = game_pnl > 0 (decisive only),COMPATIBILITY_ONLY_NOT_PRODUCTION,295.7286,259.7269,-61.3316,29,15,0.20739130,,0.20739130,0.20739130,61.3316,295.7286,THIN_EXPOSURE,0.0000,-2.4533,4.0000,96.0000,AG03-UNRESOLVED,ALL5_LEVELS_bet23_to_bet27,-2.4533,-2.4533,-3.0666,-3.0666,-3.0666,4.000000,4.000000,5.000000,5.000000,5.000000,96.000000,96.000000,95.000000,95.000000,95.000000,5.0,-14.1063,-12.87,-47.2253,-48.4615,PENDING_AG03,FALSE,NOT_FOR_ENFORCEMENT,-58.8783,249.3378,-61.3316,-58.8783,-2.4533,-0.20739130,-0.19909565,-2.4533,-58.8783,-0.19909565,-2.4533,-2.4533,-3.0666,-3.0666,-3.0666,-58.8783,-0.19909565,-14.1063,-12.87,-47.2253,-48.4615,-0.15969130,-0.16387165,-0.00829565,10.1975,17.3151,-4.0888,-15.3329,-10.2219,73.9322,3.7500,,10.1975,5.1431,7.7147,13.5007,18.0009,18.3866,25.7155,7.7147,-5.1431,2.383332,3.333333,1.321839,5,6,4,7,0E-8,-0.20739130,,0E-8,0.000000,0.878261,0.000000,,2026-06-22,2026-06-28,4,6,6,7,0.571429,,,0.000000,,,,,,,,GLOBAL_BASELINE_NO_ENTITY_RANKING,,,NOT_APPLICABLE_GLOBAL_BASELINE,HF9g-P5,,,,X 全窗基线 · 不参与实体赏罚,3929698,393,A168_HF9F_20260827_0900,2026-08-27 09:00:00
2026-06-28,151902852,994,0,25.7155347546,-25.7155347546,-25.7155347546,0E-7,2,1,0.37365268999968996,0.293924150000,-0.7723718700509231,-0.6451964315166089,-0.7723718700509231,0.07972853999968996,ELIGIBLE,R03b_20260811_FULL_v1,L1_ELIGIBILITY,v2026-08-11,2026-03-21..2026-08-06,baccarat_bet02_101_all_pairs_incl_sentinel,round_win = game_pnl > 0 (decisive only),COMPATIBILITY_ONLY_NOT_PRODUCTION,295.7286,259.7269,-61.3316,29,15,0.20739130,,0.20739130,0.20739130,61.3316,295.7286,THIN_EXPOSURE,0.0000,-2.4533,4.0000,96.0000,AG03-UNRESOLVED,ALL5_LEVELS_bet23_to_bet27,-2.4533,-2.4533,-3.0666,-3.0666,-3.0666,4.000000,4.000000,5.000000,5.000000,5.000000,96.000000,96.000000,95.000000,95.000000,95.000000,5.0,-14.1063,-12.87,-47.2253,-48.4615,PENDING_AG03,FALSE,NOT_FOR_ENFORCEMENT,-58.8783,249.3378,-61.3316,-58.8783,-2.4533,-0.20739130,-0.19909565,-2.4533,-58.8783,-0.19909565,-2.4533,-2.4533,-3.0666,-3.0666,-3.0666,-58.8783,-0.19909565,-14.1063,-12.87,-47.2253,-48.4615,-0.15969130,-0.16387165,-0.00829565,10.1975,17.3151,-4.0888,-15.3329,-10.2219,73.9322,3.7500,,10.1975,5.1431,7.7147,13.5007,18.0009,18.3866,25.7155,7.7147,-5.1431,2.383332,3.333333,1.321839,5,6,4,7,0E-8,-0.20739130,,0E-8,0.000000,0.878261,0.000000,,2026-06-22,2026-06-28,4,6,6,7,0.571429,,,0.000000,,,,,,,,GLOBAL_BASELINE_NO_ENTITY_RANKING,,,NOT_APPLICABLE_GLOBAL_BASELINE,HF9g-P5,,,,X 全窗基线 · 不参与实体赏罚,3929699,393,A168_HF9F_20260827_0900,2026-08-27 09:00:00
2026-06-13,151445061,1402,0,195.4380641348,61.3315503895,61.3315503895,0.7000000,13,13,0.50665070000000000,0.506650700000,1.2229565359475965,1.2229565359475965,1.2229565359475965,0E-17,ELIGIBLE,R03b_20260811_FULL_v1,L1_ELIGIBILITY,v2026-08-11,2026-03-21..2026-08-06,baccarat_bet02_101_all_pairs_incl_sentinel,round_win = game_pnl > 0 (decisive only),COMPATIBILITY_ONLY_NOT_PRODUCTION,308.5864,267.4416,-61.3316,19,19,0.19875000,,0.19875000,0.19875000,61.3316,308.5864,THIN_EXPOSURE,0.0000,-2.4533,4.0000,96.0000,AG03-UNRESOLVED,ALL5_LEVELS_bet23_to_bet27,-2.4533,-2.4533,-3.0666,-3.0666,-3.0666,4.000000,4.000000,5.000000,5.000000,5.000000,96.000000,96.000000,95.000000,95.000000,95.000000,5.0,-14.1063,-12.87,-47.2253,-48.4615,PENDING_AG03,FALSE,NOT_FOR_ENFORCEMENT,-58.8783,256.7439,-61.3316,-58.8783,-2.4533,-0.19875000,-0.19080000,-2.4533,-58.8783,-0.19080000,-2.4533,-2.4533,-3.0666,-3.0666,-3.0666,-58.8783,-0.19080000,-14.1063,-12.87,-47.2253,-48.4615,-0.15303750,-0.15704366,-0.00795000,16.2414,14.0759,-3.2280,-30.6658,-30.6658,154.2932,9.5000,,16.2414,12.8578,12.8578,15.4293,27.7728,42.1735,51.4311,12.8578,0.0,3.279999,4.0,1.263158,1,3,2,2,0E-8,-0.19875000,,0E-8,0.000000,0.866667,0.000000,,2026-06-13,2026-06-22,2,2,2,10,0.200000,,,0.000000,,,,,,,,GLOBAL_BASELINE_NO_ENTITY_RANKING,,,NOT_APPLICABLE_GLOBAL_BASELINE,HF9g-P5,,,,X 全窗基线 · 不参与实体赏罚,3929700,393,A168_HF9F_20260827_0900,2026-08-27 09:00:00
2026-06-13,151445061,2246,0,87.4328181655,15.4293208527,15.4293208527,0.3333333,3,3,0.49771390000000000,0.497713900000,-0.5694369385616226,-0.5694369385616226,-0.5694369385616226,0E-17,ELIGIBLE,R03b_20260811_FULL_v1,L1_ELIGIBILITY,v2026-08-11,2026-03-21..2026-08-06,baccarat_bet02_101_all_pairs_incl_sentinel,round_win = game_pnl > 0 (decisive only),COMPATIBILITY_ONLY_NOT_PRODUCTION,308.5864,267.4416,-61.3316,19,19,0.19875000,,0.19875000,0.19875000,61.3316,308.5864,THIN_EXPOSURE,0.0000,-2.4533,4.0000,96.0000,AG03-UNRESOLVED,ALL5_LEVELS_bet23_to_bet27,-2.4533,-2.4533,-3.0666,-3.0666,-3.0666,4.000000,4.000000,5.000000,5.000000,5.000000,96.000000,96.000000,95.000000,95.000000,95.000000,5.0,-14.1063,-12.87,-47.2253,-48.4615,PENDING_AG03,FALSE,NOT_FOR_ENFORCEMENT,-58.8783,256.7439,-61.3316,-58.8783,-2.4533,-0.19875000,-0.19080000,-2.4533,-58.8783,-0.19080000,-2.4533,-2.4533,-3.0666,-3.0666,-3.0666,-58.8783,-0.19080000,-14.1063,-12.87,-47.2253,-48.4615,-0.15303750,-0.15704366,-0.00795000,16.2414,14.0759,-3.2280,-30.6658,-30.6658,154.2932,9.5000,,16.2414,12.8578,12.8578,15.4293,27.7728,42.1735,51.4311,12.8578,0.0,3.279999,4.0,1.263158,1,3,2,2,0E-8,-0.19875000,,0E-8,0.000000,0.866667,0.000000,,2026-06-13,2026-06-22,2,2,2,10,0.200000,,,0.000000,,,,,,,,GLOBAL_BASELINE_NO_ENTITY_RANKING,,,NOT_APPLICABLE_GLOBAL_BASELINE,HF9g-P5,,,,X 全窗基线 · 不参与实体赏罚,3929701,393,A168_HF9F_20260827_0900,2026-08-27 09:00:00
2026-06-22,151445061,1401,0,25.7155347546,-15.4293208528,-15.4293208528,0.3333333,3,3,0.50218230000000000,0.502182300000,-0.5849155494134425,-0.5849155494134426,-0.5849155494134425,0E-17,ELIGIBLE,R03b_20260811_FULL_v1,L1_ELIGIBILITY,v2026-08-11,2026-03-21..2026-08-06,baccarat_bet02_101_all_pairs_incl_sentinel,round_win = game_pnl > 0 (decisive only),COMPATIBILITY_ONLY_NOT_PRODUCTION,308.5864,267.4416,-61.3316,19,19,0.19875000,,0.19875000,0.19875000,61.3316,308.5864,THIN_EXPOSURE,0.0000,-2.4533,4.0000,96.0000,AG03-UNRESOLVED,ALL5_LEVELS_bet23_to_bet27,-2.4533,-2.4533,-3.0666,-3.0666,-3.0666,4.000000,4.000000,5.000000,5.000000,5.000000,96.000000,96.000000,95.000000,95.000000,95.000000,5.0,-14.1063,-12.87,-47.2253,-48.4615,PENDING_AG03,FALSE,NOT_FOR_ENFORCEMENT,-58.8783,256.7439,-61.3316,-58.8783,-2.4533,-0.19875000,-0.19080000,-2.4533,-58.8783,-0.19080000,-2.4533,-2.4533,-3.0666,-3.0666,-3.0666,-58.8783,-0.19080000,-14.1063,-12.87,-47.2253,-48.4615,-0.15303750,-0.15704366,-0.00795000,16.2414,14.0759,-3.2280,-30.6658,-30.6658,154.2932,9.5000,,16.2414,12.8578,12.8578,15.4293,27.7728,42.1735,51.4311,12.8578,0.0,3.279999,4.0,1.263158,1,3,2,2,0E-8,-0.19875000,,0E-8,0.000000,0.866667,0.000000,,2026-06-13,2026-06-22,2,2,2,10,0.200000,,,0.000000,,,,,,,,GLOBAL_BASELINE_NO_ENTITY_RANKING,,,NOT_APPLICABLE_GLOBAL_BASELINE,HF9g-P5,,,,X 全窗基线 · 不参与实体赏罚,3929702,393,A168_HF9F_20260827_0900,2026-08-27 09:00:00
2026-04-16,148754117,2229,0,155.4851713216,61.3302620212,61.3302620212,0.7500000,5,5,0.50128862000000000,0.501288620000,0.9948488239810122,0.9948488239810122,0.9948488239810122,0E-17,ELIGIBLE,R03b_20260811_FULL_v1,L1_ELIGIBILITY,v2026-08-11,2026-03-21..2026-08-06,baccarat_bet02_101_all_pairs_incl_sentinel,round_win = game_pnl > 0 (decisive only),COMPATIBILITY_ONLY_NOT_PRODUCTION,155.4852,116.2212,-61.3303,5,5,0.39444444,,0.39444444,0.39444444,61.3303,155.4852,THIN_EXPOSURE,0.0000,-2.4532,4.0000,96.0000,AG03-UNRESOLVED,ALL5_LEVELS_bet23_to_bet27,-2.4532,-2.4532,-2.4532,-3.0665,-3.0665,4.000000,4.000000,4.000000,5.000000,5.000000,96.000000,96.000000,96.000000,95.000000,95.000000,5.0,-13.4927,-12.3596,-47.8376,-48.9706,PENDING_AG03,FALSE,NOT_FOR_ENFORCEMENT,-58.8771,111.5724,-61.3303,-58.8771,-2.4532,-0.39444444,-0.37866667,-2.4532,-58.8771,-0.37866667,-2.4532,-2.4532,-2.4532,-3.0665,-3.0665,-58.8771,-0.37866667,-13.4927,-12.3596,-47.8376,-48.9706,-0.30766667,-0.31495373,-0.01577778,31.0970,23.2442,-12.2661,-61.3303,-61.3303,155.4852,5.0000,,31.0970,23.951,33.5052,39.2639,39.2639,39.2639,39.2639,26.176,16.4123,1.171875,1.171875,0.928125,1,1,1,2,0E-8,-0.39444444,,0E-8,0.000000,0.747475,0.000000,,2026-04-16,2026-04-16,1,1,1,1,1.000000,,,0.000000,,,,,,,,GLOBAL_BASELINE_NO_ENTITY_RANKING,,,NOT_APPLICABLE_GLOBAL_BASELINE,HF9g-P5,,,,X 全窗基线 · 不参与实体赏罚,3929703,393,A168_HF9F_20260827_0900,2026-08-27 09:00:00
2026-05-08,149719694,1396,0,10.3782886202,10.1188314047,10.1188314047,1.0000000,2,2,0.49994810000000000,0.499948100000,1.4143603653603398,1.4143603653603398,1.4143603653603398,0E-17,ELIGIBLE,R03b_20260811_FULL_v1,L1_ELIGIBILITY,v2026-08-11,2026-03-21..2026-08-06,baccarat_bet02_101_all_pairs_incl_sentinel,round_win = game_pnl > 0 (decisive only),COMPATIBILITY_ONLY_NOT_PRODUCTION,103.9441,86.9258,-61.3237,13,13,0.58996866,-0.33617021,0.71237508,0.58996866,61.3237,103.9441,THIN_EXPOSURE,0.0000,-2.4529,4.0000,96.0000,AG03-UNRESOLVED,ALL5_LEVELS_bet23_to_bet27,-2.4529,-2.4529,-2.4529,-3.6794,-3.6794,4.000000,4.000000,4.000000,6.000000,6.000000,96.000000,96.000000,96.000000,94.000000,94.000000,5.0,-14.7177,-13.3837,-46.6060,-47.94,PENDING_AG03,FALSE,NOT_FOR_ENFORCEMENT,-58.8708,83.4488,-61.3237,-58.8708,-2.4529,-0.58996866,-0.56636992,-2.4529,-58.8708,-0.56636992,-2.4529,-2.4529,-2.4529,-3.6794,-3.6794,-58.8708,-0.56636992,-14.7177,-13.3837,-46.6060,-47.94,-0.44837618,-0.46120961,-0.02359875,7.9957,6.6866,-4.7172,-15.3309,-15.3309,25.9860,3.2500,6.0672,8.3463,5.0594,6.1717,11.8291,13.3721,15.0436,15.4293,5.1891,4.9297,2.4375,2.5,1.295536,1,5,4,2,0.11673928,-0.58996866,0.33617021,0E-8,0.000000,0.836275,0.000000,-1.04854529,2026-05-08,2026-07-21,4,4,4,75,0.053333,0.726927,0.758805,0.389131,,,,,,,,GLOBAL_BASELINE_NO_ENTITY_RANKING,,,NOT_APPLICABLE_GLOBAL_BASELINE,HF9g-P5,,,,X 全窗基线 · 不参与实体赏罚,3929704,393,A168_HF9F_20260827_0900,2026-08-27 09:00:00
2026-05-08,149719694,2202,0,19.1998339474,14.0106896373,14.0106896373,1.0000000,3,3,0.49324550000000000,0.493245500000,1.4334489766152358,1.4334489766152358,1.4334489766152358,0E-17,ELIGIBLE,R03b_20260811_FULL_v1,L1_ELIGIBILITY,v2026-08-11,2026-03-21..2026-08-06,baccarat_bet02_101_all_pairs_incl_sentinel,round_win = game_pnl > 0 (decisive only),COMPATIBILITY_ONLY_NOT_PRODUCTION,103.9441,86.9258,-61.3237,13,13,0.58996866,-0.33617021,0.71237508,0.58996866,61.3237,103.9441,THIN_EXPOSURE,0.0000,-2.4529,4.0000,96.0000,AG03-UNRESOLVED,ALL5_LEVELS_bet23_to_bet27,-2.4529,-2.4529,-2.4529,-3.6794,-3.6794,4.000000,4.000000,4.000000,6.000000,6.000000,96.000000,96.000000,96.000000,94.000000,94.000000,5.0,-14.7177,-13.3837,-46.6060,-47.94,PENDING_AG03,FALSE,NOT_FOR_ENFORCEMENT,-58.8708,83.4488,-61.3237,-58.8708,-2.4529,-0.58996866,-0.56636992,-2.4529,-58.8708,-0.56636992,-2.4529,-2.4529,-2.4529,-3.6794,-3.6794,-58.8708,-0.56636992,-14.7177,-13.3837,-46.6060,-47.94,-0.44837618,-0.46120961,-0.02359875,7.9957,6.6866,-4.7172,-15.3309,-15.3309,25.9860,3.2500,6.0672,8.3463,5.0594,6.1717,11.8291,13.3721,15.0436,15.4293,5.1891,4.9297,2.4375,2.5,1.295536,1,5,4,2,0.11673928,-0.58996866,0.33617021,0E-8,0.000000,0.836275,0.000000,-1.04854529,2026-05-08,2026-07-21,4,4,4,75,0.053333,0.726927,0.758805,0.389131,,,,,,,,GLOBAL_BASELINE_NO_ENTITY_RANKING,,,NOT_APPLICABLE_GLOBAL_BASELINE,HF9g-P5,,,,X 全窗基线 · 不参与实体赏罚,3929705,393,A168_HF9F_20260827_0900,2026-08-27 09:00:00
2026-06-17,149719694,2196,0,58.1171085453,45.3879188417,45.3879188417,1.0000000,5,5,0.50128862000000000,0.501288620000,1.9948521450805654,1.9948521450805654,1.9948521450805654,0E-17,ELIGIBLE,R03b_20260811_FULL_v1,L1_ELIGIBILITY,v2026-08-11,2026-03-21..2026-08-06,baccarat_bet02_101_all_pairs_incl_sentinel,round_win = game_pnl > 0 (decisive only),COMPATIBILITY_ONLY_NOT_PRODUCTION,103.9441,86.9258,-61.3237,13,13,0.58996866,-0.33617021,0.71237508,0.58996866,61.3237,103.9441,THIN_EXPOSURE,0.0000,-2.4529,4.0000,96.0000,AG03-UNRESOLVED,ALL5_LEVELS_bet23_to_bet27,-2.4529,-2.4529,-2.4529,-3.6794,-3.6794,4.000000,4.000000,4.000000,6.000000,6.000000,96.000000,96.000000,96.000000,94.000000,94.000000,5.0,-14.7177,-13.3837,-46.6060,-47.94,PENDING_AG03,FALSE,NOT_FOR_ENFORCEMENT,-58.8708,83.4488,-61.3237,-58.8708,-2.4529,-0.58996866,-0.56636992,-2.4529,-58.8708,-0.56636992,-2.4529,-2.4529,-2.4529,-3.6794,-3.6794,-58.8708,-0.56636992,-14.7177,-13.3837,-46.6060,-47.94,-0.44837618,-0.46120961,-0.02359875,7.9957,6.6866,-4.7172,-15.3309,-15.3309,25.9860,3.2500,6.0672,8.3463,5.0594,6.1717,11.8291,13.3721,15.0436,15.4293,5.1891,4.9297,2.4375,2.5,1.295536,1,5,4,2,0.11673928,-0.58996866,0.33617021,0E-8,0.000000,0.836275,0.000000,-1.04854529,2026-05-08,2026-07-21,4,4,4,75,0.053333,0.726927,0.758805,0.389131,,,,,,,,GLOBAL_BASELINE_NO_ENTITY_RANKING,,,NOT_APPLICABLE_GLOBAL_BASELINE,HF9g-P5,,,,X 全窗基线 · 不参与实体赏罚,3929706,393,A168_HF9F_20260827_0900,2026-08-27 09:00:00
2026-06-22,149719694,2123,0,4.1144855607,-4.1144855607,-4.1144855607,0E-7,1,1,0.50665070000000000,0.506650700000,-1.013391052207602,-1.013391052207602,-1.013391052207602,0E-17,ELIGIBLE,R03b_20260811_FULL_v1,L1_ELIGIBILITY,v2026-08-11,2026-03-21..2026-08-06,baccarat_bet02_101_all_pairs_incl_sentinel,round_win = game_pnl > 0 (decisive only),COMPATIBILITY_ONLY_NOT_PRODUCTION,103.9441,86.9258,-61.3237,13,13,0.58996866,-0.33617021,0.71237508,0.58996866,61.3237,103.9441,THIN_EXPOSURE,0.0000,-2.4529,4.0000,96.0000,AG03-UNRESOLVED,ALL5_LEVELS_bet23_to_bet27,-2.4529,-2.4529,-2.4529,-3.6794,-3.6794,4.000000,4.000000,4.000000,6.000000,6.000000,96.000000,96.000000,96.000000,94.000000,94.000000,5.0,-14.7177,-13.3837,-46.6060,-47.94,PENDING_AG03,FALSE,NOT_FOR_ENFORCEMENT,-58.8708,83.4488,-61.3237,-58.8708,-2.4529,-0.58996866,-0.56636992,-2.4529,-58.8708,-0.56636992,-2.4529,-2.4529,-2.4529,-3.6794,-3.6794,-58.8708,-0.56636992,-14.7177,-13.3837,-46.6060,-47.94,-0.44837618,-0.46120961,-0.02359875,7.9957,6.6866,-4.7172,-15.3309,-15.3309,25.9860,3.2500,6.0672,8.3463,5.0594,6.1717,11.8291,13.3721,15.0436,15.4293,5.1891,4.9297,2.4375,2.5,1.295536,1,5,4,2,0.11673928,-0.58996866,0.33617021,0E-8,0.000000,0.836275,0.000000,-1.04854529,2026-05-08,2026-07-21,4,4,4,75,0.053333,0.726927,0.758805,0.389131,,,,,,,,GLOBAL_BASELINE_NO_ENTITY_RANKING,,,NOT_APPLICABLE_GLOBAL_BASELINE,HF9g-P5,,,,X 全窗基线 · 不参与实体赏罚,3929707,393,A168_HF9F_20260827_0900,2026-08-27 09:00:00
2026-07-21,149719694,2169,0,12.1343557173,-4.0792089433,-4.0792089433,0.5000000,2,2,0.50665070000000000,0.506650700000,-0.018812684590367487,-0.018812684590367487,-0.018812684590367487,0E-17,ELIGIBLE,R03b_20260811_FULL_v1,L1_ELIGIBILITY,v2026-08-11,2026-03-21..2026-08-06,baccarat_bet02_101_all_pairs_incl_sentinel,round_win = game_pnl > 0 (decisive only),COMPATIBILITY_ONLY_NOT_PRODUCTION,103.9441,86.9258,-61.3237,13,13,0.58996866,-0.33617021,0.71237508,0.58996866,61.3237,103.9441,THIN_EXPOSURE,0.0000,-2.4529,4.0000,96.0000,AG03-UNRESOLVED,ALL5_LEVELS_bet23_to_bet27,-2.4529,-2.4529,-2.4529,-3.6794,-3.6794,4.000000,4.000000,4.000000,6.000000,6.000000,96.000000,96.000000,96.000000,94.000000,94.000000,5.0,-14.7177,-13.3837,-46.6060,-47.94,PENDING_AG03,FALSE,NOT_FOR_ENFORCEMENT,-58.8708,83.4488,-61.3237,-58.8708,-2.4529,-0.58996866,-0.56636992,-2.4529,-58.8708,-0.56636992,-2.4529,-2.4529,-2.4529,-3.6794,-3.6794,-58.8708,-0.56636992,-14.7177,-13.3837,-46.6060,-47.94,-0.44837618,-0.46120961,-0.02359875,7.9957,6.6866,-4.7172,-15.3309,-15.3309,25.9860,3.2500,6.0672,8.3463,5.0594,6.1717,11.8291,13.3721,15.0436,15.4293,5.1891,4.9297,2.4375,2.5,1.295536,1,5,4,2,0.11673928,-0.58996866,0.33617021,0E-8,0.000000,0.836275,0.000000,-1.04854529,2026-05-08,2026-07-21,4,4,4,75,0.053333,0.726927,0.758805,0.389131,,,,,,,,GLOBAL_BASELINE_NO_ENTITY_RANKING,,,NOT_APPLICABLE_GLOBAL_BASELINE,HF9g-P5,,,,X 全窗基线 · 不参与实体赏罚,3929708,393,A168_HF9F_20260827_0900,2026-08-27 09:00:00
2026-05-08,149739148,2121,0,57.0805874112,31.1348658606,31.1348658606,0.6666667,3,3,0.49324550000000000,0.493245500000,0.6008033672792107,0.6008033672792106,0.6008033672792107,0E-17,ELIGIBLE,R03b_20260811_FULL_v1,L1_ELIGIBILITY,v2026-08-11,2026-03-21..2026-08-06,baccarat_bet02_101_all_pairs_incl_sentinel,round_win = game_pnl > 0 (decisive only),COMPATIBILITY_ONLY_NOT_PRODUCTION,218.2318,218.2318,-61.3220,10,10,0.28099474,0.47822581,0.19910096,0.28099474,61.3220,218.2318,THIN_EXPOSURE,0.0000,-2.4529,4.0000,96.0000,AG03-UNRESOLVED,ALL5_LEVELS_bet23_to_bet27,-2.4529,-2.4529,-2.4529,-3.0661,-3.0661,4.000000,4.000000,4.000000,5.000000,5.000000,96.000000,96.000000,96.000000,95.000000,95.000000,5.0,-13.4908,-12.358,-47.8312,-48.964,PENDING_AG03,FALSE,NOT_FOR_ENFORCEMENT,-58.8691,209.5026,-61.3220,-58.8691,-2.4529,-0.28099474,-0.26975495,-2.4529,-58.8691,-0.26975495,-2.4529,-2.4529,-2.4529,-3.0661,-3.0661,-58.8691,-0.26975495,-13.4908,-12.358,-47.8312,-48.964,-0.21917590,-0.22436706,-0.01123979,21.8232,21.8232,-6.1322,-15.3305,-12.2644,54.5580,2.5000,21.3427,22.0291,10.3783,12.9729,31.1349,48.4413,48.5374,48.5374,12.9729,-7.7453,3.741459,3.741459,1.682218,4,5,5,2,0.29339481,-0.28099474,-0.47822581,0E-8,0.000000,1.000000,0.000000,0.27912485,2026-05-08,2026-07-13,4,5,5,67,0.059702,0.968841,0.977983,0.977983,,,,,,,,GLOBAL_BASELINE_NO_ENTITY_RANKING,,,NOT_APPLICABLE_GLOBAL_BASELINE,HF9g-P5,,,,X 全窗基线 · 不参与实体赏罚,3929709,393,A168_HF9F_20260827_0900,2026-08-27 09:00:00
2026-05-22,149739148,1110,0,48.7779565150,-48.7779565150,-48.7779565150,0E-7,3,3,0.50218230000000000,0.502182300000,-1.7396270863184011,-1.7396270863184016,-1.7396270863184011,0E-17,ELIGIBLE,R03b_20260811_FULL_v1,L1_ELIGIBILITY,v2026-08-11,2026-03-21..2026-08-06,baccarat_bet02_101_all_pairs_incl_sentinel,round_win = game_pnl > 0 (decisive only),COMPATIBILITY_ONLY_NOT_PRODUCTION,218.2318,218.2318,-61.3220,10,10,0.28099474,0.47822581,0.19910096,0.28099474,61.3220,218.2318,THIN_EXPOSURE,0.0000,-2.4529,4.0000,96.0000,AG03-UNRESOLVED,ALL5_LEVELS_bet23_to_bet27,-2.4529,-2.4529,-2.4529,-3.0661,-3.0661,4.000000,4.000000,4.000000,5.000000,5.000000,96.000000,96.000000,96.000000,95.000000,95.000000,5.0,-13.4908,-12.358,-47.8312,-48.964,PENDING_AG03,FALSE,NOT_FOR_ENFORCEMENT,-58.8691,209.5026,-61.3220,-58.8691,-2.4529,-0.28099474,-0.26975495,-2.4529,-58.8691,-0.26975495,-2.4529,-2.4529,-2.4529,-3.0661,-3.0661,-58.8691,-0.26975495,-13.4908,-12.358,-47.8312,-48.964,-0.21917590,-0.22436706,-0.01123979,21.8232,21.8232,-6.1322,-15.3305,-12.2644,54.5580,2.5000,21.3427,22.0291,10.3783,12.9729,31.1349,48.4413,48.5374,48.5374,12.9729,-7.7453,3.741459,3.741459,1.682218,4,5,5,2,0.29339481,-0.28099474,-0.47822581,0E-8,0.000000,1.000000,0.000000,0.27912485,2026-05-08,2026-07-13,4,5,5,67,0.059702,0.968841,0.977983,0.977983,,,,,,,,GLOBAL_BASELINE_NO_ENTITY_RANKING,,,NOT_APPLICABLE_GLOBAL_BASELINE,HF9g-P5,,,,X 全窗基线 · 不参与实体赏罚,3929710,393,A168_HF9F_20260827_0900,2026-08-27 09:00:00
2026-06-17,149739148,2251,0,48.3452053385,48.3452053385,48.3452053385,1.0000000,1,1,0.49324550000000000,0.493245500000,1.01360149184955,1.01360149184955,1.01360149184955,0E-17,ELIGIBLE,R03b_20260811_FULL_v1,L1_ELIGIBILITY,v2026-08-11,2026-03-21..2026-08-06,baccarat_bet02_101_all_pairs_incl_sentinel,round_win = game_pnl > 0 (decisive only),COMPATIBILITY_ONLY_NOT_PRODUCTION,218.2318,218.2318,-61.3220,10,10,0.28099474,0.47822581,0.19910096,0.28099474,61.3220,218.2318,THIN_EXPOSURE,0.0000,-2.4529,4.0000,96.0000,AG03-UNRESOLVED,ALL5_LEVELS_bet23_to_bet27,-2.4529,-2.4529,-2.4529,-3.0661,-3.0661,4.000000,4.000000,4.000000,5.000000,5.000000,96.000000,96.000000,96.000000,95.000000,95.000000,5.0,-13.4908,-12.358,-47.8312,-48.964,PENDING_AG03,FALSE,NOT_FOR_ENFORCEMENT,-58.8691,209.5026,-61.3220,-58.8691,-2.4529,-0.28099474,-0.26975495,-2.4529,-58.8691,-0.26975495,-2.4529,-2.4529,-2.4529,-3.0661,-3.0661,-58.8691,-0.26975495,-13.4908,-12.358,-47.8312,-48.964,-0.21917590,-0.22436706,-0.01123979,21.8232,21.8232,-6.1322,-15.3305,-12.2644,54.5580,2.5000,21.3427,22.0291,10.3783,12.9729,31.1349,48.4413,48.5374,48.5374,12.9729,-7.7453,3.741459,3.741459,1.682218,4,5,5,2,0.29339481,-0.28099474,-0.47822581,0E-8,0.000000,1.000000,0.000000,0.27912485,2026-05-08,2026-07-13,4,5,5,67,0.059702,0.968841,0.977983,0.977983,,,,,,,,GLOBAL_BASELINE_NO_ENTITY_RANKING,,,NOT_APPLICABLE_GLOBAL_BASELINE,HF9g-P5,,,,X 全窗基线 · 不参与实体赏罚,3929711,393,A168_HF9F_20260827_0900,2026-08-27 09:00:00
2026-07-13,149739148,2223,0,58.8645341182,35.7834404771,35.7834404771,0.5000000,2,2,0.50665070000000000,0.506650700000,-0.018812684590367487,-0.018812684590367487,-0.018812684590367487,0E-17,ELIGIBLE,R03b_20260811_FULL_v1,L1_ELIGIBILITY,v2026-08-11,2026-03-21..2026-08-06,baccarat_bet02_101_all_pairs_incl_sentinel,round_win = game_pnl > 0 (decisive only),COMPATIBILITY_ONLY_NOT_PRODUCTION,218.2318,218.2318,-61.3220,10,10,0.28099474,0.47822581,0.19910096,0.28099474,61.3220,218.2318,THIN_EXPOSURE,0.0000,-2.4529,4.0000,96.0000,AG03-UNRESOLVED,ALL5_LEVELS_bet23_to_bet27,-2.4529,-2.4529,-2.4529,-3.0661,-3.0661,4.000000,4.000000,4.000000,5.000000,5.000000,96.000000,96.000000,96.000000,95.000000,95.000000,5.0,-13.4908,-12.358,-47.8312,-48.964,PENDING_AG03,FALSE,NOT_FOR_ENFORCEMENT,-58.8691,209.5026,-61.3220,-58.8691,-2.4529,-0.28099474,-0.26975495,-2.4529,-58.8691,-0.26975495,-2.4529,-2.4529,-2.4529,-3.0661,-3.0661,-58.8691,-0.26975495,-13.4908,-12.358,-47.8312,-48.964,-0.21917590,-0.22436706,-0.01123979,21.8232,21.8232,-6.1322,-15.3305,-12.2644,54.5580,2.5000,21.3427,22.0291,10.3783,12.9729,31.1349,48.4413,48.5374,48.5374,12.9729,-7.7453,3.741459,3.741459,1.682218,4,5,5,2,0.29339481,-0.28099474,-0.47822581,0E-8,0.000000,1.000000,0.000000,0.27912485,2026-05-08,2026-07-13,4,5,5,67,0.059702,0.968841,0.977983,0.977983,,,,,,,,GLOBAL_BASELINE_NO_ENTITY_RANKING,,,NOT_APPLICABLE_GLOBAL_BASELINE,HF9g-P5,,,,X 全窗基线 · 不参与实体赏罚,3929712,393,A168_HF9F_20260827_0900,2026-08-27 09:00:00
2026-07-13,149739148,2234,0,5.1635556244,-5.1635556244,-5.1635556244,0E-7,1,1,0.50665070000000000,0.506650700000,-1.013391052207602,-1.013391052207602,-1.013391052207602,0E-17,ELIGIBLE,R03b_20260811_FULL_v1,L1_ELIGIBILITY,v2026-08-11,2026-03-21..2026-08-06,baccarat_bet02_101_all_pairs_incl_sentinel,round_win = game_pnl > 0 (decisive only),COMPATIBILITY_ONLY_NOT_PRODUCTION,218.2318,218.2318,-61.3220,10,10,0.28099474,0.47822581,0.19910096,0.28099474,61.3220,218.2318,THIN_EXPOSURE,0.0000,-2.4529,4.0000,96.0000,AG03-UNRESOLVED,ALL5_LEVELS_bet23_to_bet27,-2.4529,-2.4529,-2.4529,-3.0661,-3.0661,4.000000,4.000000,4.000000,5.000000,5.000000,96.000000,96.000000,96.000000,95.000000,95.000000,5.0,-13.4908,-12.358,-47.8312,-48.964,PENDING_AG03,FALSE,NOT_FOR_ENFORCEMENT,-58.8691,209.5026,-61.3220,-58.8691,-2.4529,-0.28099474,-0.26975495,-2.4529,-58.8691,-0.26975495,-2.4529,-2.4529,-2.4529,-3.0661,-3.0661,-58.8691,-0.26975495,-13.4908,-12.358,-47.8312,-48.964,-0.21917590,-0.22436706,-0.01123979,21.8232,21.8232,-6.1322,-15.3305,-12.2644,54.5580,2.5000,21.3427,22.0291,10.3783,12.9729,31.1349,48.4413,48.5374,48.5374,12.9729,-7.7453,3.741459,3.741459,1.682218,4,5,5,2,0.29339481,-0.28099474,-0.47822581,0E-8,0.000000,1.000000,0.000000,0.27912485,2026-05-08,2026-07-13,4,5,5,67,0.059702,0.968841,0.977983,0.977983,,,,,,,,GLOBAL_BASELINE_NO_ENTITY_RANKING,,,NOT_APPLICABLE_GLOBAL_BASELINE,HF9g-P5,,,,X 全窗基线 · 不参与实体赏罚,3929713,393,A168_HF9F_20260827_0900,2026-08-27 09:00:00
2026-06-23,151947880,1384,0,256.1267261553,60.6886620207,60.6886620207,0.5000000,4,4,0.49324550000000000,0.493245500000,0.027020465636507562,0.027020465636507562,0.027020465636507562,0E-17,ELIGIBLE,R03b_20260811_FULL_v1,L1_ELIGIBILITY,v2026-08-11,2026-03-21..2026-08-06,baccarat_bet02_101_all_pairs_incl_sentinel,round_win = game_pnl > 0 (decisive only),COMPATIBILITY_ONLY_NOT_PRODUCTION,256.1267,256.1267,-60.6887,4,4,0.23694779,,0.23694779,0.23694779,60.6887,256.1267,THIN_EXPOSURE,0.0000,-1.8207,3.0000,97.0000,AG03-UNRESOLVED,ALL5_LEVELS_bet23_to_bet27,-1.8207,-1.8207,-1.8207,-2.4275,-2.4275,3.000000,3.000000,3.000000,4.000000,4.000000,97.000000,97.000000,97.000000,96.000000,96.000000,5.0,-10.3171,-9.6422,-50.3716,-51.0464,PENDING_AG03,FALSE,NOT_FOR_ENFORCEMENT,-58.8680,248.4429,-60.6887,-58.8680,-1.8207,-0.23694779,-0.22983936,-1.8207,-58.8680,-0.22983936,-1.8207,-1.8207,-1.8207,-2.4275,-2.4275,-58.8680,-0.22983936,-10.3171,-9.6422,-50.3716,-51.0464,-0.19666667,-0.19930139,-0.00710843,64.0317,64.0317,-15.1722,-60.6887,-60.6887,256.1267,4.0000,,64.0317,48.8595,60.6887,79.2038,88.4614,88.4614,88.4614,60.6887,11.8291,1.457627,1.457627,1.055085,1,1,1,1,0E-8,-0.23694779,,0E-8,0.000000,1.000000,0.000000,,2026-06-23,2026-06-23,1,1,1,1,1.000000,,,0.000000,,,,,,,,GLOBAL_BASELINE_NO_ENTITY_RANKING,,,NOT_APPLICABLE_GLOBAL_BASELINE,HF9g-P5,,,,X 全窗基线 · 不参与实体赏罚,3929714,393,A168_HF9F_20260827_0900,2026-08-27 09:00:00
2026-06-06,151098629,1704,0,164.5794224288,-41.1448556072,-41.1448556072,0.3750000,8,8,0.49324550000000000,0.493245500000,-0.6689586021016365,-0.6689586021016365,-0.6689586021016365,0E-17,ELIGIBLE,R03b_20260811_FULL_v1,L1_ELIGIBILITY,v2026-08-11,2026-03-21..2026-08-06,baccarat_bet02_101_all_pairs_incl_sentinel,round_win = game_pnl > 0 (decisive only),COMPATIBILITY_ONLY_NOT_PRODUCTION,473.1658,432.0210,-60.6887,23,23,0.12826087,,0.12826087,0.12826087,60.6887,473.1658,THIN_EXPOSURE,0.0000,-1.8207,3.0000,97.0000,AG03-UNRESOLVED,ALL5_LEVELS_bet23_to_bet27,-1.8207,-1.8207,-1.8207,-2.4275,-2.4275,3.000000,3.000000,3.000000,4.000000,4.000000,97.000000,97.000000,97.000000,96.000000,96.000000,5.0,-10.3171,-9.6422,-50.3716,-51.0464,PENDING_AG03,FALSE,NOT_FOR_ENFORCEMENT,-58.8680,419.0604,-60.6887,-58.8680,-1.8207,-0.12826087,-0.12441304,-1.8207,-58.8680,-0.12441304,-1.8207,-1.8207,-1.8207,-2.4275,-2.4275,-58.8680,-0.12441304,-10.3171,-9.6422,-50.3716,-51.0464,-0.10645652,-0.10788271,-0.00384783,20.5724,18.7835,-2.6386,-60.6887,-30.3443,473.1658,23.0000,,20.5724,20.5724,20.5724,20.5724,20.5724,20.5724,20.5724,20.5724,19.5438,1.0,1.0,1.0,2,3,2,2,0E-8,-0.12826087,,0E-8,0.000000,0.913043,0.000000,,2026-06-06,2026-06-06,1,2,2,1,1.000000,,,0.000000,,,,,,,,GLOBAL_BASELINE_NO_ENTITY_RANKING,,,NOT_APPLICABLE_GLOBAL_BASELINE,HF9g-P5,,,,X 全窗基线 · 不参与实体赏罚,3929715,393,A168_HF9F_20260827_0900,2026-08-27 09:00:00
2026-06-06,151098629,1940,0,20.5724278036,-20.5724278036,-20.5724278036,0E-7,1,1,0.49324550000000000,0.493245500000,-0.9865810262130424,-0.9865810262130424,-0.9865810262130424,0E-17,ELIGIBLE,R03b_20260811_FULL_v1,L1_ELIGIBILITY,v2026-08-11,2026-03-21..2026-08-06,baccarat_bet02_101_all_pairs_incl_sentinel,round_win = game_pnl > 0 (decisive only),COMPATIBILITY_ONLY_NOT_PRODUCTION,473.1658,432.0210,-60.6887,23,23,0.12826087,,0.12826087,0.12826087,60.6887,473.1658,THIN_EXPOSURE,0.0000,-1.8207,3.0000,97.0000,AG03-UNRESOLVED,ALL5_LEVELS_bet23_to_bet27,-1.8207,-1.8207,-1.8207,-2.4275,-2.4275,3.000000,3.000000,3.000000,4.000000,4.000000,97.000000,97.000000,97.000000,96.000000,96.000000,5.0,-10.3171,-9.6422,-50.3716,-51.0464,PENDING_AG03,FALSE,NOT_FOR_ENFORCEMENT,-58.8680,419.0604,-60.6887,-58.8680,-1.8207,-0.12826087,-0.12441304,-1.8207,-58.8680,-0.12441304,-1.8207,-1.8207,-1.8207,-2.4275,-2.4275,-58.8680,-0.12441304,-10.3171,-9.6422,-50.3716,-51.0464,-0.10645652,-0.10788271,-0.00384783,20.5724,18.7835,-2.6386,-60.6887,-30.3443,473.1658,23.0000,,20.5724,20.5724,20.5724,20.5724,20.5724,20.5724,20.5724,20.5724,19.5438,1.0,1.0,1.0,2,3,2,2,0E-8,-0.12826087,,0E-8,0.000000,0.913043,0.000000,,2026-06-06,2026-06-06,1,2,2,1,1.000000,,,0.000000,,,,,,,,GLOBAL_BASELINE_NO_ENTITY_RANKING,,,NOT_APPLICABLE_GLOBAL_BASELINE,HF9g-P5,,,,X 全窗基线 · 不参与实体赏罚,3929716,393,A168_HF9F_20260827_0900,2026-08-27 09:00:00
2026-06-06,151098629,2252,0,288.0139892504,122.4059454315,122.4059454315,0.7500000,14,14,0.49516052857142857,0.495160528571,1.7656623564231257,1.7656623564261102,1.7656623564231257,4.2857E-13,ELIGIBLE,R03b_20260811_FULL_v1,L1_ELIGIBILITY,v2026-08-11,2026-03-21..2026-08-06,baccarat_bet02_101_all_pairs_incl_sentinel,round_win = game_pnl > 0 (decisive only),COMPATIBILITY_ONLY_NOT_PRODUCTION,473.1658,432.0210,-60.6887,23,23,0.12826087,,0.12826087,0.12826087,60.6887,473.1658,THIN_EXPOSURE,0.0000,-1.8207,3.0000,97.0000,AG03-UNRESOLVED,ALL5_LEVELS_bet23_to_bet27,-1.8207,-1.8207,-1.8207,-2.4275,-2.4275,3.000000,3.000000,3.000000,4.000000,4.000000,97.000000,97.000000,97.000000,96.000000,96.000000,5.0,-10.3171,-9.6422,-50.3716,-51.0464,PENDING_AG03,FALSE,NOT_FOR_ENFORCEMENT,-58.8680,419.0604,-60.6887,-58.8680,-1.8207,-0.12826087,-0.12441304,-1.8207,-58.8680,-0.12441304,-1.8207,-1.8207,-1.8207,-2.4275,-2.4275,-58.8680,-0.12441304,-10.3171,-9.6422,-50.3716,-51.0464,-0.10645652,-0.10788271,-0.00384783,20.5724,18.7835,-2.6386,-60.6887,-30.3443,473.1658,23.0000,,20.5724,20.5724,20.5724,20.5724,20.5724,20.5724,20.5724,20.5724,19.5438,1.0,1.0,1.0,2,3,2,2,0E-8,-0.12826087,,0E-8,0.000000,0.913043,0.000000,,2026-06-06,2026-06-06,1,2,2,1,1.000000,,,0.000000,,,,,,,,GLOBAL_BASELINE_NO_ENTITY_RANKING,,,NOT_APPLICABLE_GLOBAL_BASELINE,HF9g-P5,,,,X 全窗基线 · 不参与实体赏罚,3929717,393,A168_HF9F_20260827_0900,2026-08-27 09:00:00
2026-06-24,151910927,-1,1,866.6135212281,-436.5212024584,-436.5212024584,0.5000000,7,6,0.49709528888889988,0.467844975000,0.014230360279767219,0.15785357005604128,0.014230360279767219,0.02925031388889988,SENTINEL_DEALER,R03b_20260811_FULL_v1,L1_ELIGIBILITY,v2026-08-11,2026-03-21..2026-08-06,baccarat_bet02_101_all_pairs_incl_sentinel,round_win = game_pnl > 0 (decisive only),COMPATIBILITY_ONLY_NOT_PRODUCTION,15700.8769,14067.9404,-60.6887,111,103,0.00386530,,0.00386530,0.00386530,60.6887,15700.8769,OK,0.0000,-1.8207,3.0000,97.0000,AG03-UNRESOLVED,ALL5_LEVELS_bet23_to_bet27,-1.8207,-1.8207,-1.8207,-2.4275,-3.0344,3.000000,3.000000,3.000000,4.000000,5.000000,97.000000,97.000000,97.000000,96.000000,95.000000,5.0,-10.9240,-10.174,-49.7647,-50.5147,PENDING_AG03,FALSE,NOT_FOR_ENFORCEMENT,-58.8680,13645.9022,-60.6887,-58.8680,-1.8207,-0.00386530,-0.00374934,-1.8207,-58.8680,-0.00374934,-1.8207,-1.8207,-1.8207,-2.4275,-3.0344,-58.8680,-0.00374934,-10.9240,-10.174,-49.7647,-50.5147,-0.00316955,-0.00321732,-0.00011596,141.4493,136.5819,-0.5892,-15.1722,-1.1671,3925.2192,25.7500,,141.4493,51.4311,102.8621,225.0109,329.1585,410.1627,517.3964,77.1466,0.0,3.9875,5.029999,1.375135,24,31,9,3,0E-8,-0.00386530,,0E-8,0.000000,0.895997,0.000000,,2026-06-24,2026-06-29,4,52,47,6,0.666667,,,0.000000,,,,,,,,GLOBAL_BASELINE_NO_ENTITY_RANKING,,,NOT_APPLICABLE_GLOBAL_BASELINE,HF9g-P5,,,,X 全窗基线 · 不参与实体赏罚,3929718,393,A168_HF9F_20260827_0900,2026-08-27 09:00:00
2026-06-24,151910927,1205,0,810.0393447682,694.3194383728,694.3194383728,0.7500000,4,4,0.50665070000000000,0.506650700000,0.9734833216690844,0.9734833216690844,0.9734833216690844,0E-17,ELIGIBLE,R03b_20260811_FULL_v1,L1_ELIGIBILITY,v2026-08-11,2026-03-21..2026-08-06,baccarat_bet02_101_all_pairs_incl_sentinel,round_win = game_pnl > 0 (decisive only),COMPATIBILITY_ONLY_NOT_PRODUCTION,15700.8769,14067.9404,-60.6887,111,103,0.00386530,,0.00386530,0.00386530,60.6887,15700.8769,OK,0.0000,-1.8207,3.0000,97.0000,AG03-UNRESOLVED,ALL5_LEVELS_bet23_to_bet27,-1.8207,-1.8207,-1.8207,-2.4275,-3.0344,3.000000,3.000000,3.000000,4.000000,5.000000,97.000000,97.000000,97.000000,96.000000,95.000000,5.0,-10.9240,-10.174,-49.7647,-50.5147,PENDING_AG03,FALSE,NOT_FOR_ENFORCEMENT,-58.8680,13645.9022,-60.6887,-58.8680,-1.8207,-0.00386530,-0.00374934,-1.8207,-58.8680,-0.00374934,-1.8207,-1.8207,-1.8207,-2.4275,-3.0344,-58.8680,-0.00374934,-10.9240,-10.174,-49.7647,-50.5147,-0.00316955,-0.00321732,-0.00011596,141.4493,136.5819,-0.5892,-15.1722,-1.1671,3925.2192,25.7500,,141.4493,51.4311,102.8621,225.0109,329.1585,410.1627,517.3964,77.1466,0.0,3.9875,5.029999,1.375135,24,31,9,3,0E-8,-0.00386530,,0E-8,0.000000,0.895997,0.000000,,2026-06-24,2026-06-29,4,52,47,6,0.666667,,,0.000000,,,,,,,,GLOBAL_BASELINE_NO_ENTITY_RANKING,,,NOT_APPLICABLE_GLOBAL_BASELINE,HF9g-P5,,,,X 全窗基线 · 不参与实体赏罚,3929719,393,A168_HF9F_20260827_0900,2026-08-27 09:00:00
2026-06-24,151910927,1302,0,115.7199063955,0E-10,0E-10,,1,1,0.50665070000000000,0.506650700000,,,,0E-17,NO_DECISIVE_ROUND,R03b_20260811_FULL_v1,L1_ELIGIBILITY,v2026-08-11,2026-03-21..2026-08-06,baccarat_bet02_101_all_pairs_incl_sentinel,round_win = game_pnl > 0 (decisive only),COMPATIBILITY_ONLY_NOT_PRODUCTION,15700.8769,14067.9404,-60.6887,111,103,0.00386530,,0.00386530,0.00386530,60.6887,15700.8769,OK,0.0000,-1.8207,3.0000,97.0000,AG03-UNRESOLVED,ALL5_LEVELS_bet23_to_bet27,-1.8207,-1.8207,-1.8207,-2.4275,-3.0344,3.000000,3.000000,3.000000,4.000000,5.000000,97.000000,97.000000,97.000000,96.000000,95.000000,5.0,-10.9240,-10.174,-49.7647,-50.5147,PENDING_AG03,FALSE,NOT_FOR_ENFORCEMENT,-58.8680,13645.9022,-60.6887,-58.8680,-1.8207,-0.00386530,-0.00374934,-1.8207,-58.8680,-0.00374934,-1.8207,-1.8207,-1.8207,-2.4275,-3.0344,-58.8680,-0.00374934,-10.9240,-10.174,-49.7647,-50.5147,-0.00316955,-0.00321732,-0.00011596,141.4493,136.5819,-0.5892,-15.1722,-1.1671,3925.2192,25.7500,,141.4493,51.4311,102.8621,225.0109,329.1585,410.1627,517.3964,77.1466,0.0,3.9875,5.029999,1.375135,24,31,9,3,0E-8,-0.00386530,,0E-8,0.000000,0.895997,0.000000,,2026-06-24,2026-06-29,4,52,47,6,0.666667,,,0.000000,,,,,,,,GLOBAL_BASELINE_NO_ENTITY_RANKING,,,NOT_APPLICABLE_GLOBAL_BASELINE,HF9g-P5,,,,X 全窗基线 · 不参与实体赏罚,3929720,393,A168_HF9F_20260827_0900,2026-08-27 09:00:00
2026-06-24,151910927,1401,0,565.7417646000,0E-10,0E-10,0.5000000,4,4,0.49324550000000000,0.493245500000,0.027020465636507562,0.027020465636507562,0.027020465636507562,0E-17,ELIGIBLE,R03b_20260811_FULL_v1,L1_ELIGIBILITY,v2026-08-11,2026-03-21..2026-08-06,baccarat_bet02_101_all_pairs_incl_sentinel,round_win = game_pnl > 0 (decisive only),COMPATIBILITY_ONLY_NOT_PRODUCTION,15700.8769,14067.9404,-60.6887,111,103,0.00386530,,0.00386530,0.00386530,60.6887,15700.8769,OK,0.0000,-1.8207,3.0000,97.0000,AG03-UNRESOLVED,ALL5_LEVELS_bet23_to_bet27,-1.8207,-1.8207,-1.8207,-2.4275,-3.0344,3.000000,3.000000,3.000000,4.000000,5.000000,97.000000,97.000000,97.000000,96.000000,95.000000,5.0,-10.9240,-10.174,-49.7647,-50.5147,PENDING_AG03,FALSE,NOT_FOR_ENFORCEMENT,-58.8680,13645.9022,-60.6887,-58.8680,-1.8207,-0.00386530,-0.00374934,-1.8207,-58.8680,-0.00374934,-1.8207,-1.8207,-1.8207,-2.4275,-3.0344,-58.8680,-0.00374934,-10.9240,-10.174,-49.7647,-50.5147,-0.00316955,-0.00321732,-0.00011596,141.4493,136.5819,-0.5892,-15.1722,-1.1671,3925.2192,25.7500,,141.4493,51.4311,102.8621,225.0109,329.1585,410.1627,517.3964,77.1466,0.0,3.9875,5.029999,1.375135,24,31,9,3,0E-8,-0.00386530,,0E-8,0.000000,0.895997,0.000000,,2026-06-24,2026-06-29,4,52,47,6,0.666667,,,0.000000,,,,,,,,GLOBAL_BASELINE_NO_ENTITY_RANKING,,,NOT_APPLICABLE_GLOBAL_BASELINE,HF9g-P5,,,,X 全窗基线 · 不参与实体赏罚,3929721,393,A168_HF9F_20260827_0900,2026-08-27 09:00:00
2026-06-24,151910927,1402,0,25.7155347545,24.4297580168,24.4297580168,1.0000000,1,1,0.50665070000000000,0.506650700000,0.9867858985152569,0.9867858985152569,0.9867858985152569,0E-17,ELIGIBLE,R03b_20260811_FULL_v1,L1_ELIGIBILITY,v2026-08-11,2026-03-21..2026-08-06,baccarat_bet02_101_all_pairs_incl_sentinel,round_win = game_pnl > 0 (decisive only),COMPATIBILITY_ONLY_NOT_PRODUCTION,15700.8769,14067.9404,-60.6887,111,103,0.00386530,,0.00386530,0.00386530,60.6887,15700.8769,OK,0.0000,-1.8207,3.0000,97.0000,AG03-UNRESOLVED,ALL5_LEVELS_bet23_to_bet27,-1.8207,-1.8207,-1.8207,-2.4275,-3.0344,3.000000,3.000000,3.000000,4.000000,5.000000,97.000000,97.000000,97.000000,96.000000,95.000000,5.0,-10.9240,-10.174,-49.7647,-50.5147,PENDING_AG03,FALSE,NOT_FOR_ENFORCEMENT,-58.8680,13645.9022,-60.6887,-58.8680,-1.8207,-0.00386530,-0.00374934,-1.8207,-58.8680,-0.00374934,-1.8207,-1.8207,-1.8207,-2.4275,-3.0344,-58.8680,-0.00374934,-10.9240,-10.174,-49.7647,-50.5147,-0.00316955,-0.00321732,-0.00011596,141.4493,136.5819,-0.5892,-15.1722,-1.1671,3925.2192,25.7500,,141.4493,51.4311,102.8621,225.0109,329.1585,410.1627,517.3964,77.1466,0.0,3.9875,5.029999,1.375135,24,31,9,3,0E-8,-0.00386530,,0E-8,0.000000,0.895997,0.000000,,2026-06-24,2026-06-29,4,52,47,6,0.666667,,,0.000000,,,,,,,,GLOBAL_BASELINE_NO_ENTITY_RANKING,,,NOT_APPLICABLE_GLOBAL_BASELINE,HF9g-P5,,,,X 全窗基线 · 不参与实体赏罚,3929722,393,A168_HF9F_20260827_0900,2026-08-27 09:00:00
2026-06-24,151910927,1405,0,205.7242780364,-105.4336924937,-105.4336924937,0.5000000,2,2,0.50665070000000000,0.506650700000,-0.018812684590367487,-0.018812684590367487,-0.018812684590367487,0E-17,ELIGIBLE,R03b_20260811_FULL_v1,L1_ELIGIBILITY,v2026-08-11,2026-03-21..2026-08-06,baccarat_bet02_101_all_pairs_incl_sentinel,round_win = game_pnl > 0 (decisive only),COMPATIBILITY_ONLY_NOT_PRODUCTION,15700.8769,14067.9404,-60.6887,111,103,0.00386530,,0.00386530,0.00386530,60.6887,15700.8769,OK,0.0000,-1.8207,3.0000,97.0000,AG03-UNRESOLVED,ALL5_LEVELS_bet23_to_bet27,-1.8207,-1.8207,-1.8207,-2.4275,-3.0344,3.000000,3.000000,3.000000,4.000000,5.000000,97.000000,97.000000,97.000000,96.000000,95.000000,5.0,-10.9240,-10.174,-49.7647,-50.5147,PENDING_AG03,FALSE,NOT_FOR_ENFORCEMENT,-58.8680,13645.9022,-60.6887,-58.8680,-1.8207,-0.00386530,-0.00374934,-1.8207,-58.8680,-0.00374934,-1.8207,-1.8207,-1.8207,-2.4275,-3.0344,-58.8680,-0.00374934,-10.9240,-10.174,-49.7647,-50.5147,-0.00316955,-0.00321732,-0.00011596,141.4493,136.5819,-0.5892,-15.1722,-1.1671,3925.2192,25.7500,,141.4493,51.4311,102.8621,225.0109,329.1585,410.1627,517.3964,77.1466,0.0,3.9875,5.029999,1.375135,24,31,9,3,0E-8,-0.00386530,,0E-8,0.000000,0.895997,0.000000,,2026-06-24,2026-06-29,4,52,47,6,0.666667,,,0.000000,,,,,,,,GLOBAL_BASELINE_NO_ENTITY_RANKING,,,NOT_APPLICABLE_GLOBAL_BASELINE,HF9g-P5,,,,X 全窗基线 · 不参与实体赏罚,3929723,393,A168_HF9F_20260827_0900,2026-08-27 09:00:00
2026-06-24,151910927,1509,0,108.0052459691,92.5759251164,92.5759251164,1.0000000,2,1,0.48702937142860776,0.300626750000,1.0262866344487953,1.5252488199758223,1.0262866344487953,0.18640262142860776,ELIGIBLE,R03b_20260811_FULL_v1,L1_ELIGIBILITY,v2026-08-11,2026-03-21..2026-08-06,baccarat_bet02_101_all_pairs_incl_sentinel,round_win = game_pnl > 0 (decisive only),COMPATIBILITY_ONLY_NOT_PRODUCTION,15700.8769,14067.9404,-60.6887,111,103,0.00386530,,0.00386530,0.00386530,60.6887,15700.8769,OK,0.0000,-1.8207,3.0000,97.0000,AG03-UNRESOLVED,ALL5_LEVELS_bet23_to_bet27,-1.8207,-1.8207,-1.8207,-2.4275,-3.0344,3.000000,3.000000,3.000000,4.000000,5.000000,97.000000,97.000000,97.000000,96.000000,95.000000,5.0,-10.9240,-10.174,-49.7647,-50.5147,PENDING_AG03,FALSE,NOT_FOR_ENFORCEMENT,-58.8680,13645.9022,-60.6887,-58.8680,-1.8207,-0.00386530,-0.00374934,-1.8207,-58.8680,-0.00374934,-1.8207,-1.8207,-1.8207,-2.4275,-3.0344,-58.8680,-0.00374934,-10.9240,-10.174,-49.7647,-50.5147,-0.00316955,-0.00321732,-0.00011596,141.4493,136.5819,-0.5892,-15.1722,-1.1671,3925.2192,25.7500,,141.4493,51.4311,102.8621,225.0109,329.1585,410.1627,517.3964,77.1466,0.0,3.9875,5.029999,1.375135,24,31,9,3,0E-8,-0.00386530,,0E-8,0.000000,0.895997,0.000000,,2026-06-24,2026-06-29,4,52,47,6,0.666667,,,0.000000,,,,,,,,GLOBAL_BASELINE_NO_ENTITY_RANKING,,,NOT_APPLICABLE_GLOBAL_BASELINE,HF9g-P5,,,,X 全窗基线 · 不参与实体赏罚,3929724,393,A168_HF9F_20260827_0900,2026-08-27 09:00:00
2026-06-24,151910927,1654,0,102.8621390182,72.6463856816,72.6463856816,0.6666667,3,3,0.50665070000000000,0.506650700000,0.5543606114942035,0.5543606114942035,0.5543606114942035,0E-17,ELIGIBLE,R03b_20260811_FULL_v1,L1_ELIGIBILITY,v2026-08-11,2026-03-21..2026-08-06,baccarat_bet02_101_all_pairs_incl_sentinel,round_win = game_pnl > 0 (decisive only),COMPATIBILITY_ONLY_NOT_PRODUCTION,15700.8769,14067.9404,-60.6887,111,103,0.00386530,,0.00386530,0.00386530,60.6887,15700.8769,OK,0.0000,-1.8207,3.0000,97.0000,AG03-UNRESOLVED,ALL5_LEVELS_bet23_to_bet27,-1.8207,-1.8207,-1.8207,-2.4275,-3.0344,3.000000,3.000000,3.000000,4.000000,5.000000,97.000000,97.000000,97.000000,96.000000,95.000000,5.0,-10.9240,-10.174,-49.7647,-50.5147,PENDING_AG03,FALSE,NOT_FOR_ENFORCEMENT,-58.8680,13645.9022,-60.6887,-58.8680,-1.8207,-0.00386530,-0.00374934,-1.8207,-58.8680,-0.00374934,-1.8207,-1.8207,-1.8207,-2.4275,-3.0344,-58.8680,-0.00374934,-10.9240,-10.174,-49.7647,-50.5147,-0.00316955,-0.00321732,-0.00011596,141.4493,136.5819,-0.5892,-15.1722,-1.1671,3925.2192,25.7500,,141.4493,51.4311,102.8621,225.0109,329.1585,410.1627,517.3964,77.1466,0.0,3.9875,5.029999,1.375135,24,31,9,3,0E-8,-0.00386530,,0E-8,0.000000,0.895997,0.000000,,2026-06-24,2026-06-29,4,52,47,6,0.666667,,,0.000000,,,,,,,,GLOBAL_BASELINE_NO_ENTITY_RANKING,,,NOT_APPLICABLE_GLOBAL_BASELINE,HF9g-P5,,,,X 全窗基线 · 不参与实体赏罚,3929725,393,A168_HF9F_20260827_0900,2026-08-27 09:00:00
2026-06-24,151910927,1957,0,141.4354411500,-77.1466042636,-77.1466042636,0E-7,2,2,0.49324550000000000,0.493245500000,-0.9865810262130424,-0.9865810262130424,-0.9865810262130424,0E-17,ELIGIBLE,R03b_20260811_FULL_v1,L1_ELIGIBILITY,v2026-08-11,2026-03-21..2026-08-06,baccarat_bet02_101_all_pairs_incl_sentinel,round_win = game_pnl > 0 (decisive only),COMPATIBILITY_ONLY_NOT_PRODUCTION,15700.8769,14067.9404,-60.6887,111,103,0.00386530,,0.00386530,0.00386530,60.6887,15700.8769,OK,0.0000,-1.8207,3.0000,97.0000,AG03-UNRESOLVED,ALL5_LEVELS_bet23_to_bet27,-1.8207,-1.8207,-1.8207,-2.4275,-3.0344,3.000000,3.000000,3.000000,4.000000,5.000000,97.000000,97.000000,97.000000,96.000000,95.000000,5.0,-10.9240,-10.174,-49.7647,-50.5147,PENDING_AG03,FALSE,NOT_FOR_ENFORCEMENT,-58.8680,13645.9022,-60.6887,-58.8680,-1.8207,-0.00386530,-0.00374934,-1.8207,-58.8680,-0.00374934,-1.8207,-1.8207,-1.8207,-2.4275,-3.0344,-58.8680,-0.00374934,-10.9240,-10.174,-49.7647,-50.5147,-0.00316955,-0.00321732,-0.00011596,141.4493,136.5819,-0.5892,-15.1722,-1.1671,3925.2192,25.7500,,141.4493,51.4311,102.8621,225.0109,329.1585,410.1627,517.3964,77.1466,0.0,3.9875,5.029999,1.375135,24,31,9,3,0E-8,-0.00386530,,0E-8,0.000000,0.895997,0.000000,,2026-06-24,2026-06-29,4,52,47,6,0.666667,,,0.000000,,,,,,,,GLOBAL_BASELINE_NO_ENTITY_RANKING,,,NOT_APPLICABLE_GLOBAL_BASELINE,HF9g-P5,,,,X 全窗基线 · 不参与实体赏罚,3929726,393,A168_HF9F_20260827_0900,2026-08-27 09:00:00
2026-06-24,151910927,2093,0,385.7330213182,257.1553475455,257.1553475455,1.0000000,2,2,0.49324550000000000,0.493245500000,1.01360149184955,1.01360149184955,1.01360149184955,0E-17,ELIGIBLE,R03b_20260811_FULL_v1,L1_ELIGIBILITY,v2026-08-11,2026-03-21..2026-08-06,baccarat_bet02_101_all_pairs_incl_sentinel,round_win = game_pnl > 0 (decisive only),COMPATIBILITY_ONLY_NOT_PRODUCTION,15700.8769,14067.9404,-60.6887,111,103,0.00386530,,0.00386530,0.00386530,60.6887,15700.8769,OK,0.0000,-1.8207,3.0000,97.0000,AG03-UNRESOLVED,ALL5_LEVELS_bet23_to_bet27,-1.8207,-1.8207,-1.8207,-2.4275,-3.0344,3.000000,3.000000,3.000000,4.000000,5.000000,97.000000,97.000000,97.000000,96.000000,95.000000,5.0,-10.9240,-10.174,-49.7647,-50.5147,PENDING_AG03,FALSE,NOT_FOR_ENFORCEMENT,-58.8680,13645.9022,-60.6887,-58.8680,-1.8207,-0.00386530,-0.00374934,-1.8207,-58.8680,-0.00374934,-1.8207,-1.8207,-1.8207,-2.4275,-3.0344,-58.8680,-0.00374934,-10.9240,-10.174,-49.7647,-50.5147,-0.00316955,-0.00321732,-0.00011596,141.4493,136.5819,-0.5892,-15.1722,-1.1671,3925.2192,25.7500,,141.4493,51.4311,102.8621,225.0109,329.1585,410.1627,517.3964,77.1466,0.0,3.9875,5.029999,1.375135,24,31,9,3,0E-8,-0.00386530,,0E-8,0.000000,0.895997,0.000000,,2026-06-24,2026-06-29,4,52,47,6,0.666667,,,0.000000,,,,,,,,GLOBAL_BASELINE_NO_ENTITY_RANKING,,,NOT_APPLICABLE_GLOBAL_BASELINE,HF9g-P5,,,,X 全窗基线 · 不参与实体赏罚,3929727,393,A168_HF9F_20260827_0900,2026-08-27 09:00:00
2026-06-24,151910927,2101,0,231.4398127909,0E-10,0E-10,,1,1,0.49324550000000000,0.493245500000,,,,0E-17,NO_DECISIVE_ROUND,R03b_20260811_FULL_v1,L1_ELIGIBILITY,v2026-08-11,2026-03-21..2026-08-06,baccarat_bet02_101_all_pairs_incl_sentinel,round_win = game_pnl > 0 (decisive only),COMPATIBILITY_ONLY_NOT_PRODUCTION,15700.8769,14067.9404,-60.6887,111,103,0.00386530,,0.00386530,0.00386530,60.6887,15700.8769,OK,0.0000,-1.8207,3.0000,97.0000,AG03-UNRESOLVED,ALL5_LEVELS_bet23_to_bet27,-1.8207,-1.8207,-1.8207,-2.4275,-3.0344,3.000000,3.000000,3.000000,4.000000,5.000000,97.000000,97.000000,97.000000,96.000000,95.000000,5.0,-10.9240,-10.174,-49.7647,-50.5147,PENDING_AG03,FALSE,NOT_FOR_ENFORCEMENT,-58.8680,13645.9022,-60.6887,-58.8680,-1.8207,-0.00386530,-0.00374934,-1.8207,-58.8680,-0.00374934,-1.8207,-1.8207,-1.8207,-2.4275,-3.0344,-58.8680,-0.00374934,-10.9240,-10.174,-49.7647,-50.5147,-0.00316955,-0.00321732,-0.00011596,141.4493,136.5819,-0.5892,-15.1722,-1.1671,3925.2192,25.7500,,141.4493,51.4311,102.8621,225.0109,329.1585,410.1627,517.3964,77.1466,0.0,3.9875,5.029999,1.375135,24,31,9,3,0E-8,-0.00386530,,0E-8,0.000000,0.895997,0.000000,,2026-06-24,2026-06-29,4,52,47,6,0.666667,,,0.000000,,,,,,,,GLOBAL_BASELINE_NO_ENTITY_RANKING,,,NOT_APPLICABLE_GLOBAL_BASELINE,HF9g-P5,,,,X 全窗基线 · 不参与实体赏罚,3929728,393,A168_HF9F_20260827_0900,2026-08-27 09:00:00
2026-06-24,151910927,2127,0,817.7540051945,-16.4579422428,-16.4579422428,0.6000000,10,10,0.49994810000000000,0.499948100000,0.6327837798637467,0.6327837798637467,0.6327837798637467,0E-17,ELIGIBLE,R03b_20260811_FULL_v1,L1_ELIGIBILITY,v2026-08-11,2026-03-21..2026-08-06,baccarat_bet02_101_all_pairs_incl_sentinel,round_win = game_pnl > 0 (decisive only),COMPATIBILITY_ONLY_NOT_PRODUCTION,15700.8769,14067.9404,-60.6887,111,103,0.00386530,,0.00386530,0.00386530,60.6887,15700.8769,OK,0.0000,-1.8207,3.0000,97.0000,AG03-UNRESOLVED,ALL5_LEVELS_bet23_to_bet27,-1.8207,-1.8207,-1.8207,-2.4275,-3.0344,3.000000,3.000000,3.000000,4.000000,5.000000,97.000000,97.000000,97.000000,96.000000,95.000000,5.0,-10.9240,-10.174,-49.7647,-50.5147,PENDING_AG03,FALSE,NOT_FOR_ENFORCEMENT,-58.8680,13645.9022,-60.6887,-58.8680,-1.8207,-0.00386530,-0.00374934,-1.8207,-58.8680,-0.00374934,-1.8207,-1.8207,-1.8207,-2.4275,-3.0344,-58.8680,-0.00374934,-10.9240,-10.174,-49.7647,-50.5147,-0.00316955,-0.00321732,-0.00011596,141.4493,136.5819,-0.5892,-15.1722,-1.1671,3925.2192,25.7500,,141.4493,51.4311,102.8621,225.0109,329.1585,410.1627,517.3964,77.1466,0.0,3.9875,5.029999,1.375135,24,31,9,3,0E-8,-0.00386530,,0E-8,0.000000,0.895997,0.000000,,2026-06-24,2026-06-29,4,52,47,6,0.666667,,,0.000000,,,,,,,,GLOBAL_BASELINE_NO_ENTITY_RANKING,,,NOT_APPLICABLE_GLOBAL_BASELINE,HF9g-P5,,,,X 全窗基线 · 不参与实体赏罚,3929729,393,A168_HF9F_20260827_0900,2026-08-27 09:00:00
2026-06-24,151910927,2145,0,205.7242780363,205.7242780363,205.7242780363,1.0000000,3,3,0.49324550000000000,0.493245500000,1.755609282511032,1.7556092825110319,1.755609282511032,0E-17,ELIGIBLE,R03b_20260811_FULL_v1,L1_ELIGIBILITY,v2026-08-11,2026-03-21..2026-08-06,baccarat_bet02_101_all_pairs_incl_sentinel,round_win = game_pnl > 0 (decisive only),COMPATIBILITY_ONLY_NOT_PRODUCTION,15700.8769,14067.9404,-60.6887,111,103,0.00386530,,0.00386530,0.00386530,60.6887,15700.8769,OK,0.0000,-1.8207,3.0000,97.0000,AG03-UNRESOLVED,ALL5_LEVELS_bet23_to_bet27,-1.8207,-1.8207,-1.8207,-2.4275,-3.0344,3.000000,3.000000,3.000000,4.000000,5.000000,97.000000,97.000000,97.000000,96.000000,95.000000,5.0,-10.9240,-10.174,-49.7647,-50.5147,PENDING_AG03,FALSE,NOT_FOR_ENFORCEMENT,-58.8680,13645.9022,-60.6887,-58.8680,-1.8207,-0.00386530,-0.00374934,-1.8207,-58.8680,-0.00374934,-1.8207,-1.8207,-1.8207,-2.4275,-3.0344,-58.8680,-0.00374934,-10.9240,-10.174,-49.7647,-50.5147,-0.00316955,-0.00321732,-0.00011596,141.4493,136.5819,-0.5892,-15.1722,-1.1671,3925.2192,25.7500,,141.4493,51.4311,102.8621,225.0109,329.1585,410.1627,517.3964,77.1466,0.0,3.9875,5.029999,1.375135,24,31,9,3,0E-8,-0.00386530,,0E-8,0.000000,0.895997,0.000000,,2026-06-24,2026-06-29,4,52,47,6,0.666667,,,0.000000,,,,,,,,GLOBAL_BASELINE_NO_ENTITY_RANKING,,,NOT_APPLICABLE_GLOBAL_BASELINE,HF9g-P5,,,,X 全窗基线 · 不参与实体赏罚,3929730,393,A168_HF9F_20260827_0900,2026-08-27 09:00:00
2026-06-24,151910927,2177,0,205.7242780364,195.4380641345,195.4380641345,1.0000000,1,1,0.50665070000000000,0.506650700000,0.9867858985152569,0.9867858985152569,0.9867858985152569,0E-17,ELIGIBLE,R03b_20260811_FULL_v1,L1_ELIGIBILITY,v2026-08-11,2026-03-21..2026-08-06,baccarat_bet02_101_all_pairs_incl_sentinel,round_win = game_pnl > 0 (decisive only),COMPATIBILITY_ONLY_NOT_PRODUCTION,15700.8769,14067.9404,-60.6887,111,103,0.00386530,,0.00386530,0.00386530,60.6887,15700.8769,OK,0.0000,-1.8207,3.0000,97.0000,AG03-UNRESOLVED,ALL5_LEVELS_bet23_to_bet27,-1.8207,-1.8207,-1.8207,-2.4275,-3.0344,3.000000,3.000000,3.000000,4.000000,5.000000,97.000000,97.000000,97.000000,96.000000,95.000000,5.0,-10.9240,-10.174,-49.7647,-50.5147,PENDING_AG03,FALSE,NOT_FOR_ENFORCEMENT,-58.8680,13645.9022,-60.6887,-58.8680,-1.8207,-0.00386530,-0.00374934,-1.8207,-58.8680,-0.00374934,-1.8207,-1.8207,-1.8207,-2.4275,-3.0344,-58.8680,-0.00374934,-10.9240,-10.174,-49.7647,-50.5147,-0.00316955,-0.00321732,-0.00011596,141.4493,136.5819,-0.5892,-15.1722,-1.1671,3925.2192,25.7500,,141.4493,51.4311,102.8621,225.0109,329.1585,410.1627,517.3964,77.1466,0.0,3.9875,5.029999,1.375135,24,31,9,3,0E-8,-0.00386530,,0E-8,0.000000,0.895997,0.000000,,2026-06-24,2026-06-29,4,52,47,6,0.666667,,,0.000000,,,,,,,,GLOBAL_BASELINE_NO_ENTITY_RANKING,,,NOT_APPLICABLE_GLOBAL_BASELINE,HF9g-P5,,,,X 全窗基线 · 不参与实体赏罚,3929731,393,A168_HF9F_20260827_0900,2026-08-27 09:00:00
2026-06-24,151910927,2216,0,205.7242780364,102.8621390182,102.8621390182,1.0000000,2,2,0.49324550000000000,0.493245500000,1.01360149184955,1.01360149184955,1.01360149184955,0E-17,ELIGIBLE,R03b_20260811_FULL_v1,L1_ELIGIBILITY,v2026-08-11,2026-03-21..2026-08-06,baccarat_bet02_101_all_pairs_incl_sentinel,round_win = game_pnl > 0 (decisive only),COMPATIBILITY_ONLY_NOT_PRODUCTION,15700.8769,14067.9404,-60.6887,111,103,0.00386530,,0.00386530,0.00386530,60.6887,15700.8769,OK,0.0000,-1.8207,3.0000,97.0000,AG03-UNRESOLVED,ALL5_LEVELS_bet23_to_bet27,-1.8207,-1.8207,-1.8207,-2.4275,-3.0344,3.000000,3.000000,3.000000,4.000000,5.000000,97.000000,97.000000,97.000000,96.000000,95.000000,5.0,-10.9240,-10.174,-49.7647,-50.5147,PENDING_AG03,FALSE,NOT_FOR_ENFORCEMENT,-58.8680,13645.9022,-60.6887,-58.8680,-1.8207,-0.00386530,-0.00374934,-1.8207,-58.8680,-0.00374934,-1.8207,-1.8207,-1.8207,-2.4275,-3.0344,-58.8680,-0.00374934,-10.9240,-10.174,-49.7647,-50.5147,-0.00316955,-0.00321732,-0.00011596,141.4493,136.5819,-0.5892,-15.1722,-1.1671,3925.2192,25.7500,,141.4493,51.4311,102.8621,225.0109,329.1585,410.1627,517.3964,77.1466,0.0,3.9875,5.029999,1.375135,24,31,9,3,0E-8,-0.00386530,,0E-8,0.000000,0.895997,0.000000,,2026-06-24,2026-06-29,4,52,47,6,0.666667,,,0.000000,,,,,,,,GLOBAL_BASELINE_NO_ENTITY_RANKING,,,NOT_APPLICABLE_GLOBAL_BASELINE,HF9g-P5,,,,X 全窗基线 · 不参与实体赏罚,3929732,393,A168_HF9F_20260827_0900,2026-08-27 09:00:00
2026-06-25,151910927,1402,0,54.0026229846,54.0026229846,54.0026229846,1.0000000,2,2,0.49324550000000000,0.493245500000,1.4334489766152358,1.4334489766152358,1.4334489766152358,0E-17,ELIGIBLE,R03b_20260811_FULL_v1,L1_ELIGIBILITY,v2026-08-11,2026-03-21..2026-08-06,baccarat_bet02_101_all_pairs_incl_sentinel,round_win = game_pnl > 0 (decisive only),COMPATIBILITY_ONLY_NOT_PRODUCTION,15700.8769,14067.9404,-60.6887,111,103,0.00386530,,0.00386530,0.00386530,60.6887,15700.8769,OK,0.0000,-1.8207,3.0000,97.0000,AG03-UNRESOLVED,ALL5_LEVELS_bet23_to_bet27,-1.8207,-1.8207,-1.8207,-2.4275,-3.0344,3.000000,3.000000,3.000000,4.000000,5.000000,97.000000,97.000000,97.000000,96.000000,95.000000,5.0,-10.9240,-10.174,-49.7647,-50.5147,PENDING_AG03,FALSE,NOT_FOR_ENFORCEMENT,-58.8680,13645.9022,-60.6887,-58.8680,-1.8207,-0.00386530,-0.00374934,-1.8207,-58.8680,-0.00374934,-1.8207,-1.8207,-1.8207,-2.4275,-3.0344,-58.8680,-0.00374934,-10.9240,-10.174,-49.7647,-50.5147,-0.00316955,-0.00321732,-0.00011596,141.4493,136.5819,-0.5892,-15.1722,-1.1671,3925.2192,25.7500,,141.4493,51.4311,102.8621,225.0109,329.1585,410.1627,517.3964,77.1466,0.0,3.9875,5.029999,1.375135,24,31,9,3,0E-8,-0.00386530,,0E-8,0.000000,0.895997,0.000000,,2026-06-24,2026-06-29,4,52,47,6,0.666667,,,0.000000,,,,,,,,GLOBAL_BASELINE_NO_ENTITY_RANKING,,,NOT_APPLICABLE_GLOBAL_BASELINE,HF9g-P5,,,,X 全窗基线 · 不参与实体赏罚,3929733,393,A168_HF9F_20260827_0900,2026-08-27 09:00:00
2026-06-25,151910927,1957,0,128.5776737727,128.5776737727,128.5776737727,1.0000000,1,1,0.49324550000000000,0.493245500000,1.01360149184955,1.01360149184955,1.01360149184955,0E-17,ELIGIBLE,R03b_20260811_FULL_v1,L1_ELIGIBILITY,v2026-08-11,2026-03-21..2026-08-06,baccarat_bet02_101_all_pairs_incl_sentinel,round_win = game_pnl > 0 (decisive only),COMPATIBILITY_ONLY_NOT_PRODUCTION,15700.8769,14067.9404,-60.6887,111,103,0.00386530,,0.00386530,0.00386530,60.6887,15700.8769,OK,0.0000,-1.8207,3.0000,97.0000,AG03-UNRESOLVED,ALL5_LEVELS_bet23_to_bet27,-1.8207,-1.8207,-1.8207,-2.4275,-3.0344,3.000000,3.000000,3.000000,4.000000,5.000000,97.000000,97.000000,97.000000,96.000000,95.000000,5.0,-10.9240,-10.174,-49.7647,-50.5147,PENDING_AG03,FALSE,NOT_FOR_ENFORCEMENT,-58.8680,13645.9022,-60.6887,-58.8680,-1.8207,-0.00386530,-0.00374934,-1.8207,-58.8680,-0.00374934,-1.8207,-1.8207,-1.8207,-2.4275,-3.0344,-58.8680,-0.00374934,-10.9240,-10.174,-49.7647,-50.5147,-0.00316955,-0.00321732,-0.00011596,141.4493,136.5819,-0.5892,-15.1722,-1.1671,3925.2192,25.7500,,141.4493,51.4311,102.8621,225.0109,329.1585,410.1627,517.3964,77.1466,0.0,3.9875,5.029999,1.375135,24,31,9,3,0E-8,-0.00386530,,0E-8,0.000000,0.895997,0.000000,,2026-06-24,2026-06-29,4,52,47,6,0.666667,,,0.000000,,,,,,,,GLOBAL_BASELINE_NO_ENTITY_RANKING,,,NOT_APPLICABLE_GLOBAL_BASELINE,HF9g-P5,,,,X 全窗基线 · 不参与实体赏罚,3929734,393,A168_HF9F_20260827_0900,2026-08-27 09:00:00
2026-06-25,151910927,2093,0,56.5741764600,-56.5741764600,-56.5741764600,0E-7,1,1,0.49324550000000000,0.493245500000,-0.9865810262130424,-0.9865810262130424,-0.9865810262130424,0E-17,ELIGIBLE,R03b_20260811_FULL_v1,L1_ELIGIBILITY,v2026-08-11,2026-03-21..2026-08-06,baccarat_bet02_101_all_pairs_incl_sentinel,round_win = game_pnl > 0 (decisive only),COMPATIBILITY_ONLY_NOT_PRODUCTION,15700.8769,14067.9404,-60.6887,111,103,0.00386530,,0.00386530,0.00386530,60.6887,15700.8769,OK,0.0000,-1.8207,3.0000,97.0000,AG03-UNRESOLVED,ALL5_LEVELS_bet23_to_bet27,-1.8207,-1.8207,-1.8207,-2.4275,-3.0344,3.000000,3.000000,3.000000,4.000000,5.000000,97.000000,97.000000,97.000000,96.000000,95.000000,5.0,-10.9240,-10.174,-49.7647,-50.5147,PENDING_AG03,FALSE,NOT_FOR_ENFORCEMENT,-58.8680,13645.9022,-60.6887,-58.8680,-1.8207,-0.00386530,-0.00374934,-1.8207,-58.8680,-0.00374934,-1.8207,-1.8207,-1.8207,-2.4275,-3.0344,-58.8680,-0.00374934,-10.9240,-10.174,-49.7647,-50.5147,-0.00316955,-0.00321732,-0.00011596,141.4493,136.5819,-0.5892,-15.1722,-1.1671,3925.2192,25.7500,,141.4493,51.4311,102.8621,225.0109,329.1585,410.1627,517.3964,77.1466,0.0,3.9875,5.029999,1.375135,24,31,9,3,0E-8,-0.00386530,,0E-8,0.000000,0.895997,0.000000,,2026-06-24,2026-06-29,4,52,47,6,0.666667,,,0.000000,,,,,,,,GLOBAL_BASELINE_NO_ENTITY_RANKING,,,NOT_APPLICABLE_GLOBAL_BASELINE,HF9g-P5,,,,X 全窗基线 · 不参与实体赏罚,3929735,393,A168_HF9F_20260827_0900,2026-08-27 09:00:00
2026-06-25,151910927,989,0,144.0069946255,-144.0069946255,-144.0069946255,0E-7,1,1,0.50665070000000000,0.506650700000,-1.013391052207602,-1.013391052207602,-1.013391052207602,0E-17,ELIGIBLE,R03b_20260811_FULL_v1,L1_ELIGIBILITY,v2026-08-11,2026-03-21..2026-08-06,baccarat_bet02_101_all_pairs_incl_sentinel,round_win = game_pnl > 0 (decisive only),COMPATIBILITY_ONLY_NOT_PRODUCTION,15700.8769,14067.9404,-60.6887,111,103,0.00386530,,0.00386530,0.00386530,60.6887,15700.8769,OK,0.0000,-1.8207,3.0000,97.0000,AG03-UNRESOLVED,ALL5_LEVELS_bet23_to_bet27,-1.8207,-1.8207,-1.8207,-2.4275,-3.0344,3.000000,3.000000,3.000000,4.000000,5.000000,97.000000,97.000000,97.000000,96.000000,95.000000,5.0,-10.9240,-10.174,-49.7647,-50.5147,PENDING_AG03,FALSE,NOT_FOR_ENFORCEMENT,-58.8680,13645.9022,-60.6887,-58.8680,-1.8207,-0.00386530,-0.00374934,-1.8207,-58.8680,-0.00374934,-1.8207,-1.8207,-1.8207,-2.4275,-3.0344,-58.8680,-0.00374934,-10.9240,-10.174,-49.7647,-50.5147,-0.00316955,-0.00321732,-0.00011596,141.4493,136.5819,-0.5892,-15.1722,-1.1671,3925.2192,25.7500,,141.4493,51.4311,102.8621,225.0109,329.1585,410.1627,517.3964,77.1466,0.0,3.9875,5.029999,1.375135,24,31,9,3,0E-8,-0.00386530,,0E-8,0.000000,0.895997,0.000000,,2026-06-24,2026-06-29,4,52,47,6,0.666667,,,0.000000,,,,,,,,GLOBAL_BASELINE_NO_ENTITY_RANKING,,,NOT_APPLICABLE_GLOBAL_BASELINE,HF9g-P5,,,,X 全窗基线 · 不参与实体赏罚,3929736,393,A168_HF9F_20260827_0900,2026-08-27 09:00:00
2026-06-28,151910927,-1,1,1915.8073392135,-162.0078689537,-162.0078689537,0.4285714,9,9,0.49920336666666667,0.499203366667,-0.37374956001870013,-0.3737495600204636,-0.37374956001870013,-3.3333E-13,SENTINEL_DEALER,R03b_20260811_FULL_v1,L1_ELIGIBILITY,v2026-08-11,2026-03-21..2026-08-06,baccarat_bet02_101_all_pairs_incl_sentinel,round_win = game_pnl > 0 (decisive only),COMPATIBILITY_ONLY_NOT_PRODUCTION,15700.8769,14067.9404,-60.6887,111,103,0.00386530,,0.00386530,0.00386530,60.6887,15700.8769,OK,0.0000,-1.8207,3.0000,97.0000,AG03-UNRESOLVED,ALL5_LEVELS_bet23_to_bet27,-1.8207,-1.8207,-1.8207,-2.4275,-3.0344,3.000000,3.000000,3.000000,4.000000,5.000000,97.000000,97.000000,97.000000,96.000000,95.000000,5.0,-10.9240,-10.174,-49.7647,-50.5147,PENDING_AG03,FALSE,NOT_FOR_ENFORCEMENT,-58.8680,13645.9022,-60.6887,-58.8680,-1.8207,-0.00386530,-0.00374934,-1.8207,-58.8680,-0.00374934,-1.8207,-1.8207,-1.8207,-2.4275,-3.0344,-58.8680,-0.00374934,-10.9240,-10.174,-49.7647,-50.5147,-0.00316955,-0.00321732,-0.00011596,141.4493,136.5819,-0.5892,-15.1722,-1.1671,3925.2192,25.7500,,141.4493,51.4311,102.8621,225.0109,329.1585,410.1627,517.3964,77.1466,0.0,3.9875,5.029999,1.375135,24,31,9,3,0E-8,-0.00386530,,0E-8,0.000000,0.895997,0.000000,,2026-06-24,2026-06-29,4,52,47,6,0.666667,,,0.000000,,,,,,,,GLOBAL_BASELINE_NO_ENTITY_RANKING,,,NOT_APPLICABLE_GLOBAL_BASELINE,HF9g-P5,,,,X 全窗基线 · 不参与实体赏罚,3929737,393,A168_HF9F_20260827_0900,2026-08-27 09:00:00
2026-06-28,151910927,1299,0,257.1553475455,-257.1553475455,-257.1553475455,0E-7,1,1,0.50665070000000000,0.506650700000,-1.013391052207602,-1.013391052207602,-1.013391052207602,0E-17,ELIGIBLE,R03b_20260811_FULL_v1,L1_ELIGIBILITY,v2026-08-11,2026-03-21..2026-08-06,baccarat_bet02_101_all_pairs_incl_sentinel,round_win = game_pnl > 0 (decisive only),COMPATIBILITY_ONLY_NOT_PRODUCTION,15700.8769,14067.9404,-60.6887,111,103,0.00386530,,0.00386530,0.00386530,60.6887,15700.8769,OK,0.0000,-1.8207,3.0000,97.0000,AG03-UNRESOLVED,ALL5_LEVELS_bet23_to_bet27,-1.8207,-1.8207,-1.8207,-2.4275,-3.0344,3.000000,3.000000,3.000000,4.000000,5.000000,97.000000,97.000000,97.000000,96.000000,95.000000,5.0,-10.9240,-10.174,-49.7647,-50.5147,PENDING_AG03,FALSE,NOT_FOR_ENFORCEMENT,-58.8680,13645.9022,-60.6887,-58.8680,-1.8207,-0.00386530,-0.00374934,-1.8207,-58.8680,-0.00374934,-1.8207,-1.8207,-1.8207,-2.4275,-3.0344,-58.8680,-0.00374934,-10.9240,-10.174,-49.7647,-50.5147,-0.00316955,-0.00321732,-0.00011596,141.4493,136.5819,-0.5892,-15.1722,-1.1671,3925.2192,25.7500,,141.4493,51.4311,102.8621,225.0109,329.1585,410.1627,517.3964,77.1466,0.0,3.9875,5.029999,1.375135,24,31,9,3,0E-8,-0.00386530,,0E-8,0.000000,0.895997,0.000000,,2026-06-24,2026-06-29,4,52,47,6,0.666667,,,0.000000,,,,,,,,GLOBAL_BASELINE_NO_ENTITY_RANKING,,,NOT_APPLICABLE_GLOBAL_BASELINE,HF9g-P5,,,,X 全窗基线 · 不参与实体赏罚,3929738,393,A168_HF9F_20260827_0900,2026-08-27 09:00:00
2026-06-28,151910927,1302,0,257.1553475455,-257.1553475455,-257.1553475455,0E-7,1,1,0.50665070000000000,0.506650700000,-1.013391052207602,-1.013391052207602,-1.013391052207602,0E-17,ELIGIBLE,R03b_20260811_FULL_v1,L1_ELIGIBILITY,v2026-08-11,2026-03-21..2026-08-06,baccarat_bet02_101_all_pairs_incl_sentinel,round_win = game_pnl > 0 (decisive only),COMPATIBILITY_ONLY_NOT_PRODUCTION,15700.8769,14067.9404,-60.6887,111,103,0.00386530,,0.00386530,0.00386530,60.6887,15700.8769,OK,0.0000,-1.8207,3.0000,97.0000,AG03-UNRESOLVED,ALL5_LEVELS_bet23_to_bet27,-1.8207,-1.8207,-1.8207,-2.4275,-3.0344,3.000000,3.000000,3.000000,4.000000,5.000000,97.000000,97.000000,97.000000,96.000000,95.000000,5.0,-10.9240,-10.174,-49.7647,-50.5147,PENDING_AG03,FALSE,NOT_FOR_ENFORCEMENT,-58.8680,13645.9022,-60.6887,-58.8680,-1.8207,-0.00386530,-0.00374934,-1.8207,-58.8680,-0.00374934,-1.8207,-1.8207,-1.8207,-2.4275,-3.0344,-58.8680,-0.00374934,-10.9240,-10.174,-49.7647,-50.5147,-0.00316955,-0.00321732,-0.00011596,141.4493,136.5819,-0.5892,-15.1722,-1.1671,3925.2192,25.7500,,141.4493,51.4311,102.8621,225.0109,329.1585,410.1627,517.3964,77.1466,0.0,3.9875,5.029999,1.375135,24,31,9,3,0E-8,-0.00386530,,0E-8,0.000000,0.895997,0.000000,,2026-06-24,2026-06-29,4,52,47,6,0.666667,,,0.000000,,,,,,,,GLOBAL_BASELINE_NO_ENTITY_RANKING,,,NOT_APPLICABLE_GLOBAL_BASELINE,HF9g-P5,,,,X 全窗基线 · 不参与实体赏罚,3929739,393,A168_HF9F_20260827_0900,2026-08-27 09:00:00
2026-06-28,151910927,1318,0,205.7242780364,-205.7242780364,-205.7242780364,0E-7,1,1,0.50665070000000000,0.506650700000,-1.013391052207602,-1.013391052207602,-1.013391052207602,0E-17,ELIGIBLE,R03b_20260811_FULL_v1,L1_ELIGIBILITY,v2026-08-11,2026-03-21..2026-08-06,baccarat_bet02_101_all_pairs_incl_sentinel,round_win = game_pnl > 0 (decisive only),COMPATIBILITY_ONLY_NOT_PRODUCTION,15700.8769,14067.9404,-60.6887,111,103,0.00386530,,0.00386530,0.00386530,60.6887,15700.8769,OK,0.0000,-1.8207,3.0000,97.0000,AG03-UNRESOLVED,ALL5_LEVELS_bet23_to_bet27,-1.8207,-1.8207,-1.8207,-2.4275,-3.0344,3.000000,3.000000,3.000000,4.000000,5.000000,97.000000,97.000000,97.000000,96.000000,95.000000,5.0,-10.9240,-10.174,-49.7647,-50.5147,PENDING_AG03,FALSE,NOT_FOR_ENFORCEMENT,-58.8680,13645.9022,-60.6887,-58.8680,-1.8207,-0.00386530,-0.00374934,-1.8207,-58.8680,-0.00374934,-1.8207,-1.8207,-1.8207,-2.4275,-3.0344,-58.8680,-0.00374934,-10.9240,-10.174,-49.7647,-50.5147,-0.00316955,-0.00321732,-0.00011596,141.4493,136.5819,-0.5892,-15.1722,-1.1671,3925.2192,25.7500,,141.4493,51.4311,102.8621,225.0109,329.1585,410.1627,517.3964,77.1466,0.0,3.9875,5.029999,1.375135,24,31,9,3,0E-8,-0.00386530,,0E-8,0.000000,0.895997,0.000000,,2026-06-24,2026-06-29,4,52,47,6,0.666667,,,0.000000,,,,,,,,GLOBAL_BASELINE_NO_ENTITY_RANKING,,,NOT_APPLICABLE_GLOBAL_BASELINE,HF9g-P5,,,,X 全窗基线 · 不参与实体赏罚,3929740,393,A168_HF9F_20260827_0900,2026-08-27 09:00:00
2026-06-28,151910927,1399,0,308.5864170546,-51.4310695091,-51.4310695091,0E-7,2,2,0.49324550000000000,0.493245500000,-0.9865810262130424,-0.9865810262130424,-0.9865810262130424,0E-17,ELIGIBLE,R03b_20260811_FULL_v1,L1_ELIGIBILITY,v2026-08-11,2026-03-21..2026-08-06,baccarat_bet02_101_all_pairs_incl_sentinel,round_win = game_pnl > 0 (decisive only),COMPATIBILITY_ONLY_NOT_PRODUCTION,15700.8769,14067.9404,-60.6887,111,103,0.00386530,,0.00386530,0.00386530,60.6887,15700.8769,OK,0.0000,-1.8207,3.0000,97.0000,AG03-UNRESOLVED,ALL5_LEVELS_bet23_to_bet27,-1.8207,-1.8207,-1.8207,-2.4275,-3.0344,3.000000,3.000000,3.000000,4.000000,5.000000,97.000000,97.000000,97.000000,96.000000,95.000000,5.0,-10.9240,-10.174,-49.7647,-50.5147,PENDING_AG03,FALSE,NOT_FOR_ENFORCEMENT,-58.8680,13645.9022,-60.6887,-58.8680,-1.8207,-0.00386530,-0.00374934,-1.8207,-58.8680,-0.00374934,-1.8207,-1.8207,-1.8207,-2.4275,-3.0344,-58.8680,-0.00374934,-10.9240,-10.174,-49.7647,-50.5147,-0.00316955,-0.00321732,-0.00011596,141.4493,136.5819,-0.5892,-15.1722,-1.1671,3925.2192,25.7500,,141.4493,51.4311,102.8621,225.0109,329.1585,410.1627,517.3964,77.1466,0.0,3.9875,5.029999,1.375135,24,31,9,3,0E-8,-0.00386530,,0E-8,0.000000,0.895997,0.000000,,2026-06-24,2026-06-29,4,52,47,6,0.666667,,,0.000000,,,,,,,,GLOBAL_BASELINE_NO_ENTITY_RANKING,,,NOT_APPLICABLE_GLOBAL_BASELINE,HF9g-P5,,,,X 全窗基线 · 不参与实体赏罚,3929741,393,A168_HF9F_20260827_0900,2026-08-27 09:00:00
2026-06-28,151910927,2101,0,360.0174865636,342.0166122355,342.0166122355,1.0000000,1,1,0.50665070000000000,0.506650700000,0.9867858985152569,0.9867858985152569,0.9867858985152569,0E-17,ELIGIBLE,R03b_20260811_FULL_v1,L1_ELIGIBILITY,v2026-08-11,2026-03-21..2026-08-06,baccarat_bet02_101_all_pairs_incl_sentinel,round_win = game_pnl > 0 (decisive only),COMPATIBILITY_ONLY_NOT_PRODUCTION,15700.8769,14067.9404,-60.6887,111,103,0.00386530,,0.00386530,0.00386530,60.6887,15700.8769,OK,0.0000,-1.8207,3.0000,97.0000,AG03-UNRESOLVED,ALL5_LEVELS_bet23_to_bet27,-1.8207,-1.8207,-1.8207,-2.4275,-3.0344,3.000000,3.000000,3.000000,4.000000,5.000000,97.000000,97.000000,97.000000,96.000000,95.000000,5.0,-10.9240,-10.174,-49.7647,-50.5147,PENDING_AG03,FALSE,NOT_FOR_ENFORCEMENT,-58.8680,13645.9022,-60.6887,-58.8680,-1.8207,-0.00386530,-0.00374934,-1.8207,-58.8680,-0.00374934,-1.8207,-1.8207,-1.8207,-2.4275,-3.0344,-58.8680,-0.00374934,-10.9240,-10.174,-49.7647,-50.5147,-0.00316955,-0.00321732,-0.00011596,141.4493,136.5819,-0.5892,-15.1722,-1.1671,3925.2192,25.7500,,141.4493,51.4311,102.8621,225.0109,329.1585,410.1627,517.3964,77.1466,0.0,3.9875,5.029999,1.375135,24,31,9,3,0E-8,-0.00386530,,0E-8,0.000000,0.895997,0.000000,,2026-06-24,2026-06-29,4,52,47,6,0.666667,,,0.000000,,,,,,,,GLOBAL_BASELINE_NO_ENTITY_RANKING,,,NOT_APPLICABLE_GLOBAL_BASELINE,HF9g-P5,,,,X 全窗基线 · 不参与实体赏罚,3929742,393,A168_HF9F_20260827_0900,2026-08-27 09:00:00
2026-06-28,151910927,2121,0,128.5776737727,-128.5776737727,-128.5776737727,0E-7,1,1,0.49324550000000000,0.493245500000,-0.9865810262130424,-0.9865810262130424,-0.9865810262130424,0E-17,ELIGIBLE,R03b_20260811_FULL_v1,L1_ELIGIBILITY,v2026-08-11,2026-03-21..2026-08-06,baccarat_bet02_101_all_pairs_incl_sentinel,round_win = game_pnl > 0 (decisive only),COMPATIBILITY_ONLY_NOT_PRODUCTION,15700.8769,14067.9404,-60.6887,111,103,0.00386530,,0.00386530,0.00386530,60.6887,15700.8769,OK,0.0000,-1.8207,3.0000,97.0000,AG03-UNRESOLVED,ALL5_LEVELS_bet23_to_bet27,-1.8207,-1.8207,-1.8207,-2.4275,-3.0344,3.000000,3.000000,3.000000,4.000000,5.000000,97.000000,97.000000,97.000000,96.000000,95.000000,5.0,-10.9240,-10.174,-49.7647,-50.5147,PENDING_AG03,FALSE,NOT_FOR_ENFORCEMENT,-58.8680,13645.9022,-60.6887,-58.8680,-1.8207,-0.00386530,-0.00374934,-1.8207,-58.8680,-0.00374934,-1.8207,-1.8207,-1.8207,-2.4275,-3.0344,-58.8680,-0.00374934,-10.9240,-10.174,-49.7647,-50.5147,-0.00316955,-0.00321732,-0.00011596,141.4493,136.5819,-0.5892,-15.1722,-1.1671,3925.2192,25.7500,,141.4493,51.4311,102.8621,225.0109,329.1585,410.1627,517.3964,77.1466,0.0,3.9875,5.029999,1.375135,24,31,9,3,0E-8,-0.00386530,,0E-8,0.000000,0.895997,0.000000,,2026-06-24,2026-06-29,4,52,47,6,0.666667,,,0.000000,,,,,,,,GLOBAL_BASELINE_NO_ENTITY_RANKING,,,NOT_APPLICABLE_GLOBAL_BASELINE,HF9g-P5,,,,X 全窗基线 · 不参与实体赏罚,3929743,393,A168_HF9F_20260827_0900,2026-08-27 09:00:00
2026-06-28,151910927,2123,0,385.7330213182,-385.7330213182,-385.7330213182,0E-7,1,1,0.50665070000000000,0.506650700000,-1.013391052207602,-1.013391052207602,-1.013391052207602,0E-17,ELIGIBLE,R03b_20260811_FULL_v1,L1_ELIGIBILITY,v2026-08-11,2026-03-21..2026-08-06,baccarat_bet02_101_all_pairs_incl_sentinel,round_win = game_pnl > 0 (decisive only),COMPATIBILITY_ONLY_NOT_PRODUCTION,15700.8769,14067.9404,-60.6887,111,103,0.00386530,,0.00386530,0.00386530,60.6887,15700.8769,OK,0.0000,-1.8207,3.0000,97.0000,AG03-UNRESOLVED,ALL5_LEVELS_bet23_to_bet27,-1.8207,-1.8207,-1.8207,-2.4275,-3.0344,3.000000,3.000000,3.000000,4.000000,5.000000,97.000000,97.000000,97.000000,96.000000,95.000000,5.0,-10.9240,-10.174,-49.7647,-50.5147,PENDING_AG03,FALSE,NOT_FOR_ENFORCEMENT,-58.8680,13645.9022,-60.6887,-58.8680,-1.8207,-0.00386530,-0.00374934,-1.8207,-58.8680,-0.00374934,-1.8207,-1.8207,-1.8207,-2.4275,-3.0344,-58.8680,-0.00374934,-10.9240,-10.174,-49.7647,-50.5147,-0.00316955,-0.00321732,-0.00011596,141.4493,136.5819,-0.5892,-15.1722,-1.1671,3925.2192,25.7500,,141.4493,51.4311,102.8621,225.0109,329.1585,410.1627,517.3964,77.1466,0.0,3.9875,5.029999,1.375135,24,31,9,3,0E-8,-0.00386530,,0E-8,0.000000,0.895997,0.000000,,2026-06-24,2026-06-29,4,52,47,6,0.666667,,,0.000000,,,,,,,,GLOBAL_BASELINE_NO_ENTITY_RANKING,,,NOT_APPLICABLE_GLOBAL_BASELINE,HF9g-P5,,,,X 全窗基线 · 不参与实体赏罚,3929744,393,A168_HF9F_20260827_0900,2026-08-27 09:00:00
2026-06-28,151910927,2141,0,1980.0961761002,729.0354102913,729.0354102913,0.7142857,10,8,0.50096159642856358,0.453469062500,1.1288072165495637,1.3861273357332713,1.1288072165495637,0.04749253392856358,ELIGIBLE,R03b_20260811_FULL_v1,L1_ELIGIBILITY,v2026-08-11,2026-03-21..2026-08-06,baccarat_bet02_101_all_pairs_incl_sentinel,round_win = game_pnl > 0 (decisive only),COMPATIBILITY_ONLY_NOT_PRODUCTION,15700.8769,14067.9404,-60.6887,111,103,0.00386530,,0.00386530,0.00386530,60.6887,15700.8769,OK,0.0000,-1.8207,3.0000,97.0000,AG03-UNRESOLVED,ALL5_LEVELS_bet23_to_bet27,-1.8207,-1.8207,-1.8207,-2.4275,-3.0344,3.000000,3.000000,3.000000,4.000000,5.000000,97.000000,97.000000,97.000000,96.000000,95.000000,5.0,-10.9240,-10.174,-49.7647,-50.5147,PENDING_AG03,FALSE,NOT_FOR_ENFORCEMENT,-58.8680,13645.9022,-60.6887,-58.8680,-1.8207,-0.00386530,-0.00374934,-1.8207,-58.8680,-0.00374934,-1.8207,-1.8207,-1.8207,-2.4275,-3.0344,-58.8680,-0.00374934,-10.9240,-10.174,-49.7647,-50.5147,-0.00316955,-0.00321732,-0.00011596,141.4493,136.5819,-0.5892,-15.1722,-1.1671,3925.2192,25.7500,,141.4493,51.4311,102.8621,225.0109,329.1585,410.1627,517.3964,77.1466,0.0,3.9875,5.029999,1.375135,24,31,9,3,0E-8,-0.00386530,,0E-8,0.000000,0.895997,0.000000,,2026-06-24,2026-06-29,4,52,47,6,0.666667,,,0.000000,,,,,,,,GLOBAL_BASELINE_NO_ENTITY_RANKING,,,NOT_APPLICABLE_GLOBAL_BASELINE,HF9g-P5,,,,X 全窗基线 · 不参与实体赏罚,3929745,393,A168_HF9F_20260827_0900,2026-08-27 09:00:00
2026-06-28,151910927,2170,0,372.8752539409,329.1588448582,329.1588448582,1.0000000,3,2,0.49580733421050413,0.403638725000,1.4261223509291554,1.7189898101856425,1.4261223509291554,0.09216860921050413,ELIGIBLE,R03b_20260811_FULL_v1,L1_ELIGIBILITY,v2026-08-11,2026-03-21..2026-08-06,baccarat_bet02_101_all_pairs_incl_sentinel,round_win = game_pnl > 0 (decisive only),COMPATIBILITY_ONLY_NOT_PRODUCTION,15700.8769,14067.9404,-60.6887,111,103,0.00386530,,0.00386530,0.00386530,60.6887,15700.8769,OK,0.0000,-1.8207,3.0000,97.0000,AG03-UNRESOLVED,ALL5_LEVELS_bet23_to_bet27,-1.8207,-1.8207,-1.8207,-2.4275,-3.0344,3.000000,3.000000,3.000000,4.000000,5.000000,97.000000,97.000000,97.000000,96.000000,95.000000,5.0,-10.9240,-10.174,-49.7647,-50.5147,PENDING_AG03,FALSE,NOT_FOR_ENFORCEMENT,-58.8680,13645.9022,-60.6887,-58.8680,-1.8207,-0.00386530,-0.00374934,-1.8207,-58.8680,-0.00374934,-1.8207,-1.8207,-1.8207,-2.4275,-3.0344,-58.8680,-0.00374934,-10.9240,-10.174,-49.7647,-50.5147,-0.00316955,-0.00321732,-0.00011596,141.4493,136.5819,-0.5892,-15.1722,-1.1671,3925.2192,25.7500,,141.4493,51.4311,102.8621,225.0109,329.1585,410.1627,517.3964,77.1466,0.0,3.9875,5.029999,1.375135,24,31,9,3,0E-8,-0.00386530,,0E-8,0.000000,0.895997,0.000000,,2026-06-24,2026-06-29,4,52,47,6,0.666667,,,0.000000,,,,,,,,GLOBAL_BASELINE_NO_ENTITY_RANKING,,,NOT_APPLICABLE_GLOBAL_BASELINE,HF9g-P5,,,,X 全窗基线 · 不参与实体赏罚,3929746,393,A168_HF9F_20260827_0900,2026-08-27 09:00:00
2026-06-28,151910927,462,0,437.1640908273,-437.1640908273,-437.1640908273,0E-7,2,2,0.49994810000000000,0.499948100000,-1.4140667746232096,-1.4140667746232096,-1.4140667746232096,0E-17,ELIGIBLE,R03b_20260811_FULL_v1,L1_ELIGIBILITY,v2026-08-11,2026-03-21..2026-08-06,baccarat_bet02_101_all_pairs_incl_sentinel,round_win = game_pnl > 0 (decisive only),COMPATIBILITY_ONLY_NOT_PRODUCTION,15700.8769,14067.9404,-60.6887,111,103,0.00386530,,0.00386530,0.00386530,60.6887,15700.8769,OK,0.0000,-1.8207,3.0000,97.0000,AG03-UNRESOLVED,ALL5_LEVELS_bet23_to_bet27,-1.8207,-1.8207,-1.8207,-2.4275,-3.0344,3.000000,3.000000,3.000000,4.000000,5.000000,97.000000,97.000000,97.000000,96.000000,95.000000,5.0,-10.9240,-10.174,-49.7647,-50.5147,PENDING_AG03,FALSE,NOT_FOR_ENFORCEMENT,-58.8680,13645.9022,-60.6887,-58.8680,-1.8207,-0.00386530,-0.00374934,-1.8207,-58.8680,-0.00374934,-1.8207,-1.8207,-1.8207,-2.4275,-3.0344,-58.8680,-0.00374934,-10.9240,-10.174,-49.7647,-50.5147,-0.00316955,-0.00321732,-0.00011596,141.4493,136.5819,-0.5892,-15.1722,-1.1671,3925.2192,25.7500,,141.4493,51.4311,102.8621,225.0109,329.1585,410.1627,517.3964,77.1466,0.0,3.9875,5.029999,1.375135,24,31,9,3,0E-8,-0.00386530,,0E-8,0.000000,0.895997,0.000000,,2026-06-24,2026-06-29,4,52,47,6,0.666667,,,0.000000,,,,,,,,GLOBAL_BASELINE_NO_ENTITY_RANKING,,,NOT_APPLICABLE_GLOBAL_BASELINE,HF9g-P5,,,,X 全窗基线 · 不参与实体赏罚,3929747,393,A168_HF9F_20260827_0900,2026-08-27 09:00:00
2026-06-29,151910927,-1,1,1337.2078072365,-484.7378301233,-484.7378301233,0.2000000,6,5,0.49329234399998898,0.458743310000,-1.3117612814696873,-1.1610946425834976,-1.3117612814696873,0.03454903399998898,SENTINEL_DEALER,R03b_20260811_FULL_v1,L1_ELIGIBILITY,v2026-08-11,2026-03-21..2026-08-06,baccarat_bet02_101_all_pairs_incl_sentinel,round_win = game_pnl > 0 (decisive only),COMPATIBILITY_ONLY_NOT_PRODUCTION,15700.8769,14067.9404,-60.6887,111,103,0.00386530,,0.00386530,0.00386530,60.6887,15700.8769,OK,0.0000,-1.8207,3.0000,97.0000,AG03-UNRESOLVED,ALL5_LEVELS_bet23_to_bet27,-1.8207,-1.8207,-1.8207,-2.4275,-3.0344,3.000000,3.000000,3.000000,4.000000,5.000000,97.000000,97.000000,97.000000,96.000000,95.000000,5.0,-10.9240,-10.174,-49.7647,-50.5147,PENDING_AG03,FALSE,NOT_FOR_ENFORCEMENT,-58.8680,13645.9022,-60.6887,-58.8680,-1.8207,-0.00386530,-0.00374934,-1.8207,-58.8680,-0.00374934,-1.8207,-1.8207,-1.8207,-2.4275,-3.0344,-58.8680,-0.00374934,-10.9240,-10.174,-49.7647,-50.5147,-0.00316955,-0.00321732,-0.00011596,141.4493,136.5819,-0.5892,-15.1722,-1.1671,3925.2192,25.7500,,141.4493,51.4311,102.8621,225.0109,329.1585,410.1627,517.3964,77.1466,0.0,3.9875,5.029999,1.375135,24,31,9,3,0E-8,-0.00386530,,0E-8,0.000000,0.895997,0.000000,,2026-06-24,2026-06-29,4,52,47,6,0.666667,,,0.000000,,,,,,,,GLOBAL_BASELINE_NO_ENTITY_RANKING,,,NOT_APPLICABLE_GLOBAL_BASELINE,HF9g-P5,,,,X 全窗基线 · 不参与实体赏罚,3929748,393,A168_HF9F_20260827_0900,2026-08-27 09:00:00
2026-06-29,151910927,1396,0,154.2932085273,25.7155347545,25.7155347545,0.5000000,3,2,0.46833033124995156,0.393584825000,0.08975557499026947,0.308045137873246,0.08975557499026947,0.07474550624995156,ELIGIBLE,R03b_20260811_FULL_v1,L1_ELIGIBILITY,v2026-08-11,2026-03-21..2026-08-06,baccarat_bet02_101_all_pairs_incl_sentinel,round_win = game_pnl > 0 (decisive only),COMPATIBILITY_ONLY_NOT_PRODUCTION,15700.8769,14067.9404,-60.6887,111,103,0.00386530,,0.00386530,0.00386530,60.6887,15700.8769,OK,0.0000,-1.8207,3.0000,97.0000,AG03-UNRESOLVED,ALL5_LEVELS_bet23_to_bet27,-1.8207,-1.8207,-1.8207,-2.4275,-3.0344,3.000000,3.000000,3.000000,4.000000,5.000000,97.000000,97.000000,97.000000,96.000000,95.000000,5.0,-10.9240,-10.174,-49.7647,-50.5147,PENDING_AG03,FALSE,NOT_FOR_ENFORCEMENT,-58.8680,13645.9022,-60.6887,-58.8680,-1.8207,-0.00386530,-0.00374934,-1.8207,-58.8680,-0.00374934,-1.8207,-1.8207,-1.8207,-2.4275,-3.0344,-58.8680,-0.00374934,-10.9240,-10.174,-49.7647,-50.5147,-0.00316955,-0.00321732,-0.00011596,141.4493,136.5819,-0.5892,-15.1722,-1.1671,3925.2192,25.7500,,141.4493,51.4311,102.8621,225.0109,329.1585,410.1627,517.3964,77.1466,0.0,3.9875,5.029999,1.375135,24,31,9,3,0E-8,-0.00386530,,0E-8,0.000000,0.895997,0.000000,,2026-06-24,2026-06-29,4,52,47,6,0.666667,,,0.000000,,,,,,,,GLOBAL_BASELINE_NO_ENTITY_RANKING,,,NOT_APPLICABLE_GLOBAL_BASELINE,HF9g-P5,,,,X 全窗基线 · 不参与实体赏罚,3929749,393,A168_HF9F_20260827_0900,2026-08-27 09:00:00
2026-06-29,151910927,1654,0,205.7242780364,102.8621390182,102.8621390182,0.5000000,2,2,0.49324550000000000,0.493245500000,0.01910635448239258,0.01910635448239258,0.01910635448239258,0E-17,ELIGIBLE,R03b_20260811_FULL_v1,L1_ELIGIBILITY,v2026-08-11,2026-03-21..2026-08-06,baccarat_bet02_101_all_pairs_incl_sentinel,round_win = game_pnl > 0 (decisive only),COMPATIBILITY_ONLY_NOT_PRODUCTION,15700.8769,14067.9404,-60.6887,111,103,0.00386530,,0.00386530,0.00386530,60.6887,15700.8769,OK,0.0000,-1.8207,3.0000,97.0000,AG03-UNRESOLVED,ALL5_LEVELS_bet23_to_bet27,-1.8207,-1.8207,-1.8207,-2.4275,-3.0344,3.000000,3.000000,3.000000,4.000000,5.000000,97.000000,97.000000,97.000000,96.000000,95.000000,5.0,-10.9240,-10.174,-49.7647,-50.5147,PENDING_AG03,FALSE,NOT_FOR_ENFORCEMENT,-58.8680,13645.9022,-60.6887,-58.8680,-1.8207,-0.00386530,-0.00374934,-1.8207,-58.8680,-0.00374934,-1.8207,-1.8207,-1.8207,-2.4275,-3.0344,-58.8680,-0.00374934,-10.9240,-10.174,-49.7647,-50.5147,-0.00316955,-0.00321732,-0.00011596,141.4493,136.5819,-0.5892,-15.1722,-1.1671,3925.2192,25.7500,,141.4493,51.4311,102.8621,225.0109,329.1585,410.1627,517.3964,77.1466,0.0,3.9875,5.029999,1.375135,24,31,9,3,0E-8,-0.00386530,,0E-8,0.000000,0.895997,0.000000,,2026-06-24,2026-06-29,4,52,47,6,0.666667,,,0.000000,,,,,,,,GLOBAL_BASELINE_NO_ENTITY_RANKING,,,NOT_APPLICABLE_GLOBAL_BASELINE,HF9g-P5,,,,X 全窗基线 · 不参与实体赏罚,3929750,393,A168_HF9F_20260827_0900,2026-08-27 09:00:00
2026-06-29,151910927,2101,0,372.8752539409,-25.7155347545,-25.7155347545,0.5000000,3,2,0.48275490263155748,0.393584825000,0.04880553869247586,0.308045137873246,0.04880553869247586,0.08917007763155748,ELIGIBLE,R03b_20260811_FULL_v1,L1_ELIGIBILITY,v2026-08-11,2026-03-21..2026-08-06,baccarat_bet02_101_all_pairs_incl_sentinel,round_win = game_pnl > 0 (decisive only),COMPATIBILITY_ONLY_NOT_PRODUCTION,15700.8769,14067.9404,-60.6887,111,103,0.00386530,,0.00386530,0.00386530,60.6887,15700.8769,OK,0.0000,-1.8207,3.0000,97.0000,AG03-UNRESOLVED,ALL5_LEVELS_bet23_to_bet27,-1.8207,-1.8207,-1.8207,-2.4275,-3.0344,3.000000,3.000000,3.000000,4.000000,5.000000,97.000000,97.000000,97.000000,96.000000,95.000000,5.0,-10.9240,-10.174,-49.7647,-50.5147,PENDING_AG03,FALSE,NOT_FOR_ENFORCEMENT,-58.8680,13645.9022,-60.6887,-58.8680,-1.8207,-0.00386530,-0.00374934,-1.8207,-58.8680,-0.00374934,-1.8207,-1.8207,-1.8207,-2.4275,-3.0344,-58.8680,-0.00374934,-10.9240,-10.174,-49.7647,-50.5147,-0.00316955,-0.00321732,-0.00011596,141.4493,136.5819,-0.5892,-15.1722,-1.1671,3925.2192,25.7500,,141.4493,51.4311,102.8621,225.0109,329.1585,410.1627,517.3964,77.1466,0.0,3.9875,5.029999,1.375135,24,31,9,3,0E-8,-0.00386530,,0E-8,0.000000,0.895997,0.000000,,2026-06-24,2026-06-29,4,52,47,6,0.666667,,,0.000000,,,,,,,,GLOBAL_BASELINE_NO_ENTITY_RANKING,,,NOT_APPLICABLE_GLOBAL_BASELINE,HF9g-P5,,,,X 全窗基线 · 不参与实体赏罚,3929751,393,A168_HF9F_20260827_0900,2026-08-27 09:00:00
2026-06-29,151910927,2121,0,115.7199063954,34.7159719187,34.7159719187,0.5000000,2,2,0.49994810000000000,0.499948100000,0.00014679536856514622,0.00014679536856514622,0.00014679536856514622,0E-17,ELIGIBLE,R03b_20260811_FULL_v1,L1_ELIGIBILITY,v2026-08-11,2026-03-21..2026-08-06,baccarat_bet02_101_all_pairs_incl_sentinel,round_win = game_pnl > 0 (decisive only),COMPATIBILITY_ONLY_NOT_PRODUCTION,15700.8769,14067.9404,-60.6887,111,103,0.00386530,,0.00386530,0.00386530,60.6887,15700.8769,OK,0.0000,-1.8207,3.0000,97.0000,AG03-UNRESOLVED,ALL5_LEVELS_bet23_to_bet27,-1.8207,-1.8207,-1.8207,-2.4275,-3.0344,3.000000,3.000000,3.000000,4.000000,5.000000,97.000000,97.000000,97.000000,96.000000,95.000000,5.0,-10.9240,-10.174,-49.7647,-50.5147,PENDING_AG03,FALSE,NOT_FOR_ENFORCEMENT,-58.8680,13645.9022,-60.6887,-58.8680,-1.8207,-0.00386530,-0.00374934,-1.8207,-58.8680,-0.00374934,-1.8207,-1.8207,-1.8207,-2.4275,-3.0344,-58.8680,-0.00374934,-10.9240,-10.174,-49.7647,-50.5147,-0.00316955,-0.00321732,-0.00011596,141.4493,136.5819,-0.5892,-15.1722,-1.1671,3925.2192,25.7500,,141.4493,51.4311,102.8621,225.0109,329.1585,410.1627,517.3964,77.1466,0.0,3.9875,5.029999,1.375135,24,31,9,3,0E-8,-0.00386530,,0E-8,0.000000,0.895997,0.000000,,2026-06-24,2026-06-29,4,52,47,6,0.666667,,,0.000000,,,,,,,,GLOBAL_BASELINE_NO_ENTITY_RANKING,,,NOT_APPLICABLE_GLOBAL_BASELINE,HF9g-P5,,,,X 全窗基线 · 不参与实体赏罚,3929752,393,A168_HF9F_20260827_0900,2026-08-27 09:00:00
2026-06-29,151910927,2188,0,320.4155630417,-45.7736518631,-45.7736518631,0.6666667,3,3,0.49324550000000000,0.493245500000,0.6008033672792107,0.6008033672792106,0.6008033672792107,0E-17,ELIGIBLE,R03b_20260811_FULL_v1,L1_ELIGIBILITY,v2026-08-11,2026-03-21..2026-08-06,baccarat_bet02_101_all_pairs_incl_sentinel,round_win = game_pnl > 0 (decisive only),COMPATIBILITY_ONLY_NOT_PRODUCTION,15700.8769,14067.9404,-60.6887,111,103,0.00386530,,0.00386530,0.00386530,60.6887,15700.8769,OK,0.0000,-1.8207,3.0000,97.0000,AG03-UNRESOLVED,ALL5_LEVELS_bet23_to_bet27,-1.8207,-1.8207,-1.8207,-2.4275,-3.0344,3.000000,3.000000,3.000000,4.000000,5.000000,97.000000,97.000000,97.000000,96.000000,95.000000,5.0,-10.9240,-10.174,-49.7647,-50.5147,PENDING_AG03,FALSE,NOT_FOR_ENFORCEMENT,-58.8680,13645.9022,-60.6887,-58.8680,-1.8207,-0.00386530,-0.00374934,-1.8207,-58.8680,-0.00374934,-1.8207,-1.8207,-1.8207,-2.4275,-3.0344,-58.8680,-0.00374934,-10.9240,-10.174,-49.7647,-50.5147,-0.00316955,-0.00321732,-0.00011596,141.4493,136.5819,-0.5892,-15.1722,-1.1671,3925.2192,25.7500,,141.4493,51.4311,102.8621,225.0109,329.1585,410.1627,517.3964,77.1466,0.0,3.9875,5.029999,1.375135,24,31,9,3,0E-8,-0.00386530,,0E-8,0.000000,0.895997,0.000000,,2026-06-24,2026-06-29,4,52,47,6,0.666667,,,0.000000,,,,,,,,GLOBAL_BASELINE_NO_ENTITY_RANKING,,,NOT_APPLICABLE_GLOBAL_BASELINE,HF9g-P5,,,,X 全窗基线 · 不参与实体赏罚,3929753,393,A168_HF9F_20260827_0900,2026-08-27 09:00:00
2026-06-29,151910927,2251,0,226.2967058400,-226.2967058400,-226.2967058400,0E-7,3,3,0.50218230000000000,0.502182300000,-1.7396270863184011,-1.7396270863184016,-1.7396270863184011,0E-17,ELIGIBLE,R03b_20260811_FULL_v1,L1_ELIGIBILITY,v2026-08-11,2026-03-21..2026-08-06,baccarat_bet02_101_all_pairs_incl_sentinel,round_win = game_pnl > 0 (decisive only),COMPATIBILITY_ONLY_NOT_PRODUCTION,15700.8769,14067.9404,-60.6887,111,103,0.00386530,,0.00386530,0.00386530,60.6887,15700.8769,OK,0.0000,-1.8207,3.0000,97.0000,AG03-UNRESOLVED,ALL5_LEVELS_bet23_to_bet27,-1.8207,-1.8207,-1.8207,-2.4275,-3.0344,3.000000,3.000000,3.000000,4.000000,5.000000,97.000000,97.000000,97.000000,96.000000,95.000000,5.0,-10.9240,-10.174,-49.7647,-50.5147,PENDING_AG03,FALSE,NOT_FOR_ENFORCEMENT,-58.8680,13645.9022,-60.6887,-58.8680,-1.8207,-0.00386530,-0.00374934,-1.8207,-58.8680,-0.00374934,-1.8207,-1.8207,-1.8207,-2.4275,-3.0344,-58.8680,-0.00374934,-10.9240,-10.174,-49.7647,-50.5147,-0.00316955,-0.00321732,-0.00011596,141.4493,136.5819,-0.5892,-15.1722,-1.1671,3925.2192,25.7500,,141.4493,51.4311,102.8621,225.0109,329.1585,410.1627,517.3964,77.1466,0.0,3.9875,5.029999,1.375135,24,31,9,3,0E-8,-0.00386530,,0E-8,0.000000,0.895997,0.000000,,2026-06-24,2026-06-29,4,52,47,6,0.666667,,,0.000000,,,,,,,,GLOBAL_BASELINE_NO_ENTITY_RANKING,,,NOT_APPLICABLE_GLOBAL_BASELINE,HF9g-P5,,,,X 全窗基线 · 不参与实体赏罚,3929754,393,A168_HF9F_20260827_0900,2026-08-27 09:00:00
2026-06-29,151910927,2271,0,385.7330213182,-128.5776737727,-128.5776737727,0E-7,2,2,0.49324550000000000,0.493245500000,-0.9865810262130424,-0.9865810262130424,-0.9865810262130424,0E-17,ELIGIBLE,R03b_20260811_FULL_v1,L1_ELIGIBILITY,v2026-08-11,2026-03-21..2026-08-06,baccarat_bet02_101_all_pairs_incl_sentinel,round_win = game_pnl > 0 (decisive only),COMPATIBILITY_ONLY_NOT_PRODUCTION,15700.8769,14067.9404,-60.6887,111,103,0.00386530,,0.00386530,0.00386530,60.6887,15700.8769,OK,0.0000,-1.8207,3.0000,97.0000,AG03-UNRESOLVED,ALL5_LEVELS_bet23_to_bet27,-1.8207,-1.8207,-1.8207,-2.4275,-3.0344,3.000000,3.000000,3.000000,4.000000,5.000000,97.000000,97.000000,97.000000,96.000000,95.000000,5.0,-10.9240,-10.174,-49.7647,-50.5147,PENDING_AG03,FALSE,NOT_FOR_ENFORCEMENT,-58.8680,13645.9022,-60.6887,-58.8680,-1.8207,-0.00386530,-0.00374934,-1.8207,-58.8680,-0.00374934,-1.8207,-1.8207,-1.8207,-2.4275,-3.0344,-58.8680,-0.00374934,-10.9240,-10.174,-49.7647,-50.5147,-0.00316955,-0.00321732,-0.00011596,141.4493,136.5819,-0.5892,-15.1722,-1.1671,3925.2192,25.7500,,141.4493,51.4311,102.8621,225.0109,329.1585,410.1627,517.3964,77.1466,0.0,3.9875,5.029999,1.375135,24,31,9,3,0E-8,-0.00386530,,0E-8,0.000000,0.895997,0.000000,,2026-06-24,2026-06-29,4,52,47,6,0.666667,,,0.000000,,,,,,,,GLOBAL_BASELINE_NO_ENTITY_RANKING,,,NOT_APPLICABLE_GLOBAL_BASELINE,HF9g-P5,,,,X 全窗基线 · 不参与实体赏罚,3929755,393,A168_HF9F_20260827_0900,2026-08-27 09:00:00
2026-06-29,151910927,2280,0,437.1640908273,415.3058862859,415.3058862859,1.0000000,1,1,0.50665070000000000,0.506650700000,0.9867858985152569,0.9867858985152569,0.9867858985152569,0E-17,ELIGIBLE,R03b_20260811_FULL_v1,L1_ELIGIBILITY,v2026-08-11,2026-03-21..2026-08-06,baccarat_bet02_101_all_pairs_incl_sentinel,round_win = game_pnl > 0 (decisive only),COMPATIBILITY_ONLY_NOT_PRODUCTION,15700.8769,14067.9404,-60.6887,111,103,0.00386530,,0.00386530,0.00386530,60.6887,15700.8769,OK,0.0000,-1.8207,3.0000,97.0000,AG03-UNRESOLVED,ALL5_LEVELS_bet23_to_bet27,-1.8207,-1.8207,-1.8207,-2.4275,-3.0344,3.000000,3.000000,3.000000,4.000000,5.000000,97.000000,97.000000,97.000000,96.000000,95.000000,5.0,-10.9240,-10.174,-49.7647,-50.5147,PENDING_AG03,FALSE,NOT_FOR_ENFORCEMENT,-58.8680,13645.9022,-60.6887,-58.8680,-1.8207,-0.00386530,-0.00374934,-1.8207,-58.8680,-0.00374934,-1.8207,-1.8207,-1.8207,-2.4275,-3.0344,-58.8680,-0.00374934,-10.9240,-10.174,-49.7647,-50.5147,-0.00316955,-0.00321732,-0.00011596,141.4493,136.5819,-0.5892,-15.1722,-1.1671,3925.2192,25.7500,,141.4493,51.4311,102.8621,225.0109,329.1585,410.1627,517.3964,77.1466,0.0,3.9875,5.029999,1.375135,24,31,9,3,0E-8,-0.00386530,,0E-8,0.000000,0.895997,0.000000,,2026-06-24,2026-06-29,4,52,47,6,0.666667,,,0.000000,,,,,,,,GLOBAL_BASELINE_NO_ENTITY_RANKING,,,NOT_APPLICABLE_GLOBAL_BASELINE,HF9g-P5,,,,X 全窗基线 · 不参与实体赏罚,3929756,393,A168_HF9F_20260827_0900,2026-08-27 09:00:00
2026-06-29,151910927,529,0,102.8621390182,-102.8621390182,-102.8621390182,0E-7,1,1,0.50665070000000000,0.506650700000,-1.013391052207602,-1.013391052207602,-1.013391052207602,0E-17,ELIGIBLE,R03b_20260811_FULL_v1,L1_ELIGIBILITY,v2026-08-11,2026-03-21..2026-08-06,baccarat_bet02_101_all_pairs_incl_sentinel,round_win = game_pnl > 0 (decisive only),COMPATIBILITY_ONLY_NOT_PRODUCTION,15700.8769,14067.9404,-60.6887,111,103,0.00386530,,0.00386530,0.00386530,60.6887,15700.8769,OK,0.0000,-1.8207,3.0000,97.0000,AG03-UNRESOLVED,ALL5_LEVELS_bet23_to_bet27,-1.8207,-1.8207,-1.8207,-2.4275,-3.0344,3.000000,3.000000,3.000000,4.000000,5.000000,97.000000,97.000000,97.000000,96.000000,95.000000,5.0,-10.9240,-10.174,-49.7647,-50.5147,PENDING_AG03,FALSE,NOT_FOR_ENFORCEMENT,-58.8680,13645.9022,-60.6887,-58.8680,-1.8207,-0.00386530,-0.00374934,-1.8207,-58.8680,-0.00374934,-1.8207,-1.8207,-1.8207,-2.4275,-3.0344,-58.8680,-0.00374934,-10.9240,-10.174,-49.7647,-50.5147,-0.00316955,-0.00321732,-0.00011596,141.4493,136.5819,-0.5892,-15.1722,-1.1671,3925.2192,25.7500,,141.4493,51.4311,102.8621,225.0109,329.1585,410.1627,517.3964,77.1466,0.0,3.9875,5.029999,1.375135,24,31,9,3,0E-8,-0.00386530,,0E-8,0.000000,0.895997,0.000000,,2026-06-24,2026-06-29,4,52,47,6,0.666667,,,0.000000,,,,,,,,GLOBAL_BASELINE_NO_ENTITY_RANKING,,,NOT_APPLICABLE_GLOBAL_BASELINE,HF9g-P5,,,,X 全窗基线 · 不参与实体赏罚,3929757,393,A168_HF9F_20260827_0900,2026-08-27 09:00:00
2026-06-29,151910927,595,0,56.5741764599,-10.8005245969,-10.8005245969,0.5000000,3,3,0.50665070000000000,0.506650700000,-0.018812684590367487,-0.018812684590367487,-0.018812684590367487,0E-17,ELIGIBLE,R03b_20260811_FULL_v1,L1_ELIGIBILITY,v2026-08-11,2026-03-21..2026-08-06,baccarat_bet02_101_all_pairs_incl_sentinel,round_win = game_pnl > 0 (decisive only),COMPATIBILITY_ONLY_NOT_PRODUCTION,15700.8769,14067.9404,-60.6887,111,103,0.00386530,,0.00386530,0.00386530,60.6887,15700.8769,OK,0.0000,-1.8207,3.0000,97.0000,AG03-UNRESOLVED,ALL5_LEVELS_bet23_to_bet27,-1.8207,-1.8207,-1.8207,-2.4275,-3.0344,3.000000,3.000000,3.000000,4.000000,5.000000,97.000000,97.000000,97.000000,96.000000,95.000000,5.0,-10.9240,-10.174,-49.7647,-50.5147,PENDING_AG03,FALSE,NOT_FOR_ENFORCEMENT,-58.8680,13645.9022,-60.6887,-58.8680,-1.8207,-0.00386530,-0.00374934,-1.8207,-58.8680,-0.00374934,-1.8207,-1.8207,-1.8207,-2.4275,-3.0344,-58.8680,-0.00374934,-10.9240,-10.174,-49.7647,-50.5147,-0.00316955,-0.00321732,-0.00011596,141.4493,136.5819,-0.5892,-15.1722,-1.1671,3925.2192,25.7500,,141.4493,51.4311,102.8621,225.0109,329.1585,410.1627,517.3964,77.1466,0.0,3.9875,5.029999,1.375135,24,31,9,3,0E-8,-0.00386530,,0E-8,0.000000,0.895997,0.000000,,2026-06-24,2026-06-29,4,52,47,6,0.666667,,,0.000000,,,,,,,,GLOBAL_BASELINE_NO_ENTITY_RANKING,,,NOT_APPLICABLE_GLOBAL_BASELINE,HF9g-P5,,,,X 全窗基线 · 不参与实体赏罚,3929758,393,A168_HF9F_20260827_0900,2026-08-27 09:00:00
2026-06-14,130619209,2088,0,64.5459922339,61.3186926222,61.3186926222,1.0000000,1,1,0.50665070000000000,0.506650700000,0.9867858985152569,0.9867858985152569,0.9867858985152569,0E-17,ELIGIBLE,R03b_20260811_FULL_v1,L1_ELIGIBILITY,v2026-08-11,2026-03-21..2026-08-06,baccarat_bet02_101_all_pairs_incl_sentinel,round_win = game_pnl > 0 (decisive only),COMPATIBILITY_ONLY_NOT_PRODUCTION,64.5460,64.5460,-61.3187,1,1,0.95000000,,0.95000000,0.95000000,61.3187,64.5460,THIN_EXPOSURE,0.0000,-2.4527,4.0000,96.0000,AG03-UNRESOLVED,ALL5_LEVELS_bet23_to_bet27,-2.4527,-2.4527,-2.4527,-3.0659,-3.0659,4.000000,4.000000,4.000000,5.000000,5.000000,96.000000,96.000000,96.000000,95.000000,95.000000,5.0,-13.4901,-12.3573,-47.8286,-48.9614,PENDING_AG03,FALSE,NOT_FOR_ENFORCEMENT,-58.8659,61.9642,-61.3187,-58.8659,-2.4527,-0.95000000,-0.91200000,-2.4527,-58.8659,-0.91200000,-2.4527,-2.4527,-2.4527,-3.0659,-3.0659,-58.8659,-0.91200000,-13.4901,-12.3573,-47.8286,-48.9614,-0.74100000,-0.75855053,-0.03800000,64.5460,64.5460,-61.3187,-61.3187,-61.3187,64.5460,1.0000,,64.5460,64.546,64.546,64.546,64.546,64.546,64.546,64.546,61.3187,1.0,1.0,1.0,1,1,1,1,0E-8,-0.95000000,,0E-8,0.000000,1.000000,0.000000,,2026-06-14,2026-06-14,1,1,1,1,1.000000,,,0.000000,,,,,,,,GLOBAL_BASELINE_NO_ENTITY_RANKING,,,NOT_APPLICABLE_GLOBAL_BASELINE,HF9g-P5,,,,X 全窗基线 · 不参与实体赏罚,3929759,393,A168_HF9F_20260827_0900,2026-08-27 09:00:00
2026-05-04,109891548,2129,0,84.0000000000,84.0000000000,84.0000000000,1.0000000,1,1,0.49324550000000000,0.493245500000,1.01360149184955,1.01360149184955,1.01360149184955,0E-17,ELIGIBLE,R03b_20260811_FULL_v1,L1_ELIGIBILITY,v2026-08-11,2026-03-21..2026-08-06,baccarat_bet02_101_all_pairs_incl_sentinel,round_win = game_pnl > 0 (decisive only),COMPATIBILITY_ONLY_NOT_PRODUCTION,107.0000,107.0000,-61.0000,2,2,0.57009346,,0.57009346,0.57009346,61.0000,107.0000,THIN_EXPOSURE,0.0000,-2.1350,3.5000,96.5000,AG03-UNRESOLVED,ALL5_LEVELS_bet23_to_bet27,-2.1350,-2.1350,-2.4400,0.0000,0.0000,3.500000,3.500000,4.000000,0.000000,0.000000,96.500000,96.500000,96.000000,100.000000,100.000000,5.0,-6.7100,-6.4675,-54.2900,-54.5325,PENDING_AG03,FALSE,NOT_FOR_ENFORCEMENT,-58.8650,103.2550,-61.0000,-58.8650,-2.1350,-0.57009346,-0.55014019,-2.1350,-58.8650,-0.55014019,-2.1350,-2.1350,-2.4400,0.0000,0.0000,-58.8650,-0.55014019,-6.7100,-6.4675,-54.2900,-54.5325,-0.50738318,-0.50964987,-0.01995327,53.5000,53.5000,-30.5000,-30.5000,-30.5000,53.5000,1.0000,,53.5000,23.0,53.5,84.0,84.0,84.0,84.0,53.5,30.5,1.570093,1.570093,1.0,2,2,2,2,0E-8,-0.57009346,,0E-8,0.000000,1.000000,0.000000,,2026-05-04,2026-05-10,2,2,2,7,0.285714,,,0.000000,,,,,,,,GLOBAL_BASELINE_NO_ENTITY_RANKING,,,NOT_APPLICABLE_GLOBAL_BASELINE,HF9g-P5,,,,X 全窗基线 · 不参与实体赏罚,3929760,393,A168_HF9F_20260827_0900,2026-08-27 09:00:00
2026-05-10,109891548,2174,0,23.0000000000,-23.0000000000,-23.0000000000,0E-7,1,1,0.09460280000000000,0.094602800000,-0.32324545095860213,-0.32324545095860213,-0.32324545095860213,0E-17,ELIGIBLE,R03b_20260811_FULL_v1,L1_ELIGIBILITY,v2026-08-11,2026-03-21..2026-08-06,baccarat_bet02_101_all_pairs_incl_sentinel,round_win = game_pnl > 0 (decisive only),COMPATIBILITY_ONLY_NOT_PRODUCTION,107.0000,107.0000,-61.0000,2,2,0.57009346,,0.57009346,0.57009346,61.0000,107.0000,THIN_EXPOSURE,0.0000,-2.1350,3.5000,96.5000,AG03-UNRESOLVED,ALL5_LEVELS_bet23_to_bet27,-2.1350,-2.1350,-2.4400,0.0000,0.0000,3.500000,3.500000,4.000000,0.000000,0.000000,96.500000,96.500000,96.000000,100.000000,100.000000,5.0,-6.7100,-6.4675,-54.2900,-54.5325,PENDING_AG03,FALSE,NOT_FOR_ENFORCEMENT,-58.8650,103.2550,-61.0000,-58.8650,-2.1350,-0.57009346,-0.55014019,-2.1350,-58.8650,-0.55014019,-2.1350,-2.1350,-2.4400,0.0000,0.0000,-58.8650,-0.55014019,-6.7100,-6.4675,-54.2900,-54.5325,-0.50738318,-0.50964987,-0.01995327,53.5000,53.5000,-30.5000,-30.5000,-30.5000,53.5000,1.0000,,53.5000,23.0,53.5,84.0,84.0,84.0,84.0,53.5,30.5,1.570093,1.570093,1.0,2,2,2,2,0E-8,-0.57009346,,0E-8,0.000000,1.000000,0.000000,,2026-05-04,2026-05-10,2,2,2,7,0.285714,,,0.000000,,,,,,,,GLOBAL_BASELINE_NO_ENTITY_RANKING,,,NOT_APPLICABLE_GLOBAL_BASELINE,HF9g-P5,,,,X 全窗基线 · 不参与实体赏罚,3929761,393,A168_HF9F_20260827_0900,2026-08-27 09:00:00
2026-07-02,66911897,1094,0,64.5444453050,61.3172230398,61.3172230398,1.0000000,1,1,0.50665070000000000,0.506650700000,0.9867858985152569,0.9867858985152569,0.9867858985152569,0E-17,ELIGIBLE,R03b_20260811_FULL_v1,L1_ELIGIBILITY,v2026-08-11,2026-03-21..2026-08-06,baccarat_bet02_101_all_pairs_incl_sentinel,round_win = game_pnl > 0 (decisive only),COMPATIBILITY_ONLY_NOT_PRODUCTION,64.5444,64.5444,-61.3172,1,1,0.95000000,,0.95000000,0.95000000,61.3172,64.5444,THIN_EXPOSURE,0.0000,-2.4527,4.0000,96.0000,AG03-UNRESOLVED,ALL5_LEVELS_bet23_to_bet27,-2.4527,-2.4527,-2.4527,-3.0659,-3.0659,4.000000,4.000000,4.000000,5.000000,5.000000,96.000000,96.000000,96.000000,95.000000,95.000000,5.0,-13.4898,-12.357,-47.8274,-48.9602,PENDING_AG03,FALSE,NOT_FOR_ENFORCEMENT,-58.8645,61.9627,-61.3172,-58.8645,-2.4527,-0.95000000,-0.91200000,-2.4527,-58.8645,-0.91200000,-2.4527,-2.4527,-2.4527,-3.0659,-3.0659,-58.8645,-0.91200000,-13.4898,-12.357,-47.8274,-48.9602,-0.74100000,-0.75855053,-0.03800000,64.5444,64.5444,-61.3172,-61.3172,-61.3172,64.5444,1.0000,,64.5444,64.5444,64.5444,64.5444,64.5444,64.5444,64.5444,64.5444,61.3172,1.0,1.0,1.0,1,1,1,1,0E-8,-0.95000000,,0E-8,0.000000,1.000000,0.000000,,2026-07-02,2026-07-02,1,1,1,1,1.000000,,,0.000000,,,,,,,,GLOBAL_BASELINE_NO_ENTITY_RANKING,,,NOT_APPLICABLE_GLOBAL_BASELINE,HF9g-P5,,,,X 全窗基线 · 不参与实体赏罚,3929762,393,A168_HF9F_20260827_0900,2026-08-27 09:00:00
2026-07-11,127837653,2271,0,64.5444453050,61.3172230398,61.3172230398,1.0000000,1,1,0.50665070000000000,0.506650700000,0.9867858985152569,0.9867858985152569,0.9867858985152569,0E-17,ELIGIBLE,R03b_20260811_FULL_v1,L1_ELIGIBILITY,v2026-08-11,2026-03-21..2026-08-06,baccarat_bet02_101_all_pairs_incl_sentinel,round_win = game_pnl > 0 (decisive only),COMPATIBILITY_ONLY_NOT_PRODUCTION,64.5444,64.5444,-61.3172,1,1,0.95000000,0.95000000,,0.95000000,61.3172,64.5444,THIN_EXPOSURE,0.0000,-2.4527,4.0000,96.0000,AG03-UNRESOLVED,ALL5_LEVELS_bet23_to_bet27,-2.4527,-2.4527,-2.4527,-3.0659,-3.0659,4.000000,4.000000,4.000000,5.000000,5.000000,96.000000,96.000000,96.000000,95.000000,95.000000,5.0,-13.4898,-12.357,-47.8274,-48.9602,PENDING_AG03,FALSE,NOT_FOR_ENFORCEMENT,-58.8645,61.9627,-61.3172,-58.8645,-2.4527,-0.95000000,-0.91200000,-2.4527,-58.8645,-0.91200000,-2.4527,-2.4527,-2.4527,-3.0659,-3.0659,-58.8645,-0.91200000,-13.4898,-12.357,-47.8274,-48.9602,-0.74100000,-0.75855053,-0.03800000,64.5444,64.5444,-61.3172,-61.3172,-61.3172,64.5444,1.0000,64.5444,,64.5444,64.5444,64.5444,64.5444,64.5444,64.5444,64.5444,61.3172,1.0,1.0,1.0,1,1,1,1,1.00000000,-0.95000000,-0.95000000,0E-8,0.000000,1.000000,0.000000,,2026-07-11,2026-07-11,1,1,1,1,1.000000,,1.000000,3.333333,,,,,,,,GLOBAL_BASELINE_NO_ENTITY_RANKING,,,NOT_APPLICABLE_GLOBAL_BASELINE,HF9g-P5,,,,X 全窗基线 · 不参与实体赏罚,3929763,393,A168_HF9F_20260827_0900,2026-08-27 09:00:00
2026-07-11,152843315,1210,0,64.5444453050,61.3172230398,61.3172230398,1.0000000,1,1,0.50665070000000000,0.506650700000,0.9867858985152569,0.9867858985152569,0.9867858985152569,0E-17,ELIGIBLE,R03b_20260811_FULL_v1,L1_ELIGIBILITY,v2026-08-11,2026-03-21..2026-08-06,baccarat_bet02_101_all_pairs_incl_sentinel,round_win = game_pnl > 0 (decisive only),COMPATIBILITY_ONLY_NOT_PRODUCTION,64.5444,64.5444,-61.3172,1,1,0.95000000,0.95000000,,0.95000000,61.3172,64.5444,THIN_EXPOSURE,0.0000,-2.4527,4.0000,96.0000,AG03-UNRESOLVED,ALL5_LEVELS_bet23_to_bet27,-2.4527,-2.4527,-3.0659,-3.0659,-3.0659,4.000000,4.000000,5.000000,5.000000,5.000000,96.000000,96.000000,95.000000,95.000000,95.000000,5.0,-14.1030,-12.867,-47.2143,-48.4502,PENDING_AG03,FALSE,NOT_FOR_ENFORCEMENT,-58.8645,61.9627,-61.3172,-58.8645,-2.4527,-0.95000000,-0.91200000,-2.4527,-58.8645,-0.91200000,-2.4527,-2.4527,-3.0659,-3.0659,-3.0659,-58.8645,-0.91200000,-14.1030,-12.867,-47.2143,-48.4502,-0.73150000,-0.75064896,-0.03800000,64.5444,64.5444,-61.3172,-61.3172,-61.3172,64.5444,1.0000,64.5444,,64.5444,64.5444,64.5444,64.5444,64.5444,64.5444,64.5444,61.3172,1.0,1.0,1.0,1,1,1,1,1.00000000,-0.95000000,-0.95000000,0E-8,0.000000,1.000000,0.000000,,2026-07-11,2026-07-11,1,1,1,1,1.000000,,1.000000,3.333333,,,,,,,,GLOBAL_BASELINE_NO_ENTITY_RANKING,,,NOT_APPLICABLE_GLOBAL_BASELINE,HF9g-P5,,,,X 全窗基线 · 不参与实体赏罚,3929764,393,A168_HF9F_20260827_0900,2026-08-27 09:00:00
2026-07-14,153001883,1714,0,64.5444453050,61.3172230398,61.3172230398,1.0000000,1,1,0.50665070000000000,0.506650700000,0.9867858985152569,0.9867858985152569,0.9867858985152569,0E-17,ELIGIBLE,R03b_20260811_FULL_v1,L1_ELIGIBILITY,v2026-08-11,2026-03-21..2026-08-06,baccarat_bet02_101_all_pairs_incl_sentinel,round_win = game_pnl > 0 (decisive only),COMPATIBILITY_ONLY_NOT_PRODUCTION,64.5444,64.5444,-61.3172,1,1,0.95000000,0.95000000,,0.95000000,61.3172,64.5444,THIN_EXPOSURE,0.0000,-2.4527,4.0000,96.0000,AG03-UNRESOLVED,ALL5_LEVELS_bet23_to_bet27,-2.4527,-2.4527,-2.4527,-3.0659,-3.0659,4.000000,4.000000,4.000000,5.000000,5.000000,96.000000,96.000000,96.000000,95.000000,95.000000,5.0,-13.4898,-12.357,-47.8274,-48.9602,PENDING_AG03,FALSE,NOT_FOR_ENFORCEMENT,-58.8645,61.9627,-61.3172,-58.8645,-2.4527,-0.95000000,-0.91200000,-2.4527,-58.8645,-0.91200000,-2.4527,-2.4527,-2.4527,-3.0659,-3.0659,-58.8645,-0.91200000,-13.4898,-12.357,-47.8274,-48.9602,-0.74100000,-0.75855053,-0.03800000,64.5444,64.5444,-61.3172,-61.3172,-61.3172,64.5444,1.0000,64.5444,,64.5444,64.5444,64.5444,64.5444,64.5444,64.5444,64.5444,61.3172,1.0,1.0,1.0,1,1,1,1,1.00000000,-0.95000000,-0.95000000,0E-8,0.000000,1.000000,0.000000,,2026-07-14,2026-07-14,1,1,1,1,1.000000,,1.000000,3.333333,,,,,,,,GLOBAL_BASELINE_NO_ENTITY_RANKING,,,NOT_APPLICABLE_GLOBAL_BASELINE,HF9g-P5,,,,X 全窗基线 · 不参与实体赏罚,3929765,393,A168_HF9F_20260827_0900,2026-08-27 09:00:00
2026-07-14,153014215,-1,1,64.5444453050,61.3172230398,61.3172230398,1.0000000,1,1,0.50665070000000000,0.506650700000,0.9867858985152569,0.9867858985152569,0.9867858985152569,0E-17,SENTINEL_DEALER,R03b_20260811_FULL_v1,L1_ELIGIBILITY,v2026-08-11,2026-03-21..2026-08-06,baccarat_bet02_101_all_pairs_incl_sentinel,round_win = game_pnl > 0 (decisive only),COMPATIBILITY_ONLY_NOT_PRODUCTION,64.5444,64.5444,-61.3172,1,1,0.95000000,0.95000000,,0.95000000,61.3172,64.5444,THIN_EXPOSURE,0.0000,-2.4527,4.0000,96.0000,AG03-UNRESOLVED,ALL5_LEVELS_bet23_to_bet27,-2.4527,-2.4527,-2.4527,-3.0659,-3.0659,4.000000,4.000000,4.000000,5.000000,5.000000,96.000000,96.000000,96.000000,95.000000,95.000000,5.0,-13.4898,-12.357,-47.8274,-48.9602,PENDING_AG03,FALSE,NOT_FOR_ENFORCEMENT,-58.8645,61.9627,-61.3172,-58.8645,-2.4527,-0.95000000,-0.91200000,-2.4527,-58.8645,-0.91200000,-2.4527,-2.4527,-2.4527,-3.0659,-3.0659,-58.8645,-0.91200000,-13.4898,-12.357,-47.8274,-48.9602,-0.74100000,-0.75855053,-0.03800000,64.5444,64.5444,-61.3172,-61.3172,-61.3172,64.5444,1.0000,64.5444,,64.5444,64.5444,64.5444,64.5444,64.5444,64.5444,64.5444,61.3172,1.0,1.0,1.0,1,1,1,1,1.00000000,-0.95000000,-0.95000000,0E-8,0.000000,1.000000,0.000000,,2026-07-14,2026-07-14,1,1,1,1,1.000000,,1.000000,3.333333,,,,,,,,GLOBAL_BASELINE_NO_ENTITY_RANKING,,,NOT_APPLICABLE_GLOBAL_BASELINE,HF9g-P5,,,,X 全窗基线 · 不参与实体赏罚,3929766,393,A168_HF9F_20260827_0900,2026-08-27 09:00:00
2026-07-23,153358828,2142,0,64.5444453050,61.3172230398,61.3172230398,1.0000000,2,2,0.50665070000000000,0.506650700000,1.3955260008387969,1.3955260008387969,1.3955260008387969,0E-17,ELIGIBLE,R03b_20260811_FULL_v1,L1_ELIGIBILITY,v2026-08-11,2026-03-21..2026-08-06,baccarat_bet02_101_all_pairs_incl_sentinel,round_win = game_pnl > 0 (decisive only),COMPATIBILITY_ONLY_NOT_PRODUCTION,64.5444,64.5444,-61.3172,2,2,0.95000000,0.95000000,,0.95000000,61.3172,64.5444,THIN_EXPOSURE,0.0000,-2.4527,4.0000,96.0000,AG03-UNRESOLVED,ALL5_LEVELS_bet23_to_bet27,-2.4527,-2.4527,-2.4527,-3.0659,-3.0659,4.000000,4.000000,4.000000,5.000000,5.000000,96.000000,96.000000,96.000000,95.000000,95.000000,5.0,-13.4898,-12.357,-47.8274,-48.9602,PENDING_AG03,FALSE,NOT_FOR_ENFORCEMENT,-58.8645,61.9627,-61.3172,-58.8645,-2.4527,-0.95000000,-0.91200000,-2.4527,-58.8645,-0.91200000,-2.4527,-2.4527,-2.4527,-3.0659,-3.0659,-58.8645,-0.91200000,-13.4898,-12.357,-47.8274,-48.9602,-0.74100000,-0.75855053,-0.03800000,32.2722,32.2722,-30.6586,-61.3172,-61.3172,64.5444,2.0000,32.2722,,25.8178,32.2722,38.7267,38.7267,38.7267,38.7267,32.2722,30.6586,1.2,1.2,1.0,1,1,1,1,1.00000000,-0.95000000,-0.95000000,0E-8,0.000000,1.000000,0.000000,,2026-07-23,2026-07-23,1,1,1,1,1.000000,,1.000000,3.333333,,,,,,,,GLOBAL_BASELINE_NO_ENTITY_RANKING,,,NOT_APPLICABLE_GLOBAL_BASELINE,HF9g-P5,,,,X 全窗基线 · 不参与实体赏罚,3929767,393,A168_HF9F_20260827_0900,2026-08-27 09:00:00
2026-07-25,153450536,2280,0,64.5444453050,61.3172230398,61.3172230398,1.0000000,1,1,0.50665070000000000,0.506650700000,0.9867858985152569,0.9867858985152569,0.9867858985152569,0E-17,ELIGIBLE,R03b_20260811_FULL_v1,L1_ELIGIBILITY,v2026-08-11,2026-03-21..2026-08-06,baccarat_bet02_101_all_pairs_incl_sentinel,round_win = game_pnl > 0 (decisive only),COMPATIBILITY_ONLY_NOT_PRODUCTION,64.5444,64.5444,-61.3172,1,1,0.95000000,0.95000000,,0.95000000,61.3172,64.5444,THIN_EXPOSURE,0.0000,-2.4527,4.0000,96.0000,AG03-UNRESOLVED,ALL5_LEVELS_bet23_to_bet27,-2.4527,-2.4527,-3.0659,-3.0659,-3.0659,4.000000,4.000000,5.000000,5.000000,5.000000,96.000000,96.000000,95.000000,95.000000,95.000000,5.0,-14.1030,-12.867,-47.2143,-48.4502,PENDING_AG03,FALSE,NOT_FOR_ENFORCEMENT,-58.8645,61.9627,-61.3172,-58.8645,-2.4527,-0.95000000,-0.91200000,-2.4527,-58.8645,-0.91200000,-2.4527,-2.4527,-3.0659,-3.0659,-3.0659,-58.8645,-0.91200000,-14.1030,-12.867,-47.2143,-48.4502,-0.73150000,-0.75064896,-0.03800000,64.5444,64.5444,-61.3172,-61.3172,-61.3172,64.5444,1.0000,64.5444,,64.5444,64.5444,64.5444,64.5444,64.5444,64.5444,64.5444,61.3172,1.0,1.0,1.0,1,1,1,1,1.00000000,-0.95000000,-0.95000000,0E-8,0.000000,1.000000,0.000000,,2026-07-25,2026-07-25,1,1,1,1,1.000000,,1.000000,3.333333,,,,,,,,GLOBAL_BASELINE_NO_ENTITY_RANKING,,,NOT_APPLICABLE_GLOBAL_BASELINE,HF9g-P5,,,,X 全窗基线 · 不参与实体赏罚,3929768,393,A168_HF9F_20260827_0900,2026-08-27 09:00:00
2026-07-26,153507135,2140,0,64.5444453050,61.3172230398,61.3172230398,1.0000000,1,1,0.50665070000000000,0.506650700000,0.9867858985152569,0.9867858985152569,0.9867858985152569,0E-17,ELIGIBLE,R03b_20260811_FULL_v1,L1_ELIGIBILITY,v2026-08-11,2026-03-21..2026-08-06,baccarat_bet02_101_all_pairs_incl_sentinel,round_win = game_pnl > 0 (decisive only),COMPATIBILITY_ONLY_NOT_PRODUCTION,64.5444,64.5444,-61.3172,1,1,0.95000000,0.95000000,,0.95000000,61.3172,64.5444,THIN_EXPOSURE,0.0000,-2.4527,4.0000,96.0000,AG03-UNRESOLVED,ALL5_LEVELS_bet23_to_bet27,-2.4527,-2.4527,-3.0659,-3.0659,-3.0659,4.000000,4.000000,5.000000,5.000000,5.000000,96.000000,96.000000,95.000000,95.000000,95.000000,5.0,-14.1030,-12.867,-47.2143,-48.4502,PENDING_AG03,FALSE,NOT_FOR_ENFORCEMENT,-58.8645,61.9627,-61.3172,-58.8645,-2.4527,-0.95000000,-0.91200000,-2.4527,-58.8645,-0.91200000,-2.4527,-2.4527,-3.0659,-3.0659,-3.0659,-58.8645,-0.91200000,-14.1030,-12.867,-47.2143,-48.4502,-0.73150000,-0.75064896,-0.03800000,64.5444,64.5444,-61.3172,-61.3172,-61.3172,64.5444,1.0000,64.5444,,64.5444,64.5444,64.5444,64.5444,64.5444,64.5444,64.5444,61.3172,1.0,1.0,1.0,1,1,1,1,1.00000000,-0.95000000,-0.95000000,0E-8,0.000000,1.000000,0.000000,,2026-07-26,2026-07-26,1,1,1,1,1.000000,,1.000000,3.333333,,,,,,,,GLOBAL_BASELINE_NO_ENTITY_RANKING,,,NOT_APPLICABLE_GLOBAL_BASELINE,HF9g-P5,,,,X 全窗基线 · 不参与实体赏罚,3929769,393,A168_HF9F_20260827_0900,2026-08-27 09:00:00
2026-07-30,153630605,2173,0,64.5444453050,61.3172230398,61.3172230398,1.0000000,1,1,0.50665070000000000,0.506650700000,0.9867858985152569,0.9867858985152569,0.9867858985152569,0E-17,ELIGIBLE,R03b_20260811_FULL_v1,L1_ELIGIBILITY,v2026-08-11,2026-03-21..2026-08-06,baccarat_bet02_101_all_pairs_incl_sentinel,round_win = game_pnl > 0 (decisive only),COMPATIBILITY_ONLY_NOT_PRODUCTION,64.5444,64.5444,-61.3172,1,1,0.95000000,0.95000000,,0.95000000,61.3172,64.5444,THIN_EXPOSURE,0.0000,-2.4527,4.0000,96.0000,AG03-UNRESOLVED,ALL5_LEVELS_bet23_to_bet27,-2.4527,-2.4527,-2.4527,-3.0659,-3.0659,4.000000,4.000000,4.000000,5.000000,5.000000,96.000000,96.000000,96.000000,95.000000,95.000000,5.0,-13.4898,-12.357,-47.8274,-48.9602,PENDING_AG03,FALSE,NOT_FOR_ENFORCEMENT,-58.8645,61.9627,-61.3172,-58.8645,-2.4527,-0.95000000,-0.91200000,-2.4527,-58.8645,-0.91200000,-2.4527,-2.4527,-2.4527,-3.0659,-3.0659,-58.8645,-0.91200000,-13.4898,-12.357,-47.8274,-48.9602,-0.74100000,-0.75855053,-0.03800000,64.5444,64.5444,-61.3172,-61.3172,-61.3172,64.5444,1.0000,64.5444,,64.5444,64.5444,64.5444,64.5444,64.5444,64.5444,64.5444,61.3172,1.0,1.0,1.0,1,1,1,1,1.00000000,-0.95000000,-0.95000000,0E-8,0.000000,1.000000,0.000000,,2026-07-30,2026-07-30,1,1,1,1,1.000000,,1.000000,3.333333,,,,,,,,GLOBAL_BASELINE_NO_ENTITY_RANKING,,,NOT_APPLICABLE_GLOBAL_BASELINE,HF9g-P5,,,,X 全窗基线 · 不参与实体赏罚,3929770,393,A168_HF9F_20260827_0900,2026-08-27 09:00:00
2026-07-30,153656551,2239,0,38.7266671830,36.7903338239,36.7903338239,1.0000000,1,1,0.50665070000000000,0.506650700000,0.9867858985152569,0.9867858985152569,0.9867858985152569,0E-17,ELIGIBLE,R03b_20260811_FULL_v1,L1_ELIGIBILITY,v2026-08-11,2026-03-21..2026-08-06,baccarat_bet02_101_all_pairs_incl_sentinel,round_win = game_pnl > 0 (decisive only),COMPATIBILITY_ONLY_NOT_PRODUCTION,64.5444,64.5444,-61.3172,2,2,0.95000000,0.95000000,,0.95000000,61.3172,64.5444,THIN_EXPOSURE,0.0000,-2.4527,4.0000,96.0000,AG03-UNRESOLVED,ALL5_LEVELS_bet23_to_bet27,-2.4527,-2.4527,-2.4527,-3.0659,-3.0659,4.000000,4.000000,4.000000,5.000000,5.000000,96.000000,96.000000,96.000000,95.000000,95.000000,5.0,-13.4898,-12.357,-47.8274,-48.9602,PENDING_AG03,FALSE,NOT_FOR_ENFORCEMENT,-58.8645,61.9627,-61.3172,-58.8645,-2.4527,-0.95000000,-0.91200000,-2.4527,-58.8645,-0.91200000,-2.4527,-2.4527,-2.4527,-3.0659,-3.0659,-58.8645,-0.91200000,-13.4898,-12.357,-47.8274,-48.9602,-0.74100000,-0.75855053,-0.03800000,32.2722,32.2722,-30.6586,-61.3172,-30.6586,64.5444,2.0000,32.2722,,25.8178,32.2722,38.7267,38.7267,38.7267,38.7267,32.2722,30.6586,1.2,1.2,1.0,2,2,1,1,1.00000000,-0.95000000,-0.95000000,0E-8,0.000000,1.000000,0.000000,,2026-07-30,2026-07-30,1,2,2,1,1.000000,,1.000000,3.333333,,,,,,,,GLOBAL_BASELINE_NO_ENTITY_RANKING,,,NOT_APPLICABLE_GLOBAL_BASELINE,HF9g-P5,,,,X 全窗基线 · 不参与实体赏罚,3929771,393,A168_HF9F_20260827_0900,2026-08-27 09:00:00
2026-07-30,153656551,763,0,25.8177781220,24.5268892159,24.5268892159,1.0000000,1,1,0.50665070000000000,0.506650700000,0.9867858985152569,0.9867858985152569,0.9867858985152569,0E-17,ELIGIBLE,R03b_20260811_FULL_v1,L1_ELIGIBILITY,v2026-08-11,2026-03-21..2026-08-06,baccarat_bet02_101_all_pairs_incl_sentinel,round_win = game_pnl > 0 (decisive only),COMPATIBILITY_ONLY_NOT_PRODUCTION,64.5444,64.5444,-61.3172,2,2,0.95000000,0.95000000,,0.95000000,61.3172,64.5444,THIN_EXPOSURE,0.0000,-2.4527,4.0000,96.0000,AG03-UNRESOLVED,ALL5_LEVELS_bet23_to_bet27,-2.4527,-2.4527,-2.4527,-3.0659,-3.0659,4.000000,4.000000,4.000000,5.000000,5.000000,96.000000,96.000000,96.000000,95.000000,95.000000,5.0,-13.4898,-12.357,-47.8274,-48.9602,PENDING_AG03,FALSE,NOT_FOR_ENFORCEMENT,-58.8645,61.9627,-61.3172,-58.8645,-2.4527,-0.95000000,-0.91200000,-2.4527,-58.8645,-0.91200000,-2.4527,-2.4527,-2.4527,-3.0659,-3.0659,-58.8645,-0.91200000,-13.4898,-12.357,-47.8274,-48.9602,-0.74100000,-0.75855053,-0.03800000,32.2722,32.2722,-30.6586,-61.3172,-30.6586,64.5444,2.0000,32.2722,,25.8178,32.2722,38.7267,38.7267,38.7267,38.7267,32.2722,30.6586,1.2,1.2,1.0,2,2,1,1,1.00000000,-0.95000000,-0.95000000,0E-8,0.000000,1.000000,0.000000,,2026-07-30,2026-07-30,1,2,2,1,1.000000,,1.000000,3.333333,,,,,,,,GLOBAL_BASELINE_NO_ENTITY_RANKING,,,NOT_APPLICABLE_GLOBAL_BASELINE,HF9g-P5,,,,X 全窗基线 · 不参与实体赏罚,3929772,393,A168_HF9F_20260827_0900,2026-08-27 09:00:00
2026-07-14,152996642,-1,1,77.4533343660,36.7903338239,36.7903338239,1.0000000,2,2,0.50665070000000000,0.506650700000,0.9867858985152569,0.9867858985152569,0.9867858985152569,0E-17,SENTINEL_DEALER,R03b_20260811_FULL_v1,L1_ELIGIBILITY,v2026-08-11,2026-03-21..2026-08-06,baccarat_bet02_101_all_pairs_incl_sentinel,round_win = game_pnl > 0 (decisive only),COMPATIBILITY_ONLY_NOT_PRODUCTION,103.2711,64.5444,-61.3172,3,3,0.59375000,0.59375000,,0.59375000,61.3172,103.2711,THIN_EXPOSURE,0.0000,-2.4527,4.0000,96.0000,AG03-UNRESOLVED,ALL5_LEVELS_bet23_to_bet27,-2.4527,-2.4527,-2.4527,-3.0659,-3.0659,4.000000,4.000000,4.000000,5.000000,5.000000,96.000000,96.000000,96.000000,95.000000,95.000000,5.0,-13.4898,-12.357,-47.8274,-48.9602,PENDING_AG03,FALSE,NOT_FOR_ENFORCEMENT,-58.8645,61.9627,-61.3172,-58.8645,-2.4527,-0.59375000,-0.57000000,-2.4527,-58.8645,-0.57000000,-2.4527,-2.4527,-2.4527,-3.0659,-3.0659,-58.8645,-0.57000000,-13.4898,-12.357,-47.8274,-48.9602,-0.46312500,-0.47409408,-0.02375000,34.4237,21.5148,-20.4391,-61.3172,-30.6586,103.2711,3.0000,34.4237,,29.045,38.7267,38.7267,38.7267,38.7267,38.7267,25.8178,24.5269,1.0,1.0,0.888889,2,2,1,1,1.00000000,-0.59375000,-0.59375000,0E-8,0.000000,0.625000,0.000000,,2026-07-14,2026-07-14,1,2,2,1,1.000000,,1.000000,3.333333,,,,,,,,GLOBAL_BASELINE_NO_ENTITY_RANKING,,,NOT_APPLICABLE_GLOBAL_BASELINE,HF9g-P5,,,,X 全窗基线 · 不参与实体赏罚,3929773,393,A168_HF9F_20260827_0900,2026-08-27 09:00:00
2026-07-14,152996642,1157,0,25.8177781220,24.5268892159,24.5268892159,1.0000000,1,1,0.50665070000000000,0.506650700000,0.9867858985152569,0.9867858985152569,0.9867858985152569,0E-17,ELIGIBLE,R03b_20260811_FULL_v1,L1_ELIGIBILITY,v2026-08-11,2026-03-21..2026-08-06,baccarat_bet02_101_all_pairs_incl_sentinel,round_win = game_pnl > 0 (decisive only),COMPATIBILITY_ONLY_NOT_PRODUCTION,103.2711,64.5444,-61.3172,3,3,0.59375000,0.59375000,,0.59375000,61.3172,103.2711,THIN_EXPOSURE,0.0000,-2.4527,4.0000,96.0000,AG03-UNRESOLVED,ALL5_LEVELS_bet23_to_bet27,-2.4527,-2.4527,-2.4527,-3.0659,-3.0659,4.000000,4.000000,4.000000,5.000000,5.000000,96.000000,96.000000,96.000000,95.000000,95.000000,5.0,-13.4898,-12.357,-47.8274,-48.9602,PENDING_AG03,FALSE,NOT_FOR_ENFORCEMENT,-58.8645,61.9627,-61.3172,-58.8645,-2.4527,-0.59375000,-0.57000000,-2.4527,-58.8645,-0.57000000,-2.4527,-2.4527,-2.4527,-3.0659,-3.0659,-58.8645,-0.57000000,-13.4898,-12.357,-47.8274,-48.9602,-0.46312500,-0.47409408,-0.02375000,34.4237,21.5148,-20.4391,-61.3172,-30.6586,103.2711,3.0000,34.4237,,29.045,38.7267,38.7267,38.7267,38.7267,38.7267,25.8178,24.5269,1.0,1.0,0.888889,2,2,1,1,1.00000000,-0.59375000,-0.59375000,0E-8,0.000000,0.625000,0.000000,,2026-07-14,2026-07-14,1,2,2,1,1.000000,,1.000000,3.333333,,,,,,,,GLOBAL_BASELINE_NO_ENTITY_RANKING,,,NOT_APPLICABLE_GLOBAL_BASELINE,HF9g-P5,,,,X 全窗基线 · 不参与实体赏罚,3929774,393,A168_HF9F_20260827_0900,2026-08-27 09:00:00
2026-07-06,152639763,1318,0,51.6355562440,38.7266671830,38.7266671830,1.0000000,4,4,0.49324550000000000,0.493245500000,1.755609282511032,1.7556092825110319,1.755609282511032,0E-17,ELIGIBLE,R03b_20260811_FULL_v1,L1_ELIGIBILITY,v2026-08-11,2026-03-21..2026-08-06,baccarat_bet02_101_all_pairs_incl_sentinel,round_win = game_pnl > 0 (decisive only),COMPATIBILITY_ONLY_NOT_PRODUCTION,242.6871,191.0516,-61.3172,18,18,0.25265957,,0.25265957,0.25265957,61.3172,242.6871,THIN_EXPOSURE,0.0000,-2.4527,4.0000,96.0000,AG03-UNRESOLVED,ALL5_LEVELS_bet23_to_bet27,-2.4527,-2.4527,-3.0659,-3.0659,-3.0659,4.000000,4.000000,5.000000,5.000000,5.000000,96.000000,96.000000,95.000000,95.000000,95.000000,5.0,-14.1030,-12.867,-47.2143,-48.4502,PENDING_AG03,FALSE,NOT_FOR_ENFORCEMENT,-58.8645,183.4095,-61.3172,-58.8645,-2.4527,-0.25265957,-0.24255319,-2.4527,-58.8645,-0.24255319,-2.4527,-2.4527,-3.0659,-3.0659,-3.0659,-58.8645,-0.24255319,-14.1030,-12.867,-47.2143,-48.4502,-0.19454787,-0.19964068,-0.01010638,13.4826,10.6140,-3.4065,-61.3172,-15.3293,242.6871,18.0000,,13.4826,12.9089,12.9089,12.9089,12.9089,19.1052,23.236,12.9089,6.1317,1.48,1.8,1.044444,4,4,1,2,0E-8,-0.25265957,,0E-8,0.000000,0.787234,0.000000,,2026-07-06,2026-07-06,1,4,4,1,1.000000,,,0.000000,,,,,,,,GLOBAL_BASELINE_NO_ENTITY_RANKING,,,NOT_APPLICABLE_GLOBAL_BASELINE,HF9g-P5,,,,X 全窗基线 · 不参与实体赏罚,3929775,393,A168_HF9F_20260827_0900,2026-08-27 09:00:00
2026-07-06,152639763,1505,0,38.7266671830,-12.9088890610,-12.9088890610,0.3333333,3,3,0.49324550000000000,0.493245500000,-0.5540025479526107,-0.5540025479526106,-0.5540025479526107,0E-17,ELIGIBLE,R03b_20260811_FULL_v1,L1_ELIGIBILITY,v2026-08-11,2026-03-21..2026-08-06,baccarat_bet02_101_all_pairs_incl_sentinel,round_win = game_pnl > 0 (decisive only),COMPATIBILITY_ONLY_NOT_PRODUCTION,242.6871,191.0516,-61.3172,18,18,0.25265957,,0.25265957,0.25265957,61.3172,242.6871,THIN_EXPOSURE,0.0000,-2.4527,4.0000,96.0000,AG03-UNRESOLVED,ALL5_LEVELS_bet23_to_bet27,-2.4527,-2.4527,-3.0659,-3.0659,-3.0659,4.000000,4.000000,5.000000,5.000000,5.000000,96.000000,96.000000,95.000000,95.000000,95.000000,5.0,-14.1030,-12.867,-47.2143,-48.4502,PENDING_AG03,FALSE,NOT_FOR_ENFORCEMENT,-58.8645,183.4095,-61.3172,-58.8645,-2.4527,-0.25265957,-0.24255319,-2.4527,-58.8645,-0.24255319,-2.4527,-2.4527,-3.0659,-3.0659,-3.0659,-58.8645,-0.24255319,-14.1030,-12.867,-47.2143,-48.4502,-0.19454787,-0.19964068,-0.01010638,13.4826,10.6140,-3.4065,-61.3172,-15.3293,242.6871,18.0000,,13.4826,12.9089,12.9089,12.9089,12.9089,19.1052,23.236,12.9089,6.1317,1.48,1.8,1.044444,4,4,1,2,0E-8,-0.25265957,,0E-8,0.000000,0.787234,0.000000,,2026-07-06,2026-07-06,1,4,4,1,1.000000,,,0.000000,,,,,,,,GLOBAL_BASELINE_NO_ENTITY_RANKING,,,NOT_APPLICABLE_GLOBAL_BASELINE,HF9g-P5,,,,X 全窗基线 · 不参与实体赏罚,3929776,393,A168_HF9F_20260827_0900,2026-08-27 09:00:00
2026-07-06,152639763,2196,0,87.7804456148,36.1448893708,36.1448893708,0.7500000,6,6,0.49547970000000000,0.495479700000,1.0181228076850934,1.0181228076850934,1.0181228076850934,0E-17,ELIGIBLE,R03b_20260811_FULL_v1,L1_ELIGIBILITY,v2026-08-11,2026-03-21..2026-08-06,baccarat_bet02_101_all_pairs_incl_sentinel,round_win = game_pnl > 0 (decisive only),COMPATIBILITY_ONLY_NOT_PRODUCTION,242.6871,191.0516,-61.3172,18,18,0.25265957,,0.25265957,0.25265957,61.3172,242.6871,THIN_EXPOSURE,0.0000,-2.4527,4.0000,96.0000,AG03-UNRESOLVED,ALL5_LEVELS_bet23_to_bet27,-2.4527,-2.4527,-3.0659,-3.0659,-3.0659,4.000000,4.000000,5.000000,5.000000,5.000000,96.000000,96.000000,95.000000,95.000000,95.000000,5.0,-14.1030,-12.867,-47.2143,-48.4502,PENDING_AG03,FALSE,NOT_FOR_ENFORCEMENT,-58.8645,183.4095,-61.3172,-58.8645,-2.4527,-0.25265957,-0.24255319,-2.4527,-58.8645,-0.24255319,-2.4527,-2.4527,-3.0659,-3.0659,-3.0659,-58.8645,-0.24255319,-14.1030,-12.867,-47.2143,-48.4502,-0.19454787,-0.19964068,-0.01010638,13.4826,10.6140,-3.4065,-61.3172,-15.3293,242.6871,18.0000,,13.4826,12.9089,12.9089,12.9089,12.9089,19.1052,23.236,12.9089,6.1317,1.48,1.8,1.044444,4,4,1,2,0E-8,-0.25265957,,0E-8,0.000000,0.787234,0.000000,,2026-07-06,2026-07-06,1,4,4,1,1.000000,,,0.000000,,,,,,,,GLOBAL_BASELINE_NO_ENTITY_RANKING,,,NOT_APPLICABLE_GLOBAL_BASELINE,HF9g-P5,,,,X 全窗基线 · 不参与实体赏罚,3929777,393,A168_HF9F_20260827_0900,2026-08-27 09:00:00
2026-07-06,152639763,2235,0,64.5444453050,-0.6454444530,-0.6454444530,0.5000000,5,5,0.49592654000000000,0.495926540000,0.016294380756781617,0.016294380756781617,0.016294380756781617,0E-17,ELIGIBLE,R03b_20260811_FULL_v1,L1_ELIGIBILITY,v2026-08-11,2026-03-21..2026-08-06,baccarat_bet02_101_all_pairs_incl_sentinel,round_win = game_pnl > 0 (decisive only),COMPATIBILITY_ONLY_NOT_PRODUCTION,242.6871,191.0516,-61.3172,18,18,0.25265957,,0.25265957,0.25265957,61.3172,242.6871,THIN_EXPOSURE,0.0000,-2.4527,4.0000,96.0000,AG03-UNRESOLVED,ALL5_LEVELS_bet23_to_bet27,-2.4527,-2.4527,-3.0659,-3.0659,-3.0659,4.000000,4.000000,5.000000,5.000000,5.000000,96.000000,96.000000,95.000000,95.000000,95.000000,5.0,-14.1030,-12.867,-47.2143,-48.4502,PENDING_AG03,FALSE,NOT_FOR_ENFORCEMENT,-58.8645,183.4095,-61.3172,-58.8645,-2.4527,-0.25265957,-0.24255319,-2.4527,-58.8645,-0.24255319,-2.4527,-2.4527,-3.0659,-3.0659,-3.0659,-58.8645,-0.24255319,-14.1030,-12.867,-47.2143,-48.4502,-0.19454787,-0.19964068,-0.01010638,13.4826,10.6140,-3.4065,-61.3172,-15.3293,242.6871,18.0000,,13.4826,12.9089,12.9089,12.9089,12.9089,19.1052,23.236,12.9089,6.1317,1.48,1.8,1.044444,4,4,1,2,0E-8,-0.25265957,,0E-8,0.000000,0.787234,0.000000,,2026-07-06,2026-07-06,1,4,4,1,1.000000,,,0.000000,,,,,,,,GLOBAL_BASELINE_NO_ENTITY_RANKING,,,NOT_APPLICABLE_GLOBAL_BASELINE,HF9g-P5,,,,X 全窗基线 · 不参与实体赏罚,3929778,393,A168_HF9F_20260827_0900,2026-08-27 09:00:00
2026-07-21,104351266,-1,1,12.9088890610,12.9088890610,12.9088890610,1.0000000,1,1,0.49324550000000000,0.493245500000,1.01360149184955,1.01360149184955,1.01360149184955,0E-17,SENTINEL_DEALER,R03b_20260811_FULL_v1,L1_ELIGIBILITY,v2026-08-11,2026-03-21..2026-08-06,baccarat_bet02_101_all_pairs_incl_sentinel,round_win = game_pnl > 0 (decisive only),COMPATIBILITY_ONLY_NOT_PRODUCTION,278.8320,278.8320,-61.3172,8,8,0.21990741,0.21990741,,0.21990741,61.3172,278.8320,THIN_EXPOSURE,0.0000,-2.4527,4.0000,96.0000,AG03-UNRESOLVED,ALL5_LEVELS_bet23_to_bet27,-2.4527,-2.4527,-2.4527,-3.0659,-3.0659,4.000000,4.000000,4.000000,5.000000,5.000000,96.000000,96.000000,96.000000,95.000000,95.000000,5.0,-13.4898,-12.357,-47.8274,-48.9602,PENDING_AG03,FALSE,NOT_FOR_ENFORCEMENT,-58.8645,267.6787,-61.3172,-58.8645,-2.4527,-0.21990741,-0.21111111,-2.4527,-58.8645,-0.21111111,-2.4527,-2.4527,-2.4527,-3.0659,-3.0659,-58.8645,-0.21111111,-13.4898,-12.357,-47.8274,-48.9602,-0.17152778,-0.1755904,-0.00879630,34.8540,34.8540,-7.6647,-61.3172,-15.3293,278.8320,8.0000,34.8540,,12.9089,19.3633,41.3084,100.173,118.7618,118.7618,19.3633,-0.3227,6.133334,6.133334,1.8,4,4,1,2,1.00000000,-0.21990741,-0.21990741,0E-8,0.000000,1.000000,0.000000,,2026-07-21,2026-07-21,1,4,4,1,1.000000,,1.000000,3.333333,,,,,,,,GLOBAL_BASELINE_NO_ENTITY_RANKING,,,NOT_APPLICABLE_GLOBAL_BASELINE,HF9g-P5,,,,X 全窗基线 · 不参与实体赏罚,3929779,393,A168_HF9F_20260827_0900,2026-08-27 09:00:00
2026-07-21,104351266,2209,0,214.2875584127,23.2360003099,23.2360003099,0.2500000,4,4,0.49324550000000000,0.493245500000,-0.9730707933947887,-0.9730707933947887,-0.9730707933947887,0E-17,ELIGIBLE,R03b_20260811_FULL_v1,L1_ELIGIBILITY,v2026-08-11,2026-03-21..2026-08-06,baccarat_bet02_101_all_pairs_incl_sentinel,round_win = game_pnl > 0 (decisive only),COMPATIBILITY_ONLY_NOT_PRODUCTION,278.8320,278.8320,-61.3172,8,8,0.21990741,0.21990741,,0.21990741,61.3172,278.8320,THIN_EXPOSURE,0.0000,-2.4527,4.0000,96.0000,AG03-UNRESOLVED,ALL5_LEVELS_bet23_to_bet27,-2.4527,-2.4527,-2.4527,-3.0659,-3.0659,4.000000,4.000000,4.000000,5.000000,5.000000,96.000000,96.000000,96.000000,95.000000,95.000000,5.0,-13.4898,-12.357,-47.8274,-48.9602,PENDING_AG03,FALSE,NOT_FOR_ENFORCEMENT,-58.8645,267.6787,-61.3172,-58.8645,-2.4527,-0.21990741,-0.21111111,-2.4527,-58.8645,-0.21111111,-2.4527,-2.4527,-2.4527,-3.0659,-3.0659,-58.8645,-0.21111111,-13.4898,-12.357,-47.8274,-48.9602,-0.17152778,-0.1755904,-0.00879630,34.8540,34.8540,-7.6647,-61.3172,-15.3293,278.8320,8.0000,34.8540,,12.9089,19.3633,41.3084,100.173,118.7618,118.7618,19.3633,-0.3227,6.133334,6.133334,1.8,4,4,1,2,1.00000000,-0.21990741,-0.21990741,0E-8,0.000000,1.000000,0.000000,,2026-07-21,2026-07-21,1,4,4,1,1.000000,,1.000000,3.333333,,,,,,,,GLOBAL_BASELINE_NO_ENTITY_RANKING,,,NOT_APPLICABLE_GLOBAL_BASELINE,HF9g-P5,,,,X 全窗基线 · 不参与实体赏罚,3929780,393,A168_HF9F_20260827_0900,2026-08-27 09:00:00
2026-07-21,104351266,789,0,12.9088890610,12.2634446080,12.2634446080,1.0000000,1,1,0.50665070000000000,0.506650700000,0.9867858985152569,0.9867858985152569,0.9867858985152569,0E-17,ELIGIBLE,R03b_20260811_FULL_v1,L1_ELIGIBILITY,v2026-08-11,2026-03-21..2026-08-06,baccarat_bet02_101_all_pairs_incl_sentinel,round_win = game_pnl > 0 (decisive only),COMPATIBILITY_ONLY_NOT_PRODUCTION,278.8320,278.8320,-61.3172,8,8,0.21990741,0.21990741,,0.21990741,61.3172,278.8320,THIN_EXPOSURE,0.0000,-2.4527,4.0000,96.0000,AG03-UNRESOLVED,ALL5_LEVELS_bet23_to_bet27,-2.4527,-2.4527,-2.4527,-3.0659,-3.0659,4.000000,4.000000,4.000000,5.000000,5.000000,96.000000,96.000000,96.000000,95.000000,95.000000,5.0,-13.4898,-12.357,-47.8274,-48.9602,PENDING_AG03,FALSE,NOT_FOR_ENFORCEMENT,-58.8645,267.6787,-61.3172,-58.8645,-2.4527,-0.21990741,-0.21111111,-2.4527,-58.8645,-0.21111111,-2.4527,-2.4527,-2.4527,-3.0659,-3.0659,-58.8645,-0.21111111,-13.4898,-12.357,-47.8274,-48.9602,-0.17152778,-0.1755904,-0.00879630,34.8540,34.8540,-7.6647,-61.3172,-15.3293,278.8320,8.0000,34.8540,,12.9089,19.3633,41.3084,100.173,118.7618,118.7618,19.3633,-0.3227,6.133334,6.133334,1.8,4,4,1,2,1.00000000,-0.21990741,-0.21990741,0E-8,0.000000,1.000000,0.000000,,2026-07-21,2026-07-21,1,4,4,1,1.000000,,1.000000,3.333333,,,,,,,,GLOBAL_BASELINE_NO_ENTITY_RANKING,,,NOT_APPLICABLE_GLOBAL_BASELINE,HF9g-P5,,,,X 全窗基线 · 不参与实体赏罚,3929781,393,A168_HF9F_20260827_0900,2026-08-27 09:00:00
2026-07-21,104351266,987,0,38.7266671830,12.9088890610,12.9088890610,0.5000000,2,2,0.49324550000000000,0.493245500000,0.01910635448239258,0.01910635448239258,0.01910635448239258,0E-17,ELIGIBLE,R03b_20260811_FULL_v1,L1_ELIGIBILITY,v2026-08-11,2026-03-21..2026-08-06,baccarat_bet02_101_all_pairs_incl_sentinel,round_win = game_pnl > 0 (decisive only),COMPATIBILITY_ONLY_NOT_PRODUCTION,278.8320,278.8320,-61.3172,8,8,0.21990741,0.21990741,,0.21990741,61.3172,278.8320,THIN_EXPOSURE,0.0000,-2.4527,4.0000,96.0000,AG03-UNRESOLVED,ALL5_LEVELS_bet23_to_bet27,-2.4527,-2.4527,-2.4527,-3.0659,-3.0659,4.000000,4.000000,4.000000,5.000000,5.000000,96.000000,96.000000,96.000000,95.000000,95.000000,5.0,-13.4898,-12.357,-47.8274,-48.9602,PENDING_AG03,FALSE,NOT_FOR_ENFORCEMENT,-58.8645,267.6787,-61.3172,-58.8645,-2.4527,-0.21990741,-0.21111111,-2.4527,-58.8645,-0.21111111,-2.4527,-2.4527,-2.4527,-3.0659,-3.0659,-58.8645,-0.21111111,-13.4898,-12.357,-47.8274,-48.9602,-0.17152778,-0.1755904,-0.00879630,34.8540,34.8540,-7.6647,-61.3172,-15.3293,278.8320,8.0000,34.8540,,12.9089,19.3633,41.3084,100.173,118.7618,118.7618,19.3633,-0.3227,6.133334,6.133334,1.8,4,4,1,2,1.00000000,-0.21990741,-0.21990741,0E-8,0.000000,1.000000,0.000000,,2026-07-21,2026-07-21,1,4,4,1,1.000000,,1.000000,3.333333,,,,,,,,GLOBAL_BASELINE_NO_ENTITY_RANKING,,,NOT_APPLICABLE_GLOBAL_BASELINE,HF9g-P5,,,,X 全窗基线 · 不参与实体赏罚,3929782,393,A168_HF9F_20260827_0900,2026-08-27 09:00:00
2026-07-18,153169910,2223,0,715.1524539794,65.9644231018,65.9644231018,0.7272727,42,11,0.40780527216200630,0.189286600151,2.156077057647724,4.554847157265234,2.156077057647724,0.21851867201100630,ELIGIBLE,R03b_20260811_FULL_v1,L1_ELIGIBILITY,v2026-08-11,2026-03-21..2026-08-06,baccarat_bet02_101_all_pairs_incl_sentinel,round_win = game_pnl > 0 (decisive only),COMPATIBILITY_ONLY_NOT_PRODUCTION,719.7997,719.7997,-61.3172,43,12,0.08518651,0.08518651,,0.08518651,61.3172,719.7997,OK,0.0000,-2.4527,4.0000,96.0000,AG03-UNRESOLVED,ALL5_LEVELS_bet23_to_bet27,-2.4527,-3.0659,-3.0659,-3.0659,-3.0659,4.000000,5.000000,5.000000,5.000000,5.000000,96.000000,95.000000,95.000000,95.000000,95.000000,5.0,-14.7161,-13.3717,-46.6011,-47.9455,PENDING_AG03,FALSE,NOT_FOR_ENFORCEMENT,-58.8645,691.0077,-61.3172,-58.8645,-2.4527,-0.08518651,-0.08177905,-2.4527,-58.8645,-0.08177905,-2.4527,-3.0659,-3.0659,-3.0659,-3.0659,-58.8645,-0.08177905,-14.7161,-13.3717,-46.6011,-47.9455,-0.06474175,-0.06660955,-0.00340746,16.7395,59.9833,-5.1098,-30.6586,-30.6586,359.8998,6.0000,16.7395,,5.1636,5.1636,30.9813,51.6356,60.2845,64.5444,5.1636,-5.1636,11.674999,12.500001,3.24186,2,2,2,8,1.00000000,-0.08518651,-0.08518651,0E-8,0.000000,1.000000,0.000000,,2026-07-18,2026-07-20,2,2,2,3,0.666667,,1.000000,3.333333,,,,,,,,GLOBAL_BASELINE_NO_ENTITY_RANKING,,,NOT_APPLICABLE_GLOBAL_BASELINE,HF9g-P5,,,,X 全窗基线 · 不参与实体赏罚,3929783,393,A168_HF9F_20260827_0900,2026-08-27 09:00:00
2026-07-20,153169910,2288,0,4.6472000620,-4.6472000620,-4.6472000620,0E-7,1,1,0.50665070000000000,0.506650700000,-1.013391052207602,-1.013391052207602,-1.013391052207602,0E-17,ELIGIBLE,R03b_20260811_FULL_v1,L1_ELIGIBILITY,v2026-08-11,2026-03-21..2026-08-06,baccarat_bet02_101_all_pairs_incl_sentinel,round_win = game_pnl > 0 (decisive only),COMPATIBILITY_ONLY_NOT_PRODUCTION,719.7997,719.7997,-61.3172,43,12,0.08518651,0.08518651,,0.08518651,61.3172,719.7997,OK,0.0000,-2.4527,4.0000,96.0000,AG03-UNRESOLVED,ALL5_LEVELS_bet23_to_bet27,-2.4527,-3.0659,-3.0659,-3.0659,-3.0659,4.000000,5.000000,5.000000,5.000000,5.000000,96.000000,95.000000,95.000000,95.000000,95.000000,5.0,-14.7161,-13.3717,-46.6011,-47.9455,PENDING_AG03,FALSE,NOT_FOR_ENFORCEMENT,-58.8645,691.0077,-61.3172,-58.8645,-2.4527,-0.08518651,-0.08177905,-2.4527,-58.8645,-0.08177905,-2.4527,-3.0659,-3.0659,-3.0659,-3.0659,-58.8645,-0.08177905,-14.7161,-13.3717,-46.6011,-47.9455,-0.06474175,-0.06660955,-0.00340746,16.7395,59.9833,-5.1098,-30.6586,-30.6586,359.8998,6.0000,16.7395,,5.1636,5.1636,30.9813,51.6356,60.2845,64.5444,5.1636,-5.1636,11.674999,12.500001,3.24186,2,2,2,8,1.00000000,-0.08518651,-0.08518651,0E-8,0.000000,1.000000,0.000000,,2026-07-18,2026-07-20,2,2,2,3,0.666667,,1.000000,3.333333,,,,,,,,GLOBAL_BASELINE_NO_ENTITY_RANKING,,,NOT_APPLICABLE_GLOBAL_BASELINE,HF9g-P5,,,,X 全窗基线 · 不参与实体赏罚,3929784,393,A168_HF9F_20260827_0900,2026-08-27 09:00:00
2026-07-12,152907609,-1,1,154.9066687320,47.7628895259,47.7628895259,0.7000000,10,10,0.50262914000000000,0.502629140000,1.2483001802549918,1.2483001802549918,1.2483001802549918,0E-17,SENTINEL_DEALER,R03b_20260811_FULL_v1,L1_ELIGIBILITY,v2026-08-11,2026-03-21..2026-08-06,baccarat_bet02_101_all_pairs_incl_sentinel,round_win = game_pnl > 0 (decisive only),COMPATIBILITY_ONLY_NOT_PRODUCTION,1006.8933,903.6222,-61.3172,68,68,0.06089744,0.06089744,,0.06089744,61.3172,1006.8933,OK,0.0000,-2.4527,4.0000,96.0000,AG03-UNRESOLVED,ALL5_LEVELS_bet23_to_bet27,-2.4527,-2.4527,-3.0659,-3.0659,-3.0659,4.000000,4.000000,5.000000,5.000000,5.000000,96.000000,96.000000,95.000000,95.000000,95.000000,5.0,-14.1030,-12.867,-47.2143,-48.4502,PENDING_AG03,FALSE,NOT_FOR_ENFORCEMENT,-58.8645,867.4773,-61.3172,-58.8645,-2.4527,-0.06089744,-0.05846154,-2.4527,-58.8645,-0.05846154,-2.4527,-2.4527,-3.0659,-3.0659,-3.0659,-58.8645,-0.05846154,-14.1030,-12.867,-47.2143,-48.4502,-0.04689103,-0.04811852,-0.00243590,14.8073,13.2886,-0.9017,-61.3172,-1.6136,1006.8933,68.0000,14.8073,,12.9089,12.9089,12.9089,25.8178,25.8178,25.8178,12.9089,0.0,2.0,2.0,1.147059,22,27,1,2,1.00000000,-0.06089744,-0.06089744,0E-8,0.000000,0.897436,0.000000,,2026-07-12,2026-07-12,1,38,22,1,1.000000,,1.000000,3.333333,,,,,,,,GLOBAL_BASELINE_NO_ENTITY_RANKING,,,NOT_APPLICABLE_GLOBAL_BASELINE,HF9g-P5,,,,X 全窗基线 · 不参与实体赏罚,3929785,393,A168_HF9F_20260827_0900,2026-08-27 09:00:00
2026-07-12,152907609,1302,0,51.6355562440,25.1723336690,25.1723336690,0.7500000,4,4,0.49659680000000000,0.496596800000,1.0136362796769356,1.0136362796769358,1.0136362796769356,0E-17,ELIGIBLE,R03b_20260811_FULL_v1,L1_ELIGIBILITY,v2026-08-11,2026-03-21..2026-08-06,baccarat_bet02_101_all_pairs_incl_sentinel,round_win = game_pnl > 0 (decisive only),COMPATIBILITY_ONLY_NOT_PRODUCTION,1006.8933,903.6222,-61.3172,68,68,0.06089744,0.06089744,,0.06089744,61.3172,1006.8933,OK,0.0000,-2.4527,4.0000,96.0000,AG03-UNRESOLVED,ALL5_LEVELS_bet23_to_bet27,-2.4527,-2.4527,-3.0659,-3.0659,-3.0659,4.000000,4.000000,5.000000,5.000000,5.000000,96.000000,96.000000,95.000000,95.000000,95.000000,5.0,-14.1030,-12.867,-47.2143,-48.4502,PENDING_AG03,FALSE,NOT_FOR_ENFORCEMENT,-58.8645,867.4773,-61.3172,-58.8645,-2.4527,-0.06089744,-0.05846154,-2.4527,-58.8645,-0.05846154,-2.4527,-2.4527,-3.0659,-3.0659,-3.0659,-58.8645,-0.05846154,-14.1030,-12.867,-47.2143,-48.4502,-0.04689103,-0.04811852,-0.00243590,14.8073,13.2886,-0.9017,-61.3172,-1.6136,1006.8933,68.0000,14.8073,,12.9089,12.9089,12.9089,25.8178,25.8178,25.8178,12.9089,0.0,2.0,2.0,1.147059,22,27,1,2,1.00000000,-0.06089744,-0.06089744,0E-8,0.000000,0.897436,0.000000,,2026-07-12,2026-07-12,1,38,22,1,1.000000,,1.000000,3.333333,,,,,,,,GLOBAL_BASELINE_NO_ENTITY_RANKING,,,NOT_APPLICABLE_GLOBAL_BASELINE,HF9g-P5,,,,X 全窗基线 · 不参与实体赏罚,3929786,393,A168_HF9F_20260827_0900,2026-08-27 09:00:00
2026-07-12,152907609,1304,0,12.9088890610,12.9088890610,12.9088890610,1.0000000,1,1,0.49324550000000000,0.493245500000,1.01360149184955,1.01360149184955,1.01360149184955,0E-17,ELIGIBLE,R03b_20260811_FULL_v1,L1_ELIGIBILITY,v2026-08-11,2026-03-21..2026-08-06,baccarat_bet02_101_all_pairs_incl_sentinel,round_win = game_pnl > 0 (decisive only),COMPATIBILITY_ONLY_NOT_PRODUCTION,1006.8933,903.6222,-61.3172,68,68,0.06089744,0.06089744,,0.06089744,61.3172,1006.8933,OK,0.0000,-2.4527,4.0000,96.0000,AG03-UNRESOLVED,ALL5_LEVELS_bet23_to_bet27,-2.4527,-2.4527,-3.0659,-3.0659,-3.0659,4.000000,4.000000,5.000000,5.000000,5.000000,96.000000,96.000000,95.000000,95.000000,95.000000,5.0,-14.1030,-12.867,-47.2143,-48.4502,PENDING_AG03,FALSE,NOT_FOR_ENFORCEMENT,-58.8645,867.4773,-61.3172,-58.8645,-2.4527,-0.06089744,-0.05846154,-2.4527,-58.8645,-0.05846154,-2.4527,-2.4527,-3.0659,-3.0659,-3.0659,-58.8645,-0.05846154,-14.1030,-12.867,-47.2143,-48.4502,-0.04689103,-0.04811852,-0.00243590,14.8073,13.2886,-0.9017,-61.3172,-1.6136,1006.8933,68.0000,14.8073,,12.9089,12.9089,12.9089,25.8178,25.8178,25.8178,12.9089,0.0,2.0,2.0,1.147059,22,27,1,2,1.00000000,-0.06089744,-0.06089744,0E-8,0.000000,0.897436,0.000000,,2026-07-12,2026-07-12,1,38,22,1,1.000000,,1.000000,3.333333,,,,,,,,GLOBAL_BASELINE_NO_ENTITY_RANKING,,,NOT_APPLICABLE_GLOBAL_BASELINE,HF9g-P5,,,,X 全窗基线 · 不参与实体赏罚,3929787,393,A168_HF9F_20260827_0900,2026-08-27 09:00:00
2026-07-12,152907609,1385,0,38.7266671830,-0.6454444530,-0.6454444530,0.5000000,3,3,0.50665070000000000,0.506650700000,-0.018812684590367487,-0.018812684590367487,-0.018812684590367487,0E-17,ELIGIBLE,R03b_20260811_FULL_v1,L1_ELIGIBILITY,v2026-08-11,2026-03-21..2026-08-06,baccarat_bet02_101_all_pairs_incl_sentinel,round_win = game_pnl > 0 (decisive only),COMPATIBILITY_ONLY_NOT_PRODUCTION,1006.8933,903.6222,-61.3172,68,68,0.06089744,0.06089744,,0.06089744,61.3172,1006.8933,OK,0.0000,-2.4527,4.0000,96.0000,AG03-UNRESOLVED,ALL5_LEVELS_bet23_to_bet27,-2.4527,-2.4527,-3.0659,-3.0659,-3.0659,4.000000,4.000000,5.000000,5.000000,5.000000,96.000000,96.000000,95.000000,95.000000,95.000000,5.0,-14.1030,-12.867,-47.2143,-48.4502,PENDING_AG03,FALSE,NOT_FOR_ENFORCEMENT,-58.8645,867.4773,-61.3172,-58.8645,-2.4527,-0.06089744,-0.05846154,-2.4527,-58.8645,-0.05846154,-2.4527,-2.4527,-3.0659,-3.0659,-3.0659,-58.8645,-0.05846154,-14.1030,-12.867,-47.2143,-48.4502,-0.04689103,-0.04811852,-0.00243590,14.8073,13.2886,-0.9017,-61.3172,-1.6136,1006.8933,68.0000,14.8073,,12.9089,12.9089,12.9089,25.8178,25.8178,25.8178,12.9089,0.0,2.0,2.0,1.147059,22,27,1,2,1.00000000,-0.06089744,-0.06089744,0E-8,0.000000,0.897436,0.000000,,2026-07-12,2026-07-12,1,38,22,1,1.000000,,1.000000,3.333333,,,,,,,,GLOBAL_BASELINE_NO_ENTITY_RANKING,,,NOT_APPLICABLE_GLOBAL_BASELINE,HF9g-P5,,,,X 全窗基线 · 不参与实体赏罚,3929788,393,A168_HF9F_20260827_0900,2026-08-27 09:00:00
2026-07-12,152907609,1402,0,51.6355562440,-25.8177781220,-25.8177781220,0.2500000,4,4,0.49659680000000000,0.496596800000,-0.9864100490137353,-0.9864100490137354,-0.9864100490137353,0E-17,ELIGIBLE,R03b_20260811_FULL_v1,L1_ELIGIBILITY,v2026-08-11,2026-03-21..2026-08-06,baccarat_bet02_101_all_pairs_incl_sentinel,round_win = game_pnl > 0 (decisive only),COMPATIBILITY_ONLY_NOT_PRODUCTION,1006.8933,903.6222,-61.3172,68,68,0.06089744,0.06089744,,0.06089744,61.3172,1006.8933,OK,0.0000,-2.4527,4.0000,96.0000,AG03-UNRESOLVED,ALL5_LEVELS_bet23_to_bet27,-2.4527,-2.4527,-3.0659,-3.0659,-3.0659,4.000000,4.000000,5.000000,5.000000,5.000000,96.000000,96.000000,95.000000,95.000000,95.000000,5.0,-14.1030,-12.867,-47.2143,-48.4502,PENDING_AG03,FALSE,NOT_FOR_ENFORCEMENT,-58.8645,867.4773,-61.3172,-58.8645,-2.4527,-0.06089744,-0.05846154,-2.4527,-58.8645,-0.05846154,-2.4527,-2.4527,-3.0659,-3.0659,-3.0659,-58.8645,-0.05846154,-14.1030,-12.867,-47.2143,-48.4502,-0.04689103,-0.04811852,-0.00243590,14.8073,13.2886,-0.9017,-61.3172,-1.6136,1006.8933,68.0000,14.8073,,12.9089,12.9089,12.9089,25.8178,25.8178,25.8178,12.9089,0.0,2.0,2.0,1.147059,22,27,1,2,1.00000000,-0.06089744,-0.06089744,0E-8,0.000000,0.897436,0.000000,,2026-07-12,2026-07-12,1,38,22,1,1.000000,,1.000000,3.333333,,,,,,,,GLOBAL_BASELINE_NO_ENTITY_RANKING,,,NOT_APPLICABLE_GLOBAL_BASELINE,HF9g-P5,,,,X 全窗基线 · 不参与实体赏罚,3929789,393,A168_HF9F_20260827_0900,2026-08-27 09:00:00
2026-07-12,152907609,1405,0,12.9088890610,-12.9088890610,-12.9088890610,0E-7,1,1,0.50665070000000000,0.506650700000,-1.013391052207602,-1.013391052207602,-1.013391052207602,0E-17,ELIGIBLE,R03b_20260811_FULL_v1,L1_ELIGIBILITY,v2026-08-11,2026-03-21..2026-08-06,baccarat_bet02_101_all_pairs_incl_sentinel,round_win = game_pnl > 0 (decisive only),COMPATIBILITY_ONLY_NOT_PRODUCTION,1006.8933,903.6222,-61.3172,68,68,0.06089744,0.06089744,,0.06089744,61.3172,1006.8933,OK,0.0000,-2.4527,4.0000,96.0000,AG03-UNRESOLVED,ALL5_LEVELS_bet23_to_bet27,-2.4527,-2.4527,-3.0659,-3.0659,-3.0659,4.000000,4.000000,5.000000,5.000000,5.000000,96.000000,96.000000,95.000000,95.000000,95.000000,5.0,-14.1030,-12.867,-47.2143,-48.4502,PENDING_AG03,FALSE,NOT_FOR_ENFORCEMENT,-58.8645,867.4773,-61.3172,-58.8645,-2.4527,-0.06089744,-0.05846154,-2.4527,-58.8645,-0.05846154,-2.4527,-2.4527,-3.0659,-3.0659,-3.0659,-58.8645,-0.05846154,-14.1030,-12.867,-47.2143,-48.4502,-0.04689103,-0.04811852,-0.00243590,14.8073,13.2886,-0.9017,-61.3172,-1.6136,1006.8933,68.0000,14.8073,,12.9089,12.9089,12.9089,25.8178,25.8178,25.8178,12.9089,0.0,2.0,2.0,1.147059,22,27,1,2,1.00000000,-0.06089744,-0.06089744,0E-8,0.000000,0.897436,0.000000,,2026-07-12,2026-07-12,1,38,22,1,1.000000,,1.000000,3.333333,,,,,,,,GLOBAL_BASELINE_NO_ENTITY_RANKING,,,NOT_APPLICABLE_GLOBAL_BASELINE,HF9g-P5,,,,X 全窗基线 · 不参与实体赏罚,3929790,393,A168_HF9F_20260827_0900,2026-08-27 09:00:00
2026-07-12,152907609,1509,0,12.9088890610,12.2634446080,12.2634446080,1.0000000,1,1,0.50665070000000000,0.506650700000,0.9867858985152569,0.9867858985152569,0.9867858985152569,0E-17,ELIGIBLE,R03b_20260811_FULL_v1,L1_ELIGIBILITY,v2026-08-11,2026-03-21..2026-08-06,baccarat_bet02_101_all_pairs_incl_sentinel,round_win = game_pnl > 0 (decisive only),COMPATIBILITY_ONLY_NOT_PRODUCTION,1006.8933,903.6222,-61.3172,68,68,0.06089744,0.06089744,,0.06089744,61.3172,1006.8933,OK,0.0000,-2.4527,4.0000,96.0000,AG03-UNRESOLVED,ALL5_LEVELS_bet23_to_bet27,-2.4527,-2.4527,-3.0659,-3.0659,-3.0659,4.000000,4.000000,5.000000,5.000000,5.000000,96.000000,96.000000,95.000000,95.000000,95.000000,5.0,-14.1030,-12.867,-47.2143,-48.4502,PENDING_AG03,FALSE,NOT_FOR_ENFORCEMENT,-58.8645,867.4773,-61.3172,-58.8645,-2.4527,-0.06089744,-0.05846154,-2.4527,-58.8645,-0.05846154,-2.4527,-2.4527,-3.0659,-3.0659,-3.0659,-58.8645,-0.05846154,-14.1030,-12.867,-47.2143,-48.4502,-0.04689103,-0.04811852,-0.00243590,14.8073,13.2886,-0.9017,-61.3172,-1.6136,1006.8933,68.0000,14.8073,,12.9089,12.9089,12.9089,25.8178,25.8178,25.8178,12.9089,0.0,2.0,2.0,1.147059,22,27,1,2,1.00000000,-0.06089744,-0.06089744,0E-8,0.000000,0.897436,0.000000,,2026-07-12,2026-07-12,1,38,22,1,1.000000,,1.000000,3.333333,,,,,,,,GLOBAL_BASELINE_NO_ENTITY_RANKING,,,NOT_APPLICABLE_GLOBAL_BASELINE,HF9g-P5,,,,X 全窗基线 · 不参与实体赏罚,3929791,393,A168_HF9F_20260827_0900,2026-08-27 09:00:00
2026-07-12,152907609,1957,0,12.9088890610,12.9088890610,12.9088890610,1.0000000,1,1,0.49324550000000000,0.493245500000,1.01360149184955,1.01360149184955,1.01360149184955,0E-17,ELIGIBLE,R03b_20260811_FULL_v1,L1_ELIGIBILITY,v2026-08-11,2026-03-21..2026-08-06,baccarat_bet02_101_all_pairs_incl_sentinel,round_win = game_pnl > 0 (decisive only),COMPATIBILITY_ONLY_NOT_PRODUCTION,1006.8933,903.6222,-61.3172,68,68,0.06089744,0.06089744,,0.06089744,61.3172,1006.8933,OK,0.0000,-2.4527,4.0000,96.0000,AG03-UNRESOLVED,ALL5_LEVELS_bet23_to_bet27,-2.4527,-2.4527,-3.0659,-3.0659,-3.0659,4.000000,4.000000,5.000000,5.000000,5.000000,96.000000,96.000000,95.000000,95.000000,95.000000,5.0,-14.1030,-12.867,-47.2143,-48.4502,PENDING_AG03,FALSE,NOT_FOR_ENFORCEMENT,-58.8645,867.4773,-61.3172,-58.8645,-2.4527,-0.06089744,-0.05846154,-2.4527,-58.8645,-0.05846154,-2.4527,-2.4527,-3.0659,-3.0659,-3.0659,-58.8645,-0.05846154,-14.1030,-12.867,-47.2143,-48.4502,-0.04689103,-0.04811852,-0.00243590,14.8073,13.2886,-0.9017,-61.3172,-1.6136,1006.8933,68.0000,14.8073,,12.9089,12.9089,12.9089,25.8178,25.8178,25.8178,12.9089,0.0,2.0,2.0,1.147059,22,27,1,2,1.00000000,-0.06089744,-0.06089744,0E-8,0.000000,0.897436,0.000000,,2026-07-12,2026-07-12,1,38,22,1,1.000000,,1.000000,3.333333,,,,,,,,GLOBAL_BASELINE_NO_ENTITY_RANKING,,,NOT_APPLICABLE_GLOBAL_BASELINE,HF9g-P5,,,,X 全窗基线 · 不参与实体赏罚,3929792,393,A168_HF9F_20260827_0900,2026-08-27 09:00:00
2026-07-12,152907609,1990,0,38.7266671830,12.2634446080,12.2634446080,1.0000000,3,3,0.50218230000000000,0.502182300000,0.99564488342984,0.99564488342984,0.99564488342984,0E-17,ELIGIBLE,R03b_20260811_FULL_v1,L1_ELIGIBILITY,v2026-08-11,2026-03-21..2026-08-06,baccarat_bet02_101_all_pairs_incl_sentinel,round_win = game_pnl > 0 (decisive only),COMPATIBILITY_ONLY_NOT_PRODUCTION,1006.8933,903.6222,-61.3172,68,68,0.06089744,0.06089744,,0.06089744,61.3172,1006.8933,OK,0.0000,-2.4527,4.0000,96.0000,AG03-UNRESOLVED,ALL5_LEVELS_bet23_to_bet27,-2.4527,-2.4527,-3.0659,-3.0659,-3.0659,4.000000,4.000000,5.000000,5.000000,5.000000,96.000000,96.000000,95.000000,95.000000,95.000000,5.0,-14.1030,-12.867,-47.2143,-48.4502,PENDING_AG03,FALSE,NOT_FOR_ENFORCEMENT,-58.8645,867.4773,-61.3172,-58.8645,-2.4527,-0.06089744,-0.05846154,-2.4527,-58.8645,-0.05846154,-2.4527,-2.4527,-3.0659,-3.0659,-3.0659,-58.8645,-0.05846154,-14.1030,-12.867,-47.2143,-48.4502,-0.04689103,-0.04811852,-0.00243590,14.8073,13.2886,-0.9017,-61.3172,-1.6136,1006.8933,68.0000,14.8073,,12.9089,12.9089,12.9089,25.8178,25.8178,25.8178,12.9089,0.0,2.0,2.0,1.147059,22,27,1,2,1.00000000,-0.06089744,-0.06089744,0E-8,0.000000,0.897436,0.000000,,2026-07-12,2026-07-12,1,38,22,1,1.000000,,1.000000,3.333333,,,,,,,,GLOBAL_BASELINE_NO_ENTITY_RANKING,,,NOT_APPLICABLE_GLOBAL_BASELINE,HF9g-P5,,,,X 全窗基线 · 不参与实体赏罚,3929793,393,A168_HF9F_20260827_0900,2026-08-27 09:00:00
2026-07-12,152907609,2100,0,12.9088890610,12.2634446080,12.2634446080,1.0000000,1,1,0.50665070000000000,0.506650700000,0.9867858985152569,0.9867858985152569,0.9867858985152569,0E-17,ELIGIBLE,R03b_20260811_FULL_v1,L1_ELIGIBILITY,v2026-08-11,2026-03-21..2026-08-06,baccarat_bet02_101_all_pairs_incl_sentinel,round_win = game_pnl > 0 (decisive only),COMPATIBILITY_ONLY_NOT_PRODUCTION,1006.8933,903.6222,-61.3172,68,68,0.06089744,0.06089744,,0.06089744,61.3172,1006.8933,OK,0.0000,-2.4527,4.0000,96.0000,AG03-UNRESOLVED,ALL5_LEVELS_bet23_to_bet27,-2.4527,-2.4527,-3.0659,-3.0659,-3.0659,4.000000,4.000000,5.000000,5.000000,5.000000,96.000000,96.000000,95.000000,95.000000,95.000000,5.0,-14.1030,-12.867,-47.2143,-48.4502,PENDING_AG03,FALSE,NOT_FOR_ENFORCEMENT,-58.8645,867.4773,-61.3172,-58.8645,-2.4527,-0.06089744,-0.05846154,-2.4527,-58.8645,-0.05846154,-2.4527,-2.4527,-3.0659,-3.0659,-3.0659,-58.8645,-0.05846154,-14.1030,-12.867,-47.2143,-48.4502,-0.04689103,-0.04811852,-0.00243590,14.8073,13.2886,-0.9017,-61.3172,-1.6136,1006.8933,68.0000,14.8073,,12.9089,12.9089,12.9089,25.8178,25.8178,25.8178,12.9089,0.0,2.0,2.0,1.147059,22,27,1,2,1.00000000,-0.06089744,-0.06089744,0E-8,0.000000,0.897436,0.000000,,2026-07-12,2026-07-12,1,38,22,1,1.000000,,1.000000,3.333333,,,,,,,,GLOBAL_BASELINE_NO_ENTITY_RANKING,,,NOT_APPLICABLE_GLOBAL_BASELINE,HF9g-P5,,,,X 全窗基线 · 不参与实体赏罚,3929794,393,A168_HF9F_20260827_0900,2026-08-27 09:00:00
2026-07-12,152907609,2103,0,12.9088890610,-12.9088890610,-12.9088890610,0E-7,1,1,0.50665070000000000,0.506650700000,-1.013391052207602,-1.013391052207602,-1.013391052207602,0E-17,ELIGIBLE,R03b_20260811_FULL_v1,L1_ELIGIBILITY,v2026-08-11,2026-03-21..2026-08-06,baccarat_bet02_101_all_pairs_incl_sentinel,round_win = game_pnl > 0 (decisive only),COMPATIBILITY_ONLY_NOT_PRODUCTION,1006.8933,903.6222,-61.3172,68,68,0.06089744,0.06089744,,0.06089744,61.3172,1006.8933,OK,0.0000,-2.4527,4.0000,96.0000,AG03-UNRESOLVED,ALL5_LEVELS_bet23_to_bet27,-2.4527,-2.4527,-3.0659,-3.0659,-3.0659,4.000000,4.000000,5.000000,5.000000,5.000000,96.000000,96.000000,95.000000,95.000000,95.000000,5.0,-14.1030,-12.867,-47.2143,-48.4502,PENDING_AG03,FALSE,NOT_FOR_ENFORCEMENT,-58.8645,867.4773,-61.3172,-58.8645,-2.4527,-0.06089744,-0.05846154,-2.4527,-58.8645,-0.05846154,-2.4527,-2.4527,-3.0659,-3.0659,-3.0659,-58.8645,-0.05846154,-14.1030,-12.867,-47.2143,-48.4502,-0.04689103,-0.04811852,-0.00243590,14.8073,13.2886,-0.9017,-61.3172,-1.6136,1006.8933,68.0000,14.8073,,12.9089,12.9089,12.9089,25.8178,25.8178,25.8178,12.9089,0.0,2.0,2.0,1.147059,22,27,1,2,1.00000000,-0.06089744,-0.06089744,0E-8,0.000000,0.897436,0.000000,,2026-07-12,2026-07-12,1,38,22,1,1.000000,,1.000000,3.333333,,,,,,,,GLOBAL_BASELINE_NO_ENTITY_RANKING,,,NOT_APPLICABLE_GLOBAL_BASELINE,HF9g-P5,,,,X 全窗基线 · 不参与实体赏罚,3929795,393,A168_HF9F_20260827_0900,2026-08-27 09:00:00
2026-07-12,152907609,2106,0,77.4533343660,-1.2908889061,-1.2908889061,0.5000000,4,4,0.49994810000000000,0.499948100000,0.00020760000111838688,0.00020760000111838688,0.00020760000111838688,0E-17,ELIGIBLE,R03b_20260811_FULL_v1,L1_ELIGIBILITY,v2026-08-11,2026-03-21..2026-08-06,baccarat_bet02_101_all_pairs_incl_sentinel,round_win = game_pnl > 0 (decisive only),COMPATIBILITY_ONLY_NOT_PRODUCTION,1006.8933,903.6222,-61.3172,68,68,0.06089744,0.06089744,,0.06089744,61.3172,1006.8933,OK,0.0000,-2.4527,4.0000,96.0000,AG03-UNRESOLVED,ALL5_LEVELS_bet23_to_bet27,-2.4527,-2.4527,-3.0659,-3.0659,-3.0659,4.000000,4.000000,5.000000,5.000000,5.000000,96.000000,96.000000,95.000000,95.000000,95.000000,5.0,-14.1030,-12.867,-47.2143,-48.4502,PENDING_AG03,FALSE,NOT_FOR_ENFORCEMENT,-58.8645,867.4773,-61.3172,-58.8645,-2.4527,-0.06089744,-0.05846154,-2.4527,-58.8645,-0.05846154,-2.4527,-2.4527,-3.0659,-3.0659,-3.0659,-58.8645,-0.05846154,-14.1030,-12.867,-47.2143,-48.4502,-0.04689103,-0.04811852,-0.00243590,14.8073,13.2886,-0.9017,-61.3172,-1.6136,1006.8933,68.0000,14.8073,,12.9089,12.9089,12.9089,25.8178,25.8178,25.8178,12.9089,0.0,2.0,2.0,1.147059,22,27,1,2,1.00000000,-0.06089744,-0.06089744,0E-8,0.000000,0.897436,0.000000,,2026-07-12,2026-07-12,1,38,22,1,1.000000,,1.000000,3.333333,,,,,,,,GLOBAL_BASELINE_NO_ENTITY_RANKING,,,NOT_APPLICABLE_GLOBAL_BASELINE,HF9g-P5,,,,X 全窗基线 · 不参与实体赏罚,3929796,393,A168_HF9F_20260827_0900,2026-08-27 09:00:00
2026-07-12,152907609,2127,0,25.8177781220,-25.8177781220,-25.8177781220,0E-7,1,1,0.50665070000000000,0.506650700000,-1.013391052207602,-1.013391052207602,-1.013391052207602,0E-17,ELIGIBLE,R03b_20260811_FULL_v1,L1_ELIGIBILITY,v2026-08-11,2026-03-21..2026-08-06,baccarat_bet02_101_all_pairs_incl_sentinel,round_win = game_pnl > 0 (decisive only),COMPATIBILITY_ONLY_NOT_PRODUCTION,1006.8933,903.6222,-61.3172,68,68,0.06089744,0.06089744,,0.06089744,61.3172,1006.8933,OK,0.0000,-2.4527,4.0000,96.0000,AG03-UNRESOLVED,ALL5_LEVELS_bet23_to_bet27,-2.4527,-2.4527,-3.0659,-3.0659,-3.0659,4.000000,4.000000,5.000000,5.000000,5.000000,96.000000,96.000000,95.000000,95.000000,95.000000,5.0,-14.1030,-12.867,-47.2143,-48.4502,PENDING_AG03,FALSE,NOT_FOR_ENFORCEMENT,-58.8645,867.4773,-61.3172,-58.8645,-2.4527,-0.06089744,-0.05846154,-2.4527,-58.8645,-0.05846154,-2.4527,-2.4527,-3.0659,-3.0659,-3.0659,-58.8645,-0.05846154,-14.1030,-12.867,-47.2143,-48.4502,-0.04689103,-0.04811852,-0.00243590,14.8073,13.2886,-0.9017,-61.3172,-1.6136,1006.8933,68.0000,14.8073,,12.9089,12.9089,12.9089,25.8178,25.8178,25.8178,12.9089,0.0,2.0,2.0,1.147059,22,27,1,2,1.00000000,-0.06089744,-0.06089744,0E-8,0.000000,0.897436,0.000000,,2026-07-12,2026-07-12,1,38,22,1,1.000000,,1.000000,3.333333,,,,,,,,GLOBAL_BASELINE_NO_ENTITY_RANKING,,,NOT_APPLICABLE_GLOBAL_BASELINE,HF9g-P5,,,,X 全窗基线 · 不参与实体赏罚,3929797,393,A168_HF9F_20260827_0900,2026-08-27 09:00:00
2026-07-12,152907609,2134,0,64.5444453050,-0.6454444530,-0.6454444530,0.5000000,5,5,0.50128862000000000,0.501288620000,-0.0051544971185412255,-0.0051544971185412255,-0.0051544971185412255,0E-17,ELIGIBLE,R03b_20260811_FULL_v1,L1_ELIGIBILITY,v2026-08-11,2026-03-21..2026-08-06,baccarat_bet02_101_all_pairs_incl_sentinel,round_win = game_pnl > 0 (decisive only),COMPATIBILITY_ONLY_NOT_PRODUCTION,1006.8933,903.6222,-61.3172,68,68,0.06089744,0.06089744,,0.06089744,61.3172,1006.8933,OK,0.0000,-2.4527,4.0000,96.0000,AG03-UNRESOLVED,ALL5_LEVELS_bet23_to_bet27,-2.4527,-2.4527,-3.0659,-3.0659,-3.0659,4.000000,4.000000,5.000000,5.000000,5.000000,96.000000,96.000000,95.000000,95.000000,95.000000,5.0,-14.1030,-12.867,-47.2143,-48.4502,PENDING_AG03,FALSE,NOT_FOR_ENFORCEMENT,-58.8645,867.4773,-61.3172,-58.8645,-2.4527,-0.06089744,-0.05846154,-2.4527,-58.8645,-0.05846154,-2.4527,-2.4527,-3.0659,-3.0659,-3.0659,-58.8645,-0.05846154,-14.1030,-12.867,-47.2143,-48.4502,-0.04689103,-0.04811852,-0.00243590,14.8073,13.2886,-0.9017,-61.3172,-1.6136,1006.8933,68.0000,14.8073,,12.9089,12.9089,12.9089,25.8178,25.8178,25.8178,12.9089,0.0,2.0,2.0,1.147059,22,27,1,2,1.00000000,-0.06089744,-0.06089744,0E-8,0.000000,0.897436,0.000000,,2026-07-12,2026-07-12,1,38,22,1,1.000000,,1.000000,3.333333,,,,,,,,GLOBAL_BASELINE_NO_ENTITY_RANKING,,,NOT_APPLICABLE_GLOBAL_BASELINE,HF9g-P5,,,,X 全窗基线 · 不参与实体赏罚,3929798,393,A168_HF9F_20260827_0900,2026-08-27 09:00:00
2026-07-12,152907609,2156,0,12.9088890610,-12.9088890610,-12.9088890610,0E-7,1,1,0.50665070000000000,0.506650700000,-1.013391052207602,-1.013391052207602,-1.013391052207602,0E-17,ELIGIBLE,R03b_20260811_FULL_v1,L1_ELIGIBILITY,v2026-08-11,2026-03-21..2026-08-06,baccarat_bet02_101_all_pairs_incl_sentinel,round_win = game_pnl > 0 (decisive only),COMPATIBILITY_ONLY_NOT_PRODUCTION,1006.8933,903.6222,-61.3172,68,68,0.06089744,0.06089744,,0.06089744,61.3172,1006.8933,OK,0.0000,-2.4527,4.0000,96.0000,AG03-UNRESOLVED,ALL5_LEVELS_bet23_to_bet27,-2.4527,-2.4527,-3.0659,-3.0659,-3.0659,4.000000,4.000000,5.000000,5.000000,5.000000,96.000000,96.000000,95.000000,95.000000,95.000000,5.0,-14.1030,-12.867,-47.2143,-48.4502,PENDING_AG03,FALSE,NOT_FOR_ENFORCEMENT,-58.8645,867.4773,-61.3172,-58.8645,-2.4527,-0.06089744,-0.05846154,-2.4527,-58.8645,-0.05846154,-2.4527,-2.4527,-3.0659,-3.0659,-3.0659,-58.8645,-0.05846154,-14.1030,-12.867,-47.2143,-48.4502,-0.04689103,-0.04811852,-0.00243590,14.8073,13.2886,-0.9017,-61.3172,-1.6136,1006.8933,68.0000,14.8073,,12.9089,12.9089,12.9089,25.8178,25.8178,25.8178,12.9089,0.0,2.0,2.0,1.147059,22,27,1,2,1.00000000,-0.06089744,-0.06089744,0E-8,0.000000,0.897436,0.000000,,2026-07-12,2026-07-12,1,38,22,1,1.000000,,1.000000,3.333333,,,,,,,,GLOBAL_BASELINE_NO_ENTITY_RANKING,,,NOT_APPLICABLE_GLOBAL_BASELINE,HF9g-P5,,,,X 全窗基线 · 不参与实体赏罚,3929799,393,A168_HF9F_20260827_0900,2026-08-27 09:00:00
2026-07-12,152907609,2169,0,51.6355562440,23.8814447630,23.8814447630,0.7500000,4,4,0.50329940000000000,0.503299400000,0.9868238854431842,0.9868238854431842,0.9868238854431842,0E-17,ELIGIBLE,R03b_20260811_FULL_v1,L1_ELIGIBILITY,v2026-08-11,2026-03-21..2026-08-06,baccarat_bet02_101_all_pairs_incl_sentinel,round_win = game_pnl > 0 (decisive only),COMPATIBILITY_ONLY_NOT_PRODUCTION,1006.8933,903.6222,-61.3172,68,68,0.06089744,0.06089744,,0.06089744,61.3172,1006.8933,OK,0.0000,-2.4527,4.0000,96.0000,AG03-UNRESOLVED,ALL5_LEVELS_bet23_to_bet27,-2.4527,-2.4527,-3.0659,-3.0659,-3.0659,4.000000,4.000000,5.000000,5.000000,5.000000,96.000000,96.000000,95.000000,95.000000,95.000000,5.0,-14.1030,-12.867,-47.2143,-48.4502,PENDING_AG03,FALSE,NOT_FOR_ENFORCEMENT,-58.8645,867.4773,-61.3172,-58.8645,-2.4527,-0.06089744,-0.05846154,-2.4527,-58.8645,-0.05846154,-2.4527,-2.4527,-3.0659,-3.0659,-3.0659,-58.8645,-0.05846154,-14.1030,-12.867,-47.2143,-48.4502,-0.04689103,-0.04811852,-0.00243590,14.8073,13.2886,-0.9017,-61.3172,-1.6136,1006.8933,68.0000,14.8073,,12.9089,12.9089,12.9089,25.8178,25.8178,25.8178,12.9089,0.0,2.0,2.0,1.147059,22,27,1,2,1.00000000,-0.06089744,-0.06089744,0E-8,0.000000,0.897436,0.000000,,2026-07-12,2026-07-12,1,38,22,1,1.000000,,1.000000,3.333333,,,,,,,,GLOBAL_BASELINE_NO_ENTITY_RANKING,,,NOT_APPLICABLE_GLOBAL_BASELINE,HF9g-P5,,,,X 全窗基线 · 不参与实体赏罚,3929800,393,A168_HF9F_20260827_0900,2026-08-27 09:00:00
2026-07-12,152907609,2174,0,38.7266671830,-12.9088890610,-12.9088890610,0E-7,3,3,0.49771390000000000,0.497713900000,-0.9954382048786059,-0.995438204878606,-0.9954382048786059,0E-17,ELIGIBLE,R03b_20260811_FULL_v1,L1_ELIGIBILITY,v2026-08-11,2026-03-21..2026-08-06,baccarat_bet02_101_all_pairs_incl_sentinel,round_win = game_pnl > 0 (decisive only),COMPATIBILITY_ONLY_NOT_PRODUCTION,1006.8933,903.6222,-61.3172,68,68,0.06089744,0.06089744,,0.06089744,61.3172,1006.8933,OK,0.0000,-2.4527,4.0000,96.0000,AG03-UNRESOLVED,ALL5_LEVELS_bet23_to_bet27,-2.4527,-2.4527,-3.0659,-3.0659,-3.0659,4.000000,4.000000,5.000000,5.000000,5.000000,96.000000,96.000000,95.000000,95.000000,95.000000,5.0,-14.1030,-12.867,-47.2143,-48.4502,PENDING_AG03,FALSE,NOT_FOR_ENFORCEMENT,-58.8645,867.4773,-61.3172,-58.8645,-2.4527,-0.06089744,-0.05846154,-2.4527,-58.8645,-0.05846154,-2.4527,-2.4527,-3.0659,-3.0659,-3.0659,-58.8645,-0.05846154,-14.1030,-12.867,-47.2143,-48.4502,-0.04689103,-0.04811852,-0.00243590,14.8073,13.2886,-0.9017,-61.3172,-1.6136,1006.8933,68.0000,14.8073,,12.9089,12.9089,12.9089,25.8178,25.8178,25.8178,12.9089,0.0,2.0,2.0,1.147059,22,27,1,2,1.00000000,-0.06089744,-0.06089744,0E-8,0.000000,0.897436,0.000000,,2026-07-12,2026-07-12,1,38,22,1,1.000000,,1.000000,3.333333,,,,,,,,GLOBAL_BASELINE_NO_ENTITY_RANKING,,,NOT_APPLICABLE_GLOBAL_BASELINE,HF9g-P5,,,,X 全窗基线 · 不参与实体赏罚,3929801,393,A168_HF9F_20260827_0900,2026-08-27 09:00:00
2026-07-12,152907609,2188,0,12.9088890610,-12.9088890610,-12.9088890610,0E-7,1,1,0.49324550000000000,0.493245500000,-0.9865810262130424,-0.9865810262130424,-0.9865810262130424,0E-17,ELIGIBLE,R03b_20260811_FULL_v1,L1_ELIGIBILITY,v2026-08-11,2026-03-21..2026-08-06,baccarat_bet02_101_all_pairs_incl_sentinel,round_win = game_pnl > 0 (decisive only),COMPATIBILITY_ONLY_NOT_PRODUCTION,1006.8933,903.6222,-61.3172,68,68,0.06089744,0.06089744,,0.06089744,61.3172,1006.8933,OK,0.0000,-2.4527,4.0000,96.0000,AG03-UNRESOLVED,ALL5_LEVELS_bet23_to_bet27,-2.4527,-2.4527,-3.0659,-3.0659,-3.0659,4.000000,4.000000,5.000000,5.000000,5.000000,96.000000,96.000000,95.000000,95.000000,95.000000,5.0,-14.1030,-12.867,-47.2143,-48.4502,PENDING_AG03,FALSE,NOT_FOR_ENFORCEMENT,-58.8645,867.4773,-61.3172,-58.8645,-2.4527,-0.06089744,-0.05846154,-2.4527,-58.8645,-0.05846154,-2.4527,-2.4527,-3.0659,-3.0659,-3.0659,-58.8645,-0.05846154,-14.1030,-12.867,-47.2143,-48.4502,-0.04689103,-0.04811852,-0.00243590,14.8073,13.2886,-0.9017,-61.3172,-1.6136,1006.8933,68.0000,14.8073,,12.9089,12.9089,12.9089,25.8178,25.8178,25.8178,12.9089,0.0,2.0,2.0,1.147059,22,27,1,2,1.00000000,-0.06089744,-0.06089744,0E-8,0.000000,0.897436,0.000000,,2026-07-12,2026-07-12,1,38,22,1,1.000000,,1.000000,3.333333,,,,,,,,GLOBAL_BASELINE_NO_ENTITY_RANKING,,,NOT_APPLICABLE_GLOBAL_BASELINE,HF9g-P5,,,,X 全窗基线 · 不参与实体赏罚,3929802,393,A168_HF9F_20260827_0900,2026-08-27 09:00:00
2026-07-12,152907609,2216,0,51.6355562440,25.8177781220,25.8177781220,1.0000000,2,2,0.49994810000000000,0.499948100000,1.0001038053877793,1.0001038053877793,1.0001038053877793,0E-17,ELIGIBLE,R03b_20260811_FULL_v1,L1_ELIGIBILITY,v2026-08-11,2026-03-21..2026-08-06,baccarat_bet02_101_all_pairs_incl_sentinel,round_win = game_pnl > 0 (decisive only),COMPATIBILITY_ONLY_NOT_PRODUCTION,1006.8933,903.6222,-61.3172,68,68,0.06089744,0.06089744,,0.06089744,61.3172,1006.8933,OK,0.0000,-2.4527,4.0000,96.0000,AG03-UNRESOLVED,ALL5_LEVELS_bet23_to_bet27,-2.4527,-2.4527,-3.0659,-3.0659,-3.0659,4.000000,4.000000,5.000000,5.000000,5.000000,96.000000,96.000000,95.000000,95.000000,95.000000,5.0,-14.1030,-12.867,-47.2143,-48.4502,PENDING_AG03,FALSE,NOT_FOR_ENFORCEMENT,-58.8645,867.4773,-61.3172,-58.8645,-2.4527,-0.06089744,-0.05846154,-2.4527,-58.8645,-0.05846154,-2.4527,-2.4527,-3.0659,-3.0659,-3.0659,-58.8645,-0.05846154,-14.1030,-12.867,-47.2143,-48.4502,-0.04689103,-0.04811852,-0.00243590,14.8073,13.2886,-0.9017,-61.3172,-1.6136,1006.8933,68.0000,14.8073,,12.9089,12.9089,12.9089,25.8178,25.8178,25.8178,12.9089,0.0,2.0,2.0,1.147059,22,27,1,2,1.00000000,-0.06089744,-0.06089744,0E-8,0.000000,0.897436,0.000000,,2026-07-12,2026-07-12,1,38,22,1,1.000000,,1.000000,3.333333,,,,,,,,GLOBAL_BASELINE_NO_ENTITY_RANKING,,,NOT_APPLICABLE_GLOBAL_BASELINE,HF9g-P5,,,,X 全窗基线 · 不参与实体赏罚,3929803,393,A168_HF9F_20260827_0900,2026-08-27 09:00:00
2026-07-12,152907609,2250,0,51.6355562440,0E-10,0E-10,0.3333333,3,3,0.49771390000000000,0.497713900000,-0.5694369385616226,-0.5694369385616226,-0.5694369385616226,0E-17,ELIGIBLE,R03b_20260811_FULL_v1,L1_ELIGIBILITY,v2026-08-11,2026-03-21..2026-08-06,baccarat_bet02_101_all_pairs_incl_sentinel,round_win = game_pnl > 0 (decisive only),COMPATIBILITY_ONLY_NOT_PRODUCTION,1006.8933,903.6222,-61.3172,68,68,0.06089744,0.06089744,,0.06089744,61.3172,1006.8933,OK,0.0000,-2.4527,4.0000,96.0000,AG03-UNRESOLVED,ALL5_LEVELS_bet23_to_bet27,-2.4527,-2.4527,-3.0659,-3.0659,-3.0659,4.000000,4.000000,5.000000,5.000000,5.000000,96.000000,96.000000,95.000000,95.000000,95.000000,5.0,-14.1030,-12.867,-47.2143,-48.4502,PENDING_AG03,FALSE,NOT_FOR_ENFORCEMENT,-58.8645,867.4773,-61.3172,-58.8645,-2.4527,-0.06089744,-0.05846154,-2.4527,-58.8645,-0.05846154,-2.4527,-2.4527,-3.0659,-3.0659,-3.0659,-58.8645,-0.05846154,-14.1030,-12.867,-47.2143,-48.4502,-0.04689103,-0.04811852,-0.00243590,14.8073,13.2886,-0.9017,-61.3172,-1.6136,1006.8933,68.0000,14.8073,,12.9089,12.9089,12.9089,25.8178,25.8178,25.8178,12.9089,0.0,2.0,2.0,1.147059,22,27,1,2,1.00000000,-0.06089744,-0.06089744,0E-8,0.000000,0.897436,0.000000,,2026-07-12,2026-07-12,1,38,22,1,1.000000,,1.000000,3.333333,,,,,,,,GLOBAL_BASELINE_NO_ENTITY_RANKING,,,NOT_APPLICABLE_GLOBAL_BASELINE,HF9g-P5,,,,X 全窗基线 · 不参与实体赏罚,3929804,393,A168_HF9F_20260827_0900,2026-08-27 09:00:00
2026-07-12,152907609,2252,0,90.3622234270,35.4994449179,35.4994449179,0.8000000,5,5,0.50396966000000000,0.503969660000,1.3239296534401845,1.3239296534401845,1.3239296534401845,0E-17,ELIGIBLE,R03b_20260811_FULL_v1,L1_ELIGIBILITY,v2026-08-11,2026-03-21..2026-08-06,baccarat_bet02_101_all_pairs_incl_sentinel,round_win = game_pnl > 0 (decisive only),COMPATIBILITY_ONLY_NOT_PRODUCTION,1006.8933,903.6222,-61.3172,68,68,0.06089744,0.06089744,,0.06089744,61.3172,1006.8933,OK,0.0000,-2.4527,4.0000,96.0000,AG03-UNRESOLVED,ALL5_LEVELS_bet23_to_bet27,-2.4527,-2.4527,-3.0659,-3.0659,-3.0659,4.000000,4.000000,5.000000,5.000000,5.000000,96.000000,96.000000,95.000000,95.000000,95.000000,5.0,-14.1030,-12.867,-47.2143,-48.4502,PENDING_AG03,FALSE,NOT_FOR_ENFORCEMENT,-58.8645,867.4773,-61.3172,-58.8645,-2.4527,-0.06089744,-0.05846154,-2.4527,-58.8645,-0.05846154,-2.4527,-2.4527,-3.0659,-3.0659,-3.0659,-58.8645,-0.05846154,-14.1030,-12.867,-47.2143,-48.4502,-0.04689103,-0.04811852,-0.00243590,14.8073,13.2886,-0.9017,-61.3172,-1.6136,1006.8933,68.0000,14.8073,,12.9089,12.9089,12.9089,25.8178,25.8178,25.8178,12.9089,0.0,2.0,2.0,1.147059,22,27,1,2,1.00000000,-0.06089744,-0.06089744,0E-8,0.000000,0.897436,0.000000,,2026-07-12,2026-07-12,1,38,22,1,1.000000,,1.000000,3.333333,,,,,,,,GLOBAL_BASELINE_NO_ENTITY_RANKING,,,NOT_APPLICABLE_GLOBAL_BASELINE,HF9g-P5,,,,X 全窗基线 · 不参与实体赏罚,3929805,393,A168_HF9F_20260827_0900,2026-08-27 09:00:00
2026-07-12,152907609,2261,0,12.9088890610,12.2634446080,12.2634446080,1.0000000,1,1,0.50665070000000000,0.506650700000,0.9867858985152569,0.9867858985152569,0.9867858985152569,0E-17,ELIGIBLE,R03b_20260811_FULL_v1,L1_ELIGIBILITY,v2026-08-11,2026-03-21..2026-08-06,baccarat_bet02_101_all_pairs_incl_sentinel,round_win = game_pnl > 0 (decisive only),COMPATIBILITY_ONLY_NOT_PRODUCTION,1006.8933,903.6222,-61.3172,68,68,0.06089744,0.06089744,,0.06089744,61.3172,1006.8933,OK,0.0000,-2.4527,4.0000,96.0000,AG03-UNRESOLVED,ALL5_LEVELS_bet23_to_bet27,-2.4527,-2.4527,-3.0659,-3.0659,-3.0659,4.000000,4.000000,5.000000,5.000000,5.000000,96.000000,96.000000,95.000000,95.000000,95.000000,5.0,-14.1030,-12.867,-47.2143,-48.4502,PENDING_AG03,FALSE,NOT_FOR_ENFORCEMENT,-58.8645,867.4773,-61.3172,-58.8645,-2.4527,-0.06089744,-0.05846154,-2.4527,-58.8645,-0.05846154,-2.4527,-2.4527,-3.0659,-3.0659,-3.0659,-58.8645,-0.05846154,-14.1030,-12.867,-47.2143,-48.4502,-0.04689103,-0.04811852,-0.00243590,14.8073,13.2886,-0.9017,-61.3172,-1.6136,1006.8933,68.0000,14.8073,,12.9089,12.9089,12.9089,25.8178,25.8178,25.8178,12.9089,0.0,2.0,2.0,1.147059,22,27,1,2,1.00000000,-0.06089744,-0.06089744,0E-8,0.000000,0.897436,0.000000,,2026-07-12,2026-07-12,1,38,22,1,1.000000,,1.000000,3.333333,,,,,,,,GLOBAL_BASELINE_NO_ENTITY_RANKING,,,NOT_APPLICABLE_GLOBAL_BASELINE,HF9g-P5,,,,X 全窗基线 · 不参与实体赏罚,3929806,393,A168_HF9F_20260827_0900,2026-08-27 09:00:00
2026-07-12,152907609,2267,0,25.8177781220,-0.6454444530,-0.6454444530,0.5000000,2,2,0.49994810000000000,0.499948100000,0.00014679536856514622,0.00014679536856514622,0.00014679536856514622,0E-17,ELIGIBLE,R03b_20260811_FULL_v1,L1_ELIGIBILITY,v2026-08-11,2026-03-21..2026-08-06,baccarat_bet02_101_all_pairs_incl_sentinel,round_win = game_pnl > 0 (decisive only),COMPATIBILITY_ONLY_NOT_PRODUCTION,1006.8933,903.6222,-61.3172,68,68,0.06089744,0.06089744,,0.06089744,61.3172,1006.8933,OK,0.0000,-2.4527,4.0000,96.0000,AG03-UNRESOLVED,ALL5_LEVELS_bet23_to_bet27,-2.4527,-2.4527,-3.0659,-3.0659,-3.0659,4.000000,4.000000,5.000000,5.000000,5.000000,96.000000,96.000000,95.000000,95.000000,95.000000,5.0,-14.1030,-12.867,-47.2143,-48.4502,PENDING_AG03,FALSE,NOT_FOR_ENFORCEMENT,-58.8645,867.4773,-61.3172,-58.8645,-2.4527,-0.06089744,-0.05846154,-2.4527,-58.8645,-0.05846154,-2.4527,-2.4527,-3.0659,-3.0659,-3.0659,-58.8645,-0.05846154,-14.1030,-12.867,-47.2143,-48.4502,-0.04689103,-0.04811852,-0.00243590,14.8073,13.2886,-0.9017,-61.3172,-1.6136,1006.8933,68.0000,14.8073,,12.9089,12.9089,12.9089,25.8178,25.8178,25.8178,12.9089,0.0,2.0,2.0,1.147059,22,27,1,2,1.00000000,-0.06089744,-0.06089744,0E-8,0.000000,0.897436,0.000000,,2026-07-12,2026-07-12,1,38,22,1,1.000000,,1.000000,3.333333,,,,,,,,GLOBAL_BASELINE_NO_ENTITY_RANKING,,,NOT_APPLICABLE_GLOBAL_BASELINE,HF9g-P5,,,,X 全窗基线 · 不参与实体赏罚,3929807,393,A168_HF9F_20260827_0900,2026-08-27 09:00:00
2026-07-12,152907609,2281,0,12.9088890610,-12.9088890610,-12.9088890610,0E-7,1,1,0.49324550000000000,0.493245500000,-0.9865810262130424,-0.9865810262130424,-0.9865810262130424,0E-17,ELIGIBLE,R03b_20260811_FULL_v1,L1_ELIGIBILITY,v2026-08-11,2026-03-21..2026-08-06,baccarat_bet02_101_all_pairs_incl_sentinel,round_win = game_pnl > 0 (decisive only),COMPATIBILITY_ONLY_NOT_PRODUCTION,1006.8933,903.6222,-61.3172,68,68,0.06089744,0.06089744,,0.06089744,61.3172,1006.8933,OK,0.0000,-2.4527,4.0000,96.0000,AG03-UNRESOLVED,ALL5_LEVELS_bet23_to_bet27,-2.4527,-2.4527,-3.0659,-3.0659,-3.0659,4.000000,4.000000,5.000000,5.000000,5.000000,96.000000,96.000000,95.000000,95.000000,95.000000,5.0,-14.1030,-12.867,-47.2143,-48.4502,PENDING_AG03,FALSE,NOT_FOR_ENFORCEMENT,-58.8645,867.4773,-61.3172,-58.8645,-2.4527,-0.06089744,-0.05846154,-2.4527,-58.8645,-0.05846154,-2.4527,-2.4527,-3.0659,-3.0659,-3.0659,-58.8645,-0.05846154,-14.1030,-12.867,-47.2143,-48.4502,-0.04689103,-0.04811852,-0.00243590,14.8073,13.2886,-0.9017,-61.3172,-1.6136,1006.8933,68.0000,14.8073,,12.9089,12.9089,12.9089,25.8178,25.8178,25.8178,12.9089,0.0,2.0,2.0,1.147059,22,27,1,2,1.00000000,-0.06089744,-0.06089744,0E-8,0.000000,0.897436,0.000000,,2026-07-12,2026-07-12,1,38,22,1,1.000000,,1.000000,3.333333,,,,,,,,GLOBAL_BASELINE_NO_ENTITY_RANKING,,,NOT_APPLICABLE_GLOBAL_BASELINE,HF9g-P5,,,,X 全窗基线 · 不参与实体赏罚,3929808,393,A168_HF9F_20260827_0900,2026-08-27 09:00:00
2026-07-12,152907609,462,0,25.8177781220,-25.8177781220,-25.8177781220,0E-7,2,2,0.49994810000000000,0.499948100000,-1.4140667746232096,-1.4140667746232096,-1.4140667746232096,0E-17,ELIGIBLE,R03b_20260811_FULL_v1,L1_ELIGIBILITY,v2026-08-11,2026-03-21..2026-08-06,baccarat_bet02_101_all_pairs_incl_sentinel,round_win = game_pnl > 0 (decisive only),COMPATIBILITY_ONLY_NOT_PRODUCTION,1006.8933,903.6222,-61.3172,68,68,0.06089744,0.06089744,,0.06089744,61.3172,1006.8933,OK,0.0000,-2.4527,4.0000,96.0000,AG03-UNRESOLVED,ALL5_LEVELS_bet23_to_bet27,-2.4527,-2.4527,-3.0659,-3.0659,-3.0659,4.000000,4.000000,5.000000,5.000000,5.000000,96.000000,96.000000,95.000000,95.000000,95.000000,5.0,-14.1030,-12.867,-47.2143,-48.4502,PENDING_AG03,FALSE,NOT_FOR_ENFORCEMENT,-58.8645,867.4773,-61.3172,-58.8645,-2.4527,-0.06089744,-0.05846154,-2.4527,-58.8645,-0.05846154,-2.4527,-2.4527,-3.0659,-3.0659,-3.0659,-58.8645,-0.05846154,-14.1030,-12.867,-47.2143,-48.4502,-0.04689103,-0.04811852,-0.00243590,14.8073,13.2886,-0.9017,-61.3172,-1.6136,1006.8933,68.0000,14.8073,,12.9089,12.9089,12.9089,25.8178,25.8178,25.8178,12.9089,0.0,2.0,2.0,1.147059,22,27,1,2,1.00000000,-0.06089744,-0.06089744,0E-8,0.000000,0.897436,0.000000,,2026-07-12,2026-07-12,1,38,22,1,1.000000,,1.000000,3.333333,,,,,,,,GLOBAL_BASELINE_NO_ENTITY_RANKING,,,NOT_APPLICABLE_GLOBAL_BASELINE,HF9g-P5,,,,X 全窗基线 · 不参与实体赏罚,3929809,393,A168_HF9F_20260827_0900,2026-08-27 09:00:00
2026-07-12,152907609,925,0,25.8177781220,-0.6454444530,-0.6454444530,0.5000000,2,2,0.50665070000000000,0.506650700000,-0.018812684590367487,-0.018812684590367487,-0.018812684590367487,0E-17,ELIGIBLE,R03b_20260811_FULL_v1,L1_ELIGIBILITY,v2026-08-11,2026-03-21..2026-08-06,baccarat_bet02_101_all_pairs_incl_sentinel,round_win = game_pnl > 0 (decisive only),COMPATIBILITY_ONLY_NOT_PRODUCTION,1006.8933,903.6222,-61.3172,68,68,0.06089744,0.06089744,,0.06089744,61.3172,1006.8933,OK,0.0000,-2.4527,4.0000,96.0000,AG03-UNRESOLVED,ALL5_LEVELS_bet23_to_bet27,-2.4527,-2.4527,-3.0659,-3.0659,-3.0659,4.000000,4.000000,5.000000,5.000000,5.000000,96.000000,96.000000,95.000000,95.000000,95.000000,5.0,-14.1030,-12.867,-47.2143,-48.4502,PENDING_AG03,FALSE,NOT_FOR_ENFORCEMENT,-58.8645,867.4773,-61.3172,-58.8645,-2.4527,-0.06089744,-0.05846154,-2.4527,-58.8645,-0.05846154,-2.4527,-2.4527,-3.0659,-3.0659,-3.0659,-58.8645,-0.05846154,-14.1030,-12.867,-47.2143,-48.4502,-0.04689103,-0.04811852,-0.00243590,14.8073,13.2886,-0.9017,-61.3172,-1.6136,1006.8933,68.0000,14.8073,,12.9089,12.9089,12.9089,25.8178,25.8178,25.8178,12.9089,0.0,2.0,2.0,1.147059,22,27,1,2,1.00000000,-0.06089744,-0.06089744,0E-8,0.000000,0.897436,0.000000,,2026-07-12,2026-07-12,1,38,22,1,1.000000,,1.000000,3.333333,,,,,,,,GLOBAL_BASELINE_NO_ENTITY_RANKING,,,NOT_APPLICABLE_GLOBAL_BASELINE,HF9g-P5,,,,X 全窗基线 · 不参与实体赏罚,3929810,393,A168_HF9F_20260827_0900,2026-08-27 09:00:00
2026-07-12,152907609,948,0,12.9088890610,-12.9088890610,-12.9088890610,0E-7,1,1,0.50665070000000000,0.506650700000,-1.013391052207602,-1.013391052207602,-1.013391052207602,0E-17,ELIGIBLE,R03b_20260811_FULL_v1,L1_ELIGIBILITY,v2026-08-11,2026-03-21..2026-08-06,baccarat_bet02_101_all_pairs_incl_sentinel,round_win = game_pnl > 0 (decisive only),COMPATIBILITY_ONLY_NOT_PRODUCTION,1006.8933,903.6222,-61.3172,68,68,0.06089744,0.06089744,,0.06089744,61.3172,1006.8933,OK,0.0000,-2.4527,4.0000,96.0000,AG03-UNRESOLVED,ALL5_LEVELS_bet23_to_bet27,-2.4527,-2.4527,-3.0659,-3.0659,-3.0659,4.000000,4.000000,5.000000,5.000000,5.000000,96.000000,96.000000,95.000000,95.000000,95.000000,5.0,-14.1030,-12.867,-47.2143,-48.4502,PENDING_AG03,FALSE,NOT_FOR_ENFORCEMENT,-58.8645,867.4773,-61.3172,-58.8645,-2.4527,-0.06089744,-0.05846154,-2.4527,-58.8645,-0.05846154,-2.4527,-2.4527,-3.0659,-3.0659,-3.0659,-58.8645,-0.05846154,-14.1030,-12.867,-47.2143,-48.4502,-0.04689103,-0.04811852,-0.00243590,14.8073,13.2886,-0.9017,-61.3172,-1.6136,1006.8933,68.0000,14.8073,,12.9089,12.9089,12.9089,25.8178,25.8178,25.8178,12.9089,0.0,2.0,2.0,1.147059,22,27,1,2,1.00000000,-0.06089744,-0.06089744,0E-8,0.000000,0.897436,0.000000,,2026-07-12,2026-07-12,1,38,22,1,1.000000,,1.000000,3.333333,,,,,,,,GLOBAL_BASELINE_NO_ENTITY_RANKING,,,NOT_APPLICABLE_GLOBAL_BASELINE,HF9g-P5,,,,X 全窗基线 · 不参与实体赏罚,3929811,393,A168_HF9F_20260827_0900,2026-08-27 09:00:00
2026-07-03,152495538,-1,1,2.0439030372,61.3170911172,61.3170911172,1.0000000,1,1,0.01883490000000000,0.018834900000,7.217543110563735,7.217543110563735,7.217543110563735,0E-17,SENTINEL_DEALER,R03b_20260811_FULL_v1,L1_ELIGIBILITY,v2026-08-11,2026-03-21..2026-08-06,baccarat_bet02_101_all_pairs_incl_sentinel,round_win = game_pnl > 0 (decisive only),COMPATIBILITY_ONLY_NOT_PRODUCTION,2.0439,2.0439,-61.3171,1,1,30.00000000,,30.00000000,30.00000000,61.3171,2.0439,THIN_EXPOSURE,0.0000,-2.4527,4.0000,96.0000,AG03-UNRESOLVED,ALL5_LEVELS_bet23_to_bet27,-2.4527,-2.4527,-2.4527,-3.6790,-3.6790,4.000000,4.000000,4.000000,6.000000,6.000000,96.000000,96.000000,96.000000,94.000000,94.000000,5.0,-14.7161,-13.3823,-46.6010,-47.9348,PENDING_AG03,FALSE,NOT_FOR_ENFORCEMENT,-58.8644,1.9621,-61.3171,-58.8644,-2.4527,-30.00000000,-28.80000000,-2.4527,-58.8644,-28.80000000,-2.4527,-2.4527,-2.4527,-3.6790,-3.6790,-58.8644,-28.80000000,-14.7161,-13.3823,-46.6010,-47.9348,-22.80000000,-23.45258189,-1.20000000,2.0439,2.0439,-61.3171,-61.3171,-61.3171,2.0439,1.0000,,2.0439,2.0439,2.0439,2.0439,2.0439,2.0439,2.0439,2.0439,61.3171,1.0,1.0,1.0,1,1,1,1,0E-8,-30.00000000,,0E-8,0.000000,1.000000,0.000000,,2026-07-03,2026-07-03,1,1,1,1,1.000000,,,0.000000,,,,,,,,GLOBAL_BASELINE_NO_ENTITY_RANKING,,,NOT_APPLICABLE_GLOBAL_BASELINE,HF9g-P5,,,,X 全窗基线 · 不参与实体赏罚,3929812,393,A168_HF9F_20260827_0900,2026-08-27 09:00:00
2026-07-31,153659822,2153,0,12.2634182234,61.3170911172,61.3170911172,1.0000000,2,1,0.29066850000000000,0.290668500000,1.562160450482473,1.562160450482473,1.562160450482473,0E-17,ELIGIBLE,R03b_20260811_FULL_v1,L1_ELIGIBILITY,v2026-08-11,2026-03-21..2026-08-06,baccarat_bet02_101_all_pairs_incl_sentinel,round_win = game_pnl > 0 (decisive only),COMPATIBILITY_ONLY_NOT_PRODUCTION,12.2634,12.2634,-61.3171,2,1,5.00000000,5.00000000,,5.00000000,61.3171,12.2634,THIN_EXPOSURE,0.0000,-2.4527,4.0000,96.0000,AG03-UNRESOLVED,ALL5_LEVELS_bet23_to_bet27,-2.4527,-2.4527,-2.4527,-3.6790,-3.6790,4.000000,4.000000,4.000000,6.000000,6.000000,96.000000,96.000000,96.000000,94.000000,94.000000,5.0,-14.7161,-13.3823,-46.6010,-47.9348,PENDING_AG03,FALSE,NOT_FOR_ENFORCEMENT,-58.8644,11.7729,-61.3171,-58.8644,-2.4527,-5.00000000,-4.80000000,-2.4527,-58.8644,-4.80000000,-2.4527,-2.4527,-2.4527,-3.6790,-3.6790,-58.8644,-4.80000000,-14.7161,-13.3823,-46.6010,-47.9348,-3.80000000,-3.90876365,-0.20000000,6.1317,12.2634,-61.3171,-61.3171,-61.3171,12.2634,1.0000,6.1317,,6.1317,6.1317,6.1317,6.1317,6.1317,6.1317,6.1317,30.6585,1.0,1.0,1.0,1,1,1,2,1.00000000,-5.00000000,-5.00000000,0E-8,0.000000,1.000000,0.000000,,2026-07-31,2026-07-31,1,1,1,1,1.000000,,1.000000,3.333333,,,,,,,,GLOBAL_BASELINE_NO_ENTITY_RANKING,,,NOT_APPLICABLE_GLOBAL_BASELINE,HF9g-P5,,,,X 全窗基线 · 不参与实体赏罚,3929813,393,A168_HF9F_20260827_0900,2026-08-27 09:00:00
2026-07-02,130037952,-1,1,30.6585455583,63.3609941545,63.3609941545,0.6666667,12,6,0.35757771555628095,0.321634388889,1.5796598668557775,1.8093483972211528,1.5796598668557775,0.03594332666728095,SENTINEL_DEALER,R03b_20260811_FULL_v1,L1_ELIGIBILITY,v2026-08-11,2026-03-21..2026-08-06,baccarat_bet02_101_all_pairs_incl_sentinel,round_win = game_pnl > 0 (decisive only),COMPATIBILITY_ONLY_NOT_PRODUCTION,32.7024,30.6585,-61.3171,13,7,1.87500000,,1.87500000,1.87500000,61.3171,32.7024,THIN_EXPOSURE,0.0000,-2.4527,4.0000,96.0000,AG03-UNRESOLVED,ALL5_LEVELS_bet23_to_bet27,-2.4527,-2.4527,-2.4527,-2.4527,-2.4527,4.000000,4.000000,4.000000,4.000000,4.000000,96.000000,96.000000,96.000000,96.000000,96.000000,5.0,-12.2634,-11.3208,-49.0537,-49.9963,PENDING_AG03,FALSE,NOT_FOR_ENFORCEMENT,-58.8644,29.4322,-61.3171,-58.8644,-2.4527,-1.87500000,-1.80000000,-2.4527,-58.8644,-1.80000000,-2.4527,-2.4527,-2.4527,-2.4527,-2.4527,-58.8644,-1.80000000,-12.2634,-11.3208,-49.0537,-49.9963,-1.50000000,-1.52882381,-0.07500000,2.5156,4.3798,-8.7596,-30.6585,-30.6585,16.3512,3.5000,,2.5156,2.0439,2.0439,2.5549,4.4966,5.8251,6.1317,2.0439,-1.022,2.849999,3.0,1.230769,2,2,2,8,0E-8,-1.87500000,,0E-8,0.000000,0.937500,1.000000,,2026-07-02,2026-07-04,2,2,2,3,0.666667,,,0.000000,,,,,,,,GLOBAL_BASELINE_NO_ENTITY_RANKING,,,NOT_APPLICABLE_GLOBAL_BASELINE,HF9g-P5,,,,X 全窗基线 · 不参与实体赏罚,3929814,393,A168_HF9F_20260827_0900,2026-08-27 09:00:00
2026-07-04,130037952,1957,0,2.0439030372,-2.0439030372,-2.0439030372,0E-7,1,1,0.49324550000000000,0.493245500000,-0.9865810262130424,-0.9865810262130424,-0.9865810262130424,0E-17,ELIGIBLE,R03b_20260811_FULL_v1,L1_ELIGIBILITY,v2026-08-11,2026-03-21..2026-08-06,baccarat_bet02_101_all_pairs_incl_sentinel,round_win = game_pnl > 0 (decisive only),COMPATIBILITY_ONLY_NOT_PRODUCTION,32.7024,30.6585,-61.3171,13,7,1.87500000,,1.87500000,1.87500000,61.3171,32.7024,THIN_EXPOSURE,0.0000,-2.4527,4.0000,96.0000,AG03-UNRESOLVED,ALL5_LEVELS_bet23_to_bet27,-2.4527,-2.4527,-2.4527,-2.4527,-2.4527,4.000000,4.000000,4.000000,4.000000,4.000000,96.000000,96.000000,96.000000,96.000000,96.000000,5.0,-12.2634,-11.3208,-49.0537,-49.9963,PENDING_AG03,FALSE,NOT_FOR_ENFORCEMENT,-58.8644,29.4322,-61.3171,-58.8644,-2.4527,-1.87500000,-1.80000000,-2.4527,-58.8644,-1.80000000,-2.4527,-2.4527,-2.4527,-2.4527,-2.4527,-58.8644,-1.80000000,-12.2634,-11.3208,-49.0537,-49.9963,-1.50000000,-1.52882381,-0.07500000,2.5156,4.3798,-8.7596,-30.6585,-30.6585,16.3512,3.5000,,2.5156,2.0439,2.0439,2.5549,4.4966,5.8251,6.1317,2.0439,-1.022,2.849999,3.0,1.230769,2,2,2,8,0E-8,-1.87500000,,0E-8,0.000000,0.937500,1.000000,,2026-07-02,2026-07-04,2,2,2,3,0.666667,,,0.000000,,,,,,,,GLOBAL_BASELINE_NO_ENTITY_RANKING,,,NOT_APPLICABLE_GLOBAL_BASELINE,HF9g-P5,,,,X 全窗基线 · 不参与实体赏罚,3929815,393,A168_HF9F_20260827_0900,2026-08-27 09:00:00
2026-07-04,152561073,2103,0,51.0975759310,61.3170911172,61.3170911172,0.5000000,4,2,0.32714437500000000,0.293924150000,0.5210361333046387,0.6397330434626627,0.5210361333046387,0.03322022500000000,ELIGIBLE,R03b_20260811_FULL_v1,L1_ELIGIBILITY,v2026-08-11,2026-03-21..2026-08-06,baccarat_bet02_101_all_pairs_incl_sentinel,round_win = game_pnl > 0 (decisive only),COMPATIBILITY_ONLY_NOT_PRODUCTION,51.0976,30.6585,-61.3171,4,2,1.20000000,,1.20000000,1.20000000,61.3171,51.0976,THIN_EXPOSURE,0.0000,-2.4527,4.0000,96.0000,AG03-UNRESOLVED,ALL5_LEVELS_bet23_to_bet27,-2.4527,-2.4527,-2.4527,-3.6790,0.0000,4.000000,4.000000,4.000000,6.000000,0.000000,96.000000,96.000000,96.000000,94.000000,100.000000,5.0,-11.0371,-10.3226,-50.2800,-50.9945,PENDING_AG03,FALSE,NOT_FOR_ENFORCEMENT,-58.8644,29.4322,-61.3171,-58.8644,-2.4527,-1.20000000,-1.15200000,-2.4527,-58.8644,-1.15200000,-2.4527,-2.4527,-2.4527,-3.6790,0.0000,-58.8644,-1.15200000,-11.0371,-10.3226,-50.2800,-50.9945,-0.98400000,-0.99798221,-0.04800000,12.7744,15.3293,-30.6585,-61.3171,-61.3171,51.0976,2.0000,,12.7744,10.2195,10.2195,15.3293,20.439,20.439,20.439,10.2195,-5.1098,2.0,2.0,1.25,1,1,1,2,0E-8,-1.20000000,,0E-8,0.000000,0.600000,0.000000,,2026-07-04,2026-07-04,1,1,1,1,1.000000,,,0.000000,,,,,,,,GLOBAL_BASELINE_NO_ENTITY_RANKING,,,NOT_APPLICABLE_GLOBAL_BASELINE,HF9g-P5,,,,X 全窗基线 · 不参与实体赏罚,3929816,393,A168_HF9F_20260827_0900,2026-08-27 09:00:00
2026-07-02,152407019,2258,0,61.3170911172,61.3170911172,61.3170911172,1.0000000,1,1,0.49324550000000000,0.493245500000,1.01360149184955,1.01360149184955,1.01360149184955,0E-17,ELIGIBLE,R03b_20260811_FULL_v1,L1_ELIGIBILITY,v2026-08-11,2026-03-21..2026-08-06,baccarat_bet02_101_all_pairs_incl_sentinel,round_win = game_pnl > 0 (decisive only),COMPATIBILITY_ONLY_NOT_PRODUCTION,61.3171,61.3171,-61.3171,1,1,1.00000000,,1.00000000,1.00000000,61.3171,61.3171,THIN_EXPOSURE,0.0000,-2.4527,4.0000,96.0000,AG03-UNRESOLVED,ALL5_LEVELS_bet23_to_bet27,-2.4527,-2.4527,-2.4527,-3.6790,0.0000,4.000000,4.000000,4.000000,6.000000,0.000000,96.000000,96.000000,96.000000,94.000000,100.000000,5.0,-11.0371,-10.3226,-50.2800,-50.9945,PENDING_AG03,FALSE,NOT_FOR_ENFORCEMENT,-58.8644,58.8644,-61.3171,-58.8644,-2.4527,-1.00000000,-0.96000000,-2.4527,-58.8644,-0.96000000,-2.4527,-2.4527,-2.4527,-3.6790,0.0000,-58.8644,-0.96000000,-11.0371,-10.3226,-50.2800,-50.9945,-0.82000000,-0.83165184,-0.04000000,61.3171,61.3171,-61.3171,-61.3171,-61.3171,61.3171,1.0000,,61.3171,61.3171,61.3171,61.3171,61.3171,61.3171,61.3171,61.3171,61.3171,1.0,1.0,1.0,1,1,1,1,0E-8,-1.00000000,,0E-8,0.000000,1.000000,0.000000,,2026-07-02,2026-07-02,1,1,1,1,1.000000,,,0.000000,,,,,,,,GLOBAL_BASELINE_NO_ENTITY_RANKING,,,NOT_APPLICABLE_GLOBAL_BASELINE,HF9g-P5,,,,X 全窗基线 · 不参与实体赏罚,3929817,393,A168_HF9F_20260827_0900,2026-08-27 09:00:00
2026-07-03,152490198,2152,0,61.3170911172,61.3170911172,61.3170911172,1.0000000,1,1,0.49324550000000000,0.493245500000,1.01360149184955,1.01360149184955,1.01360149184955,0E-17,ELIGIBLE,R03b_20260811_FULL_v1,L1_ELIGIBILITY,v2026-08-11,2026-03-21..2026-08-06,baccarat_bet02_101_all_pairs_incl_sentinel,round_win = game_pnl > 0 (decisive only),COMPATIBILITY_ONLY_NOT_PRODUCTION,61.3171,61.3171,-61.3171,1,1,1.00000000,,1.00000000,1.00000000,61.3171,61.3171,THIN_EXPOSURE,0.0000,-2.4527,4.0000,96.0000,AG03-UNRESOLVED,ALL5_LEVELS_bet23_to_bet27,-2.4527,-2.4527,-2.4527,-2.4527,-2.4527,4.000000,4.000000,4.000000,4.000000,4.000000,96.000000,96.000000,96.000000,96.000000,96.000000,5.0,-12.2634,-11.3208,-49.0537,-49.9963,PENDING_AG03,FALSE,NOT_FOR_ENFORCEMENT,-58.8644,58.8644,-61.3171,-58.8644,-2.4527,-1.00000000,-0.96000000,-2.4527,-58.8644,-0.96000000,-2.4527,-2.4527,-2.4527,-2.4527,-2.4527,-58.8644,-0.96000000,-12.2634,-11.3208,-49.0537,-49.9963,-0.80000000,-0.8153727,-0.04000000,61.3171,61.3171,-61.3171,-61.3171,-61.3171,61.3171,1.0000,,61.3171,61.3171,61.3171,61.3171,61.3171,61.3171,61.3171,61.3171,61.3171,1.0,1.0,1.0,1,1,1,1,0E-8,-1.00000000,,0E-8,0.000000,1.000000,0.000000,,2026-07-03,2026-07-03,1,1,1,1,1.000000,,,0.000000,,,,,,,,GLOBAL_BASELINE_NO_ENTITY_RANKING,,,NOT_APPLICABLE_GLOBAL_BASELINE,HF9g-P5,,,,X 全窗基线 · 不参与实体赏罚,3929818,393,A168_HF9F_20260827_0900,2026-08-27 09:00:00
2026-07-14,151632018,1994,0,61.3170911172,61.3170911172,61.3170911172,1.0000000,1,1,0.49324550000000000,0.493245500000,1.01360149184955,1.01360149184955,1.01360149184955,0E-17,ELIGIBLE,R03b_20260811_FULL_v1,L1_ELIGIBILITY,v2026-08-11,2026-03-21..2026-08-06,baccarat_bet02_101_all_pairs_incl_sentinel,round_win = game_pnl > 0 (decisive only),COMPATIBILITY_ONLY_NOT_PRODUCTION,61.3171,61.3171,-61.3171,1,1,1.00000000,1.00000000,,1.00000000,61.3171,61.3171,THIN_EXPOSURE,0.0000,-2.4527,4.0000,96.0000,AG03-UNRESOLVED,ALL5_LEVELS_bet23_to_bet27,-2.4527,-2.4527,-2.4527,-3.6790,-3.6790,4.000000,4.000000,4.000000,6.000000,6.000000,96.000000,96.000000,96.000000,94.000000,94.000000,5.0,-14.7161,-13.3823,-46.6010,-47.9348,PENDING_AG03,FALSE,NOT_FOR_ENFORCEMENT,-58.8644,58.8644,-61.3171,-58.8644,-2.4527,-1.00000000,-0.96000000,-2.4527,-58.8644,-0.96000000,-2.4527,-2.4527,-2.4527,-3.6790,-3.6790,-58.8644,-0.96000000,-14.7161,-13.3823,-46.6010,-47.9348,-0.76000000,-0.78175273,-0.04000000,61.3171,61.3171,-61.3171,-61.3171,-61.3171,61.3171,1.0000,61.3171,,61.3171,61.3171,61.3171,61.3171,61.3171,61.3171,61.3171,61.3171,1.0,1.0,1.0,1,1,1,1,1.00000000,-1.00000000,-1.00000000,0E-8,0.000000,1.000000,0.000000,,2026-07-14,2026-07-14,1,1,1,1,1.000000,,1.000000,3.333333,,,,,,,,GLOBAL_BASELINE_NO_ENTITY_RANKING,,,NOT_APPLICABLE_GLOBAL_BASELINE,HF9g-P5,,,,X 全窗基线 · 不参与实体赏罚,3929819,393,A168_HF9F_20260827_0900,2026-08-27 09:00:00
2026-07-22,153315932,-1,1,40.8780607448,40.8780607448,40.8780607448,1.0000000,1,1,0.49324550000000000,0.493245500000,1.01360149184955,1.01360149184955,1.01360149184955,0E-17,SENTINEL_DEALER,R03b_20260811_FULL_v1,L1_ELIGIBILITY,v2026-08-11,2026-03-21..2026-08-06,baccarat_bet02_101_all_pairs_incl_sentinel,round_win = game_pnl > 0 (decisive only),COMPATIBILITY_ONLY_NOT_PRODUCTION,61.3171,61.3171,-61.3171,2,2,1.00000000,1.00000000,,1.00000000,61.3171,61.3171,THIN_EXPOSURE,0.0000,-2.4527,4.0000,96.0000,AG03-UNRESOLVED,ALL5_LEVELS_bet23_to_bet27,-2.4527,-2.4527,-3.0659,-3.0659,-3.0659,4.000000,4.000000,5.000000,5.000000,5.000000,96.000000,96.000000,95.000000,95.000000,95.000000,5.0,-14.1029,-12.867,-47.2142,-48.4501,PENDING_AG03,FALSE,NOT_FOR_ENFORCEMENT,-58.8644,58.8644,-61.3171,-58.8644,-2.4527,-1.00000000,-0.96000000,-2.4527,-58.8644,-0.96000000,-2.4527,-2.4527,-3.0659,-3.0659,-3.0659,-58.8644,-0.96000000,-14.1029,-12.867,-47.2142,-48.4501,-0.77000000,-0.7901568,-0.04000000,30.6585,30.6585,-30.6585,-61.3171,-30.6585,61.3171,2.0000,30.6585,,20.439,30.6585,40.8781,40.8781,40.8781,40.8781,30.6585,30.6585,1.333333,1.333333,1.0,2,2,1,1,1.00000000,-1.00000000,-1.00000000,0E-8,0.000000,1.000000,0.000000,,2026-07-22,2026-07-22,1,2,2,1,1.000000,,1.000000,3.333333,,,,,,,,GLOBAL_BASELINE_NO_ENTITY_RANKING,,,NOT_APPLICABLE_GLOBAL_BASELINE,HF9g-P5,,,,X 全窗基线 · 不参与实体赏罚,3929820,393,A168_HF9F_20260827_0900,2026-08-27 09:00:00
2026-07-22,153315932,2239,0,20.4390303724,20.4390303724,20.4390303724,1.0000000,1,1,0.49324550000000000,0.493245500000,1.01360149184955,1.01360149184955,1.01360149184955,0E-17,ELIGIBLE,R03b_20260811_FULL_v1,L1_ELIGIBILITY,v2026-08-11,2026-03-21..2026-08-06,baccarat_bet02_101_all_pairs_incl_sentinel,round_win = game_pnl > 0 (decisive only),COMPATIBILITY_ONLY_NOT_PRODUCTION,61.3171,61.3171,-61.3171,2,2,1.00000000,1.00000000,,1.00000000,61.3171,61.3171,THIN_EXPOSURE,0.0000,-2.4527,4.0000,96.0000,AG03-UNRESOLVED,ALL5_LEVELS_bet23_to_bet27,-2.4527,-2.4527,-3.0659,-3.0659,-3.0659,4.000000,4.000000,5.000000,5.000000,5.000000,96.000000,96.000000,95.000000,95.000000,95.000000,5.0,-14.1029,-12.867,-47.2142,-48.4501,PENDING_AG03,FALSE,NOT_FOR_ENFORCEMENT,-58.8644,58.8644,-61.3171,-58.8644,-2.4527,-1.00000000,-0.96000000,-2.4527,-58.8644,-0.96000000,-2.4527,-2.4527,-3.0659,-3.0659,-3.0659,-58.8644,-0.96000000,-14.1029,-12.867,-47.2142,-48.4501,-0.77000000,-0.7901568,-0.04000000,30.6585,30.6585,-30.6585,-61.3171,-30.6585,61.3171,2.0000,30.6585,,20.439,30.6585,40.8781,40.8781,40.8781,40.8781,30.6585,30.6585,1.333333,1.333333,1.0,2,2,1,1,1.00000000,-1.00000000,-1.00000000,0E-8,0.000000,1.000000,0.000000,,2026-07-22,2026-07-22,1,2,2,1,1.000000,,1.000000,3.333333,,,,,,,,GLOBAL_BASELINE_NO_ENTITY_RANKING,,,NOT_APPLICABLE_GLOBAL_BASELINE,HF9g-P5,,,,X 全窗基线 · 不参与实体赏罚,3929821,393,A168_HF9F_20260827_0900,2026-08-27 09:00:00
2026-07-23,153362686,2115,0,61.3170911172,61.3170911172,61.3170911172,1.0000000,1,1,0.50665070000000000,0.506650700000,0.9867858985152569,0.9867858985152569,0.9867858985152569,0E-17,ELIGIBLE,R03b_20260811_FULL_v1,L1_ELIGIBILITY,v2026-08-11,2026-03-21..2026-08-06,baccarat_bet02_101_all_pairs_incl_sentinel,round_win = game_pnl > 0 (decisive only),COMPATIBILITY_ONLY_NOT_PRODUCTION,61.3171,61.3171,-61.3171,1,1,1.00000000,1.00000000,,1.00000000,61.3171,61.3171,THIN_EXPOSURE,0.0000,-2.4527,4.0000,96.0000,AG03-UNRESOLVED,ALL5_LEVELS_bet23_to_bet27,-2.4527,-2.4527,-2.4527,-2.4527,-2.4527,4.000000,4.000000,4.000000,4.000000,4.000000,96.000000,96.000000,96.000000,96.000000,96.000000,5.0,-12.2634,-11.3208,-49.0537,-49.9963,PENDING_AG03,FALSE,NOT_FOR_ENFORCEMENT,-58.8644,58.8644,-61.3171,-58.8644,-2.4527,-1.00000000,-0.96000000,-2.4527,-58.8644,-0.96000000,-2.4527,-2.4527,-2.4527,-2.4527,-2.4527,-58.8644,-0.96000000,-12.2634,-11.3208,-49.0537,-49.9963,-0.80000000,-0.8153727,-0.04000000,61.3171,61.3171,-61.3171,-61.3171,-61.3171,61.3171,1.0000,61.3171,,61.3171,61.3171,61.3171,61.3171,61.3171,61.3171,61.3171,61.3171,1.0,1.0,1.0,1,1,1,1,1.00000000,-1.00000000,-1.00000000,0E-8,0.000000,1.000000,1.000000,,2026-07-23,2026-07-23,1,1,1,1,1.000000,,1.000000,3.333333,,,,,,,,GLOBAL_BASELINE_NO_ENTITY_RANKING,,,NOT_APPLICABLE_GLOBAL_BASELINE,HF9g-P5,,,,X 全窗基线 · 不参与实体赏罚,3929822,393,A168_HF9F_20260827_0900,2026-08-27 09:00:00
2026-07-28,153553747,1363,0,61.3170911172,61.3170911172,61.3170911172,1.0000000,1,1,0.49324550000000000,0.493245500000,1.01360149184955,1.01360149184955,1.01360149184955,0E-17,ELIGIBLE,R03b_20260811_FULL_v1,L1_ELIGIBILITY,v2026-08-11,2026-03-21..2026-08-06,baccarat_bet02_101_all_pairs_incl_sentinel,round_win = game_pnl > 0 (decisive only),COMPATIBILITY_ONLY_NOT_PRODUCTION,61.3171,61.3171,-61.3171,1,1,1.00000000,1.00000000,,1.00000000,61.3171,61.3171,THIN_EXPOSURE,0.0000,-2.4527,4.0000,96.0000,AG03-UNRESOLVED,ALL5_LEVELS_bet23_to_bet27,-2.4527,-2.4527,-2.4527,-2.4527,-2.4527,4.000000,4.000000,4.000000,4.000000,4.000000,96.000000,96.000000,96.000000,96.000000,96.000000,5.0,-12.2634,-11.3208,-49.0537,-49.9963,PENDING_AG03,FALSE,NOT_FOR_ENFORCEMENT,-58.8644,58.8644,-61.3171,-58.8644,-2.4527,-1.00000000,-0.96000000,-2.4527,-58.8644,-0.96000000,-2.4527,-2.4527,-2.4527,-2.4527,-2.4527,-58.8644,-0.96000000,-12.2634,-11.3208,-49.0537,-49.9963,-0.80000000,-0.8153727,-0.04000000,61.3171,61.3171,-61.3171,-61.3171,-61.3171,61.3171,1.0000,61.3171,,61.3171,61.3171,61.3171,61.3171,61.3171,61.3171,61.3171,61.3171,1.0,1.0,1.0,1,1,1,1,1.00000000,-1.00000000,-1.00000000,0E-8,0.000000,1.000000,0.000000,,2026-07-28,2026-07-28,1,1,1,1,1.000000,,1.000000,3.333333,,,,,,,,GLOBAL_BASELINE_NO_ENTITY_RANKING,,,NOT_APPLICABLE_GLOBAL_BASELINE,HF9g-P5,,,,X 全窗基线 · 不参与实体赏罚,3929823,393,A168_HF9F_20260827_0900,2026-08-27 09:00:00
2026-07-06,152637327,1505,0,77.6683154151,61.3170911171,61.3170911171,1.0000000,3,2,0.45700525454529336,0.393584825000,1.5415308288753715,1.7554192453407476,1.5415308288753715,0.06342042954529336,ELIGIBLE,R03b_20260811_FULL_v1,L1_ELIGIBILITY,v2026-08-11,2026-03-21..2026-08-06,baccarat_bet02_101_all_pairs_incl_sentinel,round_win = game_pnl > 0 (decisive only),COMPATIBILITY_ONLY_NOT_PRODUCTION,77.6683,77.6683,-61.3171,3,2,0.78947368,,0.78947368,0.78947368,61.3171,77.6683,THIN_EXPOSURE,0.0000,-2.4527,4.0000,96.0000,AG03-UNRESOLVED,ALL5_LEVELS_bet23_to_bet27,-2.4527,-2.4527,-2.4527,-3.6790,-3.6790,4.000000,4.000000,4.000000,6.000000,6.000000,96.000000,96.000000,96.000000,94.000000,94.000000,5.0,-14.7161,-13.3823,-46.6010,-47.9348,PENDING_AG03,FALSE,NOT_FOR_ENFORCEMENT,-58.8644,74.5616,-61.3171,-58.8644,-2.4527,-0.78947368,-0.75789474,-2.4527,-58.8644,-0.75789474,-2.4527,-2.4527,-2.4527,-3.6790,-3.6790,-58.8644,-0.75789474,-14.7161,-13.3823,-46.6010,-47.9348,-0.60000000,-0.61717321,-0.03157895,25.8894,38.8342,-30.6585,-61.3171,-61.3171,77.6683,2.0000,,25.8894,14.3073,32.7024,35.7683,36.7903,36.7903,36.7903,32.7024,32.7024,1.125,1.125,0.791667,1,1,1,2,0E-8,-0.78947368,,0E-8,0.000000,1.000000,0.000000,,2026-07-06,2026-07-06,1,1,1,1,1.000000,,,0.000000,,,,,,,,GLOBAL_BASELINE_NO_ENTITY_RANKING,,,NOT_APPLICABLE_GLOBAL_BASELINE,HF9g-P5,,,,X 全窗基线 · 不参与实体赏罚,3929824,393,A168_HF9F_20260827_0900,2026-08-27 09:00:00
2026-07-29,120614670,994,0,102.1951518620,61.3170911172,61.3170911172,0.7500000,4,4,0.49324550000000000,0.493245500000,1.0271117246678039,1.0271117246678039,1.0271117246678039,0E-17,ELIGIBLE,R03b_20260811_FULL_v1,L1_ELIGIBILITY,v2026-08-11,2026-03-21..2026-08-06,baccarat_bet02_101_all_pairs_incl_sentinel,round_win = game_pnl > 0 (decisive only),COMPATIBILITY_ONLY_NOT_PRODUCTION,102.1952,102.1952,-61.3171,4,4,0.60000000,0.60000000,,0.60000000,61.3171,102.1952,THIN_EXPOSURE,0.0000,-2.4527,4.0000,96.0000,AG03-UNRESOLVED,ALL5_LEVELS_bet23_to_bet27,-2.4527,-2.4527,-2.4527,-2.4527,-2.4527,4.000000,4.000000,4.000000,4.000000,4.000000,96.000000,96.000000,96.000000,96.000000,96.000000,5.0,-12.2634,-11.3208,-49.0537,-49.9963,PENDING_AG03,FALSE,NOT_FOR_ENFORCEMENT,-58.8644,98.1073,-61.3171,-58.8644,-2.4527,-0.60000000,-0.57600000,-2.4527,-58.8644,-0.57600000,-2.4527,-2.4527,-2.4527,-2.4527,-2.4527,-58.8644,-0.57600000,-12.2634,-11.3208,-49.0537,-49.9963,-0.48000000,-0.48922362,-0.02400000,25.5488,25.5488,-15.3293,-61.3171,-61.3171,102.1952,4.0000,25.5488,,20.439,20.439,30.6585,40.8781,40.8781,40.8781,20.439,20.439,2.0,2.0,1.25,1,1,1,1,1.00000000,-0.60000000,-0.60000000,0E-8,0.000000,1.000000,0.000000,,2026-07-29,2026-07-29,1,1,1,1,1.000000,,1.000000,3.333333,,,,,,,,GLOBAL_BASELINE_NO_ENTITY_RANKING,,,NOT_APPLICABLE_GLOBAL_BASELINE,HF9g-P5,,,,X 全窗基线 · 不参与实体赏罚,3929825,393,A168_HF9F_20260827_0900,2026-08-27 09:00:00
2026-06-30,126838457,-1,1,122.6341822344,61.3170911172,61.3170911172,0.6666667,4,4,0.49659680000000000,0.496596800000,0.5891529468324541,0.589152946832454,0.5891529468324541,0E-17,SENTINEL_DEALER,R03b_20260811_FULL_v1,L1_ELIGIBILITY,v2026-08-11,2026-03-21..2026-08-06,baccarat_bet02_101_all_pairs_incl_sentinel,round_win = game_pnl > 0 (decisive only),COMPATIBILITY_ONLY_NOT_PRODUCTION,122.6342,102.1952,-61.3171,4,4,0.50000000,,0.50000000,0.50000000,61.3171,122.6342,THIN_EXPOSURE,0.0000,-2.4527,4.0000,96.0000,AG03-UNRESOLVED,ALL5_LEVELS_bet23_to_bet27,-2.4527,-2.4527,-2.4527,-3.6790,-3.6790,4.000000,4.000000,4.000000,6.000000,6.000000,96.000000,96.000000,96.000000,94.000000,94.000000,5.0,-14.7161,-13.3823,-46.6010,-47.9348,PENDING_AG03,FALSE,NOT_FOR_ENFORCEMENT,-58.8644,98.1073,-61.3171,-58.8644,-2.4527,-0.50000000,-0.48000000,-2.4527,-58.8644,-0.48000000,-2.4527,-2.4527,-2.4527,-3.6790,-3.6790,-58.8644,-0.48000000,-14.7161,-13.3823,-46.6010,-47.9348,-0.38000000,-0.39087636,-0.02000000,30.6585,25.5488,-15.3293,-61.3171,-61.3171,122.6342,4.0000,,30.6585,20.439,30.6585,40.8781,40.8781,40.8781,40.8781,30.6585,20.439,1.333333,1.333333,1.0,1,1,1,2,0E-8,-0.50000000,,0E-8,0.000000,0.833333,0.000000,,2026-06-30,2026-06-30,1,1,1,1,1.000000,,,0.000000,,,,,,,,GLOBAL_BASELINE_NO_ENTITY_RANKING,,,NOT_APPLICABLE_GLOBAL_BASELINE,HF9g-P5,,,,X 全窗基线 · 不参与实体赏罚,3929826,393,A168_HF9F_20260827_0900,2026-08-27 09:00:00
2026-07-07,139602857,2233,0,122.6341822344,61.3170911172,61.3170911172,1.0000000,2,2,0.50665070000000000,0.506650700000,0.9867858985152569,0.9867858985152569,0.9867858985152569,0E-17,ELIGIBLE,R03b_20260811_FULL_v1,L1_ELIGIBILITY,v2026-08-11,2026-03-21..2026-08-06,baccarat_bet02_101_all_pairs_incl_sentinel,round_win = game_pnl > 0 (decisive only),COMPATIBILITY_ONLY_NOT_PRODUCTION,122.6342,61.3171,-61.3171,2,2,0.50000000,,0.50000000,0.50000000,61.3171,122.6342,THIN_EXPOSURE,0.0000,-2.4527,4.0000,96.0000,AG03-UNRESOLVED,ALL5_LEVELS_bet23_to_bet27,-2.4527,-2.4527,-2.4527,-3.0659,-3.0659,4.000000,4.000000,4.000000,5.000000,5.000000,96.000000,96.000000,96.000000,95.000000,95.000000,5.0,-13.4898,-12.357,-47.8273,-48.9601,PENDING_AG03,FALSE,NOT_FOR_ENFORCEMENT,-58.8644,58.8644,-61.3171,-58.8644,-2.4527,-0.50000000,-0.48000000,-2.4527,-58.8644,-0.48000000,-2.4527,-2.4527,-2.4527,-3.0659,-3.0659,-58.8644,-0.48000000,-13.4898,-12.357,-47.8273,-48.9601,-0.39000000,-0.39923712,-0.02000000,61.3171,30.6585,-30.6585,-61.3171,-61.3171,122.6342,2.0000,,61.3171,61.3171,61.3171,61.3171,61.3171,61.3171,61.3171,30.6585,30.6585,1.0,1.0,1.0,1,1,1,1,0E-8,-0.50000000,,0E-8,0.000000,0.500000,1.000000,,2026-07-07,2026-07-07,1,1,1,1,1.000000,,,0.000000,,,,,,,,GLOBAL_BASELINE_NO_ENTITY_RANKING,,,NOT_APPLICABLE_GLOBAL_BASELINE,HF9g-P5,,,,X 全窗基线 · 不参与实体赏罚,3929827,393,A168_HF9F_20260827_0900,2026-08-27 09:00:00
2026-07-14,153012632,1485,0,114.4585700851,69.4927032661,69.4927032661,0.7777778,16,9,0.43746745772550883,0.338962516667,2.0580203858795323,2.7810839382415624,2.0580203858795323,0.09850494105850883,ELIGIBLE,R03b_20260811_FULL_v1,L1_ELIGIBILITY,v2026-08-11,2026-03-21..2026-08-06,baccarat_bet02_101_all_pairs_incl_sentinel,round_win = game_pnl > 0 (decisive only),COMPATIBILITY_ONLY_NOT_PRODUCTION,122.6342,102.1952,-61.3171,17,10,0.50000000,0.50000000,,0.50000000,61.3171,122.6342,THIN_EXPOSURE,0.0000,-2.4527,4.0000,96.0000,AG03-UNRESOLVED,ALL5_LEVELS_bet23_to_bet27,-2.4527,-2.4527,-2.4527,-3.0659,-3.0659,4.000000,4.000000,4.000000,5.000000,5.000000,96.000000,96.000000,96.000000,95.000000,95.000000,5.0,-13.4898,-12.357,-47.8273,-48.9601,PENDING_AG03,FALSE,NOT_FOR_ENFORCEMENT,-58.8644,98.1073,-61.3171,-58.8644,-2.4527,-0.50000000,-0.48000000,-2.4527,-58.8644,-0.48000000,-2.4527,-2.4527,-2.4527,-3.0659,-3.0659,-58.8644,-0.48000000,-13.4898,-12.357,-47.8273,-48.9601,-0.39000000,-0.39923712,-0.02000000,7.2138,10.2195,-6.1317,-61.3171,-30.6585,122.6342,10.0000,7.2138,,2.0439,6.1317,10.7305,15.5337,16.3512,16.3512,4.0878,0.0,2.666667,2.666667,1.176471,2,2,1,3,1.00000000,-0.50000000,-0.50000000,0E-8,0.000000,0.833333,0.000000,,2026-07-14,2026-07-14,1,2,2,1,1.000000,,1.000000,3.333333,,,,,,,,GLOBAL_BASELINE_NO_ENTITY_RANKING,,,NOT_APPLICABLE_GLOBAL_BASELINE,HF9g-P5,,,,X 全窗基线 · 不参与实体赏罚,3929828,393,A168_HF9F_20260827_0900,2026-08-27 09:00:00
2026-07-14,153012632,471,0,8.1756121490,-8.1756121490,-8.1756121490,0E-7,1,1,0.50665070000000000,0.506650700000,-1.013391052207602,-1.013391052207602,-1.013391052207602,0E-17,ELIGIBLE,R03b_20260811_FULL_v1,L1_ELIGIBILITY,v2026-08-11,2026-03-21..2026-08-06,baccarat_bet02_101_all_pairs_incl_sentinel,round_win = game_pnl > 0 (decisive only),COMPATIBILITY_ONLY_NOT_PRODUCTION,122.6342,102.1952,-61.3171,17,10,0.50000000,0.50000000,,0.50000000,61.3171,122.6342,THIN_EXPOSURE,0.0000,-2.4527,4.0000,96.0000,AG03-UNRESOLVED,ALL5_LEVELS_bet23_to_bet27,-2.4527,-2.4527,-2.4527,-3.0659,-3.0659,4.000000,4.000000,4.000000,5.000000,5.000000,96.000000,96.000000,96.000000,95.000000,95.000000,5.0,-13.4898,-12.357,-47.8273,-48.9601,PENDING_AG03,FALSE,NOT_FOR_ENFORCEMENT,-58.8644,98.1073,-61.3171,-58.8644,-2.4527,-0.50000000,-0.48000000,-2.4527,-58.8644,-0.48000000,-2.4527,-2.4527,-2.4527,-3.0659,-3.0659,-58.8644,-0.48000000,-13.4898,-12.357,-47.8273,-48.9601,-0.39000000,-0.39923712,-0.02000000,7.2138,10.2195,-6.1317,-61.3171,-30.6585,122.6342,10.0000,7.2138,,2.0439,6.1317,10.7305,15.5337,16.3512,16.3512,4.0878,0.0,2.666667,2.666667,1.176471,2,2,1,3,1.00000000,-0.50000000,-0.50000000,0E-8,0.000000,0.833333,0.000000,,2026-07-14,2026-07-14,1,2,2,1,1.000000,,1.000000,3.333333,,,,,,,,GLOBAL_BASELINE_NO_ENTITY_RANKING,,,NOT_APPLICABLE_GLOBAL_BASELINE,HF9g-P5,,,,X 全窗基线 · 不参与实体赏罚,3929829,393,A168_HF9F_20260827_0900,2026-08-27 09:00:00
2026-07-16,153105904,-1,1,20.4390303724,20.4390303724,20.4390303724,1.0000000,1,1,0.49324550000000000,0.493245500000,1.01360149184955,1.01360149184955,1.01360149184955,0E-17,SENTINEL_DEALER,R03b_20260811_FULL_v1,L1_ELIGIBILITY,v2026-08-11,2026-03-21..2026-08-06,baccarat_bet02_101_all_pairs_incl_sentinel,round_win = game_pnl > 0 (decisive only),COMPATIBILITY_ONLY_NOT_PRODUCTION,122.6342,102.1952,-61.3171,6,6,0.50000000,0.50000000,,0.50000000,61.3171,122.6342,THIN_EXPOSURE,0.0000,-2.4527,4.0000,96.0000,AG03-UNRESOLVED,ALL5_LEVELS_bet23_to_bet27,-2.4527,-2.4527,-2.4527,-4.2922,-4.2922,4.000000,4.000000,4.000000,7.000000,7.000000,96.000000,96.000000,96.000000,93.000000,93.000000,5.0,-15.9424,-14.3968,-45.3746,-46.9203,PENDING_AG03,FALSE,NOT_FOR_ENFORCEMENT,-58.8644,98.1073,-61.3171,-58.8644,-2.4527,-0.50000000,-0.48000000,-2.4527,-58.8644,-0.48000000,-2.4527,-2.4527,-2.4527,-4.2922,-4.2922,-58.8644,-0.48000000,-15.9424,-14.3968,-45.3746,-46.9203,-0.37000000,-0.38260408,-0.02000000,20.4390,17.0325,-10.2195,-61.3171,-10.2195,122.6342,6.0000,20.4390,,20.439,20.439,20.439,20.439,20.439,20.439,20.439,20.439,1.0,1.0,1.0,6,6,1,1,1.00000000,-0.50000000,-0.50000000,0E-8,0.000000,0.833333,0.000000,,2026-07-16,2026-07-16,1,6,6,1,1.000000,,1.000000,3.333333,,,,,,,,GLOBAL_BASELINE_NO_ENTITY_RANKING,,,NOT_APPLICABLE_GLOBAL_BASELINE,HF9g-P5,,,,X 全窗基线 · 不参与实体赏罚,3929830,393,A168_HF9F_20260827_0900,2026-08-27 09:00:00
2026-07-16,153105904,1399,0,20.4390303724,20.4390303724,20.4390303724,1.0000000,1,1,0.49324550000000000,0.493245500000,1.01360149184955,1.01360149184955,1.01360149184955,0E-17,ELIGIBLE,R03b_20260811_FULL_v1,L1_ELIGIBILITY,v2026-08-11,2026-03-21..2026-08-06,baccarat_bet02_101_all_pairs_incl_sentinel,round_win = game_pnl > 0 (decisive only),COMPATIBILITY_ONLY_NOT_PRODUCTION,122.6342,102.1952,-61.3171,6,6,0.50000000,0.50000000,,0.50000000,61.3171,122.6342,THIN_EXPOSURE,0.0000,-2.4527,4.0000,96.0000,AG03-UNRESOLVED,ALL5_LEVELS_bet23_to_bet27,-2.4527,-2.4527,-2.4527,-4.2922,-4.2922,4.000000,4.000000,4.000000,7.000000,7.000000,96.000000,96.000000,96.000000,93.000000,93.000000,5.0,-15.9424,-14.3968,-45.3746,-46.9203,PENDING_AG03,FALSE,NOT_FOR_ENFORCEMENT,-58.8644,98.1073,-61.3171,-58.8644,-2.4527,-0.50000000,-0.48000000,-2.4527,-58.8644,-0.48000000,-2.4527,-2.4527,-2.4527,-4.2922,-4.2922,-58.8644,-0.48000000,-15.9424,-14.3968,-45.3746,-46.9203,-0.37000000,-0.38260408,-0.02000000,20.4390,17.0325,-10.2195,-61.3171,-10.2195,122.6342,6.0000,20.4390,,20.439,20.439,20.439,20.439,20.439,20.439,20.439,20.439,1.0,1.0,1.0,6,6,1,1,1.00000000,-0.50000000,-0.50000000,0E-8,0.000000,0.833333,0.000000,,2026-07-16,2026-07-16,1,6,6,1,1.000000,,1.000000,3.333333,,,,,,,,GLOBAL_BASELINE_NO_ENTITY_RANKING,,,NOT_APPLICABLE_GLOBAL_BASELINE,HF9g-P5,,,,X 全窗基线 · 不参与实体赏罚,3929831,393,A168_HF9F_20260827_0900,2026-08-27 09:00:00
2026-07-16,153105904,1704,0,20.4390303724,20.4390303724,20.4390303724,1.0000000,1,1,0.49324550000000000,0.493245500000,1.01360149184955,1.01360149184955,1.01360149184955,0E-17,ELIGIBLE,R03b_20260811_FULL_v1,L1_ELIGIBILITY,v2026-08-11,2026-03-21..2026-08-06,baccarat_bet02_101_all_pairs_incl_sentinel,round_win = game_pnl > 0 (decisive only),COMPATIBILITY_ONLY_NOT_PRODUCTION,122.6342,102.1952,-61.3171,6,6,0.50000000,0.50000000,,0.50000000,61.3171,122.6342,THIN_EXPOSURE,0.0000,-2.4527,4.0000,96.0000,AG03-UNRESOLVED,ALL5_LEVELS_bet23_to_bet27,-2.4527,-2.4527,-2.4527,-4.2922,-4.2922,4.000000,4.000000,4.000000,7.000000,7.000000,96.000000,96.000000,96.000000,93.000000,93.000000,5.0,-15.9424,-14.3968,-45.3746,-46.9203,PENDING_AG03,FALSE,NOT_FOR_ENFORCEMENT,-58.8644,98.1073,-61.3171,-58.8644,-2.4527,-0.50000000,-0.48000000,-2.4527,-58.8644,-0.48000000,-2.4527,-2.4527,-2.4527,-4.2922,-4.2922,-58.8644,-0.48000000,-15.9424,-14.3968,-45.3746,-46.9203,-0.37000000,-0.38260408,-0.02000000,20.4390,17.0325,-10.2195,-61.3171,-10.2195,122.6342,6.0000,20.4390,,20.439,20.439,20.439,20.439,20.439,20.439,20.439,20.439,1.0,1.0,1.0,6,6,1,1,1.00000000,-0.50000000,-0.50000000,0E-8,0.000000,0.833333,0.000000,,2026-07-16,2026-07-16,1,6,6,1,1.000000,,1.000000,3.333333,,,,,,,,GLOBAL_BASELINE_NO_ENTITY_RANKING,,,NOT_APPLICABLE_GLOBAL_BASELINE,HF9g-P5,,,,X 全窗基线 · 不参与实体赏罚,3929832,393,A168_HF9F_20260827_0900,2026-08-27 09:00:00
2026-07-16,153105904,2127,0,20.4390303724,20.4390303724,20.4390303724,1.0000000,1,1,0.49324550000000000,0.493245500000,1.01360149184955,1.01360149184955,1.01360149184955,0E-17,ELIGIBLE,R03b_20260811_FULL_v1,L1_ELIGIBILITY,v2026-08-11,2026-03-21..2026-08-06,baccarat_bet02_101_all_pairs_incl_sentinel,round_win = game_pnl > 0 (decisive only),COMPATIBILITY_ONLY_NOT_PRODUCTION,122.6342,102.1952,-61.3171,6,6,0.50000000,0.50000000,,0.50000000,61.3171,122.6342,THIN_EXPOSURE,0.0000,-2.4527,4.0000,96.0000,AG03-UNRESOLVED,ALL5_LEVELS_bet23_to_bet27,-2.4527,-2.4527,-2.4527,-4.2922,-4.2922,4.000000,4.000000,4.000000,7.000000,7.000000,96.000000,96.000000,96.000000,93.000000,93.000000,5.0,-15.9424,-14.3968,-45.3746,-46.9203,PENDING_AG03,FALSE,NOT_FOR_ENFORCEMENT,-58.8644,98.1073,-61.3171,-58.8644,-2.4527,-0.50000000,-0.48000000,-2.4527,-58.8644,-0.48000000,-2.4527,-2.4527,-2.4527,-4.2922,-4.2922,-58.8644,-0.48000000,-15.9424,-14.3968,-45.3746,-46.9203,-0.37000000,-0.38260408,-0.02000000,20.4390,17.0325,-10.2195,-61.3171,-10.2195,122.6342,6.0000,20.4390,,20.439,20.439,20.439,20.439,20.439,20.439,20.439,20.439,1.0,1.0,1.0,6,6,1,1,1.00000000,-0.50000000,-0.50000000,0E-8,0.000000,0.833333,0.000000,,2026-07-16,2026-07-16,1,6,6,1,1.000000,,1.000000,3.333333,,,,,,,,GLOBAL_BASELINE_NO_ENTITY_RANKING,,,NOT_APPLICABLE_GLOBAL_BASELINE,HF9g-P5,,,,X 全窗基线 · 不参与实体赏罚,3929833,393,A168_HF9F_20260827_0900,2026-08-27 09:00:00
2026-07-16,153105904,2220,0,20.4390303724,-20.4390303724,-20.4390303724,0E-7,1,1,0.49324550000000000,0.493245500000,-0.9865810262130424,-0.9865810262130424,-0.9865810262130424,0E-17,ELIGIBLE,R03b_20260811_FULL_v1,L1_ELIGIBILITY,v2026-08-11,2026-03-21..2026-08-06,baccarat_bet02_101_all_pairs_incl_sentinel,round_win = game_pnl > 0 (decisive only),COMPATIBILITY_ONLY_NOT_PRODUCTION,122.6342,102.1952,-61.3171,6,6,0.50000000,0.50000000,,0.50000000,61.3171,122.6342,THIN_EXPOSURE,0.0000,-2.4527,4.0000,96.0000,AG03-UNRESOLVED,ALL5_LEVELS_bet23_to_bet27,-2.4527,-2.4527,-2.4527,-4.2922,-4.2922,4.000000,4.000000,4.000000,7.000000,7.000000,96.000000,96.000000,96.000000,93.000000,93.000000,5.0,-15.9424,-14.3968,-45.3746,-46.9203,PENDING_AG03,FALSE,NOT_FOR_ENFORCEMENT,-58.8644,98.1073,-61.3171,-58.8644,-2.4527,-0.50000000,-0.48000000,-2.4527,-58.8644,-0.48000000,-2.4527,-2.4527,-2.4527,-4.2922,-4.2922,-58.8644,-0.48000000,-15.9424,-14.3968,-45.3746,-46.9203,-0.37000000,-0.38260408,-0.02000000,20.4390,17.0325,-10.2195,-61.3171,-10.2195,122.6342,6.0000,20.4390,,20.439,20.439,20.439,20.439,20.439,20.439,20.439,20.439,1.0,1.0,1.0,6,6,1,1,1.00000000,-0.50000000,-0.50000000,0E-8,0.000000,0.833333,0.000000,,2026-07-16,2026-07-16,1,6,6,1,1.000000,,1.000000,3.333333,,,,,,,,GLOBAL_BASELINE_NO_ENTITY_RANKING,,,NOT_APPLICABLE_GLOBAL_BASELINE,HF9g-P5,,,,X 全窗基线 · 不参与实体赏罚,3929834,393,A168_HF9F_20260827_0900,2026-08-27 09:00:00
2026-07-16,153105904,550,0,20.4390303724,0E-10,0E-10,,1,1,0.49324550000000000,0.493245500000,,,,0E-17,NO_DECISIVE_ROUND,R03b_20260811_FULL_v1,L1_ELIGIBILITY,v2026-08-11,2026-03-21..2026-08-06,baccarat_bet02_101_all_pairs_incl_sentinel,round_win = game_pnl > 0 (decisive only),COMPATIBILITY_ONLY_NOT_PRODUCTION,122.6342,102.1952,-61.3171,6,6,0.50000000,0.50000000,,0.50000000,61.3171,122.6342,THIN_EXPOSURE,0.0000,-2.4527,4.0000,96.0000,AG03-UNRESOLVED,ALL5_LEVELS_bet23_to_bet27,-2.4527,-2.4527,-2.4527,-4.2922,-4.2922,4.000000,4.000000,4.000000,7.000000,7.000000,96.000000,96.000000,96.000000,93.000000,93.000000,5.0,-15.9424,-14.3968,-45.3746,-46.9203,PENDING_AG03,FALSE,NOT_FOR_ENFORCEMENT,-58.8644,98.1073,-61.3171,-58.8644,-2.4527,-0.50000000,-0.48000000,-2.4527,-58.8644,-0.48000000,-2.4527,-2.4527,-2.4527,-4.2922,-4.2922,-58.8644,-0.48000000,-15.9424,-14.3968,-45.3746,-46.9203,-0.37000000,-0.38260408,-0.02000000,20.4390,17.0325,-10.2195,-61.3171,-10.2195,122.6342,6.0000,20.4390,,20.439,20.439,20.439,20.439,20.439,20.439,20.439,20.439,1.0,1.0,1.0,6,6,1,1,1.00000000,-0.50000000,-0.50000000,0E-8,0.000000,0.833333,0.000000,,2026-07-16,2026-07-16,1,6,6,1,1.000000,,1.000000,3.333333,,,,,,,,GLOBAL_BASELINE_NO_ENTITY_RANKING,,,NOT_APPLICABLE_GLOBAL_BASELINE,HF9g-P5,,,,X 全窗基线 · 不参与实体赏罚,3929835,393,A168_HF9F_20260827_0900,2026-08-27 09:00:00
2026-07-19,152798398,2152,0,61.3170911172,0E-10,0E-10,,1,1,0.50665070000000000,0.506650700000,,,,0E-17,NO_DECISIVE_ROUND,R03b_20260811_FULL_v1,L1_ELIGIBILITY,v2026-08-11,2026-03-21..2026-08-06,baccarat_bet02_101_all_pairs_incl_sentinel,round_win = game_pnl > 0 (decisive only),COMPATIBILITY_ONLY_NOT_PRODUCTION,122.6342,61.3171,-61.3171,2,2,0.50000000,0.50000000,,0.50000000,61.3171,122.6342,THIN_EXPOSURE,0.0000,-2.4527,4.0000,96.0000,AG03-UNRESOLVED,ALL5_LEVELS_bet23_to_bet27,-2.4527,-2.4527,-2.4527,-3.6790,-3.6790,4.000000,4.000000,4.000000,6.000000,6.000000,96.000000,96.000000,96.000000,94.000000,94.000000,5.0,-14.7161,-13.3823,-46.6010,-47.9348,PENDING_AG03,FALSE,NOT_FOR_ENFORCEMENT,-58.8644,58.8644,-61.3171,-58.8644,-2.4527,-0.50000000,-0.48000000,-2.4527,-58.8644,-0.48000000,-2.4527,-2.4527,-2.4527,-3.6790,-3.6790,-58.8644,-0.48000000,-14.7161,-13.3823,-46.6010,-47.9348,-0.38000000,-0.39087636,-0.02000000,61.3171,30.6585,-30.6585,-61.3171,-61.3171,122.6342,2.0000,61.3171,,61.3171,61.3171,61.3171,61.3171,61.3171,61.3171,30.6585,30.6585,1.0,1.0,1.0,1,2,1,1,1.00000000,-0.50000000,-0.50000000,0E-8,0.000000,0.500000,1.000000,,2026-07-19,2026-07-19,1,1,1,1,1.000000,,1.000000,3.333333,,,,,,,,GLOBAL_BASELINE_NO_ENTITY_RANKING,,,NOT_APPLICABLE_GLOBAL_BASELINE,HF9g-P5,,,,X 全窗基线 · 不参与实体赏罚,3929836,393,A168_HF9F_20260827_0900,2026-08-27 09:00:00
2026-07-19,152798398,2222,0,61.3170911172,61.3170911172,61.3170911172,1.0000000,1,1,0.50665070000000000,0.506650700000,0.9867858985152569,0.9867858985152569,0.9867858985152569,0E-17,ELIGIBLE,R03b_20260811_FULL_v1,L1_ELIGIBILITY,v2026-08-11,2026-03-21..2026-08-06,baccarat_bet02_101_all_pairs_incl_sentinel,round_win = game_pnl > 0 (decisive only),COMPATIBILITY_ONLY_NOT_PRODUCTION,122.6342,61.3171,-61.3171,2,2,0.50000000,0.50000000,,0.50000000,61.3171,122.6342,THIN_EXPOSURE,0.0000,-2.4527,4.0000,96.0000,AG03-UNRESOLVED,ALL5_LEVELS_bet23_to_bet27,-2.4527,-2.4527,-2.4527,-3.6790,-3.6790,4.000000,4.000000,4.000000,6.000000,6.000000,96.000000,96.000000,96.000000,94.000000,94.000000,5.0,-14.7161,-13.3823,-46.6010,-47.9348,PENDING_AG03,FALSE,NOT_FOR_ENFORCEMENT,-58.8644,58.8644,-61.3171,-58.8644,-2.4527,-0.50000000,-0.48000000,-2.4527,-58.8644,-0.48000000,-2.4527,-2.4527,-2.4527,-3.6790,-3.6790,-58.8644,-0.48000000,-14.7161,-13.3823,-46.6010,-47.9348,-0.38000000,-0.39087636,-0.02000000,61.3171,30.6585,-30.6585,-61.3171,-61.3171,122.6342,2.0000,61.3171,,61.3171,61.3171,61.3171,61.3171,61.3171,61.3171,30.6585,30.6585,1.0,1.0,1.0,1,2,1,1,1.00000000,-0.50000000,-0.50000000,0E-8,0.000000,0.500000,1.000000,,2026-07-19,2026-07-19,1,1,1,1,1.000000,,1.000000,3.333333,,,,,,,,GLOBAL_BASELINE_NO_ENTITY_RANKING,,,NOT_APPLICABLE_GLOBAL_BASELINE,HF9g-P5,,,,X 全窗基线 · 不参与实体赏罚,3929837,393,A168_HF9F_20260827_0900,2026-08-27 09:00:00
2026-07-06,152627758,-1,1,51.0975759310,50.5866001717,50.5866001717,1.0000000,3,3,0.49771390000000000,0.497713900000,1.739988277604938,1.739988277604938,1.739988277604938,0E-17,SENTINEL_DEALER,R03b_20260811_FULL_v1,L1_ELIGIBILITY,v2026-08-11,2026-03-21..2026-08-06,baccarat_bet02_101_all_pairs_incl_sentinel,round_win = game_pnl > 0 (decisive only),COMPATIBILITY_ONLY_NOT_PRODUCTION,141.0293,141.0293,-61.3171,10,10,0.43478261,,0.43478261,0.43478261,61.3171,141.0293,THIN_EXPOSURE,0.0000,-2.4527,4.0000,96.0000,AG03-UNRESOLVED,ALL5_LEVELS_bet23_to_bet27,-2.4527,-2.4527,-2.4527,-3.6790,-3.6790,4.000000,4.000000,4.000000,6.000000,6.000000,96.000000,96.000000,96.000000,94.000000,94.000000,5.0,-14.7161,-13.3823,-46.6010,-47.9348,PENDING_AG03,FALSE,NOT_FOR_ENFORCEMENT,-58.8644,135.3881,-61.3171,-58.8644,-2.4527,-0.43478261,-0.41739130,-2.4527,-58.8644,-0.41739130,-2.4527,-2.4527,-2.4527,-3.6790,-3.6790,-58.8644,-0.41739130,-14.7161,-13.3823,-46.6010,-47.9348,-0.33043478,-0.33989249,-0.01739130,14.1029,14.1029,-6.1317,-61.3171,-8.7596,141.0293,10.0000,,14.1029,10.2195,10.2195,15.3293,25.5488,30.6585,30.6585,10.2195,9.964,3.0,3.0,1.38,7,6,1,2,0E-8,-0.43478261,,0E-8,0.000000,1.000000,0.000000,,2026-07-06,2026-07-06,1,7,7,1,1.000000,,,0.000000,,,,,,,,GLOBAL_BASELINE_NO_ENTITY_RANKING,,,NOT_APPLICABLE_GLOBAL_BASELINE,HF9g-P5,,,,X 全窗基线 · 不参与实体赏罚,3929838,393,A168_HF9F_20260827_0900,2026-08-27 09:00:00
2026-07-06,152627758,1330,0,25.5487879655,-5.1097575931,-5.1097575931,0.5000000,2,2,0.49994810000000000,0.499948100000,0.00014679536856514622,0.00014679536856514622,0.00014679536856514622,0E-17,ELIGIBLE,R03b_20260811_FULL_v1,L1_ELIGIBILITY,v2026-08-11,2026-03-21..2026-08-06,baccarat_bet02_101_all_pairs_incl_sentinel,round_win = game_pnl > 0 (decisive only),COMPATIBILITY_ONLY_NOT_PRODUCTION,141.0293,141.0293,-61.3171,10,10,0.43478261,,0.43478261,0.43478261,61.3171,141.0293,THIN_EXPOSURE,0.0000,-2.4527,4.0000,96.0000,AG03-UNRESOLVED,ALL5_LEVELS_bet23_to_bet27,-2.4527,-2.4527,-2.4527,-3.6790,-3.6790,4.000000,4.000000,4.000000,6.000000,6.000000,96.000000,96.000000,96.000000,94.000000,94.000000,5.0,-14.7161,-13.3823,-46.6010,-47.9348,PENDING_AG03,FALSE,NOT_FOR_ENFORCEMENT,-58.8644,135.3881,-61.3171,-58.8644,-2.4527,-0.43478261,-0.41739130,-2.4527,-58.8644,-0.41739130,-2.4527,-2.4527,-2.4527,-3.6790,-3.6790,-58.8644,-0.41739130,-14.7161,-13.3823,-46.6010,-47.9348,-0.33043478,-0.33989249,-0.01739130,14.1029,14.1029,-6.1317,-61.3171,-8.7596,141.0293,10.0000,,14.1029,10.2195,10.2195,15.3293,25.5488,30.6585,30.6585,10.2195,9.964,3.0,3.0,1.38,7,6,1,2,0E-8,-0.43478261,,0E-8,0.000000,1.000000,0.000000,,2026-07-06,2026-07-06,1,7,7,1,1.000000,,,0.000000,,,,,,,,GLOBAL_BASELINE_NO_ENTITY_RANKING,,,NOT_APPLICABLE_GLOBAL_BASELINE,HF9g-P5,,,,X 全窗基线 · 不参与实体赏罚,3929839,393,A168_HF9F_20260827_0900,2026-08-27 09:00:00
2026-07-06,152627758,1996,0,30.6585455586,9.1975636676,9.1975636676,0.5000000,2,2,0.50665070000000000,0.506650700000,-0.018812684590367487,-0.018812684590367487,-0.018812684590367487,0E-17,ELIGIBLE,R03b_20260811_FULL_v1,L1_ELIGIBILITY,v2026-08-11,2026-03-21..2026-08-06,baccarat_bet02_101_all_pairs_incl_sentinel,round_win = game_pnl > 0 (decisive only),COMPATIBILITY_ONLY_NOT_PRODUCTION,141.0293,141.0293,-61.3171,10,10,0.43478261,,0.43478261,0.43478261,61.3171,141.0293,THIN_EXPOSURE,0.0000,-2.4527,4.0000,96.0000,AG03-UNRESOLVED,ALL5_LEVELS_bet23_to_bet27,-2.4527,-2.4527,-2.4527,-3.6790,-3.6790,4.000000,4.000000,4.000000,6.000000,6.000000,96.000000,96.000000,96.000000,94.000000,94.000000,5.0,-14.7161,-13.3823,-46.6010,-47.9348,PENDING_AG03,FALSE,NOT_FOR_ENFORCEMENT,-58.8644,135.3881,-61.3171,-58.8644,-2.4527,-0.43478261,-0.41739130,-2.4527,-58.8644,-0.41739130,-2.4527,-2.4527,-2.4527,-3.6790,-3.6790,-58.8644,-0.41739130,-14.7161,-13.3823,-46.6010,-47.9348,-0.33043478,-0.33989249,-0.01739130,14.1029,14.1029,-6.1317,-61.3171,-8.7596,141.0293,10.0000,,14.1029,10.2195,10.2195,15.3293,25.5488,30.6585,30.6585,10.2195,9.964,3.0,3.0,1.38,7,6,1,2,0E-8,-0.43478261,,0E-8,0.000000,1.000000,0.000000,,2026-07-06,2026-07-06,1,7,7,1,1.000000,,,0.000000,,,,,,,,GLOBAL_BASELINE_NO_ENTITY_RANKING,,,NOT_APPLICABLE_GLOBAL_BASELINE,HF9g-P5,,,,X 全窗基线 · 不参与实体赏罚,3929840,393,A168_HF9F_20260827_0900,2026-08-27 09:00:00
2026-07-06,152627758,2160,0,10.2195151862,9.7085394269,9.7085394269,1.0000000,1,1,0.50665070000000000,0.506650700000,0.9867858985152569,0.9867858985152569,0.9867858985152569,0E-17,ELIGIBLE,R03b_20260811_FULL_v1,L1_ELIGIBILITY,v2026-08-11,2026-03-21..2026-08-06,baccarat_bet02_101_all_pairs_incl_sentinel,round_win = game_pnl > 0 (decisive only),COMPATIBILITY_ONLY_NOT_PRODUCTION,141.0293,141.0293,-61.3171,10,10,0.43478261,,0.43478261,0.43478261,61.3171,141.0293,THIN_EXPOSURE,0.0000,-2.4527,4.0000,96.0000,AG03-UNRESOLVED,ALL5_LEVELS_bet23_to_bet27,-2.4527,-2.4527,-2.4527,-3.6790,-3.6790,4.000000,4.000000,4.000000,6.000000,6.000000,96.000000,96.000000,96.000000,94.000000,94.000000,5.0,-14.7161,-13.3823,-46.6010,-47.9348,PENDING_AG03,FALSE,NOT_FOR_ENFORCEMENT,-58.8644,135.3881,-61.3171,-58.8644,-2.4527,-0.43478261,-0.41739130,-2.4527,-58.8644,-0.41739130,-2.4527,-2.4527,-2.4527,-3.6790,-3.6790,-58.8644,-0.41739130,-14.7161,-13.3823,-46.6010,-47.9348,-0.33043478,-0.33989249,-0.01739130,14.1029,14.1029,-6.1317,-61.3171,-8.7596,141.0293,10.0000,,14.1029,10.2195,10.2195,15.3293,25.5488,30.6585,30.6585,10.2195,9.964,3.0,3.0,1.38,7,6,1,2,0E-8,-0.43478261,,0E-8,0.000000,1.000000,0.000000,,2026-07-06,2026-07-06,1,7,7,1,1.000000,,,0.000000,,,,,,,,GLOBAL_BASELINE_NO_ENTITY_RANKING,,,NOT_APPLICABLE_GLOBAL_BASELINE,HF9g-P5,,,,X 全窗基线 · 不参与实体赏罚,3929841,393,A168_HF9F_20260827_0900,2026-08-27 09:00:00
2026-07-06,152627758,2287,0,10.2195151862,10.2195151862,10.2195151862,1.0000000,1,1,0.49324550000000000,0.493245500000,1.01360149184955,1.01360149184955,1.01360149184955,0E-17,ELIGIBLE,R03b_20260811_FULL_v1,L1_ELIGIBILITY,v2026-08-11,2026-03-21..2026-08-06,baccarat_bet02_101_all_pairs_incl_sentinel,round_win = game_pnl > 0 (decisive only),COMPATIBILITY_ONLY_NOT_PRODUCTION,141.0293,141.0293,-61.3171,10,10,0.43478261,,0.43478261,0.43478261,61.3171,141.0293,THIN_EXPOSURE,0.0000,-2.4527,4.0000,96.0000,AG03-UNRESOLVED,ALL5_LEVELS_bet23_to_bet27,-2.4527,-2.4527,-2.4527,-3.6790,-3.6790,4.000000,4.000000,4.000000,6.000000,6.000000,96.000000,96.000000,96.000000,94.000000,94.000000,5.0,-14.7161,-13.3823,-46.6010,-47.9348,PENDING_AG03,FALSE,NOT_FOR_ENFORCEMENT,-58.8644,135.3881,-61.3171,-58.8644,-2.4527,-0.43478261,-0.41739130,-2.4527,-58.8644,-0.41739130,-2.4527,-2.4527,-2.4527,-3.6790,-3.6790,-58.8644,-0.41739130,-14.7161,-13.3823,-46.6010,-47.9348,-0.33043478,-0.33989249,-0.01739130,14.1029,14.1029,-6.1317,-61.3171,-8.7596,141.0293,10.0000,,14.1029,10.2195,10.2195,15.3293,25.5488,30.6585,30.6585,10.2195,9.964,3.0,3.0,1.38,7,6,1,2,0E-8,-0.43478261,,0E-8,0.000000,1.000000,0.000000,,2026-07-06,2026-07-06,1,7,7,1,1.000000,,,0.000000,,,,,,,,GLOBAL_BASELINE_NO_ENTITY_RANKING,,,NOT_APPLICABLE_GLOBAL_BASELINE,HF9g-P5,,,,X 全窗基线 · 不参与实体赏罚,3929842,393,A168_HF9F_20260827_0900,2026-08-27 09:00:00
2026-07-06,152627758,970,0,13.2853697421,-13.2853697421,-13.2853697421,0E-7,1,1,0.50665070000000000,0.506650700000,-1.013391052207602,-1.013391052207602,-1.013391052207602,0E-17,ELIGIBLE,R03b_20260811_FULL_v1,L1_ELIGIBILITY,v2026-08-11,2026-03-21..2026-08-06,baccarat_bet02_101_all_pairs_incl_sentinel,round_win = game_pnl > 0 (decisive only),COMPATIBILITY_ONLY_NOT_PRODUCTION,141.0293,141.0293,-61.3171,10,10,0.43478261,,0.43478261,0.43478261,61.3171,141.0293,THIN_EXPOSURE,0.0000,-2.4527,4.0000,96.0000,AG03-UNRESOLVED,ALL5_LEVELS_bet23_to_bet27,-2.4527,-2.4527,-2.4527,-3.6790,-3.6790,4.000000,4.000000,4.000000,6.000000,6.000000,96.000000,96.000000,96.000000,94.000000,94.000000,5.0,-14.7161,-13.3823,-46.6010,-47.9348,PENDING_AG03,FALSE,NOT_FOR_ENFORCEMENT,-58.8644,135.3881,-61.3171,-58.8644,-2.4527,-0.43478261,-0.41739130,-2.4527,-58.8644,-0.41739130,-2.4527,-2.4527,-2.4527,-3.6790,-3.6790,-58.8644,-0.41739130,-14.7161,-13.3823,-46.6010,-47.9348,-0.33043478,-0.33989249,-0.01739130,14.1029,14.1029,-6.1317,-61.3171,-8.7596,141.0293,10.0000,,14.1029,10.2195,10.2195,15.3293,25.5488,30.6585,30.6585,10.2195,9.964,3.0,3.0,1.38,7,6,1,2,0E-8,-0.43478261,,0E-8,0.000000,1.000000,0.000000,,2026-07-06,2026-07-06,1,7,7,1,1.000000,,,0.000000,,,,,,,,GLOBAL_BASELINE_NO_ENTITY_RANKING,,,NOT_APPLICABLE_GLOBAL_BASELINE,HF9g-P5,,,,X 全窗基线 · 不参与实体赏罚,3929843,393,A168_HF9F_20260827_0900,2026-08-27 09:00:00
2026-07-27,124428151,1405,0,20.4390303724,20.4390303724,20.4390303724,1.0000000,1,1,0.49324550000000000,0.493245500000,1.01360149184955,1.01360149184955,1.01360149184955,0E-17,ELIGIBLE,R03b_20260811_FULL_v1,L1_ELIGIBILITY,v2026-08-11,2026-03-21..2026-08-06,baccarat_bet02_101_all_pairs_incl_sentinel,round_win = game_pnl > 0 (decisive only),COMPATIBILITY_ONLY_NOT_PRODUCTION,141.0293,141.0293,-61.3171,4,4,0.43478261,0.43478261,,0.43478261,61.3171,141.0293,THIN_EXPOSURE,0.0000,-2.4527,4.0000,96.0000,AG03-UNRESOLVED,ALL5_LEVELS_bet23_to_bet27,-2.4527,-2.4527,-2.4527,-3.6790,-3.6790,4.000000,4.000000,4.000000,6.000000,6.000000,96.000000,96.000000,96.000000,94.000000,94.000000,5.0,-14.7161,-13.3823,-46.6010,-47.9348,PENDING_AG03,FALSE,NOT_FOR_ENFORCEMENT,-58.8644,135.3881,-61.3171,-58.8644,-2.4527,-0.43478261,-0.41739130,-2.4527,-58.8644,-0.41739130,-2.4527,-2.4527,-2.4527,-3.6790,-3.6790,-58.8644,-0.41739130,-14.7161,-13.3823,-46.6010,-47.9348,-0.33043478,-0.33989249,-0.01739130,35.2573,35.2573,-15.3293,-61.3171,-30.6585,141.0293,4.0000,35.2573,,29.6366,39.8561,40.8781,40.8781,40.8781,40.8781,39.8561,29.6366,1.025641,1.025641,0.884615,2,2,1,2,1.00000000,-0.43478261,-0.43478261,0E-8,0.000000,1.000000,0.000000,,2026-07-27,2026-07-27,1,2,2,1,1.000000,,1.000000,3.333333,,,,,,,,GLOBAL_BASELINE_NO_ENTITY_RANKING,,,NOT_APPLICABLE_GLOBAL_BASELINE,HF9g-P5,,,,X 全窗基线 · 不参与实体赏罚,3929844,393,A168_HF9F_20260827_0900,2026-08-27 09:00:00
2026-07-27,124428151,1490,0,120.5902791972,40.8780607448,40.8780607448,0.6666667,3,3,0.50218230000000000,0.502182300000,0.5697959874915163,0.5697959874915164,0.5697959874915163,0E-17,ELIGIBLE,R03b_20260811_FULL_v1,L1_ELIGIBILITY,v2026-08-11,2026-03-21..2026-08-06,baccarat_bet02_101_all_pairs_incl_sentinel,round_win = game_pnl > 0 (decisive only),COMPATIBILITY_ONLY_NOT_PRODUCTION,141.0293,141.0293,-61.3171,4,4,0.43478261,0.43478261,,0.43478261,61.3171,141.0293,THIN_EXPOSURE,0.0000,-2.4527,4.0000,96.0000,AG03-UNRESOLVED,ALL5_LEVELS_bet23_to_bet27,-2.4527,-2.4527,-2.4527,-3.6790,-3.6790,4.000000,4.000000,4.000000,6.000000,6.000000,96.000000,96.000000,96.000000,94.000000,94.000000,5.0,-14.7161,-13.3823,-46.6010,-47.9348,PENDING_AG03,FALSE,NOT_FOR_ENFORCEMENT,-58.8644,135.3881,-61.3171,-58.8644,-2.4527,-0.43478261,-0.41739130,-2.4527,-58.8644,-0.41739130,-2.4527,-2.4527,-2.4527,-3.6790,-3.6790,-58.8644,-0.41739130,-14.7161,-13.3823,-46.6010,-47.9348,-0.33043478,-0.33989249,-0.01739130,35.2573,35.2573,-15.3293,-61.3171,-30.6585,141.0293,4.0000,35.2573,,29.6366,39.8561,40.8781,40.8781,40.8781,40.8781,39.8561,29.6366,1.025641,1.025641,0.884615,2,2,1,2,1.00000000,-0.43478261,-0.43478261,0E-8,0.000000,1.000000,0.000000,,2026-07-27,2026-07-27,1,2,2,1,1.000000,,1.000000,3.333333,,,,,,,,GLOBAL_BASELINE_NO_ENTITY_RANKING,,,NOT_APPLICABLE_GLOBAL_BASELINE,HF9g-P5,,,,X 全窗基线 · 不参与实体赏罚,3929845,393,A168_HF9F_20260827_0900,2026-08-27 09:00:00
2026-07-13,152931864,1331,0,51.0975759310,40.8780607448,40.8780607448,1.0000000,5,5,0.49324550000000000,0.493245500000,2.0272029836991,2.0272029836991,2.0272029836991,0E-17,ELIGIBLE,R03b_20260811_FULL_v1,L1_ELIGIBILITY,v2026-08-11,2026-03-21..2026-08-06,baccarat_bet02_101_all_pairs_incl_sentinel,round_win = game_pnl > 0 (decisive only),COMPATIBILITY_ONLY_NOT_PRODUCTION,143.0732,122.6342,-61.3171,14,14,0.42857143,0.42857143,,0.42857143,61.3171,143.0732,THIN_EXPOSURE,0.0000,-2.4527,4.0000,96.0000,AG03-UNRESOLVED,ALL5_LEVELS_bet23_to_bet27,-2.4527,-2.4527,-2.4527,-2.4527,-2.4527,4.000000,4.000000,4.000000,4.000000,4.000000,96.000000,96.000000,96.000000,96.000000,96.000000,5.0,-12.2634,-11.3208,-49.0537,-49.9963,PENDING_AG03,FALSE,NOT_FOR_ENFORCEMENT,-58.8644,117.7288,-61.3171,-58.8644,-2.4527,-0.42857143,-0.41142857,-2.4527,-58.8644,-0.41142857,-2.4527,-2.4527,-2.4527,-2.4527,-2.4527,-58.8644,-0.41142857,-12.2634,-11.3208,-49.0537,-49.9963,-0.34285714,-0.34944544,-0.01714286,10.2195,8.7596,-4.3798,-61.3171,-30.6585,143.0732,14.0000,10.2195,,10.2195,10.2195,10.2195,10.2195,10.2195,10.2195,10.2195,10.2195,1.0,1.0,1.0,2,2,1,1,1.00000000,-0.42857143,-0.42857143,0E-8,0.000000,0.857143,0.000000,,2026-07-13,2026-07-13,1,2,2,1,1.000000,,1.000000,3.333333,,,,,,,,GLOBAL_BASELINE_NO_ENTITY_RANKING,,,NOT_APPLICABLE_GLOBAL_BASELINE,HF9g-P5,,,,X 全窗基线 · 不参与实体赏罚,3929846,393,A168_HF9F_20260827_0900,2026-08-27 09:00:00
2026-07-13,152931864,2271,0,91.9756366758,20.4390303724,20.4390303724,0.6250000,9,9,0.49324550000000000,0.493245500000,0.7453840200312067,0.7453840200312067,0.7453840200312067,0E-17,ELIGIBLE,R03b_20260811_FULL_v1,L1_ELIGIBILITY,v2026-08-11,2026-03-21..2026-08-06,baccarat_bet02_101_all_pairs_incl_sentinel,round_win = game_pnl > 0 (decisive only),COMPATIBILITY_ONLY_NOT_PRODUCTION,143.0732,122.6342,-61.3171,14,14,0.42857143,0.42857143,,0.42857143,61.3171,143.0732,THIN_EXPOSURE,0.0000,-2.4527,4.0000,96.0000,AG03-UNRESOLVED,ALL5_LEVELS_bet23_to_bet27,-2.4527,-2.4527,-2.4527,-2.4527,-2.4527,4.000000,4.000000,4.000000,4.000000,4.000000,96.000000,96.000000,96.000000,96.000000,96.000000,5.0,-12.2634,-11.3208,-49.0537,-49.9963,PENDING_AG03,FALSE,NOT_FOR_ENFORCEMENT,-58.8644,117.7288,-61.3171,-58.8644,-2.4527,-0.42857143,-0.41142857,-2.4527,-58.8644,-0.41142857,-2.4527,-2.4527,-2.4527,-2.4527,-2.4527,-58.8644,-0.41142857,-12.2634,-11.3208,-49.0537,-49.9963,-0.34285714,-0.34944544,-0.01714286,10.2195,8.7596,-4.3798,-61.3171,-30.6585,143.0732,14.0000,10.2195,,10.2195,10.2195,10.2195,10.2195,10.2195,10.2195,10.2195,10.2195,1.0,1.0,1.0,2,2,1,1,1.00000000,-0.42857143,-0.42857143,0E-8,0.000000,0.857143,0.000000,,2026-07-13,2026-07-13,1,2,2,1,1.000000,,1.000000,3.333333,,,,,,,,GLOBAL_BASELINE_NO_ENTITY_RANKING,,,NOT_APPLICABLE_GLOBAL_BASELINE,HF9g-P5,,,,X 全窗基线 · 不参与实体赏罚,3929847,393,A168_HF9F_20260827_0900,2026-08-27 09:00:00
2026-07-13,152951368,-1,1,61.3170911172,20.4390303724,20.4390303724,0.6666667,6,6,0.49324550000000000,0.493245500000,0.8496642703256836,0.8496642703256835,0.8496642703256836,0E-17,SENTINEL_DEALER,R03b_20260811_FULL_v1,L1_ELIGIBILITY,v2026-08-11,2026-03-21..2026-08-06,baccarat_bet02_101_all_pairs_incl_sentinel,round_win = game_pnl > 0 (decisive only),COMPATIBILITY_ONLY_NOT_PRODUCTION,163.5122,163.5122,-61.3171,16,16,0.37500000,0.37500000,,0.37500000,61.3171,163.5122,THIN_EXPOSURE,0.0000,-2.4527,4.0000,96.0000,AG03-UNRESOLVED,ALL5_LEVELS_bet23_to_bet27,-2.4527,-2.4527,-2.4527,-2.4527,-2.4527,4.000000,4.000000,4.000000,4.000000,4.000000,96.000000,96.000000,96.000000,96.000000,96.000000,5.0,-12.2634,-11.3208,-49.0537,-49.9963,PENDING_AG03,FALSE,NOT_FOR_ENFORCEMENT,-58.8644,156.9718,-61.3171,-58.8644,-2.4527,-0.37500000,-0.36000000,-2.4527,-58.8644,-0.36000000,-2.4527,-2.4527,-2.4527,-2.4527,-2.4527,-58.8644,-0.36000000,-12.2634,-11.3208,-49.0537,-49.9963,-0.30000000,-0.30576476,-0.01500000,10.2195,10.2195,-3.8323,-61.3171,-7.6646,163.5122,16.0000,10.2195,,10.2195,10.2195,10.2195,10.2195,10.2195,10.2195,10.2195,10.2195,1.0,1.0,1.0,8,5,1,1,1.00000000,-0.37500000,-0.37500000,0E-8,0.000000,1.000000,0.000000,,2026-07-13,2026-07-13,1,8,8,1,1.000000,,1.000000,3.333333,,,,,,,,GLOBAL_BASELINE_NO_ENTITY_RANKING,,,NOT_APPLICABLE_GLOBAL_BASELINE,HF9g-P5,,,,X 全窗基线 · 不参与实体赏罚,3929848,393,A168_HF9F_20260827_0900,2026-08-27 09:00:00
2026-07-13,152951368,1374,0,51.0975759310,30.6585455586,30.6585455586,0.8000000,5,5,0.49324550000000000,0.493245500000,1.3719730223118614,1.3719730223118614,1.3719730223118614,0E-17,ELIGIBLE,R03b_20260811_FULL_v1,L1_ELIGIBILITY,v2026-08-11,2026-03-21..2026-08-06,baccarat_bet02_101_all_pairs_incl_sentinel,round_win = game_pnl > 0 (decisive only),COMPATIBILITY_ONLY_NOT_PRODUCTION,163.5122,163.5122,-61.3171,16,16,0.37500000,0.37500000,,0.37500000,61.3171,163.5122,THIN_EXPOSURE,0.0000,-2.4527,4.0000,96.0000,AG03-UNRESOLVED,ALL5_LEVELS_bet23_to_bet27,-2.4527,-2.4527,-2.4527,-2.4527,-2.4527,4.000000,4.000000,4.000000,4.000000,4.000000,96.000000,96.000000,96.000000,96.000000,96.000000,5.0,-12.2634,-11.3208,-49.0537,-49.9963,PENDING_AG03,FALSE,NOT_FOR_ENFORCEMENT,-58.8644,156.9718,-61.3171,-58.8644,-2.4527,-0.37500000,-0.36000000,-2.4527,-58.8644,-0.36000000,-2.4527,-2.4527,-2.4527,-2.4527,-2.4527,-58.8644,-0.36000000,-12.2634,-11.3208,-49.0537,-49.9963,-0.30000000,-0.30576476,-0.01500000,10.2195,10.2195,-3.8323,-61.3171,-7.6646,163.5122,16.0000,10.2195,,10.2195,10.2195,10.2195,10.2195,10.2195,10.2195,10.2195,10.2195,1.0,1.0,1.0,8,5,1,1,1.00000000,-0.37500000,-0.37500000,0E-8,0.000000,1.000000,0.000000,,2026-07-13,2026-07-13,1,8,8,1,1.000000,,1.000000,3.333333,,,,,,,,GLOBAL_BASELINE_NO_ENTITY_RANKING,,,NOT_APPLICABLE_GLOBAL_BASELINE,HF9g-P5,,,,X 全窗基线 · 不参与实体赏罚,3929849,393,A168_HF9F_20260827_0900,2026-08-27 09:00:00
2026-07-13,152951368,1507,0,20.4390303724,20.4390303724,20.4390303724,1.0000000,2,2,0.49324550000000000,0.493245500000,1.4334489766152358,1.4334489766152358,1.4334489766152358,0E-17,ELIGIBLE,R03b_20260811_FULL_v1,L1_ELIGIBILITY,v2026-08-11,2026-03-21..2026-08-06,baccarat_bet02_101_all_pairs_incl_sentinel,round_win = game_pnl > 0 (decisive only),COMPATIBILITY_ONLY_NOT_PRODUCTION,163.5122,163.5122,-61.3171,16,16,0.37500000,0.37500000,,0.37500000,61.3171,163.5122,THIN_EXPOSURE,0.0000,-2.4527,4.0000,96.0000,AG03-UNRESOLVED,ALL5_LEVELS_bet23_to_bet27,-2.4527,-2.4527,-2.4527,-2.4527,-2.4527,4.000000,4.000000,4.000000,4.000000,4.000000,96.000000,96.000000,96.000000,96.000000,96.000000,5.0,-12.2634,-11.3208,-49.0537,-49.9963,PENDING_AG03,FALSE,NOT_FOR_ENFORCEMENT,-58.8644,156.9718,-61.3171,-58.8644,-2.4527,-0.37500000,-0.36000000,-2.4527,-58.8644,-0.36000000,-2.4527,-2.4527,-2.4527,-2.4527,-2.4527,-58.8644,-0.36000000,-12.2634,-11.3208,-49.0537,-49.9963,-0.30000000,-0.30576476,-0.01500000,10.2195,10.2195,-3.8323,-61.3171,-7.6646,163.5122,16.0000,10.2195,,10.2195,10.2195,10.2195,10.2195,10.2195,10.2195,10.2195,10.2195,1.0,1.0,1.0,8,5,1,1,1.00000000,-0.37500000,-0.37500000,0E-8,0.000000,1.000000,0.000000,,2026-07-13,2026-07-13,1,8,8,1,1.000000,,1.000000,3.333333,,,,,,,,GLOBAL_BASELINE_NO_ENTITY_RANKING,,,NOT_APPLICABLE_GLOBAL_BASELINE,HF9g-P5,,,,X 全窗基线 · 不参与实体赏罚,3929850,393,A168_HF9F_20260827_0900,2026-08-27 09:00:00
2026-07-13,152951368,2223,0,10.2195151862,10.2195151862,10.2195151862,1.0000000,1,1,0.49324550000000000,0.493245500000,1.01360149184955,1.01360149184955,1.01360149184955,0E-17,ELIGIBLE,R03b_20260811_FULL_v1,L1_ELIGIBILITY,v2026-08-11,2026-03-21..2026-08-06,baccarat_bet02_101_all_pairs_incl_sentinel,round_win = game_pnl > 0 (decisive only),COMPATIBILITY_ONLY_NOT_PRODUCTION,163.5122,163.5122,-61.3171,16,16,0.37500000,0.37500000,,0.37500000,61.3171,163.5122,THIN_EXPOSURE,0.0000,-2.4527,4.0000,96.0000,AG03-UNRESOLVED,ALL5_LEVELS_bet23_to_bet27,-2.4527,-2.4527,-2.4527,-2.4527,-2.4527,4.000000,4.000000,4.000000,4.000000,4.000000,96.000000,96.000000,96.000000,96.000000,96.000000,5.0,-12.2634,-11.3208,-49.0537,-49.9963,PENDING_AG03,FALSE,NOT_FOR_ENFORCEMENT,-58.8644,156.9718,-61.3171,-58.8644,-2.4527,-0.37500000,-0.36000000,-2.4527,-58.8644,-0.36000000,-2.4527,-2.4527,-2.4527,-2.4527,-2.4527,-58.8644,-0.36000000,-12.2634,-11.3208,-49.0537,-49.9963,-0.30000000,-0.30576476,-0.01500000,10.2195,10.2195,-3.8323,-61.3171,-7.6646,163.5122,16.0000,10.2195,,10.2195,10.2195,10.2195,10.2195,10.2195,10.2195,10.2195,10.2195,1.0,1.0,1.0,8,5,1,1,1.00000000,-0.37500000,-0.37500000,0E-8,0.000000,1.000000,0.000000,,2026-07-13,2026-07-13,1,8,8,1,1.000000,,1.000000,3.333333,,,,,,,,GLOBAL_BASELINE_NO_ENTITY_RANKING,,,NOT_APPLICABLE_GLOBAL_BASELINE,HF9g-P5,,,,X 全窗基线 · 不参与实体赏罚,3929851,393,A168_HF9F_20260827_0900,2026-08-27 09:00:00
2026-07-13,152951368,2252,0,20.4390303724,-20.4390303724,-20.4390303724,0E-7,2,2,0.49324550000000000,0.493245500000,-1.3952362676504506,-1.3952362676504506,-1.3952362676504506,0E-17,ELIGIBLE,R03b_20260811_FULL_v1,L1_ELIGIBILITY,v2026-08-11,2026-03-21..2026-08-06,baccarat_bet02_101_all_pairs_incl_sentinel,round_win = game_pnl > 0 (decisive only),COMPATIBILITY_ONLY_NOT_PRODUCTION,163.5122,163.5122,-61.3171,16,16,0.37500000,0.37500000,,0.37500000,61.3171,163.5122,THIN_EXPOSURE,0.0000,-2.4527,4.0000,96.0000,AG03-UNRESOLVED,ALL5_LEVELS_bet23_to_bet27,-2.4527,-2.4527,-2.4527,-2.4527,-2.4527,4.000000,4.000000,4.000000,4.000000,4.000000,96.000000,96.000000,96.000000,96.000000,96.000000,5.0,-12.2634,-11.3208,-49.0537,-49.9963,PENDING_AG03,FALSE,NOT_FOR_ENFORCEMENT,-58.8644,156.9718,-61.3171,-58.8644,-2.4527,-0.37500000,-0.36000000,-2.4527,-58.8644,-0.36000000,-2.4527,-2.4527,-2.4527,-2.4527,-2.4527,-58.8644,-0.36000000,-12.2634,-11.3208,-49.0537,-49.9963,-0.30000000,-0.30576476,-0.01500000,10.2195,10.2195,-3.8323,-61.3171,-7.6646,163.5122,16.0000,10.2195,,10.2195,10.2195,10.2195,10.2195,10.2195,10.2195,10.2195,10.2195,1.0,1.0,1.0,8,5,1,1,1.00000000,-0.37500000,-0.37500000,0E-8,0.000000,1.000000,0.000000,,2026-07-13,2026-07-13,1,8,8,1,1.000000,,1.000000,3.333333,,,,,,,,GLOBAL_BASELINE_NO_ENTITY_RANKING,,,NOT_APPLICABLE_GLOBAL_BASELINE,HF9g-P5,,,,X 全窗基线 · 不参与实体赏罚,3929852,393,A168_HF9F_20260827_0900,2026-08-27 09:00:00
2026-07-22,153111772,1399,0,20.4390303724,19.4170788538,19.4170788538,1.0000000,1,1,0.50665070000000000,0.506650700000,0.9867858985152569,0.9867858985152569,0.9867858985152569,0E-17,ELIGIBLE,R03b_20260811_FULL_v1,L1_ELIGIBILITY,v2026-08-11,2026-03-21..2026-08-06,baccarat_bet02_101_all_pairs_incl_sentinel,round_win = game_pnl > 0 (decisive only),COMPATIBILITY_ONLY_NOT_PRODUCTION,165.5561,118.5464,-61.3171,13,13,0.37037037,0.37037037,,0.37037037,61.3171,165.5561,THIN_EXPOSURE,0.0000,-2.4527,4.0000,96.0000,AG03-UNRESOLVED,ALL5_LEVELS_bet23_to_bet27,-2.4527,-2.4527,-2.7593,-2.7593,-2.7593,4.000000,4.000000,4.500000,4.500000,4.500000,96.000000,96.000000,95.500000,95.500000,95.500000,5.0,-13.1832,-12.0979,-48.1339,-49.2192,PENDING_AG03,FALSE,NOT_FOR_ENFORCEMENT,-58.8644,113.8045,-61.3171,-58.8644,-2.4527,-0.37037037,-0.35555556,-2.4527,-58.8644,-0.35555556,-2.4527,-2.4527,-2.7593,-2.7593,-2.7593,-58.8644,-0.35555556,-13.1832,-12.0979,-48.1339,-49.2192,-0.29074074,-0.29729583,-0.01481481,12.7351,9.1190,-4.7167,-61.3171,-15.3293,165.5561,13.0000,12.7351,,3.5768,8.1756,17.3732,28.6146,55.1854,61.3171,4.0878,0.0,6.749997,7.5,1.557692,4,5,1,2,1.00000000,-0.37037037,-0.37037037,0E-8,0.000000,0.716049,0.000000,,2026-07-22,2026-07-22,1,4,4,1,1.000000,,1.000000,3.333333,,,,,,,,GLOBAL_BASELINE_NO_ENTITY_RANKING,,,NOT_APPLICABLE_GLOBAL_BASELINE,HF9g-P5,,,,X 全窗基线 · 不参与实体赏罚,3929853,393,A168_HF9F_20260827_0900,2026-08-27 09:00:00
2026-07-22,153111772,1935,0,8.1756121490,-8.1756121490,-8.1756121490,0E-7,1,1,0.49324550000000000,0.493245500000,-0.9865810262130424,-0.9865810262130424,-0.9865810262130424,0E-17,ELIGIBLE,R03b_20260811_FULL_v1,L1_ELIGIBILITY,v2026-08-11,2026-03-21..2026-08-06,baccarat_bet02_101_all_pairs_incl_sentinel,round_win = game_pnl > 0 (decisive only),COMPATIBILITY_ONLY_NOT_PRODUCTION,165.5561,118.5464,-61.3171,13,13,0.37037037,0.37037037,,0.37037037,61.3171,165.5561,THIN_EXPOSURE,0.0000,-2.4527,4.0000,96.0000,AG03-UNRESOLVED,ALL5_LEVELS_bet23_to_bet27,-2.4527,-2.4527,-2.7593,-2.7593,-2.7593,4.000000,4.000000,4.500000,4.500000,4.500000,96.000000,96.000000,95.500000,95.500000,95.500000,5.0,-13.1832,-12.0979,-48.1339,-49.2192,PENDING_AG03,FALSE,NOT_FOR_ENFORCEMENT,-58.8644,113.8045,-61.3171,-58.8644,-2.4527,-0.37037037,-0.35555556,-2.4527,-58.8644,-0.35555556,-2.4527,-2.4527,-2.7593,-2.7593,-2.7593,-58.8644,-0.35555556,-13.1832,-12.0979,-48.1339,-49.2192,-0.29074074,-0.29729583,-0.01481481,12.7351,9.1190,-4.7167,-61.3171,-15.3293,165.5561,13.0000,12.7351,,3.5768,8.1756,17.3732,28.6146,55.1854,61.3171,4.0878,0.0,6.749997,7.5,1.557692,4,5,1,2,1.00000000,-0.37037037,-0.37037037,0E-8,0.000000,0.716049,0.000000,,2026-07-22,2026-07-22,1,4,4,1,1.000000,,1.000000,3.333333,,,,,,,,GLOBAL_BASELINE_NO_ENTITY_RANKING,,,NOT_APPLICABLE_GLOBAL_BASELINE,HF9g-P5,,,,X 全窗基线 · 不参与实体赏罚,3929854,393,A168_HF9F_20260827_0900,2026-08-27 09:00:00
2026-07-22,153111772,1963,0,51.0975759310,-4.0878060745,-4.0878060745,0.4000000,8,8,0.49994810000000000,0.499948100000,-0.4469814940518811,-0.4469814940518811,-0.4469814940518811,0E-17,ELIGIBLE,R03b_20260811_FULL_v1,L1_ELIGIBILITY,v2026-08-11,2026-03-21..2026-08-06,baccarat_bet02_101_all_pairs_incl_sentinel,round_win = game_pnl > 0 (decisive only),COMPATIBILITY_ONLY_NOT_PRODUCTION,165.5561,118.5464,-61.3171,13,13,0.37037037,0.37037037,,0.37037037,61.3171,165.5561,THIN_EXPOSURE,0.0000,-2.4527,4.0000,96.0000,AG03-UNRESOLVED,ALL5_LEVELS_bet23_to_bet27,-2.4527,-2.4527,-2.7593,-2.7593,-2.7593,4.000000,4.000000,4.500000,4.500000,4.500000,96.000000,96.000000,95.500000,95.500000,95.500000,5.0,-13.1832,-12.0979,-48.1339,-49.2192,PENDING_AG03,FALSE,NOT_FOR_ENFORCEMENT,-58.8644,113.8045,-61.3171,-58.8644,-2.4527,-0.37037037,-0.35555556,-2.4527,-58.8644,-0.35555556,-2.4527,-2.4527,-2.7593,-2.7593,-2.7593,-58.8644,-0.35555556,-13.1832,-12.0979,-48.1339,-49.2192,-0.29074074,-0.29729583,-0.01481481,12.7351,9.1190,-4.7167,-61.3171,-15.3293,165.5561,13.0000,12.7351,,3.5768,8.1756,17.3732,28.6146,55.1854,61.3171,4.0878,0.0,6.749997,7.5,1.557692,4,5,1,2,1.00000000,-0.37037037,-0.37037037,0E-8,0.000000,0.716049,0.000000,,2026-07-22,2026-07-22,1,4,4,1,1.000000,,1.000000,3.333333,,,,,,,,GLOBAL_BASELINE_NO_ENTITY_RANKING,,,NOT_APPLICABLE_GLOBAL_BASELINE,HF9g-P5,,,,X 全窗基线 · 不参与实体赏罚,3929855,393,A168_HF9F_20260827_0900,2026-08-27 09:00:00
2026-07-22,153111772,2188,0,61.3170911172,58.2512365613,58.2512365613,1.0000000,1,1,0.50665070000000000,0.506650700000,0.9867858985152569,0.9867858985152569,0.9867858985152569,0E-17,ELIGIBLE,R03b_20260811_FULL_v1,L1_ELIGIBILITY,v2026-08-11,2026-03-21..2026-08-06,baccarat_bet02_101_all_pairs_incl_sentinel,round_win = game_pnl > 0 (decisive only),COMPATIBILITY_ONLY_NOT_PRODUCTION,165.5561,118.5464,-61.3171,13,13,0.37037037,0.37037037,,0.37037037,61.3171,165.5561,THIN_EXPOSURE,0.0000,-2.4527,4.0000,96.0000,AG03-UNRESOLVED,ALL5_LEVELS_bet23_to_bet27,-2.4527,-2.4527,-2.7593,-2.7593,-2.7593,4.000000,4.000000,4.500000,4.500000,4.500000,96.000000,96.000000,95.500000,95.500000,95.500000,5.0,-13.1832,-12.0979,-48.1339,-49.2192,PENDING_AG03,FALSE,NOT_FOR_ENFORCEMENT,-58.8644,113.8045,-61.3171,-58.8644,-2.4527,-0.37037037,-0.35555556,-2.4527,-58.8644,-0.35555556,-2.4527,-2.4527,-2.7593,-2.7593,-2.7593,-58.8644,-0.35555556,-13.1832,-12.0979,-48.1339,-49.2192,-0.29074074,-0.29729583,-0.01481481,12.7351,9.1190,-4.7167,-61.3171,-15.3293,165.5561,13.0000,12.7351,,3.5768,8.1756,17.3732,28.6146,55.1854,61.3171,4.0878,0.0,6.749997,7.5,1.557692,4,5,1,2,1.00000000,-0.37037037,-0.37037037,0E-8,0.000000,0.716049,0.000000,,2026-07-22,2026-07-22,1,4,4,1,1.000000,,1.000000,3.333333,,,,,,,,GLOBAL_BASELINE_NO_ENTITY_RANKING,,,NOT_APPLICABLE_GLOBAL_BASELINE,HF9g-P5,,,,X 全窗基线 · 不参与实体赏罚,3929856,393,A168_HF9F_20260827_0900,2026-08-27 09:00:00
2026-07-22,153111772,2216,0,24.5268364469,-4.0878060745,-4.0878060745,0E-7,2,2,0.50665070000000000,0.506650700000,-1.013391052207602,-1.013391052207602,-1.013391052207602,0E-17,ELIGIBLE,R03b_20260811_FULL_v1,L1_ELIGIBILITY,v2026-08-11,2026-03-21..2026-08-06,baccarat_bet02_101_all_pairs_incl_sentinel,round_win = game_pnl > 0 (decisive only),COMPATIBILITY_ONLY_NOT_PRODUCTION,165.5561,118.5464,-61.3171,13,13,0.37037037,0.37037037,,0.37037037,61.3171,165.5561,THIN_EXPOSURE,0.0000,-2.4527,4.0000,96.0000,AG03-UNRESOLVED,ALL5_LEVELS_bet23_to_bet27,-2.4527,-2.4527,-2.7593,-2.7593,-2.7593,4.000000,4.000000,4.500000,4.500000,4.500000,96.000000,96.000000,95.500000,95.500000,95.500000,5.0,-13.1832,-12.0979,-48.1339,-49.2192,PENDING_AG03,FALSE,NOT_FOR_ENFORCEMENT,-58.8644,113.8045,-61.3171,-58.8644,-2.4527,-0.37037037,-0.35555556,-2.4527,-58.8644,-0.35555556,-2.4527,-2.4527,-2.7593,-2.7593,-2.7593,-58.8644,-0.35555556,-13.1832,-12.0979,-48.1339,-49.2192,-0.29074074,-0.29729583,-0.01481481,12.7351,9.1190,-4.7167,-61.3171,-15.3293,165.5561,13.0000,12.7351,,3.5768,8.1756,17.3732,28.6146,55.1854,61.3171,4.0878,0.0,6.749997,7.5,1.557692,4,5,1,2,1.00000000,-0.37037037,-0.37037037,0E-8,0.000000,0.716049,0.000000,,2026-07-22,2026-07-22,1,4,4,1,1.000000,,1.000000,3.333333,,,,,,,,GLOBAL_BASELINE_NO_ENTITY_RANKING,,,NOT_APPLICABLE_GLOBAL_BASELINE,HF9g-P5,,,,X 全窗基线 · 不参与实体赏罚,3929857,393,A168_HF9F_20260827_0900,2026-08-27 09:00:00
2026-07-02,152402627,1507,0,20.4390303724,20.4390303724,20.4390303724,1.0000000,1,1,0.49324550000000000,0.493245500000,1.01360149184955,1.01360149184955,1.01360149184955,0E-17,ELIGIBLE,R03b_20260811_FULL_v1,L1_ELIGIBILITY,v2026-08-11,2026-03-21..2026-08-06,baccarat_bet02_101_all_pairs_incl_sentinel,round_win = game_pnl > 0 (decisive only),COMPATIBILITY_ONLY_NOT_PRODUCTION,169.6440,102.1952,-61.3171,8,8,0.36144578,,0.36144578,0.36144578,61.3171,169.6440,THIN_EXPOSURE,0.0000,-2.4527,4.0000,96.0000,AG03-UNRESOLVED,ALL5_LEVELS_bet23_to_bet27,-2.4527,-2.4527,-2.4527,-2.4527,-2.4527,4.000000,4.000000,4.000000,4.000000,4.000000,96.000000,96.000000,96.000000,96.000000,96.000000,5.0,-12.2634,-11.3208,-49.0537,-49.9963,PENDING_AG03,FALSE,NOT_FOR_ENFORCEMENT,-58.8644,98.1073,-61.3171,-58.8644,-2.4527,-0.36144578,-0.34698795,-2.4527,-58.8644,-0.34698795,-2.4527,-2.4527,-2.4527,-2.4527,-2.4527,-58.8644,-0.34698795,-12.2634,-11.3208,-49.0537,-49.9963,-0.28915663,-0.29471302,-0.01445783,21.2055,12.7744,-7.6646,-61.3171,-7.6646,169.6440,8.0000,,21.2055,20.439,20.439,20.439,34.7463,40.8781,40.8781,10.2195,0.0,2.0,2.0,1.0375,7,8,1,1,0E-8,-0.36144578,,0E-8,0.000000,0.602410,0.000000,,2026-07-02,2026-07-02,1,8,7,1,1.000000,,,0.000000,,,,,,,,GLOBAL_BASELINE_NO_ENTITY_RANKING,,,NOT_APPLICABLE_GLOBAL_BASELINE,HF9g-P5,,,,X 全窗基线 · 不参与实体赏罚,3929858,393,A168_HF9F_20260827_0900,2026-08-27 09:00:00
2026-07-02,152402627,1990,0,20.4390303724,0E-10,0E-10,,1,1,0.49324550000000000,0.493245500000,,,,0E-17,NO_DECISIVE_ROUND,R03b_20260811_FULL_v1,L1_ELIGIBILITY,v2026-08-11,2026-03-21..2026-08-06,baccarat_bet02_101_all_pairs_incl_sentinel,round_win = game_pnl > 0 (decisive only),COMPATIBILITY_ONLY_NOT_PRODUCTION,169.6440,102.1952,-61.3171,8,8,0.36144578,,0.36144578,0.36144578,61.3171,169.6440,THIN_EXPOSURE,0.0000,-2.4527,4.0000,96.0000,AG03-UNRESOLVED,ALL5_LEVELS_bet23_to_bet27,-2.4527,-2.4527,-2.4527,-2.4527,-2.4527,4.000000,4.000000,4.000000,4.000000,4.000000,96.000000,96.000000,96.000000,96.000000,96.000000,5.0,-12.2634,-11.3208,-49.0537,-49.9963,PENDING_AG03,FALSE,NOT_FOR_ENFORCEMENT,-58.8644,98.1073,-61.3171,-58.8644,-2.4527,-0.36144578,-0.34698795,-2.4527,-58.8644,-0.34698795,-2.4527,-2.4527,-2.4527,-2.4527,-2.4527,-58.8644,-0.34698795,-12.2634,-11.3208,-49.0537,-49.9963,-0.28915663,-0.29471302,-0.01445783,21.2055,12.7744,-7.6646,-61.3171,-7.6646,169.6440,8.0000,,21.2055,20.439,20.439,20.439,34.7463,40.8781,40.8781,10.2195,0.0,2.0,2.0,1.0375,7,8,1,1,0E-8,-0.36144578,,0E-8,0.000000,0.602410,0.000000,,2026-07-02,2026-07-02,1,8,7,1,1.000000,,,0.000000,,,,,,,,GLOBAL_BASELINE_NO_ENTITY_RANKING,,,NOT_APPLICABLE_GLOBAL_BASELINE,HF9g-P5,,,,X 全窗基线 · 不参与实体赏罚,3929859,393,A168_HF9F_20260827_0900,2026-08-27 09:00:00
2026-07-02,152402627,2106,0,20.4390303724,-20.4390303724,-20.4390303724,0E-7,1,1,0.49324550000000000,0.493245500000,-0.9865810262130424,-0.9865810262130424,-0.9865810262130424,0E-17,ELIGIBLE,R03b_20260811_FULL_v1,L1_ELIGIBILITY,v2026-08-11,2026-03-21..2026-08-06,baccarat_bet02_101_all_pairs_incl_sentinel,round_win = game_pnl > 0 (decisive only),COMPATIBILITY_ONLY_NOT_PRODUCTION,169.6440,102.1952,-61.3171,8,8,0.36144578,,0.36144578,0.36144578,61.3171,169.6440,THIN_EXPOSURE,0.0000,-2.4527,4.0000,96.0000,AG03-UNRESOLVED,ALL5_LEVELS_bet23_to_bet27,-2.4527,-2.4527,-2.4527,-2.4527,-2.4527,4.000000,4.000000,4.000000,4.000000,4.000000,96.000000,96.000000,96.000000,96.000000,96.000000,5.0,-12.2634,-11.3208,-49.0537,-49.9963,PENDING_AG03,FALSE,NOT_FOR_ENFORCEMENT,-58.8644,98.1073,-61.3171,-58.8644,-2.4527,-0.36144578,-0.34698795,-2.4527,-58.8644,-0.34698795,-2.4527,-2.4527,-2.4527,-2.4527,-2.4527,-58.8644,-0.34698795,-12.2634,-11.3208,-49.0537,-49.9963,-0.28915663,-0.29471302,-0.01445783,21.2055,12.7744,-7.6646,-61.3171,-7.6646,169.6440,8.0000,,21.2055,20.439,20.439,20.439,34.7463,40.8781,40.8781,10.2195,0.0,2.0,2.0,1.0375,7,8,1,1,0E-8,-0.36144578,,0E-8,0.000000,0.602410,0.000000,,2026-07-02,2026-07-02,1,8,7,1,1.000000,,,0.000000,,,,,,,,GLOBAL_BASELINE_NO_ENTITY_RANKING,,,NOT_APPLICABLE_GLOBAL_BASELINE,HF9g-P5,,,,X 全窗基线 · 不参与实体赏罚,3929860,393,A168_HF9F_20260827_0900,2026-08-27 09:00:00
2026-07-02,152402627,2155,0,6.1317091117,0E-10,0E-10,,1,1,0.49324550000000000,0.493245500000,,,,0E-17,NO_DECISIVE_ROUND,R03b_20260811_FULL_v1,L1_ELIGIBILITY,v2026-08-11,2026-03-21..2026-08-06,baccarat_bet02_101_all_pairs_incl_sentinel,round_win = game_pnl > 0 (decisive only),COMPATIBILITY_ONLY_NOT_PRODUCTION,169.6440,102.1952,-61.3171,8,8,0.36144578,,0.36144578,0.36144578,61.3171,169.6440,THIN_EXPOSURE,0.0000,-2.4527,4.0000,96.0000,AG03-UNRESOLVED,ALL5_LEVELS_bet23_to_bet27,-2.4527,-2.4527,-2.4527,-2.4527,-2.4527,4.000000,4.000000,4.000000,4.000000,4.000000,96.000000,96.000000,96.000000,96.000000,96.000000,5.0,-12.2634,-11.3208,-49.0537,-49.9963,PENDING_AG03,FALSE,NOT_FOR_ENFORCEMENT,-58.8644,98.1073,-61.3171,-58.8644,-2.4527,-0.36144578,-0.34698795,-2.4527,-58.8644,-0.34698795,-2.4527,-2.4527,-2.4527,-2.4527,-2.4527,-58.8644,-0.34698795,-12.2634,-11.3208,-49.0537,-49.9963,-0.28915663,-0.29471302,-0.01445783,21.2055,12.7744,-7.6646,-61.3171,-7.6646,169.6440,8.0000,,21.2055,20.439,20.439,20.439,34.7463,40.8781,40.8781,10.2195,0.0,2.0,2.0,1.0375,7,8,1,1,0E-8,-0.36144578,,0E-8,0.000000,0.602410,0.000000,,2026-07-02,2026-07-02,1,8,7,1,1.000000,,,0.000000,,,,,,,,GLOBAL_BASELINE_NO_ENTITY_RANKING,,,NOT_APPLICABLE_GLOBAL_BASELINE,HF9g-P5,,,,X 全窗基线 · 不参与实体赏罚,3929861,393,A168_HF9F_20260827_0900,2026-08-27 09:00:00
2026-07-02,152402627,2170,0,20.4390303724,0E-10,0E-10,,1,1,0.49324550000000000,0.493245500000,,,,0E-17,NO_DECISIVE_ROUND,R03b_20260811_FULL_v1,L1_ELIGIBILITY,v2026-08-11,2026-03-21..2026-08-06,baccarat_bet02_101_all_pairs_incl_sentinel,round_win = game_pnl > 0 (decisive only),COMPATIBILITY_ONLY_NOT_PRODUCTION,169.6440,102.1952,-61.3171,8,8,0.36144578,,0.36144578,0.36144578,61.3171,169.6440,THIN_EXPOSURE,0.0000,-2.4527,4.0000,96.0000,AG03-UNRESOLVED,ALL5_LEVELS_bet23_to_bet27,-2.4527,-2.4527,-2.4527,-2.4527,-2.4527,4.000000,4.000000,4.000000,4.000000,4.000000,96.000000,96.000000,96.000000,96.000000,96.000000,5.0,-12.2634,-11.3208,-49.0537,-49.9963,PENDING_AG03,FALSE,NOT_FOR_ENFORCEMENT,-58.8644,98.1073,-61.3171,-58.8644,-2.4527,-0.36144578,-0.34698795,-2.4527,-58.8644,-0.34698795,-2.4527,-2.4527,-2.4527,-2.4527,-2.4527,-58.8644,-0.34698795,-12.2634,-11.3208,-49.0537,-49.9963,-0.28915663,-0.29471302,-0.01445783,21.2055,12.7744,-7.6646,-61.3171,-7.6646,169.6440,8.0000,,21.2055,20.439,20.439,20.439,34.7463,40.8781,40.8781,10.2195,0.0,2.0,2.0,1.0375,7,8,1,1,0E-8,-0.36144578,,0E-8,0.000000,0.602410,0.000000,,2026-07-02,2026-07-02,1,8,7,1,1.000000,,,0.000000,,,,,,,,GLOBAL_BASELINE_NO_ENTITY_RANKING,,,NOT_APPLICABLE_GLOBAL_BASELINE,HF9g-P5,,,,X 全窗基线 · 不参与实体赏罚,3929862,393,A168_HF9F_20260827_0900,2026-08-27 09:00:00
2026-07-02,152402627,2235,0,40.8780607448,40.8780607448,40.8780607448,1.0000000,1,1,0.49324550000000000,0.493245500000,1.01360149184955,1.01360149184955,1.01360149184955,0E-17,ELIGIBLE,R03b_20260811_FULL_v1,L1_ELIGIBILITY,v2026-08-11,2026-03-21..2026-08-06,baccarat_bet02_101_all_pairs_incl_sentinel,round_win = game_pnl > 0 (decisive only),COMPATIBILITY_ONLY_NOT_PRODUCTION,169.6440,102.1952,-61.3171,8,8,0.36144578,,0.36144578,0.36144578,61.3171,169.6440,THIN_EXPOSURE,0.0000,-2.4527,4.0000,96.0000,AG03-UNRESOLVED,ALL5_LEVELS_bet23_to_bet27,-2.4527,-2.4527,-2.4527,-2.4527,-2.4527,4.000000,4.000000,4.000000,4.000000,4.000000,96.000000,96.000000,96.000000,96.000000,96.000000,5.0,-12.2634,-11.3208,-49.0537,-49.9963,PENDING_AG03,FALSE,NOT_FOR_ENFORCEMENT,-58.8644,98.1073,-61.3171,-58.8644,-2.4527,-0.36144578,-0.34698795,-2.4527,-58.8644,-0.34698795,-2.4527,-2.4527,-2.4527,-2.4527,-2.4527,-58.8644,-0.34698795,-12.2634,-11.3208,-49.0537,-49.9963,-0.28915663,-0.29471302,-0.01445783,21.2055,12.7744,-7.6646,-61.3171,-7.6646,169.6440,8.0000,,21.2055,20.439,20.439,20.439,34.7463,40.8781,40.8781,10.2195,0.0,2.0,2.0,1.0375,7,8,1,1,0E-8,-0.36144578,,0E-8,0.000000,0.602410,0.000000,,2026-07-02,2026-07-02,1,8,7,1,1.000000,,,0.000000,,,,,,,,GLOBAL_BASELINE_NO_ENTITY_RANKING,,,NOT_APPLICABLE_GLOBAL_BASELINE,HF9g-P5,,,,X 全窗基线 · 不参与实体赏罚,3929863,393,A168_HF9F_20260827_0900,2026-08-27 09:00:00
2026-07-02,152402627,595,0,20.4390303724,20.4390303724,20.4390303724,1.0000000,1,1,0.49324550000000000,0.493245500000,1.01360149184955,1.01360149184955,1.01360149184955,0E-17,ELIGIBLE,R03b_20260811_FULL_v1,L1_ELIGIBILITY,v2026-08-11,2026-03-21..2026-08-06,baccarat_bet02_101_all_pairs_incl_sentinel,round_win = game_pnl > 0 (decisive only),COMPATIBILITY_ONLY_NOT_PRODUCTION,169.6440,102.1952,-61.3171,8,8,0.36144578,,0.36144578,0.36144578,61.3171,169.6440,THIN_EXPOSURE,0.0000,-2.4527,4.0000,96.0000,AG03-UNRESOLVED,ALL5_LEVELS_bet23_to_bet27,-2.4527,-2.4527,-2.4527,-2.4527,-2.4527,4.000000,4.000000,4.000000,4.000000,4.000000,96.000000,96.000000,96.000000,96.000000,96.000000,5.0,-12.2634,-11.3208,-49.0537,-49.9963,PENDING_AG03,FALSE,NOT_FOR_ENFORCEMENT,-58.8644,98.1073,-61.3171,-58.8644,-2.4527,-0.36144578,-0.34698795,-2.4527,-58.8644,-0.34698795,-2.4527,-2.4527,-2.4527,-2.4527,-2.4527,-58.8644,-0.34698795,-12.2634,-11.3208,-49.0537,-49.9963,-0.28915663,-0.29471302,-0.01445783,21.2055,12.7744,-7.6646,-61.3171,-7.6646,169.6440,8.0000,,21.2055,20.439,20.439,20.439,34.7463,40.8781,40.8781,10.2195,0.0,2.0,2.0,1.0375,7,8,1,1,0E-8,-0.36144578,,0E-8,0.000000,0.602410,0.000000,,2026-07-02,2026-07-02,1,8,7,1,1.000000,,,0.000000,,,,,,,,GLOBAL_BASELINE_NO_ENTITY_RANKING,,,NOT_APPLICABLE_GLOBAL_BASELINE,HF9g-P5,,,,X 全窗基线 · 不参与实体赏罚,3929864,393,A168_HF9F_20260827_0900,2026-08-27 09:00:00
2026-07-02,152402627,986,0,20.4390303724,0E-10,0E-10,,1,1,0.49324550000000000,0.493245500000,,,,0E-17,NO_DECISIVE_ROUND,R03b_20260811_FULL_v1,L1_ELIGIBILITY,v2026-08-11,2026-03-21..2026-08-06,baccarat_bet02_101_all_pairs_incl_sentinel,round_win = game_pnl > 0 (decisive only),COMPATIBILITY_ONLY_NOT_PRODUCTION,169.6440,102.1952,-61.3171,8,8,0.36144578,,0.36144578,0.36144578,61.3171,169.6440,THIN_EXPOSURE,0.0000,-2.4527,4.0000,96.0000,AG03-UNRESOLVED,ALL5_LEVELS_bet23_to_bet27,-2.4527,-2.4527,-2.4527,-2.4527,-2.4527,4.000000,4.000000,4.000000,4.000000,4.000000,96.000000,96.000000,96.000000,96.000000,96.000000,5.0,-12.2634,-11.3208,-49.0537,-49.9963,PENDING_AG03,FALSE,NOT_FOR_ENFORCEMENT,-58.8644,98.1073,-61.3171,-58.8644,-2.4527,-0.36144578,-0.34698795,-2.4527,-58.8644,-0.34698795,-2.4527,-2.4527,-2.4527,-2.4527,-2.4527,-58.8644,-0.34698795,-12.2634,-11.3208,-49.0537,-49.9963,-0.28915663,-0.29471302,-0.01445783,21.2055,12.7744,-7.6646,-61.3171,-7.6646,169.6440,8.0000,,21.2055,20.439,20.439,20.439,34.7463,40.8781,40.8781,10.2195,0.0,2.0,2.0,1.0375,7,8,1,1,0E-8,-0.36144578,,0E-8,0.000000,0.602410,0.000000,,2026-07-02,2026-07-02,1,8,7,1,1.000000,,,0.000000,,,,,,,,GLOBAL_BASELINE_NO_ENTITY_RANKING,,,NOT_APPLICABLE_GLOBAL_BASELINE,HF9g-P5,,,,X 全窗基线 · 不参与实体赏罚,3929865,393,A168_HF9F_20260827_0900,2026-08-27 09:00:00
2026-07-03,152502505,1353,0,29.6365940400,29.6365940400,29.6365940400,1.0000000,4,4,0.49324550000000000,0.493245500000,2.0272029836991,2.0272029836991,2.0272029836991,0E-17,ELIGIBLE,R03b_20260811_FULL_v1,L1_ELIGIBILITY,v2026-08-11,2026-03-21..2026-08-06,baccarat_bet02_101_all_pairs_incl_sentinel,round_win = game_pnl > 0 (decisive only),COMPATIBILITY_ONLY_NOT_PRODUCTION,198.8718,198.8718,-61.3171,21,21,0.30832477,,0.30832477,0.30832477,61.3171,198.8718,THIN_EXPOSURE,0.0000,-2.4527,4.0000,96.0000,AG03-UNRESOLVED,ALL5_LEVELS_bet23_to_bet27,-2.4527,-2.4527,-2.4527,-2.4527,-2.4527,4.000000,4.000000,4.000000,4.000000,4.000000,96.000000,96.000000,96.000000,96.000000,96.000000,5.0,-12.2634,-11.3208,-49.0537,-49.9963,PENDING_AG03,FALSE,NOT_FOR_ENFORCEMENT,-58.8644,190.9169,-61.3171,-58.8644,-2.4527,-0.30832477,-0.29599178,-2.4527,-58.8644,-0.29599178,-2.4527,-2.4527,-2.4527,-2.4527,-2.4527,-58.8644,-0.29599178,-12.2634,-11.3208,-49.0537,-49.9963,-0.24665982,-0.2513996,-0.01233299,9.4701,9.4701,-2.9199,-61.3171,-15.3293,198.8718,21.0000,,9.4701,7.2559,9.8107,10.2706,13.081,15.2271,16.3512,9.8107,6.9493,1.552083,1.666667,0.965278,4,6,1,2,0E-8,-0.30832477,,0E-8,0.000000,1.000000,0.000000,,2026-07-03,2026-07-03,1,4,4,1,1.000000,,,0.000000,,,,,,,,GLOBAL_BASELINE_NO_ENTITY_RANKING,,,NOT_APPLICABLE_GLOBAL_BASELINE,HF9g-P5,,,,X 全窗基线 · 不参与实体赏罚,3929866,393,A168_HF9F_20260827_0900,2026-08-27 09:00:00
2026-07-03,152502505,1710,0,62.5434329395,-10.2195151862,-10.2195151862,0.4000000,5,5,0.50396966000000000,0.503969660000,-0.4649811094771361,-0.4649811094771361,-0.4649811094771361,0E-17,ELIGIBLE,R03b_20260811_FULL_v1,L1_ELIGIBILITY,v2026-08-11,2026-03-21..2026-08-06,baccarat_bet02_101_all_pairs_incl_sentinel,round_win = game_pnl > 0 (decisive only),COMPATIBILITY_ONLY_NOT_PRODUCTION,198.8718,198.8718,-61.3171,21,21,0.30832477,,0.30832477,0.30832477,61.3171,198.8718,THIN_EXPOSURE,0.0000,-2.4527,4.0000,96.0000,AG03-UNRESOLVED,ALL5_LEVELS_bet23_to_bet27,-2.4527,-2.4527,-2.4527,-2.4527,-2.4527,4.000000,4.000000,4.000000,4.000000,4.000000,96.000000,96.000000,96.000000,96.000000,96.000000,5.0,-12.2634,-11.3208,-49.0537,-49.9963,PENDING_AG03,FALSE,NOT_FOR_ENFORCEMENT,-58.8644,190.9169,-61.3171,-58.8644,-2.4527,-0.30832477,-0.29599178,-2.4527,-58.8644,-0.29599178,-2.4527,-2.4527,-2.4527,-2.4527,-2.4527,-58.8644,-0.29599178,-12.2634,-11.3208,-49.0537,-49.9963,-0.24665982,-0.2513996,-0.01233299,9.4701,9.4701,-2.9199,-61.3171,-15.3293,198.8718,21.0000,,9.4701,7.2559,9.8107,10.2706,13.081,15.2271,16.3512,9.8107,6.9493,1.552083,1.666667,0.965278,4,6,1,2,0E-8,-0.30832477,,0E-8,0.000000,1.000000,0.000000,,2026-07-03,2026-07-03,1,4,4,1,1.000000,,,0.000000,,,,,,,,GLOBAL_BASELINE_NO_ENTITY_RANKING,,,NOT_APPLICABLE_GLOBAL_BASELINE,HF9g-P5,,,,X 全窗基线 · 不参与实体赏罚,3929867,393,A168_HF9F_20260827_0900,2026-08-27 09:00:00
2026-07-03,152502505,2123,0,10.2195151862,10.2195151862,10.2195151862,1.0000000,1,1,0.49324550000000000,0.493245500000,1.01360149184955,1.01360149184955,1.01360149184955,0E-17,ELIGIBLE,R03b_20260811_FULL_v1,L1_ELIGIBILITY,v2026-08-11,2026-03-21..2026-08-06,baccarat_bet02_101_all_pairs_incl_sentinel,round_win = game_pnl > 0 (decisive only),COMPATIBILITY_ONLY_NOT_PRODUCTION,198.8718,198.8718,-61.3171,21,21,0.30832477,,0.30832477,0.30832477,61.3171,198.8718,THIN_EXPOSURE,0.0000,-2.4527,4.0000,96.0000,AG03-UNRESOLVED,ALL5_LEVELS_bet23_to_bet27,-2.4527,-2.4527,-2.4527,-2.4527,-2.4527,4.000000,4.000000,4.000000,4.000000,4.000000,96.000000,96.000000,96.000000,96.000000,96.000000,5.0,-12.2634,-11.3208,-49.0537,-49.9963,PENDING_AG03,FALSE,NOT_FOR_ENFORCEMENT,-58.8644,190.9169,-61.3171,-58.8644,-2.4527,-0.30832477,-0.29599178,-2.4527,-58.8644,-0.29599178,-2.4527,-2.4527,-2.4527,-2.4527,-2.4527,-58.8644,-0.29599178,-12.2634,-11.3208,-49.0537,-49.9963,-0.24665982,-0.2513996,-0.01233299,9.4701,9.4701,-2.9199,-61.3171,-15.3293,198.8718,21.0000,,9.4701,7.2559,9.8107,10.2706,13.081,15.2271,16.3512,9.8107,6.9493,1.552083,1.666667,0.965278,4,6,1,2,0E-8,-0.30832477,,0E-8,0.000000,1.000000,0.000000,,2026-07-03,2026-07-03,1,4,4,1,1.000000,,,0.000000,,,,,,,,GLOBAL_BASELINE_NO_ENTITY_RANKING,,,NOT_APPLICABLE_GLOBAL_BASELINE,HF9g-P5,,,,X 全窗基线 · 不参与实体赏罚,3929868,393,A168_HF9F_20260827_0900,2026-08-27 09:00:00
2026-07-03,152502505,2134,0,58.4556268651,49.2580631976,49.2580631976,0.8571429,7,7,0.49516052857142857,0.495160528571,1.915520167719399,1.9155201677216824,1.915520167719399,4.2857E-13,ELIGIBLE,R03b_20260811_FULL_v1,L1_ELIGIBILITY,v2026-08-11,2026-03-21..2026-08-06,baccarat_bet02_101_all_pairs_incl_sentinel,round_win = game_pnl > 0 (decisive only),COMPATIBILITY_ONLY_NOT_PRODUCTION,198.8718,198.8718,-61.3171,21,21,0.30832477,,0.30832477,0.30832477,61.3171,198.8718,THIN_EXPOSURE,0.0000,-2.4527,4.0000,96.0000,AG03-UNRESOLVED,ALL5_LEVELS_bet23_to_bet27,-2.4527,-2.4527,-2.4527,-2.4527,-2.4527,4.000000,4.000000,4.000000,4.000000,4.000000,96.000000,96.000000,96.000000,96.000000,96.000000,5.0,-12.2634,-11.3208,-49.0537,-49.9963,PENDING_AG03,FALSE,NOT_FOR_ENFORCEMENT,-58.8644,190.9169,-61.3171,-58.8644,-2.4527,-0.30832477,-0.29599178,-2.4527,-58.8644,-0.29599178,-2.4527,-2.4527,-2.4527,-2.4527,-2.4527,-58.8644,-0.29599178,-12.2634,-11.3208,-49.0537,-49.9963,-0.24665982,-0.2513996,-0.01233299,9.4701,9.4701,-2.9199,-61.3171,-15.3293,198.8718,21.0000,,9.4701,7.2559,9.8107,10.2706,13.081,15.2271,16.3512,9.8107,6.9493,1.552083,1.666667,0.965278,4,6,1,2,0E-8,-0.30832477,,0E-8,0.000000,1.000000,0.000000,,2026-07-03,2026-07-03,1,4,4,1,1.000000,,,0.000000,,,,,,,,GLOBAL_BASELINE_NO_ENTITY_RANKING,,,NOT_APPLICABLE_GLOBAL_BASELINE,HF9g-P5,,,,X 全窗基线 · 不参与实体赏罚,3929869,393,A168_HF9F_20260827_0900,2026-08-27 09:00:00
2026-07-03,152502505,2220,0,18.3951273352,2.0439030372,2.0439030372,0.5000000,2,2,0.49994810000000000,0.499948100000,0.00014679536856514622,0.00014679536856514622,0.00014679536856514622,0E-17,ELIGIBLE,R03b_20260811_FULL_v1,L1_ELIGIBILITY,v2026-08-11,2026-03-21..2026-08-06,baccarat_bet02_101_all_pairs_incl_sentinel,round_win = game_pnl > 0 (decisive only),COMPATIBILITY_ONLY_NOT_PRODUCTION,198.8718,198.8718,-61.3171,21,21,0.30832477,,0.30832477,0.30832477,61.3171,198.8718,THIN_EXPOSURE,0.0000,-2.4527,4.0000,96.0000,AG03-UNRESOLVED,ALL5_LEVELS_bet23_to_bet27,-2.4527,-2.4527,-2.4527,-2.4527,-2.4527,4.000000,4.000000,4.000000,4.000000,4.000000,96.000000,96.000000,96.000000,96.000000,96.000000,5.0,-12.2634,-11.3208,-49.0537,-49.9963,PENDING_AG03,FALSE,NOT_FOR_ENFORCEMENT,-58.8644,190.9169,-61.3171,-58.8644,-2.4527,-0.30832477,-0.29599178,-2.4527,-58.8644,-0.29599178,-2.4527,-2.4527,-2.4527,-2.4527,-2.4527,-58.8644,-0.29599178,-12.2634,-11.3208,-49.0537,-49.9963,-0.24665982,-0.2513996,-0.01233299,9.4701,9.4701,-2.9199,-61.3171,-15.3293,198.8718,21.0000,,9.4701,7.2559,9.8107,10.2706,13.081,15.2271,16.3512,9.8107,6.9493,1.552083,1.666667,0.965278,4,6,1,2,0E-8,-0.30832477,,0E-8,0.000000,1.000000,0.000000,,2026-07-03,2026-07-03,1,4,4,1,1.000000,,,0.000000,,,,,,,,GLOBAL_BASELINE_NO_ENTITY_RANKING,,,NOT_APPLICABLE_GLOBAL_BASELINE,HF9g-P5,,,,X 全窗基线 · 不参与实体赏罚,3929870,393,A168_HF9F_20260827_0900,2026-08-27 09:00:00
2026-07-03,152502505,2271,0,19.6214691575,-19.6214691575,-19.6214691575,0E-7,2,2,0.49324550000000000,0.493245500000,-1.3952362676504506,-1.3952362676504506,-1.3952362676504506,0E-17,ELIGIBLE,R03b_20260811_FULL_v1,L1_ELIGIBILITY,v2026-08-11,2026-03-21..2026-08-06,baccarat_bet02_101_all_pairs_incl_sentinel,round_win = game_pnl > 0 (decisive only),COMPATIBILITY_ONLY_NOT_PRODUCTION,198.8718,198.8718,-61.3171,21,21,0.30832477,,0.30832477,0.30832477,61.3171,198.8718,THIN_EXPOSURE,0.0000,-2.4527,4.0000,96.0000,AG03-UNRESOLVED,ALL5_LEVELS_bet23_to_bet27,-2.4527,-2.4527,-2.4527,-2.4527,-2.4527,4.000000,4.000000,4.000000,4.000000,4.000000,96.000000,96.000000,96.000000,96.000000,96.000000,5.0,-12.2634,-11.3208,-49.0537,-49.9963,PENDING_AG03,FALSE,NOT_FOR_ENFORCEMENT,-58.8644,190.9169,-61.3171,-58.8644,-2.4527,-0.30832477,-0.29599178,-2.4527,-58.8644,-0.29599178,-2.4527,-2.4527,-2.4527,-2.4527,-2.4527,-58.8644,-0.29599178,-12.2634,-11.3208,-49.0537,-49.9963,-0.24665982,-0.2513996,-0.01233299,9.4701,9.4701,-2.9199,-61.3171,-15.3293,198.8718,21.0000,,9.4701,7.2559,9.8107,10.2706,13.081,15.2271,16.3512,9.8107,6.9493,1.552083,1.666667,0.965278,4,6,1,2,0E-8,-0.30832477,,0E-8,0.000000,1.000000,0.000000,,2026-07-03,2026-07-03,1,4,4,1,1.000000,,,0.000000,,,,,,,,GLOBAL_BASELINE_NO_ENTITY_RANKING,,,NOT_APPLICABLE_GLOBAL_BASELINE,HF9g-P5,,,,X 全窗基线 · 不参与实体赏罚,3929871,393,A168_HF9F_20260827_0900,2026-08-27 09:00:00
2026-07-14,152982511,-1,1,61.3170911172,20.4390303724,20.4390303724,0.6666667,6,6,0.49324550000000000,0.493245500000,0.8496642703256836,0.8496642703256835,0.8496642703256836,0E-17,SENTINEL_DEALER,R03b_20260811_FULL_v1,L1_ELIGIBILITY,v2026-08-11,2026-03-21..2026-08-06,baccarat_bet02_101_all_pairs_incl_sentinel,round_win = game_pnl > 0 (decisive only),COMPATIBILITY_ONLY_NOT_PRODUCTION,235.0488,214.6098,-61.3171,24,24,0.26086957,0.26086957,,0.26086957,61.3171,235.0488,THIN_EXPOSURE,0.0000,-2.4527,4.0000,96.0000,AG03-UNRESOLVED,ALL5_LEVELS_bet23_to_bet27,-2.4527,-2.4527,-2.4527,-2.4527,-2.4527,4.000000,4.000000,4.000000,4.000000,4.000000,96.000000,96.000000,96.000000,96.000000,96.000000,5.0,-12.2634,-11.3208,-49.0537,-49.9963,PENDING_AG03,FALSE,NOT_FOR_ENFORCEMENT,-58.8644,206.0254,-61.3171,-58.8644,-2.4527,-0.26086957,-0.25043478,-2.4527,-58.8644,-0.25043478,-2.4527,-2.4527,-2.4527,-2.4527,-2.4527,-58.8644,-0.25043478,-12.2634,-11.3208,-49.0537,-49.9963,-0.20869565,-0.21270592,-0.01043478,9.7937,8.9421,-2.5549,-61.3171,-3.8323,235.0488,24.0000,9.7937,,10.2195,10.2195,10.2195,10.2195,10.2195,10.2195,10.2195,10.2195,1.0,1.0,0.958333,14,12,1,1,1.00000000,-0.26086957,-0.26086957,0E-8,0.000000,0.913043,0.000000,,2026-07-14,2026-07-14,1,16,14,1,1.000000,,1.000000,3.333333,,,,,,,,GLOBAL_BASELINE_NO_ENTITY_RANKING,,,NOT_APPLICABLE_GLOBAL_BASELINE,HF9g-P5,,,,X 全窗基线 · 不参与实体赏罚,3929872,393,A168_HF9F_20260827_0900,2026-08-27 09:00:00
2026-07-14,152982511,1094,0,20.4390303724,-20.4390303724,-20.4390303724,0E-7,2,2,0.49324550000000000,0.493245500000,-1.3952362676504506,-1.3952362676504506,-1.3952362676504506,0E-17,ELIGIBLE,R03b_20260811_FULL_v1,L1_ELIGIBILITY,v2026-08-11,2026-03-21..2026-08-06,baccarat_bet02_101_all_pairs_incl_sentinel,round_win = game_pnl > 0 (decisive only),COMPATIBILITY_ONLY_NOT_PRODUCTION,235.0488,214.6098,-61.3171,24,24,0.26086957,0.26086957,,0.26086957,61.3171,235.0488,THIN_EXPOSURE,0.0000,-2.4527,4.0000,96.0000,AG03-UNRESOLVED,ALL5_LEVELS_bet23_to_bet27,-2.4527,-2.4527,-2.4527,-2.4527,-2.4527,4.000000,4.000000,4.000000,4.000000,4.000000,96.000000,96.000000,96.000000,96.000000,96.000000,5.0,-12.2634,-11.3208,-49.0537,-49.9963,PENDING_AG03,FALSE,NOT_FOR_ENFORCEMENT,-58.8644,206.0254,-61.3171,-58.8644,-2.4527,-0.26086957,-0.25043478,-2.4527,-58.8644,-0.25043478,-2.4527,-2.4527,-2.4527,-2.4527,-2.4527,-58.8644,-0.25043478,-12.2634,-11.3208,-49.0537,-49.9963,-0.20869565,-0.21270592,-0.01043478,9.7937,8.9421,-2.5549,-61.3171,-3.8323,235.0488,24.0000,9.7937,,10.2195,10.2195,10.2195,10.2195,10.2195,10.2195,10.2195,10.2195,1.0,1.0,0.958333,14,12,1,1,1.00000000,-0.26086957,-0.26086957,0E-8,0.000000,0.913043,0.000000,,2026-07-14,2026-07-14,1,16,14,1,1.000000,,1.000000,3.333333,,,,,,,,GLOBAL_BASELINE_NO_ENTITY_RANKING,,,NOT_APPLICABLE_GLOBAL_BASELINE,HF9g-P5,,,,X 全窗基线 · 不参与实体赏罚,3929873,393,A168_HF9F_20260827_0900,2026-08-27 09:00:00
2026-07-14,152982511,1299,0,10.2195151862,-10.2195151862,-10.2195151862,0E-7,1,1,0.49324550000000000,0.493245500000,-0.9865810262130424,-0.9865810262130424,-0.9865810262130424,0E-17,ELIGIBLE,R03b_20260811_FULL_v1,L1_ELIGIBILITY,v2026-08-11,2026-03-21..2026-08-06,baccarat_bet02_101_all_pairs_incl_sentinel,round_win = game_pnl > 0 (decisive only),COMPATIBILITY_ONLY_NOT_PRODUCTION,235.0488,214.6098,-61.3171,24,24,0.26086957,0.26086957,,0.26086957,61.3171,235.0488,THIN_EXPOSURE,0.0000,-2.4527,4.0000,96.0000,AG03-UNRESOLVED,ALL5_LEVELS_bet23_to_bet27,-2.4527,-2.4527,-2.4527,-2.4527,-2.4527,4.000000,4.000000,4.000000,4.000000,4.000000,96.000000,96.000000,96.000000,96.000000,96.000000,5.0,-12.2634,-11.3208,-49.0537,-49.9963,PENDING_AG03,FALSE,NOT_FOR_ENFORCEMENT,-58.8644,206.0254,-61.3171,-58.8644,-2.4527,-0.26086957,-0.25043478,-2.4527,-58.8644,-0.25043478,-2.4527,-2.4527,-2.4527,-2.4527,-2.4527,-58.8644,-0.25043478,-12.2634,-11.3208,-49.0537,-49.9963,-0.20869565,-0.21270592,-0.01043478,9.7937,8.9421,-2.5549,-61.3171,-3.8323,235.0488,24.0000,9.7937,,10.2195,10.2195,10.2195,10.2195,10.2195,10.2195,10.2195,10.2195,1.0,1.0,0.958333,14,12,1,1,1.00000000,-0.26086957,-0.26086957,0E-8,0.000000,0.913043,0.000000,,2026-07-14,2026-07-14,1,16,14,1,1.000000,,1.000000,3.333333,,,,,,,,GLOBAL_BASELINE_NO_ENTITY_RANKING,,,NOT_APPLICABLE_GLOBAL_BASELINE,HF9g-P5,,,,X 全窗基线 · 不参与实体赏罚,3929874,393,A168_HF9F_20260827_0900,2026-08-27 09:00:00
2026-07-14,152982511,1306,0,10.2195151862,10.2195151862,10.2195151862,1.0000000,1,1,0.49324550000000000,0.493245500000,1.01360149184955,1.01360149184955,1.01360149184955,0E-17,ELIGIBLE,R03b_20260811_FULL_v1,L1_ELIGIBILITY,v2026-08-11,2026-03-21..2026-08-06,baccarat_bet02_101_all_pairs_incl_sentinel,round_win = game_pnl > 0 (decisive only),COMPATIBILITY_ONLY_NOT_PRODUCTION,235.0488,214.6098,-61.3171,24,24,0.26086957,0.26086957,,0.26086957,61.3171,235.0488,THIN_EXPOSURE,0.0000,-2.4527,4.0000,96.0000,AG03-UNRESOLVED,ALL5_LEVELS_bet23_to_bet27,-2.4527,-2.4527,-2.4527,-2.4527,-2.4527,4.000000,4.000000,4.000000,4.000000,4.000000,96.000000,96.000000,96.000000,96.000000,96.000000,5.0,-12.2634,-11.3208,-49.0537,-49.9963,PENDING_AG03,FALSE,NOT_FOR_ENFORCEMENT,-58.8644,206.0254,-61.3171,-58.8644,-2.4527,-0.26086957,-0.25043478,-2.4527,-58.8644,-0.25043478,-2.4527,-2.4527,-2.4527,-2.4527,-2.4527,-58.8644,-0.25043478,-12.2634,-11.3208,-49.0537,-49.9963,-0.20869565,-0.21270592,-0.01043478,9.7937,8.9421,-2.5549,-61.3171,-3.8323,235.0488,24.0000,9.7937,,10.2195,10.2195,10.2195,10.2195,10.2195,10.2195,10.2195,10.2195,1.0,1.0,0.958333,14,12,1,1,1.00000000,-0.26086957,-0.26086957,0E-8,0.000000,0.913043,0.000000,,2026-07-14,2026-07-14,1,16,14,1,1.000000,,1.000000,3.333333,,,,,,,,GLOBAL_BASELINE_NO_ENTITY_RANKING,,,NOT_APPLICABLE_GLOBAL_BASELINE,HF9g-P5,,,,X 全窗基线 · 不参与实体赏罚,3929875,393,A168_HF9F_20260827_0900,2026-08-27 09:00:00
2026-07-14,152982511,1374,0,51.0975759310,0E-10,0E-10,0.5000000,6,6,0.49324550000000000,0.493245500000,0.027020465636507562,0.027020465636507562,0.027020465636507562,0E-17,ELIGIBLE,R03b_20260811_FULL_v1,L1_ELIGIBILITY,v2026-08-11,2026-03-21..2026-08-06,baccarat_bet02_101_all_pairs_incl_sentinel,round_win = game_pnl > 0 (decisive only),COMPATIBILITY_ONLY_NOT_PRODUCTION,235.0488,214.6098,-61.3171,24,24,0.26086957,0.26086957,,0.26086957,61.3171,235.0488,THIN_EXPOSURE,0.0000,-2.4527,4.0000,96.0000,AG03-UNRESOLVED,ALL5_LEVELS_bet23_to_bet27,-2.4527,-2.4527,-2.4527,-2.4527,-2.4527,4.000000,4.000000,4.000000,4.000000,4.000000,96.000000,96.000000,96.000000,96.000000,96.000000,5.0,-12.2634,-11.3208,-49.0537,-49.9963,PENDING_AG03,FALSE,NOT_FOR_ENFORCEMENT,-58.8644,206.0254,-61.3171,-58.8644,-2.4527,-0.26086957,-0.25043478,-2.4527,-58.8644,-0.25043478,-2.4527,-2.4527,-2.4527,-2.4527,-2.4527,-58.8644,-0.25043478,-12.2634,-11.3208,-49.0537,-49.9963,-0.20869565,-0.21270592,-0.01043478,9.7937,8.9421,-2.5549,-61.3171,-3.8323,235.0488,24.0000,9.7937,,10.2195,10.2195,10.2195,10.2195,10.2195,10.2195,10.2195,10.2195,1.0,1.0,0.958333,14,12,1,1,1.00000000,-0.26086957,-0.26086957,0E-8,0.000000,0.913043,0.000000,,2026-07-14,2026-07-14,1,16,14,1,1.000000,,1.000000,3.333333,,,,,,,,GLOBAL_BASELINE_NO_ENTITY_RANKING,,,NOT_APPLICABLE_GLOBAL_BASELINE,HF9g-P5,,,,X 全窗基线 · 不参与实体赏罚,3929876,393,A168_HF9F_20260827_0900,2026-08-27 09:00:00
2026-07-14,152982511,1940,0,10.2195151862,10.2195151862,10.2195151862,1.0000000,1,1,0.49324550000000000,0.493245500000,1.01360149184955,1.01360149184955,1.01360149184955,0E-17,ELIGIBLE,R03b_20260811_FULL_v1,L1_ELIGIBILITY,v2026-08-11,2026-03-21..2026-08-06,baccarat_bet02_101_all_pairs_incl_sentinel,round_win = game_pnl > 0 (decisive only),COMPATIBILITY_ONLY_NOT_PRODUCTION,235.0488,214.6098,-61.3171,24,24,0.26086957,0.26086957,,0.26086957,61.3171,235.0488,THIN_EXPOSURE,0.0000,-2.4527,4.0000,96.0000,AG03-UNRESOLVED,ALL5_LEVELS_bet23_to_bet27,-2.4527,-2.4527,-2.4527,-2.4527,-2.4527,4.000000,4.000000,4.000000,4.000000,4.000000,96.000000,96.000000,96.000000,96.000000,96.000000,5.0,-12.2634,-11.3208,-49.0537,-49.9963,PENDING_AG03,FALSE,NOT_FOR_ENFORCEMENT,-58.8644,206.0254,-61.3171,-58.8644,-2.4527,-0.26086957,-0.25043478,-2.4527,-58.8644,-0.25043478,-2.4527,-2.4527,-2.4527,-2.4527,-2.4527,-58.8644,-0.25043478,-12.2634,-11.3208,-49.0537,-49.9963,-0.20869565,-0.21270592,-0.01043478,9.7937,8.9421,-2.5549,-61.3171,-3.8323,235.0488,24.0000,9.7937,,10.2195,10.2195,10.2195,10.2195,10.2195,10.2195,10.2195,10.2195,1.0,1.0,0.958333,14,12,1,1,1.00000000,-0.26086957,-0.26086957,0E-8,0.000000,0.913043,0.000000,,2026-07-14,2026-07-14,1,16,14,1,1.000000,,1.000000,3.333333,,,,,,,,GLOBAL_BASELINE_NO_ENTITY_RANKING,,,NOT_APPLICABLE_GLOBAL_BASELINE,HF9g-P5,,,,X 全窗基线 · 不参与实体赏罚,3929877,393,A168_HF9F_20260827_0900,2026-08-27 09:00:00
2026-07-14,152982511,1951,0,10.2195151862,10.2195151862,10.2195151862,1.0000000,1,1,0.49324550000000000,0.493245500000,1.01360149184955,1.01360149184955,1.01360149184955,0E-17,ELIGIBLE,R03b_20260811_FULL_v1,L1_ELIGIBILITY,v2026-08-11,2026-03-21..2026-08-06,baccarat_bet02_101_all_pairs_incl_sentinel,round_win = game_pnl > 0 (decisive only),COMPATIBILITY_ONLY_NOT_PRODUCTION,235.0488,214.6098,-61.3171,24,24,0.26086957,0.26086957,,0.26086957,61.3171,235.0488,THIN_EXPOSURE,0.0000,-2.4527,4.0000,96.0000,AG03-UNRESOLVED,ALL5_LEVELS_bet23_to_bet27,-2.4527,-2.4527,-2.4527,-2.4527,-2.4527,4.000000,4.000000,4.000000,4.000000,4.000000,96.000000,96.000000,96.000000,96.000000,96.000000,5.0,-12.2634,-11.3208,-49.0537,-49.9963,PENDING_AG03,FALSE,NOT_FOR_ENFORCEMENT,-58.8644,206.0254,-61.3171,-58.8644,-2.4527,-0.26086957,-0.25043478,-2.4527,-58.8644,-0.25043478,-2.4527,-2.4527,-2.4527,-2.4527,-2.4527,-58.8644,-0.25043478,-12.2634,-11.3208,-49.0537,-49.9963,-0.20869565,-0.21270592,-0.01043478,9.7937,8.9421,-2.5549,-61.3171,-3.8323,235.0488,24.0000,9.7937,,10.2195,10.2195,10.2195,10.2195,10.2195,10.2195,10.2195,10.2195,1.0,1.0,0.958333,14,12,1,1,1.00000000,-0.26086957,-0.26086957,0E-8,0.000000,0.913043,0.000000,,2026-07-14,2026-07-14,1,16,14,1,1.000000,,1.000000,3.333333,,,,,,,,GLOBAL_BASELINE_NO_ENTITY_RANKING,,,NOT_APPLICABLE_GLOBAL_BASELINE,HF9g-P5,,,,X 全窗基线 · 不参与实体赏罚,3929878,393,A168_HF9F_20260827_0900,2026-08-27 09:00:00
2026-07-14,152982511,2066,0,10.2195151862,10.2195151862,10.2195151862,1.0000000,1,1,0.49324550000000000,0.493245500000,1.01360149184955,1.01360149184955,1.01360149184955,0E-17,ELIGIBLE,R03b_20260811_FULL_v1,L1_ELIGIBILITY,v2026-08-11,2026-03-21..2026-08-06,baccarat_bet02_101_all_pairs_incl_sentinel,round_win = game_pnl > 0 (decisive only),COMPATIBILITY_ONLY_NOT_PRODUCTION,235.0488,214.6098,-61.3171,24,24,0.26086957,0.26086957,,0.26086957,61.3171,235.0488,THIN_EXPOSURE,0.0000,-2.4527,4.0000,96.0000,AG03-UNRESOLVED,ALL5_LEVELS_bet23_to_bet27,-2.4527,-2.4527,-2.4527,-2.4527,-2.4527,4.000000,4.000000,4.000000,4.000000,4.000000,96.000000,96.000000,96.000000,96.000000,96.000000,5.0,-12.2634,-11.3208,-49.0537,-49.9963,PENDING_AG03,FALSE,NOT_FOR_ENFORCEMENT,-58.8644,206.0254,-61.3171,-58.8644,-2.4527,-0.26086957,-0.25043478,-2.4527,-58.8644,-0.25043478,-2.4527,-2.4527,-2.4527,-2.4527,-2.4527,-58.8644,-0.25043478,-12.2634,-11.3208,-49.0537,-49.9963,-0.20869565,-0.21270592,-0.01043478,9.7937,8.9421,-2.5549,-61.3171,-3.8323,235.0488,24.0000,9.7937,,10.2195,10.2195,10.2195,10.2195,10.2195,10.2195,10.2195,10.2195,1.0,1.0,0.958333,14,12,1,1,1.00000000,-0.26086957,-0.26086957,0E-8,0.000000,0.913043,0.000000,,2026-07-14,2026-07-14,1,16,14,1,1.000000,,1.000000,3.333333,,,,,,,,GLOBAL_BASELINE_NO_ENTITY_RANKING,,,NOT_APPLICABLE_GLOBAL_BASELINE,HF9g-P5,,,,X 全窗基线 · 不参与实体赏罚,3929879,393,A168_HF9F_20260827_0900,2026-08-27 09:00:00
2026-07-14,152982511,2224,0,10.2195151862,10.2195151862,10.2195151862,1.0000000,1,1,0.49324550000000000,0.493245500000,1.01360149184955,1.01360149184955,1.01360149184955,0E-17,ELIGIBLE,R03b_20260811_FULL_v1,L1_ELIGIBILITY,v2026-08-11,2026-03-21..2026-08-06,baccarat_bet02_101_all_pairs_incl_sentinel,round_win = game_pnl > 0 (decisive only),COMPATIBILITY_ONLY_NOT_PRODUCTION,235.0488,214.6098,-61.3171,24,24,0.26086957,0.26086957,,0.26086957,61.3171,235.0488,THIN_EXPOSURE,0.0000,-2.4527,4.0000,96.0000,AG03-UNRESOLVED,ALL5_LEVELS_bet23_to_bet27,-2.4527,-2.4527,-2.4527,-2.4527,-2.4527,4.000000,4.000000,4.000000,4.000000,4.000000,96.000000,96.000000,96.000000,96.000000,96.000000,5.0,-12.2634,-11.3208,-49.0537,-49.9963,PENDING_AG03,FALSE,NOT_FOR_ENFORCEMENT,-58.8644,206.0254,-61.3171,-58.8644,-2.4527,-0.26086957,-0.25043478,-2.4527,-58.8644,-0.25043478,-2.4527,-2.4527,-2.4527,-2.4527,-2.4527,-58.8644,-0.25043478,-12.2634,-11.3208,-49.0537,-49.9963,-0.20869565,-0.21270592,-0.01043478,9.7937,8.9421,-2.5549,-61.3171,-3.8323,235.0488,24.0000,9.7937,,10.2195,10.2195,10.2195,10.2195,10.2195,10.2195,10.2195,10.2195,1.0,1.0,0.958333,14,12,1,1,1.00000000,-0.26086957,-0.26086957,0E-8,0.000000,0.913043,0.000000,,2026-07-14,2026-07-14,1,16,14,1,1.000000,,1.000000,3.333333,,,,,,,,GLOBAL_BASELINE_NO_ENTITY_RANKING,,,NOT_APPLICABLE_GLOBAL_BASELINE,HF9g-P5,,,,X 全窗基线 · 不参与实体赏罚,3929880,393,A168_HF9F_20260827_0900,2026-08-27 09:00:00
2026-07-14,152982511,2229,0,20.4390303724,20.4390303724,20.4390303724,1.0000000,2,2,0.49324550000000000,0.493245500000,1.4334489766152358,1.4334489766152358,1.4334489766152358,0E-17,ELIGIBLE,R03b_20260811_FULL_v1,L1_ELIGIBILITY,v2026-08-11,2026-03-21..2026-08-06,baccarat_bet02_101_all_pairs_incl_sentinel,round_win = game_pnl > 0 (decisive only),COMPATIBILITY_ONLY_NOT_PRODUCTION,235.0488,214.6098,-61.3171,24,24,0.26086957,0.26086957,,0.26086957,61.3171,235.0488,THIN_EXPOSURE,0.0000,-2.4527,4.0000,96.0000,AG03-UNRESOLVED,ALL5_LEVELS_bet23_to_bet27,-2.4527,-2.4527,-2.4527,-2.4527,-2.4527,4.000000,4.000000,4.000000,4.000000,4.000000,96.000000,96.000000,96.000000,96.000000,96.000000,5.0,-12.2634,-11.3208,-49.0537,-49.9963,PENDING_AG03,FALSE,NOT_FOR_ENFORCEMENT,-58.8644,206.0254,-61.3171,-58.8644,-2.4527,-0.26086957,-0.25043478,-2.4527,-58.8644,-0.25043478,-2.4527,-2.4527,-2.4527,-2.4527,-2.4527,-58.8644,-0.25043478,-12.2634,-11.3208,-49.0537,-49.9963,-0.20869565,-0.21270592,-0.01043478,9.7937,8.9421,-2.5549,-61.3171,-3.8323,235.0488,24.0000,9.7937,,10.2195,10.2195,10.2195,10.2195,10.2195,10.2195,10.2195,10.2195,1.0,1.0,0.958333,14,12,1,1,1.00000000,-0.26086957,-0.26086957,0E-8,0.000000,0.913043,0.000000,,2026-07-14,2026-07-14,1,16,14,1,1.000000,,1.000000,3.333333,,,,,,,,GLOBAL_BASELINE_NO_ENTITY_RANKING,,,NOT_APPLICABLE_GLOBAL_BASELINE,HF9g-P5,,,,X 全窗基线 · 不参与实体赏罚,3929881,393,A168_HF9F_20260827_0900,2026-08-27 09:00:00
2026-07-14,152982511,2242,0,10.2195151862,-10.2195151862,-10.2195151862,0E-7,1,1,0.49324550000000000,0.493245500000,-0.9865810262130424,-0.9865810262130424,-0.9865810262130424,0E-17,ELIGIBLE,R03b_20260811_FULL_v1,L1_ELIGIBILITY,v2026-08-11,2026-03-21..2026-08-06,baccarat_bet02_101_all_pairs_incl_sentinel,round_win = game_pnl > 0 (decisive only),COMPATIBILITY_ONLY_NOT_PRODUCTION,235.0488,214.6098,-61.3171,24,24,0.26086957,0.26086957,,0.26086957,61.3171,235.0488,THIN_EXPOSURE,0.0000,-2.4527,4.0000,96.0000,AG03-UNRESOLVED,ALL5_LEVELS_bet23_to_bet27,-2.4527,-2.4527,-2.4527,-2.4527,-2.4527,4.000000,4.000000,4.000000,4.000000,4.000000,96.000000,96.000000,96.000000,96.000000,96.000000,5.0,-12.2634,-11.3208,-49.0537,-49.9963,PENDING_AG03,FALSE,NOT_FOR_ENFORCEMENT,-58.8644,206.0254,-61.3171,-58.8644,-2.4527,-0.26086957,-0.25043478,-2.4527,-58.8644,-0.25043478,-2.4527,-2.4527,-2.4527,-2.4527,-2.4527,-58.8644,-0.25043478,-12.2634,-11.3208,-49.0537,-49.9963,-0.20869565,-0.21270592,-0.01043478,9.7937,8.9421,-2.5549,-61.3171,-3.8323,235.0488,24.0000,9.7937,,10.2195,10.2195,10.2195,10.2195,10.2195,10.2195,10.2195,10.2195,1.0,1.0,0.958333,14,12,1,1,1.00000000,-0.26086957,-0.26086957,0E-8,0.000000,0.913043,0.000000,,2026-07-14,2026-07-14,1,16,14,1,1.000000,,1.000000,3.333333,,,,,,,,GLOBAL_BASELINE_NO_ENTITY_RANKING,,,NOT_APPLICABLE_GLOBAL_BASELINE,HF9g-P5,,,,X 全窗基线 · 不参与实体赏罚,3929882,393,A168_HF9F_20260827_0900,2026-08-27 09:00:00
2026-07-14,152982511,2287,0,10.2195151862,10.2195151862,10.2195151862,1.0000000,1,1,0.49324550000000000,0.493245500000,1.01360149184955,1.01360149184955,1.01360149184955,0E-17,ELIGIBLE,R03b_20260811_FULL_v1,L1_ELIGIBILITY,v2026-08-11,2026-03-21..2026-08-06,baccarat_bet02_101_all_pairs_incl_sentinel,round_win = game_pnl > 0 (decisive only),COMPATIBILITY_ONLY_NOT_PRODUCTION,235.0488,214.6098,-61.3171,24,24,0.26086957,0.26086957,,0.26086957,61.3171,235.0488,THIN_EXPOSURE,0.0000,-2.4527,4.0000,96.0000,AG03-UNRESOLVED,ALL5_LEVELS_bet23_to_bet27,-2.4527,-2.4527,-2.4527,-2.4527,-2.4527,4.000000,4.000000,4.000000,4.000000,4.000000,96.000000,96.000000,96.000000,96.000000,96.000000,5.0,-12.2634,-11.3208,-49.0537,-49.9963,PENDING_AG03,FALSE,NOT_FOR_ENFORCEMENT,-58.8644,206.0254,-61.3171,-58.8644,-2.4527,-0.26086957,-0.25043478,-2.4527,-58.8644,-0.25043478,-2.4527,-2.4527,-2.4527,-2.4527,-2.4527,-58.8644,-0.25043478,-12.2634,-11.3208,-49.0537,-49.9963,-0.20869565,-0.21270592,-0.01043478,9.7937,8.9421,-2.5549,-61.3171,-3.8323,235.0488,24.0000,9.7937,,10.2195,10.2195,10.2195,10.2195,10.2195,10.2195,10.2195,10.2195,1.0,1.0,0.958333,14,12,1,1,1.00000000,-0.26086957,-0.26086957,0E-8,0.000000,0.913043,0.000000,,2026-07-14,2026-07-14,1,16,14,1,1.000000,,1.000000,3.333333,,,,,,,,GLOBAL_BASELINE_NO_ENTITY_RANKING,,,NOT_APPLICABLE_GLOBAL_BASELINE,HF9g-P5,,,,X 全窗基线 · 不参与实体赏罚,3929883,393,A168_HF9F_20260827_0900,2026-08-27 09:00:00
2026-07-14,152959981,2115,0,67.4488002287,14.3073212607,14.3073212607,0.4615385,18,13,0.44866980192377240,0.417364176923,0.09329012594578331,0.3229869864176715,0.09329012594578331,0.03130562500077240,ELIGIBLE,R03b_20260811_FULL_v1,L1_ELIGIBILITY,v2026-08-11,2026-03-21..2026-08-06,baccarat_bet02_101_all_pairs_incl_sentinel,round_win = game_pnl > 0 (decisive only),COMPATIBILITY_ONLY_NOT_PRODUCTION,277.9708,251.4001,-61.3171,59,45,0.22058824,0.22058824,,0.22058824,61.3171,277.9708,OK,0.0000,-2.4527,4.0000,96.0000,AG03-UNRESOLVED,ALL5_LEVELS_bet23_to_bet27,-2.4527,-2.4527,-2.4527,-2.4527,-2.4527,4.000000,4.000000,4.000000,4.000000,4.000000,96.000000,96.000000,96.000000,96.000000,96.000000,5.0,-12.2634,-11.3208,-49.0537,-49.9963,PENDING_AG03,FALSE,NOT_FOR_ENFORCEMENT,-58.8644,241.3441,-61.3171,-58.8644,-2.4527,-0.22058824,-0.21176471,-2.4527,-58.8644,-0.21176471,-2.4527,-2.4527,-2.4527,-2.4527,-2.4527,-58.8644,-0.21176471,-12.2634,-11.3208,-49.0537,-49.9963,-0.17647059,-0.17986162,-0.00882353,4.7114,5.5867,-1.3626,-61.3171,-20.4390,277.9708,45.0000,4.7114,,2.0439,4.0878,6.1317,6.1317,9.2998,10.2195,4.0878,0.0,2.274999,2.5,1.152542,1,4,2,5,1.00000000,-0.22058824,-0.22058824,0E-8,0.000000,0.904412,0.000000,,2026-07-14,2026-07-14,1,3,1,1,1.000000,,1.000000,3.333333,,,,,,,,GLOBAL_BASELINE_NO_ENTITY_RANKING,,,NOT_APPLICABLE_GLOBAL_BASELINE,HF9g-P5,,,,X 全窗基线 · 不参与实体赏罚,3929884,393,A168_HF9F_20260827_0900,2026-08-27 09:00:00
2026-07-14,152959981,2261,0,6.1317091117,-6.1317091117,-6.1317091117,0E-7,1,1,0.50665070000000000,0.506650700000,-1.013391052207602,-1.013391052207602,-1.013391052207602,0E-17,ELIGIBLE,R03b_20260811_FULL_v1,L1_ELIGIBILITY,v2026-08-11,2026-03-21..2026-08-06,baccarat_bet02_101_all_pairs_incl_sentinel,round_win = game_pnl > 0 (decisive only),COMPATIBILITY_ONLY_NOT_PRODUCTION,277.9708,251.4001,-61.3171,59,45,0.22058824,0.22058824,,0.22058824,61.3171,277.9708,OK,0.0000,-2.4527,4.0000,96.0000,AG03-UNRESOLVED,ALL5_LEVELS_bet23_to_bet27,-2.4527,-2.4527,-2.4527,-2.4527,-2.4527,4.000000,4.000000,4.000000,4.000000,4.000000,96.000000,96.000000,96.000000,96.000000,96.000000,5.0,-12.2634,-11.3208,-49.0537,-49.9963,PENDING_AG03,FALSE,NOT_FOR_ENFORCEMENT,-58.8644,241.3441,-61.3171,-58.8644,-2.4527,-0.22058824,-0.21176471,-2.4527,-58.8644,-0.21176471,-2.4527,-2.4527,-2.4527,-2.4527,-2.4527,-58.8644,-0.21176471,-12.2634,-11.3208,-49.0537,-49.9963,-0.17647059,-0.17986162,-0.00882353,4.7114,5.5867,-1.3626,-61.3171,-20.4390,277.9708,45.0000,4.7114,,2.0439,4.0878,6.1317,6.1317,9.2998,10.2195,4.0878,0.0,2.274999,2.5,1.152542,1,4,2,5,1.00000000,-0.22058824,-0.22058824,0E-8,0.000000,0.904412,0.000000,,2026-07-14,2026-07-14,1,3,1,1,1.000000,,1.000000,3.333333,,,,,,,,GLOBAL_BASELINE_NO_ENTITY_RANKING,,,NOT_APPLICABLE_GLOBAL_BASELINE,HF9g-P5,,,,X 全窗基线 · 不参与实体赏罚,3929885,393,A168_HF9F_20260827_0900,2026-08-27 09:00:00
2026-07-14,152959981,550,0,96.0634427500,16.3512242981,16.3512242981,0.5714286,22,15,0.44544096111179431,0.407106591111,0.9484684451788312,1.2514609422584424,0.9484684451788312,0.03833437000079431,ELIGIBLE,R03b_20260811_FULL_v1,L1_ELIGIBILITY,v2026-08-11,2026-03-21..2026-08-06,baccarat_bet02_101_all_pairs_incl_sentinel,round_win = game_pnl > 0 (decisive only),COMPATIBILITY_ONLY_NOT_PRODUCTION,277.9708,251.4001,-61.3171,59,45,0.22058824,0.22058824,,0.22058824,61.3171,277.9708,OK,0.0000,-2.4527,4.0000,96.0000,AG03-UNRESOLVED,ALL5_LEVELS_bet23_to_bet27,-2.4527,-2.4527,-2.4527,-2.4527,-2.4527,4.000000,4.000000,4.000000,4.000000,4.000000,96.000000,96.000000,96.000000,96.000000,96.000000,5.0,-12.2634,-11.3208,-49.0537,-49.9963,PENDING_AG03,FALSE,NOT_FOR_ENFORCEMENT,-58.8644,241.3441,-61.3171,-58.8644,-2.4527,-0.22058824,-0.21176471,-2.4527,-58.8644,-0.21176471,-2.4527,-2.4527,-2.4527,-2.4527,-2.4527,-58.8644,-0.21176471,-12.2634,-11.3208,-49.0537,-49.9963,-0.17647059,-0.17986162,-0.00882353,4.7114,5.5867,-1.3626,-61.3171,-20.4390,277.9708,45.0000,4.7114,,2.0439,4.0878,6.1317,6.1317,9.2998,10.2195,4.0878,0.0,2.274999,2.5,1.152542,1,4,2,5,1.00000000,-0.22058824,-0.22058824,0E-8,0.000000,0.904412,0.000000,,2026-07-14,2026-07-14,1,3,1,1,1.000000,,1.000000,3.333333,,,,,,,,GLOBAL_BASELINE_NO_ENTITY_RANKING,,,NOT_APPLICABLE_GLOBAL_BASELINE,HF9g-P5,,,,X 全窗基线 · 不参与实体赏罚,3929886,393,A168_HF9F_20260827_0900,2026-08-27 09:00:00
2026-07-14,152959981,789,0,108.3268609736,36.7902546704,36.7902546704,0.6875000,18,16,0.48956677968764391,0.475032931250,1.583810602215491,1.70185959798987,1.583810602215491,0.01453384843764391,ELIGIBLE,R03b_20260811_FULL_v1,L1_ELIGIBILITY,v2026-08-11,2026-03-21..2026-08-06,baccarat_bet02_101_all_pairs_incl_sentinel,round_win = game_pnl > 0 (decisive only),COMPATIBILITY_ONLY_NOT_PRODUCTION,277.9708,251.4001,-61.3171,59,45,0.22058824,0.22058824,,0.22058824,61.3171,277.9708,OK,0.0000,-2.4527,4.0000,96.0000,AG03-UNRESOLVED,ALL5_LEVELS_bet23_to_bet27,-2.4527,-2.4527,-2.4527,-2.4527,-2.4527,4.000000,4.000000,4.000000,4.000000,4.000000,96.000000,96.000000,96.000000,96.000000,96.000000,5.0,-12.2634,-11.3208,-49.0537,-49.9963,PENDING_AG03,FALSE,NOT_FOR_ENFORCEMENT,-58.8644,241.3441,-61.3171,-58.8644,-2.4527,-0.22058824,-0.21176471,-2.4527,-58.8644,-0.21176471,-2.4527,-2.4527,-2.4527,-2.4527,-2.4527,-58.8644,-0.21176471,-12.2634,-11.3208,-49.0537,-49.9963,-0.17647059,-0.17986162,-0.00882353,4.7114,5.5867,-1.3626,-61.3171,-20.4390,277.9708,45.0000,4.7114,,2.0439,4.0878,6.1317,6.1317,9.2998,10.2195,4.0878,0.0,2.274999,2.5,1.152542,1,4,2,5,1.00000000,-0.22058824,-0.22058824,0E-8,0.000000,0.904412,0.000000,,2026-07-14,2026-07-14,1,3,1,1,1.000000,,1.000000,3.333333,,,,,,,,GLOBAL_BASELINE_NO_ENTITY_RANKING,,,NOT_APPLICABLE_GLOBAL_BASELINE,HF9g-P5,,,,X 全窗基线 · 不参与实体赏罚,3929887,393,A168_HF9F_20260827_0900,2026-08-27 09:00:00
2026-07-08,144301140,-1,1,143.0732126068,81.7561214896,81.7561214896,0.8333333,14,14,0.49611804285714286,0.496118042857,2.3363664820124423,2.336366482013437,2.3363664820124423,1.4286E-13,SENTINEL_DEALER,R03b_20260811_FULL_v1,L1_ELIGIBILITY,v2026-08-11,2026-03-21..2026-08-06,baccarat_bet02_101_all_pairs_incl_sentinel,round_win = game_pnl > 0 (decisive only),COMPATIBILITY_ONLY_NOT_PRODUCTION,286.1464,265.7074,-61.3171,28,28,0.21428571,0.21428571,,0.21428571,61.3171,286.1464,THIN_EXPOSURE,0.0000,-2.4527,4.0000,96.0000,AG03-UNRESOLVED,ALL5_LEVELS_bet23_to_bet27,-2.4527,-2.4527,-2.4527,-2.4527,-2.4527,4.000000,4.000000,4.000000,4.000000,4.000000,96.000000,96.000000,96.000000,96.000000,96.000000,5.0,-12.2634,-11.3208,-49.0537,-49.9963,PENDING_AG03,FALSE,NOT_FOR_ENFORCEMENT,-58.8644,255.0791,-61.3171,-58.8644,-2.4527,-0.21428571,-0.20571429,-2.4527,-58.8644,-0.20571429,-2.4527,-2.4527,-2.4527,-2.4527,-2.4527,-58.8644,-0.20571429,-12.2634,-11.3208,-49.0537,-49.9963,-0.17142857,-0.17472272,-0.00857143,10.2195,9.4895,-2.1899,-61.3171,-3.8323,286.1464,28.0000,10.2195,,10.2195,10.2195,10.2195,10.2195,10.2195,10.2195,10.2195,10.2195,1.0,1.0,1.0,16,10,1,2,1.00000000,-0.21428571,-0.21428571,0E-8,0.000000,0.928571,0.964286,,2026-07-08,2026-07-08,1,16,16,1,1.000000,,1.000000,3.333333,,,,,,,,GLOBAL_BASELINE_NO_ENTITY_RANKING,,,NOT_APPLICABLE_GLOBAL_BASELINE,HF9g-P5,,,,X 全窗基线 · 不参与实体赏罚,3929888,393,A168_HF9F_20260827_0900,2026-08-27 09:00:00
2026-07-08,144301140,1115,0,10.2195151862,10.2195151862,10.2195151862,1.0000000,1,1,0.49324550000000000,0.493245500000,1.01360149184955,1.01360149184955,1.01360149184955,0E-17,ELIGIBLE,R03b_20260811_FULL_v1,L1_ELIGIBILITY,v2026-08-11,2026-03-21..2026-08-06,baccarat_bet02_101_all_pairs_incl_sentinel,round_win = game_pnl > 0 (decisive only),COMPATIBILITY_ONLY_NOT_PRODUCTION,286.1464,265.7074,-61.3171,28,28,0.21428571,0.21428571,,0.21428571,61.3171,286.1464,THIN_EXPOSURE,0.0000,-2.4527,4.0000,96.0000,AG03-UNRESOLVED,ALL5_LEVELS_bet23_to_bet27,-2.4527,-2.4527,-2.4527,-2.4527,-2.4527,4.000000,4.000000,4.000000,4.000000,4.000000,96.000000,96.000000,96.000000,96.000000,96.000000,5.0,-12.2634,-11.3208,-49.0537,-49.9963,PENDING_AG03,FALSE,NOT_FOR_ENFORCEMENT,-58.8644,255.0791,-61.3171,-58.8644,-2.4527,-0.21428571,-0.20571429,-2.4527,-58.8644,-0.20571429,-2.4527,-2.4527,-2.4527,-2.4527,-2.4527,-58.8644,-0.20571429,-12.2634,-11.3208,-49.0537,-49.9963,-0.17142857,-0.17472272,-0.00857143,10.2195,9.4895,-2.1899,-61.3171,-3.8323,286.1464,28.0000,10.2195,,10.2195,10.2195,10.2195,10.2195,10.2195,10.2195,10.2195,10.2195,1.0,1.0,1.0,16,10,1,2,1.00000000,-0.21428571,-0.21428571,0E-8,0.000000,0.928571,0.964286,,2026-07-08,2026-07-08,1,16,16,1,1.000000,,1.000000,3.333333,,,,,,,,GLOBAL_BASELINE_NO_ENTITY_RANKING,,,NOT_APPLICABLE_GLOBAL_BASELINE,HF9g-P5,,,,X 全窗基线 · 不参与实体赏罚,3929889,393,A168_HF9F_20260827_0900,2026-08-27 09:00:00
2026-07-08,144301140,1210,0,51.0975759310,10.2195151862,10.2195151862,0.6000000,5,5,0.49860758000000000,0.498607580000,0.4534424453485946,0.4534424453485946,0.4534424453485946,0E-17,ELIGIBLE,R03b_20260811_FULL_v1,L1_ELIGIBILITY,v2026-08-11,2026-03-21..2026-08-06,baccarat_bet02_101_all_pairs_incl_sentinel,round_win = game_pnl > 0 (decisive only),COMPATIBILITY_ONLY_NOT_PRODUCTION,286.1464,265.7074,-61.3171,28,28,0.21428571,0.21428571,,0.21428571,61.3171,286.1464,THIN_EXPOSURE,0.0000,-2.4527,4.0000,96.0000,AG03-UNRESOLVED,ALL5_LEVELS_bet23_to_bet27,-2.4527,-2.4527,-2.4527,-2.4527,-2.4527,4.000000,4.000000,4.000000,4.000000,4.000000,96.000000,96.000000,96.000000,96.000000,96.000000,5.0,-12.2634,-11.3208,-49.0537,-49.9963,PENDING_AG03,FALSE,NOT_FOR_ENFORCEMENT,-58.8644,255.0791,-61.3171,-58.8644,-2.4527,-0.21428571,-0.20571429,-2.4527,-58.8644,-0.20571429,-2.4527,-2.4527,-2.4527,-2.4527,-2.4527,-58.8644,-0.20571429,-12.2634,-11.3208,-49.0537,-49.9963,-0.17142857,-0.17472272,-0.00857143,10.2195,9.4895,-2.1899,-61.3171,-3.8323,286.1464,28.0000,10.2195,,10.2195,10.2195,10.2195,10.2195,10.2195,10.2195,10.2195,10.2195,1.0,1.0,1.0,16,10,1,2,1.00000000,-0.21428571,-0.21428571,0E-8,0.000000,0.928571,0.964286,,2026-07-08,2026-07-08,1,16,16,1,1.000000,,1.000000,3.333333,,,,,,,,GLOBAL_BASELINE_NO_ENTITY_RANKING,,,NOT_APPLICABLE_GLOBAL_BASELINE,HF9g-P5,,,,X 全窗基线 · 不参与实体赏罚,3929890,393,A168_HF9F_20260827_0900,2026-08-27 09:00:00
2026-07-08,144301140,1623,0,10.2195151862,-10.2195151862,-10.2195151862,0E-7,1,1,0.50665070000000000,0.506650700000,-1.013391052207602,-1.013391052207602,-1.013391052207602,0E-17,ELIGIBLE,R03b_20260811_FULL_v1,L1_ELIGIBILITY,v2026-08-11,2026-03-21..2026-08-06,baccarat_bet02_101_all_pairs_incl_sentinel,round_win = game_pnl > 0 (decisive only),COMPATIBILITY_ONLY_NOT_PRODUCTION,286.1464,265.7074,-61.3171,28,28,0.21428571,0.21428571,,0.21428571,61.3171,286.1464,THIN_EXPOSURE,0.0000,-2.4527,4.0000,96.0000,AG03-UNRESOLVED,ALL5_LEVELS_bet23_to_bet27,-2.4527,-2.4527,-2.4527,-2.4527,-2.4527,4.000000,4.000000,4.000000,4.000000,4.000000,96.000000,96.000000,96.000000,96.000000,96.000000,5.0,-12.2634,-11.3208,-49.0537,-49.9963,PENDING_AG03,FALSE,NOT_FOR_ENFORCEMENT,-58.8644,255.0791,-61.3171,-58.8644,-2.4527,-0.21428571,-0.20571429,-2.4527,-58.8644,-0.20571429,-2.4527,-2.4527,-2.4527,-2.4527,-2.4527,-58.8644,-0.20571429,-12.2634,-11.3208,-49.0537,-49.9963,-0.17142857,-0.17472272,-0.00857143,10.2195,9.4895,-2.1899,-61.3171,-3.8323,286.1464,28.0000,10.2195,,10.2195,10.2195,10.2195,10.2195,10.2195,10.2195,10.2195,10.2195,1.0,1.0,1.0,16,10,1,2,1.00000000,-0.21428571,-0.21428571,0E-8,0.000000,0.928571,0.964286,,2026-07-08,2026-07-08,1,16,16,1,1.000000,,1.000000,3.333333,,,,,,,,GLOBAL_BASELINE_NO_ENTITY_RANKING,,,NOT_APPLICABLE_GLOBAL_BASELINE,HF9g-P5,,,,X 全窗基线 · 不参与实体赏罚,3929891,393,A168_HF9F_20260827_0900,2026-08-27 09:00:00
2026-07-08,144301140,1714,0,10.2195151862,-10.2195151862,-10.2195151862,0E-7,1,1,0.49324550000000000,0.493245500000,-0.9865810262130424,-0.9865810262130424,-0.9865810262130424,0E-17,ELIGIBLE,R03b_20260811_FULL_v1,L1_ELIGIBILITY,v2026-08-11,2026-03-21..2026-08-06,baccarat_bet02_101_all_pairs_incl_sentinel,round_win = game_pnl > 0 (decisive only),COMPATIBILITY_ONLY_NOT_PRODUCTION,286.1464,265.7074,-61.3171,28,28,0.21428571,0.21428571,,0.21428571,61.3171,286.1464,THIN_EXPOSURE,0.0000,-2.4527,4.0000,96.0000,AG03-UNRESOLVED,ALL5_LEVELS_bet23_to_bet27,-2.4527,-2.4527,-2.4527,-2.4527,-2.4527,4.000000,4.000000,4.000000,4.000000,4.000000,96.000000,96.000000,96.000000,96.000000,96.000000,5.0,-12.2634,-11.3208,-49.0537,-49.9963,PENDING_AG03,FALSE,NOT_FOR_ENFORCEMENT,-58.8644,255.0791,-61.3171,-58.8644,-2.4527,-0.21428571,-0.20571429,-2.4527,-58.8644,-0.20571429,-2.4527,-2.4527,-2.4527,-2.4527,-2.4527,-58.8644,-0.20571429,-12.2634,-11.3208,-49.0537,-49.9963,-0.17142857,-0.17472272,-0.00857143,10.2195,9.4895,-2.1899,-61.3171,-3.8323,286.1464,28.0000,10.2195,,10.2195,10.2195,10.2195,10.2195,10.2195,10.2195,10.2195,10.2195,1.0,1.0,1.0,16,10,1,2,1.00000000,-0.21428571,-0.21428571,0E-8,0.000000,0.928571,0.964286,,2026-07-08,2026-07-08,1,16,16,1,1.000000,,1.000000,3.333333,,,,,,,,GLOBAL_BASELINE_NO_ENTITY_RANKING,,,NOT_APPLICABLE_GLOBAL_BASELINE,HF9g-P5,,,,X 全窗基线 · 不参与实体赏罚,3929892,393,A168_HF9F_20260827_0900,2026-08-27 09:00:00
2026-07-08,144301140,2106,0,10.2195151862,-10.2195151862,-10.2195151862,0E-7,1,1,0.50665070000000000,0.506650700000,-1.013391052207602,-1.013391052207602,-1.013391052207602,0E-17,ELIGIBLE,R03b_20260811_FULL_v1,L1_ELIGIBILITY,v2026-08-11,2026-03-21..2026-08-06,baccarat_bet02_101_all_pairs_incl_sentinel,round_win = game_pnl > 0 (decisive only),COMPATIBILITY_ONLY_NOT_PRODUCTION,286.1464,265.7074,-61.3171,28,28,0.21428571,0.21428571,,0.21428571,61.3171,286.1464,THIN_EXPOSURE,0.0000,-2.4527,4.0000,96.0000,AG03-UNRESOLVED,ALL5_LEVELS_bet23_to_bet27,-2.4527,-2.4527,-2.4527,-2.4527,-2.4527,4.000000,4.000000,4.000000,4.000000,4.000000,96.000000,96.000000,96.000000,96.000000,96.000000,5.0,-12.2634,-11.3208,-49.0537,-49.9963,PENDING_AG03,FALSE,NOT_FOR_ENFORCEMENT,-58.8644,255.0791,-61.3171,-58.8644,-2.4527,-0.21428571,-0.20571429,-2.4527,-58.8644,-0.20571429,-2.4527,-2.4527,-2.4527,-2.4527,-2.4527,-58.8644,-0.20571429,-12.2634,-11.3208,-49.0537,-49.9963,-0.17142857,-0.17472272,-0.00857143,10.2195,9.4895,-2.1899,-61.3171,-3.8323,286.1464,28.0000,10.2195,,10.2195,10.2195,10.2195,10.2195,10.2195,10.2195,10.2195,10.2195,1.0,1.0,1.0,16,10,1,2,1.00000000,-0.21428571,-0.21428571,0E-8,0.000000,0.928571,0.964286,,2026-07-08,2026-07-08,1,16,16,1,1.000000,,1.000000,3.333333,,,,,,,,GLOBAL_BASELINE_NO_ENTITY_RANKING,,,NOT_APPLICABLE_GLOBAL_BASELINE,HF9g-P5,,,,X 全窗基线 · 不参与实体赏罚,3929893,393,A168_HF9F_20260827_0900,2026-08-27 09:00:00
2026-07-08,144301140,2117,0,10.2195151862,10.2195151862,10.2195151862,1.0000000,1,1,0.49324550000000000,0.493245500000,1.01360149184955,1.01360149184955,1.01360149184955,0E-17,ELIGIBLE,R03b_20260811_FULL_v1,L1_ELIGIBILITY,v2026-08-11,2026-03-21..2026-08-06,baccarat_bet02_101_all_pairs_incl_sentinel,round_win = game_pnl > 0 (decisive only),COMPATIBILITY_ONLY_NOT_PRODUCTION,286.1464,265.7074,-61.3171,28,28,0.21428571,0.21428571,,0.21428571,61.3171,286.1464,THIN_EXPOSURE,0.0000,-2.4527,4.0000,96.0000,AG03-UNRESOLVED,ALL5_LEVELS_bet23_to_bet27,-2.4527,-2.4527,-2.4527,-2.4527,-2.4527,4.000000,4.000000,4.000000,4.000000,4.000000,96.000000,96.000000,96.000000,96.000000,96.000000,5.0,-12.2634,-11.3208,-49.0537,-49.9963,PENDING_AG03,FALSE,NOT_FOR_ENFORCEMENT,-58.8644,255.0791,-61.3171,-58.8644,-2.4527,-0.21428571,-0.20571429,-2.4527,-58.8644,-0.20571429,-2.4527,-2.4527,-2.4527,-2.4527,-2.4527,-58.8644,-0.20571429,-12.2634,-11.3208,-49.0537,-49.9963,-0.17142857,-0.17472272,-0.00857143,10.2195,9.4895,-2.1899,-61.3171,-3.8323,286.1464,28.0000,10.2195,,10.2195,10.2195,10.2195,10.2195,10.2195,10.2195,10.2195,10.2195,1.0,1.0,1.0,16,10,1,2,1.00000000,-0.21428571,-0.21428571,0E-8,0.000000,0.928571,0.964286,,2026-07-08,2026-07-08,1,16,16,1,1.000000,,1.000000,3.333333,,,,,,,,GLOBAL_BASELINE_NO_ENTITY_RANKING,,,NOT_APPLICABLE_GLOBAL_BASELINE,HF9g-P5,,,,X 全窗基线 · 不参与实体赏罚,3929894,393,A168_HF9F_20260827_0900,2026-08-27 09:00:00
2026-07-08,144301140,2141,0,10.2195151862,-10.2195151862,-10.2195151862,0E-7,1,1,0.49324550000000000,0.493245500000,-0.9865810262130424,-0.9865810262130424,-0.9865810262130424,0E-17,ELIGIBLE,R03b_20260811_FULL_v1,L1_ELIGIBILITY,v2026-08-11,2026-03-21..2026-08-06,baccarat_bet02_101_all_pairs_incl_sentinel,round_win = game_pnl > 0 (decisive only),COMPATIBILITY_ONLY_NOT_PRODUCTION,286.1464,265.7074,-61.3171,28,28,0.21428571,0.21428571,,0.21428571,61.3171,286.1464,THIN_EXPOSURE,0.0000,-2.4527,4.0000,96.0000,AG03-UNRESOLVED,ALL5_LEVELS_bet23_to_bet27,-2.4527,-2.4527,-2.4527,-2.4527,-2.4527,4.000000,4.000000,4.000000,4.000000,4.000000,96.000000,96.000000,96.000000,96.000000,96.000000,5.0,-12.2634,-11.3208,-49.0537,-49.9963,PENDING_AG03,FALSE,NOT_FOR_ENFORCEMENT,-58.8644,255.0791,-61.3171,-58.8644,-2.4527,-0.21428571,-0.20571429,-2.4527,-58.8644,-0.20571429,-2.4527,-2.4527,-2.4527,-2.4527,-2.4527,-58.8644,-0.20571429,-12.2634,-11.3208,-49.0537,-49.9963,-0.17142857,-0.17472272,-0.00857143,10.2195,9.4895,-2.1899,-61.3171,-3.8323,286.1464,28.0000,10.2195,,10.2195,10.2195,10.2195,10.2195,10.2195,10.2195,10.2195,10.2195,1.0,1.0,1.0,16,10,1,2,1.00000000,-0.21428571,-0.21428571,0E-8,0.000000,0.928571,0.964286,,2026-07-08,2026-07-08,1,16,16,1,1.000000,,1.000000,3.333333,,,,,,,,GLOBAL_BASELINE_NO_ENTITY_RANKING,,,NOT_APPLICABLE_GLOBAL_BASELINE,HF9g-P5,,,,X 全窗基线 · 不参与实体赏罚,3929895,393,A168_HF9F_20260827_0900,2026-08-27 09:00:00
2026-07-08,144301140,2246,0,10.2195151862,10.2195151862,10.2195151862,1.0000000,1,1,0.49324550000000000,0.493245500000,1.01360149184955,1.01360149184955,1.01360149184955,0E-17,ELIGIBLE,R03b_20260811_FULL_v1,L1_ELIGIBILITY,v2026-08-11,2026-03-21..2026-08-06,baccarat_bet02_101_all_pairs_incl_sentinel,round_win = game_pnl > 0 (decisive only),COMPATIBILITY_ONLY_NOT_PRODUCTION,286.1464,265.7074,-61.3171,28,28,0.21428571,0.21428571,,0.21428571,61.3171,286.1464,THIN_EXPOSURE,0.0000,-2.4527,4.0000,96.0000,AG03-UNRESOLVED,ALL5_LEVELS_bet23_to_bet27,-2.4527,-2.4527,-2.4527,-2.4527,-2.4527,4.000000,4.000000,4.000000,4.000000,4.000000,96.000000,96.000000,96.000000,96.000000,96.000000,5.0,-12.2634,-11.3208,-49.0537,-49.9963,PENDING_AG03,FALSE,NOT_FOR_ENFORCEMENT,-58.8644,255.0791,-61.3171,-58.8644,-2.4527,-0.21428571,-0.20571429,-2.4527,-58.8644,-0.20571429,-2.4527,-2.4527,-2.4527,-2.4527,-2.4527,-58.8644,-0.20571429,-12.2634,-11.3208,-49.0537,-49.9963,-0.17142857,-0.17472272,-0.00857143,10.2195,9.4895,-2.1899,-61.3171,-3.8323,286.1464,28.0000,10.2195,,10.2195,10.2195,10.2195,10.2195,10.2195,10.2195,10.2195,10.2195,1.0,1.0,1.0,16,10,1,2,1.00000000,-0.21428571,-0.21428571,0E-8,0.000000,0.928571,0.964286,,2026-07-08,2026-07-08,1,16,16,1,1.000000,,1.000000,3.333333,,,,,,,,GLOBAL_BASELINE_NO_ENTITY_RANKING,,,NOT_APPLICABLE_GLOBAL_BASELINE,HF9g-P5,,,,X 全窗基线 · 不参与实体赏罚,3929896,393,A168_HF9F_20260827_0900,2026-08-27 09:00:00
2026-07-08,144301140,2287,0,20.4390303724,-20.4390303724,-20.4390303724,0E-7,2,2,0.50665070000000000,0.506650700000,-1.4331513700195317,-1.4331513700195317,-1.4331513700195317,0E-17,ELIGIBLE,R03b_20260811_FULL_v1,L1_ELIGIBILITY,v2026-08-11,2026-03-21..2026-08-06,baccarat_bet02_101_all_pairs_incl_sentinel,round_win = game_pnl > 0 (decisive only),COMPATIBILITY_ONLY_NOT_PRODUCTION,286.1464,265.7074,-61.3171,28,28,0.21428571,0.21428571,,0.21428571,61.3171,286.1464,THIN_EXPOSURE,0.0000,-2.4527,4.0000,96.0000,AG03-UNRESOLVED,ALL5_LEVELS_bet23_to_bet27,-2.4527,-2.4527,-2.4527,-2.4527,-2.4527,4.000000,4.000000,4.000000,4.000000,4.000000,96.000000,96.000000,96.000000,96.000000,96.000000,5.0,-12.2634,-11.3208,-49.0537,-49.9963,PENDING_AG03,FALSE,NOT_FOR_ENFORCEMENT,-58.8644,255.0791,-61.3171,-58.8644,-2.4527,-0.21428571,-0.20571429,-2.4527,-58.8644,-0.20571429,-2.4527,-2.4527,-2.4527,-2.4527,-2.4527,-58.8644,-0.20571429,-12.2634,-11.3208,-49.0537,-49.9963,-0.17142857,-0.17472272,-0.00857143,10.2195,9.4895,-2.1899,-61.3171,-3.8323,286.1464,28.0000,10.2195,,10.2195,10.2195,10.2195,10.2195,10.2195,10.2195,10.2195,10.2195,1.0,1.0,1.0,16,10,1,2,1.00000000,-0.21428571,-0.21428571,0E-8,0.000000,0.928571,0.964286,,2026-07-08,2026-07-08,1,16,16,1,1.000000,,1.000000,3.333333,,,,,,,,GLOBAL_BASELINE_NO_ENTITY_RANKING,,,NOT_APPLICABLE_GLOBAL_BASELINE,HF9g-P5,,,,X 全窗基线 · 不参与实体赏罚,3929897,393,A168_HF9F_20260827_0900,2026-08-27 09:00:00
2026-07-22,152682105,1507,0,28.6146425214,-28.6146425214,-28.6146425214,0E-7,1,1,0.50665070000000000,0.506650700000,-1.013391052207602,-1.013391052207602,-1.013391052207602,0E-17,ELIGIBLE,R03b_20260811_FULL_v1,L1_ELIGIBILITY,v2026-08-11,2026-03-21..2026-08-06,baccarat_bet02_101_all_pairs_incl_sentinel,round_win = game_pnl > 0 (decisive only),COMPATIBILITY_ONLY_NOT_PRODUCTION,288.1903,247.3123,-61.3171,6,6,0.21276596,0.21276596,,0.21276596,61.3171,288.1903,THIN_EXPOSURE,0.0000,-2.4527,4.0000,96.0000,AG03-UNRESOLVED,ALL5_LEVELS_bet23_to_bet27,-2.4527,-2.4527,-2.4527,-2.4527,-2.4527,4.000000,4.000000,4.000000,4.000000,4.000000,96.000000,96.000000,96.000000,96.000000,96.000000,5.0,-12.2634,-11.3208,-49.0537,-49.9963,PENDING_AG03,FALSE,NOT_FOR_ENFORCEMENT,-58.8644,237.4198,-61.3171,-58.8644,-2.4527,-0.21276596,-0.20425532,-2.4527,-58.8644,-0.20425532,-2.4527,-2.4527,-2.4527,-2.4527,-2.4527,-58.8644,-0.20425532,-12.2634,-11.3208,-49.0537,-49.9963,-0.17021277,-0.17348355,-0.00851064,48.0317,41.2187,-10.2195,-61.3171,-30.6585,288.1903,6.0000,48.0317,,28.6146,37.8122,61.3171,98.1073,102.1952,102.1952,31.6805,9.7085,2.702703,2.702703,1.27027,2,2,1,2,1.00000000,-0.21276596,-0.21276596,0E-8,0.000000,0.858156,0.000000,,2026-07-22,2026-07-22,1,2,2,1,1.000000,,1.000000,3.333333,,,,,,,,GLOBAL_BASELINE_NO_ENTITY_RANKING,,,NOT_APPLICABLE_GLOBAL_BASELINE,HF9g-P5,,,,X 全窗基线 · 不参与实体赏罚,3929898,393,A168_HF9F_20260827_0900,2026-08-27 09:00:00
2026-07-22,152682105,2252,0,259.5756857295,89.9317336386,89.9317336386,0.7500000,5,5,0.50396966000000000,0.503969660000,0.9841523774297893,0.9841523774297894,0.9841523774297893,0E-17,ELIGIBLE,R03b_20260811_FULL_v1,L1_ELIGIBILITY,v2026-08-11,2026-03-21..2026-08-06,baccarat_bet02_101_all_pairs_incl_sentinel,round_win = game_pnl > 0 (decisive only),COMPATIBILITY_ONLY_NOT_PRODUCTION,288.1903,247.3123,-61.3171,6,6,0.21276596,0.21276596,,0.21276596,61.3171,288.1903,THIN_EXPOSURE,0.0000,-2.4527,4.0000,96.0000,AG03-UNRESOLVED,ALL5_LEVELS_bet23_to_bet27,-2.4527,-2.4527,-2.4527,-2.4527,-2.4527,4.000000,4.000000,4.000000,4.000000,4.000000,96.000000,96.000000,96.000000,96.000000,96.000000,5.0,-12.2634,-11.3208,-49.0537,-49.9963,PENDING_AG03,FALSE,NOT_FOR_ENFORCEMENT,-58.8644,237.4198,-61.3171,-58.8644,-2.4527,-0.21276596,-0.20425532,-2.4527,-58.8644,-0.20425532,-2.4527,-2.4527,-2.4527,-2.4527,-2.4527,-58.8644,-0.20425532,-12.2634,-11.3208,-49.0537,-49.9963,-0.17021277,-0.17348355,-0.00851064,48.0317,41.2187,-10.2195,-61.3171,-30.6585,288.1903,6.0000,48.0317,,28.6146,37.8122,61.3171,98.1073,102.1952,102.1952,31.6805,9.7085,2.702703,2.702703,1.27027,2,2,1,2,1.00000000,-0.21276596,-0.21276596,0E-8,0.000000,0.858156,0.000000,,2026-07-22,2026-07-22,1,2,2,1,1.000000,,1.000000,3.333333,,,,,,,,GLOBAL_BASELINE_NO_ENTITY_RANKING,,,NOT_APPLICABLE_GLOBAL_BASELINE,HF9g-P5,,,,X 全窗基线 · 不参与实体赏罚,3929899,393,A168_HF9F_20260827_0900,2026-08-27 09:00:00
2026-07-01,152325162,1485,0,296.3659403998,61.3170911172,61.3170911172,0.5000000,10,8,0.37621008125000000,0.350457087500,0.7227629485899837,0.8865219240573874,0.7227629485899837,0.02575299375000000,ELIGIBLE,R03b_20260811_FULL_v1,L1_ELIGIBILITY,v2026-08-11,2026-03-21..2026-08-06,baccarat_bet02_101_all_pairs_incl_sentinel,round_win = game_pnl > 0 (decisive only),COMPATIBILITY_ONLY_NOT_PRODUCTION,296.3659,265.7074,-61.3171,10,8,0.20689655,,0.20689655,0.20689655,61.3171,296.3659,THIN_EXPOSURE,0.0000,-2.4527,4.0000,96.0000,AG03-UNRESOLVED,ALL5_LEVELS_bet23_to_bet27,-2.4527,-2.4527,-2.7593,-2.7593,-2.7593,4.000000,4.000000,4.500000,4.500000,4.500000,96.000000,96.000000,95.500000,95.500000,95.500000,5.0,-13.1832,-12.0979,-48.1339,-49.2192,PENDING_AG03,FALSE,NOT_FOR_ENFORCEMENT,-58.8644,255.0791,-61.3171,-58.8644,-2.4527,-0.20689655,-0.19862069,-2.4527,-58.8644,-0.19862069,-2.4527,-2.4527,-2.7593,-2.7593,-2.7593,-58.8644,-0.19862069,-13.1832,-12.0979,-48.1339,-49.2192,-0.16241379,-0.1660756,-0.00827586,29.6366,33.2134,-7.6646,-61.3171,-61.3171,296.3659,8.0000,,29.6366,10.2195,25.5488,40.8781,61.3171,61.3171,61.3171,25.5488,-10.2195,2.4,2.4,1.16,1,1,1,3,0E-8,-0.20689655,,0E-8,0.000000,0.896552,1.000000,,2026-07-01,2026-07-01,1,1,1,1,1.000000,,,0.000000,,,,,,,,GLOBAL_BASELINE_NO_ENTITY_RANKING,,,NOT_APPLICABLE_GLOBAL_BASELINE,HF9g-P5,,,,X 全窗基线 · 不参与实体赏罚,3929900,393,A168_HF9F_20260827_0900,2026-08-27 09:00:00
2026-07-04,152572156,1994,0,306.5854555860,61.3170911172,61.3170911172,0.6666667,6,6,0.49994810000000000,0.499948100000,0.8167508423630434,0.8167508423630434,0.8167508423630434,0E-17,ELIGIBLE,R03b_20260811_FULL_v1,L1_ELIGIBILITY,v2026-08-11,2026-03-21..2026-08-06,baccarat_bet02_101_all_pairs_incl_sentinel,round_win = game_pnl > 0 (decisive only),COMPATIBILITY_ONLY_NOT_PRODUCTION,306.5855,306.5855,-61.3171,6,6,0.20000000,,0.20000000,0.20000000,61.3171,306.5855,THIN_EXPOSURE,0.0000,-2.4527,4.0000,96.0000,AG03-UNRESOLVED,ALL5_LEVELS_bet23_to_bet27,-2.4527,-2.4527,-2.4527,-2.4527,-2.4527,4.000000,4.000000,4.000000,4.000000,4.000000,96.000000,96.000000,96.000000,96.000000,96.000000,5.0,-12.2634,-11.3208,-49.0537,-49.9963,PENDING_AG03,FALSE,NOT_FOR_ENFORCEMENT,-58.8644,294.3220,-61.3171,-58.8644,-2.4527,-0.20000000,-0.19200000,-2.4527,-58.8644,-0.19200000,-2.4527,-2.4527,-2.4527,-2.4527,-2.4527,-58.8644,-0.19200000,-12.2634,-11.3208,-49.0537,-49.9963,-0.16000000,-0.16307454,-0.00800000,51.0976,51.0976,-10.2195,-61.3171,-61.3171,306.5855,6.0000,,51.0976,40.8781,51.0976,61.3171,61.3171,61.3171,61.3171,51.0976,40.8781,1.2,1.2,1.0,1,1,1,2,0E-8,-0.20000000,,0E-8,0.000000,1.000000,1.000000,,2026-07-04,2026-07-04,1,1,1,1,1.000000,,,0.000000,,,,,,,,GLOBAL_BASELINE_NO_ENTITY_RANKING,,,NOT_APPLICABLE_GLOBAL_BASELINE,HF9g-P5,,,,X 全窗基线 · 不参与实体赏罚,3929901,393,A168_HF9F_20260827_0900,2026-08-27 09:00:00
2026-07-15,153063277,1985,0,36.7902546700,20.4390303727,20.4390303727,0.6666667,11,3,0.26603023500100275,0.194278855556,1.570386244137589,2.0680172725022024,1.570386244137589,0.07175137944500275,ELIGIBLE,R03b_20260811_FULL_v1,L1_ELIGIBILITY,v2026-08-11,2026-03-21..2026-08-06,baccarat_bet02_101_all_pairs_incl_sentinel,round_win = game_pnl > 0 (decisive only),COMPATIBILITY_ONLY_NOT_PRODUCTION,316.8050,296.3659,-61.3171,74,19,0.19354839,0.19354839,,0.19354839,61.3171,316.8050,OK,0.0000,-2.4527,4.0000,96.0000,AG03-UNRESOLVED,ALL5_LEVELS_bet23_to_bet27,-2.4527,-2.4527,-2.4527,-2.4527,-2.4527,4.000000,4.000000,4.000000,4.000000,4.000000,96.000000,96.000000,96.000000,96.000000,96.000000,5.0,-12.2634,-11.3208,-49.0537,-49.9963,PENDING_AG03,FALSE,NOT_FOR_ENFORCEMENT,-58.8644,284.5113,-61.3171,-58.8644,-2.4527,-0.19354839,-0.18580645,-2.4527,-58.8644,-0.18580645,-2.4527,-2.4527,-2.4527,-2.4527,-2.4527,-58.8644,-0.18580645,-12.2634,-11.3208,-49.0537,-49.9963,-0.15483871,-0.15781407,-0.00774194,4.2811,15.5982,-3.2272,-61.3171,-15.3293,316.8050,19.0000,4.2811,,2.0439,2.0439,4.0878,10.4239,13.8985,19.458,2.0439,-2.0439,6.799995,9.520004,2.094595,4,5,1,4,1.00000000,-0.19354839,-0.19354839,0E-8,0.000000,0.935484,0.527027,,2026-07-15,2026-07-15,1,4,4,1,1.000000,,1.000000,3.333333,,,,,,,,GLOBAL_BASELINE_NO_ENTITY_RANKING,,,NOT_APPLICABLE_GLOBAL_BASELINE,HF9g-P5,,,,X 全窗基线 · 不参与实体赏罚,3929902,393,A168_HF9F_20260827_0900,2026-08-27 09:00:00
2026-07-15,153063277,2108,0,12.2634182233,-12.2634182233,-12.2634182233,0E-7,4,1,0.28728933333501277,0.184311250000,-0.6348967755681632,-0.47535020548684115,-0.6348967755681632,0.10297808333501277,ELIGIBLE,R03b_20260811_FULL_v1,L1_ELIGIBILITY,v2026-08-11,2026-03-21..2026-08-06,baccarat_bet02_101_all_pairs_incl_sentinel,round_win = game_pnl > 0 (decisive only),COMPATIBILITY_ONLY_NOT_PRODUCTION,316.8050,296.3659,-61.3171,74,19,0.19354839,0.19354839,,0.19354839,61.3171,316.8050,OK,0.0000,-2.4527,4.0000,96.0000,AG03-UNRESOLVED,ALL5_LEVELS_bet23_to_bet27,-2.4527,-2.4527,-2.4527,-2.4527,-2.4527,4.000000,4.000000,4.000000,4.000000,4.000000,96.000000,96.000000,96.000000,96.000000,96.000000,5.0,-12.2634,-11.3208,-49.0537,-49.9963,PENDING_AG03,FALSE,NOT_FOR_ENFORCEMENT,-58.8644,284.5113,-61.3171,-58.8644,-2.4527,-0.19354839,-0.18580645,-2.4527,-58.8644,-0.18580645,-2.4527,-2.4527,-2.4527,-2.4527,-2.4527,-58.8644,-0.18580645,-12.2634,-11.3208,-49.0537,-49.9963,-0.15483871,-0.15781407,-0.00774194,4.2811,15.5982,-3.2272,-61.3171,-15.3293,316.8050,19.0000,4.2811,,2.0439,2.0439,4.0878,10.4239,13.8985,19.458,2.0439,-2.0439,6.799995,9.520004,2.094595,4,5,1,4,1.00000000,-0.19354839,-0.19354839,0E-8,0.000000,0.935484,0.527027,,2026-07-15,2026-07-15,1,4,4,1,1.000000,,1.000000,3.333333,,,,,,,,GLOBAL_BASELINE_NO_ENTITY_RANKING,,,NOT_APPLICABLE_GLOBAL_BASELINE,HF9g-P5,,,,X 全窗基线 · 不参与实体赏罚,3929903,393,A168_HF9F_20260827_0900,2026-08-27 09:00:00
2026-07-15,153063277,2242,0,20.4390303723,-20.4390303723,-20.4390303723,0E-7,4,1,0.36967180000181379,0.184311250000,-0.7658166290442069,-0.47535020548684115,-0.7658166290442069,0.18536055000181379,ELIGIBLE,R03b_20260811_FULL_v1,L1_ELIGIBILITY,v2026-08-11,2026-03-21..2026-08-06,baccarat_bet02_101_all_pairs_incl_sentinel,round_win = game_pnl > 0 (decisive only),COMPATIBILITY_ONLY_NOT_PRODUCTION,316.8050,296.3659,-61.3171,74,19,0.19354839,0.19354839,,0.19354839,61.3171,316.8050,OK,0.0000,-2.4527,4.0000,96.0000,AG03-UNRESOLVED,ALL5_LEVELS_bet23_to_bet27,-2.4527,-2.4527,-2.4527,-2.4527,-2.4527,4.000000,4.000000,4.000000,4.000000,4.000000,96.000000,96.000000,96.000000,96.000000,96.000000,5.0,-12.2634,-11.3208,-49.0537,-49.9963,PENDING_AG03,FALSE,NOT_FOR_ENFORCEMENT,-58.8644,284.5113,-61.3171,-58.8644,-2.4527,-0.19354839,-0.18580645,-2.4527,-58.8644,-0.18580645,-2.4527,-2.4527,-2.4527,-2.4527,-2.4527,-58.8644,-0.18580645,-12.2634,-11.3208,-49.0537,-49.9963,-0.15483871,-0.15781407,-0.00774194,4.2811,15.5982,-3.2272,-61.3171,-15.3293,316.8050,19.0000,4.2811,,2.0439,2.0439,4.0878,10.4239,13.8985,19.458,2.0439,-2.0439,6.799995,9.520004,2.094595,4,5,1,4,1.00000000,-0.19354839,-0.19354839,0E-8,0.000000,0.935484,0.527027,,2026-07-15,2026-07-15,1,4,4,1,1.000000,,1.000000,3.333333,,,,,,,,GLOBAL_BASELINE_NO_ENTITY_RANKING,,,NOT_APPLICABLE_GLOBAL_BASELINE,HF9g-P5,,,,X 全窗基线 · 不参与实体赏罚,3929904,393,A168_HF9F_20260827_0900,2026-08-27 09:00:00
2026-07-15,153063277,2258,0,228.9171401698,42.9219637827,42.9219637827,0.6923077,51,13,0.31144340289426491,0.176389858974,2.9653949295034003,4.880390431839696,2.9653949295034003,0.13505354392026491,ELIGIBLE,R03b_20260811_FULL_v1,L1_ELIGIBILITY,v2026-08-11,2026-03-21..2026-08-06,baccarat_bet02_101_all_pairs_incl_sentinel,round_win = game_pnl > 0 (decisive only),COMPATIBILITY_ONLY_NOT_PRODUCTION,316.8050,296.3659,-61.3171,74,19,0.19354839,0.19354839,,0.19354839,61.3171,316.8050,OK,0.0000,-2.4527,4.0000,96.0000,AG03-UNRESOLVED,ALL5_LEVELS_bet23_to_bet27,-2.4527,-2.4527,-2.4527,-2.4527,-2.4527,4.000000,4.000000,4.000000,4.000000,4.000000,96.000000,96.000000,96.000000,96.000000,96.000000,5.0,-12.2634,-11.3208,-49.0537,-49.9963,PENDING_AG03,FALSE,NOT_FOR_ENFORCEMENT,-58.8644,284.5113,-61.3171,-58.8644,-2.4527,-0.19354839,-0.18580645,-2.4527,-58.8644,-0.18580645,-2.4527,-2.4527,-2.4527,-2.4527,-2.4527,-58.8644,-0.18580645,-12.2634,-11.3208,-49.0537,-49.9963,-0.15483871,-0.15781407,-0.00774194,4.2811,15.5982,-3.2272,-61.3171,-15.3293,316.8050,19.0000,4.2811,,2.0439,2.0439,4.0878,10.4239,13.8985,19.458,2.0439,-2.0439,6.799995,9.520004,2.094595,4,5,1,4,1.00000000,-0.19354839,-0.19354839,0E-8,0.000000,0.935484,0.527027,,2026-07-15,2026-07-15,1,4,4,1,1.000000,,1.000000,3.333333,,,,,,,,GLOBAL_BASELINE_NO_ENTITY_RANKING,,,NOT_APPLICABLE_GLOBAL_BASELINE,HF9g-P5,,,,X 全窗基线 · 不参与实体赏罚,3929905,393,A168_HF9F_20260827_0900,2026-08-27 09:00:00
2026-07-15,153063277,595,0,18.3951273350,30.6585455586,30.6585455586,1.0000000,4,1,0.35594138889038172,0.184311250000,1.3451584688593587,2.103712144135556,1.3451584688593587,0.17163013889038172,ELIGIBLE,R03b_20260811_FULL_v1,L1_ELIGIBILITY,v2026-08-11,2026-03-21..2026-08-06,baccarat_bet02_101_all_pairs_incl_sentinel,round_win = game_pnl > 0 (decisive only),COMPATIBILITY_ONLY_NOT_PRODUCTION,316.8050,296.3659,-61.3171,74,19,0.19354839,0.19354839,,0.19354839,61.3171,316.8050,OK,0.0000,-2.4527,4.0000,96.0000,AG03-UNRESOLVED,ALL5_LEVELS_bet23_to_bet27,-2.4527,-2.4527,-2.4527,-2.4527,-2.4527,4.000000,4.000000,4.000000,4.000000,4.000000,96.000000,96.000000,96.000000,96.000000,96.000000,5.0,-12.2634,-11.3208,-49.0537,-49.9963,PENDING_AG03,FALSE,NOT_FOR_ENFORCEMENT,-58.8644,284.5113,-61.3171,-58.8644,-2.4527,-0.19354839,-0.18580645,-2.4527,-58.8644,-0.18580645,-2.4527,-2.4527,-2.4527,-2.4527,-2.4527,-58.8644,-0.18580645,-12.2634,-11.3208,-49.0537,-49.9963,-0.15483871,-0.15781407,-0.00774194,4.2811,15.5982,-3.2272,-61.3171,-15.3293,316.8050,19.0000,4.2811,,2.0439,2.0439,4.0878,10.4239,13.8985,19.458,2.0439,-2.0439,6.799995,9.520004,2.094595,4,5,1,4,1.00000000,-0.19354839,-0.19354839,0E-8,0.000000,0.935484,0.527027,,2026-07-15,2026-07-15,1,4,4,1,1.000000,,1.000000,3.333333,,,,,,,,GLOBAL_BASELINE_NO_ENTITY_RANKING,,,NOT_APPLICABLE_GLOBAL_BASELINE,HF9g-P5,,,,X 全窗基线 · 不参与实体赏罚,3929906,393,A168_HF9F_20260827_0900,2026-08-27 09:00:00
2026-07-21,153273947,1353,0,245.2683644688,122.6341822344,122.6341822344,1.0000000,2,2,0.49324550000000000,0.493245500000,1.01360149184955,1.01360149184955,1.01360149184955,0E-17,ELIGIBLE,R03b_20260811_FULL_v1,L1_ELIGIBILITY,v2026-08-11,2026-03-21..2026-08-06,baccarat_bet02_101_all_pairs_incl_sentinel,round_win = game_pnl > 0 (decisive only),COMPATIBILITY_ONLY_NOT_PRODUCTION,367.9025,183.9513,-61.3171,4,4,0.16666667,0.16666667,,0.16666667,61.3171,367.9025,THIN_EXPOSURE,0.0000,-2.4527,4.0000,96.0000,AG03-UNRESOLVED,ALL5_LEVELS_bet23_to_bet27,-2.4527,-2.4527,-2.4527,-3.6790,-3.6790,4.000000,4.000000,4.000000,6.000000,6.000000,96.000000,96.000000,96.000000,94.000000,94.000000,5.0,-14.7161,-13.3823,-46.6010,-47.9348,PENDING_AG03,FALSE,NOT_FOR_ENFORCEMENT,-58.8644,176.5932,-61.3171,-58.8644,-2.4527,-0.16666667,-0.16000000,-2.4527,-58.8644,-0.16000000,-2.4527,-2.4527,-2.4527,-3.6790,-3.6790,-58.8644,-0.16000000,-14.7161,-13.3823,-46.6010,-47.9348,-0.12666667,-0.13029212,-0.00666667,91.9756,45.9878,-15.3293,-61.3171,-30.6585,367.9025,4.0000,91.9756,,61.3171,91.9756,122.6342,122.6342,122.6342,122.6342,30.6585,0.0,1.333333,1.333333,1.0,2,2,1,1,1.00000000,-0.16666667,-0.16666667,0E-8,0.000000,0.500000,0.000000,,2026-07-21,2026-07-21,1,2,2,1,1.000000,,1.000000,3.333333,,,,,,,,GLOBAL_BASELINE_NO_ENTITY_RANKING,,,NOT_APPLICABLE_GLOBAL_BASELINE,HF9g-P5,,,,X 全窗基线 · 不参与实体赏罚,3929907,393,A168_HF9F_20260827_0900,2026-08-27 09:00:00
2026-07-21,153273947,1935,0,122.6341822344,-61.3170911172,-61.3170911172,0E-7,2,2,0.49324550000000000,0.493245500000,-0.9865810262130424,-0.9865810262130424,-0.9865810262130424,0E-17,ELIGIBLE,R03b_20260811_FULL_v1,L1_ELIGIBILITY,v2026-08-11,2026-03-21..2026-08-06,baccarat_bet02_101_all_pairs_incl_sentinel,round_win = game_pnl > 0 (decisive only),COMPATIBILITY_ONLY_NOT_PRODUCTION,367.9025,183.9513,-61.3171,4,4,0.16666667,0.16666667,,0.16666667,61.3171,367.9025,THIN_EXPOSURE,0.0000,-2.4527,4.0000,96.0000,AG03-UNRESOLVED,ALL5_LEVELS_bet23_to_bet27,-2.4527,-2.4527,-2.4527,-3.6790,-3.6790,4.000000,4.000000,4.000000,6.000000,6.000000,96.000000,96.000000,96.000000,94.000000,94.000000,5.0,-14.7161,-13.3823,-46.6010,-47.9348,PENDING_AG03,FALSE,NOT_FOR_ENFORCEMENT,-58.8644,176.5932,-61.3171,-58.8644,-2.4527,-0.16666667,-0.16000000,-2.4527,-58.8644,-0.16000000,-2.4527,-2.4527,-2.4527,-3.6790,-3.6790,-58.8644,-0.16000000,-14.7161,-13.3823,-46.6010,-47.9348,-0.12666667,-0.13029212,-0.00666667,91.9756,45.9878,-15.3293,-61.3171,-30.6585,367.9025,4.0000,91.9756,,61.3171,91.9756,122.6342,122.6342,122.6342,122.6342,30.6585,0.0,1.333333,1.333333,1.0,2,2,1,1,1.00000000,-0.16666667,-0.16666667,0E-8,0.000000,0.500000,0.000000,,2026-07-21,2026-07-21,1,2,2,1,1.000000,,1.000000,3.333333,,,,,,,,GLOBAL_BASELINE_NO_ENTITY_RANKING,,,NOT_APPLICABLE_GLOBAL_BASELINE,HF9g-P5,,,,X 全窗基线 · 不参与实体赏罚,3929908,393,A168_HF9F_20260827_0900,2026-08-27 09:00:00
2026-07-02,152419574,2134,0,388.3415770756,61.3170911172,61.3170911172,0.6000000,5,5,0.49592654000000000,0.495926540000,0.46544610904919037,0.46544610904919037,0.46544610904919037,0E-17,ELIGIBLE,R03b_20260811_FULL_v1,L1_ELIGIBILITY,v2026-08-11,2026-03-21..2026-08-06,baccarat_bet02_101_all_pairs_incl_sentinel,round_win = game_pnl > 0 (decisive only),COMPATIBILITY_ONLY_NOT_PRODUCTION,388.3416,388.3416,-61.3171,5,5,0.15789474,,0.15789474,0.15789474,61.3171,388.3416,THIN_EXPOSURE,0.0000,-2.4527,4.0000,96.0000,AG03-UNRESOLVED,ALL5_LEVELS_bet23_to_bet27,-2.4527,-2.4527,-2.4527,-2.4527,-2.4527,4.000000,4.000000,4.000000,4.000000,4.000000,96.000000,96.000000,96.000000,96.000000,96.000000,5.0,-12.2634,-11.3208,-49.0537,-49.9963,PENDING_AG03,FALSE,NOT_FOR_ENFORCEMENT,-58.8644,372.8079,-61.3171,-58.8644,-2.4527,-0.15789474,-0.15157895,-2.4527,-58.8644,-0.15157895,-2.4527,-2.4527,-2.4527,-2.4527,-2.4527,-58.8644,-0.15157895,-12.2634,-11.3208,-49.0537,-49.9963,-0.12631579,-0.12874306,-0.00631579,77.6683,77.6683,-12.2634,-61.3171,-61.3171,388.3416,5.0000,,77.6683,56.2073,81.7561,102.1952,102.1952,102.1952,102.1952,81.7561,40.8781,1.25,1.25,0.95,1,1,1,2,0E-8,-0.15789474,,0E-8,0.000000,1.000000,0.000000,,2026-07-02,2026-07-02,1,1,1,1,1.000000,,,0.000000,,,,,,,,GLOBAL_BASELINE_NO_ENTITY_RANKING,,,NOT_APPLICABLE_GLOBAL_BASELINE,HF9g-P5,,,,X 全窗基线 · 不参与实体赏罚,3929909,393,A168_HF9F_20260827_0900,2026-08-27 09:00:00
2026-07-09,152785109,1331,0,339.2879041808,8E-10,8E-10,0.5000000,35,10,0.42871747864043522,0.186973065833,0.45548280817304365,2.538865630370696,0.45548280817304365,0.24174441280743522,ELIGIBLE,R03b_20260811_FULL_v1,L1_ELIGIBILITY,v2026-08-11,2026-03-21..2026-08-06,baccarat_bet02_101_all_pairs_incl_sentinel,round_win = game_pnl > 0 (decisive only),COMPATIBILITY_ONLY_NOT_PRODUCTION,443.5270,406.7367,-61.3171,47,15,0.13824885,0.13824885,,0.13824885,61.3171,443.5270,OK,0.0000,-2.4527,4.0000,96.0000,AG03-UNRESOLVED,ALL5_LEVELS_bet23_to_bet27,-2.4527,-2.4527,-2.4527,0.0000,0.0000,4.000000,4.000000,4.000000,0.000000,0.000000,96.000000,96.000000,96.000000,100.000000,100.000000,5.0,-7.3581,-7.0677,-53.9590,-54.2494,PENDING_AG03,FALSE,NOT_FOR_ENFORCEMENT,-58.8644,390.4672,-61.3171,-58.8644,-2.4527,-0.13824885,-0.13271889,-2.4527,-58.8644,-0.13271889,-2.4527,-2.4527,-2.4527,0.0000,0.0000,-58.8644,-0.13271889,-7.3581,-7.0677,-53.9590,-54.2494,-0.12165899,-0.12231373,-0.00552995,9.4367,27.1158,-4.0878,-61.3171,-61.3171,443.5270,15.0000,9.4367,,2.0439,2.0439,19.9281,26.5707,34.7464,34.7464,2.0439,-2.0439,17.0,17.0,4.617021,1,2,1,5,1.00000000,-0.13824885,-0.13824885,0E-8,0.000000,0.917051,0.000000,,2026-07-09,2026-07-09,1,1,1,1,1.000000,,1.000000,3.333333,,,,,,,,GLOBAL_BASELINE_NO_ENTITY_RANKING,,,NOT_APPLICABLE_GLOBAL_BASELINE,HF9g-P5,,,,X 全窗基线 · 不参与实体赏罚,3929910,393,A168_HF9F_20260827_0900,2026-08-27 09:00:00
2026-07-09,152785109,2288,0,104.2390548990,61.3170911175,61.3170911175,0.4000000,12,5,0.43255191948898892,0.237906015000,-0.14691949180214728,0.8512260842249865,-0.14691949180214728,0.19464590448898892,ELIGIBLE,R03b_20260811_FULL_v1,L1_ELIGIBILITY,v2026-08-11,2026-03-21..2026-08-06,baccarat_bet02_101_all_pairs_incl_sentinel,round_win = game_pnl > 0 (decisive only),COMPATIBILITY_ONLY_NOT_PRODUCTION,443.5270,406.7367,-61.3171,47,15,0.13824885,0.13824885,,0.13824885,61.3171,443.5270,OK,0.0000,-2.4527,4.0000,96.0000,AG03-UNRESOLVED,ALL5_LEVELS_bet23_to_bet27,-2.4527,-2.4527,-2.4527,0.0000,0.0000,4.000000,4.000000,4.000000,0.000000,0.000000,96.000000,96.000000,96.000000,100.000000,100.000000,5.0,-7.3581,-7.0677,-53.9590,-54.2494,PENDING_AG03,FALSE,NOT_FOR_ENFORCEMENT,-58.8644,390.4672,-61.3171,-58.8644,-2.4527,-0.13824885,-0.13271889,-2.4527,-58.8644,-0.13271889,-2.4527,-2.4527,-2.4527,0.0000,0.0000,-58.8644,-0.13271889,-7.3581,-7.0677,-53.9590,-54.2494,-0.12165899,-0.12231373,-0.00552995,9.4367,27.1158,-4.0878,-61.3171,-61.3171,443.5270,15.0000,9.4367,,2.0439,2.0439,19.9281,26.5707,34.7464,34.7464,2.0439,-2.0439,17.0,17.0,4.617021,1,2,1,5,1.00000000,-0.13824885,-0.13824885,0E-8,0.000000,0.917051,0.000000,,2026-07-09,2026-07-09,1,1,1,1,1.000000,,1.000000,3.333333,,,,,,,,GLOBAL_BASELINE_NO_ENTITY_RANKING,,,NOT_APPLICABLE_GLOBAL_BASELINE,HF9g-P5,,,,X 全窗基线 · 不参与实体赏罚,3929911,393,A168_HF9F_20260827_0900,2026-08-27 09:00:00
2026-07-12,152917238,-1,1,20.4390303724,20.4390303724,20.4390303724,1.0000000,1,1,0.49324550000000000,0.493245500000,1.01360149184955,1.01360149184955,1.01360149184955,0E-17,SENTINEL_DEALER,R03b_20260811_FULL_v1,L1_ELIGIBILITY,v2026-08-11,2026-03-21..2026-08-06,baccarat_bet02_101_all_pairs_incl_sentinel,round_win = game_pnl > 0 (decisive only),COMPATIBILITY_ONLY_NOT_PRODUCTION,449.6587,429.2196,-61.3171,11,11,0.13636364,0.13636364,,0.13636364,61.3171,449.6587,THIN_EXPOSURE,0.0000,-2.4527,4.0000,96.0000,AG03-UNRESOLVED,ALL5_LEVELS_bet23_to_bet27,-2.4527,-2.4527,-3.0659,0.0000,0.0000,4.000000,4.000000,5.000000,0.000000,0.000000,96.000000,96.000000,95.000000,100.000000,100.000000,5.0,-7.9712,-7.6328,-53.3459,-53.6843,PENDING_AG03,FALSE,NOT_FOR_ENFORCEMENT,-58.8644,412.0509,-61.3171,-58.8644,-2.4527,-0.13636364,-0.13090909,-2.4527,-58.8644,-0.13090909,-2.4527,-2.4527,-3.0659,0.0000,0.0000,-58.8644,-0.13090909,-7.9712,-7.6328,-53.3459,-53.6843,-0.11863636,-0.11938909,-0.00545455,40.8781,39.0200,-5.5743,-61.3171,-12.2634,449.6587,11.0000,40.8781,,20.439,40.8781,61.3171,69.4927,80.7342,81.7561,40.8781,20.439,1.975,2.0,1.0,3,4,1,2,1.00000000,-0.13636364,-0.13636364,0E-8,0.000000,0.954545,0.727273,,2026-07-12,2026-07-12,1,5,3,1,1.000000,,1.000000,3.333333,,,,,,,,GLOBAL_BASELINE_NO_ENTITY_RANKING,,,NOT_APPLICABLE_GLOBAL_BASELINE,HF9g-P5,,,,X 全窗基线 · 不参与实体赏罚,3929912,393,A168_HF9F_20260827_0900,2026-08-27 09:00:00
2026-07-12,152917238,2156,0,132.8536974206,30.6585455586,30.6585455586,0.5000000,4,4,0.49659680000000000,0.496596800000,0.013613115331600182,0.013613115331600183,0.013613115331600182,0E-17,ELIGIBLE,R03b_20260811_FULL_v1,L1_ELIGIBILITY,v2026-08-11,2026-03-21..2026-08-06,baccarat_bet02_101_all_pairs_incl_sentinel,round_win = game_pnl > 0 (decisive only),COMPATIBILITY_ONLY_NOT_PRODUCTION,449.6587,429.2196,-61.3171,11,11,0.13636364,0.13636364,,0.13636364,61.3171,449.6587,THIN_EXPOSURE,0.0000,-2.4527,4.0000,96.0000,AG03-UNRESOLVED,ALL5_LEVELS_bet23_to_bet27,-2.4527,-2.4527,-3.0659,0.0000,0.0000,4.000000,4.000000,5.000000,0.000000,0.000000,96.000000,96.000000,95.000000,100.000000,100.000000,5.0,-7.9712,-7.6328,-53.3459,-53.6843,PENDING_AG03,FALSE,NOT_FOR_ENFORCEMENT,-58.8644,412.0509,-61.3171,-58.8644,-2.4527,-0.13636364,-0.13090909,-2.4527,-58.8644,-0.13090909,-2.4527,-2.4527,-3.0659,0.0000,0.0000,-58.8644,-0.13090909,-7.9712,-7.6328,-53.3459,-53.6843,-0.11863636,-0.11938909,-0.00545455,40.8781,39.0200,-5.5743,-61.3171,-12.2634,449.6587,11.0000,40.8781,,20.439,40.8781,61.3171,69.4927,80.7342,81.7561,40.8781,20.439,1.975,2.0,1.0,3,4,1,2,1.00000000,-0.13636364,-0.13636364,0E-8,0.000000,0.954545,0.727273,,2026-07-12,2026-07-12,1,5,3,1,1.000000,,1.000000,3.333333,,,,,,,,GLOBAL_BASELINE_NO_ENTITY_RANKING,,,NOT_APPLICABLE_GLOBAL_BASELINE,HF9g-P5,,,,X 全窗基线 · 不参与实体赏罚,3929913,393,A168_HF9F_20260827_0900,2026-08-27 09:00:00
2026-07-12,152917238,2241,0,10.2195151862,-10.2195151862,-10.2195151862,0E-7,1,1,0.49324550000000000,0.493245500000,-0.9865810262130424,-0.9865810262130424,-0.9865810262130424,0E-17,ELIGIBLE,R03b_20260811_FULL_v1,L1_ELIGIBILITY,v2026-08-11,2026-03-21..2026-08-06,baccarat_bet02_101_all_pairs_incl_sentinel,round_win = game_pnl > 0 (decisive only),COMPATIBILITY_ONLY_NOT_PRODUCTION,449.6587,429.2196,-61.3171,11,11,0.13636364,0.13636364,,0.13636364,61.3171,449.6587,THIN_EXPOSURE,0.0000,-2.4527,4.0000,96.0000,AG03-UNRESOLVED,ALL5_LEVELS_bet23_to_bet27,-2.4527,-2.4527,-3.0659,0.0000,0.0000,4.000000,4.000000,5.000000,0.000000,0.000000,96.000000,96.000000,95.000000,100.000000,100.000000,5.0,-7.9712,-7.6328,-53.3459,-53.6843,PENDING_AG03,FALSE,NOT_FOR_ENFORCEMENT,-58.8644,412.0509,-61.3171,-58.8644,-2.4527,-0.13636364,-0.13090909,-2.4527,-58.8644,-0.13090909,-2.4527,-2.4527,-3.0659,0.0000,0.0000,-58.8644,-0.13090909,-7.9712,-7.6328,-53.3459,-53.6843,-0.11863636,-0.11938909,-0.00545455,40.8781,39.0200,-5.5743,-61.3171,-12.2634,449.6587,11.0000,40.8781,,20.439,40.8781,61.3171,69.4927,80.7342,81.7561,40.8781,20.439,1.975,2.0,1.0,3,4,1,2,1.00000000,-0.13636364,-0.13636364,0E-8,0.000000,0.954545,0.727273,,2026-07-12,2026-07-12,1,5,3,1,1.000000,,1.000000,3.333333,,,,,,,,GLOBAL_BASELINE_NO_ENTITY_RANKING,,,NOT_APPLICABLE_GLOBAL_BASELINE,HF9g-P5,,,,X 全窗基线 · 不参与实体赏罚,3929914,393,A168_HF9F_20260827_0900,2026-08-27 09:00:00
2026-07-12,152917238,2250,0,286.1464252136,20.4390303724,20.4390303724,0.6000000,5,5,0.49860758000000000,0.498607580000,0.4534424453485946,0.4534424453485946,0.4534424453485946,0E-17,ELIGIBLE,R03b_20260811_FULL_v1,L1_ELIGIBILITY,v2026-08-11,2026-03-21..2026-08-06,baccarat_bet02_101_all_pairs_incl_sentinel,round_win = game_pnl > 0 (decisive only),COMPATIBILITY_ONLY_NOT_PRODUCTION,449.6587,429.2196,-61.3171,11,11,0.13636364,0.13636364,,0.13636364,61.3171,449.6587,THIN_EXPOSURE,0.0000,-2.4527,4.0000,96.0000,AG03-UNRESOLVED,ALL5_LEVELS_bet23_to_bet27,-2.4527,-2.4527,-3.0659,0.0000,0.0000,4.000000,4.000000,5.000000,0.000000,0.000000,96.000000,96.000000,95.000000,100.000000,100.000000,5.0,-7.9712,-7.6328,-53.3459,-53.6843,PENDING_AG03,FALSE,NOT_FOR_ENFORCEMENT,-58.8644,412.0509,-61.3171,-58.8644,-2.4527,-0.13636364,-0.13090909,-2.4527,-58.8644,-0.13090909,-2.4527,-2.4527,-3.0659,0.0000,0.0000,-58.8644,-0.13090909,-7.9712,-7.6328,-53.3459,-53.6843,-0.11863636,-0.11938909,-0.00545455,40.8781,39.0200,-5.5743,-61.3171,-12.2634,449.6587,11.0000,40.8781,,20.439,40.8781,61.3171,69.4927,80.7342,81.7561,40.8781,20.439,1.975,2.0,1.0,3,4,1,2,1.00000000,-0.13636364,-0.13636364,0E-8,0.000000,0.954545,0.727273,,2026-07-12,2026-07-12,1,5,3,1,1.000000,,1.000000,3.333333,,,,,,,,GLOBAL_BASELINE_NO_ENTITY_RANKING,,,NOT_APPLICABLE_GLOBAL_BASELINE,HF9g-P5,,,,X 全窗基线 · 不参与实体赏罚,3929915,393,A168_HF9F_20260827_0900,2026-08-27 09:00:00
2026-07-28,145812397,1307,0,224.8293340964,143.0732126068,143.0732126068,0.8333333,6,6,0.49324550000000000,0.493245500000,1.666235363940442,1.6662353639404415,1.666235363940442,0E-17,ELIGIBLE,R03b_20260811_FULL_v1,L1_ELIGIBILITY,v2026-08-11,2026-03-21..2026-08-06,baccarat_bet02_101_all_pairs_incl_sentinel,round_win = game_pnl > 0 (decisive only),COMPATIBILITY_ONLY_NOT_PRODUCTION,470.0977,470.0977,-61.3171,15,15,0.13043478,0.13043478,,0.13043478,61.3171,470.0977,THIN_EXPOSURE,0.0000,-2.4527,4.0000,96.0000,AG03-UNRESOLVED,ALL5_LEVELS_bet23_to_bet27,-2.4527,-2.4527,-2.4527,-2.4527,-2.4527,4.000000,4.000000,4.000000,4.000000,4.000000,96.000000,96.000000,96.000000,96.000000,96.000000,5.0,-12.2634,-11.3208,-49.0537,-49.9963,PENDING_AG03,FALSE,NOT_FOR_ENFORCEMENT,-58.8644,451.2938,-61.3171,-58.8644,-2.4527,-0.13043478,-0.12521739,-2.4527,-58.8644,-0.12521739,-2.4527,-2.4527,-2.4527,-2.4527,-2.4527,-58.8644,-0.12521739,-12.2634,-11.3208,-49.0537,-49.9963,-0.10434783,-0.10635296,-0.00521739,31.3398,31.3398,-4.0878,-20.4390,-15.3293,156.6992,5.0000,31.3398,,20.439,20.439,40.8781,61.3171,91.9756,102.1952,20.439,20.439,4.5,5.0,1.533333,2,4,3,1,1.00000000,-0.13043478,-0.13043478,0E-8,0.000000,1.000000,0.000000,,2026-07-28,2026-07-30,3,4,4,3,1.000000,,1.000000,3.333333,,,,,,,,GLOBAL_BASELINE_NO_ENTITY_RANKING,,,NOT_APPLICABLE_GLOBAL_BASELINE,HF9g-P5,,,,X 全窗基线 · 不参与实体赏罚,3929916,393,A168_HF9F_20260827_0900,2026-08-27 09:00:00
2026-07-28,145812397,2115,0,40.8780607448,-20.4390303724,-20.4390303724,0.3333333,3,3,0.49324550000000000,0.493245500000,-0.5540025479526107,-0.5540025479526106,-0.5540025479526107,0E-17,ELIGIBLE,R03b_20260811_FULL_v1,L1_ELIGIBILITY,v2026-08-11,2026-03-21..2026-08-06,baccarat_bet02_101_all_pairs_incl_sentinel,round_win = game_pnl > 0 (decisive only),COMPATIBILITY_ONLY_NOT_PRODUCTION,470.0977,470.0977,-61.3171,15,15,0.13043478,0.13043478,,0.13043478,61.3171,470.0977,THIN_EXPOSURE,0.0000,-2.4527,4.0000,96.0000,AG03-UNRESOLVED,ALL5_LEVELS_bet23_to_bet27,-2.4527,-2.4527,-2.4527,-2.4527,-2.4527,4.000000,4.000000,4.000000,4.000000,4.000000,96.000000,96.000000,96.000000,96.000000,96.000000,5.0,-12.2634,-11.3208,-49.0537,-49.9963,PENDING_AG03,FALSE,NOT_FOR_ENFORCEMENT,-58.8644,451.2938,-61.3171,-58.8644,-2.4527,-0.13043478,-0.12521739,-2.4527,-58.8644,-0.12521739,-2.4527,-2.4527,-2.4527,-2.4527,-2.4527,-58.8644,-0.12521739,-12.2634,-11.3208,-49.0537,-49.9963,-0.10434783,-0.10635296,-0.00521739,31.3398,31.3398,-4.0878,-20.4390,-15.3293,156.6992,5.0000,31.3398,,20.439,20.439,40.8781,61.3171,91.9756,102.1952,20.439,20.439,4.5,5.0,1.533333,2,4,3,1,1.00000000,-0.13043478,-0.13043478,0E-8,0.000000,1.000000,0.000000,,2026-07-28,2026-07-30,3,4,4,3,1.000000,,1.000000,3.333333,,,,,,,,GLOBAL_BASELINE_NO_ENTITY_RANKING,,,NOT_APPLICABLE_GLOBAL_BASELINE,HF9g-P5,,,,X 全窗基线 · 不参与实体赏罚,3929917,393,A168_HF9F_20260827_0900,2026-08-27 09:00:00
2026-07-29,145812397,2261,0,102.1951518620,40.8780607448,40.8780607448,0.6000000,5,5,0.49324550000000000,0.493245500000,0.47746420675292983,0.47746420675292983,0.47746420675292983,0E-17,ELIGIBLE,R03b_20260811_FULL_v1,L1_ELIGIBILITY,v2026-08-11,2026-03-21..2026-08-06,baccarat_bet02_101_all_pairs_incl_sentinel,round_win = game_pnl > 0 (decisive only),COMPATIBILITY_ONLY_NOT_PRODUCTION,470.0977,470.0977,-61.3171,15,15,0.13043478,0.13043478,,0.13043478,61.3171,470.0977,THIN_EXPOSURE,0.0000,-2.4527,4.0000,96.0000,AG03-UNRESOLVED,ALL5_LEVELS_bet23_to_bet27,-2.4527,-2.4527,-2.4527,-2.4527,-2.4527,4.000000,4.000000,4.000000,4.000000,4.000000,96.000000,96.000000,96.000000,96.000000,96.000000,5.0,-12.2634,-11.3208,-49.0537,-49.9963,PENDING_AG03,FALSE,NOT_FOR_ENFORCEMENT,-58.8644,451.2938,-61.3171,-58.8644,-2.4527,-0.13043478,-0.12521739,-2.4527,-58.8644,-0.12521739,-2.4527,-2.4527,-2.4527,-2.4527,-2.4527,-58.8644,-0.12521739,-12.2634,-11.3208,-49.0537,-49.9963,-0.10434783,-0.10635296,-0.00521739,31.3398,31.3398,-4.0878,-20.4390,-15.3293,156.6992,5.0000,31.3398,,20.439,20.439,40.8781,61.3171,91.9756,102.1952,20.439,20.439,4.5,5.0,1.533333,2,4,3,1,1.00000000,-0.13043478,-0.13043478,0E-8,0.000000,1.000000,0.000000,,2026-07-28,2026-07-30,3,4,4,3,1.000000,,1.000000,3.333333,,,,,,,,GLOBAL_BASELINE_NO_ENTITY_RANKING,,,NOT_APPLICABLE_GLOBAL_BASELINE,HF9g-P5,,,,X 全窗基线 · 不参与实体赏罚,3929918,393,A168_HF9F_20260827_0900,2026-08-27 09:00:00
2026-07-30,145812397,2145,0,102.1951518620,-102.1951518620,-102.1951518620,0E-7,1,1,0.49324550000000000,0.493245500000,-0.9865810262130424,-0.9865810262130424,-0.9865810262130424,0E-17,ELIGIBLE,R03b_20260811_FULL_v1,L1_ELIGIBILITY,v2026-08-11,2026-03-21..2026-08-06,baccarat_bet02_101_all_pairs_incl_sentinel,round_win = game_pnl > 0 (decisive only),COMPATIBILITY_ONLY_NOT_PRODUCTION,470.0977,470.0977,-61.3171,15,15,0.13043478,0.13043478,,0.13043478,61.3171,470.0977,THIN_EXPOSURE,0.0000,-2.4527,4.0000,96.0000,AG03-UNRESOLVED,ALL5_LEVELS_bet23_to_bet27,-2.4527,-2.4527,-2.4527,-2.4527,-2.4527,4.000000,4.000000,4.000000,4.000000,4.000000,96.000000,96.000000,96.000000,96.000000,96.000000,5.0,-12.2634,-11.3208,-49.0537,-49.9963,PENDING_AG03,FALSE,NOT_FOR_ENFORCEMENT,-58.8644,451.2938,-61.3171,-58.8644,-2.4527,-0.13043478,-0.12521739,-2.4527,-58.8644,-0.12521739,-2.4527,-2.4527,-2.4527,-2.4527,-2.4527,-58.8644,-0.12521739,-12.2634,-11.3208,-49.0537,-49.9963,-0.10434783,-0.10635296,-0.00521739,31.3398,31.3398,-4.0878,-20.4390,-15.3293,156.6992,5.0000,31.3398,,20.439,20.439,40.8781,61.3171,91.9756,102.1952,20.439,20.439,4.5,5.0,1.533333,2,4,3,1,1.00000000,-0.13043478,-0.13043478,0E-8,0.000000,1.000000,0.000000,,2026-07-28,2026-07-30,3,4,4,3,1.000000,,1.000000,3.333333,,,,,,,,GLOBAL_BASELINE_NO_ENTITY_RANKING,,,NOT_APPLICABLE_GLOBAL_BASELINE,HF9g-P5,,,,X 全窗基线 · 不参与实体赏罚,3929919,393,A168_HF9F_20260827_0900,2026-08-27 09:00:00
2026-07-15,153027680,-1,1,654.0489719168,122.6341822344,122.6341822344,0.5714286,8,8,0.49659680000000000,0.496596800000,0.3959816871769319,0.3959816871769319,0.3959816871769319,0E-17,SENTINEL_DEALER,R03b_20260811_FULL_v1,L1_ELIGIBILITY,v2026-08-11,2026-03-21..2026-08-06,baccarat_bet02_101_all_pairs_incl_sentinel,round_win = game_pnl > 0 (decisive only),COMPATIBILITY_ONLY_NOT_PRODUCTION,878.8783,797.1222,-61.3171,11,11,0.06976744,0.06976744,,0.06976744,61.3171,878.8783,THIN_EXPOSURE,0.0000,-2.4527,4.0000,96.0000,AG03-UNRESOLVED,ALL5_LEVELS_bet23_to_bet27,-2.4527,-2.4527,-2.4527,-2.4527,-2.4527,4.000000,4.000000,4.000000,4.000000,4.000000,96.000000,96.000000,96.000000,96.000000,96.000000,5.0,-12.2634,-11.3208,-49.0537,-49.9963,PENDING_AG03,FALSE,NOT_FOR_ENFORCEMENT,-58.8644,765.2373,-61.3171,-58.8644,-2.4527,-0.06976744,-0.06697674,-2.4527,-58.8644,-0.06697674,-2.4527,-2.4527,-2.4527,-2.4527,-2.4527,-58.8644,-0.06697674,-12.2634,-11.3208,-49.0537,-49.9963,-0.05581395,-0.05688647,-0.00279070,79.8980,72.4657,-5.5743,-61.3171,-30.6585,878.8783,11.0000,79.8980,,66.4268,81.7561,97.0854,102.1952,102.1952,102.1952,81.7561,0.0,1.25,1.25,0.977273,2,2,1,2,1.00000000,-0.06976744,-0.06976744,0E-8,0.000000,0.906977,0.000000,,2026-07-15,2026-07-15,1,2,2,1,1.000000,,1.000000,3.333333,,,,,,,,GLOBAL_BASELINE_NO_ENTITY_RANKING,,,NOT_APPLICABLE_GLOBAL_BASELINE,HF9g-P5,,,,X 全窗基线 · 不参与实体赏罚,3929920,393,A168_HF9F_20260827_0900,2026-08-27 09:00:00
2026-07-15,153027680,2152,0,224.8293340964,-61.3170911172,-61.3170911172,0.3333333,3,3,0.49771390000000000,0.497713900000,-0.5694369385616226,-0.5694369385616226,-0.5694369385616226,0E-17,ELIGIBLE,R03b_20260811_FULL_v1,L1_ELIGIBILITY,v2026-08-11,2026-03-21..2026-08-06,baccarat_bet02_101_all_pairs_incl_sentinel,round_win = game_pnl > 0 (decisive only),COMPATIBILITY_ONLY_NOT_PRODUCTION,878.8783,797.1222,-61.3171,11,11,0.06976744,0.06976744,,0.06976744,61.3171,878.8783,THIN_EXPOSURE,0.0000,-2.4527,4.0000,96.0000,AG03-UNRESOLVED,ALL5_LEVELS_bet23_to_bet27,-2.4527,-2.4527,-2.4527,-2.4527,-2.4527,4.000000,4.000000,4.000000,4.000000,4.000000,96.000000,96.000000,96.000000,96.000000,96.000000,5.0,-12.2634,-11.3208,-49.0537,-49.9963,PENDING_AG03,FALSE,NOT_FOR_ENFORCEMENT,-58.8644,765.2373,-61.3171,-58.8644,-2.4527,-0.06976744,-0.06697674,-2.4527,-58.8644,-0.06697674,-2.4527,-2.4527,-2.4527,-2.4527,-2.4527,-58.8644,-0.06697674,-12.2634,-11.3208,-49.0537,-49.9963,-0.05581395,-0.05688647,-0.00279070,79.8980,72.4657,-5.5743,-61.3171,-30.6585,878.8783,11.0000,79.8980,,66.4268,81.7561,97.0854,102.1952,102.1952,102.1952,81.7561,0.0,1.25,1.25,0.977273,2,2,1,2,1.00000000,-0.06976744,-0.06976744,0E-8,0.000000,0.906977,0.000000,,2026-07-15,2026-07-15,1,2,2,1,1.000000,,1.000000,3.333333,,,,,,,,GLOBAL_BASELINE_NO_ENTITY_RANKING,,,NOT_APPLICABLE_GLOBAL_BASELINE,HF9g-P5,,,,X 全窗基线 · 不参与实体赏罚,3929921,393,A168_HF9F_20260827_0900,2026-08-27 09:00:00
2026-07-22,147220795,-1,1,470.0976985652,-61.3170911172,-61.3170911172,0.3333333,4,3,0.48116541818181818,0.426805050000,-0.5124690810367716,-0.3273217721103076,-0.5124690810367716,0.05436036818181818,SENTINEL_DEALER,R03b_20260811_FULL_v1,L1_ELIGIBILITY,v2026-08-11,2026-03-21..2026-08-06,baccarat_bet02_101_all_pairs_incl_sentinel,round_win = game_pnl > 0 (decisive only),COMPATIBILITY_ONLY_NOT_PRODUCTION,1001.5125,981.0735,-61.3171,19,11,0.06122449,0.06122449,,0.06122449,61.3171,1001.5125,THIN_EXPOSURE,0.0000,-2.4527,4.0000,96.0000,AG03-UNRESOLVED,ALL5_LEVELS_bet23_to_bet27,-2.4527,-2.4527,-2.4527,-2.4527,-2.4527,4.000000,4.000000,4.000000,4.000000,4.000000,96.000000,96.000000,96.000000,96.000000,96.000000,5.0,-12.2634,-11.3208,-49.0537,-49.9963,PENDING_AG03,FALSE,NOT_FOR_ENFORCEMENT,-58.8644,941.8305,-61.3171,-58.8644,-2.4527,-0.06122449,-0.05877551,-2.4527,-58.8644,-0.05877551,-2.4527,-2.4527,-2.4527,-2.4527,-2.4527,-58.8644,-0.05877551,-12.2634,-11.3208,-49.0537,-49.9963,-0.04897959,-0.04992078,-0.00244898,52.7112,89.1885,-5.5743,-61.3171,-12.2634,1001.5125,11.0000,52.7112,,10.2195,20.439,56.2073,204.3903,204.3903,204.3903,20.439,-10.2195,10.0,10.0,2.578947,5,6,1,2,1.00000000,-0.06122449,-0.06122449,0E-8,0.000000,0.979592,0.000000,,2026-07-22,2026-07-22,1,5,5,1,1.000000,,1.000000,3.333333,,,,,,,,GLOBAL_BASELINE_NO_ENTITY_RANKING,,,NOT_APPLICABLE_GLOBAL_BASELINE,HF9g-P5,,,,X 全窗基线 · 不参与实体赏罚,3929922,393,A168_HF9F_20260827_0900,2026-08-27 09:00:00
2026-07-22,147220795,2117,0,40.8780607448,-40.8780607448,-40.8780607448,0E-7,2,1,0.29392415000000000,0.293924150000,-0.6451964315166089,-0.6451964315166089,-0.6451964315166089,0E-17,ELIGIBLE,R03b_20260811_FULL_v1,L1_ELIGIBILITY,v2026-08-11,2026-03-21..2026-08-06,baccarat_bet02_101_all_pairs_incl_sentinel,round_win = game_pnl > 0 (decisive only),COMPATIBILITY_ONLY_NOT_PRODUCTION,1001.5125,981.0735,-61.3171,19,11,0.06122449,0.06122449,,0.06122449,61.3171,1001.5125,THIN_EXPOSURE,0.0000,-2.4527,4.0000,96.0000,AG03-UNRESOLVED,ALL5_LEVELS_bet23_to_bet27,-2.4527,-2.4527,-2.4527,-2.4527,-2.4527,4.000000,4.000000,4.000000,4.000000,4.000000,96.000000,96.000000,96.000000,96.000000,96.000000,5.0,-12.2634,-11.3208,-49.0537,-49.9963,PENDING_AG03,FALSE,NOT_FOR_ENFORCEMENT,-58.8644,941.8305,-61.3171,-58.8644,-2.4527,-0.06122449,-0.05877551,-2.4527,-58.8644,-0.05877551,-2.4527,-2.4527,-2.4527,-2.4527,-2.4527,-58.8644,-0.05877551,-12.2634,-11.3208,-49.0537,-49.9963,-0.04897959,-0.04992078,-0.00244898,52.7112,89.1885,-5.5743,-61.3171,-12.2634,1001.5125,11.0000,52.7112,,10.2195,20.439,56.2073,204.3903,204.3903,204.3903,20.439,-10.2195,10.0,10.0,2.578947,5,6,1,2,1.00000000,-0.06122449,-0.06122449,0E-8,0.000000,0.979592,0.000000,,2026-07-22,2026-07-22,1,5,5,1,1.000000,,1.000000,3.333333,,,,,,,,GLOBAL_BASELINE_NO_ENTITY_RANKING,,,NOT_APPLICABLE_GLOBAL_BASELINE,HF9g-P5,,,,X 全窗基线 · 不参与实体赏罚,3929923,393,A168_HF9F_20260827_0900,2026-08-27 09:00:00
2026-07-22,147220795,2134,0,51.0975759310,10.2195151862,10.2195151862,1.0000000,3,2,0.42680505000000000,0.393584825000,1.158874490233742,1.2412688522058144,1.158874490233742,0.03322022500000000,ELIGIBLE,R03b_20260811_FULL_v1,L1_ELIGIBILITY,v2026-08-11,2026-03-21..2026-08-06,baccarat_bet02_101_all_pairs_incl_sentinel,round_win = game_pnl > 0 (decisive only),COMPATIBILITY_ONLY_NOT_PRODUCTION,1001.5125,981.0735,-61.3171,19,11,0.06122449,0.06122449,,0.06122449,61.3171,1001.5125,THIN_EXPOSURE,0.0000,-2.4527,4.0000,96.0000,AG03-UNRESOLVED,ALL5_LEVELS_bet23_to_bet27,-2.4527,-2.4527,-2.4527,-2.4527,-2.4527,4.000000,4.000000,4.000000,4.000000,4.000000,96.000000,96.000000,96.000000,96.000000,96.000000,5.0,-12.2634,-11.3208,-49.0537,-49.9963,PENDING_AG03,FALSE,NOT_FOR_ENFORCEMENT,-58.8644,941.8305,-61.3171,-58.8644,-2.4527,-0.06122449,-0.05877551,-2.4527,-58.8644,-0.05877551,-2.4527,-2.4527,-2.4527,-2.4527,-2.4527,-58.8644,-0.05877551,-12.2634,-11.3208,-49.0537,-49.9963,-0.04897959,-0.04992078,-0.00244898,52.7112,89.1885,-5.5743,-61.3171,-12.2634,1001.5125,11.0000,52.7112,,10.2195,20.439,56.2073,204.3903,204.3903,204.3903,20.439,-10.2195,10.0,10.0,2.578947,5,6,1,2,1.00000000,-0.06122449,-0.06122449,0E-8,0.000000,0.979592,0.000000,,2026-07-22,2026-07-22,1,5,5,1,1.000000,,1.000000,3.333333,,,,,,,,GLOBAL_BASELINE_NO_ENTITY_RANKING,,,NOT_APPLICABLE_GLOBAL_BASELINE,HF9g-P5,,,,X 全窗基线 · 不参与实体赏罚,3929924,393,A168_HF9F_20260827_0900,2026-08-27 09:00:00
2026-07-22,147220795,2235,0,20.4390303724,0E-10,0E-10,,2,1,0.29392415000000000,0.293924150000,,,,0E-17,NO_DECISIVE_ROUND,R03b_20260811_FULL_v1,L1_ELIGIBILITY,v2026-08-11,2026-03-21..2026-08-06,baccarat_bet02_101_all_pairs_incl_sentinel,round_win = game_pnl > 0 (decisive only),COMPATIBILITY_ONLY_NOT_PRODUCTION,1001.5125,981.0735,-61.3171,19,11,0.06122449,0.06122449,,0.06122449,61.3171,1001.5125,THIN_EXPOSURE,0.0000,-2.4527,4.0000,96.0000,AG03-UNRESOLVED,ALL5_LEVELS_bet23_to_bet27,-2.4527,-2.4527,-2.4527,-2.4527,-2.4527,4.000000,4.000000,4.000000,4.000000,4.000000,96.000000,96.000000,96.000000,96.000000,96.000000,5.0,-12.2634,-11.3208,-49.0537,-49.9963,PENDING_AG03,FALSE,NOT_FOR_ENFORCEMENT,-58.8644,941.8305,-61.3171,-58.8644,-2.4527,-0.06122449,-0.05877551,-2.4527,-58.8644,-0.05877551,-2.4527,-2.4527,-2.4527,-2.4527,-2.4527,-58.8644,-0.05877551,-12.2634,-11.3208,-49.0537,-49.9963,-0.04897959,-0.04992078,-0.00244898,52.7112,89.1885,-5.5743,-61.3171,-12.2634,1001.5125,11.0000,52.7112,,10.2195,20.439,56.2073,204.3903,204.3903,204.3903,20.439,-10.2195,10.0,10.0,2.578947,5,6,1,2,1.00000000,-0.06122449,-0.06122449,0E-8,0.000000,0.979592,0.000000,,2026-07-22,2026-07-22,1,5,5,1,1.000000,,1.000000,3.333333,,,,,,,,GLOBAL_BASELINE_NO_ENTITY_RANKING,,,NOT_APPLICABLE_GLOBAL_BASELINE,HF9g-P5,,,,X 全窗基线 · 不参与实体赏罚,3929925,393,A168_HF9F_20260827_0900,2026-08-27 09:00:00
2026-07-22,147220795,595,0,398.5610922618,173.7317581654,173.7317581654,0.6666667,6,3,0.43560625246753247,0.293924150000,0.8071384296907439,1.417184018803805,0.8071384296907439,0.14168210246753247,ELIGIBLE,R03b_20260811_FULL_v1,L1_ELIGIBILITY,v2026-08-11,2026-03-21..2026-08-06,baccarat_bet02_101_all_pairs_incl_sentinel,round_win = game_pnl > 0 (decisive only),COMPATIBILITY_ONLY_NOT_PRODUCTION,1001.5125,981.0735,-61.3171,19,11,0.06122449,0.06122449,,0.06122449,61.3171,1001.5125,THIN_EXPOSURE,0.0000,-2.4527,4.0000,96.0000,AG03-UNRESOLVED,ALL5_LEVELS_bet23_to_bet27,-2.4527,-2.4527,-2.4527,-2.4527,-2.4527,4.000000,4.000000,4.000000,4.000000,4.000000,96.000000,96.000000,96.000000,96.000000,96.000000,5.0,-12.2634,-11.3208,-49.0537,-49.9963,PENDING_AG03,FALSE,NOT_FOR_ENFORCEMENT,-58.8644,941.8305,-61.3171,-58.8644,-2.4527,-0.06122449,-0.05877551,-2.4527,-58.8644,-0.05877551,-2.4527,-2.4527,-2.4527,-2.4527,-2.4527,-58.8644,-0.05877551,-12.2634,-11.3208,-49.0537,-49.9963,-0.04897959,-0.04992078,-0.00244898,52.7112,89.1885,-5.5743,-61.3171,-12.2634,1001.5125,11.0000,52.7112,,10.2195,20.439,56.2073,204.3903,204.3903,204.3903,20.439,-10.2195,10.0,10.0,2.578947,5,6,1,2,1.00000000,-0.06122449,-0.06122449,0E-8,0.000000,0.979592,0.000000,,2026-07-22,2026-07-22,1,5,5,1,1.000000,,1.000000,3.333333,,,,,,,,GLOBAL_BASELINE_NO_ENTITY_RANKING,,,NOT_APPLICABLE_GLOBAL_BASELINE,HF9g-P5,,,,X 全窗基线 · 不参与实体赏罚,3929926,393,A168_HF9F_20260827_0900,2026-08-27 09:00:00
2026-07-22,147220795,986,0,20.4390303724,-20.4390303724,-20.4390303724,0E-7,2,1,0.29392415000000000,0.293924150000,-0.6451964315166089,-0.6451964315166089,-0.6451964315166089,0E-17,ELIGIBLE,R03b_20260811_FULL_v1,L1_ELIGIBILITY,v2026-08-11,2026-03-21..2026-08-06,baccarat_bet02_101_all_pairs_incl_sentinel,round_win = game_pnl > 0 (decisive only),COMPATIBILITY_ONLY_NOT_PRODUCTION,1001.5125,981.0735,-61.3171,19,11,0.06122449,0.06122449,,0.06122449,61.3171,1001.5125,THIN_EXPOSURE,0.0000,-2.4527,4.0000,96.0000,AG03-UNRESOLVED,ALL5_LEVELS_bet23_to_bet27,-2.4527,-2.4527,-2.4527,-2.4527,-2.4527,4.000000,4.000000,4.000000,4.000000,4.000000,96.000000,96.000000,96.000000,96.000000,96.000000,5.0,-12.2634,-11.3208,-49.0537,-49.9963,PENDING_AG03,FALSE,NOT_FOR_ENFORCEMENT,-58.8644,941.8305,-61.3171,-58.8644,-2.4527,-0.06122449,-0.05877551,-2.4527,-58.8644,-0.05877551,-2.4527,-2.4527,-2.4527,-2.4527,-2.4527,-58.8644,-0.05877551,-12.2634,-11.3208,-49.0537,-49.9963,-0.04897959,-0.04992078,-0.00244898,52.7112,89.1885,-5.5743,-61.3171,-12.2634,1001.5125,11.0000,52.7112,,10.2195,20.439,56.2073,204.3903,204.3903,204.3903,20.439,-10.2195,10.0,10.0,2.578947,5,6,1,2,1.00000000,-0.06122449,-0.06122449,0E-8,0.000000,0.979592,0.000000,,2026-07-22,2026-07-22,1,5,5,1,1.000000,,1.000000,3.333333,,,,,,,,GLOBAL_BASELINE_NO_ENTITY_RANKING,,,NOT_APPLICABLE_GLOBAL_BASELINE,HF9g-P5,,,,X 全窗基线 · 不参与实体赏罚,3929927,393,A168_HF9F_20260827_0900,2026-08-27 09:00:00
2026-07-19,153203829,-1,1,261.6195887668,0E-10,0E-10,0.4285714,7,7,0.49899058571428571,0.498990585714,-0.3726239140161595,-0.3726239140146481,-0.3726239140161595,2.8571E-13,SENTINEL_DEALER,R03b_20260811_FULL_v1,L1_ELIGIBILITY,v2026-08-11,2026-03-21..2026-08-06,baccarat_bet02_101_all_pairs_incl_sentinel,round_win = game_pnl > 0 (decisive only),COMPATIBILITY_ONLY_NOT_PRODUCTION,1115.9711,972.8978,-61.3171,45,45,0.05494505,0.05494505,,0.05494505,61.3171,1115.9711,OK,0.0000,-2.4527,4.0000,96.0000,AG03-UNRESOLVED,ALL5_LEVELS_bet23_to_bet27,-2.4527,-2.4527,-2.4527,-2.4527,-2.4527,4.000000,4.000000,4.000000,4.000000,4.000000,96.000000,96.000000,96.000000,96.000000,96.000000,5.0,-12.2634,-11.3208,-49.0537,-49.9963,PENDING_AG03,FALSE,NOT_FOR_ENFORCEMENT,-58.8644,933.9819,-61.3171,-58.8644,-2.4527,-0.05494505,-0.05274725,-2.4527,-58.8644,-0.05274725,-2.4527,-2.4527,-2.4527,-2.4527,-2.4527,-58.8644,-0.05274725,-12.2634,-11.3208,-49.0537,-49.9963,-0.04395604,-0.0448007,-0.00219780,24.7994,21.6200,-1.3626,-20.4390,-3.6069,371.9904,15.0000,24.7994,,10.2195,20.439,40.8781,40.8781,45.9878,81.7561,20.439,0.0,2.25,4.0,1.213333,15,13,2,2,1.00000000,-0.05494505,-0.05494505,0E-8,0.000000,0.871795,0.400000,,2026-07-19,2026-07-23,3,17,18,5,0.600000,,1.000000,3.333333,,,,,,,,GLOBAL_BASELINE_NO_ENTITY_RANKING,,,NOT_APPLICABLE_GLOBAL_BASELINE,HF9g-P5,,,,X 全窗基线 · 不参与实体赏罚,3929928,393,A168_HF9F_20260827_0900,2026-08-27 09:00:00
2026-07-19,153203829,1302,0,40.8780607448,-40.8780607448,-40.8780607448,0E-7,1,1,0.49324550000000000,0.493245500000,-0.9865810262130424,-0.9865810262130424,-0.9865810262130424,0E-17,ELIGIBLE,R03b_20260811_FULL_v1,L1_ELIGIBILITY,v2026-08-11,2026-03-21..2026-08-06,baccarat_bet02_101_all_pairs_incl_sentinel,round_win = game_pnl > 0 (decisive only),COMPATIBILITY_ONLY_NOT_PRODUCTION,1115.9711,972.8978,-61.3171,45,45,0.05494505,0.05494505,,0.05494505,61.3171,1115.9711,OK,0.0000,-2.4527,4.0000,96.0000,AG03-UNRESOLVED,ALL5_LEVELS_bet23_to_bet27,-2.4527,-2.4527,-2.4527,-2.4527,-2.4527,4.000000,4.000000,4.000000,4.000000,4.000000,96.000000,96.000000,96.000000,96.000000,96.000000,5.0,-12.2634,-11.3208,-49.0537,-49.9963,PENDING_AG03,FALSE,NOT_FOR_ENFORCEMENT,-58.8644,933.9819,-61.3171,-58.8644,-2.4527,-0.05494505,-0.05274725,-2.4527,-58.8644,-0.05274725,-2.4527,-2.4527,-2.4527,-2.4527,-2.4527,-58.8644,-0.05274725,-12.2634,-11.3208,-49.0537,-49.9963,-0.04395604,-0.0448007,-0.00219780,24.7994,21.6200,-1.3626,-20.4390,-3.6069,371.9904,15.0000,24.7994,,10.2195,20.439,40.8781,40.8781,45.9878,81.7561,20.439,0.0,2.25,4.0,1.213333,15,13,2,2,1.00000000,-0.05494505,-0.05494505,0E-8,0.000000,0.871795,0.400000,,2026-07-19,2026-07-23,3,17,18,5,0.600000,,1.000000,3.333333,,,,,,,,GLOBAL_BASELINE_NO_ENTITY_RANKING,,,NOT_APPLICABLE_GLOBAL_BASELINE,HF9g-P5,,,,X 全窗基线 · 不参与实体赏罚,3929929,393,A168_HF9F_20260827_0900,2026-08-27 09:00:00
2026-07-19,153203829,1963,0,143.0732126068,20.4390303724,20.4390303724,0.6666667,7,7,0.49324550000000000,0.493245500000,0.8496642703256836,0.8496642703256835,0.8496642703256836,0E-17,ELIGIBLE,R03b_20260811_FULL_v1,L1_ELIGIBILITY,v2026-08-11,2026-03-21..2026-08-06,baccarat_bet02_101_all_pairs_incl_sentinel,round_win = game_pnl > 0 (decisive only),COMPATIBILITY_ONLY_NOT_PRODUCTION,1115.9711,972.8978,-61.3171,45,45,0.05494505,0.05494505,,0.05494505,61.3171,1115.9711,OK,0.0000,-2.4527,4.0000,96.0000,AG03-UNRESOLVED,ALL5_LEVELS_bet23_to_bet27,-2.4527,-2.4527,-2.4527,-2.4527,-2.4527,4.000000,4.000000,4.000000,4.000000,4.000000,96.000000,96.000000,96.000000,96.000000,96.000000,5.0,-12.2634,-11.3208,-49.0537,-49.9963,PENDING_AG03,FALSE,NOT_FOR_ENFORCEMENT,-58.8644,933.9819,-61.3171,-58.8644,-2.4527,-0.05494505,-0.05274725,-2.4527,-58.8644,-0.05274725,-2.4527,-2.4527,-2.4527,-2.4527,-2.4527,-58.8644,-0.05274725,-12.2634,-11.3208,-49.0537,-49.9963,-0.04395604,-0.0448007,-0.00219780,24.7994,21.6200,-1.3626,-20.4390,-3.6069,371.9904,15.0000,24.7994,,10.2195,20.439,40.8781,40.8781,45.9878,81.7561,20.439,0.0,2.25,4.0,1.213333,15,13,2,2,1.00000000,-0.05494505,-0.05494505,0E-8,0.000000,0.871795,0.400000,,2026-07-19,2026-07-23,3,17,18,5,0.600000,,1.000000,3.333333,,,,,,,,GLOBAL_BASELINE_NO_ENTITY_RANKING,,,NOT_APPLICABLE_GLOBAL_BASELINE,HF9g-P5,,,,X 全窗基线 · 不参与实体赏罚,3929930,393,A168_HF9F_20260827_0900,2026-08-27 09:00:00
2026-07-19,153203829,2170,0,30.6585455586,-10.2195151862,-10.2195151862,0E-7,2,2,0.49324550000000000,0.493245500000,-0.9865810262130424,-0.9865810262130424,-0.9865810262130424,0E-17,ELIGIBLE,R03b_20260811_FULL_v1,L1_ELIGIBILITY,v2026-08-11,2026-03-21..2026-08-06,baccarat_bet02_101_all_pairs_incl_sentinel,round_win = game_pnl > 0 (decisive only),COMPATIBILITY_ONLY_NOT_PRODUCTION,1115.9711,972.8978,-61.3171,45,45,0.05494505,0.05494505,,0.05494505,61.3171,1115.9711,OK,0.0000,-2.4527,4.0000,96.0000,AG03-UNRESOLVED,ALL5_LEVELS_bet23_to_bet27,-2.4527,-2.4527,-2.4527,-2.4527,-2.4527,4.000000,4.000000,4.000000,4.000000,4.000000,96.000000,96.000000,96.000000,96.000000,96.000000,5.0,-12.2634,-11.3208,-49.0537,-49.9963,PENDING_AG03,FALSE,NOT_FOR_ENFORCEMENT,-58.8644,933.9819,-61.3171,-58.8644,-2.4527,-0.05494505,-0.05274725,-2.4527,-58.8644,-0.05274725,-2.4527,-2.4527,-2.4527,-2.4527,-2.4527,-58.8644,-0.05274725,-12.2634,-11.3208,-49.0537,-49.9963,-0.04395604,-0.0448007,-0.00219780,24.7994,21.6200,-1.3626,-20.4390,-3.6069,371.9904,15.0000,24.7994,,10.2195,20.439,40.8781,40.8781,45.9878,81.7561,20.439,0.0,2.25,4.0,1.213333,15,13,2,2,1.00000000,-0.05494505,-0.05494505,0E-8,0.000000,0.871795,0.400000,,2026-07-19,2026-07-23,3,17,18,5,0.600000,,1.000000,3.333333,,,,,,,,GLOBAL_BASELINE_NO_ENTITY_RANKING,,,NOT_APPLICABLE_GLOBAL_BASELINE,HF9g-P5,,,,X 全窗基线 · 不参与实体赏罚,3929931,393,A168_HF9F_20260827_0900,2026-08-27 09:00:00
2026-07-19,153203829,2212,0,204.3903037240,163.5122429792,163.5122429792,0.8000000,5,5,0.49324550000000000,0.493245500000,1.3719730223118614,1.3719730223118614,1.3719730223118614,0E-17,ELIGIBLE,R03b_20260811_FULL_v1,L1_ELIGIBILITY,v2026-08-11,2026-03-21..2026-08-06,baccarat_bet02_101_all_pairs_incl_sentinel,round_win = game_pnl > 0 (decisive only),COMPATIBILITY_ONLY_NOT_PRODUCTION,1115.9711,972.8978,-61.3171,45,45,0.05494505,0.05494505,,0.05494505,61.3171,1115.9711,OK,0.0000,-2.4527,4.0000,96.0000,AG03-UNRESOLVED,ALL5_LEVELS_bet23_to_bet27,-2.4527,-2.4527,-2.4527,-2.4527,-2.4527,4.000000,4.000000,4.000000,4.000000,4.000000,96.000000,96.000000,96.000000,96.000000,96.000000,5.0,-12.2634,-11.3208,-49.0537,-49.9963,PENDING_AG03,FALSE,NOT_FOR_ENFORCEMENT,-58.8644,933.9819,-61.3171,-58.8644,-2.4527,-0.05494505,-0.05274725,-2.4527,-58.8644,-0.05274725,-2.4527,-2.4527,-2.4527,-2.4527,-2.4527,-58.8644,-0.05274725,-12.2634,-11.3208,-49.0537,-49.9963,-0.04395604,-0.0448007,-0.00219780,24.7994,21.6200,-1.3626,-20.4390,-3.6069,371.9904,15.0000,24.7994,,10.2195,20.439,40.8781,40.8781,45.9878,81.7561,20.439,0.0,2.25,4.0,1.213333,15,13,2,2,1.00000000,-0.05494505,-0.05494505,0E-8,0.000000,0.871795,0.400000,,2026-07-19,2026-07-23,3,17,18,5,0.600000,,1.000000,3.333333,,,,,,,,GLOBAL_BASELINE_NO_ENTITY_RANKING,,,NOT_APPLICABLE_GLOBAL_BASELINE,HF9g-P5,,,,X 全窗基线 · 不参与实体赏罚,3929932,393,A168_HF9F_20260827_0900,2026-08-27 09:00:00
2026-07-19,153203829,2287,0,10.2195151862,-10.2195151862,-10.2195151862,0E-7,1,1,0.50665070000000000,0.506650700000,-1.013391052207602,-1.013391052207602,-1.013391052207602,0E-17,ELIGIBLE,R03b_20260811_FULL_v1,L1_ELIGIBILITY,v2026-08-11,2026-03-21..2026-08-06,baccarat_bet02_101_all_pairs_incl_sentinel,round_win = game_pnl > 0 (decisive only),COMPATIBILITY_ONLY_NOT_PRODUCTION,1115.9711,972.8978,-61.3171,45,45,0.05494505,0.05494505,,0.05494505,61.3171,1115.9711,OK,0.0000,-2.4527,4.0000,96.0000,AG03-UNRESOLVED,ALL5_LEVELS_bet23_to_bet27,-2.4527,-2.4527,-2.4527,-2.4527,-2.4527,4.000000,4.000000,4.000000,4.000000,4.000000,96.000000,96.000000,96.000000,96.000000,96.000000,5.0,-12.2634,-11.3208,-49.0537,-49.9963,PENDING_AG03,FALSE,NOT_FOR_ENFORCEMENT,-58.8644,933.9819,-61.3171,-58.8644,-2.4527,-0.05494505,-0.05274725,-2.4527,-58.8644,-0.05274725,-2.4527,-2.4527,-2.4527,-2.4527,-2.4527,-58.8644,-0.05274725,-12.2634,-11.3208,-49.0537,-49.9963,-0.04395604,-0.0448007,-0.00219780,24.7994,21.6200,-1.3626,-20.4390,-3.6069,371.9904,15.0000,24.7994,,10.2195,20.439,40.8781,40.8781,45.9878,81.7561,20.439,0.0,2.25,4.0,1.213333,15,13,2,2,1.00000000,-0.05494505,-0.05494505,0E-8,0.000000,0.871795,0.400000,,2026-07-19,2026-07-23,3,17,18,5,0.600000,,1.000000,3.333333,,,,,,,,GLOBAL_BASELINE_NO_ENTITY_RANKING,,,NOT_APPLICABLE_GLOBAL_BASELINE,HF9g-P5,,,,X 全窗基线 · 不参与实体赏罚,3929933,393,A168_HF9F_20260827_0900,2026-08-27 09:00:00
2026-07-22,153203829,-1,1,110.3707640110,29.1256182807,29.1256182807,0.6666667,6,6,0.50665070000000000,0.506650700000,0.7839842952205449,0.7839842952205449,0.7839842952205449,0E-17,SENTINEL_DEALER,R03b_20260811_FULL_v1,L1_ELIGIBILITY,v2026-08-11,2026-03-21..2026-08-06,baccarat_bet02_101_all_pairs_incl_sentinel,round_win = game_pnl > 0 (decisive only),COMPATIBILITY_ONLY_NOT_PRODUCTION,1115.9711,972.8978,-61.3171,45,45,0.05494505,0.05494505,,0.05494505,61.3171,1115.9711,OK,0.0000,-2.4527,4.0000,96.0000,AG03-UNRESOLVED,ALL5_LEVELS_bet23_to_bet27,-2.4527,-2.4527,-2.4527,-2.4527,-2.4527,4.000000,4.000000,4.000000,4.000000,4.000000,96.000000,96.000000,96.000000,96.000000,96.000000,5.0,-12.2634,-11.3208,-49.0537,-49.9963,PENDING_AG03,FALSE,NOT_FOR_ENFORCEMENT,-58.8644,933.9819,-61.3171,-58.8644,-2.4527,-0.05494505,-0.05274725,-2.4527,-58.8644,-0.05274725,-2.4527,-2.4527,-2.4527,-2.4527,-2.4527,-58.8644,-0.05274725,-12.2634,-11.3208,-49.0537,-49.9963,-0.04395604,-0.0448007,-0.00219780,24.7994,21.6200,-1.3626,-20.4390,-3.6069,371.9904,15.0000,24.7994,,10.2195,20.439,40.8781,40.8781,45.9878,81.7561,20.439,0.0,2.25,4.0,1.213333,15,13,2,2,1.00000000,-0.05494505,-0.05494505,0E-8,0.000000,0.871795,0.400000,,2026-07-19,2026-07-23,3,17,18,5,0.600000,,1.000000,3.333333,,,,,,,,GLOBAL_BASELINE_NO_ENTITY_RANKING,,,NOT_APPLICABLE_GLOBAL_BASELINE,HF9g-P5,,,,X 全窗基线 · 不参与实体赏罚,3929934,393,A168_HF9F_20260827_0900,2026-08-27 09:00:00
2026-07-22,153203829,1017,0,61.3170911172,-20.4390303724,-20.4390303724,0E-7,2,2,0.49324550000000000,0.493245500000,-0.9865810262130424,-0.9865810262130424,-0.9865810262130424,0E-17,ELIGIBLE,R03b_20260811_FULL_v1,L1_ELIGIBILITY,v2026-08-11,2026-03-21..2026-08-06,baccarat_bet02_101_all_pairs_incl_sentinel,round_win = game_pnl > 0 (decisive only),COMPATIBILITY_ONLY_NOT_PRODUCTION,1115.9711,972.8978,-61.3171,45,45,0.05494505,0.05494505,,0.05494505,61.3171,1115.9711,OK,0.0000,-2.4527,4.0000,96.0000,AG03-UNRESOLVED,ALL5_LEVELS_bet23_to_bet27,-2.4527,-2.4527,-2.4527,-2.4527,-2.4527,4.000000,4.000000,4.000000,4.000000,4.000000,96.000000,96.000000,96.000000,96.000000,96.000000,5.0,-12.2634,-11.3208,-49.0537,-49.9963,PENDING_AG03,FALSE,NOT_FOR_ENFORCEMENT,-58.8644,933.9819,-61.3171,-58.8644,-2.4527,-0.05494505,-0.05274725,-2.4527,-58.8644,-0.05274725,-2.4527,-2.4527,-2.4527,-2.4527,-2.4527,-58.8644,-0.05274725,-12.2634,-11.3208,-49.0537,-49.9963,-0.04395604,-0.0448007,-0.00219780,24.7994,21.6200,-1.3626,-20.4390,-3.6069,371.9904,15.0000,24.7994,,10.2195,20.439,40.8781,40.8781,45.9878,81.7561,20.439,0.0,2.25,4.0,1.213333,15,13,2,2,1.00000000,-0.05494505,-0.05494505,0E-8,0.000000,0.871795,0.400000,,2026-07-19,2026-07-23,3,17,18,5,0.600000,,1.000000,3.333333,,,,,,,,GLOBAL_BASELINE_NO_ENTITY_RANKING,,,NOT_APPLICABLE_GLOBAL_BASELINE,HF9g-P5,,,,X 全窗基线 · 不参与实体赏罚,3929935,393,A168_HF9F_20260827_0900,2026-08-27 09:00:00
2026-07-22,153203829,1210,0,8.1756121490,-8.1756121490,-8.1756121490,0E-7,1,1,0.50665070000000000,0.506650700000,-1.013391052207602,-1.013391052207602,-1.013391052207602,0E-17,ELIGIBLE,R03b_20260811_FULL_v1,L1_ELIGIBILITY,v2026-08-11,2026-03-21..2026-08-06,baccarat_bet02_101_all_pairs_incl_sentinel,round_win = game_pnl > 0 (decisive only),COMPATIBILITY_ONLY_NOT_PRODUCTION,1115.9711,972.8978,-61.3171,45,45,0.05494505,0.05494505,,0.05494505,61.3171,1115.9711,OK,0.0000,-2.4527,4.0000,96.0000,AG03-UNRESOLVED,ALL5_LEVELS_bet23_to_bet27,-2.4527,-2.4527,-2.4527,-2.4527,-2.4527,4.000000,4.000000,4.000000,4.000000,4.000000,96.000000,96.000000,96.000000,96.000000,96.000000,5.0,-12.2634,-11.3208,-49.0537,-49.9963,PENDING_AG03,FALSE,NOT_FOR_ENFORCEMENT,-58.8644,933.9819,-61.3171,-58.8644,-2.4527,-0.05494505,-0.05274725,-2.4527,-58.8644,-0.05274725,-2.4527,-2.4527,-2.4527,-2.4527,-2.4527,-58.8644,-0.05274725,-12.2634,-11.3208,-49.0537,-49.9963,-0.04395604,-0.0448007,-0.00219780,24.7994,21.6200,-1.3626,-20.4390,-3.6069,371.9904,15.0000,24.7994,,10.2195,20.439,40.8781,40.8781,45.9878,81.7561,20.439,0.0,2.25,4.0,1.213333,15,13,2,2,1.00000000,-0.05494505,-0.05494505,0E-8,0.000000,0.871795,0.400000,,2026-07-19,2026-07-23,3,17,18,5,0.600000,,1.000000,3.333333,,,,,,,,GLOBAL_BASELINE_NO_ENTITY_RANKING,,,NOT_APPLICABLE_GLOBAL_BASELINE,HF9g-P5,,,,X 全窗基线 · 不参与实体赏罚,3929936,393,A168_HF9F_20260827_0900,2026-08-27 09:00:00
2026-07-22,153203829,1645,0,40.8780607448,0E-10,0E-10,0.5000000,2,2,0.49324550000000000,0.493245500000,0.01910635448239258,0.01910635448239258,0.01910635448239258,0E-17,ELIGIBLE,R03b_20260811_FULL_v1,L1_ELIGIBILITY,v2026-08-11,2026-03-21..2026-08-06,baccarat_bet02_101_all_pairs_incl_sentinel,round_win = game_pnl > 0 (decisive only),COMPATIBILITY_ONLY_NOT_PRODUCTION,1115.9711,972.8978,-61.3171,45,45,0.05494505,0.05494505,,0.05494505,61.3171,1115.9711,OK,0.0000,-2.4527,4.0000,96.0000,AG03-UNRESOLVED,ALL5_LEVELS_bet23_to_bet27,-2.4527,-2.4527,-2.4527,-2.4527,-2.4527,4.000000,4.000000,4.000000,4.000000,4.000000,96.000000,96.000000,96.000000,96.000000,96.000000,5.0,-12.2634,-11.3208,-49.0537,-49.9963,PENDING_AG03,FALSE,NOT_FOR_ENFORCEMENT,-58.8644,933.9819,-61.3171,-58.8644,-2.4527,-0.05494505,-0.05274725,-2.4527,-58.8644,-0.05274725,-2.4527,-2.4527,-2.4527,-2.4527,-2.4527,-58.8644,-0.05274725,-12.2634,-11.3208,-49.0537,-49.9963,-0.04395604,-0.0448007,-0.00219780,24.7994,21.6200,-1.3626,-20.4390,-3.6069,371.9904,15.0000,24.7994,,10.2195,20.439,40.8781,40.8781,45.9878,81.7561,20.439,0.0,2.25,4.0,1.213333,15,13,2,2,1.00000000,-0.05494505,-0.05494505,0E-8,0.000000,0.871795,0.400000,,2026-07-19,2026-07-23,3,17,18,5,0.600000,,1.000000,3.333333,,,,,,,,GLOBAL_BASELINE_NO_ENTITY_RANKING,,,NOT_APPLICABLE_GLOBAL_BASELINE,HF9g-P5,,,,X 全窗基线 · 不参与实体赏罚,3929937,393,A168_HF9F_20260827_0900,2026-08-27 09:00:00
2026-07-22,153203829,1935,0,61.3170911172,20.4390303724,20.4390303724,1.0000000,2,2,0.49324550000000000,0.493245500000,1.01360149184955,1.01360149184955,1.01360149184955,0E-17,ELIGIBLE,R03b_20260811_FULL_v1,L1_ELIGIBILITY,v2026-08-11,2026-03-21..2026-08-06,baccarat_bet02_101_all_pairs_incl_sentinel,round_win = game_pnl > 0 (decisive only),COMPATIBILITY_ONLY_NOT_PRODUCTION,1115.9711,972.8978,-61.3171,45,45,0.05494505,0.05494505,,0.05494505,61.3171,1115.9711,OK,0.0000,-2.4527,4.0000,96.0000,AG03-UNRESOLVED,ALL5_LEVELS_bet23_to_bet27,-2.4527,-2.4527,-2.4527,-2.4527,-2.4527,4.000000,4.000000,4.000000,4.000000,4.000000,96.000000,96.000000,96.000000,96.000000,96.000000,5.0,-12.2634,-11.3208,-49.0537,-49.9963,PENDING_AG03,FALSE,NOT_FOR_ENFORCEMENT,-58.8644,933.9819,-61.3171,-58.8644,-2.4527,-0.05494505,-0.05274725,-2.4527,-58.8644,-0.05274725,-2.4527,-2.4527,-2.4527,-2.4527,-2.4527,-58.8644,-0.05274725,-12.2634,-11.3208,-49.0537,-49.9963,-0.04395604,-0.0448007,-0.00219780,24.7994,21.6200,-1.3626,-20.4390,-3.6069,371.9904,15.0000,24.7994,,10.2195,20.439,40.8781,40.8781,45.9878,81.7561,20.439,0.0,2.25,4.0,1.213333,15,13,2,2,1.00000000,-0.05494505,-0.05494505,0E-8,0.000000,0.871795,0.400000,,2026-07-19,2026-07-23,3,17,18,5,0.600000,,1.000000,3.333333,,,,,,,,GLOBAL_BASELINE_NO_ENTITY_RANKING,,,NOT_APPLICABLE_GLOBAL_BASELINE,HF9g-P5,,,,X 全窗基线 · 不参与实体赏罚,3929938,393,A168_HF9F_20260827_0900,2026-08-27 09:00:00
2026-07-22,153203829,1963,0,20.4390303724,-20.4390303724,-20.4390303724,0E-7,1,1,0.49324550000000000,0.493245500000,-0.9865810262130424,-0.9865810262130424,-0.9865810262130424,0E-17,ELIGIBLE,R03b_20260811_FULL_v1,L1_ELIGIBILITY,v2026-08-11,2026-03-21..2026-08-06,baccarat_bet02_101_all_pairs_incl_sentinel,round_win = game_pnl > 0 (decisive only),COMPATIBILITY_ONLY_NOT_PRODUCTION,1115.9711,972.8978,-61.3171,45,45,0.05494505,0.05494505,,0.05494505,61.3171,1115.9711,OK,0.0000,-2.4527,4.0000,96.0000,AG03-UNRESOLVED,ALL5_LEVELS_bet23_to_bet27,-2.4527,-2.4527,-2.4527,-2.4527,-2.4527,4.000000,4.000000,4.000000,4.000000,4.000000,96.000000,96.000000,96.000000,96.000000,96.000000,5.0,-12.2634,-11.3208,-49.0537,-49.9963,PENDING_AG03,FALSE,NOT_FOR_ENFORCEMENT,-58.8644,933.9819,-61.3171,-58.8644,-2.4527,-0.05494505,-0.05274725,-2.4527,-58.8644,-0.05274725,-2.4527,-2.4527,-2.4527,-2.4527,-2.4527,-58.8644,-0.05274725,-12.2634,-11.3208,-49.0537,-49.9963,-0.04395604,-0.0448007,-0.00219780,24.7994,21.6200,-1.3626,-20.4390,-3.6069,371.9904,15.0000,24.7994,,10.2195,20.439,40.8781,40.8781,45.9878,81.7561,20.439,0.0,2.25,4.0,1.213333,15,13,2,2,1.00000000,-0.05494505,-0.05494505,0E-8,0.000000,0.871795,0.400000,,2026-07-19,2026-07-23,3,17,18,5,0.600000,,1.000000,3.333333,,,,,,,,GLOBAL_BASELINE_NO_ENTITY_RANKING,,,NOT_APPLICABLE_GLOBAL_BASELINE,HF9g-P5,,,,X 全窗基线 · 不参与实体赏罚,3929939,393,A168_HF9F_20260827_0900,2026-08-27 09:00:00
2026-07-22,153203829,2142,0,20.4390303724,-20.4390303724,-20.4390303724,0E-7,1,1,0.49324550000000000,0.493245500000,-0.9865810262130424,-0.9865810262130424,-0.9865810262130424,0E-17,ELIGIBLE,R03b_20260811_FULL_v1,L1_ELIGIBILITY,v2026-08-11,2026-03-21..2026-08-06,baccarat_bet02_101_all_pairs_incl_sentinel,round_win = game_pnl > 0 (decisive only),COMPATIBILITY_ONLY_NOT_PRODUCTION,1115.9711,972.8978,-61.3171,45,45,0.05494505,0.05494505,,0.05494505,61.3171,1115.9711,OK,0.0000,-2.4527,4.0000,96.0000,AG03-UNRESOLVED,ALL5_LEVELS_bet23_to_bet27,-2.4527,-2.4527,-2.4527,-2.4527,-2.4527,4.000000,4.000000,4.000000,4.000000,4.000000,96.000000,96.000000,96.000000,96.000000,96.000000,5.0,-12.2634,-11.3208,-49.0537,-49.9963,PENDING_AG03,FALSE,NOT_FOR_ENFORCEMENT,-58.8644,933.9819,-61.3171,-58.8644,-2.4527,-0.05494505,-0.05274725,-2.4527,-58.8644,-0.05274725,-2.4527,-2.4527,-2.4527,-2.4527,-2.4527,-58.8644,-0.05274725,-12.2634,-11.3208,-49.0537,-49.9963,-0.04395604,-0.0448007,-0.00219780,24.7994,21.6200,-1.3626,-20.4390,-3.6069,371.9904,15.0000,24.7994,,10.2195,20.439,40.8781,40.8781,45.9878,81.7561,20.439,0.0,2.25,4.0,1.213333,15,13,2,2,1.00000000,-0.05494505,-0.05494505,0E-8,0.000000,0.871795,0.400000,,2026-07-19,2026-07-23,3,17,18,5,0.600000,,1.000000,3.333333,,,,,,,,GLOBAL_BASELINE_NO_ENTITY_RANKING,,,NOT_APPLICABLE_GLOBAL_BASELINE,HF9g-P5,,,,X 全窗基线 · 不参与实体赏罚,3929940,393,A168_HF9F_20260827_0900,2026-08-27 09:00:00
2026-07-22,153203829,2267,0,30.6585455586,-0.5109757593,-0.5109757593,0.5000000,3,3,0.50665070000000000,0.506650700000,-0.018812684590367487,-0.018812684590367487,-0.018812684590367487,0E-17,ELIGIBLE,R03b_20260811_FULL_v1,L1_ELIGIBILITY,v2026-08-11,2026-03-21..2026-08-06,baccarat_bet02_101_all_pairs_incl_sentinel,round_win = game_pnl > 0 (decisive only),COMPATIBILITY_ONLY_NOT_PRODUCTION,1115.9711,972.8978,-61.3171,45,45,0.05494505,0.05494505,,0.05494505,61.3171,1115.9711,OK,0.0000,-2.4527,4.0000,96.0000,AG03-UNRESOLVED,ALL5_LEVELS_bet23_to_bet27,-2.4527,-2.4527,-2.4527,-2.4527,-2.4527,4.000000,4.000000,4.000000,4.000000,4.000000,96.000000,96.000000,96.000000,96.000000,96.000000,5.0,-12.2634,-11.3208,-49.0537,-49.9963,PENDING_AG03,FALSE,NOT_FOR_ENFORCEMENT,-58.8644,933.9819,-61.3171,-58.8644,-2.4527,-0.05494505,-0.05274725,-2.4527,-58.8644,-0.05274725,-2.4527,-2.4527,-2.4527,-2.4527,-2.4527,-58.8644,-0.05274725,-12.2634,-11.3208,-49.0537,-49.9963,-0.04395604,-0.0448007,-0.00219780,24.7994,21.6200,-1.3626,-20.4390,-3.6069,371.9904,15.0000,24.7994,,10.2195,20.439,40.8781,40.8781,45.9878,81.7561,20.439,0.0,2.25,4.0,1.213333,15,13,2,2,1.00000000,-0.05494505,-0.05494505,0E-8,0.000000,0.871795,0.400000,,2026-07-19,2026-07-23,3,17,18,5,0.600000,,1.000000,3.333333,,,,,,,,GLOBAL_BASELINE_NO_ENTITY_RANKING,,,NOT_APPLICABLE_GLOBAL_BASELINE,HF9g-P5,,,,X 全窗基线 · 不参与实体赏罚,3929941,393,A168_HF9F_20260827_0900,2026-08-27 09:00:00
2026-07-22,153203829,550,0,30.6585455586,0E-10,0E-10,0.5000000,3,3,0.49324550000000000,0.493245500000,0.01910635448239258,0.01910635448239258,0.01910635448239258,0E-17,ELIGIBLE,R03b_20260811_FULL_v1,L1_ELIGIBILITY,v2026-08-11,2026-03-21..2026-08-06,baccarat_bet02_101_all_pairs_incl_sentinel,round_win = game_pnl > 0 (decisive only),COMPATIBILITY_ONLY_NOT_PRODUCTION,1115.9711,972.8978,-61.3171,45,45,0.05494505,0.05494505,,0.05494505,61.3171,1115.9711,OK,0.0000,-2.4527,4.0000,96.0000,AG03-UNRESOLVED,ALL5_LEVELS_bet23_to_bet27,-2.4527,-2.4527,-2.4527,-2.4527,-2.4527,4.000000,4.000000,4.000000,4.000000,4.000000,96.000000,96.000000,96.000000,96.000000,96.000000,5.0,-12.2634,-11.3208,-49.0537,-49.9963,PENDING_AG03,FALSE,NOT_FOR_ENFORCEMENT,-58.8644,933.9819,-61.3171,-58.8644,-2.4527,-0.05494505,-0.05274725,-2.4527,-58.8644,-0.05274725,-2.4527,-2.4527,-2.4527,-2.4527,-2.4527,-58.8644,-0.05274725,-12.2634,-11.3208,-49.0537,-49.9963,-0.04395604,-0.0448007,-0.00219780,24.7994,21.6200,-1.3626,-20.4390,-3.6069,371.9904,15.0000,24.7994,,10.2195,20.439,40.8781,40.8781,45.9878,81.7561,20.439,0.0,2.25,4.0,1.213333,15,13,2,2,1.00000000,-0.05494505,-0.05494505,0E-8,0.000000,0.871795,0.400000,,2026-07-19,2026-07-23,3,17,18,5,0.600000,,1.000000,3.333333,,,,,,,,GLOBAL_BASELINE_NO_ENTITY_RANKING,,,NOT_APPLICABLE_GLOBAL_BASELINE,HF9g-P5,,,,X 全窗基线 · 不参与实体赏罚,3929942,393,A168_HF9F_20260827_0900,2026-08-27 09:00:00
2026-07-23,153203829,1017,0,40.8780607448,-40.8780607448,-40.8780607448,0E-7,1,1,0.49324550000000000,0.493245500000,-0.9865810262130424,-0.9865810262130424,-0.9865810262130424,0E-17,ELIGIBLE,R03b_20260811_FULL_v1,L1_ELIGIBILITY,v2026-08-11,2026-03-21..2026-08-06,baccarat_bet02_101_all_pairs_incl_sentinel,round_win = game_pnl > 0 (decisive only),COMPATIBILITY_ONLY_NOT_PRODUCTION,1115.9711,972.8978,-61.3171,45,45,0.05494505,0.05494505,,0.05494505,61.3171,1115.9711,OK,0.0000,-2.4527,4.0000,96.0000,AG03-UNRESOLVED,ALL5_LEVELS_bet23_to_bet27,-2.4527,-2.4527,-2.4527,-2.4527,-2.4527,4.000000,4.000000,4.000000,4.000000,4.000000,96.000000,96.000000,96.000000,96.000000,96.000000,5.0,-12.2634,-11.3208,-49.0537,-49.9963,PENDING_AG03,FALSE,NOT_FOR_ENFORCEMENT,-58.8644,933.9819,-61.3171,-58.8644,-2.4527,-0.05494505,-0.05274725,-2.4527,-58.8644,-0.05274725,-2.4527,-2.4527,-2.4527,-2.4527,-2.4527,-58.8644,-0.05274725,-12.2634,-11.3208,-49.0537,-49.9963,-0.04395604,-0.0448007,-0.00219780,24.7994,21.6200,-1.3626,-20.4390,-3.6069,371.9904,15.0000,24.7994,,10.2195,20.439,40.8781,40.8781,45.9878,81.7561,20.439,0.0,2.25,4.0,1.213333,15,13,2,2,1.00000000,-0.05494505,-0.05494505,0E-8,0.000000,0.871795,0.400000,,2026-07-19,2026-07-23,3,17,18,5,0.600000,,1.000000,3.333333,,,,,,,,GLOBAL_BASELINE_NO_ENTITY_RANKING,,,NOT_APPLICABLE_GLOBAL_BASELINE,HF9g-P5,,,,X 全窗基线 · 不参与实体赏罚,3929943,393,A168_HF9F_20260827_0900,2026-08-27 09:00:00
2026-07-04,152556457,2167,0,296.3659403998,102.1951518620,102.1951518620,0.2500000,4,4,0.49994810000000000,0.499948100000,-0.9997924053861017,-0.9997924053861017,-0.9997924053861017,0E-17,ELIGIBLE,R03b_20260811_FULL_v1,L1_ELIGIBILITY,v2026-08-11,2026-03-21..2026-08-06,baccarat_bet02_101_all_pairs_incl_sentinel,round_win = game_pnl > 0 (decisive only),COMPATIBILITY_ONLY_NOT_PRODUCTION,2687.7325,1972.3664,-61.3171,20,20,0.02281369,,0.02281369,0.02281369,61.3171,2687.7325,THIN_EXPOSURE,0.0000,-2.4527,4.0000,96.0000,AG03-UNRESOLVED,ALL5_LEVELS_bet23_to_bet27,-2.4527,-2.4527,-2.4527,-3.6790,-3.6790,4.000000,4.000000,4.000000,6.000000,6.000000,96.000000,96.000000,96.000000,94.000000,94.000000,5.0,-14.7161,-13.3823,-46.6010,-47.9348,PENDING_AG03,FALSE,NOT_FOR_ENFORCEMENT,-58.8644,1893.4718,-61.3171,-58.8644,-2.4527,-0.02281369,-0.02190114,-2.4527,-58.8644,-0.02190114,-2.4527,-2.4527,-2.4527,-3.6790,-3.6790,-58.8644,-0.02190114,-14.7161,-13.3823,-46.6010,-47.9348,-0.01733840,-0.01783466,-0.00091255,134.3866,98.6183,-3.0659,-30.6585,-10.2195,1343.8662,10.0000,,134.3866,102.1952,102.1952,204.3903,204.3903,204.3903,204.3903,102.1952,0.0,2.0,2.0,1.315,5,7,1,2,0E-8,-0.02281369,,0E-8,0.000000,0.733840,0.000000,,2026-07-04,2026-07-05,2,6,6,2,1.000000,,,0.000000,,,,,,,,GLOBAL_BASELINE_NO_ENTITY_RANKING,,,NOT_APPLICABLE_GLOBAL_BASELINE,HF9g-P5,,,,X 全窗基线 · 不参与实体赏罚,3929944,393,A168_HF9F_20260827_0900,2026-08-27 09:00:00
2026-07-04,152556457,2267,0,306.5854555860,-306.5854555860,-306.5854555860,0E-7,2,2,0.49994810000000000,0.499948100000,-1.4140667746232096,-1.4140667746232096,-1.4140667746232096,0E-17,ELIGIBLE,R03b_20260811_FULL_v1,L1_ELIGIBILITY,v2026-08-11,2026-03-21..2026-08-06,baccarat_bet02_101_all_pairs_incl_sentinel,round_win = game_pnl > 0 (decisive only),COMPATIBILITY_ONLY_NOT_PRODUCTION,2687.7325,1972.3664,-61.3171,20,20,0.02281369,,0.02281369,0.02281369,61.3171,2687.7325,THIN_EXPOSURE,0.0000,-2.4527,4.0000,96.0000,AG03-UNRESOLVED,ALL5_LEVELS_bet23_to_bet27,-2.4527,-2.4527,-2.4527,-3.6790,-3.6790,4.000000,4.000000,4.000000,6.000000,6.000000,96.000000,96.000000,96.000000,94.000000,94.000000,5.0,-14.7161,-13.3823,-46.6010,-47.9348,PENDING_AG03,FALSE,NOT_FOR_ENFORCEMENT,-58.8644,1893.4718,-61.3171,-58.8644,-2.4527,-0.02281369,-0.02190114,-2.4527,-58.8644,-0.02190114,-2.4527,-2.4527,-2.4527,-3.6790,-3.6790,-58.8644,-0.02190114,-14.7161,-13.3823,-46.6010,-47.9348,-0.01733840,-0.01783466,-0.00091255,134.3866,98.6183,-3.0659,-30.6585,-10.2195,1343.8662,10.0000,,134.3866,102.1952,102.1952,204.3903,204.3903,204.3903,204.3903,102.1952,0.0,2.0,2.0,1.315,5,7,1,2,0E-8,-0.02281369,,0E-8,0.000000,0.733840,0.000000,,2026-07-04,2026-07-05,2,6,6,2,1.000000,,,0.000000,,,,,,,,GLOBAL_BASELINE_NO_ENTITY_RANKING,,,NOT_APPLICABLE_GLOBAL_BASELINE,HF9g-P5,,,,X 全窗基线 · 不参与实体赏罚,3929945,393,A168_HF9F_20260827_0900,2026-08-27 09:00:00
2026-07-05,152556457,1384,0,408.7806074480,408.7806074480,408.7806074480,1.0000000,2,2,0.49324550000000000,0.493245500000,1.4334489766152358,1.4334489766152358,1.4334489766152358,0E-17,ELIGIBLE,R03b_20260811_FULL_v1,L1_ELIGIBILITY,v2026-08-11,2026-03-21..2026-08-06,baccarat_bet02_101_all_pairs_incl_sentinel,round_win = game_pnl > 0 (decisive only),COMPATIBILITY_ONLY_NOT_PRODUCTION,2687.7325,1972.3664,-61.3171,20,20,0.02281369,,0.02281369,0.02281369,61.3171,2687.7325,THIN_EXPOSURE,0.0000,-2.4527,4.0000,96.0000,AG03-UNRESOLVED,ALL5_LEVELS_bet23_to_bet27,-2.4527,-2.4527,-2.4527,-3.6790,-3.6790,4.000000,4.000000,4.000000,6.000000,6.000000,96.000000,96.000000,96.000000,94.000000,94.000000,5.0,-14.7161,-13.3823,-46.6010,-47.9348,PENDING_AG03,FALSE,NOT_FOR_ENFORCEMENT,-58.8644,1893.4718,-61.3171,-58.8644,-2.4527,-0.02281369,-0.02190114,-2.4527,-58.8644,-0.02190114,-2.4527,-2.4527,-2.4527,-3.6790,-3.6790,-58.8644,-0.02190114,-14.7161,-13.3823,-46.6010,-47.9348,-0.01733840,-0.01783466,-0.00091255,134.3866,98.6183,-3.0659,-30.6585,-10.2195,1343.8662,10.0000,,134.3866,102.1952,102.1952,204.3903,204.3903,204.3903,204.3903,102.1952,0.0,2.0,2.0,1.315,5,7,1,2,0E-8,-0.02281369,,0E-8,0.000000,0.733840,0.000000,,2026-07-04,2026-07-05,2,6,6,2,1.000000,,,0.000000,,,,,,,,GLOBAL_BASELINE_NO_ENTITY_RANKING,,,NOT_APPLICABLE_GLOBAL_BASELINE,HF9g-P5,,,,X 全窗基线 · 不参与实体赏罚,3929946,393,A168_HF9F_20260827_0900,2026-08-27 09:00:00
2026-07-05,152556457,1623,0,143.0732126068,-143.0732126068,-143.0732126068,0E-7,1,1,0.50665070000000000,0.506650700000,-1.013391052207602,-1.013391052207602,-1.013391052207602,0E-17,ELIGIBLE,R03b_20260811_FULL_v1,L1_ELIGIBILITY,v2026-08-11,2026-03-21..2026-08-06,baccarat_bet02_101_all_pairs_incl_sentinel,round_win = game_pnl > 0 (decisive only),COMPATIBILITY_ONLY_NOT_PRODUCTION,2687.7325,1972.3664,-61.3171,20,20,0.02281369,,0.02281369,0.02281369,61.3171,2687.7325,THIN_EXPOSURE,0.0000,-2.4527,4.0000,96.0000,AG03-UNRESOLVED,ALL5_LEVELS_bet23_to_bet27,-2.4527,-2.4527,-2.4527,-3.6790,-3.6790,4.000000,4.000000,4.000000,6.000000,6.000000,96.000000,96.000000,96.000000,94.000000,94.000000,5.0,-14.7161,-13.3823,-46.6010,-47.9348,PENDING_AG03,FALSE,NOT_FOR_ENFORCEMENT,-58.8644,1893.4718,-61.3171,-58.8644,-2.4527,-0.02281369,-0.02190114,-2.4527,-58.8644,-0.02190114,-2.4527,-2.4527,-2.4527,-3.6790,-3.6790,-58.8644,-0.02190114,-14.7161,-13.3823,-46.6010,-47.9348,-0.01733840,-0.01783466,-0.00091255,134.3866,98.6183,-3.0659,-30.6585,-10.2195,1343.8662,10.0000,,134.3866,102.1952,102.1952,204.3903,204.3903,204.3903,204.3903,102.1952,0.0,2.0,2.0,1.315,5,7,1,2,0E-8,-0.02281369,,0E-8,0.000000,0.733840,0.000000,,2026-07-04,2026-07-05,2,6,6,2,1.000000,,,0.000000,,,,,,,,GLOBAL_BASELINE_NO_ENTITY_RANKING,,,NOT_APPLICABLE_GLOBAL_BASELINE,HF9g-P5,,,,X 全窗基线 · 不参与实体赏罚,3929947,393,A168_HF9F_20260827_0900,2026-08-27 09:00:00
2026-07-05,152556457,1942,0,102.1951518620,102.1951518620,102.1951518620,1.0000000,1,1,0.49324550000000000,0.493245500000,1.01360149184955,1.01360149184955,1.01360149184955,0E-17,ELIGIBLE,R03b_20260811_FULL_v1,L1_ELIGIBILITY,v2026-08-11,2026-03-21..2026-08-06,baccarat_bet02_101_all_pairs_incl_sentinel,round_win = game_pnl > 0 (decisive only),COMPATIBILITY_ONLY_NOT_PRODUCTION,2687.7325,1972.3664,-61.3171,20,20,0.02281369,,0.02281369,0.02281369,61.3171,2687.7325,THIN_EXPOSURE,0.0000,-2.4527,4.0000,96.0000,AG03-UNRESOLVED,ALL5_LEVELS_bet23_to_bet27,-2.4527,-2.4527,-2.4527,-3.6790,-3.6790,4.000000,4.000000,4.000000,6.000000,6.000000,96.000000,96.000000,96.000000,94.000000,94.000000,5.0,-14.7161,-13.3823,-46.6010,-47.9348,PENDING_AG03,FALSE,NOT_FOR_ENFORCEMENT,-58.8644,1893.4718,-61.3171,-58.8644,-2.4527,-0.02281369,-0.02190114,-2.4527,-58.8644,-0.02190114,-2.4527,-2.4527,-2.4527,-3.6790,-3.6790,-58.8644,-0.02190114,-14.7161,-13.3823,-46.6010,-47.9348,-0.01733840,-0.01783466,-0.00091255,134.3866,98.6183,-3.0659,-30.6585,-10.2195,1343.8662,10.0000,,134.3866,102.1952,102.1952,204.3903,204.3903,204.3903,204.3903,102.1952,0.0,2.0,2.0,1.315,5,7,1,2,0E-8,-0.02281369,,0E-8,0.000000,0.733840,0.000000,,2026-07-04,2026-07-05,2,6,6,2,1.000000,,,0.000000,,,,,,,,GLOBAL_BASELINE_NO_ENTITY_RANKING,,,NOT_APPLICABLE_GLOBAL_BASELINE,HF9g-P5,,,,X 全窗基线 · 不参与实体赏罚,3929948,393,A168_HF9F_20260827_0900,2026-08-27 09:00:00
2026-07-05,152556457,2171,0,510.9757593100,-204.3903037240,-204.3903037240,0E-7,4,4,0.50329940000000000,0.503299400000,-1.4235766693920513,-1.4235766693920513,-1.4235766693920513,0E-17,ELIGIBLE,R03b_20260811_FULL_v1,L1_ELIGIBILITY,v2026-08-11,2026-03-21..2026-08-06,baccarat_bet02_101_all_pairs_incl_sentinel,round_win = game_pnl > 0 (decisive only),COMPATIBILITY_ONLY_NOT_PRODUCTION,2687.7325,1972.3664,-61.3171,20,20,0.02281369,,0.02281369,0.02281369,61.3171,2687.7325,THIN_EXPOSURE,0.0000,-2.4527,4.0000,96.0000,AG03-UNRESOLVED,ALL5_LEVELS_bet23_to_bet27,-2.4527,-2.4527,-2.4527,-3.6790,-3.6790,4.000000,4.000000,4.000000,6.000000,6.000000,96.000000,96.000000,96.000000,94.000000,94.000000,5.0,-14.7161,-13.3823,-46.6010,-47.9348,PENDING_AG03,FALSE,NOT_FOR_ENFORCEMENT,-58.8644,1893.4718,-61.3171,-58.8644,-2.4527,-0.02281369,-0.02190114,-2.4527,-58.8644,-0.02190114,-2.4527,-2.4527,-2.4527,-3.6790,-3.6790,-58.8644,-0.02190114,-14.7161,-13.3823,-46.6010,-47.9348,-0.01733840,-0.01783466,-0.00091255,134.3866,98.6183,-3.0659,-30.6585,-10.2195,1343.8662,10.0000,,134.3866,102.1952,102.1952,204.3903,204.3903,204.3903,204.3903,102.1952,0.0,2.0,2.0,1.315,5,7,1,2,0E-8,-0.02281369,,0E-8,0.000000,0.733840,0.000000,,2026-07-04,2026-07-05,2,6,6,2,1.000000,,,0.000000,,,,,,,,GLOBAL_BASELINE_NO_ENTITY_RANKING,,,NOT_APPLICABLE_GLOBAL_BASELINE,HF9g-P5,,,,X 全窗基线 · 不参与实体赏罚,3929949,393,A168_HF9F_20260827_0900,2026-08-27 09:00:00
2026-07-05,152556457,970,0,919.7563667580,102.1951518620,102.1951518620,0.6666667,6,6,0.49994810000000000,0.499948100000,0.5775300591747329,0.5775300591747329,0.5775300591747329,0E-17,ELIGIBLE,R03b_20260811_FULL_v1,L1_ELIGIBILITY,v2026-08-11,2026-03-21..2026-08-06,baccarat_bet02_101_all_pairs_incl_sentinel,round_win = game_pnl > 0 (decisive only),COMPATIBILITY_ONLY_NOT_PRODUCTION,2687.7325,1972.3664,-61.3171,20,20,0.02281369,,0.02281369,0.02281369,61.3171,2687.7325,THIN_EXPOSURE,0.0000,-2.4527,4.0000,96.0000,AG03-UNRESOLVED,ALL5_LEVELS_bet23_to_bet27,-2.4527,-2.4527,-2.4527,-3.6790,-3.6790,4.000000,4.000000,4.000000,6.000000,6.000000,96.000000,96.000000,96.000000,94.000000,94.000000,5.0,-14.7161,-13.3823,-46.6010,-47.9348,PENDING_AG03,FALSE,NOT_FOR_ENFORCEMENT,-58.8644,1893.4718,-61.3171,-58.8644,-2.4527,-0.02281369,-0.02190114,-2.4527,-58.8644,-0.02190114,-2.4527,-2.4527,-2.4527,-3.6790,-3.6790,-58.8644,-0.02190114,-14.7161,-13.3823,-46.6010,-47.9348,-0.01733840,-0.01783466,-0.00091255,134.3866,98.6183,-3.0659,-30.6585,-10.2195,1343.8662,10.0000,,134.3866,102.1952,102.1952,204.3903,204.3903,204.3903,204.3903,102.1952,0.0,2.0,2.0,1.315,5,7,1,2,0E-8,-0.02281369,,0E-8,0.000000,0.733840,0.000000,,2026-07-04,2026-07-05,2,6,6,2,1.000000,,,0.000000,,,,,,,,GLOBAL_BASELINE_NO_ENTITY_RANKING,,,NOT_APPLICABLE_GLOBAL_BASELINE,HF9g-P5,,,,X 全窗基线 · 不参与实体赏罚,3929950,393,A168_HF9F_20260827_0900,2026-08-27 09:00:00
2026-07-26,125631055,1109,0,1124.1466704820,490.5367289376,490.5367289376,0.6666667,6,6,0.49994810000000000,0.499948100000,0.8167508423630434,0.8167508423630434,0.8167508423630434,0E-17,ELIGIBLE,R03b_20260811_FULL_v1,L1_ELIGIBILITY,v2026-08-11,2026-03-21..2026-08-06,baccarat_bet02_101_all_pairs_incl_sentinel,round_win = game_pnl > 0 (decisive only),COMPATIBILITY_ONLY_NOT_PRODUCTION,2963.6594,2759.2691,-61.3171,15,15,0.02068966,0.02068966,,0.02068966,61.3171,2963.6594,THIN_EXPOSURE,0.0000,-2.4527,4.0000,96.0000,AG03-UNRESOLVED,ALL5_LEVELS_bet23_to_bet27,-2.4527,-2.4527,-2.4527,-3.6790,-3.6790,4.000000,4.000000,4.000000,6.000000,6.000000,96.000000,96.000000,96.000000,94.000000,94.000000,5.0,-14.7161,-13.3823,-46.6010,-47.9348,PENDING_AG03,FALSE,NOT_FOR_ENFORCEMENT,-58.8644,2648.8983,-61.3171,-58.8644,-2.4527,-0.02068966,-0.01986207,-2.4527,-58.8644,-0.01986207,-2.4527,-2.4527,-2.4527,-3.6790,-3.6790,-58.8644,-0.01986207,-14.7161,-13.3823,-46.6010,-47.9348,-0.01572414,-0.01617419,-0.00082759,197.5773,183.9513,-4.0878,-61.3171,-61.3171,2963.6594,15.0000,197.5773,,204.3903,204.3903,204.3903,204.3903,204.3903,204.3903,204.3903,0.0,1.0,1.0,0.966667,1,2,1,2,1.00000000,-0.02068966,-0.02068966,0E-8,0.000000,0.931034,0.000000,,2026-07-26,2026-07-26,1,1,1,1,1.000000,,1.000000,3.333333,,,,,,,,GLOBAL_BASELINE_NO_ENTITY_RANKING,,,NOT_APPLICABLE_GLOBAL_BASELINE,HF9g-P5,,,,X 全窗基线 · 不参与实体赏罚,3929951,393,A168_HF9F_20260827_0900,2026-08-27 09:00:00
2026-07-26,125631055,462,0,1839.5127335160,-429.2196378204,-429.2196378204,0.3750000,9,9,0.50516123333333333,0.505161233333,-0.7363423568065913,-0.7363423568047006,-0.7363423568065913,3.3333E-13,ELIGIBLE,R03b_20260811_FULL_v1,L1_ELIGIBILITY,v2026-08-11,2026-03-21..2026-08-06,baccarat_bet02_101_all_pairs_incl_sentinel,round_win = game_pnl > 0 (decisive only),COMPATIBILITY_ONLY_NOT_PRODUCTION,2963.6594,2759.2691,-61.3171,15,15,0.02068966,0.02068966,,0.02068966,61.3171,2963.6594,THIN_EXPOSURE,0.0000,-2.4527,4.0000,96.0000,AG03-UNRESOLVED,ALL5_LEVELS_bet23_to_bet27,-2.4527,-2.4527,-2.4527,-3.6790,-3.6790,4.000000,4.000000,4.000000,6.000000,6.000000,96.000000,96.000000,96.000000,94.000000,94.000000,5.0,-14.7161,-13.3823,-46.6010,-47.9348,PENDING_AG03,FALSE,NOT_FOR_ENFORCEMENT,-58.8644,2648.8983,-61.3171,-58.8644,-2.4527,-0.02068966,-0.01986207,-2.4527,-58.8644,-0.01986207,-2.4527,-2.4527,-2.4527,-3.6790,-3.6790,-58.8644,-0.01986207,-14.7161,-13.3823,-46.6010,-47.9348,-0.01572414,-0.01617419,-0.00082759,197.5773,183.9513,-4.0878,-61.3171,-61.3171,2963.6594,15.0000,197.5773,,204.3903,204.3903,204.3903,204.3903,204.3903,204.3903,204.3903,0.0,1.0,1.0,0.966667,1,2,1,2,1.00000000,-0.02068966,-0.02068966,0E-8,0.000000,0.931034,0.000000,,2026-07-26,2026-07-26,1,1,1,1,1.000000,,1.000000,3.333333,,,,,,,,GLOBAL_BASELINE_NO_ENTITY_RANKING,,,NOT_APPLICABLE_GLOBAL_BASELINE,HF9g-P5,,,,X 全窗基线 · 不参与实体赏罚,3929952,393,A168_HF9F_20260827_0900,2026-08-27 09:00:00
2026-03-25,140450063,-1,1,110.3915662653,51.2575301203,51.2575301203,0.6956522,25,25,0.50075241200000000,0.500752412000,1.8694149607793027,1.8694149607793027,1.8694149607793027,0E-17,SENTINEL_DEALER,R03b_20260811_FULL_v1,L1_ELIGIBILITY,v2026-08-11,2026-03-21..2026-08-06,baccarat_bet02_101_all_pairs_incl_sentinel,round_win = game_pnl > 0 (decisive only),COMPATIBILITY_ONLY_NOT_PRODUCTION,1295.7961,1097.2845,-61.3156,387,386,0.04731885,-1.00000000,0.05011432,0.04731885,61.3156,1295.7961,OK,0.0000,-2.4526,4.0000,96.0000,AG03-UNRESOLVED,ALL5_LEVELS_bet23_to_bet27,-2.4526,-2.4526,-2.4526,-2.4526,-2.4526,4.000000,4.000000,4.000000,4.000000,4.000000,96.000000,96.000000,96.000000,96.000000,96.000000,5.0,-12.2631,-11.3205,-49.0525,-49.9951,PENDING_AG03,FALSE,NOT_FOR_ENFORCEMENT,-58.8630,1053.3931,-61.3156,-58.8630,-2.4526,-0.04731885,-0.04542610,-2.4526,-58.8630,-0.04542610,-2.4526,-2.4526,-2.4526,-2.4526,-2.4526,-58.8630,-0.04542610,-12.2631,-11.3205,-49.0525,-49.9951,-0.03785508,-0.0385825,-0.00189275,3.3483,2.8427,-0.1588,-6.1316,-0.3297,129.5796,38.6000,3.4495,3.3480,0.9789,2.1559,3.7651,7.5301,7.6431,18.5548,1.6566,0.0,3.545135,8.606416,1.553069,30,91,27,2,0.00266206,-0.04731885,1.00000000,0E-8,0.000000,0.846803,0.000000,-1.05011432,2026-03-25,2026-07-14,10,186,83,112,0.089286,1.030299,1.030218,0.008874,,,,,,,,GLOBAL_BASELINE_NO_ENTITY_RANKING,,,NOT_APPLICABLE_GLOBAL_BASELINE,HF9g-P5,,,,X 全窗基线 · 不参与实体赏罚,3929953,393,A168_HF9F_20260827_0900,2026-08-27 09:00:00
2026-03-25,140450063,1304,0,7.5301204819,7.1536144578,7.1536144578,1.0000000,1,1,0.50665070000000000,0.506650700000,0.9867858985152569,0.9867858985152569,0.9867858985152569,0E-17,ELIGIBLE,R03b_20260811_FULL_v1,L1_ELIGIBILITY,v2026-08-11,2026-03-21..2026-08-06,baccarat_bet02_101_all_pairs_incl_sentinel,round_win = game_pnl > 0 (decisive only),COMPATIBILITY_ONLY_NOT_PRODUCTION,1295.7961,1097.2845,-61.3156,387,386,0.04731885,-1.00000000,0.05011432,0.04731885,61.3156,1295.7961,OK,0.0000,-2.4526,4.0000,96.0000,AG03-UNRESOLVED,ALL5_LEVELS_bet23_to_bet27,-2.4526,-2.4526,-2.4526,-2.4526,-2.4526,4.000000,4.000000,4.000000,4.000000,4.000000,96.000000,96.000000,96.000000,96.000000,96.000000,5.0,-12.2631,-11.3205,-49.0525,-49.9951,PENDING_AG03,FALSE,NOT_FOR_ENFORCEMENT,-58.8630,1053.3931,-61.3156,-58.8630,-2.4526,-0.04731885,-0.04542610,-2.4526,-58.8630,-0.04542610,-2.4526,-2.4526,-2.4526,-2.4526,-2.4526,-58.8630,-0.04542610,-12.2631,-11.3205,-49.0525,-49.9951,-0.03785508,-0.0385825,-0.00189275,3.3483,2.8427,-0.1588,-6.1316,-0.3297,129.5796,38.6000,3.4495,3.3480,0.9789,2.1559,3.7651,7.5301,7.6431,18.5548,1.6566,0.0,3.545135,8.606416,1.553069,30,91,27,2,0.00266206,-0.04731885,1.00000000,0E-8,0.000000,0.846803,0.000000,-1.05011432,2026-03-25,2026-07-14,10,186,83,112,0.089286,1.030299,1.030218,0.008874,,,,,,,,GLOBAL_BASELINE_NO_ENTITY_RANKING,,,NOT_APPLICABLE_GLOBAL_BASELINE,HF9g-P5,,,,X 全窗基线 · 不参与实体赏罚,3929954,393,A168_HF9F_20260827_0900,2026-08-27 09:00:00
2026-03-25,140450063,1318,0,11.8975903615,11.3403614458,11.3403614458,1.0000000,4,4,0.50329940000000000,0.503299400000,1.9868456582349654,1.9868456582349654,1.9868456582349654,0E-17,ELIGIBLE,R03b_20260811_FULL_v1,L1_ELIGIBILITY,v2026-08-11,2026-03-21..2026-08-06,baccarat_bet02_101_all_pairs_incl_sentinel,round_win = game_pnl > 0 (decisive only),COMPATIBILITY_ONLY_NOT_PRODUCTION,1295.7961,1097.2845,-61.3156,387,386,0.04731885,-1.00000000,0.05011432,0.04731885,61.3156,1295.7961,OK,0.0000,-2.4526,4.0000,96.0000,AG03-UNRESOLVED,ALL5_LEVELS_bet23_to_bet27,-2.4526,-2.4526,-2.4526,-2.4526,-2.4526,4.000000,4.000000,4.000000,4.000000,4.000000,96.000000,96.000000,96.000000,96.000000,96.000000,5.0,-12.2631,-11.3205,-49.0525,-49.9951,PENDING_AG03,FALSE,NOT_FOR_ENFORCEMENT,-58.8630,1053.3931,-61.3156,-58.8630,-2.4526,-0.04731885,-0.04542610,-2.4526,-58.8630,-0.04542610,-2.4526,-2.4526,-2.4526,-2.4526,-2.4526,-58.8630,-0.04542610,-12.2631,-11.3205,-49.0525,-49.9951,-0.03785508,-0.0385825,-0.00189275,3.3483,2.8427,-0.1588,-6.1316,-0.3297,129.5796,38.6000,3.4495,3.3480,0.9789,2.1559,3.7651,7.5301,7.6431,18.5548,1.6566,0.0,3.545135,8.606416,1.553069,30,91,27,2,0.00266206,-0.04731885,1.00000000,0E-8,0.000000,0.846803,0.000000,-1.05011432,2026-03-25,2026-07-14,10,186,83,112,0.089286,1.030299,1.030218,0.008874,,,,,,,,GLOBAL_BASELINE_NO_ENTITY_RANKING,,,NOT_APPLICABLE_GLOBAL_BASELINE,HF9g-P5,,,,X 全窗基线 · 不参与实体赏罚,3929955,393,A168_HF9F_20260827_0900,2026-08-27 09:00:00
2026-03-25,140450063,1323,0,5.8734939759,-3.0120481928,-3.0120481928,0E-7,3,3,0.50218230000000000,0.502182300000,-1.4203995680682369,-1.4203995680682369,-1.4203995680682369,0E-17,ELIGIBLE,R03b_20260811_FULL_v1,L1_ELIGIBILITY,v2026-08-11,2026-03-21..2026-08-06,baccarat_bet02_101_all_pairs_incl_sentinel,round_win = game_pnl > 0 (decisive only),COMPATIBILITY_ONLY_NOT_PRODUCTION,1295.7961,1097.2845,-61.3156,387,386,0.04731885,-1.00000000,0.05011432,0.04731885,61.3156,1295.7961,OK,0.0000,-2.4526,4.0000,96.0000,AG03-UNRESOLVED,ALL5_LEVELS_bet23_to_bet27,-2.4526,-2.4526,-2.4526,-2.4526,-2.4526,4.000000,4.000000,4.000000,4.000000,4.000000,96.000000,96.000000,96.000000,96.000000,96.000000,5.0,-12.2631,-11.3205,-49.0525,-49.9951,PENDING_AG03,FALSE,NOT_FOR_ENFORCEMENT,-58.8630,1053.3931,-61.3156,-58.8630,-2.4526,-0.04731885,-0.04542610,-2.4526,-58.8630,-0.04542610,-2.4526,-2.4526,-2.4526,-2.4526,-2.4526,-58.8630,-0.04542610,-12.2631,-11.3205,-49.0525,-49.9951,-0.03785508,-0.0385825,-0.00189275,3.3483,2.8427,-0.1588,-6.1316,-0.3297,129.5796,38.6000,3.4495,3.3480,0.9789,2.1559,3.7651,7.5301,7.6431,18.5548,1.6566,0.0,3.545135,8.606416,1.553069,30,91,27,2,0.00266206,-0.04731885,1.00000000,0E-8,0.000000,0.846803,0.000000,-1.05011432,2026-03-25,2026-07-14,10,186,83,112,0.089286,1.030299,1.030218,0.008874,,,,,,,,GLOBAL_BASELINE_NO_ENTITY_RANKING,,,NOT_APPLICABLE_GLOBAL_BASELINE,HF9g-P5,,,,X 全窗基线 · 不参与实体赏罚,3929956,393,A168_HF9F_20260827_0900,2026-08-27 09:00:00
2026-03-25,140450063,1363,0,16.1897590362,8.8478915662,8.8478915662,0.6666667,3,3,0.49771390000000000,0.497713900000,0.5852756695216578,0.5852756695216578,0.5852756695216578,0E-17,ELIGIBLE,R03b_20260811_FULL_v1,L1_ELIGIBILITY,v2026-08-11,2026-03-21..2026-08-06,baccarat_bet02_101_all_pairs_incl_sentinel,round_win = game_pnl > 0 (decisive only),COMPATIBILITY_ONLY_NOT_PRODUCTION,1295.7961,1097.2845,-61.3156,387,386,0.04731885,-1.00000000,0.05011432,0.04731885,61.3156,1295.7961,OK,0.0000,-2.4526,4.0000,96.0000,AG03-UNRESOLVED,ALL5_LEVELS_bet23_to_bet27,-2.4526,-2.4526,-2.4526,-2.4526,-2.4526,4.000000,4.000000,4.000000,4.000000,4.000000,96.000000,96.000000,96.000000,96.000000,96.000000,5.0,-12.2631,-11.3205,-49.0525,-49.9951,PENDING_AG03,FALSE,NOT_FOR_ENFORCEMENT,-58.8630,1053.3931,-61.3156,-58.8630,-2.4526,-0.04731885,-0.04542610,-2.4526,-58.8630,-0.04542610,-2.4526,-2.4526,-2.4526,-2.4526,-2.4526,-58.8630,-0.04542610,-12.2631,-11.3205,-49.0525,-49.9951,-0.03785508,-0.0385825,-0.00189275,3.3483,2.8427,-0.1588,-6.1316,-0.3297,129.5796,38.6000,3.4495,3.3480,0.9789,2.1559,3.7651,7.5301,7.6431,18.5548,1.6566,0.0,3.545135,8.606416,1.553069,30,91,27,2,0.00266206,-0.04731885,1.00000000,0E-8,0.000000,0.846803,0.000000,-1.05011432,2026-03-25,2026-07-14,10,186,83,112,0.089286,1.030299,1.030218,0.008874,,,,,,,,GLOBAL_BASELINE_NO_ENTITY_RANKING,,,NOT_APPLICABLE_GLOBAL_BASELINE,HF9g-P5,,,,X 全窗基线 · 不参与实体赏罚,3929957,393,A168_HF9F_20260827_0900,2026-08-27 09:00:00
2026-03-25,140450063,1509,0,2.2590361446,-2.2590361446,-2.2590361446,0E-7,1,1,0.49324550000000000,0.493245500000,-0.9865810262130424,-0.9865810262130424,-0.9865810262130424,0E-17,ELIGIBLE,R03b_20260811_FULL_v1,L1_ELIGIBILITY,v2026-08-11,2026-03-21..2026-08-06,baccarat_bet02_101_all_pairs_incl_sentinel,round_win = game_pnl > 0 (decisive only),COMPATIBILITY_ONLY_NOT_PRODUCTION,1295.7961,1097.2845,-61.3156,387,386,0.04731885,-1.00000000,0.05011432,0.04731885,61.3156,1295.7961,OK,0.0000,-2.4526,4.0000,96.0000,AG03-UNRESOLVED,ALL5_LEVELS_bet23_to_bet27,-2.4526,-2.4526,-2.4526,-2.4526,-2.4526,4.000000,4.000000,4.000000,4.000000,4.000000,96.000000,96.000000,96.000000,96.000000,96.000000,5.0,-12.2631,-11.3205,-49.0525,-49.9951,PENDING_AG03,FALSE,NOT_FOR_ENFORCEMENT,-58.8630,1053.3931,-61.3156,-58.8630,-2.4526,-0.04731885,-0.04542610,-2.4526,-58.8630,-0.04542610,-2.4526,-2.4526,-2.4526,-2.4526,-2.4526,-58.8630,-0.04542610,-12.2631,-11.3205,-49.0525,-49.9951,-0.03785508,-0.0385825,-0.00189275,3.3483,2.8427,-0.1588,-6.1316,-0.3297,129.5796,38.6000,3.4495,3.3480,0.9789,2.1559,3.7651,7.5301,7.6431,18.5548,1.6566,0.0,3.545135,8.606416,1.553069,30,91,27,2,0.00266206,-0.04731885,1.00000000,0E-8,0.000000,0.846803,0.000000,-1.05011432,2026-03-25,2026-07-14,10,186,83,112,0.089286,1.030299,1.030218,0.008874,,,,,,,,GLOBAL_BASELINE_NO_ENTITY_RANKING,,,NOT_APPLICABLE_GLOBAL_BASELINE,HF9g-P5,,,,X 全窗基线 · 不参与实体赏罚,3929958,393,A168_HF9F_20260827_0900,2026-08-27 09:00:00
2026-03-25,140450063,1711,0,4.5180722891,1.9427710843,1.9427710843,0.5000000,2,2,0.50665070000000000,0.506650700000,-0.018812684590367487,-0.018812684590367487,-0.018812684590367487,0E-17,ELIGIBLE,R03b_20260811_FULL_v1,L1_ELIGIBILITY,v2026-08-11,2026-03-21..2026-08-06,baccarat_bet02_101_all_pairs_incl_sentinel,round_win = game_pnl > 0 (decisive only),COMPATIBILITY_ONLY_NOT_PRODUCTION,1295.7961,1097.2845,-61.3156,387,386,0.04731885,-1.00000000,0.05011432,0.04731885,61.3156,1295.7961,OK,0.0000,-2.4526,4.0000,96.0000,AG03-UNRESOLVED,ALL5_LEVELS_bet23_to_bet27,-2.4526,-2.4526,-2.4526,-2.4526,-2.4526,4.000000,4.000000,4.000000,4.000000,4.000000,96.000000,96.000000,96.000000,96.000000,96.000000,5.0,-12.2631,-11.3205,-49.0525,-49.9951,PENDING_AG03,FALSE,NOT_FOR_ENFORCEMENT,-58.8630,1053.3931,-61.3156,-58.8630,-2.4526,-0.04731885,-0.04542610,-2.4526,-58.8630,-0.04542610,-2.4526,-2.4526,-2.4526,-2.4526,-2.4526,-58.8630,-0.04542610,-12.2631,-11.3205,-49.0525,-49.9951,-0.03785508,-0.0385825,-0.00189275,3.3483,2.8427,-0.1588,-6.1316,-0.3297,129.5796,38.6000,3.4495,3.3480,0.9789,2.1559,3.7651,7.5301,7.6431,18.5548,1.6566,0.0,3.545135,8.606416,1.553069,30,91,27,2,0.00266206,-0.04731885,1.00000000,0E-8,0.000000,0.846803,0.000000,-1.05011432,2026-03-25,2026-07-14,10,186,83,112,0.089286,1.030299,1.030218,0.008874,,,,,,,,GLOBAL_BASELINE_NO_ENTITY_RANKING,,,NOT_APPLICABLE_GLOBAL_BASELINE,HF9g-P5,,,,X 全窗基线 · 不参与实体赏罚,3929959,393,A168_HF9F_20260827_0900,2026-08-27 09:00:00
2026-03-25,140450063,2093,0,4.5180722892,0E-10,0E-10,,1,1,0.50665070000000000,0.506650700000,,,,0E-17,NO_DECISIVE_ROUND,R03b_20260811_FULL_v1,L1_ELIGIBILITY,v2026-08-11,2026-03-21..2026-08-06,baccarat_bet02_101_all_pairs_incl_sentinel,round_win = game_pnl > 0 (decisive only),COMPATIBILITY_ONLY_NOT_PRODUCTION,1295.7961,1097.2845,-61.3156,387,386,0.04731885,-1.00000000,0.05011432,0.04731885,61.3156,1295.7961,OK,0.0000,-2.4526,4.0000,96.0000,AG03-UNRESOLVED,ALL5_LEVELS_bet23_to_bet27,-2.4526,-2.4526,-2.4526,-2.4526,-2.4526,4.000000,4.000000,4.000000,4.000000,4.000000,96.000000,96.000000,96.000000,96.000000,96.000000,5.0,-12.2631,-11.3205,-49.0525,-49.9951,PENDING_AG03,FALSE,NOT_FOR_ENFORCEMENT,-58.8630,1053.3931,-61.3156,-58.8630,-2.4526,-0.04731885,-0.04542610,-2.4526,-58.8630,-0.04542610,-2.4526,-2.4526,-2.4526,-2.4526,-2.4526,-58.8630,-0.04542610,-12.2631,-11.3205,-49.0525,-49.9951,-0.03785508,-0.0385825,-0.00189275,3.3483,2.8427,-0.1588,-6.1316,-0.3297,129.5796,38.6000,3.4495,3.3480,0.9789,2.1559,3.7651,7.5301,7.6431,18.5548,1.6566,0.0,3.545135,8.606416,1.553069,30,91,27,2,0.00266206,-0.04731885,1.00000000,0E-8,0.000000,0.846803,0.000000,-1.05011432,2026-03-25,2026-07-14,10,186,83,112,0.089286,1.030299,1.030218,0.008874,,,,,,,,GLOBAL_BASELINE_NO_ENTITY_RANKING,,,NOT_APPLICABLE_GLOBAL_BASELINE,HF9g-P5,,,,X 全窗基线 · 不参与实体赏罚,3929960,393,A168_HF9F_20260827_0900,2026-08-27 09:00:00
2026-03-25,140450063,2117,0,1.6566265060,-1.6566265060,-1.6566265060,0E-7,1,1,0.49324550000000000,0.493245500000,-0.9865810262130424,-0.9865810262130424,-0.9865810262130424,0E-17,ELIGIBLE,R03b_20260811_FULL_v1,L1_ELIGIBILITY,v2026-08-11,2026-03-21..2026-08-06,baccarat_bet02_101_all_pairs_incl_sentinel,round_win = game_pnl > 0 (decisive only),COMPATIBILITY_ONLY_NOT_PRODUCTION,1295.7961,1097.2845,-61.3156,387,386,0.04731885,-1.00000000,0.05011432,0.04731885,61.3156,1295.7961,OK,0.0000,-2.4526,4.0000,96.0000,AG03-UNRESOLVED,ALL5_LEVELS_bet23_to_bet27,-2.4526,-2.4526,-2.4526,-2.4526,-2.4526,4.000000,4.000000,4.000000,4.000000,4.000000,96.000000,96.000000,96.000000,96.000000,96.000000,5.0,-12.2631,-11.3205,-49.0525,-49.9951,PENDING_AG03,FALSE,NOT_FOR_ENFORCEMENT,-58.8630,1053.3931,-61.3156,-58.8630,-2.4526,-0.04731885,-0.04542610,-2.4526,-58.8630,-0.04542610,-2.4526,-2.4526,-2.4526,-2.4526,-2.4526,-58.8630,-0.04542610,-12.2631,-11.3205,-49.0525,-49.9951,-0.03785508,-0.0385825,-0.00189275,3.3483,2.8427,-0.1588,-6.1316,-0.3297,129.5796,38.6000,3.4495,3.3480,0.9789,2.1559,3.7651,7.5301,7.6431,18.5548,1.6566,0.0,3.545135,8.606416,1.553069,30,91,27,2,0.00266206,-0.04731885,1.00000000,0E-8,0.000000,0.846803,0.000000,-1.05011432,2026-03-25,2026-07-14,10,186,83,112,0.089286,1.030299,1.030218,0.008874,,,,,,,,GLOBAL_BASELINE_NO_ENTITY_RANKING,,,NOT_APPLICABLE_GLOBAL_BASELINE,HF9g-P5,,,,X 全窗基线 · 不参与实体赏罚,3929961,393,A168_HF9F_20260827_0900,2026-08-27 09:00:00
2026-03-25,140450063,2123,0,3.7650602410,-3.7650602410,-3.7650602410,0E-7,1,1,0.50665070000000000,0.506650700000,-1.013391052207602,-1.013391052207602,-1.013391052207602,0E-17,ELIGIBLE,R03b_20260811_FULL_v1,L1_ELIGIBILITY,v2026-08-11,2026-03-21..2026-08-06,baccarat_bet02_101_all_pairs_incl_sentinel,round_win = game_pnl > 0 (decisive only),COMPATIBILITY_ONLY_NOT_PRODUCTION,1295.7961,1097.2845,-61.3156,387,386,0.04731885,-1.00000000,0.05011432,0.04731885,61.3156,1295.7961,OK,0.0000,-2.4526,4.0000,96.0000,AG03-UNRESOLVED,ALL5_LEVELS_bet23_to_bet27,-2.4526,-2.4526,-2.4526,-2.4526,-2.4526,4.000000,4.000000,4.000000,4.000000,4.000000,96.000000,96.000000,96.000000,96.000000,96.000000,5.0,-12.2631,-11.3205,-49.0525,-49.9951,PENDING_AG03,FALSE,NOT_FOR_ENFORCEMENT,-58.8630,1053.3931,-61.3156,-58.8630,-2.4526,-0.04731885,-0.04542610,-2.4526,-58.8630,-0.04542610,-2.4526,-2.4526,-2.4526,-2.4526,-2.4526,-58.8630,-0.04542610,-12.2631,-11.3205,-49.0525,-49.9951,-0.03785508,-0.0385825,-0.00189275,3.3483,2.8427,-0.1588,-6.1316,-0.3297,129.5796,38.6000,3.4495,3.3480,0.9789,2.1559,3.7651,7.5301,7.6431,18.5548,1.6566,0.0,3.545135,8.606416,1.553069,30,91,27,2,0.00266206,-0.04731885,1.00000000,0E-8,0.000000,0.846803,0.000000,-1.05011432,2026-03-25,2026-07-14,10,186,83,112,0.089286,1.030299,1.030218,0.008874,,,,,,,,GLOBAL_BASELINE_NO_ENTITY_RANKING,,,NOT_APPLICABLE_GLOBAL_BASELINE,HF9g-P5,,,,X 全窗基线 · 不参与实体赏罚,3929962,393,A168_HF9F_20260827_0900,2026-08-27 09:00:00
2026-03-25,140450063,2152,0,7.1536144579,-3.7650602410,-3.7650602410,0E-7,2,2,0.49994810000000000,0.499948100000,-0.9998962053866608,-0.9998962053866608,-0.9998962053866608,0E-17,ELIGIBLE,R03b_20260811_FULL_v1,L1_ELIGIBILITY,v2026-08-11,2026-03-21..2026-08-06,baccarat_bet02_101_all_pairs_incl_sentinel,round_win = game_pnl > 0 (decisive only),COMPATIBILITY_ONLY_NOT_PRODUCTION,1295.7961,1097.2845,-61.3156,387,386,0.04731885,-1.00000000,0.05011432,0.04731885,61.3156,1295.7961,OK,0.0000,-2.4526,4.0000,96.0000,AG03-UNRESOLVED,ALL5_LEVELS_bet23_to_bet27,-2.4526,-2.4526,-2.4526,-2.4526,-2.4526,4.000000,4.000000,4.000000,4.000000,4.000000,96.000000,96.000000,96.000000,96.000000,96.000000,5.0,-12.2631,-11.3205,-49.0525,-49.9951,PENDING_AG03,FALSE,NOT_FOR_ENFORCEMENT,-58.8630,1053.3931,-61.3156,-58.8630,-2.4526,-0.04731885,-0.04542610,-2.4526,-58.8630,-0.04542610,-2.4526,-2.4526,-2.4526,-2.4526,-2.4526,-58.8630,-0.04542610,-12.2631,-11.3205,-49.0525,-49.9951,-0.03785508,-0.0385825,-0.00189275,3.3483,2.8427,-0.1588,-6.1316,-0.3297,129.5796,38.6000,3.4495,3.3480,0.9789,2.1559,3.7651,7.5301,7.6431,18.5548,1.6566,0.0,3.545135,8.606416,1.553069,30,91,27,2,0.00266206,-0.04731885,1.00000000,0E-8,0.000000,0.846803,0.000000,-1.05011432,2026-03-25,2026-07-14,10,186,83,112,0.089286,1.030299,1.030218,0.008874,,,,,,,,GLOBAL_BASELINE_NO_ENTITY_RANKING,,,NOT_APPLICABLE_GLOBAL_BASELINE,HF9g-P5,,,,X 全窗基线 · 不参与实体赏罚,3929963,393,A168_HF9F_20260827_0900,2026-08-27 09:00:00
2026-03-25,140450063,2167,0,0.9789156627,-0.9789156627,-0.9789156627,0E-7,1,1,0.49324550000000000,0.493245500000,-0.9865810262130424,-0.9865810262130424,-0.9865810262130424,0E-17,ELIGIBLE,R03b_20260811_FULL_v1,L1_ELIGIBILITY,v2026-08-11,2026-03-21..2026-08-06,baccarat_bet02_101_all_pairs_incl_sentinel,round_win = game_pnl > 0 (decisive only),COMPATIBILITY_ONLY_NOT_PRODUCTION,1295.7961,1097.2845,-61.3156,387,386,0.04731885,-1.00000000,0.05011432,0.04731885,61.3156,1295.7961,OK,0.0000,-2.4526,4.0000,96.0000,AG03-UNRESOLVED,ALL5_LEVELS_bet23_to_bet27,-2.4526,-2.4526,-2.4526,-2.4526,-2.4526,4.000000,4.000000,4.000000,4.000000,4.000000,96.000000,96.000000,96.000000,96.000000,96.000000,5.0,-12.2631,-11.3205,-49.0525,-49.9951,PENDING_AG03,FALSE,NOT_FOR_ENFORCEMENT,-58.8630,1053.3931,-61.3156,-58.8630,-2.4526,-0.04731885,-0.04542610,-2.4526,-58.8630,-0.04542610,-2.4526,-2.4526,-2.4526,-2.4526,-2.4526,-58.8630,-0.04542610,-12.2631,-11.3205,-49.0525,-49.9951,-0.03785508,-0.0385825,-0.00189275,3.3483,2.8427,-0.1588,-6.1316,-0.3297,129.5796,38.6000,3.4495,3.3480,0.9789,2.1559,3.7651,7.5301,7.6431,18.5548,1.6566,0.0,3.545135,8.606416,1.553069,30,91,27,2,0.00266206,-0.04731885,1.00000000,0E-8,0.000000,0.846803,0.000000,-1.05011432,2026-03-25,2026-07-14,10,186,83,112,0.089286,1.030299,1.030218,0.008874,,,,,,,,GLOBAL_BASELINE_NO_ENTITY_RANKING,,,NOT_APPLICABLE_GLOBAL_BASELINE,HF9g-P5,,,,X 全窗基线 · 不参与实体赏罚,3929964,393,A168_HF9F_20260827_0900,2026-08-27 09:00:00
2026-03-25,140450063,2188,0,3.3885542169,0E-10,0E-10,,1,1,0.50665070000000000,0.506650700000,,,,0E-17,NO_DECISIVE_ROUND,R03b_20260811_FULL_v1,L1_ELIGIBILITY,v2026-08-11,2026-03-21..2026-08-06,baccarat_bet02_101_all_pairs_incl_sentinel,round_win = game_pnl > 0 (decisive only),COMPATIBILITY_ONLY_NOT_PRODUCTION,1295.7961,1097.2845,-61.3156,387,386,0.04731885,-1.00000000,0.05011432,0.04731885,61.3156,1295.7961,OK,0.0000,-2.4526,4.0000,96.0000,AG03-UNRESOLVED,ALL5_LEVELS_bet23_to_bet27,-2.4526,-2.4526,-2.4526,-2.4526,-2.4526,4.000000,4.000000,4.000000,4.000000,4.000000,96.000000,96.000000,96.000000,96.000000,96.000000,5.0,-12.2631,-11.3205,-49.0525,-49.9951,PENDING_AG03,FALSE,NOT_FOR_ENFORCEMENT,-58.8630,1053.3931,-61.3156,-58.8630,-2.4526,-0.04731885,-0.04542610,-2.4526,-58.8630,-0.04542610,-2.4526,-2.4526,-2.4526,-2.4526,-2.4526,-58.8630,-0.04542610,-12.2631,-11.3205,-49.0525,-49.9951,-0.03785508,-0.0385825,-0.00189275,3.3483,2.8427,-0.1588,-6.1316,-0.3297,129.5796,38.6000,3.4495,3.3480,0.9789,2.1559,3.7651,7.5301,7.6431,18.5548,1.6566,0.0,3.545135,8.606416,1.553069,30,91,27,2,0.00266206,-0.04731885,1.00000000,0E-8,0.000000,0.846803,0.000000,-1.05011432,2026-03-25,2026-07-14,10,186,83,112,0.089286,1.030299,1.030218,0.008874,,,,,,,,GLOBAL_BASELINE_NO_ENTITY_RANKING,,,NOT_APPLICABLE_GLOBAL_BASELINE,HF9g-P5,,,,X 全窗基线 · 不参与实体赏罚,3929965,393,A168_HF9F_20260827_0900,2026-08-27 09:00:00
2026-03-25,140450063,2196,0,1.5813253012,-1.5813253012,-1.5813253012,0E-7,1,1,0.50665070000000000,0.506650700000,-1.013391052207602,-1.013391052207602,-1.013391052207602,0E-17,ELIGIBLE,R03b_20260811_FULL_v1,L1_ELIGIBILITY,v2026-08-11,2026-03-21..2026-08-06,baccarat_bet02_101_all_pairs_incl_sentinel,round_win = game_pnl > 0 (decisive only),COMPATIBILITY_ONLY_NOT_PRODUCTION,1295.7961,1097.2845,-61.3156,387,386,0.04731885,-1.00000000,0.05011432,0.04731885,61.3156,1295.7961,OK,0.0000,-2.4526,4.0000,96.0000,AG03-UNRESOLVED,ALL5_LEVELS_bet23_to_bet27,-2.4526,-2.4526,-2.4526,-2.4526,-2.4526,4.000000,4.000000,4.000000,4.000000,4.000000,96.000000,96.000000,96.000000,96.000000,96.000000,5.0,-12.2631,-11.3205,-49.0525,-49.9951,PENDING_AG03,FALSE,NOT_FOR_ENFORCEMENT,-58.8630,1053.3931,-61.3156,-58.8630,-2.4526,-0.04731885,-0.04542610,-2.4526,-58.8630,-0.04542610,-2.4526,-2.4526,-2.4526,-2.4526,-2.4526,-58.8630,-0.04542610,-12.2631,-11.3205,-49.0525,-49.9951,-0.03785508,-0.0385825,-0.00189275,3.3483,2.8427,-0.1588,-6.1316,-0.3297,129.5796,38.6000,3.4495,3.3480,0.9789,2.1559,3.7651,7.5301,7.6431,18.5548,1.6566,0.0,3.545135,8.606416,1.553069,30,91,27,2,0.00266206,-0.04731885,1.00000000,0E-8,0.000000,0.846803,0.000000,-1.05011432,2026-03-25,2026-07-14,10,186,83,112,0.089286,1.030299,1.030218,0.008874,,,,,,,,GLOBAL_BASELINE_NO_ENTITY_RANKING,,,NOT_APPLICABLE_GLOBAL_BASELINE,HF9g-P5,,,,X 全窗基线 · 不参与实体赏罚,3929966,393,A168_HF9F_20260827_0900,2026-08-27 09:00:00
2026-03-25,140450063,2202,0,3.7650602410,3.5768072289,3.5768072289,1.0000000,1,1,0.50665070000000000,0.506650700000,0.9867858985152569,0.9867858985152569,0.9867858985152569,0E-17,ELIGIBLE,R03b_20260811_FULL_v1,L1_ELIGIBILITY,v2026-08-11,2026-03-21..2026-08-06,baccarat_bet02_101_all_pairs_incl_sentinel,round_win = game_pnl > 0 (decisive only),COMPATIBILITY_ONLY_NOT_PRODUCTION,1295.7961,1097.2845,-61.3156,387,386,0.04731885,-1.00000000,0.05011432,0.04731885,61.3156,1295.7961,OK,0.0000,-2.4526,4.0000,96.0000,AG03-UNRESOLVED,ALL5_LEVELS_bet23_to_bet27,-2.4526,-2.4526,-2.4526,-2.4526,-2.4526,4.000000,4.000000,4.000000,4.000000,4.000000,96.000000,96.000000,96.000000,96.000000,96.000000,5.0,-12.2631,-11.3205,-49.0525,-49.9951,PENDING_AG03,FALSE,NOT_FOR_ENFORCEMENT,-58.8630,1053.3931,-61.3156,-58.8630,-2.4526,-0.04731885,-0.04542610,-2.4526,-58.8630,-0.04542610,-2.4526,-2.4526,-2.4526,-2.4526,-2.4526,-58.8630,-0.04542610,-12.2631,-11.3205,-49.0525,-49.9951,-0.03785508,-0.0385825,-0.00189275,3.3483,2.8427,-0.1588,-6.1316,-0.3297,129.5796,38.6000,3.4495,3.3480,0.9789,2.1559,3.7651,7.5301,7.6431,18.5548,1.6566,0.0,3.545135,8.606416,1.553069,30,91,27,2,0.00266206,-0.04731885,1.00000000,0E-8,0.000000,0.846803,0.000000,-1.05011432,2026-03-25,2026-07-14,10,186,83,112,0.089286,1.030299,1.030218,0.008874,,,,,,,,GLOBAL_BASELINE_NO_ENTITY_RANKING,,,NOT_APPLICABLE_GLOBAL_BASELINE,HF9g-P5,,,,X 全窗基线 · 不参与实体赏罚,3929967,393,A168_HF9F_20260827_0900,2026-08-27 09:00:00
2026-03-25,140450063,2235,0,14.8343373494,7.1912650602,7.1912650602,0.6666667,3,3,0.50665070000000000,0.506650700000,0.5543606114942035,0.5543606114942035,0.5543606114942035,0E-17,ELIGIBLE,R03b_20260811_FULL_v1,L1_ELIGIBILITY,v2026-08-11,2026-03-21..2026-08-06,baccarat_bet02_101_all_pairs_incl_sentinel,round_win = game_pnl > 0 (decisive only),COMPATIBILITY_ONLY_NOT_PRODUCTION,1295.7961,1097.2845,-61.3156,387,386,0.04731885,-1.00000000,0.05011432,0.04731885,61.3156,1295.7961,OK,0.0000,-2.4526,4.0000,96.0000,AG03-UNRESOLVED,ALL5_LEVELS_bet23_to_bet27,-2.4526,-2.4526,-2.4526,-2.4526,-2.4526,4.000000,4.000000,4.000000,4.000000,4.000000,96.000000,96.000000,96.000000,96.000000,96.000000,5.0,-12.2631,-11.3205,-49.0525,-49.9951,PENDING_AG03,FALSE,NOT_FOR_ENFORCEMENT,-58.8630,1053.3931,-61.3156,-58.8630,-2.4526,-0.04731885,-0.04542610,-2.4526,-58.8630,-0.04542610,-2.4526,-2.4526,-2.4526,-2.4526,-2.4526,-58.8630,-0.04542610,-12.2631,-11.3205,-49.0525,-49.9951,-0.03785508,-0.0385825,-0.00189275,3.3483,2.8427,-0.1588,-6.1316,-0.3297,129.5796,38.6000,3.4495,3.3480,0.9789,2.1559,3.7651,7.5301,7.6431,18.5548,1.6566,0.0,3.545135,8.606416,1.553069,30,91,27,2,0.00266206,-0.04731885,1.00000000,0E-8,0.000000,0.846803,0.000000,-1.05011432,2026-03-25,2026-07-14,10,186,83,112,0.089286,1.030299,1.030218,0.008874,,,,,,,,GLOBAL_BASELINE_NO_ENTITY_RANKING,,,NOT_APPLICABLE_GLOBAL_BASELINE,HF9g-P5,,,,X 全窗基线 · 不参与实体赏罚,3929968,393,A168_HF9F_20260827_0900,2026-08-27 09:00:00
2026-03-25,140450063,2246,0,0.7530120482,0.7530120482,0.7530120482,1.0000000,1,1,0.49324550000000000,0.493245500000,1.01360149184955,1.01360149184955,1.01360149184955,0E-17,ELIGIBLE,R03b_20260811_FULL_v1,L1_ELIGIBILITY,v2026-08-11,2026-03-21..2026-08-06,baccarat_bet02_101_all_pairs_incl_sentinel,round_win = game_pnl > 0 (decisive only),COMPATIBILITY_ONLY_NOT_PRODUCTION,1295.7961,1097.2845,-61.3156,387,386,0.04731885,-1.00000000,0.05011432,0.04731885,61.3156,1295.7961,OK,0.0000,-2.4526,4.0000,96.0000,AG03-UNRESOLVED,ALL5_LEVELS_bet23_to_bet27,-2.4526,-2.4526,-2.4526,-2.4526,-2.4526,4.000000,4.000000,4.000000,4.000000,4.000000,96.000000,96.000000,96.000000,96.000000,96.000000,5.0,-12.2631,-11.3205,-49.0525,-49.9951,PENDING_AG03,FALSE,NOT_FOR_ENFORCEMENT,-58.8630,1053.3931,-61.3156,-58.8630,-2.4526,-0.04731885,-0.04542610,-2.4526,-58.8630,-0.04542610,-2.4526,-2.4526,-2.4526,-2.4526,-2.4526,-58.8630,-0.04542610,-12.2631,-11.3205,-49.0525,-49.9951,-0.03785508,-0.0385825,-0.00189275,3.3483,2.8427,-0.1588,-6.1316,-0.3297,129.5796,38.6000,3.4495,3.3480,0.9789,2.1559,3.7651,7.5301,7.6431,18.5548,1.6566,0.0,3.545135,8.606416,1.553069,30,91,27,2,0.00266206,-0.04731885,1.00000000,0E-8,0.000000,0.846803,0.000000,-1.05011432,2026-03-25,2026-07-14,10,186,83,112,0.089286,1.030299,1.030218,0.008874,,,,,,,,GLOBAL_BASELINE_NO_ENTITY_RANKING,,,NOT_APPLICABLE_GLOBAL_BASELINE,HF9g-P5,,,,X 全窗基线 · 不参与实体赏罚,3929969,393,A168_HF9F_20260827_0900,2026-08-27 09:00:00
2026-03-25,140450063,2252,0,7.5301204819,-7.5301204819,-7.5301204819,0E-7,1,1,0.50665070000000000,0.506650700000,-1.013391052207602,-1.013391052207602,-1.013391052207602,0E-17,ELIGIBLE,R03b_20260811_FULL_v1,L1_ELIGIBILITY,v2026-08-11,2026-03-21..2026-08-06,baccarat_bet02_101_all_pairs_incl_sentinel,round_win = game_pnl > 0 (decisive only),COMPATIBILITY_ONLY_NOT_PRODUCTION,1295.7961,1097.2845,-61.3156,387,386,0.04731885,-1.00000000,0.05011432,0.04731885,61.3156,1295.7961,OK,0.0000,-2.4526,4.0000,96.0000,AG03-UNRESOLVED,ALL5_LEVELS_bet23_to_bet27,-2.4526,-2.4526,-2.4526,-2.4526,-2.4526,4.000000,4.000000,4.000000,4.000000,4.000000,96.000000,96.000000,96.000000,96.000000,96.000000,5.0,-12.2631,-11.3205,-49.0525,-49.9951,PENDING_AG03,FALSE,NOT_FOR_ENFORCEMENT,-58.8630,1053.3931,-61.3156,-58.8630,-2.4526,-0.04731885,-0.04542610,-2.4526,-58.8630,-0.04542610,-2.4526,-2.4526,-2.4526,-2.4526,-2.4526,-58.8630,-0.04542610,-12.2631,-11.3205,-49.0525,-49.9951,-0.03785508,-0.0385825,-0.00189275,3.3483,2.8427,-0.1588,-6.1316,-0.3297,129.5796,38.6000,3.4495,3.3480,0.9789,2.1559,3.7651,7.5301,7.6431,18.5548,1.6566,0.0,3.545135,8.606416,1.553069,30,91,27,2,0.00266206,-0.04731885,1.00000000,0E-8,0.000000,0.846803,0.000000,-1.05011432,2026-03-25,2026-07-14,10,186,83,112,0.089286,1.030299,1.030218,0.008874,,,,,,,,GLOBAL_BASELINE_NO_ENTITY_RANKING,,,NOT_APPLICABLE_GLOBAL_BASELINE,HF9g-P5,,,,X 全窗基线 · 不参与实体赏罚,3929970,393,A168_HF9F_20260827_0900,2026-08-27 09:00:00
2026-03-25,140450063,2256,0,2.2590361446,2.1460843373,2.1460843373,1.0000000,1,1,0.50665070000000000,0.506650700000,0.9867858985152569,0.9867858985152569,0.9867858985152569,0E-17,ELIGIBLE,R03b_20260811_FULL_v1,L1_ELIGIBILITY,v2026-08-11,2026-03-21..2026-08-06,baccarat_bet02_101_all_pairs_incl_sentinel,round_win = game_pnl > 0 (decisive only),COMPATIBILITY_ONLY_NOT_PRODUCTION,1295.7961,1097.2845,-61.3156,387,386,0.04731885,-1.00000000,0.05011432,0.04731885,61.3156,1295.7961,OK,0.0000,-2.4526,4.0000,96.0000,AG03-UNRESOLVED,ALL5_LEVELS_bet23_to_bet27,-2.4526,-2.4526,-2.4526,-2.4526,-2.4526,4.000000,4.000000,4.000000,4.000000,4.000000,96.000000,96.000000,96.000000,96.000000,96.000000,5.0,-12.2631,-11.3205,-49.0525,-49.9951,PENDING_AG03,FALSE,NOT_FOR_ENFORCEMENT,-58.8630,1053.3931,-61.3156,-58.8630,-2.4526,-0.04731885,-0.04542610,-2.4526,-58.8630,-0.04542610,-2.4526,-2.4526,-2.4526,-2.4526,-2.4526,-58.8630,-0.04542610,-12.2631,-11.3205,-49.0525,-49.9951,-0.03785508,-0.0385825,-0.00189275,3.3483,2.8427,-0.1588,-6.1316,-0.3297,129.5796,38.6000,3.4495,3.3480,0.9789,2.1559,3.7651,7.5301,7.6431,18.5548,1.6566,0.0,3.545135,8.606416,1.553069,30,91,27,2,0.00266206,-0.04731885,1.00000000,0E-8,0.000000,0.846803,0.000000,-1.05011432,2026-03-25,2026-07-14,10,186,83,112,0.089286,1.030299,1.030218,0.008874,,,,,,,,GLOBAL_BASELINE_NO_ENTITY_RANKING,,,NOT_APPLICABLE_GLOBAL_BASELINE,HF9g-P5,,,,X 全窗基线 · 不参与实体赏罚,3929971,393,A168_HF9F_20260827_0900,2026-08-27 09:00:00
2026-03-25,140450063,462,0,4.8945783132,4.8945783132,4.8945783132,1.0000000,2,2,0.49324550000000000,0.493245500000,1.4334489766152358,1.4334489766152358,1.4334489766152358,0E-17,ELIGIBLE,R03b_20260811_FULL_v1,L1_ELIGIBILITY,v2026-08-11,2026-03-21..2026-08-06,baccarat_bet02_101_all_pairs_incl_sentinel,round_win = game_pnl > 0 (decisive only),COMPATIBILITY_ONLY_NOT_PRODUCTION,1295.7961,1097.2845,-61.3156,387,386,0.04731885,-1.00000000,0.05011432,0.04731885,61.3156,1295.7961,OK,0.0000,-2.4526,4.0000,96.0000,AG03-UNRESOLVED,ALL5_LEVELS_bet23_to_bet27,-2.4526,-2.4526,-2.4526,-2.4526,-2.4526,4.000000,4.000000,4.000000,4.000000,4.000000,96.000000,96.000000,96.000000,96.000000,96.000000,5.0,-12.2631,-11.3205,-49.0525,-49.9951,PENDING_AG03,FALSE,NOT_FOR_ENFORCEMENT,-58.8630,1053.3931,-61.3156,-58.8630,-2.4526,-0.04731885,-0.04542610,-2.4526,-58.8630,-0.04542610,-2.4526,-2.4526,-2.4526,-2.4526,-2.4526,-58.8630,-0.04542610,-12.2631,-11.3205,-49.0525,-49.9951,-0.03785508,-0.0385825,-0.00189275,3.3483,2.8427,-0.1588,-6.1316,-0.3297,129.5796,38.6000,3.4495,3.3480,0.9789,2.1559,3.7651,7.5301,7.6431,18.5548,1.6566,0.0,3.545135,8.606416,1.553069,30,91,27,2,0.00266206,-0.04731885,1.00000000,0E-8,0.000000,0.846803,0.000000,-1.05011432,2026-03-25,2026-07-14,10,186,83,112,0.089286,1.030299,1.030218,0.008874,,,,,,,,GLOBAL_BASELINE_NO_ENTITY_RANKING,,,NOT_APPLICABLE_GLOBAL_BASELINE,HF9g-P5,,,,X 全窗基线 · 不参与实体赏罚,3929972,393,A168_HF9F_20260827_0900,2026-08-27 09:00:00
2026-03-25,140450063,752,0,7.5301204819,0E-10,0E-10,,1,1,0.49324550000000000,0.493245500000,,,,0E-17,NO_DECISIVE_ROUND,R03b_20260811_FULL_v1,L1_ELIGIBILITY,v2026-08-11,2026-03-21..2026-08-06,baccarat_bet02_101_all_pairs_incl_sentinel,round_win = game_pnl > 0 (decisive only),COMPATIBILITY_ONLY_NOT_PRODUCTION,1295.7961,1097.2845,-61.3156,387,386,0.04731885,-1.00000000,0.05011432,0.04731885,61.3156,1295.7961,OK,0.0000,-2.4526,4.0000,96.0000,AG03-UNRESOLVED,ALL5_LEVELS_bet23_to_bet27,-2.4526,-2.4526,-2.4526,-2.4526,-2.4526,4.000000,4.000000,4.000000,4.000000,4.000000,96.000000,96.000000,96.000000,96.000000,96.000000,5.0,-12.2631,-11.3205,-49.0525,-49.9951,PENDING_AG03,FALSE,NOT_FOR_ENFORCEMENT,-58.8630,1053.3931,-61.3156,-58.8630,-2.4526,-0.04731885,-0.04542610,-2.4526,-58.8630,-0.04542610,-2.4526,-2.4526,-2.4526,-2.4526,-2.4526,-58.8630,-0.04542610,-12.2631,-11.3205,-49.0525,-49.9951,-0.03785508,-0.0385825,-0.00189275,3.3483,2.8427,-0.1588,-6.1316,-0.3297,129.5796,38.6000,3.4495,3.3480,0.9789,2.1559,3.7651,7.5301,7.6431,18.5548,1.6566,0.0,3.545135,8.606416,1.553069,30,91,27,2,0.00266206,-0.04731885,1.00000000,0E-8,0.000000,0.846803,0.000000,-1.05011432,2026-03-25,2026-07-14,10,186,83,112,0.089286,1.030299,1.030218,0.008874,,,,,,,,GLOBAL_BASELINE_NO_ENTITY_RANKING,,,NOT_APPLICABLE_GLOBAL_BASELINE,HF9g-P5,,,,X 全窗基线 · 不参与实体赏罚,3929973,393,A168_HF9F_20260827_0900,2026-08-27 09:00:00
2026-03-25,140450063,789,0,7.5301204819,-7.5301204819,-7.5301204819,0E-7,1,1,0.49324550000000000,0.493245500000,-0.9865810262130424,-0.9865810262130424,-0.9865810262130424,0E-17,ELIGIBLE,R03b_20260811_FULL_v1,L1_ELIGIBILITY,v2026-08-11,2026-03-21..2026-08-06,baccarat_bet02_101_all_pairs_incl_sentinel,round_win = game_pnl > 0 (decisive only),COMPATIBILITY_ONLY_NOT_PRODUCTION,1295.7961,1097.2845,-61.3156,387,386,0.04731885,-1.00000000,0.05011432,0.04731885,61.3156,1295.7961,OK,0.0000,-2.4526,4.0000,96.0000,AG03-UNRESOLVED,ALL5_LEVELS_bet23_to_bet27,-2.4526,-2.4526,-2.4526,-2.4526,-2.4526,4.000000,4.000000,4.000000,4.000000,4.000000,96.000000,96.000000,96.000000,96.000000,96.000000,5.0,-12.2631,-11.3205,-49.0525,-49.9951,PENDING_AG03,FALSE,NOT_FOR_ENFORCEMENT,-58.8630,1053.3931,-61.3156,-58.8630,-2.4526,-0.04731885,-0.04542610,-2.4526,-58.8630,-0.04542610,-2.4526,-2.4526,-2.4526,-2.4526,-2.4526,-58.8630,-0.04542610,-12.2631,-11.3205,-49.0525,-49.9951,-0.03785508,-0.0385825,-0.00189275,3.3483,2.8427,-0.1588,-6.1316,-0.3297,129.5796,38.6000,3.4495,3.3480,0.9789,2.1559,3.7651,7.5301,7.6431,18.5548,1.6566,0.0,3.545135,8.606416,1.553069,30,91,27,2,0.00266206,-0.04731885,1.00000000,0E-8,0.000000,0.846803,0.000000,-1.05011432,2026-03-25,2026-07-14,10,186,83,112,0.089286,1.030299,1.030218,0.008874,,,,,,,,GLOBAL_BASELINE_NO_ENTITY_RANKING,,,NOT_APPLICABLE_GLOBAL_BASELINE,HF9g-P5,,,,X 全窗基线 · 不参与实体赏罚,3929974,393,A168_HF9F_20260827_0900,2026-08-27 09:00:00
2026-03-25,140450063,986,0,12.6506024096,-12.6506024096,-12.6506024096,0E-7,2,2,0.49994810000000000,0.499948100000,-1.4140667746232096,-1.4140667746232096,-1.4140667746232096,0E-17,ELIGIBLE,R03b_20260811_FULL_v1,L1_ELIGIBILITY,v2026-08-11,2026-03-21..2026-08-06,baccarat_bet02_101_all_pairs_incl_sentinel,round_win = game_pnl > 0 (decisive only),COMPATIBILITY_ONLY_NOT_PRODUCTION,1295.7961,1097.2845,-61.3156,387,386,0.04731885,-1.00000000,0.05011432,0.04731885,61.3156,1295.7961,OK,0.0000,-2.4526,4.0000,96.0000,AG03-UNRESOLVED,ALL5_LEVELS_bet23_to_bet27,-2.4526,-2.4526,-2.4526,-2.4526,-2.4526,4.000000,4.000000,4.000000,4.000000,4.000000,96.000000,96.000000,96.000000,96.000000,96.000000,5.0,-12.2631,-11.3205,-49.0525,-49.9951,PENDING_AG03,FALSE,NOT_FOR_ENFORCEMENT,-58.8630,1053.3931,-61.3156,-58.8630,-2.4526,-0.04731885,-0.04542610,-2.4526,-58.8630,-0.04542610,-2.4526,-2.4526,-2.4526,-2.4526,-2.4526,-58.8630,-0.04542610,-12.2631,-11.3205,-49.0525,-49.9951,-0.03785508,-0.0385825,-0.00189275,3.3483,2.8427,-0.1588,-6.1316,-0.3297,129.5796,38.6000,3.4495,3.3480,0.9789,2.1559,3.7651,7.5301,7.6431,18.5548,1.6566,0.0,3.545135,8.606416,1.553069,30,91,27,2,0.00266206,-0.04731885,1.00000000,0E-8,0.000000,0.846803,0.000000,-1.05011432,2026-03-25,2026-07-14,10,186,83,112,0.089286,1.030299,1.030218,0.008874,,,,,,,,GLOBAL_BASELINE_NO_ENTITY_RANKING,,,NOT_APPLICABLE_GLOBAL_BASELINE,HF9g-P5,,,,X 全窗基线 · 不参与实体赏罚,3929975,393,A168_HF9F_20260827_0900,2026-08-27 09:00:00
2026-03-25,140450063,987,0,7.5301204819,7.1536144578,7.1536144578,1.0000000,1,1,0.50665070000000000,0.506650700000,0.9867858985152569,0.9867858985152569,0.9867858985152569,0E-17,ELIGIBLE,R03b_20260811_FULL_v1,L1_ELIGIBILITY,v2026-08-11,2026-03-21..2026-08-06,baccarat_bet02_101_all_pairs_incl_sentinel,round_win = game_pnl > 0 (decisive only),COMPATIBILITY_ONLY_NOT_PRODUCTION,1295.7961,1097.2845,-61.3156,387,386,0.04731885,-1.00000000,0.05011432,0.04731885,61.3156,1295.7961,OK,0.0000,-2.4526,4.0000,96.0000,AG03-UNRESOLVED,ALL5_LEVELS_bet23_to_bet27,-2.4526,-2.4526,-2.4526,-2.4526,-2.4526,4.000000,4.000000,4.000000,4.000000,4.000000,96.000000,96.000000,96.000000,96.000000,96.000000,5.0,-12.2631,-11.3205,-49.0525,-49.9951,PENDING_AG03,FALSE,NOT_FOR_ENFORCEMENT,-58.8630,1053.3931,-61.3156,-58.8630,-2.4526,-0.04731885,-0.04542610,-2.4526,-58.8630,-0.04542610,-2.4526,-2.4526,-2.4526,-2.4526,-2.4526,-58.8630,-0.04542610,-12.2631,-11.3205,-49.0525,-49.9951,-0.03785508,-0.0385825,-0.00189275,3.3483,2.8427,-0.1588,-6.1316,-0.3297,129.5796,38.6000,3.4495,3.3480,0.9789,2.1559,3.7651,7.5301,7.6431,18.5548,1.6566,0.0,3.545135,8.606416,1.553069,30,91,27,2,0.00266206,-0.04731885,1.00000000,0E-8,0.000000,0.846803,0.000000,-1.05011432,2026-03-25,2026-07-14,10,186,83,112,0.089286,1.030299,1.030218,0.008874,,,,,,,,GLOBAL_BASELINE_NO_ENTITY_RANKING,,,NOT_APPLICABLE_GLOBAL_BASELINE,HF9g-P5,,,,X 全窗基线 · 不参与实体赏罚,3929976,393,A168_HF9F_20260827_0900,2026-08-27 09:00:00
2026-03-26,140450063,-1,1,39.5331325302,24.7364457831,24.7364457831,0.4285714,7,7,0.49707555714285714,0.497075557143,-0.3624959764119633,-0.36249597641271863,-0.3624959764119633,-1.4286E-13,SENTINEL_DEALER,R03b_20260811_FULL_v1,L1_ELIGIBILITY,v2026-08-11,2026-03-21..2026-08-06,baccarat_bet02_101_all_pairs_incl_sentinel,round_win = game_pnl > 0 (decisive only),COMPATIBILITY_ONLY_NOT_PRODUCTION,1295.7961,1097.2845,-61.3156,387,386,0.04731885,-1.00000000,0.05011432,0.04731885,61.3156,1295.7961,OK,0.0000,-2.4526,4.0000,96.0000,AG03-UNRESOLVED,ALL5_LEVELS_bet23_to_bet27,-2.4526,-2.4526,-2.4526,-2.4526,-2.4526,4.000000,4.000000,4.000000,4.000000,4.000000,96.000000,96.000000,96.000000,96.000000,96.000000,5.0,-12.2631,-11.3205,-49.0525,-49.9951,PENDING_AG03,FALSE,NOT_FOR_ENFORCEMENT,-58.8630,1053.3931,-61.3156,-58.8630,-2.4526,-0.04731885,-0.04542610,-2.4526,-58.8630,-0.04542610,-2.4526,-2.4526,-2.4526,-2.4526,-2.4526,-58.8630,-0.04542610,-12.2631,-11.3205,-49.0525,-49.9951,-0.03785508,-0.0385825,-0.00189275,3.3483,2.8427,-0.1588,-6.1316,-0.3297,129.5796,38.6000,3.4495,3.3480,0.9789,2.1559,3.7651,7.5301,7.6431,18.5548,1.6566,0.0,3.545135,8.606416,1.553069,30,91,27,2,0.00266206,-0.04731885,1.00000000,0E-8,0.000000,0.846803,0.000000,-1.05011432,2026-03-25,2026-07-14,10,186,83,112,0.089286,1.030299,1.030218,0.008874,,,,,,,,GLOBAL_BASELINE_NO_ENTITY_RANKING,,,NOT_APPLICABLE_GLOBAL_BASELINE,HF9g-P5,,,,X 全窗基线 · 不参与实体赏罚,3929977,393,A168_HF9F_20260827_0900,2026-08-27 09:00:00
2026-03-26,140450063,1007,0,1.5060240964,1.4683734940,1.4683734940,1.0000000,2,2,0.49994810000000000,0.499948100000,1.4143603653603398,1.4143603653603398,1.4143603653603398,0E-17,ELIGIBLE,R03b_20260811_FULL_v1,L1_ELIGIBILITY,v2026-08-11,2026-03-21..2026-08-06,baccarat_bet02_101_all_pairs_incl_sentinel,round_win = game_pnl > 0 (decisive only),COMPATIBILITY_ONLY_NOT_PRODUCTION,1295.7961,1097.2845,-61.3156,387,386,0.04731885,-1.00000000,0.05011432,0.04731885,61.3156,1295.7961,OK,0.0000,-2.4526,4.0000,96.0000,AG03-UNRESOLVED,ALL5_LEVELS_bet23_to_bet27,-2.4526,-2.4526,-2.4526,-2.4526,-2.4526,4.000000,4.000000,4.000000,4.000000,4.000000,96.000000,96.000000,96.000000,96.000000,96.000000,5.0,-12.2631,-11.3205,-49.0525,-49.9951,PENDING_AG03,FALSE,NOT_FOR_ENFORCEMENT,-58.8630,1053.3931,-61.3156,-58.8630,-2.4526,-0.04731885,-0.04542610,-2.4526,-58.8630,-0.04542610,-2.4526,-2.4526,-2.4526,-2.4526,-2.4526,-58.8630,-0.04542610,-12.2631,-11.3205,-49.0525,-49.9951,-0.03785508,-0.0385825,-0.00189275,3.3483,2.8427,-0.1588,-6.1316,-0.3297,129.5796,38.6000,3.4495,3.3480,0.9789,2.1559,3.7651,7.5301,7.6431,18.5548,1.6566,0.0,3.545135,8.606416,1.553069,30,91,27,2,0.00266206,-0.04731885,1.00000000,0E-8,0.000000,0.846803,0.000000,-1.05011432,2026-03-25,2026-07-14,10,186,83,112,0.089286,1.030299,1.030218,0.008874,,,,,,,,GLOBAL_BASELINE_NO_ENTITY_RANKING,,,NOT_APPLICABLE_GLOBAL_BASELINE,HF9g-P5,,,,X 全窗基线 · 不参与实体赏罚,3929978,393,A168_HF9F_20260827_0900,2026-08-27 09:00:00
2026-03-26,140450063,1078,0,7.5301204820,3.7650602410,3.7650602410,1.0000000,2,2,0.49324550000000000,0.493245500000,1.01360149184955,1.01360149184955,1.01360149184955,0E-17,ELIGIBLE,R03b_20260811_FULL_v1,L1_ELIGIBILITY,v2026-08-11,2026-03-21..2026-08-06,baccarat_bet02_101_all_pairs_incl_sentinel,round_win = game_pnl > 0 (decisive only),COMPATIBILITY_ONLY_NOT_PRODUCTION,1295.7961,1097.2845,-61.3156,387,386,0.04731885,-1.00000000,0.05011432,0.04731885,61.3156,1295.7961,OK,0.0000,-2.4526,4.0000,96.0000,AG03-UNRESOLVED,ALL5_LEVELS_bet23_to_bet27,-2.4526,-2.4526,-2.4526,-2.4526,-2.4526,4.000000,4.000000,4.000000,4.000000,4.000000,96.000000,96.000000,96.000000,96.000000,96.000000,5.0,-12.2631,-11.3205,-49.0525,-49.9951,PENDING_AG03,FALSE,NOT_FOR_ENFORCEMENT,-58.8630,1053.3931,-61.3156,-58.8630,-2.4526,-0.04731885,-0.04542610,-2.4526,-58.8630,-0.04542610,-2.4526,-2.4526,-2.4526,-2.4526,-2.4526,-58.8630,-0.04542610,-12.2631,-11.3205,-49.0525,-49.9951,-0.03785508,-0.0385825,-0.00189275,3.3483,2.8427,-0.1588,-6.1316,-0.3297,129.5796,38.6000,3.4495,3.3480,0.9789,2.1559,3.7651,7.5301,7.6431,18.5548,1.6566,0.0,3.545135,8.606416,1.553069,30,91,27,2,0.00266206,-0.04731885,1.00000000,0E-8,0.000000,0.846803,0.000000,-1.05011432,2026-03-25,2026-07-14,10,186,83,112,0.089286,1.030299,1.030218,0.008874,,,,,,,,GLOBAL_BASELINE_NO_ENTITY_RANKING,,,NOT_APPLICABLE_GLOBAL_BASELINE,HF9g-P5,,,,X 全窗基线 · 不参与实体赏罚,3929979,393,A168_HF9F_20260827_0900,2026-08-27 09:00:00
2026-03-26,140450063,1151,0,12.4246987952,-12.4246987952,-12.4246987952,0E-7,2,2,0.49994810000000000,0.499948100000,-1.4140667746232096,-1.4140667746232096,-1.4140667746232096,0E-17,ELIGIBLE,R03b_20260811_FULL_v1,L1_ELIGIBILITY,v2026-08-11,2026-03-21..2026-08-06,baccarat_bet02_101_all_pairs_incl_sentinel,round_win = game_pnl > 0 (decisive only),COMPATIBILITY_ONLY_NOT_PRODUCTION,1295.7961,1097.2845,-61.3156,387,386,0.04731885,-1.00000000,0.05011432,0.04731885,61.3156,1295.7961,OK,0.0000,-2.4526,4.0000,96.0000,AG03-UNRESOLVED,ALL5_LEVELS_bet23_to_bet27,-2.4526,-2.4526,-2.4526,-2.4526,-2.4526,4.000000,4.000000,4.000000,4.000000,4.000000,96.000000,96.000000,96.000000,96.000000,96.000000,5.0,-12.2631,-11.3205,-49.0525,-49.9951,PENDING_AG03,FALSE,NOT_FOR_ENFORCEMENT,-58.8630,1053.3931,-61.3156,-58.8630,-2.4526,-0.04731885,-0.04542610,-2.4526,-58.8630,-0.04542610,-2.4526,-2.4526,-2.4526,-2.4526,-2.4526,-58.8630,-0.04542610,-12.2631,-11.3205,-49.0525,-49.9951,-0.03785508,-0.0385825,-0.00189275,3.3483,2.8427,-0.1588,-6.1316,-0.3297,129.5796,38.6000,3.4495,3.3480,0.9789,2.1559,3.7651,7.5301,7.6431,18.5548,1.6566,0.0,3.545135,8.606416,1.553069,30,91,27,2,0.00266206,-0.04731885,1.00000000,0E-8,0.000000,0.846803,0.000000,-1.05011432,2026-03-25,2026-07-14,10,186,83,112,0.089286,1.030299,1.030218,0.008874,,,,,,,,GLOBAL_BASELINE_NO_ENTITY_RANKING,,,NOT_APPLICABLE_GLOBAL_BASELINE,HF9g-P5,,,,X 全窗基线 · 不参与实体赏罚,3929980,393,A168_HF9F_20260827_0900,2026-08-27 09:00:00
2026-03-26,140450063,1157,0,7.5301204820,-3.7650602410,-3.7650602410,0E-7,2,2,0.49994810000000000,0.499948100000,-0.9998962053866608,-0.9998962053866608,-0.9998962053866608,0E-17,ELIGIBLE,R03b_20260811_FULL_v1,L1_ELIGIBILITY,v2026-08-11,2026-03-21..2026-08-06,baccarat_bet02_101_all_pairs_incl_sentinel,round_win = game_pnl > 0 (decisive only),COMPATIBILITY_ONLY_NOT_PRODUCTION,1295.7961,1097.2845,-61.3156,387,386,0.04731885,-1.00000000,0.05011432,0.04731885,61.3156,1295.7961,OK,0.0000,-2.4526,4.0000,96.0000,AG03-UNRESOLVED,ALL5_LEVELS_bet23_to_bet27,-2.4526,-2.4526,-2.4526,-2.4526,-2.4526,4.000000,4.000000,4.000000,4.000000,4.000000,96.000000,96.000000,96.000000,96.000000,96.000000,5.0,-12.2631,-11.3205,-49.0525,-49.9951,PENDING_AG03,FALSE,NOT_FOR_ENFORCEMENT,-58.8630,1053.3931,-61.3156,-58.8630,-2.4526,-0.04731885,-0.04542610,-2.4526,-58.8630,-0.04542610,-2.4526,-2.4526,-2.4526,-2.4526,-2.4526,-58.8630,-0.04542610,-12.2631,-11.3205,-49.0525,-49.9951,-0.03785508,-0.0385825,-0.00189275,3.3483,2.8427,-0.1588,-6.1316,-0.3297,129.5796,38.6000,3.4495,3.3480,0.9789,2.1559,3.7651,7.5301,7.6431,18.5548,1.6566,0.0,3.545135,8.606416,1.553069,30,91,27,2,0.00266206,-0.04731885,1.00000000,0E-8,0.000000,0.846803,0.000000,-1.05011432,2026-03-25,2026-07-14,10,186,83,112,0.089286,1.030299,1.030218,0.008874,,,,,,,,GLOBAL_BASELINE_NO_ENTITY_RANKING,,,NOT_APPLICABLE_GLOBAL_BASELINE,HF9g-P5,,,,X 全窗基线 · 不参与实体赏罚,3929981,393,A168_HF9F_20260827_0900,2026-08-27 09:00:00
2026-03-26,140450063,1205,0,4.5180722892,-3.0120481928,-3.0120481928,0.5000000,2,2,0.49994810000000000,0.499948100000,0.00014679536856514622,0.00014679536856514622,0.00014679536856514622,0E-17,ELIGIBLE,R03b_20260811_FULL_v1,L1_ELIGIBILITY,v2026-08-11,2026-03-21..2026-08-06,baccarat_bet02_101_all_pairs_incl_sentinel,round_win = game_pnl > 0 (decisive only),COMPATIBILITY_ONLY_NOT_PRODUCTION,1295.7961,1097.2845,-61.3156,387,386,0.04731885,-1.00000000,0.05011432,0.04731885,61.3156,1295.7961,OK,0.0000,-2.4526,4.0000,96.0000,AG03-UNRESOLVED,ALL5_LEVELS_bet23_to_bet27,-2.4526,-2.4526,-2.4526,-2.4526,-2.4526,4.000000,4.000000,4.000000,4.000000,4.000000,96.000000,96.000000,96.000000,96.000000,96.000000,5.0,-12.2631,-11.3205,-49.0525,-49.9951,PENDING_AG03,FALSE,NOT_FOR_ENFORCEMENT,-58.8630,1053.3931,-61.3156,-58.8630,-2.4526,-0.04731885,-0.04542610,-2.4526,-58.8630,-0.04542610,-2.4526,-2.4526,-2.4526,-2.4526,-2.4526,-58.8630,-0.04542610,-12.2631,-11.3205,-49.0525,-49.9951,-0.03785508,-0.0385825,-0.00189275,3.3483,2.8427,-0.1588,-6.1316,-0.3297,129.5796,38.6000,3.4495,3.3480,0.9789,2.1559,3.7651,7.5301,7.6431,18.5548,1.6566,0.0,3.545135,8.606416,1.553069,30,91,27,2,0.00266206,-0.04731885,1.00000000,0E-8,0.000000,0.846803,0.000000,-1.05011432,2026-03-25,2026-07-14,10,186,83,112,0.089286,1.030299,1.030218,0.008874,,,,,,,,GLOBAL_BASELINE_NO_ENTITY_RANKING,,,NOT_APPLICABLE_GLOBAL_BASELINE,HF9g-P5,,,,X 全窗基线 · 不参与实体赏罚,3929982,393,A168_HF9F_20260827_0900,2026-08-27 09:00:00
2026-03-26,140450063,1299,0,3.7650602410,-3.7650602410,-3.7650602410,0E-7,1,1,0.49324550000000000,0.493245500000,-0.9865810262130424,-0.9865810262130424,-0.9865810262130424,0E-17,ELIGIBLE,R03b_20260811_FULL_v1,L1_ELIGIBILITY,v2026-08-11,2026-03-21..2026-08-06,baccarat_bet02_101_all_pairs_incl_sentinel,round_win = game_pnl > 0 (decisive only),COMPATIBILITY_ONLY_NOT_PRODUCTION,1295.7961,1097.2845,-61.3156,387,386,0.04731885,-1.00000000,0.05011432,0.04731885,61.3156,1295.7961,OK,0.0000,-2.4526,4.0000,96.0000,AG03-UNRESOLVED,ALL5_LEVELS_bet23_to_bet27,-2.4526,-2.4526,-2.4526,-2.4526,-2.4526,4.000000,4.000000,4.000000,4.000000,4.000000,96.000000,96.000000,96.000000,96.000000,96.000000,5.0,-12.2631,-11.3205,-49.0525,-49.9951,PENDING_AG03,FALSE,NOT_FOR_ENFORCEMENT,-58.8630,1053.3931,-61.3156,-58.8630,-2.4526,-0.04731885,-0.04542610,-2.4526,-58.8630,-0.04542610,-2.4526,-2.4526,-2.4526,-2.4526,-2.4526,-58.8630,-0.04542610,-12.2631,-11.3205,-49.0525,-49.9951,-0.03785508,-0.0385825,-0.00189275,3.3483,2.8427,-0.1588,-6.1316,-0.3297,129.5796,38.6000,3.4495,3.3480,0.9789,2.1559,3.7651,7.5301,7.6431,18.5548,1.6566,0.0,3.545135,8.606416,1.553069,30,91,27,2,0.00266206,-0.04731885,1.00000000,0E-8,0.000000,0.846803,0.000000,-1.05011432,2026-03-25,2026-07-14,10,186,83,112,0.089286,1.030299,1.030218,0.008874,,,,,,,,GLOBAL_BASELINE_NO_ENTITY_RANKING,,,NOT_APPLICABLE_GLOBAL_BASELINE,HF9g-P5,,,,X 全窗基线 · 不参与实体赏罚,3929983,393,A168_HF9F_20260827_0900,2026-08-27 09:00:00
2026-03-26,140450063,1302,0,4.5180722892,-3.7650602410,-3.7650602410,0E-7,2,2,0.49324550000000000,0.493245500000,-0.9865810262130424,-0.9865810262130424,-0.9865810262130424,0E-17,ELIGIBLE,R03b_20260811_FULL_v1,L1_ELIGIBILITY,v2026-08-11,2026-03-21..2026-08-06,baccarat_bet02_101_all_pairs_incl_sentinel,round_win = game_pnl > 0 (decisive only),COMPATIBILITY_ONLY_NOT_PRODUCTION,1295.7961,1097.2845,-61.3156,387,386,0.04731885,-1.00000000,0.05011432,0.04731885,61.3156,1295.7961,OK,0.0000,-2.4526,4.0000,96.0000,AG03-UNRESOLVED,ALL5_LEVELS_bet23_to_bet27,-2.4526,-2.4526,-2.4526,-2.4526,-2.4526,4.000000,4.000000,4.000000,4.000000,4.000000,96.000000,96.000000,96.000000,96.000000,96.000000,5.0,-12.2631,-11.3205,-49.0525,-49.9951,PENDING_AG03,FALSE,NOT_FOR_ENFORCEMENT,-58.8630,1053.3931,-61.3156,-58.8630,-2.4526,-0.04731885,-0.04542610,-2.4526,-58.8630,-0.04542610,-2.4526,-2.4526,-2.4526,-2.4526,-2.4526,-58.8630,-0.04542610,-12.2631,-11.3205,-49.0525,-49.9951,-0.03785508,-0.0385825,-0.00189275,3.3483,2.8427,-0.1588,-6.1316,-0.3297,129.5796,38.6000,3.4495,3.3480,0.9789,2.1559,3.7651,7.5301,7.6431,18.5548,1.6566,0.0,3.545135,8.606416,1.553069,30,91,27,2,0.00266206,-0.04731885,1.00000000,0E-8,0.000000,0.846803,0.000000,-1.05011432,2026-03-25,2026-07-14,10,186,83,112,0.089286,1.030299,1.030218,0.008874,,,,,,,,GLOBAL_BASELINE_NO_ENTITY_RANKING,,,NOT_APPLICABLE_GLOBAL_BASELINE,HF9g-P5,,,,X 全窗基线 · 不参与实体赏罚,3929984,393,A168_HF9F_20260827_0900,2026-08-27 09:00:00
2026-03-26,140450063,1307,0,3.7650602410,-3.7650602410,-3.7650602410,0E-7,1,1,0.50665070000000000,0.506650700000,-1.013391052207602,-1.013391052207602,-1.013391052207602,0E-17,ELIGIBLE,R03b_20260811_FULL_v1,L1_ELIGIBILITY,v2026-08-11,2026-03-21..2026-08-06,baccarat_bet02_101_all_pairs_incl_sentinel,round_win = game_pnl > 0 (decisive only),COMPATIBILITY_ONLY_NOT_PRODUCTION,1295.7961,1097.2845,-61.3156,387,386,0.04731885,-1.00000000,0.05011432,0.04731885,61.3156,1295.7961,OK,0.0000,-2.4526,4.0000,96.0000,AG03-UNRESOLVED,ALL5_LEVELS_bet23_to_bet27,-2.4526,-2.4526,-2.4526,-2.4526,-2.4526,4.000000,4.000000,4.000000,4.000000,4.000000,96.000000,96.000000,96.000000,96.000000,96.000000,5.0,-12.2631,-11.3205,-49.0525,-49.9951,PENDING_AG03,FALSE,NOT_FOR_ENFORCEMENT,-58.8630,1053.3931,-61.3156,-58.8630,-2.4526,-0.04731885,-0.04542610,-2.4526,-58.8630,-0.04542610,-2.4526,-2.4526,-2.4526,-2.4526,-2.4526,-58.8630,-0.04542610,-12.2631,-11.3205,-49.0525,-49.9951,-0.03785508,-0.0385825,-0.00189275,3.3483,2.8427,-0.1588,-6.1316,-0.3297,129.5796,38.6000,3.4495,3.3480,0.9789,2.1559,3.7651,7.5301,7.6431,18.5548,1.6566,0.0,3.545135,8.606416,1.553069,30,91,27,2,0.00266206,-0.04731885,1.00000000,0E-8,0.000000,0.846803,0.000000,-1.05011432,2026-03-25,2026-07-14,10,186,83,112,0.089286,1.030299,1.030218,0.008874,,,,,,,,GLOBAL_BASELINE_NO_ENTITY_RANKING,,,NOT_APPLICABLE_GLOBAL_BASELINE,HF9g-P5,,,,X 全窗基线 · 不参与实体赏罚,3929985,393,A168_HF9F_20260827_0900,2026-08-27 09:00:00
2026-03-26,140450063,1330,0,7.5301204819,7.1536144578,7.1536144578,1.0000000,1,1,0.50665070000000000,0.506650700000,0.9867858985152569,0.9867858985152569,0.9867858985152569,0E-17,ELIGIBLE,R03b_20260811_FULL_v1,L1_ELIGIBILITY,v2026-08-11,2026-03-21..2026-08-06,baccarat_bet02_101_all_pairs_incl_sentinel,round_win = game_pnl > 0 (decisive only),COMPATIBILITY_ONLY_NOT_PRODUCTION,1295.7961,1097.2845,-61.3156,387,386,0.04731885,-1.00000000,0.05011432,0.04731885,61.3156,1295.7961,OK,0.0000,-2.4526,4.0000,96.0000,AG03-UNRESOLVED,ALL5_LEVELS_bet23_to_bet27,-2.4526,-2.4526,-2.4526,-2.4526,-2.4526,4.000000,4.000000,4.000000,4.000000,4.000000,96.000000,96.000000,96.000000,96.000000,96.000000,5.0,-12.2631,-11.3205,-49.0525,-49.9951,PENDING_AG03,FALSE,NOT_FOR_ENFORCEMENT,-58.8630,1053.3931,-61.3156,-58.8630,-2.4526,-0.04731885,-0.04542610,-2.4526,-58.8630,-0.04542610,-2.4526,-2.4526,-2.4526,-2.4526,-2.4526,-58.8630,-0.04542610,-12.2631,-11.3205,-49.0525,-49.9951,-0.03785508,-0.0385825,-0.00189275,3.3483,2.8427,-0.1588,-6.1316,-0.3297,129.5796,38.6000,3.4495,3.3480,0.9789,2.1559,3.7651,7.5301,7.6431,18.5548,1.6566,0.0,3.545135,8.606416,1.553069,30,91,27,2,0.00266206,-0.04731885,1.00000000,0E-8,0.000000,0.846803,0.000000,-1.05011432,2026-03-25,2026-07-14,10,186,83,112,0.089286,1.030299,1.030218,0.008874,,,,,,,,GLOBAL_BASELINE_NO_ENTITY_RANKING,,,NOT_APPLICABLE_GLOBAL_BASELINE,HF9g-P5,,,,X 全窗基线 · 不参与实体赏罚,3929986,393,A168_HF9F_20260827_0900,2026-08-27 09:00:00
2026-03-26,140450063,1383,0,9.0361445784,-2.2590361446,-2.2590361446,0.3333333,4,4,0.49324550000000000,0.493245500000,-0.5540025479526107,-0.5540025479526106,-0.5540025479526107,0E-17,ELIGIBLE,R03b_20260811_FULL_v1,L1_ELIGIBILITY,v2026-08-11,2026-03-21..2026-08-06,baccarat_bet02_101_all_pairs_incl_sentinel,round_win = game_pnl > 0 (decisive only),COMPATIBILITY_ONLY_NOT_PRODUCTION,1295.7961,1097.2845,-61.3156,387,386,0.04731885,-1.00000000,0.05011432,0.04731885,61.3156,1295.7961,OK,0.0000,-2.4526,4.0000,96.0000,AG03-UNRESOLVED,ALL5_LEVELS_bet23_to_bet27,-2.4526,-2.4526,-2.4526,-2.4526,-2.4526,4.000000,4.000000,4.000000,4.000000,4.000000,96.000000,96.000000,96.000000,96.000000,96.000000,5.0,-12.2631,-11.3205,-49.0525,-49.9951,PENDING_AG03,FALSE,NOT_FOR_ENFORCEMENT,-58.8630,1053.3931,-61.3156,-58.8630,-2.4526,-0.04731885,-0.04542610,-2.4526,-58.8630,-0.04542610,-2.4526,-2.4526,-2.4526,-2.4526,-2.4526,-58.8630,-0.04542610,-12.2631,-11.3205,-49.0525,-49.9951,-0.03785508,-0.0385825,-0.00189275,3.3483,2.8427,-0.1588,-6.1316,-0.3297,129.5796,38.6000,3.4495,3.3480,0.9789,2.1559,3.7651,7.5301,7.6431,18.5548,1.6566,0.0,3.545135,8.606416,1.553069,30,91,27,2,0.00266206,-0.04731885,1.00000000,0E-8,0.000000,0.846803,0.000000,-1.05011432,2026-03-25,2026-07-14,10,186,83,112,0.089286,1.030299,1.030218,0.008874,,,,,,,,GLOBAL_BASELINE_NO_ENTITY_RANKING,,,NOT_APPLICABLE_GLOBAL_BASELINE,HF9g-P5,,,,X 全窗基线 · 不参与实体赏罚,3929987,393,A168_HF9F_20260827_0900,2026-08-27 09:00:00
2026-03-26,140450063,1384,0,37.8765060243,2.5564759035,2.5564759035,0.3333333,19,19,0.50100640526315789,0.501006405263,-1.2987926613542924,-1.2987926613530687,-1.2987926613542924,1.5789E-13,ELIGIBLE,R03b_20260811_FULL_v1,L1_ELIGIBILITY,v2026-08-11,2026-03-21..2026-08-06,baccarat_bet02_101_all_pairs_incl_sentinel,round_win = game_pnl > 0 (decisive only),COMPATIBILITY_ONLY_NOT_PRODUCTION,1295.7961,1097.2845,-61.3156,387,386,0.04731885,-1.00000000,0.05011432,0.04731885,61.3156,1295.7961,OK,0.0000,-2.4526,4.0000,96.0000,AG03-UNRESOLVED,ALL5_LEVELS_bet23_to_bet27,-2.4526,-2.4526,-2.4526,-2.4526,-2.4526,4.000000,4.000000,4.000000,4.000000,4.000000,96.000000,96.000000,96.000000,96.000000,96.000000,5.0,-12.2631,-11.3205,-49.0525,-49.9951,PENDING_AG03,FALSE,NOT_FOR_ENFORCEMENT,-58.8630,1053.3931,-61.3156,-58.8630,-2.4526,-0.04731885,-0.04542610,-2.4526,-58.8630,-0.04542610,-2.4526,-2.4526,-2.4526,-2.4526,-2.4526,-58.8630,-0.04542610,-12.2631,-11.3205,-49.0525,-49.9951,-0.03785508,-0.0385825,-0.00189275,3.3483,2.8427,-0.1588,-6.1316,-0.3297,129.5796,38.6000,3.4495,3.3480,0.9789,2.1559,3.7651,7.5301,7.6431,18.5548,1.6566,0.0,3.545135,8.606416,1.553069,30,91,27,2,0.00266206,-0.04731885,1.00000000,0E-8,0.000000,0.846803,0.000000,-1.05011432,2026-03-25,2026-07-14,10,186,83,112,0.089286,1.030299,1.030218,0.008874,,,,,,,,GLOBAL_BASELINE_NO_ENTITY_RANKING,,,NOT_APPLICABLE_GLOBAL_BASELINE,HF9g-P5,,,,X 全窗基线 · 不参与实体赏罚,3929988,393,A168_HF9F_20260827_0900,2026-08-27 09:00:00
2026-03-26,140450063,1401,0,3.7650602410,-3.7650602410,-3.7650602410,0E-7,1,1,0.50665070000000000,0.506650700000,-1.013391052207602,-1.013391052207602,-1.013391052207602,0E-17,ELIGIBLE,R03b_20260811_FULL_v1,L1_ELIGIBILITY,v2026-08-11,2026-03-21..2026-08-06,baccarat_bet02_101_all_pairs_incl_sentinel,round_win = game_pnl > 0 (decisive only),COMPATIBILITY_ONLY_NOT_PRODUCTION,1295.7961,1097.2845,-61.3156,387,386,0.04731885,-1.00000000,0.05011432,0.04731885,61.3156,1295.7961,OK,0.0000,-2.4526,4.0000,96.0000,AG03-UNRESOLVED,ALL5_LEVELS_bet23_to_bet27,-2.4526,-2.4526,-2.4526,-2.4526,-2.4526,4.000000,4.000000,4.000000,4.000000,4.000000,96.000000,96.000000,96.000000,96.000000,96.000000,5.0,-12.2631,-11.3205,-49.0525,-49.9951,PENDING_AG03,FALSE,NOT_FOR_ENFORCEMENT,-58.8630,1053.3931,-61.3156,-58.8630,-2.4526,-0.04731885,-0.04542610,-2.4526,-58.8630,-0.04542610,-2.4526,-2.4526,-2.4526,-2.4526,-2.4526,-58.8630,-0.04542610,-12.2631,-11.3205,-49.0525,-49.9951,-0.03785508,-0.0385825,-0.00189275,3.3483,2.8427,-0.1588,-6.1316,-0.3297,129.5796,38.6000,3.4495,3.3480,0.9789,2.1559,3.7651,7.5301,7.6431,18.5548,1.6566,0.0,3.545135,8.606416,1.553069,30,91,27,2,0.00266206,-0.04731885,1.00000000,0E-8,0.000000,0.846803,0.000000,-1.05011432,2026-03-25,2026-07-14,10,186,83,112,0.089286,1.030299,1.030218,0.008874,,,,,,,,GLOBAL_BASELINE_NO_ENTITY_RANKING,,,NOT_APPLICABLE_GLOBAL_BASELINE,HF9g-P5,,,,X 全窗基线 · 不参与实体赏罚,3929989,393,A168_HF9F_20260827_0900,2026-08-27 09:00:00
2026-03-26,140450063,1402,0,29.3674698795,-29.3674698795,-29.3674698795,0E-7,2,2,0.50665070000000000,0.506650700000,-1.4331513700195317,-1.4331513700195317,-1.4331513700195317,0E-17,ELIGIBLE,R03b_20260811_FULL_v1,L1_ELIGIBILITY,v2026-08-11,2026-03-21..2026-08-06,baccarat_bet02_101_all_pairs_incl_sentinel,round_win = game_pnl > 0 (decisive only),COMPATIBILITY_ONLY_NOT_PRODUCTION,1295.7961,1097.2845,-61.3156,387,386,0.04731885,-1.00000000,0.05011432,0.04731885,61.3156,1295.7961,OK,0.0000,-2.4526,4.0000,96.0000,AG03-UNRESOLVED,ALL5_LEVELS_bet23_to_bet27,-2.4526,-2.4526,-2.4526,-2.4526,-2.4526,4.000000,4.000000,4.000000,4.000000,4.000000,96.000000,96.000000,96.000000,96.000000,96.000000,5.0,-12.2631,-11.3205,-49.0525,-49.9951,PENDING_AG03,FALSE,NOT_FOR_ENFORCEMENT,-58.8630,1053.3931,-61.3156,-58.8630,-2.4526,-0.04731885,-0.04542610,-2.4526,-58.8630,-0.04542610,-2.4526,-2.4526,-2.4526,-2.4526,-2.4526,-58.8630,-0.04542610,-12.2631,-11.3205,-49.0525,-49.9951,-0.03785508,-0.0385825,-0.00189275,3.3483,2.8427,-0.1588,-6.1316,-0.3297,129.5796,38.6000,3.4495,3.3480,0.9789,2.1559,3.7651,7.5301,7.6431,18.5548,1.6566,0.0,3.545135,8.606416,1.553069,30,91,27,2,0.00266206,-0.04731885,1.00000000,0E-8,0.000000,0.846803,0.000000,-1.05011432,2026-03-25,2026-07-14,10,186,83,112,0.089286,1.030299,1.030218,0.008874,,,,,,,,GLOBAL_BASELINE_NO_ENTITY_RANKING,,,NOT_APPLICABLE_GLOBAL_BASELINE,HF9g-P5,,,,X 全窗基线 · 不参与实体赏罚,3929990,393,A168_HF9F_20260827_0900,2026-08-27 09:00:00
2026-03-26,140450063,1507,0,0.7530120482,0E-10,0E-10,,1,1,0.50665070000000000,0.506650700000,,,,0E-17,NO_DECISIVE_ROUND,R03b_20260811_FULL_v1,L1_ELIGIBILITY,v2026-08-11,2026-03-21..2026-08-06,baccarat_bet02_101_all_pairs_incl_sentinel,round_win = game_pnl > 0 (decisive only),COMPATIBILITY_ONLY_NOT_PRODUCTION,1295.7961,1097.2845,-61.3156,387,386,0.04731885,-1.00000000,0.05011432,0.04731885,61.3156,1295.7961,OK,0.0000,-2.4526,4.0000,96.0000,AG03-UNRESOLVED,ALL5_LEVELS_bet23_to_bet27,-2.4526,-2.4526,-2.4526,-2.4526,-2.4526,4.000000,4.000000,4.000000,4.000000,4.000000,96.000000,96.000000,96.000000,96.000000,96.000000,5.0,-12.2631,-11.3205,-49.0525,-49.9951,PENDING_AG03,FALSE,NOT_FOR_ENFORCEMENT,-58.8630,1053.3931,-61.3156,-58.8630,-2.4526,-0.04731885,-0.04542610,-2.4526,-58.8630,-0.04542610,-2.4526,-2.4526,-2.4526,-2.4526,-2.4526,-58.8630,-0.04542610,-12.2631,-11.3205,-49.0525,-49.9951,-0.03785508,-0.0385825,-0.00189275,3.3483,2.8427,-0.1588,-6.1316,-0.3297,129.5796,38.6000,3.4495,3.3480,0.9789,2.1559,3.7651,7.5301,7.6431,18.5548,1.6566,0.0,3.545135,8.606416,1.553069,30,91,27,2,0.00266206,-0.04731885,1.00000000,0E-8,0.000000,0.846803,0.000000,-1.05011432,2026-03-25,2026-07-14,10,186,83,112,0.089286,1.030299,1.030218,0.008874,,,,,,,,GLOBAL_BASELINE_NO_ENTITY_RANKING,,,NOT_APPLICABLE_GLOBAL_BASELINE,HF9g-P5,,,,X 全窗基线 · 不参与实体赏罚,3929991,393,A168_HF9F_20260827_0900,2026-08-27 09:00:00
2026-03-26,140450063,1509,0,9.8644578313,-5.7981927711,-5.7981927711,0.2000000,5,5,0.49860758000000000,0.498607580000,-1.3354188732730328,-1.3354188732730328,-1.3354188732730328,0E-17,ELIGIBLE,R03b_20260811_FULL_v1,L1_ELIGIBILITY,v2026-08-11,2026-03-21..2026-08-06,baccarat_bet02_101_all_pairs_incl_sentinel,round_win = game_pnl > 0 (decisive only),COMPATIBILITY_ONLY_NOT_PRODUCTION,1295.7961,1097.2845,-61.3156,387,386,0.04731885,-1.00000000,0.05011432,0.04731885,61.3156,1295.7961,OK,0.0000,-2.4526,4.0000,96.0000,AG03-UNRESOLVED,ALL5_LEVELS_bet23_to_bet27,-2.4526,-2.4526,-2.4526,-2.4526,-2.4526,4.000000,4.000000,4.000000,4.000000,4.000000,96.000000,96.000000,96.000000,96.000000,96.000000,5.0,-12.2631,-11.3205,-49.0525,-49.9951,PENDING_AG03,FALSE,NOT_FOR_ENFORCEMENT,-58.8630,1053.3931,-61.3156,-58.8630,-2.4526,-0.04731885,-0.04542610,-2.4526,-58.8630,-0.04542610,-2.4526,-2.4526,-2.4526,-2.4526,-2.4526,-58.8630,-0.04542610,-12.2631,-11.3205,-49.0525,-49.9951,-0.03785508,-0.0385825,-0.00189275,3.3483,2.8427,-0.1588,-6.1316,-0.3297,129.5796,38.6000,3.4495,3.3480,0.9789,2.1559,3.7651,7.5301,7.6431,18.5548,1.6566,0.0,3.545135,8.606416,1.553069,30,91,27,2,0.00266206,-0.04731885,1.00000000,0E-8,0.000000,0.846803,0.000000,-1.05011432,2026-03-25,2026-07-14,10,186,83,112,0.089286,1.030299,1.030218,0.008874,,,,,,,,GLOBAL_BASELINE_NO_ENTITY_RANKING,,,NOT_APPLICABLE_GLOBAL_BASELINE,HF9g-P5,,,,X 全窗基线 · 不参与实体赏罚,3929992,393,A168_HF9F_20260827_0900,2026-08-27 09:00:00
2026-03-26,140450063,1646,0,18.6746987952,6.7771084338,6.7771084338,0.6250000,9,9,0.50069283333333333,0.500692833333,0.70318819908704,0.7031881990889248,0.70318819908704,3.3333E-13,ELIGIBLE,R03b_20260811_FULL_v1,L1_ELIGIBILITY,v2026-08-11,2026-03-21..2026-08-06,baccarat_bet02_101_all_pairs_incl_sentinel,round_win = game_pnl > 0 (decisive only),COMPATIBILITY_ONLY_NOT_PRODUCTION,1295.7961,1097.2845,-61.3156,387,386,0.04731885,-1.00000000,0.05011432,0.04731885,61.3156,1295.7961,OK,0.0000,-2.4526,4.0000,96.0000,AG03-UNRESOLVED,ALL5_LEVELS_bet23_to_bet27,-2.4526,-2.4526,-2.4526,-2.4526,-2.4526,4.000000,4.000000,4.000000,4.000000,4.000000,96.000000,96.000000,96.000000,96.000000,96.000000,5.0,-12.2631,-11.3205,-49.0525,-49.9951,PENDING_AG03,FALSE,NOT_FOR_ENFORCEMENT,-58.8630,1053.3931,-61.3156,-58.8630,-2.4526,-0.04731885,-0.04542610,-2.4526,-58.8630,-0.04542610,-2.4526,-2.4526,-2.4526,-2.4526,-2.4526,-58.8630,-0.04542610,-12.2631,-11.3205,-49.0525,-49.9951,-0.03785508,-0.0385825,-0.00189275,3.3483,2.8427,-0.1588,-6.1316,-0.3297,129.5796,38.6000,3.4495,3.3480,0.9789,2.1559,3.7651,7.5301,7.6431,18.5548,1.6566,0.0,3.545135,8.606416,1.553069,30,91,27,2,0.00266206,-0.04731885,1.00000000,0E-8,0.000000,0.846803,0.000000,-1.05011432,2026-03-25,2026-07-14,10,186,83,112,0.089286,1.030299,1.030218,0.008874,,,,,,,,GLOBAL_BASELINE_NO_ENTITY_RANKING,,,NOT_APPLICABLE_GLOBAL_BASELINE,HF9g-P5,,,,X 全窗基线 · 不参与实体赏罚,3929993,393,A168_HF9F_20260827_0900,2026-08-27 09:00:00
2026-03-26,140450063,1935,0,0.7530120482,-0.7530120482,-0.7530120482,0E-7,1,1,0.49324550000000000,0.493245500000,-0.9865810262130424,-0.9865810262130424,-0.9865810262130424,0E-17,ELIGIBLE,R03b_20260811_FULL_v1,L1_ELIGIBILITY,v2026-08-11,2026-03-21..2026-08-06,baccarat_bet02_101_all_pairs_incl_sentinel,round_win = game_pnl > 0 (decisive only),COMPATIBILITY_ONLY_NOT_PRODUCTION,1295.7961,1097.2845,-61.3156,387,386,0.04731885,-1.00000000,0.05011432,0.04731885,61.3156,1295.7961,OK,0.0000,-2.4526,4.0000,96.0000,AG03-UNRESOLVED,ALL5_LEVELS_bet23_to_bet27,-2.4526,-2.4526,-2.4526,-2.4526,-2.4526,4.000000,4.000000,4.000000,4.000000,4.000000,96.000000,96.000000,96.000000,96.000000,96.000000,5.0,-12.2631,-11.3205,-49.0525,-49.9951,PENDING_AG03,FALSE,NOT_FOR_ENFORCEMENT,-58.8630,1053.3931,-61.3156,-58.8630,-2.4526,-0.04731885,-0.04542610,-2.4526,-58.8630,-0.04542610,-2.4526,-2.4526,-2.4526,-2.4526,-2.4526,-58.8630,-0.04542610,-12.2631,-11.3205,-49.0525,-49.9951,-0.03785508,-0.0385825,-0.00189275,3.3483,2.8427,-0.1588,-6.1316,-0.3297,129.5796,38.6000,3.4495,3.3480,0.9789,2.1559,3.7651,7.5301,7.6431,18.5548,1.6566,0.0,3.545135,8.606416,1.553069,30,91,27,2,0.00266206,-0.04731885,1.00000000,0E-8,0.000000,0.846803,0.000000,-1.05011432,2026-03-25,2026-07-14,10,186,83,112,0.089286,1.030299,1.030218,0.008874,,,,,,,,GLOBAL_BASELINE_NO_ENTITY_RANKING,,,NOT_APPLICABLE_GLOBAL_BASELINE,HF9g-P5,,,,X 全窗基线 · 不参与实体赏罚,3929994,393,A168_HF9F_20260827_0900,2026-08-27 09:00:00
2026-03-26,140450063,1942,0,0.7530120482,-0.7530120482,-0.7530120482,0E-7,1,1,0.49324550000000000,0.493245500000,-0.9865810262130424,-0.9865810262130424,-0.9865810262130424,0E-17,ELIGIBLE,R03b_20260811_FULL_v1,L1_ELIGIBILITY,v2026-08-11,2026-03-21..2026-08-06,baccarat_bet02_101_all_pairs_incl_sentinel,round_win = game_pnl > 0 (decisive only),COMPATIBILITY_ONLY_NOT_PRODUCTION,1295.7961,1097.2845,-61.3156,387,386,0.04731885,-1.00000000,0.05011432,0.04731885,61.3156,1295.7961,OK,0.0000,-2.4526,4.0000,96.0000,AG03-UNRESOLVED,ALL5_LEVELS_bet23_to_bet27,-2.4526,-2.4526,-2.4526,-2.4526,-2.4526,4.000000,4.000000,4.000000,4.000000,4.000000,96.000000,96.000000,96.000000,96.000000,96.000000,5.0,-12.2631,-11.3205,-49.0525,-49.9951,PENDING_AG03,FALSE,NOT_FOR_ENFORCEMENT,-58.8630,1053.3931,-61.3156,-58.8630,-2.4526,-0.04731885,-0.04542610,-2.4526,-58.8630,-0.04542610,-2.4526,-2.4526,-2.4526,-2.4526,-2.4526,-58.8630,-0.04542610,-12.2631,-11.3205,-49.0525,-49.9951,-0.03785508,-0.0385825,-0.00189275,3.3483,2.8427,-0.1588,-6.1316,-0.3297,129.5796,38.6000,3.4495,3.3480,0.9789,2.1559,3.7651,7.5301,7.6431,18.5548,1.6566,0.0,3.545135,8.606416,1.553069,30,91,27,2,0.00266206,-0.04731885,1.00000000,0E-8,0.000000,0.846803,0.000000,-1.05011432,2026-03-25,2026-07-14,10,186,83,112,0.089286,1.030299,1.030218,0.008874,,,,,,,,GLOBAL_BASELINE_NO_ENTITY_RANKING,,,NOT_APPLICABLE_GLOBAL_BASELINE,HF9g-P5,,,,X 全窗基线 · 不参与实体赏罚,3929995,393,A168_HF9F_20260827_0900,2026-08-27 09:00:00
2026-03-26,140450063,1951,0,10.9186746989,1.8825301205,1.8825301205,0.3333333,4,4,0.49659680000000000,0.496596800000,-0.5655743394288276,-0.5655743394288276,-0.5655743394288276,0E-17,ELIGIBLE,R03b_20260811_FULL_v1,L1_ELIGIBILITY,v2026-08-11,2026-03-21..2026-08-06,baccarat_bet02_101_all_pairs_incl_sentinel,round_win = game_pnl > 0 (decisive only),COMPATIBILITY_ONLY_NOT_PRODUCTION,1295.7961,1097.2845,-61.3156,387,386,0.04731885,-1.00000000,0.05011432,0.04731885,61.3156,1295.7961,OK,0.0000,-2.4526,4.0000,96.0000,AG03-UNRESOLVED,ALL5_LEVELS_bet23_to_bet27,-2.4526,-2.4526,-2.4526,-2.4526,-2.4526,4.000000,4.000000,4.000000,4.000000,4.000000,96.000000,96.000000,96.000000,96.000000,96.000000,5.0,-12.2631,-11.3205,-49.0525,-49.9951,PENDING_AG03,FALSE,NOT_FOR_ENFORCEMENT,-58.8630,1053.3931,-61.3156,-58.8630,-2.4526,-0.04731885,-0.04542610,-2.4526,-58.8630,-0.04542610,-2.4526,-2.4526,-2.4526,-2.4526,-2.4526,-58.8630,-0.04542610,-12.2631,-11.3205,-49.0525,-49.9951,-0.03785508,-0.0385825,-0.00189275,3.3483,2.8427,-0.1588,-6.1316,-0.3297,129.5796,38.6000,3.4495,3.3480,0.9789,2.1559,3.7651,7.5301,7.6431,18.5548,1.6566,0.0,3.545135,8.606416,1.553069,30,91,27,2,0.00266206,-0.04731885,1.00000000,0E-8,0.000000,0.846803,0.000000,-1.05011432,2026-03-25,2026-07-14,10,186,83,112,0.089286,1.030299,1.030218,0.008874,,,,,,,,GLOBAL_BASELINE_NO_ENTITY_RANKING,,,NOT_APPLICABLE_GLOBAL_BASELINE,HF9g-P5,,,,X 全窗基线 · 不参与实体赏罚,3929996,393,A168_HF9F_20260827_0900,2026-08-27 09:00:00
2026-03-26,140450063,1984,0,20.3313253013,10.8621987953,10.8621987953,0.6923077,14,14,0.49707555714285714,0.497075557143,1.4078630292360903,1.4078630292350576,1.4078630292360903,-1.4286E-13,ELIGIBLE,R03b_20260811_FULL_v1,L1_ELIGIBILITY,v2026-08-11,2026-03-21..2026-08-06,baccarat_bet02_101_all_pairs_incl_sentinel,round_win = game_pnl > 0 (decisive only),COMPATIBILITY_ONLY_NOT_PRODUCTION,1295.7961,1097.2845,-61.3156,387,386,0.04731885,-1.00000000,0.05011432,0.04731885,61.3156,1295.7961,OK,0.0000,-2.4526,4.0000,96.0000,AG03-UNRESOLVED,ALL5_LEVELS_bet23_to_bet27,-2.4526,-2.4526,-2.4526,-2.4526,-2.4526,4.000000,4.000000,4.000000,4.000000,4.000000,96.000000,96.000000,96.000000,96.000000,96.000000,5.0,-12.2631,-11.3205,-49.0525,-49.9951,PENDING_AG03,FALSE,NOT_FOR_ENFORCEMENT,-58.8630,1053.3931,-61.3156,-58.8630,-2.4526,-0.04731885,-0.04542610,-2.4526,-58.8630,-0.04542610,-2.4526,-2.4526,-2.4526,-2.4526,-2.4526,-58.8630,-0.04542610,-12.2631,-11.3205,-49.0525,-49.9951,-0.03785508,-0.0385825,-0.00189275,3.3483,2.8427,-0.1588,-6.1316,-0.3297,129.5796,38.6000,3.4495,3.3480,0.9789,2.1559,3.7651,7.5301,7.6431,18.5548,1.6566,0.0,3.545135,8.606416,1.553069,30,91,27,2,0.00266206,-0.04731885,1.00000000,0E-8,0.000000,0.846803,0.000000,-1.05011432,2026-03-25,2026-07-14,10,186,83,112,0.089286,1.030299,1.030218,0.008874,,,,,,,,GLOBAL_BASELINE_NO_ENTITY_RANKING,,,NOT_APPLICABLE_GLOBAL_BASELINE,HF9g-P5,,,,X 全窗基线 · 不参与实体赏罚,3929997,393,A168_HF9F_20260827_0900,2026-08-27 09:00:00
2026-03-26,140450063,1994,0,3.7650602410,3.6897590362,3.6897590362,1.0000000,5,5,0.49860758000000000,0.498607580000,2.242303763970222,2.242303763970222,2.242303763970222,0E-17,ELIGIBLE,R03b_20260811_FULL_v1,L1_ELIGIBILITY,v2026-08-11,2026-03-21..2026-08-06,baccarat_bet02_101_all_pairs_incl_sentinel,round_win = game_pnl > 0 (decisive only),COMPATIBILITY_ONLY_NOT_PRODUCTION,1295.7961,1097.2845,-61.3156,387,386,0.04731885,-1.00000000,0.05011432,0.04731885,61.3156,1295.7961,OK,0.0000,-2.4526,4.0000,96.0000,AG03-UNRESOLVED,ALL5_LEVELS_bet23_to_bet27,-2.4526,-2.4526,-2.4526,-2.4526,-2.4526,4.000000,4.000000,4.000000,4.000000,4.000000,96.000000,96.000000,96.000000,96.000000,96.000000,5.0,-12.2631,-11.3205,-49.0525,-49.9951,PENDING_AG03,FALSE,NOT_FOR_ENFORCEMENT,-58.8630,1053.3931,-61.3156,-58.8630,-2.4526,-0.04731885,-0.04542610,-2.4526,-58.8630,-0.04542610,-2.4526,-2.4526,-2.4526,-2.4526,-2.4526,-58.8630,-0.04542610,-12.2631,-11.3205,-49.0525,-49.9951,-0.03785508,-0.0385825,-0.00189275,3.3483,2.8427,-0.1588,-6.1316,-0.3297,129.5796,38.6000,3.4495,3.3480,0.9789,2.1559,3.7651,7.5301,7.6431,18.5548,1.6566,0.0,3.545135,8.606416,1.553069,30,91,27,2,0.00266206,-0.04731885,1.00000000,0E-8,0.000000,0.846803,0.000000,-1.05011432,2026-03-25,2026-07-14,10,186,83,112,0.089286,1.030299,1.030218,0.008874,,,,,,,,GLOBAL_BASELINE_NO_ENTITY_RANKING,,,NOT_APPLICABLE_GLOBAL_BASELINE,HF9g-P5,,,,X 全窗基线 · 不参与实体赏罚,3929998,393,A168_HF9F_20260827_0900,2026-08-27 09:00:00
2026-03-26,140450063,2063,0,42.3945783133,2.6280120482,2.6280120482,0.5625000,23,23,0.50140518695652174,0.501405186957,0.48876043451584344,0.4887604345120186,0.48876043451584344,-4.7826E-13,ELIGIBLE,R03b_20260811_FULL_v1,L1_ELIGIBILITY,v2026-08-11,2026-03-21..2026-08-06,baccarat_bet02_101_all_pairs_incl_sentinel,round_win = game_pnl > 0 (decisive only),COMPATIBILITY_ONLY_NOT_PRODUCTION,1295.7961,1097.2845,-61.3156,387,386,0.04731885,-1.00000000,0.05011432,0.04731885,61.3156,1295.7961,OK,0.0000,-2.4526,4.0000,96.0000,AG03-UNRESOLVED,ALL5_LEVELS_bet23_to_bet27,-2.4526,-2.4526,-2.4526,-2.4526,-2.4526,4.000000,4.000000,4.000000,4.000000,4.000000,96.000000,96.000000,96.000000,96.000000,96.000000,5.0,-12.2631,-11.3205,-49.0525,-49.9951,PENDING_AG03,FALSE,NOT_FOR_ENFORCEMENT,-58.8630,1053.3931,-61.3156,-58.8630,-2.4526,-0.04731885,-0.04542610,-2.4526,-58.8630,-0.04542610,-2.4526,-2.4526,-2.4526,-2.4526,-2.4526,-58.8630,-0.04542610,-12.2631,-11.3205,-49.0525,-49.9951,-0.03785508,-0.0385825,-0.00189275,3.3483,2.8427,-0.1588,-6.1316,-0.3297,129.5796,38.6000,3.4495,3.3480,0.9789,2.1559,3.7651,7.5301,7.6431,18.5548,1.6566,0.0,3.545135,8.606416,1.553069,30,91,27,2,0.00266206,-0.04731885,1.00000000,0E-8,0.000000,0.846803,0.000000,-1.05011432,2026-03-25,2026-07-14,10,186,83,112,0.089286,1.030299,1.030218,0.008874,,,,,,,,GLOBAL_BASELINE_NO_ENTITY_RANKING,,,NOT_APPLICABLE_GLOBAL_BASELINE,HF9g-P5,,,,X 全窗基线 · 不参与实体赏罚,3929999,393,A168_HF9F_20260827_0900,2026-08-27 09:00:00
2026-03-26,140450063,2088,0,11.2951807229,0E-10,0E-10,,1,1,0.50665070000000000,0.506650700000,,,,0E-17,NO_DECISIVE_ROUND,R03b_20260811_FULL_v1,L1_ELIGIBILITY,v2026-08-11,2026-03-21..2026-08-06,baccarat_bet02_101_all_pairs_incl_sentinel,round_win = game_pnl > 0 (decisive only),COMPATIBILITY_ONLY_NOT_PRODUCTION,1295.7961,1097.2845,-61.3156,387,386,0.04731885,-1.00000000,0.05011432,0.04731885,61.3156,1295.7961,OK,0.0000,-2.4526,4.0000,96.0000,AG03-UNRESOLVED,ALL5_LEVELS_bet23_to_bet27,-2.4526,-2.4526,-2.4526,-2.4526,-2.4526,4.000000,4.000000,4.000000,4.000000,4.000000,96.000000,96.000000,96.000000,96.000000,96.000000,5.0,-12.2631,-11.3205,-49.0525,-49.9951,PENDING_AG03,FALSE,NOT_FOR_ENFORCEMENT,-58.8630,1053.3931,-61.3156,-58.8630,-2.4526,-0.04731885,-0.04542610,-2.4526,-58.8630,-0.04542610,-2.4526,-2.4526,-2.4526,-2.4526,-2.4526,-58.8630,-0.04542610,-12.2631,-11.3205,-49.0525,-49.9951,-0.03785508,-0.0385825,-0.00189275,3.3483,2.8427,-0.1588,-6.1316,-0.3297,129.5796,38.6000,3.4495,3.3480,0.9789,2.1559,3.7651,7.5301,7.6431,18.5548,1.6566,0.0,3.545135,8.606416,1.553069,30,91,27,2,0.00266206,-0.04731885,1.00000000,0E-8,0.000000,0.846803,0.000000,-1.05011432,2026-03-25,2026-07-14,10,186,83,112,0.089286,1.030299,1.030218,0.008874,,,,,,,,GLOBAL_BASELINE_NO_ENTITY_RANKING,,,NOT_APPLICABLE_GLOBAL_BASELINE,HF9g-P5,,,,X 全窗基线 · 不参与实体赏罚,3930000,393,A168_HF9F_20260827_0900,2026-08-27 09:00:00
